Sample,Gene,Entrez,Category,Details
X-1004,A2LD1,87769.0,Amp5,5.74
X-1004,ABCA4,24.0,MutNovel,"K1831N,0.550"
X-1004,ABCC13,150000.0,Amp8,8
X-1004,ABHD13,84945.0,Amp5,6.06
X-1004,ABTB1,80325.0,Amp5,6.82
X-1004,ABTB2,25841.0,Amp8,14.12
X-1004,ACBD7,414149.0,Amp5,5.24
X-1004,ACTR6,64431.0,Amp5,5.82
X-1004,ADAM17,6868.0,MutNovel,"P799T,1.000"
X-1004,ADAM3A,1587.0,Del0.8,0.35
X-1004,ADAM5P,255926.0,Del0.8,0.66
X-1004,ADAM6,8755.0,Amp5,5.86
X-1004,ADAMTS1,9510.0,Amp5,6.02
X-1004,ADAMTS5,11096.0,Amp5,6.02
X-1004,ADARB2,105.0,Amp5,5.06
X-1004,ADARB2-AS1,642394.0,Amp5,5.06
X-1004,ADCK1,57143.0,MutNovel,"D52G,1.000"
X-1004,ADNP,23394.0,MutNovel,"R784T,0.223"
X-1004,ADPRHL1,113622.0,Amp5,5.86
X-1004,ADSS,159.0,Amp5,5.28
X-1004,AHCTF1,25909.0,Amp5,5.17
X-1004,AK1,203.0,MutNovel,"K27N,0.430"
X-1004,AKR1C1,1645.0,Amp5,5.39
X-1004,AKR1C2,1646.0,Amp5,5.39
X-1004,AKR1C3,8644.0,Amp5,5.39
X-1004,AKR1C4,1109.0,Amp5,5.39
X-1004,AKR1CL1,340811.0,Amp5,5.39
X-1004,AKR1E2,83592.0,Amp5,5.39
X-1004,AKT3,10000.0,Amp5,5.28
X-1004,ALG10,84920.0,Amp5,5.62
X-1004,ALG10B,144245.0,Amp5,7.06
X-1004,AMELY,266.0,Del0.8,0.25
X-1004,AMOTL2,51421.0,MutNovel,"A578P,0.625"
X-1004,AMY1A,276.0,Amp5,6.19
X-1004,ANKRD10,55608.0,Amp5,5.86
X-1004,ANKRD20A11P,391267.0,Amp8,8
X-1004,ANKRD30BP2,149992.0,Amp5,5.17
X-1004,ANKRD36,375248.0,MutNovel,"T998S,0.278"
X-1004,ANKRD62,,MutNovel,"N547T,1.000"
X-1004,ANKS1B,56899.0,Amp5,5.39
X-1004,ANO4,121601.0,Amp5,5.82
X-1004,ANXA7,310.0,MutNovel,"I283V,0.565"
X-1004,APIP,51074.0,Amp8,14.12
X-1004,APLF,200558.0,MutNovel,"I237V,0.556"
X-1004,APOOL,139322.0,Del0.8,0.76
X-1004,APP,351.0,Amp5,5.82
X-1004,ARHGEF7,8874.0,Amp5,5.86
X-1004,ARHGEF9,23229.0,Amp5,5.43
X-1004,ARMC2,84071.0,MutNovel,"E283G,1.000"
X-1004,ARNTL2,56938.0,Amp5,5.62
X-1004,ASB12,142689.0,Amp5,5.43
X-1004,ASCL1,429.0,Amp5,6.59
X-1004,ASTN1,460.0,MutNovel,"S1091C,0.443"
X-1004,ASUN,55726.0,Amp5,5.62
X-1004,ATP11A,23250.0,Amp5,5.86
X-1004,ATP4B,496.0,Amp5,5.86
X-1004,ATP5J,522.0,Amp5,5.82
X-1004,ATRX,546.0,MutNovel,"P711A,1.000"
X-1004,ATXN7L3B,552889.0,Amp5,7.57
X-1004,AVIL,10677.0,MutNovel,"A455T,1.000"
X-1004,AVPR1A,552.0,Amp5,6.5
X-1004,BACH1,571.0,Amp5,5.74
X-1004,BAG6,7917.0,MutNovel,"L733I,0.547"
X-1004,BBS10,79738.0,Amp5,7.57
X-1004,BCAT1,586.0,Amp5,5.62
X-1004,BCORP1,286554.0,Del0.8,0.25
X-1004,BEND7,222389.0,Amp5,5.24
X-1004,BEST3,144453.0,Amp5,6.87
X-1004,BHLHE41,79365.0,Amp5,5.62
X-1004,BIRC6,57448.0,MutNovel,"A1405V,0.688"
X-1004,BIVM,54841.0,Amp5,5.74
X-1004,BIVM-ERCC5,100533467.0,Amp5,5.74
X-1004,BPY2B,442867.0,Del0.8,0.25
X-1004,BPY2B,442867.0,Del0.8,0.25
X-1004,BTG3,10950.0,Amp8,8
X-1004,C10orf108,414235.0,Amp5,5.06
X-1004,C10orf111,221060.0,Amp5,5.24
X-1004,C10orf47,254427.0,Amp5,5.24
X-1004,C11orf48,79081.0,MutNovel,"F166L,0.556"
X-1004,C11orf74,119710.0,Amp8,16.8
X-1004,C12orf42,374470.0,Amp5,6.59
X-1004,C12orf56,115749.0,Amp5,6.5
X-1004,C12orf61,283416.0,Amp5,6.5
X-1004,C12orf66,144577.0,Amp5,6.5
X-1004,C12orf70,341346.0,Amp5,5.62
X-1004,C12orf71,728858.0,Amp5,5.62
X-1004,C12orf77,196415.0,Amp5,5.62
X-1004,C13orf35,400165.0,Amp5,5.86
X-1004,C16orf79,283870.0,MutNovel,"I82M,1.000"
X-1004,C1orf100,200159.0,Amp5,5.28
X-1004,C1orf101,257044.0,Amp5,5.28
X-1004,C1orf150,148823.0,Amp5,5.17
X-1004,C1orf182,128229.0,MutNovel,"A80T,1.000"
X-1004,C1orf229,388759.0,Amp5,5.17
X-1004,C21orf15,54094.0,Amp8,8
X-1004,C21orf37,100505929.0,Amp8,8
X-1004,C21orf7,56911.0,Amp5,5.74
X-1004,C21orf91,54149.0,Amp8,8
X-1004,C21orf91-OT1,246312.0,Amp8,8
X-1004,CALML5,51806.0,Amp5,5.39
X-1004,CAMK1D,57118.0,Amp5,5.24
X-1004,CAND1,55832.0,Amp5,6.87
X-1004,CAPRIN1,4076.0,Amp5,5.39
X-1004,CAPRIN2,65981.0,Amp5,5.98
X-1004,CAPS2,84698.0,Amp5,7.57
X-1004,CARKD,55739.0,Amp5,5.86
X-1004,CARM1,10498.0,MutNovel,"K81N,0.280"
X-1004,CARS2,79587.0,Amp5,5.86
X-1004,CASC1,55259.0,Amp5,5.62
X-1004,CAT,847.0,Amp8,14.12
X-1004,CBWD1,55871.0,MutNovel,"N363I,0.893"
X-1004,CCDC168,643677.0,Amp5,5.74
X-1004,CCDC3,83643.0,Amp5,5.24
X-1004,CCDC50,152137.0,Amp5,5.78
X-1004,CCDC53,51019.0,Amp5,6.59
X-1004,CCDC66,285331.0,MutNovel,"R538P,1.000"
X-1004,CCDC88A,55704.0,MutNovel,"E217A,0.263"
X-1004,CCDC91,55297.0,Amp5,5.98
X-1004,CCT2,10576.0,Amp5,6.87
X-1004,CCT7,10574.0,MutNovel,"A162T,0.384"
X-1004,CCT8,10694.0,Amp5,5.74
X-1004,CD44,960.0,Amp8,14.12
X-1004,CDC123,8872.0,Amp5,5.24
X-1004,CDC16,8881.0,Amp5,5.86
X-1004,CDC42EP1,11135.0,MutNovel,"PAPAANPS253P,0.833"
X-1004,CDNF,441549.0,Amp5,5.24
X-1004,CDON,50937.0,MutNovel,"S483R,1.000"
X-1004,CDY1B,253175.0,Del0.8,0.25
X-1004,CDY1B,253175.0,Del0.8,0.25
X-1004,CDY2A,9426.0,Del0.8,0.25
X-1004,CDY2A,9426.0,Del0.8,0.25
X-1004,CDY2B,203611.0,Del0.8,0.25
X-1004,CDY2B,203611.0,Del0.8,0.25
X-1004,CENPV,201161.0,MutNovel,"P24S,0.700"
X-1004,CEP170,9859.0,Amp5,5.28
X-1004,CEP350,9857.0,MutNovel,"R214M,0.286"
X-1004,CES1P1,51716.0,Del0.8,0.72
X-1004,CFHR1,3078.0,Amp5,5.78
X-1004,CFHR3,10878.0,Amp5,5.78
X-1004,CHAMP1,283489.0,Amp5,5.86
X-1004,CHML,1122.0,Amp5,5.31
X-1004,CHODL,140578.0,Amp8,8
X-1004,CHODL-AS1,54075.0,Amp8,8
X-1004,CHORDC1,26973.0,MutNovel,"P31L,0.672"
X-1004,CHPT1,56994.0,Amp5,5.66
X-1004,CHRNB4,1143.0,MutNovel,"G226D,1.000"
X-1004,CLDN1,9076.0,Amp5,5.78
X-1004,CLDN16,10686.0,Amp5,5.78
X-1004,CLDN17,26285.0,Amp5,5.74
X-1004,CLDN8,9073.0,Amp5,5.74
X-1004,CLUAP1,23059.0,MutNovel,"P348S,1.000"
X-1004,CLYBL,171425.0,Amp5,5.74
X-1004,CNOT2,4848.0,Amp5,6.87
X-1004,CNST,163882.0,Amp5,5.1
X-1004,COCH,1690.0,MutNovel,"S514F,0.267"
X-1004,COL4A1,1282.0,Amp5,5.86
X-1004,COL4A2,1284.0,Amp5,5.86
X-1004,COMMD9,29099.0,Amp8,14.12
X-1004,CPM,1368.0,Amp5,6.87
X-1004,CPSF6,11052.0,Amp5,6.87
X-1004,CRYBG3,,MutNovel,"L2970S,0.568"
X-1004,CS,1431.0,MutNovel,"R92L,1.000"
X-1004,CSPG4P1Y,114758.0,Del0.8,0.25
X-1004,CSPG4P1Y,114758.0,Del0.8,0.25
X-1004,CSRP2,1466.0,Amp5,7.57
X-1004,CTSA,5476.0,MutNovel,"L29-,0.343"
X-1004,CUL4A,8451.0,Amp5,5.86
X-1004,CUL9,23113.0,MutNovel,"R1833W,0.611"
X-1004,CXADR,1525.0,Amp8,8
X-1004,CYYR1,116159.0,Amp5,5.82
X-1004,D21S2088E,266917.0,Amp5,5.82
X-1004,DAOA,267012.0,Amp5,5.74
X-1004,DAOA-AS1,282706.0,Amp5,5.74
X-1004,DAZ1,1617.0,Del0.8,0.25
X-1004,DAZ2,57055.0,Del0.8,0.25
X-1004,DAZ3,57054.0,Del0.8,0.25
X-1004,DAZ3,57054.0,Del0.8,0.25
X-1004,DAZ4,57135.0,Del0.8,0.25
X-1004,DAZ4,57135.0,Del0.8,0.25
X-1004,DCLRE1C,64421.0,Amp5,5.24
X-1004,DCT,1638.0,Amp5,5.7
X-1004,DCTN1,1639.0,MutNovel,"S595N,0.661"
X-1004,DCUN1D2,55208.0,Amp5,5.86
X-1004,DDX11,1663.0,Amp5,5.98
X-1004,DDX3Y,8653.0,Del0.8,0.25
X-1004,DEPDC1,55635.0,MutNovel,"E785V,0.477"
X-1004,DEPDC4,120863.0,Amp5,5.82
X-1004,DHTKD1,55526.0,Amp5,5.24
X-1004,DIP2C,22982.0,Amp5,5.06
X-1004,DNAJC3,5611.0,Amp5,5.74
X-1004,DOCK9,23348.0,Amp5,5.74
X-1004,DPY19L2,283417.0,Amp5,6.5
X-1004,DRAM1,55332.0,Amp5,5.1
X-1004,DYRK2,8445.0,Amp5,6.87
X-1004,DZIP1,22873.0,Amp5,5.74
X-1004,E2F7,144455.0,Amp5,7.57
X-1004,ECHDC3,79746.0,Amp5,5.24
X-1004,EFCAB2,84288.0,Amp5,5.1
X-1004,EFNB2,1948.0,Amp5,5.74
X-1004,EHF,26298.0,Amp8,14.12
X-1004,EIF1AY,9086.0,Del0.8,0.25
X-1004,ELF5,2001.0,Amp8,14.12
X-1004,ERCC5,2073.0,Amp5,5.74
X-1004,ERGIC2,51290.0,Amp5,5.98
X-1004,EXO1,9156.0,Amp5,5.31
X-1004,F10,2159.0,Amp5,5.86
X-1004,F7,2155.0,Amp5,5.86
X-1004,FAM106A,80039.0,Del0.8,0.7
X-1004,FAM107B,83641.0,Amp5,5.24
X-1004,FAM123B,139285.0,Amp5,5.43
X-1004,FAM129B,64855.0,MutNovel,"A396V,1.000"
X-1004,FAM155A,728215.0,Amp5,6.06
X-1004,FAM197Y2P,252946.0,Del0.8,0.25
X-1004,FAM19A2,338811.0,Amp5,6.5
X-1004,FAM41AY1,340618.0,Del0.8,0.25
X-1004,FAM41AY1,340618.0,Del0.8,0.25
X-1004,FAM70B,348013.0,Amp5,5.86
X-1004,FAM71C,196472.0,Amp5,5.82
X-1004,FAM86B1,85002.0,MutNovel,"P155S,0.667"
X-1004,FAR2,55711.0,Amp5,5.98
X-1004,FARP1,10160.0,Amp5,5.74
X-1004,FBXO21,23014.0,Amp5,6.02
X-1004,FGF14,2259.0,Amp5,5.74
X-1004,FGF14-IT1,283480.0,Amp5,5.74
X-1004,FGFR1OP2,26127.0,Amp5,5.62
X-1004,FH,2271.0,Amp5,5.31
X-1004,FJX1,24147.0,Amp8,14.12
X-1004,FKSG29,100131561.0,Amp5,5.74
X-1004,FLJ41278,400046.0,Amp5,6.87
X-1004,FLJ42393,401105.0,Amp5,5.78
X-1004,FOCAD,,MutNovel,"A1607S,1.000"
X-1004,FRG1B,284802.0,Amp5,5.24
X-1004,FRMD4A,55691.0,Amp5,5.24
X-1004,FRS2,10818.0,Amp5,6.87
X-1004,FTSJ3,117246.0,MutNovel,"Q565K,1.000"
X-1004,FUT4,2526.0,MutNovel,"A310T,0.722"
X-1004,GABPA,2551.0,Amp5,5.82
X-1004,GAS2L3,283431.0,Amp5,5.82
X-1004,GAS6,2621.0,Amp5,5.86
X-1004,GGT2,,MutNovel,"L460P,0.625"
X-1004,GLIPR1,11010.0,Amp5,7.57
X-1004,GLIPR1L1,256710.0,Amp5,7.57
X-1004,GLIPR1L2,144321.0,Amp5,7.57
X-1004,GMNC,647309.0,Amp5,5.78
X-1004,GNS,2799.0,Amp5,5.24
X-1004,GOLGA2P2Y,84559.0,Del0.8,0.25
X-1004,GOLGA2P2Y,84559.0,Del0.8,0.25
X-1004,GOLGA2P5,55592.0,Amp5,5.82
X-1004,GOLGA6L6,727832.0,Amp5,5.86
X-1004,GOLGA8C,729786.0,Amp5,5.86
X-1004,GPC6,10082.0,Amp5,5.7
X-1004,GPR18,2841.0,Amp5,5.74
X-1004,GPR180,160897.0,Amp5,5.7
X-1004,GPR183,1880.0,Amp5,5.74
X-1004,GREM2,64388.0,Amp5,5.31
X-1004,GRIK1,2897.0,Amp5,5.74
X-1004,GRIK1-AS1,642976.0,Amp5,5.74
X-1004,GRIK1-AS2,100379661.0,Amp5,5.74
X-1004,GRIP1,23426.0,Amp5,6.87
X-1004,GRK1,6011.0,Amp5,5.86
X-1004,GRTP1,79774.0,Amp5,5.86
X-1004,GSR,2936.0,MutNovel,"S343G,0.996"
X-1004,GSTT1,2952.0,Amp5,7.11
X-1004,GTF3C5,9328.0,MutNovel,"L395M,1.000"
X-1004,GTPBP4,23560.0,Amp5,5.06
X-1004,GYG2P1,352887.0,Del0.8,0.25
X-1004,HELB,92797.0,Amp5,6.87
X-1004,HERC2P3,283755.0,Amp5,5.86
X-1004,HLA-B,3106.0,MutNovel,"A235T,0.496"
X-1004,HLA-F,3134.0,MutNovel,"N91S,0.667"
X-1004,HMGA2,8091.0,Amp5,6.87
X-1004,HNRNPU,3192.0,Amp5,5.1
X-1004,HNRNPU-AS1,284702.0,Amp5,5.1
X-1004,HS6ST3,266722.0,Amp5,5.74
X-1004,HSFY2,159119.0,Del0.8,0.25
X-1004,HSFY2,159119.0,Del0.8,0.25
X-1004,HSPA13,6782.0,Amp8,8
X-1004,HSPA14,51182.0,Amp5,5.24
X-1004,HSPG2,3339.0,MutNovel,"C1277G,0.444"
X-1004,IDI1,3422.0,Amp5,5.06
X-1004,IDI2,91734.0,Amp5,5.06
X-1004,IDI2-AS1,55853.0,Amp5,5.06
X-1004,IFLTD1,160492.0,Amp5,5.62
X-1004,IFNG,3458.0,Amp5,6.87
X-1004,IGF1,3479.0,Amp5,6.59
X-1004,IL1RAP,3556.0,Amp5,5.78
X-1004,IL22,50616.0,Amp5,6.87
X-1004,IL26,55801.0,Amp5,6.87
X-1004,ING1,3621.0,Amp5,5.86
X-1004,IPO5,3843.0,Amp5,5.74
X-1004,IPO8,10526.0,Amp5,5.98
X-1004,IRAK3,11213.0,Amp5,6.87
X-1004,IRS2,8660.0,Amp5,5.86
X-1004,IRX5,10265.0,MutNovel,"G479A,0.472"
X-1004,ITCH,83737.0,MutNovel,"R748G,0.403"
X-1004,ITGBL1,9358.0,Amp5,5.74
X-1004,ITPR2,3709.0,MutNovel,"L46V,0.312"
X-1004,ITPR2,3709.0,Amp5,5.62
X-1004,JAM2,58494.0,Amp5,5.82
X-1004,KANK1,23189.0,MutNovel,"R138Q,1.000"
X-1004,KBTBD12,166348.0,Amp5,6.82
X-1004,KCNC2,3747.0,Amp5,7.57
X-1004,KCNMB4,27345.0,Amp5,6.87
X-1004,KDELC1,79070.0,Amp5,5.74
X-1004,KDM5D,8284.0,Del0.8,0.25
X-1004,KIAA0125,9834.0,Amp5,5.86
X-1004,KIF20B,9585.0,MutNovel,"L1062LKV,0.453"
X-1004,KIF26B,55083.0,Amp5,5.1
X-1004,KIFC2,90990.0,MutNovel,"R732C,0.714"
X-1004,KLF6,1316.0,Amp5,5.06
X-1004,KLHDC5,57542.0,Amp5,5.98
X-1004,KMO,8564.0,Amp5,5.31
X-1004,KRAS,3845.0,Amp5,5.62
X-1004,KRR1,11103.0,Amp5,7.57
X-1004,KRTAP13-1,140258.0,Amp5,5.74
X-1004,KRTAP13-2,337959.0,Amp5,5.74
X-1004,KRTAP13-3,337960.0,Amp5,5.74
X-1004,KRTAP13-4,284827.0,Amp5,5.74
X-1004,KRTAP15-1,254950.0,Amp5,5.74
X-1004,KRTAP19-1,337882.0,Amp5,5.74
X-1004,KRTAP19-2,337969.0,Amp5,5.74
X-1004,KRTAP19-3,337970.0,Amp5,5.74
X-1004,KRTAP19-4,337971.0,Amp5,5.74
X-1004,KRTAP19-5,337972.0,Amp5,5.74
X-1004,KRTAP19-6,337973.0,Amp5,5.74
X-1004,KRTAP19-7,337974.0,Amp5,5.74
X-1004,KRTAP20-1,337975.0,Amp5,5.74
X-1004,KRTAP20-2,337976.0,Amp5,5.74
X-1004,KRTAP20-3,337985.0,Amp5,5.74
X-1004,KRTAP20-4,100151643.0,Amp5,5.74
X-1004,KRTAP21-1,337977.0,Amp5,5.74
X-1004,KRTAP21-2,337978.0,Amp5,5.74
X-1004,KRTAP21-3,100288323.0,Amp5,5.74
X-1004,KRTAP22-1,337979.0,Amp5,5.74
X-1004,KRTAP22-2,100288287.0,Amp5,5.74
X-1004,KRTAP23-1,337963.0,Amp5,5.74
X-1004,KRTAP24-1,643803.0,Amp5,5.74
X-1004,KRTAP25-1,100131902.0,Amp5,5.74
X-1004,KRTAP26-1,388818.0,Amp5,5.74
X-1004,KRTAP27-1,643812.0,Amp5,5.74
X-1004,KRTAP6-1,337966.0,Amp5,5.74
X-1004,KRTAP6-2,337967.0,Amp5,5.74
X-1004,KRTAP6-3,337968.0,Amp5,5.74
X-1004,KRTAP7-1,337878.0,Amp5,5.74
X-1004,KRTAP8-1,337879.0,Amp5,5.74
X-1004,KSR2,283455.0,Amp5,6.02
X-1004,KYNU,8942.0,MutNovel,"D459E,0.878"
X-1004,LAMP1,3916.0,Amp5,5.86
X-1004,LARP4B,23185.0,Amp5,5.06
X-1004,LCE3B,353143.0,Del0.8,0.42
X-1004,LCE3C,353144.0,Del0.8,0.42
X-1004,LDLRAD3,143458.0,Amp8,14.12
X-1004,LEMD3,23592.0,Amp5,6.87
X-1004,LEPREL1,55214.0,Amp5,5.78
X-1004,LGALS9C,654346.0,Del0.8,0.42
X-1004,LGR5,8549.0,Amp5,6.87
X-1004,LIG4,3981.0,Amp5,6.06
X-1004,LINC00113,54088.0,Amp5,5.74
X-1004,LINC00158,54072.0,Amp5,5.82
X-1004,LINC00161,118421.0,Amp5,5.74
X-1004,LINC00189,193629.0,Amp5,5.74
X-1004,LINC00200,399706.0,Amp5,5.06
X-1004,LINC00307,266919.0,Amp5,5.74
X-1004,LINC00308,54143.0,Amp5,5.82
X-1004,LINC00314,246705.0,Amp5,5.74
X-1004,LINC00317,378828.0,Amp5,5.82
X-1004,LINC00320,387486.0,Amp5,5.82
X-1004,LINC00346,283487.0,Amp5,5.86
X-1004,LINC00460,728192.0,Amp5,5.74
X-1004,LINC00477,144360.0,Amp5,5.62
X-1004,LINC00478,388815.0,Amp8,8
X-1004,LINC00485,283432.0,Amp5,6.59
X-1004,LINC00515,282566.0,Amp5,5.82
X-1004,LIPI,149998.0,Amp8,8
X-1004,LLPH,84298.0,Amp5,6.87
X-1004,LOC100190986,100190986.0,Del0.8,0.73
X-1004,LOC100216001,100216001.0,Amp5,5.39
X-1004,LOC100271836,100271836.0,Del0.8,0.73
X-1004,LOC100287314,100287314.0,Amp5,5.98
X-1004,LOC100506394,100506394.0,Amp5,5.86
X-1004,LOC100506451,100506451.0,Amp5,5.62
X-1004,LOC100507034,100507034.0,Amp5,5.06
X-1004,LOC100507250,100507250.0,Amp5,6.87
X-1004,LOC100507377,100507377.0,Amp5,7.57
X-1004,LOC100509263,,MutNovel,"L223S,1.000"
X-1004,LOC100996610,,MutNovel,"F89L,0.667"
X-1004,LOC148824,148824.0,Amp5,5.17
X-1004,LOC149134,149134.0,Amp5,5.17
X-1004,LOC219731,219731.0,Amp5,5.24
X-1004,LOC255654,255654.0,Amp5,5.1
X-1004,LOC282980,282980.0,Amp5,5.06
X-1004,LOC283070,283070.0,Amp5,5.24
X-1004,LOC283481,283481.0,Amp5,5.74
X-1004,LOC338588,338588.0,Amp5,5.39
X-1004,LOC339529,339529.0,Amp5,5.28
X-1004,LOC348120,348120.0,Amp5,5.86
X-1004,LOC391322,391322.0,Amp5,7.11
X-1004,LOC399708,399708.0,Amp5,5.06
X-1004,LOC646627,646627.0,Amp5,5.66
X-1004,LOC647946,647946.0,Del0.8,0.54
X-1004,LOC728888,,MutNovel,"V1066M,0.600"
X-1004,LOC731275,731275.0,Amp5,5.28
X-1004,LOC92249,92249.0,Amp5,5.43
X-1004,LPP,4026.0,Amp5,5.78
X-1004,LPP-AS2,339929.0,Amp5,5.78
X-1004,LRMP,4033.0,Amp5,5.62
X-1004,LRRC10,376132.0,Amp5,6.87
X-1004,LRRC4C,57689.0,Amp5,7.21
X-1004,LSR,51599.0,MutNovel,"G518GR,0.736"
X-1004,LTN1,26046.0,Amp5,5.74
X-1004,LYRM5,144363.0,Amp5,5.62
X-1004,LYZ,4069.0,Amp5,6.87
X-1004,MAGI3,260425.0,MutNovel,"R768H,0.458"
X-1004,MANSC4,100287284.0,Amp5,5.98
X-1004,MAPK8,5599.0,MutNovel,"L123V,0.210"
X-1004,MBNL2,10150.0,Amp5,5.74
X-1004,MCF2L,23263.0,Amp5,5.86
X-1004,MCF2L-AS1,100289410.0,Amp5,5.86
X-1004,MCIN,,MutNovel,"G274E,1.000"
X-1004,MCM10,55388.0,Amp5,5.24
X-1004,MCM2,4171.0,Amp5,6.82
X-1004,MCM3,4172.0,MutNovel,"S40G,0.800"
X-1004,MDM1,56890.0,Amp5,6.87
X-1004,MDM2,4193.0,Amp5,6.87
X-1004,MED13,9969.0,MutNovel,"T1977S,0.486"
X-1004,MED19,219541.0,MutNovel,"R183H,0.451"
X-1004,MED21,9412.0,Amp5,5.62
X-1004,MEIG1,644890.0,Amp5,5.24
X-1004,METTL21C,196541.0,Amp5,5.74
X-1004,MFHAS1,9258.0,MutNovel,"L160V,1.000"
X-1004,MGLL,11343.0,Amp5,6.82
X-1004,MIR125B2,406912.0,Amp8,8
X-1004,MIR1265,100302116.0,Amp5,5.24
X-1004,MIR1279,100302182.0,Amp5,6.87
X-1004,MIR1343,100616437.0,Amp8,14.12
X-1004,MIR1468,100302115.0,Amp5,5.43
X-1004,MIR155,406947.0,Amp5,5.82
X-1004,MIR155HG,114614.0,Amp5,5.82
X-1004,MIR1827,100302217.0,Amp5,5.82
X-1004,MIR2681,100616110.0,Amp5,5.74
X-1004,MIR3123,100422856.0,Amp5,5.31
X-1004,MIR3124,100422879.0,Amp5,5.66
X-1004,MIR3156-3,100423018.0,Amp5,7.06
X-1004,MIR3170,100422881.0,Amp5,5.74
X-1004,MIR3913-1,100500903.0,Amp5,6.87
X-1004,MIR3913-2,100500868.0,Amp5,6.87
X-1004,MIR3916,100500849.0,Amp5,5.17
X-1004,MIR3973,100616311.0,Amp8,14.12
X-1004,MIR4302,100422897.0,Amp5,5.62
X-1004,MIR4306,100422861.0,Amp5,5.74
X-1004,MIR4327,100422891.0,Amp5,5.74
X-1004,MIR4480,100616151.0,Amp5,5.24
X-1004,MIR4677,100616343.0,Amp5,5.28
X-1004,MIR4705,100616239.0,Amp5,5.74
X-1004,MIR4759,100616243.0,Amp5,6.02
X-1004,MIR548AN,100616144.0,Amp5,5.74
X-1004,MIR548C,693129.0,Amp5,5.24
X-1004,MIR548Z,100500856.0,Amp5,5.24
X-1004,MIR623,693208.0,Amp5,5.74
X-1004,MIR650,723778.0,Amp5,5.1
X-1004,MIR920,100126320.0,Amp5,5.62
X-1004,MIR944,100126340.0,Amp5,5.78
X-1004,MIR99A,407055.0,Amp8,8
X-1004,MIRLET7C,406885.0,Amp8,8
X-1004,MIRLET7I,406891.0,Amp5,6.5
X-1004,MLLT10P1,140678.0,Amp5,5.24
X-1004,MLLT4,4301.0,Del0.8,0.55
X-1004,MON2,23041.0,Amp5,6.5
X-1004,MPRIP,23164.0,MutNovel,"TS178T,0.203"
X-1004,MRGPRX1,259249.0,Amp5,5.86
X-1004,MRPL39,54148.0,Amp5,5.82
X-1004,MRPS35,60488.0,Amp5,5.98
X-1004,MRS2P2,729633.0,Amp5,6.87
X-1004,MSH2,4436.0,MutNovel,"Q413L,0.299"
X-1004,MSRB3,253827.0,Amp5,6.87
X-1004,MTMR11,10903.0,MutNovel,"R245W,0.375"
X-1004,MTMR8,55613.0,Amp5,5.43
X-1004,MYBPC1,4604.0,Amp5,5.66
X-1004,N6AMT1,29104.0,Amp5,5.74
X-1004,NALCN,259232.0,Amp5,5.74
X-1004,NAP1L1,4673.0,Amp5,7.57
X-1004,NAT10,55226.0,Amp8,14.12
X-1004,NAV3,89795.0,Amp5,5.5
X-1004,NBEAP1,606.0,Amp5,5.86
X-1004,NBPF11,200030.0,MutNovel,"R175H,0.300"
X-1004,NBPF9,400818.0,MutKnownFunctional,"R24*,0.667"
X-1004,NCAM2,4685.0,Amp5,5.82
X-1004,NCRNA00185,55410.0,Del0.8,0.25
X-1004,NET1,10276.0,Amp5,5.39
X-1004,NLGN4Y,22829.0,Del0.8,0.25
X-1004,NLRP3,114548.0,Amp5,5.17
X-1004,NOS1,4842.0,Amp5,6.02
X-1004,NOTCH3,4854.0,MutNovel,"G1487D,0.544"
X-1004,NPIPL3,23117.0,Del0.8,0.73
X-1004,NR1H4,9971.0,Amp5,5.82
X-1004,NRIP1,8204.0,Amp8,8
X-1004,NUDT5,11164.0,Amp5,5.24
X-1004,NUP107,57122.0,Amp5,6.87
X-1004,NUP37,79023.0,Amp5,6.59
X-1004,OLAH,55301.0,Amp5,5.24
X-1004,OPN3,23596.0,Amp5,5.31
X-1004,OPTN,10133.0,Amp5,5.24
X-1004,OR11L1,391189.0,Amp5,5.17
X-1004,OR13G1,441933.0,Amp5,5.17
X-1004,OR14A16,284532.0,Amp5,5.17
X-1004,OR14C36,127066.0,Amp5,5.17
X-1004,OR14I1,401994.0,Amp5,5.66
X-1004,OR1C1,26188.0,Amp5,5.17
X-1004,OR2AK2,391191.0,Amp5,5.17
X-1004,OR2B11,127623.0,Amp5,5.17
X-1004,OR2C3,81472.0,Amp5,5.17
X-1004,OR2G2,81470.0,Amp5,5.17
X-1004,OR2G3,81469.0,Amp5,5.17
X-1004,OR2G6,391211.0,Amp5,5.17
X-1004,OR2L13,284521.0,Amp5,5.17
X-1004,OR2L1P,26247.0,Amp5,5.17
X-1004,OR2L2,26246.0,Amp5,5.17
X-1004,OR2L3,391192.0,Amp5,5.17
X-1004,OR2L8,391190.0,Amp5,5.17
X-1004,OR2M1P,388762.0,Amp5,5.17
X-1004,OR2M2,391194.0,Amp5,5.17
X-1004,OR2M3,127062.0,Amp5,5.17
X-1004,OR2M4,26245.0,Amp5,5.17
X-1004,OR2M5,127059.0,Amp5,5.17
X-1004,OR2M7,391196.0,Amp5,5.17
X-1004,OR2T1,26696.0,Amp5,5.17
X-1004,OR2T10,127069.0,Amp8,10.63
X-1004,OR2T11,127077.0,Amp8,10.63
X-1004,OR2T12,127064.0,Amp5,5.17
X-1004,OR2T2,401992.0,Amp5,5.17
X-1004,OR2T27,403239.0,Amp5,5.66
X-1004,OR2T29,343563.0,Amp8,10.63
X-1004,OR2T3,343173.0,Amp5,5.17
X-1004,OR2T33,391195.0,Amp5,5.17
X-1004,OR2T34,127068.0,Amp8,10.63
X-1004,OR2T35,403244.0,Amp8,10.63
X-1004,OR2T4,127074.0,Amp5,5.17
X-1004,OR2T5,401993.0,Amp5,5.17
X-1004,OR2T6,254879.0,Amp5,5.17
X-1004,OR2T8,343172.0,Amp5,5.17
X-1004,OR2W3,343171.0,Amp5,5.17
X-1004,OR2W5,441932.0,Amp5,5.17
X-1004,OR4C6,219432.0,Del0.8,0.4
X-1004,OR4P4,81300.0,Del0.8,0.4
X-1004,OR4S2,219431.0,Del0.8,0.4
X-1004,OR52N5,390075.0,Del0.8,0.23
X-1004,OR6F1,343169.0,Amp5,5.17
X-1004,ORAI1,84876.0,MutNovel,"PP43-,1.000"
X-1004,OSBPL8,114882.0,Amp5,7.57
X-1004,OSTN,344901.0,Amp5,5.78
X-1004,OVCH1,341350.0,Amp5,5.98
X-1004,OXGR1,27199.0,Amp5,5.74
X-1004,P2RY8,286530.0,MutNovel,"A1506V,1.000"
X-1004,P2RY8,286530.0,MutNovel,"M992I,0.875"
X-1004,P2RY8,286530.0,MutNovel,"K925Q,1.000"
X-1004,P2RY8,286530.0,MutNovel,"G908E,1.000"
X-1004,P2RY8,286530.0,MutNovel,"Q810H,1.000"
X-1004,PAH,5053.0,Amp5,6.59
X-1004,PAMR1,25891.0,Amp8,14.12
X-1004,PCCA,5095.0,Amp5,5.74
X-1004,PCDH11Y,83259.0,Del0.8,0.25
X-1004,PCDH17,27253.0,Del0.8,0.65
X-1004,PCDHA9,9752.0,Del0.8,0.75
X-1004,PCID2,55795.0,Amp5,5.86
X-1004,PDHX,8050.0,Amp8,14.12
X-1004,PEBP1,5037.0,Amp5,6.02
X-1004,PFKP,5214.0,Amp5,5.06
X-1004,PGBD2,267002.0,Amp5,5.66
X-1004,PHLDA1,22822.0,MutNovel,"QQ194Q,0.278"
X-1004,PHLDA1,22822.0,Amp5,7.57
X-1004,PHYH,5264.0,Amp5,5.24
X-1004,PITRM1,10531.0,Amp5,5.06
X-1004,PKD1,5310.0,MutNovel,"M1092T,0.250"
X-1004,PLD5,200150.0,Amp5,5.28
X-1004,PMCH,5367.0,Amp5,6.59
X-1004,PML,5371.0,MutNovel,"A845V,1.000"
X-1004,PODXL2,50512.0,Amp5,6.82
X-1004,POTED,317754.0,Amp5,7.06
X-1004,PPAT,5471.0,MutNovel,"A118T,1.000"
X-1004,PPM1H,57460.0,Amp5,6.5
X-1004,PQLC3,130814.0,MutNovel,"V187I,1.000"
X-1004,PRKY,5616.0,Del0.8,0.25
X-1004,PROZ,8858.0,Amp5,5.86
X-1004,PRPF18,8559.0,Amp5,5.24
X-1004,PRR14L,253143.0,MutNovel,"I1406V,0.500"
X-1004,PRR20B,729233.0,Del0.8,0.34
X-1004,PRR5L,79899.0,Amp8,15.45
X-1004,PRY,9081.0,Del0.8,0.25
X-1004,PRY,9081.0,Del0.8,0.25
X-1004,PRY2,442862.0,Del0.8,0.25
X-1004,PRY2,442862.0,Del0.8,0.25
X-1004,PTCD3,55037.0,MutNovel,"Y198C,0.620"
X-1004,PTHLH,5744.0,Amp5,5.98
X-1004,PTPRB,5787.0,Amp5,6.87
X-1004,PTPRR,5801.0,Amp5,6.87
X-1004,PYDC2,152138.0,Amp5,5.78
X-1004,QKI,9444.0,Del0.8,0.7
X-1004,RAB20,55647.0,Amp5,5.86
X-1004,RAB21,23011.0,Amp5,6.87
X-1004,RAB3IP,117177.0,Amp5,6.87
X-1004,RAD50,10111.0,MutNovel,"Q537H,0.536"
X-1004,RAG1,5896.0,Amp8,16.8
X-1004,RAG2,5897.0,Amp8,16.8
X-1004,RAP1B,5908.0,Amp5,6.87
X-1004,RAP2A,5911.0,Amp5,5.74
X-1004,RASA3,22821.0,Amp5,5.86
X-1004,RASSF3,283349.0,Amp5,5.24
X-1004,RASSF8,11228.0,Amp5,5.62
X-1004,RBM11,54033.0,Amp8,8
X-1004,RBM23,55147.0,MutNovel,"A390VP,0.278"
X-1004,RBMX2,51634.0,MutNovel,"E196G,1.000"
X-1004,RBMY1A3P,286557.0,Del0.8,0.25
X-1004,RBMY1B,378948.0,Del0.8,0.25
X-1004,RBMY1B,378948.0,Del0.8,0.25
X-1004,RBMY1E,378950.0,Del0.8,0.25
X-1004,RBMY1E,378950.0,Del0.8,0.25
X-1004,RBMY1F,159163.0,Del0.8,0.25
X-1004,RBMY1F,159163.0,Del0.8,0.25
X-1004,RBMY1J,378951.0,Del0.8,0.25
X-1004,RBMY1J,378951.0,Del0.8,0.25
X-1004,RBMY2EP,159125.0,Del0.8,0.25
X-1004,RBMY2FP,159162.0,Del0.8,0.25
X-1004,RBMY3AP,64593.0,Del0.8,0.25
X-1004,REP15,387849.0,Amp5,5.98
X-1004,RFC5,5985.0,Amp5,6.02
X-1004,RGNEF,64283.0,MutNovel,"S590L,1.000"
X-1004,RGS7,6000.0,Amp5,5.31
X-1004,RIC8B,55188.0,MutNovel,"T270I,0.400"
X-1004,RNF113B,140432.0,Amp5,5.74
X-1004,RPP38,10557.0,Amp5,5.24
X-1004,RPS4Y1,6192.0,Del0.8,0.25
X-1004,RPS4Y2,140032.0,Del0.8,0.25
X-1004,RPS6KA2,6196.0,Del0.8,0.62
X-1004,RPSAP52,204010.0,Amp5,6.87
X-1004,RWDD2B,10069.0,Amp5,5.74
X-1004,SAE1,10055.0,MutNovel,"G250R,0.327"
X-1004,SAMSN1,64092.0,Amp8,8
X-1004,SCCPDH,51097.0,Amp5,5.17
X-1004,SCYL2,55681.0,Amp5,5.82
X-1004,SDCCAG8,10806.0,Amp5,5.28
X-1004,SEC61A2,55176.0,Amp5,5.24
X-1004,SEPHS1,22929.0,Amp5,5.24
X-1004,SETDB1,9869.0,MutNovel,"R590T,0.621"
X-1004,SGCD,6444.0,Del0.8,0.65
X-1004,SH3BP5L,80851.0,Amp5,5.66
X-1004,SIPA1L2,57568.0,MutNovel,"A1703G,0.221"
X-1004,SLC10A2,6555.0,Amp5,5.74
X-1004,SLC15A1,6564.0,Amp5,5.74
X-1004,SLC17A8,246213.0,Amp5,5.82
X-1004,SLC1A2,6506.0,Amp8,14.12
X-1004,SLC25A37,51312.0,MutNovel,"R287Q,1.000"
X-1004,SLC35E3,55508.0,Amp5,6.87
X-1004,SLC45A3,85414.0,MutKnownFunctional,"-549,0.414"
X-1004,SLC5A8,160728.0,Amp5,5.82
X-1004,SLC7A5P2,387254.0,Del0.8,0.73
X-1004,SMYD3,64754.0,Amp5,5.1
X-1004,SNAPIN,23557.0,MutNovel,"G21D,0.676"
X-1004,SNAR-I,100170222.0,Amp5,5.78
X-1004,SNORA70G,100379132.0,Amp5,6.87
X-1004,SOX1,6656.0,Amp5,5.86
X-1004,SOX21,11166.0,Amp5,5.7
X-1004,SPACA7,122258.0,Amp5,5.86
X-1004,SPICE1,152185.0,MutNovel,"K96N,0.543"
X-1004,SRGAP1,57522.0,Amp5,6.5
X-1004,SRP72,6731.0,MutNovel,"S503G,1.000"
X-1004,SRY,6736.0,Del0.8,0.25
X-1004,SSPN,8082.0,Amp5,5.62
X-1004,ST3GAL6,10402.0,MutNovel,"V120L,0.289"
X-1004,STK24,8428.0,Amp5,5.74
X-1004,STK38L,23012.0,Amp5,5.62
X-1004,STX17,55014.0,MutNovel,"A169V,1.000"
X-1004,SUDS3,64426.0,Amp5,6.02
X-1004,SUV39H2,79723.0,Amp5,5.24
X-1004,SYCP3,50511.0,Amp5,5.66
X-1004,SYT10,341359.0,Amp5,5.62
X-1004,TAOK3,51347.0,Amp5,6.02
X-1004,TBC1D15,64786.0,Amp5,6.87
X-1004,TBC1D30,23329.0,Amp5,6.87
X-1004,TBK1,29110.0,Amp5,6.5
X-1004,TBL1Y,90665.0,Del0.8,0.25
X-1004,TFB2M,64216.0,Amp5,5.1
X-1004,TFDP1,7027.0,Amp5,5.86
X-1004,TGDS,23483.0,Amp5,5.7
X-1004,TGIF2LY,90655.0,Del0.8,0.25
X-1004,THAP2,83591.0,Amp5,6.87
X-1004,TICAM1,148022.0,MutNovel,"G16D,1.000"
X-1004,TICRR,,MutNovel,"Q704P,0.500"
X-1004,TM7SF3,51768.0,Amp5,5.62
X-1004,TM9SF2,9375.0,Amp5,5.74
X-1004,TMBIM4,51643.0,Amp5,6.87
X-1004,TMCO3,55002.0,Amp5,5.86
X-1004,TMEM19,55266.0,Amp5,6.87
X-1004,TMEM207,131920.0,Amp5,5.78
X-1004,TMEM238,388564.0,MutNovel,"G30V,0.857"
X-1004,TMEM5,10329.0,Amp5,6.5
X-1004,TMPRSS15,5651.0,Amp8,8
X-1004,TMPRSS2,7113.0,MutNovel,"V173L,0.271"
X-1004,TMSB4Y,9087.0,Del0.8,0.25
X-1004,TMTC1,83857.0,Amp5,5.98
X-1004,TMTC4,84899.0,Amp5,5.74
X-1004,TNFSF13B,10673.0,Amp5,6.06
X-1004,TOR2A,27433.0,MutNovel,"A216P,0.977"
X-1004,TP53,7157.0,MutKnownFunctional,"-342,0.972"
X-1004,TP63,8626.0,Amp5,5.78
X-1004,TPCN1,53373.0,MutNovel,"T351A,0.375"
X-1004,TPH2,121278.0,Amp5,6.87
X-1004,TPP2,7174.0,Amp5,5.74
X-1004,TPRA1,131601.0,Amp5,6.82
X-1004,TPRG1,285386.0,Amp5,5.78
X-1004,TRAF6,7189.0,Amp8,16.8
X-1004,TRANK1,9881.0,MutNovel,"K809N,1.000"
X-1004,TRHDE,29953.0,Amp8,8.88
X-1004,TRIM44,54765.0,Amp8,14.12
X-1004,TRIM49,57093.0,Amp5,7.16
X-1004,TRIM58,25893.0,Amp5,5.17
X-1004,TRPM4,54795.0,MutNovel,"V923M,0.743"
X-1004,TSEN34,79042.0,MutNovel,"A216V,0.293"
X-1004,TSPAN11,441631.0,Amp5,5.98
X-1004,TSPAN14,81619.0,MutNovel,"W118C,0.263"
X-1004,TSPAN8,7103.0,Amp5,6.87
X-1004,TSPY1,7258.0,Del0.8,0.25
X-1004,TSPY2,64591.0,Del0.8,0.25
X-1004,TSPY3,728137.0,Del0.8,0.25
X-1004,TSPY4,728395.0,Del0.8,0.25
X-1004,TSPY8,728403.0,Del0.8,0.25
X-1004,TSPYL1,7259.0,MutNovel,"V176VW,0.799"
X-1004,TTF2,8458.0,MutNovel,"E59G,0.706"
X-1004,TTTY10,246119.0,Del0.8,0.25
X-1004,TTTY11,83866.0,Del0.8,0.25
X-1004,TTTY12,83867.0,Del0.8,0.25
X-1004,TTTY13,83868.0,Del0.8,0.25
X-1004,TTTY14,83869.0,Del0.8,0.25
X-1004,TTTY15,64595.0,Del0.8,0.25
X-1004,TTTY16,252948.0,Del0.8,0.25
X-1004,TTTY17A,252949.0,Del0.8,0.25
X-1004,TTTY17A,252949.0,Del0.8,0.25
X-1004,TTTY18,252950.0,Del0.8,0.25
X-1004,TTTY19,252952.0,Del0.8,0.25
X-1004,TTTY1B,100101116.0,Del0.8,0.25
X-1004,TTTY1B,100101116.0,Del0.8,0.25
X-1004,TTTY2,60439.0,Del0.8,0.25
X-1004,TTTY2,60439.0,Del0.8,0.25
X-1004,TTTY20,252951.0,Del0.8,0.25
X-1004,TTTY21,252953.0,Del0.8,0.25
X-1004,TTTY21,252953.0,Del0.8,0.25
X-1004,TTTY22,252954.0,Del0.8,0.25
X-1004,TTTY23,252955.0,Del0.8,0.25
X-1004,TTTY23,252955.0,Del0.8,0.25
X-1004,TTTY3,114760.0,Del0.8,0.25
X-1004,TTTY3,114760.0,Del0.8,0.25
X-1004,TTTY4,114761.0,Del0.8,0.25
X-1004,TTTY4,114761.0,Del0.8,0.25
X-1004,TTTY5,83863.0,Del0.8,0.25
X-1004,TTTY6,84672.0,Del0.8,0.25
X-1004,TTTY6,84672.0,Del0.8,0.25
X-1004,TTTY7,246122.0,Del0.8,0.25
X-1004,TTTY7,246122.0,Del0.8,0.25
X-1004,TTTY7B,100101120.0,Del0.8,0.25
X-1004,TTTY7B,100101120.0,Del0.8,0.25
X-1004,TTTY8,84673.0,Del0.8,0.25
X-1004,TTTY8,84673.0,Del0.8,0.25
X-1004,TTTY9A,83864.0,Del0.8,0.25
X-1004,TTTY9A,83864.0,Del0.8,0.25
X-1004,TUBAL3,79861.0,Amp5,5.39
X-1004,TUBB8,347688.0,Amp5,5.06
X-1004,TUBGCP3,10426.0,Amp5,5.86
X-1004,TXLNG2P,246126.0,Del0.8,0.25
X-1004,UBAC2,337867.0,Amp5,5.74
X-1004,UBAC2-AS1,100289373.0,Amp5,5.74
X-1004,UBR7,55148.0,MutNovel,"I153V,1.000"
X-1004,UCMA,221044.0,Amp5,5.24
X-1004,UCN3,114131.0,Amp5,5.39
X-1004,UGGT2,55757.0,Amp5,5.74
X-1004,UHRF1BP1L,23074.0,Amp5,5.82
X-1004,UPF2,26019.0,Amp5,5.24
X-1004,UPF3A,65110.0,Amp5,5.86
X-1004,USP15,9958.0,Amp5,6.5
X-1004,USP16,10600.0,Amp5,5.74
X-1004,USP24,23358.0,MutNovel,"C456R,0.571"
X-1004,USP25,29761.0,Amp8,8
X-1004,USP32P2,220594.0,Del0.8,0.7
X-1004,USP36,57602.0,MutNovel,"KKK958K,0.744"
X-1004,USP6NL,9712.0,Amp5,5.82
X-1004,USP9Y,8287.0,Del0.8,0.25
X-1004,UTS2D,257313.0,Amp5,5.78
X-1004,UTY,7404.0,Del0.8,0.25
X-1004,VCY,9084.0,Del0.8,0.25
X-1004,VCY,9084.0,Del0.8,0.25
X-1004,VN1R5,317705.0,Amp5,5.17
X-1004,VSIG10,54621.0,Amp5,6.02
X-1004,WASL,8976.0,MutNovel,"P375Q,0.444"
X-1004,WBSCR16,81554.0,MutNovel,"R15W,0.692"
X-1004,WDR37,22884.0,Amp5,5.06
X-1004,WDR64,128025.0,Amp5,5.31
X-1004,WIF1,11197.0,Amp5,6.87
X-1004,WSB2,55884.0,MutNovel,"V155I,0.539"
X-1004,WSB2,55884.0,Amp5,6.02
X-1004,XKRY2,353515.0,Del0.8,0.25
X-1004,XKRY2,353515.0,Del0.8,0.25
X-1004,XPOT,11260.0,Amp5,6.5
X-1004,YEATS2,55689.0,MutNovel,"T1393I,1.000"
X-1004,YEATS4,8089.0,Amp5,6.87
X-1004,ZCCHC11,23318.0,MutNovel,"S576G,0.636"
X-1004,ZDHHC17,23390.0,Amp5,7.57
X-1004,ZFC3H1,196441.0,Amp5,6.87
X-1004,ZFY,7544.0,Del0.8,0.25
X-1004,ZHX1,11244.0,MutNovel,"N796S,0.556"
X-1004,ZIC2,7546.0,Amp5,5.74
X-1004,ZIC5,85416.0,Amp5,5.74
X-1004,ZMYND11,10771.0,Amp5,5.06
X-1004,ZNF124,7678.0,Amp5,5.17
X-1004,ZNF238,10472.0,Amp5,5.28
X-1004,ZNF335,63925.0,MutNovel,"A1027T,1.000"
X-1004,ZNF496,84838.0,Amp5,5.17
X-1004,ZNF611,81856.0,MutNovel,"E4V,0.429"
X-1004,ZNF669,79862.0,Amp5,5.17
X-1004,ZNF670,93474.0,Amp5,5.17
X-1004,ZNF670-ZNF695,100533111.0,Amp5,5.17
X-1004,ZNF672,79894.0,Amp5,5.66
X-1004,ZNF692,55657.0,Amp5,5.66
X-1004,ZNF695,57116.0,Amp5,5.17
X-1004,ZNF787,126208.0,MutNovel,"S79C,0.280"
X-1004,ZNF888,,MutKnownFunctional,"-509,0.562"
X-1004,ZNF888,,MutNovel,"L453V,0.222"
X-1004,ZYX,7791.0,MutNovel,"T452S,0.787"
X-1004,ZZEF1,23140.0,MutNovel,"D1802E,1.000"
X-1008,ABCB10,23456.0,MutNovel,"L84P,0.318"
X-1008,ABCC13,150000.0,Amp5,5.17
X-1008,ADAM28,10863.0,Del0.8,0.6
X-1008,ADAM6,8755.0,Amp5,7.89
X-1008,ADAM7,8756.0,Del0.8,0.6
X-1008,ADAMDEC1,27299.0,Del0.8,0.6
X-1008,ADAMTS1,9510.0,Amp5,5.06
X-1008,ADAMTS5,11096.0,Amp5,5.06
X-1008,ADCK5,203054.0,Amp5,5.13
X-1008,ADCY2,108.0,MutNovel,"E17Q,0.571"
X-1008,ADCY8,114.0,Amp5,5.06
X-1008,ADRA1A,148.0,Del0.8,0.58
X-1008,ADRA2B,151.0,MutNovel,"E301ERRK,1.000"
X-1008,AFF2,2334.0,MutNovel,"T755I,1.000"
X-1008,AGAP10,,MutNovel,"S103P,0.667"
X-1008,AGAP7,653268.0,MutNovel,"E591D,1.000"
X-1008,AGER,177.0,MutNovel,"R384S,0.529"
X-1008,AGPAT5,55326.0,Del0.8,0.62
X-1008,AHNAK,79026.0,MutNovel,"G1233E,0.352"
X-1008,AK4,205.0,Del0.8,0.79
X-1008,AKAP11,11215.0,MutNovel,"V685I,0.635"
X-1008,AKAP13,11214.0,Amp5,5.62
X-1008,ALKBH7,84266.0,MutNovel,"P140R,1.000"
X-1008,ALOX15,246.0,MutNovel,"E32K,0.556"
X-1008,ALPK3,57538.0,Amp5,5.62
X-1008,AMELY,266.0,Del0.8,0.22
X-1008,ANGPT2,285.0,Del0.8,0.62
X-1008,ANKRD17,26057.0,MutNovel,"H1892R,0.356"
X-1008,ANKRD20A11P,391267.0,Amp5,5.17
X-1008,ANKRD32,84250.0,Del0.8,0.53
X-1008,ANKRD36,375248.0,MutNovel,"A824S,0.654"
X-1008,ANXA13,312.0,Amp5,5.06
X-1008,ANXA8,653145.0,MutNovel,"D314H,1.000"
X-1008,AP5B1,,MutNovel,"P86S,0.598"
X-1008,APH1A,51107.0,MutNovel,"A228G,0.732"
X-1008,APLF,200558.0,MutNovel,"G28A,0.211"
X-1008,APOBEC3F,200316.0,MutNovel,"P97L,0.290"
X-1008,APOBEC4,403314.0,Amp5,5.62
X-1008,APP,351.0,Amp5,5.06
X-1008,ARC,23237.0,Amp5,5.13
X-1008,ARHGAP39,80728.0,Amp5,5.13
X-1008,ARHGEF10,9639.0,Del0.8,0.26
X-1008,ARID1B,57492.0,MutNovel,"A445AP,0.500"
X-1008,ARMCX4,100131755.0,MutNovel,"D415N,1.000"
X-1008,ARPC5,10092.0,Amp5,5.62
X-1008,ARRDC3,57561.0,Del0.8,0.53
X-1008,ARSK,153642.0,Del0.8,0.53
X-1008,ASAH1,427.0,Del0.8,0.62
X-1008,ASAP1,50807.0,Amp5,5.06
X-1008,ASAP1-IT1,29065.0,Amp5,5.06
X-1008,ATAD2,29028.0,Amp5,5.06
X-1008,ATAD3B,83858.0,MutNovel,"S216A,0.333"
X-1008,ATP11A,23250.0,MutNovel,"E215K,1.000"
X-1008,ATP5J,522.0,Amp5,5.06
X-1008,ATP6AP1,537.0,MutNovel,"L32LAA,1.000"
X-1008,ATP6V1B2,526.0,Del0.8,0.62
X-1008,ATXN2,6311.0,MutNovel,"Q174HK,1.000"
X-1008,BACH1,571.0,Amp5,5.06
X-1008,BAG3,9531.0,MutKnownFunctional,"Q303*,1.000"
X-1008,BAHCC1,57597.0,MutKnownFunctional,"-476,1.000"
X-1008,BAI1,575.0,Amp5,5.13
X-1008,BCORP1,286554.0,Del0.8,0.22
X-1008,BCR,613.0,MutNovel,"S1241C,0.734"
X-1008,BEST1,7439.0,MutNovel,"Y88F,0.846"
X-1008,BIN3,55909.0,Del0.8,0.61
X-1008,BLK,640.0,Del0.8,0.62
X-1008,BMP1,649.0,Del0.8,0.61
X-1008,BNIP3,664.0,Del0.8,0.77
X-1008,BNIP3L,665.0,Del0.8,0.6
X-1008,BOP1,23246.0,Amp5,5.13
X-1008,BPY2B,442867.0,Del0.8,0.22
X-1008,BPY2B,442867.0,Del0.8,0.22
X-1008,BREA2,286076.0,Amp5,5.13
X-1008,BTG3,10950.0,Amp5,5.17
X-1008,BTN3A1,11119.0,MutNovel,"K66R,0.324"
X-1008,BUB1,699.0,MutNovel,"P363S,0.582"
X-1008,C10orf57,,MutKnownFunctional,"-38?,0.818"
X-1008,C11orf82,220042.0,MutNovel,"F190I,0.679"
X-1008,C15orf37,283687.0,Del0.8,0.73
X-1008,C16orf48,84080.0,MutNovel,"K93MK,1.000"
X-1008,C17orf79,55352.0,MutNovel,"D181V,0.246"
X-1008,C1orf21,81563.0,Amp5,5.62
X-1008,C21orf15,54094.0,Amp5,5.17
X-1008,C21orf37,100505929.0,Amp5,5.17
X-1008,C21orf7,56911.0,Amp5,5.06
X-1008,C21orf91,54149.0,Amp5,5.17
X-1008,C21orf91-OT1,246312.0,Amp5,5.17
X-1008,C2orf63,130162.0,MutKnownFunctional,"-385,0.368"
X-1008,C5orf27,202299.0,Del0.8,0.53
X-1008,C6orf132,647024.0,MutNovel,"P175L,0.640"
X-1008,C6orf211,79624.0,MutNovel,"D34H,0.593"
X-1008,C6orf70,55780.0,MutNovel,"P432L,0.338"
X-1008,C8orf12,83656.0,Del0.8,0.62
X-1008,C8orf31,286122.0,Amp5,5.13
X-1008,C8orf33,65265.0,Amp5,5.13
X-1008,C8orf42,157695.0,Del0.8,0.33
X-1008,C8orf44,56260.0,MutKnownFunctional,"R70*,0.611"
X-1008,C8orf48,157773.0,Del0.8,0.61
X-1008,C8orf58,541565.0,Del0.8,0.61
X-1008,C8orf73,642475.0,Amp5,5.13
X-1008,C8orf74,203076.0,Del0.8,0.6
X-1008,C8orf76,84933.0,Amp5,5.06
X-1008,C8orf82,414919.0,Amp5,5.13
X-1008,C9orf173,441476.0,MutNovel,"A292V,0.333"
X-1008,CALCOCO2,10241.0,MutNovel,"E70K,1.000"
X-1008,CALY,50632.0,Del0.8,0.68
X-1008,CAMKK2,10645.0,MutKnownFunctional,"-538?,0.724"
X-1008,CAMSAP2,23271.0,MutNovel,"V668L,0.701"
X-1008,CAST,831.0,Del0.8,0.54
X-1008,CCDC126,90693.0,MutNovel,"E101D,0.611"
X-1008,CCDC149,91050.0,Del0.8,0.78
X-1008,CCDC166,100130274.0,Amp5,5.13
X-1008,CCDC171,,MutNovel,"R1134H,0.852"
X-1008,CCDC18,343099.0,MutNovel,"V787I,1.000"
X-1008,CCDC25,55246.0,Del0.8,0.58
X-1008,CCNH,902.0,Del0.8,0.54
X-1008,CCT8,10694.0,Amp5,5.06
X-1008,CDC37,11140.0,MutNovel,"S349R,0.504"
X-1008,CDC42EP1,11135.0,MutNovel,"PAPAANPS253P,0.503"
X-1008,CDCA2,157313.0,Del0.8,0.6
X-1008,CDK13,8621.0,MutNovel,"T166A,0.600"
X-1008,CDKAL1,54901.0,Amp5,7.46
X-1008,CDY1B,253175.0,Del0.8,0.22
X-1008,CDY1B,253175.0,Del0.8,0.22
X-1008,CDY2A,9426.0,Del0.8,0.22
X-1008,CDY2A,9426.0,Del0.8,0.22
X-1008,CDY2B,203611.0,Del0.8,0.22
X-1008,CDY2B,203611.0,Del0.8,0.22
X-1008,CETN3,1070.0,Del0.8,0.53
X-1008,CFHR3,10878.0,Amp5,6.45
X-1008,CFL1P1,142913.0,Del0.8,0.47
X-1008,CHD2,1106.0,MutKnownFunctional,"-1242?,0.907"
X-1008,CHD3,1107.0,MutNovel,"R130H,1.000"
X-1008,CHD3,1107.0,MutNovel,"M747I,1.000"
X-1008,CHKB,1120.0,MutNovel,"A172V,0.351"
X-1008,CHMP7,91782.0,Del0.8,0.61
X-1008,CHODL,140578.0,Amp5,5.17
X-1008,CHODL-AS1,54075.0,Amp5,5.17
X-1008,CHRAC1,54108.0,Amp5,5.13
X-1008,CHRNA2,1135.0,Del0.8,0.58
X-1008,CITED1,4435.0,MutNovel,"A44G,0.429"
X-1008,CKAP4,10970.0,MutNovel,"G77-,0.575"
X-1008,CLASRP,11129.0,MutNovel,"-423SR,1.000"
X-1008,CLDN23,137075.0,Del0.8,0.6
X-1008,CLIP3,25999.0,MutNovel,"R511C,0.718"
X-1008,CLK1,1195.0,Del0.8,0.73
X-1008,CLN8,2055.0,Del0.8,0.31
X-1008,CLRN3,119467.0,Del0.8,0.76
X-1008,CLU,1191.0,Del0.8,0.58
X-1008,CNOT7,29883.0,Del0.8,0.62
X-1008,CNTNAP1,8506.0,MutNovel,"S639Y,0.375"
X-1008,CNTNAP3,79937.0,MutNovel,"S140N,0.316"
X-1008,CNTNAP3B,728577.0,MutNovel,"G1206W,1.000"
X-1008,COL14A1,7373.0,Amp5,5.06
X-1008,COL22A1,169044.0,Amp5,5.13
X-1008,COLEC10,10584.0,Amp5,5.06
X-1008,COMMD5,28991.0,Amp5,5.13
X-1008,COQ7,10229.0,MutNovel,"G5GA,0.278"
X-1008,COX7C,1350.0,Del0.8,0.54
X-1008,CPSF1,29894.0,Amp5,5.13
X-1008,CSGALNACT1,55790.0,Del0.8,0.62
X-1008,CSMD1,64478.0,Del0.8,0.28
X-1008,CSMD3,114788.0,Amp5,5.21
X-1008,CSPG4P1Y,114758.0,Del0.8,0.22
X-1008,CSPG4P1Y,114758.0,Del0.8,0.22
X-1008,CTAG1A,,MutNovel,"T138I,1.000"
X-1008,CTAG1B,1485.0,MutKnownFunctional,"-148?,1.000"
X-1008,CTAG1B,1485.0,MutNovel,"T138I,1.000"
X-1008,CTAG2,30848.0,MutNovel,"R57G,1.000"
X-1008,CTAGE4,100128553.0,Del0.8,0.62
X-1008,CTAGE7P,119437.0,Del0.8,0.77
X-1008,CTSA,5476.0,MutNovel,"L29-,1.000"
X-1008,CTSB,1508.0,Del0.8,0.62
X-1008,CUBN,8029.0,MutNovel,"R1911W,0.800"
X-1008,CXADR,1525.0,Amp5,5.17
X-1008,CYC1,1537.0,Amp5,5.13
X-1008,CYHR1,50626.0,Amp5,5.13
X-1008,CYP11B1,1584.0,Amp5,5.13
X-1008,CYP11B2,1585.0,Amp5,5.13
X-1008,CYP2E1,1571.0,Del0.8,0.68
X-1008,CYP39A1,51302.0,MutNovel,"E2K,0.380"
X-1008,CYYR1,116159.0,Amp5,5.06
X-1008,D21S2088E,266917.0,Amp5,5.21
X-1008,DAGLA,747.0,MutNovel,"A768V,0.700"
X-1008,DAZ1,1617.0,Del0.8,0.22
X-1008,DAZ2,57055.0,Del0.8,0.22
X-1008,DAZ3,57054.0,Del0.8,0.22
X-1008,DAZ3,57054.0,Del0.8,0.22
X-1008,DAZ4,57135.0,Del0.8,0.22
X-1008,DAZ4,57135.0,Del0.8,0.22
X-1008,DDX3Y,8653.0,Del0.8,0.22
X-1008,DEFA10P,449493.0,Del0.8,0.62
X-1008,DEFA1B,728358.0,Del0.8,0.62
X-1008,DEFA4,1669.0,Del0.8,0.62
X-1008,DEFA5,1670.0,Del0.8,0.62
X-1008,DEFA6,1671.0,Del0.8,0.62
X-1008,DEFB1,1672.0,Del0.8,0.62
X-1008,DEFB103A,414325.0,Del0.8,0.74
X-1008,DEFB103A,414325.0,Del0.8,0.74
X-1008,DEFB104B,503618.0,Del0.8,0.74
X-1008,DEFB104B,503618.0,Del0.8,0.74
X-1008,DEFB105B,504180.0,Del0.8,0.74
X-1008,DEFB105B,504180.0,Del0.8,0.74
X-1008,DEFB106B,503841.0,Del0.8,0.74
X-1008,DEFB106B,503841.0,Del0.8,0.74
X-1008,DEFB107A,245910.0,Del0.8,0.74
X-1008,DEFB107A,245910.0,Del0.8,0.74
X-1008,DEFB109P1B,641517.0,Del0.8,0.74
X-1008,DEFB130,245940.0,Del0.8,0.75
X-1008,DEFB134,613211.0,Del0.8,0.62
X-1008,DEFB135,613209.0,Del0.8,0.62
X-1008,DEFB136,613210.0,Del0.8,0.62
X-1008,DEFB4A,1673.0,Del0.8,0.74
X-1008,DEFB4B,100289462.0,Del0.8,0.74
X-1008,DEFT1P,170949.0,Del0.8,0.62
X-1008,DENND3,22898.0,Amp5,5.13
X-1008,DEPTOR,64798.0,Amp5,5.06
X-1008,DERL1,79139.0,Amp5,5.06
X-1008,DET1,55070.0,MutNovel,"L476F,0.250"
X-1008,DGAT1,8694.0,Amp5,5.13
X-1008,DHFRL1,200895.0,MutKnownFunctional,"-120,0.455"
X-1008,DHX15,1665.0,Del0.8,0.78
X-1008,DHX34,9704.0,MutNovel,"LEE966L,0.214"
X-1008,DKFZP564C196,284649.0,Amp5,5.62
X-1008,DLC1,10395.0,Del0.8,0.61
X-1008,DLG3,1741.0,MutNovel,"R26S,0.317"
X-1008,DLGAP2,9228.0,Del0.8,0.29
X-1008,DMRT3,58524.0,MutNovel,"P221A,0.667"
X-1008,DNAJB1,3337.0,MutKnownFunctional,"E19*,0.992"
X-1008,DNAJC13,23317.0,MutNovel,"I202V,1.000"
X-1008,DNAJC2,27000.0,Del0.8,0.8
X-1008,DNAJC6,9829.0,Del0.8,0.79
X-1008,DOCK5,80005.0,Del0.8,0.6
X-1008,DOK2,9046.0,Del0.8,0.61
X-1008,DPYSL2,1808.0,Del0.8,0.6
X-1008,DSCC1,79075.0,Amp5,5.06
X-1008,DTD1,92675.0,MutNovel,"R10W,0.537"
X-1008,DUOX1,53905.0,MutNovel,"T1526A,0.324"
X-1008,DUSP4,1846.0,Del0.8,0.59
X-1008,DUX2,26583.0,Del0.8,0.68
X-1008,DUX4,100288687.0,Del0.8,0.68
X-1008,DUX4L2,728410.0,Del0.8,0.68
X-1008,DUX4L3,653548.0,Del0.8,0.68
X-1008,E2F3,1871.0,Amp5,7.46
X-1008,EBF2,64641.0,Del0.8,0.6
X-1008,EBF3,253738.0,Del0.8,0.77
X-1008,ECHS1,1892.0,Del0.8,0.68
X-1008,EDEM3,80267.0,Amp5,5.62
X-1008,EEF1D,1936.0,Amp5,5.13
X-1008,EFHA2,286097.0,Del0.8,0.62
X-1008,EFR3A,23167.0,Amp5,5.06
X-1008,EGLN1,54583.0,MutNovel,"P84L,0.611"
X-1008,EGR3,1960.0,Del0.8,0.61
X-1008,EHBP1,23301.0,MutNovel,"K839E,0.267"
X-1008,EID2,163126.0,MutNovel,"P54L,1.000"
X-1008,EIF1AY,9086.0,Del0.8,0.22
X-1008,EIF2B5,8893.0,MutNovel,"M305L,1.000"
X-1008,EIF2C2,27161.0,Amp5,5.13
X-1008,EIF3A,8661.0,MutNovel,"T408A,1.000"
X-1008,EIF3H,8667.0,Amp5,5.06
X-1008,ELL2,22936.0,Del0.8,0.53
X-1008,ELP3,55140.0,Del0.8,0.58
X-1008,ENPP2,5168.0,Amp5,5.06
X-1008,ENTPD4,9583.0,Del0.8,0.61
X-1008,EP300,2033.0,MutNovel,"N49S,0.670"
X-1008,EPB49,2039.0,Del0.8,0.61
X-1008,EPG5,57724.0,MutNovel,"L2190F,0.345"
X-1008,EPHX2,2053.0,Del0.8,0.58
X-1008,EPPK1,83481.0,Amp5,5.13
X-1008,ERAP1,51752.0,Del0.8,0.54
X-1008,ERAP2,64167.0,Del0.8,0.54
X-1008,ERI1,90459.0,Del0.8,0.6
X-1008,ERICH1,157697.0,Del0.8,0.35
X-1008,ERP44,23071.0,MutNovel,"R158H,1.000"
X-1008,ESCO2,157570.0,Del0.8,0.58
X-1008,EXOSC4,54512.0,Amp5,5.13
X-1008,EXT1,2131.0,Amp5,5.06
X-1008,EXTL3,2137.0,Del0.8,0.58
X-1008,FAM108A1,81926.0,MutNovel,"G239R,0.218"
X-1008,FAM129A,116496.0,Amp5,5.62
X-1008,FAM135B,51059.0,Amp5,5.13
X-1008,FAM13A,10144.0,MutNovel,"C3Y,0.615"
X-1008,FAM149B1,317662.0,MutNovel,"S393A,0.472"
X-1008,FAM157A,728262.0,MutNovel,"P187L,0.750"
X-1008,FAM160B2,64760.0,Del0.8,0.61
X-1008,FAM167A,83648.0,Del0.8,0.62
X-1008,FAM172A,83989.0,Del0.8,0.53
X-1008,FAM188A,80013.0,MutNovel,"D316N,0.208"
X-1008,FAM197Y2P,252946.0,Del0.8,0.22
X-1008,FAM203A,51236.0,Amp5,5.13
X-1008,FAM211B,388886.0,MutNovel,"G14A,0.767"
X-1008,FAM41AY1,340618.0,Del0.8,0.22
X-1008,FAM41AY1,340618.0,Del0.8,0.22
X-1008,FAM49B,51571.0,Amp5,5.06
X-1008,FAM66A,100133172.0,Del0.8,0.6
X-1008,FAM66E,100132103.0,Del0.8,0.74
X-1008,FAM81B,153643.0,Del0.8,0.53
X-1008,FAM83A,84985.0,Amp5,5.06
X-1008,FAM83H,286077.0,Amp5,5.13
X-1008,FAM84B,157638.0,Amp5,5.06
X-1008,FAM8A1,51439.0,MutNovel,"S231R,0.889"
X-1008,FAM91A1,157769.0,Amp5,5.06
X-1008,FAT2,2196.0,MutNovel,"T978R,0.409"
X-1008,FBXL6,26233.0,Amp5,5.13
X-1008,FBXO16,157574.0,Del0.8,0.58
X-1008,FBXO25,26260.0,Del0.8,0.24
X-1008,FBXO32,114907.0,Amp5,5.06
X-1008,FBXO42,54455.0,MutNovel,"I500V,0.359"
X-1008,FCGR2C,9103.0,Amp5,5.46
X-1008,FCGR3A,2214.0,Amp5,5.46
X-1008,FCGR3B,2215.0,Amp5,5.46
X-1008,FDFT1,2222.0,Del0.8,0.62
X-1008,FER1L6,654463.0,Amp5,5.06
X-1008,FER1L6-AS1,439941.0,Amp5,5.06
X-1008,FFAR3,2865.0,Del0.8,0.34
X-1008,FGF17,8822.0,Del0.8,0.61
X-1008,FGF20,26281.0,Del0.8,0.62
X-1008,FGL1,2267.0,Del0.8,0.62
X-1008,FIBIN,387758.0,Del0.8,0.66
X-1008,FKBP4,2288.0,MutNovel,"E31K,0.266"
X-1008,FLG,2312.0,MutNovel,"D2033E,0.529"
X-1008,FLG,2312.0,MutNovel,"H1413Q,0.300"
X-1008,FLII,2314.0,MutNovel,"E957K,0.860"
X-1008,FLJ14107,80094.0,Del0.8,0.61
X-1008,FLJ42709,441094.0,Del0.8,0.53
X-1008,FLJ43860,389690.0,Amp5,5.13
X-1008,FLJ46300,399827.0,Del0.8,0.77
X-1008,FMNL3,91010.0,MutKnownFunctional,"-11,0.375"
X-1008,FNBP4,23360.0,MutNovel,"Y233C,0.284"
X-1008,FNDC1,84624.0,MutNovel,"ATTRRTT1471A,1.000"
X-1008,FOXH1,8928.0,Amp5,5.13
X-1008,FOXI2,399823.0,Del0.8,0.76
X-1008,FOXO3,2309.0,MutNovel,"IGG79I,0.250"
X-1008,FRG2B,441581.0,Del0.8,0.68
X-1008,FRMD3,257019.0,MutKnownFunctional,"-281?,1.000"
X-1008,FZD3,7976.0,Del0.8,0.58
X-1008,GABPA,2551.0,Amp5,5.06
X-1008,GATA4,2626.0,Del0.8,0.62
X-1008,GBA3,57733.0,Del0.8,0.78
X-1008,GBP1,2633.0,MutNovel,"Q337E,0.584"
X-1008,GGT2,,MutNovel,"T539I,0.364"
X-1008,GIGYF2,26058.0,MutNovel,"PQ1231P,1.000"
X-1008,GLDC,2731.0,MutNovel,"L56F,0.857"
X-1008,GLI4,2738.0,Amp5,5.13
X-1008,GLRX,2745.0,Del0.8,0.53
X-1008,GLRX3,10539.0,Del0.8,0.77
X-1008,GLT25D2,23127.0,Amp5,5.62
X-1008,GLTSCR1,29998.0,MutNovel,"A887V,0.357"
X-1008,GML,2765.0,Amp5,5.13
X-1008,GNRH1,2796.0,Del0.8,0.6
X-1008,GOLGA2P2Y,84559.0,Del0.8,0.22
X-1008,GOLGA2P2Y,84559.0,Del0.8,0.22
X-1008,GOLGA8B,440270.0,MutNovel,"R455C,0.750"
X-1008,GPAA1,8733.0,Amp5,5.13
X-1008,GPHN,10243.0,MutNovel,"T299I,0.616"
X-1008,GPIHBP1,338328.0,Amp5,5.13
X-1008,GPR125,166647.0,Del0.8,0.78
X-1008,GPR143,4935.0,MutNovel,"S148W,0.467"
X-1008,GPR146,115330.0,MutNovel,"G33V,1.000"
X-1008,GPR150,285601.0,Del0.8,0.53
X-1008,GPR20,2843.0,Amp5,5.13
X-1008,GPR98,84059.0,Del0.8,0.53
X-1008,GPT,2875.0,Amp5,5.13
X-1008,GRINA,2907.0,Amp5,5.13
X-1008,GSDMC,56169.0,Amp5,5.06
X-1008,GSDMD,79792.0,Amp5,5.13
X-1008,GSTM1,2944.0,Del0.8,0.57
X-1008,GSTO2,119391.0,MutNovel,"H67Q,0.894"
X-1008,GTSE1,51512.0,MutNovel,"G294E,0.348"
X-1008,GYG2P1,352887.0,Del0.8,0.22
X-1008,HAS2,3037.0,Amp5,5.06
X-1008,HAS2-AS1,594842.0,Amp5,5.06
X-1008,HBS1L,10767.0,MutNovel,"R482S,0.556"
X-1008,HDGFL1,154150.0,Amp5,5.66
X-1008,HEATR7A,727957.0,Amp5,5.13
X-1008,HGC6.3,100128124.0,MutNovel,"A118V,0.304"
X-1008,HGC6.3,100128124.0,MutNovel,"P108Q,0.526"
X-1008,HGC6.3,100128124.0,MutNovel,"Q52P,0.263"
X-1008,HHLA1,10086.0,Amp5,5.06
X-1008,HIST1H2BD,3017.0,MutNovel,"K47N,0.258"
X-1008,HMBOX1,79618.0,Del0.8,0.58
X-1008,HMHA1,23526.0,MutNovel,"E1100EDG,1.000"
X-1008,HNRNPCL1,343069.0,MutNovel,"Q185K,1.000"
X-1008,HNRPDL,9987.0,MutNovel,"RPPRQL33L,1.000"
X-1008,HPYR1,93668.0,Amp5,5.06
X-1008,HR,55806.0,Del0.8,0.61
X-1008,HSF1,3297.0,Amp5,5.13
X-1008,HSFY2,159119.0,Del0.8,0.22
X-1008,HSFY2,159119.0,Del0.8,0.22
X-1008,HSPA13,6782.0,Amp5,5.17
X-1008,HSPA1B,3304.0,MutNovel,"F150I,0.364"
X-1008,HSPA7,3311.0,Amp5,5.46
X-1008,HYDIN,54768.0,MutNovel,"R2017H,0.556"
X-1008,IBTK,25998.0,MutNovel,"N480H,0.798"
X-1008,ID4,3400.0,Amp5,7.46
X-1008,IGF2R,3482.0,MutNovel,"L906V,0.657"
X-1008,IL17RA,23765.0,MutNovel,"P7S,0.226"
X-1008,IL28RA,163702.0,MutNovel,"A496V,0.217"
X-1008,INTS10,55174.0,Del0.8,0.62
X-1008,INTS9,55756.0,Del0.8,0.58
X-1008,IRGM,345611.0,Del0.8,0.5
X-1008,ITGA10,8515.0,MutNovel,"A702T,0.238"
X-1008,ITPR2,3709.0,MutNovel,"A1039V,0.667"
X-1008,JAM2,58494.0,Amp5,5.06
X-1008,JPH2,57158.0,MutNovel,"R475H,1.000"
X-1008,JRK,8629.0,Amp5,5.13
X-1008,KAAG1,353219.0,Amp5,5.66
X-1008,KANSL1,,MutNovel,"Q987H,0.268"
X-1008,KAT6B,23522.0,MutNovel,"-1360EEE,0.520"
X-1008,KBTBD11,9920.0,Del0.8,0.27
X-1008,KCNIP4-IT1,359822.0,Del0.8,0.78
X-1008,KCNK9,51305.0,Amp5,5.13
X-1008,KCNQ3,3786.0,Amp5,5.06
X-1008,KCTD9,54793.0,Del0.8,0.6
X-1008,KDM5D,8284.0,Del0.8,0.22
X-1008,KHDRBS3,10656.0,Amp5,7.94
X-1008,KIAA0125,9834.0,Amp5,7.89
X-1008,KIAA0196,9897.0,Amp5,5.06
X-1008,KIAA0556,23247.0,MutNovel,"L41M,0.621"
X-1008,KIAA0825,285600.0,Del0.8,0.53
X-1008,KIAA1456,57604.0,Del0.8,0.61
X-1008,KIAA1549,57670.0,MutNovel,"E911K,0.266"
X-1008,KIAA1875,340390.0,Amp5,5.13
X-1008,KIAA1967,57805.0,Del0.8,0.61
X-1008,KIAA2018,205717.0,MutNovel,"G81R,0.314"
X-1008,KIF13B,23303.0,Del0.8,0.47
X-1008,KIF14,9928.0,MutNovel,"T1458I,0.238"
X-1008,KIF20B,9585.0,MutNovel,"L1062LKV,1.000"
X-1008,KIF27,55582.0,MutNovel,"V1037L,1.000"
X-1008,KIFC2,90990.0,Amp5,5.13
X-1008,KLHL25,64410.0,Amp5,5.62
X-1008,KLHL38,340359.0,Amp5,5.06
X-1008,KLLN,100144748.0,Del0.8,0.47
X-1008,KRT27,342574.0,MutNovel,"N101K,1.000"
X-1008,KTN1,3895.0,MutNovel,"V111A,0.621"
X-1008,LAMA5,3911.0,MutNovel,"M1258T,0.435"
X-1008,LAMC2,3918.0,Amp5,5.62
X-1008,LCE3B,353143.0,Amp8,8
X-1008,LCE3C,353144.0,Amp8,8
X-1008,LDB1,8861.0,MutNovel,"H151R,0.411"
X-1008,LEPR,3953.0,Del0.8,0.79
X-1008,LEPROT,54741.0,Del0.8,0.79
X-1008,LGI2,55203.0,Del0.8,0.78
X-1008,LGI3,203190.0,Del0.8,0.61
X-1008,LHFPL2,10184.0,MutNovel,"T187P,1.000"
X-1008,LINC00051,619434.0,Amp5,5.13
X-1008,LINC00113,54088.0,Amp5,5.06
X-1008,LINC00158,54072.0,Amp5,5.06
X-1008,LINC00161,118421.0,Amp5,5.06
X-1008,LINC00189,193629.0,Amp5,5.06
X-1008,LINC00208,83655.0,Del0.8,0.62
X-1008,LINC00221,338005.0,Amp5,5.35
X-1008,LINC00226,338004.0,Amp5,5.28
X-1008,LINC00308,54143.0,Amp5,5.21
X-1008,LINC00314,246705.0,Amp5,5.06
X-1008,LINC00317,378828.0,Amp5,5.21
X-1008,LINC00320,387486.0,Amp5,5.21
X-1008,LINC00340,401237.0,Amp5,5.03
X-1008,LINC00461,645323.0,Del0.8,0.53
X-1008,LINC00478,388815.0,Amp5,5.17
X-1008,LINC00515,282566.0,Amp5,5.06
X-1008,LIPI,149998.0,Amp5,5.17
X-1008,LIPJ,142910.0,Del0.8,0.57
X-1008,LIX1,167410.0,Del0.8,0.54
X-1008,LNPEP,4012.0,Del0.8,0.54
X-1008,LOC100128338,100128338.0,Amp5,5.13
X-1008,LOC100128993,100128993.0,Del0.8,0.62
X-1008,LOC100130231,100130231.0,Amp5,5.06
X-1008,LOC100130451,100130451.0,MutNovel,"A61T,1.000"
X-1008,LOC100131726,100131726.0,Amp5,5.06
X-1008,LOC100132396,100132396.0,Del0.8,0.74
X-1008,LOC100133669,100133669.0,Amp5,5.13
X-1008,LOC100287015,100287015.0,Del0.8,0.62
X-1008,LOC100288181,100288181.0,Amp5,5.13
X-1008,LOC100505679,100505679.0,MutNovel,"R71H,0.406"
X-1008,LOC100505912,100505912.0,Del0.8,0.78
X-1008,LOC100507117,100507117.0,Amp5,5.06
X-1008,LOC100507156,100507156.0,Del0.8,0.61
X-1008,LOC100652791,100652791.0,Del0.8,0.62
X-1008,LOC100996575,,MutKnownFunctional,"Q67*,0.727"
X-1008,LOC100996677,,MutNovel,"V221L,1.000"
X-1008,LOC157273,157273.0,Del0.8,0.6
X-1008,LOC157381,157381.0,Amp5,5.06
X-1008,LOC283710,283710.0,MutKnownFunctional,"-26,1.000"
X-1008,LOC284344,284344.0,Del0.8,0.32
X-1008,LOC285540,285540.0,Del0.8,0.78
X-1008,LOC286059,286059.0,Del0.8,0.61
X-1008,LOC286083,286083.0,Del0.8,0.25
X-1008,LOC286094,286094.0,Amp5,7.94
X-1008,LOC286114,286114.0,Del0.8,0.62
X-1008,LOC340357,340357.0,Del0.8,0.61
X-1008,LOC387723,387723.0,Del0.8,0.77
X-1008,LOC389641,389641.0,Del0.8,0.61
X-1008,LOC439994,439994.0,Del0.8,0.38
X-1008,LOC619207,619207.0,Del0.8,0.68
X-1008,LOC642441,,MutNovel,"W153R,1.000"
X-1008,LOC642643,,MutNovel,"R57P,1.000"
X-1008,LOC646627,646627.0,MutNovel,"F42L,1.000"
X-1008,LOC727677,727677.0,Amp5,5.06
X-1008,LOC728190,728190.0,Del0.8,0.76
X-1008,LOC728377,728377.0,Del0.8,0.62
X-1008,LOC728724,728724.0,Amp5,5.06
X-1008,LOC728734,,MutNovel,"S79T,1.000"
X-1008,LOC728888,,MutNovel,"L86F,0.500"
X-1008,LOC728888,,MutNovel,"V84L,0.500"
X-1008,LOC728888,,MutNovel,"I79T,0.600"
X-1008,LOC728888,,MutNovel,"I75L,0.500"
X-1008,LOC728888,,MutNovel,"T69R,0.500"
X-1008,LOC728888,,MutNovel,"I63S,0.375"
X-1008,LOC729177,729177.0,Amp5,5.66
X-1008,LOC731779,731779.0,Amp5,5.13
X-1008,LONRF1,91694.0,Del0.8,0.61
X-1008,LOXL2,4017.0,Del0.8,0.61
X-1008,LPL,4023.0,Del0.8,0.62
X-1008,LRP2,4036.0,MutNovel,"I722F,0.532"
X-1008,LRRC14,9684.0,Amp5,5.13
X-1008,LRRC24,441381.0,Amp5,5.13
X-1008,LRRC26,389816.0,MutNovel,"P220S,1.000"
X-1008,LRRC37A,9884.0,MutNovel,"L1378P,1.000"
X-1008,LRRC6,23639.0,Amp5,5.06
X-1008,LTN1,26046.0,Amp5,5.06
X-1008,LY6D,8581.0,Amp5,5.13
X-1008,LY6E,4061.0,Amp5,5.13
X-1008,LY6H,4062.0,Amp5,5.13
X-1008,LY6K,54742.0,Amp5,5.13
X-1008,LYNX1,66004.0,Amp5,5.13
X-1008,LYPD2,137797.0,Amp5,5.13
X-1008,LYSMD3,116068.0,Del0.8,0.53
X-1008,LZTS1,11178.0,Del0.8,0.62
X-1008,MAF1,84232.0,Amp5,5.13
X-1008,MAFA,389692.0,Amp5,5.13
X-1008,MAGED1,9500.0,MutNovel,"W773C,0.281"
X-1008,MAGED4,,MutNovel,"W659C,0.765"
X-1008,MAGIX,79917.0,MutNovel,"R4C,1.000"
X-1008,MAL2,114569.0,Amp5,5.06
X-1008,MAMLD1,10046.0,MutKnownFunctional,"R601*,1.000"
X-1008,MAP3K4,4216.0,MutNovel,"PA1189P,1.000"
X-1008,MAP3K5,4217.0,MutNovel,"I182F,0.543"
X-1008,MAP4K4,9448.0,MutNovel,"G755V,0.416"
X-1008,MAPK15,225689.0,Amp5,5.13
X-1008,2014-03-01 00:00:00,64757.0,MutNovel,"A8V,0.484"
X-1008,MBLAC2,153364.0,Del0.8,0.53
X-1008,MBOAT1,154141.0,Amp5,7.46
X-1008,MCPH1,79648.0,Del0.8,0.62
X-1008,MCTP1,79772.0,Del0.8,0.53
X-1008,MED15,51586.0,MutNovel,"-251QQQ,0.736"
X-1008,MED30,90390.0,Amp5,5.06
X-1008,MEF2C,4208.0,Del0.8,0.53
X-1008,MFHAS1,9258.0,Del0.8,0.6
X-1008,MFSD3,113655.0,Amp5,5.13
X-1008,MGMT,4255.0,Del0.8,0.77
X-1008,MID1,4281.0,MutNovel,"R101G,1.000"
X-1008,MIIP,60672.0,MutNovel,"R295Q,0.464"
X-1008,MIR101-1,406893.0,Del0.8,0.79
X-1008,MIR1204,100302185.0,Amp5,5.06
X-1008,MIR1205,100302161.0,Amp5,5.06
X-1008,MIR1206,100302170.0,Amp5,5.06
X-1008,MIR1207,100302175.0,Amp5,5.06
X-1008,MIR1208,100302281.0,Amp5,5.06
X-1008,MIR1234,100302196.0,Amp5,5.13
X-1008,MIR124-1,406907.0,Del0.8,0.6
X-1008,MIR125B2,406912.0,Amp5,5.17
X-1008,MIR1276,100302121.0,Amp5,5.62
X-1008,MIR1322,100302166.0,Del0.8,0.6
X-1008,MIR155,406947.0,Amp5,5.06
X-1008,MIR155HG,114614.0,Amp5,5.06
X-1008,MIR2053,100302225.0,Amp5,5.21
X-1008,MIR218-1,407000.0,Del0.8,0.79
X-1008,MIR2277,100313887.0,Del0.8,0.53
X-1008,MIR30B,407030.0,Amp5,7.94
X-1008,MIR30D,407033.0,Amp5,7.94
X-1008,MIR320A,407037.0,Del0.8,0.61
X-1008,MIR3607,100500805.0,Del0.8,0.54
X-1008,MIR3610,100500914.0,Amp5,5.06
X-1008,MIR3622A,100500858.0,Del0.8,0.58
X-1008,MIR3622B,100500871.0,Del0.8,0.58
X-1008,MIR3660,100500825.0,Del0.8,0.53
X-1008,MIR3671,100500854.0,Del0.8,0.79
X-1008,MIR378C,100422867.0,Del0.8,0.77
X-1008,MIR383,494332.0,Del0.8,0.61
X-1008,MIR3944,100500911.0,Del0.8,0.68
X-1008,MIR4280,100422887.0,Del0.8,0.54
X-1008,MIR4287,100422828.0,Del0.8,0.58
X-1008,MIR4288,100422903.0,Del0.8,0.58
X-1008,MIR4297,100422873.0,Del0.8,0.77
X-1008,MIR4472-1,100616268.0,Amp5,5.13
X-1008,MIR4659A,100616348.0,Del0.8,0.62
X-1008,MIR4659B,100616372.0,Del0.8,0.62
X-1008,MIR4660,100616350.0,Del0.8,0.6
X-1008,MIR4663,100616260.0,Amp5,5.06
X-1008,MIR4664,100616318.0,Amp5,5.13
X-1008,MIR4759,100616243.0,Amp5,5.06
X-1008,MIR548AJ2,100616252.0,Del0.8,0.78
X-1008,MIR548I3,100302186.0,Del0.8,0.74
X-1008,MIR573,693158.0,Del0.8,0.78
X-1008,MIR583,693168.0,Del0.8,0.53
X-1008,MIR596,693181.0,Del0.8,0.31
X-1008,MIR597,693182.0,Del0.8,0.6
X-1008,MIR598,693183.0,Del0.8,0.62
X-1008,MIR661,724031.0,Amp5,5.13
X-1008,MIR9-2,407047.0,Del0.8,0.53
X-1008,MIR937,100126338.0,Amp5,5.13
X-1008,MIR939,100126351.0,Amp5,5.13
X-1008,MIR99A,407055.0,Amp5,5.17
X-1008,MIRLET7C,406885.0,Amp5,5.17
X-1008,MKI67,4288.0,Del0.8,0.72
X-1008,MPRIP,23164.0,MutNovel,"TS178T,1.000"
X-1008,MPV17,4358.0,MutNovel,"P106A,0.851"
X-1008,MRPL13,28998.0,Amp5,5.06
X-1008,MRPL39,54148.0,MutNovel,"M193V,0.643"
X-1008,MRPL39,54148.0,Amp5,5.06
X-1008,MSR1,4481.0,Del0.8,0.61
X-1008,MSRA,4482.0,Del0.8,0.6
X-1008,MTBP,27085.0,Amp5,5.06
X-1008,MTG1,92170.0,Del0.8,0.68
X-1008,MTMR10,54893.0,MutNovel,"T731K,0.441"
X-1008,MTMR7,9108.0,Del0.8,0.62
X-1008,MTMR9,66036.0,Del0.8,0.62
X-1008,MTSS1,9788.0,Amp5,5.06
X-1008,MTUS1,57509.0,Del0.8,0.62
X-1008,MXRA7,439921.0,MutNovel,"E36G,1.000"
X-1008,MYC,4609.0,Amp5,5.06
X-1008,MYLK,4638.0,MutNovel,"A1082T,0.329"
X-1008,MYO9B,4650.0,MutNovel,"T39P,0.654"
X-1008,MYOM2,9172.0,Del0.8,0.25
X-1008,N6AMT1,29104.0,Amp5,5.06
X-1008,NAPRT1,93100.0,Amp5,5.13
X-1008,NAT1,9.0,Del0.8,0.62
X-1008,NAT2,10.0,Del0.8,0.62
X-1008,NBPF12,,MutNovel,"R381K,0.733"
X-1008,NBPF15,284565.0,MutNovel,"R110K,0.800"
X-1008,NBPF22P,285622.0,Del0.8,0.54
X-1008,NBPF9,400818.0,MutNovel,"Q184R,0.800"
X-1008,NCAM2,4685.0,Amp5,5.21
X-1008,NCF2,4688.0,Amp5,5.62
X-1008,NCOA3,8202.0,MutNovel,"Q1255-,1.000"
X-1008,NCOR2,9612.0,MutNovel,"G1839GAAA,1.000"
X-1008,NCOR2,9612.0,MutNovel,"-511S,0.213"
X-1008,NCRNA00185,55410.0,Del0.8,0.22
X-1008,NDRG1,10397.0,Amp5,5.06
X-1008,NDUFA9,4704.0,MutNovel,"L338F,0.223"
X-1008,NDUFB9,4715.0,Amp5,5.06
X-1008,NEFH,4744.0,MutNovel,"KAKSPEKEE651K,0.485"
X-1008,NEFL,4747.0,Del0.8,0.6
X-1008,NEFM,4741.0,Del0.8,0.6
X-1008,NEIL2,252969.0,Del0.8,0.62
X-1008,NF1,4763.0,MutNovel,"VYI1677V,1.000"
X-1008,NKX2-6,137814.0,Del0.8,0.6
X-1008,NKX3-1,4824.0,Del0.8,0.6
X-1008,NLGN2,57555.0,MutNovel,"Q549H,1.000"
X-1008,NLGN4Y,22829.0,Del0.8,0.22
X-1008,NMB,4828.0,Amp5,5.62
X-1008,NMNAT2,23057.0,Amp5,5.62
X-1008,NOV,4856.0,Amp5,5.06
X-1008,NPIP,9284.0,MutNovel,"T272S,0.240"
X-1008,NPIPL3,23117.0,MutNovel,"P787S,0.833"
X-1008,NPM2,10361.0,Del0.8,0.61
X-1008,NPS,594857.0,Del0.8,0.76
X-1008,NR2F1,7025.0,Del0.8,0.53
X-1008,NRBP2,340371.0,Amp5,5.13
X-1008,NRIP1,8204.0,Amp5,5.17
X-1008,NRSN1,140767.0,Amp5,5.66
X-1008,NSMCE2,286053.0,Amp5,5.06
X-1008,NUDT11,55190.0,MutKnownFunctional,"-1,1.000"
X-1008,NUDT18,79873.0,Del0.8,0.61
X-1008,OC90,729330.0,Amp5,5.06
X-1008,OPLAH,26873.0,Amp5,5.13
X-1008,OR2A42,402317.0,Del0.8,0.62
X-1008,OR2A42,402317.0,Del0.8,0.62
X-1008,OR2A7,401427.0,Del0.8,0.62
X-1008,OR2A9P,441295.0,Del0.8,0.62
X-1008,OR2A9P,441295.0,Del0.8,0.62
X-1008,OR2T10,127069.0,Amp8,9.51
X-1008,OR2T11,127077.0,Amp8,9.51
X-1008,OR2T35,403244.0,Amp8,9.51
X-1008,ORAI1,84876.0,MutNovel,"PP43-,1.000"
X-1008,OTUD1,220213.0,MutNovel,"D122E,0.538"
X-1008,PACRGL,133015.0,Del0.8,0.79
X-1008,PAOX,196743.0,Del0.8,0.68
X-1008,PARP10,84875.0,Amp5,5.13
X-1008,PBK,55872.0,Del0.8,0.58
X-1008,PCAT1,100750225.0,Amp5,5.06
X-1008,PCDH11Y,83259.0,Del0.8,0.22
X-1008,PCDHB13,56123.0,MutNovel,"L491P,0.600"
X-1008,PCDHB4,56131.0,MutNovel,"L490P,0.500"
X-1008,PCDHB7,56129.0,MutNovel,"G756E,1.000"
X-1008,PCM1,5108.0,Del0.8,0.62
X-1008,PCSK1,5122.0,Del0.8,0.53
X-1008,PDCD2L,84306.0,MutNovel,"T280A,0.272"
X-1008,PDCL3,79031.0,MutNovel,"P159L,0.581"
X-1008,PDE4B,5142.0,Del0.8,0.79
X-1008,PDE8A,5151.0,Amp5,5.62
X-1008,PDGFRL,5157.0,Del0.8,0.62
X-1008,PDLIM2,64236.0,Del0.8,0.61
X-1008,PDXK,8566.0,MutNovel,"A228T,0.584"
X-1008,PEAK1,79834.0,MutNovel,"T860A,1.000"
X-1008,PEBP4,157310.0,Del0.8,0.61
X-1008,PHF20L1,51105.0,Amp5,5.06
X-1008,PHLDA1,22822.0,MutNovel,"QQ194Q,1.000"
X-1008,PHYHIP,9796.0,Del0.8,0.61
X-1008,PI4K2B,55300.0,Del0.8,0.78
X-1008,PIGX,54965.0,MutNovel,"A27S,0.235"
X-1008,PIGX,54965.0,MutNovel,"A28G,0.220"
X-1008,PINX1,54984.0,Del0.8,0.6
X-1008,PIWIL2,55124.0,Del0.8,0.61
X-1008,PKD1,5310.0,MutNovel,"L56P,0.264"
X-1008,PLCB1,23236.0,MutNovel,"E553D,0.385"
X-1008,PLCD3,113026.0,MutNovel,"R291C,1.000"
X-1008,PLEC,5339.0,Amp5,5.13
X-1008,PNMA2,10687.0,Del0.8,0.6
X-1008,PNOC,5368.0,Del0.8,0.58
X-1008,POLR2A,5430.0,MutNovel,"S11G,0.993"
X-1008,POLR3D,661.0,Del0.8,0.61
X-1008,POLR3G,10622.0,Del0.8,0.53
X-1008,POU5F1B,5462.0,Amp5,5.06
X-1008,POU5F2,134187.0,Del0.8,0.53
X-1008,PPARD,5467.0,MutNovel,"R99G,0.223"
X-1008,PPARD,5467.0,MutKnownFunctional,"-349P?,0.597"
X-1008,PPARGC1A,10891.0,Del0.8,0.78
X-1008,PPIL3,53938.0,Del0.8,0.73
X-1008,PPP1R16A,84988.0,Amp5,5.13
X-1008,PPP1R3B,79660.0,Del0.8,0.6
X-1008,PPP2R2A,5520.0,Del0.8,0.6
X-1008,PPP2R2D,55844.0,Del0.8,0.77
X-1008,PPP3CC,5533.0,Del0.8,0.61
X-1008,PRAP1,118471.0,Del0.8,0.68
X-1008,PRIC285,85441.0,MutNovel,"K1225R,0.418"
X-1008,PRKCH,5583.0,MutNovel,"G351R,0.595"
X-1008,PRKY,5616.0,Del0.8,0.22
X-1008,PRL,5617.0,Amp5,5.66
X-1008,PRR22,163154.0,MutNovel,"D53N,1.000"
X-1008,PRSS55,203074.0,Del0.8,0.6
X-1008,PRY,9081.0,Del0.8,0.22
X-1008,PRY,9081.0,Del0.8,0.22
X-1008,PRY2,442862.0,Del0.8,0.22
X-1008,PRY2,442862.0,Del0.8,0.22
X-1008,PSCA,8000.0,Amp5,5.13
X-1008,PSD3,23362.0,Del0.8,0.62
X-1008,PSMB1,5689.0,MutNovel,"T39A,0.309"
X-1008,PSMD2,5708.0,MutNovel,"T132S,0.207"
X-1008,PTEN,5728.0,Del0.8,0.49
X-1008,PTK2,5747.0,Amp5,5.13
X-1008,PTK2B,2185.0,Del0.8,0.58
X-1008,PTP4A3,11156.0,Amp5,5.13
X-1008,PTPDC1,138639.0,MutNovel,"N524D,1.000"
X-1008,PTPRD,5789.0,MutNovel,"V1232E,1.000"
X-1008,PTPRD,5789.0,MutNovel,"M457V,1.000"
X-1008,PUF60,22827.0,Amp5,5.13
X-1008,PVT1,5820.0,Amp5,5.06
X-1008,PYCRL,65263.0,Amp5,5.13
X-1008,R3HCC1,203069.0,Del0.8,0.61
X-1008,RAD21,5885.0,Amp5,5.06
X-1008,RAD21-AS1,644660.0,Amp5,5.06
X-1008,RADIL,55698.0,MutNovel,"N790S,1.000"
X-1008,RASA1,5921.0,Del0.8,0.54
X-1008,RBM10,8241.0,MutNovel,"S6P,1.000"
X-1008,RBM11,54033.0,Amp5,5.17
X-1008,RBMY1A3P,286557.0,Del0.8,0.22
X-1008,RBMY1B,378948.0,Del0.8,0.22
X-1008,RBMY1B,378948.0,Del0.8,0.22
X-1008,RBMY1E,378950.0,Del0.8,0.22
X-1008,RBMY1E,378950.0,Del0.8,0.22
X-1008,RBMY1F,159163.0,Del0.8,0.22
X-1008,RBMY1F,159163.0,Del0.8,0.22
X-1008,RBMY1J,378951.0,Del0.8,0.22
X-1008,RBMY1J,378951.0,Del0.8,0.22
X-1008,RBMY2EP,159125.0,Del0.8,0.22
X-1008,RBMY2FP,159162.0,Del0.8,0.22
X-1008,RBMY3AP,64593.0,Del0.8,0.22
X-1008,RBPMS,11030.0,Del0.8,0.76
X-1008,RECQL4,9401.0,Amp5,5.13
X-1008,REEP4,80346.0,Del0.8,0.61
X-1008,RFESD,317671.0,Del0.8,0.53
X-1008,RGL1,23179.0,Amp5,5.62
X-1008,RHOBTB2,23221.0,Del0.8,0.61
X-1008,RHOBTB3,22836.0,Del0.8,0.53
X-1008,RHPN1,114822.0,Amp5,5.13
X-1008,RIMKLB,57494.0,MutNovel,"M217I,0.222"
X-1008,RIN3,79890.0,MutNovel,"G967-,1.000"
X-1008,RIOK2,55781.0,Del0.8,0.54
X-1008,RNF139,11236.0,Amp5,5.06
X-1008,RNF150,57484.0,MutNovel,"Q380K,1.000"
X-1008,RNF2,6045.0,Amp5,5.86
X-1008,RNF207,388591.0,MutKnownFunctional,"-629,0.632"
X-1008,RNF223,401934.0,MutNovel,"A172M,0.750"
X-1008,RNF25,64320.0,MutNovel,"R415Q,1.000"
X-1008,RNLS,55328.0,Del0.8,0.26
X-1008,RP1-177G6.2,286411.0,Del0.8,0.64
X-1008,RP1L1,94137.0,Del0.8,0.6
X-1008,RPL23AP53,644128.0,Del0.8,0.54
X-1008,RPL8,6132.0,Amp5,5.13
X-1008,RPP38,10557.0,MutKnownFunctional,"W33*,0.204"
X-1008,RPS4Y1,6192.0,Del0.8,0.22
X-1008,RPS4Y2,140032.0,Del0.8,0.22
X-1008,RSAD2,91543.0,MutKnownFunctional,"Q50*,0.333"
X-1008,RWDD2B,10069.0,Amp5,5.06
X-1008,SAMD12,401474.0,Amp5,5.06
X-1008,SAMD12-AS1,552860.0,Amp5,5.06
X-1008,SAMSN1,64092.0,Amp5,5.17
X-1008,SCAND2,54581.0,Amp5,5.62
X-1008,SCARA3,51435.0,Del0.8,0.58
X-1008,SCARA5,286133.0,Del0.8,0.58
X-1008,SCGB3A1,92304.0,MutNovel,"-18L,0.368"
X-1008,SCRIB,23513.0,Amp5,5.13
X-1008,SCRT1,83482.0,Amp5,5.13
X-1008,SCXA,100129885.0,Amp5,5.13
X-1008,SEC11A,23478.0,Amp5,5.62
X-1008,SEPSECS,51091.0,Del0.8,0.78
X-1008,SERINC2,347735.0,MutNovel,"-373Q,1.000"
X-1008,SERTAD3,29946.0,MutNovel,"I189V,1.000"
X-1008,SFTPC,6440.0,Del0.8,0.61
X-1008,SGCZ,137868.0,Del0.8,0.61
X-1008,SGK223,157285.0,Del0.8,0.6
X-1008,SGOL2,151246.0,MutNovel,"Q1014L,0.693"
X-1008,SH2D4A,63898.0,Del0.8,0.62
X-1008,SH3BP1,23616.0,MutNovel,"S550T,0.261"
X-1008,SHANK3,85358.0,MutNovel,"L1148P,0.307"
X-1008,SHARPIN,81858.0,Amp5,5.13
X-1008,SHISA8,440829.0,MutNovel,"A320V,0.643"
X-1008,SHMT1,6470.0,MutNovel,"G85R,0.996"
X-1008,SIPA1L3,23094.0,MutNovel,"G290R,0.795"
X-1008,SIRT2,22933.0,MutNovel,"R153C,0.757"
X-1008,SLA,6503.0,Amp5,5.06
X-1008,SLC18A1,6570.0,Del0.8,0.62
X-1008,SLC25A35,399512.0,MutNovel,"P202S,0.975"
X-1008,SLC25A37,51312.0,Del0.8,0.49
X-1008,SLC28A1,9154.0,MutNovel,"L140LV,0.533"
X-1008,SLC28A1,9154.0,Amp5,5.62
X-1008,SLC30A8,169026.0,Amp5,5.06
X-1008,SLC35G5,83650.0,Del0.8,0.62
X-1008,SLC39A14,23516.0,Del0.8,0.61
X-1008,SLC39A4,55630.0,Amp5,5.13
X-1008,SLC45A4,57210.0,Amp5,5.13
X-1008,SLC5A6,8884.0,MutKnownFunctional,"-623,0.816"
X-1008,SLC7A2,6542.0,Del0.8,0.62
X-1008,SLIT2,9353.0,Del0.8,0.79
X-1008,SLIT2-IT1,100505893.0,Del0.8,0.79
X-1008,SLURP1,57152.0,Amp5,5.13
X-1008,SMG7,9887.0,Amp5,5.62
X-1008,SNORD11,692058.0,Del0.8,0.77
X-1008,SNORD11B,100113392.0,Del0.8,0.77
X-1008,SNTB1,6641.0,Amp5,5.06
X-1008,SOD3,6649.0,Del0.8,0.78
X-1008,SORBS3,10174.0,Del0.8,0.61
X-1008,SOX7,83595.0,Del0.8,0.6
X-1008,SPAG11A,653423.0,Del0.8,0.74
X-1008,SPAG11B,10407.0,Del0.8,0.74
X-1008,SPAG11B,10407.0,Del0.8,0.74
X-1008,SPANXA2,728712.0,Del0.8,0.73
X-1008,SPANXA2,728712.0,Del0.8,0.73
X-1008,SPATA9,83890.0,Del0.8,0.53
X-1008,SPATC1,375686.0,Amp5,5.13
X-1008,SPEG,10290.0,MutNovel,"S2047G,0.258"
X-1008,SPRN,503542.0,Del0.8,0.68
X-1008,SPRNP1,399833.0,Del0.8,0.68
X-1008,SPTB,6710.0,MutNovel,"K656M,0.577"
X-1008,SQLE,6713.0,Amp5,5.06
X-1008,SRMS,6725.0,MutNovel,"A453V,0.773"
X-1008,SRY,6736.0,Del0.8,0.22
X-1008,ST3GAL1,6482.0,Amp5,5.06
X-1008,ST6GALNAC4,27090.0,MutNovel,"F17L,1.000"
X-1008,ST6GALNAC5,81849.0,MutNovel,"W320C,0.372"
X-1008,STC1,6781.0,Del0.8,0.6
X-1008,STK32C,282974.0,MutNovel,"A14V,1.000"
X-1008,STMN4,81551.0,Del0.8,0.58
X-1008,SULT1A1,6817.0,MutNovel,"T238S,0.224"
X-1008,SYCE1,93426.0,Del0.8,0.68
X-1008,SYNE2,23224.0,MutNovel,"K1869N,0.209"
X-1008,TAF2,6873.0,Amp5,5.06
X-1008,TARBP1,6894.0,MutNovel,"A235T,0.419"
X-1008,TARBP1,6894.0,MutNovel,"A181V,0.393"
X-1008,TATDN1,83940.0,Amp5,5.06
X-1008,TBC1D3F,,MutNovel,"R137K,1.000"
X-1008,TBC1D9,23158.0,MutNovel,"F232S,1.000"
X-1008,TBL1Y,90665.0,Del0.8,0.22
X-1008,TBP,6908.0,MutNovel,"-64Q,1.000"
X-1008,TBP,6908.0,MutNovel,"Q72-,0.930"
X-1008,TCERG1,10915.0,MutNovel,"Q206K,1.000"
X-1008,TCERG1L,256536.0,Del0.8,0.77
X-1008,TDH,157739.0,Del0.8,0.62
X-1008,TEP1,7011.0,MutNovel,"G506E,0.412"
X-1008,TFAP2C,7022.0,MutNovel,"D141E,0.336"
X-1008,TG,7038.0,Amp5,5.06
X-1008,TGIF2LY,90655.0,Del0.8,0.22
X-1008,TIGD5,84948.0,Amp5,5.13
X-1008,TIMM23,100287932.0,MutNovel,"R70W,0.400"
X-1008,TMED10P1,286102.0,Amp5,5.13
X-1008,TMEM161B,153396.0,Del0.8,0.54
X-1008,TMEM184A,202915.0,MutNovel,"G392GA,1.000"
X-1008,TMEM65,157378.0,Amp5,5.06
X-1008,TMEM71,137835.0,Amp5,5.06
X-1008,TMEM88,92162.0,MutNovel,"P12S,1.000"
X-1008,TMPRSS15,5651.0,Amp5,5.17
X-1008,TMSB4Y,9087.0,Del0.8,0.22
X-1008,TNFRSF10A,8797.0,Del0.8,0.61
X-1008,TNFRSF10B,8795.0,Del0.8,0.61
X-1008,TNFRSF10C,8794.0,Del0.8,0.61
X-1008,TNFRSF10D,8793.0,Del0.8,0.61
X-1008,TNFRSF11B,4982.0,Amp5,5.06
X-1008,TNKS,8658.0,Del0.8,0.6
X-1008,TOM1L2,146691.0,MutNovel,"L363S,1.000"
X-1008,TONSL,4796.0,Amp5,5.13
X-1008,TOP1MT,116447.0,Amp5,5.13
X-1008,TOP2A,7153.0,MutNovel,"N210S,1.000"
X-1008,TP53,7157.0,MutKnownFunctional,"-155,1.000"
X-1008,TRAIP,10293.0,MutNovel,"K224M,0.300"
X-1008,TRAPPC9,83696.0,Amp5,5.13
X-1008,TREH,11181.0,MutNovel,"T539M,1.000"
X-1008,TRIB1,10221.0,Amp5,5.06
X-1008,TRIM35,23087.0,Del0.8,0.58
X-1008,TRMT12,55039.0,Amp5,5.06
X-1008,TRMT1L,81627.0,Amp5,5.86
X-1008,TRPS1,7227.0,Amp5,5.06
X-1008,TSEN15,116461.0,Amp5,5.62
X-1008,TSNARE1,203062.0,Amp5,5.13
X-1008,TSNAX,7257.0,MutNovel,"I137F,0.664"
X-1008,TSPY1,7258.0,Del0.8,0.22
X-1008,TSPY2,64591.0,Del0.8,0.22
X-1008,TSPY3,728137.0,Del0.8,0.22
X-1008,TSPY4,728395.0,Del0.8,0.22
X-1008,TSPY8,728403.0,Del0.8,0.22
X-1008,TSPYL1,7259.0,MutNovel,"V176VW,0.502"
X-1008,TSTA3,7264.0,Amp5,5.13
X-1008,TTC37,9652.0,Del0.8,0.53
X-1008,TTTY10,246119.0,Del0.8,0.22
X-1008,TTTY11,83866.0,Del0.8,0.22
X-1008,TTTY12,83867.0,Del0.8,0.22
X-1008,TTTY13,83868.0,Del0.8,0.22
X-1008,TTTY14,83869.0,Del0.8,0.22
X-1008,TTTY15,64595.0,Del0.8,0.22
X-1008,TTTY16,252948.0,Del0.8,0.22
X-1008,TTTY17A,252949.0,Del0.8,0.22
X-1008,TTTY17A,252949.0,Del0.8,0.22
X-1008,TTTY18,252950.0,Del0.8,0.22
X-1008,TTTY19,252952.0,Del0.8,0.22
X-1008,TTTY1B,100101116.0,Del0.8,0.22
X-1008,TTTY1B,100101116.0,Del0.8,0.22
X-1008,TTTY2,60439.0,Del0.8,0.22
X-1008,TTTY2,60439.0,Del0.8,0.22
X-1008,TTTY20,252951.0,Del0.8,0.22
X-1008,TTTY21,252953.0,Del0.8,0.22
X-1008,TTTY21,252953.0,Del0.8,0.22
X-1008,TTTY22,252954.0,Del0.8,0.22
X-1008,TTTY23,252955.0,Del0.8,0.22
X-1008,TTTY23,252955.0,Del0.8,0.22
X-1008,TTTY3,114760.0,Del0.8,0.22
X-1008,TTTY3,114760.0,Del0.8,0.22
X-1008,TTTY4,114761.0,Del0.8,0.22
X-1008,TTTY4,114761.0,Del0.8,0.22
X-1008,TTTY5,83863.0,Del0.8,0.22
X-1008,TTTY6,84672.0,Del0.8,0.22
X-1008,TTTY6,84672.0,Del0.8,0.22
X-1008,TTTY7,246122.0,Del0.8,0.22
X-1008,TTTY7,246122.0,Del0.8,0.22
X-1008,TTTY7B,100101120.0,Del0.8,0.22
X-1008,TTTY7B,100101120.0,Del0.8,0.22
X-1008,TTTY8,84673.0,Del0.8,0.22
X-1008,TTTY8,84673.0,Del0.8,0.22
X-1008,TTTY9A,83864.0,Del0.8,0.22
X-1008,TTTY9A,83864.0,Del0.8,0.22
X-1008,TUBGCP2,10844.0,Del0.8,0.68
X-1008,TUSC3,7991.0,Del0.8,0.61
X-1008,TXLNG2P,246126.0,Del0.8,0.22
X-1008,UBQLNL,143630.0,MutNovel,"D287G,0.444"
X-1008,UNKL,64718.0,MutNovel,"R582Q,0.303"
X-1008,USP16,10600.0,Amp5,5.06
X-1008,USP25,29761.0,Amp5,5.17
X-1008,USP46,64854.0,MutNovel,"S199C,0.277"
X-1008,USP9Y,8287.0,Del0.8,0.22
X-1008,UTP23,84294.0,Amp5,5.06
X-1008,UTY,7404.0,Del0.8,0.22
X-1008,VCY,9084.0,Del0.8,0.22
X-1008,VCY,9084.0,Del0.8,0.22
X-1008,VPS28,51160.0,Amp5,5.13
X-1008,VPS37A,137492.0,Del0.8,0.62
X-1008,WASH1,100287171.0,MutNovel,"P152A,0.375"
X-1008,WDR20,91833.0,MutNovel,"H179Q,0.364"
X-1008,WDR67,93594.0,Amp5,5.06
X-1008,WDR73,84942.0,Amp5,5.62
X-1008,WDYHV1,55093.0,Amp5,5.06
X-1008,WHAMM,123720.0,MutNovel,"PPP647-,1.000"
X-1008,WISP1,8840.0,Amp5,5.06
X-1008,XKR5,389610.0,Del0.8,0.62
X-1008,XKR6,286046.0,Del0.8,0.77
X-1008,XKRY2,353515.0,Del0.8,0.22
X-1008,XKRY2,353515.0,Del0.8,0.22
X-1008,XPC,7508.0,MutNovel,"R725Q,1.000"
X-1008,XPO7,23039.0,Del0.8,0.61
X-1008,ZC3H3,23144.0,MutNovel,"E695K,0.953"
X-1008,ZC3H3,23144.0,Amp5,5.13
X-1008,ZC3H4,23211.0,MutNovel,"M644R,0.318"
X-1008,ZDHHC11,79844.0,MutNovel,"A303D,0.667"
X-1008,ZDHHC11,79844.0,MutNovel,"V193I,0.617"
X-1008,ZDHHC2,51201.0,Del0.8,0.62
X-1008,ZFAT,57623.0,Amp5,5.78
X-1008,ZFAT-AS1,594840.0,Amp5,5.06
X-1008,ZFHX2,85446.0,MutNovel,"F1980S,0.333"
X-1008,ZFHX4,79776.0,MutNovel,"K946M,1.000"
X-1008,ZFP41,286128.0,Amp5,5.13
X-1008,ZFY,7544.0,Del0.8,0.22
X-1008,ZHX1,11244.0,Amp5,5.06
X-1008,ZHX1-C8ORF76,100533106.0,Amp5,5.06
X-1008,ZHX2,22882.0,Amp5,5.06
X-1008,ZIC4,84107.0,MutNovel,"L204P,0.278"
X-1008,ZIC4,84107.0,MutNovel,"F167L,0.450"
X-1008,ZMAT1,84460.0,MutNovel,"R327G,0.388"
X-1008,ZNF16,7564.0,Amp5,5.13
X-1008,ZNF229,7772.0,MutKnownFunctional,"-682?,1.000"
X-1008,ZNF250,58500.0,Amp5,5.13
X-1008,ZNF251,90987.0,Amp5,5.13
X-1008,ZNF286B,729288.0,MutNovel,"A49ARRR,1.000"
X-1008,ZNF34,80778.0,Amp5,5.13
X-1008,ZNF384,171017.0,MutNovel,"QQ514Q,1.000"
X-1008,ZNF395,55893.0,Del0.8,0.58
X-1008,ZNF469,84627.0,MutNovel,"A566V,0.557"
X-1008,ZNF469,84627.0,MutNovel,"P3463R,0.484"
X-1008,ZNF492,57615.0,MutNovel,"A40T,1.000"
X-1008,ZNF511,118472.0,Del0.8,0.68
X-1008,ZNF516,9658.0,MutNovel,"P484L,0.826"
X-1008,ZNF517,340385.0,Amp5,5.13
X-1008,ZNF544,27300.0,MutNovel,"H482Q,0.344"
X-1008,ZNF572,137209.0,Amp5,5.06
X-1008,ZNF592,9640.0,Amp5,5.62
X-1008,ZNF596,169270.0,Del0.8,0.33
X-1008,ZNF609,23060.0,MutNovel,"R124C,1.000"
X-1008,ZNF623,9831.0,Amp5,5.13
X-1008,ZNF696,79943.0,Amp5,5.13
X-1008,ZNF7,7553.0,Amp5,5.13
X-1008,ZNF707,286075.0,Amp5,5.13
X-1008,ZNF780A,284323.0,MutNovel,"Q600H,0.211"
X-1008,ZSCAN2,54993.0,Amp5,5.62
X-1008,ZSWIM5,57643.0,MutNovel,"V1180A,1.000"
X-1008,ZXDA,7789.0,MutNovel,"G20GAAV,0.500"
X-1008,ZXDB,158586.0,MutNovel,"-18GGG,1.000"
X-1008,ZYX,7791.0,MutNovel,"M455T,0.462"
X-1298,ABCB10,23456.0,MutNovel,"V83G,0.500"
X-1298,ABTB2,25841.0,MutNovel,"T327K,0.412"
X-1298,ACE,1636.0,MutNovel,"G2V,1.000"
X-1298,ACE,1636.0,MutNovel,"L13LLP,0.585"
X-1298,ACOT1,641371.0,MutNovel,"V212M,1.000"
X-1298,ADAM18,8749.0,Amp8,10.7
X-1298,ADAM2,2515.0,Amp8,10.7
X-1298,ADAM32,203102.0,Amp5,5.17
X-1298,ADAM3A,1587.0,Del0.8,0.32
X-1298,ADAM9,8754.0,Amp5,5.17
X-1298,ADCK5,203054.0,Amp5,7.78
X-1298,ADCY8,114.0,Amp5,7.62
X-1298,ADNP2,22850.0,MutNovel,"Q524H,0.649"
X-1298,ADRB3,155.0,Amp5,5.17
X-1298,AGPAT6,137964.0,Amp5,5.43
X-1298,AHNAK2,113146.0,MutNovel,"L2911N,0.333"
X-1298,AIM1L,55057.0,MutNovel,"D539A,1.000"
X-1298,AKR7A2,8574.0,MutNovel,"R120W,0.517"
X-1298,ALDH3B1,221.0,MutKnownFunctional,"-301?,0.214"
X-1298,ALG12,79087.0,Amp8,19.29
X-1298,AMELY,266.0,Del0.8,0.29
X-1298,ANK1,286.0,Amp5,5.43
X-1298,ANKRD17,26057.0,MutNovel,"E1486G,0.521"
X-1298,ANO10,55129.0,MutNovel,"I128M,1.000"
X-1298,ANXA13,312.0,Amp5,6.73
X-1298,AP3M2,10947.0,Amp5,5.43
X-1298,AP4M1,9179.0,MutKnownFunctional,"-195,0.219"
X-1298,APC,324.0,MutNovel,"A1474T,1.000"
X-1298,ARC,23237.0,Amp5,7.62
X-1298,ARCN1,372.0,MutNovel,"Q129H,0.470"
X-1298,ARHGAP39,80728.0,Amp5,7.78
X-1298,ARHGEF38,54848.0,MutNovel,"G234V,0.576"
X-1298,ARID1A,8289.0,MutNovel,"S763R,0.992"
X-1298,ARID1B,57492.0,MutNovel,"-114Q,0.385"
X-1298,ARID3B,10620.0,MutNovel,"-5Q,0.259"
X-1298,ARL6IP4,51329.0,MutNovel,"P115L,0.512"
X-1298,ART5,116969.0,MutNovel,"-25P,0.848"
X-1298,ASAP1,50807.0,Amp5,7.62
X-1298,ASAP1-IT1,29065.0,Amp5,7.62
X-1298,ASH2L,9070.0,MutKnownFunctional,"Q303*,0.204"
X-1298,ASH2L,9070.0,Amp5,5.17
X-1298,ATAD2,29028.0,Amp5,6.73
X-1298,ATP6AP1,537.0,MutNovel,"L32LAA,0.392"
X-1298,BAG4,9530.0,Amp5,5.17
X-1298,BAI1,575.0,Amp5,7.62
X-1298,BAIAP3,8938.0,MutNovel,"S584I,0.512"
X-1298,BCL9L,283149.0,MutNovel,"R1231G,0.330"
X-1298,BCORP1,286554.0,Del0.8,0.29
X-1298,BEST4,266675.0,MutNovel,"G419EG,0.909"
X-1298,BOP1,23246.0,MutNovel,"K339R,1.000"
X-1298,BOP1,23246.0,Amp5,7.78
X-1298,BPY2B,442867.0,Del0.8,0.29
X-1298,BPY2B,442867.0,Del0.8,0.29
X-1298,BRD1,23774.0,Amp8,19.29
X-1298,BREA2,286076.0,Amp5,7.78
X-1298,BRF2,55290.0,Amp5,5.17
X-1298,C19orf24,55009.0,MutNovel,"PLLL9P,1.000"
X-1298,C19orf52,90580.0,MutNovel,"V64L,1.000"
X-1298,C19orf68,,MutNovel,"R568M,0.647"
X-1298,C22orf34,348645.0,Amp8,19.29
X-1298,C8orf31,286122.0,Amp5,7.62
X-1298,C8orf33,65265.0,Amp8,11.24
X-1298,C8orf4,56892.0,Amp5,5.43
X-1298,C8orf73,642475.0,Amp5,7.78
X-1298,C8orf76,84933.0,Amp5,6.73
X-1298,C8orf82,414919.0,Amp5,7.78
X-1298,C8orf86,389649.0,Amp5,5.17
X-1298,C9orf173,441476.0,MutNovel,"L343P,0.389"
X-1298,CC2D2A,57545.0,MutNovel,"R948W,0.609"
X-1298,CCDC166,100130274.0,Amp5,7.78
X-1298,CCT3,7203.0,MutNovel,"D132H,0.278"
X-1298,CDY1B,253175.0,Del0.8,0.29
X-1298,CDY1B,253175.0,Del0.8,0.29
X-1298,CDY2A,9426.0,Del0.8,0.29
X-1298,CDY2A,9426.0,Del0.8,0.29
X-1298,CDY2B,203611.0,Del0.8,0.29
X-1298,CDY2B,203611.0,Del0.8,0.29
X-1298,CEACAM1,634.0,MutNovel,"T100I,0.385"
X-1298,CEACAM1,634.0,MutNovel,"S96I,0.333"
X-1298,CELSR1,9620.0,MutNovel,"A94T,1.000"
X-1298,CELSR1,9620.0,MutNovel,"P46L,1.000"
X-1298,CELSR1,9620.0,MutNovel,"PP6P,0.774"
X-1298,CELSR2,1952.0,MutNovel,"T2212S,0.513"
X-1298,CENPB,1059.0,MutNovel,"E428GK,0.556"
X-1298,CENPE,1062.0,MutNovel,"R459Q,0.612"
X-1298,CEP192,55125.0,MutNovel,"EQ980E,0.206"
X-1298,CEP192,55125.0,MutNovel,"Q981R,0.290"
X-1298,CHRAC1,54108.0,Amp5,7.62
X-1298,CIC,23152.0,MutNovel,"V1165L,0.556"
X-1298,CLEC2L,154790.0,MutNovel,"P118S,0.333"
X-1298,CLN5,1203.0,MutNovel,"T56A,0.400"
X-1298,CLPB,81570.0,MutNovel,"A522C,0.537"
X-1298,CLUAP1,23059.0,MutNovel,"K335N,0.433"
X-1298,COL14A1,7373.0,Amp5,6.73
X-1298,COL22A1,169044.0,Amp5,7.62
X-1298,COLEC10,10584.0,Amp5,6.73
X-1298,COMMD5,28991.0,MutNovel,"A162P,0.839"
X-1298,COMMD5,28991.0,Amp5,7.78
X-1298,CPSF1,29894.0,Amp5,7.78
X-1298,CRELD2,79174.0,Amp8,19.29
X-1298,CRMP1,1400.0,MutNovel,"G100A,1.000"
X-1298,CROCC,9696.0,MutNovel,"R352Q,0.203"
X-1298,CSMD3,114788.0,Amp5,7.36
X-1298,CSPG4P1Y,114758.0,Del0.8,0.29
X-1298,CSPG4P1Y,114758.0,Del0.8,0.29
X-1298,CSPG5,10675.0,MutNovel,"A36T,1.000"
X-1298,CTNNAL1,8727.0,MutNovel,"A78T,0.362"
X-1298,CYC1,1537.0,Amp5,7.78
X-1298,CYHR1,50626.0,Amp5,7.78
X-1298,CYP11B1,1584.0,Amp5,7.62
X-1298,CYP11B2,1585.0,Amp5,7.62
X-1298,DAZ1,1617.0,Del0.8,0.29
X-1298,DAZ2,57055.0,Del0.8,0.29
X-1298,DAZ3,57054.0,Del0.8,0.29
X-1298,DAZ3,57054.0,Del0.8,0.29
X-1298,DAZ4,57135.0,Del0.8,0.29
X-1298,DAZ4,57135.0,Del0.8,0.29
X-1298,DDHD2,23259.0,Amp5,5.17
X-1298,DDX11,1663.0,MutNovel,"R308RR,0.474"
X-1298,DDX11,1663.0,MutNovel,"A347D,1.000"
X-1298,DDX3Y,8653.0,Del0.8,0.29
X-1298,DENND3,22898.0,Amp5,7.62
X-1298,DEPTOR,64798.0,Amp5,6.73
X-1298,DERL1,79139.0,Amp5,6.73
X-1298,DGAT1,8694.0,Amp5,7.78
X-1298,DHX40,79665.0,MutNovel,"R620Q,0.296"
X-1298,DIP2B,57609.0,MutNovel,"Q1242E,0.594"
X-1298,DKK4,27121.0,Amp5,5.43
X-1298,DOCK9,23348.0,MutNovel,"E1843K,0.508"
X-1298,DPY19L2,283417.0,MutNovel,"C204R,1.000"
X-1298,DSCC1,79075.0,Amp5,6.73
X-1298,DTD1,92675.0,MutNovel,"R10W,0.507"
X-1298,EBAG9,9166.0,Amp5,7.36
X-1298,EEF1D,1936.0,Amp5,7.78
X-1298,EFR3A,23167.0,Amp5,7.62
X-1298,EIF1AY,9086.0,Del0.8,0.29
X-1298,EIF2C2,27161.0,Amp5,7.62
X-1298,EIF3E,3646.0,Amp5,7.36
X-1298,EIF3H,8667.0,Amp5,6.73
X-1298,EIF4EBP1,1978.0,Amp5,5.17
X-1298,ELOF1,84337.0,MutNovel,"E79K,1.000"
X-1298,ENPP2,5168.0,Amp5,6.73
X-1298,ENY2,56943.0,Amp5,7.36
X-1298,EP400,57634.0,MutNovel,"Q2727E,0.812"
X-1298,EP400,57634.0,MutNovel,"Q2728K,0.500"
X-1298,EPHA1,2041.0,MutNovel,"P62H,0.324"
X-1298,EPPK1,83481.0,Amp5,7.78
X-1298,ERLIN2,11160.0,Amp5,5.17
X-1298,ESPL1,9700.0,MutNovel,"G974D,0.412"
X-1298,EXOSC4,54512.0,Amp5,7.78
X-1298,EXT1,2131.0,Amp5,6.73
X-1298,FAM134A,79137.0,MutNovel,"-386EE,0.260"
X-1298,FAM135B,51059.0,Amp5,7.62
X-1298,FAM161B,145483.0,MutNovel,"A281V,1.000"
X-1298,FAM171A2,284069.0,MutNovel,"R162S,1.000"
X-1298,FAM171B,165215.0,MutNovel,"-44QQ,0.385"
X-1298,FAM171B,165215.0,MutNovel,"-50Q,0.321"
X-1298,FAM197Y2P,252946.0,Del0.8,0.29
X-1298,FAM19A5,25817.0,Amp8,12.73
X-1298,FAM203A,51236.0,Amp5,7.78
X-1298,FAM21C,253725.0,MutNovel,"P936L,1.000"
X-1298,FAM41AY1,340618.0,Del0.8,0.29
X-1298,FAM41AY1,340618.0,Del0.8,0.29
X-1298,FAM49B,51571.0,Amp5,7.62
X-1298,FAM83A,84985.0,Amp5,6.73
X-1298,FAM83H,286077.0,Amp5,7.78
X-1298,FAM84B,157638.0,Amp5,6.73
X-1298,FAM91A1,157769.0,Amp5,6.73
X-1298,FANCM,57697.0,MutNovel,"V1690I,1.000"
X-1298,FBLN7,129804.0,MutNovel,"VE152V,0.600"
X-1298,FBXL6,26233.0,Amp5,7.78
X-1298,FBXO32,114907.0,Amp5,6.73
X-1298,FBXO36,130888.0,MutNovel,"G52V,0.415"
X-1298,FER1L6,654463.0,Amp5,6.73
X-1298,FER1L6-AS1,439941.0,Amp5,6.73
X-1298,FGFR1,2260.0,Amp5,5.17
X-1298,FLJ23152,401236.0,MutNovel,"R179H,0.733"
X-1298,FLJ43860,389690.0,Amp5,7.62
X-1298,FOXH1,8928.0,Amp5,7.78
X-1298,GAB2,9846.0,MutNovel,"S223N,0.634"
X-1298,GDPD1,284161.0,MutNovel,"G67E,0.212"
X-1298,GGCT,79017.0,MutKnownFunctional,"-130?,0.371"
X-1298,GIGYF2,26058.0,MutNovel,"K1036KQ,0.209"
X-1298,GIGYF2,26058.0,MutNovel,"PQ1231P,0.384"
X-1298,GINS4,84296.0,Amp5,5.43
X-1298,GLI4,2738.0,Amp5,7.78
X-1298,GML,2765.0,Amp5,7.62
X-1298,GNAS,2778.0,MutNovel,"A436D,1.000"
X-1298,GNAS,2778.0,MutNovel,"P459R,0.724"
X-1298,GNB1,2782.0,MutNovel,"E12K,0.489"
X-1298,GOLGA2P2Y,84559.0,Del0.8,0.29
X-1298,GOLGA2P2Y,84559.0,Del0.8,0.29
X-1298,GOLGA7,51125.0,Amp5,5.43
X-1298,GOLGB1,2804.0,MutNovel,"V3029I,0.502"
X-1298,GOT1L1,137362.0,Amp5,5.17
X-1298,GPAA1,8733.0,Amp5,7.78
X-1298,GPIHBP1,338328.0,Amp5,7.62
X-1298,GPR124,25960.0,Amp5,5.17
X-1298,GPR20,2843.0,Amp5,7.62
X-1298,GPT,2875.0,Amp5,7.78
X-1298,GRIN2C,2905.0,MutNovel,"V805G,0.297"
X-1298,GRINA,2907.0,Amp5,7.78
X-1298,GSDMC,56169.0,Amp5,7.62
X-1298,GSDMD,79792.0,Amp5,7.78
X-1298,GTF2IRD2B,389524.0,MutNovel,"G211S,0.292"
X-1298,GYG2P1,352887.0,Del0.8,0.29
X-1298,H6PD,9563.0,MutNovel,"N346S,0.447"
X-1298,HAS2,3037.0,Amp5,6.73
X-1298,HAS2-AS1,594842.0,Amp5,6.73
X-1298,HEATR7A,727957.0,Amp5,7.78
X-1298,HES6,55502.0,MutNovel,"S44I,0.415"
X-1298,HHLA1,10086.0,Amp5,7.62
X-1298,HIST2H2AB,317772.0,MutNovel,"N111D,0.214"
X-1298,HLA-A,3105.0,MutNovel,"G103R,0.778"
X-1298,HLA-B,3106.0,MutNovel,"D138H,0.294"
X-1298,HLA-DRB1,3123.0,MutNovel,"SP211RA,0.417"
X-1298,HLA-DRB1,3123.0,MutNovel,"D86S,1.000"
X-1298,HOXD1,3231.0,MutNovel,"A67P,0.588"
X-1298,HOXD8,3234.0,MutNovel,"A18T,0.480"
X-1298,HPYR1,93668.0,Amp5,7.62
X-1298,HSF1,3297.0,Amp5,7.78
X-1298,HSFY2,159119.0,Del0.8,0.29
X-1298,HSFY2,159119.0,Del0.8,0.29
X-1298,HSPA6,3310.0,MutNovel,"E530K,0.321"
X-1298,HTRA4,203100.0,Amp5,5.17
X-1298,IDO1,3620.0,Amp8,10.7
X-1298,IDO2,169355.0,Amp5,7.62
X-1298,IDUA,3425.0,MutNovel,"P528A,0.446"
X-1298,IFT140,9742.0,MutNovel,"R773W,0.560"
X-1298,IKBKB,3551.0,Amp5,5.43
X-1298,IL10RB,3588.0,MutNovel,"G240S,0.512"
X-1298,IL17REL,400935.0,Amp8,19.29
X-1298,IL5RA,3568.0,Amp5,5.1
X-1298,IQGAP1,8826.0,MutNovel,"E597K,0.308"
X-1298,JRK,8629.0,Amp5,7.62
X-1298,KAT6A,7994.0,Amp5,5.43
X-1298,KCNK9,51305.0,Amp5,7.62
X-1298,KCNQ3,3786.0,Amp5,7.62
X-1298,KCNV1,27012.0,Amp5,7.36
X-1298,KDM3B,51780.0,MutNovel,"S314N,0.549"
X-1298,KDM5D,8284.0,Del0.8,0.29
X-1298,KHDRBS3,10656.0,Amp5,7.62
X-1298,KIAA0196,9897.0,Amp5,6.73
X-1298,KIAA0556,23247.0,MutNovel,"K625N,0.519"
X-1298,KIAA1147,57189.0,MutNovel,"N382S,0.516"
X-1298,KIAA1875,340390.0,Amp5,7.78
X-1298,KIF7,374654.0,MutNovel,"A407D,0.556"
X-1298,KIF7,374654.0,MutNovel,"A397T,0.417"
X-1298,KIFC2,90990.0,Amp5,7.78
X-1298,KLHL2,11275.0,MutNovel,"E92G,0.812"
X-1298,KLHL38,340359.0,Amp5,6.73
X-1298,KRT13,3860.0,MutNovel,"N233K,0.500"
X-1298,KRTAP9-3,83900.0,Del0.8,0.7
X-1298,KRTAP9-4,85280.0,Del0.8,0.7
X-1298,KRTAP9-8,83901.0,Del0.8,0.7
X-1298,KTN1,3895.0,MutKnownFunctional,"E1190*,0.990"
X-1298,LAMA5,3911.0,MutNovel,"T709M,0.378"
X-1298,LETM2,137994.0,Amp5,5.17
X-1298,LIMS1,3987.0,MutNovel,"S341P,0.453"
X-1298,LINC00051,619434.0,Amp5,7.62
X-1298,LMTK3,114783.0,MutNovel,"E1315D,1.000"
X-1298,LOC100128338,100128338.0,Amp5,7.78
X-1298,LOC100128946,100128946.0,Amp8,13.83
X-1298,LOC100129480,100129480.0,MutNovel,"L222V,0.316"
X-1298,LOC100130231,100130231.0,Amp5,6.73
X-1298,LOC100130370,,MutNovel,"S71F,1.000"
X-1298,LOC100131094,100131094.0,MutNovel,"R141Q,1.000"
X-1298,LOC100131726,100131726.0,Amp5,6.73
X-1298,LOC100133669,100133669.0,Amp5,7.62
X-1298,LOC100287477,,MutNovel,"G470S,1.000"
X-1298,LOC100288181,100288181.0,Amp5,7.62
X-1298,LOC100288332,,MutNovel,"R50S,0.224"
X-1298,LOC100505767,,MutNovel,"T15K,1.000"
X-1298,LOC100506504,,MutNovel,"R86C,0.600"
X-1298,LOC100507117,100507117.0,Amp5,7.62
X-1298,LOC100996612,,MutNovel,"R21G,0.400"
X-1298,LOC157381,157381.0,Amp5,6.73
X-1298,LOC284933,284933.0,Amp5,6.82
X-1298,LOC286094,286094.0,Amp5,7.62
X-1298,LOC653720,,MutNovel,"P637L,1.000"
X-1298,LOC727677,727677.0,Amp5,6.73
X-1298,LOC728024,728024.0,Amp5,5.17
X-1298,LOC728724,728724.0,Amp5,7.62
X-1298,LOC731779,731779.0,Amp5,7.62
X-1298,LOC90834,90834.0,Amp8,19.29
X-1298,LRRC14,9684.0,Amp5,7.78
X-1298,LRRC24,441381.0,Amp5,7.78
X-1298,LRRC26,389816.0,MutNovel,"P312S,0.598"
X-1298,LRRC37A3,374819.0,MutNovel,"S945G,1.000"
X-1298,LRRC6,23639.0,Amp5,7.62
X-1298,LSM1,27257.0,Amp5,5.17
X-1298,LSR,51599.0,MutNovel,"G518GR,0.842"
X-1298,LTBP1,4052.0,MutNovel,"S46R,0.545"
X-1298,LTBP3,4054.0,MutNovel,"LLL33-,0.638"
X-1298,LY6D,8581.0,Amp5,7.62
X-1298,LY6E,4061.0,Amp5,7.62
X-1298,LY6H,4062.0,Amp5,7.62
X-1298,LY6K,54742.0,Amp5,7.62
X-1298,LYNX1,66004.0,Amp5,7.62
X-1298,LYPD2,137797.0,Amp5,7.62
X-1298,MAF1,84232.0,Amp5,7.78
X-1298,MAFA,389692.0,Amp5,7.78
X-1298,MAGI1,9223.0,MutNovel,"Q421HR,0.474"
X-1298,MAL2,114569.0,Amp5,6.73
X-1298,MAP1LC3B2,643246.0,MutNovel,"R68-,0.250"
X-1298,MAP3K4,4216.0,MutNovel,"PA1189P,0.727"
X-1298,MAPK15,225689.0,Amp5,7.78
X-1298,MAPKAPK2,9261.0,MutNovel,"T25A,0.632"
X-1298,MARCKS,4082.0,MutNovel,"P250L,1.000"
X-1298,MARS2,92935.0,MutKnownFunctional,"-18?,0.611"
X-1298,MBD3,53615.0,MutNovel,"V156D,1.000"
X-1298,MDN1,23195.0,MutKnownFunctional,"-1989?,0.312"
X-1298,MED30,90390.0,Amp5,6.73
X-1298,MESP2,145873.0,MutNovel,"Q263E,0.583"
X-1298,MFSD3,113655.0,Amp5,7.78
X-1298,MICAL3,57553.0,MutNovel,"T87S,1.000"
X-1298,MIR1204,100302185.0,Amp5,6.73
X-1298,MIR1205,100302161.0,Amp5,6.73
X-1298,MIR1206,100302170.0,Amp5,6.73
X-1298,MIR1207,100302175.0,Amp5,6.73
X-1298,MIR1208,100302281.0,Amp5,6.73
X-1298,MIR1234,100302196.0,Amp5,7.78
X-1298,MIR2053,100302225.0,Amp5,7.36
X-1298,MIR30B,407030.0,Amp5,7.62
X-1298,MIR30D,407033.0,Amp5,7.62
X-1298,MIR3201,100422916.0,Amp5,6.82
X-1298,MIR3610,100500914.0,Amp5,6.73
X-1298,MIR4472-1,100616268.0,Amp5,7.62
X-1298,MIR4535,100616415.0,Amp8,13.83
X-1298,MIR4663,100616260.0,Amp5,6.73
X-1298,MIR4664,100616318.0,Amp5,7.78
X-1298,MIR486,619554.0,Amp5,5.43
X-1298,MIR661,724031.0,Amp5,7.78
X-1298,MIR937,100126338.0,Amp5,7.78
X-1298,MIR939,100126351.0,Amp5,7.78
X-1298,MLC1,23209.0,Amp8,19.29
X-1298,MLL,4297.0,MutNovel,"A53V,0.571"
X-1298,MMP25,64386.0,MutNovel,"R106C,0.341"
X-1298,MOV10L1,54456.0,Amp8,19.29
X-1298,MPRIP,23164.0,MutNovel,"TS178T,0.496"
X-1298,MRPL13,28998.0,Amp5,6.73
X-1298,MRPL45,84311.0,MutNovel,"F15V,1.000"
X-1298,MSI1,4440.0,MutNovel,"R247S,0.520"
X-1298,MSRB2,22921.0,MutNovel,"G26A,0.994"
X-1298,MST1,4485.0,MutNovel,"R81W,0.286"
X-1298,MST1,4485.0,MutNovel,"P76L,0.273"
X-1298,MTBP,27085.0,Amp5,6.73
X-1298,MTSS1,9788.0,Amp5,6.73
X-1298,MUC1,4582.0,MutNovel,"S149L,0.442"
X-1298,MUC20,200958.0,MutNovel,"F12-,0.236"
X-1298,MUC20,200958.0,MutNovel,"T276M,0.353"
X-1298,MUC5B,727897.0,MutNovel,"M3122T,1.000"
X-1298,MXRA7,439921.0,MutNovel,"E36G,1.000"
X-1298,MXRA8,54587.0,MutNovel,"A41T,1.000"
X-1298,MYC,4609.0,Amp5,6.73
X-1298,MYCBP2,23077.0,MutNovel,"R4293Q,0.540"
X-1298,MYO5A,4644.0,MutNovel,"I842V,0.389"
X-1298,MYO5C,55930.0,MutNovel,"H1199Q,0.525"
X-1298,NAA25,80018.0,MutNovel,"F265L,0.279"
X-1298,NAPRT1,93100.0,Amp5,7.78
X-1298,NBPF14,25832.0,MutNovel,"G916E,1.000"
X-1298,NBPF9,400818.0,MutNovel,"Q184R,1.000"
X-1298,NBPF9,400818.0,MutNovel,"P471A,0.618"
X-1298,NBPF9,400818.0,MutNovel,"G580E,0.600"
X-1298,NCOA3,8202.0,MutNovel,"Q1264-,0.477"
X-1298,NCOR2,9612.0,MutNovel,"G1839GAAA,0.333"
X-1298,NCR3LG1,,MutNovel,"S414L,0.474"
X-1298,NCRNA00185,55410.0,Del0.8,0.29
X-1298,NDRG1,10397.0,Amp5,7.62
X-1298,NDUFB9,4715.0,Amp5,6.73
X-1298,NEIL1,79661.0,MutNovel,"R446M,0.518"
X-1298,NKX6-3,157848.0,Amp5,5.43
X-1298,NLGN4Y,22829.0,Del0.8,0.29
X-1298,NOMO3,408050.0,MutNovel,"N918T,0.800"
X-1298,NOV,4856.0,Amp5,6.73
X-1298,NPIPL3,23117.0,MutNovel,"R799H,0.389"
X-1298,NPIPL3,23117.0,MutNovel,"E779Q,0.593"
X-1298,NR1H2,7376.0,MutNovel,"-173Q,0.844"
X-1298,NR3C2,4306.0,MutNovel,"H685Q,0.409"
X-1298,NRBP2,340371.0,Amp5,7.78
X-1298,NSMCE2,286053.0,Amp5,6.73
X-1298,NT5DC3,51559.0,MutNovel,"A497T,0.632"
X-1298,NUDCD1,84955.0,Amp5,7.36
X-1298,NUP205,23165.0,MutNovel,"SLLT1538S,0.489"
X-1298,NUP205,23165.0,MutNovel,"P1542T,0.505"
X-1298,OC90,729330.0,Amp5,7.62
X-1298,OGFR,11054.0,MutNovel,"R605S,0.333"
X-1298,OPLAH,26873.0,Amp5,7.78
X-1298,ORAI1,84876.0,MutNovel,"PP43-,0.889"
X-1298,OXGR1,27199.0,MutNovel,"L45V,0.571"
X-1298,PARP10,84875.0,Amp5,7.78
X-1298,PCAT1,100750225.0,Amp5,6.73
X-1298,PCDH11Y,83259.0,Del0.8,0.29
X-1298,PCDHA4,56144.0,MutNovel,"A686S,0.469"
X-1298,PCDHB2,56133.0,MutNovel,"N420NIT,0.237"
X-1298,PCDHB4,56131.0,MutNovel,"A507T,0.267"
X-1298,PCDHB4,56131.0,MutNovel,"G531S,0.500"
X-1298,PCDHB7,56129.0,MutNovel,"L426F,0.692"
X-1298,PCDHB7,56129.0,MutNovel,"G756E,0.750"
X-1298,PCDHGA10,56106.0,MutKnownFunctional,"-823?,0.269"
X-1298,PCLO,27445.0,MutNovel,"Q4906P,0.430"
X-1298,PDE4DIP,9659.0,MutNovel,"P2341L,0.900"
X-1298,PDK3,5165.0,MutNovel,"K410Q,1.000"
X-1298,PDLIM5,10611.0,MutNovel,"R114C,0.483"
X-1298,PGLS,25796.0,MutNovel,"E116K,0.519"
X-1298,PHF20L1,51105.0,Amp5,7.62
X-1298,PHLDA1,22822.0,MutNovel,"QQ194Q,0.545"
X-1298,PIM3,415116.0,Amp8,19.29
X-1298,PKHD1L1,93035.0,Amp5,7.36
X-1298,PLAT,5327.0,Amp5,5.43
X-1298,PLCD4,84812.0,MutKnownFunctional,"Q220*,0.327"
X-1298,PLEC,5339.0,Amp5,7.78
X-1298,PLEKHA2,59339.0,Amp5,5.17
X-1298,PLK3,1263.0,MutNovel,"L8P,0.400"
X-1298,POLB,5423.0,Amp5,5.43
X-1298,POM121C,100101267.0,MutNovel,"APA739A,0.231"
X-1298,POTEA,340441.0,Amp5,5.31
X-1298,POU5F1B,5462.0,Amp5,6.73
X-1298,PPAPDC1B,84513.0,Amp5,5.17
X-1298,PPP1R16A,84988.0,Amp5,7.78
X-1298,PRIC285,85441.0,MutNovel,"G593S,0.688"
X-1298,PRKY,5616.0,Del0.8,0.29
X-1298,PROSC,11212.0,Amp5,5.17
X-1298,PRRT4,401399.0,MutNovel,"A478P,0.625"
X-1298,PRY,9081.0,Del0.8,0.29
X-1298,PRY,9081.0,Del0.8,0.29
X-1298,PRY2,442862.0,Del0.8,0.29
X-1298,PRY2,442862.0,Del0.8,0.29
X-1298,PSCA,8000.0,Amp5,7.62
X-1298,PTK2,5747.0,Amp5,7.62
X-1298,PTOV1,53635.0,MutNovel,"A7D,0.520"
X-1298,PTP4A3,11156.0,Amp5,7.62
X-1298,PUF60,22827.0,Amp5,7.78
X-1298,PVT1,5820.0,Amp5,6.73
X-1298,PXN,5829.0,MutNovel,"G305R,0.414"
X-1298,PYCRL,65263.0,Amp5,7.78
X-1298,RAB11FIP1,80223.0,Amp5,5.17
X-1298,RAB3C,115827.0,Del0.8,0.79
X-1298,RABL2A,11159.0,MutNovel,"V223A,0.250"
X-1298,RAD21,5885.0,Amp5,6.73
X-1298,RAD21-AS1,644660.0,Amp5,6.73
X-1298,RBBP8,5932.0,MutNovel,"KS438K,0.549"
X-1298,RBM10,8241.0,MutNovel,"S6P,0.993"
X-1298,RBMY1A3P,286557.0,Del0.8,0.29
X-1298,RBMY1B,378948.0,Del0.8,0.29
X-1298,RBMY1B,378948.0,Del0.8,0.29
X-1298,RBMY1E,378950.0,Del0.8,0.29
X-1298,RBMY1E,378950.0,Del0.8,0.29
X-1298,RBMY1F,159163.0,Del0.8,0.29
X-1298,RBMY1F,159163.0,Del0.8,0.29
X-1298,RBMY1J,378951.0,Del0.8,0.29
X-1298,RBMY1J,378951.0,Del0.8,0.29
X-1298,RBMY2EP,159125.0,Del0.8,0.29
X-1298,RBMY2FP,159162.0,Del0.8,0.29
X-1298,RBMY3AP,64593.0,Del0.8,0.29
X-1298,RECQL4,9401.0,Amp5,7.78
X-1298,RFTN1,23180.0,MutNovel,"H554Y,0.769"
X-1298,RFX7,64864.0,MutNovel,"S99L,0.557"
X-1298,RGS11,8786.0,MutKnownFunctional,"-222,0.359"
X-1298,RHPN1,114822.0,Amp5,7.78
X-1298,RNF139,11236.0,Amp5,6.73
X-1298,RNF5P1,286140.0,Amp5,5.17
X-1298,RPL8,6132.0,Amp5,7.78
X-1298,RPS4Y1,6192.0,Del0.8,0.29
X-1298,RPS4Y2,140032.0,Del0.8,0.29
X-1298,RRP7A,27341.0,MutNovel,"R48Q,0.991"
X-1298,RSPO2,340419.0,Amp5,7.36
X-1298,RUNDC3B,154661.0,MutNovel,"G7E,0.667"
X-1298,SAMD12,401474.0,Amp5,6.73
X-1298,SAMD12-AS1,552860.0,Amp5,6.73
X-1298,SCRIB,23513.0,Amp5,7.78
X-1298,SCRT1,83482.0,Amp5,7.78
X-1298,SCUBE2,57758.0,MutNovel,"LP22P,0.692"
X-1298,SCXA,100129885.0,Amp5,7.78
X-1298,SDK1,221935.0,MutNovel,"S1914F,0.714"
X-1298,SERINC2,347735.0,MutNovel,"-373Q,0.362"
X-1298,SFRP1,6422.0,Amp5,5.43
X-1298,SGSM3,27352.0,MutNovel,"S104F,0.996"
X-1298,SHARPIN,81858.0,Amp5,7.78
X-1298,SHROOM3,57619.0,MutNovel,"R884G,0.482"
X-1298,SIPA1L3,23094.0,MutNovel,"D1358N,0.518"
X-1298,SIRT1,23411.0,MutNovel,"AAARGCPG62-,0.727"
X-1298,SLA,6503.0,Amp5,7.62
X-1298,SLC30A8,169026.0,Amp5,6.73
X-1298,SLC39A4,55630.0,Amp5,7.78
X-1298,SLC39A6,25800.0,MutNovel,"E119A,0.405"
X-1298,SLC45A4,57210.0,Amp5,7.62
X-1298,SLURP1,57152.0,Amp5,7.62
X-1298,SNTA1,6640.0,MutNovel,"P191A,0.268"
X-1298,SNTB1,6641.0,Amp5,6.73
X-1298,SORD,6652.0,MutNovel,"V282I,0.406"
X-1298,SPATC1,375686.0,Amp5,7.78
X-1298,SPC24,147841.0,MutNovel,"L18M,1.000"
X-1298,SPG11,80208.0,MutNovel,"E2366K,0.289"
X-1298,SPIRE2,84501.0,MutNovel,"A4E,0.682"
X-1298,SQLE,6713.0,Amp5,6.73
X-1298,SRSF1,6426.0,MutNovel,"R109L,0.404"
X-1298,SRY,6736.0,Del0.8,0.29
X-1298,SSFA2,6744.0,MutNovel,"I1230V,0.538"
X-1298,ST3GAL1,6482.0,Amp5,7.62
X-1298,ST8SIA6,338596.0,MutNovel,"G31S,1.000"
X-1298,STAR,6770.0,Amp5,5.17
X-1298,SULF2,55959.0,MutNovel,"S115L,0.353"
X-1298,SUV420H1,51111.0,MutKnownFunctional,"-831,0.508"
X-1298,SVIL,6840.0,MutKnownFunctional,"R207*,1.000"
X-1298,SYBU,55638.0,Amp5,7.36
X-1298,SYN1,6853.0,MutNovel,"T567A,1.000"
X-1298,SYNE2,23224.0,MutNovel,"V5695I,1.000"
X-1298,TACC1,6867.0,Amp5,5.17
X-1298,TAF1,6872.0,MutNovel,"E1746K,0.909"
X-1298,TAF2,6873.0,Amp5,6.73
X-1298,TANC2,26115.0,MutNovel,"V1420A,1.000"
X-1298,TAOK3,51347.0,MutNovel,"K700N,0.526"
X-1298,TARP,445347.0,MutNovel,"V37I,0.760"
X-1298,TARP,445347.0,MutNovel,"Q14R,0.417"
X-1298,TATDN1,83940.0,Amp5,6.73
X-1298,TBC1D1,23216.0,MutNovel,"S235F,0.538"
X-1298,TBC1D15,64786.0,MutNovel,"Y526C,0.457"
X-1298,TBC1D3,729873.0,MutNovel,"N45-,0.929"
X-1298,TBL1Y,90665.0,Del0.8,0.29
X-1298,TBP,6908.0,MutNovel,"-64Q,0.255"
X-1298,TFAP2E,339488.0,MutNovel,"Y132C,0.800"
X-1298,TG,7038.0,Amp5,7.62
X-1298,TGFBR1,7046.0,MutNovel,"LA17L,0.338"
X-1298,TGIF2LY,90655.0,Del0.8,0.29
X-1298,TICRR,,MutNovel,"R755C,0.421"
X-1298,TIGD5,84948.0,Amp5,7.78
X-1298,TM2D2,83877.0,Amp5,5.17
X-1298,TMED10P1,286102.0,Amp5,7.78
X-1298,TMEM183B,,MutNovel,"H197R,0.600"
X-1298,TMEM184A,202915.0,MutNovel,"G392GA,0.875"
X-1298,TMEM237,65062.0,MutNovel,"T284S,0.498"
X-1298,TMEM65,157378.0,Amp5,6.73
X-1298,TMEM71,137835.0,Amp5,7.62
X-1298,TMEM74,157753.0,Amp5,7.36
X-1298,TMSB4Y,9087.0,Del0.8,0.29
X-1298,TNFRSF11B,4982.0,Amp5,6.73
X-1298,TONSL,4796.0,Amp5,7.78
X-1298,TOP1MT,116447.0,Amp5,7.78
X-1298,TP53,7157.0,MutKnownFunctional,"R248Q,1.000"
X-1298,TRAPPC9,83696.0,Amp5,7.62
X-1298,TRHR,7201.0,Amp5,7.36
X-1298,TRIB1,10221.0,Amp5,6.73
X-1298,TRMT12,55039.0,Amp5,6.73
X-1298,TRMT44,,MutNovel,"M300L,0.490"
X-1298,TRNT1,51095.0,Amp5,5.1
X-1298,TRPS1,7227.0,Amp5,6.73
X-1298,TSNARE1,203062.0,Amp5,7.62
X-1298,TSPAN9,10867.0,MutKnownFunctional,"-144?,0.947"
X-1298,TSPY1,7258.0,Del0.8,0.29
X-1298,TSPY2,64591.0,Del0.8,0.29
X-1298,TSPY3,728137.0,Del0.8,0.29
X-1298,TSPY4,728395.0,Del0.8,0.29
X-1298,TSPY8,728403.0,Del0.8,0.29
X-1298,TSPYL1,7259.0,MutNovel,"V176VW,0.815"
X-1298,TSTA3,7264.0,Amp5,7.78
X-1298,TTC1,7265.0,MutNovel,"E115K,0.284"
X-1298,TTLL11,158135.0,MutNovel,"E121K,0.261"
X-1298,TTTY10,246119.0,Del0.8,0.29
X-1298,TTTY11,83866.0,Del0.8,0.29
X-1298,TTTY12,83867.0,Del0.8,0.29
X-1298,TTTY13,83868.0,Del0.8,0.29
X-1298,TTTY14,83869.0,Del0.8,0.29
X-1298,TTTY15,64595.0,Del0.8,0.29
X-1298,TTTY16,252948.0,Del0.8,0.29
X-1298,TTTY17A,252949.0,Del0.8,0.29
X-1298,TTTY17A,252949.0,Del0.8,0.29
X-1298,TTTY18,252950.0,Del0.8,0.29
X-1298,TTTY19,252952.0,Del0.8,0.29
X-1298,TTTY1B,100101116.0,Del0.8,0.29
X-1298,TTTY1B,100101116.0,Del0.8,0.29
X-1298,TTTY2,60439.0,Del0.8,0.29
X-1298,TTTY2,60439.0,Del0.8,0.29
X-1298,TTTY20,252951.0,Del0.8,0.29
X-1298,TTTY21,252953.0,Del0.8,0.29
X-1298,TTTY21,252953.0,Del0.8,0.29
X-1298,TTTY22,252954.0,Del0.8,0.29
X-1298,TTTY23,252955.0,Del0.8,0.29
X-1298,TTTY23,252955.0,Del0.8,0.29
X-1298,TTTY3,114760.0,Del0.8,0.29
X-1298,TTTY3,114760.0,Del0.8,0.29
X-1298,TTTY4,114761.0,Del0.8,0.29
X-1298,TTTY4,114761.0,Del0.8,0.29
X-1298,TTTY5,83863.0,Del0.8,0.29
X-1298,TTTY6,84672.0,Del0.8,0.29
X-1298,TTTY6,84672.0,Del0.8,0.29
X-1298,TTTY7,246122.0,Del0.8,0.29
X-1298,TTTY7,246122.0,Del0.8,0.29
X-1298,TTTY7B,100101120.0,Del0.8,0.29
X-1298,TTTY7B,100101120.0,Del0.8,0.29
X-1298,TTTY8,84673.0,Del0.8,0.29
X-1298,TTTY8,84673.0,Del0.8,0.29
X-1298,TTTY9A,83864.0,Del0.8,0.29
X-1298,TTTY9A,83864.0,Del0.8,0.29
X-1298,TUBB8,347688.0,MutNovel,"N52H,0.667"
X-1298,TXLNG2P,246126.0,Del0.8,0.29
X-1298,TXNRD3,114112.0,MutNovel,"S72N,0.667"
X-1298,UAP1L1,91373.0,MutNovel,"A24T,0.571"
X-1298,UBE2J2,118424.0,MutNovel,"W50C,0.364"
X-1298,UPK3BL,,MutNovel,"Q128R,0.419"
X-1298,USP9Y,8287.0,Del0.8,0.29
X-1298,UTP20,27340.0,MutNovel,"K1645I,0.559"
X-1298,UTP23,84294.0,Amp5,6.73
X-1298,UTY,7404.0,Del0.8,0.29
X-1298,VCPIP1,80124.0,MutNovel,"R40T,0.286"
X-1298,VCX,26609.0,MutNovel,"V120M,0.667"
X-1298,VCY,9084.0,Del0.8,0.29
X-1298,VCY,9084.0,Del0.8,0.29
X-1298,VDAC3,7419.0,Amp5,5.43
X-1298,VPS28,51160.0,Amp5,7.78
X-1298,VPS72,6944.0,MutNovel,"H215D,0.372"
X-1298,WASH1,100287171.0,MutNovel,"A437G,0.545"
X-1298,WASH1,100287171.0,MutNovel,"R381H,0.300"
X-1298,WDR67,93594.0,Amp5,6.73
X-1298,WDYHV1,55093.0,Amp5,6.73
X-1298,WHSC1,7468.0,MutNovel,"P1343A,0.532"
X-1298,WHSC1L1,54904.0,Amp5,5.17
X-1298,WISP1,8840.0,Amp5,7.62
X-1298,WSB2,55884.0,MutNovel,"S220L,0.490"
X-1298,XKRY2,353515.0,Del0.8,0.29
X-1298,XKRY2,353515.0,Del0.8,0.29
X-1298,ZBED4,9889.0,Amp8,19.29
X-1298,ZBTB40,9923.0,MutNovel,"T1086M,0.479"
X-1298,ZC3H3,23144.0,Amp5,7.78
X-1298,ZDHHC11,79844.0,MutNovel,"A303D,0.735"
X-1298,ZFAT,57623.0,Amp5,7.62
X-1298,ZFAT-AS1,594840.0,Amp5,7.62
X-1298,ZFHX3,463.0,MutNovel,"Q1741HK,0.400"
X-1298,ZFP41,286128.0,Amp5,7.78
X-1298,ZFY,7544.0,Del0.8,0.29
X-1298,ZHX1,11244.0,Amp5,6.73
X-1298,ZHX1-C8ORF76,100533106.0,Amp5,6.73
X-1298,ZHX2,22882.0,Amp5,6.73
X-1298,ZMAT4,79698.0,Amp5,5.43
X-1298,ZNF154,7710.0,MutNovel,"W25R,0.667"
X-1298,ZNF16,7564.0,Amp5,7.78
X-1298,ZNF250,58500.0,Amp5,7.78
X-1298,ZNF251,90987.0,Amp5,7.78
X-1298,ZNF266,10781.0,MutNovel,"H447R,1.000"
X-1298,ZNF30,90075.0,MutNovel,"Q124R,1.000"
X-1298,ZNF318,24149.0,MutKnownFunctional,"S653*,0.222"
X-1298,ZNF318,24149.0,MutNovel,"S629L,0.234"
X-1298,ZNF34,80778.0,Amp5,7.78
X-1298,ZNF384,171017.0,MutNovel,"QQ514Q,0.339"
X-1298,ZNF43,7594.0,MutNovel,"W8L,0.550"
X-1298,ZNF517,340385.0,Amp5,7.78
X-1298,ZNF572,137209.0,Amp5,6.73
X-1298,ZNF585B,92285.0,MutNovel,"R389K,0.278"
X-1298,ZNF594,84622.0,MutNovel,"T769S,1.000"
X-1298,ZNF623,9831.0,Amp5,7.78
X-1298,ZNF628,89887.0,MutNovel,"V409R,0.889"
X-1298,ZNF658,26149.0,MutNovel,"P97L,0.636"
X-1298,ZNF664,144348.0,MutNovel,"D37G,0.524"
X-1298,ZNF668,79759.0,MutNovel,"R43H,0.494"
X-1298,ZNF696,79943.0,Amp5,7.78
X-1298,ZNF697,90874.0,MutNovel,"R162L,0.438"
X-1298,ZNF7,7553.0,Amp5,7.78
X-1298,ZNF703,80139.0,Amp5,5.17
X-1298,ZNF707,286075.0,Amp5,7.78
X-1298,ZNF772,400720.0,MutNovel,"A4GP,0.375"
X-1298,ZNF93,81931.0,MutKnownFunctional,"-616,0.389"
X-1298,ZXDA,7789.0,MutNovel,"P47L,1.000"
X-1349,ABCA12,26154.0,MutNovel,"N339K,1.000"
X-1349,ADA,100.0,MutNovel,"R142Q,0.244"
X-1349,ADRB1,153.0,MutNovel,"V5A,0.750"
X-1349,AHNAK,79026.0,MutNovel,"E5156D,0.509"
X-1349,AHNAK2,113146.0,MutNovel,"A1855D,1.000"
X-1349,AKT1,207.0,MutKnownFunctional,"E17K,1.000"
X-1349,ALDH3B1,221.0,MutKnownFunctional,"-301?,0.704"
X-1349,ALDH3B1,221.0,MutNovel,"R309Q,0.560"
X-1349,ALKBH4,54784.0,MutNovel,"E87K,0.492"
X-1349,AMELY,266.0,Del0.8,0.29
X-1349,AMIGO2,347902.0,MutNovel,"V360M,0.604"
X-1349,ANKS3,124401.0,MutNovel,"SS334S,0.364"
X-1349,ARC,23237.0,Amp5,5.5
X-1349,ARFGEF2,10564.0,Amp5,6.45
X-1349,ARHGAP26,23092.0,Del0.8,0.73
X-1349,ARID4B,51742.0,MutNovel,"EE548E,0.295"
X-1349,ATAD3A,55210.0,MutNovel,"W110R,1.000"
X-1349,B4GALT5,9334.0,Amp5,6.45
X-1349,BAI1,575.0,Amp5,5.5
X-1349,BCORP1,286554.0,Del0.8,0.25
X-1349,BPY2B,442867.0,Del0.8,0.25
X-1349,BPY2B,442867.0,Del0.8,0.25
X-1349,BUB1B,701.0,MutNovel,"R244C,0.508"
X-1349,C5orf42,65250.0,MutNovel,"A2637V,0.419"
X-1349,C8orf87,,MutNovel,"A79T,0.425"
X-1349,CACNB3,784.0,MutKnownFunctional,"-1,0.452"
X-1349,CASP7,840.0,MutKnownFunctional,"-60,0.218"
X-1349,CASZ1,54897.0,MutNovel,"P1738R,0.778"
X-1349,CBWD1,55871.0,MutNovel,"A7P,0.333"
X-1349,CBWD6,644019.0,MutNovel,"C338Y,0.750"
X-1349,CBWD6,644019.0,MutKnownFunctional,"-259?,0.844"
X-1349,CCDC74A,90557.0,MutKnownFunctional,"-118L?,0.432"
X-1349,CCDC74B,91409.0,MutNovel,"P127R,0.793"
X-1349,CDK11A,728642.0,MutNovel,"E638D,0.980"
X-1349,CDY1B,253175.0,Del0.8,0.25
X-1349,CDY1B,253175.0,Del0.8,0.25
X-1349,CDY2A,9426.0,Del0.8,0.29
X-1349,CDY2A,9426.0,Del0.8,0.29
X-1349,CDY2B,203611.0,Del0.8,0.29
X-1349,CDY2B,203611.0,Del0.8,0.29
X-1349,CEACAM1,634.0,MutNovel,"T100I,0.857"
X-1349,CEACAM1,634.0,MutNovel,"S96I,0.750"
X-1349,CEBPB,1051.0,Amp5,6.45
X-1349,CELSR1,9620.0,MutNovel,"A94T,1.000"
X-1349,CELSR1,9620.0,MutNovel,"P46L,1.000"
X-1349,CELSR1,9620.0,MutNovel,"PP6P,1.000"
X-1349,COMMD8,54951.0,MutNovel,"G151D,0.458"
X-1349,CREG2,200407.0,MutNovel,"R123S,1.000"
X-1349,CSE1L,1434.0,Amp5,6.45
X-1349,CSPG4P1Y,114758.0,Del0.8,0.25
X-1349,CSPG4P1Y,114758.0,Del0.8,0.25
X-1349,CTSA,5476.0,MutNovel,"L29-,0.602"
X-1349,CYP11B1,1584.0,Amp5,5.5
X-1349,CYP11B2,1585.0,Amp5,5.5
X-1349,CYP4Z1,199974.0,MutNovel,"D420N,0.400"
X-1349,DAZ1,1617.0,Del0.8,0.25
X-1349,DAZ2,57055.0,Del0.8,0.25
X-1349,DAZ3,57054.0,Del0.8,0.25
X-1349,DAZ3,57054.0,Del0.8,0.25
X-1349,DAZ4,57135.0,Del0.8,0.25
X-1349,DAZ4,57135.0,Del0.8,0.25
X-1349,DCPS,28960.0,MutNovel,"S72SGD,0.304"
X-1349,DDX27,55661.0,Amp5,6.45
X-1349,DDX3Y,8653.0,Del0.8,0.29
X-1349,DHRSX,207063.0,MutNovel,"G503S,0.606"
X-1349,DNAH10,196385.0,MutNovel,"W3774G,0.833"
X-1349,DNAJA3,9093.0,MutNovel,"V204L,0.492"
X-1349,DTD1,92675.0,MutNovel,"R10W,1.000"
X-1349,DTL,51514.0,MutNovel,"R389H,0.727"
X-1349,DYSF,8291.0,MutNovel,"G1460R,0.333"
X-1349,ECRP,643332.0,Del0.8,0.31
X-1349,ECT2,1894.0,MutNovel,"V79I,0.373"
X-1349,EIF1AY,9086.0,Del0.8,0.25
X-1349,EP300,2033.0,Del0.8,0.78
X-1349,EPAS1,2034.0,MutNovel,"A439D,0.273"
X-1349,EPB41,2035.0,MutNovel,"R81Q,0.417"
X-1349,ERVV-1,147664.0,MutNovel,"P338L,1.000"
X-1349,EXOC8,149371.0,MutNovel,"M5MRW,0.250"
X-1349,FAM136A,84908.0,MutNovel,"R8W,0.461"
X-1349,FAM197Y2P,252946.0,Del0.8,0.29
X-1349,FAM208B,54906.0,MutNovel,"L1035S,0.610"
X-1349,FAM41AY1,340618.0,Del0.8,0.29
X-1349,FAM41AY1,340618.0,Del0.8,0.19
X-1349,FAM72D,728833.0,MutNovel,"T56N,0.280"
X-1349,FAM83H,286077.0,MutNovel,"E535D,0.652"
X-1349,FAM86B2,653333.0,MutNovel,"A97V,0.263"
X-1349,FANCA,2175.0,MutNovel,"S11L,0.486"
X-1349,FBXL6,26233.0,MutNovel,"R275H,0.595"
X-1349,FCGR2A,2212.0,MutNovel,"L274P,0.250"
X-1349,GIGYF2,26058.0,MutNovel,"PQ1231P,0.577"
X-1349,GINS2,51659.0,Amp5,5.54
X-1349,GML,2765.0,Amp5,5.5
X-1349,GNAQ,2776.0,MutNovel,"V121G,0.240"
X-1349,GNAQ,2776.0,MutNovel,"DT95ES,0.270"
X-1349,GNPTG,84572.0,Amp5,5.43
X-1349,GOLGA2P2Y,84559.0,Del0.8,0.25
X-1349,GOLGA2P2Y,84559.0,Del0.8,0.25
X-1349,GOLGA8A,23015.0,MutNovel,"E122D,0.214"
X-1349,GOLGA8A,23015.0,MutNovel,"R81W,0.273"
X-1349,GPAT2,150763.0,MutNovel,"G757E,0.444"
X-1349,GYG2P1,352887.0,Del0.8,0.29
X-1349,HCFC1,3054.0,MutNovel,"Q616L,0.825"
X-1349,HEATR2,54919.0,MutNovel,"H236L,0.651"
X-1349,HEATR7A,727957.0,MutNovel,"S1037V,0.569"
X-1349,HERC2,8924.0,MutNovel,"V2532M,0.500"
X-1349,HLA-DRB5,3127.0,MutNovel,"T210K,1.000"
X-1349,HLA-DRB5,3127.0,MutNovel,"A87E,0.667"
X-1349,HLA-G,3135.0,MutNovel,"L303Q,1.000"
X-1349,HSFY2,159119.0,Del0.8,0.25
X-1349,HSFY2,159119.0,Del0.8,0.25
X-1349,HSPA1A,3303.0,MutNovel,"M122K,0.500"
X-1349,IGSF3,3321.0,MutNovel,"D1041G,0.400"
X-1349,INPP4A,3631.0,MutNovel,"V545A,0.477"
X-1349,IRF7,3665.0,MutNovel,"G91D,0.333"
X-1349,IRGM,345611.0,Del0.8,0.44
X-1349,ITIH6,347365.0,Amp5,5.66
X-1349,ITSN2,50618.0,MutNovel,"T1462I,0.448"
X-1349,IWS1,55677.0,MutNovel,"A408AQ,0.223"
X-1349,JAM2,58494.0,MutNovel,"T293M,1.000"
X-1349,JRK,8629.0,Amp5,5.5
X-1349,KCNB1,3745.0,Amp5,6.45
X-1349,KDM2B,84678.0,MutNovel,"E617K,0.292"
X-1349,KDM5D,8284.0,Del0.8,0.25
X-1349,KHSRP,8570.0,MutNovel,"A26S,1.000"
X-1349,KIAA0182,23199.0,Amp5,5.54
X-1349,KIF20B,9585.0,MutNovel,"L1062LKV,0.889"
X-1349,KLHL2,11275.0,MutNovel,"E92G,0.486"
X-1349,LAMA5,3911.0,MutNovel,"PARG69P,0.381"
X-1349,LGALS9C,654346.0,Del0.8,0.29
X-1349,LILRB3,11025.0,MutNovel,"H61D,1.000"
X-1349,LIPH,200879.0,MutNovel,"D168N,0.478"
X-1349,LOC100130705,100130705.0,MutNovel,"P142L,0.556"
X-1349,LOC100288181,100288181.0,Amp5,5.5
X-1349,LOC100288332,,MutNovel,"R269H,0.956"
X-1349,LOC100996575,,MutNovel,"A179V,0.286"
X-1349,LOC284751,284751.0,Amp5,6.45
X-1349,LOC643699,,MutNovel,"P416S,0.231"
X-1349,LOC646862,646862.0,MutNovel,"C3F,1.000"
X-1349,LRRC47,57470.0,MutNovel,"E328K,0.471"
X-1349,LSR,51599.0,MutNovel,"G518GR,0.822"
X-1349,LY6D,8581.0,Amp5,5.5
X-1349,LY6K,54742.0,Amp5,5.5
X-1349,LYNX1,66004.0,Amp5,5.5
X-1349,LYPD2,137797.0,Amp5,5.5
X-1349,MAGED2,10916.0,Amp5,5.66
X-1349,MANEAL,149175.0,MutNovel,"P40S,0.556"
X-1349,MAPKAPK2,9261.0,MutNovel,"T25A,1.000"
X-1349,MBD6,114785.0,MutNovel,"G867S,0.876"
X-1349,MFSD12,126321.0,MutNovel,"T315A,0.998"
X-1349,MIR1207,100302175.0,Amp5,6.32
X-1349,MIR1208,100302281.0,Amp5,6.32
X-1349,MIR1234,100302196.0,Amp5,5.66
X-1349,MIR124-3,406909.0,Amp5,5.28
X-1349,MIR939,100126351.0,Amp5,5.66
X-1349,MLL4,9757.0,MutNovel,"R290H,1.000"
X-1349,MPRIP,23164.0,MutNovel,"TS178T,0.479"
X-1349,MRFAP1L1,114932.0,MutNovel,"MREDIASLI35I,0.216"
X-1349,MUC19,,MutNovel,"T2759R,0.333"
X-1349,MUC19,,MutNovel,"PS3183P,0.586"
X-1349,MUC19,,MutNovel,"N4496K,0.450"
X-1349,MUC19,,MutNovel,"R4691W,0.643"
X-1349,MUC20,200958.0,MutNovel,"P266S,1.000"
X-1349,MUC5B,727897.0,MutNovel,"T3143S,1.000"
X-1349,MYO3B,140469.0,MutNovel,"Q1197R,0.643"
X-1349,MYRIP,25924.0,MutNovel,"K90E,0.400"
X-1349,NADKD1,133686.0,MutNovel,"R44G,0.750"
X-1349,NBPF10,100132406.0,MutNovel,"I1165F,0.208"
X-1349,NBPF12,,MutNovel,"K23T,1.000"
X-1349,NBPF12,,MutNovel,"L28P,1.000"
X-1349,NBPF12,,MutNovel,"F35L,0.600"
X-1349,NBPF12,,MutNovel,"D440G,0.417"
X-1349,NBPF14,25832.0,MutKnownFunctional,"-493,0.800"
X-1349,NBPF14,25832.0,MutNovel,"D68E,0.233"
X-1349,NBPF14,25832.0,MutNovel,"R41K,0.214"
X-1349,NCAPD3,23310.0,MutNovel,"R159W,0.524"
X-1349,NCOA3,8202.0,MutNovel,"Q1264-,0.433"
X-1349,NCOR2,9612.0,MutNovel,"G1839GAAA,0.597"
X-1349,NCRNA00185,55410.0,Del0.8,0.25
X-1349,NDUFS4,4724.0,Del0.8,0.77
X-1349,NLGN4Y,22829.0,Del0.8,0.29
X-1349,NPIPL3,23117.0,MutNovel,"P845L,0.837"
X-1349,NPIPL3,23117.0,MutNovel,"R433H,0.917"
X-1349,NR1H2,7376.0,MutNovel,"-173Q,0.814"
X-1349,NUMA1,4926.0,MutNovel,"S1788N,0.277"
X-1349,OR4M2,390538.0,Del0.8,0.48
X-1349,OR4N4,283694.0,Del0.8,0.48
X-1349,ORAI1,84876.0,MutNovel,"PP43-,0.857"
X-1349,OTUD1,220213.0,MutNovel,"A270S,0.375"
X-1349,PALM3,342979.0,MutNovel,"V31L,0.600"
X-1349,PCDH11Y,83259.0,Del0.8,0.29
X-1349,PCNX,22990.0,MutNovel,"D890H,1.000"
X-1349,PDZK1,5174.0,MutNovel,"E195K,0.394"
X-1349,PHB2,11331.0,MutNovel,"N113D,0.478"
X-1349,POLG,5428.0,MutNovel,"Q45R,0.375"
X-1349,POTEE,445582.0,MutNovel,"L192V,0.750"
X-1349,POTEE,445582.0,MutNovel,"L323P,0.375"
X-1349,POTEF,728378.0,MutNovel,"R954W,1.000"
X-1349,POTEF,728378.0,MutNovel,"Y918F,1.000"
X-1349,POTEH,23784.0,MutNovel,"T475A,1.000"
X-1349,POTEH,23784.0,MutNovel,"M464V,1.000"
X-1349,POTEJ,,MutNovel,"R615W,0.692"
X-1349,PPP2R3B,28227.0,MutKnownFunctional,"E667*,0.292"
X-1349,PRDM2,7799.0,MutKnownFunctional,"-634,0.617"
X-1349,PREX1,57580.0,Amp5,6.45
X-1349,PRKY,5616.0,Del0.8,0.29
X-1349,PRY,9081.0,Del0.8,0.25
X-1349,PRY,9081.0,Del0.8,0.25
X-1349,PRY2,442862.0,Del0.8,0.25
X-1349,PRY2,442862.0,Del0.8,0.25
X-1349,PSCA,8000.0,Amp5,5.5
X-1349,PTGIS,5740.0,Amp5,6.45
X-1349,PTPRF,5792.0,MutNovel,"R1175Q,0.533"
X-1349,PVT1,5820.0,Amp5,5.06
X-1349,PYGB,5834.0,MutNovel,"H768Y,0.980"
X-1349,QSER1,79832.0,MutNovel,"V933G,0.403"
X-1349,QSOX1,5768.0,MutNovel,"A29V,0.588"
X-1349,RARG,5916.0,MutNovel,"S11R,0.769"
X-1349,RBMY1A3P,286557.0,Del0.8,0.29
X-1349,RBMY1B,378948.0,Del0.8,0.25
X-1349,RBMY1B,378948.0,Del0.8,0.25
X-1349,RBMY1E,378950.0,Del0.8,0.25
X-1349,RBMY1E,378950.0,Del0.8,0.25
X-1349,RBMY1F,159163.0,Del0.8,0.25
X-1349,RBMY1F,159163.0,Del0.8,0.25
X-1349,RBMY1J,378951.0,Del0.8,0.25
X-1349,RBMY1J,378951.0,Del0.8,0.25
X-1349,RBMY2EP,159125.0,Del0.8,0.25
X-1349,RBMY2FP,159162.0,Del0.8,0.25
X-1349,RBMY3AP,64593.0,Del0.8,0.29
X-1349,REV3L,5980.0,MutNovel,"V1323L,1.000"
X-1349,RGPD8,727851.0,MutNovel,"F924C,0.583"
X-1349,RHCE,6006.0,MutNovel,"V398E,0.333"
X-1349,RHD,6007.0,MutNovel,"L121M,1.000"
X-1349,RIF1,55183.0,MutNovel,"SP1616S,0.354"
X-1349,RNF114,55905.0,Amp5,6.45
X-1349,RNF138P1,379013.0,Del0.8,0.62
X-1349,RORC,6097.0,MutNovel,"P226H,0.504"
X-1349,RPS4Y1,6192.0,Del0.8,0.29
X-1349,RPS4Y2,140032.0,Del0.8,0.25
X-1349,SERINC2,347735.0,MutNovel,"-373Q,0.715"
X-1349,SLC9A8,23315.0,Amp5,6.45
X-1349,SLURP1,57152.0,Amp5,5.5
X-1349,SNAI1,6615.0,Amp5,6.45
X-1349,SNORA11,677799.0,Amp5,5.66
X-1349,SNORD115-10,100033447.0,Amp5,5.62
X-1349,SNORD115-3,100033440.0,Amp5,7.36
X-1349,SNORD115-4,100033441.0,Amp5,7.36
X-1349,SNORD115-5,100033442.0,Amp5,5.86
X-1349,SNORD115-6,100033443.0,Amp5,7.36
X-1349,SNORD115-7,100033444.0,Amp5,7.36
X-1349,SNORD115-8,100033445.0,Amp5,7.36
X-1349,SNORD115-9,100033446.0,Amp5,5.86
X-1349,SNORD12,692057.0,Amp5,6.45
X-1349,SNORD12B,100113393.0,Amp5,6.45
X-1349,SNORD12C,26765.0,Amp5,6.45
X-1349,SPATA2,9825.0,Amp5,6.45
X-1349,SPDYE2,441273.0,MutNovel,"P134S,0.833"
X-1349,SRY,6736.0,Del0.8,0.29
X-1349,STAU1,6780.0,Amp5,6.45
X-1349,TBL1Y,90665.0,Del0.8,0.29
X-1349,TBP,6908.0,MutNovel,"-64Q,0.250"
X-1349,TGIF2LY,90655.0,Del0.8,0.29
X-1349,TMEM136,219902.0,MutNovel,"K243R,0.370"
X-1349,TMEM176A,55365.0,Del0.8,0.8
X-1349,TMEM176B,28959.0,Del0.8,0.8
X-1349,TMEM184A,202915.0,MutNovel,"G392GA,0.797"
X-1349,TMEM189,387521.0,Amp5,6.45
X-1349,TMEM189-UBE2V1,387522.0,Amp5,6.45
X-1349,TMEM44,93109.0,MutNovel,"H462Q,0.470"
X-1349,TMEM54,113452.0,MutKnownFunctional,"-133,0.306"
X-1349,TMSB4Y,9087.0,Del0.8,0.29
X-1349,TNNI3,7137.0,MutNovel,"S150F,0.525"
X-1349,TOX3,27324.0,MutNovel,"QQ451Q,0.495"
X-1349,TP53,7157.0,MutLikelyFunctional,"H179Y,1.000"
X-1349,TP53BP1,7158.0,MutNovel,"S1138N,0.254"
X-1349,TP73-AS1,57212.0,Amp5,5.06
X-1349,TRMT11,60487.0,MutKnownFunctional,"-11?,1.000"
X-1349,TSPY1,7258.0,Del0.8,0.29
X-1349,TSPY2,64591.0,Del0.8,0.29
X-1349,TSPY3,728137.0,Del0.8,0.29
X-1349,TSPY4,728395.0,Del0.8,0.29
X-1349,TSPY8,728403.0,Del0.8,0.29
X-1349,TSPYL1,7259.0,MutNovel,"V176VW,0.838"
X-1349,TTTY10,246119.0,Del0.8,0.25
X-1349,TTTY11,83866.0,Del0.8,0.29
X-1349,TTTY12,83867.0,Del0.8,0.29
X-1349,TTTY13,83868.0,Del0.8,0.25
X-1349,TTTY14,83869.0,Del0.8,0.25
X-1349,TTTY15,64595.0,Del0.8,0.29
X-1349,TTTY16,252948.0,Del0.8,0.29
X-1349,TTTY17A,252949.0,Del0.8,0.25
X-1349,TTTY17A,252949.0,Del0.8,0.25
X-1349,TTTY18,252950.0,Del0.8,0.29
X-1349,TTTY19,252952.0,Del0.8,0.29
X-1349,TTTY1B,100101116.0,Del0.8,0.29
X-1349,TTTY1B,100101116.0,Del0.8,0.29
X-1349,TTTY2,60439.0,Del0.8,0.29
X-1349,TTTY2,60439.0,Del0.8,0.29
X-1349,TTTY20,252951.0,Del0.8,0.29
X-1349,TTTY21,252953.0,Del0.8,0.29
X-1349,TTTY21,252953.0,Del0.8,0.29
X-1349,TTTY22,252954.0,Del0.8,0.29
X-1349,TTTY23,252955.0,Del0.8,0.29
X-1349,TTTY23,252955.0,Del0.8,0.29
X-1349,TTTY3,114760.0,Del0.8,0.25
X-1349,TTTY3,114760.0,Del0.8,0.25
X-1349,TTTY4,114761.0,Del0.8,0.25
X-1349,TTTY4,114761.0,Del0.8,0.25
X-1349,TTTY5,83863.0,Del0.8,0.25
X-1349,TTTY6,84672.0,Del0.8,0.25
X-1349,TTTY6,84672.0,Del0.8,0.25
X-1349,TTTY7,246122.0,Del0.8,0.29
X-1349,TTTY7,246122.0,Del0.8,0.29
X-1349,TTTY7B,100101120.0,Del0.8,0.29
X-1349,TTTY7B,100101120.0,Del0.8,0.29
X-1349,TTTY8,84673.0,Del0.8,0.29
X-1349,TTTY8,84673.0,Del0.8,0.29
X-1349,TTTY9A,83864.0,Del0.8,0.25
X-1349,TTTY9A,83864.0,Del0.8,0.25
X-1349,TXLNG2P,246126.0,Del0.8,0.25
X-1349,UAP1L1,91373.0,MutNovel,"V79L,0.583"
X-1349,UBE2V1,7335.0,Amp5,6.45
X-1349,UBN2,254048.0,MutKnownFunctional,"-1187?,0.500"
X-1349,UBR4,23352.0,MutNovel,"C2449Y,0.304"
X-1349,UNKL,64718.0,Amp5,7.84
X-1349,URB1,9875.0,MutNovel,"A1213T,0.316"
X-1349,USP9Y,8287.0,Del0.8,0.29
X-1349,UTY,7404.0,Del0.8,0.29
X-1349,VCX3A,51481.0,MutNovel,"V186M,1.000"
X-1349,VCX3B,425054.0,MutNovel,"D102N,1.000"
X-1349,VCY,9084.0,Del0.8,0.29
X-1349,VCY,9084.0,Del0.8,0.29
X-1349,VPS13A,23230.0,MutNovel,"G912R,0.526"
X-1349,VPS41,27072.0,MutNovel,"V596L,0.426"
X-1349,WEE1,7465.0,MutNovel,"N290S,0.470"
X-1349,XKRY2,353515.0,Del0.8,0.29
X-1349,XKRY2,353515.0,Del0.8,0.29
X-1349,ZDHHC11,79844.0,MutNovel,"D295H,0.250"
X-1349,ZDHHC11B,,MutNovel,"D540H,0.714"
X-1349,ZFHX3,463.0,MutNovel,"QQQQ1738-,0.286"
X-1349,ZFP62,643836.0,MutNovel,"I717T,0.289"
X-1349,ZFY,7544.0,Del0.8,0.29
X-1349,ZNF384,171017.0,MutNovel,"QQ514Q,0.333"
X-1349,ZNF469,84627.0,MutNovel,"P1372T,1.000"
X-1349,ZNF703,80139.0,MutNovel,"SAAA505S,0.461"
X-1349,ZNF837,116412.0,MutNovel,"A358V,0.600"
X-1349,ZNF837,116412.0,MutNovel,"S65Y,0.444"
X-1349,ZNFX1,57169.0,Amp5,6.45
X-1349,ZNFX1-AS1,441951.0,Amp5,6.45
X-1349,ZNRF2,223082.0,MutNovel,"V87M,0.625"
X-1349,ZP3,7784.0,MutNovel,"S315P,0.450"
X-1371,AAED1,,MutNovel,"P4L,0.533"
X-1371,ABCC2,1244.0,MutNovel,"Q1194L,0.692"
X-1371,ABLIM1,3983.0,MutNovel,"R742S,0.472"
X-1371,ACE2,59272.0,Del0.8,0.76
X-1371,ACOT13,55856.0,Amp5,5.58
X-1371,ACP6,51205.0,Amp5,6.19
X-1371,ADAM15,8751.0,Amp5,6.02
X-1371,ADAM6,8755.0,Amp5,6.23
X-1371,ADAMTS4,9507.0,Amp5,6.02
X-1371,ADAMTSL4,54507.0,Amp5,6.02
X-1371,ADAR,103.0,Amp5,6.02
X-1371,ADHFE1,137872.0,Amp5,5.94
X-1371,ADRA2B,151.0,MutNovel,"E301ERRK,0.719"
X-1371,ADRA2B,151.0,Amp5,7.06
X-1371,ADSS,159.0,Amp5,5.1
X-1371,AHCTF1,25909.0,Amp5,5.1
X-1371,AHNAK,79026.0,MutNovel,"K2336T,0.292"
X-1371,AHNAK2,113146.0,MutNovel,"E1856V,0.375"
X-1371,AHNAK2,113146.0,MutNovel,"DM1478EL,1.000"
X-1371,AIM2,9447.0,Amp5,6.02
X-1371,AKT3,10000.0,Amp5,5.1
X-1371,ALDH4A1,8659.0,MutNovel,"P380S,0.580"
X-1371,ALDH4A1,8659.0,MutNovel,"P190L,1.000"
X-1371,ALDH5A1,7915.0,Amp5,5.58
X-1371,ALDH9A1,223.0,Amp5,6.02
X-1371,ALS2CL,259173.0,MutNovel,"G470S,1.000"
X-1371,AMELY,266.0,Del0.8,0.36
X-1371,ANK3,288.0,MutNovel,"R1121C,0.260"
X-1371,ANKRD23,200539.0,Amp5,7.06
X-1371,ANKRD26,22852.0,MutNovel,"E264K,0.462"
X-1371,ANKRD34A,284615.0,Amp5,6.19
X-1371,ANKRD35,148741.0,Amp5,6.19
X-1371,ANKRD36,375248.0,MutNovel,"A475T,0.589"
X-1371,ANKRD39,51239.0,Amp5,7.06
X-1371,ANP32E,81611.0,Amp5,6.02
X-1371,ANXA9,8416.0,Amp5,6.02
X-1371,AP1S2,8905.0,Del0.8,0.77
X-1371,APC2,10297.0,MutNovel,"E729K,1.000"
X-1371,APCDD1,147495.0,MutNovel,"V182M,1.000"
X-1371,APCS,325.0,Amp5,6.02
X-1371,APH1A,51107.0,Amp5,6.02
X-1371,APLF,200558.0,MutNovel,"I54T,0.500"
X-1371,APOA1BP,128240.0,Amp5,6.02
X-1371,APOA2,336.0,Amp5,6.02
X-1371,APOBEC3D,140564.0,MutNovel,"D273G,0.444"
X-1371,APOBEC3D,140564.0,MutNovel,"D273G,0.444"
X-1371,AQP10,89872.0,Amp5,6.02
X-1371,ARCN1,372.0,MutNovel,"D308Y,0.624"
X-1371,ARFGEF1,10565.0,Amp5,5.94
X-1371,ARHGAP30,257106.0,Amp5,6.02
X-1371,ARHGEF11,9826.0,Amp5,6.02
X-1371,ARHGEF2,9181.0,Amp5,6.02
X-1371,ARID5A,10865.0,Amp5,7.06
X-1371,ARMC1,55156.0,Amp5,5.94
X-1371,ARMCX4,100131755.0,MutNovel,"G1583A,1.000"
X-1371,ARNT,405.0,Amp5,6.02
X-1371,ASH1L,55870.0,Amp5,6.02
X-1371,ASPH,444.0,Amp5,6.63
X-1371,ASTL,431705.0,Amp5,7.06
X-1371,ATF6,22926.0,Amp5,6.02
X-1371,ATL3,25923.0,MutNovel,"E199K,0.422"
X-1371,ATN1,1822.0,MutNovel,"Q488K,0.412"
X-1371,ATP1A2,477.0,Amp5,6.02
X-1371,ATP1A4,480.0,Amp5,6.02
X-1371,ATP6AP1,537.0,MutNovel,"L32LAA,0.423"
X-1371,ATP8B2,57198.0,Amp5,6.02
X-1371,B3GAT2,135152.0,MutNovel,"K305N,0.522"
X-1371,B4GALT3,8703.0,Amp5,6.02
X-1371,BAIAP3,8938.0,MutNovel,"R916S,0.400"
X-1371,BCAN,63827.0,Amp5,6.02
X-1371,BCL9,607.0,Amp5,6.19
X-1371,BCL9L,283149.0,MutNovel,"P1026L,0.287"
X-1371,BCORP1,286554.0,Del0.8,0.36
X-1371,BGLAP,632.0,Amp5,6.02
X-1371,BHLHE22,27319.0,Amp5,5.94
X-1371,BMX,660.0,Del0.8,0.76
X-1371,BNIPL,149428.0,Amp5,6.02
X-1371,BOLA1,51027.0,Amp5,6.02
X-1371,BOP1,23246.0,MutNovel,"L470Q,0.364"
X-1371,BPY2B,442867.0,Del0.8,0.36
X-1371,BPY2B,442867.0,Del0.8,0.36
X-1371,C10orf57,,MutNovel,"N28S,0.731"
X-1371,C17orf97,400566.0,MutNovel,"E260K,0.273"
X-1371,C17orf97,400566.0,MutNovel,"K310E,0.667"
X-1371,C1orf100,200159.0,Amp5,5.1
X-1371,C1orf101,257044.0,Amp5,5.1
X-1371,C1orf110,339512.0,Amp5,6.02
X-1371,C1orf111,284680.0,Amp5,6.02
X-1371,C1orf150,148823.0,Amp5,5.1
X-1371,C1orf182,128229.0,Amp5,6.02
X-1371,C1orf189,388701.0,Amp5,6.02
X-1371,C1orf192,257177.0,Amp5,6.02
X-1371,C1orf204,284677.0,Amp5,6.02
X-1371,C1orf226,400793.0,Amp5,6.02
X-1371,C1orf229,388759.0,Amp5,5.1
X-1371,C1orf43,25912.0,Amp5,6.02
X-1371,C1orf51,148523.0,Amp5,6.02
X-1371,C1orf54,79630.0,Amp5,6.02
X-1371,C1orf56,54964.0,Amp5,6.02
X-1371,C1orf61,10485.0,Amp5,6.02
X-1371,C1orf68,100129271.0,Amp5,5.94
X-1371,C1orf85,112770.0,Amp5,6.02
X-1371,C2CD3,26005.0,MutNovel,"R1852Q,0.986"
X-1371,C2CD4D,100191040.0,Amp5,6.02
X-1371,C6orf62,81688.0,Amp5,5.58
X-1371,C8orf33,65265.0,Amp5,5.43
X-1371,C8orf34,116328.0,Amp5,5.94
X-1371,C8orf44,56260.0,Amp5,5.94
X-1371,C8orf44-SGK3,100533105.0,Amp5,5.94
X-1371,C8orf46,254778.0,Amp5,5.94
X-1371,CA14,23632.0,Amp5,6.02
X-1371,CA5B,11238.0,Del0.8,0.77
X-1371,CACTIN,,MutNovel,"S588L,0.274"
X-1371,CADM3,57863.0,Amp5,6.02
X-1371,CANX,821.0,MutNovel,"R274H,0.516"
X-1371,CASQ1,844.0,Amp5,6.02
X-1371,CBWD5,220869.0,MutKnownFunctional,"Q323*,0.643"
X-1371,CBY3,646019.0,MutNovel,"D240A,0.444"
X-1371,CCDC19,25790.0,Amp5,6.02
X-1371,CCDC66,285331.0,MutNovel,"S606SP,1.000"
X-1371,CCR10,2826.0,MutNovel,"V212M,0.857"
X-1371,CCT3,7203.0,Amp5,6.02
X-1371,CCZ1,51622.0,MutNovel,"M367I,0.571"
X-1371,CCZ1,51622.0,MutNovel,"Q455E,0.235"
X-1371,CD160,11126.0,Amp5,6.19
X-1371,CD1A,909.0,Amp5,6.02
X-1371,CD1B,910.0,Amp5,6.02
X-1371,CD1C,911.0,Amp5,6.02
X-1371,CD1D,912.0,Amp5,6.02
X-1371,CD1E,913.0,Amp5,6.02
X-1371,CD244,51744.0,Amp5,6.02
X-1371,CD48,962.0,Amp5,6.02
X-1371,CD5L,922.0,Amp5,6.02
X-1371,CD84,8832.0,Amp5,6.02
X-1371,CDC26,246184.0,MutNovel,"I48V,0.583"
X-1371,CDC42SE1,56882.0,Amp5,6.02
X-1371,CDKAL1,54901.0,Amp5,5.58
X-1371,CDY1B,253175.0,Del0.8,0.36
X-1371,CDY1B,253175.0,Del0.8,0.36
X-1371,CDY2A,9426.0,Del0.8,0.36
X-1371,CDY2A,9426.0,Del0.8,0.36
X-1371,CDY2B,203611.0,Del0.8,0.36
X-1371,CDY2B,203611.0,Del0.8,0.36
X-1371,CELF3,11189.0,Amp5,6.02
X-1371,CELSR1,9620.0,MutNovel,"A94T,0.667"
X-1371,CEP170,9859.0,Amp5,5.1
X-1371,CERS2,29956.0,Amp5,6.02
X-1371,CFH,3075.0,Amp5,5.24
X-1371,CFHR1,3078.0,Amp8,8.69
X-1371,CFHR3,10878.0,Amp5,7.57
X-1371,CGN,57530.0,Amp5,6.02
X-1371,CHD1,1105.0,MutKnownFunctional,"-210?,0.333"
X-1371,CHD1L,9557.0,MutNovel,"M674I,0.205"
X-1371,CHD1L,9557.0,Amp5,6.19
X-1371,CHD7,55636.0,Amp5,6.63
X-1371,CHRNB2,1141.0,Amp5,6.02
X-1371,CHTOP,26097.0,Amp5,6.02
X-1371,CIAO1,9391.0,Amp5,7.06
X-1371,CKS1B,1163.0,Amp5,6.02
X-1371,CLK2,1196.0,Amp5,6.02
X-1371,CLVS1,157807.0,Amp5,6.63
X-1371,CMAHP,8418.0,Amp5,5.58
X-1371,CNNM3,26505.0,Amp5,7.06
X-1371,CNNM4,26504.0,Amp5,7.06
X-1371,CNST,163882.0,Amp5,5.1
X-1371,CNTFR,1271.0,MutNovel,"-368LP,0.415"
X-1371,COL5A2,1290.0,MutNovel,"P1223L,0.368"
X-1371,COPA,1314.0,Amp5,6.02
X-1371,COPS5,10987.0,Amp5,5.94
X-1371,CPA6,57094.0,Amp5,5.94
X-1371,CPAMD8,27151.0,MutNovel,"A1676P,0.557"
X-1371,CR1L,1379.0,MutNovel,"L24M,1.000"
X-1371,CR1L,1379.0,MutNovel,"S29Y,1.000"
X-1371,CRABP2,1382.0,Amp5,6.02
X-1371,CRCT1,54544.0,Amp5,6.02
X-1371,CREB3L4,148327.0,Amp5,6.02
X-1371,CRH,1392.0,Amp5,5.94
X-1371,CRLF1,9244.0,MutNovel,"LL25L,0.515"
X-1371,CRNN,49860.0,Amp5,6.02
X-1371,CRP,1401.0,Amp5,6.02
X-1371,CRTC2,200186.0,Amp5,6.02
X-1371,CRYL1,51084.0,Del0.8,0.66
X-1371,CSNK2A1P,283106.0,MutNovel,"V346I,0.600"
X-1371,CSPG4P1Y,114758.0,Del0.8,0.36
X-1371,CSPG4P1Y,114758.0,Del0.8,0.36
X-1371,CSPP1,79848.0,Amp5,5.94
X-1371,CTAGE6P,340307.0,MutNovel,"T288M,1.000"
X-1371,CTAGE6P,340307.0,Amp5,5.98
X-1371,CTSA,5476.0,MutNovel,"L29-,0.389"
X-1371,CTSK,1513.0,Amp5,6.02
X-1371,CTSS,1520.0,Amp5,6.02
X-1371,CXorf49,,MutNovel,"P174T,0.462"
X-1371,CXorf49B,100132994.0,MutNovel,"P174T,0.500"
X-1371,CYCSP52,360155.0,Amp5,6.02
X-1371,CYP7B1,9420.0,Amp5,5.94
X-1371,DAP3,7818.0,Amp5,6.02
X-1371,DARC,2532.0,Amp5,6.02
X-1371,DAZ1,1617.0,Del0.8,0.36
X-1371,DAZ2,57055.0,Del0.8,0.36
X-1371,DAZ3,57054.0,Del0.8,0.36
X-1371,DAZ3,57054.0,Del0.8,0.36
X-1371,DAZ4,57135.0,Del0.8,0.36
X-1371,DAZ4,57135.0,Del0.8,0.36
X-1371,DCAF8,50717.0,Amp5,6.02
X-1371,DCDC2,51473.0,Amp5,5.58
X-1371,DCHS1,8642.0,MutNovel,"D1517N,0.722"
X-1371,DCST1,149095.0,Amp5,6.02
X-1371,DCST2,127579.0,Amp5,6.02
X-1371,DDR2,4921.0,Amp5,6.02
X-1371,DDX3Y,8653.0,Del0.8,0.36
X-1371,DEDD,9191.0,Amp5,6.02
X-1371,DENND4B,9909.0,Amp5,6.02
X-1371,DHRS12,79758.0,MutNovel,"S88R,1.000"
X-1371,DMRT3,58524.0,MutNovel,"L318V,0.385"
X-1371,DNAJC5B,85479.0,Amp5,5.94
X-1371,DPM3,54344.0,Amp5,6.02
X-1371,DUSP12,11266.0,Amp5,6.02
X-1371,DUSP2,1844.0,Amp5,7.06
X-1371,DUSP23,54935.0,Amp5,6.02
X-1371,DUSP27,92235.0,Amp5,6.02
X-1371,E2F3,1871.0,Amp5,5.58
X-1371,E2F5,1875.0,MutNovel,"G18A,1.000"
X-1371,ECM1,1893.0,Amp5,6.02
X-1371,EFCAB2,84288.0,Amp5,5.1
X-1371,EFNA1,1942.0,Amp5,6.02
X-1371,EFNA3,1944.0,Amp5,6.02
X-1371,EFNA4,1945.0,Amp5,6.02
X-1371,EIF1AY,9086.0,Del0.8,0.36
X-1371,ENSA,2029.0,Amp5,6.02
X-1371,ETNK1,55500.0,Amp5,5.13
X-1371,ETV3,2117.0,Amp5,6.02
X-1371,ETV3L,440695.0,Amp5,6.02
X-1371,F11R,50848.0,Amp5,6.02
X-1371,FAHD2A,51011.0,Amp5,7.06
X-1371,FAHD2B,151313.0,Amp5,7.06
X-1371,FAM115A,9747.0,MutNovel,"P538L,0.731"
X-1371,FAM178B,51252.0,Amp5,7.06
X-1371,FAM189B,10712.0,Amp5,6.02
X-1371,FAM197Y2P,252946.0,Del0.8,0.36
X-1371,FAM208A,23272.0,MutNovel,"A1201P,0.991"
X-1371,FAM22A,728118.0,MutNovel,"L563Q,0.348"
X-1371,FAM27A,548321.0,Amp5,5.54
X-1371,FAM41AY1,340618.0,Del0.8,0.36
X-1371,FAM41AY1,340618.0,Del0.8,0.36
X-1371,FAM63A,55793.0,Amp5,6.02
X-1371,FAM65B,9750.0,Amp5,5.58
X-1371,FAM72D,728833.0,Amp5,5.1
X-1371,FAM78B,149297.0,Amp5,6.02
X-1371,FAM86B2,653333.0,MutNovel,"K91R,0.462"
X-1371,FAM86B2,653333.0,MutKnownFunctional,"C72*,0.875"
X-1371,FCER1A,2205.0,Amp5,6.02
X-1371,FCER1G,2207.0,Amp5,6.02
X-1371,FCGR1A,2209.0,Amp5,6.02
X-1371,FCGR1C,100132417.0,Amp5,6.02
X-1371,FCGR2A,2212.0,Amp5,6.02
X-1371,FCGR2B,2213.0,Amp5,6.02
X-1371,FCGR2C,9103.0,Amp5,6.02
X-1371,FCGR3A,2214.0,Amp5,6.02
X-1371,FCGR3B,2215.0,Amp5,6.02
X-1371,FCRL1,115350.0,Amp5,6.02
X-1371,FCRL2,79368.0,Amp5,6.02
X-1371,FCRL3,115352.0,Amp5,6.02
X-1371,FCRL4,83417.0,Amp5,6.02
X-1371,FCRL5,83416.0,Amp5,6.02
X-1371,FCRL6,343413.0,Amp5,6.02
X-1371,FCRLA,84824.0,Amp5,6.02
X-1371,FCRLB,127943.0,Amp5,6.02
X-1371,FDPS,2224.0,Amp5,6.02
X-1371,FER1L5,90342.0,Amp5,7.06
X-1371,FLAD1,80308.0,Amp5,6.02
X-1371,FLG,2312.0,Amp5,6.02
X-1371,FLG2,388698.0,Amp5,6.02
X-1371,FLJ23152,401236.0,MutNovel,"E254Q,0.588"
X-1371,FLJ39739,388685.0,Amp5,5.62
X-1371,FMN2,56776.0,Amp5,5.86
X-1371,FMO5,2330.0,Amp5,6.19
X-1371,FMO9P,116123.0,Amp5,6.02
X-1371,FMR1,2332.0,MutNovel,"R474I,0.536"
X-1371,FNDC1,84624.0,MutNovel,"ATTRRTT1471A,0.560"
X-1371,FOXD4,2298.0,MutNovel,"A41E,0.750"
X-1371,GABBR1,2550.0,MutNovel,"A5D,0.433"
X-1371,GABPB2,126626.0,Amp5,6.02
X-1371,GATAD2B,57459.0,Amp5,6.02
X-1371,GBA,2629.0,Amp5,6.02
X-1371,GBAP1,2630.0,Amp5,6.02
X-1371,GBAS,2631.0,MutNovel,"R195P,0.997"
X-1371,GEN1,348654.0,MutNovel,"D582H,0.312"
X-1371,GGH,8836.0,Amp5,6.63
X-1371,GGT2,,MutNovel,"V548A,0.667"
X-1371,GJA5,2702.0,Amp5,6.19
X-1371,GJA8,2703.0,Amp5,6.19
X-1371,GMNN,51053.0,Amp5,5.58
X-1371,GNRHR2,114814.0,Amp5,6.19
X-1371,GOLGA2P2Y,84559.0,Del0.8,0.36
X-1371,GOLGA2P2Y,84559.0,Del0.8,0.36
X-1371,GOLGA6L9,440295.0,MutNovel,"V377F,1.000"
X-1371,GOLGA8A,23015.0,MutNovel,"R81W,0.667"
X-1371,GOLGA8B,440270.0,MutNovel,"R81W,0.596"
X-1371,GOLPH3L,55204.0,Amp5,6.02
X-1371,GON4L,54856.0,Amp5,6.02
X-1371,GPA33,10223.0,Amp5,6.02
X-1371,GPAT2,150763.0,Amp5,7.06
X-1371,GPATCH4,54865.0,Amp5,6.02
X-1371,GPLD1,2822.0,Amp5,5.58
X-1371,GPR89A,653519.0,Amp5,6.19
X-1371,GPR89B,51463.0,Amp5,6.19
X-1371,GPR89C,728932.0,Amp5,6.19
X-1371,GPRIN2,9721.0,MutNovel,"P158L,0.248"
X-1371,GRPR,2925.0,Del0.8,0.77
X-1371,GTF2IRD2B,389524.0,MutNovel,"G211S,0.276"
X-1371,GYG2P1,352887.0,Del0.8,0.36
X-1371,HAPLN2,60484.0,Amp5,6.02
X-1371,HAX1,10456.0,Amp5,6.02
X-1371,HCN3,57657.0,Amp5,6.02
X-1371,HDGF,3068.0,Amp5,6.02
X-1371,HDGFL1,154150.0,Amp5,5.58
X-1371,HFE2,148738.0,Amp5,6.19
X-1371,HILPDA,29923.0,MutKnownFunctional,"-56?,0.640"
X-1371,HIRA,7290.0,MutNovel,"H814Y,0.653"
X-1371,HIST2H2AA4,723790.0,Amp5,6.02
X-1371,HIST2H2AA4,723790.0,Amp5,6.02
X-1371,HIST2H2AB,317772.0,Amp5,6.02
X-1371,HIST2H2AC,8338.0,Amp5,6.02
X-1371,HIST2H2BC,337873.0,Amp5,6.02
X-1371,HIST2H2BE,8349.0,Amp5,6.02
X-1371,HIST2H2BF,440689.0,Amp5,6.02
X-1371,HIST2H3A,333932.0,Amp5,6.02
X-1371,HIST2H3A,333932.0,Amp5,6.02
X-1371,HIST2H3D,653604.0,Amp5,6.02
X-1371,HIST2H4A,8370.0,Amp5,6.02
X-1371,HIST2H4A,8370.0,Amp5,6.02
X-1371,HIST2H4B,554313.0,Amp5,6.02
X-1371,HIST2H4B,554313.0,Amp5,6.02
X-1371,HLA-B,3106.0,MutNovel,"R194G,0.324"
X-1371,HLA-C,3107.0,MutNovel,"R194G,0.257"
X-1371,HNRNPU,3192.0,Amp5,5.1
X-1371,HNRNPU-AS1,284702.0,Amp5,5.1
X-1371,HORMAD1,84072.0,Amp5,6.02
X-1371,HOXD1,3231.0,MutNovel,"A67P,1.000"
X-1371,HOXD8,3234.0,MutNovel,"A18T,0.857"
X-1371,HPS4,89781.0,MutNovel,"S599R,0.317"
X-1371,HRCT1,646962.0,MutNovel,"H104P,0.485"
X-1371,HRNR,388697.0,Amp5,6.02
X-1371,HSD17B7,51478.0,Amp5,6.02
X-1371,HSFY2,159119.0,Del0.8,0.36
X-1371,HSFY2,159119.0,Del0.8,0.36
X-1371,HSPA6,3310.0,Amp5,6.02
X-1371,HSPA7,3311.0,Amp5,6.02
X-1371,HYDIN,54768.0,MutNovel,"R1891H,0.750"
X-1371,IFI16,3428.0,Amp5,6.02
X-1371,IFNA5,3442.0,MutNovel,"S31T,1.000"
X-1371,IFT20,90410.0,MutNovel,"V77A,1.000"
X-1371,IGSF8,93185.0,Amp5,6.02
X-1371,IGSF9,57549.0,Amp5,6.02
X-1371,IL6R,3570.0,Amp5,6.02
X-1371,ILDR2,387597.0,Amp5,6.02
X-1371,ILF2,3608.0,Amp5,6.02
X-1371,INE2,8551.0,Del0.8,0.77
X-1371,INSRR,3645.0,Amp5,6.02
X-1371,INTS3,65123.0,Amp5,6.02
X-1371,IQGAP3,128239.0,Amp5,6.02
X-1371,IRF2BP2,359948.0,MutNovel,"-99S,0.215"
X-1371,ISG20L2,81875.0,Amp5,6.02
X-1371,ITGA10,8515.0,Amp5,6.19
X-1371,ITLN1,55600.0,Amp5,6.02
X-1371,ITLN2,142683.0,Amp5,6.02
X-1371,ITPRIPL1,150771.0,Amp5,7.06
X-1371,IVL,3713.0,Amp5,6.02
X-1371,JTB,10899.0,Amp5,6.02
X-1371,KAAG1,353219.0,Amp5,5.58
X-1371,KANSL3,55683.0,Amp5,7.06
X-1371,KAT8,84148.0,MutNovel,"P36A,0.494"
X-1371,KCNJ10,3766.0,Amp5,6.02
X-1371,KCNJ9,3765.0,Amp5,6.02
X-1371,KCNN3,3782.0,Amp5,6.02
X-1371,KCNT2,343450.0,Amp5,5.24
X-1371,KDM2A,22992.0,MutNovel,"EE860-,0.263"
X-1371,KDM5D,8284.0,Del0.8,0.36
X-1371,KIAA0125,9834.0,Amp5,6.23
X-1371,KIAA0319,9856.0,Amp5,5.58
X-1371,KIAA0528,9847.0,Amp5,7.26
X-1371,KIAA0586,9786.0,MutNovel,"Y189C,1.000"
X-1371,KIAA0664,23277.0,MutNovel,"T219I,1.000"
X-1371,KIAA0907,22889.0,Amp5,6.02
X-1371,KIF20B,9585.0,MutNovel,"L1062LKV,0.242"
X-1371,KIF26B,55083.0,Amp5,5.1
X-1371,KIR2DL4,3805.0,Del0.8,0.69
X-1371,KIR3DL1,3811.0,Del0.8,0.69
X-1371,KIRREL,55243.0,Amp5,6.02
X-1371,KLHDC9,126823.0,Amp5,6.02
X-1371,KPRP,448834.0,Amp5,5.94
X-1371,KRT13,3860.0,MutNovel,"I106V,0.667"
X-1371,KRT13,3860.0,MutNovel,"G84V,1.000"
X-1371,KRT19,3880.0,MutNovel,"R24H,0.988"
X-1371,KRT85,3891.0,MutNovel,"L403I,1.000"
X-1371,KRT9,3857.0,MutNovel,"G125S,0.429"
X-1371,KRTCAP2,200185.0,Amp5,6.02
X-1371,LAD1,3898.0,MutNovel,"L161F,0.620"
X-1371,LAG3,3902.0,MutNovel,"-515EP,0.304"
X-1371,LAMTOR2,28956.0,Amp5,6.02
X-1371,LCE1A,353131.0,Amp5,6.02
X-1371,LCE1B,353132.0,Amp5,6.02
X-1371,LCE1C,353133.0,Amp5,6.02
X-1371,LCE1F,353137.0,Amp5,5.94
X-1371,LCE2A,353139.0,Amp5,5.94
X-1371,LCE2B,26239.0,Amp5,5.94
X-1371,LCE2C,353140.0,Amp5,5.94
X-1371,LCE2D,353141.0,Amp5,5.94
X-1371,LCE3A,353142.0,Amp8,10.2
X-1371,LCE3B,353143.0,Amp8,10.2
X-1371,LCE3C,353144.0,Amp8,10.2
X-1371,LCE3D,84648.0,Amp5,6.02
X-1371,LCE3E,353145.0,Amp5,6.02
X-1371,LCE4A,199834.0,Amp5,5.94
X-1371,LCE5A,254910.0,Amp5,6.02
X-1371,LCE6A,448835.0,Amp5,6.02
X-1371,LELP1,149018.0,Amp5,6.02
X-1371,LENEP,55891.0,Amp5,6.02
X-1371,LINC00251,552859.0,Amp5,5.94
X-1371,LINC00340,401237.0,Amp5,5.58
X-1371,LINGO4,339398.0,Amp5,6.02
X-1371,LIX1L,128077.0,Amp5,6.19
X-1371,LMAN2L,81562.0,Amp5,7.06
X-1371,LMNA,4000.0,Amp5,6.02
X-1371,LMX1A,4009.0,Amp5,6.02
X-1371,LOC100130000,100130000.0,Amp5,5.1
X-1371,LOC100130155,100130155.0,Amp5,5.94
X-1371,LOC100130298,100130298.0,Amp5,6.63
X-1371,LOC100131825,100131825.0,Amp5,6.02
X-1371,LOC100132111,100132111.0,Amp5,6.02
X-1371,LOC100132287,100132287.0,Amp5,5.94
X-1371,LOC100133331,100133331.0,Amp5,5.94
X-1371,LOC100286793,100286793.0,Amp5,5.1
X-1371,LOC100287482,100287482.0,MutNovel,"A39T,0.686"
X-1371,LOC100288807,,MutNovel,"C294Y,1.000"
X-1371,LOC100289211,100289211.0,Amp5,6.19
X-1371,LOC100505633,100505633.0,Amp5,6.02
X-1371,LOC100505659,100505659.0,Amp5,5.94
X-1371,LOC100505666,100505666.0,Amp5,6.02
X-1371,LOC100505676,100505676.0,Amp5,5.94
X-1371,LOC100505718,100505718.0,Amp5,5.94
X-1371,LOC100505795,100505795.0,Amp5,6.02
X-1371,LOC100996573,,MutNovel,"R283C,0.833"
X-1371,LOC100996689,,MutNovel,"T84M,0.294"
X-1371,LOC148824,148824.0,Amp5,5.1
X-1371,LOC149134,149134.0,Amp5,5.1
X-1371,LOC154761,154761.0,Amp5,5.98
X-1371,LOC255654,255654.0,Amp5,5.1
X-1371,LOC285033,285033.0,Amp5,7.06
X-1371,LOC286184,286184.0,Amp5,6.63
X-1371,LOC286186,286186.0,Amp5,5.94
X-1371,LOC286189,286189.0,Amp5,5.94
X-1371,LOC339529,339529.0,Amp5,5.1
X-1371,LOC348120,348120.0,Del0.8,0.66
X-1371,LOC388692,388692.0,Amp5,6.02
X-1371,LOC400794,400794.0,Amp5,6.02
X-1371,LOC401463,401463.0,Amp5,5.94
X-1371,LOC440700,440700.0,Amp5,6.02
X-1371,LOC441698,,MutNovel,"S60L,1.000"
X-1371,LOC554223,554223.0,MutNovel,"S187R,0.485"
X-1371,LOC645166,645166.0,Amp5,6.19
X-1371,LOC646268,646268.0,Amp5,6.02
X-1371,LOC646862,646862.0,MutNovel,"A274T,1.000"
X-1371,LOC653513,653513.0,Amp5,5.1
X-1371,LOC728855,728855.0,Amp5,6.02
X-1371,LOC728855,728855.0,Amp5,5.1
X-1371,LOC728875,728875.0,Amp5,5.1
X-1371,LOC728989,728989.0,Amp5,6.19
X-1371,LOC729177,729177.0,Amp5,5.58
X-1371,LOC729737,729737.0,Amp5,5.94
X-1371,LOC731275,731275.0,Amp5,5.1
X-1371,LOR,4014.0,Amp5,6.02
X-1371,LRCH4,4034.0,MutKnownFunctional,"S517*,0.608"
X-1371,LRRC52,440699.0,Amp5,6.02
X-1371,LRRC71,149499.0,Amp5,6.02
X-1371,LSR,51599.0,MutNovel,"G518GR,0.848"
X-1371,LTC4S,4056.0,MutNovel,"A128T,0.485"
X-1371,LTF,4057.0,MutNovel,"D321H,1.000"
X-1371,LUC7L2,51631.0,MutNovel,"S449R,0.701"
X-1371,LY9,4063.0,Amp5,6.02
X-1371,LYSMD1,388695.0,Amp5,6.02
X-1371,LYSMD2,256586.0,MutNovel,"P6A,0.512"
X-1371,MAEL,84944.0,Amp5,6.02
X-1371,MAP2K1,5604.0,MutNovel,"A106S,0.700"
X-1371,MAP3K4,4216.0,MutNovel,"PA1189P,0.615"
X-1371,MCL1,4170.0,Amp5,6.02
X-1371,MDC1,9656.0,MutNovel,"F702L,0.411"
X-1371,MED13L,23389.0,MutNovel,"V421I,1.000"
X-1371,MEF2D,4209.0,Amp5,6.02
X-1371,MEX3A,92312.0,Amp5,6.02
X-1371,MGST3,4259.0,Amp5,6.02
X-1371,MIR124-2,406908.0,Amp5,5.94
X-1371,MIR190B,100126346.0,Amp5,6.02
X-1371,MIR3127,100422928.0,Amp5,7.06
X-1371,MIR3658,100500832.0,Amp5,6.02
X-1371,MIR3916,100500849.0,Amp5,5.1
X-1371,MIR4257,100422997.0,Amp5,6.02
X-1371,MIR4258,100423020.0,Amp5,6.02
X-1371,MIR4470,100616484.0,Amp5,6.63
X-1371,MIR4654,100616386.0,Amp5,6.02
X-1371,MIR4677,100616343.0,Amp5,5.1
X-1371,MIR4735,100616363.0,Amp5,5.24
X-1371,MIR554,693139.0,Amp5,6.02
X-1371,MIR555,693140.0,Amp5,6.02
X-1371,MIR556,693141.0,Amp5,6.02
X-1371,MIR570,693155.0,Amp8,9.38
X-1371,MIR765,768220.0,Amp5,6.02
X-1371,MIR9-1,407046.0,Amp5,6.02
X-1371,MIR921,100126349.0,Amp5,6.02
X-1371,MIR92B,693235.0,Amp5,6.02
X-1371,MLLT11,10962.0,Amp5,6.02
X-1371,MNDA,4332.0,Amp5,6.02
X-1371,MPRIP,23164.0,MutNovel,"TS178T,0.559"
X-1371,MPZ,4359.0,Amp5,6.02
X-1371,MRPL24,79590.0,Amp5,6.02
X-1371,MRPL9,65005.0,Amp5,6.02
X-1371,MRPS18A,55168.0,MutNovel,"P129L,0.429"
X-1371,MRPS21,54460.0,Amp5,6.02
X-1371,MRS2,57380.0,Amp5,5.58
X-1371,MSH5,4439.0,MutNovel,"P27R,0.312"
X-1371,MSTO1,55154.0,Amp5,6.02
X-1371,MSTO2P,100129405.0,Amp5,6.02
X-1371,MTFR1,9650.0,Amp5,5.94
X-1371,MTMR11,10903.0,Amp5,6.02
X-1371,MTX1,4580.0,Amp5,6.02
X-1371,MUC1,4582.0,Amp5,6.02
X-1371,MUC20,200958.0,Amp8,9.38
X-1371,MXRA7,439921.0,MutNovel,"E36G,1.000"
X-1371,MYBL1,4603.0,Amp5,5.94
X-1371,MYH10,4628.0,MutNovel,"S381F,1.000"
X-1371,NBPF1,55672.0,MutNovel,"G986E,0.346"
X-1371,NBPF10,100132406.0,MutNovel,"P1272R,0.593"
X-1371,NBPF10,100132406.0,MutNovel,"C3017S,0.667"
X-1371,NBPF10,100132406.0,MutNovel,"R3193K,0.333"
X-1371,NBPF10,100132406.0,Amp5,6.19
X-1371,NBPF11,200030.0,Amp5,6.19
X-1371,NBPF14,25832.0,Amp5,6.19
X-1371,NBPF15,284565.0,Amp5,6.19
X-1371,NBPF16,728936.0,Amp5,6.19
X-1371,NBPF24,,MutNovel,"T510A,0.778"
X-1371,NBPF9,400818.0,Amp5,5.1
X-1371,NCAPH,23397.0,Amp5,7.06
X-1371,NCOA2,10499.0,Amp5,5.94
X-1371,NCOR2,9612.0,MutNovel,"G1839GAAA,0.300"
X-1371,NCOR2,9612.0,MutNovel,"QQQQP507P,0.250"
X-1371,NCRNA00185,55410.0,Del0.8,0.36
X-1371,NCSTN,23385.0,Amp5,6.02
X-1371,NDUFS2,4720.0,Amp5,6.02
X-1371,NES,10763.0,Amp5,6.02
X-1371,NEURL3,93082.0,Amp5,7.06
X-1371,NF1P2,440225.0,Del0.8,0.66
X-1371,NFKBIE,4794.0,MutNovel,"R447Q,0.459"
X-1371,NHLH1,4807.0,Amp5,6.02
X-1371,NIT1,4817.0,Amp5,6.02
X-1371,NKAIN3,286183.0,Amp5,6.63
X-1371,NLGN4Y,22829.0,Del0.8,0.36
X-1371,NLRP3,114548.0,Amp5,5.1
X-1371,NOS1AP,9722.0,Amp5,6.02
X-1371,NOTCH2NL,388677.0,Amp5,6.19
X-1371,NPIPL3,23117.0,MutNovel,"E779Q,0.600"
X-1371,NPIPL3,23117.0,MutNovel,"R414H,0.667"
X-1371,NPR1,4881.0,Amp5,6.02
X-1371,NR1H2,7376.0,MutNovel,"-173Q,0.769"
X-1371,NR1I3,9970.0,Amp5,6.02
X-1371,NRSN1,140767.0,Amp5,5.58
X-1371,NTRK1,4914.0,Amp5,6.02
X-1371,NUDT11,55190.0,MutKnownFunctional,"-1,0.361"
X-1371,NUDT17,200035.0,Amp5,6.19
X-1371,NUF2,83540.0,Amp5,6.02
X-1371,NUP210L,91181.0,Amp5,6.02
X-1371,OAZ1,4946.0,MutNovel,"S72P,0.412"
X-1371,OAZ3,51686.0,Amp5,6.02
X-1371,OBP2A,29991.0,MutNovel,"F90Y,1.000"
X-1371,OBP2A,29991.0,MutNovel,"P133C,1.000"
X-1371,OBP2A,29991.0,MutNovel,"L137R,1.000"
X-1371,OLFML2B,25903.0,Amp5,6.02
X-1371,OR10J1,26476.0,Amp5,6.02
X-1371,OR10J3,441911.0,Amp5,6.02
X-1371,OR10J5,127385.0,Amp5,6.02
X-1371,OR10K1,391109.0,Amp5,6.02
X-1371,OR10K2,391107.0,Amp5,6.02
X-1371,OR10R2,343406.0,Amp5,6.02
X-1371,OR10T2,128360.0,Amp5,6.02
X-1371,OR10X1,128367.0,Amp5,6.02
X-1371,OR10Z1,128368.0,Amp5,6.02
X-1371,OR11L1,391189.0,Amp5,5.1
X-1371,OR13G1,441933.0,Amp5,5.1
X-1371,OR14A16,284532.0,Amp5,5.1
X-1371,OR14C36,127066.0,Amp5,5.1
X-1371,OR1C1,26188.0,Amp5,5.1
X-1371,OR2AK2,391191.0,Amp5,5.1
X-1371,OR2B11,127623.0,Amp5,5.1
X-1371,OR2C3,81472.0,Amp5,5.1
X-1371,OR2G2,81470.0,Amp5,5.1
X-1371,OR2G3,81469.0,Amp5,5.1
X-1371,OR2G6,391211.0,Amp5,5.1
X-1371,OR2L13,284521.0,Amp5,5.1
X-1371,OR2L1P,26247.0,Amp5,5.1
X-1371,OR2L2,26246.0,Amp5,5.1
X-1371,OR2L3,391192.0,Amp5,5.1
X-1371,OR2L8,391190.0,Amp5,5.1
X-1371,OR2M1P,388762.0,Amp5,5.1
X-1371,OR2M2,391194.0,Amp5,5.1
X-1371,OR2M3,127062.0,Amp5,5.1
X-1371,OR2M4,26245.0,Amp5,5.1
X-1371,OR2M5,127059.0,Amp5,5.1
X-1371,OR2M7,391196.0,Amp5,5.1
X-1371,OR2T1,26696.0,Amp5,5.1
X-1371,OR2T10,127069.0,Amp8,17.88
X-1371,OR2T12,127064.0,Amp5,5.1
X-1371,OR2T2,401992.0,Amp5,5.1
X-1371,OR2T29,343563.0,Amp5,5.1
X-1371,OR2T3,343173.0,Amp5,5.1
X-1371,OR2T33,391195.0,Amp5,5.1
X-1371,OR2T34,127068.0,Amp5,5.1
X-1371,OR2T4,127074.0,Amp5,5.1
X-1371,OR2T5,401993.0,Amp5,5.1
X-1371,OR2T6,254879.0,Amp5,5.1
X-1371,OR2T8,343172.0,Amp5,5.1
X-1371,OR2W3,343171.0,Amp5,5.1
X-1371,OR2W5,441932.0,Amp5,5.1
X-1371,OR4F29,729759.0,Amp5,5.94
X-1371,OR4F29,729759.0,Amp5,5.94
X-1371,OR6F1,343169.0,Amp5,5.1
X-1371,OR6K2,81448.0,Amp5,6.02
X-1371,OR6K3,391114.0,Amp5,6.02
X-1371,OR6K6,128371.0,Amp5,6.02
X-1371,OR6N1,128372.0,Amp5,6.02
X-1371,OR6N2,81442.0,Amp5,6.02
X-1371,OR6P1,128366.0,Amp5,6.02
X-1371,OR6Y1,391112.0,Amp5,6.02
X-1371,ORAI1,84876.0,MutNovel,"PP43-,0.857"
X-1371,OTUD1,220213.0,MutNovel,"A270S,0.400"
X-1371,OTUD7B,56957.0,Amp5,6.02
X-1371,OVOS,,MutNovel,"A1045T,1.000"
X-1371,OVOS2,,MutNovel,"E606K,1.000"
X-1371,OVOS2,,MutNovel,"L508V,1.000"
X-1371,P2RY8,286530.0,MutKnownFunctional,"-1371?,0.700"
X-1371,PABPC3,5042.0,MutKnownFunctional,"-299,0.857"
X-1371,PAQR6,79957.0,Amp5,6.02
X-1371,PBX1,5087.0,Amp5,6.02
X-1371,PBXIP1,57326.0,Amp5,6.02
X-1371,PCDH11Y,83259.0,Del0.8,0.36
X-1371,PCDHB12,56124.0,MutNovel,"R652C,0.800"
X-1371,PCMTD1,115294.0,Amp5,6.63
X-1371,PCP4L1,654790.0,Amp5,6.02
X-1371,PDE4DIP,9659.0,Amp5,5.1
X-1371,PDE7A,5150.0,Amp5,5.94
X-1371,PDIA3P,171423.0,Amp5,6.19
X-1371,PDZK1,5174.0,Amp5,6.19
X-1371,PDZK1P1,728939.0,Amp5,6.19
X-1371,PEA15,8682.0,Amp5,6.02
X-1371,PEAR1,375033.0,Amp5,6.02
X-1371,PEX11B,8799.0,Amp5,6.19
X-1371,PEX19,5824.0,Amp5,6.02
X-1371,PFDN2,5202.0,Amp5,6.02
X-1371,PFN1P2,767846.0,Amp5,5.1
X-1371,PGLYRP3,114771.0,Amp5,6.02
X-1371,PGLYRP4,57115.0,Amp5,6.02
X-1371,PHLDA1,22822.0,MutNovel,"QQ194Q,0.500"
X-1371,PI4KB,5298.0,Amp5,6.02
X-1371,PIAS3,10401.0,Amp5,6.19
X-1371,PIEZO1,9780.0,MutNovel,"D88G,0.469"
X-1371,PIGM,93183.0,Amp5,6.02
X-1371,PIP5K1A,8394.0,Amp5,6.02
X-1371,PKLR,5313.0,Amp5,6.02
X-1371,PLEKHO1,51177.0,Amp5,6.02
X-1371,PMF1,11243.0,Amp5,6.02
X-1371,PMF1-BGLAP,100527963.0,Amp5,6.02
X-1371,PMVK,10654.0,Amp5,6.02
X-1371,POGK,57645.0,Amp5,6.02
X-1371,POGZ,23126.0,Amp5,6.02
X-1371,POLR3C,10623.0,Amp5,6.19
X-1371,POLR3GL,84265.0,Amp5,6.19
X-1371,POU2F1,5451.0,Amp5,5.06
X-1371,POU5F1P4,645682.0,Amp5,6.02
X-1371,PPIAL4B,653505.0,Amp5,6.02
X-1371,PPIAL4B,653505.0,Amp5,5.62
X-1371,PPIAL4C,653598.0,Amp5,5.1
X-1371,PPIAL4C,653598.0,Amp5,6.02
X-1371,PPIAL4D,645142.0,Amp5,6.19
X-1371,PPIAL4D,645142.0,Amp5,6.19
X-1371,PPIAL4E,730262.0,Amp5,6.19
X-1371,PPIAL4G,644591.0,Amp5,5.1
X-1371,PPOX,5498.0,Amp5,6.02
X-1371,PPP1CB,5500.0,MutNovel,"D252H,0.335"
X-1371,PPP1R42,286187.0,Amp5,5.94
X-1371,PPP2R3B,28227.0,MutNovel,"L853P,1.000"
X-1371,PRCC,5546.0,Amp5,6.02
X-1371,PRDM13,59336.0,MutNovel,"H363N,1.000"
X-1371,PRDM14,63978.0,Amp5,5.94
X-1371,PREX2,80243.0,Amp5,5.94
X-1371,PRIC285,85441.0,MutNovel,"Q2630R,0.398"
X-1371,PRKAB2,5565.0,Amp5,6.19
X-1371,PRKY,5616.0,Del0.8,0.36
X-1371,PRL,5617.0,Amp5,5.58
X-1371,PRPF3,9129.0,Amp5,6.02
X-1371,PRR14L,253143.0,MutNovel,"P156A,0.286"
X-1371,PRR9,574414.0,Amp5,6.02
X-1371,PRUNE,58497.0,Amp5,6.02
X-1371,PRY,9081.0,Del0.8,0.36
X-1371,PRY,9081.0,Del0.8,0.36
X-1371,PRY2,442862.0,Del0.8,0.36
X-1371,PRY2,442862.0,Del0.8,0.36
X-1371,PSMB4,5692.0,Amp5,6.02
X-1371,PSMD4,5710.0,Amp5,6.02
X-1371,PSME1,5720.0,MutNovel,"A10V,0.995"
X-1371,PTTG3P,26255.0,Amp5,5.94
X-1371,PVRIG,79037.0,MutNovel,"G120V,0.800"
X-1371,PVRL4,81607.0,Amp5,6.02
X-1371,PXDNL,137902.0,Amp5,6.63
X-1371,PYGO2,90780.0,Amp5,6.02
X-1371,PYHIN1,149628.0,Amp5,6.02
X-1371,RAB13,5872.0,Amp5,6.02
X-1371,RAB25,57111.0,Amp5,6.02
X-1371,RB1,5925.0,MutKnownFunctional,"Q736*,1.000"
X-1371,RBM8A,9939.0,Amp5,6.19
X-1371,RBMY1A3P,286557.0,Del0.8,0.36
X-1371,RBMY1B,378948.0,Del0.8,0.36
X-1371,RBMY1B,378948.0,Del0.8,0.36
X-1371,RBMY1E,378950.0,Del0.8,0.36
X-1371,RBMY1E,378950.0,Del0.8,0.36
X-1371,RBMY1F,159163.0,Del0.8,0.36
X-1371,RBMY1F,159163.0,Del0.8,0.36
X-1371,RBMY1J,378951.0,Del0.8,0.36
X-1371,RBMY1J,378951.0,Del0.8,0.36
X-1371,RBMY2EP,159125.0,Del0.8,0.36
X-1371,RBMY2FP,159162.0,Del0.8,0.36
X-1371,RBMY3AP,64593.0,Del0.8,0.36
X-1371,RENBP,5973.0,MutNovel,"A280D,1.000"
X-1371,RFX5,5993.0,Amp5,6.02
X-1371,RGL3,57139.0,MutNovel,"A690G,0.337"
X-1371,RGPD8,727851.0,MutNovel,"F924C,0.667"
X-1371,RGS4,5999.0,Amp5,6.02
X-1371,RGS5,8490.0,Amp5,6.02
X-1371,RHBG,57127.0,Amp5,6.02
X-1371,RIIAD1,284485.0,Amp5,6.02
X-1371,RIT1,6016.0,Amp5,6.02
X-1371,RNF115,27246.0,Amp5,6.19
X-1371,RORC,6097.0,Amp5,6.02
X-1371,RPL14,9045.0,MutNovel,"T149TA,0.584"
X-1371,RPL31P11,641311.0,Amp5,6.02
X-1371,RPRD2,23248.0,Amp5,6.02
X-1371,RPS27,6232.0,Amp5,6.02
X-1371,RPS4Y1,6192.0,Del0.8,0.36
X-1371,RPS4Y2,140032.0,Del0.8,0.36
X-1371,RPTN,126638.0,Amp5,6.02
X-1371,RRNAD1,51093.0,Amp5,6.02
X-1371,RRP1B,23076.0,MutNovel,"P531T,1.000"
X-1371,RRS1,23212.0,Amp5,5.94
X-1371,RUSC1,23623.0,Amp5,6.02
X-1371,RUSC1-AS1,284618.0,Amp5,6.02
X-1371,RXFP4,339403.0,Amp5,6.02
X-1371,RXRG,6258.0,Amp5,6.02
X-1371,S100A1,6271.0,Amp5,6.02
X-1371,S100A10,6281.0,Amp5,6.02
X-1371,S100A11,6282.0,Amp5,6.02
X-1371,S100A12,6283.0,Amp5,6.02
X-1371,S100A13,6284.0,Amp5,6.02
X-1371,S100A14,57402.0,Amp5,6.02
X-1371,S100A16,140576.0,Amp5,6.02
X-1371,S100A2,6273.0,Amp5,6.02
X-1371,S100A3,6274.0,MutKnownFunctional,"-70,0.889"
X-1371,S100A3,6274.0,Amp5,6.02
X-1371,S100A4,6275.0,Amp5,6.02
X-1371,S100A5,6276.0,Amp5,6.02
X-1371,S100A6,6277.0,Amp5,6.02
X-1371,S100A7,6278.0,Amp5,6.02
X-1371,S100A7A,338324.0,Amp5,6.02
X-1371,S100A7L2,645922.0,Amp5,6.02
X-1371,S100A8,6279.0,Amp5,6.02
X-1371,S100A9,6280.0,Amp5,6.02
X-1371,SCAMP3,10067.0,Amp5,6.02
X-1371,SCARNA4,677771.0,Amp5,6.02
X-1371,SCCPDH,51097.0,Amp5,5.1
X-1371,SCNM1,79005.0,Amp5,6.02
X-1371,SDCCAG8,10806.0,Amp5,5.1
X-1371,SDHAP2,727956.0,Amp8,9.38
X-1371,SDHC,6391.0,Amp5,6.02
X-1371,SEC22B,9554.0,Amp5,5.1
X-1371,SECISBP2,79048.0,MutNovel,"R546S,0.590"
X-1371,SELENBP1,8991.0,Amp5,6.02
X-1371,SEMA4A,64218.0,Amp5,6.02
X-1371,SEMA4C,54910.0,Amp5,7.06
X-1371,SEMA6C,10500.0,Amp5,6.02
X-1371,SERINC2,347735.0,MutNovel,"-373Q,0.671"
X-1371,SETDB1,9869.0,Amp5,6.02
X-1371,SF3B4,10262.0,Amp5,6.02
X-1371,SGK3,23678.0,Amp5,5.94
X-1371,SGSM2,9905.0,MutNovel,"QE805Q,0.958"
X-1371,SH2D1B,117157.0,Amp5,6.02
X-1371,SH2D2A,9047.0,Amp5,6.02
X-1371,SH2D3A,10045.0,MutNovel,"L402LRW,0.303"
X-1371,SH3GL2,6456.0,MutNovel,"T267A,1.000"
X-1371,SHC1,6464.0,Amp5,6.02
X-1371,SHE,126669.0,Amp5,6.02
X-1371,SIRT1,23411.0,MutNovel,"G66C,0.769"
X-1371,SLAMF1,6504.0,Amp5,6.02
X-1371,SLAMF6,114836.0,Amp5,6.02
X-1371,SLAMF7,57823.0,Amp5,6.02
X-1371,SLAMF8,56833.0,Amp5,6.02
X-1371,SLAMF9,89886.0,Amp5,6.02
X-1371,SLC22A23,63027.0,MutNovel,"S154G,0.667"
X-1371,SLC25A1,6576.0,MutNovel,"P3S,0.444"
X-1371,SLC25A44,9673.0,Amp5,6.02
X-1371,SLC27A3,11000.0,Amp5,6.02
X-1371,SLC35E1,79939.0,MutNovel,"I155T,0.300"
X-1371,SLC39A1,27173.0,Amp5,6.02
X-1371,SLC50A1,55974.0,Amp5,6.02
X-1371,SLC6A10P,386757.0,Del0.8,0.74
X-1371,SLC7A5,8140.0,MutNovel,"P6L,0.484"
X-1371,SLCO4A1,28231.0,MutNovel,"A320G,0.276"
X-1371,SLCO5A1,81796.0,Amp5,5.94
X-1371,SMCP,4184.0,Amp5,6.02
X-1371,SMG5,23381.0,Amp5,6.02
X-1371,SMYD3,64754.0,Amp5,5.1
X-1371,SNAPIN,23557.0,Amp5,6.02
X-1371,SNHG6,641638.0,Amp5,5.94
X-1371,SNORA42,677823.0,Amp5,6.02
X-1371,SNORD87,641648.0,Amp5,5.94
X-1371,SNRNP200,23020.0,Amp5,7.06
X-1371,SNX27,81609.0,Amp5,6.02
X-1371,SOX4,6659.0,Amp5,5.58
X-1371,SPEG,10290.0,MutNovel,"S2047G,0.274"
X-1371,SPG7,6687.0,MutKnownFunctional,"-349?,0.357"
X-1371,SPNS2,124976.0,MutNovel,"T74A,0.308"
X-1371,SPPL2B,56928.0,MutKnownFunctional,"-275?,1.000"
X-1371,SPRR1A,6698.0,Amp5,6.02
X-1371,SPRR1B,6699.0,Amp5,6.02
X-1371,SPRR2A,6700.0,Amp5,6.02
X-1371,SPRR2B,6701.0,Amp5,6.02
X-1371,SPRR2C,6702.0,Amp5,6.02
X-1371,SPRR2D,6703.0,Amp5,6.02
X-1371,SPRR2E,6704.0,Amp5,6.02
X-1371,SPRR2F,6705.0,Amp5,6.02
X-1371,SPRR2G,6706.0,Amp5,6.02
X-1371,SPRR3,6707.0,Amp5,6.02
X-1371,SPRR4,163778.0,Amp5,6.02
X-1371,SPTA1,6708.0,Amp5,6.02
X-1371,SRY,6736.0,Del0.8,0.36
X-1371,SSR2,6746.0,Amp5,6.02
X-1371,STAG3,10734.0,MutNovel,"V104A,1.000"
X-1371,STARD7,56910.0,Amp5,7.06
X-1371,SUCLA2,8803.0,MutNovel,"V13M,1.000"
X-1371,SULF1,23213.0,Amp5,5.94
X-1371,SUMO1P3,474338.0,Amp5,6.02
X-1371,SUN2,25777.0,MutNovel,"S144T,0.667"
X-1371,SV2A,9900.0,Amp5,6.02
X-1371,SYT11,23208.0,Amp5,6.02
X-1371,TADA1,117143.0,Amp5,6.02
X-1371,TAGLN2,8407.0,Amp5,6.02
X-1371,TARS2,80222.0,Amp5,6.02
X-1371,TBCK,93627.0,MutNovel,"R372I,1.000"
X-1371,TBL1Y,90665.0,Del0.8,0.36
X-1371,TBP,6908.0,MutNovel,"-64Q,0.236"
X-1371,TCF24,100129654.0,Amp5,5.94
X-1371,TCHH,7062.0,Amp5,6.02
X-1371,TCHHL1,126637.0,Amp5,6.02
X-1371,TDP2,51567.0,Amp5,5.58
X-1371,TDRD10,126668.0,Amp5,6.02
X-1371,TDRKH,11022.0,Amp5,6.02
X-1371,TFB2M,64216.0,Amp5,5.1
X-1371,TGIF2LY,90655.0,Del0.8,0.36
X-1371,THBS3,7059.0,Amp5,6.02
X-1371,THEM4,117145.0,Amp5,6.02
X-1371,THEM5,284486.0,Amp5,6.02
X-1371,TMCO1,54499.0,Amp5,6.02
X-1371,TMEM127,55654.0,Amp5,7.06
X-1371,TMEM191C,645426.0,MutNovel,"E190K,0.214"
X-1371,TMEM245,,MutNovel,"P24L,0.529"
X-1371,TMEM27,57393.0,Del0.8,0.76
X-1371,TMEM79,84283.0,Amp5,6.02
X-1371,TMOD4,29765.0,Amp5,6.02
X-1371,TMSB4Y,9087.0,Del0.8,0.36
X-1371,TNFAIP8L2,79626.0,Amp5,6.02
X-1371,TNFAIP8L2-SCNM1,100534012.0,Amp5,6.02
X-1371,TNK1,8711.0,MutNovel,"G571R,1.000"
X-1371,TOMM40L,84134.0,Amp5,6.02
X-1371,TP53,7157.0,MutKnownFunctional,"-110VS?,0.816"
X-1371,TPBG,7162.0,MutNovel,"A118V,0.388"
X-1371,TPM3,7170.0,Amp5,6.02
X-1371,TPTE,7179.0,Del0.8,0.67
X-1371,TRIM41,90933.0,MutNovel,"I226M,0.428"
X-1371,TRIM43,129868.0,Amp5,7.06
X-1371,TRIM43B,653192.0,Amp5,7.06
X-1371,TRIM46,80128.0,Amp5,6.02
X-1371,TRIM55,84675.0,Amp5,5.94
X-1371,TRIM58,25893.0,Amp5,5.1
X-1371,TSPY1,7258.0,Del0.8,0.36
X-1371,TSPY2,64591.0,Del0.8,0.36
X-1371,TSPY3,728137.0,Del0.8,0.36
X-1371,TSPY4,728395.0,Del0.8,0.36
X-1371,TSPY8,728403.0,Del0.8,0.36
X-1371,TSPYL1,7259.0,MutNovel,"V176VW,0.877"
X-1371,TSTD1,100131187.0,Amp5,6.02
X-1371,TTC24,164118.0,Amp5,6.02
X-1371,TTC7A,57217.0,MutNovel,"D503E,0.265"
X-1371,TTN,7273.0,MutNovel,"V22545I,0.500"
X-1371,TTPA,7274.0,Amp5,6.63
X-1371,TTTY10,246119.0,Del0.8,0.36
X-1371,TTTY11,83866.0,Del0.8,0.36
X-1371,TTTY12,83867.0,Del0.8,0.36
X-1371,TTTY13,83868.0,Del0.8,0.36
X-1371,TTTY14,83869.0,Del0.8,0.36
X-1371,TTTY15,64595.0,Del0.8,0.36
X-1371,TTTY16,252948.0,Del0.8,0.36
X-1371,TTTY17A,252949.0,Del0.8,0.36
X-1371,TTTY17A,252949.0,Del0.8,0.36
X-1371,TTTY18,252950.0,Del0.8,0.36
X-1371,TTTY19,252952.0,Del0.8,0.36
X-1371,TTTY1B,100101116.0,Del0.8,0.36
X-1371,TTTY1B,100101116.0,Del0.8,0.36
X-1371,TTTY2,60439.0,Del0.8,0.36
X-1371,TTTY2,60439.0,Del0.8,0.36
X-1371,TTTY20,252951.0,Del0.8,0.36
X-1371,TTTY21,252953.0,Del0.8,0.36
X-1371,TTTY21,252953.0,Del0.8,0.36
X-1371,TTTY22,252954.0,Del0.8,0.36
X-1371,TTTY23,252955.0,Del0.8,0.36
X-1371,TTTY23,252955.0,Del0.8,0.36
X-1371,TTTY3,114760.0,Del0.8,0.36
X-1371,TTTY3,114760.0,Del0.8,0.36
X-1371,TTTY4,114761.0,Del0.8,0.36
X-1371,TTTY4,114761.0,Del0.8,0.36
X-1371,TTTY5,83863.0,Del0.8,0.36
X-1371,TTTY6,84672.0,Del0.8,0.36
X-1371,TTTY6,84672.0,Del0.8,0.36
X-1371,TTTY7,246122.0,Del0.8,0.36
X-1371,TTTY7,246122.0,Del0.8,0.36
X-1371,TTTY7B,100101120.0,Del0.8,0.36
X-1371,TTTY7B,100101120.0,Del0.8,0.36
X-1371,TTTY8,84673.0,Del0.8,0.36
X-1371,TTTY8,84673.0,Del0.8,0.36
X-1371,TTTY9A,83864.0,Del0.8,0.36
X-1371,TTTY9A,83864.0,Del0.8,0.36
X-1371,TUFT1,7286.0,Amp5,6.02
X-1371,TXLNG2P,246126.0,Del0.8,0.36
X-1371,TXNIP,10628.0,Amp5,6.19
X-1371,UAP1,6675.0,Amp5,6.02
X-1371,UBAP2L,9898.0,Amp5,6.02
X-1371,UBE2J2,118424.0,MutNovel,"W50C,1.000"
X-1371,UBE2Q1,55585.0,Amp5,6.02
X-1371,UBQLN4,56893.0,MutNovel,"F559Y,0.273"
X-1371,UBQLN4,56893.0,Amp5,6.02
X-1371,UCK2,7371.0,Amp5,6.02
X-1371,UFC1,51506.0,Amp5,6.02
X-1371,UG0898H09,643763.0,Amp5,6.63
X-1371,UHMK1,127933.0,Amp5,6.02
X-1371,ULK2,9706.0,MutNovel,"S616C,1.000"
X-1371,UPK3B,80761.0,MutNovel,"G180C,0.929"
X-1371,USF1,7391.0,Amp5,6.02
X-1371,USP15,9958.0,MutNovel,"I620R,0.636"
X-1371,USP21,27005.0,MutNovel,"R524W,0.225"
X-1371,USP21,27005.0,Amp5,6.02
X-1371,USP36,57602.0,MutNovel,"KKK958K,0.759"
X-1371,USP9Y,8287.0,Del0.8,0.36
X-1371,UTY,7404.0,Del0.8,0.36
X-1371,VANGL2,57216.0,Amp5,6.02
X-1371,VCPIP1,80124.0,Amp5,5.94
X-1371,VCY,9084.0,Del0.8,0.36
X-1371,VCY,9084.0,Del0.8,0.36
X-1371,VHLL,391104.0,Amp5,6.02
X-1371,VN1R5,317705.0,Amp5,5.1
X-1371,VPS13D,55187.0,MutNovel,"E664K,0.625"
X-1371,VPS45,11311.0,Amp5,6.02
X-1371,VPS72,6944.0,Amp5,6.02
X-1371,VSIG8,391123.0,Amp5,6.02
X-1371,WASH1,100287171.0,MutNovel,"P152A,0.247"
X-1371,WDR7,23335.0,MutNovel,"D491H,0.500"
X-1371,WDR96,80217.0,MutNovel,"V1556L,0.429"
X-1371,WNK2,65268.0,MutNovel,"R974W,0.333"
X-1371,XKRY2,353515.0,Del0.8,0.36
X-1371,XKRY2,353515.0,Del0.8,0.36
X-1371,YTHDF3,253943.0,Amp5,6.63
X-1371,YWHAG,7532.0,MutNovel,"R56L,0.409"
X-1371,YY1AP1,55249.0,Amp5,6.02
X-1371,ZBTB7B,51043.0,Amp5,6.02
X-1371,ZDHHC11,79844.0,MutNovel,"A303D,0.217"
X-1371,ZDHHC11,79844.0,MutNovel,"D114N,0.667"
X-1371,ZDHHC5,25921.0,MutNovel,"R633Q,1.000"
X-1371,ZFY,7544.0,Del0.8,0.36
X-1371,ZNF124,7678.0,Amp5,5.1
X-1371,ZNF219,51222.0,MutNovel,"QPP233P,0.716"
X-1371,ZNF238,10472.0,Amp5,5.1
X-1371,ZNF318,24149.0,MutNovel,"V719L,0.355"
X-1371,ZNF354A,6940.0,MutNovel,"-354P,0.300"
X-1371,ZNF496,84838.0,Amp5,5.1
X-1371,ZNF497,162968.0,MutNovel,"G392R,1.000"
X-1371,ZNF518A,9849.0,MutNovel,"TA1155T,0.909"
X-1371,ZNF541,84215.0,MutNovel,"N429S,1.000"
X-1371,ZNF653,115950.0,MutNovel,"AGIE384E,0.404"
X-1371,ZNF669,79862.0,Amp5,5.1
X-1371,ZNF670,93474.0,Amp5,5.1
X-1371,ZNF670-ZNF695,100533111.0,Amp5,5.1
X-1371,ZNF687,57592.0,Amp5,6.02
X-1371,ZNF695,57116.0,Amp5,5.1
X-1371,ZNF703,80139.0,MutNovel,"S505SA,0.417"
X-1371,ZRSR2,8233.0,Del0.8,0.77
X-1383,A2ML1,144568.0,MutKnownFunctional,"-482,1.000"
X-1383,AAED1,,MutNovel,"P4L,0.392"
X-1383,AASS,10157.0,Amp5,5.62
X-1383,ABCA1,19.0,Amp5,5.58
X-1383,ABCA2,20.0,MutNovel,"I1941V,0.524"
X-1383,ABCA7,10347.0,MutNovel,"T1577P,1.000"
X-1383,ABCB10,23456.0,Amp5,6.59
X-1383,ABCB8,11194.0,Amp5,6.23
X-1383,ABCF2,10061.0,Amp5,6.23
X-1383,ABP1,26.0,Amp5,6.23
X-1383,ACAP2,23527.0,Amp5,5.66
X-1383,ACBD3,64746.0,Amp5,6.59
X-1383,ACER2,340485.0,Amp5,5.98
X-1383,ACO1,48.0,Amp5,5.98
X-1383,ACP1,52.0,Amp5,5.21
X-1383,ACTA1,58.0,Amp5,6.59
X-1383,ACTG2,72.0,Amp5,5.7
X-1383,ACTL7A,10881.0,Amp5,5.58
X-1383,ACTL7B,10880.0,Amp5,5.58
X-1383,ACTN2,88.0,Amp5,6.59
X-1383,ACTR3B,57180.0,Amp5,6.23
X-1383,ACTR3C,653857.0,Amp5,6.23
X-1383,ADAMTS16,170690.0,Amp5,5.9
X-1383,ADAMTSL1,92949.0,Amp5,5.86
X-1383,ADCK2,90956.0,Amp5,7.01
X-1383,ADCK3,56997.0,Amp5,6.59
X-1383,ADCY2,108.0,Amp5,5.9
X-1383,ADI1,55256.0,Amp5,7.78
X-1383,ADSS,159.0,Amp5,6.41
X-1383,ADSSL1,122622.0,MutNovel,"E168Q,0.950"
X-1383,AGAP3,116988.0,Amp5,6.23
X-1383,AGAP5,729092.0,MutNovel,"V556I,0.250"
X-1383,AGBL3,340351.0,Amp5,5.5
X-1383,AGK,55750.0,Amp5,7.01
X-1383,AGT,183.0,Amp5,6.59
X-1383,AHCTF1,25909.0,Amp5,6.41
X-1383,AHCYL2,23382.0,Amp5,5.54
X-1383,AHNAK2,113146.0,MutNovel,"V3672M,1.000"
X-1383,AHNAK2,113146.0,MutNovel,"M2119V,1.000"
X-1383,AHNAK2,113146.0,MutNovel,"T1926I,1.000"
X-1383,AHRR,57491.0,Amp5,6.19
X-1383,AIDA,64853.0,Amp5,6.68
X-1383,AIM2,9447.0,Amp5,7.94
X-1383,AK1,203.0,Amp5,5.58
X-1383,AK3,50808.0,Amp5,7.78
X-1383,AKAP1,8165.0,MutNovel,"W23G,0.381"
X-1383,AKAP2,11217.0,Amp5,5.58
X-1383,AKNA,80709.0,Amp5,5.58
X-1383,AKR1B1,231.0,Amp5,7.36
X-1383,AKR1B10,57016.0,Amp5,7.36
X-1383,AKR1B15,441282.0,Amp5,7.36
X-1383,AKR1D1,6718.0,Amp5,7.01
X-1383,AKT3,10000.0,Amp5,6.41
X-1383,ALAD,210.0,Amp5,5.58
X-1383,ALDH3B1,221.0,MutNovel,"L262P,0.227"
X-1383,ALDH3B1,221.0,MutNovel,"A284T,0.311"
X-1383,ALDH3B2,222.0,MutNovel,"A182T,0.996"
X-1383,ALDOB,229.0,Amp5,5.58
X-1383,ALG2,85365.0,Amp5,5.58
X-1383,ALLC,55821.0,Amp5,7.78
X-1383,ALMS1,7840.0,Amp5,5.7
X-1383,ALMS1P,200420.0,Amp5,5.7
X-1383,AMBP,259.0,Amp5,5.58
X-1383,AMELY,266.0,Del0.8,0.31
X-1383,ANGEL2,90806.0,Amp5,5.82
X-1383,ANGPTL2,23452.0,Amp5,5.58
X-1383,ANKH,56172.0,Amp5,5.86
X-1383,ANKRD18B,441459.0,MutNovel,"N374I,1.000"
X-1383,ANKRD18B,441459.0,Amp5,5.98
X-1383,ANKRD33B,651746.0,Amp5,5.66
X-1383,ANKRD36,375248.0,MutNovel,"T998S,0.444"
X-1383,ANKS6,203286.0,Amp5,5.58
X-1383,ANP32B,10541.0,Amp8,8.69
X-1383,ANXA2P2,304.0,Amp5,5.98
X-1383,APCS,325.0,Amp5,7.67
X-1383,APOD,347.0,Amp5,5.66
X-1383,APTX,54840.0,Amp5,5.98
X-1383,AQP3,360.0,Amp5,5.98
X-1383,AQP7,364.0,Amp5,5.98
X-1383,ARF1,375.0,Amp5,6.59
X-1383,ARHGEF35,445328.0,Amp5,7.01
X-1383,ARHGEF40,55701.0,MutNovel,"L1242P,0.326"
X-1383,ARHGEF5,7984.0,Amp5,7.01
X-1383,ARID3C,138715.0,Amp5,5.98
X-1383,ARID4B,51742.0,MutNovel,"D691H,0.241"
X-1383,ARID4B,51742.0,Amp5,6.59
X-1383,ARPC5L,81873.0,Amp5,5.58
X-1383,ARRDC4,91947.0,MutNovel,"D167H,1.000"
X-1383,ARV1,64801.0,Amp5,6.59
X-1383,ASB10,136371.0,Amp5,6.23
X-1383,ASTN2,23245.0,Amp5,5.58
X-1383,ATF3,467.0,Amp5,5.82
X-1383,ATG9B,285973.0,Amp5,6.23
X-1383,ATN1,1822.0,MutNovel,"Q488K,0.674"
X-1383,ATP10D,57205.0,MutNovel,"I906T,1.000"
X-1383,ATP13A3,79572.0,Amp5,5.66
X-1383,ATP13A4,84239.0,Amp5,5.66
X-1383,ATP13A5,344905.0,Amp5,5.66
X-1383,ATP1A2,477.0,Amp5,7.67
X-1383,ATP1A4,480.0,Amp5,7.67
X-1383,ATP6V0A4,50617.0,Amp5,7.01
X-1383,ATP6V0E2,155066.0,Amp5,7.01
X-1383,ATP6V1G1,9550.0,Amp5,5.58
X-1383,ATP8B1,5205.0,MutNovel,"T836S,1.000"
X-1383,ATP8B5P,158381.0,Amp5,5.98
X-1383,AUP1,550.0,Amp5,5.7
X-1383,AURKAPS1,6791.0,Amp5,6.68
X-1383,AVEN,57099.0,MutNovel,"G83D,0.857"
X-1383,B3GALNT2,148789.0,Amp5,6.59
X-1383,B3GALT6,126792.0,MutNovel,"E105Q,0.686"
X-1383,B4GALT1,2683.0,Amp5,5.98
X-1383,BAAT,570.0,Amp5,5.58
X-1383,BAG1,573.0,Amp5,5.98
X-1383,BARD1,580.0,MutKnownFunctional,"R112*,1.000"
X-1383,BASP1,10409.0,Amp5,5.86
X-1383,BATF3,55509.0,Amp5,5.82
X-1383,BBS1,582.0,MutNovel,"H449Y,1.000"
X-1383,BBX,56987.0,Amp5,5.17
X-1383,BCORP1,286554.0,Del0.8,0.3
X-1383,BHLHE41,79365.0,MutNovel,"A428T,1.000"
X-1383,BNC2,54796.0,Amp5,5.86
X-1383,BOLA3,388962.0,Amp5,5.7
X-1383,BOLA3-AS1,100507171.0,Amp5,5.7
X-1383,BPGM,669.0,Amp5,7.36
X-1383,BPNT1,10380.0,Amp5,6.68
X-1383,BPY2B,442867.0,Del0.8,0.3
X-1383,BPY2B,442867.0,Del0.8,0.3
X-1383,BRAF,673.0,Amp5,7.01
X-1383,BRD9,65980.0,Amp5,5.9
X-1383,BRIP1,83990.0,MutNovel,"H253Q,1.000"
X-1383,BROX,148362.0,Amp5,6.68
X-1383,BSPRY,54836.0,Amp5,5.58
X-1383,BTN2A2,10385.0,MutNovel,"R246W,0.364"
X-1383,C10orf122,387718.0,MutNovel,"L86F,1.000"
X-1383,C1QTNF9B,387911.0,MutNovel,"M301V,0.667"
X-1383,C1orf100,200159.0,Amp5,6.41
X-1383,C1orf101,257044.0,Amp5,6.41
X-1383,C1orf115,79762.0,Amp5,6.68
X-1383,C1orf131,128061.0,Amp5,6.59
X-1383,C1orf140,400804.0,Amp5,6.68
X-1383,C1orf150,148823.0,Amp5,6.41
X-1383,C1orf198,84886.0,Amp5,6.59
X-1383,C1orf204,284677.0,Amp5,7.67
X-1383,C1orf220,400798.0,Amp5,7.84
X-1383,C1orf227,149643.0,Amp5,5.82
X-1383,C1orf229,388759.0,Amp5,6.41
X-1383,C1orf31,388753.0,Amp5,6.59
X-1383,C1orf35,79169.0,MutNovel,"P61L,0.363"
X-1383,C1orf35,79169.0,Amp5,6.59
X-1383,C1orf65,164127.0,Amp5,6.68
X-1383,C1orf74,148304.0,Amp5,5.82
X-1383,C1orf95,375057.0,Amp5,6.59
X-1383,C2CD4D,100191040.0,Amp5,6.11
X-1383,C2orf65,130951.0,Amp5,5.7
X-1383,C2orf78,388960.0,Amp5,5.7
X-1383,C2orf81,388963.0,Amp5,5.7
X-1383,C5,727.0,Amp5,5.58
X-1383,C5orf38,153571.0,Amp5,5.9
X-1383,C5orf49,134121.0,Amp5,5.9
X-1383,C5orf55,116349.0,MutNovel,"S9T,0.214"
X-1383,C5orf55,116349.0,Amp5,6.19
X-1383,C7orf13,129790.0,Amp5,6.23
X-1383,C7orf29,113763.0,Amp5,6.23
X-1383,C7orf33,202865.0,Amp5,7.01
X-1383,C7orf34,135927.0,Amp5,7.01
X-1383,C7orf45,136263.0,Amp5,7.36
X-1383,C7orf49,78996.0,Amp5,7.01
X-1383,C7orf55,154791.0,Amp5,7.01
X-1383,C7orf73,647087.0,Amp5,7.01
X-1383,C8G,733.0,MutNovel,"V56G,0.462"
X-1383,C8orf47,203111.0,Amp5,6.77
X-1383,C9orf11,54586.0,Amp5,5.98
X-1383,C9orf117,286207.0,Amp5,5.58
X-1383,C9orf123,90871.0,Amp5,6.11
X-1383,C9orf131,138724.0,Amp5,5.98
X-1383,C9orf152,401546.0,Amp5,5.58
X-1383,C9orf156,51531.0,Amp8,8.69
X-1383,C9orf16,79095.0,Amp5,5.58
X-1383,C9orf174,100499483.0,Amp5,5.21
X-1383,C9orf24,84688.0,Amp5,5.98
X-1383,C9orf43,257169.0,Amp5,5.58
X-1383,C9orf53,51198.0,Amp5,5.98
X-1383,C9orf66,157983.0,Amp5,7.78
X-1383,C9orf72,203228.0,Amp5,5.98
X-1383,C9orf84,158401.0,Amp5,5.58
X-1383,C9orf91,203197.0,Amp5,5.58
X-1383,CADM3,57863.0,Amp5,7.94
X-1383,CADPS2,93664.0,Amp5,5.62
X-1383,CALD1,800.0,Amp5,7.36
X-1383,CAMK1G,57172.0,Amp5,5.82
X-1383,CAMSAP1,157922.0,MutNovel,"V918M,0.400"
X-1383,CAPN2,824.0,Amp5,6.59
X-1383,CAPN8,388743.0,Amp5,6.59
X-1383,CAPN9,10753.0,Amp5,6.59
X-1383,CASP2,835.0,Amp5,7.01
X-1383,CASQ1,844.0,Amp5,7.67
X-1383,CBWD1,55871.0,Amp5,7.78
X-1383,CCDC127,133957.0,Amp5,6.19
X-1383,CCDC137,339230.0,MutNovel,"VE251V,0.846"
X-1383,CCDC142,84865.0,Amp5,5.7
X-1383,CCDC166,100130274.0,MutNovel,"R159Q,1.000"
X-1383,CCDC19,25790.0,Amp5,7.67
X-1383,CCDC50,152137.0,Amp5,5.54
X-1383,CCDC54,84692.0,Amp5,5.17
X-1383,CCL19,6363.0,Amp5,5.98
X-1383,CCL21,6366.0,Amp5,5.98
X-1383,CCL27,10850.0,Amp5,5.98
X-1383,CCT5,22948.0,Amp5,5.66
X-1383,CCT7,10574.0,Amp5,5.7
X-1383,CD274,29126.0,Amp5,7.16
X-1383,CD34,947.0,Amp5,5.82
X-1383,CD46,4179.0,Amp5,5.82
X-1383,CD47,961.0,Amp5,5.17
X-1383,CD55,1604.0,Amp5,5.82
X-1383,CD97,976.0,MutNovel,"T817M,0.766"
X-1383,CDC14B,8555.0,Amp5,5.21
X-1383,CDC26,246184.0,Amp5,5.58
X-1383,CDC37L1,55664.0,Amp5,7.78
X-1383,CDC42BPA,8476.0,Amp5,6.59
X-1383,CDC73,79577.0,Amp5,5.39
X-1383,CDH10,1008.0,Amp5,5.98
X-1383,CDH12,1010.0,Amp5,5.98
X-1383,CDH18,1016.0,Amp5,5.98
X-1383,CDK5,1020.0,Amp5,6.23
X-1383,CDK5RAP2,55755.0,Amp5,5.58
X-1383,CDK9,1025.0,Amp5,5.58
X-1383,CDKN2A,1029.0,MutNovel,"A127S,0.492"
X-1383,CDKN2A,1029.0,Amp5,5.98
X-1383,CDKN2B,1030.0,Amp5,5.98
X-1383,CDY1B,253175.0,Del0.8,0.3
X-1383,CDY1B,253175.0,Del0.8,0.3
X-1383,CDY2A,9426.0,Del0.8,0.3
X-1383,CDY2A,9426.0,Del0.8,0.3
X-1383,CDY2B,203611.0,Del0.8,0.3
X-1383,CDY2B,203611.0,Del0.8,0.3
X-1383,CEL,1056.0,MutKnownFunctional,"K468*,1.000"
X-1383,CEL,1056.0,MutNovel,"G724R,1.000"
X-1383,CELF3,11189.0,Amp5,6.11
X-1383,CENPF,1063.0,MutNovel,"L1643F,0.367"
X-1383,CENPF,1063.0,Amp5,7.06
X-1383,CEP170,9859.0,Amp5,6.41
X-1383,CEP41,95681.0,Amp5,7.36
X-1383,CEP72,55722.0,Amp5,6.19
X-1383,CER1,9350.0,Amp5,5.86
X-1383,CERCAM,51148.0,Amp5,5.58
X-1383,CHCHD3,54927.0,Amp5,7.36
X-1383,CHML,1122.0,Amp5,6.54
X-1383,CHMP5,51510.0,Amp5,5.98
X-1383,CHPF2,54480.0,Amp5,6.23
X-1383,CHRDL1,91851.0,Del0.8,0.65
X-1383,CHRM2,1129.0,Amp5,7.01
X-1383,CHRM3,1131.0,Amp5,6.54
X-1383,CIZ1,25792.0,Amp5,5.58
X-1383,CLCN1,1180.0,Amp5,7.01
X-1383,CLDN1,9076.0,Amp5,5.54
X-1383,CLDN16,10686.0,Amp5,5.54
X-1383,CLEC2L,154790.0,Amp5,7.01
X-1383,CLEC5A,23601.0,Amp5,7.01
X-1383,CLPTM1L,81037.0,Amp5,5.9
X-1383,CMBL,134147.0,Amp5,5.66
X-1383,CNIH3,149111.0,Amp5,6.59
X-1383,CNIH4,29097.0,Amp5,6.59
X-1383,CNOT4,4850.0,Amp5,7.01
X-1383,CNPY1,285888.0,Amp5,6.23
X-1383,CNST,163882.0,Amp5,6.41
X-1383,CNTFR,1271.0,Amp5,5.98
X-1383,CNTLN,54875.0,Amp5,5.86
X-1383,CNTNAP2,26047.0,Amp5,7.01
X-1383,CNTRL,11064.0,Amp5,5.58
X-1383,COG2,22796.0,Amp5,6.59
X-1383,COG6,57511.0,MutNovel,"Y262S,1.000"
X-1383,COL11A2,1302.0,MutNovel,"E512Q,0.267"
X-1383,COL14A1,7373.0,Amp5,7.01
X-1383,COL15A1,1306.0,Amp5,5.58
X-1383,COL27A1,85301.0,Amp5,5.58
X-1383,COLEC10,10584.0,Amp5,7.01
X-1383,COLEC11,78989.0,Amp5,7.78
X-1383,COPA,1314.0,Amp5,7.67
X-1383,COPG2,26958.0,Amp5,7.36
X-1383,COQ2,27235.0,MutNovel,"P96L,0.900"
X-1383,COQ4,51117.0,Amp5,5.58
X-1383,CORO2A,7464.0,Amp8,8.69
X-1383,CPA1,1357.0,Amp5,7.36
X-1383,CPA2,1358.0,Amp5,7.36
X-1383,CPA4,51200.0,Amp5,7.36
X-1383,CPA5,93979.0,Amp5,7.36
X-1383,CPN2,1370.0,Amp5,5.66
X-1383,CR1,1378.0,Amp5,5.82
X-1383,CR1L,1379.0,Amp5,5.82
X-1383,CR2,1380.0,Amp5,5.82
X-1383,CRB2,286204.0,Amp5,5.58
X-1383,CREB3L2,64764.0,Amp5,7.01
X-1383,CREBZF,58487.0,MutNovel,"Q315E,1.000"
X-1383,CRP,1401.0,Amp5,7.67
X-1383,CRYGN,155051.0,Amp5,6.23
X-1383,CSPG4P1Y,114758.0,Del0.8,0.3
X-1383,CSPG4P1Y,114758.0,Del0.8,0.3
X-1383,CTAGE15P,441294.0,Amp5,7.01
X-1383,CTAGE4,100128553.0,Amp5,7.01
X-1383,CTAGE4,100128553.0,Amp5,7.01
X-1383,CTAGE6P,340307.0,Amp5,7.01
X-1383,CTDP1,9150.0,MutNovel,"S387G,0.294"
X-1383,CTNNAL1,8727.0,Amp5,5.58
X-1383,CTSL2,1515.0,Amp5,5.21
X-1383,CUL1,8454.0,Amp5,7.01
X-1383,CUL5,8065.0,MutNovel,"K435R,1.000"
X-1383,CXorf23,256643.0,MutNovel,"F589V,1.000"
X-1383,CYLC2,1539.0,Amp5,5.58
X-1383,CYP2A7,1549.0,Del0.8,0.78
X-1383,DAB2IP,153090.0,Amp5,5.58
X-1383,DAP,1611.0,Amp5,5.66
X-1383,DARC,2532.0,Amp5,7.94
X-1383,DAZ1,1617.0,Del0.8,0.3
X-1383,DAZ2,57055.0,Del0.8,0.3
X-1383,DAZ3,57054.0,Del0.8,0.3
X-1383,DAZ3,57054.0,Del0.8,0.3
X-1383,DAZ4,57135.0,Del0.8,0.3
X-1383,DAZ4,57135.0,Del0.8,0.3
X-1383,DBC1,1620.0,Amp5,5.58
X-1383,DCAF12,25853.0,Amp5,5.98
X-1383,DCAF4L2,138009.0,Amp5,5.9
X-1383,DCAF5,8816.0,MutNovel,"T904P,0.364"
X-1383,DCAF8,50717.0,Amp5,7.67
X-1383,DCTN1,1639.0,Amp5,5.7
X-1383,DCTN3,11258.0,Amp5,5.98
X-1383,DDHD2,23259.0,MutNovel,"D541N,0.500"
X-1383,DDX3Y,8653.0,Del0.8,0.3
X-1383,DDX58,23586.0,Amp5,5.98
X-1383,2014-12-01 00:00:00,50514.0,Amp5,5.58
X-1383,DEGS1,8560.0,Amp5,6.59
X-1383,DENND1A,57706.0,Amp5,5.58
X-1383,DENND2A,27147.0,Amp5,7.01
X-1383,DENND4C,55667.0,Amp5,5.98
X-1383,DEPTOR,64798.0,Amp5,7.01
X-1383,DFNB31,25861.0,Amp5,5.58
X-1383,DGKI,9162.0,Amp5,7.01
X-1383,DGUOK,1716.0,Amp5,5.7
X-1383,DIEXF,27042.0,Amp5,5.82
X-1383,DISC1,27185.0,Amp5,6.59
X-1383,DISC2,27184.0,Amp5,6.59
X-1383,DISP1,84976.0,Amp5,6.68
X-1383,DMRT1,1761.0,Amp5,7.78
X-1383,DMRT2,10655.0,Amp5,7.78
X-1383,DMRT3,58524.0,Amp5,7.78
X-1383,DMRTA1,63951.0,Amp5,5.98
X-1383,DNAH10,196385.0,MutNovel,"G4038V,1.000"
X-1383,DNAH14,127602.0,Amp5,6.59
X-1383,DNAH5,1767.0,Amp5,5.86
X-1383,DNAI1,27019.0,Amp5,5.98
X-1383,DNAJA1,3301.0,Amp5,5.98
X-1383,DNAJB5,25822.0,Amp5,5.98
X-1383,DNAJB6,10049.0,Amp5,6.23
X-1383,DNAJC25,548645.0,Amp5,5.58
X-1383,DNAJC25-GNG10,552891.0,Amp5,5.58
X-1383,DNM1,1759.0,Amp5,5.58
X-1383,DOCK8,81704.0,Amp5,7.78
X-1383,DOK1,1796.0,Amp5,5.7
X-1383,DPM2,8818.0,Amp5,5.58
X-1383,DPP6,1804.0,Amp5,6.23
X-1383,DQX1,165545.0,Amp5,5.7
X-1383,DSCC1,79075.0,Amp5,7.01
X-1383,DTL,51514.0,Amp5,5.82
X-1383,DTNA,1837.0,MutNovel,"T595R,1.000"
X-1383,DUSP10,11221.0,Amp5,6.68
X-1383,DUSP11,8446.0,Amp5,5.7
X-1383,DUSP23,54935.0,Amp5,7.67
X-1383,DUSP5P,574029.0,Amp5,6.59
X-1383,DZIP3,9666.0,Amp5,5.17
X-1383,EDARADD,128178.0,Amp5,6.59
X-1383,EFCAB2,84288.0,MutNovel,"Q130R,0.278"
X-1383,EFCAB2,84288.0,Amp5,6.41
X-1383,EGLN1,54583.0,Amp5,6.59
X-1383,EGR4,1961.0,Amp5,5.7
X-1383,EIF1AY,9086.0,Del0.8,0.3
X-1383,EIF3H,8667.0,Amp5,5.82
X-1383,ELAVL2,1993.0,Amp5,5.98
X-1383,EMX1,2016.0,Amp5,5.7
X-1383,EN2,2020.0,Amp5,6.23
X-1383,ENAH,55740.0,Amp5,6.59
X-1383,ENG,2022.0,MutNovel,"R571C,0.324"
X-1383,ENG,2022.0,Amp5,5.58
X-1383,ENHO,375704.0,Amp5,5.98
X-1383,ENPP2,5168.0,Amp5,7.01
X-1383,EPB41L4B,54566.0,Amp5,5.58
X-1383,EPHA1,2041.0,Amp5,7.01
X-1383,EPHB6,2051.0,Amp5,7.01
X-1383,EPHX1,2052.0,Amp5,6.59
X-1383,EPPK1,83481.0,MutNovel,"R2239H,0.247"
X-1383,EPRS,2058.0,Amp5,6.68
X-1383,ERMP1,79956.0,Amp5,7.16
X-1383,ERO1LB,56605.0,Amp5,6.59
X-1383,ERP44,23071.0,Amp5,5.58
X-1383,ESRRG,2104.0,Amp5,7.06
X-1383,ESYT2,57488.0,Amp5,6.23
X-1383,EXO1,9156.0,Amp5,6.54
X-1383,EXOC3,11336.0,Amp5,6.19
X-1383,EXOC4,60412.0,Amp5,7.36
X-1383,EXOC8,149371.0,Amp5,6.59
X-1383,EXT1,2131.0,Amp5,7.01
X-1383,EZH2,2146.0,Amp5,7.01
X-1383,FABP5P3,220832.0,Amp5,6.23
X-1383,FAM102A,399665.0,Amp5,5.58
X-1383,FAM105A,54491.0,Amp5,5.86
X-1383,FAM105B,90268.0,MutNovel,"PAREAAAT21P,0.304"
X-1383,FAM105B,90268.0,Amp5,5.86
X-1383,FAM106A,80039.0,Del0.8,0.7
X-1383,FAM110C,642273.0,Amp5,5.21
X-1383,FAM115A,9747.0,Amp5,7.01
X-1383,FAM115C,285966.0,Amp5,7.01
X-1383,FAM118A,55007.0,MutNovel,"D84Y,1.000"
X-1383,FAM125B,89853.0,Amp5,5.58
X-1383,FAM129B,64855.0,Amp5,5.58
X-1383,FAM131B,9715.0,Amp5,7.01
X-1383,FAM134B,54463.0,Amp5,5.86
X-1383,FAM150B,285016.0,Amp5,5.21
X-1383,FAM154A,158297.0,Amp5,5.86
X-1383,FAM173B,134145.0,Amp5,5.66
X-1383,FAM176A,84141.0,Amp5,5.7
X-1383,FAM177B,400823.0,Amp5,6.68
X-1383,FAM180A,389558.0,Amp5,7.01
X-1383,FAM190A,401145.0,MutNovel,"IE482I,1.000"
X-1383,FAM197Y2P,252946.0,Del0.8,0.31
X-1383,FAM205A,259308.0,Amp5,5.98
X-1383,FAM205B,389715.0,Amp5,5.98
X-1383,FAM206A,54942.0,Amp5,5.58
X-1383,FAM214B,80256.0,Amp5,5.98
X-1383,FAM21B,55747.0,MutNovel,"K469Q,1.000"
X-1383,FAM21C,253725.0,MutNovel,"S468C,0.400"
X-1383,FAM22G,441457.0,Amp5,5.21
X-1383,FAM3C,10447.0,Amp5,5.62
X-1383,FAM40B,57464.0,Amp5,7.36
X-1383,FAM41AY1,340618.0,Del0.8,0.3
X-1383,FAM41AY1,340618.0,Del0.8,0.3
X-1383,FAM43A,131583.0,Amp5,5.66
X-1383,FAM46C,54855.0,MutNovel,"P389R,0.833"
X-1383,FAM71A,149647.0,Amp5,5.82
X-1383,FAM89A,375061.0,Amp5,6.59
X-1383,FANCA,2175.0,MutNovel,"S1226L,1.000"
X-1383,FANCG,2189.0,Amp5,5.98
X-1383,FASN,2194.0,MutNovel,"V383I,0.224"
X-1383,FASTK,10922.0,Amp5,6.23
X-1383,FASTKD3,79072.0,Amp5,5.9
X-1383,FBRSL1,57666.0,MutNovel,"S977A,1.000"
X-1383,FBXL7,23194.0,Amp5,5.86
X-1383,FBXO28,23219.0,Amp5,6.59
X-1383,FBXO41,150726.0,Amp5,5.7
X-1383,FBXW2,26190.0,Amp5,5.58
X-1383,FCER1A,2205.0,Amp5,7.67
X-1383,FCRL6,343413.0,Amp5,7.67
X-1383,FEZF1,389549.0,Amp5,5.62
X-1383,FGD3,89846.0,MutNovel,"E618K,0.250"
X-1383,FGF12,2257.0,Amp5,5.7
X-1383,FH,2271.0,Amp5,6.54
X-1383,FKBP15,23307.0,Amp5,5.58
X-1383,FKTN,2218.0,Amp5,5.58
X-1383,FLJ33360,401172.0,Amp5,5.9
X-1383,FLJ34208,401106.0,Amp5,5.66
X-1383,FLJ35024,401491.0,Amp5,7.78
X-1383,FLJ35282,441389.0,Amp5,5.98
X-1383,FLJ40852,285962.0,Amp5,7.01
X-1383,FLJ41200,401492.0,Amp5,6.11
X-1383,FLJ42393,401105.0,Amp5,5.54
X-1383,FLJ43663,378805.0,Amp5,7.36
X-1383,FLVCR1,28982.0,Amp5,5.82
X-1383,FLVCR1-AS1,642946.0,Amp5,5.82
X-1383,FMN2,56776.0,Amp5,6.54
X-1383,FNBP1,23048.0,MutNovel,"V241G,0.438"
X-1383,FOXA2,3170.0,Amp5,5.21
X-1383,FOXD4,2298.0,Amp5,7.78
X-1383,FOXE1,2304.0,Amp8,8.69
X-1383,FOXQ1,94234.0,MutNovel,"V387G,1.000"
X-1383,FPGS,2356.0,Amp5,5.58
X-1383,FREM1,158326.0,Amp5,5.86
X-1383,FRMD4A,55691.0,MutNovel,"E407G,0.304"
X-1383,FSD1L,83856.0,Amp5,5.58
X-1383,FUT5,2527.0,MutNovel,"E261K,1.000"
X-1383,G0S2,50486.0,Amp5,5.82
X-1383,GABBR2,9568.0,Amp5,6.96
X-1383,GALNT11,63917.0,Amp5,6.23
X-1383,GALNT12,79695.0,Amp5,5.58
X-1383,GALNT2,2590.0,Amp5,6.59
X-1383,GALNTL5,168391.0,Amp5,6.23
X-1383,GALT,2592.0,Amp5,5.98
X-1383,GAPVD1,26130.0,Amp5,5.58
X-1383,GARNL3,84253.0,Amp5,5.58
X-1383,GBX1,2636.0,Amp5,6.23
X-1383,GGPS1,9453.0,Amp5,6.59
X-1383,GGTA1P,2681.0,Amp5,5.58
X-1383,GIMAP1,170575.0,Amp5,6.23
X-1383,GIMAP1-GIMAP5,100527949.0,Amp5,6.23
X-1383,GIMAP2,26157.0,Amp5,6.23
X-1383,GIMAP4,55303.0,Amp5,6.23
X-1383,GIMAP5,55340.0,Amp5,6.23
X-1383,GIMAP6,474344.0,Amp5,6.23
X-1383,GIMAP7,168537.0,Amp5,6.23
X-1383,GIMAP8,155038.0,Amp5,6.23
X-1383,GJC2,57165.0,Amp5,6.59
X-1383,GLDC,2731.0,Amp5,7.16
X-1383,GLE1,2733.0,Amp5,5.58
X-1383,GLIS3,169792.0,Amp5,7.78
X-1383,GLIS3-AS1,84850.0,Amp5,7.78
X-1383,GMNC,647309.0,Amp5,5.54
X-1383,GNG10,2790.0,Amp5,5.58
X-1383,GNG4,2786.0,Amp5,6.59
X-1383,GNPAT,8443.0,Amp5,6.59
X-1383,GOLGA1,2800.0,Amp5,5.58
X-1383,GOLGA2,2801.0,Amp5,5.58
X-1383,GOLGA2P2Y,84559.0,Del0.8,0.3
X-1383,GOLGA2P2Y,84559.0,Del0.8,0.3
X-1383,GP5,2814.0,Amp5,5.66
X-1383,GPATCH2,55105.0,Amp5,7.06
X-1383,GPR137B,7107.0,Amp5,6.59
X-1383,GPR144,347088.0,Amp5,5.58
X-1383,GPR21,2844.0,Amp5,5.58
X-1383,GPR37,2861.0,Amp5,5.86
X-1383,GPR39,2863.0,MutNovel,"EK406E,0.950"
X-1383,GREM2,64388.0,Amp5,6.54
X-1383,GRIN3A,116443.0,Amp5,5.58
X-1383,GSN,2934.0,Amp5,5.58
X-1383,GSTK1,373156.0,Amp5,7.01
X-1383,GTF2IRD2B,389524.0,MutNovel,"G211S,0.600"
X-1383,GUK1,2987.0,Amp5,6.59
X-1383,GUSBP1,728411.0,Amp5,5.98
X-1383,GYG2P1,352887.0,Del0.8,0.3
X-1383,H3F3A,3020.0,Amp5,6.59
X-1383,H3F3AP4,440926.0,Amp5,6.59
X-1383,HABP4,22927.0,Amp5,5.21
X-1383,HAUS6,54801.0,Amp5,5.86
X-1383,HDDC2,51020.0,Amp5,7.31
X-1383,HDHD3,81932.0,Amp5,5.58
X-1383,HEATR1,55127.0,Amp5,6.59
X-1383,HEMGN,55363.0,Amp8,8.69
X-1383,HES1,3280.0,Amp5,5.66
X-1383,HEY2,23493.0,Amp5,7.31
X-1383,HHAT,55733.0,Amp5,5.82
X-1383,HHIPL2,79802.0,Amp5,6.68
X-1383,HHLA2,11148.0,Amp5,5.17
X-1383,HIATL2,84278.0,Amp5,5.21
X-1383,HINT3,135114.0,Amp5,5.9
X-1383,HIPK2,28996.0,Amp5,7.01
X-1383,HIST1H2AL,8332.0,MutNovel,"A54T,0.667"
X-1383,HIST3H2A,92815.0,Amp5,6.59
X-1383,HIST3H2BB,128312.0,Amp5,6.59
X-1383,HIST3H3,8290.0,Amp5,6.59
X-1383,HK2,3099.0,Amp5,5.7
X-1383,HLA-DPB1,3115.0,MutNovel,"G113V,0.972"
X-1383,HLA-G,3135.0,MutNovel,"A34T,1.000"
X-1383,HLA-G,3135.0,MutNovel,"M69K,1.000"
X-1383,HLA-G,3135.0,MutNovel,"W75R,1.000"
X-1383,HLA-G,3135.0,MutNovel,"N175R,0.963"
X-1383,HLA-G,3135.0,MutNovel,"F219S,0.903"
X-1383,HLX,3142.0,Amp5,6.68
X-1383,HNRNPM,4670.0,MutNovel,"V229L,0.621"
X-1383,HNRNPU,3192.0,Amp5,6.41
X-1383,HNRNPU-AS1,284702.0,Amp5,6.41
X-1383,HRASLS,57110.0,Amp5,5.66
X-1383,HRSP12,10247.0,Amp5,6.77
X-1383,HSD11B1,3290.0,Amp5,5.82
X-1383,HSD17B3,3293.0,Amp5,5.21
X-1383,HSDL2,84263.0,Amp5,5.58
X-1383,HSFY2,159119.0,Del0.8,0.3
X-1383,HSFY2,159119.0,Del0.8,0.3
X-1383,HSPA5,3309.0,Amp5,5.58
X-1383,HTR5A,3361.0,Amp5,6.23
X-1383,HTRA2,27429.0,Amp5,5.7
X-1383,HYDIN,54768.0,MutNovel,"R2938K,0.800"
X-1383,HYDIN,54768.0,MutNovel,"V1717M,0.333"
X-1383,IARS2,55699.0,Amp5,6.68
X-1383,IBA57,200205.0,Amp5,6.59
X-1383,IDH1,3417.0,MutNovel,"V71I,0.989"
X-1383,IFIH1,64135.0,MutNovel,"E1005Q,0.571"
X-1383,IFNA1,3439.0,Amp5,5.98
X-1383,IFNA10,3446.0,Amp5,5.98
X-1383,IFNA13,3447.0,Amp5,5.98
X-1383,IFNA14,3448.0,Amp5,5.98
X-1383,IFNA16,3449.0,Amp5,5.98
X-1383,IFNA17,3451.0,Amp5,5.98
X-1383,IFNA2,3440.0,Amp5,5.98
X-1383,IFNA21,3452.0,Amp5,5.98
X-1383,IFNA22P,3453.0,Amp5,5.98
X-1383,IFNA4,3441.0,Amp5,5.98
X-1383,IFNA5,3442.0,Amp5,5.98
X-1383,IFNA6,3443.0,Amp5,5.98
X-1383,IFNA7,3444.0,Amp5,5.98
X-1383,IFNA8,3445.0,Amp5,5.98
X-1383,IFNB1,3456.0,Amp5,5.98
X-1383,IFNE,338376.0,Amp5,5.98
X-1383,IFNK,56832.0,Amp5,5.98
X-1383,IFNW1,3467.0,Amp5,5.98
X-1383,IFT57,55081.0,Amp5,5.17
X-1383,IFT74,80173.0,Amp5,5.98
X-1383,IGFN1,91156.0,MutNovel,"E1934K,0.571"
X-1383,IGSF8,93185.0,Amp5,7.67
X-1383,IGSF9,57549.0,Amp5,7.67
X-1383,IKBKAP,8518.0,Amp5,5.58
X-1383,IL11RA,3590.0,Amp5,5.98
X-1383,IL1RAP,3556.0,Amp5,5.54
X-1383,IL33,90865.0,Amp5,7.16
X-1383,ING3,54556.0,Amp5,5.62
X-1383,INO80B,83444.0,Amp5,5.7
X-1383,INO80B-WBP1,100532735.0,Amp5,5.7
X-1383,INSIG1,3638.0,MutNovel,"L143P,0.572"
X-1383,INSIG1,3638.0,Amp5,6.23
X-1383,INSL4,3641.0,Amp5,7.16
X-1383,INSL6,11172.0,Amp5,7.16
X-1383,INTS1,26173.0,MutNovel,"L354P,0.357"
X-1383,INTS7,25896.0,Amp5,5.82
X-1383,INVS,27130.0,Amp5,5.58
X-1383,IRF2BP2,359948.0,Amp5,6.59
X-1383,IRF6,3664.0,Amp5,5.82
X-1383,IRX1,79192.0,Amp5,5.9
X-1383,IRX2,153572.0,Amp5,5.9
X-1383,IRX4,50805.0,Amp5,5.9
X-1383,ITPKB,3707.0,Amp5,6.59
X-1383,JAK2,3717.0,Amp5,6.19
X-1383,JHDM1D,80853.0,Amp5,7.01
X-1383,JMJD4,65094.0,Amp5,6.59
X-1383,KANK1,23189.0,Amp5,7.78
X-1383,KANSL1L,,MutNovel,"S465G,1.000"
X-1383,KCND2,3751.0,Amp5,5.62
X-1383,KCNH1,3756.0,Amp5,5.82
X-1383,KCNH2,3757.0,Amp5,6.23
X-1383,KCNJ10,3766.0,Amp5,7.67
X-1383,KCNJ9,3765.0,Amp5,7.67
X-1383,KCNK1,3775.0,Amp5,6.59
X-1383,KCNK2,3776.0,Amp5,7.06
X-1383,KCNK6,9424.0,MutNovel,"E29G,0.545"
X-1383,KCNMB3,27094.0,MutNovel,"D41N,0.750"
X-1383,KCNS2,3788.0,Amp5,6.77
X-1383,KCNV2,169522.0,Amp5,7.78
X-1383,KCTD3,51133.0,Amp5,7.06
X-1383,KDM4C,23081.0,Amp5,6.63
X-1383,KDM5D,8284.0,Del0.8,0.3
X-1383,KEL,3792.0,Amp5,7.01
X-1383,KHNYN,23351.0,MutNovel,"Q262L,0.244"
X-1383,KIAA0020,9933.0,Amp5,7.78
X-1383,KIAA0100,9703.0,MutNovel,"I545M,0.464"
X-1383,KIAA0368,23392.0,Amp5,5.58
X-1383,KIAA0922,23240.0,MutKnownFunctional,"-1563,0.962"
X-1383,KIAA0947,23379.0,Amp5,5.9
X-1383,KIAA1045,23349.0,Amp5,5.98
X-1383,KIAA1147,57189.0,Amp5,7.01
X-1383,KIAA1161,57462.0,Amp5,5.98
X-1383,KIAA1383,54627.0,Amp5,6.59
X-1383,KIAA1432,57589.0,Amp5,7.16
X-1383,KIAA1524,57650.0,Amp5,5.17
X-1383,KIAA1549,57670.0,Amp5,7.01
X-1383,KIAA1804,84451.0,Amp5,6.59
X-1383,KIAA1958,158405.0,Amp5,5.58
X-1383,KIAA2026,158358.0,Amp5,7.16
X-1383,KIF12,113220.0,Amp5,5.58
X-1383,KIF1A,547.0,MutNovel,"ED917D,0.333"
X-1383,KIF20B,9585.0,MutNovel,"L1062LKV,0.919"
X-1383,KIF24,347240.0,Amp5,5.98
X-1383,KIF26B,55083.0,Amp5,6.41
X-1383,KLF14,136259.0,Amp5,7.36
X-1383,KLF16,83855.0,MutNovel,"A38T,1.000"
X-1383,KLF4,9314.0,Amp5,5.58
X-1383,KLHDC10,23008.0,Amp5,7.36
X-1383,KLHL9,55958.0,Amp5,5.98
X-1383,KLLN,100144748.0,MutNovel,"G39R,1.000"
X-1383,KLRG2,346689.0,Amp5,7.01
X-1383,KMO,8564.0,Amp5,6.54
X-1383,KRBA1,84626.0,Amp5,7.01
X-1383,KRT17,3872.0,MutNovel,"A124G,0.246"
X-1383,KRTAP9-3,83900.0,Del0.8,0.74
X-1383,KRTAP9-4,85280.0,Del0.8,0.74
X-1383,KRTAP9-8,83901.0,Del0.8,0.74
X-1383,LAMB3,3914.0,Amp5,5.82
X-1383,LBR,3930.0,Amp5,6.59
X-1383,LBX2,85474.0,Amp5,5.7
X-1383,LCN2,3934.0,Amp5,5.58
X-1383,LEFTY1,10637.0,Amp5,6.59
X-1383,LEFTY2,7044.0,Amp5,6.59
X-1383,LEPREL1,55214.0,Amp5,5.54
X-1383,LGALS8,3964.0,Amp5,6.59
X-1383,LGALS8-AS1,100287902.0,Amp5,6.59
X-1383,LGALS9C,654346.0,Del0.8,0.29
X-1383,LHX2,9355.0,Amp5,5.58
X-1383,LHX6,26468.0,Amp5,5.58
X-1383,LIMK2,3985.0,MutNovel,"A462S,0.989"
X-1383,LIN9,286826.0,Amp5,6.59
X-1383,LINC00032,158035.0,Amp5,5.98
X-1383,LINC00092,100188953.0,Amp5,5.21
X-1383,LINC00184,100302691.0,Amp5,6.59
X-1383,LINC00244,64433.0,Amp5,6.23
X-1383,LINC00261,140828.0,Amp5,5.21
X-1383,LINC00467,84791.0,Amp5,5.82
X-1383,LINC00474,58483.0,Amp5,5.58
X-1383,LINC00476,100128782.0,Amp5,5.21
X-1383,LINGO2,158038.0,Amp5,5.98
X-1383,LINGO4,339398.0,Amp5,6.11
X-1383,LITAF,9516.0,MutNovel,"V29G,0.333"
X-1383,LMBR1,64327.0,Amp5,6.23
X-1383,LMO7,4008.0,MutNovel,"A458E,0.969"
X-1383,LMX1B,4010.0,Amp5,5.58
X-1383,LOC100128023,100128023.0,Amp5,5.66
X-1383,LOC100128264,100128264.0,Amp5,6.23
X-1383,LOC100128505,100128505.0,Amp5,5.58
X-1383,LOC100128822,100128822.0,Amp5,6.23
X-1383,LOC100129034,100129034.0,Amp5,5.58
X-1383,LOC100129148,100129148.0,Amp5,7.01
X-1383,LOC100129250,100129250.0,Amp5,5.98
X-1383,LOC100130093,100130093.0,Amp5,6.59
X-1383,LOC100130331,100130331.0,Amp8,8
X-1383,LOC100130880,100130880.0,Amp5,7.01
X-1383,LOC100131551,100131551.0,Amp5,5.66
X-1383,LOC100131825,100131825.0,Amp5,7.94
X-1383,LOC100132111,100132111.0,Amp5,6.11
X-1383,LOC100132707,100132707.0,Amp5,6.23
X-1383,LOC100132781,100132781.0,Amp5,5.21
X-1383,LOC100134229,100134229.0,Amp5,7.01
X-1383,LOC100287482,100287482.0,Amp5,7.36
X-1383,LOC100288842,100288842.0,Amp5,5.58
X-1383,LOC100289019,100289019.0,Amp5,5.58
X-1383,LOC100289561,100289561.0,MutNovel,"E75Q,1.000"
X-1383,LOC100499484,100499484.0,Amp5,5.21
X-1383,LOC100505478,100505478.0,Amp5,5.58
X-1383,LOC100505633,100505633.0,Amp5,7.67
X-1383,LOC100505738,100505738.0,Amp5,5.66
X-1383,LOC100505806,100505806.0,Amp5,5.66
X-1383,LOC100505964,100505964.0,Amp5,7.78
X-1383,LOC100506054,100506054.0,Amp5,7.78
X-1383,LOC100506422,100506422.0,Amp5,5.98
X-1383,LOC100506585,100506585.0,Amp5,6.23
X-1383,LOC100506688,100506688.0,Amp5,5.9
X-1383,LOC100506795,100506795.0,Amp5,6.59
X-1383,LOC100506810,100506810.0,Amp5,6.59
X-1383,LOC100507391,100507391.0,Amp5,5.66
X-1383,LOC148696,148696.0,Amp5,5.82
X-1383,LOC148824,148824.0,Amp5,6.41
X-1383,LOC149134,149134.0,Amp5,6.41
X-1383,LOC150622,150622.0,Amp5,6.28
X-1383,LOC151658,151658.0,Amp5,5.17
X-1383,LOC154761,154761.0,Amp5,7.01
X-1383,LOC154822,154822.0,Amp5,6.23
X-1383,LOC154872,154872.0,Amp5,5.86
X-1383,LOC155060,155060.0,Amp5,7.01
X-1383,LOC158435,158435.0,Amp5,5.21
X-1383,LOC202781,202781.0,Amp5,6.23
X-1383,LOC253039,253039.0,Amp5,5.58
X-1383,LOC255167,255167.0,Amp5,5.9
X-1383,LOC255654,255654.0,Amp5,6.41
X-1383,LOC284344,284344.0,Del0.8,0.36
X-1383,LOC285205,285205.0,Amp5,5.17
X-1383,LOC285577,285577.0,Amp5,5.9
X-1383,LOC285692,285692.0,Amp5,5.66
X-1383,LOC285696,285696.0,Amp5,5.86
X-1383,LOC285889,285889.0,Amp5,6.23
X-1383,LOC285972,285972.0,Amp5,6.23
X-1383,LOC286359,286359.0,Amp5,5.21
X-1383,LOC286367,286367.0,Amp5,5.58
X-1383,LOC339529,339529.0,Amp5,6.41
X-1383,LOC339535,339535.0,Amp8,8
X-1383,LOC339822,339822.0,Amp5,5.21
X-1383,LOC340094,340094.0,Amp5,5.9
X-1383,LOC340107,340107.0,Amp5,5.98
X-1383,LOC340508,340508.0,Amp5,5.21
X-1383,LOC389705,389705.0,Amp5,5.86
X-1383,LOC389791,389791.0,Amp5,5.58
X-1383,LOC400940,400940.0,Amp5,6.28
X-1383,LOC401177,401177.0,Amp5,5.98
X-1383,LOC415056,415056.0,Amp5,5.98
X-1383,LOC441454,441454.0,Amp5,5.21
X-1383,LOC441455,441455.0,Amp5,5.21
X-1383,LOC441461,441461.0,Amp5,5.58
X-1383,LOC442132,442132.0,Amp5,5.9
X-1383,LOC643623,643623.0,Amp5,7.31
X-1383,LOC643723,643723.0,Amp5,7.06
X-1383,LOC645249,645249.0,Amp5,6.23
X-1383,LOC646329,646329.0,Amp5,7.36
X-1383,LOC646627,646627.0,Amp5,6.63
X-1383,LOC646862,646862.0,MutNovel,"A274T,1.000"
X-1383,LOC647323,647323.0,Amp5,5.66
X-1383,LOC727982,727982.0,Amp8,8.34
X-1383,LOC728377,728377.0,Amp5,7.01
X-1383,LOC728613,728613.0,Amp5,5.9
X-1383,LOC728743,728743.0,Amp5,6.23
X-1383,LOC730811,730811.0,Amp5,5.13
X-1383,LOC731275,731275.0,Amp5,6.41
X-1383,LOC93432,93432.0,Amp5,7.01
X-1383,LOXL3,84695.0,Amp5,5.7
X-1383,LPAR1,1902.0,Amp5,5.58
X-1383,LPCAT1,79888.0,Amp5,5.9
X-1383,LPGAT1,9926.0,Amp5,5.82
X-1383,LPP,4026.0,Amp5,5.54
X-1383,LPP-AS2,339929.0,Amp5,5.54
X-1383,LPPR1,54886.0,Amp5,5.58
X-1383,LPPR3,79948.0,MutNovel,"R515S,1.000"
X-1383,LRGUK,136332.0,Amp5,7.36
X-1383,LRRC14B,389257.0,Amp5,6.19
X-1383,LRRC15,131578.0,Amp5,5.66
X-1383,LRRC16B,90668.0,MutNovel,"H1155R,0.600"
X-1383,LRRC19,64922.0,Amp5,5.98
X-1383,LRRC33,375387.0,MutNovel,"N568K,1.000"
X-1383,LRRC61,65999.0,Amp5,6.23
X-1383,LRSAM1,90678.0,Amp5,5.58
X-1383,LSG1,55341.0,Amp5,5.66
X-1383,LSM3,27258.0,MutNovel,"D67H,0.315"
X-1383,LSR,51599.0,MutNovel,"G518GR,0.234"
X-1383,LUC7L2,51631.0,Amp5,7.01
X-1383,LUZP6,767558.0,Amp5,7.01
X-1383,LYPLAL1,127018.0,Amp5,7.06
X-1383,LYST,1130.0,Amp5,6.59
X-1383,MAL2,114569.0,Amp5,7.01
X-1383,MAP1LC3C,440738.0,Amp5,6.54
X-1383,MAP3K11,4296.0,MutNovel,"D704P,1.000"
X-1383,MAP6D1,79929.0,MutNovel,"A102T,0.500"
X-1383,MAPKAP1,79109.0,Amp5,5.58
X-1383,MAPKAPK2,9261.0,MutNovel,"T25A,1.000"
X-1383,2014-03-01 00:00:00,64757.0,Amp5,6.68
X-1383,2014-03-02 00:00:00,54996.0,Amp5,6.68
X-1383,2014-03-11 00:00:00,441061.0,Amp5,5.86
X-1383,2014-03-06 00:00:00,10299.0,Amp5,5.66
X-1383,MARK1,4139.0,Amp5,6.68
X-1383,MATN2,4147.0,Amp5,5.54
X-1383,MED10,84246.0,Amp5,5.9
X-1383,MED30,90390.0,MutNovel,"L82H,0.656"
X-1383,MED30,90390.0,Amp5,7.01
X-1383,MEGF9,1955.0,Amp5,5.58
X-1383,MEST,4232.0,Amp5,7.36
X-1383,MESTIT1,317751.0,Amp5,7.36
X-1383,MGAM,8972.0,Amp5,7.01
X-1383,MGC2889,84789.0,Amp5,5.66
X-1383,MIA3,375056.0,Amp5,6.68
X-1383,MIR101-2,406894.0,Amp5,7.78
X-1383,MIR1182,100302132.0,Amp5,6.59
X-1383,MIR147A,406939.0,Amp5,5.58
X-1383,MIR153-2,406945.0,Amp5,6.23
X-1383,MIR1537,100302139.0,Amp5,6.59
X-1383,MIR181A2,406954.0,Amp5,5.58
X-1383,MIR181A2HG,100379345.0,Amp5,5.58
X-1383,MIR181B2,406956.0,Amp5,5.58
X-1383,MIR182,406958.0,Amp5,7.36
X-1383,MIR183,406959.0,Amp5,7.36
X-1383,MIR194-1,406969.0,Amp5,6.68
X-1383,MIR199B,406978.0,Amp5,5.58
X-1383,MIR205,406988.0,Amp5,5.82
X-1383,MIR205HG,642587.0,Amp5,5.82
X-1383,MIR215,406997.0,Amp5,6.68
X-1383,MIR219-2,407003.0,Amp5,5.58
X-1383,MIR2681,100616110.0,Amp5,5.06
X-1383,MIR2964A,100616335.0,Amp5,5.58
X-1383,MIR29A,407021.0,Amp5,7.36
X-1383,MIR29B1,407024.0,Amp5,7.36
X-1383,MIR29C,407026.0,Amp5,5.82
X-1383,MIR31,407035.0,Amp5,5.98
X-1383,MIR3122,100422947.0,Amp5,5.82
X-1383,MIR3123,100422856.0,Amp5,6.54
X-1383,MIR3124,100422879.0,Amp5,6.63
X-1383,MIR3134,100422990.0,Amp5,5.58
X-1383,MIR3152,100422869.0,Amp5,5.86
X-1383,MIR3154,100422893.0,Amp5,5.58
X-1383,MIR31HG,554202.0,Amp5,5.98
X-1383,MIR32,407036.0,Amp5,5.58
X-1383,MIR320B2,100313769.0,Amp5,6.59
X-1383,MIR335,442904.0,Amp5,7.36
X-1383,MIR3610,100500914.0,Amp5,7.01
X-1383,MIR3620,100500810.0,Amp5,6.59
X-1383,MIR3907,100500835.0,Amp5,6.23
X-1383,MIR3911,100500872.0,Amp5,5.58
X-1383,MIR3916,100500849.0,Amp5,6.41
X-1383,MIR3960,100616250.0,Amp5,5.58
X-1383,MIR4260,100422894.0,Amp5,5.82
X-1383,MIR4277,100422966.0,Amp5,5.9
X-1383,MIR4278,100422999.0,Amp5,5.9
X-1383,MIR4424,100616328.0,Amp5,7.84
X-1383,MIR4427,100616390.0,Amp5,6.59
X-1383,MIR4454,100616234.0,Amp5,5.9
X-1383,MIR4456,100616381.0,Amp5,6.19
X-1383,MIR4457,100616235.0,Amp5,5.9
X-1383,MIR4458,100616142.0,Amp5,5.66
X-1383,MIR4468,100616226.0,Amp5,7.01
X-1383,MIR4473,100616229.0,Amp5,5.98
X-1383,MIR4474,100616441.0,Amp5,5.98
X-1383,MIR4478,100616312.0,Amp5,5.58
X-1383,MIR455,619556.0,Amp5,5.58
X-1383,MIR4635,100616479.0,Amp5,5.9
X-1383,MIR4636,100616326.0,Amp5,5.66
X-1383,MIR4637,100616271.0,Amp5,5.86
X-1383,MIR4665,100616288.0,Amp5,7.16
X-1383,MIR4666A,100616308.0,Amp5,6.59
X-1383,MIR4668,100616114.0,Amp5,5.58
X-1383,MIR4671,100616380.0,Amp5,6.59
X-1383,MIR4672,100616429.0,Amp5,5.58
X-1383,MIR4677,100616343.0,Amp5,6.41
X-1383,MIR4705,100616239.0,Amp5,5.06
X-1383,MIR4742,100616468.0,Amp5,6.59
X-1383,MIR4753,100616224.0,Amp5,6.59
X-1383,MIR490,574443.0,Amp5,7.01
X-1383,MIR491,574444.0,Amp5,5.98
X-1383,MIR548F3,100302159.0,Amp5,7.01
X-1383,MIR548F4,100313895.0,Amp5,7.01
X-1383,MIR548I4,100302191.0,Amp5,7.01
X-1383,MIR548Q,100313841.0,Amp5,5.58
X-1383,MIR548T,100422849.0,Amp5,7.01
X-1383,MIR570,693155.0,Amp5,5.66
X-1383,MIR595,693180.0,Amp5,6.23
X-1383,MIR600HG,81571.0,Amp5,5.58
X-1383,MIR601,693186.0,Amp5,5.58
X-1383,MIR671,768213.0,Amp5,6.23
X-1383,MIR873,100126316.0,Amp5,5.98
X-1383,MIR876,100126310.0,Amp5,5.98
X-1383,MIR944,100126340.0,Amp5,5.54
X-1383,MIR96,407053.0,Amp5,7.36
X-1383,MIXL1,83881.0,Amp5,6.59
X-1383,MKLN1,4289.0,Amp5,7.36
X-1383,MKRN1,23608.0,Amp5,7.01
X-1383,MLANA,2315.0,Amp5,7.16
X-1383,MLL3,58508.0,Amp5,6.23
X-1383,MLLT3,4300.0,Amp5,5.98
X-1383,MNX1,3110.0,Amp5,6.23
X-1383,MOB1A,55233.0,Amp5,5.7
X-1383,MOB3B,79817.0,Amp5,5.98
X-1383,MOGS,7841.0,Amp5,5.7
X-1383,MORN5,254956.0,Amp5,5.58
X-1383,MOXD2P,100289017.0,Amp5,7.01
X-1383,MPDZ,8777.0,MutNovel,"S157G,0.643"
X-1383,MPDZ,8777.0,Amp5,6.11
X-1383,MPST,4357.0,MutNovel,"F209V,0.409"
X-1383,MPZ,4359.0,Amp8,8.11
X-1383,MRPL13,28998.0,Amp5,7.01
X-1383,MRPL36,64979.0,Amp5,5.9
X-1383,MRPL50,54534.0,Amp5,5.58
X-1383,MRPL53,116540.0,Amp5,5.7
X-1383,MRPL55,128308.0,Amp5,6.59
X-1383,MRPL9,65005.0,Amp5,6.11
X-1383,MRPS33,51650.0,Amp5,7.01
X-1383,MRRF,92399.0,Amp5,5.58
X-1383,MTAP,4507.0,Amp5,5.98
X-1383,MTBP,27085.0,Amp5,7.01
X-1383,MTERFD2,130916.0,MutNovel,"DE366E,0.579"
X-1383,MTFP1,51537.0,MutNovel,"V40G,0.636"
X-1383,MTHFD1L,25902.0,MutNovel,"R853K,0.268"
X-1383,MTHFD2,10797.0,Amp5,5.7
X-1383,MTR,4548.0,Amp5,6.59
X-1383,MTRNR2L6,100463482.0,Amp5,7.01
X-1383,MTRR,4552.0,Amp5,5.9
X-1383,MUC20,200958.0,Amp8,8.34
X-1383,MUC4,4585.0,Amp5,6.41
X-1383,MURC,347273.0,Amp5,5.58
X-1383,MUSK,4593.0,Amp5,5.58
X-1383,MYH15,22989.0,Amp5,5.17
X-1383,MYO10,4651.0,Amp5,5.86
X-1383,MYT1L,23040.0,Amp5,5.13
X-1383,NAIF1,203245.0,Amp5,5.58
X-1383,NANS,54187.0,Amp8,8.69
X-1383,NAT8,9027.0,Amp5,5.7
X-1383,NAT8B,51471.0,Amp5,5.7
X-1383,NBN,4683.0,MutNovel,"L18I,0.596"
X-1383,NBPF1,55672.0,MutNovel,"V718A,0.250"
X-1383,NBPF1,55672.0,MutNovel,"R385W,0.500"
X-1383,NBPF10,100132406.0,MutNovel,"K68R,0.522"
X-1383,NBPF10,100132406.0,MutNovel,"P1272R,1.000"
X-1383,NCAPG2,54892.0,Amp5,6.23
X-1383,NCBP1,4686.0,Amp8,8.69
X-1383,NCL,4691.0,MutNovel,"DDE257E,0.770"
X-1383,NCOA7,135112.0,Amp5,6.5
X-1383,NCRNA00185,55410.0,Del0.8,0.3
X-1383,NCSTN,23385.0,Amp5,7.67
X-1383,NDUFA8,4702.0,Amp5,5.58
X-1383,NDUFB2,4708.0,Amp5,7.01
X-1383,NDUFB6,4712.0,Amp5,5.98
X-1383,NDUFS6,4726.0,Amp5,5.9
X-1383,NEK2,4751.0,Amp5,5.82
X-1383,NEK6,10783.0,Amp5,5.58
X-1383,NENF,29937.0,Amp5,5.82
X-1383,NFIB,4781.0,Amp5,6.11
X-1383,NFX1,4799.0,Amp5,5.98
X-1383,NHLH1,4807.0,Amp5,7.67
X-1383,NID1,4811.0,Amp5,6.59
X-1383,NIPAL2,79815.0,Amp5,6.77
X-1383,NIPSNAP3A,25934.0,Amp5,5.58
X-1383,NIPSNAP3B,55335.0,Amp5,5.58
X-1383,NKD2,85409.0,Amp5,5.9
X-1383,NLGN4Y,22829.0,Del0.8,0.3
X-1383,NLRP3,114548.0,Amp5,6.41
X-1383,NOBOX,135935.0,Amp5,7.01
X-1383,NOL6,65083.0,Amp5,5.98
X-1383,NOM1,64434.0,Amp5,6.23
X-1383,NOS3,4846.0,Amp5,6.23
X-1383,NOTO,344022.0,Amp5,5.7
X-1383,NOV,4856.0,Amp5,7.01
X-1383,NPHP4,261734.0,MutNovel,"A227T,1.000"
X-1383,NPIPL3,23117.0,MutNovel,"P787S,0.750"
X-1383,NR4A3,8013.0,Amp5,5.58
X-1383,NR5A1,2516.0,Amp5,5.58
X-1383,NR6A1,2649.0,Amp5,5.58
X-1383,NRF1,4899.0,Amp5,7.36
X-1383,NRON,641373.0,Amp5,5.58
X-1383,NSL1,25936.0,Amp5,5.82
X-1383,NSUN2,54888.0,Amp5,5.9
X-1383,NT5E,4907.0,Amp5,7.57
X-1383,NTMT1,,MutNovel,"L80P,0.241"
X-1383,NTPCR,84284.0,Amp5,6.59
X-1383,NUB1,51667.0,Amp5,6.23
X-1383,NUDT2,318.0,Amp5,5.98
X-1383,NUP133,55746.0,Amp5,6.59
X-1383,NUP188,23511.0,MutNovel,"R202C,1.000"
X-1383,NUP205,23165.0,Amp5,7.01
X-1383,NVL,4931.0,Amp5,6.59
X-1383,NWD1,284434.0,MutNovel,"R110K,0.750"
X-1383,OAZ3,51686.0,Amp5,6.11
X-1383,OBSCN,84033.0,Amp5,6.59
X-1383,OCLN,100506658.0,MutNovel,"P311T,1.000"
X-1383,ODF2,4957.0,Amp5,5.58
X-1383,OLFML2A,169611.0,Amp5,5.58
X-1383,OPA1,4976.0,Amp5,5.66
X-1383,OPN3,23596.0,Amp5,6.54
X-1383,OPN4,94233.0,Amp5,5.58
X-1383,OR10J1,26476.0,Amp5,7.67
X-1383,OR10J3,441911.0,Amp5,7.67
X-1383,OR10J5,127385.0,Amp5,7.67
X-1383,OR11L1,391189.0,Amp5,6.41
X-1383,OR13C2,392376.0,Amp5,5.58
X-1383,OR13C3,138803.0,Amp5,5.58
X-1383,OR13C4,138804.0,Amp5,5.58
X-1383,OR13C5,138799.0,Amp5,5.58
X-1383,OR13C8,138802.0,Amp5,5.58
X-1383,OR13C9,286362.0,Amp5,5.58
X-1383,OR13D1,286365.0,Amp5,5.58
X-1383,OR13F1,138805.0,Amp5,5.58
X-1383,OR13G1,441933.0,Amp5,6.41
X-1383,OR14A16,284532.0,Amp5,6.41
X-1383,OR14C36,127066.0,Amp5,6.41
X-1383,OR14I1,401994.0,Amp5,6.63
X-1383,OR1B1,347169.0,Amp5,5.58
X-1383,OR1C1,26188.0,Amp5,6.41
X-1383,OR1J1,347168.0,Amp5,5.58
X-1383,OR1J2,26740.0,Amp5,5.58
X-1383,OR1J4,26219.0,Amp5,5.58
X-1383,OR1K1,392392.0,Amp5,5.58
X-1383,OR1L1,26737.0,Amp5,5.58
X-1383,OR1L3,26735.0,Amp5,5.58
X-1383,OR1L4,254973.0,Amp5,5.58
X-1383,OR1L6,392390.0,Amp5,5.58
X-1383,OR1L8,138881.0,Amp5,5.58
X-1383,OR1N1,138883.0,Amp5,5.58
X-1383,OR1N2,138882.0,Amp5,5.58
X-1383,OR1Q1,158131.0,Amp5,5.58
X-1383,OR2A12,346525.0,Amp5,7.01
X-1383,OR2A14,135941.0,Amp5,7.01
X-1383,OR2A2,442361.0,Amp5,7.01
X-1383,OR2A25,392138.0,Amp5,7.01
X-1383,OR2A42,402317.0,Amp5,7.01
X-1383,OR2A42,402317.0,Amp5,7.01
X-1383,OR2A5,393046.0,Amp5,7.01
X-1383,OR2A7,401427.0,Amp5,7.01
X-1383,OR2A9P,441295.0,Amp5,7.01
X-1383,OR2A9P,441295.0,Amp5,7.01
X-1383,OR2AK2,391191.0,Amp5,6.41
X-1383,OR2B11,127623.0,Amp5,6.41
X-1383,OR2C3,81472.0,Amp5,6.41
X-1383,OR2F1,26211.0,Amp5,7.01
X-1383,OR2F2,135948.0,Amp5,7.01
X-1383,OR2G2,81470.0,Amp5,6.41
X-1383,OR2G3,81469.0,Amp5,6.41
X-1383,OR2G6,391211.0,Amp5,6.41
X-1383,OR2K2,26248.0,Amp5,5.58
X-1383,OR2L13,284521.0,Amp5,6.41
X-1383,OR2L1P,26247.0,Amp5,6.41
X-1383,OR2L2,26246.0,Amp5,6.41
X-1383,OR2L3,391192.0,Amp5,6.41
X-1383,OR2L8,391190.0,Amp5,6.41
X-1383,OR2M1P,388762.0,Amp5,6.41
X-1383,OR2M2,391194.0,Amp5,6.41
X-1383,OR2M3,127062.0,Amp5,6.41
X-1383,OR2M4,26245.0,Amp5,6.41
X-1383,OR2M5,127059.0,Amp5,6.41
X-1383,OR2M7,391196.0,Amp5,6.41
X-1383,OR2T1,26696.0,Amp5,6.41
X-1383,OR2T12,127064.0,MutNovel,"S146C,0.667"
X-1383,OR2T12,127064.0,Amp5,6.41
X-1383,OR2T2,401992.0,Amp5,6.41
X-1383,OR2T27,403239.0,Amp5,6.63
X-1383,OR2T29,343563.0,Amp5,6.41
X-1383,OR2T3,343173.0,Amp5,6.41
X-1383,OR2T33,391195.0,Amp5,6.41
X-1383,OR2T4,127074.0,Amp5,6.41
X-1383,OR2T5,401993.0,Amp5,6.41
X-1383,OR2T6,254879.0,Amp5,6.41
X-1383,OR2T8,343172.0,MutNovel,"M204I,1.000"
X-1383,OR2T8,343172.0,Amp5,6.41
X-1383,OR2W3,343171.0,Amp5,6.41
X-1383,OR2W5,441932.0,Amp5,6.41
X-1383,OR4F5,79501.0,Del0.8,0.54
X-1383,OR52N1,79473.0,Del0.8,0.71
X-1383,OR52N5,390075.0,Del0.8,0.27
X-1383,OR5C1,392391.0,Amp5,5.58
X-1383,OR6B1,135946.0,Amp5,7.01
X-1383,OR6F1,343169.0,Amp5,6.41
X-1383,OR6V1,346517.0,Amp5,7.01
X-1383,OR6W1P,89883.0,Amp5,7.01
X-1383,OR9A2,135924.0,Amp5,7.01
X-1383,OR9A4,130075.0,Amp5,7.01
X-1383,ORAI1,84876.0,MutNovel,"PP43-,0.818"
X-1383,ORM1,5004.0,Amp5,5.58
X-1383,ORM2,5005.0,Amp5,5.58
X-1383,OSR2,116039.0,Amp5,6.77
X-1383,OSTN,344901.0,Amp5,5.54
X-1383,OVOS,,MutNovel,"Q421H,1.000"
X-1383,OVOS,,MutNovel,"I478L,1.000"
X-1383,OVOS,,MutNovel,"C536Y,1.000"
X-1383,OVOS,,MutNovel,"R552A,1.000"
X-1383,OVOS,,MutNovel,"P1125T,1.000"
X-1383,OXGR1,27199.0,MutNovel,"L229R,1.000"
X-1383,PALM2,114299.0,Amp5,5.58
X-1383,PALM2-AKAP2,445815.0,Amp5,5.58
X-1383,PAPD7,11044.0,Amp5,5.9
X-1383,PAPPA,5069.0,Amp5,5.58
X-1383,PARP1,142.0,Amp5,6.59
X-1383,PARP12,64761.0,Amp5,7.01
X-1383,PAXIP1,22976.0,Amp5,6.23
X-1383,PBX3,5090.0,Amp5,5.58
X-1383,PCDH11Y,83259.0,Del0.8,0.31
X-1383,PCGF1,84759.0,Amp5,5.7
X-1383,PCNXL2,80003.0,Amp5,6.59
X-1383,PDCD1LG2,80380.0,Amp5,7.16
X-1383,PDCD6,10016.0,Amp5,6.19
X-1383,PDCL,5082.0,Amp5,5.58
X-1383,PDE4DIP,9659.0,MutNovel,"Q1033P,0.471"
X-1383,PDHX,8050.0,MutNovel,"G40R,0.944"
X-1383,PDIA4,9601.0,Amp5,7.01
X-1383,PEA15,8682.0,Amp5,7.67
X-1383,PEX19,5824.0,Amp5,7.67
X-1383,PGBD2,267002.0,Amp5,6.63
X-1383,PGBD5,79605.0,Amp5,6.59
X-1383,PHF19,26147.0,Amp5,5.58
X-1383,PHKB,5257.0,MutNovel,"Y470C,1.000"
X-1383,PHLDB3,653583.0,MutNovel,"G172R,1.000"
X-1383,PIEZO1,9780.0,MutNovel,"ED756D,0.833"
X-1383,PIGM,93183.0,Amp5,7.67
X-1383,PIGO,84720.0,Amp5,5.98
X-1383,PIP,5304.0,Amp5,7.01
X-1383,PIP5KL1,138429.0,Amp5,5.58
X-1383,PKD1,5310.0,MutNovel,"S730L,0.385"
X-1383,PKD1,5310.0,MutNovel,"Q533R,0.400"
X-1383,PLAA,9373.0,Amp5,5.98
X-1383,PLD5,200150.0,Amp5,6.54
X-1383,PLEKHF1,79156.0,MutNovel,"R190C,0.552"
X-1383,PLEKHG2,64857.0,MutNovel,"P210L,0.600"
X-1383,PLEKHG4B,153478.0,Amp5,6.19
X-1383,PLIN2,123.0,Amp5,5.86
X-1383,PLSCR1,5359.0,MutNovel,"I105V,0.562"
X-1383,PLXNA2,5362.0,Amp5,5.82
X-1383,PLXNA4,91584.0,Amp5,7.36
X-1383,PMCHL1,5369.0,Amp5,5.98
X-1383,PNMA6C,100287428.0,MutNovel,"E383D,1.000"
X-1383,PNPLA2,57104.0,MutNovel,"H479Y,0.995"
X-1383,PODXL,5420.0,Amp5,7.36
X-1383,POLE3,54107.0,Amp5,5.58
X-1383,POLE4,56655.0,Amp5,5.7
X-1383,POP1,10940.0,Amp5,6.77
X-1383,POT1,25913.0,Amp5,5.86
X-1383,POTEE,445582.0,MutNovel,"N869Y,1.000"
X-1383,PP7080,25845.0,Amp5,6.19
X-1383,PPAPDC2,403313.0,Amp5,7.78
X-1383,PPP1R2,5504.0,Amp5,5.66
X-1383,PPP2R3B,28227.0,MutKnownFunctional,"E667*,1.000"
X-1383,PPP2R5A,5525.0,Amp5,5.82
X-1383,PPP3R2,5535.0,Amp5,5.58
X-1383,PPP6C,5537.0,Amp5,5.58
X-1383,PRADC1,84279.0,Amp5,5.7
X-1383,PRDM9,56979.0,Amp5,5.98
X-1383,PRKAG2,51422.0,Amp5,6.23
X-1383,PRKY,5616.0,Del0.8,0.31
X-1383,PROX1,5629.0,Amp5,7.06
X-1383,PRPF4,9128.0,Amp5,5.58
X-1383,PRRC2C,23215.0,MutNovel,"E850Q,0.261"
X-1383,PRSS1,5644.0,Amp5,7.01
X-1383,PRSS3,5646.0,Amp5,5.98
X-1383,PRSS37,136242.0,Amp5,7.01
X-1383,PRSS38,339501.0,Amp5,6.59
X-1383,PRSS58,136541.0,Amp5,7.01
X-1383,PRY,9081.0,Del0.8,0.3
X-1383,PRY,9081.0,Del0.8,0.3
X-1383,PRY2,442862.0,Del0.8,0.3
X-1383,PRY2,442862.0,Del0.8,0.3
X-1383,PSEN2,5664.0,Amp5,6.59
X-1383,PSIP1,11168.0,Amp5,5.86
X-1383,PSMB7,5695.0,Amp5,5.58
X-1383,PSMD5,5711.0,Amp5,5.58
X-1383,PTBP3,9991.0,Amp5,5.58
X-1383,PTCH1,5727.0,Amp5,6.45
X-1383,PTENP1,11191.0,Amp5,5.98
X-1383,PTGES2,80142.0,Amp5,5.58
X-1383,PTGR1,22949.0,Amp5,5.58
X-1383,PTGS1,5742.0,Amp5,5.58
X-1383,PTN,5764.0,Amp5,7.01
X-1383,PTPLAD2,401494.0,Amp5,5.98
X-1383,PTPN14,5784.0,Amp5,7.06
X-1383,PTPN3,5774.0,Amp5,5.58
X-1383,PTPRD,5789.0,Amp5,6.11
X-1383,PTPRN2,5799.0,Amp5,6.23
X-1383,PTPRZ1,5803.0,Amp5,5.62
X-1383,PTRH1,138428.0,Amp5,5.58
X-1383,PXDN,7837.0,Amp5,5.13
X-1383,PYCR2,29920.0,Amp5,6.59
X-1383,PYDC2,152138.0,Amp5,5.54
X-1383,RAB11FIP5,26056.0,Amp5,5.7
X-1383,RAB14,51552.0,Amp5,5.58
X-1383,RAB19,401409.0,Amp5,7.01
X-1383,RAB3GAP2,25782.0,Amp5,6.68
X-1383,RAB4A,5867.0,Amp5,6.59
X-1383,RABEPK,10244.0,Amp5,5.58
X-1383,RABGAP1,23637.0,Amp5,5.58
X-1383,RAD21,5885.0,Amp5,7.01
X-1383,RAD21-AS1,644660.0,Amp5,7.01
X-1383,RAD23B,5887.0,Amp5,5.58
X-1383,RALGPS1,9649.0,Amp5,5.58
X-1383,RALGPS2,55103.0,Amp5,6.23
X-1383,RANBP6,26953.0,Amp5,7.16
X-1383,RARRES2,5919.0,MutNovel,"I119T,0.598"
X-1383,RARRES2,5919.0,Amp5,6.23
X-1383,RASAL2,9462.0,Amp5,6.59
X-1383,RBM10,8241.0,MutNovel,"S6P,1.000"
X-1383,RBM18,92400.0,Amp5,5.58
X-1383,RBM33,155435.0,Amp5,6.23
X-1383,RBM34,23029.0,Amp5,6.59
X-1383,RBMXL1,494115.0,MutNovel,"I40M,0.571"
X-1383,RBMY1A3P,286557.0,Del0.8,0.31
X-1383,RBMY1B,378948.0,Del0.8,0.3
X-1383,RBMY1B,378948.0,Del0.8,0.3
X-1383,RBMY1E,378950.0,Del0.8,0.3
X-1383,RBMY1E,378950.0,Del0.8,0.3
X-1383,RBMY1F,159163.0,Del0.8,0.3
X-1383,RBMY1F,159163.0,Del0.8,0.3
X-1383,RBMY1J,378951.0,Del0.8,0.3
X-1383,RBMY1J,378951.0,Del0.8,0.3
X-1383,RBMY2EP,159125.0,Del0.8,0.3
X-1383,RBMY2FP,159162.0,Del0.8,0.3
X-1383,RBMY3AP,64593.0,Del0.8,0.3
X-1383,RC3H1,149041.0,Amp5,5.43
X-1383,RC3H2,54542.0,Amp5,5.58
X-1383,RCL1,10171.0,Amp5,7.78
X-1383,RCOR3,55758.0,Amp5,5.82
X-1383,RD3,343035.0,Amp5,5.82
X-1383,REPIN1,29803.0,Amp5,6.23
X-1383,RFX3,5991.0,Amp5,7.78
X-1383,RGS3,5998.0,Amp5,5.58
X-1383,RGS7,6000.0,Amp5,6.54
X-1383,RHEB,6009.0,Amp5,6.23
X-1383,RHOU,58480.0,Amp5,6.59
X-1383,RIIAD1,284485.0,Amp5,6.11
X-1383,RLN1,6013.0,Amp5,7.16
X-1383,RLN2,6019.0,Amp5,7.16
X-1383,RNASEH1,246243.0,Amp5,7.78
X-1383,RNF111,54778.0,MutNovel,"R175K,0.357"
X-1383,RNF133,168433.0,Amp5,5.62
X-1383,RNF148,378925.0,Amp5,5.62
X-1383,RNF183,138065.0,Amp5,5.58
X-1383,RNF187,149603.0,Amp5,6.59
X-1383,RNF20,56254.0,Amp5,5.58
X-1383,RNF32,140545.0,Amp5,6.23
X-1383,RNU5F-1,26828.0,Amp5,6.68
X-1383,ROPN1L,83853.0,Amp5,5.66
X-1383,RORC,6097.0,Amp5,6.11
X-1383,RPL12,6136.0,Amp5,5.58
X-1383,RPL30,6156.0,Amp5,6.77
X-1383,RPL35,11224.0,Amp5,5.58
X-1383,RPS19,6223.0,MutNovel,"R82P,0.998"
X-1383,RPS4Y1,6192.0,Del0.8,0.31
X-1383,RPS4Y2,140032.0,Del0.8,0.3
X-1383,RPS6,6194.0,Amp5,5.98
X-1383,RPS6KC1,26750.0,Amp5,6.41
X-1383,RPS7,6201.0,Amp5,7.78
X-1383,RPS7P5,645884.0,Amp5,6.54
X-1383,RPTN,126638.0,Amp5,6.11
X-1383,RRAGA,10670.0,Amp5,5.86
X-1383,RRP1,8568.0,MutNovel,"A225S,0.993"
X-1383,RRP15,51018.0,Amp5,7.06
X-1383,RTKN,6242.0,Amp5,5.7
X-1383,RUSC2,9853.0,Amp5,5.28
X-1383,RYR2,6262.0,Amp5,7.26
X-1383,S100A10,6281.0,Amp5,6.11
X-1383,S100A11,6282.0,Amp5,6.11
X-1383,SAMD12,401474.0,Amp5,7.01
X-1383,SAMD12-AS1,552860.0,Amp5,7.01
X-1383,SCAI,286205.0,Amp5,5.58
X-1383,SCARNA8,677776.0,Amp5,5.86
X-1383,SCCPDH,51097.0,Amp5,6.41
X-1383,SCNN1D,6339.0,MutNovel,"T105M,1.000"
X-1383,SDCCAG8,10806.0,Amp5,6.41
X-1383,SDHA,6389.0,Amp5,6.19
X-1383,SDHAP2,727956.0,Amp5,5.66
X-1383,SDHAP3,728609.0,Amp5,5.9
X-1383,SEC61B,10952.0,Amp5,5.58
X-1383,SEMA4F,10505.0,Amp5,5.7
X-1383,SEMA5A,9037.0,Amp5,5.66
X-1383,SERTAD4,56256.0,Amp5,5.82
X-1383,SFSWAP,6433.0,MutNovel,"R812L,1.000"
X-1383,SFXN5,94097.0,Amp5,5.7
X-1383,SH2D3C,10044.0,Amp5,5.58
X-1383,SH3BP5L,80851.0,Amp5,6.63
X-1383,SH3GL2,6456.0,Amp5,5.86
X-1383,SH3TC2,79628.0,MutKnownFunctional,"-384,1.000"
X-1383,SH3YL1,26751.0,Amp5,5.21
X-1383,SHC2,25759.0,MutNovel,"A119S,1.000"
X-1383,SHH,6469.0,Amp5,6.23
X-1383,SIGMAR1,10280.0,Amp5,5.98
X-1383,SIPA1L2,57568.0,Amp5,6.59
X-1383,SLAMF6,114836.0,Amp5,5.9
X-1383,SLAMF8,56833.0,Amp5,7.67
X-1383,SLAMF9,89886.0,Amp5,7.67
X-1383,SLC12A7,10723.0,Amp5,5.9
X-1383,SLC13A1,6561.0,Amp5,5.62
X-1383,SLC13A4,26266.0,Amp5,7.01
X-1383,SLC1A1,6505.0,Amp5,7.78
X-1383,SLC24A2,25769.0,Amp5,5.98
X-1383,SLC25A25,114789.0,Amp5,5.58
X-1383,SLC27A4,10999.0,Amp5,5.58
X-1383,SLC2A8,29988.0,Amp5,5.58
X-1383,SLC30A1,7779.0,Amp5,5.82
X-1383,SLC30A10,55532.0,Amp5,6.68
X-1383,SLC30A8,169026.0,Amp5,7.01
X-1383,SLC31A1,1317.0,Amp5,5.58
X-1383,SLC31A2,1318.0,Amp5,5.58
X-1383,SLC35B4,84912.0,Amp5,7.36
X-1383,SLC35D2,11046.0,Amp5,5.21
X-1383,SLC35F3,148641.0,Amp5,6.59
X-1383,SLC37A3,84255.0,Amp5,7.01
X-1383,SLC44A1,23446.0,Amp5,5.58
X-1383,SLC46A2,57864.0,Amp5,5.58
X-1383,SLC4A2,6522.0,Amp5,6.23
X-1383,SLC4A5,57835.0,Amp5,5.7
X-1383,SLC6A18,348932.0,Amp5,5.9
X-1383,SLC6A19,340024.0,Amp5,5.9
X-1383,SLC6A3,6531.0,Amp5,5.9
X-1383,SLC9A3,6550.0,Amp5,6.19
X-1383,SMARCA2,6595.0,Amp5,7.78
X-1383,SMARCD3,6604.0,Amp5,6.23
X-1383,SMC2,10592.0,Amp5,5.58
X-1383,SMU1,55234.0,Amp5,5.98
X-1383,SMYD2,56950.0,Amp5,7.06
X-1383,SMYD3,64754.0,Amp5,6.41
X-1383,SMYD5,10322.0,Amp5,5.7
X-1383,SNAP47,116841.0,Amp5,6.59
X-1383,SNAPC3,6619.0,Amp5,5.86
X-1383,SNAR-I,100170222.0,Amp5,5.54
X-1383,SNORA14B,677802.0,Amp5,6.59
X-1383,SNORA16B,692157.0,Amp5,5.82
X-1383,SNORA36B,677818.0,Amp5,6.68
X-1383,SNORA65,26783.0,Amp5,5.58
X-1383,SNORA70C,100124538.0,Amp5,5.58
X-1383,SNORA72,26775.0,Amp5,6.77
X-1383,SNORD121A,100113379.0,Amp5,5.98
X-1383,SNORD121B,100113385.0,Amp5,5.98
X-1383,SNORD123,100113384.0,Amp5,5.66
X-1383,SNORD90,692206.0,Amp5,5.58
X-1383,SNRPD2P2,645339.0,Amp5,6.59
X-1383,SNTB1,6641.0,Amp5,7.01
X-1383,SNX14,57231.0,Amp5,7.57
X-1383,SNX27,81609.0,Amp5,5.24
X-1383,SNX30,401548.0,Amp5,5.58
X-1383,SOLH,6650.0,MutNovel,"A615S,1.000"
X-1383,SOX11,6664.0,Amp5,6.28
X-1383,SPATA17,128153.0,Amp5,7.06
X-1383,SPEG,10290.0,MutNovel,"S2047G,0.500"
X-1383,SPEG,10290.0,MutNovel,"G2059S,1.000"
X-1383,SPHAR,10638.0,Amp5,6.59
X-1383,SPINK4,27290.0,Amp5,5.98
X-1383,SPR,6697.0,Amp5,5.7
X-1383,SRD5A1,6715.0,Amp5,5.9
X-1383,SRP9,6726.0,Amp5,6.59
X-1383,SRY,6736.0,Del0.8,0.31
X-1383,SSBP1,6742.0,Amp5,7.01
X-1383,SSPO,23145.0,Amp5,7.01
X-1383,ST6GALNAC4,27090.0,Amp5,5.58
X-1383,ST6GALNAC6,30815.0,Amp5,5.58
X-1383,STAMBP,10617.0,Amp5,5.7
X-1383,STAT1,6772.0,MutKnownFunctional,"R494*,1.000"
X-1383,STK3,6788.0,Amp5,6.77
X-1383,STOM,2040.0,Amp5,5.58
X-1383,STOML2,30968.0,Amp5,5.98
X-1383,STRA8,346673.0,Amp5,7.01
X-1383,STRBP,55342.0,Amp5,5.58
X-1383,STX17,55014.0,Amp5,5.58
X-1383,STXBP1,6812.0,Amp5,5.58
X-1383,SUCO,,MutNovel,"T347N,0.491"
X-1383,SUGT1P1,441394.0,Amp5,5.98
X-1383,SUMO1P3,474338.0,Amp5,7.67
X-1383,SUSD1,64420.0,Amp5,5.58
X-1383,SUSD4,55061.0,Amp5,6.68
X-1383,SVEP1,79987.0,Amp5,5.58
X-1383,SVOPL,136306.0,Amp5,7.01
X-1383,SWI5,375757.0,Amp5,5.58
X-1383,SYNJ2,8871.0,MutNovel,"K5R,0.667"
X-1383,SYT14,255928.0,Amp5,5.82
X-1383,TACR1,6869.0,Amp5,5.7
X-1383,TAF1A,9015.0,Amp5,6.68
X-1383,TAF1L,138474.0,Amp5,5.98
X-1383,TAF2,6873.0,Amp5,7.01
X-1383,TAF5L,27097.0,Amp5,6.59
X-1383,TAG,404663.0,Amp5,5.86
X-1383,TAGLN2,8407.0,Amp5,7.67
X-1383,TAL2,6887.0,Amp5,5.58
X-1383,TARBP1,6894.0,Amp5,6.59
X-1383,TAS2R1,50834.0,Amp5,5.66
X-1383,TAS2R16,50833.0,Amp5,5.62
X-1383,TAS2R3,50831.0,Amp5,7.01
X-1383,TAS2R38,5726.0,Amp5,7.01
X-1383,TAS2R39,259285.0,Amp5,7.01
X-1383,TAS2R4,50832.0,Amp5,7.01
X-1383,TAS2R40,259286.0,Amp5,7.01
X-1383,TAS2R41,259287.0,Amp5,7.01
X-1383,TAS2R5,54429.0,Amp5,7.01
X-1383,TAS2R60,338398.0,Amp5,7.01
X-1383,TATDN2,9797.0,MutNovel,"EGPARS222-,0.222"
X-1383,TATDN3,128387.0,Amp5,5.82
X-1383,TBC1D2,55357.0,Amp8,8.69
X-1383,TBCE,6905.0,Amp5,6.59
X-1383,TBL1Y,90665.0,Del0.8,0.31
X-1383,TBX18,9096.0,Amp5,7.11
X-1383,TBXAS1,6916.0,Amp5,7.01
X-1383,TCHH,7062.0,Amp5,6.11
X-1383,TCHHL1,126637.0,Amp5,6.11
X-1383,TDRD7,23424.0,Amp5,5.21
X-1383,TDRKH,11022.0,Amp5,6.11
X-1383,TEK,7010.0,Amp5,5.98
X-1383,TERT,7015.0,Amp5,5.9
X-1383,TESK2,10420.0,MutNovel,"R3Q,1.000"
X-1383,TET3,200424.0,Amp5,5.7
X-1383,TEX10,54881.0,Amp5,5.58
X-1383,TFB2M,64216.0,Amp5,6.41
X-1383,TGFB2,7042.0,Amp5,7.06
X-1383,TGFBR1,7046.0,Amp5,5.58
X-1383,TGIF2LY,90655.0,Del0.8,0.31
X-1383,THBS3,7059.0,MutNovel,"H123N,0.333"
X-1383,THEM4,117145.0,Amp5,6.11
X-1383,THEM5,284486.0,Amp5,6.11
X-1383,THOC5,8563.0,MutNovel,"R50G,0.970"
X-1383,TLR4,7099.0,Amp5,5.58
X-1383,TLR5,7100.0,Amp5,6.68
X-1383,TLR6,10333.0,MutNovel,"V465I,1.000"
X-1383,TLX2,3196.0,Amp5,5.7
X-1383,TMEFF1,8577.0,Amp5,5.58
X-1383,TMEM139,135932.0,Amp5,7.01
X-1383,TMEM140,55281.0,Amp5,7.01
X-1383,TMEM161A,54929.0,MutNovel,"A22G,0.391"
X-1383,TMEM176A,55365.0,Amp5,6.23
X-1383,TMEM176B,28959.0,Amp5,6.23
X-1383,TMEM18,129787.0,Amp5,5.21
X-1383,TMEM206,55248.0,Amp5,5.82
X-1383,TMEM207,131920.0,Amp5,5.54
X-1383,TMEM209,84928.0,Amp5,7.36
X-1383,TMEM213,155006.0,Amp5,7.01
X-1383,TMEM215,401498.0,Amp5,5.98
X-1383,TMEM229A,730130.0,Amp5,5.86
X-1383,TMEM38B,55151.0,Amp5,5.58
X-1383,TMEM44,93109.0,Amp5,5.66
X-1383,TMEM63A,9725.0,Amp5,6.59
X-1383,TMOD1,7111.0,Amp5,6.73
X-1383,TMSB4Y,9087.0,Del0.8,0.3
X-1383,TMUB1,83590.0,Amp5,6.23
X-1383,TNC,3371.0,Amp5,5.58
X-1383,TNFRSF11B,4982.0,Amp5,7.01
X-1383,TNFSF15,9966.0,Amp5,5.58
X-1383,TNFSF8,944.0,Amp5,5.58
X-1383,TOMM20,9804.0,Amp5,6.59
X-1383,TOPORS,10210.0,Amp5,5.98
X-1383,TOR2A,27433.0,Amp5,5.58
X-1383,TP53,7157.0,MutNovel,"Y163H,1.000"
X-1383,TP53BP2,7159.0,Amp5,6.59
X-1383,TP63,8626.0,Amp5,5.54
X-1383,TPD52L1,7164.0,Amp5,7.31
X-1383,TPD52L3,89882.0,Amp5,7.16
X-1383,TPK1,27010.0,Amp5,7.01
X-1383,TPO,7173.0,Amp5,5.13
X-1383,TPPP,11076.0,Amp5,6.19
X-1383,TPRG1,285386.0,Amp5,5.54
X-1383,TPRKB,51002.0,Amp5,5.7
X-1383,TRAF1,7185.0,Amp5,5.58
X-1383,TRAF3IP3,80342.0,Amp5,5.82
X-1383,TRAF5,7188.0,Amp5,5.82
X-1383,TRAIP,10293.0,MutNovel,"F13L,0.500"
X-1383,TRAPPC12,51112.0,Amp5,6.32
X-1383,TRIM11,81559.0,Amp5,6.59
X-1383,TRIM14,9830.0,Amp8,8.69
X-1383,TRIM17,51127.0,Amp5,6.59
X-1383,TRIM24,8805.0,Amp5,7.01
X-1383,TRIM32,22954.0,Amp5,5.58
X-1383,TRIM58,25893.0,Amp5,6.41
X-1383,TRIM67,440730.0,Amp5,6.59
X-1383,TRIO,7204.0,Amp5,5.86
X-1383,TRIP13,9319.0,Amp5,5.9
X-1383,TRMT11,60487.0,Amp5,5.9
X-1383,TRPV5,56302.0,Amp5,7.01
X-1383,TRPV6,55503.0,Amp5,7.01
X-1383,TRUB2,26995.0,Amp5,5.58
X-1383,TSEN54,283989.0,MutNovel,"R374A,1.000"
X-1383,TSGA13,114960.0,Amp5,7.36
X-1383,TSNAX,7257.0,Amp5,6.59
X-1383,TSNAX-DISC1,100303453.0,Amp5,6.59
X-1383,TSPAN12,23554.0,Amp5,5.62
X-1383,TSPY1,7258.0,Del0.8,0.31
X-1383,TSPY2,64591.0,Del0.8,0.31
X-1383,TSPY3,728137.0,Del0.8,0.31
X-1383,TSPY4,728395.0,Del0.8,0.31
X-1383,TSPY8,728403.0,Del0.8,0.31
X-1383,TSPYL1,7259.0,MutNovel,"V176VW,0.904"
X-1383,TSSC1,7260.0,Amp5,5.13
X-1383,TSTD1,100131187.0,MutNovel,"A17V,0.558"
X-1383,TSTD2,158427.0,Amp8,8.69
X-1383,TTC13,79573.0,Amp5,6.59
X-1383,TTC16,158248.0,Amp5,5.58
X-1383,TTC26,79989.0,Amp5,7.01
X-1383,TTC31,64427.0,Amp5,5.7
X-1383,TTC39B,158219.0,Amp5,5.86
X-1383,TTLL11,158135.0,Amp5,5.58
X-1383,TTN,7273.0,MutNovel,"D32977Y,1.000"
X-1383,TTTY10,246119.0,Del0.8,0.3
X-1383,TTTY11,83866.0,Del0.8,0.31
X-1383,TTTY12,83867.0,Del0.8,0.31
X-1383,TTTY13,83868.0,Del0.8,0.3
X-1383,TTTY14,83869.0,Del0.8,0.3
X-1383,TTTY15,64595.0,Del0.8,0.3
X-1383,TTTY16,252948.0,Del0.8,0.31
X-1383,TTTY17A,252949.0,Del0.8,0.3
X-1383,TTTY17A,252949.0,Del0.8,0.3
X-1383,TTTY18,252950.0,Del0.8,0.31
X-1383,TTTY19,252952.0,Del0.8,0.31
X-1383,TTTY1B,100101116.0,Del0.8,0.31
X-1383,TTTY1B,100101116.0,Del0.8,0.3
X-1383,TTTY2,60439.0,Del0.8,0.31
X-1383,TTTY2,60439.0,Del0.8,0.3
X-1383,TTTY20,252951.0,Del0.8,0.31
X-1383,TTTY21,252953.0,Del0.8,0.3
X-1383,TTTY21,252953.0,Del0.8,0.31
X-1383,TTTY22,252954.0,Del0.8,0.3
X-1383,TTTY23,252955.0,Del0.8,0.3
X-1383,TTTY23,252955.0,Del0.8,0.31
X-1383,TTTY3,114760.0,Del0.8,0.3
X-1383,TTTY3,114760.0,Del0.8,0.3
X-1383,TTTY4,114761.0,Del0.8,0.3
X-1383,TTTY4,114761.0,Del0.8,0.3
X-1383,TTTY5,83863.0,Del0.8,0.3
X-1383,TTTY6,84672.0,Del0.8,0.3
X-1383,TTTY6,84672.0,Del0.8,0.3
X-1383,TTTY7,246122.0,Del0.8,0.3
X-1383,TTTY7,246122.0,Del0.8,0.31
X-1383,TTTY7B,100101120.0,Del0.8,0.3
X-1383,TTTY7B,100101120.0,Del0.8,0.31
X-1383,TTTY8,84673.0,Del0.8,0.31
X-1383,TTTY8,84673.0,Del0.8,0.3
X-1383,TTTY9A,83864.0,Del0.8,0.3
X-1383,TTTY9A,83864.0,Del0.8,0.3
X-1383,TUBBP5,643224.0,Del0.8,0.68
X-1383,TUSC1,286319.0,Amp5,5.98
X-1383,TXLNG2P,246126.0,Del0.8,0.3
X-1383,TXN,7295.0,Amp5,5.58
X-1383,TXNDC8,255220.0,Amp5,5.58
X-1383,TYRO3,7301.0,MutNovel,"V430G,1.000"
X-1383,TYRP1,7306.0,Amp5,6.11
X-1383,U2SURP,23350.0,MutNovel,"D32Y,0.278"
X-1383,UBAP1,51271.0,Amp5,5.98
X-1383,UBAP2,55833.0,Amp5,5.98
X-1383,UBE2H,7328.0,Amp5,7.36
X-1383,UBE2QL1,134111.0,Amp5,5.9
X-1383,UBE2R2,54926.0,Amp5,5.98
X-1383,UBE3C,9690.0,Amp5,6.23
X-1383,UBN2,254048.0,Amp5,7.01
X-1383,UGCG,7357.0,Amp5,5.58
X-1383,UHRF2,115426.0,Amp5,7.16
X-1383,ULBP3,79465.0,MutNovel,"R28L,1.000"
X-1383,UNC13B,10497.0,Amp5,5.98
X-1383,UNK,85451.0,MutNovel,"H721N,0.333"
X-1383,URB2,9816.0,Amp5,6.59
X-1383,URM1,81605.0,Amp5,5.58
X-1383,USH2A,7399.0,Amp5,7.06
X-1383,USP32P2,220594.0,Del0.8,0.7
X-1383,USP9Y,8287.0,Del0.8,0.3
X-1383,UTP23,84294.0,Amp5,7.01
X-1383,UTS2D,257313.0,Amp5,5.54
X-1383,UTY,7404.0,Del0.8,0.3
X-1383,VANGL2,57216.0,Amp5,7.67
X-1383,VASH2,79805.0,Amp5,5.82
X-1383,VCP,7415.0,Amp5,5.98
X-1383,VCPIP1,80124.0,MutNovel,"GGTE1165E,0.403"
X-1383,VCY,9084.0,Del0.8,0.3
X-1383,VCY,9084.0,Del0.8,0.3
X-1383,VIPR2,7434.0,Amp5,6.23
X-1383,VLDLR,7436.0,Amp5,7.78
X-1383,VN1R1,57191.0,MutNovel,"S217G,0.400"
X-1383,VN1R5,317705.0,Amp5,6.41
X-1383,VSIG8,391123.0,Amp5,7.67
X-1383,WBP1,23559.0,Amp5,5.7
X-1383,WDR26,80232.0,Amp5,6.59
X-1383,WDR3,10885.0,MutNovel,"G609A,0.708"
X-1383,WDR31,114987.0,Amp5,5.58
X-1383,WDR35,57539.0,MutNovel,"R353C,1.000"
X-1383,WDR38,401551.0,Amp5,5.58
X-1383,WDR54,84058.0,Amp5,5.7
X-1383,WDR60,55112.0,Amp5,6.23
X-1383,WDR64,128025.0,Amp5,6.54
X-1383,WDR86,349136.0,Amp5,6.23
X-1383,WDR91,29062.0,Amp5,7.01
X-1383,WEE2,494551.0,Amp5,7.01
X-1383,WNT16,51384.0,Amp5,5.62
X-1383,WNT3A,89780.0,Amp5,6.59
X-1383,WNT9A,7483.0,Amp5,6.59
X-1383,XDH,7498.0,MutNovel,"K340Q,1.000"
X-1383,XKRY2,353515.0,Del0.8,0.3
X-1383,XKRY2,353515.0,Del0.8,0.3
X-1383,XPA,7507.0,Amp8,8.69
X-1383,XRCC2,7516.0,Amp5,6.23
X-1383,XXYLT1,152002.0,Amp5,5.66
X-1383,ZBTB26,57684.0,Amp5,5.58
X-1383,ZBTB34,403341.0,Amp5,5.58
X-1383,ZBTB43,23099.0,Amp5,5.58
X-1383,ZBTB45,84878.0,MutNovel,"E213Q,0.244"
X-1383,ZBTB6,10773.0,Amp5,5.58
X-1383,ZC3HAV1,56829.0,Amp5,7.01
X-1383,ZC3HAV1L,92092.0,Amp5,7.01
X-1383,ZC3HC1,51530.0,Amp5,7.36
X-1383,ZCCHC14,23174.0,MutNovel,"H569P,0.583"
X-1383,ZDHHC11,79844.0,MutNovel,"A303D,1.000"
X-1383,ZDHHC11B,,MutNovel,"V331I,1.000"
X-1383,ZDHHC11B,,MutNovel,"H159R,1.000"
X-1383,ZFP37,7539.0,Amp5,5.58
X-1383,ZFY,7544.0,Del0.8,0.31
X-1383,ZNF124,7678.0,Amp5,6.41
X-1383,ZNF189,7743.0,Amp5,5.58
X-1383,ZNF212,7988.0,Amp5,7.01
X-1383,ZNF238,10472.0,Amp5,6.41
X-1383,ZNF282,8427.0,Amp5,7.01
X-1383,ZNF285,26974.0,MutNovel,"C190H,1.000"
X-1383,ZNF285,26974.0,MutNovel,"S186N,1.000"
X-1383,ZNF367,195828.0,Amp5,5.21
X-1383,ZNF398,57541.0,Amp5,7.01
X-1383,ZNF425,155054.0,MutNovel,"A459P,0.556"
X-1383,ZNF425,155054.0,Amp5,7.01
X-1383,ZNF462,58499.0,Amp5,5.58
X-1383,ZNF467,168544.0,Amp5,7.01
X-1383,ZNF469,84627.0,MutNovel,"Y1441C,1.000"
X-1383,ZNF483,158399.0,Amp5,5.58
X-1383,ZNF496,84838.0,Amp5,6.41
X-1383,ZNF510,22869.0,Amp5,5.21
X-1383,ZNF585B,92285.0,MutNovel,"I259M,0.273"
X-1383,ZNF587,84914.0,MutNovel,"R173H,0.349"
X-1383,ZNF618,114991.0,Amp5,5.58
X-1383,ZNF622,90441.0,Amp5,5.86
X-1383,ZNF639,51193.0,MutNovel,"R26I,0.638"
X-1383,ZNF669,79862.0,Amp5,6.41
X-1383,ZNF670,93474.0,Amp5,6.41
X-1383,ZNF670-ZNF695,100533111.0,Amp5,6.41
X-1383,ZNF672,79894.0,Amp5,6.63
X-1383,ZNF678,339500.0,Amp5,6.59
X-1383,ZNF692,55657.0,Amp5,6.63
X-1383,ZNF695,57116.0,Amp5,6.41
X-1383,ZNF74,7625.0,MutNovel,"D61H,1.000"
X-1383,ZNF746,155061.0,Amp5,7.01
X-1383,ZNF767,79970.0,Amp5,7.01
X-1383,ZNF775,285971.0,Amp5,6.23
X-1383,ZNF777,27153.0,Amp5,7.01
X-1383,ZNF782,158431.0,Amp5,5.21
X-1383,ZNF783,100289678.0,Amp5,7.01
X-1383,ZNF786,136051.0,MutNovel,"R345C,0.385"
X-1383,ZNF786,136051.0,Amp5,7.01
X-1383,ZNF79,7633.0,Amp5,5.58
X-1383,ZNF813,126017.0,MutNovel,"M54T,0.250"
X-1383,ZNF816,125893.0,MutNovel,"R329V,1.000"
X-1383,ZNF862,643641.0,Amp5,7.01
X-1383,ZNF883,169834.0,Amp5,5.58
X-1383,ZP4,57829.0,Amp8,8
X-1383,ZYX,7791.0,Amp5,7.01
X-1407,A2M,2.0,Amp5,5.31
X-1407,A2ML1,144568.0,Amp5,5.31
X-1407,A2MP1,3.0,Amp5,5.31
X-1407,AACS,65985.0,MutNovel,"A594S,1.000"
X-1407,AARD,,MutNovel,"E81EEAA,0.265"
X-1407,ABCA13,154664.0,Amp5,6.15
X-1407,ABCB6,10058.0,MutNovel,"E469K,0.992"
X-1407,ABCC10,89845.0,MutNovel,"Y326C,0.242"
X-1407,ABCD3,5825.0,Amp5,6.63
X-1407,ACADM,34.0,Amp8,11.71
X-1407,ACRBP,84519.0,Amp5,5.28
X-1407,ACSL3,2181.0,MutNovel,"R108C,0.947"
X-1407,ACSM4,341392.0,Amp5,5.28
X-1407,ADCY1,107.0,Amp5,6.15
X-1407,ADCY8,114.0,Amp5,6.96
X-1407,ADCYAP1R1,117.0,Amp5,5.66
X-1407,ADIPOR2,79602.0,Amp5,5.17
X-1407,AEBP1,165.0,Amp8,9.51
X-1407,AFTPH,54812.0,Amp5,6.92
X-1407,AGAP2,116986.0,MutNovel,"AATTPS1161-,1.000"
X-1407,AGAP4,119016.0,MutNovel,"R545H,0.556"
X-1407,AGAP7,653268.0,MutNovel,"A414G,1.000"
X-1407,AHNAK,79026.0,MutNovel,"D4463H,0.276"
X-1407,AHNAK,79026.0,MutNovel,"D3677Y,0.337"
X-1407,AICDA,57379.0,Amp5,5.31
X-1407,AKAP13,11214.0,MutNovel,"G1795R,0.500"
X-1407,AKAP3,10566.0,Amp5,5.17
X-1407,ALKBH4,54784.0,MutNovel,"I234T,0.209"
X-1407,AMELY,266.0,Del0.8,0.21
X-1407,AMPH,273.0,Amp5,7.46
X-1407,ANKRD10,55608.0,MutNovel,"P318L,1.000"
X-1407,ANKRD13B,124930.0,MutNovel,"R559C,0.238"
X-1407,ANLN,54443.0,Amp5,7.36
X-1407,ANO2,57101.0,Amp5,5.17
X-1407,AOAH,313.0,Amp8,8.75
X-1407,AP4B1,10717.0,MutNovel,"R497H,0.429"
X-1407,APBB1IP,54518.0,MutNovel,"P600-,1.000"
X-1407,APOBEC1,339.0,Amp5,5.28
X-1407,APOLD1,81575.0,Amp5,5.62
X-1407,AQP1,358.0,Amp5,5.66
X-1407,ARHGAP32,9743.0,MutNovel,"R1760H,0.304"
X-1407,ARHGDIB,397.0,Amp5,5.62
X-1407,ARID4B,51742.0,MutNovel,"R34I,0.647"
X-1407,ARMCX4,100131755.0,MutNovel,"P1660S,0.286"
X-1407,ART4,420.0,Amp5,5.62
X-1407,ASAP1,50807.0,Amp8,8.57
X-1407,ASAP1-IT1,29065.0,Amp8,10.41
X-1407,ASB17,127247.0,Amp8,12.73
X-1407,ASTE1,28990.0,MutKnownFunctional,"-632,0.469"
X-1407,ATAD3A,55210.0,MutNovel,"W110R,0.889"
X-1407,ATF7IP,55729.0,Amp5,5.62
X-1407,ATN1,1822.0,Amp5,5.28
X-1407,ATP13A3,79572.0,MutNovel,"P118L,0.396"
X-1407,ATP5C1,509.0,Amp5,6.19
X-1407,ATP6V1H,51606.0,Amp5,7.46
X-1407,AVL9,23080.0,Amp5,5.66
X-1407,B4GALNT3,283358.0,Amp5,5.82
X-1407,BAHCC1,57597.0,MutNovel,"E1995K,1.000"
X-1407,BBS9,27241.0,Amp5,6.28
X-1407,BCAR3,8412.0,MutNovel,"S46Y,0.447"
X-1407,BCL2L14,79370.0,Amp5,5.62
X-1407,BCORP1,286554.0,Del0.8,0.21
X-1407,BHLHE41,79365.0,MutNovel,"A428T,0.708"
X-1407,BLVRA,644.0,Amp5,6.15
X-1407,BMP1,649.0,MutNovel,"A813V,1.000"
X-1407,BMPER,168667.0,Amp5,5.24
X-1407,BPY2B,442867.0,Del0.8,0.21
X-1407,BPY2B,442867.0,Del0.8,0.21
X-1407,C12orf10,60314.0,MutNovel,"L14P,0.520"
X-1407,C12orf32,83695.0,Amp5,5.17
X-1407,C12orf36,283422.0,Amp5,5.62
X-1407,C12orf4,57102.0,Amp5,5.17
X-1407,C12orf5,57103.0,Amp5,5.17
X-1407,C12orf51,283450.0,MutNovel,"Q3945E,0.382"
X-1407,C12orf53,196500.0,Amp5,5.28
X-1407,C12orf57,113246.0,Amp5,5.28
X-1407,C12orf59,120939.0,Amp5,5.62
X-1407,C12orf60,144608.0,Amp5,5.62
X-1407,C12orf69,440087.0,Amp5,5.62
X-1407,C12orf74,338809.0,Amp5,5.5
X-1407,C16orf62,57020.0,MutKnownFunctional,"R110*,0.419"
X-1407,C17orf97,400566.0,MutNovel,"E260K,0.316"
X-1407,C17orf97,400566.0,MutNovel,"K310E,0.714"
X-1407,C17orf97,400566.0,MutNovel,"E320K,0.258"
X-1407,C1QTNF4,114900.0,MutNovel,"R251S,0.500"
X-1407,C1R,715.0,Amp5,5.28
X-1407,C1RL,51279.0,Amp5,5.28
X-1407,C1S,716.0,Amp5,5.28
X-1407,C1orf173,127254.0,Amp8,14.03
X-1407,C1orf180,439927.0,Amp8,23.43
X-1407,C3AR1,719.0,Amp5,5.28
X-1407,C7orf10,79783.0,Amp5,5.5
X-1407,C7orf25,79020.0,Amp5,6.15
X-1407,C7orf57,136288.0,Amp5,6.15
X-1407,C7orf65,401335.0,Amp5,6.15
X-1407,C7orf69,80099.0,Amp5,6.15
X-1407,C7orf72,100130988.0,Amp5,6.15
X-1407,C8orf22,492307.0,Amp8,10.93
X-1407,CACNA1C,775.0,Amp5,5.17
X-1407,CACNA2D4,93589.0,Amp5,5.17
X-1407,CALB1,793.0,Amp8,11.63
X-1407,CALML5,51806.0,Amp5,6.96
X-1407,CAMK2B,816.0,Amp5,5.94
X-1407,CAP2,10486.0,Amp5,5.9
X-1407,CBL,867.0,MutNovel,"G342E,0.533"
X-1407,CBLL1,79872.0,MutNovel,"E67-,0.300"
X-1407,CCBL2,56267.0,Amp5,7.73
X-1407,CCDC102A,92922.0,MutNovel,"R236Q,0.689"
X-1407,CCDC125,202243.0,MutNovel,"K364T,0.421"
X-1407,CCDC129,223075.0,Amp5,5.66
X-1407,CCDC6,8030.0,Amp8,8.34
X-1407,CCDC74A,90557.0,MutNovel,"V200T,0.300"
X-1407,CCDC77,84318.0,Amp5,5.82
X-1407,CCM2,83605.0,Amp5,6.15
X-1407,CCND2,894.0,Amp5,5.17
X-1407,CD163,9332.0,Amp5,5.28
X-1407,CD163L1,283316.0,Amp5,5.28
X-1407,CD27,939.0,Amp5,5.28
X-1407,CD4,920.0,Amp5,5.28
X-1407,CD69,969.0,Amp5,5.62
X-1407,CD9,928.0,Amp5,5.28
X-1407,CDC14C,168448.0,Amp5,6.15
X-1407,CDC73,79577.0,Amp5,5.21
X-1407,CDCA3,83461.0,Amp5,5.28
X-1407,CDCA7,83879.0,MutNovel,"L86S,0.493"
X-1407,CDKN1B,1027.0,Amp5,5.62
X-1407,CDY1B,253175.0,Del0.8,0.21
X-1407,CDY1B,253175.0,Del0.8,0.21
X-1407,CDY2A,9426.0,Del0.8,0.21
X-1407,CDY2A,9426.0,Del0.8,0.21
X-1407,CDY2B,203611.0,Del0.8,0.21
X-1407,CDY2B,203611.0,Del0.8,0.21
X-1407,CEBPD,1052.0,Amp5,7.31
X-1407,CELSR1,9620.0,MutNovel,"TSSRT2962T,0.421"
X-1407,CEP63,80254.0,MutNovel,"S452C,0.250"
X-1407,CFHR1,3078.0,Amp5,5.5
X-1407,CFHR3,10878.0,Amp5,5.46
X-1407,CGN,57530.0,MutNovel,"R807W,0.881"
X-1407,CGREF1,10669.0,MutNovel,"G271R,0.222"
X-1407,CHD4,1108.0,Amp5,5.28
X-1407,CHEK2,11200.0,MutNovel,"R562L,0.627"
X-1407,CHEK2P2,646096.0,Del0.8,0.68
X-1407,CIT,11113.0,MutNovel,"L1110E,0.304"
X-1407,CLASRP,11129.0,MutNovel,"-423SR,1.000"
X-1407,CLCA1,1179.0,Amp8,9.38
X-1407,CLCA2,9635.0,Amp8,9.38
X-1407,CLCA3P,9629.0,Amp8,9.38
X-1407,CLCA4,22802.0,Amp8,9.38
X-1407,CLEC12A,160364.0,Amp5,5.62
X-1407,CLEC12B,387837.0,Amp5,5.62
X-1407,CLEC1A,51267.0,Amp5,5.62
X-1407,CLEC1B,51266.0,Amp5,5.62
X-1407,CLEC2A,387836.0,Amp5,5.62
X-1407,CLEC2B,9976.0,Amp5,5.62
X-1407,CLEC2D,29121.0,Amp5,5.62
X-1407,CLEC4A,50856.0,Amp5,5.28
X-1407,CLEC4C,170482.0,Amp5,5.28
X-1407,CLEC4D,338339.0,Amp5,5.31
X-1407,CLEC4E,26253.0,Amp5,5.31
X-1407,CLEC6A,93978.0,Amp5,5.31
X-1407,CLEC7A,64581.0,MutNovel,"G82S,0.333"
X-1407,CLEC7A,64581.0,Amp5,5.62
X-1407,CLEC9A,283420.0,Amp5,5.62
X-1407,CLECL1,160365.0,Amp5,5.62
X-1407,CLLU1,574028.0,Amp8,8.06
X-1407,CLLU1OS,574016.0,Amp8,8.06
X-1407,CLSTN3,9746.0,Amp5,5.28
X-1407,CNTNAP3B,728577.0,MutNovel,"G1007A,1.000"
X-1407,COBL,23242.0,Amp5,6.15
X-1407,COG6,57511.0,MutNovel,"V429A,0.479"
X-1407,COL14A1,7373.0,Amp5,5.66
X-1407,COL24A1,255631.0,Amp5,5.43
X-1407,COL27A1,85301.0,MutKnownFunctional,"-1228,0.630"
X-1407,COPS6,10980.0,MutNovel,"MA1M,0.383"
X-1407,COPS7A,50813.0,Amp5,5.28
X-1407,COQ6,51004.0,MutNovel,"Y356H,0.291"
X-1407,CPEB2,132864.0,MutKnownFunctional,"-987,0.500"
X-1407,CREBBP,1387.0,MutNovel,"R2366W,0.390"
X-1407,CREBL2,1389.0,Amp5,5.62
X-1407,CRHR2,1395.0,Amp5,5.66
X-1407,CRIPAK,285464.0,MutNovel,"V164A,0.923"
X-1407,CRYZ,1429.0,Amp8,14.03
X-1407,CSDA,8531.0,Amp5,5.62
X-1407,CSMD3,114788.0,Amp5,6.11
X-1407,CSNK1G2,1455.0,MutNovel,"T355A,0.665"
X-1407,CSPG4P1Y,114758.0,Del0.8,0.21
X-1407,CSPG4P1Y,114758.0,Del0.8,0.21
X-1407,CTBS,1486.0,Amp8,23.43
X-1407,CTC1,80169.0,MutNovel,"P599S,1.000"
X-1407,CTNND1,1500.0,MutNovel,"R592Q,0.400"
X-1407,CUX1,1523.0,MutNovel,"-864GSG,1.000"
X-1407,CXADRP2,646243.0,Del0.8,0.74
X-1407,CXorf40B,541578.0,MutNovel,"A112V,1.000"
X-1407,CYR61,3491.0,Amp8,9.65
X-1407,DAPK1,1612.0,MutNovel,"V1051M,0.222"
X-1407,DAZ1,1617.0,Del0.8,0.21
X-1407,DAZ2,57055.0,Del0.8,0.21
X-1407,DAZ3,57054.0,Del0.8,0.21
X-1407,DAZ3,57054.0,Del0.8,0.21
X-1407,DAZ4,57135.0,Del0.8,0.21
X-1407,DAZ4,57135.0,Del0.8,0.21
X-1407,DBNL,28988.0,Amp8,9.51
X-1407,DCN,1634.0,Amp8,8.82
X-1407,DCP1B,196513.0,Amp5,5.17
X-1407,DDAH1,23576.0,Amp5,5.43
X-1407,DDC,1644.0,Amp5,6.15
X-1407,DDX11L10,100287029.0,Amp5,5.03
X-1407,DDX12P,440081.0,Amp5,5.31
X-1407,DDX18,8886.0,MutNovel,"K427T,0.345"
X-1407,DDX3Y,8653.0,Del0.8,0.21
X-1407,DDX47,51202.0,Amp5,5.62
X-1407,DDX56,54606.0,Amp5,5.94
X-1407,DECR1,1666.0,Amp8,11.63
X-1407,DENND4B,9909.0,MutNovel,"Q910HR,0.362"
X-1407,DEPTOR,64798.0,Amp5,5.66
X-1407,DERA,51071.0,Amp5,5.62
X-1407,DERL1,79139.0,Amp5,5.66
X-1407,DGCR8,54487.0,MutNovel,"V379I,0.300"
X-1407,DGKZ,8525.0,MutNovel,"R721G,0.293"
X-1407,DHX34,9704.0,MutNovel,"P760S,1.000"
X-1407,DKFZP586I1420,222161.0,Amp5,5.66
X-1407,DNA2,1763.0,MutKnownFunctional,"-779,0.290"
X-1407,DNAJB4,11080.0,Amp8,10.85
X-1407,DNASE2B,58511.0,Amp8,22.47
X-1407,DPP3,10072.0,MutNovel,"A341V,0.332"
X-1407,DPPA3,359787.0,Amp5,5.28
X-1407,DPY19L1,23333.0,Amp5,5.24
X-1407,DPY19L1P1,100129460.0,Amp5,5.66
X-1407,DPY19L2P1,554236.0,Amp5,7.31
X-1407,DROSHA,29102.0,MutNovel,"M699T,0.348"
X-1407,DSCC1,79075.0,Amp5,5.66
X-1407,DSTNP2,171220.0,Amp5,5.28
X-1407,DUSP16,80824.0,Amp5,5.62
X-1407,DYRK4,8798.0,Amp5,5.17
X-1407,EBPL,84650.0,MutKnownFunctional,"W46*,1.000"
X-1407,EEF1D,1936.0,MutNovel,"A289T,0.225"
X-1407,EEPD1,80820.0,Amp5,7.36
X-1407,EFCAB1,79645.0,Amp8,10.93
X-1407,EFCAB4B,84766.0,Amp5,5.17
X-1407,EGFR,1956.0,Amp5,5.98
X-1407,EIF1AY,9086.0,Del0.8,0.21
X-1407,EIF3H,8667.0,Amp5,5.5
X-1407,ELMO1,9844.0,Amp8,8.82
X-1407,ELN,2006.0,MutNovel,"V485M,1.000"
X-1407,ELTD1,64123.0,Amp8,11.31
X-1407,EME2,197342.0,MutNovel,"M94MEAL,0.300"
X-1407,EMG1,10436.0,Amp5,5.28
X-1407,EMP1,2012.0,Amp5,5.62
X-1407,ENO2,2026.0,Amp5,5.28
X-1407,EPDR1,54749.0,Amp5,7.46
X-1407,EPS8,2059.0,Amp5,5.62
X-1407,EPYC,1833.0,Amp8,8.82
X-1407,ERC1,23085.0,MutNovel,"A199V,0.444"
X-1407,ERP27,121506.0,Amp5,5.62
X-1407,ETV6,2120.0,Amp5,5.62
X-1407,FAM102A,399665.0,MutNovel,"P155Q,1.000"
X-1407,FAM131C,348487.0,MutNovel,"G66S,0.562"
X-1407,FAM13C,220965.0,Amp8,8.06
X-1407,FAM150A,389658.0,Amp5,7.62
X-1407,FAM171B,165215.0,MutNovel,"-44Q,1.000"
X-1407,FAM183B,340286.0,Amp5,7.46
X-1407,FAM188B,84182.0,Amp5,5.66
X-1407,FAM189A1,23359.0,MutNovel,"W85C,1.000"
X-1407,FAM197Y2P,252946.0,Del0.8,0.21
X-1407,FAM41AY1,340618.0,Del0.8,0.21
X-1407,FAM41AY1,340618.0,Del0.8,0.21
X-1407,FAM49B,51571.0,Amp5,5.1
X-1407,FAM66C,440078.0,Amp5,5.28
X-1407,FAM69B,138311.0,MutNovel,"EK214E,0.474"
X-1407,FAM73A,374986.0,Amp8,10.85
X-1407,FAM82B,51115.0,MutNovel,"E295D,0.262"
X-1407,FAM83H,286077.0,MutNovel,"G856V,0.400"
X-1407,FAM86FP,653113.0,Amp5,5.28
X-1407,FAM8A1,51439.0,Amp8,10.34
X-1407,FAM90A1,55138.0,Amp5,5.28
X-1407,FAT1,2195.0,MutNovel,"G1080C,0.318"
X-1407,FBLIM1,54751.0,MutNovel,"E53K,0.582"
X-1407,FBXL14,144699.0,Amp5,5.17
X-1407,FBXL17,64839.0,MutNovel,"R102Q,1.000"
X-1407,FEM1A,55527.0,MutKnownFunctional,"-331?,0.294"
X-1407,FGF23,8074.0,Amp5,5.17
X-1407,FGF6,2251.0,Amp5,5.17
X-1407,FHAD1,114827.0,MutNovel,"R182Y,0.706"
X-1407,FIGNL1,63979.0,Amp5,6.15
X-1407,FKBP4,2288.0,Amp5,5.17
X-1407,FKBP9,11328.0,Amp5,5.66
X-1407,FLJ35390,255031.0,Amp8,9.51
X-1407,FLJ45974,401337.0,Amp5,6.02
X-1407,FLJ45983,399717.0,Amp5,6.19
X-1407,FOXD1,2297.0,MutNovel,"A88G,1.000"
X-1407,FOXJ2,55810.0,Amp5,5.28
X-1407,FOXM1,2305.0,Amp5,5.17
X-1407,FPGT,8790.0,Amp8,14.03
X-1407,FPGT-TNNI3K,100526835.0,Amp8,14.03
X-1407,FUBP1,8880.0,Amp8,10.85
X-1407,GABARAPL1,23710.0,Amp5,5.62
X-1407,GALNT8,26290.0,Amp5,5.17
X-1407,GAPDH,2597.0,Amp5,5.28
X-1407,GARS,2617.0,Amp5,5.66
X-1407,GATA3,2625.0,Amp5,6.19
X-1407,GBE1,2632.0,MutKnownFunctional,"-671,0.250"
X-1407,GBP1,2633.0,Amp5,7.73
X-1407,GBP2,2634.0,Amp8,10.93
X-1407,GBP3,2635.0,Amp5,7.73
X-1407,GBP4,115361.0,Amp8,10.93
X-1407,GBP5,115362.0,Amp8,10.93
X-1407,GBP7,388646.0,Amp8,10.93
X-1407,GCK,2645.0,Amp8,9.51
X-1407,GDF3,9573.0,Amp5,5.28
X-1407,GGCT,79017.0,Amp5,5.66
X-1407,GGT1,2678.0,MutNovel,"T117S,0.375"
X-1407,GHRHR,2692.0,Amp5,5.66
X-1407,GIGYF2,26058.0,MutNovel,"PQ1231P,1.000"
X-1407,GIPC2,54810.0,Amp8,10.85
X-1407,GLB1L,79411.0,MutNovel,"I514T,1.000"
X-1407,GLI3,2737.0,Amp5,6.15
X-1407,GLMN,11146.0,MutNovel,"A223V,0.320"
X-1407,GLTSCR1,29998.0,MutNovel,"G91S,1.000"
X-1407,GNB3,2784.0,Amp5,5.28
X-1407,GNG5,2787.0,Amp8,23.43
X-1407,GNL3,26354.0,MutNovel,"E482Q,0.900"
X-1407,GOLGA2,2801.0,MutKnownFunctional,"-989,0.263"
X-1407,GOLGA2P2Y,84559.0,Del0.8,0.21
X-1407,GOLGA2P2Y,84559.0,Del0.8,0.21
X-1407,GOLGA8A,23015.0,MutNovel,"A511T,0.333"
X-1407,GOLGA8H,,MutNovel,"V373I,0.750"
X-1407,GORASP2,26003.0,MutNovel,"W184R,0.274"
X-1407,GPR124,25960.0,MutNovel,"L752F,0.500"
X-1407,GPR141,353345.0,Amp5,7.46
X-1407,GPR162,27239.0,Amp5,5.28
X-1407,GPR19,2842.0,Amp5,5.62
X-1407,GPRC5A,9052.0,Amp5,5.62
X-1407,GPRC5D,55507.0,Amp5,5.62
X-1407,GPRIN1,114787.0,MutNovel,"L238S,1.000"
X-1407,GPRIN2,9721.0,MutNovel,"-238MRE,0.579"
X-1407,GRB10,2887.0,Amp5,6.15
X-1407,GRB14,2888.0,MutKnownFunctional,"-297?,0.355"
X-1407,GRHL3,57822.0,MutNovel,"V266I,0.739"
X-1407,GRIN2B,2904.0,Amp5,5.62
X-1407,GSG1,83445.0,Amp5,5.62
X-1407,GSTM1,2944.0,MutNovel,"S210T,1.000"
X-1407,GSTM1,2944.0,Del0.8,0.73
X-1407,GSTZ1,2954.0,MutNovel,"S148R,0.645"
X-1407,GTF2B,2959.0,Amp8,15.14
X-1407,GTF2H2,2966.0,Del0.8,0.63
X-1407,GTPBP3,84705.0,MutNovel,"T53A,0.438"
X-1407,GUCY2C,2984.0,Amp5,5.62
X-1407,GYG2P1,352887.0,Del0.8,0.21
X-1407,H2AFJ,55766.0,Amp5,5.62
X-1407,H2AFV,94239.0,Amp5,5.58
X-1407,HACE1,57531.0,MutNovel,"R527C,0.407"
X-1407,HAS2,3037.0,Amp5,5.66
X-1407,HAS2-AS1,594842.0,Amp5,5.66
X-1407,HEBP1,50865.0,Amp5,5.62
X-1407,HECW1,23072.0,Amp5,6.15
X-1407,HERC2,8924.0,MutKnownFunctional,"R4545*,0.308"
X-1407,HERPUD2,64224.0,Amp5,7.36
X-1407,HIPK3,10114.0,MutNovel,"V1058F,0.545"
X-1407,HIST1H1E,3008.0,MutNovel,"A209V,0.256"
X-1407,HIST4H4,121504.0,Amp5,5.62
X-1407,HLA-DQA2,3118.0,MutNovel,"H152Q,0.258"
X-1407,HOXD8,3234.0,MutNovel,"Q67R,0.250"
X-1407,HPVC1,3262.0,Amp5,6.02
X-1407,HS2ST1,9653.0,Amp8,9.38
X-1407,HSFY2,159119.0,Del0.8,0.21
X-1407,HSFY2,159119.0,Del0.8,0.21
X-1407,HSPA1A,3303.0,MutNovel,"V18L,0.333"
X-1407,HSPA1A,3303.0,MutNovel,"EQ600DK,0.259"
X-1407,HTR7P1,93164.0,Amp5,5.62
X-1407,HUS1,3364.0,Amp5,6.15
X-1407,HUWE1,10075.0,MutNovel,"T3633A,0.390"
X-1407,IER5L,389792.0,MutNovel,"LHQL117L,1.000"
X-1407,IFFO1,25900.0,Amp5,5.28
X-1407,IFI44,10561.0,Amp5,6.28
X-1407,IFI44L,10964.0,Amp5,6.28
X-1407,IGFBP1,3484.0,Amp5,6.15
X-1407,IGFBP3,3486.0,Amp5,6.15
X-1407,IGSF9,57549.0,MutNovel,"R770RAA,0.493"
X-1407,IKZF1,10320.0,Amp5,6.15
X-1407,ING4,51147.0,Amp5,5.28
X-1407,INHBA,3624.0,Amp5,6.15
X-1407,INMT,11185.0,Amp5,5.66
X-1407,INMT-FAM188B,100526825.0,Amp5,5.66
X-1407,INTS1,26173.0,MutNovel,"R1644W,0.710"
X-1407,IQCK,124152.0,MutNovel,"K160R,0.361"
X-1407,IQSEC3,440073.0,Amp5,5.82
X-1407,IRS1,3667.0,MutKnownFunctional,"-597?,0.526"
X-1407,ITFG2,55846.0,Amp5,5.17
X-1407,ITIH2,3698.0,Amp5,6.19
X-1407,ITIH5,80760.0,Amp5,6.19
X-1407,KBTBD2,25948.0,Amp5,5.66
X-1407,KBTBD4,55709.0,MutNovel,"L94P,0.293"
X-1407,KCNA1,3736.0,Amp5,5.17
X-1407,KCNA5,3741.0,Amp5,5.17
X-1407,KCNA6,3742.0,Amp5,5.17
X-1407,KCNAB2,8514.0,MutNovel,"R346C,0.231"
X-1407,KDM1A,23028.0,MutNovel,"S69L,0.668"
X-1407,KDM1B,221656.0,MutNovel,"P454S,0.710"
X-1407,KDM5A,5927.0,Amp5,5.82
X-1407,KDM5D,8284.0,Del0.8,0.21
X-1407,KERA,11081.0,Amp8,8.82
X-1407,KIAA0146,23514.0,MutNovel,"G4D,0.550"
X-1407,KIAA0146,23514.0,MutNovel,"C885Y,0.321"
X-1407,KIAA0556,23247.0,MutNovel,"R1184W,0.476"
X-1407,KIAA0895,23366.0,Amp5,7.36
X-1407,KIAA0947,23379.0,MutNovel,"H684L,0.804"
X-1407,KIAA1211,57482.0,MutNovel,"P699T,1.000"
X-1407,KIAA1467,57613.0,Amp5,5.62
X-1407,KIF12,113220.0,MutNovel,"R330H,1.000"
X-1407,KIF13A,63971.0,MutNovel,"V912A,0.464"
X-1407,KIFC2,90990.0,MutNovel,"G712GQV,0.562"
X-1407,KIN,22944.0,Amp5,6.19
X-1407,KLF6,1316.0,Amp5,5.39
X-1407,KLRAP1,10748.0,Amp5,5.62
X-1407,KLRB1,3820.0,Amp5,5.62
X-1407,KLRC1,3821.0,Amp5,5.62
X-1407,KLRC2,3822.0,Amp5,5.62
X-1407,KLRC3,3823.0,Amp5,5.62
X-1407,KLRC4,8302.0,Amp5,5.62
X-1407,KLRC4-KLRK1,100528032.0,Amp5,5.62
X-1407,KLRD1,3824.0,Amp5,5.62
X-1407,KLRF1,51348.0,Amp5,5.62
X-1407,KLRF2,100431172.0,Amp5,5.62
X-1407,KLRG1,10219.0,Amp5,5.31
X-1407,KLRK1,22914.0,Amp5,5.62
X-1407,KRBA1,84626.0,MutNovel,"R811G,1.000"
X-1407,KRT14,3861.0,MutNovel,"S241N,0.455"
X-1407,KRT80,144501.0,MutNovel,"A350G,0.375"
X-1407,KRTAP5-1,387264.0,MutNovel,"V52M,0.600"
X-1407,L3MBTL3,84456.0,MutNovel,"S170T,0.393"
X-1407,LAD1,3898.0,MutNovel,"L161F,1.000"
X-1407,LAG3,3902.0,Amp5,5.28
X-1407,LANCL2,55915.0,Amp5,5.98
X-1407,LAPTM5,7805.0,MutNovel,"M167T,0.406"
X-1407,LEPREL2,10536.0,Amp5,5.28
X-1407,LGALSL,29094.0,Amp5,5.66
X-1407,LHX8,431707.0,Amp8,11.71
X-1407,LINC00309,150992.0,Amp5,6.63
X-1407,LINC00525,84847.0,Amp5,6.15
X-1407,LMO3,55885.0,Amp5,5.62
X-1407,LOC100128071,100128071.0,MutNovel,"P31R,0.688"
X-1407,LOC100129427,100129427.0,Amp5,6.15
X-1407,LOC100130673,100130673.0,Amp5,5.66
X-1407,LOC100132247,100132247.0,MutNovel,"H670Y,0.429"
X-1407,LOC100216001,100216001.0,Amp5,5.39
X-1407,LOC100271702,100271702.0,Amp5,5.17
X-1407,LOC100292680,100292680.0,Amp5,5.17
X-1407,LOC100499405,100499405.0,Amp5,5.31
X-1407,LOC100506314,100506314.0,Amp5,5.62
X-1407,LOC100506776,100506776.0,Amp5,7.46
X-1407,LOC100506895,100506895.0,Amp5,6.15
X-1407,LOC100507117,100507117.0,Amp5,7.11
X-1407,LOC100507127,100507127.0,Amp5,6.19
X-1407,LOC100507424,100507424.0,Amp5,5.17
X-1407,LOC100996318,,MutNovel,"R218Q,0.400"
X-1407,LOC100996488,,MutNovel,"P98S,0.263"
X-1407,LOC283440,283440.0,Amp5,5.17
X-1407,LOC285878,285878.0,Amp5,5.98
X-1407,LOC338588,338588.0,Amp5,5.39
X-1407,LOC338817,338817.0,Amp5,5.62
X-1407,LOC339524,339524.0,Amp8,9.38
X-1407,LOC339807,339807.0,Amp5,6.92
X-1407,LOC348120,348120.0,Del0.8,0.74
X-1407,LOC374443,374443.0,Amp5,5.62
X-1407,LOC400958,400958.0,Amp5,6.92
X-1407,LOC401320,401320.0,Amp5,5.66
X-1407,LOC401321,401321.0,Amp5,5.66
X-1407,LOC401324,401324.0,Amp8,8.63
X-1407,LOC441698,,MutNovel,"M113T,1.000"
X-1407,LOC574538,574538.0,Amp5,5.82
X-1407,LOC642846,642846.0,Amp5,5.31
X-1407,LOC646214,646214.0,Del0.8,0.74
X-1407,LOC647859,647859.0,Del0.8,0.63
X-1407,LOC649238,,MutNovel,"R307Q,1.000"
X-1407,LOC727677,727677.0,Amp8,13.36
X-1407,LOC727924,727924.0,Del0.8,0.74
X-1407,LOC728888,,MutNovel,"R931W,1.000"
X-1407,LOH12CR1,118426.0,Amp5,5.62
X-1407,LOH12CR2,503693.0,Amp5,5.62
X-1407,LPAR3,23566.0,Amp8,17.88
X-1407,LPAR5,57121.0,Amp5,5.28
X-1407,LPCAT3,10162.0,Amp5,5.28
X-1407,LPHN2,23266.0,Amp5,7.31
X-1407,LRP6,4040.0,Amp5,5.62
X-1407,LRRC16A,55604.0,MutNovel,"S294P,0.417"
X-1407,LRRC23,10233.0,Amp5,5.28
X-1407,LRRIQ3,127255.0,Amp8,14.03
X-1407,LRRK1,79705.0,MutNovel,"P180L,0.471"
X-1407,LRRTM4,80059.0,Amp8,11.24
X-1407,LRTM2,654429.0,Amp5,5.17
X-1407,LSM5,23658.0,Amp5,5.66
X-1407,LSR,51599.0,MutNovel,"G518GR,1.000"
X-1407,LTA4H,4048.0,MutNovel,"I103M,0.392"
X-1407,LTBP4,8425.0,MutKnownFunctional,"-1406?,0.375"
X-1407,LTBR,4055.0,Amp5,5.28
X-1407,LUM,4060.0,Amp8,8.82
X-1407,LYPLA1,10434.0,Amp5,6.15
X-1407,M1,100507027.0,Amp5,6.15
X-1407,M6PR,4074.0,Amp5,5.31
X-1407,MAGED4,,MutNovel,"D660N,0.600"
X-1407,MAGOHB,55110.0,Amp5,5.62
X-1407,MAN2C1,4123.0,MutNovel,"E52Q,1.000"
X-1407,MANSC1,54682.0,Amp5,5.62
X-1407,MAP3K4,4216.0,MutNovel,"PA1189P,0.909"
X-1407,MAPK6,5597.0,MutNovel,"V262I,0.586"
X-1407,MAPK8IP3,23162.0,MutNovel,"A805V,0.260"
X-1407,MAPK9,5601.0,MutNovel,"M380T,0.349"
X-1407,MAT2A,4144.0,MutNovel,"F250S,0.396"
X-1407,MBD1,4152.0,MutNovel,"R30C,0.230"
X-1407,MCM4,4173.0,Amp8,13.18
X-1407,MCOLN2,255231.0,Amp8,17.88
X-1407,MCOLN3,55283.0,Amp8,17.88
X-1407,MED13,9969.0,MutNovel,"Q440E,0.310"
X-1407,MEF2A,4205.0,MutNovel,"-412QQ,1.000"
X-1407,MEPCE,56257.0,MutNovel,"P103S,1.000"
X-1407,METTL1,4234.0,MutNovel,"R124C,0.504"
X-1407,METTL2A,339175.0,MutNovel,"T332R,0.241"
X-1407,METTL2B,55798.0,MutNovel,"P155L,0.534"
X-1407,METTL5,29081.0,MutNovel,"L72S,0.780"
X-1407,MFAP5,8076.0,Amp5,5.31
X-1407,MGC27382,149047.0,Amp5,6.28
X-1407,MGP,4256.0,Amp5,5.62
X-1407,MGST1,4257.0,Amp5,5.62
X-1407,MICALL1,85377.0,MutNovel,"P388A,0.301"
X-1407,MIR1200,100302113.0,Amp5,7.46
X-1407,MIR1204,100302185.0,Amp8,13.36
X-1407,MIR1244-1,100302285.0,Amp5,5.62
X-1407,MIR1244-1,100302285.0,Amp5,5.31
X-1407,MIR141,406933.0,Amp5,5.28
X-1407,MIR186,406962.0,Amp8,12.38
X-1407,MIR200C,406985.0,Amp5,5.28
X-1407,MIR205HG,642587.0,MutNovel,"V84VAA,0.889"
X-1407,MIR3649,100500816.0,Amp5,5.17
X-1407,MIR3943,100500829.0,Amp5,6.15
X-1407,MIR3974,100616279.0,Amp5,5.62
X-1407,MIR4434,100616419.0,Amp5,6.92
X-1407,MIR4649,100616346.0,Amp8,9.51
X-1407,MIR550A1,693133.0,Amp5,5.66
X-1407,MIR550A2,693134.0,Amp5,5.66
X-1407,MIR550B1,100500883.0,Amp5,5.66
X-1407,MIR550B2,100500830.0,Amp5,5.66
X-1407,MIR613,693198.0,Amp5,5.62
X-1407,MIR614,693199.0,Amp5,5.62
X-1407,MLF2,8079.0,Amp5,5.28
X-1407,MOCS2,4338.0,MutKnownFunctional,"-22,0.381"
X-1407,MORN1,79906.0,MutNovel,"NK139K,0.462"
X-1407,MPHOSPH10,10199.0,Amp5,5.24
X-1407,MPRIP,23164.0,MutNovel,"R150W,0.299"
X-1407,MRPL13,28998.0,Amp5,5.66
X-1407,MRPL15,29088.0,Amp5,6.15
X-1407,MRPL32,64983.0,Amp5,6.15
X-1407,MRPL51,51258.0,Amp5,5.28
X-1407,MRPS24,64951.0,Amp8,9.51
X-1407,MSH4,4438.0,Amp8,10.34
X-1407,MTBP,27085.0,Amp5,5.66
X-1407,MTERFD1,51001.0,MutNovel,"R147G,0.364"
X-1407,MUC16,94025.0,MutNovel,"T13162S,0.320"
X-1407,MUC16,94025.0,MutNovel,"L12591P,0.635"
X-1407,MUC5B,727897.0,MutNovel,"P2265A,0.476"
X-1407,MUC5B,727897.0,MutNovel,"P4594L,0.308"
X-1407,MYC,4609.0,Amp8,13.36
X-1407,MYL7,58498.0,Amp8,9.51
X-1407,MYO1G,64005.0,Amp5,6.15
X-1407,N4BP1,9683.0,MutNovel,"Q104R,0.598"
X-1407,N4BP2,55728.0,MutNovel,"T1272A,1.000"
X-1407,NAA40,79829.0,MutNovel,"A120V,0.447"
X-1407,NACAD,23148.0,MutNovel,"V641A,1.000"
X-1407,NACAD,23148.0,Amp5,6.15
X-1407,NAIP,4671.0,Del0.8,0.63
X-1407,NANOG,79923.0,Amp5,5.28
X-1407,NANOGNB,360030.0,Amp5,5.28
X-1407,NBEAP1,606.0,Del0.8,0.74
X-1407,NBN,4683.0,Amp8,11.63
X-1407,NBPF1,55672.0,MutNovel,"L608R,0.300"
X-1407,NBPF10,100132406.0,MutNovel,"A1471G,0.600"
X-1407,NBPF10,100132406.0,MutNovel,"Y2844C,1.000"
X-1407,NBPF10,100132406.0,MutNovel,"E3139V,0.840"
X-1407,NBPF11,200030.0,MutNovel,"V57L,0.471"
X-1407,NBPF12,,MutNovel,"C207Y,0.444"
X-1407,NBPF12,,MutNovel,"H486Q,0.438"
X-1407,NBPF12,,MutNovel,"E622K,0.653"
X-1407,NBPF12,,MutNovel,"P896S,1.000"
X-1407,NBPF12,,MutNovel,"P2003S,0.562"
X-1407,NBPF9,400818.0,MutNovel,"Q184R,0.909"
X-1407,NBPF9,400818.0,MutNovel,"H337R,0.772"
X-1407,NBPF9,400818.0,MutNovel,"K599N,0.769"
X-1407,NBR1,4077.0,MutNovel,"L325P,0.353"
X-1407,NCAPD2,9918.0,Amp5,5.28
X-1407,NCOA7,135112.0,MutKnownFunctional,"-68,0.500"
X-1407,NCOR2,9612.0,MutNovel,"G1839GAAA,1.000"
X-1407,NCRNA00185,55410.0,Del0.8,0.21
X-1407,NDFIP2,54602.0,MutNovel,"T44I,1.000"
X-1407,NDUFA9,4704.0,Amp5,5.17
X-1407,NDUFV3,4731.0,MutNovel,"R146Q,0.475"
X-1407,NECAP1,25977.0,Amp5,5.28
X-1407,NEGR1,257194.0,Amp8,12.38
X-1407,NEUROD6,63974.0,Amp5,5.66
X-1407,NEXN,91624.0,Amp8,10.85
X-1407,NF1P2,440225.0,Del0.8,0.74
X-1407,NFE2L3,9603.0,MutNovel,"I433M,0.315"
X-1407,NINJ2,4815.0,Amp5,5.06
X-1407,NLE1,54475.0,MutNovel,"R332Q,0.235"
X-1407,NLGN4Y,22829.0,Del0.8,0.21
X-1407,NOD1,10392.0,Amp5,5.66
X-1407,NOLC1,9221.0,MutNovel,"R671Q,0.380"
X-1407,NOMO1,23420.0,MutNovel,"Q1053H,0.663"
X-1407,NOP2,4839.0,Amp5,5.28
X-1407,NOTCH1,4851.0,MutNovel,"A2331T,1.000"
X-1407,NOTCH3,4854.0,MutNovel,"A1537T,0.316"
X-1407,NPAS2,4862.0,MutNovel,"Y334H,0.219"
X-1407,NPBWR1,2831.0,Amp5,5.43
X-1407,NPC1L1,29881.0,Amp5,5.94
X-1407,NPIPL3,23117.0,MutNovel,"V289L,0.300"
X-1407,NPSR1,387129.0,Amp5,5.24
X-1407,NR1H2,7376.0,MutNovel,"-173Q,1.000"
X-1407,NRIP2,83714.0,Amp5,5.17
X-1407,NT5C3,51251.0,Amp5,5.66
X-1407,NT5DC4,,MutNovel,"R644W,0.868"
X-1407,NTF3,4908.0,Amp5,5.17
X-1407,NUB1,51667.0,MutNovel,"N201D,0.225"
X-1407,NUDCD3,23386.0,MutNovel,"E123I,1.000"
X-1407,NUDCD3,23386.0,Amp5,5.94
X-1407,NUDT11,55190.0,MutKnownFunctional,"-1,1.000"
X-1407,NUP153,9972.0,MutNovel,"T102A,0.220"
X-1407,OCLN,100506658.0,MutNovel,"R335Q,1.000"
X-1407,ODF2L,57489.0,Amp5,6.15
X-1407,OGDH,4967.0,Amp5,5.94
X-1407,OLR1,4973.0,Amp5,5.62
X-1407,OPRK1,4986.0,Amp5,7.46
X-1407,OR2A1,,MutNovel,"T73A,1.000"
X-1407,OR4M2,390538.0,Del0.8,0.74
X-1407,OR4N3P,390539.0,Del0.8,0.74
X-1407,OR4N4,283694.0,Del0.8,0.74
X-1407,ORAI1,84876.0,MutNovel,"PP43-,1.000"
X-1407,OSBPL1A,114876.0,MutKnownFunctional,"-793,0.265"
X-1407,OSGIN2,734.0,MutKnownFunctional,"-537,0.924"
X-1407,OSGIN2,734.0,Amp8,11.63
X-1407,OTX1,5013.0,MutNovel,"A330T,0.300"
X-1407,OVOS2,,MutNovel,"V1393I,0.667"
X-1407,OVOS2,,MutNovel,"D261E,1.000"
X-1407,PALLD,23022.0,MutNovel,"S149W,0.359"
X-1407,PARP11,57097.0,Amp5,5.17
X-1407,PBX2,5089.0,MutNovel,"E407D,0.340"
X-1407,PCAT1,100750225.0,Amp8,13.36
X-1407,PCDH11Y,83259.0,Del0.8,0.21
X-1407,PCDHGA5,56110.0,MutKnownFunctional,"E414*,0.600"
X-1407,PCM1,5108.0,MutNovel,"R604Q,1.000"
X-1407,PCMTD1,115294.0,Amp5,7.06
X-1407,PCNXL4,,MutNovel,"P807LS,1.000"
X-1407,PDE1C,5137.0,Amp5,5.66
X-1407,PDE6H,5149.0,Amp5,5.62
X-1407,PDIA5,10954.0,MutNovel,"V210A,0.235"
X-1407,PELI1,57162.0,Amp5,6.63
X-1407,PER2,8864.0,MutKnownFunctional,"R805*,0.500"
X-1407,PEX5,5830.0,Amp5,5.28
X-1407,PGAM2,5224.0,Amp8,9.51
X-1407,PGAM5,192111.0,MutNovel,"L89P,0.289"
X-1407,PHB2,11331.0,Amp5,5.28
X-1407,PHC1,1911.0,Amp5,5.31
X-1407,PHF20L1,51105.0,MutNovel,"H799-,0.400"
X-1407,PHYHIPL,84457.0,Amp8,10.56
X-1407,PIF1,80119.0,MutNovel,"A127T,1.000"
X-1407,PIGK,10026.0,Amp8,12.73
X-1407,PKD1L1,168507.0,Amp5,6.15
X-1407,PKN2,5586.0,Amp8,15.14
X-1407,PLBD1,79887.0,Amp5,5.62
X-1407,PLD2,5338.0,MutNovel,"P486L,1.000"
X-1407,PLEKHG6,55200.0,Amp5,5.28
X-1407,PLRG1,5356.0,MutNovel,"T443I,0.328"
X-1407,PNO1,56902.0,Amp5,6.82
X-1407,POFUT2,23275.0,MutKnownFunctional,"R65*,0.230"
X-1407,POLD1,5424.0,MutNovel,"A274T,1.000"
X-1407,POLD2,5425.0,Amp8,9.51
X-1407,POLM,27434.0,Amp8,9.51
X-1407,POLR2J2,246721.0,MutKnownFunctional,"R73*,1.000"
X-1407,POLR2J4,84820.0,Amp8,9.51
X-1407,POLR3D,661.0,MutNovel,"V375F,0.996"
X-1407,POLRMT,5442.0,MutNovel,"-747TC,0.357"
X-1407,POM121L12,285877.0,Amp5,6.02
X-1407,POTEB,339010.0,Del0.8,0.74
X-1407,POU5F1B,5462.0,Amp8,13.36
X-1407,POU5F1P3,642559.0,Amp5,5.28
X-1407,PPARA,5465.0,MutNovel,"D243N,0.462"
X-1407,PPFIA4,8497.0,MutNovel,"R644Q,0.800"
X-1407,PPIA,5478.0,Amp5,5.94
X-1407,PPP1R12A,4659.0,Amp8,11.96
X-1407,PPP1R17,10842.0,Amp5,5.66
X-1407,PPP2R2A,5520.0,MutNovel,"W360C,0.566"
X-1407,PPP3R1,5534.0,Amp5,6.82
X-1407,PRB1,5542.0,Amp5,5.62
X-1407,PRB2,653247.0,Amp5,5.62
X-1407,PRB3,5544.0,Amp5,5.62
X-1407,PRB4,5545.0,Amp5,5.62
X-1407,PRH1,5554.0,Amp5,5.62
X-1407,PRH1-PRR4,100533464.0,Amp5,5.62
X-1407,PRH2,5555.0,Amp5,5.62
X-1407,PRKACB,5567.0,Amp8,10.63
X-1407,PRKDC,5591.0,Amp8,9.85
X-1407,PRKY,5616.0,Del0.8,0.21
X-1407,PRMT8,56341.0,Amp5,5.17
X-1407,PRPF19,27339.0,MutNovel,"L120P,0.387"
X-1407,PRPF8,10594.0,MutNovel,"Y453H,0.416"
X-1407,PRR4,11272.0,Amp5,5.62
X-1407,PRY,9081.0,Del0.8,0.21
X-1407,PRY,9081.0,Del0.8,0.21
X-1407,PRY2,442862.0,Del0.8,0.21
X-1407,PRY2,442862.0,Del0.8,0.21
X-1407,PSMA2,5683.0,Amp5,6.15
X-1407,PTGER3,5733.0,Amp5,5.9
X-1407,PTGFR,5737.0,Amp5,6.28
X-1407,PTK7,5754.0,MutNovel,"A786T,0.382"
X-1407,PTMS,5763.0,Amp5,5.28
X-1407,PTPN20A,653129.0,MutNovel,"E99K,1.000"
X-1407,PTPN23,25930.0,MutKnownFunctional,"-1012?,0.400"
X-1407,PTPN6,5777.0,Amp5,5.28
X-1407,PTPRO,5800.0,Amp5,5.62
X-1407,PURB,5814.0,Amp5,6.15
X-1407,PVRL3,25945.0,MutKnownFunctional,"-491?,0.556"
X-1407,PVT1,5820.0,Amp5,7.89
X-1407,PXDNL,137902.0,Amp5,7.89
X-1407,PZP,5858.0,Amp5,5.31
X-1407,RAB38,23682.0,MutNovel,"S113G,0.444"
X-1407,RABGGTB,5876.0,Amp8,11.71
X-1407,RAD51AP1,10635.0,Amp5,5.17
X-1407,RAET1G,353091.0,MutNovel,"I114T,0.417"
X-1407,RAET1G,353091.0,MutNovel,"I114T,0.417"
X-1407,RAG1,5896.0,MutNovel,"I556T,1.000"
X-1407,RALGAPB,57148.0,MutNovel,"KR1086K,0.468"
X-1407,RALGAPB,57148.0,MutNovel,"P1126T,0.492"
X-1407,RAMP3,10268.0,Amp5,6.15
X-1407,RB1CC1,9821.0,Amp5,6.45
X-1407,RBM10,8241.0,MutNovel,"S6P,1.000"
X-1407,RBM26,64062.0,MutNovel,"H412Y,1.000"
X-1407,RBMXL1,494115.0,Amp5,7.73
X-1407,RBMY1A3P,286557.0,Del0.8,0.21
X-1407,RBMY1B,378948.0,Del0.8,0.21
X-1407,RBMY1B,378948.0,Del0.8,0.21
X-1407,RBMY1E,378950.0,Del0.8,0.21
X-1407,RBMY1E,378950.0,Del0.8,0.21
X-1407,RBMY1F,159163.0,Del0.8,0.21
X-1407,RBMY1F,159163.0,Del0.8,0.21
X-1407,RBMY1J,378951.0,Del0.8,0.21
X-1407,RBMY1J,378951.0,Del0.8,0.21
X-1407,RBMY2EP,159125.0,Del0.8,0.21
X-1407,RBMY2FP,159162.0,Del0.8,0.21
X-1407,RBMY3AP,64593.0,Del0.8,0.21
X-1407,RBP5,83758.0,Amp5,5.28
X-1407,RERE,473.0,MutNovel,"T144A,0.206"
X-1407,REREP3,646396.0,Del0.8,0.74
X-1407,RERG,85004.0,Amp5,5.62
X-1407,RFC4,5984.0,MutNovel,"P80S,0.289"
X-1407,RGS20,8601.0,Amp5,6.59
X-1407,RHPN1,114822.0,MutNovel,"R610S,0.273"
X-1407,RIF1,55183.0,MutNovel,"EIC1837G,0.202"
X-1407,RIMKLB,57494.0,Amp5,5.31
X-1407,RIN3,79890.0,MutNovel,"G967-,1.000"
X-1407,RIOK2,55781.0,MutNovel,"R356W,0.226"
X-1407,RIPK2,8767.0,Amp8,11.63
X-1407,RMI2,116028.0,MutKnownFunctional,"-13?,0.550"
X-1407,RMND1,55005.0,MutNovel,"V401I,0.657"
X-1407,RP9,6100.0,Amp5,5.66
X-1407,RP9P,441212.0,Amp5,5.66
X-1407,RPF1,80135.0,Amp8,23.43
X-1407,RPL13AP20,387841.0,Amp5,5.62
X-1407,RPL13P5,283345.0,Amp5,5.28
X-1407,RPS4Y1,6192.0,Del0.8,0.21
X-1407,RPS4Y2,140032.0,Del0.8,0.21
X-1407,RRAGD,58528.0,MutNovel,"T325A,0.368"
X-1407,RTN4IP1,84816.0,MutNovel,"L306P,0.268"
X-1407,SAFB,6294.0,MutNovel,"K481R,0.500"
X-1407,SAMD13,148418.0,Amp8,12.38
X-1407,SCAF8,22828.0,MutNovel,"V1033L,0.260"
X-1407,SCARNA10,692148.0,Amp5,5.28
X-1407,SCARNA11,677780.0,Amp5,5.28
X-1407,SCARNA12,677777.0,Amp5,5.28
X-1407,SCNN1A,6337.0,Amp5,5.28
X-1407,SEC61G,23480.0,Amp5,5.98
X-1407,2014-09-15 00:00:00,9403.0,Amp8,9.38
X-1407,2014-09-07 00:00:00,989.0,Amp5,7.36
X-1407,SEPT7P2,641977.0,Amp5,6.15
X-1407,SERINC5,256987.0,MutNovel,"L173R,0.250"
X-1407,SERTAD2,9792.0,Amp5,6.92
X-1407,SETD1B,23067.0,MutNovel,"S648L,1.000"
X-1407,SF1,7536.0,MutNovel,"P92S,0.214"
X-1407,SFMBT2,57713.0,Amp5,6.19
X-1407,SFRP4,6424.0,Amp5,7.46
X-1407,SGK494,124923.0,MutNovel,"R178W,1.000"
X-1407,SGPL1,8879.0,MutNovel,"K25R,0.226"
X-1407,SH3GLB1,51100.0,Amp8,9.38
X-1407,SH3PXD2A,9644.0,MutNovel,"E1006K,1.000"
X-1407,SHPRH,257218.0,MutNovel,"Q890R,0.731"
X-1407,SKP1P2,728622.0,Amp5,5.62
X-1407,SLC10A3,8273.0,MutNovel,"T315M,0.466"
X-1407,SLC11A2,4891.0,MutNovel,"T25I,0.425"
X-1407,SLC15A5,729025.0,Amp5,5.62
X-1407,SLC16A9,220963.0,Amp5,6.15
X-1407,SLC1A4,6509.0,Amp5,6.92
X-1407,SLC22A16,85413.0,MutKnownFunctional,"-307?,0.368"
X-1407,SLC22A23,63027.0,MutNovel,"S154G,0.714"
X-1407,SLC22A31,146429.0,MutNovel,"G16S,1.000"
X-1407,SLC25A29,123096.0,MutNovel,"P295R,1.000"
X-1407,SLC2A14,144195.0,Amp5,5.28
X-1407,SLC2A3,6515.0,Amp5,5.28
X-1407,SLC39A10,57181.0,MutKnownFunctional,"-59?,0.357"
X-1407,SLC44A5,204962.0,Amp8,11.71
X-1407,SLC6A12,6539.0,Amp5,5.82
X-1407,SLC6A13,6540.0,Amp5,5.82
X-1407,SLC7A13,157724.0,Amp5,6.11
X-1407,SLURP1,57152.0,Amp5,6.32
X-1407,SNAI2,6591.0,Amp8,10.93
X-1407,SNAPC4,6621.0,MutNovel,"S542-,1.000"
X-1407,SNAR-H,100170221.0,Amp5,7.84
X-1407,SNHG15,285958.0,Amp5,6.15
X-1407,SNORA5A,654319.0,Amp5,6.15
X-1407,SNORA5B,677795.0,Amp5,6.15
X-1407,SNORA5C,677796.0,Amp5,6.15
X-1407,SNORA9,677798.0,Amp5,6.15
X-1407,SNORD45A,26805.0,Amp8,11.71
X-1407,SNORD45B,26804.0,Amp8,11.71
X-1407,SNORD45C,692085.0,Amp8,11.71
X-1407,SNTB1,6641.0,Amp5,5.66
X-1407,SNTG1,54212.0,Amp8,19.16
X-1407,SOGA1,,MutNovel,"P1659L,0.500"
X-1407,SOX17,64321.0,Amp5,6.15
X-1407,SPANXA2,728712.0,Del0.8,0.67
X-1407,SPANXA2,728712.0,Del0.8,0.67
X-1407,SPDYE1,285955.0,Amp8,9.51
X-1407,SPDYE2L,,MutNovel,"T320M,1.000"
X-1407,SPEG,10290.0,MutNovel,"S2047G,0.500"
X-1407,SPPL3,121665.0,MutNovel,"M266V,0.224"
X-1407,SPSB2,84727.0,Amp5,5.28
X-1407,SRRM2,23524.0,MutNovel,"S2619-,0.269"
X-1407,SRY,6736.0,Del0.8,0.21
X-1407,SSH2,85464.0,MutNovel,"D1271H,0.600"
X-1407,SSX2IP,117178.0,Amp8,23.43
X-1407,ST18,9705.0,Amp8,8.75
X-1407,ST3GAL1,6482.0,MutNovel,"N332D,0.277"
X-1407,ST3GAL3,6487.0,MutNovel,"K136R,0.400"
X-1407,ST6GALNAC3,256435.0,Amp8,12.73
X-1407,ST6GALNAC5,81849.0,MutNovel,"-43QQ,0.914"
X-1407,ST6GALNAC5,81849.0,Amp8,12.73
X-1407,STARD3NL,83930.0,Amp5,7.46
X-1407,STAT5B,6777.0,MutNovel,"P674L,0.311"
X-1407,STK10,6793.0,MutNovel,"R411W,0.295"
X-1407,STK17A,9263.0,Amp5,6.15
X-1407,STRAP,11171.0,Amp5,5.62
X-1407,STYK1,55359.0,Amp5,5.62
X-1407,SUN3,256979.0,Amp5,6.15
X-1407,SYNJ2,8871.0,MutNovel,"K5R,0.208"
X-1407,TAF2,6873.0,Amp5,5.66
X-1407,TAF3,83860.0,Amp5,6.19
X-1407,TAPBPL,55080.0,Amp5,5.28
X-1407,TARBP1,6894.0,MutNovel,"R109Q,1.000"
X-1407,TARBP1,6894.0,MutNovel,"R14L,0.952"
X-1407,TARP,445347.0,Amp5,7.46
X-1407,TAS2R10,50839.0,Amp5,5.62
X-1407,TAS2R13,50838.0,Amp5,5.62
X-1407,TAS2R14,50840.0,Amp5,5.62
X-1407,TAS2R19,259294.0,Amp5,5.62
X-1407,TAS2R20,259295.0,Amp5,5.62
X-1407,TAS2R30,259293.0,Amp5,5.62
X-1407,TAS2R31,259290.0,Amp5,5.62
X-1407,TAS2R42,353164.0,Amp5,5.62
X-1407,TAS2R43,259289.0,Amp5,5.62
X-1407,TAS2R46,259292.0,Amp5,5.62
X-1407,TAS2R50,259296.0,Amp5,5.62
X-1407,TAS2R7,50837.0,Amp5,5.62
X-1407,TAS2R8,50836.0,Amp5,5.62
X-1407,TAS2R9,50835.0,Amp5,5.62
X-1407,TBC1D3F,,MutNovel,"R137K,1.000"
X-1407,TBL1Y,90665.0,Del0.8,0.21
X-1407,TBRG4,9238.0,Amp5,6.15
X-1407,TBX20,57057.0,Amp8,10.2
X-1407,TCEA1,6917.0,Amp5,6.15
X-1407,TCF19,6941.0,MutKnownFunctional,"-22,0.268"
X-1407,TEAD4,7004.0,Amp5,5.17
X-1407,TEX2,55852.0,MutNovel,"R293H,0.242"
X-1407,TGIF2LY,90655.0,Del0.8,0.21
X-1407,TGM1,7051.0,MutNovel,"P236L,1.000"
X-1407,TIGD5,84948.0,MutNovel,"K204E,0.375"
X-1407,TJAP1,93643.0,MutNovel,"P324L,0.339"
X-1407,TJP1,7082.0,MutNovel,"L1359M,1.000"
X-1407,TMED4,222068.0,Amp5,5.94
X-1407,TMEM48,55706.0,MutNovel,"D490G,0.671"
X-1407,TMEM97,27346.0,MutKnownFunctional,"-173,0.267"
X-1407,TMSB4Y,9087.0,Del0.8,0.21
X-1407,TNFRSF1A,7132.0,Amp5,5.28
X-1407,TNNI3K,51086.0,Amp8,14.03
X-1407,TNS3,64759.0,Amp5,6.15
X-1407,TOR3A,64222.0,MutNovel,"S67G,0.236"
X-1407,TOX,9760.0,MutNovel,"V415E,0.248"
X-1407,TP53,7157.0,MutNovel,"TP150-,1.000"
X-1407,TP53,7157.0,MutNovel,"T150P,0.983"
X-1407,TPI1,7167.0,Amp5,5.28
X-1407,TPP2,7174.0,MutNovel,"I788M,0.440"
X-1407,TPRN,286262.0,MutNovel,"A178V,1.000"
X-1407,TPTE2,93492.0,MutNovel,"K502Q,0.667"
X-1407,TPTE2,93492.0,MutNovel,"C491Y,0.750"
X-1407,TRIM16L,147166.0,MutNovel,"Q117H,0.401"
X-1407,TRIM2,23321.0,MutNovel,"D705Y,0.289"
X-1407,TRIM65,201292.0,MutNovel,"G504V,0.331"
X-1407,TRIO,7204.0,MutNovel,"P2456L,0.258"
X-1407,TRPS1,7227.0,Amp8,15.78
X-1407,TSPAN9,10867.0,Amp5,5.17
X-1407,TSPY1,7258.0,Del0.8,0.21
X-1407,TSPY2,64591.0,Del0.8,0.21
X-1407,TSPY3,728137.0,Del0.8,0.21
X-1407,TSPY4,728395.0,Del0.8,0.21
X-1407,TSPY8,728403.0,Del0.8,0.21
X-1407,TSPYL1,7259.0,MutNovel,"V176VW,1.000"
X-1407,TTC31,64427.0,MutNovel,"R340W,0.237"
X-1407,TTK,7272.0,MutNovel,"R854G,0.238"
X-1407,TTLL7,79739.0,Amp5,6.77
X-1407,TTTY10,246119.0,Del0.8,0.21
X-1407,TTTY11,83866.0,Del0.8,0.21
X-1407,TTTY12,83867.0,Del0.8,0.21
X-1407,TTTY13,83868.0,Del0.8,0.21
X-1407,TTTY14,83869.0,Del0.8,0.21
X-1407,TTTY15,64595.0,Del0.8,0.21
X-1407,TTTY16,252948.0,Del0.8,0.21
X-1407,TTTY17A,252949.0,Del0.8,0.21
X-1407,TTTY17A,252949.0,Del0.8,0.21
X-1407,TTTY18,252950.0,Del0.8,0.21
X-1407,TTTY19,252952.0,Del0.8,0.21
X-1407,TTTY1B,100101116.0,Del0.8,0.21
X-1407,TTTY1B,100101116.0,Del0.8,0.21
X-1407,TTTY2,60439.0,Del0.8,0.21
X-1407,TTTY2,60439.0,Del0.8,0.21
X-1407,TTTY20,252951.0,Del0.8,0.21
X-1407,TTTY21,252953.0,Del0.8,0.21
X-1407,TTTY21,252953.0,Del0.8,0.21
X-1407,TTTY22,252954.0,Del0.8,0.21
X-1407,TTTY23,252955.0,Del0.8,0.21
X-1407,TTTY23,252955.0,Del0.8,0.21
X-1407,TTTY3,114760.0,Del0.8,0.21
X-1407,TTTY3,114760.0,Del0.8,0.21
X-1407,TTTY4,114761.0,Del0.8,0.21
X-1407,TTTY4,114761.0,Del0.8,0.21
X-1407,TTTY5,83863.0,Del0.8,0.21
X-1407,TTTY6,84672.0,Del0.8,0.21
X-1407,TTTY6,84672.0,Del0.8,0.21
X-1407,TTTY7,246122.0,Del0.8,0.21
X-1407,TTTY7,246122.0,Del0.8,0.21
X-1407,TTTY7B,100101120.0,Del0.8,0.21
X-1407,TTTY7B,100101120.0,Del0.8,0.21
X-1407,TTTY8,84673.0,Del0.8,0.21
X-1407,TTTY8,84673.0,Del0.8,0.21
X-1407,TTTY9A,83864.0,Del0.8,0.21
X-1407,TTTY9A,83864.0,Del0.8,0.21
X-1407,TULP3,7289.0,Amp5,5.17
X-1407,TUSC1,286319.0,MutNovel,"G22C,0.233"
X-1407,TXLNG2P,246126.0,Del0.8,0.21
X-1407,TXNDC9,10190.0,MutNovel,"R46H,0.684"
X-1407,TYW3,127253.0,Amp8,14.03
X-1407,UAP1L1,91373.0,MutNovel,"V79L,1.000"
X-1407,UBE2D4,51619.0,Amp8,9.51
X-1407,UBE2L6,9246.0,MutNovel,"R54H,0.286"
X-1407,UBE2O,63893.0,MutNovel,"T307A,0.283"
X-1407,UBE2V2,7336.0,Amp8,13.18
X-1407,UOX,391051.0,Amp8,12.38
X-1407,UPK3BL,,MutKnownFunctional,"-131,0.293"
X-1407,UPP1,7378.0,Amp5,6.15
X-1407,URGCP,55665.0,Amp8,9.51
X-1407,URGCP-MRPS24,100534592.0,Amp8,9.51
X-1407,USP14,9097.0,MutNovel,"R483C,0.708"
X-1407,USP33,23032.0,Amp8,10.85
X-1407,USP38,84640.0,MutNovel,"Q472R,0.386"
X-1407,USP5,8078.0,Amp5,5.28
X-1407,USP9X,8239.0,MutNovel,"R2375C,0.554"
X-1407,USP9Y,8287.0,Del0.8,0.21
X-1407,UTY,7404.0,Del0.8,0.21
X-1407,VAMP1,6843.0,Amp5,5.28
X-1407,VCY,9084.0,Del0.8,0.21
X-1407,VCY,9084.0,Del0.8,0.21
X-1407,VEZF1,7716.0,MutNovel,"H355HN,1.000"
X-1407,VOPP1,81552.0,Amp5,5.98
X-1407,VPS13A,23230.0,MutNovel,"M2477T,0.364"
X-1407,VPS41,27072.0,Amp5,6.02
X-1407,VSTM2A,222008.0,Amp5,5.98
X-1407,VWA1,64856.0,MutNovel,"A326P,0.398"
X-1407,VWC2,375567.0,Amp5,6.15
X-1407,VWF,7450.0,Amp5,6.32
X-1407,WASF2,10163.0,MutNovel,"S23R,0.349"
X-1407,WBP1,23559.0,MutKnownFunctional,"-184,1.000"
X-1407,WBP11,51729.0,Amp5,5.62
X-1407,WDR90,197335.0,MutKnownFunctional,"-1011,0.500"
X-1407,WDR90,197335.0,MutNovel,"R1087M,0.479"
X-1407,WDR92,116143.0,Amp5,6.82
X-1407,WNT5B,81029.0,Amp5,5.17
X-1407,XKRY2,353515.0,Del0.8,0.21
X-1407,XKRY2,353515.0,Del0.8,0.21
X-1407,XRCC4,7518.0,MutNovel,"S89Y,0.242"
X-1407,YKT6,10652.0,Amp5,7.52
X-1407,ZFY,7544.0,Del0.8,0.21
X-1407,ZHX2,22882.0,Amp5,5.66
X-1407,ZMIZ2,83637.0,Amp5,5.94
X-1407,ZNF235,9310.0,MutNovel,"E6G,0.333"
X-1407,ZNF280B,140883.0,MutNovel,"Q351H,0.750"
X-1407,ZNF280D,54816.0,MutNovel,"E398Q,0.778"
X-1407,ZNF318,24149.0,MutNovel,"L2172P,0.206"
X-1407,ZNF318,24149.0,MutNovel,"K1759E,0.748"
X-1407,ZNF384,171017.0,Amp5,5.28
X-1407,ZNF395,55893.0,MutNovel,"A340VP,0.976"
X-1407,ZNF398,57541.0,MutNovel,"V252M,1.000"
X-1407,ZNF408,79797.0,MutNovel,"P647Q,0.385"
X-1407,ZNF436,80818.0,MutNovel,"H142R,0.240"
X-1407,ZNF469,84627.0,MutNovel,"V318M,0.667"
X-1407,ZNF518A,9849.0,MutKnownFunctional,"-926,0.379"
X-1407,ZNF584,201514.0,MutKnownFunctional,"-344,0.286"
X-1407,ZNF668,79759.0,MutKnownFunctional,"-538?,0.267"
X-1407,ZNF668,79759.0,MutKnownFunctional,"-36,0.261"
X-1407,ZNF705A,440077.0,Amp5,5.28
X-1407,ZNF705G,100131980.0,Del0.8,0.78
X-1407,ZNF787,126208.0,MutNovel,"DE367E,1.000"
X-1407,ZNF93,81931.0,MutKnownFunctional,"-169?,0.667"
X-1407,ZNHIT6,54680.0,Amp8,9.65
X-1407,ZNRF2,223082.0,Amp5,5.66
X-1407,ZNRF2P1,441208.0,Amp5,5.66
X-1407,ZP3,7784.0,MutNovel,"S315P,0.996"
X-1407,ZPBP,11055.0,Amp5,6.15
X-1407,ZRANB2,9406.0,Amp8,12.38
X-1407,ZRANB2-AS1,100132618.0,Amp8,12.38
X-1407,ZZZ3,26009.0,Amp8,10.85
X-1468,61E3.4,,MutNovel,"G1154V,1.000"
X-1468,A1CF,29974.0,Amp8,8.06
X-1468,AAMP,14.0,MutNovel,"T103I,0.985"
X-1468,ABCB7,22.0,Del0.8,0.76
X-1468,ABCC4,10257.0,Amp8,11.31
X-1468,ABCD1,215.0,Del0.8,0.77
X-1468,ABHD13,84945.0,Amp8,15.35
X-1468,ABHD3,171586.0,MutNovel,"T237M,0.882"
X-1468,ABI1,10006.0,Amp5,6.23
X-1468,ABRA,137735.0,Amp5,5.35
X-1468,ACBD5,91452.0,Amp5,6.23
X-1468,ACBD7,414149.0,Amp5,6.19
X-1468,ACE2,59272.0,Del0.8,0.75
X-1468,ACOT9,23597.0,Del0.8,0.76
X-1468,ACRC,93953.0,Del0.8,0.76
X-1468,ACSL4,2182.0,Del0.8,0.75
X-1468,ACTC1,70.0,Del0.8,0.76
X-1468,ACTR3BP5,399746.0,Amp5,6.19
X-1468,ACTRT1,139741.0,Del0.8,0.76
X-1468,ADAL,161823.0,Del0.8,0.76
X-1468,ADAM30,11085.0,Amp8,17.88
X-1468,ADAMTSL3,57188.0,Del0.8,0.8
X-1468,ADAMTSL4,54507.0,Amp8,21.41
X-1468,ADARB2,105.0,Amp5,6.06
X-1468,ADARB2-AS1,642394.0,Amp5,6.06
X-1468,ADCK5,203054.0,Amp5,5.54
X-1468,ADCY8,114.0,Amp5,5.35
X-1468,ADHFE1,137872.0,Amp5,6.68
X-1468,AFF2,2334.0,Del0.8,0.77
X-1468,AGAP3,116988.0,MutNovel,"G495D,0.727"
X-1468,AGAP6,414189.0,Amp8,9
X-1468,AGBL1,123624.0,Del0.8,0.65
X-1468,AGTR2,186.0,Del0.8,0.76
X-1468,AHNAK2,113146.0,MutNovel,"L2911H,0.750"
X-1468,AIFM1,9131.0,Del0.8,0.76
X-1468,AKAP13,11214.0,Del0.8,0.8
X-1468,AKAP14,158798.0,Del0.8,0.76
X-1468,AKAP17A,8227.0,Del0.8,0.75
X-1468,AKAP4,8852.0,Del0.8,0.76
X-1468,AKR1C1,1645.0,Amp5,6.19
X-1468,AKR1C2,1646.0,MutNovel,"F319L,0.294"
X-1468,AKR1C2,1646.0,MutNovel,"L172Q,0.333"
X-1468,AKR1C2,1646.0,MutNovel,"H170R,0.333"
X-1468,AKR1C2,1646.0,MutNovel,"S87C,1.000"
X-1468,AKR1C2,1646.0,Amp5,6.19
X-1468,AKR1C3,8644.0,Amp5,6.19
X-1468,AKR1C4,1109.0,Amp5,6.19
X-1468,AKR1CL1,340811.0,Amp5,6.19
X-1468,AKR1E2,83592.0,Amp5,6.19
X-1468,ALAS2,212.0,Del0.8,0.76
X-1468,ALG12,79087.0,MutNovel,"D415G,0.409"
X-1468,ALG13,79868.0,Del0.8,0.75
X-1468,ALPK3,57538.0,Del0.8,0.8
X-1468,AMELX,265.0,Del0.8,0.75
X-1468,AMELY,266.0,Del0.8,0.18
X-1468,AMMECR1,9949.0,Del0.8,0.75
X-1468,AMOT,154796.0,Del0.8,0.75
X-1468,AMPD2,271.0,Amp8,19.84
X-1468,ANGPT1,284.0,Amp5,5.35
X-1468,ANKRD10,55608.0,Amp8,23.75
X-1468,ANKRD16,54522.0,Amp5,6.19
X-1468,ANKRD26,22852.0,Amp5,6.23
X-1468,ANKRD30A,91074.0,Amp5,6.19
X-1468,ANKRD46,157567.0,Amp5,5.28
X-1468,ANKRD63,100131244.0,Del0.8,0.76
X-1468,ANP32AP1,723972.0,Del0.8,0.76
X-1468,ANXA13,312.0,Amp5,5.35
X-1468,AP1S2,8905.0,Del0.8,0.75
X-1468,AP4E1,23431.0,Del0.8,0.75
X-1468,APBA2,321.0,Del0.8,0.8
X-1468,APBB1IP,54518.0,Amp5,6.23
X-1468,APEX2,27301.0,Del0.8,0.76
X-1468,APLN,8862.0,Del0.8,0.76
X-1468,APLP2,334.0,MutNovel,"FHP599-,0.261"
X-1468,APOO,79135.0,Del0.8,0.76
X-1468,APOOL,139322.0,Del0.8,0.76
X-1468,AQR,9716.0,Del0.8,0.76
X-1468,AR,367.0,Del0.8,0.76
X-1468,ARAF,369.0,Del0.8,0.76
X-1468,ARC,23237.0,Amp5,5.54
X-1468,ARFGEF1,10565.0,Amp5,6.68
X-1468,ARHGAP11A,9824.0,Del0.8,0.76
X-1468,ARHGAP11B,89839.0,Del0.8,0.8
X-1468,ARHGAP12,94134.0,Amp5,6.15
X-1468,ARHGAP21,57584.0,Amp5,6.23
X-1468,ARHGAP29,9411.0,MutNovel,"T575I,1.000"
X-1468,ARHGAP36,158763.0,Del0.8,0.76
X-1468,ARHGAP39,80728.0,Amp5,5.54
X-1468,ARHGAP4,393.0,Del0.8,0.77
X-1468,ARHGAP6,395.0,Del0.8,0.75
X-1468,ARHGEF6,9459.0,Del0.8,0.77
X-1468,ARHGEF7,8874.0,Amp8,19.97
X-1468,ARHGEF9,23229.0,Del0.8,0.76
X-1468,ARL11,115761.0,Amp8,12.3
X-1468,ARL13A,392509.0,Del0.8,0.75
X-1468,ARL5B,221079.0,Amp5,6.19
X-1468,ARMC1,55156.0,Amp5,6.68
X-1468,ARMC3,219681.0,Amp5,6.23
X-1468,ARMC4,55130.0,Amp5,6.23
X-1468,ARMCX1,51309.0,Del0.8,0.75
X-1468,ARMCX2,9823.0,Del0.8,0.75
X-1468,ARMCX3,51566.0,Del0.8,0.75
X-1468,ARMCX4,100131755.0,Del0.8,0.75
X-1468,ARMCX5,64860.0,Del0.8,0.75
X-1468,ARMCX5-GPRASP2,100528062.0,Del0.8,0.75
X-1468,ARMCX6,54470.0,Del0.8,0.75
X-1468,ARNT,405.0,Amp8,21.41
X-1468,ARPP19,10776.0,Del0.8,0.75
X-1468,ARR3,407.0,Del0.8,0.76
X-1468,ARSD,414.0,Del0.8,0.75
X-1468,ARSE,415.0,Del0.8,0.75
X-1468,ARSF,416.0,Del0.8,0.75
X-1468,ARSH,347527.0,Del0.8,0.75
X-1468,ARX,170302.0,Del0.8,0.76
X-1468,ASAH2,56624.0,Amp5,5.58
X-1468,ASAH2B,653308.0,Amp8,8.17
X-1468,ASAP1,50807.0,Amp5,5.35
X-1468,ASAP1-IT1,29065.0,Amp5,5.35
X-1468,ASB11,140456.0,Del0.8,0.75
X-1468,ASB12,142689.0,Del0.8,0.76
X-1468,ASB13,79754.0,Amp5,6.19
X-1468,ASB9,140462.0,Del0.8,0.75
X-1468,ASMT,438.0,Del0.8,0.75
X-1468,ASMTL,8623.0,Del0.8,0.75
X-1468,ASMTL-AS1,80161.0,Del0.8,0.75
X-1468,ASPH,444.0,Amp5,5.21
X-1468,ATAD2,29028.0,Amp5,5.35
X-1468,ATF7,11016.0,MutNovel,"E86K,0.947"
X-1468,ATG4A,115201.0,Del0.8,0.75
X-1468,ATP10A,57194.0,Del0.8,0.8
X-1468,ATP11C,286410.0,Del0.8,0.77
X-1468,ATP1B4,23439.0,Del0.8,0.76
X-1468,ATP2B3,492.0,Del0.8,0.77
X-1468,ATP5C1,509.0,Amp5,6.19
X-1468,ATP6AP1,537.0,Del0.8,0.77
X-1468,ATP6AP2,10159.0,Del0.8,0.76
X-1468,ATP6V0D2,245972.0,Amp5,5.28
X-1468,ATP6V1C1,528.0,Amp5,5.35
X-1468,ATP6V1H,51606.0,Amp5,5.31
X-1468,ATP7A,538.0,Del0.8,0.76
X-1468,ATP8B4,79895.0,Del0.8,0.75
X-1468,ATPBD4,89978.0,Del0.8,0.76
X-1468,ATRX,546.0,Del0.8,0.76
X-1468,ATXN3L,92552.0,Del0.8,0.75
X-1468,ATXN8OS,6315.0,Amp5,6.92
X-1468,AVEN,57099.0,Del0.8,0.76
X-1468,AVPR2,554.0,Del0.8,0.77
X-1468,AWAT1,158833.0,Del0.8,0.76
X-1468,AWAT2,158835.0,Del0.8,0.76
X-1468,AZIN1,51582.0,Amp5,5.35
X-1468,B2M,567.0,Del0.8,0.76
X-1468,BAALC,79870.0,Amp5,5.35
X-1468,BAHD1,22893.0,Del0.8,0.76
X-1468,BAI1,575.0,Amp5,5.54
X-1468,BAMBI,25805.0,Amp5,6.23
X-1468,BBOX1,8424.0,MutNovel,"D281H,0.900"
X-1468,BCAP31,10134.0,Del0.8,0.77
X-1468,BCL2L10,10017.0,Del0.8,0.75
X-1468,BCOR,54880.0,Del0.8,0.76
X-1468,BCORL1,63035.0,Del0.8,0.76
X-1468,BCORP1,286554.0,Del0.8,0.18
X-1468,BCYRN1,618.0,Del0.8,0.76
X-1468,BEND2,139105.0,Del0.8,0.76
X-1468,BEND7,222389.0,Amp5,6.19
X-1468,BEX1,55859.0,Del0.8,0.75
X-1468,BEX2,84707.0,Del0.8,0.75
X-1468,BEX4,56271.0,Del0.8,0.75
X-1468,BEX5,340542.0,Del0.8,0.75
X-1468,BGN,633.0,Del0.8,0.77
X-1468,BHLHB9,80823.0,Del0.8,0.75
X-1468,BHLHE22,27319.0,Amp5,5.21
X-1468,BIVM,54841.0,Amp8,10.48
X-1468,BIVM-ERCC5,100533467.0,Amp8,10.48
X-1468,BMF,90427.0,Del0.8,0.76
X-1468,BMI1,648.0,Amp5,6.23
X-1468,BMP15,9210.0,Del0.8,0.76
X-1468,BMS1,9790.0,Amp8,9.13
X-1468,BMX,660.0,Del0.8,0.75
X-1468,BNC1,646.0,Del0.8,0.8
X-1468,BOP1,23246.0,Amp5,5.54
X-1468,BPY2B,442867.0,Del0.8,0.18
X-1468,BPY2B,442867.0,Del0.8,0.18
X-1468,BRCC3,79184.0,Del0.8,0.77
X-1468,BREA2,286076.0,Amp5,5.54
X-1468,BRS3,680.0,Del0.8,0.77
X-1468,BRWD3,254065.0,Del0.8,0.76
X-1468,BTK,695.0,Del0.8,0.75
X-1468,BUB1B,701.0,Del0.8,0.76
X-1468,C10orf108,414235.0,Amp5,6.06
X-1468,C10orf111,221060.0,Amp5,6.19
X-1468,C10orf113,387638.0,Amp5,6.23
X-1468,C10orf114,399726.0,Amp5,6.23
X-1468,C10orf47,254427.0,Amp5,6.19
X-1468,C10orf57,,MutNovel,"N28S,1.000"
X-1468,C10orf67,256815.0,Amp5,6.23
X-1468,C15orf23,90417.0,Del0.8,0.76
X-1468,C15orf29,79768.0,Del0.8,0.76
X-1468,C15orf41,84529.0,MutNovel,"H159Y,0.429"
X-1468,C15orf41,84529.0,Del0.8,0.76
X-1468,C15orf43,145645.0,Del0.8,0.76
X-1468,C15orf48,84419.0,Del0.8,0.76
X-1468,C15orf52,388115.0,Del0.8,0.76
X-1468,C15orf53,400359.0,Del0.8,0.76
X-1468,C15orf54,400360.0,Del0.8,0.76
X-1468,C15orf55,256646.0,Del0.8,0.76
X-1468,C15orf56,644809.0,Del0.8,0.76
X-1468,C15orf57,90416.0,Del0.8,0.76
X-1468,C15orf62,643338.0,Del0.8,0.76
X-1468,C15orf63,25764.0,Del0.8,0.76
X-1468,C1GALT1C1,29071.0,Del0.8,0.76
X-1468,C1QL3,389941.0,Amp5,6.19
X-1468,C8orf22,492307.0,Amp5,5.54
X-1468,C8orf31,286122.0,Amp5,5.54
X-1468,C8orf33,65265.0,Amp5,5.54
X-1468,C8orf34,116328.0,Amp5,6.19
X-1468,C8orf37,157657.0,Amp5,5.28
X-1468,C8orf44,56260.0,Amp5,6.68
X-1468,C8orf44-SGK3,100533105.0,Amp5,6.68
X-1468,C8orf46,254778.0,Amp5,6.68
X-1468,C8orf47,203111.0,Amp5,5.28
X-1468,C8orf56,157556.0,Amp5,5.35
X-1468,C8orf59,401466.0,Amp5,5.28
X-1468,C8orf73,642475.0,Amp5,5.54
X-1468,C8orf76,84933.0,Amp5,5.35
X-1468,C8orf82,414919.0,Amp5,5.54
X-1468,CA1,759.0,Amp5,5.28
X-1468,CA13,377677.0,Amp5,5.28
X-1468,CA2,760.0,Amp5,5.28
X-1468,CA3,761.0,Amp5,5.28
X-1468,CA5B,11238.0,Del0.8,0.75
X-1468,CA5BP1,340591.0,Del0.8,0.75
X-1468,CA8,767.0,Amp5,5.21
X-1468,CAB39L,81617.0,Amp8,12.3
X-1468,CABLES1,91768.0,MutNovel,"E178K,0.800"
X-1468,CACNA1F,778.0,Del0.8,0.76
X-1468,CACNB2,783.0,Amp5,6.19
X-1468,CALB1,793.0,Amp5,5.21
X-1468,CALML3,810.0,Amp5,6.19
X-1468,CALML5,51806.0,Amp5,6.19
X-1468,CAMK1D,57118.0,Amp5,6.19
X-1468,CAPN3,825.0,Del0.8,0.76
X-1468,CAPN6,827.0,Del0.8,0.75
X-1468,CARKD,55739.0,Amp8,24.25
X-1468,CARS2,79587.0,Amp8,24.25
X-1468,CASC4,113201.0,Del0.8,0.76
X-1468,CASC5,57082.0,Del0.8,0.76
X-1468,CASK,8573.0,Del0.8,0.76
X-1468,CATSPER2,117155.0,Del0.8,0.76
X-1468,CATSPER2P1,440278.0,Del0.8,0.76
X-1468,CCDC109B,55013.0,MutNovel,"R36H,0.273"
X-1468,CCDC120,90060.0,Del0.8,0.76
X-1468,CCDC160,347475.0,Del0.8,0.76
X-1468,CCDC166,100130274.0,Amp5,5.54
X-1468,CCDC168,643677.0,Amp8,10.48
X-1468,CCDC22,28952.0,Del0.8,0.76
X-1468,CCDC3,83643.0,Amp5,6.19
X-1468,CCDC7,221016.0,Amp5,6.15
X-1468,CCNB3,85417.0,Del0.8,0.76
X-1468,CCNDBP1,23582.0,Del0.8,0.76
X-1468,CCNE2,9134.0,Amp5,5.28
X-1468,CCNY,219771.0,Amp5,6.19
X-1468,CD40LG,959.0,Del0.8,0.77
X-1468,CD46,4179.0,MutNovel,"A353V,0.221"
X-1468,CD99,4267.0,Del0.8,0.75
X-1468,CD99L2,83692.0,Del0.8,0.77
X-1468,CD99P1,401577.0,Del0.8,0.75
X-1468,CDADC1,81602.0,Amp8,12.3
X-1468,CDAN1,146059.0,Del0.8,0.76
X-1468,CDC123,8872.0,Amp5,6.19
X-1468,CDC42EP1,11135.0,MutNovel,"PAPAANPS253P,0.720"
X-1468,CDH17,1015.0,Amp5,5.21
X-1468,CDK11B,984.0,MutNovel,"D600N,0.279"
X-1468,CDK16,5127.0,Del0.8,0.76
X-1468,CDKL5,6792.0,Del0.8,0.76
X-1468,CDNF,441549.0,Amp5,6.19
X-1468,CDR1,1038.0,MutNovel,"M127I,1.000"
X-1468,CDR1,1038.0,Del0.8,0.77
X-1468,CDX4,1046.0,Del0.8,0.76
X-1468,CDY1B,253175.0,Del0.8,0.18
X-1468,CDY1B,253175.0,Del0.8,0.18
X-1468,CDY2A,9426.0,Del0.8,0.18
X-1468,CDY2A,9426.0,Del0.8,0.18
X-1468,CDY2B,203611.0,Del0.8,0.18
X-1468,CDY2B,203611.0,Del0.8,0.18
X-1468,CEBPD,1052.0,Amp5,5.54
X-1468,CELF2,10659.0,Amp5,6.19
X-1468,CENPI,2491.0,Del0.8,0.75
X-1468,CEP152,22995.0,Del0.8,0.76
X-1468,CETN2,1069.0,Del0.8,0.77
X-1468,CFHR1,3078.0,Amp5,6.28
X-1468,CFHR3,10878.0,Amp5,7.11
X-1468,CFLAR,8837.0,MutNovel,"A178G,0.967"
X-1468,CFP,5199.0,Del0.8,0.76
X-1468,CHAC1,79094.0,Del0.8,0.76
X-1468,CHCHD7,79145.0,Amp5,5.31
X-1468,CHD7,55636.0,Amp5,5.21
X-1468,CHEK2P2,646096.0,Del0.8,0.8
X-1468,CHIC1,53344.0,Del0.8,0.76
X-1468,CHM,1121.0,Del0.8,0.76
X-1468,CHMP4C,92421.0,Amp5,5.28
X-1468,CHRAC1,54108.0,Amp5,5.35
X-1468,CHRDL1,91851.0,Del0.8,0.75
X-1468,CHRFAM7A,89832.0,Del0.8,0.8
X-1468,CHRM5,1133.0,Del0.8,0.76
X-1468,CHRNA7,1139.0,Del0.8,0.8
X-1468,CHST14,113189.0,Del0.8,0.76
X-1468,CHST7,56548.0,Del0.8,0.76
X-1468,CITED1,4435.0,Del0.8,0.76
X-1468,CIZ1,25792.0,MutNovel,"T323I,0.900"
X-1468,CKMT1A,548596.0,Del0.8,0.76
X-1468,CKMT1B,1159.0,Del0.8,0.76
X-1468,CLCN4,1183.0,Del0.8,0.75
X-1468,CLCN5,1184.0,Del0.8,0.76
X-1468,CLDN10,9071.0,Amp8,11.31
X-1468,CLDN2,9075.0,Del0.8,0.75
X-1468,CLIC2,1193.0,Del0.8,0.77
X-1468,CLVS1,157807.0,Amp5,5.21
X-1468,CNBD1,168975.0,Amp5,5.28
X-1468,CNGA2,1260.0,Del0.8,0.77
X-1468,CNGB3,54714.0,Amp5,5.28
X-1468,CNKSR2,22866.0,Del0.8,0.76
X-1468,COL14A1,7373.0,Amp5,5.35
X-1468,COL22A1,169044.0,Amp5,5.35
X-1468,COL4A1,1282.0,Amp8,22.78
X-1468,COL4A2,1284.0,Amp8,20.53
X-1468,COL4A5,1287.0,Del0.8,0.75
X-1468,COL4A6,1288.0,Del0.8,0.75
X-1468,COLEC10,10584.0,Amp5,5.35
X-1468,COMMD3,23412.0,Amp5,6.23
X-1468,COMMD3-BMI1,100532731.0,Amp5,6.23
X-1468,COMMD5,28991.0,Amp5,5.54
X-1468,COPS2,9318.0,Del0.8,0.76
X-1468,COPS5,10987.0,Amp5,6.68
X-1468,COX6C,1345.0,Amp5,5.28
X-1468,COX7B,1349.0,Del0.8,0.76
X-1468,CPA6,57094.0,Amp5,6.68
X-1468,CPNE3,8895.0,Amp5,5.28
X-1468,CPSF1,29894.0,Amp5,5.54
X-1468,CPXCR1,53336.0,Del0.8,0.76
X-1468,CREM,1390.0,Amp5,6.19
X-1468,CRH,1392.0,Amp5,6.68
X-1468,CRIPAK,285464.0,MutNovel,"V164A,0.250"
X-1468,CRIPAK,285464.0,MutNovel,"R337L,0.328"
X-1468,CRISPLD1,83690.0,Amp5,5.28
X-1468,CRLF2,64109.0,Del0.8,0.75
X-1468,CSAG1,158511.0,Del0.8,0.77
X-1468,CSAG2,728461.0,Del0.8,0.77
X-1468,CSAG2,728461.0,Del0.8,0.77
X-1468,CSAG3,389903.0,Del0.8,0.77
X-1468,CSAG3,389903.0,Del0.8,0.77
X-1468,CSF2RA,1438.0,Del0.8,0.75
X-1468,CSGALNACT2,55454.0,Amp8,9.13
X-1468,CSMD3,114788.0,Amp5,5.35
X-1468,CSNK1A1P1,161635.0,Del0.8,0.76
X-1468,CSPG4P1Y,114758.0,Del0.8,0.18
X-1468,CSPG4P1Y,114758.0,Del0.8,0.18
X-1468,CSPP1,79848.0,Amp5,6.68
X-1468,CSTF2,1478.0,Del0.8,0.75
X-1468,CSTF2T,23283.0,Amp8,8.06
X-1468,CT45A1,541466.0,Del0.8,0.51
X-1468,CT45A2,728911.0,Del0.8,0.35
X-1468,CT45A4,441520.0,Del0.8,0.77
X-1468,CT45A4,441520.0,Del0.8,0.35
X-1468,CT45A5,441521.0,Del0.8,0.77
X-1468,CT45A6,541465.0,Del0.8,0.77
X-1468,CT47A1,728096.0,Del0.8,0.76
X-1468,CT47A10,728036.0,Del0.8,0.76
X-1468,CT47A6,728062.0,Del0.8,0.76
X-1468,CT47A7,653282.0,Del0.8,0.76
X-1468,CT47B1,643311.0,Del0.8,0.76
X-1468,CTAG1B,1485.0,Del0.8,0.77
X-1468,CTAG1B,1485.0,Del0.8,0.77
X-1468,CTAG2,30848.0,Del0.8,0.77
X-1468,CTDSPL2,51496.0,Del0.8,0.76
X-1468,CTHRC1,115908.0,Amp5,5.35
X-1468,CTNNA3,29119.0,Del0.8,0.72
X-1468,CTPS2,56474.0,Del0.8,0.75
X-1468,CTSA,5476.0,MutNovel,"L29-,1.000"
X-1468,CTSK,1513.0,Amp8,21.41
X-1468,CTSS,1520.0,Amp8,21.41
X-1468,CTXN2,399697.0,Del0.8,0.76
X-1468,CUBN,8029.0,Amp5,6.19
X-1468,CUL2,8453.0,Amp5,6.19
X-1468,CUL4B,8450.0,Del0.8,0.76
X-1468,CXADRP2,646243.0,Del0.8,0.8
X-1468,CXCR3,2833.0,Del0.8,0.76
X-1468,CXXC1P1,392459.0,Del0.8,0.76
X-1468,CXorf1,9142.0,Del0.8,0.77
X-1468,CXorf21,80231.0,Del0.8,0.76
X-1468,CXorf22,170063.0,Del0.8,0.76
X-1468,CXorf23,256643.0,Del0.8,0.76
X-1468,CXorf26,51260.0,Del0.8,0.76
X-1468,CXorf27,25763.0,Del0.8,0.76
X-1468,CXorf28,100129464.0,Del0.8,0.75
X-1468,CXorf30,645090.0,Del0.8,0.76
X-1468,CXorf36,79742.0,Del0.8,0.76
X-1468,CXorf38,159013.0,Del0.8,0.76
X-1468,CXorf40A,91966.0,Del0.8,0.77
X-1468,CXorf40B,541578.0,Del0.8,0.77
X-1468,CXorf48,54967.0,Del0.8,0.76
X-1468,CXorf49B,100132994.0,Del0.8,0.76
X-1468,CXorf49B,100132994.0,Del0.8,0.76
X-1468,CXorf51A,100129239.0,Del0.8,0.77
X-1468,CXorf51A,100129239.0,Del0.8,0.77
X-1468,CXorf56,63932.0,Del0.8,0.76
X-1468,CXorf57,55086.0,Del0.8,0.75
X-1468,CXorf58,254158.0,Del0.8,0.76
X-1468,CXorf59,286464.0,Del0.8,0.76
X-1468,CXorf61,203413.0,Del0.8,0.76
X-1468,CXorf64,100130613.0,Del0.8,0.76
X-1468,CXorf65,158830.0,Del0.8,0.76
X-1468,CXorf66,347487.0,Del0.8,0.77
X-1468,CXorf68,100132963.0,Del0.8,0.77
X-1468,CXorf69,644538.0,Del0.8,0.76
X-1468,CYBB,1536.0,Del0.8,0.76
X-1468,CYC1,1537.0,Amp5,5.54
X-1468,CYFIP1,23191.0,Del0.8,0.8
X-1468,CYHR1,50626.0,Amp5,5.54
X-1468,CYLC1,1538.0,Del0.8,0.76
X-1468,CYP11B1,1584.0,Amp5,5.54
X-1468,CYP11B2,1585.0,Amp5,5.54
X-1468,CYP19A1,1588.0,Del0.8,0.75
X-1468,CYP7A1,1581.0,Amp5,5.21
X-1468,CYP7B1,9420.0,Amp5,5.21
X-1468,CYSLTR1,10800.0,Del0.8,0.76
X-1468,DACH2,117154.0,Del0.8,0.76
X-1468,DAZ1,1617.0,Del0.8,0.18
X-1468,DAZ2,57055.0,Del0.8,0.18
X-1468,DAZ3,57054.0,Del0.8,0.18
X-1468,DAZ3,57054.0,Del0.8,0.18
X-1468,DAZ4,57135.0,Del0.8,0.18
X-1468,DAZ4,57135.0,Del0.8,0.18
X-1468,DCAF12L1,139170.0,Del0.8,0.76
X-1468,DCAF12L2,340578.0,Del0.8,0.76
X-1468,DCAF13,25879.0,Amp5,5.35
X-1468,DCAF4L2,138009.0,Amp5,5.28
X-1468,DCAF8L1,139425.0,Del0.8,0.76
X-1468,DCAF8L2,347442.0,Del0.8,0.76
X-1468,DCLRE1C,64421.0,Amp5,6.19
X-1468,DCSTAMP,81501.0,Amp5,5.35
X-1468,DCT,1638.0,Amp8,11.31
X-1468,DCX,1641.0,Del0.8,0.75
X-1468,DDX26B,203522.0,Del0.8,0.76
X-1468,DDX3X,1654.0,Del0.8,0.76
X-1468,DDX3Y,8653.0,Del0.8,0.18
X-1468,DDX53,168400.0,Del0.8,0.76
X-1468,DECR1,1666.0,Amp5,5.21
X-1468,DENND3,22898.0,Amp5,5.54
X-1468,DEPTOR,64798.0,Amp5,5.35
X-1468,DERL1,79139.0,Amp5,5.35
X-1468,DGAT1,8694.0,Amp5,5.54
X-1468,DGAT2L6,347516.0,Del0.8,0.76
X-1468,DGKK,139189.0,Del0.8,0.76
X-1468,DHRSX,207063.0,Del0.8,0.75
X-1468,DHTKD1,55526.0,Amp5,6.19
X-1468,DIAPH2,1730.0,Del0.8,0.75
X-1468,DIP2C,22982.0,Amp5,6.06
X-1468,DISP2,85455.0,Del0.8,0.76
X-1468,DKC1,1736.0,Del0.8,0.77
X-1468,DKFZP434L187,26082.0,Del0.8,0.8
X-1468,DKFZp686D0853,401613.0,Del0.8,0.75
X-1468,DKK1,22943.0,Amp5,5.46
X-1468,DLG3,1741.0,Del0.8,0.76
X-1468,DLL4,54567.0,Del0.8,0.76
X-1468,DMD,1756.0,Del0.8,0.76
X-1468,DMRTC1B,728656.0,Del0.8,0.76
X-1468,DMRTC1B,728656.0,Del0.8,0.76
X-1468,DMXL2,23312.0,Del0.8,0.75
X-1468,DNAJC1,64215.0,MutNovel,"S78A,0.237"
X-1468,DNAJC1,64215.0,Amp5,6.23
X-1468,DNAJC17,55192.0,Del0.8,0.76
X-1468,DNAJC3,5611.0,Amp8,11.31
X-1468,DNAJC5B,85479.0,Amp5,6.68
X-1468,DNASE1L1,1774.0,Del0.8,0.77
X-1468,DND1,373863.0,MutNovel,"A345T,0.211"
X-1468,DNM1P41,440299.0,Del0.8,0.8
X-1468,DOCK11,139818.0,Del0.8,0.76
X-1468,DOCK9,23348.0,Amp8,8.82
X-1468,DPY19L4,286148.0,Amp5,5.28
X-1468,DPYS,1807.0,Amp5,5.35
X-1468,DRD4,1815.0,MutNovel,"R252G,0.509"
X-1468,DRD4,1815.0,MutNovel,"A281P,0.820"
X-1468,DRD4,1815.0,MutNovel,"S284G,1.000"
X-1468,DRP2,1821.0,Del0.8,0.75
X-1468,DSCC1,79075.0,Amp5,5.35
X-1468,DTWD1,56986.0,Del0.8,0.76
X-1468,DUOX1,53905.0,Del0.8,0.76
X-1468,DUOX2,50506.0,Del0.8,0.76
X-1468,DUOXA1,90527.0,Del0.8,0.76
X-1468,DUOXA2,405753.0,Del0.8,0.76
X-1468,DUSP21,63904.0,Del0.8,0.76
X-1468,DUSP9,1852.0,Del0.8,0.77
X-1468,DUT,1854.0,Del0.8,0.76
X-1468,DYNLT3,6990.0,Del0.8,0.76
X-1468,DZIP1,22873.0,Amp8,11.31
X-1468,E2F5,1875.0,Amp5,5.28
X-1468,EBAG9,9166.0,Amp5,5.35
X-1468,EBLN1,340900.0,Amp5,6.23
X-1468,EBP,10682.0,Del0.8,0.76
X-1468,EBPL,84650.0,Amp8,12.3
X-1468,ECHDC3,79746.0,Amp5,6.19
X-1468,ECM1,1893.0,Amp8,21.41
X-1468,EDA,1896.0,Del0.8,0.76
X-1468,EDA2R,60401.0,Del0.8,0.76
X-1468,EEF1D,1936.0,Amp5,5.54
X-1468,EFCAB1,79645.0,Amp5,5.54
X-1468,EFHC2,80258.0,Del0.8,0.76
X-1468,EFNB1,1947.0,Del0.8,0.76
X-1468,EFR3A,23167.0,Amp5,5.35
X-1468,EGFL6,25975.0,Del0.8,0.75
X-1468,EHD4,30844.0,Del0.8,0.76
X-1468,EID1,23741.0,Del0.8,0.76
X-1468,EIF1AX,1964.0,Del0.8,0.76
X-1468,EIF1AY,9086.0,Del0.8,0.18
X-1468,EIF2AK4,440275.0,Del0.8,0.76
X-1468,EIF2C2,27161.0,Amp5,5.35
X-1468,EIF2S3,1968.0,Del0.8,0.76
X-1468,EIF3E,3646.0,Amp5,5.35
X-1468,EIF3H,8667.0,Amp5,5.35
X-1468,EIF3J,8669.0,Del0.8,0.76
X-1468,ELF4,2000.0,Del0.8,0.76
X-1468,ELK1,2002.0,Del0.8,0.76
X-1468,ELL3,80237.0,Del0.8,0.76
X-1468,EMD,2010.0,Del0.8,0.77
X-1468,ENKUR,219670.0,Amp5,6.23
X-1468,ENOX2,10495.0,Del0.8,0.76
X-1468,ENPP2,5168.0,Amp5,5.35
X-1468,ENSA,2029.0,Amp8,21.41
X-1468,ENY2,56943.0,Amp5,5.35
X-1468,EPB42,2038.0,Del0.8,0.76
X-1468,EPC1,80314.0,Amp5,6.15
X-1468,EPPK1,83481.0,Amp5,5.54
X-1468,ERAS,3266.0,Del0.8,0.76
X-1468,ERCC5,2073.0,Amp8,10.48
X-1468,ERCC6L,54821.0,Del0.8,0.76
X-1468,ESRP1,54845.0,Amp5,5.28
X-1468,ESX1,80712.0,Del0.8,0.75
X-1468,EXD1,161829.0,Del0.8,0.76
X-1468,EXOSC4,54512.0,Amp5,5.54
X-1468,EXT1,2131.0,Amp5,5.35
X-1468,EYA1,2138.0,Amp5,5.31
X-1468,F8,2157.0,Del0.8,0.77
X-1468,F8A1,8263.0,Del0.8,0.77
X-1468,F8A1,8263.0,Del0.8,0.77
X-1468,F9,2158.0,Del0.8,0.77
X-1468,FAAH2,158584.0,Del0.8,0.76
X-1468,FABP12,646486.0,Amp5,5.28
X-1468,FABP4,2167.0,Amp5,5.28
X-1468,FABP5,2171.0,Amp5,5.28
X-1468,FABP9,646480.0,Amp5,5.28
X-1468,FAM104B,90736.0,Del0.8,0.76
X-1468,FAM107B,83641.0,Amp5,6.19
X-1468,FAM110B,90362.0,Amp5,5.21
X-1468,FAM120C,54954.0,Del0.8,0.76
X-1468,FAM122B,159090.0,Del0.8,0.76
X-1468,FAM122C,159091.0,Del0.8,0.76
X-1468,FAM123B,139285.0,Del0.8,0.76
X-1468,FAM127A,8933.0,Del0.8,0.76
X-1468,FAM127B,26071.0,Del0.8,0.76
X-1468,FAM127C,441518.0,Del0.8,0.76
X-1468,FAM133A,286499.0,Del0.8,0.75
X-1468,FAM135B,51059.0,Amp5,5.35
X-1468,FAM150A,389658.0,Amp5,5.31
X-1468,FAM155A,728215.0,Amp8,15.35
X-1468,FAM155B,27112.0,Del0.8,0.76
X-1468,FAM156A,29057.0,Del0.8,0.76
X-1468,FAM156A,29057.0,Del0.8,0.76
X-1468,FAM156B,727866.0,Del0.8,0.76
X-1468,FAM156B,727866.0,Del0.8,0.76
X-1468,FAM171A1,221061.0,Amp5,6.19
X-1468,FAM188A,80013.0,Amp5,6.19
X-1468,FAM189A1,23359.0,Del0.8,0.8
X-1468,FAM197Y2P,252946.0,Del0.8,0.18
X-1468,FAM198B,51313.0,MutNovel,"I504T,1.000"
X-1468,FAM199X,139231.0,Del0.8,0.75
X-1468,FAM203A,51236.0,Amp5,5.54
X-1468,FAM208B,54906.0,Amp5,6.19
X-1468,FAM214A,56204.0,Del0.8,0.75
X-1468,FAM3A,60343.0,Del0.8,0.77
X-1468,FAM41AY1,340618.0,Del0.8,0.18
X-1468,FAM41AY1,340618.0,Del0.8,0.18
X-1468,FAM45B,55855.0,Del0.8,0.76
X-1468,FAM46C,54855.0,Amp5,5.5
X-1468,FAM46D,169966.0,Del0.8,0.76
X-1468,FAM47A,158724.0,Del0.8,0.76
X-1468,FAM47B,170062.0,Del0.8,0.76
X-1468,FAM47C,442444.0,Del0.8,0.76
X-1468,FAM48B1,100130302.0,Del0.8,0.76
X-1468,FAM48B2,170067.0,Del0.8,0.76
X-1468,FAM49B,51571.0,Amp5,5.35
X-1468,FAM50A,9130.0,Del0.8,0.77
X-1468,FAM58A,92002.0,Del0.8,0.77
X-1468,FAM70A,55026.0,Del0.8,0.76
X-1468,FAM72B,653820.0,Amp5,6.28
X-1468,FAM72D,728833.0,MutNovel,"V122I,1.000"
X-1468,FAM82A2,55177.0,Del0.8,0.76
X-1468,FAM82B,51115.0,Amp5,5.28
X-1468,FAM83A,84985.0,Amp5,5.35
X-1468,FAM83H,286077.0,Amp5,5.54
X-1468,FAM84B,157638.0,Amp5,5.35
X-1468,FAM91A1,157769.0,Amp5,5.35
X-1468,FAM92A1,137392.0,Amp5,5.21
X-1468,FAM98B,283742.0,Del0.8,0.76
X-1468,FAM9A,171482.0,Del0.8,0.75
X-1468,FAM9B,171483.0,Del0.8,0.75
X-1468,FAM9C,171484.0,Del0.8,0.75
X-1468,FAN1,22909.0,Del0.8,0.8
X-1468,FANCB,2187.0,Del0.8,0.75
X-1468,FARP1,10160.0,Amp8,8.82
X-1468,FATE1,89885.0,Del0.8,0.77
X-1468,FBN1,2200.0,Del0.8,0.76
X-1468,FBXL6,26233.0,Amp5,5.54
X-1468,FBXO18,84893.0,Amp5,6.19
X-1468,FBXO32,114907.0,Amp5,5.35
X-1468,FBXO43,286151.0,Amp5,5.28
X-1468,FER1L6,654463.0,Amp5,5.35
X-1468,FER1L6-AS1,439941.0,Amp5,5.35
X-1468,FGD1,2245.0,Del0.8,0.76
X-1468,FGF13,2258.0,Del0.8,0.77
X-1468,FGF16,8823.0,Del0.8,0.76
X-1468,FGF7,2252.0,Del0.8,0.76
X-1468,FHL1,2273.0,Del0.8,0.77
X-1468,FIGF,2277.0,Del0.8,0.75
X-1468,FLJ10038,55056.0,Del0.8,0.75
X-1468,FLJ39080,441355.0,Amp5,5.28
X-1468,FLJ42969,441374.0,Amp5,5.28
X-1468,FLJ43860,389690.0,Amp5,5.54
X-1468,FLJ44635,392490.0,Del0.8,0.76
X-1468,FLJ45983,399717.0,Amp5,6.19
X-1468,FLNA,2316.0,Del0.8,0.77
X-1468,FMN1,342184.0,Del0.8,0.76
X-1468,FMR1,2332.0,Del0.8,0.77
X-1468,FMR1-AS1,100126270.0,Del0.8,0.77
X-1468,FMR1NB,158521.0,Del0.8,0.77
X-1468,FNDC3A,22862.0,Amp8,12.3
X-1468,FOXH1,8928.0,Amp5,5.54
X-1468,FOXO4,4303.0,Del0.8,0.76
X-1468,FOXP3,50943.0,Del0.8,0.76
X-1468,FOXR2,139628.0,Del0.8,0.76
X-1468,FRMD4A,55691.0,Amp5,6.19
X-1468,FRMD5,84978.0,Del0.8,0.76
X-1468,FRMD7,90167.0,Del0.8,0.76
X-1468,FRMD8P1,83957.0,Del0.8,0.76
X-1468,FRMPD4,9758.0,Del0.8,0.75
X-1468,FSIP1,161835.0,Del0.8,0.76
X-1468,FTHL17,53940.0,Del0.8,0.76
X-1468,FTSJ1,24140.0,Del0.8,0.76
X-1468,FTX,100302692.0,Del0.8,0.76
X-1468,FUNDC1,139341.0,Del0.8,0.76
X-1468,FUNDC2,65991.0,Del0.8,0.77
X-1468,FZD6,8323.0,Amp5,5.35
X-1468,FZD8,8325.0,Amp5,6.19
X-1468,G6PD,2539.0,Del0.8,0.77
X-1468,GAB3,139716.0,Del0.8,0.77
X-1468,GABPB1,2553.0,Del0.8,0.75
X-1468,GABRA3,2556.0,Del0.8,0.77
X-1468,GABRA5,2558.0,Del0.8,0.8
X-1468,GABRB3,2562.0,Del0.8,0.8
X-1468,GABRE,2564.0,Del0.8,0.77
X-1468,GABRG3,2567.0,Del0.8,0.8
X-1468,GABRQ,55879.0,Del0.8,0.77
X-1468,GAD2,2572.0,Amp5,6.23
X-1468,GAGE1,2543.0,Del0.8,0.76
X-1468,GAGE10,643832.0,Del0.8,0.76
X-1468,GAGE12D,100132399.0,Del0.8,0.76
X-1468,GAGE12F,100008586.0,Del0.8,0.76
X-1468,GAGE12J,729396.0,Del0.8,0.76
X-1468,GAGE13,645051.0,Del0.8,0.76
X-1468,GAGE2A,729447.0,Del0.8,0.76
X-1468,GAGE2B,645037.0,Del0.8,0.76
X-1468,GAGE2C,2574.0,Del0.8,0.76
X-1468,GAGE2D,729408.0,Del0.8,0.76
X-1468,GAGE2E,26749.0,Del0.8,0.76
X-1468,GALK2,2585.0,Del0.8,0.76
X-1468,GANC,2595.0,Del0.8,0.76
X-1468,GATA1,2623.0,Del0.8,0.76
X-1468,GATA3,2625.0,Amp5,6.19
X-1468,GATM,2628.0,Del0.8,0.76
X-1468,GCHFR,2644.0,Del0.8,0.76
X-1468,GDAP1,54332.0,Amp5,5.28
X-1468,GDAP2,54834.0,Amp8,22.16
X-1468,GDF6,392255.0,Amp5,5.28
X-1468,GDI1,2664.0,Del0.8,0.77
X-1468,GDI2,2665.0,Amp5,6.19
X-1468,GDPD2,54857.0,Del0.8,0.76
X-1468,GEM,2669.0,Amp5,5.21
X-1468,GEMIN8,54960.0,Del0.8,0.75
X-1468,GGH,8836.0,Amp5,5.21
X-1468,GIGYF2,26058.0,MutNovel,"PQ1231P,0.750"
X-1468,GJB1,2705.0,Del0.8,0.76
X-1468,GJD2,57369.0,Del0.8,0.76
X-1468,GJD4,219770.0,Amp5,6.19
X-1468,GK,2710.0,Del0.8,0.76
X-1468,GLA,2717.0,Del0.8,0.75
X-1468,GLDN,342035.0,Del0.8,0.75
X-1468,GLI4,2738.0,Amp5,5.54
X-1468,GLOD5,392465.0,Del0.8,0.76
X-1468,GLRA2,2742.0,Del0.8,0.75
X-1468,GLRA4,441509.0,Del0.8,0.75
X-1468,GLUD2,2747.0,MutNovel,"N189Y,1.000"
X-1468,GLUD2,2747.0,Del0.8,0.76
X-1468,GML,2765.0,Amp5,5.54
X-1468,GNAI3,2773.0,Amp8,19.84
X-1468,GNAT2,2780.0,Amp8,19.84
X-1468,GNB5,10681.0,Del0.8,0.75
X-1468,GNL3L,54552.0,Del0.8,0.76
X-1468,GOLGA2P2Y,84559.0,Del0.8,0.18
X-1468,GOLGA2P2Y,84559.0,Del0.8,0.18
X-1468,GOLGA6L1,283767.0,Del0.8,0.8
X-1468,GOLGA6L5,374650.0,Del0.8,0.8
X-1468,GOLGA6L6,727832.0,Del0.8,0.8
X-1468,GOLGA8A,23015.0,Del0.8,0.76
X-1468,GOLGA8B,440270.0,Del0.8,0.76
X-1468,GOLGA8C,729786.0,Del0.8,0.8
X-1468,GOLGA8DP,100132979.0,Del0.8,0.8
X-1468,GOLGA8E,390535.0,Del0.8,0.8
X-1468,GOLGA8F,100132565.0,Del0.8,0.8
X-1468,GOLGA8F,100132565.0,Del0.8,0.8
X-1468,GOLGA8G,283768.0,Del0.8,0.8
X-1468,GOLGA8G,283768.0,Del0.8,0.8
X-1468,GOLGA8IP,283796.0,Del0.8,0.8
X-1468,GOLPH3L,55204.0,Amp8,21.41
X-1468,GPAA1,8733.0,Amp5,5.54
X-1468,GPC3,2719.0,Del0.8,0.76
X-1468,GPC4,2239.0,Del0.8,0.76
X-1468,GPC6,10082.0,Amp5,6.02
X-1468,GPIHBP1,338328.0,Amp5,5.54
X-1468,GPKOW,27238.0,Del0.8,0.76
X-1468,GPM6B,2824.0,Del0.8,0.75
X-1468,GPR101,83550.0,Del0.8,0.77
X-1468,GPR112,139378.0,Del0.8,0.77
X-1468,GPR119,139760.0,Del0.8,0.76
X-1468,GPR143,4935.0,Del0.8,0.75
X-1468,GPR158,57512.0,Amp5,6.23
X-1468,GPR173,54328.0,Del0.8,0.76
X-1468,GPR174,84636.0,Del0.8,0.76
X-1468,GPR176,11245.0,Del0.8,0.76
X-1468,GPR180,160897.0,Amp8,11.31
X-1468,GPR20,2843.0,Amp5,5.54
X-1468,GPR34,2857.0,Del0.8,0.76
X-1468,GPR50,9248.0,Del0.8,0.77
X-1468,GPR61,83873.0,Amp8,19.84
X-1468,GPR64,10149.0,Del0.8,0.76
X-1468,GPR82,27197.0,Del0.8,0.76
X-1468,GPRASP1,9737.0,Del0.8,0.75
X-1468,GPRASP2,114928.0,Del0.8,0.75
X-1468,GPT,2875.0,Amp5,5.54
X-1468,GREM1,26585.0,Del0.8,0.76
X-1468,GRHL2,79977.0,Amp5,5.28
X-1468,GRIA3,2892.0,Del0.8,0.76
X-1468,GRINA,2907.0,Amp5,5.54
X-1468,GRIPAP1,56850.0,Del0.8,0.76
X-1468,GRPR,2925.0,Del0.8,0.75
X-1468,GSDMC,56169.0,Amp5,5.35
X-1468,GSDMD,79792.0,Amp5,5.54
X-1468,GSPT2,23708.0,Del0.8,0.76
X-1468,GSTM4,2948.0,Amp8,10.41
X-1468,GTPBP4,23560.0,Amp5,6.06
X-1468,GTPBP6,8225.0,Del0.8,0.75
X-1468,GUCY2F,2986.0,Del0.8,0.75
X-1468,GYG2,8908.0,Del0.8,0.75
X-1468,GYG2P1,352887.0,Del0.8,0.18
X-1468,H2AFB1,474382.0,Del0.8,0.77
X-1468,H2AFB1,474382.0,Del0.8,0.77
X-1468,H2BFM,286436.0,Del0.8,0.75
X-1468,H2BFWT,158983.0,Del0.8,0.75
X-1468,H2BFXP,767811.0,Del0.8,0.75
X-1468,H2BFXP,767811.0,Del0.8,0.75
X-1468,HAO2,51179.0,Amp8,16.56
X-1468,HAS2,3037.0,Amp5,5.35
X-1468,HAS2-AS1,594842.0,Amp5,5.35
X-1468,HAUS2,55142.0,Del0.8,0.76
X-1468,HAUS7,55559.0,Del0.8,0.77
X-1468,HCCS,3052.0,Del0.8,0.75
X-1468,HCFC1,3054.0,Del0.8,0.77
X-1468,HDAC6,10013.0,Del0.8,0.76
X-1468,HDAC8,55869.0,Del0.8,0.76
X-1468,HDC,3067.0,Del0.8,0.75
X-1468,HDGFRP3,50810.0,Del0.8,0.8
X-1468,HDHD1,8226.0,Del0.8,0.75
X-1468,HDX,139324.0,Del0.8,0.76
X-1468,HEATR7A,727957.0,Amp5,5.54
X-1468,HEPH,9843.0,Del0.8,0.76
X-1468,HERC2,8924.0,MutNovel,"A4570P,1.000"
X-1468,HERC2,8924.0,Del0.8,0.8
X-1468,HERC2P2,400322.0,Del0.8,0.8
X-1468,HERC2P3,283755.0,Del0.8,0.8
X-1468,HERC2P7,100132101.0,Del0.8,0.8
X-1468,HERC2P9,440248.0,Del0.8,0.8
X-1468,HEY1,23462.0,Amp5,5.28
X-1468,HHLA1,10086.0,Amp5,5.35
X-1468,HIST2H2BA,337875.0,Amp5,6.28
X-1468,HMGB3,3149.0,Del0.8,0.77
X-1468,HMGCS2,3158.0,Amp8,17.88
X-1468,HMGN2P46,283651.0,Del0.8,0.76
X-1468,HMGN5,79366.0,Del0.8,0.76
X-1468,HNF4G,3174.0,Amp5,5.28
X-1468,HNRNPH2,3188.0,Del0.8,0.75
X-1468,HORMAD1,84072.0,Amp8,21.41
X-1468,HPRT1,3251.0,Del0.8,0.76
X-1468,HPYR1,93668.0,Amp5,5.35
X-1468,HRCT1,646962.0,MutNovel,"P106H,1.000"
X-1468,HRSP12,10247.0,Amp5,5.28
X-1468,HS6ST2,90161.0,Del0.8,0.76
X-1468,HS6ST3,266722.0,Amp8,11.31
X-1468,HSD17B10,3028.0,Del0.8,0.76
X-1468,HSD17B7P2,158160.0,Amp5,6.19
X-1468,HSD3B1,3283.0,Amp8,16.56
X-1468,HSD3B2,3284.0,Amp8,16.56
X-1468,HSD3BP4,128102.0,Amp8,16.56
X-1468,HSF1,3297.0,Amp5,5.54
X-1468,HSFX2,100130086.0,Del0.8,0.77
X-1468,HSFX2,100130086.0,Del0.8,0.77
X-1468,HSFY2,159119.0,Del0.8,0.18
X-1468,HSFY2,159119.0,Del0.8,0.18
X-1468,HSPA14,51182.0,Amp5,6.19
X-1468,HTATSF1,27336.0,Del0.8,0.77
X-1468,HTR2C,3358.0,Del0.8,0.75
X-1468,HUWE1,10075.0,Del0.8,0.76
X-1468,IDH3G,3421.0,Del0.8,0.77
X-1468,IDI1,3422.0,Amp5,6.06
X-1468,IDI2,91734.0,Amp5,6.06
X-1468,IDI2-AS1,55853.0,Amp5,6.06
X-1468,IDS,3423.0,Del0.8,0.77
X-1468,IGBP1,3476.0,Del0.8,0.76
X-1468,IGSF1,3547.0,Del0.8,0.76
X-1468,IKBKG,8517.0,Del0.8,0.77
X-1468,IL13RA1,3597.0,Del0.8,0.76
X-1468,IL13RA2,3598.0,Del0.8,0.75
X-1468,IL15RA,3601.0,Amp5,6.19
X-1468,IL1RAPL1,11141.0,Del0.8,0.76
X-1468,IL1RAPL2,26280.0,Del0.8,0.75
X-1468,IL2RA,3559.0,Amp5,6.19
X-1468,IL2RG,3561.0,Del0.8,0.76
X-1468,IL3RA,3563.0,Del0.8,0.75
X-1468,IL7,3574.0,Amp5,5.28
X-1468,IL9R,3581.0,Del0.8,0.77
X-1468,IMPA1,3612.0,Amp5,5.28
X-1468,IMPAD1,54928.0,Amp5,5.31
X-1468,INE1,8552.0,Del0.8,0.76
X-1468,INE2,8551.0,Del0.8,0.75
X-1468,ING1,3621.0,Amp8,24.25
X-1468,INGX,27160.0,Del0.8,0.76
X-1468,INO80,54617.0,Del0.8,0.76
X-1468,INTS8,55656.0,Amp5,5.28
X-1468,IPO5,3843.0,Amp8,8.82
X-1468,IPW,3653.0,Del0.8,0.8
X-1468,IQSEC2,23096.0,Del0.8,0.76
X-1468,IRAK1,3654.0,Del0.8,0.77
X-1468,IRS2,8660.0,Amp8,23.26
X-1468,IRS4,8471.0,Del0.8,0.75
X-1468,ITGA8,8516.0,Amp5,6.19
X-1468,ITGB1,3688.0,Amp5,6.19
X-1468,ITGB1BP2,26548.0,Del0.8,0.76
X-1468,ITIH2,3698.0,Amp5,6.19
X-1468,ITIH5,80760.0,Amp5,6.19
X-1468,ITIH6,347365.0,Del0.8,0.76
X-1468,ITM2A,9452.0,Del0.8,0.76
X-1468,ITPKA,3706.0,Del0.8,0.76
X-1468,IVD,3712.0,Del0.8,0.76
X-1468,JMJD7,100137047.0,Del0.8,0.76
X-1468,JMJD7-PLA2G4B,8681.0,Del0.8,0.76
X-1468,JPH1,56704.0,Amp5,5.28
X-1468,JPX,554203.0,Del0.8,0.76
X-1468,JRK,8629.0,Amp5,5.54
X-1468,KAL1,3730.0,Del0.8,0.75
X-1468,KALRN,8997.0,MutNovel,"L1994M,0.636"
X-1468,KCNB2,9312.0,Amp5,5.28
X-1468,KCND1,3750.0,Del0.8,0.76
X-1468,KCNE1L,23630.0,Del0.8,0.75
X-1468,KCNK9,51305.0,Amp5,5.35
X-1468,KCNQ3,3786.0,Amp5,5.35
X-1468,KCNS2,3788.0,Amp5,5.28
X-1468,KCNV1,27012.0,Amp5,5.35
X-1468,KDELC1,79070.0,Amp8,10.48
X-1468,KDM5C,8242.0,Del0.8,0.76
X-1468,KDM5D,8284.0,Del0.8,0.18
X-1468,KDM6A,7403.0,Del0.8,0.76
X-1468,KHDRBS3,10656.0,Amp5,5.35
X-1468,KIAA0146,23514.0,Amp5,5.54
X-1468,KIAA0196,9897.0,Amp5,5.35
X-1468,KIAA1210,57481.0,Del0.8,0.76
X-1468,KIAA1217,56243.0,Amp5,6.23
X-1468,KIAA1462,57608.0,Amp5,6.23
X-1468,KIAA1875,340390.0,Amp5,5.54
X-1468,KIAA2022,340533.0,Del0.8,0.76
X-1468,KIF4A,24137.0,Del0.8,0.76
X-1468,KIF5B,3799.0,Amp5,6.15
X-1468,KIFC2,90990.0,Amp5,5.54
X-1468,KIN,22944.0,Amp5,6.19
X-1468,KLF10,7071.0,Amp5,5.28
X-1468,KLF13,51621.0,Del0.8,0.8
X-1468,KLF6,1316.0,Amp5,6.06
X-1468,KLF8,11279.0,Del0.8,0.76
X-1468,KLHL1,57626.0,Amp5,6.92
X-1468,KLHL13,90293.0,Del0.8,0.76
X-1468,KLHL15,80311.0,Del0.8,0.76
X-1468,KLHL25,64410.0,Del0.8,0.8
X-1468,KLHL34,257240.0,Del0.8,0.76
X-1468,KLHL38,340359.0,Amp5,5.35
X-1468,KLHL4,56062.0,Del0.8,0.76
X-1468,L1CAM,3897.0,Del0.8,0.77
X-1468,LACTB2,51110.0,Amp5,5.31
X-1468,LAGE3,8270.0,Del0.8,0.77
X-1468,LAMP2,3920.0,Del0.8,0.76
X-1468,LANCL3,347404.0,Del0.8,0.76
X-1468,LAPTM4B,55353.0,Amp5,5.28
X-1468,LARP4B,23185.0,Amp5,6.06
X-1468,LAS1L,81887.0,Del0.8,0.76
X-1468,LCMT2,9836.0,Del0.8,0.76
X-1468,LDOC1,23641.0,Del0.8,0.77
X-1468,LEO1,123169.0,Del0.8,0.75
X-1468,LEPREL2,10536.0,MutNovel,"R249S,0.333"
X-1468,LHFPL1,340596.0,Del0.8,0.75
X-1468,LIG4,3981.0,Amp8,15.35
X-1468,LINC00051,619434.0,Amp5,5.54
X-1468,LINC00086,399668.0,Del0.8,0.76
X-1468,LINC00087,644596.0,Del0.8,0.76
X-1468,LINC00102,100359394.0,Del0.8,0.75
X-1468,LINC00200,399706.0,Amp5,6.06
X-1468,LINC00202,387644.0,Amp5,6.23
X-1468,LINC00251,552859.0,Amp5,5.21
X-1468,LINC00264,645528.0,Amp5,6.23
X-1468,LINC00293,497634.0,Amp5,5.54
X-1468,LINC00346,283487.0,Amp8,23.75
X-1468,LINC00535,642924.0,Amp5,5.21
X-1468,LLPH,84298.0,MutKnownFunctional,"-75,0.788"
X-1468,LOC100127983,100127983.0,Amp5,5.21
X-1468,LOC100128098,100128098.0,Amp5,6.19
X-1468,LOC100128338,100128338.0,Amp5,5.54
X-1468,LOC100128420,100128420.0,Del0.8,0.77
X-1468,LOC100128714,100128714.0,Del0.8,0.8
X-1468,LOC100129055,100129055.0,Amp5,6.19
X-1468,LOC100129213,100129213.0,Amp5,6.19
X-1468,LOC100129407,100129407.0,Del0.8,0.76
X-1468,LOC100129407,100129407.0,Del0.8,0.76
X-1468,LOC100129515,100129515.0,Del0.8,0.76
X-1468,LOC100129520,100129520.0,Del0.8,0.76
X-1468,LOC100129662,100129662.0,Del0.8,0.77
X-1468,LOC100130155,100130155.0,Amp5,5.21
X-1468,LOC100130231,100130231.0,Amp5,5.35
X-1468,LOC100130298,100130298.0,Amp5,5.21
X-1468,LOC100130301,100130301.0,Amp5,5.28
X-1468,LOC100130992,100130992.0,Amp5,6.23
X-1468,LOC100131089,100131089.0,Del0.8,0.76
X-1468,LOC100131434,100131434.0,Del0.8,0.77
X-1468,LOC100131726,100131726.0,Amp5,5.35
X-1468,LOC100132247,100132247.0,MutNovel,"S1066L,0.407"
X-1468,LOC100132741,100132741.0,Del0.8,0.76
X-1468,LOC100132831,100132831.0,Del0.8,0.76
X-1468,LOC100132891,100132891.0,Amp5,5.28
X-1468,LOC100133123,100133123.0,Del0.8,0.75
X-1468,LOC100133669,100133669.0,Amp5,5.54
X-1468,LOC100133957,100133957.0,Del0.8,0.76
X-1468,LOC100192204,100192204.0,Amp5,6.19
X-1468,LOC100216001,100216001.0,Amp5,6.19
X-1468,LOC100272228,100272228.0,Del0.8,0.77
X-1468,LOC100287765,100287765.0,Del0.8,0.75
X-1468,LOC100287846,100287846.0,Amp5,5.54
X-1468,LOC100288181,100288181.0,Amp5,5.54
X-1468,LOC100288637,100288637.0,Del0.8,0.8
X-1468,LOC100288748,100288748.0,Amp5,5.28
X-1468,LOC100288814,100288814.0,Del0.8,0.75
X-1468,LOC100289656,100289656.0,Del0.8,0.8
X-1468,LOC100499183,100499183.0,Amp5,5.35
X-1468,LOC100499489,100499489.0,Amp5,6.23
X-1468,LOC100500773,100500773.0,Amp5,5.28
X-1468,LOC100505583,100505583.0,Amp5,6.19
X-1468,LOC100505648,100505648.0,Del0.8,0.76
X-1468,LOC100505659,100505659.0,Amp5,6.68
X-1468,LOC100505676,100505676.0,Amp5,6.68
X-1468,LOC100505679,100505679.0,Del0.8,0.8
X-1468,LOC100505718,100505718.0,Amp5,5.28
X-1468,LOC100506562,,MutNovel,"T77I,0.750"
X-1468,LOC100506757,100506757.0,Del0.8,0.76
X-1468,LOC100506874,100506874.0,Del0.8,0.8
X-1468,LOC100506939,100506939.0,Amp5,5.46
X-1468,LOC100507034,100507034.0,Amp5,6.06
X-1468,LOC100507117,100507117.0,Amp5,5.35
X-1468,LOC100507127,100507127.0,Amp5,6.19
X-1468,LOC100507404,100507404.0,Del0.8,0.77
X-1468,LOC100507404,100507404.0,Del0.8,0.77
X-1468,LOC100507605,100507605.0,Amp5,6.23
X-1468,LOC100507607,,MutNovel,"K529Q,1.000"
X-1468,LOC100507632,100507632.0,Amp5,5.31
X-1468,LOC100507651,100507651.0,Amp5,5.31
X-1468,LOC100509263,,MutNovel,"L223S,1.000"
X-1468,LOC100616530,100616530.0,Amp5,5.28
X-1468,LOC145663,145663.0,Del0.8,0.76
X-1468,LOC145845,145845.0,Del0.8,0.76
X-1468,LOC157381,157381.0,Amp5,5.35
X-1468,LOC158572,158572.0,Del0.8,0.76
X-1468,LOC158696,158696.0,Del0.8,0.77
X-1468,LOC219731,219731.0,Amp5,6.19
X-1468,LOC220906,220906.0,Amp5,6.23
X-1468,LOC254312,254312.0,Amp5,6.19
X-1468,LOC282980,282980.0,Amp5,6.06
X-1468,LOC283070,283070.0,Amp5,6.19
X-1468,LOC283683,283683.0,Del0.8,0.8
X-1468,LOC283710,283710.0,Del0.8,0.8
X-1468,LOC286094,286094.0,Amp5,5.35
X-1468,LOC286177,286177.0,Amp5,5.31
X-1468,LOC286184,286184.0,Amp5,5.21
X-1468,LOC286186,286186.0,Amp5,6.68
X-1468,LOC286189,286189.0,Amp5,6.68
X-1468,LOC286190,286190.0,Amp5,5.31
X-1468,LOC286437,286437.0,Del0.8,0.75
X-1468,LOC286442,286442.0,Del0.8,0.76
X-1468,LOC286467,286467.0,Del0.8,0.76
X-1468,LOC338588,338588.0,Amp5,6.19
X-1468,LOC340544,340544.0,Del0.8,0.75
X-1468,LOC347411,347411.0,Del0.8,0.76
X-1468,LOC348120,348120.0,Del0.8,0.8
X-1468,LOC387647,387647.0,Amp5,6.23
X-1468,LOC388152,388152.0,Del0.8,0.8
X-1468,LOC389906,389906.0,Del0.8,0.75
X-1468,LOC392232,392232.0,Amp5,5.28
X-1468,LOC399708,399708.0,Amp5,6.06
X-1468,LOC399715,399715.0,Amp5,6.19
X-1468,LOC399744,399744.0,Amp5,6.19
X-1468,LOC401463,401463.0,Amp5,5.21
X-1468,LOC401588,401588.0,Del0.8,0.76
X-1468,LOC439949,439949.0,Amp5,6.19
X-1468,LOC440300,440300.0,Del0.8,0.8
X-1468,LOC441666,441666.0,Amp8,9
X-1468,LOC442459,442459.0,Del0.8,0.75
X-1468,LOC503519,503519.0,Del0.8,0.8
X-1468,LOC550643,550643.0,Del0.8,0.76
X-1468,LOC643486,643486.0,Del0.8,0.75
X-1468,LOC644242,644242.0,Amp8,17.88
X-1468,LOC645212,645212.0,Del0.8,0.76
X-1468,LOC646214,646214.0,Del0.8,0.8
X-1468,LOC646278,646278.0,Del0.8,0.8
X-1468,LOC648809,648809.0,Del0.8,0.8
X-1468,LOC653061,653061.0,Del0.8,0.8
X-1468,LOC653075,653075.0,Del0.8,0.8
X-1468,LOC727677,727677.0,Amp5,5.35
X-1468,LOC727924,727924.0,Del0.8,0.8
X-1468,LOC728724,728724.0,Amp5,5.35
X-1468,LOC728888,,MutKnownFunctional,"Q865*,0.618"
X-1468,LOC729609,729609.0,Del0.8,0.76
X-1468,LOC731424,731424.0,Del0.8,0.18
X-1468,LOC731779,731779.0,Amp5,5.54
X-1468,LOC731789,731789.0,Amp5,6.23
X-1468,LOC84856,84856.0,Amp8,9
X-1468,LOC92249,92249.0,Del0.8,0.76
X-1468,LONRF3,79836.0,Del0.8,0.76
X-1468,LPAR4,2846.0,Del0.8,0.76
X-1468,LPCAT4,254531.0,Del0.8,0.76
X-1468,LRCH2,57631.0,Del0.8,0.75
X-1468,LRP12,29967.0,Amp5,5.35
X-1468,LRP3,4037.0,MutNovel,"R257W,0.294"
X-1468,LRRC14,9684.0,Amp5,5.54
X-1468,LRRC24,441381.0,Amp5,5.54
X-1468,LRRC57,255252.0,Del0.8,0.76
X-1468,LRRC6,23639.0,Amp5,5.35
X-1468,LRRC69,100130742.0,Amp5,5.21
X-1468,LRRCC1,85444.0,Amp5,5.28
X-1468,LSR,51599.0,MutNovel,"G518GR,0.797"
X-1468,LTK,4058.0,Del0.8,0.76
X-1468,LUZP4,51213.0,Del0.8,0.75
X-1468,LY6D,8581.0,Amp5,5.54
X-1468,LY6E,4061.0,Amp5,5.54
X-1468,LY6H,4062.0,Amp5,5.54
X-1468,LY6K,54742.0,Amp5,5.54
X-1468,LY96,23643.0,Amp5,5.28
X-1468,LYN,4067.0,Amp5,5.31
X-1468,LYNX1,66004.0,Amp5,5.54
X-1468,LYPD2,137797.0,Amp5,5.54
X-1468,LYPLA1,10434.0,Amp5,5.31
X-1468,LYSMD2,256586.0,Del0.8,0.75
X-1468,LYZL1,84569.0,Amp5,6.23
X-1468,LYZL2,119180.0,Amp5,6.15
X-1468,MAF1,84232.0,Amp5,5.54
X-1468,MAFA,389692.0,Amp5,5.54
X-1468,MAGEA1,4100.0,Del0.8,0.77
X-1468,MAGEA10,4109.0,Del0.8,0.77
X-1468,MAGEA10-MAGEA5,100533997.0,Del0.8,0.77
X-1468,MAGEA11,4110.0,Del0.8,0.77
X-1468,MAGEA12,4111.0,Del0.8,0.77
X-1468,MAGEA2,4101.0,Del0.8,0.77
X-1468,MAGEA2,4101.0,Del0.8,0.77
X-1468,MAGEA3,4102.0,Del0.8,0.77
X-1468,MAGEA4,4103.0,Del0.8,0.77
X-1468,MAGEA5,4104.0,Del0.8,0.77
X-1468,MAGEA6,4105.0,Del0.8,0.77
X-1468,MAGEA8,4107.0,Del0.8,0.77
X-1468,MAGEA9B,728269.0,Del0.8,0.77
X-1468,MAGEA9B,728269.0,Del0.8,0.77
X-1468,MAGEB1,4112.0,Del0.8,0.76
X-1468,MAGEB10,139422.0,Del0.8,0.76
X-1468,MAGEB16,139604.0,Del0.8,0.76
X-1468,MAGEB18,286514.0,Del0.8,0.76
X-1468,MAGEB2,4113.0,Del0.8,0.76
X-1468,MAGEB3,4114.0,Del0.8,0.76
X-1468,MAGEB4,4115.0,Del0.8,0.76
X-1468,MAGEB6,158809.0,Del0.8,0.76
X-1468,MAGEC1,9947.0,Del0.8,0.77
X-1468,MAGEC2,51438.0,Del0.8,0.77
X-1468,MAGEC3,139081.0,Del0.8,0.77
X-1468,MAGED1,9500.0,Del0.8,0.76
X-1468,MAGED2,10916.0,Del0.8,0.76
X-1468,MAGED4B,81557.0,Del0.8,0.76
X-1468,MAGED4B,81557.0,Del0.8,0.76
X-1468,MAGEE1,57692.0,Del0.8,0.76
X-1468,MAGEE2,139599.0,Del0.8,0.76
X-1468,MAGEH1,28986.0,Del0.8,0.76
X-1468,MAGEL2,54551.0,Del0.8,0.8
X-1468,MAGIX,79917.0,MutNovel,"L31F,0.875"
X-1468,MAGIX,79917.0,Del0.8,0.76
X-1468,MAGT1,84061.0,Del0.8,0.76
X-1468,MAL2,114569.0,Amp5,5.35
X-1468,MAMLD1,10046.0,Del0.8,0.77
X-1468,MAOA,4128.0,Del0.8,0.76
X-1468,MAOB,4129.0,Del0.8,0.76
X-1468,MAP1A,4130.0,Del0.8,0.76
X-1468,MAP3K15,389840.0,Del0.8,0.76
X-1468,MAP3K8,1326.0,Amp5,6.15
X-1468,MAP7D2,256714.0,Del0.8,0.76
X-1468,MAP7D3,79649.0,Del0.8,0.77
X-1468,MAPK15,225689.0,Amp5,5.54
X-1468,MAPK3,5595.0,MutNovel,"E358D,0.253"
X-1468,MAPK6,5597.0,Del0.8,0.75
X-1468,MAPKBP1,23005.0,Del0.8,0.76
X-1468,MASTL,84930.0,Amp5,6.23
X-1468,MATN2,4147.0,Amp5,5.28
X-1468,MBL2,4153.0,Amp5,5.46
X-1468,MBNL2,10150.0,Amp8,8.82
X-1468,MBNL3,55796.0,Del0.8,0.76
X-1468,MBTPS2,51360.0,Del0.8,0.76
X-1468,MCCC2,64087.0,MutNovel,"S30L,0.800"
X-1468,MCF2,4168.0,Del0.8,0.77
X-1468,MCL1,4170.0,Amp8,21.41
X-1468,MCM10,55388.0,Amp5,6.19
X-1468,MCM4,4173.0,Amp5,5.54
X-1468,MCTS1,28985.0,Del0.8,0.76
X-1468,MECP2,4204.0,Del0.8,0.77
X-1468,MED12,9968.0,Del0.8,0.76
X-1468,MED14,9282.0,Del0.8,0.76
X-1468,MED30,90390.0,Amp5,5.35
X-1468,MEF2B,100271849.0,MutKnownFunctional,"-273,0.250"
X-1468,MEIG1,644890.0,Amp5,6.19
X-1468,MEIS2,4212.0,Del0.8,0.76
X-1468,METTL21C,196541.0,Amp8,10.48
X-1468,MFAP1,4236.0,Del0.8,0.76
X-1468,MFSD3,113655.0,Amp5,5.54
X-1468,MGA,23269.0,Del0.8,0.76
X-1468,MGC16121,84848.0,Del0.8,0.76
X-1468,MID1,4281.0,Del0.8,0.75
X-1468,MID1IP1,58526.0,Del0.8,0.76
X-1468,MID2,11043.0,Del0.8,0.75
X-1468,MIIP,60672.0,MutNovel,"L84V,0.388"
X-1468,MIR105-1,406897.0,Del0.8,0.77
X-1468,MIR105-2,406898.0,Del0.8,0.77
X-1468,MIR106A,406899.0,Del0.8,0.76
X-1468,MIR1184-1,100302111.0,Del0.8,0.77
X-1468,MIR1184-1,100302111.0,Del0.8,0.77
X-1468,MIR1204,100302185.0,Amp5,5.35
X-1468,MIR1205,100302161.0,Amp5,5.35
X-1468,MIR1206,100302170.0,Amp5,5.35
X-1468,MIR1207,100302175.0,Amp5,5.35
X-1468,MIR1208,100302281.0,Amp5,5.35
X-1468,MIR1233-1,100302160.0,Del0.8,0.76
X-1468,MIR1234,100302196.0,Amp5,5.54
X-1468,MIR124-2,406908.0,Amp5,5.21
X-1468,MIR1256,100302155.0,Del0.8,0.75
X-1468,MIR1264,100302251.0,Del0.8,0.75
X-1468,MIR1265,100302116.0,Amp5,6.19
X-1468,MIR1266,100302202.0,Del0.8,0.75
X-1468,MIR1276,100302121.0,Del0.8,0.8
X-1468,MIR1277,100302214.0,Del0.8,0.76
X-1468,MIR1282,100302254.0,Del0.8,0.76
X-1468,MIR1298,100302153.0,Del0.8,0.75
X-1468,MIR1468,100302115.0,Del0.8,0.76
X-1468,MIR147B,100126311.0,Del0.8,0.76
X-1468,MIR188,406964.0,Del0.8,0.76
X-1468,MIR18B,574033.0,Del0.8,0.76
X-1468,MIR1911,100302222.0,Del0.8,0.75
X-1468,MIR1912,100302144.0,Del0.8,0.75
X-1468,MIR1915,100302129.0,Amp5,6.23
X-1468,MIR197,406974.0,Amp8,19.84
X-1468,MIR19B2,406981.0,Del0.8,0.76
X-1468,MIR2052,100302260.0,Amp5,5.28
X-1468,MIR2053,100302225.0,Amp5,5.35
X-1468,MIR20B,574032.0,Del0.8,0.76
X-1468,MIR211,406993.0,Del0.8,0.8
X-1468,MIR2114,100313839.0,Del0.8,0.77
X-1468,MIR221,407006.0,Del0.8,0.76
X-1468,MIR222,407007.0,Del0.8,0.76
X-1468,MIR223,407008.0,Del0.8,0.76
X-1468,MIR23C,100500809.0,Del0.8,0.76
X-1468,MIR30B,407030.0,Amp5,5.35
X-1468,MIR30D,407033.0,Amp5,5.35
X-1468,MIR3150A,100422964.0,Amp5,5.28
X-1468,MIR3150B,100500907.0,Amp5,5.28
X-1468,MIR3151,100422992.0,Amp5,5.35
X-1468,MIR3155A,100422989.0,Amp5,6.19
X-1468,MIR3155B,100628560.0,Amp5,6.19
X-1468,MIR3170,100422881.0,Amp8,8.82
X-1468,MIR3202-1,100422987.0,Del0.8,0.77
X-1468,MIR3202-2,100422877.0,Del0.8,0.77
X-1468,MIR320D2,100302169.0,Del0.8,0.77
X-1468,MIR3610,100500914.0,Amp5,5.35
X-1468,MIR362,574030.0,Del0.8,0.76
X-1468,MIR363,574031.0,Del0.8,0.76
X-1468,MIR3690,100500894.0,Del0.8,0.75
X-1468,MIR374A,442919.0,Del0.8,0.76
X-1468,MIR374B,100126317.0,Del0.8,0.76
X-1468,MIR374C,100500807.0,Del0.8,0.76
X-1468,MIR378D2,100616169.0,Amp5,5.21
X-1468,MIR384,494333.0,Del0.8,0.76
X-1468,MIR3942,100500904.0,Del0.8,0.76
X-1468,MIR3945,100500818.0,Del0.8,0.18
X-1468,MIR3978,100616491.0,Del0.8,0.75
X-1468,MIR421,693122.0,Del0.8,0.76
X-1468,MIR424,494336.0,Del0.8,0.76
X-1468,MIR4257,100422997.0,Amp8,21.41
X-1468,MIR4310,100423013.0,Del0.8,0.76
X-1468,MIR4328,100422932.0,Del0.8,0.76
X-1468,MIR4329,100423009.0,Del0.8,0.75
X-1468,MIR4330,100422930.0,Del0.8,0.77
X-1468,MIR4470,100616484.0,Amp5,5.21
X-1468,MIR4471,100616451.0,Amp5,5.28
X-1468,MIR4472-1,100616268.0,Amp5,5.54
X-1468,MIR448,554212.0,Del0.8,0.75
X-1468,MIR4480,100616151.0,Amp5,6.19
X-1468,MIR4508,100616275.0,Del0.8,0.8
X-1468,MIR4509-1,100616223.0,Del0.8,0.8
X-1468,MIR4509-1,100616223.0,Del0.8,0.8
X-1468,MIR450A1,554214.0,Del0.8,0.76
X-1468,MIR450A2,574505.0,Del0.8,0.76
X-1468,MIR450B,100126302.0,Del0.8,0.76
X-1468,MIR4510,100616293.0,Del0.8,0.76
X-1468,MIR452,574412.0,Del0.8,0.77
X-1468,MIR4536-1,100616155.0,Del0.8,0.76
X-1468,MIR4661,100616245.0,Amp5,5.21
X-1468,MIR4663,100616260.0,Amp5,5.35
X-1468,MIR4664,100616318.0,Amp5,5.54
X-1468,MIR4675,100616383.0,Amp5,6.23
X-1468,MIR4712,100616396.0,Del0.8,0.75
X-1468,MIR4713,100616369.0,Del0.8,0.75
X-1468,MIR4715,100616474.0,Del0.8,0.8
X-1468,MIR4716,100616332.0,Del0.8,0.76
X-1468,MIR4767,100616467.0,Del0.8,0.75
X-1468,MIR4768,100616249.0,Del0.8,0.76
X-1468,MIR4769,100616147.0,Del0.8,0.76
X-1468,MIR4770,100616373.0,Del0.8,0.75
X-1468,MIR500A,574502.0,Del0.8,0.76
X-1468,MIR500B,100422911.0,Del0.8,0.76
X-1468,MIR501,574503.0,Del0.8,0.76
X-1468,MIR502,574504.0,Del0.8,0.76
X-1468,MIR503,574506.0,Del0.8,0.76
X-1468,MIR504,574507.0,Del0.8,0.77
X-1468,MIR505,574508.0,Del0.8,0.77
X-1468,MIR506,574511.0,Del0.8,0.77
X-1468,MIR507,574512.0,Del0.8,0.77
X-1468,MIR508,574513.0,Del0.8,0.77
X-1468,MIR509-1,574514.0,Del0.8,0.77
X-1468,MIR510,574515.0,Del0.8,0.77
X-1468,MIR511-1,574445.0,Amp5,6.19
X-1468,MIR514A1,574516.0,Del0.8,0.77
X-1468,MIR514A2,574517.0,Del0.8,0.77
X-1468,MIR514B,100422847.0,Del0.8,0.77
X-1468,MIR532,693124.0,Del0.8,0.76
X-1468,MIR542,664617.0,Del0.8,0.76
X-1468,MIR545,664614.0,Del0.8,0.76
X-1468,MIR599,693184.0,Amp5,5.28
X-1468,MIR603,693188.0,Amp5,6.23
X-1468,MIR604,693189.0,Amp5,6.23
X-1468,MIR605,693190.0,Amp8,8.06
X-1468,MIR622,693207.0,Amp5,7.11
X-1468,MIR626,693211.0,Del0.8,0.76
X-1468,MIR627,693212.0,Del0.8,0.76
X-1468,MIR651,723779.0,Del0.8,0.75
X-1468,MIR660,724030.0,Del0.8,0.76
X-1468,MIR661,724031.0,Amp5,5.54
X-1468,MIR676,100500887.0,Del0.8,0.76
X-1468,MIR718,100313781.0,Del0.8,0.77
X-1468,MIR764,100313838.0,Del0.8,0.75
X-1468,MIR766,768218.0,Del0.8,0.76
X-1468,MIR767,768215.0,Del0.8,0.77
X-1468,MIR875,100126309.0,Amp5,5.28
X-1468,MIR888,100126306.0,Del0.8,0.77
X-1468,MIR890,100126303.0,Del0.8,0.77
X-1468,MIR891A,100126341.0,Del0.8,0.77
X-1468,MIR891B,100126304.0,Del0.8,0.77
X-1468,MIR892A,100126342.0,Del0.8,0.77
X-1468,MIR892B,100126307.0,Del0.8,0.77
X-1468,MIR92A2,407049.0,Del0.8,0.76
X-1468,MIR934,100126324.0,Del0.8,0.77
X-1468,MIR937,100126338.0,Amp5,5.54
X-1468,MIR938,100126327.0,Amp5,6.23
X-1468,MIR939,100126351.0,Amp5,5.54
X-1468,MIR98,407054.0,Del0.8,0.76
X-1468,MIRLET7F2,406889.0,Del0.8,0.76
X-1468,MKRN3,7681.0,Del0.8,0.8
X-1468,MKX,283078.0,Amp5,6.23
X-1468,MLLT10,8028.0,Amp5,6.23
X-1468,MLNR,2862.0,Amp8,12.3
X-1468,MMGT1,93380.0,Del0.8,0.77
X-1468,MMP16,4325.0,Amp5,5.28
X-1468,MORC4,79710.0,Del0.8,0.75
X-1468,MORF4L2,9643.0,Del0.8,0.75
X-1468,MOS,4342.0,Amp5,5.31
X-1468,MOSPD1,56180.0,Del0.8,0.76
X-1468,MOSPD2,158747.0,Del0.8,0.75
X-1468,MPP1,4354.0,Del0.8,0.77
X-1468,MPP7,143098.0,Amp5,6.23
X-1468,MPRIP,23164.0,MutNovel,"TS178T,0.421"
X-1468,MRC1,4360.0,Amp5,6.19
X-1468,MRPL13,28998.0,Amp5,5.35
X-1468,MRPL15,29088.0,Amp5,5.31
X-1468,MRPL42P5,359821.0,Del0.8,0.76
X-1468,MRPS28,28957.0,MutNovel,"R143Q,0.472"
X-1468,MRPS28,28957.0,Amp5,5.28
X-1468,MSC,9242.0,Amp5,5.28
X-1468,MSL3,10943.0,Del0.8,0.75
X-1468,MSN,4478.0,Del0.8,0.76
X-1468,MSRB2,22921.0,Amp5,6.23
X-1468,MST4,51765.0,Del0.8,0.76
X-1468,MTBP,27085.0,Amp5,5.35
X-1468,MTCP1,4515.0,Del0.8,0.77
X-1468,MTCP1NB,100272147.0,Del0.8,0.77
X-1468,MTDH,92140.0,Amp5,5.28
X-1468,MTERFD1,51001.0,Amp5,5.28
X-1468,MTFR1,9650.0,Amp5,6.68
X-1468,MTM1,4534.0,Del0.8,0.77
X-1468,MTMR1,8776.0,Del0.8,0.77
X-1468,MTMR10,54893.0,Del0.8,0.8
X-1468,MTMR8,55613.0,Del0.8,0.76
X-1468,MTPAP,55149.0,Amp5,6.15
X-1468,MTRNR2L10,100463488.0,Del0.8,0.76
X-1468,MTRNR2L7,100288485.0,Amp5,6.19
X-1468,MTSS1,9788.0,Amp5,5.35
X-1468,MTSS1L,92154.0,MutNovel,"P509L,0.444"
X-1468,MUM1L1,139221.0,Del0.8,0.75
X-1468,MXRA5,25878.0,Del0.8,0.75
X-1468,MYBL1,4603.0,Amp5,6.68
X-1468,MYC,4609.0,Amp5,5.35
X-1468,MYEF2,50804.0,Del0.8,0.76
X-1468,MYO16,23026.0,Amp8,15.35
X-1468,MYO3A,53904.0,Amp5,6.23
X-1468,MYO5A,4644.0,Del0.8,0.75
X-1468,MYO5C,55930.0,Del0.8,0.75
X-1468,NAA10,8260.0,Del0.8,0.77
X-1468,NACAP1,83955.0,Amp5,5.28
X-1468,NAP1L2,4674.0,Del0.8,0.76
X-1468,NAP1L3,4675.0,Del0.8,0.75
X-1468,NAP1L6,645996.0,Del0.8,0.76
X-1468,NAPRT1,93100.0,Amp5,5.54
X-1468,NBEAL2,23218.0,MutNovel,"G228D,1.000"
X-1468,NBEAP1,606.0,Del0.8,0.8
X-1468,NBN,4683.0,Amp5,5.21
X-1468,NBPF7,343505.0,Amp8,17.88
X-1468,NCALD,83988.0,Amp5,5.28
X-1468,NCOA2,10499.0,Amp5,5.31
X-1468,NCRNA00185,55410.0,Del0.8,0.18
X-1468,NDN,4692.0,Del0.8,0.8
X-1468,NDNL2,56160.0,Del0.8,0.8
X-1468,NDP,4693.0,Del0.8,0.76
X-1468,NDRG1,10397.0,Amp5,5.35
X-1468,NDUFA1,4694.0,Del0.8,0.76
X-1468,NDUFAF1,51103.0,Del0.8,0.76
X-1468,NDUFB11,54539.0,Del0.8,0.76
X-1468,NDUFB9,4715.0,Amp5,5.35
X-1468,NEBL,10529.0,Amp5,6.23
X-1468,NECAB1,64168.0,Amp5,5.21
X-1468,NET1,10276.0,Amp5,6.19
X-1468,NF1P2,440225.0,Del0.8,0.8
X-1468,NGFRAP1,27018.0,Del0.8,0.75
X-1468,NHS,4810.0,Del0.8,0.76
X-1468,NHSL2,340527.0,Del0.8,0.76
X-1468,NIPA1,123606.0,Del0.8,0.8
X-1468,NIPA2,81614.0,Del0.8,0.8
X-1468,NIPAL2,79815.0,Amp5,5.28
X-1468,NIT2,56954.0,MutNovel,"R195W,0.347"
X-1468,NKAIN3,286183.0,Amp5,5.21
X-1468,NKAP,79576.0,Del0.8,0.76
X-1468,NKAPP1,158801.0,Del0.8,0.76
X-1468,NKRF,55922.0,Del0.8,0.76
X-1468,NLGN3,54413.0,Del0.8,0.76
X-1468,NLGN4X,57502.0,Del0.8,0.75
X-1468,NLGN4Y,22829.0,Del0.8,0.18
X-1468,NMB,4828.0,Del0.8,0.8
X-1468,NMT2,9397.0,Amp5,6.19
X-1468,NONO,4841.0,Del0.8,0.76
X-1468,NOP10,55505.0,Del0.8,0.76
X-1468,NOP2,4839.0,MutNovel,"RR54R,0.333"
X-1468,NOTCH2,4853.0,Amp8,8.88
X-1468,NOV,4856.0,Amp5,5.35
X-1468,NOX1,27035.0,Del0.8,0.75
X-1468,NPBWR1,2831.0,Amp5,5.31
X-1468,NPIPL3,23117.0,MutNovel,"R1105C,0.333"
X-1468,NR0B1,190.0,Del0.8,0.76
X-1468,NRBP2,340371.0,Amp5,5.54
X-1468,NRK,203447.0,Del0.8,0.75
X-1468,NRP1,8829.0,Amp5,6.19
X-1468,NSDHL,50814.0,Del0.8,0.77
X-1468,NSF,4905.0,MutNovel,"T476M,0.308"
X-1468,NSMAF,8439.0,Amp5,5.21
X-1468,NSMCE2,286053.0,Amp5,5.35
X-1468,NSUN6,221078.0,Amp5,6.19
X-1468,NUDCD1,84955.0,Amp5,5.35
X-1468,NUDT10,170685.0,Del0.8,0.76
X-1468,NUDT11,55190.0,Del0.8,0.76
X-1468,NUDT5,11164.0,Amp5,6.19
X-1468,NUP62CL,54830.0,Del0.8,0.75
X-1468,NUSAP1,51203.0,Del0.8,0.76
X-1468,NXF2,56001.0,Del0.8,0.75
X-1468,NXF2,56001.0,Del0.8,0.75
X-1468,NXF2B,728343.0,Del0.8,0.75
X-1468,NXF2B,728343.0,Del0.8,0.75
X-1468,NXF3,56000.0,Del0.8,0.75
X-1468,NXF4,55999.0,Del0.8,0.75
X-1468,NXF5,55998.0,Del0.8,0.75
X-1468,NXT2,55916.0,Del0.8,0.75
X-1468,NYX,60506.0,Del0.8,0.76
X-1468,OBP2A,29991.0,MutNovel,"F90Y,1.000"
X-1468,OC90,729330.0,Amp5,5.35
X-1468,OCA2,4948.0,Del0.8,0.8
X-1468,OCRL,4952.0,Del0.8,0.76
X-1468,ODF1,4956.0,Amp5,5.28
X-1468,ODZ1,10178.0,Del0.8,0.76
X-1468,OFD1,8481.0,Del0.8,0.75
X-1468,OGFOD1,55239.0,MutNovel,"E375Q,0.386"
X-1468,OGT,8473.0,Del0.8,0.76
X-1468,OIP5,11339.0,Del0.8,0.76
X-1468,OIP5-AS1,729082.0,Del0.8,0.76
X-1468,OLAH,55301.0,Amp5,6.19
X-1468,ONECUT1,3175.0,Del0.8,0.75
X-1468,OPHN1,4983.0,Del0.8,0.76
X-1468,OPLAH,26873.0,Amp5,5.54
X-1468,OPN1LW,5956.0,Del0.8,0.77
X-1468,OPN1MW,2652.0,Del0.8,0.77
X-1468,OPRK1,4986.0,Amp5,5.31
X-1468,OPTN,10133.0,Amp5,6.19
X-1468,OR13H1,347468.0,Del0.8,0.76
X-1468,OR4F5,79501.0,Del0.8,0.74
X-1468,OR4M2,390538.0,Del0.8,0.8
X-1468,OR4N3P,390539.0,Del0.8,0.8
X-1468,OR4N4,283694.0,Del0.8,0.8
X-1468,OR52N1,79473.0,Del0.8,0.64
X-1468,OR52N5,390075.0,Del0.8,0.17
X-1468,OR7E156P,283491.0,Amp8,20.39
X-1468,OSGIN2,734.0,Amp5,5.21
X-1468,OSR2,116039.0,Amp5,5.28
X-1468,OTC,5009.0,Del0.8,0.76
X-1468,OTUD1,220213.0,Amp5,6.23
X-1468,OTUD5,55593.0,Del0.8,0.76
X-1468,OTUD6A,139562.0,Del0.8,0.76
X-1468,OTUD6B,51633.0,Amp5,5.21
X-1468,OTUD7A,161725.0,Del0.8,0.8
X-1468,OXGR1,27199.0,Amp8,16.45
X-1468,OXR1,55074.0,Amp5,5.35
X-1468,P2RY10,27334.0,Del0.8,0.76
X-1468,P2RY4,5030.0,Del0.8,0.76
X-1468,P2RY8,286530.0,Del0.8,0.75
X-1468,PABPC1,26986.0,Amp5,5.28
X-1468,PABPC1L2A,340529.0,Del0.8,0.76
X-1468,PABPC1L2B,645974.0,Del0.8,0.76
X-1468,PABPC5,140886.0,Del0.8,0.76
X-1468,PAG1,55824.0,Amp5,5.28
X-1468,PAGE1,8712.0,Del0.8,0.76
X-1468,PAGE2,203569.0,Del0.8,0.76
X-1468,PAGE2B,389860.0,Del0.8,0.76
X-1468,PAGE3,139793.0,Del0.8,0.76
X-1468,PAGE4,9506.0,Del0.8,0.76
X-1468,PAGE5,90737.0,Del0.8,0.76
X-1468,PAK3,5063.0,Del0.8,0.75
X-1468,PAK6,56924.0,Del0.8,0.76
X-1468,PAR-SN,347746.0,Del0.8,0.8
X-1468,PAR1,145624.0,Del0.8,0.8
X-1468,PAR4,347745.0,Del0.8,0.8
X-1468,PAR5,8123.0,Del0.8,0.8
X-1468,PARD3,56288.0,Amp5,6.19
X-1468,PARG,8505.0,MutNovel,"A584T,0.500"
X-1468,PARP10,84875.0,Amp5,5.54
X-1468,PASD1,139135.0,Del0.8,0.77
X-1468,PATL2,197135.0,Del0.8,0.76
X-1468,PCAT1,100750225.0,Amp5,5.35
X-1468,PCDH11X,27328.0,Del0.8,0.75
X-1468,PCDH11Y,83259.0,Del0.8,0.18
X-1468,PCDH19,57526.0,Del0.8,0.75
X-1468,PCDHB10,56126.0,MutNovel,"G532S,0.308"
X-1468,PCMTD1,115294.0,Amp5,5.31
X-1468,PCSK1N,27344.0,Del0.8,0.76
X-1468,PCYT1B,9468.0,Del0.8,0.76
X-1468,PDE7A,5150.0,Amp5,6.68
X-1468,PDE8A,5151.0,Del0.8,0.8
X-1468,PDHA1,5160.0,Del0.8,0.76
X-1468,PDIA3,2923.0,Del0.8,0.76
X-1468,PDIA4,9601.0,MutNovel,"W554R,0.283"
X-1468,PDK3,5165.0,Del0.8,0.76
X-1468,PDP1,54704.0,Amp5,5.21
X-1468,PDSS1,23590.0,Amp5,6.23
X-1468,PDZD11,51248.0,Del0.8,0.76
X-1468,PDZD4,57595.0,Del0.8,0.77
X-1468,PENK,5179.0,Amp5,5.31
X-1468,PEX2,5828.0,Amp5,5.28
X-1468,PFKFB1,5207.0,Del0.8,0.76
X-1468,PFKFB3,5209.0,Amp5,6.19
X-1468,PFKP,5214.0,Amp5,6.06
X-1468,PGAM4,441531.0,Del0.8,0.76
X-1468,PGBD4,161779.0,Del0.8,0.76
X-1468,PGK1,5230.0,Del0.8,0.76
X-1468,PGRMC1,10857.0,Del0.8,0.76
X-1468,PHEX,5251.0,Del0.8,0.76
X-1468,PHF11,51131.0,Amp8,12.3
X-1468,PHF16,9767.0,Del0.8,0.76
X-1468,PHF20L1,51105.0,Amp5,5.35
X-1468,PHF6,84295.0,Del0.8,0.76
X-1468,PHF8,23133.0,Del0.8,0.76
X-1468,PHGDH,26227.0,Amp8,17.88
X-1468,PHGR1,644844.0,Del0.8,0.76
X-1468,PHKA1,5255.0,Del0.8,0.76
X-1468,PHKA2,5256.0,Del0.8,0.76
X-1468,PHKG1,5260.0,MutNovel,"C120R,0.600"
X-1468,PHYH,5264.0,Amp5,6.19
X-1468,PI15,51050.0,Amp5,5.28
X-1468,PIGA,5277.0,Del0.8,0.75
X-1468,PIGB,9488.0,MutNovel,"S441Y,0.217"
X-1468,PIM2,11040.0,Del0.8,0.76
X-1468,PIN4,5303.0,Del0.8,0.76
X-1468,PIP4K2A,5305.0,Amp5,6.23
X-1468,PIR,8544.0,Del0.8,0.75
X-1468,PIR-FIGF,100532742.0,Del0.8,0.75
X-1468,PITRM1,10531.0,Amp5,6.06
X-1468,PJA1,64219.0,Del0.8,0.76
X-1468,PKHD1L1,93035.0,Amp5,5.35
X-1468,PKIA,5569.0,Amp5,5.28
X-1468,PLA2G4B,100137049.0,Del0.8,0.76
X-1468,PLA2G4D,283748.0,Del0.8,0.76
X-1468,PLA2G4E,123745.0,Del0.8,0.76
X-1468,PLA2G4F,255189.0,Del0.8,0.76
X-1468,PLAC1,10761.0,Del0.8,0.76
X-1468,PLAG1,5324.0,Amp5,5.31
X-1468,PLCB2,5330.0,Del0.8,0.76
X-1468,PLCXD1,55344.0,Del0.8,0.75
X-1468,PLDN,26258.0,Del0.8,0.76
X-1468,PLEC,5339.0,Amp5,5.54
X-1468,PLEKHF2,79666.0,Amp5,5.28
X-1468,PLK5,126520.0,MutNovel,"R331C,0.750"
X-1468,PLP1,5354.0,Del0.8,0.75
X-1468,PLP2,5355.0,Del0.8,0.76
X-1468,PLS3,5358.0,Del0.8,0.75
X-1468,PLXDC2,84898.0,Amp5,6.23
X-1468,PLXNA3,55558.0,Del0.8,0.77
X-1468,PLXNB3,5365.0,Del0.8,0.77
X-1468,PMP2,5375.0,Amp5,5.28
X-1468,PNCK,139728.0,Del0.8,0.77
X-1468,PNMA3,29944.0,Del0.8,0.77
X-1468,PNMA5,114824.0,Del0.8,0.77
X-1468,PNMA6A,84968.0,Del0.8,0.77
X-1468,PNMA6A,84968.0,Del0.8,0.77
X-1468,PNMA6C,100287428.0,Del0.8,0.77
X-1468,PNMA6D,100287466.0,Del0.8,0.77
X-1468,PNMA6D,100287466.0,Del0.8,0.77
X-1468,PNPLA4,8228.0,Del0.8,0.75
X-1468,POF1B,79983.0,Del0.8,0.76
X-1468,POLA1,5422.0,Del0.8,0.76
X-1468,POLR2K,5440.0,Amp5,5.28
X-1468,POP1,10940.0,Amp5,5.28
X-1468,PORCN,64840.0,Del0.8,0.76
X-1468,POTEB,339010.0,Del0.8,0.8
X-1468,POU3F4,5456.0,Del0.8,0.76
X-1468,POU5F1B,5462.0,Amp5,5.35
X-1468,PPEF1,5475.0,Del0.8,0.76
X-1468,PPFIBP1,8496.0,MutNovel,"D218G,1.000"
X-1468,PPIP5K1,9677.0,Del0.8,0.76
X-1468,PPP1R14D,54866.0,Del0.8,0.76
X-1468,PPP1R16A,84988.0,Amp5,5.54
X-1468,PPP1R2P9,80316.0,Del0.8,0.76
X-1468,PPP1R3F,89801.0,Del0.8,0.76
X-1468,PPP1R42,286187.0,Amp5,6.68
X-1468,PPP2R3B,28227.0,Del0.8,0.75
X-1468,PPP2R3B-AS1,283981.0,Del0.8,0.75
X-1468,PQBP1,10084.0,Del0.8,0.76
X-1468,PRAF2,11230.0,Del0.8,0.76
X-1468,PRDM14,63978.0,Amp5,5.31
X-1468,PRDX4,10549.0,Del0.8,0.76
X-1468,PREX2,80243.0,Amp5,6.68
X-1468,PRICKLE3,4007.0,Del0.8,0.76
X-1468,PRKCQ,5588.0,Amp5,6.19
X-1468,PRKDC,5591.0,Amp5,5.54
X-1468,PRKG1,5592.0,Amp8,8.06
X-1468,PRKX,5613.0,Del0.8,0.75
X-1468,PRKY,5616.0,Del0.8,0.18
X-1468,PRPF18,8559.0,Amp5,6.19
X-1468,PRPS1,5631.0,Del0.8,0.75
X-1468,PRPS2,5634.0,Del0.8,0.75
X-1468,PRRG1,5638.0,Del0.8,0.76
X-1468,PRRG3,79057.0,Del0.8,0.77
X-1468,PRTFDC1,56952.0,Amp5,6.23
X-1468,PRY,9081.0,Del0.8,0.18
X-1468,PRY,9081.0,Del0.8,0.18
X-1468,PRY2,442862.0,Del0.8,0.18
X-1468,PRY2,442862.0,Del0.8,0.18
X-1468,PSCA,8000.0,Amp5,5.54
X-1468,PSKH2,85481.0,Amp5,5.28
X-1468,PSMD10,5716.0,Del0.8,0.75
X-1468,PTCHD1,139411.0,Del0.8,0.76
X-1468,PTCHD3,374308.0,Amp5,6.23
X-1468,PTDSS1,9791.0,Amp5,5.28
X-1468,PTER,9317.0,Amp5,6.19
X-1468,PTF1A,256297.0,Amp5,6.23
X-1468,PTK2,5747.0,Amp5,5.35
X-1468,PTP4A3,11156.0,Amp5,5.54
X-1468,PTPLA,9200.0,Amp5,6.19
X-1468,PTTG3P,26255.0,Amp5,6.68
X-1468,PUF60,22827.0,Amp5,5.54
X-1468,PVT1,5820.0,Amp5,5.35
X-1468,PWRN1,791114.0,Del0.8,0.8
X-1468,PWRN2,791115.0,Del0.8,0.8
X-1468,PXDNL,137902.0,Amp5,5.31
X-1468,PYCRL,65263.0,Amp5,5.54
X-1468,RAB18,22931.0,Amp5,6.23
X-1468,RAB20,55647.0,Amp8,24.25
X-1468,RAB2A,5862.0,Amp5,5.21
X-1468,RAB33A,9363.0,Del0.8,0.76
X-1468,RAB39B,116442.0,Del0.8,0.77
X-1468,RAB40A,142684.0,Del0.8,0.75
X-1468,RAB40AL,282808.0,Del0.8,0.75
X-1468,RAB41,347517.0,Del0.8,0.76
X-1468,RAB9A,9367.0,Del0.8,0.75
X-1468,RAB9B,51209.0,Del0.8,0.75
X-1468,RAD21,5885.0,Amp5,5.35
X-1468,RAD21-AS1,644660.0,Amp5,5.35
X-1468,RAD51,5888.0,Del0.8,0.76
X-1468,RAD54B,25788.0,Amp5,5.21
X-1468,RAI2,10742.0,Del0.8,0.76
X-1468,RALYL,138046.0,Amp5,5.28
X-1468,RAP1GDS1,5910.0,MutNovel,"D120N,1.000"
X-1468,RAP2A,5911.0,Amp8,8.82
X-1468,RAP2C,57826.0,Del0.8,0.76
X-1468,RASGRP1,10125.0,Del0.8,0.76
X-1468,RB1CC1,9821.0,Amp5,5.31
X-1468,RBBP7,5931.0,Del0.8,0.75
X-1468,RBM10,8241.0,Del0.8,0.76
X-1468,RBM12B,389677.0,Amp5,5.21
X-1468,RBM17,84991.0,Amp5,6.19
X-1468,RBM27,54439.0,MutNovel,"S914C,0.857"
X-1468,RBM3,5935.0,Del0.8,0.76
X-1468,RBM41,55285.0,Del0.8,0.75
X-1468,RBMX,27316.0,Del0.8,0.77
X-1468,RBMX2,51634.0,Del0.8,0.76
X-1468,RBMXL3,139804.0,Del0.8,0.75
X-1468,RBMY1A3P,286557.0,Del0.8,0.18
X-1468,RBMY1B,378948.0,Del0.8,0.18
X-1468,RBMY1B,378948.0,Del0.8,0.18
X-1468,RBMY1E,378950.0,Del0.8,0.18
X-1468,RBMY1E,378950.0,Del0.8,0.18
X-1468,RBMY1F,159163.0,Del0.8,0.18
X-1468,RBMY1F,159163.0,Del0.8,0.18
X-1468,RBMY1J,378951.0,Del0.8,0.18
X-1468,RBMY1J,378951.0,Del0.8,0.18
X-1468,RBMY2EP,159125.0,Del0.8,0.18
X-1468,RBMY2FP,159162.0,Del0.8,0.18
X-1468,RBMY3AP,64593.0,Del0.8,0.18
X-1468,RCBTB1,55213.0,Amp8,12.3
X-1468,RDH10,157506.0,Amp5,5.28
X-1468,RECQL4,9401.0,Amp5,5.54
X-1468,REG4,83998.0,Amp8,17.88
X-1468,RENBP,5973.0,Del0.8,0.77
X-1468,REREP3,646396.0,Del0.8,0.8
X-1468,RET,5979.0,Amp8,9.13
X-1468,REXO1L1,254958.0,Amp5,5.28
X-1468,REXO1L2P,100288527.0,Amp5,5.28
X-1468,REXO1L2P,100288527.0,Amp5,5.28
X-1468,RGAG1,57529.0,Del0.8,0.75
X-1468,RGAG4,340526.0,Del0.8,0.76
X-1468,RGN,9104.0,Del0.8,0.76
X-1468,RGS20,8601.0,Amp5,5.31
X-1468,RGS22,26166.0,Amp5,5.28
X-1468,RHOV,171177.0,Del0.8,0.76
X-1468,RHOXF1,158800.0,Del0.8,0.76
X-1468,RHOXF2B,727940.0,Del0.8,0.76
X-1468,RHOXF2B,727940.0,Del0.8,0.76
X-1468,RHPN1,114822.0,Amp5,5.54
X-1468,RIBC1,158787.0,Del0.8,0.76
X-1468,RIMS2,9699.0,Amp5,5.35
X-1468,RIN3,79890.0,MutNovel,"G967-,0.450"
X-1468,RIPK2,8767.0,Amp5,5.21
X-1468,RIPPLY1,92129.0,Del0.8,0.75
X-1468,RLIM,51132.0,Del0.8,0.76
X-1468,RLN2,6019.0,MutNovel,"C107Y,0.800"
X-1468,RNF113A,7737.0,Del0.8,0.76
X-1468,RNF113B,140432.0,Amp8,8.82
X-1468,RNF128,79589.0,Del0.8,0.75
X-1468,RNF139,11236.0,Amp5,5.35
X-1468,RNF19A,25897.0,Amp5,5.28
X-1468,RP1,6101.0,Amp5,5.31
X-1468,RP1-177G6.2,286411.0,Del0.8,0.77
X-1468,RP2,6102.0,Del0.8,0.76
X-1468,RPA4,29935.0,Del0.8,0.75
X-1468,RPAP1,26015.0,Del0.8,0.76
X-1468,RPGR,6103.0,Del0.8,0.76
X-1468,RPL10,6134.0,Del0.8,0.77
X-1468,RPL30,6156.0,Amp5,5.28
X-1468,RPL36A,6173.0,Del0.8,0.75
X-1468,RPL36A-HNRNPH2,100529097.0,Del0.8,0.75
X-1468,RPL39,6170.0,Del0.8,0.76
X-1468,RPL7,6129.0,Amp5,5.28
X-1468,RPL8,6132.0,Amp5,5.54
X-1468,RPP38,10557.0,Amp5,6.19
X-1468,RPRD2,23248.0,Amp8,12.47
X-1468,RPS20,6224.0,Amp5,5.31
X-1468,RPS26P11,441502.0,Del0.8,0.76
X-1468,RPS4X,6191.0,Del0.8,0.76
X-1468,RPS4Y1,6192.0,Del0.8,0.18
X-1468,RPS4Y2,140032.0,Del0.8,0.18
X-1468,RPS6KA3,6197.0,Del0.8,0.76
X-1468,RPS6KA6,27330.0,Del0.8,0.76
X-1468,RPUSD2,27079.0,Del0.8,0.76
X-1468,RRAGB,10325.0,Del0.8,0.76
X-1468,RRAGC,64121.0,MutNovel,"R396Q,0.500"
X-1468,RRM2B,50484.0,Amp5,5.28
X-1468,RRS1,23212.0,Amp5,6.68
X-1468,RS1,6247.0,Del0.8,0.76
X-1468,RSPO2,340419.0,Amp5,5.35
X-1468,RSU1,6251.0,Amp5,6.19
X-1468,RTF1,23168.0,Del0.8,0.76
X-1468,RUNX1T1,862.0,Amp5,5.21
X-1468,RYR3,6263.0,Del0.8,0.76
X-1468,S100G,795.0,Del0.8,0.75
X-1468,SAGE1,55511.0,Del0.8,0.77
X-1468,SAMD12,401474.0,Amp5,5.35
X-1468,SAMD12-AS1,552860.0,Amp5,5.35
X-1468,SASH3,54440.0,Del0.8,0.76
X-1468,SAT1,6303.0,Del0.8,0.76
X-1468,SATL1,340562.0,Del0.8,0.76
X-1468,SBF1P1,100133234.0,Amp5,5.31
X-1468,SCAND2,54581.0,Del0.8,0.8
X-1468,SCARNA23,677773.0,Del0.8,0.76
X-1468,SCARNA9L,100158262.0,Del0.8,0.76
X-1468,SCG3,29106.0,Del0.8,0.75
X-1468,SCG5,6447.0,Del0.8,0.76
X-1468,SCML1,6322.0,Del0.8,0.76
X-1468,SCML2,10389.0,Del0.8,0.76
X-1468,SCRIB,23513.0,Amp5,5.54
X-1468,SCRT1,83482.0,Amp5,5.54
X-1468,SCXA,100129885.0,Amp5,5.54
X-1468,SDC2,6383.0,Amp5,5.28
X-1468,SDCBP,6386.0,Amp5,5.21
X-1468,SDR16C5,195814.0,Amp5,5.31
X-1468,SEC11A,23478.0,Del0.8,0.8
X-1468,SEC61A2,55176.0,Amp5,6.19
X-1468,SECISBP2L,9728.0,Del0.8,0.76
X-1468,SEMA6D,80031.0,Del0.8,0.76
X-1468,SEPHS1,22929.0,Amp5,6.19
X-1468,2014-09-06 00:00:00,23157.0,Del0.8,0.76
X-1468,SEPT7L,285961.0,Amp5,6.19
X-1468,SERF2,10169.0,Del0.8,0.76
X-1468,SERF2-C15ORF63,100529067.0,Del0.8,0.76
X-1468,SERINC2,347735.0,MutNovel,"-373Q,0.694"
X-1468,SERINC4,619189.0,Del0.8,0.76
X-1468,SERPINA7,6906.0,Del0.8,0.75
X-1468,SETD2,29072.0,MutNovel,"R1592L,0.400"
X-1468,SETDB2,83852.0,Amp8,12.3
X-1468,SFMBT2,57713.0,Amp5,6.19
X-1468,SFTA1P,207107.0,Amp5,6.19
X-1468,SGK3,23678.0,Amp5,6.68
X-1468,SGMS1,259230.0,Amp8,8.17
X-1468,SH2D1A,4068.0,Del0.8,0.76
X-1468,SH3BGRL,6451.0,Del0.8,0.76
X-1468,SH3GL3,6457.0,Del0.8,0.8
X-1468,SH3KBP1,30011.0,Del0.8,0.76
X-1468,SHARPIN,81858.0,Amp5,5.54
X-1468,SHC4,399694.0,Del0.8,0.76
X-1468,SHF,90525.0,Del0.8,0.76
X-1468,SHOX,6473.0,Del0.8,0.75
X-1468,SHROOM2,357.0,Del0.8,0.75
X-1468,SHROOM4,57477.0,Del0.8,0.76
X-1468,SLA,6503.0,Amp5,5.35
X-1468,SLC10A2,6555.0,Amp8,10.48
X-1468,SLC10A3,8273.0,Del0.8,0.77
X-1468,SLC10A5,347051.0,MutNovel,"I16V,0.400"
X-1468,SLC10A5,347051.0,Amp5,5.28
X-1468,SLC12A1,6557.0,Del0.8,0.76
X-1468,SLC12A6,9990.0,Del0.8,0.76
X-1468,SLC15A1,6564.0,Amp8,8.82
X-1468,SLC16A2,6567.0,Del0.8,0.76
X-1468,SLC24A5,283652.0,Del0.8,0.76
X-1468,SLC25A14,9016.0,Del0.8,0.76
X-1468,SLC25A22,79751.0,MutNovel,"A242V,0.517"
X-1468,SLC25A32,81034.0,Amp5,5.35
X-1468,SLC25A43,203427.0,Del0.8,0.76
X-1468,SLC25A5,292.0,Del0.8,0.76
X-1468,SLC25A5-AS1,100303728.0,Del0.8,0.76
X-1468,SLC25A6,293.0,Del0.8,0.75
X-1468,SLC26A7,115111.0,Amp5,5.21
X-1468,SLC27A2,11001.0,Del0.8,0.75
X-1468,SLC28A1,9154.0,Del0.8,0.8
X-1468,SLC28A2,9153.0,Del0.8,0.76
X-1468,SLC30A4,7782.0,Del0.8,0.76
X-1468,SLC30A8,169026.0,Amp5,5.35
X-1468,SLC35A2,7355.0,Del0.8,0.76
X-1468,SLC38A5,92745.0,Del0.8,0.76
X-1468,SLC39A12,221074.0,Amp5,6.19
X-1468,SLC39A4,55630.0,Amp5,5.54
X-1468,SLC45A4,57210.0,Amp5,5.54
X-1468,SLC6A14,11254.0,Del0.8,0.76
X-1468,SLC6A8,6535.0,Del0.8,0.77
X-1468,SLC7A13,157724.0,Amp5,5.28
X-1468,SLC7A3,84889.0,Del0.8,0.76
X-1468,SLC9A6,10479.0,Del0.8,0.77
X-1468,SLC9A7,84679.0,Del0.8,0.76
X-1468,SLCO5A1,81796.0,Amp5,5.28
X-1468,SLITRK2,84631.0,Del0.8,0.77
X-1468,SLITRK4,139065.0,Del0.8,0.77
X-1468,SLITRK6,84189.0,Amp8,8.51
X-1468,SLURP1,57152.0,Amp5,5.54
X-1468,SMARCA1,6594.0,Del0.8,0.76
X-1468,SMC1A,8243.0,Del0.8,0.76
X-1468,SMEK3P,139420.0,Del0.8,0.76
X-1468,SMG1,23049.0,MutNovel,"L1397V,1.000"
X-1468,SMG1,23049.0,MutNovel,"S1379G,1.000"
X-1468,SMPX,23676.0,Del0.8,0.76
X-1468,SMS,6611.0,Del0.8,0.76
X-1468,SNAI2,6591.0,Amp5,5.54
X-1468,SNAP23,8773.0,Del0.8,0.76
X-1468,SNHG6,641638.0,Amp5,6.68
X-1468,SNORA11,677799.0,Del0.8,0.76
X-1468,SNORA11C,100124540.0,Del0.8,0.76
X-1468,SNORA11D,100124541.0,Del0.8,0.76
X-1468,SNORA11D,100124541.0,Del0.8,0.76
X-1468,SNORA11E,100124542.0,Del0.8,0.76
X-1468,SNORA11E,100124542.0,Del0.8,0.76
X-1468,SNORA35,677816.0,Del0.8,0.75
X-1468,SNORA36A,677817.0,Del0.8,0.77
X-1468,SNORA56,677835.0,Del0.8,0.77
X-1468,SNORA69,26779.0,Del0.8,0.76
X-1468,SNORA70,26778.0,Del0.8,0.77
X-1468,SNORA72,26775.0,Amp5,5.28
X-1468,SNORD109B,338429.0,Del0.8,0.8
X-1468,SNORD115-1,338433.0,Del0.8,0.8
X-1468,SNORD115-10,100033447.0,Del0.8,0.8
X-1468,SNORD115-11,100033448.0,Del0.8,0.8
X-1468,SNORD115-13,100033450.0,Del0.8,0.8
X-1468,SNORD115-14,100033451.0,Del0.8,0.8
X-1468,SNORD115-15,100033453.0,Del0.8,0.8
X-1468,SNORD115-16,100033454.0,Del0.8,0.8
X-1468,SNORD115-17,100033455.0,Del0.8,0.8
X-1468,SNORD115-2,100033437.0,Del0.8,0.8
X-1468,SNORD115-22,100033799.0,Del0.8,0.8
X-1468,SNORD115-24,100036563.0,Del0.8,0.8
X-1468,SNORD115-25,100033801.0,Del0.8,0.8
X-1468,SNORD115-26,100033802.0,Del0.8,0.8
X-1468,SNORD115-27,100036564.0,Del0.8,0.8
X-1468,SNORD115-28,100036565.0,Del0.8,0.8
X-1468,SNORD115-3,100033440.0,Del0.8,0.8
X-1468,SNORD115-30,100033804.0,Del0.8,0.8
X-1468,SNORD115-31,100033805.0,Del0.8,0.8
X-1468,SNORD115-32,100033806.0,Del0.8,0.8
X-1468,SNORD115-33,100033807.0,Del0.8,0.8
X-1468,SNORD115-35,100033809.0,Del0.8,0.8
X-1468,SNORD115-37,100033811.0,Del0.8,0.8
X-1468,SNORD115-38,100033812.0,Del0.8,0.8
X-1468,SNORD115-39,100033813.0,Del0.8,0.8
X-1468,SNORD115-4,100033441.0,Del0.8,0.8
X-1468,SNORD115-40,100033814.0,Del0.8,0.8
X-1468,SNORD115-41,100033815.0,Del0.8,0.8
X-1468,SNORD115-44,100033818.0,Del0.8,0.8
X-1468,SNORD115-45,100036566.0,Del0.8,0.8
X-1468,SNORD115-47,100036567.0,Del0.8,0.8
X-1468,SNORD115-48,100033822.0,Del0.8,0.8
X-1468,SNORD115-5,100033442.0,Del0.8,0.8
X-1468,SNORD115-6,100033443.0,Del0.8,0.8
X-1468,SNORD115-7,100033444.0,Del0.8,0.8
X-1468,SNORD115-8,100033445.0,Del0.8,0.8
X-1468,SNORD115-9,100033446.0,Del0.8,0.8
X-1468,SNORD116-1,100033413.0,Del0.8,0.8
X-1468,SNORD116-10,100033422.0,Del0.8,0.8
X-1468,SNORD116-11,100033423.0,Del0.8,0.8
X-1468,SNORD116-12,100033424.0,Del0.8,0.8
X-1468,SNORD116-13,100033425.0,Del0.8,0.8
X-1468,SNORD116-14,100033426.0,Del0.8,0.8
X-1468,SNORD116-15,100033427.0,Del0.8,0.8
X-1468,SNORD116-16,100033428.0,Del0.8,0.8
X-1468,SNORD116-18,100033430.0,Del0.8,0.8
X-1468,SNORD116-19,727708.0,Del0.8,0.8
X-1468,SNORD116-2,100033414.0,Del0.8,0.8
X-1468,SNORD116-20,100033431.0,Del0.8,0.8
X-1468,SNORD116-22,100033433.0,Del0.8,0.8
X-1468,SNORD116-23,100033434.0,Del0.8,0.8
X-1468,SNORD116-24,100033435.0,Del0.8,0.8
X-1468,SNORD116-25,100033436.0,Del0.8,0.8
X-1468,SNORD116-26,100033438.0,Del0.8,0.8
X-1468,SNORD116-27,100033439.0,Del0.8,0.8
X-1468,SNORD116-28,100033820.0,Del0.8,0.8
X-1468,SNORD116-29,100033821.0,Del0.8,0.8
X-1468,SNORD116-3,100033415.0,Del0.8,0.8
X-1468,SNORD116-4,100033416.0,Del0.8,0.8
X-1468,SNORD116-5,100033417.0,Del0.8,0.8
X-1468,SNORD116-8,100033420.0,Del0.8,0.8
X-1468,SNORD54,26795.0,Amp5,5.31
X-1468,SNORD61,26787.0,Del0.8,0.77
X-1468,SNORD87,641648.0,Amp5,6.68
X-1468,SNORD96B,692226.0,Del0.8,0.75
X-1468,SNRPN,6638.0,Del0.8,0.8
X-1468,SNTB1,6641.0,Amp5,5.35
X-1468,SNURF,8926.0,Del0.8,0.8
X-1468,SNX12,29934.0,Del0.8,0.76
X-1468,SNX16,64089.0,Amp5,5.28
X-1468,SNX31,169166.0,Amp5,5.28
X-1468,SORD,6652.0,Del0.8,0.76
X-1468,SOWAHD,347454.0,Del0.8,0.76
X-1468,SOX17,64321.0,Amp5,5.31
X-1468,SOX21,11166.0,Amp8,11.31
X-1468,SOX3,6658.0,Del0.8,0.77
X-1468,SPACA5,389852.0,Del0.8,0.76
X-1468,SPAG1,6674.0,Amp5,5.28
X-1468,SPAG17,200162.0,Amp8,22.16
X-1468,SPAG6,9576.0,Amp5,6.23
X-1468,SPANXA2,728712.0,Del0.8,0.77
X-1468,SPANXA2,728712.0,Del0.8,0.77
X-1468,SPANXA2-OT1,619455.0,Del0.8,0.77
X-1468,SPANXB1,728695.0,Del0.8,0.77
X-1468,SPANXC,64663.0,Del0.8,0.77
X-1468,SPANXN1,494118.0,Del0.8,0.77
X-1468,SPANXN2,494119.0,Del0.8,0.77
X-1468,SPANXN3,139067.0,Del0.8,0.77
X-1468,SPANXN4,441525.0,Del0.8,0.77
X-1468,SPANXN5,494197.0,Del0.8,0.76
X-1468,SPATA5L1,79029.0,Del0.8,0.76
X-1468,SPATC1,375686.0,Amp5,5.54
X-1468,SPG11,80208.0,Del0.8,0.76
X-1468,SPIN2A,54466.0,Del0.8,0.76
X-1468,SPIN2B,474343.0,Del0.8,0.76
X-1468,SPIN3,169981.0,Del0.8,0.76
X-1468,SPIN4,139886.0,Del0.8,0.76
X-1468,SPINT1,6692.0,Del0.8,0.76
X-1468,SPPL2A,84888.0,Del0.8,0.75
X-1468,SPRED1,161742.0,Del0.8,0.76
X-1468,SPRY3,10251.0,Del0.8,0.77
X-1468,SPTBN5,51332.0,Del0.8,0.76
X-1468,SQLE,6713.0,Amp5,5.35
X-1468,SQRDL,58472.0,Del0.8,0.76
X-1468,SRD5A1P1,6719.0,Del0.8,0.77
X-1468,SRP14,6727.0,Del0.8,0.76
X-1468,SRPK3,26576.0,Del0.8,0.77
X-1468,SRPX,8406.0,Del0.8,0.76
X-1468,SRPX2,27286.0,Del0.8,0.75
X-1468,SRY,6736.0,Del0.8,0.18
X-1468,SSR4,6748.0,Del0.8,0.77
X-1468,SSX1,6756.0,Del0.8,0.76
X-1468,SSX2,6757.0,Del0.8,0.76
X-1468,SSX2,6757.0,Del0.8,0.76
X-1468,SSX2B,727837.0,Del0.8,0.76
X-1468,SSX2B,727837.0,Del0.8,0.76
X-1468,SSX3,10214.0,Del0.8,0.76
X-1468,SSX4,6759.0,Del0.8,0.76
X-1468,SSX4,6759.0,Del0.8,0.76
X-1468,SSX5,6758.0,Del0.8,0.76
X-1468,SSX6,280657.0,Del0.8,0.76
X-1468,SSX7,280658.0,Del0.8,0.76
X-1468,SSX8,280659.0,Del0.8,0.76
X-1468,ST18,9705.0,Amp5,5.31
X-1468,ST3GAL1,6482.0,Amp5,5.35
X-1468,ST8SIA6,338596.0,Amp5,6.19
X-1468,STAG2,10735.0,Del0.8,0.76
X-1468,STAM,8027.0,Amp5,6.19
X-1468,STARD8,9754.0,Del0.8,0.76
X-1468,STARD9,57519.0,Del0.8,0.76
X-1468,STAU2,27067.0,Amp5,5.28
X-1468,STK24,8428.0,Amp8,8.82
X-1468,STK3,6788.0,Amp5,5.28
X-1468,STMN2,11075.0,Amp5,5.28
X-1468,STRC,161497.0,Del0.8,0.76
X-1468,STS,412.0,Del0.8,0.75
X-1468,SULF1,23213.0,Amp5,5.28
X-1468,SUV39H1,6839.0,Del0.8,0.76
X-1468,SUV39H2,79723.0,Amp5,6.19
X-1468,SVIL,6840.0,Amp5,6.23
X-1468,SYAP1,94056.0,Del0.8,0.75
X-1468,SYBU,55638.0,Amp5,5.35
X-1468,SYN1,6853.0,Del0.8,0.76
X-1468,SYP,6855.0,Del0.8,0.76
X-1468,SYTL4,94121.0,Del0.8,0.75
X-1468,SYTL5,94122.0,Del0.8,0.76
X-1468,TAB3,257397.0,Del0.8,0.76
X-1468,TAF1,6872.0,Del0.8,0.76
X-1468,TAF2,6873.0,Amp5,5.35
X-1468,TAF3,83860.0,Amp5,6.19
X-1468,TAF7L,54457.0,Del0.8,0.75
X-1468,TAF9B,51616.0,Del0.8,0.76
X-1468,TARS2,80222.0,Amp8,16.34
X-1468,TATDN1,83940.0,Amp5,5.35
X-1468,TAZ,6901.0,Del0.8,0.77
X-1468,TBC1D25,4943.0,Del0.8,0.76
X-1468,TBC1D8B,54885.0,MutNovel,"L243P,1.000"
X-1468,TBC1D8B,54885.0,Del0.8,0.75
X-1468,TBL1X,6907.0,Del0.8,0.75
X-1468,TBL1Y,90665.0,Del0.8,0.18
X-1468,TBX15,6913.0,Amp8,22.16
X-1468,TBX22,50945.0,Del0.8,0.76
X-1468,TCEA1,6917.0,Amp5,5.31
X-1468,TCEAL1,9338.0,Del0.8,0.75
X-1468,TCEAL2,140597.0,Del0.8,0.75
X-1468,TCEAL3,85012.0,Del0.8,0.75
X-1468,TCEAL4,79921.0,Del0.8,0.75
X-1468,TCEAL5,340543.0,Del0.8,0.75
X-1468,TCEAL6,158931.0,Del0.8,0.75
X-1468,TCEAL7,56849.0,Del0.8,0.75
X-1468,TCEAL8,90843.0,Del0.8,0.75
X-1468,TCEANC,170082.0,Del0.8,0.75
X-1468,TCEB1,6921.0,Amp5,5.28
X-1468,TCF24,100129654.0,Amp5,6.68
X-1468,TCF3,6929.0,MutNovel,"SS294S,0.237"
X-1468,TDGF1P3,6998.0,Del0.8,0.75
X-1468,TERF1,7013.0,Amp5,5.28
X-1468,TEX11,56159.0,Del0.8,0.76
X-1468,TEX13A,56157.0,Del0.8,0.75
X-1468,TEX13B,56156.0,Del0.8,0.75
X-1468,TEX28,1527.0,Del0.8,0.77
X-1468,TFDP3,51270.0,Del0.8,0.76
X-1468,TFE3,7030.0,Del0.8,0.76
X-1468,TG,7038.0,Amp5,5.35
X-1468,TGDS,23483.0,Amp8,11.31
X-1468,TGIF2LX,90316.0,Del0.8,0.76
X-1468,TGIF2LY,90655.0,Del0.8,0.18
X-1468,TGM5,9333.0,Del0.8,0.76
X-1468,TGM7,116179.0,Del0.8,0.76
X-1468,TGS1,96764.0,Amp5,5.31
X-1468,THBS1,7057.0,Del0.8,0.76
X-1468,THNSL1,79896.0,Amp5,6.23
X-1468,THOC2,57187.0,Del0.8,0.76
X-1468,TIGD5,84948.0,Amp5,5.54
X-1468,TIMM17B,10245.0,Del0.8,0.76
X-1468,TIMM8A,1678.0,Del0.8,0.75
X-1468,TIMP1,7076.0,Del0.8,0.76
X-1468,TJP1,7082.0,Del0.8,0.8
X-1468,TKTL1,8277.0,Del0.8,0.77
X-1468,TLR7,51284.0,Del0.8,0.75
X-1468,TLR8,51311.0,Del0.8,0.75
X-1468,TLR8-AS1,349408.0,Del0.8,0.75
X-1468,TM6SF1,53346.0,Del0.8,0.8
X-1468,TMCO5A,145942.0,Del0.8,0.76
X-1468,TMED10P1,286102.0,Amp5,5.54
X-1468,TMEM164,84187.0,Del0.8,0.75
X-1468,TMEM184A,202915.0,MutNovel,"G392GA,0.735"
X-1468,TMEM185A,84548.0,Del0.8,0.77
X-1468,TMEM187,8269.0,Del0.8,0.77
X-1468,TMEM236,653567.0,Amp5,6.19
X-1468,TMEM27,57393.0,Del0.8,0.75
X-1468,TMEM31,203562.0,Del0.8,0.75
X-1468,TMEM35,59353.0,Del0.8,0.75
X-1468,TMEM47,83604.0,Del0.8,0.76
X-1468,TMEM55A,55529.0,Amp5,5.21
X-1468,TMEM62,80021.0,Del0.8,0.76
X-1468,TMEM64,169200.0,Amp5,5.21
X-1468,TMEM65,157378.0,Amp5,5.35
X-1468,TMEM67,91147.0,Amp5,5.21
X-1468,TMEM68,137695.0,Amp5,5.31
X-1468,TMEM70,54968.0,Amp5,5.28
X-1468,TMEM71,137835.0,Amp5,5.35
X-1468,TMEM74,157753.0,Amp5,5.35
X-1468,TMEM87A,25963.0,Del0.8,0.76
X-1468,TMLHE,55217.0,Del0.8,0.77
X-1468,TMOD2,29767.0,Del0.8,0.75
X-1468,TMOD3,29766.0,Del0.8,0.75
X-1468,TMSB15A,11013.0,Del0.8,0.75
X-1468,TMSB15B,286527.0,Del0.8,0.75
X-1468,TMSB4X,7114.0,Del0.8,0.75
X-1468,TMSB4Y,9087.0,Del0.8,0.18
X-1468,TNFAIP8L3,388121.0,Del0.8,0.75
X-1468,TNFRSF11B,4982.0,Amp5,5.35
X-1468,TNFSF13B,10673.0,Amp8,15.35
X-1468,TNMD,64102.0,Del0.8,0.75
X-1468,TONSL,4796.0,Amp5,5.54
X-1468,TOP1MT,116447.0,Amp5,5.54
X-1468,TOX,9760.0,Amp5,5.21
X-1468,TP53,7157.0,MutLikelyFunctional,"G266R,0.840"
X-1468,TP53BP1,7158.0,Del0.8,0.76
X-1468,TP53INP1,94241.0,Amp5,5.28
X-1468,TPD52,7163.0,Amp5,5.28
X-1468,TRAM1,23471.0,Amp5,5.31
X-1468,TRAPPC2,6399.0,Del0.8,0.75
X-1468,TRAPPC9,83696.0,Amp5,5.35
X-1468,TRDMT1,1787.0,Amp5,6.19
X-1468,TREX2,11219.0,Del0.8,0.77
X-1468,TRHR,7201.0,Amp5,5.35
X-1468,TRIB1,10221.0,Amp5,5.35
X-1468,TRIM55,84675.0,Amp5,6.68
X-1468,TRIM69,140691.0,Del0.8,0.76
X-1468,TRMT12,55039.0,Amp5,5.35
X-1468,TRMT2B,79979.0,Del0.8,0.75
X-1468,TRO,7216.0,Del0.8,0.76
X-1468,TRPA1,8989.0,Amp5,5.28
X-1468,TRPC5,7224.0,Del0.8,0.75
X-1468,TRPM1,4308.0,Del0.8,0.8
X-1468,TRPM7,54822.0,Del0.8,0.75
X-1468,TRPS1,7227.0,Amp5,5.35
X-1468,TSC22D3,1831.0,Del0.8,0.75
X-1468,TSIX,9383.0,Del0.8,0.76
X-1468,TSNARE1,203062.0,Amp5,5.54
X-1468,TSPAN6,7105.0,Del0.8,0.75
X-1468,TSPAN7,7102.0,Del0.8,0.76
X-1468,TSPY1,7258.0,Del0.8,0.18
X-1468,TSPY2,64591.0,Del0.8,0.18
X-1468,TSPY3,728137.0,Del0.8,0.18
X-1468,TSPY4,728395.0,Del0.8,0.18
X-1468,TSPY8,728403.0,Del0.8,0.18
X-1468,TSPYL2,64061.0,Del0.8,0.76
X-1468,TSPYL5,85453.0,Amp5,5.28
X-1468,TSR2,90121.0,Del0.8,0.76
X-1468,TSTA3,7264.0,Amp5,5.54
X-1468,TTBK2,146057.0,Del0.8,0.76
X-1468,TTC3P1,286495.0,Del0.8,0.76
X-1468,TTPA,7274.0,Amp5,5.21
X-1468,TTTY10,246119.0,Del0.8,0.18
X-1468,TTTY11,83866.0,Del0.8,0.18
X-1468,TTTY12,83867.0,Del0.8,0.18
X-1468,TTTY13,83868.0,Del0.8,0.18
X-1468,TTTY14,83869.0,Del0.8,0.18
X-1468,TTTY15,64595.0,Del0.8,0.18
X-1468,TTTY16,252948.0,Del0.8,0.18
X-1468,TTTY17A,252949.0,Del0.8,0.18
X-1468,TTTY17A,252949.0,Del0.8,0.18
X-1468,TTTY18,252950.0,Del0.8,0.18
X-1468,TTTY19,252952.0,Del0.8,0.18
X-1468,TTTY1B,100101116.0,Del0.8,0.18
X-1468,TTTY1B,100101116.0,Del0.8,0.18
X-1468,TTTY2,60439.0,Del0.8,0.18
X-1468,TTTY2,60439.0,Del0.8,0.18
X-1468,TTTY20,252951.0,Del0.8,0.18
X-1468,TTTY21,252953.0,Del0.8,0.18
X-1468,TTTY21,252953.0,Del0.8,0.18
X-1468,TTTY22,252954.0,Del0.8,0.18
X-1468,TTTY23,252955.0,Del0.8,0.18
X-1468,TTTY23,252955.0,Del0.8,0.18
X-1468,TTTY3,114760.0,Del0.8,0.18
X-1468,TTTY3,114760.0,Del0.8,0.18
X-1468,TTTY4,114761.0,Del0.8,0.18
X-1468,TTTY4,114761.0,Del0.8,0.18
X-1468,TTTY5,83863.0,Del0.8,0.18
X-1468,TTTY6,84672.0,Del0.8,0.18
X-1468,TTTY6,84672.0,Del0.8,0.18
X-1468,TTTY7,246122.0,Del0.8,0.18
X-1468,TTTY7,246122.0,Del0.8,0.18
X-1468,TTTY7B,100101120.0,Del0.8,0.18
X-1468,TTTY7B,100101120.0,Del0.8,0.18
X-1468,TTTY8,84673.0,Del0.8,0.18
X-1468,TTTY8,84673.0,Del0.8,0.18
X-1468,TTTY9A,83864.0,Del0.8,0.18
X-1468,TTTY9A,83864.0,Del0.8,0.18
X-1468,TUBAL3,79861.0,Amp5,6.19
X-1468,TUBB2B,347733.0,MutNovel,"E410K,0.429"
X-1468,TUBB8,347688.0,Amp5,6.06
X-1468,TUBGCP4,27229.0,Del0.8,0.76
X-1468,TUBGCP5,114791.0,Del0.8,0.8
X-1468,TXLNG,55787.0,Del0.8,0.75
X-1468,TXLNG2P,246126.0,Del0.8,0.18
X-1468,TYRO3,7301.0,Del0.8,0.76
X-1468,UBA1,7317.0,Del0.8,0.76
X-1468,UBE2A,7319.0,Del0.8,0.76
X-1468,UBE2DNL,100131816.0,Del0.8,0.76
X-1468,UBE2NL,389898.0,Del0.8,0.77
X-1468,UBE2Q2P1,388165.0,Del0.8,0.8
X-1468,UBE2V2,7336.0,Amp5,5.54
X-1468,UBE2W,55284.0,Amp5,5.28
X-1468,UBE3A,7337.0,Del0.8,0.8
X-1468,UBFD1,56061.0,MutNovel,"A169T,0.640"
X-1468,UBL4A,8266.0,Del0.8,0.77
X-1468,UBQLN2,29978.0,Del0.8,0.76
X-1468,UBR1,197131.0,Del0.8,0.76
X-1468,UBR5,51366.0,Amp5,5.28
X-1468,UBXN2B,137886.0,Amp5,5.21
X-1468,UCMA,221044.0,Amp5,6.19
X-1468,UCN3,114131.0,Amp5,6.19
X-1468,UG0898H09,643763.0,Amp5,5.21
X-1468,UGGT2,55757.0,Amp8,11.31
X-1468,ULK4P1,89838.0,Del0.8,0.8
X-1468,ULK4P3,89837.0,Del0.8,0.8
X-1468,UNC13C,440279.0,Del0.8,0.75
X-1468,UPF2,26019.0,Amp5,6.19
X-1468,UPF3B,65109.0,Del0.8,0.76
X-1468,UPRT,139596.0,Del0.8,0.76
X-1468,UQCRB,7381.0,Amp5,5.28
X-1468,UQCRBP1,442454.0,Del0.8,0.76
X-1468,USP11,8237.0,Del0.8,0.76
X-1468,USP26,83844.0,Del0.8,0.76
X-1468,USP27X,389856.0,Del0.8,0.76
X-1468,USP36,57602.0,MutNovel,"KKK958K,0.242"
X-1468,USP50,373509.0,Del0.8,0.75
X-1468,USP51,158880.0,Del0.8,0.76
X-1468,USP6NL,9712.0,Amp5,6.19
X-1468,USP8,9101.0,Del0.8,0.75
X-1468,USP9X,8239.0,Del0.8,0.76
X-1468,USP9Y,8287.0,Del0.8,0.18
X-1468,UTP14A,10813.0,Del0.8,0.76
X-1468,UTP23,84294.0,Amp5,5.35
X-1468,UTY,7404.0,Del0.8,0.18
X-1468,UXT,8409.0,Del0.8,0.76
X-1468,VAMP7,6845.0,Del0.8,0.77
X-1468,VBP1,7411.0,Del0.8,0.77
X-1468,VCPIP1,80124.0,Amp5,6.68
X-1468,VCX,26609.0,Del0.8,0.75
X-1468,VCX2,51480.0,Del0.8,0.75
X-1468,VCX3A,51481.0,Del0.8,0.75
X-1468,VCX3B,425054.0,Del0.8,0.75
X-1468,VCY,9084.0,Del0.8,0.18
X-1468,VCY,9084.0,Del0.8,0.18
X-1468,VENTXP1,139538.0,Del0.8,0.76
X-1468,VGLL1,51442.0,Del0.8,0.77
X-1468,VIM,7431.0,Amp5,6.19
X-1468,VMA21,203547.0,Del0.8,0.77
X-1468,VPS13B,157680.0,Amp5,5.28
X-1468,VPS18,57617.0,Del0.8,0.76
X-1468,VPS28,51160.0,Amp5,5.54
X-1468,VPS39,23339.0,Del0.8,0.76
X-1468,VSIG1,340547.0,Del0.8,0.75
X-1468,VSIG4,11326.0,Del0.8,0.76
X-1468,WAC,51322.0,Amp5,6.23
X-1468,WARS2,10352.0,Amp8,22.16
X-1468,WAS,7454.0,Del0.8,0.76
X-1468,WBP5,51186.0,Del0.8,0.75
X-1468,WDR13,64743.0,Del0.8,0.76
X-1468,WDR3,10885.0,Amp8,22.16
X-1468,WDR37,22884.0,Amp5,6.06
X-1468,WDR44,54521.0,Del0.8,0.76
X-1468,WDR45,11152.0,Del0.8,0.76
X-1468,WDR67,93594.0,Amp5,5.35
X-1468,WDR72,256764.0,Del0.8,0.75
X-1468,WDR73,84942.0,Del0.8,0.8
X-1468,WDR76,79968.0,Del0.8,0.76
X-1468,WDYHV1,55093.0,Amp5,5.35
X-1468,WHAMMP2,440253.0,Del0.8,0.8
X-1468,WHAMMP3,339005.0,Del0.8,0.8
X-1468,WISP1,8840.0,Amp5,5.35
X-1468,WNK3,65267.0,Del0.8,0.76
X-1468,WWC3,55841.0,Del0.8,0.75
X-1468,WWP1,11059.0,Amp5,5.28
X-1468,XAGE1A,653219.0,Del0.8,0.76
X-1468,XAGE1A,653219.0,Del0.8,0.76
X-1468,XAGE1C,653048.0,Del0.8,0.76
X-1468,XAGE1C,653048.0,Del0.8,0.76
X-1468,XAGE2,9502.0,Del0.8,0.76
X-1468,XAGE2,9502.0,Del0.8,0.76
X-1468,XAGE3,170626.0,Del0.8,0.76
X-1468,XAGE5,170627.0,Del0.8,0.76
X-1468,XG,7499.0,Del0.8,0.75
X-1468,XGPY2,100132596.0,Del0.8,0.75
X-1468,XIAP,331.0,Del0.8,0.76
X-1468,XIST,7503.0,Del0.8,0.76
X-1468,XK,7504.0,Del0.8,0.76
X-1468,XKR4,114786.0,Amp5,5.31
X-1468,XKR9,389668.0,Amp5,5.31
X-1468,XKRX,402415.0,Del0.8,0.75
X-1468,XKRY2,353515.0,Del0.8,0.18
X-1468,XKRY2,353515.0,Del0.8,0.18
X-1468,XPNPEP2,7512.0,Del0.8,0.76
X-1468,YIPF6,286451.0,Del0.8,0.76
X-1468,YME1L1,10730.0,Amp5,6.23
X-1468,YTHDF3,253943.0,Amp5,5.21
X-1468,YWHAZ,7534.0,Amp5,5.28
X-1468,YY2,404281.0,Del0.8,0.76
X-1468,ZBED1,9189.0,Del0.8,0.75
X-1468,ZBTB10,65986.0,Amp5,5.28
X-1468,ZBTB33,10009.0,Del0.8,0.76
X-1468,ZC3H12B,340554.0,Del0.8,0.76
X-1468,ZC3H3,23144.0,Amp5,5.54
X-1468,ZC4H2,55906.0,Del0.8,0.76
X-1468,ZCCHC12,170261.0,Del0.8,0.76
X-1468,ZCCHC13,389874.0,Del0.8,0.76
X-1468,ZCCHC16,340595.0,Del0.8,0.75
X-1468,ZCCHC18,644353.0,Del0.8,0.75
X-1468,ZCCHC5,203430.0,Del0.8,0.76
X-1468,ZDHHC11,79844.0,MutNovel,"A303D,0.250"
X-1468,ZDHHC15,158866.0,Del0.8,0.76
X-1468,ZDHHC9,51114.0,Del0.8,0.76
X-1468,ZEB1,6935.0,Amp5,6.15
X-1468,ZEB1-AS1,220930.0,Amp5,6.15
X-1468,ZFAND1,79752.0,Amp5,5.28
X-1468,ZFAT,57623.0,Amp5,5.35
X-1468,ZFAT-AS1,594840.0,Amp5,5.35
X-1468,ZFHX4,79776.0,Amp5,5.28
X-1468,ZFP106,64397.0,Del0.8,0.76
X-1468,ZFP41,286128.0,Amp5,5.54
X-1468,ZFP92,139735.0,Del0.8,0.77
X-1468,ZFPM2,23414.0,Amp5,5.35
X-1468,ZFX,7543.0,Del0.8,0.76
X-1468,ZFY,7544.0,Del0.8,0.18
X-1468,ZFYVE19,84936.0,Del0.8,0.76
X-1468,ZGPAT,84619.0,MutNovel,"L305P,0.944"
X-1468,ZHX1,11244.0,Amp5,5.35
X-1468,ZHX1-C8ORF76,100533106.0,Amp5,5.35
X-1468,ZHX2,22882.0,Amp5,5.35
X-1468,ZIC1,7545.0,MutNovel,"K281R,0.273"
X-1468,ZIC3,7547.0,Del0.8,0.77
X-1468,ZMAT1,84460.0,Del0.8,0.75
X-1468,ZMYM3,9203.0,Del0.8,0.76
X-1468,ZMYND11,10771.0,Amp5,6.06
X-1468,ZNF157,7712.0,Del0.8,0.76
X-1468,ZNF16,7564.0,Amp5,5.54
X-1468,ZNF182,7569.0,Del0.8,0.76
X-1468,ZNF185,7739.0,Del0.8,0.77
X-1468,ZNF248,57209.0,Amp5,6.19
X-1468,ZNF25,219749.0,Amp5,6.19
X-1468,ZNF250,58500.0,Amp5,5.54
X-1468,ZNF251,90987.0,Amp5,5.54
X-1468,ZNF275,10838.0,Del0.8,0.77
X-1468,ZNF280C,55609.0,Del0.8,0.76
X-1468,ZNF33A,7581.0,Amp5,6.19
X-1468,ZNF33B,7582.0,Amp8,11.08
X-1468,ZNF34,80778.0,Amp5,5.54
X-1468,ZNF37A,7587.0,Amp5,6.19
X-1468,ZNF37BP,100129482.0,Amp8,9
X-1468,ZNF41,7592.0,Del0.8,0.76
X-1468,ZNF438,220929.0,Amp5,6.15
X-1468,ZNF449,203523.0,Del0.8,0.76
X-1468,ZNF517,340385.0,Amp5,5.54
X-1468,ZNF572,137209.0,Amp5,5.35
X-1468,ZNF592,9640.0,Del0.8,0.8
X-1468,ZNF623,9831.0,Amp5,5.54
X-1468,ZNF628,89887.0,MutNovel,"V936M,0.347"
X-1468,ZNF630,57232.0,Del0.8,0.76
X-1468,ZNF645,158506.0,Del0.8,0.76
X-1468,ZNF673,55634.0,Del0.8,0.76
X-1468,ZNF674,641339.0,Del0.8,0.76
X-1468,ZNF696,79943.0,Amp5,5.54
X-1468,ZNF697,90874.0,Amp8,17.88
X-1468,ZNF7,7553.0,Amp5,5.54
X-1468,ZNF704,619279.0,Amp5,5.28
X-1468,ZNF706,51123.0,Amp5,5.28
X-1468,ZNF707,286075.0,Amp5,5.54
X-1468,ZNF711,7552.0,Del0.8,0.76
X-1468,ZNF75D,7626.0,Del0.8,0.76
X-1468,ZNF770,54989.0,Del0.8,0.76
X-1468,ZNF81,347344.0,Del0.8,0.76
X-1468,ZRSR2,8233.0,Del0.8,0.75
X-1468,ZSCAN2,54993.0,Del0.8,0.8
X-1468,ZSCAN29,146050.0,Del0.8,0.76
X-1468,ZSCAN30,100101467.0,MutNovel,"S342P,0.222"
X-1468,ZXDA,7789.0,Del0.8,0.76
X-1468,ZXDB,158586.0,Del0.8,0.76
X-1543,AAK1,22848.0,MutNovel,"L728P,0.216"
X-1543,AARS2,57505.0,Amp5,5.43
X-1543,ABCC10,89845.0,Amp5,5.43
X-1543,ABCF1,23.0,Amp5,6.41
X-1543,ABHD16A,7920.0,Amp5,6.5
X-1543,ABI1,10006.0,MutNovel,"F43L,0.333"
X-1543,ABRA,137735.0,Amp5,6.41
X-1543,ACAN,176.0,MutNovel,"A1232T,0.800"
X-1543,ACAN,176.0,MutNovel,"E1409D,0.468"
X-1543,ACBD3,64746.0,MutNovel,"R78C,0.232"
X-1543,ADCK5,203054.0,Amp5,6.28
X-1543,ADHFE1,137872.0,Amp5,6.32
X-1543,AGAP7,653268.0,MutNovel,"H114R,1.000"
X-1543,AGPAT5,55326.0,Del0.8,0.77
X-1543,AHNAK,79026.0,MutNovel,"D3064Y,0.713"
X-1543,AIF1,199.0,Amp5,6.5
X-1543,AKD1,221264.0,Del0.8,0.73
X-1543,ALG10B,144245.0,MutNovel,"F326L,0.414"
X-1543,AMD1,262.0,Del0.8,0.73
X-1543,AMELY,266.0,Del0.8,0.21
X-1543,ANGPT1,284.0,Amp5,6.41
X-1543,ANGPT2,285.0,Del0.8,0.77
X-1543,ANKRD18B,441459.0,MutNovel,"Q320E,1.000"
X-1543,ANKRD18B,441459.0,MutNovel,"E331V,1.000"
X-1543,ANKRD18B,441459.0,MutNovel,"F333Y,1.000"
X-1543,ANKRD18B,441459.0,MutNovel,"F336Y,1.000"
X-1543,ANKRD20A1,,MutNovel,"V295I,0.400"
X-1543,ANKRD20A1,,MutNovel,"N322D,0.375"
X-1543,ANKRD20A4,728747.0,MutNovel,"M646R,0.229"
X-1543,ANKRD36,375248.0,MutNovel,"T998S,0.202"
X-1543,ANKRD46,157567.0,Amp5,6.41
X-1543,ANXA13,312.0,Amp5,6.73
X-1543,APOBEC2,10930.0,Amp5,5.24
X-1543,APOM,55937.0,Amp5,6.5
X-1543,ARC,23237.0,Amp5,6.28
X-1543,ARFGEF1,10565.0,Amp5,6.32
X-1543,ARHGAP21,57584.0,MutNovel,"S147G,0.638"
X-1543,ARHGAP31,57514.0,MutNovel,"HLG1049-,0.510"
X-1543,ARHGAP32,9743.0,MutNovel,"E1960G,0.208"
X-1543,ARHGAP39,80728.0,Amp5,6.28
X-1543,ARMC1,55156.0,Amp5,6.32
X-1543,ARMC2,84071.0,Del0.8,0.73
X-1543,ASAP1,50807.0,Amp5,6.73
X-1543,ASAP1-IT1,29065.0,Amp5,6.73
X-1543,ASF1A,25842.0,Del0.8,0.74
X-1543,ASPH,444.0,Amp5,6.32
X-1543,ATAD2,29028.0,Amp5,6.73
X-1543,ATAT1,79969.0,Amp5,6.41
X-1543,ATP6V0D2,245972.0,Amp5,6.19
X-1543,ATP6V1C1,528.0,Amp5,6.41
X-1543,ATP6V1G2,534.0,Amp5,6.5
X-1543,ATP6V1G2-DDX39B,100532737.0,Amp5,6.5
X-1543,ATP6V1H,51606.0,Amp5,6.45
X-1543,AZIN1,51582.0,Amp5,6.41
X-1543,B4GALT1,2683.0,MutNovel,"K348E,0.566"
X-1543,BAALC,79870.0,Amp5,6.41
X-1543,BAG6,7917.0,Amp5,6.5
X-1543,BAI1,575.0,Amp5,6.28
X-1543,BAZ1B,9031.0,MutNovel,"M372I,0.308"
X-1543,BCORP1,286554.0,Del0.8,0.21
X-1543,BDP1,55814.0,MutNovel,"R1679S,0.978"
X-1543,BET3L,100128327.0,Del0.8,0.74
X-1543,BHLHE22,27319.0,Amp5,6.32
X-1543,BLK,640.0,Del0.8,0.78
X-1543,BOP1,23246.0,Amp5,6.28
X-1543,BPTF,2186.0,MutNovel,"F194V,0.217"
X-1543,BPTF,2186.0,MutNovel,"S198G,0.261"
X-1543,BPY2B,442867.0,Del0.8,0.21
X-1543,BPY2B,442867.0,Del0.8,0.21
X-1543,BRD7P3,23629.0,Del0.8,0.74
X-1543,BREA2,286076.0,Amp5,6.28
X-1543,C12orf45,121053.0,MutNovel,"I46T,0.400"
X-1543,C15orf39,56905.0,MutNovel,"M14V,1.000"
X-1543,C5orf42,65250.0,MutNovel,"D2502G,0.929"
X-1543,C5orf42,65250.0,Del0.8,0.74
X-1543,C6orf108,10591.0,Amp5,5.43
X-1543,C6orf130,221443.0,Amp5,5.24
X-1543,C6orf136,221545.0,Amp5,6.41
X-1543,C6orf15,29113.0,Amp5,6.41
X-1543,C6orf170,221322.0,Del0.8,0.74
X-1543,C6orf223,221416.0,Amp5,5.43
X-1543,C6orf225,619208.0,Del0.8,0.74
X-1543,C6orf47,57827.0,Amp5,6.5
X-1543,C8orf12,83656.0,Del0.8,0.78
X-1543,C8orf22,492307.0,Amp5,6.45
X-1543,C8orf31,286122.0,Amp5,6.28
X-1543,C8orf33,65265.0,Amp8,9.38
X-1543,C8orf34,116328.0,Amp5,6.32
X-1543,C8orf37,157657.0,Amp5,6.41
X-1543,C8orf44,56260.0,Amp5,6.32
X-1543,C8orf44-SGK3,100533105.0,Amp5,6.32
X-1543,C8orf46,254778.0,Amp5,6.32
X-1543,C8orf47,203111.0,Amp5,6.41
X-1543,C8orf56,157556.0,Amp5,6.41
X-1543,C8orf59,401466.0,Amp5,6.19
X-1543,C8orf73,642475.0,Amp5,6.28
X-1543,C8orf74,203076.0,Del0.8,0.78
X-1543,C8orf76,84933.0,Amp5,6.73
X-1543,C8orf82,414919.0,Amp5,6.28
X-1543,C9orf91,203197.0,MutNovel,"L229F,0.721"
X-1543,CA1,759.0,Amp5,6.19
X-1543,CA13,377677.0,Amp5,6.19
X-1543,CA2,760.0,Amp5,6.19
X-1543,CA3,761.0,Amp5,6.19
X-1543,CA8,767.0,Amp5,6.45
X-1543,CACNA2D2,9254.0,MutNovel,"L115F,0.429"
X-1543,CALB1,793.0,Amp5,6.19
X-1543,CAPN11,11131.0,Amp5,5.43
X-1543,CAT,847.0,Amp5,5.58
X-1543,CCDC144B,284047.0,Del0.8,0.76
X-1543,CCDC162P,221262.0,Del0.8,0.73
X-1543,CCDC166,100130274.0,Amp5,6.28
X-1543,CCHCR1,54535.0,Amp5,6.41
X-1543,CCNE2,9134.0,Amp5,5.1
X-1543,CCRL1,51554.0,MutKnownFunctional,"-287,0.667"
X-1543,CCSAP,,MutNovel,"P54R,0.359"
X-1543,CD164,8763.0,Del0.8,0.73
X-1543,CDC40,51362.0,Del0.8,0.73
X-1543,CDC5L,988.0,Amp5,5.43
X-1543,CDH17,1015.0,Amp5,6.19
X-1543,CDK19,23097.0,Del0.8,0.73
X-1543,CDKAL1,54901.0,Amp5,5.28
X-1543,CDSN,1041.0,Amp5,6.41
X-1543,CDY1B,253175.0,Del0.8,0.21
X-1543,CDY1B,253175.0,Del0.8,0.21
X-1543,CDY2A,9426.0,Del0.8,0.21
X-1543,CDY2A,9426.0,Del0.8,0.21
X-1543,CDY2B,203611.0,Del0.8,0.21
X-1543,CDY2B,203611.0,Del0.8,0.21
X-1543,CEBPB,1051.0,Amp5,7.26
X-1543,CEBPD,1052.0,Amp5,6.45
X-1543,CEP57L1,285753.0,Del0.8,0.73
X-1543,CEP85L,387119.0,Del0.8,0.74
X-1543,CFHR1,3078.0,Amp5,6.77
X-1543,CFHR3,10878.0,Amp5,6.5
X-1543,CHCHD7,79145.0,Amp5,6.45
X-1543,CHCHD8,51287.0,MutNovel,"R14Q,0.523"
X-1543,CHD7,55636.0,Amp5,6.45
X-1543,CHD8,57680.0,MutNovel,"R1188Q,1.000"
X-1543,CHMP4C,92421.0,Amp5,6.28
X-1543,CHRAC1,54108.0,Amp5,6.06
X-1543,CLDN23,137075.0,Del0.8,0.76
X-1543,CLVS1,157807.0,Amp5,6.32
X-1543,CLVS2,134829.0,Del0.8,0.74
X-1543,CNBD1,168975.0,Amp5,6.19
X-1543,CNGB3,54714.0,Amp5,6.19
X-1543,CNTNAP3B,728577.0,MutNovel,"G1163D,1.000"
X-1543,COL10A1,1300.0,Del0.8,0.74
X-1543,COL14A1,7373.0,Amp5,6.73
X-1543,COL1A1,1277.0,MutNovel,"K1321E,0.355"
X-1543,COL22A1,169044.0,Amp5,6.06
X-1543,COLEC10,10584.0,Amp5,6.73
X-1543,COMMD5,28991.0,Amp5,6.28
X-1543,COPS3,8533.0,MutNovel,"A4P,0.996"
X-1543,COPS5,10987.0,Amp5,6.32
X-1543,COX6C,1345.0,Amp5,6.41
X-1543,CPA6,57094.0,Amp5,6.32
X-1543,CPNE3,8895.0,Amp5,6.19
X-1543,CPSF1,29894.0,Amp5,6.28
X-1543,CRH,1392.0,Amp5,6.32
X-1543,CRIP3,401262.0,Amp5,5.43
X-1543,CRIPAK,285464.0,MutNovel,"V164A,0.522"
X-1543,CRISPLD1,83690.0,Amp5,6.28
X-1543,CRLF1,9244.0,MutNovel,"LL25L,0.458"
X-1543,CSMD3,114788.0,Amp5,6.73
X-1543,CSNK2B,1460.0,Amp5,6.5
X-1543,CSPG4P1Y,114758.0,Del0.8,0.21
X-1543,CSPG4P1Y,114758.0,Del0.8,0.21
X-1543,CSPP1,79848.0,Amp5,6.32
X-1543,CSRNP2,81566.0,MutNovel,"P505S,0.630"
X-1543,CSTF2,1478.0,MutNovel,"P261A,0.512"
X-1543,CTHRC1,115908.0,Amp5,6.41
X-1543,CTSA,5476.0,MutNovel,"L29-,0.796"
X-1543,CTSB,1508.0,Del0.8,0.78
X-1543,CUL9,23113.0,Amp5,5.43
X-1543,CYC1,1537.0,Amp5,6.28
X-1543,CYHR1,50626.0,MutKnownFunctional,"-144?,0.385"
X-1543,CYHR1,50626.0,Amp5,6.28
X-1543,CYP11B1,1584.0,Amp5,6.28
X-1543,CYP11B2,1585.0,Amp5,6.28
X-1543,CYP3A4,1576.0,Amp5,5.43
X-1543,CYP3A7,1551.0,Amp5,5.43
X-1543,CYP7A1,1581.0,Amp5,6.45
X-1543,CYP7B1,9420.0,Amp5,6.32
X-1543,DAAM2,23500.0,Amp5,5.24
X-1543,DAZ1,1617.0,Del0.8,0.21
X-1543,DAZ2,57055.0,Del0.8,0.21
X-1543,DAZ3,57054.0,Del0.8,0.21
X-1543,DAZ3,57054.0,Del0.8,0.21
X-1543,DAZ4,57135.0,Del0.8,0.21
X-1543,DAZ4,57135.0,Del0.8,0.21
X-1543,DCAF13,25879.0,Amp5,6.41
X-1543,DCAF4L2,138009.0,Amp5,6.19
X-1543,DCBLD1,285761.0,Del0.8,0.74
X-1543,DCSTAMP,81501.0,Amp5,6.41
X-1543,DDIT4L,115265.0,MutKnownFunctional,"-180,0.949"
X-1543,DDO,8528.0,Del0.8,0.73
X-1543,DDR1,780.0,Amp5,6.41
X-1543,DDX39B,7919.0,Amp5,6.5
X-1543,DDX3Y,8653.0,Del0.8,0.21
X-1543,DECR1,1666.0,Amp5,6.19
X-1543,DEFA10P,449493.0,Del0.8,0.77
X-1543,DEFA1B,728358.0,Del0.8,0.77
X-1543,DEFA4,1669.0,Del0.8,0.77
X-1543,DEFA5,1670.0,Del0.8,0.77
X-1543,DEFA6,1671.0,Del0.8,0.77
X-1543,DEFB1,1672.0,Del0.8,0.77
X-1543,DEFB135,613209.0,Del0.8,0.78
X-1543,DEFB136,613210.0,Del0.8,0.78
X-1543,DEFT1P,170949.0,Del0.8,0.77
X-1543,DENND1A,57706.0,MutNovel,"P952L,0.339"
X-1543,DENND3,22898.0,Amp5,6.06
X-1543,DEPTOR,64798.0,Amp5,6.73
X-1543,DERL1,79139.0,Amp5,6.73
X-1543,DGAT1,8694.0,Amp5,6.28
X-1543,DGKQ,1609.0,MutNovel,"P27L,1.000"
X-1543,DHX16,8449.0,Amp5,6.41
X-1543,DLEC1,9940.0,MutNovel,"L79R,0.500"
X-1543,DLK2,65989.0,Amp5,5.43
X-1543,DMC1,11144.0,MutNovel,"D223N,0.889"
X-1543,DMXL1,1657.0,MutNovel,"P893S,0.308"
X-1543,DNAH1,25981.0,MutNovel,"D1924E,0.263"
X-1543,DNAH8,1769.0,Amp5,5.24
X-1543,DNAI1,27019.0,MutNovel,"A683V,0.611"
X-1543,DNAJC5B,85479.0,Amp5,6.32
X-1543,DPCR1,135656.0,Amp5,6.41
X-1543,DPY19L4,286148.0,Amp5,5.1
X-1543,DPYS,1807.0,Amp5,6.41
X-1543,DSCC1,79075.0,Amp5,6.73
X-1543,DSE,29940.0,Del0.8,0.74
X-1543,DYNC2H1,79659.0,MutNovel,"V3397L,0.227"
X-1543,E2F3,1871.0,Amp5,5.28
X-1543,E2F5,1875.0,Amp5,6.19
X-1543,EBAG9,9166.0,Amp5,6.41
X-1543,EEF1D,1936.0,Amp5,6.28
X-1543,EFCAB1,79645.0,Amp5,6.45
X-1543,EFR3A,23167.0,Amp5,6.06
X-1543,EHF,26298.0,Amp5,5.58
X-1543,EIF1AY,9086.0,Del0.8,0.21
X-1543,EIF2C2,27161.0,Amp5,6.06
X-1543,EIF3A,8661.0,MutNovel,"R335C,0.505"
X-1543,EIF3B,8662.0,MutNovel,"N249K,0.667"
X-1543,EIF3E,3646.0,Amp5,6.41
X-1543,EIF3H,8667.0,Amp5,6.73
X-1543,EIF4A1,,MutNovel,"R168Q,0.998"
X-1543,ELF5,2001.0,Amp5,5.58
X-1543,ENPP2,5168.0,Amp5,6.73
X-1543,ENY2,56943.0,Amp5,6.41
X-1543,EPB41L1,2036.0,MutNovel,"G630R,0.305"
X-1543,EPPK1,83481.0,MutNovel,"R2365H,0.333"
X-1543,EPPK1,83481.0,Amp5,6.28
X-1543,ERI1,90459.0,Del0.8,0.76
X-1543,ESRP1,54845.0,Amp5,5.1
X-1543,EXOSC4,54512.0,Amp5,6.28
X-1543,EXT1,2131.0,Amp5,6.73
X-1543,FABP12,646486.0,Amp5,6.28
X-1543,FABP4,2167.0,Amp5,6.28
X-1543,FABP5,2171.0,Amp5,6.28
X-1543,FABP7,2173.0,Del0.8,0.74
X-1543,FABP9,646480.0,Amp5,6.28
X-1543,FAM106A,80039.0,Del0.8,0.48
X-1543,FAM110B,90362.0,Amp5,6.45
X-1543,FAM135B,51059.0,Amp5,6.06
X-1543,FAM150A,389658.0,Amp5,6.45
X-1543,FAM161A,84140.0,MutNovel,"A40G,0.941"
X-1543,FAM162B,221303.0,Del0.8,0.74
X-1543,FAM167A,83648.0,Del0.8,0.78
X-1543,FAM168B,130074.0,MutNovel,"P169A,0.646"
X-1543,FAM171B,165215.0,MutNovel,"-50Q,0.460"
X-1543,FAM184A,79632.0,Del0.8,0.74
X-1543,FAM189B,10712.0,MutKnownFunctional,"-38,0.659"
X-1543,FAM197Y2P,252946.0,Del0.8,0.21
X-1543,FAM203A,51236.0,Amp5,6.28
X-1543,FAM21A,387680.0,MutNovel,"S464L,0.400"
X-1543,FAM22D,728130.0,MutNovel,"L541H,0.800"
X-1543,FAM26D,221301.0,Del0.8,0.74
X-1543,FAM26E,254228.0,Del0.8,0.74
X-1543,FAM26F,441168.0,Del0.8,0.74
X-1543,FAM41AY1,340618.0,Del0.8,0.21
X-1543,FAM41AY1,340618.0,Del0.8,0.21
X-1543,FAM49B,51571.0,Amp5,6.73
X-1543,FAM65C,140876.0,Amp5,5.13
X-1543,FAM82B,51115.0,Amp5,6.19
X-1543,FAM83A,84985.0,Amp5,6.73
X-1543,FAM83H,286077.0,Amp5,6.28
X-1543,FAM84B,157638.0,Amp5,6.73
X-1543,FAM91A1,157769.0,Amp5,6.73
X-1543,FAM92A1,137392.0,Amp5,6.19
X-1543,FBRSL1,57666.0,MutNovel,"T688A,0.781"
X-1543,FBXL6,26233.0,Amp5,6.28
X-1543,FBXO32,114907.0,Amp5,6.73
X-1543,FBXO43,286151.0,Amp5,6.41
X-1543,FDFT1,2222.0,Del0.8,0.78
X-1543,FER1L6,654463.0,Amp5,6.73
X-1543,FER1L6-AS1,439941.0,Amp5,6.73
X-1543,FIG4,9896.0,Del0.8,0.73
X-1543,FLG,2312.0,MutNovel,"H980D,0.625"
X-1543,FLJ34503,285759.0,Del0.8,0.74
X-1543,FLJ39080,441355.0,Amp5,6.28
X-1543,FLJ41200,401492.0,Amp8,8.22
X-1543,FLJ41649,401260.0,Amp5,5.24
X-1543,FLJ42969,441374.0,Amp5,6.41
X-1543,FLJ43860,389690.0,Amp5,6.06
X-1543,FLOT1,10211.0,Amp5,6.41
X-1543,FNDC3B,64778.0,MutNovel,"S697L,0.467"
X-1543,FOXH1,8928.0,Amp5,6.28
X-1543,FOXO3,2309.0,Del0.8,0.73
X-1543,FOXP4,116113.0,Amp5,5.24
X-1543,FRK,2444.0,Del0.8,0.74
X-1543,FRS3,10817.0,Amp5,5.24
X-1543,FUT4,2526.0,MutNovel,"K425E,0.262"
X-1543,FYN,2534.0,Del0.8,0.73
X-1543,FZD6,8323.0,Amp5,6.41
X-1543,GALNTL4,374378.0,MutNovel,"Q512E,0.333"
X-1543,GAPVD1,26130.0,MutNovel,"T131A,0.686"
X-1543,GATA4,2626.0,Del0.8,0.78
X-1543,GBP3,2635.0,MutKnownFunctional,"-234,0.917"
X-1543,GDAP1,54332.0,Amp5,6.28
X-1543,GDF6,392255.0,Amp5,6.41
X-1543,GEM,2669.0,Amp5,6.19
X-1543,GGH,8836.0,Amp5,6.32
X-1543,GGTLC2,91227.0,MutNovel,"A52T,1.000"
X-1543,GIGYF2,26058.0,MutNovel,"PQ1231P,0.229"
X-1543,GJA1,2697.0,Del0.8,0.74
X-1543,GLI4,2738.0,Amp5,6.28
X-1543,GLO1,2739.0,Amp5,5.24
X-1543,GLP1R,2740.0,Amp5,5.24
X-1543,GML,2765.0,Amp5,6.28
X-1543,GNL1,2794.0,Amp5,6.41
X-1543,GOLGA2P2Y,84559.0,Del0.8,0.21
X-1543,GOLGA2P2Y,84559.0,Del0.8,0.21
X-1543,GOLGA3,2802.0,MutNovel,"A451V,0.275"
X-1543,GOPC,57120.0,Del0.8,0.74
X-1543,GPAA1,8733.0,Amp5,6.28
X-1543,GPANK1,7918.0,Amp5,6.5
X-1543,GPIHBP1,338328.0,Amp5,6.28
X-1543,GPR20,2843.0,Amp5,6.06
X-1543,GPR6,2830.0,Del0.8,0.73
X-1543,GPRC6A,222545.0,Del0.8,0.74
X-1543,GPT,2875.0,Amp5,6.28
X-1543,GRHL2,79977.0,Amp5,6.41
X-1543,GRIN2D,2906.0,MutNovel,"D1200E,0.667"
X-1543,GRINA,2907.0,Amp5,6.28
X-1543,GSDMC,56169.0,Amp5,6.73
X-1543,GSDMD,79792.0,Amp5,6.28
X-1543,GSR,2936.0,MutNovel,"M44I,0.857"
X-1543,GSTM1,2944.0,MutNovel,"S210T,0.985"
X-1543,GSTM2P1,442245.0,Del0.8,0.73
X-1543,GSTT1,2952.0,Amp5,5.28
X-1543,GTF2H4,2968.0,Amp5,6.41
X-1543,GTF3C5,9328.0,MutNovel,"E137K,0.470"
X-1543,GTF3C6,112495.0,Del0.8,0.73
X-1543,GTPBP2,54676.0,Amp5,5.43
X-1543,GYG2P1,352887.0,Del0.8,0.21
X-1543,HAS2,3037.0,Amp5,6.73
X-1543,HAS2-AS1,594842.0,Amp5,6.73
X-1543,HCG22,285834.0,Amp5,6.41
X-1543,HCG26,352961.0,Amp5,6.5
X-1543,HCG27,253018.0,Amp5,6.41
X-1543,HCN2,610.0,MutNovel,"R76H,1.000"
X-1543,HCN2,610.0,MutNovel,"PPP715-,0.385"
X-1543,HCP5,10866.0,Amp5,6.5
X-1543,HDAC2,3066.0,Del0.8,0.74
X-1543,HDGFL1,154150.0,Amp5,7.41
X-1543,HDLBP,3069.0,MutNovel,"R996C,0.497"
X-1543,HEATR5A,25938.0,MutNovel,"L373-,1.000"
X-1543,HEATR7A,727957.0,MutNovel,"P1048L,0.718"
X-1543,HEATR7A,727957.0,Amp5,6.28
X-1543,HES4,57801.0,MutNovel,"G16A,0.800"
X-1543,HEY1,23462.0,Amp5,6.28
X-1543,HHLA1,10086.0,Amp5,6.06
X-1543,HIRA,7290.0,MutNovel,"R999Q,0.565"
X-1543,HLA-B,3106.0,Amp5,6.5
X-1543,HLA-C,3107.0,Amp5,6.41
X-1543,HLA-DRB6,3128.0,Amp5,5.13
X-1543,HNF4G,3174.0,Amp5,6.28
X-1543,HOOK3,84376.0,MutNovel,"A27S,0.242"
X-1543,HOXC13,3229.0,MutNovel,"L15LI,0.537"
X-1543,HPYR1,93668.0,Amp5,6.06
X-1543,HRSP12,10247.0,Amp5,6.41
X-1543,HS3ST5,222537.0,Del0.8,0.74
X-1543,HSF1,3297.0,Amp5,6.28
X-1543,HSF2,3298.0,Del0.8,0.74
X-1543,HSFY2,159119.0,Del0.8,0.21
X-1543,HSFY2,159119.0,Del0.8,0.21
X-1543,HSP90AB1,3326.0,Amp5,5.43
X-1543,ICAM1,3383.0,MutNovel,"L498F,0.272"
X-1543,ID4,3400.0,Amp5,5.28
X-1543,IER3,8870.0,Amp5,6.41
X-1543,IFIT5,24138.0,MutNovel,"D69Y,0.677"
X-1543,IL7,3574.0,Amp5,6.28
X-1543,IMPA1,3612.0,Amp5,6.28
X-1543,IMPAD1,54928.0,Amp5,6.45
X-1543,INTS8,55656.0,Amp5,5.1
X-1543,ITPR3,3710.0,MutNovel,"L1669M,0.996"
X-1543,IWS1,55677.0,MutNovel,"Q649H,0.261"
X-1543,JPH1,56704.0,Amp5,6.28
X-1543,JRK,8629.0,Amp5,6.28
X-1543,KCNB2,9312.0,Amp5,6.28
X-1543,KCNK16,83795.0,Amp5,5.24
X-1543,KCNK17,89822.0,Amp5,5.24
X-1543,KCNK5,8645.0,Amp5,5.24
X-1543,KCNK9,51305.0,Amp5,6.06
X-1543,KCNQ3,3786.0,Amp5,6.06
X-1543,KCNS2,3788.0,Amp5,6.41
X-1543,KCNV1,27012.0,Amp5,6.41
X-1543,KDM1A,23028.0,MutNovel,"H556N,0.277"
X-1543,KDM5D,8284.0,Del0.8,0.21
X-1543,KDR,3791.0,MutNovel,"E498V,1.000"
X-1543,KHDRBS3,10656.0,Amp5,6.06
X-1543,KIAA0146,23514.0,Amp5,6.45
X-1543,KIAA0196,9897.0,Amp5,6.73
X-1543,KIAA1024,23251.0,MutNovel,"T852M,1.000"
X-1543,KIAA1875,340390.0,Amp5,6.28
X-1543,KIAA1919,91749.0,Del0.8,0.73
X-1543,KIF6,221458.0,Amp5,5.24
X-1543,KIFC2,90990.0,Amp5,6.28
X-1543,KLF10,7071.0,Amp5,6.41
X-1543,KLHL35,283212.0,MutNovel,"R237C,0.455"
X-1543,KLHL38,340359.0,Amp5,6.73
X-1543,KPNA5,3841.0,Del0.8,0.74
X-1543,KRT14,3861.0,MutNovel,"T406M,1.000"
X-1543,KRT14,3861.0,MutNovel,"A274D,0.800"
X-1543,KRT14,3861.0,MutKnownFunctional,"Y248*,0.909"
X-1543,KRT16,3868.0,MutNovel,"R155W,1.000"
X-1543,KRT16,3868.0,MutNovel,"R150H,1.000"
X-1543,LACE1,246269.0,Del0.8,0.73
X-1543,LACTB2,51110.0,Amp5,5.78
X-1543,LAMA4,3910.0,Del0.8,0.74
X-1543,LAPTM4B,55353.0,Amp5,6.41
X-1543,LCE3B,353143.0,Del0.8,0.65
X-1543,LCE3C,353144.0,Del0.8,0.65
X-1543,LGALS9C,654346.0,Del0.8,0.48
X-1543,LINC00051,619434.0,Amp5,6.28
X-1543,LINC00208,83655.0,Del0.8,0.78
X-1543,LINC00222,387111.0,Del0.8,0.73
X-1543,LINC00251,552859.0,Amp5,6.32
X-1543,LINC00293,497634.0,Amp5,6.45
X-1543,LINC00340,401237.0,Amp5,6.28
X-1543,LINC00535,642924.0,Amp5,6.19
X-1543,LOC100127983,100127983.0,Amp5,6.19
X-1543,LOC100128338,100128338.0,Amp5,6.28
X-1543,LOC100130155,100130155.0,Amp5,6.32
X-1543,LOC100130231,100130231.0,Amp5,6.73
X-1543,LOC100130298,100130298.0,Amp5,6.45
X-1543,LOC100130301,100130301.0,Amp5,6.28
X-1543,LOC100131047,100131047.0,Amp5,5.24
X-1543,LOC100131726,100131726.0,Amp5,6.73
X-1543,LOC100132247,100132247.0,MutNovel,"P1069R,0.688"
X-1543,LOC100132354,100132354.0,Amp5,5.43
X-1543,LOC100132891,100132891.0,Amp5,6.28
X-1543,LOC100133669,100133669.0,Amp5,6.28
X-1543,LOC100287015,100287015.0,Del0.8,0.77
X-1543,LOC100287632,100287632.0,Del0.8,0.74
X-1543,LOC100287846,100287846.0,Amp5,6.45
X-1543,LOC100288181,100288181.0,Amp5,6.28
X-1543,LOC100288748,100288748.0,Amp5,5.1
X-1543,LOC100499183,100499183.0,Amp5,6.41
X-1543,LOC100500773,100500773.0,Amp5,6.41
X-1543,LOC100505659,100505659.0,Amp5,6.32
X-1543,LOC100505676,100505676.0,Amp5,6.32
X-1543,LOC100505679,100505679.0,MutNovel,"E109D,0.350"
X-1543,LOC100505718,100505718.0,Amp5,6.32
X-1543,LOC100507117,100507117.0,Amp5,6.73
X-1543,LOC100507632,100507632.0,Amp5,6.45
X-1543,LOC100507651,100507651.0,Amp5,6.45
X-1543,LOC100616530,100616530.0,Amp5,6.41
X-1543,LOC100652791,100652791.0,Del0.8,0.77
X-1543,LOC157273,157273.0,Del0.8,0.76
X-1543,LOC157381,157381.0,Amp5,6.73
X-1543,LOC284751,284751.0,Amp5,7.26
X-1543,LOC285758,285758.0,Del0.8,0.74
X-1543,LOC286094,286094.0,Amp5,6.06
X-1543,LOC286177,286177.0,Amp5,6.45
X-1543,LOC286184,286184.0,Amp5,6.32
X-1543,LOC286186,286186.0,Amp5,6.32
X-1543,LOC286189,286189.0,Amp5,6.32
X-1543,LOC286190,286190.0,Amp5,5.78
X-1543,LOC391322,391322.0,Amp5,5.28
X-1543,LOC392232,392232.0,Amp5,6.28
X-1543,LOC401463,401463.0,Amp5,6.32
X-1543,LOC646862,646862.0,MutNovel,"D82N,1.000"
X-1543,LOC727677,727677.0,Amp5,6.73
X-1543,LOC728724,728724.0,Amp5,6.73
X-1543,LOC729177,729177.0,Amp5,7.41
X-1543,LOC731779,731779.0,Amp5,6.06
X-1543,LRFN2,57497.0,Amp5,5.24
X-1543,LRP12,29967.0,Amp5,6.41
X-1543,LRRC14,9684.0,Amp5,6.28
X-1543,LRRC24,441381.0,Amp5,6.28
X-1543,LRRC6,23639.0,Amp5,6.06
X-1543,LRRC69,100130742.0,Amp5,6.19
X-1543,LRRC73,221424.0,Amp5,5.43
X-1543,LRRCC1,85444.0,Amp5,6.19
X-1543,LRTOMT,220074.0,MutNovel,"D5N,0.271"
X-1543,LSR,51599.0,MutNovel,"G518GR,0.761"
X-1543,LST1,7940.0,Amp5,6.5
X-1543,LTA,4049.0,Amp5,6.5
X-1543,LTB,4050.0,Amp5,6.5
X-1543,LY6D,8581.0,Amp5,6.28
X-1543,LY6E,4061.0,Amp5,6.28
X-1543,LY6G5B,58496.0,Amp5,6.5
X-1543,LY6G5C,80741.0,Amp5,6.5
X-1543,LY6H,4062.0,Amp5,6.28
X-1543,LY6K,54742.0,Amp5,6.28
X-1543,LY96,23643.0,Amp5,6.28
X-1543,LYN,4067.0,Amp5,6.45
X-1543,LYNX1,66004.0,Amp5,6.28
X-1543,LYPD2,137797.0,Amp5,6.28
X-1543,LYPLA1,10434.0,Amp5,6.45
X-1543,MAD2L1BP,9587.0,Amp5,5.43
X-1543,MAF1,84232.0,Amp5,6.28
X-1543,MAFA,389692.0,Amp5,6.28
X-1543,MAL2,114569.0,Amp5,6.73
X-1543,MAN1A1,4121.0,Del0.8,0.74
X-1543,MAP3K4,4216.0,MutNovel,"PA1189P,1.000"
X-1543,MAPK14,1432.0,MutNovel,"H64N,0.245"
X-1543,MAPK15,225689.0,Amp5,6.28
X-1543,MAPK8IP2,23542.0,MutNovel,"A378G,0.484"
X-1543,MARCKS,4082.0,Del0.8,0.74
X-1543,MATN2,4147.0,Amp5,6.41
X-1543,MAZ,4150.0,MutNovel,"AA436-,0.311"
X-1543,MBNL1,4154.0,MutNovel,"V115A,0.268"
X-1543,MBOAT1,154141.0,Amp5,5.28
X-1543,MCCD1,401250.0,Amp5,6.5
X-1543,MCM4,4173.0,Amp5,6.45
X-1543,MCM9,254394.0,Del0.8,0.74
X-1543,MCPH1,79648.0,Del0.8,0.77
X-1543,MDC1,9656.0,Amp5,6.41
X-1543,MDFI,4188.0,Amp5,5.24
X-1543,MED30,90390.0,Amp5,6.73
X-1543,MFHAS1,9258.0,Del0.8,0.76
X-1543,MFSD3,113655.0,Amp5,6.28
X-1543,MICA,100507436.0,Amp5,6.5
X-1543,MICAL1,64780.0,Del0.8,0.73
X-1543,MICAL2,9645.0,MutNovel,"M1012V,0.444"
X-1543,MICB,4277.0,Amp5,6.5
X-1543,MIR1204,100302185.0,Amp5,6.73
X-1543,MIR1205,100302161.0,Amp5,6.73
X-1543,MIR1206,100302170.0,Amp5,6.73
X-1543,MIR1207,100302175.0,Amp5,6.73
X-1543,MIR1208,100302281.0,Amp5,6.73
X-1543,MIR1234,100302196.0,Amp5,6.28
X-1543,MIR124-1,406907.0,Del0.8,0.78
X-1543,MIR124-2,406908.0,Amp5,6.32
X-1543,MIR1322,100302166.0,Del0.8,0.78
X-1543,MIR2052,100302260.0,Amp5,6.28
X-1543,MIR2053,100302225.0,Amp5,6.73
X-1543,MIR30B,407030.0,Amp5,6.06
X-1543,MIR30D,407033.0,Amp5,6.06
X-1543,MIR3150A,100422964.0,Amp5,6.41
X-1543,MIR3150B,100500907.0,Amp5,6.41
X-1543,MIR3151,100422992.0,Amp5,6.41
X-1543,MIR3610,100500914.0,Amp5,6.73
X-1543,MIR378D2,100616169.0,Amp5,6.19
X-1543,MIR4470,100616484.0,Amp5,6.32
X-1543,MIR4471,100616451.0,Amp5,6.41
X-1543,MIR4472-1,100616268.0,Amp5,6.28
X-1543,MIR4640,100616237.0,Amp5,6.41
X-1543,MIR4641,100616178.0,Amp5,5.24
X-1543,MIR4642,100616352.0,Amp5,5.43
X-1543,MIR4647,100616124.0,Amp5,5.43
X-1543,MIR4659A,100616348.0,Del0.8,0.77
X-1543,MIR4659B,100616372.0,Del0.8,0.77
X-1543,MIR4660,100616350.0,Del0.8,0.76
X-1543,MIR4661,100616245.0,Amp5,6.19
X-1543,MIR4663,100616260.0,Amp5,6.73
X-1543,MIR4664,100616318.0,Amp5,6.28
X-1543,MIR548B,693128.0,Del0.8,0.74
X-1543,MIR597,693182.0,Del0.8,0.78
X-1543,MIR598,693183.0,Del0.8,0.78
X-1543,MIR599,693184.0,Amp5,6.41
X-1543,MIR645,693230.0,Amp5,5.13
X-1543,MIR661,724031.0,Amp5,6.28
X-1543,MIR875,100126309.0,Amp5,6.41
X-1543,MIR877,100126314.0,Amp5,6.41
X-1543,MIR937,100126338.0,Amp5,6.28
X-1543,MIR939,100126351.0,Amp5,6.28
X-1543,MMP16,4325.0,Amp5,6.19
X-1543,MOCS1,4337.0,Amp5,5.24
X-1543,MOS,4342.0,Amp5,6.45
X-1543,MPRIP,23164.0,MutNovel,"TS178T,0.464"
X-1543,MRPL13,28998.0,Amp5,6.73
X-1543,MRPL14,64928.0,Amp5,5.43
X-1543,MRPL15,29088.0,Amp5,6.45
X-1543,MRPS18A,55168.0,Amp5,5.43
X-1543,MRPS18B,28973.0,Amp5,6.41
X-1543,MRPS28,28957.0,Amp5,6.28
X-1543,MSC,9242.0,Amp5,6.28
X-1543,MSRA,4482.0,Del0.8,0.78
X-1543,MT1B,4490.0,MutNovel,"S35P,0.800"
X-1543,MT1H,4496.0,MutNovel,"K23E,1.000"
X-1543,MTBP,27085.0,Amp5,6.73
X-1543,MTDH,92140.0,Amp5,6.41
X-1543,MTERFD1,51001.0,Amp5,6.41
X-1543,MTFR1,9650.0,Amp5,6.32
X-1543,MTMR9,66036.0,Del0.8,0.78
X-1543,MTSS1,9788.0,Amp5,6.73
X-1543,MUC21,394263.0,Amp5,6.41
X-1543,MUC22,100507679.0,Amp5,6.41
X-1543,MYBL1,4603.0,Amp5,6.32
X-1543,MYC,4609.0,Amp5,6.73
X-1543,MYO1E,4643.0,MutNovel,"R776S,1.000"
X-1543,NACA2,342538.0,MutNovel,"R144K,1.000"
X-1543,NACAP1,83955.0,Amp5,6.41
X-1543,NAPRT1,93100.0,Amp5,6.28
X-1543,NAT10,55226.0,MutNovel,"A472S,0.853"
X-1543,NBN,4683.0,Amp5,6.19
X-1543,NBPF1,55672.0,MutNovel,"R114Q,0.312"
X-1543,NBPF12,,MutNovel,"D202N,0.440"
X-1543,NCALD,83988.0,Amp5,6.41
X-1543,NCOA2,10499.0,Amp5,5.78
X-1543,NCOR2,9612.0,MutNovel,"G1839GAAA,0.538"
X-1543,NCR2,9436.0,Amp5,5.24
X-1543,NCR3,259197.0,Amp5,6.5
X-1543,NCRNA00185,55410.0,Del0.8,0.21
X-1543,NDRG1,10397.0,Amp5,6.06
X-1543,NDUFAF1,51103.0,Del0.8,0.78
X-1543,NDUFB9,4715.0,Amp5,6.73
X-1543,NECAB1,64168.0,Amp5,6.19
X-1543,NEIL2,252969.0,Del0.8,0.78
X-1543,NFATC1,4772.0,MutNovel,"E42K,0.420"
X-1543,NFKBIE,4794.0,Amp5,5.43
X-1543,NFKBIL1,4795.0,Amp5,6.5
X-1543,NFYA,4800.0,Amp5,5.24
X-1543,NIPAL2,79815.0,Amp5,6.41
X-1543,NKAIN2,154215.0,Del0.8,0.74
X-1543,NKAIN3,286183.0,Amp5,6.32
X-1543,NLGN4Y,22829.0,Del0.8,0.21
X-1543,NOA1,84273.0,Del0.8,0.68
X-1543,NOV,4856.0,Amp5,6.73
X-1543,NPBWR1,2831.0,Amp5,6.45
X-1543,NPFF,8620.0,MutNovel,"D17Y,0.295"
X-1543,NPIPL3,23117.0,MutNovel,"R1105C,0.500"
X-1543,NR1H2,7376.0,MutNovel,"-173Q,0.355"
X-1543,NR2E1,7101.0,Del0.8,0.73
X-1543,NRBP2,340371.0,Amp5,6.28
X-1543,NRM,11270.0,Amp5,6.41
X-1543,NSD1,64324.0,MutNovel,"K1296E,0.357"
X-1543,NSMAF,8439.0,Amp5,6.45
X-1543,NSMCE2,286053.0,Amp5,6.73
X-1543,NT5DC1,221294.0,Del0.8,0.74
X-1543,NUDCD1,84955.0,Amp5,6.41
X-1543,NUDT11,55190.0,MutKnownFunctional,"-1,0.305"
X-1543,NUS1,116150.0,Del0.8,0.74
X-1543,OC90,729330.0,Amp5,6.06
X-1543,ODF1,4956.0,Amp5,6.41
X-1543,OPLAH,26873.0,Amp5,6.28
X-1543,OPRK1,4986.0,Amp5,6.45
X-1543,OR4C6,219432.0,Del0.8,0.48
X-1543,OR4P4,81300.0,Del0.8,0.48
X-1543,OR4S2,219431.0,Del0.8,0.48
X-1543,ORAI1,84876.0,MutNovel,"PP43-,0.971"
X-1543,OSGIN2,734.0,Amp5,6.19
X-1543,OSR2,116039.0,Amp5,6.41
X-1543,OSTM1,28962.0,Del0.8,0.73
X-1543,OTUD6B,51633.0,Amp5,6.19
X-1543,OVOS,,MutNovel,"F1232S,0.692"
X-1543,OXR1,55074.0,Amp5,6.41
X-1543,PABPC1,26986.0,Amp5,6.41
X-1543,PABPC3,5042.0,MutKnownFunctional,"-247GE?,0.639"
X-1543,PABPC3,5042.0,MutKnownFunctional,"-299,0.458"
X-1543,PABPC4L,132430.0,MutNovel,"R210G,1.000"
X-1543,PAG1,55824.0,Amp5,6.28
X-1543,PAICS,10606.0,MutKnownFunctional,"-289?,0.992"
X-1543,PARP10,84875.0,Amp5,6.28
X-1543,PCAT1,100750225.0,Amp5,6.73
X-1543,PCDH11Y,83259.0,Del0.8,0.25
X-1543,PCDHB7,56129.0,MutNovel,"G756E,0.400"
X-1543,PCDHGB4,8641.0,MutNovel,"LPV14L,1.000"
X-1543,PCMTD1,115294.0,Amp5,6.45
X-1543,PCNX,22990.0,MutNovel,"T471S,1.000"
X-1543,PDE7A,5150.0,Amp5,6.32
X-1543,PDP1,54704.0,Amp5,6.19
X-1543,PENK,5179.0,Amp5,6.45
X-1543,PEX2,5828.0,Amp5,6.28
X-1543,PGC,5225.0,Amp5,5.24
X-1543,PHF2,5253.0,MutNovel,"P517S,0.348"
X-1543,PHF20L1,51105.0,Amp5,6.06
X-1543,PHLDA1,22822.0,MutNovel,"QQ194Q,0.667"
X-1543,PI15,51050.0,Amp5,6.28
X-1543,PIGV,55650.0,MutNovel,"Y474C,0.557"
X-1543,PINX1,54984.0,Del0.8,0.78
X-1543,PJA1,64219.0,MutNovel,"T293A,0.223"
X-1543,PKHD1L1,93035.0,Amp5,6.41
X-1543,PKIA,5569.0,Amp5,6.28
X-1543,PKIB,5570.0,Del0.8,0.74
X-1543,PLAG1,5324.0,Amp5,6.45
X-1543,PLEC,5339.0,Amp5,6.28
X-1543,PLEKHF2,79666.0,Amp5,6.41
X-1543,PLN,5350.0,Del0.8,0.74
X-1543,PLXNB1,5364.0,MutNovel,"A616T,0.550"
X-1543,PMP2,5375.0,Amp5,6.28
X-1543,POLD2,5425.0,MutNovel,"P414L,0.332"
X-1543,POLH,5429.0,Amp5,5.43
X-1543,POLR1C,9533.0,Amp5,5.43
X-1543,POLR2K,5440.0,Amp5,6.41
X-1543,POP1,10940.0,Amp5,6.41
X-1543,POU5F1,5460.0,Amp5,6.41
X-1543,POU5F1B,5462.0,Amp5,6.73
X-1543,PPIL6,285755.0,Del0.8,0.73
X-1543,PPM1D,8493.0,MutNovel,"S54L,0.250"
X-1543,PPP1R10,5514.0,Amp5,6.41
X-1543,PPP1R16A,84988.0,Amp5,6.28
X-1543,PPP1R3B,79660.0,Del0.8,0.76
X-1543,PPP1R42,286187.0,Amp5,6.32
X-1543,PPP3CA,5530.0,Del0.8,0.72
X-1543,PRDM14,63978.0,Amp5,5.78
X-1543,PREX1,57580.0,MutKnownFunctional,"E812*,1.000"
X-1543,PREX2,80243.0,Amp5,6.32
X-1543,PRICKLE4,29964.0,Amp5,5.24
X-1543,PRKDC,5591.0,Amp5,6.45
X-1543,PRKY,5616.0,Del0.8,0.21
X-1543,PRL,5617.0,Amp5,7.41
X-1543,PRR3,80742.0,Amp5,6.41
X-1543,PRRC2A,7916.0,Amp5,6.5
X-1543,PRSS55,203074.0,Del0.8,0.78
X-1543,PRY,9081.0,Del0.8,0.21
X-1543,PRY,9081.0,Del0.8,0.21
X-1543,PRY2,442862.0,Del0.8,0.21
X-1543,PRY2,442862.0,Del0.8,0.21
X-1543,PSCA,8000.0,Amp5,6.28
X-1543,PSD3,23362.0,Del0.8,0.61
X-1543,PSKH2,85481.0,Amp5,6.19
X-1543,PSORS1C1,170679.0,Amp5,6.41
X-1543,PSORS1C2,170680.0,Amp5,6.41
X-1543,PSORS1C3,100130889.0,Amp5,6.41
X-1543,PTDSS1,9791.0,Amp5,6.41
X-1543,PTK2,5747.0,Amp5,6.06
X-1543,PTP4A3,11156.0,Amp5,6.06
X-1543,PTPN1,5770.0,Amp5,5.13
X-1543,PTTG3P,26255.0,Amp5,6.32
X-1543,PUF60,22827.0,Amp5,6.28
X-1543,PVT1,5820.0,Amp5,6.73
X-1543,PXDNL,137902.0,Amp5,6.45
X-1543,PYCRL,65263.0,Amp5,6.28
X-1543,RAB2A,5862.0,Amp5,6.45
X-1543,RAD21,5885.0,Amp5,6.73
X-1543,RAD21-AS1,644660.0,Amp5,6.73
X-1543,RAD54B,25788.0,Amp5,6.19
X-1543,RAI1,10743.0,MutNovel,"QQQQ278-,0.440"
X-1543,RARG,5916.0,MutKnownFunctional,"R7*,0.222"
X-1543,RASA4,10156.0,MutNovel,"T606M,1.000"
X-1543,RB1,5925.0,MutNovel,"M704R,0.581"
X-1543,RB1CC1,9821.0,Amp5,6.45
X-1543,RBBP6,5930.0,MutNovel,"E234K,0.314"
X-1543,RBM12B,389677.0,Amp5,6.19
X-1543,RBM18,92400.0,MutNovel,"I29V,0.688"
X-1543,RBM8A,9939.0,MutKnownFunctional,"E9*,0.241"
X-1543,RBMY1A3P,286557.0,Del0.8,0.21
X-1543,RBMY1B,378948.0,Del0.8,0.21
X-1543,RBMY1B,378948.0,Del0.8,0.21
X-1543,RBMY1E,378950.0,Del0.8,0.21
X-1543,RBMY1E,378950.0,Del0.8,0.21
X-1543,RBMY1F,159163.0,Del0.8,0.21
X-1543,RBMY1F,159163.0,Del0.8,0.21
X-1543,RBMY1J,378951.0,Del0.8,0.21
X-1543,RBMY1J,378951.0,Del0.8,0.21
X-1543,RBMY2EP,159125.0,Del0.8,0.21
X-1543,RBMY2FP,159162.0,Del0.8,0.21
X-1543,RBMY3AP,64593.0,Del0.8,0.21
X-1543,RCC2,55920.0,MutNovel,"G33C,0.283"
X-1543,RDH10,157506.0,Amp5,6.28
X-1543,RECQL4,9401.0,Amp5,6.28
X-1543,REST,5978.0,Del0.8,0.68
X-1543,REV3L,5980.0,Del0.8,0.73
X-1543,REXO1L1,254958.0,Amp5,6.19
X-1543,REXO1L2P,100288527.0,Amp5,6.19
X-1543,REXO1L2P,100288527.0,Amp5,6.19
X-1543,RFPL4B,442247.0,Del0.8,0.74
X-1543,RFX6,222546.0,Del0.8,0.74
X-1543,RGNEF,64283.0,MutNovel,"K892E,1.000"
X-1543,RGS20,8601.0,Amp5,6.45
X-1543,RGS22,26166.0,Amp5,6.41
X-1543,RGS3,5998.0,MutNovel,"S752Y,0.581"
X-1543,RHPN1,114822.0,Amp5,6.28
X-1543,RIMS2,9699.0,Amp5,6.41
X-1543,RIPK2,8767.0,Amp5,6.19
X-1543,RNF139,11236.0,Amp5,6.73
X-1543,RNF144A,9781.0,MutNovel,"V133L,0.621"
X-1543,RNF19A,25897.0,Amp5,6.41
X-1543,RNF224,643596.0,MutNovel,"A93V,0.750"
X-1543,ROS1,6098.0,Del0.8,0.74
X-1543,RP1,6101.0,Amp5,6.45
X-1543,RP1L1,94137.0,Del0.8,0.78
X-1543,RPF2,84154.0,Del0.8,0.73
X-1543,RPL30,6156.0,Amp5,6.41
X-1543,RPL7,6129.0,Amp5,6.28
X-1543,RPL8,6132.0,Amp5,6.28
X-1543,RPS20,6224.0,Amp5,6.45
X-1543,RPS4Y1,6192.0,Del0.8,0.25
X-1543,RPS4Y2,140032.0,Del0.8,0.21
X-1543,RRM2B,50484.0,Amp5,6.41
X-1543,RRS1,23212.0,Amp5,6.32
X-1543,RSPH4A,345895.0,Del0.8,0.74
X-1543,RSPH9,221421.0,Amp5,5.43
X-1543,RSPO2,340419.0,Amp5,6.41
X-1543,RUNX1T1,862.0,Amp5,6.19
X-1543,RWDD1,51389.0,Del0.8,0.74
X-1543,SAMD12,401474.0,Amp5,6.73
X-1543,SAMD12-AS1,552860.0,Amp5,6.73
X-1543,SAYSD1,55776.0,Amp5,5.24
X-1543,SBF1P1,100133234.0,Amp5,6.45
X-1543,SC5DL,6309.0,MutKnownFunctional,"-89,0.293"
X-1543,SCAF11,9169.0,MutNovel,"D342H,0.292"
X-1543,SCRIB,23513.0,Amp5,6.28
X-1543,SCRT1,83482.0,Amp5,6.28
X-1543,SCXA,100129885.0,Amp5,6.28
X-1543,SDC2,6383.0,Amp5,6.41
X-1543,SDCBP,6386.0,Amp5,6.45
X-1543,SDR16C5,195814.0,Amp5,6.45
X-1543,SDSL,113675.0,MutKnownFunctional,"-228,0.333"
X-1543,SEC63,11231.0,MutNovel,"EV568V,0.270"
X-1543,SERINC1,57515.0,Del0.8,0.74
X-1543,SERINC2,347735.0,MutNovel,"-373Q,0.645"
X-1543,SESN1,27244.0,Del0.8,0.73
X-1543,SFTA2,389376.0,Amp5,6.41
X-1543,SGK223,157285.0,Del0.8,0.76
X-1543,SGK3,23678.0,Amp5,6.32
X-1543,SHARPIN,81858.0,Amp5,6.28
X-1543,SIPA1L3,23094.0,MutNovel,"R226L,0.500"
X-1543,SIRPB1,10326.0,MutNovel,"V131T,1.000"
X-1543,SIRT4,23409.0,MutNovel,"E306Q,0.558"
X-1543,SLA,6503.0,Amp5,6.06
X-1543,SLC10A5,347051.0,Amp5,6.28
X-1543,SLC16A10,117247.0,Del0.8,0.73
X-1543,SLC22A16,85413.0,Del0.8,0.73
X-1543,SLC22A7,10864.0,Amp5,5.43
X-1543,SLC25A32,81034.0,Amp5,6.41
X-1543,SLC26A7,115111.0,Amp5,6.19
X-1543,SLC29A1,2030.0,Amp5,5.43
X-1543,SLC30A8,169026.0,Amp5,6.73
X-1543,SLC35B2,347734.0,Amp5,5.43
X-1543,SLC35F1,222553.0,Del0.8,0.74
X-1543,SLC35G5,83650.0,Del0.8,0.78
X-1543,SLC39A4,55630.0,Amp5,6.28
X-1543,SLC45A4,57210.0,Amp5,6.06
X-1543,SLC7A13,157724.0,Amp5,6.19
X-1543,SLC9B1,150159.0,MutNovel,"R412Q,1.000"
X-1543,SLCO5A1,81796.0,Amp5,5.9
X-1543,SLURP1,57152.0,Amp5,6.28
X-1543,SMG9,56006.0,MutNovel,"V166M,0.460"
X-1543,SMPD2,6610.0,Del0.8,0.73
X-1543,SMPDL3A,10924.0,Del0.8,0.74
X-1543,SNAI2,6591.0,Amp5,6.45
X-1543,SNHG6,641638.0,Amp5,6.32
X-1543,SNORA38,677820.0,Amp5,6.5
X-1543,SNORA72,26775.0,Amp5,6.41
X-1543,SNORD117,692233.0,Amp5,6.5
X-1543,SNORD54,26795.0,Amp5,6.45
X-1543,SNORD84,692199.0,Amp5,6.5
X-1543,SNORD87,641648.0,Amp5,6.32
X-1543,SNRPB2,6629.0,MutNovel,"R181C,0.257"
X-1543,SNTB1,6641.0,Amp5,6.73
X-1543,SNTG1,54212.0,Amp5,6.45
X-1543,SNX16,64089.0,Amp5,6.28
X-1543,SNX3,8724.0,Del0.8,0.73
X-1543,SNX31,169166.0,Amp5,6.41
X-1543,SOCS4,122809.0,MutNovel,"S125R,1.000"
X-1543,SOX17,64321.0,Amp5,6.45
X-1543,SOX4,6659.0,Amp5,5.28
X-1543,SOX7,83595.0,Del0.8,0.78
X-1543,SPAG1,6674.0,Amp5,6.41
X-1543,SPATC1,375686.0,Amp5,6.28
X-1543,SPATS1,221409.0,Amp5,5.43
X-1543,SPRTN,,MutNovel,"T386M,0.226"
X-1543,SQLE,6713.0,Amp5,6.73
X-1543,SRF,6722.0,Amp5,5.43
X-1543,SRRM2,23524.0,MutNovel,"V2385M,0.648"
X-1543,SRY,6736.0,Del0.8,0.25
X-1543,ST18,9705.0,Amp5,6.45
X-1543,ST3GAL1,6482.0,Amp5,6.06
X-1543,STAU2,27067.0,Amp5,6.28
X-1543,STK3,6788.0,Amp5,6.41
X-1543,STMN2,11075.0,Amp5,6.28
X-1543,SULF1,23213.0,Amp5,5.9
X-1543,SYBU,55638.0,Amp5,6.41
X-1543,SYNE1,23345.0,MutNovel,"F6515S,0.833"
X-1543,SYTL2,54843.0,MutNovel,"V153L,0.750"
X-1543,SZT2,23334.0,MutNovel,"G171A,0.455"
X-1543,TAF2,6873.0,Amp5,6.73
X-1543,TATDN1,83940.0,Amp5,6.73
X-1543,TBC1D3H,729877.0,MutNovel,"E336D,1.000"
X-1543,TBCK,93627.0,MutNovel,"K285N,0.238"
X-1543,TBL1Y,90665.0,Del0.8,0.21
X-1543,TCEA1,6917.0,Amp5,6.45
X-1543,TCEB1,6921.0,Amp5,6.28
X-1543,TCF19,6941.0,Amp5,6.41
X-1543,TCF24,100129654.0,Amp5,6.32
X-1543,TCTE1,202500.0,Amp5,5.43
X-1543,TDH,157739.0,Del0.8,0.78
X-1543,TDRG1,732253.0,Amp5,5.24
X-1543,TERF1,7013.0,Amp5,6.28
X-1543,TET2,54790.0,MutNovel,"SL1898S,0.929"
X-1543,TEX2,55852.0,MutNovel,"G757A,0.283"
X-1543,TFEB,7942.0,Amp5,5.24
X-1543,TG,7038.0,Amp5,6.06
X-1543,TGIF2LY,90655.0,Del0.8,0.25
X-1543,TGS1,96764.0,Amp5,6.45
X-1543,THAP4,51078.0,MutNovel,"E165Q,0.500"
X-1543,THRB,7068.0,MutNovel,"S82T,0.600"
X-1543,TIE1,7075.0,MutNovel,"A916T,0.625"
X-1543,TIGD5,84948.0,Amp5,6.28
X-1543,TINF2,26277.0,MutNovel,"S448C,0.995"
X-1543,TJAP1,93643.0,Amp5,5.43
X-1543,TMCO4,255104.0,MutKnownFunctional,"-468,0.577"
X-1543,TMED10P1,286102.0,Amp5,6.28
X-1543,TMEM151B,441151.0,Amp5,5.43
X-1543,TMEM189,387521.0,Amp5,5.21
X-1543,TMEM189-UBE2V1,387522.0,Amp5,5.21
X-1543,TMEM41A,90407.0,MutNovel,"A17S,0.256"
X-1543,TMEM55A,55529.0,Amp5,6.19
X-1543,TMEM63B,55362.0,Amp5,5.43
X-1543,TMEM64,169200.0,Amp5,6.19
X-1543,TMEM65,157378.0,Amp5,6.73
X-1543,TMEM67,91147.0,Amp5,6.19
X-1543,TMEM68,137695.0,Amp5,6.45
X-1543,TMEM70,54968.0,Amp5,6.28
X-1543,TMEM71,137835.0,Amp5,6.06
X-1543,TMEM74,157753.0,Amp5,6.41
X-1543,TMSB4Y,9087.0,Del0.8,0.21
X-1543,TNF,7124.0,Amp5,6.5
X-1543,TNFRSF11B,4982.0,Amp5,6.73
X-1543,TNKS,8658.0,Del0.8,0.62
X-1543,TOMM6,100188893.0,Amp5,5.24
X-1543,TONSL,4796.0,Amp5,6.28
X-1543,TOP1MT,116447.0,Amp5,6.28
X-1543,TOX,9760.0,Amp5,6.45
X-1543,TP53,7157.0,MutKnownFunctional,"-288?,0.963"
X-1543,TP53INP1,94241.0,Amp5,5.1
X-1543,TPD52,7163.0,Amp5,6.28
X-1543,TPI1P3,728402.0,Del0.8,0.74
X-1543,TPX2,22974.0,MutNovel,"A126V,0.998"
X-1543,TRAF3IP2,10758.0,Del0.8,0.73
X-1543,TRAF3IP2-AS1,643749.0,Del0.8,0.73
X-1543,TRAM1,23471.0,Amp5,5.78
X-1543,TRAPPC9,83696.0,Amp5,6.06
X-1543,TRDN,10345.0,Del0.8,0.74
X-1543,TREM1,54210.0,Amp5,5.24
X-1543,TREM2,54209.0,Amp5,5.24
X-1543,TREML1,340205.0,Amp5,5.24
X-1543,TREML2,79865.0,Amp5,5.24
X-1543,TREML4,285852.0,Amp5,5.24
X-1543,TRHR,7201.0,Amp5,6.41
X-1543,TRIB1,10221.0,Amp5,6.73
X-1543,TRIM55,84675.0,Amp5,6.32
X-1543,TRMT12,55039.0,Amp5,6.73
X-1543,TRPA1,8989.0,Amp5,6.28
X-1543,TRPS1,7227.0,Amp5,6.73
X-1543,TSNARE1,203062.0,Amp5,6.28
X-1543,TSPO2,222642.0,Amp5,5.24
X-1543,TSPY1,7258.0,Del0.8,0.21
X-1543,TSPY2,64591.0,Del0.8,0.21
X-1543,TSPY3,728137.0,Del0.8,0.21
X-1543,TSPY4,728395.0,Del0.8,0.21
X-1543,TSPY8,728403.0,Del0.8,0.21
X-1543,TSPYL1,7259.0,MutNovel,"V176VW,0.889"
X-1543,TSPYL1,7259.0,Del0.8,0.74
X-1543,TSPYL4,23270.0,Del0.8,0.74
X-1543,TSPYL5,85453.0,Amp5,6.41
X-1543,TSTA3,7264.0,Amp5,6.28
X-1543,TTBK1,84630.0,Amp5,5.43
X-1543,TTC21A,199223.0,MutNovel,"A771T,0.455"
X-1543,TTPA,7274.0,Amp5,6.32
X-1543,TTTY10,246119.0,Del0.8,0.21
X-1543,TTTY11,83866.0,Del0.8,0.21
X-1543,TTTY12,83867.0,Del0.8,0.21
X-1543,TTTY13,83868.0,Del0.8,0.21
X-1543,TTTY14,83869.0,Del0.8,0.21
X-1543,TTTY15,64595.0,Del0.8,0.21
X-1543,TTTY16,252948.0,Del0.8,0.21
X-1543,TTTY17A,252949.0,Del0.8,0.21
X-1543,TTTY17A,252949.0,Del0.8,0.21
X-1543,TTTY18,252950.0,Del0.8,0.21
X-1543,TTTY19,252952.0,Del0.8,0.21
X-1543,TTTY1B,100101116.0,Del0.8,0.21
X-1543,TTTY1B,100101116.0,Del0.8,0.21
X-1543,TTTY2,60439.0,Del0.8,0.21
X-1543,TTTY2,60439.0,Del0.8,0.21
X-1543,TTTY20,252951.0,Del0.8,0.21
X-1543,TTTY21,252953.0,Del0.8,0.21
X-1543,TTTY21,252953.0,Del0.8,0.21
X-1543,TTTY22,252954.0,Del0.8,0.21
X-1543,TTTY23,252955.0,Del0.8,0.21
X-1543,TTTY23,252955.0,Del0.8,0.21
X-1543,TTTY3,114760.0,Del0.8,0.21
X-1543,TTTY3,114760.0,Del0.8,0.21
X-1543,TTTY4,114761.0,Del0.8,0.21
X-1543,TTTY4,114761.0,Del0.8,0.21
X-1543,TTTY5,83863.0,Del0.8,0.21
X-1543,TTTY6,84672.0,Del0.8,0.21
X-1543,TTTY6,84672.0,Del0.8,0.21
X-1543,TTTY7,246122.0,Del0.8,0.21
X-1543,TTTY7,246122.0,Del0.8,0.21
X-1543,TTTY7B,100101120.0,Del0.8,0.21
X-1543,TTTY7B,100101120.0,Del0.8,0.21
X-1543,TTTY8,84673.0,Del0.8,0.21
X-1543,TTTY8,84673.0,Del0.8,0.21
X-1543,TTTY9A,83864.0,Del0.8,0.21
X-1543,TTTY9A,83864.0,Del0.8,0.21
X-1543,TUBA8,51807.0,MutNovel,"R320Q,0.413"
X-1543,TUBB,203068.0,Amp5,6.41
X-1543,TUBE1,51175.0,Del0.8,0.74
X-1543,TXLNG2P,246126.0,Del0.8,0.21
X-1543,UBE2V1,7335.0,Amp5,5.21
X-1543,UBE2V2,7336.0,Amp5,6.45
X-1543,UBE2W,55284.0,Amp5,6.28
X-1543,UBR5,51366.0,Amp5,6.41
X-1543,UBXN2B,137886.0,Amp5,6.45
X-1543,UG0898H09,643763.0,Amp5,6.32
X-1543,UNC5CL,222643.0,Amp5,5.24
X-1543,UQCRB,7381.0,Amp5,6.41
X-1543,USP3,9960.0,MutNovel,"V47I,1.000"
X-1543,USP32P2,220594.0,Del0.8,0.48
X-1543,USP9Y,8287.0,Del0.8,0.21
X-1543,UTP23,84294.0,Amp5,6.73
X-1543,UTY,7404.0,Del0.8,0.21
X-1543,VARS2,57176.0,Amp5,6.41
X-1543,VCPIP1,80124.0,Amp5,6.32
X-1543,VCY,9084.0,Del0.8,0.21
X-1543,VCY,9084.0,Del0.8,0.21
X-1543,VEGFA,7422.0,Amp5,5.43
X-1543,VEZT,55591.0,MutKnownFunctional,"-258?,0.262"
X-1543,VGLL2,245806.0,Del0.8,0.74
X-1543,VPS13B,157680.0,Amp5,6.41
X-1543,VPS28,51160.0,Amp5,6.28
X-1543,VSTM4,196740.0,MutNovel,"A108T,0.500"
X-1543,WASF1,8936.0,Del0.8,0.73
X-1543,WDR67,93594.0,Amp5,6.73
X-1543,WDYHV1,55093.0,Amp5,6.73
X-1543,WISP1,8840.0,Amp5,6.06
X-1543,WISP3,8838.0,Del0.8,0.74
X-1543,WWP1,11059.0,Amp5,6.19
X-1543,XKR4,114786.0,Amp5,6.45
X-1543,XKR5,389610.0,Del0.8,0.77
X-1543,XKR6,286046.0,Del0.8,0.78
X-1543,XKR9,389668.0,Amp5,5.78
X-1543,XKRY2,353515.0,Del0.8,0.21
X-1543,XKRY2,353515.0,Del0.8,0.21
X-1543,XPO5,57510.0,Amp5,5.43
X-1543,YIPF3,25844.0,Amp5,5.43
X-1543,YTHDF3,253943.0,Amp5,6.32
X-1543,YWHAZ,7534.0,Amp5,6.41
X-1543,ZBTB10,65986.0,Amp5,6.28
X-1543,ZBTB24,9841.0,Del0.8,0.73
X-1543,ZC3H3,23144.0,Amp5,6.28
X-1543,ZDHHC8,29801.0,MutNovel,"P748T,0.762"
X-1543,ZFAND1,79752.0,Amp5,6.28
X-1543,ZFAT,57623.0,Amp5,6.06
X-1543,ZFAT-AS1,594840.0,Amp5,6.06
X-1543,ZFHX4,79776.0,Amp5,6.28
X-1543,ZFP41,286128.0,Amp5,6.28
X-1543,ZFPM1,161882.0,MutNovel,"P902S,0.381"
X-1543,ZFPM2,23414.0,Amp5,6.41
X-1543,ZFY,7544.0,Del0.8,0.25
X-1543,ZHX1,11244.0,Amp5,6.73
X-1543,ZHX1-C8ORF76,100533106.0,Amp5,6.73
X-1543,ZHX2,22882.0,Amp5,6.73
X-1543,ZMYM5,9205.0,MutNovel,"E140K,0.529"
X-1543,ZNF16,7564.0,Amp5,6.28
X-1543,ZNF250,58500.0,Amp5,6.28
X-1543,ZNF251,90987.0,Amp5,6.28
X-1543,ZNF318,24149.0,Amp5,5.43
X-1543,ZNF34,80778.0,Amp5,6.28
X-1543,ZNF384,171017.0,MutNovel,"QQ514Q,0.424"
X-1543,ZNF517,340385.0,Amp5,6.28
X-1543,ZNF572,137209.0,Amp5,6.73
X-1543,ZNF623,9831.0,Amp5,6.28
X-1543,ZNF662,389114.0,MutNovel,"KE118K,0.343"
X-1543,ZNF696,79943.0,Amp5,6.28
X-1543,ZNF7,7553.0,Amp5,6.28
X-1543,ZNF704,619279.0,Amp5,6.28
X-1543,ZNF705A,440077.0,MutNovel,"K87T,1.000"
X-1543,ZNF706,51123.0,Amp5,6.41
X-1543,ZNF707,286075.0,Amp5,6.28
X-1543,ZNF780A,284323.0,MutNovel,"Q600H,0.250"
X-1543,ZUFSP,221302.0,Del0.8,0.74
X-1600,ACAN,176.0,MutNovel,"A1232T,1.000"
X-1600,ACRC,93953.0,MutNovel,"S212L,1.000"
X-1600,ADAMTS9,56999.0,MutNovel,"C1254R,0.359"
X-1600,AGBL5,60509.0,MutNovel,"F152V,0.498"
X-1600,AGER,177.0,MutNovel,"P243L,0.533"
X-1600,AMELY,266.0,Del0.8,0.36
X-1600,BARX1,56033.0,MutNovel,"A48T,0.840"
X-1600,BCORP1,286554.0,Del0.8,0.36
X-1600,BEND3,57673.0,MutNovel,"D121H,0.417"
X-1600,BPY2B,442867.0,Del0.8,0.36
X-1600,BPY2B,442867.0,Del0.8,0.36
X-1600,C10orf10,11067.0,MutNovel,"A87T,0.500"
X-1600,C1orf85,112770.0,MutNovel,"E328K,0.560"
X-1600,C21orf58,54058.0,MutNovel,"H299PN,1.000"
X-1600,C21orf58,54058.0,MutNovel,"P226S,0.400"
X-1600,C3AR1,719.0,MutNovel,"S470L,0.538"
X-1600,C9orf53,51198.0,Del0.8,0.45
X-1600,CA9,768.0,MutNovel,"LP83PP,0.230"
X-1600,CABLES1,91768.0,MutNovel,"G99C,1.000"
X-1600,CAPN6,827.0,MutNovel,"E210-,1.000"
X-1600,CAPS,828.0,MutNovel,"R94Q,0.515"
X-1600,CASP1,834.0,MutNovel,"K37Q,0.600"
X-1600,CCAR1,55749.0,MutNovel,"K800R,0.584"
X-1600,CCDC103,388389.0,MutKnownFunctional,"R101*,0.227"
X-1600,CCDC104,112942.0,MutNovel,"E8D,0.546"
X-1600,CCDC74A,90557.0,MutNovel,"R149H,0.750"
X-1600,CCDC93,54520.0,MutNovel,"A327G,0.487"
X-1600,CCNG2,901.0,MutNovel,"P95R,0.463"
X-1600,CDC42EP1,11135.0,MutNovel,"PAPAANPS253P,0.258"
X-1600,CDHR5,53841.0,MutNovel,"A607P,0.333"
X-1600,CDKN2A,1029.0,Del0.8,0.45
X-1600,CDKN2B,1030.0,Del0.8,0.67
X-1600,CDY1B,253175.0,Del0.8,0.36
X-1600,CDY1B,253175.0,Del0.8,0.36
X-1600,CDY2A,9426.0,Del0.8,0.36
X-1600,CDY2A,9426.0,Del0.8,0.36
X-1600,CDY2B,203611.0,Del0.8,0.36
X-1600,CDY2B,203611.0,Del0.8,0.36
X-1600,CENPW,387103.0,MutNovel,"C47F,0.480"
X-1600,CEP95,90799.0,MutNovel,"R465K,0.411"
X-1600,CFHR1,3078.0,Amp5,5.24
X-1600,CFHR3,10878.0,Amp5,5.24
X-1600,CNST,163882.0,MutNovel,"P302A,0.356"
X-1600,COIL,8161.0,MutNovel,"G63E,0.469"
X-1600,COL6A6,131873.0,MutNovel,"E1435K,0.545"
X-1600,COPZ2,51226.0,MutKnownFunctional,"-6?,1.000"
X-1600,CRYBG3,,MutNovel,"G1001D,0.533"
X-1600,CRYL1,51084.0,MutNovel,"Q82R,0.425"
X-1600,CSPG4P1Y,114758.0,Del0.8,0.36
X-1600,CSPG4P1Y,114758.0,Del0.8,0.36
X-1600,CTNND1,1500.0,MutNovel,"V329M,0.510"
X-1600,CTR9,9646.0,MutNovel,"R218H,0.525"
X-1600,CTSA,5476.0,MutNovel,"L29-,0.439"
X-1600,CTTNBP2,83992.0,MutNovel,"R911K,0.283"
X-1600,DAGLB,221955.0,MutNovel,"C328R,0.344"
X-1600,DAZ1,1617.0,Del0.8,0.36
X-1600,DAZ2,57055.0,Del0.8,0.36
X-1600,DAZ3,57054.0,Del0.8,0.36
X-1600,DAZ3,57054.0,Del0.8,0.36
X-1600,DAZ4,57135.0,Del0.8,0.36
X-1600,DAZ4,57135.0,Del0.8,0.36
X-1600,DCTN1,1639.0,MutNovel,"I87V,0.502"
X-1600,DDHD2,23259.0,MutNovel,"I501T,0.506"
X-1600,DDX3Y,8653.0,Del0.8,0.36
X-1600,DENND4B,9909.0,MutNovel,"QQQ908-,1.000"
X-1600,DENND4C,55667.0,MutKnownFunctional,"-1674,0.507"
X-1600,DHX37,57647.0,MutNovel,"A311V,0.550"
X-1600,DKFZp686O1327,401014.0,Del0.8,0.22
X-1600,DNAJC9,23234.0,MutNovel,"C150W,0.500"
X-1600,DTYMK,1841.0,MutNovel,"V193M,0.512"
X-1600,E4F1,1877.0,MutNovel,"V417M,0.478"
X-1600,ECI1,1632.0,MutNovel,"F187C,0.393"
X-1600,EIF1AY,9086.0,Del0.8,0.36
X-1600,EIF2AK1,27102.0,MutNovel,"V79M,0.707"
X-1600,ENDOG,2021.0,MutNovel,"R285Q,0.547"
X-1600,ERICH1,157697.0,MutNovel,"R67W,0.530"
X-1600,FAM120C,54954.0,MutNovel,"P110RRP,1.000"
X-1600,FAM161A,84140.0,MutNovel,"C406Y,0.464"
X-1600,FAM171B,165215.0,MutNovel,"-50Q,1.000"
X-1600,FAM197Y2P,252946.0,Del0.8,0.36
X-1600,FAM41AY1,340618.0,Del0.8,0.36
X-1600,FAM41AY1,340618.0,Del0.8,0.36
X-1600,FAT1,2195.0,MutNovel,"A3154T,0.594"
X-1600,FGF5,2250.0,MutNovel,"E223EQ,0.500"
X-1600,FMO4,2329.0,MutKnownFunctional,"-258,0.526"
X-1600,FNDC1,84624.0,MutNovel,"ATTRRTT1471A,1.000"
X-1600,FOXK2,3607.0,MutNovel,"Q499H,0.511"
X-1600,FOXL2,668.0,MutNovel,"A179G,0.611"
X-1600,GAGE1,2543.0,MutNovel,"M97V,0.476"
X-1600,GAGE12C,,MutNovel,"M23V,0.552"
X-1600,GAGE12C,,MutNovel,"M97V,0.667"
X-1600,GAGE12D,100132399.0,MutNovel,"M23V,0.579"
X-1600,GAGE12D,100132399.0,MutNovel,"M97V,0.833"
X-1600,GAGE12E,,MutNovel,"M23V,0.471"
X-1600,GAGE12E,,MutNovel,"M97V,0.300"
X-1600,GAGE12F,100008586.0,MutNovel,"M97V,1.000"
X-1600,GAGE12G,,MutNovel,"Y9C,0.603"
X-1600,GAGE12G,,MutNovel,"M23V,0.571"
X-1600,GAGE12H,,MutNovel,"R13S,0.626"
X-1600,GAGE12H,,MutNovel,"M23V,0.316"
X-1600,GAGE12H,,MutNovel,"M97V,0.500"
X-1600,GAGE12J,729396.0,MutNovel,"M97V,0.685"
X-1600,GAGE13,645051.0,MutNovel,"M97V,0.881"
X-1600,GAGE2A,729447.0,MutNovel,"R27Q,0.305"
X-1600,GAGE2D,729408.0,MutNovel,"M96V,0.227"
X-1600,GAGE2E,26749.0,MutNovel,"M96V,0.556"
X-1600,GFPT2,9945.0,MutKnownFunctional,"-10,0.529"
X-1600,GOLGA2P2Y,84559.0,Del0.8,0.36
X-1600,GOLGA2P2Y,84559.0,Del0.8,0.36
X-1600,GPR146,115330.0,MutNovel,"G149S,0.759"
X-1600,GPR161,23432.0,MutKnownFunctional,"-18?,0.316"
X-1600,GRIK2,2898.0,MutNovel,"R458Q,0.447"
X-1600,GRIN2D,2906.0,MutNovel,"G1317S,0.316"
X-1600,GSTT1,2952.0,Amp5,6.82
X-1600,GSTTP1,25774.0,Amp5,6.82
X-1600,GSTTP2,653399.0,Amp5,6.82
X-1600,GTDC1,79712.0,Del0.8,0.35
X-1600,GYG2P1,352887.0,Del0.8,0.36
X-1600,HAS3,3038.0,MutNovel,"V277I,0.486"
X-1600,HEG1,57493.0,MutNovel,"L23LW,1.000"
X-1600,HFE,3077.0,MutNovel,"G93V,0.525"
X-1600,HIVEP2,3097.0,MutNovel,"Q83P,0.609"
X-1600,HLA-DRB5,3127.0,Amp5,5.7
X-1600,HLA-DRB6,3128.0,Amp5,5.7
X-1600,HPS1,3257.0,MutNovel,"P231L,0.548"
X-1600,HSFY2,159119.0,Del0.8,0.36
X-1600,HSFY2,159119.0,Del0.8,0.36
X-1600,HSPA1L,3305.0,MutNovel,"I505M,0.286"
X-1600,HSPG2,3339.0,MutNovel,"R3257Q,0.460"
X-1600,HYAL3,8372.0,MutNovel,"P51L,0.583"
X-1600,IARS2,55699.0,MutNovel,"N409I,0.474"
X-1600,IGF2R,3482.0,MutNovel,"P1288L,0.518"
X-1600,IL1RAPL1,11141.0,Del0.8,0.72
X-1600,INTS1,26173.0,MutNovel,"E1008-,0.367"
X-1600,INTS9,55756.0,MutNovel,"A219V,0.388"
X-1600,KAT6B,23522.0,MutNovel,"EEE1360-,0.231"
X-1600,KDM5D,8284.0,Del0.8,0.36
X-1600,KIAA0947,23379.0,MutNovel,"E1102D,0.552"
X-1600,KIAA1199,57214.0,MutNovel,"N312S,0.489"
X-1600,LCMT1,51451.0,MutNovel,"M233T,0.526"
X-1600,LCP1,3936.0,MutNovel,"L568F,0.213"
X-1600,LENG1,79165.0,MutNovel,"R137Q,0.528"
X-1600,LOC100132287,100132287.0,Amp5,6.32
X-1600,LOC100133331,100133331.0,Amp5,6.32
X-1600,LOC100287837,,MutNovel,"E5ER,0.478"
X-1600,LOC100996575,,MutKnownFunctional,"Q65*,0.280"
X-1600,LOC391322,391322.0,Amp5,6.82
X-1600,LOC643699,,MutNovel,"N456K,1.000"
X-1600,LOC729737,729737.0,Amp5,6.32
X-1600,LRP1B,53353.0,MutNovel,"N1983S,1.000"
X-1600,LRP5,4041.0,MutNovel,"P1504L,0.700"
X-1600,LSR,51599.0,MutNovel,"G518GR,1.000"
X-1600,MAGEB6,158809.0,MutNovel,"R98H,1.000"
X-1600,MAML1,9794.0,MutNovel,"G124S,0.575"
X-1600,MAPRE2,10982.0,MutNovel,"P322L,0.496"
X-1600,MBNL3,55796.0,MutNovel,"A208T,1.000"
X-1600,MED12,9968.0,MutNovel,"G44D,1.000"
X-1600,MED15,51586.0,MutNovel,"-251Q,0.371"
X-1600,MEF2A,4205.0,MutNovel,"QQ412-,0.364"
X-1600,MEOX2,4223.0,MutNovel,"HH76H,0.592"
X-1600,MIDN,90007.0,MutNovel,"C20G,0.545"
X-1600,MLLT10,8028.0,MutNovel,"V1053I,0.433"
X-1600,MPRIP,23164.0,MutNovel,"TS178T,1.000"
X-1600,MRPS18B,28973.0,MutNovel,"R71C,0.477"
X-1600,MST1,4485.0,MutKnownFunctional,"Q41*,0.400"
X-1600,MYH4,4622.0,MutNovel,"E510D,1.000"
X-1600,NBEA,26960.0,MutNovel,"G388R,0.667"
X-1600,NBPF10,100132406.0,MutNovel,"G2792S,0.400"
X-1600,NBR1,4077.0,MutNovel,"K689E,0.490"
X-1600,NCOA3,8202.0,MutNovel,"Q1255-,1.000"
X-1600,NCOR2,9612.0,MutNovel,"G1839GAAA,0.991"
X-1600,NCRNA00185,55410.0,Del0.8,0.36
X-1600,NEFH,4744.0,MutNovel,"KAKSPEKEE651K,0.488"
X-1600,NFE2L3,9603.0,MutNovel,"A149V,0.391"
X-1600,NIPA1,123606.0,MutNovel,"AA15A,0.857"
X-1600,NISCH,11188.0,MutNovel,"R616W,0.428"
X-1600,NLGN4Y,22829.0,Del0.8,0.36
X-1600,NR1H2,7376.0,MutNovel,"-173Q,1.000"
X-1600,NT5DC2,64943.0,MutNovel,"A63G,0.511"
X-1600,NUDT11,55190.0,MutKnownFunctional,"-1,1.000"
X-1600,OPTN,10133.0,MutNovel,"E11K,0.476"
X-1600,OR2T10,127069.0,Amp5,5.35
X-1600,OR2T29,343563.0,Amp5,5.35
X-1600,OR2T34,127068.0,Amp5,5.35
X-1600,OR4C6,219432.0,Del0.8,0.7
X-1600,OR4F29,729759.0,Amp5,6.32
X-1600,OR4P4,81300.0,Del0.8,0.7
X-1600,OR4S2,219431.0,Del0.8,0.7
X-1600,ORAI1,84876.0,MutNovel,"PP43-,1.000"
X-1600,PALM2-AKAP2,445815.0,MutNovel,"-840EA,0.505"
X-1600,PAPSS2,9060.0,MutNovel,"LE616L,0.435"
X-1600,PCDH11Y,83259.0,Del0.8,0.36
X-1600,PCDH18,54510.0,MutNovel,"F472Y,0.431"
X-1600,PCM1,5108.0,MutNovel,"I1698L,0.530"
X-1600,PDPR,55066.0,MutNovel,"R703W,0.271"
X-1600,PDXDC1,23042.0,MutNovel,"R366W,0.207"
X-1600,PEX1,5189.0,MutNovel,"R183Q,0.347"
X-1600,PHLDA1,22822.0,MutNovel,"QQ194Q,1.000"
X-1600,PIEZO1,9780.0,MutNovel,"P2510L,0.484"
X-1600,PIEZO2,63895.0,MutNovel,"T902S,0.565"
X-1600,PKHD1,5314.0,MutNovel,"I3658T,0.500"
X-1600,PLEKHA8,84725.0,MutNovel,"I365T,0.426"
X-1600,PMFBP1,83449.0,MutNovel,"A366V,0.833"
X-1600,POLR2J2,246721.0,MutNovel,"F10L,0.318"
X-1600,POTEF,728378.0,MutNovel,"M771I,1.000"
X-1600,PPM1F,9647.0,MutNovel,"EE112E,0.372"
X-1600,PPP2R3C,55012.0,MutKnownFunctional,"-23?,1.000"
X-1600,PRKY,5616.0,Del0.8,0.36
X-1600,PRRC2A,7916.0,MutNovel,"R1398H,0.487"
X-1600,PRY,9081.0,Del0.8,0.36
X-1600,PRY,9081.0,Del0.8,0.36
X-1600,PRY2,442862.0,Del0.8,0.36
X-1600,PRY2,442862.0,Del0.8,0.36
X-1600,PTPN4,5775.0,MutNovel,"T405M,0.456"
X-1600,RAD50,10111.0,MutNovel,"R138Q,0.435"
X-1600,RARA,5914.0,MutNovel,"Q296E,0.523"
X-1600,RBMS3,27303.0,MutNovel,"N125D,0.478"
X-1600,RBMY1A3P,286557.0,Del0.8,0.36
X-1600,RBMY1B,378948.0,Del0.8,0.36
X-1600,RBMY1B,378948.0,Del0.8,0.36
X-1600,RBMY1E,378950.0,Del0.8,0.36
X-1600,RBMY1E,378950.0,Del0.8,0.36
X-1600,RBMY1F,159163.0,Del0.8,0.36
X-1600,RBMY1F,159163.0,Del0.8,0.36
X-1600,RBMY1J,378951.0,Del0.8,0.36
X-1600,RBMY1J,378951.0,Del0.8,0.36
X-1600,RBMY2EP,159125.0,Del0.8,0.36
X-1600,RBMY2FP,159162.0,Del0.8,0.36
X-1600,RBMY3AP,64593.0,Del0.8,0.36
X-1600,RHOBTB2,23221.0,MutNovel,"L317V,0.636"
X-1600,RNF40,9810.0,MutNovel,"R413W,0.494"
X-1600,RNPC3,55599.0,MutNovel,"S400F,0.364"
X-1600,RPS4Y1,6192.0,Del0.8,0.36
X-1600,RPS4Y2,140032.0,Del0.8,0.36
X-1600,RYR2,6262.0,MutKnownFunctional,"-1744?,0.250"
X-1600,SAMD15,161394.0,MutKnownFunctional,"-370?,0.263"
X-1600,SCLY,51540.0,MutNovel,"G181R,0.559"
X-1600,SERINC2,347735.0,MutNovel,"-373Q,0.500"
X-1600,SETBP1,26040.0,MutNovel,"V1295M,0.400"
X-1600,SETD2,29072.0,MutNovel,"V1990A,0.514"
X-1600,SETX,23064.0,MutNovel,"L1610F,0.561"
X-1600,SFXN3,81855.0,MutNovel,"N52K,0.526"
X-1600,SLC26A11,284129.0,MutNovel,"Y122C,1.000"
X-1600,SLC30A4,7782.0,Del0.8,0.75
X-1600,SMAD5,4090.0,MutKnownFunctional,"-438?,1.000"
X-1600,SNRNP70,6625.0,MutNovel,"R231RDR,0.394"
X-1600,SOGA2,,MutNovel,"R276C,0.455"
X-1600,SPAG5,10615.0,MutNovel,"R951Q,0.517"
X-1600,SPPL2B,56928.0,MutNovel,"A260T,0.409"
X-1600,SPTBN5,51332.0,MutKnownFunctional,"-2001,1.000"
X-1600,SRCAP,10847.0,MutNovel,"SF1866S,0.513"
X-1600,SRY,6736.0,Del0.8,0.36
X-1600,STAT2,6773.0,MutNovel,"G825C,0.526"
X-1600,STAT5A,6776.0,MutNovel,"L455F,0.588"
X-1600,STXBP2,6813.0,MutNovel,"A350T,0.459"
X-1600,SYNE1,23345.0,MutNovel,"R7563C,0.571"
X-1600,SYNM,23336.0,MutNovel,"P266S,0.571"
X-1600,TACC2,10579.0,MutNovel,"Y2523C,0.286"
X-1600,TAF1B,9014.0,MutNovel,"S504L,0.486"
X-1600,TBCCD1,55171.0,MutKnownFunctional,"-547Y?,0.500"
X-1600,TBL1Y,90665.0,Del0.8,0.36
X-1600,TBP,6908.0,MutNovel,"-64QQQ,0.895"
X-1600,TGIF2LY,90655.0,Del0.8,0.36
X-1600,TMBIM4,51643.0,MutKnownFunctional,"-174?,0.871"
X-1600,TMEM120A,83862.0,MutNovel,"L308I,0.443"
X-1600,TMEM63B,55362.0,MutNovel,"SG678S,0.508"
X-1600,TMSB4Y,9087.0,Del0.8,0.36
X-1600,TOPBP1,11073.0,MutNovel,"A1040T,0.491"
X-1600,TP53I3,9540.0,MutNovel,"Q311E,0.544"
X-1600,TRAF3IP3,80342.0,MutNovel,"R54G,1.000"
X-1600,TRIOBP,11078.0,MutNovel,"A561T,0.500"
X-1600,TSEN54,283989.0,MutNovel,"M1MEP,0.455"
X-1600,TSPY1,7258.0,Del0.8,0.36
X-1600,TSPY2,64591.0,Del0.8,0.36
X-1600,TSPY3,728137.0,Del0.8,0.36
X-1600,TSPY4,728395.0,Del0.8,0.36
X-1600,TSPY8,728403.0,Del0.8,0.36
X-1600,TSPYL1,7259.0,MutNovel,"V176VW,1.000"
X-1600,TTTY10,246119.0,Del0.8,0.36
X-1600,TTTY11,83866.0,Del0.8,0.36
X-1600,TTTY12,83867.0,Del0.8,0.36
X-1600,TTTY13,83868.0,Del0.8,0.36
X-1600,TTTY14,83869.0,Del0.8,0.36
X-1600,TTTY15,64595.0,Del0.8,0.36
X-1600,TTTY16,252948.0,Del0.8,0.36
X-1600,TTTY17A,252949.0,Del0.8,0.36
X-1600,TTTY17A,252949.0,Del0.8,0.36
X-1600,TTTY18,252950.0,Del0.8,0.36
X-1600,TTTY19,252952.0,Del0.8,0.36
X-1600,TTTY1B,100101116.0,Del0.8,0.36
X-1600,TTTY1B,100101116.0,Del0.8,0.36
X-1600,TTTY2,60439.0,Del0.8,0.36
X-1600,TTTY2,60439.0,Del0.8,0.36
X-1600,TTTY20,252951.0,Del0.8,0.36
X-1600,TTTY21,252953.0,Del0.8,0.36
X-1600,TTTY21,252953.0,Del0.8,0.36
X-1600,TTTY22,252954.0,Del0.8,0.36
X-1600,TTTY23,252955.0,Del0.8,0.36
X-1600,TTTY23,252955.0,Del0.8,0.36
X-1600,TTTY3,114760.0,Del0.8,0.36
X-1600,TTTY3,114760.0,Del0.8,0.36
X-1600,TTTY4,114761.0,Del0.8,0.36
X-1600,TTTY4,114761.0,Del0.8,0.36
X-1600,TTTY5,83863.0,Del0.8,0.36
X-1600,TTTY6,84672.0,Del0.8,0.36
X-1600,TTTY6,84672.0,Del0.8,0.36
X-1600,TTTY7,246122.0,Del0.8,0.36
X-1600,TTTY7,246122.0,Del0.8,0.36
X-1600,TTTY7B,100101120.0,Del0.8,0.36
X-1600,TTTY7B,100101120.0,Del0.8,0.36
X-1600,TTTY8,84673.0,Del0.8,0.36
X-1600,TTTY8,84673.0,Del0.8,0.36
X-1600,TTTY9A,83864.0,Del0.8,0.36
X-1600,TTTY9A,83864.0,Del0.8,0.36
X-1600,TXLNG2P,246126.0,Del0.8,0.36
X-1600,UBN1,29855.0,MutNovel,"S633N,0.541"
X-1600,USP32,84669.0,MutNovel,"N672H,0.500"
X-1600,USP36,57602.0,MutNovel,"KKK958K,0.531"
X-1600,USP9Y,8287.0,Del0.8,0.36
X-1600,UTY,7404.0,Del0.8,0.36
X-1600,VCY,9084.0,Del0.8,0.36
X-1600,VCY,9084.0,Del0.8,0.36
X-1600,VSIG8,391123.0,MutNovel,"P398L,0.614"
X-1600,WFS1,7466.0,MutNovel,"L549M,0.614"
X-1600,XKRY2,353515.0,Del0.8,0.36
X-1600,XKRY2,353515.0,Del0.8,0.36
X-1600,ZEB2,9839.0,Del0.8,0.35
X-1600,ZEB2-AS1,100303491.0,Del0.8,0.35
X-1600,ZFHX3,463.0,MutNovel,"F945Y,0.333"
X-1600,ZFP62,643836.0,MutNovel,"I717T,0.487"
X-1600,ZFY,7544.0,Del0.8,0.36
X-1600,ZFYVE19,84936.0,MutNovel,"R185C,0.984"
X-1600,ZNF219,51222.0,MutNovel,"QPP233P,0.500"
X-1600,ZNF280D,54816.0,MutNovel,"A529D,0.522"
X-1600,ZNF384,171017.0,MutNovel,"E206K,0.492"
X-1600,ZNF385A,25946.0,MutNovel,"T49S,0.250"
X-1600,ZNF429,353088.0,MutKnownFunctional,"-527,0.375"
X-1600,ZNF434,54925.0,MutNovel,"N432D,0.473"
X-1600,ZNF446,55663.0,MutNovel,"G194E,0.563"
X-1600,ZNF469,84627.0,MutNovel,"S539C,0.235"
X-1600,ZNF583,147949.0,MutNovel,"A256V,0.682"
X-1600,ZNF608,57507.0,MutNovel,"M1306V,0.521"
X-1600,ZNF780B,163131.0,MutKnownFunctional,"-298?,0.294"
X-1631,A1BG,1.0,MutNovel,"T231I,1.000"
X-1631,AATK,9625.0,MutNovel,"P1331PRP,0.875"
X-1631,ABCA7,10347.0,MutNovel,"V1092G,0.579"
X-1631,ACO1,48.0,MutNovel,"D131N,0.658"
X-1631,ADAMTSL4,54507.0,Amp5,5.94
X-1631,ADAMTSL5,339366.0,MutNovel,"R64Q,0.625"
X-1631,ADM,133.0,Del0.8,0.55
X-1631,ADRA2C,152.0,MutNovel,"E377Q,0.351"
X-1631,AGAP6,414189.0,MutNovel,"G370R,0.917"
X-1631,AGAP6,414189.0,MutNovel,"P391L,0.739"
X-1631,AGAP6,414189.0,MutKnownFunctional,"E621*,0.774"
X-1631,AHNAK2,113146.0,MutNovel,"G2824R,1.000"
X-1631,ALG1L2,644974.0,MutKnownFunctional,"K120*,1.000"
X-1631,ALG1L2,644974.0,MutNovel,"D147G,0.600"
X-1631,AMELY,266.0,Del0.8,0.49
X-1631,AMH,268.0,MutNovel,"S331P,0.625"
X-1631,ANK3,288.0,Del0.8,0.6
X-1631,ANKRD11,29123.0,MutNovel,"R2107C,0.688"
X-1631,ANKRD23,200539.0,MutNovel,"E113Q,0.667"
X-1631,ANKRD42,338699.0,Amp5,5.9
X-1631,ARHGEF11,9826.0,MutNovel,"V1118M,0.449"
X-1631,ARL3,403.0,Del0.8,0.43
X-1631,ARL6IP4,51329.0,MutNovel,"P115L,1.000"
X-1631,ATL1,51062.0,Del0.8,0.48
X-1631,ATP5SL,55101.0,Amp8,10.7
X-1631,B3GNT8,374907.0,Amp8,10.7
X-1631,BCORP1,286554.0,Del0.8,0.49
X-1631,BLOC1S3,388552.0,Del0.8,0.5
X-1631,BPY2B,442867.0,Del0.8,0.49
X-1631,BPY2B,442867.0,Del0.8,0.49
X-1631,BRSK2,9024.0,MutNovel,"Q630H,0.500"
X-1631,C10orf47,254427.0,MutNovel,"D394H,0.793"
X-1631,C11orf82,220042.0,Amp5,5.9
X-1631,C11orf86,254439.0,Amp5,5.62
X-1631,C14orf80,283643.0,MutNovel,"V163L,1.000"
X-1631,C17orf101,79701.0,MutKnownFunctional,"-316,0.917"
X-1631,C19orf33,64073.0,Amp8,10.13
X-1631,C19orf69,100170765.0,Amp8,10.7
X-1631,C2CD3,26005.0,MutNovel,"SR230R,0.286"
X-1631,C3orf71,646450.0,MutNovel,"A85T,1.000"
X-1631,C6orf136,221545.0,MutNovel,"D117N,0.600"
X-1631,C9orf91,203197.0,MutNovel,"N171S,0.500"
X-1631,CALM3,808.0,Amp8,10.41
X-1631,CAMSAP1,157922.0,MutNovel,"Q221E,0.250"
X-1631,CATSPERG,57828.0,Amp8,10.13
X-1631,CCDC106,29903.0,Amp8,8.69
X-1631,CCDC144NL,339184.0,Del0.8,0.61
X-1631,CCDC66,285331.0,MutNovel,"S606SP,1.000"
X-1631,CCDC89,220388.0,Amp5,6.02
X-1631,CD37,951.0,Amp8,11.55
X-1631,CDC25C,995.0,MutNovel,"D366E,0.333"
X-1631,CDK12,51755.0,MutKnownFunctional,"-131?,0.333"
X-1631,CDRT15L2,256223.0,Del0.8,0.61
X-1631,CDY1B,253175.0,Del0.8,0.49
X-1631,CDY1B,253175.0,Del0.8,0.49
X-1631,CDY2A,9426.0,Del0.8,0.49
X-1631,CDY2A,9426.0,Del0.8,0.49
X-1631,CDY2B,203611.0,Del0.8,0.49
X-1631,CDY2B,203611.0,Del0.8,0.49
X-1631,CEACAM1,634.0,Amp5,5.1
X-1631,CEACAM21,90273.0,Amp8,10.7
X-1631,CEACAM4,1089.0,Amp8,10.7
X-1631,CEACAM7,1087.0,Amp8,10.7
X-1631,CEACAM8,1088.0,Amp5,5.1
X-1631,CHAF1A,10036.0,MutNovel,"L256R,0.569"
X-1631,CIC,23152.0,Amp5,5.1
X-1631,CLSTN1,22883.0,MutNovel,"E107D,1.000"
X-1631,CNFN,84518.0,Amp5,5.1
X-1631,COL1A1,1277.0,MutNovel,"G530R,0.812"
X-1631,COMMD1,150684.0,Del0.8,0.71
X-1631,CREBZF,58487.0,Amp5,6.02
X-1631,CRIPAK,285464.0,MutKnownFunctional,"-88,0.287"
X-1631,CSMD1,64478.0,Del0.8,0.62
X-1631,CSPG4P1Y,114758.0,Del0.8,0.49
X-1631,CSPG4P1Y,114758.0,Del0.8,0.49
X-1631,CTBP1,1487.0,MutNovel,"V414L,0.417"
X-1631,CTBP1,1487.0,MutNovel,"D290N,0.326"
X-1631,CTSA,5476.0,MutNovel,"L29-,0.263"
X-1631,CXCL17,284340.0,Amp5,5.1
X-1631,DAB2IP,153090.0,MutNovel,"P673L,0.220"
X-1631,DACT3,147906.0,Amp8,10.41
X-1631,DAZ1,1617.0,Del0.8,0.49
X-1631,DAZ2,57055.0,Del0.8,0.49
X-1631,DAZ3,57054.0,Del0.8,0.49
X-1631,DAZ3,57054.0,Del0.8,0.49
X-1631,DAZ4,57135.0,Del0.8,0.49
X-1631,DAZ4,57135.0,Del0.8,0.49
X-1631,DDX3Y,8653.0,Del0.8,0.49
X-1631,DHCR24,1718.0,MutKnownFunctional,"Y507*,0.486"
X-1631,DHX38,9785.0,MutNovel,"Y1129C,0.317"
X-1631,DKFZp566F0947,94023.0,Amp5,5.31
X-1631,DKKL1,27120.0,Amp8,11.55
X-1631,DNAH9,1770.0,Del0.8,0.71
X-1631,DPF1,8193.0,Amp8,10.13
X-1631,DPP3,10072.0,MutNovel,"W543R,0.448"
X-1631,DUXA,503835.0,Amp8,11.24
X-1631,ECM1,1893.0,Amp5,5.94
X-1631,EI24,9538.0,MutKnownFunctional,"-283?,0.435"
X-1631,EIF1AY,9086.0,Del0.8,0.49
X-1631,EIF2B3,8891.0,MutNovel,"Q363H,0.250"
X-1631,EMR2,30817.0,MutNovel,"M542V,0.324"
X-1631,ENTPD5,957.0,MutNovel,"H139P,1.000"
X-1631,EPN1,29924.0,Amp8,8.69
X-1631,EPPK1,83481.0,MutNovel,"A2227V,0.264"
X-1631,EXOC2,55770.0,MutNovel,"T725A,0.491"
X-1631,FAM114A1,92689.0,MutNovel,"A380D,0.365"
X-1631,FAM115A,9747.0,MutNovel,"V593I,0.556"
X-1631,FAM132B,,MutNovel,"H359Q,1.000"
X-1631,FAM176C,,MutNovel,"R33C,1.000"
X-1631,FAM197Y2P,252946.0,Del0.8,0.49
X-1631,FAM205A,259308.0,MutNovel,"H886R,1.000"
X-1631,FAM208A,23272.0,MutNovel,"I331V,0.273"
X-1631,FAM21A,387680.0,MutNovel,"T533I,0.278"
X-1631,FAM21C,253725.0,MutNovel,"E607K,0.789"
X-1631,FAM25G,,MutKnownFunctional,"E22*,1.000"
X-1631,FAM41AY1,340618.0,Del0.8,0.49
X-1631,FAM41AY1,340618.0,Del0.8,0.49
X-1631,FAM86B1,85002.0,MutNovel,"R236Q,0.667"
X-1631,FCGBP,8857.0,Amp5,6.92
X-1631,FECH,2235.0,MutNovel,"Q145L,0.678"
X-1631,FIZ1,84922.0,Amp8,8.69
X-1631,FLAD1,80308.0,MutNovel,"I116T,0.579"
X-1631,FMN1,342184.0,MutNovel,"F577L,0.667"
X-1631,FMR1,2332.0,MutNovel,"E331Q,0.208"
X-1631,FOLR3,2352.0,MutNovel,"P117L,0.286"
X-1631,GGN,199720.0,Amp8,10.13
X-1631,GNAI2,2771.0,MutNovel,"V127I,1.000"
X-1631,GNG8,94235.0,Amp8,10.41
X-1631,GOLGA2P2Y,84559.0,Del0.8,0.49
X-1631,GOLGA2P2Y,84559.0,Del0.8,0.49
X-1631,GPATCH1,55094.0,MutNovel,"P365L,1.000"
X-1631,GRK1,6011.0,MutNovel,"V282L,1.000"
X-1631,GSR,2936.0,MutNovel,"H166R,1.000"
X-1631,GYG2P1,352887.0,Del0.8,0.49
X-1631,HCN3,57657.0,MutNovel,"P600S,0.562"
X-1631,HIST1H4E,8367.0,MutNovel,"R20C,0.556"
X-1631,HKR1,284459.0,Amp5,5.03
X-1631,HLA-DRB1,3123.0,Amp5,7.26
X-1631,HLA-DRB5,3127.0,Amp5,7.26
X-1631,HLA-DRB6,3128.0,Amp5,7.26
X-1631,HSFY2,159119.0,Del0.8,0.49
X-1631,HSFY2,159119.0,Del0.8,0.49
X-1631,ID1,3397.0,MutNovel,"GST6G,0.700"
X-1631,IGSF6,10261.0,Del0.8,0.46
X-1631,ISOC2,79763.0,Amp8,8.69
X-1631,KCNK6,9424.0,Amp8,10.13
X-1631,KDM2B,84678.0,Del0.8,0.6
X-1631,KDM5D,8284.0,Del0.8,0.49
X-1631,KRT81,3887.0,MutNovel,"M382V,1.000"
X-1631,LACTB,114294.0,MutNovel,"A51S,1.000"
X-1631,LAD1,3898.0,MutNovel,"L161F,0.773"
X-1631,LETM1,3954.0,Amp5,6.23
X-1631,LIPE,3991.0,Amp5,5.1
X-1631,LOC100128326,,MutNovel,"T142S,0.500"
X-1631,LOC100128905,,MutNovel,"S112R,1.000"
X-1631,LOC100134317,100134317.0,Amp5,5.03
X-1631,LOC100288332,,MutNovel,"R269H,1.000"
X-1631,LOC100379224,100379224.0,Amp8,12.21
X-1631,LOC100505495,100505495.0,Amp8,10.7
X-1631,LOC100506233,100506233.0,Amp5,5.9
X-1631,LOC100506930,100506930.0,Amp5,5.03
X-1631,LOC100507433,100507433.0,Amp5,5.03
X-1631,LOC100631378,100631378.0,Amp5,5.03
X-1631,LOC100652741,,MutNovel,"T984I,0.261"
X-1631,LOC100996301,,MutNovel,"G225A,0.556"
X-1631,LOC284412,284412.0,Amp5,5.03
X-1631,LOC440028,440028.0,Del0.8,0.61
X-1631,LOC644189,644189.0,Amp5,5.03
X-1631,LOC644554,644554.0,Amp5,5.03
X-1631,LOC728752,728752.0,Amp5,5.03
X-1631,LPAR6,10161.0,Del0.8,0.54
X-1631,LRFN4,78999.0,Amp5,5.62
X-1631,LTC4S,4056.0,MutNovel,"A128T,1.000"
X-1631,LY6D,8581.0,MutNovel,"T15K,0.308"
X-1631,MAP2K4,6416.0,Del0.8,0.52
X-1631,MAPK8IP2,23542.0,MutNovel,"P397T,0.800"
X-1631,2014-03-06 00:00:00,10299.0,MutNovel,"V823L,1.000"
X-1631,MDN1,23195.0,MutNovel,"G4468E,0.500"
X-1631,MED15,51586.0,MutNovel,"Q211-,0.496"
X-1631,MEGF8,1954.0,Amp5,5.1
X-1631,METRN,79006.0,MutNovel,"R22H,1.000"
X-1631,METTL2B,55798.0,MutNovel,"P155L,0.458"
X-1631,MEX3D,399664.0,MutNovel,"Q379P,0.733"
X-1631,MIR320E,100422913.0,Amp8,10.41
X-1631,MIR4257,100422997.0,Amp5,5.94
X-1631,MIR4324,100422979.0,Amp8,11.55
X-1631,MIR744,100126313.0,Del0.8,0.52
X-1631,MUC16,94025.0,MutNovel,"L12688V,0.364"
X-1631,MUC22,100507679.0,MutNovel,"T1437S,1.000"
X-1631,MUC22,100507679.0,MutNovel,"S1568T,1.000"
X-1631,MX1,4599.0,MutKnownFunctional,"-661PV?,0.300"
X-1631,MYO6,4646.0,MutNovel,"D599N,0.367"
X-1631,MYSM1,114803.0,MutNovel,"N384S,0.400"
X-1631,NAT14,57106.0,Amp8,8.69
X-1631,NBPF12,,MutNovel,"E622K,0.750"
X-1631,NBPF15,284565.0,MutNovel,"R610G,0.487"
X-1631,NBPF9,400818.0,MutNovel,"H337R,0.348"
X-1631,NCOA3,8202.0,MutNovel,"P264L,0.559"
X-1631,NCOA3,8202.0,MutNovel,"T1199A,0.324"
X-1631,NCRNA00185,55410.0,Del0.8,0.49
X-1631,NISCH,11188.0,MutNovel,"P1361A,1.000"
X-1631,NKPD1,284353.0,Del0.8,0.5
X-1631,NLGN4Y,22829.0,Del0.8,0.49
X-1631,NR1H2,7376.0,MutNovel,"-173Q,0.438"
X-1631,NRARP,441478.0,MutKnownFunctional,"E50*,0.649"
X-1631,ORAI1,84876.0,Del0.8,0.8
X-1631,PAFAH1B3,5050.0,Amp5,5.1
X-1631,PAN3,255967.0,MutNovel,"S378SV,0.857"
X-1631,PARD3B,117583.0,Del0.8,0.63
X-1631,PC,5091.0,Amp5,5.62
X-1631,PCCA,5095.0,MutNovel,"D107N,0.222"
X-1631,PCDH11Y,83259.0,Del0.8,0.49
X-1631,PCF11,51585.0,Amp5,5.9
X-1631,PCNXL3,399909.0,MutNovel,"T491M,0.324"
X-1631,PCSK6,5046.0,Del0.8,0.65
X-1631,PDE4DIP,9659.0,MutNovel,"P2341L,0.341"
X-1631,PER1,5187.0,MutNovel,"D594V,1.000"
X-1631,PHIP,55023.0,MutNovel,"R1711H,0.205"
X-1631,PKD1,5310.0,MutNovel,"P741L,0.500"
X-1631,PKDREJ,10343.0,Del0.8,0.56
X-1631,POM121,9883.0,MutNovel,"A593T,0.714"
X-1631,POTEG,404785.0,Amp8,9.13
X-1631,PPP1R14A,94274.0,Amp8,10.13
X-1631,PRCP,5547.0,Amp5,5.9
X-1631,PRKD2,25865.0,Amp8,10.41
X-1631,PRKY,5616.0,Del0.8,0.49
X-1631,PRPF8,10594.0,MutNovel,"R1112C,0.240"
X-1631,PRR19,284338.0,Amp5,5.1
X-1631,PRY,9081.0,Del0.8,0.49
X-1631,PRY,9081.0,Del0.8,0.49
X-1631,PRY2,442862.0,Del0.8,0.49
X-1631,PRY2,442862.0,Del0.8,0.49
X-1631,PSG3,5671.0,MutNovel,"S5P,0.571"
X-1631,PSG3,5671.0,Amp5,5.1
X-1631,PSMD8,5714.0,Amp8,10.13
X-1631,PTGIR,5739.0,Amp8,10.41
X-1631,RAB17,64284.0,MutNovel,"V40M,1.000"
X-1631,RAB25,57111.0,MutNovel,"E6Q,0.381"
X-1631,RAB30,27314.0,Amp5,5.9
X-1631,RALGAPB,57148.0,MutNovel,"Y1480H,0.316"
X-1631,RASA4B,,MutNovel,"T713M,1.000"
X-1631,RB1,5925.0,Del0.8,0.75
X-1631,RBM15B,29890.0,MutNovel,"D439N,0.455"
X-1631,RBMY1A3P,286557.0,Del0.8,0.49
X-1631,RBMY1B,378948.0,Del0.8,0.49
X-1631,RBMY1B,378948.0,Del0.8,0.49
X-1631,RBMY1E,378950.0,Del0.8,0.49
X-1631,RBMY1E,378950.0,Del0.8,0.49
X-1631,RBMY1F,159163.0,Del0.8,0.49
X-1631,RBMY1F,159163.0,Del0.8,0.49
X-1631,RBMY1J,378951.0,Del0.8,0.49
X-1631,RBMY1J,378951.0,Del0.8,0.49
X-1631,RBMY2EP,159125.0,Del0.8,0.49
X-1631,RBMY2FP,159162.0,Del0.8,0.49
X-1631,RBMY3AP,64593.0,Del0.8,0.49
X-1631,RCBTB2,1102.0,Del0.8,0.54
X-1631,RCE1,9986.0,Amp5,5.62
X-1631,RPS4Y1,6192.0,Del0.8,0.49
X-1631,RPS4Y2,140032.0,Del0.8,0.49
X-1631,RTEL1,51750.0,MutNovel,"R721L,0.740"
X-1631,SAV1,60485.0,Del0.8,0.48
X-1631,SBF2,81846.0,Del0.8,0.44
X-1631,SBK2,646643.0,Amp8,8.69
X-1631,SEC63,11231.0,MutNovel,"V206A,0.460"
X-1631,SERINC2,347735.0,MutNovel,"-373Q,0.313"
X-1631,SFXN2,118980.0,Del0.8,0.24
X-1631,SGK110,100130827.0,Amp8,8.69
X-1631,SGOL2,151246.0,MutNovel,"C1041R,0.458"
X-1631,SH3BGR,6450.0,MutNovel,"V188S,1.000"
X-1631,SH3PXD2A,9644.0,MutNovel,"E870D,0.688"
X-1631,SHISA7,729956.0,Amp8,8.69
X-1631,SIPA1L1,26037.0,MutNovel,"Y229C,1.000"
X-1631,SIPA1L3,23094.0,Amp5,7.11
X-1631,SLC35E1,79939.0,MutNovel,"P86L,0.514"
X-1631,SLC39A7,7922.0,MutNovel,"V143A,0.597"
X-1631,SLC6A16,28968.0,Amp8,11.55
X-1631,SMG7,9887.0,MutNovel,"S851L,0.253"
X-1631,SNAPC4,6621.0,MutNovel,"S542-,0.278"
X-1631,SNORA70E,100379250.0,Amp5,5.9
X-1631,SNX15,,MutNovel,"R87W,0.455"
X-1631,SNX21,90203.0,MutNovel,"K340T,0.222"
X-1631,SNX25,83891.0,MutNovel,"D275Y,0.444"
X-1631,SNX4,8723.0,MutNovel,"I234M,0.316"
X-1631,SPECC1,92521.0,Del0.8,0.63
X-1631,SPINK5,11005.0,MutKnownFunctional,"-449?,0.273"
X-1631,SPINT2,10653.0,Amp8,10.13
X-1631,SPRED3,399473.0,Amp8,10.13
X-1631,SPRY1,10252.0,MutNovel,"E213Q,0.429"
X-1631,SRY,6736.0,Del0.8,0.49
X-1631,SSC5D,284297.0,Amp8,8.69
X-1631,STRA6,64220.0,MutNovel,"S81P,0.727"
X-1631,SWAP70,23075.0,Del0.8,0.61
X-1631,SYNE2,23224.0,MutNovel,"E4339K,1.000"
X-1631,SYTL2,54843.0,Amp5,6.02
X-1631,TARS2,80222.0,Amp5,5.94
X-1631,TBL1Y,90665.0,Del0.8,0.49
X-1631,TBX1,6899.0,MutNovel,"S316T,0.400"
X-1631,TCHHL1,126637.0,MutNovel,"A488T,0.211"
X-1631,TEAD2,8463.0,Amp8,11.55
X-1631,TGIF2LY,90655.0,Del0.8,0.49
X-1631,THADA,63892.0,MutNovel,"F1464L,1.000"
X-1631,TMEM126A,84233.0,Amp5,6.02
X-1631,TMEM126B,55863.0,Amp5,6.02
X-1631,TMEM145,284339.0,Amp5,5.1
X-1631,TMEM2,23670.0,MutNovel,"V434A,0.352"
X-1631,TMEM62,80021.0,MutNovel,"G51R,1.000"
X-1631,TMSB4Y,9087.0,Del0.8,0.49
X-1631,TRAPPC6A,79090.0,Del0.8,0.5
X-1631,TRIM8,81603.0,Del0.8,0.78
X-1631,TSC22D4,81628.0,MutNovel,"R89C,0.538"
X-1631,TSHZ3,57616.0,Amp5,5.31
X-1631,TSKU,25987.0,MutNovel,"R208H,0.407"
X-1631,TSPY1,7258.0,Del0.8,0.49
X-1631,TSPY2,64591.0,Del0.8,0.49
X-1631,TSPY3,728137.0,Del0.8,0.49
X-1631,TSPY4,728395.0,Del0.8,0.49
X-1631,TSPY8,728403.0,Del0.8,0.49
X-1631,TSPYL1,7259.0,MutNovel,"V176VW,0.881"
X-1631,TTLL12,23170.0,MutNovel,"R5Q,1.000"
X-1631,TTTY10,246119.0,Del0.8,0.49
X-1631,TTTY11,83866.0,Del0.8,0.49
X-1631,TTTY12,83867.0,Del0.8,0.49
X-1631,TTTY13,83868.0,Del0.8,0.49
X-1631,TTTY14,83869.0,Del0.8,0.49
X-1631,TTTY15,64595.0,Del0.8,0.49
X-1631,TTTY16,252948.0,Del0.8,0.49
X-1631,TTTY17A,252949.0,Del0.8,0.49
X-1631,TTTY17A,252949.0,Del0.8,0.49
X-1631,TTTY18,252950.0,Del0.8,0.49
X-1631,TTTY19,252952.0,Del0.8,0.49
X-1631,TTTY1B,100101116.0,Del0.8,0.49
X-1631,TTTY1B,100101116.0,Del0.8,0.49
X-1631,TTTY2,60439.0,Del0.8,0.49
X-1631,TTTY2,60439.0,Del0.8,0.49
X-1631,TTTY20,252951.0,Del0.8,0.49
X-1631,TTTY21,252953.0,Del0.8,0.49
X-1631,TTTY21,252953.0,Del0.8,0.49
X-1631,TTTY22,252954.0,Del0.8,0.49
X-1631,TTTY23,252955.0,Del0.8,0.49
X-1631,TTTY23,252955.0,Del0.8,0.49
X-1631,TTTY3,114760.0,Del0.8,0.49
X-1631,TTTY3,114760.0,Del0.8,0.49
X-1631,TTTY4,114761.0,Del0.8,0.49
X-1631,TTTY4,114761.0,Del0.8,0.49
X-1631,TTTY5,83863.0,Del0.8,0.49
X-1631,TTTY6,84672.0,Del0.8,0.49
X-1631,TTTY6,84672.0,Del0.8,0.49
X-1631,TTTY7,246122.0,Del0.8,0.49
X-1631,TTTY7,246122.0,Del0.8,0.49
X-1631,TTTY7B,100101120.0,Del0.8,0.49
X-1631,TTTY7B,100101120.0,Del0.8,0.49
X-1631,TTTY8,84673.0,Del0.8,0.49
X-1631,TTTY8,84673.0,Del0.8,0.49
X-1631,TTTY9A,83864.0,Del0.8,0.49
X-1631,TTTY9A,83864.0,Del0.8,0.49
X-1631,TXLNG2P,246126.0,Del0.8,0.49
X-1631,U2AF2,11338.0,Amp8,8.69
X-1631,U2SURP,23350.0,MutNovel,"E446Q,0.348"
X-1631,UGT1A10,54575.0,MutNovel,"L283V,1.000"
X-1631,ULBP2,80328.0,MutNovel,"T38I,1.000"
X-1631,USP19,10869.0,MutNovel,"Q820H,0.648"
X-1631,USP22,23326.0,Del0.8,0.61
X-1631,USP29,57663.0,Amp8,11.24
X-1631,USP9Y,8287.0,Del0.8,0.49
X-1631,UTY,7404.0,Del0.8,0.49
X-1631,VARS,7407.0,MutNovel,"Q1174H,0.544"
X-1631,VCX,26609.0,MutNovel,"L164P,0.667"
X-1631,VCX3B,425054.0,MutNovel,"V190M,0.500"
X-1631,VCX3B,425054.0,MutNovel,"L204P,0.625"
X-1631,VCY,9084.0,Del0.8,0.49
X-1631,VCY,9084.0,Del0.8,0.49
X-1631,WASH1,100287171.0,MutNovel,"P152A,0.212"
X-1631,WDR87,83889.0,Amp5,5.03
X-1631,XDH,7498.0,MutNovel,"V523I,1.000"
X-1631,XKRY2,353515.0,Del0.8,0.49
X-1631,XKRY2,353515.0,Del0.8,0.49
X-1631,YIF1B,90522.0,Amp8,10.13
X-1631,ZBTB17,7709.0,MutKnownFunctional,"Q755*,1.000"
X-1631,ZC3H13,23091.0,MutNovel,"Q1320H,0.329"
X-1631,ZDHHC8,29801.0,MutNovel,"V756L,1.000"
X-1631,ZFP14,57677.0,Amp5,5.03
X-1631,ZFP30,22835.0,Amp5,5.03
X-1631,ZFP82,284406.0,Amp5,5.03
X-1631,ZFY,7544.0,Del0.8,0.49
X-1631,ZIM3,114026.0,Amp8,11.24
X-1631,ZKSCAN5,23660.0,MutNovel,"G555A,0.400"
X-1631,ZNF137P,7696.0,Amp5,5.58
X-1631,ZNF18,7566.0,Del0.8,0.52
X-1631,ZNF223,7766.0,Amp8,12.21
X-1631,ZNF224,7767.0,Amp8,12.21
X-1631,ZNF225,7768.0,Amp8,12.21
X-1631,ZNF226,7769.0,Amp8,12.21
X-1631,ZNF227,7770.0,Amp8,12.21
X-1631,ZNF234,10780.0,Amp8,12.21
X-1631,ZNF260,339324.0,Amp5,5.03
X-1631,ZNF284,342909.0,Amp8,12.21
X-1631,ZNF320,162967.0,MutNovel,"DV35EM,0.318"
X-1631,ZNF345,25850.0,Amp5,5.03
X-1631,ZNF382,84911.0,Amp5,5.03
X-1631,ZNF383,163087.0,Amp5,5.03
X-1631,ZNF420,147923.0,Amp5,5.03
X-1631,ZNF443,10224.0,MutNovel,"L97V,0.385"
X-1631,ZNF444,55311.0,MutNovel,"P315Q,1.000"
X-1631,ZNF461,92283.0,Amp5,5.03
X-1631,ZNF524,147807.0,Amp8,8.69
X-1631,ZNF527,84503.0,Amp5,5.03
X-1631,ZNF529,57711.0,Amp5,5.03
X-1631,ZNF534,147658.0,Amp5,5.58
X-1631,ZNF540,163255.0,Amp5,5.03
X-1631,ZNF556,80032.0,MutKnownFunctional,"-24,1.000"
X-1631,ZNF566,84924.0,Amp5,5.03
X-1631,ZNF567,163081.0,Amp5,5.03
X-1631,ZNF568,374900.0,Amp5,5.03
X-1631,ZNF569,148266.0,Amp5,5.03
X-1631,ZNF570,148268.0,Amp5,5.03
X-1631,ZNF571,51276.0,Amp5,5.03
X-1631,ZNF573,126231.0,Amp5,5.03
X-1631,ZNF578,147660.0,Amp5,5.58
X-1631,ZNF579,163033.0,Amp8,8.69
X-1631,ZNF580,51157.0,Amp8,8.69
X-1631,ZNF581,51545.0,Amp8,8.69
X-1631,ZNF585A,199704.0,Amp5,5.03
X-1631,ZNF585B,92285.0,Amp5,5.03
X-1631,ZNF607,84775.0,Amp5,5.03
X-1631,ZNF628,89887.0,Amp8,8.69
X-1631,ZNF701,55762.0,Amp5,5.58
X-1631,ZNF761,388561.0,MutNovel,"V36M,0.385"
X-1631,ZNF766,90321.0,MutNovel,"N253S,1.000"
X-1631,ZNF781,163115.0,Amp5,5.03
X-1631,ZNF784,147808.0,Amp8,8.69
X-1631,ZNF790,388536.0,Amp5,5.03
X-1631,ZNF793,390927.0,Amp5,5.03
X-1631,ZNF808,388558.0,Amp5,5.58
X-1631,ZNF813,126017.0,MutNovel,"V36M,0.833"
X-1631,ZNF829,374899.0,Amp5,5.03
X-1631,ZNF850,342892.0,Amp5,5.03
X-1631,ZNF865,100507290.0,MutNovel,"F85L,0.952"
X-1631,ZNF865,100507290.0,Amp8,8.69
X-1784,ACER3,55331.0,Amp8,14.32
X-1784,ADAM6,8755.0,Amp5,5.31
X-1784,ADAP1,11033.0,MutNovel,"T276P,0.488"
X-1784,ADHFE1,137872.0,MutKnownFunctional,"R379*,0.676"
X-1784,ADK,132.0,Amp8,13.09
X-1784,AGAP5,729092.0,Amp8,10.78
X-1784,AGAP7,653268.0,MutNovel,"L324V,0.455"
X-1784,AGAP8,728404.0,MutKnownFunctional,"-593,0.909"
X-1784,AGAP8,728404.0,MutNovel,"L324V,0.850"
X-1784,AGAP9,642517.0,MutKnownFunctional,"-616,1.000"
X-1784,ALG8,79053.0,Amp8,15.14
X-1784,AMELY,266.0,Del0.8,0.23
X-1784,ANAPC16,119504.0,Amp5,7.26
X-1784,ANKRD30A,91074.0,MutNovel,"N508S,0.211"
X-1784,ANO1,55107.0,Amp5,6.54
X-1784,ANXA7,310.0,Amp8,11.88
X-1784,ANXA9,8416.0,MutNovel,"I79T,0.571"
X-1784,AP3M1,26985.0,Amp8,10.78
X-1784,APOLD1,81575.0,MutNovel,"T14I,0.419"
X-1784,AQP11,282679.0,Amp8,21.86
X-1784,ARHGEF9,23229.0,MutNovel,"D484N,0.750"
X-1784,ARMCX4,100131755.0,MutNovel,"A1215V,1.000"
X-1784,ARRB1,408.0,Amp5,6.28
X-1784,ASCC1,51008.0,Amp5,7.26
X-1784,ASMTL,8623.0,MutNovel,"S807L,0.529"
X-1784,ATM,472.0,MutNovel,"T2438I,0.875"
X-1784,B3GNT6,192134.0,Amp8,14.32
X-1784,BAI2,576.0,MutNovel,"P1430S,0.444"
X-1784,BCORP1,286554.0,Del0.8,0.23
X-1784,BMS1P4,729096.0,Amp8,10.78
X-1784,BPY2B,442867.0,Del0.8,0.23
X-1784,BPY2B,442867.0,Del0.8,0.23
X-1784,C10orf111,221060.0,MutNovel,"A41S,0.667"
X-1784,C10orf55,414236.0,Amp8,10.78
X-1784,C11orf30,56946.0,Amp8,14.32
X-1784,C11orf48,79081.0,MutNovel,"P59L,0.304"
X-1784,C11orf67,28971.0,Amp8,18.13
X-1784,C11orf68,83638.0,Amp8,8.75
X-1784,C1orf216,127703.0,MutNovel,"Q226P,0.480"
X-1784,C21orf58,54058.0,MutNovel,"H299PN,0.396"
X-1784,C2CD3,26005.0,Amp5,6.45
X-1784,CAMK2G,818.0,Amp8,10.78
X-1784,CAPN5,726.0,Amp8,14.32
X-1784,CASKIN1,57524.0,MutNovel,"P855L,0.533"
X-1784,CCDC109B,55013.0,MutNovel,"R36H,0.344"
X-1784,CCDC142,84865.0,MutNovel,"V549L,0.394"
X-1784,CCDC85B,11007.0,Amp8,8.75
X-1784,CCL3L3,414062.0,MutNovel,"F65L,1.000"
X-1784,CCND1,595.0,Amp5,5.74
X-1784,CDH1,999.0,MutKnownFunctional,"R335*,0.545"
X-1784,CDY1B,253175.0,Del0.8,0.23
X-1784,CDY1B,253175.0,Del0.8,0.23
X-1784,CDY2A,9426.0,Del0.8,0.23
X-1784,CDY2A,9426.0,Del0.8,0.23
X-1784,CDY2B,203611.0,Del0.8,0.23
X-1784,CDY2B,203611.0,Del0.8,0.23
X-1784,CFL1,1072.0,Amp8,8.75
X-1784,CHCHD1,118487.0,Amp8,10.78
X-1784,CHCHD8,51287.0,Amp8,9.99
X-1784,CHST3,9469.0,Amp5,7.26
X-1784,CLCNKA,1187.0,MutNovel,"T577D,1.000"
X-1784,CLNS1A,1207.0,Amp8,21.86
X-1784,COL28A1,340267.0,MutNovel,"P377A,0.800"
X-1784,COMTD1,118881.0,Amp8,11.31
X-1784,CSPG4P1Y,114758.0,Del0.8,0.23
X-1784,CSPG4P1Y,114758.0,Del0.8,0.23
X-1784,CTBP1,1487.0,MutNovel,"A122T,0.451"
X-1784,CTSW,1521.0,Amp8,8.75
X-1784,CTTN,2017.0,Amp5,7.46
X-1784,DAZ1,1617.0,Del0.8,0.23
X-1784,DAZ2,57055.0,Del0.8,0.23
X-1784,DAZ3,57054.0,Del0.8,0.23
X-1784,DAZ3,57054.0,Del0.8,0.23
X-1784,DAZ4,57135.0,Del0.8,0.23
X-1784,DAZ4,57135.0,Del0.8,0.23
X-1784,DDIT4,54541.0,Amp5,7.26
X-1784,DDR1,780.0,MutNovel,"P13L,0.442"
X-1784,DDX3Y,8653.0,Del0.8,0.23
X-1784,DEFB103A,414325.0,Del0.8,0.51
X-1784,DEFB103A,414325.0,Del0.8,0.51
X-1784,DEFB104B,503618.0,Del0.8,0.51
X-1784,DEFB104B,503618.0,Del0.8,0.51
X-1784,DEFB105B,504180.0,Del0.8,0.51
X-1784,DEFB105B,504180.0,Del0.8,0.51
X-1784,DEFB106B,503841.0,Del0.8,0.51
X-1784,DEFB106B,503841.0,Del0.8,0.51
X-1784,DEFB107A,245910.0,Del0.8,0.51
X-1784,DEFB107A,245910.0,Del0.8,0.51
X-1784,DEFB108B,245911.0,Amp5,6.15
X-1784,DEFB109P1,245912.0,Del0.8,0.74
X-1784,DEFB4A,1673.0,Del0.8,0.51
X-1784,DEFB4B,100289462.0,Del0.8,0.51
X-1784,DGAT2,84649.0,Amp5,6.28
X-1784,DHCR7,1717.0,Amp5,6.15
X-1784,DHRSX,207063.0,MutKnownFunctional,"R673*,0.412"
X-1784,DIDO1,11083.0,MutNovel,"P1185T,0.593"
X-1784,DIDO1,11083.0,MutNovel,"H329R,0.371"
X-1784,DNAI1,27019.0,MutNovel,"SF421S,0.321"
X-1784,DNAJB12,54788.0,Amp5,7.26
X-1784,DNAJB13,374407.0,Amp8,9.99
X-1784,DNAJC9,23234.0,Amp8,11.88
X-1784,DRAP1,10589.0,Amp8,8.75
X-1784,DTD1,92675.0,MutNovel,"R10W,0.448"
X-1784,DUPD1,338599.0,Amp8,15.89
X-1784,DUSP13,51207.0,Amp8,13.74
X-1784,EBNA1BP2,10969.0,MutNovel,"R20L,0.667"
X-1784,ECD,11319.0,Amp8,9.71
X-1784,EFEMP2,30008.0,Amp8,8.75
X-1784,EID2,163126.0,MutNovel,"P54R,0.383"
X-1784,EIF1AY,9086.0,Del0.8,0.23
X-1784,EPB41L5,57669.0,MutNovel,"A594T,0.833"
X-1784,EPN3,55040.0,MutKnownFunctional,"-519,0.319"
X-1784,EPPK1,83481.0,MutNovel,"R2332G,0.294"
X-1784,EPPK1,83481.0,MutNovel,"R1674G,0.258"
X-1784,FADD,8772.0,Amp5,7.46
X-1784,FAM149B1,317662.0,Amp8,13
X-1784,FAM168A,23201.0,Amp5,5.03
X-1784,FAM197Y2P,252946.0,Del0.8,0.23
X-1784,FAM198B,51313.0,MutNovel,"I504T,0.574"
X-1784,FAM41AY1,340618.0,Del0.8,0.23
X-1784,FAM41AY1,340618.0,Del0.8,0.23
X-1784,FAM66D,100132923.0,Del0.8,0.58
X-1784,FAM86B1,85002.0,Del0.8,0.58
X-1784,FAM86B2,653333.0,Del0.8,0.74
X-1784,FAM86C1,55199.0,Amp5,6.15
X-1784,FGF19,9965.0,Amp5,5.74
X-1784,FGF3,2248.0,Amp5,5.74
X-1784,FGF4,2249.0,Amp5,5.74
X-1784,FIBP,9158.0,Amp8,8.75
X-1784,FLJ42102,399923.0,Amp5,6.15
X-1784,FOSL1,8061.0,Amp8,8.75
X-1784,FUT11,170384.0,Amp8,10.78
X-1784,GAB2,9846.0,Amp8,15.14
X-1784,GDPD4,220032.0,Amp8,14.32
X-1784,GDPD5,81544.0,Amp5,6.28
X-1784,GGT2,,MutNovel,"T310S,1.000"
X-1784,GIGYF2,26058.0,MutNovel,"PQ1231P,0.467"
X-1784,GLP2R,9340.0,Del0.8,0.51
X-1784,GOLGA2P2Y,84559.0,Del0.8,0.23
X-1784,GOLGA2P2Y,84559.0,Del0.8,0.23
X-1784,GSTT1,2952.0,Amp5,5.94
X-1784,GSTTP1,25774.0,Amp5,5.94
X-1784,GTF3C1,2975.0,MutNovel,"A1148T,0.409"
X-1784,GYG2P1,352887.0,Del0.8,0.23
X-1784,HECTD2,143279.0,MutKnownFunctional,"-379?,0.292"
X-1784,HLA-B,3106.0,MutNovel,"R194G,0.867"
X-1784,HLA-B,3106.0,MutNovel,"T20I,0.500"
X-1784,HLA-C,3107.0,MutNovel,"R194G,0.333"
X-1784,HLA-DRB1,3123.0,MutNovel,"SP211RA,1.000"
X-1784,HMGXB3,22993.0,MutNovel,"R1268C,0.547"
X-1784,HNRNPCL1,343069.0,MutNovel,"Q185K,1.000"
X-1784,HSFY2,159119.0,Del0.8,0.23
X-1784,HSFY2,159119.0,Del0.8,0.23
X-1784,HSP90AA1,3320.0,MutNovel,"P378H,0.462"
X-1784,IGHMBP2,3508.0,Amp8,10.56
X-1784,IKBIP,121457.0,MutNovel,"G26S,0.700"
X-1784,INPP5E,56623.0,MutNovel,"P154S,0.500"
X-1784,INPPL1,3636.0,MutNovel,"A212V,0.518"
X-1784,INTS4,92105.0,Amp8,15.14
X-1784,IRS1,3667.0,MutNovel,"A1032T,0.526"
X-1784,IST1,9798.0,MutNovel,"-230MP,0.356"
X-1784,ITGB1,3688.0,MutNovel,"N780D,1.000"
X-1784,KANSL1,,MutNovel,"Q1057R,0.310"
X-1784,KAT6B,23522.0,Amp8,15.89
X-1784,KCTD14,65987.0,Amp8,15.14
X-1784,KCTD21,283219.0,Amp8,15.14
X-1784,KCTD3,51133.0,MutNovel,"S778R,0.527"
X-1784,KDM5D,8284.0,Del0.8,0.23
X-1784,KIAA0125,9834.0,Amp5,5.31
X-1784,KIAA0240,23506.0,MutNovel,"G63D,0.714"
X-1784,KIAA0913,23053.0,Amp8,10.78
X-1784,KIAA1432,57589.0,MutKnownFunctional,"Q484*,0.286"
X-1784,KIF1C,10749.0,MutNovel,"R1018H,0.925"
X-1784,KLC2,64837.0,MutNovel,"Y214H,0.296"
X-1784,KLHL35,283212.0,Amp5,6.28
X-1784,KRI1,65095.0,MutNovel,"T5D,0.600"
X-1784,KRT13,3860.0,MutNovel,"N233K,0.949"
X-1784,KRT75,9119.0,MutNovel,"K245T,1.000"
X-1784,KRTAP5-10,387273.0,Amp5,6.15
X-1784,KRTAP5-11,440051.0,Amp5,6.15
X-1784,KRTAP5-7,440050.0,Amp5,6.15
X-1784,KRTAP5-8,57830.0,Amp5,6.15
X-1784,KRTAP5-9,3846.0,Amp5,6.15
X-1784,LOC100129216,100129216.0,Amp5,6.15
X-1784,LOC100132396,100132396.0,Del0.8,0.74
X-1784,LOC100133315,100133315.0,Amp5,6.15
X-1784,LOC377711,,MutNovel,"S614G,0.500"
X-1784,LOC391322,391322.0,Amp5,5.94
X-1784,LOC392196,392196.0,Del0.8,0.58
X-1784,LOC440563,440563.0,MutNovel,"K166Q,1.000"
X-1784,LONP1,9361.0,MutNovel,"L24M,0.500"
X-1784,LRRC32,2615.0,Amp8,14.32
X-1784,LRRC37A3,374819.0,MutNovel,"S945G,0.500"
X-1784,LRRC37B,114659.0,MutNovel,"Y604S,0.846"
X-1784,LRRC66,339977.0,MutNovel,"V262M,0.400"
X-1784,LSR,51599.0,MutNovel,"G518GR,0.787"
X-1784,LY6G6C,80740.0,MutNovel,"H51N,0.375"
X-1784,MAD1L1,8379.0,MutNovel,"R59C,0.556"
X-1784,MAP6,4135.0,Amp5,6.28
X-1784,MED19,219541.0,MutNovel,"A49S,0.735"
X-1784,METTL2B,55798.0,MutNovel,"P155L,0.400"
X-1784,MIR326,442900.0,Amp5,6.28
X-1784,MIR3664,100500844.0,Amp8,11.16
X-1784,MIR548K,100313770.0,Amp5,7.46
X-1784,MIR708,100126333.0,Amp8,8.11
X-1784,MLL4,9757.0,MutNovel,"G2018R,0.417"
X-1784,MLL5,55904.0,MutNovel,"S1412L,0.497"
X-1784,MLLT4,4301.0,MutNovel,"L1295V,0.430"
X-1784,MOGAT2,80168.0,Amp5,6.28
X-1784,MPRIP,23164.0,MutNovel,"TS178T,0.471"
X-1784,MRGPRD,116512.0,Amp5,5.74
X-1784,MRGPRF,116535.0,Amp5,5.74
X-1784,MRPL21,219927.0,Amp8,10.56
X-1784,MRPL48,51642.0,Amp8,9.99
X-1784,MRPS16,51021.0,Amp8,11.88
X-1784,MUC6,4588.0,MutNovel,"T1692R,0.500"
X-1784,MUS81,80198.0,Amp8,8.75
X-1784,MYEOV,26579.0,Amp5,5.74
X-1784,MYO7A,4647.0,MutKnownFunctional,"-1172,0.893"
X-1784,MYO7A,4647.0,Amp8,14.32
X-1784,MYOZ1,58529.0,Amp8,11.88
X-1784,NADSYN1,55191.0,Amp5,6.15
X-1784,NARS2,79731.0,Amp8,15.14
X-1784,NCOA1,8648.0,MutNovel,"L1376P,0.921"
X-1784,NCOR2,9612.0,MutNovel,"G1839GAAA,0.467"
X-1784,NCRNA00185,55410.0,Del0.8,0.23
X-1784,NDST2,8509.0,Amp8,10.78
X-1784,NDUFC2,4718.0,Amp8,15.14
X-1784,NDUFC2-KCTD14,100532726.0,Amp8,15.14
X-1784,NEU3,10825.0,Amp5,6.28
X-1784,NEURL4,84461.0,MutNovel,"G989S,0.985"
X-1784,NINL,22981.0,MutNovel,"A882T,0.455"
X-1784,NKX2-6,137814.0,Del0.8,0.67
X-1784,NLGN4Y,22829.0,Del0.8,0.23
X-1784,NPEPPS,9520.0,MutNovel,"G322D,0.210"
X-1784,NPHP4,261734.0,MutNovel,"Y1137C,0.864"
X-1784,NPIPL3,23117.0,MutNovel,"R433H,0.750"
X-1784,NUDT13,25961.0,Amp8,9.71
X-1784,OBSCN,84033.0,MutNovel,"D6602N,0.417"
X-1784,ODF2,4957.0,MutNovel,"S347P,0.564"
X-1784,ODZ4,26011.0,Amp8,11.08
X-1784,OMP,4975.0,Amp8,14.32
X-1784,OR2AT4,341152.0,Amp5,6.28
X-1784,OR2T33,391195.0,MutNovel,"T104I,1.000"
X-1784,OR2W3,343171.0,MutNovel,"C169S,1.000"
X-1784,ORAOV1,220064.0,Amp5,5.74
X-1784,OVOL1,5017.0,Amp8,8.75
X-1784,OXNAD1,92106.0,MutNovel,"F159-,0.477"
X-1784,P2RY2,5029.0,Amp8,8.94
X-1784,PAAF1,80227.0,Amp8,9.99
X-1784,PAK1,5058.0,Amp8,14.32
X-1784,PCDH11Y,83259.0,Del0.8,0.3
X-1784,PDE8A,5151.0,MutNovel,"D801E,0.408"
X-1784,PHGR1,644844.0,MutNovel,"G44R,0.728"
X-1784,PHLDA1,22822.0,MutNovel,"QQ194Q,0.375"
X-1784,PKN3,29941.0,MutKnownFunctional,"C757*,0.424"
X-1784,PLAU,5328.0,Amp8,10.78
X-1784,PLEKHB1,58473.0,Amp8,9.99
X-1784,POLR1B,84172.0,MutNovel,"P590R,0.308"
X-1784,POTEC,388468.0,MutNovel,"R477W,0.850"
X-1784,POTEE,445582.0,MutNovel,"L192V,0.714"
X-1784,POTEE,445582.0,MutNovel,"T561A,0.667"
X-1784,POTEE,445582.0,MutNovel,"V627A,1.000"
X-1784,POTEH,23784.0,MutNovel,"D477G,1.000"
X-1784,POTEH,23784.0,MutNovel,"T475A,1.000"
X-1784,POTEH,23784.0,MutNovel,"M464V,1.000"
X-1784,PPFIA1,8500.0,Amp5,7.46
X-1784,PPIAL4G,644591.0,MutNovel,"Q24L,1.000"
X-1784,PPIAL4G,644591.0,MutNovel,"I6V,1.000"
X-1784,PPP3CB,5532.0,Amp8,11.88
X-1784,PREP,5550.0,MutNovel,"I538T,0.462"
X-1784,PRIC285,85441.0,MutNovel,"L1176P,0.571"
X-1784,PRKRIR,5612.0,Amp8,14.32
X-1784,PRKY,5616.0,Del0.8,0.23
X-1784,PROM2,150696.0,MutNovel,"A602S,0.444"
X-1784,PRY,9081.0,Del0.8,0.23
X-1784,PRY,9081.0,Del0.8,0.23
X-1784,PRY2,442862.0,Del0.8,0.23
X-1784,PRY2,442862.0,Del0.8,0.23
X-1784,RAB6A,5870.0,Amp8,9.99
X-1784,RBMY1A3P,286557.0,Del0.8,0.23
X-1784,RBMY1B,378948.0,Del0.8,0.23
X-1784,RBMY1B,378948.0,Del0.8,0.23
X-1784,RBMY1E,378950.0,Del0.8,0.23
X-1784,RBMY1E,378950.0,Del0.8,0.23
X-1784,RBMY1F,159163.0,Del0.8,0.23
X-1784,RBMY1F,159163.0,Del0.8,0.23
X-1784,RBMY1J,378951.0,Del0.8,0.23
X-1784,RBMY1J,378951.0,Del0.8,0.23
X-1784,RBMY2EP,159125.0,Del0.8,0.23
X-1784,RBMY2FP,159162.0,Del0.8,0.23
X-1784,RBMY3AP,64593.0,Del0.8,0.23
X-1784,RCN2,5955.0,MutNovel,"L269H,0.501"
X-1784,RGL3,57139.0,MutNovel,"S48G,1.000"
X-1784,ROBO1,6091.0,Del0.8,0.78
X-1784,RPP38,10557.0,MutNovel,"D40H,0.500"
X-1784,RPS3,6188.0,Amp5,6.28
X-1784,RPS4Y1,6192.0,Del0.8,0.24
X-1784,RPS4Y2,140032.0,Del0.8,0.23
X-1784,RSF1,51773.0,Amp8,21.86
X-1784,SAMD8,142891.0,Amp8,11.31
X-1784,SART1,9092.0,Amp8,8.75
X-1784,SEC24C,9632.0,Amp8,10.78
X-1784,SERINC2,347735.0,MutNovel,"-373Q,0.395"
X-1784,SERPINB1,1992.0,MutNovel,"E349K,0.397"
X-1784,SERPINH1,871.0,Amp5,6.28
X-1784,SF3B1,23451.0,MutNovel,"S1051C,0.479"
X-1784,SHANK2,22941.0,Amp5,7.89
X-1784,SLC2A1,6513.0,MutNovel,"R334Q,0.280"
X-1784,SLCO2B1,11309.0,Amp5,6.28
X-1784,SMAD5,4090.0,MutKnownFunctional,"-438?,0.286"
X-1784,SMG1,23049.0,MutNovel,"S1358P,0.263"
X-1784,SMPD4,55627.0,MutNovel,"F484V,0.219"
X-1784,SNORD15A,6079.0,Amp5,6.28
X-1784,SNORD15B,114599.0,Amp5,6.28
X-1784,SNX32,254122.0,Amp8,8.75
X-1784,SPAG11A,653423.0,Del0.8,0.51
X-1784,SPAG11B,10407.0,Del0.8,0.51
X-1784,SPAG11B,10407.0,Del0.8,0.51
X-1784,SPCS2,9789.0,Amp5,6.28
X-1784,SPOCK2,9806.0,Amp5,7.26
X-1784,SPRNP1,399833.0,Del0.8,0.58
X-1784,SRY,6736.0,Del0.8,0.24
X-1784,ST8SIA6,338596.0,MutNovel,"G31S,0.667"
X-1784,STEAP1,26872.0,MutNovel,"A228V,0.443"
X-1784,SYNPO2L,79933.0,Amp8,9.51
X-1784,TBC1D3F,,MutNovel,"R137K,0.968"
X-1784,TBC1D3G,654341.0,MutNovel,"Q354K,1.000"
X-1784,TBL1Y,90665.0,Del0.8,0.23
X-1784,TET2,54790.0,MutNovel,"H1817N,0.600"
X-1784,TGIF2LY,90655.0,Del0.8,0.3
X-1784,THRSP,7069.0,Amp8,15.14
X-1784,TM9SF3,56889.0,MutKnownFunctional,"-72?,0.312"
X-1784,TMEM145,284339.0,MutNovel,"V278M,0.629"
X-1784,TMEM41B,440026.0,MutNovel,"F66V,0.538"
X-1784,TMEM42,131616.0,MutNovel,"G6E,0.833"
X-1784,TMPRSS9,360200.0,MutNovel,"R555W,1.000"
X-1784,TMSB4Y,9087.0,Del0.8,0.23
X-1784,TNPO2,30000.0,MutNovel,"F501V,0.451"
X-1784,TPCN2,219931.0,Amp5,5.74
X-1784,TRAPPC9,83696.0,MutKnownFunctional,"Y1173*,0.531"
X-1784,TRIOBP,11078.0,MutNovel,"T501R,1.000"
X-1784,TSGA10IP,254187.0,Amp8,8.75
X-1784,TSKU,25987.0,Amp8,14.32
X-1784,TSPY1,7258.0,Del0.8,0.23
X-1784,TSPY2,64591.0,Del0.8,0.23
X-1784,TSPY3,728137.0,Del0.8,0.23
X-1784,TSPY4,728395.0,Del0.8,0.23
X-1784,TSPY8,728403.0,Del0.8,0.23
X-1784,TSPYL1,7259.0,MutNovel,"V176VW,0.821"
X-1784,TTC18,118491.0,Amp8,11.88
X-1784,TTC28,23331.0,MutNovel,"Q2021R,0.250"
X-1784,TTC40,54777.0,MutNovel,"I799M,0.500"
X-1784,TTN,7273.0,MutNovel,"R21604Q,0.889"
X-1784,TTTY10,246119.0,Del0.8,0.23
X-1784,TTTY11,83866.0,Del0.8,0.23
X-1784,TTTY12,83867.0,Del0.8,0.23
X-1784,TTTY13,83868.0,Del0.8,0.23
X-1784,TTTY14,83869.0,Del0.8,0.23
X-1784,TTTY15,64595.0,Del0.8,0.23
X-1784,TTTY16,252948.0,Del0.8,0.23
X-1784,TTTY17A,252949.0,Del0.8,0.23
X-1784,TTTY17A,252949.0,Del0.8,0.23
X-1784,TTTY18,252950.0,Del0.8,0.23
X-1784,TTTY19,252952.0,Del0.8,0.23
X-1784,TTTY1B,100101116.0,Del0.8,0.23
X-1784,TTTY1B,100101116.0,Del0.8,0.23
X-1784,TTTY2,60439.0,Del0.8,0.23
X-1784,TTTY2,60439.0,Del0.8,0.23
X-1784,TTTY20,252951.0,Del0.8,0.23
X-1784,TTTY21,252953.0,Del0.8,0.23
X-1784,TTTY21,252953.0,Del0.8,0.23
X-1784,TTTY22,252954.0,Del0.8,0.23
X-1784,TTTY23,252955.0,Del0.8,0.23
X-1784,TTTY23,252955.0,Del0.8,0.23
X-1784,TTTY3,114760.0,Del0.8,0.23
X-1784,TTTY3,114760.0,Del0.8,0.23
X-1784,TTTY4,114761.0,Del0.8,0.23
X-1784,TTTY4,114761.0,Del0.8,0.23
X-1784,TTTY5,83863.0,Del0.8,0.23
X-1784,TTTY6,84672.0,Del0.8,0.23
X-1784,TTTY6,84672.0,Del0.8,0.23
X-1784,TTTY7,246122.0,Del0.8,0.23
X-1784,TTTY7,246122.0,Del0.8,0.23
X-1784,TTTY7B,100101120.0,Del0.8,0.23
X-1784,TTTY7B,100101120.0,Del0.8,0.23
X-1784,TTTY8,84673.0,Del0.8,0.23
X-1784,TTTY8,84673.0,Del0.8,0.23
X-1784,TTTY9A,83864.0,Del0.8,0.23
X-1784,TTTY9A,83864.0,Del0.8,0.23
X-1784,TXLNG2P,246126.0,Del0.8,0.23
X-1784,UCP2,7351.0,Amp8,9.99
X-1784,UCP3,7352.0,Amp8,9.99
X-1784,USP17L2,377630.0,Del0.8,0.58
X-1784,USP3,9960.0,MutNovel,"V47I,0.238"
X-1784,USP35,57558.0,Amp8,15.14
X-1784,USP36,57602.0,MutNovel,"KKK958K,0.761"
X-1784,USP54,159195.0,Amp8,11.88
X-1784,USP9Y,8287.0,Del0.8,0.23
X-1784,UTY,7404.0,Del0.8,0.23
X-1784,UVRAG,7405.0,Amp8,9.51
X-1784,VCL,7414.0,Amp8,10.78
X-1784,VCPIP1,80124.0,MutNovel,"A1182V,0.600"
X-1784,VCY,9084.0,Del0.8,0.23
X-1784,VCY,9084.0,Del0.8,0.23
X-1784,VDAC2,7417.0,Amp8,11.31
X-1784,VPS13C,54832.0,MutNovel,"S3185L,0.500"
X-1784,VPS51,,MutNovel,"R30W,0.750"
X-1784,WDR36,134430.0,MutNovel,"A131T,0.714"
X-1784,WNT11,7481.0,Amp8,14.32
X-1784,XIAP,331.0,MutNovel,"E282K,1.000"
X-1784,XKRY2,353515.0,Del0.8,0.23
X-1784,XKRY2,353515.0,Del0.8,0.23
X-1784,ZBTB1,22890.0,MutNovel,"K523T,0.533"
X-1784,ZFY,7544.0,Del0.8,0.24
X-1784,ZMIZ1,57178.0,MutNovel,"D817N,0.667"
X-1784,ZNF384,171017.0,MutNovel,"QQ514Q,0.352"
X-1784,ZNF503,84858.0,Amp8,11.31
X-1784,ZNF503-AS1,253264.0,Amp8,11.31
X-1784,ZNF503-AS2,100131213.0,Amp8,11.31
X-1784,ZNF552,79818.0,MutNovel,"L49P,0.273"
X-1784,ZNF577,84765.0,MutKnownFunctional,"-8,0.338"
X-1784,ZNF610,162963.0,MutNovel,"E6K,0.240"
X-1784,ZNF638,27332.0,MutNovel,"N849S,0.463"
X-1784,ZNF665,79788.0,MutNovel,"N610H,0.800"
X-1784,ZNF705D,728957.0,Del0.8,0.58
X-1784,ZNF728,,MutNovel,"R500I,0.857"
X-1784,ZNF728,,MutNovel,"K431I,0.625"
X-1784,ZXDA,7789.0,MutNovel,"D87E,1.000"
X-1828,ADAM18,8749.0,Amp5,5.24
X-1828,ADAM2,2515.0,Amp5,5.24
X-1828,ADAM32,203102.0,Amp5,5.24
X-1828,ADAM3A,1587.0,Amp5,5.24
X-1828,ADAM5P,255926.0,Amp5,5.24
X-1828,ADAM9,8754.0,Amp5,5.24
X-1828,ADAMTS6,11174.0,MutNovel,"H179Y,1.000"
X-1828,ADCYAP1,116.0,Amp5,5.7
X-1828,ADRB3,155.0,Amp5,5.24
X-1828,AFF4,27125.0,MutNovel,"P529L,0.976"
X-1828,AGAP4,119016.0,MutNovel,"A632V,0.286"
X-1828,AGPAT6,137964.0,Amp5,5.21
X-1828,AHNAK2,113146.0,MutNovel,"N2143D,1.000"
X-1828,AHRR,57491.0,Amp5,5.7
X-1828,AK4,205.0,MutNovel,"R188Q,0.400"
X-1828,AKD1,221264.0,MutNovel,"L841P,1.000"
X-1828,AMELY,266.0,Del0.8,0.3
X-1828,AMY1B,,MutNovel,"I211L,1.000"
X-1828,ANK1,286.0,Amp5,5.21
X-1828,ANKRD36,375248.0,MutNovel,"Q720K,1.000"
X-1828,ANKRD36,375248.0,MutNovel,"T998S,0.370"
X-1828,ANKRD36,375248.0,MutNovel,"C1594S,0.833"
X-1828,ANO8,57719.0,MutNovel,"A4T,1.000"
X-1828,AP3M2,10947.0,Amp5,5.21
X-1828,ASCL1,429.0,Del0.8,0.69
X-1828,ASH2L,9070.0,Amp5,5.24
X-1828,ASPM,259266.0,MutNovel,"S523G,0.333"
X-1828,BAG4,9530.0,Amp5,5.24
X-1828,BCORP1,286554.0,Del0.8,0.3
X-1828,BFAR,51283.0,MutNovel,"T402M,0.301"
X-1828,BPY2B,442867.0,Del0.8,0.3
X-1828,BPY2B,442867.0,Del0.8,0.3
X-1828,BRF2,55290.0,Amp5,5.24
X-1828,BRMS1L,84312.0,MutNovel,"K307E,0.529"
X-1828,BRPF1,7862.0,MutNovel,"V300M,0.736"
X-1828,C18orf42,642597.0,Amp5,6.54
X-1828,C1orf106,55765.0,MutNovel,"R330W,0.502"
X-1828,C2orf28,51374.0,MutNovel,"E9K,1.000"
X-1828,C5orf55,116349.0,Amp5,5.7
X-1828,C6orf223,221416.0,MutNovel,"A147T,0.215"
X-1828,C8orf4,56892.0,Amp5,5.24
X-1828,C8orf40,114926.0,Amp5,5.17
X-1828,C8orf86,389649.0,Amp5,5.24
X-1828,CALM3,808.0,MutNovel,"I131V,0.250"
X-1828,CANT1,124583.0,MutNovel,"M375K,1.000"
X-1828,CAPN7,23473.0,MutNovel,"D108N,0.442"
X-1828,CBX3P2,645158.0,Amp8,8.06
X-1828,CCDC77,84318.0,MutNovel,"C11Y,0.476"
X-1828,CDY1B,253175.0,Del0.8,0.3
X-1828,CDY1B,253175.0,Del0.8,0.3
X-1828,CDY2A,9426.0,Del0.8,0.3
X-1828,CDY2A,9426.0,Del0.8,0.3
X-1828,CDY2B,203611.0,Del0.8,0.3
X-1828,CDY2B,203611.0,Del0.8,0.3
X-1828,CES1P1,51716.0,Del0.8,0.72
X-1828,CETN1,1068.0,Amp5,5.98
X-1828,CHRNA6,8973.0,Amp5,5.17
X-1828,CHRNB3,1142.0,Amp5,5.17
X-1828,CKAP4,10970.0,MutNovel,"S84SP,0.396"
X-1828,CLUL1,27098.0,Amp5,5.98
X-1828,COLEC12,81035.0,Amp5,5.98
X-1828,CRAMP1L,57585.0,MutNovel,"A68V,0.273"
X-1828,CRIPAK,285464.0,MutNovel,"V164A,0.333"
X-1828,CRIPAK,285464.0,MutNovel,"M266T,0.250"
X-1828,CROCC,9696.0,MutNovel,"R666I,0.357"
X-1828,CSPG4P1Y,114758.0,Del0.8,0.3
X-1828,CSPG4P1Y,114758.0,Del0.8,0.3
X-1828,CTSA,5476.0,MutNovel,"L29-,0.201"
X-1828,DAZ1,1617.0,Del0.8,0.3
X-1828,DAZ2,57055.0,Del0.8,0.3
X-1828,DAZ3,57054.0,Del0.8,0.3
X-1828,DAZ3,57054.0,Del0.8,0.3
X-1828,DAZ4,57135.0,Del0.8,0.3
X-1828,DAZ4,57135.0,Del0.8,0.3
X-1828,DDHD2,23259.0,Amp5,5.24
X-1828,DDX26B,203522.0,MutKnownFunctional,"L428*,0.667"
X-1828,DDX3Y,8653.0,Del0.8,0.3
X-1828,DGAT2,84649.0,MutNovel,"R218W,1.000"
X-1828,DGCR8,54487.0,MutNovel,"P402T,1.000"
X-1828,DKK4,27121.0,Amp5,5.17
X-1828,DLGAP1,9229.0,Amp5,5.39
X-1828,DUSP26,78986.0,Amp5,5.24
X-1828,EFHD1,80303.0,MutNovel,"A31V,0.994"
X-1828,EIF1AY,9086.0,Del0.8,0.3
X-1828,EIF4EBP1,1978.0,Amp5,5.24
X-1828,EPN3,55040.0,MutNovel,"S190Y,0.979"
X-1828,ERLIN2,11160.0,Amp5,5.24
X-1828,EXOC3,11336.0,Amp5,5.7
X-1828,EZR,7430.0,MutNovel,"N6S,0.577"
X-1828,FAM197Y2P,252946.0,Del0.8,0.3
X-1828,FAM41AY1,340618.0,Del0.8,0.3
X-1828,FAM41AY1,340618.0,Del0.8,0.3
X-1828,FBLN7,129804.0,MutNovel,"R61W,1.000"
X-1828,FCN2,2220.0,Amp5,7.11
X-1828,FGFR1,2260.0,Amp5,5.24
X-1828,FNDC1,84624.0,MutNovel,"S1639C,0.500"
X-1828,FNTA,2339.0,Amp5,5.17
X-1828,FUOM,,MutNovel,"G133V,0.696"
X-1828,GAP43,2596.0,MutNovel,"R79H,0.667"
X-1828,GIGYF2,26058.0,MutNovel,"PQ1231P,0.667"
X-1828,GINS4,84296.0,Amp5,5.21
X-1828,GLT25D1,79709.0,MutNovel,"Q352P,1.000"
X-1828,GOLGA2P2Y,84559.0,Del0.8,0.3
X-1828,GOLGA2P2Y,84559.0,Del0.8,0.3
X-1828,GOLGA7,51125.0,Amp5,5.21
X-1828,GOT1L1,137362.0,Amp5,5.24
X-1828,GPR124,25960.0,Amp5,5.24
X-1828,GPRIN2,9721.0,MutNovel,"-238MRE,0.581"
X-1828,GYG2P1,352887.0,Del0.8,0.3
X-1828,HERC2,8924.0,MutNovel,"A1372P,0.556"
X-1828,HGSNAT,138050.0,Amp5,5.17
X-1828,HLA-DRB1,3123.0,MutNovel,"SP211RA,0.250"
X-1828,HLA-G,3135.0,MutNovel,"M309A,1.000"
X-1828,HOOK2,29911.0,MutNovel,"R77Q,0.674"
X-1828,HOOK3,84376.0,Amp5,5.17
X-1828,HOXA1,3198.0,MutNovel,"HH71H,0.556"
X-1828,HS6ST1,9394.0,MutNovel,"P395L,0.992"
X-1828,HSFY2,159119.0,Del0.8,0.3
X-1828,HSFY2,159119.0,Del0.8,0.3
X-1828,HTRA4,203100.0,Amp5,5.24
X-1828,IDO1,3620.0,Amp5,5.24
X-1828,IDO2,169355.0,Amp5,5.24
X-1828,IL22RA1,58985.0,MutNovel,"P366S,1.000"
X-1828,ITGB4,3691.0,MutNovel,"G235S,1.000"
X-1828,ITPR3,3710.0,MutNovel,"A1530T,0.258"
X-1828,IVL,3713.0,MutNovel,"P236S,0.500"
X-1828,KAT6A,7994.0,Amp5,5.21
X-1828,KCNU1,157855.0,Amp5,5.24
X-1828,KDM5D,8284.0,Del0.8,0.3
X-1828,KIAA1468,57614.0,MutNovel,"I277V,1.000"
X-1828,KIAA2026,158358.0,MutNovel,"I1548T,0.515"
X-1828,KIF20B,9585.0,MutNovel,"L1062LKV,0.276"
X-1828,KIF24,347240.0,MutNovel,"I58V,0.286"
X-1828,KNTC1,9735.0,MutNovel,"T310M,0.458"
X-1828,KRT13,3860.0,MutNovel,"D131E,0.667"
X-1828,KRT13,3860.0,MutNovel,"E120D,0.750"
X-1828,KRT6C,286887.0,MutNovel,"A87G,0.917"
X-1828,KRT75,9119.0,MutNovel,"A336T,0.300"
X-1828,KRT85,3891.0,MutNovel,"A386V,0.400"
X-1828,KRT85,3891.0,MutNovel,"I353M,0.500"
X-1828,KRT85,3891.0,MutNovel,"I353V,0.556"
X-1828,LAMA5,3911.0,MutNovel,"A68T,0.321"
X-1828,LAT2,7462.0,MutNovel,"E227D,1.000"
X-1828,LCE3C,353144.0,Del0.8,0.48
X-1828,LETM2,137994.0,Amp5,5.24
X-1828,LINC00470,56651.0,Amp5,5.7
X-1828,LINC00526,147525.0,Amp5,6.54
X-1828,LMTK2,22853.0,MutNovel,"V165I,0.448"
X-1828,LOC100129480,100129480.0,MutNovel,"V83A,0.444"
X-1828,LOC100132247,100132247.0,MutNovel,"PS1064P,0.818"
X-1828,LOC100287290,,MutNovel,"T7A,1.000"
X-1828,LOC100287313,,MutNovel,"E66K,0.417"
X-1828,LOC100289650,100289650.0,Amp5,7.78
X-1828,LOC100506688,100506688.0,Amp5,5.1
X-1828,LOC100996689,,MutNovel,"Q278E,0.231"
X-1828,LOC201477,201477.0,Amp5,6.36
X-1828,LOC284215,284215.0,Amp5,6.36
X-1828,LOC646862,646862.0,MutNovel,"D82N,0.667"
X-1828,LOC728024,728024.0,Amp5,5.24
X-1828,LOC728888,,MutNovel,"P1055L,0.500"
X-1828,LOC81691,81691.0,MutNovel,"K522N,0.245"
X-1828,LONRF1,91694.0,MutNovel,"R444K,0.475"
X-1828,LSM1,27257.0,Amp5,5.24
X-1828,LSR,51599.0,MutNovel,"G518GR,0.520"
X-1828,LTN1,26046.0,MutNovel,"D287N,0.619"
X-1828,MAP3K4,4216.0,MutNovel,"PA1189P,0.545"
X-1828,MEF2A,4205.0,MutNovel,"QQ412-,0.278"
X-1828,MELK,9833.0,MutNovel,"I149S,0.382"
X-1828,METTL4,64863.0,Amp8,8.06
X-1828,MIR4469,100616115.0,Amp5,5.17
X-1828,MIR4635,100616479.0,Amp5,5.1
X-1828,MIR486,619554.0,Amp5,5.21
X-1828,MLLT4,4301.0,MutNovel,"M1602L,0.842"
X-1828,MMP15,4324.0,MutNovel,"D596G,1.000"
X-1828,MPRIP,23164.0,MutNovel,"TSS178T,0.580"
X-1828,MYCBP2,23077.0,MutNovel,"I4078T,1.000"
X-1828,MYLK,4638.0,MutNovel,"V872M,0.700"
X-1828,MYO1D,4642.0,MutNovel,"Y514S,1.000"
X-1828,NBPF10,100132406.0,MutNovel,"E125Q,0.375"
X-1828,NBPF14,25832.0,MutNovel,"I861G,0.778"
X-1828,NBPF14,25832.0,MutNovel,"NS843KG,0.333"
X-1828,NBPF9,400818.0,MutNovel,"R608P,0.267"
X-1828,NCOR1,9611.0,MutNovel,"A299V,1.000"
X-1828,NCOR2,9612.0,MutNovel,"G1839GAAA,0.578"
X-1828,NCRNA00185,55410.0,Del0.8,0.3
X-1828,NDC80,10403.0,Amp8,8.06
X-1828,NDUFAF6,,MutKnownFunctional,"-268?,0.421"
X-1828,NEB,4703.0,MutNovel,"F2843Y,1.000"
X-1828,NF2,4771.0,MutNovel,"E136K,1.000"
X-1828,NKD2,85409.0,Amp5,5.1
X-1828,NKX1-2,390010.0,MutNovel,"V231A,0.667"
X-1828,NKX6-3,157848.0,Amp5,5.21
X-1828,NLGN4Y,22829.0,Del0.8,0.3
X-1828,NR1H2,7376.0,MutNovel,"P28L,0.405"
X-1828,OR4F4,26682.0,Amp5,5.58
X-1828,OR51A4,401666.0,Del0.8,0.55
X-1828,ORAI1,84876.0,MutNovel,"PP43-,0.696"
X-1828,PCDH11Y,83259.0,Del0.8,0.3
X-1828,PCSK9,255738.0,MutNovel,"-15L,0.600"
X-1828,PDE11A,50940.0,MutNovel,"R127H,1.000"
X-1828,PDE4DIP,9659.0,MutNovel,"A2211V,1.000"
X-1828,PHLDA1,22822.0,MutNovel,"QQ194Q,0.484"
X-1828,PHLDB3,653583.0,MutNovel,"I508L,0.781"
X-1828,PIK3CA,5290.0,MutNovel,"G914R,0.728"
X-1828,PLAT,5327.0,Amp5,5.21
X-1828,PLEKHA2,59339.0,Amp5,5.24
X-1828,PNISR,25957.0,MutNovel,"GPPA190A,0.622"
X-1828,POLB,5423.0,Amp5,5.17
X-1828,POLR3E,55718.0,MutNovel,"D14N,0.720"
X-1828,POTEA,340441.0,Amp5,5.17
X-1828,POTEI,,MutNovel,"I803R,1.000"
X-1828,PP7080,25845.0,Amp5,5.7
X-1828,PPAPDC1B,84513.0,Amp5,5.24
X-1828,PRICKLE3,4007.0,MutNovel,"C311W,1.000"
X-1828,PRKY,5616.0,Del0.8,0.3
X-1828,PROSC,11212.0,Amp5,5.24
X-1828,PRSS58,136541.0,Amp5,5.06
X-1828,PRY,9081.0,Del0.8,0.3
X-1828,PRY,9081.0,Del0.8,0.3
X-1828,PRY2,442862.0,Del0.8,0.3
X-1828,PRY2,442862.0,Del0.8,0.3
X-1828,PSG10P,653492.0,Amp5,5.7
X-1828,RAB11FIP1,80223.0,Amp5,5.24
X-1828,RBMY1A3P,286557.0,Del0.8,0.3
X-1828,RBMY1B,378948.0,Del0.8,0.3
X-1828,RBMY1B,378948.0,Del0.8,0.3
X-1828,RBMY1E,378950.0,Del0.8,0.3
X-1828,RBMY1E,378950.0,Del0.8,0.3
X-1828,RBMY1F,159163.0,Del0.8,0.3
X-1828,RBMY1F,159163.0,Del0.8,0.3
X-1828,RBMY1J,378951.0,Del0.8,0.3
X-1828,RBMY1J,378951.0,Del0.8,0.3
X-1828,RBMY2EP,159125.0,Del0.8,0.3
X-1828,RBMY2FP,159162.0,Del0.8,0.3
X-1828,RBMY3AP,64593.0,Del0.8,0.3
X-1828,RDBP,7936.0,MutNovel,"RDR222R,0.287"
X-1828,RNF170,81790.0,Amp5,5.17
X-1828,RNF5P1,286140.0,Amp5,5.24
X-1828,ROBO1,6091.0,MutNovel,"A563S,0.300"
X-1828,ROCK1P1,727758.0,Amp5,5.98
X-1828,RPS4Y1,6192.0,Del0.8,0.3
X-1828,RPS4Y2,140032.0,Del0.8,0.3
X-1828,SCAPER,49855.0,Del0.8,0.76
X-1828,SEC24D,9871.0,MutNovel,"G515E,1.000"
X-1828,SFRP1,6422.0,Amp5,5.21
X-1828,SFSWAP,6433.0,MutNovel,"K746R,0.554"
X-1828,SGK196,84197.0,Amp5,5.17
X-1828,SIK3,23387.0,MutNovel,"K50N,1.000"
X-1828,SIM2,6493.0,MutNovel,"A138T,0.707"
X-1828,SIPA1L3,23094.0,MutNovel,"R1425Q,0.780"
X-1828,SLC12A7,10723.0,Amp5,5.1
X-1828,SLC20A2,6575.0,Amp5,5.17
X-1828,SLC35E4,339665.0,MutNovel,"H86N,1.000"
X-1828,SLC38A10,124565.0,MutNovel,"P659R,1.000"
X-1828,SLC6A16,28968.0,MutNovel,"V279F,0.857"
X-1828,SLC6A18,348932.0,Amp5,5.1
X-1828,SLC6A19,340024.0,Amp5,5.1
X-1828,SLC7A11,23657.0,MutNovel,"A463V,1.000"
X-1828,SLC7A8,23428.0,MutNovel,"I373L,0.500"
X-1828,SLC9A3R2,9351.0,MutNovel,"R224W,0.561"
X-1828,SLC9B2,133308.0,MutNovel,"L320P,1.000"
X-1828,SLFN5,162394.0,MutNovel,"L807I,0.534"
X-1828,SMARCA4,6597.0,MutNovel,"W922L,0.424"
X-1828,SMARCC1,6599.0,MutNovel,"R190Q,0.349"
X-1828,SMCHD1,23347.0,Amp5,6.06
X-1828,SNAPC2,6618.0,MutNovel,"L126I,0.469"
X-1828,SNAPC4,6621.0,MutNovel,"S542-,0.643"
X-1828,SNX20,124460.0,MutNovel,"P202L,1.000"
X-1828,SOD1,6647.0,MutNovel,"G28R,0.386"
X-1828,SPON1,10418.0,MutNovel,"L427P,1.000"
X-1828,SRD5A2,6716.0,MutKnownFunctional,"-30?,1.000"
X-1828,SRPK1,6732.0,MutNovel,"I228T,0.229"
X-1828,SRY,6736.0,Del0.8,0.3
X-1828,STAR,6770.0,Amp5,5.24
X-1828,TACC1,6867.0,Amp5,5.24
X-1828,TAMM41,132001.0,MutNovel,"P40L,0.792"
X-1828,TAPBPL,55080.0,MutNovel,"A253T,0.348"
X-1828,TBL1Y,90665.0,Del0.8,0.3
X-1828,TGIF2LY,90655.0,Del0.8,0.3
X-1828,THAP1,55145.0,Amp5,5.17
X-1828,THOC1,9984.0,Amp5,5.98
X-1828,TM2D2,83877.0,Amp5,5.24
X-1828,TMEM176A,55365.0,Del0.8,0.6
X-1828,TMEM185B,79134.0,MutKnownFunctional,"-341,0.488"
X-1828,TMSB4Y,9087.0,Del0.8,0.3
X-1828,TP53,7157.0,MutKnownFunctional,"R273C,0.997"
X-1828,TRMT2A,27037.0,MutKnownFunctional,"-599?,0.917"
X-1828,TSC2,7249.0,MutNovel,"V1599M,0.625"
X-1828,TSPAN33,340348.0,MutNovel,"A56D,0.636"
X-1828,TSPY1,7258.0,Del0.8,0.3
X-1828,TSPY2,64591.0,Del0.8,0.3
X-1828,TSPY3,728137.0,Del0.8,0.3
X-1828,TSPY4,728395.0,Del0.8,0.3
X-1828,TSPY8,728403.0,Del0.8,0.3
X-1828,TSPYL1,7259.0,MutNovel,"V176VW,0.433"
X-1828,TTC21A,199223.0,MutNovel,"P759A,0.556"
X-1828,TTTY10,246119.0,Del0.8,0.3
X-1828,TTTY11,83866.0,Del0.8,0.3
X-1828,TTTY12,83867.0,Del0.8,0.3
X-1828,TTTY13,83868.0,Del0.8,0.3
X-1828,TTTY14,83869.0,Del0.8,0.3
X-1828,TTTY15,64595.0,Del0.8,0.3
X-1828,TTTY16,252948.0,Del0.8,0.3
X-1828,TTTY17A,252949.0,Del0.8,0.3
X-1828,TTTY17A,252949.0,Del0.8,0.3
X-1828,TTTY18,252950.0,Del0.8,0.3
X-1828,TTTY19,252952.0,Del0.8,0.3
X-1828,TTTY1B,100101116.0,Del0.8,0.3
X-1828,TTTY1B,100101116.0,Del0.8,0.3
X-1828,TTTY2,60439.0,Del0.8,0.3
X-1828,TTTY2,60439.0,Del0.8,0.3
X-1828,TTTY20,252951.0,Del0.8,0.3
X-1828,TTTY21,252953.0,Del0.8,0.3
X-1828,TTTY21,252953.0,Del0.8,0.3
X-1828,TTTY22,252954.0,Del0.8,0.3
X-1828,TTTY23,252955.0,Del0.8,0.3
X-1828,TTTY23,252955.0,Del0.8,0.3
X-1828,TTTY3,114760.0,Del0.8,0.3
X-1828,TTTY3,114760.0,Del0.8,0.3
X-1828,TTTY4,114761.0,Del0.8,0.3
X-1828,TTTY4,114761.0,Del0.8,0.3
X-1828,TTTY5,83863.0,Del0.8,0.3
X-1828,TTTY6,84672.0,Del0.8,0.3
X-1828,TTTY6,84672.0,Del0.8,0.3
X-1828,TTTY7,246122.0,Del0.8,0.3
X-1828,TTTY7,246122.0,Del0.8,0.3
X-1828,TTTY7B,100101120.0,Del0.8,0.3
X-1828,TTTY7B,100101120.0,Del0.8,0.3
X-1828,TTTY8,84673.0,Del0.8,0.3
X-1828,TTTY8,84673.0,Del0.8,0.3
X-1828,TTTY9A,83864.0,Del0.8,0.3
X-1828,TTTY9A,83864.0,Del0.8,0.3
X-1828,TUBGCP5,114791.0,MutNovel,"L815S,0.978"
X-1828,TXLNG2P,246126.0,Del0.8,0.3
X-1828,UNC5D,137970.0,Amp5,5.24
X-1828,USP14,9097.0,Amp5,5.98
X-1828,USP9Y,8287.0,Del0.8,0.3
X-1828,UTY,7404.0,Del0.8,0.3
X-1828,VCY,9084.0,Del0.8,0.3
X-1828,VCY,9084.0,Del0.8,0.3
X-1828,VDAC3,7419.0,Amp5,5.17
X-1828,WHSC1L1,54904.0,Amp5,5.24
X-1828,XKRY2,353515.0,Del0.8,0.3
X-1828,XKRY2,353515.0,Del0.8,0.3
X-1828,ZFY,7544.0,Del0.8,0.3
X-1828,ZMAT4,79698.0,Amp5,5.21
X-1828,ZNF200,7752.0,MutNovel,"N378D,0.728"
X-1828,ZNF219,51222.0,MutNovel,"QPP233P,0.828"
X-1828,ZNF233,353355.0,MutNovel,"D665H,0.818"
X-1828,ZNF329,79673.0,MutNovel,"T407A,0.773"
X-1828,ZNF384,171017.0,MutNovel,"QQ514Q,0.205"
X-1828,ZNF703,80139.0,Amp5,5.24
X-1828,ZXDB,158586.0,MutNovel,"S655T,1.000"
X-1832,AARD,,MutNovel,"Q92H,1.000"
X-1832,ACAD9,28976.0,MutNovel,"G136R,0.760"
X-1832,ACAN,176.0,MutNovel,"D1390E,0.269"
X-1832,ACTR3B,57180.0,Amp5,6.02
X-1832,ACVR1B,91.0,MutNovel,"G355E,1.000"
X-1832,ADAM6,8755.0,Amp8,25.99
X-1832,ADAMTS12,81792.0,Amp5,5.62
X-1832,ADAMTS16,170690.0,Amp5,6.41
X-1832,ADCK2,90956.0,Amp5,6.5
X-1832,ADCY2,108.0,MutNovel,"Y11H,0.750"
X-1832,ADCY2,108.0,Amp5,6.41
X-1832,ADNP,23394.0,Amp8,15.56
X-1832,ADSSL1,122622.0,Amp5,7.16
X-1832,AGAP4,119016.0,MutNovel,"S363I,0.500"
X-1832,AGBL3,340351.0,Amp5,6.15
X-1832,AGK,55750.0,Amp5,6.5
X-1832,AGXT2,64902.0,Amp5,5.62
X-1832,AHNAK2,113146.0,Amp5,7.16
X-1832,AHRR,57491.0,Amp5,6.5
X-1832,AKAP8,10270.0,Amp5,5.1
X-1832,AKAP8L,26993.0,Amp5,5.1
X-1832,AKAP9,10142.0,MutNovel,"E415K,0.833"
X-1832,AKR1D1,6718.0,Amp5,6.06
X-1832,AKT1,207.0,MutKnownFunctional,"E17K,0.825"
X-1832,AKT1,207.0,Amp5,7.16
X-1832,ALKBH6,84964.0,Amp5,5.13
X-1832,AMACR,23600.0,Amp5,5.62
X-1832,AMELY,266.0,Del0.8,0.21
X-1832,ANKH,56172.0,Amp5,6.36
X-1832,ANKRD27,84079.0,Amp8,8.57
X-1832,ANKRD33B,651746.0,Amp5,6.41
X-1832,APLP1,333.0,Amp5,5.13
X-1832,ARHGAP33,115703.0,Amp5,5.13
X-1832,ARHGEF35,445328.0,Amp5,5.62
X-1832,ARHGEF5,7984.0,Amp5,5.86
X-1832,ATAD3B,83858.0,MutNovel,"R513T,0.372"
X-1832,ATAD3C,219293.0,MutNovel,"Y98F,1.000"
X-1832,ATP13A1,57130.0,Amp8,10.34
X-1832,ATP4A,495.0,Amp5,5.13
X-1832,ATP6V0A4,50617.0,Amp5,6.06
X-1832,ATP9A,10079.0,Amp8,15.56
X-1832,ATXN8OS,6315.0,Amp5,7.94
X-1832,BASP1,10409.0,Amp5,6.77
X-1832,BCAS4,55653.0,Amp8,15.56
X-1832,BCORP1,286554.0,Del0.8,0.21
X-1832,BORA,79866.0,Amp5,5.94
X-1832,BPY2B,442867.0,Del0.8,0.21
X-1832,BPY2B,442867.0,Del0.8,0.21
X-1832,BRAF,673.0,Amp5,6.5
X-1832,BRD4,23476.0,Amp5,5.1
X-1832,BRD9,65980.0,Amp5,6.11
X-1832,BRF1,2972.0,Amp5,7.16
X-1832,BRIX1,55299.0,Amp5,5.62
X-1832,BTBD6,90135.0,Amp5,7.16
X-1832,C14orf180,400258.0,Amp5,7.16
X-1832,C14orf79,122616.0,Amp5,7.16
X-1832,C14orf80,283643.0,Amp5,7.16
X-1832,C19orf12,83636.0,Amp8,8.57
X-1832,C19orf40,91442.0,Amp8,8.57
X-1832,C19orf55,148137.0,Amp5,5.13
X-1832,C1QTNF3,114899.0,Amp5,5.62
X-1832,C5orf22,55322.0,Amp5,5.62
X-1832,C5orf28,64417.0,Amp5,5.5
X-1832,C5orf34,375444.0,Amp5,5.5
X-1832,C5orf38,153571.0,Amp5,6.41
X-1832,C5orf42,65250.0,Amp5,5.62
X-1832,C5orf49,134121.0,Amp5,6.41
X-1832,C5orf51,285636.0,Amp5,5.5
X-1832,C5orf55,116349.0,Amp5,6.5
X-1832,C6,729.0,Amp5,5.5
X-1832,C7orf13,129790.0,Amp8,12.38
X-1832,C7orf33,202865.0,Amp8,11.79
X-1832,C7orf34,135927.0,Amp5,5.62
X-1832,C7orf49,78996.0,Amp5,7.73
X-1832,C7orf55,154791.0,Amp5,6.5
X-1832,C7orf73,647087.0,Amp5,7.73
X-1832,C9,735.0,Amp5,5.62
X-1832,CACNA1C,775.0,MutNovel,"V1311I,1.000"
X-1832,CACNA2D1,781.0,Amp5,6.19
X-1832,CALD1,800.0,MutNovel,"RE318R,0.703"
X-1832,CAPNS1,826.0,Amp5,5.13
X-1832,CAPSL,133690.0,Amp5,5.62
X-1832,CARD6,84674.0,Amp5,5.62
X-1832,CASP14,23581.0,Amp5,5.1
X-1832,CASP2,835.0,Amp5,5.62
X-1832,CCDC105,126402.0,Amp5,5.1
X-1832,CCDC127,133957.0,Amp5,6.5
X-1832,CCDC146,57639.0,Amp5,6.32
X-1832,CCDC152,100129792.0,Amp5,5.5
X-1832,CCL28,56477.0,Amp5,5.5
X-1832,CCNE1,898.0,Amp8,8.57
X-1832,CCT5,22948.0,Amp5,6.41
X-1832,CD177,57126.0,Del0.8,0.47
X-1832,CD22,933.0,Amp5,5.13
X-1832,CD36,948.0,Amp5,6.36
X-1832,CDCA4,55038.0,Amp5,7.16
X-1832,CDH10,1008.0,Amp5,5.62
X-1832,CDH12,1010.0,Amp5,6.77
X-1832,CDH18,1016.0,Amp5,6.77
X-1832,CDH6,1004.0,Amp5,5.62
X-1832,CDH9,1007.0,Amp5,5.62
X-1832,CDHR5,53841.0,MutNovel,"S567G,0.267"
X-1832,CDY1B,253175.0,Del0.8,0.21
X-1832,CDY1B,253175.0,Del0.8,0.21
X-1832,CDY2A,9426.0,Del0.8,0.21
X-1832,CDY2A,9426.0,Del0.8,0.21
X-1832,CDY2B,203611.0,Del0.8,0.21
X-1832,CDY2B,203611.0,Del0.8,0.21
X-1832,CEBPA,1050.0,Amp8,8.57
X-1832,CEBPB,1051.0,Amp8,18.25
X-1832,CEBPG,1054.0,Amp8,8.57
X-1832,CEP72,55722.0,Amp5,6.5
X-1832,CEP89,84902.0,Amp8,8.57
X-1832,CFHR1,3078.0,Amp5,5.74
X-1832,CFHR3,10878.0,Amp5,7.16
X-1832,CHM,1121.0,MutNovel,"S106F,1.000"
X-1832,CHRM2,1129.0,Amp5,7.73
X-1832,CHST8,64377.0,Amp8,8.57
X-1832,CILP2,148113.0,Amp8,10.34
X-1832,CLCN1,1180.0,Amp5,5.62
X-1832,CLEC11A,6320.0,MutNovel,"S267A,1.000"
X-1832,CLEC2L,154790.0,Amp5,6.5
X-1832,CLEC5A,23601.0,Amp5,5.62
X-1832,CLIP3,25999.0,Amp5,5.13
X-1832,CLPTM1L,81037.0,Amp5,6.11
X-1832,CMBL,134147.0,Amp5,6.41
X-1832,CNOT4,4850.0,Amp5,7.73
X-1832,CNPY1,285888.0,Amp8,12.38
X-1832,CNTNAP2,26047.0,Amp8,8.28
X-1832,CNTNAP4,85445.0,MutKnownFunctional,"-15?,1.000"
X-1832,COX6B1,1340.0,Amp5,5.13
X-1832,COX7A1,1346.0,Amp5,5.13
X-1832,CPSF6,11052.0,MutNovel,"G295S,0.592"
X-1832,CREB3L2,64764.0,Amp5,6.06
X-1832,CRIP1,1396.0,Amp5,7.16
X-1832,CRIP2,1397.0,Amp5,7.16
X-1832,CROCC,9696.0,MutNovel,"R789W,0.500"
X-1832,CSMD1,64478.0,Del0.8,0.69
X-1832,CSPG4P1Y,114758.0,Del0.8,0.21
X-1832,CSPG4P1Y,114758.0,Del0.8,0.21
X-1832,CTAGE15P,441294.0,Amp5,5.62
X-1832,CTAGE4,100128553.0,Amp5,5.62
X-1832,CTAGE6P,340307.0,Amp5,5.62
X-1832,CTNND2,1501.0,Amp5,6.41
X-1832,CTSA,5476.0,MutNovel,"L29-,0.795"
X-1832,CUL1,8454.0,Amp8,11.79
X-1832,CYP2F1,1572.0,MutNovel,"R433H,1.000"
X-1832,CYP4F22,126410.0,Amp5,5.1
X-1832,CYP4F8,11283.0,Amp5,5.1
X-1832,DAB2,1601.0,Amp5,5.62
X-1832,DACH1,1602.0,Amp5,5.94
X-1832,DAP,1611.0,Amp5,6.41
X-1832,DAZ1,1617.0,Del0.8,0.21
X-1832,DAZ2,57055.0,Del0.8,0.21
X-1832,DAZ3,57054.0,Del0.8,0.21
X-1832,DAZ3,57054.0,Del0.8,0.21
X-1832,DAZ4,57135.0,Del0.8,0.21
X-1832,DAZ4,57135.0,Del0.8,0.21
X-1832,DDIT4L,115265.0,MutNovel,"K180R,1.000"
X-1832,DDX3Y,8653.0,Del0.8,0.21
X-1832,DENND2A,27147.0,Amp5,6.5
X-1832,DENND4B,9909.0,MutNovel,"QQQ908-,0.205"
X-1832,DGKI,9162.0,Amp5,6.87
X-1832,DHRSX,207063.0,MutNovel,"G383R,0.750"
X-1832,DIS3,22894.0,Amp5,5.94
X-1832,DISC1,27185.0,MutNovel,"A174V,0.286"
X-1832,DKFZp566F0947,94023.0,Amp8,8.57
X-1832,DMKN,93099.0,Amp5,5.13
X-1832,DNAH5,1767.0,Amp5,6.36
X-1832,DNAJC21,134218.0,Amp5,5.62
X-1832,DPM1,8813.0,Amp8,15.56
X-1832,DPP6,1804.0,Amp5,5.7
X-1832,DPY19L3,147991.0,Amp8,8.57
X-1832,DROSHA,29102.0,Amp5,5.62
X-1832,DTX2,113878.0,MutNovel,"G268D,0.300"
X-1832,DTX2P1-UPK3BP1-PMS2P11,441263.0,Amp5,6.32
X-1832,DYSF,8291.0,MutNovel,"R1393Q,0.375"
X-1832,EGFLAM,133584.0,Amp5,5.62
X-1832,EIF1AY,9086.0,Del0.8,0.21
X-1832,EMILIN3,90187.0,Amp5,7.26
X-1832,EN2,2020.0,Amp8,12.38
X-1832,ENPP1,5167.0,MutNovel,"N731H,0.591"
X-1832,EPHA1,2041.0,Amp5,5.62
X-1832,EPHB6,2051.0,Amp5,5.62
X-1832,EPHX3,79852.0,Amp5,5.1
X-1832,ETV2,2116.0,Amp5,5.13
X-1832,EXOC3,11336.0,Amp5,6.5
X-1832,EZH2,2146.0,Amp8,11.79
X-1832,FAAH2,158584.0,Amp5,5.74
X-1832,FABP7,2173.0,Amp5,6.45
X-1832,FAM105A,54491.0,Amp5,6.36
X-1832,FAM105B,90268.0,Amp5,6.36
X-1832,FAM106A,80039.0,Del0.8,0.66
X-1832,FAM115A,9747.0,Amp5,5.62
X-1832,FAM115C,285966.0,Amp5,5.62
X-1832,FAM131B,9715.0,Amp5,5.62
X-1832,FAM134B,54463.0,Amp5,6.77
X-1832,FAM171B,165215.0,MutNovel,"-50Q,0.438"
X-1832,FAM173B,134145.0,Amp5,6.41
X-1832,FAM180A,389558.0,Amp5,7.73
X-1832,FAM187B,148109.0,Amp5,5.13
X-1832,FAM197Y2P,252946.0,Del0.8,0.21
X-1832,FAM41AY1,340618.0,Del0.8,0.21
X-1832,FAM41AY1,340618.0,Del0.8,0.21
X-1832,FAM65C,140876.0,Amp8,15.56
X-1832,FAM75A6,389730.0,Del0.8,0.44
X-1832,FASTKD3,79072.0,Amp5,6.41
X-1832,FBF1,85302.0,MutNovel,"E934K,1.000"
X-1832,FBXO4,26272.0,Amp5,5.5
X-1832,FFAR1,2864.0,Amp5,5.13
X-1832,FFAR2,2867.0,Amp5,5.13
X-1832,FFAR3,2865.0,Amp5,5.13
X-1832,FGF10,2255.0,Amp5,5.5
X-1832,FGL2,10875.0,Amp5,6.32
X-1832,FLG,2312.0,MutNovel,"W962R,0.333"
X-1832,FLJ33360,401172.0,Amp5,6.41
X-1832,FLJ40852,285962.0,Amp5,6.5
X-1832,FXYD1,5348.0,Amp5,5.13
X-1832,FXYD3,5349.0,Amp5,5.13
X-1832,FXYD5,53827.0,Amp5,5.13
X-1832,FXYD7,53822.0,Amp5,5.13
X-1832,FYB,2533.0,Amp5,5.62
X-1832,GAPDHS,26330.0,Amp5,5.13
X-1832,GATAD2A,54815.0,Amp8,10.34
X-1832,GDNF,2668.0,Amp5,5.62
X-1832,GHR,2690.0,Amp5,5.5
X-1832,GIMAP4,55303.0,Amp5,7.01
X-1832,GIMAP7,168537.0,Amp5,7.01
X-1832,GIMAP8,155038.0,Amp8,10.63
X-1832,GMIP,51291.0,Amp8,10.34
X-1832,GNAI1,2770.0,Amp5,6.36
X-1832,GNAT3,346562.0,Amp5,6.36
X-1832,GOLGA2P2Y,84559.0,Del0.8,0.21
X-1832,GOLGA2P2Y,84559.0,Del0.8,0.21
X-1832,GOLPH3,64083.0,Amp5,5.62
X-1832,GPATCH1,55094.0,Amp8,8.57
X-1832,GPI,2821.0,Amp5,6.45
X-1832,GPR132,29933.0,Amp5,7.16
X-1832,GPR161,23432.0,MutKnownFunctional,"-18?,0.500"
X-1832,GRAMD1A,57655.0,Amp5,5.13
X-1832,GSTK1,373156.0,Amp5,5.62
X-1832,GSTT1,2952.0,Amp5,5.62
X-1832,GSTTP1,25774.0,Amp5,5.62
X-1832,GUSBP1,728411.0,Amp5,5.17
X-1832,GYG2P1,352887.0,Del0.8,0.21
X-1832,HAMP,57817.0,Amp5,5.13
X-1832,HAPLN4,404037.0,MutNovel,"T177S,1.000"
X-1832,HAPLN4,404037.0,Amp8,10.34
X-1832,HAUS5,23354.0,Amp5,5.13
X-1832,HCN1,348980.0,Amp5,5.5
X-1832,HCST,10870.0,Amp5,5.13
X-1832,HEATR7B2,133558.0,Amp5,5.5
X-1832,HGF,3082.0,Amp5,6.19
X-1832,HIPK2,28996.0,Amp5,6.5
X-1832,HKR1,284459.0,Amp5,5.13
X-1832,HLA-DRB6,3128.0,Amp5,5.17
X-1832,HMGCS1,3157.0,Amp5,5.5
X-1832,HNRNPCL1,343069.0,Amp5,6.06
X-1832,HPN,3249.0,Amp5,5.13
X-1832,HRNR,388697.0,MutNovel,"R1697C,0.667"
X-1832,HSFY2,159119.0,Del0.8,0.21
X-1832,HSFY2,159119.0,Del0.8,0.21
X-1832,HSPB6,126393.0,Amp5,5.13
X-1832,IGFLR1,79713.0,Amp5,5.13
X-1832,IGSF3,3321.0,MutNovel,"D1041G,0.286"
X-1832,IL7R,3575.0,Amp5,5.62
X-1832,ILVBL,10994.0,Amp5,5.1
X-1832,INF2,64423.0,Amp5,7.16
X-1832,INSIG1,3638.0,Amp8,12.38
X-1832,IRX1,79192.0,Amp5,6.41
X-1832,IRX2,153572.0,Amp5,6.41
X-1832,IRX4,50805.0,Amp5,6.41
X-1832,JAG1,182.0,Del0.8,0.75
X-1832,JAG2,3714.0,MutNovel,"L17LW,0.810"
X-1832,JAG2,3714.0,Amp5,7.16
X-1832,JHDM1D,80853.0,Amp5,6.5
X-1832,KBTBD4,55709.0,MutNovel,"V137M,0.333"
X-1832,KCNG1,3755.0,Amp8,15.56
X-1832,KCTD15,79047.0,Amp5,6.45
X-1832,KDM5D,8284.0,Del0.8,0.21
X-1832,KEL,3792.0,Amp5,5.62
X-1832,KIAA0125,9834.0,Amp8,12.64
X-1832,KIAA0284,283638.0,Amp5,7.16
X-1832,KIAA0355,9710.0,Amp5,6.45
X-1832,KIAA0947,23379.0,Amp5,6.41
X-1832,KIAA1147,57189.0,Amp5,6.5
X-1832,KIAA1549,57670.0,Amp8,8.11
X-1832,KIF24,347240.0,MutNovel,"K502E,0.800"
X-1832,KIRREL2,84063.0,Amp5,5.13
X-1832,KLF5,688.0,Amp5,5.94
X-1832,KLHL1,57626.0,Amp5,7.94
X-1832,KLHL31,401265.0,MutNovel,"T542I,0.667"
X-1832,KLRG2,346689.0,Amp5,6.5
X-1832,KRBA1,84626.0,Amp8,11.79
X-1832,KRT6A,3853.0,MutNovel,"E165A,0.400"
X-1832,KRTDAP,388533.0,Amp5,5.13
X-1832,LGALS9C,654346.0,Del0.8,0.66
X-1832,LGI4,163175.0,Amp5,5.13
X-1832,LIFR,3977.0,Amp5,5.62
X-1832,LIN37,55957.0,Amp5,5.13
X-1832,LINC00221,338005.0,Amp8,8.63
X-1832,LINC00226,338004.0,Amp8,15.78
X-1832,LINC00244,64433.0,Amp8,12.38
X-1832,LINC00290,728081.0,Del0.8,0.39
X-1832,LMBR1,64327.0,Amp8,9.45
X-1832,LMBRD2,92255.0,Amp5,5.62
X-1832,LOC100128675,100128675.0,Amp5,5.13
X-1832,LOC100128682,100128682.0,Amp5,5.13
X-1832,LOC100129148,100129148.0,Amp5,6.5
X-1832,LOC100130880,100130880.0,Amp5,6.06
X-1832,LOC100132356,100132356.0,Amp5,5.5
X-1832,LOC100132832,100132832.0,Amp5,6.32
X-1832,LOC100132859,,MutNovel,"QA21HT,1.000"
X-1832,LOC100132859,,MutNovel,"P27L,1.000"
X-1832,LOC100132859,,MutNovel,"V41A,1.000"
X-1832,LOC100132859,,MutNovel,"T43M,1.000"
X-1832,LOC100132859,,MutNovel,"R66W,1.000"
X-1832,LOC100134229,100134229.0,Amp5,6.5
X-1832,LOC100134317,100134317.0,Amp5,5.13
X-1832,LOC100287368,,MutNovel,"Q48H,1.000"
X-1832,LOC100287368,,MutNovel,"Q44E,1.000"
X-1832,LOC100287368,,MutNovel,"T35A,1.000"
X-1832,LOC100288807,,MutNovel,"K107R,1.000"
X-1832,LOC100289375,,MutNovel,"T35A,1.000"
X-1832,LOC100289375,,MutNovel,"K42E,1.000"
X-1832,LOC100289375,,MutNovel,"Q44E,1.000"
X-1832,LOC100289375,,MutNovel,"E56Q,1.000"
X-1832,LOC100289375,,MutNovel,"H61R,1.000"
X-1832,LOC100289650,100289650.0,Del0.8,0.32
X-1832,LOC100505738,100505738.0,Amp5,6.41
X-1832,LOC100505781,,MutNovel,"Q44E,1.000"
X-1832,LOC100505781,,MutNovel,"V41A,1.000"
X-1832,LOC100505781,,MutNovel,"P27L,1.000"
X-1832,LOC100505781,,MutNovel,"QA21HT,1.000"
X-1832,LOC100505806,100505806.0,Amp5,6.41
X-1832,LOC100505835,100505835.0,Amp8,8.57
X-1832,LOC100506469,100506469.0,Amp5,5.13
X-1832,LOC100506548,100506548.0,Amp5,5.62
X-1832,LOC100506688,100506688.0,Amp5,6.11
X-1832,LOC100506930,100506930.0,Amp5,5.13
X-1832,LOC100507433,100507433.0,Amp5,5.13
X-1832,LOC100631378,100631378.0,Amp5,5.13
X-1832,LOC100652772,,MutNovel,"P21S,0.308"
X-1832,LOC100996405,,MutNovel,"L113P,1.000"
X-1832,LOC100996689,,MutNovel,"G337E,0.750"
X-1832,LOC100996689,,MutNovel,"S329R,0.800"
X-1832,LOC100996689,,MutNovel,"G324L,0.800"
X-1832,LOC100996689,,MutNovel,"V273L,0.455"
X-1832,LOC100996689,,MutNovel,"T263M,0.500"
X-1832,LOC148145,148145.0,Amp8,8.57
X-1832,LOC148189,148189.0,Amp5,6.59
X-1832,LOC153684,153684.0,Amp5,5.5
X-1832,LOC154761,154761.0,Amp5,5.62
X-1832,LOC155060,155060.0,Amp8,11.79
X-1832,LOC255167,255167.0,Amp5,6.41
X-1832,LOC284344,284344.0,Del0.8,0.29
X-1832,LOC284395,284395.0,Amp8,8.57
X-1832,LOC284412,284412.0,Amp5,5.13
X-1832,LOC284440,284440.0,Amp8,10.7
X-1832,LOC284751,284751.0,Amp8,14.62
X-1832,LOC285577,285577.0,Amp5,6.41
X-1832,LOC285692,285692.0,Amp5,6.41
X-1832,LOC285696,285696.0,Amp5,6.77
X-1832,LOC285889,285889.0,Amp8,12.38
X-1832,LOC285972,285972.0,Amp8,10.63
X-1832,LOC340094,340094.0,Amp5,6.41
X-1832,LOC340107,340107.0,Amp5,5.62
X-1832,LOC340113,340113.0,Amp5,5.62
X-1832,LOC391322,391322.0,Amp5,5.62
X-1832,LOC400685,400685.0,Amp5,5.13
X-1832,LOC401177,401177.0,Amp5,6.77
X-1832,LOC442132,442132.0,Amp5,6.41
X-1832,LOC550643,550643.0,Amp5,5.74
X-1832,LOC643401,643401.0,Amp5,5.62
X-1832,LOC644189,644189.0,Amp5,5.13
X-1832,LOC644554,644554.0,Amp5,5.13
X-1832,LOC645249,645249.0,Amp5,7.21
X-1832,LOC648987,648987.0,Amp5,5.5
X-1832,LOC727924,727924.0,Del0.8,0.67
X-1832,LOC728613,728613.0,Amp5,5.24
X-1832,LOC728743,728743.0,Amp8,8
X-1832,LOC728752,728752.0,Amp5,5.13
X-1832,LOC729506,729506.0,Amp5,6.41
X-1832,LOC80054,80054.0,Amp8,8.57
X-1832,LOC93432,93432.0,Amp5,5.62
X-1832,LPAR2,9170.0,Amp8,10.34
X-1832,LPCAT1,79888.0,Amp5,6.11
X-1832,LPIN3,64900.0,Amp5,7.26
X-1832,LRFN3,79414.0,Amp5,5.13
X-1832,LRP3,4037.0,Amp8,8.57
X-1832,LRRC14B,389257.0,Amp5,6.5
X-1832,LRRC41,10489.0,MutNovel,"S370SL,0.519"
X-1832,LSM14A,26065.0,Amp5,6.45
X-1832,LSR,51599.0,Amp5,5.13
X-1832,LTBP1,4052.0,MutNovel,"G92D,0.810"
X-1832,LUC7L2,51631.0,Amp5,6.5
X-1832,LUZP6,767558.0,Amp5,7.73
X-1832,MAG,4099.0,Amp5,5.13
X-1832,MAGI2,9863.0,Amp5,6.32
X-1832,MAGI2-AS3,100505881.0,Amp5,6.32
X-1832,MAN1A2,10905.0,MutNovel,"N153K,0.220"
X-1832,MAP3K4,4216.0,MutNovel,"PA1189P,0.462"
X-1832,2014-03-11 00:00:00,441061.0,Amp5,6.77
X-1832,2014-03-06 00:00:00,10299.0,Amp5,6.41
X-1832,MAU2,23383.0,Amp8,10.34
X-1832,MED10,84246.0,Amp5,6.41
X-1832,MED15,51586.0,MutNovel,"-251Q,0.500"
X-1832,MEF2A,4205.0,MutNovel,"Q412-,0.308"
X-1832,MEOX2,4223.0,MutNovel,"HH76H,0.625"
X-1832,MGAM,8972.0,Amp5,5.62
X-1832,MGC23270,196872.0,Amp5,7.16
X-1832,MIR1270-1,100302179.0,Amp5,7.41
X-1832,MIR1470,100302127.0,Amp5,5.1
X-1832,MIR3194,100422889.0,Amp8,15.56
X-1832,MIR3650,100500824.0,Amp5,5.62
X-1832,MIR4277,100422966.0,Amp5,6.41
X-1832,MIR4278,100422999.0,Amp5,6.41
X-1832,MIR4279,100422874.0,Amp5,5.62
X-1832,MIR4454,100616234.0,Amp5,6.41
X-1832,MIR4456,100616381.0,Amp5,6.5
X-1832,MIR4457,100616235.0,Amp5,6.11
X-1832,MIR4458,100616142.0,Amp5,6.41
X-1832,MIR4468,100616226.0,Amp5,6.06
X-1832,MIR4635,100616479.0,Amp5,6.11
X-1832,MIR4636,100616326.0,Amp5,6.41
X-1832,MIR4637,100616271.0,Amp5,6.36
X-1832,MIR4710,100616300.0,Amp5,7.16
X-1832,MIR490,574443.0,Amp5,7.73
X-1832,MIR548F3,100302159.0,Amp8,11.79
X-1832,MIR548F4,100313895.0,Amp8,11.79
X-1832,MIR548I4,100302191.0,Amp8,11.79
X-1832,MIR548M,100313772.0,Amp5,6.32
X-1832,MIR548T,100422849.0,Amp8,11.79
X-1832,MIR580,693165.0,Amp5,5.62
X-1832,MIR645,693230.0,Amp8,15.56
X-1832,MKRN1,23608.0,Amp5,6.5
X-1832,MLL4,9757.0,Amp5,5.13
X-1832,MNX1,3110.0,Amp5,7.21
X-1832,MOCS3,27304.0,Amp8,15.56
X-1832,MOXD2P,100289017.0,Amp5,5.62
X-1832,MPRIP,23164.0,MutNovel,"TS178T,0.631"
X-1832,MPV17L,255027.0,MutNovel,"L127M,0.600"
X-1832,MRPL36,64979.0,Amp5,6.41
X-1832,MRPS30,10884.0,Amp5,5.5
X-1832,MRPS33,51650.0,Amp5,6.5
X-1832,MTA1,9112.0,Amp5,7.16
X-1832,MTMR12,54545.0,Amp5,5.62
X-1832,MTRNR2L6,100463482.0,Amp5,5.62
X-1832,MTRR,4552.0,Amp5,6.41
X-1832,MYO10,4651.0,Amp5,6.77
X-1832,MZT1,440145.0,Amp5,5.94
X-1832,NADKD1,133686.0,Amp5,5.62
X-1832,NBPF9,400818.0,MutNovel,"R97G,0.304"
X-1832,NBPF9,400818.0,MutNovel,"Q184R,0.750"
X-1832,NCAN,1463.0,Amp8,10.34
X-1832,NCOA3,8202.0,MutNovel,"Q1255-,0.471"
X-1832,NCOR2,9612.0,MutNovel,"G1839GAAA,0.301"
X-1832,NCOR2,9612.0,MutNovel,"-511SS,0.327"
X-1832,NCRNA00185,55410.0,Del0.8,0.21
X-1832,NDUFA13,51079.0,Amp8,10.34
X-1832,NDUFB2,4708.0,Amp5,6.5
X-1832,NDUFS6,4726.0,Amp5,6.41
X-1832,NFATC2,4773.0,Amp8,15.56
X-1832,NFKBID,84807.0,Amp5,5.13
X-1832,NIM1,167359.0,Amp5,5.5
X-1832,NIPBL,25836.0,Amp5,5.62
X-1832,NKD2,85409.0,Amp5,6.11
X-1832,NLGN4Y,22829.0,Del0.8,0.21
X-1832,NNT,23530.0,Amp5,5.5
X-1832,NOBOX,135935.0,Amp5,5.86
X-1832,NOL9,79707.0,MutNovel,"P447L,0.364"
X-1832,NOM1,64434.0,Amp5,7.21
X-1832,NOTCH3,4854.0,Amp5,5.1
X-1832,NPHS1,4868.0,Amp5,5.13
X-1832,NPR3,4883.0,Amp5,5.62
X-1832,NSUN2,54888.0,Amp5,6.41
X-1832,NSUN6,221078.0,MutNovel,"I375V,0.800"
X-1832,NUDT11,55190.0,MutKnownFunctional,"-1,0.750"
X-1832,NUDT14,256281.0,Amp5,7.16
X-1832,NUDT19,390916.0,Amp8,8.57
X-1832,NUP155,9631.0,Amp5,5.62
X-1832,NUP205,23165.0,Amp5,7.73
X-1832,OR1I1,126370.0,Amp5,5.1
X-1832,OR2A12,346525.0,Amp5,5.62
X-1832,OR2A14,135941.0,Amp5,5.62
X-1832,OR2A2,442361.0,Amp5,5.62
X-1832,OR2A25,392138.0,Amp5,5.62
X-1832,OR2A42,402317.0,Amp5,5.62
X-1832,OR2A42,402317.0,Amp5,5.86
X-1832,OR2A5,393046.0,Amp5,5.62
X-1832,OR2F1,26211.0,Amp5,5.62
X-1832,OR2F2,135948.0,Amp5,5.62
X-1832,OR4M2,390538.0,Del0.8,0.47
X-1832,OR4N4,283694.0,Del0.8,0.47
X-1832,OR6B1,135946.0,Amp5,5.62
X-1832,OR6V1,346517.0,Amp5,5.62
X-1832,OR6W1P,89883.0,Amp5,5.62
X-1832,OR9A2,135924.0,Amp5,5.62
X-1832,OR9A4,130075.0,Amp5,5.62
X-1832,OSMR,9180.0,Amp5,5.62
X-1832,OVOS,,MutNovel,"Y620C,1.000"
X-1832,OXCT1,5019.0,Amp5,5.5
X-1832,PACS2,23241.0,Amp5,7.16
X-1832,PAIP1,10605.0,Amp5,5.5
X-1832,PAPD7,11044.0,Amp5,6.41
X-1832,PARD6B,84612.0,Amp8,15.56
X-1832,PARP12,64761.0,Amp5,6.5
X-1832,PBX4,80714.0,Amp8,10.34
X-1832,PCDH11Y,83259.0,Del0.8,0.21
X-1832,PCDHB9,56127.0,MutNovel,"L651R,0.400"
X-1832,PCLO,27445.0,Amp5,6.19
X-1832,PDCD2L,84306.0,Amp5,6.45
X-1832,PDCD5,9141.0,Amp8,8.57
X-1832,PDCD6,10016.0,Amp5,6.5
X-1832,PDIA4,9601.0,Amp8,11.79
X-1832,PDZD2,23037.0,Amp5,5.62
X-1832,PEPD,5184.0,Amp8,8.57
X-1832,PGGT1B,5229.0,MutNovel,"D192A,1.000"
X-1832,PGLYRP2,114770.0,Amp5,5.1
X-1832,PHLDA1,22822.0,MutNovel,"QQ194Q,0.619"
X-1832,PHTF2,57157.0,Amp5,6.32
X-1832,PI4KB,5298.0,MutKnownFunctional,"R535*,0.378"
X-1832,PIBF1,10464.0,Amp5,5.94
X-1832,PION,54103.0,Amp5,6.32
X-1832,PIP,5304.0,Amp5,5.62
X-1832,PKIB,5570.0,Amp5,5.46
X-1832,PLAC4,191585.0,MutNovel,"L124H,0.333"
X-1832,PLCH2,9651.0,MutNovel,"D1123N,0.778"
X-1832,PLCXD3,345557.0,Amp5,5.5
X-1832,PLD4,122618.0,Amp5,7.16
X-1832,PLEKHF1,79156.0,Amp8,8.57
X-1832,PLEKHG4B,153478.0,Amp5,6.5
X-1832,PMCHL1,5369.0,Amp5,6.77
X-1832,POLR2I,5438.0,Amp5,5.13
X-1832,POMZP3,22932.0,Amp5,5.17
X-1832,POP4,10775.0,Amp8,8.57
X-1832,POU6F2,11281.0,MutNovel,"S691F,1.000"
X-1832,PP7080,25845.0,Amp5,6.5
X-1832,PPP2R5C,5527.0,Amp5,5.86
X-1832,PPP4C,5531.0,MutNovel,"R132C,0.668"
X-1832,PRAMEF2,65122.0,Amp5,6.06
X-1832,PRDM9,56979.0,Amp5,5.62
X-1832,PRG1,23574.0,Del0.8,0.47
X-1832,PRKAA1,5562.0,Amp5,5.62
X-1832,PRKY,5616.0,Del0.8,0.21
X-1832,PRLR,5618.0,Amp5,5.62
X-1832,PRODH2,58510.0,Amp5,5.13
X-1832,PRSS1,5644.0,Amp5,5.62
X-1832,PRSS37,136242.0,Amp5,5.62
X-1832,PRSS58,136541.0,Amp5,5.62
X-1832,PRY,9081.0,Del0.8,0.21
X-1832,PRY,9081.0,Del0.8,0.21
X-1832,PRY2,442862.0,Del0.8,0.21
X-1832,PRY2,442862.0,Del0.8,0.21
X-1832,PSENEN,55851.0,Amp5,5.13
X-1832,PSG1,5669.0,Del0.8,0.32
X-1832,PSG10P,653492.0,Del0.8,0.32
X-1832,PSG11,5680.0,Del0.8,0.32
X-1832,PSG2,5670.0,Del0.8,0.16
X-1832,PSG3,5671.0,Del0.8,0.32
X-1832,PSG4,5672.0,Del0.8,0.29
X-1832,PSG5,5673.0,Del0.8,0.29
X-1832,PSG6,5675.0,Del0.8,0.32
X-1832,PSG7,5676.0,Del0.8,0.32
X-1832,PSG8,440533.0,Del0.8,0.32
X-1832,PSG9,5678.0,Del0.8,0.29
X-1832,PTGER4,5734.0,Amp5,5.62
X-1832,PTN,5764.0,Amp5,7.73
X-1832,PTPN1,5770.0,Amp8,14.03
X-1832,PTPN12,5782.0,Amp5,6.32
X-1832,RAB19,401409.0,Amp5,6.5
X-1832,RAD1,5810.0,Amp5,5.62
X-1832,RAI14,26064.0,Amp5,5.62
X-1832,RANBP3L,202151.0,Amp5,5.62
X-1832,RASAL3,64926.0,Amp5,5.1
X-1832,RBM26,64062.0,Amp8,8.11
X-1832,RBM26-AS1,100505538.0,Amp8,8.11
X-1832,RBM33,155435.0,Amp8,12.38
X-1832,RBM42,79171.0,Amp5,5.13
X-1832,RBMY1A3P,286557.0,Del0.8,0.21
X-1832,RBMY1B,378948.0,Del0.8,0.21
X-1832,RBMY1B,378948.0,Del0.8,0.21
X-1832,RBMY1E,378950.0,Del0.8,0.21
X-1832,RBMY1E,378950.0,Del0.8,0.21
X-1832,RBMY1F,159163.0,Del0.8,0.21
X-1832,RBMY1F,159163.0,Del0.8,0.21
X-1832,RBMY1J,378951.0,Del0.8,0.21
X-1832,RBMY1J,378951.0,Del0.8,0.21
X-1832,RBMY2EP,159125.0,Del0.8,0.21
X-1832,RBMY2FP,159162.0,Del0.8,0.21
X-1832,RBMY3AP,64593.0,Del0.8,0.21
X-1832,REEP4,80346.0,MutKnownFunctional,"-134,1.000"
X-1832,RGS9BP,388531.0,Amp8,8.57
X-1832,RHPN2,85415.0,Amp8,8.57
X-1832,RICTOR,253260.0,Amp5,5.62
X-1832,RNF32,140545.0,Amp8,12.38
X-1832,RNPS1,10921.0,MutNovel,"S127-,0.628"
X-1832,ROBO2,6092.0,MutNovel,"V58I,1.000"
X-1832,ROPN1L,83853.0,Amp5,6.41
X-1832,RPL13AP17,399670.0,Amp5,6.32
X-1832,RPL37,6167.0,Amp5,5.62
X-1832,RPS4Y1,6192.0,Del0.8,0.23
X-1832,RPS4Y2,140032.0,Del0.8,0.21
X-1832,RSBN1L,222194.0,Amp5,6.32
X-1832,RXFP3,51289.0,Amp5,5.62
X-1832,SALL4,57167.0,Amp8,15.56
X-1832,SARM1,23098.0,MutNovel,"W183R,1.000"
X-1832,SBSN,374897.0,Amp5,5.13
X-1832,SCGB1B2P,643719.0,Amp5,5.13
X-1832,SCGB2B2,284402.0,Amp5,5.13
X-1832,SCGB2B3P,100130342.0,Amp5,5.13
X-1832,SCN1B,6324.0,Amp5,5.13
X-1832,SDHA,6389.0,Amp5,6.5
X-1832,SDHAF1,644096.0,Amp5,5.13
X-1832,SDHAP3,728609.0,Amp5,6.11
X-1832,SEC14L1,6397.0,MutNovel,"L461F,1.000"
X-1832,SEC24D,9871.0,MutNovel,"R288K,0.455"
X-1832,SEC63,11231.0,MutNovel,"EV568V,0.254"
X-1832,SEMA3A,10371.0,Amp5,6.28
X-1832,SEMA3C,10512.0,Amp5,6.36
X-1832,SEMA3D,223117.0,Amp5,6.28
X-1832,SEMA3E,9723.0,Amp5,6.28
X-1832,SEMA5A,9037.0,Amp5,6.41
X-1832,SEPP1,6414.0,Amp5,5.5
X-1832,SERINC2,347735.0,MutNovel,"-373Q,0.870"
X-1832,SHH,6469.0,Amp8,12.38
X-1832,SIVA1,10572.0,Amp5,7.16
X-1832,SKP2,6502.0,Amp5,5.62
X-1832,SLC12A7,10723.0,Amp5,6.11
X-1832,SLC13A4,26266.0,Amp5,7.73
X-1832,SLC1A3,6507.0,Amp5,5.62
X-1832,SLC25A45,283130.0,MutKnownFunctional,"Q252*,0.444"
X-1832,SLC37A3,84255.0,Amp5,6.5
X-1832,SLC45A2,51151.0,Amp5,5.62
X-1832,SLC6A18,348932.0,Amp5,6.11
X-1832,SLC6A19,340024.0,Amp5,6.11
X-1832,SLC6A3,6531.0,Amp5,6.11
X-1832,SLC7A10,56301.0,Amp8,8.57
X-1832,SLC7A9,11136.0,Amp8,8.57
X-1832,SLC9A3,6550.0,Amp5,6.5
X-1832,SMCR7L,54471.0,MutNovel,"P343S,1.000"
X-1832,SMPDL3A,10924.0,Amp5,6.45
X-1832,SNORD123,100113384.0,Amp5,6.41
X-1832,SNORD72,619564.0,Amp5,5.62
X-1832,SPEF2,79925.0,Amp5,5.62
X-1832,SPIN2A,54466.0,Amp5,5.74
X-1832,SPIN2B,474343.0,Amp5,5.74
X-1832,SPIN3,169981.0,Amp5,5.74
X-1832,SRD5A1,6715.0,Amp5,6.41
X-1832,SRY,6736.0,Del0.8,0.23
X-1832,SSBP1,6742.0,Amp5,6.5
X-1832,STK40,83931.0,MutNovel,"T367M,0.444"
X-1832,STRA8,346673.0,Amp5,7.73
X-1832,STS,412.0,MutNovel,"I376V,0.462"
X-1832,SUB1,10923.0,Amp5,5.62
X-1832,SUGP1,57794.0,Amp8,10.34
X-1832,SVOPL,136306.0,Amp5,6.06
X-1832,SYDE1,85360.0,Amp5,5.1
X-1832,TARS,6897.0,Amp5,5.62
X-1832,TAS2R1,50834.0,Amp5,6.41
X-1832,TAS2R3,50831.0,Amp5,5.62
X-1832,TAS2R38,5726.0,Amp5,5.62
X-1832,TAS2R39,259285.0,Amp5,5.62
X-1832,TAS2R4,50832.0,Amp5,5.62
X-1832,TAS2R40,259286.0,Amp5,5.62
X-1832,TAS2R41,259287.0,Amp5,5.62
X-1832,TAS2R43,259289.0,Del0.8,0.8
X-1832,TAS2R5,54429.0,Amp5,5.62
X-1832,TAS2R60,338398.0,Amp5,5.62
X-1832,TBCB,1155.0,Amp5,5.13
X-1832,TBL1Y,90665.0,Del0.8,0.21
X-1832,TBXAS1,6916.0,Amp5,6.5
X-1832,TCERG1,10915.0,MutNovel,"QAQA210-,0.636"
X-1832,TDRD12,91646.0,Amp8,8.57
X-1832,TERT,7015.0,Amp5,6.11
X-1832,TEX22,647310.0,Amp5,7.16
X-1832,TGIF2LY,90655.0,Del0.8,0.21
X-1832,THAP8,199745.0,Amp5,5.13
X-1832,THEG5,100507527.0,Amp8,8.57
X-1832,TM6SF2,53345.0,Amp8,10.34
X-1832,TMEM121,80757.0,Amp5,7.16
X-1832,TMEM139,135932.0,Amp5,5.62
X-1832,TMEM140,55281.0,Amp5,7.73
X-1832,TMEM147,10430.0,Amp5,5.13
X-1832,TMEM179,388021.0,Amp5,7.16
X-1832,TMEM189,387521.0,Amp8,8.22
X-1832,TMEM189-UBE2V1,387522.0,Amp8,8.22
X-1832,TMEM213,155006.0,Amp5,6.06
X-1832,TMEM60,85025.0,Amp5,6.32
X-1832,TMEM87B,84910.0,MutNovel,"V8L,0.750"
X-1832,TMSB4Y,9087.0,Del0.8,0.21
X-1832,TONSL,4796.0,MutNovel,"R871G,1.000"
X-1832,TP53,7157.0,MutKnownFunctional,"R175H,1.000"
X-1832,TPK1,27010.0,Amp5,5.86
X-1832,TPPP,11076.0,Amp5,6.5
X-1832,TRIM24,8805.0,Amp5,6.06
X-1832,TRIO,7204.0,Amp5,6.36
X-1832,TRIP13,9319.0,Amp5,6.11
X-1832,TRPV5,56302.0,Amp5,5.62
X-1832,TRPV6,55503.0,Amp5,5.62
X-1832,TSHZ3,57616.0,Amp8,8.57
X-1832,TSPY1,7258.0,Del0.8,0.21
X-1832,TSPY2,64591.0,Del0.8,0.21
X-1832,TSPY3,728137.0,Del0.8,0.21
X-1832,TSPY4,728395.0,Del0.8,0.21
X-1832,TSPY8,728403.0,Del0.8,0.21
X-1832,TSPYL1,7259.0,MutNovel,"V176VW,0.366"
X-1832,TSSK6,83983.0,Amp8,10.34
X-1832,TTC23L,153657.0,Amp5,5.62
X-1832,TTC26,79989.0,Amp5,6.5
X-1832,TTC33,23548.0,Amp5,5.62
X-1832,TTTY10,246119.0,Del0.8,0.21
X-1832,TTTY11,83866.0,Del0.8,0.21
X-1832,TTTY12,83867.0,Del0.8,0.21
X-1832,TTTY13,83868.0,Del0.8,0.21
X-1832,TTTY14,83869.0,Del0.8,0.21
X-1832,TTTY15,64595.0,Del0.8,0.21
X-1832,TTTY16,252948.0,Del0.8,0.21
X-1832,TTTY17A,252949.0,Del0.8,0.21
X-1832,TTTY17A,252949.0,Del0.8,0.21
X-1832,TTTY18,252950.0,Del0.8,0.21
X-1832,TTTY19,252952.0,Del0.8,0.21
X-1832,TTTY1B,100101116.0,Del0.8,0.21
X-1832,TTTY1B,100101116.0,Del0.8,0.21
X-1832,TTTY2,60439.0,Del0.8,0.21
X-1832,TTTY2,60439.0,Del0.8,0.21
X-1832,TTTY20,252951.0,Del0.8,0.21
X-1832,TTTY21,252953.0,Del0.8,0.21
X-1832,TTTY21,252953.0,Del0.8,0.21
X-1832,TTTY22,252954.0,Del0.8,0.21
X-1832,TTTY23,252955.0,Del0.8,0.21
X-1832,TTTY23,252955.0,Del0.8,0.21
X-1832,TTTY3,114760.0,Del0.8,0.21
X-1832,TTTY3,114760.0,Del0.8,0.21
X-1832,TTTY4,114761.0,Del0.8,0.21
X-1832,TTTY4,114761.0,Del0.8,0.21
X-1832,TTTY5,83863.0,Del0.8,0.21
X-1832,TTTY6,84672.0,Del0.8,0.21
X-1832,TTTY6,84672.0,Del0.8,0.21
X-1832,TTTY7,246122.0,Del0.8,0.21
X-1832,TTTY7,246122.0,Del0.8,0.21
X-1832,TTTY7B,100101120.0,Del0.8,0.21
X-1832,TTTY7B,100101120.0,Del0.8,0.21
X-1832,TTTY8,84673.0,Del0.8,0.21
X-1832,TTTY8,84673.0,Del0.8,0.21
X-1832,TTTY9A,83864.0,Del0.8,0.21
X-1832,TTTY9A,83864.0,Del0.8,0.21
X-1832,TXLNG2P,246126.0,Del0.8,0.21
X-1832,TXNIP,10628.0,MutNovel,"I363T,0.600"
X-1832,TYROBP,7305.0,Amp5,5.13
X-1832,U2AF1L4,199746.0,Amp5,5.13
X-1832,UBA2,10054.0,Amp5,6.45
X-1832,UBE2QL1,134111.0,Amp5,6.41
X-1832,UBE3C,9690.0,Amp5,7.21
X-1832,UBN2,254048.0,Amp5,6.5
X-1832,UBQLN2,29978.0,Amp5,5.74
X-1832,UGT3A1,133688.0,Amp5,5.62
X-1832,UGT3A2,167127.0,Amp5,5.62
X-1832,UPK1A,11045.0,Amp5,5.13
X-1832,UQCRBP1,442454.0,Amp5,5.74
X-1832,UQCRFS1,7386.0,Amp8,8.57
X-1832,URI1,8725.0,Amp8,8.57
X-1832,USF2,7392.0,Amp5,5.13
X-1832,USP32P2,220594.0,Del0.8,0.66
X-1832,USP36,57602.0,MutNovel,"KKK958K,0.733"
X-1832,USP9Y,8287.0,Del0.8,0.21
X-1832,UTY,7404.0,Del0.8,0.21
X-1832,VCY,9084.0,Del0.8,0.21
X-1832,VCY,9084.0,Del0.8,0.21
X-1832,VSTM2B,342865.0,Amp8,8.57
X-1832,WDR62,284403.0,Amp5,5.13
X-1832,WDR70,55100.0,Amp5,5.62
X-1832,WDR88,126248.0,Amp8,8.57
X-1832,WDR91,29062.0,Amp5,7.73
X-1832,WEE2,494551.0,Amp5,6.5
X-1832,WIZ,58525.0,Amp5,5.1
X-1832,WTIP,126374.0,Amp5,6.45
X-1832,XKRY2,353515.0,Del0.8,0.21
X-1832,XKRY2,353515.0,Del0.8,0.21
X-1832,XRCC2,7516.0,Amp5,6.02
X-1832,YJEFN3,374887.0,Amp8,10.34
X-1832,ZBTB32,27033.0,Amp5,5.13
X-1832,ZBTB42,100128927.0,Amp5,7.16
X-1832,ZC3HAV1,56829.0,Amp5,7.73
X-1832,ZC3HAV1L,92092.0,Amp8,10.78
X-1832,ZDHHC11,79844.0,MutNovel,"A303D,0.333"
X-1832,ZFP14,57677.0,Amp5,5.13
X-1832,ZFP30,22835.0,Amp5,5.13
X-1832,ZFP64,55734.0,Amp8,15.56
X-1832,ZFP82,284406.0,Amp5,5.13
X-1832,ZFR,51663.0,Amp5,5.62
X-1832,ZFY,7544.0,Del0.8,0.23
X-1832,ZNF101,94039.0,Amp8,10.34
X-1832,ZNF131,7690.0,Amp5,5.5
X-1832,ZNF14,7561.0,Amp8,8.06
X-1832,ZNF146,7705.0,Amp5,5.13
X-1832,ZNF181,339318.0,Amp5,5.13
X-1832,ZNF212,7988.0,Amp8,11.79
X-1832,ZNF219,51222.0,MutNovel,"QPP233P,0.308"
X-1832,ZNF253,56242.0,Amp5,7.41
X-1832,ZNF260,339324.0,Amp5,5.13
X-1832,ZNF282,8427.0,Amp8,11.79
X-1832,ZNF30,90075.0,Amp5,5.13
X-1832,ZNF302,55900.0,Amp5,5.13
X-1832,ZNF345,25850.0,Amp5,5.13
X-1832,ZNF346,23567.0,MutNovel,"H97R,0.545"
X-1832,ZNF382,84911.0,Amp5,5.13
X-1832,ZNF383,163087.0,Amp5,5.13
X-1832,ZNF384,171017.0,MutNovel,"QQ514Q,0.478"
X-1832,ZNF398,57541.0,Amp8,11.79
X-1832,ZNF420,147923.0,Amp5,5.13
X-1832,ZNF425,155054.0,Amp8,11.79
X-1832,ZNF461,92283.0,Amp5,5.13
X-1832,ZNF467,168544.0,Amp5,6.96
X-1832,ZNF469,84627.0,MutNovel,"P906L,0.286"
X-1832,ZNF469,84627.0,MutNovel,"E2195K,0.417"
X-1832,ZNF486,90649.0,Amp5,7.41
X-1832,ZNF506,440515.0,Amp8,8.94
X-1832,ZNF507,22847.0,Amp8,8.57
X-1832,ZNF527,84503.0,Amp5,5.13
X-1832,ZNF529,57711.0,Amp5,5.13
X-1832,ZNF536,9745.0,MutNovel,"R365L,1.000"
X-1832,ZNF536,9745.0,Amp8,8.57
X-1832,ZNF540,163255.0,Amp5,5.13
X-1832,ZNF565,147929.0,Amp5,5.13
X-1832,ZNF566,84924.0,Amp5,5.13
X-1832,ZNF567,163081.0,Amp5,5.13
X-1832,ZNF568,374900.0,Amp5,5.13
X-1832,ZNF569,148266.0,Amp5,5.13
X-1832,ZNF570,148268.0,Amp5,5.13
X-1832,ZNF571,51276.0,Amp5,5.13
X-1832,ZNF573,126231.0,Amp5,5.13
X-1832,ZNF585A,199704.0,Amp5,5.13
X-1832,ZNF585B,92285.0,Amp5,5.13
X-1832,ZNF599,148103.0,Amp5,5.13
X-1832,ZNF607,84775.0,Amp5,5.13
X-1832,ZNF622,90441.0,Amp5,6.77
X-1832,ZNF626,199777.0,Amp5,7.41
X-1832,ZNF682,91120.0,Amp5,7.41
X-1832,ZNF737,100129842.0,Amp5,7.41
X-1832,ZNF746,155061.0,Amp8,11.79
X-1832,ZNF767,79970.0,Amp8,11.79
X-1832,ZNF777,27153.0,Amp8,11.79
X-1832,ZNF781,163115.0,Amp5,5.13
X-1832,ZNF783,100289678.0,Amp8,11.79
X-1832,ZNF786,136051.0,Amp8,11.79
X-1832,ZNF790,388536.0,Amp5,5.13
X-1832,ZNF792,126375.0,Amp5,5.13
X-1832,ZNF793,390927.0,Amp5,5.13
X-1832,ZNF826P,664701.0,Amp5,7.41
X-1832,ZNF829,374899.0,Amp5,5.13
X-1832,ZNF850,342892.0,Amp5,5.13
X-1832,ZNF90,7643.0,Amp5,7.41
X-1832,ZNF93,81931.0,Amp5,7.41
X-1832,ZSCAN20,7579.0,MutNovel,"S464C,0.800"
X-1832,ZXDA,7789.0,Amp5,5.74
X-1832,ZXDB,158586.0,Amp5,5.74
X-1832,ZYX,7791.0,Amp5,5.62
X-1916,A1CF,29974.0,Amp5,6.11
X-1916,AARS2,57505.0,Amp5,5.13
X-1916,ABCC10,89845.0,Amp5,5.13
X-1916,ABI1,10006.0,Amp5,5.17
X-1916,ABL2,27.0,Amp5,5.98
X-1916,ABT1,29777.0,Amp5,5.28
X-1916,ACBD5,91452.0,Amp5,5.17
X-1916,ACBD6,84320.0,Amp5,5.98
X-1916,ACOT1,641371.0,Del0.8,0.56
X-1916,ACOT13,55856.0,Amp5,5.28
X-1916,ACP6,51205.0,Amp5,6.92
X-1916,ACTR3BP5,399746.0,Amp5,5.28
X-1916,ADAM15,8751.0,Amp5,6.82
X-1916,ADAM6,8755.0,Amp5,5.03
X-1916,ADAMTS4,9507.0,Amp5,5.9
X-1916,ADAMTSL4,54507.0,Amp5,7.01
X-1916,ADAR,103.0,Amp5,6.82
X-1916,ADCK5,203054.0,Amp5,7.16
X-1916,ADCY10,55811.0,Amp5,5.9
X-1916,ADCY8,114.0,Amp5,7.26
X-1916,AGAP4,119016.0,MutNovel,"A421V,0.750"
X-1916,AGAP5,729092.0,MutNovel,"V556I,0.632"
X-1916,AGAP6,414189.0,Amp5,5.5
X-1916,AGAP7,653268.0,MutKnownFunctional,"-593,0.900"
X-1916,AGAP7,653268.0,MutNovel,"E591D,0.882"
X-1916,AGAP7,653268.0,MutNovel,"D97E,0.750"
X-1916,AGAP7,653268.0,Amp5,5.5
X-1916,AGAP8,728404.0,Amp5,5.5
X-1916,AGAP9,642517.0,Amp8,10.93
X-1916,AGAP9,642517.0,Amp5,6.15
X-1916,AGRN,375790.0,MutNovel,"T267M,1.000"
X-1916,AIM2,9447.0,Amp5,5.9
X-1916,AK3,50808.0,Amp5,6.36
X-1916,AKR1C1,1645.0,Amp5,5.13
X-1916,AKR1C2,1646.0,Amp5,5.13
X-1916,AKR1C3,8644.0,Amp5,5.13
X-1916,AKR1C4,1109.0,Amp5,5.13
X-1916,AKR1CL1,340811.0,Amp5,5.13
X-1916,AKR1E2,83592.0,Amp5,5.13
X-1916,ALDH5A1,7915.0,Amp5,5.28
X-1916,ALDH9A1,223.0,Amp5,5.9
X-1916,ALOX5,240.0,Amp5,5.98
X-1916,AMELY,266.0,Del0.8,0.25
X-1916,AMY1A,276.0,Amp5,5.21
X-1916,AMY1A,276.0,Amp5,5.21
X-1916,ANGPTL1,9068.0,Amp5,5.98
X-1916,ANKRD16,54522.0,Amp5,5.13
X-1916,ANKRD26,22852.0,Amp5,5.17
X-1916,ANKRD30A,91074.0,Amp5,5.28
X-1916,ANKRD34A,284615.0,Amp5,6.92
X-1916,ANKRD35,148741.0,Amp5,6.92
X-1916,ANKRD36,375248.0,MutNovel,"Q956E,0.400"
X-1916,ANKRD36,375248.0,MutNovel,"A960G,0.364"
X-1916,ANKRD36,375248.0,MutNovel,"G963A,0.300"
X-1916,ANKRD36BP1,84832.0,Amp5,5.9
X-1916,ANKRD36C,,MutNovel,"D969E,0.875"
X-1916,ANKRD45,339416.0,Amp5,5.98
X-1916,ANKRD6,22881.0,MutNovel,"Y391F,0.545"
X-1916,ANKS1A,23294.0,Amp5,5.13
X-1916,ANP32C,23520.0,MutNovel,"K234N,1.000"
X-1916,ANP32E,81611.0,Amp5,7.01
X-1916,ANXA13,312.0,Amp5,7.26
X-1916,ANXA8,653145.0,Amp8,10.93
X-1916,ANXA8,653145.0,Amp5,6.15
X-1916,ANXA8L1,728113.0,Amp5,6.15
X-1916,ANXA8L1,728113.0,Amp8,10.93
X-1916,ANXA8L2,244.0,Amp5,6.15
X-1916,ANXA9,8416.0,Amp5,7.01
X-1916,AP4S1,11154.0,MutNovel,"G70A,1.000"
X-1916,APBB1IP,54518.0,Amp5,5.17
X-1916,APCS,325.0,Amp5,5.9
X-1916,APH1A,51107.0,Amp5,7.01
X-1916,APOA1BP,128240.0,Amp5,6.82
X-1916,APOA2,336.0,Amp5,5.9
X-1916,APOBEC2,10930.0,Amp5,5.13
X-1916,APOBEC4,403314.0,Amp5,5.98
X-1916,APP,351.0,MutNovel,"V604E,0.336"
X-1916,AQP10,89872.0,Amp5,6.82
X-1916,ARC,23237.0,Amp5,7.26
X-1916,ARHGAP12,94134.0,Amp5,5.1
X-1916,ARHGAP21,57584.0,Amp5,5.06
X-1916,ARHGAP22,58504.0,MutNovel,"V523L,0.987"
X-1916,ARHGAP22,58504.0,Amp5,5.5
X-1916,ARHGAP30,257106.0,Amp5,5.9
X-1916,ARHGAP39,80728.0,Amp5,7.16
X-1916,ARHGEF11,9826.0,Amp5,6.82
X-1916,ARHGEF2,9181.0,Amp5,6.82
X-1916,ARL4A,10124.0,MutNovel,"L150F,1.000"
X-1916,ARMC12,221481.0,Amp5,5.13
X-1916,ARMC3,219681.0,Amp5,5.06
X-1916,ARMC4,55130.0,Amp5,5.17
X-1916,ARNT,405.0,Amp5,7.01
X-1916,ARPC5,10092.0,Amp5,5.98
X-1916,ASAH2B,653308.0,Amp5,6.11
X-1916,ASAP1,50807.0,Amp5,7.26
X-1916,ASAP1-IT1,29065.0,Amp5,7.26
X-1916,ASB13,79754.0,Amp5,5.13
X-1916,ASH1L,55870.0,Amp5,6.82
X-1916,ASTN1,460.0,Amp5,5.98
X-1916,ATAD2,29028.0,Amp5,7.26
X-1916,ATAD3C,219293.0,MutNovel,"I163T,0.351"
X-1916,ATF6,22926.0,Amp5,5.9
X-1916,ATG2A,23130.0,MutNovel,"R804W,1.000"
X-1916,ATP1A2,477.0,Amp5,5.9
X-1916,ATP1A4,480.0,Amp5,5.9
X-1916,ATP1B1,481.0,Amp5,5.9
X-1916,ATP6V0CP3,442211.0,Amp5,5.13
X-1916,ATP8B2,57198.0,Amp5,6.82
X-1916,ATXN1,6310.0,Amp5,5.13
X-1916,AXDND1,126859.0,Amp5,5.98
X-1916,B3GAT2,135152.0,Amp5,5.06
X-1916,B4GALT3,8703.0,Amp5,5.9
X-1916,BAG1,573.0,MutNovel,"E34K,0.351"
X-1916,BAG2,9532.0,Amp5,5.28
X-1916,BAI1,575.0,Amp5,7.26
X-1916,BAI3,577.0,Amp5,5.06
X-1916,BAMBI,25805.0,Amp5,5.17
X-1916,BAZ2A,11176.0,MutNovel,"P1432R,1.000"
X-1916,BAZ2B,29994.0,MutNovel,"R1044C,1.000"
X-1916,BBC3,27113.0,MutKnownFunctional,"-135,0.895"
X-1916,BCAN,63827.0,Amp5,6.82
X-1916,BCL9,607.0,Amp5,6.92
X-1916,BCOR,54880.0,MutNovel,"N790S,1.000"
X-1916,BCORP1,286554.0,Del0.8,0.25
X-1916,BEND6,221336.0,Amp5,5.28
X-1916,BGLAP,632.0,Amp5,6.82
X-1916,BLZF1,8548.0,Amp5,5.9
X-1916,BMI1,648.0,Amp5,5.06
X-1916,BMP5,653.0,Amp5,5.28
X-1916,BMP6,654.0,Amp5,5.13
X-1916,BMS1,9790.0,Amp5,5.28
X-1916,BNC2,54796.0,Amp5,6.45
X-1916,BNIPL,149428.0,Amp5,7.01
X-1916,BOLA1,51027.0,Amp5,7.01
X-1916,BOP1,23246.0,Amp5,7.16
X-1916,BPHL,670.0,Amp5,5.13
X-1916,BPY2B,442867.0,Del0.8,0.25
X-1916,BPY2B,442867.0,Del0.8,0.25
X-1916,BRCC3,79184.0,MutNovel,"S195N,1.000"
X-1916,BRD2,6046.0,MutNovel,"E494-,0.508"
X-1916,BREA2,286076.0,Amp5,7.16
X-1916,BRP44,25874.0,Amp5,5.9
X-1916,BRPF3,27154.0,Amp5,5.13
X-1916,BTBD9,114781.0,Amp5,5.13
X-1916,BTN1A1,696.0,Amp5,5.28
X-1916,BTN2A1,11120.0,Amp5,5.28
X-1916,BTN2A2,10385.0,MutNovel,"R346Q,0.552"
X-1916,BTN2A2,10385.0,Amp5,5.28
X-1916,BTN2A3P,54718.0,Amp5,5.28
X-1916,BTN3A1,11119.0,Amp5,5.28
X-1916,BTN3A2,11118.0,Amp5,5.28
X-1916,BTN3A3,10384.0,Amp5,5.28
X-1916,BYSL,705.0,Amp5,5.13
X-1916,C10orf10,11067.0,Amp5,5.98
X-1916,C10orf113,387638.0,Amp5,5.21
X-1916,C10orf114,399726.0,Amp5,5.21
X-1916,C10orf128,170371.0,Amp5,5.5
X-1916,C10orf25,220979.0,Amp5,5.98
X-1916,C10orf53,282966.0,Amp5,5.5
X-1916,C10orf67,256815.0,Amp5,5.06
X-1916,C10orf68,79741.0,Amp5,5.1
X-1916,C10orf71,118461.0,Amp5,5.5
X-1916,C11orf35,256329.0,MutNovel,"E470K,1.000"
X-1916,C14orf169,79697.0,MutKnownFunctional,"-541,0.927"
X-1916,C15orf39,56905.0,MutNovel,"R885Q,0.523"
X-1916,C1QTNF9B,387911.0,MutNovel,"M301V,1.000"
X-1916,C1orf105,92346.0,Amp5,5.98
X-1916,C1orf110,339512.0,Amp5,5.9
X-1916,C1orf111,284680.0,Amp5,5.9
X-1916,C1orf112,55732.0,Amp5,5.9
X-1916,C1orf114,57821.0,Amp5,5.9
X-1916,C1orf129,80133.0,Amp5,5.98
X-1916,C1orf182,128229.0,Amp5,6.82
X-1916,C1orf189,388701.0,Amp5,6.82
X-1916,C1orf192,257177.0,Amp5,5.9
X-1916,C1orf204,284677.0,Amp5,5.9
X-1916,C1orf21,81563.0,Amp5,5.98
X-1916,C1orf220,400798.0,Amp5,5.98
X-1916,C1orf226,400793.0,Amp5,5.9
X-1916,C1orf27,54953.0,Amp5,5.98
X-1916,C1orf43,25912.0,Amp5,6.82
X-1916,C1orf51,148523.0,Amp5,7.01
X-1916,C1orf54,79630.0,Amp5,7.01
X-1916,C1orf56,54964.0,Amp5,7.01
X-1916,C1orf61,10485.0,Amp5,6.82
X-1916,C1orf68,100129271.0,Amp5,7.21
X-1916,C1orf85,112770.0,Amp5,6.82
X-1916,C2CD4D,100191040.0,Amp5,7.01
X-1916,C6orf1,221491.0,Amp5,5.13
X-1916,C6orf106,64771.0,Amp5,5.13
X-1916,C6orf108,10591.0,Amp5,5.13
X-1916,C6orf130,221443.0,Amp5,5.13
X-1916,C6orf132,647024.0,Amp5,5.13
X-1916,C6orf141,135398.0,Amp5,5.13
X-1916,C6orf147,387097.0,Amp8,8.4
X-1916,C6orf195,154386.0,Amp5,5.13
X-1916,C6orf201,404220.0,Amp5,5.13
X-1916,C6orf222,389384.0,Amp5,5.13
X-1916,C6orf223,221416.0,Amp5,5.13
X-1916,C6orf226,441150.0,Amp5,5.13
X-1916,C6orf228,221710.0,Amp5,5.13
X-1916,C6orf52,347744.0,Amp5,5.13
X-1916,C6orf57,135154.0,Amp5,5.06
X-1916,C6orf62,81688.0,Amp5,5.28
X-1916,C6orf89,221477.0,Amp5,5.13
X-1916,C8orf31,286122.0,Amp5,7.26
X-1916,C8orf33,65265.0,Amp5,7.16
X-1916,C8orf73,642475.0,Amp5,7.16
X-1916,C8orf76,84933.0,Amp5,7.26
X-1916,C8orf82,414919.0,Amp5,7.16
X-1916,C9orf123,90871.0,Amp5,6.32
X-1916,C9orf66,157983.0,Amp5,5.06
X-1916,CA14,23632.0,Amp5,7.01
X-1916,CACNA1E,777.0,Amp5,5.98
X-1916,CACYBP,27101.0,Amp5,5.98
X-1916,CADM3,57863.0,Amp5,5.9
X-1916,CAGE1,285782.0,Amp5,5.13
X-1916,CALML3,810.0,Amp5,5.13
X-1916,CALML5,51806.0,Amp5,5.13
X-1916,CAP2,10486.0,Amp5,5.13
X-1916,CAPN11,11131.0,Amp5,5.13
X-1916,CASQ1,844.0,Amp5,5.9
X-1916,CCDC146,57639.0,MutNovel,"E620K,1.000"
X-1916,CCDC166,100130274.0,Amp5,7.16
X-1916,CCDC167,154467.0,Amp5,5.13
X-1916,CCDC19,25790.0,Amp5,5.9
X-1916,CCDC7,221016.0,Amp5,5.1
X-1916,CCDC90A,63933.0,Amp5,5.13
X-1916,CCND3,896.0,Amp5,5.13
X-1916,CCNY,219771.0,Amp5,5.1
X-1916,CCT3,7203.0,MutNovel,"V514L,0.307"
X-1916,CCT3,7203.0,Amp5,6.82
X-1916,CD109,135228.0,Amp8,8.4
X-1916,CD160,11126.0,Amp5,6.92
X-1916,CD1A,909.0,Amp5,5.9
X-1916,CD1B,910.0,Amp5,5.9
X-1916,CD1C,911.0,Amp5,5.9
X-1916,CD1D,912.0,Amp5,5.9
X-1916,CD1E,913.0,Amp5,5.9
X-1916,CD244,51744.0,Amp5,5.9
X-1916,CD247,919.0,Amp5,5.9
X-1916,CD274,29126.0,Amp5,6.36
X-1916,CD2AP,23607.0,Amp5,5.13
X-1916,CD48,962.0,Amp5,5.9
X-1916,CD5L,922.0,Amp5,5.9
X-1916,CD83,9308.0,Amp5,5.13
X-1916,CD84,8832.0,Amp5,5.9
X-1916,CDC37L1,55664.0,Amp5,6.36
X-1916,CDC42EP1,11135.0,MutNovel,"PAPAANPS253P,0.874"
X-1916,CDC42SE1,56882.0,Amp5,7.01
X-1916,CDC5L,988.0,Amp5,5.13
X-1916,CDKAL1,54901.0,Amp5,5.74
X-1916,CDKN1A,1026.0,Amp5,5.13
X-1916,CDY1B,253175.0,Del0.8,0.25
X-1916,CDY1B,253175.0,Del0.8,0.25
X-1916,CDY2A,9426.0,Del0.8,0.25
X-1916,CDY2A,9426.0,Del0.8,0.25
X-1916,CDY2B,203611.0,Del0.8,0.25
X-1916,CDY2B,203611.0,Del0.8,0.25
X-1916,CDYL,9425.0,Amp5,5.13
X-1916,CELF3,11189.0,Amp5,7.01
X-1916,CELSR1,9620.0,MutNovel,"TSSRT2962T,0.818"
X-1916,CENPL,91687.0,Amp5,5.98
X-1916,CENPQ,55166.0,Amp5,5.13
X-1916,CENPV,201161.0,MutNovel,"PAASAA24-,0.560"
X-1916,CEP350,9857.0,Amp5,5.98
X-1916,CER1,9350.0,Amp5,6.45
X-1916,CERS2,29956.0,Amp5,7.01
X-1916,CERS5,91012.0,MutNovel,"S165L,0.509"
X-1916,CGN,57530.0,Amp5,7.01
X-1916,CHAT,1103.0,Amp5,5.5
X-1916,CHD1L,9557.0,Amp5,6.92
X-1916,CHRAC1,54108.0,Amp5,7.26
X-1916,CHRNB2,1141.0,Amp5,6.82
X-1916,CHTOP,26097.0,Amp5,6.82
X-1916,CKS1B,1163.0,Amp5,6.82
X-1916,CLIC5,53405.0,Amp5,5.13
X-1916,CLK2,1196.0,Amp5,6.82
X-1916,CLPS,1208.0,Amp5,5.13
X-1916,CMAHP,8418.0,Amp5,5.28
X-1916,CNPY3,10695.0,Amp5,5.13
X-1916,CNTLN,54875.0,Amp5,5.06
X-1916,COL14A1,7373.0,Amp5,7.52
X-1916,COL19A1,1310.0,Amp5,5.06
X-1916,COL21A1,81578.0,Amp5,5.28
X-1916,COL22A1,169044.0,Amp5,7.26
X-1916,COL28A1,340267.0,MutNovel,"P677R,1.000"
X-1916,COL9A1,1297.0,Amp5,5.06
X-1916,COLEC10,10584.0,Amp5,6.15
X-1916,COMMD3,23412.0,Amp5,5.06
X-1916,COMMD3-BMI1,100532731.0,Amp5,5.06
X-1916,COMMD5,28991.0,Amp5,7.16
X-1916,COPA,1314.0,Amp5,5.9
X-1916,CPNE5,57699.0,Amp5,5.13
X-1916,CPSF1,29894.0,Amp5,7.16
X-1916,CRABP2,1382.0,Amp5,6.82
X-1916,CRAT,1384.0,MutNovel,"A346T,0.375"
X-1916,CRCT1,54544.0,Amp5,7.01
X-1916,CREB3L4,148327.0,Amp5,6.82
X-1916,CREG1,8804.0,Amp5,5.9
X-1916,CREM,1390.0,Amp5,5.1
X-1916,CRIP3,401262.0,Amp5,5.13
X-1916,CRISP1,167.0,Amp5,5.13
X-1916,CRISP2,7180.0,Amp5,5.13
X-1916,CRISP3,10321.0,Amp5,5.13
X-1916,CRNN,49860.0,Amp5,7.01
X-1916,CROCC,9696.0,MutNovel,"A353V,0.375"
X-1916,CRP,1401.0,Amp5,5.9
X-1916,CRTC2,200186.0,Amp5,6.82
X-1916,CRYBG3,,MutNovel,"V2263L,1.000"
X-1916,CSGALNACT2,55454.0,Amp5,5.46
X-1916,CSMD3,114788.0,Amp8,8.82
X-1916,CSPG4P1Y,114758.0,Del0.8,0.25
X-1916,CSPG4P1Y,114758.0,Del0.8,0.25
X-1916,CSTF2T,23283.0,Amp5,6.11
X-1916,CT45A2,728911.0,Del0.8,0.66
X-1916,CT45A3,441519.0,Del0.8,0.66
X-1916,CT45A4,441520.0,Del0.8,0.66
X-1916,CTNNA1,1495.0,MutKnownFunctional,"-682ED?,0.898"
X-1916,CTSK,1513.0,Amp5,7.01
X-1916,CTSL1P2,1517.0,Amp5,6.15
X-1916,CTSS,1520.0,Amp5,7.01
X-1916,CUBN,8029.0,Amp5,5.21
X-1916,CUL2,8453.0,Amp5,5.1
X-1916,CUL7,9820.0,MutNovel,"V525L,0.660"
X-1916,CUL7,9820.0,Amp5,5.13
X-1916,CUL9,23113.0,Amp5,5.13
X-1916,CXCL12,6387.0,Amp5,5.98
X-1916,CYC1,1537.0,Amp5,7.16
X-1916,CYCSP52,360155.0,Amp5,6.82
X-1916,CYHR1,50626.0,Amp5,7.16
X-1916,CYP11B1,1584.0,Amp5,7.26
X-1916,CYP11B2,1585.0,Amp5,7.26
X-1916,CYP39A1,51302.0,Amp5,5.13
X-1916,DAAM2,23500.0,Amp5,5.13
X-1916,DAP3,7818.0,Amp5,6.82
X-1916,DARC,2532.0,Amp5,5.9
X-1916,DARS2,55157.0,Amp5,5.98
X-1916,DAZ1,1617.0,Del0.8,0.25
X-1916,DAZ2,57055.0,Del0.8,0.25
X-1916,DAZ3,57054.0,Del0.8,0.25
X-1916,DAZ3,57054.0,Del0.8,0.25
X-1916,DAZ4,57135.0,Del0.8,0.25
X-1916,DAZ4,57135.0,Del0.8,0.25
X-1916,DBI,1622.0,MutKnownFunctional,"-13,0.857"
X-1916,DCAF6,55827.0,Amp5,5.9
X-1916,DCAF8,50717.0,Amp5,5.9
X-1916,DCDC2,51473.0,Amp5,5.28
X-1916,DCST1,149095.0,Amp5,6.82
X-1916,DCST2,127579.0,Amp5,6.82
X-1916,DDR2,4921.0,Amp5,5.9
X-1916,DDX3Y,8653.0,Del0.8,0.25
X-1916,DDX43,55510.0,Amp8,8.4
X-1916,DEDD,9191.0,Amp5,5.9
X-1916,DEF6,50619.0,Amp5,5.13
X-1916,DEFB110,245913.0,Amp5,5.13
X-1916,DEFB112,245915.0,Amp5,5.13
X-1916,DEFB113,245927.0,Amp5,5.13
X-1916,DEFB114,245928.0,Amp5,5.13
X-1916,DEFB133,403339.0,Amp5,5.13
X-1916,DENND3,22898.0,Amp5,7.26
X-1916,DENND4B,9909.0,Amp5,6.82
X-1916,DEPTOR,64798.0,Amp5,7.52
X-1916,DERL1,79139.0,Amp5,7.26
X-1916,DFNB31,25861.0,MutNovel,"DQYTAE107E,0.714"
X-1916,DGAT1,8694.0,Amp5,7.16
X-1916,DHRS4L2,317749.0,Del0.8,0.57
X-1916,DHX9,1660.0,Amp5,5.98
X-1916,DKFZP564C196,284649.0,Amp5,5.98
X-1916,DKFZP686I15217,401232.0,Amp5,5.13
X-1916,DKK1,22943.0,Amp5,6.11
X-1916,DLK2,65989.0,Amp5,5.13
X-1916,DMRT1,1761.0,Amp5,5.06
X-1916,DMRT2,10655.0,Amp5,5.06
X-1916,DMRT3,58524.0,Amp5,5.06
X-1916,DMWD,1762.0,MutNovel,"G391S,1.000"
X-1916,DNAH8,1769.0,Amp5,5.13
X-1916,DNM3,26052.0,Amp5,5.98
X-1916,DNM3OS,100628315.0,Amp5,5.98
X-1916,DOCK8,81704.0,Amp5,5.06
X-1916,DONSON,29980.0,MutNovel,"E367D,0.398"
X-1916,DPM3,54344.0,Amp5,6.82
X-1916,DPPA5,340168.0,Amp8,8.4
X-1916,DPT,1805.0,Amp5,5.9
X-1916,DRGX,644168.0,Amp5,5.5
X-1916,DSCC1,79075.0,Amp5,7.52
X-1916,DSP,1832.0,Amp5,5.13
X-1916,DST,667.0,Amp5,5.28
X-1916,DTNBP1,84062.0,Amp5,5.13
X-1916,DUSP12,11266.0,Amp5,5.9
X-1916,DUSP23,54935.0,Amp5,5.9
X-1916,DUSP27,92235.0,Amp5,5.9
X-1916,E2F3,1871.0,Amp5,6.23
X-1916,EBAG9,9166.0,Amp8,8.4
X-1916,EBLN1,340900.0,Amp5,5.06
X-1916,ECI2,10455.0,Amp5,5.13
X-1916,ECM1,1893.0,Amp5,7.01
X-1916,EDEM3,80267.0,Amp5,5.98
X-1916,EDN1,1906.0,Amp5,5.13
X-1916,EEF1A1,1915.0,Amp8,8.4
X-1916,EEF1D,1936.0,Amp5,7.16
X-1916,EEF1E1,9521.0,Amp5,5.13
X-1916,EEF1E1-MUTED,100526837.0,Amp5,5.13
X-1916,EFHC1,114327.0,Amp5,5.13
X-1916,EFNA1,1942.0,Amp5,6.82
X-1916,EFNA3,1944.0,Amp5,6.82
X-1916,EFNA4,1945.0,Amp5,6.82
X-1916,EFR3A,23167.0,Amp5,7.26
X-1916,EIF1AY,9086.0,Del0.8,0.25
X-1916,EIF2AK4,440275.0,MutNovel,"W528R,1.000"
X-1916,EIF2C2,27161.0,Amp5,7.26
X-1916,EIF3H,8667.0,Amp8,8.82
X-1916,ELOVL2,54898.0,Amp5,5.13
X-1916,ELOVL5,60481.0,Amp5,5.13
X-1916,ENKUR,219670.0,Amp5,5.06
X-1916,ENPP2,5168.0,Amp5,7.52
X-1916,ENPP4,22875.0,Amp5,5.13
X-1916,ENPP5,59084.0,Amp5,5.13
X-1916,ENSA,2029.0,Amp5,7.01
X-1916,ENY2,56943.0,Amp8,8.4
X-1916,EPC1,80314.0,Amp5,5.1
X-1916,EPPK1,83481.0,Amp5,7.16
X-1916,ERBB3,2065.0,MutNovel,"T355S,1.000"
X-1916,ERCC6,2074.0,Amp5,5.5
X-1916,ERMP1,79956.0,Amp5,6.36
X-1916,ERVFRD-1,405754.0,Amp5,5.13
X-1916,ESD,2098.0,MutNovel,"I62M,1.000"
X-1916,ETV3,2117.0,Amp5,6.82
X-1916,ETV3L,440695.0,Amp5,6.82
X-1916,ETV7,51513.0,Amp5,5.13
X-1916,EXOC2,55770.0,Amp5,5.13
X-1916,EXOSC4,54512.0,Amp5,7.16
X-1916,EXT1,2131.0,Amp8,8.82
X-1916,F11R,50848.0,Amp5,5.9
X-1916,F13A1,2162.0,Amp5,5.13
X-1916,F5,2153.0,Amp5,5.9
X-1916,FAM129A,116496.0,Amp5,5.98
X-1916,FAM134B,54463.0,Del0.8,0.73
X-1916,FAM135A,57579.0,Amp5,5.06
X-1916,FAM135B,51059.0,Amp5,7.26
X-1916,FAM163A,148753.0,Amp5,5.98
X-1916,FAM170B,170370.0,Amp5,5.5
X-1916,FAM189B,10712.0,Amp5,6.82
X-1916,FAM195A,84331.0,MutNovel,"E95-,0.944"
X-1916,FAM197Y2P,252946.0,Del0.8,0.25
X-1916,FAM203A,51236.0,Amp5,7.16
X-1916,FAM208B,54906.0,Amp5,5.13
X-1916,FAM20B,9917.0,Amp5,5.98
X-1916,FAM25C,644054.0,Amp5,6.15
X-1916,FAM25C,644054.0,Amp5,7.78
X-1916,FAM35B,414241.0,Amp5,7.73
X-1916,FAM35B2,439965.0,Amp8,10.93
X-1916,FAM41AY1,340618.0,Del0.8,0.25
X-1916,FAM41AY1,340618.0,Del0.8,0.25
X-1916,FAM49B,51571.0,Amp5,7.26
X-1916,FAM50B,26240.0,Amp5,5.13
X-1916,FAM5B,57795.0,Amp5,5.98
X-1916,FAM63A,55793.0,Amp5,7.01
X-1916,FAM65B,9750.0,Amp5,5.28
X-1916,FAM66A,100133172.0,Del0.8,0.8
X-1916,FAM78B,149297.0,Amp5,5.9
X-1916,FAM83A,84985.0,Amp5,7.26
X-1916,FAM83B,222584.0,Amp5,5.13
X-1916,FAM83H,286077.0,Amp5,7.16
X-1916,FAM84B,157638.0,Amp5,7.26
X-1916,FAM86B2,653333.0,MutNovel,"Y112C,1.000"
X-1916,FAM8A1,51439.0,Amp5,5.13
X-1916,FAM91A1,157769.0,Amp5,7.26
X-1916,FANCD2,2177.0,MutNovel,"K871N,1.000"
X-1916,FANCE,2178.0,Amp5,5.13
X-1916,FARS2,10667.0,Amp5,5.13
X-1916,FASLG,356.0,Amp5,5.98
X-1916,FBXL6,26233.0,Amp5,7.16
X-1916,FBXO18,84893.0,Amp5,5.13
X-1916,FBXO32,114907.0,Amp5,7.26
X-1916,FBXO9,26268.0,Amp5,5.13
X-1916,FBXW7,55294.0,MutNovel,"E50K,0.632"
X-1916,FCER1A,2205.0,Amp5,5.9
X-1916,FCER1G,2207.0,Amp5,5.9
X-1916,FCGR1A,2209.0,Amp5,7.01
X-1916,FCGR2A,2212.0,Amp5,5.9
X-1916,FCGR2B,2213.0,Amp5,5.9
X-1916,FCGR2C,9103.0,Amp5,5.9
X-1916,FCGR3A,2214.0,Amp5,5.9
X-1916,FCGR3B,2215.0,Amp5,5.9
X-1916,FCRL1,115350.0,Amp5,5.9
X-1916,FCRL2,79368.0,Amp5,5.9
X-1916,FCRL3,115352.0,Amp5,5.9
X-1916,FCRL4,83417.0,Amp5,5.9
X-1916,FCRL5,83416.0,Amp5,5.9
X-1916,FCRL6,343413.0,Amp5,5.9
X-1916,FCRLA,84824.0,Amp5,5.9
X-1916,FCRLB,127943.0,Amp5,5.9
X-1916,FDPS,2224.0,Amp5,6.82
X-1916,FER1L6,654463.0,Amp5,7.26
X-1916,FER1L6-AS1,439941.0,Amp5,7.26
X-1916,FGD2,221472.0,Amp5,5.13
X-1916,FKBP5,2289.0,Amp5,5.13
X-1916,FLAD1,80308.0,Amp5,6.82
X-1916,FLG,2312.0,Amp5,7.01
X-1916,FLG2,388698.0,Amp5,7.01
X-1916,FLJ23152,401236.0,MutNovel,"V117I,0.750"
X-1916,FLJ23152,401236.0,Amp5,5.13
X-1916,FLJ23867,200058.0,Amp5,5.98
X-1916,FLJ35024,401491.0,Amp5,5.06
X-1916,FLJ41200,401492.0,Amp5,6.45
X-1916,FLJ41649,401260.0,Amp5,5.13
X-1916,FLJ43860,389690.0,Amp5,7.26
X-1916,FMO1,2326.0,Amp5,5.98
X-1916,FMO2,2327.0,Amp5,5.98
X-1916,FMO3,2328.0,Amp5,5.98
X-1916,FMO4,2329.0,MutNovel,"R33K,0.455"
X-1916,FMO4,2329.0,Amp5,5.98
X-1916,FMO5,2330.0,Amp5,6.92
X-1916,FMO6P,388714.0,Amp5,5.98
X-1916,FMO9P,116123.0,Amp5,5.9
X-1916,FOXC1,2296.0,MutNovel,"P297S,0.762"
X-1916,FOXC1,2296.0,Amp5,5.13
X-1916,FOXF2,2295.0,Amp5,5.13
X-1916,FOXH1,8928.0,Amp5,7.16
X-1916,FOXP4,116113.0,Amp5,5.13
X-1916,FOXQ1,94234.0,Amp5,5.13
X-1916,FREM1,158326.0,Amp5,6.45
X-1916,FRMPD2,143162.0,Amp5,5.5
X-1916,FRMPD2P1,728798.0,Amp5,5.82
X-1916,FRS3,10817.0,Amp5,5.13
X-1916,FTSJD2,23070.0,Amp5,5.13
X-1916,FXYD4,53828.0,Amp5,5.46
X-1916,FZD8,8325.0,Amp5,5.1
X-1916,GABPB1,2553.0,MutKnownFunctional,"Q373*,0.414"
X-1916,GABPB2,126626.0,Amp5,7.01
X-1916,GANC,2595.0,MutNovel,"E812D,1.000"
X-1916,GAS5,60674.0,Amp5,5.98
X-1916,GATAD2B,57459.0,Amp5,6.82
X-1916,GBA,2629.0,Amp5,6.82
X-1916,GBAP1,2630.0,Amp5,6.82
X-1916,GCLC,2729.0,Amp5,5.13
X-1916,GCM1,8521.0,Amp5,5.13
X-1916,GCM2,9247.0,Amp5,5.13
X-1916,GCNT2,2651.0,Amp5,5.13
X-1916,GDF10,2662.0,Amp5,6.15
X-1916,GDF2,2658.0,Amp5,6.15
X-1916,GDI2,2665.0,Amp5,5.13
X-1916,GFOD1,54438.0,Amp5,5.13
X-1916,GFRAL,389400.0,Amp5,5.28
X-1916,GJA5,2702.0,Amp5,6.92
X-1916,GJA8,2703.0,Amp5,6.92
X-1916,GJD4,219770.0,Amp5,5.1
X-1916,GLDC,2731.0,Amp5,6.36
X-1916,GLI4,2738.0,Amp5,7.16
X-1916,GLIS3,169792.0,Amp5,6.36
X-1916,GLIS3-AS1,84850.0,Amp5,6.36
X-1916,GLO1,2739.0,Amp5,5.13
X-1916,GLP1R,2740.0,Amp5,5.13
X-1916,GLT25D2,23127.0,Amp5,5.98
X-1916,GLT8D1,55830.0,MutNovel,"L17V,0.452"
X-1916,GLUL,2752.0,Amp5,5.98
X-1916,GLYATL3,389396.0,Amp5,5.13
X-1916,GMDS,2762.0,Amp5,5.13
X-1916,GML,2765.0,Amp5,7.26
X-1916,GMNN,51053.0,Amp5,5.28
X-1916,GMPR,2766.0,Amp5,5.13
X-1916,GNMT,27232.0,Amp5,5.13
X-1916,GNRHR2,114814.0,Amp5,6.92
X-1916,GOLGA2P2Y,84559.0,Del0.8,0.25
X-1916,GOLGA2P2Y,84559.0,Del0.8,0.25
X-1916,GOLPH3L,55204.0,Amp5,7.01
X-1916,GON4L,54856.0,MutNovel,"M1904L,0.643"
X-1916,GON4L,54856.0,Amp5,6.82
X-1916,GORAB,92344.0,Amp5,5.98
X-1916,GPA33,10223.0,Amp5,5.9
X-1916,GPAA1,8733.0,Amp5,7.16
X-1916,GPATCH3,63906.0,MutNovel,"T500P,1.000"
X-1916,GPATCH4,54865.0,Amp5,6.82
X-1916,GPHN,10243.0,Del0.8,0.43
X-1916,GPIHBP1,338328.0,Amp5,7.26
X-1916,GPLD1,2822.0,Amp5,5.28
X-1916,GPR110,266977.0,Amp5,5.13
X-1916,GPR111,222611.0,Amp5,5.13
X-1916,GPR115,221393.0,Amp5,5.13
X-1916,GPR116,221395.0,Amp5,5.13
X-1916,GPR161,23432.0,Amp5,5.9
X-1916,GPR20,2843.0,Amp5,7.26
X-1916,GPR52,9293.0,Amp5,5.98
X-1916,GPR89A,653519.0,Amp5,6.92
X-1916,GPR89B,51463.0,Amp5,6.92
X-1916,GPR89C,728932.0,Amp5,6.92
X-1916,GPRIN2,9721.0,Amp5,7.73
X-1916,GPT,2875.0,Amp5,7.16
X-1916,GRINA,2907.0,Amp5,7.16
X-1916,GSDMC,56169.0,Amp5,7.26
X-1916,GSDMD,79792.0,Amp5,7.16
X-1916,GSR,2936.0,MutNovel,"S15G,1.000"
X-1916,GSTA1,2938.0,Amp5,5.13
X-1916,GSTA2,2939.0,Amp5,5.13
X-1916,GSTA3,2940.0,Amp5,5.13
X-1916,GSTA4,2941.0,Amp5,5.13
X-1916,GSTA5,221357.0,Amp5,5.13
X-1916,GSTA7P,730152.0,Amp5,5.13
X-1916,GSTM1,2944.0,Del0.8,0.66
X-1916,GSTT1,2952.0,Amp5,6.45
X-1916,GTF2IRD2B,389524.0,MutNovel,"G211S,0.625"
X-1916,GTPBP2,54676.0,Amp5,5.13
X-1916,GUCA1A,2978.0,Amp5,5.13
X-1916,GUCA1B,2979.0,Amp5,5.13
X-1916,GYG2P1,352887.0,Del0.8,0.25
X-1916,HAPLN2,60484.0,Amp5,6.82
X-1916,HAS2,3037.0,Amp5,7.26
X-1916,HAS2-AS1,594842.0,Amp5,7.26
X-1916,HAX1,10456.0,Amp5,6.82
X-1916,HCG11,493812.0,Amp5,5.28
X-1916,HCN3,57657.0,Amp5,6.82
X-1916,HCRTR2,3062.0,Amp5,5.28
X-1916,HDGF,3068.0,Amp5,6.82
X-1916,HDGFL1,154150.0,Amp5,5.28
X-1916,HEATR7A,727957.0,Amp5,7.16
X-1916,HFE,3077.0,Amp5,5.28
X-1916,HFE2,148738.0,Amp5,6.92
X-1916,HHLA1,10086.0,Amp5,7.26
X-1916,HIST1H1A,3024.0,Amp5,5.28
X-1916,HIST1H1C,3006.0,Amp5,5.28
X-1916,HIST1H1D,3007.0,Amp5,5.28
X-1916,HIST1H1E,3008.0,Amp5,5.28
X-1916,HIST1H1T,3010.0,Amp5,5.28
X-1916,HIST1H2AA,221613.0,Amp5,5.28
X-1916,HIST1H2AB,8335.0,Amp5,5.28
X-1916,HIST1H2AC,8334.0,Amp5,5.28
X-1916,HIST1H2AD,3013.0,Amp5,5.28
X-1916,HIST1H2AE,3012.0,Amp5,5.28
X-1916,HIST1H2APS1,387319.0,Amp5,5.28
X-1916,HIST1H2BA,255626.0,Amp5,5.28
X-1916,HIST1H2BB,3018.0,Amp5,5.28
X-1916,HIST1H2BC,8347.0,Amp5,5.28
X-1916,HIST1H2BD,3017.0,Amp5,5.28
X-1916,HIST1H2BE,8344.0,Amp5,5.28
X-1916,HIST1H2BF,8343.0,Amp5,5.28
X-1916,HIST1H2BG,8339.0,Amp5,5.28
X-1916,HIST1H2BH,8345.0,Amp5,5.28
X-1916,HIST1H2BI,8346.0,Amp5,5.28
X-1916,HIST1H3A,8350.0,Amp5,5.28
X-1916,HIST1H3B,8358.0,Amp5,5.28
X-1916,HIST1H3C,8352.0,Amp5,5.28
X-1916,HIST1H3D,8351.0,Amp5,5.28
X-1916,HIST1H3E,8353.0,Amp5,5.28
X-1916,HIST1H3F,8968.0,Amp5,5.28
X-1916,HIST1H3G,8355.0,Amp5,5.28
X-1916,HIST1H4A,8359.0,Amp5,5.28
X-1916,HIST1H4B,8366.0,Amp5,5.28
X-1916,HIST1H4C,8364.0,Amp5,5.28
X-1916,HIST1H4D,8360.0,Amp5,5.28
X-1916,HIST1H4E,8367.0,Amp5,5.28
X-1916,HIST1H4F,8361.0,Amp5,5.28
X-1916,HIST1H4G,8369.0,Amp5,5.28
X-1916,HIST1H4H,8365.0,Amp5,5.28
X-1916,HIST2H2AA4,723790.0,Amp5,7.01
X-1916,HIST2H2AA4,723790.0,Amp5,7.01
X-1916,HIST2H2AB,317772.0,MutNovel,"N111D,0.273"
X-1916,HIST2H2AB,317772.0,Amp5,7.01
X-1916,HIST2H2AC,8338.0,Amp5,7.01
X-1916,HIST2H2BC,337873.0,Amp5,7.01
X-1916,HIST2H2BE,8349.0,Amp5,7.01
X-1916,HIST2H3A,333932.0,Amp5,7.01
X-1916,HIST2H3A,333932.0,Amp5,7.01
X-1916,HIST2H3D,653604.0,Amp5,7.01
X-1916,HIST2H4A,8370.0,Amp5,7.01
X-1916,HIST2H4A,8370.0,Amp5,7.01
X-1916,HIST2H4B,554313.0,Amp5,7.01
X-1916,HIST2H4B,554313.0,Amp5,7.01
X-1916,HIVEP1,3096.0,Amp5,5.13
X-1916,HLA-DRB1,3123.0,Amp8,12.04
X-1916,HLA-DRB6,3128.0,Amp8,12.04
X-1916,HMCN1,83872.0,Amp5,5.98
X-1916,HMCN2,,MutNovel,"V3394E,0.257"
X-1916,HMGA1,3159.0,Amp5,5.13
X-1916,HMGCLL1,54511.0,Amp5,5.28
X-1916,HMGN4,10473.0,Amp5,5.28
X-1916,HNRNPA3P1,10151.0,Amp5,5.98
X-1916,HNRNPF,3185.0,Amp5,5.46
X-1916,HORMAD1,84072.0,Amp5,7.01
X-1916,HPYR1,93668.0,Amp5,7.26
X-1916,HRNR,388697.0,Amp5,7.01
X-1916,HSD17B7,51478.0,Amp5,5.9
X-1916,HSD17B7P2,158160.0,Amp5,5.28
X-1916,HSF1,3297.0,Amp5,7.16
X-1916,HSFY2,159119.0,Del0.8,0.25
X-1916,HSFY2,159119.0,Del0.8,0.25
X-1916,HSP90AB1,3326.0,Amp5,5.13
X-1916,HSPA6,3310.0,Amp5,5.9
X-1916,HSPA7,3311.0,Amp5,5.9
X-1916,HTRA4,203100.0,Amp5,5.35
X-1916,HULC,728655.0,Amp5,5.13
X-1916,HUS1B,135458.0,Amp5,5.13
X-1916,HUWE1,10075.0,MutNovel,"V1649E,1.000"
X-1916,ICK,22858.0,Amp5,5.13
X-1916,ID4,3400.0,Amp5,6.23
X-1916,IER5,51278.0,Amp5,5.98
X-1916,IFI16,3428.0,Amp5,5.9
X-1916,IGSF8,93185.0,Amp5,5.9
X-1916,IGSF9,57549.0,Amp5,5.9
X-1916,IL15RA,3601.0,Amp5,5.13
X-1916,IL17A,3605.0,Amp5,5.13
X-1916,IL17F,112744.0,Amp5,5.13
X-1916,IL2RA,3559.0,Amp5,5.13
X-1916,IL33,90865.0,Amp5,6.36
X-1916,IL6R,3570.0,Amp5,6.82
X-1916,ILDR2,387597.0,Amp5,5.9
X-1916,ILF2,3608.0,Amp5,6.82
X-1916,INSL4,3641.0,Amp5,6.36
X-1916,INSL6,11172.0,Amp5,6.36
X-1916,INSRR,3645.0,Amp5,6.82
X-1916,INTS3,65123.0,Amp5,6.82
X-1916,IQGAP3,128239.0,Amp5,6.82
X-1916,IRF4,3662.0,Amp5,5.13
X-1916,ISG20L2,81875.0,Amp5,6.82
X-1916,ITGA10,8515.0,Amp5,6.92
X-1916,ITGB1,3688.0,Amp5,5.1
X-1916,ITLN1,55600.0,Amp5,5.9
X-1916,ITLN2,142683.0,Amp5,5.9
X-1916,IVL,3713.0,Amp5,6.82
X-1916,IVNS1ABP,10625.0,Amp5,5.98
X-1916,JAK2,3717.0,Amp5,6.36
X-1916,JARID2,3720.0,Amp5,5.13
X-1916,JRK,8629.0,Amp5,7.26
X-1916,JTB,10899.0,Amp5,6.82
X-1916,KAAG1,353219.0,Amp5,5.28
X-1916,KANK1,23189.0,Amp5,5.06
X-1916,KCNJ10,3766.0,Amp5,5.9
X-1916,KCNJ9,3765.0,Amp5,5.9
X-1916,KCNK16,83795.0,Amp5,5.13
X-1916,KCNK17,89822.0,Amp5,5.13
X-1916,KCNK5,8645.0,Amp5,5.13
X-1916,KCNK9,51305.0,Amp5,7.26
X-1916,KCNN3,3782.0,Amp5,6.82
X-1916,KCNQ3,3786.0,Amp5,7.26
X-1916,KCNQ5,56479.0,Amp5,6.54
X-1916,KCNV1,27012.0,Amp8,8.4
X-1916,KCNV2,169522.0,Amp5,5.06
X-1916,KCTD20,222658.0,Amp5,5.13
X-1916,KDM1B,221656.0,Amp5,5.13
X-1916,KDM4C,23081.0,Amp5,6.36
X-1916,KDM5D,8284.0,Del0.8,0.25
X-1916,KHDC1,80759.0,Amp8,8.4
X-1916,KHDC1L,100129128.0,Amp8,8.4
X-1916,KHDRBS3,10656.0,Amp5,7.26
X-1916,KIAA0020,9933.0,Amp5,5.06
X-1916,KIAA0040,9674.0,Amp5,5.98
X-1916,KIAA0125,9834.0,Amp5,5.03
X-1916,KIAA0146,23514.0,MutNovel,"G4D,0.579"
X-1916,KIAA0196,9897.0,Amp5,7.26
X-1916,KIAA0240,23506.0,Amp5,5.13
X-1916,KIAA0319,9856.0,Amp5,5.28
X-1916,KIAA0907,22889.0,Amp5,6.82
X-1916,KIAA1217,56243.0,Amp5,5.06
X-1916,KIAA1432,57589.0,Amp5,6.36
X-1916,KIAA1462,57608.0,Amp5,5.1
X-1916,KIAA1586,57691.0,Amp5,5.28
X-1916,KIAA1614,57710.0,Amp5,5.98
X-1916,KIAA1875,340390.0,Amp5,7.16
X-1916,KIAA2026,158358.0,Amp5,6.36
X-1916,KIF13A,63971.0,Amp5,5.13
X-1916,KIF5B,3799.0,Amp5,5.1
X-1916,KIF6,221458.0,Amp5,5.13
X-1916,KIFAP3,22920.0,Amp5,5.9
X-1916,KIFC2,90990.0,Amp5,7.16
X-1916,KIRREL,55243.0,Amp5,5.9
X-1916,KLC4,89953.0,Amp5,5.13
X-1916,KLF6,1316.0,Amp5,5.1
X-1916,KLHDC3,116138.0,Amp5,5.13
X-1916,KLHDC9,126823.0,Amp5,5.9
X-1916,KLHL20,27252.0,Amp5,5.98
X-1916,KLHL31,401265.0,Amp5,5.13
X-1916,KLHL38,340359.0,Amp5,7.26
X-1916,KPRP,448834.0,Amp5,7.21
X-1916,KRT2,3849.0,MutNovel,"L459Q,1.000"
X-1916,KRT36,8689.0,MutNovel,"R371Q,0.800"
X-1916,KRT6A,3853.0,MutNovel,"N280S,0.800"
X-1916,KRT6A,3853.0,MutNovel,"E165A,0.979"
X-1916,KRT6C,286887.0,MutNovel,"T193K,1.000"
X-1916,KRT83,3889.0,MutNovel,"G317V,0.636"
X-1916,KRT83,3889.0,MutNovel,"S257W,1.000"
X-1916,KRTCAP2,200185.0,Amp5,6.82
X-1916,LAMC1,3915.0,Amp5,5.98
X-1916,LAMC2,3918.0,Amp5,5.98
X-1916,LAMTOR2,28956.0,Amp5,6.82
X-1916,LCE1A,353131.0,Amp5,6.82
X-1916,LCE1B,353132.0,Amp5,6.82
X-1916,LCE1C,353133.0,Amp5,6.82
X-1916,LCE1D,353134.0,Amp5,6.82
X-1916,LCE1E,353135.0,Amp5,7.21
X-1916,LCE1F,353137.0,Amp5,7.21
X-1916,LCE2A,353139.0,Amp5,7.21
X-1916,LCE2B,26239.0,Amp5,7.21
X-1916,LCE2C,353140.0,Amp5,7.21
X-1916,LCE2D,353141.0,Amp5,7.21
X-1916,LCE3A,353142.0,Amp5,7.21
X-1916,LCE3D,84648.0,Amp5,7.01
X-1916,LCE3E,353145.0,Amp5,7.01
X-1916,LCE4A,199834.0,Amp5,7.21
X-1916,LCE5A,254910.0,Amp5,7.01
X-1916,LCE6A,448835.0,Amp5,6.82
X-1916,LELP1,149018.0,Amp5,6.82
X-1916,LENEP,55891.0,Amp5,6.82
X-1916,LETM1,3954.0,MutNovel,"P14S,1.000"
X-1916,LGR6,59352.0,MutKnownFunctional,"G633*,0.536"
X-1916,LHFPL5,222662.0,Amp5,5.13
X-1916,LHX4,89884.0,Amp5,5.98
X-1916,LINC00051,619434.0,Amp5,7.26
X-1916,LINC00202,387644.0,Amp5,5.17
X-1916,LINC00264,645528.0,Amp5,5.17
X-1916,LINC00272,388719.0,Amp5,5.98
X-1916,LINC00340,401237.0,Amp5,5.28
X-1916,LINC00472,79940.0,Amp5,5.06
X-1916,LINC00518,221718.0,Amp5,5.13
X-1916,LINGO4,339398.0,Amp5,7.01
X-1916,LIX1L,128077.0,Amp5,6.92
X-1916,LMBRD1,55788.0,Amp5,5.06
X-1916,LMNA,4000.0,Amp5,6.82
X-1916,LMX1A,4009.0,Amp5,5.9
X-1916,LOC100128098,100128098.0,Amp5,5.21
X-1916,LOC100128338,100128338.0,Amp5,7.16
X-1916,LOC100129055,100129055.0,Amp5,5.28
X-1916,LOC100130231,100130231.0,Amp5,7.26
X-1916,LOC100130275,100130275.0,Amp5,5.13
X-1916,LOC100130357,100130357.0,Amp5,5.13
X-1916,LOC100130992,100130992.0,Amp5,5.06
X-1916,LOC100131047,100131047.0,Amp5,5.13
X-1916,LOC100131726,100131726.0,Amp5,7.26
X-1916,LOC100131825,100131825.0,Amp5,5.9
X-1916,LOC100132111,100132111.0,Amp5,7.01
X-1916,LOC100132354,100132354.0,Amp5,5.13
X-1916,LOC100133308,100133308.0,Amp5,5.98
X-1916,LOC100133669,100133669.0,Amp5,7.26
X-1916,LOC100216001,100216001.0,Amp5,5.13
X-1916,LOC100287718,100287718.0,Amp5,5.13
X-1916,LOC100288079,100288079.0,Amp5,5.98
X-1916,LOC100288181,100288181.0,Amp5,7.26
X-1916,LOC100289211,100289211.0,Amp5,6.92
X-1916,LOC100499489,100499489.0,Amp5,5.06
X-1916,LOC100505583,100505583.0,Amp5,5.1
X-1916,LOC100505633,100505633.0,Amp5,5.9
X-1916,LOC100505666,100505666.0,Amp5,6.82
X-1916,LOC100505795,100505795.0,Amp5,5.9
X-1916,LOC100505918,100505918.0,Amp5,5.9
X-1916,LOC100506023,100506023.0,Amp5,5.98
X-1916,LOC100506207,100506207.0,Amp5,5.13
X-1916,LOC100506733,100506733.0,Amp5,5.5
X-1916,LOC100506835,100506835.0,Amp5,5.98
X-1916,LOC100506939,100506939.0,Amp5,6.11
X-1916,LOC100507034,100507034.0,Amp5,5.1
X-1916,LOC100507117,100507117.0,Amp5,7.26
X-1916,LOC100507194,100507194.0,Amp5,5.13
X-1916,LOC100507605,100507605.0,Amp5,5.17
X-1916,LOC100509263,,MutNovel,"L223S,0.500"
X-1916,LOC100527964,100527964.0,Amp5,5.98
X-1916,LOC157381,157381.0,Amp5,7.26
X-1916,LOC220906,220906.0,Amp5,5.17
X-1916,LOC283033,283033.0,Amp5,5.98
X-1916,LOC284648,284648.0,Amp5,5.98
X-1916,LOC284688,284688.0,Amp5,5.9
X-1916,LOC285768,285768.0,Amp5,5.13
X-1916,LOC285819,285819.0,Amp5,5.28
X-1916,LOC285847,285847.0,Amp5,5.13
X-1916,LOC286094,286094.0,Amp5,7.26
X-1916,LOC338579,338579.0,Amp5,5.98
X-1916,LOC338588,338588.0,Amp5,5.13
X-1916,LOC387647,387647.0,Amp5,5.17
X-1916,LOC389705,389705.0,Amp5,6.45
X-1916,LOC391322,391322.0,Amp5,6.45
X-1916,LOC399715,399715.0,Amp5,5.13
X-1916,LOC399744,399744.0,Amp5,5.28
X-1916,LOC400794,400794.0,Amp5,5.9
X-1916,LOC401180,,MutNovel,"P308A,1.000"
X-1916,LOC440700,440700.0,Amp5,5.9
X-1916,LOC441666,441666.0,Amp5,5.28
X-1916,LOC643650,643650.0,Amp8,10.93
X-1916,LOC643669,643669.0,MutNovel,"E77K,1.000"
X-1916,LOC646268,646268.0,Amp5,5.9
X-1916,LOC646627,646627.0,Amp5,5.03
X-1916,LOC727677,727677.0,Amp5,7.26
X-1916,LOC728407,728407.0,Amp5,5.5
X-1916,LOC728643,728643.0,Amp8,10.93
X-1916,LOC728724,728724.0,Amp5,7.26
X-1916,LOC728888,,MutNovel,"D601H,1.000"
X-1916,LOC728989,728989.0,Amp5,6.92
X-1916,LOC729177,729177.0,Amp5,5.28
X-1916,LOC730101,730101.0,Amp5,5.13
X-1916,LOC730102,730102.0,Amp5,5.98
X-1916,LOC730159,730159.0,Amp5,5.98
X-1916,LOC731779,731779.0,Amp5,7.26
X-1916,LOC731789,731789.0,Amp5,5.17
X-1916,LOC84856,84856.0,Amp5,5.28
X-1916,LOR,4014.0,Amp5,6.82
X-1916,LRFN2,57497.0,Amp5,5.13
X-1916,LRPPRC,10128.0,MutNovel,"L20F,1.000"
X-1916,LRRC1,55227.0,Amp5,5.13
X-1916,LRRC14,9684.0,Amp5,7.16
X-1916,LRRC16A,55604.0,Amp5,5.28
X-1916,LRRC18,474354.0,Amp5,5.5
X-1916,LRRC24,441381.0,Amp5,7.16
X-1916,LRRC52,440699.0,Amp5,5.9
X-1916,LRRC6,23639.0,Amp5,7.26
X-1916,LRRC71,149499.0,Amp5,6.82
X-1916,LRRC73,221424.0,Amp5,5.13
X-1916,LSR,51599.0,MutNovel,"G518GR,0.729"
X-1916,LUZP1,7798.0,MutKnownFunctional,"-823?,0.375"
X-1916,LY6D,8581.0,Amp5,7.26
X-1916,LY6E,4061.0,Amp5,7.26
X-1916,LY6H,4062.0,Amp5,7.26
X-1916,LY6K,54742.0,Amp5,7.26
X-1916,LY86,9450.0,Amp5,5.13
X-1916,LY86-AS1,285780.0,Amp5,5.13
X-1916,LY9,4063.0,Amp5,5.9
X-1916,LYNX1,66004.0,Amp5,7.26
X-1916,LYPD2,137797.0,Amp5,7.26
X-1916,LYRM4,57128.0,Amp5,5.13
X-1916,LYSMD1,388695.0,Amp5,7.01
X-1916,LYZL1,84569.0,Amp5,5.17
X-1916,LYZL2,119180.0,Amp5,5.1
X-1916,MAD2L1BP,9587.0,Amp5,5.13
X-1916,MAEL,84944.0,Amp5,5.9
X-1916,MAF1,84232.0,Amp5,7.16
X-1916,MAFA,389692.0,Amp5,7.16
X-1916,MAK,4117.0,Amp5,5.13
X-1916,MAL2,114569.0,Amp5,7.52
X-1916,MANEAL,149175.0,MutNovel,"N350S,1.000"
X-1916,MAP3K8,1326.0,Amp5,5.1
X-1916,MAPK13,5603.0,Amp5,5.13
X-1916,MAPK14,1432.0,Amp5,5.13
X-1916,MAPK15,225689.0,Amp5,7.16
X-1916,MAPK8,5599.0,Amp5,5.5
X-1916,2014-03-08 00:00:00,220972.0,Amp5,5.98
X-1916,MASTL,84930.0,Amp5,5.17
X-1916,MB21D1,115004.0,Amp8,8.4
X-1916,MBL2,4153.0,Amp5,6.11
X-1916,MBOAT1,154141.0,Amp5,6.23
X-1916,MCL1,4170.0,Amp5,7.01
X-1916,MCM3,4172.0,Amp5,5.13
X-1916,MDFI,4188.0,Amp5,5.13
X-1916,MDGA1,266727.0,Amp5,5.13
X-1916,MEA1,4201.0,Amp5,5.13
X-1916,MED20,9477.0,Amp5,5.13
X-1916,MED30,90390.0,Amp8,8.82
X-1916,MEF2D,4209.0,Amp5,6.82
X-1916,MEP1A,4224.0,Amp5,5.13
X-1916,METTL11B,149281.0,Amp5,5.9
X-1916,METTL13,51603.0,Amp5,5.98
X-1916,METTL18,92342.0,Amp5,5.9
X-1916,METTL2B,55798.0,MutNovel,"P155L,0.892"
X-1916,MEX3A,92312.0,Amp5,6.82
X-1916,MEX3D,399664.0,MutNovel,"G509R,1.000"
X-1916,MFSD3,113655.0,Amp5,7.16
X-1916,MGC39372,221756.0,Amp5,5.13
X-1916,MGC4473,79100.0,Amp5,5.9
X-1916,MGST3,4259.0,Amp5,5.9
X-1916,MICAL3,57553.0,MutNovel,"M952V,1.000"
X-1916,MIR101-2,406894.0,Amp5,6.36
X-1916,MIR1204,100302185.0,Amp5,7.26
X-1916,MIR1205,100302161.0,Amp5,7.26
X-1916,MIR1206,100302170.0,Amp5,7.26
X-1916,MIR1207,100302175.0,Amp5,7.26
X-1916,MIR1208,100302281.0,Amp5,7.26
X-1916,MIR1234,100302196.0,Amp5,7.16
X-1916,MIR1295A,100302178.0,Amp5,5.98
X-1916,MIR133B,442890.0,Amp5,5.13
X-1916,MIR190B,100126346.0,Amp5,6.82
X-1916,MIR1915,100302129.0,Amp5,5.21
X-1916,MIR2053,100302225.0,Amp8,8.82
X-1916,MIR206,406989.0,Amp5,5.13
X-1916,MIR30A,407029.0,Amp5,5.06
X-1916,MIR30B,407030.0,Amp5,7.26
X-1916,MIR30C2,407032.0,Amp5,5.06
X-1916,MIR30D,407033.0,Amp5,7.26
X-1916,MIR3119-1,100422839.0,Amp5,5.9
X-1916,MIR3119-2,100423010.0,Amp5,5.9
X-1916,MIR3120,100422882.0,Amp5,5.98
X-1916,MIR3121,100423032.0,Amp5,5.98
X-1916,MIR3124,100422879.0,Amp5,5.03
X-1916,MIR3155A,100422989.0,Amp5,5.13
X-1916,MIR3155B,100628560.0,Amp5,5.13
X-1916,MIR3156-1,100422988.0,Amp5,5.98
X-1916,MIR3610,100500914.0,Amp8,8.82
X-1916,MIR3658,100500832.0,Amp5,5.9
X-1916,MIR3691,100500900.0,Amp5,5.13
X-1916,MIR3924,100500834.0,Amp5,6.11
X-1916,MIR3925,100500885.0,Amp5,5.13
X-1916,MIR4257,100422997.0,Amp5,7.01
X-1916,MIR4258,100423020.0,Amp5,6.82
X-1916,MIR4282,100423005.0,Amp8,8.4
X-1916,MIR4294,100422895.0,Amp5,5.5
X-1916,MIR4424,100616328.0,Amp5,5.98
X-1916,MIR4462,100616413.0,Amp5,5.13
X-1916,MIR4472-1,100616268.0,Amp5,7.26
X-1916,MIR4639,100616269.0,Amp5,5.13
X-1916,MIR4641,100616178.0,Amp5,5.13
X-1916,MIR4642,100616352.0,Amp5,5.13
X-1916,MIR4645,100616285.0,Amp5,5.13
X-1916,MIR4647,100616124.0,Amp5,5.13
X-1916,MIR4654,100616386.0,Amp5,5.9
X-1916,MIR4663,100616260.0,Amp5,7.26
X-1916,MIR4664,100616318.0,Amp5,7.16
X-1916,MIR4665,100616288.0,Amp5,6.36
X-1916,MIR4675,100616383.0,Amp5,5.21
X-1916,MIR488,574441.0,Amp5,5.98
X-1916,MIR548A1,693125.0,Amp5,5.5
X-1916,MIR548F1,100302192.0,Amp5,5.98
X-1916,MIR554,693139.0,Amp5,7.01
X-1916,MIR555,693140.0,Amp5,6.82
X-1916,MIR556,693141.0,Amp5,5.9
X-1916,MIR557,693142.0,Amp5,5.9
X-1916,MIR586,693171.0,Amp5,5.13
X-1916,MIR603,693188.0,Amp5,5.06
X-1916,MIR604,693189.0,Amp5,5.1
X-1916,MIR605,693190.0,Amp5,6.11
X-1916,MIR661,724031.0,Amp5,7.16
X-1916,MIR765,768220.0,Amp5,6.82
X-1916,MIR9-1,407046.0,Amp5,6.82
X-1916,MIR921,100126349.0,Amp5,5.9
X-1916,MIR92B,693235.0,Amp5,6.82
X-1916,MIR937,100126338.0,Amp5,7.16
X-1916,MIR938,100126327.0,Amp5,5.1
X-1916,MIR939,100126351.0,Amp5,7.16
X-1916,MKX,283078.0,Amp5,5.17
X-1916,MLANA,2315.0,Amp5,6.36
X-1916,MLL3,58508.0,MutKnownFunctional,"Q3654*,1.000"
X-1916,MLLT10,8028.0,Amp5,5.21
X-1916,MLLT11,10962.0,Amp5,7.01
X-1916,MNDA,4332.0,Amp5,5.9
X-1916,MOCS1,4337.0,Amp5,5.13
X-1916,MPDZ,8777.0,Amp5,6.45
X-1916,MPP7,143098.0,Amp5,5.17
X-1916,MPZ,4359.0,Amp5,5.9
X-1916,MPZL1,9019.0,Amp5,5.9
X-1916,MR1,3140.0,Amp5,5.98
X-1916,MRPL13,28998.0,Amp5,7.52
X-1916,MRPL14,64928.0,Amp5,5.13
X-1916,MRPL2,51069.0,Amp5,5.13
X-1916,MRPL24,79590.0,Amp5,6.82
X-1916,MRPL9,65005.0,Amp5,7.01
X-1916,MRPS10,55173.0,Amp5,5.13
X-1916,MRPS14,63931.0,Amp5,5.98
X-1916,MRPS18A,55168.0,Amp5,5.13
X-1916,MRPS21,54460.0,Amp5,7.01
X-1916,MRS2,57380.0,Amp5,5.28
X-1916,MSMB,4477.0,Amp5,5.5
X-1916,MSRB2,22921.0,Amp5,5.06
X-1916,MSTO1,55154.0,Amp5,6.82
X-1916,MSTO2P,100129405.0,Amp5,6.82
X-1916,MTBP,27085.0,Amp5,7.52
X-1916,MTCH1,23787.0,Amp5,5.13
X-1916,MTMR11,10903.0,Amp5,7.01
X-1916,MTO1,25821.0,Amp8,8.4
X-1916,MTPAP,55149.0,Amp5,5.1
X-1916,MTRNR2L5,100463289.0,Amp5,6.06
X-1916,MTRNR2L7,100288485.0,Amp5,5.28
X-1916,MTSS1,9788.0,Amp5,7.26
X-1916,MTX1,4580.0,Amp5,6.82
X-1916,MUC1,4582.0,Amp5,6.82
X-1916,MUC16,94025.0,MutNovel,"L12688V,1.000"
X-1916,MUT,4594.0,Amp5,5.13
X-1916,MUTED,63915.0,Amp5,5.13
X-1916,MUTED-TXNDC5,100526836.0,Amp5,5.13
X-1916,MYBBP1A,10514.0,MutNovel,"E46K,1.000"
X-1916,MYC,4609.0,Amp5,7.26
X-1916,MYH9,4627.0,MutNovel,"P392A,1.000"
X-1916,MYLIP,29116.0,Amp5,5.13
X-1916,MYLK4,340156.0,Amp5,5.13
X-1916,MYO5B,4645.0,MutNovel,"N399S,0.524"
X-1916,MYOC,4653.0,Amp5,5.98
X-1916,NACAD,23148.0,MutNovel,"G673D,1.000"
X-1916,NAPRT1,93100.0,Amp5,7.16
X-1916,NBPF10,100132406.0,Amp5,6.92
X-1916,NBPF11,200030.0,Amp5,6.92
X-1916,NBPF12,,MutNovel,"L3013V,0.435"
X-1916,NBPF14,25832.0,MutNovel,"I861G,1.000"
X-1916,NBPF14,25832.0,MutNovel,"Q153K,0.750"
X-1916,NBPF14,25832.0,Amp5,6.92
X-1916,NCF2,4688.0,Amp5,5.98
X-1916,NCOA4,8031.0,Amp5,5.5
X-1916,NCOR2,9612.0,MutNovel,"Q498R,0.667"
X-1916,NCR2,9436.0,Amp5,5.13
X-1916,NCRNA00185,55410.0,Del0.8,0.25
X-1916,NCSTN,23385.0,Amp5,5.9
X-1916,NDRG1,10397.0,Amp5,7.26
X-1916,NDUFB9,4715.0,Amp5,7.26
X-1916,NDUFS2,4720.0,Amp5,5.9
X-1916,NEBL,10529.0,Amp5,5.21
X-1916,NEDD9,4739.0,Amp5,5.13
X-1916,NES,10763.0,Amp5,6.82
X-1916,NET1,10276.0,Amp5,5.13
X-1916,NFIB,4781.0,Amp5,6.45
X-1916,NFKBIE,4794.0,Amp5,5.13
X-1916,NFYA,4800.0,Amp5,5.13
X-1916,NHLH1,4807.0,Amp5,5.9
X-1916,NHLRC1,378884.0,Amp5,5.13
X-1916,NIT1,4817.0,Amp5,5.9
X-1916,NLGN4Y,22829.0,Del0.8,0.25
X-1916,NME7,29922.0,Amp5,5.9
X-1916,NMNAT2,23057.0,Amp5,5.98
X-1916,NOL7,51406.0,Amp5,5.13
X-1916,NOS1AP,9722.0,Amp5,5.9
X-1916,NOTCH1,4851.0,MutNovel,"R892P,0.435"
X-1916,NOTCH2NL,388677.0,Amp5,6.92
X-1916,NOV,4856.0,Amp5,7.52
X-1916,NPEPPS,9520.0,MutNovel,"I146V,0.429"
X-1916,NPHS2,7827.0,Amp5,5.98
X-1916,NPL,80896.0,Amp5,5.98
X-1916,NPR1,4881.0,Amp5,6.82
X-1916,NQO2,4835.0,Amp5,5.13
X-1916,NR1I3,9970.0,Amp5,5.9
X-1916,NRBP2,340371.0,Amp5,7.16
X-1916,NRN1,51299.0,Amp5,5.13
X-1916,NRP1,8829.0,Amp5,5.1
X-1916,NRSN1,140767.0,Amp5,5.28
X-1916,NSMCE2,286053.0,Amp5,7.26
X-1916,NTRK1,4914.0,Amp5,6.82
X-1916,NUDCD1,84955.0,Amp5,5.78
X-1916,NUDCD3,23386.0,MutNovel,"E123I,1.000"
X-1916,NUDT17,200035.0,Amp5,6.92
X-1916,NUDT3,11165.0,Amp5,5.13
X-1916,NUF2,83540.0,Amp5,5.9
X-1916,NUP153,9972.0,Amp5,5.13
X-1916,NUP210L,91181.0,Amp5,6.82
X-1916,OAZ3,51686.0,Amp5,7.01
X-1916,OBP2A,29991.0,MutNovel,"F90Y,1.000"
X-1916,OBSCN,84033.0,MutNovel,"R6560Q,0.632"
X-1916,OC90,729330.0,Amp5,7.26
X-1916,OCLM,10896.0,Amp5,5.98
X-1916,OGDHL,55753.0,Amp5,5.5
X-1916,OGFRL1,79627.0,Amp5,5.06
X-1916,OLFML2B,25903.0,Amp5,5.9
X-1916,OOEP,441161.0,Amp8,8.4
X-1916,OPLAH,26873.0,Amp5,7.16
X-1916,OPN5,221391.0,Amp5,5.13
X-1916,OR10J1,26476.0,Amp5,5.9
X-1916,OR10J3,441911.0,Amp5,5.9
X-1916,OR10J5,127385.0,Amp5,5.9
X-1916,OR10K1,391109.0,Amp5,5.9
X-1916,OR10K2,391107.0,Amp5,5.9
X-1916,OR10R2,343406.0,Amp5,5.9
X-1916,OR10T2,128360.0,Amp5,5.9
X-1916,OR10X1,128367.0,Amp5,5.9
X-1916,OR10Z1,128368.0,Amp5,5.9
X-1916,OR13A1,79290.0,Amp5,5.98
X-1916,OR14I1,401994.0,Amp5,5.03
X-1916,OR2L13,284521.0,Amp5,7.31
X-1916,OR2L3,391192.0,Amp8,10.93
X-1916,OR2M1P,388762.0,Amp8,10.93
X-1916,OR2T10,127069.0,Amp8,9.78
X-1916,OR2T11,127077.0,Amp5,7.01
X-1916,OR2T27,403239.0,Amp5,5.03
X-1916,OR2T35,403244.0,Amp5,5.03
X-1916,OR6K2,81448.0,Amp5,5.9
X-1916,OR6K3,391114.0,Amp5,5.9
X-1916,OR6K6,128371.0,Amp5,5.9
X-1916,OR6N1,128372.0,Amp5,5.9
X-1916,OR6N2,81442.0,Amp5,5.9
X-1916,OR6P1,128366.0,Amp5,5.9
X-1916,OR6Y1,391112.0,Amp5,5.9
X-1916,ORAI1,84876.0,MutNovel,"PP43-,0.833"
X-1916,OTUD1,220213.0,Amp5,5.06
X-1916,OTUD7B,56957.0,Amp5,7.01
X-1916,P2RX4,5025.0,MutNovel,"V300I,1.000"
X-1916,PABPC3,5042.0,MutNovel,"H413R,0.750"
X-1916,PABPC3,5042.0,MutNovel,"K444M,0.600"
X-1916,PACSIN1,29993.0,Amp5,5.13
X-1916,PAK1IP1,55003.0,Amp5,5.13
X-1916,PALM3,342979.0,MutNovel,"R475Q,1.000"
X-1916,PAPPA2,60676.0,Amp5,5.98
X-1916,PAQR6,79957.0,Amp5,6.82
X-1916,PAQR8,85315.0,Amp5,5.13
X-1916,PARD3,56288.0,Amp5,5.1
X-1916,PARG,8505.0,Amp5,5.5
X-1916,PARP10,84875.0,Amp5,7.16
X-1916,PBX1,5087.0,Amp5,5.9
X-1916,PBXIP1,57326.0,Amp5,6.82
X-1916,PCAT1,100750225.0,Amp5,7.26
X-1916,PCDH11Y,83259.0,Del0.8,0.25
X-1916,PCDH15,65217.0,Amp5,6.11
X-1916,PCDHB16,57717.0,MutNovel,"P192H,1.000"
X-1916,PCDHB2,56133.0,MutNovel,"S540F,1.000"
X-1916,PCP4L1,654790.0,Amp5,5.9
X-1916,PDC,5132.0,Amp5,5.98
X-1916,PDCD1LG2,80380.0,Amp5,6.36
X-1916,PDIA3P,171423.0,Amp5,6.92
X-1916,PDSS1,23590.0,Amp5,5.17
X-1916,PDZK1,5174.0,Amp5,6.92
X-1916,PDZK1P1,728939.0,Amp5,6.92
X-1916,PEA15,8682.0,Amp5,5.9
X-1916,PEAR1,375033.0,Amp5,6.82
X-1916,PEX11B,8799.0,Amp5,6.92
X-1916,PEX19,5824.0,Amp5,5.9
X-1916,PEX6,5190.0,Amp5,5.13
X-1916,PFDN2,5202.0,Amp5,5.9
X-1916,PFKFB3,5209.0,Amp5,5.13
X-1916,PFKP,5214.0,Amp5,5.1
X-1916,PGBD2,267002.0,Amp5,5.03
X-1916,PGBD3,267004.0,Amp5,5.5
X-1916,PGC,5225.0,Amp5,5.13
X-1916,PGK2,5232.0,Amp5,5.13
X-1916,PGLYRP3,114771.0,Amp5,6.82
X-1916,PGLYRP4,57115.0,Amp5,6.82
X-1916,PHACTR1,221692.0,Amp5,5.13
X-1916,PHF20L1,51105.0,Amp5,7.26
X-1916,PI16,221476.0,Amp5,5.13
X-1916,PI4KB,5298.0,Amp5,7.01
X-1916,PIAS3,10401.0,Amp5,6.92
X-1916,PIF1,80119.0,MutNovel,"A37V,1.000"
X-1916,PIGC,5279.0,Amp5,5.98
X-1916,PIGM,93183.0,Amp5,5.9
X-1916,PIK3CB,5291.0,MutNovel,"P502R,0.531"
X-1916,PIM1,5292.0,Amp5,5.13
X-1916,PIP4K2A,5305.0,Amp5,5.06
X-1916,PIP5K1A,8394.0,Amp5,7.01
X-1916,PIP5K1P1,206426.0,Amp5,5.13
X-1916,PITRM1,10531.0,Amp5,5.1
X-1916,PKHD1,5314.0,Amp5,5.13
X-1916,PKHD1L1,93035.0,Amp8,8.4
X-1916,PKLR,5313.0,Amp5,6.82
X-1916,PLA2G4A,5321.0,Amp5,5.98
X-1916,PLA2G7,7941.0,Amp5,5.13
X-1916,PLAC4,191585.0,MutNovel,"T119N,1.000"
X-1916,PLEC,5339.0,Amp5,7.16
X-1916,PLEKHA2,59339.0,Amp5,5.35
X-1916,PLEKHO1,51177.0,Amp5,7.01
X-1916,PLSCR1,5359.0,MutNovel,"M289I,1.000"
X-1916,PMF1,11243.0,Amp5,6.82
X-1916,PMF1-BGLAP,100527963.0,Amp5,6.82
X-1916,PMVK,10654.0,Amp5,6.82
X-1916,PNPLA1,285848.0,Amp5,5.13
X-1916,POGK,57645.0,Amp5,5.9
X-1916,POGZ,23126.0,Amp5,7.01
X-1916,POLH,5429.0,MutNovel,"M647T,0.664"
X-1916,POLH,5429.0,Amp5,5.13
X-1916,POLR1C,9533.0,Amp5,5.13
X-1916,POLR3C,10623.0,Amp5,6.92
X-1916,POLR3GL,84265.0,Amp5,6.92
X-1916,POMZP3,22932.0,MutNovel,"L153T,0.308"
X-1916,POU2F1,5451.0,Amp5,5.9
X-1916,POU5F1B,5462.0,Amp5,7.26
X-1916,POU5F1P4,645682.0,Amp5,6.82
X-1916,PPAPDC2,403313.0,Amp5,6.36
X-1916,PPARD,5467.0,Amp5,5.13
X-1916,PPIAL4D,645142.0,Amp5,6.92
X-1916,PPIAL4G,644591.0,MutNovel,"F112L,0.333"
X-1916,PPIAL4G,644591.0,MutNovel,"A101V,0.333"
X-1916,PPIL1,51645.0,Amp5,5.13
X-1916,PPOX,5498.0,Amp5,5.9
X-1916,PPP1R16A,84988.0,Amp5,7.16
X-1916,PPP1R3G,648791.0,Amp5,5.13
X-1916,PPP2R3B,28227.0,MutNovel,"R602P,1.000"
X-1916,PPP2R3B,28227.0,MutNovel,"L589S,1.000"
X-1916,PPP2R3B,28227.0,MutNovel,"R572H,1.000"
X-1916,PPP2R5D,5528.0,Amp5,5.13
X-1916,PPYR1,5540.0,Amp8,10.93
X-1916,PRCC,5546.0,Amp5,6.82
X-1916,PRDM16,63976.0,MutNovel,"V1118M,1.000"
X-1916,PRDX6,9588.0,Amp5,5.98
X-1916,PRG4,10216.0,Amp5,5.98
X-1916,PRICKLE4,29964.0,Amp5,5.13
X-1916,PRKAB2,5565.0,Amp5,6.92
X-1916,PRKG1,5592.0,Amp5,6.11
X-1916,PRKY,5616.0,Del0.8,0.25
X-1916,PRL,5617.0,Amp5,5.28
X-1916,PRPF3,9129.0,Amp5,7.01
X-1916,PRPF4B,8899.0,Amp5,5.13
X-1916,PRPH2,5961.0,Amp5,5.13
X-1916,PRR9,574414.0,Amp5,6.82
X-1916,PRRC2C,23215.0,Amp5,5.98
X-1916,PRRX1,5396.0,Amp5,5.98
X-1916,PRSS3,5646.0,MutNovel,"V82I,0.583"
X-1916,PRTFDC1,56952.0,Amp5,5.06
X-1916,PRUNE,58497.0,Amp5,7.01
X-1916,PRY,9081.0,Del0.8,0.25
X-1916,PRY,9081.0,Del0.8,0.25
X-1916,PRY2,442862.0,Del0.8,0.25
X-1916,PRY2,442862.0,Del0.8,0.25
X-1916,PSCA,8000.0,Amp5,7.26
X-1916,PSIP1,11168.0,Amp5,6.45
X-1916,PSMB4,5692.0,Amp5,7.01
X-1916,PSMB6,5694.0,MutNovel,"S115T,0.999"
X-1916,PSMD4,5710.0,Amp5,7.01
X-1916,PSMG4,389362.0,Amp5,5.13
X-1916,PTCHD3,374308.0,Amp5,5.17
X-1916,PTCRA,171558.0,Amp5,5.13
X-1916,PTF1A,256297.0,Amp5,5.06
X-1916,PTGS2,5743.0,Amp5,5.98
X-1916,PTK2,5747.0,Amp5,7.26
X-1916,PTK7,5754.0,Amp5,5.13
X-1916,PTP4A3,11156.0,Amp5,7.26
X-1916,PTPLA,9200.0,Amp5,5.21
X-1916,PTPRD,5789.0,Amp5,5.82
X-1916,PUF60,22827.0,Amp5,7.16
X-1916,PVRL4,81607.0,Amp5,5.9
X-1916,PVT1,5820.0,Amp5,7.26
X-1916,PXDC1,221749.0,Amp5,5.13
X-1916,PXT1,222659.0,Amp5,5.13
X-1916,PYCRL,65263.0,Amp5,7.16
X-1916,PYGO2,90780.0,Amp5,6.82
X-1916,PYHIN1,149628.0,Amp5,5.9
X-1916,QSOX1,5768.0,Amp5,5.98
X-1916,RAB13,5872.0,Amp5,6.82
X-1916,RAB18,22931.0,Amp5,5.17
X-1916,RAB23,51715.0,Amp5,5.28
X-1916,RAB25,57111.0,Amp5,6.82
X-1916,RABGAP1L,9910.0,Amp5,5.98
X-1916,RAD21,5885.0,Amp8,8.82
X-1916,RAD21-AS1,644660.0,Amp8,8.82
X-1916,RALGPS2,55103.0,Amp5,5.98
X-1916,RANBP6,26953.0,Amp5,6.36
X-1916,RANBP9,10048.0,Amp5,5.13
X-1916,RASAL2,9462.0,Amp5,5.98
X-1916,RASGEF1A,221002.0,Amp5,5.46
X-1916,RASSF4,83937.0,Amp5,5.98
X-1916,RBCK1,10616.0,MutNovel,"V296M,0.494"
X-1916,RBM17,84991.0,Amp5,5.13
X-1916,RBM24,221662.0,Amp5,5.13
X-1916,RBM8A,9939.0,Amp5,6.92
X-1916,RBMY1A3P,286557.0,Del0.8,0.25
X-1916,RBMY1B,378948.0,Del0.8,0.25
X-1916,RBMY1B,378948.0,Del0.8,0.25
X-1916,RBMY1E,378950.0,Del0.8,0.25
X-1916,RBMY1E,378950.0,Del0.8,0.25
X-1916,RBMY1F,159163.0,Del0.8,0.25
X-1916,RBMY1F,159163.0,Del0.8,0.25
X-1916,RBMY1J,378951.0,Del0.8,0.25
X-1916,RBMY1J,378951.0,Del0.8,0.25
X-1916,RBMY2EP,159125.0,Del0.8,0.25
X-1916,RBMY2FP,159162.0,Del0.8,0.25
X-1916,RBMY3AP,64593.0,Del0.8,0.25
X-1916,RBP3,5949.0,Amp5,6.15
X-1916,RC3H1,149041.0,Amp5,5.98
X-1916,RCAN2,10231.0,Amp5,5.13
X-1916,RCL1,10171.0,Amp5,6.36
X-1916,RCSD1,92241.0,Amp5,5.9
X-1916,RECQL4,9401.0,Amp5,7.16
X-1916,RFWD2,64326.0,Amp5,5.98
X-1916,RFX3,5991.0,Amp5,5.06
X-1916,RFX5,5993.0,Amp5,7.01
X-1916,RGL1,23179.0,Amp5,5.98
X-1916,RGS16,6004.0,Amp5,5.98
X-1916,RGS4,5999.0,Amp5,5.9
X-1916,RGS5,8490.0,Amp5,5.9
X-1916,RGS8,85397.0,Amp5,5.98
X-1916,RGSL1,353299.0,Amp5,5.98
X-1916,RHAG,6005.0,Amp5,5.13
X-1916,RHBG,57127.0,Amp5,6.82
X-1916,RHPN1,114822.0,Amp5,7.16
X-1916,RIIAD1,284485.0,Amp5,7.01
X-1916,RIMS1,22999.0,Amp5,5.06
X-1916,RIOK1,83732.0,Amp5,5.13
X-1916,RIPK1,8737.0,Amp5,5.13
X-1916,RIT1,6016.0,Amp5,6.82
X-1916,RLN1,6013.0,Amp5,6.36
X-1916,RLN2,6019.0,Amp5,6.36
X-1916,RNASEL,6041.0,Amp5,5.98
X-1916,RNF115,27246.0,Amp5,6.92
X-1916,RNF139,11236.0,Amp5,7.26
X-1916,RNF144B,255488.0,Amp5,5.5
X-1916,RNF182,221687.0,Amp5,5.13
X-1916,RNF2,6045.0,Amp5,5.98
X-1916,RNF223,401934.0,MutNovel,"R180C,1.000"
X-1916,RNF8,9025.0,Amp5,5.13
X-1916,RORC,6097.0,Amp5,7.01
X-1916,RPL10A,4736.0,Amp5,5.13
X-1916,RPL31P11,641311.0,Amp5,5.9
X-1916,RPL7L1,285855.0,Amp5,5.13
X-1916,RPL8,6132.0,Amp5,7.16
X-1916,RPP40,10799.0,Amp5,5.13
X-1916,RPRD2,23248.0,Amp5,7.01
X-1916,RPS10,6204.0,Amp5,5.13
X-1916,RPS10-NUDT3,100529239.0,Amp5,5.13
X-1916,RPS17,6218.0,MutKnownFunctional,"-30,0.286"
X-1916,RPS27,6232.0,Amp5,6.82
X-1916,RPS4Y1,6192.0,Del0.8,0.25
X-1916,RPS4Y2,140032.0,Del0.8,0.25
X-1916,RPTN,126638.0,Amp5,7.01
X-1916,RPUSD3,285367.0,MutNovel,"R163K,0.998"
X-1916,RREB1,6239.0,Amp5,5.13
X-1916,RRNAD1,51093.0,Amp5,6.82
X-1916,RRP36,88745.0,Amp5,5.13
X-1916,RSPH9,221421.0,Amp5,5.13
X-1916,RSU1,6251.0,Del0.8,0.44
X-1916,RTBDN,83546.0,MutNovel,"C60S,1.000"
X-1916,RUNX2,860.0,Amp5,5.13
X-1916,RUSC1,23623.0,Amp5,6.82
X-1916,RUSC1-AS1,284618.0,Amp5,6.82
X-1916,RXFP4,339403.0,Amp5,6.82
X-1916,RXRG,6258.0,Amp5,5.9
X-1916,S100A1,6271.0,Amp5,6.82
X-1916,S100A10,6281.0,Amp5,7.01
X-1916,S100A11,6282.0,Amp5,7.01
X-1916,S100A12,6283.0,Amp5,6.82
X-1916,S100A13,6284.0,Amp5,6.82
X-1916,S100A14,57402.0,Amp5,6.82
X-1916,S100A16,140576.0,Amp5,6.82
X-1916,S100A2,6273.0,Amp5,6.82
X-1916,S100A3,6274.0,Amp5,6.82
X-1916,S100A4,6275.0,Amp5,6.82
X-1916,S100A5,6276.0,Amp5,6.82
X-1916,S100A6,6277.0,Amp5,6.82
X-1916,S100A7,6278.0,Amp5,6.82
X-1916,S100A7A,338324.0,Amp5,6.82
X-1916,S100A7L2,645922.0,Amp5,6.82
X-1916,S100A8,6279.0,Amp5,6.82
X-1916,S100A9,6280.0,Amp5,6.82
X-1916,SAMD12,401474.0,Amp8,8.82
X-1916,SAMD12-AS1,552860.0,Amp8,8.82
X-1916,SAYSD1,55776.0,Amp5,5.13
X-1916,SCAMP3,10067.0,Amp5,6.82
X-1916,SCARNA27,100124533.0,Amp5,5.13
X-1916,SCARNA3,677679.0,Amp5,5.98
X-1916,SCARNA4,677771.0,Amp5,6.82
X-1916,SCGN,10590.0,Amp5,5.28
X-1916,SCNM1,79005.0,Amp5,7.01
X-1916,SCRIB,23513.0,Amp5,7.16
X-1916,SCRT1,83482.0,Amp5,7.16
X-1916,SCUBE3,222663.0,Amp5,5.13
X-1916,SCXA,100129885.0,Amp5,7.16
X-1916,SCYL3,57147.0,Amp5,5.9
X-1916,SDHC,6391.0,Amp5,5.9
X-1916,SEC16B,89866.0,Amp5,5.98
X-1916,SELE,6401.0,Amp5,5.9
X-1916,SELENBP1,8991.0,Amp5,7.01
X-1916,SELL,6402.0,Amp5,5.9
X-1916,SELP,6403.0,Amp5,5.9
X-1916,SEMA4A,64218.0,Amp5,6.82
X-1916,SEMA6C,10500.0,Amp5,7.01
X-1916,SEPT7L,285961.0,Amp5,5.28
X-1916,SERF2,10169.0,MutNovel,"V42I,1.000"
X-1916,SERINC2,347735.0,MutNovel,"-373Q,0.552"
X-1916,SERPINB1,1992.0,Amp5,5.13
X-1916,SERPINB6,5269.0,Amp5,5.13
X-1916,SERPINB9,5272.0,Amp5,5.13
X-1916,SERPINC1,462.0,Amp5,5.98
X-1916,SETDB1,9869.0,Amp5,7.01
X-1916,SF3B4,10262.0,Amp5,7.01
X-1916,SFT2D2,375035.0,Amp5,5.9
X-1916,SGMS1,259230.0,Amp5,6.11
X-1916,SH2D1B,117157.0,Amp5,5.9
X-1916,SH2D2A,9047.0,Amp5,6.82
X-1916,SH3BP5L,80851.0,Amp5,5.03
X-1916,SHARPIN,81858.0,Amp5,7.16
X-1916,SHC1,6464.0,Amp5,6.82
X-1916,SHCBP1L,81626.0,Amp5,5.98
X-1916,SHE,126669.0,Amp5,6.82
X-1916,SIRT5,23408.0,Amp5,5.13
X-1916,SKA2,348235.0,MutNovel,"G6E,0.676"
X-1916,SLA,6503.0,Amp5,7.26
X-1916,SLAMF1,6504.0,Amp5,5.9
X-1916,SLAMF6,114836.0,Amp5,5.9
X-1916,SLAMF7,57823.0,Amp5,5.9
X-1916,SLAMF8,56833.0,Amp5,5.9
X-1916,SLAMF9,89886.0,Amp5,5.9
X-1916,SLC17A1,6568.0,Amp5,5.28
X-1916,SLC17A2,10246.0,Amp5,5.28
X-1916,SLC17A3,10786.0,Amp5,5.28
X-1916,SLC17A4,10050.0,Amp5,5.28
X-1916,SLC17A5,26503.0,Amp8,8.4
X-1916,SLC18A3,6572.0,Amp5,5.5
X-1916,SLC19A2,10560.0,Amp5,5.9
X-1916,SLC1A1,6505.0,Amp5,6.36
X-1916,SLC22A23,63027.0,Amp5,5.13
X-1916,SLC22A7,10864.0,Amp5,5.13
X-1916,SLC25A27,9481.0,Amp5,5.13
X-1916,SLC25A44,9673.0,Amp5,6.82
X-1916,SLC26A8,116369.0,Amp5,5.13
X-1916,SLC27A3,11000.0,Amp5,6.82
X-1916,SLC29A1,2030.0,Amp5,5.13
X-1916,SLC30A8,169026.0,Amp8,8.82
X-1916,SLC35B2,347734.0,Amp5,5.13
X-1916,SLC35B3,51000.0,Amp5,5.13
X-1916,SLC39A1,27173.0,Amp5,6.82
X-1916,SLC39A4,55630.0,Amp5,7.16
X-1916,SLC45A4,57210.0,Amp5,7.26
X-1916,SLC50A1,55974.0,Amp5,6.82
X-1916,SLURP1,57152.0,Amp5,7.26
X-1916,SMAP1,60682.0,Amp5,5.06
X-1916,SMARCA2,6595.0,Amp5,5.06
X-1916,SMARCAD1,56916.0,MutNovel,"K468R,0.610"
X-1916,SMCP,4184.0,Amp5,6.82
X-1916,SMG5,23381.0,Amp5,6.82
X-1916,SMG7,9887.0,Amp5,5.98
X-1916,SNAPC3,6619.0,Amp5,6.45
X-1916,SNAPIN,23557.0,Amp5,6.82
X-1916,SNORA42,677823.0,Amp5,6.82
X-1916,SNORD44,26806.0,Amp5,5.98
X-1916,SNORD47,26802.0,Amp5,5.98
X-1916,SNORD74,619498.0,Amp5,5.98
X-1916,SNORD75,692195.0,Amp5,5.98
X-1916,SNORD76,692196.0,Amp5,5.98
X-1916,SNORD77,692197.0,Amp5,5.98
X-1916,SNORD78,692198.0,Amp5,5.98
X-1916,SNORD79,26770.0,Amp5,5.98
X-1916,SNORD80,26774.0,Amp5,5.98
X-1916,SNORD81,26769.0,Amp5,5.98
X-1916,SNRNP48,154007.0,Amp5,5.13
X-1916,SNRPC,6631.0,Amp5,5.13
X-1916,SNTB1,6641.0,Amp5,7.52
X-1916,SNX27,81609.0,Amp5,7.01
X-1916,SOAT1,6646.0,Amp5,5.98
X-1916,SOX4,6659.0,Amp5,5.28
X-1916,SPAG6,9576.0,Amp5,5.06
X-1916,SPATC1,375686.0,Amp5,7.16
X-1916,SPATS1,221409.0,Amp5,5.13
X-1916,SPCS1,28972.0,MutKnownFunctional,"W114*,1.000"
X-1916,SPDEF,25803.0,Amp5,5.13
X-1916,SPRR1A,6698.0,Amp5,6.82
X-1916,SPRR1B,6699.0,Amp5,6.82
X-1916,SPRR2A,6700.0,Amp5,6.82
X-1916,SPRR2B,6701.0,Amp5,6.82
X-1916,SPRR2C,6702.0,Amp5,6.82
X-1916,SPRR2D,6703.0,Amp5,6.82
X-1916,SPRR2E,6704.0,Amp5,6.82
X-1916,SPRR2F,6705.0,Amp5,6.82
X-1916,SPRR2G,6706.0,Amp5,6.82
X-1916,SPRR3,6707.0,Amp5,6.82
X-1916,SPRR4,163778.0,Amp5,6.82
X-1916,SPTA1,6708.0,Amp5,5.9
X-1916,SQLE,6713.0,Amp5,7.26
X-1916,SRF,6722.0,Amp5,5.13
X-1916,SRPK1,6732.0,Amp5,5.13
X-1916,SRRM2,23524.0,MutNovel,"S2607C,0.205"
X-1916,SRSF3,6428.0,Amp5,5.13
X-1916,SRY,6736.0,Del0.8,0.25
X-1916,SSR1,6745.0,Amp5,5.13
X-1916,SSR2,6746.0,Amp5,6.82
X-1916,ST3GAL1,6482.0,Amp5,7.26
X-1916,ST8SIA6,338596.0,Amp5,5.21
X-1916,STAM,8027.0,Amp5,5.21
X-1916,STK38,11329.0,Amp5,5.13
X-1916,STX6,10228.0,Amp5,5.98
X-1916,SUMO1P3,474338.0,Amp5,5.9
X-1916,SUPT3H,8464.0,Amp5,5.13
X-1916,SV2A,9900.0,Amp5,7.01
X-1916,SWT1,54823.0,Amp5,5.98
X-1916,SYBU,55638.0,Amp8,8.4
X-1916,SYCP2L,221711.0,Amp5,5.13
X-1916,SYT11,23208.0,Amp5,6.82
X-1916,SYT15,83849.0,Amp5,7.73
X-1916,TADA1,117143.0,Amp5,5.9
X-1916,TAF11,6882.0,Amp5,5.13
X-1916,TAF2,6873.0,Amp5,7.52
X-1916,TAF8,129685.0,Amp5,5.13
X-1916,TAGLN2,8407.0,Amp5,5.9
X-1916,TARS2,80222.0,Amp5,7.01
X-1916,TATDN1,83940.0,Amp5,7.26
X-1916,TBC1D22B,55633.0,Amp5,5.13
X-1916,TBC1D7,51256.0,Amp5,5.13
X-1916,TBCC,6903.0,Amp5,5.13
X-1916,TBL1Y,90665.0,Del0.8,0.25
X-1916,TBX19,9095.0,Amp5,5.9
X-1916,TCHH,7062.0,Amp5,7.01
X-1916,TCHHL1,126637.0,Amp5,7.01
X-1916,TCP11,6954.0,Amp5,5.13
X-1916,TCTE1,202500.0,Amp5,5.13
X-1916,TDP2,51567.0,Amp5,5.28
X-1916,TDRD10,126668.0,Amp5,6.82
X-1916,TDRD5,163589.0,Amp5,5.98
X-1916,TDRD6,221400.0,Amp5,5.13
X-1916,TDRG1,732253.0,Amp5,5.13
X-1916,TDRKH,11022.0,Amp5,7.01
X-1916,TEAD3,7005.0,Amp5,5.13
X-1916,TEDDM1,127670.0,Amp5,5.98
X-1916,TFAP2A,7020.0,Amp5,5.13
X-1916,TFAP2B,7021.0,Amp5,5.13
X-1916,TFAP2D,83741.0,Amp5,5.13
X-1916,TFEB,7942.0,Amp5,5.13
X-1916,TG,7038.0,Amp5,7.26
X-1916,TGIF2LY,90655.0,Del0.8,0.25
X-1916,THBS3,7059.0,Amp5,6.82
X-1916,THEM4,117145.0,Amp5,7.01
X-1916,THEM5,284486.0,Amp5,7.01
X-1916,THEM6,,MutNovel,"R136C,0.751"
X-1916,THNSL1,79896.0,Amp5,5.06
X-1916,TIAL1,7073.0,MutNovel,"D351H,0.501"
X-1916,TIGD5,84948.0,Amp5,7.16
X-1916,TIMM23,100287932.0,Amp5,5.5
X-1916,TINAG,27283.0,Amp5,5.13
X-1916,TIPRL,261726.0,Amp5,5.9
X-1916,TJAP1,93643.0,Amp5,5.13
X-1916,TJP1,7082.0,MutNovel,"R838K,0.516"
X-1916,TM2D2,83877.0,Amp5,5.35
X-1916,TMCO1,54499.0,Amp5,5.9
X-1916,TMED10P1,286102.0,Amp5,7.16
X-1916,TMEM14A,28978.0,Amp5,5.13
X-1916,TMEM14B,81853.0,Amp5,5.13
X-1916,TMEM14C,51522.0,Amp5,5.13
X-1916,TMEM151B,441151.0,Amp5,5.13
X-1916,TMEM170B,100113407.0,Amp5,5.13
X-1916,TMEM217,221468.0,Amp5,5.13
X-1916,TMEM236,653567.0,Amp5,5.21
X-1916,TMEM63B,55362.0,Amp5,5.13
X-1916,TMEM65,157378.0,Amp5,7.26
X-1916,TMEM71,137835.0,Amp5,7.26
X-1916,TMEM72,643236.0,Amp5,5.98
X-1916,TMEM72-AS1,220980.0,Amp5,5.98
X-1916,TMEM79,84283.0,Amp5,6.82
X-1916,TMOD4,29765.0,Amp5,7.01
X-1916,TMSB4Y,9087.0,Del0.8,0.25
X-1916,TNFAIP8L2,79626.0,Amp5,7.01
X-1916,TNFAIP8L2-SCNM1,100534012.0,Amp5,7.01
X-1916,TNFRSF11B,4982.0,Amp5,6.15
X-1916,TNFRSF21,27242.0,Amp5,5.13
X-1916,TNFSF18,8995.0,Amp5,5.98
X-1916,TNFSF4,7292.0,Amp5,5.98
X-1916,TNN,63923.0,Amp5,5.98
X-1916,TNR,7143.0,Amp5,5.98
X-1916,TOMM40L,84134.0,Amp5,5.9
X-1916,TOMM6,100188893.0,Amp5,5.13
X-1916,TONSL,4796.0,Amp5,7.16
X-1916,TOP1MT,116447.0,Amp5,7.16
X-1916,TOP1P1,7151.0,Amp5,5.98
X-1916,TOR1AIP1,26092.0,Amp5,5.98
X-1916,TOR1AIP2,163590.0,Amp5,5.98
X-1916,TOR3A,64222.0,Amp5,5.98
X-1916,TP53,7157.0,MutKnownFunctional,"R213*,1.000"
X-1916,TPD52L3,89882.0,Amp5,6.36
X-1916,TPM3,7170.0,Amp5,6.82
X-1916,TPMT,7172.0,Amp5,5.13
X-1916,TPR,7175.0,Amp5,5.98
X-1916,TRAM2,9697.0,Amp5,5.13
X-1916,TRAPPC9,83696.0,Amp5,7.26
X-1916,TRDMT1,1787.0,Amp5,5.21
X-1916,TREM1,54210.0,Amp5,5.13
X-1916,TREM2,54209.0,Amp5,5.13
X-1916,TREML1,340205.0,Amp5,5.13
X-1916,TREML2,79865.0,Amp5,5.13
X-1916,TREML4,285852.0,Amp5,5.13
X-1916,TRERF1,55809.0,Amp5,5.13
X-1916,TRIB1,10221.0,Amp5,7.26
X-1916,TRIM38,10475.0,Amp5,5.28
X-1916,TRIM46,80128.0,Amp5,6.82
X-1916,TRMT12,55039.0,Amp5,7.26
X-1916,TRMT1L,81627.0,Amp5,5.98
X-1916,TRPS1,7227.0,Amp8,8.82
X-1916,TSEN15,116461.0,Amp5,5.98
X-1916,TSNARE1,203062.0,Amp5,7.26
X-1916,TSPO2,222642.0,Amp5,5.13
X-1916,TSPY1,7258.0,Del0.8,0.25
X-1916,TSPY2,64591.0,Del0.8,0.25
X-1916,TSPY3,728137.0,Del0.8,0.25
X-1916,TSPY4,728395.0,Del0.8,0.25
X-1916,TSPY8,728403.0,Del0.8,0.25
X-1916,TSPYL1,7259.0,MutNovel,"V176VW,0.875"
X-1916,TSTA3,7264.0,Amp5,7.16
X-1916,TSTD1,100131187.0,Amp5,5.9
X-1916,TTBK1,84630.0,Amp5,5.13
X-1916,TTC24,164118.0,Amp5,6.82
X-1916,TTC39B,158219.0,Amp5,6.45
X-1916,TTTY10,246119.0,Del0.8,0.25
X-1916,TTTY11,83866.0,Del0.8,0.25
X-1916,TTTY12,83867.0,Del0.8,0.25
X-1916,TTTY13,83868.0,Del0.8,0.25
X-1916,TTTY14,83869.0,Del0.8,0.25
X-1916,TTTY15,64595.0,Del0.8,0.25
X-1916,TTTY16,252948.0,Del0.8,0.25
X-1916,TTTY17A,252949.0,Del0.8,0.25
X-1916,TTTY17A,252949.0,Del0.8,0.25
X-1916,TTTY18,252950.0,Del0.8,0.25
X-1916,TTTY19,252952.0,Del0.8,0.25
X-1916,TTTY1B,100101116.0,Del0.8,0.25
X-1916,TTTY1B,100101116.0,Del0.8,0.25
X-1916,TTTY2,60439.0,Del0.8,0.25
X-1916,TTTY2,60439.0,Del0.8,0.25
X-1916,TTTY20,252951.0,Del0.8,0.25
X-1916,TTTY21,252953.0,Del0.8,0.25
X-1916,TTTY21,252953.0,Del0.8,0.25
X-1916,TTTY22,252954.0,Del0.8,0.25
X-1916,TTTY23,252955.0,Del0.8,0.25
X-1916,TTTY23,252955.0,Del0.8,0.25
X-1916,TTTY3,114760.0,Del0.8,0.25
X-1916,TTTY3,114760.0,Del0.8,0.25
X-1916,TTTY4,114761.0,Del0.8,0.25
X-1916,TTTY4,114761.0,Del0.8,0.25
X-1916,TTTY5,83863.0,Del0.8,0.25
X-1916,TTTY6,84672.0,Del0.8,0.25
X-1916,TTTY6,84672.0,Del0.8,0.25
X-1916,TTTY7,246122.0,Del0.8,0.25
X-1916,TTTY7,246122.0,Del0.8,0.25
X-1916,TTTY7B,100101120.0,Del0.8,0.25
X-1916,TTTY7B,100101120.0,Del0.8,0.25
X-1916,TTTY8,84673.0,Del0.8,0.25
X-1916,TTTY8,84673.0,Del0.8,0.25
X-1916,TTTY9A,83864.0,Del0.8,0.25
X-1916,TTTY9A,83864.0,Del0.8,0.25
X-1916,TUBAL3,79861.0,Amp5,5.13
X-1916,TUBB2A,7280.0,Amp5,5.13
X-1916,TUBB2B,347733.0,Amp5,5.13
X-1916,TUBB8,347688.0,Amp5,5.35
X-1916,TUFT1,7286.0,Amp5,7.01
X-1916,TULP1,7287.0,Amp5,5.13
X-1916,TXLNG2P,246126.0,Del0.8,0.25
X-1916,TXNDC5,81567.0,Amp5,5.13
X-1916,TXNIP,10628.0,Amp5,6.92
X-1916,TYRP1,7306.0,Amp5,6.45
X-1916,UAP1,6675.0,Amp5,5.9
X-1916,UBAP2L,9898.0,Amp5,6.82
X-1916,UBE2J2,118424.0,MutNovel,"W50C,1.000"
X-1916,UBE2Q1,55585.0,Amp5,6.82
X-1916,UBQLN4,56893.0,Amp5,6.82
X-1916,UBR2,23304.0,Amp5,5.13
X-1916,UCK2,7371.0,Amp5,5.9
X-1916,UCN3,114131.0,Amp5,5.13
X-1916,UFC1,51506.0,Amp5,5.9
X-1916,UGGT1,56886.0,MutNovel,"G274D,0.450"
X-1916,UHMK1,127933.0,Amp5,5.9
X-1916,UHRF1BP1,54887.0,Amp5,5.13
X-1916,UHRF2,115426.0,Amp5,6.36
X-1916,UNC5CL,222643.0,Amp5,5.13
X-1916,UPK3BL,,MutNovel,"R184H,0.269"
X-1916,USF1,7391.0,Amp5,5.9
X-1916,USP21,27005.0,Amp5,5.9
X-1916,USP49,25862.0,Amp5,5.13
X-1916,USP9Y,8287.0,Del0.8,0.25
X-1916,UTP23,84294.0,Amp8,8.82
X-1916,UTY,7404.0,Del0.8,0.25
X-1916,VAMP4,8674.0,Amp5,5.98
X-1916,VANGL2,57216.0,Amp5,5.9
X-1916,VCY,9084.0,Del0.8,0.25
X-1916,VCY,9084.0,Del0.8,0.25
X-1916,VEGFA,7422.0,Amp5,5.13
X-1916,VHLL,391104.0,Amp5,6.82
X-1916,VIM,7431.0,Amp5,5.21
X-1916,VLDLR,7436.0,Amp5,5.06
X-1916,VPS13B,157680.0,MutNovel,"S2815Y,0.789"
X-1916,VPS28,51160.0,Amp5,7.16
X-1916,VPS45,11311.0,Amp5,7.01
X-1916,VPS72,6944.0,Amp5,7.01
X-1916,VSIG8,391123.0,Amp5,5.9
X-1916,VSTM4,196740.0,Amp5,5.5
X-1916,VWA1,64856.0,MutNovel,"A326P,1.000"
X-1916,VWCE,220001.0,MutNovel,"V683M,1.000"
X-1916,WAC,51322.0,Amp5,5.17
X-1916,WDFY4,57705.0,Amp5,5.5
X-1916,WDR67,93594.0,Amp5,7.26
X-1916,WDR92,116143.0,MutNovel,"N155D,1.000"
X-1916,WDYHV1,55093.0,Amp5,7.26
X-1916,WISP1,8840.0,Amp5,7.26
X-1916,WRNIP1,56897.0,Amp5,5.13
X-1916,XCL1,6375.0,Amp5,5.9
X-1916,XCL2,6846.0,Amp5,5.9
X-1916,XKRY2,353515.0,Del0.8,0.25
X-1916,XKRY2,353515.0,Del0.8,0.25
X-1916,XPO5,57510.0,Amp5,5.13
X-1916,XPR1,9213.0,Amp5,5.98
X-1916,YIPF3,25844.0,Amp5,5.13
X-1916,YME1L1,10730.0,Amp5,5.17
X-1916,YY1AP1,55249.0,Amp5,6.82
X-1916,ZBTB37,84614.0,Amp5,5.98
X-1916,ZBTB7B,51043.0,Amp5,6.82
X-1916,ZC3H3,23144.0,Amp5,7.16
X-1916,ZCCHC8,55596.0,MutNovel,"E676Q,0.484"
X-1916,ZDHHC21,340481.0,Amp5,6.45
X-1916,ZEB1,6935.0,Amp5,5.1
X-1916,ZEB1-AS1,220930.0,Amp5,5.1
X-1916,ZFAND3,60685.0,Amp5,5.13
X-1916,ZFAND4,93550.0,Amp5,5.98
X-1916,ZFAT,57623.0,Amp5,7.26
X-1916,ZFAT-AS1,594840.0,Amp5,7.26
X-1916,ZFP41,286128.0,Amp5,7.16
X-1916,ZFY,7544.0,Del0.8,0.25
X-1916,ZHX1,11244.0,Amp5,7.26
X-1916,ZHX1-C8ORF76,100533106.0,Amp5,7.26
X-1916,ZHX2,22882.0,Amp5,7.26
X-1916,ZMYM4,9202.0,MutNovel,"G755R,1.000"
X-1916,ZMYND11,10771.0,Amp5,5.35
X-1916,ZNF16,7564.0,Amp5,7.16
X-1916,ZNF22,7570.0,Amp5,5.98
X-1916,ZNF239,8187.0,Amp5,5.98
X-1916,ZNF248,57209.0,Amp5,5.28
X-1916,ZNF25,219749.0,Amp5,5.28
X-1916,ZNF250,58500.0,Amp5,7.16
X-1916,ZNF251,90987.0,Amp5,7.16
X-1916,ZNF28,7576.0,MutNovel,"E639G,0.288"
X-1916,ZNF318,24149.0,Amp5,5.13
X-1916,ZNF32,7580.0,Amp5,5.98
X-1916,ZNF32-AS3,414201.0,Amp5,5.98
X-1916,ZNF322,79692.0,Amp5,5.28
X-1916,ZNF33A,7581.0,Amp5,5.28
X-1916,ZNF33B,7582.0,Amp5,5.28
X-1916,ZNF34,80778.0,Amp5,7.16
X-1916,ZNF37A,7587.0,Amp5,5.28
X-1916,ZNF37BP,100129482.0,Amp5,5.28
X-1916,ZNF398,57541.0,MutNovel,"L17P,0.383"
X-1916,ZNF398,57541.0,MutNovel,"L17P,0.383"
X-1916,ZNF438,220929.0,Amp5,5.1
X-1916,ZNF451,26036.0,Amp5,5.28
X-1916,ZNF485,220992.0,Amp5,5.98
X-1916,ZNF488,118738.0,Amp5,6.15
X-1916,ZNF517,340385.0,Amp5,7.16
X-1916,ZNF568,374900.0,MutNovel,"E371K,1.000"
X-1916,ZNF572,137209.0,Amp5,7.26
X-1916,ZNF623,9831.0,Amp5,7.16
X-1916,ZNF648,127665.0,Amp5,5.98
X-1916,ZNF672,79894.0,Amp5,5.03
X-1916,ZNF687,57592.0,Amp5,7.01
X-1916,ZNF692,55657.0,Amp5,5.03
X-1916,ZNF696,79943.0,Amp5,7.16
X-1916,ZNF7,7553.0,Amp5,7.16
X-1916,ZNF707,286075.0,Amp5,7.16
X-1916,ZNF76,7629.0,Amp5,5.13
X-1916,ZNF860,344787.0,MutNovel,"K220N,1.000"
X-1916,ZNF92,168374.0,MutNovel,"K470E,1.000"
X-1916,ZP3,7784.0,MutNovel,"S315P,0.961"
X-1916,ZWINT,11130.0,Amp5,6.06
X-1921,ABCD3,5825.0,MutNovel,"V485I,0.289"
X-1921,ABRA,137735.0,Amp5,5.74
X-1921,ACAN,176.0,MutNovel,"E1409D,0.714"
X-1921,ACSS3,79611.0,Del0.8,0.66
X-1921,ADAM6,8755.0,Amp5,5.74
X-1921,ADAMTS17,170691.0,Amp5,6.32
X-1921,ADCK5,203054.0,Amp5,6.41
X-1921,ADCY8,114.0,Amp5,6.41
X-1921,ADRB3,155.0,Amp5,5.5
X-1921,AK3,50808.0,Amp5,5.06
X-1921,ALDH1A3,220.0,Amp5,5.54
X-1921,ALDH1L1,10840.0,MutNovel,"A880T,0.667"
X-1921,AMELY,266.0,Del0.8,0.38
X-1921,ANGPT1,284.0,Amp5,5.74
X-1921,ANKRD46,157567.0,Amp5,5.74
X-1921,ANKS1A,23294.0,MutNovel,"H476Y,0.630"
X-1921,ANXA13,312.0,Amp5,5.66
X-1921,APC,324.0,MutNovel,"R88Q,0.500"
X-1921,ARC,23237.0,Amp5,6.41
X-1921,ARHGAP39,80728.0,Amp5,6.41
X-1921,ARHGEF17,9828.0,MutNovel,"L1623F,0.328"
X-1921,ARMC1,55156.0,Amp5,5.66
X-1921,ARPC1A,10552.0,MutNovel,"K138E,0.462"
X-1921,ASAP1,50807.0,Amp5,6.41
X-1921,ASAP1-IT1,29065.0,Amp5,6.41
X-1921,ASAP2,8853.0,MutNovel,"N543Y,0.974"
X-1921,ASB7,140460.0,Amp8,8.11
X-1921,ASH2L,9070.0,Amp5,5.5
X-1921,ASTN2,23245.0,MutNovel,"L1130R,0.964"
X-1921,ATAD2,29028.0,Amp5,5.66
X-1921,ATAD3A,55210.0,MutNovel,"I7V,0.225"
X-1921,ATF4,468.0,MutNovel,"E3K,0.492"
X-1921,ATP2A1,487.0,MutNovel,"C670S,1.000"
X-1921,ATP6V0D2,245972.0,Amp5,6.59
X-1921,ATP6V1C1,528.0,Amp5,5.74
X-1921,ATP6V1E1,529.0,MutNovel,"K191N,0.441"
X-1921,AVEN,57099.0,MutNovel,"GGGGG41G,1.000"
X-1921,AZIN1,51582.0,Amp5,5.74
X-1921,BAALC,79870.0,Amp5,5.74
X-1921,BAG4,9530.0,Amp5,5.5
X-1921,BAI1,575.0,Amp5,6.41
X-1921,BCAS3,54828.0,MutNovel,"R807C,0.963"
X-1921,BCORP1,286554.0,Del0.8,0.38
X-1921,BHLHE22,27319.0,Amp5,5.66
X-1921,BIRC2,329.0,MutNovel,"R164K,0.968"
X-1921,BOD1L1,,MutNovel,"T1874A,0.452"
X-1921,BOP1,23246.0,Amp5,6.41
X-1921,BPY2B,442867.0,Del0.8,0.38
X-1921,BPY2B,442867.0,Del0.8,0.38
X-1921,BRD1,23774.0,MutNovel,"S914R,0.632"
X-1921,BREA2,286076.0,Amp5,6.41
X-1921,BRF2,55290.0,Amp5,5.5
X-1921,C8orf31,286122.0,Amp5,6.41
X-1921,C8orf33,65265.0,Amp5,6.41
X-1921,C8orf37,157657.0,Amp5,5.74
X-1921,C8orf47,203111.0,Amp5,5.74
X-1921,C8orf56,157556.0,Amp5,5.74
X-1921,C8orf73,642475.0,Amp5,6.41
X-1921,C8orf76,84933.0,Amp5,5.66
X-1921,C8orf82,414919.0,Amp5,6.41
X-1921,C9orf53,51198.0,Del0.8,0.45
X-1921,CA2,760.0,Amp5,5.62
X-1921,CALB1,793.0,Amp5,6.54
X-1921,CAMTA2,23125.0,MutNovel,"P889A,0.991"
X-1921,CCDC166,100130274.0,Amp5,6.41
X-1921,CCDC48,79825.0,MutNovel,"R276S,0.583"
X-1921,CCDC48,79825.0,MutNovel,"A434V,0.226"
X-1921,CCDC90B,60492.0,MutNovel,"E194I,0.317"
X-1921,CCNB2,9133.0,MutNovel,"G396R,0.540"
X-1921,CCNE2,9134.0,Amp5,5.74
X-1921,CD274,29126.0,Amp5,5.06
X-1921,CD46,4179.0,MutNovel,"A353V,0.648"
X-1921,CDC37L1,55664.0,Amp5,5.06
X-1921,CDH17,1015.0,Amp5,5.62
X-1921,CDK3,1018.0,MutNovel,"N23T,1.000"
X-1921,CDKN2A,1029.0,Del0.8,0.45
X-1921,CDKN2B,1030.0,Del0.8,0.66
X-1921,CDY1B,253175.0,Del0.8,0.38
X-1921,CDY1B,253175.0,Del0.8,0.38
X-1921,CDY2A,9426.0,Del0.8,0.38
X-1921,CDY2A,9426.0,Del0.8,0.38
X-1921,CDY2B,203611.0,Del0.8,0.38
X-1921,CDY2B,203611.0,Del0.8,0.38
X-1921,CEP192,55125.0,MutNovel,"E839G,0.577"
X-1921,CERS3,204219.0,Amp5,7.16
X-1921,CFHR1,3078.0,Amp5,6.54
X-1921,CFHR3,10878.0,Amp5,6.54
X-1921,CHRAC1,54108.0,Amp5,6.41
X-1921,CHRNA5,1138.0,MutNovel,"A27V,0.340"
X-1921,CHSY1,22856.0,Amp5,5.54
X-1921,CMIP,80790.0,MutNovel,"D93E,0.377"
X-1921,CMTM2,146225.0,MutNovel,"A232T,0.667"
X-1921,CNBD1,168975.0,Amp5,6.59
X-1921,CNGB3,54714.0,Amp5,6.59
X-1921,COL12A1,1303.0,MutNovel,"S2001Y,0.508"
X-1921,COL14A1,7373.0,MutNovel,"K1136R,0.727"
X-1921,COL14A1,7373.0,Amp5,5.66
X-1921,COL22A1,169044.0,Amp5,6.41
X-1921,COLEC10,10584.0,Amp5,5.66
X-1921,COMMD5,28991.0,Amp5,6.41
X-1921,COX6C,1345.0,Amp5,5.74
X-1921,CPNE3,8895.0,Amp5,6.59
X-1921,CPSF1,29894.0,Amp5,6.41
X-1921,CRAMP1L,57585.0,MutNovel,"P665S,1.000"
X-1921,CRELD2,79174.0,MutNovel,"D182N,0.345"
X-1921,CRIPAK,285464.0,MutNovel,"V164A,0.536"
X-1921,CRIPAK,285464.0,MutNovel,"S248G,0.231"
X-1921,CSMD3,114788.0,Amp5,5.74
X-1921,CSPG4P1Y,114758.0,Del0.8,0.38
X-1921,CSPG4P1Y,114758.0,Del0.8,0.38
X-1921,CTAGE4,100128553.0,Amp5,5.24
X-1921,CTHRC1,115908.0,Amp5,5.74
X-1921,CTSA,5476.0,MutNovel,"L29-,0.341"
X-1921,CYC1,1537.0,Amp5,6.41
X-1921,CYHR1,50626.0,Amp5,6.41
X-1921,CYP11B1,1584.0,Amp5,6.41
X-1921,CYP11B2,1585.0,Amp5,6.41
X-1921,CYP27B1,1594.0,MutNovel,"A181S,1.000"
X-1921,CYP7B1,9420.0,Amp5,5.66
X-1921,DAZ1,1617.0,Del0.8,0.38
X-1921,DAZ2,57055.0,Del0.8,0.38
X-1921,DAZ3,57054.0,Del0.8,0.38
X-1921,DAZ3,57054.0,Del0.8,0.38
X-1921,DAZ4,57135.0,Del0.8,0.38
X-1921,DAZ4,57135.0,Del0.8,0.38
X-1921,DCAF13,25879.0,Amp5,5.74
X-1921,DCAF4L2,138009.0,Amp5,6.59
X-1921,DCSTAMP,81501.0,Amp5,5.74
X-1921,DDHD2,23259.0,Amp5,5.5
X-1921,DDIT4L,115265.0,MutNovel,"K180R,0.211"
X-1921,DDR1,780.0,MutNovel,"L516-,0.279"
X-1921,DDX3Y,8653.0,Del0.8,0.38
X-1921,DECR1,1666.0,Amp5,6.54
X-1921,DEFB103A,414325.0,Del0.8,0.55
X-1921,DENND3,22898.0,Amp5,6.41
X-1921,DEPTOR,64798.0,Amp5,5.66
X-1921,DERL1,79139.0,Amp5,5.66
X-1921,DGAT1,8694.0,Amp5,6.41
X-1921,DGCR8,54487.0,MutNovel,"V435I,0.432"
X-1921,DHRSX,207063.0,MutNovel,"G503S,0.296"
X-1921,DISP1,84976.0,MutNovel,"V481M,0.667"
X-1921,DNM1P46,196968.0,Amp5,6.32
X-1921,DOPEY2,9980.0,MutNovel,"S272Y,1.000"
X-1921,DPY19L4,286148.0,Amp5,5.74
X-1921,DPYS,1807.0,Amp5,5.74
X-1921,DSCC1,79075.0,Amp5,5.66
X-1921,EBAG9,9166.0,Amp5,5.74
X-1921,EEF1D,1936.0,Amp5,6.41
X-1921,EEF2,1938.0,MutNovel,"V154L,0.546"
X-1921,EFCAB1,79645.0,MutNovel,"V174G,0.312"
X-1921,EFR3A,23167.0,Amp5,6.41
X-1921,EIF1AY,9086.0,Del0.8,0.38
X-1921,EIF2C2,27161.0,Amp5,6.41
X-1921,EIF3E,3646.0,Amp5,5.74
X-1921,EIF3H,8667.0,Amp5,5.74
X-1921,EIF4B,1975.0,MutNovel,"D271E,0.987"
X-1921,EIF4EBP1,1978.0,Amp5,5.5
X-1921,ENPP2,5168.0,Amp5,5.66
X-1921,ENY2,56943.0,Amp5,5.74
X-1921,EPHA2,1969.0,MutNovel,"T511M,0.500"
X-1921,EPPK1,83481.0,MutNovel,"V1422M,0.903"
X-1921,EPPK1,83481.0,Amp5,6.41
X-1921,ERCC4,2072.0,MutNovel,"T484S,0.951"
X-1921,ERLIN2,11160.0,Amp5,5.5
X-1921,ESRP1,54845.0,Amp5,5.74
X-1921,EXOSC4,54512.0,Amp5,6.41
X-1921,EXT1,2131.0,Amp5,5.66
X-1921,FAM135B,51059.0,Amp5,6.41
X-1921,FAM197Y2P,252946.0,Del0.8,0.38
X-1921,FAM203A,51236.0,Amp5,6.41
X-1921,FAM41AY1,340618.0,Del0.8,0.38
X-1921,FAM41AY1,340618.0,Del0.8,0.38
X-1921,FAM49B,51571.0,Amp5,6.41
X-1921,FAM82B,51115.0,Amp5,6.59
X-1921,FAM83A,84985.0,Amp5,5.66
X-1921,FAM83H,286077.0,Amp5,6.41
X-1921,FAM84B,157638.0,Amp5,5.66
X-1921,FAM91A1,157769.0,Amp5,5.66
X-1921,FAM92A1,137392.0,Amp5,5.62
X-1921,FBXL6,26233.0,Amp5,6.41
X-1921,FBXO32,114907.0,Amp5,5.66
X-1921,FBXO43,286151.0,Amp5,5.74
X-1921,FER1L6,654463.0,Amp5,5.66
X-1921,FER1L6-AS1,439941.0,Amp5,5.66
X-1921,FGFR1,2260.0,Amp5,5.5
X-1921,FLJ35024,401491.0,Amp5,5.06
X-1921,FLJ42289,388182.0,Amp5,6.32
X-1921,FLJ42969,441374.0,Amp5,5.74
X-1921,FLJ43860,389690.0,Amp5,6.41
X-1921,FMN2,56776.0,Amp5,5.31
X-1921,FNDC1,84624.0,MutNovel,"ATTRRTT1471A,0.500"
X-1921,FOXH1,8928.0,Amp5,6.41
X-1921,FUT1,2523.0,MutNovel,"G237D,0.500"
X-1921,FZD6,8323.0,Amp5,5.74
X-1921,GDF6,392255.0,Amp5,5.74
X-1921,GEM,2669.0,Amp5,5.62
X-1921,GGH,8836.0,Amp5,5.66
X-1921,GGT2,,MutNovel,"T555M,1.000"
X-1921,GGT2,,MutNovel,"R535W,0.889"
X-1921,GGT2,,MutNovel,"L460P,0.667"
X-1921,GLI4,2738.0,Amp5,6.41
X-1921,GLIS3,169792.0,Amp5,5.06
X-1921,GLIS3-AS1,84850.0,Amp5,5.06
X-1921,GML,2765.0,Amp5,6.41
X-1921,GOLGA2P2Y,84559.0,Del0.8,0.38
X-1921,GOLGA2P2Y,84559.0,Del0.8,0.38
X-1921,GOLGA3,2802.0,MutNovel,"A1468T,0.989"
X-1921,GOT1L1,137362.0,Amp5,5.5
X-1921,GPAA1,8733.0,Amp5,6.41
X-1921,GPC2,221914.0,MutNovel,"R522Q,0.413"
X-1921,GPIHBP1,338328.0,Amp5,6.41
X-1921,GPR124,25960.0,Amp5,5.5
X-1921,GPR20,2843.0,Amp5,6.41
X-1921,GPR37,2861.0,MutNovel,"P109S,0.625"
X-1921,GPT,2875.0,Amp5,6.41
X-1921,GRHL2,79977.0,Amp5,5.74
X-1921,GRINA,2907.0,Amp5,6.41
X-1921,GSDMC,56169.0,Amp5,6.41
X-1921,GSDMD,79792.0,Amp5,6.41
X-1921,GSTT1,2952.0,Amp5,6.63
X-1921,GSTTP1,25774.0,Amp5,6.63
X-1921,GYG2P1,352887.0,Del0.8,0.38
X-1921,HAS2,3037.0,Amp5,5.66
X-1921,HAS2-AS1,594842.0,Amp5,5.66
X-1921,HCN3,57657.0,MutNovel,"R46K,0.444"
X-1921,HEATR7A,727957.0,Amp5,6.41
X-1921,HHLA1,10086.0,Amp5,6.41
X-1921,HIVEP3,59269.0,MutNovel,"R747W,1.000"
X-1921,HLA-DRB6,3128.0,Amp5,5.86
X-1921,HLA-G,3135.0,MutNovel,"M295T,0.833"
X-1921,HLA-G,3135.0,MutNovel,"M295I,0.800"
X-1921,HMGXB3,22993.0,MutNovel,"V361I,1.000"
X-1921,HMHA1,23526.0,MutNovel,"G1104GDE,0.204"
X-1921,HNMT,3176.0,MutNovel,"E270A,0.733"
X-1921,HOMER1,9456.0,MutNovel,"P18R,1.000"
X-1921,HPYR1,93668.0,Amp5,6.41
X-1921,HRSP12,10247.0,Amp5,5.74
X-1921,HSF1,3297.0,Amp5,6.41
X-1921,HSFY2,159119.0,Del0.8,0.38
X-1921,HSFY2,159119.0,Del0.8,0.38
X-1921,HSPA4,3308.0,MutNovel,"M106V,0.986"
X-1921,IGF2R,3482.0,MutNovel,"S2423L,0.527"
X-1921,INSL4,3641.0,Amp5,5.06
X-1921,INSL6,11172.0,Amp5,5.06
X-1921,INTS8,55656.0,Amp5,5.74
X-1921,IRF2BP2,359948.0,MutNovel,"-99S,0.224"
X-1921,ISCU,23479.0,MutNovel,"F7C,0.895"
X-1921,ITPR3,3710.0,MutNovel,"A337V,0.360"
X-1921,JAK2,3717.0,Amp5,5.06
X-1921,JRK,8629.0,Amp5,6.41
X-1921,JUN,3725.0,MutNovel,"P207Q,0.312"
X-1921,KAT8,84148.0,MutNovel,"P36A,0.583"
X-1921,KCNK9,51305.0,Amp5,6.41
X-1921,KCNQ3,3786.0,Amp5,6.41
X-1921,KCNS2,3788.0,Amp5,5.74
X-1921,KCNV1,27012.0,Amp5,5.74
X-1921,KCNV2,169522.0,Amp5,5.06
X-1921,KDM5D,8284.0,Del0.8,0.38
X-1921,KHDRBS3,10656.0,Amp5,6.41
X-1921,KIAA0020,9933.0,Amp5,5.06
X-1921,KIAA0125,9834.0,Amp5,5.74
X-1921,KIAA0196,9897.0,Amp5,5.66
X-1921,KIAA0368,23392.0,MutNovel,"R117P,1.000"
X-1921,KIAA0556,23247.0,MutNovel,"S54N,0.882"
X-1921,KIAA1875,340390.0,Amp5,6.41
X-1921,KIF9,64147.0,MutNovel,"G96A,1.000"
X-1921,KIFC2,90990.0,Amp5,6.41
X-1921,KIR2DL4,3805.0,Amp5,5.21
X-1921,KIR3DL1,3811.0,Amp5,5.21
X-1921,KLF10,7071.0,Amp5,5.74
X-1921,KLHL38,340359.0,Amp5,5.66
X-1921,KRT6A,3853.0,MutNovel,"V229A,0.315"
X-1921,KRT6A,3853.0,MutNovel,"E165A,0.727"
X-1921,KRT6C,286887.0,MutNovel,"L405Q,0.500"
X-1921,KRT6C,286887.0,MutNovel,"K189N,0.962"
X-1921,LAMA5,3911.0,MutNovel,"I2716T,0.590"
X-1921,LAPTM4B,55353.0,Amp5,5.74
X-1921,LCE3C,353144.0,Del0.8,0.57
X-1921,LDHC,3948.0,MutNovel,"T220A,1.000"
X-1921,LETM2,137994.0,Amp5,5.5
X-1921,LIN37,55957.0,MutNovel,"A121T,0.426"
X-1921,LIN7A,8825.0,Del0.8,0.43
X-1921,LINC00051,619434.0,Amp5,6.41
X-1921,LINC00251,552859.0,Amp5,5.66
X-1921,LINC00535,642924.0,Amp5,5.62
X-1921,LINS,55180.0,Amp8,8.11
X-1921,LOC100127983,100127983.0,Amp5,6.54
X-1921,LOC100128338,100128338.0,Amp5,6.41
X-1921,LOC100130155,100130155.0,Amp5,5.66
X-1921,LOC100130231,100130231.0,Amp5,5.66
X-1921,LOC100130357,100130357.0,MutNovel,"R70C,0.875"
X-1921,LOC100131726,100131726.0,Amp5,5.66
X-1921,LOC100133669,100133669.0,Amp5,6.41
X-1921,LOC100288181,100288181.0,Amp5,6.41
X-1921,LOC100288748,100288748.0,Amp5,5.74
X-1921,LOC100499183,100499183.0,Amp5,5.74
X-1921,LOC100500773,100500773.0,Amp5,5.74
X-1921,LOC100506504,,MutNovel,"R15H,0.371"
X-1921,LOC100507117,100507117.0,Amp5,6.41
X-1921,LOC100507472,100507472.0,Amp5,5.54
X-1921,LOC100507607,,MutNovel,"E496D,0.833"
X-1921,LOC100616530,100616530.0,Amp5,5.74
X-1921,LOC100996317,,MutNovel,"P143L,0.933"
X-1921,LOC157381,157381.0,Amp5,5.66
X-1921,LOC284344,284344.0,Del0.8,0.45
X-1921,LOC286094,286094.0,Amp5,6.41
X-1921,LOC286184,286184.0,Amp5,5.66
X-1921,LOC286186,286186.0,Amp5,5.66
X-1921,LOC391322,391322.0,Amp5,6.63
X-1921,LOC401463,401463.0,Amp5,5.66
X-1921,LOC642361,642361.0,Del0.8,0.78
X-1921,LOC727677,727677.0,Amp5,5.66
X-1921,LOC728024,728024.0,Amp5,5.5
X-1921,LOC728377,728377.0,Amp5,5.24
X-1921,LOC728724,728724.0,Amp5,6.41
X-1921,LOC728734,,MutNovel,"E379D,1.000"
X-1921,LOC728741,,MutNovel,"R380W,0.667"
X-1921,LOC731779,731779.0,Amp5,6.41
X-1921,LONRF1,91694.0,MutNovel,"V110I,1.000"
X-1921,LPAR5,57121.0,MutNovel,"D17H,0.917"
X-1921,LRP12,29967.0,Amp5,5.74
X-1921,LRP4,4038.0,MutNovel,"G333R,0.667"
X-1921,LRRC14,9684.0,Amp5,6.41
X-1921,LRRC24,441381.0,Amp5,6.41
X-1921,LRRC28,123355.0,Amp5,6.32
X-1921,LRRC37A,9884.0,MutKnownFunctional,"-1203?,0.333"
X-1921,LRRC47,57470.0,MutNovel,"R554W,0.469"
X-1921,LRRC6,23639.0,Amp5,6.41
X-1921,LRRC69,100130742.0,Amp5,6.54
X-1921,LRRK1,79705.0,Amp5,5.54
X-1921,LSM1,27257.0,Amp5,5.5
X-1921,LSR,51599.0,MutNovel,"G518GR,0.365"
X-1921,LTBP1,4052.0,MutNovel,"V308A,1.000"
X-1921,LY6D,8581.0,Amp5,6.41
X-1921,LY6E,4061.0,Amp5,6.41
X-1921,LY6H,4062.0,Amp5,6.41
X-1921,LY6K,54742.0,Amp5,6.41
X-1921,LYNX1,66004.0,Amp5,6.41
X-1921,LYPD2,137797.0,Amp5,6.41
X-1921,LYSMD4,145748.0,Amp5,6.32
X-1921,MAF1,84232.0,Amp5,6.41
X-1921,MAFA,389692.0,Amp5,6.41
X-1921,MAGI1,9223.0,Del0.8,0.69
X-1921,MAL2,114569.0,Amp5,5.66
X-1921,MAP3K10,4294.0,MutNovel,"A658T,0.283"
X-1921,MAP3K15,389840.0,MutNovel,"M1116T,1.000"
X-1921,MAP3K4,4216.0,MutNovel,"PA1189P,0.562"
X-1921,MAPK15,225689.0,Amp5,6.41
X-1921,2014-03-02 00:00:00,54996.0,MutNovel,"V33M,0.429"
X-1921,MATN2,4147.0,Amp5,5.74
X-1921,MCM9,254394.0,MutNovel,"E816D,0.600"
X-1921,MCM9,254394.0,MutNovel,"R666W,0.357"
X-1921,MED15,51586.0,MutNovel,"-251Q,0.247"
X-1921,MED30,90390.0,Amp5,5.66
X-1921,MEF2A,4205.0,Amp5,6.32
X-1921,MFSD3,113655.0,Amp5,6.41
X-1921,MICAL1,64780.0,MutNovel,"R1055T,0.527"
X-1921,MIR101-2,406894.0,Amp5,5.06
X-1921,MIR1204,100302185.0,Amp5,5.66
X-1921,MIR1205,100302161.0,Amp5,5.66
X-1921,MIR1206,100302170.0,Amp5,5.66
X-1921,MIR1207,100302175.0,Amp5,5.66
X-1921,MIR1208,100302281.0,Amp5,5.66
X-1921,MIR1234,100302196.0,Amp5,6.41
X-1921,MIR124-2,406908.0,Amp5,5.66
X-1921,MIR2053,100302225.0,Amp5,5.74
X-1921,MIR30B,407030.0,Amp5,6.41
X-1921,MIR30D,407033.0,Amp5,6.41
X-1921,MIR31,407035.0,Del0.8,0.75
X-1921,MIR3150A,100422964.0,Amp5,5.74
X-1921,MIR3150B,100500907.0,Amp5,5.74
X-1921,MIR3151,100422992.0,Amp5,5.74
X-1921,MIR31HG,554202.0,Del0.8,0.47
X-1921,MIR3610,100500914.0,Amp5,7.84
X-1921,MIR378D2,100616169.0,Amp5,5.62
X-1921,MIR4471,100616451.0,Amp5,5.74
X-1921,MIR4472-1,100616268.0,Amp5,6.41
X-1921,MIR4643,100616174.0,Del0.8,0.38
X-1921,MIR4661,100616245.0,Amp5,6.54
X-1921,MIR4663,100616260.0,Amp5,5.66
X-1921,MIR4664,100616318.0,Amp5,6.41
X-1921,MIR570,693155.0,Amp5,5.58
X-1921,MIR599,693184.0,Amp5,5.74
X-1921,MIR617,693202.0,Del0.8,0.32
X-1921,MIR618,693203.0,Del0.8,0.31
X-1921,MIR661,724031.0,Amp5,6.41
X-1921,MIR875,100126309.0,Amp5,5.74
X-1921,MIR937,100126338.0,Amp5,6.41
X-1921,MIR939,100126351.0,Amp5,6.41
X-1921,MLYCD,23417.0,MutNovel,"R11G,0.333"
X-1921,MMP16,4325.0,Amp5,6.59
X-1921,MN1,4330.0,MutNovel,"Q534R,0.500"
X-1921,MPP2,4355.0,MutNovel,"R333C,0.941"
X-1921,MPRIP,23164.0,MutNovel,"TSS178T,0.568"
X-1921,MRPL13,28998.0,Amp5,5.66
X-1921,MTAP,4507.0,Del0.8,0.48
X-1921,MTBP,27085.0,Amp5,5.66
X-1921,MTDH,92140.0,Amp5,5.74
X-1921,MTERFD1,51001.0,Amp5,5.74
X-1921,MTFR1,9650.0,Amp5,5.66
X-1921,MTSS1,9788.0,Amp5,5.66
X-1921,MYC,4609.0,Amp5,5.66
X-1921,MYF5,4617.0,Del0.8,0.47
X-1921,MYF6,4618.0,Del0.8,0.47
X-1921,NACAP1,83955.0,Amp5,5.74
X-1921,NACC1,112939.0,MutNovel,"A237V,0.492"
X-1921,NAGK,55577.0,MutNovel,"L330F,0.980"
X-1921,NAPRT1,93100.0,Amp5,6.41
X-1921,NBN,4683.0,Amp5,6.54
X-1921,NBPF10,100132406.0,MutNovel,"G3070D,1.000"
X-1921,NBPF9,400818.0,MutNovel,"Q184R,0.750"
X-1921,NCALD,83988.0,Amp5,5.74
X-1921,NCOA6,23054.0,MutNovel,"S24T,0.357"
X-1921,NCOR2,9612.0,MutNovel,"G1839GAAA,0.543"
X-1921,NCOR2,9612.0,MutNovel,"-511SS,0.306"
X-1921,NCRNA00185,55410.0,Del0.8,0.38
X-1921,NDRG1,10397.0,Amp5,6.41
X-1921,NDUFB9,4715.0,Amp5,5.66
X-1921,NEBL,10529.0,MutNovel,"N330S,0.400"
X-1921,NECAB1,64168.0,Amp5,6.54
X-1921,NEU3,10825.0,MutNovel,"H188R,0.304"
X-1921,NGRN,51335.0,MutNovel,"P176S,0.518"
X-1921,NIM1,167359.0,MutNovel,"S169F,1.000"
X-1921,NINL,22981.0,MutNovel,"P851L,0.457"
X-1921,NIPAL2,79815.0,Amp5,5.74
X-1921,NKAIN3,286183.0,Amp5,5.66
X-1921,NLGN4Y,22829.0,Del0.8,0.38
X-1921,NOD2,64127.0,MutNovel,"L501R,0.615"
X-1921,NOMO1,23420.0,MutNovel,"M580V,0.308"
X-1921,NOV,4856.0,Amp5,5.66
X-1921,NR1H2,7376.0,MutNovel,"-173Q,0.274"
X-1921,NRBP2,340371.0,Amp5,6.41
X-1921,NRSN2,80023.0,MutNovel,"C123Y,0.257"
X-1921,NSMCE2,286053.0,Amp5,5.66
X-1921,NUDCD1,84955.0,Amp5,5.74
X-1921,OBP2A,29991.0,MutNovel,"F90Y,1.000"
X-1921,OBSCN,84033.0,MutNovel,"L1482Q,0.385"
X-1921,OC90,729330.0,Amp5,6.41
X-1921,ODF1,4956.0,Amp5,5.74
X-1921,OPLAH,26873.0,Amp5,6.41
X-1921,OR2A7,401427.0,Amp5,5.24
X-1921,OR2A9P,441295.0,Amp5,5.24
X-1921,OR2T10,127069.0,Amp8,8.06
X-1921,OR2T34,127068.0,Amp8,8.06
X-1921,ORAI1,84876.0,MutNovel,"PP43-,0.774"
X-1921,OSGIN2,734.0,Amp5,6.54
X-1921,OSR2,116039.0,Amp5,5.74
X-1921,OTUD6B,51633.0,Amp5,6.54
X-1921,OXR1,55074.0,Amp5,5.74
X-1921,PABPC1,26986.0,Amp5,5.74
X-1921,PABPC3,5042.0,MutKnownFunctional,"-299,0.778"
X-1921,PARP10,84875.0,Amp5,6.41
X-1921,PCAT1,100750225.0,Amp5,5.66
X-1921,PCDH11Y,83259.0,Del0.8,0.38
X-1921,PCM1,5108.0,MutNovel,"H483Y,1.000"
X-1921,PCMT1,5110.0,MutNovel,"A23V,0.524"
X-1921,PCSK6,5046.0,Amp5,5.54
X-1921,PDCD1LG2,80380.0,Amp5,5.06
X-1921,PDE7A,5150.0,Amp5,5.66
X-1921,PDP1,54704.0,Amp5,5.62
X-1921,PET100,,MutNovel,"W29R,0.443"
X-1921,PGPEP1L,145814.0,MutKnownFunctional,"-165?,0.311"
X-1921,PGPEP1L,145814.0,Amp5,6.32
X-1921,PHF20L1,51105.0,Amp5,6.41
X-1921,PHLDA1,22822.0,MutNovel,"QQ194Q,0.528"
X-1921,PHTF1,10745.0,MutNovel,"T325A,0.378"
X-1921,PIK3R3,8503.0,MutNovel,"Q439R,0.436"
X-1921,PKD1,5310.0,MutNovel,"R3169Q,0.904"
X-1921,PKHD1L1,93035.0,Amp5,5.74
X-1921,PLCD3,113026.0,MutNovel,"EE509E,0.679"
X-1921,PLEC,5339.0,Amp5,6.41
X-1921,PLEKHF2,79666.0,Amp5,5.74
X-1921,PLEKHG4B,153478.0,MutNovel,"D1234Y,0.346"
X-1921,PLIN4,729359.0,MutNovel,"G714D,0.500"
X-1921,POLDIP2,26073.0,MutNovel,"S28G,0.698"
X-1921,POLDIP2,26073.0,MutNovel,"Q27P,0.232"
X-1921,POLDIP2,26073.0,MutKnownFunctional,"-27?,0.556"
X-1921,POLDIP3,84271.0,MutNovel,"M350I,0.439"
X-1921,POLM,27434.0,MutNovel,"H337Y,0.521"
X-1921,POLR1A,25885.0,MutNovel,"T325M,0.340"
X-1921,POLR2K,5440.0,Amp5,5.74
X-1921,POMZP3,22932.0,MutNovel,"L8V,0.400"
X-1921,POP1,10940.0,Amp5,5.74
X-1921,POU5F1B,5462.0,Amp5,5.66
X-1921,PPAPDC1B,84513.0,Amp5,5.5
X-1921,PPAPDC2,403313.0,Amp5,5.06
X-1921,PPHLN1,51535.0,MutNovel,"D323Y,0.310"
X-1921,PPP1R12C,54776.0,MutNovel,"R467C,0.339"
X-1921,PPP1R16A,84988.0,Amp5,6.41
X-1921,PRAMEF1,65121.0,Del0.8,0.44
X-1921,PRKY,5616.0,Del0.8,0.38
X-1921,PROSC,11212.0,Amp5,5.5
X-1921,PRY,9081.0,Del0.8,0.38
X-1921,PRY,9081.0,Del0.8,0.38
X-1921,PRY2,442862.0,Del0.8,0.38
X-1921,PRY2,442862.0,Del0.8,0.38
X-1921,PSCA,8000.0,Amp5,6.41
X-1921,PSKH2,85481.0,Amp5,6.59
X-1921,PTDSS1,9791.0,Amp5,5.74
X-1921,PTK2,5747.0,Amp5,6.41
X-1921,PTP4A3,11156.0,Amp5,6.41
X-1921,PTPRB,5787.0,MutNovel,"P1943L,0.714"
X-1921,PTPRF,5792.0,MutNovel,"I958L,0.537"
X-1921,PTPRQ,374462.0,Del0.8,0.47
X-1921,PUF60,22827.0,Amp5,6.41
X-1921,PVT1,5820.0,Amp5,5.66
X-1921,PYCRL,65263.0,Amp5,6.41
X-1921,PZP,5858.0,MutNovel,"G1090R,0.667"
X-1921,PZP,5858.0,MutNovel,"K835E,0.750"
X-1921,RAB11FIP1,80223.0,Amp5,5.5
X-1921,RAD21,5885.0,Amp5,7.84
X-1921,RAD21-AS1,644660.0,Amp5,7.84
X-1921,RAD54B,25788.0,Amp5,5.62
X-1921,RANBP6,26953.0,MutNovel,"C356F,0.455"
X-1921,RBM12B,389677.0,Amp5,5.62
X-1921,RBMY1A3P,286557.0,Del0.8,0.38
X-1921,RBMY1B,378948.0,Del0.8,0.38
X-1921,RBMY1B,378948.0,Del0.8,0.38
X-1921,RBMY1E,378950.0,Del0.8,0.38
X-1921,RBMY1E,378950.0,Del0.8,0.38
X-1921,RBMY1F,159163.0,Del0.8,0.38
X-1921,RBMY1F,159163.0,Del0.8,0.38
X-1921,RBMY1J,378951.0,Del0.8,0.38
X-1921,RBMY1J,378951.0,Del0.8,0.38
X-1921,RBMY2EP,159125.0,Del0.8,0.38
X-1921,RBMY2FP,159162.0,Del0.8,0.38
X-1921,RBMY3AP,64593.0,Del0.8,0.38
X-1921,RCL1,10171.0,Amp5,5.06
X-1921,RECQL4,9401.0,Amp5,6.41
X-1921,REXO1L1,254958.0,Amp5,6.59
X-1921,REXO1L2P,100288527.0,Amp5,6.59
X-1921,REXO1L2P,100288527.0,Amp5,6.59
X-1921,RFX3,5991.0,Amp5,5.06
X-1921,RGS22,26166.0,Amp5,5.74
X-1921,RHCE,6006.0,MutNovel,"L297P,0.500"
X-1921,RHPN1,114822.0,Amp5,6.41
X-1921,RIMS2,9699.0,Amp5,5.74
X-1921,RIN3,79890.0,MutNovel,"G967-,0.297"
X-1921,RIPK2,8767.0,Amp5,6.54
X-1921,RLIM,51132.0,Amp5,6.87
X-1921,RLN1,6013.0,Amp5,5.06
X-1921,RLN2,6019.0,Amp5,5.06
X-1921,RLTPR,146206.0,MutNovel,"R1212Q,0.301"
X-1921,RNF139,11236.0,Amp5,5.66
X-1921,RNF19A,25897.0,Amp5,5.74
X-1921,RPL30,6156.0,Amp5,5.74
X-1921,RPL8,6132.0,Amp5,6.41
X-1921,RPS4Y1,6192.0,Del0.8,0.38
X-1921,RPS4Y2,140032.0,Del0.8,0.38
X-1921,RPS6KB2,6199.0,MutNovel,"G164S,0.409"
X-1921,RRM2B,50484.0,Amp5,5.74
X-1921,RSPO2,340419.0,Amp5,5.74
X-1921,RUNX1T1,862.0,Amp5,5.62
X-1921,S100A14,57402.0,MutNovel,"E98A,0.633"
X-1921,SAMD12,401474.0,Amp5,5.66
X-1921,SAMD12-AS1,552860.0,Amp5,5.66
X-1921,SCRIB,23513.0,Amp5,6.41
X-1921,SCRT1,83482.0,Amp5,6.41
X-1921,SCXA,100129885.0,Amp5,6.41
X-1921,SDC2,6383.0,Amp5,5.74
X-1921,SELO,83642.0,MutNovel,"D361N,0.350"
X-1921,SERINC2,347735.0,MutNovel,"-373Q,0.695"
X-1921,SETD2,29072.0,MutNovel,"M761I,0.926"
X-1921,SF1,7536.0,MutNovel,"Q590R,0.362"
X-1921,SH3D21,79729.0,MutNovel,"P173A,0.656"
X-1921,SHARPIN,81858.0,Amp5,6.41
X-1921,SLA,6503.0,Amp5,6.41
X-1921,SLC18B1,,MutNovel,"I215V,0.571"
X-1921,SLC1A1,6505.0,Amp5,5.06
X-1921,SLC22A23,63027.0,MutNovel,"G30A,0.778"
X-1921,SLC25A32,81034.0,Amp5,5.74
X-1921,SLC26A10,65012.0,MutNovel,"L174F,1.000"
X-1921,SLC26A7,115111.0,Amp5,6.54
X-1921,SLC28A1,9154.0,MutNovel,"L140LV,0.550"
X-1921,SLC2A3,6515.0,MutNovel,"E482G,0.846"
X-1921,SLC30A8,169026.0,Amp5,6.36
X-1921,SLC39A4,55630.0,Amp5,6.41
X-1921,SLC45A4,57210.0,Amp5,6.41
X-1921,SLC4A1AP,22950.0,MutNovel,"A78V,0.983"
X-1921,SLC7A13,157724.0,Amp5,6.59
X-1921,SLURP1,57152.0,Amp5,6.41
X-1921,SMPDL3A,10924.0,MutNovel,"A360V,0.578"
X-1921,SMTN,6525.0,MutNovel,"A203V,0.504"
X-1921,SNORA72,26775.0,Amp5,5.74
X-1921,SNRPA1,6627.0,Amp5,5.54
X-1921,SNTB1,6641.0,Amp5,5.66
X-1921,SNX12,29934.0,MutNovel,"A91T,0.954"
X-1921,SNX21,90203.0,MutNovel,"R177Q,0.535"
X-1921,SNX31,169166.0,Amp5,5.74
X-1921,SOX6,55553.0,Amp5,5.54
X-1921,SPAG1,6674.0,Amp5,5.74
X-1921,SPATC1,375686.0,Amp5,6.41
X-1921,SQLE,6713.0,Amp5,5.66
X-1921,SRY,6736.0,Del0.8,0.38
X-1921,ST3GAL1,6482.0,Amp5,6.41
X-1921,ST6GALNAC2,10610.0,MutNovel,"H315Y,0.970"
X-1921,STAR,6770.0,Amp5,5.5
X-1921,STAT5B,6777.0,MutNovel,"L94F,0.956"
X-1921,STK3,6788.0,Amp5,5.74
X-1921,STUB1,10273.0,MutNovel,"R241P,0.977"
X-1921,SYBU,55638.0,Amp5,5.74
X-1921,SYNM,23336.0,Amp5,6.32
X-1921,TAF2,6873.0,Amp5,5.66
X-1921,TATDN1,83940.0,Amp5,5.66
X-1921,TBCC,6903.0,MutNovel,"A279T,0.626"
X-1921,TBKBP1,9755.0,MutNovel,"A474T,0.926"
X-1921,TBL1Y,90665.0,Del0.8,0.38
X-1921,TCEA3,6920.0,MutNovel,"R56C,0.337"
X-1921,TCEB3,6924.0,MutNovel,"S151N,0.443"
X-1921,TCN2,6948.0,MutNovel,"V183M,0.571"
X-1921,TG,7038.0,Amp5,6.41
X-1921,TGFB3,7043.0,MutNovel,"N255S,0.500"
X-1921,TGIF2LY,90655.0,Del0.8,0.38
X-1921,THOC3,84321.0,MutKnownFunctional,"-292,0.944"
X-1921,TIGD5,84948.0,Amp5,6.41
X-1921,TIMELESS,8914.0,MutNovel,"E176K,0.970"
X-1921,TJP1,7082.0,Del0.8,0.37
X-1921,TM2D3,80213.0,Amp5,5.54
X-1921,TMED10P1,286102.0,Amp5,6.41
X-1921,TMEM184A,202915.0,MutNovel,"G392GA,0.859"
X-1921,TMEM55A,55529.0,Amp5,6.54
X-1921,TMEM64,169200.0,Amp5,6.54
X-1921,TMEM65,157378.0,Amp5,5.66
X-1921,TMEM67,91147.0,Amp5,5.62
X-1921,TMEM71,137835.0,Amp5,6.41
X-1921,TMEM74,157753.0,Amp5,5.74
X-1921,TMPRSS2,7113.0,MutNovel,"V70A,1.000"
X-1921,TMSB4Y,9087.0,Del0.8,0.38
X-1921,TNFRSF11B,4982.0,Amp5,5.66
X-1921,TNXB,7148.0,MutNovel,"G2450R,1.000"
X-1921,TONSL,4796.0,Amp5,6.41
X-1921,TOP1MT,116447.0,Amp5,6.41
X-1921,TP53,7157.0,MutKnownFunctional,"-174L*?,0.708"
X-1921,TP53INP1,94241.0,Amp5,5.74
X-1921,TRAPPC9,83696.0,Amp5,6.41
X-1921,TRHR,7201.0,Amp5,5.74
X-1921,TRIB1,10221.0,MutNovel,"R107L,0.528"
X-1921,TRIB1,10221.0,Amp5,5.66
X-1921,TRIP11,9321.0,MutNovel,"K316N,0.500"
X-1921,TRMT12,55039.0,Amp5,5.66
X-1921,TRMT2A,27037.0,MutNovel,"V128I,0.514"
X-1921,TRPS1,7227.0,Amp5,5.74
X-1921,TSNARE1,203062.0,Amp5,6.41
X-1921,TSPY1,7258.0,Del0.8,0.38
X-1921,TSPY2,64591.0,Del0.8,0.38
X-1921,TSPY3,728137.0,Del0.8,0.38
X-1921,TSPY4,728395.0,Del0.8,0.38
X-1921,TSPY8,728403.0,Del0.8,0.38
X-1921,TSPYL1,7259.0,MutNovel,"V176VW,0.879"
X-1921,TSPYL5,85453.0,Amp5,5.74
X-1921,TSTA3,7264.0,Amp5,6.41
X-1921,TTC23,64927.0,Amp5,6.32
X-1921,TTPA,7274.0,Amp5,5.66
X-1921,TTTY10,246119.0,Del0.8,0.38
X-1921,TTTY11,83866.0,Del0.8,0.38
X-1921,TTTY12,83867.0,Del0.8,0.38
X-1921,TTTY13,83868.0,Del0.8,0.38
X-1921,TTTY14,83869.0,Del0.8,0.38
X-1921,TTTY15,64595.0,Del0.8,0.38
X-1921,TTTY16,252948.0,Del0.8,0.38
X-1921,TTTY17A,252949.0,Del0.8,0.38
X-1921,TTTY17A,252949.0,Del0.8,0.38
X-1921,TTTY18,252950.0,Del0.8,0.38
X-1921,TTTY19,252952.0,Del0.8,0.38
X-1921,TTTY1B,100101116.0,Del0.8,0.38
X-1921,TTTY1B,100101116.0,Del0.8,0.38
X-1921,TTTY2,60439.0,Del0.8,0.38
X-1921,TTTY2,60439.0,Del0.8,0.38
X-1921,TTTY20,252951.0,Del0.8,0.38
X-1921,TTTY21,252953.0,Del0.8,0.38
X-1921,TTTY21,252953.0,Del0.8,0.38
X-1921,TTTY22,252954.0,Del0.8,0.38
X-1921,TTTY23,252955.0,Del0.8,0.38
X-1921,TTTY23,252955.0,Del0.8,0.38
X-1921,TTTY3,114760.0,Del0.8,0.38
X-1921,TTTY3,114760.0,Del0.8,0.38
X-1921,TTTY4,114761.0,Del0.8,0.38
X-1921,TTTY4,114761.0,Del0.8,0.38
X-1921,TTTY5,83863.0,Del0.8,0.38
X-1921,TTTY6,84672.0,Del0.8,0.38
X-1921,TTTY6,84672.0,Del0.8,0.38
X-1921,TTTY7,246122.0,Del0.8,0.38
X-1921,TTTY7,246122.0,Del0.8,0.38
X-1921,TTTY7B,100101120.0,Del0.8,0.38
X-1921,TTTY7B,100101120.0,Del0.8,0.38
X-1921,TTTY8,84673.0,Del0.8,0.38
X-1921,TTTY8,84673.0,Del0.8,0.38
X-1921,TTTY9A,83864.0,Del0.8,0.38
X-1921,TTTY9A,83864.0,Del0.8,0.38
X-1921,TWF1,5756.0,Amp5,5.62
X-1921,TXLNG2P,246126.0,Del0.8,0.38
X-1921,TXNDC11,51061.0,MutNovel,"R306K,0.971"
X-1921,UBR4,23352.0,MutNovel,"S1151L,0.471"
X-1921,UBR5,51366.0,Amp5,5.74
X-1921,UCKL1,54963.0,MutNovel,"R16Q,0.500"
X-1921,UG0898H09,643763.0,Amp5,5.66
X-1921,UNC13D,201294.0,MutNovel,"I410L,1.000"
X-1921,UPF2,26019.0,MutNovel,"A1163V,0.275"
X-1921,UQCRB,7381.0,Amp5,5.74
X-1921,USP44,84101.0,MutNovel,"P602S,1.000"
X-1921,USP9Y,8287.0,Del0.8,0.38
X-1921,UTP20,27340.0,MutNovel,"T351I,1.000"
X-1921,UTP23,84294.0,Amp5,5.74
X-1921,UTY,7404.0,Del0.8,0.38
X-1921,VCY,9084.0,Del0.8,0.38
X-1921,VCY,9084.0,Del0.8,0.38
X-1921,VLDLR,7436.0,Amp5,5.06
X-1921,VPS13B,157680.0,Amp5,5.74
X-1921,VPS28,51160.0,Amp5,6.41
X-1921,WDR27,253769.0,MutNovel,"A718V,0.318"
X-1921,WDR67,93594.0,Amp5,5.66
X-1921,WDYHV1,55093.0,Amp5,5.66
X-1921,WHSC1L1,54904.0,Amp5,5.5
X-1921,WISP1,8840.0,Amp5,6.41
X-1921,WWOX,51741.0,Amp5,5.03
X-1921,WWP1,11059.0,Amp5,6.59
X-1921,XKRY2,353515.0,Del0.8,0.38
X-1921,XKRY2,353515.0,Del0.8,0.38
X-1921,YTHDF3,253943.0,Amp5,5.66
X-1921,YWHAZ,7534.0,Amp5,5.74
X-1921,ZBTB22,9278.0,MutNovel,"V623G,0.352"
X-1921,ZC3H3,23144.0,Amp5,6.41
X-1921,ZFAT,57623.0,MutNovel,"L525V,0.761"
X-1921,ZFAT,57623.0,Amp5,6.41
X-1921,ZFAT-AS1,594840.0,Amp5,6.41
X-1921,ZFP41,286128.0,Amp5,6.41
X-1921,ZFPM2,23414.0,Amp5,5.74
X-1921,ZFY,7544.0,Del0.8,0.38
X-1921,ZHX1,11244.0,Amp5,5.66
X-1921,ZHX1-C8ORF76,100533106.0,Amp5,5.66
X-1921,ZHX2,22882.0,Amp5,5.66
X-1921,ZNF16,7564.0,Amp5,6.41
X-1921,ZNF233,353355.0,MutNovel,"F234S,0.500"
X-1921,ZNF234,10780.0,MutNovel,"K239R,0.520"
X-1921,ZNF235,9310.0,MutNovel,"E6G,0.417"
X-1921,ZNF250,58500.0,Amp5,6.41
X-1921,ZNF251,90987.0,Amp5,6.41
X-1921,ZNF34,80778.0,Amp5,6.41
X-1921,ZNF384,171017.0,MutNovel,"QQ514Q,0.251"
X-1921,ZNF469,84627.0,MutNovel,"E316K,0.737"
X-1921,ZNF517,340385.0,Amp5,6.41
X-1921,ZNF550,162972.0,MutNovel,"D104E,0.600"
X-1921,ZNF572,137209.0,Amp5,5.66
X-1921,ZNF574,64763.0,MutNovel,"V510G,0.477"
X-1921,ZNF598,90850.0,MutNovel,"R876P,0.963"
X-1921,ZNF623,9831.0,Amp5,6.41
X-1921,ZNF655,79027.0,MutNovel,"F173S,0.435"
X-1921,ZNF668,79759.0,MutNovel,"G253R,0.383"
X-1921,ZNF696,79943.0,Amp5,6.41
X-1921,ZNF7,7553.0,Amp5,6.41
X-1921,ZNF703,80139.0,Amp5,5.5
X-1921,ZNF706,51123.0,Amp5,5.74
X-1921,ZNF707,286075.0,Amp5,6.41
X-1921,ZNF74,7625.0,MutNovel,"Y597N,0.370"
X-1921,ZZZ3,26009.0,MutNovel,"I711F,0.274"
X-1970,ADAM6,8755.0,Amp5,5.62
X-1970,ADCY9,115.0,Del0.8,0.57
X-1970,ADRA2B,151.0,MutNovel,"E301ERRK,1.000"
X-1970,AGAP4,119016.0,MutNovel,"S87N,0.750"
X-1970,AHI1,54806.0,Amp5,6.87
X-1970,AHNAK2,113146.0,MutNovel,"A3659S,1.000"
X-1970,AHNAK2,113146.0,MutNovel,"S2042F,1.000"
X-1970,AHR,196.0,MutNovel,"T387I,0.621"
X-1970,AKAP7,9465.0,Amp5,5.17
X-1970,ALCAM,214.0,Del0.8,0.79
X-1970,ALDH8A1,64577.0,Amp5,6.87
X-1970,AMDHD2,51005.0,MutNovel,"L250F,0.493"
X-1970,AMELY,266.0,Del0.8,0.26
X-1970,ANKRD18DP,348840.0,Amp5,5.1
X-1970,ANKRD36,375248.0,MutNovel,"T998S,0.226"
X-1970,ANKZF1,55139.0,MutNovel,"D577N,1.000"
X-1970,ARFGEF1,10565.0,MutNovel,"E868Q,0.307"
X-1970,ARHGAP18,93663.0,Amp5,6.68
X-1970,ASMTL,8623.0,MutNovel,"E1297G,0.333"
X-1970,ASMTL,8623.0,MutNovel,"R938Q,1.000"
X-1970,ATXN7L1,222255.0,MutNovel,"A751V,0.300"
X-1970,BAI1,575.0,MutNovel,"A229P,0.800"
X-1970,BAP1,8314.0,Del0.8,0.23
X-1970,BARX1,56033.0,MutNovel,"A48T,1.000"
X-1970,BCLAF1,9774.0,Amp5,6.87
X-1970,BCORP1,286554.0,Del0.8,0.26
X-1970,BPY2B,442867.0,Del0.8,0.26
X-1970,BPY2B,442867.0,Del0.8,0.26
X-1970,BZRAP1,9256.0,MutNovel,"R1480Q,1.000"
X-1970,C10orf68,79741.0,MutNovel,"R195C,1.000"
X-1970,C14orf101,54916.0,MutNovel,"F181C,1.000"
X-1970,C1orf182,128229.0,MutNovel,"E17K,0.500"
X-1970,C1orf229,388759.0,Amp5,5.5
X-1970,CALR,811.0,Amp5,5.13
X-1970,CCDC28A,25901.0,Amp5,6.32
X-1970,CDC42EP2,10435.0,MutNovel,"P33R,1.000"
X-1970,CDY1B,253175.0,Del0.8,0.26
X-1970,CDY1B,253175.0,Del0.8,0.26
X-1970,CDY2A,9426.0,Del0.8,0.26
X-1970,CDY2A,9426.0,Del0.8,0.26
X-1970,CDY2B,203611.0,Del0.8,0.26
X-1970,CDY2B,203611.0,Del0.8,0.26
X-1970,CEL,1056.0,MutNovel,"A692P,0.727"
X-1970,CFB,629.0,MutNovel,"D108N,0.269"
X-1970,CFHR1,3078.0,Amp8,8.46
X-1970,CFHR3,10878.0,Amp5,7.94
X-1970,CHD2,1106.0,MutKnownFunctional,"-1242?,0.824"
X-1970,CIITA,4261.0,MutNovel,"T687A,1.000"
X-1970,CILP2,148113.0,MutNovel,"D526E,0.357"
X-1970,CITED2,10370.0,Amp5,6.5
X-1970,CNTRL,11064.0,MutNovel,"A635V,0.300"
X-1970,COL15A1,1306.0,MutNovel,"D90N,0.716"
X-1970,CREBBP,1387.0,Del0.8,0.33
X-1970,CRIPAK,285464.0,MutNovel,"P229S,1.000"
X-1970,CSPG4,1464.0,MutNovel,"A1461D,0.521"
X-1970,CSPG4P1Y,114758.0,Del0.8,0.26
X-1970,CSPG4P1Y,114758.0,Del0.8,0.26
X-1970,CT45A1,541466.0,Del0.8,0.7
X-1970,CT45A2,728911.0,Del0.8,0.7
X-1970,CT45A4,441520.0,Del0.8,0.7
X-1970,DAND5,199699.0,Amp5,5.13
X-1970,DAZ1,1617.0,Del0.8,0.26
X-1970,DAZ2,57055.0,Del0.8,0.26
X-1970,DAZ3,57054.0,Del0.8,0.26
X-1970,DAZ3,57054.0,Del0.8,0.26
X-1970,DAZ4,57135.0,Del0.8,0.26
X-1970,DAZ4,57135.0,Del0.8,0.26
X-1970,DDX3Y,8653.0,Del0.8,0.26
X-1970,DENND4B,9909.0,MutNovel,"QQQ908-,1.000"
X-1970,DHRSX,207063.0,MutNovel,"S820G,0.462"
X-1970,DHRSX,207063.0,MutNovel,"G383R,1.000"
X-1970,DLG5,9231.0,MutNovel,"V1287M,0.392"
X-1970,DNAH1,25981.0,MutNovel,"L3648V,1.000"
X-1970,DNAH1,25981.0,MutNovel,"F3652L,1.000"
X-1970,DNAH1,25981.0,Del0.8,0.66
X-1970,DRD4,1815.0,MutNovel,"A281P,0.714"
X-1970,DRD4,1815.0,MutNovel,"S284G,1.000"
X-1970,DSG1,1828.0,MutNovel,"R128Q,0.316"
X-1970,DUOXA2,405753.0,MutNovel,"N109H,0.625"
X-1970,DUOXA2,405753.0,MutNovel,"Y126H,0.250"
X-1970,DUOXA2,405753.0,MutNovel,"W132R,0.400"
X-1970,DUOXA2,405753.0,MutNovel,"Y156H,0.800"
X-1970,ECT2L,345930.0,Amp5,6.32
X-1970,EIF1AY,9086.0,Del0.8,0.26
X-1970,EML1,2009.0,MutNovel,"D553E,0.531"
X-1970,ENO3,2027.0,MutNovel,"R372C,0.346"
X-1970,EP300,2033.0,MutNovel,"T1190P,0.316"
X-1970,EPB41L2,2037.0,Amp5,6.68
X-1970,EPM2A,7957.0,MutKnownFunctional,"-318?,0.312"
X-1970,EVC,2121.0,MutNovel,"L42I,1.000"
X-1970,EXOSC6,118460.0,MutNovel,"G190E,0.377"
X-1970,EYA4,2070.0,Amp5,5.98
X-1970,FAM106A,80039.0,Del0.8,0.64
X-1970,FAM106CP,100129396.0,Amp5,5.24
X-1970,FAM115C,285966.0,MutNovel,"C311R,1.000"
X-1970,FAM132B,,MutNovel,"G281R,1.000"
X-1970,FAM197Y2P,252946.0,Del0.8,0.26
X-1970,FAM41AY1,340618.0,Del0.8,0.26
X-1970,FAM41AY1,340618.0,Del0.8,0.26
X-1970,FAM54A,113115.0,Amp5,6.87
X-1970,FAM64A,54478.0,MutKnownFunctional,"-248,1.000"
X-1970,FARSA,2193.0,Amp5,5.13
X-1970,FCGBP,8857.0,MutNovel,"R2852Q,1.000"
X-1970,FCGBP,8857.0,MutNovel,"A2568T,0.667"
X-1970,FLJ46906,441172.0,Amp5,6.32
X-1970,FNDC1,84624.0,MutNovel,"ATTRRTT1471A,1.000"
X-1970,FNDC3B,64778.0,MutNovel,"E965D,0.671"
X-1970,FTSJD2,23070.0,MutNovel,"E225Q,0.269"
X-1970,FYTTD1,84248.0,Amp5,7.31
X-1970,GADD45GIP1,90480.0,Amp5,5.13
X-1970,GIT1,28964.0,MutNovel,"R464Q,0.996"
X-1970,GLRB,2743.0,MutNovel,"T410P,0.950"
X-1970,GNB4,59345.0,MutNovel,"FV199LI,0.676"
X-1970,GOLGA2P2Y,84559.0,Del0.8,0.26
X-1970,GOLGA2P2Y,84559.0,Del0.8,0.26
X-1970,GPR126,57211.0,Amp5,5.24
X-1970,GSR,2936.0,MutNovel,"A20V,0.917"
X-1970,GYG2P1,352887.0,Del0.8,0.26
X-1970,HBS1L,10767.0,Amp5,6.87
X-1970,HEBP2,23593.0,Amp5,6.87
X-1970,HECA,51696.0,Amp5,6.32
X-1970,HMGA1P7,387065.0,Amp5,6.87
X-1970,HSFY2,159119.0,Del0.8,0.26
X-1970,HSFY2,159119.0,Del0.8,0.26
X-1970,IFNGR1,3459.0,Amp5,6.87
X-1970,IGSF9,57549.0,MutNovel,"R1155C,0.370"
X-1970,IL20RA,53832.0,Amp5,6.87
X-1970,IL22RA2,116379.0,Amp5,6.87
X-1970,INF2,64423.0,MutNovel,"C484Y,1.000"
X-1970,IPO11,51194.0,MutNovel,"R202Q,1.000"
X-1970,IQCG,84223.0,Amp5,5.1
X-1970,KCNJ12,3768.0,MutNovel,"I100V,0.667"
X-1970,KCNJ12,3768.0,MutNovel,"P156L,1.000"
X-1970,KCNMB4,27345.0,MutNovel,"H165P,0.471"
X-1970,KDM5D,8284.0,Del0.8,0.26
X-1970,KIAA0125,9834.0,Amp5,5.62
X-1970,KIAA0226,9711.0,Amp5,7.31
X-1970,KIAA0895,23366.0,MutNovel,"G228E,0.241"
X-1970,KIAA1244,57221.0,Amp5,6.87
X-1970,KIR2DL4,3805.0,Amp5,5.78
X-1970,KRT16P2,400578.0,Amp5,5.24
X-1970,KRT6C,286887.0,MutNovel,"Y497L,0.500"
X-1970,KRT6C,286887.0,MutNovel,"A87G,0.750"
X-1970,KRT75,9119.0,MutNovel,"I440V,1.000"
X-1970,L3MBTL3,84456.0,Amp5,6.68
X-1970,LGALS9C,654346.0,Del0.8,0.64
X-1970,LGMN,5641.0,MutNovel,"D245Y,0.527"
X-1970,LINC00226,338004.0,Amp5,5.62
X-1970,LINC00271,100131814.0,Amp5,6.87
X-1970,LINC00326,285735.0,Amp5,5.98
X-1970,LMLN,89782.0,Amp5,5.1
X-1970,LOC100132247,100132247.0,MutNovel,"V1103A,1.000"
X-1970,LOC100132735,100132735.0,Amp5,6.5
X-1970,LOC100144595,,MutNovel,"Y56H,0.600"
X-1970,LOC100287144,,MutNovel,"S364T,1.000"
X-1970,LOC100287364,,MutNovel,"S23P,1.000"
X-1970,LOC100289200,,MutNovel,"N275S,1.000"
X-1970,LOC100507203,100507203.0,Amp5,6.68
X-1970,LOC100507462,100507462.0,Amp5,6.32
X-1970,LOC100996289,,MutNovel,"S54G,0.500"
X-1970,LOC153910,153910.0,Amp5,5.24
X-1970,LOC154092,154092.0,Amp5,6.87
X-1970,LOC220729,220729.0,Amp5,7.31
X-1970,LOC284344,284344.0,Del0.8,0.34
X-1970,LOC645434,645434.0,Amp5,6.5
X-1970,LOC81691,81691.0,MutKnownFunctional,"-232,1.000"
X-1970,LPAR6,10161.0,Del0.8,0.31
X-1970,LPHN2,23266.0,Del0.8,0.48
X-1970,LRCH3,84859.0,Amp5,6.11
X-1970,LRRC37B,114659.0,MutNovel,"R541S,0.324"
X-1970,LSR,51599.0,MutNovel,"G518GR,1.000"
X-1970,MAMDC4,158056.0,MutNovel,"Y650H,1.000"
X-1970,MAP3K5,4217.0,Amp5,6.87
X-1970,MAP7,9053.0,Amp5,6.87
X-1970,MARCKS,4082.0,MutNovel,"G228A,0.361"
X-1970,MCM6,4175.0,MutNovel,"D32E,0.532"
X-1970,MEF2A,4205.0,MutNovel,"QQ412-,0.405"
X-1970,MEOX2,4223.0,MutNovel,"HH76H,1.000"
X-1970,MGC34034,154089.0,Amp5,6.87
X-1970,MIR3145,100423001.0,Amp5,6.87
X-1970,MIR3662,100500880.0,Amp5,6.87
X-1970,MIR3668,100500879.0,Amp5,6.5
X-1970,MIR4797,100616216.0,Amp5,7.01
X-1970,MIR570,693155.0,Amp5,5.46
X-1970,MIR922,100126321.0,Amp5,7.31
X-1970,MLL2,8085.0,MutNovel,"P4949S,0.550"
X-1970,MLL2,8085.0,MutNovel,"P565L,0.533"
X-1970,MOXD1,26002.0,Amp5,5.98
X-1970,MPRIP,23164.0,MutNovel,"TS178T,1.000"
X-1970,MT1E,4493.0,MutNovel,"V49I,1.000"
X-1970,MTRNR2L6,100463482.0,MutNovel,"P12L,1.000"
X-1970,MUC19,,MutNovel,"P7325L,0.667"
X-1970,MUC5B,727897.0,MutNovel,"M2869T,1.000"
X-1970,MYB,4602.0,Amp5,6.87
X-1970,NACA2,342538.0,MutNovel,"R75K,1.000"
X-1970,NAT14,57106.0,MutNovel,"V139M,1.000"
X-1970,NBEA,26960.0,MutNovel,"F2846V,0.750"
X-1970,NBPF1,55672.0,MutNovel,"R1042S,0.750"
X-1970,NBPF1,55672.0,MutNovel,"L608R,0.222"
X-1970,NBPF9,400818.0,MutNovel,"R97G,0.353"
X-1970,NBPF9,400818.0,MutNovel,"V346L,0.231"
X-1970,NCAM2,4685.0,MutNovel,"A164T,0.286"
X-1970,NCOA3,8202.0,MutNovel,"Q1255-,0.578"
X-1970,NCOR2,9612.0,MutNovel,"G1839GAAA,1.000"
X-1970,NCOR2,9612.0,MutNovel,"-511S,0.982"
X-1970,NCRNA00185,55410.0,Del0.8,0.26
X-1970,NDUFB4,4710.0,MutNovel,"P15S,1.000"
X-1970,NEK9,91754.0,MutNovel,"G451R,1.000"
X-1970,NHEG1,100294720.0,Amp5,6.87
X-1970,NHSL1,57224.0,Amp5,6.87
X-1970,NLE1,54475.0,MutNovel,"L438P,1.000"
X-1970,NLGN4Y,22829.0,Del0.8,0.26
X-1970,NMBR,4829.0,Amp5,6.96
X-1970,NPIP,9284.0,MutNovel,"HL146QM,0.500"
X-1970,NR1H2,7376.0,MutNovel,"-173Q,1.000"
X-1970,NSUN5,55695.0,MutNovel,"R273W,0.300"
X-1970,OBP2A,29991.0,MutNovel,"F90Y,0.923"
X-1970,OLIG3,167826.0,Amp5,6.87
X-1970,OR2T10,127069.0,Amp5,5.86
X-1970,OR2T11,127077.0,Amp5,5.86
X-1970,OR2T35,403244.0,Amp5,5.86
X-1970,ORAI1,84876.0,MutNovel,"PP43-,1.000"
X-1970,PBOV1,59351.0,Amp5,6.87
X-1970,PCDH11Y,83259.0,Del0.8,0.3
X-1970,PCK2,5106.0,MutNovel,"M494I,1.000"
X-1970,PDE4DIP,9659.0,MutNovel,"Q1373E,0.706"
X-1970,PDE7B,27115.0,Amp5,6.87
X-1970,PDZRN3,23024.0,MutNovel,"H152Y,1.000"
X-1970,PELP1,27043.0,MutNovel,"EE895E,1.000"
X-1970,PERP,64065.0,Amp5,6.87
X-1970,PEX7,5191.0,Amp5,6.87
X-1970,PHF17,79960.0,MutNovel,"S829C,0.216"
X-1970,PHF7,51533.0,Del0.8,0.66
X-1970,PHLDA1,22822.0,MutNovel,"QQ194Q,1.000"
X-1970,PIF1,80119.0,MutNovel,"E6D,0.323"
X-1970,PKDREJ,10343.0,MutKnownFunctional,"-1836?,1.000"
X-1970,PLCG1,5335.0,MutNovel,"M480I,0.294"
X-1970,PLEKHA1,59338.0,MutNovel,"A330T,1.000"
X-1970,POM121,9883.0,MutNovel,"A422T,0.208"
X-1970,PPP1R15A,23645.0,MutNovel,"E161D,0.227"
X-1970,PRB1,5542.0,MutNovel,"R149Q,0.500"
X-1970,PRB2,653247.0,MutNovel,"S52P,0.526"
X-1970,PRB2,653247.0,MutNovel,"K46T,0.273"
X-1970,PRB4,5545.0,MutNovel,"P123G,0.667"
X-1970,PRB4,5545.0,MutNovel,"P116H,0.333"
X-1970,PRDX2,7001.0,MutNovel,"G95S,0.436"
X-1970,PRKY,5616.0,Del0.8,0.26
X-1970,PRY,9081.0,Del0.8,0.26
X-1970,PRY,9081.0,Del0.8,0.26
X-1970,PRY2,442862.0,Del0.8,0.26
X-1970,PRY2,442862.0,Del0.8,0.26
X-1970,PTAR1,375743.0,MutNovel,"E295D,0.683"
X-1970,PTH2R,5746.0,MutKnownFunctional,"S82*,1.000"
X-1970,PTPN14,5784.0,MutNovel,"N305D,0.741"
X-1970,RAD23A,5886.0,Amp5,5.13
X-1970,RAET1G,353091.0,MutNovel,"I114T,1.000"
X-1970,RAI1,10743.0,MutNovel,"QQQQ278-,1.000"
X-1970,RASSF5,83593.0,MutNovel,"P72S,1.000"
X-1970,RB1,5925.0,Del0.8,0.44
X-1970,RBMY1A3P,286557.0,Del0.8,0.26
X-1970,RBMY1B,378948.0,Del0.8,0.26
X-1970,RBMY1B,378948.0,Del0.8,0.26
X-1970,RBMY1E,378950.0,Del0.8,0.26
X-1970,RBMY1E,378950.0,Del0.8,0.26
X-1970,RBMY1F,159163.0,Del0.8,0.26
X-1970,RBMY1F,159163.0,Del0.8,0.26
X-1970,RBMY1J,378951.0,Del0.8,0.26
X-1970,RBMY1J,378951.0,Del0.8,0.26
X-1970,RBMY2EP,159125.0,Del0.8,0.26
X-1970,RBMY2FP,159162.0,Del0.8,0.26
X-1970,RBMY3AP,64593.0,Del0.8,0.26
X-1970,RCBTB2,1102.0,Del0.8,0.55
X-1970,REPS1,85021.0,Amp5,6.32
X-1970,REST,5978.0,MutNovel,"I747M,0.517"
X-1970,RHD,6007.0,Del0.8,0.64
X-1970,RNASEH2B,79621.0,MutNovel,"K29-,1.000"
X-1970,RND3,390.0,MutNovel,"E58G,0.491"
X-1970,RNF19B,127544.0,MutNovel,"N452S,0.250"
X-1970,RNPS1,10921.0,MutNovel,"S127-,1.000"
X-1970,RNPS1,10921.0,MutNovel,"S127P,0.923"
X-1970,RPL13A,23521.0,MutNovel,"P76A,0.996"
X-1970,RPL35A,6165.0,Amp5,5.1
X-1970,RPS12,6206.0,Amp5,5.98
X-1970,RPS4Y1,6192.0,Del0.8,0.3
X-1970,RPS4Y2,140032.0,Del0.8,0.26
X-1970,RPS6KA6,27330.0,MutNovel,"Y711C,1.000"
X-1970,SAMD3,154075.0,Amp5,6.68
X-1970,SCNN1B,6338.0,MutNovel,"AAL60A,0.500"
X-1970,SCNN1B,6338.0,MutNovel,"R563W,1.000"
X-1970,SERGEF,26297.0,MutNovel,"P412L,1.000"
X-1970,SERINC2,347735.0,MutNovel,"-373Q,1.000"
X-1970,SERTM1,400120.0,MutNovel,"S11L,0.288"
X-1970,SGK1,6446.0,Amp5,6.87
X-1970,SLC2A12,154091.0,Amp5,6.87
X-1970,SLC35D3,340146.0,Amp5,6.87
X-1970,SLC39A9,55334.0,MutNovel,"V38L,1.000"
X-1970,SMO,6608.0,MutNovel,"G16GL,0.500"
X-1970,SNORA33,594839.0,Amp5,5.98
X-1970,SPEF2,79925.0,MutNovel,"V594F,0.500"
X-1970,SPOCD1,90853.0,MutNovel,"R1091K,1.000"
X-1970,SRMS,6725.0,MutNovel,"F330L,0.237"
X-1970,SRMS,6725.0,MutNovel,"G319C,0.219"
X-1970,SRY,6736.0,Del0.8,0.3
X-1970,STX6,10228.0,MutNovel,"Q188R,0.722"
X-1970,STX7,8417.0,Amp5,5.98
X-1970,TAAR1,134864.0,Amp5,5.98
X-1970,TAAR2,9287.0,Amp5,5.98
X-1970,TAAR3,9288.0,Amp5,5.98
X-1970,TAAR5,9038.0,Amp5,5.98
X-1970,TAAR6,319100.0,Amp5,5.98
X-1970,TAAR8,83551.0,Amp5,5.98
X-1970,TAAR9,134860.0,Amp5,5.98
X-1970,TBC1D12,23232.0,MutNovel,"S193F,0.273"
X-1970,TBC1D3G,654341.0,MutNovel,"P406L,1.000"
X-1970,TBC1D3H,729877.0,MutNovel,"S484Y,1.000"
X-1970,TBC1D3H,729877.0,MutNovel,"V480A,1.000"
X-1970,TBL1Y,90665.0,Del0.8,0.26
X-1970,TBPL1,9519.0,Amp5,6.87
X-1970,TCF21,6943.0,Amp5,6.87
X-1970,TCF7L2,6934.0,MutKnownFunctional,"-465?,0.250"
X-1970,TCFL5,10732.0,MutNovel,"D189N,0.209"
X-1970,TCHH,7062.0,MutNovel,"L1166R,1.000"
X-1970,TDRD6,221400.0,MutNovel,"P1204L,0.600"
X-1970,TGIF2LY,90655.0,Del0.8,0.3
X-1970,THOC2,57187.0,MutNovel,"A10P,1.000"
X-1970,TLK2,11011.0,MutNovel,"R262Q,0.313"
X-1970,TMBIM4,51643.0,MutKnownFunctional,"-174?,0.625"
X-1970,TMEM184A,202915.0,MutNovel,"G392GA,1.000"
X-1970,TMEM184B,25829.0,MutNovel,"R4K,0.736"
X-1970,TMEM2,23670.0,MutNovel,"H288R,0.778"
X-1970,TMEM200A,114801.0,Amp5,6.68
X-1970,TMSB4Y,9087.0,Del0.8,0.26
X-1970,TNFAIP3,7128.0,Amp5,6.87
X-1970,TNRC18,84629.0,MutNovel,"V2966L,0.315"
X-1970,TOX2,84969.0,MutNovel,"-390P,0.900"
X-1970,TP53,7157.0,MutLikelyFunctional,"H193R,1.000"
X-1970,TSEN54,283989.0,MutNovel,"M1MEP,1.000"
X-1970,TSPY1,7258.0,Del0.8,0.26
X-1970,TSPY2,64591.0,Del0.8,0.26
X-1970,TSPY3,728137.0,Del0.8,0.26
X-1970,TSPY4,728395.0,Del0.8,0.26
X-1970,TSPY8,728403.0,Del0.8,0.26
X-1970,TSPYL1,7259.0,MutNovel,"V176VW,1.000"
X-1970,TTTY10,246119.0,Del0.8,0.26
X-1970,TTTY11,83866.0,Del0.8,0.26
X-1970,TTTY12,83867.0,Del0.8,0.26
X-1970,TTTY13,83868.0,Del0.8,0.26
X-1970,TTTY14,83869.0,Del0.8,0.26
X-1970,TTTY15,64595.0,Del0.8,0.26
X-1970,TTTY16,252948.0,Del0.8,0.26
X-1970,TTTY17A,252949.0,Del0.8,0.26
X-1970,TTTY17A,252949.0,Del0.8,0.26
X-1970,TTTY18,252950.0,Del0.8,0.26
X-1970,TTTY19,252952.0,Del0.8,0.26
X-1970,TTTY1B,100101116.0,Del0.8,0.26
X-1970,TTTY1B,100101116.0,Del0.8,0.26
X-1970,TTTY2,60439.0,Del0.8,0.26
X-1970,TTTY2,60439.0,Del0.8,0.26
X-1970,TTTY20,252951.0,Del0.8,0.26
X-1970,TTTY21,252953.0,Del0.8,0.26
X-1970,TTTY21,252953.0,Del0.8,0.26
X-1970,TTTY22,252954.0,Del0.8,0.26
X-1970,TTTY23,252955.0,Del0.8,0.26
X-1970,TTTY23,252955.0,Del0.8,0.26
X-1970,TTTY3,114760.0,Del0.8,0.26
X-1970,TTTY3,114760.0,Del0.8,0.26
X-1970,TTTY4,114761.0,Del0.8,0.26
X-1970,TTTY4,114761.0,Del0.8,0.26
X-1970,TTTY5,83863.0,Del0.8,0.26
X-1970,TTTY6,84672.0,Del0.8,0.26
X-1970,TTTY6,84672.0,Del0.8,0.26
X-1970,TTTY7,246122.0,Del0.8,0.26
X-1970,TTTY7,246122.0,Del0.8,0.26
X-1970,TTTY7B,100101120.0,Del0.8,0.26
X-1970,TTTY7B,100101120.0,Del0.8,0.26
X-1970,TTTY8,84673.0,Del0.8,0.26
X-1970,TTTY8,84673.0,Del0.8,0.26
X-1970,TTTY9A,83864.0,Del0.8,0.26
X-1970,TTTY9A,83864.0,Del0.8,0.26
X-1970,TXLNA,200081.0,MutNovel,"P140L,0.316"
X-1970,TXLNB,167838.0,Amp5,6.32
X-1970,TXLNG2P,246126.0,Del0.8,0.26
X-1970,UPK3BL,,MutNovel,"V204D,0.288"
X-1970,USP28,57646.0,MutKnownFunctional,"-627,0.492"
X-1970,USP32P1,162632.0,Amp5,5.24
X-1970,USP32P2,220594.0,Del0.8,0.64
X-1970,USP36,57602.0,MutNovel,"KKK958K,1.000"
X-1970,USP9Y,8287.0,Del0.8,0.26
X-1970,UTY,7404.0,Del0.8,0.26
X-1970,VCY,9084.0,Del0.8,0.26
X-1970,VCY,9084.0,Del0.8,0.26
X-1970,VNN1,8876.0,Amp5,5.98
X-1970,VNN2,8875.0,Amp5,5.98
X-1970,VNN3,55350.0,Amp5,5.98
X-1970,VPS54,51542.0,MutNovel,"S544R,0.558"
X-1970,VTA1,51534.0,Amp5,6.06
X-1970,WDR66,144406.0,MutNovel,"I699V,0.667"
X-1970,XKRY2,353515.0,Del0.8,0.26
X-1970,XKRY2,353515.0,Del0.8,0.26
X-1970,YLPM1,56252.0,MutNovel,"Q294R,1.000"
X-1970,ZDHHC11,79844.0,MutNovel,"G58R,0.769"
X-1970,ZFY,7544.0,Del0.8,0.3
X-1970,ZMYM4,9202.0,MutNovel,"V1470A,0.649"
X-1970,ZNF124,7678.0,Amp5,5.5
X-1970,ZNF14,7561.0,MutNovel,"P306H,0.262"
X-1970,ZNF233,353355.0,MutNovel,"L90P,0.381"
X-1970,ZNF354C,30832.0,MutNovel,"K59N,0.647"
X-1970,ZNF384,171017.0,MutNovel,"QQ514Q,1.000"
X-1970,ZNF407,55628.0,MutNovel,"K1654M,0.435"
X-1970,ZNF501,115560.0,MutNovel,"L262H,0.393"
X-1970,ZNF669,79862.0,Amp5,5.5
X-1970,ZNF670,93474.0,Amp5,5.5
X-1970,ZNF670-ZNF695,100533111.0,Amp5,5.5
X-1970,ZNF695,57116.0,Amp5,5.5
X-1970,ZNF703,80139.0,MutNovel,"R580T,0.352"
X-1970,ZNF749,388567.0,MutNovel,"G23W,0.439"
X-1970,ZNF814,730051.0,MutNovel,"H296HI,1.000"
X-1970,ZNRF2,223082.0,MutNovel,"D123DG,0.706"
X-1970,ZSCAN29,146050.0,MutNovel,"G175R,0.468"
X-2127,AARS2,57505.0,Amp5,6.87
X-2127,ABCB10,23456.0,MutNovel,"L84P,1.000"
X-2127,ABCC10,89845.0,Amp5,6.87
X-2127,ACOT1,641371.0,Del0.8,0.8
X-2127,ACTN4,81.0,Amp5,5.28
X-2127,ADCK4,79934.0,Amp8,10.13
X-2127,ADHFE1,137872.0,Amp5,6.59
X-2127,ADK,132.0,Amp5,5.1
X-2127,AGAP3,116988.0,MutNovel,"S312C,0.539"
X-2127,AGAP5,729092.0,MutKnownFunctional,"-616,0.524"
X-2127,AGAP5,729092.0,MutNovel,"V556I,0.324"
X-2127,AGAP5,729092.0,Amp5,5.1
X-2127,AGAP6,414189.0,MutNovel,"P391L,1.000"
X-2127,AGAP6,414189.0,MutKnownFunctional,"E621*,1.000"
X-2127,AKAP7,9465.0,MutNovel,"H163R,0.440"
X-2127,AKT2,208.0,Amp8,10.13
X-2127,ALDH3B1,221.0,MutNovel,"P279S,0.400"
X-2127,ALDOC,230.0,Amp5,5.86
X-2127,ALKBH1,8846.0,MutNovel,"R213Q,1.000"
X-2127,ALX4,60529.0,MutNovel,"R257C,0.678"
X-2127,AMELY,266.0,Del0.8,0.33
X-2127,ANAPC16,119504.0,Amp5,5.1
X-2127,ANKRD30BP2,149992.0,Amp5,5.06
X-2127,ANKS1A,23294.0,MutNovel,"T245K,0.500"
X-2127,ANXA7,310.0,Amp5,5.1
X-2127,AP3M1,26985.0,Amp5,5.1
X-2127,AP5B1,,MutNovel,"L856P,0.289"
X-2127,APBA2,321.0,MutNovel,"A279V,0.410"
X-2127,APOBEC2,10930.0,Amp5,6.87
X-2127,ARFGEF1,10565.0,Amp5,6.59
X-2127,ARHGAP23,57636.0,MutNovel,"E1370K,1.000"
X-2127,ARHGAP40,343578.0,MutNovel,"E213K,0.636"
X-2127,ARL6IP1,23204.0,MutNovel,"A2G,0.271"
X-2127,ARMC1,55156.0,Amp5,6.59
X-2127,ASPH,444.0,Amp5,6.59
X-2127,ATP6V0CP3,442211.0,Amp5,6.87
X-2127,ATP6V1H,51606.0,Amp5,6.77
X-2127,B4GALT7,11285.0,MutNovel,"S18A,0.348"
X-2127,BAG2,9532.0,Amp5,5.03
X-2127,BCORP1,286554.0,Del0.8,0.31
X-2127,BEND6,221336.0,Amp5,5.03
X-2127,BHLHE22,27319.0,Amp5,6.59
X-2127,BHLHE41,79365.0,MutNovel,"A428T,1.000"
X-2127,BLVRB,645.0,Amp8,10.13
X-2127,BMP5,653.0,Amp5,5.03
X-2127,BMS1P4,729096.0,Amp5,5.1
X-2127,BPY2B,442867.0,Del0.8,0.31
X-2127,BPY2B,442867.0,Del0.8,0.31
X-2127,BYSL,705.0,Amp5,6.87
X-2127,C10orf55,414236.0,Amp5,5.1
X-2127,C10orf99,387695.0,Amp5,5.35
X-2127,C16orf59,80178.0,MutNovel,"V376G,0.370"
X-2127,C16orf74,404550.0,MutNovel,"SSS19-,0.420"
X-2127,C16orf95,100506581.0,MutNovel,"P45H,0.400"
X-2127,C19orf12,83636.0,Amp5,6.92
X-2127,C19orf47,126526.0,Amp8,10.13
X-2127,C19orf54,284325.0,Amp8,10.13
X-2127,C21orf58,54058.0,MutNovel,"H299PN,0.269"
X-2127,C6orf108,10591.0,Amp5,6.87
X-2127,C6orf130,221443.0,Amp5,6.87
X-2127,C6orf132,647024.0,Amp5,6.87
X-2127,C6orf141,135398.0,Amp5,5.06
X-2127,C6orf211,79624.0,MutNovel,"L158V,0.212"
X-2127,C6orf223,221416.0,Amp5,6.87
X-2127,C6orf226,441150.0,Amp5,6.87
X-2127,C8orf22,492307.0,Amp5,6.77
X-2127,C8orf34,116328.0,Amp5,6.59
X-2127,C8orf44,56260.0,Amp5,6.59
X-2127,C8orf44-SGK3,100533105.0,Amp5,6.59
X-2127,C8orf46,254778.0,Amp5,6.59
X-2127,C9orf123,90871.0,Amp5,5.21
X-2127,C9orf66,157983.0,Amp8,10.27
X-2127,C9orf86,55684.0,Del0.8,0.7
X-2127,CA8,767.0,Amp5,6.59
X-2127,CAMK2G,818.0,Amp5,5.1
X-2127,CAPN11,11131.0,Amp5,6.87
X-2127,CAPN12,147968.0,Amp5,5.28
X-2127,CBWD1,55871.0,MutNovel,"V5G,0.248"
X-2127,CBWD1,55871.0,Amp8,10.27
X-2127,CCDC85B,11007.0,MutNovel,"G156V,0.407"
X-2127,CCND3,896.0,Amp5,6.87
X-2127,CCNE1,898.0,Amp5,6.92
X-2127,CD2AP,23607.0,Amp8,8.57
X-2127,CDC34,997.0,MutNovel,"R3P,0.500"
X-2127,CDC5L,988.0,Amp5,6.87
X-2127,CDH3,1001.0,MutNovel,"N340I,0.298"
X-2127,CDHR1,92211.0,Amp5,5.35
X-2127,CDK13,8621.0,MutNovel,"P343S,0.500"
X-2127,CDY1B,253175.0,Del0.8,0.31
X-2127,CDY1B,253175.0,Del0.8,0.31
X-2127,CDY2A,9426.0,Del0.8,0.31
X-2127,CDY2A,9426.0,Del0.8,0.31
X-2127,CDY2B,203611.0,Del0.8,0.31
X-2127,CDY2B,203611.0,Del0.8,0.31
X-2127,CEBPD,1052.0,Amp5,6.77
X-2127,CEBPZ,10153.0,MutNovel,"Y188C,0.353"
X-2127,CENPQ,55166.0,Amp5,5.06
X-2127,CFHR1,3078.0,Amp8,10.27
X-2127,CFHR3,10878.0,Amp8,10.27
X-2127,CHCHD1,118487.0,Amp5,5.1
X-2127,CHCHD7,79145.0,Amp5,6.77
X-2127,CHD6,84181.0,MutNovel,"E1869Q,0.429"
X-2127,CHD7,55636.0,Amp5,6.59
X-2127,CHEK1,1111.0,MutNovel,"V118G,0.357"
X-2127,CHRFAM7A,89832.0,Del0.8,0.69
X-2127,CHRM3,1131.0,Amp5,5.1
X-2127,CKAP4,10970.0,MutNovel,"A89V,0.375"
X-2127,CLC,1178.0,Amp5,5.17
X-2127,CLIC5,53405.0,Amp8,8.57
X-2127,CLVS1,157807.0,Amp5,6.59
X-2127,CNPY3,10695.0,Amp5,6.87
X-2127,CNTD2,79935.0,Amp8,10.13
X-2127,CNTNAP3B,728577.0,MutNovel,"L336V,1.000"
X-2127,CNTNAP3B,728577.0,MutNovel,"C996W,0.750"
X-2127,COL21A1,81578.0,Amp5,5.03
X-2127,COMTD1,118881.0,Amp5,5.1
X-2127,COPS5,10987.0,Amp5,6.59
X-2127,CPA6,57094.0,Amp5,6.59
X-2127,CPSF6,11052.0,MutNovel,"D537E,0.321"
X-2127,CREB3L2,64764.0,MutNovel,"H33R,0.471"
X-2127,CREBL2,1389.0,MutNovel,"C63Y,0.857"
X-2127,CRH,1392.0,Amp5,6.59
X-2127,CRIP3,401262.0,Amp5,6.87
X-2127,CRISP1,167.0,Amp5,5.06
X-2127,CRISP2,7180.0,Amp5,5.06
X-2127,CRISP3,10321.0,Amp5,5.06
X-2127,CRISPLD1,83690.0,Amp5,7.67
X-2127,CROCC,9696.0,MutNovel,"L548R,0.625"
X-2127,CRYBA1,1411.0,Amp5,6.32
X-2127,CSH2,1443.0,MutNovel,"A3P,1.000"
X-2127,CSPG4,1464.0,MutNovel,"R365Q,1.000"
X-2127,CSPG4P1Y,114758.0,Del0.8,0.31
X-2127,CSPG4P1Y,114758.0,Del0.8,0.31
X-2127,CSPP1,79848.0,Amp5,6.59
X-2127,CSRP2BP,57325.0,MutNovel,"L315M,0.579"
X-2127,CTC1,80169.0,MutNovel,"P599S,1.000"
X-2127,CTSS,1520.0,Amp5,5.46
X-2127,CUL7,9820.0,Amp5,6.87
X-2127,CUL9,23113.0,Amp5,6.87
X-2127,CXXC1,30827.0,MutNovel,"Q161-,0.239"
X-2127,CYFIP1,23191.0,MutNovel,"I455M,0.277"
X-2127,CYP2F1,1572.0,MutNovel,"R433H,1.000"
X-2127,CYP39A1,51302.0,Amp8,8.57
X-2127,CYP7A1,1581.0,Amp5,6.59
X-2127,CYP7B1,9420.0,Amp5,6.59
X-2127,DAAM2,23500.0,Amp5,6.87
X-2127,DAZ1,1617.0,Del0.8,0.31
X-2127,DAZ2,57055.0,Del0.8,0.31
X-2127,DAZ3,57054.0,Del0.8,0.31
X-2127,DAZ3,57054.0,Del0.8,0.31
X-2127,DAZ4,57135.0,Del0.8,0.31
X-2127,DAZ4,57135.0,Del0.8,0.31
X-2127,DDIT4,54541.0,Amp5,5.1
X-2127,DDX3Y,8653.0,Del0.8,0.31
X-2127,DEFB110,245913.0,Amp5,5.06
X-2127,DEFB112,245915.0,Amp5,5.06
X-2127,DEFB113,245927.0,Amp5,5.06
X-2127,DEFB114,245928.0,Amp5,5.06
X-2127,DEFB133,403339.0,Amp5,5.06
X-2127,DHRS13,147015.0,Amp5,5.86
X-2127,DHRSX,207063.0,MutKnownFunctional,"R673*,0.667"
X-2127,DHX34,9704.0,MutNovel,"R36C,1.000"
X-2127,DIEXF,27042.0,MutNovel,"AL536A,0.986"
X-2127,DKFZP434L187,26082.0,Del0.8,0.69
X-2127,DLK2,65989.0,Amp5,6.87
X-2127,DLL3,10683.0,Amp5,5.17
X-2127,DMRT1,1761.0,Amp8,9.85
X-2127,DMRT2,10655.0,Amp8,11.88
X-2127,DMRT3,58524.0,Amp8,11.88
X-2127,DNAH8,1769.0,Amp5,6.87
X-2127,DNAJB12,54788.0,Amp5,5.1
X-2127,DNAJC13,23317.0,MutNovel,"K1414N,0.231"
X-2127,DNAJC5B,85479.0,Amp5,6.59
X-2127,DNAJC9,23234.0,Amp5,5.1
X-2127,DOCK8,81704.0,Amp8,10.27
X-2127,DST,667.0,Amp5,5.03
X-2127,DUPD1,338599.0,Amp5,5.1
X-2127,DUSP13,51207.0,Amp5,5.1
X-2127,DYRK1B,9149.0,Amp5,5.17
X-2127,ECD,11319.0,Amp5,5.1
X-2127,ECH1,1891.0,Amp5,5.17
X-2127,EFCAB1,79645.0,Amp5,6.77
X-2127,EFHC1,114327.0,Amp5,5.06
X-2127,EID2,163126.0,Amp5,5.17
X-2127,EID2B,126272.0,Amp5,5.17
X-2127,EIF1AY,9086.0,Del0.8,0.31
X-2127,EIF3K,27335.0,Amp5,5.28
X-2127,ELMO3,79767.0,MutKnownFunctional,"E641*,0.975"
X-2127,ELOVL5,60481.0,Amp5,5.06
X-2127,ENPP4,22875.0,Amp8,8.57
X-2127,ENPP5,59084.0,Amp8,8.57
X-2127,ERAL1,26284.0,Amp5,5.86
X-2127,ERC1,23085.0,MutNovel,"S994F,0.500"
X-2127,EYA1,2138.0,Amp5,6.36
X-2127,FABP12,646486.0,Amp5,7.67
X-2127,FABP4,2167.0,Amp5,7.67
X-2127,FABP5,2171.0,Amp5,7.67
X-2127,FABP9,646480.0,Amp5,7.67
X-2127,FAM110B,90362.0,Amp5,6.59
X-2127,FAM120A,23196.0,MutNovel,"E483G,0.310"
X-2127,FAM149B1,317662.0,Amp5,5.1
X-2127,FAM150A,389658.0,Amp5,6.77
X-2127,FAM190B,54462.0,Amp5,5.35
X-2127,FAM197Y2P,252946.0,Del0.8,0.33
X-2127,FAM22A,728118.0,MutNovel,"L181F,0.364"
X-2127,FAM22A,728118.0,MutNovel,"L563Q,0.667"
X-2127,FAM41AY1,340618.0,Del0.8,0.31
X-2127,FAM41AY1,340618.0,Del0.8,0.31
X-2127,FAM83B,222584.0,Amp5,5.03
X-2127,FAM83H,286077.0,MutNovel,"A615P,0.266"
X-2127,FAM86B1,85002.0,MutNovel,"V246M,0.846"
X-2127,FAM86B1,85002.0,MutNovel,"L168F,0.667"
X-2127,FAM86B1,85002.0,MutNovel,"R164Q,0.667"
X-2127,FAM86B1,85002.0,MutNovel,"P155S,0.750"
X-2127,FBL,2091.0,Amp5,5.17
X-2127,FBXO17,115290.0,Amp5,5.17
X-2127,FBXO27,126433.0,Amp5,5.17
X-2127,FBXO9,26268.0,Amp5,5.06
X-2127,FCGBP,8857.0,MutNovel,"A4607G,0.778"
X-2127,FCGBP,8857.0,Amp5,7.21
X-2127,FLJ39080,441355.0,Amp5,7.67
X-2127,FLJ41649,401260.0,Amp5,6.87
X-2127,FLOT2,2319.0,Amp5,5.86
X-2127,FNDC1,84624.0,MutNovel,"ATTRRTT1471A,0.714"
X-2127,FOXD4,2298.0,Amp8,10.27
X-2127,FOXN1,8456.0,Amp5,5.86
X-2127,FOXP4,116113.0,Amp5,6.87
X-2127,FRS3,10817.0,Amp5,6.87
X-2127,FTSJ3,117246.0,MutNovel,"EEEEE361E,0.839"
X-2127,FUT11,170384.0,Amp5,5.1
X-2127,GCLC,2729.0,Amp5,5.06
X-2127,GCM1,8521.0,Amp5,5.06
X-2127,GDAP1,54332.0,Amp5,7.67
X-2127,GFRAL,389400.0,Amp5,5.03
X-2127,GGH,8836.0,Amp5,6.59
X-2127,GGT2,,MutNovel,"I524T,0.500"
X-2127,GHITM,27069.0,Amp5,5.35
X-2127,GLO1,2739.0,Amp5,6.87
X-2127,GLP1R,2740.0,Amp5,6.87
X-2127,GLYATL3,389396.0,Amp5,5.06
X-2127,GMFG,9535.0,Amp5,5.17
X-2127,GNL1,2794.0,MutNovel,"C365W,0.254"
X-2127,GNMT,27232.0,Amp5,6.87
X-2127,GOLGA2P2Y,84559.0,Del0.8,0.31
X-2127,GOLGA2P2Y,84559.0,Del0.8,0.31
X-2127,GOLGA8A,23015.0,MutNovel,"L78M,0.385"
X-2127,GOLGA8B,440270.0,MutNovel,"L78M,0.583"
X-2127,GPN1,11321.0,MutNovel,"A297T,0.344"
X-2127,GPR110,266977.0,Amp8,8.57
X-2127,GPR111,222611.0,Amp8,8.57
X-2127,GPR115,221393.0,Amp8,8.57
X-2127,GPR116,221395.0,Amp8,8.57
X-2127,GRID1,2894.0,Amp5,5.35
X-2127,GSTA1,2938.0,Amp5,5.06
X-2127,GSTA2,2939.0,Amp5,5.06
X-2127,GSTA3,2940.0,Amp5,5.06
X-2127,GSTA4,2941.0,Amp5,5.06
X-2127,GSTA5,221357.0,Amp5,5.06
X-2127,GSTA7P,730152.0,Amp5,5.06
X-2127,GSTT1,2952.0,Amp5,5.43
X-2127,GTPBP2,54676.0,Amp5,6.87
X-2127,GTSE1,51512.0,MutNovel,"G294E,0.714"
X-2127,GUCA1A,2978.0,Amp5,6.87
X-2127,GUCA1B,2979.0,Amp5,6.87
X-2127,GYG2P1,352887.0,Del0.8,0.31
X-2127,GYPB,2994.0,Del0.8,0.42
X-2127,HCRTR2,3062.0,Amp5,5.03
X-2127,HEATR2,54919.0,Del0.8,0.65
X-2127,HEY1,23462.0,Amp5,7.67
X-2127,HIPK4,147746.0,Amp8,10.13
X-2127,HIST2H2AC,8338.0,MutNovel,"R12C,0.739"
X-2127,HLA-G,3135.0,MutNovel,"EQ138DE,0.680"
X-2127,HMGCLL1,54511.0,Amp5,5.03
X-2127,HNF4G,3174.0,Amp5,7.67
X-2127,HNRNPCL1,343069.0,Del0.8,0.66
X-2127,HNRNPL,3191.0,Amp5,5.17
X-2127,HOOK3,84376.0,MutNovel,"E5G,0.667"
X-2127,HORMAD1,84072.0,Amp5,5.46
X-2127,HSFY2,159119.0,Del0.8,0.31
X-2127,HSFY2,159119.0,Del0.8,0.31
X-2127,HSP90AB1,3326.0,Amp5,6.87
X-2127,ICK,22858.0,Amp5,5.06
X-2127,IFT20,90410.0,Amp5,5.86
X-2127,IL17A,3605.0,Amp5,5.06
X-2127,IL17F,112744.0,Amp5,5.06
X-2127,IL28A,282616.0,Amp5,5.17
X-2127,IL28B,282617.0,Amp5,5.17
X-2127,IL29,282618.0,Amp5,5.17
X-2127,IL7,3574.0,Amp5,7.67
X-2127,IMPA1,3612.0,Amp5,7.67
X-2127,IMPAD1,54928.0,Amp5,6.77
X-2127,ING3,54556.0,MutNovel,"M268T,0.778"
X-2127,INTS1,26173.0,MutNovel,"L354P,0.429"
X-2127,IRF7,3665.0,MutNovel,"N499T,0.588"
X-2127,ITPKC,80271.0,Amp8,10.13
X-2127,JPH1,56704.0,Amp5,7.67
X-2127,KANK1,23189.0,Amp8,9.51
X-2127,KAT6B,23522.0,Amp5,5.1
X-2127,KCNB2,9312.0,Amp5,7.67
X-2127,KCNK16,83795.0,Amp5,6.87
X-2127,KCNK17,89822.0,Amp5,6.87
X-2127,KCNK5,8645.0,Amp5,6.87
X-2127,KDM4C,23081.0,Amp5,5.82
X-2127,KDM5D,8284.0,Del0.8,0.31
X-2127,KIAA0100,9703.0,Amp5,5.86
X-2127,KIAA0146,23514.0,MutNovel,"G4D,0.839"
X-2127,KIAA0146,23514.0,Amp5,6.77
X-2127,KIAA0240,23506.0,Amp5,6.87
X-2127,KIAA0913,23053.0,Amp5,5.1
X-2127,KIAA1586,57691.0,Amp5,5.03
X-2127,KIF20B,9585.0,MutNovel,"L1062LKV,1.000"
X-2127,KIF6,221458.0,Amp5,6.87
X-2127,KLC4,89953.0,Amp5,6.87
X-2127,KLHDC3,116138.0,Amp5,6.87
X-2127,KLHL31,401265.0,Amp5,5.06
X-2127,KLK6,5653.0,Del0.8,0.76
X-2127,KRT18P55,284085.0,Amp5,5.86
X-2127,KRT6C,286887.0,MutNovel,"G88R,1.000"
X-2127,KTN1,3895.0,MutNovel,"R629H,0.564"
X-2127,LACTB2,51110.0,Amp5,6.36
X-2127,LAMA1,284217.0,MutNovel,"T2968I,0.407"
X-2127,LAMA5,3911.0,MutNovel,"A56S,1.000"
X-2127,LCE3C,353144.0,Amp5,6.73
X-2127,LETM1,3954.0,MutNovel,"P14S,0.500"
X-2127,LEUTX,342900.0,Amp5,5.17
X-2127,LGALS13,29124.0,Amp5,5.17
X-2127,LGALS14,56891.0,Amp5,5.17
X-2127,LGALS16,148003.0,Amp5,5.17
X-2127,LGALS17A,400696.0,Amp5,5.17
X-2127,LGALS4,3960.0,Amp5,5.17
X-2127,LGALS7,3963.0,Amp5,5.28
X-2127,LILRA6,79168.0,Del0.8,0.36
X-2127,LILRB3,11025.0,MutNovel,"R143Q,1.000"
X-2127,LINC00251,552859.0,Amp5,6.59
X-2127,LINC00293,497634.0,Amp5,6.77
X-2127,LOC100129935,100129935.0,Amp5,5.17
X-2127,LOC100130155,100130155.0,Amp5,6.59
X-2127,LOC100130298,100130298.0,Amp5,6.59
X-2127,LOC100130301,100130301.0,Amp5,7.67
X-2127,LOC100131047,100131047.0,Amp5,6.87
X-2127,LOC100132247,100132247.0,MutNovel,"V716I,1.000"
X-2127,LOC100132354,100132354.0,Amp5,6.87
X-2127,LOC100132891,100132891.0,Amp5,6.36
X-2127,LOC100287718,100287718.0,Amp8,8.57
X-2127,LOC100287846,100287846.0,Amp5,6.77
X-2127,LOC100505659,100505659.0,Amp5,6.59
X-2127,LOC100505676,100505676.0,Amp5,6.59
X-2127,LOC100505718,100505718.0,Amp5,6.59
X-2127,LOC100507632,100507632.0,Amp5,6.77
X-2127,LOC100507651,100507651.0,Amp5,6.59
X-2127,LOC170425,170425.0,Amp5,5.35
X-2127,LOC284344,284344.0,Del0.8,0.24
X-2127,LOC284395,284395.0,Amp8,9.32
X-2127,LOC286177,286177.0,Amp5,6.59
X-2127,LOC286184,286184.0,Amp5,6.59
X-2127,LOC286186,286186.0,Amp5,6.59
X-2127,LOC286189,286189.0,Amp5,6.59
X-2127,LOC286190,286190.0,Amp5,6.36
X-2127,LOC391322,391322.0,Amp5,5.43
X-2127,LOC392232,392232.0,Amp5,7.67
X-2127,LOC401463,401463.0,Amp5,6.59
X-2127,LOC643669,643669.0,Amp5,5.17
X-2127,LOC646021,,MutNovel,"K187T,1.000"
X-2127,LOC730101,730101.0,Amp5,5.06
X-2127,LRFN1,57622.0,Amp5,5.17
X-2127,LRFN2,57497.0,Amp5,6.87
X-2127,LRIT1,26103.0,Amp5,5.35
X-2127,LRIT2,340745.0,Amp5,5.35
X-2127,LRP8,7804.0,MutNovel,"D197E,0.429"
X-2127,LRRC1,55227.0,Amp5,5.06
X-2127,LRRC37A2,474170.0,Del0.8,0.7
X-2127,LRRC73,221424.0,Amp5,6.87
X-2127,LSR,51599.0,MutNovel,"G518GR,0.392"
X-2127,LTBP4,8425.0,Amp8,10.13
X-2127,LY96,23643.0,Amp5,7.67
X-2127,LYN,4067.0,Amp5,6.77
X-2127,LYPLA1,10434.0,Amp5,6.77
X-2127,MAD2L1BP,9587.0,Amp5,6.87
X-2127,MAGED1,9500.0,MutNovel,"PWSRIPFTF782P,0.415"
X-2127,MAP1LC3B2,643246.0,MutNovel,"R68-,0.267"
X-2127,MAP3K10,4294.0,Amp8,10.13
X-2127,MAP4K1,11184.0,Amp5,5.28
X-2127,MAP4K2,5871.0,MutNovel,"M220L,0.438"
X-2127,MAPK1,5594.0,MutNovel,"R191H,0.331"
X-2127,MAPKAPK2,9261.0,MutNovel,"T25A,1.000"
X-2127,MAT2B,27430.0,MutNovel,"V20G,0.455"
X-2127,MCM3,4172.0,Amp5,5.06
X-2127,MCM4,4173.0,Amp5,6.77
X-2127,MCU,90550.0,Amp5,5.1
X-2127,MDFI,4188.0,Amp5,6.87
X-2127,MEA1,4201.0,Amp5,6.87
X-2127,MED20,9477.0,Amp5,6.87
X-2127,MED29,55588.0,Amp5,5.17
X-2127,MEP1A,4224.0,Amp8,8.57
X-2127,METRNL,284207.0,MutNovel,"R287C,0.515"
X-2127,METTL2B,55798.0,MutNovel,"P155L,0.273"
X-2127,MIA,8190.0,Amp8,10.13
X-2127,MIA-RAB4B,100529262.0,Amp5,5.06
X-2127,MICU1,10367.0,Amp5,5.1
X-2127,MIR124-2,406908.0,Amp5,6.59
X-2127,MIR1256,100302155.0,Amp5,5.1
X-2127,MIR133B,442890.0,Amp5,5.06
X-2127,MIR144,406936.0,Amp5,5.86
X-2127,MIR2052,100302260.0,Amp5,7.67
X-2127,MIR206,406989.0,Amp5,5.06
X-2127,MIR346,442911.0,Amp5,5.35
X-2127,MIR4470,100616484.0,Amp5,6.59
X-2127,MIR451A,574411.0,Amp5,5.86
X-2127,MIR451B,100616273.0,Amp5,5.86
X-2127,MIR4530,100616163.0,Amp5,5.17
X-2127,MIR4641,100616178.0,Amp5,6.87
X-2127,MIR4642,100616352.0,Amp5,6.87
X-2127,MIR4647,100616124.0,Amp5,6.87
X-2127,MIR4676,100616286.0,Amp5,5.1
X-2127,MIR4723,100616388.0,Amp5,5.86
X-2127,MIR4732,100616385.0,Amp5,5.86
X-2127,MIR586,693171.0,Amp8,8.57
X-2127,MIR641,693226.0,Amp8,10.13
X-2127,MLL5,55904.0,MutNovel,"T1593I,0.743"
X-2127,MOCS1,4337.0,Amp5,6.87
X-2127,MOS,4342.0,Amp5,6.77
X-2127,MPG,4350.0,MutNovel,"R207H,0.325"
X-2127,MRPL14,64928.0,Amp5,6.87
X-2127,MRPL15,29088.0,Amp5,6.77
X-2127,MRPL2,51069.0,Amp5,6.87
X-2127,MRPS10,55173.0,Amp5,6.87
X-2127,MRPS12,6183.0,Amp5,5.17
X-2127,MRPS16,51021.0,Amp5,5.1
X-2127,MRPS18A,55168.0,Amp5,6.87
X-2127,MRPS28,28957.0,Amp5,7.67
X-2127,MSC,9242.0,Amp5,6.36
X-2127,MTFR1,9650.0,Amp5,6.59
X-2127,MTMR12,54545.0,MutNovel,"D679H,0.361"
X-2127,MUT,4594.0,Amp5,5.06
X-2127,MYBL1,4603.0,Amp5,6.59
X-2127,MYO18A,399687.0,Amp5,5.1
X-2127,MYO1E,4643.0,MutNovel,"D448V,0.256"
X-2127,MYOZ1,58529.0,Amp5,5.1
X-2127,NBPF1,55672.0,MutNovel,"D905N,0.345"
X-2127,NBPF1,55672.0,MutNovel,"R375L,1.000"
X-2127,NBPF12,,MutNovel,"SF3004RL,1.000"
X-2127,NBPF15,284565.0,MutNovel,"P669T,0.250"
X-2127,NCCRP1,342897.0,Amp5,5.17
X-2127,NCOA2,10499.0,Amp5,6.36
X-2127,NCR2,9436.0,Amp5,6.87
X-2127,NCRNA00185,55410.0,Del0.8,0.31
X-2127,NDST2,8509.0,Amp5,5.1
X-2127,NEK8,284086.0,Amp5,5.86
X-2127,NFKBIB,4793.0,Amp5,5.17
X-2127,NFKBID,84807.0,MutNovel,"M34I,0.417"
X-2127,NFKBIE,4794.0,Amp5,6.87
X-2127,NFYA,4800.0,Amp5,6.87
X-2127,NKAIN3,286183.0,Amp5,6.59
X-2127,NLGN4Y,22829.0,Del0.8,0.31
X-2127,NOC2L,26155.0,MutNovel,"ED659D,0.613"
X-2127,NOTCH2,4853.0,MutNovel,"P2280L,0.254"
X-2127,NOTCH2,4853.0,Amp8,8.75
X-2127,NPAS2,4862.0,MutNovel,"L177V,0.333"
X-2127,NPBWR1,2831.0,Amp5,6.77
X-2127,NRTN,4902.0,MutNovel,"R79Q,0.263"
X-2127,NSMAF,8439.0,Amp5,6.59
X-2127,NUDT13,25961.0,Amp5,5.1
X-2127,NUDT21,11051.0,MutNovel,"P14A,0.364"
X-2127,NUDT22,84304.0,MutNovel,"T129R,0.711"
X-2127,NUFIP2,57532.0,Amp5,6.32
X-2127,NUMBL,9253.0,Amp8,10.13
X-2127,NUP62,23636.0,MutNovel,"T64P,1.000"
X-2127,OBSCN,84033.0,MutNovel,"R345Q,0.500"
X-2127,OBSCN,84033.0,MutNovel,"P7707L,1.000"
X-2127,ODF2L,57489.0,MutNovel,"L67R,0.294"
X-2127,ODF2L,57489.0,MutNovel,"T53I,0.556"
X-2127,OGFR,11054.0,MutNovel,"E46Q,0.347"
X-2127,OIT3,170392.0,Amp5,5.1
X-2127,OLIG1,116448.0,MutNovel,"T49S,0.600"
X-2127,OPN5,221391.0,Amp8,8.57
X-2127,OPRK1,4986.0,Amp5,6.77
X-2127,OR2T10,127069.0,Amp5,7.21
X-2127,OR2T11,127077.0,Amp5,7.21
X-2127,ORAI1,84876.0,MutNovel,"PP43-,0.867"
X-2127,P4HA1,5033.0,Amp5,5.1
X-2127,PAF1,54623.0,Amp5,5.17
X-2127,PAG1,55824.0,Amp5,7.67
X-2127,PAK4,10298.0,Amp5,5.17
X-2127,PAPL,390928.0,Amp5,5.17
X-2127,PAQR8,85315.0,Amp5,5.06
X-2127,PCDH11Y,83259.0,Del0.8,0.33
X-2127,PCDHB10,56126.0,MutNovel,"A450I,0.222"
X-2127,PCMTD1,115294.0,Amp5,6.77
X-2127,PCNXL4,,MutNovel,"P807LS,1.000"
X-2127,PDCD7,10081.0,MutNovel,"V83M,1.000"
X-2127,PDE7A,5150.0,Amp5,6.59
X-2127,PENK,5179.0,Amp5,6.77
X-2127,PEX11B,8799.0,MutNovel,"V211M,0.979"
X-2127,PEX2,5828.0,Amp5,7.67
X-2127,PEX6,5190.0,Amp5,6.87
X-2127,PFKFB4,5210.0,MutKnownFunctional,"Y150*,0.207"
X-2127,PGAM2,5224.0,MutNovel,"R86H,0.750"
X-2127,PGC,5225.0,Amp5,6.87
X-2127,PGK2,5232.0,Amp5,5.06
X-2127,PHF12,57649.0,Amp5,5.86
X-2127,PI15,51050.0,Amp5,7.67
X-2127,PIEZO1,9780.0,MutNovel,"ED756D,0.280"
X-2127,PIF1,80119.0,MutNovel,"F77L,1.000"
X-2127,PIGS,94005.0,Amp5,5.86
X-2127,PILRA,29992.0,MutNovel,"Q118E,0.286"
X-2127,PKHD1,5314.0,Amp5,5.06
X-2127,PKIA,5569.0,Amp5,7.67
X-2127,PLA2G12B,84647.0,Amp5,5.1
X-2127,PLA2G7,7941.0,Amp8,8.57
X-2127,PLAG1,5324.0,Amp5,6.77
X-2127,PLAU,5328.0,Amp5,5.1
X-2127,PLD3,23646.0,Amp8,10.13
X-2127,PLEKHF1,79156.0,Amp5,6.92
X-2127,PLEKHG2,64857.0,Amp5,5.17
X-2127,PLEKHH1,57475.0,MutNovel,"R979H,1.000"
X-2127,PLIN4,729359.0,MutNovel,"G296S,1.000"
X-2127,PMP2,5375.0,Amp5,7.67
X-2127,PNMA6C,100287428.0,MutNovel,"E383D,1.000"
X-2127,POLA1,5422.0,MutNovel,"E710G,1.000"
X-2127,POLDIP2,26073.0,MutNovel,"Q27P,1.000"
X-2127,POLDIP2,26073.0,Amp5,5.86
X-2127,POLH,5429.0,Amp5,6.87
X-2127,POLR1C,9533.0,Amp5,6.87
X-2127,POM121C,100101267.0,MutNovel,"K472T,0.400"
X-2127,POP4,10775.0,Amp8,9.32
X-2127,PPAP2A,8611.0,MutNovel,"P8A,0.312"
X-2127,PPHLN1,51535.0,MutKnownFunctional,"Y27*,0.250"
X-2127,PPP1R3F,89801.0,MutNovel,"G73-,0.833"
X-2127,PPP1R42,286187.0,Amp5,6.59
X-2127,PPP2R5D,5528.0,Amp5,6.87
X-2127,PPP3CB,5532.0,Amp5,5.1
X-2127,PPY2,23614.0,Amp5,5.86
X-2127,PRAMEF11,440560.0,Del0.8,0.66
X-2127,PRAMEF2,65122.0,Del0.8,0.66
X-2127,PRDM14,63978.0,Amp5,6.36
X-2127,PREX2,80243.0,Amp5,6.59
X-2127,PRICKLE4,29964.0,Amp5,6.87
X-2127,PRKDC,5591.0,Amp5,6.77
X-2127,PRKY,5616.0,Del0.8,0.33
X-2127,PROCA1,147011.0,Amp5,5.86
X-2127,PRPH2,5961.0,Amp5,6.87
X-2127,PRRT4,401399.0,MutNovel,"P783L,0.500"
X-2127,PRX,57716.0,Amp8,10.13
X-2127,PRY,9081.0,Del0.8,0.31
X-2127,PRY,9081.0,Del0.8,0.31
X-2127,PRY2,442862.0,Del0.8,0.31
X-2127,PRY2,442862.0,Del0.8,0.31
X-2127,PSMC4,5704.0,Amp8,10.13
X-2127,PTCRA,171558.0,Amp5,6.87
X-2127,PTK7,5754.0,Amp5,6.87
X-2127,PTTG3P,26255.0,Amp5,6.59
X-2127,PXDNL,137902.0,Amp5,6.77
X-2127,PYY2,23615.0,Amp5,5.86
X-2127,RAB23,51715.0,Amp5,5.03
X-2127,RAB2A,5862.0,Amp5,6.59
X-2127,RAB34,83871.0,Amp5,5.86
X-2127,RALY,22913.0,MutNovel,"A230T,0.960"
X-2127,RASA2,5922.0,Amp5,5.06
X-2127,RB1CC1,9821.0,Amp5,6.77
X-2127,RBM10,8241.0,MutNovel,"S6P,1.000"
X-2127,RBM19,9904.0,MutNovel,"K500-,0.265"
X-2127,RBMY1A3P,286557.0,Del0.8,0.33
X-2127,RBMY1B,378948.0,Del0.8,0.31
X-2127,RBMY1B,378948.0,Del0.8,0.31
X-2127,RBMY1E,378950.0,Del0.8,0.31
X-2127,RBMY1E,378950.0,Del0.8,0.31
X-2127,RBMY1F,159163.0,Del0.8,0.31
X-2127,RBMY1F,159163.0,Del0.8,0.31
X-2127,RBMY1J,378951.0,Del0.8,0.31
X-2127,RBMY1J,378951.0,Del0.8,0.31
X-2127,RBMY2EP,159125.0,Del0.8,0.31
X-2127,RBMY2FP,159162.0,Del0.8,0.31
X-2127,RBMY3AP,64593.0,Del0.8,0.31
X-2127,RCAN2,10231.0,Amp8,8.57
X-2127,RDH10,157506.0,Amp5,7.67
X-2127,RGR,5995.0,Amp5,5.35
X-2127,RGS20,8601.0,Amp5,6.77
X-2127,RHAG,6005.0,Amp5,5.06
X-2127,RHCG,51458.0,MutKnownFunctional,"-448,0.879"
X-2127,RINL,126432.0,Amp5,5.17
X-2127,RP1,6101.0,Amp5,6.77
X-2127,RPL14,9045.0,MutNovel,"TAAA149T,0.400"
X-2127,RPL23A,6147.0,Amp5,5.86
X-2127,RPL7,6129.0,Amp5,7.67
X-2127,RPL7L1,285855.0,Amp5,6.87
X-2127,RPS16,6217.0,Amp5,5.17
X-2127,RPS20,6224.0,Amp5,6.77
X-2127,RPS4Y1,6192.0,Del0.8,0.33
X-2127,RPS4Y2,140032.0,Del0.8,0.31
X-2127,RPS6KA6,27330.0,MutNovel,"V409I,1.000"
X-2127,RPS7P5,645884.0,Amp5,5.1
X-2127,RRAGA,10670.0,MutNovel,"D62N,0.296"
X-2127,RRP36,88745.0,Amp5,6.87
X-2127,RRS1,23212.0,Amp5,6.59
X-2127,RSPH9,221421.0,Amp5,6.87
X-2127,RUNX2,860.0,Amp8,8.57
X-2127,SAMD4B,55095.0,Amp5,5.17
X-2127,SAMD8,142891.0,Amp5,5.1
X-2127,SARM1,23098.0,Amp5,5.86
X-2127,SARS2,54938.0,Amp5,5.17
X-2127,SAYSD1,55776.0,Amp5,6.87
X-2127,SBF1P1,100133234.0,Amp5,6.77
X-2127,SBSN,374897.0,MutNovel,"A304V,0.256"
X-2127,SCLT1,132320.0,MutNovel,"K521N,0.250"
X-2127,SDCBP,6386.0,Amp5,6.59
X-2127,SDF2,6388.0,Amp5,5.86
X-2127,SDR16C5,195814.0,Amp5,6.77
X-2127,SEBOX,645832.0,Amp5,5.86
X-2127,SEC24C,9632.0,Amp5,5.1
X-2127,SELV,348303.0,Amp5,5.17
X-2127,SERINC2,347735.0,MutNovel,"-373Q,0.212"
X-2127,SERTAD1,29950.0,Amp8,10.13
X-2127,SERTAD3,29946.0,Amp8,10.13
X-2127,SGK3,23678.0,Amp5,6.59
X-2127,SGK494,124923.0,Amp5,5.86
X-2127,SGSM3,27352.0,MutNovel,"R734Q,0.606"
X-2127,SHISA8,440829.0,MutNovel,"A320V,0.700"
X-2127,SHKBP1,92799.0,Amp8,10.13
X-2127,SIRT2,22933.0,Amp5,5.17
X-2127,SIX5,147912.0,MutNovel,"L147I,0.250"
X-2127,SLC10A5,347051.0,Amp5,7.67
X-2127,SLC13A2,9058.0,Amp5,5.86
X-2127,SLC22A7,10864.0,Amp5,6.87
X-2127,SLC25A27,9481.0,Amp8,8.57
X-2127,SLC25A29,123096.0,MutNovel,"R129H,0.988"
X-2127,SLC29A1,2030.0,Amp5,6.87
X-2127,SLC35B2,347734.0,Amp5,6.87
X-2127,SLC35C2,51006.0,MutNovel,"F233C,0.550"
X-2127,SLC46A1,113235.0,Amp5,5.86
X-2127,SLCO5A1,81796.0,Amp5,6.59
X-2127,SNAI2,6591.0,Amp5,6.77
X-2127,SNHG6,641638.0,Amp5,6.59
X-2127,SNORD42A,26809.0,Amp5,5.86
X-2127,SNORD42B,26808.0,Amp5,5.86
X-2127,SNORD4A,26773.0,Amp5,5.86
X-2127,SNORD4B,26772.0,Amp5,5.86
X-2127,SNORD54,26795.0,Amp5,6.77
X-2127,SNORD87,641648.0,Amp5,6.59
X-2127,SNRPA,6626.0,Amp8,10.13
X-2127,SNTG1,54212.0,Amp5,6.77
X-2127,SOX17,64321.0,Amp5,6.77
X-2127,SPAG5,10615.0,Amp5,5.86
X-2127,SPAG5-AS1,100506436.0,Amp5,5.86
X-2127,SPATS1,221409.0,Amp5,6.87
X-2127,SPEG,10290.0,MutNovel,"G2472D,1.000"
X-2127,SPTBN4,57731.0,Amp8,10.13
X-2127,SRF,6722.0,Amp5,6.87
X-2127,SRGAP2,23380.0,MutNovel,"T119M,0.292"
X-2127,SRY,6736.0,Del0.8,0.33
X-2127,ST18,9705.0,Amp5,6.77
X-2127,STAU2,27067.0,Amp5,7.67
X-2127,STMN2,11075.0,Amp5,7.67
X-2127,SUDS3,64426.0,MutNovel,"K142R,0.302"
X-2127,SULF1,23213.0,Amp5,6.59
X-2127,SUPT3H,8464.0,Amp5,7.67
X-2127,SUPT4H1,6827.0,MutNovel,"Y108YT,0.452"
X-2127,SUPT5H,6829.0,Amp5,5.17
X-2127,SUPT6H,6830.0,Amp5,5.86
X-2127,SYCN,342898.0,Amp5,5.17
X-2127,SYNPO2L,79933.0,Amp5,5.1
X-2127,TAF8,129685.0,Amp5,6.87
X-2127,TBCC,6903.0,Amp5,6.87
X-2127,TBL1Y,90665.0,Del0.8,0.33
X-2127,TBX3,6926.0,MutNovel,"L699V,1.000"
X-2127,TCEA1,6917.0,Amp5,6.77
X-2127,TCEB1,6921.0,Amp5,7.67
X-2127,TCF20,6942.0,MutNovel,"Q175L,0.750"
X-2127,TCF24,100129654.0,Amp5,6.59
X-2127,TCTE1,202500.0,Amp5,6.87
X-2127,TDRD6,221400.0,Amp8,8.57
X-2127,TDRG1,732253.0,Amp5,6.87
X-2127,TERF1,7013.0,Amp5,7.67
X-2127,TFAP2B,7021.0,Amp5,5.06
X-2127,TFAP2D,83741.0,Amp5,5.06
X-2127,TFEB,7942.0,Amp5,6.87
X-2127,TGIF2LY,90655.0,Del0.8,0.33
X-2127,TGS1,96764.0,Amp5,6.77
X-2127,THADA,63892.0,MutNovel,"M1181I,0.268"
X-2127,TIMM50,92609.0,Amp5,5.17
X-2127,TINAG,27283.0,Amp5,5.03
X-2127,TJAP1,93643.0,Amp5,6.87
X-2127,TLCD1,116238.0,Amp5,5.86
X-2127,TM7SF2,7108.0,MutNovel,"F255L,0.286"
X-2127,TMEM14A,28978.0,Amp5,5.06
X-2127,TMEM151B,441151.0,Amp5,6.87
X-2127,TMEM161A,54929.0,MutNovel,"A22G,0.429"
X-2127,TMEM199,147007.0,Amp5,5.86
X-2127,TMEM200C,645369.0,MutNovel,"G122S,0.300"
X-2127,TMEM63B,55362.0,Amp5,6.87
X-2127,TMEM68,137695.0,Amp5,6.77
X-2127,TMEM70,54968.0,Amp5,7.67
X-2127,TMEM97,27346.0,Amp5,5.86
X-2127,TMSB4Y,9087.0,Del0.8,0.31
X-2127,TNFAIP1,7126.0,Amp5,5.86
X-2127,TNFRSF21,27242.0,Amp8,8.57
X-2127,TNK1,8711.0,MutNovel,"E609K,0.282"
X-2127,TOMM6,100188893.0,Amp5,6.87
X-2127,TOX,9760.0,Amp5,6.59
X-2127,TPD52,7163.0,Amp5,7.67
X-2127,TPP1,1200.0,MutNovel,"P93L,0.500"
X-2127,TRAF4,9618.0,Amp5,5.86
X-2127,TRAM1,23471.0,Amp5,6.36
X-2127,TRAM2,9697.0,Amp5,5.06
X-2127,TREM1,54210.0,Amp5,6.87
X-2127,TREM2,54209.0,Amp5,6.87
X-2127,TREML1,340205.0,Amp5,6.87
X-2127,TREML2,79865.0,Amp5,6.87
X-2127,TREML4,285852.0,Amp5,6.87
X-2127,TRERF1,55809.0,Amp5,6.87
X-2127,TRIM26,7726.0,MutNovel,"A211V,0.500"
X-2127,TRIM55,84675.0,Amp5,6.59
X-2127,TRPA1,8989.0,Amp5,6.36
X-2127,TSPO2,222642.0,Amp5,6.87
X-2127,TSPY1,7258.0,Del0.8,0.33
X-2127,TSPY2,64591.0,Del0.8,0.33
X-2127,TSPY3,728137.0,Del0.8,0.33
X-2127,TSPY4,728395.0,Del0.8,0.33
X-2127,TSPY8,728403.0,Del0.8,0.33
X-2127,TSPYL1,7259.0,MutNovel,"V176VW,0.899"
X-2127,TTBK1,84630.0,Amp5,6.87
X-2127,TTC18,118491.0,Amp5,5.1
X-2127,TTC22,55001.0,MutNovel,"A74S,0.207"
X-2127,TTC9B,148014.0,Amp8,10.13
X-2127,TTPA,7274.0,Amp5,6.59
X-2127,TTTY10,246119.0,Del0.8,0.31
X-2127,TTTY11,83866.0,Del0.8,0.33
X-2127,TTTY12,83867.0,Del0.8,0.33
X-2127,TTTY13,83868.0,Del0.8,0.31
X-2127,TTTY14,83869.0,Del0.8,0.31
X-2127,TTTY15,64595.0,Del0.8,0.31
X-2127,TTTY16,252948.0,Del0.8,0.33
X-2127,TTTY17A,252949.0,Del0.8,0.31
X-2127,TTTY17A,252949.0,Del0.8,0.31
X-2127,TTTY18,252950.0,Del0.8,0.33
X-2127,TTTY19,252952.0,Del0.8,0.33
X-2127,TTTY1B,100101116.0,Del0.8,0.31
X-2127,TTTY1B,100101116.0,Del0.8,0.33
X-2127,TTTY2,60439.0,Del0.8,0.31
X-2127,TTTY2,60439.0,Del0.8,0.33
X-2127,TTTY20,252951.0,Del0.8,0.33
X-2127,TTTY21,252953.0,Del0.8,0.33
X-2127,TTTY21,252953.0,Del0.8,0.31
X-2127,TTTY22,252954.0,Del0.8,0.31
X-2127,TTTY23,252955.0,Del0.8,0.31
X-2127,TTTY23,252955.0,Del0.8,0.33
X-2127,TTTY3,114760.0,Del0.8,0.31
X-2127,TTTY3,114760.0,Del0.8,0.31
X-2127,TTTY4,114761.0,Del0.8,0.31
X-2127,TTTY4,114761.0,Del0.8,0.31
X-2127,TTTY5,83863.0,Del0.8,0.31
X-2127,TTTY6,84672.0,Del0.8,0.31
X-2127,TTTY6,84672.0,Del0.8,0.31
X-2127,TTTY7,246122.0,Del0.8,0.33
X-2127,TTTY7,246122.0,Del0.8,0.31
X-2127,TTTY7B,100101120.0,Del0.8,0.33
X-2127,TTTY7B,100101120.0,Del0.8,0.31
X-2127,TTTY8,84673.0,Del0.8,0.33
X-2127,TTTY8,84673.0,Del0.8,0.31
X-2127,TTTY9A,83864.0,Del0.8,0.31
X-2127,TTTY9A,83864.0,Del0.8,0.31
X-2127,TUBB2A,7280.0,MutNovel,"T238P,0.367"
X-2127,TXLNG2P,246126.0,Del0.8,0.31
X-2127,UAP1L1,91373.0,MutNovel,"V79L,0.500"
X-2127,UBE2V2,7336.0,Amp5,6.77
X-2127,UBE2W,55284.0,Amp5,7.67
X-2127,UBE4A,9354.0,MutNovel,"A952V,0.529"
X-2127,UBN1,29855.0,MutNovel,"S907P,0.364"
X-2127,UBR2,23304.0,Amp5,6.87
X-2127,UBR5,51366.0,MutNovel,"V1642L,0.242"
X-2127,UBXN2B,137886.0,Amp5,6.59
X-2127,UG0898H09,643763.0,Amp5,6.59
X-2127,UNC119,9094.0,Amp5,5.86
X-2127,UNC5CL,222643.0,Amp5,6.87
X-2127,UQCRFS1,7386.0,Amp8,9.32
X-2127,URI1,8725.0,Amp5,6.92
X-2127,USP15,9958.0,MutNovel,"L835P,0.218"
X-2127,USP41,,MutNovel,"L148V,1.000"
X-2127,USP41,,MutNovel,"M141V,1.000"
X-2127,USP49,25862.0,Amp5,6.87
X-2127,USP54,159195.0,Amp5,5.1
X-2127,USP9Y,8287.0,Del0.8,0.31
X-2127,UTY,7404.0,Del0.8,0.31
X-2127,VCL,7414.0,Amp5,5.1
X-2127,VCPIP1,80124.0,Amp5,6.59
X-2127,VCY,9084.0,Del0.8,0.31
X-2127,VCY,9084.0,Del0.8,0.31
X-2127,VDAC2,7417.0,Amp5,5.1
X-2127,VEGFA,7422.0,Amp5,6.87
X-2127,VIMP,,MutNovel,"Y36D,0.318"
X-2127,VSTM2B,342865.0,Amp8,9.32
X-2127,VTN,7448.0,Amp5,5.86
X-2127,WDR76,79968.0,MutNovel,"A31V,1.000"
X-2127,WDR90,197335.0,MutNovel,"P1019L,0.720"
X-2127,XKR4,114786.0,Amp5,6.77
X-2127,XKR9,389668.0,Amp5,6.36
X-2127,XKRY2,353515.0,Del0.8,0.31
X-2127,XKRY2,353515.0,Del0.8,0.31
X-2127,XPO5,57510.0,Amp5,6.87
X-2127,YIPF3,25844.0,Amp5,6.87
X-2127,YTHDF3,253943.0,Amp5,6.59
X-2127,ZBED4,9889.0,MutNovel,"V611M,0.290"
X-2127,ZBTB10,65986.0,Amp5,7.67
X-2127,ZFHX4,79776.0,Amp5,7.67
X-2127,ZFP36,7538.0,Amp5,5.17
X-2127,ZFY,7544.0,Del0.8,0.33
X-2127,ZNF30,90075.0,MutNovel,"Q124R,0.364"
X-2127,ZNF318,24149.0,Amp5,6.87
X-2127,ZNF404,342908.0,MutNovel,"K353Q,1.000"
X-2127,ZNF451,26036.0,Amp5,5.03
X-2127,ZNF469,84627.0,MutNovel,"P1777H,0.333"
X-2127,ZNF486,90649.0,MutKnownFunctional,"-178?,0.385"
X-2127,ZNF503,84858.0,Amp5,5.1
X-2127,ZNF503-AS1,253264.0,Amp5,5.1
X-2127,ZNF503-AS2,100131213.0,Amp5,5.1
X-2127,ZNF536,9745.0,Amp5,6.92
X-2127,ZNF546,339327.0,Amp8,10.13
X-2127,ZNF57,126295.0,MutNovel,"G90V,0.214"
X-2127,ZNF676,163223.0,MutNovel,"P42S,1.000"
X-2127,ZNF704,619279.0,Amp5,7.67
X-2127,ZNF780A,284323.0,Amp8,10.13
X-2127,ZNF780B,163131.0,Amp8,10.13
X-2127,ZNF98,148198.0,MutNovel,"K560N,0.444"
X-2195,ABCC6,368.0,MutNovel,"A158V,0.800"
X-2195,ABRA,137735.0,Amp5,6.73
X-2195,ADARB2,105.0,Amp5,5.24
X-2195,ADARB2-AS1,642394.0,Amp5,5.24
X-2195,ADCK5,203054.0,Amp5,6.68
X-2195,ADCY8,114.0,Amp5,6.73
X-2195,AGRN,375790.0,MutNovel,"V23L,0.478"
X-2195,AHNAK2,113146.0,MutNovel,"L153F,1.000"
X-2195,AKR1C1,1645.0,Amp5,5.1
X-2195,AKR1C2,1646.0,Amp5,5.1
X-2195,AKR1C3,8644.0,Amp5,5.1
X-2195,AKR1C4,1109.0,Amp5,5.1
X-2195,AKR1CL1,340811.0,Amp5,5.1
X-2195,AKR1E2,83592.0,Amp5,5.1
X-2195,ALDH1B1,219.0,MutKnownFunctional,"-387,0.256"
X-2195,ALDH3B1,221.0,MutNovel,"L262P,0.609"
X-2195,ALDH3B1,221.0,MutKnownFunctional,"-301?,0.694"
X-2195,AMELY,266.0,Del0.8,0.16
X-2195,ANAPC1,64682.0,MutNovel,"I1102V,0.353"
X-2195,ANGPT1,284.0,Amp5,6.73
X-2195,ANKRD16,54522.0,Amp5,5.1
X-2195,ANKRD36,375248.0,MutNovel,"H203L,0.500"
X-2195,ANKRD46,157567.0,Amp5,6.73
X-2195,ANXA13,312.0,Amp5,6.73
X-2195,APC,324.0,MutNovel,"N32S,0.600"
X-2195,ARC,23237.0,Amp5,6.82
X-2195,ARHGAP27,201176.0,MutNovel,"E517K,0.444"
X-2195,ARHGAP39,80728.0,Amp5,6.68
X-2195,ARHGEF25,115557.0,MutNovel,"G379E,0.476"
X-2195,ARHGEF5,7984.0,MutNovel,"P815A,0.359"
X-2195,ARMC3,219681.0,MutNovel,"L552V,0.417"
X-2195,ARMC5,79798.0,MutNovel,"R457W,0.596"
X-2195,ASAP1,50807.0,Amp5,6.73
X-2195,ASAP1-IT1,29065.0,Amp5,6.73
X-2195,ASB13,79754.0,Amp5,5.1
X-2195,ATAD2,29028.0,Amp5,6.73
X-2195,ATF7IP,55729.0,MutNovel,"P164L,0.455"
X-2195,ATP5C1,509.0,Amp5,5.21
X-2195,ATP6V0D2,245972.0,Amp5,5.94
X-2195,ATP6V1C1,528.0,Amp5,6.73
X-2195,ATP6V1H,51606.0,MutNovel,"V182I,0.464"
X-2195,AZIN1,51582.0,Amp5,6.73
X-2195,BAALC,79870.0,Amp5,6.73
X-2195,BAI1,575.0,Amp5,6.82
X-2195,BCORP1,286554.0,Del0.8,0.16
X-2195,BET1L,51272.0,Del0.8,0.27
X-2195,BOP1,23246.0,Amp5,6.68
X-2195,BPY2B,442867.0,Del0.8,0.16
X-2195,BPY2B,442867.0,Del0.8,0.16
X-2195,BREA2,286076.0,Amp5,6.68
X-2195,BTNL3,10917.0,Del0.8,0.59
X-2195,C10orf108,414235.0,Amp5,5.24
X-2195,C10orf47,254427.0,MutNovel,"P323R,0.702"
X-2195,C12orf60,144608.0,MutKnownFunctional,"Q14*,0.226"
X-2195,C1orf101,257044.0,MutNovel,"D443Y,1.000"
X-2195,C5orf54,63920.0,MutNovel,"D151Y,0.240"
X-2195,C5orf65,389333.0,MutNovel,"S260R,0.500"
X-2195,C8orf31,286122.0,Amp5,6.82
X-2195,C8orf33,65265.0,Amp5,6.68
X-2195,C8orf37,157657.0,Amp5,5.7
X-2195,C8orf47,203111.0,Amp5,5.7
X-2195,C8orf56,157556.0,Amp5,6.73
X-2195,C8orf59,401466.0,Amp5,5.94
X-2195,C8orf73,642475.0,Amp5,6.68
X-2195,C8orf76,84933.0,Amp5,6.73
X-2195,C8orf82,414919.0,Amp5,6.68
X-2195,CA1,759.0,Amp5,5.94
X-2195,CA13,377677.0,Amp5,5.94
X-2195,CA2,760.0,Amp5,5.94
X-2195,CA3,761.0,Amp5,5.94
X-2195,CA5A,763.0,MutNovel,"N45S,1.000"
X-2195,CALB1,793.0,Amp5,5.94
X-2195,CALML3,810.0,Amp5,5.1
X-2195,CALML5,51806.0,Amp5,5.1
X-2195,CARD10,29775.0,MutNovel,"L820Q,1.000"
X-2195,CASC5,57082.0,MutNovel,"C459Y,0.500"
X-2195,CCDC136,64753.0,MutNovel,"M574K,0.513"
X-2195,CCDC144B,284047.0,Del0.8,0.66
X-2195,CCDC166,100130274.0,Amp5,6.68
X-2195,CCDC74A,90557.0,MutNovel,"R149H,0.233"
X-2195,CCNE2,9134.0,Amp5,5.7
X-2195,CCP110,9738.0,MutNovel,"A318D,0.562"
X-2195,CDH17,1015.0,Amp5,5.9
X-2195,CDY1B,253175.0,Del0.8,0.16
X-2195,CDY1B,253175.0,Del0.8,0.16
X-2195,CDY2A,9426.0,Del0.8,0.16
X-2195,CDY2A,9426.0,Del0.8,0.16
X-2195,CDY2B,203611.0,Del0.8,0.16
X-2195,CDY2B,203611.0,Del0.8,0.16
X-2195,CFHR1,3078.0,Amp5,5.24
X-2195,CFHR3,10878.0,Amp5,6.54
X-2195,CFHR4,10877.0,MutNovel,"V560I,1.000"
X-2195,CGREF1,10669.0,MutNovel,"N77K,1.000"
X-2195,CHRAC1,54108.0,Amp5,6.82
X-2195,CNBD1,168975.0,Amp5,5.94
X-2195,CNGB3,54714.0,Amp5,5.94
X-2195,CNTNAP3B,728577.0,Del0.8,0.7
X-2195,COL14A1,7373.0,Amp5,6.73
X-2195,COL22A1,169044.0,Amp5,6.82
X-2195,COL7A1,1294.0,MutNovel,"A2347V,1.000"
X-2195,COLEC10,10584.0,Amp5,6.73
X-2195,COMMD5,28991.0,Amp5,6.68
X-2195,COX6C,1345.0,Amp5,5.7
X-2195,CPEB2,132864.0,MutNovel,"K194KP,0.471"
X-2195,CPNE3,8895.0,Amp5,5.94
X-2195,CPSF1,29894.0,Amp5,6.68
X-2195,CREBBP,1387.0,MutKnownFunctional,"R1173*,0.213"
X-2195,CRMP1,1400.0,MutNovel,"G100A,0.556"
X-2195,CRTC2,200186.0,MutNovel,"P395L,0.513"
X-2195,CRTC3,64784.0,MutNovel,"D291E,0.602"
X-2195,CSMD3,114788.0,Amp5,6.73
X-2195,CSPG4P1Y,114758.0,Del0.8,0.16
X-2195,CSPG4P1Y,114758.0,Del0.8,0.16
X-2195,CTHRC1,115908.0,Amp5,6.73
X-2195,CTSA,5476.0,MutNovel,"L29-,0.251"
X-2195,CXorf66,347487.0,Del0.8,0.69
X-2195,CYC1,1537.0,Amp5,6.68
X-2195,CYHR1,50626.0,Amp5,6.68
X-2195,CYP11B1,1584.0,Amp5,6.82
X-2195,CYP11B2,1585.0,Amp5,6.82
X-2195,CYP4B1,1580.0,MutNovel,"Q120P,0.511"
X-2195,DAZ1,1617.0,Del0.8,0.16
X-2195,DAZ2,57055.0,Del0.8,0.16
X-2195,DAZ3,57054.0,Del0.8,0.16
X-2195,DAZ3,57054.0,Del0.8,0.16
X-2195,DAZ4,57135.0,Del0.8,0.16
X-2195,DAZ4,57135.0,Del0.8,0.16
X-2195,DCAF13,25879.0,Amp5,6.73
X-2195,DCAF4L2,138009.0,Amp5,5.94
X-2195,DCSTAMP,81501.0,Amp5,6.73
X-2195,DDX3Y,8653.0,Del0.8,0.16
X-2195,DECR1,1666.0,Amp5,5.94
X-2195,DENND3,22898.0,Amp5,6.82
X-2195,DEPTOR,64798.0,Amp5,6.73
X-2195,DERL1,79139.0,Amp5,6.73
X-2195,DGAT1,8694.0,Amp5,6.68
X-2195,DGKQ,1609.0,MutNovel,"P27L,0.800"
X-2195,DIABLO,56616.0,MutNovel,"L80S,0.659"
X-2195,DIP2C,22982.0,Amp5,5.24
X-2195,DLX4,1748.0,MutNovel,"A210V,0.364"
X-2195,DNMT1,1786.0,MutNovel,"R1075H,0.515"
X-2195,DPY19L1,23333.0,MutNovel,"L412F,0.550"
X-2195,DPY19L4,286148.0,Amp5,5.7
X-2195,DPYS,1807.0,Amp5,6.73
X-2195,DSCC1,79075.0,Amp5,6.73
X-2195,DUSP26,78986.0,Amp5,6.92
X-2195,EBAG9,9166.0,Amp5,6.73
X-2195,EEF1D,1936.0,Amp5,6.68
X-2195,EFR3A,23167.0,Amp5,6.73
X-2195,EIF1AY,9086.0,Del0.8,0.16
X-2195,EIF2C2,27161.0,Amp5,6.82
X-2195,EIF3E,3646.0,Amp5,6.73
X-2195,EIF3H,8667.0,Amp5,6.73
X-2195,ENPP2,5168.0,Amp5,6.73
X-2195,ENY2,56943.0,Amp5,6.73
X-2195,EPPK1,83481.0,MutNovel,"P1981L,0.755"
X-2195,EPPK1,83481.0,Amp5,6.68
X-2195,ESR1,2099.0,MutNovel,"Y537N,1.000"
X-2195,ESRP1,54845.0,Amp5,5.7
X-2195,ETAA1,54465.0,MutNovel,"E380Q,0.509"
X-2195,EXOSC4,54512.0,Amp5,6.68
X-2195,EXT1,2131.0,Amp5,6.73
X-2195,F11R,50848.0,MutNovel,"F297Y,0.308"
X-2195,FAM106A,80039.0,Del0.8,0.4
X-2195,FAM135B,51059.0,Amp5,6.82
X-2195,FAM171B,165215.0,MutNovel,"-44QQ,0.455"
X-2195,FAM197Y2P,252946.0,Del0.8,0.16
X-2195,FAM200A,221786.0,MutNovel,"R117H,0.765"
X-2195,FAM203A,51236.0,Amp5,6.68
X-2195,FAM208B,54906.0,Amp5,5.1
X-2195,FAM211B,388886.0,MutNovel,"G14A,1.000"
X-2195,FAM41AY1,340618.0,Del0.8,0.16
X-2195,FAM41AY1,340618.0,Del0.8,0.16
X-2195,FAM49B,51571.0,Amp5,6.73
X-2195,FAM75A6,389730.0,Del0.8,0.34
X-2195,FAM82B,51115.0,Amp5,5.94
X-2195,FAM83A,84985.0,Amp5,6.73
X-2195,FAM83H,286077.0,Amp5,6.68
X-2195,FAM84B,157638.0,Amp5,6.73
X-2195,FAM91A1,157769.0,Amp5,6.73
X-2195,FAM92A1,137392.0,Amp5,5.9
X-2195,FASN,2194.0,MutNovel,"E258G,0.449"
X-2195,FBRSL1,57666.0,MutNovel,"A293T,1.000"
X-2195,FBXL6,26233.0,Amp5,6.68
X-2195,FBXO18,84893.0,Amp5,5.1
X-2195,FBXO32,114907.0,Amp5,6.73
X-2195,FBXO43,286151.0,Amp5,6.73
X-2195,FER1L6,654463.0,Amp5,6.73
X-2195,FER1L6-AS1,439941.0,Amp5,6.73
X-2195,FLJ42969,441374.0,Amp5,6.73
X-2195,FLJ43860,389690.0,Amp5,6.82
X-2195,FLJ45983,399717.0,Amp5,5.21
X-2195,FOSL2,2355.0,MutNovel,"P208S,1.000"
X-2195,FOXH1,8928.0,Amp5,6.68
X-2195,FOXO6,,MutNovel,"P288R,0.222"
X-2195,FRK,2444.0,MutNovel,"V261A,1.000"
X-2195,FUT10,84750.0,Amp8,8.69
X-2195,FZD6,8323.0,Amp5,6.73
X-2195,GATA3,2625.0,Amp5,5.21
X-2195,GATSL3,652968.0,MutNovel,"R126Q,1.000"
X-2195,GDF6,392255.0,Amp5,5.7
X-2195,GDI2,2665.0,Amp5,5.1
X-2195,GEM,2669.0,Amp5,5.9
X-2195,GLI4,2738.0,Amp5,6.68
X-2195,GML,2765.0,Amp5,6.82
X-2195,GOLGA2P2Y,84559.0,Del0.8,0.16
X-2195,GOLGA2P2Y,84559.0,Del0.8,0.16
X-2195,GOLGA6L4,,MutNovel,"R261Q,1.000"
X-2195,GPAA1,8733.0,Amp5,6.68
X-2195,GPIHBP1,338328.0,Amp5,6.82
X-2195,GPR20,2843.0,Amp5,6.82
X-2195,GPT,2875.0,Amp5,6.68
X-2195,GRHL2,79977.0,Amp5,6.73
X-2195,GRINA,2907.0,Amp5,6.68
X-2195,GRIP2,80852.0,MutNovel,"S779P,0.643"
X-2195,GSDMC,56169.0,Amp5,6.73
X-2195,GSDMD,79792.0,Amp5,6.68
X-2195,GSTM1,2944.0,Del0.8,0.64
X-2195,GTF2H2C,728340.0,Del0.8,0.52
X-2195,GTPBP4,23560.0,Amp5,5.24
X-2195,GUSBP1,728411.0,Del0.8,0.74
X-2195,GUSBP3,653188.0,Del0.8,0.52
X-2195,GYG2P1,352887.0,Del0.8,0.16
X-2195,HAS2,3037.0,Amp5,6.73
X-2195,HAS2-AS1,594842.0,Amp5,6.73
X-2195,HCN2,610.0,MutNovel,"A141L,1.000"
X-2195,HEATR7A,727957.0,Amp5,6.68
X-2195,HEY1,23462.0,Amp5,5.74
X-2195,HHLA1,10086.0,Amp5,6.73
X-2195,HLA-DRB5,3127.0,MutNovel,"DL66VV,0.667"
X-2195,HLA-H,3136.0,Del0.8,0.7
X-2195,HMCN2,,MutNovel,"G927S,1.000"
X-2195,HPYR1,93668.0,Amp5,6.73
X-2195,HRSP12,10247.0,Amp5,5.7
X-2195,HSF1,3297.0,Amp5,6.68
X-2195,HSFY2,159119.0,Del0.8,0.16
X-2195,HSFY2,159119.0,Del0.8,0.16
X-2195,IDI1,3422.0,Amp5,5.24
X-2195,IDI2,91734.0,Amp5,5.24
X-2195,IDI2-AS1,55853.0,Amp5,5.24
X-2195,IGSF9,57549.0,MutNovel,"S836G,0.488"
X-2195,IL15RA,3601.0,Amp5,5.1
X-2195,IL2RA,3559.0,Amp5,5.1
X-2195,IL7,3574.0,Amp5,5.74
X-2195,INTS8,55656.0,Amp5,5.7
X-2195,IQSEC1,9922.0,MutNovel,"D242H,1.000"
X-2195,ITIH2,3698.0,Amp5,5.21
X-2195,ITIH5,80760.0,Amp5,5.21
X-2195,JRK,8629.0,Amp5,6.82
X-2195,KALRN,8997.0,MutNovel,"D1540N,1.000"
X-2195,KCNK9,51305.0,Amp5,6.82
X-2195,KCNQ1,3784.0,MutNovel,"Q321L,1.000"
X-2195,KCNQ3,3786.0,Amp5,6.73
X-2195,KCNS2,3788.0,Amp5,5.7
X-2195,KCNV1,27012.0,Amp5,6.73
X-2195,KDM5D,8284.0,Del0.8,0.16
X-2195,KHDRBS3,10656.0,Amp5,6.73
X-2195,KIAA0182,23199.0,MutNovel,"L668LPG,0.747"
X-2195,KIAA0196,9897.0,Amp5,6.73
X-2195,KIAA1875,340390.0,Amp5,6.68
X-2195,KIFC2,90990.0,Amp5,6.68
X-2195,KIN,22944.0,Amp5,5.21
X-2195,KLF10,7071.0,Amp5,6.73
X-2195,KLF6,1316.0,Amp5,5.24
X-2195,KLHL38,340359.0,Amp5,6.73
X-2195,KRT18,3875.0,MutNovel,"E202K,0.541"
X-2195,KRT8,3856.0,MutNovel,"R400H,0.484"
X-2195,LAPTM4B,55353.0,Amp5,5.7
X-2195,LARP4B,23185.0,Amp5,5.24
X-2195,LGALS9C,654346.0,Del0.8,0.4
X-2195,LINC00051,619434.0,Amp5,6.82
X-2195,LINC00200,399706.0,Amp5,5.24
X-2195,LINC00535,642924.0,Amp5,5.9
X-2195,LOC100127983,100127983.0,Amp5,5.94
X-2195,LOC100128338,100128338.0,Amp5,6.68
X-2195,LOC100130231,100130231.0,Amp5,6.73
X-2195,LOC100131726,100131726.0,Amp5,6.73
X-2195,LOC100133669,100133669.0,Amp5,6.82
X-2195,LOC100216001,100216001.0,Amp5,5.1
X-2195,LOC100272216,100272216.0,Del0.8,0.52
X-2195,LOC100288181,100288181.0,Amp5,6.82
X-2195,LOC100288748,100288748.0,Amp5,5.7
X-2195,LOC100499183,100499183.0,Amp5,6.73
X-2195,LOC100500773,100500773.0,Amp5,5.7
X-2195,LOC100507034,100507034.0,Amp5,5.24
X-2195,LOC100507117,100507117.0,Amp5,6.73
X-2195,LOC100507127,100507127.0,Amp5,5.21
X-2195,LOC100507369,,MutNovel,"A188V,0.600"
X-2195,LOC100616530,100616530.0,Amp5,5.7
X-2195,LOC100996689,,MutNovel,"Q278E,0.257"
X-2195,LOC157381,157381.0,Amp5,6.73
X-2195,LOC282980,282980.0,Amp5,5.24
X-2195,LOC286094,286094.0,Amp5,6.73
X-2195,LOC338588,338588.0,Amp5,5.1
X-2195,LOC399708,399708.0,Amp5,5.24
X-2195,LOC399715,399715.0,Amp5,5.1
X-2195,LOC439949,439949.0,Amp5,5.21
X-2195,LOC727677,727677.0,Amp5,6.73
X-2195,LOC728724,728724.0,Amp5,6.73
X-2195,LOC729737,729737.0,Del0.8,0.71
X-2195,LOC731779,731779.0,Amp5,6.82
X-2195,LPPR3,79948.0,MutNovel,"R57H,0.992"
X-2195,LRP12,29967.0,Amp5,6.73
X-2195,LRRC1,55227.0,MutNovel,"V414F,0.503"
X-2195,LRRC14,9684.0,Amp5,6.68
X-2195,LRRC24,441381.0,Amp5,6.68
X-2195,LRRC6,23639.0,Amp5,6.73
X-2195,LRRC69,100130742.0,Amp5,5.94
X-2195,LSR,51599.0,MutNovel,"G518GR,0.855"
X-2195,LY6D,8581.0,Amp5,6.82
X-2195,LY6E,4061.0,Amp5,6.82
X-2195,LY6H,4062.0,Amp5,6.82
X-2195,LY6K,54742.0,Amp5,6.82
X-2195,LYNX1,66004.0,Amp5,6.82
X-2195,LYPD2,137797.0,Amp5,6.82
X-2195,MAF1,84232.0,Amp5,6.68
X-2195,MAFA,389692.0,Amp5,6.68
X-2195,MAK16,84549.0,Amp5,6.92
X-2195,MAL2,114569.0,Amp5,6.73
X-2195,MAN2A2,4122.0,MutNovel,"D254Y,0.510"
X-2195,MAP3K4,4216.0,MutNovel,"PA1189P,0.700"
X-2195,MAPK15,225689.0,Amp5,6.68
X-2195,MATN2,4147.0,Amp5,5.7
X-2195,MED30,90390.0,Amp5,6.73
X-2195,MESDC2,23184.0,MutKnownFunctional,"-223,0.546"
X-2195,MFSD3,113655.0,Amp5,6.68
X-2195,MIR1204,100302185.0,Amp5,6.73
X-2195,MIR1205,100302161.0,Amp5,6.73
X-2195,MIR1206,100302170.0,Amp5,6.73
X-2195,MIR1207,100302175.0,Amp5,6.73
X-2195,MIR1208,100302281.0,Amp5,6.73
X-2195,MIR1234,100302196.0,Amp5,6.68
X-2195,MIR2053,100302225.0,Amp5,6.73
X-2195,MIR30B,407030.0,Amp5,6.73
X-2195,MIR30D,407033.0,Amp5,6.73
X-2195,MIR3150A,100422964.0,Amp5,5.7
X-2195,MIR3150B,100500907.0,Amp5,5.7
X-2195,MIR3151,100422992.0,Amp5,6.73
X-2195,MIR3155A,100422989.0,Amp5,5.1
X-2195,MIR3155B,100628560.0,Amp5,5.1
X-2195,MIR3610,100500914.0,Amp5,6.73
X-2195,MIR378D2,100616169.0,Amp5,5.9
X-2195,MIR4471,100616451.0,Amp5,6.73
X-2195,MIR4472-1,100616268.0,Amp5,6.82
X-2195,MIR4661,100616245.0,Amp5,5.94
X-2195,MIR4663,100616260.0,Amp5,6.73
X-2195,MIR4664,100616318.0,Amp5,6.68
X-2195,MIR570,693155.0,Amp5,7.84
X-2195,MIR599,693184.0,Amp5,5.7
X-2195,MIR661,724031.0,Amp5,6.68
X-2195,MIR875,100126309.0,Amp5,5.7
X-2195,MIR937,100126338.0,Amp5,6.68
X-2195,MIR939,100126351.0,Amp5,6.68
X-2195,MMP16,4325.0,Amp5,5.94
X-2195,MPRIP,23164.0,MutNovel,"TS178T,0.566"
X-2195,MRPL13,28998.0,Amp5,6.73
X-2195,MRPS28,28957.0,Amp5,5.74
X-2195,MTBP,27085.0,Amp5,6.73
X-2195,MTDH,92140.0,Amp5,5.7
X-2195,MTERFD1,51001.0,Amp5,5.7
X-2195,MTSS1,9788.0,Amp5,6.73
X-2195,MUC5B,727897.0,MutNovel,"V2574A,0.207"
X-2195,MUC5B,727897.0,MutNovel,"M3374V,0.429"
X-2195,MUC5B,727897.0,MutNovel,"A4603V,0.316"
X-2195,MYC,4609.0,Amp5,6.73
X-2195,MYO6,4646.0,MutNovel,"A195V,0.574"
X-2195,MYT1,4661.0,MutNovel,"A601D,0.302"
X-2195,NACA2,342538.0,MutNovel,"L86R,1.000"
X-2195,NACA2,342538.0,MutNovel,"R75K,1.000"
X-2195,NACA2,342538.0,MutNovel,"G65S,1.000"
X-2195,NACAD,23148.0,MutNovel,"G673D,0.308"
X-2195,NACAP1,83955.0,Amp5,6.73
X-2195,NAPRT1,93100.0,Amp5,6.68
X-2195,NBN,4683.0,Amp5,5.94
X-2195,NBPF1,55672.0,MutNovel,"Q764K,0.238"
X-2195,NBPF10,100132406.0,MutNovel,"G3463E,0.275"
X-2195,NBPF9,400818.0,MutNovel,"N242I,0.330"
X-2195,NCALD,83988.0,Amp5,6.73
X-2195,NCOR2,9612.0,MutNovel,"G1839GAAA,0.594"
X-2195,NCRNA00185,55410.0,Del0.8,0.16
X-2195,NDRG1,10397.0,Amp5,6.73
X-2195,NDUFAF6,,MutNovel,"R14Q,0.800"
X-2195,NDUFB9,4715.0,Amp5,6.73
X-2195,NECAB1,64168.0,Amp5,5.94
X-2195,NET1,10276.0,Amp5,5.1
X-2195,NIPAL2,79815.0,Amp5,5.7
X-2195,NLGN4Y,22829.0,Del0.8,0.16
X-2195,NOL6,65083.0,MutNovel,"A658S,0.511"
X-2195,NOLC1,9221.0,MutNovel,"Q195H,0.995"
X-2195,NOTCH3,4854.0,MutNovel,"Y1021C,0.471"
X-2195,NOV,4856.0,Amp5,6.73
X-2195,NRBP2,340371.0,Amp5,6.68
X-2195,NRIP1,8204.0,MutNovel,"Q825E,0.620"
X-2195,NSMCE2,286053.0,Amp5,6.73
X-2195,NUDCD1,84955.0,Amp5,6.73
X-2195,NYAP2,57624.0,MutNovel,"A235T,0.800"
X-2195,OC90,729330.0,Amp5,6.73
X-2195,OCLN,100506658.0,Del0.8,0.72
X-2195,ODF1,4956.0,Amp5,6.73
X-2195,ODF3,113746.0,Del0.8,0.27
X-2195,OPLAH,26873.0,Amp5,6.68
X-2195,OR2T12,127064.0,Del0.8,0.5
X-2195,OR4F5,79501.0,Del0.8,0.71
X-2195,ORAI1,84876.0,MutNovel,"PP43-,0.772"
X-2195,ORMDL3,94103.0,MutNovel,"K79N,0.563"
X-2195,OSGIN2,734.0,Amp5,5.94
X-2195,OSR2,116039.0,Amp5,5.7
X-2195,OTUD6B,51633.0,Amp5,5.94
X-2195,OVOS,,MutNovel,"V427L,1.000"
X-2195,OXR1,55074.0,Amp5,6.73
X-2195,PABPC1,26986.0,Amp5,6.73
X-2195,PABPC3,5042.0,MutKnownFunctional,"-247GG?,0.500"
X-2195,PABPC3,5042.0,MutKnownFunctional,"-336,0.333"
X-2195,PARP10,84875.0,Amp5,6.68
X-2195,PAXIP1,22976.0,MutNovel,"Q457RK,0.378"
X-2195,PCAT1,100750225.0,Amp5,6.73
X-2195,PCDH11Y,83259.0,Del0.8,0.19
X-2195,PCDHB9,56127.0,MutNovel,"P677H,0.250"
X-2195,PDP1,54704.0,Amp5,5.9
X-2195,PEAK1,79834.0,MutKnownFunctional,"-290?,0.312"
X-2195,PEX3,8504.0,MutNovel,"H308R,1.000"
X-2195,PFKFB3,5209.0,Amp5,5.1
X-2195,PFKP,5214.0,Amp5,5.24
X-2195,PHF20L1,51105.0,Amp5,6.73
X-2195,PITRM1,10531.0,Amp5,5.24
X-2195,PKHD1L1,93035.0,Amp5,6.73
X-2195,PKIA,5569.0,Amp5,6.02
X-2195,PLCH2,9651.0,MutKnownFunctional,"-965,0.728"
X-2195,PLEC,5339.0,Amp5,6.68
X-2195,PLEKHF2,79666.0,Amp5,5.7
X-2195,PLK3,1263.0,MutKnownFunctional,"Y88*,0.267"
X-2195,PODXL,5420.0,MutNovel,"H242Y,0.294"
X-2195,POGZ,23126.0,MutNovel,"G936R,0.204"
X-2195,POLR2K,5440.0,Amp5,6.73
X-2195,POP1,10940.0,Amp5,5.7
X-2195,POTEE,445582.0,MutNovel,"D165Y,1.000"
X-2195,POTEE,445582.0,MutNovel,"K169R,1.000"
X-2195,POTEE,445582.0,MutNovel,"L192V,1.000"
X-2195,POTEE,445582.0,MutNovel,"L323P,1.000"
X-2195,POTEE,445582.0,MutNovel,"I329V,1.000"
X-2195,POTEH,23784.0,MutNovel,"M464V,1.000"
X-2195,POTEI,,MutNovel,"V280I,1.000"
X-2195,POTEJ,,MutNovel,"V243I,1.000"
X-2195,POTEJ,,MutNovel,"L286P,1.000"
X-2195,POU5F1B,5462.0,Amp5,6.73
X-2195,PPAP2A,8611.0,MutNovel,"I212T,1.000"
X-2195,PPP1R16A,84988.0,Amp5,6.68
X-2195,PPP4R4,57718.0,Del0.8,0.6
X-2195,PRKCQ,5588.0,Amp5,5.21
X-2195,PRKY,5616.0,Del0.8,0.16
X-2195,PRMT7,54496.0,MutNovel,"A87T,1.000"
X-2195,PRSS1,5644.0,MutNovel,"C30Y,0.333"
X-2195,PRUNE2,158471.0,MutNovel,"R2799Q,0.522"
X-2195,PRY,9081.0,Del0.8,0.16
X-2195,PRY,9081.0,Del0.8,0.16
X-2195,PRY2,442862.0,Del0.8,0.16
X-2195,PRY2,442862.0,Del0.8,0.16
X-2195,PSCA,8000.0,Amp5,6.82
X-2195,PSKH2,85481.0,Amp5,5.94
X-2195,PTK2,5747.0,Amp5,6.82
X-2195,PTP4A3,11156.0,Amp5,6.82
X-2195,PUF60,22827.0,Amp5,6.68
X-2195,PVRIG,79037.0,MutNovel,"V48A,0.318"
X-2195,PVT1,5820.0,Amp5,6.73
X-2195,PYCRL,65263.0,Amp5,6.68
X-2195,RAD21,5885.0,Amp5,6.73
X-2195,RAD21-AS1,644660.0,Amp5,6.73
X-2195,RAD54B,25788.0,Amp5,5.9
X-2195,RBM12B,389677.0,Amp5,5.9
X-2195,RBM17,84991.0,Amp5,5.1
X-2195,RBMY1A3P,286557.0,Del0.8,0.16
X-2195,RBMY1B,378948.0,Del0.8,0.16
X-2195,RBMY1B,378948.0,Del0.8,0.16
X-2195,RBMY1E,378950.0,Del0.8,0.16
X-2195,RBMY1E,378950.0,Del0.8,0.16
X-2195,RBMY1F,159163.0,Del0.8,0.16
X-2195,RBMY1F,159163.0,Del0.8,0.16
X-2195,RBMY1J,378951.0,Del0.8,0.16
X-2195,RBMY1J,378951.0,Del0.8,0.16
X-2195,RBMY2EP,159125.0,Del0.8,0.16
X-2195,RBMY2FP,159162.0,Del0.8,0.16
X-2195,RBMY3AP,64593.0,Del0.8,0.16
X-2195,RECQL4,9401.0,Amp5,6.68
X-2195,REXO1L1,254958.0,Amp5,5.94
X-2195,REXO1L2P,100288527.0,Amp5,5.94
X-2195,REXO1L2P,100288527.0,Amp5,5.94
X-2195,RGPD3,653489.0,MutNovel,"L991P,1.000"
X-2195,RGS12,6002.0,MutNovel,"S107C,0.473"
X-2195,RGS22,26166.0,Amp5,5.7
X-2195,RHPN1,114822.0,Amp5,6.68
X-2195,RIC8A,60626.0,Del0.8,0.27
X-2195,RIMKLA,284716.0,MutKnownFunctional,"R89*,0.337"
X-2195,RIMS2,9699.0,Amp5,6.73
X-2195,RIPK2,8767.0,Amp5,5.94
X-2195,RNF122,79845.0,Amp5,6.92
X-2195,RNF139,11236.0,Amp5,6.73
X-2195,RNF19A,25897.0,Amp5,6.73
X-2195,ROCK1,6093.0,MutNovel,"L553F,0.514"
X-2195,RPL30,6156.0,Amp5,5.7
X-2195,RPL4,6124.0,MutNovel,"R311C,0.494"
X-2195,RPL8,6132.0,Amp5,6.68
X-2195,RPS4Y1,6192.0,Del0.8,0.18
X-2195,RPS4Y2,140032.0,Del0.8,0.16
X-2195,RPS6KA3,6197.0,MutNovel,"T115K,1.000"
X-2195,RRM2B,50484.0,Amp5,6.73
X-2195,RSPO2,340419.0,Amp5,6.73
X-2195,SAMD12,401474.0,Amp5,6.73
X-2195,SAMD12-AS1,552860.0,Amp5,6.73
X-2195,SCRIB,23513.0,Amp5,6.68
X-2195,SCRT1,83482.0,Amp5,6.68
X-2195,SCXA,100129885.0,Amp5,6.68
X-2195,SDC2,6383.0,Amp5,5.7
X-2195,SDCBP2,27111.0,MutNovel,"W163R,0.388"
X-2195,SEMA6B,10501.0,MutNovel,"P392L,0.371"
X-2195,SENP5,205564.0,MutNovel,"S608R,0.422"
X-2195,SERINC2,347735.0,MutNovel,"-373Q,0.774"
X-2195,SETD1B,23067.0,MutNovel,"A1445T,0.514"
X-2195,SFMBT2,57713.0,Amp5,5.21
X-2195,SGK494,124923.0,MutNovel,"E82Q,0.705"
X-2195,SGSM3,27352.0,MutNovel,"D550N,1.000"
X-2195,SGTA,6449.0,MutNovel,"Y141C,1.000"
X-2195,SHARPIN,81858.0,Amp5,6.68
X-2195,SIRT3,23410.0,Del0.8,0.54
X-2195,SLA,6503.0,Amp5,6.73
X-2195,SLC22A4,6583.0,MutNovel,"V128I,1.000"
X-2195,SLC25A32,81034.0,Amp5,6.73
X-2195,SLC26A2,1836.0,MutNovel,"T143P,0.474"
X-2195,SLC26A7,115111.0,Amp5,5.94
X-2195,SLC2A10,81031.0,MutNovel,"R132W,0.305"
X-2195,SLC30A8,169026.0,Amp5,6.73
X-2195,SLC39A4,55630.0,Amp5,6.68
X-2195,SLC45A4,57210.0,Amp5,6.82
X-2195,SLC7A13,157724.0,Amp5,5.94
X-2195,SLURP1,57152.0,Amp5,6.82
X-2195,SMC2,10592.0,MutNovel,"A396T,0.590"
X-2195,SMEK2,57223.0,MutNovel,"S839L,0.455"
X-2195,SNORA72,26775.0,Amp5,5.7
X-2195,SNTB1,6641.0,Amp5,6.73
X-2195,SNX31,169166.0,Amp5,6.73
X-2195,SORCS2,57537.0,MutNovel,"N206T,0.600"
X-2195,SORT1,6272.0,MutNovel,"P15S,0.500"
X-2195,SPAG1,6674.0,Amp5,6.73
X-2195,SPATA18,132671.0,MutNovel,"S227L,1.000"
X-2195,SPATC1,375686.0,Amp5,6.68
X-2195,SPRYD3,84926.0,MutKnownFunctional,"K14*,0.560"
X-2195,SQLE,6713.0,Amp5,6.73
X-2195,SRA1,10011.0,MutNovel,"R160T,0.319"
X-2195,SRY,6736.0,Del0.8,0.18
X-2195,ST3GAL1,6482.0,Amp5,6.73
X-2195,STEAP1,26872.0,MutNovel,"L167V,0.655"
X-2195,STK3,6788.0,Amp5,5.7
X-2195,STMN2,11075.0,Amp5,5.74
X-2195,SYBU,55638.0,Amp5,6.73
X-2195,SYK,6850.0,MutNovel,"N137T,1.000"
X-2195,TAF1L,138474.0,MutKnownFunctional,"-665?,0.750"
X-2195,TAF2,6873.0,Amp5,6.73
X-2195,TAF3,83860.0,Amp5,5.21
X-2195,TAG,404663.0,Del0.8,0.49
X-2195,TATDN1,83940.0,Amp5,6.73
X-2195,TBC1D22B,55633.0,MutNovel,"V444M,0.414"
X-2195,TBC1D9,23158.0,MutNovel,"I751S,0.515"
X-2195,TBL1Y,90665.0,Del0.8,0.16
X-2195,TBP,6908.0,MutNovel,"-64Q,0.204"
X-2195,TG,7038.0,Amp5,6.73
X-2195,TGIF2LY,90655.0,Del0.8,0.19
X-2195,THNSL1,79896.0,MutNovel,"K609N,0.307"
X-2195,TIGD5,84948.0,Amp5,6.68
X-2195,TIMM23,100287932.0,MutNovel,"R70W,0.600"
X-2195,TIRAP,114609.0,MutNovel,"R143Q,0.327"
X-2195,TLK2,11011.0,MutNovel,"R262Q,0.207"
X-2195,TMED10P1,286102.0,Amp5,6.68
X-2195,TMEM184A,202915.0,MutNovel,"G392GA,0.345"
X-2195,TMEM214,54867.0,MutNovel,"R179H,0.434"
X-2195,TMEM55A,55529.0,Amp5,5.94
X-2195,TMEM64,169200.0,Amp5,5.94
X-2195,TMEM65,157378.0,Amp5,6.73
X-2195,TMEM67,91147.0,Amp5,5.9
X-2195,TMEM71,137835.0,Amp5,6.73
X-2195,TMEM74,157753.0,Amp5,6.73
X-2195,TMSB4Y,9087.0,Del0.8,0.16
X-2195,TNFRSF11B,4982.0,Amp5,6.73
X-2195,TNRC18,84629.0,MutKnownFunctional,"E2582*,0.290"
X-2195,TONSL,4796.0,Amp5,6.68
X-2195,TOP1MT,116447.0,Amp5,6.68
X-2195,TP53INP1,94241.0,Amp5,5.7
X-2195,TP63,8626.0,Del0.8,0.36
X-2195,TPD52,7163.0,Amp5,5.74
X-2195,TPTE2P3,220115.0,Del0.8,0.79
X-2195,TRAPPC8,22878.0,MutNovel,"S133L,0.472"
X-2195,TRAPPC9,83696.0,Amp5,6.82
X-2195,TRHR,7201.0,Amp5,6.73
X-2195,TRIB1,10221.0,Amp5,6.73
X-2195,TRMT12,55039.0,Amp5,6.73
X-2195,TRMT44,,MutNovel,"A276V,0.478"
X-2195,TRPS1,7227.0,Amp5,6.73
X-2195,TSNARE1,203062.0,Amp5,6.82
X-2195,TSPY1,7258.0,Del0.8,0.16
X-2195,TSPY2,64591.0,Del0.8,0.16
X-2195,TSPY3,728137.0,Del0.8,0.16
X-2195,TSPY4,728395.0,Del0.8,0.16
X-2195,TSPY8,728403.0,Del0.8,0.16
X-2195,TSPYL1,7259.0,MutNovel,"V176VW,0.891"
X-2195,TSPYL5,85453.0,Amp5,5.7
X-2195,TSTA3,7264.0,Amp5,6.68
X-2195,TTI2,80185.0,Amp5,6.92
X-2195,TTLL5,23093.0,Del0.8,0.69
X-2195,TTN,7273.0,MutNovel,"V31674A,1.000"
X-2195,TTN,7273.0,MutNovel,"V22488F,0.600"
X-2195,TTN,7273.0,MutNovel,"K18002E,0.800"
X-2195,TTTY10,246119.0,Del0.8,0.16
X-2195,TTTY11,83866.0,Del0.8,0.16
X-2195,TTTY12,83867.0,Del0.8,0.16
X-2195,TTTY13,83868.0,Del0.8,0.16
X-2195,TTTY14,83869.0,Del0.8,0.16
X-2195,TTTY15,64595.0,Del0.8,0.16
X-2195,TTTY16,252948.0,Del0.8,0.16
X-2195,TTTY17A,252949.0,Del0.8,0.16
X-2195,TTTY17A,252949.0,Del0.8,0.16
X-2195,TTTY18,252950.0,Del0.8,0.16
X-2195,TTTY19,252952.0,Del0.8,0.16
X-2195,TTTY1B,100101116.0,Del0.8,0.16
X-2195,TTTY1B,100101116.0,Del0.8,0.16
X-2195,TTTY2,60439.0,Del0.8,0.16
X-2195,TTTY2,60439.0,Del0.8,0.16
X-2195,TTTY20,252951.0,Del0.8,0.16
X-2195,TTTY21,252953.0,Del0.8,0.16
X-2195,TTTY21,252953.0,Del0.8,0.16
X-2195,TTTY22,252954.0,Del0.8,0.16
X-2195,TTTY23,252955.0,Del0.8,0.16
X-2195,TTTY23,252955.0,Del0.8,0.16
X-2195,TTTY3,114760.0,Del0.8,0.16
X-2195,TTTY3,114760.0,Del0.8,0.16
X-2195,TTTY4,114761.0,Del0.8,0.16
X-2195,TTTY4,114761.0,Del0.8,0.16
X-2195,TTTY5,83863.0,Del0.8,0.16
X-2195,TTTY6,84672.0,Del0.8,0.16
X-2195,TTTY6,84672.0,Del0.8,0.16
X-2195,TTTY7,246122.0,Del0.8,0.16
X-2195,TTTY7,246122.0,Del0.8,0.16
X-2195,TTTY7B,100101120.0,Del0.8,0.16
X-2195,TTTY7B,100101120.0,Del0.8,0.16
X-2195,TTTY8,84673.0,Del0.8,0.16
X-2195,TTTY8,84673.0,Del0.8,0.16
X-2195,TTTY9A,83864.0,Del0.8,0.16
X-2195,TTTY9A,83864.0,Del0.8,0.16
X-2195,TUBAL3,79861.0,Amp5,5.1
X-2195,TXLNG2P,246126.0,Del0.8,0.16
X-2195,UBR5,51366.0,Amp5,6.73
X-2195,UBXN4,23190.0,MutNovel,"V391M,0.524"
X-2195,UCN3,114131.0,Amp5,5.1
X-2195,UGT2B15,7366.0,MutNovel,"L427Q,0.333"
X-2195,UQCRB,7381.0,Amp5,5.7
X-2195,USP32P2,220594.0,Del0.8,0.4
X-2195,USP36,57602.0,MutNovel,"KKK958K,0.721"
X-2195,USP9Y,8287.0,Del0.8,0.16
X-2195,UTP23,84294.0,Amp5,6.73
X-2195,UTY,7404.0,Del0.8,0.16
X-2195,VCY,9084.0,Del0.8,0.16
X-2195,VCY,9084.0,Del0.8,0.16
X-2195,VPS13B,157680.0,Amp5,5.7
X-2195,VPS28,51160.0,Amp5,6.68
X-2195,VRK1,7443.0,MutNovel,"R103C,0.992"
X-2195,WDR37,22884.0,Amp5,5.24
X-2195,WDR52,55779.0,MutNovel,"L1413I,0.425"
X-2195,WDR66,144406.0,MutNovel,"R948Q,0.273"
X-2195,WDR67,93594.0,Amp5,6.73
X-2195,WDSUB1,151525.0,MutNovel,"A423T,1.000"
X-2195,WDYHV1,55093.0,Amp5,6.73
X-2195,WISP1,8840.0,Amp5,6.73
X-2195,WWP1,11059.0,Amp5,5.94
X-2195,XKRY2,353515.0,Del0.8,0.16
X-2195,XKRY2,353515.0,Del0.8,0.16
X-2195,YWHAZ,7534.0,Amp5,6.73
X-2195,ZC3H3,23144.0,Amp5,6.68
X-2195,ZDHHC11,79844.0,Del0.8,0.32
X-2195,ZDHHC5,25921.0,MutNovel,"D309H,0.994"
X-2195,ZFAT,57623.0,Amp5,6.73
X-2195,ZFAT-AS1,594840.0,Amp5,6.73
X-2195,ZFP14,57677.0,Del0.8,0.72
X-2195,ZFP41,286128.0,Amp5,6.68
X-2195,ZFPM2,23414.0,Amp5,6.73
X-2195,ZFR,51663.0,MutNovel,"T256S,0.531"
X-2195,ZFY,7544.0,Del0.8,0.18
X-2195,ZHX1,11244.0,Amp5,6.73
X-2195,ZHX1-C8ORF76,100533106.0,Amp5,6.73
X-2195,ZHX2,22882.0,Amp5,6.73
X-2195,ZMYND11,10771.0,Amp5,5.24
X-2195,ZNF16,7564.0,Amp5,6.68
X-2195,ZNF250,58500.0,Amp5,6.68
X-2195,ZNF251,90987.0,Amp5,6.68
X-2195,ZNF34,80778.0,Amp5,6.68
X-2195,ZNF384,171017.0,MutNovel,"QQ514Q,0.458"
X-2195,ZNF485,220992.0,MutNovel,"G66R,0.567"
X-2195,ZNF517,340385.0,Amp5,6.68
X-2195,ZNF572,137209.0,Amp5,6.73
X-2195,ZNF608,57507.0,MutNovel,"S1428R,0.800"
X-2195,ZNF623,9831.0,Amp5,6.68
X-2195,ZNF696,79943.0,Amp5,6.68
X-2195,ZNF7,7553.0,Amp5,6.68
X-2195,ZNF706,51123.0,Amp5,6.73
X-2195,ZNF707,286075.0,Amp5,6.68
X-2195,ZNF730,,MutNovel,"A3V,0.857"
X-2195,ZNF814,730051.0,MutNovel,"F284L,0.222"
X-2195,ZNF814,730051.0,MutNovel,"V282A,0.400"
X-2195,ZSWIM6,57688.0,MutNovel,"AAA51-,0.889"
X-2344,ACBD7,414149.0,Amp5,7.16
X-2344,ACTR3BP5,399746.0,Amp5,5.74
X-2344,ADARB2,105.0,Amp5,6.77
X-2344,ADD1,118.0,MutNovel,"K691E,0.494"
X-2344,ADRA2B,151.0,Amp5,5.82
X-2344,AKR1C1,1645.0,Amp5,7.16
X-2344,AKR1C2,1646.0,Amp5,7.16
X-2344,AKR1C3,8644.0,Amp5,7.16
X-2344,AKR1C4,1109.0,Amp5,7.16
X-2344,AKR1CL1,340811.0,Amp5,7.16
X-2344,AKR1E2,83592.0,Amp5,7.16
X-2344,AMELY,266.0,Del0.8,0.33
X-2344,ANKRD16,54522.0,Amp5,7.16
X-2344,ANKRD23,200539.0,Amp8,13
X-2344,ANKRD27,84079.0,Amp5,6.28
X-2344,ANKRD30A,91074.0,Amp5,5.74
X-2344,ANKRD36,375248.0,Amp5,6.87
X-2344,ANKRD39,51239.0,Amp8,13
X-2344,ARFGAP2,84364.0,MutNovel,"V52L,0.290"
X-2344,ARHGAP12,94134.0,Amp5,5.74
X-2344,ARHGAP21,57584.0,Amp5,5.74
X-2344,ARID5A,10865.0,Amp8,13
X-2344,ARL13B,200894.0,Del0.8,0.8
X-2344,ARL5B,221079.0,Amp5,7.16
X-2344,ARMC3,219681.0,Amp5,5.7
X-2344,ASAH1,427.0,MutNovel,"M110R,1.000"
X-2344,ASB13,79754.0,Amp5,7.16
X-2344,ASTL,431705.0,Amp5,5.82
X-2344,ATP12A,479.0,MutNovel,"T998I,1.000"
X-2344,ATP4A,495.0,Amp5,6.87
X-2344,ATP5C1,509.0,Amp5,7.16
X-2344,ATXN7L1,222255.0,MutNovel,"K256R,1.000"
X-2344,BAMBI,25805.0,Amp5,5.98
X-2344,BARD1,580.0,MutNovel,"P709L,0.364"
X-2344,BCORP1,286554.0,Del0.8,0.33
X-2344,BEND7,222389.0,Amp5,7.16
X-2344,BIRC6,57448.0,MutNovel,"S2992I,0.611"
X-2344,BMI1,648.0,Amp5,5.7
X-2344,BPY2B,442867.0,Del0.8,0.33
X-2344,BPY2B,442867.0,Del0.8,0.33
X-2344,C10orf111,221060.0,Amp5,7.16
X-2344,C10orf113,387638.0,Amp5,5.7
X-2344,C10orf114,399726.0,Amp5,5.7
X-2344,C10orf47,254427.0,Amp5,5.74
X-2344,C10orf67,256815.0,Amp5,5.7
X-2344,C10orf68,79741.0,Amp5,5.74
X-2344,C19orf33,64073.0,Amp8,8.06
X-2344,C19orf40,91442.0,Amp5,6.28
X-2344,C1QL3,389941.0,Amp5,7.16
X-2344,C21orf56,84221.0,MutNovel,"A273V,0.471"
X-2344,C21orf58,54058.0,MutNovel,"H299PN,0.655"
X-2344,CACNB2,783.0,Amp5,7.16
X-2344,CALML3,810.0,Amp5,7.16
X-2344,CALML5,51806.0,Amp5,7.16
X-2344,CAMK1D,57118.0,Amp5,6.41
X-2344,CAPRIN1,4076.0,MutNovel,"T5P,0.268"
X-2344,CATSPERG,57828.0,Amp8,8.06
X-2344,CCDC149,91050.0,MutNovel,"E62K,0.400"
X-2344,CCDC3,83643.0,Amp5,7.16
X-2344,CCDC7,221016.0,Amp5,5.74
X-2344,CCNY,219771.0,Amp5,5.74
X-2344,CD22,933.0,Amp5,6.87
X-2344,CDC123,8872.0,Amp5,5.74
X-2344,CDC42EP1,11135.0,MutNovel,"PAPAANPS253P,1.000"
X-2344,CDK11B,984.0,MutNovel,"L503Q,1.000"
X-2344,CDNF,441549.0,Amp5,7.16
X-2344,CDY1B,253175.0,Del0.8,0.33
X-2344,CDY1B,253175.0,Del0.8,0.33
X-2344,CDY2A,9426.0,Del0.8,0.33
X-2344,CDY2A,9426.0,Del0.8,0.33
X-2344,CDY2B,203611.0,Del0.8,0.33
X-2344,CDY2B,203611.0,Del0.8,0.33
X-2344,CEBPA,1050.0,Amp5,6.28
X-2344,CEBPG,1054.0,Amp5,6.28
X-2344,CELF2,10659.0,Amp5,5.74
X-2344,CEP89,84902.0,Amp5,6.28
X-2344,CHST8,64377.0,Amp5,6.28
X-2344,CIAO1,9391.0,Amp5,5.82
X-2344,CLN6,54982.0,MutNovel,"L108V,0.261"
X-2344,CNNM3,26505.0,Amp8,13
X-2344,CNNM4,26504.0,Amp8,13
X-2344,COA1,,MutNovel,"K145T,0.555"
X-2344,COMMD3,23412.0,Amp5,5.7
X-2344,COMMD3-BMI1,100532731.0,Amp5,5.7
X-2344,CREM,1390.0,Amp5,5.74
X-2344,CSPG4P1Y,114758.0,Del0.8,0.33
X-2344,CSPG4P1Y,114758.0,Del0.8,0.33
X-2344,CTNNBL1,56259.0,MutNovel,"A52V,0.405"
X-2344,CTSA,5476.0,MutNovel,"L29-,0.578"
X-2344,CUBN,8029.0,Amp5,7.16
X-2344,CUL2,8453.0,Amp5,5.74
X-2344,CYHR1,50626.0,MutNovel,"R87S,0.341"
X-2344,DAZ1,1617.0,Del0.8,0.33
X-2344,DAZ2,57055.0,Del0.8,0.33
X-2344,DAZ3,57054.0,Del0.8,0.33
X-2344,DAZ3,57054.0,Del0.8,0.33
X-2344,DAZ4,57135.0,Del0.8,0.33
X-2344,DAZ4,57135.0,Del0.8,0.33
X-2344,DCLRE1C,64421.0,Amp5,7.16
X-2344,DDX3Y,8653.0,Del0.8,0.33
X-2344,DHFRL1,200895.0,Del0.8,0.8
X-2344,DHTKD1,55526.0,Amp5,5.74
X-2344,DIP2C,22982.0,Amp5,6.02
X-2344,DMKN,93099.0,Amp5,6.87
X-2344,DNAJC1,64215.0,Amp5,5.7
X-2344,DPF1,8193.0,Amp8,8.06
X-2344,DUSP2,1844.0,Amp5,5.82
X-2344,DZIP3,9666.0,MutNovel,"K335T,1.000"
X-2344,EBLN1,340900.0,Amp5,5.7
X-2344,ECHDC3,79746.0,Amp5,5.74
X-2344,EIF1AY,9086.0,Del0.8,0.33
X-2344,ENKUR,219670.0,Amp5,5.74
X-2344,EPC1,80314.0,Amp5,5.74
X-2344,FAHD2A,51011.0,Amp5,5.82
X-2344,FAHD2B,151313.0,Amp8,13
X-2344,FAM105B,90268.0,MutNovel,"Q8H,1.000"
X-2344,FAM107B,83641.0,Amp5,7.16
X-2344,FAM171A1,221061.0,Amp5,7.16
X-2344,FAM178B,51252.0,Amp8,13
X-2344,FAM187B,148109.0,Amp5,6.87
X-2344,FAM188A,80013.0,Amp5,7.16
X-2344,FAM197Y2P,252946.0,Del0.8,0.33
X-2344,FAM208B,54906.0,Amp5,7.16
X-2344,FAM41AY1,340618.0,Del0.8,0.33
X-2344,FAM41AY1,340618.0,Del0.8,0.33
X-2344,FAM98C,147965.0,Amp8,8.06
X-2344,FBXO18,84893.0,Amp5,7.16
X-2344,FEM1A,55527.0,MutNovel,"A439P,0.486"
X-2344,FER1L5,90342.0,Amp8,13
X-2344,FFAR1,2864.0,Amp5,6.87
X-2344,FFAR2,2867.0,Amp5,6.87
X-2344,FFAR3,2865.0,Amp5,6.87
X-2344,FLJ22184,80164.0,MutNovel,"A8V,0.621"
X-2344,FLJ45983,399717.0,Amp8,9.38
X-2344,FRMD4A,55691.0,Amp5,7.16
X-2344,FXYD1,5348.0,Amp5,6.87
X-2344,FXYD3,5349.0,Amp5,6.87
X-2344,FXYD5,53827.0,Amp5,6.87
X-2344,FXYD7,53822.0,Amp5,6.87
X-2344,FZD8,8325.0,Amp5,5.74
X-2344,GAPDHS,26330.0,Amp5,6.87
X-2344,GATA3,2625.0,Amp8,9.38
X-2344,GDI2,2665.0,Amp5,7.16
X-2344,GGN,199720.0,Amp8,8.06
X-2344,GIT2,9815.0,MutNovel,"S361F,1.000"
X-2344,GJD4,219770.0,Amp5,5.74
X-2344,GLUD2,2747.0,MutNovel,"N189Y,1.000"
X-2344,GOLGA2P2Y,84559.0,Del0.8,0.33
X-2344,GOLGA2P2Y,84559.0,Del0.8,0.33
X-2344,GOLGA6L9,440295.0,MutNovel,"V377F,0.833"
X-2344,GPAT2,150763.0,Amp5,5.82
X-2344,GPATCH1,55094.0,Amp5,6.28
X-2344,GPC2,221914.0,MutNovel,"V391G,0.700"
X-2344,GRAMD1A,57655.0,MutNovel,"R421W,0.304"
X-2344,GRAMD1A,57655.0,Amp5,6.87
X-2344,GYG2P1,352887.0,Del0.8,0.33
X-2344,HAMP,57817.0,Amp5,6.87
X-2344,HAUS5,23354.0,Amp5,6.87
X-2344,HKR1,284459.0,Amp8,11.24
X-2344,HLA-G,3135.0,MutNovel,"R280T,0.571"
X-2344,HMMR,3161.0,MutKnownFunctional,"-665?,0.250"
X-2344,HPN,3249.0,Amp5,6.87
X-2344,HSD17B7P2,158160.0,Amp5,5.74
X-2344,HSFY2,159119.0,Del0.8,0.33
X-2344,HSFY2,159119.0,Del0.8,0.33
X-2344,HSPA14,51182.0,Amp5,7.16
X-2344,IFT80,57560.0,MutNovel,"I583V,1.000"
X-2344,IL15RA,3601.0,Amp5,7.16
X-2344,IL1R2,7850.0,MutNovel,"R372W,1.000"
X-2344,IL2RA,3559.0,Amp5,7.16
X-2344,IRF2BP2,359948.0,MutNovel,"P118S,1.000"
X-2344,ITGA8,8516.0,Amp5,7.16
X-2344,ITGB1,3688.0,Amp5,5.74
X-2344,ITIH2,3698.0,Amp5,7.16
X-2344,ITIH5,80760.0,Amp5,7.16
X-2344,ITPRIPL1,150771.0,Amp5,5.82
X-2344,KANSL3,55683.0,Amp8,13
X-2344,KCNIP3,30818.0,Amp5,5.82
X-2344,KCNJ12,3768.0,MutNovel,"E430G,0.700"
X-2344,KCNK6,9424.0,Amp8,8.06
X-2344,KCNQ2,3785.0,MutNovel,"R165Q,0.329"
X-2344,KCTD15,79047.0,Amp5,6.28
X-2344,KDM5D,8284.0,Del0.8,0.33
X-2344,KIAA0391,9692.0,MutKnownFunctional,"-83?,0.286"
X-2344,KIAA1462,57608.0,Amp5,5.98
X-2344,KIF5B,3799.0,Amp5,5.74
X-2344,KIN,22944.0,Amp5,7.16
X-2344,KLF6,1316.0,Amp5,7.16
X-2344,KRTDAP,388533.0,Amp5,6.87
X-2344,LGALS9C,654346.0,Del0.8,0.45
X-2344,LGI4,163175.0,Amp5,6.87
X-2344,LMAN2L,81562.0,Amp8,13
X-2344,LOC100128098,100128098.0,Amp5,7.16
X-2344,LOC100128675,100128675.0,Amp5,6.87
X-2344,LOC100128682,100128682.0,Amp5,6.87
X-2344,LOC100129055,100129055.0,Amp5,5.74
X-2344,LOC100129213,100129213.0,Amp5,7.16
X-2344,LOC100130992,100130992.0,Amp5,5.7
X-2344,LOC100192204,100192204.0,Amp5,7.16
X-2344,LOC100216001,100216001.0,Amp5,7.16
X-2344,LOC100288332,,MutNovel,"R140K,1.000"
X-2344,LOC100499489,100499489.0,Amp5,5.7
X-2344,LOC100505583,100505583.0,Amp5,5.74
X-2344,LOC100506469,100506469.0,Amp5,6.87
X-2344,LOC100507034,100507034.0,Amp5,7.16
X-2344,LOC100507127,100507127.0,Amp5,7.16
X-2344,LOC100507433,100507433.0,Amp8,11.24
X-2344,LOC100507605,100507605.0,Amp5,5.98
X-2344,LOC100631378,100631378.0,Amp8,11.24
X-2344,LOC219731,219731.0,Amp5,5.74
X-2344,LOC220906,220906.0,Amp5,5.98
X-2344,LOC254312,254312.0,Amp5,5.74
X-2344,LOC282980,282980.0,Amp8,9.85
X-2344,LOC283070,283070.0,Amp5,7.16
X-2344,LOC284412,284412.0,Amp8,11.24
X-2344,LOC285033,285033.0,Amp5,5.82
X-2344,LOC338588,338588.0,Amp5,7.16
X-2344,LOC387647,387647.0,Amp5,5.98
X-2344,LOC399708,399708.0,Amp8,9.85
X-2344,LOC399715,399715.0,Amp5,7.16
X-2344,LOC399744,399744.0,Amp5,5.74
X-2344,LOC400685,400685.0,Amp5,6.87
X-2344,LOC439949,439949.0,Amp5,7.16
X-2344,LOC442028,442028.0,Amp5,5.82
X-2344,LOC644554,644554.0,Amp8,11.24
X-2344,LOC80054,80054.0,Amp5,6.28
X-2344,LRP3,4037.0,Amp5,6.28
X-2344,LSG1,55341.0,MutNovel,"E127-,0.967"
X-2344,LSR,51599.0,MutNovel,"G518GR,0.804"
X-2344,LSR,51599.0,Amp5,6.87
X-2344,LTBP3,4054.0,MutNovel,"H611Y,0.635"
X-2344,LYZL1,84569.0,Amp5,5.98
X-2344,LYZL2,119180.0,Amp5,5.98
X-2344,MAG,4099.0,Amp5,6.87
X-2344,MAL,4118.0,Amp5,5.82
X-2344,MAP3K8,1326.0,Amp5,5.98
X-2344,MAPK4,5596.0,MutNovel,"P528L,0.458"
X-2344,MCM10,55388.0,Amp5,7.16
X-2344,MEIG1,644890.0,Amp5,7.16
X-2344,MIR1265,100302116.0,Amp5,7.16
X-2344,MIR1915,100302129.0,Amp5,5.7
X-2344,MIR3127,100422928.0,Amp8,13
X-2344,MIR3155A,100422989.0,Amp5,7.16
X-2344,MIR3155B,100628560.0,Amp5,7.16
X-2344,MIR4480,100616151.0,Amp5,7.16
X-2344,MIR4675,100616383.0,Amp5,5.7
X-2344,MIR511-1,574445.0,Amp5,7.16
X-2344,MIR603,693188.0,Amp5,5.74
X-2344,MIR604,693189.0,Amp5,5.98
X-2344,MIR938,100126327.0,Amp5,5.98
X-2344,MLLT10,8028.0,Amp5,5.7
X-2344,MMP12,4321.0,MutNovel,"T83S,0.500"
X-2344,MPP7,143098.0,Amp5,5.98
X-2344,MRC1,4360.0,Amp5,7.16
X-2344,MRPS5,64969.0,Amp5,5.82
X-2344,MSRB2,22921.0,Amp5,5.7
X-2344,MTPAP,55149.0,Amp5,5.98
X-2344,MTRNR2L7,100288485.0,Amp5,5.74
X-2344,MUC20,200958.0,MutNovel,"V325I,0.222"
X-2344,MYO3A,53904.0,MutNovel,"S1181N,0.714"
X-2344,NBPF10,100132406.0,MutKnownFunctional,"Y3501*,0.281"
X-2344,NCAPH,23397.0,Amp5,5.82
X-2344,NCOR2,9612.0,MutNovel,"G1839GAAA,0.217"
X-2344,NCRNA00185,55410.0,Del0.8,0.33
X-2344,NEBL,10529.0,Amp5,5.7
X-2344,NET1,10276.0,Amp5,7.16
X-2344,NEU4,129807.0,MutNovel,"V68M,1.000"
X-2344,NEURL3,93082.0,Amp8,13
X-2344,NLGN4Y,22829.0,Del0.8,0.33
X-2344,NMT2,9397.0,Amp5,7.16
X-2344,NOD2,64127.0,MutKnownFunctional,"-1006?,0.407"
X-2344,NR1H2,7376.0,MutNovel,"-173Q,0.808"
X-2344,NRP1,8829.0,Amp5,5.74
X-2344,NSUN3,63899.0,Del0.8,0.8
X-2344,NSUN6,221078.0,Amp5,7.16
X-2344,NUDT19,390916.0,Amp5,6.28
X-2344,NUDT5,11164.0,Amp5,5.74
X-2344,OBSCN,84033.0,MutNovel,"D399Y,0.500"
X-2344,OBSCN,84033.0,MutNovel,"S6069L,1.000"
X-2344,OLAH,55301.0,Amp5,7.16
X-2344,OPTN,10133.0,Amp5,7.16
X-2344,OR2T10,127069.0,Del0.8,0.63
X-2344,OR2T34,127068.0,Del0.8,0.63
X-2344,OSTalpha,200931.0,MutNovel,"R318Q,1.000"
X-2344,OTUD1,220213.0,Amp5,5.7
X-2344,P2RY8,286530.0,MutNovel,"C1473S,0.300"
X-2344,P2RY8,286530.0,MutKnownFunctional,"-1441,1.000"
X-2344,P2RY8,286530.0,MutNovel,"Y1389C,1.000"
X-2344,PARD3,56288.0,Amp5,5.74
X-2344,PCDH11Y,83259.0,Del0.8,0.33
X-2344,PCF11,51585.0,MutNovel,"Q467R,0.278"
X-2344,PDCD5,9141.0,Amp5,6.28
X-2344,PEPD,5184.0,Amp5,6.28
X-2344,PFKFB3,5209.0,Amp5,7.16
X-2344,PFKP,5214.0,Amp5,7.16
X-2344,PGM3,5238.0,MutNovel,"S361N,0.800"
X-2344,PHKB,5257.0,MutNovel,"E818-,0.545"
X-2344,PHYH,5264.0,Amp5,7.16
X-2344,PIM3,415116.0,MutNovel,"P22Q,0.987"
X-2344,PIP4K2A,5305.0,Amp5,5.7
X-2344,PITRM1,10531.0,Amp5,7.16
X-2344,PITX1,5307.0,MutNovel,"P226Q,1.000"
X-2344,PITX1,5307.0,MutNovel,"R40L,1.000"
X-2344,PKD1,5310.0,MutNovel,"R966W,0.286"
X-2344,PLXDC2,84898.0,Amp5,6.36
X-2344,POLR2J2,246721.0,MutNovel,"C107G,1.000"
X-2344,PPM1G,5496.0,MutNovel,"D487E,0.460"
X-2344,PPP1R14A,94274.0,Amp8,8.06
X-2344,PRKCQ,5588.0,Amp5,7.16
X-2344,PRKY,5616.0,Del0.8,0.33
X-2344,PROM2,150696.0,Amp5,5.82
X-2344,PROS1,5627.0,Del0.8,0.8
X-2344,PRPF18,8559.0,Amp5,7.16
X-2344,PRTFDC1,56952.0,Amp5,5.74
X-2344,PRY,9081.0,Del0.8,0.33
X-2344,PRY,9081.0,Del0.8,0.33
X-2344,PRY2,442862.0,Del0.8,0.33
X-2344,PRY2,442862.0,Del0.8,0.33
X-2344,PSAP,5660.0,MutNovel,"K481E,0.652"
X-2344,PSMD8,5714.0,Amp8,8.06
X-2344,PTER,9317.0,Amp5,7.16
X-2344,PTF1A,256297.0,Amp5,5.7
X-2344,PTPLA,9200.0,Amp5,7.16
X-2344,PWWP2B,170394.0,MutNovel,"S191I,0.250"
X-2344,RASGRP4,115727.0,Amp8,8.06
X-2344,RBM17,84991.0,Amp5,7.16
X-2344,RBM42,79171.0,Amp5,6.87
X-2344,RBMY1A3P,286557.0,Del0.8,0.33
X-2344,RBMY1B,378948.0,Del0.8,0.33
X-2344,RBMY1B,378948.0,Del0.8,0.33
X-2344,RBMY1E,378950.0,Del0.8,0.33
X-2344,RBMY1E,378950.0,Del0.8,0.33
X-2344,RBMY1F,159163.0,Del0.8,0.33
X-2344,RBMY1F,159163.0,Del0.8,0.33
X-2344,RBMY1J,378951.0,Del0.8,0.33
X-2344,RBMY1J,378951.0,Del0.8,0.33
X-2344,RBMY2EP,159125.0,Del0.8,0.33
X-2344,RBMY2FP,159162.0,Del0.8,0.33
X-2344,RBMY3AP,64593.0,Del0.8,0.33
X-2344,RGS9BP,388531.0,Amp5,6.28
X-2344,RHPN2,85415.0,Amp5,6.28
X-2344,RPP38,10557.0,Amp5,7.16
X-2344,RPS4Y1,6192.0,Del0.8,0.33
X-2344,RPS4Y2,140032.0,Del0.8,0.33
X-2344,RPUSD2,27079.0,MutNovel,"V347E,0.304"
X-2344,RSU1,6251.0,Amp5,7.16
X-2344,RYR1,6261.0,Amp5,6.23
X-2344,SBSN,374897.0,Amp5,6.87
X-2344,SCGB2B3P,100130342.0,Amp5,6.87
X-2344,SCN1B,6324.0,Amp5,6.87
X-2344,SCNN1B,6338.0,MutNovel,"T313M,0.545"
X-2344,SEC61A2,55176.0,Amp5,5.74
X-2344,SELV,348303.0,MutNovel,"P102S,0.750"
X-2344,SEMA4C,54910.0,Amp8,13
X-2344,SEPHS1,22929.0,Amp5,7.16
X-2344,SEPT7L,285961.0,Amp5,5.74
X-2344,SERINC2,347735.0,MutNovel,"-373Q,0.640"
X-2344,SEZ6L2,26470.0,MutNovel,"Y737C,0.519"
X-2344,SFMBT2,57713.0,Amp5,7.16
X-2344,SFTA1P,207107.0,Amp5,5.74
X-2344,SIPA1L3,23094.0,Amp8,9.51
X-2344,SLC18B1,,MutNovel,"A421V,0.632"
X-2344,SLC39A12,221074.0,Amp5,7.16
X-2344,SLC7A10,56301.0,Amp5,6.28
X-2344,SLC7A9,11136.0,Amp5,6.28
X-2344,SLITRK4,139065.0,MutNovel,"H653Q,1.000"
X-2344,SMCHD1,23347.0,MutNovel,"D150N,0.500"
X-2344,SNRNP200,23020.0,Amp5,5.82
X-2344,SPAG6,9576.0,Amp5,5.7
X-2344,SPINT2,10653.0,Amp8,8.06
X-2344,SPRED3,399473.0,Amp8,8.06
X-2344,SRD5A1,6715.0,MutNovel,"C207Y,1.000"
X-2344,SRY,6736.0,Del0.8,0.33
X-2344,SSRP1,6749.0,MutNovel,"N305S,0.315"
X-2344,ST8SIA6,338596.0,Amp5,7.16
X-2344,STAG3,10734.0,MutKnownFunctional,"R438*,1.000"
X-2344,STAM,8027.0,Amp5,7.16
X-2344,STARD7,56910.0,Amp5,5.82
X-2344,STX19,415117.0,Del0.8,0.8
X-2344,SUV39H2,79723.0,Amp5,7.16
X-2344,SVIL,6840.0,Amp5,5.98
X-2344,TAF3,83860.0,Amp8,8.17
X-2344,TBL1Y,90665.0,Del0.8,0.33
X-2344,TCHH,7062.0,MutNovel,"R1128P,0.500"
X-2344,TCN2,6948.0,MutNovel,"A266T,1.000"
X-2344,TDRD12,91646.0,Amp5,6.28
X-2344,TEKT4,150483.0,Amp5,5.82
X-2344,TGIF2LY,90655.0,Del0.8,0.33
X-2344,THNSL1,79896.0,Amp5,5.74
X-2344,TMCO1,54499.0,MutNovel,"S26R,0.616"
X-2344,TMEM127,55654.0,Amp5,5.82
X-2344,TMEM143,55260.0,MutNovel,"M319T,1.000"
X-2344,TMEM147,10430.0,Amp5,6.87
X-2344,TMEM236,653567.0,Amp5,7.16
X-2344,TMSB4Y,9087.0,Del0.8,0.33
X-2344,TP53,7157.0,MutNovel,"L194H,1.000"
X-2344,TRDMT1,1787.0,Amp5,7.16
X-2344,TRIM43,129868.0,Amp5,5.82
X-2344,TRIM43B,653192.0,Amp5,5.82
X-2344,TSPY1,7258.0,Del0.8,0.33
X-2344,TSPY2,64591.0,Del0.8,0.33
X-2344,TSPY3,728137.0,Del0.8,0.33
X-2344,TSPY4,728395.0,Del0.8,0.33
X-2344,TSPY8,728403.0,Del0.8,0.33
X-2344,TSPYL1,7259.0,MutNovel,"V176VW,0.582"
X-2344,TSPYL4,23270.0,MutNovel,"R157S,0.676"
X-2344,TTTY10,246119.0,Del0.8,0.33
X-2344,TTTY11,83866.0,Del0.8,0.33
X-2344,TTTY12,83867.0,Del0.8,0.33
X-2344,TTTY13,83868.0,Del0.8,0.33
X-2344,TTTY14,83869.0,Del0.8,0.33
X-2344,TTTY15,64595.0,Del0.8,0.33
X-2344,TTTY16,252948.0,Del0.8,0.33
X-2344,TTTY17A,252949.0,Del0.8,0.33
X-2344,TTTY17A,252949.0,Del0.8,0.33
X-2344,TTTY18,252950.0,Del0.8,0.33
X-2344,TTTY19,252952.0,Del0.8,0.33
X-2344,TTTY1B,100101116.0,Del0.8,0.33
X-2344,TTTY1B,100101116.0,Del0.8,0.33
X-2344,TTTY2,60439.0,Del0.8,0.33
X-2344,TTTY2,60439.0,Del0.8,0.33
X-2344,TTTY20,252951.0,Del0.8,0.33
X-2344,TTTY21,252953.0,Del0.8,0.33
X-2344,TTTY21,252953.0,Del0.8,0.33
X-2344,TTTY22,252954.0,Del0.8,0.33
X-2344,TTTY23,252955.0,Del0.8,0.33
X-2344,TTTY23,252955.0,Del0.8,0.33
X-2344,TTTY3,114760.0,Del0.8,0.33
X-2344,TTTY3,114760.0,Del0.8,0.33
X-2344,TTTY4,114761.0,Del0.8,0.33
X-2344,TTTY4,114761.0,Del0.8,0.33
X-2344,TTTY5,83863.0,Del0.8,0.33
X-2344,TTTY6,84672.0,Del0.8,0.33
X-2344,TTTY6,84672.0,Del0.8,0.33
X-2344,TTTY7,246122.0,Del0.8,0.33
X-2344,TTTY7,246122.0,Del0.8,0.33
X-2344,TTTY7B,100101120.0,Del0.8,0.33
X-2344,TTTY7B,100101120.0,Del0.8,0.33
X-2344,TTTY8,84673.0,Del0.8,0.33
X-2344,TTTY8,84673.0,Del0.8,0.33
X-2344,TTTY9A,83864.0,Del0.8,0.33
X-2344,TTTY9A,83864.0,Del0.8,0.33
X-2344,TUBAL3,79861.0,Amp5,7.16
X-2344,TUBB3,10381.0,MutNovel,"R282Q,0.412"
X-2344,TXLNG2P,246126.0,Del0.8,0.33
X-2344,UCMA,221044.0,Amp5,7.16
X-2344,UCN3,114131.0,Amp5,7.16
X-2344,UPF2,26019.0,Amp5,5.74
X-2344,USF2,7392.0,Amp5,6.87
X-2344,USP36,57602.0,MutNovel,"KKK958K,0.588"
X-2344,USP54,159195.0,MutNovel,"N1549K,0.657"
X-2344,USP6NL,9712.0,MutNovel,"P647H,0.699"
X-2344,USP6NL,9712.0,Amp5,5.74
X-2344,USP9Y,8287.0,Del0.8,0.33
X-2344,UTY,7404.0,Del0.8,0.33
X-2344,VCY,9084.0,Del0.8,0.33
X-2344,VCY,9084.0,Del0.8,0.33
X-2344,VIM,7431.0,Amp5,7.16
X-2344,WAC,51322.0,Amp5,5.98
X-2344,WDR87,83889.0,Amp8,11.24
X-2344,WDR88,126248.0,Amp5,6.28
X-2344,XKRY2,353515.0,Del0.8,0.33
X-2344,XKRY2,353515.0,Del0.8,0.33
X-2344,YIF1B,90522.0,Amp8,8.06
X-2344,ZEB1,6935.0,Amp5,5.74
X-2344,ZEB1-AS1,220930.0,Amp5,5.74
X-2344,ZFP30,22835.0,Amp8,11.24
X-2344,ZFY,7544.0,Del0.8,0.33
X-2344,ZMYND11,10771.0,Amp5,7.73
X-2344,ZNF181,339318.0,Amp5,6.87
X-2344,ZNF2,7549.0,Amp5,5.82
X-2344,ZNF248,57209.0,Amp5,5.74
X-2344,ZNF25,219749.0,Amp5,5.74
X-2344,ZNF30,90075.0,Amp5,6.87
X-2344,ZNF302,55900.0,Amp5,6.87
X-2344,ZNF33A,7581.0,Amp5,5.74
X-2344,ZNF345,25850.0,Amp8,17.88
X-2344,ZNF37A,7587.0,Amp5,5.74
X-2344,ZNF382,84911.0,Amp5,7.94
X-2344,ZNF383,163087.0,Amp8,11.24
X-2344,ZNF420,147923.0,Amp8,11.24
X-2344,ZNF461,92283.0,Amp5,7.94
X-2344,ZNF514,84874.0,Amp5,5.82
X-2344,ZNF527,84503.0,Amp8,11.24
X-2344,ZNF529,57711.0,Amp5,5.9
X-2344,ZNF540,163255.0,Amp8,11.24
X-2344,ZNF567,163081.0,Amp5,7.94
X-2344,ZNF568,374900.0,Amp8,11.24
X-2344,ZNF569,148266.0,Amp8,11.24
X-2344,ZNF570,148268.0,Amp8,11.24
X-2344,ZNF571,51276.0,Amp8,11.24
X-2344,ZNF573,126231.0,Amp8,11.24
X-2344,ZNF585A,199704.0,Amp8,11.24
X-2344,ZNF585B,92285.0,Amp8,11.24
X-2344,ZNF599,148103.0,Amp5,6.87
X-2344,ZNF607,84775.0,Amp8,11.24
X-2344,ZNF781,163115.0,Amp8,11.24
X-2344,ZNF790,388536.0,Amp8,11.88
X-2344,ZNF792,126375.0,Amp5,6.87
X-2344,ZNF793,390927.0,Amp8,11.24
X-2344,ZNF829,374899.0,Amp8,14.12
X-2344,ZNF850,342892.0,Amp5,7.94
X-2344,ZNF852,,MutNovel,"R42C,1.000"
X-2353,61E3.4,,MutNovel,"N43S,0.270"
X-2353,AARD,,MutNovel,"Q92H,0.740"
X-2353,ABCA2,20.0,MutNovel,"G240C,0.562"
X-2353,ABP1,26.0,Del0.8,0.37
X-2353,ACAN,176.0,MutNovel,"T1403A,0.846"
X-2353,ACOT13,55856.0,Amp5,6.19
X-2353,ACOX3,8310.0,MutNovel,"A11P,0.509"
X-2353,ADRM1,11047.0,MutNovel,"-393DTK,0.799"
X-2353,AGAP3,116988.0,Del0.8,0.43
X-2353,ALCAM,214.0,MutNovel,"V47I,0.378"
X-2353,ALDH5A1,7915.0,Amp5,6.19
X-2353,ALG13,79868.0,MutNovel,"P133S,1.000"
X-2353,ALG1L2,644974.0,MutNovel,"I129T,0.500"
X-2353,ALMS1,7840.0,MutNovel,"D1837E,0.769"
X-2353,AMBRA1,55626.0,MutNovel,"G1216E,1.000"
X-2353,AMELY,266.0,Del0.8,0.17
X-2353,AMY2A,279.0,MutNovel,"Y67H,1.000"
X-2353,ANKRD20A1,,MutNovel,"S312P,0.667"
X-2353,ANKRD20A1,,MutNovel,"N322D,0.667"
X-2353,ANO8,57719.0,MutNovel,"A4T,0.263"
X-2353,ANXA8,653145.0,MutNovel,"A134V,0.750"
X-2353,APOPT1,84334.0,MutKnownFunctional,"-99,0.479"
X-2353,ARHGDIA,396.0,MutNovel,"E17D,0.996"
X-2353,ARHGEF5,7984.0,MutNovel,"K477M,0.667"
X-2353,ARHGEF9,23229.0,Del0.8,0.45
X-2353,ARNTL,406.0,MutNovel,"A104T,1.000"
X-2353,ASPH,444.0,Amp5,5.5
X-2353,ATAD1,84896.0,Del0.8,0.78
X-2353,ATF7IP,55729.0,MutNovel,"A864S,0.597"
X-2353,ATP13A3,79572.0,MutNovel,"G1024S,0.700"
X-2353,ATP2A3,489.0,MutNovel,"R637H,1.000"
X-2353,ATP2C2,9914.0,MutNovel,"L737V,0.234"
X-2353,ATP6V1H,51606.0,Amp5,5.5
X-2353,ATR,545.0,MutNovel,"H856R,0.838"
X-2353,ATRN,8455.0,MutNovel,"S672L,0.547"
X-2353,ATXN1,6310.0,MutNovel,"R333W,0.662"
X-2353,ATXN1L,342371.0,MutNovel,"G270E,0.694"
X-2353,AZI1,22994.0,MutNovel,"R286H,1.000"
X-2353,BCORP1,286554.0,Del0.8,0.17
X-2353,BOD1L1,,MutNovel,"R2524H,0.511"
X-2353,BPY2B,442867.0,Del0.8,0.17
X-2353,BPY2B,442867.0,Del0.8,0.17
X-2353,BRD4,23476.0,MutNovel,"P908L,0.442"
X-2353,C15orf39,56905.0,MutNovel,"D740DPA,0.467"
X-2353,C16orf53,79447.0,MutNovel,"E150D,0.317"
X-2353,C1orf116,79098.0,MutNovel,"N434S,0.609"
X-2353,C1orf86,199990.0,MutNovel,"F63I,0.244"
X-2353,C20orf196,149840.0,MutNovel,"D92N,0.308"
X-2353,C22orf26,55267.0,Amp5,6.06
X-2353,C2CD3,26005.0,MutKnownFunctional,"C1005*,1.000"
X-2353,C2orf42,54980.0,MutNovel,"F222C,0.333"
X-2353,C4A,720.0,MutNovel,"S347Y,1.000"
X-2353,C6orf62,81688.0,Amp5,6.19
X-2353,C8orf22,492307.0,Amp5,5.9
X-2353,C8orf73,642475.0,Amp5,5.13
X-2353,C8orf74,203076.0,Amp5,5.66
X-2353,C9orf53,51198.0,Del0.8,0.33
X-2353,CA8,767.0,Amp5,5.5
X-2353,CAND2,23066.0,MutNovel,"K291N,0.625"
X-2353,CAPRIN2,65981.0,MutNovel,"R403C,0.451"
X-2353,CBWD6,644019.0,MutKnownFunctional,"-259?,0.263"
X-2353,CBX6,23466.0,MutNovel,"WR307CC,0.264"
X-2353,CCDC82,79780.0,MutNovel,"S60T,0.329"
X-2353,CDC20,991.0,MutNovel,"S153I,0.208"
X-2353,CDC42BPB,9578.0,MutNovel,"H1695N,0.476"
X-2353,CDC42EP1,11135.0,MutNovel,"PAPAANPS253P,1.000"
X-2353,CDKN2A,1029.0,Del0.8,0.46
X-2353,CDY1B,253175.0,Del0.8,0.17
X-2353,CDY1B,253175.0,Del0.8,0.17
X-2353,CDY2A,9426.0,Del0.8,0.17
X-2353,CDY2A,9426.0,Del0.8,0.17
X-2353,CDY2B,203611.0,Del0.8,0.17
X-2353,CDY2B,203611.0,Del0.8,0.17
X-2353,CEBPD,1052.0,Amp5,5.9
X-2353,CEP250,11190.0,MutNovel,"T118I,0.663"
X-2353,CFL1P1,142913.0,Del0.8,0.78
X-2353,CHCHD7,79145.0,Amp5,5.5
X-2353,CHD2,1106.0,MutKnownFunctional,"-1242?,0.797"
X-2353,CHD7,55636.0,Amp5,5.5
X-2353,CLCN3,1182.0,MutNovel,"G493D,1.000"
X-2353,CLEC18B,497190.0,MutNovel,"R352C,1.000"
X-2353,CLN6,54982.0,MutNovel,"A12T,0.483"
X-2353,CLTC,1213.0,MutNovel,"Y1634C,0.392"
X-2353,CLVS1,157807.0,Amp5,5.5
X-2353,CMAHP,8418.0,Amp5,6.19
X-2353,CNGA1,1259.0,MutNovel,"Q355R,0.227"
X-2353,CNTNAP3,79937.0,MutNovel,"F1173L,0.667"
X-2353,CNTNAP3B,728577.0,MutNovel,"R1214W,0.240"
X-2353,COL9A1,1297.0,MutNovel,"P594A,1.000"
X-2353,CSMD3,114788.0,Amp5,5.17
X-2353,CSPG4P1Y,114758.0,Del0.8,0.17
X-2353,CSPG4P1Y,114758.0,Del0.8,0.17
X-2353,CSTF3,1479.0,MutNovel,"S475T,0.450"
X-2353,CTAGE4,100128553.0,MutNovel,"S680A,0.364"
X-2353,CTSA,5476.0,MutNovel,"L29-,0.202"
X-2353,CUX1,1523.0,MutNovel,"S555N,0.742"
X-2353,CYP7A1,1581.0,Amp5,5.5
X-2353,DAZ1,1617.0,Del0.8,0.17
X-2353,DAZ2,57055.0,Del0.8,0.17
X-2353,DAZ3,57054.0,Del0.8,0.17
X-2353,DAZ3,57054.0,Del0.8,0.17
X-2353,DAZ4,57135.0,Del0.8,0.17
X-2353,DAZ4,57135.0,Del0.8,0.17
X-2353,DBN1,1627.0,MutNovel,"T348I,1.000"
X-2353,DCDC2,51473.0,Amp5,6.19
X-2353,DDX3Y,8653.0,Del0.8,0.17
X-2353,DHRSX,207063.0,MutNovel,"R751H,1.000"
X-2353,DNTTIP2,30836.0,MutNovel,"N295K,0.312"
X-2353,DSC2,1824.0,MutKnownFunctional,"-896?,0.413"
X-2353,DYRK1B,9149.0,MutNovel,"L603I,0.216"
X-2353,EEF1D,1936.0,Amp5,5.13
X-2353,EFCAB1,79645.0,Amp5,5.9
X-2353,EFNA3,1944.0,MutNovel,"GVGP70-,0.557"
X-2353,EHHADH,1962.0,MutNovel,"K338N,0.677"
X-2353,EIF1AY,9086.0,Del0.8,0.17
X-2353,EIF2D,1939.0,MutNovel,"P350L,0.660"
X-2353,EIF4A1,,MutKnownFunctional,"R8*,1.000"
X-2353,EIF4E,1977.0,MutNovel,"K159E,0.231"
X-2353,EPPK1,83481.0,MutNovel,"A2150P,0.226"
X-2353,EPPK1,83481.0,MutKnownFunctional,"Q2047*,0.798"
X-2353,ERCC4,2072.0,MutKnownFunctional,"-792?,0.500"
X-2353,ETV6,2120.0,MutNovel,"R181H,0.502"
X-2353,FAM110B,90362.0,Amp5,5.5
X-2353,FAM150A,389658.0,Amp5,5.5
X-2353,FAM171A2,284069.0,MutNovel,"P359L,1.000"
X-2353,FAM196B,100131897.0,MutNovel,"R394S,0.533"
X-2353,FAM197Y2P,252946.0,Del0.8,0.17
X-2353,FAM21A,387680.0,MutNovel,"G364V,0.833"
X-2353,FAM22A,728118.0,Del0.8,0.78
X-2353,FAM22D,728130.0,Del0.8,0.78
X-2353,FAM35A,54537.0,MutNovel,"V695I,1.000"
X-2353,FAM35A,54537.0,Del0.8,0.78
X-2353,FAM41AY1,340618.0,Del0.8,0.17
X-2353,FAM41AY1,340618.0,Del0.8,0.17
X-2353,FAM65B,9750.0,Amp5,6.19
X-2353,FARP1,10160.0,MutNovel,"N71S,0.365"
X-2353,FASTK,10922.0,Del0.8,0.3
X-2353,FBXO45,200933.0,MutNovel,"P6A,0.933"
X-2353,FCGRT,2217.0,MutNovel,"L282Q,0.581"
X-2353,FES,2242.0,MutNovel,"T650M,1.000"
X-2353,FHOD1,29109.0,MutNovel,"A637V,0.385"
X-2353,FMNL2,114793.0,MutNovel,"P567L,0.909"
X-2353,FNDC1,84624.0,MutNovel,"A1227G,0.829"
X-2353,FNDC1,84624.0,MutNovel,"ATTRRTT1471A,1.000"
X-2353,GABRP,2568.0,MutNovel,"S267N,0.271"
X-2353,GATAD1,57798.0,MutNovel,"S193C,0.610"
X-2353,GLI4,2738.0,Amp5,5.13
X-2353,GLUD1,2746.0,Del0.8,0.78
X-2353,GMNN,51053.0,Amp5,6.19
X-2353,GOLGA2P2Y,84559.0,Del0.8,0.17
X-2353,GOLGA2P2Y,84559.0,Del0.8,0.17
X-2353,GOLGA8B,440270.0,MutNovel,"K354E,0.417"
X-2353,GPD2,2820.0,MutNovel,"Y30H,0.600"
X-2353,GPLD1,2822.0,Amp5,6.19
X-2353,GSDMD,79792.0,Amp5,5.13
X-2353,GSTM1,2944.0,Del0.8,0.57
X-2353,GSTT1,2952.0,Amp8,10.78
X-2353,GSTTP2,653399.0,Amp5,5.31
X-2353,GTPBP5,26164.0,MutNovel,"V114I,0.716"
X-2353,GYG2P1,352887.0,Del0.8,0.17
X-2353,HCFC1,3054.0,MutNovel,"P365L,1.000"
X-2353,HDGFL1,154150.0,Amp5,6.19
X-2353,HECTD1,25831.0,MutNovel,"T1197A,0.542"
X-2353,HIVEP2,3097.0,MutNovel,"D2008E,0.783"
X-2353,HIVEP2,3097.0,MutNovel,"Q868R,0.271"
X-2353,HMCN2,,MutNovel,"H3496R,0.733"
X-2353,HMX3,340784.0,MutNovel,"A81V,1.000"
X-2353,HOXA1,3198.0,MutNovel,"K274N,0.571"
X-2353,HSFY2,159119.0,Del0.8,0.17
X-2353,HSFY2,159119.0,Del0.8,0.17
X-2353,HSPA1A,3303.0,MutNovel,"M122K,0.267"
X-2353,HSPA1B,3304.0,MutNovel,"F150L,0.333"
X-2353,IFT172,26160.0,MutKnownFunctional,"W1094*,0.289"
X-2353,IFT172,26160.0,MutNovel,"Y91C,0.750"
X-2353,IMPAD1,54928.0,Amp5,5.5
X-2353,ITGB3BP,23421.0,MutKnownFunctional,"-190,0.571"
X-2353,JPH2,57158.0,MutNovel,"K651N,0.347"
X-2353,KAAG1,353219.0,Amp5,6.19
X-2353,KAT6B,23522.0,MutNovel,"D1090H,0.316"
X-2353,KAT6B,23522.0,MutNovel,"EEE1360-,1.000"
X-2353,KCNK7,10089.0,MutNovel,"W7C,0.625"
X-2353,KDM5D,8284.0,Del0.8,0.17
X-2353,KGFLP2,654466.0,Del0.8,0.76
X-2353,KIAA0319,9856.0,Amp5,6.19
X-2353,KIAA2026,158358.0,MutNovel,"A1940S,0.452"
X-2353,KIF20B,9585.0,MutNovel,"L1062LKV,1.000"
X-2353,KIF27,55582.0,MutNovel,"R860Q,0.520"
X-2353,KLLN,100144748.0,Del0.8,0.78
X-2353,KRT13,3860.0,MutNovel,"M239L,1.000"
X-2353,KRT32,3882.0,MutNovel,"I199V,0.667"
X-2353,KRT32,3882.0,MutNovel,"L194P,0.667"
X-2353,KRT7,3855.0,MutNovel,"R305W,1.000"
X-2353,LAMC2,3918.0,MutNovel,"M1053I,0.279"
X-2353,LCE3B,353143.0,Del0.8,0.29
X-2353,LCE3C,353144.0,Del0.8,0.29
X-2353,LEPREL2,10536.0,MutNovel,"W143L,0.252"
X-2353,LIPE,3991.0,MutNovel,"YKR496FKG,0.375"
X-2353,LOC100130298,100130298.0,Amp5,5.5
X-2353,LOC100271722,100271722.0,Amp5,6.06
X-2353,LOC100505781,,MutKnownFunctional,"R55*,1.000"
X-2353,LOC100505781,,MutNovel,"A52T,1.000"
X-2353,LOC100507632,100507632.0,Amp5,5.5
X-2353,LOC100507651,100507651.0,Amp5,5.5
X-2353,LOC100509263,,MutNovel,"L223S,0.471"
X-2353,LOC100996300,,MutNovel,"I80N,1.000"
X-2353,LOC100996433,,MutNovel,"Q42R,0.273"
X-2353,LOC100996433,,MutNovel,"GG45AV,0.308"
X-2353,LOC100996433,,MutNovel,"R94C,0.467"
X-2353,LOC100996433,,MutNovel,"R253C,0.400"
X-2353,LOC100996567,,MutNovel,"V51L,1.000"
X-2353,LOC100996610,,MutNovel,"F56S,0.500"
X-2353,LOC100996614,,MutNovel,"H84R,1.000"
X-2353,LOC100996689,,MutNovel,"S329R,0.222"
X-2353,LOC100996689,,MutNovel,"D237E,0.270"
X-2353,LOC150381,150381.0,Amp5,6.06
X-2353,LOC286177,286177.0,Amp5,5.5
X-2353,LOC391322,391322.0,Amp8,10.78
X-2353,LOC439994,439994.0,Del0.8,0.78
X-2353,LOC728190,728190.0,Del0.8,0.78
X-2353,LOC730668,730668.0,Amp5,6.06
X-2353,LOC84989,84989.0,Del0.8,0.76
X-2353,LOC92249,92249.0,Del0.8,0.44
X-2353,LPAR2,9170.0,MutNovel,"R307C,0.404"
X-2353,LRP1,4035.0,MutNovel,"R2483Q,0.431"
X-2353,LRRK1,79705.0,MutNovel,"G68S,0.500"
X-2353,LYN,4067.0,Amp5,5.5
X-2353,LYPLA1,10434.0,Amp5,5.5
X-2353,LYST,1130.0,MutNovel,"E317K,0.917"
X-2353,LZTR1,8216.0,MutNovel,"R478W,0.217"
X-2353,MAFA,389692.0,Amp5,5.13
X-2353,MAGI1,9223.0,MutNovel,"Q421HR,0.667"
X-2353,MAMSTR,284358.0,MutNovel,"A221V,1.000"
X-2353,MAN1A1,4121.0,MutNovel,"E491K,0.286"
X-2353,MAP3K4,4216.0,MutNovel,"PA1189P,1.000"
X-2353,MARCKS,4082.0,MutNovel,"A224G,0.219"
X-2353,MATN3,4148.0,MutNovel,"G447R,0.625"
X-2353,MBOAT2,129642.0,MutNovel,"V26L,0.353"
X-2353,MCM4,4173.0,Amp5,5.9
X-2353,MEF2A,4205.0,MutNovel,"Q412-,0.507"
X-2353,MFSD9,84804.0,MutNovel,"S473R,0.636"
X-2353,MGC21881,389741.0,Del0.8,0.76
X-2353,MIA3,375056.0,MutNovel,"H35Y,0.850"
X-2353,MIF,4282.0,MutNovel,"P92S,0.244"
X-2353,MINPP1,9562.0,Del0.8,0.78
X-2353,MIR124-1,406907.0,Amp5,5.66
X-2353,MIR2053,100302225.0,Amp5,5.17
X-2353,MIR4470,100616484.0,Amp5,5.5
X-2353,MIR4678,100616296.0,Del0.8,0.78
X-2353,MIR597,693182.0,Amp5,5.66
X-2353,MMP2,4313.0,MutNovel,"Y543H,0.259"
X-2353,MOS,4342.0,Amp5,5.5
X-2353,MPRIP,23164.0,MutNovel,"TS178T,1.000"
X-2353,MPST,4357.0,MutNovel,"K190M,0.682"
X-2353,MRPL15,29088.0,Amp5,5.5
X-2353,MRS2,57380.0,Amp5,6.19
X-2353,MSRA,4482.0,Amp5,5.66
X-2353,MTAP,4507.0,Del0.8,0.64
X-2353,MUC6,4588.0,MutNovel,"L1673R,0.375"
X-2353,NAPRT1,93100.0,Amp5,5.13
X-2353,NBPF10,100132406.0,MutNovel,"I1165F,0.207"
X-2353,NBPF24,,MutNovel,"R381K,0.800"
X-2353,NBPF9,400818.0,MutNovel,"R97G,0.258"
X-2353,NCOA3,8202.0,MutNovel,"Q1255-,0.500"
X-2353,NCOA6,23054.0,MutNovel,"L1980P,0.733"
X-2353,NCOR2,9612.0,MutNovel,"G1839GAAA,1.000"
X-2353,NCOR2,9612.0,MutNovel,"-511S,0.500"
X-2353,NCRNA00185,55410.0,Del0.8,0.17
X-2353,NEURL4,84461.0,MutNovel,"D852E,0.448"
X-2353,NHSL1,57224.0,MutNovel,"-1488K,0.839"
X-2353,NKAP,79576.0,MutKnownFunctional,"-201,1.000"
X-2353,NLGN4Y,22829.0,Del0.8,0.17
X-2353,NMT2,9397.0,MutNovel,"D131V,0.421"
X-2353,NOMO3,408050.0,MutNovel,"P481H,0.310"
X-2353,NOSTRIN,115677.0,MutNovel,"D401E,0.357"
X-2353,NOTCH3,4854.0,MutNovel,"R592S,0.311"
X-2353,NPBWR1,2831.0,Amp5,5.5
X-2353,NPIPL3,23117.0,MutNovel,"P784L,0.717"
X-2353,NRSN1,140767.0,Amp5,6.19
X-2353,NSMAF,8439.0,Amp5,5.5
X-2353,OBP2A,29991.0,MutNovel,"F90Y,1.000"
X-2353,OPRK1,4986.0,Amp5,5.5
X-2353,OR2T10,127069.0,Amp8,9.92
X-2353,OR52N1,79473.0,Del0.8,0.4
X-2353,OR52N5,390075.0,Del0.8,0.17
X-2353,ORAI1,84876.0,MutNovel,"PP43-,1.000"
X-2353,PABPC3,5042.0,MutNovel,"H413R,1.000"
X-2353,PABPC3,5042.0,MutNovel,"KPS444MPG,1.000"
X-2353,PAPSS2,9060.0,Del0.8,0.78
X-2353,PCDH11Y,83259.0,Del0.8,0.17
X-2353,PCDHB7,56129.0,MutNovel,"PL575LV,0.400"
X-2353,PCDHGB7,56099.0,MutNovel,"D161H,0.500"
X-2353,PCLO,27445.0,MutNovel,"S520P,0.292"
X-2353,PCNX,22990.0,MutNovel,"S1170N,0.482"
X-2353,PENK,5179.0,Amp5,5.5
X-2353,PGLS,25796.0,MutNovel,"P115A,0.715"
X-2353,PHLDA1,22822.0,MutNovel,"QQ194Q,1.000"
X-2353,PIEZO1,9780.0,MutNovel,"Q749E,0.291"
X-2353,PIK3R4,30849.0,MutNovel,"S1161N,0.258"
X-2353,PLAG1,5324.0,Amp5,5.5
X-2353,PLCL2,23228.0,MutNovel,"E203G,0.800"
X-2353,PLEKHH2,130271.0,MutNovel,"R456T,0.264"
X-2353,PPP2CB,5516.0,MutNovel,"Y218H,0.446"
X-2353,PPP2R3B,28227.0,MutNovel,"LA853PA,1.000"
X-2353,PRKDC,5591.0,Amp5,5.9
X-2353,PRKY,5616.0,Del0.8,0.17
X-2353,PRSS55,203074.0,Amp5,5.66
X-2353,PRY,9081.0,Del0.8,0.17
X-2353,PRY,9081.0,Del0.8,0.17
X-2353,PRY2,442862.0,Del0.8,0.17
X-2353,PRY2,442862.0,Del0.8,0.17
X-2353,PTPDC1,138639.0,MutNovel,"H736Q,0.732"
X-2353,PTPN20A,653129.0,MutNovel,"D114G,0.882"
X-2353,PXDNL,137902.0,Amp5,5.9
X-2353,PYCRL,65263.0,Amp5,5.13
X-2353,RAB2A,5862.0,Amp5,5.5
X-2353,RAB6C,84084.0,MutNovel,"R81S,1.000"
X-2353,RALY,22913.0,MutNovel,"N200S,0.314"
X-2353,RASSF5,83593.0,MutNovel,"P72S,0.647"
X-2353,RB1CC1,9821.0,Amp5,5.5
X-2353,RBCK1,10616.0,MutNovel,"E235K,0.732"
X-2353,RBM6,10180.0,MutNovel,"Q365E,1.000"
X-2353,RBMY1A3P,286557.0,Del0.8,0.17
X-2353,RBMY1B,378948.0,Del0.8,0.17
X-2353,RBMY1B,378948.0,Del0.8,0.17
X-2353,RBMY1E,378950.0,Del0.8,0.17
X-2353,RBMY1E,378950.0,Del0.8,0.17
X-2353,RBMY1F,159163.0,Del0.8,0.17
X-2353,RBMY1F,159163.0,Del0.8,0.17
X-2353,RBMY1J,378951.0,Del0.8,0.17
X-2353,RBMY1J,378951.0,Del0.8,0.17
X-2353,RBMY2EP,159125.0,Del0.8,0.17
X-2353,RBMY2FP,159162.0,Del0.8,0.17
X-2353,RBMY3AP,64593.0,Del0.8,0.17
X-2353,RECQL4,9401.0,MutNovel,"A550V,0.725"
X-2353,RFC4,5984.0,MutNovel,"N318V,0.381"
X-2353,RGS20,8601.0,Amp5,5.5
X-2353,RHD,6007.0,Del0.8,0.47
X-2353,RHPN1,114822.0,Amp5,5.13
X-2353,RP1,6101.0,Amp5,5.5
X-2353,RP1L1,94137.0,Amp5,5.66
X-2353,RPS20,6224.0,Amp5,5.5
X-2353,RPS4Y1,6192.0,Del0.8,0.17
X-2353,RPS4Y2,140032.0,Del0.8,0.17
X-2353,RPS6KA5,9252.0,MutNovel,"D223Y,1.000"
X-2353,RWDD2B,10069.0,MutNovel,"L301S,0.520"
X-2353,S100B,6285.0,MutNovel,"D13N,0.444"
X-2353,SBF1P1,100133234.0,Amp5,5.5
X-2353,SBNO2,22904.0,MutNovel,"A1342T,1.000"
X-2353,SDCBP,6386.0,Amp5,5.5
X-2353,SDCBP2,27111.0,MutNovel,"F189L,0.286"
X-2353,SDR16C5,195814.0,Amp5,5.5
X-2353,SEMA3B,7869.0,MutNovel,"L68F,1.000"
X-2353,SEMA6D,80031.0,MutNovel,"L720P,0.696"
X-2353,2014-09-10 00:00:00,151011.0,MutNovel,"F178S,0.525"
X-2353,SERINC2,347735.0,MutNovel,"-373Q,1.000"
X-2353,SERPINB13,5275.0,MutNovel,"S390C,1.000"
X-2353,SESN1,27244.0,MutNovel,"E532Q,0.788"
X-2353,SESTD1,91404.0,MutKnownFunctional,"Y261*,0.291"
X-2353,SIGLEC14,100049587.0,Del0.8,0.26
X-2353,SIRPG,55423.0,MutNovel,"M34V,1.000"
X-2353,SLC4A2,6522.0,Del0.8,0.5
X-2353,SMG5,23381.0,MutNovel,"V305M,0.345"
X-2353,SNAI2,6591.0,Amp5,5.9
X-2353,SNAPC4,6621.0,MutNovel,"S542RAAA,0.455"
X-2353,SNORD54,26795.0,Amp5,5.5
X-2353,SNTG1,54212.0,Amp5,5.9
X-2353,SOX12,6666.0,MutNovel,"D273N,0.701"
X-2353,SOX17,64321.0,Amp5,5.5
X-2353,SOX7,83595.0,Amp5,5.66
X-2353,SPDYE5,442590.0,MutNovel,"R273W,0.250"
X-2353,SPDYE5,442590.0,MutNovel,"R278H,0.333"
X-2353,SRY,6736.0,Del0.8,0.17
X-2353,ST18,9705.0,Amp5,5.5
X-2353,ST7,7982.0,MutNovel,"E211V,0.451"
X-2353,STRC,161497.0,MutNovel,"T1565S,0.700"
X-2353,SYNJ1,8867.0,MutNovel,"L52S,0.643"
X-2353,SYNRG,11276.0,MutNovel,"R1259W,0.616"
X-2353,SYPL1,6856.0,MutNovel,"E31K,0.548"
X-2353,TBL1Y,90665.0,Del0.8,0.17
X-2353,TBP,6908.0,MutNovel,"-64Q,1.000"
X-2353,TBP,6908.0,MutNovel,"Q72-,0.947"
X-2353,TCEA1,6917.0,Amp5,5.5
X-2353,TDP2,51567.0,Amp5,6.19
X-2353,TGIF2LY,90655.0,Del0.8,0.17
X-2353,TGS1,96764.0,Amp5,5.5
X-2353,TIGD5,84948.0,Amp5,5.13
X-2353,TLK2,11011.0,MutNovel,"R262Q,0.215"
X-2353,TLN1,7094.0,MutNovel,"Q387E,0.545"
X-2353,TMBIM4,51643.0,MutKnownFunctional,"-174?,0.500"
X-2353,TMEM200C,645369.0,MutNovel,"K26N,0.417"
X-2353,TMEM68,137695.0,Amp5,5.5
X-2353,TMSB4Y,9087.0,Del0.8,0.17
X-2353,TMUB1,83590.0,Del0.8,0.3
X-2353,TNC,3371.0,MutNovel,"I1449V,0.515"
X-2353,TNKS,8658.0,Amp5,5.66
X-2353,TOP1MT,116447.0,Amp5,5.13
X-2353,TOX,9760.0,Amp5,5.5
X-2353,TRABD2B,,MutNovel,"A367E,0.409"
X-2353,TRAF3IP1,26146.0,MutNovel,"D659H,0.378"
X-2353,TRIM43B,653192.0,MutNovel,"L168W,0.667"
X-2353,TRIM43B,653192.0,MutNovel,"D136H,1.000"
X-2353,TRIP11,9321.0,MutNovel,"A1772G,0.489"
X-2353,TSC22D4,81628.0,MutNovel,"P390R,0.598"
X-2353,TSPY1,7258.0,Del0.8,0.17
X-2353,TSPY2,64591.0,Del0.8,0.17
X-2353,TSPY3,728137.0,Del0.8,0.17
X-2353,TSPY4,728395.0,Del0.8,0.17
X-2353,TSPY8,728403.0,Del0.8,0.17
X-2353,TSPYL1,7259.0,MutNovel,"V176VW,0.401"
X-2353,TTC13,79573.0,MutNovel,"G331S,0.246"
X-2353,TTLL4,9654.0,MutNovel,"T258A,0.479"
X-2353,TTTY10,246119.0,Del0.8,0.17
X-2353,TTTY11,83866.0,Del0.8,0.17
X-2353,TTTY12,83867.0,Del0.8,0.17
X-2353,TTTY13,83868.0,Del0.8,0.17
X-2353,TTTY14,83869.0,Del0.8,0.17
X-2353,TTTY15,64595.0,Del0.8,0.17
X-2353,TTTY16,252948.0,Del0.8,0.17
X-2353,TTTY17A,252949.0,Del0.8,0.17
X-2353,TTTY17A,252949.0,Del0.8,0.17
X-2353,TTTY18,252950.0,Del0.8,0.17
X-2353,TTTY19,252952.0,Del0.8,0.17
X-2353,TTTY1B,100101116.0,Del0.8,0.17
X-2353,TTTY1B,100101116.0,Del0.8,0.17
X-2353,TTTY2,60439.0,Del0.8,0.17
X-2353,TTTY2,60439.0,Del0.8,0.17
X-2353,TTTY20,252951.0,Del0.8,0.17
X-2353,TTTY21,252953.0,Del0.8,0.17
X-2353,TTTY21,252953.0,Del0.8,0.17
X-2353,TTTY22,252954.0,Del0.8,0.17
X-2353,TTTY23,252955.0,Del0.8,0.17
X-2353,TTTY23,252955.0,Del0.8,0.17
X-2353,TTTY3,114760.0,Del0.8,0.17
X-2353,TTTY3,114760.0,Del0.8,0.17
X-2353,TTTY4,114761.0,Del0.8,0.17
X-2353,TTTY4,114761.0,Del0.8,0.17
X-2353,TTTY5,83863.0,Del0.8,0.17
X-2353,TTTY6,84672.0,Del0.8,0.17
X-2353,TTTY6,84672.0,Del0.8,0.17
X-2353,TTTY7,246122.0,Del0.8,0.17
X-2353,TTTY7,246122.0,Del0.8,0.17
X-2353,TTTY7B,100101120.0,Del0.8,0.17
X-2353,TTTY7B,100101120.0,Del0.8,0.17
X-2353,TTTY8,84673.0,Del0.8,0.17
X-2353,TTTY8,84673.0,Del0.8,0.17
X-2353,TTTY9A,83864.0,Del0.8,0.17
X-2353,TTTY9A,83864.0,Del0.8,0.17
X-2353,TUBB2B,347733.0,MutNovel,"A314P,1.000"
X-2353,TUBB2B,347733.0,MutNovel,"SK296AR,1.000"
X-2353,TXLNG2P,246126.0,Del0.8,0.17
X-2353,UBE2V2,7336.0,Amp5,5.9
X-2353,UBN1,29855.0,MutKnownFunctional,"E713*,0.426"
X-2353,UBXN2B,137886.0,Amp5,5.5
X-2353,UGT2B17,7367.0,Del0.8,0.45
X-2353,USP9Y,8287.0,Del0.8,0.17
X-2353,UTY,7404.0,Del0.8,0.17
X-2353,VCY,9084.0,Del0.8,0.17
X-2353,VCY,9084.0,Del0.8,0.17
X-2353,WASL,8976.0,MutNovel,"DE493E,0.443"
X-2353,WDR62,284403.0,MutNovel,"Q880P,0.328"
X-2353,WDR91,29062.0,MutNovel,"R462Q,0.489"
X-2353,WIZ,58525.0,MutNovel,"P501T,0.784"
X-2353,WNT7B,7477.0,Amp5,6.06
X-2353,WWC2,80014.0,MutNovel,"A376S,1.000"
X-2353,XKR4,114786.0,Amp5,5.5
X-2353,XKRY2,353515.0,Del0.8,0.17
X-2353,XKRY2,353515.0,Del0.8,0.17
X-2353,ZC3H3,23144.0,Amp5,5.13
X-2353,ZDHHC11,79844.0,MutNovel,"A303D,0.906"
X-2353,ZFHX3,463.0,MutNovel,"V2990I,0.800"
X-2353,ZFP41,286128.0,Amp5,5.13
X-2353,ZFY,7544.0,Del0.8,0.17
X-2353,ZNF141,7700.0,MutNovel,"D24A,0.242"
X-2353,ZNF142,7701.0,MutNovel,"D1649N,0.255"
X-2353,ZNF469,84627.0,MutNovel,"R3426Q,0.776"
X-2353,ZNF485,220992.0,MutNovel,"Q62R,0.900"
X-2353,ZNF493,284443.0,MutNovel,"D9A,0.758"
X-2353,ZNF610,162963.0,MutNovel,"V248I,0.744"
X-2353,ZNF696,79943.0,Amp5,5.13
X-2353,ZNF701,55762.0,MutNovel,"A62V,0.893"
X-2353,ZNF780B,163131.0,MutNovel,"D819H,0.379"
X-2353,ZNRF2,223082.0,MutNovel,"D115G,0.404"
X-2376,AARS2,57505.0,MutNovel,"V59G,0.364"
X-2376,ADAM18,8749.0,Amp8,10.48
X-2376,ADAM2,2515.0,Amp5,6.41
X-2376,ADAM32,203102.0,Amp8,16.68
X-2376,ADAM9,8754.0,Amp8,16.68
X-2376,ADAMTS7,11173.0,MutNovel,"T696P,0.800"
X-2376,ADARB2,105.0,Amp5,6.63
X-2376,ADARB2-AS1,642394.0,Amp5,6.63
X-2376,ADCY7,113.0,MutNovel,"G948A,1.000"
X-2376,ADRB3,155.0,Amp8,16.45
X-2376,AGAP2,116986.0,MutNovel,"E626K,1.000"
X-2376,AGAP4,119016.0,MutNovel,"E561D,0.500"
X-2376,AGAP5,729092.0,MutNovel,"V556I,0.407"
X-2376,AGPAT6,137964.0,Amp5,6.41
X-2376,AHNAK2,113146.0,MutNovel,"IPTSEI5506I,0.958"
X-2376,AKR1C1,1645.0,Amp5,6.41
X-2376,AKR1C2,1646.0,Amp5,6.41
X-2376,AKR1C3,8644.0,Amp5,6.41
X-2376,AKR1C4,1109.0,Amp5,6.41
X-2376,AKR1CL1,340811.0,Amp5,6.41
X-2376,AKR1E2,83592.0,Amp5,6.41
X-2376,ALDH7A1,501.0,MutNovel,"A8T,1.000"
X-2376,ALS2CL,259173.0,MutNovel,"E13G,0.625"
X-2376,AMELY,266.0,Del0.8,0.26
X-2376,AMY1A,276.0,Del0.8,0.71
X-2376,AMY1A,276.0,Del0.8,0.71
X-2376,ANK1,286.0,Amp5,6.41
X-2376,ANKRD16,54522.0,Amp5,6.41
X-2376,ANKRD36,375248.0,MutNovel,"T998S,0.259"
X-2376,ANKRD62,,MutNovel,"N547T,0.667"
X-2376,AP3M2,10947.0,Amp5,6.41
X-2376,APLF,200558.0,Del0.8,0.77
X-2376,ARHGAP25,9938.0,Del0.8,0.77
X-2376,ASB13,79754.0,Amp5,6.41
X-2376,ASH2L,9070.0,Amp8,16.45
X-2376,ATP5C1,509.0,Amp5,6.41
X-2376,ATP5SL,55101.0,MutNovel,"R196L,0.542"
X-2376,ATP6V1B1,525.0,MutNovel,"V251I,0.619"
X-2376,BAG4,9530.0,Amp8,16.45
X-2376,BCORP1,286554.0,Del0.8,0.24
X-2376,BMP10,27302.0,Del0.8,0.77
X-2376,BOD1L1,,MutNovel,"R1753C,1.000"
X-2376,BPY2B,442867.0,Del0.8,0.15
X-2376,BPY2B,442867.0,Del0.8,0.09
X-2376,BRAF,673.0,MutNovel,"I330V,0.250"
X-2376,BRF2,55290.0,Amp8,16.45
X-2376,C10orf108,414235.0,Amp5,6.63
X-2376,C10orf12,26148.0,MutNovel,"E981K,0.714"
X-2376,C16orf7,9605.0,MutNovel,"P559L,1.000"
X-2376,C1D,10438.0,Del0.8,0.77
X-2376,C1orf172,126695.0,MutNovel,"R3H,0.319"
X-2376,C8orf4,56892.0,Amp5,6.41
X-2376,C8orf40,114926.0,Amp5,6.41
X-2376,C8orf86,389649.0,Amp8,16.68
X-2376,CALML3,810.0,Amp5,6.41
X-2376,CALML5,51806.0,Amp5,6.41
X-2376,CAPN10,11132.0,MutNovel,"R202C,1.000"
X-2376,CASK,8573.0,Del0.8,0.72
X-2376,CCDC144B,284047.0,Del0.8,0.66
X-2376,CCL3L1,6349.0,Del0.8,0.78
X-2376,CCL3L3,414062.0,Del0.8,0.78
X-2376,CCL4L1,9560.0,Del0.8,0.78
X-2376,CD8B,926.0,MutNovel,"R51C,0.357"
X-2376,CD97,976.0,MutNovel,"S262C,0.579"
X-2376,CDH1,999.0,MutLikelyFunctional,"T340A,1.000"
X-2376,CDY1B,253175.0,Del0.8,0.2
X-2376,CDY1B,253175.0,Del0.8,0.24
X-2376,CDY2A,9426.0,Del0.8,0.24
X-2376,CDY2A,9426.0,Del0.8,0.24
X-2376,CDY2B,203611.0,Del0.8,0.24
X-2376,CDY2B,203611.0,Del0.8,0.24
X-2376,CELF2,10659.0,Amp5,6.41
X-2376,CFHR1,3078.0,Amp5,7.94
X-2376,CFHR3,10878.0,Amp5,7.94
X-2376,CHD6,84181.0,MutNovel,"F426L,0.333"
X-2376,CHRNA6,8973.0,Amp5,6.41
X-2376,CHRNB3,1142.0,Amp5,6.41
X-2376,CLCN2,1181.0,MutNovel,"R645PG,0.245"
X-2376,CLDN20,49861.0,Del0.8,0.79
X-2376,CNRIP1,25927.0,Del0.8,0.77
X-2376,COL18A1,80781.0,MutNovel,"R1130H,0.559"
X-2376,CRABP2,1382.0,MutNovel,"T132N,0.308"
X-2376,CRIPAK,285464.0,MutNovel,"V164A,0.444"
X-2376,CSMD1,64478.0,Del0.8,0.69
X-2376,CSPG4P1Y,114758.0,Del0.8,0.2
X-2376,CSPG4P1Y,114758.0,Del0.8,0.24
X-2376,CSRNP1,64651.0,Del0.8,0.71
X-2376,CTNNA2,1496.0,Del0.8,0.62
X-2376,CUL1,8454.0,MutNovel,"E617K,0.994"
X-2376,CYP39A1,51302.0,MutNovel,"L268P,0.900"
X-2376,DAGLB,221955.0,MutNovel,"A448V,0.652"
X-2376,DAZ1,1617.0,Del0.8,0.24
X-2376,DAZ2,57055.0,Del0.8,0.17
X-2376,DAZ3,57054.0,Del0.8,0.15
X-2376,DAZ3,57054.0,Del0.8,0.09
X-2376,DAZ4,57135.0,Del0.8,0.18
X-2376,DAZ4,57135.0,Del0.8,0.13
X-2376,DDHD2,23259.0,Amp8,16.45
X-2376,DDX3Y,8653.0,Del0.8,0.24
X-2376,DEFB130,245940.0,Del0.8,0.74
X-2376,DENND1A,57706.0,MutNovel,"H212L,1.000"
X-2376,DENND4A,10260.0,MutNovel,"S611T,0.312"
X-2376,DIP2C,22982.0,Amp5,6.63
X-2376,DKK4,27121.0,Amp5,6.41
X-2376,ECHDC3,79746.0,Amp5,6.41
X-2376,EEF1DP3,196549.0,Del0.8,0.6
X-2376,EIF1AY,9086.0,Del0.8,0.24
X-2376,EIF4E,1977.0,MutNovel,"K159E,0.556"
X-2376,EIF4EBP1,1978.0,Amp8,16.45
X-2376,EIF4G1,1981.0,MutNovel,"EGEA472E,0.230"
X-2376,EPHA5,2044.0,Del0.8,0.78
X-2376,ERLIN2,11160.0,Amp8,16.45
X-2376,ERP44,23071.0,MutNovel,"L390V,0.989"
X-2376,ETAA1,54465.0,Del0.8,0.75
X-2376,FAM106A,80039.0,Del0.8,0.31
X-2376,FAM197Y2P,252946.0,Del0.8,0.26
X-2376,FAM208B,54906.0,Amp5,6.41
X-2376,FAM41AY1,340618.0,Del0.8,0.24
X-2376,FAM41AY1,340618.0,Del0.8,0.24
X-2376,FAM59B,150946.0,MutNovel,"Q407R,1.000"
X-2376,FAM98C,147965.0,MutNovel,"L231F,0.487"
X-2376,FAT2,2196.0,MutNovel,"L3803P,0.316"
X-2376,FBXO18,84893.0,Amp5,6.41
X-2376,FBXO48,554251.0,Del0.8,0.77
X-2376,FDX1,2230.0,MutNovel,"G5R,0.455"
X-2376,FGFR1,2260.0,Amp8,12.55
X-2376,FKBP1AP1,2282.0,Del0.8,0.18
X-2376,FLJ45983,399717.0,Amp5,6.41
X-2376,FNDC1,84624.0,MutNovel,"ATTRRTT1471A,0.476"
X-2376,FNTA,2339.0,Amp5,6.41
X-2376,FRG1,2483.0,MutNovel,"I180V,0.328"
X-2376,G6PC3,92579.0,MutNovel,"R136L,0.458"
X-2376,GATA3,2625.0,Amp5,6.41
X-2376,GCFC2,6936.0,Del0.8,0.78
X-2376,GCN1L1,10985.0,MutNovel,"A858V,0.988"
X-2376,GDI2,2665.0,Amp5,6.41
X-2376,GINS4,84296.0,Amp5,6.41
X-2376,GKN2,200504.0,Del0.8,0.77
X-2376,GNE,10020.0,MutNovel,"G359V,0.694"
X-2376,GOLGA2P2Y,84559.0,Del0.8,0.2
X-2376,GOLGA2P2Y,84559.0,Del0.8,0.24
X-2376,GOLGA4,2803.0,MutNovel,"D346Y,0.646"
X-2376,GOLGA7,51125.0,Amp5,6.41
X-2376,GORASP1,64689.0,Del0.8,0.71
X-2376,GOT1L1,137362.0,Amp8,16.45
X-2376,GPR124,25960.0,Amp8,16.45
X-2376,GPR34,2857.0,Del0.8,0.28
X-2376,GPR82,27197.0,Del0.8,0.28
X-2376,GRB14,2888.0,MutKnownFunctional,"-297?,0.318"
X-2376,GSTM5,2949.0,MutNovel,"N85S,0.800"
X-2376,GSTT2,2953.0,Del0.8,0.55
X-2376,GSTTP1,25774.0,Del0.8,0.55
X-2376,GTPBP4,23560.0,Amp5,6.63
X-2376,GYG2P1,352887.0,Del0.8,0.24
X-2376,HEATR5A,25938.0,MutNovel,"R266K,1.000"
X-2376,HECW2,57520.0,MutNovel,"N830K,1.000"
X-2376,HGSNAT,138050.0,Amp5,6.41
X-2376,HK2,3099.0,MutNovel,"R849H,0.414"
X-2376,HOOK3,84376.0,Amp5,6.41
X-2376,HRCT1,646962.0,MutNovel,"LH100L,0.827"
X-2376,HSFY2,159119.0,Del0.8,0.24
X-2376,HSFY2,159119.0,Del0.8,0.24
X-2376,HSPA1B,3304.0,MutKnownFunctional,"GE109V*,0.600"
X-2376,HTRA4,203100.0,Amp8,16.68
X-2376,HTT,3064.0,MutNovel,"S238F,0.500"
X-2376,IDI1,3422.0,Amp5,6.63
X-2376,IDI2,91734.0,Amp5,6.63
X-2376,IDI2-AS1,55853.0,Amp5,6.63
X-2376,IDO1,3620.0,Amp5,6.41
X-2376,IDO2,169355.0,Amp5,6.41
X-2376,IGSF3,3321.0,MutNovel,"D1041G,0.382"
X-2376,IKBKB,3551.0,Amp5,6.41
X-2376,IL15RA,3601.0,Amp5,6.41
X-2376,IL28B,282617.0,MutNovel,"K70R,0.500"
X-2376,IL2RA,3559.0,Amp5,6.41
X-2376,IRF7,3665.0,MutNovel,"T312M,0.346"
X-2376,ITIH2,3698.0,Amp5,6.41
X-2376,ITIH5,80760.0,Amp5,6.41
X-2376,KANK1,23189.0,Amp5,5.9
X-2376,KAT6A,7994.0,Amp5,6.41
X-2376,KCNU1,157855.0,Amp8,16.45
X-2376,KDM4D,55693.0,MutNovel,"S426C,0.625"
X-2376,KDM5D,8284.0,Del0.8,0.24
X-2376,KIAA0195,9772.0,MutKnownFunctional,"R912*,1.000"
X-2376,KIF3C,3797.0,MutNovel,"A264P,0.667"
X-2376,KIN,22944.0,Amp5,6.41
X-2376,KLF6,1316.0,Amp5,6.63
X-2376,KRT13,3860.0,MutNovel,"S445C,0.500"
X-2376,KRT36,8689.0,MutNovel,"R371Q,0.714"
X-2376,L3MBTL4,91133.0,MutNovel,"A65S,0.484"
X-2376,LARP4B,23185.0,Amp5,6.63
X-2376,LETM2,137994.0,Amp8,16.45
X-2376,LGALS9C,654346.0,Del0.8,0.31
X-2376,LINC00200,399706.0,Amp5,6.63
X-2376,LINC00266-1,140849.0,Del0.8,0.73
X-2376,LOC100144602,100144602.0,Del0.8,0.78
X-2376,LOC100216001,100216001.0,Amp5,6.41
X-2376,LOC100289650,100289650.0,Amp5,5.03
X-2376,LOC100507034,100507034.0,Amp5,6.63
X-2376,LOC100507127,100507127.0,Amp5,6.41
X-2376,LOC100507369,,MutNovel,"L185F,1.000"
X-2376,LOC100996612,,MutNovel,"L63P,1.000"
X-2376,LOC254312,254312.0,Amp5,6.41
X-2376,LOC282980,282980.0,Amp5,6.63
X-2376,LOC338588,338588.0,Amp5,6.41
X-2376,LOC399708,399708.0,Amp5,6.63
X-2376,LOC399715,399715.0,Amp5,6.41
X-2376,LOC401134,401134.0,Del0.8,0.78
X-2376,LOC439949,439949.0,Amp5,6.41
X-2376,LOC554223,554223.0,MutNovel,"T110A,0.500"
X-2376,LOC644838,644838.0,Del0.8,0.75
X-2376,LOC727924,727924.0,Del0.8,0.74
X-2376,LOC728024,728024.0,Amp8,16.45
X-2376,LOC728715,,MutNovel,"A70G,0.512"
X-2376,LOC728715,,MutNovel,"G45V,0.500"
X-2376,LRRTM1,347730.0,Del0.8,0.74
X-2376,LRRTM4,80059.0,Del0.8,0.66
X-2376,LSM1,27257.0,Amp8,16.45
X-2376,LSR,51599.0,MutNovel,"G518GR,0.395"
X-2376,LY6D,8581.0,MutNovel,"T15K,0.256"
X-2376,MAK16,84549.0,MutNovel,"D206-,0.806"
X-2376,MCRS1,10445.0,MutNovel,"R259H,0.996"
X-2376,MESP1,55897.0,MutNovel,"L61R,1.000"
X-2376,MGA,23269.0,MutNovel,"T740A,1.000"
X-2376,MIR3155A,100422989.0,Amp5,6.41
X-2376,MIR3155B,100628560.0,Amp5,6.41
X-2376,MIR4264,100422888.0,Del0.8,0.77
X-2376,MIR4466,100616154.0,Del0.8,0.79
X-2376,MIR4469,100616115.0,Amp5,6.41
X-2376,MIR4778,100616464.0,Del0.8,0.77
X-2376,MIR486,619554.0,Amp5,6.41
X-2376,MMP24,10893.0,MutNovel,"P359L,1.000"
X-2376,MRPL19,9801.0,Del0.8,0.78
X-2376,MST1P9,11223.0,Amp5,5.7
X-2376,MT1B,4490.0,MutNovel,"S35P,1.000"
X-2376,MT1H,4496.0,MutNovel,"K20T,0.800"
X-2376,MT1H,4496.0,MutNovel,"K23E,0.800"
X-2376,MUC1,4582.0,MutNovel,"G205S,0.319"
X-2376,NBAS,51594.0,MutNovel,"R313H,0.375"
X-2376,NCOR2,9612.0,MutNovel,"G1839GAAA,0.250"
X-2376,NCOR2,9612.0,MutNovel,"P1596L,1.000"
X-2376,NCRNA00185,55410.0,Del0.8,0.24
X-2376,NET1,10276.0,Amp5,6.41
X-2376,NINL,22981.0,MutNovel,"A268V,1.000"
X-2376,NKX1-2,390010.0,MutNovel,"V231A,1.000"
X-2376,NKX6-3,157848.0,Amp5,6.41
X-2376,NLGN4Y,22829.0,Del0.8,0.24
X-2376,NOX3,50508.0,Del0.8,0.79
X-2376,NR1D1,9572.0,MutNovel,"S23P,0.700"
X-2376,OR2T10,127069.0,Amp5,5.62
X-2376,OR2T11,127077.0,Amp5,5.62
X-2376,OR2T29,343563.0,Amp5,5.62
X-2376,OR2T34,127068.0,Amp5,5.62
X-2376,OR2T35,403244.0,Amp5,5.62
X-2376,OR4M2,390538.0,Del0.8,0.74
X-2376,OR4N3P,390539.0,Del0.8,0.74
X-2376,OR4N4,283694.0,Del0.8,0.74
X-2376,ORAI1,84876.0,MutNovel,"PP43-,0.892"
X-2376,PCDH11Y,83259.0,Del0.8,0.35
X-2376,PFKFB3,5209.0,Amp5,6.41
X-2376,PFKP,5214.0,Amp5,6.63
X-2376,PHIP,55023.0,MutNovel,"V1188M,0.250"
X-2376,PITRM1,10531.0,Amp5,6.63
X-2376,PLAT,5327.0,Amp5,6.41
X-2376,PLEK,5341.0,Del0.8,0.77
X-2376,PLEKHA2,59339.0,Amp8,16.68
X-2376,PNO1,56902.0,Del0.8,0.77
X-2376,POLB,5423.0,Amp5,6.41
X-2376,POTEA,340441.0,Amp5,6.41
X-2376,PPAPDC1B,84513.0,Amp8,16.45
X-2376,PPARGC1A,10891.0,MutNovel,"R657Q,0.652"
X-2376,PPP1R12A,4659.0,MutNovel,"R295Q,0.647"
X-2376,PPP1R9A,55607.0,MutNovel,"S699N,0.714"
X-2376,PPP3R1,5534.0,Del0.8,0.77
X-2376,PRKCQ,5588.0,Amp5,6.41
X-2376,PRKY,5616.0,Del0.8,0.26
X-2376,PROKR1,10887.0,Del0.8,0.77
X-2376,PROSC,11212.0,Amp8,16.45
X-2376,PRSS1,5644.0,MutNovel,"L14V,1.000"
X-2376,PRY,9081.0,Del0.8,0.24
X-2376,PRY,9081.0,Del0.8,0.24
X-2376,PRY2,442862.0,Del0.8,0.24
X-2376,PRY2,442862.0,Del0.8,0.24
X-2376,PTTG1IP,754.0,MutNovel,"G18D,0.620"
X-2376,PXMP4,11264.0,MutNovel,"A3G,0.353"
X-2376,QRICH1,54870.0,MutNovel,"I260N,0.701"
X-2376,RAB11FIP1,80223.0,Amp8,16.45
X-2376,RAI14,26064.0,Del0.8,0.5
X-2376,RANBP17,64901.0,MutNovel,"Y378C,1.000"
X-2376,RAPGEF5,9771.0,MutNovel,"L350P,0.811"
X-2376,RBM17,84991.0,Amp5,6.41
X-2376,RBMY1A3P,286557.0,Del0.8,0.26
X-2376,RBMY1B,378948.0,Del0.8,0.24
X-2376,RBMY1B,378948.0,Del0.8,0.24
X-2376,RBMY1E,378950.0,Del0.8,0.24
X-2376,RBMY1E,378950.0,Del0.8,0.24
X-2376,RBMY1F,159163.0,Del0.8,0.24
X-2376,RBMY1F,159163.0,Del0.8,0.24
X-2376,RBMY1J,378951.0,Del0.8,0.24
X-2376,RBMY1J,378951.0,Del0.8,0.24
X-2376,RBMY2EP,159125.0,Del0.8,0.24
X-2376,RBMY2FP,159162.0,Del0.8,0.24
X-2376,RBMY3AP,64593.0,Del0.8,0.24
X-2376,REG1A,5967.0,Del0.8,0.77
X-2376,REG1B,5968.0,Del0.8,0.77
X-2376,REG1P,5969.0,Del0.8,0.77
X-2376,REG3A,5068.0,Del0.8,0.77
X-2376,REG3G,130120.0,Del0.8,0.77
X-2376,REREP3,646396.0,Del0.8,0.74
X-2376,RHD,6007.0,Del0.8,0.52
X-2376,RIN3,79890.0,MutNovel,"G967-,0.327"
X-2376,RNF170,81790.0,Amp5,6.41
X-2376,RNF5P1,286140.0,Amp8,16.68
X-2376,ROGDI,79641.0,MutNovel,"D131N,1.000"
X-2376,RPS4Y1,6192.0,Del0.8,0.35
X-2376,RPS4Y2,140032.0,Del0.8,0.24
X-2376,RSPH10B2,728194.0,MutNovel,"Y548C,1.000"
X-2376,RTN4RL2,349667.0,MutNovel,"S402L,0.678"
X-2376,S100B,6285.0,Amp5,5.62
X-2376,SCN11A,11280.0,Del0.8,0.71
X-2376,SDSL,113675.0,MutKnownFunctional,"-228,1.000"
X-2376,SEL1L3,23231.0,MutNovel,"V127M,1.000"
X-2376,SEMA6D,80031.0,MutNovel,"V464I,1.000"
X-2376,SENP7,57337.0,MutNovel,"R569Q,0.750"
X-2376,SERINC2,347735.0,MutNovel,"-373Q,0.638"
X-2376,SERPINB2,5055.0,MutNovel,"I243L,0.667"
X-2376,SFMBT2,57713.0,Amp5,6.41
X-2376,SFRP1,6422.0,Amp5,6.41
X-2376,SFTA1P,207107.0,Amp5,6.41
X-2376,SGK196,84197.0,Amp5,6.41
X-2376,SGK494,124923.0,MutKnownFunctional,"Y280*,1.000"
X-2376,SIGLEC14,100049587.0,Del0.8,0.37
X-2376,SLC1A4,6509.0,MutNovel,"R457Q,0.400"
X-2376,SLC20A2,6575.0,Amp5,6.41
X-2376,SLC22A18,5002.0,MutNovel,"A213T,0.667"
X-2376,SLC23A2,9962.0,MutNovel,"G267W,1.000"
X-2376,SLC28A1,9154.0,MutNovel,"L140LV,0.833"
X-2376,SLFN11,91607.0,MutNovel,"P402S,1.000"
X-2376,SNAR-H,100170221.0,Del0.8,0.77
X-2376,SOCS1,8651.0,MutNovel,"P165R,1.000"
X-2376,SPATA5,166378.0,MutNovel,"S327Y,1.000"
X-2376,SPEG,10290.0,MutNovel,"S2047G,0.231"
X-2376,SPRNP1,399833.0,Del0.8,0.75
X-2376,SRY,6736.0,Del0.8,0.35
X-2376,SSH3,54961.0,MutNovel,"G608C,0.314"
X-2376,STAG2,10735.0,MutNovel,"Q1165E,0.787"
X-2376,STAR,6770.0,Amp8,16.45
X-2376,SYNGR1,9145.0,MutNovel,"A78T,0.986"
X-2376,TACC1,6867.0,Amp8,16.68
X-2376,TAF3,83860.0,Amp5,6.41
X-2376,TAG,404663.0,Del0.8,0.65
X-2376,TBC1D2B,23102.0,MutNovel,"A8G,1.000"
X-2376,TBC1D3B,414059.0,Del0.8,0.78
X-2376,TBC1D3C,414060.0,Del0.8,0.78
X-2376,TBL1Y,90665.0,Del0.8,0.26
X-2376,TBRG4,9238.0,MutNovel,"C257F,0.721"
X-2376,TECRL,253017.0,Del0.8,0.78
X-2376,TFB1M,51106.0,Del0.8,0.79
X-2376,TGIF2LY,90655.0,Del0.8,0.35
X-2376,THAP1,55145.0,Amp5,6.41
X-2376,TIAM2,26230.0,Del0.8,0.79
X-2376,TM2D2,83877.0,Amp8,16.68
X-2376,TMEM184A,202915.0,MutNovel,"G392GA,0.696"
X-2376,TMEM8C,389827.0,Del0.8,0.73
X-2376,TMSB4Y,9087.0,Del0.8,0.24
X-2376,TP53,7157.0,MutKnownFunctional,"R213*,1.000"
X-2376,TSC22D2,9819.0,MutNovel,"V684L,0.241"
X-2376,TSPY1,7258.0,Del0.8,0.26
X-2376,TSPY2,64591.0,Del0.8,0.12
X-2376,TSPY3,728137.0,Del0.8,0.26
X-2376,TSPY4,728395.0,Del0.8,0.26
X-2376,TSPY8,728403.0,Del0.8,0.26
X-2376,TSPYL1,7259.0,MutNovel,"V176VW,0.953"
X-2376,TTC21A,199223.0,Del0.8,0.71
X-2376,TTC22,55001.0,MutNovel,"G390S,0.248"
X-2376,TTTY10,246119.0,Del0.8,0.24
X-2376,TTTY11,83866.0,Del0.8,0.26
X-2376,TTTY12,83867.0,Del0.8,0.26
X-2376,TTTY13,83868.0,Del0.8,0.24
X-2376,TTTY14,83869.0,Del0.8,0.24
X-2376,TTTY15,64595.0,Del0.8,0.24
X-2376,TTTY16,252948.0,Del0.8,0.26
X-2376,TTTY17A,252949.0,Del0.8,0.09
X-2376,TTTY17A,252949.0,Del0.8,0.15
X-2376,TTTY18,252950.0,Del0.8,0.26
X-2376,TTTY19,252952.0,Del0.8,0.26
X-2376,TTTY1B,100101116.0,Del0.8,0.24
X-2376,TTTY1B,100101116.0,Del0.8,0.12
X-2376,TTTY2,60439.0,Del0.8,0.24
X-2376,TTTY2,60439.0,Del0.8,0.18
X-2376,TTTY20,252951.0,Del0.8,0.26
X-2376,TTTY21,252953.0,Del0.8,0.26
X-2376,TTTY21,252953.0,Del0.8,0.24
X-2376,TTTY22,252954.0,Del0.8,0.24
X-2376,TTTY23,252955.0,Del0.8,0.24
X-2376,TTTY23,252955.0,Del0.8,0.12
X-2376,TTTY3,114760.0,Del0.8,0.2
X-2376,TTTY3,114760.0,Del0.8,0.24
X-2376,TTTY4,114761.0,Del0.8,0.09
X-2376,TTTY4,114761.0,Del0.8,0.15
X-2376,TTTY5,83863.0,Del0.8,0.24
X-2376,TTTY6,84672.0,Del0.8,0.24
X-2376,TTTY6,84672.0,Del0.8,0.24
X-2376,TTTY7,246122.0,Del0.8,0.26
X-2376,TTTY7,246122.0,Del0.8,0.24
X-2376,TTTY7B,100101120.0,Del0.8,0.26
X-2376,TTTY7B,100101120.0,Del0.8,0.24
X-2376,TTTY8,84673.0,Del0.8,0.26
X-2376,TTTY8,84673.0,Del0.8,0.24
X-2376,TTTY9A,83864.0,Del0.8,0.24
X-2376,TTTY9A,83864.0,Del0.8,0.24
X-2376,TUBAL3,79861.0,Amp5,6.41
X-2376,TUBB8,347688.0,Amp5,6.63
X-2376,TUT1,64852.0,MutNovel,"A173G,0.634"
X-2376,TXLNG2P,246126.0,Del0.8,0.24
X-2376,TXNDC16,57544.0,MutNovel,"C456G,0.952"
X-2376,UBN2,254048.0,MutNovel,"P293R,0.667"
X-2376,UCN3,114131.0,Amp5,6.41
X-2376,UGT2B15,7366.0,Del0.8,0.7
X-2376,UGT2B17,7367.0,Del0.8,0.7
X-2376,UGT2B28,54490.0,Del0.8,0.25
X-2376,UPK3B,80761.0,MutNovel,"R286H,0.882"
X-2376,USP32P2,220594.0,Del0.8,0.31
X-2376,USP36,57602.0,MutNovel,"KKK958K,0.725"
X-2376,USP6NL,9712.0,Amp5,6.41
X-2376,USP9Y,8287.0,Del0.8,0.24
X-2376,UTY,7404.0,Del0.8,0.24
X-2376,VCY,9084.0,Del0.8,0.24
X-2376,VCY,9084.0,Del0.8,0.24
X-2376,VDAC3,7419.0,Amp5,6.41
X-2376,VPS11,55823.0,MutNovel,"F70L,0.603"
X-2376,VWF,7450.0,MutNovel,"Y1706S,1.000"
X-2376,WDR37,22884.0,Amp5,6.63
X-2376,WDR48,57599.0,Del0.8,0.71
X-2376,WDR92,116143.0,Del0.8,0.77
X-2376,WHSC1L1,54904.0,Amp8,16.45
X-2376,WNK1,65125.0,MutNovel,"R572P,1.000"
X-2376,WNK2,65268.0,MutNovel,"P757A,0.982"
X-2376,XKRY2,353515.0,Del0.8,0.24
X-2376,XKRY2,353515.0,Del0.8,0.24
X-2376,ZBTB22,9278.0,MutNovel,"G303V,0.667"
X-2376,ZCCHC14,23174.0,MutNovel,"T382P,0.625"
X-2376,ZDBF2,57683.0,MutNovel,"R36P,1.000"
X-2376,ZDHHC11,79844.0,MutNovel,"A303D,0.667"
X-2376,ZFP62,643836.0,MutNovel,"I381T,0.267"
X-2376,ZFY,7544.0,Del0.8,0.35
X-2376,ZMAT4,79698.0,Amp5,6.41
X-2376,ZMYND11,10771.0,Amp5,6.63
X-2376,ZNF154,7710.0,Del0.8,0.32
X-2376,ZNF219,51222.0,MutNovel,"QPP233P,0.541"
X-2376,ZNF385C,201181.0,MutNovel,"R24W,1.000"
X-2376,ZNF552,79818.0,Del0.8,0.74
X-2376,ZNF586,54807.0,Del0.8,0.32
X-2376,ZNF611,81856.0,MutNovel,"E4V,0.300"
X-2376,ZNF671,79891.0,Del0.8,0.32
X-2376,ZNF672,79894.0,MutNovel,"G440R,0.985"
X-2376,ZNF703,80139.0,Amp8,16.45
X-2376,ZNF770,54989.0,MutNovel,"S84R,1.000"
X-2376,ZNF776,284309.0,Del0.8,0.32
X-2376,ZNF888,,MutNovel,"Q450P,1.000"
X-2487,AADAC,13.0,Amp5,5.17
X-2487,AADACL2,344752.0,Amp5,5.17
X-2487,AAMP,14.0,Del0.8,0.78
X-2487,ABCA12,26154.0,Del0.8,0.78
X-2487,ABCB6,10058.0,Del0.8,0.78
X-2487,ABCD2,225.0,Amp5,7.31
X-2487,ACAN,176.0,MutNovel,"T1403A,0.750"
X-2487,ACOT1,641371.0,Del0.8,0.39
X-2487,ACSL6,23305.0,Del0.8,0.75
X-2487,ACTBL2,345651.0,Del0.8,0.75
X-2487,ACTR6,64431.0,Amp5,5.58
X-2487,ADAMTS13,11093.0,MutNovel,"V88A,1.000"
X-2487,ADAMTS19,171019.0,Del0.8,0.75
X-2487,ADAMTS20,80070.0,Amp5,7.31
X-2487,ADAMTS6,11174.0,Del0.8,0.74
X-2487,ADIPOR2,79602.0,Amp5,6.92
X-2487,AFF4,27125.0,Del0.8,0.75
X-2487,AGPAT4,56895.0,Del0.8,0.79
X-2487,AGPAT4-IT1,79992.0,Del0.8,0.79
X-2487,AGTR1,185.0,Amp5,5.17
X-2487,AHI1,54806.0,Del0.8,0.76
X-2487,AKAP3,10566.0,Amp5,6.92
X-2487,ALDH7A1,501.0,Del0.8,0.75
X-2487,ALG10B,144245.0,Amp5,7.31
X-2487,AMDHD1,144193.0,Amp5,5.46
X-2487,AMELY,266.0,Del0.8,0.21
X-2487,ANAPC4,29945.0,Del0.8,0.79
X-2487,ANKRA2,57763.0,Del0.8,0.75
X-2487,ANKRD31,256006.0,Del0.8,0.75
X-2487,ANKRD32,84250.0,Del0.8,0.74
X-2487,ANKRD54,129138.0,MutNovel,"A3G,0.348"
X-2487,ANKRD55,79722.0,Del0.8,0.75
X-2487,ANKRD62,,MutNovel,"N547T,1.000"
X-2487,ANKRD62,,MutNovel,"R553K,1.000"
X-2487,ANKS1B,56899.0,Amp5,5.74
X-2487,ANKUB1,389161.0,Amp5,5.17
X-2487,ANKZF1,55139.0,Del0.8,0.78
X-2487,ANO2,57101.0,Amp8,9.51
X-2487,ANO4,121601.0,Amp5,5.58
X-2487,ANO8,57719.0,MutNovel,"A4T,0.450"
X-2487,AP1G2,8906.0,MutNovel,"I481T,0.402"
X-2487,AP3S1,1176.0,Del0.8,0.75
X-2487,APAF1,317.0,Amp5,5.46
X-2487,APBB2,323.0,Del0.8,0.75
X-2487,APC,324.0,Del0.8,0.76
X-2487,AQPEP,206338.0,Del0.8,0.75
X-2487,ARAP2,116984.0,Del0.8,0.75
X-2487,ARHGEF17,9828.0,MutNovel,"I850M,0.429"
X-2487,ARHGEF26,26084.0,Amp5,5.17
X-2487,ARHGEF26-AS1,100507524.0,Amp5,5.17
X-2487,ARID1B,57492.0,Del0.8,0.77
X-2487,ARL1,400.0,Amp5,5.58
X-2487,ARL14,80117.0,Amp5,5.17
X-2487,ARL15,54622.0,Del0.8,0.75
X-2487,ARPC2,10109.0,Del0.8,0.78
X-2487,ARRDC3,57561.0,MutNovel,"I283N,1.000"
X-2487,ARRDC3,57561.0,Del0.8,0.74
X-2487,ARSK,153642.0,Del0.8,0.74
X-2487,ASCL2,430.0,MutNovel,"Q123R,1.000"
X-2487,ATG12,9140.0,Del0.8,0.75
X-2487,ATG9A,79065.0,Del0.8,0.78
X-2487,ATIC,471.0,Del0.8,0.78
X-2487,ATP2C2,9914.0,MutKnownFunctional,"-543,0.250"
X-2487,ATP8A1,10396.0,Del0.8,0.75
X-2487,ATXN1,6310.0,Amp5,5.31
X-2487,B3GALNT1,8706.0,Amp5,5.17
X-2487,B3GAT2,135152.0,Amp5,5.39
X-2487,B4GALNT3,283358.0,Amp5,6.92
X-2487,BAI3,577.0,Amp5,5.39
X-2487,BARD1,580.0,Del0.8,0.78
X-2487,BCAS3,54828.0,MutNovel,"S492L,0.222"
X-2487,BCAS3,54828.0,MutNovel,"S898C,0.341"
X-2487,BCHE,590.0,Amp5,5.24
X-2487,BCLAF1,9774.0,Del0.8,0.76
X-2487,BCORP1,286554.0,Del0.8,0.21
X-2487,BCS1L,617.0,Del0.8,0.78
X-2487,BDP1,55814.0,Del0.8,0.75
X-2487,BEND4,389206.0,Del0.8,0.75
X-2487,BLOC1S3,388552.0,MutNovel,"C180Y,0.524"
X-2487,BPY2B,442867.0,Del0.8,0.21
X-2487,BPY2B,442867.0,Del0.8,0.21
X-2487,BRP44L,51660.0,Del0.8,0.79
X-2487,BST1,683.0,Del0.8,0.77
X-2487,BTF3,689.0,Del0.8,0.75
X-2487,C12orf32,83695.0,Amp5,6.92
X-2487,C12orf4,57102.0,Amp5,6.92
X-2487,C12orf40,283461.0,Amp5,7.31
X-2487,C12orf5,57103.0,Amp5,6.92
X-2487,C12orf74,338809.0,Amp5,5.46
X-2487,C1QTNF7,114905.0,Del0.8,0.77
X-2487,C2orf62,375307.0,Del0.8,0.78
X-2487,C3orf33,285315.0,Amp5,5.17
X-2487,C3orf55,152078.0,Amp5,5.17
X-2487,C3orf79,152118.0,Amp5,5.17
X-2487,C3orf80,401097.0,Amp5,5.17
X-2487,C4orf19,55286.0,Del0.8,0.75
X-2487,C4orf3,401152.0,MutNovel,"R71K,1.000"
X-2487,C4orf34,201895.0,Del0.8,0.75
X-2487,C4orf52,389203.0,Del0.8,0.77
X-2487,C5orf27,202299.0,Del0.8,0.74
X-2487,C5orf30,90355.0,Del0.8,0.74
X-2487,C5orf43,643155.0,Del0.8,0.75
X-2487,C5orf44,80006.0,Del0.8,0.74
X-2487,C5orf48,389320.0,Del0.8,0.75
X-2487,C5orf56,441108.0,Del0.8,0.75
X-2487,C5orf63,401207.0,Del0.8,0.75
X-2487,C5orf64,285668.0,Del0.8,0.75
X-2487,C6orf118,168090.0,Del0.8,0.79
X-2487,C6orf57,135154.0,Amp5,5.39
X-2487,C6orf99,100130967.0,Del0.8,0.77
X-2487,CACNA1C,775.0,Amp5,6.92
X-2487,CACNA2D4,93589.0,Amp5,6.92
X-2487,CAHM,100526820.0,Del0.8,0.79
X-2487,CAMK4,814.0,Del0.8,0.76
X-2487,CAP2,10486.0,Amp5,5.31
X-2487,CARTPT,9607.0,Del0.8,0.75
X-2487,CASKIN1,57524.0,MutNovel,"P853R,0.688"
X-2487,CAST,831.0,Del0.8,0.74
X-2487,CBWD1,55871.0,MutNovel,"N363I,1.000"
X-2487,CBWD6,644019.0,MutKnownFunctional,"-259?,0.381"
X-2487,CC2D2A,57545.0,Del0.8,0.77
X-2487,CCDC108,255101.0,Del0.8,0.78
X-2487,CCDC112,153733.0,Del0.8,0.75
X-2487,CCDC125,202243.0,Del0.8,0.74
X-2487,CCDC140,151278.0,Del0.8,0.78
X-2487,CCDC149,91050.0,Del0.8,0.79
X-2487,CCDC154,645811.0,MutNovel,"A344T,0.667"
X-2487,CCDC28A,25901.0,Del0.8,0.76
X-2487,CCDC38,120935.0,Amp5,5.46
X-2487,CCDC41,51134.0,Amp5,5.46
X-2487,CCDC53,51019.0,Amp5,5.58
X-2487,CCDC77,84318.0,Amp5,6.92
X-2487,CCDC90A,63933.0,Amp5,5.31
X-2487,CCKAR,886.0,Del0.8,0.77
X-2487,CCNB1,891.0,Del0.8,0.74
X-2487,CCND1,595.0,MutNovel,"Y227C,0.545"
X-2487,CCND2,894.0,Amp5,6.92
X-2487,CCNI2,645121.0,Del0.8,0.75
X-2487,CCNL1,57018.0,Amp5,5.17
X-2487,CCNO,10309.0,Del0.8,0.75
X-2487,CD180,4064.0,Del0.8,0.74
X-2487,CD38,952.0,Del0.8,0.77
X-2487,CD83,9308.0,Amp5,5.31
X-2487,CDC20B,166979.0,Del0.8,0.75
X-2487,CDC42SE2,56990.0,Del0.8,0.75
X-2487,CDK17,5128.0,Amp5,5.46
X-2487,CDK5R2,8941.0,Del0.8,0.78
X-2487,CDK7,1022.0,Del0.8,0.74
X-2487,CDO1,1036.0,Del0.8,0.75
X-2487,CDY1B,253175.0,Del0.8,0.21
X-2487,CDY1B,253175.0,Del0.8,0.21
X-2487,CDY2A,9426.0,Del0.8,0.21
X-2487,CDY2A,9426.0,Del0.8,0.21
X-2487,CDY2B,203611.0,Del0.8,0.21
X-2487,CDY2B,203611.0,Del0.8,0.21
X-2487,CENPH,64946.0,Del0.8,0.74
X-2487,CENPK,64105.0,Del0.8,0.74
X-2487,CEP120,153241.0,Del0.8,0.75
X-2487,CFHR1,3078.0,Amp5,7.46
X-2487,CFHR3,10878.0,Amp5,7.11
X-2487,CHD1,1105.0,Del0.8,0.74
X-2487,CHPF,79586.0,Del0.8,0.78
X-2487,CHPT1,56994.0,Amp5,5.58
X-2487,CHRNA9,55584.0,Del0.8,0.75
X-2487,CHSY3,337876.0,Del0.8,0.75
X-2487,CITED2,10370.0,Del0.8,0.76
X-2487,CLDN11,5010.0,Amp5,5.21
X-2487,CLLU1,574028.0,Amp5,5.46
X-2487,CLLU1OS,574016.0,Amp5,5.46
X-2487,CLNK,116449.0,Del0.8,0.77
X-2487,CLRN1,7401.0,Amp5,5.17
X-2487,CLRN1-AS1,116933.0,Amp5,5.17
X-2487,CLRN2,645104.0,Del0.8,0.77
X-2487,CNPPD1,27013.0,Del0.8,0.78
X-2487,CNTN1,1272.0,Amp5,7.31
X-2487,CNTNAP3,79937.0,MutNovel,"R771Q,0.667"
X-2487,CNTNAP3B,728577.0,MutKnownFunctional,"R1050*,1.000"
X-2487,COL12A1,1303.0,MutNovel,"E1650K,0.288"
X-2487,COL16A1,1307.0,MutNovel,"P1266T,1.000"
X-2487,COL19A1,1310.0,Amp5,5.39
X-2487,COL4A3BP,10087.0,Del0.8,0.75
X-2487,COL9A1,1297.0,Amp5,5.39
X-2487,COMMD10,51397.0,Del0.8,0.75
X-2487,COMMD2,51122.0,Amp5,5.17
X-2487,COMTD1,118881.0,MutNovel,"V10E,0.524"
X-2487,CORO1A,11151.0,MutNovel,"V229L,0.326"
X-2487,CP,1356.0,Amp5,5.17
X-2487,CPA3,1359.0,Amp5,5.17
X-2487,CPB1,1360.0,Amp5,5.17
X-2487,CPEB2,132864.0,Del0.8,0.77
X-2487,CPNE8,144402.0,Amp5,7.31
X-2487,CPS1,1373.0,Del0.8,0.78
X-2487,CPS1-IT1,29034.0,Del0.8,0.78
X-2487,CRADD,8738.0,Amp5,5.46
X-2487,CRYBA2,1412.0,Del0.8,0.78
X-2487,CSF2,1437.0,Del0.8,0.75
X-2487,CSMD1,64478.0,Del0.8,0.66
X-2487,CSNK1G3,1456.0,Del0.8,0.75
X-2487,CSPG4P1Y,114758.0,Del0.8,0.21
X-2487,CSPG4P1Y,114758.0,Del0.8,0.21
X-2487,CTDSP1,58190.0,Del0.8,0.78
X-2487,CTXN3,613212.0,Del0.8,0.75
X-2487,CUL3,8452.0,MutNovel,"F397L,0.633"
X-2487,CWC27,10283.0,Del0.8,0.74
X-2487,CXCR1,3577.0,Del0.8,0.78
X-2487,CXCR2,3579.0,Del0.8,0.78
X-2487,CXCR2P1,3580.0,Del0.8,0.78
X-2487,CYP26B1,56603.0,MutNovel,"T62N,0.667"
X-2487,CYP27A1,1593.0,Del0.8,0.78
X-2487,CYP2U1,113612.0,MutNovel,"L155F,0.389"
X-2487,DAZ1,1617.0,Del0.8,0.21
X-2487,DAZ2,57055.0,Del0.8,0.21
X-2487,DAZ3,57054.0,Del0.8,0.21
X-2487,DAZ3,57054.0,Del0.8,0.21
X-2487,DAZ4,57135.0,Del0.8,0.21
X-2487,DAZ4,57135.0,Del0.8,0.21
X-2487,DBX2,440097.0,Amp5,7.31
X-2487,DCAF16,54876.0,Del0.8,0.77
X-2487,DCAF4L1,285429.0,Del0.8,0.75
X-2487,DCP1B,196513.0,MutNovel,"L151I,0.723"
X-2487,DCP1B,196513.0,Amp5,6.92
X-2487,DCP2,167227.0,Del0.8,0.76
X-2487,DDX20,11218.0,MutNovel,"R741W,0.329"
X-2487,DDX3Y,8653.0,Del0.8,0.21
X-2487,DDX4,54514.0,Del0.8,0.75
X-2487,DEPDC1B,55789.0,Del0.8,0.75
X-2487,DEPDC4,120863.0,Amp5,5.58
X-2487,DES,1674.0,Del0.8,0.78
X-2487,DHX15,1665.0,Del0.8,0.79
X-2487,DHX29,54505.0,Del0.8,0.75
X-2487,DHX36,170506.0,Amp5,5.17
X-2487,DIDO1,11083.0,MutNovel,"T580P,0.538"
X-2487,DIMT1,27292.0,Del0.8,0.75
X-2487,DIRC3,729582.0,Del0.8,0.78
X-2487,DKFZp451B082,401282.0,Del0.8,0.79
X-2487,DMXL1,1657.0,Del0.8,0.75
X-2487,DNAJB2,3300.0,Del0.8,0.78
X-2487,DNPEP,23549.0,Del0.8,0.78
X-2487,DRAM1,55332.0,Amp5,5.58
X-2487,DSC3,1825.0,MutNovel,"R11S,0.400"
X-2487,DTHD1,401124.0,Del0.8,0.75
X-2487,DTNBP1,84062.0,Amp5,5.31
X-2487,DTWD2,285605.0,Del0.8,0.75
X-2487,DYNLT1,6993.0,Del0.8,0.77
X-2487,DYRK4,8798.0,Amp5,6.92
X-2487,E4F1,1877.0,MutNovel,"A409G,0.432"
X-2487,ECEL1,9427.0,MutNovel,"L437V,0.552"
X-2487,ECT2,1894.0,Amp5,5.21
X-2487,ECT2L,345930.0,Del0.8,0.76
X-2487,EEA1,8411.0,Amp5,5.46
X-2487,EFCAB4B,84766.0,Amp5,6.92
X-2487,EFNA5,1946.0,Del0.8,0.74
X-2487,EGFEM1P,93556.0,Amp5,5.24
X-2487,EIF1AY,9086.0,Del0.8,0.21
X-2487,EIF2A,83939.0,Amp5,5.17
X-2487,EIF5A2,56648.0,Amp5,5.21
X-2487,ELAC2,60528.0,MutNovel,"E622V,0.993"
X-2487,ELK3,2004.0,Amp5,5.46
X-2487,ELL2,22936.0,Del0.8,0.74
X-2487,ELMO3,79767.0,MutNovel,"P23R,1.000"
X-2487,ELOVL7,79993.0,Del0.8,0.75
X-2487,ENC1,8507.0,Del0.8,0.75
X-2487,ENOSF1,55556.0,MutNovel,"P209A,0.351"
X-2487,EPB41L4A,64097.0,Del0.8,0.76
X-2487,EPB41L4A-AS1,114915.0,Del0.8,0.76
X-2487,EPHA4,2043.0,Del0.8,0.78
X-2487,ERAP1,51752.0,Del0.8,0.74
X-2487,ERAP2,64167.0,Del0.8,0.74
X-2487,ERBB2IP,55914.0,Del0.8,0.74
X-2487,ERBB4,2066.0,Del0.8,0.78
X-2487,ERC1,23085.0,Amp5,6.92
X-2487,ERCC8,1161.0,Del0.8,0.75
X-2487,ESM1,11082.0,Del0.8,0.75
X-2487,ETHE1,23474.0,MutNovel,"S93F,0.202"
X-2487,EZR,7430.0,Del0.8,0.77
X-2487,FAM114A1,92689.0,Del0.8,0.75
X-2487,FAM115C,285966.0,MutNovel,"H787N,0.550"
X-2487,FAM131C,348487.0,MutNovel,"S87F,1.000"
X-2487,FAM131C,348487.0,MutNovel,"R74C,1.000"
X-2487,FAM134A,79137.0,Del0.8,0.78
X-2487,FAM135A,57579.0,Amp5,5.39
X-2487,FAM159B,100132916.0,Del0.8,0.74
X-2487,FAM169A,26049.0,Del0.8,0.75
X-2487,FAM170A,340069.0,Del0.8,0.75
X-2487,FAM172A,83989.0,Del0.8,0.74
X-2487,FAM174A,345757.0,Del0.8,0.74
X-2487,FAM184B,27146.0,Del0.8,0.77
X-2487,FAM194A,131831.0,Amp5,5.17
X-2487,FAM197Y2P,252946.0,Del0.8,0.21
X-2487,FAM200B,285550.0,Del0.8,0.77
X-2487,FAM41AY1,340618.0,Del0.8,0.21
X-2487,FAM41AY1,340618.0,Del0.8,0.21
X-2487,FAM54A,113115.0,Del0.8,0.76
X-2487,FAM66D,100132923.0,Del0.8,0.68
X-2487,FAM71C,196472.0,Amp5,5.58
X-2487,FAM81B,153643.0,Del0.8,0.74
X-2487,FAM83H,286077.0,MutNovel,"P809A,0.204"
X-2487,FAM8A1,51439.0,Amp5,5.31
X-2487,FARSB,10056.0,Del0.8,0.78
X-2487,FBN2,2201.0,Del0.8,0.75
X-2487,FBRSL1,57666.0,MutNovel,"GLGRER882G,0.529"
X-2487,FBXL14,144699.0,Amp5,6.92
X-2487,FBXL17,64839.0,Del0.8,0.74
X-2487,FBXL5,26234.0,Del0.8,0.77
X-2487,FCHO2,115548.0,Del0.8,0.75
X-2487,FDX1L,112812.0,Del0.8,0.71
X-2487,FEM1C,56929.0,Del0.8,0.75
X-2487,FER,2241.0,Del0.8,0.74
X-2487,FEV,54738.0,Del0.8,0.78
X-2487,FGD6,55785.0,Amp5,5.46
X-2487,FGF23,8074.0,Amp5,6.92
X-2487,FGF6,2251.0,Amp5,6.92
X-2487,FGFBP1,9982.0,Del0.8,0.77
X-2487,FGFBP2,83888.0,Del0.8,0.77
X-2487,FKBP4,2288.0,Amp5,6.92
X-2487,FKBP9,11328.0,MutNovel,"P316S,0.312"
X-2487,FLJ11235,54508.0,Del0.8,0.76
X-2487,FLJ13197,79667.0,Del0.8,0.75
X-2487,FLJ23152,401236.0,Amp5,5.31
X-2487,FLJ33630,644873.0,Del0.8,0.75
X-2487,FLJ35946,503569.0,Del0.8,0.74
X-2487,FLJ39653,202020.0,Del0.8,0.77
X-2487,FLJ42709,441094.0,Del0.8,0.74
X-2487,FLJ46906,441172.0,Del0.8,0.76
X-2487,FN1,2335.0,Del0.8,0.78
X-2487,FNDC3B,64778.0,Amp5,5.21
X-2487,FNIP1,96459.0,Del0.8,0.75
X-2487,FOXC1,2296.0,MutNovel,"P237S,0.544"
X-2487,FOXD1,2297.0,Del0.8,0.75
X-2487,FOXM1,2305.0,Amp5,6.92
X-2487,FTMT,94033.0,Del0.8,0.75
X-2487,GALNT8,26290.0,Amp5,6.92
X-2487,GAMT,2593.0,MutNovel,"Y27F,0.520"
X-2487,GAPT,202309.0,Del0.8,0.75
X-2487,GAS2L3,283431.0,Amp5,5.58
X-2487,GBA3,57733.0,Del0.8,0.79
X-2487,GCNT4,51301.0,Del0.8,0.75
X-2487,GDF9,2661.0,Del0.8,0.75
X-2487,GDPD1,284161.0,MutNovel,"N55D,1.000"
X-2487,GFM1,85476.0,Amp5,5.17
X-2487,GFM2,84340.0,Del0.8,0.75
X-2487,GFOD1,54438.0,Amp5,5.31
X-2487,GGT2,,MutNovel,"R208W,0.333"
X-2487,GHSR,2693.0,Amp5,5.21
X-2487,GIN1,54826.0,Del0.8,0.74
X-2487,GLB1L,79411.0,Del0.8,0.78
X-2487,GLRX,2745.0,Del0.8,0.74
X-2487,GMPPA,29926.0,Del0.8,0.78
X-2487,GMPR,2766.0,Amp5,5.31
X-2487,GMPS,8833.0,Amp5,5.17
X-2487,GNPDA2,132789.0,Del0.8,0.75
X-2487,GNPTAB,79158.0,Amp5,5.58
X-2487,GOLGA2P2Y,84559.0,Del0.8,0.21
X-2487,GOLGA2P2Y,84559.0,Del0.8,0.21
X-2487,GOLGA2P5,55592.0,Amp5,5.58
X-2487,GOLIM4,27333.0,Amp5,5.24
X-2487,GPBAR1,151306.0,Del0.8,0.78
X-2487,GPBP1,65056.0,Del0.8,0.75
X-2487,GPR125,166647.0,Del0.8,0.79
X-2487,GPR149,344758.0,Amp5,5.17
X-2487,GPR150,285601.0,Del0.8,0.74
X-2487,GPR160,26996.0,Amp5,5.21
X-2487,GPR171,29909.0,Amp5,5.17
X-2487,GPR87,53836.0,Amp5,5.17
X-2487,GPX8,493869.0,Del0.8,0.75
X-2487,GRAMD3,65983.0,Del0.8,0.75
X-2487,GRXCR1,389207.0,Del0.8,0.75
X-2487,GSTT1,2952.0,Amp8,12.13
X-2487,GSTTP2,653399.0,Amp5,5.74
X-2487,GTF2H2,2966.0,Del0.8,0.75
X-2487,GTF2H2B,653238.0,Del0.8,0.75
X-2487,GTF2H2C,728340.0,Del0.8,0.41
X-2487,GTF2H5,404672.0,Del0.8,0.77
X-2487,GUF1,60558.0,Del0.8,0.75
X-2487,GUSBP3,653188.0,Del0.8,0.41
X-2487,GUSBP9,100049076.0,Del0.8,0.75
X-2487,GXYLT1,283464.0,Amp5,7.31
X-2487,GYG1,2992.0,Amp5,5.17
X-2487,GYG2P1,352887.0,Del0.8,0.21
X-2487,GZMA,3001.0,Del0.8,0.75
X-2487,GZMK,3003.0,Del0.8,0.75
X-2487,HACE1,57531.0,MutNovel,"H558Q,0.379"
X-2487,HAL,3034.0,Amp5,5.46
X-2487,HEATR4,399671.0,Del0.8,0.73
X-2487,HEATR5A,25938.0,MutNovel,"D44E,0.388"
X-2487,HEATR5B,54497.0,MutNovel,"T1304A,0.262"
X-2487,HEBP2,23593.0,Del0.8,0.76
X-2487,HECA,51696.0,Del0.8,0.76
X-2487,HEXB,3074.0,Del0.8,0.75
X-2487,HINT1,3094.0,Del0.8,0.75
X-2487,HLTF,6596.0,Amp5,5.17
X-2487,HMGCR,3156.0,Del0.8,0.75
X-2487,HOXC10,3226.0,MutNovel,"C47W,0.361"
X-2487,HOXC13,3229.0,MutKnownFunctional,"Y123*,0.357"
X-2487,HPS3,84343.0,Amp5,5.17
X-2487,HRH1,3269.0,MutNovel,"T361M,1.000"
X-2487,HS3ST1,9957.0,Del0.8,0.77
X-2487,HSD17B4,3295.0,Del0.8,0.75
X-2487,HSFY2,159119.0,Del0.8,0.21
X-2487,HSFY2,159119.0,Del0.8,0.21
X-2487,HSP90AB2P,391634.0,Del0.8,0.77
X-2487,HSPA4,3308.0,Del0.8,0.75
X-2487,HSPB3,8988.0,Del0.8,0.75
X-2487,HTR1A,3350.0,Del0.8,0.74
X-2487,HTT,3064.0,MutNovel,"P2653H,1.000"
X-2487,IFNGR1,3459.0,Del0.8,0.76
X-2487,IFT80,57560.0,Amp5,5.17
X-2487,IGF1,3479.0,Amp5,5.58
X-2487,IGFBP2,3485.0,Del0.8,0.78
X-2487,IGFBP5,3488.0,Del0.8,0.78
X-2487,IGSF1,3547.0,MutNovel,"W995R,1.000"
X-2487,IGSF10,285313.0,Amp5,5.17
X-2487,IGSF3,3321.0,MutNovel,"D1041E,0.400"
X-2487,IGSF3,3321.0,MutNovel,"H939R,0.286"
X-2487,IHH,3549.0,Del0.8,0.78
X-2487,IKBIP,121457.0,Amp5,5.46
X-2487,IKZF2,22807.0,Del0.8,0.78
X-2487,IL12A,3592.0,Amp5,5.17
X-2487,IL13,3596.0,Del0.8,0.75
X-2487,IL20RA,53832.0,Del0.8,0.76
X-2487,IL22RA2,116379.0,Del0.8,0.76
X-2487,IL3,3562.0,Del0.8,0.75
X-2487,IL31RA,133396.0,Del0.8,0.75
X-2487,IL4,3565.0,Del0.8,0.75
X-2487,IL5,3567.0,Del0.8,0.75
X-2487,IL6ST,3572.0,Del0.8,0.75
X-2487,INHA,3623.0,Del0.8,0.78
X-2487,IPO11,51194.0,Del0.8,0.75
X-2487,IPO7,10527.0,MutNovel,"Q246K,0.616"
X-2487,IQCJ,654502.0,Amp5,5.17
X-2487,IQCJ-SCHIP1,100505385.0,Amp5,5.17
X-2487,IQGAP2,10788.0,MutNovel,"L1299P,0.500"
X-2487,IQSEC3,440073.0,Amp5,6.92
X-2487,IRAK2,3656.0,MutNovel,"R312H,1.000"
X-2487,IRAK4,51135.0,Amp5,7.31
X-2487,IRF1,3659.0,Del0.8,0.75
X-2487,IRF2BP2,359948.0,MutNovel,"P118S,0.694"
X-2487,ISOC1,51015.0,Del0.8,0.75
X-2487,ITFG2,55846.0,Amp5,6.92
X-2487,ITPRIP,85450.0,MutNovel,"D448A,1.000"
X-2487,JARID2,3720.0,Amp5,5.31
X-2487,JRK,8629.0,MutNovel,"R284G,0.333"
X-2487,KCNA1,3736.0,Amp5,6.92
X-2487,KCNA5,3741.0,Amp5,6.92
X-2487,KCNA6,3742.0,Amp5,6.92
X-2487,KCNAB1,7881.0,Amp5,5.17
X-2487,KCNIP4-IT1,359822.0,Del0.8,0.8
X-2487,KCNN2,3781.0,Del0.8,0.75
X-2487,KCNN4,3783.0,MutNovel,"H358Q,0.267"
X-2487,KCTD10,83892.0,MutNovel,"A18G,0.314"
X-2487,KCTD8,386617.0,Del0.8,0.75
X-2487,KDM1B,221656.0,Amp5,5.31
X-2487,KDM5A,5927.0,Amp5,6.92
X-2487,KDM5D,8284.0,Del0.8,0.21
X-2487,KDM6B,23135.0,MutNovel,"L251LPP,0.500"
X-2487,KIAA0232,9778.0,MutNovel,"R425Q,1.000"
X-2487,KIAA0564,23078.0,MutKnownFunctional,"Q593*,1.000"
X-2487,KIAA0825,285600.0,Del0.8,0.74
X-2487,KIAA1109,84162.0,MutNovel,"N2385S,1.000"
X-2487,KIAA1239,57495.0,Del0.8,0.75
X-2487,KIAA1244,57221.0,Del0.8,0.76
X-2487,KIAA1644,85352.0,MutNovel,"R161Q,0.769"
X-2487,KIAA1919,91749.0,MutNovel,"L182Y,0.333"
X-2487,KIF13A,63971.0,Amp5,5.31
X-2487,KIF1A,547.0,MutNovel,"ED917D,0.429"
X-2487,KIF20B,9585.0,MutNovel,"L1062LKV,0.960"
X-2487,KIF21A,55605.0,Amp5,7.31
X-2487,KIF2A,3796.0,Del0.8,0.75
X-2487,KIF3A,11127.0,Del0.8,0.75
X-2487,KIF9,64147.0,MutNovel,"R251K,1.000"
X-2487,KLB,152831.0,Del0.8,0.75
X-2487,KLF3,51274.0,Del0.8,0.75
X-2487,KLHL5,51088.0,Del0.8,0.75
X-2487,KLRC2,3822.0,Del0.8,0.62
X-2487,KPNA4,3840.0,Amp5,5.17
X-2487,KRT19P2,160313.0,Amp5,5.46
X-2487,LAMC3,10319.0,MutNovel,"A1005T,1.000"
X-2487,LANCL1,10314.0,Del0.8,0.78
X-2487,LAP3,51056.0,Del0.8,0.77
X-2487,LATS2,26524.0,MutNovel,"R151W,0.281"
X-2487,LCORL,254251.0,Del0.8,0.77
X-2487,LDB2,9079.0,Del0.8,0.77
X-2487,LEAP2,116842.0,Del0.8,0.75
X-2487,LEKR1,389170.0,Amp5,5.17
X-2487,LGI2,55203.0,Del0.8,0.79
X-2487,LIAS,11019.0,Del0.8,0.75
X-2487,LIMCH1,22998.0,Del0.8,0.75
X-2487,LINC00271,100131814.0,Del0.8,0.76
X-2487,LINC00472,79940.0,Amp5,5.39
X-2487,LINC00473,90632.0,Del0.8,0.79
X-2487,LIX1,167410.0,Del0.8,0.74
X-2487,LMBRD1,55788.0,Amp5,5.39
X-2487,LMNB1,4001.0,Del0.8,0.75
X-2487,LNPEP,4012.0,Del0.8,0.74
X-2487,LOC100128164,100128164.0,Amp5,5.21
X-2487,LOC100130357,100130357.0,Amp5,5.31
X-2487,LOC100130451,100130451.0,Del0.8,0.78
X-2487,LOC100132735,100132735.0,Del0.8,0.76
X-2487,LOC100133050,100133050.0,Del0.8,0.74
X-2487,LOC100170939,100170939.0,Del0.8,0.75
X-2487,LOC100271702,100271702.0,Amp5,6.92
X-2487,LOC100272216,100272216.0,Del0.8,0.41
X-2487,LOC100288332,,MutNovel,"L270V,0.667"
X-2487,LOC100289230,100289230.0,Del0.8,0.74
X-2487,LOC100289495,100289495.0,Del0.8,0.79
X-2487,LOC100289673,100289673.0,Del0.8,0.74
X-2487,LOC100292680,100292680.0,Amp5,6.92
X-2487,LOC100303749,100303749.0,Del0.8,0.74
X-2487,LOC100498859,100498859.0,Amp5,5.17
X-2487,LOC100505841,100505841.0,Del0.8,0.75
X-2487,LOC100505912,100505912.0,Del0.8,0.79
X-2487,LOC100507424,100507424.0,Amp5,6.92
X-2487,LOC100507462,100507462.0,Del0.8,0.76
X-2487,LOC100507537,100507537.0,Amp5,5.17
X-2487,LOC100509263,,MutNovel,"T342M,1.000"
X-2487,LOC144486,144486.0,Amp5,5.46
X-2487,LOC152742,152742.0,Del0.8,0.77
X-2487,LOC201651,201651.0,Amp5,5.17
X-2487,LOC283440,283440.0,Amp5,6.92
X-2487,LOC285540,285540.0,Del0.8,0.79
X-2487,LOC285547,285547.0,Del0.8,0.77
X-2487,LOC285548,285548.0,Del0.8,0.77
X-2487,LOC339894,339894.0,Amp5,5.17
X-2487,LOC344967,344967.0,Del0.8,0.75
X-2487,LOC391322,391322.0,Amp8,12.13
X-2487,LOC392196,392196.0,Del0.8,0.68
X-2487,LOC401093,401093.0,Amp5,5.17
X-2487,LOC401127,401127.0,Del0.8,0.75
X-2487,LOC441009,441009.0,Del0.8,0.77
X-2487,LOC553103,553103.0,Del0.8,0.75
X-2487,LOC574538,574538.0,Amp5,6.92
X-2487,LOC643339,643339.0,Amp5,5.46
X-2487,LOC643770,643770.0,Amp5,5.46
X-2487,LOC645434,645434.0,Del0.8,0.76
X-2487,LOC646168,646168.0,Amp5,5.24
X-2487,LOC646903,646903.0,Amp5,5.17
X-2487,LOC647107,647107.0,Amp5,5.24
X-2487,LOC647859,647859.0,Del0.8,0.75
X-2487,LOC728888,,MutNovel,"P1087R,0.290"
X-2487,LOC730091,730091.0,Amp5,5.17
X-2487,LOX,4015.0,Del0.8,0.75
X-2487,LPA,4018.0,Del0.8,0.79
X-2487,LPAL2,80350.0,Del0.8,0.79
X-2487,LPGAT1,9926.0,MutNovel,"G328S,0.318"
X-2487,LRRC31,79782.0,Amp5,5.21
X-2487,LRRC34,151827.0,Amp5,5.21
X-2487,LRRC70,100130733.0,Del0.8,0.75
X-2487,LRRC8E,80131.0,MutKnownFunctional,"-704,0.619"
X-2487,LRRIQ4,344657.0,Amp5,5.21
X-2487,LRRK2,120892.0,Amp5,7.31
X-2487,LRTM2,654429.0,Amp5,6.92
X-2487,LTA4H,4048.0,Amp5,5.46
X-2487,LXN,56925.0,Amp5,5.17
X-2487,LYRM7,90624.0,Del0.8,0.75
X-2487,MAML3,55534.0,MutNovel,"D273Y,1.000"
X-2487,MAN2A1,4124.0,Del0.8,0.74
X-2487,MAP1B,4131.0,Del0.8,0.75
X-2487,MAP2,4133.0,MutNovel,"V1502F,0.880"
X-2487,MAP3K1,4214.0,Del0.8,0.75
X-2487,MAP3K4,4216.0,Del0.8,0.79
X-2487,MAP3K5,4217.0,Del0.8,0.76
X-2487,MAP4K5,11183.0,MutNovel,"K757T,0.458"
X-2487,MAP7,9053.0,Del0.8,0.76
X-2487,2014-03-03 00:00:00,115123.0,Del0.8,0.75
X-2487,2014-03-04 00:00:00,57574.0,Del0.8,0.78
X-2487,MARVELD2,153562.0,Del0.8,0.74
X-2487,MAST4,375449.0,Del0.8,0.74
X-2487,MBNL1,4154.0,Amp5,5.17
X-2487,MCC,4163.0,Del0.8,0.76
X-2487,MCCC2,64087.0,Del0.8,0.75
X-2487,MCTP1,79772.0,Del0.8,0.74
X-2487,MECOM,2122.0,Amp5,5.21
X-2487,MED12L,116931.0,Amp5,5.17
X-2487,MED28,80306.0,Del0.8,0.77
X-2487,MEGF10,84466.0,Del0.8,0.75
X-2487,METAP2,10988.0,Amp5,5.46
X-2487,MFSD1,64747.0,Amp5,5.17
X-2487,MIER3,166968.0,Del0.8,0.75
X-2487,MIR1244-1,100302285.0,Del0.8,0.75
X-2487,MIR1251,100302289.0,Amp5,5.46
X-2487,MIR135A2,406926.0,Amp5,5.46
X-2487,MIR153-1,406944.0,Del0.8,0.78
X-2487,MIR15B,406949.0,Amp5,5.17
X-2487,MIR16-2,406951.0,Amp5,5.17
X-2487,MIR1827,100302217.0,Amp5,5.58
X-2487,MIR218-1,407000.0,Del0.8,0.77
X-2487,MIR2277,100313887.0,Del0.8,0.74
X-2487,MIR26B,407017.0,Del0.8,0.78
X-2487,MIR30A,407029.0,Amp5,5.39
X-2487,MIR30C2,407032.0,Amp5,5.39
X-2487,MIR3131,100422957.0,Del0.8,0.78
X-2487,MIR3132,100423039.0,Del0.8,0.78
X-2487,MIR3145,100423001.0,Del0.8,0.76
X-2487,MIR331,442903.0,Amp5,5.46
X-2487,MIR3649,100500816.0,Amp5,6.92
X-2487,MIR3668,100500879.0,Del0.8,0.76
X-2487,MIR3685,100500802.0,Amp5,5.46
X-2487,MIR3692,100500899.0,Del0.8,0.77
X-2487,MIR375,494324.0,Del0.8,0.78
X-2487,MIR3918,100500851.0,Del0.8,0.77
X-2487,MIR3919,100500803.0,Amp5,5.17
X-2487,MIR3936,100500865.0,Del0.8,0.75
X-2487,MIR4268,100422959.0,Del0.8,0.78
X-2487,MIR4275,100422937.0,Del0.8,0.77
X-2487,MIR4303,100422924.0,Amp5,5.46
X-2487,MIR4460,100616325.0,Del0.8,0.75
X-2487,MIR4465,100616180.0,Del0.8,0.76
X-2487,MIR4466,100616154.0,Del0.8,0.77
X-2487,MIR449A,554213.0,Del0.8,0.75
X-2487,MIR449B,693123.0,Del0.8,0.75
X-2487,MIR449C,100313923.0,Del0.8,0.75
X-2487,MIR4633,100616175.0,Del0.8,0.75
X-2487,MIR4639,100616269.0,Amp5,5.31
X-2487,MIR4756,100616225.0,Del0.8,0.67
X-2487,MIR4776-1,100616267.0,Del0.8,0.78
X-2487,MIR4776-2,100616472.0,Del0.8,0.78
X-2487,MIR4801,100616435.0,Del0.8,0.75
X-2487,MIR4802,100616274.0,Del0.8,0.75
X-2487,MIR4803,100616377.0,Del0.8,0.75
X-2487,MIR4804,100616152.0,Del0.8,0.75
X-2487,MIR548A1,693125.0,Amp5,5.82
X-2487,MIR548AJ2,100616252.0,Del0.8,0.79
X-2487,MIR548F2,100313771.0,Del0.8,0.78
X-2487,MIR548H2,100313773.0,Amp5,5.17
X-2487,MIR551B,693136.0,Amp5,5.24
X-2487,MIR569,693154.0,Amp5,5.21
X-2487,MIR572,693157.0,Del0.8,0.77
X-2487,MIR573,693158.0,Del0.8,0.79
X-2487,MIR574,693159.0,Del0.8,0.75
X-2487,MIR581,693166.0,Del0.8,0.75
X-2487,MIR583,693168.0,Del0.8,0.74
X-2487,MLF1,4291.0,Amp5,5.17
X-2487,MME,4311.0,Amp5,5.17
X-2487,MPZL3,196264.0,MutNovel,"H137N,0.278"
X-2487,MREG,55686.0,Del0.8,0.78
X-2487,MRPL42,28977.0,Amp5,5.46
X-2487,MRPS27,23107.0,Del0.8,0.75
X-2487,MRPS36,92259.0,Del0.8,0.74
X-2487,MTERF,7978.0,MutNovel,"S361G,0.611"
X-2487,MUC16,94025.0,MutNovel,"T13162A,0.214"
X-2487,MUC20,200958.0,MutNovel,"A54T,0.833"
X-2487,MYBL2,4605.0,MutNovel,"S306C,0.968"
X-2487,MYBPC1,4604.0,Amp5,5.58
X-2487,MYH14,79784.0,MutNovel,"Q1438P,0.331"
X-2487,MYLIP,29116.0,Amp5,5.31
X-2487,MYNN,55892.0,Amp5,5.21
X-2487,N4BP2,55728.0,Del0.8,0.75
X-2487,NAIP,4671.0,Del0.8,0.75
X-2487,NANOS1,340719.0,MutNovel,"P34T,1.000"
X-2487,NBPF10,100132406.0,MutNovel,"V841F,1.000"
X-2487,NBPF10,100132406.0,MutKnownFunctional,"E3015*,1.000"
X-2487,NBPF9,400818.0,MutNovel,"R97G,0.333"
X-2487,NBPF9,400818.0,MutNovel,"Q184R,1.000"
X-2487,NBPF9,400818.0,MutNovel,"T652S,0.227"
X-2487,NCAPG,64151.0,Del0.8,0.77
X-2487,NCEH1,57552.0,Amp5,5.21
X-2487,NCRNA00185,55410.0,Del0.8,0.21
X-2487,NDUFA12,55967.0,Amp5,5.46
X-2487,NDUFA9,4704.0,Amp5,6.92
X-2487,NDUFAF2,91942.0,Del0.8,0.75
X-2487,NEDD1,121441.0,Amp5,5.46
X-2487,NELL2,4753.0,Amp5,7.31
X-2487,NEURL4,84461.0,MutNovel,"P206R,1.000"
X-2487,NHEG1,100294720.0,Del0.8,0.76
X-2487,NHEJ1,79840.0,Del0.8,0.78
X-2487,NHLRC1,378884.0,Amp5,5.31
X-2487,NHSL1,57224.0,Del0.8,0.76
X-2487,NHSL2,340527.0,MutNovel,"T1220I,1.000"
X-2487,NINJ2,4815.0,Amp5,6.92
X-2487,NKX3-2,579.0,Del0.8,0.77
X-2487,NLGN4Y,22829.0,Del0.8,0.21
X-2487,NLN,57486.0,Del0.8,0.74
X-2487,NMBR,4829.0,Del0.8,0.76
X-2487,NMD3,51068.0,Amp5,5.17
X-2487,NNT,23530.0,MutNovel,"A448T,0.574"
X-2487,NOL7,51406.0,Amp5,5.31
X-2487,NPIPL3,23117.0,MutNovel,"S891C,0.231"
X-2487,NR1H2,7376.0,MutNovel,"-173Q,0.588"
X-2487,NR1H4,9971.0,Amp5,5.58
X-2487,NR2C1,7181.0,Amp5,5.46
X-2487,NR2F1,7025.0,Del0.8,0.74
X-2487,NRIP2,83714.0,Amp5,6.92
X-2487,NSA2,10412.0,Del0.8,0.75
X-2487,NSUN7,79730.0,Del0.8,0.75
X-2487,NTF3,4908.0,Amp8,9.51
X-2487,NTN4,59277.0,Amp5,5.46
X-2487,NUDT12,83594.0,Del0.8,0.74
X-2487,NUDT4,11163.0,Amp5,5.46
X-2487,NUP153,9972.0,Amp5,5.31
X-2487,NUP37,79023.0,Amp5,5.58
X-2487,NUPL1,9818.0,MutNovel,"G334E,0.258"
X-2487,NXPH4,11247.0,MutKnownFunctional,"-252?,0.332"
X-2487,OBSL1,23363.0,Del0.8,0.78
X-2487,OCLN,100506658.0,Del0.8,0.41
X-2487,OGFRL1,79627.0,Amp5,5.39
X-2487,OLIG3,167826.0,Del0.8,0.76
X-2487,OR51A2,401667.0,Del0.8,0.71
X-2487,OR51B2,79345.0,Del0.8,0.66
X-2487,ORAI1,84876.0,MutNovel,"PP43-,0.933"
X-2487,OSTCP1,202459.0,Del0.8,0.77
X-2487,OTOL1,131149.0,Amp5,5.17
X-2487,OTUD7B,56957.0,MutNovel,"A229V,0.318"
X-2487,P2RY1,5028.0,Amp5,5.17
X-2487,P2RY12,64805.0,Amp5,5.17
X-2487,P2RY13,53829.0,Amp5,5.17
X-2487,P2RY14,9934.0,Amp5,5.17
X-2487,P4HA2,8974.0,Del0.8,0.75
X-2487,PA2G4P4,647033.0,Amp5,5.17
X-2487,PACRG,135138.0,Del0.8,0.79
X-2487,PACRGL,133015.0,Del0.8,0.77
X-2487,PALM3,342979.0,MutNovel,"D604N,0.657"
X-2487,PAM,5066.0,Del0.8,0.74
X-2487,PARK2,5071.0,Del0.8,0.79
X-2487,PARP11,57097.0,Amp5,6.92
X-2487,PART1,25859.0,Del0.8,0.75
X-2487,PAX3,5077.0,Del0.8,0.78
X-2487,PBOV1,59351.0,Del0.8,0.76
X-2487,PCDH11Y,83259.0,Del0.8,0.21
X-2487,PCDH7,5099.0,Del0.8,0.79
X-2487,PCNT,5116.0,MutNovel,"V1460I,1.000"
X-2487,PCSK1,5122.0,Del0.8,0.74
X-2487,PDCD10,11235.0,Amp5,5.24
X-2487,PDE10A,10846.0,Del0.8,0.79
X-2487,PDE4D,5144.0,Del0.8,0.75
X-2487,PDE7B,27115.0,Del0.8,0.76
X-2487,PDLIM4,8572.0,Del0.8,0.75
X-2487,PDS5A,23244.0,Del0.8,0.75
X-2487,PDZRN4,29951.0,Amp5,7.31
X-2487,PECR,55825.0,Del0.8,0.78
X-2487,PERP,64065.0,Del0.8,0.76
X-2487,PEX7,5191.0,Del0.8,0.76
X-2487,PFN2,5217.0,Amp5,5.17
X-2487,PGGT1B,5229.0,Del0.8,0.75
X-2487,PGM1,5236.0,MutNovel,"A544P,0.647"
X-2487,PGM2,55276.0,Del0.8,0.75
X-2487,PHACTR1,221692.0,Amp5,5.31
X-2487,PHAX,51808.0,Del0.8,0.75
X-2487,PHC3,80012.0,Amp5,5.21
X-2487,PHOX2B,8929.0,Del0.8,0.75
X-2487,PI4K2B,55300.0,Del0.8,0.79
X-2487,PI4KA,5297.0,MutNovel,"S683T,0.268"
X-2487,PIEZO1,9780.0,MutNovel,"R808Q,1.000"
X-2487,PIEZO1,9780.0,MutNovel,"G782S,1.000"
X-2487,PIK3R1,5295.0,Del0.8,0.74
X-2487,PJA2,9867.0,Del0.8,0.74
X-2487,PKI55,150967.0,Del0.8,0.78
X-2487,PKM,,MutNovel,"T36S,1.000"
X-2487,PLCD4,84812.0,Del0.8,0.78
X-2487,PLCH1,23007.0,Amp5,5.17
X-2487,PLD1,5337.0,Amp5,5.21
X-2487,PLD2,5338.0,MutNovel,"G689V,0.368"
X-2487,PLEKHG7,440107.0,Amp5,5.46
X-2487,PLG,5340.0,Del0.8,0.79
X-2487,PLK2,10769.0,Del0.8,0.75
X-2487,PLOD2,5352.0,Amp5,5.17
X-2487,PLSCR1,5359.0,Amp5,5.17
X-2487,PLSCR2,57047.0,Amp5,5.17
X-2487,PLSCR4,57088.0,Amp5,5.17
X-2487,PLSCR5,389158.0,Amp5,5.17
X-2487,PLXNC1,10154.0,Amp5,5.46
X-2487,PMCH,5367.0,Amp5,5.58
X-2487,PMCHL2,5370.0,Del0.8,0.75
X-2487,PNISR,25957.0,MutNovel,"R608-,0.301"
X-2487,PNKD,25953.0,Del0.8,0.78
X-2487,POR,5447.0,MutNovel,"E574D,0.598"
X-2487,POU5F2,134187.0,Del0.8,0.74
X-2487,PPAP2A,8611.0,Del0.8,0.75
X-2487,PPARGC1A,10891.0,Del0.8,0.79
X-2487,PPHLN1,51535.0,Amp5,7.31
X-2487,PPIC,5480.0,Del0.8,0.75
X-2487,PPIP5K2,23262.0,Del0.8,0.74
X-2487,PPM1L,151742.0,Amp5,5.17
X-2487,PPWD1,23398.0,Del0.8,0.74
X-2487,PRDM6,93166.0,Del0.8,0.75
X-2487,PRICKLE1,144165.0,Amp5,7.31
X-2487,PRKAG3,53632.0,Del0.8,0.78
X-2487,PRKCI,5584.0,Amp5,5.21
X-2487,PRKDC,5591.0,MutNovel,"R3391W,0.599"
X-2487,PRKRIR,5612.0,MutNovel,"Y356H,0.347"
X-2487,PRKY,5616.0,Del0.8,0.21
X-2487,PRMT8,56341.0,Amp5,6.92
X-2487,PROM1,8842.0,Del0.8,0.77
X-2487,PRR16,51334.0,Del0.8,0.75
X-2487,PRR18,285800.0,Del0.8,0.79
X-2487,PRRC1,133619.0,Del0.8,0.75
X-2487,PRY,9081.0,Del0.8,0.21
X-2487,PRY,9081.0,Del0.8,0.21
X-2487,PRY2,442862.0,Del0.8,0.21
X-2487,PRY2,442862.0,Del0.8,0.21
X-2487,PTCD2,79810.0,Del0.8,0.75
X-2487,PTPN4,5775.0,MutNovel,"K186N,0.259"
X-2487,PTPRN,5798.0,Del0.8,0.78
X-2487,PTTG2,10744.0,Del0.8,0.75
X-2487,PTX3,5806.0,Amp5,5.17
X-2487,PUS7L,83448.0,Amp5,7.31
X-2487,QDPR,5860.0,Del0.8,0.77
X-2487,QKI,9444.0,Del0.8,0.79
X-2487,RAB28,9364.0,Del0.8,0.77
X-2487,RAB3C,115827.0,Del0.8,0.75
X-2487,RAB40C,57799.0,MutNovel,"K133N,0.225"
X-2487,RAB9BP1,9366.0,Del0.8,0.74
X-2487,RACGAP1P,83956.0,Amp5,7.31
X-2487,RAD17,5884.0,Del0.8,0.74
X-2487,RAD50,10111.0,Del0.8,0.75
X-2487,RAD51AP1,10635.0,Amp5,6.92
X-2487,RAD52,5893.0,Amp5,6.92
X-2487,RANBP9,10048.0,Amp5,5.31
X-2487,RAP2B,5912.0,Amp5,5.17
X-2487,RAPGEF6,51735.0,Del0.8,0.75
X-2487,RARRES1,5918.0,Amp5,5.17
X-2487,RASGRF1,5923.0,MutNovel,"T809K,1.000"
X-2487,RAVER1,125950.0,Del0.8,0.71
X-2487,RBM24,221662.0,Amp5,5.31
X-2487,RBM47,54502.0,Del0.8,0.75
X-2487,RBMY1A3P,286557.0,Del0.8,0.21
X-2487,RBMY1B,378948.0,Del0.8,0.21
X-2487,RBMY1B,378948.0,Del0.8,0.21
X-2487,RBMY1E,378950.0,Del0.8,0.21
X-2487,RBMY1E,378950.0,Del0.8,0.21
X-2487,RBMY1F,159163.0,Del0.8,0.21
X-2487,RBMY1F,159163.0,Del0.8,0.21
X-2487,RBMY1J,378951.0,Del0.8,0.21
X-2487,RBMY1J,378951.0,Del0.8,0.21
X-2487,RBMY2EP,159125.0,Del0.8,0.21
X-2487,RBMY2FP,159162.0,Del0.8,0.21
X-2487,RBMY3AP,64593.0,Del0.8,0.21
X-2487,RBPJ,3516.0,Del0.8,0.77
X-2487,REEP5,7905.0,Del0.8,0.76
X-2487,RELL1,768211.0,Del0.8,0.75
X-2487,REPS1,85021.0,Del0.8,0.76
X-2487,RESP18,389075.0,Del0.8,0.78
X-2487,RFC1,5981.0,Del0.8,0.75
X-2487,RFESD,317671.0,Del0.8,0.74
X-2487,RGMB,285704.0,Del0.8,0.74
X-2487,RGNEF,64283.0,Del0.8,0.75
X-2487,RGS7BP,401190.0,Del0.8,0.74
X-2487,RHBG,57127.0,MutNovel,"T387M,0.375"
X-2487,RHOBTB3,22836.0,Del0.8,0.74
X-2487,RHOH,399.0,Del0.8,0.75
X-2487,RIN3,79890.0,MutNovel,"G967-,0.370"
X-2487,RIOK2,55781.0,Del0.8,0.74
X-2487,RMST,196475.0,Amp5,5.46
X-2487,RNF13,11342.0,Amp5,5.17
X-2487,RNF138P1,379013.0,Del0.8,0.75
X-2487,RNF144B,255488.0,Amp5,5.82
X-2487,RNF180,285671.0,Del0.8,0.74
X-2487,RNF182,221687.0,Amp5,5.31
X-2487,RNF25,64320.0,Del0.8,0.78
X-2487,RNF43,54894.0,MutNovel,"K559Q,1.000"
X-2487,RPAP2,79871.0,MutNovel,"K190E,0.676"
X-2487,RPL22L1,200916.0,Amp5,5.21
X-2487,RPL37A,6168.0,Del0.8,0.78
X-2487,RPL9,6133.0,Del0.8,0.75
X-2487,RPS24,6229.0,MutNovel,"S223L,0.286"
X-2487,RPS4Y1,6192.0,Del0.8,0.21
X-2487,RPS4Y2,140032.0,Del0.8,0.21
X-2487,RQCD1,9125.0,Del0.8,0.78
X-2487,RRP1B,23076.0,MutNovel,"G418D,1.000"
X-2487,RSPH3,83861.0,Del0.8,0.77
X-2487,RSRC1,51319.0,Amp5,5.17
X-2487,RUFY4,285180.0,Del0.8,0.78
X-2487,RYR3,6263.0,MutNovel,"P4543S,1.000"
X-2487,SAMD7,344658.0,Amp5,5.21
X-2487,SCARNA7,677767.0,Amp5,5.17
X-2487,SCHIP1,29970.0,Amp5,5.17
X-2487,SCYL2,55681.0,Amp5,5.58
X-2487,SEC11C,90701.0,MutNovel,"IVHRVIK106I,0.270"
X-2487,SEC62,7095.0,Amp5,5.21
X-2487,SEL1L3,23231.0,Del0.8,0.77
X-2487,SELT,51714.0,Amp5,5.17
X-2487,SEMA6A,57556.0,Del0.8,0.75
X-2487,SEPSECS,51091.0,Del0.8,0.79
X-2487,2014-09-08 00:00:00,23176.0,Del0.8,0.75
X-2487,SERAC1,84947.0,Del0.8,0.77
X-2487,SERF1A,8293.0,Del0.8,0.75
X-2487,SERINC2,347735.0,MutNovel,"-373Q,0.646"
X-2487,SERP1,27230.0,Amp5,5.17
X-2487,SERPINI1,5274.0,Amp5,5.24
X-2487,SERPINI2,5276.0,Amp5,5.24
X-2487,SFT2D1,113402.0,Del0.8,0.79
X-2487,SGPP2,130367.0,Del0.8,0.78
X-2487,SGTB,54557.0,Del0.8,0.74
X-2487,SHISA3,152573.0,Del0.8,0.75
X-2487,SHOX2,6474.0,Amp5,5.17
X-2487,SHROOM1,134549.0,Del0.8,0.75
X-2487,SHROOM4,57477.0,MutNovel,"E1138GK,0.833"
X-2487,SI,6476.0,Amp5,5.24
X-2487,SIAH2,6478.0,Amp5,5.17
X-2487,SIPA1L3,23094.0,MutNovel,"G1394A,0.444"
X-2487,SIRPA,140885.0,MutNovel,"L44S,0.750"
X-2487,SIRT3,23410.0,MutNovel,"V367I,0.994"
X-2487,SIRT5,23408.0,Amp5,5.31
X-2487,SKIL,6498.0,Amp5,5.21
X-2487,SKIV2L2,23517.0,Del0.8,0.75
X-2487,SLC11A1,6556.0,Del0.8,0.78
X-2487,SLC12A2,6558.0,Del0.8,0.75
X-2487,SLC17A8,246213.0,Amp5,5.58
X-2487,SLC22A2,6582.0,Del0.8,0.79
X-2487,SLC22A3,6581.0,Del0.8,0.79
X-2487,SLC22A4,6583.0,Del0.8,0.75
X-2487,SLC22A5,6584.0,Del0.8,0.75
X-2487,SLC23A3,151295.0,Del0.8,0.78
X-2487,SLC25A3,5250.0,Amp5,5.46
X-2487,SLC25A46,91137.0,Del0.8,0.76
X-2487,SLC27A6,28965.0,Del0.8,0.75
X-2487,SLC2A13,114134.0,Amp5,7.31
X-2487,SLC2A2,6514.0,Amp5,5.21
X-2487,SLC30A5,64924.0,Del0.8,0.74
X-2487,SLC30A9,10463.0,Del0.8,0.75
X-2487,SLC33A1,9197.0,Amp5,5.17
X-2487,SLC34A2,10568.0,Del0.8,0.79
X-2487,SLC35D3,340146.0,Del0.8,0.76
X-2487,SLC38A9,153129.0,Del0.8,0.75
X-2487,SLC3A1,6519.0,MutNovel,"T652A,0.663"
X-2487,SLC4A3,6508.0,Del0.8,0.78
X-2487,SLC5A8,160728.0,Amp5,5.58
X-2487,SLC6A12,6539.0,Amp5,6.92
X-2487,SLC6A13,6540.0,Amp5,6.92
X-2487,SLC7A14,57709.0,Amp5,5.21
X-2487,SLC9A7P1,121456.0,Amp5,5.46
X-2487,SLCO4C1,353189.0,Del0.8,0.74
X-2487,SLCO6A1,133482.0,Del0.8,0.74
X-2487,SLIT2,9353.0,Del0.8,0.77
X-2487,SLIT2-IT1,100505893.0,Del0.8,0.77
X-2487,SLITRK3,22865.0,Amp5,5.24
X-2487,SMA4,11039.0,Del0.8,0.75
X-2487,SMA5,11042.0,Del0.8,0.75
X-2487,SMAP1,60682.0,Amp5,5.39
X-2487,SMARCAL1,50485.0,Del0.8,0.78
X-2487,SMC4,10051.0,Amp5,5.17
X-2487,SMN1,6606.0,Del0.8,0.75
X-2487,SMN2,6607.0,Del0.8,0.75
X-2487,SNCAIP,9627.0,Del0.8,0.75
X-2487,SNORA13,654322.0,Del0.8,0.76
X-2487,SNORA53,677832.0,Amp5,5.46
X-2487,SNRPF,6636.0,Amp5,5.46
X-2487,SNX18,112574.0,Del0.8,0.75
X-2487,SNX2,6643.0,Del0.8,0.75
X-2487,SNX24,28966.0,Del0.8,0.75
X-2487,SNX9,51429.0,Del0.8,0.77
X-2487,SOCS2,8835.0,Amp5,5.46
X-2487,SOCS6,9306.0,MutNovel,"N198D,0.293"
X-2487,SOD3,6649.0,Del0.8,0.79
X-2487,SOWAHA,134548.0,Del0.8,0.75
X-2487,SPATA16,83893.0,Amp5,5.21
X-2487,SPATA9,83890.0,Del0.8,0.74
X-2487,SPEG,10290.0,Del0.8,0.78
X-2487,SPIC,121599.0,Amp5,5.58
X-2487,SPPL2A,84888.0,MutNovel,"N336K,1.000"
X-2487,SPTSSB,165679.0,Amp5,5.17
X-2487,SREK1,140890.0,Del0.8,0.74
X-2487,SREK1IP1,285672.0,Del0.8,0.74
X-2487,SRFBP1,153443.0,Del0.8,0.75
X-2487,SRP19,6728.0,Del0.8,0.76
X-2487,SRY,6736.0,Del0.8,0.21
X-2487,SSR3,6747.0,Amp5,5.17
X-2487,ST8SIA4,7903.0,Del0.8,0.74
X-2487,STARD4,134429.0,Del0.8,0.76
X-2487,STIM2,57620.0,Del0.8,0.77
X-2487,STK11IP,114790.0,Del0.8,0.78
X-2487,STK16,8576.0,Del0.8,0.78
X-2487,STK36,27148.0,Del0.8,0.78
X-2487,STON2,85439.0,MutNovel,"L720V,1.000"
X-2487,STOX2,56977.0,MutNovel,"M847L,1.000"
X-2487,SUCNR1,56670.0,Amp5,5.17
X-2487,SYCP3,50511.0,Amp5,5.58
X-2487,SYNDIG1L,646658.0,Del0.8,0.68
X-2487,SYNJ2,8871.0,Del0.8,0.77
X-2487,SYTL3,94120.0,Del0.8,0.77
X-2487,T,6862.0,Del0.8,0.79
X-2487,TAF9,6880.0,Del0.8,0.74
X-2487,TAGAP,117289.0,Del0.8,0.77
X-2487,TAPT1,202018.0,Del0.8,0.77
X-2487,TAS2R43,259289.0,Del0.8,0.66
X-2487,TBC1D1,23216.0,Del0.8,0.75
X-2487,TBC1D19,55296.0,Del0.8,0.77
X-2487,TBC1D7,51256.0,Amp5,5.31
X-2487,TBL1Y,90665.0,Del0.8,0.21
X-2487,TCF20,6942.0,MutNovel,"S1288P,0.458"
X-2487,TEAD4,7004.0,Amp5,6.92
X-2487,TERC,7012.0,Amp5,5.21
X-2487,TGIF2LY,90655.0,Del0.8,0.21
X-2487,TICAM2,353376.0,Del0.8,0.75
X-2487,TIPARP,25976.0,Amp5,5.17
X-2487,TIPARP-AS1,100287227.0,Amp5,5.17
X-2487,TLR1,7096.0,Del0.8,0.75
X-2487,TLR10,81793.0,Del0.8,0.75
X-2487,TLR6,10333.0,Del0.8,0.75
X-2487,TM4SF1,4071.0,Amp5,5.17
X-2487,TM4SF18,116441.0,Amp5,5.17
X-2487,TM4SF4,7104.0,Amp5,5.17
X-2487,TMBIM1,64114.0,Del0.8,0.78
X-2487,TMC5,79838.0,MutNovel,"R899Q,0.714"
X-2487,TMCC3,57458.0,Amp5,5.46
X-2487,TMED7,51014.0,Del0.8,0.75
X-2487,TMED7-TICAM2,100302736.0,Del0.8,0.75
X-2487,TMEM117,84216.0,Amp5,7.31
X-2487,TMEM14E,645843.0,Amp5,5.17
X-2487,TMEM156,80008.0,Del0.8,0.75
X-2487,TMEM169,92691.0,Del0.8,0.78
X-2487,TMEM171,134285.0,Del0.8,0.75
X-2487,TMEM174,134288.0,Del0.8,0.75
X-2487,TMEM181,57583.0,Del0.8,0.77
X-2487,TMEM198,130612.0,Del0.8,0.78
X-2487,TMEM201,199953.0,MutNovel,"T245A,0.430"
X-2487,TMEM212,389177.0,Amp5,5.21
X-2487,TMEM232,642987.0,Del0.8,0.76
X-2487,TMEM238,388564.0,MutNovel,"G30V,0.371"
X-2487,TMEM242,729515.0,Del0.8,0.77
X-2487,TMEM33,55161.0,Del0.8,0.75
X-2487,TMPO,7112.0,Amp5,5.46
X-2487,TMPRSS13,84000.0,MutNovel,"AQASPA22A,0.927"
X-2487,TMSB4Y,9087.0,Del0.8,0.21
X-2487,TNFAIP3,7128.0,Del0.8,0.76
X-2487,TNFAIP8,25816.0,Del0.8,0.75
X-2487,TNFSF10,8743.0,Amp5,5.21
X-2487,TNIK,23043.0,Amp5,5.21
X-2487,TNP1,7141.0,Del0.8,0.78
X-2487,TNPO1,3842.0,Del0.8,0.75
X-2487,TNS1,7145.0,Del0.8,0.78
X-2487,TP53,7157.0,MutNovel,"L145Q,1.000"
X-2487,TPMT,7172.0,Amp5,5.31
X-2487,TRIM23,373.0,Del0.8,0.74
X-2487,TRIM36,55521.0,Del0.8,0.75
X-2487,TRIM59,286827.0,Amp5,5.17
X-2487,TRPS1,7227.0,Amp5,6.77
X-2487,TRRAP,8295.0,MutNovel,"K3834N,0.512"
X-2487,TSC22D2,9819.0,Amp5,5.17
X-2487,TSLP,85480.0,Del0.8,0.76
X-2487,TSPAN9,10867.0,Amp5,6.92
X-2487,TSPY1,7258.0,Del0.8,0.21
X-2487,TSPY2,64591.0,Del0.8,0.21
X-2487,TSPY3,728137.0,Del0.8,0.21
X-2487,TSPY4,728395.0,Del0.8,0.21
X-2487,TSPY8,728403.0,Del0.8,0.21
X-2487,TSPYL1,7259.0,MutNovel,"V176VW,0.852"
X-2487,TSSK1B,83942.0,Del0.8,0.76
X-2487,TTC37,9652.0,Del0.8,0.74
X-2487,TTLL4,9654.0,Del0.8,0.78
X-2487,TTTY10,246119.0,Del0.8,0.21
X-2487,TTTY11,83866.0,Del0.8,0.21
X-2487,TTTY12,83867.0,Del0.8,0.21
X-2487,TTTY13,83868.0,Del0.8,0.21
X-2487,TTTY14,83869.0,Del0.8,0.21
X-2487,TTTY15,64595.0,Del0.8,0.21
X-2487,TTTY16,252948.0,Del0.8,0.21
X-2487,TTTY17A,252949.0,Del0.8,0.21
X-2487,TTTY17A,252949.0,Del0.8,0.21
X-2487,TTTY18,252950.0,Del0.8,0.21
X-2487,TTTY19,252952.0,Del0.8,0.21
X-2487,TTTY1B,100101116.0,Del0.8,0.21
X-2487,TTTY1B,100101116.0,Del0.8,0.21
X-2487,TTTY2,60439.0,Del0.8,0.21
X-2487,TTTY2,60439.0,Del0.8,0.21
X-2487,TTTY20,252951.0,Del0.8,0.21
X-2487,TTTY21,252953.0,Del0.8,0.21
X-2487,TTTY21,252953.0,Del0.8,0.21
X-2487,TTTY22,252954.0,Del0.8,0.21
X-2487,TTTY23,252955.0,Del0.8,0.21
X-2487,TTTY23,252955.0,Del0.8,0.21
X-2487,TTTY3,114760.0,Del0.8,0.21
X-2487,TTTY3,114760.0,Del0.8,0.21
X-2487,TTTY4,114761.0,Del0.8,0.21
X-2487,TTTY4,114761.0,Del0.8,0.21
X-2487,TTTY5,83863.0,Del0.8,0.21
X-2487,TTTY6,84672.0,Del0.8,0.21
X-2487,TTTY6,84672.0,Del0.8,0.21
X-2487,TTTY7,246122.0,Del0.8,0.21
X-2487,TTTY7,246122.0,Del0.8,0.21
X-2487,TTTY7B,100101120.0,Del0.8,0.21
X-2487,TTTY7B,100101120.0,Del0.8,0.21
X-2487,TTTY8,84673.0,Del0.8,0.21
X-2487,TTTY8,84673.0,Del0.8,0.21
X-2487,TTTY9A,83864.0,Del0.8,0.21
X-2487,TTTY9A,83864.0,Del0.8,0.21
X-2487,TUBA4A,7277.0,Del0.8,0.78
X-2487,TUBA4B,80086.0,Del0.8,0.78
X-2487,TUBB3,10381.0,MutNovel,"E205K,0.564"
X-2487,TUBB8,347688.0,MutNovel,"A185V,0.533"
X-2487,TUBGCP5,114791.0,MutNovel,"V600E,0.540"
X-2487,TULP3,7289.0,Amp5,6.92
X-2487,TULP4,56995.0,Del0.8,0.77
X-2487,TWF1,5756.0,Amp5,7.31
X-2487,TXLNB,167838.0,Del0.8,0.76
X-2487,TXLNG2P,246126.0,Del0.8,0.21
X-2487,UBE2K,3093.0,Del0.8,0.75
X-2487,UBE2N,7334.0,Amp5,5.46
X-2487,UCHL1,7345.0,Del0.8,0.75
X-2487,UFSP2,55325.0,MutNovel,"P132T,0.989"
X-2487,UGDH,7358.0,Del0.8,0.75
X-2487,UHRF1BP1L,23074.0,Amp5,5.58
X-2487,UQCRQ,27089.0,Del0.8,0.75
X-2487,USP17L2,377630.0,Del0.8,0.68
X-2487,USP20,10868.0,MutNovel,"R577Q,1.000"
X-2487,USP34,9736.0,MutNovel,"Q286H,0.643"
X-2487,USP36,57602.0,MutNovel,"KKK958K,0.748"
X-2487,USP37,57695.0,Del0.8,0.78
X-2487,USP44,84101.0,Amp5,5.46
X-2487,USP9Y,8287.0,Del0.8,0.21
X-2487,UTP15,84135.0,Del0.8,0.75
X-2487,UTP20,27340.0,Amp5,5.58
X-2487,UTY,7404.0,Del0.8,0.21
X-2487,VCY,9084.0,Del0.8,0.21
X-2487,VCY,9084.0,Del0.8,0.21
X-2487,VEPH1,79674.0,Amp5,5.17
X-2487,VEZT,55591.0,Amp5,5.46
X-2487,VIL1,7429.0,Del0.8,0.78
X-2487,VTA1,51534.0,Del0.8,0.76
X-2487,VWC2L,402117.0,Del0.8,0.78
X-2487,WDR19,57728.0,Del0.8,0.75
X-2487,WDR36,134430.0,Del0.8,0.76
X-2487,WDR49,151790.0,Amp5,5.24
X-2487,WDR92,116143.0,MutNovel,"H267P,0.609"
X-2487,WNK1,65125.0,Amp5,6.92
X-2487,WNT10A,80326.0,Del0.8,0.78
X-2487,WNT5B,81029.0,Amp5,6.92
X-2487,WNT6,7475.0,Del0.8,0.78
X-2487,WWTR1,25937.0,Amp5,5.17
X-2487,WWTR1-AS1,100128025.0,Amp5,5.17
X-2487,XKRY2,353515.0,Del0.8,0.21
X-2487,XKRY2,353515.0,Del0.8,0.21
X-2487,XRCC5,7520.0,Del0.8,0.78
X-2487,YAF2,10138.0,Amp5,7.31
X-2487,YIPF7,285525.0,Del0.8,0.75
X-2487,YTHDC2,64848.0,Del0.8,0.76
X-2487,YTHDF3,253943.0,MutNovel,"L268P,0.486"
X-2487,ZBBX,79740.0,Amp5,5.24
X-2487,ZCCHC10,54819.0,Del0.8,0.75
X-2487,ZCCHC4,29063.0,Del0.8,0.79
X-2487,ZCRB1,85437.0,Amp5,7.31
X-2487,ZDHHC14,79683.0,Del0.8,0.77
X-2487,ZFAND2B,130617.0,Del0.8,0.78
X-2487,ZFY,7544.0,Del0.8,0.21
X-2487,ZIC1,7545.0,Amp5,5.17
X-2487,ZIC4,84107.0,Amp5,5.17
X-2487,ZMYM3,9203.0,MutNovel,"K853R,1.000"
X-2487,ZMYM6,9204.0,MutNovel,"M719I,1.000"
X-2487,ZMYND15,84225.0,MutNovel,"A664T,0.211"
X-2487,ZNF142,7701.0,Del0.8,0.78
X-2487,ZNF19,7567.0,MutNovel,"E259V,1.000"
X-2487,ZNF366,167465.0,Del0.8,0.75
X-2487,ZNF416,55659.0,MutNovel,"Y270H,0.267"
X-2487,ZNF443,10224.0,MutNovel,"R301I,0.731"
X-2487,ZNF474,133923.0,Del0.8,0.75
X-2487,ZNF518B,85460.0,Del0.8,0.77
X-2487,ZNF521,25925.0,MutNovel,"E633Q,0.324"
X-2487,ZNF598,90850.0,MutNovel,"H14P,1.000"
X-2487,ZNF615,284370.0,MutNovel,"G559C,0.208"
X-2487,ZNF705D,728957.0,Del0.8,0.68
X-2487,ZNF772,400720.0,MutNovel,"A4GP,0.538"
X-2487,ZSWIM6,57688.0,Del0.8,0.75
X-2524,ABRA,137735.0,Amp5,5.43
X-2524,ABTB2,25841.0,MutNovel,"T524M,0.503"
X-2524,ACAN,176.0,MutNovel,"A1194T,0.600"
X-2524,ACAN,176.0,MutNovel,"A1194T,0.600"
X-2524,ACAN,176.0,MutNovel,"E1409D,0.360"
X-2524,ACOT2,10965.0,MutNovel,"E149D,0.468"
X-2524,ACR,49.0,Del0.8,0.73
X-2524,ACTL7A,10881.0,MutNovel,"Y209H,1.000"
X-2524,ACVR1,90.0,MutKnownFunctional,"-34,0.443"
X-2524,ADA,100.0,MutNovel,"R142Q,0.706"
X-2524,ADM2,79924.0,Del0.8,0.73
X-2524,AGBL3,340351.0,MutNovel,"S21L,0.465"
X-2524,ALG10,84920.0,Amp5,5.86
X-2524,AMELY,266.0,Del0.8,0.24
X-2524,AMN1,196394.0,Amp5,5.86
X-2524,ANGPT1,284.0,Amp5,5.43
X-2524,ANKRD36,375248.0,MutNovel,"T998S,0.227"
X-2524,APOBEC4,403314.0,Amp5,5.24
X-2524,ARAP2,116984.0,MutNovel,"N936S,1.000"
X-2524,ARHGAP42,143872.0,MutNovel,"I510M,0.639"
X-2524,ARPC5,10092.0,Amp5,5.24
X-2524,ARRDC1,92714.0,MutNovel,"V16I,1.000"
X-2524,ARSA,410.0,Del0.8,0.73
X-2524,ART5,116969.0,MutNovel,"-25P,0.600"
X-2524,ASIC3,,MutNovel,"H481Q,0.385"
X-2524,ASMTL,8623.0,MutNovel,"H1318L,0.625"
X-2524,ASPM,259266.0,Amp5,5.54
X-2524,ATP6V0D2,245972.0,Amp5,5.35
X-2524,ATP6V1C1,528.0,Amp5,5.43
X-2524,ATP6V1G3,127124.0,Amp5,5.54
X-2524,ATXN1L,342371.0,MutNovel,"Q654H,0.448"
X-2524,ATXN3,4287.0,MutNovel,"A141T,0.375"
X-2524,AZIN1,51582.0,Amp5,5.43
X-2524,B3GALT2,8707.0,Amp5,5.24
X-2524,BAALC,79870.0,Amp5,5.43
X-2524,BARX1,56033.0,MutNovel,"A48T,1.000"
X-2524,BCORP1,286554.0,Del0.8,0.24
X-2524,BICD1,636.0,Amp5,5.86
X-2524,BMP2K,55589.0,MutNovel,"-460Q,0.367"
X-2524,BMP8A,353500.0,MutNovel,"A140V,1.000"
X-2524,BOLA2,552900.0,MutNovel,"N95S,1.000"
X-2524,BOLA2B,,MutNovel,"N95S,1.000"
X-2524,BPY2B,442867.0,Del0.8,0.24
X-2524,BPY2B,442867.0,Del0.8,0.24
X-2524,C10orf11,83938.0,MutNovel,"S152G,1.000"
X-2524,C12orf35,55196.0,Amp5,5.86
X-2524,C1QTNF9B,387911.0,MutNovel,"M301V,0.308"
X-2524,C1orf21,81563.0,Amp5,5.24
X-2524,C1orf27,54953.0,Amp5,5.24
X-2524,C1orf53,388722.0,Amp5,5.54
X-2524,C20orf201,198437.0,MutNovel,"V123D,0.571"
X-2524,C2orf91,,MutNovel,"G92R,0.536"
X-2524,C5orf60,285679.0,MutNovel,"I254T,1.000"
X-2524,C8orf56,157556.0,Amp5,5.43
X-2524,C8orf59,401466.0,Amp5,5.35
X-2524,CA1,759.0,Amp5,5.35
X-2524,CA13,377677.0,Amp5,5.35
X-2524,CA2,760.0,Amp5,5.35
X-2524,CA3,761.0,Amp5,5.35
X-2524,CA8,767.0,Amp5,5.06
X-2524,CACNA1B,774.0,MutNovel,"T996A,1.000"
X-2524,CACNA1E,777.0,Amp5,5.24
X-2524,CADPS2,93664.0,MutNovel,"V24L,1.000"
X-2524,CALB1,793.0,Amp5,5.35
X-2524,CAMSAP1,157922.0,MutNovel,"T127I,1.000"
X-2524,CAPRIN2,65981.0,Amp5,5.86
X-2524,CASC4,113201.0,MutNovel,"N364S,0.996"
X-2524,CC2D2A,57545.0,MutNovel,"G111R,1.000"
X-2524,CCBL2,56267.0,Amp5,7.57
X-2524,CCDC91,55297.0,Amp5,6.23
X-2524,CD276,80381.0,MutNovel,"R329S,0.277"
X-2524,CD2AP,23607.0,MutNovel,"G266S,0.365"
X-2524,CD83,9308.0,MutNovel,"P190R,0.773"
X-2524,CDC73,79577.0,Amp5,5.24
X-2524,CDH17,1015.0,Amp5,5.35
X-2524,CDKN2A,1029.0,MutNovel,"S73R,0.488"
X-2524,CDY1B,253175.0,Del0.8,0.24
X-2524,CDY1B,253175.0,Del0.8,0.24
X-2524,CDY2A,9426.0,Del0.8,0.24
X-2524,CDY2A,9426.0,Del0.8,0.24
X-2524,CDY2B,203611.0,Del0.8,0.24
X-2524,CDY2B,203611.0,Del0.8,0.24
X-2524,CELSR1,9620.0,MutNovel,"C139R,1.000"
X-2524,CENPO,79172.0,MutNovel,"C254R,0.325"
X-2524,CEP170P1,645455.0,Del0.8,0.63
X-2524,CFH,3075.0,MutNovel,"T1106M,0.667"
X-2524,CFH,3075.0,Amp5,5.62
X-2524,CFHR1,3078.0,Amp8,9.85
X-2524,CFHR2,3080.0,Amp5,5.54
X-2524,CFHR3,10878.0,Amp8,11.47
X-2524,CFHR4,10877.0,Amp5,5.54
X-2524,CFHR5,81494.0,Amp5,5.54
X-2524,CHCHD7,79145.0,Amp5,5.06
X-2524,CHKB,1120.0,Del0.8,0.73
X-2524,CHKB-CPT1B,386593.0,Del0.8,0.73
X-2524,CHMP4C,92421.0,Amp5,5.35
X-2524,CLCNKB,1188.0,MutNovel,"M176I,1.000"
X-2524,CLDN12,9069.0,MutNovel,"V85L,0.618"
X-2524,CNBD1,168975.0,Amp5,5.35
X-2524,CNGB3,54714.0,Amp5,5.35
X-2524,CNO,55330.0,MutNovel,"E20Q,0.989"
X-2524,CNTNAP3,79937.0,MutNovel,"A660S,0.370"
X-2524,CNTNAP3B,728577.0,MutNovel,"G1195R,0.444"
X-2524,CPNE3,8895.0,Amp5,5.35
X-2524,CPQ,,MutNovel,"I23V,0.603"
X-2524,CPT1B,1375.0,Del0.8,0.73
X-2524,CRB1,23418.0,Amp5,5.54
X-2524,CRIPAK,285464.0,MutNovel,"H326R,1.000"
X-2524,CRISPLD1,83690.0,Amp5,5.35
X-2524,CRLS1,54675.0,MutNovel,"Y226C,0.360"
X-2524,CRYBB2,1415.0,MutNovel,"W195G,1.000"
X-2524,CSMD3,114788.0,Amp5,5.43
X-2524,CSNK1G2,1455.0,MutNovel,"T355A,0.995"
X-2524,CSPG4P1Y,114758.0,Del0.8,0.24
X-2524,CSPG4P1Y,114758.0,Del0.8,0.24
X-2524,CTHRC1,115908.0,Amp5,5.43
X-2524,CTSA,5476.0,MutNovel,"L29-,0.603"
X-2524,CYP7A1,1581.0,Amp5,5.06
X-2524,DAZ1,1617.0,Del0.8,0.24
X-2524,DAZ2,57055.0,Del0.8,0.24
X-2524,DAZ3,57054.0,Del0.8,0.24
X-2524,DAZ3,57054.0,Del0.8,0.24
X-2524,DAZ4,57135.0,Del0.8,0.24
X-2524,DAZ4,57135.0,Del0.8,0.24
X-2524,DCAF13,25879.0,Amp5,5.43
X-2524,DCAF4L2,138009.0,Amp5,5.35
X-2524,DCSTAMP,81501.0,Amp5,5.43
X-2524,DDX10,1662.0,MutNovel,"S780SDD,0.224"
X-2524,DDX11,1663.0,Amp5,5.86
X-2524,DDX3Y,8653.0,Del0.8,0.24
X-2524,DECR1,1666.0,Amp5,5.35
X-2524,DEFB126,81623.0,MutKnownFunctional,"-53,0.571"
X-2524,DENND1B,163486.0,Amp5,5.54
X-2524,DENND5B,160518.0,Amp5,5.86
X-2524,DEPDC4,120863.0,Del0.8,0.58
X-2524,DHRS11,79154.0,MutNovel,"D11Y,1.000"
X-2524,DHRSX,207063.0,MutNovel,"L637F,0.407"
X-2524,DHRSX,207063.0,MutNovel,"M597V,0.268"
X-2524,DHX34,9704.0,MutNovel,"LEEE966L,0.856"
X-2524,DHX9,1660.0,Amp5,5.24
X-2524,DKFZP564C196,284649.0,Amp5,5.24
X-2524,DNLZ,728489.0,MutNovel,"T4A,0.412"
X-2524,DNM1L,10059.0,Amp5,5.86
X-2524,DPYS,1807.0,Amp5,5.43
X-2524,DSG2,1829.0,MutNovel,"F825L,1.000"
X-2524,DUSP11,8446.0,MutKnownFunctional,"E27*,0.274"
X-2524,E2F5,1875.0,MutNovel,"G18A,0.333"
X-2524,E2F5,1875.0,Amp5,5.35
X-2524,EBAG9,9166.0,Amp5,5.43
X-2524,EDEM3,80267.0,Amp5,5.24
X-2524,EFHD1,80303.0,MutNovel,"L6R,0.462"
X-2524,EFHD1,80303.0,MutNovel,"A31V,0.543"
X-2524,EHMT2,10919.0,MutNovel,"S579-,0.257"
X-2524,EID2,163126.0,MutNovel,"P54L,0.582"
X-2524,EIF1AY,9086.0,Del0.8,0.24
X-2524,EIF3E,3646.0,Amp5,5.43
X-2524,EIF3F,8665.0,MutNovel,"G60S,0.493"
X-2524,ELL,8178.0,MutNovel,"P386L,0.406"
X-2524,ELOVL5,60481.0,MutKnownFunctional,"Q102*,0.235"
X-2524,ENO4,387712.0,MutNovel,"A63G,1.000"
X-2524,ENY2,56943.0,Amp5,5.43
X-2524,EPPK1,83481.0,MutNovel,"R2239H,0.205"
X-2524,ERGIC2,51290.0,Amp5,6.23
X-2524,F13B,2165.0,Amp5,5.54
X-2524,FABP12,646486.0,Amp5,5.35
X-2524,FABP4,2167.0,Amp5,5.35
X-2524,FABP5,2171.0,Amp5,5.35
X-2524,FABP9,646480.0,Amp5,5.35
X-2524,FAM110B,90362.0,Amp5,5.06
X-2524,FAM116B,414918.0,Del0.8,0.73
X-2524,FAM129A,116496.0,Amp5,5.24
X-2524,FAM197Y2P,252946.0,Del0.8,0.24
X-2524,FAM22A,728118.0,MutNovel,"Q549E,0.545"
X-2524,FAM22A,728118.0,MutNovel,"L563Q,0.429"
X-2524,FAM41AY1,340618.0,Del0.8,0.24
X-2524,FAM41AY1,340618.0,Del0.8,0.24
X-2524,FAM53B,9679.0,MutNovel,"K74R,1.000"
X-2524,FAM5C,339479.0,Amp5,5.24
X-2524,FAM60A,58516.0,Amp5,5.86
X-2524,FAM71F2,346653.0,MutKnownFunctional,"S42*,1.000"
X-2524,FAM82B,51115.0,Amp5,5.35
X-2524,FAM92A1,137392.0,Amp5,5.35
X-2524,FANCE,2178.0,MutNovel,"G245-,0.558"
X-2524,FAR2,55711.0,Amp5,6.23
X-2524,FBRSL1,57666.0,MutNovel,"S977A,1.000"
X-2524,FGD4,121512.0,Amp5,5.86
X-2524,FLG,2312.0,MutNovel,"T895K,0.211"
X-2524,FLJ13224,79857.0,Amp5,5.86
X-2524,FLJ27354,400761.0,Amp5,5.62
X-2524,FLJ39080,441355.0,Amp5,5.35
X-2524,FLNA,2316.0,MutNovel,"I1195F,0.292"
X-2524,FLT4,2324.0,MutNovel,"D978G,0.375"
X-2524,FNDC1,84624.0,MutNovel,"ATTRRTT1471A,0.274"
X-2524,FOLH1,2346.0,MutNovel,"LH5H,0.280"
X-2524,FOXL2,668.0,MutNovel,"A179G,1.000"
X-2524,FZD6,8323.0,Amp5,5.43
X-2524,GABBR1,2550.0,MutNovel,"R453Q,0.348"
X-2524,GBAP1,2630.0,Amp5,6.32
X-2524,GBP1,2633.0,Amp5,7.57
X-2524,GBP1P1,400759.0,Amp5,5.62
X-2524,GBP2,2634.0,Amp5,7.57
X-2524,GBP3,2635.0,MutNovel,"K57N,0.333"
X-2524,GBP3,2635.0,Amp5,7.57
X-2524,GBP4,115361.0,Amp5,7.57
X-2524,GBP5,115362.0,Amp5,6.54
X-2524,GBP6,163351.0,Amp5,5.62
X-2524,GBP7,388646.0,Amp5,7.57
X-2524,GCNT7,140687.0,MutNovel,"D300Y,0.875"
X-2524,GDAP1,54332.0,Amp5,5.35
X-2524,GEM,2669.0,Amp5,5.35
X-2524,GGT1,2678.0,MutNovel,"R300W,1.000"
X-2524,GLRX2,51022.0,Amp5,5.24
X-2524,GLT25D2,23127.0,Amp5,5.24
X-2524,GLUL,2752.0,Amp5,5.24
X-2524,GOLGA2P2Y,84559.0,Del0.8,0.24
X-2524,GOLGA2P2Y,84559.0,Del0.8,0.24
X-2524,GOLGA8A,23015.0,MutNovel,"L78M,0.545"
X-2524,GOLGA8B,440270.0,MutNovel,"L78M,0.553"
X-2524,GOLGA8B,440270.0,MutNovel,"A32V,1.000"
X-2524,GOLGA8H,,MutNovel,"H433N,0.400"
X-2524,GRIP2,80852.0,MutKnownFunctional,"-437?,1.000"
X-2524,GSTM1,2944.0,MutNovel,"S210T,0.994"
X-2524,GSTM4,2948.0,MutNovel,"L208V,1.000"
X-2524,GSTT1,2952.0,Amp5,5.82
X-2524,GSTTP1,25774.0,Amp5,5.82
X-2524,GTF2B,2959.0,Amp5,7.57
X-2524,GTF2IRD2B,389524.0,MutNovel,"G211S,0.387"
X-2524,GYG2P1,352887.0,Del0.8,0.24
X-2524,H3F3C,440093.0,Amp5,5.86
X-2524,HDAC10,83933.0,Del0.8,0.73
X-2524,HEBP2,23593.0,MutNovel,"P28R,0.464"
X-2524,HEY1,23462.0,Amp5,5.35
X-2524,HLA-DQB2,3120.0,MutNovel,"D162G,1.000"
X-2524,HMCN1,83872.0,Amp5,5.24
X-2524,HN1L,90861.0,Del0.8,0.68
X-2524,HNF4G,3174.0,Amp5,5.35
X-2524,HRCT1,646962.0,MutNovel,"L100H,0.750"
X-2524,HSD17B7,51478.0,MutNovel,"T265A,0.728"
X-2524,HSFY2,159119.0,Del0.8,0.24
X-2524,HSFY2,159119.0,Del0.8,0.24
X-2524,HSPA1A,3303.0,MutNovel,"N141K,0.571"
X-2524,HSPA1L,3305.0,MutNovel,"I30V,0.222"
X-2524,HUWE1,10075.0,MutNovel,"N719K,1.000"
X-2524,IGSF3,3321.0,MutNovel,"D1041E,0.300"
X-2524,IL17RA,23765.0,MutNovel,"P7S,1.000"
X-2524,IL7,3574.0,Amp5,5.35
X-2524,IMPA1,3612.0,Amp5,5.35
X-2524,IMPAD1,54928.0,Amp5,5.06
X-2524,IPO8,10526.0,Amp5,5.86
X-2524,IVNS1ABP,10625.0,Amp5,5.24
X-2524,JPH1,56704.0,Amp5,5.35
X-2524,KCNB2,9312.0,Amp5,5.35
X-2524,KCNH2,3757.0,MutNovel,"R181Q,0.333"
X-2524,KCNMB3,27094.0,MutNovel,"F13L,0.750"
X-2524,KCNT2,343450.0,Amp5,5.62
X-2524,KCNV1,27012.0,Amp5,5.43
X-2524,KDM4E,,MutNovel,"Q113R,1.000"
X-2524,KDM5D,8284.0,Del0.8,0.24
X-2524,KIAA0146,23514.0,MutNovel,"G4D,0.303"
X-2524,KIAA0226,9711.0,MutNovel,"E304K,0.770"
X-2524,KIF4B,285643.0,MutNovel,"S1113C,1.000"
X-2524,KLF10,7071.0,Amp5,5.43
X-2524,KLHDC5,57542.0,Amp5,6.23
X-2524,KLHDC7B,113730.0,Del0.8,0.73
X-2524,KRBA1,84626.0,MutNovel,"G145V,0.388"
X-2524,KRT10,3858.0,MutNovel,"G514A,0.355"
X-2524,KRT10,3858.0,MutNovel,"G510S,0.208"
X-2524,LACTB2,51110.0,Amp5,5.21
X-2524,LAMC1,3915.0,Amp5,5.24
X-2524,LAMC2,3918.0,Amp5,5.24
X-2524,LCE3C,353144.0,Amp8,8.57
X-2524,LHX9,56956.0,Amp5,5.54
X-2524,LINC00272,388719.0,Amp5,5.24
X-2524,LINC00535,642924.0,Amp5,5.35
X-2524,LIPT2,387787.0,MutNovel,"P139S,0.812"
X-2524,LMF2,91289.0,Del0.8,0.73
X-2524,LMO4,8543.0,Amp5,5.21
X-2524,LOC100127983,100127983.0,Amp5,5.35
X-2524,LOC100130301,100130301.0,Amp5,5.35
X-2524,LOC100131234,100131234.0,Amp5,5.54
X-2524,LOC100132891,100132891.0,Amp5,5.35
X-2524,LOC100133445,100133445.0,Del0.8,0.73
X-2524,LOC100144603,100144603.0,Del0.8,0.73
X-2524,LOC100287314,100287314.0,Amp5,5.86
X-2524,LOC100288079,100288079.0,Amp5,5.24
X-2524,LOC100288332,,MutNovel,"R192Q,0.667"
X-2524,LOC100499183,100499183.0,Amp5,5.43
X-2524,LOC100505768,100505768.0,Amp5,5.21
X-2524,LOC100506248,,MutNovel,"A5D,0.667"
X-2524,LOC100507632,100507632.0,Amp5,5.06
X-2524,LOC100507651,100507651.0,Amp5,5.06
X-2524,LOC100652741,,MutNovel,"P563S,0.490"
X-2524,LOC100996256,,MutNovel,"G133S,1.000"
X-2524,LOC100996259,,MutNovel,"S32F,1.000"
X-2524,LOC100996317,,MutKnownFunctional,"R15*,1.000"
X-2524,LOC100996470,,MutNovel,"H89N,0.429"
X-2524,LOC100996546,,MutNovel,"P57T,0.615"
X-2524,LOC100996612,,MutNovel,"L63P,0.750"
X-2524,LOC100996641,,MutNovel,"R166H,0.444"
X-2524,LOC115110,115110.0,Del0.8,0.73
X-2524,LOC284648,284648.0,Amp5,5.24
X-2524,LOC286177,286177.0,Amp5,5.06
X-2524,LOC286190,286190.0,Amp5,5.21
X-2524,LOC339524,339524.0,Amp5,5.21
X-2524,LOC391322,391322.0,Amp5,5.82
X-2524,LOC391766,,MutNovel,"E38A,1.000"
X-2524,LOC391766,,MutNovel,"R82S,1.000"
X-2524,LOC391766,,MutNovel,"R114W,1.000"
X-2524,LOC392232,392232.0,Amp5,5.35
X-2524,LOC440704,440704.0,Amp5,5.24
X-2524,LOC642778,,MutNovel,"R192Q,1.000"
X-2524,LOC642799,,MutNovel,"Q163H,0.450"
X-2524,LOC728741,,MutNovel,"R380W,0.500"
X-2524,LOC728888,,MutNovel,"R1061Q,0.444"
X-2524,LOC728888,,MutNovel,"HP615QA,1.000"
X-2524,LOC728888,,MutNovel,"E543K,0.400"
X-2524,LOC729159,,MutKnownFunctional,"R402*,1.000"
X-2524,LRP12,29967.0,Amp5,5.43
X-2524,LRRC37A3,374819.0,MutNovel,"S945G,1.000"
X-2524,LRRC69,100130742.0,Amp5,5.35
X-2524,LRRC8B,23507.0,Amp5,5.62
X-2524,LRRC8C,84230.0,Amp5,5.62
X-2524,LRRCC1,85444.0,Amp5,5.35
X-2524,LSR,51599.0,MutNovel,"G518GR,0.614"
X-2524,LY96,23643.0,Amp5,5.35
X-2524,LYN,4067.0,Amp5,5.06
X-2524,MAGEA11,4110.0,MutNovel,"V370E,0.650"
X-2524,MANSC4,100287284.0,Amp5,5.03
X-2524,MAP3K4,4216.0,MutNovel,"PA1189P,0.818"
X-2524,MAPK11,5600.0,Del0.8,0.73
X-2524,MAPK12,6300.0,Del0.8,0.73
X-2524,MAPK15,225689.0,MutNovel,"L424P,0.693"
X-2524,MAPK8IP2,23542.0,Del0.8,0.73
X-2524,MAPKAPK2,9261.0,MutNovel,"T25A,0.750"
X-2524,MCM9,254394.0,MutNovel,"P1075S,0.528"
X-2524,MECR,51102.0,MutNovel,"S32C,1.000"
X-2524,MEF2A,4205.0,MutNovel,"QQQP420Q,0.331"
X-2524,METRN,79006.0,MutNovel,"R22H,1.000"
X-2524,METTL20,254013.0,Amp5,5.86
X-2524,MICALL2,79778.0,MutNovel,"P495T,0.750"
X-2524,MIOX,55586.0,Del0.8,0.73
X-2524,MIR1278,100302163.0,Amp5,5.24
X-2524,MIR181A1,406995.0,Amp5,5.54
X-2524,MIR181B1,406955.0,Amp5,5.54
X-2524,MIR2052,100302260.0,Amp5,5.35
X-2524,MIR2053,100302225.0,Amp5,5.43
X-2524,MIR3151,100422992.0,Amp5,5.43
X-2524,MIR378D2,100616169.0,Amp5,5.35
X-2524,MIR4661,100616245.0,Amp5,5.35
X-2524,MIR4735,100616363.0,Amp5,5.62
X-2524,MIR548F1,100302192.0,Amp5,5.24
X-2524,MMP16,4325.0,Amp5,5.35
X-2524,MOS,4342.0,Amp5,5.06
X-2524,MOV10L1,54456.0,Del0.8,0.73
X-2524,MRPS28,28957.0,Amp5,5.35
X-2524,MSC,9242.0,Amp5,5.35
X-2524,MUC20,200958.0,MutNovel,"P266S,0.652"
X-2524,MUC5B,727897.0,MutNovel,"T4544M,0.500"
X-2524,MUT,4594.0,MutNovel,"S523C,0.309"
X-2524,MXRA7,439921.0,MutNovel,"E36G,1.000"
X-2524,MYO10,4651.0,MutNovel,"R1921G,0.505"
X-2524,NAF1,92345.0,MutNovel,"L385V,1.000"
X-2524,NAT10,55226.0,MutNovel,"E676K,0.522"
X-2524,NAV2,89797.0,MutNovel,"V1291L,0.429"
X-2524,NBN,4683.0,Amp5,5.35
X-2524,NBPF1,55672.0,MutNovel,"R385W,0.304"
X-2524,NBPF1,55672.0,MutNovel,"C320S,0.595"
X-2524,NBPF10,100132406.0,MutNovel,"K678I,0.571"
X-2524,NBPF10,100132406.0,MutNovel,"K3046R,0.203"
X-2524,NBPF10,100132406.0,MutNovel,"G3170C,0.375"
X-2524,NBPF10,100132406.0,MutNovel,"R3193K,1.000"
X-2524,NBPF10,100132406.0,MutNovel,"G3414C,0.347"
X-2524,NBPF14,25832.0,MutNovel,"S524N,0.227"
X-2524,NBPF14,25832.0,MutNovel,"Q464L,1.000"
X-2524,NBPF15,284565.0,MutKnownFunctional,"Y645*,0.782"
X-2524,NBPF9,400818.0,MutNovel,"R114L,0.451"
X-2524,NBPF9,400818.0,MutNovel,"Q184R,0.357"
X-2524,NBPF9,400818.0,MutNovel,"S270P,0.799"
X-2524,NBPF9,400818.0,MutNovel,"S448R,0.678"
X-2524,NBPF9,400818.0,MutNovel,"K599N,0.789"
X-2524,NCALD,83988.0,Amp5,5.43
X-2524,NCAPH2,29781.0,Del0.8,0.73
X-2524,NCF2,4688.0,Amp5,5.24
X-2524,NCOA2,10499.0,Amp5,5.21
X-2524,NCOR2,9612.0,MutNovel,"G1839GAAA,0.589"
X-2524,NCRNA00185,55410.0,Del0.8,0.24
X-2524,NDST3,9348.0,Del0.8,0.32
X-2524,NECAB1,64168.0,Amp5,5.35
X-2524,NEK7,140609.0,Amp5,5.54
X-2524,NLGN4Y,22829.0,Del0.8,0.24
X-2524,NMNAT2,23057.0,Amp5,5.24
X-2524,NOL3,8996.0,MutNovel,"E135K,0.267"
X-2524,NOTCH1,4851.0,MutNovel,"V1671I,1.000"
X-2524,NPAS3,64067.0,MutNovel,"V304I,1.000"
X-2524,NPIP,9284.0,MutNovel,"Q163H,0.800"
X-2524,NPIP,9284.0,MutNovel,"R192Q,0.571"
X-2524,NPIPL3,23117.0,MutNovel,"V1108I,1.000"
X-2524,NPL,80896.0,Amp5,5.24
X-2524,NPRL3,8131.0,MutNovel,"V152M,0.576"
X-2524,NR1H2,7376.0,MutNovel,"-173Q,0.786"
X-2524,NSMAF,8439.0,Amp5,5.06
X-2524,NUDCD1,84955.0,Amp5,5.43
X-2524,NUDT11,55190.0,MutKnownFunctional,"-1,0.460"
X-2524,NXPH4,11247.0,MutNovel,"M195MA,0.423"
X-2524,OCLM,10896.0,Amp5,5.24
X-2524,ODF1,4956.0,Amp5,5.43
X-2524,ODF3B,440836.0,Del0.8,0.73
X-2524,OR2T10,127069.0,Amp8,8.46
X-2524,OR2T11,127077.0,Amp5,6.23
X-2524,OR2T34,127068.0,Amp8,8.46
X-2524,ORAI1,84876.0,MutNovel,"PP43-,0.902"
X-2524,OSBP,5007.0,MutNovel,"A62S,0.700"
X-2524,OSGIN2,734.0,Amp5,5.35
X-2524,OTUD1,220213.0,MutNovel,"L292V,0.300"
X-2524,OTUD5,55593.0,MutNovel,"A29V,1.000"
X-2524,OTUD6B,51633.0,Amp5,5.35
X-2524,OVCH1,341350.0,Amp5,6.23
X-2524,OXR1,55074.0,Amp5,5.43
X-2524,P2RY8,286530.0,MutNovel,"V1520A,0.824"
X-2524,P2RY8,286530.0,MutNovel,"V1394L,0.400"
X-2524,P2RY8,286530.0,MutKnownFunctional,"-1376,0.629"
X-2524,P2RY8,286530.0,MutNovel,"R1360C,0.714"
X-2524,PAG1,55824.0,Amp5,5.35
X-2524,PALLD,23022.0,MutNovel,"S87SPP,0.278"
X-2524,PANX2,56666.0,Del0.8,0.73
X-2524,PCDH11Y,83259.0,Del0.8,0.33
X-2524,PCDHA10,56139.0,Del0.8,0.75
X-2524,PCDHA9,9752.0,Del0.8,0.68
X-2524,PDC,5132.0,Amp5,5.24
X-2524,PDK2,5164.0,MutNovel,"R194Q,1.000"
X-2524,PDP1,54704.0,Amp5,5.35
X-2524,PDZD7,79955.0,MutNovel,"E845Q,1.000"
X-2524,PENK,5179.0,Amp5,5.06
X-2524,PEX2,5828.0,Amp5,5.35
X-2524,PHLDA1,22822.0,MutNovel,"QQ194Q,0.616"
X-2524,PI15,51050.0,Amp5,5.35
X-2524,PIK3CA,5290.0,MutNovel,"E726K,0.471"
X-2524,PIK3CA,5290.0,MutKnownFunctional,"H1047R,0.682"
X-2524,PITPNM1,9600.0,MutNovel,"V65M,0.647"
X-2524,PKHD1L1,93035.0,Amp5,5.43
X-2524,PKIA,5569.0,Amp5,5.35
X-2524,PKN2,5586.0,Amp5,7.57
X-2524,PKP2,5318.0,Amp5,5.86
X-2524,PLA2G4A,5321.0,Amp5,5.24
X-2524,PLAG1,5324.0,Amp5,5.06
X-2524,PLXNB2,23654.0,Del0.8,0.73
X-2524,PMP2,5375.0,Amp5,5.35
X-2524,POLRMT,5442.0,MutNovel,"-747TC,0.403"
X-2524,PPIP5K1,9677.0,MutNovel,"R929H,1.000"
X-2524,PPIP5K1,9677.0,MutNovel,"G925A,1.000"
X-2524,PPP2R3B,28227.0,MutNovel,"R602P,0.661"
X-2524,PPP2R3B,28227.0,MutNovel,"L589S,1.000"
X-2524,PPP2R3B,28227.0,MutNovel,"R572H,0.892"
X-2524,PPP6R2,9701.0,Del0.8,0.73
X-2524,PRAMEF1,65121.0,MutNovel,"A372G,1.000"
X-2524,PRB4,5545.0,MutNovel,"P123G,0.379"
X-2524,PRB4,5545.0,MutNovel,"P116H,0.342"
X-2524,PRB4,5545.0,MutNovel,"T113P,0.343"
X-2524,PRB4,5545.0,MutNovel,"P71T,0.242"
X-2524,PRB4,5545.0,MutNovel,"G59R,0.217"
X-2524,PRDM14,63978.0,Amp5,5.21
X-2524,PRG4,10216.0,Amp5,5.24
X-2524,PRKY,5616.0,Del0.8,0.24
X-2524,PRSS12,8492.0,Del0.8,0.3
X-2524,PRSS21,10942.0,MutNovel,"G5R,1.000"
X-2524,PRSS56,646960.0,MutNovel,"D254N,0.812"
X-2524,PRX,57716.0,MutNovel,"A792E,0.278"
X-2524,PRY,9081.0,Del0.8,0.24
X-2524,PRY,9081.0,Del0.8,0.24
X-2524,PRY2,442862.0,Del0.8,0.24
X-2524,PRY2,442862.0,Del0.8,0.24
X-2524,PSKH2,85481.0,Amp5,5.35
X-2524,PTGS2,5743.0,Amp5,5.24
X-2524,PTHLH,5744.0,Amp5,6.23
X-2524,PTPN14,5784.0,MutNovel,"R743C,0.317"
X-2524,PTPRC,5788.0,Amp5,5.54
X-2524,PTPRG,5793.0,MutNovel,"Q655E,0.552"
X-2524,PTPRZ1,5803.0,MutNovel,"M342V,0.385"
X-2524,PZP,5858.0,MutNovel,"G1090R,0.913"
X-2524,RABL2B,11158.0,Del0.8,0.73
X-2524,RAD54B,25788.0,Amp5,5.35
X-2524,RALA,5898.0,MutNovel,"V25M,0.350"
X-2524,RALYL,138046.0,Amp5,5.35
X-2524,RB1,5925.0,MutKnownFunctional,"R861*,1.000"
X-2524,RBM12B,389677.0,Amp5,5.35
X-2524,RBM28,55131.0,MutNovel,"DD237D,0.318"
X-2524,RBMXL1,494115.0,Amp5,7.57
X-2524,RBMY1A3P,286557.0,Del0.8,0.24
X-2524,RBMY1B,378948.0,Del0.8,0.24
X-2524,RBMY1B,378948.0,Del0.8,0.24
X-2524,RBMY1E,378950.0,Del0.8,0.24
X-2524,RBMY1E,378950.0,Del0.8,0.24
X-2524,RBMY1F,159163.0,Del0.8,0.24
X-2524,RBMY1F,159163.0,Del0.8,0.24
X-2524,RBMY1J,378951.0,Del0.8,0.24
X-2524,RBMY1J,378951.0,Del0.8,0.24
X-2524,RBMY2EP,159125.0,Del0.8,0.24
X-2524,RBMY2FP,159162.0,Del0.8,0.24
X-2524,RBMY3AP,64593.0,Del0.8,0.24
X-2524,RDH10,157506.0,Amp5,5.35
X-2524,REXO1L1,254958.0,Amp5,5.35
X-2524,REXO1L2P,100288527.0,Amp5,5.35
X-2524,REXO1L2P,100288527.0,Amp5,5.35
X-2524,RGL1,23179.0,Amp5,5.24
X-2524,RGPD8,727851.0,MutNovel,"L1095P,0.556"
X-2524,RGS1,5996.0,Amp5,5.24
X-2524,RGS13,6003.0,Amp5,5.24
X-2524,RGS16,6004.0,Amp5,5.24
X-2524,RGS18,64407.0,Amp5,5.24
X-2524,RGS2,5997.0,Amp5,5.24
X-2524,RGS21,431704.0,Amp5,5.24
X-2524,RGS8,85397.0,Amp5,5.24
X-2524,RGSL1,353299.0,Amp5,5.24
X-2524,RIMS2,9699.0,Amp5,5.43
X-2524,RIN3,79890.0,MutNovel,"G967-,0.657"
X-2524,RIPK2,8767.0,Amp5,5.35
X-2524,RNASEL,6041.0,Amp5,5.24
X-2524,RNF2,6045.0,Amp5,5.24
X-2524,ROM1,6094.0,MutKnownFunctional,"-290,0.557"
X-2524,RP1,6101.0,Amp5,5.06
X-2524,RPL23AP82,284942.0,Del0.8,0.73
X-2524,RPL7,6129.0,Amp5,5.35
X-2524,RPS20,6224.0,Amp5,5.06
X-2524,RPS4Y1,6192.0,Del0.8,0.33
X-2524,RPS4Y2,140032.0,Del0.8,0.24
X-2524,RRM2B,50484.0,Amp5,5.43
X-2524,RSPO2,340419.0,Amp5,5.43
X-2524,RUNX1T1,862.0,Amp5,5.35
X-2524,SAMD13,148418.0,MutKnownFunctional,"-108,1.000"
X-2524,SARS2,54938.0,MutNovel,"R434C,0.491"
X-2524,SBF1,6305.0,Del0.8,0.73
X-2524,SBF1P1,100133234.0,Amp5,5.06
X-2524,SCFD1,23256.0,MutNovel,"T8TA,0.722"
X-2524,SCO2,9997.0,Del0.8,0.73
X-2524,SCYL2,55681.0,Del0.8,0.67
X-2524,SDCBP,6386.0,Amp5,5.06
X-2524,SDR16C5,195814.0,Amp5,5.06
X-2524,SEC22A,26984.0,MutNovel,"S180F,0.403"
X-2524,SELO,83642.0,Del0.8,0.73
X-2524,SERINC2,347735.0,MutNovel,"-373Q,0.756"
X-2524,SERPIND1,3053.0,MutNovel,"R219W,1.000"
X-2524,SHANK3,85358.0,Del0.8,0.73
X-2524,SHCBP1L,81626.0,Amp5,5.24
X-2524,SIRPG,55423.0,MutNovel,"G73A,1.000"
X-2524,SIRPG,55423.0,MutNovel,"M34V,1.000"
X-2524,SLC10A5,347051.0,Amp5,5.35
X-2524,SLC25A32,81034.0,Amp5,5.43
X-2524,SLC26A7,115111.0,Amp5,5.35
X-2524,SLC7A13,157724.0,Amp5,5.35
X-2524,SMG1,23049.0,MutNovel,"R1020H,0.242"
X-2524,SMG7,9887.0,Amp5,5.24
X-2524,SNHG8,100093630.0,Del0.8,0.41
X-2524,SNORA24,677809.0,Del0.8,0.41
X-2524,SNORD54,26795.0,Amp5,5.06
X-2524,SNX16,64089.0,Amp5,5.35
X-2524,SOX17,64321.0,Amp5,5.06
X-2524,SPAG8,26206.0,MutNovel,"GSGPG182G,0.438"
X-2524,SRFBP1,153443.0,MutKnownFunctional,"-234?,0.257"
X-2524,SRY,6736.0,Del0.8,0.33
X-2524,STAU2,27067.0,Amp5,5.35
X-2524,STMN2,11075.0,Amp5,5.35
X-2524,STRC,161497.0,MutNovel,"G1410V,0.571"
X-2524,SWT1,54823.0,Amp5,5.24
X-2524,SYBU,55638.0,Amp5,5.43
X-2524,SYCE3,644186.0,Del0.8,0.73
X-2524,SYNGR2,9144.0,MutNovel,"A28S,1.000"
X-2524,SYT10,341359.0,Amp5,5.86
X-2524,SYT14,255928.0,MutNovel,"G142S,0.929"
X-2524,TBC1D23,55773.0,MutNovel,"S375P,0.361"
X-2524,TBC1D4,9882.0,MutNovel,"V158I,0.674"
X-2524,TBC1D8,11138.0,MutNovel,"D481E,0.333"
X-2524,TBL1Y,90665.0,Del0.8,0.24
X-2524,TBP,6908.0,MutNovel,"-64Q,0.263"
X-2524,TCEB1,6921.0,Amp5,5.35
X-2524,TCTN3,26123.0,MutNovel,"R521Q,1.000"
X-2524,TEDDM1,127670.0,Amp5,5.24
X-2524,TERF1,7013.0,Amp5,5.35
X-2524,TGIF2LY,90655.0,Del0.8,0.33
X-2524,TGS1,96764.0,Amp5,5.06
X-2524,THAP1,55145.0,MutNovel,"P108R,0.333"
X-2524,TLR6,10333.0,MutNovel,"V465I,1.000"
X-2524,TMEM129,92305.0,MutNovel,"Y112I,1.000"
X-2524,TMEM55A,55529.0,Amp5,5.35
X-2524,TMEM64,169200.0,Amp5,5.35
X-2524,TMEM67,91147.0,Amp5,5.35
X-2524,TMEM68,137695.0,Amp5,5.06
X-2524,TMEM70,54968.0,Amp5,5.35
X-2524,TMEM74,157753.0,Amp5,5.43
X-2524,TMSB4Y,9087.0,Del0.8,0.24
X-2524,TMTC1,83857.0,Amp5,5.28
X-2524,TNFRSF14,8764.0,Del0.8,0.73
X-2524,TNRC18,84629.0,MutNovel,"T450A,0.510"
X-2524,TOX,9760.0,Amp5,5.06
X-2524,TP53,7157.0,MutKnownFunctional,"Q192*,1.000"
X-2524,TPD52,7163.0,Amp5,5.35
X-2524,TPR,7175.0,Amp5,5.24
X-2524,TRABD,80305.0,Del0.8,0.73
X-2524,TRAF1,7185.0,MutNovel,"V289I,1.000"
X-2524,TRAM1,23471.0,Amp5,5.21
X-2524,TRAM1L1,133022.0,Del0.8,0.13
X-2524,TRHR,7201.0,Amp5,5.43
X-2524,TRIM49C,,MutNovel,"G11R,0.364"
X-2524,TRIM49C,,MutNovel,"I28T,0.471"
X-2524,TRIM49C,,MutNovel,"Q184E,1.000"
X-2524,TRIM49L1,729384.0,MutNovel,"V151A,1.000"
X-2524,TRIM49L1,729384.0,MutNovel,"V160M,1.000"
X-2524,TRIM49L1,729384.0,MutNovel,"T163A,1.000"
X-2524,TRIM64,120146.0,MutNovel,"E242V,1.000"
X-2524,TRMT1L,81627.0,Amp5,5.24
X-2524,TROVE2,6738.0,Amp5,5.24
X-2524,TRPA1,8989.0,Amp5,5.35
X-2524,TRPC4AP,26133.0,MutNovel,"S102Y,0.636"
X-2524,TRPS1,7227.0,Amp5,5.82
X-2524,TRRAP,8295.0,MutNovel,"P3762Q,0.505"
X-2524,TSC22D1,8848.0,MutNovel,"QQ506Q,0.337"
X-2524,TSEN15,116461.0,Amp5,5.24
X-2524,TSPAN11,441631.0,Amp5,5.86
X-2524,TSPY1,7258.0,Del0.8,0.24
X-2524,TSPY2,64591.0,Del0.8,0.24
X-2524,TSPY3,728137.0,Del0.8,0.24
X-2524,TSPY4,728395.0,Del0.8,0.24
X-2524,TSPY8,728403.0,Del0.8,0.24
X-2524,TSPYL1,7259.0,MutNovel,"V176VW,0.857"
X-2524,TTC7A,57217.0,MutNovel,"M689I,0.648"
X-2524,TTTY10,246119.0,Del0.8,0.24
X-2524,TTTY11,83866.0,Del0.8,0.24
X-2524,TTTY12,83867.0,Del0.8,0.24
X-2524,TTTY13,83868.0,Del0.8,0.24
X-2524,TTTY14,83869.0,Del0.8,0.24
X-2524,TTTY15,64595.0,Del0.8,0.24
X-2524,TTTY16,252948.0,Del0.8,0.24
X-2524,TTTY17A,252949.0,Del0.8,0.24
X-2524,TTTY17A,252949.0,Del0.8,0.24
X-2524,TTTY18,252950.0,Del0.8,0.24
X-2524,TTTY19,252952.0,Del0.8,0.24
X-2524,TTTY1B,100101116.0,Del0.8,0.24
X-2524,TTTY1B,100101116.0,Del0.8,0.24
X-2524,TTTY2,60439.0,Del0.8,0.24
X-2524,TTTY2,60439.0,Del0.8,0.24
X-2524,TTTY20,252951.0,Del0.8,0.24
X-2524,TTTY21,252953.0,Del0.8,0.24
X-2524,TTTY21,252953.0,Del0.8,0.24
X-2524,TTTY22,252954.0,Del0.8,0.24
X-2524,TTTY23,252955.0,Del0.8,0.24
X-2524,TTTY23,252955.0,Del0.8,0.24
X-2524,TTTY3,114760.0,Del0.8,0.24
X-2524,TTTY3,114760.0,Del0.8,0.24
X-2524,TTTY4,114761.0,Del0.8,0.24
X-2524,TTTY4,114761.0,Del0.8,0.24
X-2524,TTTY5,83863.0,Del0.8,0.24
X-2524,TTTY6,84672.0,Del0.8,0.24
X-2524,TTTY6,84672.0,Del0.8,0.24
X-2524,TTTY7,246122.0,Del0.8,0.24
X-2524,TTTY7,246122.0,Del0.8,0.24
X-2524,TTTY7B,100101120.0,Del0.8,0.24
X-2524,TTTY7B,100101120.0,Del0.8,0.24
X-2524,TTTY8,84673.0,Del0.8,0.24
X-2524,TTTY8,84673.0,Del0.8,0.24
X-2524,TTTY9A,83864.0,Del0.8,0.24
X-2524,TTTY9A,83864.0,Del0.8,0.24
X-2524,TUBGCP6,85378.0,Del0.8,0.73
X-2524,TULP3,7289.0,MutKnownFunctional,"G471*,0.552"
X-2524,TUSC1,286319.0,MutNovel,"D25G,0.400"
X-2524,TXLNG2P,246126.0,Del0.8,0.24
X-2524,TYMP,1890.0,Del0.8,0.73
X-2524,UAP1L1,91373.0,MutNovel,"V79L,1.000"
X-2524,UBE2W,55284.0,Amp5,5.35
X-2524,UBR5,51366.0,Amp5,5.43
X-2524,UBXN2B,137886.0,Amp5,5.06
X-2524,UCHL5,51377.0,Amp5,5.24
X-2524,ULBP2,80328.0,MutNovel,"T38I,0.667"
X-2524,USP9Y,8287.0,Del0.8,0.24
X-2524,UTY,7404.0,Del0.8,0.24
X-2524,VAX1,11023.0,MutNovel,"R128H,0.508"
X-2524,VCY,9084.0,Del0.8,0.24
X-2524,VCY,9084.0,Del0.8,0.24
X-2524,WDR72,256764.0,Del0.8,0.69
X-2524,WIPF3,644150.0,MutNovel,"V463A,0.454"
X-2524,WRN,7486.0,MutNovel,"G576R,0.643"
X-2524,WWP1,11059.0,Amp5,5.35
X-2524,XKR4,114786.0,Amp5,5.06
X-2524,XKR9,389668.0,Amp5,5.21
X-2524,XKRY2,353515.0,Del0.8,0.24
X-2524,XKRY2,353515.0,Del0.8,0.24
X-2524,YARS2,51067.0,Amp5,5.86
X-2524,ZBTB10,65986.0,Amp5,5.35
X-2524,ZBTB41,360023.0,Amp5,5.54
X-2524,ZC3H12D,340152.0,MutNovel,"D435N,0.667"
X-2524,ZDHHC11,79844.0,MutNovel,"D295H,0.875"
X-2524,ZDHHC11B,,MutNovel,"D540H,0.545"
X-2524,ZFAND1,79752.0,Amp5,5.35
X-2524,ZFHX4,79776.0,Amp5,5.35
X-2524,ZFPM2,23414.0,Amp5,5.43
X-2524,ZFY,7544.0,Del0.8,0.33
X-2524,ZGLP1,100125288.0,MutNovel,"S158R,0.700"
X-2524,ZNF268,10795.0,MutKnownFunctional,"-444?,1.000"
X-2524,ZNF414,84330.0,MutNovel,"V55L,0.457"
X-2524,ZNF469,84627.0,MutNovel,"R2239Q,0.286"
X-2524,ZNF587,84914.0,MutNovel,"R173H,0.340"
X-2524,ZNF628,89887.0,MutNovel,"H263N,1.000"
X-2524,ZNF648,127665.0,Amp5,5.24
X-2524,ZNF704,619279.0,Amp5,5.35
X-2524,ZNRF2,223082.0,MutNovel,"V87M,0.857"
X-2524,ZSCAN5D,,MutNovel,"S247R,1.000"
X-2524,ZSCAN5D,,MutNovel,"D269G,1.000"
X-2524,ZXDA,7789.0,MutNovel,"P47L,1.000"
X-2640,AARD,,MutNovel,"E81EA,0.424"
X-2640,AASDH,132949.0,Amp5,6.59
X-2640,ABCA13,154664.0,MutKnownFunctional,"-132?,0.286"
X-2640,ABCC1,4363.0,Amp5,6.68
X-2640,ABCC6,368.0,Amp5,6.68
X-2640,ABCC6P2,730013.0,Amp5,6.68
X-2640,ABCE1,6059.0,MutNovel,"R101C,0.547"
X-2640,ACBD7,414149.0,Amp5,7.84
X-2640,ACRBP,84519.0,Amp5,5.86
X-2640,ACSL6,23305.0,MutNovel,"P548K,1.000"
X-2640,ACSM4,341392.0,Amp5,5.86
X-2640,ACTN4,81.0,Amp5,5.35
X-2640,ADAM15,8751.0,Amp5,7.11
X-2640,ADAM3A,1587.0,Del0.8,0.68
X-2640,ADAMTS3,9508.0,Amp5,6.45
X-2640,ADAMTS4,9507.0,Amp5,6.02
X-2640,ADCK4,79934.0,Amp5,5.35
X-2640,ADIPOR2,79602.0,Amp5,5.86
X-2640,ADRA2B,151.0,MutNovel,"E301ERRK,0.833"
X-2640,ADSS,159.0,Amp5,5.46
X-2640,AEBP2,121536.0,Amp5,5.13
X-2640,AFM,173.0,Amp5,6.54
X-2640,AFP,174.0,Amp5,6.54
X-2640,AGAP4,119016.0,MutNovel,"S87N,0.364"
X-2640,AGAP7,653268.0,MutNovel,"R494G,1.000"
X-2640,AGAP7,653268.0,Amp5,5.28
X-2640,AGAP8,728404.0,Amp5,5.28
X-2640,AHCTF1,25909.0,MutNovel,"T1266I,1.000"
X-2640,AHCTF1,25909.0,MutNovel,"P451T,1.000"
X-2640,AHCTF1,25909.0,MutNovel,"W256S,0.248"
X-2640,AHCTF1,25909.0,Amp5,5.24
X-2640,AHRR,57491.0,Amp5,6.45
X-2640,AIM2,9447.0,Amp5,5.78
X-2640,AKAP13,11214.0,MutNovel,"G624R,1.000"
X-2640,AKAP3,10566.0,Amp5,5.86
X-2640,AKR1C1,1645.0,Amp5,7.31
X-2640,AKR1C2,1646.0,Amp5,7.31
X-2640,AKR1C3,8644.0,Amp5,6.63
X-2640,AKR1C4,1109.0,Amp5,7.36
X-2640,AKR1CL1,340811.0,Amp5,5.98
X-2640,AKR1E2,83592.0,Amp5,7.31
X-2640,AKT2,208.0,Amp5,5.35
X-2640,AKT3,10000.0,Amp5,5.46
X-2640,ALB,213.0,Amp5,6.54
X-2640,ALG1L,200810.0,MutNovel,"M84T,0.444"
X-2640,ALG1L,200810.0,MutNovel,"V76A,0.600"
X-2640,ALKBH6,84964.0,Amp5,5.58
X-2640,AMBN,258.0,Amp5,6.45
X-2640,AMELY,266.0,Del0.8,0.23
X-2640,AMTN,401138.0,Amp5,6.45
X-2640,ANKRD16,54522.0,Amp5,7.36
X-2640,ANKRD17,26057.0,Amp5,6.54
X-2640,ANKRD27,84079.0,Amp5,5.24
X-2640,ANO2,57101.0,Amp5,5.86
X-2640,APCS,325.0,Amp5,5.78
X-2640,APEX1,328.0,MutNovel,"R301H,1.000"
X-2640,API5,8539.0,MutNovel,"P358A,0.417"
X-2640,APLP1,333.0,Amp5,5.58
X-2640,APOA1BP,128240.0,Amp5,5.9
X-2640,APOA2,336.0,Amp5,6.02
X-2640,APOBEC1,339.0,Amp5,5.86
X-2640,APOC1,341.0,Amp5,5.24
X-2640,APOC1P1,342.0,Amp5,5.24
X-2640,APOC2,344.0,Amp5,5.24
X-2640,APOC4-APOC2,100533990.0,Amp5,5.24
X-2640,APOE,348.0,Amp5,5.24
X-2640,AQP10,89872.0,Amp5,6.23
X-2640,AREG,374.0,Amp8,8
X-2640,ARHGAP23,57636.0,MutNovel,"A1484V,1.000"
X-2640,ARHGAP30,257106.0,Amp5,6.02
X-2640,ARHGAP33,115703.0,Amp5,5.58
X-2640,ARHGEF1,9138.0,Amp5,5.35
X-2640,ARHGEF11,9826.0,Amp5,5.9
X-2640,ARHGEF18,23370.0,MutNovel,"E885K,0.448"
X-2640,ARHGEF2,9181.0,Amp5,6.5
X-2640,ARL1,400.0,MutKnownFunctional,"-159,0.514"
X-2640,ARL10,285598.0,Amp5,5.9
X-2640,ARL9,132946.0,Amp5,6.59
X-2640,ART3,419.0,Amp5,6.73
X-2640,ASB13,79754.0,Amp5,7.36
X-2640,ASH1L,55870.0,Amp5,7.11
X-2640,ASTN2,23245.0,MutNovel,"R602H,1.000"
X-2640,ATAD2B,54454.0,Del0.8,0.45
X-2640,ATF6,22926.0,Amp5,5.74
X-2640,ATL2,64225.0,MutKnownFunctional,"-557,0.793"
X-2640,ATN1,1822.0,Amp5,5.86
X-2640,ATP1A2,477.0,Amp5,6.02
X-2640,ATP1A3,478.0,Amp5,5.35
X-2640,ATP1A4,480.0,Amp5,6.02
X-2640,ATP4A,495.0,Amp5,5.58
X-2640,ATP5C1,509.0,Amp5,7.46
X-2640,ATP5SL,55101.0,Amp5,5.35
X-2640,ATP8B2,57198.0,Amp5,6.23
X-2640,ATXN2L,11273.0,MutNovel,"G431E,0.266"
X-2640,AXL,558.0,Amp5,5.35
X-2640,B3GNT2,10678.0,MutNovel,"P113L,0.680"
X-2640,B3GNT2,10678.0,Amp5,5.03
X-2640,B3GNT8,374907.0,Amp5,5.35
X-2640,B4GALNT3,283358.0,Amp5,5.86
X-2640,B4GALT3,8703.0,Amp5,6.02
X-2640,B9D2,80776.0,Amp5,5.35
X-2640,BBS12,166379.0,MutNovel,"S634C,0.507"
X-2640,BCAM,4059.0,Amp5,5.24
X-2640,BCAN,63827.0,Amp5,5.9
X-2640,BCAR1,9564.0,MutNovel,"R511W,1.000"
X-2640,BCKDHA,593.0,Amp5,5.35
X-2640,BCL3,602.0,Amp5,5.24
X-2640,BCORP1,286554.0,Del0.8,0.2
X-2640,BEND7,222389.0,Amp5,7.84
X-2640,BFAR,51283.0,Amp5,6.68
X-2640,BGLAP,632.0,Amp5,5.9
X-2640,BIN1,274.0,MutNovel,"P410A,0.273"
X-2640,BLVRB,645.0,Amp5,5.35
X-2640,BPY2B,442867.0,Del0.8,0.12
X-2640,BPY2B,442867.0,Del0.8,0.08
X-2640,BRCA2,675.0,MutKnownFunctional,"-956?,1.000"
X-2640,BRD9,65980.0,Amp5,6.06
X-2640,BTC,685.0,Amp8,8
X-2640,C10orf111,221060.0,Amp5,7.84
X-2640,C10orf47,254427.0,Amp5,7.84
X-2640,C11orf95,65998.0,MutNovel,"P493S,1.000"
X-2640,C12orf32,83695.0,Amp5,5.86
X-2640,C12orf4,57102.0,Amp5,5.86
X-2640,C12orf5,57103.0,Amp5,5.86
X-2640,C12orf53,196500.0,Amp5,5.86
X-2640,C12orf57,113246.0,Amp5,5.86
X-2640,C16orf45,89927.0,Amp5,6.68
X-2640,C16orf95,100506581.0,MutNovel,"P45H,1.000"
X-2640,C19orf12,83636.0,Amp5,5.1
X-2640,C19orf33,64073.0,Amp5,5.35
X-2640,C19orf40,91442.0,Amp5,5.24
X-2640,C19orf47,126526.0,Amp5,5.35
X-2640,C19orf54,284325.0,Amp5,5.35
X-2640,C19orf55,148137.0,Amp5,5.58
X-2640,C19orf69,100170765.0,Amp5,5.35
X-2640,C1R,715.0,Amp5,5.86
X-2640,C1RL,51279.0,Amp5,5.86
X-2640,C1S,716.0,Amp5,5.86
X-2640,C1orf100,200159.0,Amp5,5.46
X-2640,C1orf101,257044.0,Amp5,5.46
X-2640,C1orf110,339512.0,Amp5,5.74
X-2640,C1orf111,284680.0,Amp5,5.74
X-2640,C1orf150,148823.0,Amp5,5.24
X-2640,C1orf182,128229.0,Amp5,5.9
X-2640,C1orf189,388701.0,Amp5,6.23
X-2640,C1orf192,257177.0,Amp5,6.02
X-2640,C1orf204,284677.0,Amp5,5.78
X-2640,C1orf226,400793.0,Amp5,5.74
X-2640,C1orf229,388759.0,Amp5,5.24
X-2640,C1orf43,25912.0,Amp5,6.23
X-2640,C1orf61,10485.0,Amp5,5.9
X-2640,C1orf85,112770.0,Amp5,5.9
X-2640,C2orf27A,29798.0,MutNovel,"R19L,0.750"
X-2640,C3AR1,719.0,Amp5,5.86
X-2640,C4orf26,152816.0,Amp5,6.73
X-2640,C4orf40,401137.0,Amp5,6.45
X-2640,C5orf25,375484.0,Amp5,5.9
X-2640,C5orf38,153571.0,MutNovel,"R7P,0.879"
X-2640,C5orf38,153571.0,Amp5,6.06
X-2640,C5orf55,116349.0,Amp5,6.45
X-2640,C6orf141,135398.0,MutNovel,"A46S,1.000"
X-2640,CABS1,85438.0,Amp5,6.45
X-2640,CACNA1C,775.0,Amp5,5.86
X-2640,CACNA2D4,93589.0,Amp5,5.86
X-2640,CADM3,57863.0,Amp5,5.78
X-2640,CADM4,199731.0,Amp5,5.24
X-2640,CALML3,810.0,Amp5,7.36
X-2640,CALML5,51806.0,Amp5,7.36
X-2640,CAMK1D,57118.0,Amp5,7.84
X-2640,CAPN12,147968.0,Amp5,5.35
X-2640,CAPNS1,826.0,Amp5,5.58
X-2640,CAPZA3,93661.0,Amp5,5.13
X-2640,CASQ1,844.0,Amp5,6.02
X-2640,CATSPERG,57828.0,Amp5,5.35
X-2640,CBL,867.0,MutNovel,"S492Y,0.909"
X-2640,CBLC,23624.0,Amp5,5.24
X-2640,CCDC127,133957.0,Amp5,6.45
X-2640,CCDC158,339965.0,Amp5,6.73
X-2640,CCDC3,83643.0,Amp5,7.84
X-2640,CCDC77,84318.0,Amp5,5.86
X-2640,CCDC85B,11007.0,MutNovel,"P154A,0.350"
X-2640,CCDC97,90324.0,Amp5,5.35
X-2640,CCND2,894.0,Amp5,5.86
X-2640,CCNE1,898.0,Amp5,5.1
X-2640,CCNG2,901.0,MutNovel,"D325N,0.391"
X-2640,CCT3,7203.0,Amp5,5.9
X-2640,CCT4,10575.0,Amp5,5.03
X-2640,CD163,9332.0,Amp5,5.86
X-2640,CD163L1,283316.0,Amp5,5.86
X-2640,CD177,57126.0,Amp5,5.24
X-2640,CD1A,909.0,Amp5,5.9
X-2640,CD1B,910.0,Amp5,5.9
X-2640,CD1C,911.0,Amp5,5.9
X-2640,CD1D,912.0,Amp5,5.9
X-2640,CD1E,913.0,Amp5,5.9
X-2640,CD22,933.0,Amp5,5.43
X-2640,CD244,51744.0,Amp5,6.02
X-2640,CD27,939.0,Amp5,5.86
X-2640,CD4,920.0,Amp5,5.86
X-2640,CD48,962.0,Amp5,6.02
X-2640,CD5L,922.0,Amp5,5.9
X-2640,CD79A,973.0,Amp5,5.35
X-2640,CD84,8832.0,Amp5,6.02
X-2640,CD9,928.0,Amp5,5.86
X-2640,CDC123,8872.0,Amp5,7.84
X-2640,CDCA3,83461.0,Amp5,5.86
X-2640,CDHR2,54825.0,Amp5,5.9
X-2640,CDKL2,8999.0,Amp5,6.73
X-2640,CDKN1C,1028.0,MutNovel,"APVAV171V,0.571"
X-2640,CDNF,441549.0,Amp5,7.84
X-2640,CDY1B,253175.0,Del0.8,0.2
X-2640,CDY1B,253175.0,Del0.8,0.14
X-2640,CDY2A,9426.0,Del0.8,0.23
X-2640,CDY2A,9426.0,Del0.8,0.23
X-2640,CDY2B,203611.0,Del0.8,0.23
X-2640,CDY2B,203611.0,Del0.8,0.23
X-2640,CEACAM1,634.0,Amp5,5.35
X-2640,CEACAM16,388551.0,Amp5,5.24
X-2640,CEACAM19,56971.0,Amp5,5.24
X-2640,CEACAM20,125931.0,Amp5,5.24
X-2640,CEACAM21,90273.0,Amp5,5.35
X-2640,CEACAM22P,388550.0,Amp5,5.24
X-2640,CEACAM3,1084.0,Amp5,5.35
X-2640,CEACAM4,1089.0,Amp5,5.35
X-2640,CEACAM5,1048.0,Amp5,5.35
X-2640,CEACAM6,4680.0,Amp5,5.35
X-2640,CEACAM7,1087.0,Amp5,5.35
X-2640,CEACAM8,1088.0,Amp5,5.35
X-2640,CEBPA,1050.0,Amp5,5.24
X-2640,CEBPG,1054.0,Amp5,5.24
X-2640,CELF2,10659.0,Amp8,8.69
X-2640,CENPC1,1060.0,Amp5,6.45
X-2640,CEP135,9662.0,Amp5,6.59
X-2640,CEP72,55722.0,Amp5,6.45
X-2640,CEP89,84902.0,Amp5,5.24
X-2640,CHD4,1108.0,Amp5,5.86
X-2640,CHIC2,26511.0,Amp5,6.77
X-2640,CHML,1122.0,Amp5,5.13
X-2640,CHRFAM7A,89832.0,Del0.8,0.4
X-2640,CHRNA7,1139.0,Del0.8,0.7
X-2640,CHST8,64377.0,Amp5,5.24
X-2640,CIC,23152.0,Amp5,5.35
X-2640,CKS1B,1163.0,Amp5,7.11
X-2640,CLASRP,11129.0,Amp5,5.24
X-2640,CLC,1178.0,Amp5,5.35
X-2640,CLEC4A,50856.0,Amp5,5.86
X-2640,CLEC4C,170482.0,Amp5,5.86
X-2640,CLIP3,25999.0,Amp5,5.58
X-2640,CLK2,1196.0,Amp5,7.11
X-2640,CLOCK,9575.0,Amp5,6.59
X-2640,CLPTM1,1209.0,Amp5,5.24
X-2640,CLPTM1L,81037.0,Amp5,6.06
X-2640,CLSTN3,9746.0,Amp5,5.86
X-2640,CLTB,1212.0,Amp5,5.9
X-2640,CNFN,84518.0,Amp5,5.35
X-2640,CNST,163882.0,Amp5,5.24
X-2640,CNTD2,79935.0,Amp5,5.35
X-2640,COL27A1,85301.0,MutKnownFunctional,"R346*,0.434"
X-2640,COMMD1,150684.0,Amp5,5.03
X-2640,COPA,1314.0,Amp5,6.02
X-2640,COPS7A,50813.0,Amp5,5.86
X-2640,COQ2,27235.0,MutNovel,"P96L,1.000"
X-2640,COX18,285521.0,Amp5,6.54
X-2640,COX6B1,1340.0,Amp5,5.58
X-2640,COX7A1,1346.0,Amp5,5.58
X-2640,COX7B2,170712.0,Amp5,5.74
X-2640,CPAMD8,27151.0,MutNovel,"P1769T,0.714"
X-2640,CPLX2,10814.0,Amp5,5.9
X-2640,CRABP2,1382.0,Amp5,5.9
X-2640,CRAMP1L,57585.0,MutNovel,"A508T,1.000"
X-2640,CREB3L4,148327.0,Amp5,6.23
X-2640,CRP,1401.0,Amp5,5.78
X-2640,CRTC2,200186.0,Amp5,6.23
X-2640,CSMD1,64478.0,Del0.8,0.61
X-2640,CSN1S1,1446.0,Amp5,6.45
X-2640,CSN1S2AP,286828.0,Amp5,6.45
X-2640,CSN1S2BP,100337616.0,Amp5,6.45
X-2640,CSN2,1447.0,Amp5,6.45
X-2640,CSN3,1448.0,Amp5,6.45
X-2640,CSPG4P1Y,114758.0,Del0.8,0.14
X-2640,CSPG4P1Y,114758.0,Del0.8,0.2
X-2640,CTAGE4,100128553.0,Amp5,5.17
X-2640,CXCL1,2919.0,Amp5,6.54
X-2640,CXCL10,3627.0,Amp5,6.73
X-2640,CXCL11,6373.0,Amp5,6.73
X-2640,CXCL17,284340.0,Amp5,5.35
X-2640,CXCL2,2920.0,Amp8,8
X-2640,CXCL3,2921.0,Amp8,8
X-2640,CXCL5,6374.0,Amp8,8
X-2640,CXCL6,6372.0,Amp5,6.54
X-2640,CXCL9,4283.0,Amp5,6.73
X-2640,CYCSP52,360155.0,Amp5,5.9
X-2640,CYP2A13,1553.0,Amp5,5.35
X-2640,CYP2A6,1548.0,Amp5,5.35
X-2640,CYP2A7,1549.0,Amp5,5.35
X-2640,CYP2B6,1555.0,Amp5,5.35
X-2640,CYP2B7P1,1556.0,Amp5,5.35
X-2640,CYP2F1,1572.0,Amp5,5.35
X-2640,CYP2G1P,22952.0,Amp5,5.35
X-2640,CYP2S1,29785.0,Amp5,5.35
X-2640,DAP3,7818.0,Amp5,7.11
X-2640,DARC,2532.0,Amp5,5.78
X-2640,DAZ1,1617.0,Del0.8,0.2
X-2640,DAZ2,57055.0,Del0.8,0.14
X-2640,DAZ3,57054.0,Del0.8,0.12
X-2640,DAZ3,57054.0,Del0.8,0.08
X-2640,DAZ4,57135.0,Del0.8,0.15
X-2640,DAZ4,57135.0,Del0.8,0.11
X-2640,DBIL5P2,100169989.0,Amp5,5.03
X-2640,DCAF8,50717.0,Amp5,6.02
X-2640,DCK,1633.0,Amp5,6.45
X-2640,DCLRE1C,64421.0,Amp5,7.84
X-2640,DCP1B,196513.0,Amp5,5.86
X-2640,DCST1,149095.0,Amp5,7.11
X-2640,DCST2,127579.0,Amp5,7.11
X-2640,DDR2,4921.0,Amp5,5.74
X-2640,DDX31,64794.0,MutNovel,"G840C,1.000"
X-2640,DDX3Y,8653.0,Del0.8,0.23
X-2640,DEDD,9191.0,Amp5,6.02
X-2640,DEDD2,162989.0,Amp5,5.35
X-2640,DENND4B,9909.0,Amp5,6.23
X-2640,DHRSX,207063.0,MutNovel,"R577H,1.000"
X-2640,DHTKD1,55526.0,Amp5,7.84
X-2640,DKFZP434L187,26082.0,Del0.8,0.44
X-2640,DLL3,10683.0,Amp5,5.35
X-2640,DMKN,93099.0,Amp5,5.58
X-2640,DMRTC2,63946.0,Amp5,5.35
X-2640,DNAH14,127602.0,MutNovel,"I1869V,0.364"
X-2640,DNAH14,127602.0,MutKnownFunctional,"-2166?,0.385"
X-2640,DNMT1,1786.0,MutNovel,"R114T,0.300"
X-2640,DOCK8,81704.0,MutNovel,"S1346P,0.600"
X-2640,DOPEY1,23033.0,MutNovel,"P1613A,1.000"
X-2640,DOPEY2,9980.0,MutNovel,"R356C,1.000"
X-2640,DOT1L,84444.0,MutNovel,"AASSAGG1447-,0.310"
X-2640,DPF1,8193.0,Amp5,5.35
X-2640,DPM3,54344.0,Amp5,7.11
X-2640,DPP7,29952.0,MutKnownFunctional,"-487?,0.861"
X-2640,DPPA3,359787.0,Amp5,5.86
X-2640,DPY19L3,147991.0,Amp5,5.24
X-2640,DRD1,1812.0,Amp5,5.9
X-2640,DSTNP2,171220.0,Amp5,5.86
X-2640,DTD1,92675.0,MutNovel,"R10W,0.575"
X-2640,DUSP12,11266.0,Amp5,5.74
X-2640,DUSP23,54935.0,Amp5,5.78
X-2640,DYRK1B,9149.0,Amp5,5.35
X-2640,DYRK4,8798.0,Amp5,5.86
X-2640,ECH1,1891.0,Amp5,5.35
X-2640,ECHDC3,79746.0,Amp5,7.84
X-2640,EDC3,80153.0,MutNovel,"W5C,1.000"
X-2640,EFCAB2,84288.0,Amp5,5.46
X-2640,EFCAB4B,84766.0,Amp5,5.86
X-2640,EFHB,151651.0,Amp5,5.74
X-2640,EFNA1,1942.0,Amp5,7.11
X-2640,EFNA3,1944.0,Amp5,7.11
X-2640,EFNA4,1945.0,Amp5,7.11
X-2640,EFR3A,23167.0,MutNovel,"E98Q,0.297"
X-2640,EGLN2,112398.0,Amp5,5.35
X-2640,EHBP1,23301.0,Amp5,5.03
X-2640,EHBP1L1,254102.0,MutNovel,"E823D,0.592"
X-2640,EID2,163126.0,Amp5,5.35
X-2640,EID2B,126272.0,Amp5,5.35
X-2640,EIF1AY,9086.0,Del0.8,0.2
X-2640,EIF3K,27335.0,Amp5,5.35
X-2640,EIF4E1B,253314.0,Amp5,5.9
X-2640,EMG1,10436.0,Amp5,5.86
X-2640,ENAM,10117.0,Amp5,6.45
X-2640,ENO2,2026.0,Amp5,5.86
X-2640,EP400,57634.0,MutNovel,"R1010G,0.500"
X-2640,EP400,57634.0,MutNovel,"Q2727E,1.000"
X-2640,EPGN,255324.0,Amp8,8
X-2640,EPHA5,2044.0,Amp5,6.45
X-2640,EPHB3,2049.0,MutKnownFunctional,"R586*,1.000"
X-2640,EPN1,29924.0,MutNovel,"P397A,0.993"
X-2640,ERBB4,2066.0,Del0.8,0.49
X-2640,ERC1,23085.0,Amp5,5.86
X-2640,ERCC4,2072.0,Amp5,6.68
X-2640,EREG,2069.0,Amp8,8
X-2640,ERF,2077.0,Amp5,5.35
X-2640,ERRFI1,54206.0,Del0.8,0.17
X-2640,ERVMER34-1,100288413.0,Amp5,6.77
X-2640,ETHE1,23474.0,Amp5,5.24
X-2640,ETV2,2116.0,Amp5,5.58
X-2640,ETV3,2117.0,Amp5,5.9
X-2640,ETV3L,440695.0,Amp5,5.9
X-2640,EXO1,9156.0,Amp5,5.13
X-2640,EXOC1,55763.0,Amp5,6.59
X-2640,EXOC3,11336.0,Amp5,6.45
X-2640,EXOSC5,56915.0,Amp5,5.35
X-2640,F11R,50848.0,Amp5,6.02
X-2640,FAF2,23197.0,Amp5,5.9
X-2640,FAM107B,83641.0,Amp5,7.84
X-2640,FAM127C,441518.0,MutNovel,"E2D,1.000"
X-2640,FAM153B,202134.0,Amp5,5.9
X-2640,FAM161A,84140.0,Amp5,5.03
X-2640,FAM171A1,221061.0,Amp5,5.06
X-2640,FAM187B,148109.0,Amp5,5.43
X-2640,FAM188A,80013.0,Amp5,5.06
X-2640,FAM189B,10712.0,Amp5,7.11
X-2640,FAM197Y2P,252946.0,Del0.8,0.23
X-2640,FAM208B,54906.0,Amp5,7.36
X-2640,FAM21B,55747.0,MutNovel,"D1043N,1.000"
X-2640,FAM228B,,MutNovel,"L243F,1.000"
X-2640,FAM41AY1,340618.0,Del0.8,0.23
X-2640,FAM41AY1,340618.0,Del0.8,0.23
X-2640,FAM47E,100129583.0,Amp5,6.73
X-2640,FAM47E-STBD1,100631383.0,Amp5,6.73
X-2640,FAM59B,150946.0,MutNovel,"Q407R,1.000"
X-2640,FAM75A6,389730.0,Del0.8,0.45
X-2640,FAM98C,147965.0,Amp5,5.35
X-2640,FBL,2091.0,Amp5,5.35
X-2640,FBXL14,144699.0,Amp5,5.86
X-2640,FBXO17,115290.0,Amp5,5.35
X-2640,FBXO18,84893.0,Amp5,7.36
X-2640,FBXO27,126433.0,Amp5,5.35
X-2640,FCER1A,2205.0,Amp5,5.78
X-2640,FCER1G,2207.0,Amp5,6.02
X-2640,FCGBP,8857.0,Amp5,5.35
X-2640,FCGR2A,2212.0,Amp5,6.02
X-2640,FCRL1,115350.0,Amp5,5.9
X-2640,FCRL2,79368.0,Amp5,5.9
X-2640,FCRL3,115352.0,Amp5,5.9
X-2640,FCRL4,83417.0,Amp5,5.9
X-2640,FCRL5,83416.0,Amp5,5.9
X-2640,FCRL6,343413.0,Amp5,5.78
X-2640,FCRLA,84824.0,Amp5,5.74
X-2640,FCRLB,127943.0,Amp5,5.74
X-2640,FDCSP,260436.0,Amp5,6.45
X-2640,FDPS,2224.0,Amp5,7.11
X-2640,FEM1C,56929.0,MutNovel,"D336H,1.000"
X-2640,FFAR1,2864.0,Amp5,5.43
X-2640,FFAR2,2867.0,Amp5,5.58
X-2640,FGF23,8074.0,Amp5,5.86
X-2640,FGF6,2251.0,Amp5,5.86
X-2640,FGFR4,2264.0,Amp5,5.9
X-2640,FIP1L1,81608.0,Amp5,6.77
X-2640,FKBP4,2288.0,Amp5,5.86
X-2640,FLAD1,80308.0,Amp5,7.11
X-2640,FLJ45983,399717.0,Amp5,7.46
X-2640,FOPNL,123811.0,Amp5,6.68
X-2640,FOXJ2,55810.0,Amp5,5.86
X-2640,FOXM1,2305.0,Amp5,5.86
X-2640,FRG1,2483.0,MutNovel,"T188S,0.235"
X-2640,FRMD4A,55691.0,Amp5,7.84
X-2640,FRMD8,83786.0,MutNovel,"S53R,0.650"
X-2640,FTLP10,100130017.0,Amp5,6.45
X-2640,FXYD1,5348.0,Amp5,5.24
X-2640,FXYD3,5349.0,Amp5,5.24
X-2640,FXYD7,53822.0,Amp5,5.24
X-2640,G3BP2,9908.0,Amp5,6.73
X-2640,GABRA2,2555.0,Amp5,5.74
X-2640,GABRA4,2557.0,Amp5,5.74
X-2640,GABRG1,2565.0,Amp5,5.74
X-2640,GALNT8,26290.0,Amp5,5.86
X-2640,GAN,8139.0,MutNovel,"Q586R,1.000"
X-2640,GAPDH,2597.0,Amp5,5.86
X-2640,GAPDHS,26330.0,Amp5,5.58
X-2640,GAS2L1,10634.0,MutNovel,"R386Q,1.000"
X-2640,GAS6,2621.0,MutNovel,"A486T,0.999"
X-2640,GAS6,2621.0,MutNovel,"D199H,1.000"
X-2640,GATA3,2625.0,Amp5,7.46
X-2640,GATAD2B,57459.0,Amp5,6.23
X-2640,GBA,2629.0,Amp5,7.11
X-2640,GBAP1,2630.0,Amp5,7.11
X-2640,GC,2638.0,Amp5,6.45
X-2640,GDF3,9573.0,Amp5,5.86
X-2640,GDI2,2665.0,Amp5,7.36
X-2640,GEMIN7,79760.0,Amp5,5.24
X-2640,GGN,199720.0,Amp5,5.35
X-2640,GIGYF2,26058.0,MutNovel,"K1036KQ,0.617"
X-2640,GIT1,28964.0,MutNovel,"D678E,0.998"
X-2640,GMFG,9535.0,Amp5,5.35
X-2640,GNB3,2784.0,Amp5,5.86
X-2640,GNRHR,2798.0,Amp5,6.45
X-2640,GOLGA1,2800.0,MutNovel,"L338H,0.273"
X-2640,GOLGA2,2801.0,MutNovel,"EEA714A,0.382"
X-2640,GOLGA2P2Y,84559.0,Del0.8,0.14
X-2640,GOLGA2P2Y,84559.0,Del0.8,0.2
X-2640,GOLGB1,2804.0,MutNovel,"E1801D,0.493"
X-2640,GON4L,54856.0,Amp5,7.11
X-2640,GPATCH1,55094.0,Amp5,5.24
X-2640,GPATCH4,54865.0,Amp5,5.9
X-2640,GPI,2821.0,Amp5,5.24
X-2640,GPR162,27239.0,Amp5,5.86
X-2640,GPR89A,653519.0,MutNovel,"K217E,0.400"
X-2640,GPRIN1,114787.0,Amp5,5.9
X-2640,GRAMD1A,57655.0,Amp5,5.24
X-2640,GRIA3,2892.0,Del0.8,0.71
X-2640,GRIK5,2901.0,Amp5,5.35
X-2640,GRSF1,2926.0,Amp5,6.45
X-2640,GSK3A,2931.0,Amp5,5.35
X-2640,GSTT1,2952.0,Del0.8,0.75
X-2640,GSX2,170825.0,Amp5,6.77
X-2640,GTF3C1,2975.0,MutNovel,"G167A,0.222"
X-2640,GYG2P1,352887.0,Del0.8,0.23
X-2640,HAMP,57817.0,Amp5,5.43
X-2640,HAPLN2,60484.0,Amp5,5.9
X-2640,HAUS5,23354.0,Amp5,5.58
X-2640,HAX1,10456.0,Amp5,6.23
X-2640,HBS1L,10767.0,MutNovel,"K637E,0.998"
X-2640,HCN3,57657.0,Amp5,7.11
X-2640,HCST,10870.0,Amp5,5.58
X-2640,HDGF,3068.0,Amp5,5.9
X-2640,HIGD2A,192286.0,Amp5,5.9
X-2640,HIPK4,147746.0,Amp5,5.35
X-2640,HK3,3101.0,Amp5,5.9
X-2640,HKR1,284459.0,Amp5,5.35
X-2640,HLA-G,3135.0,MutNovel,"EQ138DQ,1.000"
X-2640,HLA-H,3136.0,Del0.8,0.68
X-2640,HNRNPA1L2,144983.0,MutKnownFunctional,"-25,0.887"
X-2640,HNRNPL,3191.0,Amp5,5.35
X-2640,HNRNPU,3192.0,Amp5,5.46
X-2640,HNRNPU-AS1,284702.0,Amp5,5.46
X-2640,HNRNPUL1,11100.0,Amp5,5.35
X-2640,HOPX,84525.0,Amp5,6.59
X-2640,HPN,3249.0,Amp5,5.24
X-2640,HRH2,3274.0,Amp5,5.9
X-2640,HSD17B7,51478.0,Amp5,5.74
X-2640,HSFY2,159119.0,Del0.8,0.09
X-2640,HSFY2,159119.0,Del0.8,0.23
X-2640,HSPA14,51182.0,Amp5,7.84
X-2640,HSPA1A,3303.0,MutNovel,"I427D,0.312"
X-2640,HSPA1L,3305.0,MutNovel,"S546C,1.000"
X-2640,HSPA1L,3305.0,MutNovel,"G36V,0.500"
X-2640,HSPA6,3310.0,Amp5,6.02
X-2640,HSPB6,126393.0,Amp5,5.58
X-2640,HTN1,3346.0,Amp5,6.45
X-2640,HTN3,3347.0,Amp5,6.45
X-2640,HTR1A,3350.0,Del0.8,0.79
X-2640,HYDIN,54768.0,MutNovel,"E2936K,0.667"
X-2640,HYDIN,54768.0,MutNovel,"L2613V,0.571"
X-2640,IER5,51278.0,MutNovel,"T192S,0.652"
X-2640,IFFO1,25900.0,Amp5,5.86
X-2640,IFI16,3428.0,Amp5,5.78
X-2640,IFT46,56912.0,MutNovel,"K68E,0.464"
X-2640,IGFBP7,3490.0,Amp5,6.59
X-2640,IGFLR1,79713.0,Amp5,5.58
X-2640,IGJ,3512.0,Amp5,6.45
X-2640,IGSF23,147710.0,Amp5,5.24
X-2640,IGSF8,93185.0,Amp5,6.02
X-2640,IGSF9,57549.0,Amp5,6.02
X-2640,IL10,3586.0,MutNovel,"G153V,1.000"
X-2640,IL15RA,3601.0,Amp5,7.36
X-2640,IL28A,282616.0,Amp5,5.35
X-2640,IL28B,282617.0,Amp5,5.35
X-2640,IL29,282618.0,Amp5,5.35
X-2640,IL2RA,3559.0,Amp5,7.36
X-2640,IL6R,3570.0,Amp5,6.23
X-2640,IL8,3576.0,Amp5,6.54
X-2640,INCENP,3619.0,MutNovel,"S230T,0.659"
X-2640,ING4,51147.0,Amp5,5.86
X-2640,INSRR,3645.0,Amp5,5.9
X-2640,INTS2,57508.0,MutNovel,"F222Y,0.444"
X-2640,IQGAP3,128239.0,Amp5,5.9
X-2640,IQSEC3,440073.0,Amp5,5.1
X-2640,IRGC,56269.0,Amp5,5.24
X-2640,IRGQ,126298.0,Amp5,5.24
X-2640,IRX2,153572.0,Amp5,6.06
X-2640,IRX4,50805.0,Amp5,6.06
X-2640,ISG20L2,81875.0,Amp5,5.9
X-2640,ISX,91464.0,Del0.8,0.54
X-2640,ITFG2,55846.0,Amp5,5.86
X-2640,ITGA8,8516.0,Amp5,5.06
X-2640,ITGB4,3691.0,MutNovel,"T681N,0.994"
X-2640,ITIH2,3698.0,Amp5,7.46
X-2640,ITIH5,80760.0,Amp5,7.46
X-2640,ITLN1,55600.0,Amp5,6.02
X-2640,ITLN2,142683.0,Amp5,6.02
X-2640,ITPKC,80271.0,Amp5,5.35
X-2640,JTB,10899.0,Amp5,6.23
X-2640,KANK1,23189.0,MutNovel,"I1316V,0.400"
X-2640,KCNA1,3736.0,Amp5,5.86
X-2640,KCNA5,3741.0,Amp5,5.86
X-2640,KCNA6,3742.0,Amp5,5.86
X-2640,KCNH2,3757.0,MutNovel,"T425A,0.955"
X-2640,KCNJ10,3766.0,Amp5,6.02
X-2640,KCNJ9,3765.0,Amp5,6.02
X-2640,KCNK6,9424.0,Amp5,5.35
X-2640,KCNN3,3782.0,Amp5,7.11
X-2640,KCNN4,3783.0,Amp5,5.24
X-2640,KCTD15,79047.0,Amp5,5.24
X-2640,KDELR3,11015.0,MutNovel,"L210V,0.474"
X-2640,KDM5A,5927.0,Amp5,5.86
X-2640,KDM5D,8284.0,Del0.8,0.2
X-2640,KDR,3791.0,Amp5,6.59
X-2640,KIAA0146,23514.0,MutNovel,"G4D,1.000"
X-2640,KIAA0355,9710.0,Amp5,5.24
X-2640,KIAA0430,9665.0,Amp5,6.68
X-2640,KIAA0564,23078.0,MutNovel,"V761E,0.236"
X-2640,KIAA0907,22889.0,Amp5,7.11
X-2640,KIAA1191,57179.0,Amp5,5.9
X-2640,KIAA1211,57482.0,Amp5,6.59
X-2640,KIF18B,146909.0,MutNovel,"A194S,1.000"
X-2640,KIF20B,9585.0,MutNovel,"L1062LKV,0.435"
X-2640,KIF26B,55083.0,Amp5,5.46
X-2640,KIF27,55582.0,MutNovel,"R1072K,0.216"
X-2640,KIN,22944.0,Amp5,7.46
X-2640,KIRREL,55243.0,Amp5,5.9
X-2640,KIRREL2,84063.0,Amp5,5.58
X-2640,KIT,3815.0,Amp5,5.58
X-2640,KLF6,1316.0,Amp5,7.31
X-2640,KLHDC9,126823.0,Amp5,6.02
X-2640,KLHL2,11275.0,MutNovel,"I203M,1.000"
X-2640,KLHL29,114818.0,Del0.8,0.69
X-2640,KLHL32,114792.0,Del0.8,0.78
X-2640,KRT6A,3853.0,MutNovel,"E165A,0.951"
X-2640,KRTCAP2,200185.0,Amp5,7.11
X-2640,KRTDAP,388533.0,Amp5,5.58
X-2640,LAD1,3898.0,MutNovel,"L161F,0.615"
X-2640,LAG3,3902.0,Amp5,5.86
X-2640,LAMTOR2,28956.0,Amp5,5.9
X-2640,LENEP,55891.0,Amp5,7.11
X-2640,LEPREL2,10536.0,MutNovel,"S612F,0.276"
X-2640,LEPREL2,10536.0,Amp5,5.86
X-2640,LEUTX,342900.0,Amp5,5.35
X-2640,LGALS13,29124.0,Amp5,5.35
X-2640,LGALS14,56891.0,Amp5,5.35
X-2640,LGALS16,148003.0,Amp5,5.35
X-2640,LGALS17A,400696.0,Amp5,5.35
X-2640,LGALS4,3960.0,Amp5,5.35
X-2640,LGALS7,3963.0,Amp5,5.35
X-2640,LGALS7B,653499.0,Amp5,5.35
X-2640,LGI4,163175.0,Amp5,5.24
X-2640,LILRB2,10288.0,Del0.8,0.64
X-2640,LILRB5,10990.0,Del0.8,0.64
X-2640,LIN37,55957.0,Amp5,5.58
X-2640,LINC00309,150992.0,Amp5,5.03
X-2640,LIPE,3991.0,Amp5,5.35
X-2640,LMNA,4000.0,Amp5,5.9
X-2640,LNX1,84708.0,Amp5,6.77
X-2640,LOC100128071,100128071.0,MutNovel,"P31R,0.217"
X-2640,LOC100128675,100128675.0,Amp5,5.24
X-2640,LOC100128682,100128682.0,Amp5,5.58
X-2640,LOC100129935,100129935.0,Amp5,5.35
X-2640,LOC100131825,100131825.0,Amp5,5.78
X-2640,LOC100132215,100132215.0,Amp5,5.03
X-2640,LOC100134317,100134317.0,Amp5,5.58
X-2640,LOC100144602,100144602.0,Amp5,6.45
X-2640,LOC100192204,100192204.0,Amp5,5.06
X-2640,LOC100216001,100216001.0,Amp5,7.31
X-2640,LOC100271702,100271702.0,Amp5,5.86
X-2640,LOC100288332,,MutNovel,"L270V,0.833"
X-2640,LOC100289650,100289650.0,Amp5,5.35
X-2640,LOC100292680,100292680.0,Amp5,5.86
X-2640,LOC100379224,100379224.0,Amp5,5.24
X-2640,LOC100505495,100505495.0,Amp5,5.35
X-2640,LOC100505622,100505622.0,Amp5,5.35
X-2640,LOC100505633,100505633.0,Amp5,6.02
X-2640,LOC100505666,100505666.0,Amp5,7.11
X-2640,LOC100505715,100505715.0,Amp5,5.24
X-2640,LOC100505835,100505835.0,Amp5,5.1
X-2640,LOC100506469,100506469.0,Amp5,5.58
X-2640,LOC100506688,100506688.0,Amp5,6.06
X-2640,LOC100507034,100507034.0,Amp5,7.31
X-2640,LOC100507127,100507127.0,Amp5,7.36
X-2640,LOC100507338,,MutNovel,"Y230C,1.000"
X-2640,LOC100507387,100507387.0,Amp5,5.9
X-2640,LOC100507424,100507424.0,Amp5,5.86
X-2640,LOC100507433,100507433.0,Amp5,5.35
X-2640,LOC100631378,100631378.0,Amp5,5.35
X-2640,LOC100652741,,MutNovel,"Y434H,0.269"
X-2640,LOC100996301,,MutNovel,"R96K,0.750"
X-2640,LOC100996412,,MutNovel,"A20V,1.000"
X-2640,LOC148145,148145.0,Amp5,5.1
X-2640,LOC148824,148824.0,Amp5,5.24
X-2640,LOC149134,149134.0,Amp5,5.24
X-2640,LOC152578,152578.0,Amp5,6.77
X-2640,LOC219731,219731.0,Amp5,7.84
X-2640,LOC254312,254312.0,Amp8,8.69
X-2640,LOC255130,255130.0,Amp5,6.59
X-2640,LOC255654,255654.0,Amp5,5.24
X-2640,LOC283070,283070.0,Amp5,7.84
X-2640,LOC283440,283440.0,Amp5,5.86
X-2640,LOC284395,284395.0,Amp5,5.1
X-2640,LOC284412,284412.0,Amp5,5.35
X-2640,LOC285577,285577.0,Amp5,6.06
X-2640,LOC338588,338588.0,Amp5,7.31
X-2640,LOC339529,339529.0,Amp5,5.46
X-2640,LOC390940,390940.0,Amp5,5.24
X-2640,LOC391322,391322.0,Del0.8,0.75
X-2640,LOC399715,399715.0,Amp5,7.36
X-2640,LOC400685,400685.0,Amp5,5.24
X-2640,LOC401134,401134.0,Amp5,6.45
X-2640,LOC439949,439949.0,Amp5,7.36
X-2640,LOC441025,441025.0,Amp5,6.73
X-2640,LOC550112,550112.0,Amp5,6.45
X-2640,LOC574538,574538.0,Amp5,5.86
X-2640,LOC643201,643201.0,Amp5,5.9
X-2640,LOC643669,643669.0,Amp5,5.35
X-2640,LOC644145,644145.0,Amp5,6.59
X-2640,LOC644554,644554.0,Amp5,5.35
X-2640,LOC646268,646268.0,Amp5,5.9
X-2640,LOC653075,653075.0,Del0.8,0.25
X-2640,LOC728377,728377.0,Amp5,5.17
X-2640,LOC728407,728407.0,Amp5,5.28
X-2640,LOC728613,728613.0,Amp5,6.06
X-2640,LOC731282,,MutNovel,"G117E,1.000"
X-2640,LOC80054,80054.0,Amp5,5.24
X-2640,LPAR5,57121.0,Amp5,5.86
X-2640,LPCAT1,79888.0,Amp5,6.06
X-2640,LPCAT3,10162.0,Amp5,5.86
X-2640,LPHN3,23284.0,Amp5,6.54
X-2640,LRFN1,57622.0,Amp5,5.35
X-2640,LRFN3,79414.0,Amp5,5.58
X-2640,LRP1,4035.0,MutNovel,"S2993I,0.333"
X-2640,LRP3,4037.0,Amp5,5.24
X-2640,LRRC14B,389257.0,Amp5,6.45
X-2640,LRRC23,10233.0,Amp5,5.86
X-2640,LRRC71,149499.0,Amp5,5.9
X-2640,LRRC8C,84230.0,MutNovel,"P91T,0.596"
X-2640,LRTM2,654429.0,Amp5,5.86
X-2640,LSM14A,26065.0,Amp5,5.24
X-2640,LSR,51599.0,Amp5,5.43
X-2640,LTBP4,8425.0,Amp5,5.35
X-2640,LTBR,4055.0,Amp5,5.86
X-2640,LY9,4063.0,Amp5,6.02
X-2640,LYPD3,27076.0,Amp5,5.24
X-2640,LYPD4,147719.0,Amp5,5.35
X-2640,LYPD5,284348.0,Amp5,5.24
X-2640,LYST,1130.0,MutNovel,"I1549V,0.375"
X-2640,MAG,4099.0,Amp5,5.43
X-2640,MAP1LC3C,440738.0,Amp5,5.13
X-2640,MAP3K10,4294.0,Amp5,5.35
X-2640,MAP4K1,11184.0,Amp5,5.35
X-2640,MAP4K4,9448.0,MutNovel,"D98H,0.215"
X-2640,MAPK15,225689.0,MutNovel,"R136G,0.806"
X-2640,MBD5,55777.0,MutNovel,"L942I,0.333"
X-2640,MCM10,55388.0,Amp5,7.84
X-2640,MDH1,4190.0,Amp5,5.03
X-2640,MED13,9969.0,MutNovel,"K799Q,0.211"
X-2640,MED29,55588.0,Amp5,5.35
X-2640,MEF2A,4205.0,MutNovel,"QQQP420Q,0.743"
X-2640,MEF2D,4209.0,Amp5,5.9
X-2640,MEGF8,1954.0,Amp5,5.35
X-2640,MEIG1,644890.0,Amp5,7.84
X-2640,MEIS3,56917.0,MutKnownFunctional,"Y335*,1.000"
X-2640,MEX3A,92312.0,Amp5,5.9
X-2640,MIA,8190.0,Amp5,5.35
X-2640,MIA-RAB4B,100529262.0,Amp5,5.35
X-2640,MIR1265,100302116.0,Amp5,7.84
X-2640,MIR141,406933.0,Amp5,5.86
X-2640,MIR190B,100126346.0,Amp5,6.23
X-2640,MIR193B,574455.0,Amp5,6.68
X-2640,MIR200C,406985.0,Amp5,5.86
X-2640,MIR3147,100422939.0,Amp5,5.94
X-2640,MIR3155A,100422989.0,Amp5,7.36
X-2640,MIR3155B,100628560.0,Amp5,7.36
X-2640,MIR3180-4,100500852.0,Amp5,6.68
X-2640,MIR3649,100500816.0,Amp5,5.86
X-2640,MIR365A,100126355.0,Amp5,6.68
X-2640,MIR3916,100500849.0,Amp5,5.24
X-2640,MIR4258,100423020.0,Amp5,7.11
X-2640,MIR4277,100422966.0,Amp5,6.06
X-2640,MIR4281,100422962.0,Amp5,5.9
X-2640,MIR4323,100422980.0,Amp5,5.35
X-2640,MIR4449,100616436.0,Amp5,6.77
X-2640,MIR4450,100616299.0,Amp5,6.73
X-2640,MIR4456,100616381.0,Amp5,6.45
X-2640,MIR4457,100616235.0,Amp5,6.06
X-2640,MIR4479,100616480.0,Del0.8,0.52
X-2640,MIR4480,100616151.0,Amp5,7.84
X-2640,MIR4530,100616163.0,Amp5,5.35
X-2640,MIR4531,100616355.0,Amp5,5.24
X-2640,MIR4634,100616202.0,Amp5,5.9
X-2640,MIR4635,100616479.0,Amp5,6.06
X-2640,MIR4654,100616386.0,Amp5,5.74
X-2640,MIR4677,100616343.0,Amp5,5.46
X-2640,MIR484,619553.0,Amp5,6.68
X-2640,MIR555,693140.0,Amp5,7.11
X-2640,MIR556,693141.0,Amp5,5.74
X-2640,MIR641,693226.0,Amp5,5.35
X-2640,MIR765,768220.0,Amp5,5.9
X-2640,MIR9-1,407046.0,Amp5,5.9
X-2640,MIR92B,693235.0,Amp5,7.11
X-2640,MKL2,57496.0,Amp5,6.68
X-2640,MLF2,8079.0,Amp5,5.86
X-2640,MLL4,9757.0,Amp5,5.58
X-2640,MNDA,4332.0,Amp5,5.9
X-2640,MOB1B,92597.0,Amp5,6.45
X-2640,MON1B,22879.0,MutNovel,"D234H,0.343"
X-2640,MPRIP,23164.0,MutNovel,"TS178T,0.520"
X-2640,MPRIP,23164.0,MutNovel,"F548L,0.399"
X-2640,MPV17L,255027.0,Amp5,6.68
X-2640,MPZ,4359.0,Amp5,6.02
X-2640,MRPL24,79590.0,Amp5,5.9
X-2640,MRPL36,64979.0,Amp5,6.06
X-2640,MRPL51,51258.0,Amp5,5.86
X-2640,MRPS12,6183.0,Amp5,5.35
X-2640,MSTO1,55154.0,Amp5,7.11
X-2640,MSTO2P,100129405.0,Amp5,7.11
X-2640,MSX2,4488.0,Amp5,5.9
X-2640,MTFR1,9650.0,MutNovel,"PH185-,0.782"
X-2640,MTHFD2L,441024.0,Amp8,8
X-2640,MTX1,4580.0,Amp5,7.11
X-2640,MUC1,4582.0,Amp5,7.11
X-2640,MUC16,94025.0,MutNovel,"G12681GP,0.215"
X-2640,MUC7,4589.0,Amp5,6.45
X-2640,MYH11,4629.0,Amp5,6.68
X-2640,NAAA,27163.0,Amp5,6.73
X-2640,NAB2,4665.0,MutNovel,"G371E,0.988"
X-2640,NACA2,342538.0,MutNovel,"R144K,1.000"
X-2640,NANOG,79923.0,Amp5,5.86
X-2640,NANOGNB,360030.0,Amp5,5.86
X-2640,NBPF10,100132406.0,MutNovel,"S3158L,0.281"
X-2640,NBPF10,100132406.0,MutNovel,"R3193K,1.000"
X-2640,NBPF12,,MutNovel,"H428Q,0.375"
X-2640,NBPF9,400818.0,MutNovel,"G580E,0.500"
X-2640,NCAPD2,9918.0,Amp5,5.86
X-2640,NCCRP1,342897.0,Amp5,5.35
X-2640,NCOR2,9612.0,MutNovel,"G1839GAAA,0.316"
X-2640,NCRNA00185,55410.0,Del0.8,0.2
X-2640,NCSTN,23385.0,Amp5,6.02
X-2640,NDE1,54820.0,Amp5,6.68
X-2640,NDUFA9,4704.0,Amp5,5.86
X-2640,NDUFS2,4720.0,Amp5,6.02
X-2640,NDUFS6,4726.0,Amp5,6.06
X-2640,NECAP1,25977.0,Amp5,5.86
X-2640,NES,10763.0,Amp5,5.9
X-2640,NET1,10276.0,Amp5,7.36
X-2640,NFKBIB,4793.0,Amp5,5.35
X-2640,NFKBID,84807.0,Amp5,5.58
X-2640,NHLH1,4807.0,Amp5,6.02
X-2640,NINJ2,4815.0,Amp5,5.86
X-2640,NIT1,4817.0,Amp5,6.02
X-2640,NKD2,85409.0,Amp5,6.06
X-2640,NLGN4Y,22829.0,Del0.8,0.23
X-2640,NLRP3,114548.0,Amp5,5.24
X-2640,NMT2,9397.0,Amp5,6.32
X-2640,NMU,10874.0,Amp5,6.59
X-2640,NOA1,84273.0,Amp5,6.59
X-2640,NOL10,79954.0,MutNovel,"E382Q,0.338"
X-2640,NOMO1,23420.0,Amp5,6.68
X-2640,NOP16,51491.0,MutNovel,"K174Q,0.546"
X-2640,NOP16,51491.0,Amp5,5.9
X-2640,NOP2,4839.0,Amp5,5.86
X-2640,NOS1AP,9722.0,Amp5,5.74
X-2640,NPFFR2,10886.0,Amp5,6.45
X-2640,NPHS1,4868.0,Amp5,5.58
X-2640,NPIP,9284.0,Amp5,6.68
X-2640,NR1I3,9970.0,Amp5,6.02
X-2640,NRIP2,83714.0,Amp5,5.86
X-2640,NTAN1,123803.0,Amp5,6.68
X-2640,NTF3,4908.0,Amp5,5.86
X-2640,NTRK1,4914.0,Amp5,5.9
X-2640,NUDT19,390916.0,Amp5,5.24
X-2640,NUDT5,11164.0,Amp5,7.84
X-2640,NUF2,83540.0,Amp5,5.9
X-2640,NUMBL,9253.0,Amp5,5.35
X-2640,NUP210L,91181.0,Amp5,6.23
X-2640,NUP54,53371.0,Amp5,6.73
X-2640,ODAM,54959.0,Amp5,6.45
X-2640,ODF3B,440836.0,Del0.8,0.74
X-2640,OGFR,11054.0,MutNovel,"S579L,0.317"
X-2640,OLAH,55301.0,Amp5,7.84
X-2640,OLFML2B,25903.0,Amp5,5.74
X-2640,OPTN,10133.0,Amp5,7.84
X-2640,OR10J1,26476.0,Amp5,5.78
X-2640,OR10J3,441911.0,Amp5,5.78
X-2640,OR10J5,127385.0,Amp5,5.78
X-2640,OR10K1,391109.0,Amp5,5.9
X-2640,OR10K2,391107.0,Amp5,5.9
X-2640,OR10R2,343406.0,Amp5,5.9
X-2640,OR10T2,128360.0,Amp5,5.9
X-2640,OR10X1,128367.0,Amp5,5.9
X-2640,OR10Z1,128368.0,Amp5,5.9
X-2640,OR11L1,391189.0,Amp5,5.24
X-2640,OR13G1,441933.0,Amp5,5.24
X-2640,OR14A16,284532.0,Amp5,5.24
X-2640,OR14C36,127066.0,Amp5,5.24
X-2640,OR1C1,26188.0,Amp5,5.24
X-2640,OR2A42,402317.0,Amp5,5.17
X-2640,OR2A42,402317.0,Amp5,5.17
X-2640,OR2A7,401427.0,Amp5,5.17
X-2640,OR2A9P,441295.0,Amp5,5.17
X-2640,OR2A9P,441295.0,Amp5,5.17
X-2640,OR2AK2,391191.0,Amp5,5.24
X-2640,OR2B11,127623.0,Amp5,5.24
X-2640,OR2C3,81472.0,Amp5,5.24
X-2640,OR2G2,81470.0,Amp5,5.24
X-2640,OR2G3,81469.0,Amp5,5.24
X-2640,OR2G6,391211.0,Amp8,8.06
X-2640,OR2L13,284521.0,Amp5,5.24
X-2640,OR2L1P,26247.0,Amp5,5.24
X-2640,OR2L2,26246.0,Amp5,5.24
X-2640,OR2L3,391192.0,Amp5,5.24
X-2640,OR2L8,391190.0,Amp5,5.24
X-2640,OR2M1P,388762.0,Amp5,5.24
X-2640,OR2M2,391194.0,Amp5,5.24
X-2640,OR2M3,127062.0,Amp5,5.24
X-2640,OR2M4,26245.0,Amp5,5.24
X-2640,OR2M5,127059.0,Amp5,5.24
X-2640,OR2M7,391196.0,Amp5,5.24
X-2640,OR2T1,26696.0,Amp5,5.24
X-2640,OR2T10,127069.0,Amp8,8.06
X-2640,OR2T11,127077.0,Amp8,8.06
X-2640,OR2T12,127064.0,Amp5,5.24
X-2640,OR2T2,401992.0,Amp5,5.24
X-2640,OR2T29,343563.0,Amp8,8.06
X-2640,OR2T33,391195.0,Amp5,5.24
X-2640,OR2T34,127068.0,Amp8,8.06
X-2640,OR2T4,127074.0,Amp5,5.24
X-2640,OR2T6,254879.0,Amp5,5.24
X-2640,OR2T8,343172.0,Amp5,5.24
X-2640,OR2W3,343171.0,Amp5,5.24
X-2640,OR2W5,441932.0,Amp5,5.24
X-2640,OR5P2,120065.0,Del0.8,0.66
X-2640,OR6F1,343169.0,Amp5,5.24
X-2640,OR6K2,81448.0,Amp5,5.9
X-2640,OR6K3,391114.0,Amp5,5.9
X-2640,OR6K6,128371.0,Amp5,5.9
X-2640,OR6N1,128372.0,Amp5,5.9
X-2640,OR6N2,81442.0,Amp5,5.9
X-2640,OR6P1,128366.0,Amp5,5.9
X-2640,OR6Y1,391112.0,Amp5,5.9
X-2640,ORAI1,84876.0,MutNovel,"PP43-,1.000"
X-2640,OTUD1,220213.0,MutNovel,"A270S,0.889"
X-2640,OTX1,5013.0,Amp5,5.03
X-2640,PAF1,54623.0,Amp5,5.35
X-2640,PAFAH1B3,5050.0,Amp5,5.35
X-2640,PAICS,10606.0,Amp5,6.59
X-2640,PAK4,10298.0,Amp5,5.35
X-2640,PAPL,390928.0,Amp5,5.35
X-2640,PAQR6,79957.0,Amp5,5.9
X-2640,PARM1,25849.0,Amp8,8
X-2640,PARN,5073.0,Amp5,6.68
X-2640,PARP10,84875.0,MutNovel,"P1012A,0.221"
X-2640,PARP11,57097.0,Amp5,5.86
X-2640,PBXIP1,57326.0,Amp5,7.11
X-2640,PCDH11Y,83259.0,Del0.8,0.23
X-2640,PCDH7,5099.0,Del0.8,0.79
X-2640,PCP4L1,654790.0,Amp5,6.02
X-2640,PDCD2L,84306.0,Amp5,5.24
X-2640,PDCD5,9141.0,Amp5,5.24
X-2640,PDCD6,10016.0,Amp5,6.45
X-2640,PDCL2,132954.0,Amp5,6.59
X-2640,PDGFRA,5156.0,Amp5,5.28
X-2640,PDGFRL,5157.0,MutNovel,"M68I,0.500"
X-2640,PDSS1,23590.0,MutNovel,"G30V,0.353"
X-2640,PDXDC1,23042.0,Amp5,6.68
X-2640,PEA15,8682.0,Amp5,6.02
X-2640,PEAR1,375033.0,Amp5,5.9
X-2640,PEG10,23089.0,MutNovel,"P25T,1.000"
X-2640,PELI1,57162.0,Amp5,5.03
X-2640,PEPD,5184.0,Amp5,5.24
X-2640,PEX19,5824.0,Amp5,6.02
X-2640,PEX5,5830.0,Amp5,5.86
X-2640,PF4,5196.0,Amp8,8
X-2640,PF4V1,5197.0,Amp5,6.54
X-2640,PFDN2,5202.0,Amp5,6.02
X-2640,PFKFB3,5209.0,Amp5,7.36
X-2640,PFKP,5214.0,Amp5,7.31
X-2640,PHB2,11331.0,Amp5,5.86
X-2640,PHLDA1,22822.0,MutNovel,"QQ194Q,0.516"
X-2640,PHLDB3,653583.0,Amp5,5.24
X-2640,PHYH,5264.0,Amp5,7.84
X-2640,PIGM,93183.0,Amp5,6.02
X-2640,PIK3C2G,5288.0,Amp5,5.13
X-2640,PITRM1,10531.0,MutNovel,"H857Y,0.270"
X-2640,PITRM1,10531.0,Amp5,7.31
X-2640,PKLR,5313.0,Amp5,7.11
X-2640,PLA2G10,8399.0,Amp5,6.68
X-2640,PLA2R1,22925.0,MutKnownFunctional,"-652,0.244"
X-2640,PLAUR,5329.0,Amp5,5.24
X-2640,PLCZ1,89869.0,Amp5,5.13
X-2640,PLD3,23646.0,Amp5,5.35
X-2640,PLD5,200150.0,Amp5,5.13
X-2640,PLEKHA5,54477.0,Amp5,5.13
X-2640,PLEKHF1,79156.0,Amp5,5.1
X-2640,PLEKHG2,64857.0,Amp5,5.35
X-2640,PLEKHG4B,153478.0,Amp5,6.45
X-2640,PLEKHG6,55200.0,Amp5,5.86
X-2640,PLEKHM1,9842.0,MutNovel,"R581H,1.000"
X-2640,PLOD2,5352.0,Amp5,5.54
X-2640,PLSCR2,57047.0,Amp5,5.54
X-2640,PLSCR4,57088.0,Amp5,5.54
X-2640,PLXNA1,5361.0,MutNovel,"T1067M,1.000"
X-2640,PMF1,11243.0,Amp5,5.9
X-2640,PMF1-BGLAP,100527963.0,Amp5,5.9
X-2640,PMS2,5395.0,MutNovel,"I343M,0.481"
X-2640,PMVK,10654.0,Amp5,7.11
X-2640,POLR2B,5431.0,Amp5,6.59
X-2640,POLR2I,5438.0,Amp5,5.58
X-2640,POP4,10775.0,Amp5,5.1
X-2640,POU2F2,5452.0,Amp5,5.35
X-2640,POU5F1P3,642559.0,Amp5,5.86
X-2640,POU5F1P4,645682.0,Amp5,7.11
X-2640,PP2D1,151649.0,Amp5,5.74
X-2640,PP7080,25845.0,Amp5,6.45
X-2640,PPAT,5471.0,Amp5,6.59
X-2640,PPBP,5473.0,Amp8,8
X-2640,PPEF2,5470.0,Amp5,6.73
X-2640,PPOX,5498.0,Amp5,6.02
X-2640,PPP1R14A,94274.0,Amp5,5.35
X-2640,PPP1R37,284352.0,MutNovel,"DS504-,0.818"
X-2640,PRCC,5546.0,Amp5,5.9
X-2640,PRG1,23574.0,Amp5,5.24
X-2640,PRKCQ,5588.0,Amp5,7.36
X-2640,PRKY,5616.0,Del0.8,0.23
X-2640,PRMT8,56341.0,Amp5,5.86
X-2640,PRODH2,58510.0,Amp5,5.58
X-2640,PROL1,58503.0,Amp5,6.45
X-2640,PROSER1,80209.0,MutNovel,"H684Y,0.229"
X-2640,PRPF18,8559.0,Amp5,7.84
X-2640,PRPF6,24148.0,MutNovel,"T227M,0.279"
X-2640,PRR19,284338.0,Amp5,5.35
X-2640,PRX,57716.0,Amp5,5.35
X-2640,PRY,9081.0,Del0.8,0.2
X-2640,PRY,9081.0,Del0.8,0.2
X-2640,PRY2,442862.0,Del0.8,0.2
X-2640,PRY2,442862.0,Del0.8,0.2
X-2640,PSENEN,55851.0,Amp5,5.58
X-2640,PSG1,5669.0,Amp5,5.35
X-2640,PSG10P,653492.0,Amp5,5.35
X-2640,PSG11,5680.0,Amp5,5.35
X-2640,PSG2,5670.0,Amp5,5.35
X-2640,PSG3,5671.0,Amp5,5.35
X-2640,PSG5,5673.0,Amp5,5.35
X-2640,PSG6,5675.0,Amp5,5.35
X-2640,PSG7,5676.0,Amp5,5.35
X-2640,PSG8,440533.0,Amp5,5.35
X-2640,PSMC4,5704.0,Amp5,5.35
X-2640,PSMD8,5714.0,Amp5,5.35
X-2640,PTMS,5763.0,Amp5,5.86
X-2640,PTPN6,5777.0,Amp5,5.86
X-2640,PVR,5817.0,Amp5,5.24
X-2640,PVRL2,5819.0,Amp5,5.24
X-2640,PVRL3,25945.0,MutKnownFunctional,"-491?,0.250"
X-2640,PVRL4,81607.0,Amp5,6.02
X-2640,PYGO2,90780.0,Amp5,7.11
X-2640,PYHIN1,149628.0,Amp5,5.66
X-2640,QRFPR,84109.0,Del0.8,0.74
X-2640,RAB13,5872.0,Amp5,6.23
X-2640,RAB25,57111.0,Amp5,5.9
X-2640,RAB4B,53916.0,Amp5,5.35
X-2640,RAB4B-EGLN2,100529264.0,Amp5,5.35
X-2640,RAB5A,5868.0,Amp5,5.74
X-2640,RABAC1,10567.0,Amp5,5.35
X-2640,RABIF,5877.0,MutNovel,"G15V,0.261"
X-2640,RAD51AP1,10635.0,Amp5,5.86
X-2640,RAD52,5893.0,Amp5,5.86
X-2640,RASGRP4,115727.0,Amp5,5.35
X-2640,RASL11B,65997.0,Amp5,6.77
X-2640,RASSF6,166824.0,Amp5,6.54
X-2640,RBM17,84991.0,Amp5,7.36
X-2640,RBM42,79171.0,Amp5,5.58
X-2640,RBMS1,5937.0,MutNovel,"V296I,0.335"
X-2640,RBMY1A3P,286557.0,Del0.8,0.23
X-2640,RBMY1B,378948.0,Del0.8,0.2
X-2640,RBMY1B,378948.0,Del0.8,0.2
X-2640,RBMY1E,378950.0,Del0.8,0.2
X-2640,RBMY1E,378950.0,Del0.8,0.2
X-2640,RBMY1F,159163.0,Del0.8,0.2
X-2640,RBMY1F,159163.0,Del0.8,0.2
X-2640,RBMY1J,378951.0,Del0.8,0.2
X-2640,RBMY1J,378951.0,Del0.8,0.2
X-2640,RBMY2EP,159125.0,Del0.8,0.2
X-2640,RBMY2FP,159162.0,Del0.8,0.2
X-2640,RBMY3AP,64593.0,Del0.8,0.23
X-2640,RBP5,83758.0,Amp5,5.86
X-2640,RCHY1,25898.0,Amp5,6.73
X-2640,RELB,5971.0,Amp5,5.24
X-2640,REST,5978.0,Amp5,6.59
X-2640,RGS4,5999.0,Amp5,5.74
X-2640,RGS5,8490.0,Amp5,5.21
X-2640,RGS9BP,388531.0,Amp5,5.24
X-2640,RHBG,57127.0,Amp5,5.9
X-2640,RHPN2,85415.0,Amp5,5.24
X-2640,RIF1,55183.0,MutNovel,"I1943V,0.868"
X-2640,RIN3,79890.0,MutNovel,"G967-,0.357"
X-2640,RINL,126432.0,Amp5,5.35
X-2640,RIT1,6016.0,Amp5,7.11
X-2640,RNF44,22838.0,Amp5,5.9
X-2640,RPL13P5,283345.0,Amp5,5.86
X-2640,RPL21P44,402176.0,Amp5,6.77
X-2640,RPL31P11,641311.0,Amp5,5.74
X-2640,RPP38,10557.0,Amp5,7.84
X-2640,RPS16,6217.0,Amp5,5.35
X-2640,RPS17,6218.0,MutNovel,"R33S,0.500"
X-2640,RPS19,6223.0,Amp5,5.35
X-2640,RPS27,6232.0,Amp5,6.23
X-2640,RPS4Y1,6192.0,Del0.8,0.23
X-2640,RPS4Y2,140032.0,Del0.8,0.2
X-2640,RRN3,54700.0,Amp5,6.68
X-2640,RRNAD1,51093.0,Amp5,5.9
X-2640,RUFY3,22902.0,Amp5,6.45
X-2640,RUSC1,23623.0,Amp5,7.11
X-2640,RUSC1-AS1,284618.0,Amp5,7.11
X-2640,RXFP4,339403.0,Amp5,7.11
X-2640,RYR1,6261.0,Amp5,5.35
X-2640,RYR3,6263.0,Del0.8,0.77
X-2640,SAMD4B,55095.0,Amp5,5.35
X-2640,SARS2,54938.0,Amp5,5.35
X-2640,SBSN,374897.0,Amp5,5.58
X-2640,SCAMP3,10067.0,Amp5,7.11
X-2640,SCARB2,950.0,Amp5,6.73
X-2640,SCARNA10,692148.0,Amp5,5.86
X-2640,SCARNA11,677780.0,Amp5,5.86
X-2640,SCARNA12,677777.0,Amp5,5.86
X-2640,SCARNA4,677771.0,Amp5,7.11
X-2640,SCCPDH,51097.0,Amp5,5.24
X-2640,SCFD2,152579.0,Amp5,6.77
X-2640,SCGB1B2P,643719.0,Amp5,5.24
X-2640,SCGB2B2,284402.0,Amp5,5.24
X-2640,SCGB2B3P,100130342.0,Amp5,5.24
X-2640,SCN1B,6324.0,Amp5,5.24
X-2640,SCNN1A,6337.0,Amp5,5.86
X-2640,SDAD1,55153.0,Amp5,6.73
X-2640,SDCCAG8,10806.0,Amp5,5.46
X-2640,SDHA,6389.0,Amp5,6.45
X-2640,SDHAF1,644096.0,MutNovel,"P112S,0.724"
X-2640,SDHAF1,644096.0,Amp5,5.58
X-2640,SDHAP3,728609.0,Amp5,6.06
X-2640,SDHC,6391.0,Amp5,6.02
X-2640,SEC61A2,55176.0,Amp5,7.84
X-2640,SELV,348303.0,Amp5,5.35
X-2640,SEMA4A,64218.0,Amp5,5.9
X-2640,SEPHS1,22929.0,Amp5,7.84
X-2640,2014-09-11 00:00:00,55752.0,Amp5,6.19
X-2640,SERINC2,347735.0,MutNovel,"-373Q,0.233"
X-2640,SERTAD1,29950.0,Amp5,5.35
X-2640,SERTAD3,29946.0,Amp5,5.35
X-2640,SF3B2,10992.0,MutNovel,"Q14P,0.325"
X-2640,SF3B3,23450.0,MutNovel,"Q304E,0.623"
X-2640,SFMBT2,57713.0,MutNovel,"G677R,0.778"
X-2640,SFMBT2,57713.0,Amp5,7.11
X-2640,SFTA1P,207107.0,Amp5,7.36
X-2640,SFXN1,94081.0,Amp5,5.9
X-2640,SGMS1,259230.0,MutNovel,"K117N,0.400"
X-2640,SH2D1B,117157.0,Amp5,5.74
X-2640,SH2D2A,9047.0,Amp5,5.9
X-2640,SH3BP2,6452.0,MutNovel,"S171Y,1.000"
X-2640,SH3GLB2,56904.0,MutNovel,"T262A,0.349"
X-2640,SHANK2,22941.0,MutNovel,"G1299R,0.381"
X-2640,SHANK3,85358.0,MutNovel,"T987M,0.900"
X-2640,SHC1,6464.0,Amp5,7.11
X-2640,SHE,126669.0,Amp5,6.23
X-2640,SHKBP1,92799.0,Amp5,5.35
X-2640,SHROOM3,57619.0,Amp5,6.73
X-2640,SIGLEC14,100049587.0,Del0.8,0.27
X-2640,SIK1,150094.0,MutNovel,"S621G,0.368"
X-2640,SIPA1L3,23094.0,Amp5,5.35
X-2640,SIRT2,22933.0,Amp5,5.35
X-2640,SIRT5,23408.0,MutNovel,"T295M,1.000"
X-2640,SLAMF1,6504.0,Amp5,6.02
X-2640,SLAMF6,114836.0,Amp5,6.02
X-2640,SLAMF7,57823.0,Amp5,6.02
X-2640,SLAMF8,56833.0,Amp5,5.78
X-2640,SLAMF9,89886.0,Amp5,6.02
X-2640,SLC12A7,10723.0,Amp5,6.06
X-2640,SLC25A44,9673.0,Amp5,5.9
X-2640,SLC27A3,11000.0,Amp5,6.23
X-2640,SLC2A14,144195.0,Amp5,5.86
X-2640,SLC2A3,6515.0,Amp5,5.86
X-2640,SLC38A9,153129.0,MutNovel,"P22A,0.655"
X-2640,SLC39A1,27173.0,Amp5,6.23
X-2640,SLC4A4,8671.0,Amp5,6.45
X-2640,SLC50A1,55974.0,Amp5,7.11
X-2640,SLC6A12,6539.0,Amp5,5.86
X-2640,SLC6A13,6540.0,Amp5,5.86
X-2640,SLC6A18,348932.0,Amp5,6.06
X-2640,SLC6A19,340024.0,Amp5,6.06
X-2640,SLC6A3,6531.0,Amp5,6.06
X-2640,SLC7A10,56301.0,Amp5,5.24
X-2640,SLC7A9,11136.0,Amp5,5.24
X-2640,SLC9A3,6550.0,Amp5,6.45
X-2640,SLTM,79811.0,MutNovel,"D474Y,0.482"
X-2640,SLTM,79811.0,MutNovel,"S214L,0.315"
X-2640,SMG5,23381.0,Amp5,5.9
X-2640,SMG9,56006.0,Amp5,5.24
X-2640,SMR3A,26952.0,Amp5,6.45
X-2640,SMR3B,10879.0,Amp5,6.45
X-2640,SNAPC4,6621.0,MutNovel,"S641T,1.000"
X-2640,SNCB,6620.0,Amp5,5.9
X-2640,SNORA26,677810.0,Amp5,6.77
X-2640,SNORA42,677823.0,Amp5,7.11
X-2640,SNORA70B,100124537.0,Amp5,5.03
X-2640,SNRNP200,23020.0,MutNovel,"Q1536E,0.543"
X-2640,SNRPA,6626.0,Amp5,5.35
X-2640,SNX19,399979.0,MutNovel,"E755Q,0.262"
X-2640,SORCS1,114815.0,MutNovel,"E560D,0.615"
X-2640,SOS1,6654.0,MutNovel,"M269I,0.548"
X-2640,SOWAHB,345079.0,Amp8,9.38
X-2640,SPINK2,6691.0,Amp5,6.59
X-2640,SPINT2,10653.0,Amp5,5.35
X-2640,SPRED3,399473.0,Amp5,5.35
X-2640,SPSB2,84727.0,Amp5,5.86
X-2640,SPTA1,6708.0,Amp5,5.9
X-2640,SPTBN4,57731.0,Amp5,5.35
X-2640,SRD5A3,79644.0,Amp5,6.59
X-2640,SRP72,6731.0,Amp5,6.59
X-2640,SRRM5,100170229.0,Amp5,5.24
X-2640,SRY,6736.0,Del0.8,0.23
X-2640,SSR2,6746.0,Amp5,5.9
X-2640,STAP1,26228.0,Amp5,6.45
X-2640,STATH,6779.0,Amp5,6.45
X-2640,STBD1,8987.0,Amp5,6.73
X-2640,STRADB,55437.0,MutNovel,"D353H,1.000"
X-2640,SUCLA2,8803.0,MutNovel,"V13M,1.000"
X-2640,SULT1B1,27284.0,Amp5,6.45
X-2640,SULT1E1,6783.0,Amp5,6.45
X-2640,SUMO1P3,474338.0,Amp5,6.02
X-2640,SUPT5H,6829.0,MutNovel,"E11-,0.223"
X-2640,SUPT5H,6829.0,MutNovel,"K265R,0.653"
X-2640,SUPT5H,6829.0,Amp5,5.35
X-2640,SUV39H2,79723.0,Amp5,7.84
X-2640,SYCN,342898.0,Amp5,5.35
X-2640,SYT11,23208.0,Amp5,7.11
X-2640,SYT14L,401135.0,Amp5,6.45
X-2640,TAF3,83860.0,Amp5,7.46
X-2640,TAGLN2,8407.0,Amp5,6.02
X-2640,TAPBPL,55080.0,Amp5,5.86
X-2640,TBCB,1155.0,Amp5,5.58
X-2640,TBL1Y,90665.0,Del0.8,0.23
X-2640,TDRD10,126668.0,Amp5,6.23
X-2640,TDRD12,91646.0,Amp5,5.24
X-2640,TEAD4,7004.0,Amp5,5.86
X-2640,TECRL,253017.0,Amp5,6.45
X-2640,TERT,7015.0,Amp5,6.06
X-2640,TEX101,83639.0,Amp5,5.24
X-2640,TFB2M,64216.0,Amp5,5.24
X-2640,TGFB1,7040.0,Amp5,5.35
X-2640,TGIF2LY,90655.0,Del0.8,0.23
X-2640,THAP6,152815.0,Amp5,6.73
X-2640,THAP8,199745.0,Amp5,5.58
X-2640,THAP9,79725.0,MutNovel,"L139P,1.000"
X-2640,THBS3,7059.0,Amp5,7.11
X-2640,THEG5,100507527.0,Amp5,5.24
X-2640,THEGL,,MutNovel,"Y237C,1.000"
X-2640,THOC3,84321.0,Amp5,5.9
X-2640,TIAF1,9220.0,MutNovel,"R34Q,0.995"
X-2640,TIMM50,92609.0,Amp5,5.35
X-2640,TJP2,9414.0,MutNovel,"R311Q,0.373"
X-2640,TMEM145,284339.0,Amp5,5.35
X-2640,TMEM147,10430.0,Amp5,5.58
X-2640,TMEM165,55858.0,Amp5,6.59
X-2640,TMEM17,200728.0,Amp5,5.03
X-2640,TMEM183B,,MutKnownFunctional,"-116?,0.667"
X-2640,TMEM79,84283.0,Amp5,5.9
X-2640,TMEM91,641649.0,Amp5,5.35
X-2640,TMPRSS11A,339967.0,Amp5,6.45
X-2640,TMPRSS11B,132724.0,Amp5,6.45
X-2640,TMPRSS11BNL,401136.0,Amp5,6.45
X-2640,TMPRSS11D,9407.0,Amp5,6.45
X-2640,TMPRSS11E,28983.0,Amp5,5.58
X-2640,TMPRSS11F,389208.0,Amp5,6.45
X-2640,TMSB4Y,9087.0,Del0.8,0.23
X-2640,TNC,3371.0,MutNovel,"E1870G,0.735"
X-2640,TNFAIP6,7130.0,MutKnownFunctional,"-278,0.517"
X-2640,TNFRSF1A,7132.0,Amp5,5.86
X-2640,TOMM40,10452.0,Amp5,5.24
X-2640,TOMM40L,84134.0,Amp5,6.02
X-2640,TOPORS,10210.0,MutNovel,"I227L,0.588"
X-2640,TP53,7157.0,MutKnownFunctional,"R249S,0.998"
X-2640,TPI1,7167.0,Amp5,5.86
X-2640,TPM3,7170.0,Amp5,6.23
X-2640,TPPP,11076.0,Amp5,6.45
X-2640,TPPP3,51673.0,MutNovel,"K37T,0.571"
X-2640,TRAF2,7186.0,Del0.8,0.33
X-2640,TRIM39,56658.0,MutNovel,"N473S,1.000"
X-2640,TRIM42,287015.0,Amp5,5.54
X-2640,TRIM46,80128.0,Amp5,7.11
X-2640,TRIM58,25893.0,Amp5,5.24
X-2640,TRIP13,9319.0,Amp5,6.06
X-2640,TRMT44,,MutNovel,"S259L,1.000"
X-2640,TSC22D2,9819.0,Amp5,5.58
X-2640,TSPAN17,26262.0,Amp5,5.9
X-2640,TSPAN9,10867.0,Amp5,5.86
X-2640,TSPY1,7258.0,Del0.8,0.23
X-2640,TSPY2,64591.0,Del0.8,0.23
X-2640,TSPY3,728137.0,Del0.8,0.23
X-2640,TSPY4,728395.0,Del0.8,0.23
X-2640,TSPY8,728403.0,Del0.8,0.23
X-2640,TSPYL1,7259.0,MutNovel,"V176VW,0.830"
X-2640,TSTD1,100131187.0,Amp5,6.02
X-2640,TTC24,164118.0,Amp5,5.9
X-2640,TTC4,7268.0,MutNovel,"E246G,0.398"
X-2640,TTC9B,148014.0,Amp5,5.35
X-2640,TTN,7273.0,MutNovel,"V16120A,0.655"
X-2640,TTTY10,246119.0,Del0.8,0.2
X-2640,TTTY11,83866.0,Del0.8,0.23
X-2640,TTTY12,83867.0,Del0.8,0.23
X-2640,TTTY13,83868.0,Del0.8,0.2
X-2640,TTTY14,83869.0,Del0.8,0.2
X-2640,TTTY15,64595.0,Del0.8,0.23
X-2640,TTTY16,252948.0,Del0.8,0.23
X-2640,TTTY17A,252949.0,Del0.8,0.2
X-2640,TTTY17A,252949.0,Del0.8,0.38
X-2640,TTTY18,252950.0,Del0.8,0.23
X-2640,TTTY19,252952.0,Del0.8,0.23
X-2640,TTTY1B,100101116.0,Del0.8,0.23
X-2640,TTTY1B,100101116.0,Del0.8,0.23
X-2640,TTTY2,60439.0,Del0.8,0.23
X-2640,TTTY2,60439.0,Del0.8,0.23
X-2640,TTTY20,252951.0,Del0.8,0.23
X-2640,TTTY21,252953.0,Del0.8,0.23
X-2640,TTTY21,252953.0,Del0.8,0.23
X-2640,TTTY22,252954.0,Del0.8,0.23
X-2640,TTTY23,252955.0,Del0.8,0.23
X-2640,TTTY23,252955.0,Del0.8,0.23
X-2640,TTTY3,114760.0,Del0.8,0.14
X-2640,TTTY3,114760.0,Del0.8,0.2
X-2640,TTTY4,114761.0,Del0.8,0.08
X-2640,TTTY4,114761.0,Del0.8,0.12
X-2640,TTTY5,83863.0,Del0.8,0.2
X-2640,TTTY6,84672.0,Del0.8,0.2
X-2640,TTTY6,84672.0,Del0.8,0.2
X-2640,TTTY7,246122.0,Del0.8,0.23
X-2640,TTTY7,246122.0,Del0.8,0.23
X-2640,TTTY7B,100101120.0,Del0.8,0.23
X-2640,TTTY7B,100101120.0,Del0.8,0.23
X-2640,TTTY8,84673.0,Del0.8,0.23
X-2640,TTTY8,84673.0,Del0.8,0.23
X-2640,TTTY9A,83864.0,Del0.8,0.23
X-2640,TTTY9A,83864.0,Del0.8,0.09
X-2640,TUBAL3,79861.0,Amp5,7.36
X-2640,TULP3,7289.0,Amp5,5.86
X-2640,TXLNG2P,246126.0,Del0.8,0.2
X-2640,TYROBP,7305.0,Amp5,5.58
X-2640,U2AF1L4,199746.0,Amp5,5.58
X-2640,UAP1,6675.0,Amp5,5.74
X-2640,UBA2,10054.0,Amp5,5.24
X-2640,UBA6,55236.0,Amp5,6.45
X-2640,UBAP2L,9898.0,Amp5,6.23
X-2640,UBD,10537.0,MutNovel,"S6Y,0.455"
X-2640,UBE2O,63893.0,MutNovel,"E716G,0.470"
X-2640,UBQLN4,56893.0,Amp5,5.9
X-2640,UCMA,221044.0,Amp5,7.84
X-2640,UCN3,114131.0,Amp5,7.36
X-2640,UFC1,51506.0,Amp5,6.02
X-2640,UFSP2,55325.0,MutNovel,"M146I,0.394"
X-2640,UGP2,7360.0,Amp5,5.03
X-2640,UGT2A1,10941.0,Amp5,6.45
X-2640,UGT2A2,574537.0,Amp5,6.45
X-2640,UGT2A3,79799.0,Amp5,5.9
X-2640,UGT2B10,7365.0,Amp5,5.9
X-2640,UGT2B10,7365.0,Amp5,5.9
X-2640,UGT2B11,10720.0,Amp5,5.9
X-2640,UGT2B17,7367.0,Amp5,6.36
X-2640,UGT2B28,54490.0,Del0.8,0.23
X-2640,UGT2B4,7363.0,Amp5,6.45
X-2640,UGT2B7,7364.0,Amp5,5.9
X-2640,UHMK1,127933.0,Amp5,5.74
X-2640,UIMC1,51720.0,Amp5,5.9
X-2640,ULK4P3,89837.0,Del0.8,0.25
X-2640,UNC5A,90249.0,Amp5,5.9
X-2640,UPF2,26019.0,Amp5,7.84
X-2640,UPK1A,11045.0,Amp5,5.58
X-2640,UQCRFS1,7386.0,Amp5,5.1
X-2640,URI1,8725.0,Amp5,5.1
X-2640,USF1,7391.0,Amp5,6.02
X-2640,USF2,7392.0,Amp5,5.43
X-2640,USO1,8615.0,Amp5,6.73
X-2640,USP10,9100.0,MutNovel,"P72R,0.641"
X-2640,USP10,9100.0,MutNovel,"E361A,1.000"
X-2640,USP21,27005.0,Amp5,6.02
X-2640,USP46,64854.0,Amp5,6.77
X-2640,USP5,8078.0,Amp5,5.86
X-2640,USP6NL,9712.0,Amp8,9.51
X-2640,USP9Y,8287.0,Del0.8,0.23
X-2640,UTP3,57050.0,Amp5,6.45
X-2640,UTY,7404.0,Del0.8,0.23
X-2640,VAC14,55697.0,MutNovel,"E4Q,0.250"
X-2640,VAMP1,6843.0,Amp5,5.86
X-2640,VANGL2,57216.0,Amp5,6.02
X-2640,VCY,9084.0,Del0.8,0.23
X-2640,VCY,9084.0,Del0.8,0.23
X-2640,VHLL,391104.0,Amp5,5.9
X-2640,VN1R5,317705.0,Amp5,5.24
X-2640,VPS13B,157680.0,MutNovel,"N507S,0.241"
X-2640,VPS13D,55187.0,MutNovel,"D2575N,1.000"
X-2640,VPS54,51542.0,Amp5,5.03
X-2640,VSIG8,391123.0,Amp5,5.78
X-2640,VSTM2B,342865.0,Amp5,5.1
X-2640,VWF,7450.0,MutNovel,"R1853Q,0.333"
X-2640,VWF,7450.0,MutNovel,"V1848M,0.333"
X-2640,VWF,7450.0,MutNovel,"P1790L,0.273"
X-2640,VWF,7450.0,MutNovel,"Y1706S,0.500"
X-2640,VWF,7450.0,Amp5,5.86
X-2640,WASH1,100287171.0,MutNovel,"P304R,0.444"
X-2640,WDPCP,51057.0,Amp5,5.03
X-2640,WDR11,55717.0,MutNovel,"A469V,0.507"
X-2640,WDR62,284403.0,Amp5,5.58
X-2640,WDR64,128025.0,Amp5,5.13
X-2640,WDR87,83889.0,Amp5,5.35
X-2640,WDR88,126248.0,Amp5,5.24
X-2640,WNK1,65125.0,Amp5,5.86
X-2640,WNT5B,81029.0,Amp5,5.86
X-2640,WTIP,126374.0,Amp5,5.24
X-2640,XKRY2,353515.0,Del0.8,0.23
X-2640,XKRY2,353515.0,Del0.8,0.23
X-2640,XPO1,7514.0,Amp5,5.03
X-2640,XRCC1,7515.0,Amp5,5.24
X-2640,XYLT1,64131.0,Amp5,6.45
X-2640,YIF1B,90522.0,Amp5,5.35
X-2640,YTHDC1,91746.0,Amp5,6.45
X-2640,YY1AP1,55249.0,Amp5,7.11
X-2640,ZBED6,100381270.0,MutNovel,"V503I,0.640"
X-2640,ZBTB32,27033.0,Amp5,5.58
X-2640,ZBTB7B,51043.0,Amp5,7.11
X-2640,ZDHHC11,79844.0,MutNovel,"A303D,0.308"
X-2640,ZDHHC11,79844.0,Amp5,6.06
X-2640,ZFP112,7771.0,Amp5,5.24
X-2640,ZFP30,22835.0,Amp5,5.35
X-2640,ZFP36,7538.0,Amp5,5.35
X-2640,ZFPM1,161882.0,MutNovel,"E444A,1.000"
X-2640,ZFY,7544.0,Del0.8,0.23
X-2640,ZMYND15,84225.0,MutKnownFunctional,"-363,0.750"
X-2640,ZNF124,7678.0,Amp5,5.24
X-2640,ZNF146,7705.0,Amp5,5.58
X-2640,ZNF155,7711.0,Amp5,5.24
X-2640,ZNF180,7733.0,Amp5,5.24
X-2640,ZNF181,339318.0,Amp5,5.24
X-2640,ZNF219,51222.0,MutNovel,"QPP233P,0.625"
X-2640,ZNF221,7638.0,Amp5,5.24
X-2640,ZNF222,7673.0,Amp5,5.24
X-2640,ZNF223,7766.0,Amp5,5.24
X-2640,ZNF224,7767.0,Amp5,5.24
X-2640,ZNF225,7768.0,Amp5,5.24
X-2640,ZNF226,7769.0,Amp5,5.24
X-2640,ZNF227,7770.0,Amp5,5.24
X-2640,ZNF229,7772.0,Amp5,5.24
X-2640,ZNF230,7773.0,Amp5,5.24
X-2640,ZNF233,353355.0,Amp5,5.24
X-2640,ZNF234,10780.0,Amp5,5.24
X-2640,ZNF235,9310.0,Amp5,5.24
X-2640,ZNF238,10472.0,Amp5,5.46
X-2640,ZNF260,339324.0,Amp5,5.35
X-2640,ZNF283,284349.0,Amp5,5.24
X-2640,ZNF284,342909.0,Amp5,5.24
X-2640,ZNF285,26974.0,Amp5,5.24
X-2640,ZNF296,162979.0,Amp5,5.24
X-2640,ZNF30,90075.0,Amp5,5.24
X-2640,ZNF302,55900.0,Amp5,5.24
X-2640,ZNF345,25850.0,Amp5,5.35
X-2640,ZNF346,23567.0,Amp5,5.9
X-2640,ZNF382,84911.0,Amp5,5.35
X-2640,ZNF383,163087.0,Amp5,5.35
X-2640,ZNF384,171017.0,Amp5,5.86
X-2640,ZNF404,342908.0,Amp5,5.24
X-2640,ZNF420,147923.0,Amp5,5.35
X-2640,ZNF428,126299.0,Amp5,5.24
X-2640,ZNF45,7596.0,Amp5,5.24
X-2640,ZNF461,92283.0,Amp5,5.35
X-2640,ZNF496,84838.0,Amp5,5.24
X-2640,ZNF507,22847.0,Amp5,5.24
X-2640,ZNF526,116115.0,Amp5,5.35
X-2640,ZNF527,84503.0,Amp5,5.35
X-2640,ZNF529,57711.0,Amp5,5.35
X-2640,ZNF536,9745.0,Amp5,5.1
X-2640,ZNF540,163255.0,Amp5,5.35
X-2640,ZNF546,339327.0,Amp5,5.35
X-2640,ZNF565,147929.0,Amp5,5.58
X-2640,ZNF567,163081.0,Amp5,5.35
X-2640,ZNF568,374900.0,Amp5,5.35
X-2640,ZNF569,148266.0,Amp5,5.35
X-2640,ZNF570,148268.0,Amp5,5.35
X-2640,ZNF571,51276.0,Amp5,5.35
X-2640,ZNF573,126231.0,Amp5,5.35
X-2640,ZNF574,64763.0,Amp5,5.35
X-2640,ZNF575,284346.0,Amp5,5.24
X-2640,ZNF576,79177.0,Amp5,5.24
X-2640,ZNF585A,199704.0,MutNovel,"F168V,0.286"
X-2640,ZNF585A,199704.0,Amp5,5.35
X-2640,ZNF585B,92285.0,Amp5,5.35
X-2640,ZNF595,152687.0,MutNovel,"R7K,0.429"
X-2640,ZNF595,152687.0,MutNovel,"P15T,0.429"
X-2640,ZNF595,152687.0,MutNovel,"P23I,0.500"
X-2640,ZNF599,148103.0,Amp5,5.24
X-2640,ZNF607,84775.0,Amp5,5.35
X-2640,ZNF658,26149.0,MutNovel,"P97L,0.800"
X-2640,ZNF669,79862.0,Amp5,5.24
X-2640,ZNF670,93474.0,Amp5,5.24
X-2640,ZNF670-ZNF695,100533111.0,Amp5,5.24
X-2640,ZNF695,57116.0,Amp5,5.24
X-2640,ZNF721,170960.0,MutNovel,"H603Q,1.000"
X-2640,ZNF780A,284323.0,Amp5,5.35
X-2640,ZNF780B,163131.0,Amp5,5.35
X-2640,ZNF781,163115.0,Amp5,5.35
X-2640,ZNF785,146540.0,MutNovel,"C342Y,0.851"
X-2640,ZNF790,388536.0,Amp5,5.35
X-2640,ZNF792,126375.0,Amp5,5.24
X-2640,ZNF793,390927.0,Amp5,5.35
X-2640,ZNF829,374899.0,Amp5,5.35
X-2640,ZNF850,342892.0,Amp5,5.35
X-2709,AARS2,57505.0,Amp8,8.17
X-2709,ABCC10,89845.0,Amp8,8.17
X-2709,ACAT2,39.0,Amp5,5.94
X-2709,ADAMTS16,170690.0,Amp5,7.26
X-2709,ADAT2,134637.0,Amp5,5.94
X-2709,ADCY8,114.0,Amp8,11.47
X-2709,AGAP4,119016.0,MutNovel,"S363I,0.929"
X-2709,AGAP7,653268.0,MutNovel,"R528Q,1.000"
X-2709,AGAP8,728404.0,MutNovel,"S532T,0.455"
X-2709,AGPAT4,56895.0,Amp5,5.94
X-2709,AGPAT4-IT1,79992.0,Amp5,5.94
X-2709,AHI1,54806.0,Amp5,5.94
X-2709,AHRR,57491.0,Amp5,5.78
X-2709,AIG1,51390.0,Amp5,5.94
X-2709,AK5,26289.0,Amp8,9.06
X-2709,AKAP12,9590.0,Amp5,5.94
X-2709,AKAP7,9465.0,Amp5,5.94
X-2709,AKIRIN2,55122.0,Amp5,5.94
X-2709,ALDH8A1,64577.0,Amp5,5.94
X-2709,ALG5,29880.0,MutNovel,"R155Q,1.000"
X-2709,ALG6,29929.0,Amp5,5.66
X-2709,AMELY,266.0,Del0.8,0.32
X-2709,ANKRD11,29123.0,Del0.8,0.55
X-2709,ANKRD36,375248.0,MutNovel,"P823L,0.245"
X-2709,ANKRD36,375248.0,MutNovel,"T998S,0.383"
X-2709,ANKRD6,22881.0,Amp5,5.94
X-2709,APOBEC2,10930.0,Amp8,8.17
X-2709,ARC,23237.0,Amp8,28.05
X-2709,ARG1,383.0,Amp5,5.94
X-2709,ARHGAP18,93663.0,Amp5,5.94
X-2709,ARHGEF5,7984.0,MutNovel,"G288R,0.391"
X-2709,ARID1B,57492.0,Amp5,5.94
X-2709,ARVCF,421.0,MutNovel,"V340G,0.286"
X-2709,ASAP1,50807.0,Amp8,11.39
X-2709,ASAP1-IT1,29065.0,Amp8,11.39
X-2709,ASCC1,51008.0,MutNovel,"R64M,0.312"
X-2709,ATP6V0CP3,442211.0,Amp8,8.17
X-2709,ATPAF2,91647.0,MutNovel,"I64R,0.413"
X-2709,ATRIP,84126.0,MutNovel,"C455S,0.623"
X-2709,ATXN1,6310.0,Amp5,6.23
X-2709,B3GAT2,135152.0,Amp5,5.86
X-2709,BACH2,60468.0,Amp5,5.94
X-2709,BAG2,9532.0,Amp5,7.36
X-2709,BAI1,575.0,Amp8,28.05
X-2709,BAI3,577.0,Amp5,5.86
X-2709,BCKDHB,594.0,Amp5,6.06
X-2709,BCL9L,283149.0,MutNovel,"G436E,0.407"
X-2709,BCLAF1,9774.0,Amp5,5.94
X-2709,BCORP1,286554.0,Del0.8,0.29
X-2709,BHLHE41,79365.0,MutNovel,"G243S,1.000"
X-2709,BPY2B,442867.0,Del0.8,0.15
X-2709,BPY2B,442867.0,Del0.8,0.22
X-2709,BRD9,65980.0,Amp5,7.31
X-2709,BRP44L,51660.0,Amp5,6.02
X-2709,BYSL,705.0,Amp8,8.17
X-2709,C10orf25,220979.0,MutKnownFunctional,"E88*,0.308"
X-2709,C17orf49,,MutNovel,"R71Q,1.000"
X-2709,C1orf116,79098.0,MutKnownFunctional,"-23?,0.750"
X-2709,C5orf55,116349.0,Amp5,7.62
X-2709,C6orf108,10591.0,Amp8,8.17
X-2709,C6orf118,168090.0,Amp5,6.02
X-2709,C6orf120,387263.0,Amp5,6.02
X-2709,C6orf123,26238.0,Amp5,6.02
X-2709,C6orf130,221443.0,Amp8,8.17
X-2709,C6orf132,647024.0,Amp8,8.17
X-2709,C6orf147,387097.0,Amp5,5.86
X-2709,C6orf162,57150.0,Amp5,5.94
X-2709,C6orf163,206412.0,Amp5,5.94
X-2709,C6orf164,63914.0,Amp5,5.94
X-2709,C6orf165,154313.0,Amp5,5.94
X-2709,C6orf211,79624.0,Amp5,5.94
X-2709,C6orf223,221416.0,Amp8,8.17
X-2709,C6orf226,441150.0,Amp8,8.17
X-2709,C6orf228,221710.0,Amp5,7.31
X-2709,C6orf52,347744.0,Amp5,7.31
X-2709,C6orf57,135154.0,Amp5,5.86
X-2709,C6orf58,352999.0,Amp5,5.94
X-2709,C6orf7,89758.0,Amp5,6.06
X-2709,C6orf70,55780.0,Amp5,6.02
X-2709,C6orf72,116254.0,Amp5,5.94
X-2709,C6orf99,100130967.0,Amp5,5.94
X-2709,C8orf22,492307.0,Amp8,30.27
X-2709,CAD,790.0,MutNovel,"R770H,0.411"
X-2709,CAHM,100526820.0,Amp5,5.94
X-2709,CAP2,10486.0,Amp5,7.62
X-2709,CAPG,822.0,MutNovel,"G40C,0.493"
X-2709,CAPN11,11131.0,Amp8,8.17
X-2709,CASK,8573.0,Del0.8,0.64
X-2709,CASP8AP2,9994.0,Amp5,5.94
X-2709,CBWD6,644019.0,MutKnownFunctional,"-259?,0.278"
X-2709,CC2D1B,200014.0,MutNovel,"G768A,0.353"
X-2709,CCDC28A,25901.0,Amp5,5.94
X-2709,CCDC71L,168455.0,MutNovel,"P149S,0.857"
X-2709,CCDC90A,63933.0,Amp5,7.31
X-2709,CCND3,896.0,Amp8,8.17
X-2709,CCR6,1235.0,Amp5,6.02
X-2709,CCT6A,908.0,Amp8,9.19
X-2709,CD109,135228.0,Amp5,5.86
X-2709,CD2AP,23607.0,Amp8,8.17
X-2709,CD83,9308.0,Amp5,7.31
X-2709,CDC42EP1,11135.0,MutNovel,"PAPAANPS253P,0.810"
X-2709,CDC5L,988.0,Amp8,8.17
X-2709,CDKAL1,54901.0,Amp5,7.57
X-2709,CDY1B,253175.0,Del0.8,0.22
X-2709,CDY1B,253175.0,Del0.8,0.29
X-2709,CDY2A,9426.0,Del0.8,0.29
X-2709,CDY2A,9426.0,Del0.8,0.29
X-2709,CDY2B,203611.0,Del0.8,0.29
X-2709,CDY2B,203611.0,Del0.8,0.29
X-2709,CELF2,10659.0,MutNovel,"P22A,1.000"
X-2709,CELSR2,1952.0,MutNovel,"P1801R,0.271"
X-2709,CENPW,387103.0,Amp5,5.94
X-2709,CEP72,55722.0,Amp5,7.62
X-2709,CES1P1,51716.0,Del0.8,0.74
X-2709,CFHR1,3078.0,Amp5,6.45
X-2709,CFHR3,10878.0,Amp5,6.45
X-2709,CGA,1081.0,Amp5,5.98
X-2709,CHCHD2,51142.0,Amp8,16
X-2709,CHIC2,26511.0,Amp5,5.86
X-2709,CHRAC1,54108.0,Amp8,12.21
X-2709,CITED2,10370.0,Amp5,5.94
X-2709,CLDN20,49861.0,Amp5,5.94
X-2709,CLIC5,53405.0,Amp8,8.17
X-2709,CLPTM1L,81037.0,Amp5,7.31
X-2709,CNKSR3,154043.0,Amp5,5.94
X-2709,CNPY3,10695.0,Amp8,8.17
X-2709,CNR1,1268.0,Amp5,5.94
X-2709,CNTN5,53942.0,MutNovel,"S23A,0.528"
X-2709,COG1,9382.0,MutNovel,"W414C,1.000"
X-2709,COL11A2,1302.0,MutNovel,"P1221A,0.267"
X-2709,COL12A1,1303.0,Amp5,5.86
X-2709,COL19A1,1310.0,Amp5,5.86
X-2709,COL27A1,85301.0,Del0.8,0.76
X-2709,COL9A1,1297.0,Amp5,5.86
X-2709,COX7A2,1347.0,Amp5,5.86
X-2709,CRIP3,401262.0,Amp8,8.17
X-2709,CSMD1,64478.0,Del0.8,0.76
X-2709,CSMD3,114788.0,Amp8,15.89
X-2709,CSPG4P1Y,114758.0,Del0.8,0.22
X-2709,CSPG4P1Y,114758.0,Del0.8,0.29
X-2709,CTAGE4,100128553.0,Amp5,6.11
X-2709,CTAGE9,643854.0,Amp5,5.94
X-2709,CTGF,1490.0,Amp5,5.94
X-2709,CUL7,9820.0,Amp8,8.17
X-2709,CUL9,23113.0,Amp8,8.17
X-2709,CYB5R4,51167.0,Amp5,5.98
X-2709,CYP39A1,51302.0,Amp8,8.17
X-2709,CYP7A1,1581.0,Amp8,12.73
X-2709,DACT2,168002.0,Amp5,6.02
X-2709,DALRD3,55152.0,MutKnownFunctional,"E10*,0.269"
X-2709,DAZ1,1617.0,Del0.8,0.29
X-2709,DAZ2,57055.0,Del0.8,0.26
X-2709,DAZ3,57054.0,Del0.8,0.25
X-2709,DAZ3,57054.0,Del0.8,0.22
X-2709,DAZ4,57135.0,Del0.8,0.26
X-2709,DAZ4,57135.0,Del0.8,0.24
X-2709,DCUN1D4,23142.0,Amp5,5.06
X-2709,DDX3Y,8653.0,Del0.8,0.29
X-2709,DDX43,55510.0,Amp5,5.86
X-2709,DEK,7913.0,Amp5,5.58
X-2709,DENND3,22898.0,Amp8,27.86
X-2709,DHX34,9704.0,MutNovel,"I546M,0.444"
X-2709,DKFZp434L192,222029.0,Amp8,21.26
X-2709,DKFZp451B082,401282.0,Amp5,5.94
X-2709,DLEU2L,79469.0,Amp5,7.26
X-2709,DLK2,65989.0,Amp8,8.17
X-2709,DLL1,28514.0,Amp5,6.02
X-2709,DMD,1756.0,MutNovel,"I749V,1.000"
X-2709,DNAJB4,11080.0,Amp8,9.06
X-2709,DNAJC6,9829.0,Amp5,5.21
X-2709,DNASE1,1773.0,MutNovel,"E165K,1.000"
X-2709,DOPEY1,23033.0,Amp5,5.98
X-2709,DPPA5,340168.0,Amp5,5.86
X-2709,DTNBP1,84062.0,Amp5,7.31
X-2709,DYNLT1,6993.0,Amp5,5.94
X-2709,E2F3,1871.0,Amp5,7.57
X-2709,ECHDC1,55862.0,Amp5,5.94
X-2709,ECT2L,345930.0,Amp5,5.94
X-2709,EDN1,1906.0,Amp5,7.31
X-2709,EEF1A1,1915.0,Amp5,5.86
X-2709,EFCAB1,79645.0,Amp8,30.27
X-2709,EFCAB7,84455.0,Amp5,7.26
X-2709,EFR3A,23167.0,Amp8,12.21
X-2709,EGFR,1956.0,Amp8,17.63
X-2709,EIF1AY,9086.0,Del0.8,0.29
X-2709,EIF2C2,27161.0,Amp8,18.51
X-2709,ELMO3,79767.0,MutNovel,"R112S,1.000"
X-2709,ELOVL2,54898.0,Amp5,7.31
X-2709,ELOVL4,6785.0,Amp5,6.06
X-2709,ENPP1,5167.0,Amp5,5.94
X-2709,ENPP3,5169.0,Amp5,5.94
X-2709,ENPP4,22875.0,Amp8,8.17
X-2709,ENPP5,59084.0,Amp8,8.17
X-2709,EPB41L2,2037.0,MutNovel,"F394C,0.213"
X-2709,EPB41L2,2037.0,Amp5,5.94
X-2709,EPHA7,2045.0,Amp5,5.94
X-2709,EPM2A,7957.0,Amp5,5.94
X-2709,ERVFRD-1,405754.0,Amp5,7.31
X-2709,ERVMER34-1,100288413.0,Amp5,5.06
X-2709,ESR1,2099.0,Amp5,5.94
X-2709,EVI2A,2123.0,Del0.8,0.34
X-2709,EVI2B,2124.0,Del0.8,0.34
X-2709,EXOC3,11336.0,Amp5,7.62
X-2709,EYA4,2070.0,Amp5,5.94
X-2709,EYS,346007.0,Amp5,5.31
X-2709,EZR,7430.0,Amp5,5.94
X-2709,FABP5,2171.0,Amp8,19.16
X-2709,FADS2,9415.0,MutNovel,"R421T,0.556"
X-2709,FAM110B,90362.0,Amp8,12.73
X-2709,FAM120B,84498.0,Amp5,6.02
X-2709,FAM135A,57579.0,Amp5,5.86
X-2709,FAM150A,389658.0,Amp8,13.27
X-2709,FAM174A,345757.0,MutNovel,"M146T,1.000"
X-2709,FAM197Y2P,252946.0,Del0.8,0.07
X-2709,FAM41AY1,340618.0,Del0.8,0.29
X-2709,FAM41AY1,340618.0,Del0.8,0.29
X-2709,FAM46A,55603.0,Amp5,5.98
X-2709,FAM49B,51571.0,Amp8,13.36
X-2709,FAM54A,113115.0,Amp5,5.94
X-2709,FAM73A,374986.0,Amp8,9.06
X-2709,FAM84B,157638.0,Amp8,25.99
X-2709,FAM8A1,51439.0,Amp5,7.62
X-2709,FANCM,57697.0,MutKnownFunctional,"-1333?,0.300"
X-2709,FBLN2,2199.0,MutNovel,"G943C,0.479"
X-2709,FBXO11,80204.0,MutNovel,"K401R,0.385"
X-2709,FBXO30,84085.0,Amp5,5.94
X-2709,FBXO5,26271.0,Amp5,5.94
X-2709,FFAR3,2865.0,Del0.8,0.33
X-2709,FGFR1OP,11116.0,Amp5,6.02
X-2709,FHL5,9457.0,Amp5,5.94
X-2709,FILIP1,27145.0,Amp5,5.86
X-2709,FKBP9L,360132.0,Amp8,13.55
X-2709,FLJ23152,401236.0,Amp5,7.62
X-2709,FLJ45974,401337.0,Amp5,5.78
X-2709,FLJ46906,441172.0,Amp5,5.94
X-2709,FLYWCH1,84256.0,MutNovel,"G279R,1.000"
X-2709,FNDC1,84624.0,MutNovel,"ATTRRTT1471A,0.350"
X-2709,FNDC1,84624.0,Amp5,5.94
X-2709,FOXP4,116113.0,Amp8,8.17
X-2709,FRMD1,79981.0,Amp5,6.02
X-2709,FRMD5,84978.0,MutNovel,"R316Q,0.750"
X-2709,FRS3,10817.0,Amp8,8.17
X-2709,FUBP1,8880.0,Amp8,9.06
X-2709,FUCA2,2519.0,Amp5,5.94
X-2709,FUT9,10690.0,Amp5,5.94
X-2709,GABRR1,2569.0,Amp5,5.94
X-2709,GABRR2,2570.0,Amp5,5.94
X-2709,GBAS,2631.0,Amp8,15.89
X-2709,GCM2,9247.0,Amp5,7.31
X-2709,GCNT2,2651.0,Amp5,7.31
X-2709,GFOD1,54438.0,Amp5,7.31
X-2709,GIGYF2,26058.0,MutNovel,"PQ1231P,0.679"
X-2709,GIPC2,54810.0,Amp8,9.06
X-2709,GJA10,84694.0,Amp5,5.94
X-2709,GJB7,375519.0,Amp5,5.94
X-2709,GMPR,2766.0,Amp5,7.31
X-2709,GNMT,27232.0,Amp8,8.17
X-2709,GOLGA2P2Y,84559.0,Del0.8,0.22
X-2709,GOLGA2P2Y,84559.0,Del0.8,0.29
X-2709,GOLGA4,2803.0,MutNovel,"Q942R,0.528"
X-2709,GPR110,266977.0,Amp8,8.17
X-2709,GPR111,222611.0,Amp8,8.17
X-2709,GPR115,221393.0,Amp8,8.17
X-2709,GPR116,221395.0,Amp8,8.17
X-2709,GPR126,57211.0,Amp5,5.94
X-2709,GPR20,2843.0,Amp8,27.86
X-2709,GPR31,2853.0,Amp5,6.02
X-2709,GPR63,81491.0,Amp5,5.94
X-2709,GRM1,2911.0,Amp5,5.94
X-2709,GSDMC,56169.0,Amp8,15.78
X-2709,GSX2,170825.0,Amp5,5.86
X-2709,GTF2H5,404672.0,Amp5,5.94
X-2709,GTPBP2,54676.0,Amp8,8.17
X-2709,GUCA1A,2978.0,Amp8,8.17
X-2709,GUCA1B,2979.0,Amp8,8.17
X-2709,GUSBP10,642006.0,Amp8,20.68
X-2709,GYG2P1,352887.0,Del0.8,0.29
X-2709,HBS1L,10767.0,Amp5,5.94
X-2709,HDGFL1,154150.0,Amp5,7.67
X-2709,HEBP2,23593.0,Amp5,5.94
X-2709,HECA,51696.0,Amp5,5.94
X-2709,HFE,3077.0,Del0.8,0.63
X-2709,HGC6.3,100128124.0,MutNovel,"S119F,1.000"
X-2709,HGC6.3,100128124.0,MutNovel,"P102S,0.444"
X-2709,HGC6.3,100128124.0,MutNovel,"V90A,0.294"
X-2709,HGC6.3,100128124.0,MutNovel,"Q24P,0.300"
X-2709,HGC6.3,100128124.0,Amp5,6.02
X-2709,HGSNAT,138050.0,Amp8,16.56
X-2709,HHLA1,10086.0,Amp8,12.21
X-2709,HINT3,135114.0,Amp5,5.94
X-2709,HIST1H1T,3010.0,Del0.8,0.63
X-2709,HIST1H4C,8364.0,Del0.8,0.63
X-2709,HIVEP1,3096.0,Amp5,7.31
X-2709,HIVEP2,3097.0,Amp5,5.94
X-2709,HLA-A,3105.0,MutNovel,"H175R,0.333"
X-2709,HLA-DQB2,3120.0,MutNovel,"D162G,1.000"
X-2709,HMGA1P7,387065.0,Amp5,5.94
X-2709,HMGN3,9324.0,Amp5,6.06
X-2709,HPVC1,3262.0,Amp8,9.92
X-2709,HPYR1,93668.0,Amp8,47.5
X-2709,HSFY2,159119.0,Del0.8,0.29
X-2709,HSFY2,159119.0,Del0.8,0.29
X-2709,HSP90AB1,3326.0,Amp8,8.17
X-2709,HTR1B,3351.0,Amp5,6.02
X-2709,HTR1E,3354.0,Amp5,5.98
X-2709,HYMAI,57061.0,Amp5,5.94
X-2709,IBTK,25998.0,Amp5,5.98
X-2709,ID4,3400.0,Amp5,7.57
X-2709,IFNGR1,3459.0,Amp5,5.94
X-2709,IGF2R,3482.0,Amp5,5.94
X-2709,IL20RA,53832.0,Amp5,5.94
X-2709,IL22RA2,116379.0,Amp5,5.94
X-2709,IMPG1,3617.0,Amp5,5.86
X-2709,INADL,10207.0,Amp5,5.78
X-2709,IPCEF1,26034.0,Amp5,5.94
X-2709,IPO8,10526.0,Amp5,5.58
X-2709,IQGAP3,128239.0,MutNovel,"V1440G,0.730"
X-2709,IRAK1BP1,134728.0,Amp5,6.06
X-2709,IRX1,79192.0,Amp5,7.73
X-2709,IRX4,50805.0,Amp5,7.31
X-2709,ITGB3BP,23421.0,Amp5,7.26
X-2709,ITGB6,3694.0,MutNovel,"F223V,0.385"
X-2709,IYD,389434.0,Amp5,5.94
X-2709,JARID2,3720.0,Amp5,7.31
X-2709,JMJD1C,221037.0,Del0.8,0.75
X-2709,JRK,8629.0,Amp8,28.05
X-2709,KATNA1,11104.0,Amp5,5.94
X-2709,KCNQ3,3786.0,Amp8,17.15
X-2709,KCNQ5,56479.0,Amp5,5.86
X-2709,KCNU1,157855.0,Amp8,14.52
X-2709,KCNV1,27012.0,Amp8,13.55
X-2709,KDM1B,221656.0,Amp5,7.62
X-2709,KDM5D,8284.0,Del0.8,0.29
X-2709,KDM6A,7403.0,MutNovel,"R1111P,0.981"
X-2709,KDM6A,7403.0,Del0.8,0.63
X-2709,KHDC1,80759.0,Amp5,5.86
X-2709,KHDC1L,100129128.0,Amp5,5.86
X-2709,KHDRBS2,202559.0,Amp5,5.94
X-2709,KIAA0196,9897.0,Amp8,25.99
X-2709,KIAA0240,23506.0,Amp8,8.17
X-2709,KIAA0319,9856.0,MutNovel,"G401R,0.783"
X-2709,KIAA0368,23392.0,MutNovel,"R117P,1.000"
X-2709,KIAA0408,9729.0,Amp5,5.94
X-2709,KIAA0753,9851.0,MutNovel,"S929T,1.000"
X-2709,KIAA0947,23379.0,Amp5,7.26
X-2709,KIAA1009,22832.0,Amp5,5.98
X-2709,KIAA1244,57221.0,Amp5,5.94
X-2709,KIAA1324,57535.0,MutNovel,"R327C,0.375"
X-2709,KIAA1468,57614.0,MutNovel,"V1000I,1.000"
X-2709,KIAA1586,57691.0,Amp5,7.36
X-2709,KIF13A,63971.0,Amp5,7.62
X-2709,KIF20B,9585.0,MutNovel,"L1062LKV,0.490"
X-2709,KIF25,3834.0,Amp5,6.02
X-2709,KIT,3815.0,Amp5,5.82
X-2709,KLC4,89953.0,Amp8,8.17
X-2709,KLHDC3,116138.0,Amp8,8.17
X-2709,KLHL32,114792.0,Amp5,5.94
X-2709,KRT6A,3853.0,MutNovel,"E165A,0.559"
X-2709,L3MBTL3,84456.0,Amp5,5.94
X-2709,LAMA2,3908.0,Amp5,5.94
X-2709,LANCL2,55915.0,Amp8,13.55
X-2709,LATS1,9113.0,Amp5,5.94
X-2709,LCA5,167691.0,Amp5,6.06
X-2709,LCE3B,353143.0,Del0.8,0.34
X-2709,LCE3C,353144.0,Del0.8,0.34
X-2709,LEPR,3953.0,Amp5,5.7
X-2709,LEPROT,54741.0,Amp5,5.7
X-2709,LGSN,51557.0,Amp5,5.94
X-2709,LINC00202,387644.0,Amp5,5.74
X-2709,LINC00242,401288.0,Amp5,6.02
X-2709,LINC00271,100131814.0,Amp5,5.94
X-2709,LINC00326,285735.0,Amp5,5.94
X-2709,LINC00340,401237.0,Amp5,6.23
X-2709,LINC00472,79940.0,Amp5,5.86
X-2709,LINC00473,90632.0,Amp5,6.02
X-2709,LINC00518,221718.0,Amp5,7.31
X-2709,LMBRD1,55788.0,Amp5,5.86
X-2709,LOC100128176,100128176.0,Amp5,5.94
X-2709,LOC100129518,100129518.0,Amp5,5.94
X-2709,LOC100130231,100130231.0,Amp8,25.99
X-2709,LOC100130275,100130275.0,Amp5,7.31
X-2709,LOC100130357,100130357.0,Amp5,7.31
X-2709,LOC100130849,100130849.0,Amp8,12.64
X-2709,LOC100132354,100132354.0,Amp8,8.17
X-2709,LOC100132735,100132735.0,Amp5,5.94
X-2709,LOC100287063,,MutNovel,"L236R,1.000"
X-2709,LOC100287718,100287718.0,Amp8,8.17
X-2709,LOC100288181,100288181.0,Amp8,28.05
X-2709,LOC100288198,100288198.0,Amp5,6.06
X-2709,LOC100289495,100289495.0,Amp5,6.02
X-2709,LOC100506504,,MutNovel,"R15H,0.591"
X-2709,LOC100506688,100506688.0,Amp5,7.31
X-2709,LOC100506804,100506804.0,Amp5,5.86
X-2709,LOC100507117,100507117.0,Amp8,11.39
X-2709,LOC100507203,100507203.0,Amp5,5.94
X-2709,LOC100507254,100507254.0,Amp5,5.94
X-2709,LOC100507462,100507462.0,Amp5,5.94
X-2709,LOC100507489,100507489.0,Amp5,5.94
X-2709,LOC100507557,100507557.0,Amp5,5.94
X-2709,LOC100509263,,MutNovel,"L223S,1.000"
X-2709,LOC100652739,100652739.0,Amp5,5.94
X-2709,LOC100996610,,MutNovel,"S48P,0.667"
X-2709,LOC152578,152578.0,Amp5,5.06
X-2709,LOC153910,153910.0,Amp5,5.94
X-2709,LOC154092,154092.0,Amp5,5.94
X-2709,LOC154449,154449.0,Amp5,6.02
X-2709,LOC157381,157381.0,Amp8,25.99
X-2709,LOC285577,285577.0,Amp5,7.73
X-2709,LOC285740,285740.0,Amp5,5.94
X-2709,LOC285878,285878.0,Amp8,28.84
X-2709,LOC340094,340094.0,Amp5,7.26
X-2709,LOC645434,645434.0,Amp5,5.94
X-2709,LOC650226,650226.0,Amp8,18.38
X-2709,LOC727677,727677.0,Amp8,25.99
X-2709,LOC728377,728377.0,Amp5,6.11
X-2709,LOC728613,728613.0,Amp5,7.31
X-2709,LOC728724,728724.0,Amp8,20.53
X-2709,LOC729176,729176.0,Amp5,5.94
X-2709,LOC729177,729177.0,Amp5,7.67
X-2709,LOC729603,729603.0,Amp5,5.94
X-2709,LOC731779,731779.0,Amp8,27.86
X-2709,LOC84989,84989.0,Del0.8,0.33
X-2709,LPA,4018.0,Amp5,5.94
X-2709,LPAL2,80350.0,Amp5,5.94
X-2709,LPCAT1,79888.0,Amp5,7.31
X-2709,LRP11,84918.0,Amp5,5.94
X-2709,LRRC6,23639.0,Amp8,47.5
X-2709,LRRC66,339977.0,Amp5,5.06
X-2709,LRRC73,221424.0,Amp8,8.17
X-2709,LRSAM1,90678.0,MutNovel,"A663T,1.000"
X-2709,LSR,51599.0,MutNovel,"G518GR,0.397"
X-2709,LTBP3,4054.0,MutNovel,"L35LCW,0.263"
X-2709,LTV1,84946.0,Amp5,5.94
X-2709,LY6K,54742.0,Amp8,28.05
X-2709,LYPD2,137797.0,Amp8,28.05
X-2709,LYRM2,57226.0,Amp5,5.94
X-2709,LYST,1130.0,MutNovel,"G2232E,0.423"
X-2709,MAD2L1BP,9587.0,Amp8,8.17
X-2709,MAK,4117.0,Amp5,7.31
X-2709,MANEA,79694.0,Amp5,5.94
X-2709,MAP3K4,4216.0,MutNovel,"PA1189P,0.667"
X-2709,MAP3K4,4216.0,Amp5,5.94
X-2709,MAP3K5,4217.0,Amp5,5.94
X-2709,MAP3K7,6885.0,Amp5,5.94
X-2709,MAP7,9053.0,Amp5,5.94
X-2709,MAS1,4142.0,Amp5,5.94
X-2709,MB21D1,115004.0,Amp5,5.86
X-2709,MBOAT1,154141.0,Amp5,7.57
X-2709,MDFI,4188.0,Amp8,8.17
X-2709,MDN1,23195.0,Amp5,5.94
X-2709,ME1,4199.0,Amp5,5.98
X-2709,MEA1,4201.0,Amp8,8.17
X-2709,MED20,9477.0,Amp8,8.17
X-2709,MED23,9439.0,Amp5,5.94
X-2709,MEGF8,1954.0,MutNovel,"C1825Y,0.477"
X-2709,MEIS3,56917.0,MutNovel,"A382G,0.750"
X-2709,MEP1A,4224.0,Amp8,8.17
X-2709,MGC27382,149047.0,Amp5,5.28
X-2709,MGC34034,154089.0,Amp5,5.94
X-2709,MICAL3,57553.0,MutNovel,"K752N,0.990"
X-2709,MIR1204,100302185.0,Amp8,25.99
X-2709,MIR1205,100302161.0,Amp8,25.99
X-2709,MIR1206,100302170.0,Amp8,25.99
X-2709,MIR1207,100302175.0,Amp8,25.99
X-2709,MIR1208,100302281.0,Amp8,25.99
X-2709,MIR1296,100302150.0,Del0.8,0.33
X-2709,MIR1913,100302141.0,Amp5,6.02
X-2709,MIR2053,100302225.0,Amp8,20.68
X-2709,MIR2113,100302164.0,Amp5,5.94
X-2709,MIR30A,407029.0,Amp5,5.86
X-2709,MIR30C2,407032.0,Amp5,5.86
X-2709,MIR3145,100423001.0,Amp5,5.94
X-2709,MIR3147,100422939.0,Amp8,20.68
X-2709,MIR3662,100500880.0,Amp5,5.94
X-2709,MIR3668,100500879.0,Amp5,5.94
X-2709,MIR3692,100500899.0,Amp5,5.94
X-2709,MIR3918,100500851.0,Amp5,5.94
X-2709,MIR3939,100500857.0,Amp5,6.02
X-2709,MIR4277,100422966.0,Amp5,7.31
X-2709,MIR4282,100423005.0,Amp5,5.86
X-2709,MIR4283-1,100422917.0,Amp5,5.28
X-2709,MIR4283-1,100422917.0,Amp8,10.27
X-2709,MIR4449,100616436.0,Amp5,5.06
X-2709,MIR4456,100616381.0,Amp5,7.62
X-2709,MIR4457,100616235.0,Amp5,7.31
X-2709,MIR4464,100616109.0,Amp5,5.94
X-2709,MIR4465,100616180.0,Amp5,5.94
X-2709,MIR4466,100616154.0,Amp5,5.94
X-2709,MIR4635,100616479.0,Amp5,7.31
X-2709,MIR4639,100616269.0,Amp5,7.31
X-2709,MIR4641,100616178.0,Amp8,8.17
X-2709,MIR4642,100616352.0,Amp8,8.17
X-2709,MIR4643,100616174.0,Amp5,5.94
X-2709,MIR4644,100616430.0,Amp5,6.02
X-2709,MIR4647,100616124.0,Amp8,8.17
X-2709,MIR548A1,693125.0,Amp5,7.73
X-2709,MIR548H3,100302287.0,Amp5,5.94
X-2709,MIR586,693171.0,Amp8,8.17
X-2709,MLLT4,4301.0,Amp5,6.02
X-2709,MMS22L,253714.0,Amp5,5.94
X-2709,MOXD1,26002.0,Amp5,5.94
X-2709,MPRIP,23164.0,MutNovel,"TS178T,0.520"
X-2709,MRAP2,112609.0,Amp5,5.98
X-2709,MRPL14,64928.0,Amp8,8.17
X-2709,MRPL18,29074.0,Amp5,5.94
X-2709,MRPL2,51069.0,Amp8,8.17
X-2709,MRPL36,64979.0,Amp5,7.31
X-2709,MRPS10,55173.0,Amp8,8.17
X-2709,MRPS17,51373.0,Amp8,15.89
X-2709,MRPS18A,55168.0,Amp8,8.17
X-2709,MTCH1,23787.0,MutNovel,"A16V,0.500"
X-2709,MTHFD1L,25902.0,Amp5,5.94
X-2709,MTO1,25821.0,Amp5,5.86
X-2709,MTRF1L,54516.0,Amp5,5.94
X-2709,MUC5B,727897.0,MutNovel,"R4159H,0.490"
X-2709,MYB,4602.0,Amp5,5.94
X-2709,MYC,4609.0,Amp8,25.99
X-2709,MYCT1,80177.0,Amp5,5.94
X-2709,MYH14,79784.0,MutNovel,"V1526A,0.497"
X-2709,MYH4,4622.0,MutNovel,"E510V,1.000"
X-2709,MYLIP,29116.0,Amp5,7.31
X-2709,MYO10,4651.0,MutNovel,"VY1982-,0.388"
X-2709,MYO6,4646.0,Amp5,5.86
X-2709,N4BP3,23138.0,MutNovel,"G161R,1.000"
X-2709,NACA2,342538.0,MutNovel,"R144K,1.000"
X-2709,NCOA7,135112.0,Amp5,5.28
X-2709,NCOR2,9612.0,MutNovel,"G1839GAAA,0.400"
X-2709,NCR2,9436.0,Amp8,8.17
X-2709,NCRNA00185,55410.0,Del0.8,0.29
X-2709,NDRG1,10397.0,Amp8,24.42
X-2709,NDUFAF4,29078.0,Amp5,5.94
X-2709,NDUFAF6,,MutNovel,"G28A,1.000"
X-2709,NDUFS6,4726.0,Amp5,7.31
X-2709,NEDD9,4739.0,Amp5,7.31
X-2709,NEURL1B,54492.0,MutNovel,"A178S,1.000"
X-2709,NEURL2,140825.0,MutKnownFunctional,"-136?,0.545"
X-2709,NEXN,91624.0,Amp8,9.06
X-2709,NF1,4763.0,Del0.8,0.54
X-2709,NFIA,4774.0,Amp5,5.82
X-2709,NFKBIE,4794.0,Amp8,8.17
X-2709,NFYA,4800.0,Amp8,8.17
X-2709,NHEG1,100294720.0,Amp5,5.94
X-2709,NHLRC1,378884.0,Amp5,7.62
X-2709,NHSL1,57224.0,Amp5,5.94
X-2709,NID1,4811.0,MutNovel,"Y75H,0.266"
X-2709,NKD2,85409.0,Amp5,7.31
X-2709,NLGN4Y,22829.0,Del0.8,0.29
X-2709,NMBR,4829.0,Amp5,5.94
X-2709,NOC3L,64318.0,MutNovel,"R614H,0.502"
X-2709,NOL7,51406.0,Amp5,7.31
X-2709,NOX3,50508.0,Amp5,5.94
X-2709,NSMAF,8439.0,Amp5,6.19
X-2709,NSMCE2,286053.0,Amp8,25.99
X-2709,NT5E,4907.0,Amp5,5.98
X-2709,NUP153,9972.0,Amp5,7.62
X-2709,NUP43,348995.0,Amp5,5.94
X-2709,OBP2A,29991.0,MutNovel,"F90Y,1.000"
X-2709,OBP2A,29991.0,MutNovel,"P133C,1.000"
X-2709,OBP2A,29991.0,MutNovel,"L137R,1.000"
X-2709,OC90,729330.0,Amp8,12.21
X-2709,OCRL,4952.0,Del0.8,0.35
X-2709,ODF3B,440836.0,Del0.8,0.59
X-2709,OGFRL1,79627.0,Amp5,5.86
X-2709,OLIG3,167826.0,Amp5,5.94
X-2709,OMG,4974.0,Del0.8,0.34
X-2709,OOEP,441161.0,Amp5,5.86
X-2709,OPN5,221391.0,Amp8,8.17
X-2709,OPRM1,4988.0,Amp5,5.94
X-2709,OR2A4,79541.0,Amp5,5.94
X-2709,OR2A42,402317.0,Amp5,6.11
X-2709,OR2A42,402317.0,Amp5,6.11
X-2709,OR2A7,401427.0,Amp5,6.11
X-2709,OR2A9P,441295.0,Amp5,6.11
X-2709,OR2A9P,441295.0,Amp5,6.11
X-2709,ORC3,23595.0,Amp5,5.94
X-2709,OSBPL1A,114876.0,MutNovel,"N528I,0.996"
X-2709,OSTCP1,202459.0,Amp5,5.94
X-2709,OTUD3,23252.0,MutNovel,"-44G,0.423"
X-2709,PACRG,135138.0,Amp5,5.94
X-2709,PAG1,55824.0,Amp8,19.16
X-2709,PAK1IP1,55003.0,Amp5,7.31
X-2709,PARG,8505.0,MutNovel,"I761V,0.646"
X-2709,PARK2,5071.0,Amp5,5.94
X-2709,PARP6,56965.0,MutNovel,"S83Y,0.508"
X-2709,PBOV1,59351.0,Amp5,5.94
X-2709,PCAT1,100750225.0,Amp8,25.99
X-2709,PCDH11Y,83259.0,Del0.8,0.4
X-2709,PCMT1,5110.0,Amp5,5.94
X-2709,PCMTD1,115294.0,Amp8,29.45
X-2709,PDCD2,5134.0,Amp5,6.02
X-2709,PDE10A,10846.0,Amp5,6.02
X-2709,PDE4DIP,9659.0,MutNovel,"E2334K,0.467"
X-2709,PDE7B,27115.0,Amp5,5.94
X-2709,PERP,64065.0,Amp5,5.94
X-2709,PEX3,8504.0,Amp5,5.94
X-2709,PEX6,5190.0,Amp8,8.17
X-2709,PEX7,5191.0,Amp5,5.94
X-2709,PGC,5225.0,Amp8,8.17
X-2709,PGM1,5236.0,Amp5,7.26
X-2709,PGM3,5238.0,Amp5,5.98
X-2709,PHACTR1,221692.0,Amp5,7.31
X-2709,PHACTR2,9749.0,Amp5,5.94
X-2709,PHF10,55274.0,Amp5,6.02
X-2709,PHF20L1,51105.0,Amp8,24.42
X-2709,PHF3,23469.0,Amp5,5.94
X-2709,PHIP,55023.0,Amp5,6.06
X-2709,PHKG1,5260.0,Amp8,12.13
X-2709,PHLDA1,22822.0,MutNovel,"QQ194Q,0.523"
X-2709,PIGK,10026.0,Amp8,9.06
X-2709,PKD1,5310.0,MutNovel,"A92V,0.216"
X-2709,PLA2G7,7941.0,Amp8,8.17
X-2709,PLAGL1,5325.0,Amp5,5.94
X-2709,PLEC,5339.0,Amp5,7.94
X-2709,PLEKHG1,57480.0,Amp5,5.94
X-2709,PLEKHG2,64857.0,MutNovel,"T274I,0.421"
X-2709,PLG,5340.0,Amp5,5.94
X-2709,PM20D2,135293.0,Amp5,5.94
X-2709,PNLDC1,154197.0,Amp5,5.94
X-2709,PNRC1,10957.0,Amp5,5.94
X-2709,POLH,5429.0,Amp8,8.17
X-2709,POLR1C,9533.0,Amp8,8.17
X-2709,POM121C,100101267.0,MutNovel,"V8L,0.378"
X-2709,POTEA,340441.0,Amp8,14.52
X-2709,POTEE,445582.0,MutNovel,"G546R,1.000"
X-2709,POU5F1B,5462.0,Amp8,25.99
X-2709,PP7080,25845.0,Amp5,7.62
X-2709,PPIL4,85313.0,Amp5,5.94
X-2709,PPP1R14C,81706.0,Amp5,5.94
X-2709,PPP1R21,129285.0,MutNovel,"S554A,0.500"
X-2709,PPP2R3B,28227.0,MutNovel,"R709H,1.000"
X-2709,PPP2R5D,5528.0,Amp8,8.17
X-2709,PRIC285,85441.0,MutNovel,"V2107M,1.000"
X-2709,PRIC285,85441.0,MutNovel,"R1141W,0.977"
X-2709,PRICKLE4,29964.0,Amp8,8.17
X-2709,PRIM2,5558.0,Amp5,6.06
X-2709,PRKY,5616.0,Del0.8,0.32
X-2709,PRL,5617.0,Amp5,7.67
X-2709,PRPH2,5961.0,Amp8,8.17
X-2709,PRR18,285800.0,Amp5,6.02
X-2709,PRSS35,167681.0,Amp5,5.98
X-2709,PRUNE,58497.0,MutNovel,"G342D,0.295"
X-2709,PRY,9081.0,Del0.8,0.29
X-2709,PRY,9081.0,Del0.8,0.29
X-2709,PRY2,442862.0,Del0.8,0.29
X-2709,PRY2,442862.0,Del0.8,0.29
X-2709,PSCA,8000.0,Amp8,28.05
X-2709,PSMB1,5689.0,Amp5,6.02
X-2709,PSPH,5723.0,Amp8,12.13
X-2709,PTCRA,171558.0,Amp8,8.17
X-2709,PTK2,5747.0,Amp8,27.86
X-2709,PTK7,5754.0,Amp8,8.17
X-2709,PTP4A1,7803.0,Amp5,5.94
X-2709,PTPRK,5796.0,Amp5,5.94
X-2709,PVT1,5820.0,Amp8,25.99
X-2709,PXDNL,137902.0,Amp8,34.54
X-2709,PYROXD1,79912.0,MutNovel,"V450I,1.000"
X-2709,RAB23,51715.0,Amp5,7.36
X-2709,RAB32,10981.0,Amp5,5.94
X-2709,RAET1E,135250.0,Amp5,5.94
X-2709,RAET1G,353091.0,Amp5,5.94
X-2709,RAET1K,646024.0,Amp5,5.94
X-2709,RAET1L,154064.0,Amp5,5.94
X-2709,RANBP9,10048.0,Amp5,7.31
X-2709,RARS2,57038.0,Amp5,5.94
X-2709,RASL11B,65997.0,Amp5,5.06
X-2709,RBFOX1,54715.0,Del0.8,0.68
X-2709,RBM24,221662.0,Amp5,7.62
X-2709,RBMY1A3P,286557.0,Del0.8,0.32
X-2709,RBMY1B,378948.0,Del0.8,0.29
X-2709,RBMY1B,378948.0,Del0.8,0.29
X-2709,RBMY1E,378950.0,Del0.8,0.29
X-2709,RBMY1E,378950.0,Del0.8,0.29
X-2709,RBMY1F,159163.0,Del0.8,0.29
X-2709,RBMY1F,159163.0,Del0.8,0.29
X-2709,RBMY1J,378951.0,Del0.8,0.29
X-2709,RBMY1J,378951.0,Del0.8,0.29
X-2709,RBMY2EP,159125.0,Del0.8,0.29
X-2709,RBMY2FP,159162.0,Del0.8,0.29
X-2709,RBMY3AP,64593.0,Del0.8,0.29
X-2709,RCAN2,10231.0,Amp8,8.17
X-2709,RDX,5962.0,MutNovel,"M12T,0.482"
X-2709,REC8,9985.0,MutNovel,"P291T,0.979"
X-2709,REPS1,85021.0,Amp5,5.94
X-2709,RFC4,5984.0,MutKnownFunctional,"-308,0.435"
X-2709,RGS17,26575.0,Amp5,5.94
X-2709,RHD,6007.0,Del0.8,0.64
X-2709,RIMS1,22999.0,Amp5,5.86
X-2709,RIPPLY2,134701.0,Amp5,5.98
X-2709,RMND1,55005.0,Amp5,5.94
X-2709,RNASET2,8635.0,Amp5,6.02
X-2709,RNF126,55658.0,MutNovel,"H67Y,0.476"
X-2709,RNF144B,255488.0,Amp5,7.73
X-2709,RNF146,81847.0,Amp5,5.94
X-2709,RNF182,221687.0,Amp5,7.31
X-2709,RNF39,80352.0,MutNovel,"R247G,0.511"
X-2709,RNGTT,8732.0,Amp5,5.94
X-2709,RNY4,6086.0,Amp5,6.06
X-2709,RPL21P44,402176.0,Amp5,5.86
X-2709,RPL7L1,285855.0,Amp8,8.17
X-2709,RPS12,6206.0,Amp5,5.94
X-2709,RPS4Y1,6192.0,Del0.8,0.4
X-2709,RPS4Y2,140032.0,Del0.8,0.29
X-2709,RPS6KA2,6196.0,Amp5,6.02
X-2709,RRAGD,58528.0,Amp5,5.94
X-2709,RRP36,88745.0,Amp8,8.17
X-2709,RRP7A,27341.0,Amp5,6.32
X-2709,RSPH3,83861.0,Amp5,5.94
X-2709,RSPH9,221421.0,Amp8,8.17
X-2709,RSPO3,84870.0,Amp5,5.94
X-2709,RUNX1T1,862.0,Amp5,7.62
X-2709,RUNX2,860.0,Amp8,8.17
X-2709,RWDD2A,112611.0,Amp5,5.98
X-2709,RYR3,6263.0,MutNovel,"LE4438L,0.788"
X-2709,SAMD3,154075.0,Amp5,5.94
X-2709,SAMD5,389432.0,Amp5,5.94
X-2709,SAP130,79595.0,MutNovel,"V302L,0.483"
X-2709,SASH1,23328.0,MutNovel,"A226G,0.202"
X-2709,SASH1,23328.0,Amp5,5.94
X-2709,SBF1,6305.0,MutNovel,"L1436V,1.000"
X-2709,SDCBP,6386.0,Amp8,12.73
X-2709,SDHAP3,728609.0,Amp5,7.31
X-2709,SEC61G,23480.0,Amp8,15.78
X-2709,SENP6,26054.0,Amp5,5.86
X-2709,2014-09-14 00:00:00,346288.0,Amp8,11.71
X-2709,SERAC1,84947.0,Amp5,5.94
X-2709,SERINC2,347735.0,MutNovel,"-373Q,0.688"
X-2709,SF3B5,83443.0,Amp5,5.94
X-2709,SFT2D1,113402.0,Amp5,6.02
X-2709,SGCB,6443.0,Amp5,5.06
X-2709,SGK1,6446.0,Amp5,5.94
X-2709,SGK196,84197.0,Amp8,8.75
X-2709,SH3BGRL2,83699.0,Amp5,6.06
X-2709,SHPRH,257218.0,Amp5,5.94
X-2709,SIRT5,23408.0,Amp5,7.31
X-2709,SLA,6503.0,Amp8,24.42
X-2709,SLC12A7,10723.0,Amp5,7.31
X-2709,SLC17A5,26503.0,Amp5,5.86
X-2709,SLC22A1,6580.0,Amp5,5.94
X-2709,SLC22A2,6582.0,Amp5,5.94
X-2709,SLC22A3,6581.0,Amp5,5.94
X-2709,SLC22A7,10864.0,Amp8,8.17
X-2709,SLC25A27,9481.0,Amp8,8.17
X-2709,SLC29A1,2030.0,Amp8,8.17
X-2709,SLC2A12,154091.0,Amp5,5.94
X-2709,SLC2A3,6515.0,MutNovel,"E482G,0.333"
X-2709,SLC35A1,10559.0,Amp5,5.94
X-2709,SLC35B2,347734.0,Amp8,8.17
X-2709,SLC35D3,340146.0,Amp5,5.94
X-2709,SLC37A4,2542.0,MutKnownFunctional,"R377*,0.466"
X-2709,SLC45A4,57210.0,Amp8,27.86
X-2709,SLC6A18,348932.0,Amp5,7.31
X-2709,SLC6A19,340024.0,Amp5,7.31
X-2709,SLC6A3,6531.0,Amp5,7.31
X-2709,SLC9A3,6550.0,Amp5,7.62
X-2709,SLURP1,57152.0,Amp8,28.05
X-2709,SMAP1,60682.0,Amp5,5.86
X-2709,SMARCA1,6594.0,Del0.8,0.35
X-2709,SMG7,9887.0,MutNovel,"F311L,0.386"
X-2709,SMOC2,64094.0,Amp5,6.02
X-2709,SNAI2,6591.0,Amp8,30.27
X-2709,SNAP91,9892.0,Amp5,5.98
X-2709,SNAPIN,23557.0,MutNovel,"P131L,0.356"
X-2709,SNHG5,387066.0,Amp5,5.98
X-2709,SNORA15,677803.0,Amp8,9.19
X-2709,SNORA20,677806.0,Amp5,5.94
X-2709,SNORA26,677810.0,Amp5,5.06
X-2709,SNORA29,677812.0,Amp5,5.94
X-2709,SNORA33,594839.0,Amp5,5.94
X-2709,SNORD50A,26799.0,Amp5,5.98
X-2709,SNORD50B,692088.0,Amp5,5.98
X-2709,SNTG1,54212.0,Amp8,35.02
X-2709,SNX14,57231.0,Amp5,5.98
X-2709,SNX9,51429.0,Amp5,5.94
X-2709,SOD2,6648.0,Amp5,5.94
X-2709,SOX4,6659.0,Amp5,7.57
X-2709,SPACA1,81833.0,Amp5,5.94
X-2709,SPATA18,132671.0,Amp5,5.06
X-2709,SPATS1,221409.0,Amp8,8.17
X-2709,SPEG,10290.0,MutNovel,"R2026G,0.478"
X-2709,SQLE,6713.0,Amp8,25.99
X-2709,SRF,6722.0,Amp8,8.17
X-2709,SRRD,402055.0,MutNovel,"I131M,0.457"
X-2709,SRSF12,135295.0,Amp5,5.94
X-2709,SRY,6736.0,Del0.8,0.4
X-2709,ST18,9705.0,Amp8,13.27
X-2709,ST6GALNAC5,81849.0,Amp5,7.46
X-2709,STARD9,57519.0,MutNovel,"L1798W,1.000"
X-2709,STX11,8676.0,Amp5,5.94
X-2709,STX7,8417.0,Amp5,5.94
X-2709,STXBP5,134957.0,Amp5,5.94
X-2709,SUMF2,25870.0,Amp8,9.19
X-2709,SUMO4,387082.0,Amp5,5.94
X-2709,SUPT3H,8464.0,Amp8,8.17
X-2709,SYCP2L,221711.0,Amp5,7.31
X-2709,SYNCRIP,10492.0,Amp5,5.98
X-2709,SYNE1,23345.0,MutNovel,"V7118F,0.215"
X-2709,SYNE1,23345.0,Amp5,5.94
X-2709,SYNJ2,8871.0,Amp5,5.94
X-2709,SYT15,83849.0,MutKnownFunctional,"-86,1.000"
X-2709,SYTL3,94120.0,Amp5,5.94
X-2709,T,6862.0,Amp5,6.02
X-2709,TAAR1,134864.0,Amp5,5.94
X-2709,TAAR2,9287.0,Amp5,5.94
X-2709,TAAR3,9288.0,Amp5,5.94
X-2709,TAAR5,9038.0,Amp5,5.94
X-2709,TAAR6,319100.0,Amp5,5.94
X-2709,TAAR8,83551.0,Amp5,5.94
X-2709,TAAR9,134860.0,Amp5,5.94
X-2709,TAB2,23118.0,Amp5,5.94
X-2709,TAF8,129685.0,Amp8,8.17
X-2709,TAGAP,117289.0,Amp5,5.94
X-2709,TBC1D26,353149.0,MutNovel,"H59R,1.000"
X-2709,TBC1D7,51256.0,Amp5,7.31
X-2709,TBCC,6903.0,Amp8,8.17
X-2709,TBL1Y,90665.0,Del0.8,0.32
X-2709,TBP,6908.0,Amp5,6.02
X-2709,TBPL1,9519.0,Amp5,5.94
X-2709,TBX18,9096.0,Amp5,5.98
X-2709,TCF12,6938.0,Del0.8,0.68
X-2709,TCF21,6943.0,Amp5,5.94
X-2709,TCP1,6950.0,Amp5,5.94
X-2709,TCP10,6953.0,Amp5,6.02
X-2709,TCP10L2,401285.0,Amp5,6.02
X-2709,TCTE1,202500.0,Amp8,8.17
X-2709,TCTE3,6991.0,Amp5,6.02
X-2709,TDRD6,221400.0,Amp8,8.17
X-2709,TERT,7015.0,Amp5,7.31
X-2709,TFAP2A,7020.0,Amp5,7.31
X-2709,TFB1M,51106.0,Amp5,5.94
X-2709,TFEB,7942.0,Amp8,8.17
X-2709,TG,7038.0,Amp8,24.42
X-2709,TGIF2LY,90655.0,Del0.8,0.4
X-2709,THBS2,7058.0,Amp5,6.02
X-2709,THEMIS,387357.0,Amp5,5.94
X-2709,TIAM2,26230.0,Amp5,5.94
X-2709,TIMM23,100287932.0,MutNovel,"R70W,1.000"
X-2709,TJAP1,93643.0,Amp8,8.17
X-2709,TLK2,11011.0,MutNovel,"R262Q,0.261"
X-2709,TM2D1,83941.0,Amp5,7.52
X-2709,TMEM14B,81853.0,Amp5,7.31
X-2709,TMEM14C,51522.0,Amp5,7.31
X-2709,TMEM151B,441151.0,Amp8,8.17
X-2709,TMEM170B,100113407.0,Amp5,7.31
X-2709,TMEM181,57583.0,Amp5,5.94
X-2709,TMEM186,25880.0,MutKnownFunctional,"-208,0.545"
X-2709,TMEM200A,114801.0,Amp5,5.94
X-2709,TMEM241,85019.0,MutNovel,"I269M,0.537"
X-2709,TMEM242,729515.0,Amp5,5.94
X-2709,TMEM30A,55754.0,Amp5,5.86
X-2709,TMEM63B,55362.0,Amp8,8.17
X-2709,TMEM71,137835.0,Amp8,34.06
X-2709,TMSB4Y,9087.0,Del0.8,0.29
X-2709,TNFAIP3,7128.0,Amp5,5.94
X-2709,TNFAIP6,7130.0,MutKnownFunctional,"-278,0.625"
X-2709,TNFRSF21,27242.0,Amp8,8.17
X-2709,TNIK,23043.0,MutNovel,"S997P,0.387"
X-2709,TNKS,8658.0,MutNovel,"S128A,1.000"
X-2709,TOMM6,100188893.0,Amp8,8.17
X-2709,TONSL,4796.0,MutNovel,"H1190Y,0.438"
X-2709,TP53,7157.0,MutKnownFunctional,"-122,0.912"
X-2709,TP53BP1,7158.0,MutNovel,"PIP454P,0.962"
X-2709,TPBG,7162.0,Amp5,5.98
X-2709,TPMT,7172.0,Amp5,7.62
X-2709,TPPP,11076.0,Amp5,5.46
X-2709,TREM1,54210.0,Amp8,8.17
X-2709,TREM2,54209.0,Amp8,8.17
X-2709,TREML1,340205.0,Amp8,8.17
X-2709,TREML2,79865.0,Amp8,8.17
X-2709,TREML4,285852.0,Amp8,8.17
X-2709,TRERF1,55809.0,Amp8,8.17
X-2709,TRIB1,10221.0,Amp8,25.99
X-2709,TRIO,7204.0,MutNovel,"Q1934R,0.416"
X-2709,TRIP13,9319.0,Amp5,7.31
X-2709,TRMT10C,,MutNovel,"L270H,0.443"
X-2709,TRMT11,60487.0,Amp5,5.94
X-2709,TRPS1,7227.0,Amp8,21.41
X-2709,TSG1,643432.0,Amp5,5.94
X-2709,TSNARE1,203062.0,Amp5,7.41
X-2709,TSPO2,222642.0,Amp8,8.17
X-2709,TSPY1,7258.0,Del0.8,0.07
X-2709,TSPY2,64591.0,Del0.8,0.14
X-2709,TSPY3,728137.0,Del0.8,0.07
X-2709,TSPY4,728395.0,Del0.8,0.07
X-2709,TSPY8,728403.0,Del0.8,0.07
X-2709,TSPYL1,7259.0,MutNovel,"V176VW,0.819"
X-2709,TTBK1,84630.0,Amp8,8.17
X-2709,TTK,7272.0,Amp5,6.06
X-2709,TTLL2,83887.0,Amp5,6.02
X-2709,TTTY10,246119.0,Del0.8,0.29
X-2709,TTTY11,83866.0,Del0.8,0.32
X-2709,TTTY12,83867.0,Del0.8,0.32
X-2709,TTTY13,83868.0,Del0.8,0.29
X-2709,TTTY14,83869.0,Del0.8,0.29
X-2709,TTTY15,64595.0,Del0.8,0.29
X-2709,TTTY16,252948.0,Del0.8,0.32
X-2709,TTTY17A,252949.0,Del0.8,0.22
X-2709,TTTY17A,252949.0,Del0.8,0.15
X-2709,TTTY18,252950.0,Del0.8,0.32
X-2709,TTTY19,252952.0,Del0.8,0.32
X-2709,TTTY1B,100101116.0,Del0.8,0.29
X-2709,TTTY1B,100101116.0,Del0.8,0.14
X-2709,TTTY2,60439.0,Del0.8,0.29
X-2709,TTTY2,60439.0,Del0.8,0.21
X-2709,TTTY20,252951.0,Del0.8,0.15
X-2709,TTTY21,252953.0,Del0.8,0.32
X-2709,TTTY21,252953.0,Del0.8,0.29
X-2709,TTTY22,252954.0,Del0.8,0.29
X-2709,TTTY23,252955.0,Del0.8,0.29
X-2709,TTTY23,252955.0,Del0.8,0.14
X-2709,TTTY3,114760.0,Del0.8,0.29
X-2709,TTTY3,114760.0,Del0.8,0.22
X-2709,TTTY4,114761.0,Del0.8,0.15
X-2709,TTTY4,114761.0,Del0.8,0.22
X-2709,TTTY5,83863.0,Del0.8,0.29
X-2709,TTTY6,84672.0,Del0.8,0.29
X-2709,TTTY6,84672.0,Del0.8,0.29
X-2709,TTTY7,246122.0,Del0.8,0.29
X-2709,TTTY7,246122.0,Del0.8,0.32
X-2709,TTTY7B,100101120.0,Del0.8,0.29
X-2709,TTTY7B,100101120.0,Del0.8,0.32
X-2709,TTTY8,84673.0,Del0.8,0.32
X-2709,TTTY8,84673.0,Del0.8,0.29
X-2709,TTTY9A,83864.0,Del0.8,0.29
X-2709,TTTY9A,83864.0,Del0.8,0.29
X-2709,TULP4,56995.0,Amp5,5.94
X-2709,TXLNB,167838.0,Amp5,5.94
X-2709,TXLNG2P,246126.0,Del0.8,0.29
X-2709,TYMP,1890.0,Del0.8,0.8
X-2709,UBE2J1,51465.0,Amp5,5.94
X-2709,UBR2,23304.0,Amp8,8.17
X-2709,UBXN2B,137886.0,Amp8,12.73
X-2709,UFL1,23376.0,Amp5,5.94
X-2709,ULBP1,80329.0,Amp5,5.94
X-2709,ULBP2,80328.0,Amp5,5.94
X-2709,ULBP3,79465.0,Amp5,5.94
X-2709,UNC5CL,222643.0,Amp8,8.17
X-2709,UNC93A,54346.0,Amp5,6.02
X-2709,USP33,23032.0,Amp8,9.06
X-2709,USP46,64854.0,Amp5,5.06
X-2709,USP49,25862.0,Amp8,8.17
X-2709,USP9Y,8287.0,Del0.8,0.29
X-2709,UST,10090.0,Amp5,5.94
X-2709,UTRN,7402.0,Amp5,5.94
X-2709,UTY,7404.0,Del0.8,0.29
X-2709,VCY,9084.0,Del0.8,0.29
X-2709,VCY,9084.0,Del0.8,0.29
X-2709,VEGFA,7422.0,Amp8,8.17
X-2709,VIP,7432.0,Amp5,5.94
X-2709,VNN1,8876.0,Amp5,5.94
X-2709,VNN2,8875.0,Amp5,5.94
X-2709,VNN3,55350.0,Amp5,5.94
X-2709,VOPP1,81552.0,Amp8,13.55
X-2709,VSTM2A,222008.0,Amp8,28.84
X-2709,VTA1,51534.0,Amp5,5.94
X-2709,WDR27,253769.0,Amp5,6.02
X-2709,WDR90,197335.0,MutNovel,"Y155F,1.000"
X-2709,WISP1,8840.0,Amp8,24.42
X-2709,WSB1,26118.0,Del0.8,0.79
X-2709,WTAP,9589.0,Amp5,5.94
X-2709,XKRY2,353515.0,Del0.8,0.29
X-2709,XKRY2,353515.0,Del0.8,0.29
X-2709,XPO5,57510.0,Amp8,8.17
X-2709,YIPF3,25844.0,Amp8,8.17
X-2709,ZBTB10,65986.0,Amp8,19.16
X-2709,ZBTB2,57621.0,Amp5,5.94
X-2709,ZC3H12D,340152.0,Amp5,5.94
X-2709,ZDHHC11,79844.0,Amp5,5.35
X-2709,ZDHHC14,79683.0,Amp5,5.94
X-2709,ZFY,7544.0,Del0.8,0.4
X-2709,ZNF175,7728.0,MutNovel,"Y60F,0.474"
X-2709,ZNF219,51222.0,MutNovel,"QPP233P,0.688"
X-2709,ZNF280C,55609.0,MutNovel,"S137L,1.000"
X-2709,ZNF318,24149.0,MutNovel,"R84P,0.909"
X-2709,ZNF318,24149.0,Amp8,8.17
X-2709,ZNF384,171017.0,MutNovel,"QQ514Q,0.373"
X-2709,ZNF439,90594.0,MutNovel,"T392P,0.588"
X-2709,ZNF451,26036.0,Amp5,7.36
X-2709,ZNF479,90827.0,Amp8,20.68
X-2709,ZNF532,55205.0,MutNovel,"A283S,1.000"
X-2709,ZNF572,137209.0,Amp8,25.99
X-2709,ZNF573,126231.0,MutNovel,"H70R,0.444"
X-2709,ZNF704,619279.0,Amp8,19.16
X-2709,ZNF713,349075.0,Amp8,15.89
X-2709,ZNF716,441234.0,Amp8,20.68
X-2709,ZZZ3,26009.0,Amp8,9.06
X-2780,A1BG,1.0,MutNovel,"Y376H,0.357"
X-2780,AARD,,MutNovel,"Q92H,0.474"
X-2780,ABCB7,22.0,Del0.8,0.76
X-2780,ACE2,59272.0,Del0.8,0.74
X-2780,ACER3,55331.0,Amp5,6.45
X-2780,ACOT9,23597.0,Del0.8,0.74
X-2780,ACRC,93953.0,Del0.8,0.76
X-2780,ACSL4,2182.0,Del0.8,0.75
X-2780,ACTRT1,139741.0,Del0.8,0.74
X-2780,ADAM6,8755.0,Amp5,5.43
X-2780,ADAMTS6,11174.0,Del0.8,0.73
X-2780,ADCK5,203054.0,Amp5,7.57
X-2780,ADCY1,107.0,MutNovel,"G890E,0.235"
X-2780,ADCY8,114.0,Amp5,5.7
X-2780,ADHFE1,137872.0,Amp5,6.11
X-2780,AFF2,2334.0,Del0.8,0.76
X-2780,AGRN,375790.0,MutNovel,"V23L,0.331"
X-2780,AGTR2,186.0,Del0.8,0.75
X-2780,AIFM1,9131.0,Del0.8,0.74
X-2780,AIM1L,55057.0,MutNovel,"D701G,0.474"
X-2780,AKAP14,158798.0,Del0.8,0.75
X-2780,AKAP8,10270.0,MutNovel,"T610M,0.497"
X-2780,AKR1B1,231.0,MutNovel,"K95N,0.613"
X-2780,ALG13,79868.0,Del0.8,0.75
X-2780,ALG8,79053.0,Amp8,8.46
X-2780,ALMS1,7840.0,MutNovel,"K4138N,0.627"
X-2780,ALPK1,80216.0,MutNovel,"GS940G,0.225"
X-2780,ALPPL2,251.0,MutNovel,"K160E,0.514"
X-2780,AMELX,265.0,Del0.8,0.74
X-2780,AMELY,266.0,Del0.8,0.19
X-2780,AMMECR1,9949.0,Del0.8,0.75
X-2780,AMOT,154796.0,Del0.8,0.75
X-2780,ANHX,,MutNovel,"A346V,1.000"
X-2780,ANKRA2,57763.0,Del0.8,0.77
X-2780,ANKRD1,27063.0,MutNovel,"E186V,0.400"
X-2780,ANKRD2,26287.0,MutNovel,"E135D,0.529"
X-2780,ANKRD31,256006.0,Del0.8,0.77
X-2780,ANKRD33B,651746.0,MutNovel,"R260Q,0.600"
X-2780,ANKRD36,375248.0,MutNovel,"T998S,0.308"
X-2780,ANKRD36C,,MutNovel,"D1868N,0.500"
X-2780,ANKS6,203286.0,MutNovel,"I199T,0.465"
X-2780,ANXA13,312.0,Amp5,5.7
X-2780,AP1S2,8905.0,Del0.8,0.74
X-2780,APBB2,323.0,Del0.8,0.8
X-2780,APLN,8862.0,Del0.8,0.74
X-2780,APOO,79135.0,Del0.8,0.74
X-2780,APOOL,139322.0,Del0.8,0.76
X-2780,AQP11,282679.0,Amp8,8.46
X-2780,AR,367.0,Del0.8,0.76
X-2780,ARAF,369.0,Del0.8,0.77
X-2780,ARAP1,116985.0,Amp5,6.96
X-2780,ARAP2,116984.0,Del0.8,0.68
X-2780,ARC,23237.0,Amp5,6.82
X-2780,ARFGEF1,10565.0,Amp5,6.11
X-2780,ARFGEF2,10564.0,MutNovel,"H1484R,0.336"
X-2780,ARHGAP36,158763.0,Del0.8,0.74
X-2780,ARHGAP39,80728.0,MutNovel,"S201T,0.544"
X-2780,ARHGAP39,80728.0,Amp5,6.11
X-2780,ARHGAP6,395.0,Del0.8,0.74
X-2780,ARHGEF17,9828.0,Amp5,6.45
X-2780,ARHGEF6,9459.0,Del0.8,0.76
X-2780,ARHGEF9,23229.0,Del0.8,0.76
X-2780,ARL13A,392509.0,Del0.8,0.75
X-2780,ARMCX1,51309.0,Del0.8,0.75
X-2780,ARMCX2,9823.0,Del0.8,0.75
X-2780,ARMCX3,51566.0,Del0.8,0.75
X-2780,ARMCX4,100131755.0,Del0.8,0.75
X-2780,ARMCX5,64860.0,Del0.8,0.75
X-2780,ARMCX5-GPRASP2,100528062.0,Del0.8,0.75
X-2780,ARMCX6,54470.0,Del0.8,0.75
X-2780,ARR3,407.0,Del0.8,0.76
X-2780,ARRB1,408.0,Amp5,6.45
X-2780,ARX,170302.0,Del0.8,0.74
X-2780,ASAP1,50807.0,Amp5,5.7
X-2780,ASAP1-IT1,29065.0,Amp5,5.7
X-2780,ASB11,140456.0,Del0.8,0.74
X-2780,ASB12,142689.0,Del0.8,0.76
X-2780,ASB9,140462.0,Del0.8,0.74
X-2780,ATAD2,29028.0,Amp5,5.7
X-2780,ATAD3C,219293.0,MutNovel,"I163T,0.455"
X-2780,ATG16L2,89849.0,Amp5,6.96
X-2780,ATG4A,115201.0,Del0.8,0.75
X-2780,ATP10D,57205.0,Del0.8,0.7
X-2780,ATP11C,286410.0,Del0.8,0.76
X-2780,ATP1B4,23439.0,Del0.8,0.75
X-2780,ATP5J2-PTCD1,100526740.0,MutNovel,"G518A,0.308"
X-2780,ATP6AP2,10159.0,Del0.8,0.77
X-2780,ATP7A,538.0,Del0.8,0.76
X-2780,ATP8A1,10396.0,Del0.8,0.7
X-2780,ATRX,546.0,MutNovel,"I347M,0.452"
X-2780,ATRX,546.0,Del0.8,0.76
X-2780,ATXN3L,92552.0,Del0.8,0.74
X-2780,AWAT1,158833.0,Del0.8,0.76
X-2780,AWAT2,158835.0,Del0.8,0.76
X-2780,B3GNT6,192134.0,Amp5,6.45
X-2780,BAI1,575.0,Amp5,6.82
X-2780,BCOR,54880.0,Del0.8,0.77
X-2780,BCORL1,63035.0,Del0.8,0.74
X-2780,BCORP1,286554.0,Del0.8,0.19
X-2780,BCYRN1,618.0,Del0.8,0.76
X-2780,BDP1,55814.0,Del0.8,0.77
X-2780,BEND2,139105.0,Del0.8,0.74
X-2780,BEND4,389206.0,Del0.8,0.8
X-2780,BEX1,55859.0,Del0.8,0.75
X-2780,BEX2,84707.0,Del0.8,0.75
X-2780,BEX4,56271.0,Del0.8,0.75
X-2780,BEX5,340542.0,Del0.8,0.75
X-2780,BHLHB9,80823.0,Del0.8,0.75
X-2780,BMX,660.0,MutNovel,"G344R,0.364"
X-2780,BMX,660.0,Del0.8,0.74
X-2780,BOP1,23246.0,Amp5,7.57
X-2780,BPY2B,442867.0,Del0.8,0.12
X-2780,BPY2B,442867.0,Del0.8,0.07
X-2780,BRAP,8315.0,MutNovel,"R587C,0.230"
X-2780,BRCC3,79184.0,MutKnownFunctional,"R89*,0.444"
X-2780,BREA2,286076.0,Amp5,7.57
X-2780,BRS3,680.0,Del0.8,0.76
X-2780,BRWD3,254065.0,Del0.8,0.76
X-2780,BTAF1,9044.0,MutNovel,"H1107P,0.324"
X-2780,BTF3,689.0,Del0.8,0.77
X-2780,BTK,695.0,Del0.8,0.75
X-2780,C11orf30,56946.0,Amp5,6.45
X-2780,C11orf67,28971.0,Amp8,8.46
X-2780,C18orf62,284274.0,Del0.8,0.76
X-2780,C18orf63,644041.0,Del0.8,0.76
X-2780,C1GALT1C1,29071.0,Del0.8,0.75
X-2780,C1R,715.0,MutNovel,"D277E,0.267"
X-2780,C21orf58,54058.0,MutNovel,"H299PN,0.758"
X-2780,C2CD3,26005.0,Amp5,6.45
X-2780,C2orf27A,29798.0,MutNovel,"R19L,0.455"
X-2780,C2orf27A,29798.0,MutNovel,"A46V,0.600"
X-2780,C4orf19,55286.0,Del0.8,0.75
X-2780,C4orf34,201895.0,Del0.8,0.8
X-2780,C5orf44,80006.0,Del0.8,0.73
X-2780,C7orf33,202865.0,Del0.8,0.75
X-2780,C8orf31,286122.0,Amp5,6.82
X-2780,C8orf44,56260.0,Amp5,6.11
X-2780,C8orf44-SGK3,100533105.0,Amp5,6.11
X-2780,C8orf46,254778.0,Amp5,6.11
X-2780,C8orf73,642475.0,Amp5,7.57
X-2780,C8orf76,84933.0,Amp5,5.7
X-2780,C8orf82,414919.0,Amp5,7.57
X-2780,CA5B,11238.0,Del0.8,0.74
X-2780,CA5BP1,340591.0,Del0.8,0.74
X-2780,CACNA1F,778.0,MutNovel,"Q1712K,1.000"
X-2780,CAPN5,726.0,Amp5,6.45
X-2780,CAPN6,827.0,Del0.8,0.75
X-2780,CARTPT,9607.0,Del0.8,0.77
X-2780,CASK,8573.0,Del0.8,0.77
X-2780,CBLN2,147381.0,Del0.8,0.76
X-2780,CBWD5,220869.0,MutNovel,"G106C,0.529"
X-2780,CCDC102B,79839.0,Del0.8,0.76
X-2780,CCDC125,202243.0,Del0.8,0.77
X-2780,CCDC160,347475.0,Del0.8,0.74
X-2780,CCDC166,100130274.0,Amp5,7.57
X-2780,CCDC66,285331.0,MutKnownFunctional,"-83?,0.389"
X-2780,CCNB1,891.0,Del0.8,0.77
X-2780,CD180,4064.0,Del0.8,0.75
X-2780,CD226,10666.0,Del0.8,0.76
X-2780,CD40LG,959.0,Del0.8,0.76
X-2780,CD99L2,83692.0,Del0.8,0.76
X-2780,CDC42EP1,11135.0,MutNovel,"PAPAANPS253P,0.970"
X-2780,CDH11,1009.0,Del0.8,0.76
X-2780,CDH17,1015.0,Amp5,6.54
X-2780,CDH19,28513.0,Del0.8,0.73
X-2780,CDH7,1005.0,Del0.8,0.7
X-2780,CDK16,5127.0,Del0.8,0.77
X-2780,CDK7,1022.0,Del0.8,0.77
X-2780,CDKL5,6792.0,Del0.8,0.74
X-2780,CDR1,1038.0,Del0.8,0.76
X-2780,CDX4,1046.0,Del0.8,0.76
X-2780,CDY1B,253175.0,Del0.8,0.12
X-2780,CDY1B,253175.0,Del0.8,0.19
X-2780,CDY2A,9426.0,Del0.8,0.19
X-2780,CDY2A,9426.0,Del0.8,0.19
X-2780,CDY2B,203611.0,Del0.8,0.19
X-2780,CDY2B,203611.0,Del0.8,0.19
X-2780,CEL,1056.0,MutNovel,"TA714AP,0.308"
X-2780,CEL,1056.0,MutNovel,"P718T,0.316"
X-2780,CELSR3,1951.0,MutNovel,"R3005H,0.489"
X-2780,CENPH,64946.0,Del0.8,0.77
X-2780,CENPI,2491.0,Del0.8,0.75
X-2780,CENPK,64105.0,Del0.8,0.73
X-2780,CETN2,1069.0,Del0.8,0.76
X-2780,CHCHD8,51287.0,Amp5,6.45
X-2780,CHD7,55636.0,MutNovel,"I1500M,0.256"
X-2780,CHEK2P2,646096.0,Del0.8,0.51
X-2780,CHIC1,53344.0,Del0.8,0.76
X-2780,CHM,1121.0,Del0.8,0.76
X-2780,CHRAC1,54108.0,Amp5,6.82
X-2780,CHRDL1,91851.0,Del0.8,0.75
X-2780,CHRDL2,25884.0,Amp5,6.45
X-2780,CHRFAM7A,89832.0,Del0.8,0.62
X-2780,CHRNA6,8973.0,Amp5,5.58
X-2780,CHRNA9,55584.0,Del0.8,0.8
X-2780,CHST7,56548.0,Del0.8,0.77
X-2780,CITED1,4435.0,Del0.8,0.76
X-2780,CLCN4,1183.0,Del0.8,0.74
X-2780,CLDN14,23562.0,MutNovel,"L77F,0.600"
X-2780,CLDN16,10686.0,MutNovel,"T5A,1.000"
X-2780,CLDN2,9075.0,Del0.8,0.75
X-2780,CLNS1A,1207.0,Amp8,8.46
X-2780,CLPB,81570.0,Amp5,6.96
X-2780,CLSTN3,9746.0,MutNovel,"R876H,0.603"
X-2780,CNDP1,84735.0,Del0.8,0.76
X-2780,CNDP2,55748.0,Del0.8,0.76
X-2780,CNGA1,1259.0,Del0.8,0.7
X-2780,CNGA2,1260.0,Del0.8,0.76
X-2780,CNKSR2,22866.0,Del0.8,0.74
X-2780,CNNM3,26505.0,MutNovel,"A158V,0.400"
X-2780,COL14A1,7373.0,Amp5,5.7
X-2780,COL22A1,169044.0,Amp5,5.82
X-2780,COL4A3BP,10087.0,Del0.8,0.77
X-2780,COL4A5,1287.0,Del0.8,0.75
X-2780,COL4A6,1288.0,Del0.8,0.75
X-2780,COLEC10,10584.0,Amp5,5.7
X-2780,COMMD8,54951.0,Del0.8,0.7
X-2780,COPS5,10987.0,Amp5,6.11
X-2780,CORIN,10699.0,Del0.8,0.7
X-2780,COX7B,1349.0,Del0.8,0.76
X-2780,COX7B2,170712.0,Del0.8,0.7
X-2780,CPA6,57094.0,Amp5,5.35
X-2780,CPSF1,29894.0,Amp5,7.57
X-2780,CPXCR1,53336.0,Del0.8,0.76
X-2780,CRB1,23418.0,MutNovel,"V554M,0.407"
X-2780,CRHBP,1393.0,Del0.8,0.78
X-2780,CRIPAK,285464.0,MutNovel,"V164A,0.222"
X-2780,CRIPAK,285464.0,MutNovel,"P173H,0.500"
X-2780,CRYBG3,,MutNovel,"S938R,0.667"
X-2780,CSAG1,158511.0,Del0.8,0.76
X-2780,CSAG2,728461.0,Del0.8,0.76
X-2780,CSAG2,728461.0,Del0.8,0.76
X-2780,CSAG3,389903.0,Del0.8,0.76
X-2780,CSAG3,389903.0,Del0.8,0.76
X-2780,CSPG4P1Y,114758.0,Del0.8,0.19
X-2780,CSPG4P1Y,114758.0,Del0.8,0.26
X-2780,CSPP1,79848.0,MutNovel,"V1127I,0.542"
X-2780,CSPP1,79848.0,Amp5,6.11
X-2780,CSTF2,1478.0,Del0.8,0.75
X-2780,CT45A1,541466.0,Del0.8,0.49
X-2780,CT45A2,728911.0,Del0.8,0.33
X-2780,CT45A3,441519.0,Del0.8,0.76
X-2780,CT45A4,441520.0,Del0.8,0.5
X-2780,CT45A4,441520.0,Del0.8,0.76
X-2780,CT45A5,441521.0,Del0.8,0.76
X-2780,CT45A6,541465.0,Del0.8,0.76
X-2780,CT47A1,728096.0,Del0.8,0.75
X-2780,CT47A10,728036.0,Del0.8,0.75
X-2780,CT47A6,728062.0,Del0.8,0.75
X-2780,CT47A7,653282.0,Del0.8,0.75
X-2780,CT47B1,643311.0,Del0.8,0.75
X-2780,CTPS2,56474.0,Del0.8,0.74
X-2780,CTSA,5476.0,MutNovel,"L29-,0.393"
X-2780,CUL1,8454.0,Del0.8,0.75
X-2780,CUL4B,8450.0,Del0.8,0.75
X-2780,CWC27,10283.0,Del0.8,0.73
X-2780,CWH43,80157.0,Del0.8,0.7
X-2780,CXADRP2,646243.0,Del0.8,0.51
X-2780,CXCR3,2833.0,Del0.8,0.76
X-2780,CXorf1,9142.0,Del0.8,0.76
X-2780,CXorf21,80231.0,Del0.8,0.74
X-2780,CXorf23,256643.0,Del0.8,0.74
X-2780,CXorf26,51260.0,Del0.8,0.76
X-2780,CXorf27,25763.0,Del0.8,0.77
X-2780,CXorf28,100129464.0,Del0.8,0.74
X-2780,CXorf30,645090.0,MutNovel,"F371Y,1.000"
X-2780,CXorf36,79742.0,Del0.8,0.77
X-2780,CXorf38,159013.0,Del0.8,0.77
X-2780,CXorf40A,91966.0,Del0.8,0.76
X-2780,CXorf40B,541578.0,Del0.8,0.76
X-2780,CXorf48,54967.0,Del0.8,0.74
X-2780,CXorf49B,100132994.0,Del0.8,0.76
X-2780,CXorf49B,100132994.0,Del0.8,0.76
X-2780,CXorf51A,100129239.0,Del0.8,0.76
X-2780,CXorf51A,100129239.0,Del0.8,0.76
X-2780,CXorf56,63932.0,Del0.8,0.75
X-2780,CXorf57,55086.0,Del0.8,0.75
X-2780,CXorf58,254158.0,Del0.8,0.74
X-2780,CXorf61,203413.0,Del0.8,0.75
X-2780,CXorf64,100130613.0,Del0.8,0.74
X-2780,CXorf65,158830.0,Del0.8,0.76
X-2780,CXorf66,347487.0,Del0.8,0.76
X-2780,CXorf69,644538.0,Del0.8,0.74
X-2780,CYB5A,1528.0,Del0.8,0.76
X-2780,CYBB,1536.0,Del0.8,0.77
X-2780,CYC1,1537.0,Amp5,7.57
X-2780,CYHR1,50626.0,Amp5,7.57
X-2780,CYLC1,1538.0,Del0.8,0.76
X-2780,CYP11B1,1584.0,Amp5,6.82
X-2780,CYP11B2,1585.0,Amp5,6.82
X-2780,CYP7B1,9420.0,MutNovel,"G259R,0.585"
X-2780,CYSLTR1,10800.0,Del0.8,0.76
X-2780,DACH2,117154.0,Del0.8,0.76
X-2780,DAZ1,1617.0,Del0.8,0.19
X-2780,DAZ2,57055.0,Del0.8,0.13
X-2780,DAZ3,57054.0,Del0.8,0.07
X-2780,DAZ3,57054.0,Del0.8,0.12
X-2780,DAZ4,57135.0,Del0.8,0.1
X-2780,DAZ4,57135.0,Del0.8,0.14
X-2780,DCAF12L1,139170.0,Del0.8,0.74
X-2780,DCAF12L2,340578.0,Del0.8,0.74
X-2780,DCAF4L1,285429.0,Del0.8,0.8
X-2780,DCAF8L1,139425.0,Del0.8,0.74
X-2780,DCAF8L2,347442.0,Del0.8,0.74
X-2780,DCX,1641.0,Del0.8,0.75
X-2780,DDX26B,203522.0,Del0.8,0.74
X-2780,DDX3X,1654.0,MutNovel,"A618T,0.652"
X-2780,DDX3X,1654.0,Del0.8,0.77
X-2780,DDX3Y,8653.0,Del0.8,0.19
X-2780,DDX53,168400.0,Del0.8,0.74
X-2780,DDX55,57696.0,MutNovel,"D473V,0.225"
X-2780,DDX60L,91351.0,MutNovel,"E136Q,0.429"
X-2780,DEFB108B,245911.0,Amp5,6.96
X-2780,DENND3,22898.0,Amp5,6.82
X-2780,DEPTOR,64798.0,Amp5,5.7
X-2780,DERL1,79139.0,Amp5,5.7
X-2780,DGAT1,8694.0,Amp5,7.57
X-2780,DGAT2,84649.0,Amp5,6.45
X-2780,DGAT2L6,347516.0,Del0.8,0.76
X-2780,DHCR7,1717.0,Amp5,6.96
X-2780,DHX57,90957.0,MutNovel,"K95Q,0.357"
X-2780,DIAPH2,1730.0,Del0.8,0.75
X-2780,DISP1,84976.0,MutNovel,"P868L,0.214"
X-2780,DKFZp686D0853,401613.0,Del0.8,0.75
X-2780,DLG3,1741.0,Del0.8,0.76
X-2780,DMD,1756.0,Del0.8,0.74
X-2780,DMRTC1B,728656.0,Del0.8,0.76
X-2780,DMRTC1B,728656.0,Del0.8,0.76
X-2780,DNAJB13,374407.0,Amp5,6.45
X-2780,DNASE1,1773.0,MutNovel,"T229M,0.672"
X-2780,DOCK11,139818.0,Del0.8,0.75
X-2780,DOK3,79930.0,MutNovel,"E463K,0.520"
X-2780,DOK6,220164.0,Del0.8,0.76
X-2780,DRP2,1821.0,Del0.8,0.75
X-2780,DSCC1,79075.0,Amp5,5.7
X-2780,DSEL,92126.0,Del0.8,0.74
X-2780,DSP,1832.0,MutNovel,"R790W,0.243"
X-2780,DTHD1,401124.0,Del0.8,0.68
X-2780,DUSP21,63904.0,Del0.8,0.77
X-2780,DYNLT3,6990.0,Del0.8,0.77
X-2780,E2F1,1869.0,MutNovel,"V262I,0.398"
X-2780,EBLN2,55096.0,MutNovel,"L16F,0.333"
X-2780,EDA,1896.0,Del0.8,0.76
X-2780,EDA2R,60401.0,Del0.8,0.76
X-2780,EEF1D,1936.0,Amp5,7.57
X-2780,EFHC2,80258.0,Del0.8,0.77
X-2780,EFNB1,1947.0,Del0.8,0.76
X-2780,EGFL6,25975.0,Del0.8,0.74
X-2780,EID2,163126.0,MutNovel,"L111F,0.344"
X-2780,EIF1AX,1964.0,Del0.8,0.74
X-2780,EIF1AY,9086.0,Del0.8,0.19
X-2780,EIF2AK4,440275.0,MutNovel,"T1236R,0.350"
X-2780,EIF2C2,27161.0,Amp5,6.82
X-2780,EIF2S3,1968.0,Del0.8,0.74
X-2780,EIF3H,8667.0,Amp5,5.54
X-2780,EIF5AL1,143244.0,MutNovel,"HN77H,0.333"
X-2780,ELF4,2000.0,Del0.8,0.74
X-2780,EMR2,30817.0,MutNovel,"A656T,1.000"
X-2780,ENC1,8507.0,Del0.8,0.77
X-2780,ENOX2,10495.0,Del0.8,0.74
X-2780,ENPP2,5168.0,Amp5,5.7
X-2780,EPHB2,2048.0,MutNovel,"S479N,0.516"
X-2780,EPPK1,83481.0,MutNovel,"G1048R,0.512"
X-2780,EPPK1,83481.0,Amp5,7.57
X-2780,ERBB2IP,55914.0,Del0.8,0.73
X-2780,ERCC6L,54821.0,Del0.8,0.76
X-2780,ESPN,83715.0,MutNovel,"D136G,0.310"
X-2780,ESX1,80712.0,Del0.8,0.75
X-2780,EXOSC4,54512.0,Amp5,7.57
X-2780,EXT1,2131.0,Amp5,5.7
X-2780,EXTL1,2134.0,MutKnownFunctional,"-677?,0.276"
X-2780,EZH2,2146.0,Del0.8,0.75
X-2780,F2R,2149.0,Del0.8,0.78
X-2780,F2RL1,2150.0,Del0.8,0.78
X-2780,F2RL2,2151.0,Del0.8,0.78
X-2780,F9,2158.0,Del0.8,0.76
X-2780,FAM114A1,92689.0,Del0.8,0.8
X-2780,FAM122B,159090.0,Del0.8,0.74
X-2780,FAM122C,159091.0,Del0.8,0.74
X-2780,FAM123B,139285.0,Del0.8,0.76
X-2780,FAM127A,8933.0,Del0.8,0.74
X-2780,FAM127B,26071.0,Del0.8,0.74
X-2780,FAM127C,441518.0,Del0.8,0.74
X-2780,FAM133A,286499.0,Del0.8,0.75
X-2780,FAM135B,51059.0,Amp5,5.82
X-2780,FAM155B,27112.0,Del0.8,0.76
X-2780,FAM159B,100132916.0,Del0.8,0.73
X-2780,FAM168A,23201.0,Amp5,6.45
X-2780,FAM169A,26049.0,Del0.8,0.77
X-2780,FAM197Y2P,252946.0,Del0.8,0.19
X-2780,FAM199X,139231.0,Del0.8,0.75
X-2780,FAM203A,51236.0,Amp5,7.57
X-2780,FAM41AY1,340618.0,Del0.8,0.19
X-2780,FAM41AY1,340618.0,Del0.8,0.19
X-2780,FAM45B,55855.0,Del0.8,0.74
X-2780,FAM46D,169966.0,Del0.8,0.76
X-2780,FAM47A,158724.0,Del0.8,0.74
X-2780,FAM47B,170062.0,Del0.8,0.74
X-2780,FAM47C,442444.0,Del0.8,0.77
X-2780,FAM48B1,100130302.0,Del0.8,0.74
X-2780,FAM48B2,170067.0,Del0.8,0.74
X-2780,FAM49B,51571.0,Amp5,5.7
X-2780,FAM69C,125704.0,Del0.8,0.76
X-2780,FAM70A,55026.0,MutNovel,"R332C,0.839"
X-2780,FAM70A,55026.0,Del0.8,0.75
X-2780,FAM83A,84985.0,Amp5,5.7
X-2780,FAM83H,286077.0,Amp5,7.57
X-2780,FAM84B,157638.0,Amp5,5.7
X-2780,FAM86C1,55199.0,Amp5,6.96
X-2780,FAM91A1,157769.0,Amp5,5.7
X-2780,FAM92A1,137392.0,Amp5,6.54
X-2780,FAM9A,171482.0,Del0.8,0.74
X-2780,FAM9B,171483.0,Del0.8,0.74
X-2780,FAM9C,171484.0,Del0.8,0.74
X-2780,FANCB,2187.0,Del0.8,0.74
X-2780,FATE1,89885.0,Del0.8,0.76
X-2780,FBXL6,26233.0,Amp5,7.57
X-2780,FBXO15,201456.0,Del0.8,0.76
X-2780,FBXO32,114907.0,Amp5,5.7
X-2780,FCHO2,115548.0,Del0.8,0.77
X-2780,FCHSD2,9873.0,Amp5,7.57
X-2780,FER1L6,654463.0,Amp5,5.7
X-2780,FER1L6-AS1,439941.0,Amp5,5.7
X-2780,FGF13,2258.0,Del0.8,0.76
X-2780,FGF16,8823.0,Del0.8,0.76
X-2780,FHL1,2273.0,Del0.8,0.76
X-2780,FICD,11153.0,MutNovel,"S22R,0.400"
X-2780,FIGF,2277.0,Del0.8,0.74
X-2780,FLJ13197,79667.0,Del0.8,0.8
X-2780,FLJ42102,399923.0,Amp5,6.96
X-2780,FLJ43860,389690.0,Amp5,6.82
X-2780,FLJ44635,392490.0,Del0.8,0.76
X-2780,FMR1,2332.0,Del0.8,0.76
X-2780,FMR1-AS1,100126270.0,Del0.8,0.76
X-2780,FMR1NB,158521.0,Del0.8,0.76
X-2780,FNTA,2339.0,Amp5,5.58
X-2780,FOLR1,2348.0,Amp5,6.96
X-2780,FOLR2,2350.0,Amp5,6.96
X-2780,FOLR3,2352.0,Amp5,6.96
X-2780,FOXD1,2297.0,Del0.8,0.77
X-2780,FOXH1,8928.0,Amp5,7.57
X-2780,FOXN3,1112.0,MutNovel,"A280V,0.455"
X-2780,FOXO4,4303.0,Del0.8,0.76
X-2780,FRMD7,90167.0,Del0.8,0.74
X-2780,FRMD8P1,83957.0,Del0.8,0.76
X-2780,FRMPD4,9758.0,Del0.8,0.74
X-2780,FRYL,285527.0,Del0.8,0.7
X-2780,FSIP2,401024.0,MutNovel,"A516V,0.476"
X-2780,FTHL17,53940.0,Del0.8,0.74
X-2780,FTX,100302692.0,Del0.8,0.76
X-2780,FUNDC1,139341.0,Del0.8,0.77
X-2780,GAB2,9846.0,Amp8,8.46
X-2780,GABRA2,2555.0,Del0.8,0.7
X-2780,GABRA3,2556.0,Del0.8,0.76
X-2780,GABRA4,2557.0,Del0.8,0.7
X-2780,GABRB1,2560.0,Del0.8,0.7
X-2780,GABRE,2564.0,Del0.8,0.76
X-2780,GABRG1,2565.0,Del0.8,0.7
X-2780,GABRQ,55879.0,Del0.8,0.76
X-2780,GAGE12G,,MutNovel,"R13S,1.000"
X-2780,GAGE2A,729447.0,MutNovel,"R27Q,1.000"
X-2780,GALR1,2587.0,Del0.8,0.76
X-2780,GATA3,2625.0,MutKnownFunctional,"-335?,0.624"
X-2780,GCNT4,51301.0,Del0.8,0.77
X-2780,GDPD2,54857.0,Del0.8,0.76
X-2780,GDPD4,220032.0,Amp5,6.45
X-2780,GDPD5,81544.0,Amp5,6.45
X-2780,GEMIN8,54960.0,Del0.8,0.74
X-2780,GFM2,84340.0,Del0.8,0.77
X-2780,GFRA2,2675.0,MutNovel,"N350S,1.000"
X-2780,GIGYF2,26058.0,MutNovel,"PQ1231P,1.000"
X-2780,GJB1,2705.0,Del0.8,0.76
X-2780,GK,2710.0,Del0.8,0.74
X-2780,GLA,2717.0,Del0.8,0.75
X-2780,GLI4,2738.0,Amp5,7.57
X-2780,GLRA2,2742.0,Del0.8,0.74
X-2780,GLRA4,441509.0,Del0.8,0.75
X-2780,GLUD2,2747.0,Del0.8,0.75
X-2780,GML,2765.0,Amp5,6.82
X-2780,GNPDA2,132789.0,Del0.8,0.7
X-2780,GOLGA2P2Y,84559.0,Del0.8,0.19
X-2780,GOLGA2P2Y,84559.0,Del0.8,0.26
X-2780,GPAA1,8733.0,Amp5,7.57
X-2780,GPC3,2719.0,Del0.8,0.74
X-2780,GPC4,2239.0,Del0.8,0.74
X-2780,GPIHBP1,338328.0,Amp5,6.82
X-2780,GPM6B,2824.0,Del0.8,0.74
X-2780,GPR101,83550.0,Del0.8,0.76
X-2780,GPR112,139378.0,Del0.8,0.76
X-2780,GPR119,139760.0,Del0.8,0.74
X-2780,GPR143,4935.0,Del0.8,0.74
X-2780,GPR174,84636.0,Del0.8,0.76
X-2780,GPR20,2843.0,Amp5,6.82
X-2780,GPR34,2857.0,Del0.8,0.77
X-2780,GPR50,9248.0,Del0.8,0.76
X-2780,GPR64,10149.0,Del0.8,0.74
X-2780,GPR82,27197.0,Del0.8,0.77
X-2780,GPRASP1,9737.0,Del0.8,0.75
X-2780,GPRASP2,114928.0,Del0.8,0.75
X-2780,GPT,2875.0,Amp5,7.57
X-2780,GRIA3,2892.0,Del0.8,0.75
X-2780,GRINA,2907.0,Amp5,7.57
X-2780,GRPR,2925.0,Del0.8,0.74
X-2780,GRXCR1,389207.0,Del0.8,0.7
X-2780,GSDMC,56169.0,Amp5,5.7
X-2780,GSDMD,79792.0,Amp5,7.57
X-2780,GTF2H2C,728340.0,Del0.8,0.51
X-2780,GTF2IRD2,84163.0,MutNovel,"R716C,0.583"
X-2780,GUCY2F,2986.0,Del0.8,0.75
X-2780,GUF1,60558.0,Del0.8,0.7
X-2780,GUSBP3,653188.0,Del0.8,0.51
X-2780,GYG2P1,352887.0,Del0.8,0.19
X-2780,H2BFM,286436.0,Del0.8,0.75
X-2780,H2BFWT,158983.0,Del0.8,0.75
X-2780,H2BFXP,767811.0,Del0.8,0.75
X-2780,H2BFXP,767811.0,Del0.8,0.75
X-2780,HADHA,3030.0,MutNovel,"E335K,0.208"
X-2780,HAS2,3037.0,Amp5,5.7
X-2780,HAS2-AS1,594842.0,Amp5,5.7
X-2780,HCCS,3052.0,Del0.8,0.74
X-2780,HDAC8,55869.0,Del0.8,0.76
X-2780,HDHD1,8226.0,Del0.8,0.74
X-2780,HDX,139324.0,Del0.8,0.76
X-2780,HEATR5B,54497.0,MutNovel,"S1624T,0.250"
X-2780,HEATR7A,727957.0,Amp5,7.57
X-2780,HEPH,9843.0,Del0.8,0.76
X-2780,HERC2,8924.0,MutNovel,"R2151C,0.345"
X-2780,HERC2P3,283755.0,Del0.8,0.57
X-2780,HEXB,3074.0,Del0.8,0.77
X-2780,HGC6.3,100128124.0,MutNovel,"P102S,0.300"
X-2780,HGC6.3,100128124.0,MutNovel,"Q52P,0.300"
X-2780,HGSNAT,138050.0,Amp5,5.13
X-2780,HHLA1,10086.0,Amp5,5.86
X-2780,HKR1,284459.0,MutNovel,"I245T,0.293"
X-2780,HLA-DRB5,3127.0,MutNovel,"A87E,0.310"
X-2780,HLA-DRB5,3127.0,Amp5,5.7
X-2780,HMGB3,3149.0,Del0.8,0.76
X-2780,HMGCR,3156.0,Del0.8,0.77
X-2780,HMGN5,79366.0,Del0.8,0.76
X-2780,HNRNPA0,10949.0,MutNovel,"G227AG,0.500"
X-2780,HNRNPH2,3188.0,Del0.8,0.75
X-2780,HOOK3,84376.0,Amp5,5.58
X-2780,HP,3240.0,Del0.8,0.54
X-2780,HPR,3250.0,Del0.8,0.54
X-2780,HPRT1,3251.0,Del0.8,0.74
X-2780,HPYR1,93668.0,Amp5,5.86
X-2780,HS6ST2,90161.0,Del0.8,0.74
X-2780,HSF1,3297.0,Amp5,7.57
X-2780,HSFX2,100130086.0,Del0.8,0.76
X-2780,HSFX2,100130086.0,Del0.8,0.76
X-2780,HSFY2,159119.0,Del0.8,0.19
X-2780,HSFY2,159119.0,Del0.8,0.19
X-2780,HSPBAP1,79663.0,MutNovel,"M49T,0.294"
X-2780,HTATSF1,27336.0,Del0.8,0.76
X-2780,HTR1A,3350.0,Del0.8,0.73
X-2780,HTR2C,3358.0,Del0.8,0.75
X-2780,IDS,3423.0,Del0.8,0.76
X-2780,IGBP1,3476.0,Del0.8,0.76
X-2780,IGSF1,3547.0,Del0.8,0.74
X-2780,IL13RA1,3597.0,Del0.8,0.75
X-2780,IL13RA2,3598.0,Del0.8,0.75
X-2780,IL18BP,10068.0,Amp5,6.96
X-2780,IL1RAPL1,11141.0,Del0.8,0.74
X-2780,IL1RAPL2,26280.0,Del0.8,0.75
X-2780,IL2RG,3561.0,Del0.8,0.76
X-2780,INE1,8552.0,Del0.8,0.77
X-2780,INE2,8551.0,Del0.8,0.74
X-2780,INGX,27160.0,Del0.8,0.76
X-2780,INPPL1,3636.0,Amp5,6.96
X-2780,INTS4,92105.0,Amp8,8.46
X-2780,IQGAP2,10788.0,Del0.8,0.78
X-2780,IRS1,3667.0,MutNovel,"R327C,0.488"
X-2780,IRS4,8471.0,Del0.8,0.75
X-2780,ISX,91464.0,Del0.8,0.78
X-2780,ITGB1BP2,26548.0,Del0.8,0.76
X-2780,ITM2A,9452.0,Del0.8,0.76
X-2780,IVL,3713.0,MutNovel,"Q259P,0.600"
X-2780,JPX,554203.0,Del0.8,0.76
X-2780,JRK,8629.0,Amp5,6.82
X-2780,KAL1,3730.0,Del0.8,0.74
X-2780,KCNE1L,23630.0,Del0.8,0.75
X-2780,KCNE3,10008.0,Amp5,6.45
X-2780,KCNK9,51305.0,Amp5,5.82
X-2780,KCNMB3,27094.0,MutNovel,"D105N,0.815"
X-2780,KCNN2,3781.0,Del0.8,0.73
X-2780,KCNQ3,3786.0,Amp5,5.86
X-2780,KCTD14,65987.0,Amp8,8.46
X-2780,KCTD21,283219.0,Amp8,8.46
X-2780,KCTD8,386617.0,Del0.8,0.7
X-2780,KDM5B,10765.0,MutNovel,"M910I,0.211"
X-2780,KDM5D,8284.0,Del0.8,0.19
X-2780,KDM6A,7403.0,Del0.8,0.77
X-2780,KDM6B,23135.0,MutNovel,"L251LPP,1.000"
X-2780,KHDRBS3,10656.0,Amp5,5.82
X-2780,KIAA0196,9897.0,Amp5,5.7
X-2780,KIAA1210,57481.0,Del0.8,0.75
X-2780,KIAA1239,57495.0,Del0.8,0.68
X-2780,KIAA1468,57614.0,MutNovel,"A550T,0.757"
X-2780,KIAA1875,340390.0,Amp5,7.57
X-2780,KIAA2022,340533.0,Del0.8,0.76
X-2780,KIF4A,24137.0,Del0.8,0.76
X-2780,KIFC2,90990.0,Amp5,7.57
X-2780,KLB,152831.0,Del0.8,0.8
X-2780,KLF3,51274.0,Del0.8,0.8
X-2780,KLHL13,90293.0,Del0.8,0.75
X-2780,KLHL15,80311.0,Del0.8,0.74
X-2780,KLHL34,257240.0,Del0.8,0.74
X-2780,KLHL35,283212.0,Amp5,6.45
X-2780,KLHL38,340359.0,Amp5,5.7
X-2780,KLHL4,56062.0,Del0.8,0.76
X-2780,KLHL5,51088.0,Del0.8,0.8
X-2780,KRT14,3861.0,MutNovel,"T308S,0.733"
X-2780,KRT14,3861.0,MutNovel,"E304D,0.733"
X-2780,KRT14,3861.0,MutNovel,"S241N,0.429"
X-2780,KRT6C,286887.0,MutNovel,"E305V,1.000"
X-2780,KRTAP19-3,337970.0,MutNovel,"G52S,1.000"
X-2780,KRTAP5-10,387273.0,Amp5,6.96
X-2780,KRTAP5-11,440051.0,Amp5,6.96
X-2780,KRTAP5-7,440050.0,Amp5,6.96
X-2780,KRTAP5-8,57830.0,Amp5,6.96
X-2780,KRTAP5-9,3846.0,Amp5,6.96
X-2780,LAMP2,3920.0,Del0.8,0.75
X-2780,LAMTOR1,55004.0,Amp5,6.96
X-2780,LANCL3,347404.0,Del0.8,0.77
X-2780,LAS1L,81887.0,Del0.8,0.76
X-2780,LCE3B,353143.0,Del0.8,0.72
X-2780,LCE3C,353144.0,Del0.8,0.18
X-2780,LCMT1,51451.0,MutNovel,"T257I,0.284"
X-2780,LDOC1,23641.0,Del0.8,0.76
X-2780,LGR4,55366.0,MutKnownFunctional,"-857,0.567"
X-2780,LHFPL1,340596.0,Del0.8,0.75
X-2780,LIAS,11019.0,Del0.8,0.8
X-2780,LIMCH1,22998.0,Del0.8,0.8
X-2780,LIMS1,3987.0,MutNovel,"VC99LC,0.370"
X-2780,LINC00051,619434.0,Amp5,6.82
X-2780,LINC00086,399668.0,Del0.8,0.74
X-2780,LINC00087,644596.0,Del0.8,0.74
X-2780,LINC00226,338004.0,Amp5,5.43
X-2780,LINC00535,642924.0,Amp5,6.54
X-2780,LIPT2,387787.0,Amp5,6.45
X-2780,LOC100128338,100128338.0,Amp5,7.57
X-2780,LOC100128420,100128420.0,Del0.8,0.76
X-2780,LOC100129216,100129216.0,Amp5,6.96
X-2780,LOC100129407,100129407.0,Del0.8,0.76
X-2780,LOC100129407,100129407.0,Del0.8,0.76
X-2780,LOC100129515,100129515.0,Del0.8,0.74
X-2780,LOC100129520,100129520.0,Del0.8,0.74
X-2780,LOC100129662,100129662.0,Del0.8,0.76
X-2780,LOC100130231,100130231.0,Amp5,5.7
X-2780,LOC100131434,100131434.0,Del0.8,0.76
X-2780,LOC100131655,100131655.0,Del0.8,0.76
X-2780,LOC100131726,100131726.0,Amp5,5.7
X-2780,LOC100132247,100132247.0,MutNovel,"H49D,0.316"
X-2780,LOC100132741,100132741.0,Del0.8,0.76
X-2780,LOC100132831,100132831.0,Del0.8,0.77
X-2780,LOC100133123,100133123.0,Del0.8,0.74
X-2780,LOC100133315,100133315.0,Amp5,6.96
X-2780,LOC100133669,100133669.0,Amp5,6.82
X-2780,LOC100272216,100272216.0,Del0.8,0.51
X-2780,LOC100272228,100272228.0,Del0.8,0.76
X-2780,LOC100287765,100287765.0,Del0.8,0.75
X-2780,LOC100287837,,MutNovel,"E5ER,0.986"
X-2780,LOC100288181,100288181.0,Amp5,6.82
X-2780,LOC100288814,100288814.0,Del0.8,0.74
X-2780,LOC100303749,100303749.0,Del0.8,0.73
X-2780,LOC100505676,100505676.0,Amp5,6.11
X-2780,LOC100505776,100505776.0,Del0.8,0.76
X-2780,LOC100505817,100505817.0,Del0.8,0.76
X-2780,LOC100506757,100506757.0,Del0.8,0.74
X-2780,LOC100507117,100507117.0,Amp5,5.7
X-2780,LOC157381,157381.0,Amp5,5.7
X-2780,LOC158696,158696.0,Del0.8,0.76
X-2780,LOC283867,283867.0,Del0.8,0.76
X-2780,LOC284276,284276.0,Del0.8,0.76
X-2780,LOC286094,286094.0,Amp5,5.82
X-2780,LOC286437,286437.0,Del0.8,0.75
X-2780,LOC286442,286442.0,Del0.8,0.77
X-2780,LOC286467,286467.0,Del0.8,0.74
X-2780,LOC339298,339298.0,Del0.8,0.76
X-2780,LOC340544,340544.0,Del0.8,0.75
X-2780,LOC344967,344967.0,Del0.8,0.8
X-2780,LOC347411,347411.0,Del0.8,0.77
X-2780,LOC348120,348120.0,Del0.8,0.51
X-2780,LOC389906,389906.0,Del0.8,0.74
X-2780,LOC400655,400655.0,Del0.8,0.76
X-2780,LOC400657,400657.0,Del0.8,0.76
X-2780,LOC401127,401127.0,Del0.8,0.8
X-2780,LOC401588,401588.0,Del0.8,0.77
X-2780,LOC442459,442459.0,Del0.8,0.75
X-2780,LOC643486,643486.0,Del0.8,0.75
X-2780,LOC643542,643542.0,Del0.8,0.74
X-2780,LOC646214,646214.0,Del0.8,0.51
X-2780,LOC727677,727677.0,Amp5,5.7
X-2780,LOC727924,727924.0,Del0.8,0.51
X-2780,LOC728392,728392.0,MutNovel,"S42L,1.000"
X-2780,LOC728724,728724.0,Amp5,5.7
X-2780,LOC729609,729609.0,Del0.8,0.74
X-2780,LOC731779,731779.0,Amp5,6.82
X-2780,LOC92249,92249.0,Del0.8,0.76
X-2780,LONRF3,79836.0,Del0.8,0.75
X-2780,LPAR4,2846.0,Del0.8,0.76
X-2780,LRCH2,57631.0,Del0.8,0.75
X-2780,LRRC14,9684.0,Amp5,7.57
X-2780,LRRC24,441381.0,Amp5,7.57
X-2780,LRRC32,2615.0,Amp5,6.45
X-2780,LRRC6,23639.0,Amp5,5.86
X-2780,LRRC70,100130733.0,Del0.8,0.71
X-2780,LRTOMT,220074.0,Amp5,6.96
X-2780,LSR,51599.0,MutNovel,"G518R,0.251"
X-2780,LSR,51599.0,MutNovel,"G518GR,1.000"
X-2780,LUZP4,51213.0,Del0.8,0.75
X-2780,LY6D,8581.0,Amp5,6.82
X-2780,LY6E,4061.0,Amp5,6.82
X-2780,LY6H,4062.0,Amp5,6.82
X-2780,LY6K,54742.0,Amp5,6.82
X-2780,LYNX1,66004.0,Amp5,6.82
X-2780,LYPD2,137797.0,Amp5,6.82
X-2780,MAF1,84232.0,Amp5,7.57
X-2780,MAFA,389692.0,Amp5,7.57
X-2780,MAGEA10,4109.0,Del0.8,0.76
X-2780,MAGEA10-MAGEA5,100533997.0,Del0.8,0.76
X-2780,MAGEA11,4110.0,Del0.8,0.76
X-2780,MAGEA12,4111.0,Del0.8,0.76
X-2780,MAGEA2,4101.0,Del0.8,0.76
X-2780,MAGEA2,4101.0,Del0.8,0.76
X-2780,MAGEA3,4102.0,Del0.8,0.76
X-2780,MAGEA4,4103.0,Del0.8,0.76
X-2780,MAGEA5,4104.0,Del0.8,0.76
X-2780,MAGEA6,4105.0,Del0.8,0.76
X-2780,MAGEA8,4107.0,Del0.8,0.76
X-2780,MAGEA9B,728269.0,Del0.8,0.76
X-2780,MAGEA9B,728269.0,Del0.8,0.76
X-2780,MAGEB1,4112.0,Del0.8,0.74
X-2780,MAGEB10,139422.0,Del0.8,0.74
X-2780,MAGEB16,139604.0,Del0.8,0.74
X-2780,MAGEB18,286514.0,Del0.8,0.74
X-2780,MAGEB2,4113.0,Del0.8,0.74
X-2780,MAGEB3,4114.0,Del0.8,0.74
X-2780,MAGEB4,4115.0,Del0.8,0.74
X-2780,MAGEB6,158809.0,Del0.8,0.74
X-2780,MAGEC1,9947.0,Del0.8,0.76
X-2780,MAGEC2,51438.0,Del0.8,0.76
X-2780,MAGEC3,139081.0,Del0.8,0.76
X-2780,MAGEE1,57692.0,Del0.8,0.76
X-2780,MAGEE2,139599.0,Del0.8,0.76
X-2780,MAGT1,84061.0,Del0.8,0.76
X-2780,MAL2,114569.0,Amp5,5.7
X-2780,MAMLD1,10046.0,Del0.8,0.76
X-2780,MAOA,4128.0,Del0.8,0.77
X-2780,MAOB,4129.0,Del0.8,0.77
X-2780,MAP1B,4131.0,Del0.8,0.77
X-2780,MAP3K1,4214.0,MutNovel,"ST941S,0.907"
X-2780,MAP3K15,389840.0,Del0.8,0.74
X-2780,MAP6,4135.0,Amp5,6.45
X-2780,MAP7D2,256714.0,Del0.8,0.74
X-2780,MAP7D3,79649.0,Del0.8,0.76
X-2780,MAPK15,225689.0,Amp5,7.57
X-2780,MARVELD2,153562.0,Del0.8,0.77
X-2780,MAST4,375449.0,Del0.8,0.75
X-2780,MBNL3,55796.0,Del0.8,0.74
X-2780,MBP,4155.0,Del0.8,0.76
X-2780,MBTPS2,51360.0,Del0.8,0.74
X-2780,MCCC2,64087.0,Del0.8,0.77
X-2780,MCF2,4168.0,Del0.8,0.76
X-2780,MCTS1,28985.0,Del0.8,0.75
X-2780,MED12,9968.0,Del0.8,0.76
X-2780,MED14,9282.0,Del0.8,0.77
X-2780,MED30,90390.0,Amp5,5.7
X-2780,MEF2A,4205.0,MutNovel,"QQ412-,0.917"
X-2780,METTL21B,25895.0,MutNovel,"V89M,0.462"
X-2780,MFSD2A,84879.0,MutNovel,"C124F,0.500"
X-2780,MFSD3,113655.0,Amp5,7.57
X-2780,MGC16121,84848.0,Del0.8,0.74
X-2780,MICAL2,9645.0,MutNovel,"Y338D,0.375"
X-2780,MICAL3,57553.0,MutNovel,"R770Q,0.600"
X-2780,MID1,4281.0,MutNovel,"F421Y,0.286"
X-2780,MID1,4281.0,Del0.8,0.74
X-2780,MID1IP1,58526.0,Del0.8,0.77
X-2780,MID2,11043.0,Del0.8,0.75
X-2780,MIR105-1,406897.0,Del0.8,0.76
X-2780,MIR105-2,406898.0,Del0.8,0.76
X-2780,MIR106A,406899.0,Del0.8,0.74
X-2780,MIR1204,100302185.0,Amp5,5.7
X-2780,MIR1205,100302161.0,Amp5,5.7
X-2780,MIR1206,100302170.0,Amp5,5.7
X-2780,MIR1207,100302175.0,Amp5,5.7
X-2780,MIR1208,100302281.0,Amp5,5.7
X-2780,MIR1234,100302196.0,Amp5,7.57
X-2780,MIR1256,100302155.0,Del0.8,0.75
X-2780,MIR1264,100302251.0,Del0.8,0.75
X-2780,MIR1277,100302214.0,Del0.8,0.75
X-2780,MIR1298,100302153.0,Del0.8,0.75
X-2780,MIR139,406931.0,Amp5,6.96
X-2780,MIR1468,100302115.0,Del0.8,0.76
X-2780,MIR18B,574033.0,Del0.8,0.74
X-2780,MIR1911,100302222.0,Del0.8,0.75
X-2780,MIR1912,100302144.0,Del0.8,0.75
X-2780,MIR19B2,406981.0,Del0.8,0.74
X-2780,MIR20B,574032.0,Del0.8,0.74
X-2780,MIR2114,100313839.0,Del0.8,0.76
X-2780,MIR221,407006.0,Del0.8,0.77
X-2780,MIR222,407007.0,Del0.8,0.77
X-2780,MIR223,407008.0,Del0.8,0.76
X-2780,MIR23C,100500809.0,Del0.8,0.74
X-2780,MIR30B,407030.0,Amp5,5.86
X-2780,MIR30D,407033.0,Amp5,5.86
X-2780,MIR3165,100422953.0,Amp5,6.96
X-2780,MIR320D2,100302169.0,Del0.8,0.76
X-2780,MIR326,442900.0,Amp5,6.45
X-2780,MIR3610,100500914.0,Amp5,5.54
X-2780,MIR363,574031.0,Del0.8,0.74
X-2780,MIR374A,442919.0,Del0.8,0.76
X-2780,MIR374B,100126317.0,Del0.8,0.76
X-2780,MIR374C,100500807.0,Del0.8,0.76
X-2780,MIR378D2,100616169.0,Amp5,6.54
X-2780,MIR384,494333.0,Del0.8,0.76
X-2780,MIR3978,100616491.0,Del0.8,0.75
X-2780,MIR421,693122.0,Del0.8,0.76
X-2780,MIR424,494336.0,Del0.8,0.74
X-2780,MIR4300,100422823.0,Del0.8,0.74
X-2780,MIR4328,100422932.0,Del0.8,0.76
X-2780,MIR4329,100423009.0,Del0.8,0.75
X-2780,MIR4330,100422930.0,Del0.8,0.76
X-2780,MIR4469,100616115.0,Amp5,5.58
X-2780,MIR4472-1,100616268.0,Amp5,6.82
X-2780,MIR448,554212.0,Del0.8,0.75
X-2780,MIR450A1,554214.0,Del0.8,0.74
X-2780,MIR450A2,574505.0,Del0.8,0.74
X-2780,MIR450B,100126302.0,Del0.8,0.74
X-2780,MIR452,574412.0,Del0.8,0.76
X-2780,MIR4663,100616260.0,Amp5,5.7
X-2780,MIR4664,100616318.0,Amp5,7.57
X-2780,MIR4692,100616410.0,Amp5,6.96
X-2780,MIR4696,100616402.0,Amp5,6.45
X-2780,MIR4767,100616467.0,Del0.8,0.74
X-2780,MIR4768,100616249.0,Del0.8,0.74
X-2780,MIR4769,100616147.0,Del0.8,0.77
X-2780,MIR4770,100616373.0,Del0.8,0.74
X-2780,MIR4801,100616435.0,Del0.8,0.68
X-2780,MIR4802,100616274.0,Del0.8,0.8
X-2780,MIR4803,100616377.0,Del0.8,0.77
X-2780,MIR4804,100616152.0,Del0.8,0.77
X-2780,MIR503,574506.0,Del0.8,0.74
X-2780,MIR504,574507.0,Del0.8,0.76
X-2780,MIR505,574508.0,Del0.8,0.76
X-2780,MIR506,574511.0,Del0.8,0.76
X-2780,MIR507,574512.0,Del0.8,0.76
X-2780,MIR508,574513.0,Del0.8,0.76
X-2780,MIR509-1,574514.0,Del0.8,0.76
X-2780,MIR510,574515.0,Del0.8,0.76
X-2780,MIR514A1,574516.0,Del0.8,0.76
X-2780,MIR514A2,574517.0,Del0.8,0.76
X-2780,MIR514B,100422847.0,Del0.8,0.76
X-2780,MIR542,664617.0,Del0.8,0.74
X-2780,MIR545,664614.0,Del0.8,0.76
X-2780,MIR548F3,100302159.0,Del0.8,0.75
X-2780,MIR548F4,100313895.0,Del0.8,0.75
X-2780,MIR548I4,100302191.0,Del0.8,0.75
X-2780,MIR548T,100422849.0,Del0.8,0.75
X-2780,MIR574,693159.0,Del0.8,0.8
X-2780,MIR651,723779.0,Del0.8,0.74
X-2780,MIR661,724031.0,Amp5,7.57
X-2780,MIR676,100500887.0,Del0.8,0.76
X-2780,MIR708,100126333.0,Amp5,6.5
X-2780,MIR764,100313838.0,Del0.8,0.75
X-2780,MIR766,768218.0,Del0.8,0.75
X-2780,MIR767,768215.0,Del0.8,0.76
X-2780,MIR888,100126306.0,Del0.8,0.76
X-2780,MIR890,100126303.0,Del0.8,0.76
X-2780,MIR891A,100126341.0,Del0.8,0.76
X-2780,MIR891B,100126304.0,Del0.8,0.76
X-2780,MIR892A,100126342.0,Del0.8,0.76
X-2780,MIR892B,100126307.0,Del0.8,0.76
X-2780,MIR92A2,407049.0,Del0.8,0.74
X-2780,MIR934,100126324.0,Del0.8,0.76
X-2780,MIR937,100126338.0,Amp5,7.57
X-2780,MIR939,100126351.0,Amp5,7.57
X-2780,MLL5,55904.0,MutNovel,"G272R,0.373"
X-2780,MMGT1,93380.0,Del0.8,0.76
X-2780,MOGAT2,80168.0,Amp5,6.45
X-2780,MORC4,79710.0,Del0.8,0.75
X-2780,MORF4L2,9643.0,Del0.8,0.75
X-2780,MOSPD1,56180.0,Del0.8,0.74
X-2780,MOSPD2,158747.0,Del0.8,0.74
X-2780,MPRIP,23164.0,MutNovel,"TS178T,0.759"
X-2780,MRPL13,28998.0,Amp5,5.7
X-2780,MRPL48,51642.0,Amp5,6.45
X-2780,MRPS27,23107.0,Del0.8,0.77
X-2780,MRPS36,92259.0,Del0.8,0.77
X-2780,MRPS9,64965.0,MutNovel,"V6E,0.220"
X-2780,MSH3,4437.0,MutNovel,"AAA55-,0.458"
X-2780,MSL3,10943.0,Del0.8,0.74
X-2780,MSN,4478.0,Del0.8,0.76
X-2780,MST4,51765.0,Del0.8,0.74
X-2780,MTBP,27085.0,Amp5,5.7
X-2780,MTHFD1L,25902.0,MutNovel,"D969N,0.438"
X-2780,MTM1,4534.0,Del0.8,0.76
X-2780,MTMR1,8776.0,Del0.8,0.76
X-2780,MTMR8,55613.0,Del0.8,0.76
X-2780,MTSS1,9788.0,Amp5,5.7
X-2780,MUC20,200958.0,Amp5,5.62
X-2780,MUC5AC,,MutNovel,"L701V,1.000"
X-2780,MUM1L1,139221.0,Del0.8,0.75
X-2780,MXRA5,25878.0,Del0.8,0.74
X-2780,MXRA8,54587.0,MutNovel,"A41T,0.470"
X-2780,MYBL1,4603.0,Amp5,6.11
X-2780,MYC,4609.0,Amp5,5.7
X-2780,MYO7A,4647.0,Amp5,6.45
X-2780,N4BP2,55728.0,Del0.8,0.8
X-2780,NAALADL1,10004.0,MutNovel,"T550N,1.000"
X-2780,NADSYN1,55191.0,Amp5,6.96
X-2780,NAP1L2,4674.0,Del0.8,0.76
X-2780,NAP1L3,4675.0,Del0.8,0.75
X-2780,NAP1L6,645996.0,Del0.8,0.76
X-2780,NAPRT1,93100.0,Amp5,7.57
X-2780,NARS2,79731.0,Amp8,8.46
X-2780,NBEAP1,606.0,Del0.8,0.35
X-2780,NBN,4683.0,MutKnownFunctional,"R43*,0.216"
X-2780,NBPF9,400818.0,MutNovel,"R97G,0.216"
X-2780,NCOA3,8202.0,MutNovel,"Q1255-,0.364"
X-2780,NCOR2,9612.0,MutNovel,"G1839GAAA,1.000"
X-2780,NCOR2,9612.0,MutKnownFunctional,"-1833R?,0.927"
X-2780,NCOR2,9612.0,MutNovel,"-511S,0.880"
X-2780,NCRNA00185,55410.0,Del0.8,0.19
X-2780,NCRUPAR,100302746.0,Del0.8,0.78
X-2780,NDP,4693.0,Del0.8,0.77
X-2780,NDRG1,10397.0,Amp5,5.86
X-2780,NDUFA1,4694.0,Del0.8,0.75
X-2780,NDUFB11,54539.0,Del0.8,0.77
X-2780,NDUFB9,4715.0,Amp5,5.7
X-2780,NDUFC2,4718.0,Amp8,8.46
X-2780,NDUFC2-KCTD14,100532726.0,Amp8,8.46
X-2780,NDUFS6,4726.0,MutNovel,"G90S,0.221"
X-2780,NETO1,81832.0,Del0.8,0.76
X-2780,NEU3,10825.0,Amp5,6.45
X-2780,NF1P2,440225.0,Del0.8,0.51
X-2780,NFXL1,152518.0,Del0.8,0.7
X-2780,NGFRAP1,27018.0,Del0.8,0.75
X-2780,NHS,4810.0,Del0.8,0.74
X-2780,NHSL2,340527.0,Del0.8,0.76
X-2780,NIPAL1,152519.0,Del0.8,0.7
X-2780,NKAP,79576.0,Del0.8,0.75
X-2780,NKAPP1,158801.0,Del0.8,0.75
X-2780,NKRF,55922.0,Del0.8,0.75
X-2780,NLGN3,54413.0,Del0.8,0.76
X-2780,NLGN4X,57502.0,Del0.8,0.74
X-2780,NLGN4Y,22829.0,Del0.8,0.19
X-2780,NLN,57486.0,Del0.8,0.73
X-2780,NLRP2,55655.0,MutNovel,"T516A,0.500"
X-2780,NONO,4841.0,Del0.8,0.76
X-2780,NOTCH2NL,388677.0,MutNovel,"C70R,0.245"
X-2780,NOV,4856.0,Amp5,5.7
X-2780,NOX1,27035.0,Del0.8,0.75
X-2780,NR0B1,190.0,Del0.8,0.74
X-2780,NR1H2,7376.0,MutNovel,"-173Q,0.867"
X-2780,NRBP2,340371.0,Amp5,7.57
X-2780,NRK,203447.0,Del0.8,0.75
X-2780,NSA2,10412.0,Del0.8,0.77
X-2780,NSDHL,50814.0,Del0.8,0.76
X-2780,NSMCE2,286053.0,Amp5,5.7
X-2780,NSUN7,79730.0,Del0.8,0.8
X-2780,NUDT6,11162.0,MutNovel,"G197S,0.356"
X-2780,NUMA1,4926.0,Amp5,6.96
X-2780,NUP62CL,54830.0,Del0.8,0.75
X-2780,NXF2,56001.0,Del0.8,0.75
X-2780,NXF2,56001.0,Del0.8,0.75
X-2780,NXF2B,728343.0,Del0.8,0.75
X-2780,NXF2B,728343.0,Del0.8,0.75
X-2780,NXF3,56000.0,Del0.8,0.75
X-2780,NXF4,55999.0,Del0.8,0.75
X-2780,NXF5,55998.0,Del0.8,0.75
X-2780,NXT2,55916.0,Del0.8,0.75
X-2780,NYX,60506.0,Del0.8,0.77
X-2780,OC90,729330.0,Amp5,5.86
X-2780,OCIAD1,54940.0,Del0.8,0.7
X-2780,OCIAD2,132299.0,Del0.8,0.7
X-2780,OCLN,100506658.0,Del0.8,0.6
X-2780,OCRL,4952.0,Del0.8,0.74
X-2780,ODZ1,10178.0,Del0.8,0.74
X-2780,ODZ4,26011.0,Amp5,6.5
X-2780,OFD1,8481.0,Del0.8,0.74
X-2780,OGT,8473.0,Del0.8,0.76
X-2780,OMP,4975.0,Amp5,6.45
X-2780,OPHN1,4983.0,Del0.8,0.76
X-2780,OPLAH,26873.0,Amp5,7.57
X-2780,OR11H12,440153.0,MutNovel,"R199L,1.000"
X-2780,OR11H2,79334.0,Amp8,8.22
X-2780,OR13H1,347468.0,Del0.8,0.74
X-2780,OR2AT4,341152.0,Amp5,6.45
X-2780,OR4C6,219432.0,Del0.8,0.26
X-2780,OR4K1,79544.0,Amp8,8.22
X-2780,OR4K2,390431.0,Amp8,8.22
X-2780,OR4K5,79317.0,Amp8,8.22
X-2780,OR4M1,441670.0,Amp8,8.22
X-2780,OR4M2,390538.0,Del0.8,0.51
X-2780,OR4N2,390429.0,Amp8,8.22
X-2780,OR4N3P,390539.0,Del0.8,0.51
X-2780,OR4N4,283694.0,Del0.8,0.51
X-2780,OR4P4,81300.0,Del0.8,0.26
X-2780,OR4Q3,441669.0,Amp8,8.22
X-2780,OR4S2,219431.0,Del0.8,0.26
X-2780,OR51A2,401667.0,Del0.8,0.61
X-2780,ORAI1,84876.0,MutNovel,"PP43-,1.000"
X-2780,OTC,5009.0,Del0.8,0.77
X-2780,OTUD6A,139562.0,Del0.8,0.76
X-2780,OVOS,,MutNovel,"V427L,0.500"
X-2780,OXR1,55074.0,MutKnownFunctional,"W5*,0.346"
X-2780,P2RY10,27334.0,Del0.8,0.76
X-2780,P2RY2,5029.0,Amp5,6.45
X-2780,P2RY4,5030.0,Del0.8,0.76
X-2780,P2RY6,5031.0,Amp5,6.45
X-2780,P4HA3,283208.0,Amp5,6.45
X-2780,PAAF1,80227.0,Amp5,6.45
X-2780,PABPC1L2A,340529.0,Del0.8,0.76
X-2780,PABPC1L2B,645974.0,Del0.8,0.76
X-2780,PABPC5,140886.0,Del0.8,0.76
X-2780,PACRGL,133015.0,MutNovel,"Q29H,0.327"
X-2780,PAK1,5058.0,Amp5,6.45
X-2780,PAK3,5063.0,Del0.8,0.75
X-2780,PARP10,84875.0,Amp5,7.57
X-2780,PASD1,139135.0,Del0.8,0.76
X-2780,PCAT1,100750225.0,Amp5,5.7
X-2780,PCDH11X,27328.0,Del0.8,0.76
X-2780,PCDH11Y,83259.0,Del0.8,0.26
X-2780,PCDH19,57526.0,Del0.8,0.75
X-2780,PCSK2,5126.0,MutNovel,"N221D,0.545"
X-2780,PCYT1B,9468.0,Del0.8,0.74
X-2780,PDE2A,5138.0,Amp5,6.96
X-2780,PDHA1,5160.0,Del0.8,0.74
X-2780,PDK3,5165.0,Del0.8,0.74
X-2780,PDP1,54704.0,Amp5,6.54
X-2780,PDS5A,23244.0,Del0.8,0.8
X-2780,PDZD11,51248.0,Del0.8,0.76
X-2780,PGAM4,441531.0,Del0.8,0.76
X-2780,PGK1,5230.0,Del0.8,0.76
X-2780,PGM2,55276.0,Del0.8,0.8
X-2780,PGM2L1,283209.0,Amp5,6.45
X-2780,PGRMC1,10857.0,Del0.8,0.75
X-2780,PHEX,5251.0,Del0.8,0.74
X-2780,PHF13,148479.0,MutNovel,"P12A,0.353"
X-2780,PHF16,9767.0,Del0.8,0.77
X-2780,PHF20L1,51105.0,Amp5,5.86
X-2780,PHF6,84295.0,Del0.8,0.74
X-2780,PHKA1,5255.0,Del0.8,0.76
X-2780,PHKA2,5256.0,Del0.8,0.74
X-2780,PHLDA1,22822.0,MutNovel,"QQ194Q,1.000"
X-2780,PHLDA3,23612.0,MutNovel,"E52K,0.253"
X-2780,PHLPP1,23239.0,MutNovel,"Q236R,0.500"
X-2780,PHOX2A,401.0,Amp5,6.96
X-2780,PHOX2B,8929.0,Del0.8,0.8
X-2780,PIGA,5277.0,Del0.8,0.74
X-2780,PIK3R1,5295.0,Del0.8,0.77
X-2780,PIN4,5303.0,Del0.8,0.76
X-2780,PINK1,65018.0,MutNovel,"Y321C,0.510"
X-2780,PIR,8544.0,Del0.8,0.74
X-2780,PIR-FIGF,100532742.0,Del0.8,0.74
X-2780,PJA1,64219.0,Del0.8,0.76
X-2780,PKIG,11142.0,MutNovel,"E5K,0.223"
X-2780,PLAC1,10761.0,Del0.8,0.74
X-2780,PLD4,122618.0,MutNovel,"S398T,0.733"
X-2780,PLEC,5339.0,Amp5,7.57
X-2780,PLEKHB1,58473.0,Amp5,6.45
X-2780,PLEKHG5,57449.0,MutNovel,"P107L,0.486"
X-2780,PLP1,5354.0,Del0.8,0.75
X-2780,PLS3,5358.0,Del0.8,0.75
X-2780,PLXNB2,23654.0,MutNovel,"A987D,0.432"
X-2780,PMCHL2,5370.0,Del0.8,0.77
X-2780,PNPLA4,8228.0,Del0.8,0.74
X-2780,POC5,134359.0,Del0.8,0.77
X-2780,POF1B,79983.0,Del0.8,0.76
X-2780,POLA1,5422.0,Del0.8,0.74
X-2780,POLD3,10714.0,Amp5,6.45
X-2780,POLK,51426.0,Del0.8,0.77
X-2780,POTEB,339010.0,Del0.8,0.48
X-2780,POTEH,23784.0,MutNovel,"I238V,0.600"
X-2780,POTEM,641455.0,MutNovel,"R66C,0.500"
X-2780,POU3F4,5456.0,Del0.8,0.76
X-2780,POU5F1B,5462.0,Amp5,5.7
X-2780,PPEF1,5475.0,Del0.8,0.74
X-2780,PPME1,51400.0,Amp5,6.45
X-2780,PPP1R16A,84988.0,Amp5,7.57
X-2780,PPP1R2P9,80316.0,Del0.8,0.77
X-2780,PPP1R42,286187.0,Amp5,6.11
X-2780,PPP2R3B,28227.0,MutNovel,"R709H,0.765"
X-2780,PPWD1,23398.0,Del0.8,0.73
X-2780,PRDX4,10549.0,Del0.8,0.74
X-2780,PRIC285,85441.0,MutNovel,"C675Y,0.333"
X-2780,PRICKLE3,4007.0,MutNovel,"P102L,0.295"
X-2780,PRKRIR,5612.0,Amp5,6.45
X-2780,PRKX,5613.0,Del0.8,0.74
X-2780,PRKY,5616.0,Del0.8,0.19
X-2780,PRPF4B,8899.0,MutNovel,"R484Q,0.343"
X-2780,PRPS1,5631.0,Del0.8,0.75
X-2780,PRPS2,5634.0,Del0.8,0.74
X-2780,PRRG1,5638.0,Del0.8,0.77
X-2780,PRRG3,79057.0,Del0.8,0.76
X-2780,PRY,9081.0,Del0.8,0.19
X-2780,PRY,9081.0,Del0.8,0.19
X-2780,PRY2,442862.0,Del0.8,0.19
X-2780,PRY2,442862.0,Del0.8,0.19
X-2780,PSCA,8000.0,Amp5,6.82
X-2780,PSMD10,5716.0,Del0.8,0.75
X-2780,PTCD2,79810.0,Del0.8,0.77
X-2780,PTCH1,5727.0,MutNovel,"M833I,0.286"
X-2780,PTCHD1,139411.0,Del0.8,0.74
X-2780,PTH2R,5746.0,MutKnownFunctional,"S82*,0.341"
X-2780,PTK2,5747.0,Amp5,6.82
X-2780,PTP4A3,11156.0,Amp5,6.82
X-2780,PTTG2,10744.0,Del0.8,0.8
X-2780,PTTG3P,26255.0,Amp5,6.11
X-2780,PUF60,22827.0,Amp5,7.57
X-2780,PUS7,54517.0,MutNovel,"T387M,0.404"
X-2780,PVT1,5820.0,Amp5,5.7
X-2780,PXDN,7837.0,MutNovel,"T1375P,0.391"
X-2780,PYCRL,65263.0,Amp5,7.57
X-2780,RAB33A,9363.0,Del0.8,0.74
X-2780,RAB40A,142684.0,Del0.8,0.75
X-2780,RAB40AL,282808.0,Del0.8,0.75
X-2780,RAB41,347517.0,Del0.8,0.76
X-2780,RAB6A,5870.0,Amp5,6.45
X-2780,RAB9A,9367.0,Del0.8,0.74
X-2780,RAB9B,51209.0,Del0.8,0.75
X-2780,RAD17,5884.0,Del0.8,0.77
X-2780,RAD21,5885.0,Amp5,5.54
X-2780,RAD21-AS1,644660.0,Amp5,5.54
X-2780,RAD54L2,23132.0,MutNovel,"A148T,0.421"
X-2780,RAI2,10742.0,Del0.8,0.74
X-2780,RAP2C,57826.0,Del0.8,0.74
X-2780,RBBP7,5931.0,Del0.8,0.74
X-2780,RBCK1,10616.0,MutNovel,"D2F,0.221"
X-2780,RBM10,8241.0,Del0.8,0.77
X-2780,RBM12B,389677.0,Amp5,6.54
X-2780,RBM41,55285.0,Del0.8,0.75
X-2780,RBM47,54502.0,Del0.8,0.8
X-2780,RBMX,27316.0,Del0.8,0.76
X-2780,RBMX2,51634.0,Del0.8,0.74
X-2780,RBMXL3,139804.0,Del0.8,0.75
X-2780,RBMY1A3P,286557.0,Del0.8,0.19
X-2780,RBMY1B,378948.0,Del0.8,0.19
X-2780,RBMY1B,378948.0,Del0.8,0.19
X-2780,RBMY1E,378950.0,Del0.8,0.19
X-2780,RBMY1E,378950.0,Del0.8,0.19
X-2780,RBMY1F,159163.0,Del0.8,0.19
X-2780,RBMY1F,159163.0,Del0.8,0.19
X-2780,RBMY1J,378951.0,Del0.8,0.19
X-2780,RBMY1J,378951.0,Del0.8,0.19
X-2780,RBMY2EP,159125.0,Del0.8,0.19
X-2780,RBMY2FP,159162.0,Del0.8,0.19
X-2780,RBMY3AP,64593.0,Del0.8,0.19
X-2780,RECQL4,9401.0,Amp5,7.57
X-2780,RELL1,768211.0,Del0.8,0.8
X-2780,RELT,84957.0,Amp5,6.45
X-2780,REPS2,9185.0,Del0.8,0.74
X-2780,REREP3,646396.0,Del0.8,0.51
X-2780,RFC1,5981.0,Del0.8,0.8
X-2780,RGAG1,57529.0,Del0.8,0.75
X-2780,RGAG4,340526.0,Del0.8,0.76
X-2780,RGN,9104.0,MutNovel,"I152N,1.000"
X-2780,RGN,9104.0,Del0.8,0.77
X-2780,RGNEF,64283.0,Del0.8,0.77
X-2780,RGS12,6002.0,MutNovel,"G1344V,0.356"
X-2780,RGS20,8601.0,MutNovel,"A133G,0.739"
X-2780,RGS7BP,401190.0,Del0.8,0.73
X-2780,RHOH,399.0,Del0.8,0.8
X-2780,RHOXF1,158800.0,Del0.8,0.75
X-2780,RHOXF2B,727940.0,Del0.8,0.75
X-2780,RHOXF2B,727940.0,Del0.8,0.75
X-2780,RHPN1,114822.0,Amp5,7.57
X-2780,RIN3,79890.0,MutNovel,"G967-,0.917"
X-2780,RIPPLY1,92129.0,Del0.8,0.75
X-2780,RLIM,51132.0,Del0.8,0.76
X-2780,RNF113A,7737.0,Del0.8,0.75
X-2780,RNF121,55298.0,Amp5,6.96
X-2780,RNF128,79589.0,Del0.8,0.75
X-2780,RNF139,11236.0,Amp5,5.7
X-2780,RNF169,254225.0,Amp5,6.45
X-2780,RNF170,81790.0,Amp5,5.58
X-2780,RNF180,285671.0,Del0.8,0.73
X-2780,RP1-177G6.2,286411.0,Del0.8,0.76
X-2780,RP2,6102.0,Del0.8,0.77
X-2780,RPA4,29935.0,Del0.8,0.75
X-2780,RPGR,6103.0,Del0.8,0.77
X-2780,RPL36A,6173.0,Del0.8,0.75
X-2780,RPL36A-HNRNPH2,100529097.0,Del0.8,0.75
X-2780,RPL39,6170.0,Del0.8,0.75
X-2780,RPL9,6133.0,Del0.8,0.8
X-2780,RPN2,6185.0,MutNovel,"N497S,0.284"
X-2780,RPS17L,,MutNovel,"P65Q,0.500"
X-2780,RPS26P11,441502.0,Del0.8,0.76
X-2780,RPS3,6188.0,Amp5,6.45
X-2780,RPS4X,6191.0,Del0.8,0.76
X-2780,RPS4Y1,6192.0,Del0.8,0.26
X-2780,RPS4Y2,140032.0,Del0.8,0.19
X-2780,RPS6KA3,6197.0,Del0.8,0.74
X-2780,RPS6KA6,27330.0,Del0.8,0.76
X-2780,RRS1,23212.0,Amp5,6.11
X-2780,RS1,6247.0,Del0.8,0.74
X-2780,RSF1,51773.0,Amp8,8.46
X-2780,RTTN,25914.0,Del0.8,0.76
X-2780,S100G,795.0,Del0.8,0.74
X-2780,S100Z,170591.0,Del0.8,0.78
X-2780,SAA2,6289.0,MutNovel,"K102E,0.600"
X-2780,SAGE1,55511.0,Del0.8,0.76
X-2780,SAMD12,401474.0,Amp5,5.7
X-2780,SAMD12-AS1,552860.0,Amp5,5.7
X-2780,SASH3,54440.0,Del0.8,0.74
X-2780,SAT1,6303.0,Del0.8,0.74
X-2780,SATL1,340562.0,Del0.8,0.76
X-2780,SCAMP1,9522.0,MutNovel,"C281R,0.538"
X-2780,SCARNA23,677773.0,Del0.8,0.74
X-2780,SCARNA9L,100158262.0,Del0.8,0.74
X-2780,SCLT1,132320.0,MutNovel,"E560Q,0.232"
X-2780,SCML1,6322.0,Del0.8,0.74
X-2780,SCML2,10389.0,Del0.8,0.74
X-2780,SCRIB,23513.0,Amp5,7.57
X-2780,SCRT1,83482.0,Amp5,7.57
X-2780,SCUBE2,57758.0,MutNovel,"L25P,0.312"
X-2780,SCXA,100129885.0,Amp5,7.57
X-2780,SENP7,57337.0,MutNovel,"K614Q,0.423"
X-2780,SEPSECS,51091.0,MutNovel,"T418P,0.484"
X-2780,2014-09-06 00:00:00,23157.0,Del0.8,0.75
X-2780,SERINC2,347735.0,MutNovel,"-373Q,1.000"
X-2780,SERPINA7,6906.0,Del0.8,0.75
X-2780,SERPINH1,871.0,Amp5,6.45
X-2780,SETD1A,9739.0,MutNovel,"R1146H,0.304"
X-2780,SGK196,84197.0,Amp5,5.58
X-2780,SGK3,23678.0,Amp5,6.11
X-2780,SGTB,54557.0,Del0.8,0.73
X-2780,SH2D1A,4068.0,Del0.8,0.74
X-2780,SH3BGRL,6451.0,Del0.8,0.76
X-2780,SH3KBP1,30011.0,Del0.8,0.74
X-2780,SH3TC1,54436.0,MutNovel,"P961L,0.214"
X-2780,SHARPIN,81858.0,Amp5,7.57
X-2780,SHISA3,152573.0,Del0.8,0.7
X-2780,SHROOM2,357.0,Del0.8,0.74
X-2780,SIPA1L1,26037.0,MutNovel,"N778D,0.303"
X-2780,SLA,6503.0,Amp5,5.86
X-2780,SLAIN2,57606.0,Del0.8,0.7
X-2780,SLC10A4,201780.0,Del0.8,0.7
X-2780,SLC16A2,6567.0,Del0.8,0.76
X-2780,SLC25A14,9016.0,Del0.8,0.74
X-2780,SLC25A43,203427.0,Del0.8,0.75
X-2780,SLC25A5,292.0,Del0.8,0.75
X-2780,SLC25A5-AS1,100303728.0,Del0.8,0.75
X-2780,SLC30A5,64924.0,Del0.8,0.77
X-2780,SLC30A8,169026.0,Amp5,5.54
X-2780,SLC30A9,10463.0,Del0.8,0.8
X-2780,SLC39A4,55630.0,Amp5,7.57
X-2780,SLC45A4,57210.0,Amp5,6.82
X-2780,SLC6A14,11254.0,Del0.8,0.75
X-2780,SLC7A3,84889.0,Del0.8,0.76
X-2780,SLC9A3R2,9351.0,MutNovel,"H127R,0.348"
X-2780,SLC9A6,10479.0,Del0.8,0.76
X-2780,SLC9A7,84679.0,Del0.8,0.77
X-2780,SLCO2B1,11309.0,Amp5,6.45
X-2780,SLITRK2,84631.0,Del0.8,0.76
X-2780,SLITRK4,139065.0,Del0.8,0.76
X-2780,SLURP1,57152.0,Amp5,6.82
X-2780,SMARCA1,6594.0,Del0.8,0.74
X-2780,SMARCAL1,50485.0,MutNovel,"S316F,0.276"
X-2780,SMCR7L,54471.0,MutNovel,"P99S,0.290"
X-2780,SMEK3P,139420.0,Del0.8,0.74
X-2780,SMO,6608.0,MutNovel,"V54M,0.556"
X-2780,SMPX,23676.0,Del0.8,0.74
X-2780,SMS,6611.0,Del0.8,0.74
X-2780,SNHG6,641638.0,Amp5,6.11
X-2780,SNORA11C,100124540.0,Del0.8,0.77
X-2780,SNORA35,677816.0,Del0.8,0.75
X-2780,SNORA69,26779.0,Del0.8,0.75
X-2780,SNORD15A,6079.0,Amp5,6.45
X-2780,SNORD15B,114599.0,Amp5,6.45
X-2780,SNORD61,26787.0,Del0.8,0.76
X-2780,SNORD87,641648.0,Amp5,6.11
X-2780,SNORD96B,692226.0,Del0.8,0.75
X-2780,SNTB1,6641.0,Amp5,5.7
X-2780,SNX12,29934.0,Del0.8,0.76
X-2780,SOCS6,9306.0,Del0.8,0.76
X-2780,SOWAHD,347454.0,Del0.8,0.75
X-2780,SOX3,6658.0,Del0.8,0.76
X-2780,SP100,6672.0,MutNovel,"N705K,0.500"
X-2780,SP140L,93349.0,MutNovel,"K151R,0.344"
X-2780,SPANXA2,728712.0,Del0.8,0.76
X-2780,SPANXA2,728712.0,Del0.8,0.76
X-2780,SPANXA2-OT1,619455.0,Del0.8,0.76
X-2780,SPANXB1,728695.0,Del0.8,0.76
X-2780,SPANXC,64663.0,Del0.8,0.76
X-2780,SPANXN1,494118.0,Del0.8,0.76
X-2780,SPANXN2,494119.0,Del0.8,0.76
X-2780,SPANXN3,139067.0,Del0.8,0.76
X-2780,SPANXN4,441525.0,Del0.8,0.76
X-2780,SPATC1,375686.0,Amp5,7.57
X-2780,SPCS2,9789.0,Amp5,6.45
X-2780,SPEF2,79925.0,MutNovel,"HVA932RVP,0.769"
X-2780,SPIN4,139886.0,Del0.8,0.76
X-2780,SQLE,6713.0,Amp5,5.7
X-2780,SRD5A1P1,6719.0,Del0.8,0.76
X-2780,SREK1,140890.0,Del0.8,0.75
X-2780,SREK1IP1,285672.0,Del0.8,0.73
X-2780,SRPX,8406.0,Del0.8,0.77
X-2780,SRPX2,27286.0,Del0.8,0.75
X-2780,SRY,6736.0,Del0.8,0.26
X-2780,ST3GAL1,6482.0,Amp5,5.86
X-2780,STAG2,10735.0,Del0.8,0.2
X-2780,STARD10,10809.0,Amp5,6.96
X-2780,STARD8,9754.0,Del0.8,0.76
X-2780,STON2,85439.0,MutNovel,"A866V,0.459"
X-2780,STS,412.0,Del0.8,0.74
X-2780,SUPT3H,8464.0,MutNovel,"N225Y,0.208"
X-2780,SURF2,6835.0,MutNovel,"G49S,0.430"
X-2780,SVIL,6840.0,MutNovel,"E1042D,0.324"
X-2780,SYAP1,94056.0,Del0.8,0.74
X-2780,SYN1,6853.0,Del0.8,0.77
X-2780,SYNJ2,8871.0,MutNovel,"V654M,0.211"
X-2780,SYTL4,94121.0,Del0.8,0.75
X-2780,SYTL5,94122.0,Del0.8,0.77
X-2780,TAB3,257397.0,Del0.8,0.74
X-2780,TAF1,6872.0,Del0.8,0.76
X-2780,TAF2,6873.0,Amp5,5.7
X-2780,TAF7L,54457.0,Del0.8,0.75
X-2780,TAF9,6880.0,Del0.8,0.77
X-2780,TAF9B,51616.0,Del0.8,0.76
X-2780,TANC1,85461.0,MutNovel,"D1452A,0.265"
X-2780,TAS2R43,259289.0,Amp5,5.17
X-2780,TATDN1,83940.0,Amp5,5.7
X-2780,TBC1D1,23216.0,Del0.8,0.8
X-2780,TBC1D8B,54885.0,Del0.8,0.75
X-2780,TBCK,93627.0,MutNovel,"K184I,0.565"
X-2780,TBL1X,6907.0,Del0.8,0.74
X-2780,TBL1Y,90665.0,Del0.8,0.19
X-2780,TBP,6908.0,MutNovel,"-64Q,0.917"
X-2780,TBX2,6909.0,MutNovel,"P4L,0.765"
X-2780,TBX22,50945.0,Del0.8,0.76
X-2780,TCEAL1,9338.0,Del0.8,0.75
X-2780,TCEAL2,140597.0,Del0.8,0.75
X-2780,TCEAL3,85012.0,Del0.8,0.75
X-2780,TCEAL4,79921.0,Del0.8,0.75
X-2780,TCEAL5,340543.0,Del0.8,0.75
X-2780,TCEAL6,158931.0,Del0.8,0.75
X-2780,TCEAL7,56849.0,Del0.8,0.75
X-2780,TCEAL8,90843.0,Del0.8,0.75
X-2780,TCEANC,170082.0,Del0.8,0.74
X-2780,TCF24,100129654.0,Amp5,6.11
X-2780,TDGF1P3,6998.0,Del0.8,0.75
X-2780,TEC,7006.0,Del0.8,0.7
X-2780,TEX11,56159.0,Del0.8,0.76
X-2780,TEX13A,56157.0,Del0.8,0.75
X-2780,TEX13B,56156.0,Del0.8,0.75
X-2780,TFDP3,51270.0,Del0.8,0.74
X-2780,TG,7038.0,Amp5,5.86
X-2780,TGIF2LX,90316.0,Del0.8,0.76
X-2780,TGIF2LY,90655.0,Del0.8,0.26
X-2780,THAP1,55145.0,Amp5,5.58
X-2780,THOC2,57187.0,Del0.8,0.75
X-2780,THRSP,7069.0,Amp8,8.46
X-2780,TIGD5,84948.0,Amp5,7.57
X-2780,TIMM21,29090.0,Del0.8,0.76
X-2780,TIMM8A,1678.0,Del0.8,0.75
X-2780,TIMP1,7076.0,Del0.8,0.77
X-2780,TK2,7084.0,MutNovel,"R32W,0.400"
X-2780,TLR1,7096.0,Del0.8,0.8
X-2780,TLR10,81793.0,Del0.8,0.8
X-2780,TLR6,10333.0,Del0.8,0.8
X-2780,TLR7,51284.0,Del0.8,0.74
X-2780,TLR8,51311.0,Del0.8,0.74
X-2780,TLR8-AS1,349408.0,Del0.8,0.74
X-2780,TMEM156,80008.0,Del0.8,0.8
X-2780,TMEM164,84187.0,Del0.8,0.75
X-2780,TMEM171,134285.0,Del0.8,0.77
X-2780,TMEM174,134288.0,Del0.8,0.77
X-2780,TMEM184A,202915.0,MutNovel,"G392GA,0.908"
X-2780,TMEM185A,84548.0,Del0.8,0.76
X-2780,TMEM27,57393.0,Del0.8,0.74
X-2780,TMEM31,203562.0,Del0.8,0.75
X-2780,TMEM33,55161.0,Del0.8,0.8
X-2780,TMEM35,59353.0,Del0.8,0.75
X-2780,TMEM47,83604.0,Del0.8,0.74
X-2780,TMEM65,157378.0,Amp5,5.7
X-2780,TMEM67,91147.0,Amp5,6.54
X-2780,TMEM71,137835.0,Amp5,5.86
X-2780,TMSB15A,11013.0,Del0.8,0.75
X-2780,TMSB15B,286527.0,Del0.8,0.75
X-2780,TMSB4X,7114.0,Del0.8,0.74
X-2780,TMSB4Y,9087.0,Del0.8,0.19
X-2780,TMX3,54495.0,Del0.8,0.76
X-2780,TNFRSF11B,4982.0,Amp5,5.7
X-2780,TNMD,64102.0,Del0.8,0.75
X-2780,TNNT3,7140.0,MutKnownFunctional,"E130*,0.226"
X-2780,TNPO1,3842.0,Del0.8,0.77
X-2780,TONSL,4796.0,MutNovel,"P1014L,0.256"
X-2780,TONSL,4796.0,Amp5,7.57
X-2780,TOP1MT,116447.0,Amp5,7.57
X-2780,TP53,7157.0,MutNovel,"D259Y,0.898"
X-2780,TPSB2,64499.0,MutNovel,"A238T,1.000"
X-2780,TRAPPC2,6399.0,Del0.8,0.74
X-2780,TRAPPC9,83696.0,Amp5,6.32
X-2780,TRIB1,10221.0,Amp5,5.7
X-2780,TRIM23,373.0,Del0.8,0.73
X-2780,TRIM35,23087.0,MutNovel,"R290S,0.389"
X-2780,TRIM4,89122.0,MutNovel,"P104T,0.211"
X-2780,TRIM51,,MutNovel,"F248L,0.667"
X-2780,TRMT12,55039.0,Amp5,5.7
X-2780,TRMT2B,79979.0,Del0.8,0.75
X-2780,TRPC5,7224.0,Del0.8,0.75
X-2780,TRPS1,7227.0,Amp5,5.54
X-2780,TSC22D3,1831.0,Del0.8,0.75
X-2780,TSHZ1,10194.0,Del0.8,0.76
X-2780,TSIX,9383.0,Del0.8,0.76
X-2780,TSKU,25987.0,Amp5,6.45
X-2780,TSNARE1,203062.0,Amp5,6.82
X-2780,TSPAN6,7105.0,Del0.8,0.75
X-2780,TSPAN7,7102.0,Del0.8,0.77
X-2780,TSPAN9,10867.0,MutNovel,"A59T,0.422"
X-2780,TSPY1,7258.0,Del0.8,0.19
X-2780,TSPY2,64591.0,Del0.8,0.1
X-2780,TSPY3,728137.0,Del0.8,0.19
X-2780,TSPY4,728395.0,Del0.8,0.19
X-2780,TSPY8,728403.0,Del0.8,0.19
X-2780,TSPYL1,7259.0,MutNovel,"V176VW,0.500"
X-2780,TSTA3,7264.0,Amp5,7.57
X-2780,TTC3P1,286495.0,Del0.8,0.76
X-2780,TTTY10,246119.0,Del0.8,0.19
X-2780,TTTY11,83866.0,Del0.8,0.19
X-2780,TTTY12,83867.0,Del0.8,0.19
X-2780,TTTY13,83868.0,Del0.8,0.19
X-2780,TTTY14,83869.0,Del0.8,0.19
X-2780,TTTY15,64595.0,Del0.8,0.19
X-2780,TTTY16,252948.0,Del0.8,0.19
X-2780,TTTY17A,252949.0,Del0.8,0.07
X-2780,TTTY17A,252949.0,Del0.8,0.12
X-2780,TTTY18,252950.0,Del0.8,0.19
X-2780,TTTY19,252952.0,Del0.8,0.19
X-2780,TTTY1B,100101116.0,Del0.8,0.1
X-2780,TTTY1B,100101116.0,Del0.8,0.19
X-2780,TTTY2,60439.0,Del0.8,0.14
X-2780,TTTY2,60439.0,Del0.8,0.19
X-2780,TTTY20,252951.0,Del0.8,0.19
X-2780,TTTY21,252953.0,Del0.8,0.19
X-2780,TTTY21,252953.0,Del0.8,0.19
X-2780,TTTY22,252954.0,Del0.8,0.19
X-2780,TTTY23,252955.0,Del0.8,0.19
X-2780,TTTY23,252955.0,Del0.8,0.1
X-2780,TTTY3,114760.0,Del0.8,0.19
X-2780,TTTY3,114760.0,Del0.8,0.12
X-2780,TTTY4,114761.0,Del0.8,0.12
X-2780,TTTY4,114761.0,Del0.8,0.07
X-2780,TTTY5,83863.0,Del0.8,0.19
X-2780,TTTY6,84672.0,Del0.8,0.19
X-2780,TTTY6,84672.0,Del0.8,0.19
X-2780,TTTY7,246122.0,Del0.8,0.19
X-2780,TTTY7,246122.0,Del0.8,0.19
X-2780,TTTY7B,100101120.0,Del0.8,0.19
X-2780,TTTY7B,100101120.0,Del0.8,0.19
X-2780,TTTY8,84673.0,Del0.8,0.19
X-2780,TTTY8,84673.0,Del0.8,0.19
X-2780,TTTY9A,83864.0,Del0.8,0.19
X-2780,TTTY9A,83864.0,Del0.8,0.19
X-2780,TXK,7294.0,Del0.8,0.7
X-2780,TXLNG,55787.0,Del0.8,0.74
X-2780,TXLNG2P,246126.0,Del0.8,0.19
X-2780,UBA1,7317.0,Del0.8,0.77
X-2780,UBE2A,7319.0,Del0.8,0.75
X-2780,UBE2DNL,100131816.0,Del0.8,0.76
X-2780,UBE2K,3093.0,Del0.8,0.8
X-2780,UBE2NL,389898.0,Del0.8,0.76
X-2780,UCHL1,7345.0,Del0.8,0.8
X-2780,UCP2,7351.0,Amp5,6.45
X-2780,UCP3,7352.0,Amp5,6.45
X-2780,UGDH,7358.0,Del0.8,0.8
X-2780,UGT2B28,54490.0,MutNovel,"F247S,1.000"
X-2780,UPF3B,65109.0,Del0.8,0.75
X-2780,UPRT,139596.0,Del0.8,0.76
X-2780,USP11,8237.0,Del0.8,0.77
X-2780,USP26,83844.0,Del0.8,0.74
X-2780,USP35,57558.0,Amp8,8.46
X-2780,USP36,57602.0,MutNovel,"KKK958K,0.926"
X-2780,USP9X,8239.0,Del0.8,0.77
X-2780,USP9Y,8287.0,Del0.8,0.19
X-2780,UTP14A,10813.0,Del0.8,0.74
X-2780,UTP15,84135.0,Del0.8,0.77
X-2780,UTP20,27340.0,MutNovel,"D1486N,0.333"
X-2780,UTP23,84294.0,Amp5,5.54
X-2780,UTY,7404.0,Del0.8,0.19
X-2780,UVRAG,7405.0,Amp5,6.45
X-2780,VAV2,7410.0,MutNovel,"R816H,0.360"
X-2780,VCPIP1,80124.0,Amp5,6.11
X-2780,VCX,26609.0,Del0.8,0.74
X-2780,VCX2,51480.0,Del0.8,0.74
X-2780,VCX3A,51481.0,MutNovel,"V186M,0.286"
X-2780,VCX3A,51481.0,Del0.8,0.74
X-2780,VCX3B,425054.0,Del0.8,0.74
X-2780,VCY,9084.0,Del0.8,0.19
X-2780,VCY,9084.0,Del0.8,0.19
X-2780,VENTXP1,139538.0,Del0.8,0.74
X-2780,VGLL1,51442.0,Del0.8,0.76
X-2780,VMA21,203547.0,Del0.8,0.76
X-2780,VPS28,51160.0,Amp5,7.57
X-2780,VSIG1,340547.0,Del0.8,0.75
X-2780,VSIG4,11326.0,Del0.8,0.76
X-2780,VWA1,64856.0,MutNovel,"A326P,0.419"
X-2780,VWDE,221806.0,MutNovel,"TV1032MI,0.750"
X-2780,WBP5,51186.0,Del0.8,0.75
X-2780,WDR19,57728.0,Del0.8,0.8
X-2780,WDR44,54521.0,Del0.8,0.75
X-2780,WDR67,93594.0,Amp5,5.7
X-2780,WDR76,79968.0,MutNovel,"S153A,0.574"
X-2780,WDYHV1,55093.0,Amp5,5.7
X-2780,WISP1,8840.0,Amp5,5.86
X-2780,WNT11,7481.0,Amp5,6.45
X-2780,WWC3,55841.0,Del0.8,0.74
X-2780,XIAP,331.0,Del0.8,0.75
X-2780,XIST,7503.0,Del0.8,0.76
X-2780,XK,7504.0,Del0.8,0.77
X-2780,XKRX,402415.0,Del0.8,0.75
X-2780,XKRY2,353515.0,Del0.8,0.19
X-2780,XKRY2,353515.0,Del0.8,0.19
X-2780,XPNPEP2,7512.0,Del0.8,0.74
X-2780,XRRA1,143570.0,Amp5,6.45
X-2780,YIPF6,286451.0,Del0.8,0.76
X-2780,YIPF7,285525.0,Del0.8,0.7
X-2780,YY2,404281.0,Del0.8,0.74
X-2780,ZADH2,284273.0,Del0.8,0.76
X-2780,ZAR1,326340.0,Del0.8,0.7
X-2780,ZBTB33,10009.0,Del0.8,0.75
X-2780,ZC3H12B,340554.0,Del0.8,0.76
X-2780,ZC3H3,23144.0,Amp5,7.57
X-2780,ZC4H2,55906.0,Del0.8,0.76
X-2780,ZCCHC12,170261.0,Del0.8,0.75
X-2780,ZCCHC13,389874.0,Del0.8,0.76
X-2780,ZCCHC16,340595.0,Del0.8,0.75
X-2780,ZCCHC18,644353.0,Del0.8,0.75
X-2780,ZCCHC5,203430.0,Del0.8,0.76
X-2780,ZDHHC11,79844.0,MutNovel,"A303D,0.286"
X-2780,ZDHHC11,79844.0,MutNovel,"F63L,0.417"
X-2780,ZDHHC11,79844.0,MutNovel,"G58R,0.417"
X-2780,ZDHHC15,158866.0,Del0.8,0.76
X-2780,ZDHHC9,51114.0,Del0.8,0.74
X-2780,ZFAT,57623.0,Amp5,5.86
X-2780,ZFAT-AS1,594840.0,Amp5,5.86
X-2780,ZFP41,286128.0,Amp5,7.57
X-2780,ZFX,7543.0,Del0.8,0.74
X-2780,ZFY,7544.0,Del0.8,0.26
X-2780,ZHX1,11244.0,Amp5,5.7
X-2780,ZHX1-C8ORF76,100533106.0,Amp5,5.7
X-2780,ZHX2,22882.0,Amp5,5.7
X-2780,ZIC3,7547.0,Del0.8,0.76
X-2780,ZMAT1,84460.0,Del0.8,0.75
X-2780,ZMYM3,9203.0,Del0.8,0.76
X-2780,ZNF157,7712.0,Del0.8,0.77
X-2780,ZNF236,7776.0,Del0.8,0.76
X-2780,ZNF280C,55609.0,Del0.8,0.74
X-2780,ZNF366,167465.0,Del0.8,0.77
X-2780,ZNF407,55628.0,Del0.8,0.76
X-2780,ZNF41,7592.0,Del0.8,0.77
X-2780,ZNF449,203523.0,Del0.8,0.74
X-2780,ZNF516,9658.0,Del0.8,0.76
X-2780,ZNF566,84924.0,MutNovel,"T73R,0.364"
X-2780,ZNF572,137209.0,Amp5,5.7
X-2780,ZNF623,9831.0,Amp5,7.57
X-2780,ZNF645,158506.0,Del0.8,0.74
X-2780,ZNF673,55634.0,Del0.8,0.77
X-2780,ZNF674,641339.0,Del0.8,0.77
X-2780,ZNF696,79943.0,Amp5,7.57
X-2780,ZNF707,286075.0,Amp5,7.57
X-2780,ZNF711,7552.0,Del0.8,0.76
X-2780,ZNF726,730087.0,MutNovel,"L580P,1.000"
X-2780,ZNF75D,7626.0,Del0.8,0.74
X-2780,ZRSR2,8233.0,Del0.8,0.74
X-3056,ABHD14B,84836.0,MutKnownFunctional,"-105?,0.394"
X-3056,ABTB2,25841.0,MutNovel,"A301E,0.241"
X-3056,ADAM3A,1587.0,Del0.8,0.22
X-3056,ADAM5P,255926.0,Del0.8,0.47
X-3056,ADH1B,125.0,MutNovel,"C104Y,1.000"
X-3056,ADRBK1,156.0,MutNovel,"R454G,0.551"
X-3056,AKAP13,11214.0,MutNovel,"E2629V,0.367"
X-3056,AMELY,266.0,Del0.8,0.66
X-3056,APBB1IP,54518.0,MutNovel,"A376V,0.300"
X-3056,APOB,338.0,MutNovel,"D4457N,0.404"
X-3056,BCL6,604.0,MutNovel,"A229S,0.293"
X-3056,BCORP1,286554.0,Del0.8,0.66
X-3056,BPY2B,442867.0,Del0.8,0.63
X-3056,BPY2B,442867.0,Del0.8,0.63
X-3056,C1orf228,339541.0,MutNovel,"Y418H,0.360"
X-3056,C3,718.0,MutNovel,"T647R,0.354"
X-3056,CASS4,57091.0,MutNovel,"R163L,0.750"
X-3056,CCDC39,339829.0,MutNovel,"S720G,1.000"
X-3056,CCZ1,51622.0,MutKnownFunctional,"-455?,0.373"
X-3056,CD247,919.0,MutNovel,"A155T,0.417"
X-3056,CD3E,916.0,MutNovel,"I135M,0.367"
X-3056,CDC42EP4,23580.0,MutNovel,"E63K,0.931"
X-3056,CDH3,1001.0,MutNovel,"G285V,0.505"
X-3056,CDY1B,253175.0,Del0.8,0.63
X-3056,CDY1B,253175.0,Del0.8,0.63
X-3056,CDY2A,9426.0,Del0.8,0.66
X-3056,CDY2A,9426.0,Del0.8,0.66
X-3056,CDY2B,203611.0,Del0.8,0.66
X-3056,CDY2B,203611.0,Del0.8,0.66
X-3056,CEBPZ,10153.0,MutNovel,"M534R,0.517"
X-3056,CENPM,79019.0,MutNovel,"V70L,0.361"
X-3056,CHP1,,MutNovel,"D164N,0.972"
X-3056,COL4A2,1284.0,MutNovel,"P1421L,0.357"
X-3056,CR1L,1379.0,MutNovel,"S29Y,0.667"
X-3056,CRIPAK,285464.0,MutNovel,"P142R,0.308"
X-3056,CRIPAK,285464.0,MutNovel,"V164A,0.633"
X-3056,CSPG4P1Y,114758.0,Del0.8,0.63
X-3056,CSPG4P1Y,114758.0,Del0.8,0.63
X-3056,CTSB,1508.0,MutNovel,"V232I,0.200"
X-3056,DAZ1,1617.0,Del0.8,0.63
X-3056,DAZ2,57055.0,Del0.8,0.63
X-3056,DAZ3,57054.0,Del0.8,0.63
X-3056,DAZ3,57054.0,Del0.8,0.63
X-3056,DAZ4,57135.0,Del0.8,0.63
X-3056,DAZ4,57135.0,Del0.8,0.63
X-3056,DDX28,55794.0,MutNovel,"G336V,0.404"
X-3056,DDX3Y,8653.0,Del0.8,0.66
X-3056,DDX60,55601.0,MutNovel,"S28R,0.640"
X-3056,DEFA10P,449493.0,Del0.8,0.76
X-3056,DEFB109P1,245912.0,Del0.8,0.71
X-3056,DHCR7,1717.0,MutNovel,"H119L,0.686"
X-3056,DHX16,8449.0,MutNovel,"P8S,0.500"
X-3056,DNAAF2,55172.0,MutNovel,"R542W,0.790"
X-3056,DNAJC21,134218.0,MutNovel,"R573L,0.626"
X-3056,EDEM3,80267.0,MutNovel,"A17G,0.649"
X-3056,EEPD1,80820.0,MutKnownFunctional,"E167*,0.333"
X-3056,EIF1AY,9086.0,Del0.8,0.63
X-3056,EML6,400954.0,MutNovel,"D892G,0.800"
X-3056,ENO4,387712.0,MutNovel,"L605P,0.750"
X-3056,EPB41L5,57669.0,MutNovel,"C385R,0.618"
X-3056,EPHB6,2051.0,MutNovel,"A790V,0.281"
X-3056,ERBB2IP,55914.0,MutNovel,"G1252V,0.329"
X-3056,FAM106A,80039.0,Del0.8,0.59
X-3056,FAM153A,285596.0,MutNovel,"V186G,1.000"
X-3056,FAM197Y2P,252946.0,Del0.8,0.66
X-3056,FAM208A,23272.0,MutNovel,"G1361R,0.600"
X-3056,FAM21A,387680.0,Del0.8,0.63
X-3056,FAM41AY1,340618.0,Del0.8,0.66
X-3056,FAM41AY1,340618.0,Del0.8,0.66
X-3056,FAM66A,100133172.0,Del0.8,0.63
X-3056,FAM74A4,401508.0,Del0.8,0.7
X-3056,FCGBP,8857.0,MutNovel,"Q2719H,0.800"
X-3056,FCGBP,8857.0,MutNovel,"A2715V,0.846"
X-3056,FCGBP,8857.0,MutNovel,"D2025N,0.286"
X-3056,FERMT2,10979.0,MutNovel,"E634D,0.214"
X-3056,GALNS,2588.0,MutNovel,"P195R,0.432"
X-3056,GATA3,2625.0,MutKnownFunctional,"-335?,0.379"
X-3056,GGT7,2686.0,MutNovel,"F393L,0.282"
X-3056,GIMAP2,26157.0,MutKnownFunctional,"-155,0.457"
X-3056,GINS4,84296.0,MutNovel,"G14R,0.421"
X-3056,GIT1,28964.0,MutNovel,"A16G,0.235"
X-3056,GOLGA2P2Y,84559.0,Del0.8,0.63
X-3056,GOLGA2P2Y,84559.0,Del0.8,0.63
X-3056,GSTM1,2944.0,Del0.8,0.75
X-3056,GSTT2,2953.0,Del0.8,0.69
X-3056,GYG2P1,352887.0,Del0.8,0.66
X-3056,GYPE,2996.0,MutNovel,"G13A,1.000"
X-3056,HLA-G,3135.0,MutNovel,"V255M,1.000"
X-3056,HRC,3270.0,MutNovel,"D521N,0.667"
X-3056,HSD17B13,345275.0,MutNovel,"D134G,0.625"
X-3056,HSFY2,159119.0,Del0.8,0.66
X-3056,HSFY2,159119.0,Del0.8,0.66
X-3056,IGSF3,3321.0,MutNovel,"D1041G,0.400"
X-3056,IL1RL2,8808.0,MutNovel,"A344T,1.000"
X-3056,IP6K2,51447.0,MutNovel,"S18F,0.546"
X-3056,IQGAP3,128239.0,MutNovel,"R495H,0.209"
X-3056,IRS1,3667.0,MutNovel,"R873Q,0.586"
X-3056,IRS2,8660.0,MutNovel,"G134D,0.680"
X-3056,ITGAL,3683.0,MutNovel,"S88F,1.000"
X-3056,ITGB7,3695.0,MutNovel,"E762D,0.331"
X-3056,JMJD4,65094.0,MutNovel,"E305K,0.659"
X-3056,KDM5D,8284.0,Del0.8,0.66
X-3056,KGFLP1,387628.0,Del0.8,0.7
X-3056,KIAA0195,9772.0,MutNovel,"R388K,0.944"
X-3056,KIAA1217,56243.0,MutNovel,"ME840K,0.923"
X-3056,KIAA1407,57577.0,MutKnownFunctional,"-415,0.647"
X-3056,KLHL17,339451.0,MutNovel,"T499A,0.593"
X-3056,KLHL2,11275.0,MutNovel,"E92G,0.584"
X-3056,KRAS,3845.0,MutKnownFunctional,"G12V,0.531"
X-3056,KREMEN1,83999.0,MutNovel,"S257R,0.750"
X-3056,KRT15,3866.0,MutNovel,"D414E,0.250"
X-3056,LCE3C,353144.0,Del0.8,0.66
X-3056,LGALS9C,654346.0,Del0.8,0.59
X-3056,LIPT2,387787.0,MutNovel,"I36T,0.475"
X-3056,LOC100996541,,MutNovel,"E323Q,0.333"
X-3056,LSR,51599.0,MutNovel,"G518GR,0.778"
X-3056,MAP3K4,4216.0,MutNovel,"PA1189P,0.385"
X-3056,MCM9,254394.0,MutNovel,"L639V,1.000"
X-3056,MED15,51586.0,MutNovel,"-251Q,0.207"
X-3056,MEF2A,4205.0,MutNovel,"QQ412-,0.214"
X-3056,MGAM,8972.0,MutNovel,"K1059N,0.750"
X-3056,MLL2,8085.0,MutNovel,"A5470P,0.899"
X-3056,MNT,4335.0,MutNovel,"P414T,0.516"
X-3056,MNX1,3110.0,MutNovel,"D10N,0.765"
X-3056,MTSS1L,92154.0,MutNovel,"T707M,0.276"
X-3056,MUC17,140453.0,MutNovel,"I2780M,0.560"
X-3056,MYCBP2,23077.0,MutNovel,"G4412S,0.360"
X-3056,MYH9,4627.0,MutNovel,"K995E,0.489"
X-3056,NAT8,9027.0,MutNovel,"M121T,1.000"
X-3056,NAT8,9027.0,MutNovel,"E113G,1.000"
X-3056,NAT8,9027.0,MutNovel,"S107P,1.000"
X-3056,NCOR2,9612.0,MutNovel,"G1839GAAA,0.583"
X-3056,NCRNA00185,55410.0,Del0.8,0.66
X-3056,NFE2L3,9603.0,MutNovel,"A149V,0.414"
X-3056,NFKBIE,4794.0,MutNovel,"R235L,0.514"
X-3056,NLGN4Y,22829.0,Del0.8,0.66
X-3056,NOTCH1,4851.0,MutNovel,"A348T,0.667"
X-3056,NWD1,284434.0,MutNovel,"D330H,0.233"
X-3056,OPA1,4976.0,MutNovel,"R940C,0.593"
X-3056,ORAI1,84876.0,MutNovel,"PP43-,0.611"
X-3056,P2RY8,286530.0,MutNovel,"M992I,0.833"
X-3056,P2RY8,286530.0,MutNovel,"G506V,0.214"
X-3056,PARP8,79668.0,MutNovel,"L541V,0.274"
X-3056,PCDH11Y,83259.0,Del0.8,0.66
X-3056,PDE4DIP,9659.0,MutNovel,"I1502L,0.500"
X-3056,PDE4DIP,9659.0,MutNovel,"I1498V,0.562"
X-3056,PHF20,51230.0,MutNovel,"R647C,0.226"
X-3056,PHLDA1,22822.0,MutNovel,"QQ194Q,0.486"
X-3056,PLXNA1,5361.0,MutNovel,"R730W,0.364"
X-3056,PPP1R12B,4660.0,MutNovel,"R315W,0.750"
X-3056,PRKY,5616.0,Del0.8,0.66
X-3056,PRX,57716.0,MutNovel,"E822K,1.000"
X-3056,PRY,9081.0,Del0.8,0.63
X-3056,PRY,9081.0,Del0.8,0.63
X-3056,PRY2,442862.0,Del0.8,0.63
X-3056,PRY2,442862.0,Del0.8,0.63
X-3056,RAB11FIP3,9727.0,MutNovel,"P450T,0.442"
X-3056,RALY,22913.0,MutNovel,"-231S,0.311"
X-3056,RASA4,10156.0,MutNovel,"K380-,0.500"
X-3056,RBM19,9904.0,MutNovel,"KN765N,0.667"
X-3056,RBMX2,51634.0,MutNovel,"Q130H,0.871"
X-3056,RBMY1A3P,286557.0,Del0.8,0.66
X-3056,RBMY1B,378948.0,Del0.8,0.63
X-3056,RBMY1B,378948.0,Del0.8,0.63
X-3056,RBMY1E,378950.0,Del0.8,0.63
X-3056,RBMY1E,378950.0,Del0.8,0.63
X-3056,RBMY1F,159163.0,Del0.8,0.63
X-3056,RBMY1F,159163.0,Del0.8,0.63
X-3056,RBMY1J,378951.0,Del0.8,0.63
X-3056,RBMY1J,378951.0,Del0.8,0.63
X-3056,RBMY2EP,159125.0,Del0.8,0.63
X-3056,RBMY2FP,159162.0,Del0.8,0.63
X-3056,RBMY3AP,64593.0,Del0.8,0.66
X-3056,RCBTB2,1102.0,MutNovel,"I111T,0.300"
X-3056,REP15,387849.0,MutNovel,"I28T,0.582"
X-3056,RIN3,79890.0,MutNovel,"G967-,0.556"
X-3056,RNF123,63891.0,MutNovel,"N1035T,0.588"
X-3056,RNF125,54941.0,MutNovel,"Q130H,0.667"
X-3056,RNF150,57484.0,Del0.8,0.43
X-3056,RPS4Y1,6192.0,Del0.8,0.66
X-3056,RPS4Y2,140032.0,Del0.8,0.63
X-3056,RXRB,6257.0,MutNovel,"S462N,0.457"
X-3056,SEMA6A,57556.0,MutNovel,"R308H,0.333"
X-3056,SERINC2,347735.0,MutNovel,"-373Q,0.759"
X-3056,SGPL1,8879.0,MutNovel,"F245Y,0.888"
X-3056,SHANK2,22941.0,MutNovel,"G1255E,0.318"
X-3056,SHROOM3,57619.0,Del0.8,0.74
X-3056,SIL1,64374.0,MutNovel,"Y445C,0.619"
X-3056,SIX1,6495.0,MutNovel,"G107C,0.236"
X-3056,SLC22A18,5002.0,MutNovel,"L102V,0.952"
X-3056,SLC25A13,10165.0,MutNovel,"L226F,0.504"
X-3056,SLC5A3,6526.0,MutNovel,"R692W,0.857"
X-3056,SMG5,23381.0,MutNovel,"N40H,0.267"
X-3056,SPANXA2,728712.0,Del0.8,0.52
X-3056,SPANXA2,728712.0,Del0.8,0.52
X-3056,SPON2,10417.0,MutNovel,"D277Y,0.333"
X-3056,SRY,6736.0,Del0.8,0.66
X-3056,TACC2,10579.0,MutNovel,"T2458A,0.984"
X-3056,TBL1X,6907.0,MutNovel,"E58K,0.781"
X-3056,TBL1Y,90665.0,Del0.8,0.66
X-3056,TBP,6908.0,MutNovel,"-64Q,0.300"
X-3056,TCF3,6929.0,MutNovel,"G254S,0.456"
X-3056,TCOF1,6949.0,MutNovel,"V1377F,0.484"
X-3056,TCP10L2,401285.0,MutNovel,"E277D,1.000"
X-3056,TGIF2LY,90655.0,Del0.8,0.66
X-3056,TLK2,11011.0,MutNovel,"R262Q,0.448"
X-3056,TMEM184A,202915.0,MutNovel,"G392GA,0.800"
X-3056,TMEM238,388564.0,MutNovel,"G30V,0.970"
X-3056,TMSB4Y,9087.0,Del0.8,0.66
X-3056,TMX4,56255.0,MutNovel,"C326S,0.521"
X-3056,TP53,7157.0,MutLikelyFunctional,"Y163C,0.842"
X-3056,TRIM37,4591.0,MutNovel,"N728D,0.636"
X-3056,TSPY1,7258.0,Del0.8,0.66
X-3056,TSPY2,64591.0,Del0.8,0.66
X-3056,TSPY3,728137.0,Del0.8,0.66
X-3056,TSPY4,728395.0,Del0.8,0.66
X-3056,TSPY8,728403.0,Del0.8,0.66
X-3056,TSPYL1,7259.0,MutNovel,"V176VW,0.765"
X-3056,TTTY10,246119.0,Del0.8,0.63
X-3056,TTTY11,83866.0,Del0.8,0.66
X-3056,TTTY12,83867.0,Del0.8,0.66
X-3056,TTTY13,83868.0,Del0.8,0.63
X-3056,TTTY14,83869.0,Del0.8,0.66
X-3056,TTTY15,64595.0,Del0.8,0.66
X-3056,TTTY16,252948.0,Del0.8,0.66
X-3056,TTTY17A,252949.0,Del0.8,0.63
X-3056,TTTY17A,252949.0,Del0.8,0.63
X-3056,TTTY18,252950.0,Del0.8,0.66
X-3056,TTTY19,252952.0,Del0.8,0.66
X-3056,TTTY1B,100101116.0,Del0.8,0.66
X-3056,TTTY1B,100101116.0,Del0.8,0.66
X-3056,TTTY2,60439.0,Del0.8,0.66
X-3056,TTTY2,60439.0,Del0.8,0.66
X-3056,TTTY20,252951.0,Del0.8,0.66
X-3056,TTTY21,252953.0,Del0.8,0.66
X-3056,TTTY21,252953.0,Del0.8,0.66
X-3056,TTTY22,252954.0,Del0.8,0.66
X-3056,TTTY23,252955.0,Del0.8,0.66
X-3056,TTTY23,252955.0,Del0.8,0.66
X-3056,TTTY3,114760.0,Del0.8,0.63
X-3056,TTTY3,114760.0,Del0.8,0.63
X-3056,TTTY4,114761.0,Del0.8,0.63
X-3056,TTTY4,114761.0,Del0.8,0.63
X-3056,TTTY5,83863.0,Del0.8,0.63
X-3056,TTTY6,84672.0,Del0.8,0.63
X-3056,TTTY6,84672.0,Del0.8,0.63
X-3056,TTTY7,246122.0,Del0.8,0.66
X-3056,TTTY7,246122.0,Del0.8,0.66
X-3056,TTTY7B,100101120.0,Del0.8,0.66
X-3056,TTTY7B,100101120.0,Del0.8,0.66
X-3056,TTTY8,84673.0,Del0.8,0.66
X-3056,TTTY8,84673.0,Del0.8,0.66
X-3056,TTTY9A,83864.0,Del0.8,0.66
X-3056,TTTY9A,83864.0,Del0.8,0.66
X-3056,TXLNG2P,246126.0,Del0.8,0.66
X-3056,TXNDC5,81567.0,MutNovel,"-47R,0.243"
X-3056,TXNRD3,114112.0,MutNovel,"R26Q,0.750"
X-3056,UBTF,7343.0,MutNovel,"D182N,0.447"
X-3056,UPK3B,80761.0,MutNovel,"R284Q,1.000"
X-3056,USP32P2,220594.0,Del0.8,0.59
X-3056,USP9Y,8287.0,Del0.8,0.66
X-3056,UTY,7404.0,MutNovel,"AR1078LR,1.000"
X-3056,UTY,7404.0,MutNovel,"H1077P,1.000"
X-3056,UTY,7404.0,MutNovel,"SH1075HD,1.000"
X-3056,UTY,7404.0,MutNovel,"V1074H,1.000"
X-3056,UTY,7404.0,MutNovel,"G1073C,1.000"
X-3056,UTY,7404.0,MutNovel,"GI1070AG,1.000"
X-3056,UTY,7404.0,MutNovel,"AG1069DR,1.000"
X-3056,UTY,7404.0,MutKnownFunctional,"S1068*,1.000"
X-3056,UTY,7404.0,MutNovel,"A1065R,1.000"
X-3056,UTY,7404.0,MutNovel,"GG1059VR,1.000"
X-3056,UTY,7404.0,MutNovel,"L1056S,1.000"
X-3056,UTY,7404.0,MutNovel,"EL1054VG,1.000"
X-3056,UTY,7404.0,MutNovel,"E1054Q,1.000"
X-3056,UTY,7404.0,MutNovel,"A337S,1.000"
X-3056,UTY,7404.0,MutNovel,"S320T,1.000"
X-3056,UTY,7404.0,Del0.8,0.66
X-3056,VCY,9084.0,Del0.8,0.66
X-3056,VCY,9084.0,Del0.8,0.66
X-3056,XKRY2,353515.0,Del0.8,0.66
X-3056,XKRY2,353515.0,Del0.8,0.66
X-3056,XXYLT1,152002.0,MutNovel,"P282R,0.303"
X-3056,ZDHHC11,79844.0,MutNovel,"A303D,0.357"
X-3056,ZFY,7544.0,Del0.8,0.66
X-3056,ZKSCAN3,80317.0,MutNovel,"G295S,0.390"
X-3056,ZNF100,163227.0,MutNovel,"I123L,0.474"
X-3056,ZNF354A,6940.0,MutKnownFunctional,"E547*,0.607"
X-3056,ZNF728,,MutNovel,"S79P,1.000"
X-3056,ZNF728,,MutNovel,"V76G,1.000"
X-3077,A4GALT,53947.0,MutNovel,"IM36MV,0.405"
X-3077,AAED1,,MutNovel,"P4L,0.450"
X-3077,AARS2,57505.0,Amp5,5.13
X-3077,ABCC10,89845.0,Amp5,5.13
X-3077,ACO1,48.0,MutNovel,"T318M,0.589"
X-3077,ACVR2B,93.0,MutNovel,"H173Y,0.737"
X-3077,ADAMTS7,11173.0,MutNovel,"A1104-,1.000"
X-3077,ADNP2,22850.0,MutNovel,"I1085F,0.500"
X-3077,ADRA2B,151.0,MutNovel,"E301ERRK,1.000"
X-3077,AEN,64782.0,MutNovel,"A130V,1.000"
X-3077,AGAP4,119016.0,MutNovel,"E561D,0.250"
X-3077,AGAP4,119016.0,MutNovel,"S87N,0.250"
X-3077,AGAP4,119016.0,MutNovel,"M45L,0.667"
X-3077,AGAP5,729092.0,MutNovel,"R512H,0.352"
X-3077,AGAP6,414189.0,MutNovel,"M473V,0.726"
X-3077,AGAP7,653268.0,MutNovel,"G601S,1.000"
X-3077,AGAP7,653268.0,MutNovel,"R494G,1.000"
X-3077,AGAP8,728404.0,MutNovel,"R542Q,0.286"
X-3077,AGRN,375790.0,MutNovel,"V23L,0.772"
X-3077,AHNAK2,113146.0,MutNovel,"L2404V,1.000"
X-3077,AHNAK2,113146.0,MutNovel,"L2397F,1.000"
X-3077,AHNAK2,113146.0,MutNovel,"T2363A,0.435"
X-3077,AHNAK2,113146.0,MutNovel,"E1856V,0.400"
X-3077,AHNAK2,113146.0,MutNovel,"A1850E,0.260"
X-3077,AHNAK2,113146.0,MutNovel,"L1407F,1.000"
X-3077,AHNAK2,113146.0,MutNovel,"S870P,0.875"
X-3077,AHNAK2,113146.0,MutNovel,"D854P,1.000"
X-3077,AHNAK2,113146.0,MutNovel,"R814Q,1.000"
X-3077,AHNAK2,113146.0,MutNovel,"S753G,1.000"
X-3077,AHNAK2,113146.0,MutNovel,"M694I,0.900"
X-3077,AKAP10,11216.0,MutNovel,"N59S,0.435"
X-3077,ALG3,10195.0,MutNovel,"E38Q,0.205"
X-3077,ALS2CR11,151254.0,MutNovel,"Q1180E,0.400"
X-3077,AMELY,266.0,Del0.8,0.4
X-3077,ANKDD1B,,MutNovel,"W159L,1.000"
X-3077,ANKRD36,375248.0,MutNovel,"K606E,0.818"
X-3077,ANKRD44,91526.0,MutNovel,"L37V,0.545"
X-3077,ANKS1B,56899.0,MutNovel,"S1210F,0.667"
X-3077,ANP32B,10541.0,MutNovel,"D179N,0.363"
X-3077,APC2,10297.0,MutNovel,"G901R,1.000"
X-3077,APOBEC2,10930.0,Amp5,5.13
X-3077,ARHGAP21,57584.0,MutNovel,"I1035M,0.344"
X-3077,ARHGAP23,57636.0,Amp5,5.7
X-3077,ARID1A,8289.0,MutNovel,"S2002Y,0.428"
X-3077,ARMC5,79798.0,MutNovel,"S344F,0.562"
X-3077,ASMTL,8623.0,MutNovel,"I1246T,1.000"
X-3077,ATAD3C,219293.0,MutNovel,"H172N,0.542"
X-3077,ATAD3C,219293.0,MutNovel,"L175M,0.604"
X-3077,ATHL1,80162.0,MutNovel,"L76M,1.000"
X-3077,ATIC,471.0,MutNovel,"Q448H,0.332"
X-3077,ATP6V0CP3,442211.0,Amp5,5.13
X-3077,ATP8B1,5205.0,Del0.8,0.74
X-3077,ATXN2,6311.0,MutNovel,"Q174HK,0.600"
X-3077,ATXN3,4287.0,MutNovel,"A141T,0.389"
X-3077,AZI1,22994.0,MutNovel,"L466V,0.272"
X-3077,BAG4,9530.0,MutNovel,"R19S,1.000"
X-3077,BCORP1,286554.0,Del0.8,0.4
X-3077,BPY2B,442867.0,Del0.8,0.4
X-3077,BPY2B,442867.0,Del0.8,0.4
X-3077,BRCA1,672.0,MutKnownFunctional,"-1734,1.000"
X-3077,BYSL,705.0,Amp5,5.13
X-3077,C10orf57,,MutKnownFunctional,"-38?,1.000"
X-3077,C17orf51,339263.0,MutKnownFunctional,"-34?,1.000"
X-3077,C17orf96,100170841.0,Amp5,5.7
X-3077,C17orf98,388381.0,Amp5,5.7
X-3077,C21orf58,54058.0,MutNovel,"H299PN,0.500"
X-3077,C22orf13,83606.0,MutKnownFunctional,"-163,1.000"
X-3077,C2orf27A,29798.0,MutNovel,"R19L,0.333"
X-3077,C6orf108,10591.0,Amp5,5.13
X-3077,C6orf130,221443.0,Amp5,5.13
X-3077,C6orf132,647024.0,MutNovel,"C1091R,0.697"
X-3077,C6orf132,647024.0,Amp5,5.13
X-3077,C6orf141,135398.0,Amp5,5.13
X-3077,C6orf223,221416.0,MutNovel,"-124A,0.414"
X-3077,C6orf223,221416.0,Amp5,5.13
X-3077,C6orf226,441150.0,Amp5,5.13
X-3077,C8orf44,56260.0,MutKnownFunctional,"R70*,0.254"
X-3077,C9orf72,203228.0,MutNovel,"P467S,0.348"
X-3077,CAPN11,11131.0,Amp5,5.13
X-3077,CAPZB,832.0,MutNovel,"N212S,0.398"
X-3077,CBWD6,644019.0,MutKnownFunctional,"-259?,0.292"
X-3077,CCDC137,339230.0,MutNovel,"VE251V,1.000"
X-3077,CCDC61,729440.0,MutNovel,"G209R,0.696"
X-3077,CCND3,896.0,Amp5,5.13
X-3077,CCNJL,79616.0,MutNovel,"M108T,1.000"
X-3077,CD2AP,23607.0,Amp5,5.13
X-3077,CDC5L,988.0,Amp5,5.13
X-3077,CDK13,8621.0,MutNovel,"T546M,0.254"
X-3077,CDNF,441549.0,MutNovel,"H182Q,0.509"
X-3077,CDRT1,374286.0,MutNovel,"I434L,1.000"
X-3077,CDY1B,253175.0,Del0.8,0.4
X-3077,CDY1B,253175.0,Del0.8,0.4
X-3077,CDY2A,9426.0,Del0.8,0.4
X-3077,CDY2A,9426.0,Del0.8,0.4
X-3077,CDY2B,203611.0,Del0.8,0.4
X-3077,CDY2B,203611.0,Del0.8,0.4
X-3077,CELSR1,9620.0,MutNovel,"R72W,0.364"
X-3077,CENPQ,55166.0,Amp5,5.13
X-3077,CEP290,80184.0,MutNovel,"L1581F,0.310"
X-3077,CEP350,9857.0,MutNovel,"D2977H,0.359"
X-3077,CHD2,1106.0,MutKnownFunctional,"-1242?,0.829"
X-3077,CHPT1,56994.0,MutNovel,"L26P,0.333"
X-3077,CHRFAM7A,89832.0,Del0.8,0.74
X-3077,CISD3,284106.0,Amp5,5.7
X-3077,CLDN23,137075.0,MutNovel,"R237RKP,1.000"
X-3077,CLIC5,53405.0,Amp5,5.13
X-3077,CLP1,10978.0,MutNovel,"S403C,0.218"
X-3077,CNPY3,10695.0,Amp5,5.13
X-3077,CNTNAP3B,728577.0,MutNovel,"S361T,0.429"
X-3077,COL12A1,1303.0,MutNovel,"H2257Y,0.412"
X-3077,COL16A1,1307.0,MutKnownFunctional,"-542?,0.962"
X-3077,CPEB2,132864.0,MutNovel,"P221Q,1.000"
X-3077,CRIP3,401262.0,Amp5,5.13
X-3077,CRISP1,167.0,Amp5,5.13
X-3077,CRISP2,7180.0,Amp5,5.13
X-3077,CRISP3,10321.0,Amp5,5.13
X-3077,CROCC,9696.0,MutNovel,"T1072M,0.909"
X-3077,CRYZ,1429.0,MutKnownFunctional,"-263,0.421"
X-3077,CSPG4P1Y,114758.0,Del0.8,0.4
X-3077,CSPG4P1Y,114758.0,Del0.8,0.4
X-3077,CSTF2T,23283.0,MutNovel,"R245T,0.339"
X-3077,CTAGE6P,340307.0,MutNovel,"D290N,1.000"
X-3077,CTBP1,1487.0,MutNovel,"A122T,0.996"
X-3077,CTSA,5476.0,MutNovel,"L29-,1.000"
X-3077,CTSC,1075.0,MutNovel,"K141N,0.204"
X-3077,CUL7,9820.0,Amp5,5.13
X-3077,CUL9,23113.0,Amp5,5.13
X-3077,CWC25,54883.0,Amp5,5.7
X-3077,CXXC1,30827.0,MutNovel,"Q161-,1.000"
X-3077,CXXC1,30827.0,MutNovel,"Q156L,0.220"
X-3077,CYP39A1,51302.0,Amp5,5.13
X-3077,CYP4F8,11283.0,MutNovel,"R485L,1.000"
X-3077,DAAM2,23500.0,Amp5,5.13
X-3077,DAZ1,1617.0,Del0.8,0.4
X-3077,DAZ2,57055.0,Del0.8,0.4
X-3077,DAZ3,57054.0,Del0.8,0.4
X-3077,DAZ3,57054.0,Del0.8,0.4
X-3077,DAZ4,57135.0,Del0.8,0.4
X-3077,DAZ4,57135.0,Del0.8,0.4
X-3077,DDX20,11218.0,MutNovel,"M239I,0.714"
X-3077,DDX3Y,8653.0,Del0.8,0.4
X-3077,DEFB103A,414325.0,Del0.8,0.59
X-3077,DEFB103A,414325.0,Del0.8,0.59
X-3077,DEFB104B,503618.0,Del0.8,0.59
X-3077,DEFB104B,503618.0,Del0.8,0.59
X-3077,DEFB105B,504180.0,Del0.8,0.59
X-3077,DEFB105B,504180.0,Del0.8,0.59
X-3077,DEFB106B,503841.0,Del0.8,0.59
X-3077,DEFB106B,503841.0,Del0.8,0.59
X-3077,DEFB107A,245910.0,Del0.8,0.59
X-3077,DEFB107A,245910.0,Del0.8,0.59
X-3077,DEFB109P1,245912.0,Del0.8,0.58
X-3077,DEFB110,245913.0,Amp5,5.13
X-3077,DEFB112,245915.0,Amp5,5.13
X-3077,DEFB113,245927.0,Amp5,5.13
X-3077,DEFB114,245928.0,Amp5,5.13
X-3077,DEFB133,403339.0,Amp5,5.13
X-3077,DEFB4A,1673.0,Del0.8,0.59
X-3077,DEFB4B,100289462.0,Del0.8,0.59
X-3077,DENND2A,27147.0,MutNovel,"R245W,0.214"
X-3077,DENND4B,9909.0,MutNovel,"W943S,0.724"
X-3077,DHRSX,207063.0,MutKnownFunctional,"R673*,1.000"
X-3077,DHX16,8449.0,MutNovel,"S708L,1.000"
X-3077,DHX57,90957.0,MutNovel,"P382R,0.310"
X-3077,DLK2,65989.0,Amp5,5.13
X-3077,DMAP1,55929.0,MutNovel,"K463E,0.201"
X-3077,DNAH10,196385.0,MutNovel,"E4007K,0.209"
X-3077,DNM3,26052.0,MutNovel,"S777G,0.710"
X-3077,EFHC1,114327.0,Amp5,6.54
X-3077,EHMT2,10919.0,MutNovel,"S579-,1.000"
X-3077,EIF1AY,9086.0,Del0.8,0.4
X-3077,EIF2AK1,27102.0,MutNovel,"E364G,0.319"
X-3077,EIF2C3,192669.0,MutNovel,"R426W,0.467"
X-3077,EIF2S2,8894.0,MutNovel,"E59K,0.412"
X-3077,ELOVL5,60481.0,Amp5,6.54
X-3077,ENC1,8507.0,MutNovel,"V393G,1.000"
X-3077,ENPP4,22875.0,Amp5,5.13
X-3077,ENPP5,59084.0,Amp5,5.13
X-3077,EP400,57634.0,MutNovel,"Q2727E,0.815"
X-3077,EPB41L4B,54566.0,MutNovel,"V202M,0.395"
X-3077,EPPK1,83481.0,MutKnownFunctional,"-428,0.220"
X-3077,EXOSC7,23016.0,MutNovel,"K264N,0.333"
X-3077,FAIM,55179.0,MutNovel,"D169N,0.486"
X-3077,FAM161B,145483.0,MutNovel,"S227Y,0.333"
X-3077,FAM171B,165215.0,MutNovel,"-50Q,0.900"
X-3077,FAM197Y2P,252946.0,Del0.8,0.4
X-3077,FAM20C,56975.0,MutNovel,"N84K,0.292"
X-3077,FAM21A,387680.0,MutNovel,"V99A,0.323"
X-3077,FAM222A,,MutNovel,"R447H,0.421"
X-3077,FAM22A,728118.0,MutNovel,"P560L,0.871"
X-3077,FAM22A,728118.0,MutNovel,"L563Q,0.917"
X-3077,FAM22G,441457.0,MutNovel,"S34A,0.308"
X-3077,FAM22G,441457.0,MutNovel,"L283P,0.429"
X-3077,FAM41AY1,340618.0,Del0.8,0.4
X-3077,FAM41AY1,340618.0,Del0.8,0.4
X-3077,FAM72D,728833.0,MutNovel,"V85M,0.420"
X-3077,FAM86B2,653333.0,Del0.8,0.58
X-3077,FBRSL1,57666.0,MutNovel,"P938R,0.338"
X-3077,FBXO47,494188.0,Amp5,5.7
X-3077,FBXO9,26268.0,Amp5,6.54
X-3077,FLJ22184,80164.0,MutKnownFunctional,"C353*,0.467"
X-3077,FLJ41649,401260.0,Amp5,5.13
X-3077,FLT3LG,2323.0,MutNovel,"F32L,0.294"
X-3077,FNDC1,84624.0,MutNovel,"ATTRRTT1471A,1.000"
X-3077,FOXP4,116113.0,Amp5,5.13
X-3077,FRS3,10817.0,Amp5,5.13
X-3077,FUS,2521.0,MutNovel,"P268R,0.289"
X-3077,FUT5,2527.0,MutNovel,"D175N,0.857"
X-3077,GAA,2548.0,MutNovel,"N403K,1.000"
X-3077,GABRG3,2567.0,MutNovel,"F12L,1.000"
X-3077,GAMT,2593.0,MutNovel,"V241L,1.000"
X-3077,GCLC,2729.0,Amp5,6.54
X-3077,GCM1,8521.0,Amp5,6.54
X-3077,GLP1R,2740.0,MutNovel,"V332A,1.000"
X-3077,GLYATL3,389396.0,Amp5,5.13
X-3077,GNMT,27232.0,MutNovel,"L158M,0.500"
X-3077,GNMT,27232.0,Amp5,5.13
X-3077,GOLGA2P2Y,84559.0,Del0.8,0.4
X-3077,GOLGA2P2Y,84559.0,Del0.8,0.4
X-3077,GOLGA6L3,,MutNovel,"L208P,0.800"
X-3077,GOLGA8B,440270.0,MutNovel,"R455C,0.477"
X-3077,GOLGA8J,,MutNovel,"R282W,1.000"
X-3077,GOLIM4,27333.0,MutNovel,"V454A,0.398"
X-3077,GPR110,266977.0,Amp5,5.13
X-3077,GPR111,222611.0,Amp5,5.13
X-3077,GPR115,221393.0,Amp5,5.13
X-3077,GPR116,221395.0,Amp5,5.13
X-3077,GPRIN2,9721.0,MutNovel,"-238MRE,0.243"
X-3077,GSTA1,2938.0,Amp5,6.54
X-3077,GSTA2,2939.0,Amp5,6.54
X-3077,GSTA3,2940.0,Amp5,6.54
X-3077,GSTA4,2941.0,Amp5,6.54
X-3077,GSTA5,221357.0,Amp5,6.54
X-3077,GSTA7P,730152.0,Amp5,6.54
X-3077,GTF3C6,112495.0,Amp5,5.39
X-3077,GTPBP2,54676.0,Amp5,5.13
X-3077,GUCA1A,2978.0,Amp5,5.13
X-3077,GUCA1B,2979.0,Amp5,5.13
X-3077,GYG2P1,352887.0,Del0.8,0.4
X-3077,HCN3,57657.0,MutNovel,"R46K,0.698"
X-3077,HLA-C,3107.0,MutNovel,"W191G,0.350"
X-3077,HLA-G,3135.0,MutNovel,"N175R,0.294"
X-3077,HNRNPA1L2,144983.0,MutKnownFunctional,"-25,1.000"
X-3077,HPS5,11234.0,MutNovel,"L773P,1.000"
X-3077,HRCT1,646962.0,MutNovel,"LH100L,1.000"
X-3077,HSD17B4,3295.0,MutNovel,"A427T,1.000"
X-3077,HSD17B4,3295.0,Del0.8,0.75
X-3077,HSDL2,84263.0,MutNovel,"L321F,0.398"
X-3077,HSFY2,159119.0,Del0.8,0.4
X-3077,HSFY2,159119.0,Del0.8,0.4
X-3077,HSP90AA4P,3323.0,Del0.8,0.44
X-3077,HSP90AB1,3326.0,Amp5,5.13
X-3077,ICK,22858.0,Amp5,6.54
X-3077,IGSF9,57549.0,MutNovel,"R770RA,0.867"
X-3077,IL17A,3605.0,Amp5,6.54
X-3077,IL17F,112744.0,Amp5,6.54
X-3077,IMPDH1,3614.0,MutNovel,"FS487S,0.371"
X-3077,INPP5D,3635.0,MutNovel,"G512D,0.474"
X-3077,ITGB7,3695.0,MutNovel,"P110L,0.250"
X-3077,ITM2C,81618.0,MutNovel,"R251C,0.665"
X-3077,ITPR3,3710.0,MutNovel,"L1062H,0.242"
X-3077,IVL,3713.0,MutNovel,"E290K,0.756"
X-3077,JMJD4,65094.0,MutNovel,"A84V,1.000"
X-3077,KANK3,256949.0,MutNovel,"T764S,0.800"
X-3077,KAT6B,23522.0,MutNovel,"V259L,0.303"
X-3077,KCNC4,3749.0,MutNovel,"E621K,0.293"
X-3077,KCND1,3750.0,MutKnownFunctional,"E81*,1.000"
X-3077,KCNJ2,3759.0,MutNovel,"S425L,0.214"
X-3077,KDM4E,,MutNovel,"Q113R,1.000"
X-3077,KDM5D,8284.0,Del0.8,0.4
X-3077,KIAA0240,23506.0,MutNovel,"T162S,0.392"
X-3077,KIAA0240,23506.0,Amp5,5.13
X-3077,KIAA1109,84162.0,MutNovel,"P574T,0.688"
X-3077,KIAA1429,25962.0,MutNovel,"T1761A,0.681"
X-3077,KIAA1609,57707.0,MutNovel,"E105-,1.000"
X-3077,KIAA1609,57707.0,MutNovel,"E105K,0.840"
X-3077,KIF1A,547.0,MutNovel,"R1778W,0.381"
X-3077,KIF20B,9585.0,MutNovel,"L1062LKV,1.000"
X-3077,KIF3B,9371.0,MutNovel,"T288S,0.228"
X-3077,KIF6,221458.0,Amp5,5.13
X-3077,KLC4,89953.0,Amp5,5.13
X-3077,KLF2,10365.0,MutNovel,"E94Q,0.312"
X-3077,KLHDC3,116138.0,Amp5,5.13
X-3077,KNDC1,85442.0,MutNovel,"G91R,1.000"
X-3077,KRT13,3860.0,MutNovel,"G79A,1.000"
X-3077,KRT33B,3884.0,MutNovel,"S157A,1.000"
X-3077,KRT6A,3853.0,MutNovel,"D411H,0.500"
X-3077,LASP1,3927.0,Amp5,5.7
X-3077,LCP1,3936.0,MutNovel,"A463T,0.941"
X-3077,LOC100130097,,MutNovel,"T130M,1.000"
X-3077,LOC100132247,100132247.0,MutNovel,"R659L,0.643"
X-3077,LOC100132354,100132354.0,Amp5,5.13
X-3077,LOC100132396,100132396.0,Del0.8,0.6
X-3077,LOC100132858,,MutNovel,"R74Q,1.000"
X-3077,LOC100132859,,MutKnownFunctional,"-110H?,0.917"
X-3077,LOC100287290,,MutNovel,"T7A,1.000"
X-3077,LOC100287718,100287718.0,Amp5,5.13
X-3077,LOC100288332,,MutNovel,"L270V,0.400"
X-3077,LOC100505549,100505549.0,MutNovel,"L81Q,1.000"
X-3077,LOC100505576,100505576.0,Amp5,5.7
X-3077,LOC100506990,100506990.0,Del0.8,0.76
X-3077,LOC100996382,,MutKnownFunctional,"-65,0.583"
X-3077,LOC100996433,,MutNovel,"G292D,1.000"
X-3077,LOC100996541,,MutNovel,"P279S,0.564"
X-3077,LOC339975,339975.0,Del0.8,0.61
X-3077,LOC388210,,MutNovel,"R1178H,0.889"
X-3077,LOC401164,401164.0,Del0.8,0.57
X-3077,LOC402160,402160.0,MutNovel,"R399W,1.000"
X-3077,LOC554223,554223.0,MutNovel,"R147E,0.750"
X-3077,LOC728734,,MutNovel,"S79T,1.000"
X-3077,LOC728741,,MutNovel,"R380W,0.440"
X-3077,LOC728741,,MutNovel,"P331R,0.500"
X-3077,LOC728888,,MutNovel,"R1061Q,0.429"
X-3077,LOC728888,,MutNovel,"R635H,0.500"
X-3077,LOC728888,,MutNovel,"R563H,0.516"
X-3077,LOC730101,730101.0,Amp5,6.54
X-3077,LRFN2,57497.0,Amp5,5.13
X-3077,LRRC73,221424.0,Amp5,5.13
X-3077,LRRC8E,80131.0,MutNovel,"R75Q,0.518"
X-3077,LRRK1,79705.0,MutNovel,"A1526P,0.619"
X-3077,LSR,51599.0,MutNovel,"G518GR,0.388"
X-3077,MACF1,23499.0,MutNovel,"V4577D,0.309"
X-3077,MAD2L1BP,9587.0,Amp5,5.13
X-3077,MAP3K4,4216.0,MutNovel,"PA1189P,1.000"
X-3077,MAPK9,5601.0,MutNovel,"M361V,0.423"
X-3077,MAPKAPK2,9261.0,MutNovel,"T25A,0.939"
X-3077,MAZ,4150.0,MutNovel,"P13S,0.377"
X-3077,MCM3,4172.0,Amp5,6.54
X-3077,MDFI,4188.0,Amp5,5.13
X-3077,MDN1,23195.0,MutNovel,"T349R,0.613"
X-3077,MEA1,4201.0,Amp5,5.13
X-3077,MED20,9477.0,Amp5,5.13
X-3077,MEF2A,4205.0,MutNovel,"-412QQ,1.000"
X-3077,MEF2D,4209.0,MutNovel,"R487Q,0.719"
X-3077,MEGF6,1953.0,MutNovel,"Q64E,0.960"
X-3077,MEGF8,1954.0,MutNovel,"P876A,0.379"
X-3077,MEP1A,4224.0,Amp5,5.13
X-3077,MESP1,55897.0,MutNovel,"L61R,1.000"
X-3077,METTL1,4234.0,MutNovel,"L154Q,0.612"
X-3077,MIR133B,442890.0,Amp5,6.54
X-3077,MIR206,406989.0,Amp5,6.54
X-3077,MIR4641,100616178.0,Amp5,5.13
X-3077,MIR4642,100616352.0,Amp5,5.13
X-3077,MIR4647,100616124.0,Amp5,5.13
X-3077,MIR4726,100616153.0,Amp5,5.7
X-3077,MIR4727,100616416.0,Amp5,5.7
X-3077,MIR4734,100616203.0,Amp5,5.7
X-3077,MIR586,693171.0,Amp5,5.13
X-3077,MIS18BP1,55320.0,MutKnownFunctional,"Q980*,0.247"
X-3077,MLLT6,4302.0,Amp5,5.7
X-3077,MOCS1,4337.0,Amp5,5.13
X-3077,MOG,4340.0,MutNovel,"FL16F,1.000"
X-3077,MPRIP,23164.0,MutNovel,"TS178T,1.000"
X-3077,MRPL14,64928.0,Amp5,5.13
X-3077,MRPL2,51069.0,Amp5,5.13
X-3077,MRPS10,55173.0,Amp5,5.13
X-3077,MRPS18A,55168.0,Amp5,5.13
X-3077,MUC16,94025.0,MutKnownFunctional,"Y12804*,0.444"
X-3077,MUC4,4585.0,MutNovel,"A3785V,1.000"
X-3077,MUC4,4585.0,MutNovel,"A2393V,0.571"
X-3077,MUC4,4585.0,MutNovel,"P2386H,0.500"
X-3077,MUC4,4585.0,MutNovel,"A2249V,0.300"
X-3077,MUC4,4585.0,MutNovel,"Y981D,0.769"
X-3077,MUC6,4588.0,MutNovel,"A1471S,0.800"
X-3077,MUC6,4588.0,MutNovel,"P1465T,0.600"
X-3077,MUT,4594.0,Amp5,5.13
X-3077,MXRA8,54587.0,MutNovel,"V60M,0.308"
X-3077,MXRA8,54587.0,MutNovel,"A41T,0.333"
X-3077,MYO9A,4649.0,MutNovel,"NTESSNPV1479-,1.000"
X-3077,MZT2A,653784.0,MutNovel,"D61G,0.407"
X-3077,NADK,65220.0,MutNovel,"T113I,0.917"
X-3077,NALCN,259232.0,MutNovel,"M1203I,0.714"
X-3077,NAV1,89796.0,MutNovel,"SCP1747S,0.533"
X-3077,NBPF1,55672.0,MutNovel,"D712H,0.476"
X-3077,NBPF1,55672.0,MutNovel,"E604D,0.231"
X-3077,NBPF10,100132406.0,MutNovel,"Y2844C,1.000"
X-3077,NBPF10,100132406.0,MutNovel,"R3193K,0.600"
X-3077,NBPF12,,MutNovel,"E1455G,1.000"
X-3077,NBPF3,84224.0,MutNovel,"P484L,0.236"
X-3077,NBPF9,400818.0,MutNovel,"Q184R,1.000"
X-3077,NBPF9,400818.0,MutNovel,"G514R,0.600"
X-3077,NBPF9,400818.0,MutNovel,"G580E,0.714"
X-3077,NCOR2,9612.0,MutNovel,"G1839GAAA,0.774"
X-3077,NCOR2,9612.0,MutNovel,"-511S,0.549"
X-3077,NCR2,9436.0,Amp5,5.13
X-3077,NCRNA00185,55410.0,Del0.8,0.4
X-3077,NEK11,79858.0,MutKnownFunctional,"-346,0.400"
X-3077,NFE2L3,9603.0,MutNovel,"T245N,0.315"
X-3077,NFKBIE,4794.0,Amp5,5.13
X-3077,NFYA,4800.0,Amp5,5.13
X-3077,NKPD1,284353.0,MutNovel,"Q642HR,0.643"
X-3077,NLGN4Y,22829.0,Del0.8,0.4
X-3077,NOC2L,26155.0,MutNovel,"V279M,0.731"
X-3077,NOTCH4,4855.0,MutNovel,"H1896D,0.306"
X-3077,NR1H2,7376.0,MutNovel,"-173Q,1.000"
X-3077,NRBP2,340371.0,MutNovel,"R289W,0.420"
X-3077,NRXN1,9378.0,MutNovel,"I1487L,0.356"
X-3077,NUDT7,283927.0,MutNovel,"A144G,0.244"
X-3077,NUPL2,11097.0,MutNovel,"F303L,0.455"
X-3077,OPN5,221391.0,Amp5,5.13
X-3077,OR2W3,343171.0,MutKnownFunctional,"-298?,1.000"
X-3077,ORAI1,84876.0,MutNovel,"PP43-,1.000"
X-3077,OSBPL8,114882.0,MutNovel,"K463N,0.407"
X-3077,OSTM1,28962.0,MutNovel,"E245V,0.621"
X-3077,OVOS2,,MutNovel,"D261E,0.800"
X-3077,PABPC3,5042.0,MutKnownFunctional,"-247GG?,0.750"
X-3077,PAPD5,64282.0,MutNovel,"R21K,0.571"
X-3077,PAQR8,85315.0,Amp5,6.54
X-3077,PCDH11Y,83259.0,Del0.8,0.4
X-3077,PCDH18,54510.0,MutNovel,"P1093A,0.468"
X-3077,PCGF2,7703.0,Amp5,5.7
X-3077,PDE4B,5142.0,MutNovel,"L10V,0.750"
X-3077,PDE4DIP,9659.0,MutNovel,"P2341L,0.357"
X-3077,PDP1,54704.0,MutNovel,"C84Y,0.673"
X-3077,PDPR,55066.0,MutNovel,"G304V,0.407"
X-3077,PDSS1,23590.0,MutNovel,"G30V,0.500"
X-3077,PEX6,5190.0,Amp5,5.13
X-3077,PGC,5225.0,Amp5,5.13
X-3077,PGK2,5232.0,Amp5,5.13
X-3077,PGM2,55276.0,MutNovel,"K417I,0.239"
X-3077,PHLDA1,22822.0,MutNovel,"QQ194Q,1.000"
X-3077,PHRF1,57661.0,MutNovel,"TRSGT1016T,1.000"
X-3077,PIK3CA,5290.0,MutKnownFunctional,"H1047R,0.806"
X-3077,PIP4K2B,8396.0,Amp5,5.7
X-3077,PITHD1,57095.0,MutNovel,"N188S,0.476"
X-3077,PKHD1,5314.0,Amp5,5.78
X-3077,PKM,,MutNovel,"E374D,0.310"
X-3077,PKP2,5318.0,MutNovel,"R212C,0.720"
X-3077,PLA2G7,7941.0,Amp5,5.13
X-3077,PLAC9,219348.0,MutNovel,"R30Q,0.600"
X-3077,PLD1,5337.0,MutNovel,"A574V,0.507"
X-3077,PNN,5411.0,MutNovel,"D680H,0.540"
X-3077,PODXL2,50512.0,MutNovel,"P145S,0.664"
X-3077,POLH,5429.0,Amp5,5.13
X-3077,POLR1C,9533.0,Amp5,5.13
X-3077,POM121C,100101267.0,MutNovel,"T882A,0.983"
X-3077,PPAP2B,8613.0,MutNovel,"Q231P,0.337"
X-3077,PPM1D,8493.0,MutNovel,"C104W,0.595"
X-3077,PPP2R5D,5528.0,Amp5,5.13
X-3077,PRDM13,59336.0,MutNovel,"H363N,0.750"
X-3077,PRICKLE4,29964.0,Amp5,5.13
X-3077,PRKY,5616.0,Del0.8,0.4
X-3077,PRPH2,5961.0,Amp5,5.13
X-3077,PRPSAP2,5636.0,MutNovel,"P307L,0.497"
X-3077,PRY,9081.0,Del0.8,0.4
X-3077,PRY,9081.0,Del0.8,0.4
X-3077,PRY2,442862.0,Del0.8,0.4
X-3077,PRY2,442862.0,Del0.8,0.4
X-3077,PSMB3,5691.0,Amp5,5.7
X-3077,PTCRA,171558.0,Amp5,5.13
X-3077,PTK7,5754.0,Amp5,5.13
X-3077,PTX3,5806.0,MutNovel,"T159M,0.286"
X-3077,QRICH2,84074.0,MutNovel,"G689R,0.231"
X-3077,RABL6,,MutNovel,"R178Q,1.000"
X-3077,RAD52,5893.0,MutNovel,"S385C,0.237"
X-3077,RANBP17,64901.0,MutNovel,"P76T,0.308"
X-3077,RBMY1A3P,286557.0,Del0.8,0.4
X-3077,RBMY1B,378948.0,Del0.8,0.4
X-3077,RBMY1B,378948.0,Del0.8,0.4
X-3077,RBMY1E,378950.0,Del0.8,0.4
X-3077,RBMY1E,378950.0,Del0.8,0.4
X-3077,RBMY1F,159163.0,Del0.8,0.4
X-3077,RBMY1F,159163.0,Del0.8,0.4
X-3077,RBMY1J,378951.0,Del0.8,0.4
X-3077,RBMY1J,378951.0,Del0.8,0.4
X-3077,RBMY2EP,159125.0,Del0.8,0.4
X-3077,RBMY2FP,159162.0,Del0.8,0.4
X-3077,RBMY3AP,64593.0,Del0.8,0.4
X-3077,RCAN2,10231.0,Amp5,5.13
X-3077,RCOR3,55758.0,MutNovel,"N19S,0.280"
X-3077,RFX1,5989.0,MutNovel,"L957M,0.552"
X-3077,RHAG,6005.0,Amp5,5.13
X-3077,RIN3,79890.0,MutNovel,"G967-,1.000"
X-3077,RPL14,9045.0,MutNovel,"T149TA,1.000"
X-3077,RPL23,9349.0,Amp5,5.7
X-3077,RPL7L1,285855.0,Amp5,5.13
X-3077,RPS17L,,MutNovel,"M105G,1.000"
X-3077,RPS4Y1,6192.0,Del0.8,0.4
X-3077,RPS4Y2,140032.0,Del0.8,0.4
X-3077,RRP36,88745.0,Amp5,5.13
X-3077,RSPH9,221421.0,Amp5,5.13
X-3077,RTN4,57142.0,MutNovel,"E617D,0.727"
X-3077,RUNX2,860.0,Amp5,5.13
X-3077,SCNN1B,6338.0,MutNovel,"V163A,0.304"
X-3077,SDK1,221935.0,MutNovel,"P2197L,0.846"
X-3077,SERINC2,347735.0,MutNovel,"-373Q,1.000"
X-3077,SERTAD4,56256.0,MutNovel,"F156I,0.299"
X-3077,SETD1B,23067.0,MutNovel,"EEA1052E,0.597"
X-3077,SF3B3,23450.0,MutNovel,"F729Y,0.269"
X-3077,SHC2,25759.0,MutNovel,"A119S,0.214"
X-3077,SLC17A5,26503.0,MutNovel,"Y261C,0.400"
X-3077,SLC22A7,10864.0,Amp5,5.13
X-3077,SLC25A27,9481.0,Amp5,5.13
X-3077,SLC28A1,9154.0,MutNovel,"L140LV,1.000"
X-3077,SLC29A1,2030.0,Amp5,5.13
X-3077,SLC2A6,11182.0,MutNovel,"G381R,0.618"
X-3077,SLC35B2,347734.0,Amp5,5.13
X-3077,SLC40A1,30061.0,MutNovel,"R371W,0.244"
X-3077,SMCHD1,23347.0,MutNovel,"I1901M,0.532"
X-3077,SMEK2,57223.0,MutKnownFunctional,"S151*,0.218"
X-3077,SMG7,9887.0,MutNovel,"Y356YN,0.723"
X-3077,SMG8,55181.0,MutNovel,"P437T,1.000"
X-3077,SMPD1,6609.0,MutNovel,"A38V,0.482"
X-3077,SNED1,25992.0,MutNovel,"N988-,0.227"
X-3077,SNORA21,619505.0,Amp5,5.7
X-3077,SNRPE,6635.0,MutNovel,"G45S,0.394"
X-3077,SPAG1,6674.0,MutNovel,"D848H,0.322"
X-3077,SPAG11A,653423.0,Del0.8,0.59
X-3077,SPAG11B,10407.0,Del0.8,0.59
X-3077,SPAG11B,10407.0,Del0.8,0.59
X-3077,SPATS1,221409.0,Amp5,5.13
X-3077,SPEG,10290.0,MutNovel,"R1643H,0.730"
X-3077,SPEG,10290.0,MutNovel,"S2047G,0.385"
X-3077,SPHK1,8877.0,MutNovel,"E179K,0.979"
X-3077,SPTBN2,6712.0,MutNovel,"R832Q,0.513"
X-3077,SRCIN1,80725.0,Amp5,5.7
X-3077,SRF,6722.0,Amp5,5.13
X-3077,SRY,6736.0,Del0.8,0.4
X-3077,ST6GALNAC5,81849.0,MutNovel,"-43QQ,0.400"
X-3077,STK35,140901.0,MutNovel,"A105T,1.000"
X-3077,SUPT3H,8464.0,Amp5,5.13
X-3077,SVOPL,136306.0,MutNovel,"H154Y,0.242"
X-3077,SYDE2,84144.0,MutNovel,"L200Q,0.636"
X-3077,TAF8,129685.0,Amp5,5.13
X-3077,TBC1D26,353149.0,MutNovel,"D34G,1.000"
X-3077,TBC1D26,353149.0,MutNovel,"H59R,1.000"
X-3077,TBCC,6903.0,Amp5,5.13
X-3077,TBL1Y,90665.0,Del0.8,0.4
X-3077,TBP,6908.0,MutNovel,"-64Q,1.000"
X-3077,TBP,6908.0,MutNovel,"Q72-,1.000"
X-3077,TBXA2R,6915.0,MutNovel,"Y339C,0.235"
X-3077,TCF15,6939.0,MutNovel,"G157S,1.000"
X-3077,TCIRG1,10312.0,MutNovel,"-759GL,0.524"
X-3077,TCTE1,202500.0,Amp5,5.13
X-3077,TDRD6,221400.0,Amp5,5.13
X-3077,TDRG1,732253.0,Amp5,5.13
X-3077,TFAP2B,7021.0,Amp5,5.13
X-3077,TFAP2D,83741.0,Amp5,5.13
X-3077,TFEB,7942.0,Amp5,5.13
X-3077,TGIF2LY,90655.0,Del0.8,0.4
X-3077,THUMPD3,25917.0,MutKnownFunctional,"-342,1.000"
X-3077,TIMM44,10469.0,MutNovel,"F272L,0.458"
X-3077,TJAP1,93643.0,Amp5,5.13
X-3077,TMBIM4,51643.0,MutKnownFunctional,"-174?,0.784"
X-3077,TMEM14A,28978.0,Amp5,6.54
X-3077,TMEM151B,441151.0,Amp5,5.13
X-3077,TMEM184A,202915.0,MutNovel,"G392GA,1.000"
X-3077,TMEM191B,728229.0,MutNovel,"F159FY,1.000"
X-3077,TMEM204,79652.0,MutKnownFunctional,"-68G?,0.393"
X-3077,TMEM214,54867.0,MutNovel,"L451P,1.000"
X-3077,TMEM63B,55362.0,Amp5,5.13
X-3077,TMEM91,641649.0,MutKnownFunctional,"-37,0.364"
X-3077,TMSB4Y,9087.0,Del0.8,0.4
X-3077,TNC,3371.0,MutNovel,"Q1382L,0.209"
X-3077,TNFRSF21,27242.0,MutNovel,"K431N,0.708"
X-3077,TNFRSF21,27242.0,Amp5,5.13
X-3077,TNFSF10,8743.0,Amp5,5.06
X-3077,TOMM6,100188893.0,Amp5,5.13
X-3077,TOP3A,7156.0,MutNovel,"T639I,1.000"
X-3077,TP53,7157.0,MutKnownFunctional,"-197,1.000"
X-3077,TPI1,7167.0,MutNovel,"I17R,0.500"
X-3077,TPRG1,285386.0,MutNovel,"E75Q,0.500"
X-3077,TRAM2,9697.0,Amp5,6.54
X-3077,TREM1,54210.0,Amp5,5.13
X-3077,TREM2,54209.0,Amp5,5.13
X-3077,TREML1,340205.0,Amp5,5.13
X-3077,TREML2,79865.0,Amp5,5.13
X-3077,TREML4,285852.0,Amp5,5.13
X-3077,TRERF1,55809.0,Amp5,5.13
X-3077,TRIL,9865.0,MutNovel,"L11F,0.652"
X-3077,TRIM49,57093.0,Amp5,5.62
X-3077,TRIML1,339976.0,Del0.8,0.39
X-3077,TRIML2,205860.0,Del0.8,0.6
X-3077,TRIP11,9321.0,MutNovel,"D989H,0.458"
X-3077,TROAP,10024.0,MutNovel,"EHNS483A,0.495"
X-3077,TROAP,10024.0,MutNovel,"S486C,0.531"
X-3077,TSPO2,222642.0,Amp5,5.13
X-3077,TSPY1,7258.0,Del0.8,0.4
X-3077,TSPY2,64591.0,Del0.8,0.4
X-3077,TSPY3,728137.0,Del0.8,0.4
X-3077,TSPY4,728395.0,Del0.8,0.4
X-3077,TSPY8,728403.0,Del0.8,0.4
X-3077,TSPYL1,7259.0,MutNovel,"V176VW,1.000"
X-3077,TTBK1,84630.0,Amp5,5.13
X-3077,TTLL4,9654.0,MutNovel,"Y995C,0.696"
X-3077,TTTY10,246119.0,Del0.8,0.4
X-3077,TTTY11,83866.0,Del0.8,0.4
X-3077,TTTY12,83867.0,Del0.8,0.4
X-3077,TTTY13,83868.0,Del0.8,0.4
X-3077,TTTY14,83869.0,Del0.8,0.4
X-3077,TTTY15,64595.0,Del0.8,0.4
X-3077,TTTY16,252948.0,Del0.8,0.4
X-3077,TTTY17A,252949.0,Del0.8,0.4
X-3077,TTTY17A,252949.0,Del0.8,0.4
X-3077,TTTY18,252950.0,Del0.8,0.4
X-3077,TTTY19,252952.0,Del0.8,0.4
X-3077,TTTY1B,100101116.0,Del0.8,0.4
X-3077,TTTY1B,100101116.0,Del0.8,0.4
X-3077,TTTY2,60439.0,Del0.8,0.4
X-3077,TTTY2,60439.0,Del0.8,0.4
X-3077,TTTY20,252951.0,Del0.8,0.4
X-3077,TTTY21,252953.0,Del0.8,0.4
X-3077,TTTY21,252953.0,Del0.8,0.4
X-3077,TTTY22,252954.0,Del0.8,0.4
X-3077,TTTY23,252955.0,Del0.8,0.4
X-3077,TTTY23,252955.0,Del0.8,0.4
X-3077,TTTY3,114760.0,Del0.8,0.4
X-3077,TTTY3,114760.0,Del0.8,0.4
X-3077,TTTY4,114761.0,Del0.8,0.4
X-3077,TTTY4,114761.0,Del0.8,0.4
X-3077,TTTY5,83863.0,Del0.8,0.4
X-3077,TTTY6,84672.0,Del0.8,0.4
X-3077,TTTY6,84672.0,Del0.8,0.4
X-3077,TTTY7,246122.0,Del0.8,0.4
X-3077,TTTY7,246122.0,Del0.8,0.4
X-3077,TTTY7B,100101120.0,Del0.8,0.4
X-3077,TTTY7B,100101120.0,Del0.8,0.4
X-3077,TTTY8,84673.0,Del0.8,0.4
X-3077,TTTY8,84673.0,Del0.8,0.4
X-3077,TTTY9A,83864.0,Del0.8,0.4
X-3077,TTTY9A,83864.0,Del0.8,0.4
X-3077,TUBB,203068.0,MutNovel,"D41H,0.254"
X-3077,TUBGCP2,10844.0,MutNovel,"R290S,1.000"
X-3077,TXLNG2P,246126.0,Del0.8,0.4
X-3077,UBA5,79876.0,MutNovel,"G80A,0.505"
X-3077,UBR2,23304.0,Amp5,5.13
X-3077,UCK2,7371.0,MutNovel,"K120M,0.749"
X-3077,UFSP2,55325.0,MutNovel,"S213T,1.000"
X-3077,UGT2B28,54490.0,Del0.8,0.27
X-3077,UMODL1,89766.0,MutNovel,"P1307S,0.455"
X-3077,UNC5CL,222643.0,Amp5,5.13
X-3077,URB1,9875.0,MutNovel,"L347F,0.700"
X-3077,USP40,55230.0,MutNovel,"V510F,0.593"
X-3077,USP49,25862.0,Amp5,5.13
X-3077,USP9Y,8287.0,Del0.8,0.4
X-3077,UTRN,7402.0,MutNovel,"Q2538H,0.635"
X-3077,UTY,7404.0,Del0.8,0.4
X-3077,VCY,9084.0,Del0.8,0.4
X-3077,VCY,9084.0,Del0.8,0.4
X-3077,VEGFA,7422.0,Amp5,5.13
X-3077,VPS33B,26276.0,MutNovel,"R86T,0.449"
X-3077,VSTM2L,128434.0,MutNovel,"A16T,0.667"
X-3077,VWDE,221806.0,MutNovel,"T1290I,0.444"
X-3077,WASH1,100287171.0,MutKnownFunctional,"-275,0.506"
X-3077,WASH1,100287171.0,MutNovel,"Y234C,0.444"
X-3077,WBP11,51729.0,MutNovel,"R466Q,0.345"
X-3077,WDR72,256764.0,MutNovel,"KT723T,1.000"
X-3077,WDR90,197335.0,MutNovel,"S1206R,0.434"
X-3077,XAB2,56949.0,MutNovel,"S660L,0.514"
X-3077,XKRY2,353515.0,Del0.8,0.4
X-3077,XKRY2,353515.0,Del0.8,0.4
X-3077,XPNPEP1,7511.0,MutNovel,"F266L,0.351"
X-3077,XPO5,57510.0,Amp5,5.13
X-3077,XRN1,54464.0,MutNovel,"I1365T,0.527"
X-3077,YIPF3,25844.0,Amp5,5.13
X-3077,ZC3H12D,340152.0,MutNovel,"T370A,1.000"
X-3077,ZCCHC6,79670.0,MutNovel,"K752E,0.504"
X-3077,ZDHHC11,79844.0,MutNovel,"A303D,0.333"
X-3077,ZFP42,132625.0,Del0.8,0.4
X-3077,ZFY,7544.0,Del0.8,0.4
X-3077,ZNF292,23036.0,MutNovel,"C2258Y,0.566"
X-3077,ZNF318,24149.0,Amp5,5.13
X-3077,ZNF420,147923.0,MutNovel,"C256W,0.326"
X-3077,ZNF469,84627.0,MutNovel,"A3571S,1.000"
X-3077,ZNF497,162968.0,MutNovel,"P413L,0.667"
X-3077,ZNF772,400720.0,MutNovel,"A4GP,0.250"
X-3077,ZNF780B,163131.0,MutNovel,"H243R,0.361"
X-3077,ZNRF2,223082.0,MutNovel,"V87M,0.545"
X-3077,ZP3,7784.0,MutNovel,"S315P,0.977"
X-3078,AADAT,51166.0,Del0.8,0.79
X-3078,AAED1,,MutNovel,"P4L,0.230"
X-3078,ABCB10,23456.0,MutNovel,"V83G,0.303"
X-3078,ABHD11,83451.0,MutKnownFunctional,"R311*,0.983"
X-3078,ACAN,176.0,MutNovel,"E1409D,0.500"
X-3078,ACE2,59272.0,Del0.8,0.78
X-3078,ACO1,48.0,MutNovel,"T318M,0.733"
X-3078,ACOT1,641371.0,Del0.8,0.66
X-3078,ACSL1,2180.0,Del0.8,0.78
X-3078,ADAM29,11086.0,Del0.8,0.77
X-3078,ADAM6,8755.0,Amp5,5.78
X-3078,ADAMTS7,11173.0,MutNovel,"A1104-,1.000"
X-3078,ADNP2,22850.0,MutNovel,"I1085F,0.540"
X-3078,AEN,64782.0,MutNovel,"A130V,0.992"
X-3078,AGA,175.0,Del0.8,0.77
X-3078,AGAP4,119016.0,MutNovel,"E561D,0.364"
X-3078,AGAP4,119016.0,MutNovel,"S87N,0.571"
X-3078,AGAP5,729092.0,MutNovel,"R512H,0.364"
X-3078,AGAP6,414189.0,MutNovel,"M473V,0.769"
X-3078,AGRN,375790.0,MutNovel,"V23L,0.719"
X-3078,AHNAK2,113146.0,MutNovel,"L2404V,1.000"
X-3078,AHNAK2,113146.0,MutNovel,"P2370S,1.000"
X-3078,AHNAK2,113146.0,MutNovel,"L2239V,1.000"
X-3078,AHNAK2,113146.0,MutNovel,"E1856D,0.625"
X-3078,AHNAK2,113146.0,MutNovel,"S870P,0.750"
X-3078,AHNAK2,113146.0,MutNovel,"R814Q,0.600"
X-3078,AKAP9,10142.0,Amp5,5.86
X-3078,ALG3,10195.0,MutNovel,"R385T,0.419"
X-3078,ALPK2,115701.0,Del0.8,0.78
X-3078,AMELX,265.0,Del0.8,0.78
X-3078,AMELY,266.0,Del0.8,0.24
X-3078,ANAPC4,29945.0,Del0.8,0.8
X-3078,ANKIB1,54467.0,Amp5,5.86
X-3078,ANKRD36,375248.0,MutNovel,"T1054K,0.214"
X-3078,ANKRD37,353322.0,Del0.8,0.78
X-3078,ANKRD44,91526.0,MutNovel,"L37V,0.273"
X-3078,ANP32C,23520.0,Del0.8,0.78
X-3078,ANXA10,11199.0,Del0.8,0.78
X-3078,AP1S2,8905.0,Del0.8,0.75
X-3078,APOOL,139322.0,Del0.8,0.8
X-3078,ARHGAP21,57584.0,MutNovel,"S1412F,0.360"
X-3078,ARHGAP6,395.0,Del0.8,0.78
X-3078,ARHGEF12,23365.0,Del0.8,0.73
X-3078,ARHGEF35,445328.0,MutNovel,"R51K,0.611"
X-3078,ARID4A,5926.0,MutKnownFunctional,"-512?,0.263"
X-3078,ARID5B,84159.0,MutNovel,"K255R,0.423"
X-3078,ARL13A,392509.0,Del0.8,0.77
X-3078,ARMC5,79798.0,MutNovel,"S344F,0.571"
X-3078,ARMCX1,51309.0,Del0.8,0.77
X-3078,ARMCX2,9823.0,Del0.8,0.77
X-3078,ARMCX3,51566.0,Del0.8,0.77
X-3078,ARMCX4,100131755.0,Del0.8,0.77
X-3078,ARMCX5,64860.0,Del0.8,0.77
X-3078,ARMCX5-GPRASP2,100528062.0,Del0.8,0.77
X-3078,ARMCX6,54470.0,Del0.8,0.77
X-3078,ARNT2,9915.0,Del0.8,0.69
X-3078,ASB11,140456.0,Del0.8,0.78
X-3078,ASB4,51666.0,Amp5,5.86
X-3078,ASB5,140458.0,Del0.8,0.77
X-3078,ASB9,140462.0,Del0.8,0.78
X-3078,ATG4A,115201.0,Del0.8,0.77
X-3078,ATG9B,285973.0,MutNovel,"A432T,0.667"
X-3078,ATHL1,80162.0,MutNovel,"L76M,1.000"
X-3078,ATIC,471.0,MutNovel,"Q448H,0.323"
X-3078,ATP2B2,491.0,MutNovel,"S806T,0.400"
X-3078,ATP7A,538.0,Del0.8,0.8
X-3078,ATP8B1,5205.0,Del0.8,0.78
X-3078,ATRX,546.0,Del0.8,0.8
X-3078,ATXN3,4287.0,MutNovel,"A141T,0.214"
X-3078,ATXN3L,92552.0,Del0.8,0.78
X-3078,BAG2,9532.0,Amp5,6.19
X-3078,BAG4,9530.0,MutNovel,"R19S,0.452"
X-3078,BAI2,576.0,MutNovel,"K1473N,0.545"
X-3078,BCAN,63827.0,MutNovel,"A88S,0.514"
X-3078,BCORP1,286554.0,Del0.8,0.24
X-3078,BEND2,139105.0,Del0.8,0.79
X-3078,BET1,10282.0,Amp5,5.86
X-3078,BEX1,55859.0,Del0.8,0.77
X-3078,BEX2,84707.0,Del0.8,0.77
X-3078,BEX4,56271.0,Del0.8,0.77
X-3078,BEX5,340542.0,Del0.8,0.77
X-3078,BHLHB9,80823.0,Del0.8,0.77
X-3078,BLID,414899.0,Del0.8,0.79
X-3078,BMP2K,55589.0,MutNovel,"-460Q,1.000"
X-3078,BMX,660.0,Del0.8,0.78
X-3078,BOD1L2,284257.0,Del0.8,0.78
X-3078,BPY2B,442867.0,Del0.8,0.24
X-3078,BPY2B,442867.0,Del0.8,0.24
X-3078,BRCA1,672.0,MutKnownFunctional,"-1734,1.000"
X-3078,BRWD3,254065.0,Del0.8,0.8
X-3078,BTK,695.0,Del0.8,0.77
X-3078,C14orf169,79697.0,MutKnownFunctional,"-86?,1.000"
X-3078,C17orf51,339263.0,MutKnownFunctional,"-34?,1.000"
X-3078,C18orf26,284254.0,Del0.8,0.78
X-3078,C18orf54,162681.0,Del0.8,0.78
X-3078,C1QTNF7,114905.0,Del0.8,0.78
X-3078,C21orf58,54058.0,MutNovel,"H299PN,0.360"
X-3078,C22orf13,83606.0,MutKnownFunctional,"-163,0.552"
X-3078,C2CD3,26005.0,MutNovel,"D183N,0.367"
X-3078,C2orf16,84226.0,MutNovel,"R1660K,1.000"
X-3078,C4orf27,54969.0,Del0.8,0.79
X-3078,C4orf45,152940.0,Del0.8,0.75
X-3078,C4orf46,201725.0,Del0.8,0.75
X-3078,C4orf47,441054.0,Del0.8,0.78
X-3078,C4orf52,389203.0,Del0.8,0.78
X-3078,C6orf132,647024.0,MutNovel,"C1091R,0.855"
X-3078,C6orf201,404220.0,Del0.8,0.8
X-3078,C6orf223,221416.0,MutNovel,"-124A,0.736"
X-3078,C8orf44,56260.0,MutKnownFunctional,"R70*,0.568"
X-3078,C9orf53,51198.0,Del0.8,0.78
X-3078,CA5B,11238.0,Del0.8,0.75
X-3078,CALCR,799.0,Amp5,5.86
X-3078,CAMTA1,23261.0,MutKnownFunctional,"-1587?,0.700"
X-3078,CAPZB,832.0,MutNovel,"N212S,0.232"
X-3078,CARD11,84433.0,MutNovel,"R912Q,0.519"
X-3078,CASD1,64921.0,Amp5,5.86
X-3078,CASP3,836.0,Del0.8,0.78
X-3078,CBR4,84869.0,Del0.8,0.79
X-3078,CC2D2A,57545.0,Del0.8,0.78
X-3078,CCBE1,147372.0,Del0.8,0.78
X-3078,CCDC110,256309.0,Del0.8,0.78
X-3078,CCDC111,201973.0,Del0.8,0.78
X-3078,CCDC132,55610.0,Amp5,5.86
X-3078,CCDC137,339230.0,MutNovel,"VE251V,1.000"
X-3078,CCDC149,91050.0,Del0.8,0.8
X-3078,CCDC61,729440.0,MutNovel,"G209R,0.628"
X-3078,CCDC68,80323.0,Del0.8,0.78
X-3078,CCKAR,886.0,Del0.8,0.78
X-3078,CCNI2,645121.0,MutNovel,"A91P,0.600"
X-3078,CCNJL,79616.0,MutNovel,"M108T,1.000"
X-3078,CDK13,8621.0,MutNovel,"T546M,0.570"
X-3078,CDK6,1021.0,Amp5,5.86
X-3078,CDKL5,6792.0,Del0.8,0.79
X-3078,CDKN2A,1029.0,Del0.8,0.78
X-3078,CDKN2AIP,55602.0,Del0.8,0.78
X-3078,CDNF,441549.0,MutNovel,"H182Q,0.286"
X-3078,CDRT1,374286.0,MutNovel,"I434L,1.000"
X-3078,CDY1B,253175.0,Del0.8,0.24
X-3078,CDY1B,253175.0,Del0.8,0.24
X-3078,CDY2A,9426.0,Del0.8,0.24
X-3078,CDY2A,9426.0,Del0.8,0.24
X-3078,CDY2B,203611.0,Del0.8,0.24
X-3078,CDY2B,203611.0,Del0.8,0.24
X-3078,CDYL,9425.0,Del0.8,0.79
X-3078,CELSR1,9620.0,MutNovel,"R72W,0.412"
X-3078,CENPI,2491.0,Del0.8,0.77
X-3078,CEP290,80184.0,MutNovel,"L1581F,0.552"
X-3078,CEP44,80817.0,Del0.8,0.77
X-3078,CHM,1121.0,Del0.8,0.8
X-3078,CHRFAM7A,89832.0,Del0.8,0.68
X-3078,CHRM4,1132.0,MutKnownFunctional,"Y92*,0.500"
X-3078,CLCN3,1182.0,Del0.8,0.79
X-3078,CLCN4,1183.0,Del0.8,0.78
X-3078,CLDN2,9075.0,Del0.8,0.77
X-3078,CLDN22,53842.0,Del0.8,0.78
X-3078,CLDN23,137075.0,MutNovel,"R237RKP,1.000"
X-3078,CLDN24,100132463.0,Del0.8,0.78
X-3078,CLNK,116449.0,Del0.8,0.78
X-3078,CLRN2,645104.0,Del0.8,0.77
X-3078,CNTNAP3B,728577.0,MutNovel,"S361T,1.000"
X-3078,CNTNAP3B,728577.0,MutNovel,"P1052L,0.286"
X-3078,COL1A2,1278.0,Amp5,5.86
X-3078,COL4A3BP,10087.0,MutNovel,"D452H,0.621"
X-3078,CORO7,79585.0,MutNovel,"R559H,0.614"
X-3078,COX7B,1349.0,Del0.8,0.8
X-3078,CPE,1363.0,Del0.8,0.78
X-3078,CPEB2,132864.0,MutNovel,"P221Q,1.000"
X-3078,CPEB2,132864.0,Del0.8,0.78
X-3078,CPLX4,339302.0,Del0.8,0.78
X-3078,CPPED1,55313.0,MutNovel,"V86I,0.644"
X-3078,CPXCR1,53336.0,Del0.8,0.8
X-3078,CREBZF,58487.0,MutKnownFunctional,"-199,0.252"
X-3078,CROCC,9696.0,MutNovel,"T1072M,0.831"
X-3078,CSPG4P1Y,114758.0,Del0.8,0.24
X-3078,CSPG4P1Y,114758.0,Del0.8,0.24
X-3078,CSTF2,1478.0,Del0.8,0.77
X-3078,CSTF2T,23283.0,MutNovel,"R245T,0.382"
X-3078,CTAGE15P,441294.0,MutNovel,"K262N,0.400"
X-3078,CTBP1,1487.0,MutNovel,"A122T,0.992"
X-3078,CTPS2,56474.0,Del0.8,0.79
X-3078,CTSA,5476.0,MutNovel,"L29-,1.000"
X-3078,CTSC,1075.0,MutNovel,"K141N,0.256"
X-3078,CXXC1,30827.0,MutNovel,"Q161-,1.000"
X-3078,CXXC1,30827.0,MutNovel,"Q156H,0.360"
X-3078,CXorf57,55086.0,Del0.8,0.77
X-3078,CYLC1,1538.0,Del0.8,0.8
X-3078,CYP4V2,285440.0,Del0.8,0.78
X-3078,CYP51A1,1595.0,Amp5,5.86
X-3078,CYSLTR1,10800.0,Del0.8,0.8
X-3078,DACH2,117154.0,Del0.8,0.8
X-3078,DAZ1,1617.0,Del0.8,0.24
X-3078,DAZ2,57055.0,Del0.8,0.24
X-3078,DAZ3,57054.0,Del0.8,0.24
X-3078,DAZ3,57054.0,Del0.8,0.24
X-3078,DAZ4,57135.0,Del0.8,0.24
X-3078,DAZ4,57135.0,Del0.8,0.24
X-3078,DCAF16,54876.0,Del0.8,0.77
X-3078,DCTD,1635.0,Del0.8,0.78
X-3078,DDX20,11218.0,MutNovel,"M239I,0.476"
X-3078,DDX3Y,8653.0,Del0.8,0.24
X-3078,DDX60,55601.0,Del0.8,0.78
X-3078,DDX60L,91351.0,Del0.8,0.78
X-3078,DEFB103A,414325.0,Del0.8,0.63
X-3078,DEFB103A,414325.0,Del0.8,0.63
X-3078,DEFB104B,503618.0,Del0.8,0.63
X-3078,DEFB104B,503618.0,Del0.8,0.63
X-3078,DEFB105B,504180.0,Del0.8,0.63
X-3078,DEFB105B,504180.0,Del0.8,0.63
X-3078,DEFB106B,503841.0,Del0.8,0.63
X-3078,DEFB106B,503841.0,Del0.8,0.63
X-3078,DEFB107A,245910.0,Del0.8,0.63
X-3078,DEFB107A,245910.0,Del0.8,0.63
X-3078,DEFB4A,1673.0,Del0.8,0.63
X-3078,DEFB4B,100289462.0,Del0.8,0.63
X-3078,DEFT1P,170949.0,Del0.8,0.79
X-3078,DENND2A,27147.0,MutNovel,"R245W,0.750"
X-3078,DENND4B,9909.0,MutNovel,"W943S,0.523"
X-3078,DENND4B,9909.0,MutNovel,"QQQ908-,0.264"
X-3078,DENND4B,9909.0,MutNovel,"R42W,0.371"
X-3078,DHRSX,207063.0,MutKnownFunctional,"R673*,1.000"
X-3078,DHX15,1665.0,Del0.8,0.8
X-3078,DHX16,8449.0,MutNovel,"S708L,1.000"
X-3078,DHX57,90957.0,MutNovel,"P382R,0.471"
X-3078,DIAPH2,1730.0,Del0.8,0.79
X-3078,DKFZP434L187,26082.0,Del0.8,0.68
X-3078,DLST,1743.0,MutNovel,"T370I,0.278"
X-3078,DMKN,93099.0,MutNovel,"GGSSGGSSG279G,0.667"
X-3078,DNAJA2,10294.0,Amp5,5.17
X-3078,DRP2,1821.0,Del0.8,0.77
X-3078,DYNC1H1,1778.0,MutNovel,"L3909F,0.386"
X-3078,DYNC1I1,1780.0,Amp5,5.86
X-3078,DYNC1I2,1781.0,MutNovel,"E256Q,0.352"
X-3078,DZIP1,22873.0,MutNovel,"K386N,0.507"
X-3078,ECI2,10455.0,Del0.8,0.8
X-3078,EGFL6,25975.0,Del0.8,0.78
X-3078,EHMT2,10919.0,MutNovel,"S579-,1.000"
X-3078,EIF1AY,9086.0,Del0.8,0.24
X-3078,EIF2C3,192669.0,MutNovel,"R426W,0.562"
X-3078,EIF2S2,8894.0,MutNovel,"E59K,0.290"
X-3078,EIF4A1,,MutNovel,"Y267H,0.514"
X-3078,ENC1,8507.0,MutNovel,"V393G,1.000"
X-3078,ENPP6,133121.0,Del0.8,0.78
X-3078,EPB41L4B,54566.0,MutNovel,"V202M,0.781"
X-3078,EPPK1,83481.0,MutKnownFunctional,"-428,0.500"
X-3078,ERBB2IP,55914.0,MutNovel,"F221L,0.457"
X-3078,ESX1,80712.0,Del0.8,0.77
X-3078,ETFDH,2110.0,Del0.8,0.75
X-3078,EXOSC7,23016.0,MutNovel,"K264N,0.344"
X-3078,F11,2160.0,Del0.8,0.78
X-3078,FAIM,55179.0,MutNovel,"D169N,0.473"
X-3078,FAM133A,286499.0,Del0.8,0.79
X-3078,FAM133B,257415.0,Amp5,5.86
X-3078,FAM149A,25854.0,Del0.8,0.78
X-3078,FAM184B,27146.0,Del0.8,0.77
X-3078,FAM18B2-CDRT4,100533496.0,MutNovel,"T150R,0.268"
X-3078,FAM18B2-CDRT4,100533496.0,MutNovel,"S135P,0.250"
X-3078,FAM197Y2P,252946.0,Del0.8,0.24
X-3078,FAM198B,51313.0,Del0.8,0.75
X-3078,FAM199X,139231.0,Del0.8,0.77
X-3078,FAM20C,56975.0,MutNovel,"N84K,0.417"
X-3078,FAM213A,80195.0,MutNovel,"G176V,0.259"
X-3078,FAM222A,,MutNovel,"R447H,0.613"
X-3078,FAM22A,728118.0,MutNovel,"P560L,0.864"
X-3078,FAM22A,728118.0,MutNovel,"L563Q,0.842"
X-3078,FAM41AY1,340618.0,Del0.8,0.24
X-3078,FAM41AY1,340618.0,Del0.8,0.24
X-3078,FAM46D,169966.0,Del0.8,0.8
X-3078,FAM50B,26240.0,Del0.8,0.78
X-3078,FAM59A,64762.0,MutNovel,"M773K,0.326"
X-3078,FAM66D,100132923.0,Del0.8,0.52
X-3078,FAM86B1,85002.0,Del0.8,0.52
X-3078,FAM9A,171482.0,Del0.8,0.78
X-3078,FAM9B,171483.0,Del0.8,0.78
X-3078,FAM9C,171484.0,Del0.8,0.78
X-3078,FANCB,2187.0,Del0.8,0.78
X-3078,FAT1,2195.0,Del0.8,0.78
X-3078,FBRSL1,57666.0,MutNovel,"P938R,0.241"
X-3078,FBXL5,26234.0,Del0.8,0.78
X-3078,FBXO8,26269.0,Del0.8,0.77
X-3078,FECH,2235.0,Del0.8,0.78
X-3078,FGF16,8823.0,Del0.8,0.8
X-3078,FIGF,2277.0,Del0.8,0.78
X-3078,FLJ22184,80164.0,MutKnownFunctional,"C353*,0.514"
X-3078,FLJ45974,401337.0,Del0.8,0.8
X-3078,FLVCR2,55640.0,MutNovel,"I186M,0.318"
X-3078,FNDC1,84624.0,MutNovel,"ATTRRTT1471A,1.000"
X-3078,FNIP2,57600.0,Del0.8,0.75
X-3078,FOXC1,2296.0,Del0.8,0.78
X-3078,FOXD1,2297.0,MutNovel,"A88G,1.000"
X-3078,FOXF2,2295.0,Del0.8,0.78
X-3078,FOXQ1,94234.0,Del0.8,0.78
X-3078,FRG1,2483.0,Del0.8,0.45
X-3078,FRMPD4,9758.0,Del0.8,0.78
X-3078,FSTL5,56884.0,Del0.8,0.75
X-3078,FUS,2521.0,MutNovel,"P268R,0.251"
X-3078,FUT5,2527.0,MutNovel,"V283M,0.667"
X-3078,FUT5,2527.0,MutNovel,"D175N,0.941"
X-3078,GAA,2548.0,MutNovel,"N403K,1.000"
X-3078,GABRG3,2567.0,MutNovel,"F12L,1.000"
X-3078,GALNT7,51809.0,Del0.8,0.77
X-3078,GALNTL6,442117.0,Del0.8,0.77
X-3078,GATAD1,57798.0,Amp5,5.86
X-3078,GBA3,57733.0,Del0.8,0.8
X-3078,GEMIN8,54960.0,Del0.8,0.78
X-3078,GGNBP2,79893.0,Del0.8,0.74
X-3078,GHR,2690.0,MutNovel,"E100Q,0.375"
X-3078,GK3P,2713.0,Del0.8,0.78
X-3078,GLA,2717.0,Del0.8,0.77
X-3078,GLP1R,2740.0,MutNovel,"V332A,1.000"
X-3078,GLRA2,2742.0,Del0.8,0.78
X-3078,GLRA3,8001.0,Del0.8,0.77
X-3078,GLRA4,441509.0,Del0.8,0.77
X-3078,GMDS,2762.0,Del0.8,0.78
X-3078,GNG11,2791.0,Amp5,5.86
X-3078,GNGT1,2792.0,Amp5,5.86
X-3078,GNMT,27232.0,MutNovel,"L158M,1.000"
X-3078,GNPTG,84572.0,MutNovel,"E139R,0.266"
X-3078,GOLGA2P2Y,84559.0,Del0.8,0.24
X-3078,GOLGA2P2Y,84559.0,Del0.8,0.24
X-3078,GOLGA8B,440270.0,MutNovel,"R455C,0.875"
X-3078,GOLIM4,27333.0,MutNovel,"V454A,0.615"
X-3078,GORASP2,26003.0,MutNovel,"N447K,0.331"
X-3078,GPM6A,2823.0,Del0.8,0.77
X-3078,GPM6B,2824.0,Del0.8,0.78
X-3078,GPR125,166647.0,Del0.8,0.8
X-3078,GPR137C,283554.0,MutNovel,"S27G,1.000"
X-3078,GPR143,4935.0,Del0.8,0.78
X-3078,GPR174,84636.0,Del0.8,0.8
X-3078,GPRASP1,9737.0,Del0.8,0.77
X-3078,GPRASP2,114928.0,Del0.8,0.77
X-3078,GPRIN2,9721.0,MutNovel,"-238MRE,0.410"
X-3078,GPT2,84706.0,Amp5,5.17
X-3078,GRP,2922.0,Del0.8,0.78
X-3078,GRPR,2925.0,Del0.8,0.75
X-3078,GYG2P1,352887.0,Del0.8,0.24
X-3078,H2BFM,286436.0,Del0.8,0.77
X-3078,H2BFWT,158983.0,Del0.8,0.77
X-3078,H2BFXP,767811.0,Del0.8,0.77
X-3078,H2BFXP,767811.0,Del0.8,0.77
X-3078,HAND2,9464.0,Del0.8,0.77
X-3078,HCCS,3052.0,Del0.8,0.78
X-3078,HCG4B,80868.0,Del0.8,0.51
X-3078,HDHD3,81932.0,MutNovel,"D16N,0.804"
X-3078,HDX,139324.0,Del0.8,0.8
X-3078,HELT,391723.0,Del0.8,0.78
X-3078,HEPACAM2,253012.0,Amp5,5.86
X-3078,HLA-H,3136.0,Del0.8,0.51
X-3078,HLX,3142.0,MutNovel,"L309P,0.429"
X-3078,HMGB2,3148.0,Del0.8,0.77
X-3078,HMGN5,79366.0,Del0.8,0.8
X-3078,HNRNPA1L2,144983.0,MutKnownFunctional,"-25,1.000"
X-3078,HNRNPH2,3188.0,Del0.8,0.77
X-3078,HPGD,3248.0,Del0.8,0.77
X-3078,HPS5,11234.0,MutNovel,"L773P,1.000"
X-3078,HRCT1,646962.0,MutNovel,"LH100L,1.000"
X-3078,HS3ST1,9957.0,Del0.8,0.78
X-3078,HSD17B4,3295.0,MutNovel,"A427T,0.994"
X-3078,HSFY2,159119.0,Del0.8,0.24
X-3078,HSFY2,159119.0,Del0.8,0.24
X-3078,HSP90AA4P,3323.0,Del0.8,0.49
X-3078,HSP90AA6P,441051.0,Del0.8,0.79
X-3078,HSP90AB2P,391634.0,Del0.8,0.78
X-3078,HYDIN,54768.0,MutNovel,"E2936K,0.429"
X-3078,IBTK,25998.0,MutNovel,"Y630S,0.650"
X-3078,IBTK,25998.0,MutNovel,"V382A,0.342"
X-3078,IFNA1,3439.0,Del0.8,0.78
X-3078,IFNA10,3446.0,Del0.8,0.78
X-3078,IFNA13,3447.0,Del0.8,0.78
X-3078,IFNA14,3448.0,Del0.8,0.78
X-3078,IFNA16,3449.0,Del0.8,0.78
X-3078,IFNA17,3451.0,Del0.8,0.78
X-3078,IFNA2,3440.0,Del0.8,0.78
X-3078,IFNA21,3452.0,Del0.8,0.78
X-3078,IFNA22P,3453.0,Del0.8,0.78
X-3078,IFNA4,3441.0,Del0.8,0.78
X-3078,IFNA5,3442.0,Del0.8,0.78
X-3078,IFNA6,3443.0,Del0.8,0.78
X-3078,IFNA7,3444.0,Del0.8,0.78
X-3078,IFNA8,3445.0,Del0.8,0.78
X-3078,IFNB1,3456.0,Del0.8,0.78
X-3078,IFNE,338376.0,Del0.8,0.78
X-3078,IFNW1,3467.0,Del0.8,0.78
X-3078,IGSF9,57549.0,MutNovel,"R770RA,0.474"
X-3078,IL17RC,84818.0,MutNovel,"P40T,0.667"
X-3078,IL1RAPL2,26280.0,Del0.8,0.77
X-3078,ILF2,3608.0,MutNovel,"W210R,0.251"
X-3078,IMPDH1,3614.0,MutNovel,"FS487S,0.493"
X-3078,INE2,8551.0,Del0.8,0.75
X-3078,ING2,3622.0,Del0.8,0.78
X-3078,IQGAP3,128239.0,MutNovel,"R383Q,0.510"
X-3078,IRF2,3660.0,Del0.8,0.78
X-3078,ITM2A,9452.0,Del0.8,0.8
X-3078,ITM2C,81618.0,MutNovel,"R251C,0.695"
X-3078,IVL,3713.0,MutNovel,"E290K,0.333"
X-3078,JMJD4,65094.0,MutNovel,"A84V,0.670"
X-3078,KAL1,3730.0,Del0.8,0.78
X-3078,KCNC4,3749.0,MutNovel,"E621K,0.314"
X-3078,KCND1,3750.0,MutKnownFunctional,"E81*,1.000"
X-3078,KCNIP4,80333.0,Del0.8,0.67
X-3078,KCNIP4-IT1,359822.0,Del0.8,0.8
X-3078,KDM5D,8284.0,Del0.8,0.24
X-3078,KIAA0125,9834.0,Amp5,5.78
X-3078,KIAA1429,25962.0,MutNovel,"T1761A,0.414"
X-3078,KIAA1430,57587.0,Del0.8,0.78
X-3078,KIAA1609,57707.0,MutNovel,"E105-,1.000"
X-3078,KIAA2018,205717.0,MutNovel,"Q1473RK,0.600"
X-3078,KIF1A,547.0,MutNovel,"R1778W,0.217"
X-3078,KIF20B,9585.0,MutNovel,"L1062LKV,0.871"
X-3078,KIF3B,9371.0,MutNovel,"T288S,0.297"
X-3078,KLF2,10365.0,MutNovel,"E94Q,0.404"
X-3078,KLHL2,11275.0,Del0.8,0.78
X-3078,KLHL4,56062.0,Del0.8,0.8
X-3078,KLHL9,55958.0,Del0.8,0.78
X-3078,KLKB1,3818.0,Del0.8,0.78
X-3078,KNDC1,85442.0,MutNovel,"G91R,1.000"
X-3078,KRIT1,889.0,Amp5,5.86
X-3078,KRT13,3860.0,MutNovel,"A130T,1.000"
X-3078,KRT13,3860.0,MutNovel,"E120D,0.750"
X-3078,KRT26,353288.0,MutNovel,"V85A,1.000"
X-3078,KRT36,8689.0,MutNovel,"L369M,1.000"
X-3078,KRT6C,286887.0,MutNovel,"SL404NL,0.800"
X-3078,KRT85,3891.0,MutNovel,"K404R,0.750"
X-3078,LAMA5,3911.0,MutNovel,"D2942E,0.396"
X-3078,LAP3,51056.0,Del0.8,0.77
X-3078,LCORL,254251.0,Del0.8,0.77
X-3078,LDB2,9079.0,Del0.8,0.77
X-3078,LGI2,55203.0,Del0.8,0.8
X-3078,LILRA6,79168.0,Del0.8,0.42
X-3078,LINC00226,338004.0,Amp5,5.43
X-3078,LINC00290,728081.0,Del0.8,0.78
X-3078,LMAN1,3998.0,Del0.8,0.78
X-3078,LOC100132247,100132247.0,MutNovel,"R659L,0.749"
X-3078,LOC100132396,100132396.0,Del0.8,0.69
X-3078,LOC100132859,,MutKnownFunctional,"-110H?,1.000"
X-3078,LOC100133123,100133123.0,Del0.8,0.78
X-3078,LOC100287765,100287765.0,Del0.8,0.77
X-3078,LOC100287837,,MutNovel,"E5ER,0.226"
X-3078,LOC100288814,100288814.0,Del0.8,0.78
X-3078,LOC100505474,100505474.0,Del0.8,0.78
X-3078,LOC100505549,100505549.0,MutNovel,"L81Q,1.000"
X-3078,LOC100505549,100505549.0,Del0.8,0.78
X-3078,LOC100505912,100505912.0,Del0.8,0.8
X-3078,LOC100505989,100505989.0,Del0.8,0.78
X-3078,LOC100506013,100506013.0,Del0.8,0.78
X-3078,LOC100506085,100506085.0,Del0.8,0.79
X-3078,LOC100506122,100506122.0,Del0.8,0.79
X-3078,LOC100506229,100506229.0,Del0.8,0.78
X-3078,LOC100996433,,MutNovel,"S133R,0.375"
X-3078,LOC100996541,,MutNovel,"P279S,0.667"
X-3078,LOC152742,152742.0,Del0.8,0.78
X-3078,LOC201617,201617.0,Del0.8,0.8
X-3078,LOC285441,285441.0,Del0.8,0.78
X-3078,LOC285501,285501.0,Del0.8,0.77
X-3078,LOC285540,285540.0,Del0.8,0.8
X-3078,LOC285547,285547.0,Del0.8,0.78
X-3078,LOC285548,285548.0,Del0.8,0.78
X-3078,LOC286437,286437.0,Del0.8,0.77
X-3078,LOC339975,339975.0,Del0.8,0.43
X-3078,LOC340017,340017.0,Del0.8,0.75
X-3078,LOC340544,340544.0,Del0.8,0.77
X-3078,LOC388210,,MutNovel,"R1178H,0.833"
X-3078,LOC389247,389247.0,Del0.8,0.78
X-3078,LOC390858,390858.0,Del0.8,0.78
X-3078,LOC392196,392196.0,Del0.8,0.52
X-3078,LOC401164,401164.0,Del0.8,0.29
X-3078,LOC402160,402160.0,MutNovel,"R399W,1.000"
X-3078,LOC441009,441009.0,Del0.8,0.78
X-3078,LOC442459,442459.0,Del0.8,0.77
X-3078,LOC554223,554223.0,MutNovel,"R147E,0.818"
X-3078,LOC554223,554223.0,MutNovel,"Q153P,1.000"
X-3078,LOC643486,643486.0,Del0.8,0.79
X-3078,LOC643699,,MutNovel,"H293Y,1.000"
X-3078,LOC653075,653075.0,Del0.8,0.68
X-3078,LOC728175,728175.0,Del0.8,0.78
X-3078,LOC728741,,MutNovel,"R380W,0.286"
X-3078,LOC728888,,MutNovel,"R1061Q,0.429"
X-3078,LOC728888,,MutNovel,"R635H,0.625"
X-3078,LOC728888,,MutNovel,"R563H,0.688"
X-3078,LOC729020,729020.0,MutNovel,"E149G,1.000"
X-3078,LOC731424,731424.0,Del0.8,0.78
X-3078,LPAR3,23566.0,MutKnownFunctional,"-14?,0.556"
X-3078,LPAR4,2846.0,Del0.8,0.8
X-3078,LRP2BP,55805.0,Del0.8,0.78
X-3078,LRRC39,127495.0,MutNovel,"EE295E,0.706"
X-3078,LRRC8E,80131.0,MutNovel,"V33M,0.433"
X-3078,LRRD1,401387.0,Amp5,5.86
X-3078,LRRK1,79705.0,MutNovel,"A1526P,0.500"
X-3078,LSR,51599.0,MutNovel,"G518GR,0.266"
X-3078,LZTS2,84445.0,MutNovel,"R420Q,0.329"
X-3078,MACF1,23499.0,MutNovel,"V4577D,0.401"
X-3078,MAGT1,84061.0,Del0.8,0.8
X-3078,MALT1,10892.0,Del0.8,0.78
X-3078,MAP1B,4131.0,MutNovel,"E421D,0.514"
X-3078,MAP3K4,4216.0,MutNovel,"PA1189P,1.000"
X-3078,MAPK9,5601.0,MutNovel,"M361V,0.477"
X-3078,MAPKAPK2,9261.0,MutNovel,"T25A,1.000"
X-3078,2014-03-01 00:00:00,55016.0,Del0.8,0.78
X-3078,MAZ,4150.0,MutNovel,"P13S,0.310"
X-3078,MAZ,4150.0,MutNovel,"-436AA,0.220"
X-3078,MBD2,8932.0,Del0.8,0.78
X-3078,MC4R,4160.0,Del0.8,0.78
X-3078,MED28,80306.0,Del0.8,0.77
X-3078,MEF2A,4205.0,MutNovel,"-412QQ,1.000"
X-3078,MEF2D,4209.0,MutNovel,"R487Q,0.497"
X-3078,METTL1,4234.0,MutNovel,"L154Q,0.621"
X-3078,MFAP3L,9848.0,Del0.8,0.79
X-3078,MGC16142,84849.0,Amp5,5.86
X-3078,MGC45800,90768.0,Del0.8,0.78
X-3078,MID1,4281.0,Del0.8,0.78
X-3078,MID2,11043.0,Del0.8,0.77
X-3078,MIR100,406892.0,Del0.8,0.79
X-3078,MIR100HG,399959.0,Del0.8,0.79
X-3078,MIR122,406906.0,Del0.8,0.78
X-3078,MIR1256,100302155.0,Del0.8,0.77
X-3078,MIR125B1,406911.0,Del0.8,0.79
X-3078,MIR1305,100302270.0,Del0.8,0.78
X-3078,MIR218-1,407000.0,Del0.8,0.77
X-3078,MIR31,407035.0,Del0.8,0.78
X-3078,MIR31HG,554202.0,Del0.8,0.78
X-3078,MIR3591,100616357.0,Del0.8,0.78
X-3078,MIR3688-1,100500881.0,Del0.8,0.75
X-3078,MIR3688-2,100616303.0,Del0.8,0.75
X-3078,MIR384,494333.0,Del0.8,0.8
X-3078,MIR3945,100500818.0,Del0.8,0.78
X-3078,MIR4275,100422937.0,Del0.8,0.78
X-3078,MIR4276,100423042.0,Del0.8,0.77
X-3078,MIR4328,100422932.0,Del0.8,0.8
X-3078,MIR4473,100616229.0,Del0.8,0.78
X-3078,MIR4474,100616441.0,Del0.8,0.78
X-3078,MIR4529,100616290.0,Del0.8,0.78
X-3078,MIR4652,100616206.0,Amp5,5.86
X-3078,MIR4768,100616249.0,Del0.8,0.79
X-3078,MIR489,574442.0,Amp5,5.86
X-3078,MIR491,574444.0,Del0.8,0.78
X-3078,MIR548AJ2,100616252.0,Del0.8,0.8
X-3078,MIR572,693157.0,Del0.8,0.78
X-3078,MIR573,693158.0,Del0.8,0.8
X-3078,MIR578,693163.0,Del0.8,0.78
X-3078,MIR591,693176.0,Amp5,5.86
X-3078,MIR653,724023.0,Amp5,5.86
X-3078,MIRLET7A2,406882.0,Del0.8,0.79
X-3078,MIS18BP1,55320.0,MutKnownFunctional,"Q980*,0.273"
X-3078,MLF1IP,79682.0,Del0.8,0.78
X-3078,MLLT3,4300.0,Del0.8,0.78
X-3078,MOG,4340.0,MutNovel,"FL16F,1.000"
X-3078,MORC4,79710.0,Del0.8,0.77
X-3078,MORF4L2,9643.0,Del0.8,0.77
X-3078,MOSPD2,158747.0,Del0.8,0.78
X-3078,MPRIP,23164.0,MutNovel,"TS178T,1.000"
X-3078,MRPL55,128308.0,MutNovel,"G39S,0.520"
X-3078,MSL3,10943.0,Del0.8,0.78
X-3078,MSMO1,6307.0,Del0.8,0.78
X-3078,MTAP,4507.0,Del0.8,0.78
X-3078,MTERF,7978.0,Amp5,5.86
X-3078,MTIF2,4528.0,MutNovel,"A243E,0.339"
X-3078,MTNR1A,4543.0,Del0.8,0.78
X-3078,MTR,4548.0,MutNovel,"P1258L,0.250"
X-3078,MUC16,94025.0,MutKnownFunctional,"Y12804*,0.409"
X-3078,MUC6,4588.0,MutNovel,"P2249L,0.600"
X-3078,MUM1L1,139221.0,Del0.8,0.77
X-3078,MYH4,4622.0,MutNovel,"E510D,1.000"
X-3078,MYH9,4627.0,MutNovel,"G285A,0.260"
X-3078,MYO9A,4649.0,MutNovel,"NTESSNPV1479-,1.000"
X-3078,MZT2A,653784.0,MutNovel,"D61G,0.964"
X-3078,NADK,65220.0,MutNovel,"T113I,0.900"
X-3078,NAF1,92345.0,Del0.8,0.78
X-3078,NAP1L3,4675.0,Del0.8,0.79
X-3078,NARS,4677.0,Del0.8,0.78
X-3078,NAV1,89796.0,MutNovel,"SCP1747S,0.368"
X-3078,NBLA00301,79804.0,Del0.8,0.77
X-3078,NBPF3,84224.0,MutNovel,"P484L,0.480"
X-3078,NBPF9,400818.0,MutNovel,"Q184R,1.000"
X-3078,NBPF9,400818.0,MutNovel,"G580E,1.000"
X-3078,NCAPG,64151.0,Del0.8,0.77
X-3078,NCOR2,9612.0,MutNovel,"G1839GAAA,0.545"
X-3078,NCOR2,9612.0,MutNovel,"-511S,0.505"
X-3078,NCRNA00185,55410.0,Del0.8,0.24
X-3078,NEDD4L,23327.0,Del0.8,0.78
X-3078,NEIL3,55247.0,Del0.8,0.77
X-3078,NEK1,4750.0,Del0.8,0.79
X-3078,NETO2,81831.0,Amp5,5.17
X-3078,NGFRAP1,27018.0,Del0.8,0.77
X-3078,NHS,4810.0,Del0.8,0.79
X-3078,NKX3-2,579.0,Del0.8,0.78
X-3078,NLGN4Y,22829.0,Del0.8,0.24
X-3078,NOC2L,26155.0,MutNovel,"S308A,0.251"
X-3078,NOC2L,26155.0,MutNovel,"V279M,0.699"
X-3078,NOX1,27035.0,Del0.8,0.77
X-3078,NPAS4,266743.0,MutNovel,"D479Y,0.235"
X-3078,NPY1R,4886.0,Del0.8,0.78
X-3078,NPY5R,4889.0,Del0.8,0.78
X-3078,NR1H2,7376.0,MutNovel,"-173Q,1.000"
X-3078,NRBP2,340371.0,MutNovel,"R289W,0.720"
X-3078,NRK,203447.0,Del0.8,0.77
X-3078,NUP62CL,54830.0,Del0.8,0.77
X-3078,NXF2,56001.0,Del0.8,0.77
X-3078,NXF2,56001.0,Del0.8,0.77
X-3078,NXF2B,728343.0,Del0.8,0.77
X-3078,NXF2B,728343.0,Del0.8,0.77
X-3078,NXF3,56000.0,Del0.8,0.77
X-3078,NXF4,55999.0,Del0.8,0.77
X-3078,NXF5,55998.0,Del0.8,0.77
X-3078,ODZ3,55714.0,Del0.8,0.78
X-3078,OFD1,8481.0,Del0.8,0.78
X-3078,ONECUT2,9480.0,Del0.8,0.78
X-3078,OR2W3,343171.0,MutKnownFunctional,"-298?,1.000"
X-3078,OR52E8,390079.0,Del0.8,0.63
X-3078,ORAI1,84876.0,MutNovel,"PP43-,1.000"
X-3078,OSBPL8,114882.0,MutNovel,"K463N,0.406"
X-3078,P2RY10,27334.0,Del0.8,0.8
X-3078,PABPC5,140886.0,Del0.8,0.8
X-3078,PALLD,23022.0,Del0.8,0.66
X-3078,PCDH11X,27328.0,Del0.8,0.79
X-3078,PCDH11Y,83259.0,Del0.8,0.24
X-3078,PCDH19,57526.0,Del0.8,0.77
X-3078,PCDH7,5099.0,Del0.8,0.77
X-3078,PDE4DIP,9659.0,MutNovel,"P2341L,0.241"
X-3078,PDK4,5166.0,Amp5,5.86
X-3078,PDLIM3,27295.0,Del0.8,0.78
X-3078,PDP1,54704.0,MutNovel,"C50Y,0.370"
X-3078,PDSS1,23590.0,MutNovel,"G30V,0.681"
X-3078,PEG10,23089.0,Amp5,5.86
X-3078,PES1,23481.0,MutNovel,"N453K,0.304"
X-3078,PEX1,5189.0,Amp5,5.86
X-3078,PGAM4,441531.0,Del0.8,0.8
X-3078,PGK1,5230.0,Del0.8,0.8
X-3078,PHLDA1,22822.0,MutNovel,"QQ194Q,1.000"
X-3078,PHRF1,57661.0,MutNovel,"TRSGT1016T,1.000"
X-3078,PI4K2B,55300.0,Del0.8,0.8
X-3078,PIGA,5277.0,Del0.8,0.78
X-3078,PIK3CA,5290.0,MutKnownFunctional,"H1047R,0.848"
X-3078,PIR,8544.0,Del0.8,0.78
X-3078,PIR-FIGF,100532742.0,Del0.8,0.78
X-3078,PITHD1,57095.0,MutNovel,"N188S,0.250"
X-3078,PKM,,MutNovel,"E374D,0.368"
X-3078,PKP2,5318.0,MutNovel,"R212C,1.000"
X-3078,PLD1,5337.0,MutNovel,"A574V,0.390"
X-3078,PLP1,5354.0,Del0.8,0.77
X-3078,PLXNA2,5362.0,MutNovel,"N76K,0.500"
X-3078,PLXND1,23129.0,MutNovel,"C733S,0.263"
X-3078,PMAIP1,5366.0,Del0.8,0.78
X-3078,PMS2,5395.0,MutNovel,"V734I,0.229"
X-3078,PNN,5411.0,MutNovel,"D680H,0.727"
X-3078,PODXL2,50512.0,MutNovel,"P145S,0.462"
X-3078,POF1B,79983.0,Del0.8,0.8
X-3078,POLI,11201.0,Del0.8,0.78
X-3078,POM121C,100101267.0,MutNovel,"T882A,1.000"
X-3078,PON1,5444.0,Amp5,5.86
X-3078,PON2,5445.0,Amp5,5.86
X-3078,PON3,5446.0,Amp5,5.86
X-3078,POTEJ,,MutNovel,"A777V,0.800"
X-3078,POU3F4,5456.0,Del0.8,0.8
X-3078,PPAP2B,8613.0,MutNovel,"Q231P,0.318"
X-3078,PPARGC1A,10891.0,Del0.8,0.8
X-3078,PPEF1,5475.0,Del0.8,0.79
X-3078,PPID,5481.0,Del0.8,0.75
X-3078,PPM1D,8493.0,MutNovel,"C104W,0.596"
X-3078,PPP1R9A,55607.0,Amp5,5.86
X-3078,PRKCSH,5589.0,MutNovel,"Y82S,0.490"
X-3078,PRKY,5616.0,Del0.8,0.24
X-3078,PRPF4B,8899.0,Del0.8,0.8
X-3078,PRPS1,5631.0,Del0.8,0.77
X-3078,PRPS2,5634.0,Del0.8,0.78
X-3078,PRPSAP2,5636.0,MutNovel,"P307L,0.436"
X-3078,PRY,9081.0,Del0.8,0.24
X-3078,PRY,9081.0,Del0.8,0.24
X-3078,PRY2,442862.0,Del0.8,0.24
X-3078,PRY2,442862.0,Del0.8,0.24
X-3078,PSMA7,5688.0,MutNovel,"T77I,0.305"
X-3078,PSMD10,5716.0,Del0.8,0.77
X-3078,PTPLAD2,401494.0,Del0.8,0.78
X-3078,PTX3,5806.0,MutNovel,"T159M,0.500"
X-3078,PUM2,23369.0,MutNovel,"T797I,0.583"
X-3078,PXDC1,221749.0,Del0.8,0.78
X-3078,QDPR,5860.0,Del0.8,0.77
X-3078,RAB23,51715.0,Amp5,6.19
X-3078,RAB27B,5874.0,Del0.8,0.78
X-3078,RAB28,9364.0,Del0.8,0.78
X-3078,RAB3C,115827.0,Del0.8,0.69
X-3078,RAB40A,142684.0,Del0.8,0.77
X-3078,RAB40AL,282808.0,Del0.8,0.77
X-3078,RAB9A,9367.0,Del0.8,0.78
X-3078,RAB9B,51209.0,Del0.8,0.77
X-3078,RABL6,,MutNovel,"R178Q,0.996"
X-3078,RAI2,10742.0,Del0.8,0.79
X-3078,RAPGEF2,9693.0,Del0.8,0.75
X-3078,RAX,30062.0,Del0.8,0.78
X-3078,RBBP7,5931.0,Del0.8,0.79
X-3078,RBM41,55285.0,Del0.8,0.77
X-3078,RBM48,84060.0,Amp5,5.86
X-3078,RBMY1A3P,286557.0,Del0.8,0.24
X-3078,RBMY1B,378948.0,Del0.8,0.24
X-3078,RBMY1B,378948.0,Del0.8,0.24
X-3078,RBMY1E,378950.0,Del0.8,0.24
X-3078,RBMY1E,378950.0,Del0.8,0.24
X-3078,RBMY1F,159163.0,Del0.8,0.24
X-3078,RBMY1F,159163.0,Del0.8,0.24
X-3078,RBMY1J,378951.0,Del0.8,0.24
X-3078,RBMY1J,378951.0,Del0.8,0.24
X-3078,RBMY2EP,159125.0,Del0.8,0.24
X-3078,RBMY2FP,159162.0,Del0.8,0.24
X-3078,RBMY3AP,64593.0,Del0.8,0.24
X-3078,RBPJ,3516.0,Del0.8,0.78
X-3078,RCOR3,55758.0,MutNovel,"N19S,0.533"
X-3078,REPS2,9185.0,Del0.8,0.79
X-3078,REV3L,5980.0,MutNovel,"A263T,1.000"
X-3078,RFX1,5989.0,MutNovel,"L957M,0.578"
X-3078,RIN3,79890.0,MutNovel,"G967-,1.000"
X-3078,RIPPLY1,92129.0,Del0.8,0.77
X-3078,RNF128,79589.0,Del0.8,0.77
X-3078,RPA4,29935.0,Del0.8,0.79
X-3078,RPL14,9045.0,MutNovel,"T149TA,1.000"
X-3078,RPL36A,6173.0,Del0.8,0.77
X-3078,RPL36A-HNRNPH2,100529097.0,Del0.8,0.77
X-3078,RPS17L,,MutNovel,"M105R,0.407"
X-3078,RPS4Y1,6192.0,Del0.8,0.24
X-3078,RPS4Y2,140032.0,Del0.8,0.24
X-3078,RPS6KA6,27330.0,Del0.8,0.8
X-3078,RS1,6247.0,Del0.8,0.79
X-3078,RTN4,57142.0,MutNovel,"E617D,0.846"
X-3078,RWDD4,201965.0,Del0.8,0.78
X-3078,RXFP1,59350.0,Del0.8,0.75
X-3078,S100G,795.0,Del0.8,0.79
X-3078,SAMD9,54809.0,Amp5,5.86
X-3078,SAMD9L,219285.0,Amp5,5.86
X-3078,SAP30,8819.0,Del0.8,0.77
X-3078,SATL1,340562.0,Del0.8,0.8
X-3078,SCML1,6322.0,Del0.8,0.79
X-3078,SCML2,10389.0,Del0.8,0.79
X-3078,SCNN1B,6338.0,MutNovel,"V163A,0.416"
X-3078,SCRG1,11341.0,Del0.8,0.77
X-3078,SEC11C,90701.0,Del0.8,0.78
X-3078,SEL1L3,23231.0,Del0.8,0.78
X-3078,SEPSECS,51091.0,Del0.8,0.8
X-3078,SERINC2,347735.0,MutNovel,"-373Q,1.000"
X-3078,SERPINA7,6906.0,Del0.8,0.77
X-3078,SETD1B,23067.0,MutNovel,"EEA1052E,0.640"
X-3078,SGCE,8910.0,Amp5,5.86
X-3078,SH3BGRL,6451.0,Del0.8,0.8
X-3078,SH3RF1,57630.0,Del0.8,0.79
X-3078,SHROOM2,357.0,Del0.8,0.78
X-3078,SLAIN1,122060.0,MutNovel,"T409S,0.471"
X-3078,SLC17A5,26503.0,MutNovel,"Y261C,0.339"
X-3078,SLC25A13,10165.0,Amp5,5.86
X-3078,SLC25A4,291.0,Del0.8,0.78
X-3078,SLC28A1,9154.0,MutNovel,"L140LV,1.000"
X-3078,SLC2A4RG,56731.0,MutNovel,"E62Q,0.231"
X-3078,SLC34A2,10568.0,Del0.8,0.8
X-3078,SLC9A7,84679.0,MutNovel,"L328V,0.214"
X-3078,SLED1,643036.0,Del0.8,0.78
X-3078,SLFN11,91607.0,MutNovel,"D642V,0.211"
X-3078,SLIT2-IT1,100505893.0,Del0.8,0.77
X-3078,SMARCE1,6605.0,MutNovel,"T220K,0.296"
X-3078,SMG7,9887.0,MutNovel,"Y356YN,0.250"
X-3078,SMG8,55181.0,MutNovel,"P437T,1.000"
X-3078,SNORA37,677819.0,Del0.8,0.78
X-3078,SNRPE,6635.0,MutNovel,"G45S,0.762"
X-3078,SNX25,83891.0,Del0.8,0.78
X-3078,SOD3,6649.0,Del0.8,0.8
X-3078,SOLH,6650.0,MutNovel,"G761V,0.426"
X-3078,SORBS2,8470.0,Del0.8,0.78
X-3078,SORL1,6653.0,Del0.8,0.79
X-3078,SPAG11A,653423.0,Del0.8,0.63
X-3078,SPAG11B,10407.0,Del0.8,0.63
X-3078,SPAG11B,10407.0,Del0.8,0.63
X-3078,SPATA4,132851.0,Del0.8,0.77
X-3078,SPCS3,60559.0,Del0.8,0.77
X-3078,SPEG,10290.0,MutNovel,"R1643H,0.700"
X-3078,SPHK1,8877.0,MutNovel,"E179K,0.992"
X-3078,SPOCK3,50859.0,Del0.8,0.78
X-3078,SPTBN2,6712.0,MutNovel,"R832Q,0.757"
X-3078,SRPX2,27286.0,Del0.8,0.77
X-3078,SRY,6736.0,Del0.8,0.24
X-3078,ST6GALNAC5,81849.0,MutNovel,"-43QQ,0.441"
X-3078,ST8SIA3,51046.0,Del0.8,0.78
X-3078,STARD6,147323.0,Del0.8,0.78
X-3078,STIM2,57620.0,Del0.8,0.78
X-3078,STIP1,10963.0,MutNovel,"N264S,0.237"
X-3078,STK35,140901.0,MutNovel,"A105T,1.000"
X-3078,STOX2,56977.0,Del0.8,0.78
X-3078,SUMF2,25870.0,MutNovel,"E157K,0.995"
X-3078,SVOPL,136306.0,MutNovel,"H154Y,0.825"
X-3078,SYAP1,94056.0,Del0.8,0.79
X-3078,SYTL4,94121.0,Del0.8,0.77
X-3078,TAF7L,54457.0,Del0.8,0.77
X-3078,TAF9B,51616.0,Del0.8,0.8
X-3078,TBC1D19,55296.0,Del0.8,0.78
X-3078,TBC1D8B,54885.0,Del0.8,0.77
X-3078,TBL1X,6907.0,Del0.8,0.78
X-3078,TBL1Y,90665.0,Del0.8,0.24
X-3078,TBP,6908.0,MutNovel,"-64Q,1.000"
X-3078,TBX22,50945.0,Del0.8,0.8
X-3078,TBXA2R,6915.0,MutNovel,"M378V,0.442"
X-3078,TCEAL1,9338.0,Del0.8,0.77
X-3078,TCEAL2,140597.0,Del0.8,0.77
X-3078,TCEAL3,85012.0,Del0.8,0.77
X-3078,TCEAL4,79921.0,Del0.8,0.77
X-3078,TCEAL5,340543.0,Del0.8,0.77
X-3078,TCEAL6,158931.0,Del0.8,0.77
X-3078,TCEAL7,56849.0,Del0.8,0.77
X-3078,TCEAL8,90843.0,Del0.8,0.77
X-3078,TCEANC,170082.0,MutNovel,"C148S,0.267"
X-3078,TCEANC,170082.0,Del0.8,0.78
X-3078,TCF15,6939.0,MutNovel,"G157S,1.000"
X-3078,TCF4,6925.0,Del0.8,0.78
X-3078,TCHH,7062.0,MutNovel,"C1110Y,1.000"
X-3078,TCIRG1,10312.0,MutNovel,"-759GL,0.590"
X-3078,TCTN1,79600.0,MutNovel,"V9M,0.231"
X-3078,TCTN1,79600.0,MutNovel,"S7G,0.500"
X-3078,TEX13A,56157.0,Del0.8,0.77
X-3078,TEX13B,56156.0,Del0.8,0.77
X-3078,TFPI2,7980.0,Amp5,5.86
X-3078,TGIF2LX,90316.0,Del0.8,0.8
X-3078,TGIF2LY,90655.0,Del0.8,0.24
X-3078,THUMPD3,25917.0,MutKnownFunctional,"-342,1.000"
X-3078,TIMM44,10469.0,MutNovel,"F272L,0.494"
X-3078,TIMM8A,1678.0,Del0.8,0.77
X-3078,TKTL2,84076.0,Del0.8,0.78
X-3078,TLL1,7092.0,Del0.8,0.78
X-3078,TLR3,7098.0,Del0.8,0.78
X-3078,TLR7,51284.0,Del0.8,0.78
X-3078,TLR8,51311.0,Del0.8,0.78
X-3078,TLR8-AS1,349408.0,Del0.8,0.78
X-3078,TMEM144,55314.0,Del0.8,0.75
X-3078,TMEM184A,202915.0,MutNovel,"G392GA,1.000"
X-3078,TMEM192,201931.0,Del0.8,0.78
X-3078,TMEM200C,645369.0,MutNovel,"G434R,1.000"
X-3078,TMEM214,54867.0,MutNovel,"L451P,1.000"
X-3078,TMEM27,57393.0,Del0.8,0.78
X-3078,TMEM31,203562.0,Del0.8,0.77
X-3078,TMEM35,59353.0,Del0.8,0.77
X-3078,TMPO,7112.0,MutNovel,"R342W,0.676"
X-3078,TMSB15A,11013.0,Del0.8,0.77
X-3078,TMSB15B,286527.0,Del0.8,0.77
X-3078,TMSB4X,7114.0,Del0.8,0.78
X-3078,TMSB4Y,9087.0,Del0.8,0.24
X-3078,TNFAIP8L1,126282.0,MutNovel,"H145Q,0.206"
X-3078,TNFRSF21,27242.0,MutNovel,"K431N,0.888"
X-3078,TNFSF10,8743.0,Amp5,5.86
X-3078,TNMD,64102.0,Del0.8,0.77
X-3078,TOP3A,7156.0,MutNovel,"T639I,1.000"
X-3078,TP53,7157.0,MutKnownFunctional,"-197,1.000"
X-3078,TPI1,7167.0,MutNovel,"I17R,0.636"
X-3078,TRAPPC11,60684.0,Del0.8,0.78
X-3078,TRAPPC2,6399.0,Del0.8,0.78
X-3078,TRIM60,166655.0,Del0.8,0.78
X-3078,TRIM61,391712.0,Del0.8,0.78
X-3078,TRIML1,339976.0,Del0.8,0.43
X-3078,TRIML2,205860.0,Del0.8,0.31
X-3078,TRIP11,9321.0,MutNovel,"D989H,0.393"
X-3078,TRMT2B,79979.0,Del0.8,0.77
X-3078,TROAP,10024.0,MutNovel,"EHNS483A,1.000"
X-3078,TROAP,10024.0,MutNovel,"S486C,1.000"
X-3078,TSC22D3,1831.0,Del0.8,0.77
X-3078,TSPAN6,7105.0,Del0.8,0.77
X-3078,TSPY1,7258.0,Del0.8,0.24
X-3078,TSPY2,64591.0,Del0.8,0.24
X-3078,TSPY3,728137.0,Del0.8,0.24
X-3078,TSPY4,728395.0,Del0.8,0.24
X-3078,TSPY8,728403.0,Del0.8,0.24
X-3078,TSPYL1,7259.0,MutNovel,"V176VW,1.000"
X-3078,TTLL4,9654.0,MutNovel,"Y995C,0.745"
X-3078,TTTY10,246119.0,Del0.8,0.24
X-3078,TTTY11,83866.0,Del0.8,0.24
X-3078,TTTY12,83867.0,Del0.8,0.24
X-3078,TTTY13,83868.0,Del0.8,0.24
X-3078,TTTY14,83869.0,Del0.8,0.24
X-3078,TTTY15,64595.0,Del0.8,0.24
X-3078,TTTY16,252948.0,Del0.8,0.24
X-3078,TTTY17A,252949.0,Del0.8,0.24
X-3078,TTTY17A,252949.0,Del0.8,0.24
X-3078,TTTY18,252950.0,Del0.8,0.24
X-3078,TTTY19,252952.0,Del0.8,0.24
X-3078,TTTY1B,100101116.0,Del0.8,0.24
X-3078,TTTY1B,100101116.0,Del0.8,0.24
X-3078,TTTY2,60439.0,Del0.8,0.24
X-3078,TTTY2,60439.0,Del0.8,0.24
X-3078,TTTY20,252951.0,Del0.8,0.24
X-3078,TTTY21,252953.0,Del0.8,0.24
X-3078,TTTY21,252953.0,Del0.8,0.24
X-3078,TTTY22,252954.0,Del0.8,0.24
X-3078,TTTY23,252955.0,Del0.8,0.24
X-3078,TTTY23,252955.0,Del0.8,0.24
X-3078,TTTY3,114760.0,Del0.8,0.24
X-3078,TTTY3,114760.0,Del0.8,0.24
X-3078,TTTY4,114761.0,Del0.8,0.24
X-3078,TTTY4,114761.0,Del0.8,0.24
X-3078,TTTY5,83863.0,Del0.8,0.24
X-3078,TTTY6,84672.0,Del0.8,0.24
X-3078,TTTY6,84672.0,Del0.8,0.24
X-3078,TTTY7,246122.0,Del0.8,0.24
X-3078,TTTY7,246122.0,Del0.8,0.24
X-3078,TTTY7B,100101120.0,Del0.8,0.24
X-3078,TTTY7B,100101120.0,Del0.8,0.24
X-3078,TTTY8,84673.0,Del0.8,0.24
X-3078,TTTY8,84673.0,Del0.8,0.24
X-3078,TTTY9A,83864.0,Del0.8,0.24
X-3078,TTTY9A,83864.0,Del0.8,0.24
X-3078,TUBGCP2,10844.0,MutNovel,"R290S,1.000"
X-3078,TXLNG,55787.0,Del0.8,0.79
X-3078,TXLNG2P,246126.0,Del0.8,0.24
X-3078,TXNL1,9352.0,Del0.8,0.78
X-3078,UBA5,79876.0,MutNovel,"G80A,0.455"
X-3078,UBE2DNL,100131816.0,Del0.8,0.8
X-3078,UCK2,7371.0,MutNovel,"K120M,0.558"
X-3078,UFSP2,55325.0,MutNovel,"S213T,1.000"
X-3078,UFSP2,55325.0,Del0.8,0.78
X-3078,UGT2B28,54490.0,MutNovel,"K330Q,1.000"
X-3078,UGT2B28,54490.0,Del0.8,0.15
X-3078,ULK4P3,89837.0,Del0.8,0.68
X-3078,UPF1,5976.0,MutNovel,"M930I,0.456"
X-3078,URB1,9875.0,MutNovel,"L347F,0.517"
X-3078,USP13,8975.0,MutNovel,"P702L,0.752"
X-3078,USP17L2,377630.0,Del0.8,0.52
X-3078,USP40,55230.0,MutNovel,"V510F,0.740"
X-3078,USP9Y,8287.0,Del0.8,0.24
X-3078,USPL1,10208.0,MutNovel,"C397S,0.362"
X-3078,UTP14A,10813.0,MutNovel,"AE415A,0.508"
X-3078,UTRN,7402.0,MutNovel,"Q2538H,0.681"
X-3078,UTY,7404.0,Del0.8,0.24
X-3078,VCX3B,425054.0,Del0.8,0.78
X-3078,VCY,9084.0,Del0.8,0.24
X-3078,VCY,9084.0,Del0.8,0.24
X-3078,VEGFC,7424.0,Del0.8,0.77
X-3078,VN1R2,317701.0,Del0.8,0.63
X-3078,VSIG1,340547.0,Del0.8,0.77
X-3078,VSTM2L,128434.0,MutNovel,"A16T,0.438"
X-3078,VWDE,221806.0,MutNovel,"T1290I,1.000"
X-3078,WASH1,100287171.0,MutKnownFunctional,"-275,0.486"
X-3078,WBP5,51186.0,Del0.8,0.77
X-3078,WDR17,116966.0,Del0.8,0.77
X-3078,WDR7,23335.0,Del0.8,0.78
X-3078,WDR90,197335.0,MutNovel,"S1206R,0.451"
X-3078,WWC2,80014.0,Del0.8,0.78
X-3078,WWC3,55841.0,Del0.8,0.78
X-3078,XAB2,56949.0,MutNovel,"S660L,0.508"
X-3078,XKRX,402415.0,Del0.8,0.77
X-3078,XKRY2,353515.0,Del0.8,0.24
X-3078,XKRY2,353515.0,Del0.8,0.24
X-3078,XRN1,54464.0,MutNovel,"I1365T,0.474"
X-3078,ZC3H12D,340152.0,MutNovel,"T370A,0.875"
X-3078,ZCCHC18,644353.0,Del0.8,0.77
X-3078,ZCCHC4,29063.0,Del0.8,0.8
X-3078,ZCCHC5,203430.0,Del0.8,0.8
X-3078,ZCCHC6,79670.0,MutNovel,"K752E,0.347"
X-3078,ZDBF2,57683.0,MutKnownFunctional,"C339*,0.500"
X-3078,ZDHHC11,79844.0,MutNovel,"A303D,1.000"
X-3078,ZFHX4,79776.0,MutNovel,"A2760T,0.579"
X-3078,ZFP42,132625.0,Del0.8,0.21
X-3078,ZFY,7544.0,Del0.8,0.24
X-3078,ZMAT1,84460.0,Del0.8,0.77
X-3078,ZNF292,23036.0,MutNovel,"C2258Y,0.582"
X-3078,ZNF335,63925.0,MutNovel,"G810D,0.338"
X-3078,ZNF451,26036.0,Amp5,6.19
X-3078,ZNF469,84627.0,MutNovel,"A3571S,1.000"
X-3078,ZNF497,162968.0,MutNovel,"P413L,1.000"
X-3078,ZNF518B,85460.0,Del0.8,0.78
X-3078,ZNF529,57711.0,MutNovel,"S108G,0.682"
X-3078,ZNF532,55205.0,Del0.8,0.78
X-3078,ZNF568,374900.0,MutNovel,"V506I,0.800"
X-3078,ZNF677,342926.0,Del0.8,0.75
X-3078,ZNF705D,728957.0,Del0.8,0.52
X-3078,ZNF711,7552.0,Del0.8,0.8
X-3078,ZNF772,400720.0,MutNovel,"A4GP,1.000"
X-3078,ZNRF2,223082.0,MutNovel,"V87M,0.389"
X-3078,ZP3,7784.0,MutNovel,"S315P,1.000"
X-3078,ZRSR2,8233.0,Del0.8,0.75
X-3147,ABI1,10006.0,Amp5,5.31
X-3147,ACAA2,10449.0,Amp8,20.68
X-3147,ACAD10,80724.0,MutNovel,"Y194H,1.000"
X-3147,ACADM,34.0,Amp8,13.36
X-3147,ACBD5,91452.0,Amp5,5.31
X-3147,ACBD7,414149.0,Amp5,5.39
X-3147,ACOT11,26027.0,Amp5,7.06
X-3147,ACP6,51205.0,Amp5,6.82
X-3147,ACRBP,84519.0,Amp5,5.82
X-3147,ACSM4,341392.0,Amp5,5.82
X-3147,ACTR3B,57180.0,MutNovel,"R250W,0.311"
X-3147,ACTR3BP5,399746.0,Amp8,11.31
X-3147,ADAM30,11085.0,Amp8,11.71
X-3147,ADAMTS4,9507.0,Amp5,5.43
X-3147,ADAMTS7,11173.0,MutNovel,"R929Q,0.789"
X-3147,ADAMTSL4,54507.0,Amp8,9.25
X-3147,ADARB2,105.0,Amp8,10.41
X-3147,ADARB2-AS1,642394.0,Amp8,12.21
X-3147,ADCK2,90956.0,Amp5,5.06
X-3147,AGAP5,729092.0,MutKnownFunctional,"-242,0.917"
X-3147,AGAP7,653268.0,MutNovel,"D97E,0.857"
X-3147,AGBL4,84871.0,Amp5,5.58
X-3147,AGPS,8540.0,MutNovel,"L45V,0.543"
X-3147,AHNAK2,113146.0,MutNovel,"A1650D,1.000"
X-3147,AIM2,9447.0,MutKnownFunctional,"-343?,0.261"
X-3147,AIM2,9447.0,Amp8,11
X-3147,AK4,205.0,Amp8,8.46
X-3147,AK5,26289.0,Amp8,9.45
X-3147,AKAP14,158798.0,Amp5,7.46
X-3147,AKR1C1,1645.0,Amp8,18
X-3147,AKR1C2,1646.0,Amp8,18
X-3147,AKR1C3,8644.0,Amp8,18
X-3147,AKR1C4,1109.0,Amp8,10.63
X-3147,AKR1CL1,340811.0,Amp8,18
X-3147,AKR1E2,83592.0,Amp8,18
X-3147,ALDH9A1,223.0,Amp5,7.78
X-3147,ALG6,29929.0,Amp8,8.22
X-3147,ALKBH6,84964.0,Amp5,7.26
X-3147,AMELY,266.0,Del0.8,0.23
X-3147,AMH,268.0,MutNovel,"P317R,1.000"
X-3147,ANGPTL3,27329.0,Amp8,13.55
X-3147,ANKH,56172.0,Amp5,5.03
X-3147,ANKRD16,54522.0,Amp5,6.28
X-3147,ANKRD26,22852.0,Amp5,5.31
X-3147,ANKRD27,84079.0,Amp5,6.23
X-3147,ANKRD30A,91074.0,Amp8,11.31
X-3147,ANKRD33B,651746.0,MutNovel,"A398V,0.545"
X-3147,ANKRD52,283373.0,MutNovel,"G317S,1.000"
X-3147,ANP32E,81611.0,Amp8,9.25
X-3147,ANXA9,8416.0,Amp8,10.41
X-3147,APBB1IP,54518.0,Amp5,5.31
X-3147,APCS,325.0,Amp8,13.45
X-3147,APH1A,51107.0,Amp8,9.25
X-3147,APLP1,333.0,Amp5,7.26
X-3147,APOA2,336.0,Amp5,5.43
X-3147,APOBEC1,339.0,Amp5,5.82
X-3147,AQP4,361.0,Amp8,11.39
X-3147,ARHGAP12,94134.0,Amp5,5.31
X-3147,ARHGAP21,57584.0,Amp5,6.63
X-3147,ARHGAP30,257106.0,Amp5,5.43
X-3147,ARHGAP33,115703.0,Amp5,7.26
X-3147,ARHGDIB,397.0,Amp5,5.24
X-3147,ARHGEF5,7984.0,MutNovel,"G357R,0.625"
X-3147,ARL5B,221079.0,Amp5,5.39
X-3147,ARMC3,219681.0,Amp5,5.58
X-3147,ARMC4,55130.0,Amp5,5.31
X-3147,ARNT,405.0,Amp8,10.41
X-3147,ARNTL2,56938.0,MutNovel,"I255V,0.695"
X-3147,ARTN,9048.0,Amp8,8.94
X-3147,ASB13,79754.0,Amp5,6.28
X-3147,ASB17,127247.0,Amp8,13.36
X-3147,ASMTL,8623.0,MutNovel,"H741R,0.750"
X-3147,ATE1,11101.0,Amp8,15.45
X-3147,ATG4C,84938.0,Amp8,13.55
X-3147,ATN1,1822.0,Amp5,5.82
X-3147,ATP1A2,477.0,Amp5,6.54
X-3147,ATP1A4,480.0,Amp5,6.54
X-3147,ATP4A,495.0,Amp5,7.26
X-3147,ATP5A1,498.0,Amp8,16.11
X-3147,ATP5C1,509.0,Amp5,5.39
X-3147,ATP5I,521.0,MutNovel,"AEEKK45E,0.202"
X-3147,ATP6AP1,537.0,MutNovel,"L32LAA,0.386"
X-3147,ATP6V0B,533.0,Amp8,8.94
X-3147,ATPAF1,64756.0,Amp5,7.89
X-3147,ATPAF1-AS1,374973.0,Amp5,7.89
X-3147,B3GNT5,84002.0,MutNovel,"R118Q,0.462"
X-3147,B4GALNT3,283358.0,Amp5,5.5
X-3147,B4GALNT4,338707.0,MutNovel,"R539G,0.396"
X-3147,B4GALT2,8704.0,Amp8,8.94
X-3147,B4GALT3,8703.0,Amp5,5.43
X-3147,BAI2,576.0,Amp5,6.5
X-3147,BAMBI,25805.0,Amp5,5.31
X-3147,BANF2,140836.0,Amp5,7.06
X-3147,BCL9,607.0,Amp5,6.82
X-3147,BCORP1,286554.0,Del0.8,0.22
X-3147,BEND5,79656.0,Amp5,6.45
X-3147,BEND7,222389.0,Amp5,5.39
X-3147,BEST4,266675.0,Amp8,8.94
X-3147,BFSP1,631.0,Amp5,7.94
X-3147,BMI1,648.0,Amp5,5.58
X-3147,BNIPL,149428.0,Amp8,10.41
X-3147,BOLA1,51027.0,Amp8,9.25
X-3147,BOP1,23246.0,MutNovel,"K339R,0.667"
X-3147,BPY2B,442867.0,Del0.8,0.08
X-3147,BPY2B,442867.0,Del0.8,0.13
X-3147,BRAF,673.0,Amp5,5.06
X-3147,BRI3,25798.0,MutNovel,"I72V,0.476"
X-3147,BSND,7809.0,Amp8,11.47
X-3147,BTBD19,149478.0,Amp8,8.94
X-3147,BTF3L4,91408.0,Amp8,10.56
X-3147,BTNL3,10917.0,Del0.8,0.75
X-3147,C10orf108,414235.0,Amp8,15.89
X-3147,C10orf111,221060.0,Amp5,5.39
X-3147,C10orf113,387638.0,Amp5,5.58
X-3147,C10orf114,399726.0,Amp5,5.58
X-3147,C10orf47,254427.0,Amp5,5.39
X-3147,C10orf67,256815.0,Amp5,5.58
X-3147,C10orf68,79741.0,Amp5,5.31
X-3147,C12orf53,196500.0,Amp5,5.82
X-3147,C12orf57,113246.0,Amp5,5.82
X-3147,C14orf169,79697.0,MutNovel,"LRRR164-,0.789"
X-3147,C15orf52,388115.0,MutNovel,"G336V,0.534"
X-3147,C17orf97,400566.0,MutNovel,"D348N,0.250"
X-3147,C18orf25,147339.0,Amp8,16.11
X-3147,C18orf32,497661.0,Amp8,20.68
X-3147,C19orf40,91442.0,Amp5,6.23
X-3147,C19orf55,148137.0,Amp5,7.26
X-3147,C1QL3,389941.0,Amp5,5.39
X-3147,C1R,715.0,Amp5,5.82
X-3147,C1RL,51279.0,Amp5,5.82
X-3147,C1S,716.0,Amp5,5.82
X-3147,C1orf123,54987.0,Amp8,8.75
X-3147,C1orf173,127254.0,Amp8,11.55
X-3147,C1orf177,163747.0,Amp5,6.77
X-3147,C1orf185,284546.0,Amp8,8.17
X-3147,C1orf192,257177.0,Amp5,5.43
X-3147,C1orf204,284677.0,Amp5,6.54
X-3147,C1orf210,149466.0,Amp8,8.94
X-3147,C1orf228,339541.0,Amp8,8.94
X-3147,C1orf50,79078.0,Amp8,8.94
X-3147,C1orf51,148523.0,Amp8,9.25
X-3147,C1orf54,79630.0,Amp8,9.25
X-3147,C1orf56,54964.0,Amp8,10.41
X-3147,C1orf68,100129271.0,Amp8,9.58
X-3147,C20orf26,26074.0,Amp5,7.06
X-3147,C20orf72,92667.0,Amp5,7.06
X-3147,C20orf79,140856.0,Amp5,7.06
X-3147,C22orf13,83606.0,MutNovel,"D182H,0.479"
X-3147,C2CD4D,100191040.0,Amp8,10.41
X-3147,C3AR1,719.0,Amp5,5.82
X-3147,C5orf42,65250.0,MutNovel,"R2877G,0.581"
X-3147,C8A,731.0,Amp5,5.98
X-3147,C8B,732.0,Amp5,5.28
X-3147,CA14,23632.0,Amp8,9.25
X-3147,CA5B,11238.0,MutNovel,"L83R,0.756"
X-3147,CACNB2,783.0,Amp5,5.39
X-3147,CADM3,57863.0,Amp8,13.45
X-3147,CALML3,810.0,Amp5,6.28
X-3147,CALML5,51806.0,Amp5,6.28
X-3147,CAMK1D,57118.0,Amp5,5.39
X-3147,CAP1,10487.0,Amp5,6.06
X-3147,CAPNS1,826.0,Amp5,7.26
X-3147,CASQ1,844.0,Amp5,6.54
X-3147,CBWD5,220869.0,MutNovel,"P183T,0.353"
X-3147,CC2D1B,200014.0,Amp8,10.56
X-3147,CC2D2A,57545.0,MutNovel,"G111R,1.000"
X-3147,CCDC142,84865.0,MutNovel,"V549L,0.351"
X-3147,CCDC19,25790.0,Amp5,6.54
X-3147,CCDC23,374969.0,Amp8,8.94
X-3147,CCDC24,149473.0,Amp8,8.94
X-3147,CCDC3,83643.0,Amp5,5.39
X-3147,CCDC30,728621.0,Amp8,8.94
X-3147,CCDC61,729440.0,MutNovel,"R314S,1.000"
X-3147,CCDC66,285331.0,MutNovel,"S606SP,0.962"
X-3147,CCDC7,221016.0,Amp5,5.31
X-3147,CCDC77,84318.0,Amp5,5.5
X-3147,CCND3,896.0,MutNovel,"G8D,0.566"
X-3147,CCNE1,898.0,Amp8,10.2
X-3147,CCNE2,9134.0,MutNovel,"Q51H,0.282"
X-3147,CCNY,219771.0,Amp8,8.11
X-3147,CD163,9332.0,Amp5,5.82
X-3147,CD163L1,283316.0,Amp5,5.82
X-3147,CD2,914.0,Amp5,7.89
X-3147,CD22,933.0,Amp5,7.26
X-3147,CD244,51744.0,Amp5,5.54
X-3147,CD27,939.0,Amp5,5.82
X-3147,CD4,920.0,Amp5,5.82
X-3147,CD58,965.0,Amp5,7.89
X-3147,CD9,928.0,Amp5,5.82
X-3147,CDC123,8872.0,Amp5,5.39
X-3147,CDC20,991.0,Amp8,8.94
X-3147,CDC42SE1,56882.0,Amp8,10.41
X-3147,CDCA3,83461.0,Amp5,5.82
X-3147,CDCP2,200008.0,Amp8,8.75
X-3147,CDH2,1000.0,Amp8,17.15
X-3147,CDKN2C,1031.0,Amp8,8.17
X-3147,CDNF,441549.0,Amp5,5.39
X-3147,CDT1,81620.0,MutNovel,"T44P,0.510"
X-3147,CDY1B,253175.0,Del0.8,0.13
X-3147,CDY1B,253175.0,Del0.8,0.22
X-3147,CDY2A,9426.0,Del0.8,0.22
X-3147,CDY2A,9426.0,Del0.8,0.22
X-3147,CDY2B,203611.0,Del0.8,0.22
X-3147,CDY2B,203611.0,Del0.8,0.22
X-3147,CEBPA,1050.0,MutNovel,"-197TR,0.392"
X-3147,CEBPA,1050.0,Amp5,6.23
X-3147,CEBPG,1054.0,Amp5,6.23
X-3147,CELF2,10659.0,Amp5,5.39
X-3147,CELF3,11189.0,Amp8,10.41
X-3147,CEP85L,387119.0,MutNovel,"L374V,0.600"
X-3147,CEP89,84902.0,Amp5,6.23
X-3147,CERS2,29956.0,Amp8,10.41
X-3147,CGN,57530.0,Amp8,10.41
X-3147,CHD1L,9557.0,Amp8,8.34
X-3147,CHD4,1108.0,Amp5,5.82
X-3147,CHST8,64377.0,Amp5,6.23
X-3147,CLCN2,1181.0,MutNovel,"M108L,0.310"
X-3147,CLDN19,149461.0,Amp8,8.94
X-3147,CLEC4C,170482.0,Amp5,5.82
X-3147,CLIP3,25999.0,Amp5,7.26
X-3147,CLK3,1198.0,MutNovel,"A91T,1.000"
X-3147,CLSTN3,9746.0,Amp5,5.82
X-3147,CMPK1,51727.0,Amp5,6.45
X-3147,CNTNAP3B,728577.0,MutNovel,"V8I,0.600"
X-3147,COL16A1,1307.0,Amp5,6.5
X-3147,COMMD3,23412.0,Amp5,5.58
X-3147,COMMD3-BMI1,100532731.0,Amp5,5.58
X-3147,COPA,1314.0,Amp5,5.94
X-3147,COPE,11316.0,MutNovel,"R166W,0.997"
X-3147,COPS7A,50813.0,Amp5,5.82
X-3147,COX6B1,1340.0,Amp5,7.26
X-3147,COX7A1,1346.0,Amp5,7.26
X-3147,CPT2,1376.0,Amp8,8.75
X-3147,CRCT1,54544.0,Amp5,5.66
X-3147,CREB3L4,148327.0,Amp5,6.32
X-3147,CRIPAK,285464.0,MutNovel,"H296A,0.333"
X-3147,CRIPAK,285464.0,MutNovel,"E298G,0.722"
X-3147,CRNKL1,51340.0,Amp5,7.06
X-3147,CRNN,49860.0,Amp5,5.66
X-3147,CRP,1401.0,Amp5,6.54
X-3147,CRTC2,200186.0,Amp5,6.32
X-3147,CRYBG3,,MutNovel,"I269T,0.556"
X-3147,CRYZ,1429.0,Amp8,13.36
X-3147,CSPG4,1464.0,MutNovel,"M2222I,0.477"
X-3147,CSPG4,1464.0,MutNovel,"P407L,0.583"
X-3147,CSPG4P1Y,114758.0,Del0.8,0.31
X-3147,CSPG4P1Y,114758.0,Del0.8,0.22
X-3147,CSRP2BP,57325.0,Amp5,7.06
X-3147,CTIF,9811.0,Amp8,20.68
X-3147,CTSA,5476.0,MutNovel,"L29-,0.862"
X-3147,CTSK,1513.0,Amp8,10.41
X-3147,CTSS,1520.0,Amp8,12.73
X-3147,CUBN,8029.0,Amp5,5.39
X-3147,CUX1,1523.0,MutNovel,"G563D,0.600"
X-3147,CYB5RL,606495.0,Amp8,8.75
X-3147,CYP4A11,1579.0,Amp5,6.45
X-3147,CYP4A22,284541.0,Amp5,6.45
X-3147,CYP4B1,1580.0,Amp5,6.45
X-3147,CYP4X1,260293.0,Amp5,6.45
X-3147,CYP4Z1,199974.0,MutNovel,"E158K,0.357"
X-3147,CYP4Z1,199974.0,MutNovel,"T365D,0.312"
X-3147,CYP4Z1,199974.0,MutNovel,"D420N,0.462"
X-3147,CYP4Z1,199974.0,MutNovel,"N433S,0.286"
X-3147,CYP4Z1,199974.0,MutNovel,"I437M,0.286"
X-3147,CYP4Z1,199974.0,Amp5,6.45
X-3147,CYP4Z2P,163720.0,Amp5,6.45
X-3147,DARC,2532.0,Amp8,13.45
X-3147,DAZ1,1617.0,Del0.8,0.22
X-3147,DAZ2,57055.0,Del0.8,0.15
X-3147,DAZ3,57054.0,Del0.8,0.13
X-3147,DAZ3,57054.0,Del0.8,0.08
X-3147,DAZ4,57135.0,Del0.8,0.11
X-3147,DAZ4,57135.0,Del0.8,0.16
X-3147,DCAF8,50717.0,Amp5,6.54
X-3147,DCLRE1C,64421.0,Amp5,5.39
X-3147,DCUN1D4,23142.0,MutNovel,"G226E,1.000"
X-3147,DDX3X,1654.0,Amp5,5.03
X-3147,DDX3Y,8653.0,Del0.8,0.22
X-3147,DEDD,9191.0,Amp5,5.43
X-3147,DENND2A,27147.0,Amp5,5.06
X-3147,DENND4B,9909.0,Amp5,6.32
X-3147,DEPDC1,55635.0,Amp5,5.1
X-3147,DERA,51071.0,Amp5,5.24
X-3147,DHCR24,1718.0,Amp8,11.47
X-3147,DHRS4L1,728635.0,MutNovel,"P205Q,0.737"
X-3147,DHRSX,207063.0,MutNovel,"R577H,0.781"
X-3147,DHTKD1,55526.0,Amp5,5.39
X-3147,DIO1,1733.0,Amp8,8.75
X-3147,DIP2C,22982.0,Amp8,17.03
X-3147,DIRAS3,9077.0,Amp5,5.1
X-3147,DKFZp566F0947,94023.0,Amp5,6.87
X-3147,DLEU2L,79469.0,Amp8,8.22
X-3147,DMAP1,55929.0,Amp8,8.94
X-3147,DMBX1,127343.0,Amp5,7.89
X-3147,DMKN,93099.0,Amp5,7.26
X-3147,DMRTA2,63950.0,Amp5,6.32
X-3147,DMRTB1,63948.0,Amp8,8.75
X-3147,DNAH5,1767.0,Amp5,5.03
X-3147,DNAJB4,11080.0,Amp5,6.68
X-3147,DNAJC1,64215.0,Amp5,5.58
X-3147,DNAJC6,9829.0,Amp8,8.46
X-3147,DOCK7,85440.0,Amp8,15.35
X-3147,DOPEY1,23033.0,MutNovel,"D1469N,0.718"
X-3147,DPH2,1802.0,Amp8,8.94
X-3147,DPPA3,359787.0,Amp5,5.82
X-3147,DPY19L3,147991.0,Amp5,6.23
X-3147,DSTN,11034.0,Amp5,7.06
X-3147,DSTNP2,171220.0,Amp5,5.82
X-3147,DTD1,92675.0,Amp5,7.06
X-3147,DUSP23,54935.0,Amp5,6.54
X-3147,DYM,54808.0,Amp8,20.68
X-3147,DZANK1,55184.0,Amp5,7.06
X-3147,DZANK1-AS1,440757.0,Amp5,7.06
X-3147,EBLN1,340900.0,Amp5,5.58
X-3147,EBNA1BP2,10969.0,Amp8,8.94
X-3147,ECHDC2,55268.0,Amp5,5.86
X-3147,ECHDC3,79746.0,Amp5,5.39
X-3147,ECM1,1893.0,Amp8,9.25
X-3147,EFCAB7,84455.0,Amp8,8.22
X-3147,EIF1AY,9086.0,Del0.8,0.22
X-3147,EIF2B3,8891.0,Amp8,8.94
X-3147,ELAVL4,1996.0,Amp8,10.78
X-3147,ELOVL1,64834.0,Amp8,8.94
X-3147,ELTD1,64123.0,Amp8,8.46
X-3147,EMBP1,647121.0,Amp8,11.71
X-3147,EMG1,10436.0,Amp5,5.82
X-3147,ENKUR,219670.0,Amp5,6.63
X-3147,ENO2,2026.0,Amp5,5.82
X-3147,ENSA,2029.0,Amp8,12.73
X-3147,EPB41L3,23136.0,Amp5,7.11
X-3147,EPC1,80314.0,Amp5,5.31
X-3147,EPG5,57724.0,Amp8,16.11
X-3147,EPS15,2060.0,Amp8,8.88
X-3147,EPS8,2059.0,Amp5,5.24
X-3147,ERAL1,26284.0,MutNovel,"K434R,0.386"
X-3147,ERI3,79033.0,Amp8,8.94
X-3147,ERMAP,114625.0,Amp8,8.94
X-3147,ERP27,121506.0,Amp5,5.24
X-3147,ERVV-1,147664.0,MutNovel,"P279A,1.000"
X-3147,ETV2,2116.0,Amp5,7.26
X-3147,EVPL,2125.0,MutKnownFunctional,"R725*,0.266"
X-3147,FABP3,2170.0,Amp5,6.5
X-3147,FAF1,11124.0,Amp5,7.16
X-3147,FAM105A,54491.0,Amp5,5.03
X-3147,FAM105B,90268.0,Amp5,5.03
X-3147,FAM107B,83641.0,Amp5,5.39
X-3147,FAM120A,23196.0,MutNovel,"L772V,0.480"
X-3147,FAM134B,54463.0,MutNovel,"E8K,0.765"
X-3147,FAM134B,54463.0,Amp5,5.03
X-3147,FAM151A,338094.0,Amp5,7.06
X-3147,FAM157A,728262.0,MutNovel,"T311A,0.333"
X-3147,FAM159A,348378.0,Amp5,5.86
X-3147,FAM171A1,221061.0,Amp5,5.39
X-3147,FAM171B,165215.0,MutNovel,"-44QQQ,0.450"
X-3147,FAM183A,440585.0,Amp8,8.94
X-3147,FAM187B,148109.0,Amp5,7.26
X-3147,FAM188A,80013.0,Amp5,5.39
X-3147,FAM197Y2P,252946.0,Del0.8,0.23
X-3147,FAM208B,54906.0,Amp5,6.28
X-3147,FAM22A,728118.0,MutNovel,"L563Q,0.875"
X-3147,FAM41AY1,340618.0,Del0.8,0.22
X-3147,FAM41AY1,340618.0,Del0.8,0.22
X-3147,FAM46C,54855.0,Amp5,5.17
X-3147,FAM63A,55793.0,Amp8,10.41
X-3147,FAM72B,653820.0,Amp8,11.71
X-3147,FAM72D,728833.0,Amp5,6.28
X-3147,FAM73A,374986.0,Amp5,6.68
X-3147,FAM78B,149297.0,Amp8,10.13
X-3147,FAM83D,81610.0,MutNovel,"A110-,0.417"
X-3147,FAM86B1,85002.0,MutNovel,"V246M,1.000"
X-3147,FAM86B2,653333.0,MutNovel,"V280M,0.375"
X-3147,FAM91A1,157769.0,MutNovel,"N398S,0.454"
X-3147,FBXL14,144699.0,Amp5,6.02
X-3147,FBXL7,23194.0,Amp5,5.03
X-3147,FBXO11,80204.0,MutNovel,"Q26P,0.325"
X-3147,FBXO18,84893.0,Amp5,6.28
X-3147,FCER1A,2205.0,Amp8,13.45
X-3147,FCER1G,2207.0,Amp5,5.43
X-3147,FCGR1A,2209.0,Amp8,9.25
X-3147,FCGR1B,2210.0,Amp8,11.71
X-3147,FCGR1C,100132417.0,Amp5,6.45
X-3147,FCGR2A,2212.0,Amp5,5.43
X-3147,FCGR2B,2213.0,Amp5,5.43
X-3147,FCGR2C,9103.0,Amp5,5.43
X-3147,FCGR3A,2214.0,Amp5,5.43
X-3147,FCGR3B,2215.0,Amp5,5.43
X-3147,FCRL1,115350.0,Amp5,7.21
X-3147,FCRL2,79368.0,Amp5,7.21
X-3147,FCRL3,115352.0,Amp5,7.21
X-3147,FCRL4,83417.0,Amp5,7.21
X-3147,FCRL5,83416.0,Amp5,7.21
X-3147,FCRL6,343413.0,Amp5,6.54
X-3147,FFAR1,2864.0,Amp5,7.26
X-3147,FFAR2,2867.0,Amp5,7.26
X-3147,FFAR3,2865.0,Amp5,7.26
X-3147,FGD4,121512.0,MutNovel,"P571H,0.275"
X-3147,FGFR2,2263.0,Amp8,13
X-3147,FLG,2312.0,Amp5,5.66
X-3147,FLG2,388698.0,Amp5,5.66
X-3147,FLJ39739,388685.0,Amp5,6.54
X-3147,FLJ45983,399717.0,Amp5,5.39
X-3147,FMO5,2330.0,Amp8,10.2
X-3147,FOXD2,2306.0,Amp5,6.45
X-3147,FOXD3,27022.0,Amp8,11.16
X-3147,FOXE3,2301.0,Amp5,6.45
X-3147,FOXJ2,55810.0,Amp5,5.82
X-3147,FOXO3,2309.0,MutNovel,"IGG79I,0.360"
X-3147,FPGT,8790.0,Amp8,22.78
X-3147,FPGT-TNNI3K,100526835.0,Amp8,17.39
X-3147,FRMD4A,55691.0,Amp5,5.39
X-3147,FUBP1,8880.0,Amp5,6.68
X-3147,FXYD1,5348.0,Amp5,7.26
X-3147,FXYD3,5349.0,Amp5,7.26
X-3147,FXYD5,53827.0,Amp5,7.26
X-3147,FXYD7,53822.0,Amp5,7.26
X-3147,FZD8,8325.0,Amp8,18.9
X-3147,GABPB2,126626.0,Amp8,10.41
X-3147,GAD2,2572.0,Amp5,5.31
X-3147,GADD45A,1647.0,Amp5,5.1
X-3147,GAPDH,2597.0,Amp5,5.82
X-3147,GAPDHS,26330.0,Amp5,7.26
X-3147,GARNL3,84253.0,MutNovel,"V859M,0.833"
X-3147,GATA3,2625.0,Amp5,5.39
X-3147,GATAD2B,57459.0,Amp5,6.32
X-3147,GDAP2,54834.0,Amp5,5.17
X-3147,GDF3,9573.0,Amp5,5.82
X-3147,GDI2,2665.0,Amp5,6.28
X-3147,GIGYF2,26058.0,MutNovel,"PQ1231P,0.755"
X-3147,GIPC2,54810.0,Amp5,6.68
X-3147,GJA5,2702.0,Amp5,6.82
X-3147,GJA8,2703.0,Amp5,6.82
X-3147,GJD4,219770.0,Amp8,13.74
X-3147,GLE1,2733.0,MutNovel,"G541R,0.293"
X-3147,GLIS1,148979.0,Amp8,8.75
X-3147,GMPR,2766.0,MutNovel,"T192M,0.353"
X-3147,GNB3,2784.0,Amp5,5.82
X-3147,GNG12,55970.0,Amp5,5.1
X-3147,GOLGA2P2Y,84559.0,Del0.8,0.22
X-3147,GOLGA2P2Y,84559.0,Del0.8,0.31
X-3147,GOLGA6L10,647042.0,MutNovel,"R342Q,1.000"
X-3147,GOLPH3L,55204.0,Amp8,12.73
X-3147,GPATCH1,55094.0,Amp5,6.23
X-3147,GPI,2821.0,Amp5,6.41
X-3147,GPR158,57512.0,MutNovel,"D826E,1.000"
X-3147,GPR162,27239.0,Amp5,5.82
X-3147,GPR89A,653519.0,Amp5,7.46
X-3147,GPR89B,51463.0,Amp5,6.82
X-3147,GPR89C,728932.0,Amp5,7.11
X-3147,GPRIN2,9721.0,MutNovel,"-238MRE,0.293"
X-3147,GPX7,2882.0,Amp5,5.86
X-3147,GRAMD1A,57655.0,Amp5,7.26
X-3147,GSTM1,2944.0,MutNovel,"S210T,1.000"
X-3147,GTF2IRD2B,389524.0,MutNovel,"G211S,0.600"
X-3147,GTPBP4,23560.0,Amp8,11.96
X-3147,GYG2P1,352887.0,Del0.8,0.22
X-3147,HAMP,57817.0,Amp5,7.26
X-3147,HAO2,51179.0,Amp8,9.85
X-3147,HAUS1,115106.0,Amp8,16.11
X-3147,HAUS5,23354.0,Amp5,7.26
X-3147,HAX1,10456.0,MutNovel,"D32-,0.376"
X-3147,HCRTR1,3061.0,Amp5,6.5
X-3147,HCST,10870.0,Amp5,7.26
X-3147,HDDC2,51020.0,MutNovel,"L117I,0.872"
X-3147,HDHD2,84064.0,Amp8,16.11
X-3147,HEATR8,374977.0,Amp8,8.69
X-3147,HEATR8-TTC4,100527960.0,Amp8,8.69
X-3147,HECTD3,79654.0,Amp8,8.94
X-3147,HIST1H1D,3007.0,MutNovel,"KA185T,0.556"
X-3147,HIST2H2AA4,723790.0,Amp8,9.25
X-3147,HIST2H2AA4,723790.0,Amp8,9.25
X-3147,HIST2H2AB,317772.0,Amp8,9.25
X-3147,HIST2H2AC,8338.0,Amp8,9.25
X-3147,HIST2H2BA,337875.0,Amp8,11.71
X-3147,HIST2H2BC,337873.0,Amp8,9.25
X-3147,HIST2H2BE,8349.0,Amp8,9.25
X-3147,HIST2H2BF,440689.0,Amp8,8.22
X-3147,HIST2H3A,333932.0,Amp8,9.25
X-3147,HIST2H3A,333932.0,Amp8,9.25
X-3147,HIST2H3D,653604.0,Amp8,9.25
X-3147,HIST2H4A,8370.0,Amp8,9.25
X-3147,HIST2H4A,8370.0,Amp8,9.25
X-3147,HIST2H4B,554313.0,Amp8,9.25
X-3147,HIST2H4B,554313.0,Amp8,9.25
X-3147,HLA-DRB6,3128.0,Amp5,5.98
X-3147,HMGCS2,3158.0,Amp8,11.71
X-3147,HORMAD1,84072.0,Amp8,12.73
X-3147,HPN,3249.0,Amp5,7.26
X-3147,HRNR,388697.0,Amp8,10.41
X-3147,HSD17B7P2,158160.0,Amp8,11.31
X-3147,HSD3B1,3283.0,Amp8,9.85
X-3147,HSD3B2,3284.0,Amp8,9.85
X-3147,HSD3BP4,128102.0,Amp8,9.85
X-3147,HSFY2,159119.0,Del0.8,0.22
X-3147,HSFY2,159119.0,Del0.8,0.22
X-3147,HSP90B3P,343477.0,Amp5,6.96
X-3147,HSPA14,51182.0,Amp5,5.39
X-3147,HSPA6,3310.0,Amp5,5.43
X-3147,HSPA7,3311.0,Amp5,5.43
X-3147,HSPB11,51668.0,Amp8,8.75
X-3147,HSPB6,126393.0,Amp5,7.26
X-3147,HSPC072,29075.0,Amp5,7.06
X-3147,HYDIN,54768.0,MutNovel,"R451P,0.389"
X-3147,HYI,81888.0,Amp8,8.94
X-3147,IDI1,3422.0,Amp8,11.96
X-3147,IDI2,91734.0,Amp8,11.96
X-3147,IDI2-AS1,55853.0,Amp8,11.96
X-3147,IER3IP1,51124.0,Amp8,16.11
X-3147,IFFO1,25900.0,Amp5,5.82
X-3147,IFI16,3428.0,Amp8,11
X-3147,IGFLR1,79713.0,Amp5,7.26
X-3147,IGSF3,3321.0,Amp8,9.58
X-3147,IGSF8,93185.0,Amp5,6.54
X-3147,IGSF9,57549.0,Amp5,6.54
X-3147,IL12RB2,3595.0,Amp5,5.1
X-3147,IL15RA,3601.0,Amp5,6.28
X-3147,IL2RA,3559.0,Amp5,6.28
X-3147,INADL,10207.0,Amp5,6.73
X-3147,ING4,51147.0,Amp5,5.82
X-3147,INSM1,3642.0,Amp5,7.06
X-3147,IPO13,9670.0,Amp8,8.94
X-3147,IQCC,55721.0,MutNovel,"E173D,0.818"
X-3147,IQSEC3,440073.0,Amp5,5.5
X-3147,ISM1,140862.0,Amp5,7.16
X-3147,ITGA8,8516.0,Amp5,5.39
X-3147,ITGAM,3684.0,MutNovel,"N901S,0.371"
X-3147,ITGB1,3688.0,Amp5,5.31
X-3147,ITGB3BP,23421.0,Amp8,8.22
X-3147,ITIH2,3698.0,Amp5,5.39
X-3147,ITIH5,80760.0,Amp5,5.39
X-3147,ITLN1,55600.0,Amp5,5.54
X-3147,IVL,3713.0,Amp8,8.51
X-3147,JAK1,3716.0,Amp8,8.46
X-3147,JTB,10899.0,Amp5,6.32
X-3147,KANK4,163782.0,Amp8,17.39
X-3147,KATNAL2,83473.0,Amp8,16.11
X-3147,KCNJ10,3766.0,Amp5,6.54
X-3147,KCNJ9,3765.0,Amp5,6.54
X-3147,KCTD15,79047.0,Amp5,6.23
X-3147,KDM4A,9682.0,Amp8,8.94
X-3147,KDM4E,,MutNovel,"Q113R,1.000"
X-3147,KDM5A,5927.0,Amp5,5.5
X-3147,KDM5D,8284.0,Del0.8,0.22
X-3147,KHDRBS1,10657.0,Amp5,6.5
X-3147,KIAA0125,9834.0,Amp5,6.41
X-3147,KIAA0355,9710.0,Amp5,6.41
X-3147,KIAA0494,9813.0,Amp5,7.16
X-3147,KIAA1217,56243.0,MutNovel,"LK735L,0.331"
X-3147,KIAA1217,56243.0,Amp5,6.11
X-3147,KIAA1462,57608.0,Amp5,5.31
X-3147,KIAA1609,57707.0,MutNovel,"E105-,0.471"
X-3147,KIF16B,55614.0,Amp5,6.96
X-3147,KIF2C,11004.0,Amp8,8.94
X-3147,KIF5B,3799.0,Amp5,5.31
X-3147,KIN,22944.0,Amp5,5.39
X-3147,KIRREL2,84063.0,Amp5,7.26
X-3147,KLF14,136259.0,MutNovel,"H47P,1.000"
X-3147,KLF17,128209.0,Amp8,8.94
X-3147,KLF6,1316.0,Amp5,6.36
X-3147,KLHDC9,126823.0,Amp5,5.43
X-3147,KNCN,148930.0,Amp5,7.89
X-3147,KPNA6,23633.0,Amp5,6.5
X-3147,KPRP,448834.0,Amp8,9.58
X-3147,KRT13,3860.0,MutNovel,"G79A,1.000"
X-3147,KRT14,3861.0,MutNovel,"F100L,0.571"
X-3147,KRT14,3861.0,MutNovel,"L96F,0.889"
X-3147,KRT14,3861.0,MutNovel,"Y88F,0.308"
X-3147,KRT2,3849.0,MutNovel,"V402M,0.600"
X-3147,KRTDAP,388533.0,Amp5,7.26
X-3147,KTI12,112970.0,Amp8,10.56
X-3147,L1TD1,54596.0,Amp8,17.39
X-3147,LAG3,3902.0,Amp5,5.82
X-3147,LAPTM5,7805.0,Amp5,6.5
X-3147,LARP4B,23185.0,Amp8,11.96
X-3147,LATS1,9113.0,MutNovel,"A295T,0.954"
X-3147,LCE1A,353131.0,Amp8,8.51
X-3147,LCE1B,353132.0,Amp8,8.51
X-3147,LCE1C,353133.0,Amp8,8.51
X-3147,LCE1D,353134.0,Amp8,8.51
X-3147,LCE1E,353135.0,Amp8,9.58
X-3147,LCE1F,353137.0,Amp8,9.58
X-3147,LCE2A,353139.0,Amp8,9.58
X-3147,LCE2B,26239.0,Amp8,9.58
X-3147,LCE2C,353140.0,Amp8,9.58
X-3147,LCE2D,353141.0,Amp5,5.66
X-3147,LCE3A,353142.0,Amp5,5.66
X-3147,LCE3B,353143.0,Amp5,5.66
X-3147,LCE3C,353144.0,Amp5,5.66
X-3147,LCE3D,84648.0,Amp5,5.66
X-3147,LCE3E,353145.0,Amp5,5.66
X-3147,LCE4A,199834.0,Amp8,9.58
X-3147,LCE5A,254910.0,Amp5,5.66
X-3147,LCE6A,448835.0,Amp8,8.51
X-3147,LDLRAD1,388633.0,Amp8,8.75
X-3147,LELP1,149018.0,Amp8,11.63
X-3147,LEPR,3953.0,Amp8,8.46
X-3147,LEPRE1,64175.0,Amp8,8.94
X-3147,LEPREL2,10536.0,Amp5,5.82
X-3147,LEPROT,54741.0,Amp8,8.46
X-3147,LGI4,163175.0,Amp5,7.26
X-3147,LHX8,431707.0,Amp8,13.36
X-3147,LILRB3,11025.0,MutNovel,"R143Q,1.000"
X-3147,LILRB3,11025.0,MutNovel,"L69W,1.000"
X-3147,LIN37,55957.0,Amp5,7.26
X-3147,LINC00200,399706.0,Amp8,11.96
X-3147,LINC00202,387644.0,Amp5,5.31
X-3147,LINC00264,645528.0,Amp5,5.31
X-3147,LINC00466,199899.0,Amp8,11.16
X-3147,LINC00493,388789.0,Amp5,7.06
X-3147,LINGO4,339398.0,Amp8,10.41
X-3147,LIPG,9388.0,Amp8,20.68
X-3147,LMO3,55885.0,Amp5,7.52
X-3147,LMX1A,4009.0,Amp5,7.78
X-3147,LOC100128098,100128098.0,Amp5,5.39
X-3147,LOC100128675,100128675.0,Amp5,7.26
X-3147,LOC100128682,100128682.0,Amp5,7.26
X-3147,LOC100129055,100129055.0,Amp8,8.69
X-3147,LOC100129213,100129213.0,Amp5,5.39
X-3147,LOC100129924,100129924.0,Amp8,8.94
X-3147,LOC100130000,100130000.0,Amp5,6.28
X-3147,LOC100130264,100130264.0,Amp5,7.06
X-3147,LOC100130992,100130992.0,Amp5,5.58
X-3147,LOC100131825,100131825.0,Amp8,13.45
X-3147,LOC100132111,100132111.0,Amp8,10.41
X-3147,LOC100132247,100132247.0,MutNovel,"K493N,0.234"
X-3147,LOC100132247,100132247.0,MutNovel,"FHPQL595F,0.290"
X-3147,LOC100132247,100132247.0,MutNovel,"P622R,0.294"
X-3147,LOC100192204,100192204.0,Amp5,5.39
X-3147,LOC100216001,100216001.0,Amp8,19.56
X-3147,LOC100270804,100270804.0,Amp5,7.06
X-3147,LOC100286793,100286793.0,Amp5,6.28
X-3147,LOC100287387,,MutNovel,"R51L,1.000"
X-3147,LOC100288332,,MutNovel,"L270V,1.000"
X-3147,LOC100289211,100289211.0,Amp5,6.82
X-3147,LOC100292680,100292680.0,Amp5,6.02
X-3147,LOC100499489,100499489.0,Amp5,5.58
X-3147,LOC100505536,100505536.0,Amp5,7.16
X-3147,LOC100505549,100505549.0,MutNovel,"L81Q,1.000"
X-3147,LOC100505583,100505583.0,Amp5,5.31
X-3147,LOC100505633,100505633.0,Amp5,6.54
X-3147,LOC100506469,100506469.0,Amp5,7.26
X-3147,LOC100506888,100506888.0,Amp8,16.11
X-3147,LOC100507034,100507034.0,Amp8,16.68
X-3147,LOC100507127,100507127.0,Amp5,5.39
X-3147,LOC100507564,100507564.0,Amp8,8.75
X-3147,LOC100507605,100507605.0,Amp5,5.31
X-3147,LOC100507634,100507634.0,Amp8,11.47
X-3147,LOC100996274,,MutNovel,"C342W,1.000"
X-3147,LOC100996318,,MutKnownFunctional,"-64,0.625"
X-3147,LOC100996433,,MutNovel,"R80S,0.400"
X-3147,LOC100996433,,MutNovel,"A124V,0.444"
X-3147,LOC100996433,,MutNovel,"A248V,0.444"
X-3147,LOC148189,148189.0,Amp8,8.06
X-3147,LOC149086,149086.0,Amp5,6.5
X-3147,LOC219731,219731.0,Amp5,5.39
X-3147,LOC220906,220906.0,Amp5,5.31
X-3147,LOC254312,254312.0,Amp5,5.39
X-3147,LOC282980,282980.0,Amp8,12.21
X-3147,LOC283070,283070.0,Amp5,5.39
X-3147,LOC284551,284551.0,Amp5,6.5
X-3147,LOC338588,338588.0,Amp8,19.56
X-3147,LOC387647,387647.0,Amp5,5.31
X-3147,LOC388692,388692.0,Amp5,6.45
X-3147,LOC399708,399708.0,Amp8,23.92
X-3147,LOC399715,399715.0,Amp5,5.82
X-3147,LOC399744,399744.0,Amp8,11.31
X-3147,LOC400685,400685.0,Amp5,7.26
X-3147,LOC400752,400752.0,Amp8,8.94
X-3147,LOC400794,400794.0,Amp5,7.78
X-3147,LOC439949,439949.0,Amp5,5.39
X-3147,LOC440700,440700.0,Amp5,7.78
X-3147,LOC574538,574538.0,Amp5,5.5
X-3147,LOC644242,644242.0,Amp8,11.71
X-3147,LOC644669,644669.0,Del0.8,0.51
X-3147,LOC645166,645166.0,Amp8,8.51
X-3147,LOC653513,653513.0,Amp5,6.28
X-3147,LOC653720,,MutNovel,"S626P,1.000"
X-3147,LOC727677,727677.0,Amp5,5.24
X-3147,LOC728606,728606.0,Amp8,11.39
X-3147,LOC728855,728855.0,Amp8,19.29
X-3147,LOC728855,728855.0,Amp5,6.28
X-3147,LOC728875,728875.0,Amp5,6.28
X-3147,LOC728888,,MutNovel,"L86F,0.273"
X-3147,LOC728888,,MutNovel,"I79T,0.214"
X-3147,LOC728989,728989.0,Amp5,7.46
X-3147,LOC731789,731789.0,Amp5,5.31
X-3147,LOC80054,80054.0,Amp5,6.23
X-3147,LOR,4014.0,Amp8,8.46
X-3147,LOXHD1,125336.0,Amp8,16.11
X-3147,LPAR5,57121.0,Amp5,5.82
X-3147,LPCAT3,10162.0,Amp5,5.82
X-3147,LRFN3,79414.0,Amp5,7.26
X-3147,LRP3,4037.0,Amp5,6.23
X-3147,LRP8,7804.0,Amp8,8.75
X-3147,LRRC23,10233.0,Amp5,5.82
X-3147,LRRC42,115353.0,Amp8,8.75
X-3147,LRRC52,440699.0,Amp5,7.78
X-3147,LRRIQ3,127255.0,Amp8,22.78
X-3147,LSM14A,26065.0,Amp5,6.41
X-3147,LSR,51599.0,MutNovel,"G518GR,0.574"
X-3147,LSR,51599.0,Amp5,7.26
X-3147,LTBR,4055.0,Amp5,5.82
X-3147,LY9,4063.0,Amp5,5.54
X-3147,LYSMD1,388695.0,Amp8,10.41
X-3147,LYZL1,84569.0,Amp5,5.31
X-3147,LYZL2,119180.0,Amp5,5.31
X-3147,MACROD2-AS1,100379174.0,Amp5,7.41
X-3147,MAG,4099.0,Amp5,7.26
X-3147,MAGOH,4116.0,Amp8,8.75
X-3147,MAP3K4,4216.0,MutNovel,"PA1189P,0.571"
X-3147,MAP3K8,1326.0,Amp5,5.31
X-3147,2014-03-11 00:00:00,441061.0,Amp5,5.03
X-3147,MASTL,84930.0,Amp5,5.31
X-3147,MATN1,4146.0,Amp5,6.5
X-3147,MCM10,55388.0,Amp5,5.39
X-3147,MCM2,4171.0,MutNovel,"E713G,0.467"
X-3147,MED8,112950.0,Amp8,8.94
X-3147,MEGF9,1955.0,MutNovel,"A70V,0.389"
X-3147,MEIG1,644890.0,Amp5,5.39
X-3147,MGC12982,84793.0,Amp5,6.45
X-3147,MGC27382,149047.0,Amp5,6.68
X-3147,MGP,4256.0,Amp5,5.24
X-3147,MGST1,4257.0,Amp5,7.52
X-3147,MGST3,4259.0,Amp5,7.78
X-3147,MIR101-1,406893.0,Amp8,8.46
X-3147,MIR1262,100302279.0,Amp5,5.1
X-3147,MIR1265,100302116.0,Amp5,5.39
X-3147,MIR141,406933.0,Amp5,5.82
X-3147,MIR1539,100302257.0,Amp8,20.68
X-3147,MIR1915,100302129.0,Amp5,5.58
X-3147,MIR200C,406985.0,Amp5,5.82
X-3147,MIR205HG,642587.0,MutNovel,"V84VA,0.430"
X-3147,MIR3155A,100422989.0,Amp5,6.28
X-3147,MIR3155B,100628560.0,Amp5,6.28
X-3147,MIR3192,100422875.0,Amp5,7.06
X-3147,MIR320B1,100302117.0,Amp8,11.55
X-3147,MIR3658,100500832.0,Amp5,7.78
X-3147,MIR3671,100500854.0,Amp8,8.46
X-3147,MIR4254,100423028.0,Amp5,6.5
X-3147,MIR4257,100422997.0,Amp8,9.25
X-3147,MIR4319,100422829.0,Amp8,21.71
X-3147,MIR4420,100616164.0,Amp5,6.5
X-3147,MIR4422,100616272.0,Amp8,11.47
X-3147,MIR4480,100616151.0,Amp5,5.39
X-3147,MIR4637,100616271.0,Amp5,5.03
X-3147,MIR4675,100616383.0,Amp5,5.58
X-3147,MIR4743,100616366.0,Amp8,20.68
X-3147,MIR4744,100616420.0,Amp8,20.68
X-3147,MIR4781,100616315.0,Amp8,8.75
X-3147,MIR511-1,574445.0,Amp5,5.39
X-3147,MIR554,693139.0,Amp8,10.41
X-3147,MIR603,693188.0,Amp5,5.58
X-3147,MIR604,693189.0,Amp5,5.31
X-3147,MIR761,100313892.0,Amp8,10.56
X-3147,MIR921,100126349.0,Amp8,13.27
X-3147,MIR938,100126327.0,Amp5,5.31
X-3147,MKNK1,8569.0,Amp5,7.89
X-3147,MKRN1,23608.0,Amp5,5.06
X-3147,MKX,283078.0,Amp5,5.31
X-3147,MLF2,8079.0,Amp5,5.82
X-3147,MLL4,9757.0,Amp5,7.26
X-3147,MLL5,55904.0,MutNovel,"R1422G,0.456"
X-3147,MLLT10,8028.0,Amp5,5.58
X-3147,MLLT11,10962.0,Amp8,10.41
X-3147,MNF1,,MutNovel,"R8L,0.378"
X-3147,MOB3C,148932.0,Amp5,7.89
X-3147,MPL,4352.0,Amp8,8.94
X-3147,MPP5,64398.0,MutNovel,"A289V,1.000"
X-3147,MPP7,143098.0,Amp5,5.31
X-3147,MPRIP,23164.0,MutNovel,"TS178T,0.628"
X-3147,MPZ,4359.0,Amp5,5.43
X-3147,MRC1,4360.0,Amp5,5.39
X-3147,MRPL37,51253.0,Amp8,8.75
X-3147,MRPL51,51258.0,Amp5,5.82
X-3147,MRPL9,65005.0,Amp8,10.41
X-3147,MRPS21,54460.0,Amp8,9.25
X-3147,MSH4,4438.0,Amp8,13.36
X-3147,MSRB2,22921.0,Amp5,5.58
X-3147,MTL5,9633.0,MutNovel,"G141R,0.316"
X-3147,MTMR11,10903.0,Amp8,9.25
X-3147,MTPAP,55149.0,Amp5,5.31
X-3147,MTRNR2L7,100288485.0,Amp8,8.69
X-3147,MUC5B,727897.0,MutNovel,"A4567T,0.333"
X-3147,MYO10,4651.0,Amp5,5.03
X-3147,MYO3A,53904.0,Amp5,5.31
X-3147,NAA20,51126.0,Amp5,7.06
X-3147,NANOG,79923.0,Amp5,5.82
X-3147,NANOGNB,360030.0,Amp5,5.82
X-3147,NBPF10,100132406.0,MutNovel,"P858T,0.750"
X-3147,NBPF10,100132406.0,MutNovel,"Y3501F,0.300"
X-3147,NBPF10,100132406.0,Amp5,7.62
X-3147,NBPF11,200030.0,MutNovel,"R168W,0.230"
X-3147,NBPF11,200030.0,Amp5,7.11
X-3147,NBPF14,25832.0,MutNovel,"R816S,0.844"
X-3147,NBPF14,25832.0,Amp5,6.82
X-3147,NBPF24,,MutNovel,"T107M,0.273"
X-3147,NBPF7,343505.0,Amp8,11.71
X-3147,NBPF9,400818.0,Amp5,6.28
X-3147,NCAPD2,9918.0,Amp5,5.82
X-3147,NCOR2,9612.0,MutNovel,"G1839GAAA,0.489"
X-3147,NCRNA00185,55410.0,Del0.8,0.22
X-3147,NCSTN,23385.0,Amp5,5.39
X-3147,NDUFB2,4708.0,Amp5,5.06
X-3147,NDUFS2,4720.0,Amp5,5.43
X-3147,NEBL,10529.0,Amp5,5.58
X-3147,NECAP1,25977.0,Amp5,5.82
X-3147,NET1,10276.0,Amp5,6.28
X-3147,NEXN,91624.0,Amp5,6.68
X-3147,NFIA,4774.0,Amp8,9.51
X-3147,NFKBID,84807.0,Amp5,7.26
X-3147,NHLH1,4807.0,Amp5,5.39
X-3147,NINJ2,4815.0,Amp5,5.5
X-3147,NIPBL,25836.0,MutNovel,"K2075Q,0.369"
X-3147,NIT1,4817.0,Amp5,5.43
X-3147,NKAIN1,79570.0,Amp5,6.5
X-3147,NLGN4Y,22829.0,Del0.8,0.22
X-3147,NMT2,9397.0,Amp5,5.39
X-3147,NOC4L,79050.0,MutNovel,"P282L,1.000"
X-3147,NOP2,4839.0,Amp5,5.82
X-3147,NOTCH2,4853.0,Amp8,11.71
X-3147,NOTCH2NL,388677.0,Amp5,7.62
X-3147,NPHS1,4868.0,Amp5,7.26
X-3147,NPIPL3,23117.0,MutNovel,"P845L,0.341"
X-3147,NR1H2,7376.0,MutNovel,"-173Q,0.834"
X-3147,NR1I3,9970.0,Amp5,5.43
X-3147,NRD1,4898.0,Amp8,10.56
X-3147,NRP1,8829.0,Amp5,5.31
X-3147,NSMCE4A,54780.0,Amp8,15.45
X-3147,NSUN6,221078.0,Amp5,5.39
X-3147,NUDT11,55190.0,MutKnownFunctional,"-1,0.600"
X-3147,NUDT19,390916.0,Amp5,6.23
X-3147,NUDT5,11164.0,Amp5,5.39
X-3147,NUP210L,91181.0,Amp5,5.39
X-3147,NYX,60506.0,Amp5,5.03
X-3147,OAZ3,51686.0,Amp8,10.41
X-3147,OBSCN,84033.0,MutNovel,"W7389C,1.000"
X-3147,OLAH,55301.0,Amp5,5.39
X-3147,OPTN,10133.0,Amp5,5.39
X-3147,OR10J1,26476.0,Amp8,13.45
X-3147,OR10J3,441911.0,Amp8,13.45
X-3147,OR10J5,127385.0,Amp8,13.45
X-3147,OR2T10,127069.0,Del0.8,0.46
X-3147,OR2T11,127077.0,Del0.8,0.58
X-3147,OR2T35,403244.0,Del0.8,0.74
X-3147,ORAI1,84876.0,MutNovel,"PP43-,0.784"
X-3147,ORC1,4998.0,Amp5,7.89
X-3147,OSBPL8,114882.0,MutNovel,"S120T,0.540"
X-3147,OSBPL9,114883.0,Amp8,10.56
X-3147,OTOR,56914.0,Amp5,6.96
X-3147,OTUD1,220213.0,Amp5,5.58
X-3147,OTUD7B,56957.0,Amp8,9.25
X-3147,OVOL2,58495.0,Amp5,7.06
X-3147,OVOS,,MutNovel,"Q421H,0.500"
X-3147,OVOS2,,MutNovel,"D261E,1.000"
X-3147,P2RY8,286530.0,MutNovel,"V1520A,0.429"
X-3147,PABPC3,5042.0,MutNovel,"KG231-,0.533"
X-3147,PARS2,25973.0,Amp8,10.78
X-3147,PCDH11Y,83259.0,Del0.8,0.47
X-3147,PCP4L1,654790.0,Amp5,5.43
X-3147,PCSK2,5126.0,Amp5,7.89
X-3147,PCSK9,255738.0,Amp8,11.47
X-3147,PDCD2L,84306.0,Amp5,6.41
X-3147,PDCD5,9141.0,Amp5,6.23
X-3147,PDE4DIP,9659.0,Amp5,6.15
X-3147,PDE6H,5149.0,Amp5,5.24
X-3147,PDIA2,64714.0,MutKnownFunctional,"-493?,0.743"
X-3147,PDIA3P,171423.0,Amp8,10.2
X-3147,PDSS1,23590.0,Amp5,5.31
X-3147,PDZK1,5174.0,Amp5,7.46
X-3147,PDZK1IP1,10158.0,Amp5,6.45
X-3147,PDZK1P1,728939.0,Amp5,7.11
X-3147,PEA15,8682.0,Amp5,6.54
X-3147,PEF1,553115.0,Amp5,6.5
X-3147,PEPD,5184.0,Amp5,6.23
X-3147,PET117,100303755.0,Amp5,7.06
X-3147,PEX19,5824.0,Amp5,6.54
X-3147,PEX5,5830.0,Amp5,5.82
X-3147,PFDN2,5202.0,Amp5,5.43
X-3147,PFKFB3,5209.0,Amp5,6.28
X-3147,PFKP,5214.0,MutNovel,"S475C,0.228"
X-3147,PFKP,5214.0,Amp8,16.68
X-3147,PFN1P2,767846.0,Amp5,6.28
X-3147,PGLYRP3,114771.0,Amp8,8.46
X-3147,PGLYRP4,57115.0,Amp8,8.46
X-3147,PGPEP1L,145814.0,MutNovel,"A162T,0.750"
X-3147,PHB2,11331.0,Amp5,5.82
X-3147,PHC1,1911.0,MutNovel,"AQQ424A,0.473"
X-3147,PHGDH,26227.0,Amp8,11.71
X-3147,PHLDA1,22822.0,MutNovel,"QQ194Q,0.350"
X-3147,PHYH,5264.0,Amp5,5.39
X-3147,PI4KB,5298.0,Amp8,10.41
X-3147,PIAS2,9063.0,Amp8,16.11
X-3147,PIGK,10026.0,Amp8,13.36
X-3147,PIGM,93183.0,Amp5,6.54
X-3147,PIP4K2A,5305.0,Amp5,5.58
X-3147,PIP5K1A,8394.0,Amp8,10.41
X-3147,PITHD1,57095.0,MutNovel,"R145H,1.000"
X-3147,PITRM1,10531.0,Amp8,16.68
X-3147,PLEKHG6,55200.0,Amp5,5.82
X-3147,PLEKHN1,84069.0,MutNovel,"T363P,0.267"
X-3147,PLEKHO1,51177.0,Amp8,9.25
X-3147,PLK3,1263.0,Amp8,8.94
X-3147,PLXDC2,84898.0,Amp5,5.1
X-3147,PLXNB3,5365.0,MutNovel,"W720S,0.969"
X-3147,PODN,127435.0,Amp5,5.66
X-3147,POGZ,23126.0,Amp8,10.41
X-3147,POLR2I,5438.0,Amp5,7.26
X-3147,POLR3F,10621.0,Amp5,7.06
X-3147,POU5F1B,5462.0,Amp5,5.24
X-3147,PPAPDC1A,196051.0,Amp5,6.36
X-3147,PPCS,79717.0,Amp8,8.94
X-3147,PPHLN1,51535.0,MutNovel,"PQAPQPL380P,0.846"
X-3147,PPIAL4B,653505.0,Amp5,6.54
X-3147,PPIAL4B,653505.0,Amp8,19.29
X-3147,PPIAL4C,653598.0,Amp5,6.28
X-3147,PPIAL4C,653598.0,Amp8,19.29
X-3147,PPIAL4D,645142.0,Amp5,6.82
X-3147,PPIAL4G,644591.0,MutNovel,"A101V,0.400"
X-3147,PPIAL4G,644591.0,MutNovel,"Q24L,1.000"
X-3147,PPIAL4G,644591.0,MutNovel,"I6V,1.000"
X-3147,PPIAL4G,644591.0,Amp5,6.28
X-3147,PPIH,10465.0,Amp8,8.94
X-3147,PPOX,5498.0,Amp5,5.43
X-3147,PPP2R3B,28227.0,MutNovel,"R835W,1.000"
X-3147,PPT1,5538.0,Amp5,6.06
X-3147,PRICKLE3,4007.0,MutNovel,"R269C,0.982"
X-3147,PRKAB2,5565.0,Amp8,10.2
X-3147,PRKCQ,5588.0,Amp5,5.39
X-3147,PRKY,5616.0,Del0.8,0.23
X-3147,PRODH2,58510.0,Amp5,7.26
X-3147,PRPF18,8559.0,Amp5,5.39
X-3147,PRPF3,9129.0,Amp8,9.25
X-3147,PRPF38A,84950.0,MutNovel,"H288R,0.612"
X-3147,PRPF38A,84950.0,Amp5,5.86
X-3147,PRR12,57479.0,MutNovel,"Q644H,0.531"
X-3147,PRR9,574414.0,Amp8,11.63
X-3147,PRRC2A,7916.0,MutNovel,"P602R,0.463"
X-3147,PRRG1,5638.0,MutNovel,"Q75R,0.500"
X-3147,PRTFDC1,56952.0,Amp5,6.63
X-3147,PRUNE,58497.0,Amp8,10.41
X-3147,PRY,9081.0,Del0.8,0.22
X-3147,PRY,9081.0,Del0.8,0.22
X-3147,PRY2,442862.0,Del0.8,0.22
X-3147,PRY2,442862.0,Del0.8,0.22
X-3147,PSENEN,55851.0,Amp5,7.26
X-3147,PSMB4,5692.0,Amp8,10.41
X-3147,PSMD4,5710.0,Amp8,10.41
X-3147,PSTPIP2,9050.0,Amp8,16.11
X-3147,PTCH2,8643.0,Amp5,7.36
X-3147,PTCHD3,374308.0,Amp5,5.31
X-3147,PTDSS2,81490.0,MutNovel,"R3K,0.352"
X-3147,PTEN,5728.0,Del0.8,0.74
X-3147,PTER,9317.0,Amp5,5.39
X-3147,PTF1A,256297.0,Amp5,5.58
X-3147,PTGFR,5737.0,Amp5,5.98
X-3147,PTMS,5763.0,Amp5,5.82
X-3147,PTOV1,53635.0,MutNovel,"A7D,0.991"
X-3147,PTP4A2,8073.0,Amp5,6.5
X-3147,PTPLA,9200.0,Amp5,5.39
X-3147,PTPN6,5777.0,Amp5,5.82
X-3147,PTPRF,5792.0,Amp8,8.94
X-3147,PTPRO,5800.0,Amp5,5.24
X-3147,PUM1,9698.0,Amp5,6.5
X-3147,PVRL4,81607.0,Amp5,5.43
X-3147,PYHIN1,149628.0,Amp8,11
X-3147,QSOX1,5768.0,MutNovel,"A29V,0.984"
X-3147,RAB13,5872.0,Amp5,6.32
X-3147,RAB18,22931.0,MutNovel,"P132L,0.506"
X-3147,RAB18,22931.0,Amp5,5.31
X-3147,RAB19,401409.0,Amp5,5.06
X-3147,RAB3B,5865.0,Amp8,10.56
X-3147,RABGGTB,5876.0,Amp8,13.36
X-3147,RAVER2,55225.0,Amp5,5.94
X-3147,RBBP9,10741.0,Amp5,7.06
X-3147,RBM17,84991.0,Amp5,6.28
X-3147,RBM42,79171.0,Amp5,7.26
X-3147,RBMY1A3P,286557.0,Del0.8,0.23
X-3147,RBMY1B,378948.0,Del0.8,0.22
X-3147,RBMY1B,378948.0,Del0.8,0.22
X-3147,RBMY1E,378950.0,Del0.8,0.22
X-3147,RBMY1E,378950.0,Del0.8,0.22
X-3147,RBMY1F,159163.0,Del0.8,0.22
X-3147,RBMY1F,159163.0,Del0.8,0.22
X-3147,RBMY1J,378951.0,Del0.8,0.22
X-3147,RBMY1J,378951.0,Del0.8,0.22
X-3147,RBMY2EP,159125.0,Del0.8,0.22
X-3147,RBMY2FP,159162.0,Del0.8,0.22
X-3147,RBMY3AP,64593.0,Del0.8,0.22
X-3147,RBP5,83758.0,Amp5,5.82
X-3147,REG4,83998.0,Amp8,11.71
X-3147,RERG,85004.0,Amp5,5.24
X-3147,RFX5,5993.0,Amp8,10.41
X-3147,RGS9BP,388531.0,Amp5,6.23
X-3147,RHPN2,85415.0,Amp5,6.23
X-3147,RIIAD1,284485.0,Amp8,10.41
X-3147,RIMKLA,284716.0,Amp8,8.94
X-3147,RIN2,54453.0,Amp5,7.06
X-3147,RIN3,79890.0,MutNovel,"G967-,0.658"
X-3147,RNF11,26994.0,Amp8,8.17
X-3147,RNF165,494470.0,Amp8,16.11
X-3147,RNF220,55182.0,Amp8,8.94
X-3147,RNF44,22838.0,MutNovel,"R52H,0.348"
X-3147,RNPEPL1,57140.0,MutNovel,"A79V,1.000"
X-3147,RORC,6097.0,Amp8,10.41
X-3147,RPE65,6121.0,Amp5,5.1
X-3147,RPL13P5,283345.0,Amp5,5.82
X-3147,RPL14,9045.0,MutNovel,"T149TA,0.251"
X-3147,RPL17,6139.0,Amp8,20.68
X-3147,RPL17-C18ORF32,100526842.0,Amp8,20.68
X-3147,RPL31P11,641311.0,Amp5,5.43
X-3147,RPP38,10557.0,Amp5,5.39
X-3147,RPRD2,23248.0,Amp8,9.25
X-3147,RPS27,6232.0,Amp5,6.32
X-3147,RPS4Y1,6192.0,Del0.8,0.24
X-3147,RPS4Y2,140032.0,Del0.8,0.22
X-3147,RPS6KC1,26750.0,MutNovel,"F534I,1.000"
X-3147,RPS8,6202.0,Amp8,8.94
X-3147,RPTN,126638.0,Amp8,10.41
X-3147,RRBP1,6238.0,Amp5,7.06
X-3147,RSU1,6251.0,Amp5,5.39
X-3147,RXRG,6258.0,Amp5,7.78
X-3147,S100A10,6281.0,Amp8,10.41
X-3147,S100A11,6282.0,Amp8,10.41
X-3147,S100A12,6283.0,Amp8,8.46
X-3147,S100A7,6278.0,Amp8,8.46
X-3147,S100A7A,338324.0,MutNovel,"G25D,1.000"
X-3147,S100A7A,338324.0,Amp8,8.46
X-3147,S100A7L2,645922.0,Amp8,8.46
X-3147,S100A8,6279.0,Amp8,8.46
X-3147,S100A9,6280.0,Amp8,8.46
X-3147,SBSN,374897.0,Amp5,7.26
X-3147,SCARNA10,692148.0,Amp5,5.82
X-3147,SCARNA11,677780.0,Amp5,5.82
X-3147,SCARNA12,677777.0,Amp5,5.82
X-3147,SCARNA17,677769.0,Amp8,20.68
X-3147,SCGB1B2P,643719.0,Amp8,12.21
X-3147,SCGB2B2,284402.0,Amp8,12.21
X-3147,SCGB2B3P,100130342.0,Amp8,12.21
X-3147,SCN1B,6324.0,Amp5,7.26
X-3147,SCNM1,79005.0,Amp8,10.41
X-3147,SCNN1A,6337.0,Amp5,5.82
X-3147,SCP2,6342.0,Amp5,5.1
X-3147,SDC3,9672.0,Amp5,6.5
X-3147,SDHAF1,644096.0,Amp5,7.26
X-3147,SDHC,6391.0,Amp5,5.43
X-3147,SEC22B,9554.0,Amp5,7.62
X-3147,SEC23B,10483.0,Amp5,7.06
X-3147,SEC61A2,55176.0,Amp5,5.39
X-3147,SELENBP1,8991.0,Amp8,10.41
X-3147,SELRC1,65260.0,Amp5,5.86
X-3147,SEMA6C,10500.0,Amp8,10.41
X-3147,SEPHS1,22929.0,Amp5,5.39
X-3147,SEPT7L,285961.0,Amp8,11.31
X-3147,SERBP1,26135.0,Amp5,5.1
X-3147,SERINC2,347735.0,MutNovel,"-373Q,0.482"
X-3147,SERINC2,347735.0,Amp5,6.5
X-3147,SETBP1,26040.0,Amp8,21.71
X-3147,SETDB1,9869.0,Amp8,10.41
X-3147,SF3B4,10262.0,Amp8,9.25
X-3147,SFMBT2,57713.0,Amp5,5.39
X-3147,SFTA1P,207107.0,Amp5,5.39
X-3147,SH2B2,10603.0,MutNovel,"G525S,0.593"
X-3147,SHISA8,440829.0,MutNovel,"A320V,1.000"
X-3147,SIGLEC14,100049587.0,Del0.8,0.29
X-3147,SIGLEC15,284266.0,Amp8,16.11
X-3147,SKINTL,391037.0,Amp5,6.45
X-3147,SKP1P2,728622.0,Amp5,5.24
X-3147,SLAMF7,57823.0,Amp5,5.54
X-3147,SLAMF8,56833.0,Amp5,6.54
X-3147,SLAMF9,89886.0,Amp5,6.54
X-3147,SLC14A1,6563.0,Amp8,16.11
X-3147,SLC14A2,8170.0,Amp8,17.88
X-3147,SLC15A5,729025.0,Amp5,6.28
X-3147,SLC1A7,6512.0,Amp5,5.66
X-3147,SLC24A3,57419.0,Amp5,7.06
X-3147,SLC25A23,79085.0,MutNovel,"R432Q,1.000"
X-3147,SLC27A3,11000.0,Amp5,6.32
X-3147,SLC2A1,6513.0,Amp8,8.94
X-3147,SLC2A14,144195.0,Amp5,5.82
X-3147,SLC2A3,6515.0,Amp5,5.82
X-3147,SLC37A3,84255.0,Amp5,5.06
X-3147,SLC39A1,27173.0,Amp5,6.32
X-3147,SLC39A12,221074.0,Amp5,5.39
X-3147,SLC44A5,204962.0,Amp8,13.36
X-3147,SLC5A9,200010.0,Amp5,6.45
X-3147,SLC6A12,6539.0,Amp5,5.5
X-3147,SLC6A13,6540.0,Amp5,5.5
X-3147,SLC6A9,6536.0,Amp8,8.94
X-3147,SLC7A10,56301.0,Amp5,6.23
X-3147,SLC7A9,11136.0,Amp5,6.23
X-3147,SMAD2,4087.0,Amp8,18.25
X-3147,SMAD7,4092.0,Amp8,20.68
X-3147,SMCP,4184.0,Amp8,8.51
X-3147,SNAPC1,6617.0,MutNovel,"I219T,1.000"
X-3147,SNORD103A,692234.0,Amp5,6.5
X-3147,SNORD17,692086.0,Amp5,7.06
X-3147,SNORD38A,94162.0,Amp8,8.94
X-3147,SNORD38B,94163.0,Amp8,8.94
X-3147,SNORD45A,26805.0,Amp8,13.36
X-3147,SNORD45B,26804.0,Amp8,13.36
X-3147,SNORD45C,692085.0,Amp8,13.36
X-3147,SNORD46,94161.0,Amp8,8.94
X-3147,SNORD55,26811.0,Amp8,8.94
X-3147,SNORD58A,26791.0,Amp8,20.68
X-3147,SNORD58B,26790.0,Amp8,20.68
X-3147,SNORD58C,100124516.0,Amp8,20.68
X-3147,SNORD85,692200.0,Amp5,6.5
X-3147,SNRNP40,9410.0,Amp5,6.5
X-3147,SNRPB2,6629.0,Amp5,6.96
X-3147,SNX18,112574.0,MutNovel,"P101S,1.000"
X-3147,SNX27,81609.0,Amp8,10.41
X-3147,SNX5,27131.0,Amp5,7.06
X-3147,SPAG6,9576.0,Amp5,5.58
X-3147,SPATA6,54558.0,Amp5,6.45
X-3147,SPEG,10290.0,MutNovel,"R3247W,1.000"
X-3147,SPOCD1,90853.0,Amp5,6.5
X-3147,SPRR1A,6698.0,Amp8,8.51
X-3147,SPRR1B,6699.0,Amp8,8.51
X-3147,SPRR2A,6700.0,Amp8,11.63
X-3147,SPRR2B,6701.0,Amp8,11.63
X-3147,SPRR2C,6702.0,Amp8,11.63
X-3147,SPRR2D,6703.0,Amp8,8.51
X-3147,SPRR2E,6704.0,MutNovel,"T20K,1.000"
X-3147,SPRR2E,6704.0,Amp8,11.63
X-3147,SPRR2F,6705.0,Amp8,11.63
X-3147,SPRR2G,6706.0,Amp8,11.63
X-3147,SPRR3,6707.0,Amp8,8.51
X-3147,SPRR4,163778.0,Amp8,8.51
X-3147,SPSB2,84727.0,Amp5,5.82
X-3147,SPTLC3,55304.0,Amp5,5.5
X-3147,SRY,6736.0,Del0.8,0.24
X-3147,SSBP3,23648.0,Amp8,8.75
X-3147,SSH2,85464.0,MutNovel,"-841K,0.737"
X-3147,SSX6,280657.0,Del0.8,0.55
X-3147,ST3GAL3,6487.0,MutNovel,"K136R,0.375"
X-3147,ST3GAL3,6487.0,Amp8,8.94
X-3147,ST6GALNAC3,256435.0,Amp8,13.36
X-3147,ST6GALNAC5,81849.0,Amp8,13.36
X-3147,ST8SIA5,29906.0,Amp8,16.11
X-3147,ST8SIA6,338596.0,Amp5,5.39
X-3147,STAM,8027.0,Amp5,5.39
X-3147,STIL,6491.0,Amp5,6.45
X-3147,STRAP,11171.0,Amp5,5.24
X-3147,SUMO1P3,474338.0,Amp5,5.39
X-3147,SUV39H2,79723.0,Amp5,5.39
X-3147,SV2A,9900.0,Amp8,9.25
X-3147,SVIL,6840.0,Amp5,5.31
X-3147,SYNPO,11346.0,MutNovel,"P727S,0.500"
X-3147,SZT2,23334.0,Amp8,8.94
X-3147,TAF3,83860.0,Amp5,5.39
X-3147,TAG,404663.0,Amp5,5.03
X-3147,TAGLN2,8407.0,Amp5,6.54
X-3147,TAL1,6886.0,Amp5,6.45
X-3147,TAPBPL,55080.0,Amp5,5.82
X-3147,TARS2,80222.0,Amp8,9.25
X-3147,TARSL2,123283.0,MutNovel,"T639A,0.208"
X-3147,TBC1D12,23232.0,MutNovel,"A292V,1.000"
X-3147,TBC1D2B,23102.0,MutNovel,"Q20H,1.000"
X-3147,TBC1D9B,23061.0,MutNovel,"L42P,0.362"
X-3147,TBCB,1155.0,Amp5,7.26
X-3147,TBL1Y,90665.0,Del0.8,0.23
X-3147,TBP,6908.0,MutNovel,"Q75K,0.690"
X-3147,TBX15,6913.0,Amp8,9.85
X-3147,TCEANC2,127428.0,Amp8,8.75
X-3147,TCEB3B,51224.0,MutNovel,"P122Q,0.667"
X-3147,TCEB3B,51224.0,Amp8,16.11
X-3147,TCEB3C,162699.0,Amp8,16.11
X-3147,TCHH,7062.0,Amp8,10.41
X-3147,TCHHL1,126637.0,Amp8,10.41
X-3147,TCTEX1D4,343521.0,Amp8,8.94
X-3147,TDRD12,91646.0,Amp5,6.23
X-3147,TDRD7,23424.0,MutNovel,"I764V,0.327"
X-3147,TDRKH,11022.0,Amp8,10.41
X-3147,TGFBR3,7049.0,Amp5,6.96
X-3147,TGIF2LY,90655.0,Del0.8,0.47
X-3147,THAP8,199745.0,Amp5,7.26
X-3147,THEG5,100507527.0,Amp5,6.23
X-3147,THEM4,117145.0,Amp8,10.41
X-3147,THEM5,284486.0,Amp8,10.41
X-3147,THNSL1,79896.0,Amp5,6.63
X-3147,TIAM1,7074.0,MutKnownFunctional,"R1482*,0.606"
X-3147,TIE1,7075.0,Amp8,8.94
X-3147,TINAGL1,64129.0,Amp5,6.5
X-3147,TM2D1,83941.0,Amp8,8.11
X-3147,TMCO1,54499.0,Amp5,7.78
X-3147,TMEM125,128218.0,Amp8,8.94
X-3147,TMEM147,10430.0,Amp5,7.26
X-3147,TMEM184A,202915.0,MutNovel,"G392GA,0.772"
X-3147,TMEM191B,728229.0,MutKnownFunctional,"-344?,0.538"
X-3147,TMEM191C,645426.0,MutNovel,"L165P,0.739"
X-3147,TMEM206,55248.0,MutKnownFunctional,"W300*,1.000"
X-3147,TMEM236,653567.0,Amp5,5.39
X-3147,TMEM39B,55116.0,Amp5,6.5
X-3147,TMEM48,55706.0,Amp8,8.75
X-3147,TMEM53,79639.0,Amp8,8.94
X-3147,TMEM59,9528.0,Amp8,8.75
X-3147,TMEM61,199964.0,Amp8,11.47
X-3147,TMEM8A,58986.0,MutNovel,"L78F,0.731"
X-3147,TMOD2,29767.0,MutNovel,"N155D,0.509"
X-3147,TMOD4,29765.0,Amp8,10.41
X-3147,TMSB4Y,9087.0,Del0.8,0.22
X-3147,TNFAIP8,25816.0,Del0.8,0.76
X-3147,TNFAIP8L2,79626.0,Amp8,10.41
X-3147,TNFAIP8L2-SCNM1,100534012.0,Amp8,10.41
X-3147,TNFRSF18,8784.0,MutNovel,"E227K,1.000"
X-3147,TNFRSF1A,7132.0,Amp5,5.82
X-3147,TNNI3K,51086.0,Amp8,13.18
X-3147,TOMM40L,84134.0,Amp5,5.43
X-3147,TP53,7157.0,MutKnownFunctional,"S94*,1.000"
X-3147,TPI1,7167.0,Amp5,5.82
X-3147,TRAPPC11,60684.0,MutNovel,"Y504S,0.515"
X-3147,TRDMT1,1787.0,Amp5,5.39
X-3147,TRIM41,90933.0,MutNovel,"REE61R,0.412"
X-3147,TRIO,7204.0,Amp5,5.03
X-3147,TRMU,55687.0,MutNovel,"E148K,1.000"
X-3147,TSPY1,7258.0,Del0.8,0.23
X-3147,TSPY2,64591.0,Del0.8,0.23
X-3147,TSPY3,728137.0,Del0.8,0.23
X-3147,TSPY4,728395.0,Del0.8,0.23
X-3147,TSPY8,728403.0,Del0.8,0.23
X-3147,TSPYL1,7259.0,MutNovel,"V176VW,0.869"
X-3147,TSTD1,100131187.0,Amp5,5.43
X-3147,TTC22,55001.0,Amp8,10.78
X-3147,TTC28,23331.0,MutNovel,"P2308Q,1.000"
X-3147,TTC39A,22996.0,Amp8,8.17
X-3147,TTC4,7268.0,Amp8,10.78
X-3147,TTC7A,57217.0,MutNovel,"A288V,0.614"
X-3147,TTTY10,246119.0,Del0.8,0.22
X-3147,TTTY11,83866.0,Del0.8,0.23
X-3147,TTTY12,83867.0,Del0.8,0.23
X-3147,TTTY13,83868.0,Del0.8,0.22
X-3147,TTTY14,83869.0,Del0.8,0.22
X-3147,TTTY15,64595.0,Del0.8,0.22
X-3147,TTTY16,252948.0,Del0.8,0.23
X-3147,TTTY17A,252949.0,Del0.8,0.31
X-3147,TTTY17A,252949.0,Del0.8,0.13
X-3147,TTTY18,252950.0,Del0.8,0.23
X-3147,TTTY19,252952.0,Del0.8,0.23
X-3147,TTTY1B,100101116.0,Del0.8,0.23
X-3147,TTTY1B,100101116.0,Del0.8,0.22
X-3147,TTTY2,60439.0,Del0.8,0.23
X-3147,TTTY2,60439.0,Del0.8,0.22
X-3147,TTTY20,252951.0,Del0.8,0.23
X-3147,TTTY21,252953.0,Del0.8,0.23
X-3147,TTTY21,252953.0,Del0.8,0.22
X-3147,TTTY22,252954.0,Del0.8,0.22
X-3147,TTTY23,252955.0,Del0.8,0.22
X-3147,TTTY23,252955.0,Del0.8,0.23
X-3147,TTTY3,114760.0,Del0.8,0.13
X-3147,TTTY3,114760.0,Del0.8,0.22
X-3147,TTTY4,114761.0,Del0.8,0.08
X-3147,TTTY4,114761.0,Del0.8,0.13
X-3147,TTTY5,83863.0,Del0.8,0.22
X-3147,TTTY6,84672.0,Del0.8,0.22
X-3147,TTTY6,84672.0,Del0.8,0.22
X-3147,TTTY7,246122.0,Del0.8,0.23
X-3147,TTTY7,246122.0,Del0.8,0.22
X-3147,TTTY7B,100101120.0,Del0.8,0.22
X-3147,TTTY7B,100101120.0,Del0.8,0.23
X-3147,TTTY8,84673.0,Del0.8,0.23
X-3147,TTTY8,84673.0,Del0.8,0.22
X-3147,TTTY9A,83864.0,Del0.8,0.22
X-3147,TTTY9A,83864.0,Del0.8,0.22
X-3147,TUBAL3,79861.0,Amp5,6.28
X-3147,TUBB8,347688.0,Amp8,8.75
X-3147,TUFT1,7286.0,Amp8,10.41
X-3147,TXLNA,200081.0,Amp5,6.5
X-3147,TXLNG2P,246126.0,Del0.8,0.22
X-3147,TXNDC12,51060.0,Amp8,10.56
X-3147,TYROBP,7305.0,Amp5,7.26
X-3147,TYW3,127253.0,Amp8,13.36
X-3147,U2AF1L4,199746.0,Amp5,7.26
X-3147,UBA2,10054.0,Amp5,6.41
X-3147,UCK2,7371.0,Amp5,7.78
X-3147,UCMA,221044.0,Amp5,5.39
X-3147,UCN3,114131.0,Amp5,6.28
X-3147,UFC1,51506.0,Amp5,5.43
X-3147,UPF2,26019.0,Amp5,5.39
X-3147,UPK1A,11045.0,Amp5,7.26
X-3147,UPK3BL,,MutNovel,"Q128R,0.697"
X-3147,URI1,8725.0,Amp8,10.2
X-3147,UROD,7389.0,Amp8,8.94
X-3147,USF1,7391.0,Amp5,5.43
X-3147,USF2,7392.0,Amp5,7.26
X-3147,USP1,7398.0,Amp8,17.39
X-3147,USP21,27005.0,Amp5,5.43
X-3147,USP24,23358.0,Amp8,11.47
X-3147,USP33,23032.0,Amp5,6.68
X-3147,USP47,55031.0,MutNovel,"V2L,0.611"
X-3147,USP5,8078.0,Amp5,5.82
X-3147,USP6NL,9712.0,Amp5,5.39
X-3147,USP9Y,8287.0,Del0.8,0.22
X-3147,UTY,7404.0,Del0.8,0.22
X-3147,VAMP1,6843.0,Amp5,5.82
X-3147,VANGL2,57216.0,Amp5,5.39
X-3147,VARS,7407.0,MutNovel,"R985C,0.241"
X-3147,VCAM1,7412.0,MutNovel,"M492T,0.969"
X-3147,VCY,9084.0,Del0.8,0.22
X-3147,VCY,9084.0,Del0.8,0.22
X-3147,VEZT,55591.0,MutKnownFunctional,"W489*,0.216"
X-3147,VIM,7431.0,Amp5,5.39
X-3147,VPS45,11311.0,Amp8,9.25
X-3147,VPS72,6944.0,Amp8,10.41
X-3147,VSIG8,391123.0,Amp5,6.54
X-3147,VSTM2L,128434.0,MutNovel,"A6S,0.609"
X-3147,VWF,7450.0,Amp5,5.82
X-3147,WAC,51322.0,Amp5,5.31
X-3147,WARS2,10352.0,Amp8,9.85
X-3147,WDR11,55717.0,Amp8,14.32
X-3147,WDR3,10885.0,Amp5,5.17
X-3147,WDR37,22884.0,Amp8,11.96
X-3147,WDR62,284403.0,Amp5,7.26
X-3147,WDR65,149465.0,Amp8,8.94
X-3147,WDR88,126248.0,Amp5,6.23
X-3147,WLS,79971.0,Amp5,5.1
X-3147,WNT5B,81029.0,Amp5,6.02
X-3147,WTIP,126374.0,Amp5,6.41
X-3147,XKRY2,353515.0,Del0.8,0.22
X-3147,XKRY2,353515.0,Del0.8,0.22
X-3147,YBX1,4904.0,Amp8,8.94
X-3147,YIPF1,54432.0,Amp8,8.75
X-3147,YLPM1,56252.0,MutNovel,"Q276R,1.000"
X-3147,YME1L1,10730.0,MutKnownFunctional,"Y80*,0.475"
X-3147,YME1L1,10730.0,Amp5,5.31
X-3147,ZBTB32,27033.0,Amp5,7.26
X-3147,ZBTB7C,201501.0,Amp8,20.68
X-3147,ZCCHC11,23318.0,Amp5,5.86
X-3147,ZCCHC17,51538.0,Amp5,6.5
X-3147,ZDHHC11,79844.0,MutNovel,"A303D,0.500"
X-3147,ZEB1,6935.0,Amp5,5.31
X-3147,ZEB1-AS1,220930.0,Amp5,5.31
X-3147,ZFY,7544.0,Del0.8,0.24
X-3147,ZFYVE9,9372.0,Amp8,10.56
X-3147,ZMYND11,10771.0,Amp8,14.03
X-3147,ZMYND12,84217.0,Amp8,8.94
X-3147,ZNF133,7692.0,Amp5,7.06
X-3147,ZNF181,339318.0,Amp8,12.21
X-3147,ZNF219,51222.0,MutNovel,"QPP233P,0.875"
X-3147,ZNF235,9310.0,MutNovel,"E6G,0.273"
X-3147,ZNF248,57209.0,Amp8,8.69
X-3147,ZNF25,219749.0,Amp8,8.69
X-3147,ZNF30,90075.0,Amp5,7.26
X-3147,ZNF302,55900.0,Amp8,12.21
X-3147,ZNF33A,7581.0,Amp8,8.69
X-3147,ZNF37A,7587.0,Amp8,8.69
X-3147,ZNF384,171017.0,MutNovel,"QQ514Q,0.391"
X-3147,ZNF384,171017.0,Amp5,5.82
X-3147,ZNF438,220929.0,Amp5,5.31
X-3147,ZNF469,84627.0,MutNovel,"R119C,0.500"
X-3147,ZNF469,84627.0,MutNovel,"P1777H,0.613"
X-3147,ZNF507,22847.0,Amp5,6.23
X-3147,ZNF536,9745.0,Amp8,10.2
X-3147,ZNF587,84914.0,MutNovel,"R173H,0.325"
X-3147,ZNF587,84914.0,MutNovel,"H426Q,0.530"
X-3147,ZNF587,84914.0,MutNovel,"S530A,0.521"
X-3147,ZNF594,84622.0,MutNovel,"T769S,1.000"
X-3147,ZNF599,148103.0,Amp8,12.21
X-3147,ZNF622,90441.0,Amp5,5.03
X-3147,ZNF630,57232.0,Del0.8,0.21
X-3147,ZNF658,26149.0,MutNovel,"P97L,0.800"
X-3147,ZNF687,57592.0,Amp8,10.41
X-3147,ZNF691,51058.0,Amp8,8.94
X-3147,ZNF697,90874.0,Amp8,11.71
X-3147,ZNF717,100131827.0,MutNovel,"I82T,0.538"
X-3147,ZNF730,,MutNovel,"S296F,0.722"
X-3147,ZNF730,,MutKnownFunctional,"-477?,0.400"
X-3147,ZNF732,654254.0,MutNovel,"V77M,0.357"
X-3147,ZNF763,284390.0,MutNovel,"V212F,1.000"
X-3147,ZNF772,400720.0,MutNovel,"A4GP,0.267"
X-3147,ZNF792,126375.0,Amp5,7.26
X-3147,ZNF850,342892.0,Amp5,5.31
X-3147,ZNF93,81931.0,MutKnownFunctional,"-616,0.923"
X-3147,ZNF99,7652.0,Amp8,10.41
X-3147,ZSWIM5,57643.0,Amp8,8.94
X-3147,ZXDC,79364.0,MutNovel,"A53E,0.600"
X-3147,ZYG11A,440590.0,Amp5,5.86
X-3147,ZYG11B,79699.0,Amp5,5.86
X-3147,ZZZ3,26009.0,Amp5,6.68
X-3201,AAED1,,MutNovel,"P4L,1.000"
X-3201,ABCF1,23.0,MutNovel,"Y529C,0.698"
X-3201,ACOT2,10965.0,MutNovel,"H328C,0.500"
X-3201,ADAM30,11085.0,Amp8,22.78
X-3201,ADCY8,114.0,Amp5,5.24
X-3201,ADRA2B,151.0,MutNovel,"E301ERRK,1.000"
X-3201,ADRB1,153.0,MutNovel,"V5A,1.000"
X-3201,AGAP4,119016.0,MutNovel,"E561D,0.500"
X-3201,AHNAK2,113146.0,MutNovel,"E1856V,0.286"
X-3201,AMELY,266.0,Del0.8,0.36
X-3201,ANKRD16,54522.0,MutNovel,"G5R,0.691"
X-3201,ANXA8,653145.0,MutNovel,"D314H,1.000"
X-3201,APIP,51074.0,Amp8,22.01
X-3201,APOE,348.0,MutNovel,"KR175NC,0.363"
X-3201,ARAP3,64411.0,MutNovel,"V1102A,0.286"
X-3201,ARHGEF10,9639.0,MutNovel,"QE101Q,1.000"
X-3201,ARHGEF5,7984.0,MutNovel,"R241Q,1.000"
X-3201,ARMC1,55156.0,Amp5,5.24
X-3201,ARSD,414.0,MutNovel,"F223S,0.846"
X-3201,ASAP1,50807.0,Amp5,5.24
X-3201,ASAP1-IT1,29065.0,Amp5,5.24
X-3201,ASF1B,55723.0,Amp8,15.03
X-3201,ASPH,444.0,Amp5,5.24
X-3201,ATAD3A,55210.0,MutNovel,"W110R,0.619"
X-3201,ATP6AP1,537.0,MutNovel,"L32LAA,1.000"
X-3201,ATP6V1B2,526.0,Del0.8,0.6
X-3201,ATP6V1H,51606.0,Amp5,5.24
X-3201,BCORP1,286554.0,Del0.8,0.36
X-3201,BHLHE22,27319.0,Amp5,5.24
X-3201,BHLHE40,8553.0,MutNovel,"P56A,0.249"
X-3201,BMP6,654.0,MutNovel,"R28Q,1.000"
X-3201,BPY2B,442867.0,Del0.8,0.36
X-3201,BPY2B,442867.0,Del0.8,0.36
X-3201,C11orf48,79081.0,MutNovel,"E193Q,0.996"
X-3201,C11orf74,119710.0,Amp8,21.71
X-3201,C19orf12,83636.0,Amp5,6.45
X-3201,C19orf53,28974.0,Amp8,15.03
X-3201,C19orf57,79173.0,Amp8,15.03
X-3201,C1orf162,128346.0,MutNovel,"L53M,0.286"
X-3201,C1orf85,112770.0,MutNovel,"R193T,1.000"
X-3201,C21orf58,54058.0,MutNovel,"HH298H,0.241"
X-3201,C6orf223,221416.0,MutNovel,"-124A,1.000"
X-3201,C8orf22,492307.0,Amp5,5.31
X-3201,CA8,767.0,Amp5,5.24
X-3201,CACNA1A,773.0,Amp5,6.59
X-3201,CAPN3,825.0,MutNovel,"V176M,0.389"
X-3201,CASP5,838.0,MutNovel,"D440Y,1.000"
X-3201,CC2D1A,54862.0,Amp8,15.03
X-3201,CCDC130,81576.0,Amp8,15.03
X-3201,CCNE1,898.0,Amp5,6.45
X-3201,CD44,960.0,Amp8,21.71
X-3201,CDK5RAP2,55755.0,MutNovel,"S1666L,0.991"
X-3201,CDY1B,253175.0,Del0.8,0.36
X-3201,CDY1B,253175.0,Del0.8,0.36
X-3201,CDY2A,9426.0,Del0.8,0.36
X-3201,CDY2A,9426.0,Del0.8,0.36
X-3201,CDY2B,203611.0,Del0.8,0.36
X-3201,CDY2B,203611.0,Del0.8,0.36
X-3201,CEBPD,1052.0,Amp5,5.31
X-3201,CEP164,22897.0,MutKnownFunctional,"-113?,0.263"
X-3201,CFHR1,3078.0,Amp5,5.86
X-3201,CHCHD7,79145.0,Amp5,5.24
X-3201,CHD7,55636.0,Amp5,5.24
X-3201,CKAP5,9793.0,MutNovel,"G132S,0.560"
X-3201,CLVS1,157807.0,Amp5,5.24
X-3201,CLYBL,171425.0,MutNovel,"A17V,0.574"
X-3201,COL22A1,169044.0,Amp5,5.24
X-3201,COMMD6,170622.0,Del0.8,0.53
X-3201,COMMD9,29099.0,Amp8,21.71
X-3201,CPEB2,132864.0,MutNovel,"P221Q,0.600"
X-3201,CREB3L2,64764.0,MutNovel,"V389I,0.250"
X-3201,CROCC,9696.0,MutNovel,"E785K,0.738"
X-3201,CSPG4P1Y,114758.0,Del0.8,0.36
X-3201,CSPG4P1Y,114758.0,Del0.8,0.36
X-3201,CT45A6,541465.0,MutNovel,"S101N,0.667"
X-3201,CTSA,5476.0,MutNovel,"L29-,1.000"
X-3201,CYP7A1,1581.0,Amp5,5.24
X-3201,CYP7B1,9420.0,Amp5,5.24
X-3201,DAZ1,1617.0,Del0.8,0.36
X-3201,DAZ2,57055.0,Del0.8,0.36
X-3201,DAZ3,57054.0,Del0.8,0.36
X-3201,DAZ3,57054.0,Del0.8,0.36
X-3201,DAZ4,57135.0,Del0.8,0.36
X-3201,DAZ4,57135.0,Del0.8,0.36
X-3201,DCAF15,90379.0,Amp8,15.03
X-3201,DDX3Y,8653.0,Del0.8,0.36
X-3201,DEFB103A,414325.0,Del0.8,0.41
X-3201,DEFB103A,414325.0,Del0.8,0.66
X-3201,DEFB104B,503618.0,Del0.8,0.66
X-3201,DEFB104B,503618.0,Del0.8,0.41
X-3201,DEFB105B,504180.0,Del0.8,0.66
X-3201,DEFB105B,504180.0,Del0.8,0.66
X-3201,DEFB106B,503841.0,Del0.8,0.52
X-3201,DEFB106B,503841.0,Del0.8,0.66
X-3201,DEFB107A,245910.0,Del0.8,0.66
X-3201,DEFB107A,245910.0,Del0.8,0.66
X-3201,DEFB109P1,245912.0,Del0.8,0.59
X-3201,DEFB4A,1673.0,Del0.8,0.66
X-3201,DEFB4B,100289462.0,Del0.8,0.41
X-3201,DENND3,22898.0,MutNovel,"E1088Q,0.815"
X-3201,DHX32,55760.0,MutNovel,"S342P,1.000"
X-3201,DKFZp434L192,222029.0,Amp5,5.5
X-3201,DNPEP,23549.0,MutNovel,"A291R,1.000"
X-3201,DPEP2,64174.0,MutNovel,"A270T,0.500"
X-3201,DRD4,1815.0,MutNovel,"A281P,1.000"
X-3201,DRD4,1815.0,MutNovel,"S284G,1.000"
X-3201,DYNC1I2,1781.0,MutNovel,"T458I,0.410"
X-3201,E2F5,1875.0,MutNovel,"G18A,0.765"
X-3201,EFCAB1,79645.0,Amp5,5.31
X-3201,EFNB3,1949.0,MutNovel,"P333S,1.000"
X-3201,EFR3A,23167.0,Amp5,5.24
X-3201,EHF,26298.0,Amp5,6.28
X-3201,EIF1AY,9086.0,Del0.8,0.36
X-3201,EIF3CL,728689.0,MutNovel,"G865A,0.750"
X-3201,FAAH2,158584.0,MutNovel,"P281S,0.989"
X-3201,FAM109A,144717.0,MutNovel,"R239Q,0.789"
X-3201,FAM110B,90362.0,Amp5,5.24
X-3201,FAM135B,51059.0,Amp5,5.24
X-3201,FAM150A,389658.0,Amp5,5.24
X-3201,FAM184B,27146.0,MutNovel,"K82R,1.000"
X-3201,FAM197Y2P,252946.0,Del0.8,0.36
X-3201,FAM21C,253725.0,MutNovel,"S468C,1.000"
X-3201,FAM41AY1,340618.0,Del0.8,0.36
X-3201,FAM41AY1,340618.0,Del0.8,0.36
X-3201,FAM49B,51571.0,Amp5,5.24
X-3201,FAM86B2,653333.0,Del0.8,0.59
X-3201,FAM90A1,55138.0,MutNovel,"G148R,0.765"
X-3201,FBRS,64319.0,MutNovel,"Y125C,0.491"
X-3201,FJX1,24147.0,Amp8,21.71
X-3201,FOXQ1,94234.0,MutNovel,"V387G,1.000"
X-3201,GAGE12G,,MutNovel,"Y9C,0.406"
X-3201,GAGE12G,,MutNovel,"M23V,0.647"
X-3201,GAGE12H,,MutNovel,"R13S,0.391"
X-3201,GAGE13,645051.0,MutNovel,"Y9C,0.500"
X-3201,GAGE2A,729447.0,MutNovel,"M22V,0.351"
X-3201,GAGE2A,729447.0,MutNovel,"R27Q,0.233"
X-3201,GAGE2D,729408.0,MutNovel,"R27Q,0.275"
X-3201,GATAD2A,54815.0,MutNovel,"R86C,0.472"
X-3201,GGH,8836.0,Amp5,5.24
X-3201,GGT2,,MutNovel,"T555M,0.485"
X-3201,GGT2,,MutNovel,"R535W,0.442"
X-3201,GGTLC1,92086.0,MutNovel,"R186W,1.000"
X-3201,GIGYF2,26058.0,MutNovel,"PQ1231P,1.000"
X-3201,GLTSCR2,29997.0,MutNovel,"D401A,0.321"
X-3201,GOLGA2P2Y,84559.0,Del0.8,0.36
X-3201,GOLGA2P2Y,84559.0,Del0.8,0.36
X-3201,GOLGA8A,23015.0,MutNovel,"R81W,0.333"
X-3201,GOLGA8B,440270.0,MutNovel,"R81W,0.260"
X-3201,GRAPL,400581.0,Del0.8,0.76
X-3201,GREB1L,80000.0,MutNovel,"D621G,0.308"
X-3201,GSDMC,56169.0,Amp5,5.24
X-3201,GSTM1,2944.0,MutNovel,"S210T,1.000"
X-3201,GTF2E1,2960.0,MutNovel,"K128Q,0.652"
X-3201,GYG2P1,352887.0,Del0.8,0.36
X-3201,HHLA1,10086.0,Amp5,5.24
X-3201,HIST1H1E,3008.0,MutNovel,"A7V,0.333"
X-3201,HMGCS2,3158.0,Amp8,17.75
X-3201,HOXC12,3228.0,MutNovel,"G104R,0.500"
X-3201,HPYR1,93668.0,Amp5,5.24
X-3201,HSFY2,159119.0,Del0.8,0.36
X-3201,HSFY2,159119.0,Del0.8,0.36
X-3201,HSPA1A,3303.0,MutNovel,"A467V,0.607"
X-3201,HSPA1B,3304.0,MutNovel,"A467V,0.889"
X-3201,IGHMBP2,3508.0,MutNovel,"I611V,1.000"
X-3201,IL27RA,9466.0,Amp8,15.03
X-3201,IL32,9235.0,MutNovel,"D172G,0.539"
X-3201,IMPAD1,54928.0,Amp5,5.24
X-3201,JUND,3727.0,MutNovel,"GGAG202G,0.371"
X-3201,KCNQ3,3786.0,Amp5,5.24
X-3201,KDM5D,8284.0,Del0.8,0.36
X-3201,KHDRBS3,10656.0,Amp5,5.24
X-3201,KIAA0146,23514.0,Amp5,5.31
X-3201,KIF1C,10749.0,MutNovel,"R731Q,0.241"
X-3201,KLHL22,84861.0,MutNovel,"K195N,0.436"
X-3201,KRT10,3858.0,MutNovel,"G514A,0.469"
X-3201,KRT10,3858.0,MutNovel,"G510S,0.261"
X-3201,KRT36,8689.0,MutNovel,"R371Q,1.000"
X-3201,KRT4,3851.0,MutNovel,"L253M,0.429"
X-3201,KRT6C,286887.0,MutNovel,"E305V,0.308"
X-3201,KRT6C,286887.0,MutNovel,"G109P,0.375"
X-3201,KRT78,196374.0,MutNovel,"Q372E,0.800"
X-3201,KRT86,3892.0,MutNovel,"K379R,0.571"
X-3201,LCE3C,353144.0,Del0.8,0.52
X-3201,LDLRAD3,143458.0,Amp8,21.71
X-3201,LILRA6,79168.0,Del0.8,0.39
X-3201,LIMS3-LOC440895,100271835.0,Amp5,5.98
X-3201,LIMS3L,100288695.0,Amp5,5.98
X-3201,LINC00251,552859.0,Amp5,5.24
X-3201,LINC00293,497634.0,Amp5,5.31
X-3201,LOC100130155,100130155.0,Amp5,5.24
X-3201,LOC100130298,100130298.0,Amp5,5.24
X-3201,LOC100132247,100132247.0,MutNovel,"S1066L,0.429"
X-3201,LOC100132396,100132396.0,Del0.8,0.57
X-3201,LOC100132900,,MutKnownFunctional,"-156,1.000"
X-3201,LOC100287846,100287846.0,Amp5,5.31
X-3201,LOC100505906,,MutNovel,"S406R,0.400"
X-3201,LOC100507117,100507117.0,Amp5,5.24
X-3201,LOC100507373,100507373.0,Amp8,15.03
X-3201,LOC100507632,100507632.0,Amp5,5.24
X-3201,LOC100507651,100507651.0,Amp5,5.24
X-3201,LOC100996256,,MutNovel,"D77G,1.000"
X-3201,LOC100996273,,MutNovel,"L167S,1.000"
X-3201,LOC100996287,,MutNovel,"C136R,1.000"
X-3201,LOC100996689,,MutNovel,"P243S,0.222"
X-3201,LOC100996689,,MutNovel,"G193E,0.583"
X-3201,LOC100996689,,MutKnownFunctional,"-187,0.600"
X-3201,LOC113230,113230.0,Amp8,15.03
X-3201,LOC151009,151009.0,Amp5,5.98
X-3201,LOC284454,284454.0,Amp8,15.03
X-3201,LOC286094,286094.0,Amp5,5.24
X-3201,LOC286114,286114.0,Del0.8,0.59
X-3201,LOC286177,286177.0,Amp5,5.24
X-3201,LOC286184,286184.0,Amp5,5.24
X-3201,LOC286186,286186.0,Amp5,5.24
X-3201,LOC401463,401463.0,Amp5,5.24
X-3201,LOC649238,,MutNovel,"A114T,1.000"
X-3201,LOC653513,653513.0,Amp8,9.92
X-3201,LOC727677,727677.0,Amp8,16.45
X-3201,LOC728724,728724.0,Amp5,5.24
X-3201,LOC728888,,MutNovel,"R931W,1.000"
X-3201,LPHN1,22859.0,Amp5,5.86
X-3201,LRRC6,23639.0,Amp5,5.24
X-3201,LRRN1,57633.0,MutNovel,"K111N,0.763"
X-3201,LRSAM1,90678.0,MutNovel,"R572C,0.995"
X-3201,LSR,51599.0,MutNovel,"G518GR,0.551"
X-3201,LYN,4067.0,Amp5,5.24
X-3201,LYPLA1,10434.0,Amp5,5.24
X-3201,LZTS1,11178.0,Del0.8,0.6
X-3201,MAGEA2,4101.0,MutNovel,"V170D,0.952"
X-3201,MAGEC1,9947.0,MutNovel,"L318I,1.000"
X-3201,MAP1S,55201.0,MutNovel,"R493K,0.273"
X-3201,MAPKAPK2,9261.0,MutNovel,"T25A,1.000"
X-3201,2014-03-02 00:00:00,54996.0,MutNovel,"R49L,1.000"
X-3201,MAVS,57506.0,MutNovel,"G514E,0.421"
X-3201,MCM4,4173.0,Amp5,5.31
X-3201,MGAT4B,11282.0,MutNovel,"A18V,0.455"
X-3201,MINPP1,9562.0,MutNovel,"V147A,0.233"
X-3201,MIR1204,100302185.0,Amp8,10.85
X-3201,MIR1205,100302161.0,Amp8,10.85
X-3201,MIR1206,100302170.0,Amp8,10.85
X-3201,MIR1207,100302175.0,Amp8,10.85
X-3201,MIR1208,100302281.0,Amp5,5.24
X-3201,MIR124-2,406908.0,Amp5,5.24
X-3201,MIR1343,100616437.0,Amp8,34.3
X-3201,MIR181C,406957.0,Amp8,15.03
X-3201,MIR181D,574457.0,Amp8,15.03
X-3201,MIR30B,407030.0,Amp5,5.24
X-3201,MIR30D,407033.0,Amp5,5.24
X-3201,MIR3973,100616311.0,Amp8,21.71
X-3201,MIR4470,100616484.0,Amp5,5.24
X-3201,MIR548F2,100313771.0,Del0.8,0.66
X-3201,MKI67,4288.0,MutNovel,"G1450DPG,1.000"
X-3201,MLL2,8085.0,MutNovel,"T5043P,0.350"
X-3201,MOS,4342.0,Amp5,5.24
X-3201,MPRIP,23164.0,MutNovel,"TS178T,1.000"
X-3201,MRI1,84245.0,Amp8,15.03
X-3201,MRPL15,29088.0,Amp5,5.24
X-3201,MRPL49,740.0,MutNovel,"K122R,0.989"
X-3201,MTERFD2,130916.0,MutNovel,"DE366E,1.000"
X-3201,MTHFD1L,25902.0,MutNovel,"A680V,0.518"
X-3201,MTRNR2L2,100462981.0,MutNovel,"S12L,1.000"
X-3201,MYADML2,255275.0,MutNovel,"N266S,1.000"
X-3201,MYC,4609.0,Amp8,16.45
X-3201,NACA2,342538.0,MutNovel,"V215M,1.000"
X-3201,NANOS3,342977.0,Amp8,15.03
X-3201,NAP1L1,4673.0,MutNovel,"G369R,0.616"
X-3201,NBPF1,55672.0,MutNovel,"D876N,0.419"
X-3201,NBPF1,55672.0,MutNovel,"D712H,0.276"
X-3201,NBPF1,55672.0,MutNovel,"V701F,0.226"
X-3201,NBPF1,55672.0,MutNovel,"T501R,1.000"
X-3201,NBPF11,200030.0,MutNovel,"T564A,1.000"
X-3201,NBPF16,728936.0,MutNovel,"P534L,0.500"
X-3201,NBPF16,728936.0,MutNovel,"P669T,0.333"
X-3201,NBPF24,,MutNovel,"T510A,1.000"
X-3201,NBPF7,343505.0,Amp8,22.78
X-3201,NBPF9,400818.0,MutNovel,"R114L,0.479"
X-3201,NBPF9,400818.0,Amp8,9.92
X-3201,NCOR2,9612.0,MutNovel,"G1839GAAA,0.917"
X-3201,NCRNA00185,55410.0,Del0.8,0.36
X-3201,NDRG1,10397.0,Amp5,5.24
X-3201,NDST1,3340.0,MutNovel,"N284S,0.524"
X-3201,NDUFV2,4729.0,MutKnownFunctional,"-214,0.397"
X-3201,NF1,4763.0,MutNovel,"G984E,0.444"
X-3201,NF1,4763.0,MutNovel,"L1018V,0.333"
X-3201,NF2,4771.0,MutNovel,"E463K,0.504"
X-3201,NFATC4,4776.0,MutNovel,"V721I,0.407"
X-3201,NKAIN3,286183.0,Amp5,5.24
X-3201,NLGN4Y,22829.0,Del0.8,0.36
X-3201,NOTCH2,4853.0,Amp8,12.73
X-3201,NPBWR1,2831.0,Amp5,5.24
X-3201,NPIPL3,23117.0,MutNovel,"E779Q,0.622"
X-3201,NR1H2,7376.0,MutNovel,"-173Q,1.000"
X-3201,NR4A2,4929.0,MutNovel,"N543S,0.653"
X-3201,NSMAF,8439.0,Amp5,5.24
X-3201,NUDT11,55190.0,MutKnownFunctional,"-1,1.000"
X-3201,NUP133,55746.0,MutNovel,"T290M,1.000"
X-3201,NUP93,9688.0,MutNovel,"I609T,0.561"
X-3201,OC90,729330.0,Amp5,5.24
X-3201,OCEL1,79629.0,MutNovel,"P76R,0.418"
X-3201,OPRK1,4986.0,Amp5,5.24
X-3201,ORAI1,84876.0,MutNovel,"PP43-,1.000"
X-3201,OTUD7B,56957.0,MutKnownFunctional,"-754,1.000"
X-3201,PABPC3,5042.0,MutKnownFunctional,"-228,0.316"
X-3201,PALM3,342979.0,Amp8,15.03
X-3201,PAMR1,25891.0,Amp8,21.71
X-3201,PAWR,5074.0,MutNovel,"P42L,0.566"
X-3201,PBRM1,55193.0,MutNovel,"G496R,1.000"
X-3201,PCDH11Y,83259.0,Del0.8,0.36
X-3201,PCDHB12,56124.0,MutNovel,"W578R,0.600"
X-3201,PCMTD1,115294.0,Amp5,5.24
X-3201,PCNXL4,,MutNovel,"P807LS,0.366"
X-3201,PDCD2,5134.0,MutNovel,"G42R,0.227"
X-3201,PDE1C,5137.0,MutNovel,"S680C,0.625"
X-3201,PDE4DIP,9659.0,MutNovel,"P2341L,0.931"
X-3201,PDE4DIP,9659.0,Amp5,7.78
X-3201,PDHX,8050.0,Amp8,25.46
X-3201,PDIA2,64714.0,MutKnownFunctional,"-493?,0.500"
X-3201,PDLIM5,10611.0,MutNovel,"R114C,0.750"
X-3201,PENK,5179.0,Amp5,5.24
X-3201,PEX16,9409.0,MutNovel,"H345P,0.864"
X-3201,PFN1P2,767846.0,Amp8,9.92
X-3201,PGPEP1L,145814.0,MutKnownFunctional,"-165?,1.000"
X-3201,PHF20L1,51105.0,Amp5,5.24
X-3201,PHGDH,26227.0,Amp8,13.74
X-3201,PHLDA1,22822.0,MutNovel,"QQ194Q,0.923"
X-3201,PIEZO1,9780.0,MutNovel,"N1585S,0.543"
X-3201,PLAG1,5324.0,Amp5,5.24
X-3201,PLEKHF1,79156.0,Amp5,6.45
X-3201,PODNL1,79883.0,Amp8,15.03
X-3201,POLR2J2,246721.0,MutKnownFunctional,"R73*,0.739"
X-3201,POP4,10775.0,Amp5,6.45
X-3201,POU5F1B,5462.0,Amp8,16.45
X-3201,PPIAL4G,644591.0,MutNovel,"S95P,1.000"
X-3201,PPP1R13L,10848.0,MutNovel,"PGPGGP557P,0.500"
X-3201,PRKACA,5566.0,Amp8,15.03
X-3201,PRKDC,5591.0,Amp5,5.31
X-3201,PRKY,5616.0,Del0.8,0.36
X-3201,PRR5L,79899.0,Amp8,21.71
X-3201,PRSS21,10942.0,MutNovel,"G5R,0.460"
X-3201,PRY,9081.0,Del0.8,0.36
X-3201,PRY,9081.0,Del0.8,0.36
X-3201,PRY2,442862.0,Del0.8,0.36
X-3201,PRY2,442862.0,Del0.8,0.36
X-3201,PSORS1C1,170679.0,MutKnownFunctional,"-38?,0.262"
X-3201,PTTG2,10744.0,MutNovel,"L122P,1.000"
X-3201,PVRIG,79037.0,MutNovel,"G120V,0.810"
X-3201,PVT1,5820.0,Amp8,10.85
X-3201,PXDNL,137902.0,Amp5,5.24
X-3201,RAB2A,5862.0,Amp5,5.24
X-3201,RAB3GAP1,22930.0,MutNovel,"A358P,0.536"
X-3201,RAG1,5896.0,Amp8,21.71
X-3201,RAG2,5897.0,Amp8,21.71
X-3201,RB1CC1,9821.0,Amp5,5.24
X-3201,RBMY1A3P,286557.0,Del0.8,0.36
X-3201,RBMY1B,378948.0,Del0.8,0.36
X-3201,RBMY1B,378948.0,Del0.8,0.36
X-3201,RBMY1E,378950.0,Del0.8,0.36
X-3201,RBMY1E,378950.0,Del0.8,0.36
X-3201,RBMY1F,159163.0,Del0.8,0.36
X-3201,RBMY1F,159163.0,Del0.8,0.36
X-3201,RBMY1J,378951.0,Del0.8,0.36
X-3201,RBMY1J,378951.0,Del0.8,0.36
X-3201,RBMY2EP,159125.0,Del0.8,0.36
X-3201,RBMY2FP,159162.0,Del0.8,0.36
X-3201,RBMY3AP,64593.0,Del0.8,0.36
X-3201,REG4,83998.0,Amp8,22.78
X-3201,REST,5978.0,MutNovel,"S203C,1.000"
X-3201,RFX1,5989.0,Amp8,15.03
X-3201,RGPD6,729540.0,Amp5,5.98
X-3201,RGS20,8601.0,Amp5,5.24
X-3201,RLN3,117579.0,Amp8,15.03
X-3201,RP1,6101.0,Amp5,5.24
X-3201,RPL14,9045.0,MutNovel,"A152T,0.438"
X-3201,RPN2,6185.0,MutNovel,"T149A,0.484"
X-3201,RPS20,6224.0,Amp5,5.24
X-3201,RPS4Y1,6192.0,Del0.8,0.36
X-3201,RPS4Y2,140032.0,Del0.8,0.36
X-3201,RUNX1,861.0,MutNovel,"L56S,0.484"
X-3201,SAMD1,90378.0,Amp8,15.03
X-3201,SBF1P1,100133234.0,Amp5,5.24
X-3201,SDCBP,6386.0,Amp5,5.24
X-3201,SDR16C5,195814.0,Amp5,5.24
X-3201,SEC22B,9554.0,Amp8,9.32
X-3201,SERINC2,347735.0,MutNovel,"-373Q,1.000"
X-3201,SLA,6503.0,Amp5,5.24
X-3201,SLC18A1,6570.0,Del0.8,0.73
X-3201,SLC1A2,6506.0,Amp8,21.71
X-3201,SLCO1B1,10599.0,MutNovel,"S231A,0.375"
X-3201,SLCO1B1,10599.0,MutNovel,"M233I,0.375"
X-3201,SLCO1B1,10599.0,MutNovel,"F329L,0.500"
X-3201,SLTM,79811.0,MutKnownFunctional,"-595?,0.276"
X-3201,SMC5,23137.0,MutNovel,"G716R,0.643"
X-3201,SNAI2,6591.0,Amp5,5.31
X-3201,SNAPC4,6621.0,MutNovel,"S542RAA,1.000"
X-3201,SNORD54,26795.0,Amp5,5.24
X-3201,SOX17,64321.0,Amp5,5.24
X-3201,SPAG11A,653423.0,Del0.8,0.66
X-3201,SPAG11B,10407.0,Del0.8,0.66
X-3201,SPAG11B,10407.0,Del0.8,0.41
X-3201,SPG11,80208.0,MutNovel,"K1641N,0.500"
X-3201,SPON2,10417.0,MutNovel,"G101V,0.568"
X-3201,SPPL2B,56928.0,MutKnownFunctional,"-275?,0.655"
X-3201,SRY,6736.0,Del0.8,0.36
X-3201,ST18,9705.0,Amp5,5.24
X-3201,ST3GAL1,6482.0,Amp5,5.24
X-3201,SYNE2,23224.0,MutNovel,"E4040K,1.000"
X-3201,TAF6L,10629.0,MutNovel,"R105L,1.000"
X-3201,TBC1D19,55296.0,MutNovel,"E102K,0.238"
X-3201,TBC1D23,55773.0,MutNovel,"G542D,0.464"
X-3201,TBC1D2B,23102.0,MutNovel,"S322G,0.467"
X-3201,TBC1D4,9882.0,Del0.8,0.78
X-3201,TBL1Y,90665.0,Del0.8,0.36
X-3201,TBP,6908.0,MutNovel,"-64Q,1.000"
X-3201,TCEA1,6917.0,Amp5,5.24
X-3201,TCIRG1,10312.0,MutNovel,"-759GL,1.000"
X-3201,TEX35,,MutKnownFunctional,"-164?,0.833"
X-3201,TG,7038.0,Amp5,5.24
X-3201,TGIF2LY,90655.0,Del0.8,0.36
X-3201,TGS1,96764.0,Amp5,5.24
X-3201,TLR6,10333.0,MutNovel,"V465I,0.545"
X-3201,TMBIM4,51643.0,MutKnownFunctional,"-174?,0.510"
X-3201,TMEM184A,202915.0,MutNovel,"G392GA,1.000"
X-3201,TMEM191B,728229.0,MutKnownFunctional,"-344?,0.550"
X-3201,TMEM200C,645369.0,MutNovel,"G434R,0.800"
X-3201,TMEM68,137695.0,Amp5,5.24
X-3201,TMEM71,137835.0,Amp5,5.24
X-3201,TMSB4Y,9087.0,Del0.8,0.36
X-3201,TOX,9760.0,Amp5,5.24
X-3201,TP53,7157.0,MutLikelyFunctional,"S241F,0.995"
X-3201,TRAF6,7189.0,Amp8,21.71
X-3201,TRIM44,54765.0,Amp8,21.71
X-3201,TRMT10C,,MutKnownFunctional,"-257,0.556"
X-3201,TSPY1,7258.0,Del0.8,0.36
X-3201,TSPY2,64591.0,Del0.8,0.36
X-3201,TSPY3,728137.0,Del0.8,0.36
X-3201,TSPY4,728395.0,Del0.8,0.36
X-3201,TSPY8,728403.0,Del0.8,0.36
X-3201,TSPYL1,7259.0,MutNovel,"V176VW,1.000"
X-3201,TTC30B,150737.0,MutNovel,"Q39H,1.000"
X-3201,TTPA,7274.0,Amp5,5.24
X-3201,TTTY10,246119.0,Del0.8,0.36
X-3201,TTTY11,83866.0,Del0.8,0.36
X-3201,TTTY12,83867.0,Del0.8,0.36
X-3201,TTTY13,83868.0,Del0.8,0.36
X-3201,TTTY14,83869.0,Del0.8,0.36
X-3201,TTTY15,64595.0,Del0.8,0.36
X-3201,TTTY16,252948.0,Del0.8,0.36
X-3201,TTTY17A,252949.0,Del0.8,0.36
X-3201,TTTY17A,252949.0,Del0.8,0.36
X-3201,TTTY18,252950.0,Del0.8,0.36
X-3201,TTTY19,252952.0,Del0.8,0.36
X-3201,TTTY1B,100101116.0,Del0.8,0.36
X-3201,TTTY1B,100101116.0,Del0.8,0.36
X-3201,TTTY2,60439.0,Del0.8,0.36
X-3201,TTTY2,60439.0,Del0.8,0.36
X-3201,TTTY20,252951.0,Del0.8,0.36
X-3201,TTTY21,252953.0,Del0.8,0.36
X-3201,TTTY21,252953.0,Del0.8,0.36
X-3201,TTTY22,252954.0,Del0.8,0.36
X-3201,TTTY23,252955.0,Del0.8,0.36
X-3201,TTTY23,252955.0,Del0.8,0.36
X-3201,TTTY3,114760.0,Del0.8,0.36
X-3201,TTTY3,114760.0,Del0.8,0.36
X-3201,TTTY4,114761.0,Del0.8,0.36
X-3201,TTTY4,114761.0,Del0.8,0.36
X-3201,TTTY5,83863.0,Del0.8,0.36
X-3201,TTTY6,84672.0,Del0.8,0.36
X-3201,TTTY6,84672.0,Del0.8,0.36
X-3201,TTTY7,246122.0,Del0.8,0.36
X-3201,TTTY7,246122.0,Del0.8,0.36
X-3201,TTTY7B,100101120.0,Del0.8,0.36
X-3201,TTTY7B,100101120.0,Del0.8,0.36
X-3201,TTTY8,84673.0,Del0.8,0.36
X-3201,TTTY8,84673.0,Del0.8,0.36
X-3201,TTTY9A,83864.0,Del0.8,0.36
X-3201,TTTY9A,83864.0,Del0.8,0.36
X-3201,TXLNG,55787.0,MutNovel,"E6G,0.500"
X-3201,TXLNG2P,246126.0,Del0.8,0.36
X-3201,UBE2V2,7336.0,Amp5,5.31
X-3201,UBXN2B,137886.0,Amp5,5.24
X-3201,UG0898H09,643763.0,Amp5,5.24
X-3201,UPF3A,65110.0,MutNovel,"A14V,0.544"
X-3201,URB1,9875.0,MutNovel,"A1213T,0.478"
X-3201,USP9Y,8287.0,Del0.8,0.36
X-3201,UTY,7404.0,Del0.8,0.36
X-3201,VCY,9084.0,Del0.8,0.36
X-3201,VCY,9084.0,Del0.8,0.36
X-3201,VILL,50853.0,MutKnownFunctional,"-709?,0.269"
X-3201,VSTM2B,342865.0,Amp5,6.45
X-3201,VWA1,64856.0,MutNovel,"A326P,1.000"
X-3201,WASH1,100287171.0,MutNovel,"D141E,0.610"
X-3201,WDR24,84219.0,MutNovel,"W259R,0.273"
X-3201,WDR53,348793.0,MutNovel,"G7S,0.734"
X-3201,WISP1,8840.0,Amp5,5.24
X-3201,WRNIP1,56897.0,MutNovel,"EG95-,0.605"
X-3201,XKR4,114786.0,Amp5,5.24
X-3201,XKRY2,353515.0,Del0.8,0.36
X-3201,XKRY2,353515.0,Del0.8,0.36
X-3201,YTHDF3,253943.0,Amp5,5.24
X-3201,ZBTB7C,201501.0,MutNovel,"D78E,0.267"
X-3201,ZDHHC11,79844.0,MutNovel,"M181L,0.326"
X-3201,ZDHHC11B,,MutNovel,"M426L,1.000"
X-3201,ZFAT,57623.0,Amp5,5.24
X-3201,ZFAT-AS1,594840.0,Amp5,5.24
X-3201,ZFY,7544.0,Del0.8,0.36
X-3201,ZNF268,10795.0,MutNovel,"G384V,0.778"
X-3201,ZNF28,7576.0,MutNovel,"E639G,0.294"
X-3201,ZNF384,171017.0,MutNovel,"QQ514Q,0.507"
X-3201,ZNF732,654254.0,MutNovel,"A24D,1.000"
X-3201,ZNRF2,223082.0,MutNovel,"V87M,0.438"
X-3201,ZRSR2,8233.0,MutNovel,"-439SR,0.382"
X-3201,ZSWIM4,65249.0,Amp8,15.03
X-3202,ABHD15,116236.0,MutKnownFunctional,"-140,0.833"
X-3202,ACE2,59272.0,Del0.8,0.74
X-3202,ACOT9,23597.0,Del0.8,0.75
X-3202,ACR,49.0,MutNovel,"G217E,1.000"
X-3202,ACRC,93953.0,MutNovel,"N182K,0.250"
X-3202,ACTRT1,139741.0,Del0.8,0.29
X-3202,ADAM28,10863.0,Del0.8,0.75
X-3202,ADAM7,8756.0,Del0.8,0.75
X-3202,ADAMDEC1,27299.0,Del0.8,0.75
X-3202,ADAMTSL1,92949.0,MutNovel,"S1519R,1.000"
X-3202,ADAMTSL4,54507.0,Amp5,5.35
X-3202,ADAR,103.0,MutNovel,"D312V,0.702"
X-3202,ADRA1A,148.0,Del0.8,0.78
X-3202,AGAP6,414189.0,MutNovel,"R249H,0.259"
X-3202,AIM1,202.0,Amp5,5.9
X-3202,AKAP17A,8227.0,MutNovel,"E1286K,1.000"
X-3202,AKAP17A,8227.0,Del0.8,0.76
X-3202,AKAP4,8852.0,Del0.8,0.78
X-3202,AKT3,10000.0,Amp5,6.28
X-3202,ALAS2,212.0,Del0.8,0.78
X-3202,ALKBH7,84266.0,MutNovel,"R194Q,0.471"
X-3202,AMELX,265.0,Del0.8,0.74
X-3202,AMELY,266.0,Del0.8,0.36
X-3202,AMFR,267.0,MutNovel,"G19V,0.523"
X-3202,ANKRD12,23253.0,MutNovel,"K1608R,1.000"
X-3202,ANP32E,81611.0,Amp5,5.35
X-3202,AP1S2,8905.0,Del0.8,0.74
X-3202,APEX2,27301.0,Del0.8,0.78
X-3202,APH1A,51107.0,Amp5,5.35
X-3202,APOO,79135.0,Del0.8,0.75
X-3202,ARAF,369.0,Del0.8,0.78
X-3202,ARHGAP6,395.0,Del0.8,0.74
X-3202,ARID1B,57492.0,MutNovel,"P621L,0.686"
X-3202,ARRDC3,57561.0,Amp5,7.01
X-3202,ARSD,414.0,Del0.8,0.76
X-3202,ARSE,415.0,Del0.8,0.76
X-3202,ARSF,416.0,Del0.8,0.76
X-3202,ARSH,347527.0,Del0.8,0.76
X-3202,ARV1,64801.0,MutKnownFunctional,"-170?,0.310"
X-3202,ARX,170302.0,Del0.8,0.75
X-3202,ASAH1,427.0,Del0.8,0.79
X-3202,ASB11,140456.0,Del0.8,0.74
X-3202,ASB9,140462.0,Del0.8,0.74
X-3202,ASMT,438.0,Del0.8,0.76
X-3202,ASMTL,8623.0,MutNovel,"T651I,1.000"
X-3202,ASMTL,8623.0,Del0.8,0.76
X-3202,ASMTL-AS1,80161.0,Del0.8,0.76
X-3202,ATHL1,80162.0,MutNovel,"G626S,0.455"
X-3202,ATN1,1822.0,MutNovel,"P590L,0.667"
X-3202,ATP6AP2,10159.0,Del0.8,0.78
X-3202,ATP6V1B2,526.0,Del0.8,0.79
X-3202,ATXN3L,92552.0,Del0.8,0.74
X-3202,AVEN,57099.0,MutNovel,"GGGGG41G,0.333"
X-3202,AZI1,22994.0,MutKnownFunctional,"Q1027*,1.000"
X-3202,BBS9,27241.0,MutNovel,"Q132H,0.500"
X-3202,BCL9L,283149.0,MutNovel,"P1125H,0.341"
X-3202,BCOR,54880.0,Del0.8,0.78
X-3202,BCORP1,286554.0,Del0.8,0.31
X-3202,BEND2,139105.0,Del0.8,0.75
X-3202,BIN3,55909.0,Del0.8,0.79
X-3202,BLK,640.0,Del0.8,0.78
X-3202,BMP1,649.0,Del0.8,0.79
X-3202,BMP15,9210.0,Del0.8,0.78
X-3202,BMPR2,659.0,MutNovel,"G441R,0.676"
X-3202,BMX,660.0,Del0.8,0.74
X-3202,BNIP3L,665.0,Del0.8,0.78
X-3202,BOLA1,51027.0,Amp5,5.35
X-3202,BPY2B,442867.0,Del0.8,0.15
X-3202,BPY2B,442867.0,Del0.8,0.23
X-3202,BRD2,6046.0,MutNovel,"A49C,0.355"
X-3202,C19orf33,64073.0,MutNovel,"K100-,0.293"
X-3202,C1orf51,148523.0,Amp5,5.35
X-3202,C1orf54,79630.0,Amp5,5.35
X-3202,C6orf203,51250.0,MutNovel,"S43C,0.591"
X-3202,C8orf12,83656.0,Del0.8,0.78
X-3202,C8orf48,157773.0,Del0.8,0.76
X-3202,C8orf58,541565.0,Del0.8,0.79
X-3202,C8orf74,203076.0,Del0.8,0.78
X-3202,CA14,23632.0,Amp5,5.35
X-3202,CA5B,11238.0,Del0.8,0.74
X-3202,CA5BP1,340591.0,Del0.8,0.74
X-3202,CACNA1A,773.0,MutNovel,"QQ2330-,0.347"
X-3202,CACNA1C,775.0,MutNovel,"N1364S,1.000"
X-3202,CACNA1F,778.0,Del0.8,0.78
X-3202,CAMLG,819.0,MutNovel,"E286G,0.517"
X-3202,CASK,8573.0,Del0.8,0.78
X-3202,CASP8AP2,9994.0,MutNovel,"Y1176H,0.327"
X-3202,CAT,847.0,Amp5,5.17
X-3202,CCDC120,90060.0,Del0.8,0.78
X-3202,CCDC22,28952.0,Del0.8,0.78
X-3202,CCL3L1,6349.0,Del0.8,0.73
X-3202,CCL3L3,414062.0,Del0.8,0.73
X-3202,CCL4L1,9560.0,Del0.8,0.73
X-3202,CCNB3,85417.0,Del0.8,0.78
X-3202,CD99,4267.0,Del0.8,0.76
X-3202,CD99P1,401577.0,Del0.8,0.76
X-3202,CDC42EP1,11135.0,MutNovel,"PAPAANPS253P,0.781"
X-3202,CDCA2,157313.0,Del0.8,0.78
X-3202,CDK13,8621.0,MutNovel,"M799V,0.240"
X-3202,CDK16,5127.0,Del0.8,0.78
X-3202,CDKL3,51265.0,MutNovel,"H423R,0.364"
X-3202,CDKL5,6792.0,Del0.8,0.75
X-3202,CDKN1C,1028.0,MutNovel,"APVAV171V,0.429"
X-3202,CDY1B,253175.0,Del0.8,0.31
X-3202,CDY1B,253175.0,Del0.8,0.23
X-3202,CDY2A,9426.0,Del0.8,0.31
X-3202,CDY2A,9426.0,Del0.8,0.31
X-3202,CDY2B,203611.0,Del0.8,0.31
X-3202,CDY2B,203611.0,Del0.8,0.31
X-3202,CEP63,80254.0,MutNovel,"S452C,0.250"
X-3202,CFP,5199.0,Del0.8,0.78
X-3202,CHMP7,91782.0,Del0.8,0.79
X-3202,CHRNA2,1135.0,Del0.8,0.78
X-3202,CHST7,56548.0,Del0.8,0.78
X-3202,CIR1,9541.0,MutNovel,"S392R,0.705"
X-3202,CLCN4,1183.0,Del0.8,0.74
X-3202,CLCN5,1184.0,Del0.8,0.78
X-3202,CLDN23,137075.0,Del0.8,0.78
X-3202,CNKSR2,22866.0,Del0.8,0.75
X-3202,CNOT7,29883.0,Del0.8,0.79
X-3202,CNTNAP3B,728577.0,Amp5,5.78
X-3202,CRAMP1L,57585.0,MutNovel,"A68V,0.459"
X-3202,CRLF2,64109.0,Del0.8,0.76
X-3202,CSF2RA,1438.0,Del0.8,0.76
X-3202,CSGALNACT1,55790.0,Del0.8,0.79
X-3202,CSPG4P1Y,114758.0,Del0.8,0.31
X-3202,CSPG4P1Y,114758.0,Del0.8,0.23
X-3202,CSTF2T,23283.0,Del0.8,0.8
X-3202,CTPS2,56474.0,Del0.8,0.74
X-3202,CTSA,5476.0,MutNovel,"L29-,0.246"
X-3202,CTSB,1508.0,Del0.8,0.78
X-3202,CXXC1P1,392459.0,Del0.8,0.78
X-3202,CXorf21,80231.0,Del0.8,0.75
X-3202,CXorf22,170063.0,Del0.8,0.75
X-3202,CXorf23,256643.0,Del0.8,0.75
X-3202,CXorf27,25763.0,Del0.8,0.75
X-3202,CXorf28,100129464.0,Del0.8,0.76
X-3202,CXorf30,645090.0,Del0.8,0.75
X-3202,CXorf36,79742.0,Del0.8,0.78
X-3202,CXorf38,159013.0,Del0.8,0.78
X-3202,CXorf58,254158.0,Del0.8,0.75
X-3202,CXorf59,286464.0,Del0.8,0.75
X-3202,CYBB,1536.0,Del0.8,0.75
X-3202,DAGLB,221955.0,MutNovel,"S605L,0.449"
X-3202,DAZ1,1617.0,Del0.8,0.31
X-3202,DAZ2,57055.0,Del0.8,0.27
X-3202,DAZ3,57054.0,Del0.8,0.26
X-3202,DAZ3,57054.0,Del0.8,0.23
X-3202,DAZ4,57135.0,Del0.8,0.25
X-3202,DAZ4,57135.0,Del0.8,0.28
X-3202,DBNDD2,55861.0,MutNovel,"L10W,0.600"
X-3202,DCAF8L1,139425.0,Del0.8,0.75
X-3202,DCAF8L2,347442.0,Del0.8,0.75
X-3202,DDX3X,1654.0,Del0.8,0.78
X-3202,DDX3Y,8653.0,Del0.8,0.31
X-3202,DDX53,168400.0,Del0.8,0.75
X-3202,DEFB134,613211.0,Del0.8,0.78
X-3202,DEFB135,613209.0,Del0.8,0.78
X-3202,DEFB136,613210.0,Del0.8,0.78
X-3202,DENND4B,9909.0,MutNovel,"QQQ908-,0.723"
X-3202,DGKK,139189.0,Del0.8,0.78
X-3202,DHRSX,207063.0,Del0.8,0.76
X-3202,DLC1,10395.0,Del0.8,0.76
X-3202,DMD,1756.0,Del0.8,0.75
X-3202,DMXL1,1657.0,MutNovel,"Q1122R,0.636"
X-3202,DNAH7,56171.0,MutKnownFunctional,"-2872?,0.833"
X-3202,DOCK2,1794.0,MutNovel,"H951N,0.600"
X-3202,DOCK5,80005.0,Del0.8,0.78
X-3202,DOK2,9046.0,Del0.8,0.79
X-3202,DPYSL2,1808.0,Del0.8,0.78
X-3202,DUSP21,63904.0,Del0.8,0.78
X-3202,DYNLT3,6990.0,Del0.8,0.75
X-3202,E2F5,1875.0,MutNovel,"G18A,0.815"
X-3202,EBF2,64641.0,Del0.8,0.78
X-3202,EBP,10682.0,Del0.8,0.78
X-3202,ECM1,1893.0,Amp5,5.35
X-3202,EFHA2,286097.0,Del0.8,0.79
X-3202,EFHC2,80258.0,Del0.8,0.78
X-3202,EGFL6,25975.0,Del0.8,0.74
X-3202,EGR3,1960.0,Del0.8,0.79
X-3202,EHBP1L1,254102.0,MutNovel,"R1517Q,0.647"
X-3202,EHF,26298.0,Amp5,7.57
X-3202,EIF1AX,1964.0,Del0.8,0.75
X-3202,EIF1AY,9086.0,Del0.8,0.31
X-3202,EIF2S3,1968.0,Del0.8,0.75
X-3202,EIF5AL1,143244.0,MutNovel,"YD127Y,0.357"
X-3202,ELF5,2001.0,Amp8,12.73
X-3202,ELK1,2002.0,Del0.8,0.78
X-3202,ENSA,2029.0,Amp5,7.84
X-3202,ENTPD4,9583.0,Del0.8,0.79
X-3202,EPB49,2039.0,Del0.8,0.79
X-3202,EPPK1,83481.0,MutNovel,"R262Q,0.539"
X-3202,ERAS,3266.0,Del0.8,0.78
X-3202,ERI1,90459.0,Del0.8,0.78
X-3202,EVPL,2125.0,MutNovel,"L499P,0.338"
X-3202,FAM104B,90736.0,Del0.8,0.78
X-3202,FAM120C,54954.0,Del0.8,0.78
X-3202,FAM156A,29057.0,Del0.8,0.78
X-3202,FAM156A,29057.0,Del0.8,0.78
X-3202,FAM156B,727866.0,Del0.8,0.78
X-3202,FAM156B,727866.0,Del0.8,0.78
X-3202,FAM160B2,64760.0,Del0.8,0.79
X-3202,FAM167A,83648.0,Del0.8,0.78
X-3202,FAM171B,165215.0,MutNovel,"-44Q,0.294"
X-3202,FAM197Y2P,252946.0,Del0.8,0.06
X-3202,FAM41AY1,340618.0,Del0.8,0.31
X-3202,FAM41AY1,340618.0,Del0.8,0.31
X-3202,FAM47A,158724.0,Del0.8,0.75
X-3202,FAM47B,170062.0,Del0.8,0.75
X-3202,FAM47C,442444.0,Del0.8,0.75
X-3202,FAM48B1,100130302.0,Del0.8,0.75
X-3202,FAM48B2,170067.0,Del0.8,0.75
X-3202,FAM75A6,389730.0,Amp5,5.78
X-3202,FAM86B1,85002.0,MutNovel,"R236W,0.545"
X-3202,FAM90A1,55138.0,MutNovel,"G148R,0.688"
X-3202,FAM9A,171482.0,Del0.8,0.74
X-3202,FAM9B,171483.0,Del0.8,0.74
X-3202,FAM9C,171484.0,Del0.8,0.74
X-3202,FANCB,2187.0,Del0.8,0.74
X-3202,FANCC,2176.0,MutNovel,"R463C,0.714"
X-3202,FASTKD1,79675.0,MutNovel,"H682Y,0.627"
X-3202,FCGR1A,2209.0,Amp5,5.35
X-3202,FCGR3B,2215.0,MutNovel,"N118D,1.000"
X-3202,FDFT1,2222.0,Del0.8,0.78
X-3202,FGD1,2245.0,Del0.8,0.78
X-3202,FGF17,8822.0,Del0.8,0.79
X-3202,FGF20,26281.0,Del0.8,0.79
X-3202,FGL1,2267.0,Del0.8,0.79
X-3202,FIGF,2277.0,Del0.8,0.74
X-3202,FLJ14107,80094.0,Del0.8,0.79
X-3202,FOXD4,2298.0,MutNovel,"A41E,0.400"
X-3202,FOXP3,50943.0,Del0.8,0.78
X-3202,FOXR2,139628.0,Del0.8,0.78
X-3202,FRMPD4,9758.0,Del0.8,0.74
X-3202,FTHL17,53940.0,Del0.8,0.75
X-3202,FTSJ1,24140.0,Del0.8,0.78
X-3202,FUNDC1,139341.0,Del0.8,0.78
X-3202,GAGE1,2543.0,Del0.8,0.78
X-3202,GAGE10,643832.0,Del0.8,0.78
X-3202,GAGE12D,100132399.0,Del0.8,0.78
X-3202,GAGE12F,100008586.0,Del0.8,0.78
X-3202,GAGE12J,729396.0,Del0.8,0.78
X-3202,GAGE13,645051.0,Del0.8,0.78
X-3202,GAGE2A,729447.0,Del0.8,0.78
X-3202,GAGE2B,645037.0,Del0.8,0.78
X-3202,GAGE2C,2574.0,Del0.8,0.78
X-3202,GAGE2D,729408.0,Del0.8,0.78
X-3202,GAGE2E,26749.0,Del0.8,0.78
X-3202,GATA1,2623.0,Del0.8,0.78
X-3202,GATA4,2626.0,Del0.8,0.78
X-3202,GEMIN8,54960.0,Del0.8,0.74
X-3202,GFRA2,2675.0,Del0.8,0.79
X-3202,GIGYF2,26058.0,MutNovel,"PQ1231P,0.297"
X-3202,GK,2710.0,Del0.8,0.75
X-3202,GLOD5,392465.0,Del0.8,0.78
X-3202,GLRA2,2742.0,Del0.8,0.74
X-3202,GLTSCR1,29998.0,MutNovel,"G91S,0.560"
X-3202,GLTSCR2,29997.0,MutNovel,"D401A,0.421"
X-3202,GNL3L,54552.0,Del0.8,0.78
X-3202,GNRH1,2796.0,Del0.8,0.78
X-3202,GOLGA2P2Y,84559.0,Del0.8,0.23
X-3202,GOLGA2P2Y,84559.0,Del0.8,0.31
X-3202,GOLPH3L,55204.0,Amp5,7.84
X-3202,GPAT2,150763.0,MutNovel,"H377R,1.000"
X-3202,GPAT2,150763.0,MutNovel,"R375W,1.000"
X-3202,GPKOW,27238.0,Del0.8,0.78
X-3202,GPM6B,2824.0,Del0.8,0.74
X-3202,GPR143,4935.0,Del0.8,0.74
X-3202,GPR161,23432.0,MutKnownFunctional,"-18?,1.000"
X-3202,GPR173,54328.0,Del0.8,0.78
X-3202,GPR34,2857.0,Del0.8,0.78
X-3202,GPR64,10149.0,Del0.8,0.75
X-3202,GPR82,27197.0,Del0.8,0.78
X-3202,GRIPAP1,56850.0,Del0.8,0.78
X-3202,GRPR,2925.0,Del0.8,0.74
X-3202,GSPT2,23708.0,Del0.8,0.78
X-3202,GSTT1,2952.0,Amp5,7.73
X-3202,GTPBP6,8225.0,Del0.8,0.76
X-3202,GYG2,8908.0,Del0.8,0.76
X-3202,GYG2P1,352887.0,Del0.8,0.31
X-3202,HCCS,3052.0,Del0.8,0.74
X-3202,HDAC6,10013.0,Del0.8,0.78
X-3202,HDHD1,8226.0,Del0.8,0.76
X-3202,HERC2,8924.0,MutNovel,"V1616L,0.727"
X-3202,HIST2H2AA4,723790.0,Amp5,5.35
X-3202,HIST2H2AA4,723790.0,Amp5,5.35
X-3202,HIST2H2AB,317772.0,Amp5,5.35
X-3202,HIST2H2AC,8338.0,Amp5,5.35
X-3202,HIST2H2BC,337873.0,Amp5,5.35
X-3202,HIST2H2BE,8349.0,Amp5,5.35
X-3202,HIST2H2BF,440689.0,Amp5,5.21
X-3202,HIST2H3A,333932.0,Amp5,5.35
X-3202,HIST2H3A,333932.0,Amp5,5.35
X-3202,HIST2H3D,653604.0,Amp5,5.35
X-3202,HIST2H4A,8370.0,Amp5,5.35
X-3202,HIST2H4A,8370.0,Amp5,5.35
X-3202,HIST2H4B,554313.0,Amp5,5.35
X-3202,HIST2H4B,554313.0,Amp5,5.35
X-3202,HLA-DRB1,3123.0,MutNovel,"T186I,0.308"
X-3202,HORMAD1,84072.0,Amp5,7.84
X-3202,HR,55806.0,Del0.8,0.79
X-3202,HRCT1,646962.0,MutNovel,"P106H,1.000"
X-3202,HSD17B10,3028.0,Del0.8,0.78
X-3202,HSFY2,159119.0,Del0.8,0.31
X-3202,HSFY2,159119.0,Del0.8,0.31
X-3202,HUWE1,10075.0,Del0.8,0.78
X-3202,IDI2,91734.0,Amp5,6.68
X-3202,IDI2-AS1,55853.0,Amp5,6.73
X-3202,IFNAR1,3454.0,MutNovel,"LP333L,0.319"
X-3202,IL15RA,3601.0,MutNovel,"A34T,0.680"
X-3202,IL1RAPL1,11141.0,Del0.8,0.75
X-3202,IL3RA,3563.0,Del0.8,0.76
X-3202,IMMT,10989.0,MutNovel,"E550K,0.258"
X-3202,INE1,8552.0,Del0.8,0.78
X-3202,INE2,8551.0,Del0.8,0.74
X-3202,INTS10,55174.0,Del0.8,0.79
X-3202,IQSEC2,23096.0,Del0.8,0.78
X-3202,ITIH6,347365.0,Del0.8,0.78
X-3202,ITPR3,3710.0,MutNovel,"V436M,0.692"
X-3202,KAL1,3730.0,Del0.8,0.74
X-3202,KCNC3,3748.0,MutNovel,"D63G,1.000"
X-3202,KCND1,3750.0,Del0.8,0.78
X-3202,KCNF1,3754.0,MutNovel,"R163S,0.714"
X-3202,KCTD9,54793.0,Del0.8,0.78
X-3202,KDM5A,5927.0,Del0.8,0.76
X-3202,KDM5C,8242.0,Del0.8,0.78
X-3202,KDM5D,8284.0,Del0.8,0.31
X-3202,KDM6A,7403.0,Del0.8,0.78
X-3202,KIAA1456,57604.0,Del0.8,0.76
X-3202,KIAA1609,57707.0,MutNovel,"H380D,0.669"
X-3202,KIAA1967,57805.0,Del0.8,0.79
X-3202,KIF3A,11127.0,MutNovel,"V646L,0.467"
X-3202,KLF8,11279.0,Del0.8,0.78
X-3202,KLHL15,80311.0,Del0.8,0.75
X-3202,KLHL34,257240.0,Del0.8,0.75
X-3202,KRT13,3860.0,MutNovel,"M239L,1.000"
X-3202,KRT13,3860.0,MutNovel,"S231G,0.750"
X-3202,KRT6C,286887.0,MutNovel,"Y497L,0.455"
X-3202,KRT6C,286887.0,MutNovel,"A87G,0.842"
X-3202,KRT75,9119.0,MutNovel,"K245T,0.667"
X-3202,KRT83,3889.0,MutNovel,"K267N,0.667"
X-3202,KRTAP2-4,85294.0,Del0.8,0.23
X-3202,LAMC2,3918.0,MutNovel,"L816P,0.237"
X-3202,LANCL3,347404.0,Del0.8,0.75
X-3202,LGI3,203190.0,Del0.8,0.79
X-3202,LINC00102,100359394.0,Del0.8,0.76
X-3202,LINC00208,83655.0,Del0.8,0.78
X-3202,LOC100128993,100128993.0,Del0.8,0.79
X-3202,LOC100131496,100131496.0,Amp5,5.7
X-3202,LOC100132831,100132831.0,Del0.8,0.78
X-3202,LOC100133123,100133123.0,Del0.8,0.74
X-3202,LOC100133957,100133957.0,Del0.8,0.78
X-3202,LOC100288814,100288814.0,Del0.8,0.74
X-3202,LOC100422737,100422737.0,Amp8,34.54
X-3202,LOC100507156,100507156.0,Del0.8,0.79
X-3202,LOC100507369,,MutNovel,"T143S,0.667"
X-3202,LOC100507607,,MutNovel,"R338H,1.000"
X-3202,LOC100996573,,MutNovel,"D175H,1.000"
X-3202,LOC157273,157273.0,Del0.8,0.78
X-3202,LOC158572,158572.0,Del0.8,0.78
X-3202,LOC286059,286059.0,Del0.8,0.79
X-3202,LOC286114,286114.0,Del0.8,0.79
X-3202,LOC286442,286442.0,Del0.8,0.78
X-3202,LOC340357,340357.0,Del0.8,0.76
X-3202,LOC347411,347411.0,Del0.8,0.78
X-3202,LOC388210,,MutNovel,"C338Y,1.000"
X-3202,LOC389641,389641.0,Del0.8,0.79
X-3202,LOC389906,389906.0,Del0.8,0.76
X-3202,LOC391322,391322.0,Amp5,7.73
X-3202,LOC401588,401588.0,Del0.8,0.78
X-3202,LOC550643,550643.0,Del0.8,0.78
X-3202,LOC727677,727677.0,Amp5,5.13
X-3202,LOC729609,729609.0,Del0.8,0.75
X-3202,LOC730755,730755.0,Del0.8,0.23
X-3202,LONRF1,91694.0,Del0.8,0.76
X-3202,LOXL2,4017.0,Del0.8,0.79
X-3202,LPL,4023.0,Del0.8,0.79
X-3202,LRCH3,84859.0,MutNovel,"Y438D,0.214"
X-3202,LRP5,4041.0,MutNovel,"E1320K,0.391"
X-3202,LSR,51599.0,MutNovel,"G518GR,0.511"
X-3202,LZTS1,11178.0,Del0.8,0.79
X-3202,MACF1,23499.0,MutNovel,"L4045V,0.734"
X-3202,MACROD2,140733.0,Del0.8,0.66
X-3202,MAGEB1,4112.0,Del0.8,0.75
X-3202,MAGEB10,139422.0,Del0.8,0.75
X-3202,MAGEB16,139604.0,Del0.8,0.75
X-3202,MAGEB18,286514.0,Del0.8,0.75
X-3202,MAGEB2,4113.0,Del0.8,0.75
X-3202,MAGEB3,4114.0,Del0.8,0.75
X-3202,MAGEB4,4115.0,Del0.8,0.75
X-3202,MAGEB6,158809.0,Del0.8,0.75
X-3202,MAGED1,9500.0,Del0.8,0.78
X-3202,MAGED2,10916.0,Del0.8,0.78
X-3202,MAGED4B,81557.0,Del0.8,0.78
X-3202,MAGED4B,81557.0,Del0.8,0.78
X-3202,MAGEH1,28986.0,Del0.8,0.78
X-3202,MAGIX,79917.0,Del0.8,0.78
X-3202,MAN2B1,4125.0,MutNovel,"S673G,0.201"
X-3202,MAOA,4128.0,Del0.8,0.78
X-3202,MAOB,4129.0,Del0.8,0.78
X-3202,MAP3K15,389840.0,Del0.8,0.75
X-3202,MAP7D2,256714.0,Del0.8,0.75
X-3202,MAPKAPK2,9261.0,MutNovel,"T25A,0.328"
X-3202,MATN2,4147.0,MutNovel,"H212R,1.000"
X-3202,MBTPS2,51360.0,Del0.8,0.75
X-3202,MCL1,4170.0,Amp5,7.84
X-3202,MED14,9282.0,Del0.8,0.78
X-3202,MESP2,145873.0,MutNovel,"G23S,0.917"
X-3202,MFHAS1,9258.0,Del0.8,0.78
X-3202,MGMT,4255.0,MutNovel,"L19F,0.650"
X-3202,MID1,4281.0,Del0.8,0.74
X-3202,MID1IP1,58526.0,Del0.8,0.78
X-3202,MIR101-1,406893.0,Amp5,5.35
X-3202,MIR124-1,406907.0,Del0.8,0.78
X-3202,MIR1322,100302166.0,Del0.8,0.78
X-3202,MIR188,406964.0,Del0.8,0.78
X-3202,MIR221,407006.0,Del0.8,0.78
X-3202,MIR222,407007.0,Del0.8,0.78
X-3202,MIR23C,100500809.0,Del0.8,0.75
X-3202,MIR320A,407037.0,Del0.8,0.79
X-3202,MIR362,574030.0,Del0.8,0.78
X-3202,MIR3671,100500854.0,Amp5,5.35
X-3202,MIR3690,100500894.0,Del0.8,0.76
X-3202,MIR383,494332.0,Del0.8,0.77
X-3202,MIR3926-1,100500870.0,Del0.8,0.76
X-3202,MIR3926-2,100500838.0,Del0.8,0.76
X-3202,MIR4257,100422997.0,Amp5,5.35
X-3202,MIR4536-1,100616155.0,Del0.8,0.78
X-3202,MIR4660,100616350.0,Del0.8,0.78
X-3202,MIR4677,100616343.0,Amp5,6.28
X-3202,MIR4767,100616467.0,Del0.8,0.76
X-3202,MIR4768,100616249.0,Del0.8,0.75
X-3202,MIR4769,100616147.0,Del0.8,0.78
X-3202,MIR4770,100616373.0,Del0.8,0.76
X-3202,MIR500A,574502.0,Del0.8,0.78
X-3202,MIR500B,100422911.0,Del0.8,0.78
X-3202,MIR501,574503.0,Del0.8,0.78
X-3202,MIR502,574504.0,Del0.8,0.78
X-3202,MIR532,693124.0,Del0.8,0.78
X-3202,MIR597,693182.0,Del0.8,0.78
X-3202,MIR598,693183.0,Del0.8,0.78
X-3202,MIR651,723779.0,Del0.8,0.76
X-3202,MIR660,724030.0,Del0.8,0.78
X-3202,MIR98,407054.0,Del0.8,0.78
X-3202,MIRLET7F2,406889.0,Del0.8,0.78
X-3202,MLXIP,22877.0,MutNovel,"A46T,0.378"
X-3202,MOSPD2,158747.0,Del0.8,0.74
X-3202,MRPS21,54460.0,Amp5,5.35
X-3202,MSL3,10943.0,Del0.8,0.74
X-3202,MSR1,4481.0,Del0.8,0.77
X-3202,MSRA,4482.0,Del0.8,0.78
X-3202,MTERFD1,51001.0,MutNovel,"T370N,0.327"
X-3202,MTMR11,10903.0,Amp5,5.35
X-3202,MTMR7,9108.0,Del0.8,0.79
X-3202,MTMR9,66036.0,Del0.8,0.78
X-3202,MTRNR2L10,100463488.0,Del0.8,0.78
X-3202,MTUS1,57509.0,Del0.8,0.79
X-3202,MUC16,94025.0,MutNovel,"S11331R,0.552"
X-3202,MUC20,200958.0,MutNovel,"P266S,0.684"
X-3202,MUC4,4585.0,MutNovel,"P4022T,1.000"
X-3202,MUC4,4585.0,MutNovel,"SS2373RP,1.000"
X-3202,MXRA5,25878.0,Del0.8,0.76
X-3202,NAB2,4665.0,MutNovel,"H2Y,0.404"
X-3202,NAT1,9.0,Del0.8,0.79
X-3202,NAT2,10.0,Del0.8,0.79
X-3202,NBPF11,200030.0,MutNovel,"D679A,1.000"
X-3202,NBPF11,200030.0,MutNovel,"P61S,0.571"
X-3202,NBPF14,25832.0,MutNovel,"I861G,1.000"
X-3202,NCOA3,8202.0,MutNovel,"Q1255-,0.265"
X-3202,NCOR2,9612.0,MutNovel,"G1839GAAA,0.573"
X-3202,NCRNA00185,55410.0,Del0.8,0.31
X-3202,NDP,4693.0,Del0.8,0.78
X-3202,NDUFB11,54539.0,Del0.8,0.78
X-3202,NEFL,4747.0,Del0.8,0.78
X-3202,NEFM,4741.0,Del0.8,0.78
X-3202,NEIL2,252969.0,Del0.8,0.78
X-3202,NFAT5,10725.0,MutNovel,"D743N,1.000"
X-3202,NHS,4810.0,Del0.8,0.75
X-3202,NIPBL,25836.0,MutNovel,"R894C,0.526"
X-3202,NKX1-2,390010.0,MutNovel,"V231A,0.286"
X-3202,NKX2-6,137814.0,Del0.8,0.79
X-3202,NKX3-1,4824.0,Del0.8,0.79
X-3202,NLGN4X,57502.0,Del0.8,0.76
X-3202,NLGN4Y,22829.0,Del0.8,0.31
X-3202,NOTCH1,4851.0,MutNovel,"V1721M,0.501"
X-3202,NPM2,10361.0,Del0.8,0.79
X-3202,NR0B1,190.0,Del0.8,0.75
X-3202,NR1H2,7376.0,MutNovel,"-173Q,0.364"
X-3202,NUDT10,170685.0,Del0.8,0.78
X-3202,NUDT11,55190.0,Del0.8,0.78
X-3202,NUDT18,79873.0,Del0.8,0.79
X-3202,NYX,60506.0,Del0.8,0.78
X-3202,OFD1,8481.0,Del0.8,0.74
X-3202,ORAI1,84876.0,MutNovel,"PP43-,0.804"
X-3202,OTC,5009.0,Del0.8,0.75
X-3202,OTUD5,55593.0,Del0.8,0.78
X-3202,OTUD7B,56957.0,Amp5,5.35
X-3202,P2RY8,286530.0,Del0.8,0.76
X-3202,PABPC3,5042.0,MutKnownFunctional,"-247GE?,0.750"
X-3202,PABPC3,5042.0,MutKnownFunctional,"-299,0.727"
X-3202,PABPC3,5042.0,MutKnownFunctional,"-323,1.000"
X-3202,PABPC3,5042.0,MutNovel,"Y377H,1.000"
X-3202,PAGE1,8712.0,Del0.8,0.78
X-3202,PAGE2,203569.0,Del0.8,0.78
X-3202,PAGE2B,389860.0,Del0.8,0.78
X-3202,PAGE3,139793.0,Del0.8,0.78
X-3202,PAGE4,9506.0,Del0.8,0.78
X-3202,PAGE5,90737.0,Del0.8,0.78
X-3202,PCDH11Y,83259.0,Del0.8,0.36
X-3202,PCDHGB4,8641.0,MutNovel,"L561Q,1.000"
X-3202,PCM1,5108.0,Del0.8,0.79
X-3202,PCSK1N,27344.0,Del0.8,0.78
X-3202,PCYT1B,9468.0,Del0.8,0.75
X-3202,PDDC1,347862.0,MutNovel,"D144H,0.472"
X-3202,PDE4C,5143.0,MutNovel,"T691S,0.600"
X-3202,PDE8A,5151.0,MutNovel,"R44W,0.412"
X-3202,PDGFRL,5157.0,Del0.8,0.79
X-3202,PDHA1,5160.0,Del0.8,0.75
X-3202,PDK3,5165.0,Del0.8,0.75
X-3202,PDLIM2,64236.0,Del0.8,0.79
X-3202,PEBP4,157310.0,Del0.8,0.79
X-3202,PFDN2,5202.0,MutNovel,"N31S,0.649"
X-3202,PFKFB1,5207.0,Del0.8,0.78
X-3202,PGBD5,79605.0,MutNovel,"A96S,0.360"
X-3202,PHEX,5251.0,Del0.8,0.75
X-3202,PHF16,9767.0,Del0.8,0.78
X-3202,PHF8,23133.0,Del0.8,0.78
X-3202,PHKA2,5256.0,Del0.8,0.75
X-3202,PHLDA1,22822.0,MutNovel,"QQ194Q,0.533"
X-3202,PHYHIP,9796.0,Del0.8,0.79
X-3202,PIGA,5277.0,Del0.8,0.74
X-3202,PIM2,11040.0,Del0.8,0.78
X-3202,PINX1,54984.0,Del0.8,0.78
X-3202,PIR,8544.0,Del0.8,0.74
X-3202,PIR-FIGF,100532742.0,Del0.8,0.74
X-3202,PIWIL2,55124.0,Del0.8,0.79
X-3202,PKD1,5310.0,MutNovel,"R4273H,0.553"
X-3202,PLCXD1,55344.0,Del0.8,0.76
X-3202,PLEKHG3,26030.0,MutNovel,"V1088L,0.995"
X-3202,PLEKHH1,57475.0,MutNovel,"A1162T,1.000"
X-3202,PLEKHO1,51177.0,Amp5,5.35
X-3202,PLP2,5355.0,Del0.8,0.78
X-3202,PNMA2,10687.0,Del0.8,0.78
X-3202,PNPLA4,8228.0,Del0.8,0.76
X-3202,POLA1,5422.0,Del0.8,0.75
X-3202,POLR2J2,246721.0,MutNovel,"F10L,0.318"
X-3202,POLR3D,661.0,Del0.8,0.79
X-3202,PORCN,64840.0,Del0.8,0.78
X-3202,POTEE,445582.0,MutNovel,"I803M,0.778"
X-3202,POTEI,,MutNovel,"I803M,1.000"
X-3202,POU5F1B,5462.0,Amp5,5.13
X-3202,PPEF1,5475.0,Del0.8,0.75
X-3202,PPP1R2P9,80316.0,Del0.8,0.78
X-3202,PPP1R3B,79660.0,Del0.8,0.78
X-3202,PPP1R3F,89801.0,Del0.8,0.78
X-3202,PPP1R9A,55607.0,MutNovel,"N388H,0.511"
X-3202,PPP2R2A,5520.0,Del0.8,0.78
X-3202,PPP2R3B,28227.0,Del0.8,0.76
X-3202,PPP2R3B-AS1,283981.0,Del0.8,0.76
X-3202,PPP3CC,5533.0,Del0.8,0.79
X-3202,PQBP1,10084.0,Del0.8,0.78
X-3202,PRAF2,11230.0,Del0.8,0.78
X-3202,PRDX4,10549.0,Del0.8,0.75
X-3202,PRICKLE1,144165.0,MutNovel,"R209C,0.371"
X-3202,PRICKLE3,4007.0,Del0.8,0.78
X-3202,PRKX,5613.0,Del0.8,0.76
X-3202,PRKY,5616.0,Del0.8,0.36
X-3202,PRPF3,9129.0,Amp5,5.35
X-3202,PRPF8,10594.0,MutNovel,"R419C,0.992"
X-3202,PRPS2,5634.0,Del0.8,0.74
X-3202,PRRC2A,7916.0,MutNovel,"C1182Y,0.491"
X-3202,PRRG1,5638.0,Del0.8,0.75
X-3202,PRSS55,203074.0,Del0.8,0.78
X-3202,PRY,9081.0,Del0.8,0.31
X-3202,PRY,9081.0,Del0.8,0.31
X-3202,PRY2,442862.0,Del0.8,0.31
X-3202,PRY2,442862.0,Del0.8,0.31
X-3202,PSD3,23362.0,Del0.8,0.79
X-3202,PSEN1,5663.0,MutNovel,"G206A,1.000"
X-3202,PTCHD1,139411.0,Del0.8,0.75
X-3202,PTK2B,2185.0,Del0.8,0.78
X-3202,PTRH1,138428.0,MutNovel,"E64D,0.286"
X-3202,PYGL,5836.0,MutNovel,"T325S,1.000"
X-3202,QRSL1,55278.0,Amp8,11.79
X-3202,R3HCC1,203069.0,Del0.8,0.79
X-3202,RAB40AL,282808.0,MutNovel,"S240C,1.000"
X-3202,RAB9A,9367.0,Del0.8,0.74
X-3202,RAI2,10742.0,Del0.8,0.75
X-3202,RANBP9,10048.0,MutNovel,"-11R,0.485"
X-3202,RBBP7,5931.0,Del0.8,0.75
X-3202,RBBP8,5932.0,MutNovel,"R591H,1.000"
X-3202,RBM10,8241.0,Del0.8,0.78
X-3202,RBM3,5935.0,Del0.8,0.78
X-3202,RBMY1A3P,286557.0,Del0.8,0.36
X-3202,RBMY1B,378948.0,Del0.8,0.31
X-3202,RBMY1B,378948.0,Del0.8,0.31
X-3202,RBMY1E,378950.0,Del0.8,0.31
X-3202,RBMY1E,378950.0,Del0.8,0.31
X-3202,RBMY1F,159163.0,Del0.8,0.31
X-3202,RBMY1F,159163.0,Del0.8,0.31
X-3202,RBMY1J,378951.0,Del0.8,0.31
X-3202,RBMY1J,378951.0,Del0.8,0.31
X-3202,RBMY2EP,159125.0,Del0.8,0.31
X-3202,RBMY2FP,159162.0,Del0.8,0.31
X-3202,RBMY3AP,64593.0,Del0.8,0.31
X-3202,RBP7,116362.0,Amp5,6.15
X-3202,REEP4,80346.0,Del0.8,0.79
X-3202,REPS2,9185.0,Del0.8,0.75
X-3202,RGN,9104.0,Del0.8,0.78
X-3202,RHOBTB2,23221.0,Del0.8,0.79
X-3202,RIBC1,158787.0,Del0.8,0.78
X-3202,RP1L1,94137.0,Del0.8,0.78
X-3202,RP2,6102.0,Del0.8,0.78
X-3202,RPGR,6103.0,Del0.8,0.75
X-3202,RPRD2,23248.0,Amp5,5.35
X-3202,RPS4Y1,6192.0,Del0.8,0.36
X-3202,RPS4Y2,140032.0,Del0.8,0.31
X-3202,RPS6KA3,6197.0,Del0.8,0.75
X-3202,RRAGB,10325.0,Del0.8,0.78
X-3202,RS1,6247.0,Del0.8,0.75
X-3202,RTN4IP1,84816.0,Amp5,5.9
X-3202,S100G,795.0,Del0.8,0.74
X-3202,SAT1,6303.0,Del0.8,0.75
X-3202,SCARNA23,677773.0,Del0.8,0.75
X-3202,SCARNA9L,100158262.0,Del0.8,0.75
X-3202,SCML1,6322.0,Del0.8,0.75
X-3202,SCML2,10389.0,Del0.8,0.75
X-3202,SERINC2,347735.0,MutNovel,"-373Q,0.755"
X-3202,SF3B4,10262.0,Amp5,5.35
X-3202,SFTPC,6440.0,Del0.8,0.79
X-3202,SGK223,157285.0,Del0.8,0.78
X-3202,SH2D4A,63898.0,Del0.8,0.79
X-3202,SH3KBP1,30011.0,Del0.8,0.75
X-3202,SHOX,6473.0,Del0.8,0.76
X-3202,SHROOM2,357.0,Del0.8,0.74
X-3202,SHROOM4,57477.0,Del0.8,0.78
X-3202,SIRPB1,10326.0,MutNovel,"L101M,1.000"
X-3202,SLC18A1,6570.0,Del0.8,0.79
X-3202,SLC25A37,51312.0,Del0.8,0.79
X-3202,SLC25A6,293.0,Del0.8,0.76
X-3202,SLC28A1,9154.0,MutNovel,"L140LV,0.522"
X-3202,SLC29A4,222962.0,MutNovel,"M456T,0.632"
X-3202,SLC35A2,7355.0,Del0.8,0.78
X-3202,SLC35G5,83650.0,Del0.8,0.78
X-3202,SLC38A5,92745.0,Del0.8,0.78
X-3202,SLC39A14,23516.0,Del0.8,0.79
X-3202,SLC5A6,8884.0,MutNovel,"V465F,0.474"
X-3202,SLC7A2,6542.0,Del0.8,0.79
X-3202,SLC9A7,84679.0,Del0.8,0.78
X-3202,SLFN13,146857.0,MutNovel,"V816M,1.000"
X-3202,SMC1A,8243.0,Del0.8,0.78
X-3202,SMEK3P,139420.0,Del0.8,0.75
X-3202,SMG1,23049.0,MutNovel,"S1379G,0.300"
X-3202,SMG1,23049.0,MutNovel,"A659T,0.667"
X-3202,SMPX,23676.0,Del0.8,0.75
X-3202,SMS,6611.0,Del0.8,0.75
X-3202,SNORA11,677799.0,Del0.8,0.78
X-3202,SNORA11C,100124540.0,Del0.8,0.78
X-3202,SNORA11D,100124541.0,Del0.8,0.78
X-3202,SNORA11D,100124541.0,Del0.8,0.78
X-3202,SNORA11E,100124542.0,Del0.8,0.78
X-3202,SNORA11E,100124542.0,Del0.8,0.78
X-3202,SNX14,57231.0,MutNovel,"V232I,0.645"
X-3202,SORBS3,10174.0,Del0.8,0.79
X-3202,SOX7,83595.0,Del0.8,0.78
X-3202,SPACA5,389852.0,Del0.8,0.78
X-3202,SPANXC,64663.0,Del0.8,0.73
X-3202,SPANXN5,494197.0,Del0.8,0.78
X-3202,SRPX,8406.0,Del0.8,0.75
X-3202,SRXN1,140809.0,MutNovel,"P24R,0.282"
X-3202,SRY,6736.0,Del0.8,0.36
X-3202,SSB,6741.0,MutNovel,"DDEH367D,0.348"
X-3202,SSX1,6756.0,Del0.8,0.78
X-3202,SSX2,6757.0,Del0.8,0.78
X-3202,SSX2,6757.0,Del0.8,0.78
X-3202,SSX2B,727837.0,Del0.8,0.78
X-3202,SSX2B,727837.0,Del0.8,0.78
X-3202,SSX3,10214.0,Del0.8,0.78
X-3202,SSX4,6759.0,Del0.8,0.78
X-3202,SSX4,6759.0,Del0.8,0.78
X-3202,SSX5,6758.0,Del0.8,0.78
X-3202,SSX6,280657.0,Del0.8,0.78
X-3202,SSX7,280658.0,Del0.8,0.78
X-3202,SSX8,280659.0,Del0.8,0.78
X-3202,STMN4,81551.0,Del0.8,0.78
X-3202,STS,412.0,Del0.8,0.76
X-3202,SUV39H1,6839.0,Del0.8,0.78
X-3202,SV2A,9900.0,Amp5,5.35
X-3202,SVOPL,136306.0,MutNovel,"T91K,1.000"
X-3202,SYMPK,8189.0,MutNovel,"S1175F,0.630"
X-3202,SYN1,6853.0,Del0.8,0.78
X-3202,SYP,6855.0,Del0.8,0.78
X-3202,SYTL5,94122.0,Del0.8,0.75
X-3202,TAB3,257397.0,Del0.8,0.75
X-3202,TARS2,80222.0,Amp5,5.35
X-3202,TBC1D25,4943.0,Del0.8,0.78
X-3202,TBC1D3B,414059.0,Del0.8,0.73
X-3202,TBC1D3C,414060.0,Del0.8,0.73
X-3202,TBL1X,6907.0,Del0.8,0.74
X-3202,TBL1Y,90665.0,Del0.8,0.36
X-3202,TCEANC,170082.0,Del0.8,0.74
X-3202,TDH,157739.0,Del0.8,0.78
X-3202,TFE3,7030.0,Del0.8,0.78
X-3202,TGIF2LY,90655.0,Del0.8,0.36
X-3202,TIMM17B,10245.0,Del0.8,0.78
X-3202,TIMP1,7076.0,Del0.8,0.78
X-3202,TJP3,27134.0,MutNovel,"R628H,1.000"
X-3202,TLR7,51284.0,Del0.8,0.74
X-3202,TLR8,51311.0,Del0.8,0.74
X-3202,TLR8-AS1,349408.0,Del0.8,0.74
X-3202,TMEM27,57393.0,Del0.8,0.74
X-3202,TMEM44,93109.0,MutNovel,"V188I,0.913"
X-3202,TMEM47,83604.0,Del0.8,0.75
X-3202,TMSB4X,7114.0,Del0.8,0.74
X-3202,TMSB4Y,9087.0,Del0.8,0.31
X-3202,TNFRSF10A,8797.0,Del0.8,0.79
X-3202,TNFRSF10B,8795.0,Del0.8,0.79
X-3202,TNFRSF10C,8794.0,Del0.8,0.79
X-3202,TNFRSF10D,8793.0,Del0.8,0.79
X-3202,TNFSF10,8743.0,Amp5,7.06
X-3202,TNKS,8658.0,Del0.8,0.78
X-3202,TNRC18,84629.0,MutNovel,"S546F,0.344"
X-3202,TP53,7157.0,MutKnownFunctional,"R175H,1.000"
X-3202,TRAF2,7186.0,MutNovel,"P9H,0.694"
X-3202,TRAPPC2,6399.0,Del0.8,0.74
X-3202,TRIM35,23087.0,Del0.8,0.78
X-3202,TRIO,7204.0,MutNovel,"WSSIP2486S,0.414"
X-3202,TRO,7216.0,Del0.8,0.78
X-3202,TSPAN7,7102.0,Del0.8,0.75
X-3202,TSPY1,7258.0,Del0.8,0.06
X-3202,TSPY2,64591.0,Del0.8,0.36
X-3202,TSPY3,728137.0,Del0.8,0.06
X-3202,TSPY4,728395.0,Del0.8,0.06
X-3202,TSPY8,728403.0,Del0.8,0.06
X-3202,TSPYL1,7259.0,MutNovel,"V176VW,0.583"
X-3202,TSPYL2,64061.0,Del0.8,0.78
X-3202,TSR2,90121.0,Del0.8,0.78
X-3202,TTC25,83538.0,MutNovel,"E541K,1.000"
X-3202,TTC7B,145567.0,MutNovel,"S511L,1.000"
X-3202,TTTY10,246119.0,Del0.8,0.31
X-3202,TTTY11,83866.0,Del0.8,0.36
X-3202,TTTY12,83867.0,Del0.8,0.36
X-3202,TTTY13,83868.0,Del0.8,0.31
X-3202,TTTY14,83869.0,Del0.8,0.31
X-3202,TTTY15,64595.0,Del0.8,0.31
X-3202,TTTY16,252948.0,Del0.8,0.36
X-3202,TTTY17A,252949.0,Del0.8,0.15
X-3202,TTTY17A,252949.0,Del0.8,0.23
X-3202,TTTY18,252950.0,Del0.8,0.36
X-3202,TTTY19,252952.0,Del0.8,0.36
X-3202,TTTY1B,100101116.0,Del0.8,0.36
X-3202,TTTY1B,100101116.0,Del0.8,0.31
X-3202,TTTY2,60439.0,Del0.8,0.31
X-3202,TTTY2,60439.0,Del0.8,0.36
X-3202,TTTY20,252951.0,Del0.8,0.15
X-3202,TTTY21,252953.0,Del0.8,0.36
X-3202,TTTY21,252953.0,Del0.8,0.31
X-3202,TTTY22,252954.0,Del0.8,0.31
X-3202,TTTY23,252955.0,Del0.8,0.31
X-3202,TTTY23,252955.0,Del0.8,0.36
X-3202,TTTY3,114760.0,Del0.8,0.31
X-3202,TTTY3,114760.0,Del0.8,0.23
X-3202,TTTY4,114761.0,Del0.8,0.23
X-3202,TTTY4,114761.0,Del0.8,0.15
X-3202,TTTY5,83863.0,Del0.8,0.31
X-3202,TTTY6,84672.0,Del0.8,0.31
X-3202,TTTY6,84672.0,Del0.8,0.31
X-3202,TTTY7,246122.0,Del0.8,0.36
X-3202,TTTY7,246122.0,Del0.8,0.31
X-3202,TTTY7B,100101120.0,Del0.8,0.31
X-3202,TTTY7B,100101120.0,Del0.8,0.36
X-3202,TTTY8,84673.0,Del0.8,0.36
X-3202,TTTY8,84673.0,Del0.8,0.31
X-3202,TTTY9A,83864.0,Del0.8,0.31
X-3202,TTTY9A,83864.0,Del0.8,0.31
X-3202,TUSC3,7991.0,Del0.8,0.77
X-3202,TXLNG2P,246126.0,Del0.8,0.31
X-3202,UBA1,7317.0,Del0.8,0.78
X-3202,UBE4B,10277.0,Amp5,6.15
X-3202,UBQLN2,29978.0,Del0.8,0.78
X-3202,UQCRBP1,442454.0,Del0.8,0.78
X-3202,USP11,8237.0,Del0.8,0.78
X-3202,USP27X,389856.0,Del0.8,0.78
X-3202,USP36,57602.0,MutNovel,"KKK958K,0.719"
X-3202,USP51,158880.0,Del0.8,0.78
X-3202,USP9X,8239.0,Del0.8,0.78
X-3202,USP9Y,8287.0,Del0.8,0.31
X-3202,UTY,7404.0,Del0.8,0.31
X-3202,UXT,8409.0,Del0.8,0.78
X-3202,VCX,26609.0,Del0.8,0.76
X-3202,VCX2,51480.0,Del0.8,0.76
X-3202,VCX3A,51481.0,Del0.8,0.76
X-3202,VCX3B,425054.0,Del0.8,0.74
X-3202,VCY,9084.0,Del0.8,0.31
X-3202,VCY,9084.0,Del0.8,0.31
X-3202,VENTXP1,139538.0,Del0.8,0.75
X-3202,VPS37A,137492.0,Del0.8,0.79
X-3202,VPS45,11311.0,Amp5,5.35
X-3202,WAS,7454.0,Del0.8,0.78
X-3202,WDR13,64743.0,Del0.8,0.78
X-3202,WDR41,55255.0,MutNovel,"E451-,0.612"
X-3202,WDR45,11152.0,Del0.8,0.78
X-3202,WDR78,79819.0,MutKnownFunctional,"-515?,0.333"
X-3202,WNK1,65125.0,MutNovel,"S1348F,0.662"
X-3202,WNK3,65267.0,Del0.8,0.78
X-3202,WWC3,55841.0,Del0.8,0.74
X-3202,XAGE1A,653219.0,Del0.8,0.78
X-3202,XAGE1A,653219.0,Del0.8,0.78
X-3202,XAGE1C,653048.0,Del0.8,0.78
X-3202,XAGE1C,653048.0,Del0.8,0.78
X-3202,XAGE2,9502.0,Del0.8,0.78
X-3202,XAGE2,9502.0,Del0.8,0.78
X-3202,XAGE3,170626.0,Del0.8,0.78
X-3202,XAGE5,170627.0,Del0.8,0.78
X-3202,XG,7499.0,Del0.8,0.76
X-3202,XGPY2,100132596.0,Del0.8,0.76
X-3202,XK,7504.0,Del0.8,0.75
X-3202,XKR6,286046.0,Del0.8,0.78
X-3202,XKRY2,353515.0,Del0.8,0.31
X-3202,XKRY2,353515.0,Del0.8,0.31
X-3202,XPO7,23039.0,Del0.8,0.79
X-3202,YY2,404281.0,Del0.8,0.75
X-3202,ZBED1,9189.0,Del0.8,0.76
X-3202,ZBED3,84327.0,MutNovel,"P38L,0.647"
X-3202,ZC3H3,23144.0,MutNovel,"R663Q,0.415"
X-3202,ZDHHC11,79844.0,MutNovel,"A303D,0.667"
X-3202,ZDHHC2,51201.0,Del0.8,0.79
X-3202,ZFP82,284406.0,MutNovel,"E202Q,1.000"
X-3202,ZFX,7543.0,Del0.8,0.75
X-3202,ZFY,7544.0,Del0.8,0.36
X-3202,ZMYND8,23613.0,Amp5,5.7
X-3202,ZNF10,7556.0,Del0.8,0.76
X-3202,ZNF141,7700.0,MutNovel,"I11V,0.667"
X-3202,ZNF157,7712.0,Del0.8,0.78
X-3202,ZNF182,7569.0,Del0.8,0.78
X-3202,ZNF225,7768.0,MutNovel,"E431K,0.429"
X-3202,ZNF292,23036.0,MutNovel,"M2011V,0.698"
X-3202,ZNF384,171017.0,MutNovel,"QQ514Q,0.283"
X-3202,ZNF41,7592.0,Del0.8,0.78
X-3202,ZNF469,84627.0,MutNovel,"R3426Q,0.355"
X-3202,ZNF544,27300.0,MutNovel,"P659T,0.319"
X-3202,ZNF592,9640.0,MutNovel,"A584T,0.555"
X-3202,ZNF600,162966.0,MutNovel,"E327K,0.224"
X-3202,ZNF627,199692.0,MutNovel,"K198R,0.553"
X-3202,ZNF630,57232.0,Del0.8,0.78
X-3202,ZNF645,158506.0,Del0.8,0.75
X-3202,ZNF673,55634.0,Del0.8,0.78
X-3202,ZNF674,641339.0,Del0.8,0.78
X-3202,ZNF705D,728957.0,Del0.8,0.78
X-3202,ZNF81,347344.0,Del0.8,0.78
X-3202,ZNF83,55769.0,MutNovel,"QH390H,0.412"
X-3202,ZNF845,91664.0,MutNovel,"S4P,0.222"
X-3202,ZRSR2,8233.0,Del0.8,0.74
X-3298,A2ML1,144568.0,MutKnownFunctional,"-482,1.000"
X-3298,AARS2,57505.0,Amp5,6.82
X-3298,ABCA11P,79963.0,Del0.8,0.77
X-3298,ABCC10,89845.0,Amp5,6.82
X-3298,ABCF2,10061.0,MutKnownFunctional,"-370,0.780"
X-3298,ADAMTS10,81794.0,MutNovel,"G1065S,0.390"
X-3298,ADCY2,108.0,MutNovel,"W677L,0.269"
X-3298,AGAP5,729092.0,MutNovel,"R512H,0.750"
X-3298,AGAP7,653268.0,MutNovel,"R484H,1.000"
X-3298,AGRN,375790.0,MutNovel,"R1389G,1.000"
X-3298,AHNAK2,113146.0,MutNovel,"E1856V,0.240"
X-3298,ALDH1B1,219.0,MutKnownFunctional,"-387,0.756"
X-3298,AMELY,266.0,Del0.8,0.46
X-3298,AMY1A,276.0,Del0.8,0.48
X-3298,AMY1A,276.0,Del0.8,0.48
X-3298,AMY2A,279.0,Del0.8,0.48
X-3298,ANKRD20A3,441425.0,MutNovel,"L73W,1.000"
X-3298,ANKRD20A4,728747.0,MutNovel,"L73W,0.600"
X-3298,ANKRD36,375248.0,MutNovel,"E1543A,0.375"
X-3298,ANKRD65,441869.0,MutNovel,"G200V,1.000"
X-3298,ANKS1B,56899.0,MutNovel,"N486K,0.343"
X-3298,ANO2,57101.0,MutNovel,"P250L,0.600"
X-3298,APOE,348.0,MutNovel,"A182P,0.382"
X-3298,ARHGAP42,143872.0,MutNovel,"V713T,1.000"
X-3298,ARHGEF35,445328.0,MutNovel,"R51K,1.000"
X-3298,ARID1B,57492.0,MutNovel,"AAA42-,1.000"
X-3298,ARID1B,57492.0,MutNovel,"-114QQ,0.632"
X-3298,ASAP2,8853.0,MutKnownFunctional,"W388*,0.544"
X-3298,ASB1,51665.0,MutNovel,"T228I,1.000"
X-3298,ASXL1,171023.0,MutNovel,"D799Y,0.460"
X-3298,ATE1,11101.0,MutNovel,"K297Q,1.000"
X-3298,ATP6V1F,9296.0,MutNovel,"A80T,0.669"
X-3298,ATP6V1H,51606.0,MutKnownFunctional,"E474*,0.342"
X-3298,AUTS2,26053.0,MutNovel,"SH1125S,0.400"
X-3298,BAG2,9532.0,Amp8,14.42
X-3298,BCORP1,286554.0,Del0.8,0.41
X-3298,BEND6,221336.0,Amp8,14.42
X-3298,BMP5,653.0,Amp8,14.42
X-3298,BPY2B,442867.0,Del0.8,0.41
X-3298,BPY2B,442867.0,Del0.8,0.41
X-3298,BRP44L,51660.0,Amp5,6.36
X-3298,BTN2A1,11120.0,MutNovel,"V108M,0.479"
X-3298,BUD13,84811.0,MutNovel,"P136S,1.000"
X-3298,C11orf30,56946.0,MutNovel,"T1073I,1.000"
X-3298,C14orf129,51527.0,MutNovel,"S20P,1.000"
X-3298,C14orf80,283643.0,MutNovel,"L75V,1.000"
X-3298,C16orf7,9605.0,MutNovel,"A556V,0.667"
X-3298,C16orf7,9605.0,MutNovel,"V465L,0.343"
X-3298,C19orf24,55009.0,MutNovel,"A53V,0.486"
X-3298,C1QTNF9B,387911.0,MutNovel,"M301V,1.000"
X-3298,C1orf228,339541.0,MutNovel,"D248Y,0.875"
X-3298,C1orf228,339541.0,MutNovel,"A257S,1.000"
X-3298,C20orf201,198437.0,MutNovel,"V123D,1.000"
X-3298,C6orf108,10591.0,Amp5,6.82
X-3298,C6orf118,168090.0,Amp5,6.36
X-3298,C6orf120,387263.0,Amp5,6.36
X-3298,C6orf123,26238.0,Amp5,6.36
X-3298,C6orf132,647024.0,MutNovel,"A414V,0.364"
X-3298,C6orf132,647024.0,MutNovel,"P206L,0.667"
X-3298,C6orf136,221545.0,MutNovel,"D117N,1.000"
X-3298,C6orf141,135398.0,Amp5,6.82
X-3298,C6orf223,221416.0,Amp5,6.82
X-3298,C6orf70,55780.0,Amp5,6.36
X-3298,C7orf31,136895.0,MutNovel,"T197S,1.000"
X-3298,C9orf3,84909.0,MutNovel,"W346R,0.583"
X-3298,CABLES1,91768.0,MutNovel,"G99C,1.000"
X-3298,CAHM,100526820.0,Amp5,6.36
X-3298,CAPN11,11131.0,Amp5,6.82
X-3298,CCDC74A,90557.0,MutKnownFunctional,"-118L?,0.923"
X-3298,CCDC74A,90557.0,MutNovel,"P127R,0.444"
X-3298,CCDC74B,91409.0,MutNovel,"P127R,0.438"
X-3298,CCR6,1235.0,Amp5,6.36
X-3298,CD2AP,23607.0,Amp5,6.82
X-3298,CD320,51293.0,MutNovel,"A196T,0.449"
X-3298,CDC40,51362.0,MutNovel,"A4T,0.333"
X-3298,CDC42EP1,11135.0,MutNovel,"PAPAANPS253P,1.000"
X-3298,CDC5L,988.0,Amp5,6.82
X-3298,CDY1B,253175.0,Del0.8,0.41
X-3298,CDY1B,253175.0,Del0.8,0.41
X-3298,CDY2A,9426.0,Del0.8,0.41
X-3298,CDY2A,9426.0,Del0.8,0.41
X-3298,CDY2B,203611.0,Del0.8,0.41
X-3298,CDY2B,203611.0,Del0.8,0.41
X-3298,CENPQ,55166.0,Amp5,6.82
X-3298,CHD2,1106.0,MutKnownFunctional,"-1242?,0.792"
X-3298,CHD6,84181.0,MutNovel,"G940S,0.783"
X-3298,CHL1,10752.0,Del0.8,0.45
X-3298,CITED4,163732.0,MutNovel,"E9D,0.338"
X-3298,CLASP1,23332.0,Amp5,5.03
X-3298,CLIC5,53405.0,Amp5,6.82
X-3298,CMYA5,202333.0,MutNovel,"A466G,1.000"
X-3298,CNPY3,10695.0,Amp5,6.82
X-3298,CNTN4,152330.0,Del0.8,0.52
X-3298,CNTN6,27255.0,Del0.8,0.38
X-3298,COASY,80347.0,MutNovel,"L544R,1.000"
X-3298,COL21A1,81578.0,Amp8,14.42
X-3298,COL4A4,1286.0,MutNovel,"P576L,0.636"
X-3298,CREB3,10488.0,MutNovel,"L234I,0.207"
X-3298,CRIP3,401262.0,Amp5,6.82
X-3298,CRIPAK,285464.0,MutKnownFunctional,"-91,1.000"
X-3298,CRIPAK,285464.0,MutNovel,"M246L,0.750"
X-3298,CRISP1,167.0,Amp5,6.82
X-3298,CRISP2,7180.0,Amp5,6.82
X-3298,CRISP3,10321.0,Amp5,6.82
X-3298,CSGALNACT1,55790.0,MutNovel,"L82F,0.250"
X-3298,CSNK1G2,1455.0,MutNovel,"T355A,0.415"
X-3298,CSNK2A1P,283106.0,MutNovel,"D253Y,1.000"
X-3298,CSPG4,1464.0,MutNovel,"R365Q,0.993"
X-3298,CSPG4P1Y,114758.0,Del0.8,0.41
X-3298,CSPG4P1Y,114758.0,Del0.8,0.41
X-3298,CUL7,9820.0,Amp5,6.82
X-3298,CUL9,23113.0,Amp5,6.82
X-3298,CYP39A1,51302.0,Amp5,6.82
X-3298,DACT2,168002.0,Amp5,6.36
X-3298,DAZ1,1617.0,Del0.8,0.41
X-3298,DAZ2,57055.0,Del0.8,0.41
X-3298,DAZ3,57054.0,Del0.8,0.41
X-3298,DAZ3,57054.0,Del0.8,0.41
X-3298,DAZ4,57135.0,Del0.8,0.41
X-3298,DAZ4,57135.0,Del0.8,0.41
X-3298,DCHS1,8642.0,MutNovel,"P3197T,0.988"
X-3298,DCHS2,54798.0,MutKnownFunctional,"-1365,1.000"
X-3298,DDX3Y,8653.0,Del0.8,0.41
X-3298,DDX5,1655.0,MutKnownFunctional,"-554,0.461"
X-3298,DEAF1,10522.0,MutNovel,"A167V,0.502"
X-3298,DEDD,9191.0,MutNovel,"R6Q,0.679"
X-3298,DEFB110,245913.0,Amp5,6.82
X-3298,DEFB112,245915.0,Amp5,6.82
X-3298,DEFB113,245927.0,Amp5,6.82
X-3298,DEFB114,245928.0,Amp5,6.82
X-3298,DEFB133,403339.0,Amp5,6.82
X-3298,DHRS4L2,317749.0,MutNovel,"C5G,1.000"
X-3298,DHRSX,207063.0,MutNovel,"L637F,1.000"
X-3298,DHRSX,207063.0,MutNovel,"M597V,1.000"
X-3298,DKFZp451B082,401282.0,Amp5,6.36
X-3298,DLK2,65989.0,Amp5,6.82
X-3298,DLL1,28514.0,Amp5,6.36
X-3298,DMXL2,23312.0,MutNovel,"QTNSK1204-,0.263"
X-3298,DNAJC7,7266.0,MutNovel,"K179R,1.000"
X-3298,DNM2,1785.0,MutNovel,"L296V,0.440"
X-3298,DOC2B,8447.0,Del0.8,0.78
X-3298,DSE,29940.0,MutNovel,"G873-,0.389"
X-3298,DST,667.0,Amp8,14.42
X-3298,DZANK1,55184.0,MutKnownFunctional,"Q711*,0.270"
X-3298,EFHC1,114327.0,Amp5,6.82
X-3298,EID1,23741.0,MutNovel,"G78W,1.000"
X-3298,EIF1AY,9086.0,Del0.8,0.41
X-3298,ELOVL5,60481.0,Amp5,6.82
X-3298,ENO4,387712.0,MutNovel,"A600V,1.000"
X-3298,ENPP4,22875.0,Amp5,6.82
X-3298,ENPP5,59084.0,Amp5,6.82
X-3298,EVPLL,645027.0,MutKnownFunctional,"W209*,1.000"
X-3298,EYS,346007.0,Amp5,6.02
X-3298,FAHD2A,51011.0,MutNovel,"P216L,0.538"
X-3298,FAM106A,80039.0,Del0.8,0.5
X-3298,FAM120B,84498.0,Amp5,6.36
X-3298,FAM134A,79137.0,MutNovel,"E483-,0.509"
X-3298,FAM171B,165215.0,MutNovel,"-50Q,1.000"
X-3298,FAM197Y2P,252946.0,Del0.8,0.11
X-3298,FAM21B,55747.0,MutNovel,"S481L,1.000"
X-3298,FAM22G,441457.0,MutNovel,"S34A,1.000"
X-3298,FAM35B,414241.0,Del0.8,0.78
X-3298,FAM41AY1,340618.0,Del0.8,0.41
X-3298,FAM41AY1,340618.0,Del0.8,0.41
X-3298,FAM65A,79567.0,MutNovel,"R966Q,0.654"
X-3298,FAM83B,222584.0,Amp8,14.42
X-3298,FAM8A1,51439.0,MutNovel,"APGRPT49-,1.000"
X-3298,FARS2,10667.0,Del0.8,0.7
X-3298,FBXL15,79176.0,MutNovel,"Q69H,0.478"
X-3298,FBXO9,26268.0,Amp5,6.82
X-3298,FGFR1OP,11116.0,Amp5,6.36
X-3298,FLAD1,80308.0,MutNovel,"E360Q,1.000"
X-3298,FNDC1,84624.0,MutNovel,"ATTRRTT1471A,1.000"
X-3298,FRMD1,79981.0,Amp5,6.36
X-3298,FUT10,84750.0,MutNovel,"P296S,1.000"
X-3298,GCLC,2729.0,Amp5,6.82
X-3298,GCM1,8521.0,Amp5,6.82
X-3298,GFRAL,389400.0,Amp8,14.42
X-3298,GGTLC2,91227.0,MutNovel,"A52T,1.000"
X-3298,GHRHR,2692.0,MutNovel,"H210R,1.000"
X-3298,GIGYF2,26058.0,MutNovel,"PQ1231P,1.000"
X-3298,GJC3,349149.0,MutNovel,"L71Q,0.444"
X-3298,GLI2,2736.0,Amp5,5.03
X-3298,GLYATL3,389396.0,Amp5,6.82
X-3298,GMPPA,29926.0,MutNovel,"G378R,0.481"
X-3298,GNMT,27232.0,Amp5,6.82
X-3298,GOLGA2P2Y,84559.0,Del0.8,0.41
X-3298,GOLGA2P2Y,84559.0,Del0.8,0.41
X-3298,GOT2,2806.0,MutNovel,"SIY399Y,0.493"
X-3298,GPR110,266977.0,Amp5,6.82
X-3298,GPR111,222611.0,Amp5,6.82
X-3298,GPR115,221393.0,Amp5,6.82
X-3298,GPR116,221395.0,Amp5,6.82
X-3298,GPR137C,283554.0,MutNovel,"S27G,1.000"
X-3298,GPR31,2853.0,Amp5,6.36
X-3298,GPR98,84059.0,MutNovel,"L6134F,1.000"
X-3298,GPRIN2,9721.0,MutNovel,"-238MRE,0.545"
X-3298,GPRIN2,9721.0,Del0.8,0.78
X-3298,GSR,2936.0,MutNovel,"S293C,1.000"
X-3298,GSTA1,2938.0,Amp5,6.82
X-3298,GSTA2,2939.0,Amp5,6.82
X-3298,GSTA3,2940.0,Amp5,6.82
X-3298,GSTA4,2941.0,Amp5,6.82
X-3298,GSTA5,221357.0,Amp5,6.82
X-3298,GSTA7P,730152.0,Amp5,6.82
X-3298,GSTM1,2944.0,MutNovel,"S210T,1.000"
X-3298,GSTT1,2952.0,Amp8,8.88
X-3298,GSTTP1,25774.0,Amp8,8.88
X-3298,GTPBP2,54676.0,Amp5,6.82
X-3298,GUSBP4,375513.0,Amp5,6.11
X-3298,GYG2P1,352887.0,Del0.8,0.41
X-3298,GYLTL1B,120071.0,MutNovel,"P607L,0.404"
X-3298,HCRTR2,3062.0,Amp8,14.42
X-3298,HERC2,8924.0,Del0.8,0.78
X-3298,HGC6.3,100128124.0,Amp5,6.36
X-3298,HIST2H2AB,317772.0,MutNovel,"K119R,0.364"
X-3298,HLA-A,3105.0,MutNovel,"L9V,0.500"
X-3298,HLA-A,3105.0,MutNovel,"E70A,1.000"
X-3298,HLA-A,3105.0,MutNovel,"R155T,0.909"
X-3298,HLA-A,3105.0,MutNovel,"M162T,0.953"
X-3298,HLA-B,3106.0,MutNovel,"D138H,0.667"
X-3298,HLA-DRB5,3127.0,Amp5,6.19
X-3298,HLA-DRB6,3128.0,Amp5,6.19
X-3298,HMCN2,,MutNovel,"R2384L,1.000"
X-3298,HMGB1,3146.0,MutNovel,"T136A,0.992"
X-3298,HMGCLL1,54511.0,Amp8,14.42
X-3298,HMMR,3161.0,MutKnownFunctional,"-665?,0.250"
X-3298,HRCT1,646962.0,MutNovel,"LH100L,1.000"
X-3298,HSFY2,159119.0,Del0.8,0.41
X-3298,HSFY2,159119.0,Del0.8,0.41
X-3298,HSP90AB1,3326.0,Amp5,6.82
X-3298,HSPA1A,3303.0,MutNovel,"I427D,0.364"
X-3298,IBA57,200205.0,MutNovel,"A91G,1.000"
X-3298,ICK,22858.0,Amp5,6.82
X-3298,ID1,3397.0,MutNovel,"GST6G,0.426"
X-3298,IL17A,3605.0,Amp5,6.82
X-3298,IL17F,112744.0,Amp5,6.82
X-3298,INHBA,3624.0,MutNovel,"D332N,0.462"
X-3298,INTS1,26173.0,MutNovel,"T1175M,1.000"
X-3298,JMJD8,339123.0,MutKnownFunctional,"-33,1.000"
X-3298,KCNJ11,3767.0,MutKnownFunctional,"-135?,0.333"
X-3298,KCNJ12,3768.0,MutNovel,"I100V,1.000"
X-3298,KCNJ12,3768.0,MutNovel,"P156L,0.917"
X-3298,KCNJ12,3768.0,MutNovel,"E430G,0.861"
X-3298,KDM5D,8284.0,Del0.8,0.41
X-3298,KHDRBS2,202559.0,Amp5,5.28
X-3298,KIAA0146,23514.0,MutNovel,"G4D,0.647"
X-3298,KIAA0564,23078.0,Del0.8,0.68
X-3298,KIAA0664,23277.0,MutNovel,"A662V,0.988"
X-3298,KIAA0754,643314.0,MutNovel,"A900P,0.889"
X-3298,KIAA1377,57562.0,MutNovel,"P974S,1.000"
X-3298,KIAA1586,57691.0,Amp8,14.42
X-3298,KIF25,3834.0,MutNovel,"R156W,0.400"
X-3298,KIF25,3834.0,Amp5,6.36
X-3298,KIR2DS4,3809.0,Del0.8,0.5
X-3298,KLC4,89953.0,Amp5,6.82
X-3298,KLF14,136259.0,MutNovel,"H47P,1.000"
X-3298,KLHDC3,116138.0,Amp5,6.82
X-3298,KLHL31,401265.0,Amp5,6.82
X-3298,KNTC1,9735.0,MutNovel,"Q1207H,0.206"
X-3298,KRBA1,84626.0,MutNovel,"G145V,0.739"
X-3298,KREMEN2,79412.0,MutNovel,"C354Y,1.000"
X-3298,KRT13,3860.0,MutNovel,"G79A,1.000"
X-3298,KRT75,9119.0,MutNovel,"K245T,0.800"
X-3298,KRT84,3890.0,MutNovel,"S474G,1.000"
X-3298,KRT85,3891.0,MutNovel,"I353M,0.667"
X-3298,LAMA5,3911.0,MutNovel,"C1913Y,0.550"
X-3298,LAMB3,3914.0,MutNovel,"A1086G,0.328"
X-3298,LAMC1,3915.0,MutNovel,"T1170I,0.410"
X-3298,LCE3C,353144.0,Del0.8,0.66
X-3298,LGALS9C,654346.0,Del0.8,0.5
X-3298,LINC00242,401288.0,Amp5,6.36
X-3298,LINC00473,90632.0,Amp5,6.36
X-3298,LMTK2,22853.0,MutNovel,"L11R,0.333"
X-3298,LOC100130357,100130357.0,MutKnownFunctional,"S143*,0.350"
X-3298,LOC100132354,100132354.0,Amp5,6.82
X-3298,LOC100132858,,MutNovel,"Y230H,1.000"
X-3298,LOC100287718,100287718.0,Amp5,6.82
X-3298,LOC100287837,,MutNovel,"P389A,1.000"
X-3298,LOC100288807,,MutNovel,"R350H,1.000"
X-3298,LOC100289495,100289495.0,Amp5,6.36
X-3298,LOC100506207,100506207.0,Del0.8,0.72
X-3298,LOC100506504,,MutNovel,"P93L,1.000"
X-3298,LOC100507240,100507240.0,Del0.8,0.68
X-3298,LOC100507369,,MutNovel,"Q100E,1.000"
X-3298,LOC100652741,,MutNovel,"E184K,0.683"
X-3298,LOC100996433,,MutNovel,"R94C,0.267"
X-3298,LOC100996433,,MutNovel,"G98A,0.280"
X-3298,LOC100996433,,MutNovel,"S110L,1.000"
X-3298,LOC100996433,,MutNovel,"A124V,0.227"
X-3298,LOC100996433,,MutNovel,"R231V,0.800"
X-3298,LOC100996433,,MutNovel,"R240G,0.231"
X-3298,LOC100996433,,MutNovel,"R253C,0.500"
X-3298,LOC100996433,,MutNovel,"A287V,0.778"
X-3298,LOC100996439,,MutNovel,"K222T,0.667"
X-3298,LOC100996473,,MutNovel,"R2P,0.500"
X-3298,LOC100996575,,MutNovel,"A248D,0.210"
X-3298,LOC100996575,,MutNovel,"M263I,0.667"
X-3298,LOC154449,154449.0,Amp5,6.36
X-3298,LOC254128,254128.0,Amp5,5.03
X-3298,LOC391322,391322.0,Amp8,8.88
X-3298,LOC728728,,MutNovel,"S171P,0.667"
X-3298,LOC730101,730101.0,Amp5,6.82
X-3298,LRRC1,55227.0,Amp5,6.82
X-3298,LRRC73,221424.0,Amp5,6.82
X-3298,LRWD1,222229.0,MutNovel,"G318W,0.550"
X-3298,LTBP3,4054.0,MutNovel,"L35LW,1.000"
X-3298,MACF1,23499.0,MutNovel,"L1016S,0.512"
X-3298,MAD2L1BP,9587.0,Amp5,6.82
X-3298,MAP1B,4131.0,Del0.8,0.68
X-3298,MAP3K4,4216.0,MutNovel,"PAAAA1189P,0.867"
X-3298,MAP7D1,55700.0,MutNovel,"P77S,0.608"
X-3298,MAPK8,5599.0,Del0.8,0.56
X-3298,MAPKAPK2,9261.0,MutNovel,"T25A,0.966"
X-3298,MARCKS,4082.0,MutNovel,"P250L,0.700"
X-3298,MARK3,4140.0,MutNovel,"T491I,0.981"
X-3298,MATK,4145.0,MutNovel,"M429R,0.800"
X-3298,MCM3,4172.0,Amp5,6.82
X-3298,MEA1,4201.0,Amp5,6.82
X-3298,MEF2A,4205.0,MutNovel,"Q412-,1.000"
X-3298,MEP1A,4224.0,Amp5,6.82
X-3298,MFHAS1,9258.0,MutNovel,"LH749H,0.411"
X-3298,MICALL2,79778.0,MutNovel,"S122W,1.000"
X-3298,MIR133B,442890.0,Amp5,6.82
X-3298,MIR1913,100302141.0,Amp5,6.36
X-3298,MIR206,406989.0,Amp5,6.82
X-3298,MIR3939,100500857.0,Amp5,6.36
X-3298,MIR4642,100616352.0,Amp5,6.82
X-3298,MIR4644,100616430.0,Amp5,6.36
X-3298,MIR4647,100616124.0,Amp5,6.82
X-3298,MIR586,693171.0,Amp5,6.82
X-3298,MIR605,693190.0,Del0.8,0.36
X-3298,MKI67IP,84365.0,Amp5,5.03
X-3298,MKRN1,23608.0,MutNovel,"G42C,0.291"
X-3298,MLIP,90523.0,Amp5,6.82
X-3298,MLL4,9757.0,MutNovel,"KE369K,0.213"
X-3298,MLL5,55904.0,MutNovel,"A460T,0.386"
X-3298,MLLT3,4300.0,MutNovel,"D544H,0.523"
X-3298,MLLT4,4301.0,Amp5,6.36
X-3298,MPRIP,23164.0,MutNovel,"TS178T,1.000"
X-3298,MPZL3,196264.0,MutNovel,"R222P,0.530"
X-3298,MRPL14,64928.0,Amp5,6.82
X-3298,MRPL2,51069.0,Amp5,6.82
X-3298,MRPS18A,55168.0,Amp5,6.82
X-3298,MT1E,4493.0,MutNovel,"V49I,1.000"
X-3298,MTCH2,23788.0,MutNovel,"N242S,0.645"
X-3298,MTERFD2,130916.0,MutNovel,"E379D,1.000"
X-3298,MTMR7,9108.0,MutNovel,"H487P,1.000"
X-3298,MTO1,25821.0,MutNovel,"G153E,0.698"
X-3298,MUT,4594.0,Amp5,6.82
X-3298,MXRA7,439921.0,MutNovel,"E36G,1.000"
X-3298,MXRA8,54587.0,MutNovel,"A41T,1.000"
X-3298,NAA25,80018.0,MutNovel,"K742E,1.000"
X-3298,NBPF1,55672.0,MutNovel,"G986E,0.222"
X-3298,NBPF1,55672.0,MutNovel,"R385W,0.368"
X-3298,NBPF1,55672.0,MutNovel,"A323D,0.594"
X-3298,NBPF10,100132406.0,MutNovel,"S859P,0.500"
X-3298,NBPF10,100132406.0,MutNovel,"G1141R,0.923"
X-3298,NBPF11,200030.0,MutNovel,"S394F,1.000"
X-3298,NBPF11,200030.0,MutNovel,"D197N,0.248"
X-3298,NBPF12,,MutNovel,"Y565C,1.000"
X-3298,NBPF14,25832.0,MutNovel,"D665A,0.375"
X-3298,NBPF14,25832.0,MutNovel,"D590A,0.238"
X-3298,NBPF14,25832.0,MutNovel,"D68E,0.316"
X-3298,NBPF14,25832.0,MutNovel,"R41K,0.424"
X-3298,NBPF9,400818.0,MutNovel,"R97G,0.237"
X-3298,NCOA3,8202.0,MutNovel,"Q1264-,0.281"
X-3298,NCOR2,9612.0,MutNovel,"G1839GAAA,1.000"
X-3298,NCOR2,9612.0,MutNovel,"-511S,1.000"
X-3298,NCR3LG1,,MutNovel,"A233E,0.600"
X-3298,NCR3LG1,,MutNovel,"S414L,0.400"
X-3298,NCRNA00185,55410.0,Del0.8,0.41
X-3298,NFATC1,4772.0,MutNovel,"P330L,0.433"
X-3298,NFATC1,4772.0,MutNovel,"R577H,0.265"
X-3298,NFE2L3,9603.0,MutNovel,"-34L,1.000"
X-3298,NFKBIE,4794.0,Amp5,6.82
X-3298,NLGN4Y,22829.0,Del0.8,0.41
X-3298,NPAS2,4862.0,MutNovel,"P464L,0.643"
X-3298,NPHP3,27031.0,MutNovel,"E97K,1.000"
X-3298,NR1H2,7376.0,MutNovel,"-173Q,1.000"
X-3298,NRG2,9542.0,MutNovel,"A795T,1.000"
X-3298,NUDT11,55190.0,MutKnownFunctional,"-1,1.000"
X-3298,OBSCN,84033.0,MutNovel,"R2315W,0.980"
X-3298,OBSCN,84033.0,MutNovel,"V2900M,1.000"
X-3298,OPN5,221391.0,Amp5,6.82
X-3298,OR2T10,127069.0,Del0.8,0.73
X-3298,OR2T11,127077.0,Del0.8,0.73
X-3298,OR2T35,403244.0,Del0.8,0.73
X-3298,OR2T8,343172.0,MutNovel,"V69M,1.000"
X-3298,ORAI1,84876.0,MutNovel,"PP43-,1.000"
X-3298,P2RY8,286530.0,MutNovel,"V1520A,1.000"
X-3298,P2RY8,286530.0,MutKnownFunctional,"-1376,1.000"
X-3298,PACRG,135138.0,Amp5,6.36
X-3298,PALLD,23022.0,MutNovel,"-115P,1.000"
X-3298,PAQR8,85315.0,Amp5,6.82
X-3298,PARK2,5071.0,Amp5,5.46
X-3298,PCDH11Y,83259.0,Del0.8,0.53
X-3298,PCDHB10,56126.0,MutNovel,"E684Q,0.500"
X-3298,PCDHB2,56133.0,MutNovel,"F428L,0.643"
X-3298,PDCD2,5134.0,Amp5,6.36
X-3298,PDE10A,10846.0,Amp5,6.36
X-3298,PDIA4,9601.0,MutNovel,"G14R,0.337"
X-3298,PDP1,54704.0,MutKnownFunctional,"Q434*,0.265"
X-3298,PES1,23481.0,MutNovel,"A319V,0.992"
X-3298,PEX6,5190.0,Amp5,6.82
X-3298,PGBD1,84547.0,MutKnownFunctional,"-330,1.000"
X-3298,PGK2,5232.0,Amp5,6.82
X-3298,PHF10,55274.0,Amp5,6.36
X-3298,PHIP,55023.0,MutNovel,"H176Y,0.300"
X-3298,PHLDA1,22822.0,MutNovel,"QQ194Q,1.000"
X-3298,PKHD1,5314.0,Amp5,6.82
X-3298,PKP4,8502.0,MutNovel,"L530V,0.607"
X-3298,PLA2G7,7941.0,Amp5,6.82
X-3298,PLEC,5339.0,MutNovel,"G314C,0.556"
X-3298,PLIN5,440503.0,MutNovel,"R145H,0.556"
X-3298,PLXNB2,23654.0,MutKnownFunctional,"E1313*,0.257"
X-3298,PNPLA7,375775.0,MutKnownFunctional,"-205?,1.000"
X-3298,POC1B-GALNT4,100528030.0,MutNovel,"R83L,1.000"
X-3298,POLA1,5422.0,MutNovel,"R22Q,1.000"
X-3298,POLH,5429.0,Amp5,6.82
X-3298,POLR1C,9533.0,Amp5,6.82
X-3298,POLR2J2,246721.0,MutKnownFunctional,"R73*,1.000"
X-3298,POM121,9883.0,MutNovel,"T672I,0.897"
X-3298,POTEF,728378.0,MutNovel,"T434S,1.000"
X-3298,PPP2R3B,28227.0,MutKnownFunctional,"E667*,1.000"
X-3298,PPP2R5D,5528.0,Amp5,6.82
X-3298,PPYR1,5540.0,Del0.8,0.64
X-3298,PRDM2,7799.0,MutKnownFunctional,"-1144,0.496"
X-3298,PREX1,57580.0,MutNovel,"S1593N,0.900"
X-3298,PRH1-PRR4,100533464.0,Amp5,5.66
X-3298,PRIM2,5558.0,Amp8,9.38
X-3298,PRKG1,5592.0,Del0.8,0.68
X-3298,PRKY,5616.0,Del0.8,0.46
X-3298,PRPF4B,8899.0,Del0.8,0.76
X-3298,PRPF6,24148.0,MutNovel,"L494V,0.212"
X-3298,PRR18,285800.0,Amp5,6.36
X-3298,PRY,9081.0,Del0.8,0.41
X-3298,PRY,9081.0,Del0.8,0.41
X-3298,PRY2,442862.0,Del0.8,0.41
X-3298,PRY2,442862.0,Del0.8,0.41
X-3298,PSMB1,5689.0,Amp5,6.36
X-3298,PTK7,5754.0,Amp5,6.82
X-3298,PTPN20A,653129.0,MutNovel,"E99K,0.500"
X-3298,PTPN21,11099.0,Del0.8,0.67
X-3298,QKI,9444.0,Amp5,6.36
X-3298,RAB23,51715.0,Amp8,14.42
X-3298,RAB3C,115827.0,Del0.8,0.56
X-3298,RANBP2,5903.0,MutNovel,"R784K,0.300"
X-3298,RB1,5925.0,Del0.8,0.79
X-3298,RBM12B,389677.0,MutNovel,"R559Q,0.365"
X-3298,RBMY1A3P,286557.0,Del0.8,0.46
X-3298,RBMY1B,378948.0,Del0.8,0.41
X-3298,RBMY1B,378948.0,Del0.8,0.41
X-3298,RBMY1E,378950.0,Del0.8,0.41
X-3298,RBMY1E,378950.0,Del0.8,0.41
X-3298,RBMY1F,159163.0,Del0.8,0.41
X-3298,RBMY1F,159163.0,Del0.8,0.41
X-3298,RBMY1J,378951.0,Del0.8,0.41
X-3298,RBMY1J,378951.0,Del0.8,0.41
X-3298,RBMY2EP,159125.0,Del0.8,0.41
X-3298,RBMY2FP,159162.0,Del0.8,0.41
X-3298,RBMY3AP,64593.0,Del0.8,0.41
X-3298,RBP1,5947.0,MutNovel,"R152H,1.000"
X-3298,RCAN2,10231.0,Amp5,6.82
X-3298,RCBTB2,1102.0,Del0.8,0.41
X-3298,RHAG,6005.0,Amp5,6.82
X-3298,RNASET2,8635.0,Amp5,6.36
X-3298,RNU4ATAC,100151683.0,Amp5,5.03
X-3298,RPH3AL,9501.0,Del0.8,0.69
X-3298,RPL14,9045.0,MutNovel,"T149TA,1.000"
X-3298,RPN1,6184.0,MutNovel,"S565A,0.524"
X-3298,RPS4Y1,6192.0,Del0.8,0.53
X-3298,RPS4Y2,140032.0,Del0.8,0.41
X-3298,RPS6KA2,6196.0,Amp5,6.36
X-3298,RRP36,88745.0,Amp5,6.82
X-3298,RSPH9,221421.0,Amp5,6.82
X-3298,RTEL1,51750.0,MutNovel,"R726G,0.413"
X-3298,RTKN2,219790.0,MutNovel,"I104V,0.591"
X-3298,RUNX2,860.0,Amp5,6.82
X-3298,SCN9A,6335.0,MutNovel,"A1130S,1.000"
X-3298,SDK2,54549.0,MutNovel,"S1729W,0.833"
X-3298,SERINC2,347735.0,MutNovel,"-373Q,1.000"
X-3298,SETD1B,23067.0,MutNovel,"P367L,1.000"
X-3298,SFT2D1,113402.0,Amp5,6.36
X-3298,SGK223,157285.0,MutNovel,"T958I,1.000"
X-3298,SIGLEC14,100049587.0,Del0.8,0.65
X-3298,SIX6,4990.0,Del0.8,0.48
X-3298,SLC12A6,9990.0,MutNovel,"D24N,1.000"
X-3298,SLC22A7,10864.0,Amp5,6.82
X-3298,SLC25A27,9481.0,Amp5,6.82
X-3298,SLC25A29,123096.0,MutNovel,"N151S,1.000"
X-3298,SLC28A1,9154.0,MutNovel,"L140LV,1.000"
X-3298,SLC29A1,2030.0,Amp5,6.82
X-3298,SLC2A4RG,56731.0,MutNovel,"A77V,0.624"
X-3298,SLC35B2,347734.0,Amp5,6.82
X-3298,SLC38A6,145389.0,MutNovel,"A484V,1.000"
X-3298,SMOC2,64094.0,Amp5,6.36
X-3298,SMPD4,55627.0,MutNovel,"R334G,0.209"
X-3298,SNIP1,79753.0,MutNovel,"P24T,0.294"
X-3298,SON,6651.0,MutNovel,"S1556I,0.683"
X-3298,SORCS2,57537.0,Del0.8,0.77
X-3298,SP1,6667.0,MutNovel,"Q54R,1.000"
X-3298,SPATS1,221409.0,Amp5,6.82
X-3298,SPDYE2,441273.0,MutNovel,"E166K,0.727"
X-3298,SPDYE5,442590.0,MutNovel,"R278H,0.211"
X-3298,SPEG,10290.0,MutNovel,"S2047G,0.368"
X-3298,SRD5A2,6716.0,MutKnownFunctional,"-30?,1.000"
X-3298,SRF,6722.0,Amp5,6.82
X-3298,SRY,6736.0,Del0.8,0.53
X-3298,SSPO,23145.0,MutNovel,"R209H,0.800"
X-3298,ST6GALNAC5,81849.0,MutNovel,"-43QQ,0.367"
X-3298,ST7L,54879.0,Del0.8,0.75
X-3298,SUCLG2,8801.0,MutNovel,"A289D,0.505"
X-3298,SUPT3H,8464.0,Amp5,6.82
X-3298,SYNE2,23224.0,MutNovel,"D2245E,1.000"
X-3298,SYT15,83849.0,Del0.8,0.78
X-3298,T,6862.0,Amp5,6.36
X-3298,TACC2,10579.0,MutNovel,"P1219A,1.000"
X-3298,TANC1,85461.0,MutNovel,"N346S,0.513"
X-3298,TAS2R43,259289.0,Amp8,9.32
X-3298,TBC1D24,57465.0,MutKnownFunctional,"-422,1.000"
X-3298,TBC1D3,729873.0,MutNovel,"Q354K,1.000"
X-3298,TBL1Y,90665.0,Del0.8,0.46
X-3298,TBP,6908.0,MutNovel,"-64Q,1.000"
X-3298,TBP,6908.0,MutNovel,"Q75K,0.282"
X-3298,TBP,6908.0,Amp5,6.36
X-3298,TCP10,6953.0,Amp5,6.36
X-3298,TCP10L2,401285.0,Amp5,6.36
X-3298,TCTE1,202500.0,Amp5,6.82
X-3298,TCTE3,6991.0,Amp5,6.36
X-3298,TDRD6,221400.0,Amp5,6.82
X-3298,TET1,80312.0,MutNovel,"V722L,0.783"
X-3298,TEX34,,MutNovel,"A318T,0.571"
X-3298,TFAP2B,7021.0,Amp5,6.82
X-3298,TFAP2D,83741.0,Amp5,6.82
X-3298,TFCP2L1,29842.0,Amp5,5.03
X-3298,TGIF2LY,90655.0,Del0.8,0.53
X-3298,THBS2,7058.0,Amp5,6.36
X-3298,TINAG,27283.0,Amp5,6.82
X-3298,TJAP1,93643.0,Amp5,6.82
X-3298,TJP1,7082.0,MutNovel,"P1716S,0.490"
X-3298,TLK2,11011.0,MutNovel,"R262Q,0.368"
X-3298,TMBIM4,51643.0,MutKnownFunctional,"-174?,0.423"
X-3298,TMEM131,23505.0,MutNovel,"R709Q,0.657"
X-3298,TMEM14A,28978.0,Amp5,6.82
X-3298,TMEM151B,441151.0,Amp5,6.82
X-3298,TMEM191B,728229.0,MutNovel,"F159FY,1.000"
X-3298,TMEM63B,55362.0,Amp5,6.82
X-3298,TMPPE,643853.0,MutNovel,"ED326D,1.000"
X-3298,TMSB4Y,9087.0,Del0.8,0.41
X-3298,TNFRSF21,27242.0,Amp5,6.82
X-3298,TOR1AIP1,26092.0,MutNovel,"R195C,0.667"
X-3298,TP53,7157.0,MutKnownFunctional,"W53*,0.994"
X-3298,TP53TG5,27296.0,MutNovel,"A146V,0.522"
X-3298,TRAM2,9697.0,Amp5,6.82
X-3298,TRIM21,6737.0,MutKnownFunctional,"Y343*,0.976"
X-3298,TRMT12,55039.0,MutKnownFunctional,"Q69*,0.279"
X-3298,TSN,7247.0,Amp5,5.03
X-3298,TSPAN16,26526.0,MutNovel,"Y235H,0.400"
X-3298,TSPAN33,340348.0,MutNovel,"A47T,0.768"
X-3298,TSPY1,7258.0,Del0.8,0.11
X-3298,TSPY2,64591.0,Del0.8,0.21
X-3298,TSPY3,728137.0,Del0.8,0.11
X-3298,TSPY4,728395.0,Del0.8,0.11
X-3298,TSPY8,728403.0,Del0.8,0.11
X-3298,TSPYL1,7259.0,MutNovel,"V176VW,1.000"
X-3298,TTBK1,84630.0,Amp5,6.82
X-3298,TTLL2,83887.0,Amp5,6.36
X-3298,TTTY10,246119.0,Del0.8,0.41
X-3298,TTTY11,83866.0,Del0.8,0.46
X-3298,TTTY12,83867.0,Del0.8,0.46
X-3298,TTTY13,83868.0,Del0.8,0.41
X-3298,TTTY14,83869.0,Del0.8,0.41
X-3298,TTTY15,64595.0,Del0.8,0.41
X-3298,TTTY16,252948.0,Del0.8,0.46
X-3298,TTTY17A,252949.0,Del0.8,0.41
X-3298,TTTY17A,252949.0,Del0.8,0.41
X-3298,TTTY18,252950.0,Del0.8,0.46
X-3298,TTTY19,252952.0,Del0.8,0.46
X-3298,TTTY1B,100101116.0,Del0.8,0.21
X-3298,TTTY1B,100101116.0,Del0.8,0.41
X-3298,TTTY2,60439.0,Del0.8,0.41
X-3298,TTTY2,60439.0,Del0.8,0.31
X-3298,TTTY20,252951.0,Del0.8,0.22
X-3298,TTTY21,252953.0,Del0.8,0.41
X-3298,TTTY21,252953.0,Del0.8,0.46
X-3298,TTTY22,252954.0,Del0.8,0.41
X-3298,TTTY23,252955.0,Del0.8,0.41
X-3298,TTTY23,252955.0,Del0.8,0.53
X-3298,TTTY3,114760.0,Del0.8,0.41
X-3298,TTTY3,114760.0,Del0.8,0.41
X-3298,TTTY4,114761.0,Del0.8,0.41
X-3298,TTTY4,114761.0,Del0.8,0.41
X-3298,TTTY5,83863.0,Del0.8,0.41
X-3298,TTTY6,84672.0,Del0.8,0.41
X-3298,TTTY6,84672.0,Del0.8,0.41
X-3298,TTTY7,246122.0,Del0.8,0.46
X-3298,TTTY7,246122.0,Del0.8,0.41
X-3298,TTTY7B,100101120.0,Del0.8,0.46
X-3298,TTTY7B,100101120.0,Del0.8,0.41
X-3298,TTTY8,84673.0,Del0.8,0.46
X-3298,TTTY8,84673.0,Del0.8,0.41
X-3298,TTTY9A,83864.0,Del0.8,0.41
X-3298,TTTY9A,83864.0,Del0.8,0.41
X-3298,TXLNG2P,246126.0,Del0.8,0.41
X-3298,UAP1,6675.0,MutNovel,"C464W,0.772"
X-3298,UBE2Q1,55585.0,MutNovel,"P12R,1.000"
X-3298,UNC93A,54346.0,Amp5,6.36
X-3298,USP32P2,220594.0,Del0.8,0.5
X-3298,USP9Y,8287.0,Del0.8,0.41
X-3298,UTY,7404.0,Del0.8,0.41
X-3298,VCX3A,51481.0,MutNovel,"Q149E,0.400"
X-3298,VCX3A,51481.0,MutNovel,"EV139DM,0.714"
X-3298,VCX3B,425054.0,MutNovel,"V140M,0.625"
X-3298,VCX3B,425054.0,MutNovel,"E159Q,0.467"
X-3298,VCY,9084.0,Del0.8,0.41
X-3298,VCY,9084.0,Del0.8,0.41
X-3298,VEGFA,7422.0,Amp5,6.82
X-3298,VPS13A,23230.0,MutNovel,"N40H,0.432"
X-3298,VPS45,11311.0,MutNovel,"Q360E,1.000"
X-3298,VWA1,64856.0,MutNovel,"A326P,1.000"
X-3298,WASH1,100287171.0,MutNovel,"P152A,0.244"
X-3298,WDFY1,57590.0,MutNovel,"T188M,0.333"
X-3298,WDR27,253769.0,Amp5,6.36
X-3298,WDR76,79968.0,MutNovel,"R550K,0.459"
X-3298,WDR81,124997.0,MutNovel,"P626L,1.000"
X-3298,XKRY2,353515.0,Del0.8,0.41
X-3298,XKRY2,353515.0,Del0.8,0.41
X-3298,XPO5,57510.0,Amp5,6.82
X-3298,YIPF3,25844.0,Amp5,6.82
X-3298,ZDHHC11,79844.0,MutNovel,"A303D,1.000"
X-3298,ZDHHC11,79844.0,Del0.8,0.72
X-3298,ZFC3H1,196441.0,MutNovel,"R105L,0.452"
X-3298,ZFY,7544.0,Del0.8,0.53
X-3298,ZMIZ2,83637.0,MutNovel,"D476Y,0.525"
X-3298,ZNF154,7710.0,MutNovel,"W25R,0.214"
X-3298,ZNF167,55888.0,MutNovel,"G557C,0.429"
X-3298,ZNF219,51222.0,MutNovel,"QPP233P,0.491"
X-3298,ZNF225,7768.0,MutNovel,"Q73K,0.500"
X-3298,ZNF233,353355.0,MutNovel,"L90P,0.500"
X-3298,ZNF233,353355.0,MutNovel,"L98P,0.360"
X-3298,ZNF233,353355.0,MutNovel,"I124T,0.267"
X-3298,ZNF235,9310.0,MutNovel,"I186M,0.310"
X-3298,ZNF318,24149.0,Amp5,6.82
X-3298,ZNF362,149076.0,MutKnownFunctional,"S382*,0.345"
X-3298,ZNF419,79744.0,MutNovel,"V313A,1.000"
X-3298,ZNF451,26036.0,Amp8,14.42
X-3298,ZNF469,84627.0,MutNovel,"P1787Q,1.000"
X-3298,ZNF526,116115.0,MutNovel,"G356V,0.333"
X-3298,ZNF551,90233.0,MutNovel,"Q83R,0.250"
X-3298,ZNF551,90233.0,MutNovel,"Y207C,0.433"
X-3298,ZNF595,152687.0,MutNovel,"P15T,0.214"
X-3298,ZNF625,90589.0,MutNovel,"E7V,0.562"
X-3298,ZNF721,170960.0,Del0.8,0.67
X-3298,ZNF728,,MutNovel,"L85F,1.000"
X-3298,ZNF728,,MutNovel,"A82P,1.000"
X-3298,ZNF728,,MutNovel,"S79P,1.000"
X-3298,ZNF728,,MutNovel,"V76G,1.000"
X-3298,ZNF778,197320.0,MutNovel,"Y92C,1.000"
X-3298,ZNF814,730051.0,MutNovel,"P379H,0.269"
X-3298,ZNF829,374899.0,MutNovel,"W237R,0.293"
X-3298,ZNF84,7637.0,MutNovel,"E540K,1.000"
X-3298,ZNF84,7637.0,MutNovel,"P542L,1.000"
X-3298,ZP3,7784.0,MutNovel,"S315P,0.929"
X-3298,ZSWIM4,65249.0,MutNovel,"R42L,0.500"
X-3450,A1BG,1.0,MutNovel,"V488M,0.600"
X-3450,A2M,2.0,Amp5,5.98
X-3450,A2ML1,144568.0,Amp5,5.98
X-3450,A2MP1,3.0,Amp5,5.98
X-3450,ABCC9,10060.0,Amp5,5.98
X-3450,ACRBP,84519.0,Amp5,5.78
X-3450,ACSM4,341392.0,Amp5,5.78
X-3450,ADAM3A,1587.0,Del0.8,0.66
X-3450,ADIPOR2,79602.0,Amp5,5.78
X-3450,AEBP2,121536.0,Amp5,5.98
X-3450,AICDA,57379.0,Amp5,5.98
X-3450,AKAP3,10566.0,Amp5,5.78
X-3450,ALG10,84920.0,Amp5,5.98
X-3450,AMELY,266.0,Del0.8,0.72
X-3450,AMN1,196394.0,Amp5,5.98
X-3450,AMY2A,279.0,Amp5,5.5
X-3450,ANKRD36,375248.0,MutNovel,"T998S,0.237"
X-3450,ANO2,57101.0,Amp5,5.78
X-3450,APOBEC1,339.0,Amp5,5.78
X-3450,APOLD1,81575.0,Amp5,5.98
X-3450,APPL1,26060.0,MutNovel,"CALN183C,0.379"
X-3450,ARHGDIB,397.0,Amp5,5.98
X-3450,ARNTL2,56938.0,Amp5,5.98
X-3450,ART4,420.0,Amp5,5.98
X-3450,ASUN,55726.0,Amp5,5.98
X-3450,ATF2,1386.0,MutNovel,"A346T,1.000"
X-3450,ATF7IP,55729.0,Amp5,5.98
X-3450,ATN1,1822.0,Amp5,5.78
X-3450,B4GALNT3,283358.0,Amp5,5.54
X-3450,BAHCC1,57597.0,MutNovel,"R407W,1.000"
X-3450,BCAT1,586.0,Amp5,5.98
X-3450,BCL2L14,79370.0,Amp5,5.98
X-3450,BCORP1,286554.0,Del0.8,0.62
X-3450,BHLHE41,79365.0,Amp5,5.98
X-3450,BICD1,636.0,Amp5,5.98
X-3450,BMP6,654.0,MutNovel,"R28Q,1.000"
X-3450,BPY2B,442867.0,Del0.8,0.48
X-3450,BPY2B,442867.0,Del0.8,0.37
X-3450,C12orf32,83695.0,Amp5,5.78
X-3450,C12orf35,55196.0,Amp5,5.98
X-3450,C12orf36,283422.0,Amp5,5.98
X-3450,C12orf39,80763.0,Amp5,5.98
X-3450,C12orf4,57102.0,Amp5,5.78
X-3450,C12orf5,57103.0,Amp5,5.78
X-3450,C12orf53,196500.0,Amp5,5.78
X-3450,C12orf57,113246.0,Amp5,5.78
X-3450,C12orf59,120939.0,Amp5,5.98
X-3450,C12orf60,144608.0,Amp5,5.98
X-3450,C12orf69,440087.0,Amp5,5.98
X-3450,C12orf70,341346.0,Amp5,5.98
X-3450,C12orf71,728858.0,Amp5,5.98
X-3450,C12orf77,196415.0,Amp5,5.98
X-3450,C1R,715.0,Amp5,5.78
X-3450,C1RL,51279.0,Amp5,5.78
X-3450,C1S,716.0,Amp5,5.78
X-3450,C22orf39,128977.0,MutKnownFunctional,"Q81*,0.250"
X-3450,C3AR1,719.0,Amp5,5.78
X-3450,CA9,768.0,MutNovel,"PA391P,0.425"
X-3450,CACNA1A,773.0,MutNovel,"QQ2330-,1.000"
X-3450,CACNA1C,775.0,Amp5,5.78
X-3450,CACNA2D4,93589.0,Amp5,5.78
X-3450,CAPRIN2,65981.0,Amp5,5.98
X-3450,CAPZA3,93661.0,Amp5,5.98
X-3450,CASC1,55259.0,Amp5,5.98
X-3450,CBWD3,445571.0,MutNovel,"D212G,1.000"
X-3450,CCDC77,84318.0,Amp5,5.54
X-3450,CCDC91,55297.0,Amp5,5.98
X-3450,CCL3L1,6349.0,Del0.8,0.79
X-3450,CCL3L3,414062.0,Del0.8,0.79
X-3450,CCND2,894.0,Amp5,5.78
X-3450,CD163,9332.0,Amp5,5.78
X-3450,CD163L1,283316.0,Amp5,5.78
X-3450,CD27,939.0,Amp5,5.78
X-3450,CD276,80381.0,MutNovel,"R329S,0.202"
X-3450,CD4,920.0,Amp5,5.78
X-3450,CD69,969.0,Amp5,5.98
X-3450,CD9,928.0,Amp5,5.78
X-3450,CDCA3,83461.0,Amp5,5.78
X-3450,CDKN1B,1027.0,Amp5,5.98
X-3450,CDY1B,253175.0,Del0.8,0.37
X-3450,CDY1B,253175.0,Del0.8,0.62
X-3450,CDY2A,9426.0,Del0.8,0.62
X-3450,CDY2A,9426.0,Del0.8,0.62
X-3450,CDY2B,203611.0,Del0.8,0.62
X-3450,CDY2B,203611.0,Del0.8,0.62
X-3450,CENPJ,55835.0,MutNovel,"P627L,0.971"
X-3450,CFHR1,3078.0,Amp8,9.65
X-3450,CFHR3,10878.0,Amp8,9.65
X-3450,CHD4,1108.0,Amp5,5.78
X-3450,CLEC12A,160364.0,Amp5,5.98
X-3450,CLEC12B,387837.0,Amp5,5.98
X-3450,CLEC1A,51267.0,Amp5,5.98
X-3450,CLEC1B,51266.0,Amp5,5.98
X-3450,CLEC2A,387836.0,Amp5,5.98
X-3450,CLEC2B,9976.0,Amp5,5.98
X-3450,CLEC2D,29121.0,Amp5,5.98
X-3450,CLEC4A,50856.0,Amp5,5.78
X-3450,CLEC4C,170482.0,Amp5,5.78
X-3450,CLEC4D,338339.0,Amp5,5.98
X-3450,CLEC4E,26253.0,Amp5,5.98
X-3450,CLEC6A,93978.0,Amp5,5.98
X-3450,CLEC7A,64581.0,Amp5,5.98
X-3450,CLEC9A,283420.0,Amp5,5.98
X-3450,CLECL1,160365.0,Amp5,5.98
X-3450,CLSTN3,9746.0,Amp5,5.78
X-3450,CMAS,55907.0,Amp5,5.98
X-3450,CNTNAP3,79937.0,MutNovel,"A660S,0.569"
X-3450,CNTNAP3B,728577.0,MutNovel,"G1195R,1.000"
X-3450,COPS7A,50813.0,Amp5,5.78
X-3450,CREBL2,1389.0,Amp5,5.98
X-3450,CSDA,8531.0,Amp5,5.98
X-3450,CSPG4P1Y,114758.0,Del0.8,0.37
X-3450,CSPG4P1Y,114758.0,Del0.8,0.62
X-3450,CTSS,1520.0,MutNovel,"L30F,0.308"
X-3450,CWC22,57703.0,MutNovel,"VSFR453G,0.302"
X-3450,DAZ1,1617.0,Del0.8,0.62
X-3450,DAZ2,57055.0,Del0.8,0.5
X-3450,DAZ3,57054.0,Del0.8,0.37
X-3450,DAZ3,57054.0,Del0.8,0.48
X-3450,DAZ4,57135.0,Del0.8,0.44
X-3450,DAZ4,57135.0,Del0.8,0.52
X-3450,DCP1B,196513.0,Amp5,5.78
X-3450,DDX11,1663.0,Amp5,5.98
X-3450,DDX12P,440081.0,Amp5,5.98
X-3450,DDX27,55661.0,MutNovel,"I529V,0.231"
X-3450,DDX3Y,8653.0,Del0.8,0.62
X-3450,DDX47,51202.0,Amp5,5.98
X-3450,DEAF1,10522.0,MutNovel,"Y258N,1.000"
X-3450,DENND5B,160518.0,Amp5,5.98
X-3450,DERA,51071.0,Amp5,5.98
X-3450,DIS3,22894.0,MutNovel,"G404V,0.487"
X-3450,DMPK,1760.0,MutNovel,"T544M,0.342"
X-3450,DNM1L,10059.0,Amp5,5.98
X-3450,DPPA3,359787.0,Amp5,5.78
X-3450,DRD4,1815.0,MutNovel,"F134FVA,0.923"
X-3450,DSTNP2,171220.0,Amp5,5.78
X-3450,DUSP16,80824.0,Amp5,5.98
X-3450,DYRK4,8798.0,Amp5,5.78
X-3450,DYX1C1,161582.0,MutNovel,"A272T,1.000"
X-3450,EFCAB4B,84766.0,Amp5,5.78
X-3450,EIF1AY,9086.0,Del0.8,0.62
X-3450,EMG1,10436.0,Amp5,5.78
X-3450,EMP1,2012.0,Amp5,5.98
X-3450,ENO2,2026.0,Amp5,5.78
X-3450,EPS8,2059.0,Amp5,5.98
X-3450,ERC1,23085.0,Amp5,5.78
X-3450,ERGIC2,51290.0,Amp5,5.98
X-3450,ERP27,121506.0,Amp5,5.98
X-3450,ETNK1,55500.0,Amp5,5.98
X-3450,ETV6,2120.0,Amp5,5.98
X-3450,EXOC6,54536.0,MutNovel,"Q681E,0.756"
X-3450,EXOSC5,56915.0,MutKnownFunctional,"-216,0.408"
X-3450,FAM197Y2P,252946.0,Del0.8,0.21
X-3450,FAM203A,51236.0,MutNovel,"G218D,0.583"
X-3450,FAM208B,54906.0,MutNovel,"S1660Y,0.505"
X-3450,FAM41AY1,340618.0,Del0.8,0.62
X-3450,FAM41AY1,340618.0,Del0.8,0.62
X-3450,FAM60A,58516.0,Amp5,5.98
X-3450,FAM66C,440078.0,Amp5,5.78
X-3450,FAM86FP,653113.0,Amp5,5.78
X-3450,FAM90A1,55138.0,Amp5,5.78
X-3450,FAR2,55711.0,Amp5,5.98
X-3450,FBLN5,10516.0,MutNovel,"N63Y,0.360"
X-3450,FBN3,84467.0,MutNovel,"I1722C,0.308"
X-3450,FBXL14,144699.0,Amp5,5.78
X-3450,FBXO33,254170.0,MutNovel,"QLRR34R,0.889"
X-3450,FGD4,121512.0,Amp5,5.98
X-3450,FGF23,8074.0,Amp5,5.78
X-3450,FGF6,2251.0,Amp5,5.78
X-3450,FGFR1OP2,26127.0,Amp5,5.98
X-3450,FKBP4,2288.0,Amp5,5.78
X-3450,FLJ13224,79857.0,Amp5,5.98
X-3450,FNDC1,84624.0,MutNovel,"ATTRRTT1471A,0.688"
X-3450,FOXJ2,55810.0,Amp5,5.78
X-3450,FOXM1,2305.0,Amp5,5.78
X-3450,FRYL,285527.0,MutNovel,"N2143T,0.327"
X-3450,FZD7,8324.0,Del0.8,0.54
X-3450,GABARAPL1,23710.0,Amp5,5.98
X-3450,GALNT8,26290.0,Amp5,5.78
X-3450,GAPDH,2597.0,Amp5,5.78
X-3450,GDF3,9573.0,Amp5,5.78
X-3450,GINS4,84296.0,MutNovel,"A68T,0.778"
X-3450,GNB3,2784.0,Amp5,5.78
X-3450,GOLGA2P2Y,84559.0,Del0.8,0.37
X-3450,GOLGA2P2Y,84559.0,Del0.8,0.62
X-3450,GOLT1B,51026.0,Amp5,5.98
X-3450,GPR162,27239.0,Amp5,5.78
X-3450,GPR19,2842.0,Amp5,5.98
X-3450,GPRC5A,9052.0,Amp5,5.98
X-3450,GPRC5D,55507.0,Amp5,5.98
X-3450,GPRIN2,9721.0,MutNovel,"-238MRE,0.260"
X-3450,GRIN2B,2904.0,Amp5,5.98
X-3450,GSG1,83445.0,Amp5,5.98
X-3450,GSPT1,2935.0,MutNovel,"V479L,0.750"
X-3450,GSPT1,2935.0,MutNovel,"G16AAG,0.250"
X-3450,GUCY2C,2984.0,Amp5,5.98
X-3450,GYG2P1,352887.0,Del0.8,0.62
X-3450,GYLTL1B,120071.0,MutNovel,"V308G,0.996"
X-3450,GYS2,2998.0,Amp5,5.98
X-3450,H2AFJ,55766.0,Amp5,5.98
X-3450,H3F3C,440093.0,Amp5,5.98
X-3450,HAUS5,23354.0,MutNovel,"L202F,0.457"
X-3450,HEBP1,50865.0,Amp5,5.98
X-3450,HIST4H4,121504.0,Amp5,5.98
X-3450,HJURP,55355.0,MutNovel,"D610Y,0.478"
X-3450,HLA-DRB1,3123.0,Amp5,6.23
X-3450,HLA-DRB5,3127.0,Amp5,6.23
X-3450,HLA-DRB6,3128.0,Amp5,6.23
X-3450,HPR,3250.0,MutNovel,"A313T,0.750"
X-3450,HSFY2,159119.0,Del0.8,0.62
X-3450,HSFY2,159119.0,Del0.8,0.62
X-3450,HSPA1L,3305.0,MutNovel,"V500A,0.231"
X-3450,HTR7P1,93164.0,Amp5,5.98
X-3450,IAPP,3375.0,Amp5,5.98
X-3450,IFFO1,25900.0,Amp5,5.78
X-3450,IFIT5,24138.0,MutNovel,"A52D,0.783"
X-3450,IFLTD1,160492.0,Amp5,5.98
X-3450,ING4,51147.0,Amp5,5.78
X-3450,IPO8,10526.0,Amp5,5.98
X-3450,IQSEC3,440073.0,Amp5,5.54
X-3450,ITFG2,55846.0,Amp5,5.78
X-3450,ITPR2,3709.0,Amp5,5.98
X-3450,KCNA1,3736.0,Amp5,5.78
X-3450,KCNA5,3741.0,Amp5,5.78
X-3450,KCNA6,3742.0,Amp5,5.78
X-3450,KCNJ8,3764.0,Amp5,5.98
X-3450,KCP,375616.0,MutNovel,"P1136S,0.348"
X-3450,KDM2A,22992.0,MutNovel,"I1161V,0.992"
X-3450,KDM5A,5927.0,Amp5,5.54
X-3450,KDM5D,8284.0,Del0.8,0.62
X-3450,KIAA0528,9847.0,Amp5,5.98
X-3450,KIAA1467,57613.0,Amp5,5.98
X-3450,KIF20B,9585.0,MutNovel,"L1062LKV,0.537"
X-3450,KLHDC10,23008.0,MutNovel,"V140L,0.424"
X-3450,KLHDC5,57542.0,Amp5,5.98
X-3450,KLRAP1,10748.0,Amp5,5.98
X-3450,KLRB1,3820.0,Amp5,5.98
X-3450,KLRC1,3821.0,Amp5,5.98
X-3450,KLRC2,3822.0,Amp5,5.98
X-3450,KLRC3,3823.0,Amp5,5.98
X-3450,KLRC4,8302.0,Amp5,5.98
X-3450,KLRC4-KLRK1,100528032.0,Amp5,5.98
X-3450,KLRD1,3824.0,Amp5,5.98
X-3450,KLRF1,51348.0,Amp5,5.98
X-3450,KLRF2,100431172.0,Amp5,5.98
X-3450,KLRG1,10219.0,Amp5,5.98
X-3450,KLRK1,22914.0,Amp5,5.98
X-3450,KRAS,3845.0,Amp5,5.98
X-3450,KRT13,3860.0,MutNovel,"D131E,1.000"
X-3450,KRT13,3860.0,MutNovel,"I106A,1.000"
X-3450,KRT6C,286887.0,MutNovel,"Y497L,0.250"
X-3450,KRT6C,286887.0,MutNovel,"A87G,0.417"
X-3450,KRT81,3887.0,MutNovel,"G52R,1.000"
X-3450,LACE1,246269.0,MutNovel,"V240L,0.500"
X-3450,LAG3,3902.0,Amp5,5.78
X-3450,LDHB,3945.0,Amp5,5.98
X-3450,LEPREL2,10536.0,Amp5,5.78
X-3450,LINC00477,144360.0,Amp5,5.98
X-3450,LMF1,64788.0,MutNovel,"G525E,0.760"
X-3450,LMO3,55885.0,Amp5,5.98
X-3450,LOC100271702,100271702.0,Amp5,5.78
X-3450,LOC100287314,100287314.0,Amp5,5.98
X-3450,LOC100287482,100287482.0,MutNovel,"A30V,0.667"
X-3450,LOC100292680,100292680.0,Amp5,5.78
X-3450,LOC100499405,100499405.0,Amp5,5.98
X-3450,LOC100506314,100506314.0,Amp5,5.98
X-3450,LOC100506393,100506393.0,Amp5,5.98
X-3450,LOC100506451,100506451.0,Amp5,5.98
X-3450,LOC100507369,,MutNovel,"A188V,1.000"
X-3450,LOC100507424,100507424.0,Amp5,5.78
X-3450,LOC100996689,,MutNovel,"S329R,1.000"
X-3450,LOC283440,283440.0,Amp5,5.78
X-3450,LOC338817,338817.0,Amp5,5.98
X-3450,LOC374443,374443.0,Amp5,5.98
X-3450,LOC389634,389634.0,Amp5,5.78
X-3450,LOC574538,574538.0,Amp5,5.54
X-3450,LOC642846,642846.0,Amp5,5.98
X-3450,LOH12CR1,118426.0,Amp5,5.98
X-3450,LOH12CR2,503693.0,Amp5,5.98
X-3450,LPAR5,57121.0,Amp5,5.78
X-3450,LPCAT3,10162.0,Amp5,5.78
X-3450,LPIN3,64900.0,MutNovel,"V89F,0.260"
X-3450,LRMP,4033.0,Amp5,5.98
X-3450,LRP5,4041.0,MutNovel,"P11PLL,0.464"
X-3450,LRP6,4040.0,Amp5,5.98
X-3450,LRRC23,10233.0,Amp5,5.78
X-3450,LRTM2,654429.0,Amp5,5.78
X-3450,LSR,51599.0,MutNovel,"G518GR,0.775"
X-3450,LTBR,4055.0,Amp5,5.78
X-3450,LYRM5,144363.0,Amp5,5.98
X-3450,M6PR,4074.0,Amp5,5.98
X-3450,MAGI1,9223.0,MutNovel,"Q421HR,0.310"
X-3450,MAGI2,9863.0,MutNovel,"P1392S,0.231"
X-3450,MAGOHB,55110.0,Amp5,5.98
X-3450,MAMLD1,10046.0,MutNovel,"T670I,1.000"
X-3450,MANSC1,54682.0,Amp5,5.98
X-3450,MANSC4,100287284.0,Amp5,5.98
X-3450,MAP3K4,4216.0,MutNovel,"PA1189P,0.600"
X-3450,MAP4K5,11183.0,MutNovel,"G789V,0.583"
X-3450,MASP2,10747.0,MutNovel,"T467A,0.500"
X-3450,MAST3,23031.0,MutNovel,"A820V,1.000"
X-3450,MECP2,4204.0,MutNovel,"G16EG,0.792"
X-3450,MED21,9412.0,Amp5,5.98
X-3450,MEIS1,4211.0,MutNovel,"A289V,0.453"
X-3450,METTL20,254013.0,Amp5,5.98
X-3450,MFAP5,8076.0,Amp5,5.98
X-3450,MFSD12,126321.0,MutNovel,"H236R,0.997"
X-3450,MGP,4256.0,Amp5,5.98
X-3450,MGST1,4257.0,Amp5,5.98
X-3450,MIB1,57534.0,MutNovel,"P806S,1.000"
X-3450,MICAL3,57553.0,MutNovel,"S847L,1.000"
X-3450,MIR1244-1,100302285.0,Amp5,5.98
X-3450,MIR1244-1,100302285.0,Amp5,5.98
X-3450,MIR141,406933.0,Amp5,5.78
X-3450,MIR200C,406985.0,Amp5,5.78
X-3450,MIR3649,100500816.0,Amp5,5.78
X-3450,MIR3974,100616279.0,Amp5,5.98
X-3450,MIR4302,100422897.0,Amp5,5.98
X-3450,MIR613,693198.0,Amp5,5.98
X-3450,MIR614,693199.0,Amp5,5.98
X-3450,MIR920,100126320.0,Amp5,5.98
X-3450,MLF2,8079.0,Amp5,5.78
X-3450,MLL,4297.0,MutNovel,"A30G,1.000"
X-3450,MRPL51,51258.0,Amp5,5.78
X-3450,MRPS28,28957.0,MutNovel,"L21R,0.210"
X-3450,MRPS35,60488.0,Amp5,5.98
X-3450,MUC20,200958.0,MutNovel,"V325I,1.000"
X-3450,MUC5B,727897.0,MutNovel,"P2795L,0.261"
X-3450,MUC5B,727897.0,MutNovel,"R3288G,1.000"
X-3450,NAB1,4664.0,MutNovel,"S455C,0.992"
X-3450,NANOG,79923.0,Amp5,5.78
X-3450,NANOGNB,360030.0,Amp5,5.78
X-3450,NBPF1,55672.0,MutNovel,"A29P,0.444"
X-3450,NBPF1,55672.0,MutNovel,"K23T,0.444"
X-3450,NBPF9,400818.0,MutNovel,"R97G,0.538"
X-3450,NBPF9,400818.0,MutNovel,"V346L,0.250"
X-3450,NBPF9,400818.0,MutNovel,"T652S,0.375"
X-3450,NBR1,4077.0,MutNovel,"KLEQKLHE172-,0.639"
X-3450,NCAPD2,9918.0,Amp5,5.78
X-3450,NCOR2,9612.0,MutNovel,"G1839GAAA,0.566"
X-3450,NCRNA00185,55410.0,Del0.8,0.62
X-3450,NDUFA9,4704.0,Amp5,5.78
X-3450,NECAP1,25977.0,Amp5,5.78
X-3450,NES,10763.0,MutNovel,"T757I,0.380"
X-3450,NINJ2,4815.0,Amp5,5.54
X-3450,NLGN4Y,22829.0,Del0.8,0.62
X-3450,NOMO3,408050.0,MutNovel,"P1010A,0.800"
X-3450,NOP2,4839.0,Amp5,5.78
X-3450,NPHP3,27031.0,MutNovel,"F74Y,0.714"
X-3450,NPIPL3,23117.0,MutNovel,"L438F,0.750"
X-3450,NRIP2,83714.0,Amp5,5.78
X-3450,NTF3,4908.0,Amp5,5.78
X-3450,OLR1,4973.0,Amp5,5.98
X-3450,OR2T10,127069.0,Amp5,7.52
X-3450,OR2T11,127077.0,Amp5,7.52
X-3450,OR2T34,127068.0,Amp5,7.52
X-3450,ORAI1,84876.0,MutNovel,"PP43-,0.647"
X-3450,OTUD7B,56957.0,MutNovel,"KK552K,0.543"
X-3450,OVCH1,341350.0,Amp5,5.98
X-3450,PABPC3,5042.0,MutKnownFunctional,"-226,1.000"
X-3450,PABPC3,5042.0,MutKnownFunctional,"-298,1.000"
X-3450,PABPC3,5042.0,MutKnownFunctional,"-299,1.000"
X-3450,PAFAH1B2,5049.0,MutNovel,"S161L,1.000"
X-3450,PARP11,57097.0,Amp5,5.78
X-3450,PCDH11Y,83259.0,Del0.8,0.72
X-3450,PCSK9,255738.0,MutNovel,"-15L,0.471"
X-3450,PDE3A,5139.0,Amp5,5.98
X-3450,PDE6B,5158.0,MutNovel,"K769N,0.424"
X-3450,PDE6H,5149.0,Amp5,5.98
X-3450,PER1,5187.0,MutNovel,"R799Q,1.000"
X-3450,PEX5,5830.0,Amp5,5.78
X-3450,PHB2,11331.0,Amp5,5.78
X-3450,PHC1,1911.0,MutNovel,"I78T,0.500"
X-3450,PHC1,1911.0,Amp5,5.98
X-3450,PHF20L1,51105.0,MutNovel,"V839L,0.217"
X-3450,PHLDA1,22822.0,MutNovel,"QQ194Q,0.571"
X-3450,PIK3C2G,5288.0,Amp5,5.98
X-3450,PKP2,5318.0,Amp5,5.98
X-3450,PLBD1,79887.0,Amp5,5.98
X-3450,PLCZ1,89869.0,Amp5,5.98
X-3450,PLEKHA5,54477.0,Amp5,5.98
X-3450,PLEKHG6,55200.0,Amp5,5.78
X-3450,PLIN4,729359.0,MutNovel,"G714D,0.521"
X-3450,POTEE,445582.0,MutNovel,"R816N,0.235"
X-3450,POTEI,,MutNovel,"A814V,0.667"
X-3450,POTEI,,MutNovel,"I803M,1.000"
X-3450,POU5F1P3,642559.0,Amp5,5.78
X-3450,PPFIA3,8541.0,MutNovel,"R720H,0.400"
X-3450,PPFIBP1,8496.0,Amp5,5.98
X-3450,PRB1,5542.0,Amp5,5.98
X-3450,PRB2,653247.0,Amp5,5.98
X-3450,PRB3,5544.0,Amp5,5.98
X-3450,PRB4,5545.0,Amp5,5.98
X-3450,PRH1,5554.0,Amp5,5.98
X-3450,PRH1-PRR4,100533464.0,Amp5,5.98
X-3450,PRH2,5555.0,Amp5,5.98
X-3450,PRKACA,5566.0,MutNovel,"M129I,0.406"
X-3450,PRKDC,5591.0,MutNovel,"I3040T,0.520"
X-3450,PRKY,5616.0,Del0.8,0.72
X-3450,PRMT8,56341.0,Amp5,5.78
X-3450,PRR4,11272.0,Amp5,5.98
X-3450,PRSS56,646960.0,MutNovel,"P599A,1.000"
X-3450,PRY,9081.0,Del0.8,0.62
X-3450,PRY,9081.0,Del0.8,0.62
X-3450,PRY2,442862.0,Del0.8,0.62
X-3450,PRY2,442862.0,Del0.8,0.62
X-3450,PTHLH,5744.0,Amp5,5.98
X-3450,PTMS,5763.0,Amp5,5.78
X-3450,PTPN14,5784.0,MutNovel,"M100I,0.590"
X-3450,PTPN3,5774.0,MutKnownFunctional,"R380*,0.346"
X-3450,PTPN6,5777.0,Amp5,5.78
X-3450,PTPRO,5800.0,Amp5,5.98
X-3450,PYROXD1,79912.0,Amp5,5.98
X-3450,PZP,5858.0,Amp5,5.98
X-3450,RAD51AP1,10635.0,Amp5,5.78
X-3450,RAD52,5893.0,Amp5,5.78
X-3450,RAPGEF6,51735.0,MutNovel,"I589L,1.000"
X-3450,RASSF8,11228.0,Amp5,5.98
X-3450,RBMY1A3P,286557.0,Del0.8,0.72
X-3450,RBMY1B,378948.0,Del0.8,0.62
X-3450,RBMY1B,378948.0,Del0.8,0.62
X-3450,RBMY1E,378950.0,Del0.8,0.62
X-3450,RBMY1E,378950.0,Del0.8,0.62
X-3450,RBMY1F,159163.0,Del0.8,0.62
X-3450,RBMY1F,159163.0,Del0.8,0.62
X-3450,RBMY1J,378951.0,Del0.8,0.62
X-3450,RBMY1J,378951.0,Del0.8,0.62
X-3450,RBMY2EP,159125.0,Del0.8,0.62
X-3450,RBMY2FP,159162.0,Del0.8,0.62
X-3450,RBMY3AP,64593.0,Del0.8,0.62
X-3450,RBP5,83758.0,Amp5,5.78
X-3450,RECQL,5965.0,Amp5,5.98
X-3450,REP15,387849.0,Amp5,5.98
X-3450,RERG,85004.0,Amp5,5.98
X-3450,RERGL,79785.0,Amp5,5.98
X-3450,RGP1,9827.0,MutNovel,"T375I,0.572"
X-3450,RGPD1,400966.0,MutNovel,"G347A,1.000"
X-3450,RGPD4,285190.0,MutNovel,"Q137H,1.000"
X-3450,RGS12,6002.0,MutNovel,"V56M,1.000"
X-3450,RIMKLB,57494.0,Amp5,5.98
X-3450,RIN3,79890.0,MutNovel,"G967-,0.412"
X-3450,RPL13AP20,387841.0,Amp5,5.98
X-3450,RPL13P5,283345.0,Amp5,5.78
X-3450,RPP38,10557.0,MutNovel,"L259F,0.478"
X-3450,RPS4Y1,6192.0,Del0.8,0.72
X-3450,RPS4Y2,140032.0,Del0.8,0.62
X-3450,RTKN2,219790.0,MutNovel,"E123D,0.571"
X-3450,RYR1,6261.0,MutNovel,"E4394K,0.375"
X-3450,S100A7A,338324.0,MutNovel,"G25D,0.265"
X-3450,S100A7A,338324.0,MutNovel,"E28D,0.338"
X-3450,S100A7A,338324.0,MutNovel,"I52T,0.206"
X-3450,SCARNA10,692148.0,Amp5,5.78
X-3450,SCARNA11,677780.0,Amp5,5.78
X-3450,SCARNA12,677777.0,Amp5,5.78
X-3450,SCNN1A,6337.0,Amp5,5.78
X-3450,SERINC2,347735.0,MutNovel,"-373Q,0.775"
X-3450,SGK1,6446.0,MutNovel,"D523E,0.526"
X-3450,SIK1,150094.0,MutKnownFunctional,"-514,0.208"
X-3450,SKP1P2,728622.0,Amp5,5.98
X-3450,SLC15A5,729025.0,Amp5,5.98
X-3450,SLC2A14,144195.0,Amp5,5.78
X-3450,SLC2A3,6515.0,Amp5,5.78
X-3450,SLC6A12,6539.0,Amp5,5.54
X-3450,SLC6A13,6540.0,Amp5,5.54
X-3450,SLCO1A2,6579.0,Amp5,5.98
X-3450,SLCO1B1,10599.0,Amp5,5.98
X-3450,SLCO1B3,28234.0,Amp5,5.98
X-3450,SLCO1B7,338821.0,Amp5,5.98
X-3450,SLCO1C1,53919.0,Amp5,5.98
X-3450,SOX5,6660.0,Amp5,5.98
X-3450,SPSB2,84727.0,Amp5,5.78
X-3450,SRA1,10011.0,MutNovel,"V110L,1.000"
X-3450,SRY,6736.0,Del0.8,0.72
X-3450,SSPN,8082.0,Amp5,5.98
X-3450,ST8SIA1,6489.0,Amp5,5.98
X-3450,STK38L,23012.0,Amp5,5.98
X-3450,STRAP,11171.0,Amp5,5.98
X-3450,STYK1,55359.0,Amp5,5.98
X-3450,SYT10,341359.0,Amp5,5.98
X-3450,TAPBPL,55080.0,Amp5,5.78
X-3450,TAS2R10,50839.0,Amp5,5.98
X-3450,TAS2R13,50838.0,Amp5,5.98
X-3450,TAS2R14,50840.0,Amp5,5.98
X-3450,TAS2R19,259294.0,Amp5,5.98
X-3450,TAS2R20,259295.0,Amp5,5.98
X-3450,TAS2R30,259293.0,Amp5,5.98
X-3450,TAS2R31,259290.0,Amp5,5.98
X-3450,TAS2R42,353164.0,Amp5,5.98
X-3450,TAS2R43,259289.0,Amp5,5.98
X-3450,TAS2R46,259292.0,Amp5,5.98
X-3450,TAS2R50,259296.0,Amp5,5.98
X-3450,TAS2R7,50837.0,Amp5,5.98
X-3450,TAS2R8,50836.0,Amp5,5.98
X-3450,TAS2R9,50835.0,Amp5,5.98
X-3450,TBC1D3,729873.0,MutNovel,"R69W,1.000"
X-3450,TBC1D3B,414059.0,Del0.8,0.79
X-3450,TBC1D3C,414060.0,Del0.8,0.79
X-3450,TBC1D3F,,MutNovel,"R69W,1.000"
X-3450,TBC1D3G,654341.0,MutNovel,"R69W,1.000"
X-3450,TBCCD1,55171.0,Del0.8,0.66
X-3450,TBL1Y,90665.0,Del0.8,0.72
X-3450,TEAD4,7004.0,Amp5,5.78
X-3450,TFEB,7942.0,MutNovel,"S151C,0.435"
X-3450,TGIF2LY,90655.0,Del0.8,0.72
X-3450,TM7SF3,51768.0,Amp5,5.98
X-3450,TMSB4Y,9087.0,Del0.8,0.62
X-3450,TMTC1,83857.0,Amp5,5.98
X-3450,TNFAIP6,7130.0,MutKnownFunctional,"-278,0.619"
X-3450,TNFRSF18,8784.0,MutNovel,"D60H,1.000"
X-3450,TNFRSF1A,7132.0,Amp5,5.78
X-3450,TNXB,7148.0,MutNovel,"R2812H,0.778"
X-3450,TP53,7157.0,MutKnownFunctional,"R273C,1.000"
X-3450,TPI1,7167.0,Amp5,5.78
X-3450,TRIM41,90933.0,MutNovel,"L360P,0.578"
X-3450,TRPM4,54795.0,MutNovel,"L569M,0.725"
X-3450,TSPAN11,441631.0,Amp5,5.98
X-3450,TSPAN9,10867.0,Amp5,5.78
X-3450,TSPY1,7258.0,Del0.8,0.21
X-3450,TSPY2,64591.0,Del0.8,0.72
X-3450,TSPY3,728137.0,Del0.8,0.21
X-3450,TSPY4,728395.0,Del0.8,0.21
X-3450,TSPY8,728403.0,Del0.8,0.21
X-3450,TSPYL1,7259.0,MutNovel,"V176VW,0.293"
X-3450,TTC28,23331.0,MutNovel,"K2404E,0.833"
X-3450,TTC39A,22996.0,MutNovel,"Q527E,0.314"
X-3450,TTTY10,246119.0,Del0.8,0.62
X-3450,TTTY11,83866.0,Del0.8,0.72
X-3450,TTTY12,83867.0,Del0.8,0.72
X-3450,TTTY13,83868.0,Del0.8,0.62
X-3450,TTTY14,83869.0,Del0.8,0.62
X-3450,TTTY15,64595.0,Del0.8,0.62
X-3450,TTTY16,252948.0,Del0.8,0.72
X-3450,TTTY17A,252949.0,Del0.8,0.37
X-3450,TTTY17A,252949.0,Del0.8,0.48
X-3450,TTTY18,252950.0,Del0.8,0.72
X-3450,TTTY19,252952.0,Del0.8,0.72
X-3450,TTTY1B,100101116.0,Del0.8,0.72
X-3450,TTTY1B,100101116.0,Del0.8,0.62
X-3450,TTTY2,60439.0,Del0.8,0.72
X-3450,TTTY2,60439.0,Del0.8,0.62
X-3450,TTTY20,252951.0,Del0.8,0.39
X-3450,TTTY21,252953.0,Del0.8,0.62
X-3450,TTTY21,252953.0,Del0.8,0.72
X-3450,TTTY22,252954.0,Del0.8,0.62
X-3450,TTTY23,252955.0,Del0.8,0.62
X-3450,TTTY23,252955.0,Del0.8,0.72
X-3450,TTTY3,114760.0,Del0.8,0.62
X-3450,TTTY3,114760.0,Del0.8,0.37
X-3450,TTTY4,114761.0,Del0.8,0.37
X-3450,TTTY4,114761.0,Del0.8,0.48
X-3450,TTTY5,83863.0,Del0.8,0.62
X-3450,TTTY6,84672.0,Del0.8,0.62
X-3450,TTTY6,84672.0,Del0.8,0.62
X-3450,TTTY7,246122.0,Del0.8,0.72
X-3450,TTTY7,246122.0,Del0.8,0.62
X-3450,TTTY7B,100101120.0,Del0.8,0.72
X-3450,TTTY7B,100101120.0,Del0.8,0.62
X-3450,TTTY8,84673.0,Del0.8,0.72
X-3450,TTTY8,84673.0,Del0.8,0.62
X-3450,TTTY9A,83864.0,Del0.8,0.62
X-3450,TTTY9A,83864.0,Del0.8,0.62
X-3450,TULP3,7289.0,Amp5,5.78
X-3450,TXLNG2P,246126.0,Del0.8,0.62
X-3450,TYW1B,441250.0,MutNovel,"M581V,0.333"
X-3450,UBE2V2,7336.0,MutNovel,"P10S,0.464"
X-3450,UBQLN1,29979.0,MutNovel,"E289D,0.447"
X-3450,ULBP2,80328.0,MutNovel,"R106L,0.286"
X-3450,USP40,55230.0,MutNovel,"R270C,0.957"
X-3450,USP5,8078.0,Amp5,5.78
X-3450,USP9Y,8287.0,Del0.8,0.62
X-3450,UTY,7404.0,Del0.8,0.62
X-3450,VAMP1,6843.0,Amp5,5.78
X-3450,VARS,7407.0,MutNovel,"R647Q,0.665"
X-3450,VCY,9084.0,Del0.8,0.62
X-3450,VCY,9084.0,Del0.8,0.62
X-3450,VWF,7450.0,MutNovel,"C1879R,0.429"
X-3450,VWF,7450.0,Amp5,5.78
X-3450,WBP11,51729.0,Amp5,5.98
X-3450,WNT5B,81029.0,Amp5,5.78
X-3450,WRNIP1,56897.0,MutNovel,"E167A,0.300"
X-3450,XKRY2,353515.0,Del0.8,0.62
X-3450,XKRY2,353515.0,Del0.8,0.62
X-3450,YARS2,51067.0,Amp5,5.98
X-3450,ZC3HAV1,56829.0,MutNovel,"V878F,0.273"
X-3450,ZDBF2,57683.0,MutKnownFunctional,"-1866?,0.389"
X-3450,ZDHHC11,79844.0,MutNovel,"A303D,0.231"
X-3450,ZDHHC9,51114.0,MutNovel,"T256I,0.663"
X-3450,ZFAND3,60685.0,MutNovel,"C102F,0.321"
X-3450,ZFP28,140612.0,MutNovel,"L276V,0.207"
X-3450,ZFY,7544.0,Del0.8,0.72
X-3450,ZNF215,7762.0,MutNovel,"K84E,1.000"
X-3450,ZNF384,171017.0,Amp5,5.78
X-3450,ZNF705A,440077.0,Amp5,5.78
X-3450,ZSWIM3,140831.0,MutNovel,"K401E,0.318"
X-3450,ZXDC,79364.0,MutNovel,"K226R,0.750"
X-3453,ABCB5,340273.0,Amp5,5.66
X-3453,ACP6,51205.0,Amp8,8.82
X-3453,ADAM29,11086.0,MutNovel,"V754S,0.266"
X-3453,ADAM8,101.0,Amp8,11.08
X-3453,ADAMTSL4,54507.0,Amp8,11.16
X-3453,ADAP1,11033.0,Amp5,6.87
X-3453,AFF3,3899.0,MutNovel,"S456N,0.800"
X-3453,AGAP8,728404.0,MutKnownFunctional,"R494*,0.269"
X-3453,AGMO,392636.0,Amp5,6.41
X-3453,AGR2,10551.0,Amp8,12.21
X-3453,AGR3,155465.0,Amp8,12.21
X-3453,AGTPBP1,23287.0,MutNovel,"S452F,0.400"
X-3453,AHNAK,79026.0,MutNovel,"P1887L,0.330"
X-3453,AHNAK2,113146.0,MutNovel,"E1856V,0.237"
X-3453,AHNAK2,113146.0,MutNovel,"V914G,0.222"
X-3453,AMELY,266.0,Del0.8,0.23
X-3453,AMZ1,155185.0,Amp5,7.26
X-3453,ANKMY2,57037.0,Amp5,6.41
X-3453,ANKRD12,23253.0,MutNovel,"S132C,0.594"
X-3453,ANKRD16,54522.0,MutNovel,"G5R,0.833"
X-3453,ANKRD18A,253650.0,MutNovel,"R698C,0.941"
X-3453,ANKRD20A4,728747.0,MutNovel,"H375R,1.000"
X-3453,ANKRD36,375248.0,MutNovel,"Q1024R,0.235"
X-3453,ANKRD62,,MutNovel,"I506T,1.000"
X-3453,ANKRD62,,MutNovel,"N547T,1.000"
X-3453,ANKRD62,,MutNovel,"R553K,1.000"
X-3453,ANKRD62,,MutNovel,"Q583R,0.500"
X-3453,ANO1,55107.0,Amp8,13.09
X-3453,ANP32E,81611.0,Amp8,11.16
X-3453,ANXA9,8416.0,Amp8,11.16
X-3453,APBB2,323.0,MutNovel,"D414N,0.452"
X-3453,APH1A,51107.0,Amp8,11.16
X-3453,APPBP2,10513.0,Amp5,5.66
X-3453,ARHGEF12,23365.0,MutNovel,"E1484K,0.281"
X-3453,ARID3B,10620.0,MutNovel,"R427W,0.636"
X-3453,ARL4A,10124.0,Amp5,7.57
X-3453,ARL8B,55207.0,Del0.8,0.75
X-3453,ARMS2,387715.0,Amp8,41.07
X-3453,ARNT,405.0,Amp8,11.16
X-3453,ASCC2,84164.0,Amp8,18.13
X-3453,ASH1L,55870.0,MutNovel,"Q1868R,0.506"
X-3453,ATAD3C,219293.0,MutNovel,"Y98F,0.327"
X-3453,ATE1,11101.0,Amp8,66.72
X-3453,ATG2B,55102.0,MutNovel,"R1308C,0.698"
X-3453,ATP6AP1,537.0,MutNovel,"L32LAA,1.000"
X-3453,ATXN1,6310.0,Del0.8,0.74
X-3453,AVEN,57099.0,MutNovel,"GGGGG41G,0.667"
X-3453,BAG3,9531.0,MutNovel,"A558V,0.442"
X-3453,BBS9,27241.0,MutNovel,"E873K,0.340"
X-3453,BCAS3,54828.0,Amp5,6.36
X-3453,BCL9,607.0,Amp8,8.82
X-3453,BCORP1,286554.0,Del0.8,0.23
X-3453,BFSP1,631.0,MutNovel,"G46A,0.500"
X-3453,BHLHE40,8553.0,Del0.8,0.75
X-3453,BHLHE41,79365.0,MutNovel,"A428T,0.648"
X-3453,BIN3,55909.0,MutKnownFunctional,"R203*,1.000"
X-3453,BMP2K,55589.0,MutNovel,"-460Q,1.000"
X-3453,BOLA1,51027.0,Amp8,11.16
X-3453,BPY2B,442867.0,Del0.8,0.23
X-3453,BPY2B,442867.0,Del0.8,0.23
X-3453,BRAT1,221927.0,Amp5,7.26
X-3453,BRIP1,83990.0,Amp5,5.82
X-3453,BTBD16,118663.0,Amp8,23.26
X-3453,BZRAP1,9256.0,MutNovel,"C1751R,0.466"
X-3453,BZRAP1,9256.0,Amp5,6.59
X-3453,BZW2,28969.0,Amp8,8.88
X-3453,C11orf74,119710.0,Amp5,5.82
X-3453,C15orf29,79768.0,MutNovel,"K35N,0.404"
X-3453,C15orf39,56905.0,MutNovel,"TEPDSATA525T,0.245"
X-3453,C16orf95,100506581.0,MutNovel,"R147Q,0.667"
X-3453,C17orf47,284083.0,Amp5,6.59
X-3453,C17orf64,124773.0,Amp5,5.66
X-3453,C17orf82,388407.0,Amp5,7.16
X-3453,C19orf33,64073.0,MutNovel,"KE91K,1.000"
X-3453,C19orf33,64073.0,MutNovel,"K100-,1.000"
X-3453,C1GALT1,56913.0,Amp5,6.54
X-3453,C1orf129,80133.0,MutNovel,"S274F,0.333"
X-3453,C1orf201,90529.0,MutNovel,"R169Q,0.619"
X-3453,C1orf51,148523.0,Amp8,11.16
X-3453,C1orf54,79630.0,Amp8,11.16
X-3453,C3orf32,51066.0,Del0.8,0.76
X-3453,C4B,721.0,MutNovel,"S347Y,1.000"
X-3453,C7orf50,84310.0,Amp5,5.46
X-3453,CA14,23632.0,Amp8,11.16
X-3453,CA4,762.0,Amp8,9.45
X-3453,CABP7,164633.0,Amp8,12.3
X-3453,CACNA2D2,9254.0,MutNovel,"L54F,0.667"
X-3453,CALY,50632.0,Amp8,11.08
X-3453,CAMSAP3,57662.0,MutNovel,"Q430L,0.272"
X-3453,CARD11,84433.0,Amp5,7.26
X-3453,CAV3,859.0,Del0.8,0.76
X-3453,CC2D2A,57545.0,MutNovel,"G111R,1.000"
X-3453,CCDC151,115948.0,MutNovel,"P4S,0.656"
X-3453,CCDC154,645811.0,MutNovel,"R87Q,0.444"
X-3453,CCDC40,55036.0,MutNovel,"Q976R,0.600"
X-3453,CCDC9,26093.0,MutNovel,"R199W,0.573"
X-3453,CCND1,595.0,Amp8,16.11
X-3453,CCND3,896.0,MutNovel,"G8D,0.509"
X-3453,CD34,947.0,Amp8,44.63
X-3453,CD46,4179.0,Amp8,65.8
X-3453,CDC42EP1,11135.0,MutNovel,"PAPAANPS253P,1.000"
X-3453,CDH26,60437.0,MutKnownFunctional,"-833?,0.294"
X-3453,CDY1B,253175.0,Del0.8,0.23
X-3453,CDY1B,253175.0,Del0.8,0.23
X-3453,CDY2A,9426.0,Del0.8,0.23
X-3453,CDY2A,9426.0,Del0.8,0.23
X-3453,CDY2B,203611.0,Del0.8,0.23
X-3453,CDY2B,203611.0,Del0.8,0.23
X-3453,CEL,1056.0,MutNovel,"I488T,0.263"
X-3453,CENPC1,1060.0,MutNovel,"P774S,0.261"
X-3453,CEP164,22897.0,MutNovel,"P494T,0.414"
X-3453,CEP192,55125.0,MutNovel,"EQ980E,0.391"
X-3453,CEP192,55125.0,MutNovel,"Q981R,0.360"
X-3453,CERS2,29956.0,Amp8,11.16
X-3453,CHD1L,9557.0,Amp8,20.82
X-3453,CHEK2P2,646096.0,Del0.8,0.72
X-3453,CHERP,10523.0,MutNovel,"QQQQ333Q,0.207"
X-3453,CHFR,55743.0,MutNovel,"K147E,0.286"
X-3453,CHL1,10752.0,Del0.8,0.74
X-3453,CHST12,55501.0,Amp5,7.26
X-3453,CHST7,56548.0,Amp8,44.94
X-3453,CLK4,57396.0,MutKnownFunctional,"Q125*,0.364"
X-3453,CLTC,1213.0,Amp8,9.78
X-3453,CNTN4,152330.0,Del0.8,0.75
X-3453,CNTN6,27255.0,Del0.8,0.75
X-3453,COL28A1,340267.0,Amp5,5.58
X-3453,COMMD9,29099.0,Amp5,5.82
X-3453,COX19,90639.0,Amp5,6.87
X-3453,CPEB2,132864.0,MutNovel,"K194KPP,1.000"
X-3453,CR1,1378.0,Amp8,53.82
X-3453,CR1L,1379.0,MutNovel,"I157P,0.500"
X-3453,CR1L,1379.0,Amp8,39.4
X-3453,CR2,1380.0,Amp8,53.82
X-3453,CRBN,51185.0,Del0.8,0.75
X-3453,CREG2,200407.0,MutNovel,"P96Q,1.000"
X-3453,CRIP2,1397.0,MutNovel,"G170S,0.639"
X-3453,CSPG4P1Y,114758.0,Del0.8,0.23
X-3453,CSPG4P1Y,114758.0,Del0.8,0.23
X-3453,CSTF2T,23283.0,MutNovel,"P252S,0.302"
X-3453,CTAGE4,100128553.0,MutNovel,"R734P,1.000"
X-3453,CTNND2,1501.0,MutNovel,"V17D,0.530"
X-3453,CTSA,5476.0,MutNovel,"L29-,0.275"
X-3453,CTSK,1513.0,Amp8,11.16
X-3453,CTSS,1520.0,Amp8,11.16
X-3453,CTTN,2017.0,Amp8,10.7
X-3453,CYP2W1,54905.0,Amp5,5.46
X-3453,CYP4F8,11283.0,MutNovel,"R485L,0.667"
X-3453,DAZ1,1617.0,Del0.8,0.23
X-3453,DAZ2,57055.0,Del0.8,0.23
X-3453,DAZ3,57054.0,Del0.8,0.23
X-3453,DAZ3,57054.0,Del0.8,0.23
X-3453,DAZ4,57135.0,Del0.8,0.23
X-3453,DAZ4,57135.0,Del0.8,0.23
X-3453,DCAF10,79269.0,MutKnownFunctional,"R460*,0.391"
X-3453,DCUN1D2,55208.0,MutNovel,"K63R,1.000"
X-3453,DDX3Y,8653.0,Del0.8,0.23
X-3453,DGKB,1607.0,Amp5,5.9
X-3453,DHRSX,207063.0,MutKnownFunctional,"R673*,0.500"
X-3453,DHX40,79665.0,Amp8,9.78
X-3453,DNAH6,1768.0,MutNovel,"V2996M,0.222"
X-3453,DTNB,1838.0,MutNovel,"P336R,0.313"
X-3453,DTNBP1,84062.0,Del0.8,0.74
X-3453,DUOX1,53905.0,MutNovel,"L502P,1.000"
X-3453,DUSP8,1850.0,MutNovel,"E448K,0.436"
X-3453,DYNLL2,140735.0,Amp5,6.59
X-3453,E2F3,1871.0,Del0.8,0.76
X-3453,E2F4,1874.0,MutNovel,"D306DSSS,0.500"
X-3453,ECHS1,1892.0,Amp8,8.57
X-3453,ECM1,1893.0,Amp8,11.16
X-3453,ECRP,643332.0,Del0.8,0.71
X-3453,EDEM1,9695.0,Del0.8,0.75
X-3453,EGOT,100126791.0,Del0.8,0.75
X-3453,EIF1AY,9086.0,Del0.8,0.23
X-3453,EIF3B,8662.0,MutNovel,"P80Q,0.995"
X-3453,EIF3B,8662.0,Amp5,7.26
X-3453,ELFN1,392617.0,Amp5,7.26
X-3453,ENSA,2029.0,Amp8,11.16
X-3453,EPCAM,4072.0,MutNovel,"M115T,0.480"
X-3453,EPX,8288.0,Amp5,6.59
X-3453,ETV1,2115.0,Amp5,5.24
X-3453,FADD,8772.0,Amp8,10.7
X-3453,FAM106A,80039.0,Del0.8,0.65
X-3453,FAM107B,83641.0,MutNovel,"R262W,0.257"
X-3453,FAM115A,9747.0,MutNovel,"I557T,0.391"
X-3453,FAM153A,285596.0,MutNovel,"V186G,0.625"
X-3453,FAM153B,202134.0,MutNovel,"P208L,1.000"
X-3453,FAM171B,165215.0,MutNovel,"-44Q,1.000"
X-3453,FAM197Y2P,252946.0,Del0.8,0.23
X-3453,FAM20C,56975.0,Amp5,6.87
X-3453,FAM21C,253725.0,MutNovel,"M302V,0.204"
X-3453,FAM41AY1,340618.0,Del0.8,0.23
X-3453,FAM41AY1,340618.0,Del0.8,0.23
X-3453,FAM73A,374986.0,MutNovel,"Y603C,0.395"
X-3453,FAM86B2,653333.0,MutNovel,"K273Q,0.500"
X-3453,FAM86B2,653333.0,MutNovel,"Q264W,0.667"
X-3453,FAM86B2,653333.0,MutNovel,"V257M,0.750"
X-3453,FCGR1A,2209.0,Amp8,11.16
X-3453,FCGR1C,100132417.0,Amp5,7.73
X-3453,FCHSD1,89848.0,MutNovel,"P4T,0.700"
X-3453,FDPS,2224.0,MutNovel,"SF271S,0.429"
X-3453,FERD3L,222894.0,Amp8,9.19
X-3453,FGF19,9965.0,Amp8,16.11
X-3453,FGF3,2248.0,Amp8,16.11
X-3453,FGF4,2249.0,Amp8,16.11
X-3453,FGFR2,2263.0,Amp8,53.08
X-3453,FHAD1,114827.0,MutNovel,"A8T,0.909"
X-3453,FIZ1,84922.0,MutNovel,"V302L,0.357"
X-3453,FLJ23152,401236.0,Del0.8,0.74
X-3453,FLJ44511,441307.0,Amp5,6.87
X-3453,FMO5,2330.0,Amp8,15.24
X-3453,FOXD1,2297.0,MutNovel,"A88G,1.000"
X-3453,FOXP4,116113.0,MutNovel,"E492K,0.237"
X-3453,FSIP2,401024.0,MutNovel,"K467E,1.000"
X-3453,FSIP2,401024.0,MutNovel,"N495I,1.000"
X-3453,FTSJ2,29960.0,Amp5,7.26
X-3453,GAGE12C,,MutNovel,"M23V,0.667"
X-3453,GAGE12E,,MutNovel,"M23V,0.750"
X-3453,GAGE12F,100008586.0,MutNovel,"M23V,0.625"
X-3453,GATA6,2627.0,MutNovel,"A284G,0.308"
X-3453,GATSL3,652968.0,Amp8,14.93
X-3453,GDPD1,284161.0,Amp5,6.59
X-3453,GEMIN5,25929.0,MutNovel,"G502V,0.333"
X-3453,GET4,51608.0,Amp5,6.87
X-3453,GGT2,,MutNovel,"L460P,0.600"
X-3453,GIGYF2,26058.0,MutNovel,"PQ1231P,1.000"
X-3453,GIMAP6,474344.0,MutNovel,"E102D,1.000"
X-3453,GMPR,2766.0,Del0.8,0.74
X-3453,GNA12,2768.0,Amp5,7.26
X-3453,GOLGA2P2Y,84559.0,Del0.8,0.23
X-3453,GOLGA2P2Y,84559.0,Del0.8,0.23
X-3453,GOLPH3L,55204.0,Amp8,11.16
X-3453,GPER,2852.0,Amp5,5.46
X-3453,GPR146,115330.0,Amp5,5.46
X-3453,GPR89A,653519.0,Amp8,16.11
X-3453,GPR89B,51463.0,Amp8,24.93
X-3453,GPR89C,728932.0,Amp8,20.11
X-3453,GPSM1,26086.0,MutNovel,"V8L,0.250"
X-3453,GRM7,2917.0,Del0.8,0.75
X-3453,GTF2IRD2B,389524.0,MutNovel,"G211S,0.237"
X-3453,GYG2P1,352887.0,Del0.8,0.23
X-3453,HDAC9,9734.0,Amp5,6.15
X-3453,HEATR2,54919.0,Amp5,6.87
X-3453,HEATR6,63897.0,Amp8,9.45
X-3453,HERC2P3,283755.0,Del0.8,0.74
X-3453,HES2,54626.0,MutNovel,"P139S,0.556"
X-3453,HIST1H1D,3007.0,MutNovel,"KA185T,0.881"
X-3453,HIST1H2BG,8339.0,MutNovel,"E114K,0.258"
X-3453,HIST1H2BL,8340.0,MutNovel,"R100C,1.000"
X-3453,HIST2H2AA4,723790.0,Amp8,11.16
X-3453,HIST2H2AA4,723790.0,Amp8,11.16
X-3453,HIST2H2AB,317772.0,Amp8,11.16
X-3453,HIST2H2AC,8338.0,Amp8,11.16
X-3453,HIST2H2BC,337873.0,Amp8,11.16
X-3453,HIST2H2BE,8349.0,Amp8,11.16
X-3453,HIST2H2BF,440689.0,Amp8,9.92
X-3453,HIST2H3A,333932.0,Amp8,11.16
X-3453,HIST2H3A,333932.0,Amp8,11.16
X-3453,HIST2H3D,653604.0,Amp8,11.16
X-3453,HIST2H4A,8370.0,Amp8,11.16
X-3453,HIST2H4A,8370.0,Amp8,11.16
X-3453,HIST2H4B,554313.0,Amp8,11.16
X-3453,HIST2H4B,554313.0,Amp8,11.16
X-3453,HLA-B,3106.0,MutNovel,"R194G,0.587"
X-3453,HLA-C,3107.0,MutNovel,"R194G,0.307"
X-3453,HLA-H,3136.0,Del0.8,0.71
X-3453,HORMAD1,84072.0,Amp8,11.16
X-3453,HORMAD2,150280.0,Amp8,22.32
X-3453,HSF5,124535.0,Amp5,6.59
X-3453,HSFY2,159119.0,Del0.8,0.23
X-3453,HSFY2,159119.0,Del0.8,0.23
X-3453,HTRA1,5654.0,Amp5,6.54
X-3453,HYDIN,54768.0,MutKnownFunctional,"-3903,1.000"
X-3453,HYDIN,54768.0,MutNovel,"V1717M,1.000"
X-3453,ID4,3400.0,Del0.8,0.76
X-3453,IGF1R,3480.0,MutNovel,"R966S,0.837"
X-3453,IGFBP6,3489.0,MutNovel,"A124V,0.500"
X-3453,IL5RA,3568.0,Del0.8,0.75
X-3453,INF2,64423.0,MutNovel,"P519T,0.744"
X-3453,INPP5B,3633.0,MutNovel,"K900A,0.844"
X-3453,INTS1,26173.0,Amp5,6.32
X-3453,INTS2,57508.0,Amp5,5.82
X-3453,IQCE,23288.0,Amp5,7.26
X-3453,IRF2BPL,64207.0,MutNovel,"QQQ114Q,0.941"
X-3453,ISPD,729920.0,Amp5,6.41
X-3453,IST1,9798.0,MutNovel,"-230MP,0.728"
X-3453,ITGB8,3696.0,Amp8,18
X-3453,ITPR1,3708.0,Del0.8,0.75
X-3453,JARID2,3720.0,Del0.8,0.74
X-3453,KANSL1,,MutNovel,"S806N,0.244"
X-3453,KDM5D,8284.0,Del0.8,0.23
X-3453,KIAA1107,23285.0,MutNovel,"H367R,0.545"
X-3453,KIAA1107,23285.0,MutNovel,"I680M,0.545"
X-3453,KIAA1549,57670.0,MutNovel,"S806L,0.338"
X-3453,KIAA1908,114796.0,Amp5,7.26
X-3453,KLHL11,55175.0,MutNovel,"R684H,0.226"
X-3453,KRT17,3872.0,MutNovel,"R122K,0.436"
X-3453,KRT17,3872.0,MutNovel,"R117H,0.231"
X-3453,KRTAP5-4,387267.0,MutNovel,"G13S,1.000"
X-3453,KTN1,3895.0,MutNovel,"N1329S,0.657"
X-3453,LAMA3,3909.0,MutNovel,"Q394E,0.414"
X-3453,LCA5,167691.0,MutNovel,"S202F,1.000"
X-3453,LDLRAD3,143458.0,Amp5,5.13
X-3453,LEMD3,23592.0,MutNovel,"E584G,0.713"
X-3453,LENG8,114823.0,MutNovel,"A768T,0.674"
X-3453,LENG9,94059.0,MutNovel,"G442R,0.306"
X-3453,LENG9,94059.0,MutNovel,"P22L,0.420"
X-3453,LETM1,3954.0,Amp5,5.86
X-3453,LFNG,3955.0,Amp5,7.26
X-3453,LGALS9C,654346.0,Del0.8,0.22
X-3453,LIF,3976.0,Amp8,14.93
X-3453,LIMCH1,22998.0,MutNovel,"S542F,0.256"
X-3453,LINC00312,29931.0,Del0.8,0.76
X-3453,LMCD1,29995.0,Del0.8,0.76
X-3453,LOC100128071,100128071.0,MutNovel,"P31R,0.737"
X-3453,LOC100288524,100288524.0,Amp5,6.87
X-3453,LOC100288568,,MutNovel,"A128P,1.000"
X-3453,LOC100288568,,MutNovel,"H197Y,0.261"
X-3453,LOC100289211,100289211.0,Amp8,16.91
X-3453,LOC100505767,,MutNovel,"T15K,0.500"
X-3453,LOC100506025,100506025.0,Amp5,6.41
X-3453,LOC100506562,,MutNovel,"I93V,0.433"
X-3453,LOC100507582,100507582.0,Del0.8,0.75
X-3453,LOC100507607,,MutNovel,"E496D,0.800"
X-3453,LOC100996274,,MutNovel,"C358W,1.000"
X-3453,LOC100996473,,MutNovel,"T58K,1.000"
X-3453,LOC148696,148696.0,Amp8,37.53
X-3453,LOC256021,,MutNovel,"G115R,1.000"
X-3453,LOC348120,348120.0,Del0.8,0.55
X-3453,LOC388692,388692.0,Amp5,7.73
X-3453,LOC401588,401588.0,Amp8,25.46
X-3453,LOC442497,442497.0,Amp5,6.87
X-3453,LOC619207,619207.0,Amp5,6.63
X-3453,LOC642643,,MutNovel,"R57P,1.000"
X-3453,LOC645166,645166.0,Amp8,9.38
X-3453,LOC645638,645638.0,Amp8,9.45
X-3453,LOC653653,653653.0,Amp8,9.45
X-3453,LOC728734,,MutNovel,"E358D,0.800"
X-3453,LOC728888,,MutNovel,"R931W,0.500"
X-3453,LOC728888,,MutNovel,"R635H,0.310"
X-3453,LOC728888,,MutNovel,"R168H,1.000"
X-3453,LOC728989,728989.0,Amp8,16.11
X-3453,LPO,4025.0,Amp5,6.59
X-3453,LRRC39,127495.0,MutNovel,"EE295E,0.737"
X-3453,LRRC4C,57689.0,Amp5,5.39
X-3453,LRRC63,,MutNovel,"S157P,1.000"
X-3453,LRRC72,100506049.0,Amp5,6.41
X-3453,LRRN1,57633.0,Del0.8,0.75
X-3453,LSR,51599.0,MutNovel,"G518GR,1.000"
X-3453,LTN1,26046.0,MutNovel,"E1289Q,0.371"
X-3453,MACC1,346389.0,Amp8,18
X-3453,MAD1L1,8379.0,Amp5,7.26
X-3453,MAFK,7975.0,Amp5,7.26
X-3453,MAP3K4,4216.0,MutNovel,"PA1189P,1.000"
X-3453,MAP6D1,79929.0,MutNovel,"A102T,0.875"
X-3453,MAPKAPK2,9261.0,MutNovel,"T25A,0.516"
X-3453,2014-03-01 00:00:00,64757.0,MutNovel,"C161Y,0.521"
X-3453,MARVELD3,91862.0,MutNovel,"P138R,0.337"
X-3453,MASTL,84930.0,MutNovel,"K617N,0.386"
X-3453,MBOAT1,154141.0,Del0.8,0.76
X-3453,MCL1,4170.0,Amp8,11.16
X-3453,MED13,9969.0,Amp5,5.82
X-3453,MEOX2,4223.0,Amp5,6.41
X-3453,METTL2B,55798.0,MutNovel,"P155L,0.729"
X-3453,MICALL2,79778.0,Amp5,5.46
X-3453,MIR142,406934.0,Amp5,6.59
X-3453,MIR205HG,642587.0,MutNovel,"V84VA,0.364"
X-3453,MIR21,406991.0,Amp8,9.45
X-3453,MIR29C,407026.0,Amp8,65.8
X-3453,MIR301A,407027.0,Amp5,6.59
X-3453,MIR3146,100422967.0,Amp8,9.19
X-3453,MIR339,442907.0,Amp5,5.46
X-3453,MIR3941,100500866.0,Amp8,53.45
X-3453,MIR3944,100500911.0,Amp5,6.63
X-3453,MIR3973,100616311.0,Amp5,5.82
X-3453,MIR4257,100422997.0,Amp8,11.16
X-3453,MIR454,768216.0,Amp5,6.59
X-3453,MIR4639,100616269.0,Del0.8,0.74
X-3453,MIR4648,100616116.0,Amp5,7.26
X-3453,MIR4655,100616160.0,Amp5,7.26
X-3453,MIR4729,100616204.0,Amp5,6.59
X-3453,MIR4736,100616220.0,Amp5,6.59
X-3453,MIR4737,100616210.0,Amp8,9.45
X-3453,MIR4790,100616334.0,Del0.8,0.75
X-3453,MIR548K,100313770.0,Amp8,10.7
X-3453,MKS1,54903.0,Amp5,6.59
X-3453,MLL4,9757.0,MutNovel,"I1613F,0.321"
X-3453,MMACHC,25974.0,MutNovel,"QK219Q,0.532"
X-3453,MPO,4353.0,Amp5,6.59
X-3453,MPRIP,23164.0,MutNovel,"TS178T,1.000"
X-3453,MPV17,4358.0,MutNovel,"M89V,0.276"
X-3453,MRPL18,29074.0,MutNovel,"L10W,1.000"
X-3453,MRPS21,54460.0,Amp8,11.16
X-3453,MSH3,4437.0,MutNovel,"AAPP61A,1.000"
X-3453,MSX2P1,55545.0,Amp5,6.59
X-3453,MTERFD2,130916.0,MutNovel,"N356-,1.000"
X-3453,MTERFD2,130916.0,MutNovel,"EDD343D,1.000"
X-3453,MTERFD2,130916.0,MutNovel,"E343D,0.761"
X-3453,MTG1,92170.0,Amp5,6.63
X-3453,MTMR11,10903.0,Amp8,11.16
X-3453,MTMR3,8897.0,Amp8,14.52
X-3453,MTMR4,9110.0,Amp5,6.59
X-3453,MTRNR2L2,100462981.0,MutNovel,"S12L,1.000"
X-3453,MUC19,,MutNovel,"T2796A,0.514"
X-3453,MUC19,,MutKnownFunctional,"-2925?,0.502"
X-3453,MUC19,,MutNovel,"G3904D,0.423"
X-3453,MUC19,,MutNovel,"N4397S,0.498"
X-3453,MUC19,,MutNovel,"R4502S,0.824"
X-3453,MUC19,,MutNovel,"RD4502SH,0.824"
X-3453,MUC19,,MutNovel,"G4505D,0.697"
X-3453,MUC19,,MutNovel,"T4708A,0.436"
X-3453,MUC19,,MutNovel,"S4923N,1.000"
X-3453,MUC19,,MutKnownFunctional,"-5196,1.000"
X-3453,MUC19,,MutNovel,"R5216S,1.000"
X-3453,MUC19,,MutNovel,"S5300I,0.937"
X-3453,MUC19,,MutNovel,"D5395G,0.995"
X-3453,MUC19,,MutNovel,"G5522S,1.000"
X-3453,MUC19,,MutNovel,"N5626K,0.225"
X-3453,MUC19,,MutNovel,"S5660K,1.000"
X-3453,MUC19,,MutKnownFunctional,"Q6171*,0.564"
X-3453,MUC19,,MutKnownFunctional,"-6192?,0.409"
X-3453,MUC19,,MutKnownFunctional,"Q6484*,0.280"
X-3453,MYEOV,26579.0,Amp8,16.11
X-3453,MYLIP,29116.0,Del0.8,0.74
X-3453,NACA2,342538.0,MutNovel,"K182E,1.000"
X-3453,NACA2,342538.0,Amp5,5.82
X-3453,NAT14,57106.0,MutNovel,"R137Q,0.351"
X-3453,NBEAP1,606.0,Del0.8,0.55
X-3453,NBPF10,100132406.0,MutNovel,"T819S,0.875"
X-3453,NBPF10,100132406.0,MutNovel,"N2736K,0.333"
X-3453,NBPF10,100132406.0,MutNovel,"C3017S,0.989"
X-3453,NBPF10,100132406.0,Amp8,12.3
X-3453,NBPF11,200030.0,Amp8,20.11
X-3453,NBPF12,,MutNovel,"S2793P,1.000"
X-3453,NBPF14,25832.0,MutNovel,"D665A,0.278"
X-3453,NBPF14,25832.0,MutNovel,"D590A,0.229"
X-3453,NBPF14,25832.0,MutNovel,"Q341K,1.000"
X-3453,NBPF15,284565.0,MutNovel,"S439T,0.600"
X-3453,NBPF16,728936.0,MutNovel,"P669T,0.312"
X-3453,NBPF24,,MutNovel,"E168K,0.417"
X-3453,NBPF9,400818.0,MutNovel,"Q184R,1.000"
X-3453,NCOA3,8202.0,MutNovel,"Q1264-,0.514"
X-3453,NCOR2,9612.0,MutNovel,"G1839GAAA,1.000"
X-3453,NCRNA00185,55410.0,Del0.8,0.23
X-3453,NDUFA4,4697.0,Amp5,7.01
X-3453,NF1P2,440225.0,Del0.8,0.67
X-3453,NF2,4771.0,Amp8,12.3
X-3453,NIPBL,25836.0,MutNovel,"E2496K,0.510"
X-3453,NIPSNAP1,8508.0,Amp8,12.3
X-3453,NKX2-8,26257.0,MutNovel,"A225P,0.500"
X-3453,NLGN4Y,22829.0,Del0.8,0.23
X-3453,NOTCH2,4853.0,MutNovel,"A7S,0.339"
X-3453,NOTCH2NL,388677.0,Amp8,12.3
X-3453,NPIPL3,23117.0,MutNovel,"P845L,0.882"
X-3453,NR1H2,7376.0,MutNovel,"-173Q,1.000"
X-3453,NR3C1,2908.0,MutNovel,"S725C,0.389"
X-3453,NRD1,4898.0,MutNovel,"EE150E,0.232"
X-3453,NSMCE4A,54780.0,Amp8,66.72
X-3453,NUB1,51667.0,MutNovel,"K119R,0.588"
X-3453,NUDT1,4521.0,Amp5,7.26
X-3453,NUDT4,11163.0,MutNovel,"F121L,0.215"
X-3453,NXPH1,30010.0,Amp5,5.7
X-3453,OR4D1,26689.0,Amp5,6.59
X-3453,OR4D2,124538.0,Amp5,6.59
X-3453,OR51B2,79345.0,MutNovel,"S153C,1.000"
X-3453,ORAI1,84876.0,MutNovel,"PP43-,1.000"
X-3453,ORAOV1,220064.0,Amp8,16.11
X-3453,OSM,5008.0,Amp8,14.93
X-3453,OTUD7B,56957.0,Amp8,11.16
X-3453,OVOS2,,MutNovel,"S743L,1.000"
X-3453,OVOS2,,MutNovel,"D261E,1.000"
X-3453,OXTR,5021.0,Del0.8,0.76
X-3453,PABPC3,5042.0,MutKnownFunctional,"-245,0.750"
X-3453,PAOX,196743.0,Amp5,6.63
X-3453,PCDH11Y,83259.0,Del0.8,0.23
X-3453,PCDHA6,56142.0,MutNovel,"S536T,0.385"
X-3453,PDE4DIP,9659.0,Amp8,14.72
X-3453,PDGFA,5154.0,Amp5,6.87
X-3453,PDIA3P,171423.0,Amp8,26.35
X-3453,PDZK1P1,728939.0,Amp8,20.11
X-3453,PDZRN3,23024.0,MutNovel,"R465Q,0.660"
X-3453,PER4,168741.0,Amp5,5.06
X-3453,PEX11G,92960.0,MutKnownFunctional,"-213?,0.258"
X-3453,PHF14,9678.0,Amp5,5.98
X-3453,PHLDA1,22822.0,MutNovel,"QQ194Q,1.000"
X-3453,PIEZO1,9780.0,MutNovel,"H1808Q,0.280"
X-3453,PIF1,80119.0,MutKnownFunctional,"E49*,0.462"
X-3453,PIK3CA,5290.0,MutKnownFunctional,"-1068?,1.000"
X-3453,PKD1,5310.0,MutNovel,"R3148Q,0.407"
X-3453,PLA2R1,22925.0,MutKnownFunctional,"-652,0.221"
X-3453,PLEKHA1,59338.0,MutNovel,"D168N,0.377"
X-3453,PLEKHA1,59338.0,Amp8,29.04
X-3453,PLEKHA6,22874.0,MutNovel,"S276F,0.461"
X-3453,PLEKHO1,51177.0,Amp8,11.16
X-3453,POMZP3,22932.0,MutNovel,"L8V,0.337"
X-3453,POT1,25913.0,MutNovel,"E631K,0.320"
X-3453,POTEB,339010.0,Del0.8,0.67
X-3453,POU6F2,11281.0,MutNovel,"E584K,0.833"
X-3453,PPAPDC1A,196051.0,Amp5,7.01
X-3453,PPFIA1,8500.0,Amp8,10.7
X-3453,PPM1D,8493.0,Amp5,5.66
X-3453,PPM1E,22843.0,Amp5,6.59
X-3453,PPP1R15B,84919.0,MutNovel,"P73S,0.448"
X-3453,PPP1R37,284352.0,MutNovel,"D524E,0.373"
X-3453,PPP2R3B,28227.0,MutKnownFunctional,"E667*,0.370"
X-3453,PQLC3,130814.0,MutNovel,"R176P,0.657"
X-3453,PRAP1,118471.0,Amp8,11.08
X-3453,PRKAB2,5565.0,Amp8,26.35
X-3453,PRKAR1B,5575.0,Amp5,6.87
X-3453,PRKDC,5591.0,MutNovel,"R2723Q,0.506"
X-3453,PRKY,5616.0,Del0.8,0.23
X-3453,PRPF3,9129.0,Amp8,11.16
X-3453,PRR11,55771.0,Amp5,6.59
X-3453,PRR5L,79899.0,Amp5,5.82
X-3453,PRY,9081.0,Del0.8,0.23
X-3453,PRY,9081.0,Del0.8,0.23
X-3453,PRY2,442862.0,Del0.8,0.23
X-3453,PRY2,442862.0,Del0.8,0.23
X-3453,PSMG3,84262.0,Amp5,7.26
X-3453,PTRH2,51651.0,Amp8,9.78
X-3453,PWP2,5822.0,MutNovel,"-243E,0.400"
X-3453,PYGB,5834.0,MutNovel,"R270Q,0.498"
X-3453,RABL6,,MutNovel,"P67L,0.332"
X-3453,RAD18,56852.0,Del0.8,0.76
X-3453,RAD51C,5889.0,Amp5,6.59
X-3453,RAG1,5896.0,Amp5,5.82
X-3453,RAG2,5897.0,Amp5,5.82
X-3453,RALYL,138046.0,Del0.8,0.61
X-3453,RAPGEF5,9771.0,Amp5,5.98
X-3453,RBM10,8241.0,MutNovel,"S6P,1.000"
X-3453,RBMX,27316.0,MutKnownFunctional,"-1,0.959"
X-3453,RBMY1A3P,286557.0,Del0.8,0.23
X-3453,RBMY1B,378948.0,Del0.8,0.23
X-3453,RBMY1B,378948.0,Del0.8,0.23
X-3453,RBMY1E,378950.0,Del0.8,0.23
X-3453,RBMY1E,378950.0,Del0.8,0.23
X-3453,RBMY1F,159163.0,Del0.8,0.23
X-3453,RBMY1F,159163.0,Del0.8,0.23
X-3453,RBMY1J,378951.0,Del0.8,0.23
X-3453,RBMY1J,378951.0,Del0.8,0.23
X-3453,RBMY2EP,159125.0,Del0.8,0.23
X-3453,RBMY2FP,159162.0,Del0.8,0.23
X-3453,RBMY3AP,64593.0,Del0.8,0.23
X-3453,RGPD8,727851.0,MutNovel,"E928K,1.000"
X-3453,RNASE3,6037.0,Del0.8,0.71
X-3453,RNF213,57674.0,MutNovel,"A4344T,1.000"
X-3453,RNF43,54894.0,Amp5,6.59
X-3453,RNFT1,51136.0,Amp8,9.45
X-3453,RNPEP,6051.0,MutNovel,"C130G,0.562"
X-3453,RPAP1,26015.0,MutNovel,"P190S,0.518"
X-3453,RPL14,9045.0,MutNovel,"TAAA149T,0.957"
X-3453,RPL14,9045.0,MutNovel,"A152T,0.478"
X-3453,RPRD2,23248.0,Amp8,11.16
X-3453,RPS4Y1,6192.0,Del0.8,0.23
X-3453,RPS4Y2,140032.0,Del0.8,0.23
X-3453,RPS6KB1,6198.0,Amp8,9.45
X-3453,RRP12,23223.0,MutNovel,"Y773S,0.603"
X-3453,RTEL1,51750.0,MutNovel,"A782V,0.347"
X-3453,SCD5,79966.0,Del0.8,0.77
X-3453,SCFD1,23256.0,MutNovel,"T8TA,0.246"
X-3453,SCIN,85477.0,Amp8,9
X-3453,SCLY,51540.0,MutNovel,"A19S,1.000"
X-3453,SCUBE2,57758.0,MutNovel,"LP22P,1.000"
X-3453,SDK1,221935.0,MutNovel,"S58P,1.000"
X-3453,SDK1,221935.0,Amp5,5.58
X-3453,SEC22B,9554.0,Amp8,12.3
X-3453,2014-09-04 00:00:00,5414.0,Amp5,6.59
X-3453,SERINC2,347735.0,MutNovel,"-373Q,0.395"
X-3453,SETDB1,9869.0,Amp8,11.16
X-3453,SETMAR,6419.0,Del0.8,0.75
X-3453,SF3A1,10291.0,Amp8,14.93
X-3453,SF3B4,10262.0,Amp8,11.16
X-3453,SFI1,9814.0,MutNovel,"AH578A,0.517"
X-3453,SFSWAP,6433.0,MutNovel,"R812L,0.696"
X-3453,SIGLEC10,89790.0,MutNovel,"RP304ST,0.375"
X-3453,SIN3B,23309.0,MutNovel,"P727R,0.324"
X-3453,SKA2,348235.0,Amp5,6.59
X-3453,SLC35E2,9906.0,MutNovel,"G241S,0.256"
X-3453,SLC3A2,6520.0,MutNovel,"A503T,0.641"
X-3453,SLC5A12,159963.0,Amp5,5.24
X-3453,SLC9A7,84679.0,Amp8,9.58
X-3453,SLITRK5,26050.0,MutNovel,"E600K,0.304"
X-3453,SLITRK6,84189.0,MutNovel,"G86E,0.996"
X-3453,SLX4,84464.0,MutNovel,"P434L,0.560"
X-3453,SMG1,23049.0,MutNovel,"E521K,0.462"
X-3453,SMG8,55181.0,Amp5,6.59
X-3453,SNAPC4,6621.0,MutNovel,"S542-,0.780"
X-3453,SNX13,23161.0,Amp8,14.32
X-3453,SNX8,29886.0,MutNovel,"P8R,0.827"
X-3453,SNX8,29886.0,Amp5,7.26
X-3453,SOSTDC1,25928.0,Amp5,6.41
X-3453,SPANXA1,,MutNovel,"M24T,1.000"
X-3453,SPPL2B,56928.0,MutKnownFunctional,"-275?,1.000"
X-3453,SPRN,503542.0,Amp5,6.63
X-3453,SPTBN5,51332.0,MutNovel,"A393S,0.500"
X-3453,SRGAP3,9901.0,Del0.8,0.76
X-3453,SRSF1,6426.0,Amp5,6.59
X-3453,SRXN1,140809.0,MutNovel,"P24R,0.500"
X-3453,SRY,6736.0,Del0.8,0.23
X-3453,SSR3,6747.0,MutNovel,"R114Q,1.000"
X-3453,STARD9,57519.0,MutNovel,"R1954H,0.875"
X-3453,STS,412.0,MutNovel,"K64Q,0.636"
X-3453,STX1A,6804.0,MutNovel,"I176M,0.286"
X-3453,SULT1A3,,MutNovel,"R9C,0.500"
X-3453,SUMF1,285362.0,Del0.8,0.75
X-3453,SUN1,23353.0,Amp5,6.87
X-3453,SUPT4H1,6827.0,Amp5,6.59
X-3453,SV2A,9900.0,Amp8,11.16
X-3453,SVIL,6840.0,MutKnownFunctional,"-806,0.411"
X-3453,SYTL2,54843.0,MutNovel,"M241V,0.684"
X-3453,TACC2,10579.0,Amp8,38.32
X-3453,TARS2,80222.0,Amp8,11.16
X-3453,TAS1R3,83756.0,MutNovel,"G506S,0.826"
X-3453,TBC1D10A,83874.0,Amp8,14.93
X-3453,TBC1D3B,414059.0,Del0.8,0.78
X-3453,TBC1D3P1-DHX40P1,653645.0,Amp8,9.45
X-3453,TBL1Y,90665.0,Del0.8,0.23
X-3453,TBP,6908.0,MutNovel,"-64Q,0.950"
X-3453,TBX2,6909.0,Amp5,7.16
X-3453,TBX4,9496.0,Amp5,7.16
X-3453,TCF25,22980.0,MutNovel,"K127N,0.313"
X-3453,TDRD5,163589.0,MutNovel,"N752D,0.778"
X-3453,TEX14,56155.0,Amp5,6.59
X-3453,TFAMP1,260341.0,Amp5,7.26
X-3453,TGIF2LY,90655.0,Del0.8,0.23
X-3453,THBS4,7060.0,MutNovel,"S478C,0.688"
X-3453,THSD7A,221981.0,Amp5,5.1
X-3453,TMBIM4,51643.0,MutKnownFunctional,"-174?,0.808"
X-3453,TMCC3,57458.0,MutNovel,"R22C,0.500"
X-3453,TMEM106B,54664.0,Amp5,5.1
X-3453,TMEM184A,202915.0,Amp5,7.26
X-3453,TMEM196,256130.0,Amp8,8.75
X-3453,TMPRSS9,360200.0,MutNovel,"R503W,0.690"
X-3453,TMSB4Y,9087.0,Del0.8,0.23
X-3453,TNIK,23043.0,MutNovel,"R252W,0.241"
X-3453,TP53,7157.0,MutLikelyFunctional,"E285K,1.000"
X-3453,TPGS1,91978.0,MutNovel,"E33K,0.361"
X-3453,TPGS1,91978.0,MutNovel,"E61Q,0.306"
X-3453,TPTE2,93492.0,MutNovel,"I78L,1.000"
X-3453,TRAF6,7189.0,Amp5,5.82
X-3453,TRIM37,4591.0,Amp5,6.59
X-3453,TRNT1,51095.0,Del0.8,0.75
X-3453,TSGA10,80705.0,MutNovel,"L78V,0.415"
X-3453,TSPAN13,27075.0,Amp8,12.21
X-3453,TSPY1,7258.0,Del0.8,0.23
X-3453,TSPY2,64591.0,Del0.8,0.23
X-3453,TSPY3,728137.0,Del0.8,0.23
X-3453,TSPY4,728395.0,Del0.8,0.23
X-3453,TSPY8,728403.0,Del0.8,0.23
X-3453,TSPYL1,7259.0,MutNovel,"V176VW,1.000"
X-3453,TTC28,23331.0,Amp5,6.11
X-3453,TTC4,7268.0,MutKnownFunctional,"-3,0.845"
X-3453,TTC7A,57217.0,MutNovel,"R358Q,0.485"
X-3453,TTTY10,246119.0,Del0.8,0.23
X-3453,TTTY11,83866.0,Del0.8,0.23
X-3453,TTTY12,83867.0,Del0.8,0.23
X-3453,TTTY13,83868.0,Del0.8,0.23
X-3453,TTTY14,83869.0,Del0.8,0.23
X-3453,TTTY15,64595.0,Del0.8,0.23
X-3453,TTTY16,252948.0,Del0.8,0.23
X-3453,TTTY17A,252949.0,Del0.8,0.23
X-3453,TTTY17A,252949.0,Del0.8,0.23
X-3453,TTTY18,252950.0,Del0.8,0.23
X-3453,TTTY19,252952.0,Del0.8,0.23
X-3453,TTTY1B,100101116.0,Del0.8,0.23
X-3453,TTTY1B,100101116.0,Del0.8,0.23
X-3453,TTTY2,60439.0,Del0.8,0.23
X-3453,TTTY2,60439.0,Del0.8,0.23
X-3453,TTTY20,252951.0,Del0.8,0.23
X-3453,TTTY21,252953.0,Del0.8,0.23
X-3453,TTTY21,252953.0,Del0.8,0.23
X-3453,TTTY22,252954.0,Del0.8,0.23
X-3453,TTTY23,252955.0,Del0.8,0.23
X-3453,TTTY23,252955.0,Del0.8,0.23
X-3453,TTTY3,114760.0,Del0.8,0.23
X-3453,TTTY3,114760.0,Del0.8,0.23
X-3453,TTTY4,114761.0,Del0.8,0.23
X-3453,TTTY4,114761.0,Del0.8,0.23
X-3453,TTTY5,83863.0,Del0.8,0.23
X-3453,TTTY6,84672.0,Del0.8,0.23
X-3453,TTTY6,84672.0,Del0.8,0.23
X-3453,TTTY7,246122.0,Del0.8,0.23
X-3453,TTTY7,246122.0,Del0.8,0.23
X-3453,TTTY7B,100101120.0,Del0.8,0.23
X-3453,TTTY7B,100101120.0,Del0.8,0.23
X-3453,TTTY8,84673.0,Del0.8,0.23
X-3453,TTTY8,84673.0,Del0.8,0.23
X-3453,TTTY9A,83864.0,Del0.8,0.23
X-3453,TTTY9A,83864.0,Del0.8,0.23
X-3453,TTYH3,80727.0,Amp5,7.26
X-3453,TUBD1,51174.0,Amp8,9.45
X-3453,TUBGCP2,10844.0,Amp8,11.08
X-3453,TULP4,56995.0,MutNovel,"G1334R,0.438"
X-3453,TUSC1,286319.0,MutNovel,"R27L,0.476"
X-3453,TWIST1,7291.0,Amp8,8.22
X-3453,TWISTNB,221830.0,Amp8,9.19
X-3453,TXLNG2P,246126.0,Del0.8,0.23
X-3453,TXNDC5,81567.0,MutNovel,"E298D,0.551"
X-3453,UAP1L1,91373.0,MutNovel,"V79L,0.600"
X-3453,UGT2B10,7365.0,MutNovel,"L279F,1.000"
X-3453,UGT2B10,7365.0,MutNovel,"E317A,0.984"
X-3453,UGT2B10,7365.0,MutNovel,"K366I,0.625"
X-3453,UGT2B10,7365.0,MutNovel,"N377D,0.714"
X-3453,UGT2B28,54490.0,MutNovel,"L218I,0.364"
X-3453,UGT2B28,54490.0,MutNovel,"M226I,0.650"
X-3453,UGT2B28,54490.0,MutNovel,"S263N,0.500"
X-3453,UGT2B28,54490.0,MutNovel,"S437L,0.829"
X-3453,UNCX,340260.0,Amp5,5.46
X-3453,UQCR10,29796.0,Amp8,18.13
X-3453,USP25,29761.0,MutNovel,"H1023R,0.474"
X-3453,USP32,84669.0,Amp5,7.31
X-3453,USP4,7375.0,MutNovel,"S284F,1.000"
X-3453,USP9Y,8287.0,Del0.8,0.23
X-3453,UTY,7404.0,Del0.8,0.23
X-3453,VCL,7414.0,MutNovel,"LL954L,0.447"
X-3453,VCY,9084.0,Del0.8,0.23
X-3453,VCY,9084.0,Del0.8,0.23
X-3453,VEZF1,7716.0,MutNovel,"H355HN,0.442"
X-3453,VMP1,81671.0,Amp8,16.45
X-3453,VPS45,11311.0,Amp8,11.16
X-3453,VWDE,221806.0,Amp5,5.1
X-3453,VWF,7450.0,MutNovel,"C1879R,0.458"
X-3453,VWF,7450.0,MutNovel,"G1874R,0.474"
X-3453,VWF,7450.0,MutNovel,"R1853Q,0.350"
X-3453,VWF,7450.0,MutNovel,"V1848M,0.389"
X-3453,VWF,7450.0,MutNovel,"V1748A,0.526"
X-3453,VWF,7450.0,MutNovel,"P1162L,0.375"
X-3453,WDR11,55717.0,Amp8,27.1
X-3453,WDR65,149465.0,MutNovel,"L719R,0.467"
X-3453,WNT10B,7480.0,MutNovel,"R112H,0.714"
X-3453,XKRY2,353515.0,Del0.8,0.23
X-3453,XKRY2,353515.0,Del0.8,0.23
X-3453,YKT6,10652.0,MutNovel,"S27A,0.645"
X-3453,YPEL2,388403.0,Amp5,6.59
X-3453,ZDHHC11,79844.0,MutNovel,"D295H,0.237"
X-3453,ZDHHC11B,,MutNovel,"D540H,1.000"
X-3453,ZDHHC11B,,MutNovel,"Q168R,1.000"
X-3453,ZDHHC11B,,MutNovel,"H159R,1.000"
X-3453,ZFAND2A,90637.0,Amp5,5.46
X-3453,ZFHX2,85446.0,MutNovel,"R793W,0.833"
X-3453,ZFY,7544.0,Del0.8,0.23
X-3453,ZMAT5,55954.0,Amp8,12.3
X-3453,ZNF132,7691.0,MutNovel,"L670P,0.333"
X-3453,ZNF140,7699.0,MutNovel,"F398S,0.273"
X-3453,ZNF200,7752.0,MutNovel,"N111K,0.338"
X-3453,ZNF233,353355.0,MutNovel,"Y194H,0.273"
X-3453,ZNF295,49854.0,MutKnownFunctional,"-134?,0.419"
X-3453,ZNF384,171017.0,MutNovel,"P550S,0.320"
X-3453,ZNF384,171017.0,MutNovel,"QQ514Q,0.269"
X-3453,ZNF394,84124.0,MutNovel,"G314R,0.514"
X-3453,ZNF439,90594.0,MutNovel,"Q330K,0.231"
X-3453,ZNF467,168544.0,MutNovel,"Q304L,0.750"
X-3453,ZNF511,118472.0,Amp8,11.08
X-3453,ZNF532,55205.0,MutNovel,"T165R,0.453"
X-3453,ZNF571,51276.0,MutNovel,"R76L,0.818"
X-3453,ZNF598,90850.0,MutNovel,"A275T,0.516"
X-3453,ZNF673,55634.0,Amp5,5.46
X-3453,ZNF674,641339.0,Amp8,31.56
X-3453,ZNFX1,57169.0,MutNovel,"S181C,0.646"
X-3453,ZP3,7784.0,MutNovel,"S315P,0.377"
X-3453,ZXDA,7789.0,MutNovel,"P47L,1.000"
X-3468,ABHD12,26090.0,Amp5,5.21
X-3468,ACD,65057.0,MutNovel,"T137A,1.000"
X-3468,ACER2,340485.0,MutNovel,"R173C,0.667"
X-3468,ACOT1,641371.0,Del0.8,0.5
X-3468,ACTR2,10097.0,Amp5,6.06
X-3468,ACTR3BP2,440888.0,Amp5,5.78
X-3468,ACTR3BP5,399746.0,Amp5,7.67
X-3468,ACTR5,79913.0,MutNovel,"R264Q,0.383"
X-3468,ADAM3A,1587.0,Del0.8,0.24
X-3468,ADAM5P,255926.0,Del0.8,0.63
X-3468,ADCK5,203054.0,Del0.8,0.67
X-3468,ADCY2,108.0,Amp5,5.31
X-3468,ADD1,118.0,MutNovel,"A109G,0.506"
X-3468,AFTPH,54812.0,Amp5,6.06
X-3468,AGAP6,414189.0,MutNovel,"G320S,0.664"
X-3468,AHSA2,130872.0,Amp5,6.06
X-3468,AKR1C1,1645.0,Amp8,20.39
X-3468,AKR1C2,1646.0,MutNovel,"F319L,0.238"
X-3468,AKR1C2,1646.0,Amp8,20.39
X-3468,AKR1C3,8644.0,Amp8,20.39
X-3468,AKR1C4,1109.0,Amp8,20.39
X-3468,AKR1CL1,340811.0,Amp8,20.39
X-3468,AKR1E2,83592.0,Amp8,20.39
X-3468,ALDH3B1,221.0,MutKnownFunctional,"-301?,0.600"
X-3468,AMBRA1,55626.0,MutNovel,"R757C,0.622"
X-3468,AMBRA1,55626.0,Amp5,5.58
X-3468,AMELY,266.0,Del0.8,0.27
X-3468,ANKRD13C,81573.0,MutNovel,"L63P,0.400"
X-3468,ANKRD16,54522.0,Amp8,20.39
X-3468,ANKRD26P1,124149.0,Amp5,7.26
X-3468,ANKRD30A,91074.0,MutNovel,"T768A,0.600"
X-3468,ANKRD30A,91074.0,Amp8,13.09
X-3468,ANKRD36,375248.0,MutNovel,"T998S,0.227"
X-3468,ANKRD46,157567.0,Amp8,12.3
X-3468,ANO9,338440.0,Del0.8,0.65
X-3468,ANP32C,23520.0,MutNovel,"E191D,1.000"
X-3468,AOC2,314.0,MutNovel,"Y582H,1.000"
X-3468,API5,8539.0,Amp5,5.66
X-3468,ARG2,384.0,MutNovel,"R90C,1.000"
X-3468,ARHGAP11B,89839.0,MutNovel,"A10P,0.371"
X-3468,ARHGAP12,94134.0,Amp8,9.51
X-3468,ARHGAP27,201176.0,MutNovel,"A357V,0.769"
X-3468,ARHGAP39,80728.0,Del0.8,0.67
X-3468,ASB13,79754.0,Amp8,20.39
X-3468,ATG13,9776.0,Amp5,5.58
X-3468,ATHL1,80162.0,Del0.8,0.65
X-3468,ATM,472.0,MutNovel,"L2535Q,0.561"
X-3468,ATP5C1,509.0,Amp8,36.5
X-3468,ATP6V0D2,245972.0,Amp8,25.28
X-3468,ATP6V1C1,528.0,Amp8,22.32
X-3468,AUTS2,26053.0,MutNovel,"G41V,0.238"
X-3468,AVPR1A,552.0,Amp5,5.74
X-3468,AZIN1,51582.0,Amp8,19.56
X-3468,B3GALT2,8707.0,Amp5,5.1
X-3468,B3GNT2,10678.0,Amp5,6.06
X-3468,B4GALNT2,124872.0,MutNovel,"R63G,1.000"
X-3468,B4GALNT4,338707.0,Del0.8,0.65
X-3468,BAALC,79870.0,Amp8,22.32
X-3468,BAX,581.0,MutNovel,"A54V,0.353"
X-3468,BCAS3,54828.0,MutNovel,"S456T,0.239"
X-3468,BCL11A,53335.0,MutNovel,"R530Q,0.356"
X-3468,BCL11A,53335.0,MutNovel,"A366T,0.395"
X-3468,BCL11A,53335.0,Amp5,6.06
X-3468,BCORP1,286554.0,Del0.8,0.27
X-3468,BEND7,222389.0,Amp8,9.92
X-3468,BEST3,144453.0,Amp5,5.58
X-3468,BET1L,51272.0,Del0.8,0.65
X-3468,BIRC6,57448.0,MutNovel,"T2441R,0.536"
X-3468,BOP1,23246.0,Del0.8,0.67
X-3468,BPY2B,442867.0,Del0.8,0.27
X-3468,BPY2B,442867.0,Del0.8,0.27
X-3468,BREA2,286076.0,Del0.8,0.67
X-3468,BSN,8927.0,MutNovel,"R1023C,0.636"
X-3468,BSN,8927.0,MutNovel,"R1120C,1.000"
X-3468,BTBD18,643376.0,Amp5,5.1
X-3468,C10orf47,254427.0,Amp8,8.28
X-3468,C10orf68,79741.0,Amp8,9.51
X-3468,C11orf31,280636.0,Amp5,5.1
X-3468,C11orf35,256329.0,Del0.8,0.65
X-3468,C11orf82,220042.0,Amp5,5.66
X-3468,C11orf94,143678.0,Amp5,5.58
X-3468,C12orf56,115749.0,Amp5,5.74
X-3468,C12orf61,283416.0,Amp5,5.74
X-3468,C12orf66,144577.0,Amp5,5.74
X-3468,C16orf11,146325.0,Del0.8,0.62
X-3468,C16orf87,388272.0,Amp5,7.26
X-3468,C19orf12,83636.0,Amp8,8.17
X-3468,C2orf74,339804.0,Amp5,6.06
X-3468,C4orf48,401115.0,MutNovel,"PPLL49P,0.463"
X-3468,C4orf48,401115.0,MutNovel,"R117H,0.427"
X-3468,C5orf49,134121.0,Amp5,5.31
X-3468,C8orf33,65265.0,Del0.8,0.67
X-3468,C8orf37,157657.0,Amp5,7.41
X-3468,C8orf47,203111.0,Amp8,8.4
X-3468,C8orf56,157556.0,Amp8,22.32
X-3468,C8orf59,401466.0,Amp8,25.28
X-3468,C8orf73,642475.0,Del0.8,0.67
X-3468,C8orf82,414919.0,Del0.8,0.67
X-3468,CA1,759.0,Amp8,25.28
X-3468,CA13,377677.0,Amp8,25.28
X-3468,CA2,760.0,Amp8,25.28
X-3468,CA3,761.0,Amp8,25.28
X-3468,CALB1,793.0,Amp8,12.21
X-3468,CALML3,810.0,Amp8,20.39
X-3468,CALML5,51806.0,Amp8,20.39
X-3468,CAMK1D,57118.0,Amp5,6.32
X-3468,CAND1,55832.0,Amp5,5.58
X-3468,CAPG,822.0,Amp5,6.41
X-3468,CASP2,835.0,MutNovel,"P354A,0.439"
X-3468,CCDC166,100130274.0,Del0.8,0.67
X-3468,CCDC3,83643.0,Amp5,7.21
X-3468,CCDC7,221016.0,Amp8,9.51
X-3468,CCNE1,898.0,Amp8,8.17
X-3468,CCNE2,9134.0,Amp5,7.41
X-3468,CCNY,219771.0,Amp8,9.51
X-3468,CCT2,10576.0,Amp5,5.58
X-3468,CCT4,10575.0,Amp5,6.06
X-3468,CCT5,22948.0,MutNovel,"D23E,0.548"
X-3468,CD151,977.0,Del0.8,0.65
X-3468,CDC123,8872.0,Amp8,8.28
X-3468,CDC42EP1,11135.0,MutNovel,"PAPAANPS253P,1.000"
X-3468,CDC73,79577.0,Amp5,5.1
X-3468,CDH17,1015.0,Amp8,8.06
X-3468,CDHR5,53841.0,Del0.8,0.65
X-3468,CDY1B,253175.0,Del0.8,0.27
X-3468,CDY1B,253175.0,Del0.8,0.27
X-3468,CDY2A,9426.0,Del0.8,0.27
X-3468,CDY2A,9426.0,Del0.8,0.27
X-3468,CDY2B,203611.0,Del0.8,0.27
X-3468,CDY2B,203611.0,Del0.8,0.27
X-3468,CELF2,10659.0,Amp8,8.28
X-3468,CELSR3,1951.0,MutNovel,"R2635C,0.833"
X-3468,CEND1,51286.0,Del0.8,0.65
X-3468,CEP192,55125.0,MutNovel,"E459K,0.467"
X-3468,CEP68,23177.0,Amp5,6.06
X-3468,CFH,3075.0,Amp5,5.1
X-3468,CFHR1,3078.0,Amp8,10.34
X-3468,CFHR3,10878.0,Amp8,10.34
X-3468,CHAMP1,283489.0,MutNovel,"S452SP,1.000"
X-3468,CHRM4,1132.0,Amp5,5.58
X-3468,CHST1,8534.0,Amp5,5.58
X-3468,CLCNKA,1187.0,MutNovel,"T577D,1.000"
X-3468,CNBD1,168975.0,Amp8,28.84
X-3468,CNGB3,54714.0,Amp8,22.94
X-3468,CNOT2,4848.0,Amp5,5.58
X-3468,CNTF,1270.0,Amp5,5.1
X-3468,CNTNAP4,85445.0,MutNovel,"G298R,0.600"
X-3468,COL14A1,7373.0,Amp5,7.36
X-3468,COLEC10,10584.0,Amp5,7.36
X-3468,COMMD1,150684.0,Amp5,6.06
X-3468,COMMD5,28991.0,Del0.8,0.67
X-3468,COX6C,1345.0,Amp8,17.03
X-3468,CPM,1368.0,Amp5,5.58
X-3468,CPNE3,8895.0,Amp8,17.51
X-3468,CPSF1,29894.0,Del0.8,0.67
X-3468,CPSF6,11052.0,Amp5,5.58
X-3468,CRAMP1L,57585.0,MutNovel,"V939M,0.474"
X-3468,CREB3L1,90993.0,Amp5,5.58
X-3468,CREM,1390.0,Amp8,9.51
X-3468,CRIPAK,285464.0,MutNovel,"V164A,0.875"
X-3468,CRISPLD1,83690.0,MutNovel,"G326D,0.327"
X-3468,CRY2,1408.0,Amp5,5.58
X-3468,CRYBG3,,MutNovel,"V279L,1.000"
X-3468,CSF2RB,1439.0,MutNovel,"G673A,1.000"
X-3468,CSMD3,114788.0,Amp5,7.36
X-3468,CSPG4P1Y,114758.0,Del0.8,0.27
X-3468,CSPG4P1Y,114758.0,Del0.8,0.27
X-3468,CTHRC1,115908.0,Amp8,22.32
X-3468,CTNND1,1500.0,Amp5,5.1
X-3468,CUL2,8453.0,Amp8,9.51
X-3468,CYC1,1537.0,Del0.8,0.67
X-3468,CYHR1,50626.0,Del0.8,0.67
X-3468,CYP21A2,1589.0,MutNovel,"P483S,1.000"
X-3468,CYP2D6,1565.0,MutNovel,"K281-,1.000"
X-3468,DAGLB,221955.0,MutNovel,"V192L,0.250"
X-3468,DAZ1,1617.0,Del0.8,0.27
X-3468,DAZ2,57055.0,Del0.8,0.27
X-3468,DAZ3,57054.0,Del0.8,0.27
X-3468,DAZ3,57054.0,Del0.8,0.27
X-3468,DAZ4,57135.0,Del0.8,0.27
X-3468,DAZ4,57135.0,Del0.8,0.27
X-3468,DBIL5P2,100169989.0,Amp5,6.06
X-3468,DBX1,120237.0,Amp8,14.03
X-3468,DCAF13,25879.0,Amp8,22.32
X-3468,DCAF4L2,138009.0,Amp8,36.25
X-3468,DCP1A,55802.0,MutNovel,"SAI482I,1.000"
X-3468,DCSTAMP,81501.0,Amp8,8.51
X-3468,DDX3Y,8653.0,Del0.8,0.27
X-3468,DEAF1,10522.0,Del0.8,0.65
X-3468,DECR1,1666.0,Amp8,12.21
X-3468,DECR2,26063.0,Del0.8,0.62
X-3468,DEPTOR,64798.0,Amp5,7.36
X-3468,DGAT1,8694.0,Del0.8,0.67
X-3468,DGKQ,1609.0,MutNovel,"P27L,1.000"
X-3468,DGKZ,8525.0,Amp5,5.58
X-3468,DHODH,1723.0,MutNovel,"R88Q,0.513"
X-3468,DHTKD1,55526.0,Amp8,8.28
X-3468,DKFZp779M0652,374387.0,Amp5,5.58
X-3468,DLK1,8788.0,MutNovel,"G135S,0.604"
X-3468,DMWD,1762.0,MutNovel,"G70S,0.333"
X-3468,DNAJA2,10294.0,Amp5,7.26
X-3468,DOCK4,9732.0,MutNovel,"R694W,0.333"
X-3468,DOPEY1,23033.0,MutNovel,"L1208M,0.273"
X-3468,DPY19L2,283417.0,Amp5,5.74
X-3468,DPY19L4,286148.0,Amp8,8.17
X-3468,DPYS,1807.0,Amp8,8.51
X-3468,DRD4,1815.0,Del0.8,0.65
X-3468,DSCC1,79075.0,Amp5,7.36
X-3468,DTX4,23220.0,Amp5,5.1
X-3468,DUOXA2,405753.0,MutNovel,"Y156P,1.000"
X-3468,DUOXA2,405753.0,MutNovel,"F190L,0.333"
X-3468,DYRK2,8445.0,Amp5,5.58
X-3468,E2F5,1875.0,MutNovel,"G18A,0.980"
X-3468,E2F5,1875.0,Amp8,25.28
X-3468,EBAG9,9166.0,Amp5,6.5
X-3468,ECHDC3,79746.0,Amp8,8.28
X-3468,EEF1A1,1915.0,MutNovel,"A92S,0.409"
X-3468,EEF1D,1936.0,Del0.8,0.67
X-3468,EFCAB4A,283229.0,Del0.8,0.65
X-3468,EFCAB4B,84766.0,MutKnownFunctional,"R523*,0.571"
X-3468,EFHD1,80303.0,MutNovel,"A31V,0.596"
X-3468,EHBP1,23301.0,Amp5,6.06
X-3468,EIF1AY,9086.0,Del0.8,0.27
X-3468,EIF3H,8667.0,Amp5,7.36
X-3468,ELMOD3,84173.0,Amp5,6.41
X-3468,EMILIN3,90187.0,MutNovel,"H55P,0.750"
X-3468,ENPP2,5168.0,Amp5,7.36
X-3468,ENY2,56943.0,Amp5,6.5
X-3468,EPC1,80314.0,Amp8,9.51
X-3468,EPPK1,83481.0,Del0.8,0.67
X-3468,EPS8L2,64787.0,Del0.8,0.65
X-3468,ESF1,51575.0,Amp5,5.86
X-3468,ESRP1,54845.0,Amp8,8.17
X-3468,ETAA1,54465.0,Amp5,6.06
X-3468,EXOSC4,54512.0,Del0.8,0.67
X-3468,EXT1,2131.0,Amp5,7.36
X-3468,FAM111A,63901.0,Amp5,5.1
X-3468,FAM111B,374393.0,Amp5,5.1
X-3468,FAM115C,285966.0,MutNovel,"R479Q,1.000"
X-3468,FAM115C,285966.0,MutNovel,"S403P,1.000"
X-3468,FAM161A,84140.0,Amp5,6.06
X-3468,FAM181B,220382.0,Amp5,5.66
X-3468,FAM197Y2P,252946.0,Del0.8,0.27
X-3468,FAM19A2,338811.0,Amp5,5.74
X-3468,FAM203A,51236.0,Del0.8,0.67
X-3468,FAM208B,54906.0,Amp8,20.39
X-3468,FAM213B,127281.0,MutNovel,"V96L,1.000"
X-3468,FAM41AY1,340618.0,Del0.8,0.27
X-3468,FAM41AY1,340618.0,Del0.8,0.27
X-3468,FAM46C,54855.0,Amp5,5.31
X-3468,FAM5C,339479.0,Amp5,5.1
X-3468,FAM82B,51115.0,Amp8,23.1
X-3468,FAM83H,286077.0,Del0.8,0.67
X-3468,FAM84B,157638.0,Amp5,6.15
X-3468,FAM86C1,55199.0,MutNovel,"V70T,0.231"
X-3468,FAM92A1,137392.0,Amp8,8.06
X-3468,FAM98A,25940.0,MutNovel,"R254H,0.524"
X-3468,FANCL,55120.0,Amp5,6.06
X-3468,FASTKD3,79072.0,Amp5,5.31
X-3468,FBXL6,26233.0,Del0.8,0.67
X-3468,FBXO18,84893.0,Amp8,20.39
X-3468,FBXO33,254170.0,MutNovel,"QLRR34R,1.000"
X-3468,FBXO41,150726.0,MutNovel,"A256V,0.466"
X-3468,FBXO43,286151.0,Amp8,17.03
X-3468,FCGBP,8857.0,MutNovel,"V4469I,0.714"
X-3468,FCGBP,8857.0,MutNovel,"G3871R,0.333"
X-3468,FCGBP,8857.0,MutNovel,"V2067I,0.800"
X-3468,FCGBP,8857.0,MutNovel,"D2025N,0.333"
X-3468,FLJ16341,400957.0,Amp5,6.06
X-3468,FLJ30838,400955.0,Amp5,6.06
X-3468,FLJ41278,400046.0,Amp5,5.74
X-3468,FLJ42969,441374.0,Amp8,12.3
X-3468,FLJ45983,399717.0,Amp8,41.36
X-3468,FLRT3,23767.0,Amp5,5.86
X-3468,FLYWCH1,84256.0,MutNovel,"A32T,1.000"
X-3468,FOSL2,2355.0,MutNovel,"G257S,0.491"
X-3468,FOXD1,2297.0,MutNovel,"R317G,1.000"
X-3468,FOXH1,8928.0,Del0.8,0.67
X-3468,FRMD4A,55691.0,Amp5,6.36
X-3468,FRS2,10818.0,Amp5,5.58
X-3468,FZD6,8323.0,Amp8,22.32
X-3468,FZD8,8325.0,Amp8,9.51
X-3468,GABPA,2551.0,MutNovel,"R376C,0.559"
X-3468,GATA3,2625.0,Amp8,41.36
X-3468,GDAP2,54834.0,Amp5,5.31
X-3468,GDF6,392255.0,Amp8,12.73
X-3468,GDI2,2665.0,Amp8,20.39
X-3468,GEM,2669.0,Amp8,8.06
X-3468,GIF,2694.0,Amp5,5.1
X-3468,GIGYF2,26058.0,MutNovel,"PQ1231P,0.488"
X-3468,GINS1,9837.0,Amp5,6.5
X-3468,GJD4,219770.0,Amp8,9.51
X-3468,GLMN,11146.0,MutNovel,"C537Y,1.000"
X-3468,GLRX2,51022.0,Amp5,5.1
X-3468,GLYAT,10249.0,Amp5,5.1
X-3468,GLYATL1,92292.0,Amp5,5.1
X-3468,GLYATL2,219970.0,Amp5,5.1
X-3468,GNS,2799.0,Amp5,5.74
X-3468,GOLGA2P2Y,84559.0,Del0.8,0.27
X-3468,GOLGA2P2Y,84559.0,Del0.8,0.27
X-3468,GOLPH3L,55204.0,MutNovel,"R217C,0.246"
X-3468,GPAA1,8733.0,Del0.8,0.67
X-3468,GPRIN2,9721.0,MutNovel,"-238MRE,0.496"
X-3468,GPT,2875.0,Del0.8,0.67
X-3468,GPT2,84706.0,Amp5,7.26
X-3468,GRB14,2888.0,MutKnownFunctional,"-297?,0.432"
X-3468,GRHL2,79977.0,Amp8,28.25
X-3468,GRINA,2907.0,Del0.8,0.67
X-3468,GRIP1,23426.0,Amp5,5.58
X-3468,GSDMD,79792.0,Del0.8,0.67
X-3468,GSTM1,2944.0,Del0.8,0.8
X-3468,GTF2IRD2,84163.0,MutNovel,"L500S,1.000"
X-3468,GYG2P1,352887.0,Del0.8,0.27
X-3468,GYLTL1B,120071.0,Amp5,5.58
X-3468,H2AFV,94239.0,MutNovel,"A70T,0.324"
X-3468,H3F3C,440093.0,MutKnownFunctional,"-79,1.000"
X-3468,HARBI1,283254.0,Amp5,5.58
X-3468,HAS2,3037.0,Amp5,7.36
X-3468,HAS2-AS1,594842.0,Amp5,7.36
X-3468,HDAC5,10014.0,MutKnownFunctional,"Q1099*,0.749"
X-3468,HEATR7A,727957.0,Del0.8,0.67
X-3468,HELB,92797.0,Amp5,5.58
X-3468,HIST1H2BG,8339.0,MutNovel,"G105V,0.235"
X-3468,HLA-C,3107.0,MutNovel,"R194G,0.706"
X-3468,HMGA2,8091.0,Amp5,5.58
X-3468,HNRNPKP3,399881.0,Amp5,5.66
X-3468,HRAS,3265.0,Del0.8,0.65
X-3468,HRSP12,10247.0,Amp8,8.4
X-3468,HSD17B7P2,158160.0,Amp8,11.71
X-3468,HSF1,3297.0,Del0.8,0.67
X-3468,HSFY2,159119.0,Del0.8,0.27
X-3468,HSFY2,159119.0,Del0.8,0.27
X-3468,HSPA1A,3303.0,MutNovel,"T222M,0.333"
X-3468,HSPA1A,3303.0,MutNovel,"I427D,0.364"
X-3468,HSPG2,3339.0,MutNovel,"G183V,0.993"
X-3468,HTATIP2,10553.0,Amp8,14.03
X-3468,IFITM1,8519.0,Del0.8,0.65
X-3468,IFITM2,10581.0,Del0.8,0.65
X-3468,IFITM3,10410.0,Del0.8,0.65
X-3468,IFITM5,387733.0,Del0.8,0.65
X-3468,IFNG,3458.0,Amp5,5.58
X-3468,IGF2R,3482.0,MutNovel,"V1491M,0.238"
X-3468,IGSF3,3321.0,MutNovel,"D1040GN,0.831"
X-3468,IL15RA,3601.0,Amp8,20.39
X-3468,IL22,50616.0,Amp5,5.58
X-3468,IL26,55801.0,Amp5,5.58
X-3468,IL2RA,3559.0,Amp8,20.39
X-3468,INTS8,55656.0,Amp5,5.46
X-3468,IQSEC1,9922.0,MutNovel,"I939L,0.509"
X-3468,IRAK3,11213.0,Amp5,5.58
X-3468,IRF7,3665.0,Del0.8,0.65
X-3468,ISM1,140862.0,Amp5,5.86
X-3468,ITCH,83737.0,MutNovel,"P75H,0.409"
X-3468,ITGB1,3688.0,Amp8,9.51
X-3468,ITIH2,3698.0,Amp8,36.5
X-3468,ITIH5,80760.0,Amp8,36.5
X-3468,ITPK1,3705.0,MutNovel,"E49K,0.547"
X-3468,KCNG1,3755.0,MutNovel,"V353M,0.324"
X-3468,KCNMB4,27345.0,Amp5,5.58
X-3468,KCNS2,3788.0,Amp8,8.4
X-3468,KCNT2,343450.0,Amp5,5.1
X-3468,KCTD20,222658.0,MutNovel,"L239F,0.257"
X-3468,KCTD7,154881.0,MutNovel,"Y131C,0.414"
X-3468,KDM2B,84678.0,MutNovel,"K932-,0.495"
X-3468,KDM5A,5927.0,MutNovel,"G1498V,0.241"
X-3468,KDM5D,8284.0,Del0.8,0.27
X-3468,KDM6B,23135.0,MutNovel,"L251LPPP,1.000"
X-3468,KIAA0368,23392.0,MutNovel,"G177E,1.000"
X-3468,KIAA0913,23053.0,MutNovel,"A1321T,0.513"
X-3468,KIAA1407,57577.0,MutNovel,"P476A,0.270"
X-3468,KIAA1429,25962.0,Amp5,5.62
X-3468,KIAA1462,57608.0,Amp5,7.01
X-3468,KIAA1841,84542.0,Amp5,6.06
X-3468,KIAA1875,340390.0,Del0.8,0.67
X-3468,KIF5B,3799.0,Amp8,9.51
X-3468,KIFC2,90990.0,Del0.8,0.67
X-3468,KIN,22944.0,Amp8,36.5
X-3468,KLF10,7071.0,Amp8,20.25
X-3468,KLF16,83855.0,MutNovel,"A38T,1.000"
X-3468,KLF6,1316.0,Amp8,21.26
X-3468,KLHL17,339451.0,MutNovel,"R365C,1.000"
X-3468,KRT6C,286887.0,MutNovel,"G109P,0.294"
X-3468,KRT6C,286887.0,MutNovel,"G82A,0.500"
X-3468,LAMA5,3911.0,MutNovel,"V231M,0.308"
X-3468,LAPTM4B,55353.0,Amp8,8.4
X-3468,LCE3B,353143.0,Del0.8,0.4
X-3468,LCE3C,353144.0,Del0.8,0.4
X-3468,LDOC1,23641.0,Del0.8,0.27
X-3468,LEMD3,23592.0,Amp5,5.58
X-3468,LGALS9,3965.0,MutNovel,"N285H,1.000"
X-3468,LGALSL,29094.0,Amp5,6.06
X-3468,LINC00235,64493.0,Del0.8,0.62
X-3468,LINC00301,283197.0,Amp5,5.1
X-3468,LINC00309,150992.0,Amp5,6.06
X-3468,LINC00535,642924.0,Amp8,8.06
X-3468,LLPH,84298.0,Amp5,5.58
X-3468,LOC100126784,100126784.0,Amp8,14.03
X-3468,LOC100127983,100127983.0,Amp8,12.21
X-3468,LOC100128338,100128338.0,Del0.8,0.67
X-3468,LOC100129055,100129055.0,Amp8,11.71
X-3468,LOC100130231,100130231.0,Amp5,6.15
X-3468,LOC100132215,100132215.0,Amp5,6.06
X-3468,LOC100134368,100134368.0,Del0.8,0.62
X-3468,LOC100216001,100216001.0,Amp8,20.39
X-3468,LOC100288332,,MutNovel,"L270V,1.000"
X-3468,LOC100288748,100288748.0,Amp8,8.17
X-3468,LOC100499183,100499183.0,Amp8,22.32
X-3468,LOC100500773,100500773.0,Amp8,12.73
X-3468,LOC100505536,100505536.0,Amp5,5.86
X-3468,LOC100505583,100505583.0,Amp8,9.51
X-3468,LOC100505738,100505738.0,Amp5,5.31
X-3468,LOC100505835,100505835.0,Amp8,8.17
X-3468,LOC100506233,100506233.0,Amp5,5.66
X-3468,LOC100506533,,MutNovel,"A21T,0.667"
X-3468,LOC100507127,100507127.0,Amp8,19.7
X-3468,LOC100507205,100507205.0,Amp5,5.1
X-3468,LOC100507250,100507250.0,Amp5,5.58
X-3468,LOC100616530,100616530.0,Amp5,6.45
X-3468,LOC100996274,,MutNovel,"E82L,1.000"
X-3468,LOC100996407,,MutNovel,"S229G,1.000"
X-3468,LOC100996689,,MutNovel,"S329R,0.226"
X-3468,LOC100996689,,MutNovel,"D237E,0.535"
X-3468,LOC100996689,,MutNovel,"R222T,0.424"
X-3468,LOC143666,143666.0,Del0.8,0.65
X-3468,LOC148145,148145.0,Amp8,8.17
X-3468,LOC219731,219731.0,Amp8,8.28
X-3468,LOC254312,254312.0,Amp8,8.28
X-3468,LOC255167,255167.0,Amp5,5.31
X-3468,LOC283070,283070.0,Amp5,7.21
X-3468,LOC283194,283194.0,Amp5,5.1
X-3468,LOC284395,284395.0,Amp8,8.17
X-3468,LOC338588,338588.0,Amp8,20.39
X-3468,LOC339803,339803.0,Amp5,6.06
X-3468,LOC339807,339807.0,Amp5,6.06
X-3468,LOC387647,387647.0,Amp5,7.01
X-3468,LOC399715,399715.0,Amp8,20.39
X-3468,LOC399744,399744.0,Amp8,11.71
X-3468,LOC400958,400958.0,Amp5,6.06
X-3468,LOC439949,439949.0,Amp8,19.7
X-3468,LOC440704,440704.0,Amp5,5.1
X-3468,LOC442132,442132.0,Amp5,5.31
X-3468,LOC644838,644838.0,Amp5,6.06
X-3468,LOC646543,,MutNovel,"H115R,0.857"
X-3468,LOC727677,727677.0,Amp5,6.15
X-3468,LOC728728,,MutNovel,"H103P,1.000"
X-3468,LOC728888,,MutNovel,"G1064P,0.556"
X-3468,LOC729506,729506.0,Amp5,5.31
X-3468,LOC731282,,MutNovel,"R143W,1.000"
X-3468,LPXN,9404.0,Amp5,5.1
X-3468,LRP12,29967.0,Amp8,8.51
X-3468,LRP3,4037.0,MutNovel,"P615L,0.388"
X-3468,LRRC10,376132.0,Amp5,5.58
X-3468,LRRC14,9684.0,Del0.8,0.67
X-3468,LRRC24,441381.0,Del0.8,0.67
X-3468,LRRC4C,57689.0,Amp5,5.62
X-3468,LRRC55,219527.0,Amp5,5.5
X-3468,LRRC56,115399.0,Del0.8,0.65
X-3468,LRRC69,100130742.0,Amp8,12.21
X-3468,LRRCC1,85444.0,Amp8,25.28
X-3468,LRRK1,79705.0,MutKnownFunctional,"C1502*,0.244"
X-3468,LSR,51599.0,MutNovel,"G518GR,1.000"
X-3468,LYZ,4069.0,Amp5,5.58
X-3468,LYZL1,84569.0,Amp5,7.01
X-3468,LYZL2,119180.0,Amp8,9.51
X-3468,MACROD2-AS1,100379174.0,Amp5,5.86
X-3468,MAEL,84944.0,MutNovel,"S399T,1.000"
X-3468,MAF1,84232.0,Del0.8,0.67
X-3468,MAGI3,260425.0,MutNovel,"K7R,1.000"
X-3468,MAL2,114569.0,Amp5,7.36
X-3468,MAN1A2,10905.0,Amp5,5.31
X-3468,MAP3K8,1326.0,Amp5,7.01
X-3468,MAPK15,225689.0,Del0.8,0.67
X-3468,MAPK8IP1,9479.0,Amp5,5.58
X-3468,MATN2,4147.0,Amp8,8.4
X-3468,MBLAC1,255374.0,MutNovel,"S242L,0.281"
X-3468,MCCC1,56922.0,MutNovel,"I204L,0.400"
X-3468,MCM10,55388.0,Amp8,8.46
X-3468,MCM9,254394.0,MutNovel,"R666W,0.381"
X-3468,MDH1,4190.0,Amp5,6.06
X-3468,MDK,4192.0,Amp5,5.58
X-3468,MDM1,56890.0,Amp5,5.58
X-3468,MDM2,4193.0,Amp5,5.58
X-3468,ME1,4199.0,MutNovel,"N443K,0.765"
X-3468,MED30,90390.0,Amp5,7.36
X-3468,MEF2A,4205.0,MutNovel,"QQ412-,0.571"
X-3468,MEGF8,1954.0,MutNovel,"P1020L,0.340"
X-3468,MEIS1,4211.0,Amp5,6.06
X-3468,MFSD3,113655.0,MutNovel,"A112P,0.988"
X-3468,MFSD3,113655.0,Del0.8,0.67
X-3468,MIR1204,100302185.0,Amp5,6.15
X-3468,MIR1205,100302161.0,Amp5,6.15
X-3468,MIR1206,100302170.0,Amp5,6.15
X-3468,MIR1207,100302175.0,Amp5,6.15
X-3468,MIR1234,100302196.0,Del0.8,0.67
X-3468,MIR1278,100302163.0,Amp5,5.1
X-3468,MIR1279,100302182.0,Amp5,5.58
X-3468,MIR2053,100302225.0,Amp5,7.36
X-3468,MIR210,406992.0,Del0.8,0.65
X-3468,MIR210HG,100506211.0,Del0.8,0.65
X-3468,MIR3150A,100422964.0,Amp5,7.41
X-3468,MIR3150B,100500907.0,Amp5,7.41
X-3468,MIR3151,100422992.0,Amp8,22.32
X-3468,MIR3155A,100422989.0,Amp8,20.39
X-3468,MIR3155B,100628560.0,Amp8,20.39
X-3468,MIR3160-1,100422827.0,Amp5,5.58
X-3468,MIR3160-2,100422825.0,Amp5,5.58
X-3468,MIR3162,100422880.0,Amp5,5.1
X-3468,MIR3176,100423037.0,Del0.8,0.62
X-3468,MIR320D2,100302169.0,Del0.8,0.25
X-3468,MIR3610,100500914.0,Amp5,7.36
X-3468,MIR378D2,100616169.0,Amp8,8.06
X-3468,MIR3913-1,100500903.0,Amp5,5.58
X-3468,MIR3913-2,100500868.0,Amp5,5.58
X-3468,MIR4278,100422999.0,Amp5,5.31
X-3468,MIR4300,100422823.0,Amp5,5.66
X-3468,MIR4432,100616473.0,Amp5,6.06
X-3468,MIR4434,100616419.0,Amp5,6.06
X-3468,MIR4454,100616234.0,Amp5,5.31
X-3468,MIR4458,100616142.0,Amp5,5.31
X-3468,MIR4471,100616451.0,Amp8,12.3
X-3468,MIR4480,100616151.0,Amp8,8.28
X-3468,MIR4636,100616326.0,Amp5,5.31
X-3468,MIR4661,100616245.0,Amp8,12.21
X-3468,MIR4664,100616318.0,Del0.8,0.67
X-3468,MIR4688,100616368.0,Amp5,5.58
X-3468,MIR4694,100616426.0,Amp8,14.03
X-3468,MIR4735,100616363.0,Amp5,5.1
X-3468,MIR4778,100616464.0,Amp5,6.06
X-3468,MIR548C,693129.0,Amp5,5.74
X-3468,MIR548Z,100500856.0,Amp5,5.74
X-3468,MIR599,693184.0,Amp8,17.03
X-3468,MIR604,693189.0,Amp5,7.01
X-3468,MIR661,724031.0,Del0.8,0.67
X-3468,MIR875,100126309.0,Amp8,17.03
X-3468,MIR937,100126338.0,Del0.8,0.67
X-3468,MIR938,100126327.0,Amp5,7.01
X-3468,MIR939,100126351.0,Del0.8,0.67
X-3468,MIR942,100126331.0,Amp5,5.31
X-3468,MIRLET7I,406891.0,Amp5,5.74
X-3468,MMP16,4325.0,Amp8,24.76
X-3468,MON2,23041.0,MutNovel,"D1419V,0.613"
X-3468,MON2,23041.0,Amp5,5.74
X-3468,MPEG1,219972.0,Amp5,5.1
X-3468,MPRIP,23164.0,MutNovel,"TS178T,1.000"
X-3468,MRPL13,28998.0,Amp5,7.36
X-3468,MRPL16,54948.0,Amp5,5.1
X-3468,MRPL28,10573.0,Del0.8,0.62
X-3468,MS4A1,931.0,Amp5,5.1
X-3468,MS4A10,341116.0,Amp5,5.1
X-3468,MS4A12,54860.0,Amp5,5.1
X-3468,MS4A13,503497.0,Amp5,5.1
X-3468,MS4A14,84689.0,Amp5,5.1
X-3468,MS4A15,219995.0,Amp5,5.1
X-3468,MS4A2,2206.0,Amp5,5.1
X-3468,MS4A3,932.0,Amp5,5.1
X-3468,MS4A4A,51338.0,Amp5,5.1
X-3468,MS4A5,64232.0,Amp5,5.1
X-3468,MS4A6A,64231.0,Amp5,5.1
X-3468,MS4A6E,245802.0,Amp5,5.1
X-3468,MS4A7,58475.0,Amp5,5.1
X-3468,MS4A8B,83661.0,Amp5,5.1
X-3468,MSH2,4436.0,MutLikelyFunctional,"G322D,0.994"
X-3468,MSRB3,253827.0,Amp5,5.58
X-3468,MTBP,27085.0,Amp5,7.36
X-3468,MTDH,92140.0,Amp8,8.4
X-3468,MTERFD1,51001.0,Amp8,12.73
X-3468,MTPAP,55149.0,Amp5,7.01
X-3468,MTRNR2L7,100288485.0,Amp8,13.09
X-3468,MTRR,4552.0,Amp5,5.31
X-3468,MUC6,4588.0,MutNovel,"L1673R,0.405"
X-3468,MYBPC1,4604.0,MutNovel,"V471A,0.272"
X-3468,MYC,4609.0,Amp5,6.15
X-3468,MYLK3,91807.0,Amp5,7.26
X-3468,NACAD,23148.0,MutNovel,"G673D,0.500"
X-3468,NACAD,23148.0,MutNovel,"A104V,0.833"
X-3468,NACAP1,83955.0,Amp8,24.42
X-3468,NAPRT1,93100.0,Del0.8,0.67
X-3468,NAV2,89797.0,Amp8,10.34
X-3468,NBN,4683.0,Amp8,12.21
X-3468,NBPF1,55672.0,MutNovel,"K406E,0.800"
X-3468,NBPF1,55672.0,MutNovel,"H296R,0.208"
X-3468,NBPF10,100132406.0,MutNovel,"I1165F,0.402"
X-3468,NBPF10,100132406.0,MutNovel,"D2992H,0.500"
X-3468,NBPF9,400818.0,MutNovel,"R97G,0.214"
X-3468,NBPF9,400818.0,MutNovel,"Q184R,1.000"
X-3468,NBPF9,400818.0,MutNovel,"G364R,0.261"
X-3468,NCALD,83988.0,Amp8,26.91
X-3468,NCAPD3,23310.0,MutNovel,"R1448Q,0.466"
X-3468,NCOA3,8202.0,MutNovel,"Q1255-,1.000"
X-3468,NCOR2,9612.0,MutNovel,"G1839GAAA,1.000"
X-3468,NCOR2,9612.0,MutNovel,"-511S,0.979"
X-3468,NCRNA00185,55410.0,Del0.8,0.27
X-3468,NECAB1,64168.0,Amp8,12.21
X-3468,NET1,10276.0,Amp8,20.39
X-3468,NHLRC4,283948.0,Del0.8,0.62
X-3468,NIPAL2,79815.0,Amp8,8.4
X-3468,NLGN4Y,22829.0,Del0.8,0.27
X-3468,NLRP6,171389.0,Del0.8,0.65
X-3468,NME4,4833.0,Del0.8,0.62
X-3468,NOV,4856.0,Amp5,7.36
X-3468,NPIPL3,23117.0,MutNovel,"T692I,1.000"
X-3468,NRBP2,340371.0,MutNovel,"R212C,1.000"
X-3468,NRBP2,340371.0,Del0.8,0.67
X-3468,NRP1,8829.0,Amp8,9.51
X-3468,NSUN2,54888.0,Amp5,5.31
X-3468,NT5C2,22978.0,MutNovel,"S328L,0.992"
X-3468,NUDCD1,84955.0,Amp5,6.5
X-3468,NUDT11,55190.0,MutKnownFunctional,"-1,1.000"
X-3468,NUDT5,11164.0,Amp8,8.28
X-3468,NUP107,57122.0,Amp5,5.58
X-3468,NUP210L,91181.0,MutNovel,"T1185R,0.667"
X-3468,OBP2A,29991.0,MutNovel,"F90Y,1.000"
X-3468,ODF1,4956.0,Amp8,20.25
X-3468,ODF3,113746.0,Del0.8,0.65
X-3468,OPLAH,26873.0,Del0.8,0.67
X-3468,OPTN,10133.0,Amp5,7.21
X-3468,OR10AG1,282770.0,Amp5,5.5
X-3468,OR10Q1,219960.0,Amp5,5.1
X-3468,OR10V1,390201.0,Amp5,5.1
X-3468,OR10V2P,81343.0,Amp5,5.1
X-3468,OR10W1,81341.0,Amp5,5.1
X-3468,OR1S1,219959.0,Amp5,5.1
X-3468,OR1S2,219958.0,Amp5,5.1
X-3468,OR4C6,219432.0,Amp5,5.5
X-3468,OR4D10,390197.0,Amp5,5.1
X-3468,OR4D11,219986.0,Amp5,5.1
X-3468,OR4D6,219983.0,Amp5,5.1
X-3468,OR4D9,390199.0,Amp5,5.1
X-3468,OR4F21,441308.0,Del0.8,0.75
X-3468,OR4F5,79501.0,Del0.8,0.64
X-3468,OR4S2,219431.0,Amp5,5.5
X-3468,OR5A1,219982.0,Amp5,5.1
X-3468,OR5A2,219981.0,Amp5,5.1
X-3468,OR5AK2,390181.0,Amp5,5.5
X-3468,OR5AK4P,219525.0,Amp5,5.5
X-3468,OR5AN1,390195.0,Amp5,5.1
X-3468,OR5AP2,338675.0,Amp5,5.5
X-3468,OR5AR1,219493.0,Amp5,5.5
X-3468,OR5AS1,219447.0,Amp5,5.5
X-3468,OR5B12,390191.0,Amp5,5.1
X-3468,OR5B17,219965.0,Amp5,5.1
X-3468,OR5B2,390190.0,Amp5,5.1
X-3468,OR5B21,219968.0,Amp5,5.1
X-3468,OR5B3,441608.0,Amp5,5.1
X-3468,OR5D13,390142.0,Amp5,5.5
X-3468,OR5D14,219436.0,Amp5,5.5
X-3468,OR5D16,390144.0,Amp5,5.5
X-3468,OR5D18,219438.0,Amp5,5.5
X-3468,OR5F1,338674.0,Amp5,5.5
X-3468,OR5I1,10798.0,Amp5,5.5
X-3468,OR5J2,282775.0,Amp5,5.5
X-3468,OR5L1,219437.0,Amp5,5.5
X-3468,OR5L2,26338.0,Amp5,5.5
X-3468,OR5M1,390168.0,Amp5,5.5
X-3468,OR5M10,390167.0,Amp5,5.5
X-3468,OR5M11,219487.0,Amp5,5.5
X-3468,OR5M3,219482.0,Amp5,5.5
X-3468,OR5M8,219484.0,Amp5,5.5
X-3468,OR5M9,390162.0,Amp5,5.5
X-3468,OR5R1,219479.0,Amp5,5.5
X-3468,OR5T1,390155.0,Amp5,5.5
X-3468,OR5T2,219464.0,Amp5,5.5
X-3468,OR5T3,390154.0,Amp5,5.5
X-3468,OR5W2,390148.0,Amp5,5.5
X-3468,OR6Q1,219952.0,Amp5,5.1
X-3468,OR7E5P,219445.0,Amp5,5.5
X-3468,OR8H1,219469.0,Amp5,5.5
X-3468,OR8H2,390151.0,Amp5,5.5
X-3468,OR8H3,390152.0,Amp5,5.5
X-3468,OR8I2,120586.0,Amp5,5.5
X-3468,OR8J1,219477.0,Amp5,5.5
X-3468,OR8J3,81168.0,Amp5,5.5
X-3468,OR8K1,390157.0,Amp5,5.5
X-3468,OR8K3,219473.0,Amp5,5.5
X-3468,OR8K5,219453.0,Amp5,5.5
X-3468,OR9G1,390174.0,Amp5,5.5
X-3468,OR9G4,283189.0,Amp5,5.5
X-3468,OR9I1,219954.0,Amp5,5.1
X-3468,OR9Q1,219956.0,Amp5,5.1
X-3468,OR9Q2,219957.0,Amp5,5.1
X-3468,ORAI1,84876.0,MutNovel,"PP43-,1.000"
X-3468,ORC6,23594.0,Amp5,7.26
X-3468,OSBP,5007.0,Amp5,5.1
X-3468,OSGIN2,734.0,Amp8,12.21
X-3468,OSR2,116039.0,Amp8,8.4
X-3468,OTUD6B,51633.0,Amp8,12.21
X-3468,OTX1,5013.0,Amp5,6.06
X-3468,PABPC1,26986.0,Amp8,12.3
X-3468,PABPC3,5042.0,MutKnownFunctional,"-209,0.421"
X-3468,PABPC3,5042.0,MutKnownFunctional,"-293,0.294"
X-3468,PABPC3,5042.0,MutKnownFunctional,"-296,0.476"
X-3468,PABPC3,5042.0,MutKnownFunctional,"-615,0.500"
X-3468,PAPD7,11044.0,Amp5,5.31
X-3468,PAPOLG,64895.0,Amp5,6.06
X-3468,PARD3,56288.0,Amp8,9.51
X-3468,PARP10,84875.0,Del0.8,0.67
X-3468,PARS2,25973.0,MutNovel,"R195H,0.408"
X-3468,PATL1,219988.0,Amp5,5.1
X-3468,PC,5091.0,MutNovel,"R363W,0.800"
X-3468,PCAT1,100750225.0,Amp5,6.15
X-3468,PCDH11Y,83259.0,Del0.8,0.27
X-3468,PCDHA10,56139.0,MutNovel,"T475M,1.000"
X-3468,PCDHB2,56133.0,MutNovel,"N420NIT,1.000"
X-3468,PCDHB7,56129.0,MutNovel,"L426F,0.490"
X-3468,PDDC1,347862.0,Del0.8,0.65
X-3468,PDE8A,5151.0,MutNovel,"G30W,0.316"
X-3468,PDP1,54704.0,Amp8,8.06
X-3468,PELI1,57162.0,Amp5,6.06
X-3468,PEX13,5194.0,Amp5,6.06
X-3468,PEX16,9409.0,Amp5,5.58
X-3468,PFKFB3,5209.0,Amp8,20.39
X-3468,PHF21A,51317.0,Amp5,5.58
X-3468,PHKB,5257.0,MutNovel,"R332H,0.301"
X-3468,PHLDA1,22822.0,MutNovel,"QQ194Q,1.000"
X-3468,PHRF1,57661.0,Del0.8,0.65
X-3468,PHYH,5264.0,Amp8,9.92
X-3468,PIDD,55367.0,Del0.8,0.65
X-3468,PIGQ,9091.0,Del0.8,0.62
X-3468,PIK3C2A,5286.0,MutNovel,"A1365T,0.341"
X-3468,PKHD1L1,93035.0,Amp5,6.5
X-3468,PKP3,11187.0,Del0.8,0.65
X-3468,PLAC1L,219990.0,Amp5,5.1
X-3468,PLEC,5339.0,MutNovel,"A2745T,1.000"
X-3468,PLEC,5339.0,Del0.8,0.67
X-3468,PLEKHF1,79156.0,Amp8,8.17
X-3468,PLEKHF2,79666.0,Amp5,7.41
X-3468,PNPLA2,57104.0,Del0.8,0.65
X-3468,POLR2K,5440.0,Amp8,17.03
X-3468,POLR2L,5441.0,Del0.8,0.65
X-3468,POM121,9883.0,MutNovel,"Y756H,0.615"
X-3468,POM121C,100101267.0,MutNovel,"T882A,1.000"
X-3468,POP1,10940.0,Amp8,8.4
X-3468,POP4,10775.0,Amp8,8.17
X-3468,POU5F1B,5462.0,Amp5,6.15
X-3468,PPM1H,57460.0,Amp5,5.74
X-3468,PPP1R16A,84988.0,Del0.8,0.67
X-3468,PPP1R7,5510.0,MutNovel,"A228V,0.372"
X-3468,PPP2R3B,28227.0,MutNovel,"L853P,1.000"
X-3468,PRCP,5547.0,Amp5,5.66
X-3468,PRIC285,85441.0,MutNovel,"T553M,0.649"
X-3468,PRKCQ,5588.0,Amp8,19.7
X-3468,PRKD2,25865.0,MutNovel,"P17S,0.278"
X-3468,PRKY,5616.0,Del0.8,0.27
X-3468,PRMT3,10196.0,Amp8,14.03
X-3468,PRPF18,8559.0,Amp8,9.92
X-3468,PRY,9081.0,Del0.8,0.27
X-3468,PRY,9081.0,Del0.8,0.27
X-3468,PRY2,442862.0,Del0.8,0.27
X-3468,PRY2,442862.0,Del0.8,0.27
X-3468,PSKH2,85481.0,Amp8,25.28
X-3468,PSMD13,5719.0,Del0.8,0.65
X-3468,PTCHD3,374308.0,MutKnownFunctional,"-308?,1.000"
X-3468,PTDSS1,9791.0,Amp8,12.73
X-3468,PTDSS2,81490.0,Del0.8,0.65
X-3468,PTPRB,5787.0,Amp5,5.58
X-3468,PTPRR,5801.0,Amp5,5.58
X-3468,PUF60,22827.0,Del0.8,0.67
X-3468,PUS10,150962.0,Amp5,6.06
X-3468,PVT1,5820.0,Amp5,6.15
X-3468,PYCRL,65263.0,Del0.8,0.67
X-3468,RAB11FIP3,9727.0,Del0.8,0.62
X-3468,RAB1A,5861.0,Amp5,6.06
X-3468,RAB30,27314.0,Amp5,5.66
X-3468,RAB3IP,117177.0,Amp5,5.58
X-3468,RAD21,5885.0,Amp5,7.36
X-3468,RAD21-AS1,644660.0,Amp5,7.36
X-3468,RAD54B,25788.0,Amp8,8.06
X-3468,RALYL,138046.0,Amp8,14.32
X-3468,RAP1B,5908.0,Amp5,5.58
X-3468,RASGEF1B,153020.0,MutNovel,"R294Q,0.596"
X-3468,RASSF3,283349.0,Amp5,5.74
X-3468,RASSF7,8045.0,Del0.8,0.65
X-3468,RB1CC1,9821.0,MutNovel,"S490R,0.346"
X-3468,RBBP6,5930.0,MutNovel,"KKK1727-,0.368"
X-3468,RBM12B,389677.0,Amp8,8.06
X-3468,RBM17,84991.0,Amp8,20.39
X-3468,RBM47,54502.0,MutNovel,"AAAAAAAA495A,0.393"
X-3468,RBMY1A3P,286557.0,Del0.8,0.27
X-3468,RBMY1B,378948.0,Del0.8,0.27
X-3468,RBMY1B,378948.0,Del0.8,0.27
X-3468,RBMY1E,378950.0,Del0.8,0.27
X-3468,RBMY1E,378950.0,Del0.8,0.27
X-3468,RBMY1F,159163.0,Del0.8,0.27
X-3468,RBMY1F,159163.0,Del0.8,0.27
X-3468,RBMY1J,378951.0,Del0.8,0.27
X-3468,RBMY1J,378951.0,Del0.8,0.27
X-3468,RBMY2EP,159125.0,Del0.8,0.27
X-3468,RBMY2FP,159162.0,Del0.8,0.27
X-3468,RBMY3AP,64593.0,Del0.8,0.27
X-3468,RECQL4,9401.0,Del0.8,0.67
X-3468,REL,5966.0,Amp5,6.06
X-3468,RETSAT,54884.0,Amp5,6.41
X-3468,REXO1L1,254958.0,Amp8,25.28
X-3468,REXO1L2P,100288527.0,Amp8,25.28
X-3468,REXO1L2P,100288527.0,Amp8,25.28
X-3468,RGS1,5996.0,Amp5,5.1
X-3468,RGS13,6003.0,Amp5,5.1
X-3468,RGS18,64407.0,Amp5,5.1
X-3468,RGS2,5997.0,Amp5,5.1
X-3468,RGS21,431704.0,Amp5,5.1
X-3468,RGS22,26166.0,Amp8,17.03
X-3468,RHD,6007.0,Del0.8,0.42
X-3468,RHPN1,114822.0,MutNovel,"E4K,0.233"
X-3468,RIC8A,60626.0,MutKnownFunctional,"-68,1.000"
X-3468,RIC8A,60626.0,Del0.8,0.65
X-3468,RIMS2,9699.0,Amp8,16.34
X-3468,RIPK2,8767.0,Amp8,12.21
X-3468,RNF111,54778.0,MutNovel,"P309T,0.395"
X-3468,RNF112,7732.0,MutNovel,"R365Q,0.300"
X-3468,RNF19A,25897.0,Amp8,14.42
X-3468,RNH1,6050.0,Del0.8,0.65
X-3468,RPL14,9045.0,MutNovel,"T149TA,1.000"
X-3468,RPL30,6156.0,Amp8,8.4
X-3468,RPL8,6132.0,Del0.8,0.67
X-3468,RPLP2,6181.0,Del0.8,0.65
X-3468,RPS4Y1,6192.0,Del0.8,0.27
X-3468,RPS4Y2,140032.0,Del0.8,0.27
X-3468,RPS6KA3,6197.0,MutNovel,"PH696H,1.000"
X-3468,RPSAP52,204010.0,Amp5,5.58
X-3468,RRM2B,50484.0,Amp8,20.25
X-3468,RUFY2,55680.0,MutNovel,"T38I,0.300"
X-3468,RUNX1T1,862.0,Amp8,9.38
X-3468,RUSC2,9853.0,MutNovel,"R727H,0.246"
X-3468,SAMD1,90378.0,MutKnownFunctional,"-112?,0.667"
X-3468,SAMD12,401474.0,Amp5,7.36
X-3468,SAMD12-AS1,552860.0,Amp5,7.36
X-3468,SCAPER,49855.0,Del0.8,0.65
X-3468,SCRIB,23513.0,Del0.8,0.67
X-3468,SCRT1,83482.0,Del0.8,0.67
X-3468,SCT,6343.0,Del0.8,0.65
X-3468,SCUBE3,222663.0,MutNovel,"V614A,0.833"
X-3468,SCXA,100129885.0,Del0.8,0.67
X-3468,SDC2,6383.0,Amp8,10.06
X-3468,SDK1,221935.0,MutNovel,"V1692M,0.657"
X-3468,SEC61A2,55176.0,Amp8,8.28
X-3468,SEL1L2,80343.0,Amp5,5.86
X-3468,SEPHS1,22929.0,Amp8,9.92
X-3468,SEPT7L,285961.0,Amp8,11.71
X-3468,SERINC2,347735.0,MutNovel,"-373Q,1.000"
X-3468,SERTAD2,9792.0,Amp5,6.06
X-3468,SF3B3,23450.0,MutNovel,"R763Q,1.000"
X-3468,SFMBT2,57713.0,Amp8,26.72
X-3468,SFTA1P,207107.0,Amp8,8.28
X-3468,SH2D6,284948.0,Amp5,6.41
X-3468,SHARPIN,81858.0,Del0.8,0.67
X-3468,SHCBP1,79801.0,Amp5,7.26
X-3468,SIGIRR,59307.0,Del0.8,0.65
X-3468,SIGLEC10,89790.0,MutNovel,"RP304ST,1.000"
X-3468,SIGLEC11,114132.0,MutNovel,"Q345R,1.000"
X-3468,SIGLEC11,114132.0,MutNovel,"H260R,1.000"
X-3468,SIRT3,23410.0,Del0.8,0.65
X-3468,SLC1A4,6509.0,Amp5,6.06
X-3468,SLC25A22,79751.0,Del0.8,0.65
X-3468,SLC25A32,81034.0,Amp8,22.32
X-3468,SLC26A7,115111.0,Amp8,12.21
X-3468,SLC2A13,114134.0,MutNovel,"S6N,0.500"
X-3468,SLC2A3,6515.0,MutNovel,"E482G,1.000"
X-3468,SLC2A5,6518.0,MutNovel,"R251W,1.000"
X-3468,SLC30A8,169026.0,Amp5,7.36
X-3468,SLC35C1,55343.0,Amp5,5.58
X-3468,SLC35E3,55508.0,Amp5,5.58
X-3468,SLC39A4,55630.0,Del0.8,0.67
X-3468,SLC6A5,9152.0,Amp8,9.06
X-3468,SLC7A13,157724.0,Amp8,23.1
X-3468,SLFN11,91607.0,MutNovel,"K507E,1.000"
X-3468,SLFN13,146857.0,MutNovel,"K507E,1.000"
X-3468,SMARCA2,6595.0,MutNovel,"-223Q,0.636"
X-3468,SMARCAL1,50485.0,MutNovel,"R764Q,0.536"
X-3468,SMC1A,8243.0,MutNovel,"R434Q,0.321"
X-3468,SNORA52,619565.0,Del0.8,0.65
X-3468,SNORA70B,100124537.0,Amp5,6.06
X-3468,SNORA70E,100379250.0,Amp5,5.66
X-3468,SNORA70G,100379132.0,Amp5,5.58
X-3468,SNORA72,26775.0,Amp8,8.4
X-3468,SNTB1,6641.0,Amp5,7.36
X-3468,SNX31,169166.0,Amp8,12.3
X-3468,SNX8,29886.0,MutNovel,"I228V,0.269"
X-3468,SOLH,6650.0,Del0.8,0.62
X-3468,SPAG1,6674.0,Amp8,17.03
X-3468,SPAG17,200162.0,Amp5,7.01
X-3468,SPANXB1,728695.0,Del0.8,0.27
X-3468,SPANXC,64663.0,Del0.8,0.33
X-3468,SPATC1,375686.0,Del0.8,0.67
X-3468,SPDYE2L,,MutNovel,"T320M,0.900"
X-3468,SPG20,23111.0,MutNovel,"D359E,1.000"
X-3468,SPRED2,200734.0,Amp5,6.06
X-3468,SPRR4,163778.0,MutNovel,"Q9K,1.000"
X-3468,SPRY3,10251.0,MutNovel,"A3082G,1.000"
X-3468,SPTLC3,55304.0,Amp5,5.86
X-3468,SRD5A1,6715.0,Amp5,5.31
X-3468,SRGAP1,57522.0,Amp5,5.74
X-3468,SRP14,6727.0,MutNovel,"AAA114-,0.498"
X-3468,SRY,6736.0,Del0.8,0.27
X-3468,STK3,6788.0,Amp8,8.4
X-3468,STX3,6809.0,Amp5,5.1
X-3468,SVIL,6840.0,Amp5,7.01
X-3468,SYBU,55638.0,Amp5,6.5
X-3468,SYT7,9066.0,MutNovel,"T133M,0.843"
X-3468,TAF2,6873.0,Amp5,7.36
X-3468,TAF3,83860.0,Amp8,31.78
X-3468,TALDO1,6888.0,Del0.8,0.65
X-3468,TANC1,85461.0,MutNovel,"R856H,0.395"
X-3468,TAS1R3,83756.0,MutNovel,"Q372H,0.500"
X-3468,TASP1,55617.0,Amp5,5.86
X-3468,TBC1D10C,374403.0,MutNovel,"I43T,1.000"
X-3468,TBC1D30,23329.0,Amp5,5.74
X-3468,TBK1,29110.0,Amp5,5.74
X-3468,TBL1Y,90665.0,Del0.8,0.27
X-3468,TBP,6908.0,MutNovel,"-64Q,0.957"
X-3468,TCF7L1,83439.0,Amp5,6.41
X-3468,TCN1,6947.0,Amp5,5.1
X-3468,TFEB,7942.0,MutNovel,"P333L,0.312"
X-3468,TGIF2LY,90655.0,Del0.8,0.27
X-3468,TGOLN2,10618.0,Amp5,6.41
X-3468,TIGD5,84948.0,Del0.8,0.67
X-3468,TIMELESS,8914.0,MutNovel,"C1025S,0.433"
X-3468,TLE4,7091.0,MutNovel,"H82Q,0.450"
X-3468,TMBIM4,51643.0,MutKnownFunctional,"-174?,0.760"
X-3468,TMBIM4,51643.0,Amp5,5.58
X-3468,TMED10P1,286102.0,Del0.8,0.67
X-3468,TMEM17,200728.0,Amp5,6.06
X-3468,TMEM176B,28959.0,MutNovel,"T2M,0.435"
X-3468,TMEM184A,202915.0,MutNovel,"G392GA,0.627"
X-3468,TMEM38A,79041.0,MutNovel,"E45K,0.271"
X-3468,TMEM5,10329.0,Amp5,5.74
X-3468,TMEM55A,55529.0,Amp8,12.21
X-3468,TMEM64,169200.0,Amp8,12.21
X-3468,TMEM67,91147.0,Amp8,8.06
X-3468,TMEM74,157753.0,Amp5,6.5
X-3468,TMEM80,283232.0,Del0.8,0.65
X-3468,TMEM8A,58986.0,Del0.8,0.62
X-3468,TMSB4Y,9087.0,Del0.8,0.27
X-3468,TNFRSF11B,4982.0,Amp5,7.36
X-3468,TONSL,4796.0,Del0.8,0.67
X-3468,TP53,7157.0,MutKnownFunctional,"-231,1.000"
X-3468,TP53INP1,94241.0,Amp5,7.41
X-3468,TRHR,7201.0,Amp5,6.5
X-3468,TRIB1,10221.0,MutNovel,"V267I,1.000"
X-3468,TRIM45,80263.0,Amp5,5.31
X-3468,TRIM59,286827.0,MutNovel,"I164T,0.578"
X-3468,TROVE2,6738.0,Amp5,5.1
X-3468,TRPS1,7227.0,Amp5,7.36
X-3468,TSPAN16,26526.0,MutNovel,"Y235H,0.312"
X-3468,TSPAN33,340348.0,MutNovel,"T96M,0.246"
X-3468,TSPAN4,7106.0,Del0.8,0.65
X-3468,TSPAN8,7103.0,Amp5,5.58
X-3468,TSPY1,7258.0,Del0.8,0.27
X-3468,TSPY2,64591.0,Del0.8,0.27
X-3468,TSPY3,728137.0,Del0.8,0.27
X-3468,TSPY4,728395.0,Del0.8,0.27
X-3468,TSPY8,728403.0,Del0.8,0.27
X-3468,TSPYL1,7259.0,MutNovel,"V176VW,0.826"
X-3468,TSPYL5,85453.0,Amp8,8.4
X-3468,TSTA3,7264.0,Del0.8,0.67
X-3468,TTC1,7265.0,MutNovel,"T266A,0.528"
X-3468,TTC28,23331.0,MutNovel,"A2297T,0.405"
X-3468,TTF2,8458.0,Amp5,5.31
X-3468,TTTY10,246119.0,Del0.8,0.27
X-3468,TTTY11,83866.0,Del0.8,0.27
X-3468,TTTY12,83867.0,Del0.8,0.27
X-3468,TTTY13,83868.0,Del0.8,0.27
X-3468,TTTY14,83869.0,Del0.8,0.27
X-3468,TTTY15,64595.0,Del0.8,0.27
X-3468,TTTY16,252948.0,Del0.8,0.27
X-3468,TTTY17A,252949.0,Del0.8,0.27
X-3468,TTTY17A,252949.0,Del0.8,0.27
X-3468,TTTY18,252950.0,Del0.8,0.27
X-3468,TTTY19,252952.0,Del0.8,0.27
X-3468,TTTY1B,100101116.0,Del0.8,0.27
X-3468,TTTY1B,100101116.0,Del0.8,0.27
X-3468,TTTY2,60439.0,Del0.8,0.27
X-3468,TTTY2,60439.0,Del0.8,0.27
X-3468,TTTY20,252951.0,Del0.8,0.27
X-3468,TTTY21,252953.0,Del0.8,0.27
X-3468,TTTY21,252953.0,Del0.8,0.27
X-3468,TTTY22,252954.0,Del0.8,0.27
X-3468,TTTY23,252955.0,Del0.8,0.27
X-3468,TTTY23,252955.0,Del0.8,0.27
X-3468,TTTY3,114760.0,Del0.8,0.27
X-3468,TTTY3,114760.0,Del0.8,0.27
X-3468,TTTY4,114761.0,Del0.8,0.27
X-3468,TTTY4,114761.0,Del0.8,0.27
X-3468,TTTY5,83863.0,Del0.8,0.27
X-3468,TTTY6,84672.0,Del0.8,0.27
X-3468,TTTY6,84672.0,Del0.8,0.27
X-3468,TTTY7,246122.0,Del0.8,0.27
X-3468,TTTY7,246122.0,Del0.8,0.27
X-3468,TTTY7B,100101120.0,Del0.8,0.27
X-3468,TTTY7B,100101120.0,Del0.8,0.27
X-3468,TTTY8,84673.0,Del0.8,0.27
X-3468,TTTY8,84673.0,Del0.8,0.27
X-3468,TTTY9A,83864.0,Del0.8,0.27
X-3468,TTTY9A,83864.0,Del0.8,0.27
X-3468,TUBAL3,79861.0,Amp8,20.39
X-3468,TUBB8,347688.0,MutNovel,"G109V,0.750"
X-3468,TXLNG2P,246126.0,Del0.8,0.27
X-3468,TYW1,55253.0,MutNovel,"V565G,0.250"
X-3468,UBE2QL1,134111.0,Amp5,5.31
X-3468,UBR5,51366.0,Amp8,20.25
X-3468,UCHL5,51377.0,Amp5,5.1
X-3468,UCMA,221044.0,Amp8,9.92
X-3468,UCN3,114131.0,Amp8,20.39
X-3468,UGP2,7360.0,Amp5,6.06
X-3468,UPF2,26019.0,Amp8,8.28
X-3468,UQCRB,7381.0,Amp8,12.73
X-3468,UQCRFS1,7386.0,Amp8,8.17
X-3468,URI1,8725.0,Amp8,8.17
X-3468,USP15,9958.0,Amp5,5.74
X-3468,USP34,9736.0,Amp5,6.06
X-3468,USP36,57602.0,MutNovel,"KKK958K,1.000"
X-3468,USP6NL,9712.0,Amp8,8.28
X-3468,USP9Y,8287.0,Del0.8,0.27
X-3468,UTP23,84294.0,Amp5,7.36
X-3468,UTY,7404.0,Del0.8,0.27
X-3468,VCY,9084.0,Del0.8,0.27
X-3468,VCY,9084.0,Del0.8,0.27
X-3468,VEZF1,7716.0,MutNovel,"H355HN,1.000"
X-3468,VPS13B,157680.0,Amp8,10.27
X-3468,VPS16,64601.0,MutNovel,"A504S,0.871"
X-3468,VPS28,51160.0,Del0.8,0.67
X-3468,VPS35,55737.0,Amp5,7.26
X-3468,VPS54,51542.0,Amp5,6.06
X-3468,VRK2,7444.0,Amp5,6.06
X-3468,VSTM2B,342865.0,Amp8,8.17
X-3468,VTCN1,79679.0,Amp5,5.31
X-3468,WASH1,100287171.0,MutNovel,"T302THHQ,0.267"
X-3468,WDPCP,51057.0,Amp5,6.06
X-3468,WDR3,10885.0,Amp5,5.31
X-3468,WDR78,79819.0,MutNovel,"V410I,0.636"
X-3468,WIF1,11197.0,Amp5,5.58
X-3468,WWP1,11059.0,Amp8,23.1
X-3468,XAGE1B,,MutNovel,"K24N,1.000"
X-3468,XAGE1E,,MutNovel,"S31A,0.400"
X-3468,XKRY2,353515.0,Del0.8,0.27
X-3468,XKRY2,353515.0,Del0.8,0.27
X-3468,XPO1,7514.0,Amp5,6.06
X-3468,XPOT,11260.0,MutNovel,"T202A,0.209"
X-3468,XPOT,11260.0,Amp5,5.74
X-3468,YEATS4,8089.0,Amp5,5.58
X-3468,YWHAZ,7534.0,Amp8,12.3
X-3468,ZC3H3,23144.0,Del0.8,0.67
X-3468,ZEB1,6935.0,Amp8,9.51
X-3468,ZEB1-AS1,220930.0,Amp8,9.51
X-3468,ZFP28,140612.0,MutNovel,"R291Q,0.474"
X-3468,ZFP91,80829.0,Amp5,5.1
X-3468,ZFP91-CNTF,386607.0,Amp5,5.1
X-3468,ZFPM2,23414.0,Amp8,8.51
X-3468,ZFY,7544.0,Del0.8,0.27
X-3468,ZHX3,23051.0,MutNovel,"E677K,0.636"
X-3468,ZNF16,7564.0,Del0.8,0.67
X-3468,ZNF208,7757.0,MutNovel,"I329S,1.000"
X-3468,ZNF248,57209.0,Amp8,11.71
X-3468,ZNF25,219749.0,Amp8,11.71
X-3468,ZNF250,58500.0,Del0.8,0.67
X-3468,ZNF251,90987.0,Del0.8,0.67
X-3468,ZNF281,23528.0,MutKnownFunctional,"-92?,0.881"
X-3468,ZNF33A,7581.0,Amp8,11.71
X-3468,ZNF34,80778.0,Del0.8,0.67
X-3468,ZNF37A,7587.0,Amp8,11.71
X-3468,ZNF384,171017.0,MutNovel,"QQ514Q,1.000"
X-3468,ZNF438,220929.0,Amp8,9.51
X-3468,ZNF517,340385.0,Del0.8,0.67
X-3468,ZNF536,9745.0,Amp8,8.17
X-3468,ZNF554,115196.0,MutNovel,"G404R,0.241"
X-3468,ZNF572,137209.0,MutKnownFunctional,"-4?,0.333"
X-3468,ZNF623,9831.0,Del0.8,0.67
X-3468,ZNF670,93474.0,MutKnownFunctional,"-126?,0.500"
X-3468,ZNF7,7553.0,Del0.8,0.67
X-3468,ZNF706,51123.0,Amp8,12.3
X-3468,ZNF707,286075.0,Del0.8,0.67
X-3468,ZNF772,400720.0,MutNovel,"A4GP,0.800"
X-3468,ZNF98,148198.0,MutNovel,"R286I,0.500"
X-3468,ZNF99,7652.0,MutNovel,"E730D,1.000"
X-3697,ABCA5,23461.0,MutNovel,"G1336D,0.721"
X-3697,ABCB10,23456.0,MutNovel,"L84P,0.438"
X-3697,ABCC10,89845.0,MutNovel,"L1074F,0.484"
X-3697,ABCC3,8714.0,Amp5,5.24
X-3697,ABI3,51225.0,Amp5,5.24
X-3697,ACSF2,80221.0,Amp5,5.24
X-3697,ADAM18,8749.0,Del0.8,0.78
X-3697,ADAM2,2515.0,Del0.8,0.78
X-3697,ADAM32,203102.0,Del0.8,0.78
X-3697,ADAM3A,1587.0,Del0.8,0.78
X-3697,ADAM5P,255926.0,Del0.8,0.78
X-3697,ADAM6,8755.0,Amp8,19.29
X-3697,ADAM9,8754.0,Del0.8,0.78
X-3697,ADRB3,155.0,Del0.8,0.78
X-3697,ADSSL1,122622.0,Amp5,5.39
X-3697,AGAP5,729092.0,MutNovel,"R512H,0.381"
X-3697,AGAP6,414189.0,MutNovel,"P391L,0.436"
X-3697,AGAP6,414189.0,MutKnownFunctional,"E621*,0.485"
X-3697,AGPAT6,137964.0,Del0.8,0.78
X-3697,AHNAK2,113146.0,MutNovel,"T3353A,0.258"
X-3697,AHNAK2,113146.0,MutNovel,"P3345S,0.324"
X-3697,AHNAK2,113146.0,Amp5,5.39
X-3697,AIM1,202.0,Amp5,5.03
X-3697,AKD1,221264.0,Amp5,5.03
X-3697,AKT1,207.0,Amp5,5.39
X-3697,ALDH3B1,221.0,MutKnownFunctional,"-301?,0.250"
X-3697,ALMS1,7840.0,MutNovel,"R624T,0.625"
X-3697,AMD1,262.0,Amp5,5.03
X-3697,AMELY,266.0,Del0.8,0.36
X-3697,AMOTL1,154810.0,MutNovel,"E822K,1.000"
X-3697,ANK1,286.0,Del0.8,0.78
X-3697,ANKRD30A,91074.0,MutNovel,"N508S,1.000"
X-3697,ANKRD36,375248.0,MutNovel,"T998S,0.222"
X-3697,ANKRD40,91369.0,Amp5,5.24
X-3697,ANKRD62,,MutNovel,"N547T,1.000"
X-3697,ANKRD62,,MutNovel,"R553K,1.000"
X-3697,APLP2,334.0,MutNovel,"E222D,0.729"
X-3697,APPL2,55198.0,MutNovel,"E492Q,0.247"
X-3697,AR,367.0,MutNovel,"LQQQQ57L,1.000"
X-3697,ARF6,382.0,Amp5,5.54
X-3697,ARHGAP39,80728.0,MutKnownFunctional,"-12,0.509"
X-3697,ARHGEF18,23370.0,MutNovel,"G1147R,0.346"
X-3697,ARHGEF19,128272.0,MutNovel,"R348P,0.254"
X-3697,ARMC2,84071.0,Amp5,5.03
X-3697,ARMCX1,51309.0,MutNovel,"I132M,0.737"
X-3697,ASH2L,9070.0,Del0.8,0.78
X-3697,ASUN,55726.0,MutNovel,"S370C,0.422"
X-3697,ATF2,1386.0,Amp5,5.35
X-3697,ATG14,22863.0,Amp5,5.98
X-3697,ATG5,9474.0,Amp5,5.03
X-3697,ATP10D,57205.0,MutNovel,"L517V,0.632"
X-3697,ATP5G1,516.0,Amp5,5.24
X-3697,ATP5G3,518.0,Amp5,5.35
X-3697,ATP5S,27109.0,Amp5,5.54
X-3697,ATP6AP1,537.0,MutNovel,"L32LAA,1.000"
X-3697,ATXN1,6310.0,MutNovel,"QH225H,1.000"
X-3697,AVEN,57099.0,MutNovel,"G83D,0.583"
X-3697,B4GALNT2,124872.0,Amp5,5.24
X-3697,BAG4,9530.0,Del0.8,0.78
X-3697,BANP,54971.0,MutNovel,"Q399K,0.245"
X-3697,BCORP1,286554.0,Del0.8,0.3
X-3697,BEND3,57673.0,Amp5,5.03
X-3697,BLK,640.0,Del0.8,0.35
X-3697,BMP2K,55589.0,MutNovel,"-460Q,1.000"
X-3697,BPY2B,442867.0,Del0.8,0.3
X-3697,BPY2B,442867.0,Del0.8,0.3
X-3697,BRF1,2972.0,Amp5,5.39
X-3697,BRF2,55290.0,Del0.8,0.8
X-3697,BTBD6,90135.0,Amp5,5.39
X-3697,BUB1B,701.0,MutNovel,"R202Q,0.732"
X-3697,BVES,11149.0,Amp5,5.03
X-3697,C14orf180,400258.0,Amp5,5.39
X-3697,C14orf182,283551.0,Amp5,5.54
X-3697,C14orf183,196913.0,Amp5,5.54
X-3697,C14orf28,122525.0,Amp5,5.86
X-3697,C14orf79,122616.0,Amp5,5.39
X-3697,C14orf80,283643.0,Amp5,5.39
X-3697,C19orf68,,MutNovel,"R568M,0.769"
X-3697,C1orf123,54987.0,MutNovel,"V158M,0.290"
X-3697,C2orf76,130355.0,MutNovel,"I67L,0.769"
X-3697,C6orf132,647024.0,MutNovel,"A414V,1.000"
X-3697,C6orf203,51250.0,Amp5,5.03
X-3697,C6orf225,619208.0,Amp5,5.03
X-3697,C8orf12,83656.0,Del0.8,0.42
X-3697,C8orf4,56892.0,Del0.8,0.78
X-3697,C8orf74,203076.0,Del0.8,0.36
X-3697,C8orf86,389649.0,Del0.8,0.78
X-3697,C9orf37,85026.0,MutNovel,"Y5H,0.250"
X-3697,C9orf71,169693.0,Del0.8,0.8
X-3697,CACNA1G,8913.0,Amp5,5.24
X-3697,CALCOCO1,57658.0,MutNovel,"R501K,0.268"
X-3697,CALCOCO2,10241.0,Amp5,5.24
X-3697,CAPS2,84698.0,MutKnownFunctional,"-401IK?,0.250"
X-3697,CASKIN1,57524.0,MutNovel,"A1116P,0.692"
X-3697,CBWD3,445571.0,Del0.8,0.8
X-3697,CBWD3,445571.0,Del0.8,0.8
X-3697,CBWD5,220869.0,Del0.8,0.8
X-3697,CBX1,10951.0,Amp5,5.24
X-3697,CC2D1A,54862.0,MutNovel,"E130Q,0.392"
X-3697,CC2D2A,57545.0,MutNovel,"G111R,0.625"
X-3697,CCDC162P,221262.0,Amp5,5.03
X-3697,CCDC61,729440.0,MutNovel,"E319D,0.500"
X-3697,CCDC66,285331.0,MutNovel,"S606SP,1.000"
X-3697,CCND1,595.0,Amp5,6.54
X-3697,CD164,8763.0,Amp5,5.03
X-3697,CDC40,51362.0,Amp5,5.03
X-3697,CDCA4,55038.0,Amp5,5.39
X-3697,CDK11B,984.0,MutNovel,"G284R,0.205"
X-3697,CDK11B,984.0,MutNovel,"K89Q,0.667"
X-3697,CDK13,8621.0,MutNovel,"S1038Y,0.282"
X-3697,CDK19,23097.0,Amp5,5.03
X-3697,CDK5RAP3,80279.0,Amp5,5.24
X-3697,CDK9,1025.0,MutNovel,"E125K,0.337"
X-3697,CDKL1,8814.0,Amp5,5.54
X-3697,CDY1B,253175.0,Del0.8,0.3
X-3697,CDY1B,253175.0,Del0.8,0.3
X-3697,CDY2A,9426.0,Del0.8,0.3
X-3697,CDY2A,9426.0,Del0.8,0.3
X-3697,CDY2B,203611.0,Del0.8,0.3
X-3697,CDY2B,203611.0,Del0.8,0.3
X-3697,CEACAM3,1084.0,MutNovel,"G85E,0.692"
X-3697,CELSR2,1952.0,MutNovel,"G305D,0.345"
X-3697,CEP57L1,285753.0,Amp5,5.03
X-3697,CEP89,84902.0,MutNovel,"F13L,0.288"
X-3697,CEP97,79598.0,MutNovel,"H300Y,0.565"
X-3697,CFHR3,10878.0,Amp5,5.13
X-3697,CHAD,1101.0,Amp5,5.24
X-3697,CHD2,1106.0,MutKnownFunctional,"-1242?,0.872"
X-3697,CHD4,1108.0,MutNovel,"P1558R,0.454"
X-3697,CHD5,26038.0,MutNovel,"P1562L,0.581"
X-3697,CHN1,1123.0,Amp5,5.35
X-3697,CHPF,79586.0,MutNovel,"P52R,0.521"
X-3697,CHRNA1,1134.0,Amp5,5.35
X-3697,CIR1,9541.0,Amp5,5.35
X-3697,CLASRP,11129.0,MutNovel,"-423SR,0.736"
X-3697,CLEC16A,23274.0,MutNovel,"E975D,0.524"
X-3697,CNBD1,168975.0,Amp5,5.74
X-3697,COL1A1,1277.0,Amp5,5.24
X-3697,COPZ2,51226.0,Amp5,5.24
X-3697,CRELD2,79174.0,MutNovel,"P13S,0.754"
X-3697,CRIP1,1396.0,Amp5,5.39
X-3697,CRIP2,1397.0,Amp5,5.39
X-3697,CRIPAK,285464.0,MutKnownFunctional,"-91,0.375"
X-3697,CRTAP,10491.0,MutNovel,"K312N,0.458"
X-3697,CSMD1,64478.0,Del0.8,0.53
X-3697,CSPG4P1Y,114758.0,Del0.8,0.3
X-3697,CSPG4P1Y,114758.0,Del0.8,0.3
X-3697,CTSA,5476.0,MutNovel,"L29-,0.447"
X-3697,CXorf40B,541578.0,MutNovel,"A112V,0.947"
X-3697,CYGB,114757.0,Amp5,5.13
X-3697,CYP2D6,1565.0,MutNovel,"N166D,0.467"
X-3697,CYSLTR2,57105.0,Del0.8,0.79
X-3697,DAZ1,1617.0,Del0.8,0.3
X-3697,DAZ2,57055.0,Del0.8,0.3
X-3697,DAZ3,57054.0,Del0.8,0.3
X-3697,DAZ3,57054.0,Del0.8,0.3
X-3697,DAZ4,57135.0,Del0.8,0.3
X-3697,DAZ4,57135.0,Del0.8,0.3
X-3697,DCLRE1C,64421.0,MutNovel,"D394H,0.475"
X-3697,DCTN6,10671.0,Del0.8,0.78
X-3697,DDHD2,23259.0,Del0.8,0.78
X-3697,DDO,8528.0,Amp5,5.03
X-3697,DDX3Y,8653.0,Del0.8,0.3
X-3697,DEF8,54849.0,MutNovel,"L137V,0.221"
X-3697,DHRSX,207063.0,MutNovel,"T804A,0.333"
X-3697,DIEXF,27042.0,MutNovel,"F631L,0.245"
X-3697,DLX3,1747.0,Amp5,5.24
X-3697,DLX4,1748.0,Amp5,5.24
X-3697,DNAAF2,55172.0,Amp5,5.54
X-3697,DNAH11,8701.0,MutKnownFunctional,"-919?,0.278"
X-3697,DNAH17,8632.0,MutNovel,"T4333P,0.800"
X-3697,DNMBP,23268.0,MutNovel,"K1119Q,0.265"
X-3697,DOCK9,23348.0,MutNovel,"T116S,0.248"
X-3697,DUSP2,1844.0,MutNovel,"A45P,0.625"
X-3697,DUSP26,78986.0,Del0.8,0.78
X-3697,DUSP4,1846.0,Del0.8,0.78
X-3697,ECI1,1632.0,MutNovel,"A55V,0.344"
X-3697,EFHA1,221154.0,MutNovel,"A47G,0.308"
X-3697,EFHD1,80303.0,MutNovel,"P40H,0.448"
X-3697,EIF1AY,9086.0,Del0.8,0.3
X-3697,EIF3M,10480.0,MutNovel,"D13N,0.432"
X-3697,EIF4EBP1,1978.0,Del0.8,0.78
X-3697,ELL3,80237.0,MutNovel,"D259H,0.233"
X-3697,EME1,146956.0,Amp5,5.24
X-3697,EPN3,55040.0,Amp5,5.24
X-3697,ERI1,90459.0,MutNovel,"E12K,0.667"
X-3697,ERLIN2,11160.0,Del0.8,0.8
X-3697,EVX2,344191.0,Amp5,6.68
X-3697,EXOC3,11336.0,MutNovel,"R509I,0.589"
X-3697,FAIM3,9214.0,MutKnownFunctional,"S382*,0.750"
X-3697,FAM117A,81558.0,Amp5,5.24
X-3697,FAM122A,116224.0,Del0.8,0.8
X-3697,FAM167A,83648.0,Del0.8,0.35
X-3697,FAM173A,65990.0,MutNovel,"P50M,0.406"
X-3697,FAM179B,23116.0,Amp5,5.86
X-3697,FAM193A,8603.0,MutNovel,"N1136K,0.500"
X-3697,FAM197Y2P,252946.0,Del0.8,0.36
X-3697,FAM20B,9917.0,MutNovel,"A302T,0.443"
X-3697,FAM41AY1,340618.0,Del0.8,0.3
X-3697,FAM41AY1,340618.0,Del0.8,0.3
X-3697,FAM86B1,85002.0,MutNovel,"D266A,1.000"
X-3697,FAM86B1,85002.0,MutNovel,"V215L,1.000"
X-3697,FANCM,57697.0,Amp5,5.86
X-3697,FBXO34,55030.0,Amp5,5.98
X-3697,FGF19,9965.0,Amp5,6.54
X-3697,FGF3,2248.0,Amp5,6.54
X-3697,FGF4,2249.0,Amp5,6.54
X-3697,FGFR1,2260.0,Del0.8,0.78
X-3697,FIG4,9896.0,Amp5,5.03
X-3697,FKBP3,2287.0,Amp5,5.86
X-3697,FLJ36000,284124.0,Amp5,6.92
X-3697,FLJ40194,124871.0,Amp5,5.24
X-3697,FLJ45079,400624.0,Amp5,5.13
X-3697,FLJ45513,729220.0,Amp5,5.24
X-3697,FOXD4L2,100036519.0,Del0.8,0.8
X-3697,FOXD4L3,286380.0,Del0.8,0.8
X-3697,FOXD4L5,653427.0,Del0.8,0.8
X-3697,FOXK1,221937.0,MutNovel,"A68T,0.750"
X-3697,FOXO3,2309.0,Amp5,5.03
X-3697,FSCB,84075.0,Amp5,5.86
X-3697,FSCN2,25794.0,MutNovel,"E27D,0.421"
X-3697,FUS,2521.0,MutNovel,"-223G,0.410"
X-3697,FUT10,84750.0,Del0.8,0.78
X-3697,FUT5,2527.0,MutNovel,"A118T,1.000"
X-3697,FXN,2395.0,Del0.8,0.8
X-3697,FYCO1,79443.0,MutNovel,"L873V,0.328"
X-3697,FYN,2534.0,Amp5,5.03
X-3697,FZD3,7976.0,Amp5,7.31
X-3697,GATA4,2626.0,Del0.8,0.28
X-3697,GBX2,2637.0,MutNovel,"E149K,1.000"
X-3697,GIGYF2,26058.0,MutNovel,"PQ1231P,0.667"
X-3697,GINS4,84296.0,Del0.8,0.78
X-3697,GIP,2695.0,Amp5,5.24
X-3697,GNGT2,2793.0,Amp5,5.24
X-3697,GOLGA2P2Y,84559.0,Del0.8,0.3
X-3697,GOLGA2P2Y,84559.0,Del0.8,0.3
X-3697,GOLGA7,51125.0,Del0.8,0.78
X-3697,GOLGA8B,440270.0,MutNovel,"S502N,1.000"
X-3697,GOLGA8B,440270.0,MutNovel,"K389R,1.000"
X-3697,GOLGB1,2804.0,MutNovel,"S1836L,0.452"
X-3697,GOT1L1,137362.0,Del0.8,0.78
X-3697,GPR124,25960.0,Del0.8,0.8
X-3697,GPR132,29933.0,Amp5,5.39
X-3697,GPR155,151556.0,Amp5,5.35
X-3697,GPR6,2830.0,Amp5,5.03
X-3697,GPRIN2,9721.0,MutNovel,"-238MRE,1.000"
X-3697,GSR,2936.0,Del0.8,0.78
X-3697,GSTM2P1,442245.0,Amp5,5.03
X-3697,GTF2E2,2961.0,Del0.8,0.78
X-3697,GTF2IRD2B,389524.0,MutNovel,"G211S,0.432"
X-3697,GTF3C6,112495.0,Amp5,5.03
X-3697,GYG2P1,352887.0,Del0.8,0.3
X-3697,HACE1,57531.0,Amp5,5.03
X-3697,HAX1,10456.0,MutNovel,"D32-,0.500"
X-3697,HCN2,610.0,MutNovel,"R76H,1.000"
X-3697,HILPDA,29923.0,MutNovel,"Y8C,0.695"
X-3697,HILS1,373861.0,Amp5,5.24
X-3697,HIP1R,9026.0,MutNovel,"E544K,0.252"
X-3697,HMHA1,23526.0,MutNovel,"E1100EDG,0.630"
X-3697,HOXB1,3211.0,Amp5,5.24
X-3697,HOXB13,10481.0,Amp5,5.24
X-3697,HOXB2,3212.0,Amp5,5.24
X-3697,HOXB3,3213.0,Amp5,5.24
X-3697,HOXB4,3214.0,Amp5,5.24
X-3697,HOXB5,3215.0,Amp5,5.24
X-3697,HOXB6,3216.0,Amp5,5.24
X-3697,HOXB7,3217.0,Amp5,5.24
X-3697,HOXB8,3218.0,Amp5,5.24
X-3697,HOXB9,3219.0,Amp5,5.24
X-3697,HOXD1,3231.0,Amp5,6.68
X-3697,HOXD10,3236.0,Amp5,6.68
X-3697,HOXD11,3237.0,Amp5,6.68
X-3697,HOXD12,3238.0,Amp5,6.68
X-3697,HOXD13,3239.0,Amp5,6.68
X-3697,HOXD3,3232.0,Amp5,6.68
X-3697,HOXD4,3233.0,Amp5,6.68
X-3697,HOXD8,3234.0,Amp5,6.68
X-3697,HOXD9,3235.0,Amp5,6.68
X-3697,HSF1,3297.0,MutNovel,"F418L,0.324"
X-3697,HSFY2,159119.0,Del0.8,0.3
X-3697,HSFY2,159119.0,Del0.8,0.3
X-3697,HTRA4,203100.0,Del0.8,0.78
X-3697,IDO1,3620.0,Del0.8,0.78
X-3697,IDO2,169355.0,Del0.8,0.78
X-3697,IFITM10,402778.0,MutNovel,"S207F,0.348"
X-3697,IGF2BP1,10642.0,Amp5,5.24
X-3697,INF2,64423.0,Amp5,5.39
X-3697,INTS2,57508.0,MutNovel,"S164C,0.250"
X-3697,IPMK,253430.0,MutNovel,"H296Y,0.333"
X-3697,IREB2,3658.0,MutNovel,"H253Y,0.282"
X-3697,IRX2,153572.0,MutNovel,"D339H,0.574"
X-3697,ITGA3,3675.0,Amp5,5.24
X-3697,ITM2B,9445.0,Del0.8,0.74
X-3697,ITPR1,3708.0,MutNovel,"R1626K,0.248"
X-3697,IVNS1ABP,10625.0,MutNovel,"P447S,0.307"
X-3697,JAG2,3714.0,Amp5,5.39
X-3697,JMJD6,23210.0,Amp5,5.13
X-3697,KAT6A,7994.0,Del0.8,0.78
X-3697,KAT7,11143.0,Amp5,5.24
X-3697,KCNJ12,3768.0,MutNovel,"E430G,0.600"
X-3697,KDM5D,8284.0,Del0.8,0.3
X-3697,KGFLP2,654466.0,Del0.8,0.5
X-3697,KIAA0125,9834.0,Amp8,9.78
X-3697,KIAA0284,283638.0,MutNovel,"S780N,0.763"
X-3697,KIAA0284,283638.0,Amp5,5.39
X-3697,KIAA0895L,653319.0,MutNovel,"R446H,0.265"
X-3697,KIAA1715,80856.0,Amp5,6.68
X-3697,KIAA1919,91749.0,Amp5,5.03
X-3697,KIAA2018,205717.0,MutKnownFunctional,"-1016?,0.333"
X-3697,KIF13B,23303.0,Del0.8,0.78
X-3697,KIF20B,9585.0,MutNovel,"L1062LKV,1.000"
X-3697,KIF2B,84643.0,Amp5,7.11
X-3697,KIF3B,9371.0,MutNovel,"I126M,0.267"
X-3697,KLHDC1,122773.0,Amp5,5.54
X-3697,KLHDC2,23588.0,Amp5,5.54
X-3697,KLHL21,9903.0,MutNovel,"R252S,0.714"
X-3697,KLHL28,54813.0,Amp5,5.86
X-3697,KPNB1,3837.0,Amp5,5.24
X-3697,KRT10,3858.0,MutNovel,"G533S,0.800"
X-3697,KRTAP24-1,643803.0,Del0.8,0.48
X-3697,KTN1,3895.0,Amp5,5.98
X-3697,KTN1-AS1,100129075.0,Amp5,5.98
X-3697,L2HGDH,79944.0,Amp5,5.54
X-3697,LACE1,246269.0,Amp5,5.03
X-3697,LAD1,3898.0,MutNovel,"L161F,0.546"
X-3697,LAMA4,3910.0,Amp5,5.03
X-3697,LEPROTL1,23484.0,Del0.8,0.78
X-3697,LETM2,137994.0,Del0.8,0.78
X-3697,LIN28B,389421.0,Amp5,5.03
X-3697,LINC00208,83655.0,Del0.8,0.35
X-3697,LINC00221,338005.0,Amp5,6.06
X-3697,LINC00222,387111.0,Amp5,5.03
X-3697,LINC00226,338004.0,Amp8,10.93
X-3697,LINC00338,654434.0,Amp5,5.13
X-3697,LINC00520,645687.0,Amp5,5.98
X-3697,LIPE,3991.0,MutNovel,"G1064E,1.000"
X-3697,LMX1B,4010.0,MutNovel,"S402P,0.844"
X-3697,LOC100128326,,MutNovel,"R17K,0.667"
X-3697,LOC100130097,,MutNovel,"E14D,0.875"
X-3697,LOC100287015,100287015.0,Del0.8,0.38
X-3697,LOC100422737,100422737.0,Amp5,5.03
X-3697,LOC100506504,,MutNovel,"P93L,0.571"
X-3697,LOC100507246,100507246.0,Amp5,5.13
X-3697,LOC100507341,100507341.0,Del0.8,0.78
X-3697,LOC100507351,100507351.0,Amp5,5.13
X-3697,LOC100996378,,MutNovel,"R5Q,0.643"
X-3697,LOC100996606,,MutNovel,"S256R,0.500"
X-3697,LOC100996641,,MutNovel,"R166H,0.400"
X-3697,LOC284080,284080.0,Amp5,5.24
X-3697,LOC285084,285084.0,Amp5,5.35
X-3697,LOC286135,286135.0,Del0.8,0.78
X-3697,LOC375295,375295.0,Amp5,6.68
X-3697,LOC388210,,MutNovel,"R416H,1.000"
X-3697,LOC400499,,MutNovel,"R235L,0.500"
X-3697,LOC400604,400604.0,Amp5,5.24
X-3697,LOC728024,728024.0,Del0.8,0.8
X-3697,LOC728763,,MutNovel,"G552R,0.333"
X-3697,LPAR6,10161.0,Del0.8,0.79
X-3697,LRR1,122769.0,Amp5,5.54
X-3697,LRRC37A2,474170.0,MutNovel,"T1238P,0.667"
X-3697,LRRC37B,114659.0,MutNovel,"A715V,1.000"
X-3697,LRRC46,90506.0,Amp5,5.24
X-3697,LRRC59,55379.0,Amp5,5.24
X-3697,LSM1,27257.0,Del0.8,0.78
X-3697,LSR,51599.0,MutNovel,"G518GR,0.574"
X-3697,LTBP3,4054.0,MutNovel,"LLL33-,0.846"
X-3697,LUC7L3,51747.0,Amp5,5.24
X-3697,LZTS2,84445.0,MutNovel,"A256T,0.457"
X-3697,MAK16,84549.0,Del0.8,0.78
X-3697,MAP3K4,4216.0,MutNovel,"PA1189P,1.000"
X-3697,MAP7,9053.0,MutNovel,"EA601A,0.286"
X-3697,MBOAT4,619373.0,Del0.8,0.78
X-3697,MBTD1,54799.0,Amp5,5.24
X-3697,MCM3,4172.0,MutNovel,"E432K,0.980"
X-3697,MCM9,254394.0,MutNovel,"P1075S,0.491"
X-3697,MCPH1,79648.0,Del0.8,0.44
X-3697,METTL21D,79609.0,Amp5,5.54
X-3697,METTL23,124512.0,Amp5,5.13
X-3697,MFSD11,79157.0,Amp5,5.13
X-3697,MGAT2,4247.0,Amp5,5.54
X-3697,MGAT5B,146664.0,Amp5,5.13
X-3697,MGC21881,389741.0,Del0.8,0.5
X-3697,MGC23270,196872.0,Amp5,5.39
X-3697,MICAL1,64780.0,Amp5,5.03
X-3697,MIR10A,406902.0,Amp5,5.24
X-3697,MIR10B,406903.0,Amp5,6.68
X-3697,MIR1203,100302211.0,Amp5,5.24
X-3697,MIR1246,100302142.0,Amp5,6.68
X-3697,MIR1258,100302172.0,Amp5,5.43
X-3697,MIR1322,100302166.0,Del0.8,0.36
X-3697,MIR152,406943.0,Amp5,5.24
X-3697,MIR196A1,406972.0,Amp5,5.24
X-3697,MIR205HG,642587.0,MutNovel,"V84VA,0.269"
X-3697,MIR3148,100422876.0,Del0.8,0.78
X-3697,MIR3185,100422978.0,Amp5,5.24
X-3697,MIR4288,100422903.0,Amp5,7.31
X-3697,MIR4316,100422851.0,Amp5,5.13
X-3697,MIR4710,100616300.0,Amp5,5.39
X-3697,MIR486,619554.0,Del0.8,0.78
X-3697,MIR548O2,100616190.0,Del0.8,0.78
X-3697,MIR598,693183.0,Del0.8,0.27
X-3697,MIR636,693221.0,Amp5,5.13
X-3697,MIR933,100126350.0,Amp5,5.35
X-3697,MIS18BP1,55320.0,Amp5,5.86
X-3697,MRE11A,4361.0,MutNovel,"R155C,1.000"
X-3697,MRPL10,124995.0,Amp5,5.24
X-3697,MRPL27,51264.0,Amp5,5.24
X-3697,MTA1,9112.0,Amp5,5.39
X-3697,MTMR9,66036.0,Del0.8,0.3
X-3697,MTRNR2L1,100462977.0,Amp5,6.92
X-3697,MTX2,10651.0,Amp5,6.68
X-3697,MUC19,,MutNovel,"P2863Q,1.000"
X-3697,MUC19,,MutKnownFunctional,"-2925?,1.000"
X-3697,MUC19,,MutNovel,"RD4502SH,1.000"
X-3697,MUC19,,MutNovel,"G4505D,1.000"
X-3697,MUC19,,MutNovel,"T4708A,0.974"
X-3697,MUC19,,MutNovel,"S4923N,1.000"
X-3697,MUC19,,MutKnownFunctional,"WI4957*I,0.800"
X-3697,MUC19,,MutNovel,"D5055Y,1.000"
X-3697,MUC19,,MutNovel,"G5062S,1.000"
X-3697,MUC19,,MutNovel,"SW5470RW,0.667"
X-3697,MUC19,,MutNovel,"I5489V,1.000"
X-3697,MUC19,,MutNovel,"G5612S,1.000"
X-3697,MUC19,,MutNovel,"N5626K,0.957"
X-3697,MUC19,,MutNovel,"S5660K,1.000"
X-3697,MUC19,,MutNovel,"NR5985KW,0.358"
X-3697,MUC5B,727897.0,MutNovel,"M3122T,1.000"
X-3697,MUC5B,727897.0,MutNovel,"T4544M,0.933"
X-3697,MUL1,79594.0,MutKnownFunctional,"S8*,0.552"
X-3697,MXRA7,439921.0,Amp5,5.13
X-3697,MXRA8,54587.0,MutNovel,"A41T,0.545"
X-3697,MYCBPAP,84073.0,Amp5,5.24
X-3697,MYEOV,26579.0,Amp5,6.54
X-3697,MYO9A,4649.0,MutNovel,"I184T,0.867"
X-3697,MZT2A,653784.0,MutNovel,"E19K,0.589"
X-3697,N4BP2,55728.0,MutNovel,"I615M,0.333"
X-3697,NBPF1,55672.0,MutNovel,"P675L,0.235"
X-3697,NBPF1,55672.0,MutNovel,"L377V,0.800"
X-3697,NBPF10,100132406.0,MutNovel,"V159I,0.213"
X-3697,NBPF10,100132406.0,MutNovel,"P858T,1.000"
X-3697,NBPF10,100132406.0,MutNovel,"R3193K,1.000"
X-3697,NBPF11,200030.0,MutNovel,"E250D,0.333"
X-3697,NBPF11,200030.0,MutNovel,"V57L,0.600"
X-3697,NBPF12,,MutNovel,"H486Q,0.417"
X-3697,NBPF12,,MutNovel,"E622K,0.294"
X-3697,NBPF12,,MutNovel,"P2003S,0.357"
X-3697,NBPF9,400818.0,MutNovel,"R97G,0.234"
X-3697,NCOR2,9612.0,MutNovel,"G1839GAAA,1.000"
X-3697,NCRNA00185,55410.0,Del0.8,0.3
X-3697,NDUFAB1,4706.0,MutNovel,"E136Q,0.222"
X-3697,NEIL2,252969.0,Del0.8,0.45
X-3697,NEMF,9147.0,Amp5,5.54
X-3697,NF1,4763.0,MutNovel,"LS899F,1.000"
X-3697,NFE2L1,4779.0,Amp5,5.24
X-3697,NGFR,4804.0,Amp5,5.24
X-3697,NHSL1,57224.0,MutNovel,"E1268Q,0.242"
X-3697,NKAP,79576.0,MutKnownFunctional,"-201,1.000"
X-3697,NKIRAS2,28511.0,MutNovel,"R54Q,0.446"
X-3697,NKX6-3,157848.0,Del0.8,0.78
X-3697,NLGN4Y,22829.0,Del0.8,0.3
X-3697,NLN,57486.0,MutNovel,"R131H,0.585"
X-3697,NME1,4830.0,Amp5,5.24
X-3697,NME1-NME2,654364.0,Amp5,5.24
X-3697,NME2,4831.0,Amp5,5.24
X-3697,NOL11,25926.0,MutNovel,"L509F,0.453"
X-3697,NOL3,8996.0,MutNovel,"R37Q,0.261"
X-3697,NOMO1,23420.0,MutNovel,"A862V,0.528"
X-3697,NPIPL3,23117.0,MutNovel,"P845L,0.844"
X-3697,NR2E1,7101.0,Amp5,5.03
X-3697,NRG1,3084.0,Del0.8,0.78
X-3697,NUDT14,256281.0,Amp5,5.39
X-3697,NUMA1,4926.0,MutNovel,"A1858P,0.756"
X-3697,NUP133,55746.0,MutNovel,"L345F,0.492"
X-3697,NUP98,4928.0,MutKnownFunctional,"-935?,0.444"
X-3697,NXPH3,11248.0,Amp5,5.24
X-3697,OLA1,29789.0,Amp5,5.35
X-3697,OR2T11,127077.0,Del0.8,0.78
X-3697,ORAI1,84876.0,MutNovel,"PP43-,1.000"
X-3697,ORAOV1,220064.0,Amp5,6.54
X-3697,OSBPL7,114881.0,Amp5,5.24
X-3697,OSTM1,28962.0,Amp5,5.03
X-3697,OVGP1,5016.0,MutNovel,"VSHQSVSPG535G,0.489"
X-3697,P2RY8,286530.0,MutNovel,"A1633V,1.000"
X-3697,P2RY8,286530.0,MutNovel,"L1526V,1.000"
X-3697,P2RY8,286530.0,MutKnownFunctional,"-1417,1.000"
X-3697,P2RY8,286530.0,MutNovel,"S1407L,0.238"
X-3697,P2RY8,286530.0,MutKnownFunctional,"-1371?,1.000"
X-3697,PABPC3,5042.0,MutKnownFunctional,"-336,0.667"
X-3697,PABPC3,5042.0,MutKnownFunctional,"-615,0.857"
X-3697,PACS2,23241.0,Amp5,5.39
X-3697,PAWR,5074.0,MutNovel,"P42L,0.465"
X-3697,PCDH11Y,83259.0,Del0.8,0.36
X-3697,PCF11,51585.0,MutNovel,"E45Q,0.595"
X-3697,PDK2,5164.0,Amp5,5.24
X-3697,PDSS2,57107.0,Amp5,5.03
X-3697,PDZD8,118987.0,MutNovel,"F106L,0.235"
X-3697,PGM5,5239.0,Del0.8,0.8
X-3697,PHB,5245.0,Amp5,5.24
X-3697,PHLDA1,22822.0,MutNovel,"QQ194Q,1.000"
X-3697,PHOSPHO1,162466.0,Amp5,5.24
X-3697,PIEZO1,9780.0,MutNovel,"ED756D,0.491"
X-3697,PIEZO1,9780.0,MutNovel,"D88G,0.539"
X-3697,PIK3C2B,5287.0,MutNovel,"W11C,0.219"
X-3697,PIK3CA,5290.0,MutKnownFunctional,"C420R,0.881"
X-3697,PINX1,54984.0,Del0.8,0.36
X-3697,PIP4K2B,8396.0,MutNovel,"S206G,0.436"
X-3697,PIP5K1B,8395.0,Del0.8,0.8
X-3697,PKN3,29941.0,MutNovel,"R437T,0.688"
X-3697,PKP1,5317.0,MutNovel,"E259R,0.265"
X-3697,PLA2G6,8398.0,MutNovel,"E501K,0.397"
X-3697,PLCH2,9651.0,MutNovel,"S1144-,0.909"
X-3697,PLD4,122618.0,Amp5,5.39
X-3697,PLEKHA2,59339.0,Del0.8,0.78
X-3697,PNPO,55163.0,Amp5,5.24
X-3697,POFUT1,23509.0,MutNovel,"R133Q,0.589"
X-3697,POLD1,5424.0,MutNovel,"D835N,0.279"
X-3697,POLE2,5427.0,Amp5,5.54
X-3697,POPDC3,64208.0,Amp5,5.03
X-3697,POTEF,728378.0,MutNovel,"R954W,1.000"
X-3697,POTEJ,,MutNovel,"R615W,0.600"
X-3697,PPAPDC1B,84513.0,Del0.8,0.78
X-3697,PPIL6,285755.0,Amp5,5.03
X-3697,PPP1R9B,84687.0,Amp5,5.24
X-3697,PPP2CB,5516.0,Del0.8,0.78
X-3697,PPP6R1,22870.0,MutNovel,"S419T,0.363"
X-3697,PRAC,84366.0,Amp5,5.24
X-3697,PRCD,768206.0,Amp5,5.13
X-3697,PRDM1,639.0,Amp5,5.03
X-3697,PREP,5550.0,Amp5,5.03
X-3697,PRKACG,5568.0,Del0.8,0.8
X-3697,PRKY,5616.0,Del0.8,0.36
X-3697,PROSC,11212.0,Del0.8,0.8
X-3697,PRPF39,55015.0,Amp5,5.86
X-3697,PRR15L,79170.0,Amp5,5.24
X-3697,PRRT2,112476.0,MutKnownFunctional,"-214?,0.385"
X-3697,PRY,9081.0,Del0.8,0.3
X-3697,PRY,9081.0,Del0.8,0.3
X-3697,PRY2,442862.0,Del0.8,0.3
X-3697,PRY2,442862.0,Del0.8,0.3
X-3697,PTOV1,53635.0,MutNovel,"R6H,0.559"
X-3697,PTPN20A,653129.0,MutNovel,"E99K,0.750"
X-3697,PURG,29942.0,Del0.8,0.78
X-3697,QRSL1,55278.0,Amp5,5.03
X-3697,RAET1G,353091.0,MutNovel,"I114T,1.000"
X-3697,RBMY1A3P,286557.0,Del0.8,0.36
X-3697,RBMY1B,378948.0,Del0.8,0.3
X-3697,RBMY1B,378948.0,Del0.8,0.3
X-3697,RBMY1E,378950.0,Del0.8,0.3
X-3697,RBMY1E,378950.0,Del0.8,0.3
X-3697,RBMY1F,159163.0,Del0.8,0.3
X-3697,RBMY1F,159163.0,Del0.8,0.3
X-3697,RBMY1J,378951.0,Del0.8,0.3
X-3697,RBMY1J,378951.0,Del0.8,0.3
X-3697,RBMY2EP,159125.0,Del0.8,0.3
X-3697,RBMY2FP,159162.0,Del0.8,0.3
X-3697,RBMY3AP,64593.0,Del0.8,0.3
X-3697,RBPMS,11030.0,Del0.8,0.78
X-3697,RCBTB2,1102.0,Del0.8,0.79
X-3697,RENBP,5973.0,MutNovel,"A280D,1.000"
X-3697,REV3L,5980.0,Amp5,5.03
X-3697,RFPL4B,442247.0,Amp5,5.03
X-3697,RGPD8,727851.0,MutNovel,"T1500R,0.667"
X-3697,RLF,6018.0,MutNovel,"A1093D,0.327"
X-3697,RNF122,79845.0,Del0.8,0.78
X-3697,RNF125,54941.0,MutNovel,"SG9S,0.750"
X-3697,RNF181,51255.0,MutKnownFunctional,"-150,0.282"
X-3697,RNF213,57674.0,MutNovel,"A1135V,0.640"
X-3697,RNF5P1,286140.0,Del0.8,0.78
X-3697,RP1L1,94137.0,Del0.8,0.36
X-3697,RPF2,84154.0,Amp5,5.03
X-3697,RPL13AP3,645683.0,Amp5,5.98
X-3697,RPL14,9045.0,MutNovel,"GT148G,1.000"
X-3697,RPL36AL,6166.0,Amp5,5.54
X-3697,RPL7A,6130.0,MutNovel,"L74R,0.257"
X-3697,RPS29,6235.0,Amp5,5.54
X-3697,RPS4Y1,6192.0,Del0.8,0.36
X-3697,RPS4Y2,140032.0,Del0.8,0.3
X-3697,RRP7A,27341.0,MutNovel,"N65S,0.452"
X-3697,RSAD1,55316.0,Amp5,5.24
X-3697,RTN4IP1,84816.0,Amp5,5.03
X-3697,RUFY2,55680.0,MutKnownFunctional,"-153?,0.263"
X-3697,RUSC2,9853.0,MutNovel,"R1358H,1.000"
X-3697,S100A7A,338324.0,MutNovel,"G25D,0.221"
X-3697,S100A7A,338324.0,MutNovel,"E28D,0.241"
X-3697,SAMD14,201191.0,Amp5,5.24
X-3697,SAP130,79595.0,MutNovel,"M607V,0.483"
X-3697,SCARNA16,677781.0,Amp5,5.13
X-3697,SCFD1,23256.0,MutNovel,"P94L,0.443"
X-3697,SCLY,51540.0,MutNovel,"A19S,0.800"
X-3697,SCML4,256380.0,Amp5,5.03
X-3697,SCRN2,90507.0,Amp5,5.24
X-3697,SCRN3,79634.0,Amp5,5.35
X-3697,SEC14L1,6397.0,Amp5,5.13
X-3697,SEC63,11231.0,Amp5,5.03
X-3697,2014-09-09 00:00:00,10801.0,Amp5,5.13
X-3697,SERBP1,26135.0,MutNovel,"G366V,0.606"
X-3697,SERINC2,347735.0,MutNovel,"-373Q,0.779"
X-3697,SERPINB4,6318.0,MutNovel,"S209C,0.400"
X-3697,SESN1,27244.0,Amp5,5.03
X-3697,SFRP1,6422.0,Del0.8,0.78
X-3697,SGCA,6442.0,Amp5,5.24
X-3697,SIVA1,10572.0,Amp5,5.39
X-3697,SKAP1,8631.0,Amp5,5.24
X-3697,SLC16A10,117247.0,Amp5,5.03
X-3697,SLC22A16,85413.0,Amp5,5.03
X-3697,SLC35B1,10237.0,Amp5,5.24
X-3697,SLC35G5,83650.0,Del0.8,0.3
X-3697,SMPD2,6610.0,Amp5,5.03
X-3697,SMTN,6525.0,MutNovel,"S799L,0.214"
X-3697,SNAPC4,6621.0,MutNovel,"S542-,0.822"
X-3697,SNF8,11267.0,Amp5,5.24
X-3697,SNORD127,100113389.0,Amp5,5.86
X-3697,SNORD1A,677848.0,Amp5,5.13
X-3697,SNORD1B,677849.0,Amp5,5.13
X-3697,SNORD1C,677850.0,Amp5,5.13
X-3697,SNRPA,6626.0,MutNovel,"R238C,0.707"
X-3697,SNX11,29916.0,Amp5,5.24
X-3697,SNX25,83891.0,MutNovel,"L570F,0.656"
X-3697,SNX3,8724.0,Amp5,5.03
X-3697,SOBP,55084.0,Amp5,5.03
X-3697,SOS2,6655.0,Amp5,5.54
X-3697,SOX2,6657.0,Amp5,6.23
X-3697,SOX7,83595.0,Del0.8,0.36
X-3697,SP2,6668.0,Amp5,5.24
X-3697,SP3,6670.0,Amp5,5.35
X-3697,SP6,80320.0,Amp5,5.24
X-3697,SP9,100131390.0,Amp5,5.35
X-3697,SPAG9,9043.0,Amp5,5.24
X-3697,SPATA20,64847.0,Amp5,5.24
X-3697,SPOP,8405.0,Amp5,5.24
X-3697,SRA1,10011.0,MutNovel,"S87C,0.211"
X-3697,SRCAP,10847.0,MutNovel,"R2723C,0.296"
X-3697,SRSF2,6427.0,Amp5,5.13
X-3697,SRY,6736.0,Del0.8,0.36
X-3697,ST6GALNAC1,55808.0,Amp5,5.13
X-3697,ST6GALNAC2,10610.0,Amp5,5.13
X-3697,ST8SIA6,338596.0,MutNovel,"G31S,0.625"
X-3697,STAR,6770.0,Del0.8,0.78
X-3697,SUCO,,MutNovel,"I512F,0.544"
X-3697,SULT1A4,445329.0,MutNovel,"M220V,0.857"
X-3697,TAC4,255061.0,Amp5,5.24
X-3697,TACC1,6867.0,Del0.8,0.78
X-3697,TAF7L,54457.0,MutNovel,"EDE349E,1.000"
X-3697,TATDN2,9797.0,MutNovel,"R446C,0.460"
X-3697,TBC1D25,4943.0,MutNovel,"M634L,1.000"
X-3697,TBKBP1,9755.0,Amp5,5.24
X-3697,TBL1Y,90665.0,Del0.8,0.36
X-3697,TBPL2,387332.0,Amp5,5.98
X-3697,TBX21,30009.0,Amp5,5.24
X-3697,TDH,157739.0,Del0.8,0.3
X-3697,TECPR1,25851.0,MutNovel,"C801S,0.632"
X-3697,TECPR2,9895.0,MutNovel,"D1347N,0.400"
X-3697,TET2,54790.0,MutNovel,"E452Q,0.318"
X-3697,TEX15,56154.0,Del0.8,0.78
X-3697,TEX22,647310.0,Amp5,5.39
X-3697,TGIF2LY,90655.0,Del0.8,0.36
X-3697,TJP2,9414.0,Del0.8,0.8
X-3697,TLK2,11011.0,MutNovel,"R262Q,0.368"
X-3697,TM2D2,83877.0,Del0.8,0.78
X-3697,TMBIM4,51643.0,MutKnownFunctional,"-174?,0.882"
X-3697,TMEM121,80757.0,Amp5,5.39
X-3697,TMEM127,55654.0,MutNovel,"R197H,0.635"
X-3697,TMEM179,388021.0,Amp5,5.39
X-3697,TMEM184A,202915.0,MutNovel,"G392GA,1.000"
X-3697,TMEM66,51669.0,Del0.8,0.78
X-3697,TMEM92,162461.0,Amp5,5.24
X-3697,TMPRSS13,84000.0,MutNovel,"V454I,1.000"
X-3697,TMSB4Y,9087.0,Del0.8,0.3
X-3697,TMTC3,160418.0,MutNovel,"E825Q,0.301"
X-3697,TNFAIP2,7127.0,MutNovel,"EK32E,0.435"
X-3697,TOB1,10140.0,Amp5,5.24
X-3697,TOP3A,7156.0,MutNovel,"S760R,1.000"
X-3697,TP53,7157.0,MutLikelyFunctional,"G244D,1.000"
X-3697,TPCN2,219931.0,Amp5,6.54
X-3697,TPP2,7174.0,MutNovel,"A24S,0.676"
X-3697,TPP2,7174.0,MutNovel,"A404T,0.286"
X-3697,TRAF3IP2,10758.0,Amp5,5.03
X-3697,TRAF3IP2-AS1,643749.0,Amp5,5.03
X-3697,TRERF1,55809.0,MutNovel,"D1165N,0.551"
X-3697,TSPAN16,26526.0,MutNovel,"L241P,0.231"
X-3697,TSPY1,7258.0,Del0.8,0.36
X-3697,TSPY2,64591.0,Del0.8,0.36
X-3697,TSPY3,728137.0,Del0.8,0.36
X-3697,TSPY4,728395.0,Del0.8,0.36
X-3697,TSPY8,728403.0,Del0.8,0.36
X-3697,TSPYL1,7259.0,MutNovel,"V176VW,1.000"
X-3697,TTF1,7270.0,MutNovel,"R244T,0.439"
X-3697,TTI2,80185.0,Del0.8,0.78
X-3697,TTLL6,284076.0,Amp5,5.24
X-3697,TTTY10,246119.0,Del0.8,0.3
X-3697,TTTY11,83866.0,Del0.8,0.36
X-3697,TTTY12,83867.0,Del0.8,0.36
X-3697,TTTY13,83868.0,Del0.8,0.3
X-3697,TTTY14,83869.0,Del0.8,0.3
X-3697,TTTY15,64595.0,Del0.8,0.3
X-3697,TTTY16,252948.0,Del0.8,0.36
X-3697,TTTY17A,252949.0,Del0.8,0.3
X-3697,TTTY17A,252949.0,Del0.8,0.3
X-3697,TTTY18,252950.0,Del0.8,0.36
X-3697,TTTY19,252952.0,Del0.8,0.36
X-3697,TTTY1B,100101116.0,Del0.8,0.3
X-3697,TTTY1B,100101116.0,Del0.8,0.36
X-3697,TTTY2,60439.0,Del0.8,0.3
X-3697,TTTY2,60439.0,Del0.8,0.36
X-3697,TTTY20,252951.0,Del0.8,0.36
X-3697,TTTY21,252953.0,Del0.8,0.36
X-3697,TTTY21,252953.0,Del0.8,0.3
X-3697,TTTY22,252954.0,Del0.8,0.3
X-3697,TTTY23,252955.0,Del0.8,0.3
X-3697,TTTY23,252955.0,Del0.8,0.36
X-3697,TTTY3,114760.0,Del0.8,0.3
X-3697,TTTY3,114760.0,Del0.8,0.3
X-3697,TTTY4,114761.0,Del0.8,0.3
X-3697,TTTY4,114761.0,Del0.8,0.3
X-3697,TTTY5,83863.0,Del0.8,0.3
X-3697,TTTY6,84672.0,Del0.8,0.3
X-3697,TTTY6,84672.0,Del0.8,0.3
X-3697,TTTY7,246122.0,Del0.8,0.3
X-3697,TTTY7,246122.0,Del0.8,0.36
X-3697,TTTY7B,100101120.0,Del0.8,0.3
X-3697,TTTY7B,100101120.0,Del0.8,0.36
X-3697,TTTY8,84673.0,Del0.8,0.36
X-3697,TTTY8,84673.0,Del0.8,0.3
X-3697,TTTY9A,83864.0,Del0.8,0.3
X-3697,TTTY9A,83864.0,Del0.8,0.3
X-3697,TUBE1,51175.0,Amp5,5.03
X-3697,TXLNG2P,246126.0,Del0.8,0.3
X-3697,UBE2Q1,55585.0,MutNovel,"S340C,0.235"
X-3697,UBE2Z,65264.0,Amp5,5.24
X-3697,UBXN8,7993.0,Del0.8,0.78
X-3697,UGGT2,55757.0,MutNovel,"L806F,0.294"
X-3697,UNC5D,137970.0,Del0.8,0.78
X-3697,URI1,8725.0,MutNovel,"R347Q,0.557"
X-3697,USP54,159195.0,MutNovel,"L99F,0.284"
X-3697,USP9Y,8287.0,Del0.8,0.3
X-3697,UTP18,51096.0,Amp5,5.24
X-3697,UTY,7404.0,Del0.8,0.3
X-3697,VCY,9084.0,Del0.8,0.3
X-3697,VCY,9084.0,Del0.8,0.3
X-3697,VPS13A,23230.0,MutNovel,"E119K,0.846"
X-3697,VRK3,51231.0,MutNovel,"R450K,0.329"
X-3697,VWA1,64856.0,MutNovel,"A326P,0.514"
X-3697,VWF,7450.0,MutNovel,"P1790L,1.000"
X-3697,WASF1,8936.0,Amp5,5.03
X-3697,WDR47,22911.0,MutNovel,"L65V,0.280"
X-3697,WFIKKN2,124857.0,Amp5,5.24
X-3697,WHSC1L1,54904.0,Del0.8,0.78
X-3697,WIPF1,7456.0,Amp5,5.35
X-3697,WISP3,8838.0,Amp5,5.03
X-3697,WRN,7486.0,Del0.8,0.78
X-3697,XKR6,286046.0,Del0.8,0.43
X-3697,XKRY2,353515.0,Del0.8,0.3
X-3697,XKRY2,353515.0,Del0.8,0.3
X-3697,XYLT2,64132.0,Amp5,5.24
X-3697,ZBTB24,9841.0,Amp5,5.03
X-3697,ZBTB42,100128927.0,Amp5,5.39
X-3697,ZC3H3,23144.0,MutNovel,"T634A,0.319"
X-3697,ZCCHC3,85364.0,MutNovel,"A145S,0.294"
X-3697,ZDHHC11,79844.0,MutNovel,"A303D,0.220"
X-3697,ZDHHC11B,,MutNovel,"D540H,0.579"
X-3697,ZDHHC11B,,MutNovel,"Q168R,0.455"
X-3697,ZDHHC11B,,MutNovel,"H159R,0.455"
X-3697,ZFP36L1,677.0,MutNovel,"D81Y,0.462"
X-3697,ZFP62,643836.0,MutNovel,"A136G,0.443"
X-3697,ZFP64,55734.0,MutNovel,"P552R,0.536"
X-3697,ZFY,7544.0,Del0.8,0.36
X-3697,ZMAT4,79698.0,Del0.8,0.78
X-3697,ZNF185,7739.0,MutNovel,"M17V,1.000"
X-3697,ZNF273,10793.0,MutNovel,"G370A,0.300"
X-3697,ZNF28,7576.0,MutNovel,"G575R,0.320"
X-3697,ZNF354A,6940.0,MutNovel,"Q477H,0.385"
X-3697,ZNF384,171017.0,MutNovel,"QQ514Q,0.643"
X-3697,ZNF395,55893.0,MutNovel,"E256Q,1.000"
X-3697,ZNF404,342908.0,MutNovel,"R422L,0.875"
X-3697,ZNF44,51710.0,MutNovel,"A532V,0.393"
X-3697,ZNF587B,,MutNovel,"F207I,0.462"
X-3697,ZNF607,84775.0,MutKnownFunctional,"-114,0.486"
X-3697,ZNF614,80110.0,MutNovel,"C485S,0.450"
X-3697,ZNF652,22834.0,Amp5,5.24
X-3697,ZNF703,80139.0,Del0.8,0.8
X-3697,ZNF860,344787.0,MutNovel,"R492H,0.364"
X-3697,ZNHIT2,741.0,MutNovel,"R133G,0.258"
X-3697,ZP3,7784.0,MutNovel,"S315P,0.565"
X-3873,ABCA2,20.0,MutNovel,"T176I,0.317"
X-3873,ABCA7,10347.0,MutNovel,"D964E,0.250"
X-3873,ABCA7,10347.0,MutNovel,"F2071C,0.511"
X-3873,ABCC1,4363.0,MutNovel,"A333S,1.000"
X-3873,ABCC3,8714.0,Amp8,9.25
X-3873,ABCD1,215.0,Del0.8,0.74
X-3873,ABHD6,57406.0,MutNovel,"A196T,0.649"
X-3873,ABI3,51225.0,Amp8,17.75
X-3873,ABRACL,,MutNovel,"V28M,0.510"
X-3873,ACO1,48.0,Del0.8,0.78
X-3873,ACOT1,641371.0,Del0.8,0.57
X-3873,ACP6,51205.0,MutNovel,"T92R,0.596"
X-3873,ACR,49.0,MutNovel,"G217E,1.000"
X-3873,ACSF2,80221.0,Amp8,9.25
X-3873,ACSL4,2182.0,Del0.8,0.73
X-3873,ACTA2,59.0,MutNovel,"V165F,0.833"
X-3873,ACTL6B,51412.0,Amp5,5.98
X-3873,ACTRT1,139741.0,Del0.8,0.74
X-3873,ADAMTSL1,92949.0,Del0.8,0.77
X-3873,ADHFE1,137872.0,Amp5,7.57
X-3873,AEBP1,165.0,Amp5,5.06
X-3873,AFF2,2334.0,Del0.8,0.74
X-3873,AGAP1,116987.0,Del0.8,0.77
X-3873,AGFG2,3268.0,Amp5,5.98
X-3873,AGPAT9,84803.0,MutNovel,"S26L,0.250"
X-3873,AGTR2,186.0,Del0.8,0.74
X-3873,AGXT,189.0,Del0.8,0.77
X-3873,AHNAK,79026.0,MutNovel,"P5450L,0.666"
X-3873,AHNAK2,113146.0,MutNovel,"K781T,0.259"
X-3873,AIF1L,83543.0,Amp5,6.45
X-3873,AIFM1,9131.0,Del0.8,0.74
X-3873,AK1,203.0,Amp5,6.59
X-3873,AKAP14,158798.0,Del0.8,0.74
X-3873,AKAP8L,26993.0,MutNovel,"K277N,0.496"
X-3873,ALDH1L1,10840.0,MutNovel,"G437A,0.333"
X-3873,ALDH3B1,221.0,MutKnownFunctional,"-301?,0.417"
X-3873,ALG13,79868.0,Del0.8,0.73
X-3873,ALPI,248.0,Del0.8,0.77
X-3873,ALPP,250.0,Del0.8,0.77
X-3873,ALPPL2,251.0,Del0.8,0.77
X-3873,AMELY,266.0,Del0.8,0.23
X-3873,AMMECR1,9949.0,Del0.8,0.73
X-3873,AMOT,154796.0,Del0.8,0.73
X-3873,ANGPTL2,23452.0,Amp5,6.59
X-3873,ANKMY1,51281.0,Del0.8,0.77
X-3873,ANKRD13A,88455.0,MutNovel,"Q30P,0.351"
X-3873,ANKRD13C,81573.0,MutNovel,"L95V,0.369"
X-3873,ANKRD18B,441459.0,Amp5,5.03
X-3873,ANKRD30A,91074.0,MutNovel,"T768A,0.223"
X-3873,ANKRD40,91369.0,Amp8,9.25
X-3873,ANKRD46,157567.0,Amp8,11.96
X-3873,ANO7,50636.0,Del0.8,0.77
X-3873,ANXA13,312.0,Amp5,7.46
X-3873,ANXA2P2,304.0,Amp5,5.03
X-3873,AP1B1,162.0,MutNovel,"P867S,0.487"
X-3873,AP3D1,8943.0,MutNovel,"S232C,0.497"
X-3873,APLN,8862.0,Del0.8,0.74
X-3873,APOD,347.0,MutNovel,"V107I,0.219"
X-3873,APOD,347.0,MutNovel,"P31S,0.726"
X-3873,APTX,54840.0,Del0.8,0.78
X-3873,AQP12A,375318.0,Del0.8,0.77
X-3873,AQP12B,653437.0,Del0.8,0.77
X-3873,AQP3,360.0,Amp5,5.03
X-3873,AQP7,364.0,Amp5,5.03
X-3873,ARFGEF1,10565.0,Amp5,7.57
X-3873,ARHGAP30,257106.0,MutNovel,"C874Y,0.465"
X-3873,ARHGAP36,158763.0,Del0.8,0.74
X-3873,ARHGAP4,393.0,Del0.8,0.74
X-3873,ARHGEF10,9639.0,Del0.8,0.77
X-3873,ARHGEF3,50650.0,MutNovel,"E194Q,0.292"
X-3873,ARHGEF6,9459.0,Del0.8,0.74
X-3873,ARID5A,10865.0,MutNovel,"S404F,0.560"
X-3873,ARL4C,10123.0,Del0.8,0.77
X-3873,ARMC9,80210.0,Del0.8,0.75
X-3873,ARMCX1,51309.0,Del0.8,0.73
X-3873,ARMCX2,9823.0,Del0.8,0.73
X-3873,ARMCX3,51566.0,Del0.8,0.73
X-3873,ARMCX4,100131755.0,Del0.8,0.73
X-3873,ARMCX5,64860.0,Del0.8,0.73
X-3873,ARMCX5-GPRASP2,100528062.0,Del0.8,0.73
X-3873,ARMCX6,54470.0,Del0.8,0.73
X-3873,ARPP19,10776.0,Del0.8,0.74
X-3873,ARSK,153642.0,MutNovel,"L4Q,0.692"
X-3873,ARVCF,421.0,MutNovel,"D959N,0.367"
X-3873,ASAH1,427.0,MutNovel,"I31V,0.474"
X-3873,ASB1,51665.0,Del0.8,0.77
X-3873,ASB18,401036.0,Del0.8,0.77
X-3873,ASPM,259266.0,MutNovel,"T336K,0.643"
X-3873,ASPM,259266.0,MutNovel,"N282H,0.656"
X-3873,ASS1,445.0,Amp5,6.32
X-3873,ATAD2,29028.0,Amp5,7.46
X-3873,ATAD3B,83858.0,MutNovel,"F50L,0.641"
X-3873,ATAD3B,83858.0,MutNovel,"A296V,0.370"
X-3873,ATG16L1,55054.0,Del0.8,0.77
X-3873,ATG4A,115201.0,Del0.8,0.73
X-3873,ATG4B,23192.0,Del0.8,0.77
X-3873,ATP11C,286410.0,Del0.8,0.74
X-3873,ATP1B4,23439.0,Del0.8,0.74
X-3873,ATP2B3,492.0,Del0.8,0.74
X-3873,ATP2C2,9914.0,MutNovel,"A585V,0.539"
X-3873,ATP5G1,516.0,Amp5,7.78
X-3873,ATP6AP1,537.0,Del0.8,0.7
X-3873,ATXN1,6310.0,MutNovel,"Q215H,0.250"
X-3873,ATXN7L2,127002.0,MutNovel,"A36G,0.750"
X-3873,ATXN7L2,127002.0,MutNovel,"R701H,0.717"
X-3873,AVPR2,554.0,Del0.8,0.74
X-3873,AXIN2,8313.0,MutNovel,"D320V,1.000"
X-3873,B3GNT7,93010.0,Del0.8,0.75
X-3873,B4GALNT1,2583.0,MutNovel,"R503G,0.308"
X-3873,B4GALNT2,124872.0,Amp8,17.75
X-3873,B4GALT1,2683.0,Amp5,5.03
X-3873,BAG1,573.0,Amp5,5.03
X-3873,BAZ2A,11176.0,MutNovel,"G724E,0.443"
X-3873,BAZ2A,11176.0,MutNovel,"I710S,0.470"
X-3873,BCAP31,10134.0,Del0.8,0.74
X-3873,BCL2L10,10017.0,Del0.8,0.74
X-3873,BCL7B,9275.0,Amp5,7.94
X-3873,BCORL1,63035.0,Del0.8,0.74
X-3873,BCORP1,286554.0,Del0.8,0.23
X-3873,BCR,613.0,MutNovel,"E1270D,0.391"
X-3873,BEX1,55859.0,Del0.8,0.73
X-3873,BEX2,84707.0,Del0.8,0.73
X-3873,BEX4,56271.0,Del0.8,0.73
X-3873,BEX5,340542.0,Del0.8,0.73
X-3873,BGN,633.0,Del0.8,0.74
X-3873,BHLHB9,80823.0,Del0.8,0.73
X-3873,BIRC6,57448.0,MutNovel,"P3677R,0.360"
X-3873,BLVRA,644.0,Amp5,5.35
X-3873,BMS1,9790.0,MutNovel,"S1219T,0.473"
X-3873,BNC2,54796.0,Del0.8,0.77
X-3873,BOK,666.0,Del0.8,0.77
X-3873,BOK-AS1,100379249.0,Del0.8,0.77
X-3873,BOLA3,388962.0,MutNovel,"C86R,0.359"
X-3873,BPY2B,442867.0,Del0.8,0.23
X-3873,BPY2B,442867.0,Del0.8,0.23
X-3873,BRCA2,675.0,MutNovel,"L2929F,0.633"
X-3873,BRCC3,79184.0,Del0.8,0.7
X-3873,BRIX1,55299.0,MutNovel,"I188M,0.309"
X-3873,BRS3,680.0,Del0.8,0.74
X-3873,BTBD11,121551.0,MutNovel,"R831Q,1.000"
X-3873,BTK,695.0,Del0.8,0.73
X-3873,C10orf12,26148.0,MutNovel,"G591A,0.571"
X-3873,C12orf51,283450.0,MutNovel,"Q2172K,0.343"
X-3873,C12orf66,144577.0,MutNovel,"R371C,0.627"
X-3873,C15orf59,388135.0,MutNovel,"H249R,0.500"
X-3873,C17orf107,100130311.0,MutNovel,"S53F,1.000"
X-3873,C17orf64,124773.0,Amp5,6.02
X-3873,C1GALT1C1,29071.0,Del0.8,0.74
X-3873,C1orf106,55765.0,MutNovel,"R232W,0.444"
X-3873,C1orf56,54964.0,MutNovel,"L124F,0.600"
X-3873,C21orf58,54058.0,MutNovel,"H299PN,0.237"
X-3873,C2orf54,79919.0,Del0.8,0.77
X-3873,C2orf57,165100.0,Del0.8,0.75
X-3873,C2orf72,257407.0,Del0.8,0.75
X-3873,C2orf82,389084.0,Del0.8,0.77
X-3873,C4orf21,55345.0,MutNovel,"G789R,0.471"
X-3873,C7orf25,79020.0,Amp5,5.54
X-3873,C7orf57,136288.0,Amp5,5.35
X-3873,C7orf61,402573.0,Amp5,5.98
X-3873,C7orf65,401335.0,Amp5,5.35
X-3873,C7orf69,80099.0,Amp5,5.35
X-3873,C8orf42,157695.0,Del0.8,0.78
X-3873,C8orf44,56260.0,Amp5,7.57
X-3873,C8orf44-SGK3,100533105.0,Amp5,7.57
X-3873,C8orf46,254778.0,Amp5,7.57
X-3873,C8orf74,203076.0,Del0.8,0.78
X-3873,C8orf76,84933.0,Amp5,7.46
X-3873,C9orf11,54586.0,Del0.8,0.75
X-3873,C9orf117,286207.0,Amp5,6.59
X-3873,C9orf16,79095.0,Amp5,6.59
X-3873,C9orf24,84688.0,Amp5,5.03
X-3873,C9orf53,51198.0,Del0.8,0.75
X-3873,C9orf72,203228.0,Del0.8,0.75
X-3873,CA10,56934.0,Amp8,10.85
X-3873,CA4,762.0,Amp5,6.02
X-3873,CAB39,51719.0,Del0.8,0.75
X-3873,CACNA1G,8913.0,Amp8,9.25
X-3873,CALB1,793.0,Amp8,9.51
X-3873,CALCOCO2,10241.0,Amp5,7.78
X-3873,CALN1,83698.0,Amp5,6.11
X-3873,CAMK2B,816.0,Amp5,5.06
X-3873,CAND1,55832.0,MutNovel,"E1147K,0.277"
X-3873,CAPN1,823.0,MutNovel,"A549G,0.332"
X-3873,CAPN10,11132.0,Del0.8,0.77
X-3873,CAPN14,440854.0,MutNovel,"F374L,0.636"
X-3873,CAPN6,827.0,Del0.8,0.73
X-3873,CASC3,22794.0,Amp8,14.52
X-3873,CCDC108,255101.0,MutNovel,"E1912K,0.533"
X-3873,CCDC160,347475.0,Del0.8,0.74
X-3873,CCDC28A,25901.0,MutNovel,"E5K,1.000"
X-3873,CCDC65,85478.0,MutNovel,"H52D,0.308"
X-3873,CCDC88B,283234.0,MutNovel,"D1279E,0.600"
X-3873,CCM2,83605.0,Amp5,5.06
X-3873,CD109,135228.0,MutNovel,"A9V,0.429"
X-3873,CD276,80381.0,MutNovel,"R301Q,0.536"
X-3873,CD36,948.0,Amp5,6.19
X-3873,CD40LG,959.0,Del0.8,0.74
X-3873,CD99L2,83692.0,Del0.8,0.74
X-3873,CDC42BPB,9578.0,MutNovel,"E252Q,0.218"
X-3873,CDC6,990.0,Amp8,14.52
X-3873,CDK5RAP2,55755.0,MutNovel,"S872L,0.413"
X-3873,CDK9,1025.0,Amp5,6.59
X-3873,CDKN2A,1029.0,Del0.8,0.75
X-3873,CDR1,1038.0,Del0.8,0.74
X-3873,CDY1B,253175.0,Del0.8,0.23
X-3873,CDY1B,253175.0,Del0.8,0.23
X-3873,CDY2A,9426.0,Del0.8,0.23
X-3873,CDY2A,9426.0,Del0.8,0.23
X-3873,CDY2B,203611.0,Del0.8,0.23
X-3873,CDY2B,203611.0,Del0.8,0.23
X-3873,CEACAM19,56971.0,MutNovel,"M132I,0.429"
X-3873,CEL,1056.0,MutNovel,"A692P,0.286"
X-3873,CEP350,9857.0,MutNovel,"K2354N,0.276"
X-3873,CERCAM,51148.0,Amp5,6.59
X-3873,CERS6,253782.0,MutNovel,"Y223C,0.523"
X-3873,CETN2,1069.0,Del0.8,0.74
X-3873,CFHR1,3078.0,Amp5,5.28
X-3873,CFHR3,10878.0,Amp5,5.28
X-3873,CHAD,1101.0,Amp8,9.25
X-3873,CHCHD7,79145.0,Amp5,6.68
X-3873,CHD3,1107.0,MutNovel,"D660N,0.492"
X-3873,CHEK2,11200.0,MutNovel,"H414Y,0.600"
X-3873,CHMP5,51510.0,Amp5,5.03
X-3873,CHP2,63928.0,MutNovel,"R91H,1.000"
X-3873,CHRDL1,91851.0,Del0.8,0.73
X-3873,CHRND,1144.0,Del0.8,0.77
X-3873,CHRNG,1146.0,Del0.8,0.77
X-3873,CIZ1,25792.0,Amp5,6.59
X-3873,CLDN2,9075.0,Del0.8,0.73
X-3873,CLIC2,1193.0,Del0.8,0.7
X-3873,CLN8,2055.0,Del0.8,0.77
X-3873,CNBD1,168975.0,Amp5,7.06
X-3873,CNGA2,1260.0,Del0.8,0.74
X-3873,CNGB3,54714.0,Amp5,5.24
X-3873,CNTLN,54875.0,Del0.8,0.77
X-3873,COBLL1,22837.0,MutNovel,"I459T,1.000"
X-3873,COL1A1,1277.0,Amp8,16.56
X-3873,COL4A5,1287.0,Del0.8,0.73
X-3873,COL4A6,1288.0,Del0.8,0.73
X-3873,COL6A3,1293.0,Del0.8,0.77
X-3873,COPS5,10987.0,Amp5,7.57
X-3873,COPS7B,64708.0,Del0.8,0.75
X-3873,COPS8,10920.0,Del0.8,0.77
X-3873,COQ10B,80219.0,MutNovel,"P49L,0.627"
X-3873,COQ4,51117.0,Amp5,6.59
X-3873,CPA4,51200.0,MutNovel,"P157T,0.611"
X-3873,CPA6,57094.0,Amp5,7.57
X-3873,CPAMD8,27151.0,MutNovel,"V975L,0.561"
X-3873,CPLX3,594855.0,MutNovel,"Y80C,1.000"
X-3873,CRH,1392.0,Amp5,7.57
X-3873,CSAG1,158511.0,Del0.8,0.74
X-3873,CSAG2,728461.0,Del0.8,0.74
X-3873,CSAG2,728461.0,Del0.8,0.74
X-3873,CSAG3,389903.0,Del0.8,0.74
X-3873,CSAG3,389903.0,Del0.8,0.74
X-3873,CSF3,1440.0,Amp8,14.52
X-3873,CSPG4P1Y,114758.0,Del0.8,0.23
X-3873,CSPG4P1Y,114758.0,Del0.8,0.23
X-3873,CSPP1,79848.0,Amp5,7.57
X-3873,CT45A1,541466.0,Del0.8,0.74
X-3873,CT45A2,728911.0,Del0.8,0.74
X-3873,CT45A3,441519.0,Del0.8,0.74
X-3873,CT45A4,441520.0,Del0.8,0.74
X-3873,CT45A4,441520.0,Del0.8,0.74
X-3873,CT45A5,441521.0,Del0.8,0.74
X-3873,CT45A6,541465.0,Del0.8,0.74
X-3873,CT47A1,728096.0,Del0.8,0.74
X-3873,CT47A10,728036.0,Del0.8,0.74
X-3873,CT47A6,728062.0,Del0.8,0.74
X-3873,CT47A7,653282.0,Del0.8,0.74
X-3873,CT47B1,643311.0,Del0.8,0.74
X-3873,CTAG1B,1485.0,Del0.8,0.7
X-3873,CTAG1B,1485.0,Del0.8,0.7
X-3873,CTAG2,30848.0,Del0.8,0.7
X-3873,CTSA,5476.0,MutNovel,"L29-,0.914"
X-3873,CTSB,1508.0,Del0.8,0.72
X-3873,CUL4B,8450.0,Del0.8,0.74
X-3873,CUL9,23113.0,MutNovel,"G1239V,0.414"
X-3873,CXCL16,58191.0,MutNovel,"V53L,0.990"
X-3873,CXCR7,57007.0,Del0.8,0.77
X-3873,CXXC11,285093.0,Del0.8,0.77
X-3873,CXorf1,9142.0,Del0.8,0.74
X-3873,CXorf30,645090.0,MutNovel,"I318M,1.000"
X-3873,CXorf40A,91966.0,Del0.8,0.74
X-3873,CXorf40B,541578.0,Del0.8,0.74
X-3873,CXorf48,54967.0,Del0.8,0.74
X-3873,CXorf51A,100129239.0,Del0.8,0.74
X-3873,CXorf51A,100129239.0,Del0.8,0.74
X-3873,CXorf56,63932.0,Del0.8,0.74
X-3873,CXorf57,55086.0,Del0.8,0.73
X-3873,CXorf61,203413.0,Del0.8,0.74
X-3873,CXorf64,100130613.0,Del0.8,0.74
X-3873,CXorf66,347487.0,Del0.8,0.74
X-3873,CXorf68,100132963.0,Del0.8,0.7
X-3873,CXorf69,644538.0,Del0.8,0.74
X-3873,CYLD,1540.0,Amp5,6.59
X-3873,CYP4B1,1580.0,MutNovel,"D352N,0.457"
X-3873,CYP7A1,1581.0,Amp5,6.68
X-3873,D2HGDH,728294.0,Del0.8,0.77
X-3873,DAZ1,1617.0,Del0.8,0.23
X-3873,DAZ2,57055.0,Del0.8,0.23
X-3873,DAZ3,57054.0,Del0.8,0.23
X-3873,DAZ3,57054.0,Del0.8,0.23
X-3873,DAZ4,57135.0,Del0.8,0.23
X-3873,DAZ4,57135.0,Del0.8,0.23
X-3873,DCAF12,25853.0,Amp5,5.03
X-3873,DCAF12L1,139170.0,Del0.8,0.74
X-3873,DCAF12L2,340578.0,Del0.8,0.74
X-3873,DCAF4L2,138009.0,Amp5,7.06
X-3873,DCDC2,51473.0,MutNovel,"F94L,0.450"
X-3873,DCLRE1C,64421.0,MutNovel,"I285S,0.447"
X-3873,DCX,1641.0,Del0.8,0.73
X-3873,DDT,1652.0,Del0.8,0.67
X-3873,DDTL,100037417.0,Del0.8,0.67
X-3873,DDX26B,203522.0,Del0.8,0.74
X-3873,DDX3Y,8653.0,Del0.8,0.23
X-3873,DDX56,54606.0,Amp5,5.06
X-3873,DDX58,23586.0,Del0.8,0.78
X-3873,DECR1,1666.0,Amp8,9.51
X-3873,DEFB103A,414325.0,Del0.8,0.53
X-3873,DEFB109P1,245912.0,Del0.8,0.41
X-3873,DEFB130,245940.0,Del0.8,0.57
X-3873,DEFB134,613211.0,Del0.8,0.72
X-3873,DEFB135,613209.0,Del0.8,0.72
X-3873,DEFB136,613210.0,Del0.8,0.72
X-3873,DEFB4A,1673.0,Del0.8,0.53
X-3873,DENND3,22898.0,MutNovel,"R417Q,1.000"
X-3873,DEPDC1B,55789.0,MutNovel,"V21L,0.294"
X-3873,DEPDC5,9681.0,MutNovel,"E800Q,0.625"
X-3873,DGKD,8527.0,Del0.8,0.77
X-3873,DHRS11,79154.0,Amp5,6.28
X-3873,DHTKD1,55526.0,MutNovel,"I125M,0.483"
X-3873,DHX32,55760.0,MutNovel,"D708G,0.524"
X-3873,DHX34,9704.0,MutNovel,"LEE966L,0.455"
X-3873,DIDO1,11083.0,MutNovel,"E301Q,0.472"
X-3873,DIS3L2,129563.0,Del0.8,0.75
X-3873,DKC1,1736.0,Del0.8,0.7
X-3873,DKFZp686D0853,401613.0,Del0.8,0.73
X-3873,DLGAP2,9228.0,Del0.8,0.77
X-3873,DLX3,1747.0,Amp8,16.56
X-3873,DLX4,1748.0,Amp8,16.56
X-3873,DMPK,1760.0,MutNovel,"E268K,0.277"
X-3873,DMRTA1,63951.0,Del0.8,0.79
X-3873,DMXL2,23312.0,Del0.8,0.74
X-3873,DNAAF3,,MutNovel,"Q291E,0.429"
X-3873,DNAH14,127602.0,MutNovel,"D1996N,0.462"
X-3873,DNAI1,27019.0,Amp5,5.03
X-3873,DNAJB3,414061.0,Del0.8,0.77
X-3873,DNAJC5B,85479.0,Amp5,7.57
X-3873,DNASE1L1,1774.0,Del0.8,0.7
X-3873,DNER,92737.0,Del0.8,0.75
X-3873,DNHD1,144132.0,MutNovel,"R2222L,0.500"
X-3873,DNM1,1759.0,Amp5,6.59
X-3873,DOCK11,139818.0,Del0.8,0.74
X-3873,DOPEY1,23033.0,MutNovel,"N893T,0.595"
X-3873,DOPEY2,9980.0,MutNovel,"A1163S,0.504"
X-3873,DPM2,8818.0,Amp5,6.59
X-3873,DPY19L4,286148.0,MutNovel,"K15R,0.543"
X-3873,DRP2,1821.0,Del0.8,0.73
X-3873,DTYMK,1841.0,Del0.8,0.77
X-3873,DUSP28,285193.0,Del0.8,0.77
X-3873,DUSP9,1852.0,Del0.8,0.74
X-3873,DVL1,1855.0,MutNovel,"A24T,0.329"
X-3873,DYNC1H1,1778.0,MutNovel,"G2504A,0.560"
X-3873,DYNC1LI2,1783.0,MutNovel,"D351E,0.330"
X-3873,DYNC2H1,79659.0,MutNovel,"H2670Y,0.792"
X-3873,E2F1,1869.0,MutNovel,"P72R,0.565"
X-3873,ECE1,1889.0,MutNovel,"P763A,0.637"
X-3873,ECEL1,9427.0,Del0.8,0.77
X-3873,ECEL1P2,347694.0,Del0.8,0.77
X-3873,ECHDC2,55268.0,MutNovel,"G217W,0.341"
X-3873,EFHD1,80303.0,Del0.8,0.77
X-3873,EIF1AY,9086.0,Del0.8,0.23
X-3873,EIF2A,83939.0,MutNovel,"F83L,0.232"
X-3873,EIF3H,8667.0,Amp5,7.89
X-3873,EIF4E2,9470.0,Del0.8,0.77
X-3873,EIF4G2,1982.0,MutNovel,"Q493H,0.483"
X-3873,EIF5B,9669.0,MutNovel,"R1199K,0.303"
X-3873,ELAVL2,1993.0,Del0.8,0.79
X-3873,ELF4,2000.0,Del0.8,0.74
X-3873,ELMOD3,84173.0,MutKnownFunctional,"R173*,0.346"
X-3873,EME1,146956.0,Amp8,9.25
X-3873,ENG,2022.0,Amp5,6.59
X-3873,ENHO,375704.0,Amp5,5.03
X-3873,ENO2,2026.0,MutNovel,"G29A,1.000"
X-3873,ENOX2,10495.0,Del0.8,0.74
X-3873,ENY2,56943.0,Amp5,5.58
X-3873,EP400,57634.0,MutKnownFunctional,"Q747*,0.548"
X-3873,EPHA4,2043.0,MutNovel,"Y820YRRT,0.357"
X-3873,EPHB3,2049.0,MutNovel,"P153H,0.286"
X-3873,EPN3,55040.0,Amp8,9.25
X-3873,EPS8L2,64787.0,MutNovel,"P309H,0.480"
X-3873,ERBB2,2064.0,Amp8,17.88
X-3873,ERCC5,2073.0,MutNovel,"L9M,1.000"
X-3873,ERICH1,157697.0,Del0.8,0.78
X-3873,ERVMER34-1,100288413.0,MutNovel,"W186G,0.500"
X-3873,ESPL1,9700.0,MutNovel,"A1514V,0.523"
X-3873,ESPNL,339768.0,Del0.8,0.77
X-3873,ESX1,80712.0,Del0.8,0.73
X-3873,ETAA1,54465.0,MutNovel,"E31K,0.500"
X-3873,EVX1,2128.0,Amp5,5.5
X-3873,EXT1,2131.0,Amp5,6.06
X-3873,EYA1,2138.0,Amp5,5.13
X-3873,F8,2157.0,Del0.8,0.7
X-3873,F8A1,8263.0,Del0.8,0.7
X-3873,F8A1,8263.0,Del0.8,0.7
X-3873,F9,2158.0,Del0.8,0.74
X-3873,FABP5,2171.0,Amp8,9.38
X-3873,FAM102A,399665.0,Amp5,6.59
X-3873,FAM106CP,100129396.0,Del0.8,0.76
X-3873,FAM110B,90362.0,Amp5,6.68
X-3873,FAM115C,285966.0,MutNovel,"T72A,1.000"
X-3873,FAM117A,81558.0,Amp8,17.75
X-3873,FAM120C,54954.0,Amp5,6.82
X-3873,FAM122B,159090.0,Del0.8,0.74
X-3873,FAM122C,159091.0,Del0.8,0.74
X-3873,FAM125B,89853.0,Amp5,6.59
X-3873,FAM127A,8933.0,Del0.8,0.74
X-3873,FAM127B,26071.0,Del0.8,0.74
X-3873,FAM127C,441518.0,Del0.8,0.74
X-3873,FAM129B,64855.0,Amp5,6.59
X-3873,FAM154A,158297.0,Del0.8,0.77
X-3873,FAM168B,130074.0,MutNovel,"H114Y,0.500"
X-3873,FAM193B,54540.0,MutNovel,"QQP526P,0.316"
X-3873,FAM193B,54540.0,MutNovel,"P325A,0.254"
X-3873,FAM197Y2P,252946.0,Del0.8,0.23
X-3873,FAM199X,139231.0,Del0.8,0.73
X-3873,FAM214A,56204.0,Del0.8,0.74
X-3873,FAM222B,,MutKnownFunctional,"-518,1.000"
X-3873,FAM3A,60343.0,Del0.8,0.7
X-3873,FAM41AY1,340618.0,Del0.8,0.23
X-3873,FAM41AY1,340618.0,Del0.8,0.23
X-3873,FAM45B,55855.0,Del0.8,0.74
X-3873,FAM50A,9130.0,Del0.8,0.7
X-3873,FAM57A,79850.0,MutNovel,"A22P,1.000"
X-3873,FAM58A,92002.0,Del0.8,0.74
X-3873,FAM66A,100133172.0,Del0.8,0.6
X-3873,FAM66D,100132923.0,Del0.8,0.44
X-3873,FAM70A,55026.0,Del0.8,0.74
X-3873,FAM74A4,401508.0,Del0.8,0.7
X-3873,FAM82B,51115.0,MutNovel,"A5V,0.484"
X-3873,FAM83A,84985.0,Amp5,5.94
X-3873,FAM86B1,85002.0,Del0.8,0.44
X-3873,FAM91A1,157769.0,Amp5,7.46
X-3873,FANCM,57697.0,MutKnownFunctional,"-1333?,0.250"
X-3873,FARP2,9855.0,Del0.8,0.77
X-3873,FATE1,89885.0,Del0.8,0.74
X-3873,FBXO24,26261.0,Amp5,5.98
X-3873,FBXO25,26260.0,Del0.8,0.78
X-3873,FBXO32,114907.0,Amp5,7.46
X-3873,FBXO36,130888.0,Del0.8,0.75
X-3873,FBXO43,286151.0,Amp8,8.63
X-3873,FBXO46,23403.0,MutNovel,"S171F,0.300"
X-3873,FCGBP,8857.0,MutNovel,"P3826S,0.714"
X-3873,FDFT1,2222.0,Del0.8,0.72
X-3873,FER1L6,654463.0,Amp5,7.46
X-3873,FER1L6-AS1,439941.0,Amp5,7.46
X-3873,FGD1,2245.0,Amp5,6.96
X-3873,FGD3,89846.0,MutNovel,"A51V,1.000"
X-3873,FGF13,2258.0,Del0.8,0.74
X-3873,FGFRL1,53834.0,MutNovel,"D181N,0.781"
X-3873,FHL1,2273.0,Del0.8,0.74
X-3873,FLJ22184,80164.0,MutNovel,"T759P,0.471"
X-3873,FLJ22184,80164.0,MutNovel,"T736P,0.423"
X-3873,FLJ35282,441389.0,Del0.8,0.79
X-3873,FLJ40194,124871.0,Amp8,17.75
X-3873,FLJ42969,441374.0,Amp8,8.57
X-3873,FLJ43879,401039.0,Del0.8,0.77
X-3873,FLJ45513,729220.0,Amp8,17.75
X-3873,FLNB,2317.0,MutNovel,"E1144Q,0.670"
X-3873,FLNB,2317.0,MutNovel,"D1904H,0.654"
X-3873,FMR1,2332.0,Del0.8,0.74
X-3873,FMR1-AS1,100126270.0,Del0.8,0.74
X-3873,FMR1NB,158521.0,Del0.8,0.74
X-3873,FP588,92973.0,Del0.8,0.77
X-3873,FPGS,2356.0,MutNovel,"A489V,0.748"
X-3873,FPGS,2356.0,Amp5,6.59
X-3873,FRMD7,90167.0,Del0.8,0.74
X-3873,FRS3,10817.0,MutNovel,"R394H,0.714"
X-3873,FUBP3,8939.0,Amp5,6.32
X-3873,FUNDC2,65991.0,Del0.8,0.7
X-3873,G6PD,2539.0,Del0.8,0.7
X-3873,GAB1,2549.0,MutNovel,"P492S,0.495"
X-3873,GAB3,139716.0,Del0.8,0.7
X-3873,GABRA3,2556.0,Del0.8,0.74
X-3873,GABRE,2564.0,Del0.8,0.74
X-3873,GABRQ,55879.0,Del0.8,0.74
X-3873,GAL3ST2,64090.0,Del0.8,0.77
X-3873,GALNT12,79695.0,MutNovel,"G46R,1.000"
X-3873,GARNL3,84253.0,Amp5,6.59
X-3873,GATA4,2626.0,Del0.8,0.72
X-3873,GATAD2B,57459.0,MutNovel,"G275S,0.448"
X-3873,GATC,283459.0,MutNovel,"E52K,0.314"
X-3873,GBX2,2637.0,Del0.8,0.77
X-3873,GCA,25801.0,MutNovel,"D177N,0.518"
X-3873,GCFC2,6936.0,MutNovel,"I440T,0.741"
X-3873,GCK,2645.0,Amp5,5.06
X-3873,GDF15,9518.0,MutNovel,"A83T,0.649"
X-3873,GDI1,2664.0,Del0.8,0.7
X-3873,GDPD3,79153.0,MutNovel,"R168L,1.000"
X-3873,GFM2,84340.0,MutNovel,"H60N,1.000"
X-3873,GGH,8836.0,Amp5,5.74
X-3873,GGNBP2,79893.0,Amp5,6.28
X-3873,GGT2,,MutNovel,"T555M,1.000"
X-3873,GIGYF1,64599.0,Amp5,5.98
X-3873,GIGYF2,26058.0,MutNovel,"PQ1231P,0.650"
X-3873,GIGYF2,26058.0,Del0.8,0.77
X-3873,GIP,2695.0,Amp8,15.78
X-3873,GIPC1,10755.0,MutNovel,"D298N,0.485"
X-3873,GIT1,28964.0,MutNovel,"E214Q,0.494"
X-3873,GJD3,125111.0,Amp8,12.21
X-3873,GLA,2717.0,Del0.8,0.73
X-3873,GLE1,2733.0,Amp5,6.59
X-3873,GLI3,2737.0,Amp5,5.54
X-3873,GLRA4,441509.0,Del0.8,0.73
X-3873,GLS,2744.0,MutNovel,"H89P,1.000"
X-3873,GLTSCR2,29997.0,MutNovel,"Q169E,0.330"
X-3873,GLUD2,2747.0,Del0.8,0.74
X-3873,GMPPA,29926.0,MutNovel,"S210L,0.561"
X-3873,GNAI1,2770.0,Amp5,6.19
X-3873,GNAT3,346562.0,Amp5,6.19
X-3873,GNB2,2783.0,Amp5,5.98
X-3873,GNB5,10681.0,Del0.8,0.74
X-3873,GNGT2,2793.0,Amp8,17.75
X-3873,GNL3L,54552.0,Amp5,6.96
X-3873,GOLGA2,2801.0,Amp5,6.59
X-3873,GOLGA2P2Y,84559.0,Del0.8,0.23
X-3873,GOLGA2P2Y,84559.0,Del0.8,0.23
X-3873,GOLGB1,2804.0,MutNovel,"R2075H,0.211"
X-3873,GOLGB1,2804.0,MutNovel,"E634K,0.252"
X-3873,GPC1,2817.0,Del0.8,0.77
X-3873,GPC3,2719.0,Del0.8,0.74
X-3873,GPC4,2239.0,Del0.8,0.74
X-3873,GPR101,83550.0,Del0.8,0.74
X-3873,GPR112,139378.0,Del0.8,0.74
X-3873,GPR119,139760.0,Del0.8,0.74
X-3873,GPR146,115330.0,MutKnownFunctional,"-286,1.000"
X-3873,GPR173,54328.0,Amp5,6.73
X-3873,GPR35,2859.0,Del0.8,0.77
X-3873,GPR50,9248.0,Del0.8,0.74
X-3873,GPR55,9290.0,Del0.8,0.75
X-3873,GPR75,10936.0,MutNovel,"P458S,0.750"
X-3873,GPRASP1,9737.0,Del0.8,0.73
X-3873,GPRASP2,114928.0,Del0.8,0.73
X-3873,GPSM2,29899.0,MutNovel,"D303H,0.357"
X-3873,GRAPL,400581.0,Del0.8,0.6
X-3873,GRB14,2888.0,MutNovel,"S436P,1.000"
X-3873,GRB7,2886.0,Amp8,24.59
X-3873,GRHL2,79977.0,Amp5,5.58
X-3873,GRIA3,2892.0,Del0.8,0.74
X-3873,GRIN2D,2906.0,MutNovel,"L1108V,0.778"
X-3873,GRPR,2925.0,MutNovel,"Y231C,0.750"
X-3873,GSDMA,284110.0,Amp8,14.52
X-3873,GSDMB,55876.0,Amp8,24.59
X-3873,GSTT2,2953.0,Del0.8,0.67
X-3873,GSTT2,2953.0,Del0.8,0.67
X-3873,GTF2H2C,728340.0,Del0.8,0.74
X-3873,GTF2IRD1,9569.0,MutNovel,"E417K,0.261"
X-3873,GTF2IRD2,84163.0,MutNovel,"F840L,0.800"
X-3873,GTF3C1,2975.0,MutNovel,"E282Q,0.211"
X-3873,GUCY2F,2986.0,Del0.8,0.73
X-3873,GUSB,2990.0,MutNovel,"H509D,0.364"
X-3873,GUSBP3,653188.0,Del0.8,0.74
X-3873,GYG2P1,352887.0,Del0.8,0.23
X-3873,GYLTL1B,120071.0,MutNovel,"F355L,0.555"
X-3873,H2AFB1,474382.0,Del0.8,0.7
X-3873,H2AFB1,474382.0,Del0.8,0.7
X-3873,H2AFV,94239.0,Amp5,5.06
X-3873,H2BFM,286436.0,Del0.8,0.73
X-3873,H2BFWT,158983.0,Del0.8,0.73
X-3873,H2BFXP,767811.0,Del0.8,0.73
X-3873,H2BFXP,767811.0,Del0.8,0.73
X-3873,HAUS6,54801.0,Del0.8,0.77
X-3873,HAUS7,55559.0,Del0.8,0.74
X-3873,HCFC1,3054.0,Del0.8,0.74
X-3873,HDAC4,9759.0,Del0.8,0.77
X-3873,HDLBP,3069.0,Del0.8,0.77
X-3873,HEATR6,63897.0,Amp5,6.02
X-3873,HECTD1,25831.0,MutNovel,"H1802D,0.323"
X-3873,HEMK1,51409.0,MutNovel,"R283W,0.326"
X-3873,HES6,55502.0,Del0.8,0.77
X-3873,HEY1,23462.0,MutNovel,"A121S,0.811"
X-3873,HEY1,23462.0,Amp5,7.52
X-3873,HHIPL1,84439.0,MutNovel,"D132H,1.000"
X-3873,HIBADH,11112.0,Amp5,5.5
X-3873,HILS1,373861.0,Amp8,16.56
X-3873,HINT2,84681.0,Del0.8,0.77
X-3873,HIP1,3092.0,MutNovel,"R508Q,0.716"
X-3873,HIPK3,10114.0,MutNovel,"I1154M,0.446"
X-3873,HJURP,55355.0,Del0.8,0.77
X-3873,HMGB3,3149.0,Del0.8,0.74
X-3873,HNRNPH2,3188.0,Del0.8,0.73
X-3873,HOTAIRM1,100506311.0,Amp5,5.5
X-3873,HOTTIP,100316868.0,Amp5,5.5
X-3873,HOXA1,3198.0,Amp5,5.5
X-3873,HOXA10,3206.0,Amp5,5.5
X-3873,HOXA10-HOXA9,100534589.0,Amp5,5.5
X-3873,HOXA11,3207.0,Amp5,5.5
X-3873,HOXA13,3209.0,Amp5,5.5
X-3873,HOXA2,3199.0,Amp5,5.5
X-3873,HOXA3,3200.0,Amp5,5.5
X-3873,HOXA4,3201.0,Amp5,5.5
X-3873,HOXA5,3202.0,Amp5,5.5
X-3873,HOXA6,3203.0,Amp5,5.5
X-3873,HOXA7,3204.0,Amp5,5.5
X-3873,HOXA9,3205.0,Amp5,5.5
X-3873,HOXC13,3229.0,MutNovel,"A324V,0.590"
X-3873,HPRT1,3251.0,Del0.8,0.74
X-3873,HPS4,89781.0,MutNovel,"M649I,0.492"
X-3873,HRCT1,646962.0,Del0.8,0.77
X-3873,HRH1,3269.0,MutNovel,"D349H,0.667"
X-3873,HS6ST2,90161.0,Del0.8,0.74
X-3873,HSD17B10,3028.0,Amp8,10.06
X-3873,HSD17B4,3295.0,MutNovel,"S547R,1.000"
X-3873,HSFX2,100130086.0,Del0.8,0.74
X-3873,HSFX2,100130086.0,Del0.8,0.74
X-3873,HSFY2,159119.0,Del0.8,0.23
X-3873,HSFY2,159119.0,Del0.8,0.23
X-3873,HSPA1B,3304.0,MutNovel,"I427D,0.625"
X-3873,HSPG2,3339.0,MutNovel,"I2829M,0.514"
X-3873,HTATSF1,27336.0,Del0.8,0.74
X-3873,HTR2B,3357.0,Del0.8,0.75
X-3873,HTR2C,3358.0,Del0.8,0.73
X-3873,HUS1,3364.0,Amp5,5.35
X-3873,HUWE1,10075.0,Amp8,10.06
X-3873,HYDIN,54768.0,MutNovel,"E7Q,0.250"
X-3873,IDH3G,3421.0,Del0.8,0.74
X-3873,IDS,3423.0,Del0.8,0.74
X-3873,IFIT5,24138.0,MutNovel,"R366H,0.513"
X-3873,IFNA1,3439.0,Del0.8,0.75
X-3873,IFNA10,3446.0,Del0.8,0.75
X-3873,IFNA13,3447.0,Del0.8,0.75
X-3873,IFNA14,3448.0,Del0.8,0.75
X-3873,IFNA16,3449.0,Del0.8,0.75
X-3873,IFNA17,3451.0,Del0.8,0.75
X-3873,IFNA2,3440.0,Del0.8,0.75
X-3873,IFNA21,3452.0,Del0.8,0.75
X-3873,IFNA22P,3453.0,Del0.8,0.75
X-3873,IFNA4,3441.0,Del0.8,0.75
X-3873,IFNA5,3442.0,Del0.8,0.75
X-3873,IFNA6,3443.0,Del0.8,0.75
X-3873,IFNA7,3444.0,Del0.8,0.75
X-3873,IFNA8,3445.0,Del0.8,0.75
X-3873,IFNB1,3456.0,Del0.8,0.75
X-3873,IFNE,338376.0,Del0.8,0.75
X-3873,IFNK,56832.0,Del0.8,0.75
X-3873,IFNW1,3467.0,Del0.8,0.75
X-3873,IFT74,80173.0,Del0.8,0.75
X-3873,IGF2BP1,10642.0,Amp8,27.1
X-3873,IGFBP2,3485.0,MutNovel,"L17LLPP,0.690"
X-3873,IGFBP4,3487.0,Amp5,7.31
X-3873,IGSF1,3547.0,Del0.8,0.74
X-3873,IKBKG,8517.0,Del0.8,0.7
X-3873,IKZF3,22806.0,Amp8,24.59
X-3873,IL13RA1,3597.0,Del0.8,0.74
X-3873,IL13RA2,3598.0,Del0.8,0.74
X-3873,IL1RAPL2,26280.0,Del0.8,0.73
X-3873,IL9R,3581.0,Del0.8,0.7
X-3873,ILKAP,80895.0,Del0.8,0.77
X-3873,IMPAD1,54928.0,Amp5,6.68
X-3873,ING5,84289.0,Del0.8,0.77
X-3873,INHBA,3624.0,Amp5,5.54
X-3873,INPP5D,3635.0,Del0.8,0.77
X-3873,INTS2,57508.0,MutNovel,"E944Q,0.352"
X-3873,IQCA1,79781.0,Del0.8,0.77
X-3873,IQSEC2,23096.0,Amp8,8.22
X-3873,IRAK1,3654.0,Del0.8,0.74
X-3873,IRS4,8471.0,Del0.8,0.73
X-3873,ITGA3,3675.0,Amp8,16.56
X-3873,ITGB7,3695.0,MutNovel,"A48D,0.667"
X-3873,ITIH6,347365.0,Amp5,6.96
X-3873,ITM2C,81618.0,Del0.8,0.75
X-3873,ITPRIPL2,162073.0,MutNovel,"T265A,1.000"
X-3873,JAK2,3717.0,Del0.8,0.75
X-3873,JMJD1C,221037.0,MutNovel,"M241T,0.404"
X-3873,JMJD1C,221037.0,MutNovel,"E458K,0.583"
X-3873,JMJD8,339123.0,MutNovel,"D94N,0.313"
X-3873,JPH1,56704.0,Amp5,6.11
X-3873,KAT7,11143.0,Amp8,17.75
X-3873,KBTBD11,9920.0,Del0.8,0.77
X-3873,KCNE1L,23630.0,Del0.8,0.73
X-3873,KCNJ13,3769.0,Del0.8,0.77
X-3873,KDM5C,8242.0,Amp5,6.73
X-3873,KDM5D,8284.0,Del0.8,0.23
X-3873,KGFLP1,387628.0,Del0.8,0.7
X-3873,KGFLP2,654466.0,Del0.8,0.6
X-3873,KHDRBS3,10656.0,Amp5,5.78
X-3873,KIAA0368,23392.0,MutNovel,"R120S,0.439"
X-3873,KIAA1161,57462.0,Amp5,5.03
X-3873,KIAA1210,57481.0,Del0.8,0.74
X-3873,KIAA1244,57221.0,MutNovel,"Q846H,0.528"
X-3873,KIAA1407,57577.0,MutNovel,"V231E,0.302"
X-3873,KIAA1704,55425.0,MutNovel,"Q62E,0.492"
X-3873,KIAA1967,57805.0,MutNovel,"N17S,0.377"
X-3873,KIAA2026,158358.0,MutNovel,"Y1614C,0.606"
X-3873,KIAA2026,158358.0,MutNovel,"R506Q,0.333"
X-3873,KIF1A,547.0,Del0.8,0.77
X-3873,KIF20B,9585.0,MutNovel,"L1062LKV,0.491"
X-3873,KIF24,347240.0,Amp5,5.03
X-3873,KIF2B,84643.0,Amp8,8.82
X-3873,KIF3A,11127.0,MutNovel,"M31V,1.000"
X-3873,KIR2DL4,3805.0,Amp5,6.28
X-3873,KLHL13,90293.0,Del0.8,0.74
X-3873,KLHL24,54800.0,MutNovel,"E436K,0.240"
X-3873,KLHL30,377007.0,Del0.8,0.77
X-3873,KLHL36,79786.0,MutNovel,"E303K,0.457"
X-3873,KLHL38,340359.0,Amp5,7.46
X-3873,KLHL9,55958.0,Del0.8,0.75
X-3873,KRT75,9119.0,MutNovel,"S340A,1.000"
X-3873,KRT83,3889.0,MutNovel,"V280I,0.308"
X-3873,KRTAP5-4,387267.0,MutNovel,"Y81C,1.000"
X-3873,KRTAP5-4,387267.0,MutNovel,"S69T,1.000"
X-3873,KYNU,8942.0,MutNovel,"A95S,1.000"
X-3873,L1CAM,3897.0,Del0.8,0.74
X-3873,LAGE3,8270.0,Del0.8,0.7
X-3873,LAMA5,3911.0,MutNovel,"E2638Q,0.571"
X-3873,LAMA5,3911.0,MutNovel,"A1002S,0.793"
X-3873,LAMB1,3912.0,MutNovel,"P402S,0.258"
X-3873,LAMB2,3913.0,MutNovel,"S762C,0.383"
X-3873,LAMC1,3915.0,MutNovel,"R1087H,0.578"
X-3873,LAMC3,10319.0,Amp5,5.24
X-3873,LAMP2,3920.0,Del0.8,0.74
X-3873,LCE3C,353144.0,Del0.8,0.24
X-3873,LCN2,3934.0,Amp5,6.59
X-3873,LDOC1,23641.0,Del0.8,0.74
X-3873,LEO1,123169.0,Del0.8,0.74
X-3873,LHFPL1,340596.0,Del0.8,0.73
X-3873,LIG1,3978.0,MutNovel,"G249E,0.268"
X-3873,LIG4,3981.0,MutNovel,"Q139H,0.456"
X-3873,LIMCH1,22998.0,MutNovel,"L222F,0.420"
X-3873,LINC00032,158035.0,Del0.8,0.75
X-3873,LINC00086,399668.0,Del0.8,0.74
X-3873,LINC00087,644596.0,Del0.8,0.74
X-3873,LINC00208,83655.0,Del0.8,0.72
X-3873,LINC00471,151477.0,Del0.8,0.75
X-3873,LINC00525,84847.0,Amp5,5.35
X-3873,LINGO2,158038.0,Del0.8,0.73
X-3873,LMNB2,84823.0,MutNovel,"A19T,0.739"
X-3873,LMX1B,4010.0,Amp5,6.59
X-3873,LOC100127983,100127983.0,Amp8,9.51
X-3873,LOC100128420,100128420.0,Del0.8,0.74
X-3873,LOC100129250,100129250.0,Del0.8,0.78
X-3873,LOC100129515,100129515.0,Del0.8,0.74
X-3873,LOC100129520,100129520.0,Del0.8,0.74
X-3873,LOC100129662,100129662.0,Del0.8,0.74
X-3873,LOC100130097,,MutNovel,"Q434L,0.429"
X-3873,LOC100131434,100131434.0,Del0.8,0.74
X-3873,LOC100131726,100131726.0,Amp5,7.46
X-3873,LOC100272216,100272216.0,Del0.8,0.74
X-3873,LOC100272217,100272217.0,Amp5,6.32
X-3873,LOC100272228,100272228.0,Del0.8,0.74
X-3873,LOC100286922,100286922.0,Del0.8,0.77
X-3873,LOC100287765,100287765.0,Del0.8,0.73
X-3873,LOC100289019,100289019.0,Amp5,6.59
X-3873,LOC100500773,100500773.0,Amp5,6.15
X-3873,LOC100505659,100505659.0,Amp5,7.57
X-3873,LOC100505676,100505676.0,Amp5,7.57
X-3873,LOC100506422,100506422.0,Del0.8,0.79
X-3873,LOC100506562,,MutNovel,"I93V,0.625"
X-3873,LOC100506757,100506757.0,Del0.8,0.74
X-3873,LOC100506895,100506895.0,Amp5,5.35
X-3873,LOC100507404,100507404.0,Del0.8,0.7
X-3873,LOC100507404,100507404.0,Del0.8,0.7
X-3873,LOC100507632,100507632.0,Amp5,6.68
X-3873,LOC100507651,100507651.0,Amp5,6.68
X-3873,LOC150935,150935.0,Del0.8,0.77
X-3873,LOC151171,151171.0,Del0.8,0.77
X-3873,LOC151174,151174.0,Del0.8,0.77
X-3873,LOC151475,151475.0,Del0.8,0.75
X-3873,LOC151484,151484.0,Del0.8,0.75
X-3873,LOC158376,158376.0,Del0.8,0.77
X-3873,LOC158696,158696.0,Del0.8,0.74
X-3873,LOC200772,200772.0,Del0.8,0.77
X-3873,LOC284080,284080.0,Amp8,16.56
X-3873,LOC286083,286083.0,Del0.8,0.77
X-3873,LOC286094,286094.0,Amp5,5.7
X-3873,LOC286177,286177.0,Amp5,6.68
X-3873,LOC286437,286437.0,Del0.8,0.73
X-3873,LOC286467,286467.0,Del0.8,0.74
X-3873,LOC340357,340357.0,Del0.8,0.75
X-3873,LOC340544,340544.0,Del0.8,0.73
X-3873,LOC348761,348761.0,Del0.8,0.75
X-3873,LOC389791,389791.0,Amp5,6.59
X-3873,LOC400604,400604.0,Amp8,9.25
X-3873,LOC642799,,MutNovel,"H146Q,1.000"
X-3873,LOC643387,643387.0,Del0.8,0.77
X-3873,LOC643648,643648.0,Del0.8,0.78
X-3873,LOC645638,645638.0,Amp5,6.02
X-3873,LOC653653,653653.0,Amp5,6.02
X-3873,LOC728323,728323.0,Del0.8,0.77
X-3873,LOH12CR1,118426.0,MutNovel,"Q39K,0.439"
X-3873,LONRF1,91694.0,Del0.8,0.75
X-3873,LONRF3,79836.0,Del0.8,0.74
X-3873,LPCAT3,10162.0,MutKnownFunctional,"Q100*,0.283"
X-3873,LRCH2,57631.0,Del0.8,0.74
X-3873,LRCH4,4034.0,Amp5,5.98
X-3873,LRFN4,78999.0,MutNovel,"R607W,0.575"
X-3873,LRIG2,9860.0,MutNovel,"G7A,0.273"
X-3873,LRIG3,121227.0,MutNovel,"D56H,0.479"
X-3873,LRP12,29967.0,Amp5,7.89
X-3873,LRRC1,55227.0,MutNovel,"E436Q,0.283"
X-3873,LRRC19,64922.0,Del0.8,0.75
X-3873,LRRC3C,100505591.0,Amp8,14.52
X-3873,LRRC59,55379.0,Amp8,9.25
X-3873,LRRC69,100130742.0,Amp8,9.51
X-3873,LRRC8E,80131.0,MutNovel,"E181R,0.556"
X-3873,LRRFIP1,9208.0,Del0.8,0.77
X-3873,LRSAM1,90678.0,Amp5,6.59
X-3873,LRWD1,222229.0,MutNovel,"W530G,0.486"
X-3873,LSM14B,149986.0,MutNovel,"A138T,0.236"
X-3873,LSR,51599.0,MutNovel,"G518GR,0.859"
X-3873,LUC7L3,51747.0,Amp8,9.25
X-3873,LUZP4,51213.0,Del0.8,0.74
X-3873,LY6G5B,58496.0,MutNovel,"I60M,0.393"
X-3873,LY96,23643.0,Amp8,9.25
X-3873,LYN,4067.0,Amp8,8.63
X-3873,LYSMD2,256586.0,Del0.8,0.74
X-3873,MAGEA1,4100.0,Del0.8,0.74
X-3873,MAGEA10,4109.0,Del0.8,0.74
X-3873,MAGEA10-MAGEA5,100533997.0,Del0.8,0.74
X-3873,MAGEA11,4110.0,Del0.8,0.74
X-3873,MAGEA12,4111.0,Del0.8,0.74
X-3873,MAGEA2,4101.0,Del0.8,0.74
X-3873,MAGEA2,4101.0,Del0.8,0.74
X-3873,MAGEA3,4102.0,Del0.8,0.74
X-3873,MAGEA4,4103.0,Del0.8,0.74
X-3873,MAGEA5,4104.0,Del0.8,0.74
X-3873,MAGEA6,4105.0,Del0.8,0.74
X-3873,MAGEA8,4107.0,Del0.8,0.74
X-3873,MAGEA9B,728269.0,Del0.8,0.74
X-3873,MAGEA9B,728269.0,Del0.8,0.74
X-3873,MAGEC1,9947.0,Del0.8,0.74
X-3873,MAGEC2,51438.0,Del0.8,0.74
X-3873,MAGEC3,139081.0,Del0.8,0.74
X-3873,MAGED2,10916.0,Amp5,6.96
X-3873,MAGI1,9223.0,MutNovel,"Q421HR,0.333"
X-3873,MAML1,9794.0,MutKnownFunctional,"Q163*,0.476"
X-3873,MAMLD1,10046.0,MutNovel,"P542S,1.000"
X-3873,MAMLD1,10046.0,Del0.8,0.74
X-3873,MAP3K4,4216.0,MutNovel,"PA1189P,0.478"
X-3873,MAP7,9053.0,MutNovel,"A594S,0.480"
X-3873,MAP7D3,79649.0,Del0.8,0.74
X-3873,MAPK6,5597.0,Del0.8,0.74
X-3873,MASP2,10747.0,MutNovel,"T576I,0.264"
X-3873,MAST1,22983.0,MutNovel,"V338M,0.630"
X-3873,MAST2,23139.0,MutNovel,"D20V,0.567"
X-3873,MBNL3,55796.0,Del0.8,0.74
X-3873,MBOAT1,154141.0,MutNovel,"Y74C,0.340"
X-3873,MBTD1,54799.0,Amp8,9.25
X-3873,MCF2,4168.0,Del0.8,0.74
X-3873,MCM8,84515.0,MutNovel,"E535Q,0.273"
X-3873,MCTS1,28985.0,Del0.8,0.74
X-3873,MDH1B,130752.0,MutNovel,"E437Q,0.556"
X-3873,MECP2,4204.0,MutNovel,"A8APP,0.667"
X-3873,MECP2,4204.0,Del0.8,0.74
X-3873,MED24,9862.0,Amp8,14.52
X-3873,MEPCE,56257.0,Amp5,5.98
X-3873,MESDC1,59274.0,MutNovel,"E234K,0.451"
X-3873,MFSD10,10227.0,MutNovel,"R259C,0.312"
X-3873,MGC16025,85009.0,Del0.8,0.77
X-3873,MGC16121,84848.0,Del0.8,0.74
X-3873,MGC21881,389741.0,Del0.8,0.6
X-3873,MID2,11043.0,Del0.8,0.73
X-3873,MIEN1,84299.0,Amp8,24.59
X-3873,MINK1,50488.0,MutNovel,"S918L,0.559"
X-3873,MIOS,54468.0,MutNovel,"E265Q,0.340"
X-3873,MIR105-1,406897.0,Del0.8,0.74
X-3873,MIR105-2,406898.0,Del0.8,0.74
X-3873,MIR106A,406899.0,Del0.8,0.74
X-3873,MIR1184-1,100302111.0,Del0.8,0.7
X-3873,MIR1184-1,100302111.0,Del0.8,0.7
X-3873,MIR1203,100302211.0,Del0.8,0.32
X-3873,MIR1244-1,100302285.0,Del0.8,0.75
X-3873,MIR1256,100302155.0,Del0.8,0.73
X-3873,MIR1264,100302251.0,Del0.8,0.73
X-3873,MIR1266,100302202.0,Del0.8,0.74
X-3873,MIR1277,100302214.0,Del0.8,0.74
X-3873,MIR1298,100302153.0,Del0.8,0.73
X-3873,MIR1322,100302166.0,Del0.8,0.78
X-3873,MIR1471,100302126.0,Del0.8,0.75
X-3873,MIR149,406941.0,Del0.8,0.77
X-3873,MIR18B,574033.0,Del0.8,0.74
X-3873,MIR1911,100302222.0,Del0.8,0.73
X-3873,MIR1912,100302144.0,Del0.8,0.73
X-3873,MIR196B,442920.0,Amp5,5.5
X-3873,MIR199B,406978.0,Amp5,6.59
X-3873,MIR19B2,406981.0,Del0.8,0.74
X-3873,MIR20B,574032.0,Del0.8,0.74
X-3873,MIR21,406991.0,Amp8,9.71
X-3873,MIR2114,100313839.0,Del0.8,0.74
X-3873,MIR219-2,407003.0,Amp5,6.59
X-3873,MIR2467,100616360.0,Del0.8,0.77
X-3873,MIR2964A,100616335.0,Amp5,6.59
X-3873,MIR31,407035.0,Del0.8,0.75
X-3873,MIR3152,100422869.0,Del0.8,0.77
X-3873,MIR3154,100422893.0,Amp5,6.59
X-3873,MIR31HG,554202.0,Del0.8,0.75
X-3873,MIR3202-1,100422987.0,Del0.8,0.74
X-3873,MIR3202-2,100422877.0,Del0.8,0.74
X-3873,MIR320D2,100302169.0,Del0.8,0.74
X-3873,MIR3610,100500914.0,Amp5,7.89
X-3873,MIR363,574031.0,Del0.8,0.74
X-3873,MIR3911,100500872.0,Amp5,6.59
X-3873,MIR3914-1,100500836.0,Amp5,5.24
X-3873,MIR3914-2,100500920.0,Amp5,5.24
X-3873,MIR3926-1,100500870.0,Del0.8,0.75
X-3873,MIR3926-2,100500838.0,Del0.8,0.75
X-3873,MIR3943,100500829.0,Amp5,5.54
X-3873,MIR3960,100616250.0,Amp5,6.59
X-3873,MIR3978,100616491.0,Del0.8,0.73
X-3873,MIR424,494336.0,Del0.8,0.74
X-3873,MIR4269,100423043.0,Del0.8,0.77
X-3873,MIR4329,100423009.0,Del0.8,0.73
X-3873,MIR4330,100422930.0,Del0.8,0.74
X-3873,MIR4440,100616397.0,Del0.8,0.77
X-3873,MIR4441,100616493.0,Del0.8,0.77
X-3873,MIR4471,100616451.0,Amp8,11.96
X-3873,MIR4473,100616229.0,Del0.8,0.75
X-3873,MIR4474,100616441.0,Del0.8,0.75
X-3873,MIR448,554212.0,Del0.8,0.73
X-3873,MIR450A1,554214.0,Del0.8,0.74
X-3873,MIR450A2,574505.0,Del0.8,0.74
X-3873,MIR450B,100126302.0,Del0.8,0.74
X-3873,MIR4511,100616379.0,Del0.8,0.78
X-3873,MIR452,574412.0,Del0.8,0.74
X-3873,MIR4649,100616346.0,Amp5,5.06
X-3873,MIR4661,100616245.0,Amp8,9.51
X-3873,MIR4663,100616260.0,Amp5,7.46
X-3873,MIR4672,100616429.0,Amp5,6.59
X-3873,MIR4737,100616210.0,Amp5,6.02
X-3873,MIR4777,100616317.0,Del0.8,0.75
X-3873,MIR4786,100616417.0,Del0.8,0.77
X-3873,MIR491,574444.0,Del0.8,0.75
X-3873,MIR503,574506.0,Del0.8,0.74
X-3873,MIR504,574507.0,Del0.8,0.74
X-3873,MIR505,574508.0,Del0.8,0.74
X-3873,MIR506,574511.0,Del0.8,0.74
X-3873,MIR507,574512.0,Del0.8,0.74
X-3873,MIR508,574513.0,Del0.8,0.74
X-3873,MIR509-1,574514.0,Del0.8,0.74
X-3873,MIR510,574515.0,Del0.8,0.74
X-3873,MIR514A1,574516.0,Del0.8,0.74
X-3873,MIR514A2,574517.0,Del0.8,0.74
X-3873,MIR514B,100422847.0,Del0.8,0.74
X-3873,MIR542,664617.0,Del0.8,0.74
X-3873,MIR570,693155.0,Amp5,6.06
X-3873,MIR596,693181.0,Del0.8,0.77
X-3873,MIR598,693183.0,Del0.8,0.78
X-3873,MIR718,100313781.0,Del0.8,0.74
X-3873,MIR764,100313838.0,Del0.8,0.73
X-3873,MIR766,768218.0,Del0.8,0.74
X-3873,MIR767,768215.0,Del0.8,0.74
X-3873,MIR873,100126316.0,Del0.8,0.78
X-3873,MIR876,100126310.0,Del0.8,0.78
X-3873,MIR888,100126306.0,Del0.8,0.74
X-3873,MIR890,100126303.0,Del0.8,0.74
X-3873,MIR891A,100126341.0,Del0.8,0.74
X-3873,MIR891B,100126304.0,Del0.8,0.74
X-3873,MIR892A,100126342.0,Del0.8,0.74
X-3873,MIR892B,100126307.0,Del0.8,0.74
X-3873,MIR92A2,407049.0,Del0.8,0.74
X-3873,MIR934,100126324.0,Del0.8,0.74
X-3873,MIR98,407054.0,Amp8,10.06
X-3873,MIRLET7F2,406889.0,Amp8,10.06
X-3873,MLL,4297.0,MutNovel,"F2440Y,0.769"
X-3873,MLL4,9757.0,MutNovel,"E2440K,0.303"
X-3873,MLL5,55904.0,MutNovel,"G1097E,0.295"
X-3873,MLLT3,4300.0,Del0.8,0.75
X-3873,MLPH,79083.0,Del0.8,0.77
X-3873,MMGT1,93380.0,Del0.8,0.74
X-3873,MMP16,4325.0,Amp5,7.06
X-3873,MOB3B,79817.0,Del0.8,0.75
X-3873,MOB3C,148932.0,MutNovel,"E81Q,0.732"
X-3873,MORC4,79710.0,Del0.8,0.73
X-3873,MORF4L2,9643.0,Del0.8,0.73
X-3873,MOS,4342.0,Amp5,6.68
X-3873,MOSPD1,56180.0,Del0.8,0.74
X-3873,MOSPD3,64598.0,Amp5,5.98
X-3873,MPP1,4354.0,Del0.8,0.7
X-3873,MPRIP,23164.0,MutNovel,"TS178T,0.538"
X-3873,MRFAP1,93621.0,MutNovel,"E21Q,0.649"
X-3873,MRM1,79922.0,Amp5,6.28
X-3873,MRPL27,51264.0,Amp8,9.25
X-3873,MRPL32,64983.0,Amp5,5.54
X-3873,MRPS24,64951.0,Amp5,5.35
X-3873,MRPS28,28957.0,Amp5,7.52
X-3873,MSL1,339287.0,Amp8,14.52
X-3873,MSL3P1,151507.0,Del0.8,0.77
X-3873,MST4,51765.0,Del0.8,0.74
X-3873,MTAP,4507.0,Del0.8,0.75
X-3873,MTCP1,4515.0,Del0.8,0.7
X-3873,MTCP1NB,100272147.0,Del0.8,0.7
X-3873,MTERFD2,130916.0,Del0.8,0.77
X-3873,MTFR1,9650.0,Amp5,5.86
X-3873,MTHFD2,10797.0,MutNovel,"L6V,0.309"
X-3873,MTM1,4534.0,Del0.8,0.74
X-3873,MTMR1,8776.0,Del0.8,0.74
X-3873,MTMR12,54545.0,MutNovel,"L540F,0.304"
X-3873,MUC16,94025.0,MutNovel,"L10898P,0.273"
X-3873,MUC19,,MutKnownFunctional,"S2396*,0.333"
X-3873,MUC19,,MutNovel,"L3304S,0.214"
X-3873,MUC19,,MutNovel,"G3904D,0.628"
X-3873,MUC19,,MutNovel,"S4923N,0.270"
X-3873,MUC19,,MutKnownFunctional,"-5196,0.385"
X-3873,MUC19,,MutNovel,"R5216S,0.383"
X-3873,MUC19,,MutNovel,"S5240R,0.462"
X-3873,MUC19,,MutNovel,"S5300I,0.343"
X-3873,MUC19,,MutNovel,"S5660K,0.536"
X-3873,MUC19,,MutNovel,"S6486N,0.215"
X-3873,MUC19,,MutNovel,"H6498Y,0.204"
X-3873,MUC2,4583.0,MutNovel,"P1695A,0.500"
X-3873,MUC5B,727897.0,MutNovel,"A1736T,0.731"
X-3873,MUC5B,727897.0,MutNovel,"M3122T,1.000"
X-3873,MUM1L1,139221.0,Del0.8,0.73
X-3873,MYBL1,4603.0,Amp5,7.57
X-3873,MYCBPAP,84073.0,Amp8,9.25
X-3873,MYEOV2,150678.0,Del0.8,0.77
X-3873,MYL7,58498.0,Amp5,5.06
X-3873,MYO1G,64005.0,Amp5,5.06
X-3873,MYO5A,4644.0,MutKnownFunctional,"E459*,1.000"
X-3873,MYO5A,4644.0,Del0.8,0.74
X-3873,MYO5C,55930.0,Del0.8,0.74
X-3873,MYOM2,9172.0,Del0.8,0.77
X-3873,MYSM1,114803.0,MutNovel,"P760L,0.285"
X-3873,NAA10,8260.0,Del0.8,0.74
X-3873,NACAD,23148.0,Amp5,5.06
X-3873,NACAP1,83955.0,Amp8,8.57
X-3873,NAIF1,203245.0,Amp5,6.59
X-3873,NAP1L1,4673.0,MutNovel,"W134C,0.235"
X-3873,NBN,4683.0,Amp8,9.51
X-3873,NBPF1,55672.0,MutNovel,"D896Y,0.221"
X-3873,NBPF10,100132406.0,MutNovel,"D3386V,0.410"
X-3873,NBPF10,100132406.0,MutNovel,"D3530Y,0.310"
X-3873,NBPF12,,MutNovel,"G49S,0.500"
X-3873,NBPF12,,MutNovel,"E664Q,0.259"
X-3873,NBPF9,400818.0,MutNovel,"R97G,0.254"
X-3873,NCEH1,57552.0,MutNovel,"R125T,0.293"
X-3873,NCL,4691.0,Del0.8,0.75
X-3873,NCOA2,10499.0,Amp5,5.66
X-3873,NCOA6,23054.0,MutKnownFunctional,"Q1654*,0.257"
X-3873,NCRNA00185,55410.0,Del0.8,0.23
X-3873,NDUFA1,4694.0,Del0.8,0.74
X-3873,NDUFA10,4705.0,Del0.8,0.77
X-3873,NDUFB6,4712.0,Del0.8,0.78
X-3873,NECAB1,64168.0,Amp8,9.51
X-3873,NEIL2,252969.0,Del0.8,0.72
X-3873,NEK11,79858.0,MutNovel,"Y123C,0.769"
X-3873,NEK4,6787.0,MutNovel,"G322V,0.329"
X-3873,NES,10763.0,MutNovel,"G233E,0.429"
X-3873,NEU2,4759.0,Del0.8,0.77
X-3873,NEU4,129807.0,Del0.8,0.77
X-3873,NF1,4763.0,MutKnownFunctional,"S1100*,0.244"
X-3873,NFKBIA,4792.0,MutNovel,"E6Q,0.267"
X-3873,NFKBIZ,64332.0,MutNovel,"M673I,0.266"
X-3873,NFRKB,4798.0,MutNovel,"R698T,0.216"
X-3873,NFX1,4799.0,Amp5,5.03
X-3873,NGEF,25791.0,Del0.8,0.77
X-3873,NGFR,4804.0,Amp8,17.75
X-3873,NGFRAP1,27018.0,Del0.8,0.73
X-3873,NKAIN3,286183.0,Amp5,5.74
X-3873,NKAP,79576.0,Del0.8,0.74
X-3873,NKAPP1,158801.0,Del0.8,0.74
X-3873,NKRF,55922.0,Del0.8,0.74
X-3873,NLGN4Y,22829.0,Del0.8,0.23
X-3873,NME1,4830.0,Amp8,9.25
X-3873,NME1-NME2,654364.0,Amp8,9.25
X-3873,NME2,4831.0,Amp8,9.25
X-3873,NMUR1,10316.0,Del0.8,0.75
X-3873,NNT,23530.0,MutNovel,"I320V,0.740"
X-3873,NOD2,64127.0,Amp5,5.31
X-3873,NOL6,65083.0,Amp5,5.03
X-3873,NOMO2,283820.0,MutNovel,"V131A,0.750"
X-3873,NOP14,8602.0,MutNovel,"T425R,0.398"
X-3873,NPC1L1,29881.0,Amp5,5.06
X-3873,NPIP,9284.0,MutNovel,"S267P,0.333"
X-3873,NPIPL2,,MutNovel,"K162R,0.597"
X-3873,NPPC,4880.0,Del0.8,0.75
X-3873,NPR2,4882.0,Del0.8,0.77
X-3873,NR1D1,9572.0,Amp8,14.52
X-3873,NRK,203447.0,Del0.8,0.73
X-3873,NRON,641373.0,Amp5,6.59
X-3873,NSDHL,50814.0,Del0.8,0.74
X-3873,NSUN5,55695.0,MutNovel,"R457W,0.602"
X-3873,NTN1,9423.0,MutNovel,"G365A,0.706"
X-3873,NUDCD1,84955.0,Amp5,5.58
X-3873,NUDCD3,23386.0,Amp5,5.06
X-3873,NUDT2,318.0,Amp5,5.03
X-3873,NUP188,23511.0,MutNovel,"S1302C,0.330"
X-3873,NUP62CL,54830.0,Del0.8,0.73
X-3873,NUP98,4928.0,MutNovel,"A476V,0.518"
X-3873,NUPL1,9818.0,MutNovel,"Q394E,0.442"
X-3873,NXF2,56001.0,Del0.8,0.73
X-3873,NXF2,56001.0,Del0.8,0.73
X-3873,NXF2B,728343.0,Del0.8,0.73
X-3873,NXF2B,728343.0,Del0.8,0.73
X-3873,NXF3,56000.0,Del0.8,0.73
X-3873,NXF4,55999.0,Del0.8,0.73
X-3873,NXF5,55998.0,Del0.8,0.73
X-3873,NXPH3,11248.0,Amp8,17.75
X-3873,NXT2,55916.0,Del0.8,0.73
X-3873,NYAP1,222950.0,Amp5,5.98
X-3873,OBSCN,84033.0,MutNovel,"R5016Q,0.714"
X-3873,OCRL,4952.0,Del0.8,0.74
X-3873,ODF2,4957.0,Amp5,6.59
X-3873,ODZ1,10178.0,Del0.8,0.74
X-3873,OGDH,4967.0,Amp5,5.06
X-3873,OPA1,4976.0,MutNovel,"R3P,0.232"
X-3873,OPN1LW,5956.0,Del0.8,0.74
X-3873,OPN1MW,2652.0,Del0.8,0.74
X-3873,OPN3,23596.0,MutNovel,"C331Y,0.522"
X-3873,OR13H1,347468.0,Del0.8,0.74
X-3873,OR13J1,392309.0,Del0.8,0.77
X-3873,OR2S2,56656.0,Del0.8,0.77
X-3873,OR4F21,441308.0,Del0.8,0.78
X-3873,OR6B2,389090.0,Del0.8,0.77
X-3873,OR6B3,150681.0,Del0.8,0.77
X-3873,ORAI1,84876.0,MutNovel,"E4D,0.714"
X-3873,ORAI1,84876.0,MutNovel,"PP43-,0.776"
X-3873,ORC6,23594.0,MutNovel,"S72C,0.526"
X-3873,ORM2,5005.0,MutNovel,"G141R,1.000"
X-3873,ORMDL3,94103.0,Amp8,18.9
X-3873,OSGIN2,734.0,MutNovel,"K340Q,0.214"
X-3873,OSGIN2,734.0,Amp8,9.51
X-3873,OTOS,150677.0,Del0.8,0.77
X-3873,OTUD6B,51633.0,Amp8,9.51
X-3873,PABPC1,26986.0,Amp8,11.96
X-3873,PABPC3,5042.0,MutKnownFunctional,"-209,0.273"
X-3873,PABPC3,5042.0,MutKnownFunctional,"-246,0.308"
X-3873,PABPC3,5042.0,MutKnownFunctional,"-333,0.476"
X-3873,PABPC3,5042.0,MutNovel,"V455P,1.000"
X-3873,PABPC3,5042.0,MutKnownFunctional,"-615,0.355"
X-3873,PAG1,55824.0,Amp5,6.02
X-3873,PAIP1,10605.0,MutNovel,"M217L,0.597"
X-3873,PAK3,5063.0,Del0.8,0.73
X-3873,PAM,5066.0,MutNovel,"R144Q,1.000"
X-3873,PANX2,56666.0,MutNovel,"K203N,0.444"
X-3873,PAPD4,167153.0,MutNovel,"R464G,1.000"
X-3873,PARP2,10038.0,MutNovel,"E222Q,0.494"
X-3873,PASD1,139135.0,Del0.8,0.74
X-3873,PASK,23178.0,Del0.8,0.77
X-3873,PBX2,5089.0,MutNovel,"E96D,0.300"
X-3873,PCDH11Y,83259.0,Del0.8,0.23
X-3873,PCDHB16,57717.0,MutNovel,"T534A,1.000"
X-3873,PCDHB3,56132.0,MutNovel,"T534A,1.000"
X-3873,PCDHB3,56132.0,MutNovel,"G594S,0.778"
X-3873,PCF11,51585.0,MutNovel,"P617S,0.307"
X-3873,PCNX,22990.0,MutNovel,"L371F,1.000"
X-3873,PCOLCE,5118.0,Amp5,5.98
X-3873,PDCD1,5133.0,Del0.8,0.77
X-3873,PDCD2L,84306.0,MutNovel,"L165F,0.404"
X-3873,PDE6D,5147.0,Del0.8,0.75
X-3873,PDE7A,5150.0,Amp5,7.57
X-3873,PDHB,5162.0,MutNovel,"R13W,0.718"
X-3873,PDK2,5164.0,Amp8,16.56
X-3873,PDLIM2,64236.0,MutNovel,"A602V,0.588"
X-3873,PDZD4,57595.0,Del0.8,0.74
X-3873,PENK,5179.0,Amp5,6.68
X-3873,PER2,8864.0,Del0.8,0.77
X-3873,PEX13,5194.0,MutNovel,"R127K,0.209"
X-3873,PEX6,5190.0,MutNovel,"A956V,0.277"
X-3873,PGAM2,5224.0,Amp5,5.06
X-3873,PGAP3,93210.0,Amp8,20.82
X-3873,PGRMC1,10857.0,Del0.8,0.74
X-3873,PHB,5245.0,Amp8,17.75
X-3873,PHF6,84295.0,Del0.8,0.74
X-3873,PHF8,23133.0,Amp5,6.82
X-3873,PHLDA1,22822.0,MutNovel,"QQ194Q,0.604"
X-3873,PHOSPHO1,162466.0,Amp8,17.75
X-3873,PID1,55022.0,Del0.8,0.75
X-3873,PIEZO1,9780.0,MutNovel,"R489G,0.483"
X-3873,PIGB,9488.0,MutNovel,"E166G,0.394"
X-3873,PIK3R4,30849.0,MutNovel,"D1351G,0.901"
X-3873,PILRA,29992.0,Amp5,5.98
X-3873,PILRB,29990.0,Amp5,5.98
X-3873,PINX1,54984.0,Del0.8,0.78
X-3873,PIP5KL1,138429.0,Amp5,6.59
X-3873,PKD1,5310.0,MutNovel,"Y3857D,0.403"
X-3873,PKD1L1,168507.0,MutNovel,"E723K,0.500"
X-3873,PKD1L1,168507.0,Amp5,5.35
X-3873,PKHD1L1,93035.0,Amp5,5.58
X-3873,PKP1,5317.0,MutNovel,"Y505C,0.429"
X-3873,PLAA,9373.0,Del0.8,0.75
X-3873,PLAC1,10761.0,Del0.8,0.74
X-3873,PLAG1,5324.0,Amp5,6.68
X-3873,PLCB2,5330.0,MutNovel,"K956T,0.526"
X-3873,PLCH2,9651.0,MutNovel,"Q208H,1.000"
X-3873,PLD2,5338.0,MutNovel,"R142K,0.469"
X-3873,PLIN2,123.0,Del0.8,0.77
X-3873,PLP1,5354.0,Del0.8,0.73
X-3873,PLS3,5358.0,Del0.8,0.74
X-3873,PLXNA3,55558.0,Del0.8,0.7
X-3873,PLXNB3,5365.0,Del0.8,0.74
X-3873,PMP2,5375.0,Amp5,6.02
X-3873,PMPCB,9512.0,MutNovel,"R28P,0.295"
X-3873,PMS2P1,5379.0,Amp5,5.98
X-3873,PNCK,139728.0,Del0.8,0.74
X-3873,PNMA3,29944.0,Del0.8,0.74
X-3873,PNMA5,114824.0,Del0.8,0.74
X-3873,PNMA6A,84968.0,Del0.8,0.74
X-3873,PNMA6A,84968.0,Del0.8,0.74
X-3873,PNMA6C,100287428.0,Del0.8,0.74
X-3873,PNMA6D,100287466.0,Del0.8,0.74
X-3873,PNMA6D,100287466.0,Del0.8,0.74
X-3873,PNMT,5409.0,Amp8,20.82
X-3873,POLD2,5425.0,Amp5,5.06
X-3873,POLG2,11232.0,MutNovel,"E67K,0.269"
X-3873,POLM,27434.0,Amp5,5.06
X-3873,POLQ,10721.0,MutNovel,"T1151S,0.237"
X-3873,POLR2J2,246721.0,MutNovel,"I34M,0.235"
X-3873,POLR2K,5440.0,Amp8,8.63
X-3873,POLR3A,11128.0,MutNovel,"E644Q,0.430"
X-3873,POP7,10248.0,Amp5,5.98
X-3873,PP14571,100130449.0,Del0.8,0.77
X-3873,PPIA,5478.0,Amp5,5.06
X-3873,PPP1R10,5514.0,MutNovel,"L666F,0.384"
X-3873,PPP1R12C,54776.0,MutNovel,"D252N,0.212"
X-3873,PPP1R15A,23645.0,MutNovel,"R587W,0.552"
X-3873,PPP1R35,221908.0,Amp5,5.98
X-3873,PPP1R42,286187.0,Amp5,7.57
X-3873,PPP1R7,5510.0,Del0.8,0.77
X-3873,PPP1R9B,84687.0,Amp8,16.56
X-3873,PRCP,5547.0,MutNovel,"L134P,0.530"
X-3873,PRDM12,59335.0,Amp5,6.32
X-3873,PRICKLE1,144165.0,MutNovel,"E54Q,0.273"
X-3873,PRKRIR,5612.0,MutNovel,"L720F,0.284"
X-3873,PRKX,5613.0,MutNovel,"G222V,0.300"
X-3873,PRKY,5616.0,Del0.8,0.23
X-3873,PRLH,51052.0,Del0.8,0.77
X-3873,PRLR,5618.0,MutNovel,"E321K,0.230"
X-3873,PRPS1,5631.0,Del0.8,0.73
X-3873,PRR21,643905.0,Del0.8,0.77
X-3873,PRRC2B,84726.0,MutNovel,"A2198P,0.363"
X-3873,PRRC2C,23215.0,MutNovel,"S2235N,0.496"
X-3873,PRRG3,79057.0,Del0.8,0.74
X-3873,PRSS3,5646.0,Amp5,5.03
X-3873,PRSS55,203074.0,Del0.8,0.78
X-3873,PRSS56,646960.0,Del0.8,0.77
X-3873,PRUNE2,158471.0,MutKnownFunctional,"E1722*,0.667"
X-3873,PRY,9081.0,Del0.8,0.23
X-3873,PRY,9081.0,Del0.8,0.23
X-3873,PRY2,442862.0,Del0.8,0.23
X-3873,PRY2,442862.0,Del0.8,0.23
X-3873,PSIP1,11168.0,Del0.8,0.77
X-3873,PSMA2,5683.0,Amp5,5.54
X-3873,PSMD1,5707.0,Del0.8,0.75
X-3873,PSMD10,5716.0,Del0.8,0.73
X-3873,PSMD3,5709.0,Amp8,14.52
X-3873,PTDSS1,9791.0,Amp5,6.63
X-3873,PTENP1,11191.0,Amp5,5.03
X-3873,PTGER4,5734.0,MutNovel,"Q446R,0.773"
X-3873,PTGES2,80142.0,Amp5,6.59
X-3873,PTMA,5757.0,Del0.8,0.75
X-3873,PTPLAD2,401494.0,Del0.8,0.75
X-3873,PTPN9,5780.0,MutNovel,"M550I,0.563"
X-3873,PTPRB,5787.0,MutNovel,"D327N,1.000"
X-3873,PTPRG,5793.0,MutNovel,"C1160Y,0.857"
X-3873,PTRH1,138428.0,Amp5,6.59
X-3873,PTTG3P,26255.0,Amp5,7.57
X-3873,PURB,5814.0,Amp5,5.06
X-3873,PWP1,11137.0,MutNovel,"Y207C,0.626"
X-3873,RAB17,64284.0,Del0.8,0.77
X-3873,RAB33A,9363.0,Del0.8,0.74
X-3873,RAB39B,116442.0,Del0.8,0.7
X-3873,RAB40A,142684.0,Del0.8,0.73
X-3873,RAB40AL,282808.0,Del0.8,0.73
X-3873,RAB9B,51209.0,Del0.8,0.73
X-3873,RAD21,5885.0,Amp5,7.89
X-3873,RAD21-AS1,644660.0,Amp5,7.89
X-3873,RAET1G,353091.0,MutNovel,"L106R,0.600"
X-3873,RALGAPA2,57186.0,MutNovel,"D1676E,0.243"
X-3873,RALGPS1,9649.0,Amp5,6.59
X-3873,RAMP1,10267.0,Del0.8,0.77
X-3873,RAMP3,10268.0,Amp5,5.06
X-3873,RAP2C,57826.0,Del0.8,0.74
X-3873,RAPGEF1,2889.0,MutNovel,"A487V,0.663"
X-3873,RAPGEFL1,51195.0,Amp8,14.52
X-3873,RARA,5914.0,Amp8,9.06
X-3873,RBBP6,5930.0,MutNovel,"R1007K,1.000"
X-3873,RBM12B,389677.0,MutNovel,"I83V,0.527"
X-3873,RBM19,9904.0,MutNovel,"S220L,0.302"
X-3873,RBM34,23029.0,MutNovel,"D130Y,0.288"
X-3873,RBM41,55285.0,Del0.8,0.73
X-3873,RBM44,375316.0,Del0.8,0.77
X-3873,RBMX,27316.0,Del0.8,0.74
X-3873,RBMX2,51634.0,Del0.8,0.74
X-3873,RBMXL3,139804.0,Del0.8,0.74
X-3873,RBMY1A3P,286557.0,Del0.8,0.23
X-3873,RBMY1B,378948.0,Del0.8,0.23
X-3873,RBMY1B,378948.0,Del0.8,0.23
X-3873,RBMY1E,378950.0,Del0.8,0.23
X-3873,RBMY1E,378950.0,Del0.8,0.23
X-3873,RBMY1F,159163.0,Del0.8,0.23
X-3873,RBMY1F,159163.0,Del0.8,0.23
X-3873,RBMY1J,378951.0,Del0.8,0.23
X-3873,RBMY1J,378951.0,Del0.8,0.23
X-3873,RBMY2EP,159125.0,Del0.8,0.23
X-3873,RBMY2FP,159162.0,Del0.8,0.23
X-3873,RBMY3AP,64593.0,Del0.8,0.23
X-3873,RBP2,5948.0,MutNovel,"F131L,0.346"
X-3873,RENBP,5973.0,Del0.8,0.74
X-3873,REV1,51455.0,MutNovel,"E998Q,0.436"
X-3873,RGAG1,57529.0,Del0.8,0.73
X-3873,RGL2,5863.0,MutNovel,"S213F,0.388"
X-3873,RGMB,285704.0,MutNovel,"G131A,1.000"
X-3873,RGS11,8786.0,MutNovel,"E70Q,1.000"
X-3873,RGS22,26166.0,Amp5,5.62
X-3873,RGS3,5998.0,MutNovel,"D845Y,0.510"
X-3873,RHOA,387.0,MutNovel,"G17E,0.317"
X-3873,RHOXF1,158800.0,Del0.8,0.74
X-3873,RHOXF2B,727940.0,Del0.8,0.74
X-3873,RHOXF2B,727940.0,Del0.8,0.74
X-3873,RIBC1,158787.0,Amp8,10.06
X-3873,RIPK2,8767.0,Amp8,9.51
X-3873,RIPPLY1,92129.0,Del0.8,0.73
X-3873,RNF113A,7737.0,Del0.8,0.74
X-3873,RNF128,79589.0,Del0.8,0.73
X-3873,RNF144B,255488.0,MutNovel,"G68R,0.654"
X-3873,RNF19A,25897.0,Amp8,11.96
X-3873,RNF6,6049.0,MutNovel,"D168N,0.524"
X-3873,RNFT1,51136.0,Amp5,6.02
X-3873,RNPEPL1,57140.0,Del0.8,0.77
X-3873,ROPN1B,152015.0,MutNovel,"L197V,0.857"
X-3873,RP1,6101.0,Amp5,6.54
X-3873,RP1-177G6.2,286411.0,Del0.8,0.74
X-3873,RP1L1,94137.0,Del0.8,0.78
X-3873,RPL10,6134.0,Del0.8,0.7
X-3873,RPL12,6136.0,Amp5,6.59
X-3873,RPL23AP53,644128.0,Del0.8,0.78
X-3873,RPL36A,6173.0,Del0.8,0.73
X-3873,RPL36A-HNRNPH2,100529097.0,Del0.8,0.73
X-3873,RPL39,6170.0,Del0.8,0.74
X-3873,RPL4,6124.0,MutNovel,"V168A,0.484"
X-3873,RPS20,6224.0,Amp8,8.63
X-3873,RPS4Y1,6192.0,Del0.8,0.23
X-3873,RPS4Y2,140032.0,Del0.8,0.23
X-3873,RPS6KA5,9252.0,MutNovel,"M638I,0.662"
X-3873,RPS6KA6,27330.0,MutNovel,"M284I,0.368"
X-3873,RPS6KB1,6198.0,Amp8,9.71
X-3873,RRAGA,10670.0,Del0.8,0.77
X-3873,RRS1,23212.0,Amp5,7.57
X-3873,RSAD1,55316.0,Amp8,9.25
X-3873,RUFY1,80230.0,MutNovel,"D330H,0.231"
X-3873,RUNX1T1,862.0,Amp5,5.82
X-3873,RWDD3,25950.0,MutNovel,"S10W,0.411"
X-3873,SAG,6295.0,Del0.8,0.77
X-3873,SAGE1,55511.0,Del0.8,0.74
X-3873,SAMD12,401474.0,Amp5,6.06
X-3873,SAMD14,201191.0,Amp8,16.56
X-3873,SAP130,79595.0,MutNovel,"R1060H,0.441"
X-3873,SAP25,100316904.0,Amp5,5.98
X-3873,SART1,9092.0,MutNovel,"S108C,0.342"
X-3873,SASH3,54440.0,Del0.8,0.74
X-3873,SBF2,81846.0,MutNovel,"G1689E,0.311"
X-3873,SCARNA20,677681.0,Amp5,6.02
X-3873,SCARNA5,677775.0,Del0.8,0.77
X-3873,SCARNA6,677772.0,Del0.8,0.77
X-3873,SCARNA8,677776.0,Del0.8,0.77
X-3873,SCG3,29106.0,Del0.8,0.74
X-3873,SCLY,51540.0,Del0.8,0.77
X-3873,SCYL1,57410.0,MutNovel,"W755S,0.727"
X-3873,SDC2,6383.0,Amp5,6.92
X-3873,SDCBP,6386.0,Amp5,6.68
X-3873,SDK1,221935.0,MutNovel,"S426Y,0.500"
X-3873,SDR16C5,195814.0,Amp5,6.68
X-3873,SEC16A,9919.0,MutNovel,"A1929T,0.735"
X-3873,SEC24C,9632.0,MutNovel,"S500R,0.498"
X-3873,SEMA3C,10512.0,Amp5,6.19
X-3873,SEMA4G,57715.0,MutNovel,"G741A,0.438"
X-3873,2014-09-02 00:00:00,4735.0,Del0.8,0.77
X-3873,2014-09-06 00:00:00,23157.0,Del0.8,0.74
X-3873,SERPINA7,6906.0,Del0.8,0.73
X-3873,SF3B3,23450.0,MutNovel,"K109N,0.301"
X-3873,SGCA,6442.0,Amp8,16.56
X-3873,SGK3,23678.0,Amp5,7.57
X-3873,SH2B1,25970.0,MutNovel,"G267A,0.236"
X-3873,SH2D1A,4068.0,Del0.8,0.74
X-3873,SH2D3C,10044.0,Amp5,6.59
X-3873,SH3BP4,23677.0,Del0.8,0.77
X-3873,SH3GL2,6456.0,Del0.8,0.77
X-3873,SIGLEC14,100049587.0,Del0.8,0.43
X-3873,SKAP1,8631.0,Del0.8,0.35
X-3873,SKIV2L,6499.0,MutNovel,"P206A,0.232"
X-3873,SKIV2L,6499.0,MutNovel,"S509F,0.332"
X-3873,SLC10A3,8273.0,Del0.8,0.7
X-3873,SLC16A14,151473.0,Del0.8,0.75
X-3873,SLC18B1,,MutNovel,"I215V,0.443"
X-3873,SLC25A14,9016.0,Del0.8,0.74
X-3873,SLC25A25,114789.0,Amp5,6.59
X-3873,SLC25A43,203427.0,Del0.8,0.74
X-3873,SLC25A5,292.0,Del0.8,0.74
X-3873,SLC25A5-AS1,100303728.0,Del0.8,0.74
X-3873,SLC27A4,10999.0,Amp5,6.59
X-3873,SLC2A8,29988.0,Amp5,6.59
X-3873,SLC30A8,169026.0,Amp5,7.89
X-3873,SLC34A2,10568.0,MutKnownFunctional,"E49*,1.000"
X-3873,SLC35B1,10237.0,Amp8,17.75
X-3873,SLC35E3,55508.0,MutNovel,"S75F,0.481"
X-3873,SLC6A14,11254.0,Del0.8,0.74
X-3873,SLC6A8,6535.0,Del0.8,0.74
X-3873,SLC9A3,6550.0,MutNovel,"E735K,0.258"
X-3873,SLC9A6,10479.0,Del0.8,0.74
X-3873,SLITRK2,84631.0,Del0.8,0.74
X-3873,SLITRK4,139065.0,Del0.8,0.74
X-3873,SLK,9748.0,MutNovel,"T648S,0.540"
X-3873,SMAD9,4093.0,MutNovel,"R161H,1.000"
X-3873,SMARCA1,6594.0,Del0.8,0.74
X-3873,SMARCE1,6605.0,Amp8,9.51
X-3873,SMC1A,8243.0,Amp8,10.06
X-3873,SMEK1,55671.0,MutNovel,"E326K,0.671"
X-3873,SMU1,55234.0,Amp5,5.03
X-3873,SNAPC3,6619.0,Del0.8,0.77
X-3873,SNED1,25992.0,Del0.8,0.77
X-3873,SNF8,11267.0,Amp8,15.78
X-3873,SNHG15,285958.0,Amp5,5.06
X-3873,SNHG6,641638.0,Amp5,7.57
X-3873,SNORA11,677799.0,Amp5,6.96
X-3873,SNORA35,677816.0,Del0.8,0.73
X-3873,SNORA36A,677817.0,Del0.8,0.7
X-3873,SNORA56,677835.0,Del0.8,0.7
X-3873,SNORA5A,654319.0,Amp5,5.06
X-3873,SNORA5B,677795.0,Amp5,5.06
X-3873,SNORA5C,677796.0,Amp5,5.06
X-3873,SNORA65,26783.0,Amp5,6.59
X-3873,SNORA69,26779.0,Del0.8,0.74
X-3873,SNORA70,26778.0,Del0.8,0.7
X-3873,SNORA75,654321.0,Del0.8,0.75
X-3873,SNORA9,677798.0,Amp5,5.06
X-3873,SNORD121A,100113379.0,Amp5,5.03
X-3873,SNORD121B,100113385.0,Amp5,5.03
X-3873,SNORD124,100113390.0,Amp8,14.52
X-3873,SNORD20,6082.0,Del0.8,0.75
X-3873,SNORD54,26795.0,Amp8,8.63
X-3873,SNORD61,26787.0,Del0.8,0.74
X-3873,SNORD82,25826.0,Del0.8,0.75
X-3873,SNORD87,641648.0,Amp5,7.57
X-3873,SNORD96B,692226.0,Del0.8,0.73
X-3873,SNX19,399979.0,MutNovel,"E706K,0.290"
X-3873,SNX31,169166.0,Amp8,11.96
X-3873,SOWAHD,347454.0,Del0.8,0.74
X-3873,SOX17,64321.0,Amp5,6.54
X-3873,SOX3,6658.0,Del0.8,0.74
X-3873,SOX7,83595.0,Del0.8,0.78
X-3873,SP100,6672.0,Del0.8,0.75
X-3873,SP110,3431.0,Del0.8,0.75
X-3873,SP140,11262.0,Del0.8,0.75
X-3873,SP140L,93349.0,Del0.8,0.75
X-3873,SPAG1,6674.0,Amp8,10.2
X-3873,SPAG8,26206.0,Del0.8,0.77
X-3873,SPAG9,9043.0,Amp8,9.25
X-3873,SPANXA2,728712.0,Del0.8,0.74
X-3873,SPANXA2,728712.0,Del0.8,0.74
X-3873,SPANXA2-OT1,619455.0,Del0.8,0.74
X-3873,SPANXB1,728695.0,Del0.8,0.74
X-3873,SPANXC,64663.0,Del0.8,0.74
X-3873,SPANXN1,494118.0,Del0.8,0.74
X-3873,SPANXN2,494119.0,Del0.8,0.74
X-3873,SPANXN3,139067.0,Del0.8,0.74
X-3873,SPANXN4,441525.0,Del0.8,0.74
X-3873,SPATA20,64847.0,Amp8,9.25
X-3873,SPATA2L,124044.0,MutNovel,"S217C,0.478"
X-3873,SPATA3,130560.0,Del0.8,0.75
X-3873,SPATC1,375686.0,MutNovel,"V80L,1.000"
X-3873,SPDYE3,441272.0,Amp5,5.98
X-3873,SPECC1L,23384.0,MutNovel,"T230I,0.525"
X-3873,SPINK4,27290.0,Amp5,5.03
X-3873,SPOP,8405.0,Amp8,17.75
X-3873,SPP2,6694.0,Del0.8,0.77
X-3873,SPRY3,10251.0,Del0.8,0.7
X-3873,SPTAN1,6709.0,Amp5,6.59
X-3873,SPTBN4,57731.0,MutNovel,"R1916Q,1.000"
X-3873,SRCAP,10847.0,MutNovel,"E2359Q,0.379"
X-3873,SRD5A1P1,6719.0,Del0.8,0.74
X-3873,SRPK3,26576.0,Del0.8,0.74
X-3873,SRRM5,100170229.0,MutNovel,"R333I,0.500"
X-3873,SRY,6736.0,Del0.8,0.23
X-3873,SSR4,6748.0,Del0.8,0.74
X-3873,ST6GALNAC4,27090.0,Amp5,6.59
X-3873,ST6GALNAC6,30815.0,Amp5,6.59
X-3873,STAG2,10735.0,Del0.8,0.74
X-3873,STARD3,10948.0,Amp5,5.35
X-3873,STAU2,27067.0,Amp5,6.77
X-3873,STK17A,9263.0,Amp5,5.35
X-3873,STK25,10494.0,Del0.8,0.77
X-3873,STK38,11329.0,MutNovel,"E314Q,0.340"
X-3873,STMN2,11075.0,Amp5,7.52
X-3873,STXBP1,6812.0,Amp5,6.59
X-3873,SUGT1P1,441394.0,Amp5,5.03
X-3873,SULF2,55959.0,MutNovel,"V7M,0.750"
X-3873,SUN3,256979.0,Amp5,5.35
X-3873,SUPT3H,8464.0,MutNovel,"E57K,0.467"
X-3873,SWI5,375757.0,Amp5,6.59
X-3873,TAC4,255061.0,Amp8,17.75
X-3873,TAF1L,138474.0,Del0.8,0.78
X-3873,TAF2,6873.0,MutNovel,"H393Y,0.607"
X-3873,TAF7L,54457.0,Del0.8,0.73
X-3873,TARSL2,123283.0,MutNovel,"S189I,0.647"
X-3873,TAZ,6901.0,Del0.8,0.7
X-3873,TBC1D3P1-DHX40P1,653645.0,Amp5,6.02
X-3873,TBC1D8B,54885.0,Del0.8,0.73
X-3873,TBCD,6904.0,MutNovel,"C506S,0.237"
X-3873,TBL1Y,90665.0,Del0.8,0.23
X-3873,TBP,6908.0,MutNovel,"-64Q,0.279"
X-3873,TBRG4,9238.0,Amp5,5.06
X-3873,TCAP,8557.0,Amp8,20.82
X-3873,TCEAL1,9338.0,Del0.8,0.73
X-3873,TCEAL2,140597.0,Del0.8,0.73
X-3873,TCEAL3,85012.0,Del0.8,0.73
X-3873,TCEAL4,79921.0,Del0.8,0.73
X-3873,TCEAL5,340543.0,Del0.8,0.73
X-3873,TCEAL6,158931.0,Del0.8,0.73
X-3873,TCEAL7,56849.0,Del0.8,0.73
X-3873,TCEAL8,90843.0,Del0.8,0.73
X-3873,TCEB1,6921.0,Amp8,9.25
X-3873,TCF24,100129654.0,Amp5,7.57
X-3873,TDGF1P3,6998.0,Del0.8,0.73
X-3873,TDRD1,56165.0,MutKnownFunctional,"-1121?,0.333"
X-3873,TEK,7010.0,Del0.8,0.75
X-3873,TEX13A,56157.0,Del0.8,0.73
X-3873,TEX13B,56156.0,Del0.8,0.73
X-3873,TEX28,1527.0,Del0.8,0.74
X-3873,TFDP3,51270.0,Del0.8,0.74
X-3873,TFR2,7036.0,Amp5,5.98
X-3873,TGIF2LY,90655.0,Del0.8,0.23
X-3873,TGS1,96764.0,Amp5,5.54
X-3873,THAP1,55145.0,MutKnownFunctional,"-71?,0.778"
X-3873,THAP4,51078.0,Del0.8,0.77
X-3873,THOC2,57187.0,Del0.8,0.74
X-3873,THRA,7067.0,Amp8,14.52
X-3873,THUMPD3,25917.0,MutNovel,"E278A,0.719"
X-3873,TIAM1,7074.0,MutNovel,"S909F,0.468"
X-3873,TIGD1,200765.0,Del0.8,0.77
X-3873,TIMM8A,1678.0,Del0.8,0.73
X-3873,TIPARP,25976.0,MutNovel,"E145Q,0.242"
X-3873,TKTL1,8277.0,Del0.8,0.74
X-3873,TLE6,79816.0,MutNovel,"E26K,0.333"
X-3873,TM9SF1,10548.0,MutNovel,"I355M,0.297"
X-3873,TMED4,222068.0,Amp5,5.06
X-3873,TMEM104,54868.0,MutNovel,"G331S,1.000"
X-3873,TMEM106B,54664.0,MutNovel,"V202I,0.398"
X-3873,TMEM164,84187.0,Del0.8,0.73
X-3873,TMEM17,200728.0,MutNovel,"E36K,0.500"
X-3873,TMEM183B,,MutKnownFunctional,"-116?,0.462"
X-3873,TMEM184A,202915.0,MutNovel,"G392GA,0.293"
X-3873,TMEM185A,84548.0,Del0.8,0.74
X-3873,TMEM187,8269.0,Del0.8,0.74
X-3873,TMEM210,,MutNovel,"H2Y,0.833"
X-3873,TMEM215,401498.0,Del0.8,0.78
X-3873,TMEM31,203562.0,Del0.8,0.73
X-3873,TMEM50B,757.0,MutNovel,"E12G,0.522"
X-3873,TMEM55A,55529.0,Amp8,9.51
X-3873,TMEM62,80021.0,MutNovel,"Y430C,0.452"
X-3873,TMEM64,169200.0,Amp8,9.51
X-3873,TMEM70,54968.0,Amp8,9.25
X-3873,TMEM8B,51754.0,Del0.8,0.77
X-3873,TMEM92,162461.0,Amp8,9.25
X-3873,TMF1,7110.0,MutNovel,"F12L,0.518"
X-3873,TMLHE,55217.0,Del0.8,0.7
X-3873,TMOD2,29767.0,Del0.8,0.74
X-3873,TMOD3,29766.0,Del0.8,0.74
X-3873,TMSB15A,11013.0,Del0.8,0.73
X-3873,TMSB15B,286527.0,Del0.8,0.73
X-3873,TMSB4Y,9087.0,Del0.8,0.23
X-3873,TNKS,8658.0,MutNovel,"R1130Q,0.413"
X-3873,TNKS1BP1,85456.0,MutNovel,"S4C,0.301"
X-3873,TNRC18,84629.0,MutNovel,"S1177L,0.364"
X-3873,TNS3,64759.0,Amp5,6.23
X-3873,TOB1,10140.0,Amp8,9.25
X-3873,TOP2A,7153.0,MutNovel,"K1422Q,1.000"
X-3873,TOP2A,7153.0,Amp8,9.45
X-3873,TOPORS,10210.0,Del0.8,0.78
X-3873,TOR2A,27433.0,Amp5,6.59
X-3873,TP53,7157.0,MutKnownFunctional,"R282G,1.000"
X-3873,TPD52,7163.0,Amp5,7.52
X-3873,TRAF3IP1,26146.0,Del0.8,0.77
X-3873,TRAPPC8,22878.0,MutNovel,"E879Q,0.626"
X-3873,TREX2,11219.0,Del0.8,0.74
X-3873,TRHR,7201.0,Amp5,5.58
X-3873,TRIM55,84675.0,MutNovel,"S2R,1.000"
X-3873,TRIM55,84675.0,Amp5,7.57
X-3873,TRIOBP,11078.0,MutNovel,"Q812R,0.556"
X-3873,TRIP11,9321.0,MutNovel,"E48Q,0.345"
X-3873,TRIP12,9320.0,Del0.8,0.75
X-3873,TRMT1,55621.0,MutNovel,"V408L,0.483"
X-3873,TRPC5,7224.0,Del0.8,0.73
X-3873,TRPM4,54795.0,MutNovel,"A639V,0.332"
X-3873,TRPM8,79054.0,Del0.8,0.77
X-3873,TRUB2,26995.0,Amp5,6.59
X-3873,TSC22D3,1831.0,Del0.8,0.73
X-3873,TSC22D4,81628.0,Amp5,5.98
X-3873,TSPY1,7258.0,Del0.8,0.23
X-3873,TSPY2,64591.0,Del0.8,0.23
X-3873,TSPY3,728137.0,Del0.8,0.23
X-3873,TSPY4,728395.0,Del0.8,0.23
X-3873,TSPY8,728403.0,Del0.8,0.23
X-3873,TSPYL1,7259.0,MutNovel,"V176VW,0.896"
X-3873,TSPYL2,64061.0,Amp5,6.73
X-3873,TSR2,90121.0,Amp5,6.96
X-3873,TTC16,158248.0,Amp5,6.59
X-3873,TTC27,55622.0,MutNovel,"R586H,0.658"
X-3873,TTC30B,150737.0,MutNovel,"D337H,0.286"
X-3873,TTC37,9652.0,MutNovel,"G277S,1.000"
X-3873,TTC39B,158219.0,Del0.8,0.77
X-3873,TTPA,7274.0,Amp5,5.74
X-3873,TTTY10,246119.0,Del0.8,0.23
X-3873,TTTY11,83866.0,Del0.8,0.23
X-3873,TTTY12,83867.0,Del0.8,0.23
X-3873,TTTY13,83868.0,Del0.8,0.23
X-3873,TTTY14,83869.0,Del0.8,0.23
X-3873,TTTY15,64595.0,Del0.8,0.23
X-3873,TTTY16,252948.0,Del0.8,0.23
X-3873,TTTY17A,252949.0,Del0.8,0.23
X-3873,TTTY17A,252949.0,Del0.8,0.23
X-3873,TTTY18,252950.0,Del0.8,0.23
X-3873,TTTY19,252952.0,Del0.8,0.23
X-3873,TTTY1B,100101116.0,Del0.8,0.23
X-3873,TTTY1B,100101116.0,Del0.8,0.23
X-3873,TTTY2,60439.0,Del0.8,0.23
X-3873,TTTY2,60439.0,Del0.8,0.23
X-3873,TTTY20,252951.0,Del0.8,0.23
X-3873,TTTY21,252953.0,Del0.8,0.23
X-3873,TTTY21,252953.0,Del0.8,0.23
X-3873,TTTY22,252954.0,Del0.8,0.23
X-3873,TTTY23,252955.0,Del0.8,0.23
X-3873,TTTY23,252955.0,Del0.8,0.23
X-3873,TTTY3,114760.0,Del0.8,0.23
X-3873,TTTY3,114760.0,Del0.8,0.23
X-3873,TTTY4,114761.0,Del0.8,0.23
X-3873,TTTY4,114761.0,Del0.8,0.23
X-3873,TTTY5,83863.0,Del0.8,0.23
X-3873,TTTY6,84672.0,Del0.8,0.23
X-3873,TTTY6,84672.0,Del0.8,0.23
X-3873,TTTY7,246122.0,Del0.8,0.23
X-3873,TTTY7,246122.0,Del0.8,0.23
X-3873,TTTY7B,100101120.0,Del0.8,0.23
X-3873,TTTY7B,100101120.0,Del0.8,0.23
X-3873,TTTY8,84673.0,Del0.8,0.23
X-3873,TTTY8,84673.0,Del0.8,0.23
X-3873,TTTY9A,83864.0,Del0.8,0.23
X-3873,TTTY9A,83864.0,Del0.8,0.23
X-3873,TUBD1,51174.0,Amp8,9.71
X-3873,TUSC1,286319.0,Del0.8,0.79
X-3873,TWIST2,117581.0,Del0.8,0.77
X-3873,TXLNG2P,246126.0,Del0.8,0.23
X-3873,UBAP1,51271.0,Amp5,5.03
X-3873,UBAP2,55833.0,Amp5,5.03
X-3873,UBE2A,7319.0,Del0.8,0.74
X-3873,UBE2D4,51619.0,Amp5,5.35
X-3873,UBE2F,140739.0,Del0.8,0.77
X-3873,UBE2F-SCLY,100533179.0,Del0.8,0.77
X-3873,UBE2J1,51465.0,MutNovel,"H275Y,0.536"
X-3873,UBE2MP1,606551.0,Del0.8,0.8
X-3873,UBE2NL,389898.0,Del0.8,0.74
X-3873,UBE2R2,54926.0,Amp5,5.03
X-3873,UBE2W,55284.0,Amp8,9.25
X-3873,UBE2Z,65264.0,Amp8,15.78
X-3873,UBL4A,8266.0,Del0.8,0.7
X-3873,UBR3,130507.0,MutNovel,"Q891H,0.554"
X-3873,UBXN2B,137886.0,Amp5,6.68
X-3873,UG0898H09,643763.0,Amp5,5.74
X-3873,UGT1A1,54658.0,Del0.8,0.77
X-3873,UGT1A10,54575.0,Del0.8,0.77
X-3873,UGT1A3,54659.0,Del0.8,0.77
X-3873,UGT1A4,54657.0,Del0.8,0.77
X-3873,UGT1A5,54579.0,Del0.8,0.77
X-3873,UGT1A6,54578.0,Del0.8,0.77
X-3873,UGT1A7,54577.0,Del0.8,0.77
X-3873,UGT1A8,54576.0,Del0.8,0.77
X-3873,UGT1A9,54600.0,Del0.8,0.77
X-3873,UGT8,7368.0,MutNovel,"G126C,0.973"
X-3873,UNC13B,10497.0,MutNovel,"E1509K,0.283"
X-3873,UNC5B,219699.0,MutNovel,"L828V,0.375"
X-3873,UPF3B,65109.0,Del0.8,0.74
X-3873,UPP1,7378.0,Amp5,5.35
X-3873,URGCP,55665.0,Amp5,5.35
X-3873,URGCP-MRPS24,100534592.0,Amp5,5.35
X-3873,URM1,81605.0,Amp5,6.59
X-3873,USE1,55850.0,MutKnownFunctional,"E157*,0.218"
X-3873,USP16,10600.0,MutNovel,"D384H,0.205"
X-3873,USP17L2,377630.0,Del0.8,0.44
X-3873,USP26,83844.0,Del0.8,0.74
X-3873,USP32,84669.0,Amp5,6.02
X-3873,USP32P1,162632.0,Del0.8,0.76
X-3873,USP40,55230.0,Del0.8,0.77
X-3873,USP9Y,8287.0,Del0.8,0.23
X-3873,UTP14A,10813.0,Del0.8,0.74
X-3873,UTP18,51096.0,Amp8,9.25
X-3873,UTP23,84294.0,Amp5,7.89
X-3873,UTY,7404.0,Del0.8,0.23
X-3873,VAMP7,6845.0,Del0.8,0.7
X-3873,VARS2,57176.0,MutNovel,"P132A,0.343"
X-3873,VBP1,7411.0,Del0.8,0.7
X-3873,VCPIP1,80124.0,Amp5,7.57
X-3873,VCY,9084.0,Del0.8,0.23
X-3873,VCY,9084.0,Del0.8,0.23
X-3873,VDR,7421.0,MutNovel,"G354E,0.343"
X-3873,VGLL1,51442.0,Del0.8,0.74
X-3873,VILL,50853.0,MutKnownFunctional,"R613*,0.700"
X-3873,VMA21,203547.0,Del0.8,0.74
X-3873,VMP1,81671.0,Amp8,9.71
X-3873,VPS13B,157680.0,MutNovel,"P858A,0.750"
X-3873,VPS13B,157680.0,MutNovel,"V3445M,0.672"
X-3873,VSIG1,340547.0,Del0.8,0.73
X-3873,WBP5,51186.0,Del0.8,0.73
X-3873,WBSCR17,64409.0,Amp5,6.02
X-3873,WDR24,84219.0,MutNovel,"E530K,0.244"
X-3873,WDR34,89891.0,Amp5,6.59
X-3873,WDR44,54521.0,Del0.8,0.74
X-3873,WDR5B,54554.0,MutNovel,"V299D,0.828"
X-3873,WDR91,29062.0,MutNovel,"K290Q,0.586"
X-3873,WDYHV1,55093.0,Amp5,7.46
X-3873,WFIKKN2,124857.0,Amp8,9.25
X-3873,WFS1,7466.0,MutNovel,"M657L,0.619"
X-3873,WHSC1,7468.0,MutNovel,"P1342S,0.414"
X-3873,WIPF2,147179.0,Amp8,14.52
X-3873,WNK3,65267.0,Amp8,8.22
X-3873,WWP1,11059.0,MutNovel,"R893H,0.556"
X-3873,WWP2,11060.0,MutNovel,"R202T,0.371"
X-3873,XAB2,56949.0,MutNovel,"T706M,0.415"
X-3873,XIAP,331.0,Del0.8,0.74
X-3873,XKRY2,353515.0,Del0.8,0.23
X-3873,XKRY2,353515.0,Del0.8,0.23
X-3873,XPNPEP2,7512.0,Del0.8,0.74
X-3873,XYLT2,64132.0,Amp8,9.25
X-3873,YKT6,10652.0,Amp5,5.06
X-3873,YTHDF3,253943.0,Amp5,5.74
X-3873,YWHAZ,7534.0,Amp8,8.57
X-3873,ZBED6,100381270.0,MutKnownFunctional,"S407*,0.206"
X-3873,ZBED6,100381270.0,MutKnownFunctional,"Q434*,0.261"
X-3873,ZBED6,100381270.0,MutNovel,"S509C,0.204"
X-3873,ZBTB10,65986.0,Amp5,7.52
X-3873,ZBTB33,10009.0,Del0.8,0.74
X-3873,ZBTB34,403341.0,Amp5,6.59
X-3873,ZBTB43,23099.0,Amp5,6.59
X-3873,ZBTB9,221504.0,MutKnownFunctional,"-298,0.293"
X-3873,ZC3H13,23091.0,MutNovel,"E1380Q,0.476"
X-3873,ZC3H13,23091.0,MutNovel,"R1321T,0.527"
X-3873,ZC3H14,79882.0,MutNovel,"P96A,1.000"
X-3873,ZCCHC12,170261.0,Del0.8,0.74
X-3873,ZCCHC16,340595.0,Del0.8,0.73
X-3873,ZCCHC18,644353.0,Del0.8,0.73
X-3873,ZCWPW1,55063.0,Amp5,5.98
X-3873,ZDHHC9,51114.0,Del0.8,0.74
X-3873,ZFP28,140612.0,MutNovel,"S780F,0.475"
X-3873,ZFP92,139735.0,Del0.8,0.74
X-3873,ZFY,7544.0,Del0.8,0.23
X-3873,ZHX1,11244.0,Amp5,7.46
X-3873,ZHX1-C8ORF76,100533106.0,Amp5,7.46
X-3873,ZIC3,7547.0,Del0.8,0.74
X-3873,ZMAT1,84460.0,Del0.8,0.73
X-3873,ZMIZ2,83637.0,Amp5,5.06
X-3873,ZMYND15,84225.0,MutNovel,"S635F,0.500"
X-3873,ZNF185,7739.0,Del0.8,0.74
X-3873,ZNF223,7766.0,MutNovel,"H222N,0.304"
X-3873,ZNF234,10780.0,MutNovel,"D291N,0.267"
X-3873,ZNF250,58500.0,MutNovel,"S117C,0.600"
X-3873,ZNF275,10838.0,Del0.8,0.74
X-3873,ZNF276,92822.0,MutNovel,"D313H,0.679"
X-3873,ZNF280C,55609.0,Del0.8,0.74
X-3873,ZNF295,49854.0,MutNovel,"R24H,0.473"
X-3873,ZNF302,55900.0,MutNovel,"H223Y,0.235"
X-3873,ZNF320,162967.0,MutNovel,"D227H,0.775"
X-3873,ZNF384,171017.0,MutNovel,"QQ514Q,0.419"
X-3873,ZNF449,203523.0,Del0.8,0.74
X-3873,ZNF461,92283.0,MutNovel,"R272H,0.220"
X-3873,ZNF518A,9849.0,MutNovel,"G997D,0.569"
X-3873,ZNF529,57711.0,MutNovel,"D35N,0.214"
X-3873,ZNF549,256051.0,MutNovel,"E614Q,0.294"
X-3873,ZNF570,148268.0,MutNovel,"R342S,0.619"
X-3873,ZNF575,284346.0,MutNovel,"R54C,1.000"
X-3873,ZNF575,284346.0,MutNovel,"H199D,0.667"
X-3873,ZNF596,169270.0,Del0.8,0.78
X-3873,ZNF598,90850.0,MutNovel,"R876P,1.000"
X-3873,ZNF600,162966.0,MutNovel,"K64N,0.745"
X-3873,ZNF652,22834.0,Amp8,17.75
X-3873,ZNF682,91120.0,MutKnownFunctional,"-473,0.538"
X-3873,ZNF705D,728957.0,Del0.8,0.72
X-3873,ZNF706,51123.0,Amp8,8.57
X-3873,ZNF75D,7626.0,Del0.8,0.74
X-3873,ZNF772,400720.0,MutNovel,"A4GP,0.636"
X-3873,ZNF79,7633.0,Amp5,6.59
X-3873,ZNF793,390927.0,MutNovel,"I388M,0.583"
X-3873,ZNF793,390927.0,MutNovel,"N393H,0.571"
X-3873,ZNF800,168850.0,MutNovel,"R246C,0.671"
X-3873,ZNF814,730051.0,MutNovel,"H296HI,0.625"
X-3873,ZNF837,116412.0,MutNovel,"G506E,0.935"
X-3873,ZNF841,284371.0,MutNovel,"E65Q,0.271"
X-3873,ZNF85,7639.0,MutNovel,"W63C,0.317"
X-3873,ZNF93,81931.0,MutNovel,"C262R,0.311"
X-3873,ZNRF3,84133.0,MutNovel,"P716L,0.577"
X-3873,ZPBP2,124626.0,Amp8,24.59
X-3873,ZSCAN29,146050.0,MutNovel,"H349N,0.521"
X-3873,ZZEF1,23140.0,MutNovel,"L914I,0.444"
X-3904,61E3.4,,MutNovel,"L845I,1.000"
X-3904,ABCA7,10347.0,MutNovel,"R1994L,0.346"
X-3904,ABCB9,23457.0,MutNovel,"E387D,0.465"
X-3904,ABHD11,83451.0,Del0.8,0.77
X-3904,ABHD11-AS1,171022.0,Del0.8,0.77
X-3904,ABHD13,84945.0,Del0.8,0.75
X-3904,ACOT1,641371.0,Del0.8,0.68
X-3904,ACOT8,10005.0,Amp5,5.06
X-3904,ACSL1,2180.0,Del0.8,0.76
X-3904,ACSL4,2182.0,Del0.8,0.79
X-3904,ACSM5,54988.0,MutNovel,"T533M,0.600"
X-3904,ACTA2,59.0,Del0.8,0.19
X-3904,ACTR5,79913.0,Amp5,5.06
X-3904,ACTRT1,139741.0,Del0.8,0.8
X-3904,ADA,100.0,Amp5,5.06
X-3904,ADAM18,8749.0,Del0.8,0.73
X-3904,ADAM2,2515.0,Del0.8,0.73
X-3904,ADAM28,10863.0,Del0.8,0.76
X-3904,ADAM29,11086.0,MutNovel,"T746M,0.500"
X-3904,ADAM29,11086.0,MutNovel,"V754S,0.455"
X-3904,ADAM29,11086.0,Del0.8,0.75
X-3904,ADAM32,203102.0,Del0.8,0.69
X-3904,ADAM3A,1587.0,Del0.8,0.21
X-3904,ADAM5P,255926.0,Del0.8,0.38
X-3904,ADAM7,8756.0,Del0.8,0.76
X-3904,ADAM9,8754.0,Del0.8,0.69
X-3904,ADAMDEC1,27299.0,Del0.8,0.76
X-3904,ADIG,149685.0,Amp5,5.06
X-3904,ADNP,23394.0,Amp5,5.35
X-3904,ADORA2B,136.0,Del0.8,0.78
X-3904,ADRA1A,148.0,Del0.8,0.73
X-3904,ADRB3,155.0,Amp5,6.63
X-3904,ADRM1,11047.0,Amp5,5.7
X-3904,AFF3,3899.0,MutNovel,"SA620-,0.326"
X-3904,AFF4,27125.0,MutNovel,"A27T,1.000"
X-3904,AGA,175.0,Del0.8,0.76
X-3904,AGAP7,653268.0,MutNovel,"D97E,1.000"
X-3904,AHNAK2,113146.0,MutNovel,"S1975Y,0.500"
X-3904,AIFM1,9131.0,Del0.8,0.8
X-3904,AIM1,202.0,Del0.8,0.71
X-3904,AK3,50808.0,Del0.8,0.72
X-3904,AKD1,221264.0,Del0.8,0.72
X-3904,ALDH3B1,221.0,MutNovel,"L262P,0.240"
X-3904,ALDH3B1,221.0,MutKnownFunctional,"-301?,0.524"
X-3904,ALDOC,230.0,MutNovel,"R289S,0.321"
X-3904,ALG13,79868.0,Del0.8,0.79
X-3904,ALS2CL,259173.0,MutNovel,"S827F,0.444"
X-3904,AMD1,262.0,Del0.8,0.72
X-3904,AMELY,266.0,Del0.8,0.22
X-3904,AMIGO3,386724.0,MutNovel,"R88C,0.478"
X-3904,AMMECR1,9949.0,Del0.8,0.79
X-3904,AMOT,154796.0,Del0.8,0.79
X-3904,ANAPC4,29945.0,Del0.8,0.78
X-3904,ANKRD10,55608.0,Del0.8,0.78
X-3904,ANKRD17,26057.0,MutNovel,"A1232T,0.352"
X-3904,ANKRD22,118932.0,Del0.8,0.18
X-3904,ANKRD36,375248.0,MutNovel,"T998S,0.257"
X-3904,ANKRD37,353322.0,Del0.8,0.76
X-3904,APC2,10297.0,MutNovel,"P2056Q,0.667"
X-3904,APCDD1L,164284.0,Amp5,5.7
X-3904,APLN,8862.0,Del0.8,0.8
X-3904,APLP2,334.0,MutNovel,"I489V,0.997"
X-3904,AREG,374.0,MutKnownFunctional,"-110?,0.333"
X-3904,ARGLU1,55082.0,Del0.8,0.75
X-3904,ARHGAP36,158763.0,Del0.8,0.8
X-3904,ARHGAP40,343578.0,Amp5,5.06
X-3904,ARHGAP44,9912.0,Del0.8,0.78
X-3904,ARHGEF15,22899.0,Del0.8,0.77
X-3904,ARHGEF5,7984.0,MutNovel,"W885R,0.882"
X-3904,ARHGEF7,8874.0,Del0.8,0.78
X-3904,ARMC2,84071.0,Del0.8,0.71
X-3904,ASB5,140458.0,Del0.8,0.76
X-3904,ASCC3,10973.0,Del0.8,0.72
X-3904,ASH2L,9070.0,Amp5,6.63
X-3904,ASPH,444.0,Amp8,9.85
X-3904,ASXL1,171023.0,MutNovel,"T1104P,0.280"
X-3904,ATAD1,84896.0,Del0.8,0.19
X-3904,ATAD3C,219293.0,MutNovel,"R152L,0.769"
X-3904,ATG4A,115201.0,Del0.8,0.79
X-3904,ATG5,9474.0,Del0.8,0.71
X-3904,ATP11A,23250.0,Del0.8,0.78
X-3904,ATP2B1,490.0,Del0.8,0.73
X-3904,ATP5E,514.0,Amp5,5.7
X-3904,ATP6V1B2,526.0,Del0.8,0.76
X-3904,ATP9A,10079.0,Amp5,5.9
X-3904,AUTS2,26053.0,Del0.8,0.77
X-3904,BAG4,9530.0,Amp5,6.63
X-3904,BASP1,10409.0,MutNovel,"P120L,0.405"
X-3904,BAZ1B,9031.0,Del0.8,0.77
X-3904,BCAS1,8537.0,Amp5,5.9
X-3904,BCL7B,9275.0,Del0.8,0.77
X-3904,BCL7C,9274.0,Amp5,6.96
X-3904,BCORL1,63035.0,Del0.8,0.8
X-3904,BCORP1,286554.0,Del0.8,0.22
X-3904,BEND3,57673.0,Del0.8,0.71
X-3904,BET3L,100128327.0,Del0.8,0.7
X-3904,BIN3,55909.0,Del0.8,0.76
X-3904,BMP1,649.0,Del0.8,0.76
X-3904,BNIP3L,665.0,Del0.8,0.74
X-3904,BPI,671.0,Amp5,5.06
X-3904,BPY2B,442867.0,Del0.8,0.22
X-3904,BPY2B,442867.0,Del0.8,0.22
X-3904,BRCA2,675.0,MutNovel,"L2688P,0.359"
X-3904,BRD7P3,23629.0,Del0.8,0.7
X-3904,BRE,9577.0,MutNovel,"V261L,0.248"
X-3904,BRF2,55290.0,Amp8,13.83
X-3904,BTG1,694.0,Del0.8,0.72
X-3904,BVES,11149.0,Del0.8,0.71
X-3904,C10orf47,254427.0,MutNovel,"P323R,0.852"
X-3904,C12orf74,338809.0,Del0.8,0.72
X-3904,C13orf35,400165.0,Del0.8,0.78
X-3904,C16orf93,90835.0,MutNovel,"E97D,0.330"
X-3904,C17orf48,56985.0,Del0.8,0.77
X-3904,C1orf87,127795.0,Del0.8,0.74
X-3904,C20orf11,54994.0,Amp5,5.7
X-3904,C20orf111,51526.0,MutNovel,"G144E,0.296"
X-3904,C20orf111,51526.0,Amp5,5.06
X-3904,C20orf151,140893.0,Amp5,5.7
X-3904,C20orf166,128826.0,Amp5,5.7
X-3904,C20orf166-AS1,253868.0,Amp5,5.7
X-3904,C20orf197,284756.0,Amp5,5.7
X-3904,C20orf20,55257.0,Amp5,5.7
X-3904,C4orf47,441054.0,Del0.8,0.76
X-3904,C4orf52,389203.0,Del0.8,0.73
X-3904,C5orf30,90355.0,Del0.8,0.69
X-3904,C6orf203,51250.0,Del0.8,0.71
X-3904,C6orf225,619208.0,Del0.8,0.72
X-3904,C8orf4,56892.0,Del0.8,0.73
X-3904,C8orf58,541565.0,Del0.8,0.76
X-3904,C8orf86,389649.0,Del0.8,0.69
X-3904,C9orf123,90871.0,Del0.8,0.74
X-3904,C9orf152,401546.0,MutNovel,"N184K,0.544"
X-3904,C9orf163,158055.0,MutNovel,"C98G,0.211"
X-3904,C9orf37,85026.0,MutNovel,"Y5H,0.215"
X-3904,C9orf66,157983.0,Del0.8,0.75
X-3904,CA8,767.0,Amp5,6.02
X-3904,CABLES2,81928.0,Amp5,5.7
X-3904,CACNG3,10368.0,Amp5,5.94
X-3904,CALN1,83698.0,Del0.8,0.77
X-3904,CAPN6,827.0,Del0.8,0.79
X-3904,CARKD,55739.0,Del0.8,0.78
X-3904,CARS2,79587.0,Del0.8,0.78
X-3904,CASP3,836.0,Del0.8,0.76
X-3904,CCDC110,256309.0,Del0.8,0.76
X-3904,CCDC111,201973.0,Del0.8,0.76
X-3904,CCDC146,57639.0,Del0.8,0.78
X-3904,CCDC149,91050.0,Del0.8,0.72
X-3904,CCDC162P,221262.0,Del0.8,0.72
X-3904,CCDC25,55246.0,Del0.8,0.73
X-3904,CCDC41,51134.0,Del0.8,0.75
X-3904,CCDC42,146849.0,Del0.8,0.77
X-3904,CCKAR,886.0,Del0.8,0.73
X-3904,CCNC,892.0,Del0.8,0.68
X-3904,CD164,8763.0,Del0.8,0.72
X-3904,CD274,29126.0,Del0.8,0.72
X-3904,CD40,958.0,Amp5,5.06
X-3904,CDC37L1,55664.0,Del0.8,0.72
X-3904,CDC40,51362.0,Del0.8,0.72
X-3904,CDC42BPG,55561.0,MutNovel,"R1403H,0.544"
X-3904,CDC42EP1,11135.0,MutNovel,"PAPAANPS253P,0.842"
X-3904,CDCA2,157313.0,Del0.8,0.76
X-3904,CDH22,64405.0,Amp5,5.06
X-3904,CDH26,60437.0,Amp5,5.7
X-3904,CDH4,1002.0,Amp5,5.7
X-3904,CDK17,5128.0,MutNovel,"Q111H,0.553"
X-3904,CDK19,23097.0,Del0.8,0.72
X-3904,CDKN2AIP,55602.0,Del0.8,0.76
X-3904,CDRT1,374286.0,Del0.8,0.78
X-3904,CDRT15,146822.0,Del0.8,0.78
X-3904,CDRT15P1,94158.0,Del0.8,0.78
X-3904,CDRT15P2,644694.0,Del0.8,0.78
X-3904,CDRT4,284040.0,Del0.8,0.78
X-3904,CDRT7,94150.0,Del0.8,0.78
X-3904,CDY1B,253175.0,Del0.8,0.22
X-3904,CDY1B,253175.0,Del0.8,0.22
X-3904,CDY2A,9426.0,Del0.8,0.22
X-3904,CDY2A,9426.0,Del0.8,0.22
X-3904,CDY2B,203611.0,Del0.8,0.22
X-3904,CDY2B,203611.0,Del0.8,0.22
X-3904,CEBPA,1050.0,MutNovel,"-197TR,0.245"
X-3904,CENPF,1063.0,MutNovel,"T649S,0.667"
X-3904,CENPJ,55835.0,MutNovel,"E1152Q,0.277"
X-3904,CENPV,201161.0,Del0.8,0.78
X-3904,CEP44,80817.0,Del0.8,0.75
X-3904,CEP57L1,285753.0,Del0.8,0.71
X-3904,CEP85L,387119.0,Del0.8,0.7
X-3904,CFHR1,3078.0,Amp5,5.54
X-3904,CFHR3,10878.0,Amp5,5.54
X-3904,CFL1P1,142913.0,Del0.8,0.2
X-3904,CH25H,9023.0,Del0.8,0.29
X-3904,CHAF1B,8208.0,MutNovel,"P395R,0.794"
X-3904,CHD6,84181.0,Amp5,5.06
X-3904,CHM,1121.0,MutNovel,"L648V,0.300"
X-3904,CHMP7,91782.0,Del0.8,0.76
X-3904,CHRDL1,91851.0,Del0.8,0.79
X-3904,CHRNA2,1135.0,Del0.8,0.73
X-3904,CITED2,10370.0,MutNovel,"H28Y,0.478"
X-3904,CLASRP,11129.0,MutNovel,"Y479N,0.246"
X-3904,CLCN2,1181.0,MutNovel,"R645PG,0.462"
X-3904,CLDN2,9075.0,Del0.8,0.79
X-3904,CLDN22,53842.0,Del0.8,0.76
X-3904,CLDN24,100132463.0,Del0.8,0.76
X-3904,CLDN3,1365.0,Del0.8,0.77
X-3904,CLDN4,1364.0,Del0.8,0.77
X-3904,CLIP2,7461.0,Del0.8,0.77
X-3904,CLLU1,574028.0,Del0.8,0.72
X-3904,CLLU1OS,574016.0,Del0.8,0.72
X-3904,CLU,1191.0,Del0.8,0.73
X-3904,CLVS1,157807.0,Amp8,8.11
X-3904,CMPK2,129607.0,MutNovel,"P60H,0.300"
X-3904,CNKSR1,10256.0,MutKnownFunctional,"-282,0.252"
X-3904,CNST,163882.0,MutNovel,"V696A,0.608"
X-3904,CNTNAP3B,728577.0,MutNovel,"G1195R,1.000"
X-3904,COL10A1,1300.0,Del0.8,0.7
X-3904,COL12A1,1303.0,Del0.8,0.73
X-3904,COL4A1,1282.0,Del0.8,0.78
X-3904,COL4A2,1284.0,Del0.8,0.78
X-3904,COL4A5,1287.0,Del0.8,0.79
X-3904,COL4A6,1288.0,Del0.8,0.79
X-3904,COL9A3,1299.0,Amp5,5.7
X-3904,COQ3,51805.0,Del0.8,0.68
X-3904,CORO1C,23603.0,MutNovel,"V4M,0.554"
X-3904,COX10,1352.0,Del0.8,0.78
X-3904,COX7A2,1347.0,Del0.8,0.73
X-3904,CRADD,8738.0,Del0.8,0.76
X-3904,CRAMP1L,57585.0,MutNovel,"E1173W,0.326"
X-3904,CRISPLD1,83690.0,Amp5,5.94
X-3904,CSGALNACT1,55790.0,Del0.8,0.78
X-3904,CSPG4P1Y,114758.0,Del0.8,0.22
X-3904,CSPG4P1Y,114758.0,Del0.8,0.22
X-3904,CTC1,80169.0,Del0.8,0.77
X-3904,CTF1,1489.0,Amp5,6.96
X-3904,CTNNBL1,56259.0,Amp5,5.06
X-3904,CTSA,5476.0,MutNovel,"R344H,0.743"
X-3904,CTSA,5476.0,Amp5,5.06
X-3904,CTSZ,1522.0,Amp5,5.7
X-3904,CUL4A,8451.0,Del0.8,0.78
X-3904,CUX1,1523.0,MutKnownFunctional,"-1244,0.585"
X-3904,CXorf30,645090.0,MutNovel,"F371Y,1.000"
X-3904,CXorf57,55086.0,Del0.8,0.79
X-3904,CXorf64,100130613.0,Del0.8,0.8
X-3904,CYP24A1,1591.0,Amp5,5.9
X-3904,CYP2J2,1573.0,Del0.8,0.74
X-3904,CYP4V2,285440.0,Del0.8,0.76
X-3904,CYP51A1,1595.0,MutNovel,"H263D,0.667"
X-3904,DAOA,267012.0,Del0.8,0.76
X-3904,DAOA-AS1,282706.0,Del0.8,0.76
X-3904,DAZ1,1617.0,Del0.8,0.22
X-3904,DAZ2,57055.0,Del0.8,0.22
X-3904,DAZ3,57054.0,Del0.8,0.22
X-3904,DAZ3,57054.0,Del0.8,0.22
X-3904,DAZ4,57135.0,Del0.8,0.22
X-3904,DAZ4,57135.0,Del0.8,0.22
X-3904,DBNDD2,55861.0,Amp5,5.06
X-3904,DCAF12L1,139170.0,Del0.8,0.8
X-3904,DCBLD1,285761.0,Del0.8,0.7
X-3904,DCN,1634.0,Del0.8,0.72
X-3904,DCTD,1635.0,Del0.8,0.76
X-3904,DCTN6,10671.0,Del0.8,0.73
X-3904,DCX,1641.0,Del0.8,0.79
X-3904,DDHD2,23259.0,Amp8,8.94
X-3904,DDO,8528.0,Del0.8,0.72
X-3904,DDX3Y,8653.0,Del0.8,0.22
X-3904,DEGS2,123099.0,MutNovel,"R38W,0.583"
X-3904,DENND4C,55667.0,MutNovel,"R332L,0.557"
X-3904,DHFR,1719.0,MutNovel,"R78T,1.000"
X-3904,DHRS7C,201140.0,Del0.8,0.77
X-3904,DHX15,1665.0,Del0.8,0.72
X-3904,DHX35,60625.0,Amp5,5.06
X-3904,DIDO1,11083.0,Amp5,5.7
X-3904,DKFZp686D0853,401613.0,Del0.8,0.79
X-3904,DMRT1,1761.0,Del0.8,0.74
X-3904,DMRT2,10655.0,Del0.8,0.74
X-3904,DMRT3,58524.0,Del0.8,0.74
X-3904,DNAH9,1770.0,Del0.8,0.78
X-3904,DNAJC30,84277.0,Del0.8,0.77
X-3904,DNTTIP1,116092.0,Amp5,5.06
X-3904,DOCK5,80005.0,Del0.8,0.76
X-3904,DOCK8,81704.0,Del0.8,0.75
X-3904,DOK2,9046.0,Del0.8,0.76
X-3904,DOK5,55816.0,Amp5,5.9
X-3904,DPH3P1,100132911.0,Amp5,5.7
X-3904,DPM1,8813.0,Amp5,5.9
X-3904,DPYSL2,1808.0,Del0.8,0.74
X-3904,DSE,29940.0,Del0.8,0.7
X-3904,DUSP13,51207.0,MutNovel,"A113T,1.000"
X-3904,DUSP26,78986.0,Del0.8,0.71
X-3904,DUSP4,1846.0,Del0.8,0.73
X-3904,DUSP6,1848.0,Del0.8,0.73
X-3904,DYNLL1,8655.0,MutNovel,"CIVGRNFG56C,0.215"
X-3904,DYRK1B,9149.0,MutKnownFunctional,"-545,0.205"
X-3904,EBF2,64641.0,Del0.8,0.74
X-3904,EDN3,1908.0,Amp5,5.7
X-3904,EEA1,8411.0,Del0.8,0.72
X-3904,EFNA5,1946.0,Del0.8,0.7
X-3904,EFNB2,1948.0,Del0.8,0.75
X-3904,EFR3B,22979.0,MutNovel,"R715Q,0.360"
X-3904,EGR3,1960.0,Del0.8,0.76
X-3904,EIF1AY,9086.0,Del0.8,0.22
X-3904,EIF4EBP1,1978.0,Amp5,6.63
X-3904,EIF4G1,1981.0,MutNovel,"EGEA472E,0.230"
X-3904,EIF4H,7458.0,Del0.8,0.77
X-3904,ELAC2,60528.0,Del0.8,0.78
X-3904,ELF4,2000.0,Del0.8,0.8
X-3904,ELL2,22936.0,MutNovel,"P377R,0.570"
X-3904,ELMO2,63916.0,Amp5,5.06
X-3904,ELN,2006.0,Del0.8,0.77
X-3904,ELP3,55140.0,Del0.8,0.73
X-3904,EMID1,129080.0,MutNovel,"G26R,0.882"
X-3904,EMILIN3,90187.0,Amp5,5.06
X-3904,ENOX2,10495.0,Del0.8,0.8
X-3904,ENPP6,133121.0,Del0.8,0.76
X-3904,ENTPD4,9583.0,Del0.8,0.76
X-3904,EPB49,2039.0,Del0.8,0.76
X-3904,EPHA1,2041.0,MutNovel,"T312S,0.304"
X-3904,EPHA6,285220.0,MutNovel,"E102K,0.500"
X-3904,EPHX2,2053.0,Del0.8,0.73
X-3904,EPN2,22905.0,MutNovel,"T508I,0.682"
X-3904,EPPK1,83481.0,MutNovel,"A2344T,0.209"
X-3904,EPYC,1833.0,Del0.8,0.72
X-3904,ERLIN2,11160.0,Amp8,13.83
X-3904,ERMP1,79956.0,Del0.8,0.72
X-3904,ESCO2,157570.0,Del0.8,0.73
X-3904,EXTL3,2137.0,Del0.8,0.73
X-3904,F10,2159.0,Del0.8,0.78
X-3904,F11,2160.0,Del0.8,0.76
X-3904,F7,2155.0,Del0.8,0.78
X-3904,FAM120C,54954.0,MutNovel,"P110RRP,0.750"
X-3904,FAM149A,25854.0,Del0.8,0.76
X-3904,FAM155A,728215.0,Del0.8,0.75
X-3904,FAM160B2,64760.0,Del0.8,0.76
X-3904,FAM162B,221303.0,Del0.8,0.7
X-3904,FAM174A,345757.0,Del0.8,0.68
X-3904,FAM18B2,201158.0,Del0.8,0.78
X-3904,FAM18B2-CDRT4,100533496.0,Del0.8,0.78
X-3904,FAM197Y2P,252946.0,Del0.8,0.22
X-3904,FAM20C,56975.0,MutNovel,"A218V,1.000"
X-3904,FAM22D,728130.0,Del0.8,0.33
X-3904,FAM26D,221301.0,Del0.8,0.7
X-3904,FAM26E,254228.0,Del0.8,0.7
X-3904,FAM26F,441168.0,Del0.8,0.7
X-3904,FAM41AY1,340618.0,Del0.8,0.22
X-3904,FAM41AY1,340618.0,Del0.8,0.22
X-3904,FAM45B,55855.0,Del0.8,0.8
X-3904,FAM83D,81610.0,Amp5,5.06
X-3904,FAM98B,283742.0,MutNovel,"R106C,0.464"
X-3904,FAN1,22909.0,MutKnownFunctional,"QK492H*,0.371"
X-3904,FAS,355.0,Del0.8,0.28
X-3904,FAS-AS1,100302740.0,Del0.8,0.28
X-3904,FASN,2194.0,MutNovel,"V1854A,0.210"
X-3904,FAT1,2195.0,Del0.8,0.76
X-3904,FBXL17,64839.0,Del0.8,0.7
X-3904,FBXL19,54620.0,Amp5,6.96
X-3904,FBXL19-AS1,283932.0,Amp5,6.96
X-3904,FBXL4,26235.0,Del0.8,0.68
X-3904,FBXO16,157574.0,Del0.8,0.73
X-3904,FBXO3,26273.0,MutNovel,"Y223D,0.273"
X-3904,FBXO42,54455.0,MutNovel,"P358S,0.375"
X-3904,FBXO8,26269.0,Del0.8,0.75
X-3904,FER,2241.0,Del0.8,0.7
X-3904,FGF17,8822.0,Del0.8,0.76
X-3904,FGGY,55277.0,Del0.8,0.74
X-3904,FGL2,10875.0,Del0.8,0.69
X-3904,FIG4,9896.0,Del0.8,0.72
X-3904,FILIP1,27145.0,Del0.8,0.73
X-3904,FITM2,128486.0,Amp5,5.06
X-3904,FKBP6,8468.0,Del0.8,0.77
X-3904,FLJ14107,80094.0,Del0.8,0.76
X-3904,FLJ34503,285759.0,Del0.8,0.72
X-3904,FLJ34690,284034.0,Del0.8,0.78
X-3904,FLJ35024,401491.0,Del0.8,0.74
X-3904,FLJ37201,283011.0,Del0.8,0.29
X-3904,FLJ39080,441355.0,Amp5,5.94
X-3904,FLJ45513,729220.0,MutNovel,"P72L,1.000"
X-3904,FOS,2353.0,MutNovel,"A100V,0.478"
X-3904,FOXO3,2309.0,Del0.8,0.71
X-3904,FRK,2444.0,Del0.8,0.7
X-3904,FRMD7,90167.0,Del0.8,0.8
X-3904,FUT10,84750.0,Del0.8,0.71
X-3904,FYN,2534.0,Del0.8,0.72
X-3904,FZD3,7976.0,Del0.8,0.73
X-3904,FZD9,8326.0,Del0.8,0.77
X-3904,GAGE2D,729408.0,MutNovel,"M96V,0.697"
X-3904,GALNT4,8693.0,Del0.8,0.73
X-3904,GAS7,8522.0,Del0.8,0.77
X-3904,GATA5,140628.0,Amp5,5.7
X-3904,GATSL1,389523.0,Del0.8,0.77
X-3904,GATSL2,729438.0,Del0.8,0.77
X-3904,GDAP1,54332.0,Amp5,5.94
X-3904,GDAP1L1,78997.0,Amp5,5.06
X-3904,GDE1,51573.0,Amp5,5.58
X-3904,GFRA2,2675.0,Del0.8,0.76
X-3904,GIN1,54826.0,Del0.8,0.69
X-3904,GLDC,2731.0,Del0.8,0.72
X-3904,GLIS3,169792.0,Del0.8,0.72
X-3904,GLIS3-AS1,84850.0,Del0.8,0.72
X-3904,GLP2R,9340.0,Del0.8,0.77
X-3904,GLRA3,8001.0,Del0.8,0.75
X-3904,GNAS,2778.0,Amp5,5.7
X-3904,GNAS-AS1,149775.0,Amp5,5.7
X-3904,GNRH1,2796.0,Del0.8,0.76
X-3904,GOLGA2P2Y,84559.0,Del0.8,0.22
X-3904,GOLGA2P2Y,84559.0,Del0.8,0.22
X-3904,GOLGA6D,653643.0,MutNovel,"R149Q,1.000"
X-3904,GOLGA6D,653643.0,MutNovel,"R161C,1.000"
X-3904,GOLGA6D,653643.0,MutNovel,"R193S,1.000"
X-3904,GOPC,57120.0,Del0.8,0.7
X-3904,GOT1L1,137362.0,Amp5,6.63
X-3904,GPC3,2719.0,Del0.8,0.66
X-3904,GPC4,2239.0,Del0.8,0.8
X-3904,GPM6A,2823.0,Del0.8,0.59
X-3904,GPR119,139760.0,Del0.8,0.8
X-3904,GPR124,25960.0,Amp8,13.83
X-3904,GPR125,166647.0,MutNovel,"L656F,0.667"
X-3904,GPR6,2830.0,Del0.8,0.72
X-3904,GPR63,81491.0,Del0.8,0.68
X-3904,GPRC6A,222545.0,Del0.8,0.7
X-3904,GPSM1,26086.0,MutNovel,"R365L,0.262"
X-3904,GRIK2,2898.0,Del0.8,0.73
X-3904,GRTP1,79774.0,Del0.8,0.78
X-3904,GSTM2P1,442245.0,Del0.8,0.72
X-3904,GSTT1,2952.0,Del0.8,0.65
X-3904,GTF2E2,2961.0,Del0.8,0.73
X-3904,GTF2I,2969.0,Del0.8,0.77
X-3904,GTF2IP1,2970.0,Del0.8,0.77
X-3904,GTF2IP1,2970.0,Del0.8,0.77
X-3904,GTF2IRD1,9569.0,Del0.8,0.77
X-3904,GTF2IRD2,84163.0,Del0.8,0.77
X-3904,GTF2IRD2B,389524.0,Del0.8,0.77
X-3904,GTF2IRD2P1,401375.0,Del0.8,0.77
X-3904,GTF3C6,112495.0,Del0.8,0.72
X-3904,GTPBP5,26164.0,Amp5,5.7
X-3904,GTSF1L,149699.0,Amp5,5.06
X-3904,GUCY2F,2986.0,Del0.8,0.79
X-3904,GYG2P1,352887.0,Del0.8,0.22
X-3904,HACE1,57531.0,Del0.8,0.72
X-3904,HCN2,610.0,MutNovel,"R76H,1.000"
X-3904,HDAC2,3066.0,Del0.8,0.72
X-3904,HELT,391723.0,Del0.8,0.76
X-3904,HINFP,25988.0,MutNovel,"I329M,0.437"
X-3904,HLA-G,3135.0,MutNovel,"T187E,0.364"
X-3904,HMBOX1,79618.0,Del0.8,0.73
X-3904,HNF4A,3172.0,Amp5,5.06
X-3904,HNF4G,3174.0,Amp5,5.94
X-3904,HOOK1,51361.0,Del0.8,0.74
X-3904,HPGD,3248.0,Del0.8,0.75
X-3904,HR,55806.0,Del0.8,0.76
X-3904,HRH3,11255.0,Amp5,5.7
X-3904,HS3ST3A1,9955.0,Del0.8,0.78
X-3904,HS3ST3B1,9953.0,Del0.8,0.78
X-3904,HS3ST5,222537.0,Del0.8,0.72
X-3904,HS6ST2,90161.0,Del0.8,0.8
X-3904,HSD3B7,80270.0,Amp5,6.96
X-3904,HSD52,729467.0,Del0.8,0.73
X-3904,HSFY2,159119.0,Del0.8,0.22
X-3904,HSFY2,159119.0,Del0.8,0.22
X-3904,HSPA4,3308.0,MutNovel,"A800S,0.300"
X-3904,HTR2C,3358.0,Del0.8,0.79
X-3904,HTRA4,203100.0,Del0.8,0.69
X-3904,IDO1,3620.0,Del0.8,0.73
X-3904,IDO2,169355.0,Del0.8,0.73
X-3904,IFIT1,3434.0,Del0.8,0.17
X-3904,IFIT1B,439996.0,Del0.8,0.12
X-3904,IFIT2,3433.0,Del0.8,0.25
X-3904,IFIT3,3437.0,Del0.8,0.24
X-3904,IFIT5,24138.0,Del0.8,0.24
X-3904,IFT52,51098.0,Amp5,5.06
X-3904,IGSF1,3547.0,Del0.8,0.8
X-3904,IKBKAP,8518.0,MutNovel,"K567R,0.311"
X-3904,IL33,90865.0,Del0.8,0.72
X-3904,IMPG1,3617.0,Del0.8,0.73
X-3904,INADL,10207.0,MutNovel,"L1459V,0.360"
X-3904,ING1,3621.0,Del0.8,0.78
X-3904,ING2,3622.0,Del0.8,0.76
X-3904,INSL4,3641.0,Del0.8,0.72
X-3904,INSL6,11172.0,Del0.8,0.72
X-3904,INTS10,55174.0,Del0.8,0.78
X-3904,INTS9,55756.0,Del0.8,0.73
X-3904,IPW,3653.0,Del0.8,0.78
X-3904,IRF2,3660.0,Del0.8,0.76
X-3904,IRS2,8660.0,Del0.8,0.75
X-3904,IRS4,8471.0,Del0.8,0.79
X-3904,IRX4,50805.0,MutNovel,"S386K,1.000"
X-3904,ITIH6,347365.0,MutNovel,"A860D,0.453"
X-3904,JAK2,3717.0,Del0.8,0.76
X-3904,JPH1,56704.0,Amp5,5.94
X-3904,JPH2,57158.0,Amp5,5.06
X-3904,JUN,3725.0,Del0.8,0.73
X-3904,KANK1,23189.0,Del0.8,0.76
X-3904,KBTBD4,55709.0,MutNovel,"R438H,0.380"
X-3904,KCNE1L,23630.0,Del0.8,0.79
X-3904,KCNG1,3755.0,Amp5,5.9
X-3904,KCNK15,60598.0,Amp5,5.06
X-3904,KCNS1,3787.0,Amp5,5.06
X-3904,KCNU1,157855.0,Del0.8,0.71
X-3904,KCNV2,169522.0,Del0.8,0.74
X-3904,KCTD7,154881.0,Del0.8,0.77
X-3904,KCTD9,54793.0,Del0.8,0.76
X-3904,KDM4C,23081.0,Del0.8,0.74
X-3904,KDM5D,8284.0,Del0.8,0.22
X-3904,KERA,11081.0,Del0.8,0.72
X-3904,KIAA0020,9933.0,Del0.8,0.74
X-3904,KIAA0930,23313.0,MutNovel,"H138R,0.510"
X-3904,KIAA1191,57179.0,MutNovel,"A170T,0.647"
X-3904,KIAA1430,57587.0,Del0.8,0.76
X-3904,KIAA1432,57589.0,Del0.8,0.72
X-3904,KIAA1755,85449.0,Amp5,5.06
X-3904,KIAA1919,91749.0,Del0.8,0.72
X-3904,KIAA1967,57805.0,Del0.8,0.76
X-3904,KIAA2026,158358.0,Del0.8,0.72
X-3904,KIF13B,23303.0,Del0.8,0.73
X-3904,KIF14,9928.0,MutNovel,"G250E,0.333"
X-3904,KIF20B,9585.0,Del0.8,0.21
X-3904,KLF2,10365.0,MutNovel,"P170L,0.600"
X-3904,KLHL2,11275.0,MutNovel,"E92G,0.216"
X-3904,KLHL32,114792.0,Del0.8,0.68
X-3904,KLKB1,3818.0,Del0.8,0.76
X-3904,KLLN,100144748.0,Del0.8,0.61
X-3904,KPNA5,3841.0,Del0.8,0.7
X-3904,KRBA2,124751.0,Del0.8,0.77
X-3904,KRT5,3852.0,MutNovel,"N412D,0.667"
X-3904,L3MBTL1,26013.0,Amp5,5.06
X-3904,LACE1,246269.0,Del0.8,0.71
X-3904,LAMA4,3910.0,Del0.8,0.72
X-3904,LAMA5,3911.0,Amp5,5.7
X-3904,LAMP1,3916.0,Del0.8,0.78
X-3904,LAT2,7462.0,Del0.8,0.77
X-3904,LATS2,26524.0,MutNovel,"P599T,0.298"
X-3904,LBP,3929.0,Amp5,5.06
X-3904,LCE3C,353144.0,Del0.8,0.2
X-3904,LEPROTL1,23484.0,Del0.8,0.73
X-3904,LGI2,55203.0,Del0.8,0.72
X-3904,LGI3,203190.0,Del0.8,0.76
X-3904,LHFPL1,340596.0,Del0.8,0.79
X-3904,LIG4,3981.0,Del0.8,0.75
X-3904,LIMK1,3984.0,Del0.8,0.77
X-3904,LINC00052,145978.0,Amp5,6.54
X-3904,LINC00174,285908.0,Del0.8,0.77
X-3904,LINC00222,387111.0,Del0.8,0.71
X-3904,LINC00290,728081.0,Del0.8,0.76
X-3904,LINC00324,284029.0,Del0.8,0.77
X-3904,LINC00346,283487.0,Del0.8,0.78
X-3904,LINC00460,728192.0,Del0.8,0.75
X-3904,LIPA,3988.0,Del0.8,0.15
X-3904,LIPF,8513.0,Del0.8,0.23
X-3904,LIPJ,142910.0,Del0.8,0.24
X-3904,LIPK,643414.0,Del0.8,0.23
X-3904,LIPM,340654.0,Del0.8,0.23
X-3904,LIPN,643418.0,Del0.8,0.23
X-3904,LMNB2,84823.0,MutNovel,"L431V,0.213"
X-3904,LOC100093631,100093631.0,Del0.8,0.77
X-3904,LOC100093631,100093631.0,Del0.8,0.77
X-3904,LOC100127888,100127888.0,Amp5,5.7
X-3904,LOC100128288,100128288.0,Del0.8,0.77
X-3904,LOC100128993,100128993.0,Del0.8,0.78
X-3904,LOC100130298,100130298.0,Amp5,5.9
X-3904,LOC100131060,100131060.0,Del0.8,0.73
X-3904,LOC100133050,100133050.0,Del0.8,0.68
X-3904,LOC100287792,100287792.0,Amp5,5.06
X-3904,LOC100289230,100289230.0,Del0.8,0.69
X-3904,LOC100289255,100289255.0,Del0.8,0.77
X-3904,LOC100289673,100289673.0,Del0.8,0.7
X-3904,LOC100422737,100422737.0,Del0.8,0.71
X-3904,LOC100505783,100505783.0,Amp5,5.06
X-3904,LOC100506229,100506229.0,Del0.8,0.76
X-3904,LOC100506384,100506384.0,Amp5,5.7
X-3904,LOC100506504,,MutNovel,"P83L,0.312"
X-3904,LOC100506804,100506804.0,Del0.8,0.73
X-3904,LOC100507156,100507156.0,Del0.8,0.76
X-3904,LOC100507341,100507341.0,Del0.8,0.73
X-3904,LOC144486,144486.0,Del0.8,0.75
X-3904,LOC149773,149773.0,Amp5,5.7
X-3904,LOC285441,285441.0,Del0.8,0.76
X-3904,LOC285501,285501.0,Del0.8,0.76
X-3904,LOC285540,285540.0,Del0.8,0.72
X-3904,LOC285758,285758.0,Del0.8,0.72
X-3904,LOC286059,286059.0,Del0.8,0.76
X-3904,LOC286114,286114.0,Del0.8,0.76
X-3904,LOC286135,286135.0,Del0.8,0.73
X-3904,LOC286467,286467.0,Del0.8,0.8
X-3904,LOC338758,338758.0,Del0.8,0.73
X-3904,LOC339568,339568.0,Amp5,5.06
X-3904,LOC339975,339975.0,Del0.8,0.76
X-3904,LOC388796,388796.0,Amp5,5.06
X-3904,LOC389247,389247.0,Del0.8,0.76
X-3904,LOC389641,389641.0,Del0.8,0.76
X-3904,LOC391322,391322.0,Del0.8,0.65
X-3904,LOC439994,439994.0,Del0.8,0.33
X-3904,LOC493754,493754.0,Del0.8,0.77
X-3904,LOC541473,541473.0,Del0.8,0.77
X-3904,LOC643339,643339.0,Del0.8,0.72
X-3904,LOC643529,643529.0,Del0.8,0.27
X-3904,LOC728012,728012.0,Del0.8,0.72
X-3904,LOC728024,728024.0,Amp8,13.83
X-3904,LOC728084,728084.0,Del0.8,0.73
X-3904,LOC728175,728175.0,Del0.8,0.76
X-3904,LOC728190,728190.0,Del0.8,0.67
X-3904,LOC728392,728392.0,MutNovel,"A119V,0.500"
X-3904,LOC731424,731424.0,Del0.8,0.76
X-3904,LOC79015,79015.0,Amp5,5.06
X-3904,LOXL2,4017.0,Del0.8,0.76
X-3904,LPIN3,64900.0,Amp5,5.06
X-3904,LPL,4023.0,Del0.8,0.78
X-3904,LRP2BP,55805.0,Del0.8,0.76
X-3904,LRRC48,83450.0,MutNovel,"E224D,0.625"
X-3904,LSM1,27257.0,Amp5,6.63
X-3904,LSM14B,149986.0,Amp5,5.7
X-3904,LSR,51599.0,MutNovel,"G518GR,0.793"
X-3904,LUM,4060.0,Del0.8,0.72
X-3904,LY96,23643.0,Amp5,5.94
X-3904,LZTS1,11178.0,Del0.8,0.76
X-3904,MAFB,9935.0,Amp5,5.06
X-3904,MAK16,84549.0,Del0.8,0.71
X-3904,MAN2A1,4124.0,Del0.8,0.7
X-3904,MAP2K4,6416.0,Del0.8,0.78
X-3904,MAP3K4,4216.0,MutNovel,"PA1189P,0.450"
X-3904,MARCKS,4082.0,Del0.8,0.72
X-3904,MATN4,8785.0,Amp5,5.06
X-3904,MBNL3,55796.0,Del0.8,0.8
X-3904,MBOAT4,619373.0,Del0.8,0.73
X-3904,MCF2L,23263.0,Del0.8,0.78
X-3904,MCF2L-AS1,100289410.0,Del0.8,0.78
X-3904,MCHR2,84539.0,Del0.8,0.72
X-3904,MDH1,4190.0,MutNovel,"E319K,0.329"
X-3904,MDM1,56890.0,MutNovel,"S560F,0.390"
X-3904,MDM2,4193.0,Amp5,5.03
X-3904,MEIS3P1,4213.0,Del0.8,0.78
X-3904,METTL22,79091.0,MutNovel,"G257E,0.238"
X-3904,MEX3A,92312.0,MutNovel,"G65R,0.667"
X-3904,MFSD6L,162387.0,Del0.8,0.77
X-3904,MGA,23269.0,MutNovel,"V2688I,0.477"
X-3904,MGC12916,84815.0,Del0.8,0.78
X-3904,MGC45800,90768.0,Del0.8,0.76
X-3904,MICAL1,64780.0,Del0.8,0.72
X-3904,MID2,11043.0,Del0.8,0.79
X-3904,MINPP1,9562.0,Del0.8,0.19
X-3904,MIR1-1,406904.0,Amp5,5.7
X-3904,MIR101-2,406894.0,Del0.8,0.72
X-3904,MIR107,406901.0,Del0.8,0.24
X-3904,MIR1257,100302168.0,Amp5,5.7
X-3904,MIR1264,100302251.0,Del0.8,0.79
X-3904,MIR1288,100302124.0,Del0.8,0.78
X-3904,MIR1298,100302153.0,Del0.8,0.79
X-3904,MIR1305,100302270.0,Del0.8,0.76
X-3904,MIR133A2,406923.0,Amp5,5.7
X-3904,MIR1911,100302222.0,Del0.8,0.79
X-3904,MIR1912,100302144.0,Del0.8,0.79
X-3904,MIR2052,100302260.0,Amp5,5.94
X-3904,MIR2113,100302164.0,Del0.8,0.68
X-3904,MIR296,407022.0,Amp5,5.7
X-3904,MIR298,100126296.0,Amp5,5.7
X-3904,MIR3148,100422876.0,Del0.8,0.73
X-3904,MIR3194,100422889.0,Amp5,5.9
X-3904,MIR320A,407037.0,Del0.8,0.76
X-3904,MIR3622A,100500858.0,Del0.8,0.73
X-3904,MIR3622B,100500871.0,Del0.8,0.73
X-3904,MIR3646,100500813.0,Amp5,5.06
X-3904,MIR3691,100500900.0,Del0.8,0.75
X-3904,MIR3914-1,100500836.0,Del0.8,0.77
X-3904,MIR3914-2,100500920.0,Del0.8,0.77
X-3904,MIR3945,100500818.0,Del0.8,0.76
X-3904,MIR3978,100616491.0,Del0.8,0.79
X-3904,MIR4275,100422937.0,Del0.8,0.75
X-3904,MIR4276,100423042.0,Del0.8,0.75
X-3904,MIR4284,100422948.0,Del0.8,0.77
X-3904,MIR4287,100422828.0,Del0.8,0.73
X-3904,MIR4288,100422903.0,Del0.8,0.73
X-3904,MIR4329,100423009.0,Del0.8,0.79
X-3904,MIR4470,100616484.0,Amp8,10.2
X-3904,MIR448,554212.0,Del0.8,0.79
X-3904,MIR4519,100616231.0,Amp5,6.96
X-3904,MIR4533,100616362.0,Amp5,5.7
X-3904,MIR4650-1,100616310.0,Del0.8,0.77
X-3904,MIR4650-1,100616310.0,Del0.8,0.77
X-3904,MIR4665,100616288.0,Del0.8,0.72
X-3904,MIR4678,100616296.0,Del0.8,0.14
X-3904,MIR4679-1,100616128.0,Del0.8,0.19
X-3904,MIR4679-2,100616192.0,Del0.8,0.19
X-3904,MIR4711,100616409.0,Del0.8,0.74
X-3904,MIR4731,100616125.0,Del0.8,0.78
X-3904,MIR4756,100616225.0,Amp5,5.9
X-3904,MIR4758,100616340.0,Amp5,5.7
X-3904,MIR548H3,100302287.0,Del0.8,0.68
X-3904,MIR548O2,100616190.0,Del0.8,0.73
X-3904,MIR573,693158.0,Del0.8,0.72
X-3904,MIR590,693175.0,Del0.8,0.77
X-3904,MIR744,100126313.0,Del0.8,0.78
X-3904,MIR762,100313837.0,Amp5,6.96
X-3904,MIR764,100313838.0,Del0.8,0.79
X-3904,MKRN7P,7686.0,Amp5,5.06
X-3904,MLANA,2315.0,Del0.8,0.72
X-3904,MLF1IP,79682.0,Del0.8,0.76
X-3904,MLL4,9757.0,MutNovel,"D2126N,0.308"
X-3904,MLXIPL,51085.0,Del0.8,0.77
X-3904,MMACHC,25974.0,MutNovel,"R273S,0.278"
X-3904,MMP9,4318.0,Amp5,5.06
X-3904,MMS22L,253714.0,Del0.8,0.68
X-3904,MOCS3,27304.0,Amp5,5.9
X-3904,MORC4,79710.0,Del0.8,0.79
X-3904,MPRIP,23164.0,MutNovel,"TS178T,0.434"
X-3904,MRPL11,65003.0,MutNovel,"L151P,0.401"
X-3904,MRPL4,51073.0,MutNovel,"P56R,0.395"
X-3904,MRPS34,65993.0,MutKnownFunctional,"Q32*,0.314"
X-3904,MST4,51765.0,Del0.8,0.8
X-3904,MTNR1A,4543.0,Del0.8,0.76
X-3904,MUC19,,MutNovel,"C5662S,1.000"
X-3904,MUC19,,MutNovel,"L7558P,0.611"
X-3904,MUC20,200958.0,MutNovel,"F12-,0.256"
X-3904,MUC21,394263.0,MutNovel,"A207V,0.500"
X-3904,MUC5AC,,MutNovel,"A1442K,0.964"
X-3904,MUC5B,727897.0,MutNovel,"R3288G,0.971"
X-3904,MUM1L1,139221.0,Del0.8,0.79
X-3904,MYBL2,4605.0,Amp5,5.06
X-3904,MYH1,4619.0,MutNovel,"D1234N,1.000"
X-3904,MYH1,4619.0,Del0.8,0.77
X-3904,MYH10,4628.0,Del0.8,0.77
X-3904,MYH13,8735.0,Del0.8,0.77
X-3904,MYH2,4620.0,Del0.8,0.77
X-3904,MYH3,4621.0,Del0.8,0.77
X-3904,MYH4,4622.0,Del0.8,0.77
X-3904,MYH8,4626.0,Del0.8,0.77
X-3904,MYL12A,10627.0,MutNovel,"N38Y,0.521"
X-3904,MYO16,23026.0,Del0.8,0.75
X-3904,MYO18A,399687.0,MutKnownFunctional,"S572*,0.333"
X-3904,MYO1F,4542.0,MutNovel,"G975E,0.600"
X-3904,MYO5A,4644.0,MutNovel,"F444L,0.471"
X-3904,MYO6,4646.0,Del0.8,0.73
X-3904,MYOCD,93649.0,Del0.8,0.78
X-3904,MYSM1,114803.0,Del0.8,0.73
X-3904,NAT1,9.0,Del0.8,0.78
X-3904,NAT2,10.0,Del0.8,0.78
X-3904,NBAS,51594.0,MutNovel,"L332F,0.367"
X-3904,NBEA,26960.0,MutNovel,"G411R,0.333"
X-3904,NBPF24,,MutNovel,"R121L,0.417"
X-3904,NBPF9,400818.0,MutNovel,"Q184R,1.000"
X-3904,NCF1,653361.0,Del0.8,0.77
X-3904,NCF1B,654816.0,Del0.8,0.77
X-3904,NCF1C,654817.0,Del0.8,0.77
X-3904,NCOA5,57727.0,Amp5,5.06
X-3904,NCOR1,9611.0,Del0.8,0.78
X-3904,NCOR2,9612.0,MutNovel,"G1839GAAA,0.308"
X-3904,NCRNA00185,55410.0,Del0.8,0.22
X-3904,NCSTN,23385.0,MutNovel,"I42V,0.543"
X-3904,NDEL1,81565.0,Del0.8,0.77
X-3904,NDUFAF4,29078.0,Del0.8,0.68
X-3904,NEFL,4747.0,Del0.8,0.76
X-3904,NEFM,4741.0,Del0.8,0.76
X-3904,NEIL3,55247.0,Del0.8,0.76
X-3904,NEURL2,140825.0,Amp5,5.06
X-3904,NFATC1,4772.0,MutNovel,"R707H,0.769"
X-3904,NFATC2,4773.0,Amp5,5.9
X-3904,NKAIN3,286183.0,Amp5,5.46
X-3904,NKX2-6,137814.0,Del0.8,0.76
X-3904,NKX3-1,4824.0,Del0.8,0.76
X-3904,NLGN4Y,22829.0,Del0.8,0.22
X-3904,NMRAL1,57407.0,MutNovel,"V54A,0.367"
X-3904,NPEPL1,79716.0,Amp5,5.7
X-3904,NPIPL3,23117.0,MutNovel,"R780H,0.850"
X-3904,NPM2,10361.0,Del0.8,0.76
X-3904,NR1H2,7376.0,MutNovel,"-173Q,0.850"
X-3904,NR2E1,7101.0,Del0.8,0.71
X-3904,NRG1,3084.0,Del0.8,0.71
X-3904,NRK,203447.0,Del0.8,0.79
X-3904,NSUN5,55695.0,Del0.8,0.77
X-3904,NSUN5P2,260294.0,Del0.8,0.77
X-3904,NT5DC1,221294.0,Del0.8,0.7
X-3904,NTN1,9423.0,Del0.8,0.77
X-3904,NTSR1,4923.0,Amp5,5.7
X-3904,NUDT12,83594.0,Del0.8,0.69
X-3904,NUDT18,79873.0,Del0.8,0.76
X-3904,NUDT4,11163.0,Del0.8,0.72
X-3904,NUP62CL,54830.0,Del0.8,0.79
X-3904,NUS1,116150.0,Del0.8,0.7
X-3904,NXT2,55916.0,Del0.8,0.79
X-3904,OCRL,4952.0,Del0.8,0.8
X-3904,ODF4,146852.0,Del0.8,0.77
X-3904,ODZ3,55714.0,Del0.8,0.76
X-3904,OGFR,11054.0,Amp5,5.7
X-3904,OMA1,115209.0,Del0.8,0.73
X-3904,OR13H1,347468.0,Del0.8,0.8
X-3904,OR2T10,127069.0,Amp5,6.32
X-3904,ORAI1,84876.0,MutNovel,"PP43-,0.816"
X-3904,ORAI3,93129.0,Amp5,6.96
X-3904,OSBPL2,9885.0,Amp5,5.7
X-3904,OSTM1,28962.0,Del0.8,0.71
X-3904,PABPC1L,80336.0,Amp5,5.06
X-3904,PAGE2,203569.0,MutNovel,"A109V,0.823"
X-3904,PAK3,5063.0,Del0.8,0.79
X-3904,PAM,5066.0,Del0.8,0.69
X-3904,PANK1,53354.0,Del0.8,0.2
X-3904,PAPSS2,9060.0,Del0.8,0.26
X-3904,PAR-SN,347746.0,Del0.8,0.78
X-3904,PAR1,145624.0,Del0.8,0.78
X-3904,PAR4,347745.0,Del0.8,0.78
X-3904,PAR5,8123.0,Del0.8,0.78
X-3904,PBK,55872.0,Del0.8,0.73
X-3904,PCDH11Y,83259.0,Del0.8,0.22
X-3904,PCDH7,5099.0,Del0.8,0.71
X-3904,PCDHB13,56123.0,MutNovel,"S534T,1.000"
X-3904,PCID2,55795.0,Del0.8,0.78
X-3904,PCIF1,63935.0,Amp5,5.06
X-3904,PDCD1LG2,80380.0,Del0.8,0.72
X-3904,PDLIM2,64236.0,Del0.8,0.76
X-3904,PDLIM3,27295.0,Del0.8,0.76
X-3904,PDPR,55066.0,MutKnownFunctional,"-111,0.667"
X-3904,PDSS2,57107.0,Del0.8,0.71
X-3904,PEBP4,157310.0,Del0.8,0.76
X-3904,PEX2,5828.0,Amp5,5.94
X-3904,PFAS,5198.0,Del0.8,0.77
X-3904,PFDN4,5203.0,Amp5,5.9
X-3904,PHACTR3,116154.0,Amp5,5.7
X-3904,PHLDA1,22822.0,MutNovel,"QQ194Q,0.648"
X-3904,PHLPP1,23239.0,MutNovel,"D346E,0.500"
X-3904,PHTF2,57157.0,Del0.8,0.69
X-3904,PHYHIP,9796.0,Del0.8,0.76
X-3904,PI15,51050.0,Amp5,5.94
X-3904,PI3,5266.0,Amp5,5.06
X-3904,PI4K2B,55300.0,Del0.8,0.59
X-3904,PIGL,9487.0,Del0.8,0.78
X-3904,PIGT,51604.0,Amp5,5.06
X-3904,PIK3R4,30849.0,MutNovel,"I354F,0.209"
X-3904,PIK3R5,23533.0,Del0.8,0.77
X-3904,PIK3R6,146850.0,Del0.8,0.77
X-3904,PION,54103.0,Del0.8,0.69
X-3904,PIRT,644139.0,Del0.8,0.77
X-3904,PIWIL2,55124.0,Del0.8,0.76
X-3904,PJA2,9867.0,Del0.8,0.7
X-3904,PKIG,11142.0,Amp5,5.06
X-3904,PLCG1,5335.0,Amp5,5.06
X-3904,PLEKHA2,59339.0,Del0.8,0.69
X-3904,PLEKHG7,440107.0,Del0.8,0.72
X-3904,PLEKHH3,79990.0,MutNovel,"D532G,1.000"
X-3904,PLEKHM2,23207.0,MutNovel,"G509E,0.314"
X-3904,PLN,5350.0,Del0.8,0.7
X-3904,PLOD3,8985.0,MutNovel,"G291A,0.580"
X-3904,PLTP,5360.0,Amp5,5.06
X-3904,PLXNC1,10154.0,Del0.8,0.75
X-3904,PMP22,5376.0,Del0.8,0.78
X-3904,PMS2L2,5380.0,Del0.8,0.77
X-3904,PMS2L2,5380.0,Del0.8,0.77
X-3904,PMS2P4,5382.0,Del0.8,0.77
X-3904,PMS2P5,5383.0,Del0.8,0.77
X-3904,PNISR,25957.0,Del0.8,0.68
X-3904,PNMA2,10687.0,Del0.8,0.74
X-3904,PNOC,5368.0,Del0.8,0.73
X-3904,POC1B,282809.0,Del0.8,0.73
X-3904,POC1B-GALNT4,100528030.0,Del0.8,0.73
X-3904,POLR2B,5431.0,MutNovel,"N876K,0.335"
X-3904,POLR3D,661.0,Del0.8,0.76
X-3904,POM121,9883.0,Del0.8,0.77
X-3904,POMZP3,22932.0,Del0.8,0.72
X-3904,POPDC3,64208.0,Del0.8,0.71
X-3904,POTEH,23784.0,MutNovel,"M464V,0.900"
X-3904,POTEJ,,MutNovel,"L286P,1.000"
X-3904,POTEJ,,MutNovel,"I292V,1.000"
X-3904,POU3F2,5454.0,Del0.8,0.68
X-3904,PPAPDC1B,84513.0,Amp8,14.03
X-3904,PPAPDC2,403313.0,Del0.8,0.72
X-3904,PPARGC1A,10891.0,Del0.8,0.72
X-3904,PPIL6,285755.0,Del0.8,0.72
X-3904,PPIP5K2,23262.0,Del0.8,0.69
X-3904,PPP1R16B,26051.0,Amp5,5.06
X-3904,PPP1R3D,5509.0,Amp5,5.7
X-3904,PPP2CB,5516.0,Del0.8,0.71
X-3904,PPP2R2A,5520.0,Del0.8,0.74
X-3904,PPP3CC,5533.0,Del0.8,0.76
X-3904,PRDM1,639.0,Del0.8,0.71
X-3904,PRDM13,59336.0,Del0.8,0.68
X-3904,PRDM6,93166.0,MutNovel,"P64A,1.000"
X-3904,PREP,5550.0,Del0.8,0.71
X-3904,PRKCB,5579.0,Amp5,7.46
X-3904,PRKY,5616.0,Del0.8,0.22
X-3904,PROSC,11212.0,Amp8,13.83
X-3904,PROZ,8858.0,Del0.8,0.78
X-3904,PRPS1,5631.0,Del0.8,0.79
X-3904,PRY,9081.0,Del0.8,0.22
X-3904,PRY,9081.0,Del0.8,0.22
X-3904,PRY2,442862.0,Del0.8,0.22
X-3904,PRY2,442862.0,Del0.8,0.22
X-3904,PSD3,23362.0,Del0.8,0.78
X-3904,PSMA7,5688.0,Amp5,5.7
X-3904,PSMD10,5716.0,Del0.8,0.79
X-3904,PTEN,5728.0,Del0.8,0.47
X-3904,PTK2B,2185.0,Del0.8,0.73
X-3904,PTPN12,5782.0,Del0.8,0.69
X-3904,PTPRT,11122.0,Amp5,5.06
X-3904,PURG,29942.0,Del0.8,0.71
X-3904,PWRN1,791114.0,Del0.8,0.78
X-3904,PWRN2,791115.0,Del0.8,0.75
X-3904,QRSL1,55278.0,Del0.8,0.71
X-3904,R3HCC1,203069.0,Del0.8,0.76
X-3904,R3HDML,140902.0,Amp5,5.06
X-3904,RAB11FIP1,80223.0,Amp8,9.58
X-3904,RAB13,5872.0,MutNovel,"KN195N,0.661"
X-3904,RAB20,55647.0,Del0.8,0.78
X-3904,RAB22A,57403.0,Amp5,5.28
X-3904,RAB33A,9363.0,Del0.8,0.8
X-3904,RAB9BP1,9366.0,Del0.8,0.7
X-3904,RABGEF1,27342.0,Del0.8,0.77
X-3904,RALGAPB,57148.0,Amp5,5.06
X-3904,RANBP6,26953.0,Del0.8,0.72
X-3904,RANGRF,29098.0,Del0.8,0.77
X-3904,RAP2C,57826.0,Del0.8,0.8
X-3904,RARS2,57038.0,MutNovel,"K291G,0.590"
X-3904,RBM41,55285.0,Del0.8,0.79
X-3904,RBMX2,51634.0,Del0.8,0.8
X-3904,RBMY1A3P,286557.0,Del0.8,0.22
X-3904,RBMY1B,378948.0,Del0.8,0.22
X-3904,RBMY1B,378948.0,Del0.8,0.22
X-3904,RBMY1E,378950.0,Del0.8,0.22
X-3904,RBMY1E,378950.0,Del0.8,0.22
X-3904,RBMY1F,159163.0,Del0.8,0.22
X-3904,RBMY1F,159163.0,Del0.8,0.22
X-3904,RBMY1J,378951.0,Del0.8,0.22
X-3904,RBMY1J,378951.0,Del0.8,0.22
X-3904,RBMY2EP,159125.0,Del0.8,0.22
X-3904,RBMY2FP,159162.0,Del0.8,0.22
X-3904,RBMY3AP,64593.0,Del0.8,0.22
X-3904,RBPJ,3516.0,Del0.8,0.73
X-3904,RBPJL,11317.0,Amp5,5.06
X-3904,RBPMS,11030.0,Del0.8,0.73
X-3904,RCL1,10171.0,Del0.8,0.72
X-3904,RCVRN,5957.0,Del0.8,0.77
X-3904,REEP4,80346.0,Del0.8,0.76
X-3904,REV3L,5980.0,Del0.8,0.72
X-3904,RFC2,5982.0,Del0.8,0.77
X-3904,RFPL4B,442247.0,Del0.8,0.72
X-3904,RFX3,5991.0,Del0.8,0.72
X-3904,RFX6,222546.0,Del0.8,0.7
X-3904,RGAG1,57529.0,Del0.8,0.79
X-3904,RHOBTB2,23221.0,Del0.8,0.76
X-3904,RHOQ,23433.0,MutNovel,"G4W,0.383"
X-3904,RIMS4,140730.0,Amp5,5.06
X-3904,RIPPLY1,92129.0,Del0.8,0.79
X-3904,RLN1,6013.0,Del0.8,0.72
X-3904,RLN2,6019.0,Del0.8,0.72
X-3904,RNF122,79845.0,Del0.8,0.71
X-3904,RNF128,79589.0,Del0.8,0.79
X-3904,RNF169,254225.0,MutNovel,"P75S,0.667"
X-3904,RNF222,643904.0,Del0.8,0.77
X-3904,RNF5P1,286140.0,Del0.8,0.69
X-3904,RNLS,55328.0,Del0.8,0.22
X-3904,ROS1,6098.0,Del0.8,0.7
X-3904,RPF2,84154.0,Del0.8,0.72
X-3904,RPL13AP17,399670.0,Del0.8,0.7
X-3904,RPL26,6154.0,Del0.8,0.77
X-3904,RPRD1B,58490.0,Amp5,5.06
X-3904,RPS21,6227.0,Amp5,5.7
X-3904,RPS4Y1,6192.0,Del0.8,0.22
X-3904,RPS4Y2,140032.0,Del0.8,0.22
X-3904,RSBN1L,222194.0,Del0.8,0.69
X-3904,RSC1A1,6248.0,MutNovel,"T127R,0.299"
X-3904,RSPH4A,345895.0,Del0.8,0.7
X-3904,RTN4IP1,84816.0,Del0.8,0.71
X-3904,RWDD1,51389.0,Del0.8,0.7
X-3904,RWDD4,201965.0,Del0.8,0.76
X-3904,SALL4,57167.0,Amp5,5.9
X-3904,SAMD1,90378.0,MutNovel,"P121K,0.333"
X-3904,SASH3,54440.0,Del0.8,0.8
X-3904,SBDS,51119.0,Del0.8,0.77
X-3904,SBDSP1,155370.0,Del0.8,0.77
X-3904,SBNO2,22904.0,MutNovel,"A810D,0.580"
X-3904,SCARA3,51435.0,Del0.8,0.73
X-3904,SCARA5,286133.0,Del0.8,0.73
X-3904,SCML4,256380.0,Del0.8,0.71
X-3904,SCO1,6341.0,Del0.8,0.77
X-3904,SCUBE2,57758.0,MutNovel,"LP22P,0.703"
X-3904,SDC4,6385.0,Amp5,5.06
X-3904,SEC63,11231.0,Del0.8,0.71
X-3904,SEL1L3,23231.0,Del0.8,0.73
X-3904,SEMA7A,8482.0,MutNovel,"P14T,1.000"
X-3904,SEMG1,6406.0,Amp5,5.06
X-3904,SEMG2,6407.0,Amp5,5.06
X-3904,SENP6,26054.0,Del0.8,0.73
X-3904,SEPHS1,22929.0,MutNovel,"A297S,0.212"
X-3904,SEPSECS,51091.0,Del0.8,0.72
X-3904,SERINC2,347735.0,MutNovel,"-373Q,0.771"
X-3904,SERINC3,10955.0,Amp5,5.06
X-3904,SERPINA7,6906.0,Del0.8,0.79
X-3904,SESN1,27244.0,Del0.8,0.71
X-3904,SETD1A,9739.0,Amp5,6.96
X-3904,SFTPC,6440.0,Del0.8,0.76
X-3904,SGK2,10110.0,Amp5,5.06
X-3904,SH2D4A,63898.0,Del0.8,0.78
X-3904,SIM1,6492.0,Del0.8,0.72
X-3904,SLC12A5,57468.0,Amp5,5.06
X-3904,SLC15A4,121260.0,MutNovel,"R102W,1.000"
X-3904,SLC16A10,117247.0,Del0.8,0.72
X-3904,SLC16A12,387700.0,Del0.8,0.24
X-3904,SLC17A9,63910.0,Amp5,5.7
X-3904,SLC1A1,6505.0,Del0.8,0.72
X-3904,SLC22A16,85413.0,Del0.8,0.72
X-3904,SLC25A14,9016.0,Del0.8,0.8
X-3904,SLC25A35,399512.0,Del0.8,0.77
X-3904,SLC25A37,51312.0,Del0.8,0.76
X-3904,SLC25A4,291.0,Del0.8,0.76
X-3904,SLC25A46,91137.0,Del0.8,0.71
X-3904,SLC32A1,140679.0,Amp5,5.06
X-3904,SLC34A2,10568.0,Del0.8,0.78
X-3904,SLC35C2,51006.0,Amp5,5.06
X-3904,SLC35F1,222553.0,Del0.8,0.7
X-3904,SLC39A14,23516.0,Del0.8,0.76
X-3904,SLCO4A1,28231.0,Amp5,5.7
X-3904,SLCO4C1,353189.0,Del0.8,0.69
X-3904,SLCO6A1,133482.0,Del0.8,0.69
X-3904,SLED1,643036.0,Del0.8,0.76
X-3904,SLMO2,51012.0,Amp5,5.7
X-3904,SLMO2-ATP5E,100533975.0,Amp5,5.7
X-3904,SLPI,6590.0,Amp5,5.06
X-3904,SMARCA1,6594.0,Del0.8,0.8
X-3904,SMARCA2,6595.0,Del0.8,0.74
X-3904,SMPD2,6610.0,Del0.8,0.72
X-3904,SNHG11,128439.0,Amp5,5.06
X-3904,SNORA35,677816.0,Del0.8,0.79
X-3904,SNORA39,677821.0,Amp5,5.06
X-3904,SNORA71A,26777.0,Amp5,5.06
X-3904,SNORA71B,26776.0,Amp5,5.06
X-3904,SNORA71C,677839.0,Amp5,5.06
X-3904,SNORA71D,677840.0,Amp5,5.06
X-3904,SNORD109B,338429.0,Del0.8,0.78
X-3904,SNORD115-1,338433.0,Del0.8,0.78
X-3904,SNORD115-10,100033447.0,Del0.8,0.78
X-3904,SNORD115-11,100033448.0,Del0.8,0.78
X-3904,SNORD115-13,100033450.0,Del0.8,0.78
X-3904,SNORD115-14,100033451.0,Del0.8,0.78
X-3904,SNORD115-15,100033453.0,Del0.8,0.78
X-3904,SNORD115-16,100033454.0,Del0.8,0.78
X-3904,SNORD115-17,100033455.0,Del0.8,0.78
X-3904,SNORD115-2,100033437.0,Del0.8,0.78
X-3904,SNORD115-22,100033799.0,Del0.8,0.78
X-3904,SNORD115-24,100036563.0,Del0.8,0.78
X-3904,SNORD115-25,100033801.0,Del0.8,0.78
X-3904,SNORD115-26,100033802.0,Del0.8,0.78
X-3904,SNORD115-27,100036564.0,Del0.8,0.78
X-3904,SNORD115-28,100036565.0,Del0.8,0.78
X-3904,SNORD115-3,100033440.0,Del0.8,0.78
X-3904,SNORD115-30,100033804.0,Del0.8,0.78
X-3904,SNORD115-31,100033805.0,Del0.8,0.78
X-3904,SNORD115-32,100033806.0,Del0.8,0.78
X-3904,SNORD115-33,100033807.0,Del0.8,0.78
X-3904,SNORD115-35,100033809.0,Del0.8,0.78
X-3904,SNORD115-37,100033811.0,Del0.8,0.78
X-3904,SNORD115-38,100033812.0,Del0.8,0.78
X-3904,SNORD115-39,100033813.0,Del0.8,0.78
X-3904,SNORD115-4,100033441.0,Del0.8,0.78
X-3904,SNORD115-40,100033814.0,Del0.8,0.78
X-3904,SNORD115-41,100033815.0,Del0.8,0.78
X-3904,SNORD115-44,100033818.0,Del0.8,0.78
X-3904,SNORD115-45,100036566.0,Del0.8,0.78
X-3904,SNORD115-47,100036567.0,Del0.8,0.78
X-3904,SNORD115-48,100033822.0,Del0.8,0.78
X-3904,SNORD115-5,100033442.0,Del0.8,0.78
X-3904,SNORD115-6,100033443.0,Del0.8,0.78
X-3904,SNORD115-7,100033444.0,Del0.8,0.78
X-3904,SNORD115-8,100033445.0,Del0.8,0.78
X-3904,SNORD115-9,100033446.0,Del0.8,0.78
X-3904,SNORD116-1,100033413.0,Del0.8,0.78
X-3904,SNORD116-10,100033422.0,Del0.8,0.78
X-3904,SNORD116-11,100033423.0,Del0.8,0.78
X-3904,SNORD116-12,100033424.0,Del0.8,0.78
X-3904,SNORD116-13,100033425.0,Del0.8,0.78
X-3904,SNORD116-14,100033426.0,Del0.8,0.78
X-3904,SNORD116-15,100033427.0,Del0.8,0.78
X-3904,SNORD116-16,100033428.0,Del0.8,0.78
X-3904,SNORD116-18,100033430.0,Del0.8,0.78
X-3904,SNORD116-19,727708.0,Del0.8,0.78
X-3904,SNORD116-2,100033414.0,Del0.8,0.78
X-3904,SNORD116-20,100033431.0,Del0.8,0.78
X-3904,SNORD116-22,100033433.0,Del0.8,0.78
X-3904,SNORD116-23,100033434.0,Del0.8,0.78
X-3904,SNORD116-24,100033435.0,Del0.8,0.78
X-3904,SNORD116-25,100033436.0,Del0.8,0.78
X-3904,SNORD116-26,100033438.0,Del0.8,0.78
X-3904,SNORD116-27,100033439.0,Del0.8,0.78
X-3904,SNORD116-28,100033820.0,Del0.8,0.78
X-3904,SNORD116-29,100033821.0,Del0.8,0.78
X-3904,SNORD116-3,100033415.0,Del0.8,0.78
X-3904,SNORD116-4,100033416.0,Del0.8,0.78
X-3904,SNORD116-5,100033417.0,Del0.8,0.78
X-3904,SNORD116-8,100033420.0,Del0.8,0.78
X-3904,SNORD96B,692226.0,Del0.8,0.79
X-3904,SNRPN,6638.0,Del0.8,0.78
X-3904,SNURF,8926.0,Del0.8,0.78
X-3904,SNX21,90203.0,Amp5,5.06
X-3904,SNX25,83891.0,Del0.8,0.76
X-3904,SNX3,8724.0,Del0.8,0.71
X-3904,SOBP,55084.0,Del0.8,0.71
X-3904,SOCS1,8651.0,MutNovel,"Q210H,0.500"
X-3904,SOCS2,8835.0,Del0.8,0.76
X-3904,SOD3,6649.0,Del0.8,0.72
X-3904,SORBS2,8470.0,Del0.8,0.76
X-3904,SORBS3,10174.0,Del0.8,0.76
X-3904,SOX1,6656.0,Del0.8,0.78
X-3904,SPACA7,122258.0,Del0.8,0.78
X-3904,SPATA13,221178.0,MutNovel,"V774G,0.437"
X-3904,SPATA25,128497.0,Amp5,5.06
X-3904,SPATA4,132851.0,Del0.8,0.76
X-3904,SPCS3,60559.0,Del0.8,0.76
X-3904,SPDYE4,388333.0,Del0.8,0.77
X-3904,SPDYE7P,441251.0,Del0.8,0.77
X-3904,SPDYE8P,389517.0,Del0.8,0.77
X-3904,SPDYE8P,389517.0,Del0.8,0.77
X-3904,SPEN,23013.0,MutNovel,"T3244P,0.326"
X-3904,SPINLW1,57119.0,Amp5,5.06
X-3904,SPINLW1-WFDC6,100526773.0,Amp5,5.06
X-3904,SPINT3,10816.0,Amp5,5.06
X-3904,SPINT4,391253.0,Amp5,5.06
X-3904,SPTAN1,6709.0,MutNovel,"E1213K,0.236"
X-3904,SRSF6,6431.0,Amp5,5.06
X-3904,SRY,6736.0,Del0.8,0.22
X-3904,SS18L1,26039.0,Amp5,5.7
X-3904,ST8SIA4,7903.0,Del0.8,0.68
X-3904,STAG3L1,54441.0,Del0.8,0.77
X-3904,STAG3L2,442582.0,Del0.8,0.77
X-3904,STAG3L3,442578.0,Del0.8,0.77
X-3904,STAG3L4,64940.0,Del0.8,0.77
X-3904,STAMBPL1,57559.0,Del0.8,0.25
X-3904,STAR,6770.0,Amp5,6.63
X-3904,STAU2,27067.0,Amp5,5.54
X-3904,STC1,6781.0,Del0.8,0.76
X-3904,STIM2,57620.0,Del0.8,0.73
X-3904,STK4,6789.0,Amp5,5.06
X-3904,STMN4,81551.0,Del0.8,0.73
X-3904,STOX2,56977.0,Del0.8,0.76
X-3904,STX16,8675.0,MutNovel,"D199N,0.756"
X-3904,STX16,8675.0,Amp5,5.7
X-3904,STX1A,6804.0,Del0.8,0.77
X-3904,STX1B,112755.0,Amp5,6.96
X-3904,STX8,9482.0,Del0.8,0.77
X-3904,SUMO1P1,391257.0,Amp5,5.9
X-3904,SYCP2,10388.0,Amp5,5.7
X-3904,SYNM,23336.0,MutNovel,"P833S,0.406"
X-3904,SYS1,90196.0,Amp5,5.06
X-3904,SYS1-DBNDD2,767557.0,Amp5,5.06
X-3904,SYTL5,94122.0,MutNovel,"D137Y,0.864"
X-3904,TACC1,6867.0,Del0.8,0.69
X-3904,TACSTD2,4070.0,Del0.8,0.73
X-3904,TAF4,6874.0,Amp5,5.7
X-3904,TBC1D19,55296.0,Del0.8,0.73
X-3904,TBC1D26,353149.0,Del0.8,0.78
X-3904,TBC1D8B,54885.0,Del0.8,0.79
X-3904,TBL1Y,90665.0,Del0.8,0.22
X-3904,TBL2,26608.0,Del0.8,0.77
X-3904,TCEB1,6921.0,Amp5,5.94
X-3904,TCERG1,10915.0,MutNovel,"QAQA210-,0.586"
X-3904,TCFL5,10732.0,Amp5,5.7
X-3904,TDGF1P3,6998.0,Del0.8,0.79
X-3904,TEKT3,64518.0,Del0.8,0.78
X-3904,TEX13B,56156.0,Del0.8,0.79
X-3904,TEX15,56154.0,Del0.8,0.71
X-3904,TFDP3,51270.0,Del0.8,0.8
X-3904,TGIF2LY,90655.0,Del0.8,0.22
X-3904,TGM2,7052.0,Amp5,5.06
X-3904,TH1L,51497.0,Amp5,5.7
X-3904,TJAP1,93643.0,MutNovel,"I490M,0.243"
X-3904,TLR3,7098.0,Del0.8,0.76
X-3904,TM2D2,83877.0,Del0.8,0.69
X-3904,TMEM164,84187.0,Del0.8,0.79
X-3904,TMEM184A,202915.0,MutNovel,"G392GA,0.835"
X-3904,TMEM220,388335.0,Del0.8,0.77
X-3904,TMEM232,642987.0,Del0.8,0.71
X-3904,TMEM30A,55754.0,Del0.8,0.73
X-3904,TMEM57,55219.0,MutNovel,"L582R,0.516"
X-3904,TMEM60,85025.0,Del0.8,0.69
X-3904,TMEM66,51669.0,Del0.8,0.73
X-3904,TMEM70,54968.0,Amp5,5.94
X-3904,TMSB4Y,9087.0,Del0.8,0.22
X-3904,TNFRSF10A,8797.0,Del0.8,0.76
X-3904,TNFRSF10B,8795.0,Del0.8,0.76
X-3904,TNFRSF10C,8794.0,Del0.8,0.76
X-3904,TNFRSF10D,8793.0,Del0.8,0.76
X-3904,TNFSF13B,10673.0,Del0.8,0.75
X-3904,TNNC2,7125.0,Amp5,5.06
X-3904,TOMM34,10953.0,Amp5,5.06
X-3904,TOP1,7150.0,Amp5,5.06
X-3904,TOX2,84969.0,Amp5,5.06
X-3904,TP53TG5,27296.0,Amp5,5.06
X-3904,TPD52L3,89882.0,Del0.8,0.72
X-3904,TPI1P3,728402.0,Del0.8,0.7
X-3904,TPSAB1,7177.0,MutNovel,"N3S,1.000"
X-3904,TPSAB1,7177.0,MutNovel,"R15L,1.000"
X-3904,TPSB2,64499.0,MutNovel,"R15L,0.750"
X-3904,TPSB2,64499.0,MutNovel,"N3S,0.857"
X-3904,TPTE2,93492.0,MutNovel,"C491Y,1.000"
X-3904,TRAF3IP2,10758.0,Del0.8,0.72
X-3904,TRAF3IP2-AS1,643749.0,Del0.8,0.72
X-3904,TRANK1,9881.0,MutNovel,"S2437G,0.708"
X-3904,TRAPPC11,60684.0,Del0.8,0.76
X-3904,TRIM16,10626.0,Del0.8,0.78
X-3904,TRIM35,23087.0,Del0.8,0.73
X-3904,TRIM50,135892.0,Del0.8,0.77
X-3904,TRIM74,378108.0,Del0.8,0.77
X-3904,TRPC5,7224.0,Del0.8,0.79
X-3904,TSC22D3,1831.0,Del0.8,0.79
X-3904,TSHZ2,128553.0,Amp5,5.9
X-3904,TSLP,85480.0,Del0.8,0.71
X-3904,TSPY1,7258.0,Del0.8,0.22
X-3904,TSPY2,64591.0,Del0.8,0.22
X-3904,TSPY3,728137.0,Del0.8,0.22
X-3904,TSPY4,728395.0,Del0.8,0.22
X-3904,TSPY8,728403.0,Del0.8,0.22
X-3904,TSPYL1,7259.0,MutNovel,"V176VW,0.868"
X-3904,TSPYL1,7259.0,Del0.8,0.7
X-3904,TSPYL4,23270.0,Del0.8,0.7
X-3904,TTC19,54902.0,Del0.8,0.78
X-3904,TTI1,9675.0,Amp5,5.06
X-3904,TTI2,80185.0,Del0.8,0.71
X-3904,TTPAL,79183.0,Amp5,5.06
X-3904,TTTY10,246119.0,Del0.8,0.22
X-3904,TTTY11,83866.0,Del0.8,0.22
X-3904,TTTY12,83867.0,Del0.8,0.22
X-3904,TTTY13,83868.0,Del0.8,0.22
X-3904,TTTY14,83869.0,Del0.8,0.22
X-3904,TTTY15,64595.0,Del0.8,0.22
X-3904,TTTY16,252948.0,Del0.8,0.22
X-3904,TTTY17A,252949.0,Del0.8,0.22
X-3904,TTTY17A,252949.0,Del0.8,0.22
X-3904,TTTY18,252950.0,Del0.8,0.22
X-3904,TTTY19,252952.0,Del0.8,0.22
X-3904,TTTY1B,100101116.0,Del0.8,0.22
X-3904,TTTY1B,100101116.0,Del0.8,0.22
X-3904,TTTY2,60439.0,Del0.8,0.22
X-3904,TTTY2,60439.0,Del0.8,0.22
X-3904,TTTY20,252951.0,Del0.8,0.22
X-3904,TTTY21,252953.0,Del0.8,0.22
X-3904,TTTY21,252953.0,Del0.8,0.22
X-3904,TTTY22,252954.0,Del0.8,0.22
X-3904,TTTY23,252955.0,Del0.8,0.22
X-3904,TTTY23,252955.0,Del0.8,0.22
X-3904,TTTY3,114760.0,Del0.8,0.22
X-3904,TTTY3,114760.0,Del0.8,0.22
X-3904,TTTY4,114761.0,Del0.8,0.22
X-3904,TTTY4,114761.0,Del0.8,0.22
X-3904,TTTY5,83863.0,Del0.8,0.22
X-3904,TTTY6,84672.0,Del0.8,0.22
X-3904,TTTY6,84672.0,Del0.8,0.22
X-3904,TTTY7,246122.0,Del0.8,0.22
X-3904,TTTY7,246122.0,Del0.8,0.22
X-3904,TTTY7B,100101120.0,Del0.8,0.22
X-3904,TTTY7B,100101120.0,Del0.8,0.22
X-3904,TTTY8,84673.0,Del0.8,0.22
X-3904,TTTY8,84673.0,Del0.8,0.22
X-3904,TTTY9A,83864.0,Del0.8,0.22
X-3904,TTTY9A,83864.0,Del0.8,0.22
X-3904,TUBB1,81027.0,Amp5,5.7
X-3904,TUBB3,10381.0,MutKnownFunctional,"-305,0.230"
X-3904,TUBE1,51175.0,Del0.8,0.72
X-3904,TUBG1,7283.0,Del0.8,0.75
X-3904,TUBGCP3,10426.0,Del0.8,0.78
X-3904,TXLNG2P,246126.0,Del0.8,0.22
X-3904,TYW1,55253.0,Del0.8,0.77
X-3904,TYW1B,441250.0,Del0.8,0.77
X-3904,UBB,7314.0,Del0.8,0.78
X-3904,UBE2C,11065.0,Amp5,5.06
X-3904,UBE2N,7334.0,Del0.8,0.72
X-3904,UBE2W,55284.0,Amp5,5.94
X-3904,UBXN8,7993.0,Del0.8,0.71
X-3904,UFSP2,55325.0,Del0.8,0.76
X-3904,UHRF2,115426.0,Del0.8,0.72
X-3904,UNC5D,137970.0,Del0.8,0.71
X-3904,USP26,83844.0,Del0.8,0.8
X-3904,USP36,57602.0,MutNovel,"KKK958K,0.779"
X-3904,USP41,,MutNovel,"Y320F,0.667"
X-3904,USP43,124739.0,Del0.8,0.77
X-3904,USP45,85015.0,Del0.8,0.68
X-3904,USP9Y,8287.0,Del0.8,0.22
X-3904,UTP14A,10813.0,Del0.8,0.8
X-3904,UTY,7404.0,Del0.8,0.22
X-3904,VAMP1,6843.0,MutNovel,"R33Q,0.475"
X-3904,VAPB,9217.0,Amp5,5.7
X-3904,VCX,26609.0,MutNovel,"T15R,0.250"
X-3904,VCX,26609.0,MutNovel,"D30G,0.412"
X-3904,VCX3B,425054.0,MutNovel,"S8L,0.750"
X-3904,VCY,9084.0,Del0.8,0.22
X-3904,VCY,9084.0,Del0.8,0.22
X-3904,VEGFC,7424.0,Del0.8,0.76
X-3904,VGLL2,245806.0,Del0.8,0.7
X-3904,VLDLR,7436.0,Del0.8,0.74
X-3904,VN1R1,57191.0,MutNovel,"K250R,0.222"
X-3904,VN1R1,57191.0,MutKnownFunctional,"-22?,0.250"
X-3904,VPS37D,155382.0,Del0.8,0.77
X-3904,VPS72,6944.0,MutNovel,"R130W,0.764"
X-3904,VSIG1,340547.0,Del0.8,0.79
X-3904,VSTM2L,128434.0,Amp5,5.06
X-3904,WASF1,8936.0,Del0.8,0.72
X-3904,WASH1,100287171.0,MutNovel,"P152A,0.204"
X-3904,WBP11,51729.0,MutNovel,"P436L,0.400"
X-3904,WBSCR16,81554.0,Del0.8,0.77
X-3904,WBSCR17,64409.0,Del0.8,0.77
X-3904,WBSCR22,114049.0,Del0.8,0.77
X-3904,WBSCR27,155368.0,Del0.8,0.77
X-3904,WBSCR28,135886.0,Del0.8,0.77
X-3904,WDHD1,11169.0,MutNovel,"G1077E,0.537"
X-3904,WDR16,146845.0,Del0.8,0.77
X-3904,WDR17,116966.0,Del0.8,0.76
X-3904,WDR20,91833.0,MutNovel,"R326Q,0.507"
X-3904,WDR36,134430.0,Del0.8,0.71
X-3904,WFDC10A,140832.0,Amp5,5.06
X-3904,WFDC10B,280664.0,Amp5,5.06
X-3904,WFDC11,259239.0,Amp5,5.06
X-3904,WFDC12,128488.0,Amp5,5.06
X-3904,WFDC13,164237.0,Amp5,5.06
X-3904,WFDC2,10406.0,Amp5,5.06
X-3904,WFDC3,140686.0,Amp5,5.06
X-3904,WFDC5,149708.0,Amp5,5.06
X-3904,WFDC6,140870.0,Amp5,5.06
X-3904,WFDC8,90199.0,Amp5,5.06
X-3904,WFDC9,259240.0,Amp5,5.06
X-3904,WISP2,8839.0,Amp5,5.06
X-3904,WISP3,8838.0,Del0.8,0.72
X-3904,WRN,7486.0,Del0.8,0.71
X-3904,WWC2,80014.0,Del0.8,0.76
X-3904,XKRY2,353515.0,Del0.8,0.22
X-3904,XKRY2,353515.0,Del0.8,0.22
X-3904,XPA,7507.0,MutNovel,"A18G,0.768"
X-3904,XPNPEP2,7512.0,Del0.8,0.8
X-3904,XPO7,23039.0,Del0.8,0.76
X-3904,YWHAB,7529.0,Amp5,5.06
X-3904,ZBTB24,9841.0,Del0.8,0.72
X-3904,ZCCHC16,340595.0,Del0.8,0.79
X-3904,ZCCHC4,29063.0,Del0.8,0.78
X-3904,ZDHHC9,51114.0,Del0.8,0.8
X-3904,ZFHX4,79776.0,Amp5,5.94
X-3904,ZFP36L2,678.0,MutNovel,"Q401HSR,0.241"
X-3904,ZFP42,132625.0,Del0.8,0.76
X-3904,ZFP64,55734.0,Amp5,5.9
X-3904,ZFY,7544.0,Del0.8,0.22
X-3904,ZHX3,23051.0,Amp5,5.06
X-3904,ZMAT4,79698.0,Del0.8,0.73
X-3904,ZNF18,7566.0,Del0.8,0.78
X-3904,ZNF217,7764.0,Amp5,5.9
X-3904,ZNF219,51222.0,MutNovel,"QPP233P,0.344"
X-3904,ZNF280C,55609.0,Del0.8,0.8
X-3904,ZNF286A,57335.0,Del0.8,0.78
X-3904,ZNF335,63925.0,Amp5,5.06
X-3904,ZNF395,55893.0,Del0.8,0.73
X-3904,ZNF461,92283.0,MutNovel,"K495R,0.295"
X-3904,ZNF638,27332.0,MutNovel,"G368R,0.359"
X-3904,ZNF703,80139.0,Amp8,13.83
X-3904,ZNF726,730087.0,MutNovel,"H443P,0.667"
X-3904,ZNF831,128611.0,Amp5,5.7
X-3904,ZSWIM1,90204.0,Amp5,5.06
X-3904,ZSWIM3,140831.0,Amp5,5.06
X-3904,ZSWIM7,125150.0,Del0.8,0.78
X-3904,ZUFSP,221302.0,Del0.8,0.7
X-4132,AATF,26574.0,Amp5,5.28
X-4132,ACACA,31.0,Amp5,5.28
X-4132,ACSM1,116285.0,Amp5,6.63
X-4132,ACSM2A,123876.0,Amp8,11.08
X-4132,ACSM2B,348158.0,Amp8,8.57
X-4132,ACSM3,6296.0,Amp5,6.63
X-4132,ACSM5,54988.0,Amp8,11.08
X-4132,ADAMTS17,170691.0,MutNovel,"R1089H,0.294"
X-4132,ADAMTS7,11173.0,MutNovel,"A1104-,1.000"
X-4132,ADNP,23394.0,MutNovel,"S955C,0.359"
X-4132,AGAP7,653268.0,MutNovel,"L420V,1.000"
X-4132,AHNAK2,113146.0,MutNovel,"G2824R,0.278"
X-4132,AHNAK2,113146.0,MutNovel,"V2011L,0.571"
X-4132,AIM1L,55057.0,MutNovel,"-4R,0.455"
X-4132,ALDH3B1,221.0,MutNovel,"L262P,0.700"
X-4132,ALDH3B1,221.0,MutNovel,"P279S,0.787"
X-4132,ALDH3B1,221.0,MutKnownFunctional,"-301?,0.909"
X-4132,ALMS1,7840.0,MutNovel,"LEE12L,0.421"
X-4132,AMELY,266.0,Del0.8,0.32
X-4132,ANKRD30A,91074.0,MutNovel,"A649K,0.321"
X-4132,ANKRD35,148741.0,MutNovel,"S161L,1.000"
X-4132,ANKRD36,375248.0,MutNovel,"N123D,0.208"
X-4132,ANKRD36,375248.0,MutNovel,"T998S,0.238"
X-4132,ANKRD36B,57730.0,MutNovel,"A876T,1.000"
X-4132,ANKRD36C,,MutNovel,"Y153H,1.000"
X-4132,ANKRD44,91526.0,Amp5,5.03
X-4132,AOX1,316.0,Amp5,7.41
X-4132,AOX2P,344454.0,Amp5,7.41
X-4132,ARHGAP11A,9824.0,Amp5,6.77
X-4132,ARHGAP23,57636.0,Amp5,5.28
X-4132,ARHGAP39,80728.0,MutNovel,"A504G,0.239"
X-4132,ARHGEF10,9639.0,Del0.8,0.77
X-4132,ARL5C,390790.0,Amp8,18.77
X-4132,ARPC3,10094.0,MutNovel,"Y47C,0.214"
X-4132,ARTN,9048.0,Amp5,7.01
X-4132,ASAP2,8853.0,Amp5,6.82
X-4132,ATAD3B,83858.0,MutNovel,"S216A,0.211"
X-4132,ATAD3B,83858.0,MutNovel,"P311S,0.234"
X-4132,ATAD3C,219293.0,MutNovel,"P136S,0.400"
X-4132,ATAD3C,219293.0,MutNovel,"V139A,0.400"
X-4132,ATAD3C,219293.0,MutNovel,"I163T,0.833"
X-4132,ATN1,1822.0,MutNovel,"T258P,0.815"
X-4132,ATP4B,496.0,Del0.8,0.73
X-4132,ATP5L2,267020.0,MutNovel,"L74V,1.000"
X-4132,ATP5L2,267020.0,MutNovel,"S58N,1.000"
X-4132,ATP6V0B,533.0,Amp5,7.01
X-4132,ATP6V1B2,526.0,Del0.8,0.78
X-4132,ATP6V1C2,245973.0,Amp8,9.25
X-4132,ATP9B,374868.0,MutNovel,"A14P,0.933"
X-4132,ATXN2L,11273.0,MutNovel,"P84Q,0.548"
X-4132,AVEN,57099.0,MutNovel,"G83D,0.300"
X-4132,AVEN,57099.0,MutNovel,"W82C,0.700"
X-4132,B3GALT6,126792.0,MutKnownFunctional,"-194?,0.379"
X-4132,B4GALT2,8704.0,Amp5,7.01
X-4132,BAHD1,22893.0,MutNovel,"R157C,0.459"
X-4132,BCKDHB,594.0,MutNovel,"A205T,0.688"
X-4132,BCORP1,286554.0,Del0.8,0.31
X-4132,BIN3,55909.0,Del0.8,0.78
X-4132,BMP1,649.0,Del0.8,0.78
X-4132,BOLL,66037.0,Amp5,5.03
X-4132,BPY2B,442867.0,Del0.8,0.31
X-4132,BPY2B,442867.0,Del0.8,0.31
X-4132,BRD1,23774.0,MutNovel,"D949N,0.309"
X-4132,BUB1,699.0,MutNovel,"R209Q,0.369"
X-4132,BZW1,9689.0,Amp5,7.41
X-4132,C16orf46,123775.0,MutKnownFunctional,"-386?,0.714"
X-4132,C17orf78,284099.0,Amp5,5.28
X-4132,C17orf96,100170841.0,Amp5,5.28
X-4132,C17orf98,388381.0,Amp5,5.28
X-4132,C1orf168,199920.0,Amp8,9.19
X-4132,C1orf50,79078.0,Amp8,8.88
X-4132,C2CD2L,9854.0,MutNovel,"A40G,0.217"
X-4132,C2CD4B,388125.0,MutNovel,"R211H,0.350"
X-4132,C2orf40,84417.0,Amp8,9.25
X-4132,C2orf47,79568.0,Amp5,7.41
X-4132,C2orf48,348738.0,Amp8,8.17
X-4132,C2orf66,401027.0,Amp5,5.03
X-4132,C2orf69,205327.0,Amp5,7.41
X-4132,C8A,731.0,Amp8,11.63
X-4132,C8B,732.0,Amp8,14.83
X-4132,C8orf44,56260.0,MutKnownFunctional,"R70*,0.590"
X-4132,C8orf58,541565.0,Del0.8,0.78
X-4132,CACNB1,782.0,Amp8,18.77
X-4132,CARM1,10498.0,MutNovel,"S595L,0.662"
X-4132,CASC3,22794.0,Amp8,12.21
X-4132,CASP8AP2,9994.0,MutNovel,"I1839Y,0.274"
X-4132,CASZ1,54897.0,MutNovel,"P1738R,0.440"
X-4132,CBWD6,644019.0,MutNovel,"C338Y,0.833"
X-4132,CBWD6,644019.0,MutKnownFunctional,"-259?,0.806"
X-4132,CCDC102B,79839.0,MutNovel,"E128Q,0.833"
X-4132,CCDC138,165055.0,Amp5,5.17
X-4132,CCDC150,284992.0,Amp5,5.03
X-4132,CCDC24,149473.0,Amp5,7.01
X-4132,CCDC30,728621.0,Amp5,6.15
X-4132,CCNB3,85417.0,MutNovel,"E1118D,0.700"
X-4132,CCT7,10574.0,Amp8,12.82
X-4132,CCZ1,51622.0,Del0.8,0.59
X-4132,CDC16,8881.0,Del0.8,0.73
X-4132,CDC37,11140.0,MutNovel,"R59C,0.207"
X-4132,CDC6,990.0,Amp8,12.21
X-4132,CDHR5,53841.0,MutNovel,"G616S,0.286"
X-4132,CDK11A,728642.0,MutNovel,"E271K,0.667"
X-4132,CDK12,51755.0,Amp8,18.77
X-4132,CDY1B,253175.0,Del0.8,0.31
X-4132,CDY1B,253175.0,Del0.8,0.31
X-4132,CDY2A,9426.0,Del0.8,0.31
X-4132,CDY2A,9426.0,Del0.8,0.31
X-4132,CDY2B,203611.0,Del0.8,0.31
X-4132,CDY2B,203611.0,Del0.8,0.31
X-4132,CEACAM6,4680.0,MutNovel,"L122I,0.242"
X-4132,CELSR3,1951.0,MutNovel,"R317C,0.333"
X-4132,CENPBD1,92806.0,MutKnownFunctional,"-50,0.360"
X-4132,CEP104,9731.0,MutKnownFunctional,"-593,0.250"
X-4132,CEP250,11190.0,MutNovel,"R2226W,0.343"
X-4132,CHADL,150356.0,MutNovel,"A349T,0.500"
X-4132,CHAMP1,283489.0,Del0.8,0.73
X-4132,CHD7,55636.0,MutNovel,"M80V,0.372"
X-4132,CHMP7,91782.0,Del0.8,0.78
X-4132,CISD3,284106.0,Amp5,5.28
X-4132,CLDN19,149461.0,Amp8,8.88
X-4132,CLK1,1195.0,Amp5,7.41
X-4132,CLN8,2055.0,Del0.8,0.77
X-4132,COL3A1,1281.0,Amp8,9.65
X-4132,COL5A2,1290.0,Amp8,9.65
X-4132,COQ10B,80219.0,Amp5,5.03
X-4132,CPPED1,55313.0,Amp5,6.45
X-4132,CPSF6,11052.0,MutNovel,"Q286K,0.276"
X-4132,CRELD2,79174.0,MutNovel,"P13S,0.808"
X-4132,CRYBG3,,MutNovel,"P2487L,0.538"
X-4132,CSF3,1440.0,Amp8,12.21
X-4132,CSGALNACT1,55790.0,Del0.8,0.66
X-4132,CSPG4P1Y,114758.0,Del0.8,0.31
X-4132,CSPG4P1Y,114758.0,Del0.8,0.31
X-4132,CTDSPL,10217.0,Del0.8,0.71
X-4132,CTSA,5476.0,MutNovel,"L29-,0.901"
X-4132,CWC25,54883.0,Amp5,5.28
X-4132,CYB5R1,51706.0,MutNovel,"G148R,0.316"
X-4132,CYS1,192668.0,Amp8,8.17
X-4132,DAB1,1600.0,Amp8,13.18
X-4132,DAPK1,1612.0,MutNovel,"A933S,0.345"
X-4132,DAPK2,23604.0,MutNovel,"V322M,0.294"
X-4132,DAZ1,1617.0,Del0.8,0.31
X-4132,DAZ2,57055.0,Del0.8,0.31
X-4132,DAZ3,57054.0,Del0.8,0.31
X-4132,DAZ3,57054.0,Del0.8,0.31
X-4132,DAZ4,57135.0,Del0.8,0.31
X-4132,DAZ4,57135.0,Del0.8,0.31
X-4132,DCDC1,341019.0,MutNovel,"A86S,1.000"
X-4132,DCUN1D2,55208.0,Del0.8,0.73
X-4132,DCUN1D3,123879.0,Amp5,6.63
X-4132,DDX3Y,8653.0,Del0.8,0.31
X-4132,DDX50,79009.0,MutNovel,"S20F,1.000"
X-4132,DDX52,11056.0,Amp5,5.28
X-4132,DEF6,50619.0,MutNovel,"R359Q,0.462"
X-4132,DEFB103A,414325.0,Del0.8,0.75
X-4132,DEFB103A,414325.0,Del0.8,0.75
X-4132,DEFB104B,503618.0,Del0.8,0.75
X-4132,DEFB104B,503618.0,Del0.8,0.75
X-4132,DEFB105B,504180.0,Del0.8,0.75
X-4132,DEFB105B,504180.0,Del0.8,0.75
X-4132,DEFB106B,503841.0,Del0.8,0.75
X-4132,DEFB106B,503841.0,Del0.8,0.75
X-4132,DEFB107A,245910.0,Del0.8,0.75
X-4132,DEFB107A,245910.0,Del0.8,0.75
X-4132,DEFB109P1B,641517.0,Del0.8,0.75
X-4132,DEFB4A,1673.0,Del0.8,0.75
X-4132,DEFB4B,100289462.0,Del0.8,0.75
X-4132,DEPDC1,55635.0,Amp5,6.36
X-4132,DGCR2,9993.0,MutNovel,"R182C,0.667"
X-4132,DHRSX,207063.0,MutNovel,"G503S,0.314"
X-4132,DHX37,57647.0,MutNovel,"EE167-,0.736"
X-4132,DIRC1,116093.0,Amp8,9.65
X-4132,DIS3L,115752.0,MutNovel,"V65F,0.536"
X-4132,DLGAP2,9228.0,Del0.8,0.77
X-4132,DMBT1,1755.0,Del0.8,0.78
X-4132,DMD,1756.0,MutNovel,"D3512E,0.594"
X-4132,DOK2,9046.0,Del0.8,0.78
X-4132,DPH2,1802.0,Amp5,7.01
X-4132,DRD4,1815.0,MutNovel,"S284G,1.000"
X-4132,DUS3L,56931.0,MutNovel,"R443H,0.566"
X-4132,DUSP14,11072.0,Amp5,5.28
X-4132,EBNA1BP2,10969.0,Amp5,7.06
X-4132,EDN2,1907.0,Amp8,8.11
X-4132,EFHD2,79180.0,MutNovel,"P28T,0.274"
X-4132,EGF,1950.0,MutKnownFunctional,"W1020*,0.333"
X-4132,EGR3,1960.0,Del0.8,0.78
X-4132,EGR4,1961.0,Amp5,7.21
X-4132,EIF1AY,9086.0,Del0.8,0.31
X-4132,EIF2C1,26523.0,MutNovel,"L248V,0.545"
X-4132,EIF3B,8662.0,MutNovel,"E157G,1.000"
X-4132,ENDOG,2021.0,MutNovel,"T293P,0.422"
X-4132,EPB49,2039.0,Del0.8,0.78
X-4132,EPHA10,284656.0,MutKnownFunctional,"R356*,1.000"
X-4132,ERBB2,2064.0,Amp8,12.21
X-4132,ERCC4,2072.0,Amp8,8.51
X-4132,ERI2,112479.0,Amp5,6.63
X-4132,ERICH1,157697.0,Del0.8,0.77
X-4132,FABP6,2172.0,MutNovel,"L70H,0.385"
X-4132,FAM106A,80039.0,Del0.8,0.7
X-4132,FAM160B2,64760.0,Del0.8,0.78
X-4132,FAM183A,440585.0,Amp5,7.06
X-4132,FAM197Y2P,252946.0,Del0.8,0.06
X-4132,FAM219B,,MutNovel,"P6L,0.478"
X-4132,FAM22A,728118.0,MutNovel,"S788I,0.778"
X-4132,FAM41AY1,340618.0,Del0.8,0.31
X-4132,FAM41AY1,340618.0,Del0.8,0.31
X-4132,FAM5C,339479.0,Amp5,5.43
X-4132,FAM65A,79567.0,MutNovel,"A1235V,1.000"
X-4132,FAM66E,100132103.0,Del0.8,0.75
X-4132,FAM70B,348013.0,Del0.8,0.73
X-4132,FAM84A,151354.0,Amp8,11
X-4132,FAM86B2,653333.0,MutNovel,"A97V,0.778"
X-4132,FASN,2194.0,MutNovel,"N252H,0.434"
X-4132,FASTK,10922.0,MutNovel,"V277E,0.363"
X-4132,FASTKD1,79675.0,MutKnownFunctional,"-4?,0.419"
X-4132,FBXL20,84961.0,Amp8,18.77
X-4132,FBXO41,150726.0,Amp8,12.82
X-4132,FBXO47,494188.0,Amp5,5.28
X-4132,FERMT3,83706.0,MutNovel,"S14L,1.000"
X-4132,FEZ2,9637.0,MutNovel,"A51V,1.000"
X-4132,FEZ2,9637.0,MutNovel,"A49P,1.000"
X-4132,FGF17,8822.0,Del0.8,0.78
X-4132,FLJ10661,286042.0,Del0.8,0.75
X-4132,FLJ14107,80094.0,Del0.8,0.78
X-4132,FLJ22184,80164.0,MutNovel,"S928Y,0.481"
X-4132,FMN1,342184.0,Amp5,5.46
X-4132,FONG,348751.0,Amp5,7.41
X-4132,FOXJ3,22887.0,Amp8,13.83
X-4132,FSIP2,401024.0,MutNovel,"K2052I,1.000"
X-4132,GAS6,2621.0,Del0.8,0.73
X-4132,GFRA2,2675.0,Del0.8,0.78
X-4132,GGT2,,MutNovel,"T427M,1.000"
X-4132,GIGYF2,26058.0,MutNovel,"PQ1231P,0.403"
X-4132,GJC2,57165.0,MutNovel,"P316L,1.000"
X-4132,GJD3,125111.0,Amp8,8.4
X-4132,GNAS,2778.0,MutNovel,"A436D,1.000"
X-4132,GNAS,2778.0,MutNovel,"P459R,0.875"
X-4132,GOLGA2P2Y,84559.0,Del0.8,0.31
X-4132,GOLGA2P2Y,84559.0,Del0.8,0.31
X-4132,GOLGA8B,440270.0,MutNovel,"K354E,0.600"
X-4132,GON4L,54856.0,MutNovel,"G447R,0.571"
X-4132,GP2,2813.0,Amp5,6.63
X-4132,GPR179,440435.0,Amp5,5.28
X-4132,GPRC5B,51704.0,Amp5,7.31
X-4132,GRB7,2886.0,Amp8,12.21
X-4132,GREM1,26585.0,Amp5,6.77
X-4132,GRHL1,29841.0,Amp8,8.17
X-4132,GRK1,6011.0,Del0.8,0.73
X-4132,GSDMA,284110.0,Amp8,12.21
X-4132,GSDMB,55876.0,Amp8,12.21
X-4132,GSTT1,2952.0,Amp5,7.16
X-4132,GSTTP1,25774.0,Amp5,7.16
X-4132,GTF3C2,2976.0,MutNovel,"Q33E,1.000"
X-4132,GTF3C3,9330.0,Amp5,5.03
X-4132,GUCA2A,2980.0,Amp8,10.93
X-4132,GUCA2B,2981.0,Amp8,16.56
X-4132,GYG2P1,352887.0,Del0.8,0.31
X-4132,HACL1,26061.0,MutNovel,"S444T,0.286"
X-4132,HECW2,57520.0,Amp5,6.15
X-4132,HES2,54626.0,MutNovel,"P139S,0.500"
X-4132,HIVEP2,3097.0,MutNovel,"E1471K,0.333"
X-4132,HLA-DRB1,3123.0,Amp5,6.73
X-4132,HLA-DRB5,3127.0,Amp5,6.73
X-4132,HLA-DRB6,3128.0,Amp5,6.73
X-4132,HNF1B,6928.0,Amp5,5.28
X-4132,HPCAL1,3241.0,Amp8,8.17
X-4132,HPS1,3257.0,MutNovel,"R260W,1.000"
X-4132,HR,55806.0,Del0.8,0.78
X-4132,HSFY2,159119.0,Del0.8,0.31
X-4132,HSFY2,159119.0,Del0.8,0.31
X-4132,HSPD1,3329.0,Amp5,5.03
X-4132,HSPE1,3336.0,Amp5,5.03
X-4132,HSPE1-MOB4,100529241.0,Amp5,5.03
X-4132,HSPH1,10808.0,MutNovel,"P847A,1.000"
X-4132,HYDIN,54768.0,MutNovel,"C4507S,1.000"
X-4132,ID2,3398.0,Amp8,10.27
X-4132,IGFBP4,3487.0,Amp8,8.4
X-4132,IKZF3,22806.0,Amp8,12.21
X-4132,IL1R2,7850.0,Amp5,7.06
X-4132,INADL,10207.0,Amp5,5.78
X-4132,INTS10,55174.0,Del0.8,0.78
X-4132,IPO13,9670.0,Amp5,7.01
X-4132,IQCK,124152.0,Amp5,5.9
X-4132,ITM2B,9445.0,MutNovel,"V44-,0.916"
X-4132,KAT6B,23522.0,MutNovel,"A699T,1.000"
X-4132,KBTBD11,9920.0,Del0.8,0.77
X-4132,KCTD18,130535.0,Amp5,7.41
X-4132,KDM4A,9682.0,Amp5,7.01
X-4132,KDM5D,8284.0,Del0.8,0.31
X-4132,KIAA0100,9703.0,MutNovel,"R1908H,0.224"
X-4132,KIAA0146,23514.0,MutNovel,"D112H,0.456"
X-4132,KIAA0586,9786.0,MutNovel,"R309S,1.000"
X-4132,KIAA0913,23053.0,MutNovel,"A1357V,0.578"
X-4132,KIAA1804,84451.0,MutNovel,"P99L,1.000"
X-4132,KIAA1919,91749.0,MutNovel,"L182Y,0.500"
X-4132,KIAA1967,57805.0,Del0.8,0.78
X-4132,KIAA2018,205717.0,MutNovel,"QQQ1471Q,0.417"
X-4132,KIDINS220,57498.0,Amp5,6.02
X-4132,KIF20B,9585.0,MutNovel,"L1062LKV,0.906"
X-4132,KLF11,8462.0,Amp8,8.17
X-4132,KRT13,3860.0,MutNovel,"M239L,1.000"
X-4132,KRTAP9-3,83900.0,Del0.8,0.72
X-4132,KRTAP9-4,85280.0,Del0.8,0.72
X-4132,KRTAP9-8,83901.0,Del0.8,0.72
X-4132,KSR1,8844.0,MutNovel,"A119T,0.500"
X-4132,KTN1,3895.0,MutNovel,"A610S,1.000"
X-4132,LASP1,3927.0,Amp5,5.28
X-4132,LEPRE1,64175.0,Amp8,8.88
X-4132,LGALS9C,654346.0,Del0.8,0.7
X-4132,LGI3,203190.0,Del0.8,0.78
X-4132,LHX1,3975.0,Amp5,5.28
X-4132,LINC00299,339789.0,Amp5,7.06
X-4132,LINC00309,150992.0,Amp5,5.17
X-4132,LINC00486,285045.0,Amp5,6.73
X-4132,LITAF,9516.0,Amp5,6.36
X-4132,LMF2,91289.0,MutNovel,"M508V,0.663"
X-4132,LOC100129924,100129924.0,Amp8,8.88
X-4132,LOC100130452,100130452.0,Amp5,5.03
X-4132,LOC100131347,100131347.0,Amp8,18.77
X-4132,LOC100132247,100132247.0,MutNovel,"L346V,0.400"
X-4132,LOC100132396,100132396.0,Del0.8,0.75
X-4132,LOC100271832,100271832.0,Amp5,6.73
X-4132,LOC100287482,100287482.0,MutNovel,"A39T,0.627"
X-4132,LOC100289561,100289561.0,MutNovel,"P7S,0.579"
X-4132,LOC100505576,100505576.0,Amp5,5.28
X-4132,LOC100505781,,MutNovel,"D119H,1.000"
X-4132,LOC100505964,100505964.0,Amp8,16.11
X-4132,LOC100506127,,MutNovel,"H183Y,0.577"
X-4132,LOC100506274,100506274.0,Amp8,17.39
X-4132,LOC100506310,,MutKnownFunctional,"-687?,0.537"
X-4132,LOC100506394,100506394.0,Del0.8,0.73
X-4132,LOC100506474,100506474.0,Amp5,6.23
X-4132,LOC100507140,100507140.0,Amp5,7.41
X-4132,LOC100507156,100507156.0,Del0.8,0.78
X-4132,LOC100507369,,MutNovel,"T143S,0.667"
X-4132,LOC100996515,,MutNovel,"W74C,1.000"
X-4132,LOC100996677,,MutNovel,"V221L,0.308"
X-4132,LOC152225,152225.0,Amp5,5.62
X-4132,LOC284100,284100.0,Amp5,5.28
X-4132,LOC286059,286059.0,Del0.8,0.78
X-4132,LOC286083,286083.0,Del0.8,0.77
X-4132,LOC286114,286114.0,Del0.8,0.78
X-4132,LOC339788,339788.0,Amp5,6.68
X-4132,LOC389641,389641.0,Del0.8,0.78
X-4132,LOC391322,391322.0,Amp5,7.16
X-4132,LOC440434,440434.0,Amp5,5.28
X-4132,LOC440704,440704.0,Amp5,5.43
X-4132,LOC728763,,MutNovel,"R410G,0.480"
X-4132,LOC728763,,MutNovel,"G569E,0.524"
X-4132,LOC730811,730811.0,Amp5,7.11
X-4132,LOC81691,81691.0,Amp5,6.63
X-4132,LOXL2,4017.0,Del0.8,0.64
X-4132,LPL,4023.0,Del0.8,0.78
X-4132,LRRC37A,9884.0,MutNovel,"R785Q,1.000"
X-4132,LRRC3C,100505591.0,Amp8,12.21
X-4132,LRRC73,221424.0,MutKnownFunctional,"G265*,0.222"
X-4132,LRRC8E,80131.0,MutNovel,"E181R,0.545"
X-4132,LSR,51599.0,MutNovel,"G518GR,0.600"
X-4132,LTBP1,4052.0,Amp5,6.73
X-4132,LYRM1,57149.0,Amp5,6.63
X-4132,LZTS1,11178.0,Del0.8,0.78
X-4132,MAP3K4,4216.0,MutNovel,"PA1189P,0.562"
X-4132,MAP4K4,9448.0,Amp8,8.4
X-4132,MAP7D1,55700.0,MutNovel,"S811R,0.515"
X-4132,MARS2,92935.0,Amp5,5.03
X-4132,MBOAT2,129642.0,Amp5,6.02
X-4132,MCTP2,55784.0,MutNovel,"K34M,0.667"
X-4132,MDH1B,130752.0,MutNovel,"T447I,1.000"
X-4132,MED1,5469.0,Amp8,18.77
X-4132,MED24,9862.0,Amp8,12.21
X-4132,MFSD5,84975.0,MutNovel,"T44M,0.333"
X-4132,MIEN1,84299.0,Amp8,12.21
X-4132,MIR1245A,100302219.0,Amp8,9.65
X-4132,MIR1245B,100616324.0,Amp8,9.65
X-4132,MIR2909,100422969.0,Amp5,5.28
X-4132,MIR3125,100422986.0,Amp5,6.23
X-4132,MIR3129,100422908.0,Amp8,9.65
X-4132,MIR320A,407037.0,Del0.8,0.78
X-4132,MIR3606,100500837.0,Amp8,9.65
X-4132,MIR3978,100616491.0,Amp5,5.82
X-4132,MIR4261,100422929.0,Amp8,8.17
X-4132,MIR4718,100616195.0,Amp8,8.94
X-4132,MIR4726,100616153.0,Amp5,5.28
X-4132,MIR4727,100616416.0,Amp5,5.28
X-4132,MIR4728,100616132.0,Amp8,12.21
X-4132,MIR4734,100616203.0,Amp5,5.28
X-4132,MIR4765,100616219.0,Amp5,6.73
X-4132,MIR548I3,100302186.0,Del0.8,0.75
X-4132,MIR558,693143.0,Amp5,6.73
X-4132,MIR596,693181.0,Del0.8,0.77
X-4132,MLLT6,4302.0,Amp5,5.28
X-4132,MOB4,25843.0,Amp5,5.03
X-4132,MORC3,23515.0,MutNovel,"P6T,0.391"
X-4132,MRM1,79922.0,Amp5,5.28
X-4132,MRPL45,84311.0,Amp5,5.28
X-4132,MRPL55,128308.0,MutNovel,"G39S,1.000"
X-4132,MRPS9,64965.0,Amp5,7.84
X-4132,MSL1,339287.0,Amp8,12.21
X-4132,MTERFD3,80298.0,MutNovel,"E182Q,0.319"
X-4132,MUC19,,MutNovel,"R4691W,1.000"
X-4132,MUC4,4585.0,MutNovel,"A4025V,1.000"
X-4132,MYCN,4613.0,Amp8,173.65
X-4132,MYCNOS,10408.0,Amp8,173.65
X-4132,MYOM2,9172.0,Del0.8,0.77
X-4132,NAIP,4671.0,MutNovel,"R361H,0.282"
X-4132,NBPF1,55672.0,MutNovel,"G986E,0.243"
X-4132,NBPF1,55672.0,MutNovel,"R385W,0.346"
X-4132,NBPF11,200030.0,MutNovel,"NE178KQ,0.207"
X-4132,NBPF14,25832.0,MutNovel,"N333H,1.000"
X-4132,NBPF16,728936.0,MutNovel,"D334E,0.600"
X-4132,NBPF9,400818.0,MutNovel,"G580E,0.471"
X-4132,NCOR2,9612.0,MutNovel,"G1839GAAA,0.592"
X-4132,NCR3LG1,,MutNovel,"T71M,1.000"
X-4132,NCRNA00185,55410.0,Del0.8,0.31
X-4132,NEUROD2,4761.0,Amp8,18.77
X-4132,NFKBIZ,64332.0,Amp5,5.62
X-4132,NFRKB,4798.0,MutNovel,"SS724S,0.459"
X-4132,NIF3L1,60491.0,Amp5,7.41
X-4132,NLGN4Y,22829.0,Del0.8,0.31
X-4132,NOL10,79954.0,Amp5,6.41
X-4132,NOTCH1,4851.0,MutNovel,"G2152R,0.411"
X-4132,NOTO,344022.0,Amp8,12.82
X-4132,NPC1,4864.0,MutNovel,"D973G,0.286"
X-4132,NPIPL3,23117.0,MutNovel,"P845L,0.971"
X-4132,NPM2,10361.0,Del0.8,0.78
X-4132,NR1D1,9572.0,Amp8,12.21
X-4132,NUDT18,79873.0,Del0.8,0.78
X-4132,NUP107,57122.0,MutNovel,"TS310T,0.210"
X-4132,NUP43,348995.0,MutKnownFunctional,"-380?,0.304"
X-4132,NXPH4,11247.0,MutNovel,"M195MA,0.220"
X-4132,OGFR,11054.0,MutNovel,"S579L,0.280"
X-4132,OR2T10,127069.0,Del0.8,0.59
X-4132,OR2T11,127077.0,Del0.8,0.59
X-4132,OR2T3,343173.0,Amp5,5.13
X-4132,ORAI1,84876.0,MutNovel,"PP43-,0.643"
X-4132,ORMDL3,94103.0,Amp8,12.21
X-4132,PABPC3,5042.0,MutKnownFunctional,"-299,0.667"
X-4132,PALM3,342979.0,MutNovel,"E16D,0.667"
X-4132,PANX1,24145.0,MutKnownFunctional,"R418*,0.226"
X-4132,PARP8,79668.0,MutNovel,"V84I,0.220"
X-4132,PCDH11Y,83259.0,Del0.8,0.58
X-4132,PCGF2,7703.0,Amp5,5.28
X-4132,PCMT1,5110.0,MutNovel,"R5H,0.667"
X-4132,PDIA6,10130.0,Amp8,9.25
X-4132,PDILT,204474.0,Amp8,11.08
X-4132,PDLIM2,64236.0,Del0.8,0.78
X-4132,PDLIM5,10611.0,MutNovel,"R38H,0.600"
X-4132,PDLIM5,10611.0,MutNovel,"A102T,0.429"
X-4132,PDZD9,255762.0,Amp5,6.11
X-4132,PEBP4,157310.0,Del0.8,0.78
X-4132,PELI1,57162.0,Amp5,5.17
X-4132,PGAP1,80055.0,Amp5,5.03
X-4132,PGAP3,93210.0,Amp8,12.21
X-4132,PHLDA1,22822.0,MutNovel,"QQ194Q,0.625"
X-4132,PHYHIP,9796.0,Del0.8,0.78
X-4132,PIGZ,80235.0,MutNovel,"E388G,0.857"
X-4132,PIP4K2B,8396.0,Amp5,5.28
X-4132,PIWIL2,55124.0,Del0.8,0.78
X-4132,PLCD1,5333.0,MutNovel,"E362D,0.680"
X-4132,PLCL1,5334.0,Amp5,5.03
X-4132,PLXDC1,57125.0,Amp8,18.77
X-4132,PMEL,6490.0,MutNovel,"S113N,0.600"
X-4132,PNMT,5409.0,Amp8,12.21
X-4132,POLR2J2,246721.0,MutKnownFunctional,"R73*,1.000"
X-4132,POLR3D,661.0,Del0.8,0.78
X-4132,POLRMT,5442.0,MutNovel,"-747TC,0.383"
X-4132,POM121,9883.0,MutNovel,"S367N,0.538"
X-4132,POMZP3,22932.0,MutNovel,"T125S,0.897"
X-4132,POTEE,445582.0,MutNovel,"R816N,0.444"
X-4132,PPAP2B,8613.0,MutNovel,"V299M,0.889"
X-4132,PPAP2B,8613.0,Amp8,12.82
X-4132,PPARD,5467.0,MutNovel,"T101M,0.383"
X-4132,PPCS,79717.0,Amp5,6.15
X-4132,PPIH,10465.0,Amp5,6.15
X-4132,PPIL3,53938.0,Amp5,7.41
X-4132,PPP1R1B,84152.0,Amp8,18.77
X-4132,PPP3CC,5533.0,Del0.8,0.78
X-4132,PRADC1,84279.0,Amp8,12.82
X-4132,PRKAA2,5563.0,Amp8,9.19
X-4132,PRKY,5616.0,Del0.8,0.32
X-4132,PROM2,150696.0,MutNovel,"L556F,1.000"
X-4132,PRY,9081.0,Del0.8,0.31
X-4132,PRY,9081.0,Del0.8,0.31
X-4132,PRY2,442862.0,Del0.8,0.31
X-4132,PRY2,442862.0,Del0.8,0.31
X-4132,PSD4,23550.0,Amp5,6.15
X-4132,PSMB3,5691.0,Amp5,5.28
X-4132,PSMD3,5709.0,Amp8,12.21
X-4132,PTPRF,5792.0,Amp8,9.32
X-4132,PTPRU,10076.0,MutNovel,"M788T,0.462"
X-4132,PUS10,150962.0,MutNovel,"G89R,0.323"
X-4132,R3HCC1,203069.0,Del0.8,0.78
X-4132,RANBP2,5903.0,Amp5,6.92
X-4132,RANBP9,10048.0,MutNovel,"-11RR,0.265"
X-4132,RAPGEFL1,51195.0,Amp8,12.21
X-4132,RARA,5914.0,Amp8,9.85
X-4132,RASA3,22821.0,Del0.8,0.73
X-4132,RB1,5925.0,Del0.8,0.65
X-4132,RBMY1A3P,286557.0,Del0.8,0.32
X-4132,RBMY1B,378948.0,Del0.8,0.31
X-4132,RBMY1B,378948.0,Del0.8,0.31
X-4132,RBMY1E,378950.0,Del0.8,0.31
X-4132,RBMY1E,378950.0,Del0.8,0.31
X-4132,RBMY1F,159163.0,Del0.8,0.31
X-4132,RBMY1F,159163.0,Del0.8,0.31
X-4132,RBMY1J,378951.0,Del0.8,0.31
X-4132,RBMY1J,378951.0,Del0.8,0.31
X-4132,RBMY2EP,159125.0,Del0.8,0.31
X-4132,RBMY2FP,159162.0,Del0.8,0.31
X-4132,RBMY3AP,64593.0,Del0.8,0.31
X-4132,REEP4,80346.0,Del0.8,0.78
X-4132,RFTN2,130132.0,Amp5,5.03
X-4132,RGPD2,,MutNovel,"V967L,1.000"
X-4132,RGPD8,727851.0,MutNovel,"L1095P,1.000"
X-4132,RHOBTB2,23221.0,Del0.8,0.78
X-4132,RIMKLA,284716.0,Amp8,10.41
X-4132,RIMS1,22999.0,MutNovel,"G593R,0.316"
X-4132,RIN1,9610.0,MutNovel,"R403C,0.640"
X-4132,RIN3,79890.0,MutNovel,"G967-,0.538"
X-4132,RPE65,6121.0,Amp5,6.36
X-4132,RPL19,6143.0,Amp8,18.77
X-4132,RPL23,9349.0,Amp5,5.28
X-4132,RPS4Y1,6192.0,Del0.8,0.58
X-4132,RPS4Y2,140032.0,Del0.8,0.31
X-4132,RPSAP58,388524.0,Amp5,5.54
X-4132,RRAGC,64121.0,Amp5,7.31
X-4132,RRM2,6241.0,Amp8,8.17
X-4132,SAC3D1,29901.0,MutNovel,"R39L,0.692"
X-4132,SACM1L,22908.0,MutNovel,"F18I,0.458"
X-4132,SATB2,23314.0,Amp5,7.41
X-4132,SCG5,6447.0,Amp5,6.77
X-4132,SCLY,51540.0,MutNovel,"A19S,0.818"
X-4132,SCMH1,22955.0,Amp5,5.54
X-4132,SCRIB,23513.0,MutNovel,"G998R,0.280"
X-4132,SDC4,6385.0,MutNovel,"R171C,0.291"
X-4132,SERF2,10169.0,MutNovel,"A47T,0.721"
X-4132,SERINC2,347735.0,MutNovel,"-373Q,0.781"
X-4132,SETX,23064.0,MutNovel,"E2239D,0.240"
X-4132,SF3A2,8175.0,MutKnownFunctional,"-464,0.405"
X-4132,SF3B1,23451.0,Amp5,5.03
X-4132,SFTPC,6440.0,Del0.8,0.78
X-4132,SGK223,157285.0,Del0.8,0.75
X-4132,SGOL2,151246.0,Amp5,7.41
X-4132,SHANK2,22941.0,MutNovel,"K166N,0.731"
X-4132,SHISA9,729993.0,Amp5,5.66
X-4132,SLC18A1,6570.0,Del0.8,0.78
X-4132,SLC39A14,23516.0,Del0.8,0.78
X-4132,SLC43A1,8501.0,MutNovel,"R296C,0.750"
X-4132,SMC5,23137.0,MutNovel,"Q177E,0.635"
X-4132,SMG8,55181.0,MutNovel,"G375V,0.458"
X-4132,SMYD5,10322.0,Amp8,12.82
X-4132,SNORA21,619505.0,Amp5,5.28
X-4132,SNORD124,100113390.0,Amp8,12.21
X-4132,SNORD96B,692226.0,Amp5,5.82
X-4132,SOCS7,30837.0,Amp5,5.28
X-4132,SON,6651.0,MutNovel,"A297E,0.326"
X-4132,SORBS1,10580.0,MutNovel,"M938V,0.833"
X-4132,SORBS3,10174.0,Del0.8,0.78
X-4132,SOX9,6662.0,MutNovel,"V306A,0.436"
X-4132,SPAG11A,653423.0,Del0.8,0.75
X-4132,SPAG11B,10407.0,Del0.8,0.75
X-4132,SPAG11B,10407.0,Del0.8,0.75
X-4132,SPATS2L,26010.0,Amp5,7.41
X-4132,SPEN,23013.0,MutNovel,"L1091A,0.366"
X-4132,SRCIN1,80725.0,Amp5,5.28
X-4132,SRSF7,6432.0,MutNovel,"S123C,0.358"
X-4132,SRY,6736.0,Del0.8,0.58
X-4132,SSPO,23145.0,MutKnownFunctional,"-1568,0.417"
X-4132,ST3GAL3,6487.0,Amp5,7.01
X-4132,ST6GAL2,84620.0,Amp5,7.26
X-4132,STAC2,342667.0,Amp8,18.77
X-4132,STARD3,10948.0,Amp8,15.14
X-4132,STK11,6794.0,MutNovel,"V133M,0.590"
X-4132,STK11,6794.0,MutNovel,"S421R,0.338"
X-4132,STRC,161497.0,MutNovel,"F60S,1.000"
X-4132,SUV420H1,51111.0,MutNovel,"DD843D,0.684"
X-4132,SYNJ2,8871.0,MutNovel,"T74M,0.327"
X-4132,SYNRG,11276.0,Amp5,5.28
X-4132,TAC1,6863.0,MutNovel,"E78G,0.824"
X-4132,TACSTD2,4070.0,Amp5,5.86
X-4132,TADA2A,6871.0,Amp5,5.28
X-4132,TAF1B,9014.0,Amp8,8.17
X-4132,TAF1C,9013.0,MutNovel,"R866Q,0.466"
X-4132,TBC1D3,729873.0,Amp5,5.28
X-4132,TBC1D3,729873.0,Amp5,5.28
X-4132,TBC1D3G,654341.0,MutNovel,"Q354K,1.000"
X-4132,TBL1Y,90665.0,Del0.8,0.32
X-4132,TBP,6908.0,MutNovel,"-64Q,0.302"
X-4132,TCAP,8557.0,Amp8,12.21
X-4132,TCHH,7062.0,MutNovel,"C1110Y,0.300"
X-4132,TFDP1,7027.0,Del0.8,0.73
X-4132,TGIF2LY,90655.0,Del0.8,0.58
X-4132,THRA,7067.0,Amp8,12.21
X-4132,THUMPD1,55623.0,Amp5,6.63
X-4132,TLL1,7092.0,MutNovel,"F933L,0.800"
X-4132,TMCO3,55002.0,Del0.8,0.73
X-4132,TMEM125,128218.0,Amp5,7.06
X-4132,TMEM164,84187.0,Amp5,5.82
X-4132,TMEM168,64418.0,MutNovel,"R350C,0.312"
X-4132,TMEM184A,202915.0,MutNovel,"G392GA,0.845"
X-4132,TMEM249,,MutNovel,"E82K,0.364"
X-4132,TMSB4Y,9087.0,Del0.8,0.31
X-4132,TNFRSF10A,8797.0,Del0.8,0.78
X-4132,TNFRSF10B,8795.0,Del0.8,0.78
X-4132,TNFRSF10C,8794.0,Del0.8,0.78
X-4132,TNFRSF10D,8793.0,Del0.8,0.78
X-4132,TNRC6B,23112.0,MutNovel,"P81T,0.812"
X-4132,TOP2A,7153.0,Amp8,8.4
X-4132,TP53INP2,58476.0,MutNovel,"E146Q,0.870"
X-4132,TRIB2,28951.0,Amp5,6.23
X-4132,TRIL,9865.0,MutNovel,"A481D,1.000"
X-4132,TRIOBP,11078.0,MutNovel,"R462K,0.400"
X-4132,TSPY1,7258.0,Del0.8,0.06
X-4132,TSPY2,64591.0,Del0.8,0.32
X-4132,TSPY3,728137.0,Del0.8,0.06
X-4132,TSPY4,728395.0,Del0.8,0.06
X-4132,TSPY8,728403.0,Del0.8,0.06
X-4132,TSPYL1,7259.0,MutNovel,"V176VW,0.275"
X-4132,TTC27,55622.0,Amp5,6.73
X-4132,TTC36,143941.0,MutNovel,"R118W,0.600"
X-4132,TTC6,,MutNovel,"ES408DS,1.000"
X-4132,TTLL5,23093.0,MutNovel,"S103F,1.000"
X-4132,TTTY10,246119.0,Del0.8,0.31
X-4132,TTTY11,83866.0,Del0.8,0.32
X-4132,TTTY12,83867.0,Del0.8,0.32
X-4132,TTTY13,83868.0,Del0.8,0.31
X-4132,TTTY14,83869.0,Del0.8,0.31
X-4132,TTTY15,64595.0,Del0.8,0.31
X-4132,TTTY16,252948.0,Del0.8,0.32
X-4132,TTTY17A,252949.0,Del0.8,0.31
X-4132,TTTY17A,252949.0,Del0.8,0.31
X-4132,TTTY18,252950.0,Del0.8,0.32
X-4132,TTTY19,252952.0,Del0.8,0.32
X-4132,TTTY1B,100101116.0,Del0.8,0.32
X-4132,TTTY1B,100101116.0,Del0.8,0.31
X-4132,TTTY2,60439.0,Del0.8,0.31
X-4132,TTTY2,60439.0,Del0.8,0.32
X-4132,TTTY20,252951.0,Del0.8,0.13
X-4132,TTTY21,252953.0,Del0.8,0.32
X-4132,TTTY21,252953.0,Del0.8,0.31
X-4132,TTTY22,252954.0,Del0.8,0.31
X-4132,TTTY23,252955.0,Del0.8,0.31
X-4132,TTTY23,252955.0,Del0.8,0.32
X-4132,TTTY3,114760.0,Del0.8,0.31
X-4132,TTTY3,114760.0,Del0.8,0.31
X-4132,TTTY4,114761.0,Del0.8,0.31
X-4132,TTTY4,114761.0,Del0.8,0.31
X-4132,TTTY5,83863.0,Del0.8,0.31
X-4132,TTTY6,84672.0,Del0.8,0.31
X-4132,TTTY6,84672.0,Del0.8,0.31
X-4132,TTTY7,246122.0,Del0.8,0.32
X-4132,TTTY7,246122.0,Del0.8,0.31
X-4132,TTTY7B,100101120.0,Del0.8,0.31
X-4132,TTTY7B,100101120.0,Del0.8,0.32
X-4132,TTTY8,84673.0,Del0.8,0.32
X-4132,TTTY8,84673.0,Del0.8,0.31
X-4132,TTTY9A,83864.0,Del0.8,0.31
X-4132,TTTY9A,83864.0,Del0.8,0.31
X-4132,TUSC1,286319.0,MutNovel,"-48A,0.760"
X-4132,TXLNG2P,246126.0,Del0.8,0.31
X-4132,TXNRD1,7296.0,MutNovel,"R418K,0.771"
X-4132,TYW5,129450.0,Amp5,7.41
X-4132,UBQLNL,143630.0,MutKnownFunctional,"-75,0.833"
X-4132,UBXN11,91544.0,MutNovel,"G500VPG,0.696"
X-4132,UMOD,7369.0,Amp8,11.08
X-4132,UNC13D,201294.0,MutNovel,"G152E,0.288"
X-4132,UPF3A,65110.0,Del0.8,0.73
X-4132,UPK3BL,,MutKnownFunctional,"-131,0.219"
X-4132,UQCRC2,7385.0,Amp5,6.11
X-4132,USP32P2,220594.0,Del0.8,0.7
X-4132,USP36,57602.0,MutNovel,"KKK958K,0.555"
X-4132,USP40,55230.0,MutNovel,"D1188-,0.263"
X-4132,USP9Y,8287.0,Del0.8,0.31
X-4132,UTY,7404.0,Del0.8,0.31
X-4132,UXS1,80146.0,Amp5,7.46
X-4132,VCX3B,425054.0,MutNovel,"E119Q,0.522"
X-4132,VCY,9084.0,Del0.8,0.31
X-4132,VCY,9084.0,Del0.8,0.31
X-4132,WASH1,100287171.0,MutNovel,"A437G,0.710"
X-4132,WDR55,54853.0,MutNovel,"D95N,0.449"
X-4132,WDR65,149465.0,Amp5,7.06
X-4132,WIPF2,147179.0,Amp8,12.21
X-4132,WNT11,7481.0,MutNovel,"R266Q,0.529"
X-4132,WNT7B,7477.0,MutNovel,"A116V,0.416"
X-4132,XKRY2,353515.0,Del0.8,0.31
X-4132,XKRY2,353515.0,Del0.8,0.31
X-4132,XPO7,23039.0,Del0.8,0.78
X-4132,XRCC3,7517.0,MutKnownFunctional,"C328*,0.319"
X-4132,YBX1,4904.0,MutNovel,"PAAPALS15P,0.328"
X-4132,YBX1,4904.0,Amp5,6.15
X-4132,YWHAQ,10971.0,Amp5,6.36
X-4132,ZDHHC11,79844.0,MutNovel,"G312A,0.625"
X-4132,ZDHHC11,79844.0,MutNovel,"A303D,0.750"
X-4132,ZFP41,286128.0,MutNovel,"H59N,0.324"
X-4132,ZFPM1,161882.0,MutNovel,"VK202V,1.000"
X-4132,ZFY,7544.0,Del0.8,0.58
X-4132,ZFYVE20,64145.0,MutNovel,"R319Q,0.315"
X-4132,ZMYND12,84217.0,Amp5,6.15
X-4132,ZNF135,7694.0,MutNovel,"G16R,0.857"
X-4132,ZNF236,7776.0,MutKnownFunctional,"-458?,0.304"
X-4132,ZNF264,9422.0,MutNovel,"D87N,0.694"
X-4132,ZNF384,171017.0,MutNovel,"QQ514Q,0.449"
X-4132,ZNF417,147687.0,MutNovel,"P379R,0.700"
X-4132,ZNF611,81856.0,MutNovel,"L19V,0.714"
X-4132,ZNF681,148213.0,Amp5,5.54
X-4132,ZNF705A,440077.0,MutNovel,"E68K,0.667"
X-4132,ZNF705G,100131980.0,Del0.8,0.41
X-4132,ZNF726,730087.0,Amp5,5.54
X-4132,ZNF761,388561.0,MutNovel,"R603A,0.214"
X-4132,ZNF772,400720.0,MutNovel,"A4GP,0.667"
X-4132,ZNF814,730051.0,MutNovel,"H296HI,0.667"
X-4132,ZNF837,116412.0,MutNovel,"G359V,0.769"
X-4132,ZNF850,342892.0,MutNovel,"E1062K,0.867"
X-4132,ZP3,7784.0,MutNovel,"T287S,0.336"
X-4132,ZPBP2,124626.0,Amp8,12.21
X-4347,ACLY,47.0,MutNovel,"K232R,0.998"
X-4347,ADAM3A,1587.0,Del0.8,0.28
X-4347,ADAM5P,255926.0,Del0.8,0.71
X-4347,ADCY7,113.0,MutNovel,"P665S,0.500"
X-4347,ADCY8,114.0,Amp5,5.28
X-4347,AIM1,202.0,MutNovel,"Y1722H,0.511"
X-4347,AKT1,207.0,MutKnownFunctional,"E17K,0.998"
X-4347,ALDH3B1,221.0,MutKnownFunctional,"-301?,0.462"
X-4347,AMELY,266.0,Del0.8,0.26
X-4347,ANKRD30A,91074.0,MutNovel,"N508S,1.000"
X-4347,ANKRD36,375248.0,MutNovel,"T998S,0.500"
X-4347,ANXA13,312.0,Amp5,5.21
X-4347,ARHGEF17,9828.0,MutNovel,"D1761G,0.714"
X-4347,ARL17A,51326.0,MutNovel,"A64G,0.667"
X-4347,ASAP1,50807.0,Amp5,6.82
X-4347,ASAP1-IT1,29065.0,Amp5,5.28
X-4347,ATAD2,29028.0,Amp5,5.43
X-4347,ATP6AP1,537.0,Del0.8,0.77
X-4347,ATP6V0A1,535.0,MutNovel,"T282M,1.000"
X-4347,BCL2L12,83596.0,MutNovel,"S301T,0.485"
X-4347,BCORP1,286554.0,Del0.8,0.26
X-4347,BPY2B,442867.0,Del0.8,0.15
X-4347,BPY2B,442867.0,Del0.8,0.08
X-4347,C10orf54,64115.0,MutNovel,"R87W,0.875"
X-4347,C6orf132,647024.0,MutNovel,"R1008G,0.326"
X-4347,C7orf63,79846.0,MutKnownFunctional,"-406?,0.368"
X-4347,CARS2,79587.0,MutNovel,"R3S,0.606"
X-4347,CASKIN1,57524.0,MutNovel,"R287W,0.417"
X-4347,CCDC66,285331.0,MutNovel,"S606SP,0.981"
X-4347,CCDC83,220047.0,MutNovel,"K52T,0.800"
X-4347,CCT5,22948.0,MutNovel,"QMVR522Q,0.398"
X-4347,CDC23,8697.0,MutNovel,"M7I,1.000"
X-4347,CDC37,11140.0,MutNovel,"M275I,0.215"
X-4347,CDH1,999.0,MutNovel,"R321G,0.520"
X-4347,CDK5,1020.0,MutNovel,"D288N,1.000"
X-4347,CDKN2A,1029.0,MutNovel,"S152P,0.750"
X-4347,CDY1B,253175.0,Del0.8,0.26
X-4347,CDY1B,253175.0,Del0.8,0.15
X-4347,CDY2A,9426.0,Del0.8,0.26
X-4347,CDY2A,9426.0,Del0.8,0.26
X-4347,CDY2B,203611.0,Del0.8,0.26
X-4347,CDY2B,203611.0,Del0.8,0.26
X-4347,CEL,1056.0,MutNovel,"A692P,0.551"
X-4347,CELSR2,1952.0,MutNovel,"R379W,0.286"
X-4347,CEP170,9859.0,MutNovel,"E417K,0.326"
X-4347,CEP350,9857.0,MutKnownFunctional,"-1655?,0.278"
X-4347,CHPF,79586.0,MutNovel,"E700D,0.342"
X-4347,CHRAC1,54108.0,Amp5,5.17
X-4347,CLDN23,137075.0,MutNovel,"R237RKP,0.760"
X-4347,CLTB,1212.0,MutNovel,"E130Q,0.999"
X-4347,CNKSR1,10256.0,MutKnownFunctional,"-282,0.684"
X-4347,CNST,163882.0,MutNovel,"P349T,0.500"
X-4347,COL22A1,169044.0,Amp5,5.17
X-4347,COQ6,51004.0,Del0.8,0.77
X-4347,CRLF1,9244.0,MutNovel,"LL25L,0.333"
X-4347,CSPG4P1Y,114758.0,Del0.8,0.26
X-4347,CSPG4P1Y,114758.0,Del0.8,0.31
X-4347,CTNNA3,29119.0,Del0.8,0.4
X-4347,CTSA,5476.0,MutNovel,"L29-,0.365"
X-4347,CTU1,90353.0,MutNovel,"V53A,0.426"
X-4347,CXorf30,645090.0,MutNovel,"F371Y,0.667"
X-4347,CYP4A11,1579.0,MutNovel,"V210L,1.000"
X-4347,CYP4A11,1579.0,MutNovel,"T196S,1.000"
X-4347,DAZ1,1617.0,Del0.8,0.26
X-4347,DAZ2,57055.0,Del0.8,0.17
X-4347,DAZ3,57054.0,Del0.8,0.15
X-4347,DAZ3,57054.0,Del0.8,0.08
X-4347,DAZ4,57135.0,Del0.8,0.18
X-4347,DAZ4,57135.0,Del0.8,0.12
X-4347,DDIT4L,115265.0,MutNovel,"K180R,1.000"
X-4347,DDX11,1663.0,MutNovel,"R167T,0.211"
X-4347,DDX3Y,8653.0,Del0.8,0.26
X-4347,DENND3,22898.0,Amp5,5.17
X-4347,DENND4B,9909.0,MutNovel,"QQQ908-,0.459"
X-4347,DLG1,1739.0,MutNovel,"R271W,0.638"
X-4347,DNAJB7,150353.0,MutKnownFunctional,"-55?,0.287"
X-4347,DNASE1L1,1774.0,Del0.8,0.77
X-4347,DSG3,1830.0,MutNovel,"A909D,1.000"
X-4347,EFR3A,23167.0,Amp5,5.28
X-4347,EIF1AY,9086.0,Del0.8,0.26
X-4347,EIF2C2,27161.0,Amp5,5.17
X-4347,EIF4ENIF1,56478.0,MutNovel,"S881G,0.489"
X-4347,ENOX1,55068.0,MutNovel,"E107K,1.000"
X-4347,ENTPD5,957.0,Del0.8,0.75
X-4347,ENY2,56943.0,Amp5,5.46
X-4347,EPPK1,83481.0,MutNovel,"R2239H,0.264"
X-4347,FA2H,79152.0,MutNovel,"L232F,0.699"
X-4347,FAM135B,51059.0,Amp5,5.17
X-4347,FAM157B,100132403.0,MutNovel,"T347A,1.000"
X-4347,FAM197Y2P,252946.0,Del0.8,0.26
X-4347,FAM41AY1,340618.0,Del0.8,0.26
X-4347,FAM41AY1,340618.0,Del0.8,0.26
X-4347,FAM49B,51571.0,Amp5,5.21
X-4347,FAM50A,9130.0,Del0.8,0.77
X-4347,FAM66A,100133172.0,Del0.8,0.71
X-4347,FAM84B,157638.0,Amp5,5.21
X-4347,FAM91A1,157769.0,Amp5,5.21
X-4347,FASN,2194.0,MutNovel,"V1991I,1.000"
X-4347,FBXL7,23194.0,MutNovel,"R275C,0.800"
X-4347,FBXO32,114907.0,Amp5,5.21
X-4347,FER1L6,654463.0,Amp5,5.21
X-4347,FER1L6-AS1,439941.0,Amp5,5.21
X-4347,FMO2,2327.0,MutNovel,"R186C,0.667"
X-4347,FRMD4B,23150.0,MutNovel,"R480C,1.000"
X-4347,GDI1,2664.0,Del0.8,0.77
X-4347,GIGYF2,26058.0,MutNovel,"PQ1231P,0.233"
X-4347,GLT8D1,55830.0,MutNovel,"V291A,1.000"
X-4347,GMIP,51291.0,MutNovel,"H810Q,0.402"
X-4347,GOLGA2P2Y,84559.0,Del0.8,0.31
X-4347,GOLGA2P2Y,84559.0,Del0.8,0.26
X-4347,GSDMC,56169.0,Amp5,5.21
X-4347,GTF3C3,9330.0,MutNovel,"EEE108E,0.224"
X-4347,GYG2P1,352887.0,Del0.8,0.26
X-4347,HHLA1,10086.0,Amp5,5.28
X-4347,HIST1H2BF,8343.0,MutNovel,"R80H,0.636"
X-4347,HMGXB4,10042.0,MutNovel,"L346V,0.434"
X-4347,HPYR1,93668.0,Amp5,5.28
X-4347,HSFY2,159119.0,Del0.8,0.26
X-4347,HSFY2,159119.0,Del0.8,0.26
X-4347,HSPA1A,3303.0,MutNovel,"F150L,0.571"
X-4347,IGHMBP2,3508.0,MutNovel,"R264H,0.769"
X-4347,INCENP,3619.0,MutNovel,"S208P,0.704"
X-4347,INCENP,3619.0,MutNovel,"R708Q,0.649"
X-4347,ITGB3BP,23421.0,MutKnownFunctional,"-191,0.935"
X-4347,KCNK9,51305.0,Amp5,5.17
X-4347,KCNQ3,3786.0,Amp5,5.28
X-4347,KCNRG,283518.0,MutNovel,"T17M,0.246"
X-4347,KDM5D,8284.0,Del0.8,0.26
X-4347,KHDRBS3,10656.0,Amp5,5.28
X-4347,KIAA0196,9897.0,Amp5,5.21
X-4347,KIAA0895L,653319.0,MutNovel,"P102L,0.413"
X-4347,KLHL2,11275.0,MutNovel,"E92G,0.261"
X-4347,KLHL38,340359.0,Amp5,5.21
X-4347,LARP1B,55132.0,MutNovel,"K522R,1.000"
X-4347,LINC00226,338004.0,Amp5,7.73
X-4347,LOC100130231,100130231.0,Amp5,5.21
X-4347,LOC100507117,100507117.0,Amp5,5.28
X-4347,LOC100652860,,MutNovel,"S503T,1.000"
X-4347,LOC157381,157381.0,Amp5,5.21
X-4347,LOC284385,284385.0,MutNovel,"V44M,0.379"
X-4347,LOC286094,286094.0,Amp5,5.28
X-4347,LOC348120,348120.0,Amp5,6.19
X-4347,LOC727677,727677.0,Amp5,5.21
X-4347,LOC728724,728724.0,Amp5,5.21
X-4347,LOC728888,,MutNovel,"A1077V,0.429"
X-4347,LRP8,7804.0,MutNovel,"K140R,1.000"
X-4347,LRRC6,23639.0,Amp5,5.28
X-4347,LSR,51599.0,MutNovel,"G518GR,0.365"
X-4347,LTBP3,4054.0,MutNovel,"C1021Y,0.644"
X-4347,M6PR,4074.0,MutKnownFunctional,"-255?,0.975"
X-4347,MAP2K7,5609.0,MutNovel,"C260Y,0.656"
X-4347,METRN,79006.0,MutKnownFunctional,"-90,0.256"
X-4347,METTL10,399818.0,MutNovel,"G33E,0.987"
X-4347,MICALCL,84953.0,MutNovel,"R209Q,1.000"
X-4347,MICB,4277.0,MutNovel,"Y59C,0.364"
X-4347,MIR1204,100302185.0,Amp5,5.21
X-4347,MIR1205,100302161.0,Amp5,5.21
X-4347,MIR1206,100302170.0,Amp5,5.21
X-4347,MIR1207,100302175.0,Amp5,5.21
X-4347,MIR1208,100302281.0,Amp5,5.21
X-4347,MIR30B,407030.0,Amp5,5.28
X-4347,MIR30D,407033.0,Amp5,5.28
X-4347,MIR3175,100422995.0,Del0.8,0.8
X-4347,MIR603,693188.0,Amp5,5.78
X-4347,MIR630,693215.0,Del0.8,0.76
X-4347,MLKL,197259.0,MutNovel,"P189L,0.420"
X-4347,MLX,6945.0,MutKnownFunctional,"-156?,0.961"
X-4347,MN1,4330.0,MutNovel,"Q534R,0.545"
X-4347,MORN1,79906.0,MutNovel,"E283Q,1.000"
X-4347,MPRIP,23164.0,MutNovel,"TS178T,0.580"
X-4347,MRGPRX1,259249.0,Del0.8,0.37
X-4347,MTCH1,23787.0,MutNovel,"A16S,0.461"
X-4347,MTERF,7978.0,MutNovel,"H98Y,0.889"
X-4347,MTSS1,9788.0,Amp5,5.21
X-4347,MUC6,4588.0,MutNovel,"L1673R,0.333"
X-4347,MYC,4609.0,Amp5,5.21
X-4347,NCRNA00185,55410.0,Del0.8,0.26
X-4347,NDRG1,10397.0,Amp5,5.28
X-4347,NDUFB9,4715.0,Amp5,5.21
X-4347,NDUFV3,4731.0,MutNovel,"G332W,0.220"
X-4347,NFYB,4801.0,MutNovel,"G76E,0.294"
X-4347,NLGN4Y,22829.0,Del0.8,0.26
X-4347,NME3,4832.0,MutNovel,"T7I,0.543"
X-4347,NSMCE2,286053.0,Amp5,5.21
X-4347,OC90,729330.0,Amp5,5.28
X-4347,OR4M2,390538.0,MutNovel,"M239V,0.714"
X-4347,OR5P2,120065.0,Del0.8,0.75
X-4347,ORAI1,84876.0,MutNovel,"PP43-,0.893"
X-4347,PABPC3,5042.0,MutNovel,"KG231-,0.667"
X-4347,PABPC3,5042.0,MutKnownFunctional,"-299,1.000"
X-4347,PCAT1,100750225.0,Amp5,5.21
X-4347,PCDH11Y,83259.0,Del0.8,0.26
X-4347,PCDHGB2,56103.0,MutNovel,"F25L,1.000"
X-4347,PCIF1,63935.0,MutNovel,"R603H,0.453"
X-4347,PCSK4,54760.0,MutNovel,"G323A,0.424"
X-4347,PHF20L1,51105.0,Amp5,5.28
X-4347,PHLDA1,22822.0,MutNovel,"QQ194Q,0.483"
X-4347,PLEKHM2,23207.0,MutNovel,"V924I,0.991"
X-4347,PLEKHO2,80301.0,MutNovel,"E2D,1.000"
X-4347,POLR3E,55718.0,MutNovel,"A18S,0.453"
X-4347,POU5F1B,5462.0,Amp5,5.21
X-4347,PPFIA2,8499.0,MutNovel,"S644C,1.000"
X-4347,PPIAL4G,644591.0,MutNovel,"S95P,1.000"
X-4347,PPIP5K1,9677.0,MutNovel,"E179G,1.000"
X-4347,PRKY,5616.0,Del0.8,0.26
X-4347,PROM1,8842.0,MutNovel,"A28D,0.996"
X-4347,PRRC2C,23215.0,MutNovel,"P1407L,0.681"
X-4347,PRY,9081.0,Del0.8,0.26
X-4347,PRY,9081.0,Del0.8,0.26
X-4347,PRY2,442862.0,Del0.8,0.26
X-4347,PRY2,442862.0,Del0.8,0.26
X-4347,PTK2,5747.0,Amp5,5.17
X-4347,PTPN20A,653129.0,MutNovel,"S120A,0.719"
X-4347,PTPN20A,653129.0,MutNovel,"E99K,0.269"
X-4347,PTPRK,5796.0,MutNovel,"R1128H,0.307"
X-4347,PVT1,5820.0,Amp5,5.21
X-4347,RALY,22913.0,MutNovel,"-231S,0.258"
X-4347,RAPH1,65059.0,MutNovel,"E515K,0.688"
X-4347,RBMY1A3P,286557.0,Del0.8,0.26
X-4347,RBMY1B,378948.0,Del0.8,0.26
X-4347,RBMY1B,378948.0,Del0.8,0.26
X-4347,RBMY1E,378950.0,Del0.8,0.26
X-4347,RBMY1E,378950.0,Del0.8,0.26
X-4347,RBMY1F,159163.0,Del0.8,0.26
X-4347,RBMY1F,159163.0,Del0.8,0.26
X-4347,RBMY1J,378951.0,Del0.8,0.26
X-4347,RBMY1J,378951.0,Del0.8,0.26
X-4347,RBMY2EP,159125.0,Del0.8,0.26
X-4347,RBMY2FP,159162.0,Del0.8,0.26
X-4347,RBMY3AP,64593.0,Del0.8,0.26
X-4347,REEP6,92840.0,MutNovel,"Y47H,0.613"
X-4347,RGPD4,285190.0,MutNovel,"S264N,0.231"
X-4347,RIN3,79890.0,MutNovel,"G967-,0.613"
X-4347,RNF139,11236.0,Amp5,5.21
X-4347,RNF216,54476.0,MutNovel,"V888M,0.519"
X-4347,RPS4Y1,6192.0,Del0.8,0.26
X-4347,RPS4Y2,140032.0,Del0.8,0.26
X-4347,RUVBL1,8607.0,MutNovel,"T143A,0.665"
X-4347,RYK,6259.0,MutNovel,"A50V,0.330"
X-4347,SERHL2,253190.0,MutNovel,"H168Q,0.768"
X-4347,SERINC2,347735.0,MutNovel,"-373Q,0.785"
X-4347,SETX,23064.0,MutNovel,"I331V,1.000"
X-4347,SIK2,23235.0,MutNovel,"M447I,0.614"
X-4347,SIPA1L2,57568.0,MutNovel,"R1505H,0.593"
X-4347,SLA,6503.0,Amp5,5.28
X-4347,SLC18B1,,MutNovel,"A22E,0.448"
X-4347,SLC28A2,9153.0,MutKnownFunctional,"-129?,0.400"
X-4347,SLC2A3,6515.0,MutNovel,"E482G,1.000"
X-4347,SLC45A4,57210.0,Amp5,5.17
X-4347,SLC9A3,6550.0,MutNovel,"S718L,0.591"
X-4347,SLX4,84464.0,MutNovel,"T1628S,0.333"
X-4347,SMG1,23049.0,MutNovel,"R1020H,0.250"
X-4347,SMG7,9887.0,MutNovel,"V556A,0.469"
X-4347,SMIM1,,MutKnownFunctional,"-21,0.812"
X-4347,SNAPC4,6621.0,MutNovel,"S542-,0.500"
X-4347,SOGA2,,MutNovel,"R937Q,1.000"
X-4347,SQLE,6713.0,Amp5,5.21
X-4347,SRY,6736.0,Del0.8,0.26
X-4347,ST3GAL1,6482.0,Amp5,5.28
X-4347,TATDN1,83940.0,Amp5,5.21
X-4347,TAZ,6901.0,Del0.8,0.77
X-4347,TBC1D12,23232.0,MutNovel,"S11W,1.000"
X-4347,TBL1Y,90665.0,Del0.8,0.26
X-4347,TBP,6908.0,MutNovel,"-64Q,0.225"
X-4347,TDRKH,11022.0,MutNovel,"A425P,0.558"
X-4347,TFIP11,24144.0,MutNovel,"S286G,0.551"
X-4347,TG,7038.0,Amp5,5.28
X-4347,TGIF2LY,90655.0,Del0.8,0.26
X-4347,TGM5,9333.0,MutNovel,"R35Q,0.500"
X-4347,TMEM183B,,MutKnownFunctional,"-116?,0.615"
X-4347,TMEM184A,202915.0,MutNovel,"G392GA,0.811"
X-4347,TMEM208,29100.0,MutNovel,"E156Q,0.547"
X-4347,TMEM39A,55254.0,MutNovel,"R159L,0.365"
X-4347,TMEM65,157378.0,Amp5,5.21
X-4347,TMEM71,137835.0,Amp5,5.28
X-4347,TMSB4Y,9087.0,Del0.8,0.26
X-4347,TRAPPC9,83696.0,Amp5,5.17
X-4347,TRIB1,10221.0,Amp5,5.21
X-4347,TRMT12,55039.0,Amp5,5.21
X-4347,TRMT2B,79979.0,MutNovel,"P147L,1.000"
X-4347,TSPY1,7258.0,Del0.8,0.26
X-4347,TSPY2,64591.0,Del0.8,0.26
X-4347,TSPY3,728137.0,Del0.8,0.26
X-4347,TSPY4,728395.0,Del0.8,0.26
X-4347,TSPY8,728403.0,Del0.8,0.26
X-4347,TSPYL1,7259.0,MutNovel,"V176VW,0.328"
X-4347,TTLL5,23093.0,MutNovel,"L960P,1.000"
X-4347,TTTY10,246119.0,Del0.8,0.26
X-4347,TTTY11,83866.0,Del0.8,0.26
X-4347,TTTY12,83867.0,Del0.8,0.26
X-4347,TTTY13,83868.0,Del0.8,0.26
X-4347,TTTY14,83869.0,Del0.8,0.26
X-4347,TTTY15,64595.0,Del0.8,0.26
X-4347,TTTY16,252948.0,Del0.8,0.26
X-4347,TTTY17A,252949.0,Del0.8,0.26
X-4347,TTTY17A,252949.0,Del0.8,0.31
X-4347,TTTY18,252950.0,Del0.8,0.26
X-4347,TTTY19,252952.0,Del0.8,0.26
X-4347,TTTY1B,100101116.0,Del0.8,0.26
X-4347,TTTY1B,100101116.0,Del0.8,0.26
X-4347,TTTY2,60439.0,Del0.8,0.26
X-4347,TTTY2,60439.0,Del0.8,0.26
X-4347,TTTY20,252951.0,Del0.8,0.26
X-4347,TTTY21,252953.0,Del0.8,0.26
X-4347,TTTY21,252953.0,Del0.8,0.26
X-4347,TTTY22,252954.0,Del0.8,0.26
X-4347,TTTY23,252955.0,Del0.8,0.26
X-4347,TTTY23,252955.0,Del0.8,0.26
X-4347,TTTY3,114760.0,Del0.8,0.26
X-4347,TTTY3,114760.0,Del0.8,0.15
X-4347,TTTY4,114761.0,Del0.8,0.15
X-4347,TTTY4,114761.0,Del0.8,0.08
X-4347,TTTY5,83863.0,Del0.8,0.26
X-4347,TTTY6,84672.0,Del0.8,0.26
X-4347,TTTY6,84672.0,Del0.8,0.26
X-4347,TTTY7,246122.0,Del0.8,0.26
X-4347,TTTY7,246122.0,Del0.8,0.26
X-4347,TTTY7B,100101120.0,Del0.8,0.26
X-4347,TTTY7B,100101120.0,Del0.8,0.26
X-4347,TTTY8,84673.0,Del0.8,0.26
X-4347,TTTY8,84673.0,Del0.8,0.26
X-4347,TTTY9A,83864.0,Del0.8,0.26
X-4347,TTTY9A,83864.0,Del0.8,0.26
X-4347,TUSC3,7991.0,Del0.8,0.7
X-4347,TUT1,64852.0,MutNovel,"V140M,0.273"
X-4347,TXLNG2P,246126.0,Del0.8,0.26
X-4347,USP36,57602.0,MutNovel,"KKK958K,0.773"
X-4347,USP9Y,8287.0,Del0.8,0.26
X-4347,UTY,7404.0,Del0.8,0.26
X-4347,VCY,9084.0,Del0.8,0.26
X-4347,VCY,9084.0,Del0.8,0.26
X-4347,VPS13C,54832.0,MutNovel,"T604A,1.000"
X-4347,WDR25,79446.0,MutNovel,"S402L,0.568"
X-4347,WDYHV1,55093.0,Amp5,5.21
X-4347,WFDC12,128488.0,MutNovel,"Y63H,0.553"
X-4347,WISP1,8840.0,Amp5,5.28
X-4347,WRNIP1,56897.0,MutNovel,"GDGD170-,0.296"
X-4347,XKRY2,353515.0,Del0.8,0.26
X-4347,XKRY2,353515.0,Del0.8,0.26
X-4347,ZC3H12C,85463.0,MutKnownFunctional,"-286,0.261"
X-4347,ZFAT,57623.0,Amp5,5.28
X-4347,ZFAT-AS1,594840.0,Amp5,5.28
X-4347,ZFPL1,7542.0,MutNovel,"N52S,0.260"
X-4347,ZFY,7544.0,Del0.8,0.26
X-4347,ZNF219,51222.0,MutNovel,"QPP233P,0.646"
X-4347,ZNF230,7773.0,MutNovel,"L413P,1.000"
X-4347,ZNF239,8187.0,MutNovel,"T314P,0.432"
X-4347,ZNF384,171017.0,MutNovel,"QQ514Q,0.406"
X-4347,ZNF451,26036.0,MutNovel,"E78Q,0.316"
X-4347,ZNF572,137209.0,Amp5,5.21
X-4347,ZNF638,27332.0,MutNovel,"T1137I,0.673"
X-4347,ZNF785,146540.0,MutNovel,"S89N,0.211"
X-4567,AA06,100506677.0,Amp8,24.42
X-4567,ABHD15,116236.0,Amp8,11.79
X-4567,ABHD3,171586.0,MutNovel,"L271F,0.237"
X-4567,ACTG1,71.0,Amp5,5.78
X-4567,ADAM17,6868.0,MutNovel,"S63L,0.219"
X-4567,ADAMTS7,11173.0,MutNovel,"L1293P,0.750"
X-4567,ADCY6,112.0,MutNovel,"A86G,0.328"
X-4567,AFF3,3899.0,MutNovel,"SA620-,0.562"
X-4567,AHNAK,79026.0,MutNovel,"D3434H,0.265"
X-4567,AHNAK,79026.0,MutNovel,"E3333Q,0.382"
X-4567,AKAP13,11214.0,MutNovel,"E2618K,0.487"
X-4567,ALDH3B1,221.0,MutNovel,"L262P,0.412"
X-4567,ALDH3B1,221.0,MutNovel,"C302R,0.486"
X-4567,ALDOC,230.0,Amp8,11.79
X-4567,AMELY,266.0,Del0.8,0.41
X-4567,AMH,268.0,MutNovel,"T268A,0.364"
X-4567,AMMECR1L,83607.0,MutNovel,"D56G,0.237"
X-4567,ANKRA2,57763.0,MutNovel,"H113R,0.787"
X-4567,ANKRD13B,124930.0,Amp8,11.79
X-4567,ANKRD26,22852.0,MutNovel,"R1628T,0.317"
X-4567,ANKRD36,375248.0,MutNovel,"S547P,0.227"
X-4567,ANKRD36,375248.0,MutNovel,"P551R,0.250"
X-4567,ANKRD62,,MutNovel,"I506T,0.818"
X-4567,ANKRD62,,MutNovel,"N547T,1.000"
X-4567,ANKRD62,,MutNovel,"R553K,1.000"
X-4567,ANKRD62,,MutNovel,"Q583R,1.000"
X-4567,ANP32B,10541.0,MutNovel,"E133D,0.241"
X-4567,ANXA6,309.0,MutNovel,"P333L,0.363"
X-4567,APOOL,139322.0,MutNovel,"V163I,0.571"
X-4567,AR,367.0,MutNovel,"LQQQQ57L,0.909"
X-4567,ARHGAP33,115703.0,MutNovel,"W908C,0.283"
X-4567,ARID1A,8289.0,MutKnownFunctional,"Q1363*,0.479"
X-4567,ARL17A,51326.0,Amp8,8.11
X-4567,ASAH1,427.0,MutNovel,"R350T,0.237"
X-4567,ASPSCR1,79058.0,Amp5,5.9
X-4567,ASUN,55726.0,MutNovel,"P228L,0.688"
X-4567,ATP11C,286410.0,MutNovel,"E715K,0.667"
X-4567,ATP11C,286410.0,MutNovel,"D627H,0.280"
X-4567,ATP13A1,57130.0,MutNovel,"V1172F,0.364"
X-4567,ATP8A1,10396.0,MutNovel,"M213I,0.625"
X-4567,ATR,545.0,MutNovel,"E1898K,0.328"
X-4567,B3GNTL1,146712.0,Amp5,5.9
X-4567,BAHCC1,57597.0,Amp5,5.78
X-4567,BAIAP2L1,55971.0,MutNovel,"L358V,0.272"
X-4567,BCKDK,10295.0,MutNovel,"GSLQLQ382G,0.509"
X-4567,BCL11B,64919.0,MutNovel,"M474I,0.550"
X-4567,BCL3,602.0,MutNovel,"D334H,0.316"
X-4567,BCL7A,605.0,MutNovel,"E74Q,0.414"
X-4567,BCORP1,286554.0,Del0.8,0.41
X-4567,BCR,613.0,MutNovel,"W958C,0.321"
X-4567,BLMH,642.0,Amp8,18
X-4567,BMP8B,656.0,MutNovel,"G20E,0.750"
X-4567,BPY2B,442867.0,Del0.8,0.41
X-4567,BPY2B,442867.0,Del0.8,0.41
X-4567,BRAP,8315.0,MutNovel,"K442N,0.326"
X-4567,BSG,682.0,MutNovel,"E293Q,0.280"
X-4567,C10orf76,79591.0,MutNovel,"E151Q,0.209"
X-4567,C11orf63,79864.0,MutNovel,"E751K,0.311"
X-4567,C12orf4,57102.0,MutNovel,"L408S,0.324"
X-4567,C14orf126,112487.0,MutNovel,"D28N,0.465"
X-4567,C16orf95,100506581.0,MutNovel,"C131Y,0.278"
X-4567,C17orf101,79701.0,Amp5,5.9
X-4567,C17orf108,201229.0,Amp5,5.98
X-4567,C17orf62,79415.0,Amp5,5.9
X-4567,C17orf78,284099.0,Amp8,8.88
X-4567,C2orf29,55571.0,MutNovel,"S230F,0.234"
X-4567,C3orf37,56941.0,MutNovel,"I142V,0.745"
X-4567,C3orf71,646450.0,MutNovel,"R232T,0.385"
X-4567,C5orf15,56951.0,MutNovel,"D196N,0.337"
X-4567,C7orf41,222166.0,MutNovel,"M126I,0.283"
X-4567,C9orf169,375791.0,MutNovel,"A13V,0.529"
X-4567,C9orf53,51198.0,Del0.8,0.39
X-4567,CA10,56934.0,Amp5,5.17
X-4567,CAMSAP3,57662.0,MutNovel,"E487K,0.420"
X-4567,CAPS,828.0,MutNovel,"R84G,0.360"
X-4567,CASC5,57082.0,MutKnownFunctional,"S956*,0.250"
X-4567,CASP8AP2,9994.0,MutNovel,"L1740F,0.405"
X-4567,CASZ1,54897.0,MutNovel,"S895R,0.488"
X-4567,CATSPERB,79820.0,MutNovel,"E759Q,0.276"
X-4567,CBY1,25776.0,MutNovel,"C22G,0.319"
X-4567,CC2D1B,200014.0,MutNovel,"E629Q,0.388"
X-4567,CCDC170,,MutNovel,"K158N,0.625"
X-4567,CCDC171,,MutNovel,"K906N,1.000"
X-4567,CCDC19,25790.0,MutNovel,"L450I,0.300"
X-4567,CCDC40,55036.0,MutNovel,"E518Q,0.237"
X-4567,CCDC57,284001.0,Amp5,5.9
X-4567,CCNH,902.0,MutNovel,"E234D,0.368"
X-4567,CCNJ,54619.0,MutNovel,"E136Q,0.286"
X-4567,CD7,924.0,Amp5,5.9
X-4567,CDC27,996.0,Amp5,7.41
X-4567,CDC42EP1,11135.0,MutNovel,"PAPAANPS253P,0.382"
X-4567,CDK12,51755.0,MutNovel,"I506T,0.908"
X-4567,CDK12,51755.0,Amp8,14.03
X-4567,CDKN2A,1029.0,Del0.8,0.39
X-4567,CDKN2B,1030.0,Del0.8,0.48
X-4567,CDY1B,253175.0,Del0.8,0.41
X-4567,CDY1B,253175.0,Del0.8,0.41
X-4567,CDY2A,9426.0,Del0.8,0.41
X-4567,CDY2A,9426.0,Del0.8,0.41
X-4567,CDY2B,203611.0,Del0.8,0.41
X-4567,CDY2B,203611.0,Del0.8,0.41
X-4567,CELF2,10659.0,MutNovel,"P22A,1.000"
X-4567,CEP170,9859.0,MutNovel,"R1202K,0.300"
X-4567,CEP192,55125.0,MutNovel,"L111F,0.720"
X-4567,CEP192,55125.0,MutKnownFunctional,"Q1017*,0.412"
X-4567,CGGBP1,8545.0,MutNovel,"R127C,0.434"
X-4567,CHD6,84181.0,MutNovel,"E2090Q,0.233"
X-4567,CHD8,57680.0,MutNovel,"A2272V,0.359"
X-4567,CHD8,57680.0,MutNovel,"E1361K,0.305"
X-4567,CHP1,,MutNovel,"E15Q,0.494"
X-4567,CIT,11113.0,MutNovel,"S1364L,0.348"
X-4567,CLASP2,23122.0,MutNovel,"E1336Q,0.423"
X-4567,CLSPN,63967.0,MutNovel,"S1299L,0.441"
X-4567,COL28A1,340267.0,MutNovel,"G627R,0.417"
X-4567,COL6A1,1291.0,MutNovel,"E225Q,1.000"
X-4567,COL7A1,1294.0,MutNovel,"R2338Q,0.386"
X-4567,CORO6,84940.0,Amp8,11.79
X-4567,CPD,1362.0,Amp8,22.32
X-4567,CPEB2,132864.0,MutNovel,"A371T,1.000"
X-4567,CPSF4,10898.0,MutNovel,"M90I,0.212"
X-4567,CPT1B,1375.0,MutKnownFunctional,"Q693*,0.763"
X-4567,CREBBP,1387.0,MutNovel,"M1021I,0.317"
X-4567,CREBBP,1387.0,MutNovel,"E241Q,0.275"
X-4567,CRIPAK,285464.0,MutNovel,"V164A,0.320"
X-4567,CRYBA1,1411.0,Amp8,11.79
X-4567,CSNK1D,1453.0,Amp5,5.9
X-4567,CSPG4P1Y,114758.0,Del0.8,0.41
X-4567,CSPG4P1Y,114758.0,Del0.8,0.41
X-4567,CSTB,1476.0,MutNovel,"K44N,0.226"
X-4567,CTTNBP2NL,55917.0,MutNovel,"E632K,0.556"
X-4567,CYP2F1,1572.0,MutNovel,"R433H,1.000"
X-4567,DAZ1,1617.0,Del0.8,0.41
X-4567,DAZ2,57055.0,Del0.8,0.41
X-4567,DAZ3,57054.0,Del0.8,0.41
X-4567,DAZ3,57054.0,Del0.8,0.41
X-4567,DAZ4,57135.0,Del0.8,0.41
X-4567,DAZ4,57135.0,Del0.8,0.41
X-4567,DBC1,1620.0,MutNovel,"A437V,0.400"
X-4567,DBF4,10926.0,MutNovel,"D597H,0.262"
X-4567,DCXR,51181.0,Amp5,5.9
X-4567,DDX3Y,8653.0,Del0.8,0.41
X-4567,DDX46,9879.0,MutNovel,"E341Q,0.401"
X-4567,DDX52,11056.0,Amp8,8.88
X-4567,DDX6,1656.0,MutNovel,"R22T,0.320"
X-4567,DEK,7913.0,MutNovel,"EE46E,0.429"
X-4567,DHRS13,147015.0,Amp8,11.79
X-4567,DHRSX,207063.0,MutNovel,"S66P,1.000"
X-4567,DHTKD1,55526.0,MutNovel,"E151Q,0.291"
X-4567,DHX35,60625.0,MutNovel,"H622D,0.228"
X-4567,DIAPH3,81624.0,MutNovel,"Q924H,0.533"
X-4567,DIP2C,22982.0,MutNovel,"V591L,0.713"
X-4567,DMRTA1,63951.0,Del0.8,0.34
X-4567,DMXL1,1657.0,MutNovel,"D2473H,0.250"
X-4567,DNAJC30,84277.0,MutNovel,"G124A,0.315"
X-4567,DNHD1,144132.0,MutNovel,"K1693N,0.300"
X-4567,DNPEP,23549.0,MutNovel,"E454Q,0.246"
X-4567,DPP6,1804.0,MutNovel,"G64D,1.000"
X-4567,DPP9,91039.0,MutNovel,"E825Q,0.252"
X-4567,DSEL,92126.0,MutNovel,"H72D,0.667"
X-4567,DUS1L,64118.0,Amp5,5.9
X-4567,DUSP10,11221.0,MutNovel,"I150M,0.278"
X-4567,DUSP14,11072.0,Amp8,8.88
X-4567,E2F8,79733.0,MutNovel,"P395L,0.300"
X-4567,EDEM3,80267.0,MutNovel,"D791H,0.339"
X-4567,EFCAB5,374786.0,Amp8,16.22
X-4567,EHBP1,23301.0,MutNovel,"E898Q,0.357"
X-4567,EIF1AY,9086.0,Del0.8,0.41
X-4567,ELAVL1,1994.0,MutNovel,"S175C,0.229"
X-4567,EMC1,,MutNovel,"E169Q,0.477"
X-4567,EMC3,,MutNovel,"F88L,0.282"
X-4567,ENDOD1,23052.0,MutNovel,"S120C,0.594"
X-4567,EP400,57634.0,MutNovel,"S1861L,0.386"
X-4567,EPN3,55040.0,MutKnownFunctional,"-522,0.602"
X-4567,EPPK1,83481.0,MutNovel,"A1205T,0.470"
X-4567,EPPK1,83481.0,MutNovel,"A876V,0.441"
X-4567,ERAL1,26284.0,Amp8,11.79
X-4567,ERBB2,2064.0,Amp8,19.16
X-4567,ERCC6L,54821.0,MutNovel,"A837P,0.522"
X-4567,ETV1,2115.0,MutNovel,"D313N,0.282"
X-4567,EVPL,2125.0,MutNovel,"I1652N,0.690"
X-4567,EWSR1,2130.0,MutNovel,"R542T,0.315"
X-4567,FAM106A,80039.0,Del0.8,0.52
X-4567,FAM120C,54954.0,MutNovel,"P110RRP,1.000"
X-4567,FAM168B,130074.0,MutNovel,"S38A,0.208"
X-4567,FAM168B,130074.0,MutNovel,"P35A,0.202"
X-4567,FAM178A,55719.0,MutNovel,"E433D,0.276"
X-4567,FAM193A,8603.0,MutNovel,"E900Q,0.361"
X-4567,FAM193A,8603.0,MutNovel,"D1160H,0.413"
X-4567,FAM197Y2P,252946.0,Del0.8,0.41
X-4567,FAM211B,388886.0,MutNovel,"E105Q,0.375"
X-4567,FAM41AY1,340618.0,Del0.8,0.41
X-4567,FAM41AY1,340618.0,Del0.8,0.41
X-4567,FAM84B,157638.0,MutNovel,"E202D,0.221"
X-4567,FANCG,2189.0,MutNovel,"E101D,0.589"
X-4567,FANCM,57697.0,MutKnownFunctional,"-1333?,0.294"
X-4567,FASN,2194.0,Amp5,5.9
X-4567,FBXL20,84961.0,Amp8,9.45
X-4567,FBXO41,150726.0,MutNovel,"F603L,0.213"
X-4567,FBXO47,494188.0,Amp5,5.74
X-4567,FER,2241.0,MutNovel,"E12K,0.357"
X-4567,FH,2271.0,MutNovel,"R6G,0.245"
X-4567,FLJ22184,80164.0,MutNovel,"P1208L,0.356"
X-4567,FLOT2,2319.0,Amp8,11.79
X-4567,FN3K,64122.0,Amp5,5.9
X-4567,FN3KRP,79672.0,Amp5,5.9
X-4567,FOXK2,3607.0,Amp5,5.9
X-4567,FOXN1,8456.0,Amp8,11.79
X-4567,FOXP1,27086.0,MutNovel,"M366I,0.384"
X-4567,G3BP2,9908.0,MutNovel,"R482C,0.387"
X-4567,GALNT10,55568.0,MutNovel,"R275G,0.340"
X-4567,GALNT7,51809.0,MutKnownFunctional,"-655,0.371"
X-4567,GEMIN8,54960.0,MutNovel,"E112Q,0.461"
X-4567,GEN1,348654.0,MutNovel,"P599A,0.268"
X-4567,GGA3,23163.0,MutNovel,"D443N,0.331"
X-4567,GIGYF2,26058.0,MutNovel,"PQ1231P,1.000"
X-4567,GIT1,28964.0,Amp8,11.79
X-4567,GNB5,10681.0,MutNovel,"E62Q,0.733"
X-4567,GOLGA2P2Y,84559.0,Del0.8,0.41
X-4567,GOLGA2P2Y,84559.0,Del0.8,0.41
X-4567,GOLGA3,2802.0,MutNovel,"K786N,0.255"
X-4567,GOLGA6L4,,MutNovel,"Q218H,0.429"
X-4567,GOSR1,9527.0,Amp8,27.67
X-4567,GOSR2,9570.0,Amp8,14.72
X-4567,GPD2,2820.0,MutNovel,"E529Q,0.214"
X-4567,GPS1,2873.0,Amp5,5.9
X-4567,GRB7,2886.0,Amp8,28.64
X-4567,GRHL1,29841.0,MutNovel,"E257K,0.287"
X-4567,GRHL2,79977.0,MutNovel,"K577N,0.340"
X-4567,GRIN3B,116444.0,MutNovel,"A1028G,1.000"
X-4567,GRIP1,23426.0,MutNovel,"M883I,0.222"
X-4567,GSDMA,284110.0,Amp8,26.35
X-4567,GSDMB,55876.0,Amp8,26.35
X-4567,GYG2P1,352887.0,Del0.8,0.41
X-4567,HADHB,3032.0,MutNovel,"E364Q,0.232"
X-4567,HAUS2,55142.0,MutNovel,"S26L,0.256"
X-4567,HEXDC,284004.0,Amp5,5.9
X-4567,HIST2H2AC,8338.0,MutNovel,"E57Q,0.333"
X-4567,HIVEP3,59269.0,MutNovel,"E1585Q,0.438"
X-4567,HLA-B,3106.0,MutNovel,"A235T,0.786"
X-4567,HMHA1,23526.0,MutNovel,"Q527H,0.250"
X-4567,HNF1B,6928.0,Amp8,8.88
X-4567,HNRNPCL1,343069.0,MutKnownFunctional,"-275,1.000"
X-4567,HRH1,3269.0,MutNovel,"S359C,0.300"
X-4567,HSD17B1,3292.0,MutNovel,"E309K,0.333"
X-4567,HSFY2,159119.0,Del0.8,0.41
X-4567,HSFY2,159119.0,Del0.8,0.41
X-4567,HUWE1,10075.0,MutNovel,"E2453Q,0.467"
X-4567,HYDIN,54768.0,MutNovel,"E4127Q,1.000"
X-4567,HYDIN,54768.0,MutNovel,"H3869R,1.000"
X-4567,HYDIN,54768.0,MutNovel,"G2557E,1.000"
X-4567,IER2,9592.0,MutNovel,"A191G,0.464"
X-4567,IFFO2,126917.0,MutNovel,"E351K,0.562"
X-4567,IFT20,90410.0,Amp8,14.32
X-4567,IKZF3,22806.0,Amp8,36.76
X-4567,ILK,3611.0,MutNovel,"R149Q,0.672"
X-4567,ILK,3611.0,MutNovel,"D394H,0.318"
X-4567,INTS8,55656.0,MutNovel,"L323F,0.300"
X-4567,IPMK,253430.0,MutNovel,"G210A,0.455"
X-4567,IRF7,3665.0,MutNovel,"P232S,0.281"
X-4567,ITGA2B,3674.0,MutNovel,"D255N,0.286"
X-4567,ITPKB,3707.0,MutNovel,"D722H,0.235"
X-4567,ITSN1,6453.0,MutNovel,"E351Q,0.304"
X-4567,IWS1,55677.0,MutNovel,"E455D,0.284"
X-4567,IWS1,55677.0,MutNovel,"E443Q,0.256"
X-4567,JOSD1,9929.0,MutNovel,"P19H,0.323"
X-4567,JUNB,3726.0,MutNovel,"P247S,0.233"
X-4567,KANK2,25959.0,MutNovel,"E521K,0.222"
X-4567,KAT2B,8850.0,MutNovel,"P530A,0.212"
X-4567,KDM2A,22992.0,MutNovel,"S1142L,0.356"
X-4567,KDM5D,8284.0,Del0.8,0.41
X-4567,KDM6B,23135.0,MutNovel,"E1269K,0.479"
X-4567,KDM6B,23135.0,MutNovel,"E1304K,0.549"
X-4567,KDM6B,23135.0,MutNovel,"E1415K,0.470"
X-4567,KHDRBS3,10656.0,MutNovel,"L84V,0.278"
X-4567,KIAA0100,9703.0,Amp8,11.79
X-4567,KIAA0195,9772.0,MutNovel,"R795C,0.645"
X-4567,KIAA0284,283638.0,MutNovel,"E1550Q,0.265"
X-4567,KIAA0664,23277.0,MutNovel,"I1243M,0.523"
X-4567,KIAA0947,23379.0,MutNovel,"E947K,0.219"
X-4567,KIAA1407,57577.0,MutKnownFunctional,"-415,0.714"
X-4567,KIAA1522,57648.0,MutNovel,"S29F,0.225"
X-4567,KIAA1549,57670.0,MutNovel,"S239F,0.236"
X-4567,KIF20B,9585.0,MutNovel,"L1062LKV,1.000"
X-4567,KIF21A,55605.0,MutNovel,"M766I,0.347"
X-4567,KIF22,3835.0,MutNovel,"G130A,0.408"
X-4567,KIF22,3835.0,MutNovel,"E161Q,0.308"
X-4567,KIF22,3835.0,MutNovel,"G235A,0.382"
X-4567,KIF2B,84643.0,Amp5,5.39
X-4567,KLC1,3831.0,MutNovel,"H335Y,0.342"
X-4567,KLHL24,54800.0,MutNovel,"E350K,0.203"
X-4567,KNTC1,9735.0,MutNovel,"S291C,0.278"
X-4567,KNTC1,9735.0,MutNovel,"L2045V,0.363"
X-4567,KRT18P55,284085.0,Amp8,14.32
X-4567,KSR1,8844.0,Amp5,5.98
X-4567,LAMA3,3909.0,MutNovel,"E2707K,0.566"
X-4567,LARP1B,55132.0,MutNovel,"R387K,0.258"
X-4567,LCE3C,353144.0,Del0.8,0.55
X-4567,LGALS9,3965.0,Amp5,5.98
X-4567,LGALS9C,654346.0,Del0.8,0.52
X-4567,LINC00482,284185.0,Amp5,5.78
X-4567,LOC100131347,100131347.0,Amp5,5.86
X-4567,LOC100132247,100132247.0,MutNovel,"H680Q,0.267"
X-4567,LOC100287290,,MutNovel,"T7A,1.000"
X-4567,LOC100996274,,MutNovel,"R445G,1.000"
X-4567,LOC100996394,,MutNovel,"G242R,1.000"
X-4567,LOC100996394,,MutNovel,"H262L,1.000"
X-4567,LOC284100,284100.0,Amp8,8.88
X-4567,LOC440434,440434.0,Amp5,5.74
X-4567,LOC728888,,MutNovel,"Q17E,0.310"
X-4567,LRBA,987.0,MutNovel,"S1526N,0.365"
X-4567,LRP12,29967.0,MutNovel,"E69Q,0.500"
X-4567,LRP6,4040.0,MutNovel,"R1203T,0.314"
X-4567,LRRC37A,9884.0,MutNovel,"T167I,1.000"
X-4567,LRRC37A,9884.0,Amp8,8.11
X-4567,LRRC37A2,474170.0,Amp8,8.11
X-4567,LRRC37BP1,147172.0,Amp5,7.11
X-4567,LRRC3C,100505591.0,Amp8,26.35
X-4567,LRRC45,201255.0,Amp5,5.9
X-4567,LRRC58,116064.0,MutNovel,"S292L,0.222"
X-4567,LRRC8B,23507.0,MutNovel,"L45V,0.400"
X-4567,LSR,51599.0,MutNovel,"G518GR,1.000"
X-4567,LYPLA2,11313.0,MutNovel,"R115L,0.476"
X-4567,MANBA,4126.0,MutNovel,"H293Y,0.318"
X-4567,MAP3K1,4214.0,MutNovel,"D1215H,0.265"
X-4567,MAP3K10,4294.0,MutNovel,"S788L,0.261"
X-4567,MAP3K4,4216.0,MutNovel,"PA1189P,1.000"
X-4567,MAST4,375449.0,MutNovel,"E2188Q,0.312"
X-4567,MASTL,84930.0,MutNovel,"S648C,0.336"
X-4567,MB21D2,151963.0,MutKnownFunctional,"Q311*,0.417"
X-4567,MBTD1,54799.0,Amp5,6.5
X-4567,MCF2L,23263.0,MutNovel,"E613Q,0.346"
X-4567,MCM10,55388.0,MutNovel,"L497F,0.323"
X-4567,MED1,5469.0,Amp8,14.03
X-4567,MEGF6,1953.0,MutNovel,"A1172V,1.000"
X-4567,METRNL,284207.0,Amp5,5.9
X-4567,MFSD11,79157.0,MutNovel,"F270L,0.772"
X-4567,MICALCL,84953.0,MutNovel,"E200Q,0.231"
X-4567,MIEN1,84299.0,Amp8,28.64
X-4567,MIR144,406936.0,Amp8,11.79
X-4567,MIR3184,100423003.0,Amp8,18
X-4567,MIR3186,100422944.0,Amp5,5.78
X-4567,MIR423,494335.0,Amp8,18
X-4567,MIR451A,574411.0,Amp8,11.79
X-4567,MIR451B,100616273.0,Amp8,11.79
X-4567,MIR4522,100616277.0,Amp5,5.98
X-4567,MIR4523,100616122.0,Amp8,11.79
X-4567,MIR4723,100616388.0,Amp8,14.32
X-4567,MIR4728,100616132.0,Amp8,28.64
X-4567,MIR4732,100616385.0,Amp8,11.79
X-4567,MIR4740,100616294.0,Amp5,5.78
X-4567,MLL3,58508.0,MutNovel,"R3428S,0.228"
X-4567,MPRIP,23164.0,MutNovel,"TS178T,1.000"
X-4567,MRPS9,64965.0,MutNovel,"R136T,0.259"
X-4567,MS4A14,84689.0,MutKnownFunctional,"-56,0.667"
X-4567,MS4A14,84689.0,MutNovel,"E507Q,0.241"
X-4567,MST1,4485.0,MutNovel,"C338R,0.889"
X-4567,MTAP,4507.0,Del0.8,0.52
X-4567,MUC19,,MutNovel,"T4708A,0.520"
X-4567,MUC19,,MutNovel,"S4923N,1.000"
X-4567,MUC19,,MutNovel,"T5118I,0.442"
X-4567,MUC19,,MutNovel,"R5216S,0.446"
X-4567,MUC19,,MutNovel,"I5259S,0.222"
X-4567,MUC19,,MutKnownFunctional,"W5597*,0.625"
X-4567,MUC19,,MutNovel,"S5660K,0.921"
X-4567,MUC2,4583.0,MutNovel,"T1625A,0.250"
X-4567,MYADM,91663.0,MutNovel,"L87V,0.506"
X-4567,MYO15A,51168.0,MutNovel,"C1977H,0.500"
X-4567,MYO18A,399687.0,Amp8,11.79
X-4567,MYO1B,4430.0,MutNovel,"E423Q,0.236"
X-4567,N4BP2,55728.0,MutNovel,"T417A,0.467"
X-4567,NAGLU,4669.0,MutKnownFunctional,"E25*,0.644"
X-4567,NARF,26502.0,Amp5,5.9
X-4567,NBEAP1,606.0,Del0.8,0.78
X-4567,NBPF9,400818.0,MutNovel,"R97G,0.632"
X-4567,NBPF9,400818.0,MutNovel,"Q184R,0.750"
X-4567,NCK2,8440.0,MutKnownFunctional,"QQ16H*,0.676"
X-4567,NCOA3,8202.0,MutNovel,"Q1255-,0.536"
X-4567,NCOR2,9612.0,MutNovel,"G1839GAAA,0.857"
X-4567,NCOR2,9612.0,MutNovel,"-511S,1.000"
X-4567,NCRNA00185,55410.0,Del0.8,0.41
X-4567,NDST2,8509.0,MutNovel,"E674Q,0.393"
X-4567,NEK4,6787.0,MutNovel,"ED651D,0.590"
X-4567,NEK8,284086.0,Amp8,11.79
X-4567,NEO1,4756.0,MutNovel,"V767A,0.491"
X-4567,NEUROD2,4761.0,Amp8,14.03
X-4567,NF2,4771.0,MutNovel,"P135L,0.678"
X-4567,NFE2L3,9603.0,MutNovel,"E88K,1.000"
X-4567,NFS1,9054.0,MutNovel,"E100K,0.240"
X-4567,NIPSNAP3A,25934.0,MutNovel,"E201K,0.266"
X-4567,NLGN4Y,22829.0,Del0.8,0.41
X-4567,NLK,51701.0,Amp8,14.32
X-4567,NME1,4830.0,Amp5,6.5
X-4567,NME1-NME2,654364.0,Amp5,6.5
X-4567,NME2,4831.0,Amp5,6.5
X-4567,NOB1,28987.0,MutNovel,"S126C,0.327"
X-4567,NOL10,79954.0,MutNovel,"R27S,0.367"
X-4567,NOS2,4843.0,Amp5,5.98
X-4567,NPHP3,27031.0,MutNovel,"I618M,0.467"
X-4567,NPIPL3,23117.0,MutNovel,"APPSA400A,0.733"
X-4567,NSD1,64324.0,MutNovel,"S299L,0.235"
X-4567,NSF,4905.0,Amp8,8.11
X-4567,NSFP1,728806.0,Amp8,8.11
X-4567,NSMCE1,197370.0,MutNovel,"E225Q,0.336"
X-4567,NSRP1,84081.0,Amp8,18
X-4567,NTAN1,123803.0,MutNovel,"D148H,0.375"
X-4567,NUAK1,9891.0,MutNovel,"Q648E,0.500"
X-4567,NUFIP2,57532.0,Amp8,11.79
X-4567,NUP54,53371.0,MutNovel,"S9L,0.333"
X-4567,ORAI1,84876.0,MutNovel,"PP43-,1.000"
X-4567,ORMDL3,94103.0,Amp8,26.35
X-4567,PACS1,55690.0,MutNovel,"S68W,0.391"
X-4567,PACS1,55690.0,MutNovel,"E454K,0.357"
X-4567,PACSIN1,29993.0,MutNovel,"Q99E,0.500"
X-4567,PAIP1,10605.0,MutNovel,"D452G,0.434"
X-4567,PARP1,142.0,MutNovel,"K221N,0.209"
X-4567,PBX2,5089.0,MutNovel,"M116I,0.245"
X-4567,PCDH11Y,83259.0,Del0.8,0.41
X-4567,PCDHB3,56132.0,MutNovel,"K434E,1.000"
X-4567,PCDHGB2,56103.0,MutNovel,"D174H,1.000"
X-4567,PCNXL3,399909.0,MutNovel,"P1900S,0.697"
X-4567,PCSK5,5125.0,MutNovel,"R114K,1.000"
X-4567,PDGFRL,5157.0,MutNovel,"E93Q,0.429"
X-4567,PDK2,5164.0,MutNovel,"R194Q,1.000"
X-4567,PER3,8863.0,MutNovel,"E455K,0.385"
X-4567,PER3,8863.0,MutNovel,"M457I,0.455"
X-4567,PEX6,5190.0,MutNovel,"S516F,0.493"
X-4567,PFDN1,5201.0,MutNovel,"E107Q,0.276"
X-4567,PGAP3,93210.0,Amp8,23.43
X-4567,PGRMC2,10424.0,MutNovel,"E42Q,0.371"
X-4567,PHF12,57649.0,Amp8,11.79
X-4567,PHLDA1,22822.0,MutNovel,"QQ194Q,1.000"
X-4567,PIBF1,10464.0,MutNovel,"E163K,0.204"
X-4567,PIEZO1,9780.0,MutNovel,"E1660Q,0.347"
X-4567,PIGS,94005.0,Amp8,11.79
X-4567,PIK3R1,5295.0,MutNovel,"D464H,0.231"
X-4567,PIPOX,51268.0,Amp8,11.79
X-4567,PJA1,64219.0,MutNovel,"D92H,0.310"
X-4567,PKD1,5310.0,MutNovel,"R3892H,0.623"
X-4567,PKD1,5310.0,MutNovel,"T618I,0.366"
X-4567,PKMYT1,9088.0,MutNovel,"I63M,0.344"
X-4567,PLEKHA3,65977.0,MutNovel,"A78D,0.246"
X-4567,PLIN1,5346.0,MutNovel,"D385G,0.700"
X-4567,PLXDC1,57125.0,Amp5,5.86
X-4567,PLXNB2,23654.0,MutNovel,"E1394Q,0.340"
X-4567,PNMT,5409.0,Amp8,23.43
X-4567,POLD3,10714.0,MutNovel,"E408K,0.208"
X-4567,POLDIP2,26073.0,Amp8,14.32
X-4567,POLG2,11232.0,MutNovel,"S480L,0.333"
X-4567,POLR1A,25885.0,MutNovel,"E186K,0.208"
X-4567,POLRMT,5442.0,MutNovel,"E321Q,0.333"
X-4567,POM121C,100101267.0,MutNovel,"V8L,0.379"
X-4567,POMGNT1,55624.0,MutNovel,"F688L,0.244"
X-4567,POTEE,445582.0,MutNovel,"R573K,0.429"
X-4567,POTEE,445582.0,MutNovel,"M665I,0.750"
X-4567,POTEE,445582.0,MutNovel,"R816H,1.000"
X-4567,POTEF,728378.0,MutNovel,"R954W,1.000"
X-4567,POTEF,728378.0,MutNovel,"Y918F,0.900"
X-4567,POTEF,728378.0,MutNovel,"N444D,0.778"
X-4567,POTEI,,MutNovel,"M839V,1.000"
X-4567,POTEJ,,MutNovel,"Q586H,0.800"
X-4567,POTEJ,,MutNovel,"R615W,0.929"
X-4567,PPIP5K2,23262.0,MutNovel,"S220T,0.302"
X-4567,PPM1D,8493.0,MutNovel,"W358C,0.234"
X-4567,PPP1CC,5501.0,MutNovel,"G67A,0.315"
X-4567,PPP1R1B,84152.0,Amp8,20.68
X-4567,PPY2,23614.0,Amp8,14.32
X-4567,PRB4,5545.0,MutNovel,"P71T,1.000"
X-4567,PRKY,5616.0,Del0.8,0.41
X-4567,PRMT2,3275.0,MutNovel,"P363L,0.521"
X-4567,PROCA1,147011.0,Amp8,11.79
X-4567,PRPF8,10594.0,MutNovel,"S1654T,0.470"
X-4567,PRR12,57479.0,MutNovel,"P799H,0.521"
X-4567,PRX,57716.0,MutNovel,"I420M,0.267"
X-4567,PRY,9081.0,Del0.8,0.41
X-4567,PRY,9081.0,Del0.8,0.41
X-4567,PRY2,442862.0,Del0.8,0.41
X-4567,PRY2,442862.0,Del0.8,0.41
X-4567,PSD,5662.0,MutNovel,"L123F,0.400"
X-4567,PSEN1,5663.0,MutNovel,"H351N,0.314"
X-4567,PSMC1,5700.0,MutNovel,"Q82E,0.604"
X-4567,PSMD3,5709.0,Amp5,6.23
X-4567,PYY2,23615.0,Amp8,14.32
X-4567,RAB34,83871.0,Amp8,11.79
X-4567,RAB40B,10966.0,Amp5,5.9
X-4567,RAB4B,53916.0,MutNovel,"S72L,0.230"
X-4567,RABGAP1L,9910.0,MutNovel,"Q364P,0.536"
X-4567,RAC3,5881.0,Amp5,5.9
X-4567,RAI1,10743.0,MutNovel,"S1630F,0.224"
X-4567,RANBP2,5903.0,MutNovel,"E805K,0.405"
X-4567,RAP2B,5912.0,MutNovel,"S48W,0.212"
X-4567,RB1CC1,9821.0,MutNovel,"E743Q,0.281"
X-4567,RBL1,5933.0,MutNovel,"D317H,0.227"
X-4567,RBM25,58517.0,MutNovel,"R203K,0.257"
X-4567,RBM47,54502.0,MutNovel,"L221V,0.590"
X-4567,RBMY1A3P,286557.0,Del0.8,0.41
X-4567,RBMY1B,378948.0,Del0.8,0.41
X-4567,RBMY1B,378948.0,Del0.8,0.41
X-4567,RBMY1E,378950.0,Del0.8,0.41
X-4567,RBMY1E,378950.0,Del0.8,0.41
X-4567,RBMY1F,159163.0,Del0.8,0.41
X-4567,RBMY1F,159163.0,Del0.8,0.41
X-4567,RBMY1J,378951.0,Del0.8,0.41
X-4567,RBMY1J,378951.0,Del0.8,0.41
X-4567,RBMY2EP,159125.0,Del0.8,0.41
X-4567,RBMY2FP,159162.0,Del0.8,0.41
X-4567,RBMY3AP,64593.0,Del0.8,0.41
X-4567,RBPMS,11030.0,MutKnownFunctional,"E51*,0.203"
X-4567,RBPMS2,348093.0,MutNovel,"S196F,0.600"
X-4567,RECQL4,9401.0,MutNovel,"Q859R,0.492"
X-4567,RELB,5971.0,MutNovel,"I207M,0.304"
X-4567,REV3L,5980.0,MutNovel,"F2355L,0.333"
X-4567,REV3L,5980.0,MutNovel,"D1360H,0.267"
X-4567,REXO1,57455.0,MutNovel,"G953E,0.256"
X-4567,RFNG,5986.0,Amp5,5.9
X-4567,RIBC2,26150.0,MutNovel,"W281C,0.250"
X-4567,RIPK2,8767.0,MutNovel,"K384T,0.422"
X-4567,RNF111,54778.0,MutNovel,"Q377H,0.400"
X-4567,RORC,6097.0,MutNovel,"E269Q,0.444"
X-4567,RPL23A,6147.0,Amp8,11.79
X-4567,RPRML,388394.0,Amp8,14.72
X-4567,RPS4Y1,6192.0,Del0.8,0.41
X-4567,RPS4Y2,140032.0,Del0.8,0.41
X-4567,RPS8,6202.0,MutNovel,"E132K,0.245"
X-4567,RRP1B,23076.0,MutNovel,"G557R,0.457"
X-4567,RSPH4A,345895.0,MutKnownFunctional,"Q554*,0.231"
X-4567,RTL1,388015.0,MutNovel,"E152EK,0.511"
X-4567,SAMD4B,55095.0,MutNovel,"E541Q,0.277"
X-4567,SARM1,23098.0,Amp8,14.32
X-4567,SCAF1,58506.0,MutNovel,"R114H,0.518"
X-4567,SCAMP2,10066.0,MutKnownFunctional,"Q298*,0.520"
X-4567,SCCPDH,51097.0,MutNovel,"E25Q,0.304"
X-4567,SCLY,51540.0,MutNovel,"P15L,0.455"
X-4567,SDF2,6388.0,Amp8,11.79
X-4567,SEBOX,645832.0,MutKnownFunctional,"-9?,1.000"
X-4567,SEBOX,645832.0,Amp8,14.32
X-4567,SEC61A1,29927.0,MutNovel,"S386F,0.305"
X-4567,SECISBP2,79048.0,MutNovel,"E404K,0.245"
X-4567,SECTM1,6398.0,Amp5,5.9
X-4567,SEMA3B,7869.0,MutNovel,"G505A,0.311"
X-4567,SERINC2,347735.0,MutNovel,"-373Q,1.000"
X-4567,SET,6418.0,MutNovel,"D277N,0.217"
X-4567,SEZ6,124925.0,Amp8,11.79
X-4567,SGK494,124923.0,Amp8,11.79
X-4567,SH3PXD2A,9644.0,MutNovel,"S792F,0.294"
X-4567,SH3PXD2A,9644.0,MutNovel,"S664L,0.290"
X-4567,SH3TC1,54436.0,MutNovel,"E421Q,0.414"
X-4567,SIPA1,6494.0,MutNovel,"R569W,0.393"
X-4567,SIPA1L2,57568.0,MutNovel,"D262H,0.341"
X-4567,SIX4,51804.0,MutNovel,"S135F,0.467"
X-4567,SLBP,7884.0,MutNovel,"R153C,0.388"
X-4567,SLC13A2,9058.0,Amp8,11.79
X-4567,SLC16A10,117247.0,MutNovel,"D107G,0.833"
X-4567,SLC16A3,9123.0,Amp5,5.9
X-4567,SLC35E1,79939.0,MutNovel,"E26Q,0.222"
X-4567,SLC38A7,55238.0,MutNovel,"E112Q,0.246"
X-4567,SLC46A1,113235.0,Amp8,14.32
X-4567,SLC6A4,6532.0,Amp8,18
X-4567,SLU7,10569.0,MutNovel,"Q252H,0.294"
X-4567,SMARCA4,6597.0,MutNovel,"M886I,0.271"
X-4567,SMARCD2,6603.0,MutNovel,"G220E,0.210"
X-4567,SNAPC3,6619.0,MutNovel,"E158K,0.522"
X-4567,SNORD42A,26809.0,Amp8,11.79
X-4567,SNORD42B,26808.0,Amp8,11.79
X-4567,SNORD4A,26773.0,Amp8,11.79
X-4567,SNORD4B,26772.0,Amp8,11.79
X-4567,SNX22,79856.0,MutNovel,"L189V,0.667"
X-4567,SP1,6667.0,MutNovel,"S301L,0.309"
X-4567,SPAG5,10615.0,Amp8,11.79
X-4567,SPAG5-AS1,100506436.0,Amp8,11.79
X-4567,SPAG9,9043.0,Amp5,6.5
X-4567,SPEF2,79925.0,MutNovel,"T283S,0.500"
X-4567,SPRR1B,6699.0,MutNovel,"E47Q,0.242"
X-4567,SPRR3,6707.0,MutNovel,"K140N,0.206"
X-4567,SPTY2D1,144108.0,MutNovel,"P395R,0.414"
X-4567,SRP68,6730.0,MutNovel,"R394H,0.316"
X-4567,SRRM2,23524.0,MutNovel,"V1296I,0.378"
X-4567,SRY,6736.0,Del0.8,0.41
X-4567,SS18L1,26039.0,MutNovel,"Q182P,0.333"
X-4567,SSH2,85464.0,Amp8,11.79
X-4567,SSX2IP,117178.0,MutKnownFunctional,"S24*,0.204"
X-4567,ST6GALNAC6,30815.0,MutNovel,"D146H,0.292"
X-4567,ST7,7982.0,MutNovel,"E158Q,0.355"
X-4567,ST7L,54879.0,MutNovel,"S205L,0.353"
X-4567,STAG3,10734.0,MutNovel,"R90W,0.667"
X-4567,STAG3,10734.0,MutNovel,"V104A,0.500"
X-4567,STAG3,10734.0,MutNovel,"L773F,0.308"
X-4567,STARD3,10948.0,Amp8,23.43
X-4567,STAT2,6773.0,MutNovel,"R662C,0.308"
X-4567,STAU1,6780.0,MutNovel,"S44C,0.278"
X-4567,STRA13,201254.0,Amp5,5.9
X-4567,STXBP1,6812.0,MutNovel,"Q163E,0.471"
X-4567,SUPT6H,6830.0,Amp8,11.79
X-4567,SVOPL,136306.0,MutNovel,"F465L,0.239"
X-4567,SYCP2,10388.0,MutNovel,"E686Q,0.285"
X-4567,SYNRG,11276.0,Amp8,8.88
X-4567,SYTL3,94120.0,MutNovel,"S574L,0.430"
X-4567,TADA2A,6871.0,Amp8,8.88
X-4567,TANC2,26115.0,MutNovel,"R1700Q,0.632"
X-4567,TAOK1,57551.0,Amp8,11.79
X-4567,TBC1D10B,26000.0,MutNovel,"S97L,0.471"
X-4567,TBC1D23,55773.0,MutNovel,"C399Y,0.294"
X-4567,TBC1D29,26083.0,Amp8,17.63
X-4567,TBC1D3,729873.0,Amp8,8.88
X-4567,TBC1D3,729873.0,Amp8,8.88
X-4567,TBC1D3B,414059.0,Del0.8,0.8
X-4567,TBC1D3P5,440419.0,Amp5,5.98
X-4567,TBC1D4,9882.0,MutNovel,"Q1054E,0.240"
X-4567,TBCD,6904.0,Amp5,5.9
X-4567,TBCEL,219899.0,MutNovel,"E78K,0.227"
X-4567,TBCEL,219899.0,MutNovel,"K369N,0.238"
X-4567,TBCK,93627.0,MutNovel,"E337Q,0.394"
X-4567,TBL1Y,90665.0,Del0.8,0.41
X-4567,TBX3,6926.0,MutNovel,"D177H,0.324"
X-4567,TCAP,8557.0,Amp8,23.43
X-4567,TCTN2,79867.0,MutNovel,"D80N,0.324"
X-4567,TEAD3,7005.0,MutNovel,"E349K,0.221"
X-4567,TEP1,7011.0,MutNovel,"T237I,0.637"
X-4567,TERF2IP,54386.0,MutNovel,"S105W,0.462"
X-4567,TEX19,400629.0,Amp5,5.9
X-4567,TGIF2LY,90655.0,Del0.8,0.41
X-4567,THADA,63892.0,MutNovel,"M1018I,0.296"
X-4567,THNSL2,55258.0,MutNovel,"E151Q,0.423"
X-4567,TIAF1,9220.0,Amp8,11.79
X-4567,TIMP3,7078.0,MutNovel,"K160N,0.212"
X-4567,TLCD1,116238.0,Amp8,11.79
X-4567,TLK2,11011.0,MutNovel,"R262Q,0.398"
X-4567,TMBIM4,51643.0,MutKnownFunctional,"-174?,0.571"
X-4567,TMC7,79905.0,MutKnownFunctional,"W128*,0.244"
X-4567,TMCC1,23023.0,MutKnownFunctional,"E522*,0.286"
X-4567,TMEM105,284186.0,Amp5,5.78
X-4567,TMEM184A,202915.0,MutNovel,"G392GA,0.389"
X-4567,TMEM184C,55751.0,MutNovel,"Q149E,0.325"
X-4567,TMEM199,147007.0,Amp8,14.32
X-4567,TMEM39B,55116.0,MutNovel,"N390K,0.468"
X-4567,TMEM67,91147.0,MutNovel,"L386I,0.533"
X-4567,TMEM97,27346.0,Amp8,14.32
X-4567,TMIGD1,388364.0,Amp8,18
X-4567,TMPRSS2,7113.0,MutNovel,"G8R,0.500"
X-4567,TMSB4Y,9087.0,Del0.8,0.41
X-4567,TNFAIP1,7126.0,Amp8,14.32
X-4567,TNNT2,7139.0,MutNovel,"E43K,0.229"
X-4567,TNS4,84951.0,MutNovel,"S315F,0.214"
X-4567,TP53I13,90313.0,Amp8,11.79
X-4567,TPGS2,25941.0,MutNovel,"E169Q,0.459"
X-4567,TRAF4,9618.0,Amp8,11.79
X-4567,TREX1,11277.0,MutNovel,"Q83H,0.500"
X-4567,TRIM24,8805.0,MutNovel,"E297Q,0.229"
X-4567,TRMT10A,,MutNovel,"E321K,0.486"
X-4567,TROVE2,6738.0,MutNovel,"E256Q,0.355"
X-4567,TSPAN16,26526.0,MutKnownFunctional,"-231?,0.412"
X-4567,TSPY1,7258.0,Del0.8,0.41
X-4567,TSPY2,64591.0,Del0.8,0.41
X-4567,TSPY3,728137.0,Del0.8,0.41
X-4567,TSPY4,728395.0,Del0.8,0.41
X-4567,TSPY8,728403.0,Del0.8,0.41
X-4567,TSPYL1,7259.0,MutNovel,"V176VW,0.507"
X-4567,TSPYL2,64061.0,MutNovel,"E381K,0.423"
X-4567,TSPYL2,64061.0,MutNovel,"E604K,0.513"
X-4567,TTC27,55622.0,MutNovel,"M407I,0.488"
X-4567,TTC3,7267.0,MutNovel,"S376N,0.388"
X-4567,TTC7A,57217.0,MutNovel,"G50R,0.447"
X-4567,TTF1,7270.0,MutNovel,"E829Q,0.224"
X-4567,TTTY10,246119.0,Del0.8,0.41
X-4567,TTTY11,83866.0,Del0.8,0.41
X-4567,TTTY12,83867.0,Del0.8,0.41
X-4567,TTTY13,83868.0,Del0.8,0.41
X-4567,TTTY14,83869.0,Del0.8,0.41
X-4567,TTTY15,64595.0,Del0.8,0.41
X-4567,TTTY16,252948.0,Del0.8,0.41
X-4567,TTTY17A,252949.0,Del0.8,0.41
X-4567,TTTY17A,252949.0,Del0.8,0.41
X-4567,TTTY18,252950.0,Del0.8,0.41
X-4567,TTTY19,252952.0,Del0.8,0.41
X-4567,TTTY1B,100101116.0,Del0.8,0.41
X-4567,TTTY1B,100101116.0,Del0.8,0.41
X-4567,TTTY2,60439.0,Del0.8,0.41
X-4567,TTTY2,60439.0,Del0.8,0.41
X-4567,TTTY20,252951.0,Del0.8,0.41
X-4567,TTTY21,252953.0,Del0.8,0.41
X-4567,TTTY21,252953.0,Del0.8,0.41
X-4567,TTTY22,252954.0,Del0.8,0.41
X-4567,TTTY23,252955.0,Del0.8,0.41
X-4567,TTTY23,252955.0,Del0.8,0.41
X-4567,TTTY3,114760.0,Del0.8,0.41
X-4567,TTTY3,114760.0,Del0.8,0.41
X-4567,TTTY4,114761.0,Del0.8,0.41
X-4567,TTTY4,114761.0,Del0.8,0.41
X-4567,TTTY5,83863.0,Del0.8,0.41
X-4567,TTTY6,84672.0,Del0.8,0.41
X-4567,TTTY6,84672.0,Del0.8,0.41
X-4567,TTTY7,246122.0,Del0.8,0.41
X-4567,TTTY7,246122.0,Del0.8,0.41
X-4567,TTTY7B,100101120.0,Del0.8,0.41
X-4567,TTTY7B,100101120.0,Del0.8,0.41
X-4567,TTTY8,84673.0,Del0.8,0.41
X-4567,TTTY8,84673.0,Del0.8,0.41
X-4567,TTTY9A,83864.0,Del0.8,0.41
X-4567,TTTY9A,83864.0,Del0.8,0.41
X-4567,TWF2,11344.0,MutNovel,"A292S,0.384"
X-4567,TXLNG2P,246126.0,Del0.8,0.41
X-4567,UBASH3A,53347.0,MutNovel,"Y223S,1.000"
X-4567,UBE2L3,7332.0,MutNovel,"E186K,0.285"
X-4567,UBE3C,9690.0,MutNovel,"T574R,0.241"
X-4567,UBL4A,8266.0,MutNovel,"E124K,0.471"
X-4567,UBN1,29855.0,MutNovel,"R510Q,0.375"
X-4567,UNC119,9094.0,Amp8,11.79
X-4567,UPF2,26019.0,MutNovel,"D965H,0.281"
X-4567,UQCC,55245.0,MutNovel,"E217Q,0.245"
X-4567,UQCC,55245.0,MutNovel,"L148V,0.206"
X-4567,USP14,9097.0,MutNovel,"S83L,0.364"
X-4567,USP21,27005.0,MutNovel,"E248Q,0.267"
X-4567,USP21,27005.0,MutNovel,"R465L,0.210"
X-4567,USP25,29761.0,MutNovel,"L232V,0.216"
X-4567,USP32P2,220594.0,Del0.8,0.52
X-4567,USP9X,8239.0,MutNovel,"L1383V,0.427"
X-4567,USP9Y,8287.0,Del0.8,0.41
X-4567,USPL1,10208.0,MutNovel,"S789L,0.585"
X-4567,UTP18,51096.0,Amp5,6.5
X-4567,UTRN,7402.0,MutNovel,"Q315E,0.571"
X-4567,UTRN,7402.0,MutNovel,"D2916H,0.367"
X-4567,UTS2R,2837.0,Amp5,5.9
X-4567,UTY,7404.0,Del0.8,0.41
X-4567,VCY,9084.0,Del0.8,0.41
X-4567,VCY,9084.0,Del0.8,0.41
X-4567,VPS13A,23230.0,MutNovel,"E1078K,0.273"
X-4567,VPS37D,155382.0,MutNovel,"R205G,0.611"
X-4567,VTI1B,10490.0,MutNovel,"R180T,0.277"
X-4567,VTN,7448.0,Amp8,14.32
X-4567,VWF,7450.0,MutNovel,"C1879R,0.889"
X-4567,VWF,7450.0,MutNovel,"G1874R,0.800"
X-4567,VWF,7450.0,MutNovel,"R1853Q,0.571"
X-4567,VWF,7450.0,MutNovel,"V1848M,0.647"
X-4567,VWF,7450.0,MutNovel,"P1790L,0.812"
X-4567,VWF,7450.0,MutNovel,"V1748A,0.273"
X-4567,VWF,7450.0,MutNovel,"V1730G,0.273"
X-4567,WBP11,51729.0,MutNovel,"E137K,0.741"
X-4567,WDR45L,56270.0,Amp5,5.9
X-4567,WDR47,22911.0,MutNovel,"PR551R,1.000"
X-4567,WNT3,7473.0,Amp8,8.11
X-4567,WNT9B,7484.0,Amp8,8.11
X-4567,WSB1,26118.0,Amp5,5.98
X-4567,XKRY2,353515.0,Del0.8,0.41
X-4567,XKRY2,353515.0,Del0.8,0.41
X-4567,XXYLT1,152002.0,MutNovel,"F245L,0.742"
X-4567,YBX2,51087.0,MutNovel,"G356R,0.339"
X-4567,YDJC,150223.0,MutNovel,"E164K,0.315"
X-4567,ZCCHC6,79670.0,MutNovel,"C1062R,0.440"
X-4567,ZFHX3,463.0,MutNovel,"S383C,0.316"
X-4567,ZFP36L1,677.0,MutNovel,"A47G,0.356"
X-4567,ZFY,7544.0,Del0.8,0.41
X-4567,ZFYVE9,9372.0,MutNovel,"P1065A,0.542"
X-4567,ZMYM3,9203.0,MutNovel,"G71V,0.222"
X-4567,ZNF101,94039.0,MutNovel,"H90D,0.212"
X-4567,ZNF141,7700.0,MutNovel,"R7K,0.261"
X-4567,ZNF142,7701.0,MutNovel,"L1369V,0.209"
X-4567,ZNF165,7718.0,MutNovel,"D184E,0.300"
X-4567,ZNF219,51222.0,MutNovel,"E429Q,0.465"
X-4567,ZNF268,10795.0,MutNovel,"G185A,1.000"
X-4567,ZNF292,23036.0,MutNovel,"D401H,0.278"
X-4567,ZNF335,63925.0,MutNovel,"R286Q,0.489"
X-4567,ZNF384,171017.0,MutNovel,"QQ514Q,0.581"
X-4567,ZNF492,57615.0,MutNovel,"A40T,0.625"
X-4567,ZNF526,116115.0,MutNovel,"M30I,0.287"
X-4567,ZNF526,116115.0,MutNovel,"K394N,0.349"
X-4567,ZNF530,348327.0,MutNovel,"E327Q,0.244"
X-4567,ZNF544,27300.0,MutNovel,"E478Q,0.237"
X-4567,ZNF561,93134.0,MutNovel,"K22T,0.539"
X-4567,ZNF573,126231.0,MutKnownFunctional,"Q235*,0.276"
X-4567,ZNF580,51157.0,MutNovel,"R12G,0.202"
X-4567,ZNF583,147949.0,MutKnownFunctional,"Q397*,0.357"
X-4567,ZNF606,80095.0,MutNovel,"H646D,0.276"
X-4567,ZNF614,80110.0,MutNovel,"R440H,0.333"
X-4567,ZNF701,55762.0,MutNovel,"E389Q,0.222"
X-4567,ZNF728,,MutNovel,"L85F,1.000"
X-4567,ZNF728,,MutNovel,"A82P,1.000"
X-4567,ZNF728,,MutNovel,"S79P,1.000"
X-4567,ZNF728,,MutNovel,"V76G,1.000"
X-4567,ZNF750,79755.0,Amp5,5.9
X-4567,ZNF814,730051.0,MutNovel,"H296HI,0.556"
X-4567,ZNF823,55552.0,MutNovel,"C393S,0.286"
X-4567,ZNF829,374899.0,MutKnownFunctional,"-201,0.556"
X-4567,ZNF837,116412.0,MutNovel,"D17V,0.444"
X-4567,ZNF845,91664.0,MutNovel,"E67K,0.400"
X-4567,ZNF888,,MutNovel,"Q450P,0.526"
X-4567,ZP2,7783.0,MutNovel,"L275V,0.342"
X-4567,ZPBP2,124626.0,Amp8,48.17
X-4567,ZSWIM1,90204.0,MutNovel,"R405C,0.569"
X-4824,ABCC5,10057.0,Amp5,5.06
X-4824,ABCF3,55324.0,Amp5,5.06
X-4824,ACAP2,23527.0,Amp5,5.43
X-4824,ACE,1636.0,MutNovel,"G2V,0.273"
X-4824,ACTL6A,86.0,Amp5,5.06
X-4824,ADAMTS7,11173.0,MutNovel,"I1660V,0.288"
X-4824,ADIPOQ,9370.0,Amp5,5.06
X-4824,AFF4,27125.0,MutNovel,"S440T,0.992"
X-4824,AGAP7,653268.0,MutNovel,"D97E,0.375"
X-4824,AGRN,375790.0,MutNovel,"R4P,0.483"
X-4824,AHNAK2,113146.0,MutNovel,"MS2187VS,0.257"
X-4824,AHSG,197.0,Amp5,5.06
X-4824,AIM1L,55057.0,MutNovel,"-4R,0.462"
X-4824,AKAP13,11214.0,MutNovel,"H262-,0.511"
X-4824,ALG3,10195.0,Amp5,5.06
X-4824,ALPL,249.0,MutNovel,"E298K,0.562"
X-4824,AMELY,266.0,Del0.8,0.34
X-4824,ANK3,288.0,MutNovel,"Q2996H,0.808"
X-4824,ANKRD11,29123.0,MutNovel,"ED1413D,0.396"
X-4824,ANKRD18DP,348840.0,Amp5,5.46
X-4824,AP2M1,1173.0,Amp5,5.06
X-4824,APLF,200558.0,MutNovel,"G207E,0.389"
X-4824,APLP2,334.0,MutNovel,"ED219-,1.000"
X-4824,APOD,347.0,Amp5,5.43
X-4824,AQP1,358.0,MutNovel,"S175C,0.280"
X-4824,AQP12B,653437.0,MutNovel,"A170T,0.800"
X-4824,ARHGAP23,57636.0,MutNovel,"L1374V,0.381"
X-4824,ARV1,64801.0,MutKnownFunctional,"-170?,0.265"
X-4824,ATAD3B,83858.0,MutNovel,"P311S,0.262"
X-4824,ATAD3C,219293.0,MutNovel,"P136S,0.222"
X-4824,ATAD3C,219293.0,MutNovel,"V139A,0.211"
X-4824,ATG4D,84971.0,MutNovel,"R29P,0.531"
X-4824,ATP11B,23200.0,Amp5,5.06
X-4824,ATP13A2,23400.0,MutNovel,"G217S,0.511"
X-4824,ATP13A3,79572.0,Amp5,5.43
X-4824,ATP13A4,84239.0,Amp5,5.43
X-4824,ATP13A5,344905.0,Amp5,5.43
X-4824,ATXN7,6314.0,MutNovel,"S797T,1.000"
X-4824,B3GNT5,84002.0,Amp5,5.06
X-4824,B4GALT7,11285.0,MutNovel,"P80S,0.356"
X-4824,BAHCC1,57597.0,MutNovel,"P1888L,0.756"
X-4824,BCHE,590.0,Amp5,5.06
X-4824,BCL6,604.0,Amp5,5.06
X-4824,BCORP1,286554.0,Del0.8,0.34
X-4824,BDH1,622.0,Amp5,5.46
X-4824,BDP1,55814.0,MutNovel,"H2417Q,0.214"
X-4824,BPY2B,442867.0,Del0.8,0.2
X-4824,BPY2B,442867.0,Del0.8,0.12
X-4824,BRF2,55290.0,MutNovel,"P419L,0.408"
X-4824,BZW1,9689.0,MutNovel,"A7V,0.833"
X-4824,C12orf68,387856.0,MutNovel,"P177T,0.550"
X-4824,C14orf43,91748.0,MutNovel,"P25S,0.679"
X-4824,C16orf87,388272.0,MutNovel,"R88P,0.618"
X-4824,C17orf51,339263.0,MutNovel,"SL217L,0.824"
X-4824,C3orf38,285237.0,Del0.8,0.77
X-4824,C3orf43,255798.0,Amp5,5.46
X-4824,C3orf65,646600.0,Amp5,5.06
X-4824,C3orf70,285382.0,Amp5,5.06
X-4824,C6orf223,221416.0,MutNovel,"AA124-,1.000"
X-4824,C6orf223,221416.0,MutNovel,"D135A,1.000"
X-4824,CACNA1B,774.0,MutNovel,"T996A,1.000"
X-4824,CACNA2D3,55799.0,Del0.8,0.39
X-4824,CAMK2N2,94032.0,Amp5,5.06
X-4824,CAMKK2,10645.0,MutKnownFunctional,"-538?,0.554"
X-4824,CAPN14,440854.0,MutNovel,"N144S,1.000"
X-4824,CARD16,114769.0,MutNovel,"H15R,0.286"
X-4824,CASZ1,54897.0,MutNovel,"P1738R,0.286"
X-4824,CBWD2,150472.0,MutKnownFunctional,"-258?,0.833"
X-4824,CBWD2,150472.0,MutNovel,"E280D,0.424"
X-4824,CBWD7,,MutNovel,"E146D,0.556"
X-4824,CBWD7,,MutNovel,"C260F,1.000"
X-4824,CC2D2A,57545.0,MutNovel,"G111R,1.000"
X-4824,CCDC111,201973.0,MutNovel,"E476-,0.500"
X-4824,CCDC39,339829.0,Amp5,5.06
X-4824,CCDC50,152137.0,Amp5,5.54
X-4824,CCDC64B,146439.0,MutKnownFunctional,"W114*,0.264"
X-4824,CCDC66,285331.0,MutNovel,"S606SP,1.000"
X-4824,CCL3L3,414062.0,MutNovel,"F65L,1.000"
X-4824,CCNI2,645121.0,MutNovel,"A95T,1.000"
X-4824,CCR8,1237.0,Del0.8,0.78
X-4824,CDC42EP1,11135.0,MutNovel,"PAPAANPS253P,1.000"
X-4824,CDY1B,253175.0,Del0.8,0.34
X-4824,CDY1B,253175.0,Del0.8,0.18
X-4824,CDY2A,9426.0,Del0.8,0.34
X-4824,CDY2A,9426.0,Del0.8,0.34
X-4824,CDY2B,203611.0,Del0.8,0.34
X-4824,CDY2B,203611.0,Del0.8,0.34
X-4824,CEACAM1,634.0,MutNovel,"E348G,0.429"
X-4824,CELSR2,1952.0,MutNovel,"R1370L,0.553"
X-4824,CEP19,84984.0,Amp5,5.46
X-4824,CFHR1,3078.0,Amp5,5.82
X-4824,CFHR3,10878.0,Amp5,6.68
X-4824,CGGBP1,8545.0,Del0.8,0.77
X-4824,CHD4,1108.0,MutNovel,"H914R,0.996"
X-4824,CHD8,57680.0,MutNovel,"M2491T,0.254"
X-4824,CHML,1122.0,MutNovel,"R269Q,1.000"
X-4824,CHMP2B,25978.0,Del0.8,0.77
X-4824,CHRD,8646.0,Amp5,5.06
X-4824,CIZ1,25792.0,MutNovel,"S415L,0.536"
X-4824,CLCN2,1181.0,Amp5,5.06
X-4824,CLCNKB,1188.0,MutNovel,"M176I,1.000"
X-4824,CLDN1,9076.0,Amp5,5.54
X-4824,CLDN11,5010.0,Amp5,5.06
X-4824,CLDN16,10686.0,Amp5,5.54
X-4824,CMYA5,202333.0,MutNovel,"D2297N,0.385"
X-4824,CNO,55330.0,MutNovel,"E20Q,1.000"
X-4824,CNTF,1270.0,Del0.8,0.78
X-4824,CNTN3,5067.0,Del0.8,0.66
X-4824,COLEC11,78989.0,MutNovel,"P6R,0.889"
X-4824,COPB1,1315.0,MutNovel,"S638T,1.000"
X-4824,COPZ2,51226.0,MutKnownFunctional,"-6?,1.000"
X-4824,COQ10B,80219.0,MutNovel,"R18C,0.721"
X-4824,CPA4,51200.0,MutNovel,"F263L,0.606"
X-4824,CPN2,1370.0,Amp5,5.43
X-4824,CPSF3,51692.0,MutNovel,"I374V,0.379"
X-4824,CREG2,200407.0,MutNovel,"P96Q,0.429"
X-4824,CRIPAK,285464.0,MutKnownFunctional,"-88,1.000"
X-4824,CRIPAK,285464.0,MutNovel,"D163H,0.233"
X-4824,CRYBG3,,MutNovel,"R1435Q,1.000"
X-4824,CRYGS,1427.0,Amp5,5.06
X-4824,CSNK2A1P,283106.0,MutNovel,"A246T,0.800"
X-4824,CSPG4P1Y,114758.0,Del0.8,0.34
X-4824,CSPG4P1Y,114758.0,Del0.8,0.43
X-4824,CTAGE15P,441294.0,MutNovel,"E459K,0.417"
X-4824,CTAGE9,643854.0,MutNovel,"D464G,1.000"
X-4824,CTDSP1,58190.0,MutNovel,"L42F,0.277"
X-4824,CTSA,5476.0,MutNovel,"L29-,0.256"
X-4824,CTU2,348180.0,MutNovel,"A164S,0.404"
X-4824,CX3CR1,1524.0,Del0.8,0.78
X-4824,CXorf40B,541578.0,MutNovel,"C53W,1.000"
X-4824,CYP3A5,1577.0,MutKnownFunctional,"-345?,0.529"
X-4824,CYS1,192668.0,MutNovel,"P87L,0.556"
X-4824,DAZ1,1617.0,Del0.8,0.34
X-4824,DAZ2,57055.0,Del0.8,0.22
X-4824,DAZ3,57054.0,Del0.8,0.2
X-4824,DAZ3,57054.0,Del0.8,0.12
X-4824,DAZ4,57135.0,Del0.8,0.24
X-4824,DAZ4,57135.0,Del0.8,0.17
X-4824,DCUN1D1,54165.0,Amp5,5.06
X-4824,DDX3Y,8653.0,Del0.8,0.34
X-4824,DGKA,1606.0,MutNovel,"T124M,0.415"
X-4824,DGKG,1608.0,Amp5,5.06
X-4824,DLG1,1739.0,Amp5,5.46
X-4824,DMKN,93099.0,MutNovel,"S276G,0.491"
X-4824,DMRTC2,63946.0,MutKnownFunctional,"-368*K,0.750"
X-4824,DNAH3,55567.0,MutNovel,"A1835T,0.535"
X-4824,DNAJB11,51726.0,Amp5,5.06
X-4824,DNAJC19,131118.0,Amp5,5.06
X-4824,DNTT,1791.0,Del0.8,0.79
X-4824,DSP,1832.0,MutNovel,"G36A,0.996"
X-4824,DVL3,1857.0,Amp5,5.06
X-4824,ECE2,9718.0,Amp5,5.06
X-4824,ECT2,1894.0,Amp5,5.06
X-4824,EGFEM1P,93556.0,Amp5,5.06
X-4824,EHHADH,1962.0,Amp5,5.06
X-4824,EIF1AY,9086.0,Del0.8,0.34
X-4824,EIF2B5,8893.0,Amp5,5.06
X-4824,EIF4A2,1974.0,Amp5,5.06
X-4824,EIF4G1,1981.0,Amp5,5.06
X-4824,EIF5A2,56648.0,Amp5,5.06
X-4824,EPHB3,2049.0,Amp5,5.06
X-4824,ERN1,2081.0,MutNovel,"-496S,0.208"
X-4824,ETAA1,54465.0,MutNovel,"C356R,0.440"
X-4824,ETV5,2119.0,Amp5,5.06
X-4824,EVI5L,115704.0,MutNovel,"D770N,0.493"
X-4824,FAM108A1,81926.0,MutNovel,"S60L,0.475"
X-4824,FAM131A,131408.0,Amp5,5.06
X-4824,FAM154B,283726.0,MutNovel,"D378N,0.250"
X-4824,FAM157A,728262.0,Amp5,5.46
X-4824,FAM172A,83989.0,MutNovel,"G370A,0.633"
X-4824,FAM18B2-CDRT4,100533496.0,MutNovel,"T150R,0.231"
X-4824,FAM18B2-CDRT4,100533496.0,MutNovel,"S135P,0.339"
X-4824,FAM197Y2P,252946.0,Del0.8,0.34
X-4824,FAM200A,221786.0,MutNovel,"H205Y,0.737"
X-4824,FAM21A,387680.0,MutNovel,"G444D,1.000"
X-4824,FAM21B,55747.0,MutNovel,"S481L,1.000"
X-4824,FAM22A,728118.0,MutNovel,"P560L,0.350"
X-4824,FAM22A,728118.0,MutNovel,"L563Q,0.364"
X-4824,FAM35A,54537.0,MutNovel,"F343L,0.349"
X-4824,FAM41AY1,340618.0,Del0.8,0.34
X-4824,FAM41AY1,340618.0,Del0.8,0.34
X-4824,FAM43A,131583.0,Amp5,5.43
X-4824,FAM71E2,284418.0,MutNovel,"A482S,1.000"
X-4824,FAM72D,728833.0,MutNovel,"T56N,1.000"
X-4824,FAM83F,113828.0,MutNovel,"S87SKA,1.000"
X-4824,FAM86B2,653333.0,MutNovel,"A97V,0.281"
X-4824,FBLN2,2199.0,MutNovel,"-14LG,0.977"
X-4824,FBXO42,54455.0,MutNovel,"L382P,0.484"
X-4824,FBXO45,200933.0,Amp5,5.46
X-4824,FCGR3A,2214.0,MutNovel,"K290T,0.457"
X-4824,FCGR3A,2214.0,MutNovel,"F281L,0.314"
X-4824,FETUB,26998.0,Amp5,5.06
X-4824,FGF12,2257.0,Amp5,5.54
X-4824,FLJ22184,80164.0,MutNovel,"P1315S,0.556"
X-4824,FLJ34208,401106.0,Amp5,5.43
X-4824,FLJ42393,401105.0,Amp5,5.06
X-4824,FLJ46066,401103.0,Amp5,5.06
X-4824,FMNL1,752.0,MutNovel,"Q772H,0.345"
X-4824,FNDC3B,64778.0,Amp5,5.06
X-4824,FOLH1,2346.0,MutNovel,"LH5H,1.000"
X-4824,FOXD1,2297.0,MutNovel,"A88G,1.000"
X-4824,FOXD4L3,286380.0,MutNovel,"A261G,1.000"
X-4824,FRG2,448831.0,MutNovel,"I56T,1.000"
X-4824,FRG2C,,MutNovel,"Q93R,1.000"
X-4824,FRG2C,,MutNovel,"N120S,1.000"
X-4824,FRMPD1,22844.0,MutNovel,"D1238Y,0.400"
X-4824,FSIP2,401024.0,MutNovel,"K360T,0.333"
X-4824,FSTL4,23105.0,MutKnownFunctional,"-211,1.000"
X-4824,FTSJ3,117246.0,MutNovel,"R176C,0.335"
X-4824,FUT5,2527.0,MutNovel,"E261K,1.000"
X-4824,FXR1,8087.0,Amp5,5.06
X-4824,FYTTD1,84248.0,Amp5,5.46
X-4824,GDPD5,81544.0,MutNovel,"N309D,1.000"
X-4824,GGT2,,MutNovel,"T539I,1.000"
X-4824,GHSR,2693.0,Amp5,5.06
X-4824,GIGYF2,26058.0,MutNovel,"K1036KQ,0.408"
X-4824,GIGYF2,26058.0,MutNovel,"PQ1231P,0.233"
X-4824,GMNC,647309.0,Amp5,5.54
X-4824,GNB4,59345.0,Amp5,5.06
X-4824,GOLGA2P2Y,84559.0,Del0.8,0.34
X-4824,GOLGA2P2Y,84559.0,Del0.8,0.43
X-4824,GOLGA6B,55889.0,MutNovel,"R582W,1.000"
X-4824,GOLGA6L2,,MutNovel,"M545IW,1.000"
X-4824,GOLGA6L2,,MutNovel,"T72K,0.909"
X-4824,GOLGA6L2,,MutNovel,"N54H,1.000"
X-4824,GOLGA6L2,,MutNovel,"I37S,0.304"
X-4824,GOLGA6L2,,MutNovel,"R33H,0.250"
X-4824,GOLGA8A,23015.0,MutNovel,"R81W,0.419"
X-4824,GOLGA8B,440270.0,MutNovel,"R81W,0.457"
X-4824,GOLIM4,27333.0,Amp5,5.06
X-4824,GOPC,57120.0,MutNovel,"Y*462*,1.000"
X-4824,GP5,2814.0,Amp5,5.43
X-4824,GPR160,26996.0,Amp5,5.06
X-4824,GPRIN2,9721.0,MutNovel,"-238MRE,1.000"
X-4824,GRHL3,57822.0,MutNovel,"D6H,0.485"
X-4824,GSC,145258.0,MutNovel,"A72T,0.875"
X-4824,GSR,2936.0,MutNovel,"P14Q,0.267"
X-4824,GYG2P1,352887.0,Del0.8,0.34
X-4824,HAGHL,84264.0,MutNovel,"N63S,0.437"
X-4824,HDAC6,10013.0,MutNovel,"G1097R,1.000"
X-4824,HES1,3280.0,Amp5,5.43
X-4824,HES4,57801.0,MutNovel,"A230V,0.592"
X-4824,HEXA,3073.0,MutKnownFunctional,"R510*,0.327"
X-4824,HIAT1,64645.0,MutNovel,"T406R,0.457"
X-4824,HINT2,84681.0,MutNovel,"H151Y,0.237"
X-4824,HIST1H1E,3008.0,MutNovel,"K213M,0.286"
X-4824,HIST2H2AC,8338.0,MutNovel,"I112V,0.231"
X-4824,HLA-G,3135.0,MutNovel,"M49V,1.000"
X-4824,HLA-G,3135.0,MutNovel,"A182V,1.000"
X-4824,HMCN2,,MutNovel,"P3716L,1.000"
X-4824,HOXC12,3228.0,MutNovel,"G178S,0.438"
X-4824,HOXD1,3231.0,MutNovel,"A67P,1.000"
X-4824,HR,55806.0,MutNovel,"G545C,0.309"
X-4824,HRASLS,57110.0,Amp5,5.43
X-4824,HRG,3273.0,Amp5,5.06
X-4824,HS6ST3,266722.0,MutNovel,"P82S,1.000"
X-4824,HSFY2,159119.0,Del0.8,0.34
X-4824,HSFY2,159119.0,Del0.8,0.34
X-4824,HSPA1A,3303.0,MutNovel,"M122K,0.344"
X-4824,HTR1F,3355.0,Del0.8,0.77
X-4824,HTR3C,170572.0,Amp5,5.06
X-4824,HTR3D,200909.0,Amp5,5.06
X-4824,HTR3E,285242.0,Amp5,5.06
X-4824,IDUA,3425.0,MutNovel,"P528A,1.000"
X-4824,IFI16,3428.0,MutNovel,"P414L,0.414"
X-4824,IGF2BP2,10644.0,Amp5,5.06
X-4824,IL1RAP,3556.0,Amp5,5.54
X-4824,INF2,64423.0,MutNovel,"PPL427P,0.800"
X-4824,INO80D,54891.0,MutNovel,"D281N,0.455"
X-4824,IQCG,84223.0,Amp5,5.46
X-4824,ITGAV,3685.0,MutNovel,"R592W,0.492"
X-4824,JAKMIP3,282973.0,MutNovel,"R346Q,0.400"
X-4824,KBTBD2,25948.0,MutNovel,"R570C,0.390"
X-4824,KCNC3,3748.0,MutNovel,"D63G,1.000"
X-4824,KCNJ12,3768.0,MutNovel,"E430G,0.296"
X-4824,KCNMB2,10242.0,Amp5,5.06
X-4824,KCNMB3,27094.0,Amp5,5.06
X-4824,KDM5D,8284.0,Del0.8,0.34
X-4824,KIAA0125,9834.0,Amp5,6.19
X-4824,KIAA0226,9711.0,Amp5,5.46
X-4824,KIAA1257,57501.0,MutNovel,"F170L,0.607"
X-4824,KIF20B,9585.0,MutNovel,"L1062LKV,0.727"
X-4824,KLHL20,27252.0,MutNovel,"Y463H,1.000"
X-4824,KLHL24,54800.0,Amp5,5.06
X-4824,KLHL6,89857.0,Amp5,5.06
X-4824,KLRC2,3822.0,Del0.8,0.61
X-4824,KLRC3,3823.0,Del0.8,0.61
X-4824,KNG1,3827.0,Amp5,5.06
X-4824,KRAS,3845.0,MutKnownFunctional,"G12D,0.528"
X-4824,KREMEN2,79412.0,MutNovel,"C354Y,0.498"
X-4824,KRT13,3860.0,MutNovel,"G79A,0.667"
X-4824,KRT14,3861.0,MutNovel,"F100L,0.308"
X-4824,KRT14,3861.0,MutNovel,"L96F,0.250"
X-4824,KRT2,3849.0,MutNovel,"A369V,0.625"
X-4824,KRT4,3851.0,MutNovel,"L253M,0.545"
X-4824,KRT83,3889.0,MutNovel,"A291V,0.273"
X-4824,KRT85,3891.0,MutNovel,"I353M,1.000"
X-4824,KRT85,3891.0,MutNovel,"R344C,0.244"
X-4824,KRTAP5-7,440050.0,MutNovel,"S55T,1.000"
X-4824,LAMA3,3909.0,MutNovel,"V2967M,0.449"
X-4824,LAMP3,27074.0,Amp5,5.06
X-4824,LAPTM4B,55353.0,MutNovel,"A84S,0.528"
X-4824,LCN1,3933.0,MutNovel,"G99R,1.000"
X-4824,LEFTY1,10637.0,MutNovel,"R142Q,1.000"
X-4824,LEPREL1,55214.0,Amp5,5.54
X-4824,LIPH,200879.0,Amp5,5.06
X-4824,LIPK,643414.0,MutNovel,"M17T,0.889"
X-4824,LMLN,89782.0,Amp5,5.46
X-4824,LMNB2,84823.0,MutNovel,"V131I,0.533"
X-4824,LOC100128023,100128023.0,Amp5,5.43
X-4824,LOC100128164,100128164.0,Amp5,5.06
X-4824,LOC100128326,,MutNovel,"P26L,0.400"
X-4824,LOC100130921,,MutNovel,"R50G,1.000"
X-4824,LOC100131094,100131094.0,MutNovel,"R141Q,0.460"
X-4824,LOC100131551,100131551.0,Amp5,5.43
X-4824,LOC100131635,100131635.0,Amp5,5.06
X-4824,LOC100132731,,MutNovel,"V27A,1.000"
X-4824,LOC100287837,,MutNovel,"E5ER,1.000"
X-4824,LOC100288807,,MutNovel,"C294Y,1.000"
X-4824,LOC100505687,100505687.0,Amp5,5.06
X-4824,LOC100506994,100506994.0,Del0.8,0.65
X-4824,LOC100507391,100507391.0,Amp5,5.43
X-4824,LOC100996240,,MutNovel,"R68C,1.000"
X-4824,LOC100996433,,MutNovel,"G98A,1.000"
X-4824,LOC100996473,,MutNovel,"S135C,0.207"
X-4824,LOC100996515,,MutNovel,"P189L,1.000"
X-4824,LOC100996541,,MutNovel,"F123L,1.000"
X-4824,LOC152217,152217.0,Amp5,5.46
X-4824,LOC220729,220729.0,Amp5,5.46
X-4824,LOC253573,253573.0,Amp5,5.06
X-4824,LOC283710,283710.0,MutKnownFunctional,"-26,0.875"
X-4824,LOC344887,344887.0,Amp5,5.06
X-4824,LOC401109,401109.0,Amp5,5.46
X-4824,LOC643699,,MutKnownFunctional,"-186?,1.000"
X-4824,LOC646168,646168.0,Amp5,5.06
X-4824,LOC647323,647323.0,Amp5,5.43
X-4824,LOC650293,650293.0,MutNovel,"T5A,1.000"
X-4824,LPP,4026.0,Amp5,5.06
X-4824,LPP-AS2,339929.0,Amp5,5.06
X-4824,LRCH3,84859.0,Amp5,5.46
X-4824,LRP3,4037.0,MutNovel,"P752L,0.521"
X-4824,LRRC15,131578.0,Amp5,5.43
X-4824,LRRC31,79782.0,Amp5,5.06
X-4824,LRRC33,375387.0,Amp5,5.46
X-4824,LRRC34,151827.0,Amp5,5.06
X-4824,LRRC37A,9884.0,MutNovel,"R785Q,0.500"
X-4824,LRRIQ4,344657.0,Amp5,5.06
X-4824,LSG1,55341.0,Amp5,5.43
X-4824,LSR,51599.0,MutNovel,"G518GR,1.000"
X-4824,LTC4S,4056.0,MutNovel,"A128T,0.686"
X-4824,MAGEF1,64110.0,Amp5,5.06
X-4824,MAGEL2,54551.0,MutNovel,"A463P,1.000"
X-4824,MAP3K13,9175.0,Amp5,5.06
X-4824,MAP3K4,4216.0,MutNovel,"PA1189P,1.000"
X-4824,MAP6D1,79929.0,Amp5,5.06
X-4824,MAPKAPK2,9261.0,MutNovel,"T25A,1.000"
X-4824,MASP1,5648.0,Amp5,5.06
X-4824,MB21D2,151963.0,Amp5,5.54
X-4824,MCCC1,56922.0,Amp5,5.06
X-4824,MCF2L2,23101.0,Amp5,5.06
X-4824,MCM9,254394.0,MutNovel,"E816D,1.000"
X-4824,MCRS1,10445.0,MutNovel,"A190T,0.529"
X-4824,ME2,4200.0,MutNovel,"D379N,0.481"
X-4824,MECOM,2122.0,Amp5,5.06
X-4824,MEGF6,1953.0,MutNovel,"R443Q,0.557"
X-4824,MEIS3,56917.0,MutNovel,"R262Q,1.000"
X-4824,MESP2,145873.0,MutNovel,"G23S,0.750"
X-4824,METTL2B,55798.0,MutNovel,"P155L,0.591"
X-4824,MEX3D,399664.0,MutNovel,"F552L,0.484"
X-4824,MFI2,4241.0,Amp5,5.46
X-4824,MFI2-AS1,100507057.0,Amp5,5.46
X-4824,MFN1,55669.0,Amp5,5.06
X-4824,MGA,23269.0,MutNovel,"H677Y,0.390"
X-4824,MGC2889,84789.0,Amp5,5.43
X-4824,MIR1224,100187716.0,Amp5,5.06
X-4824,MIR4789,100616395.0,Amp5,5.06
X-4824,MIR4795,100616161.0,Del0.8,0.77
X-4824,MIR4797,100616216.0,Amp5,5.46
X-4824,MIR551B,693136.0,Amp5,5.06
X-4824,MIR569,693154.0,Amp5,5.06
X-4824,MIR570,693155.0,Amp5,5.43
X-4824,MIR922,100126321.0,Amp5,5.46
X-4824,MIR944,100126340.0,Amp5,5.54
X-4824,MLNR,2862.0,MutNovel,"G292S,1.000"
X-4824,MOBP,4336.0,Del0.8,0.78
X-4824,MPRIP,23164.0,MutNovel,"TS178T,1.000"
X-4824,MRPL47,57129.0,Amp5,5.06
X-4824,MTERFD2,130916.0,MutNovel,"DE366E,0.492"
X-4824,MUC15,143662.0,MutNovel,"I22V,1.000"
X-4824,MUC20,200958.0,MutNovel,"P231L,0.289"
X-4824,MUC20,200958.0,MutNovel,"T276M,0.424"
X-4824,MUC20,200958.0,Amp8,8.06
X-4824,MUC4,4585.0,Amp5,5.46
X-4824,MXD3,83463.0,MutNovel,"R101H,0.617"
X-4824,MXRA7,439921.0,MutNovel,"E36G,0.750"
X-4824,MYNN,55892.0,Amp5,5.06
X-4824,MZF1,7593.0,MutNovel,"ED15D,1.000"
X-4824,NAALADL2,254827.0,Amp5,5.06
X-4824,NACAD,23148.0,MutNovel,"P1254A,0.800"
X-4824,NAGLU,4669.0,MutNovel,"L591P,0.289"
X-4824,NBPF9,400818.0,MutNovel,"R97G,0.514"
X-4824,NBPF9,400818.0,MutNovel,"G514R,1.000"
X-4824,NBPF9,400818.0,MutNovel,"P683H,0.282"
X-4824,NCBP2,22916.0,Amp5,5.46
X-4824,NCEH1,57552.0,Amp5,5.06
X-4824,NCOR2,9612.0,MutNovel,"G1839GAAA,1.000"
X-4824,NCOR2,9612.0,MutNovel,"-511S,0.244"
X-4824,NCRNA00185,55410.0,Del0.8,0.34
X-4824,NDUFB5,4711.0,Amp5,5.06
X-4824,NFATC4,4776.0,MutNovel,"S672T,0.395"
X-4824,NLGN1,22871.0,Amp5,5.06
X-4824,NLGN4Y,22829.0,Del0.8,0.34
X-4824,NPIPL3,23117.0,MutNovel,"N815D,1.000"
X-4824,NR1H2,7376.0,MutNovel,"-173Q,1.000"
X-4824,NT5C1B-RDH14,100526794.0,MutNovel,"R547H,0.750"
X-4824,OLFM4,10562.0,MutNovel,"R444H,1.000"
X-4824,OPA1,4976.0,Amp5,5.43
X-4824,OPALIN,93377.0,Del0.8,0.79
X-4824,OR2T10,127069.0,Del0.8,0.63
X-4824,ORAI1,84876.0,MutNovel,"PP43-,1.000"
X-4824,OS9,10956.0,MutNovel,"-417ED,0.379"
X-4824,OSGEPL1,64172.0,MutNovel,"L306V,0.364"
X-4824,OSTN,344901.0,Amp5,5.54
X-4824,OSTalpha,200931.0,Amp5,5.46
X-4824,OXGR1,27199.0,MutNovel,"L45V,1.000"
X-4824,P2RY8,286530.0,MutNovel,"R1507H,1.000"
X-4824,PABPC3,5042.0,MutKnownFunctional,"-314,1.000"
X-4824,PAK2,5062.0,Amp5,5.46
X-4824,PARL,55486.0,Amp5,5.06
X-4824,PBLD,64081.0,MutKnownFunctional,"-13,0.789"
X-4824,PCDH11Y,83259.0,Del0.8,0.34
X-4824,PCDHB10,56126.0,MutNovel,"A450T,0.353"
X-4824,PCMTD2,55251.0,MutNovel,"R252W,0.524"
X-4824,PCYT1A,5130.0,Amp5,5.46
X-4824,PDCD10,11235.0,Amp5,5.06
X-4824,PDP2,57546.0,MutNovel,"R25H,0.359"
X-4824,PEX5L,51555.0,Amp5,5.06
X-4824,PHC1,1911.0,MutNovel,"AQQ424A,1.000"
X-4824,PHC3,80012.0,Amp5,5.06
X-4824,PHLDA1,22822.0,MutNovel,"QQ194Q,1.000"
X-4824,PIEZO1,9780.0,MutNovel,"Q749E,0.838"
X-4824,PIGC,5279.0,MutNovel,"G87E,1.000"
X-4824,PIGX,54965.0,Amp5,5.46
X-4824,PIGZ,80235.0,Amp5,5.46
X-4824,PIK3C2A,5286.0,MutNovel,"I451T,1.000"
X-4824,PIK3CA,5290.0,MutLikelyFunctional,"N345I,0.600"
X-4824,PIK3CA,5290.0,MutKnownFunctional,"E542K,0.763"
X-4824,PIK3CA,5290.0,Amp5,5.06
X-4824,PIP5K1C,23396.0,MutNovel,"V323M,0.521"
X-4824,PKD1,5310.0,MutNovel,"MH1092TY,0.339"
X-4824,PLD1,5337.0,Amp5,5.06
X-4824,PMEL,6490.0,MutNovel,"V188I,0.389"
X-4824,POLR2H,5437.0,Amp5,5.06
X-4824,POLRMT,5442.0,MutNovel,"-747TC,0.500"
X-4824,POP7,10248.0,MutNovel,"R133Q,0.353"
X-4824,POTEE,445582.0,MutNovel,"I803M,1.000"
X-4824,POTEH,23784.0,MutNovel,"M464V,1.000"
X-4824,POU1F1,5449.0,Del0.8,0.77
X-4824,PPL,5493.0,MutNovel,"V1686G,0.426"
X-4824,PPM1D,8493.0,MutNovel,"A82S,0.500"
X-4824,PPP1R2,5504.0,Amp5,5.43
X-4824,PPP2R3B,28227.0,MutNovel,"LA853PA,1.000"
X-4824,PPP2R3B,28227.0,MutKnownFunctional,"E667*,1.000"
X-4824,PREX1,57580.0,MutNovel,"R561Q,0.294"
X-4824,PRIC285,85441.0,MutNovel,"V916M,0.402"
X-4824,PRKCI,5584.0,Amp5,5.06
X-4824,PRKD3,23683.0,MutNovel,"M493T,0.481"
X-4824,PRKY,5616.0,Del0.8,0.34
X-4824,PROM2,150696.0,MutNovel,"A104V,0.669"
X-4824,PRR12,57479.0,MutNovel,"P901R,1.000"
X-4824,PRRT4,401399.0,MutNovel,"P783L,0.247"
X-4824,PRSS3,5646.0,MutNovel,"D61A,1.000"
X-4824,PRSS48,345062.0,MutNovel,"R94C,1.000"
X-4824,PRY,9081.0,Del0.8,0.34
X-4824,PRY,9081.0,Del0.8,0.34
X-4824,PRY2,442862.0,Del0.8,0.34
X-4824,PRY2,442862.0,Del0.8,0.34
X-4824,PSMD2,5708.0,Amp5,5.06
X-4824,PTOV1,53635.0,MutNovel,"A7D,1.000"
X-4824,PUM2,23369.0,MutNovel,"A411V,0.565"
X-4824,PVRIG,79037.0,MutNovel,"V27A,0.214"
X-4824,PYDC2,152138.0,Amp5,5.54
X-4824,PYGB,5834.0,MutNovel,"I825V,0.296"
X-4824,RARS2,57038.0,MutNovel,"R6C,0.581"
X-4824,RASA4,10156.0,MutNovel,"S562R,0.600"
X-4824,RASA4,10156.0,MutNovel,"G511D,0.364"
X-4824,RBMY1A3P,286557.0,Del0.8,0.34
X-4824,RBMY1B,378948.0,Del0.8,0.34
X-4824,RBMY1B,378948.0,Del0.8,0.34
X-4824,RBMY1E,378950.0,Del0.8,0.34
X-4824,RBMY1E,378950.0,Del0.8,0.34
X-4824,RBMY1F,159163.0,Del0.8,0.34
X-4824,RBMY1F,159163.0,Del0.8,0.34
X-4824,RBMY1J,378951.0,Del0.8,0.34
X-4824,RBMY1J,378951.0,Del0.8,0.34
X-4824,RBMY2EP,159125.0,Del0.8,0.34
X-4824,RBMY2FP,159162.0,Del0.8,0.34
X-4824,RBMY3AP,64593.0,Del0.8,0.34
X-4824,RFC4,5984.0,Amp5,5.06
X-4824,RHBG,57127.0,MutKnownFunctional,"-422,1.000"
X-4824,RIN3,79890.0,MutNovel,"G967-,0.786"
X-4824,RND1,27289.0,MutNovel,"H209Q,0.553"
X-4824,RNF168,165918.0,Amp5,5.46
X-4824,RNF20,56254.0,MutNovel,"E712Q,0.363"
X-4824,ROBO2,6092.0,Del0.8,0.78
X-4824,RPL22L1,200916.0,Amp5,5.06
X-4824,RPL35A,6165.0,Amp5,5.46
X-4824,RPL39L,116832.0,Amp5,5.06
X-4824,RPS17L,,MutNovel,"M105R,0.500"
X-4824,RPS4Y1,6192.0,Del0.8,0.34
X-4824,RPS4Y2,140032.0,Del0.8,0.34
X-4824,RPSA,3921.0,Del0.8,0.78
X-4824,RRP1B,23076.0,MutNovel,"V532I,0.479"
X-4824,RTP1,132112.0,Amp5,5.06
X-4824,RTP2,344892.0,Amp5,5.06
X-4824,RTP4,64108.0,Amp5,5.06
X-4824,RUNX1,861.0,MutNovel,"L56S,0.386"
X-4824,RYBP,23429.0,MutKnownFunctional,"E83*,1.000"
X-4824,S100A7A,338324.0,MutNovel,"G25D,0.719"
X-4824,S100A7A,338324.0,MutNovel,"E28D,0.732"
X-4824,S100A7A,338324.0,MutNovel,"I52T,0.208"
X-4824,SAMD7,344658.0,Amp5,5.06
X-4824,SBNO2,22904.0,MutNovel,"F91L,0.502"
X-4824,SCARF1,8578.0,MutNovel,"R500H,1.000"
X-4824,SCN10A,6336.0,Del0.8,0.7
X-4824,SDCBP2,27111.0,MutNovel,"R106Q,0.291"
X-4824,SDHAP1,255812.0,Amp5,5.46
X-4824,SDHAP2,727956.0,Amp5,5.43
X-4824,SDK1,221935.0,MutNovel,"S58P,1.000"
X-4824,SEC62,7095.0,Amp5,5.06
X-4824,SEMA3C,10512.0,MutNovel,"I179M,0.260"
X-4824,SEMA4C,54910.0,MutNovel,"R751W,0.257"
X-4824,SENP2,59343.0,Amp5,5.06
X-4824,SENP5,205564.0,Amp5,5.46
X-4824,SERINC2,347735.0,MutNovel,"-373Q,1.000"
X-4824,SERPINI1,5274.0,Amp5,5.06
X-4824,SERPINI2,5276.0,Amp5,5.06
X-4824,SHANK3,85358.0,MutNovel,"T987M,1.000"
X-4824,SHISA8,440829.0,MutNovel,"A320V,1.000"
X-4824,SHOC2,8036.0,MutNovel,"T242M,0.458"
X-4824,SIPA1L2,57568.0,MutNovel,"G61S,1.000"
X-4824,SKIL,6498.0,Amp5,5.06
X-4824,SKP2,6502.0,MutNovel,"N231Y,0.766"
X-4824,SLC12A2,6558.0,MutNovel,"M593L,0.555"
X-4824,SLC22A31,146429.0,MutNovel,"P324L,0.544"
X-4824,SLC25A36,55186.0,MutNovel,"S37-,0.724"
X-4824,SLC25A38,54977.0,Del0.8,0.78
X-4824,SLC2A2,6514.0,Amp5,5.06
X-4824,SLC7A14,57709.0,Amp5,5.06
X-4824,SLC9A5,6553.0,MutNovel,"A14V,0.250"
X-4824,SLITRK3,22865.0,Amp5,5.06
X-4824,SLX1A,548593.0,MutNovel,"A120T,0.278"
X-4824,SNAPC4,6621.0,MutNovel,"S542-,0.579"
X-4824,SNAR-I,100170222.0,Amp5,5.54
X-4824,SNORA4,619568.0,Amp5,5.06
X-4824,SNORA6,574040.0,Del0.8,0.78
X-4824,SNORA62,6044.0,Del0.8,0.78
X-4824,SNORA63,6043.0,Amp5,5.06
X-4824,SNORA81,677847.0,Amp5,5.06
X-4824,SNORD2,619567.0,Amp5,5.06
X-4824,SNORD66,692107.0,Amp5,5.06
X-4824,SNX25,83891.0,MutNovel,"I586T,0.714"
X-4824,SOGA1,,MutNovel,"L1107V,0.500"
X-4824,SOX2,6657.0,Amp5,5.06
X-4824,SOX2-OT,347689.0,Amp5,5.06
X-4824,SPATA16,83893.0,Amp5,5.06
X-4824,SPNS2,124976.0,MutNovel,"T74A,0.256"
X-4824,SPTY2D1,144108.0,MutNovel,"V337A,1.000"
X-4824,SRY,6736.0,Del0.8,0.34
X-4824,SST,6750.0,Amp5,5.06
X-4824,ST6GAL1,6480.0,Amp5,5.06
X-4824,STRC,161497.0,MutNovel,"T1565S,0.375"
X-4824,SUCLA2,8803.0,MutNovel,"V13M,1.000"
X-4824,SYNE2,23224.0,MutNovel,"D943Y,0.571"
X-4824,SYNE2,23224.0,MutNovel,"V2998L,0.556"
X-4824,SYT7,9066.0,MutNovel,"R3Q,1.000"
X-4824,TAS2R19,259294.0,MutNovel,"F238C,1.000"
X-4824,TBC1D3C,414060.0,MutNovel,"P358Q,1.000"
X-4824,TBCCD1,55171.0,Amp5,5.06
X-4824,TBL1XR1,79718.0,Amp5,5.06
X-4824,TBL1Y,90665.0,Del0.8,0.34
X-4824,TBP,6908.0,MutNovel,"-64Q,1.000"
X-4824,TCTEX1D2,255758.0,Amp5,5.46
X-4824,TENC1,23371.0,MutNovel,"P1033T,0.490"
X-4824,TERC,7012.0,Amp5,5.06
X-4824,TFRC,7037.0,Amp5,5.46
X-4824,TGIF2LY,90655.0,Del0.8,0.34
X-4824,THPO,7066.0,MutNovel,"G231V,0.292"
X-4824,THPO,7066.0,Amp5,5.06
X-4824,TJAP1,93643.0,MutNovel,"T354S,1.000"
X-4824,TLK2,11011.0,MutNovel,"R262Q,0.273"
X-4824,TLL2,7093.0,Del0.8,0.79
X-4824,TM4SF19,116211.0,Amp5,5.46
X-4824,TM4SF19-TCTEX1D2,100534611.0,Amp5,5.46
X-4824,TM9SF3,56889.0,Del0.8,0.79
X-4824,TMED3,23423.0,MutNovel,"F31L,0.252"
X-4824,TMEM104,54868.0,MutNovel,"R301H,0.271"
X-4824,TMEM175,84286.0,MutNovel,"P14S,0.535"
X-4824,TMEM184A,202915.0,MutNovel,"G392GA,1.000"
X-4824,TMEM207,131920.0,Amp5,5.54
X-4824,TMEM212,389177.0,Amp5,5.06
X-4824,TMEM41A,90407.0,Amp5,5.06
X-4824,TMEM44,93109.0,Amp5,5.43
X-4824,TMSB4Y,9087.0,Del0.8,0.34
X-4824,TNFRSF6B,8771.0,MutNovel,"E209K,0.454"
X-4824,TNFSF10,8743.0,Amp5,5.06
X-4824,TNIK,23043.0,Amp5,5.06
X-4824,TNK2,10188.0,Amp5,5.46
X-4824,TP53,7157.0,MutKnownFunctional,"M237I,1.000"
X-4824,TPRG1,285386.0,Amp5,5.06
X-4824,TPSB2,64499.0,MutNovel,"T141A,1.000"
X-4824,TRA2B,6434.0,Amp5,5.06
X-4824,TRAF3,7187.0,MutNovel,"V47M,0.551"
X-4824,TRIM17,51127.0,MutKnownFunctional,"-326?,1.000"
X-4824,TRIM54,57159.0,MutNovel,"K210E,1.000"
X-4824,TRIM6,117854.0,MutNovel,"E246K,0.562"
X-4824,TSPY1,7258.0,Del0.8,0.34
X-4824,TSPY2,64591.0,Del0.8,0.34
X-4824,TSPY3,728137.0,Del0.8,0.34
X-4824,TSPY4,728395.0,Del0.8,0.34
X-4824,TSPY8,728403.0,Del0.8,0.34
X-4824,TSPYL1,7259.0,MutNovel,"V176VW,1.000"
X-4824,TSSK4,283629.0,MutNovel,"R147C,0.500"
X-4824,TTC13,79573.0,MutNovel,"Q65R,0.316"
X-4824,TTC14,151613.0,MutNovel,"E464G,0.264"
X-4824,TTC14,151613.0,MutNovel,"H622R,0.282"
X-4824,TTC14,151613.0,Amp5,5.06
X-4824,TTC7A,57217.0,MutNovel,"V833L,0.749"
X-4824,TTTY10,246119.0,Del0.8,0.34
X-4824,TTTY11,83866.0,Del0.8,0.34
X-4824,TTTY12,83867.0,Del0.8,0.34
X-4824,TTTY13,83868.0,Del0.8,0.34
X-4824,TTTY14,83869.0,Del0.8,0.34
X-4824,TTTY15,64595.0,Del0.8,0.34
X-4824,TTTY16,252948.0,Del0.8,0.34
X-4824,TTTY17A,252949.0,Del0.8,0.34
X-4824,TTTY17A,252949.0,Del0.8,0.43
X-4824,TTTY18,252950.0,Del0.8,0.34
X-4824,TTTY19,252952.0,Del0.8,0.34
X-4824,TTTY1B,100101116.0,Del0.8,0.34
X-4824,TTTY1B,100101116.0,Del0.8,0.34
X-4824,TTTY2,60439.0,Del0.8,0.34
X-4824,TTTY2,60439.0,Del0.8,0.34
X-4824,TTTY20,252951.0,Del0.8,0.34
X-4824,TTTY21,252953.0,Del0.8,0.34
X-4824,TTTY21,252953.0,Del0.8,0.34
X-4824,TTTY22,252954.0,Del0.8,0.34
X-4824,TTTY23,252955.0,Del0.8,0.34
X-4824,TTTY23,252955.0,Del0.8,0.34
X-4824,TTTY3,114760.0,Del0.8,0.18
X-4824,TTTY3,114760.0,Del0.8,0.34
X-4824,TTTY4,114761.0,Del0.8,0.12
X-4824,TTTY4,114761.0,Del0.8,0.2
X-4824,TTTY5,83863.0,Del0.8,0.34
X-4824,TTTY6,84672.0,Del0.8,0.34
X-4824,TTTY6,84672.0,Del0.8,0.34
X-4824,TTTY7,246122.0,Del0.8,0.34
X-4824,TTTY7,246122.0,Del0.8,0.34
X-4824,TTTY7B,100101120.0,Del0.8,0.34
X-4824,TTTY7B,100101120.0,Del0.8,0.34
X-4824,TTTY8,84673.0,Del0.8,0.34
X-4824,TTTY8,84673.0,Del0.8,0.34
X-4824,TTTY9A,83864.0,Del0.8,0.34
X-4824,TTTY9A,83864.0,Del0.8,0.34
X-4824,TXLNG2P,246126.0,Del0.8,0.34
X-4824,TYMP,1890.0,MutNovel,"R438L,1.000"
X-4824,UAP1L1,91373.0,MutNovel,"V79L,0.281"
X-4824,UBE2A,7319.0,MutNovel,"E138K,0.506"
X-4824,UBXN7,26043.0,Amp5,5.46
X-4824,UPK3BL,,MutKnownFunctional,"-61?,0.667"
X-4824,USP13,8975.0,Amp5,5.06
X-4824,USP36,57602.0,MutNovel,"KKK958K,0.278"
X-4824,USP36,57602.0,MutNovel,"V372M,0.321"
X-4824,USP9Y,8287.0,Del0.8,0.34
X-4824,UTS2D,257313.0,Amp5,5.54
X-4824,UTY,7404.0,Del0.8,0.34
X-4824,VCY,9084.0,Del0.8,0.34
X-4824,VCY,9084.0,Del0.8,0.34
X-4824,VGLL3,389136.0,Del0.8,0.77
X-4824,VPS8,23355.0,Amp5,5.06
X-4824,VWA5B2,90113.0,Amp5,5.06
X-4824,WDR49,151790.0,Amp5,5.06
X-4824,WDR53,348793.0,Amp5,5.46
X-4824,WNK2,65268.0,MutNovel,"R974L,0.214"
X-4824,XKRY2,353515.0,Del0.8,0.34
X-4824,XKRY2,353515.0,Del0.8,0.34
X-4824,XXYLT1,152002.0,Amp5,5.43
X-4824,YEATS2,55689.0,Amp5,5.06
X-4824,ZBBX,79740.0,Amp5,5.06
X-4824,ZDHHC11B,,MutNovel,"D540H,0.400"
X-4824,ZDHHC19,131540.0,Amp5,5.46
X-4824,ZFHX2,85446.0,MutNovel,"T2133N,0.800"
X-4824,ZFHX3,463.0,MutNovel,"Q1741HK,0.500"
X-4824,ZFY,7544.0,Del0.8,0.34
X-4824,ZMAT3,64393.0,Amp5,5.06
X-4824,ZNF341,84905.0,MutNovel,"L227V,0.667"
X-4824,ZNF341,84905.0,MutNovel,"R597W,0.472"
X-4824,ZNF384,171017.0,MutNovel,"QQ514Q,1.000"
X-4824,ZNF500,26048.0,MutNovel,"A2P,0.571"
X-4824,ZNF503,84858.0,MutNovel,"GGG24G,0.524"
X-4824,ZNF555,148254.0,MutNovel,"R356L,0.714"
X-4824,ZNF639,51193.0,Amp5,5.06
X-4824,ZNF654,55279.0,Del0.8,0.77
X-4824,ZNF703,80139.0,MutNovel,"SAAA505S,0.539"
X-4824,ZNF717,100131827.0,MutNovel,"K631R,1.000"
X-4824,ZNF76,7629.0,MutNovel,"T177I,1.000"
X-4824,ZNF761,388561.0,MutNovel,"R603A,1.000"
X-4824,ZNF772,400720.0,MutNovel,"A4GP,1.000"
X-4824,ZNF878,729747.0,MutNovel,"R159H,0.667"
X-4824,ZRSR2,8233.0,MutNovel,"-439SR,1.000"
X-4888,AAED1,,MutNovel,"P4L,0.500"
X-4888,ADAL,161823.0,Del0.8,0.8
X-4888,ADAMTS10,81794.0,MutNovel,"G1065S,0.423"
X-4888,ADAMTS7,11173.0,MutNovel,"A1104-,0.885"
X-4888,AMELY,266.0,Del0.8,0.33
X-4888,AMN,81693.0,MutNovel,"-447AG,1.000"
X-4888,ANKRD36,375248.0,MutNovel,"G1079E,0.400"
X-4888,ARHGAP23,57636.0,MutNovel,"A1484V,1.000"
X-4888,ARHGEF4,50649.0,MutNovel,"N290K,0.509"
X-4888,ARL6IP4,51329.0,MutNovel,"P115L,0.991"
X-4888,ARNTL2,56938.0,MutNovel,"A388T,0.429"
X-4888,ARV1,64801.0,MutKnownFunctional,"-170?,0.250"
X-4888,ASPSCR1,79058.0,MutKnownFunctional,"-619,1.000"
X-4888,ATG12,9140.0,MutNovel,"G19E,1.000"
X-4888,ATP13A1,57130.0,MutNovel,"K220R,0.365"
X-4888,ATP13A2,23400.0,MutNovel,"D967N,0.606"
X-4888,ATP2B4,493.0,MutNovel,"A688V,0.657"
X-4888,ATP6AP2,10159.0,Del0.8,0.78
X-4888,ATP6V1C2,245973.0,MutNovel,"K295E,0.299"
X-4888,ATXN2,6311.0,MutNovel,"Q174HK,0.464"
X-4888,AVEN,57099.0,MutNovel,"G83D,0.429"
X-4888,AVEN,57099.0,MutNovel,"R57LAG,0.429"
X-4888,B4GALNT4,338707.0,MutNovel,"D414N,1.000"
X-4888,BAP1,8314.0,Del0.8,0.24
X-4888,BCOR,54880.0,Del0.8,0.78
X-4888,BCORP1,286554.0,Del0.8,0.33
X-4888,BHLHE41,79365.0,MutNovel,"A428T,0.600"
X-4888,BHLHE41,79365.0,MutNovel,"P293L,0.909"
X-4888,BICD1,636.0,MutNovel,"E36D,0.254"
X-4888,BMP2K,55589.0,MutNovel,"Q478-,0.500"
X-4888,BPY2B,442867.0,Del0.8,0.11
X-4888,BPY2B,442867.0,Del0.8,0.19
X-4888,C10orf35,219738.0,MutNovel,"P88L,0.337"
X-4888,C10orf57,,MutNovel,"N28S,1.000"
X-4888,C14orf43,91748.0,MutNovel,"Q4P,0.283"
X-4888,C16orf88,400506.0,MutNovel,"G197-,0.494"
X-4888,C17orf51,339263.0,MutNovel,"SL217L,1.000"
X-4888,C1orf106,55765.0,MutNovel,"K523N,0.400"
X-4888,C1orf127,148345.0,Del0.8,0.77
X-4888,C3orf52,79669.0,MutNovel,"P9L,0.429"
X-4888,C8orf44-SGK3,100533105.0,MutNovel,"H141Y,0.373"
X-4888,C8orf59,401466.0,Amp5,5.06
X-4888,CA1,759.0,Amp5,5.06
X-4888,CA13,377677.0,Amp5,5.06
X-4888,CA2,760.0,Amp5,5.06
X-4888,CA3,761.0,Amp5,5.06
X-4888,CACNA1A,773.0,MutNovel,"QQ2324-,0.857"
X-4888,CACYBP,27101.0,MutNovel,"V104M,0.352"
X-4888,CASK,8573.0,Del0.8,0.78
X-4888,CATSPER2,117155.0,Del0.8,0.8
X-4888,CATSPER2P1,440278.0,Del0.8,0.8
X-4888,CC2D1B,200014.0,MutNovel,"Q671H,0.337"
X-4888,CC2D1B,200014.0,MutNovel,"K615N,0.421"
X-4888,CCDC110,256309.0,MutKnownFunctional,"-592?,0.556"
X-4888,CCDC148,130940.0,Del0.8,0.4
X-4888,CCDC85B,11007.0,MutNovel,"P154A,0.996"
X-4888,CCNDBP1,23582.0,Del0.8,0.8
X-4888,CD74,972.0,MutNovel,"L33P,0.377"
X-4888,CDC20B,166979.0,Del0.8,0.8
X-4888,CDY1B,253175.0,Del0.8,0.33
X-4888,CDY1B,253175.0,Del0.8,0.19
X-4888,CDY2A,9426.0,Del0.8,0.33
X-4888,CDY2A,9426.0,Del0.8,0.33
X-4888,CDY2B,203611.0,Del0.8,0.33
X-4888,CDY2B,203611.0,Del0.8,0.33
X-4888,CEBPD,1052.0,MutNovel,"A177S,0.275"
X-4888,CEP97,79598.0,MutNovel,"T195I,0.440"
X-4888,CHI3L1,1116.0,MutNovel,"T383M,0.617"
X-4888,CKMT1A,548596.0,Del0.8,0.8
X-4888,CKMT1B,1159.0,Del0.8,0.8
X-4888,CLCN2,1181.0,MutNovel,"R645PG,0.545"
X-4888,CLCN6,1185.0,Del0.8,0.76
X-4888,CLDND2,125875.0,MutNovel,"Y30H,0.400"
X-4888,CLN6,54982.0,MutNovel,"A22S,0.610"
X-4888,CLSTN3,9746.0,MutNovel,"E784G,0.541"
X-4888,CMIP,80790.0,MutNovel,"M257I,0.546"
X-4888,CNTNAP3,79937.0,MutNovel,"S140N,0.800"
X-4888,CNTNAP3B,728577.0,MutNovel,"L336V,0.220"
X-4888,CPAMD8,27151.0,MutNovel,"L390V,0.400"
X-4888,CPEB3,22849.0,MutNovel,"R21P,1.000"
X-4888,CPNE2,221184.0,MutNovel,"D484A,0.470"
X-4888,CPSF3L,54973.0,MutNovel,"A13V,1.000"
X-4888,CRIPAK,285464.0,MutKnownFunctional,"-88,1.000"
X-4888,CRIPAK,285464.0,MutKnownFunctional,"TCR304MC*,0.222"
X-4888,CSMD3,114788.0,Amp5,5.13
X-4888,CSPG4P1Y,114758.0,Del0.8,0.33
X-4888,CSPG4P1Y,114758.0,Del0.8,0.39
X-4888,CTSA,5476.0,MutNovel,"L29-,1.000"
X-4888,CTSZ,1522.0,MutNovel,"L17PCCL,0.423"
X-4888,CWC22,57703.0,MutNovel,"R38L,0.596"
X-4888,CXorf27,25763.0,Del0.8,0.78
X-4888,CXorf38,159013.0,Del0.8,0.78
X-4888,CYBB,1536.0,Del0.8,0.78
X-4888,DAAM1,23002.0,MutNovel,"L569I,0.293"
X-4888,DAPL1,92196.0,Del0.8,0.48
X-4888,DAZ1,1617.0,Del0.8,0.33
X-4888,DAZ2,57055.0,Del0.8,0.21
X-4888,DAZ3,57054.0,Del0.8,0.19
X-4888,DAZ3,57054.0,Del0.8,0.11
X-4888,DAZ4,57135.0,Del0.8,0.16
X-4888,DAZ4,57135.0,Del0.8,0.23
X-4888,DCUN1D3,123879.0,MutNovel,"L291F,0.511"
X-4888,DDX3X,1654.0,Del0.8,0.78
X-4888,DDX3Y,8653.0,Del0.8,0.33
X-4888,DEFT1P,170949.0,Del0.8,0.75
X-4888,DHRSX,207063.0,MutNovel,"R577H,0.429"
X-4888,DHX16,8449.0,MutNovel,"I581M,0.620"
X-4888,DNAH1,25981.0,Del0.8,0.57
X-4888,DRD4,1815.0,MutNovel,"S284G,1.000"
X-4888,DYNLT3,6990.0,Del0.8,0.78
X-4888,E2F5,1875.0,Amp5,5.06
X-4888,EEFSEC,60678.0,MutNovel,"M226I,0.323"
X-4888,EIF1AY,9086.0,Del0.8,0.33
X-4888,EIF3A,8661.0,MutNovel,"G1068A,0.621"
X-4888,EIF3C,8663.0,MutNovel,"E246D,0.320"
X-4888,EIF3CL,728689.0,MutNovel,"E246D,1.000"
X-4888,EIF4G1,1981.0,MutNovel,"EGEA472E,0.260"
X-4888,EPB42,2038.0,Del0.8,0.8
X-4888,EXTL1,2134.0,MutNovel,"L298-,0.412"
X-4888,F8,2157.0,MutNovel,"V2242M,0.629"
X-4888,FAM105B,90268.0,MutNovel,"PAREAAAT21P,0.289"
X-4888,FAM115C,285966.0,MutNovel,"R479Q,1.000"
X-4888,FAM197Y2P,252946.0,Del0.8,0.33
X-4888,FAM213B,127281.0,Del0.8,0.59
X-4888,FAM41AY1,340618.0,Del0.8,0.33
X-4888,FAM41AY1,340618.0,Del0.8,0.33
X-4888,FAM41C,284593.0,Del0.8,0.7
X-4888,FAM53C,51307.0,MutNovel,"H70N,1.000"
X-4888,FAM83G,644815.0,MutNovel,"M770R,1.000"
X-4888,FANCL,55120.0,Del0.8,0.79
X-4888,FEZ2,9637.0,MutNovel,"G5W,0.789"
X-4888,FGFR3,2261.0,MutNovel,"E458K,1.000"
X-4888,FLJ22184,80164.0,MutNovel,"S928Y,0.656"
X-4888,FNDC1,84624.0,MutNovel,"ATTRRTT1471A,1.000"
X-4888,FOLH1B,219595.0,MutNovel,"T90I,1.000"
X-4888,FOXC2,2303.0,MutNovel,"I225F,1.000"
X-4888,FOXD1,2297.0,MutNovel,"A88G,1.000"
X-4888,FOXI3,344167.0,MutKnownFunctional,"-101?,1.000"
X-4888,FRMD3,257019.0,MutKnownFunctional,"-281?,1.000"
X-4888,GATA6,2627.0,MutNovel,"A284G,0.333"
X-4888,GCFC2,6936.0,Amp5,5.62
X-4888,GIGYF2,26058.0,MutNovel,"PQ1231P,1.000"
X-4888,GOLGA2P2Y,84559.0,Del0.8,0.39
X-4888,GOLGA2P2Y,84559.0,Del0.8,0.33
X-4888,GOLGA8A,23015.0,MutNovel,"E340-,1.000"
X-4888,GOLGA8A,23015.0,MutNovel,"L78M,0.833"
X-4888,GOLGA8B,440270.0,MutNovel,"L78M,0.333"
X-4888,GPATCH4,54865.0,MutNovel,"S291F,0.404"
X-4888,GPD2,2820.0,Del0.8,0.8
X-4888,GPR156,165829.0,MutNovel,"I802T,0.333"
X-4888,GPR34,2857.0,Del0.8,0.78
X-4888,GPR82,27197.0,Del0.8,0.78
X-4888,GSR,2936.0,MutNovel,"S15G,1.000"
X-4888,GTF2IRD2B,389524.0,MutNovel,"S500L,0.214"
X-4888,GYG2P1,352887.0,Del0.8,0.33
X-4888,HDLBP,3069.0,MutNovel,"D755N,0.335"
X-4888,HEATR7A,727957.0,MutNovel,"R1015Q,0.878"
X-4888,HEPH,9843.0,MutNovel,"S671A,0.444"
X-4888,HERC1,8925.0,MutNovel,"A3162V,0.635"
X-4888,HERC2,8924.0,MutNovel,"A2143V,0.286"
X-4888,HLA-B,3106.0,MutNovel,"YT33ST,0.539"
X-4888,HLA-DRB5,3127.0,Amp5,6.36
X-4888,HLA-G,3135.0,MutNovel,"A182V,0.989"
X-4888,HMCN1,83872.0,MutNovel,"D4109H,0.462"
X-4888,HNRNPCL1,343069.0,MutNovel,"Q185K,1.000"
X-4888,HNRPLL,92906.0,MutNovel,"G57GA,0.611"
X-4888,HRCT1,646962.0,MutNovel,"P106H,0.976"
X-4888,HS2ST1,9653.0,MutNovel,"S130F,0.276"
X-4888,HSFY2,159119.0,Del0.8,0.33
X-4888,HSFY2,159119.0,Del0.8,0.33
X-4888,HSPA1L,3305.0,MutNovel,"H25V,0.294"
X-4888,HSPA1L,3305.0,MutNovel,"H25D,0.353"
X-4888,INO80,54617.0,Del0.8,0.73
X-4888,INTS3,65123.0,MutNovel,"D538N,0.210"
X-4888,ITGA6,3655.0,MutNovel,"R484H,0.615"
X-4888,ITGB5,3693.0,MutNovel,"N394S,0.608"
X-4888,JAG1,182.0,MutNovel,"P943S,0.678"
X-4888,JUP,3728.0,MutNovel,"R333H,0.996"
X-4888,KANSL3,55683.0,MutNovel,"D227E,0.377"
X-4888,KCNH8,131096.0,MutNovel,"V891M,0.409"
X-4888,KDM5D,8284.0,Del0.8,0.33
X-4888,KHSRP,8570.0,MutNovel,"A17T,0.608"
X-4888,KIAA0753,9851.0,MutNovel,"E119K,1.000"
X-4888,KIAA1467,57613.0,MutNovel,"H571Y,0.438"
X-4888,KIF20B,9585.0,MutNovel,"L1062LKV,1.000"
X-4888,KLF16,83855.0,MutNovel,"A38T,0.988"
X-4888,KLHL8,57563.0,MutNovel,"I146L,0.550"
X-4888,KRT20,54474.0,MutNovel,"M346L,1.000"
X-4888,KRT6A,3853.0,MutNovel,"G82A,0.273"
X-4888,KRT6C,286887.0,MutNovel,"A87G,1.000"
X-4888,KRT85,3891.0,MutNovel,"K404R,1.000"
X-4888,LAD1,3898.0,MutNovel,"L161F,0.532"
X-4888,LAMB3,3914.0,MutNovel,"S1096F,0.351"
X-4888,LCMT2,9836.0,Del0.8,0.8
X-4888,LINC00115,79854.0,Del0.8,0.7
X-4888,LINGO3,645191.0,MutNovel,"V309L,0.667"
X-4888,LOC100132831,100132831.0,Del0.8,0.78
X-4888,LOC100133445,100133445.0,Del0.8,0.59
X-4888,LOC100287837,,MutNovel,"E5ER,1.000"
X-4888,LOC100509263,,MutNovel,"P21H,1.000"
X-4888,LOC100996318,,MutNovel,"A106T,1.000"
X-4888,LOC100996407,,MutNovel,"S229G,1.000"
X-4888,LOC100996407,,MutNovel,"R165T,1.000"
X-4888,LOC100996433,,MutNovel,"A124V,1.000"
X-4888,LOC100996481,,MutNovel,"Y287C,1.000"
X-4888,LOC115110,115110.0,Del0.8,0.59
X-4888,LOC257396,257396.0,Del0.8,0.66
X-4888,LOC286442,286442.0,Del0.8,0.78
X-4888,LOC347411,347411.0,Del0.8,0.78
X-4888,LOC643837,643837.0,Del0.8,0.7
X-4888,LOC730268,,MutNovel,"L314P,0.800"
X-4888,LONRF2,164832.0,MutNovel,"A24T,0.273"
X-4888,LRRC37A2,474170.0,MutNovel,"K1329R,1.000"
X-4888,LRRCC1,85444.0,Amp5,5.06
X-4888,LSR,51599.0,MutNovel,"G518GR,1.000"
X-4888,LUZP1,7798.0,MutNovel,"L1003V,0.391"
X-4888,MAGEE1,57692.0,MutNovel,"R140S,0.364"
X-4888,MAP1A,4130.0,Del0.8,0.8
X-4888,MARCKS,4082.0,MutNovel,"E227D,0.995"
X-4888,MCRS1,10445.0,MutNovel,"R402W,0.992"
X-4888,MED14,9282.0,Del0.8,0.78
X-4888,MED15,51586.0,MutNovel,"Q251-,1.000"
X-4888,MED23,9439.0,MutNovel,"L987V,0.587"
X-4888,MED24,9862.0,MutNovel,"A387V,0.991"
X-4888,MEIS3,56917.0,MutNovel,"S374T,0.818"
X-4888,MET,4233.0,MutNovel,"R1354Q,0.458"
X-4888,METAP1D,254042.0,MutNovel,"P332L,0.579"
X-4888,MFSD1,64747.0,MutNovel,"F147L,0.431"
X-4888,MICAL3,57553.0,MutNovel,"E999GK,1.000"
X-4888,MICB,4277.0,MutNovel,"Y59C,0.500"
X-4888,MICB,4277.0,MutNovel,"R64C,0.600"
X-4888,MID1IP1,58526.0,Del0.8,0.78
X-4888,MIR2053,100302225.0,Amp5,5.13
X-4888,MIR449A,554213.0,Del0.8,0.45
X-4888,MIR449B,693123.0,Del0.8,0.45
X-4888,MIR449C,100313923.0,Del0.8,0.45
X-4888,MLH3,27030.0,MutNovel,"E755D,0.238"
X-4888,MLL3,58508.0,MutKnownFunctional,"-2797?,0.262"
X-4888,MPRIP,23164.0,MutNovel,"TS178T,1.000"
X-4888,MRPL19,9801.0,Amp5,5.62
X-4888,MRPL2,51069.0,MutNovel,"A2V,0.525"
X-4888,MSH2,4436.0,MutNovel,"Q793H,0.548"
X-4888,MSH3,4437.0,MutNovel,"AAPP61A,1.000"
X-4888,MUC5B,727897.0,MutNovel,"R2768P,0.423"
X-4888,NBPF1,55672.0,MutNovel,"L377V,0.333"
X-4888,NBPF16,728936.0,MutNovel,"G457V,1.000"
X-4888,NBPF9,400818.0,MutNovel,"H337R,0.375"
X-4888,NCOA3,8202.0,MutNovel,"Q1255-,0.484"
X-4888,NCOR2,9612.0,MutNovel,"G1839GAAA,1.000"
X-4888,NCRNA00185,55410.0,Del0.8,0.33
X-4888,NFATC1,4772.0,MutNovel,"T562M,0.449"
X-4888,NFATC2,4773.0,MutNovel,"I383L,0.585"
X-4888,NIPSNAP1,8508.0,MutNovel,"S7G,1.000"
X-4888,NLGN4Y,22829.0,Del0.8,0.33
X-4888,NLRP6,171389.0,MutNovel,"EK684E,1.000"
X-4888,NOL8,55035.0,MutNovel,"T736S,0.429"
X-4888,NOTUM,147111.0,MutNovel,"P36S,1.000"
X-4888,NPPA,4878.0,Del0.8,0.6
X-4888,NPPA-AS1,100379251.0,Del0.8,0.6
X-4888,NR4A2,4929.0,Del0.8,0.8
X-4888,NSL1,25936.0,MutNovel,"T193I,0.429"
X-4888,NYX,60506.0,Del0.8,0.78
X-4888,OR2T10,127069.0,Amp5,5.5
X-4888,OR2T11,127077.0,Amp5,5.5
X-4888,OR52E8,390079.0,Del0.8,0.64
X-4888,OR52N5,390075.0,Del0.8,0.26
X-4888,ORAI1,84876.0,MutNovel,"PP43-,1.000"
X-4888,ORAI2,80228.0,MutNovel,"E235K,0.495"
X-4888,OTC,5009.0,Del0.8,0.78
X-4888,OTUD4,54726.0,MutNovel,"G1039R,0.346"
X-4888,P2RY8,286530.0,MutNovel,"L1526V,0.571"
X-4888,P2RY8,286530.0,MutKnownFunctional,"-1417,1.000"
X-4888,P2RY8,286530.0,MutKnownFunctional,"-1371?,1.000"
X-4888,PABPC3,5042.0,MutKnownFunctional,"-247GE?,0.765"
X-4888,PAPD4,167153.0,MutNovel,"L197H,0.571"
X-4888,PCDH11Y,83259.0,Del0.8,0.53
X-4888,PCDH7,5099.0,MutNovel,"V983L,0.521"
X-4888,PCDHB2,56133.0,MutNovel,"F428L,1.000"
X-4888,PCDHB7,56129.0,MutNovel,"SA474RA,1.000"
X-4888,PDIA3,2923.0,Del0.8,0.8
X-4888,PER3,8863.0,MutNovel,"I231V,1.000"
X-4888,PGAP1,80055.0,MutNovel,"F218V,0.500"
X-4888,PHF7,51533.0,Del0.8,0.56
X-4888,PHLDA1,22822.0,MutNovel,"QQ194Q,1.000"
X-4888,PIF1,80119.0,MutNovel,"A127T,0.400"
X-4888,PITPNM2,57605.0,MutNovel,"GGG620-,1.000"
X-4888,PKD2L2,27039.0,Del0.8,0.66
X-4888,PKP4,8502.0,Del0.8,0.29
X-4888,PLA2R1,22925.0,MutKnownFunctional,"-653,1.000"
X-4888,PLA2R1,22925.0,MutNovel,"K652N,0.875"
X-4888,PLCL2,23228.0,MutNovel,"P78S,1.000"
X-4888,PLEKHA7,144100.0,MutNovel,"Q865R,0.301"
X-4888,POLDIP2,26073.0,MutKnownFunctional,"-28?,1.000"
X-4888,POLDIP2,26073.0,MutNovel,"S28G,0.632"
X-4888,POLDIP2,26073.0,MutNovel,"Q27P,0.357"
X-4888,POLDIP2,26073.0,MutKnownFunctional,"-27?,0.881"
X-4888,POMZP3,22932.0,MutNovel,"RVV176HVM,0.408"
X-4888,PPIP5K1,9677.0,Del0.8,0.8
X-4888,PPP1R12B,4660.0,MutNovel,"E123Q,0.846"
X-4888,PPP1R2P9,80316.0,Del0.8,0.78
X-4888,PQLC2,54896.0,MutNovel,"E36K,0.364"
X-4888,PRB1,5542.0,MutNovel,"R149Q,0.286"
X-4888,PRB4,5545.0,MutNovel,"P116H,0.515"
X-4888,PRB4,5545.0,MutNovel,"T113P,0.480"
X-4888,PREX1,57580.0,MutNovel,"P961L,0.417"
X-4888,PRKCSH,5589.0,MutNovel,"-313E,0.233"
X-4888,PRKCZ,5590.0,Del0.8,0.79
X-4888,PRKY,5616.0,Del0.8,0.33
X-4888,PRY,9081.0,Del0.8,0.33
X-4888,PRY,9081.0,Del0.8,0.33
X-4888,PRY2,442862.0,Del0.8,0.33
X-4888,PRY2,442862.0,Del0.8,0.33
X-4888,PZP,5858.0,MutNovel,"G1090R,0.500"
X-4888,RAET1L,154064.0,MutNovel,"V83G,0.286"
X-4888,RALYL,138046.0,Amp5,5.06
X-4888,RBM15,64783.0,MutNovel,"D501H,0.612"
X-4888,RBM43,375287.0,MutKnownFunctional,"-136?,0.714"
X-4888,RBMY1A3P,286557.0,Del0.8,0.33
X-4888,RBMY1B,378948.0,Del0.8,0.33
X-4888,RBMY1B,378948.0,Del0.8,0.33
X-4888,RBMY1E,378950.0,Del0.8,0.33
X-4888,RBMY1E,378950.0,Del0.8,0.33
X-4888,RBMY1F,159163.0,Del0.8,0.33
X-4888,RBMY1F,159163.0,Del0.8,0.33
X-4888,RBMY1J,378951.0,Del0.8,0.33
X-4888,RBMY1J,378951.0,Del0.8,0.33
X-4888,RBMY2EP,159125.0,Del0.8,0.33
X-4888,RBMY2FP,159162.0,Del0.8,0.33
X-4888,RBMY3AP,64593.0,Del0.8,0.33
X-4888,RC3H2,54542.0,MutNovel,"N67K,0.532"
X-4888,RCE1,9986.0,MutNovel,"W89R,0.301"
X-4888,REXO1L1,254958.0,Amp5,5.06
X-4888,REXO1L2P,100288527.0,Amp5,5.06
X-4888,REXO1L2P,100288527.0,Amp5,5.06
X-4888,RGPD8,727851.0,MutNovel,"I1459T,1.000"
X-4888,RIN3,79890.0,MutNovel,"G965-,1.000"
X-4888,RNF169,254225.0,MutNovel,"P41S,1.000"
X-4888,RNPC3,55599.0,MutNovel,"A357V,0.250"
X-4888,RPGR,6103.0,Del0.8,0.78
X-4888,RPL10A,4736.0,MutNovel,"K95N,0.280"
X-4888,RPL14,9045.0,MutNovel,"T149TA,1.000"
X-4888,RPS4Y1,6192.0,Del0.8,0.53
X-4888,RPS4Y2,140032.0,Del0.8,0.33
X-4888,SAMD1,90378.0,MutNovel,"DEE233E,0.443"
X-4888,SAMD1,90378.0,MutNovel,"E232D,0.299"
X-4888,SART1,9092.0,MutNovel,"E367D,0.678"
X-4888,SECISBP2,79048.0,MutNovel,"V742A,0.219"
X-4888,SEMA4C,54910.0,MutNovel,"A634G,0.241"
X-4888,SERINC2,347735.0,MutNovel,"-373Q,0.562"
X-4888,SGSM2,9905.0,MutNovel,"G811R,0.342"
X-4888,SLC25A15,10166.0,MutNovel,"V130M,1.000"
X-4888,SLC29A3,55315.0,MutNovel,"E331K,1.000"
X-4888,SLC35E2,9906.0,MutNovel,"I40V,1.000"
X-4888,SLC35E2,9906.0,MutKnownFunctional,"R36*,1.000"
X-4888,SLC37A1,54020.0,MutNovel,"V176I,0.474"
X-4888,SLTM,79811.0,MutNovel,"E849G,0.460"
X-4888,SMC1A,8243.0,MutNovel,"S85C,0.365"
X-4888,SMG7,9887.0,MutNovel,"Y356YN,0.814"
X-4888,SON,6651.0,MutNovel,"P358L,0.455"
X-4888,SPEG,10290.0,MutNovel,"S2047G,0.385"
X-4888,SRPX,8406.0,Del0.8,0.78
X-4888,SRRM5,100170229.0,MutNovel,"H461R,1.000"
X-4888,SRY,6736.0,Del0.8,0.53
X-4888,STRC,161497.0,Del0.8,0.8
X-4888,SUV420H1,51111.0,MutNovel,"DD843D,1.000"
X-4888,SYNJ1,8867.0,MutNovel,"I1005V,0.700"
X-4888,SYTL5,94122.0,Del0.8,0.78
X-4888,SZT2,23334.0,MutNovel,"P1737S,0.385"
X-4888,TAF4,6874.0,MutNovel,"L996V,0.560"
X-4888,TARBP1,6894.0,MutNovel,"T166A,0.842"
X-4888,TBC1D4,9882.0,MutNovel,"K1226N,0.558"
X-4888,TBCB,1155.0,MutNovel,"R196H,1.000"
X-4888,TBL1Y,90665.0,Del0.8,0.33
X-4888,TBP,6908.0,MutNovel,"-64Q,1.000"
X-4888,TBX20,57057.0,MutNovel,"V140M,0.273"
X-4888,TBX3,6926.0,MutNovel,"P19R,0.511"
X-4888,TGIF2LY,90655.0,Del0.8,0.53
X-4888,TGM5,9333.0,Del0.8,0.8
X-4888,TGM7,116179.0,Del0.8,0.8
X-4888,THSD4,79875.0,MutNovel,"R938Q,0.727"
X-4888,TIMELESS,8914.0,MutNovel,"E675GK,1.000"
X-4888,TLCD2,727910.0,MutNovel,"R247H,1.000"
X-4888,TMBIM4,51643.0,MutKnownFunctional,"-174?,1.000"
X-4888,TMEM249,,MutNovel,"E82K,0.250"
X-4888,TMEM62,80021.0,Del0.8,0.8
X-4888,TMEM64,169200.0,MutNovel,"A57GP,0.538"
X-4888,TMSB4Y,9087.0,Del0.8,0.33
X-4888,TNFAIP2,7127.0,MutNovel,"A66D,1.000"
X-4888,TNFRSF14,8764.0,Del0.8,0.59
X-4888,TNKS1BP1,85456.0,MutNovel,"S857C,0.685"
X-4888,TNRC6A,27327.0,MutNovel,"Q100P,0.462"
X-4888,TNRC6B,23112.0,MutNovel,"D1443H,0.357"
X-4888,TP53,7157.0,MutKnownFunctional,"-158,1.000"
X-4888,TP53BP1,7158.0,Del0.8,0.8
X-4888,TRIM49L1,729384.0,Del0.8,0.8
X-4888,TRIM49L1,729384.0,Del0.8,0.8
X-4888,TRIM64B,642446.0,Del0.8,0.8
X-4888,TSPAN7,7102.0,Del0.8,0.78
X-4888,TSPY1,7258.0,Del0.8,0.33
X-4888,TSPY2,64591.0,Del0.8,0.33
X-4888,TSPY3,728137.0,Del0.8,0.33
X-4888,TSPY4,728395.0,Del0.8,0.33
X-4888,TSPY8,728403.0,Del0.8,0.33
X-4888,TSPYL1,7259.0,MutNovel,"V176VW,1.000"
X-4888,TTTY10,246119.0,Del0.8,0.33
X-4888,TTTY11,83866.0,Del0.8,0.33
X-4888,TTTY12,83867.0,Del0.8,0.33
X-4888,TTTY13,83868.0,Del0.8,0.33
X-4888,TTTY14,83869.0,Del0.8,0.33
X-4888,TTTY15,64595.0,Del0.8,0.33
X-4888,TTTY16,252948.0,Del0.8,0.33
X-4888,TTTY17A,252949.0,Del0.8,0.33
X-4888,TTTY17A,252949.0,Del0.8,0.39
X-4888,TTTY18,252950.0,Del0.8,0.33
X-4888,TTTY19,252952.0,Del0.8,0.33
X-4888,TTTY1B,100101116.0,Del0.8,0.33
X-4888,TTTY1B,100101116.0,Del0.8,0.33
X-4888,TTTY2,60439.0,Del0.8,0.33
X-4888,TTTY2,60439.0,Del0.8,0.33
X-4888,TTTY20,252951.0,Del0.8,0.33
X-4888,TTTY21,252953.0,Del0.8,0.33
X-4888,TTTY21,252953.0,Del0.8,0.33
X-4888,TTTY22,252954.0,Del0.8,0.33
X-4888,TTTY23,252955.0,Del0.8,0.33
X-4888,TTTY23,252955.0,Del0.8,0.33
X-4888,TTTY3,114760.0,Del0.8,0.33
X-4888,TTTY3,114760.0,Del0.8,0.19
X-4888,TTTY4,114761.0,Del0.8,0.19
X-4888,TTTY4,114761.0,Del0.8,0.11
X-4888,TTTY5,83863.0,Del0.8,0.33
X-4888,TTTY6,84672.0,Del0.8,0.33
X-4888,TTTY6,84672.0,Del0.8,0.33
X-4888,TTTY7,246122.0,Del0.8,0.33
X-4888,TTTY7,246122.0,Del0.8,0.33
X-4888,TTTY7B,100101120.0,Del0.8,0.33
X-4888,TTTY7B,100101120.0,Del0.8,0.33
X-4888,TTTY8,84673.0,Del0.8,0.33
X-4888,TTTY8,84673.0,Del0.8,0.33
X-4888,TTTY9A,83864.0,Del0.8,0.33
X-4888,TTTY9A,83864.0,Del0.8,0.33
X-4888,TUBGCP4,27229.0,Del0.8,0.8
X-4888,TXLNG2P,246126.0,Del0.8,0.33
X-4888,UBR1,197131.0,Del0.8,0.7
X-4888,ULBP2,80328.0,MutNovel,"V83G,1.000"
X-4888,UNKL,64718.0,MutNovel,"P505Q,0.519"
X-4888,UPP2,151531.0,Del0.8,0.8
X-4888,URB1,9875.0,MutNovel,"Q1028K,0.544"
X-4888,USP9X,8239.0,Del0.8,0.78
X-4888,USP9Y,8287.0,Del0.8,0.33
X-4888,UTY,7404.0,Del0.8,0.33
X-4888,UVRAG,7405.0,MutNovel,"P16L,1.000"
X-4888,VCY,9084.0,Del0.8,0.33
X-4888,VCY,9084.0,Del0.8,0.33
X-4888,VPS11,55823.0,MutKnownFunctional,"-74?,1.000"
X-4888,VPS13D,55187.0,Del0.8,0.75
X-4888,VRK2,7444.0,Del0.8,0.79
X-4888,VSTM2L,128434.0,MutNovel,"A6S,0.720"
X-4888,VSTM2L,128434.0,MutNovel,"A16T,0.207"
X-4888,WDR5,11091.0,MutNovel,"S218C,0.508"
X-4888,WDR62,284403.0,MutKnownFunctional,"Q1102*,1.000"
X-4888,WNK2,65268.0,MutNovel,"G431R,0.353"
X-4888,XKRY2,353515.0,Del0.8,0.33
X-4888,XKRY2,353515.0,Del0.8,0.33
X-4888,ZBTB17,7709.0,MutNovel,"E242DKRR,1.000"
X-4888,ZC3H18,124245.0,MutNovel,"D107H,0.285"
X-4888,ZCCHC11,23318.0,MutNovel,"I1524V,0.286"
X-4888,ZFR,51663.0,MutNovel,"QH675H,0.496"
X-4888,ZFY,7544.0,Del0.8,0.53
X-4888,ZIC5,85416.0,MutNovel,"P231S,1.000"
X-4888,ZNF318,24149.0,MutNovel,"S1515C,0.527"
X-4888,ZNF469,84627.0,MutNovel,"P1777H,1.000"
X-4888,ZNF503,84858.0,MutNovel,"GGG24G,1.000"
X-4888,ZNF518A,9849.0,MutNovel,"Q964K,1.000"
X-4888,ZNF852,,MutNovel,"R42H,1.000"
X-4888,ZSCAN29,146050.0,Del0.8,0.8
X-4888,ZXDA,7789.0,MutNovel,"P47L,1.000"
X-4948,A1CF,29974.0,Del0.8,0.74
X-4948,AARS2,57505.0,Amp8,12.73
X-4948,ABCC10,89845.0,Amp8,12.73
X-4948,ABCC13,150000.0,Amp5,5.21
X-4948,ABLIM3,22885.0,MutNovel,"T186S,0.667"
X-4948,ACIN1,22985.0,MutNovel,"S647SVQ,1.000"
X-4948,ACR,49.0,MutNovel,"G217E,1.000"
X-4948,ACTB,60.0,Amp8,9.99
X-4948,ACTL7A,10881.0,Del0.8,0.75
X-4948,ACTL7B,10880.0,Del0.8,0.75
X-4948,ADAMTS1,9510.0,Amp5,5.78
X-4948,ADAMTS14,140766.0,Del0.8,0.71
X-4948,ADAMTS5,11096.0,Amp5,5.78
X-4948,ADO,84890.0,Del0.8,0.71
X-4948,ADRBK2,157.0,MutNovel,"I153V,1.000"
X-4948,ADTRP,,MutNovel,"R68K,0.800"
X-4948,AGAP11,119385.0,Del0.8,0.73
X-4948,AGAP4,119016.0,Amp8,8.88
X-4948,AGAP5,729092.0,Del0.8,0.76
X-4948,AGAP6,414189.0,Del0.8,0.71
X-4948,AGAP7,653268.0,Amp8,10.41
X-4948,AGAP8,728404.0,Amp8,10.41
X-4948,AIFM2,84883.0,Del0.8,0.71
X-4948,AIM1,202.0,Amp8,8.28
X-4948,AIM1L,55057.0,MutNovel,"D701G,1.000"
X-4948,AKNA,80709.0,Del0.8,0.74
X-4948,ALAD,210.0,Del0.8,0.74
X-4948,ALDH3B1,221.0,MutNovel,"C302R,0.706"
X-4948,ALDH3B1,221.0,MutNovel,"R309H,0.500"
X-4948,ALDOB,229.0,Del0.8,0.73
X-4948,ALG2,85365.0,Del0.8,0.73
X-4948,ALOX5,240.0,Amp5,6.54
X-4948,ALOXE3,59344.0,MutNovel,"A812V,1.000"
X-4948,AMBP,259.0,Del0.8,0.74
X-4948,AMELY,266.0,Del0.8,0.21
X-4948,AMY1A,276.0,Amp5,5.5
X-4948,AMY1A,276.0,Amp5,5.5
X-4948,AMY2A,279.0,Amp5,5.5
X-4948,ANAPC16,119504.0,Del0.8,0.7
X-4948,ANK3,288.0,Del0.8,0.75
X-4948,ANKRD20A9P,284232.0,Amp8,9.58
X-4948,ANKRD28,23243.0,Amp8,10.48
X-4948,ANKRD30BP2,149992.0,Amp5,5.43
X-4948,ANKRD36,375248.0,MutNovel,"T998S,0.667"
X-4948,ANKRD65,441869.0,MutNovel,"G200V,1.000"
X-4948,ANKRD65,441869.0,MutNovel,"R129H,1.000"
X-4948,ANXA11,311.0,Amp5,6.19
X-4948,ANXA7,310.0,Del0.8,0.76
X-4948,AP3B1,8546.0,MutNovel,"S527N,1.000"
X-4948,AP3M1,26985.0,Amp5,6.63
X-4948,AP3M2,10947.0,Amp5,6.02
X-4948,APOBEC2,10930.0,Amp8,11.39
X-4948,APP,351.0,Amp5,5.78
X-4948,ARHGAP21,57584.0,MutNovel,"K551R,0.733"
X-4948,ARHGAP22,58504.0,Del0.8,0.7
X-4948,ARID5B,84159.0,Del0.8,0.71
X-4948,ARPC4,10093.0,Amp8,8.94
X-4948,ARPC4-TTLL3,100526693.0,Amp8,8.94
X-4948,ART5,116969.0,MutNovel,"-25P,1.000"
X-4948,ASAH2,56624.0,Del0.8,0.71
X-4948,ASAH2B,653308.0,Del0.8,0.74
X-4948,ASCC1,51008.0,Del0.8,0.7
X-4948,ASPN,54829.0,Del0.8,0.7
X-4948,ASPRV1,151516.0,MutNovel,"E335D,0.909"
X-4948,ATG5,9474.0,Amp8,10.85
X-4948,ATG7,10533.0,Amp8,9.32
X-4948,ATN1,1822.0,MutNovel,"D755E,0.994"
X-4948,ATOH7,220202.0,Del0.8,0.78
X-4948,ATP2A1,487.0,MutNovel,"V726M,0.625"
X-4948,ATP2B2,491.0,Amp8,9.32
X-4948,ATP5J,522.0,Amp5,5.78
X-4948,ATP5O,539.0,Amp5,5.78
X-4948,ATP6V0CP3,442211.0,Amp8,11.79
X-4948,ATP6V1G1,9550.0,Del0.8,0.74
X-4948,AUH,549.0,Del0.8,0.6
X-4948,AURKA,6790.0,Amp5,7.94
X-4948,B3GALT5,10317.0,Amp5,5.62
X-4948,BAAT,570.0,Del0.8,0.73
X-4948,BACE2,25825.0,Amp5,5.62
X-4948,BACH1,571.0,Amp5,5.78
X-4948,BAG2,9532.0,Amp8,12.82
X-4948,BCAS1,8537.0,Amp5,7.06
X-4948,BCL2L1,598.0,MutNovel,"R209H,1.000"
X-4948,BCL2L2,599.0,Amp5,7.01
X-4948,BCL2L2-PABPN1,100529063.0,Amp5,7.01
X-4948,BCORP1,286554.0,Del0.8,0.18
X-4948,BEND3,57673.0,Amp8,13.55
X-4948,BEND6,221336.0,Amp8,8.17
X-4948,BICC1,80114.0,Del0.8,0.77
X-4948,BLVRA,644.0,Amp5,6.32
X-4948,BMP5,653.0,Amp8,8.17
X-4948,BMP7,655.0,Amp5,6.96
X-4948,BMPR1A,657.0,Del0.8,0.73
X-4948,BMS1P4,729096.0,Del0.8,0.76
X-4948,BMS1P5,399761.0,Amp5,5.94
X-4948,BORA,79866.0,MutNovel,"D510G,0.605"
X-4948,BPY2B,442867.0,Del0.8,0.11
X-4948,BPY2B,442867.0,Del0.8,0.06
X-4948,BRK1,55845.0,Amp8,8.94
X-4948,BRPF1,7862.0,Amp8,8.94
X-4948,BRSK1,84446.0,MutNovel,"T523M,0.375"
X-4948,BRWD1,54014.0,Amp5,5.62
X-4948,BRWD1-IT2,257357.0,Amp5,5.62
X-4948,BSPRY,54836.0,MutNovel,"R268L,0.989"
X-4948,BSPRY,54836.0,Del0.8,0.74
X-4948,BTBD7,55727.0,MutNovel,"R599C,0.314"
X-4948,BTD,686.0,Amp8,10.48
X-4948,BTG3,10950.0,Amp5,5.21
X-4948,BTNL10,,MutNovel,"V6E,1.000"
X-4948,BVES,11149.0,Amp8,10.85
X-4948,BYSL,705.0,Amp8,11.79
X-4948,C10orf10,11067.0,Amp5,6.54
X-4948,C10orf105,414152.0,Del0.8,0.7
X-4948,C10orf107,219621.0,Del0.8,0.71
X-4948,C10orf116,10974.0,Del0.8,0.73
X-4948,C10orf128,170371.0,Del0.8,0.7
X-4948,C10orf25,220979.0,Amp5,6.54
X-4948,C10orf35,219738.0,Del0.8,0.71
X-4948,C10orf40,283025.0,Del0.8,0.75
X-4948,C10orf53,282966.0,Del0.8,0.7
X-4948,C10orf54,64115.0,Del0.8,0.7
X-4948,C10orf55,414236.0,Amp5,6.63
X-4948,C10orf71,118461.0,Del0.8,0.7
X-4948,C11orf95,65998.0,MutNovel,"G177R,0.400"
X-4948,C20orf4,25980.0,Del0.8,0.73
X-4948,C20orf43,51507.0,Amp5,7.94
X-4948,C21orf119,84996.0,Amp5,5.78
X-4948,C21orf37,100505929.0,Amp5,5.21
X-4948,C21orf49,54067.0,Amp5,5.78
X-4948,C21orf54,728409.0,Amp5,5.78
X-4948,C21orf58,54058.0,MutNovel,"H299PN,0.492"
X-4948,C21orf59,56683.0,Amp5,5.78
X-4948,C21orf62,56245.0,Amp5,5.78
X-4948,C21orf7,56911.0,Amp5,5.78
X-4948,C21orf88,114041.0,Amp5,5.62
X-4948,C21orf91,54149.0,Amp5,5.21
X-4948,C21orf91-OT1,246312.0,Amp5,5.21
X-4948,C3orf19,51244.0,Amp8,16.91
X-4948,C3orf20,84077.0,Amp8,16.91
X-4948,C3orf24,115795.0,Amp8,8.94
X-4948,C5orf45,51149.0,MutKnownFunctional,"-273,0.491"
X-4948,C6orf108,10591.0,Amp8,12.91
X-4948,C6orf130,221443.0,Amp8,11.39
X-4948,C6orf132,647024.0,Amp8,11.79
X-4948,C6orf141,135398.0,Amp8,8.51
X-4948,C6orf203,51250.0,Amp8,13.55
X-4948,C6orf223,221416.0,Amp8,12.73
X-4948,C6orf226,441150.0,Amp8,11.79
X-4948,C7orf10,79783.0,Amp5,6.77
X-4948,C7orf25,79020.0,Amp5,6.32
X-4948,C8orf40,114926.0,Amp8,15.67
X-4948,C9orf43,257169.0,Del0.8,0.74
X-4948,C9orf91,203197.0,Del0.8,0.74
X-4948,CALHM2,51063.0,MutNovel,"R240W,0.727"
X-4948,CAMK1,8536.0,Amp8,8.94
X-4948,CAMK2G,818.0,Amp8,9.45
X-4948,CAND2,23066.0,Amp8,15.35
X-4948,CAPN11,11131.0,Amp8,12.73
X-4948,CAPN7,23473.0,Amp8,8.94
X-4948,CASS4,57091.0,Amp5,7.94
X-4948,CASZ1,54897.0,MutNovel,"R510C,0.303"
X-4948,CATSPERB,79820.0,MutNovel,"R322S,0.714"
X-4948,CBLN4,140689.0,Amp5,7.94
X-4948,CBR1,873.0,Amp5,5.5
X-4948,CBR3,874.0,Amp5,5.5
X-4948,CCAR1,55749.0,Del0.8,0.74
X-4948,CCDC6,8030.0,Del0.8,0.75
X-4948,CCDC66,285331.0,MutNovel,"S606SP,1.000"
X-4948,CCDC9,26093.0,MutNovel,"P511T,0.599"
X-4948,CCND3,896.0,Amp8,11.79
X-4948,CCT8,10694.0,Amp5,5.78
X-4948,CCT8L2,150160.0,Amp5,7.41
X-4948,CD226,10666.0,Del0.8,0.74
X-4948,CD2AP,23607.0,Amp5,7.62
X-4948,CDC26,246184.0,Del0.8,0.74
X-4948,CDC42EP1,11135.0,MutNovel,"PAPAANPS253P,1.000"
X-4948,CDC5L,988.0,Amp8,12.73
X-4948,CDH23,64072.0,Del0.8,0.78
X-4948,CDK1,983.0,Del0.8,0.75
X-4948,CDK12,51755.0,Amp8,16.56
X-4948,CDK13,8621.0,Amp5,7.26
X-4948,CDKN2AIP,55602.0,Del0.8,0.68
X-4948,CDY1B,253175.0,Del0.8,0.14
X-4948,CDY1B,253175.0,Del0.8,0.13
X-4948,CDY2A,9426.0,Del0.8,0.11
X-4948,CDY2A,9426.0,Del0.8,0.11
X-4948,CDY2B,203611.0,Del0.8,0.11
X-4948,CDY2B,203611.0,Del0.8,0.11
X-4948,CEND1,51286.0,Del0.8,0.74
X-4948,CENPP,401541.0,Del0.8,0.7
X-4948,CENPQ,55166.0,Amp8,8.51
X-4948,CHAF1B,8208.0,Amp5,5.39
X-4948,CHAT,1103.0,Del0.8,0.7
X-4948,CHCHD1,118487.0,Amp8,13.55
X-4948,CHCHD4,131474.0,Amp8,20.25
X-4948,CHODL,140578.0,Amp5,5.21
X-4948,CHODL-AS1,54075.0,Amp5,5.21
X-4948,CHRNA6,8973.0,Amp8,15.67
X-4948,CHRNB3,1142.0,Amp8,15.67
X-4948,CHST3,9469.0,Del0.8,0.7
X-4948,CIDEC,63924.0,Amp8,8.94
X-4948,CIDECP,152302.0,Amp8,8.94
X-4948,CISD1,55847.0,Del0.8,0.77
X-4948,CIZ1,25792.0,MutNovel,"Q388H,0.470"
X-4948,CKAP4,10970.0,MutNovel,"S84SP,0.641"
X-4948,CLCF1,23529.0,MutNovel,"A58T,0.458"
X-4948,CLDN14,23562.0,Amp5,5.39
X-4948,CLDN17,26285.0,Amp5,5.78
X-4948,CLDN22,53842.0,Del0.8,0.68
X-4948,CLDN24,100132463.0,Del0.8,0.68
X-4948,CLDN8,9073.0,Amp5,5.78
X-4948,CLIC5,53405.0,Amp5,7.62
X-4948,CLIC6,54102.0,Amp5,5.5
X-4948,CMTM5,116173.0,Amp5,7.01
X-4948,CNNM3,26505.0,MutNovel,"S77F,0.357"
X-4948,CNPY3,10695.0,Amp8,11.79
X-4948,CNTROB,116840.0,MutNovel,"R513Q,1.000"
X-4948,COL13A1,1305.0,Del0.8,0.71
X-4948,COL15A1,1306.0,Del0.8,0.73
X-4948,COL18A1,80781.0,MutNovel,"P774L,0.723"
X-4948,COL21A1,81578.0,Amp8,8.17
X-4948,COL27A1,85301.0,Del0.8,0.74
X-4948,COL6A4P1,344875.0,Amp8,8.94
X-4948,COLQ,8292.0,Amp8,10.48
X-4948,COPB2,9276.0,MutNovel,"K872-,0.500"
X-4948,COPB2,9276.0,MutNovel,"K872E,0.346"
X-4948,COX15,1355.0,MutNovel,"R217L,0.457"
X-4948,CPNE9,151835.0,Amp8,8.94
X-4948,CRELD1,78987.0,Amp8,8.94
X-4948,CRIP3,401262.0,Amp8,9.78
X-4948,CRIPAK,285464.0,MutNovel,"V100M,0.273"
X-4948,CRIPAK,285464.0,MutNovel,"M122T,0.211"
X-4948,CRIPAK,285464.0,MutNovel,"R126H,0.278"
X-4948,CRIPAK,285464.0,MutNovel,"V164A,0.857"
X-4948,CRISP1,167.0,Amp8,8.51
X-4948,CRISP2,7180.0,Amp8,8.51
X-4948,CRISP3,10321.0,Amp8,8.51
X-4948,CROCCP2,84809.0,Del0.8,0.7
X-4948,CRYZL1,9946.0,Amp5,5.78
X-4948,CSPG4,1464.0,MutNovel,"R1034W,0.500"
X-4948,CSPG4P1Y,114758.0,Del0.8,0.13
X-4948,CSPG4P1Y,114758.0,Del0.8,0.14
X-4948,CSTF1,1477.0,Amp5,7.94
X-4948,CSTF2T,23283.0,Del0.8,0.8
X-4948,CTAGE5,4253.0,MutNovel,"N306D,0.234"
X-4948,CTCFL,140690.0,Amp5,6.96
X-4948,CTDSPL,10217.0,Del0.8,0.62
X-4948,CTNNA3,29119.0,Del0.8,0.78
X-4948,CTNNAL1,8727.0,Del0.8,0.75
X-4948,CTSA,5476.0,MutNovel,"L29-,0.376"
X-4948,CUL7,9820.0,Amp8,11.79
X-4948,CUL9,23113.0,Amp8,12.91
X-4948,CXADR,1525.0,Amp5,5.21
X-4948,CYP24A1,1591.0,Amp8,9.58
X-4948,CYP39A1,51302.0,Amp5,7.62
X-4948,CYP4Z1,199974.0,MutNovel,"D420N,0.600"
X-4948,CYP4Z1,199974.0,MutNovel,"N433S,0.400"
X-4948,CYP4Z1,199974.0,MutNovel,"I437M,0.400"
X-4948,CYYR1,116159.0,Amp5,5.78
X-4948,D21S2088E,266917.0,Amp5,6.11
X-4948,DAZ1,1617.0,Del0.8,0.18
X-4948,DAZ2,57055.0,Del0.8,0.12
X-4948,DAZ3,57054.0,Del0.8,0.06
X-4948,DAZ3,57054.0,Del0.8,0.11
X-4948,DAZ4,57135.0,Del0.8,0.09
X-4948,DAZ4,57135.0,Del0.8,0.13
X-4948,DAZL,1618.0,Amp8,10.48
X-4948,DDIT4,54541.0,Del0.8,0.7
X-4948,DDX21,9188.0,Del0.8,0.71
X-4948,DDX23,9416.0,MutNovel,"S773C,1.000"
X-4948,DDX3Y,8653.0,Del0.8,0.2
X-4948,DDX50,79009.0,Del0.8,0.71
X-4948,2014-12-01 00:00:00,50514.0,Del0.8,0.74
X-4948,DEFB110,245913.0,Amp8,8.51
X-4948,DEFB112,245915.0,Amp8,8.51
X-4948,DEFB113,245927.0,Amp8,8.51
X-4948,DEFB114,245928.0,Amp8,8.51
X-4948,DEFB133,403339.0,Amp8,8.51
X-4948,DENND4C,55667.0,MutNovel,"I708V,1.000"
X-4948,DFNB31,25861.0,Del0.8,0.74
X-4948,DHTKD1,55526.0,MutNovel,"M547I,0.644"
X-4948,DIRAS2,54769.0,Del0.8,0.69
X-4948,DKK1,22943.0,Del0.8,0.8
X-4948,DKK4,27121.0,Amp8,15.67
X-4948,DLK2,65989.0,Amp8,12.73
X-4948,DNA2,1763.0,Del0.8,0.74
X-4948,DNAJB12,54788.0,Del0.8,0.7
X-4948,DNAJC12,56521.0,Del0.8,0.78
X-4948,DNAJC28,54943.0,Amp5,5.78
X-4948,DNAJC9,23234.0,Del0.8,0.76
X-4948,DOK5,55816.0,Amp8,9.58
X-4948,DONSON,29980.0,Amp5,5.78
X-4948,DPH3,285381.0,Amp8,10.48
X-4948,DRGX,644168.0,Del0.8,0.7
X-4948,DSCAM,1826.0,Amp5,5.62
X-4948,DSCAM-AS1,100506492.0,Amp5,5.62
X-4948,DSCR10,259234.0,Amp5,5.39
X-4948,DSCR3,10311.0,Amp5,5.39
X-4948,DSCR4,10281.0,Amp5,5.39
X-4948,DSCR6,53820.0,Amp5,5.39
X-4948,DSCR8,84677.0,Amp5,5.39
X-4948,DSCR9,257203.0,Amp5,5.39
X-4948,DSEL,92126.0,MutNovel,"M1050V,1.000"
X-4948,DSP,1832.0,MutNovel,"Q1321E,0.485"
X-4948,DST,667.0,Amp8,8.17
X-4948,DUT,1854.0,MutNovel,"A70D,0.479"
X-4948,DYDC1,143241.0,Amp5,5.66
X-4948,DYDC2,84332.0,Amp5,5.66
X-4948,DYNLRB2,83657.0,MutKnownFunctional,"S73*,0.625"
X-4948,DYRK1A,1859.0,Amp5,5.39
X-4948,EAF1,85403.0,Amp8,10.48
X-4948,ECD,11319.0,Del0.8,0.76
X-4948,ECM2,1842.0,Del0.8,0.7
X-4948,EFHC1,114327.0,Amp5,7.01
X-4948,EFS,10278.0,Amp5,7.01
X-4948,EGR2,1959.0,Del0.8,0.71
X-4948,EHMT1,79813.0,MutNovel,"A536T,0.535"
X-4948,EIF1AY,9086.0,Del0.8,0.18
X-4948,EIF4EBP2,1979.0,Del0.8,0.71
X-4948,EIF5AL1,143244.0,Amp5,6.19
X-4948,ELOVL5,60481.0,Amp5,7.78
X-4948,EME2,197342.0,MutNovel,"A327T,0.480"
X-4948,ENPP4,22875.0,Amp5,7.62
X-4948,ENPP5,59084.0,Amp5,7.62
X-4948,ENPP6,133121.0,Del0.8,0.68
X-4948,EP300,2033.0,MutNovel,"M693T,0.565"
X-4948,EPB41L4B,54566.0,Del0.8,0.75
X-4948,EPHA10,284656.0,MutNovel,"R708W,1.000"
X-4948,EPM2A,7957.0,MutNovel,"A46P,0.421"
X-4948,ERBB2,2064.0,Amp8,13.36
X-4948,ERCC6,2074.0,Del0.8,0.7
X-4948,ERG,2078.0,Amp5,5.39
X-4948,ERP44,23071.0,Del0.8,0.73
X-4948,ESPNP,284729.0,Del0.8,0.79
X-4948,ETS2,2114.0,Amp5,5.39
X-4948,EXT1,2131.0,MutNovel,"P64S,0.468"
X-4948,FAH,2184.0,MutNovel,"G387R,0.453"
X-4948,FAM131C,348487.0,MutKnownFunctional,"R107*,1.000"
X-4948,FAM13C,220965.0,Del0.8,0.77
X-4948,FAM149B1,317662.0,Del0.8,0.76
X-4948,FAM157A,728262.0,Del0.8,0.68
X-4948,FAM165B,54065.0,Amp5,5.5
X-4948,FAM170B,170370.0,Del0.8,0.7
X-4948,FAM178A,55719.0,MutNovel,"L216P,0.409"
X-4948,FAM183B,340286.0,Amp5,7.11
X-4948,FAM197Y2P,252946.0,Del0.8,0.18
X-4948,FAM206A,54942.0,Del0.8,0.75
X-4948,FAM209A,200232.0,Amp5,7.94
X-4948,FAM209B,388799.0,Amp5,7.94
X-4948,FAM210A,125228.0,Del0.8,0.72
X-4948,FAM210B,116151.0,Amp5,7.94
X-4948,FAM213A,80195.0,Amp5,5.66
X-4948,FAM21A,387680.0,Del0.8,0.71
X-4948,FAM21C,253725.0,Amp8,8.88
X-4948,FAM25A,643161.0,Del0.8,0.73
X-4948,FAM3B,54097.0,Amp5,5.62
X-4948,FAM41AY1,340618.0,Del0.8,0.11
X-4948,FAM41AY1,340618.0,Del0.8,0.11
X-4948,FAM83B,222584.0,Amp8,8.17
X-4948,FAM83D,81610.0,MutNovel,"T486A,0.428"
X-4948,FANCC,2176.0,Del0.8,0.75
X-4948,FANCD2,2177.0,Amp8,8.94
X-4948,FASTKD3,79072.0,MutNovel,"II239I,0.439"
X-4948,FBLN2,2199.0,Amp8,15.35
X-4948,FBXL18,80028.0,Amp8,9.99
X-4948,FBXO9,26268.0,Amp5,7.78
X-4948,FEN1,2237.0,MutNovel,"M148V,0.652"
X-4948,FGD5,152273.0,Amp8,16.91
X-4948,FKBP15,23307.0,Del0.8,0.74
X-4948,FN1,2335.0,MutNovel,"P1380A,0.667"
X-4948,FOXK1,221937.0,Amp8,10.34
X-4948,FOXP4,116113.0,Amp8,11.39
X-4948,FRMPD2,143162.0,Del0.8,0.7
X-4948,FRS3,10817.0,Amp8,11.39
X-4948,FSCN1,6624.0,Amp8,9.99
X-4948,FTSJD2,23070.0,MutNovel,"L408V,0.663"
X-4948,FUT11,170384.0,Amp8,13.55
X-4948,FXR2,9513.0,MutNovel,"S509P,1.000"
X-4948,GABPA,2551.0,Amp5,5.78
X-4948,GADD45G,10912.0,Del0.8,0.69
X-4948,GALNT12,79695.0,Del0.8,0.74
X-4948,GALNTL2,117248.0,Amp8,10.48
X-4948,GART,2618.0,Amp5,5.78
X-4948,GCDH,2639.0,MutNovel,"D318N,0.498"
X-4948,GCFC1,94104.0,Amp5,5.78
X-4948,GCFC1-AS1,100506215.0,Amp5,5.78
X-4948,GCLC,2729.0,Amp5,7.78
X-4948,GCM1,8521.0,Amp5,7.78
X-4948,GCNT7,140687.0,Amp5,7.94
X-4948,GDF10,2662.0,Amp8,8.57
X-4948,GDF2,2658.0,Amp8,8.57
X-4948,GFRAL,389400.0,Amp8,8.17
X-4948,GGTLC2,91227.0,MutNovel,"A52T,1.000"
X-4948,GHRL,51738.0,Amp8,9.32
X-4948,GHRLOS,100126793.0,Amp8,9.32
X-4948,GHRLOS2,84657.0,Amp8,9.32
X-4948,GIGYF2,26058.0,MutNovel,"PQ1231P,1.000"
X-4948,GLI3,2737.0,Amp5,6.32
X-4948,GLYATL3,389396.0,Amp8,8.51
X-4948,GNL3L,54552.0,MutNovel,"LK59L,1.000"
X-4948,GNMT,27232.0,Amp8,11.79
X-4948,GOLGA2,2801.0,MutNovel,"W514C,0.554"
X-4948,GOLGA2P2Y,84559.0,Del0.8,0.14
X-4948,GOLGA2P2Y,84559.0,Del0.8,0.13
X-4948,GOLGA8B,440270.0,MutNovel,"P469G,0.360"
X-4948,GPR110,266977.0,Amp5,7.62
X-4948,GPR111,222611.0,Amp5,7.62
X-4948,GPR115,221393.0,Amp5,7.62
X-4948,GPR116,221395.0,Amp5,7.62
X-4948,GPRIN2,9721.0,MutNovel,"-238MRE,0.500"
X-4948,GRB7,2886.0,Amp8,12.04
X-4948,GRID1,2894.0,Del0.8,0.73
X-4948,GRIK1,2897.0,Amp5,5.78
X-4948,GRIK1-AS1,642976.0,Amp5,5.78
X-4948,GRIK1-AS2,100379661.0,Amp5,5.78
X-4948,GRIN3A,116443.0,Del0.8,0.73
X-4948,GRIP2,80852.0,Amp8,16.91
X-4948,GSDMA,284110.0,Amp5,5.31
X-4948,GSDMB,55876.0,Amp8,20.82
X-4948,GSTA1,2938.0,Amp5,6.15
X-4948,GSTA2,2939.0,Amp5,7.01
X-4948,GSTA3,2940.0,Amp5,7.78
X-4948,GSTA4,2941.0,Amp5,7.78
X-4948,GSTA5,221357.0,Amp5,7.78
X-4948,GSTA7P,730152.0,Amp5,7.01
X-4948,GSTM1,2944.0,Del0.8,0.55
X-4948,GTF2IRD2,84163.0,MutNovel,"L500S,1.000"
X-4948,GTPBP2,54676.0,Amp8,12.73
X-4948,GUCA1A,2978.0,Amp8,11.79
X-4948,GUCA1B,2979.0,Amp8,11.79
X-4948,GYG2P1,352887.0,Del0.8,0.2
X-4948,H1FNT,341567.0,Del0.8,0.7
X-4948,H2AFY2,55506.0,Del0.8,0.71
X-4948,HACE1,57531.0,Amp5,5.54
X-4948,HACL1,26061.0,Amp8,10.48
X-4948,HCRTR2,3062.0,Amp8,8.17
X-4948,HDAC11,79885.0,Amp8,15.35
X-4948,HDHD3,81932.0,Del0.8,0.74
X-4948,HECW1,23072.0,Amp5,6.32
X-4948,HERC4,26091.0,Del0.8,0.78
X-4948,HK1,3098.0,Del0.8,0.71
X-4948,HKDC1,80201.0,Del0.8,0.71
X-4948,HLA-B,3106.0,MutNovel,"I218V,0.340"
X-4948,HLCS,3141.0,Amp5,5.39
X-4948,HMGCLL1,54511.0,Amp8,8.17
X-4948,HMGN1,3150.0,Amp5,5.62
X-4948,HNRNPH3,3189.0,Del0.8,0.78
X-4948,HOMEZ,57594.0,Amp5,7.01
X-4948,HRH1,3269.0,Amp8,9.32
X-4948,HSD17B1,3292.0,MutNovel,"V85M,1.000"
X-4948,HSFY2,159119.0,Del0.8,0.11
X-4948,HSFY2,159119.0,Del0.8,0.11
X-4948,HSP90AB1,3326.0,Amp8,12.73
X-4948,HSPA13,6782.0,Amp5,5.21
X-4948,HUNK,30811.0,Amp5,5.78
X-4948,ICK,22858.0,Amp5,7.78
X-4948,IFNAR1,3454.0,Amp5,5.78
X-4948,IFNAR2,3455.0,Amp5,5.78
X-4948,IFNGR2,3460.0,Amp5,5.78
X-4948,IFT172,26160.0,MutNovel,"T231S,0.464"
X-4948,IGHMBP2,3508.0,MutNovel,"H759R,0.293"
X-4948,IGSF5,150084.0,Amp5,5.62
X-4948,IKBKAP,8518.0,Del0.8,0.75
X-4948,IKBKB,3551.0,Amp5,6.02
X-4948,IKZF3,22806.0,Amp8,18.9
X-4948,IL10RB,3588.0,Amp5,5.78
X-4948,IL17A,3605.0,Amp5,7.01
X-4948,IL17F,112744.0,Amp5,7.01
X-4948,IL17RC,84818.0,Amp8,8.94
X-4948,IL17RE,132014.0,Amp8,8.94
X-4948,IL25,64806.0,Amp5,7.01
X-4948,ING2,3622.0,Del0.8,0.68
X-4948,INHBA,3624.0,Amp5,6.32
X-4948,INPP1,3628.0,MutNovel,"E140G,0.545"
X-4948,INTS7,25896.0,MutNovel,"P922A,0.526"
X-4948,INVS,27130.0,Del0.8,0.73
X-4948,IPMK,253430.0,Del0.8,0.77
X-4948,IPPK,64768.0,Del0.8,0.7
X-4948,IQSEC1,9922.0,Amp8,15.35
X-4948,IRAK2,3656.0,Amp5,7.36
X-4948,IRF2BP1,26145.0,MutNovel,"R582Q,0.396"
X-4948,ITSN1,6453.0,Amp5,5.78
X-4948,IWS1,55677.0,MutNovel,"D119N,0.376"
X-4948,JAGN1,84522.0,Amp8,8.94
X-4948,JAM2,58494.0,Amp5,5.78
X-4948,JMJD1C,221037.0,Del0.8,0.71
X-4948,KAT6A,7994.0,Amp5,6.02
X-4948,KCNE1,3753.0,Amp5,5.5
X-4948,KCNE2,9992.0,Amp5,5.5
X-4948,KCNJ15,3772.0,Amp5,5.39
X-4948,KCNJ6,3763.0,Amp5,5.39
X-4948,KCNN4,3783.0,MutNovel,"K327R,0.833"
X-4948,KDM5D,8284.0,Del0.8,0.18
X-4948,KIAA0240,23506.0,Amp8,11.79
X-4948,KIAA0913,23053.0,Amp8,13.55
X-4948,KIAA1279,26128.0,Del0.8,0.71
X-4948,KIAA1407,57577.0,MutNovel,"Y143S,1.000"
X-4948,KIAA1586,57691.0,Amp8,8.17
X-4948,KIF12,113220.0,Del0.8,0.74
X-4948,KLC4,89953.0,Amp8,10.27
X-4948,KLF4,9314.0,Del0.8,0.75
X-4948,KLHDC3,116138.0,Amp8,11.79
X-4948,KLHL31,401265.0,Amp5,7.78
X-4948,KMO,8564.0,MutNovel,"K333N,0.786"
X-4948,KRT6A,3853.0,MutNovel,"E165A,0.966"
X-4948,KRT83,3889.0,MutNovel,"V280I,0.400"
X-4948,KRT85,3891.0,MutNovel,"I353V,0.667"
X-4948,KRTAP11-1,337880.0,Amp5,5.78
X-4948,KRTAP13-1,140258.0,Amp5,5.78
X-4948,KRTAP13-2,337959.0,Amp5,5.78
X-4948,KRTAP13-3,337960.0,Amp5,5.78
X-4948,KRTAP13-4,284827.0,Amp5,5.78
X-4948,KRTAP15-1,254950.0,Amp5,5.78
X-4948,KRTAP19-1,337882.0,Amp5,5.78
X-4948,KRTAP19-2,337969.0,Amp5,5.78
X-4948,KRTAP19-3,337970.0,Amp5,5.78
X-4948,KRTAP19-4,337971.0,Amp5,5.78
X-4948,KRTAP19-5,337972.0,Amp5,5.78
X-4948,KRTAP19-6,337973.0,Amp5,5.78
X-4948,KRTAP19-7,337974.0,Amp5,5.78
X-4948,KRTAP19-8,728299.0,Amp5,5.78
X-4948,KRTAP20-1,337975.0,Amp5,5.78
X-4948,KRTAP20-2,337976.0,Amp5,5.78
X-4948,KRTAP20-3,337985.0,Amp5,5.78
X-4948,KRTAP20-4,100151643.0,Amp5,5.78
X-4948,KRTAP21-1,337977.0,Amp5,5.78
X-4948,KRTAP21-2,337978.0,Amp5,5.78
X-4948,KRTAP21-3,100288323.0,Amp5,5.78
X-4948,KRTAP22-1,337979.0,Amp5,5.78
X-4948,KRTAP22-2,100288287.0,Amp5,5.78
X-4948,KRTAP23-1,337963.0,Amp5,5.78
X-4948,KRTAP24-1,643803.0,Amp5,5.78
X-4948,KRTAP25-1,100131902.0,Amp5,5.78
X-4948,KRTAP26-1,388818.0,Amp5,5.78
X-4948,KRTAP27-1,643812.0,Amp5,5.78
X-4948,KRTAP6-1,337966.0,Amp5,5.78
X-4948,KRTAP6-2,337967.0,Amp5,5.78
X-4948,KRTAP6-3,337968.0,Amp5,5.78
X-4948,KRTAP7-1,337878.0,Amp5,5.78
X-4948,KRTAP8-1,337879.0,Amp5,5.78
X-4948,LCA5L,150082.0,Amp5,5.62
X-4948,LDB3,11155.0,Del0.8,0.73
X-4948,LHFPL4,375323.0,Amp8,8.94
X-4948,LHX1,3975.0,Amp5,7.01
X-4948,LIN28B,389421.0,Amp8,13.09
X-4948,LINC00092,100188953.0,Del0.8,0.74
X-4948,LINC00113,54088.0,Amp5,5.78
X-4948,LINC00114,400866.0,Amp5,5.39
X-4948,LINC00158,54072.0,Amp5,6.11
X-4948,LINC00159,100551499.0,Amp5,5.78
X-4948,LINC00160,54064.0,Amp5,5.5
X-4948,LINC00161,118421.0,Amp5,5.78
X-4948,LINC00189,193629.0,Amp5,5.78
X-4948,LINC00265,349114.0,Amp5,7.26
X-4948,LINC00307,266919.0,Amp5,5.78
X-4948,LINC00308,54143.0,Amp5,5.31
X-4948,LINC00310,114036.0,Amp5,5.5
X-4948,LINC00314,246705.0,Amp5,5.78
X-4948,LINC00317,378828.0,Amp5,5.31
X-4948,LINC00320,387486.0,Amp5,5.21
X-4948,LINC00323,284835.0,Amp5,5.62
X-4948,LINC00442,348021.0,Amp5,6.11
X-4948,LINC00475,158314.0,Del0.8,0.73
X-4948,LINC00476,100128782.0,Del0.8,0.74
X-4948,LINC00478,388815.0,Amp5,5.21
X-4948,LINC00515,282566.0,Amp5,5.78
X-4948,LIPI,149998.0,Amp5,5.21
X-4948,LMNB2,84823.0,MutNovel,"R350Q,1.000"
X-4948,LOC100128076,100128076.0,Del0.8,0.73
X-4948,LOC100128361,100128361.0,Del0.8,0.7
X-4948,LOC100129316,100129316.0,Del0.8,0.69
X-4948,LOC100129480,100129480.0,Amp8,11.39
X-4948,LOC100132354,100132354.0,Amp8,12.73
X-4948,LOC100132526,100132526.0,Amp8,15.35
X-4948,LOC100133286,100133286.0,Amp5,5.5
X-4948,LOC100133308,100133308.0,Amp5,6.54
X-4948,LOC100287718,100287718.0,Amp5,7.62
X-4948,LOC100288122,100288122.0,Del0.8,0.72
X-4948,LOC100288432,100288432.0,Amp5,5.78
X-4948,LOC100288974,100288974.0,Amp5,6.19
X-4948,LOC100422737,100422737.0,Amp8,9.38
X-4948,LOC100505478,100505478.0,Del0.8,0.74
X-4948,LOC100506334,100506334.0,Amp5,5.78
X-4948,LOC100506385,100506385.0,Amp5,5.5
X-4948,LOC100506733,100506733.0,Del0.8,0.7
X-4948,LOC100506895,100506895.0,Amp5,6.32
X-4948,LOC100506939,100506939.0,Del0.8,0.8
X-4948,LOC100507346,100507346.0,Del0.8,0.75
X-4948,LOC100507607,,MutNovel,"V538A,1.000"
X-4948,LOC100996433,,MutNovel,"Q143L,1.000"
X-4948,LOC100996433,,MutNovel,"R169G,1.000"
X-4948,LOC100996473,,MutNovel,"F175L,0.750"
X-4948,LOC100996543,,MutNovel,"N52S,0.375"
X-4948,LOC158435,158435.0,Del0.8,0.74
X-4948,LOC219347,219347.0,Amp5,6.19
X-4948,LOC283050,283050.0,Amp5,6.19
X-4948,LOC286370,286370.0,Del0.8,0.69
X-4948,LOC338579,338579.0,Amp5,6.54
X-4948,LOC340515,340515.0,Del0.8,0.69
X-4948,LOC389247,389247.0,Del0.8,0.68
X-4948,LOC401052,401052.0,Amp8,8.94
X-4948,LOC439990,439990.0,Amp5,6.19
X-4948,LOC440563,440563.0,MutNovel,"R147H,1.000"
X-4948,LOC440563,440563.0,MutNovel,"H145R,1.000"
X-4948,LOC440563,440563.0,MutNovel,"F126Y,1.000"
X-4948,LOC440944,440944.0,Amp8,8.94
X-4948,LOC441461,441461.0,Del0.8,0.73
X-4948,LOC642131,,MutNovel,"R110T,1.000"
X-4948,LOC646862,646862.0,MutNovel,"D82N,0.750"
X-4948,LOC646999,646999.0,Amp5,7.26
X-4948,LOC650623,650623.0,Amp5,6.19
X-4948,LOC728175,728175.0,Del0.8,0.68
X-4948,LOC728407,728407.0,Amp8,10.41
X-4948,LOC728888,,MutNovel,"G1064P,0.750"
X-4948,LOC728978,728978.0,Del0.8,0.71
X-4948,LOC730101,730101.0,Amp5,7.01
X-4948,LOC84989,84989.0,Del0.8,0.71
X-4948,LPPR1,54886.0,Del0.8,0.73
X-4948,LRIG1,26018.0,MutNovel,"R731C,1.000"
X-4948,LRRC1,55227.0,Amp5,7.78
X-4948,LRRC14,9684.0,MutNovel,"T93N,0.574"
X-4948,LRRC16A,55604.0,MutNovel,"S1206L,0.730"
X-4948,LRRC18,474354.0,Del0.8,0.7
X-4948,LRRC20,55222.0,Del0.8,0.71
X-4948,LRRC3C,100505591.0,Amp8,20.82
X-4948,LRRC73,221424.0,Amp8,12.73
X-4948,LRRTM3,347731.0,Del0.8,0.78
X-4948,LSM14A,26065.0,MutNovel,"R435Q,0.452"
X-4948,LSM3,27258.0,Amp8,18.9
X-4948,LSR,51599.0,MutNovel,"G518R,0.379"
X-4948,LSR,51599.0,MutNovel,"G518GR,1.000"
X-4948,LTN1,26046.0,Amp5,5.78
X-4948,M1,100507027.0,Del0.8,0.75
X-4948,MAD2L1BP,9587.0,Amp8,12.73
X-4948,MAP3K11,4296.0,MutNovel,"P32L,0.584"
X-4948,MAPK8,5599.0,Del0.8,0.7
X-4948,2014-03-08 00:00:00,220972.0,Amp5,7.36
X-4948,MAT1A,4143.0,Amp5,5.66
X-4948,MAX,4149.0,MutNovel,"A112T,0.565"
X-4948,MBL1P,8512.0,Amp5,6.19
X-4948,MBL2,4153.0,Del0.8,0.8
X-4948,MC2R,4158.0,Del0.8,0.72
X-4948,MC3R,4159.0,Amp5,7.94
X-4948,MC5R,4161.0,Del0.8,0.72
X-4948,MCM3,4172.0,Amp5,7.01
X-4948,MCU,90550.0,Del0.8,0.7
X-4948,MDFI,4188.0,Amp8,11.39
X-4948,MEA1,4201.0,Amp8,11.79
X-4948,MED19,219541.0,MutNovel,"A49S,0.685"
X-4948,MED20,9477.0,Amp8,11.79
X-4948,MEP1A,4224.0,Amp5,7.62
X-4948,MESDC1,59274.0,MutNovel,"A310V,0.647"
X-4948,METTL6,131965.0,Amp8,10.48
X-4948,MICU1,10367.0,Del0.8,0.7
X-4948,MIEN1,84299.0,Amp8,12.04
X-4948,MINPP1,9562.0,Del0.8,0.73
X-4948,MIR1256,100302155.0,Del0.8,0.7
X-4948,MIR125B2,406912.0,Amp5,5.21
X-4948,MIR1296,100302150.0,Del0.8,0.71
X-4948,MIR133B,442890.0,Amp5,7.01
X-4948,MIR155,406947.0,Amp5,5.78
X-4948,MIR155HG,114614.0,Amp5,5.78
X-4948,MIR206,406989.0,Amp5,7.01
X-4948,MIR208A,406990.0,Amp5,7.01
X-4948,MIR208B,100126336.0,Amp5,7.01
X-4948,MIR23B,407011.0,Del0.8,0.75
X-4948,MIR3074,100422842.0,Del0.8,0.75
X-4948,MIR3156-1,100422988.0,Amp5,6.54
X-4948,MIR3197,100423023.0,Amp5,5.62
X-4948,MIR32,407036.0,Del0.8,0.75
X-4948,MIR346,442911.0,Del0.8,0.73
X-4948,MIR3714,100500913.0,Amp8,10.48
X-4948,MIR3910-1,100500821.0,Del0.8,0.73
X-4948,MIR3910-2,100500902.0,Del0.8,0.73
X-4948,MIR3924,100500834.0,Del0.8,0.78
X-4948,MIR3943,100500829.0,Amp5,6.32
X-4948,MIR4270,100422868.0,Amp8,10.48
X-4948,MIR4290,100422963.0,Del0.8,0.69
X-4948,MIR4294,100422895.0,Del0.8,0.7
X-4948,MIR4325,100422883.0,Amp5,6.96
X-4948,MIR4327,100422891.0,Amp5,5.78
X-4948,MIR4469,100616115.0,Amp8,15.67
X-4948,MIR4526,100616130.0,Del0.8,0.72
X-4948,MIR455,619556.0,Del0.8,0.74
X-4948,MIR4641,100616178.0,Amp8,11.39
X-4948,MIR4642,100616352.0,Amp8,12.73
X-4948,MIR4647,100616124.0,Amp8,12.73
X-4948,MIR4656,100616465.0,Amp8,10.34
X-4948,MIR4670,100616351.0,Del0.8,0.7
X-4948,MIR4676,100616286.0,Del0.8,0.7
X-4948,MIR4678,100616296.0,Del0.8,0.73
X-4948,MIR4728,100616132.0,Amp8,12.04
X-4948,MIR4759,100616243.0,Amp5,5.78
X-4948,MIR4760,100616148.0,Amp5,5.62
X-4948,MIR5095,100616458.0,Amp5,6.96
X-4948,MIR548Q,100313841.0,Del0.8,0.75
X-4948,MIR563,693148.0,Amp8,10.48
X-4948,MIR586,693171.0,Amp8,11.96
X-4948,MIR589,693174.0,Amp8,9.99
X-4948,MIR605,693190.0,Del0.8,0.74
X-4948,MIR802,768219.0,Amp5,5.5
X-4948,MIR885,100126334.0,Amp8,9.32
X-4948,MIR99A,407055.0,Amp5,5.21
X-4948,MIRLET7C,406885.0,Amp5,5.21
X-4948,MIS18A,54069.0,Amp5,5.78
X-4948,MIS18BP1,55320.0,MutNovel,"D715N,0.643"
X-4948,MKRN2,23609.0,Amp8,11.39
X-4948,MMRN2,79812.0,Del0.8,0.73
X-4948,MORC3,23515.0,Amp5,5.39
X-4948,MPRIP,23164.0,MutNovel,"TS178T,1.000"
X-4948,MRAP,56246.0,Amp5,5.78
X-4948,MRPL14,64928.0,Amp8,12.73
X-4948,MRPL2,51069.0,Amp8,11.79
X-4948,MRPL32,64983.0,Amp5,6.32
X-4948,MRPL39,54148.0,Amp5,5.78
X-4948,MRPL50,54534.0,Del0.8,0.73
X-4948,MRPS10,55173.0,Amp8,11.79
X-4948,MRPS16,51021.0,Del0.8,0.76
X-4948,MRPS18A,55168.0,Amp8,12.73
X-4948,MRPS24,64951.0,Amp5,6.32
X-4948,MRPS25,64432.0,Amp8,8.94
X-4948,MSMB,4477.0,Amp8,10.41
X-4948,MST1P2,11209.0,Del0.8,0.7
X-4948,MST1P9,11223.0,Del0.8,0.42
X-4948,MTERF,7978.0,MutNovel,"G222S,0.595"
X-4948,MTMR14,64419.0,Amp8,8.94
X-4948,MTRNR2L2,100462981.0,MutNovel,"S12L,1.000"
X-4948,MTRNR2L3,100462983.0,Amp5,6.96
X-4948,MUC19,,MutNovel,"SK8078RE,1.000"
X-4948,MUC5B,727897.0,MutNovel,"P2795L,0.429"
X-4948,MUC6,4588.0,MutNovel,"L1673R,0.452"
X-4948,MURC,347273.0,Del0.8,0.73
X-4948,MUT,4594.0,Amp8,8.51
X-4948,MX1,4599.0,Amp5,5.62
X-4948,MX2,4600.0,Amp5,5.62
X-4948,MXD3,83463.0,MutKnownFunctional,"-101,0.489"
X-4948,MXRA5,25878.0,MutNovel,"A2622V,0.978"
X-4948,MYCN,4613.0,MutNovel,"A226V,0.714"
X-4948,MYH14,79784.0,MutNovel,"A216T,0.526"
X-4948,MYH6,4624.0,Amp5,7.01
X-4948,MYH7,4625.0,Amp5,7.01
X-4948,MYOZ1,58529.0,Del0.8,0.76
X-4948,MYPN,84665.0,Del0.8,0.78
X-4948,N6AMT1,29104.0,Amp5,5.78
X-4948,NACA2,342538.0,MutNovel,"V181D,1.000"
X-4948,NBPF1,55672.0,MutNovel,"D679E,0.263"
X-4948,NBPF1,55672.0,Del0.8,0.7
X-4948,NCAM2,4685.0,Amp5,5.21
X-4948,NCOA4,8031.0,Amp5,7.46
X-4948,NCOR2,9612.0,MutNovel,"G1839GAAA,1.000"
X-4948,NCR2,9436.0,Amp8,11.39
X-4948,NCRNA00185,55410.0,Del0.8,0.18
X-4948,NDST2,8509.0,Amp8,13.55
X-4948,NEO1,4756.0,MutNovel,"T1322P,0.624"
X-4948,NEUROD2,4761.0,Amp8,16.56
X-4948,NEUROG3,50674.0,Del0.8,0.71
X-4948,NFIL3,4783.0,Del0.8,0.73
X-4948,NFKBIE,4794.0,Amp8,12.73
X-4948,NFYA,4800.0,Amp8,11.39
X-4948,NGDN,25983.0,Amp5,7.01
X-4948,NLGN4Y,22829.0,Del0.8,0.2
X-4948,NODAL,4838.0,Del0.8,0.71
X-4948,NOL8,55035.0,Del0.8,0.7
X-4948,NOTCH3,4854.0,MutNovel,"R883Q,0.534"
X-4948,NPFFR1,64106.0,Del0.8,0.71
X-4948,NR1H2,7376.0,MutNovel,"-173Q,0.985"
X-4948,NR2C2,7182.0,Amp8,12.3
X-4948,NR4A3,8013.0,Del0.8,0.73
X-4948,NRBF2,29982.0,Del0.8,0.71
X-4948,NRD1,4898.0,MutNovel,"V1155L,1.000"
X-4948,NRIP1,8204.0,Amp5,5.21
X-4948,NUDT13,25961.0,Del0.8,0.76
X-4948,NUP210,23225.0,Amp8,15.35
X-4948,OBSCN,84033.0,MutNovel,"S6868N,0.333"
X-4948,OGDHL,55753.0,Del0.8,0.7
X-4948,OGG1,4968.0,Amp8,8.94
X-4948,OGN,4969.0,Del0.8,0.7
X-4948,OIT3,170392.0,Del0.8,0.7
X-4948,OLIG1,116448.0,Amp5,5.78
X-4948,OLIG2,10215.0,Amp5,5.78
X-4948,OMD,4958.0,Del0.8,0.7
X-4948,OPN4,94233.0,Del0.8,0.73
X-4948,OPN5,221391.0,Amp5,7.62
X-4948,OR13A1,79290.0,Amp5,6.54
X-4948,ORAI1,84876.0,MutNovel,"PP43-,1.000"
X-4948,ORM1,5004.0,Del0.8,0.74
X-4948,ORM2,5005.0,Del0.8,0.74
X-4948,ORMDL3,94103.0,Amp8,20.82
X-4948,OXNAD1,92106.0,Amp8,10.48
X-4948,P4HA1,5033.0,Del0.8,0.76
X-4948,PABPC3,5042.0,MutNovel,"Y377H,0.400"
X-4948,PABPN1,8106.0,Amp5,7.01
X-4948,PAPOLB,56903.0,Amp8,10.34
X-4948,PAPSS2,9060.0,Del0.8,0.73
X-4948,PAQR8,85315.0,Amp5,7.01
X-4948,PARG,8505.0,MutNovel,"A584T,0.516"
X-4948,PBLD,64081.0,Del0.8,0.78
X-4948,PCBD1,5092.0,Del0.8,0.71
X-4948,PCDH11Y,83259.0,Del0.8,0.3
X-4948,PCDH15,65217.0,Del0.8,0.8
X-4948,PCDHGB5,56101.0,MutNovel,"P427L,1.000"
X-4948,PCK1,5105.0,Amp5,6.96
X-4948,PCP4,5121.0,Amp5,5.62
X-4948,PDDC1,347862.0,Del0.8,0.74
X-4948,PDE8A,5151.0,MutNovel,"R822W,0.534"
X-4948,PDGFB,5155.0,MutNovel,"T233M,0.587"
X-4948,PDSS2,57107.0,Amp8,11.08
X-4948,PEX6,5190.0,Amp8,11.79
X-4948,PFDN4,5203.0,Amp8,9.58
X-4948,PGAP3,93210.0,Amp8,16.56
X-4948,PGBD3,267004.0,Del0.8,0.7
X-4948,PGC,5225.0,Amp8,11.39
X-4948,PGK2,5232.0,Amp8,8.51
X-4948,PHLDA1,22822.0,MutNovel,"QQ194Q,1.000"
X-4948,PHYHIPL,84457.0,Del0.8,0.77
X-4948,PIDD,55367.0,Del0.8,0.74
X-4948,PIGP,51227.0,Amp5,5.39
X-4948,PIK3CA,5290.0,MutKnownFunctional,"E545A,1.000"
X-4948,PKHD1,5314.0,Amp5,7.73
X-4948,PLA2G12B,84647.0,Del0.8,0.7
X-4948,PLA2G7,7941.0,Amp5,7.62
X-4948,PLAC4,191585.0,Amp5,5.62
X-4948,PLAC9,219348.0,Amp5,6.19
X-4948,PLAT,5327.0,Amp5,6.02
X-4948,PLAU,5328.0,Amp5,6.63
X-4948,PLCH2,9651.0,MutNovel,"A1020V,0.933"
X-4948,PLCL2,23228.0,Amp8,10.48
X-4948,PLEC,5339.0,MutNovel,"I214M,0.616"
X-4948,PLXND1,23129.0,MutNovel,"F372L,1.000"
X-4948,PMS2,5395.0,MutNovel,"S7W,0.361"
X-4948,PNMT,5409.0,Amp8,16.56
X-4948,PNPLA2,57104.0,MutNovel,"I212T,0.249"
X-4948,POLB,5423.0,Amp8,9.71
X-4948,POLE3,54107.0,Del0.8,0.74
X-4948,POLH,5429.0,Amp8,12.73
X-4948,POLR1C,9533.0,Amp8,12.73
X-4948,POLR3F,10621.0,MutNovel,"V8M,0.400"
X-4948,POPDC3,64208.0,Amp8,10.85
X-4948,POTEI,,MutNovel,"I803R,1.000"
X-4948,POU6F2,11281.0,Amp5,5.82
X-4948,PPA1,5464.0,Del0.8,0.71
X-4948,PPARG,5468.0,Amp8,11.39
X-4948,PPARGC1B,133522.0,MutNovel,"A397T,0.450"
X-4948,PPIF,10105.0,Amp5,6.19
X-4948,PPP1R1B,84152.0,Amp8,16.56
X-4948,PPP1R37,284352.0,MutNovel,"L366F,0.562"
X-4948,PPP1R3D,5509.0,MutNovel,"S28L,0.538"
X-4948,PPP1R3E,90673.0,Amp5,7.01
X-4948,PPP2R5D,5528.0,Amp8,11.79
X-4948,PPP3CB,5532.0,Del0.8,0.76
X-4948,PPP3R2,5535.0,Del0.8,0.73
X-4948,PRDM1,639.0,Amp8,10.85
X-4948,PREP,5550.0,Amp8,10.85
X-4948,PREPL,9581.0,MutNovel,"V579E,0.403"
X-4948,PRF1,5551.0,Del0.8,0.71
X-4948,PRICKLE4,29964.0,Amp8,11.39
X-4948,PRKG1,5592.0,Del0.8,0.62
X-4948,PRKY,5616.0,Del0.8,0.21
X-4948,PRPF4,9128.0,Del0.8,0.74
X-4948,PRPH2,5961.0,Amp8,11.79
X-4948,PRRT3,285368.0,Amp8,8.94
X-4948,PRY,9081.0,Del0.8,0.18
X-4948,PRY,9081.0,Del0.8,0.18
X-4948,PRY2,442862.0,Del0.8,0.18
X-4948,PRY2,442862.0,Del0.8,0.18
X-4948,PSAP,5660.0,Del0.8,0.7
X-4948,PSMA2,5683.0,Amp5,6.32
X-4948,PSMA3,5684.0,MutNovel,"V74I,0.337"
X-4948,PSMG1,8624.0,Amp5,5.62
X-4948,PTCRA,171558.0,Amp8,11.79
X-4948,PTK7,5754.0,Amp8,12.91
X-4948,PTPN20A,653129.0,Amp5,5.94
X-4948,PTPN20B,26095.0,Amp5,5.94
X-4948,PTPN3,5774.0,Del0.8,0.75
X-4948,PVRIG,79037.0,MutNovel,"H23R,0.250"
X-4948,PYGM,5837.0,MutNovel,"K539N,0.286"
X-4948,QRSL1,55278.0,Amp5,6.54
X-4948,RAB11FIP1,80223.0,MutNovel,"A96S,0.941"
X-4948,RAB23,51715.0,Amp8,12.82
X-4948,RABGAP1,23637.0,MutNovel,"V146A,0.635"
X-4948,RAD23B,5887.0,Del0.8,0.75
X-4948,RADIL,55698.0,Amp8,10.34
X-4948,RAE1,8480.0,Amp5,6.96
X-4948,RAF1,5894.0,Amp8,10.93
X-4948,RALA,5898.0,Amp5,7.26
X-4948,RASSF4,83937.0,Amp8,8
X-4948,RBM11,54033.0,Amp5,5.21
X-4948,RBM38,55544.0,Amp5,6.96
X-4948,RBM47,54502.0,Del0.8,0.48
X-4948,RBMY1A3P,286557.0,Del0.8,0.18
X-4948,RBMY1B,378948.0,Del0.8,0.18
X-4948,RBMY1B,378948.0,Del0.8,0.18
X-4948,RBMY1E,378950.0,Del0.8,0.18
X-4948,RBMY1E,378950.0,Del0.8,0.18
X-4948,RBMY1F,159163.0,Del0.8,0.18
X-4948,RBMY1F,159163.0,Del0.8,0.18
X-4948,RBMY1J,378951.0,Del0.8,0.18
X-4948,RBMY1J,378951.0,Del0.8,0.18
X-4948,RBMY2EP,159125.0,Del0.8,0.18
X-4948,RBMY2FP,159162.0,Del0.8,0.18
X-4948,RBMY3AP,64593.0,Del0.8,0.18
X-4948,RBP3,5949.0,Amp8,8.57
X-4948,RCAN1,1827.0,Amp5,5.5
X-4948,RCAN2,10231.0,Amp5,7.62
X-4948,REEP3,221035.0,Del0.8,0.71
X-4948,REPIN1,29803.0,MutNovel,"N238S,0.474"
X-4948,RFTN1,23180.0,Amp8,10.48
X-4948,RGS3,5998.0,Del0.8,0.74
X-4948,RHAG,6005.0,Amp8,8.51
X-4948,RHOBTB1,9886.0,Del0.8,0.75
X-4948,RING1,6015.0,MutNovel,"E257D,0.460"
X-4948,RNF170,81790.0,Amp8,15.67
X-4948,RNF183,138065.0,Del0.8,0.74
X-4948,RNF20,56254.0,Del0.8,0.73
X-4948,RNMT,8731.0,Del0.8,0.72
X-4948,ROR2,4920.0,Del0.8,0.73
X-4948,RPL32,6161.0,Amp8,15.35
X-4948,RPL7L1,285855.0,Amp8,11.79
X-4948,RPLP2,6181.0,Del0.8,0.74
X-4948,RPS4Y1,6192.0,Del0.8,0.3
X-4948,RPS4Y2,140032.0,Del0.8,0.18
X-4948,RPUSD3,285367.0,Amp8,8.94
X-4948,RRP36,88745.0,Amp8,11.79
X-4948,RSPH9,221421.0,Amp8,12.73
X-4948,RTKN2,219790.0,Del0.8,0.71
X-4948,RTN4IP1,84816.0,Amp5,7.36
X-4948,RUNX1,861.0,Amp5,5.5
X-4948,RUNX1-IT1,80215.0,Amp5,5.5
X-4948,RUNX2,860.0,Amp8,11.96
X-4948,RWDD2B,10069.0,Amp5,5.78
X-4948,RWDD4,201965.0,Del0.8,0.68
X-4948,SAMD1,90378.0,MutKnownFunctional,"-112?,1.000"
X-4948,SAMSN1,64092.0,Amp5,5.21
X-4948,SAR1A,56681.0,Del0.8,0.71
X-4948,SATB1,6304.0,Amp5,6.19
X-4948,SCAF4,57466.0,Amp5,5.78
X-4948,SDHAP2,727956.0,Del0.8,0.54
X-4948,SDK2,54549.0,MutNovel,"R882H,1.000"
X-4948,SEC13,6396.0,Amp8,9.32
X-4948,SEC61B,10952.0,Del0.8,0.73
X-4948,SECISBP2,79048.0,MutKnownFunctional,"-415?,0.500"
X-4948,SERINC2,347735.0,MutNovel,"-373Q,1.000"
X-4948,SETD4,54093.0,Amp5,5.5
X-4948,SETD5,55209.0,Amp8,8.94
X-4948,SFTPA1,653509.0,Amp5,6.19
X-4948,SFTPA2,729238.0,Amp5,6.19
X-4948,SFTPD,6441.0,Amp5,6.19
X-4948,SGMS1,259230.0,Del0.8,0.71
X-4948,SGPL1,8879.0,Del0.8,0.71
X-4948,SH2D4B,387694.0,Amp5,7.01
X-4948,SH3BGR,6450.0,Amp5,5.62
X-4948,SH3BP5,9467.0,Amp5,7.46
X-4948,SHANK2,22941.0,MutNovel,"T780I,0.600"
X-4948,SIM2,6493.0,Amp5,5.39
X-4948,SIRT1,23411.0,Del0.8,0.78
X-4948,SKAP2,8935.0,MutNovel,"H242Y,0.240"
X-4948,SLC16A9,220963.0,Del0.8,0.75
X-4948,SLC18A3,6572.0,Del0.8,0.7
X-4948,SLC20A2,6575.0,Amp8,15.67
X-4948,SLC22A17,51310.0,Amp5,7.01
X-4948,SLC22A7,10864.0,Amp5,7.57
X-4948,SLC25A16,8034.0,Del0.8,0.74
X-4948,SLC25A22,79751.0,Del0.8,0.74
X-4948,SLC25A27,9481.0,Amp5,7.62
X-4948,SLC29A1,2030.0,Amp8,12.73
X-4948,SLC29A3,55315.0,Del0.8,0.71
X-4948,SLC2A13,114134.0,MutNovel,"S6N,0.238"
X-4948,SLC31A1,1317.0,Del0.8,0.74
X-4948,SLC31A2,1318.0,Del0.8,0.74
X-4948,SLC35B2,347734.0,Amp8,12.73
X-4948,SLC36A2,153201.0,MutNovel,"V259I,0.833"
X-4948,SLC41A3,54946.0,MutNovel,"NI219I,1.000"
X-4948,SLC46A2,57864.0,Del0.8,0.74
X-4948,SLC5A3,6526.0,Amp5,5.78
X-4948,SLC6A1,6529.0,Amp8,9.32
X-4948,SLC6A10P,386757.0,Amp5,6.11
X-4948,SLC6A11,6538.0,Amp8,9.32
X-4948,SLC6A6,6533.0,Amp8,16.91
X-4948,SMG1,23049.0,MutNovel,"N191S,0.424"
X-4948,SNCG,6623.0,Del0.8,0.73
X-4948,SNORA52,619565.0,Del0.8,0.74
X-4948,SNORA80,677846.0,Amp5,5.78
X-4948,SNORA84,100124534.0,Del0.8,0.7
X-4948,SNORD98,692211.0,Del0.8,0.74
X-4948,SNX30,401548.0,Del0.8,0.74
X-4948,SOBP,55084.0,Amp8,9
X-4948,SOCS7,30837.0,MutNovel,"P194A,1.000"
X-4948,SOD1,6647.0,Amp5,5.78
X-4948,SON,6651.0,Amp5,5.78
X-4948,SOX30,11063.0,MutNovel,"P726A,1.000"
X-4948,SPATS1,221409.0,Amp8,12.73
X-4948,SPO11,23626.0,Amp5,6.96
X-4948,SPOCK2,9806.0,Del0.8,0.7
X-4948,SPTLC1,10558.0,Del0.8,0.73
X-4948,SREBF2,6721.0,MutNovel,"R645Q,0.536"
X-4948,SRF,6722.0,Amp8,12.91
X-4948,SRGAP3,9901.0,Amp5,6.02
X-4948,SRGN,5552.0,Del0.8,0.71
X-4948,SRSF6,6431.0,MutNovel,"R189Q,0.508"
X-4948,SRY,6736.0,Del0.8,0.3
X-4948,SSH3,54961.0,MutNovel,"N54-,0.545"
X-4948,STARD3,10948.0,Amp8,16.56
X-4948,STK17A,9263.0,Amp5,6.32
X-4948,STOX2,56977.0,Del0.8,0.68
X-4948,STX17,55014.0,Del0.8,0.73
X-4948,SUMO1P1,391257.0,Amp5,7.94
X-4948,SUPT3H,8464.0,Amp8,11
X-4948,SUPV3L1,6832.0,Del0.8,0.71
X-4948,SYK,6850.0,Del0.8,0.69
X-4948,SYN2,6854.0,Amp8,11.39
X-4948,SYNJ1,8867.0,Amp5,5.78
X-4948,SYNPO2L,79933.0,Del0.8,0.76
X-4948,SYT7,9066.0,MutNovel,"A140T,0.672"
X-4948,TACR2,6865.0,Del0.8,0.71
X-4948,TADA3,10474.0,Amp8,8.94
X-4948,TAF8,129685.0,Amp8,11.79
X-4948,TAMM41,132001.0,Amp8,9.32
X-4948,TATDN2,9797.0,Amp8,9.32
X-4948,TBC1D14,57533.0,MutNovel,"D3H,1.000"
X-4948,TBC1D26,353149.0,MutNovel,"H59R,1.000"
X-4948,TBC1D3G,654341.0,MutNovel,"P358Q,1.000"
X-4948,TBC1D5,9779.0,Amp5,7.31
X-4948,TBC1D8B,54885.0,MutNovel,"S1068F,0.978"
X-4948,TBCC,6903.0,Amp8,11.79
X-4948,TBL1Y,90665.0,Del0.8,0.21
X-4948,TBP,6908.0,MutNovel,"-64Q,1.000"
X-4948,TCAP,8557.0,Amp8,16.56
X-4948,TCP10L,140290.0,Amp5,5.78
X-4948,TCTE1,202500.0,Amp8,12.73
X-4948,TDRD6,221400.0,Amp5,7.62
X-4948,TET1,80312.0,Del0.8,0.74
X-4948,TEX10,54881.0,Del0.8,0.73
X-4948,TFAM,7019.0,Del0.8,0.77
X-4948,TFAP2B,7021.0,Amp8,8.51
X-4948,TFAP2C,7022.0,Amp5,7.94
X-4948,TFAP2D,83741.0,Amp8,8.51
X-4948,TFEB,7942.0,Amp8,11.39
X-4948,TGFBR1,7046.0,Del0.8,0.73
X-4948,TGIF2LY,90655.0,Del0.8,0.3
X-4948,THAP1,55145.0,Amp8,15.67
X-4948,THTPA,79178.0,Amp5,7.01
X-4948,THUMPD3,25917.0,Amp8,8.94
X-4948,TIAM1,7074.0,Amp5,5.78
X-4948,TIMM23,100287932.0,Amp5,5.35
X-4948,TIMP4,7079.0,Amp8,11.39
X-4948,TINAG,27283.0,Amp8,8.34
X-4948,TJAP1,93643.0,Amp8,12.73
X-4948,TM9SF4,9777.0,MutNovel,"R303Q,1.000"
X-4948,TMBIM4,51643.0,MutKnownFunctional,"-174?,0.853"
X-4948,TMC6,11322.0,MutNovel,"K235R,1.000"
X-4948,TMEFF1,8577.0,Del0.8,0.73
X-4948,TMEM107,84314.0,MutNovel,"G76D,1.000"
X-4948,TMEM14A,28978.0,Amp5,7.01
X-4948,TMEM151B,441151.0,Amp8,12.73
X-4948,TMEM184A,202915.0,MutNovel,"G392GA,1.000"
X-4948,TMEM26,219623.0,Del0.8,0.71
X-4948,TMEM40,55287.0,Amp8,15.35
X-4948,TMEM43,79188.0,Amp8,15.89
X-4948,TMEM50B,757.0,Amp5,5.78
X-4948,TMEM63B,55362.0,Amp8,12.73
X-4948,TMEM72,643236.0,Amp8,9.85
X-4948,TMEM72-AS1,220980.0,Amp8,9.85
X-4948,TMEM86B,255043.0,MutKnownFunctional,"-13,0.737"
X-4948,TMEM87B,84910.0,MutNovel,"V8L,0.659"
X-4948,TMEM9,252839.0,MutNovel,"G147R,0.392"
X-4948,TMPRSS15,5651.0,Amp5,5.21
X-4948,TMSB4Y,9087.0,Del0.8,0.2
X-4948,TNC,3371.0,Del0.8,0.74
X-4948,TNFRSF21,27242.0,Amp5,7.62
X-4948,TNFSF15,9966.0,Del0.8,0.74
X-4948,TNFSF8,944.0,Del0.8,0.74
X-4948,TOMM6,100188893.0,Amp8,11.39
X-4948,TP53,7157.0,MutKnownFunctional,"R249S,0.996"
X-4948,TPRXL,348825.0,Amp8,19.97
X-4948,TRAM2,9697.0,Amp5,7.01
X-4948,TRAPPC11,60684.0,Del0.8,0.68
X-4948,TREM1,54210.0,Amp8,11.39
X-4948,TREM2,54209.0,Amp8,11.39
X-4948,TREML1,340205.0,Amp8,11.39
X-4948,TREML2,79865.0,Amp8,11.39
X-4948,TREML4,285852.0,Amp8,11.39
X-4948,TRERF1,55809.0,Amp8,11.79
X-4948,TRIM17,51127.0,MutNovel,"G335S,1.000"
X-4948,TRIM45,80263.0,MutNovel,"T417M,1.000"
X-4948,TSEN2,80746.0,Amp8,11.39
X-4948,TSHZ2,128553.0,Amp5,6.06
X-4948,TSPAN14,81619.0,Amp5,6.28
X-4948,TSPAN15,23555.0,Del0.8,0.71
X-4948,TSPO2,222642.0,Amp8,11.39
X-4948,TSPY1,7258.0,Del0.8,0.18
X-4948,TSPY2,64591.0,Del0.8,0.3
X-4948,TSPY3,728137.0,Del0.8,0.18
X-4948,TSPY4,728395.0,Del0.8,0.18
X-4948,TSPY8,728403.0,Del0.8,0.18
X-4948,TTBK1,84630.0,Amp8,9.92
X-4948,TTC18,118491.0,Del0.8,0.76
X-4948,TTC3,7267.0,Amp5,5.39
X-4948,TTLL3,26140.0,Amp8,8.94
X-4948,TTTY10,246119.0,Del0.8,0.18
X-4948,TTTY11,83866.0,Del0.8,0.18
X-4948,TTTY12,83867.0,Del0.8,0.18
X-4948,TTTY13,83868.0,Del0.8,0.18
X-4948,TTTY14,83869.0,Del0.8,0.18
X-4948,TTTY15,64595.0,Del0.8,0.2
X-4948,TTTY16,252948.0,Del0.8,0.18
X-4948,TTTY17A,252949.0,Del0.8,0.13
X-4948,TTTY17A,252949.0,Del0.8,0.11
X-4948,TTTY18,252950.0,Del0.8,0.18
X-4948,TTTY19,252952.0,Del0.8,0.18
X-4948,TTTY1B,100101116.0,Del0.8,0.1
X-4948,TTTY1B,100101116.0,Del0.8,0.08
X-4948,TTTY2,60439.0,Del0.8,0.08
X-4948,TTTY2,60439.0,Del0.8,0.1
X-4948,TTTY20,252951.0,Del0.8,0.18
X-4948,TTTY21,252953.0,Del0.8,0.08
X-4948,TTTY21,252953.0,Del0.8,0.21
X-4948,TTTY22,252954.0,Del0.8,0.13
X-4948,TTTY23,252955.0,Del0.8,0.2
X-4948,TTTY23,252955.0,Del0.8,0.3
X-4948,TTTY3,114760.0,Del0.8,0.13
X-4948,TTTY3,114760.0,Del0.8,0.14
X-4948,TTTY4,114761.0,Del0.8,0.06
X-4948,TTTY4,114761.0,Del0.8,0.11
X-4948,TTTY5,83863.0,Del0.8,0.18
X-4948,TTTY6,84672.0,Del0.8,0.18
X-4948,TTTY6,84672.0,Del0.8,0.18
X-4948,TTTY7,246122.0,Del0.8,0.08
X-4948,TTTY7,246122.0,Del0.8,0.21
X-4948,TTTY7B,100101120.0,Del0.8,0.08
X-4948,TTTY7B,100101120.0,Del0.8,0.21
X-4948,TTTY8,84673.0,Del0.8,0.21
X-4948,TTTY8,84673.0,Del0.8,0.12
X-4948,TTTY9A,83864.0,Del0.8,0.11
X-4948,TTTY9A,83864.0,Del0.8,0.11
X-4948,TUBA3C,7278.0,Amp5,6.11
X-4948,TXLNG2P,246126.0,Del0.8,0.18
X-4948,TYSND1,219743.0,Del0.8,0.71
X-4948,UBE2D1,7321.0,Del0.8,0.77
X-4948,UBR2,23304.0,Amp8,11.79
X-4948,UNC5B,219699.0,Del0.8,0.71
X-4948,UNC5CL,222643.0,Amp8,11.39
X-4948,UNQ6494,100129066.0,Del0.8,0.69
X-4948,URB1,9875.0,MutNovel,"Q1901H,0.229"
X-4948,URB1,9875.0,Amp5,5.78
X-4948,USP16,10600.0,Amp5,5.78
X-4948,USP25,29761.0,Amp5,5.21
X-4948,USP34,9736.0,MutNovel,"I965V,0.364"
X-4948,USP36,57602.0,MutNovel,"KKK958K,1.000"
X-4948,USP49,25862.0,Amp8,12.73
X-4948,USP54,159195.0,Del0.8,0.76
X-4948,USP9Y,8287.0,Del0.8,0.2
X-4948,UTY,7404.0,Del0.8,0.2
X-4948,VCL,7414.0,Amp5,6.63
X-4948,VCY,9084.0,Del0.8,0.2
X-4948,VCY,9084.0,Del0.8,0.2
X-4948,VDAC3,7419.0,Amp8,15.67
X-4948,VEGFA,7422.0,Amp8,12.73
X-4948,VGLL4,9686.0,Amp8,9.32
X-4948,VHL,7428.0,Amp8,8.94
X-4948,VPS26A,9559.0,Del0.8,0.71
X-4948,VPS41,27072.0,Amp5,7.11
X-4948,VPS51,,MutNovel,"R722C,0.782"
X-4948,VSTM4,196740.0,Del0.8,0.7
X-4948,VWF,7450.0,MutNovel,"R1853Q,0.500"
X-4948,WAPAL,23063.0,Del0.8,0.73
X-4948,WBSCR22,114049.0,MutNovel,"R263W,0.428"
X-4948,WDFY4,57705.0,Del0.8,0.7
X-4948,WDR31,114987.0,Del0.8,0.74
X-4948,WNK2,65268.0,MutNovel,"R974L,0.750"
X-4948,WNT7A,7476.0,Amp8,15.35
X-4948,WRB,7485.0,Amp5,5.62
X-4948,XKRY2,353515.0,Del0.8,0.11
X-4948,XKRY2,353515.0,Del0.8,0.11
X-4948,XPC,7508.0,Amp8,15.89
X-4948,XPO5,57510.0,Amp8,12.73
X-4948,YAE1D1,57002.0,Amp5,7.26
X-4948,YIPF3,25844.0,Amp8,12.73
X-4948,ZBP1,81030.0,Amp5,6.96
X-4948,ZCCHC24,219654.0,Amp5,6.19
X-4948,ZDHHC11,79844.0,MutNovel,"A303D,0.463"
X-4948,ZDHHC11B,,MutNovel,"L476V,0.630"
X-4948,ZFAND4,93550.0,Amp8,8.88
X-4948,ZFHX2,85446.0,Amp5,7.01
X-4948,ZFP37,7539.0,Del0.8,0.74
X-4948,ZFY,7544.0,Del0.8,0.3
X-4948,ZFYVE20,64145.0,Amp8,8.94
X-4948,ZMIZ1,57178.0,Amp5,6.19
X-4948,ZNF189,7743.0,Del0.8,0.73
X-4948,ZNF193,7746.0,MutNovel,"G413R,0.444"
X-4948,ZNF217,7764.0,Amp5,7.94
X-4948,ZNF22,7570.0,Amp5,6.54
X-4948,ZNF248,57209.0,MutNovel,"D87Y,0.605"
X-4948,ZNF318,24149.0,Amp8,12.73
X-4948,ZNF333,84449.0,MutNovel,"D230N,0.427"
X-4948,ZNF365,22891.0,Del0.8,0.71
X-4948,ZNF384,171017.0,MutNovel,"QQ514Q,1.000"
X-4948,ZNF385A,25946.0,MutNovel,"T49R,1.000"
X-4948,ZNF434,54925.0,MutNovel,"S230P,0.714"
X-4948,ZNF451,26036.0,Amp8,9.78
X-4948,ZNF462,58499.0,Del0.8,0.75
X-4948,ZNF488,118738.0,Amp8,8.57
X-4948,ZNF550,162972.0,MutNovel,"V140I,0.480"
X-4948,ZNF618,114991.0,Del0.8,0.74
X-4948,ZNF678,339500.0,MutNovel,"D242G,0.333"
X-4948,ZNF732,654254.0,MutNovel,"V77M,1.000"
X-4948,ZNF878,729747.0,MutKnownFunctional,"Q371*,0.333"
X-4948,ZNF883,169834.0,Del0.8,0.74
X-4948,ZPBP2,124626.0,Amp8,32.67
X-4948,ZYX,7791.0,MutNovel,"V560M,0.581"
X-4949,61E3.4,,MutNovel,"N173S,0.313"
X-4949,A2LD1,87769.0,Amp5,6.32
X-4949,AAAS,8086.0,Del0.8,0.77
X-4949,ABCC4,10257.0,Amp5,6.59
X-4949,ABHD13,84945.0,Amp8,11.63
X-4949,ACVR1B,91.0,Del0.8,0.77
X-4949,ACVRL1,94.0,Del0.8,0.77
X-4949,ADAT2,134637.0,Amp5,6.5
X-4949,ADCY6,112.0,Del0.8,0.76
X-4949,ADNP2,22850.0,MutNovel,"LPAGQMT449L,0.377"
X-4949,ADPRHL1,113622.0,Amp8,22.01
X-4949,ADRBK1,156.0,MutNovel,"E532Q,0.298"
X-4949,AGAP7,653268.0,MutNovel,"R484H,1.000"
X-4949,AHI1,54806.0,Amp8,11
X-4949,AIG1,51390.0,Amp5,6.5
X-4949,AIM1L,55057.0,MutNovel,"R984S,0.833"
X-4949,AKAP4,8852.0,Amp5,5.21
X-4949,AKAP7,9465.0,MutKnownFunctional,"-77?,0.316"
X-4949,AKR1C1,1645.0,Amp8,9.58
X-4949,AKR1C2,1646.0,Amp8,9.58
X-4949,AKR1C3,8644.0,Amp8,9.58
X-4949,AKR1C4,1109.0,Amp8,9.58
X-4949,AKR1CL1,340811.0,Amp8,9.58
X-4949,ALDH3B1,221.0,MutNovel,"A284T,0.258"
X-4949,ALDH3B1,221.0,MutKnownFunctional,"-301?,0.217"
X-4949,ALDH8A1,64577.0,Amp8,14.72
X-4949,ALG1L2,644974.0,MutNovel,"D147G,1.000"
X-4949,AMELY,266.0,Del0.8,0.22
X-4949,AMHR2,269.0,Del0.8,0.77
X-4949,AMIGO2,347902.0,Del0.8,0.76
X-4949,ANKRD10,55608.0,Amp8,11.16
X-4949,ANKRD33,341405.0,Del0.8,0.77
X-4949,ANKRD62,,MutNovel,"N547T,1.000"
X-4949,ANKRD62,,MutNovel,"Q583R,1.000"
X-4949,ANP32D,23519.0,Del0.8,0.76
X-4949,AQP2,359.0,Del0.8,0.76
X-4949,AQP5,362.0,Del0.8,0.76
X-4949,AQP6,363.0,Del0.8,0.76
X-4949,ARF3,377.0,Del0.8,0.76
X-4949,ARGLU1,55082.0,Amp8,9.51
X-4949,ARHGEF1,9138.0,MutKnownFunctional,"-699,0.247"
X-4949,ARHGEF7,8874.0,Amp8,11.16
X-4949,ASB8,140461.0,Del0.8,0.76
X-4949,ASMTL,8623.0,MutNovel,"R1208S,1.000"
X-4949,ATAD3A,55210.0,MutNovel,"W110R,0.300"
X-4949,ATF1,466.0,Del0.8,0.76
X-4949,ATF7,11016.0,Del0.8,0.77
X-4949,ATG4D,84971.0,MutNovel,"SS417S,0.820"
X-4949,ATP11A,23250.0,Amp8,11.16
X-4949,ATP4B,496.0,Amp8,22.01
X-4949,ATP5C1,509.0,Amp8,10.93
X-4949,ATP5G2,517.0,Del0.8,0.77
X-4949,ATP6V0A2,23545.0,MutNovel,"E393D,1.000"
X-4949,B4GALNT3,283358.0,Amp5,5.24
X-4949,BCDIN3D,144233.0,Del0.8,0.76
X-4949,BCORP1,286554.0,Del0.8,0.22
X-4949,BIN2,51411.0,Del0.8,0.76
X-4949,BIVM,54841.0,Amp8,9
X-4949,BIVM-ERCC5,100533467.0,Amp8,9
X-4949,BMP15,9210.0,Amp5,5.21
X-4949,BMP2K,55589.0,MutNovel,"-460Q,0.348"
X-4949,BOLA2,552900.0,MutNovel,"N95S,0.793"
X-4949,BPY2B,442867.0,Del0.8,0.07
X-4949,BPY2B,442867.0,Del0.8,0.13
X-4949,C10orf57,,MutKnownFunctional,"-38?,0.417"
X-4949,C12orf10,60314.0,Del0.8,0.77
X-4949,C12orf44,60673.0,Del0.8,0.77
X-4949,C12orf54,121273.0,Del0.8,0.76
X-4949,C12orf68,387856.0,Del0.8,0.76
X-4949,C13orf35,400165.0,Amp8,11.16
X-4949,C17orf51,339263.0,MutKnownFunctional,"-34?,0.938"
X-4949,C1QL4,338761.0,Del0.8,0.76
X-4949,C6orf132,647024.0,MutNovel,"A520E,0.434"
X-4949,C6orf72,116254.0,Amp5,6.5
X-4949,CACNA1F,778.0,Amp5,5.21
X-4949,CACNB3,784.0,Del0.8,0.76
X-4949,CALCOCO1,57658.0,Del0.8,0.77
X-4949,CALML3,810.0,Amp8,9.58
X-4949,CALML5,51806.0,Amp8,9.58
X-4949,CARKD,55739.0,Amp8,9.32
X-4949,CARS2,79587.0,Amp8,10.2
X-4949,CBFA2T3,863.0,MutNovel,"H249Y,0.259"
X-4949,CBX5,23468.0,Del0.8,0.77
X-4949,CCDC120,90060.0,Amp5,5.21
X-4949,CCDC14,64770.0,MutNovel,"P134R,0.592"
X-4949,CCDC168,643677.0,Amp8,9
X-4949,CCDC22,28952.0,Amp5,5.21
X-4949,CCDC28A,25901.0,Amp8,16.11
X-4949,CCDC65,85478.0,Del0.8,0.76
X-4949,CCDC77,84318.0,Amp5,5.24
X-4949,CCDC85B,11007.0,MutNovel,"G156V,0.990"
X-4949,CCNB3,85417.0,Amp5,5.21
X-4949,CCNT1,904.0,Del0.8,0.76
X-4949,CD46,4179.0,MutKnownFunctional,"-383?,0.363"
X-4949,CDC16,8881.0,Amp8,22.01
X-4949,CDY1B,253175.0,Del0.8,0.17
X-4949,CDY1B,253175.0,Del0.8,0.22
X-4949,CDY2A,9426.0,Del0.8,0.22
X-4949,CDY2A,9426.0,Del0.8,0.22
X-4949,CDY2B,203611.0,Del0.8,0.22
X-4949,CDY2B,203611.0,Del0.8,0.22
X-4949,CELA1,1990.0,Del0.8,0.76
X-4949,CELSR1,9620.0,MutNovel,"G71R,1.000"
X-4949,CERS5,91012.0,Del0.8,0.76
X-4949,CFHR1,3078.0,Amp5,6.02
X-4949,CFHR3,10878.0,Amp5,5.82
X-4949,CHAMP1,283489.0,Amp8,22.01
X-4949,CHST3,9469.0,MutNovel,"P131L,0.444"
X-4949,CITED2,10370.0,Amp8,16.11
X-4949,CLCN5,1184.0,Amp5,5.21
X-4949,CLDN10,9071.0,Amp5,6.59
X-4949,CLVS2,134829.0,Amp8,13.74
X-4949,CLYBL,171425.0,Amp5,6.32
X-4949,CNGA2,1260.0,MutNovel,"R399Q,1.000"
X-4949,CNOT2,4848.0,Amp5,5.28
X-4949,CNTNAP3,79937.0,MutNovel,"A1230V,0.667"
X-4949,COL2A1,1280.0,Del0.8,0.76
X-4949,COL4A1,1282.0,Amp8,9.32
X-4949,COL4A2,1284.0,Amp8,9.32
X-4949,COMMD10,51397.0,Del0.8,0.61
X-4949,COPZ1,22818.0,Del0.8,0.77
X-4949,CROCC,9696.0,MutNovel,"H610Y,0.333"
X-4949,CSAD,51380.0,Del0.8,0.77
X-4949,CSDA,8531.0,MutNovel,"R229H,0.404"
X-4949,CSPG4,1464.0,MutNovel,"P407L,0.667"
X-4949,CSPG4P1Y,114758.0,Del0.8,0.17
X-4949,CSPG4P1Y,114758.0,Del0.8,0.22
X-4949,CSRNP2,81566.0,Del0.8,0.76
X-4949,CTSA,5476.0,MutNovel,"L29-,0.808"
X-4949,CUL4A,8451.0,Amp8,11.16
X-4949,CXorf40B,541578.0,MutNovel,"A112V,1.000"
X-4949,CYP2F1,1572.0,MutKnownFunctional,"-5?,0.867"
X-4949,DAB2IP,153090.0,MutNovel,"A749T,0.559"
X-4949,DAOA,267012.0,Amp5,6.68
X-4949,DAOA-AS1,282706.0,Amp5,6.68
X-4949,DAZ1,1617.0,Del0.8,0.22
X-4949,DAZ2,57055.0,Del0.8,0.14
X-4949,DAZ3,57054.0,Del0.8,0.13
X-4949,DAZ3,57054.0,Del0.8,0.07
X-4949,DAZ4,57135.0,Del0.8,0.1
X-4949,DAZ4,57135.0,Del0.8,0.15
X-4949,DAZAP2,9802.0,Del0.8,0.76
X-4949,DCD,117159.0,Del0.8,0.77
X-4949,DCT,1638.0,Amp5,6.59
X-4949,DCUN1D2,55208.0,Amp8,22.01
X-4949,DDN,23109.0,Del0.8,0.76
X-4949,DDX23,9416.0,Del0.8,0.76
X-4949,DDX3Y,8653.0,Del0.8,0.22
X-4949,DDX51,317781.0,MutNovel,"P123R,0.222"
X-4949,DENND2C,163259.0,MutNovel,"Y899H,1.000"
X-4949,DGKK,139189.0,Amp5,5.21
X-4949,DHH,50846.0,Del0.8,0.76
X-4949,DIP2B,57609.0,Del0.8,0.76
X-4949,DNAJC22,79962.0,Del0.8,0.76
X-4949,DNAJC28,54943.0,MutNovel,"EG362G,0.625"
X-4949,DNAJC3,5611.0,Amp5,6.45
X-4949,DOCK9,23348.0,Amp5,6.32
X-4949,DOHH,83475.0,MutNovel,"R127C,0.510"
X-4949,DUSP12,11266.0,MutNovel,"F229V,0.878"
X-4949,DZIP1,22873.0,Amp5,5.31
X-4949,EBP,10682.0,Amp5,5.21
X-4949,ECT2L,345930.0,Amp8,16.11
X-4949,EFNB2,1948.0,Amp8,9.51
X-4949,EIF1AY,9086.0,Del0.8,0.22
X-4949,EIF2S2,8894.0,MutNovel,"M6V,0.280"
X-4949,EIF4B,1975.0,Del0.8,0.77
X-4949,EIF4E,1977.0,MutNovel,"K159E,0.222"
X-4949,ELK3,2004.0,MutKnownFunctional,"-292?,0.385"
X-4949,ELN,2006.0,MutNovel,"A418T,0.405"
X-4949,ENDOU,8909.0,Del0.8,0.76
X-4949,EPM2A,7957.0,Amp5,6.36
X-4949,ERAS,3266.0,Amp5,5.21
X-4949,ERC1,23085.0,Amp5,5.24
X-4949,ERCC5,2073.0,Amp8,9
X-4949,ESPL1,9700.0,Del0.8,0.77
X-4949,EXPH5,23086.0,MutKnownFunctional,"-1404?,0.278"
X-4949,EYA4,2070.0,Amp8,12.82
X-4949,F10,2159.0,Amp8,11.16
X-4949,F2R,2149.0,MutNovel,"S406G,1.000"
X-4949,F7,2155.0,Amp8,11.16
X-4949,FABP7,2173.0,Amp8,13.55
X-4949,FAIM2,23017.0,Del0.8,0.76
X-4949,FAM131C,348487.0,MutNovel,"R74C,0.669"
X-4949,FAM134A,79137.0,MutNovel,"-386EE,0.271"
X-4949,FAM155A,728215.0,Amp8,10.27
X-4949,FAM157B,100132403.0,MutNovel,"I382M,1.000"
X-4949,FAM160A1,729830.0,MutNovel,"G768S,0.611"
X-4949,FAM186A,121006.0,Del0.8,0.76
X-4949,FAM186B,84070.0,Del0.8,0.76
X-4949,FAM197Y2P,252946.0,Del0.8,0.22
X-4949,FAM21B,55747.0,MutNovel,"A803S,1.000"
X-4949,FAM41AY1,340618.0,Del0.8,0.22
X-4949,FAM41AY1,340618.0,Del0.8,0.22
X-4949,FAM70B,348013.0,Amp8,22.01
X-4949,FAM83H,286077.0,MutNovel,"E535D,0.489"
X-4949,FARP1,10160.0,Amp5,6.32
X-4949,FARP2,9855.0,MutNovel,"M102V,0.559"
X-4949,FBXL14,144699.0,Amp5,5.24
X-4949,FBXO30,84085.0,Amp5,6.36
X-4949,FCHSD2,9873.0,MutKnownFunctional,"E415*,0.216"
X-4949,FGF14,2259.0,Amp8,9
X-4949,FGF14-IT1,283480.0,Amp8,9
X-4949,FICD,11153.0,MutNovel,"T28M,1.000"
X-4949,FIGNL2,401720.0,Del0.8,0.77
X-4949,FKBP11,51303.0,Del0.8,0.76
X-4949,FKSG29,100131561.0,Amp5,6.32
X-4949,FLJ12825,440101.0,Del0.8,0.77
X-4949,FLJ45983,399717.0,Amp8,10.93
X-4949,FLJ46906,441172.0,Amp8,16.11
X-4949,FMNL2,114793.0,MutNovel,"S677C,0.390"
X-4949,FMNL3,91010.0,Del0.8,0.76
X-4949,FOXO3,2309.0,MutNovel,"IGG79I,0.333"
X-4949,FOXP3,50943.0,Amp5,5.21
X-4949,FRY,10129.0,MutNovel,"F990Y,1.000"
X-4949,FTSJ1,24140.0,Amp5,5.21
X-4949,FUCA2,2519.0,Amp5,6.5
X-4949,GAGE1,2543.0,Amp5,5.21
X-4949,GAGE10,643832.0,Amp5,5.21
X-4949,GAGE12D,100132399.0,Amp5,5.21
X-4949,GAGE12F,100008586.0,Amp5,5.21
X-4949,GAGE12J,729396.0,Amp5,5.21
X-4949,GAGE13,645051.0,Amp5,5.21
X-4949,GAGE2A,729447.0,Amp5,5.21
X-4949,GAGE2B,645037.0,Amp5,5.21
X-4949,GAGE2C,2574.0,Amp5,5.21
X-4949,GAGE2D,729408.0,Amp5,5.21
X-4949,GAGE2E,26749.0,Amp5,5.21
X-4949,GALNT6,11226.0,Del0.8,0.76
X-4949,GAS6,2621.0,Amp8,22.01
X-4949,GATA1,2623.0,Amp5,5.21
X-4949,GATA3,2625.0,Amp8,10.93
X-4949,GBAP1,2630.0,Amp8,8.06
X-4949,GIGYF2,26058.0,MutNovel,"PQ1231P,0.304"
X-4949,GLOD5,392465.0,Amp5,5.21
X-4949,GLTSCR2,29997.0,MutNovel,"D401A,0.337"
X-4949,GLYCAM1,644076.0,Del0.8,0.77
X-4949,GOLGA2P2Y,84559.0,Del0.8,0.22
X-4949,GOLGA2P2Y,84559.0,Del0.8,0.17
X-4949,GOLGA6L10,647042.0,MutNovel,"G155V,1.000"
X-4949,GOLGA6L3,,MutNovel,"G155V,1.000"
X-4949,GOLGA8J,,MutNovel,"E457D,1.000"
X-4949,GOPC,57120.0,MutNovel,"Y*462*,0.779"
X-4949,GPC5,2262.0,Amp5,6.59
X-4949,GPC6,10082.0,Amp5,6.59
X-4949,GPD1,2819.0,Del0.8,0.76
X-4949,GPKOW,27238.0,Amp5,5.21
X-4949,GPR126,57211.0,Amp8,9.25
X-4949,GPR18,2841.0,Amp5,6.32
X-4949,GPR180,160897.0,Amp5,6.59
X-4949,GPR183,1880.0,Amp5,6.32
X-4949,GPR84,53831.0,Del0.8,0.77
X-4949,GPRASP1,9737.0,MutNovel,"D932N,1.000"
X-4949,GRAMD1C,54762.0,MutNovel,"S367P,1.000"
X-4949,GRASP,160622.0,Del0.8,0.77
X-4949,GRIPAP1,56850.0,Amp5,5.21
X-4949,GRK1,6011.0,Amp8,22.01
X-4949,GRM1,2911.0,Amp5,6.36
X-4949,GRSF1,2926.0,MutNovel,"P103S,0.719"
X-4949,GRTP1,79774.0,Amp8,11.16
X-4949,GSTT1,2952.0,Del0.8,0.44
X-4949,GTF2IRD2B,389524.0,MutNovel,"G211S,0.326"
X-4949,GTF2IRD2B,389524.0,MutNovel,"N514H,0.375"
X-4949,GTF3C4,9329.0,MutNovel,"L49R,0.583"
X-4949,GTSE1,51512.0,MutNovel,"G294E,1.000"
X-4949,GTSF1,121355.0,Del0.8,0.77
X-4949,GYG2P1,352887.0,Del0.8,0.22
X-4949,H1FNT,341567.0,Del0.8,0.76
X-4949,HBS1L,10767.0,Amp8,14.72
X-4949,HCLS1,3059.0,MutNovel,"R469H,0.350"
X-4949,HDAC6,10013.0,Amp5,5.21
X-4949,HDAC7,51564.0,Del0.8,0.76
X-4949,HDDC2,51020.0,Amp8,14.12
X-4949,HEATR7A,727957.0,MutNovel,"A559T,0.571"
X-4949,HECA,51696.0,Amp8,16.11
X-4949,HEY2,23493.0,Amp8,14.12
X-4949,HIGD1C,613227.0,Del0.8,0.76
X-4949,HINT3,135114.0,Amp8,11.96
X-4949,HIVEP2,3097.0,Amp5,6.5
X-4949,HLA-A,3105.0,MutNovel,"I312L,0.467"
X-4949,HLA-B,3106.0,MutNovel,"R194G,0.312"
X-4949,HLA-C,3107.0,MutNovel,"R194G,0.356"
X-4949,HMGA1P7,387065.0,Amp8,16
X-4949,HNRNPA1,3178.0,Del0.8,0.77
X-4949,HNRPDL,9987.0,MutNovel,"R332P,0.277"
X-4949,HOTAIR,100124700.0,Del0.8,0.77
X-4949,HOXC10,3226.0,Del0.8,0.77
X-4949,HOXC11,3227.0,Del0.8,0.77
X-4949,HOXC12,3228.0,Del0.8,0.77
X-4949,HOXC13,3229.0,Del0.8,0.77
X-4949,HOXC4,3221.0,Del0.8,0.77
X-4949,HOXC5,3222.0,Del0.8,0.77
X-4949,HOXC6,3223.0,Del0.8,0.77
X-4949,HOXC8,3224.0,Del0.8,0.77
X-4949,HOXC9,3225.0,Del0.8,0.77
X-4949,HSF2,3298.0,Amp8,13.55
X-4949,HSFY2,159119.0,Del0.8,0.22
X-4949,HSFY2,159119.0,Del0.8,0.22
X-4949,HYMAI,57061.0,Amp8,14.62
X-4949,IER5,51278.0,MutNovel,"V168T,0.852"
X-4949,IGFBP6,3489.0,Del0.8,0.77
X-4949,IL17RA,23765.0,MutNovel,"P7S,1.000"
X-4949,ING1,3621.0,Amp8,11.16
X-4949,INTS8,55656.0,MutNovel,"Q262H,0.563"
X-4949,IPO5,3843.0,Amp5,6.32
X-4949,IRS2,8660.0,Amp8,9.32
X-4949,IRX3,79191.0,MutNovel,"AAA392A,0.450"
X-4949,ISLR,3671.0,MutNovel,"R87H,0.507"
X-4949,ITGA5,3678.0,Del0.8,0.77
X-4949,ITGB7,3695.0,Del0.8,0.77
X-4949,ITGBL1,9358.0,Amp8,9
X-4949,ITIH2,3698.0,Amp8,10.93
X-4949,ITIH5,80760.0,Amp8,10.93
X-4949,KANSL2,54934.0,Del0.8,0.76
X-4949,KATNA1,11104.0,Amp5,6.5
X-4949,KCND1,3750.0,Amp5,5.21
X-4949,KCNH3,23416.0,Del0.8,0.76
X-4949,KCNMB4,27345.0,Amp5,5.28
X-4949,KDELC1,79070.0,Amp8,9
X-4949,KDM5D,8284.0,Del0.8,0.22
X-4949,KIAA0146,23514.0,MutNovel,"G4D,0.484"
X-4949,KIAA0196,9897.0,MutNovel,"D648N,0.614"
X-4949,KIAA1549,57670.0,MutNovel,"T734A,0.759"
X-4949,KIAA1549,57670.0,MutNovel,"D63E,0.833"
X-4949,KIF20B,9585.0,MutNovel,"L1062LKV,0.571"
X-4949,KIN,22944.0,Amp8,10.93
X-4949,KLHL2,11275.0,MutNovel,"E92G,0.338"
X-4949,KLHL26,55295.0,MutNovel,"V533M,0.350"
X-4949,KRT1,3848.0,MutNovel,"E154K,1.000"
X-4949,KRT1,3848.0,Del0.8,0.77
X-4949,KRT18,3875.0,Del0.8,0.77
X-4949,KRT2,3849.0,Del0.8,0.77
X-4949,KRT3,3850.0,Del0.8,0.77
X-4949,KRT4,3851.0,Del0.8,0.77
X-4949,KRT5,3852.0,Del0.8,0.77
X-4949,KRT6A,3853.0,Del0.8,0.77
X-4949,KRT6B,3854.0,Del0.8,0.77
X-4949,KRT6C,286887.0,Del0.8,0.77
X-4949,KRT7,3855.0,Del0.8,0.77
X-4949,KRT71,112802.0,Del0.8,0.77
X-4949,KRT72,140807.0,Del0.8,0.77
X-4949,KRT73,319101.0,Del0.8,0.77
X-4949,KRT74,121391.0,Del0.8,0.77
X-4949,KRT75,9119.0,Del0.8,0.77
X-4949,KRT76,51350.0,Del0.8,0.77
X-4949,KRT77,374454.0,Del0.8,0.77
X-4949,KRT78,196374.0,Del0.8,0.77
X-4949,KRT79,338785.0,Del0.8,0.77
X-4949,KRT8,3856.0,Del0.8,0.77
X-4949,KRT80,144501.0,Del0.8,0.77
X-4949,KRT81,3887.0,Del0.8,0.77
X-4949,KRT82,3888.0,Del0.8,0.77
X-4949,KRT83,3889.0,Del0.8,0.77
X-4949,KRT84,3890.0,Del0.8,0.77
X-4949,KRT85,3891.0,Del0.8,0.77
X-4949,KRT86,3892.0,Del0.8,0.77
X-4949,LACRT,90070.0,Del0.8,0.77
X-4949,LAD1,3898.0,MutNovel,"L161F,1.000"
X-4949,LALBA,3906.0,Del0.8,0.76
X-4949,LAMP1,3916.0,Amp8,11.16
X-4949,LARP4,113251.0,Del0.8,0.76
X-4949,LATS1,9113.0,Amp5,6.5
X-4949,LETMD1,25875.0,Del0.8,0.76
X-4949,LIG4,3981.0,Amp8,11.63
X-4949,LIMA1,51474.0,Del0.8,0.76
X-4949,LINC00271,100131814.0,Amp8,8.17
X-4949,LINC00326,285735.0,Amp8,12.82
X-4949,LINC00346,283487.0,Amp8,11.16
X-4949,LINC00410,144776.0,Amp5,6.59
X-4949,LINC00460,728192.0,Amp5,6.73
X-4949,LMBR1L,55716.0,Del0.8,0.76
X-4949,LOC100128176,100128176.0,Amp5,6.5
X-4949,LOC100132735,100132735.0,Amp8,16.11
X-4949,LOC100240734,100240734.0,Del0.8,0.77
X-4949,LOC100240735,100240735.0,Del0.8,0.77
X-4949,LOC100292680,100292680.0,Amp5,5.24
X-4949,LOC100335030,100335030.0,Del0.8,0.76
X-4949,LOC100506394,100506394.0,Amp8,22.01
X-4949,LOC100507127,100507127.0,Amp8,10.93
X-4949,LOC100507462,100507462.0,Amp8,16.11
X-4949,LOC100507489,100507489.0,Amp5,6.5
X-4949,LOC100507557,100507557.0,Amp5,6.36
X-4949,LOC100652739,100652739.0,Amp5,6.5
X-4949,LOC100996256,,MutNovel,"G37A,0.375"
X-4949,LOC100996439,,MutNovel,"G170S,0.750"
X-4949,LOC153910,153910.0,Amp5,6.5
X-4949,LOC154092,154092.0,Amp8,8.22
X-4949,LOC158572,158572.0,Amp5,5.21
X-4949,LOC255411,255411.0,Del0.8,0.76
X-4949,LOC283332,283332.0,Del0.8,0.76
X-4949,LOC283335,283335.0,Del0.8,0.77
X-4949,LOC283403,283403.0,Del0.8,0.77
X-4949,LOC283481,283481.0,Amp8,9
X-4949,LOC285740,285740.0,Amp5,6.5
X-4949,LOC391322,391322.0,Del0.8,0.44
X-4949,LOC399715,399715.0,Amp8,11.47
X-4949,LOC400043,400043.0,Del0.8,0.77
X-4949,LOC439949,439949.0,Amp8,10.93
X-4949,LOC643623,643623.0,Amp8,14.12
X-4949,LOC645434,645434.0,Amp8,16.11
X-4949,LOC728741,,MutNovel,"R380W,0.500"
X-4949,LOC728888,,MutNovel,"HP615QA,0.400"
X-4949,LOC729162,,MutNovel,"R47G,1.000"
X-4949,LOC729176,729176.0,Amp5,6.36
X-4949,LOXL4,84171.0,MutNovel,"R350H,0.750"
X-4949,LRBA,987.0,MutNovel,"R2196C,0.478"
X-4949,LRP11,84918.0,Amp5,6.5
X-4949,LRRK1,79705.0,MutNovel,"R67C,0.400"
X-4949,LTBP3,4054.0,MutNovel,"G1154R,1.000"
X-4949,LTV1,84946.0,Amp8,14.62
X-4949,LYRM2,57226.0,MutKnownFunctional,"R27*,0.626"
X-4949,MAGIX,79917.0,Amp5,5.21
X-4949,MAP3K12,7786.0,Del0.8,0.77
X-4949,MAP3K5,4217.0,Amp5,5.06
X-4949,MAP7,9053.0,MutNovel,"R328Q,0.567"
X-4949,MARS,4141.0,MutKnownFunctional,"Q183*,0.284"
X-4949,MBNL2,10150.0,Amp5,6.32
X-4949,MCF2L,23263.0,Amp8,11.16
X-4949,MCF2L-AS1,100289410.0,Amp8,11.16
X-4949,MCMBP,79892.0,MutNovel,"A20T,0.683"
X-4949,MCRS1,10445.0,Del0.8,0.76
X-4949,MDC1,9656.0,MutNovel,"E392K,0.737"
X-4949,MDN1,23195.0,MutNovel,"A2938T,0.784"
X-4949,METTL21C,196541.0,Amp8,9
X-4949,METTL7A,25840.0,Del0.8,0.76
X-4949,MFSD5,84975.0,Del0.8,0.77
X-4949,MGC34034,154089.0,Amp8,14.32
X-4949,MICALL2,79778.0,MutNovel,"R806C,0.412"
X-4949,MIR1293,100302220.0,Del0.8,0.76
X-4949,MIR148B,442892.0,Del0.8,0.77
X-4949,MIR17HG,407975.0,Amp5,6.59
X-4949,MIR188,406964.0,Amp5,5.21
X-4949,MIR196A2,406973.0,Del0.8,0.77
X-4949,MIR19B1,406980.0,Amp5,6.59
X-4949,MIR2681,100616110.0,Amp8,9
X-4949,MIR3170,100422881.0,Amp5,6.32
X-4949,MIR3198-2,100616400.0,Del0.8,0.77
X-4949,MIR362,574030.0,Amp5,5.21
X-4949,MIR3662,100500880.0,Amp8,14.72
X-4949,MIR3668,100500879.0,Amp8,16.11
X-4949,MIR4306,100422861.0,Amp5,6.32
X-4949,MIR4465,100616180.0,Amp8,12.04
X-4949,MIR4500,100616182.0,Amp5,7.06
X-4949,MIR4500HG,642345.0,Amp5,7.06
X-4949,MIR4698,100616486.0,Del0.8,0.76
X-4949,MIR4701,100616262.0,Del0.8,0.76
X-4949,MIR4705,100616239.0,Amp8,9
X-4949,MIR500A,574502.0,Amp5,5.21
X-4949,MIR500B,100422911.0,Amp5,5.21
X-4949,MIR501,574503.0,Amp5,5.21
X-4949,MIR502,574504.0,Amp5,5.21
X-4949,MIR532,693124.0,Amp5,5.21
X-4949,MIR548AN,100616144.0,Amp5,6.32
X-4949,MIR615,693200.0,Del0.8,0.77
X-4949,MIR622,693207.0,Amp5,6.59
X-4949,MIR623,693208.0,Amp5,6.32
X-4949,MIR660,724030.0,Amp5,5.21
X-4949,MKL1,57591.0,MutNovel,"AP569-,0.750"
X-4949,MLL2,8085.0,Del0.8,0.76
X-4949,MON2,23041.0,MutNovel,"L60R,0.273"
X-4949,MTERFD2,130916.0,MutNovel,"DE366E,0.333"
X-4949,MUC20,200958.0,MutNovel,"P266S,1.000"
X-4949,MUC4,4585.0,MutNovel,"P4050T,1.000"
X-4949,MUC5B,727897.0,MutNovel,"M3122T,1.000"
X-4949,MUC5B,727897.0,MutNovel,"T4544M,0.952"
X-4949,MUCL1,118430.0,Del0.8,0.77
X-4949,MYB,4602.0,Amp8,14.72
X-4949,MYO16,23026.0,Amp5,7.31
X-4949,NACA2,342538.0,MutNovel,"V215M,1.000"
X-4949,NALCN,259232.0,Amp5,7.57
X-4949,NBPF1,55672.0,MutNovel,"L648V,0.286"
X-4949,NBPF10,100132406.0,MutNovel,"R3193K,1.000"
X-4949,NBPF11,200030.0,MutNovel,"S637G,1.000"
X-4949,NBPF14,25832.0,MutNovel,"I861V,0.865"
X-4949,NBPF14,25832.0,MutNovel,"E250Q,0.442"
X-4949,NBPF24,,MutNovel,"E590Q,0.786"
X-4949,NBPF9,400818.0,MutNovel,"H337R,0.207"
X-4949,NCKAP1L,3071.0,Del0.8,0.77
X-4949,NCKAP5L,57701.0,Del0.8,0.76
X-4949,NCOA7,135112.0,Amp8,9.13
X-4949,NCRNA00185,55410.0,Del0.8,0.22
X-4949,NCSTN,23385.0,MutNovel,"Y152C,0.787"
X-4949,NET1,10276.0,Amp8,9.58
X-4949,NEUROD4,58158.0,Del0.8,0.77
X-4949,NFE2,4778.0,Del0.8,0.77
X-4949,NHSL1,57224.0,MutNovel,"D1310N,0.632"
X-4949,NHSL1,57224.0,Amp5,5.31
X-4949,NINJ2,4815.0,Amp5,5.24
X-4949,NKAIN2,154215.0,Amp5,7.11
X-4949,NLGN4Y,22829.0,Del0.8,0.22
X-4949,NMBR,4829.0,Amp8,9.25
X-4949,NPFF,8620.0,Del0.8,0.77
X-4949,NPHP3,27031.0,MutNovel,"G454D,0.630"
X-4949,NPIPL3,23117.0,MutNovel,"P845L,0.769"
X-4949,NPIPL3,23117.0,MutNovel,"P787S,0.760"
X-4949,NQO1,1728.0,MutNovel,"A130T,0.589"
X-4949,NR1H2,7376.0,MutNovel,"-173Q,0.783"
X-4949,NR4A1,3164.0,Del0.8,0.77
X-4949,NRG2,9542.0,MutNovel,"GPG667G,0.800"
X-4949,NUDCD3,23386.0,MutNovel,"E123I,0.270"
X-4949,NUDT10,170685.0,Amp5,5.21
X-4949,NUDT11,55190.0,Amp8,8.69
X-4949,NUMA1,4926.0,MutNovel,"G1861A,0.996"
X-4949,NUP43,348995.0,Amp5,6.5
X-4949,OBP2A,29991.0,MutNovel,"F90Y,1.000"
X-4949,OBP2A,29991.0,MutNovel,"P133C,0.833"
X-4949,OBP2A,29991.0,MutNovel,"L137R,0.833"
X-4949,OR10A7,121364.0,Del0.8,0.77
X-4949,OR10AD1,121275.0,Del0.8,0.76
X-4949,OR11L1,391189.0,Amp8,9.38
X-4949,OR13G1,441933.0,Amp8,9.38
X-4949,OR14A16,284532.0,Amp8,9.38
X-4949,OR1C1,26188.0,Amp8,9.38
X-4949,OR2AK2,391191.0,Amp8,9.38
X-4949,OR2L13,284521.0,Amp8,9.38
X-4949,OR2L1P,26247.0,Amp8,9.38
X-4949,OR2L2,26246.0,Amp8,9.38
X-4949,OR2L3,391192.0,Amp8,9.38
X-4949,OR2L8,391190.0,Amp8,9.38
X-4949,OR2M1P,388762.0,Amp8,9.38
X-4949,OR2T10,127069.0,Amp8,8.4
X-4949,OR2T11,127077.0,Amp5,6.02
X-4949,OR2T29,343563.0,Amp8,8.4
X-4949,OR2T34,127068.0,Amp8,8.4
X-4949,OR2T8,343172.0,Amp8,9.38
X-4949,OR2W3,343171.0,Amp8,9.38
X-4949,OR52E8,390079.0,Del0.8,0.43
X-4949,OR5AU1,390445.0,MutNovel,"FC229C,0.714"
X-4949,OR5P2,120065.0,Del0.8,0.74
X-4949,OR6F1,343169.0,Amp8,9.38
X-4949,OR8S1,341568.0,Del0.8,0.76
X-4949,OR9K2,441639.0,Del0.8,0.77
X-4949,ORAI1,84876.0,MutNovel,"PP43-,1.000"
X-4949,OTUD5,55593.0,Amp5,5.21
X-4949,OVOS2,,MutNovel,"D261E,1.000"
X-4949,OXGR1,27199.0,Amp5,6.32
X-4949,P2RY8,286530.0,MutNovel,"R1507H,0.444"
X-4949,PAGE1,8712.0,Amp5,5.21
X-4949,PAGE4,9506.0,Amp5,5.21
X-4949,PCBP2,5094.0,Del0.8,0.77
X-4949,PCCA,5095.0,Amp5,6.32
X-4949,PCDH11Y,83259.0,Del0.8,0.22
X-4949,PCDHB8,56128.0,MutNovel,"V420I,0.750"
X-4949,PCID2,55795.0,Amp8,11.16
X-4949,PCLO,27445.0,MutNovel,"F3997S,0.667"
X-4949,PCMT1,5110.0,Amp5,6.5
X-4949,PCNXL4,,MutNovel,"R324H,0.450"
X-4949,PCSK1N,27344.0,Amp5,5.21
X-4949,PDE1B,5153.0,Del0.8,0.77
X-4949,PDE4DIP,9659.0,MutNovel,"P2341L,1.000"
X-4949,PELP1,27043.0,MutNovel,"EE947E,0.694"
X-4949,PEX3,8504.0,Amp5,6.5
X-4949,PEX7,5191.0,Amp8,14.83
X-4949,PFDN5,5204.0,Del0.8,0.77
X-4949,PFKFB3,5209.0,Amp5,6.5
X-4949,PFKM,5213.0,Del0.8,0.76
X-4949,PHACTR2,9749.0,Amp8,9.71
X-4949,PHLDA1,22822.0,MutNovel,"QQ194Q,0.458"
X-4949,PIGO,84720.0,MutNovel,"A568P,0.750"
X-4949,PIM2,11040.0,Amp5,5.21
X-4949,PKIB,5570.0,Amp8,13.55
X-4949,PLAGL1,5325.0,Amp8,14.62
X-4949,PLCD3,113026.0,MutNovel,"L51P,1.000"
X-4949,PLP2,5355.0,Amp5,5.21
X-4949,PNKP,11284.0,MutNovel,"V419D,0.384"
X-4949,POLG,5428.0,MutNovel,"Q43R,0.360"
X-4949,PORCN,64840.0,Amp5,5.21
X-4949,POU6F1,5463.0,Del0.8,0.76
X-4949,PPIL4,85313.0,Amp5,6.5
X-4949,PPP1R1A,5502.0,Del0.8,0.77
X-4949,PPP1R3F,89801.0,Amp5,5.21
X-4949,PQBP1,10084.0,Amp5,5.21
X-4949,PRAF2,11230.0,Amp5,5.21
X-4949,PRIC285,85441.0,MutNovel,"V2588I,0.518"
X-4949,PRICKLE3,4007.0,Amp5,5.21
X-4949,PRKAG1,5571.0,Del0.8,0.76
X-4949,PRKCQ,5588.0,Amp8,10.93
X-4949,PRKY,5616.0,Del0.8,0.22
X-4949,PRODH,5625.0,MutNovel,"P8L,1.000"
X-4949,PROZ,8858.0,Amp8,11.16
X-4949,PRPF40B,25766.0,Del0.8,0.76
X-4949,PRPH,5630.0,Del0.8,0.76
X-4949,PRR12,57479.0,MutNovel,"V1489A,0.444"
X-4949,PRR13,54458.0,Del0.8,0.77
X-4949,PRR19,284338.0,MutNovel,"A32V,0.257"
X-4949,PRY,9081.0,Del0.8,0.22
X-4949,PRY,9081.0,Del0.8,0.22
X-4949,PRY2,442862.0,Del0.8,0.22
X-4949,PRY2,442862.0,Del0.8,0.22
X-4949,PTK7,5754.0,MutNovel,"R503H,0.447"
X-4949,PWWP2B,170394.0,MutNovel,"G207S,0.371"
X-4949,RAB20,55647.0,Amp8,9.32
X-4949,RAB32,10981.0,Amp5,6.36
X-4949,RACGAP1,29127.0,Del0.8,0.76
X-4949,RAD52,5893.0,Amp5,5.24
X-4949,RAET1E,135250.0,Amp5,6.5
X-4949,RAET1G,353091.0,Amp5,6.5
X-4949,RAI1,10743.0,MutNovel,"QQ278-,0.394"
X-4949,RAP2A,5911.0,Amp5,6.32
X-4949,RAPGEF3,10411.0,Del0.8,0.76
X-4949,RARG,5916.0,Del0.8,0.77
X-4949,RASA3,22821.0,Amp8,22.01
X-4949,RASAL1,8437.0,MutNovel,"T297P,1.000"
X-4949,RAVER2,55225.0,MutNovel,"R57Q,0.245"
X-4949,RB1,5925.0,MutKnownFunctional,"Q631*,0.667"
X-4949,RBM10,8241.0,MutNovel,"S6P,1.000"
X-4949,RBM14,10432.0,MutNovel,"R606Q,0.744"
X-4949,RBM3,5935.0,Amp5,5.21
X-4949,RBMY1A3P,286557.0,Del0.8,0.22
X-4949,RBMY1B,378948.0,Del0.8,0.22
X-4949,RBMY1B,378948.0,Del0.8,0.22
X-4949,RBMY1E,378950.0,Del0.8,0.22
X-4949,RBMY1E,378950.0,Del0.8,0.22
X-4949,RBMY1F,159163.0,Del0.8,0.22
X-4949,RBMY1F,159163.0,Del0.8,0.22
X-4949,RBMY1J,378951.0,Del0.8,0.22
X-4949,RBMY1J,378951.0,Del0.8,0.22
X-4949,RBMY2EP,159125.0,Del0.8,0.22
X-4949,RBMY2FP,159162.0,Del0.8,0.22
X-4949,RBMY3AP,64593.0,Del0.8,0.22
X-4949,REPS1,85021.0,Amp8,16.11
X-4949,RFWD2,64326.0,MutNovel,"P64S,0.273"
X-4949,RHEBL1,121268.0,Del0.8,0.76
X-4949,RIN3,79890.0,MutNovel,"G967-,0.556"
X-4949,RND1,27289.0,Del0.8,0.76
X-4949,RNF113B,140432.0,Amp5,6.32
X-4949,RNF217,154214.0,Amp8,12.38
X-4949,RPAP3,79657.0,Del0.8,0.76
X-4949,RPS12,6206.0,Amp8,12.82
X-4949,RPS4Y1,6192.0,Del0.8,0.22
X-4949,RPS4Y2,140032.0,Del0.8,0.22
X-4949,RRP7A,27341.0,MutNovel,"R48Q,0.503"
X-4949,RTCA,,MutNovel,"N255D,0.449"
X-4949,SAMD5,389432.0,Amp5,6.36
X-4949,SASH1,23328.0,Amp5,6.5
X-4949,SCMH1,22955.0,MutNovel,"D597N,0.236"
X-4949,SCN8A,6334.0,Del0.8,0.65
X-4949,SEL1L3,23231.0,MutNovel,"H1015Y,0.333"
X-4949,SENP1,29843.0,Del0.8,0.76
X-4949,SERINC1,57515.0,Amp8,13.55
X-4949,SERINC2,347735.0,MutNovel,"-373Q,0.261"
X-4949,SF3B5,83443.0,Amp8,14.62
X-4949,SFMBT2,57713.0,Amp8,10.93
X-4949,SGK1,6446.0,Amp8,16
X-4949,SHANK3,85358.0,MutNovel,"KR1216K,0.963"
X-4949,SHISA8,440829.0,MutNovel,"A320V,1.000"
X-4949,SHPRH,257218.0,Amp5,6.36
X-4949,SHROOM4,57477.0,Amp5,5.21
X-4949,SIM2,6493.0,MutNovel,"FS440F,0.340"
X-4949,SLC10A2,6555.0,Amp8,9
X-4949,SLC11A2,4891.0,Del0.8,0.76
X-4949,SLC15A1,6564.0,Amp5,6.32
X-4949,SLC2A12,154091.0,Amp8,16
X-4949,SLC35A2,7355.0,Amp5,5.21
X-4949,SLC35D3,340146.0,Amp8,14.83
X-4949,SLC38A5,92745.0,Amp5,5.21
X-4949,SLC46A1,113235.0,MutNovel,"P432S,1.000"
X-4949,SLC48A1,55652.0,Del0.8,0.76
X-4949,SLC4A8,9498.0,Del0.8,0.76
X-4949,SLITRK5,26050.0,Amp5,7.06
X-4949,SLITRK6,84189.0,Amp5,7.06
X-4949,SMAGP,57228.0,Del0.8,0.76
X-4949,SMARCD1,6602.0,Del0.8,0.76
X-4949,SMPDL3A,10924.0,Amp8,13.55
X-4949,SMUG1,23583.0,Del0.8,0.77
X-4949,SND1,27044.0,MutNovel,"I501V,0.343"
X-4949,SNORA2A,677793.0,Del0.8,0.76
X-4949,SNORA2B,677794.0,Del0.8,0.76
X-4949,SNORA33,594839.0,Amp8,12.82
X-4949,SNORA34,677815.0,Del0.8,0.76
X-4949,SOAT2,8435.0,Del0.8,0.77
X-4949,SOX1,6656.0,Amp8,11.16
X-4949,SOX21,11166.0,Amp5,6.59
X-4949,SP1,6667.0,Del0.8,0.77
X-4949,SP7,121340.0,Del0.8,0.77
X-4949,SPACA7,122258.0,Amp8,11.16
X-4949,SPATS2,65244.0,Del0.8,0.76
X-4949,SPRYD3,84926.0,Del0.8,0.77
X-4949,SRY,6736.0,Del0.8,0.22
X-4949,SSX1,6756.0,Amp5,5.21
X-4949,SSX3,10214.0,Amp5,5.21
X-4949,SSX4,6759.0,Amp5,5.21
X-4949,SSX4,6759.0,Amp5,5.21
X-4949,SSX5,6758.0,Amp5,5.21
X-4949,STK24,8428.0,Amp5,6.32
X-4949,STL,7955.0,Amp8,14.22
X-4949,STX11,8676.0,Amp8,14.62
X-4949,STXBP5,134957.0,Amp5,6.36
X-4949,SUGP1,57794.0,MutNovel,"D225N,0.298"
X-4949,SUMO4,387082.0,Amp5,6.5
X-4949,SUSD1,64420.0,MutNovel,"L626P,0.523"
X-4949,SUV39H1,6839.0,Amp5,5.21
X-4949,SYNJ2,8871.0,MutNovel,"K5R,0.273"
X-4949,SYP,6855.0,Amp5,5.21
X-4949,TAAR1,134864.0,Amp8,12.82
X-4949,TAAR2,9287.0,Amp8,12.82
X-4949,TAAR3,9288.0,Amp8,12.82
X-4949,TAAR5,9038.0,Amp8,12.82
X-4949,TAB2,23118.0,Amp5,6.5
X-4949,TAF3,83860.0,Amp8,10.93
X-4949,TARBP2,6895.0,Del0.8,0.77
X-4949,TBC1D16,125058.0,MutNovel,"M392K,1.000"
X-4949,TBC1D25,4943.0,Amp5,5.21
X-4949,TBC1D3F,,MutNovel,"R137K,1.000"
X-4949,TBL1Y,90665.0,Del0.8,0.22
X-4949,TBP,6908.0,MutNovel,"-64Q,0.262"
X-4949,TBPL1,9519.0,Amp8,16
X-4949,TCF21,6943.0,Amp8,16
X-4949,TCTN3,26123.0,MutNovel,"S225N,0.337"
X-4949,TENC1,23371.0,Del0.8,0.77
X-4949,TFCP2,7024.0,Del0.8,0.76
X-4949,TFDP1,7027.0,Amp8,22.01
X-4949,TFE3,7030.0,Amp5,5.21
X-4949,TGDS,23483.0,Amp5,6.59
X-4949,TGIF2LY,90655.0,Del0.8,0.22
X-4949,TIMM17B,10245.0,Amp5,5.21
X-4949,TM9SF2,9375.0,Amp5,6.32
X-4949,TMBIM6,7009.0,Del0.8,0.76
X-4949,TMCO3,55002.0,Amp8,22.01
X-4949,TMEM106C,79022.0,Del0.8,0.76
X-4949,TMEM184A,202915.0,MutNovel,"G392GA,0.564"
X-4949,TMEM230,,MutNovel,"S29L,0.889"
X-4949,TMPRSS12,283471.0,Del0.8,0.76
X-4949,TMSB4Y,9087.0,Del0.8,0.22
X-4949,TMTC4,84899.0,Amp5,6.32
X-4949,TNFSF13B,10673.0,Amp8,11.63
X-4949,TOMM40L,84134.0,MutNovel,"N258S,0.211"
X-4949,TP53,7157.0,MutKnownFunctional,"E287*,1.000"
X-4949,TPD52L1,7164.0,Amp8,14.12
X-4949,TPP2,7174.0,Amp8,9
X-4949,TRDN,10345.0,Amp8,13.74
X-4949,TRIM58,25893.0,Amp8,9.38
X-4949,TRIP11,9321.0,MutNovel,"H1120Y,0.522"
X-4949,TRMT11,60487.0,Amp5,6.41
X-4949,TROAP,10024.0,Del0.8,0.76
X-4949,TSPY1,7258.0,Del0.8,0.22
X-4949,TSPY2,64591.0,Del0.8,0.22
X-4949,TSPY3,728137.0,Del0.8,0.22
X-4949,TSPY4,728395.0,Del0.8,0.22
X-4949,TSPY8,728403.0,Del0.8,0.22
X-4949,TSPYL1,7259.0,MutNovel,"V176VW,0.822"
X-4949,TTC21B,79809.0,MutNovel,"I1286T,0.440"
X-4949,TTTY10,246119.0,Del0.8,0.22
X-4949,TTTY11,83866.0,Del0.8,0.22
X-4949,TTTY12,83867.0,Del0.8,0.22
X-4949,TTTY13,83868.0,Del0.8,0.22
X-4949,TTTY14,83869.0,Del0.8,0.22
X-4949,TTTY15,64595.0,Del0.8,0.22
X-4949,TTTY16,252948.0,Del0.8,0.22
X-4949,TTTY17A,252949.0,Del0.8,0.17
X-4949,TTTY17A,252949.0,Del0.8,0.13
X-4949,TTTY18,252950.0,Del0.8,0.22
X-4949,TTTY19,252952.0,Del0.8,0.22
X-4949,TTTY1B,100101116.0,Del0.8,0.22
X-4949,TTTY1B,100101116.0,Del0.8,0.22
X-4949,TTTY2,60439.0,Del0.8,0.22
X-4949,TTTY2,60439.0,Del0.8,0.22
X-4949,TTTY20,252951.0,Del0.8,0.22
X-4949,TTTY21,252953.0,Del0.8,0.22
X-4949,TTTY21,252953.0,Del0.8,0.22
X-4949,TTTY22,252954.0,Del0.8,0.22
X-4949,TTTY23,252955.0,Del0.8,0.22
X-4949,TTTY23,252955.0,Del0.8,0.22
X-4949,TTTY3,114760.0,Del0.8,0.17
X-4949,TTTY3,114760.0,Del0.8,0.22
X-4949,TTTY4,114761.0,Del0.8,0.07
X-4949,TTTY4,114761.0,Del0.8,0.13
X-4949,TTTY5,83863.0,Del0.8,0.22
X-4949,TTTY6,84672.0,Del0.8,0.22
X-4949,TTTY6,84672.0,Del0.8,0.22
X-4949,TTTY7,246122.0,Del0.8,0.22
X-4949,TTTY7,246122.0,Del0.8,0.22
X-4949,TTTY7B,100101120.0,Del0.8,0.22
X-4949,TTTY7B,100101120.0,Del0.8,0.22
X-4949,TTTY8,84673.0,Del0.8,0.22
X-4949,TTTY8,84673.0,Del0.8,0.22
X-4949,TTTY9A,83864.0,Del0.8,0.22
X-4949,TTTY9A,83864.0,Del0.8,0.22
X-4949,TUBA1A,7846.0,Del0.8,0.76
X-4949,TUBA1B,10376.0,Del0.8,0.76
X-4949,TUBA1C,84790.0,Del0.8,0.76
X-4949,TUBAL3,79861.0,Amp8,9.58
X-4949,TUBB8,347688.0,MutNovel,"Q134H,0.500"
X-4949,TUBGCP3,10426.0,Amp8,11.16
X-4949,TXLNB,167838.0,Amp8,16.11
X-4949,TXLNG2P,246126.0,Del0.8,0.22
X-4949,UBAC2,337867.0,Amp5,6.32
X-4949,UBAC2-AS1,100289373.0,Amp5,6.32
X-4949,UBE2J1,51465.0,MutNovel,"D279H,0.323"
X-4949,UCN3,114131.0,Amp8,9.58
X-4949,UGGT2,55757.0,Amp5,6.45
X-4949,ULBP2,80328.0,MutNovel,"T38I,0.989"
X-4949,ULBP2,80328.0,Amp5,6.5
X-4949,UNG,7374.0,MutNovel,"R269Q,0.996"
X-4949,UPF3A,65110.0,Amp8,22.01
X-4949,USP27X,389856.0,Amp5,5.21
X-4949,USP9Y,8287.0,Del0.8,0.22
X-4949,UST,10090.0,Amp5,6.5
X-4949,UTRN,7402.0,Amp8,8.4
X-4949,UTY,7404.0,Del0.8,0.22
X-4949,VASN,114990.0,MutNovel,"A253V,0.329"
X-4949,VCY,9084.0,Del0.8,0.22
X-4949,VCY,9084.0,Del0.8,0.22
X-4949,VDR,7421.0,Del0.8,0.76
X-4949,VN1R1,57191.0,MutKnownFunctional,"-22?,0.278"
X-4949,VNN1,8876.0,Amp8,12.82
X-4949,VNN2,8875.0,Amp8,12.82
X-4949,VNN3,55350.0,Amp8,12.82
X-4949,VRK3,51231.0,MutNovel,"P349L,0.693"
X-4949,VTA1,51534.0,Amp8,9.25
X-4949,WAS,7454.0,Amp5,5.21
X-4949,WDR13,64743.0,Amp5,5.21
X-4949,WDR45,11152.0,Amp5,5.21
X-4949,WNK1,65125.0,Amp5,5.24
X-4949,WNT1,7471.0,Del0.8,0.76
X-4949,WNT10B,7480.0,Del0.8,0.76
X-4949,XKRY2,353515.0,Del0.8,0.22
X-4949,XKRY2,353515.0,Del0.8,0.22
X-4949,XPR1,9213.0,MutNovel,"F357V,0.275"
X-4949,ZC3H12D,340152.0,Amp5,6.5
X-4949,ZFPM1,161882.0,MutNovel,"VK202V,0.778"
X-4949,ZFY,7544.0,Del0.8,0.22
X-4949,ZIC2,7546.0,Amp5,6.32
X-4949,ZIC5,85416.0,Amp5,6.32
X-4949,ZNF384,171017.0,MutNovel,"QQ514Q,0.329"
X-4949,ZNF385A,25946.0,Del0.8,0.77
X-4949,ZNF444,55311.0,MutNovel,"H229HPGS,0.206"
X-4949,ZNF469,84627.0,MutNovel,"G2340S,0.733"
X-4949,ZNF469,84627.0,MutNovel,"M3451I,0.235"
X-4949,ZNF518B,85460.0,MutNovel,"V712M,0.312"
X-4949,ZNF587,84914.0,MutNovel,"R173H,0.378"
X-4949,ZNF641,121274.0,Del0.8,0.76
X-4949,ZNF721,170960.0,MutKnownFunctional,"-886,0.333"
X-4949,ZNF740,283337.0,Del0.8,0.77
X-4949,ZNF90,7643.0,MutKnownFunctional,"-300,0.926"
X-4949,ZYX,7791.0,MutNovel,"R475H,0.210"
X-5249,A2M,2.0,Amp5,6.45
X-5249,A2ML1,144568.0,Amp5,6.45
X-5249,A2MP1,3.0,Amp5,6.45
X-5249,ABCC10,89845.0,MutNovel,"P244T,0.458"
X-5249,ABCC9,10060.0,Amp8,9.71
X-5249,ABLIM2,84448.0,Del0.8,0.78
X-5249,ACER3,55331.0,Amp8,15.67
X-5249,ACOT1,641371.0,Del0.8,0.42
X-5249,ACOT7,11332.0,MutNovel,"A30P,1.000"
X-5249,ACRBP,84519.0,Amp5,7.62
X-5249,ACSM4,341392.0,Amp5,7.62
X-5249,ADAMTS5,11096.0,MutNovel,"E428D,0.500"
X-5249,ADCK5,203054.0,Amp5,5.46
X-5249,ADCY8,114.0,Amp5,5.43
X-5249,ADIPOR2,79602.0,Amp5,7.52
X-5249,AEBP2,121536.0,Amp8,12.21
X-5249,AICDA,57379.0,Amp5,6.45
X-5249,AKAP3,10566.0,Amp5,7.26
X-5249,AKAP8,10270.0,MutNovel,"R242W,0.731"
X-5249,ALG8,79053.0,Amp8,10.56
X-5249,AMELY,266.0,Del0.8,0.23
X-5249,ANAPC4,29945.0,Del0.8,0.72
X-5249,ANKRD42,338699.0,Amp5,5.31
X-5249,ANO2,57101.0,Amp5,7.62
X-5249,ANP32C,23520.0,MutNovel,"Q107K,1.000"
X-5249,ANXA13,312.0,Amp5,5.5
X-5249,APOBEC1,339.0,Amp5,7.62
X-5249,APOLD1,81575.0,Amp8,8.75
X-5249,AQP11,282679.0,Amp8,17.15
X-5249,ARC,23237.0,Amp5,5.13
X-5249,ARHGAP39,80728.0,Amp5,5.46
X-5249,ARHGDIB,397.0,Amp5,7.67
X-5249,ART4,420.0,Amp5,7.67
X-5249,ASAP1,50807.0,Amp5,5.43
X-5249,ASAP1-IT1,29065.0,Amp5,5.43
X-5249,ATAD2,29028.0,Amp5,5.5
X-5249,ATF7IP,55729.0,Amp5,7.67
X-5249,ATN1,1822.0,Amp5,7.62
X-5249,ATP5SL,55101.0,MutNovel,"E195K,0.532"
X-5249,ATP6AP1,537.0,MutNovel,"A33AE,1.000"
X-5249,B3GNT6,192134.0,Amp8,15.67
X-5249,B4GALNT3,283358.0,Amp5,7.52
X-5249,BAI1,575.0,Amp5,5.13
X-5249,BCAT1,586.0,Amp8,17.63
X-5249,BCL2L14,79370.0,Amp8,8.75
X-5249,BCORP1,286554.0,Del0.8,0.18
X-5249,BHLHE41,79365.0,Amp8,22.16
X-5249,BMP6,654.0,MutNovel,"R28Q,0.400"
X-5249,BOP1,23246.0,Amp5,5.46
X-5249,BPY2B,442867.0,Del0.8,0.09
X-5249,BPY2B,442867.0,Del0.8,0.13
X-5249,BRD2,6046.0,MutNovel,"A49C,0.494"
X-5249,BREA2,286076.0,Amp5,5.46
X-5249,BTG3,10950.0,Del0.8,0.29
X-5249,C10orf114,399726.0,Amp5,5.7
X-5249,C11orf41,25758.0,MutNovel,"N1462Y,0.231"
X-5249,C11orf67,28971.0,Amp8,17.15
X-5249,C11orf82,220042.0,Amp5,5.31
X-5249,C12orf32,83695.0,Amp5,7.52
X-5249,C12orf36,283422.0,Amp5,7.67
X-5249,C12orf39,80763.0,Amp8,9.71
X-5249,C12orf4,57102.0,Amp5,7.26
X-5249,C12orf49,79794.0,MutNovel,"A127T,0.995"
X-5249,C12orf5,57103.0,Amp5,7.26
X-5249,C12orf53,196500.0,Amp5,7.62
X-5249,C12orf57,113246.0,Amp5,7.62
X-5249,C12orf59,120939.0,Amp5,6.5
X-5249,C12orf60,144608.0,Amp5,7.67
X-5249,C12orf69,440087.0,Amp5,7.67
X-5249,C12orf77,196415.0,Amp8,25.81
X-5249,C17orf58,284018.0,MutNovel,"R49Q,0.989"
X-5249,C19orf47,126526.0,MutNovel,"Q23E,1.000"
X-5249,C1R,715.0,Amp5,7.62
X-5249,C1RL,51279.0,Amp5,7.62
X-5249,C1S,716.0,Amp5,7.62
X-5249,C21orf91,54149.0,Del0.8,0.26
X-5249,C21orf91-OT1,246312.0,Del0.8,0.26
X-5249,C3AR1,719.0,Amp5,7.62
X-5249,C6orf52,347744.0,MutNovel,"K70R,0.579"
X-5249,C8orf31,286122.0,Amp5,5.13
X-5249,C8orf33,65265.0,Amp5,5.46
X-5249,C8orf73,642475.0,Amp5,5.46
X-5249,C8orf76,84933.0,Amp5,5.5
X-5249,C8orf82,414919.0,Amp5,5.46
X-5249,CACNA1C,775.0,Amp5,7.52
X-5249,CACNA2D4,93589.0,Amp5,7.52
X-5249,CAPN5,726.0,Amp8,13.09
X-5249,CAPZA3,93661.0,Amp8,12.21
X-5249,CARS,833.0,MutNovel,"E570A,0.376"
X-5249,CASC1,55259.0,Amp8,25.81
X-5249,CBWD3,445571.0,MutNovel,"D163G,0.706"
X-5249,CCDC166,100130274.0,Amp5,5.46
X-5249,CCDC77,84318.0,Amp5,7.52
X-5249,CCDC90B,60492.0,Amp5,5.31
X-5249,CCND2,894.0,Amp5,7.26
X-5249,CD163,9332.0,Amp5,7.62
X-5249,CD163L1,283316.0,Amp5,7.62
X-5249,CD27,939.0,Amp5,7.62
X-5249,CD4,920.0,Amp5,7.62
X-5249,CD69,969.0,Amp5,6.5
X-5249,CD8B,926.0,MutNovel,"R51C,0.600"
X-5249,CD9,928.0,Amp5,7.62
X-5249,CDC42EP1,11135.0,MutNovel,"PAPAANPS253P,1.000"
X-5249,CDCA3,83461.0,Amp5,7.62
X-5249,CDH1,999.0,MutLikelyFunctional,"A592T,0.992"
X-5249,CDKN1B,1027.0,Amp8,8.75
X-5249,CDKN2A,1029.0,Del0.8,0.71
X-5249,CDKN2B,1030.0,Del0.8,0.34
X-5249,CDY1B,253175.0,Del0.8,0.18
X-5249,CDY1B,253175.0,Del0.8,0.13
X-5249,CDY2A,9426.0,Del0.8,0.12
X-5249,CDY2A,9426.0,Del0.8,0.12
X-5249,CDY2B,203611.0,Del0.8,0.12
X-5249,CDY2B,203611.0,Del0.8,0.12
X-5249,CEBPA,1050.0,MutNovel,"P129S,0.833"
X-5249,CES4A,283848.0,MutNovel,"Y349H,1.000"
X-5249,CFHR1,3078.0,Amp8,8.82
X-5249,CFHR3,10878.0,Amp8,8.82
X-5249,CHD4,1108.0,Amp5,7.62
X-5249,CHODL,140578.0,Del0.8,0.25
X-5249,CHODL-AS1,54075.0,Del0.8,0.21
X-5249,CHRAC1,54108.0,Amp5,5.43
X-5249,CHST15,51363.0,MutKnownFunctional,"-456,1.000"
X-5249,CHSY3,337876.0,MutNovel,"R170L,1.000"
X-5249,CLEC12A,160364.0,Amp5,6.5
X-5249,CLEC12B,387837.0,Amp5,6.5
X-5249,CLEC1A,51267.0,Amp5,6.5
X-5249,CLEC1B,51266.0,Amp5,6.5
X-5249,CLEC2A,387836.0,Amp5,6.5
X-5249,CLEC2B,9976.0,Amp5,6.5
X-5249,CLEC2D,29121.0,Amp5,6.5
X-5249,CLEC4A,50856.0,Amp5,7.62
X-5249,CLEC4C,170482.0,Amp5,7.62
X-5249,CLEC4D,338339.0,Amp5,6.45
X-5249,CLEC4E,26253.0,Amp5,6.45
X-5249,CLEC6A,93978.0,Amp5,6.45
X-5249,CLEC7A,64581.0,Amp5,6.5
X-5249,CLEC9A,283420.0,Amp5,6.5
X-5249,CLECL1,160365.0,Amp5,6.5
X-5249,CLNS1A,1207.0,Amp8,17.15
X-5249,CLSTN3,9746.0,Amp5,7.62
X-5249,CMAS,55907.0,Amp5,7.41
X-5249,COL14A1,7373.0,Amp5,5.78
X-5249,COL18A1,80781.0,MutNovel,"G1174R,1.000"
X-5249,COL22A1,169044.0,Amp5,5.43
X-5249,COLEC10,10584.0,Amp5,5.78
X-5249,COMMD5,28991.0,Amp5,5.46
X-5249,COPS7A,50813.0,Amp5,7.62
X-5249,CPSF1,29894.0,Amp5,5.46
X-5249,CREBBP,1387.0,Del0.8,0.29
X-5249,CREBL2,1389.0,Amp8,8.75
X-5249,CRIPAK,285464.0,MutNovel,"V164A,0.714"
X-5249,CSDA,8531.0,Amp5,6.5
X-5249,CSPG4P1Y,114758.0,Del0.8,0.18
X-5249,CSPG4P1Y,114758.0,Del0.8,0.13
X-5249,CTSA,5476.0,MutNovel,"L29-,0.222"
X-5249,CYC1,1537.0,Amp5,5.46
X-5249,CYHR1,50626.0,Amp5,5.46
X-5249,CYP11B1,1584.0,Amp5,5.13
X-5249,CYP11B2,1585.0,Amp5,5.13
X-5249,DACT2,168002.0,MutNovel,"R607C,0.833"
X-5249,DAZ1,1617.0,Del0.8,0.18
X-5249,DAZ2,57055.0,Del0.8,0.16
X-5249,DAZ3,57054.0,Del0.8,0.13
X-5249,DAZ3,57054.0,Del0.8,0.15
X-5249,DAZ4,57135.0,Del0.8,0.15
X-5249,DAZ4,57135.0,Del0.8,0.16
X-5249,DCK,1633.0,MutNovel,"C59Y,0.515"
X-5249,DCP1B,196513.0,Amp5,7.52
X-5249,DDX12P,440081.0,Amp5,5.86
X-5249,DDX3Y,8653.0,Del0.8,0.2
X-5249,DDX47,51202.0,Amp8,8.75
X-5249,DEFB109P1B,641517.0,Amp5,6.28
X-5249,DENND3,22898.0,Amp5,5.43
X-5249,DEPTOR,64798.0,Amp5,5.78
X-5249,DERA,51071.0,Amp8,10.93
X-5249,DERL1,79139.0,Amp5,5.5
X-5249,DGAT1,8694.0,Amp5,5.46
X-5249,DHCR7,1717.0,Amp8,14.83
X-5249,DLX6,1750.0,MutNovel,"Q44QP,0.417"
X-5249,DNAH1,25981.0,MutNovel,"M1959V,1.000"
X-5249,DNASE2,1777.0,MutNovel,"S78T,0.375"
X-5249,DPPA3,359787.0,Amp5,7.62
X-5249,DSCC1,79075.0,Amp5,5.78
X-5249,DSTNP2,171220.0,Amp5,7.62
X-5249,DTX3L,151636.0,Del0.8,0.19
X-5249,DUSP16,80824.0,Amp8,8.75
X-5249,DVL2,1856.0,MutKnownFunctional,"R659*,0.992"
X-5249,DYRK4,8798.0,Amp5,7.26
X-5249,EEF1D,1936.0,Amp5,5.46
X-5249,EFCAB4B,84766.0,Amp5,7.26
X-5249,EFHA2,286097.0,MutNovel,"P111S,0.400"
X-5249,EFNA5,1946.0,Del0.8,0.65
X-5249,EFR3A,23167.0,Amp5,5.43
X-5249,EIF1AY,9086.0,Del0.8,0.18
X-5249,EIF2C2,27161.0,Amp5,5.43
X-5249,EIF3H,8667.0,Amp5,5.78
X-5249,EMG1,10436.0,Amp5,7.62
X-5249,EMP1,2012.0,Amp5,7.67
X-5249,ENO2,2026.0,Amp5,7.62
X-5249,ENPP2,5168.0,Amp5,5.78
X-5249,EPPK1,83481.0,Amp5,5.46
X-5249,EPS8,2059.0,Amp8,10.93
X-5249,ERC1,23085.0,Amp5,7.52
X-5249,ERCC2,2068.0,MutKnownFunctional,"-402?,0.385"
X-5249,ERP27,121506.0,Amp5,7.67
X-5249,ETNK1,55500.0,Amp8,9.58
X-5249,ETV6,2120.0,Amp5,6.59
X-5249,EXOSC4,54512.0,Amp5,5.46
X-5249,EXT1,2131.0,Amp5,5.78
X-5249,FAM106A,80039.0,Del0.8,0.43
X-5249,FAM135B,51059.0,Amp5,5.43
X-5249,FAM157B,100132403.0,MutNovel,"I382M,1.000"
X-5249,FAM181B,220382.0,Amp5,5.31
X-5249,FAM197Y2P,252946.0,Del0.8,0.2
X-5249,FAM203A,51236.0,Amp5,5.46
X-5249,FAM41AY1,340618.0,Del0.8,0.12
X-5249,FAM41AY1,340618.0,Del0.8,0.12
X-5249,FAM49B,51571.0,Amp5,5.43
X-5249,FAM66C,440078.0,Amp5,7.62
X-5249,FAM83A,84985.0,Amp5,5.5
X-5249,FAM83H,286077.0,Amp5,5.46
X-5249,FAM84B,157638.0,Amp5,5.5
X-5249,FAM91A1,157769.0,Amp5,5.5
X-5249,FBXL14,144699.0,Amp5,7.52
X-5249,FBXL6,26233.0,Amp5,5.46
X-5249,FBXO17,115290.0,MutNovel,"V159M,0.571"
X-5249,FBXO32,114907.0,Amp5,5.5
X-5249,FBXO33,254170.0,MutNovel,"QLRR34R,1.000"
X-5249,FER1L6,654463.0,Amp5,5.5
X-5249,FER1L6-AS1,439941.0,Amp5,5.5
X-5249,FGF23,8074.0,Amp5,7.26
X-5249,FGF6,2251.0,Amp5,7.26
X-5249,FKBP4,2288.0,Amp5,7.52
X-5249,FLJ42102,399923.0,Amp8,14.83
X-5249,FLJ43860,389690.0,Amp5,5.43
X-5249,FNDC1,84624.0,MutNovel,"ATTRRTT1471A,1.000"
X-5249,FOXH1,8928.0,Amp5,5.46
X-5249,FOXJ2,55810.0,Amp5,7.62
X-5249,FOXM1,2305.0,Amp5,7.52
X-5249,GAB2,9846.0,Amp8,10.56
X-5249,GABARAPL1,23710.0,Amp5,6.5
X-5249,GALNT8,26290.0,Amp8,10.13
X-5249,GAPDH,2597.0,Amp5,7.62
X-5249,GCLM,2730.0,MutNovel,"R249W,1.000"
X-5249,GDF3,9573.0,Amp5,7.62
X-5249,GDPD4,220032.0,Amp8,16.34
X-5249,GIGYF2,26058.0,MutNovel,"PQ1231P,0.396"
X-5249,GLI4,2738.0,Amp5,5.46
X-5249,GML,2765.0,Amp5,5.13
X-5249,GNB3,2784.0,Amp5,7.62
X-5249,GOLGA1,2800.0,MutNovel,"M187I,1.000"
X-5249,GOLGA2P2Y,84559.0,Del0.8,0.13
X-5249,GOLGA2P2Y,84559.0,Del0.8,0.18
X-5249,GOLGA8DP,100132979.0,Del0.8,0.67
X-5249,GOLT1B,51026.0,Amp8,9.71
X-5249,GPAA1,8733.0,Amp5,5.46
X-5249,GPIHBP1,338328.0,Amp5,5.13
X-5249,GPR161,23432.0,MutKnownFunctional,"-18?,1.000"
X-5249,GPR162,27239.0,Amp5,7.62
X-5249,GPR19,2842.0,Amp8,8.75
X-5249,GPR20,2843.0,Amp5,5.43
X-5249,GPRC5A,9052.0,Amp8,8.75
X-5249,GPRC5D,55507.0,Amp8,8.75
X-5249,GPT,2875.0,Amp5,5.46
X-5249,GRIN2B,2904.0,Amp5,7.67
X-5249,GRINA,2907.0,Amp5,5.46
X-5249,GSDMC,56169.0,Amp5,5.43
X-5249,GSDMD,79792.0,Amp5,5.46
X-5249,GSG1,83445.0,Amp8,8.75
X-5249,GSTT1,2952.0,Del0.8,0.59
X-5249,GTF2H2C,728340.0,Del0.8,0.58
X-5249,GUCY2C,2984.0,Amp5,7.67
X-5249,GUSBP3,653188.0,Del0.8,0.58
X-5249,GYG2P1,352887.0,Del0.8,0.2
X-5249,GYS2,2998.0,Amp8,9.71
X-5249,H2AFJ,55766.0,Amp5,7.67
X-5249,HAS2,3037.0,Amp5,5.5
X-5249,HAS2-AS1,594842.0,Amp5,5.5
X-5249,HEATR7A,727957.0,Amp5,5.46
X-5249,HEBP1,50865.0,Amp8,8.75
X-5249,HHLA1,10086.0,Amp5,5.43
X-5249,HIST4H4,121504.0,Amp5,7.67
X-5249,HNRNPCL1,343069.0,MutNovel,"P253L,1.000"
X-5249,HNRNPCL1,343069.0,MutNovel,"E245D,1.000"
X-5249,HOXC10,3226.0,MutNovel,"A85S,1.000"
X-5249,HPYR1,93668.0,Amp5,5.43
X-5249,HSD17B1,3292.0,MutKnownFunctional,"-319,0.489"
X-5249,HSF1,3297.0,Amp5,5.46
X-5249,HSFY2,159119.0,Del0.8,0.12
X-5249,HSFY2,159119.0,Del0.8,0.12
X-5249,HTR7P1,93164.0,Amp8,8.75
X-5249,IAPP,3375.0,Amp8,9.71
X-5249,IFFO1,25900.0,Amp5,7.62
X-5249,IFLTD1,160492.0,Amp8,26.54
X-5249,IGFBP2,3485.0,MutNovel,"L17LLPP,0.816"
X-5249,ING4,51147.0,Amp5,7.62
X-5249,INTS4,92105.0,Amp8,17.15
X-5249,ITFG2,55846.0,Amp5,7.52
X-5249,JRK,8629.0,Amp5,5.13
X-5249,KCNA1,3736.0,Amp8,10.13
X-5249,KCNA5,3741.0,Amp8,10.13
X-5249,KCNA6,3742.0,Amp8,10.13
X-5249,KCNJ8,3764.0,Amp8,9.71
X-5249,KCNK9,51305.0,Amp5,5.43
X-5249,KCNQ3,3786.0,Amp5,5.43
X-5249,KCTD14,65987.0,Amp8,17.15
X-5249,KCTD21,283219.0,Amp8,10.56
X-5249,KDM5A,5927.0,MutNovel,"L1096P,0.209"
X-5249,KDM5A,5927.0,MutNovel,"V1093A,0.303"
X-5249,KDM5A,5927.0,MutNovel,"R844W,0.262"
X-5249,KDM5D,8284.0,Del0.8,0.18
X-5249,KHDRBS3,10656.0,Amp5,5.43
X-5249,KIAA0196,9897.0,Amp5,5.5
X-5249,KIAA0528,9847.0,Amp8,10.85
X-5249,KIAA1467,57613.0,Amp8,8.75
X-5249,KIAA1875,340390.0,Amp5,5.46
X-5249,KIAA1919,91749.0,MutNovel,"L182Y,0.267"
X-5249,KIAA1958,158405.0,MutNovel,"R623W,1.000"
X-5249,KIF13A,63971.0,MutNovel,"S1710R,0.549"
X-5249,KIFC2,90990.0,Amp5,5.46
X-5249,KLF13,51621.0,MutNovel,"E124D,1.000"
X-5249,KLHL38,340359.0,Amp5,5.5
X-5249,KLRAP1,10748.0,Amp5,6.5
X-5249,KLRB1,3820.0,Amp5,6.5
X-5249,KLRC1,3821.0,Amp5,6.5
X-5249,KLRC2,3822.0,Amp5,6.5
X-5249,KLRC3,3823.0,Amp5,6.5
X-5249,KLRC4,8302.0,Amp5,6.5
X-5249,KLRC4-KLRK1,100528032.0,Amp5,6.5
X-5249,KLRD1,3824.0,Amp5,6.5
X-5249,KLRF1,51348.0,Amp5,6.5
X-5249,KLRF2,100431172.0,Amp5,6.5
X-5249,KLRG1,10219.0,Amp5,6.45
X-5249,KLRK1,22914.0,Amp5,6.5
X-5249,KRAS,3845.0,Amp8,20.68
X-5249,KRT6C,286887.0,MutNovel,"A87G,0.714"
X-5249,KRT86,3892.0,MutNovel,"R24P,1.000"
X-5249,KRTAP5-7,440050.0,Amp8,14.83
X-5249,LAG3,3902.0,Amp5,7.62
X-5249,LCE1D,353134.0,Del0.8,0.43
X-5249,LCE3C,353144.0,Del0.8,0.15
X-5249,LDHB,3945.0,Amp8,9.71
X-5249,LEPREL2,10536.0,Amp5,7.62
X-5249,LGALS9C,654346.0,Del0.8,0.43
X-5249,LINC00051,619434.0,Amp5,5.13
X-5249,LINC00477,144360.0,Amp8,9.58
X-5249,LMNA,4000.0,MutNovel,"V586A,0.977"
X-5249,LMO3,55885.0,Amp8,11.16
X-5249,LOC100128338,100128338.0,Amp5,5.46
X-5249,LOC100130231,100130231.0,Amp5,5.5
X-5249,LOC100131726,100131726.0,Amp5,5.5
X-5249,LOC100133669,100133669.0,Amp5,5.13
X-5249,LOC100271702,100271702.0,Amp5,7.52
X-5249,LOC100272216,100272216.0,Del0.8,0.58
X-5249,LOC100287837,,MutNovel,"P137S,0.257"
X-5249,LOC100288181,100288181.0,Amp5,5.13
X-5249,LOC100292680,100292680.0,Amp5,7.52
X-5249,LOC100499405,100499405.0,Amp5,6.45
X-5249,LOC100506233,100506233.0,Amp5,5.31
X-5249,LOC100506314,100506314.0,Amp8,8.75
X-5249,LOC100506393,100506393.0,Amp8,9.71
X-5249,LOC100506451,100506451.0,Amp8,33.59
X-5249,LOC100507117,100507117.0,Amp5,5.43
X-5249,LOC100507424,100507424.0,Amp5,7.52
X-5249,LOC100996318,,MutNovel,"R218Q,1.000"
X-5249,LOC100996541,,MutNovel,"A181S,1.000"
X-5249,LOC157381,157381.0,Amp5,5.5
X-5249,LOC283440,283440.0,Amp5,7.52
X-5249,LOC286094,286094.0,Amp5,5.43
X-5249,LOC338817,338817.0,Amp8,9.65
X-5249,LOC349196,349196.0,Amp5,6.28
X-5249,LOC374443,374443.0,Amp5,6.5
X-5249,LOC389634,389634.0,Amp5,7.41
X-5249,LOC391322,391322.0,Del0.8,0.59
X-5249,LOC727677,727677.0,Amp5,5.5
X-5249,LOC728724,728724.0,Amp5,5.43
X-5249,LOC728888,,MutNovel,"R113H,1.000"
X-5249,LOC731779,731779.0,Amp5,5.43
X-5249,LOH12CR1,118426.0,Amp8,8.75
X-5249,LOH12CR2,503693.0,Amp8,8.75
X-5249,LPAR5,57121.0,Amp5,7.62
X-5249,LPCAT3,10162.0,Amp5,7.62
X-5249,LRMP,4033.0,Amp8,25.81
X-5249,LRP6,4040.0,Amp8,8.75
X-5249,LRRC14,9684.0,Amp5,5.46
X-5249,LRRC23,10233.0,Amp5,7.62
X-5249,LRRC24,441381.0,Amp5,5.46
X-5249,LRRC6,23639.0,Amp5,5.43
X-5249,LRTM2,654429.0,Amp5,7.52
X-5249,LSR,51599.0,MutNovel,"G518GR,0.406"
X-5249,LTBR,4055.0,Amp5,7.62
X-5249,LY6D,8581.0,Amp5,5.13
X-5249,LY6E,4061.0,Amp5,5.13
X-5249,LY6H,4062.0,Amp5,5.13
X-5249,LY6K,54742.0,Amp5,5.13
X-5249,LYNX1,66004.0,Amp5,5.13
X-5249,LYPD2,137797.0,Amp5,5.13
X-5249,LYRM5,144363.0,Amp8,25.81
X-5249,M6PR,4074.0,Amp5,6.45
X-5249,MAF1,84232.0,Amp5,5.46
X-5249,MAFA,389692.0,Amp5,5.46
X-5249,MAGOHB,55110.0,Amp5,6.5
X-5249,MAL2,114569.0,Amp5,5.78
X-5249,MANSC1,54682.0,Amp8,8.75
X-5249,MAP3K4,4216.0,MutNovel,"PA1189P,0.933"
X-5249,MAPK15,225689.0,Amp5,5.46
X-5249,MAU2,23383.0,MutNovel,"AAQAA8-,0.421"
X-5249,MBD2,8932.0,MutNovel,"G115GA,0.500"
X-5249,MBD2,8932.0,MutNovel,"C111G,0.209"
X-5249,MED30,90390.0,Amp5,5.78
X-5249,MEF2A,4205.0,MutNovel,"QQ412-,1.000"
X-5249,MFAP5,8076.0,Amp5,6.45
X-5249,MFSD3,113655.0,Amp5,5.46
X-5249,MGP,4256.0,Amp5,7.67
X-5249,MGST1,4257.0,Amp8,9.19
X-5249,MIR1204,100302185.0,Amp5,5.31
X-5249,MIR1205,100302161.0,Amp5,5.31
X-5249,MIR1206,100302170.0,Amp5,5.31
X-5249,MIR1207,100302175.0,Amp5,5.31
X-5249,MIR1208,100302281.0,Amp5,5.31
X-5249,MIR1234,100302196.0,Amp5,5.46
X-5249,MIR1244-1,100302285.0,Amp8,8.75
X-5249,MIR1244-1,100302285.0,Amp5,6.45
X-5249,MIR141,406933.0,Amp5,7.62
X-5249,MIR1915,100302129.0,Amp5,5.7
X-5249,MIR200C,406985.0,Amp5,7.62
X-5249,MIR30B,407030.0,Amp5,5.43
X-5249,MIR30D,407033.0,Amp5,5.43
X-5249,MIR3152,100422869.0,Del0.8,0.57
X-5249,MIR3610,100500914.0,Amp5,5.78
X-5249,MIR3649,100500816.0,Amp5,7.52
X-5249,MIR3974,100616279.0,Amp8,11.16
X-5249,MIR4300,100422823.0,Amp5,5.31
X-5249,MIR4302,100422897.0,Amp8,33.59
X-5249,MIR4472-1,100616268.0,Amp5,5.13
X-5249,MIR4663,100616260.0,Amp5,5.5
X-5249,MIR4664,100616318.0,Amp5,5.46
X-5249,MIR613,693198.0,Amp8,8.75
X-5249,MIR614,693199.0,Amp8,8.75
X-5249,MIR661,724031.0,Amp5,5.46
X-5249,MIR708,100126333.0,Amp5,7.94
X-5249,MIR920,100126320.0,Amp8,9.58
X-5249,MIR937,100126338.0,Amp5,5.46
X-5249,MIR939,100126351.0,Amp5,5.46
X-5249,MLF2,8079.0,Amp5,7.62
X-5249,MPRIP,23164.0,MutNovel,"TS178T,1.000"
X-5249,MRPL13,28998.0,Amp5,5.78
X-5249,MRPL51,51258.0,Amp5,7.62
X-5249,MTBP,27085.0,Amp5,5.78
X-5249,MTMR9,66036.0,MutNovel,"V343M,0.407"
X-5249,MTSS1,9788.0,Amp5,5.5
X-5249,MYC,4609.0,Amp8,10.93
X-5249,MYO7A,4647.0,Amp8,13.36
X-5249,NACA2,342538.0,MutNovel,"S19P,1.000"
X-5249,NADSYN1,55191.0,Amp8,14.83
X-5249,NANOG,79923.0,Amp5,7.62
X-5249,NANOGNB,360030.0,Amp5,7.62
X-5249,NAPRT1,93100.0,Amp5,5.46
X-5249,NARS2,79731.0,Amp8,10.56
X-5249,NBPF14,25832.0,MutNovel,"I861G,1.000"
X-5249,NCAPD2,9918.0,Amp5,7.62
X-5249,NCOA3,8202.0,MutNovel,"Q1255-,0.579"
X-5249,NCOR2,9612.0,MutNovel,"G1839GAAA,0.962"
X-5249,NCOR2,9612.0,MutNovel,"-511S,1.000"
X-5249,NCRNA00185,55410.0,Del0.8,0.18
X-5249,NDRG1,10397.0,Amp5,5.43
X-5249,NDUFA9,4704.0,Amp5,7.26
X-5249,NDUFB9,4715.0,Amp5,5.5
X-5249,NDUFC2,4718.0,Amp8,10.56
X-5249,NDUFC2-KCTD14,100532726.0,Amp8,13.45
X-5249,NECAP1,25977.0,Amp5,7.62
X-5249,NFKBIA,4792.0,Del0.8,0.29
X-5249,NINJ2,4815.0,Amp5,7.52
X-5249,NLGN4Y,22829.0,Del0.8,0.2
X-5249,NOP2,4839.0,Amp5,7.62
X-5249,NOV,4856.0,Amp5,5.78
X-5249,NR1H2,7376.0,MutNovel,"-173Q,1.000"
X-5249,NRBP2,340371.0,Amp5,5.46
X-5249,NRIP2,83714.0,Amp5,7.52
X-5249,NSMCE2,286053.0,Amp5,5.5
X-5249,NTF3,4908.0,Amp8,9
X-5249,NYNRIN,57523.0,MutNovel,"Q717E,1.000"
X-5249,OBP2A,29991.0,MutNovel,"F90Y,1.000"
X-5249,OC90,729330.0,Amp5,5.43
X-5249,OCLN,100506658.0,Del0.8,0.76
X-5249,ODZ4,26011.0,Amp8,9.13
X-5249,OLR1,4973.0,Amp5,6.5
X-5249,OMP,4975.0,Amp8,15.67
X-5249,OPA1,4976.0,MutNovel,"D717Y,0.995"
X-5249,OPLAH,26873.0,Amp5,5.46
X-5249,OR2T10,127069.0,Amp5,5.43
X-5249,OR2T11,127077.0,Amp5,5.43
X-5249,OR2T29,343563.0,Amp5,5.43
X-5249,OR2T34,127068.0,Amp5,5.43
X-5249,OR2T35,403244.0,Amp5,5.43
X-5249,ORAI1,84876.0,MutNovel,"PP43-,1.000"
X-5249,ORAI1,84876.0,MutNovel,"PPP43P,1.000"
X-5249,PABPC3,5042.0,MutKnownFunctional,"-299,1.000"
X-5249,PAK1,5058.0,Amp8,16.34
X-5249,PAK4,10298.0,MutNovel,"V71M,0.310"
X-5249,PARP10,84875.0,Amp5,5.46
X-5249,PARP11,57097.0,Amp5,7.26
X-5249,PARP9,83666.0,Del0.8,0.5
X-5249,PCAT1,100750225.0,Amp5,5.5
X-5249,PCDH11Y,83259.0,Del0.8,0.23
X-5249,PCF11,51585.0,Amp5,5.31
X-5249,PDE3A,5139.0,Amp8,9.71
X-5249,PDE4DIP,9659.0,MutNovel,"S2089-,1.000"
X-5249,PDE6H,5149.0,Amp5,7.67
X-5249,PDPR,55066.0,MutNovel,"H214Q,0.263"
X-5249,PEX5,5830.0,Amp5,7.62
X-5249,PHB2,11331.0,Amp5,7.62
X-5249,PHC1,1911.0,Amp5,6.45
X-5249,PHF20L1,51105.0,Amp5,5.43
X-5249,PHLDA1,22822.0,MutNovel,"QQ194Q,1.000"
X-5249,PHLPP1,23239.0,MutNovel,"F291V,0.500"
X-5249,PHTF2,57157.0,MutNovel,"L491S,0.632"
X-5249,PIEZO1,9780.0,MutNovel,"Q749E,0.818"
X-5249,PIEZO1,9780.0,MutNovel,"V250S,1.000"
X-5249,PIEZO2,63895.0,MutNovel,"S1861R,0.462"
X-5249,PIK3C2G,5288.0,Amp8,12.21
X-5249,PLBD1,79887.0,Amp5,7.67
X-5249,PLCZ1,89869.0,Amp8,12.21
X-5249,PLEC,5339.0,Amp5,5.46
X-5249,PLEKHA5,54477.0,Amp8,12.21
X-5249,PLEKHG6,55200.0,Amp5,7.62
X-5249,PNISR,25957.0,MutNovel,"E668-,0.502"
X-5249,POU5F1B,5462.0,Amp5,5.5
X-5249,POU5F1P3,642559.0,Amp5,7.62
X-5249,PPIL2,23759.0,MutNovel,"V109L,1.000"
X-5249,PPP1R16A,84988.0,Amp5,5.46
X-5249,PRB1,5542.0,Amp8,9.65
X-5249,PRB2,653247.0,Amp8,9.65
X-5249,PRB3,5544.0,Amp8,9.65
X-5249,PRB4,5545.0,Amp8,9.65
X-5249,PRCP,5547.0,Amp5,5.31
X-5249,PRH1,5554.0,Amp8,9.25
X-5249,PRH1-PRR4,100533464.0,Amp8,11.79
X-5249,PRH2,5555.0,Amp8,9.25
X-5249,PRKY,5616.0,Del0.8,0.23
X-5249,PRMT8,56341.0,Amp5,7.26
X-5249,PRR4,11272.0,Amp8,9.25
X-5249,PRRC2B,84726.0,MutNovel,"E1140D,1.000"
X-5249,PRRC2B,84726.0,MutNovel,"A1506S,0.279"
X-5249,PRY,9081.0,Del0.8,0.18
X-5249,PRY,9081.0,Del0.8,0.18
X-5249,PRY2,442862.0,Del0.8,0.18
X-5249,PRY2,442862.0,Del0.8,0.18
X-5249,PSCA,8000.0,Amp5,5.13
X-5249,PTK2,5747.0,Amp5,5.43
X-5249,PTMS,5763.0,Amp5,7.62
X-5249,PTP4A3,11156.0,Amp5,5.43
X-5249,PTPN6,5777.0,Amp5,7.62
X-5249,PTPRO,5800.0,Amp5,6.45
X-5249,PUF60,22827.0,Amp5,5.46
X-5249,PVT1,5820.0,Amp5,5.31
X-5249,PYCRL,65263.0,Amp5,5.46
X-5249,PYROXD1,79912.0,Amp8,9.71
X-5249,PZP,5858.0,Amp5,6.45
X-5249,RAB30,27314.0,Amp5,5.31
X-5249,RAD21,5885.0,Amp5,5.78
X-5249,RAD21-AS1,644660.0,Amp5,5.78
X-5249,RAD51AP1,10635.0,Amp5,7.26
X-5249,RAD52,5893.0,Amp5,7.52
X-5249,RASSF8,11228.0,Amp8,33.59
X-5249,RBMX,27316.0,MutKnownFunctional,"-1,1.000"
X-5249,RBMY1A3P,286557.0,Del0.8,0.2
X-5249,RBMY1B,378948.0,Del0.8,0.18
X-5249,RBMY1B,378948.0,Del0.8,0.18
X-5249,RBMY1E,378950.0,Del0.8,0.18
X-5249,RBMY1E,378950.0,Del0.8,0.18
X-5249,RBMY1F,159163.0,Del0.8,0.18
X-5249,RBMY1F,159163.0,Del0.8,0.18
X-5249,RBMY1J,378951.0,Del0.8,0.18
X-5249,RBMY1J,378951.0,Del0.8,0.18
X-5249,RBMY2EP,159125.0,Del0.8,0.18
X-5249,RBMY2FP,159162.0,Del0.8,0.18
X-5249,RBMY3AP,64593.0,Del0.8,0.2
X-5249,RBP5,83758.0,Amp5,7.62
X-5249,RECQL,5965.0,Amp8,9.71
X-5249,RECQL4,9401.0,Amp5,5.46
X-5249,RERG,85004.0,Amp5,7.67
X-5249,RERGL,79785.0,Amp8,11.16
X-5249,RGS12,6002.0,MutKnownFunctional,"-1176?,0.263"
X-5249,RHBDF1,64285.0,MutNovel,"T9M,1.000"
X-5249,RHD,6007.0,Del0.8,0.65
X-5249,RHPN1,114822.0,Amp5,5.46
X-5249,RIMKLB,57494.0,Amp5,6.45
X-5249,RIN3,79890.0,MutNovel,"G967-,1.000"
X-5249,RNF139,11236.0,Amp5,5.5
X-5249,RPL13AP20,387841.0,Amp8,8.75
X-5249,RPL13P5,283345.0,Amp5,7.62
X-5249,RPL8,6132.0,Amp5,5.46
X-5249,RPS29,6235.0,MutKnownFunctional,"-21?,0.519"
X-5249,RPS4Y1,6192.0,Del0.8,0.23
X-5249,RPS4Y2,140032.0,Del0.8,0.18
X-5249,RRP1B,23076.0,MutNovel,"T539A,1.000"
X-5249,RSF1,51773.0,Amp8,17.15
X-5249,SAMD12,401474.0,Amp5,5.78
X-5249,SAMD12-AS1,552860.0,Amp5,5.78
X-5249,SAYSD1,55776.0,MutNovel,"G137R,0.488"
X-5249,SCAPER,49855.0,Del0.8,0.71
X-5249,SCARNA10,692148.0,Amp5,7.62
X-5249,SCARNA11,677780.0,Amp5,7.62
X-5249,SCARNA12,677777.0,Amp5,7.62
X-5249,SCNN1A,6337.0,Amp5,7.62
X-5249,SCRIB,23513.0,Amp5,5.46
X-5249,SCRT1,83482.0,Amp5,5.46
X-5249,SCXA,100129885.0,Amp5,5.46
X-5249,SERHL2,253190.0,MutNovel,"H168Q,1.000"
X-5249,SERPINB3,6317.0,MutNovel,"V134T,0.500"
X-5249,SETD2,29072.0,MutNovel,"I673K,0.571"
X-5249,SHANK2,22941.0,Amp5,5.5
X-5249,SHARPIN,81858.0,Amp5,5.46
X-5249,SKP1P2,728622.0,Amp8,11.16
X-5249,SLA,6503.0,Amp5,5.43
X-5249,SLC15A5,729025.0,Amp5,7.16
X-5249,SLC2A14,144195.0,Amp5,7.62
X-5249,SLC2A3,6515.0,Amp5,7.62
X-5249,SLC30A8,169026.0,Amp5,5.78
X-5249,SLC35B3,51000.0,MutNovel,"K109M,0.570"
X-5249,SLC39A4,55630.0,Amp5,5.46
X-5249,SLC45A4,57210.0,Amp5,5.43
X-5249,SLCO1A2,6579.0,Amp8,9.71
X-5249,SLCO1B1,10599.0,Amp8,9.71
X-5249,SLCO1B3,28234.0,Amp8,9.71
X-5249,SLCO1B7,338821.0,Amp8,9.71
X-5249,SLCO1C1,53919.0,Amp8,9.71
X-5249,SLURP1,57152.0,Amp5,5.13
X-5249,SNORA70E,100379250.0,Amp5,5.31
X-5249,SORBS1,10580.0,MutNovel,"T181A,0.700"
X-5249,SOX5,6660.0,Amp8,9.58
X-5249,SPATC1,375686.0,Amp5,5.46
X-5249,SPNS2,124976.0,MutNovel,"T74A,0.375"
X-5249,SPSB2,84727.0,Amp5,7.62
X-5249,SQLE,6713.0,Amp5,5.5
X-5249,SRRM2,23524.0,MutNovel,"S2619-,1.000"
X-5249,SRY,6736.0,Del0.8,0.23
X-5249,SSPN,8082.0,Amp8,8.51
X-5249,ST3GAL1,6482.0,Amp5,5.43
X-5249,ST8SIA1,6489.0,Amp8,10.13
X-5249,STK24,8428.0,MutNovel,"A414V,0.996"
X-5249,STRAP,11171.0,Amp8,10.93
X-5249,STYK1,55359.0,Amp5,6.5
X-5249,TAF2,6873.0,Amp5,5.78
X-5249,TAG,404663.0,Del0.8,0.55
X-5249,TAOK2,9344.0,MutNovel,"A400D,0.511"
X-5249,TAPBPL,55080.0,Amp5,7.62
X-5249,TAS2R10,50839.0,Amp8,9.25
X-5249,TAS2R13,50838.0,Amp8,9.25
X-5249,TAS2R14,50840.0,Amp8,9.25
X-5249,TAS2R19,259294.0,Amp8,9.25
X-5249,TAS2R20,259295.0,Amp8,9.25
X-5249,TAS2R30,259293.0,Amp8,9.65
X-5249,TAS2R31,259290.0,Amp8,9.25
X-5249,TAS2R42,353164.0,Amp8,9.65
X-5249,TAS2R43,259289.0,Amp8,18.25
X-5249,TAS2R46,259292.0,MutNovel,"L236V,1.000"
X-5249,TAS2R46,259292.0,Amp8,9.25
X-5249,TAS2R50,259296.0,Amp8,9.25
X-5249,TAS2R7,50837.0,Amp8,9.25
X-5249,TAS2R8,50836.0,Amp8,9.25
X-5249,TAS2R9,50835.0,Amp8,9.25
X-5249,TATDN1,83940.0,Amp5,5.5
X-5249,TBL1Y,90665.0,Del0.8,0.23
X-5249,TEAD4,7004.0,Amp5,7.52
X-5249,TG,7038.0,Amp5,5.43
X-5249,TGIF2LY,90655.0,Del0.8,0.23
X-5249,THRSP,7069.0,Amp8,10.56
X-5249,TIGD5,84948.0,Amp5,5.46
X-5249,TMBIM4,51643.0,MutKnownFunctional,"-174?,0.955"
X-5249,TMED10P1,286102.0,Amp5,5.46
X-5249,TMEM65,157378.0,Amp5,5.5
X-5249,TMEM71,137835.0,Amp5,5.43
X-5249,TMPRSS15,5651.0,Del0.8,0.47
X-5249,TMSB4Y,9087.0,Del0.8,0.2
X-5249,TNFRSF11B,4982.0,Amp5,5.78
X-5249,TNFRSF1A,7132.0,Amp5,7.62
X-5249,TONSL,4796.0,Amp5,5.46
X-5249,TOP1MT,116447.0,Amp5,5.46
X-5249,TP53,7157.0,MutKnownFunctional,"R282W,0.984"
X-5249,TPI1,7167.0,Amp5,7.62
X-5249,TRAPPC9,83696.0,Amp5,5.43
X-5249,TRIB1,10221.0,Amp5,5.5
X-5249,TRMT12,55039.0,Amp5,5.5
X-5249,TRPS1,7227.0,Amp5,7.06
X-5249,TSC2,7249.0,MutKnownFunctional,"-1771,1.000"
X-5249,TSKU,25987.0,Amp8,15.67
X-5249,TSNARE1,203062.0,Amp5,5.13
X-5249,TSPAN9,10867.0,Amp5,6.23
X-5249,TSPY1,7258.0,Del0.8,0.2
X-5249,TSPY2,64591.0,Del0.8,0.23
X-5249,TSPY3,728137.0,Del0.8,0.2
X-5249,TSPY4,728395.0,Del0.8,0.2
X-5249,TSPY8,728403.0,Del0.8,0.2
X-5249,TSPYL1,7259.0,MutNovel,"V176VW,0.508"
X-5249,TSTA3,7264.0,Amp5,5.46
X-5249,TTTY10,246119.0,Del0.8,0.18
X-5249,TTTY11,83866.0,Del0.8,0.2
X-5249,TTTY12,83867.0,Del0.8,0.2
X-5249,TTTY13,83868.0,Del0.8,0.18
X-5249,TTTY14,83869.0,Del0.8,0.18
X-5249,TTTY15,64595.0,Del0.8,0.2
X-5249,TTTY16,252948.0,Del0.8,0.2
X-5249,TTTY17A,252949.0,Del0.8,0.09
X-5249,TTTY17A,252949.0,Del0.8,0.13
X-5249,TTTY18,252950.0,Del0.8,0.2
X-5249,TTTY19,252952.0,Del0.8,0.2
X-5249,TTTY1B,100101116.0,Del0.8,0.23
X-5249,TTTY1B,100101116.0,Del0.8,0.2
X-5249,TTTY2,60439.0,Del0.8,0.2
X-5249,TTTY2,60439.0,Del0.8,0.23
X-5249,TTTY20,252951.0,Del0.8,0.2
X-5249,TTTY21,252953.0,Del0.8,0.23
X-5249,TTTY21,252953.0,Del0.8,0.2
X-5249,TTTY22,252954.0,Del0.8,0.2
X-5249,TTTY23,252955.0,Del0.8,0.2
X-5249,TTTY23,252955.0,Del0.8,0.23
X-5249,TTTY3,114760.0,Del0.8,0.18
X-5249,TTTY3,114760.0,Del0.8,0.13
X-5249,TTTY4,114761.0,Del0.8,0.13
X-5249,TTTY4,114761.0,Del0.8,0.09
X-5249,TTTY5,83863.0,Del0.8,0.18
X-5249,TTTY6,84672.0,Del0.8,0.18
X-5249,TTTY6,84672.0,Del0.8,0.18
X-5249,TTTY7,246122.0,Del0.8,0.23
X-5249,TTTY7,246122.0,Del0.8,0.2
X-5249,TTTY7B,100101120.0,Del0.8,0.2
X-5249,TTTY7B,100101120.0,Del0.8,0.23
X-5249,TTTY8,84673.0,Del0.8,0.23
X-5249,TTTY8,84673.0,Del0.8,0.2
X-5249,TTTY9A,83864.0,Del0.8,0.12
X-5249,TTTY9A,83864.0,Del0.8,0.12
X-5249,TULP3,7289.0,Amp5,7.52
X-5249,TXLNG2P,246126.0,Del0.8,0.18
X-5249,ULBP2,80328.0,MutNovel,"A28D,0.600"
X-5249,UQCRHL,440567.0,MutKnownFunctional,"-82,1.000"
X-5249,USP32P2,220594.0,Del0.8,0.43
X-5249,USP35,57558.0,Amp8,10.56
X-5249,USP5,8078.0,Amp5,7.62
X-5249,USP9Y,8287.0,Del0.8,0.2
X-5249,UTP23,84294.0,Amp5,5.78
X-5249,UTY,7404.0,Del0.8,0.2
X-5249,VAMP1,6843.0,Amp5,7.62
X-5249,VCY,9084.0,Del0.8,0.2
X-5249,VCY,9084.0,Del0.8,0.2
X-5249,VPS28,51160.0,Amp5,5.46
X-5249,VWF,7450.0,Amp5,7.62
X-5249,WBP11,51729.0,Amp5,7.67
X-5249,WDR67,93594.0,Amp5,5.5
X-5249,WDYHV1,55093.0,Amp5,5.5
X-5249,WISP1,8840.0,Amp5,5.43
X-5249,WNK1,65125.0,Amp5,7.52
X-5249,WNT5B,81029.0,Amp5,7.52
X-5249,XDH,7498.0,MutNovel,"P1110L,1.000"
X-5249,XKRY2,353515.0,Del0.8,0.12
X-5249,XKRY2,353515.0,Del0.8,0.12
X-5249,YIPF2,78992.0,MutNovel,"S284L,1.000"
X-5249,YY1AP1,55249.0,MutNovel,"M624V,0.995"
X-5249,ZBED3,84327.0,MutNovel,"A179G,1.000"
X-5249,ZC3H3,23144.0,Amp5,5.46
X-5249,ZCCHC4,29063.0,Del0.8,0.72
X-5249,ZFAT,57623.0,Amp5,5.43
X-5249,ZFAT-AS1,594840.0,Amp5,5.43
X-5249,ZFP41,286128.0,Amp5,5.46
X-5249,ZFY,7544.0,Del0.8,0.23
X-5249,ZHX1,11244.0,Amp5,5.5
X-5249,ZHX1-C8ORF76,100533106.0,Amp5,5.5
X-5249,ZHX2,22882.0,Amp5,5.5
X-5249,ZNF16,7564.0,Amp5,5.46
X-5249,ZNF250,58500.0,Amp5,5.46
X-5249,ZNF251,90987.0,Amp5,5.46
X-5249,ZNF34,80778.0,Amp5,5.46
X-5249,ZNF384,171017.0,Amp5,7.62
X-5249,ZNF517,340385.0,Amp5,5.46
X-5249,ZNF572,137209.0,Amp5,5.5
X-5249,ZNF595,152687.0,Del0.8,0.57
X-5249,ZNF623,9831.0,Amp5,5.46
X-5249,ZNF696,79943.0,Amp5,5.46
X-5249,ZNF7,7553.0,Amp5,5.46
X-5249,ZNF705A,440077.0,Amp5,7.62
X-5249,ZNF707,286075.0,Amp5,5.46
X-5249,ZNF718,255403.0,Del0.8,0.57
X-5355,ABCF1,23.0,MutNovel,"R83K,1.000"
X-5355,ADAM3A,1587.0,Del0.8,0.44
X-5355,ADAM5P,255926.0,Del0.8,0.79
X-5355,AHNAK2,113146.0,MutNovel,"L2086H,1.000"
X-5355,AKAP9,10142.0,MutNovel,"T272S,0.714"
X-5355,ALG10B,144245.0,MutNovel,"L299P,1.000"
X-5355,AMELY,266.0,Del0.8,0.44
X-5355,AP3M2,10947.0,Del0.8,0.78
X-5355,AP4B1,10717.0,MutNovel,"N98S,0.506"
X-5355,ARHGEF10L,55160.0,MutNovel,"A1253T,0.437"
X-5355,ARID1B,57492.0,MutNovel,"G1960R,0.406"
X-5355,ARL13B,200894.0,MutNovel,"T68A,0.459"
X-5355,ART5,116969.0,MutNovel,"-25P,1.000"
X-5355,ASH1L,55870.0,MutNovel,"T1771A,0.339"
X-5355,ATF6,22926.0,MutKnownFunctional,"-640,1.000"
X-5355,ATP11A,23250.0,MutNovel,"M275K,1.000"
X-5355,ATP11A,23250.0,MutNovel,"D1023V,1.000"
X-5355,AVEN,57099.0,MutNovel,"GGGGG41G,1.000"
X-5355,B3GALTL,145173.0,MutKnownFunctional,"Y301*,1.000"
X-5355,BCORP1,286554.0,Del0.8,0.44
X-5355,BPY2B,442867.0,Del0.8,0.44
X-5355,BPY2B,442867.0,Del0.8,0.44
X-5355,BRWD3,254065.0,MutNovel,"Y345D,1.000"
X-5355,C12orf51,283450.0,MutNovel,"S1053A,0.950"
X-5355,C14orf126,112487.0,MutNovel,"D28N,0.406"
X-5355,C18orf54,162681.0,MutNovel,"M372L,0.333"
X-5355,C19orf71,100128569.0,MutNovel,"R10W,1.000"
X-5355,C5orf65,389333.0,MutNovel,"A222V,1.000"
X-5355,C6orf123,26238.0,Del0.8,0.33
X-5355,CAMKK2,10645.0,MutNovel,"G222V,0.518"
X-5355,CCNL2,81669.0,MutNovel,"A8GRRP,1.000"
X-5355,CDKN2B,1030.0,Del0.8,0.51
X-5355,CDY1B,253175.0,Del0.8,0.44
X-5355,CDY1B,253175.0,Del0.8,0.44
X-5355,CDY2A,9426.0,Del0.8,0.44
X-5355,CDY2A,9426.0,Del0.8,0.44
X-5355,CDY2B,203611.0,Del0.8,0.44
X-5355,CDY2B,203611.0,Del0.8,0.44
X-5355,CHD2,1106.0,MutKnownFunctional,"-1242?,0.907"
X-5355,CHST15,51363.0,MutKnownFunctional,"-456,1.000"
X-5355,COPS5,10987.0,MutNovel,"I211K,0.245"
X-5355,CREG2,200407.0,MutNovel,"P96Q,0.379"
X-5355,CRIPAK,285464.0,MutNovel,"V100M,0.667"
X-5355,CRIPAK,285464.0,MutNovel,"V164A,0.800"
X-5355,CRISPLD2,83716.0,MutNovel,"F324S,1.000"
X-5355,CROT,54677.0,MutNovel,"N566H,0.964"
X-5355,CRYBB3,1417.0,MutNovel,"H113V,0.667"
X-5355,CSPG4P1Y,114758.0,Del0.8,0.44
X-5355,CSPG4P1Y,114758.0,Del0.8,0.44
X-5355,CTPS1,,MutNovel,"R550Q,0.580"
X-5355,CTSA,5476.0,MutNovel,"L29-,1.000"
X-5355,DAZ1,1617.0,Del0.8,0.44
X-5355,DAZ2,57055.0,Del0.8,0.44
X-5355,DAZ3,57054.0,Del0.8,0.44
X-5355,DAZ3,57054.0,Del0.8,0.44
X-5355,DAZ4,57135.0,Del0.8,0.44
X-5355,DAZ4,57135.0,Del0.8,0.44
X-5355,DDX3Y,8653.0,Del0.8,0.44
X-5355,EFHD1,80303.0,MutNovel,"A31V,0.667"
X-5355,EIF1AY,9086.0,Del0.8,0.44
X-5355,ENOPH1,58478.0,MutNovel,"Y246C,0.596"
X-5355,EPHA2,1969.0,MutNovel,"V69M,0.492"
X-5355,ERVV-1,147664.0,MutNovel,"P279A,0.792"
X-5355,ETV3,2117.0,MutKnownFunctional,"-478,0.242"
X-5355,EXOC1,55763.0,MutNovel,"G863C,0.470"
X-5355,FAM161A,84140.0,MutNovel,"P429A,0.355"
X-5355,FAM197Y2P,252946.0,Del0.8,0.44
X-5355,FAM21A,387680.0,MutNovel,"A12V,0.219"
X-5355,FAM41AY1,340618.0,Del0.8,0.44
X-5355,FAM41AY1,340618.0,Del0.8,0.44
X-5355,FAN1,22909.0,MutNovel,"A620T,1.000"
X-5355,FRMD1,79981.0,Del0.8,0.66
X-5355,GATAD2A,54815.0,MutNovel,"S275L,1.000"
X-5355,GLUD2,2747.0,MutNovel,"V374A,1.000"
X-5355,GM2A,2760.0,MutNovel,"T131A,1.000"
X-5355,GOLGA2P2Y,84559.0,Del0.8,0.44
X-5355,GOLGA2P2Y,84559.0,Del0.8,0.44
X-5355,GPHN,10243.0,Del0.8,0.54
X-5355,GRAMD1A,57655.0,MutNovel,"S80N,0.252"
X-5355,GRB14,2888.0,MutKnownFunctional,"-297?,0.545"
X-5355,GSTT1,2952.0,Amp5,5.31
X-5355,GSTTP1,25774.0,Amp5,5.31
X-5355,GYG2P1,352887.0,Del0.8,0.44
X-5355,HAUS7,55559.0,MutNovel,"E289K,1.000"
X-5355,HGC6.3,100128124.0,Del0.8,0.45
X-5355,HLA-A,3105.0,MutNovel,"M213V,0.593"
X-5355,HLA-B,3106.0,MutNovel,"R169L,0.488"
X-5355,HLA-B,3106.0,MutKnownFunctional,"Y140*,0.311"
X-5355,HLA-F,3134.0,MutNovel,"L26M,0.636"
X-5355,HLA-G,3135.0,MutNovel,"T187E,0.667"
X-5355,HLCS,3141.0,MutNovel,"D193E,0.585"
X-5355,HOXC13,3229.0,MutNovel,"L15LI,1.000"
X-5355,HSFY2,159119.0,Del0.8,0.44
X-5355,HSFY2,159119.0,Del0.8,0.44
X-5355,HSPA1A,3303.0,MutNovel,"K251E,0.286"
X-5355,IFI16,3428.0,MutNovel,"S424N,0.207"
X-5355,IGFLR1,79713.0,MutNovel,"M315T,0.812"
X-5355,IGFN1,91156.0,MutNovel,"G1703R,1.000"
X-5355,IL6R,3570.0,MutNovel,"E159K,0.308"
X-5355,ITCH,83737.0,MutKnownFunctional,"E779*,0.259"
X-5355,KDM5D,8284.0,Del0.8,0.44
X-5355,KIAA1143,57456.0,MutNovel,"S115N,1.000"
X-5355,KIF25,3834.0,Del0.8,0.66
X-5355,KLF14,136259.0,MutNovel,"H47P,1.000"
X-5355,KLF16,83855.0,MutNovel,"A38T,1.000"
X-5355,KRT13,3860.0,MutNovel,"D131E,0.500"
X-5355,KRT6C,286887.0,MutNovel,"E305V,0.375"
X-5355,KRT6C,286887.0,MutNovel,"D153A,0.600"
X-5355,KRT6C,286887.0,MutNovel,"A87G,0.667"
X-5355,LOC100288332,,MutNovel,"F48V,0.305"
X-5355,LOC100996515,,MutNovel,"P23A,1.000"
X-5355,LOC391322,391322.0,Amp5,5.31
X-5355,LOC642778,,MutNovel,"F48V,1.000"
X-5355,LSR,51599.0,MutNovel,"G518GR,1.000"
X-5355,MAF,4094.0,MutNovel,"G217S,1.000"
X-5355,MARCKS,4082.0,MutNovel,"G182GEA,0.763"
X-5355,MATN3,4148.0,MutNovel,"L354F,0.790"
X-5355,MCAM,4162.0,MutNovel,"V466I,1.000"
X-5355,MEF2A,4205.0,MutNovel,"QQ412-,1.000"
X-5355,MIS18BP1,55320.0,MutNovel,"SL52L,1.000"
X-5355,MLLT4,4301.0,Del0.8,0.45
X-5355,MMP17,4326.0,MutNovel,"P24L,0.273"
X-5355,MST1,4485.0,MutNovel,"R513G,0.209"
X-5355,MT1H,4496.0,MutNovel,"K20T,0.625"
X-5355,MT1H,4496.0,MutNovel,"K23E,0.625"
X-5355,NADK,65220.0,MutNovel,"A259T,1.000"
X-5355,NBAS,51594.0,MutNovel,"P1399S,0.329"
X-5355,NBPF10,100132406.0,MutNovel,"I1165F,0.217"
X-5355,NBPF10,100132406.0,MutNovel,"G2792A,0.444"
X-5355,NBPF12,,MutNovel,"R36V,1.000"
X-5355,NBPF16,728936.0,MutNovel,"K56N,1.000"
X-5355,NBPF9,400818.0,MutNovel,"P485S,0.868"
X-5355,NCOA3,8202.0,MutNovel,"Q1255-,0.423"
X-5355,NCOR2,9612.0,MutNovel,"G1839GAAA,1.000"
X-5355,NCOR2,9612.0,MutNovel,"-511S,0.368"
X-5355,NCRNA00185,55410.0,Del0.8,0.44
X-5355,NHSL1,57224.0,MutNovel,"P1145T,0.542"
X-5355,NIPSNAP3B,55335.0,MutNovel,"R224L,0.500"
X-5355,NLGN4Y,22829.0,Del0.8,0.44
X-5355,NME3,4832.0,MutNovel,"L149V,0.792"
X-5355,NOMO2,283820.0,MutNovel,"R721G,0.464"
X-5355,NPIP,9284.0,MutNovel,"F48V,0.531"
X-5355,NUDT11,55190.0,MutKnownFunctional,"-1,1.000"
X-5355,OR4C6,219432.0,Del0.8,0.67
X-5355,OR4P4,81300.0,Del0.8,0.67
X-5355,OR4S2,219431.0,Del0.8,0.67
X-5355,ORAI1,84876.0,MutNovel,"PP43-,1.000"
X-5355,OVOS,,MutNovel,"F1232S,1.000"
X-5355,OVOS,,MutNovel,"G1245S,0.387"
X-5355,PABPC3,5042.0,MutKnownFunctional,"-336,0.562"
X-5355,PABPC3,5042.0,MutNovel,"V455P,1.000"
X-5355,PARD6G,84552.0,MutNovel,"D355E,0.962"
X-5355,PCDH11Y,83259.0,Del0.8,0.44
X-5355,PGBD1,84547.0,MutNovel,"L615F,1.000"
X-5355,PGPEP1L,145814.0,MutKnownFunctional,"-165?,1.000"
X-5355,PGS1,9489.0,MutNovel,"A5G,1.000"
X-5355,PHLDA1,22822.0,MutNovel,"QQ194Q,1.000"
X-5355,PIEZO1,9780.0,MutNovel,"K1878E,0.667"
X-5355,PLAT,5327.0,Del0.8,0.78
X-5355,PRIC285,85441.0,MutNovel,"P2214S,0.614"
X-5355,PRKY,5616.0,Del0.8,0.44
X-5355,PRY,9081.0,Del0.8,0.44
X-5355,PRY,9081.0,Del0.8,0.44
X-5355,PRY2,442862.0,Del0.8,0.44
X-5355,PRY2,442862.0,Del0.8,0.44
X-5355,PSG2,5670.0,MutNovel,"I88R,0.538"
X-5355,PSG2,5670.0,MutNovel,"G86S,0.467"
X-5355,PSG7,5676.0,MutNovel,"E267K,0.538"
X-5355,PSG9,5678.0,MutNovel,"Y316D,0.500"
X-5355,PSG9,5678.0,MutNovel,"E267K,0.818"
X-5355,PSG9,5678.0,MutNovel,"S8P,0.444"
X-5355,PSG9,5678.0,MutNovel,"P5S,0.375"
X-5355,PTBP3,9991.0,MutNovel,"R464C,0.755"
X-5355,PTBP3,9991.0,MutNovel,"D57H,0.292"
X-5355,PTPRH,5794.0,MutNovel,"R355G,0.667"
X-5355,RAP1GAP,5909.0,MutNovel,"G489A,0.226"
X-5355,RAPGEFL1,51195.0,MutNovel,"R92H,1.000"
X-5355,RBMY1A3P,286557.0,Del0.8,0.44
X-5355,RBMY1B,378948.0,Del0.8,0.44
X-5355,RBMY1B,378948.0,Del0.8,0.44
X-5355,RBMY1E,378950.0,Del0.8,0.44
X-5355,RBMY1E,378950.0,Del0.8,0.44
X-5355,RBMY1F,159163.0,Del0.8,0.44
X-5355,RBMY1F,159163.0,Del0.8,0.44
X-5355,RBMY1J,378951.0,Del0.8,0.44
X-5355,RBMY1J,378951.0,Del0.8,0.44
X-5355,RBMY2EP,159125.0,Del0.8,0.44
X-5355,RBMY2FP,159162.0,Del0.8,0.44
X-5355,RBMY3AP,64593.0,Del0.8,0.44
X-5355,RIF1,55183.0,MutNovel,"Q1439QKK,0.500"
X-5355,RPS4Y1,6192.0,Del0.8,0.44
X-5355,RPS4Y2,140032.0,Del0.8,0.44
X-5355,RUNX2,860.0,MutNovel,"S243Y,0.433"
X-5355,RYR3,6263.0,MutNovel,"LE4438L,1.000"
X-5355,S100A3,6274.0,MutKnownFunctional,"-70,0.507"
X-5355,S100A7A,338324.0,MutNovel,"G25D,0.385"
X-5355,S100A7A,338324.0,MutNovel,"E28D,0.286"
X-5355,SECISBP2,79048.0,MutNovel,"R654C,0.235"
X-5355,SERINC2,347735.0,MutNovel,"-373Q,1.000"
X-5355,SF3A3,10946.0,MutNovel,"T310I,0.606"
X-5355,SIRT2,22933.0,MutNovel,"P219S,0.474"
X-5355,SLC12A4,6560.0,MutNovel,"V492I,1.000"
X-5355,SLC25A40,55972.0,MutNovel,"Y125C,0.338"
X-5355,SLC25A45,283130.0,MutNovel,"V204L,0.750"
X-5355,SLC35F3,148641.0,MutNovel,"L236M,1.000"
X-5355,SMPD1,6609.0,MutNovel,"P186L,0.258"
X-5355,SOGA2,,MutNovel,"M239I,1.000"
X-5355,SRCAP,10847.0,MutNovel,"P2544L,0.372"
X-5355,SRY,6736.0,Del0.8,0.44
X-5355,TAB3,257397.0,MutNovel,"S408N,1.000"
X-5355,TBC1D3B,414059.0,MutNovel,"P406L,1.000"
X-5355,TBC1D3B,414059.0,Del0.8,0.78
X-5355,TBL1Y,90665.0,Del0.8,0.44
X-5355,TBP,6908.0,MutNovel,"-64QQQ,1.000"
X-5355,TCP10,6953.0,Del0.8,0.57
X-5355,TGIF2LY,90655.0,Del0.8,0.44
X-5355,TIMP4,7079.0,MutNovel,"Y164C,1.000"
X-5355,TMBIM4,51643.0,MutKnownFunctional,"-174?,0.724"
X-5355,TMCC2,9911.0,MutNovel,"S220C,0.773"
X-5355,TMEM184A,202915.0,MutNovel,"G392GA,0.217"
X-5355,TMSB4Y,9087.0,Del0.8,0.44
X-5355,TNS3,64759.0,MutNovel,"S97C,0.551"
X-5355,TNXB,7148.0,MutNovel,"M4002T,1.000"
X-5355,TSC1,7248.0,MutNovel,"T490I,0.556"
X-5355,TSEN54,283989.0,MutNovel,"M1MEP,1.000"
X-5355,TSPY1,7258.0,Del0.8,0.44
X-5355,TSPY2,64591.0,Del0.8,0.44
X-5355,TSPY3,728137.0,Del0.8,0.44
X-5355,TSPY4,728395.0,Del0.8,0.44
X-5355,TSPY8,728403.0,Del0.8,0.44
X-5355,TSPYL1,7259.0,MutNovel,"V176VW,0.734"
X-5355,TTTY10,246119.0,Del0.8,0.44
X-5355,TTTY11,83866.0,Del0.8,0.44
X-5355,TTTY12,83867.0,Del0.8,0.44
X-5355,TTTY13,83868.0,Del0.8,0.44
X-5355,TTTY14,83869.0,Del0.8,0.44
X-5355,TTTY15,64595.0,Del0.8,0.44
X-5355,TTTY16,252948.0,Del0.8,0.44
X-5355,TTTY17A,252949.0,Del0.8,0.44
X-5355,TTTY17A,252949.0,Del0.8,0.44
X-5355,TTTY18,252950.0,Del0.8,0.44
X-5355,TTTY19,252952.0,Del0.8,0.44
X-5355,TTTY1B,100101116.0,Del0.8,0.44
X-5355,TTTY1B,100101116.0,Del0.8,0.44
X-5355,TTTY2,60439.0,Del0.8,0.44
X-5355,TTTY2,60439.0,Del0.8,0.44
X-5355,TTTY20,252951.0,Del0.8,0.44
X-5355,TTTY21,252953.0,Del0.8,0.44
X-5355,TTTY21,252953.0,Del0.8,0.44
X-5355,TTTY22,252954.0,Del0.8,0.44
X-5355,TTTY23,252955.0,Del0.8,0.44
X-5355,TTTY23,252955.0,Del0.8,0.44
X-5355,TTTY3,114760.0,Del0.8,0.44
X-5355,TTTY3,114760.0,Del0.8,0.44
X-5355,TTTY4,114761.0,Del0.8,0.44
X-5355,TTTY4,114761.0,Del0.8,0.44
X-5355,TTTY5,83863.0,Del0.8,0.44
X-5355,TTTY6,84672.0,Del0.8,0.44
X-5355,TTTY6,84672.0,Del0.8,0.44
X-5355,TTTY7,246122.0,Del0.8,0.44
X-5355,TTTY7,246122.0,Del0.8,0.44
X-5355,TTTY7B,100101120.0,Del0.8,0.44
X-5355,TTTY7B,100101120.0,Del0.8,0.44
X-5355,TTTY8,84673.0,Del0.8,0.44
X-5355,TTTY8,84673.0,Del0.8,0.44
X-5355,TTTY9A,83864.0,Del0.8,0.44
X-5355,TTTY9A,83864.0,Del0.8,0.44
X-5355,TXLNG2P,246126.0,Del0.8,0.44
X-5355,USP8,9101.0,MutNovel,"I200L,1.000"
X-5355,USP9Y,8287.0,Del0.8,0.44
X-5355,UTY,7404.0,Del0.8,0.44
X-5355,VCY,9084.0,Del0.8,0.44
X-5355,VCY,9084.0,Del0.8,0.44
X-5355,WDR60,55112.0,MutNovel,"K525E,0.526"
X-5355,WDR62,284403.0,MutNovel,"Q918K,0.365"
X-5355,WHAMM,123720.0,MutNovel,"L785R,0.990"
X-5355,XKRY2,353515.0,Del0.8,0.44
X-5355,XKRY2,353515.0,Del0.8,0.44
X-5355,ZDBF2,57683.0,MutNovel,"K1225R,0.800"
X-5355,ZFPM1,161882.0,MutNovel,"PLA445P,1.000"
X-5355,ZFY,7544.0,Del0.8,0.44
X-5355,ZNF30,90075.0,MutNovel,"Q124R,1.000"
X-5355,ZNF428,126299.0,MutNovel,"H29N,0.514"
X-5355,ZNF780B,163131.0,MutKnownFunctional,"-775,0.294"
X-5355,ZRANB1,54764.0,MutKnownFunctional,"-709?,0.985"
X-5355,ZZEF1,23140.0,MutNovel,"S1463R,1.000"
X-5490,ABCC6,368.0,MutNovel,"A158V,0.600"
X-5490,ABR,29.0,Del0.8,0.8
X-5490,ABRA,137735.0,Amp5,5.82
X-5490,ACOT1,641371.0,Del0.8,0.71
X-5490,ADAM18,8749.0,Del0.8,0.77
X-5490,ADAM2,2515.0,Del0.8,0.77
X-5490,ADAM28,10863.0,Del0.8,0.78
X-5490,ADAM32,203102.0,Del0.8,0.74
X-5490,ADAM3A,1587.0,Del0.8,0.22
X-5490,ADAM5P,255926.0,Del0.8,0.4
X-5490,ADAM7,8756.0,Del0.8,0.78
X-5490,ADAM9,8754.0,Del0.8,0.74
X-5490,ADAMDEC1,27299.0,Del0.8,0.78
X-5490,ADCY8,114.0,Amp5,6.32
X-5490,ADD1,118.0,MutNovel,"G616V,0.514"
X-5490,ADHFE1,137872.0,Amp5,6.41
X-5490,ADORA2B,136.0,Del0.8,0.8
X-5490,ADRA1A,148.0,Del0.8,0.77
X-5490,ADRB3,155.0,Del0.8,0.75
X-5490,AGPAT5,55326.0,Del0.8,0.75
X-5490,AGPAT6,137964.0,Del0.8,0.77
X-5490,AJUBA,84962.0,MutNovel,"A91T,1.000"
X-5490,AKAP10,11216.0,Del0.8,0.8
X-5490,ALDH3A1,218.0,Del0.8,0.8
X-5490,ALDH3A2,224.0,Del0.8,0.8
X-5490,ALKBH5,54890.0,Del0.8,0.8
X-5490,ALKBH7,84266.0,MutNovel,"D64N,0.448"
X-5490,AMELY,266.0,Del0.8,0.23
X-5490,ANGPT2,285.0,Del0.8,0.75
X-5490,ANK1,286.0,Del0.8,0.77
X-5490,ANKRD30A,91074.0,MutNovel,"N508S,0.286"
X-5490,ANKRD46,157567.0,Amp5,5.21
X-5490,ANXA13,312.0,Amp5,5.24
X-5490,AP3M2,10947.0,Del0.8,0.77
X-5490,APLP2,334.0,MutNovel,"E222D,0.219"
X-5490,APOA1BP,128240.0,MutNovel,"L10F,0.272"
X-5490,AR,367.0,MutNovel,"LQQQQQQQQ57L,0.755"
X-5490,ARC,23237.0,Amp5,5.39
X-5490,ARHGEF10,9639.0,Del0.8,0.78
X-5490,ARID1B,57492.0,MutNovel,"-114Q,0.368"
X-5490,ARMC1,55156.0,Amp5,6.41
X-5490,ARPC4-TTLL3,100526693.0,MutNovel,"R130Q,0.674"
X-5490,ASAH1,427.0,Del0.8,0.78
X-5490,ASAP1,50807.0,Amp5,6.32
X-5490,ASAP1-IT1,29065.0,Amp5,6.32
X-5490,ASH2L,9070.0,Del0.8,0.75
X-5490,ASIC2,,MutNovel,"R46L,1.000"
X-5490,ASPH,444.0,Amp5,6.41
X-5490,ATAD2,29028.0,Amp5,5.24
X-5490,ATAD2B,54454.0,MutNovel,"T1173M,0.425"
X-5490,ATP5A1,498.0,MutNovel,"R16W,0.289"
X-5490,ATP6V0D2,245972.0,Amp5,5.94
X-5490,ATP6V1B2,526.0,Del0.8,0.78
X-5490,ATP6V1C1,528.0,Amp5,5.21
X-5490,ATP6V1F,9296.0,MutNovel,"P73L,0.667"
X-5490,AUH,549.0,MutNovel,"P47L,0.483"
X-5490,AZIN1,51582.0,Amp5,5.21
X-5490,B9D1,27077.0,Del0.8,0.8
X-5490,BAALC,79870.0,Amp5,5.21
X-5490,BAG4,9530.0,Del0.8,0.75
X-5490,BAI1,575.0,Amp5,5.39
X-5490,BCORP1,286554.0,Del0.8,0.18
X-5490,BHLHA9,727857.0,Del0.8,0.8
X-5490,BHLHE22,27319.0,Amp5,6.54
X-5490,BIN3,55909.0,Del0.8,0.78
X-5490,BLK,640.0,Del0.8,0.75
X-5490,BMP1,649.0,Del0.8,0.78
X-5490,BMP2K,55589.0,MutNovel,"G33A,0.833"
X-5490,BMPER,168667.0,MutNovel,"V519L,1.000"
X-5490,BNIP3L,665.0,Del0.8,0.76
X-5490,BOP1,23246.0,Amp5,5.7
X-5490,BPY2B,442867.0,Del0.8,0.07
X-5490,BPY2B,442867.0,Del0.8,0.11
X-5490,BREA2,286076.0,Amp5,5.7
X-5490,BRF2,55290.0,Del0.8,0.75
X-5490,C17orf103,256302.0,Del0.8,0.78
X-5490,C17orf51,339263.0,Del0.8,0.78
X-5490,C17orf97,400566.0,Del0.8,0.8
X-5490,C19orf68,,MutNovel,"R568S,0.606"
X-5490,C8orf12,83656.0,Del0.8,0.75
X-5490,C8orf31,286122.0,Amp5,5.39
X-5490,C8orf33,65265.0,Amp5,5.24
X-5490,C8orf34,116328.0,Amp5,6.15
X-5490,C8orf4,56892.0,Del0.8,0.77
X-5490,C8orf40,114926.0,Del0.8,0.73
X-5490,C8orf42,157695.0,Del0.8,0.78
X-5490,C8orf46,254778.0,Amp5,6.41
X-5490,C8orf48,157773.0,Del0.8,0.78
X-5490,C8orf56,157556.0,Amp5,5.21
X-5490,C8orf58,541565.0,Del0.8,0.78
X-5490,C8orf73,642475.0,Amp5,5.7
X-5490,C8orf74,203076.0,Del0.8,0.75
X-5490,C8orf76,84933.0,Amp5,5.24
X-5490,C8orf86,389649.0,Del0.8,0.74
X-5490,CA8,767.0,Amp5,6.02
X-5490,CARS2,79587.0,MutKnownFunctional,"-561?,0.509"
X-5490,CASP3,836.0,MutNovel,"T62I,1.000"
X-5490,CCDC144B,284047.0,Del0.8,0.8
X-5490,CCDC144C,348254.0,Del0.8,0.8
X-5490,CCDC144NL,339184.0,Del0.8,0.78
X-5490,CCDC166,100130274.0,Amp5,5.7
X-5490,CCDC25,55246.0,Del0.8,0.77
X-5490,CCDC66,285331.0,MutNovel,"S606SP,1.000"
X-5490,CCDC90A,63933.0,MutNovel,"S108G,0.428"
X-5490,CCNE2,9134.0,Amp5,5.94
X-5490,CDC26,246184.0,MutNovel,"R76C,0.500"
X-5490,CDC42EP1,11135.0,MutNovel,"PAPAANPS253P,1.000"
X-5490,CDCA2,157313.0,Del0.8,0.76
X-5490,CDH17,1015.0,Amp5,5.5
X-5490,CDRT1,374286.0,MutNovel,"I440T,1.000"
X-5490,CDRT1,374286.0,Del0.8,0.8
X-5490,CDRT15,146822.0,Del0.8,0.8
X-5490,CDRT15L2,256223.0,Del0.8,0.78
X-5490,CDRT15P1,94158.0,Del0.8,0.8
X-5490,CDRT15P2,644694.0,Del0.8,0.8
X-5490,CDRT4,284040.0,Del0.8,0.8
X-5490,CDRT7,94150.0,Del0.8,0.8
X-5490,CDY1B,253175.0,Del0.8,0.18
X-5490,CDY1B,253175.0,Del0.8,0.14
X-5490,CDY2A,9426.0,Del0.8,0.18
X-5490,CDY2A,9426.0,Del0.8,0.18
X-5490,CDY2B,203611.0,Del0.8,0.18
X-5490,CDY2B,203611.0,Del0.8,0.18
X-5490,CENPV,201161.0,Del0.8,0.8
X-5490,CHD7,55636.0,Amp5,6.02
X-5490,CHMP7,91782.0,Del0.8,0.78
X-5490,CHRAC1,54108.0,Amp5,5.62
X-5490,CHRNA2,1135.0,Del0.8,0.77
X-5490,CHRNA6,8973.0,Del0.8,0.73
X-5490,CHRNB3,1142.0,Del0.8,0.73
X-5490,CLDN23,137075.0,Del0.8,0.75
X-5490,CLN8,2055.0,Del0.8,0.78
X-5490,CLU,1191.0,Del0.8,0.77
X-5490,CLVS1,157807.0,Amp5,6.41
X-5490,CMYA5,202333.0,MutNovel,"P3705L,0.333"
X-5490,CNOT7,29883.0,Del0.8,0.78
X-5490,COL11A2,1302.0,MutNovel,"I728F,0.643"
X-5490,COL14A1,7373.0,Amp5,5.82
X-5490,COL22A1,169044.0,Amp5,5.74
X-5490,COL25A1,84570.0,MutNovel,"M558I,0.667"
X-5490,COL25A1,84570.0,MutNovel,"T554A,0.500"
X-5490,COL4A3BP,10087.0,MutNovel,"R73G,0.625"
X-5490,COLEC10,10584.0,Amp5,5.82
X-5490,COMMD5,28991.0,Amp5,5.24
X-5490,COPS5,10987.0,Amp5,6.11
X-5490,COX10,1352.0,Del0.8,0.8
X-5490,COX6C,1345.0,Amp5,5.5
X-5490,CPA6,57094.0,Amp5,5.46
X-5490,CPNE3,8895.0,Amp5,5.94
X-5490,CREBBP,1387.0,MutNovel,"V1129I,0.733"
X-5490,CRH,1392.0,Amp5,6.41
X-5490,CSGALNACT1,55790.0,Del0.8,0.78
X-5490,CSPG4P1Y,114758.0,Del0.8,0.18
X-5490,CSPG4P1Y,114758.0,Del0.8,0.14
X-5490,CTSA,5476.0,MutNovel,"L29-,1.000"
X-5490,CTSB,1508.0,Del0.8,0.75
X-5490,CYC1,1537.0,Amp5,5.7
X-5490,CYP11B1,1584.0,Amp5,5.39
X-5490,CYP11B2,1585.0,Amp5,5.39
X-5490,CYP2F1,1572.0,MutNovel,"R433H,0.333"
X-5490,CYP7A1,1581.0,Amp5,6.02
X-5490,DAAM1,23002.0,MutNovel,"R1021G,0.990"
X-5490,DAZ1,1617.0,Del0.8,0.18
X-5490,DAZ2,57055.0,Del0.8,0.12
X-5490,DAZ3,57054.0,Del0.8,0.11
X-5490,DAZ3,57054.0,Del0.8,0.07
X-5490,DAZ4,57135.0,Del0.8,0.13
X-5490,DAZ4,57135.0,Del0.8,0.1
X-5490,DBIL5P,100131454.0,Del0.8,0.8
X-5490,DCTN6,10671.0,Del0.8,0.76
X-5490,DDHD2,23259.0,Del0.8,0.75
X-5490,DDX20,11218.0,MutNovel,"S70L,0.394"
X-5490,DDX3Y,8653.0,Del0.8,0.23
X-5490,DEFA10P,449493.0,Del0.8,0.75
X-5490,DEFA1B,728358.0,Del0.8,0.75
X-5490,DEFA4,1669.0,Del0.8,0.75
X-5490,DEFA5,1670.0,Del0.8,0.75
X-5490,DEFA6,1671.0,Del0.8,0.75
X-5490,DEFB1,1672.0,Del0.8,0.75
X-5490,DEFB103A,414325.0,Del0.8,0.73
X-5490,DEFB103A,414325.0,Del0.8,0.73
X-5490,DEFB104B,503618.0,Del0.8,0.73
X-5490,DEFB104B,503618.0,Del0.8,0.73
X-5490,DEFB105B,504180.0,Del0.8,0.73
X-5490,DEFB105B,504180.0,Del0.8,0.73
X-5490,DEFB106B,503841.0,Del0.8,0.73
X-5490,DEFB106B,503841.0,Del0.8,0.73
X-5490,DEFB107A,245910.0,Del0.8,0.73
X-5490,DEFB107A,245910.0,Del0.8,0.73
X-5490,DEFB109P1B,641517.0,Del0.8,0.73
X-5490,DEFB109P1B,641517.0,Del0.8,0.75
X-5490,DEFB126,81623.0,MutKnownFunctional,"-53,0.818"
X-5490,DEFB130,245940.0,Del0.8,0.75
X-5490,DEFB134,613211.0,Del0.8,0.75
X-5490,DEFB135,613209.0,Del0.8,0.75
X-5490,DEFB136,613210.0,Del0.8,0.75
X-5490,DEFB4A,1673.0,Del0.8,0.73
X-5490,DEFB4B,100289462.0,Del0.8,0.73
X-5490,DEFT1P,170949.0,Del0.8,0.75
X-5490,DENND3,22898.0,Amp5,5.62
X-5490,DENND4B,9909.0,MutNovel,"QQQ908-,1.000"
X-5490,DEPTOR,64798.0,Amp5,5.82
X-5490,DERL1,79139.0,Amp5,5.24
X-5490,DGAT1,8694.0,Amp5,5.7
X-5490,DGKQ,1609.0,MutNovel,"P27L,1.000"
X-5490,DHRS7B,25979.0,Del0.8,0.78
X-5490,DKK4,27121.0,Del0.8,0.73
X-5490,DLC1,10395.0,Del0.8,0.78
X-5490,DLGAP2,9228.0,Del0.8,0.78
X-5490,DNAJC5B,85479.0,Amp5,6.41
X-5490,DOC2B,8447.0,Del0.8,0.33
X-5490,DOCK5,80005.0,Del0.8,0.76
X-5490,DOK2,9046.0,Del0.8,0.78
X-5490,DOPEY2,9980.0,MutNovel,"T258N,0.491"
X-5490,DPF1,8193.0,MutNovel,"R401G,0.455"
X-5490,DPY19L4,286148.0,Amp5,5.94
X-5490,DPYSL2,1808.0,Del0.8,0.76
X-5490,DSCC1,79075.0,Amp5,5.82
X-5490,DUSP26,78986.0,Del0.8,0.75
X-5490,DUSP4,1846.0,Del0.8,0.76
X-5490,E2F4,1874.0,MutNovel,"DSSSS306D,0.503"
X-5490,EBF2,64641.0,Del0.8,0.76
X-5490,EEF1D,1936.0,Amp5,5.7
X-5490,EFEMP1,2202.0,MutNovel,"E129K,0.547"
X-5490,EFHA2,286097.0,Del0.8,0.78
X-5490,EFHC1,114327.0,MutNovel,"D270E,0.457"
X-5490,EFR3A,23167.0,Amp5,6.32
X-5490,EGR3,1960.0,Del0.8,0.78
X-5490,EIF1AY,9086.0,Del0.8,0.18
X-5490,EIF2C1,26523.0,MutNovel,"T249M,0.699"
X-5490,EIF2C2,27161.0,Amp5,5.62
X-5490,EIF3C,8663.0,MutNovel,"N659L,0.667"
X-5490,EIF3H,8667.0,Amp5,5.82
X-5490,EIF4EBP1,1978.0,Del0.8,0.75
X-5490,ELP3,55140.0,Del0.8,0.77
X-5490,ENPP2,5168.0,Amp5,5.82
X-5490,ENTPD4,9583.0,Del0.8,0.78
X-5490,EP400,57634.0,MutNovel,"-2728QQQ,1.000"
X-5490,EPB49,2039.0,Del0.8,0.78
X-5490,EPHX2,2053.0,Del0.8,0.77
X-5490,EPN2,22905.0,Del0.8,0.8
X-5490,EPPK1,83481.0,Amp5,5.7
X-5490,ERI1,90459.0,Del0.8,0.76
X-5490,ERICH1,157697.0,Del0.8,0.78
X-5490,ERLIN2,11160.0,Del0.8,0.75
X-5490,ESCO2,157570.0,Del0.8,0.77
X-5490,ESRP1,54845.0,Amp5,5.94
X-5490,EVPLL,645027.0,Del0.8,0.8
X-5490,EXOSC4,54512.0,Amp5,5.7
X-5490,EXTL3,2137.0,Del0.8,0.76
X-5490,FABP12,646486.0,Amp5,5.39
X-5490,FABP4,2167.0,Amp5,5.39
X-5490,FABP5,2171.0,Amp5,5.39
X-5490,FABP9,646480.0,Amp5,5.39
X-5490,FAM101B,359845.0,Del0.8,0.8
X-5490,FAM106A,80039.0,Del0.8,0.8
X-5490,FAM110B,90362.0,Amp5,6.02
X-5490,FAM150A,389658.0,Del0.8,0.76
X-5490,FAM160B2,64760.0,Del0.8,0.78
X-5490,FAM167A,83648.0,Del0.8,0.75
X-5490,FAM18B1,51030.0,Del0.8,0.8
X-5490,FAM18B2,201158.0,Del0.8,0.8
X-5490,FAM18B2-CDRT4,100533496.0,MutNovel,"S135P,0.267"
X-5490,FAM18B2-CDRT4,100533496.0,Del0.8,0.8
X-5490,FAM197Y2P,252946.0,Del0.8,0.23
X-5490,FAM203A,51236.0,Amp5,5.7
X-5490,FAM41AY1,340618.0,Del0.8,0.18
X-5490,FAM41AY1,340618.0,Del0.8,0.23
X-5490,FAM57A,79850.0,Del0.8,0.8
X-5490,FAM66D,100132923.0,Del0.8,0.75
X-5490,FAM66E,100132103.0,Del0.8,0.73
X-5490,FAM82B,51115.0,Amp5,5.94
X-5490,FAM83A,84985.0,Amp5,5.24
X-5490,FAM83D,81610.0,MutKnownFunctional,"-80,0.500"
X-5490,FAM83G,644815.0,Del0.8,0.8
X-5490,FAM83H,286077.0,Amp5,5.7
X-5490,FAM84B,157638.0,Amp5,5.31
X-5490,FAM86B1,85002.0,Del0.8,0.75
X-5490,FAM91A1,157769.0,Amp5,5.24
X-5490,FAM92A1,137392.0,Amp5,5.5
X-5490,FBXL6,26233.0,Amp5,5.7
X-5490,FBXO16,157574.0,Del0.8,0.77
X-5490,FBXO25,26260.0,Del0.8,0.78
X-5490,FBXO32,114907.0,Amp5,5.24
X-5490,FBXW10,10517.0,Del0.8,0.8
X-5490,FDFT1,2222.0,Del0.8,0.75
X-5490,FER1L6,654463.0,Amp5,5.24
X-5490,FER1L6-AS1,439941.0,Amp5,5.24
X-5490,FGF17,8822.0,Del0.8,0.78
X-5490,FGF20,26281.0,Del0.8,0.78
X-5490,FGL1,2267.0,Del0.8,0.78
X-5490,FLII,2314.0,Del0.8,0.8
X-5490,FLJ14107,80094.0,Del0.8,0.78
X-5490,FLJ43860,389690.0,Amp5,5.62
X-5490,FNTA,2339.0,Del0.8,0.73
X-5490,FOXO3B,2310.0,Del0.8,0.8
X-5490,FUT10,84750.0,Del0.8,0.75
X-5490,FZD3,7976.0,Del0.8,0.64
X-5490,GATA4,2626.0,Del0.8,0.75
X-5490,GEM,2669.0,Amp5,5.5
X-5490,GEMIN4,50628.0,Del0.8,0.8
X-5490,GFRA2,2675.0,Del0.8,0.78
X-5490,GIGYF2,26058.0,MutNovel,"PQ1231P,1.000"
X-5490,GINS4,84296.0,Del0.8,0.77
X-5490,GLI4,2738.0,Amp5,5.7
X-5490,GLOD4,51031.0,Del0.8,0.8
X-5490,GML,2765.0,Amp5,5.39
X-5490,GNRH1,2796.0,Del0.8,0.76
X-5490,GOLGA2P2Y,84559.0,Del0.8,0.18
X-5490,GOLGA2P2Y,84559.0,Del0.8,0.14
X-5490,GOLGA7,51125.0,Del0.8,0.77
X-5490,GOLGA8B,440270.0,MutNovel,"K354E,0.600"
X-5490,GOT1L1,137362.0,Del0.8,0.75
X-5490,GPAA1,8733.0,Amp5,5.7
X-5490,GPIHBP1,338328.0,Amp5,5.39
X-5490,GPR124,25960.0,Del0.8,0.75
X-5490,GPR20,2843.0,Amp5,5.62
X-5490,GRAP,10750.0,Del0.8,0.8
X-5490,GRAPL,400581.0,Del0.8,0.8
X-5490,GRB14,2888.0,MutKnownFunctional,"-297?,0.368"
X-5490,GRB7,2886.0,MutNovel,"R466G,1.000"
X-5490,GRINA,2907.0,Amp5,5.7
X-5490,GSDMD,79792.0,Amp5,5.7
X-5490,GSTM1,2944.0,Del0.8,0.76
X-5490,GTF2E2,2961.0,Del0.8,0.76
X-5490,GYG2P1,352887.0,Del0.8,0.23
X-5490,GYLTL1B,120071.0,MutNovel,"R55C,0.424"
X-5490,HEATR7A,727957.0,Amp5,5.7
X-5490,HEY1,23462.0,Amp5,5.43
X-5490,HHLA1,10086.0,Amp5,6.32
X-5490,HIVEP3,59269.0,MutNovel,"V1318I,0.231"
X-5490,HLA-B,3106.0,MutNovel,"A235T,0.223"
X-5490,HMBOX1,79618.0,Del0.8,0.76
X-5490,HMGXB3,22993.0,MutNovel,"T1239S,0.496"
X-5490,HNRPDL,9987.0,MutNovel,"D198Y,0.996"
X-5490,HOOK3,84376.0,Del0.8,0.73
X-5490,HPYR1,93668.0,Amp5,6.19
X-5490,HR,55806.0,Del0.8,0.78
X-5490,HS3ST3A1,9955.0,Del0.8,0.8
X-5490,HS3ST3B1,9953.0,Del0.8,0.8
X-5490,HSF1,3297.0,Amp5,5.7
X-5490,HSFY2,159119.0,Del0.8,0.18
X-5490,HSFY2,159119.0,Del0.8,0.18
X-5490,HTRA4,203100.0,Del0.8,0.74
X-5490,IDO1,3620.0,Del0.8,0.77
X-5490,IDO2,169355.0,Del0.8,0.77
X-5490,IFT140,9742.0,MutNovel,"Y728H,0.226"
X-5490,IFT140,9742.0,MutNovel,"G435E,0.725"
X-5490,IMPA1,3612.0,Amp5,5.39
X-5490,IMPAD1,54928.0,Amp5,6.28
X-5490,INTS10,55174.0,Del0.8,0.78
X-5490,INTS8,55656.0,Amp5,5.94
X-5490,INTS9,55756.0,Del0.8,0.76
X-5490,JRK,8629.0,Amp5,5.39
X-5490,KANK1,23189.0,MutNovel,"P1290H,0.380"
X-5490,KAT6A,7994.0,Del0.8,0.77
X-5490,KBTBD11,9920.0,Del0.8,0.78
X-5490,KCNJ12,3768.0,Del0.8,0.78
X-5490,KCNK6,9424.0,MutNovel,"T113M,0.541"
X-5490,KCNK9,51305.0,Amp5,5.62
X-5490,KCNU1,157855.0,Del0.8,0.75
X-5490,KCTD9,54793.0,Del0.8,0.76
X-5490,KDM5D,8284.0,Del0.8,0.18
X-5490,KHDRBS3,10656.0,Amp5,5.94
X-5490,KIAA0196,9897.0,Amp5,5.24
X-5490,KIAA1456,57604.0,Del0.8,0.78
X-5490,KIAA1609,57707.0,MutKnownFunctional,"-15,0.427"
X-5490,KIAA1875,340390.0,Amp5,5.7
X-5490,KIAA1967,57805.0,Del0.8,0.78
X-5490,KIAA2018,205717.0,MutNovel,"Q1473RK,0.875"
X-5490,KIF13B,23303.0,Del0.8,0.76
X-5490,KLHL2,11275.0,MutNovel,"E92G,0.818"
X-5490,KLHL38,340359.0,Amp5,5.24
X-5490,LARP1B,55132.0,MutNovel,"S892C,1.000"
X-5490,LEPROTL1,23484.0,Del0.8,0.76
X-5490,LETM2,137994.0,Del0.8,0.75
X-5490,LGALS9C,654346.0,Del0.8,0.8
X-5490,LGI3,203190.0,Del0.8,0.78
X-5490,LINC00208,83655.0,Del0.8,0.75
X-5490,LINC00251,552859.0,Amp5,6.02
X-5490,LINC00535,642924.0,Amp5,5.5
X-5490,LLGL1,3996.0,Del0.8,0.8
X-5490,LOC100128338,100128338.0,Amp5,5.7
X-5490,LOC100128993,100128993.0,Del0.8,0.78
X-5490,LOC100130155,100130155.0,Amp5,6.54
X-5490,LOC100130298,100130298.0,Amp5,6.02
X-5490,LOC100131726,100131726.0,Amp5,5.24
X-5490,LOC100132396,100132396.0,Del0.8,0.73
X-5490,LOC100133669,100133669.0,Amp5,5.39
X-5490,LOC100287015,100287015.0,Del0.8,0.75
X-5490,LOC100288181,100288181.0,Amp5,5.39
X-5490,LOC100288748,100288748.0,Amp5,5.94
X-5490,LOC100499183,100499183.0,Amp5,5.21
X-5490,LOC100505659,100505659.0,Amp5,6.41
X-5490,LOC100505676,100505676.0,Amp5,6.41
X-5490,LOC100506388,100506388.0,Del0.8,0.41
X-5490,LOC100507117,100507117.0,Amp5,6.32
X-5490,LOC100507156,100507156.0,Del0.8,0.78
X-5490,LOC100507341,100507341.0,Del0.8,0.76
X-5490,LOC100507632,100507632.0,Amp5,6.28
X-5490,LOC100652741,,MutNovel,"R280Q,0.500"
X-5490,LOC100652791,100652791.0,Del0.8,0.75
X-5490,LOC157273,157273.0,Del0.8,0.75
X-5490,LOC157381,157381.0,Amp5,5.24
X-5490,LOC286059,286059.0,Del0.8,0.78
X-5490,LOC286083,286083.0,Del0.8,0.78
X-5490,LOC286094,286094.0,Amp5,5.94
X-5490,LOC286114,286114.0,Del0.8,0.78
X-5490,LOC286135,286135.0,Del0.8,0.76
X-5490,LOC286184,286184.0,Amp5,6.54
X-5490,LOC286186,286186.0,Amp5,6.41
X-5490,LOC286189,286189.0,Amp5,6.15
X-5490,LOC339240,339240.0,Del0.8,0.8
X-5490,LOC340357,340357.0,Del0.8,0.78
X-5490,LOC349196,349196.0,Del0.8,0.75
X-5490,LOC389641,389641.0,Del0.8,0.78
X-5490,LOC392196,392196.0,Del0.8,0.75
X-5490,LOC401463,401463.0,Amp5,6.54
X-5490,LOC727924,727924.0,Del0.8,0.8
X-5490,LOC728024,728024.0,Del0.8,0.75
X-5490,LOC728888,,MutNovel,"NI453I,0.471"
X-5490,LOC731779,731779.0,Amp5,5.62
X-5490,LONRF1,91694.0,Del0.8,0.78
X-5490,LOXL2,4017.0,Del0.8,0.78
X-5490,LPHN1,22859.0,MutNovel,"A437V,0.633"
X-5490,LPL,4023.0,Del0.8,0.78
X-5490,LRRC6,23639.0,Amp5,6.19
X-5490,LRRC69,100130742.0,Amp5,5.78
X-5490,LSM1,27257.0,Del0.8,0.75
X-5490,LSR,51599.0,MutNovel,"G518GR,0.539"
X-5490,LY6D,8581.0,Amp5,5.39
X-5490,LY6E,4061.0,Amp5,5.39
X-5490,LY6H,4062.0,Amp5,5.39
X-5490,LY6K,54742.0,Amp5,5.39
X-5490,LY96,23643.0,Amp5,5.58
X-5490,LYNX1,66004.0,Amp5,5.39
X-5490,LYPD2,137797.0,Amp5,5.39
X-5490,LZTS1,11178.0,Del0.8,0.78
X-5490,MAF1,84232.0,Amp5,5.7
X-5490,MAFA,389692.0,Amp5,5.7
X-5490,MAGI1,9223.0,MutNovel,"R480C,0.563"
X-5490,MAK16,84549.0,Del0.8,0.75
X-5490,MAL2,114569.0,Amp5,5.82
X-5490,MAN1A1,4121.0,MutNovel,"E491K,0.566"
X-5490,MAP2K3,5606.0,Del0.8,0.78
X-5490,MAP2K4,6416.0,Del0.8,0.29
X-5490,MAP3K4,4216.0,MutNovel,"PA1189P,1.000"
X-5490,MAP9,79884.0,MutNovel,"DK596-,1.000"
X-5490,MAPK15,225689.0,Amp5,5.7
X-5490,MAPK7,5598.0,Del0.8,0.8
X-5490,MAPK8IP2,23542.0,MutNovel,"A378G,1.000"
X-5490,MBOAT4,619373.0,Del0.8,0.76
X-5490,MCPH1,79648.0,Del0.8,0.75
X-5490,MED30,90390.0,Amp5,5.82
X-5490,MEIS3P1,4213.0,Del0.8,0.8
X-5490,MFAP4,4239.0,Del0.8,0.8
X-5490,MGC12916,84815.0,Del0.8,0.8
X-5490,MIR1180,100302256.0,Del0.8,0.8
X-5490,MIR1204,100302185.0,Amp5,5.66
X-5490,MIR124-1,406907.0,Del0.8,0.75
X-5490,MIR124-2,406908.0,Amp5,6.54
X-5490,MIR1288,100302124.0,Del0.8,0.8
X-5490,MIR1322,100302166.0,Del0.8,0.75
X-5490,MIR3148,100422876.0,Del0.8,0.76
X-5490,MIR3151,100422992.0,Amp5,5.21
X-5490,MIR3183,100422835.0,Del0.8,0.8
X-5490,MIR320A,407037.0,Del0.8,0.78
X-5490,MIR3610,100500914.0,Amp5,5.82
X-5490,MIR3622A,100500858.0,Del0.8,0.77
X-5490,MIR3622B,100500871.0,Del0.8,0.77
X-5490,MIR378D2,100616169.0,Amp5,5.5
X-5490,MIR383,494332.0,Del0.8,0.78
X-5490,MIR3926-1,100500870.0,Del0.8,0.78
X-5490,MIR3926-2,100500838.0,Del0.8,0.78
X-5490,MIR4287,100422828.0,Del0.8,0.77
X-5490,MIR4288,100422903.0,Del0.8,0.77
X-5490,MIR4469,100616115.0,Del0.8,0.73
X-5490,MIR4470,100616484.0,Amp5,6.41
X-5490,MIR4471,100616451.0,Amp5,5.21
X-5490,MIR4659A,100616348.0,Del0.8,0.75
X-5490,MIR4659B,100616372.0,Del0.8,0.75
X-5490,MIR4660,100616350.0,Del0.8,0.76
X-5490,MIR4661,100616245.0,Amp5,5.78
X-5490,MIR4663,100616260.0,Amp5,5.24
X-5490,MIR4664,100616318.0,Amp5,5.7
X-5490,MIR4731,100616125.0,Del0.8,0.8
X-5490,MIR486,619554.0,Del0.8,0.77
X-5490,MIR548I3,100302186.0,Del0.8,0.73
X-5490,MIR548O2,100616190.0,Del0.8,0.76
X-5490,MIR570,693155.0,Del0.8,0.7
X-5490,MIR596,693181.0,Del0.8,0.78
X-5490,MIR597,693182.0,Del0.8,0.75
X-5490,MIR598,693183.0,Del0.8,0.75
X-5490,MIR661,724031.0,Amp5,5.7
X-5490,MIR744,100126313.0,Del0.8,0.77
X-5490,MIR937,100126338.0,Amp5,5.7
X-5490,MLL3,58508.0,MutKnownFunctional,"-2797?,0.284"
X-5490,MPRIP,23164.0,MutNovel,"TS178T,1.000"
X-5490,MRPS28,28957.0,Amp5,5.43
X-5490,MSR1,4481.0,Del0.8,0.78
X-5490,MSRA,4482.0,Del0.8,0.75
X-5490,MTDH,92140.0,Amp5,5.35
X-5490,MTFR1,9650.0,Amp5,6.41
X-5490,MTMR7,9108.0,Del0.8,0.78
X-5490,MTMR9,66036.0,Del0.8,0.75
X-5490,MTSS1,9788.0,Amp5,5.24
X-5490,MTUS1,57509.0,Del0.8,0.78
X-5490,MUC6,4588.0,MutNovel,"L1673R,0.308"
X-5490,MYBBP1A,10514.0,MutNovel,"R447P,1.000"
X-5490,MYBL1,4603.0,Amp5,6.41
X-5490,MYC,4609.0,Amp5,5.66
X-5490,MYOCD,93649.0,MutNovel,"E154G,0.300"
X-5490,MYOM2,9172.0,Del0.8,0.78
X-5490,NAPRT1,93100.0,Amp5,5.7
X-5490,NAT1,9.0,Del0.8,0.78
X-5490,NAT2,10.0,Del0.8,0.78
X-5490,NBN,4683.0,Amp5,6.36
X-5490,NBPF14,25832.0,MutNovel,"H477L,1.000"
X-5490,NBPF15,284565.0,MutNovel,"G593S,1.000"
X-5490,NBPF9,400818.0,MutNovel,"R27S,0.348"
X-5490,NBPF9,400818.0,MutNovel,"R97G,0.692"
X-5490,NBPF9,400818.0,MutNovel,"Q184R,1.000"
X-5490,NBPF9,400818.0,MutNovel,"A284T,0.455"
X-5490,NBPF9,400818.0,MutNovel,"TAH652RAY,0.571"
X-5490,NCKAP5,344148.0,MutNovel,"P980S,1.000"
X-5490,NCOA3,8202.0,MutNovel,"Q1255-,1.000"
X-5490,NCOR1,9611.0,Del0.8,0.8
X-5490,NCOR2,9612.0,MutNovel,"G1839GAAA,1.000"
X-5490,NCOR2,9612.0,MutNovel,"-511S,0.984"
X-5490,NCRNA00185,55410.0,Del0.8,0.18
X-5490,NDUFB9,4715.0,Amp5,5.24
X-5490,NEFH,4744.0,MutNovel,"V684E,0.500"
X-5490,NEFL,4747.0,Del0.8,0.76
X-5490,NEFM,4741.0,Del0.8,0.76
X-5490,NEIL2,252969.0,Del0.8,0.75
X-5490,NF1,4763.0,MutNovel,"I2058V,0.478"
X-5490,NKAIN3,286183.0,Amp5,6.41
X-5490,NKX2-6,137814.0,Del0.8,0.78
X-5490,NKX3-1,4824.0,Del0.8,0.78
X-5490,NKX6-3,157848.0,Del0.8,0.77
X-5490,NLGN4Y,22829.0,Del0.8,0.23
X-5490,NOMO2,283820.0,MutNovel,"E572K,0.250"
X-5490,NOV,4856.0,Amp5,5.82
X-5490,NPBWR1,2831.0,Del0.8,0.76
X-5490,NPM2,10361.0,Del0.8,0.78
X-5490,NRBP2,340371.0,Amp5,5.7
X-5490,NRD1,4898.0,MutNovel,"S106F,0.661"
X-5490,NRG1,3084.0,Del0.8,0.75
X-5490,NSMAF,8439.0,Amp5,6.02
X-5490,NSMCE2,286053.0,Amp5,5.24
X-5490,NUDT18,79873.0,Del0.8,0.78
X-5490,NXN,64359.0,Del0.8,0.8
X-5490,OC90,729330.0,Amp5,6.32
X-5490,OFCC1,,MutNovel,"R663K,0.333"
X-5490,OPLAH,26873.0,Amp5,5.7
X-5490,OPRK1,4986.0,Del0.8,0.76
X-5490,OPTN,10133.0,MutNovel,"P292L,0.606"
X-5490,OR4F21,441308.0,Del0.8,0.78
X-5490,OR4M2,390538.0,Del0.8,0.8
X-5490,OR4N3P,390539.0,Del0.8,0.8
X-5490,OR4N4,283694.0,Del0.8,0.8
X-5490,ORAI1,84876.0,MutNovel,"PP43-,1.000"
X-5490,OSGIN1,29948.0,MutNovel,"T248M,0.294"
X-5490,OSGIN2,734.0,Amp5,6.36
X-5490,OTUD1,220213.0,MutNovel,"R311Q,0.323"
X-5490,OTUD6B,51633.0,Amp5,5.78
X-5490,PABPC1,26986.0,Amp5,5.21
X-5490,PABPC3,5042.0,MutKnownFunctional,"-209,0.500"
X-5490,PABPC3,5042.0,MutNovel,"KG231-,0.455"
X-5490,PAG1,55824.0,Amp5,5.39
X-5490,PARP10,84875.0,Amp5,5.7
X-5490,PBK,55872.0,Del0.8,0.77
X-5490,PCAT1,100750225.0,Amp5,5.13
X-5490,PCDH1,5097.0,MutNovel,"R880Q,0.422"
X-5490,PCDH11Y,83259.0,Del0.8,0.36
X-5490,PCM1,5108.0,Del0.8,0.78
X-5490,PCMTD1,115294.0,Del0.8,0.76
X-5490,PDE7A,5150.0,Amp5,6.41
X-5490,PDGFRL,5157.0,Del0.8,0.78
X-5490,PDLIM2,64236.0,Del0.8,0.78
X-5490,PDP1,54704.0,Amp5,5.5
X-5490,PEBP4,157310.0,Del0.8,0.78
X-5490,PHF20L1,51105.0,Amp5,6.19
X-5490,PHLDA1,22822.0,MutNovel,"QQ194Q,1.000"
X-5490,PHYHIP,9796.0,Del0.8,0.78
X-5490,PIGL,9487.0,Del0.8,0.8
X-5490,PIK3CA,5290.0,MutKnownFunctional,"H1047R,1.000"
X-5490,PINX1,54984.0,Del0.8,0.75
X-5490,PIWIL2,55124.0,Del0.8,0.78
X-5490,PKIB,5570.0,MutNovel,"E57K,0.510"
X-5490,PLAT,5327.0,Del0.8,0.77
X-5490,PLD3,23646.0,MutNovel,"R222H,0.496"
X-5490,PLEC,5339.0,Amp5,5.7
X-5490,PLEKHA2,59339.0,Del0.8,0.74
X-5490,PMP2,5375.0,Amp5,5.39
X-5490,PMP22,5376.0,Del0.8,0.8
X-5490,PNMA2,10687.0,Del0.8,0.76
X-5490,PNOC,5368.0,Del0.8,0.77
X-5490,POLB,5423.0,Del0.8,0.73
X-5490,POLE,5426.0,MutNovel,"E1554K,0.996"
X-5490,POLQ,10721.0,MutNovel,"P1415S,0.375"
X-5490,POLR3D,661.0,Del0.8,0.78
X-5490,POTEE,445582.0,MutNovel,"G546R,0.800"
X-5490,POTEH,23784.0,MutNovel,"M464V,1.000"
X-5490,POTEI,,MutNovel,"V280I,1.000"
X-5490,PPAPDC1B,84513.0,Del0.8,0.75
X-5490,PPP1R3B,79660.0,Del0.8,0.76
X-5490,PPP1R42,286187.0,Amp5,6.11
X-5490,PPP2CB,5516.0,Del0.8,0.75
X-5490,PPP2R2A,5520.0,Del0.8,0.76
X-5490,PPP2R3C,55012.0,MutKnownFunctional,"-23?,1.000"
X-5490,PPP3CC,5533.0,Del0.8,0.78
X-5490,PRKDC,5591.0,MutNovel,"R198H,0.367"
X-5490,PRKY,5616.0,Del0.8,0.23
X-5490,PROSC,11212.0,Del0.8,0.75
X-5490,PRPSAP2,5636.0,Del0.8,0.8
X-5490,PRSS55,203074.0,Del0.8,0.75
X-5490,PRY,9081.0,Del0.8,0.18
X-5490,PRY,9081.0,Del0.8,0.18
X-5490,PRY2,442862.0,Del0.8,0.18
X-5490,PRY2,442862.0,Del0.8,0.18
X-5490,PSCA,8000.0,Amp5,5.39
X-5490,PSD3,23362.0,Del0.8,0.78
X-5490,PSKH2,85481.0,Amp5,5.94
X-5490,PTK2,5747.0,Amp5,5.62
X-5490,PTK2B,2185.0,Del0.8,0.77
X-5490,PTP4A3,11156.0,Amp5,5.62
X-5490,PUF60,22827.0,Amp5,5.7
X-5490,PURG,29942.0,Del0.8,0.75
X-5490,PXDNL,137902.0,Del0.8,0.76
X-5490,PYCRL,65263.0,Amp5,5.7
X-5490,R3HCC1,203069.0,Del0.8,0.78
X-5490,RAB11FIP1,80223.0,Del0.8,0.75
X-5490,RAB2A,5862.0,Amp5,6.02
X-5490,RAD21,5885.0,Amp5,5.82
X-5490,RAD21-AS1,644660.0,Amp5,5.82
X-5490,RAD54B,25788.0,Amp5,5.5
X-5490,RB1CC1,9821.0,Del0.8,0.76
X-5490,RBM12B,389677.0,Amp5,5.5
X-5490,RBM4,5936.0,MutNovel,"R349Q,0.260"
X-5490,RBMY1A3P,286557.0,Del0.8,0.23
X-5490,RBMY1B,378948.0,Del0.8,0.18
X-5490,RBMY1B,378948.0,Del0.8,0.18
X-5490,RBMY1E,378950.0,Del0.8,0.18
X-5490,RBMY1E,378950.0,Del0.8,0.18
X-5490,RBMY1F,159163.0,Del0.8,0.18
X-5490,RBMY1F,159163.0,Del0.8,0.18
X-5490,RBMY1J,378951.0,Del0.8,0.18
X-5490,RBMY1J,378951.0,Del0.8,0.18
X-5490,RBMY2EP,159125.0,Del0.8,0.18
X-5490,RBMY2FP,159162.0,Del0.8,0.18
X-5490,RBMY3AP,64593.0,Del0.8,0.23
X-5490,RBPMS,11030.0,Del0.8,0.76
X-5490,REEP4,80346.0,Del0.8,0.78
X-5490,REREP3,646396.0,Del0.8,0.8
X-5490,REV3L,5980.0,MutNovel,"D1202N,0.411"
X-5490,RGNEF,64283.0,MutNovel,"S590L,0.636"
X-5490,RHD,6007.0,Del0.8,0.43
X-5490,RHOBTB2,23221.0,Del0.8,0.78
X-5490,RHPN1,114822.0,Amp5,5.7
X-5490,RIPK2,8767.0,Amp5,6.36
X-5490,RNF112,7732.0,Del0.8,0.8
X-5490,RNF122,79845.0,Del0.8,0.75
X-5490,RNF139,11236.0,Amp5,5.24
X-5490,RNF170,81790.0,Del0.8,0.73
X-5490,RNF5P1,286140.0,Del0.8,0.74
X-5490,RNMTL1,55178.0,Del0.8,0.8
X-5490,RP1L1,94137.0,Del0.8,0.75
X-5490,RPH3AL,9501.0,Del0.8,0.32
X-5490,RPL23AP53,644128.0,Del0.8,0.78
X-5490,RPL8,6132.0,Amp5,5.24
X-5490,RPS4Y1,6192.0,Del0.8,0.36
X-5490,RPS4Y2,140032.0,Del0.8,0.18
X-5490,RRP15,51018.0,MutKnownFunctional,"-272,0.502"
X-5490,RRS1,23212.0,Amp5,6.41
X-5490,SARS2,54938.0,MutNovel,"G515GCLG,0.497"
X-5490,SCARA3,51435.0,Del0.8,0.77
X-5490,SCARA5,286133.0,Del0.8,0.77
X-5490,SCRIB,23513.0,Amp5,5.7
X-5490,SCRT1,83482.0,Amp5,5.7
X-5490,SCXA,100129885.0,Amp5,5.7
X-5490,SDCBP,6386.0,Amp5,6.02
X-5490,SDHAP2,727956.0,Del0.8,0.7
X-5490,SERINC2,347735.0,MutNovel,"-373Q,1.000"
X-5490,SFRP1,6422.0,Del0.8,0.77
X-5490,SFTPC,6440.0,Del0.8,0.78
X-5490,SGCZ,137868.0,Del0.8,0.78
X-5490,SGK196,84197.0,Del0.8,0.73
X-5490,SGK223,157285.0,Del0.8,0.76
X-5490,SH2D4A,63898.0,Del0.8,0.78
X-5490,SHARPIN,81858.0,Amp5,5.7
X-5490,SHMT1,6470.0,Del0.8,0.8
X-5490,SLA,6503.0,Amp5,6.19
X-5490,SLC10A5,347051.0,Amp5,5.39
X-5490,SLC18A1,6570.0,Del0.8,0.78
X-5490,SLC20A2,6575.0,Del0.8,0.73
X-5490,SLC25A37,51312.0,Del0.8,0.78
X-5490,SLC30A8,169026.0,Amp5,5.82
X-5490,SLC35G5,83650.0,Del0.8,0.75
X-5490,SLC39A14,23516.0,Del0.8,0.78
X-5490,SLC45A4,57210.0,Amp5,5.62
X-5490,SLC47A1,55244.0,Del0.8,0.8
X-5490,SLC47A2,146802.0,Del0.8,0.8
X-5490,SLC5A10,125206.0,Del0.8,0.8
X-5490,SLC7A13,157724.0,Amp5,5.94
X-5490,SLC7A2,6542.0,Del0.8,0.78
X-5490,SLFN13,146857.0,MutNovel,"G570S,1.000"
X-5490,SLURP1,57152.0,Amp5,5.39
X-5490,SMCR7,125170.0,Del0.8,0.8
X-5490,SMCR8,140775.0,Del0.8,0.8
X-5490,SNORA59B,677882.0,Del0.8,0.8
X-5490,SNTG1,54212.0,Del0.8,0.76
X-5490,SNX31,169166.0,Amp5,5.21
X-5490,SORBS3,10174.0,Del0.8,0.78
X-5490,SOS1,6654.0,MutNovel,"R1131K,0.612"
X-5490,SOX7,83595.0,Del0.8,0.75
X-5490,SPAG11A,653423.0,Del0.8,0.73
X-5490,SPAG11B,10407.0,Del0.8,0.73
X-5490,SPAG11B,10407.0,Del0.8,0.73
X-5490,SPATC1,375686.0,Amp5,5.7
X-5490,SPECC1,92521.0,Del0.8,0.8
X-5490,SPTB,6710.0,MutNovel,"R2006H,0.400"
X-5490,SQLE,6713.0,Amp5,5.24
X-5490,SRRM2,23524.0,MutNovel,"D1185N,0.672"
X-5490,SRRM5,100170229.0,MutNovel,"K493T,0.469"
X-5490,SRRM5,100170229.0,MutNovel,"C509R,0.240"
X-5490,SRY,6736.0,Del0.8,0.36
X-5490,ST18,9705.0,Del0.8,0.76
X-5490,STAR,6770.0,Del0.8,0.75
X-5490,STC1,6781.0,Del0.8,0.78
X-5490,STMN2,11075.0,Amp5,5.43
X-5490,STMN4,81551.0,Del0.8,0.77
X-5490,STRC,161497.0,MutNovel,"T1565S,0.600"
X-5490,TACC1,6867.0,Del0.8,0.74
X-5490,TAF2,6873.0,MutNovel,"P1087S,0.850"
X-5490,TAF2,6873.0,Amp5,5.82
X-5490,TAG,404663.0,Del0.8,0.72
X-5490,TATDN1,83940.0,Amp5,5.24
X-5490,TBC1D26,353149.0,Del0.8,0.8
X-5490,TBC1D28,254272.0,Del0.8,0.8
X-5490,TBCEL,219899.0,MutNovel,"V92I,0.434"
X-5490,TBL1Y,90665.0,Del0.8,0.23
X-5490,TBP,6908.0,MutNovel,"-64Q,0.500"
X-5490,TCEB1,6921.0,Amp5,5.58
X-5490,TCF24,100129654.0,Amp5,5.03
X-5490,TDH,157739.0,Del0.8,0.75
X-5490,TEKT2,27285.0,MutNovel,"R39L,0.734"
X-5490,TEKT3,64518.0,Del0.8,0.8
X-5490,TEX15,56154.0,Del0.8,0.75
X-5490,TG,7038.0,Amp5,6.19
X-5490,TGIF2LY,90655.0,Del0.8,0.36
X-5490,THAP1,55145.0,Del0.8,0.73
X-5490,THRAP3,9967.0,MutNovel,"R572Q,0.680"
X-5490,TIGD5,84948.0,Amp5,5.7
X-5490,TIMM22,29928.0,Del0.8,0.8
X-5490,TM2D2,83877.0,Del0.8,0.74
X-5490,TMBIM4,51643.0,MutKnownFunctional,"-174?,0.840"
X-5490,TMED10P1,286102.0,Amp5,5.24
X-5490,TMEM11,8834.0,Del0.8,0.78
X-5490,TMEM183A,92703.0,MutNovel,"A2G,0.516"
X-5490,TMEM183B,,MutKnownFunctional,"-316,0.455"
X-5490,TMEM183B,,MutNovel,"A2G,0.556"
X-5490,TMEM65,157378.0,Amp5,5.24
X-5490,TMEM66,51669.0,Del0.8,0.76
X-5490,TMEM67,91147.0,Amp5,5.5
X-5490,TMEM70,54968.0,Amp5,5.58
X-5490,TMEM71,137835.0,Amp5,6.19
X-5490,TMSB4Y,9087.0,Del0.8,0.23
X-5490,TNFRSF10A,8797.0,Del0.8,0.78
X-5490,TNFRSF10B,8795.0,Del0.8,0.78
X-5490,TNFRSF10C,8794.0,Del0.8,0.78
X-5490,TNFRSF10D,8793.0,Del0.8,0.78
X-5490,TNFRSF11B,4982.0,Amp5,5.82
X-5490,TNKS,8658.0,Del0.8,0.75
X-5490,TNKS1BP1,85456.0,MutNovel,"A507T,0.342"
X-5490,TOP1MT,116447.0,Amp5,5.7
X-5490,TOP3A,7156.0,Del0.8,0.8
X-5490,TOX,9760.0,Amp5,6.02
X-5490,TP53,7157.0,MutKnownFunctional,"R280T,1.000"
X-5490,TPD52,7163.0,Amp5,5.43
X-5490,TRANK1,9881.0,MutNovel,"D1019N,1.000"
X-5490,TRAPPC9,83696.0,MutKnownFunctional,"R929*,0.635"
X-5490,TRAPPC9,83696.0,Amp5,5.62
X-5490,TRIB1,10221.0,Amp5,5.24
X-5490,TRIM16,10626.0,Del0.8,0.8
X-5490,TRIM16L,147166.0,Del0.8,0.8
X-5490,TRIM35,23087.0,Del0.8,0.77
X-5490,TRIM41,90933.0,MutNovel,"RE61R,0.500"
X-5490,TRIM55,84675.0,Amp5,6.41
X-5490,TRMT12,55039.0,Amp5,5.24
X-5490,TRPS1,7227.0,Amp5,6.32
X-5490,TSPY1,7258.0,Del0.8,0.23
X-5490,TSPY2,64591.0,Del0.8,0.23
X-5490,TSPY3,728137.0,Del0.8,0.23
X-5490,TSPY4,728395.0,Del0.8,0.23
X-5490,TSPY8,728403.0,Del0.8,0.23
X-5490,TSPYL1,7259.0,MutNovel,"V176VW,1.000"
X-5490,TSPYL2,64061.0,MutNovel,"A168G,0.979"
X-5490,TSPYL5,85453.0,Amp5,5.35
X-5490,TSTA3,7264.0,Amp5,5.7
X-5490,TTC19,54902.0,Del0.8,0.8
X-5490,TTC7A,57217.0,MutNovel,"K339E,0.603"
X-5490,TTI2,80185.0,Del0.8,0.75
X-5490,TTTY10,246119.0,Del0.8,0.18
X-5490,TTTY11,83866.0,Del0.8,0.23
X-5490,TTTY12,83867.0,Del0.8,0.23
X-5490,TTTY13,83868.0,Del0.8,0.18
X-5490,TTTY14,83869.0,Del0.8,0.18
X-5490,TTTY15,64595.0,Del0.8,0.23
X-5490,TTTY16,252948.0,Del0.8,0.23
X-5490,TTTY17A,252949.0,Del0.8,0.18
X-5490,TTTY17A,252949.0,Del0.8,0.37
X-5490,TTTY18,252950.0,Del0.8,0.23
X-5490,TTTY19,252952.0,Del0.8,0.23
X-5490,TTTY1B,100101116.0,Del0.8,0.23
X-5490,TTTY1B,100101116.0,Del0.8,0.23
X-5490,TTTY2,60439.0,Del0.8,0.23
X-5490,TTTY2,60439.0,Del0.8,0.23
X-5490,TTTY20,252951.0,Del0.8,0.23
X-5490,TTTY21,252953.0,Del0.8,0.23
X-5490,TTTY21,252953.0,Del0.8,0.23
X-5490,TTTY22,252954.0,Del0.8,0.23
X-5490,TTTY23,252955.0,Del0.8,0.23
X-5490,TTTY23,252955.0,Del0.8,0.23
X-5490,TTTY3,114760.0,Del0.8,0.18
X-5490,TTTY3,114760.0,Del0.8,0.14
X-5490,TTTY4,114761.0,Del0.8,0.11
X-5490,TTTY4,114761.0,Del0.8,0.07
X-5490,TTTY5,83863.0,Del0.8,0.18
X-5490,TTTY6,84672.0,Del0.8,0.18
X-5490,TTTY6,84672.0,Del0.8,0.18
X-5490,TTTY7,246122.0,Del0.8,0.23
X-5490,TTTY7,246122.0,Del0.8,0.23
X-5490,TTTY7B,100101120.0,Del0.8,0.23
X-5490,TTTY7B,100101120.0,Del0.8,0.23
X-5490,TTTY8,84673.0,Del0.8,0.23
X-5490,TTTY8,84673.0,Del0.8,0.23
X-5490,TTTY9A,83864.0,Del0.8,0.18
X-5490,TTTY9A,83864.0,Del0.8,0.18
X-5490,TUSC3,7991.0,Del0.8,0.78
X-5490,TUSC5,286753.0,Del0.8,0.8
X-5490,TXLNG2P,246126.0,Del0.8,0.18
X-5490,TXNDC5,81567.0,MutNovel,"-47R,0.416"
X-5490,UBXN2B,137886.0,Amp5,6.02
X-5490,UBXN8,7993.0,Del0.8,0.75
X-5490,UG0898H09,643763.0,Amp5,6.41
X-5490,ULK2,9706.0,Del0.8,0.8
X-5490,UNC5D,137970.0,Del0.8,0.75
X-5490,UQCRFS1,7386.0,MutNovel,"S54L,0.434"
X-5490,USP17L2,377630.0,Del0.8,0.75
X-5490,USP22,23326.0,Del0.8,0.78
X-5490,USP32P2,220594.0,Del0.8,0.8
X-5490,USP36,57602.0,MutNovel,"KKK958K,0.489"
X-5490,USP9Y,8287.0,Del0.8,0.23
X-5490,UTP23,84294.0,Amp5,5.82
X-5490,UTY,7404.0,Del0.8,0.23
X-5490,VCPIP1,80124.0,Amp5,6.41
X-5490,VCY,9084.0,Del0.8,0.23
X-5490,VCY,9084.0,Del0.8,0.23
X-5490,VDAC3,7419.0,Del0.8,0.73
X-5490,VPS37A,137492.0,Del0.8,0.78
X-5490,VPS53,55275.0,Del0.8,0.8
X-5490,WDR67,93594.0,Amp5,5.24
X-5490,WDR96,80217.0,MutNovel,"Q285K,0.545"
X-5490,WDYHV1,55093.0,Amp5,5.24
X-5490,WHSC1L1,54904.0,Del0.8,0.75
X-5490,WISP1,8840.0,Amp5,6.19
X-5490,WRN,7486.0,Del0.8,0.75
X-5490,WWP1,11059.0,Amp5,5.94
X-5490,XKR5,389610.0,Del0.8,0.75
X-5490,XKR6,286046.0,Del0.8,0.75
X-5490,XKRY2,353515.0,Del0.8,0.18
X-5490,XKRY2,353515.0,Del0.8,0.23
X-5490,XPO7,23039.0,Del0.8,0.78
X-5490,YRDC,79693.0,MutNovel,"V120L,0.625"
X-5490,YTHDC2,64848.0,MutNovel,"Q452E,0.443"
X-5490,YWHAZ,7534.0,Amp5,5.21
X-5490,ZBTB39,9880.0,MutKnownFunctional,"Q575*,1.000"
X-5490,ZC3H3,23144.0,Amp5,5.7
X-5490,ZDHHC2,51201.0,Del0.8,0.78
X-5490,ZFAND1,79752.0,Amp5,5.39
X-5490,ZFP41,286128.0,Amp5,5.7
X-5490,ZFY,7544.0,Del0.8,0.36
X-5490,ZHX1,11244.0,Amp5,5.24
X-5490,ZHX1-C8ORF76,100533106.0,Amp5,5.24
X-5490,ZHX2,22882.0,Amp5,5.1
X-5490,ZMAT4,79698.0,Del0.8,0.77
X-5490,ZNF135,7694.0,MutKnownFunctional,"-309Q?,0.280"
X-5490,ZNF16,7564.0,Amp5,5.24
X-5490,ZNF18,7566.0,Del0.8,0.77
X-5490,ZNF211,10520.0,MutNovel,"H508R,0.574"
X-5490,ZNF219,51222.0,MutNovel,"QPP233P,1.000"
X-5490,ZNF229,7772.0,MutKnownFunctional,"-682?,0.545"
X-5490,ZNF250,58500.0,Amp5,5.24
X-5490,ZNF251,90987.0,Amp5,5.24
X-5490,ZNF286A,57335.0,Del0.8,0.8
X-5490,ZNF286B,729288.0,Del0.8,0.8
X-5490,ZNF318,24149.0,MutNovel,"R84P,0.467"
X-5490,ZNF34,80778.0,Amp5,5.24
X-5490,ZNF384,171017.0,MutNovel,"QQ514Q,1.000"
X-5490,ZNF395,55893.0,Del0.8,0.77
X-5490,ZNF440,126070.0,MutKnownFunctional,"-156,0.387"
X-5490,ZNF517,340385.0,Amp5,5.24
X-5490,ZNF546,339327.0,MutNovel,"E160K,0.278"
X-5490,ZNF572,137209.0,Amp5,5.24
X-5490,ZNF586,54807.0,MutNovel,"Q321P,0.500"
X-5490,ZNF596,169270.0,Del0.8,0.78
X-5490,ZNF607,84775.0,MutNovel,"K671T,0.239"
X-5490,ZNF623,9831.0,Amp5,5.7
X-5490,ZNF696,79943.0,Amp5,5.7
X-5490,ZNF7,7553.0,Amp5,5.24
X-5490,ZNF703,80139.0,Del0.8,0.75
X-5490,ZNF705D,728957.0,Del0.8,0.75
X-5490,ZNF707,286075.0,Amp5,5.7
X-5490,ZNF772,400720.0,MutNovel,"A4GP,0.667"
X-5490,ZNF99,7652.0,MutNovel,"H755P,0.500"
X-5490,ZRANB1,54764.0,MutKnownFunctional,"-709?,0.271"
X-5490,ZSWIM7,125150.0,Del0.8,0.8
X-5502,AAK1,22848.0,MutNovel,"G755E,0.750"
X-5502,ABHD14B,84836.0,MutKnownFunctional,"-105?,0.373"
X-5502,ABI1,10006.0,MutNovel,"P418-,0.505"
X-5502,ABRA,137735.0,Amp5,5.13
X-5502,ACOT1,641371.0,Del0.8,0.58
X-5502,ACTR3C,653857.0,MutNovel,"S163F,0.222"
X-5502,ADAM18,8749.0,Amp8,9.45
X-5502,ADAM2,2515.0,Amp8,9.45
X-5502,ADAM32,203102.0,Amp8,9.38
X-5502,ADCK5,203054.0,Amp5,5.9
X-5502,ADHFE1,137872.0,Amp5,5.24
X-5502,AGAP7,653268.0,MutNovel,"L327S,1.000"
X-5502,AKAP8,10270.0,Amp8,10.13
X-5502,AKAP8L,26993.0,Amp8,10.13
X-5502,ALDH3B1,221.0,MutKnownFunctional,"-459?,1.000"
X-5502,AMELY,266.0,Del0.8,0.25
X-5502,ANGPT1,284.0,Amp5,5.13
X-5502,ANKRD46,157567.0,Amp5,5.13
X-5502,ANLN,54443.0,MutNovel,"R13H,0.574"
X-5502,ANXA13,312.0,Amp5,5.1
X-5502,ANXA6,309.0,MutNovel,"W192R,0.649"
X-5502,AOAH,313.0,MutKnownFunctional,"-639?,1.000"
X-5502,AP1M1,8907.0,Amp8,9.32
X-5502,AP5Z1,,MutNovel,"V211I,0.525"
X-5502,APC,324.0,MutKnownFunctional,"W1049*,0.415"
X-5502,APC,324.0,MutKnownFunctional,"Q1378*,0.524"
X-5502,APOBEC3D,140564.0,MutNovel,"P257S,1.000"
X-5502,APOLD1,81575.0,Amp5,5.58
X-5502,AQP12A,375318.0,MutNovel,"R144P,1.000"
X-5502,ARC,23237.0,Amp5,5.35
X-5502,ARFGEF1,10565.0,Amp5,5.24
X-5502,ARHGAP39,80728.0,Amp5,5.9
X-5502,ARHGDIB,397.0,Amp5,5.58
X-5502,ARHGEF5,7984.0,MutNovel,"P815A,0.241"
X-5502,ARMC1,55156.0,Amp5,5.24
X-5502,ART4,420.0,Amp5,5.58
X-5502,ASAP1,50807.0,Amp5,5.1
X-5502,ASAP1-IT1,29065.0,Amp5,5.1
X-5502,ATAD2,29028.0,Amp5,5.1
X-5502,ATF7IP,55729.0,Amp5,5.58
X-5502,ATP6V0D2,245972.0,Amp5,5.17
X-5502,ATP6V1C1,528.0,Amp5,5.13
X-5502,ATP6V1F,9296.0,MutNovel,"P73L,0.800"
X-5502,AVEN,57099.0,MutNovel,"GGGGG41G,1.000"
X-5502,AZIN1,51582.0,Amp5,5.13
X-5502,BAALC,79870.0,Amp5,5.13
X-5502,BAI1,575.0,Amp5,5.35
X-5502,BBS10,79738.0,MutNovel,"Y197C,0.509"
X-5502,BCL2L14,79370.0,Amp5,5.58
X-5502,BCORP1,286554.0,Del0.8,0.21
X-5502,BHLHE22,27319.0,Amp5,5.24
X-5502,BOD1L1,,MutNovel,"E1072K,0.553"
X-5502,BOP1,23246.0,Amp5,5.9
X-5502,BPY2B,442867.0,Del0.8,0.08
X-5502,BPY2B,442867.0,Del0.8,0.13
X-5502,BREA2,286076.0,Amp5,5.9
X-5502,BTNL3,10917.0,Del0.8,0.78
X-5502,BTNL8,79908.0,Del0.8,0.78
X-5502,C12orf36,283422.0,Amp5,5.58
X-5502,C12orf60,144608.0,Amp5,5.58
X-5502,C12orf69,440087.0,Amp5,5.58
X-5502,C16orf46,123775.0,MutNovel,"R319H,0.692"
X-5502,C19orf26,255057.0,MutNovel,"TT17-,0.353"
X-5502,C19orf44,84167.0,Amp8,11.08
X-5502,C8orf31,286122.0,Amp5,5.35
X-5502,C8orf33,65265.0,Amp5,5.9
X-5502,C8orf37,157657.0,Amp5,5.13
X-5502,C8orf4,56892.0,Amp8,9.45
X-5502,C8orf44,56260.0,Amp5,5.24
X-5502,C8orf44-SGK3,100533105.0,Amp5,5.24
X-5502,C8orf46,254778.0,Amp5,5.24
X-5502,C8orf47,203111.0,Amp5,5.13
X-5502,C8orf56,157556.0,Amp5,5.13
X-5502,C8orf59,401466.0,Amp5,5.17
X-5502,C8orf73,642475.0,Amp5,5.9
X-5502,C8orf76,84933.0,Amp5,5.1
X-5502,C8orf82,414919.0,Amp5,5.9
X-5502,CA1,759.0,Amp5,5.17
X-5502,CA13,377677.0,Amp5,5.17
X-5502,CA2,760.0,Amp5,5.17
X-5502,CA3,761.0,Amp5,5.17
X-5502,CALB1,793.0,Amp5,5.17
X-5502,CALR3,125972.0,Amp8,11.08
X-5502,CAPZA3,93661.0,Amp5,5.58
X-5502,CBWD1,55871.0,MutNovel,"A7P,0.308"
X-5502,CBWD6,644019.0,MutKnownFunctional,"-259?,0.366"
X-5502,CBWD7,,MutNovel,"E146D,0.263"
X-5502,CCDC166,100130274.0,Amp5,5.9
X-5502,CCDC66,285331.0,MutNovel,"S606SP,0.500"
X-5502,CCNE2,9134.0,Amp5,5.13
X-5502,CCT6B,10693.0,MutNovel,"V311G,0.548"
X-5502,CDH17,1015.0,Amp5,5.13
X-5502,CDKN1B,1027.0,Amp5,5.58
X-5502,CDY1B,253175.0,Del0.8,0.17
X-5502,CDY1B,253175.0,Del0.8,0.21
X-5502,CDY2A,9426.0,Del0.8,0.13
X-5502,CDY2A,9426.0,Del0.8,0.13
X-5502,CDY2B,203611.0,Del0.8,0.13
X-5502,CDY2B,203611.0,Del0.8,0.13
X-5502,CEP135,9662.0,MutNovel,"R239Q,0.576"
X-5502,CEP290,80184.0,MutNovel,"I1168F,0.523"
X-5502,CHERP,10523.0,Amp8,11.08
X-5502,CHMP4C,92421.0,Amp5,5.17
X-5502,CHRAC1,54108.0,Amp5,5.46
X-5502,CIB3,117286.0,Amp5,7.89
X-5502,CNBD1,168975.0,Amp5,5.17
X-5502,CNGB3,54714.0,Amp5,5.17
X-5502,CNTNAP3B,728577.0,Del0.8,0.79
X-5502,COL14A1,7373.0,Amp5,5.1
X-5502,COLEC10,10584.0,Amp5,5.1
X-5502,COMMD5,28991.0,Amp5,5.9
X-5502,COPS5,10987.0,Amp5,5.24
X-5502,COX6C,1345.0,Amp5,5.13
X-5502,CPA6,57094.0,Amp5,5.24
X-5502,CPNE3,8895.0,Amp5,5.17
X-5502,CPSF1,29894.0,Amp5,5.9
X-5502,CREBL2,1389.0,Amp5,5.58
X-5502,CRH,1392.0,Amp5,5.24
X-5502,CRISPLD1,83690.0,Amp5,5.17
X-5502,CSDA,8531.0,Amp5,6.06
X-5502,CSMD1,64478.0,Del0.8,0.37
X-5502,CSMD3,114788.0,Amp5,5.1
X-5502,CSPG4P1Y,114758.0,Del0.8,0.21
X-5502,CSPG4P1Y,114758.0,Del0.8,0.17
X-5502,CSPP1,79848.0,Amp5,5.24
X-5502,CTHRC1,115908.0,Amp5,5.13
X-5502,CTSA,5476.0,MutNovel,"L29-,0.437"
X-5502,CYC1,1537.0,Amp5,5.9
X-5502,CYHR1,50626.0,Amp5,5.9
X-5502,CYP11B1,1584.0,Amp5,5.35
X-5502,CYP11B2,1585.0,Amp5,5.35
X-5502,CYP4F11,57834.0,Amp8,10.13
X-5502,CYP4F12,66002.0,Amp8,10.13
X-5502,CYP4F2,8529.0,Amp8,10.13
X-5502,CYP4F22,126410.0,Amp8,10.13
X-5502,CYP4F24P,388514.0,Amp8,10.13
X-5502,CYP4F3,4051.0,Amp8,10.13
X-5502,CYP4F8,11283.0,Amp8,10.13
X-5502,CYP7B1,9420.0,Amp5,5.24
X-5502,DACH1,1602.0,MutNovel,"GG82-,1.000"
X-5502,DAZ1,1617.0,Del0.8,0.21
X-5502,DAZ2,57055.0,Del0.8,0.14
X-5502,DAZ3,57054.0,Del0.8,0.13
X-5502,DAZ3,57054.0,Del0.8,0.08
X-5502,DAZ4,57135.0,Del0.8,0.15
X-5502,DAZ4,57135.0,Del0.8,0.11
X-5502,DCAF13,25879.0,Amp5,5.13
X-5502,DCAF4L2,138009.0,Amp5,5.17
X-5502,DCSTAMP,81501.0,Amp5,5.13
X-5502,DDX3Y,8653.0,Del0.8,0.23
X-5502,DDX47,51202.0,Amp5,5.58
X-5502,DDX5,1655.0,MutNovel,"P596L,0.420"
X-5502,DECR1,1666.0,Amp5,5.17
X-5502,DENND3,22898.0,MutNovel,"E1198K,0.789"
X-5502,DENND3,22898.0,Amp5,5.46
X-5502,DENND4B,9909.0,MutNovel,"QQQ908-,0.231"
X-5502,DEPTOR,64798.0,Amp5,5.1
X-5502,DERA,51071.0,Amp5,5.58
X-5502,DERL1,79139.0,Amp5,5.1
X-5502,DGAT1,8694.0,Amp5,5.9
X-5502,DHX8,1659.0,MutNovel,"R708Q,0.451"
X-5502,DNAJC5B,85479.0,Amp5,5.24
X-5502,DOCK6,57572.0,MutKnownFunctional,"E1773*,0.340"
X-5502,DPY19L4,286148.0,Amp5,5.13
X-5502,DPYS,1807.0,Amp5,5.13
X-5502,DRD4,1815.0,MutNovel,"A281P,0.714"
X-5502,DRD4,1815.0,MutNovel,"S284G,1.000"
X-5502,DSCC1,79075.0,Amp5,5.1
X-5502,DUSP16,80824.0,Amp5,5.58
X-5502,DUSP28,285193.0,MutNovel,"PRAPGVAEL58P,0.227"
X-5502,E2F5,1875.0,MutNovel,"G18A,0.810"
X-5502,E2F5,1875.0,Amp5,5.17
X-5502,EBAG9,9166.0,Amp5,5.13
X-5502,EEF1D,1936.0,Amp5,5.9
X-5502,EEF1DP3,196549.0,Del0.8,0.58
X-5502,EIF1AY,9086.0,Del0.8,0.21
X-5502,EIF2C2,27161.0,Amp5,5.46
X-5502,EIF3E,3646.0,Amp5,5.13
X-5502,EIF3H,8667.0,Amp5,5.1
X-5502,EMP1,2012.0,Amp5,5.58
X-5502,ENPP2,5168.0,Amp5,5.1
X-5502,ENY2,56943.0,Amp5,5.13
X-5502,EOGT,,MutNovel,"L326F,0.312"
X-5502,EP300,2033.0,MutNovel,"I640F,1.000"
X-5502,EP400,57634.0,MutNovel,"-2728QQ,0.885"
X-5502,EPPK1,83481.0,Amp5,5.9
X-5502,EPS15L1,58513.0,Amp8,11.08
X-5502,EPS8,2059.0,Amp5,5.58
X-5502,ERP27,121506.0,Amp5,5.58
X-5502,ERV3-1,2086.0,MutNovel,"I525M,0.588"
X-5502,ESF1,51575.0,Del0.8,0.6
X-5502,ESRP1,54845.0,Amp5,5.13
X-5502,ETV6,2120.0,Amp5,5.58
X-5502,EXOC7,23265.0,MutNovel,"G497S,0.453"
X-5502,EXOSC4,54512.0,Amp5,5.9
X-5502,EXT1,2131.0,Amp5,5.1
X-5502,FABP12,646486.0,Amp5,5.17
X-5502,FABP4,2167.0,Amp5,5.17
X-5502,FABP5,2171.0,Amp5,5.17
X-5502,FABP9,646480.0,Amp5,5.17
X-5502,FAM18B2-CDRT4,100533496.0,MutNovel,"T150R,0.300"
X-5502,FAM18B2-CDRT4,100533496.0,MutNovel,"S135P,0.368"
X-5502,FAM18B2-CDRT4,100533496.0,MutNovel,"E55G,0.417"
X-5502,FAM18B2-CDRT4,100533496.0,MutNovel,"C51Y,0.538"
X-5502,FAM197Y2P,252946.0,Del0.8,0.23
X-5502,FAM203A,51236.0,Amp5,5.9
X-5502,FAM32A,26017.0,Amp5,7.89
X-5502,FAM41AY1,340618.0,Del0.8,0.23
X-5502,FAM41AY1,340618.0,Del0.8,0.13
X-5502,FAM49B,51571.0,Amp5,5.1
X-5502,FAM75A6,389730.0,Del0.8,0.48
X-5502,FAM82B,51115.0,Amp5,5.17
X-5502,FAM83A,84985.0,Amp5,5.1
X-5502,FAM83H,286077.0,Amp5,5.9
X-5502,FAM84B,157638.0,Amp5,5.1
X-5502,FAM86B2,653333.0,MutNovel,"G108D,0.478"
X-5502,FAM86C1,55199.0,MutNovel,"R30P,0.364"
X-5502,FAM91A1,157769.0,Amp5,5.1
X-5502,FAM92A1,137392.0,Amp5,5.13
X-5502,FBXL6,26233.0,Amp5,5.9
X-5502,FBXO32,114907.0,Amp5,5.1
X-5502,FBXO43,286151.0,Amp5,5.13
X-5502,FBXW7,55294.0,MutNovel,"R465L,0.663"
X-5502,FCGBP,8857.0,MutNovel,"R3638W,0.750"
X-5502,FER1L6,654463.0,Amp5,5.1
X-5502,FER1L6-AS1,439941.0,Amp5,5.1
X-5502,FLJ25328,148231.0,Amp8,10.13
X-5502,FLJ39080,441355.0,Amp5,5.17
X-5502,FLJ42969,441374.0,Amp5,5.13
X-5502,FLJ43860,389690.0,Amp5,5.46
X-5502,FOXH1,8928.0,Amp5,5.9
X-5502,FZD6,8323.0,Amp5,5.13
X-5502,GALR1,2587.0,Del0.8,0.53
X-5502,GATAD2B,57459.0,MutNovel,"N89D,0.429"
X-5502,GCSH,2653.0,MutNovel,"A18V,0.479"
X-5502,GDAP1,54332.0,Amp5,5.17
X-5502,GDF6,392255.0,Amp5,5.13
X-5502,GEM,2669.0,Amp5,5.13
X-5502,GGH,8836.0,Amp5,5.24
X-5502,GIGYF2,26058.0,MutNovel,"PQ1231P,0.456"
X-5502,GLI4,2738.0,Amp5,5.9
X-5502,GML,2765.0,Amp5,5.35
X-5502,GOLGA2P2Y,84559.0,Del0.8,0.17
X-5502,GOLGA2P2Y,84559.0,Del0.8,0.21
X-5502,GPAA1,8733.0,Amp5,5.9
X-5502,GPR19,2842.0,Amp5,5.58
X-5502,GPR20,2843.0,Amp5,5.46
X-5502,GPRC5A,9052.0,Amp5,5.58
X-5502,GPRC5D,55507.0,Amp5,5.58
X-5502,GPRIN2,9721.0,MutNovel,"-238MRE,1.000"
X-5502,GPT,2875.0,Amp5,5.9
X-5502,GRB14,2888.0,MutKnownFunctional,"-297?,0.263"
X-5502,GRHL2,79977.0,Amp5,5.13
X-5502,GRIN2B,2904.0,Amp5,5.58
X-5502,GRINA,2907.0,Amp5,5.9
X-5502,GSDMC,56169.0,Amp5,5.1
X-5502,GSDMD,79792.0,Amp5,5.9
X-5502,GSG1,83445.0,Amp5,5.58
X-5502,GSTTP1,25774.0,Del0.8,0.8
X-5502,GUCY2C,2984.0,Amp5,5.58
X-5502,GYG2P1,352887.0,Del0.8,0.23
X-5502,H2AFJ,55766.0,Amp5,5.58
X-5502,HAS2,3037.0,Amp5,5.1
X-5502,HAS2-AS1,594842.0,Amp5,5.1
X-5502,HEATR7A,727957.0,Amp5,5.9
X-5502,HEBP1,50865.0,Amp5,5.58
X-5502,HEY1,23462.0,Amp5,5.17
X-5502,HIST4H4,121504.0,Amp5,5.58
X-5502,HM13,81502.0,MutNovel,"P134L,0.300"
X-5502,HNF4G,3174.0,Amp5,5.17
X-5502,HNRNPH3,3189.0,MutNovel,"S252T,0.508"
X-5502,HRSP12,10247.0,Amp5,5.13
X-5502,HSF1,3297.0,Amp5,5.9
X-5502,HSFY2,159119.0,Del0.8,0.13
X-5502,HSFY2,159119.0,Del0.8,0.13
X-5502,HSH2D,84941.0,Amp5,7.89
X-5502,HSP90AB1,3326.0,MutNovel,"E42K,0.453"
X-5502,HTR1D,3352.0,MutNovel,"A376V,0.455"
X-5502,HTR7P1,93164.0,Amp5,5.58
X-5502,IDO1,3620.0,Amp8,9.45
X-5502,IDO2,169355.0,Amp8,9.45
X-5502,IL7,3574.0,Amp5,5.17
X-5502,ILVBL,10994.0,Amp8,10.13
X-5502,IMPA1,3612.0,Amp5,5.17
X-5502,INF2,64423.0,MutNovel,"C484Y,0.545"
X-5502,INTS8,55656.0,Amp5,5.13
X-5502,IP6K2,51447.0,MutNovel,"S18F,1.000"
X-5502,ITSN2,50618.0,MutNovel,"R1525Q,0.426"
X-5502,JAK3,3718.0,MutNovel,"T435I,0.471"
X-5502,JDP2,122953.0,MutNovel,"R90Q,0.631"
X-5502,JPH1,56704.0,Amp5,5.17
X-5502,JRK,8629.0,Amp5,5.35
X-5502,KANSL3,55683.0,MutNovel,"R293H,0.475"
X-5502,KCNB2,9312.0,Amp5,5.17
X-5502,KCNK9,51305.0,Amp5,5.46
X-5502,KCNS2,3788.0,Amp5,5.13
X-5502,KCNV1,27012.0,Amp5,5.13
X-5502,KDM3B,51780.0,MutNovel,"A5T,0.500"
X-5502,KDM5D,8284.0,Del0.8,0.21
X-5502,KIAA0196,9897.0,Amp5,5.1
X-5502,KIAA1429,25962.0,Amp5,5.13
X-5502,KIAA1467,57613.0,Amp5,5.58
X-5502,KIAA1875,340390.0,Amp5,5.9
X-5502,KIFC2,90990.0,Amp5,5.9
X-5502,KLF10,7071.0,Amp5,5.13
X-5502,KLF2,10365.0,Amp8,11.08
X-5502,KLHL38,340359.0,Amp5,5.1
X-5502,KLRAP1,10748.0,Amp5,6.06
X-5502,KLRC1,3821.0,Amp5,6.06
X-5502,KLRC2,3822.0,Amp5,6.06
X-5502,KLRC3,3823.0,Amp5,6.06
X-5502,KLRC4,8302.0,Amp5,6.06
X-5502,KRAS,3845.0,MutKnownFunctional,"G12V,0.627"
X-5502,LAPTM4B,55353.0,Amp5,5.13
X-5502,LEFTY2,7044.0,MutNovel,"K279E,0.750"
X-5502,LINC00051,619434.0,Amp5,5.35
X-5502,LINC00251,552859.0,Amp5,5.24
X-5502,LINC00535,642924.0,Amp5,5.13
X-5502,LINGO4,339398.0,Amp5,5.35
X-5502,LMO3,55885.0,Amp5,5.58
X-5502,LOC100127983,100127983.0,Amp5,5.17
X-5502,LOC100128338,100128338.0,Amp5,5.9
X-5502,LOC100130155,100130155.0,Amp5,5.24
X-5502,LOC100130231,100130231.0,Amp5,5.1
X-5502,LOC100130301,100130301.0,Amp5,5.17
X-5502,LOC100131655,100131655.0,Del0.8,0.62
X-5502,LOC100131726,100131726.0,Amp5,5.1
X-5502,LOC100132247,100132247.0,MutNovel,"P1069R,0.556"
X-5502,LOC100132247,100132247.0,MutNovel,"P1098R,0.333"
X-5502,LOC100132891,100132891.0,Amp5,5.17
X-5502,LOC100133669,100133669.0,Amp5,5.35
X-5502,LOC100288181,100288181.0,Amp5,5.35
X-5502,LOC100288748,100288748.0,Amp5,5.13
X-5502,LOC100499183,100499183.0,Amp5,5.13
X-5502,LOC100500773,100500773.0,Amp5,5.13
X-5502,LOC100505659,100505659.0,Amp5,5.24
X-5502,LOC100505676,100505676.0,Amp5,5.24
X-5502,LOC100505679,100505679.0,Del0.8,0.64
X-5502,LOC100506314,100506314.0,Amp5,5.58
X-5502,LOC100507117,100507117.0,Amp5,5.1
X-5502,LOC100616530,100616530.0,Amp5,5.13
X-5502,LOC100996528,,MutNovel,"N246S,0.556"
X-5502,LOC100996693,,MutNovel,"R108Q,0.333"
X-5502,LOC126536,126536.0,Amp8,10.13
X-5502,LOC157381,157381.0,Amp5,5.1
X-5502,LOC284276,284276.0,Del0.8,0.56
X-5502,LOC286184,286184.0,Amp5,5.24
X-5502,LOC286186,286186.0,Amp5,5.24
X-5502,LOC338817,338817.0,Amp5,5.58
X-5502,LOC388152,388152.0,Del0.8,0.64
X-5502,LOC390956,,MutNovel,"H59R,1.000"
X-5502,LOC392232,392232.0,Amp5,5.17
X-5502,LOC401463,401463.0,Amp5,5.24
X-5502,LOC440300,440300.0,Del0.8,0.64
X-5502,LOC646627,646627.0,MutNovel,"Q7M,1.000"
X-5502,LOC727677,727677.0,Amp5,5.1
X-5502,LOC728047,,MutNovel,"P78L,1.000"
X-5502,LOC728724,728724.0,Amp5,5.1
X-5502,LOC729020,729020.0,MutNovel,"E87G,1.000"
X-5502,LOC731779,731779.0,Amp5,5.46
X-5502,LOH12CR1,118426.0,Amp5,5.58
X-5502,LOH12CR2,503693.0,Amp5,5.58
X-5502,LRBA,987.0,MutNovel,"H1624D,0.436"
X-5502,LRP12,29967.0,Amp5,5.13
X-5502,LRP6,4040.0,Amp5,5.58
X-5502,LRRC14,9684.0,Amp5,5.9
X-5502,LRRC24,441381.0,Amp5,5.9
X-5502,LRRC69,100130742.0,Amp5,5.17
X-5502,LRRCC1,85444.0,Amp5,5.17
X-5502,LSR,51599.0,MutNovel,"G518GR,0.511"
X-5502,LY6D,8581.0,Amp5,5.35
X-5502,LY6E,4061.0,Amp5,5.35
X-5502,LY6H,4062.0,Amp5,5.35
X-5502,LY6K,54742.0,Amp5,5.35
X-5502,LY96,23643.0,Amp5,5.17
X-5502,LYNX1,66004.0,Amp5,5.35
X-5502,LYPD2,137797.0,Amp5,5.35
X-5502,MACROD2,140733.0,Del0.8,0.75
X-5502,MAF1,84232.0,Amp5,5.9
X-5502,MAFA,389692.0,Amp5,5.9
X-5502,MAGOHB,55110.0,Amp5,6.06
X-5502,MAL2,114569.0,Amp5,5.1
X-5502,MANSC1,54682.0,Amp5,5.58
X-5502,MAOA,4128.0,MutKnownFunctional,"-374,1.000"
X-5502,MAP3K1,4214.0,MutNovel,"ST941S,1.000"
X-5502,MAP3K4,4216.0,MutNovel,"PA1189P,1.000"
X-5502,MAPK15,225689.0,Amp5,5.9
X-5502,MAST3,23031.0,MutNovel,"E1258D,0.526"
X-5502,MATN2,4147.0,Amp5,5.13
X-5502,MAU2,23383.0,MutNovel,"AAAAQ6A,0.381"
X-5502,MBD2,8932.0,MutNovel,"G115GA,1.000"
X-5502,MBD2,8932.0,MutNovel,"C111G,0.682"
X-5502,MBOAT4,619373.0,MutNovel,"A268T,0.400"
X-5502,MBP,4155.0,Del0.8,0.49
X-5502,MBTPS1,8720.0,MutNovel,"L202V,0.243"
X-5502,MED26,9441.0,Amp8,11.08
X-5502,MED30,90390.0,Amp5,5.1
X-5502,MFSD3,113655.0,Amp5,5.9
X-5502,MGP,4256.0,Amp5,5.58
X-5502,MGST1,4257.0,Amp5,5.58
X-5502,MICALCL,84953.0,MutNovel,"Q332E,0.571"
X-5502,MIR1204,100302185.0,Amp5,5.1
X-5502,MIR1205,100302161.0,Amp5,5.1
X-5502,MIR1206,100302170.0,Amp5,5.1
X-5502,MIR1207,100302175.0,Amp5,5.1
X-5502,MIR1208,100302281.0,Amp5,5.1
X-5502,MIR1234,100302196.0,Amp5,5.9
X-5502,MIR124-2,406908.0,Amp5,5.24
X-5502,MIR1244-1,100302285.0,Amp5,5.58
X-5502,MIR1470,100302127.0,Amp8,10.13
X-5502,MIR2052,100302260.0,Amp5,5.17
X-5502,MIR2053,100302225.0,Amp5,5.1
X-5502,MIR221,407006.0,Amp8,25.63
X-5502,MIR222,407007.0,Amp8,25.63
X-5502,MIR3150A,100422964.0,Amp5,5.13
X-5502,MIR3150B,100500907.0,Amp5,5.13
X-5502,MIR3151,100422992.0,Amp5,5.13
X-5502,MIR3610,100500914.0,Amp5,5.1
X-5502,MIR378D2,100616169.0,Amp5,5.13
X-5502,MIR3974,100616279.0,Amp5,5.58
X-5502,MIR4471,100616451.0,Amp5,5.13
X-5502,MIR4472-1,100616268.0,Amp5,5.35
X-5502,MIR4661,100616245.0,Amp5,5.17
X-5502,MIR4663,100616260.0,Amp5,5.1
X-5502,MIR4664,100616318.0,Amp5,5.9
X-5502,MIR599,693184.0,Amp5,5.13
X-5502,MIR613,693198.0,Amp5,5.58
X-5502,MIR614,693199.0,Amp5,5.58
X-5502,MIR661,724031.0,Amp5,5.9
X-5502,MIR875,100126309.0,Amp5,5.13
X-5502,MIR937,100126338.0,Amp5,5.9
X-5502,MIR939,100126351.0,Amp5,5.9
X-5502,MMP16,4325.0,Amp5,5.17
X-5502,MPHOSPH9,10198.0,MutNovel,"N11S,0.704"
X-5502,MPRIP,23164.0,MutNovel,"TS178T,1.000"
X-5502,MRPL13,28998.0,Amp5,5.1
X-5502,MRPL9,65005.0,Amp5,5.35
X-5502,MRPS28,28957.0,Amp5,5.17
X-5502,MSC,9242.0,Amp5,5.17
X-5502,MTBP,27085.0,Amp5,5.1
X-5502,MTDH,92140.0,Amp5,5.13
X-5502,MTERFD1,51001.0,Amp5,5.13
X-5502,MTFR1,9650.0,Amp5,5.24
X-5502,MTSS1,9788.0,Amp5,5.1
X-5502,MUC12,10071.0,MutNovel,"T312I,0.632"
X-5502,MUC12,10071.0,MutNovel,"L324F,0.632"
X-5502,MUC12,10071.0,MutNovel,"S330L,0.667"
X-5502,MUC12,10071.0,MutNovel,"T340P,0.529"
X-5502,MUC12,10071.0,MutNovel,"R855H,1.000"
X-5502,MUC12,10071.0,MutNovel,"R1165P,1.000"
X-5502,MUC12,10071.0,MutNovel,"L1735F,0.909"
X-5502,MUC12,10071.0,MutNovel,"S1741L,0.875"
X-5502,MUC12,10071.0,MutNovel,"E1768G,0.286"
X-5502,MUC12,10071.0,MutNovel,"T1770M,0.259"
X-5502,MUC12,10071.0,MutNovel,"T2707M,0.312"
X-5502,MUC12,10071.0,MutNovel,"T3079M,0.917"
X-5502,MUC12,10071.0,MutNovel,"P3395T,0.429"
X-5502,MUC12,10071.0,MutNovel,"T4363I,0.472"
X-5502,MUC12,10071.0,MutNovel,"T4391P,0.500"
X-5502,MUC12,10071.0,MutNovel,"L4568F,0.769"
X-5502,MUC12,10071.0,MutNovel,"LG4568FS,0.769"
X-5502,MUC5B,727897.0,MutNovel,"R4159H,0.510"
X-5502,MYBL1,4603.0,Amp5,5.24
X-5502,MYC,4609.0,Amp5,5.1
X-5502,NACAP1,83955.0,Amp5,5.13
X-5502,NAPRT1,93100.0,Amp5,5.9
X-5502,NAT2,10.0,Del0.8,0.77
X-5502,NBN,4683.0,Amp5,5.17
X-5502,NBPF9,400818.0,MutNovel,"G364R,0.375"
X-5502,NCALD,83988.0,Amp5,5.13
X-5502,NCAPD2,9918.0,MutNovel,"D375H,0.452"
X-5502,NCOA3,8202.0,MutNovel,"Q1255-,0.429"
X-5502,NCOR2,9612.0,MutNovel,"G1839GAAA,1.000"
X-5502,NCRNA00185,55410.0,Del0.8,0.21
X-5502,NDUFB9,4715.0,Amp5,5.1
X-5502,NECAB1,64168.0,Amp5,5.17
X-5502,NEURL2,140825.0,MutKnownFunctional,"-136?,0.447"
X-5502,NHEJ1,79840.0,MutNovel,"D161H,0.397"
X-5502,NIPAL2,79815.0,Amp5,5.13
X-5502,NKTR,4820.0,MutNovel,"P289S,0.472"
X-5502,NLGN4Y,22829.0,Del0.8,0.23
X-5502,NOV,4856.0,Amp5,5.1
X-5502,NR1H2,7376.0,MutNovel,"-173Q,1.000"
X-5502,NRBP2,340371.0,Amp5,5.9
X-5502,NSMCE2,286053.0,Amp5,5.1
X-5502,NUDCD1,84955.0,Amp5,5.13
X-5502,NUDCD3,23386.0,MutNovel,"L14W,0.438"
X-5502,OAZ3,51686.0,Amp5,5.35
X-5502,ODF1,4956.0,Amp5,5.13
X-5502,ODF3B,440836.0,Del0.8,0.6
X-5502,OPLAH,26873.0,Amp5,5.9
X-5502,OR10H1,26539.0,Amp8,10.13
X-5502,OR10H2,26538.0,Amp8,10.13
X-5502,OR10H3,26532.0,Amp8,10.13
X-5502,OR10H4,126541.0,Amp8,10.13
X-5502,OR10H5,284433.0,Amp8,10.13
X-5502,OR1I1,126370.0,Amp8,10.13
X-5502,OR2A4,79541.0,MutNovel,"R9T,1.000"
X-5502,OR4F5,79501.0,Del0.8,0.65
X-5502,ORAI1,84876.0,MutNovel,"PP43-,1.000"
X-5502,OSGIN2,734.0,Amp5,5.17
X-5502,OSR2,116039.0,Amp5,5.13
X-5502,OTUD6B,51633.0,Amp5,5.17
X-5502,OXR1,55074.0,Amp5,5.13
X-5502,PABPC1,26986.0,Amp5,5.13
X-5502,PABPC3,5042.0,MutKnownFunctional,"-209,0.300"
X-5502,PABPC3,5042.0,MutKnownFunctional,"-247GG?,0.333"
X-5502,PABPC3,5042.0,MutKnownFunctional,"-299,0.500"
X-5502,PABPC3,5042.0,MutNovel,"K444M,1.000"
X-5502,PABPC3,5042.0,MutNovel,"G451A,1.000"
X-5502,PAG1,55824.0,Amp5,5.17
X-5502,PARG,8505.0,MutNovel,"N545D,0.336"
X-5502,PARP10,84875.0,Amp5,5.9
X-5502,PARP16,54956.0,MutKnownFunctional,"R145*,1.000"
X-5502,PCAT1,100750225.0,Amp5,5.1
X-5502,PCDH11Y,83259.0,Del0.8,0.34
X-5502,PDE6H,5149.0,Amp5,5.58
X-5502,PDE7A,5150.0,Amp5,5.24
X-5502,PDP1,54704.0,Amp5,5.13
X-5502,PEX14,5195.0,MutNovel,"K55Q,0.366"
X-5502,PEX2,5828.0,Amp5,5.17
X-5502,PGLYRP2,114770.0,Amp8,10.13
X-5502,PHLDA1,22822.0,MutNovel,"QQ194Q,1.000"
X-5502,PI15,51050.0,Amp5,5.17
X-5502,PIK3C2G,5288.0,Amp5,5.58
X-5502,PIWIL1,9271.0,MutNovel,"G707S,0.750"
X-5502,PKHD1L1,93035.0,Amp5,5.13
X-5502,PKIA,5569.0,Amp5,5.17
X-5502,PLBD1,79887.0,Amp5,5.58
X-5502,PLCH2,9651.0,MutNovel,"A407D,0.353"
X-5502,PLCZ1,89869.0,Amp5,5.58
X-5502,PLEC,5339.0,Amp5,5.9
X-5502,PLEKHF2,79666.0,Amp5,5.13
X-5502,PMP2,5375.0,Amp5,5.17
X-5502,POLR2K,5440.0,Amp5,5.13
X-5502,POM121,9883.0,MutNovel,"Y756H,0.523"
X-5502,POP1,10940.0,Amp5,5.13
X-5502,POU5F1B,5462.0,Amp5,5.1
X-5502,PPIAL4G,644591.0,MutNovel,"S95P,1.000"
X-5502,PPP1R16A,84988.0,Amp5,5.9
X-5502,PPP1R42,286187.0,Amp5,5.24
X-5502,PRB1,5542.0,Amp5,6.02
X-5502,PRB2,653247.0,Amp5,7.01
X-5502,PRB3,5544.0,Amp5,6.02
X-5502,PRB4,5545.0,Amp5,6.02
X-5502,PREX2,80243.0,Amp5,7.52
X-5502,PRH1,5554.0,Amp5,6.06
X-5502,PRH2,5555.0,Amp5,6.06
X-5502,PRKY,5616.0,Del0.8,0.25
X-5502,PRR14L,253143.0,MutNovel,"L1349V,1.000"
X-5502,PRR4,11272.0,Amp5,6.06
X-5502,PRY,9081.0,Del0.8,0.21
X-5502,PRY,9081.0,Del0.8,0.21
X-5502,PRY2,442862.0,Del0.8,0.21
X-5502,PRY2,442862.0,Del0.8,0.21
X-5502,PSCA,8000.0,Amp5,5.35
X-5502,PSKH2,85481.0,Amp5,5.17
X-5502,PSMA8,143471.0,Amp8,16.91
X-5502,PTDSS1,9791.0,Amp5,5.13
X-5502,PTK2,5747.0,Amp5,5.46
X-5502,PTP4A3,11156.0,Amp5,5.46
X-5502,PTPRO,5800.0,Amp5,5.58
X-5502,PTTG3P,26255.0,Amp5,5.24
X-5502,PUF60,22827.0,Amp5,5.9
X-5502,PVT1,5820.0,Amp5,5.1
X-5502,PYCRL,65263.0,Amp5,5.9
X-5502,RAB8A,4218.0,Amp5,7.89
X-5502,RAD21,5885.0,Amp5,5.1
X-5502,RAD21-AS1,644660.0,Amp5,5.1
X-5502,RAD54B,25788.0,Amp5,5.13
X-5502,RALYL,138046.0,Amp5,5.17
X-5502,RASAL3,64926.0,Amp8,10.13
X-5502,RBM12B,389677.0,Amp5,5.13
X-5502,RBMY1A3P,286557.0,Del0.8,0.23
X-5502,RBMY1B,378948.0,Del0.8,0.21
X-5502,RBMY1B,378948.0,Del0.8,0.21
X-5502,RBMY1E,378950.0,Del0.8,0.21
X-5502,RBMY1E,378950.0,Del0.8,0.21
X-5502,RBMY1F,159163.0,Del0.8,0.21
X-5502,RBMY1F,159163.0,Del0.8,0.21
X-5502,RBMY1J,378951.0,Del0.8,0.21
X-5502,RBMY1J,378951.0,Del0.8,0.21
X-5502,RBMY2EP,159125.0,Del0.8,0.21
X-5502,RBMY2FP,159162.0,Del0.8,0.21
X-5502,RBMY3AP,64593.0,Del0.8,0.23
X-5502,RDH10,157506.0,Amp5,5.17
X-5502,RECQL4,9401.0,Amp5,5.9
X-5502,RERG,85004.0,Amp5,5.58
X-5502,RERGL,79785.0,Amp5,5.58
X-5502,REXO1L1,254958.0,Amp5,5.17
X-5502,REXO1L2P,100288527.0,Amp5,5.17
X-5502,REXO1L2P,100288527.0,Amp5,5.17
X-5502,RGS22,26166.0,Amp5,5.13
X-5502,RHPN1,114822.0,Amp5,5.9
X-5502,RIMS2,9699.0,Amp5,5.13
X-5502,RIPK2,8767.0,Amp5,5.17
X-5502,RNF139,11236.0,Amp5,5.1
X-5502,RNF19A,25897.0,Amp5,5.13
X-5502,RPL13,6137.0,MutNovel,"S52W,0.524"
X-5502,RPL13AP20,387841.0,Amp5,5.58
X-5502,RPL3,6122.0,MutNovel,"N328D,0.243"
X-5502,RPL30,6156.0,Amp5,5.13
X-5502,RPL7,6129.0,Amp5,5.17
X-5502,RPL8,6132.0,Amp5,5.9
X-5502,RPS4Y1,6192.0,Del0.8,0.34
X-5502,RPS4Y2,140032.0,Del0.8,0.21
X-5502,RRM2B,50484.0,Amp5,5.13
X-5502,RRS1,23212.0,Amp5,5.24
X-5502,RSPO2,340419.0,Amp5,5.13
X-5502,RYK,6259.0,MutNovel,"A50V,0.333"
X-5502,SAMD12,401474.0,Amp5,5.1
X-5502,SAMD12-AS1,552860.0,Amp5,5.1
X-5502,SCRIB,23513.0,Amp5,5.9
X-5502,SCRT1,83482.0,Amp5,5.9
X-5502,SCXA,100129885.0,Amp5,5.9
X-5502,SDC2,6383.0,Amp5,5.13
X-5502,SEL1L2,80343.0,Del0.8,0.6
X-5502,SERINC2,347735.0,MutNovel,"-373Q,1.000"
X-5502,SGK3,23678.0,Amp5,5.24
X-5502,SHARPIN,81858.0,Amp5,5.9
X-5502,SIGLEC14,100049587.0,Del0.8,0.68
X-5502,SKOR1,390598.0,MutNovel,"G152R,1.000"
X-5502,SKP1P2,728622.0,Amp5,5.58
X-5502,SLC10A5,347051.0,Amp5,5.17
X-5502,SLC15A5,729025.0,Amp5,5.58
X-5502,SLC19A2,10560.0,MutNovel,"S292F,0.538"
X-5502,SLC25A32,81034.0,Amp5,5.13
X-5502,SLC25A39,51629.0,MutNovel,"S254C,0.454"
X-5502,SLC26A7,115111.0,Amp5,5.17
X-5502,SLC30A8,169026.0,Amp5,5.1
X-5502,SLC35E1,79939.0,Amp8,11.08
X-5502,SLC39A4,55630.0,Amp5,5.9
X-5502,SLC45A4,57210.0,Amp5,5.46
X-5502,SLC6A4,6532.0,MutNovel,"A411V,0.542"
X-5502,SLC7A13,157724.0,Amp5,5.17
X-5502,SLURP1,57152.0,Amp5,5.35
X-5502,SMAD4,4089.0,MutLikelyFunctional,"R361C,1.000"
X-5502,SNHG6,641638.0,Amp5,5.24
X-5502,SNORA72,26775.0,Amp5,5.13
X-5502,SNORD87,641648.0,Amp5,5.24
X-5502,SNTB1,6641.0,Amp5,5.1
X-5502,SNX16,64089.0,Amp5,5.17
X-5502,SNX31,169166.0,Amp5,5.13
X-5502,SOWAHA,134548.0,MutNovel,"-4AAA,0.625"
X-5502,SPAG1,6674.0,Amp5,5.13
X-5502,SPATC1,375686.0,Amp5,5.9
X-5502,SQLE,6713.0,Amp5,5.1
X-5502,SRCIN1,80725.0,MutNovel,"L657V,0.640"
X-5502,SRPX2,27286.0,MutNovel,"E394K,0.995"
X-5502,SRY,6736.0,Del0.8,0.34
X-5502,SS18,6760.0,Amp8,16.91
X-5502,ST20-MTHFS,100528021.0,MutNovel,"M66V,1.000"
X-5502,STAP2,55620.0,MutNovel,"D73G,0.396"
X-5502,STAU2,27067.0,Amp5,5.17
X-5502,STK3,6788.0,Amp5,5.13
X-5502,STMN2,11075.0,Amp5,5.17
X-5502,STOX1,219736.0,MutNovel,"S217F,0.500"
X-5502,STRAP,11171.0,Amp5,5.58
X-5502,STYK1,55359.0,Amp5,6.06
X-5502,SYBU,55638.0,Amp5,5.13
X-5502,SYDE1,85360.0,Amp8,10.13
X-5502,TAF2,6873.0,Amp5,5.1
X-5502,TANK,10010.0,MutNovel,"G254S,0.517"
X-5502,TAS2R10,50839.0,Amp5,6.06
X-5502,TAS2R13,50838.0,Amp5,6.06
X-5502,TAS2R14,50840.0,Amp5,6.06
X-5502,TAS2R19,259294.0,Amp5,6.06
X-5502,TAS2R20,259295.0,Amp5,6.06
X-5502,TAS2R30,259293.0,Amp5,6.02
X-5502,TAS2R31,259290.0,Amp5,6.06
X-5502,TAS2R42,353164.0,Amp5,6.02
X-5502,TAS2R46,259292.0,Amp5,6.06
X-5502,TAS2R50,259296.0,Amp5,6.06
X-5502,TAS2R7,50837.0,Amp5,6.06
X-5502,TAS2R8,50836.0,Amp5,6.06
X-5502,TAS2R9,50835.0,Amp5,6.06
X-5502,TASP1,55617.0,Del0.8,0.79
X-5502,TATDN1,83940.0,Amp5,5.1
X-5502,TBL1Y,90665.0,Del0.8,0.25
X-5502,TBP,6908.0,MutNovel,"-64Q,1.000"
X-5502,TCEB1,6921.0,Amp5,5.17
X-5502,TCF24,100129654.0,Amp5,5.24
X-5502,TCF7L2,6934.0,MutLikelyFunctional,"R471C,1.000"
X-5502,TDRKH,11022.0,Amp5,5.35
X-5502,TERF1,7013.0,Amp5,5.17
X-5502,TGIF2LY,90655.0,Del0.8,0.34
X-5502,THADA,63892.0,MutNovel,"S1340-,0.432"
X-5502,TIGD5,84948.0,Amp5,5.9
X-5502,TIMM50,92609.0,MutNovel,"R417Q,0.472"
X-5502,TLK2,11011.0,MutNovel,"R262Q,0.225"
X-5502,TMED10P1,286102.0,Amp5,5.9
X-5502,TMEM184A,202915.0,MutNovel,"G392GA,0.360"
X-5502,TMEM55A,55529.0,Amp5,5.17
X-5502,TMEM64,169200.0,Amp5,5.17
X-5502,TMEM65,157378.0,Amp5,5.1
X-5502,TMEM67,91147.0,Amp5,5.13
X-5502,TMEM70,54968.0,Amp5,5.17
X-5502,TMEM74,157753.0,Amp5,5.13
X-5502,TMEM97,27346.0,MutNovel,"Y167S,0.522"
X-5502,TMPRSS13,84000.0,MutNovel,"RASPAQ73Q,0.500"
X-5502,TMPRSS13,84000.0,MutNovel,"A77G,0.273"
X-5502,TMSB4Y,9087.0,Del0.8,0.23
X-5502,TNFRSF11B,4982.0,Amp5,5.1
X-5502,TONSL,4796.0,Amp5,5.9
X-5502,TOP1MT,116447.0,Amp5,5.9
X-5502,TP53,7157.0,MutLikelyFunctional,"C242Y,0.996"
X-5502,TP53INP1,94241.0,Amp5,5.13
X-5502,TPD52,7163.0,Amp5,5.17
X-5502,TPM4,7171.0,Amp8,8.94
X-5502,TRAPPC9,83696.0,Amp5,5.46
X-5502,TRHR,7201.0,Amp5,5.13
X-5502,TRIB1,10221.0,Amp5,5.1
X-5502,TRIM55,84675.0,Amp5,5.24
X-5502,TRMT12,55039.0,Amp5,5.1
X-5502,TRPA1,8989.0,Amp5,5.17
X-5502,TRPS1,7227.0,Amp5,5.1
X-5502,TSEN54,283989.0,MutNovel,"M1MEP,0.458"
X-5502,TSNARE1,203062.0,Amp5,5.35
X-5502,TSPY1,7258.0,Del0.8,0.23
X-5502,TSPY2,64591.0,Del0.8,0.13
X-5502,TSPY3,728137.0,Del0.8,0.23
X-5502,TSPY4,728395.0,Del0.8,0.23
X-5502,TSPY8,728403.0,Del0.8,0.23
X-5502,TSPYL1,7259.0,MutNovel,"V176VW,1.000"
X-5502,TSPYL5,85453.0,Amp5,5.13
X-5502,TSTA3,7264.0,Amp5,5.9
X-5502,TTC7A,57217.0,MutNovel,"E177V,0.600"
X-5502,TTPA,7274.0,Amp5,5.24
X-5502,TTTY10,246119.0,Del0.8,0.21
X-5502,TTTY11,83866.0,Del0.8,0.23
X-5502,TTTY12,83867.0,Del0.8,0.23
X-5502,TTTY13,83868.0,Del0.8,0.21
X-5502,TTTY14,83869.0,Del0.8,0.21
X-5502,TTTY15,64595.0,Del0.8,0.23
X-5502,TTTY16,252948.0,Del0.8,0.23
X-5502,TTTY17A,252949.0,Del0.8,0.13
X-5502,TTTY17A,252949.0,Del0.8,0.17
X-5502,TTTY18,252950.0,Del0.8,0.23
X-5502,TTTY19,252952.0,Del0.8,0.23
X-5502,TTTY1B,100101116.0,Del0.8,0.13
X-5502,TTTY1B,100101116.0,Del0.8,0.23
X-5502,TTTY2,60439.0,Del0.8,0.23
X-5502,TTTY2,60439.0,Del0.8,0.13
X-5502,TTTY20,252951.0,Del0.8,0.23
X-5502,TTTY21,252953.0,Del0.8,0.23
X-5502,TTTY21,252953.0,Del0.8,0.25
X-5502,TTTY22,252954.0,Del0.8,0.23
X-5502,TTTY23,252955.0,Del0.8,0.23
X-5502,TTTY23,252955.0,Del0.8,0.13
X-5502,TTTY3,114760.0,Del0.8,0.21
X-5502,TTTY3,114760.0,Del0.8,0.17
X-5502,TTTY4,114761.0,Del0.8,0.08
X-5502,TTTY4,114761.0,Del0.8,0.13
X-5502,TTTY5,83863.0,Del0.8,0.21
X-5502,TTTY6,84672.0,Del0.8,0.21
X-5502,TTTY6,84672.0,Del0.8,0.21
X-5502,TTTY7,246122.0,Del0.8,0.25
X-5502,TTTY7,246122.0,Del0.8,0.23
X-5502,TTTY7B,100101120.0,Del0.8,0.25
X-5502,TTTY7B,100101120.0,Del0.8,0.23
X-5502,TTTY8,84673.0,Del0.8,0.25
X-5502,TTTY8,84673.0,Del0.8,0.23
X-5502,TTTY9A,83864.0,Del0.8,0.13
X-5502,TTTY9A,83864.0,Del0.8,0.13
X-5502,TXLNG2P,246126.0,Del0.8,0.21
X-5502,UBD,10537.0,MutNovel,"V30A,0.379"
X-5502,UBE2W,55284.0,Amp5,5.17
X-5502,UBR5,51366.0,Amp5,5.13
X-5502,UCA1,652995.0,Amp8,10.13
X-5502,UG0898H09,643763.0,Amp5,5.24
X-5502,UQCRB,7381.0,Amp5,5.13
X-5502,USP9Y,8287.0,Del0.8,0.23
X-5502,UTP23,84294.0,Amp5,5.1
X-5502,UTY,7404.0,Del0.8,0.23
X-5502,VCPIP1,80124.0,Amp5,5.24
X-5502,VCY,9084.0,Del0.8,0.23
X-5502,VCY,9084.0,Del0.8,0.23
X-5502,VIMP,,MutNovel,"R151W,1.000"
X-5502,VOPP1,81552.0,Del0.8,0.77
X-5502,VPS13B,157680.0,Amp5,5.13
X-5502,VPS28,51160.0,Amp5,5.9
X-5502,VSIG10,54621.0,MutNovel,"TQPEVII349I,0.250"
X-5502,VWA5A,4013.0,MutNovel,"K742R,0.559"
X-5502,WBP11,51729.0,Amp5,5.58
X-5502,WDR46,9277.0,MutNovel,"R519Q,0.502"
X-5502,WDR60,55112.0,MutNovel,"P967L,0.577"
X-5502,WDR67,93594.0,Amp5,5.1
X-5502,WDYHV1,55093.0,Amp5,5.1
X-5502,WFS1,7466.0,MutNovel,"S790P,0.555"
X-5502,WIZ,58525.0,Amp8,10.13
X-5502,WWP1,11059.0,Amp5,5.17
X-5502,XKRY2,353515.0,Del0.8,0.23
X-5502,XKRY2,353515.0,Del0.8,0.13
X-5502,YTHDF3,253943.0,Amp5,5.24
X-5502,YWHAZ,7534.0,Amp5,5.13
X-5502,ZBTB10,65986.0,Amp5,5.17
X-5502,ZBTB45,84878.0,MutNovel,"A52V,0.590"
X-5502,ZC3H3,23144.0,Amp5,5.9
X-5502,ZDHHC11,79844.0,MutNovel,"A303D,0.900"
X-5502,ZFAND1,79752.0,Amp5,5.17
X-5502,ZFHX4,79776.0,Amp5,5.17
X-5502,ZFP41,286128.0,Amp5,5.9
X-5502,ZFPM2,23414.0,Amp5,5.13
X-5502,ZFY,7544.0,Del0.8,0.34
X-5502,ZHX1,11244.0,Amp5,5.1
X-5502,ZHX1-C8ORF76,100533106.0,Amp5,5.1
X-5502,ZHX2,22882.0,Amp5,5.1
X-5502,ZKSCAN4,387032.0,MutKnownFunctional,"-500,0.377"
X-5502,ZMAT4,79698.0,Amp8,9.45
X-5502,ZNF117,51351.0,MutNovel,"I438M,0.370"
X-5502,ZNF16,7564.0,Amp5,5.9
X-5502,ZNF236,7776.0,Del0.8,0.62
X-5502,ZNF250,58500.0,Amp5,5.9
X-5502,ZNF251,90987.0,Amp5,5.9
X-5502,ZNF34,80778.0,Amp5,5.9
X-5502,ZNF384,171017.0,MutNovel,"QQ514Q,1.000"
X-5502,ZNF516,9658.0,MutKnownFunctional,"W1082*,0.400"
X-5502,ZNF517,340385.0,Amp5,5.9
X-5502,ZNF521,25925.0,Amp8,20.25
X-5502,ZNF572,137209.0,Amp5,5.1
X-5502,ZNF623,9831.0,Amp5,5.9
X-5502,ZNF638,27332.0,MutNovel,"R550T,0.604"
X-5502,ZNF696,79943.0,Amp5,5.9
X-5502,ZNF7,7553.0,Amp5,5.9
X-5502,ZNF704,619279.0,Amp5,5.17
X-5502,ZNF706,51123.0,Amp5,5.13
X-5502,ZNF707,286075.0,Amp5,5.9
X-5502,ZNF814,730051.0,MutNovel,"F284L,0.375"
X-5502,ZNF814,730051.0,MutNovel,"V282A,0.375"
X-5502,ZNF841,284371.0,MutNovel,"S123I,0.431"
X-5502,ZNF844,284391.0,MutKnownFunctional,"-340?,0.500"
X-5502,ZNRF2,223082.0,MutNovel,"D123DG,0.484"
X-5541,A1BG,1.0,Amp8,12.21
X-5541,A1BG-AS1,503538.0,Amp8,12.21
X-5541,ABCA4,24.0,Amp5,5.31
X-5541,ABCD3,5825.0,Amp5,5.31
X-5541,ABRA,137735.0,Amp8,8.22
X-5541,ACR,49.0,MutNovel,"G217E,1.000"
X-5541,ACR,49.0,MutNovel,"G217E,1.000"
X-5541,ACSL1,2180.0,MutNovel,"L208F,0.471"
X-5541,ADAM18,8749.0,Amp5,7.78
X-5541,ADAM2,2515.0,Amp5,7.78
X-5541,ADAM32,203102.0,Amp5,7.78
X-5541,ADAM3A,1587.0,Amp5,7.78
X-5541,ADAM5P,255926.0,Amp5,7.78
X-5541,ADAM6,8755.0,Amp5,5.21
X-5541,ADAM9,8754.0,Amp5,7.78
X-5541,ADCY8,114.0,Amp5,5.86
X-5541,ADRB3,155.0,Amp8,9.65
X-5541,AGPAT6,137964.0,Amp5,6.41
X-5541,ALDH1B1,219.0,MutNovel,"G62W,1.000"
X-5541,ALG14,199857.0,Amp5,7.62
X-5541,AMELY,266.0,Del0.8,0.36
X-5541,ANAPC1,64682.0,MutNovel,"R1110C,0.286"
X-5541,ANGPT1,284.0,Amp8,8.22
X-5541,ANK1,286.0,Amp5,6.41
X-5541,ANKMY2,57037.0,MutNovel,"E44K,0.622"
X-5541,ANKRD46,157567.0,Amp5,5.06
X-5541,AP3M2,10947.0,Amp5,6.41
X-5541,APH1B,83464.0,MutNovel,"D179H,1.000"
X-5541,ARHGAP29,9411.0,Amp5,5.31
X-5541,ARHGEF11,9826.0,MutNovel,"S1285C,0.500"
X-5541,ARHGEF35,445328.0,MutNovel,"E472K,0.531"
X-5541,ARMC1,55156.0,Amp8,8.46
X-5541,ASAP1,50807.0,Amp5,5.35
X-5541,ASAP1-IT1,29065.0,Amp5,5.35
X-5541,ASH2L,9070.0,Amp8,9.65
X-5541,ASPH,444.0,Amp5,5.46
X-5541,ATM,472.0,MutNovel,"D1853V,1.000"
X-5541,ATP6V0D2,245972.0,Amp5,5.24
X-5541,ATP6V1C1,528.0,Amp5,5.1
X-5541,ATP6V1H,51606.0,Amp5,6.19
X-5541,AVEN,57099.0,MutNovel,"GGGGG41G,1.000"
X-5541,AXIN1,8312.0,MutNovel,"R576Q,0.500"
X-5541,BAALC,79870.0,Amp5,5.1
X-5541,BAG4,9530.0,Amp8,9.65
X-5541,BCAR3,8412.0,Amp5,5.31
X-5541,BCORP1,286554.0,Del0.8,0.3
X-5541,BHLHE22,27319.0,Amp8,8.46
X-5541,BMP2K,55589.0,MutNovel,"S331Y,0.529"
X-5541,BPY2B,442867.0,Del0.8,0.19
X-5541,BPY2B,442867.0,Del0.8,0.19
X-5541,BRD4,23476.0,MutNovel,"Q201E,1.000"
X-5541,BRF2,55290.0,Amp8,9.65
X-5541,BTN3A3,10384.0,MutNovel,"V78M,0.417"
X-5541,C14orf183,196913.0,Amp5,5.06
X-5541,C19orf18,147685.0,Amp8,12.21
X-5541,C1orf112,55732.0,MutNovel,"S371L,0.529"
X-5541,C2CD4B,388125.0,MutKnownFunctional,"S224*,1.000"
X-5541,C2orf69,205327.0,MutNovel,"N200S,0.515"
X-5541,C2orf77,129881.0,MutNovel,"E6D,0.600"
X-5541,C8orf34,116328.0,Amp5,5.62
X-5541,C8orf4,56892.0,Amp5,6.41
X-5541,C8orf40,114926.0,Amp5,6.41
X-5541,C8orf56,157556.0,Amp5,5.1
X-5541,C8orf59,401466.0,Amp5,6.54
X-5541,C8orf86,389649.0,Amp5,7.78
X-5541,CA1,759.0,Amp5,6.54
X-5541,CA13,377677.0,Amp5,6.54
X-5541,CA2,760.0,Amp5,6.54
X-5541,CA3,761.0,Amp5,6.54
X-5541,CA8,767.0,Amp8,8.17
X-5541,CABIN1,23523.0,MutNovel,"R1433K,1.000"
X-5541,CALU,813.0,MutNovel,"L131F,0.833"
X-5541,CCDC18,343099.0,Amp5,5.31
X-5541,CCDC66,285331.0,MutNovel,"S606SP,1.000"
X-5541,CCNI,10983.0,MutNovel,"F277L,0.581"
X-5541,CD9,928.0,MutNovel,"A106E,1.000"
X-5541,CDC42EP1,11135.0,MutNovel,"PAPAANPS253P,1.000"
X-5541,CDK17,5128.0,MutNovel,"D169E,0.714"
X-5541,CDK5RAP1,51654.0,MutNovel,"L485F,0.344"
X-5541,CDY1B,253175.0,Del0.8,0.19
X-5541,CDY1B,253175.0,Del0.8,0.19
X-5541,CDY2A,9426.0,Del0.8,0.18
X-5541,CDY2A,9426.0,Del0.8,0.18
X-5541,CDY2B,203611.0,Del0.8,0.18
X-5541,CDY2B,203611.0,Del0.8,0.18
X-5541,CENPE,1062.0,MutNovel,"M1595I,1.000"
X-5541,CHCHD7,79145.0,Amp8,10.48
X-5541,CHD7,55636.0,Amp8,8.17
X-5541,CHEK2P2,646096.0,Amp5,6.41
X-5541,CHKA,1119.0,MutNovel,"F362L,0.328"
X-5541,CHRAC1,54108.0,Amp5,6.02
X-5541,CHRNA6,8973.0,Amp5,6.41
X-5541,CHRNB3,1142.0,Amp5,6.41
X-5541,CKMT1A,548596.0,MutNovel,"N254M,0.800"
X-5541,CLVS1,157807.0,Amp8,8.17
X-5541,CNBD1,168975.0,Amp5,5.24
X-5541,CNGB3,54714.0,Amp5,5.24
X-5541,CNN3,1266.0,Amp5,5.31
X-5541,CNTD2,79935.0,MutNovel,"D263H,1.000"
X-5541,COG4,25839.0,MutNovel,"E560K,0.504"
X-5541,COL14A1,7373.0,Amp8,9.45
X-5541,COL22A1,169044.0,Amp5,6.02
X-5541,COLEC10,10584.0,Amp5,5.43
X-5541,COPS6,10980.0,MutNovel,"E219K,0.676"
X-5541,COX6C,1345.0,Amp5,6.15
X-5541,CPAMD8,27151.0,MutNovel,"P566L,1.000"
X-5541,CPNE3,8895.0,Amp5,5.24
X-5541,CPSF1,29894.0,MutNovel,"E580K,0.429"
X-5541,CSPG4P1Y,114758.0,Del0.8,0.19
X-5541,CSPG4P1Y,114758.0,Del0.8,0.19
X-5541,CTAGE5,4253.0,MutNovel,"E432Q,0.309"
X-5541,CTHRC1,115908.0,Amp5,5.1
X-5541,CXADRP2,646243.0,Amp5,6.77
X-5541,CXorf40A,91966.0,MutNovel,"P153H,1.000"
X-5541,CXorf40B,541578.0,MutNovel,"P153H,0.296"
X-5541,CYP7A1,1581.0,Amp8,8.17
X-5541,CYP7B1,9420.0,Amp8,8.46
X-5541,DAZ1,1617.0,Del0.8,0.19
X-5541,DAZ2,57055.0,Del0.8,0.19
X-5541,DAZ3,57054.0,Del0.8,0.19
X-5541,DAZ3,57054.0,Del0.8,0.19
X-5541,DAZ4,57135.0,Del0.8,0.19
X-5541,DAZ4,57135.0,Del0.8,0.19
X-5541,DCAF13,25879.0,Amp5,5.1
X-5541,DCAF4L2,138009.0,Amp5,5.24
X-5541,DCSTAMP,81501.0,Amp5,5.1
X-5541,DDHD2,23259.0,Amp8,9.65
X-5541,DDX3Y,8653.0,Del0.8,0.3
X-5541,DENND1B,163486.0,MutNovel,"R721W,0.670"
X-5541,DENND3,22898.0,Amp5,6.02
X-5541,DEPTOR,64798.0,Amp5,7.46
X-5541,DKK4,27121.0,Amp5,6.41
X-5541,DNTTIP2,30836.0,Amp5,5.31
X-5541,DPYS,1807.0,Amp5,5.1
X-5541,DR1,1810.0,Amp5,5.31
X-5541,DSCC1,79075.0,Amp5,5.43
X-5541,DTD1,92675.0,MutNovel,"R53H,1.000"
X-5541,DUS2L,54920.0,MutNovel,"I227V,0.540"
X-5541,DVL1,1855.0,MutNovel,"Q544H,1.000"
X-5541,E2F1,1869.0,MutNovel,"G23S,0.353"
X-5541,E2F5,1875.0,Amp5,6.54
X-5541,EBAG9,9166.0,Amp8,9.06
X-5541,EEF1DP3,196549.0,Del0.8,0.74
X-5541,EFR3A,23167.0,Amp5,6.96
X-5541,EIF1AY,9086.0,Del0.8,0.3
X-5541,EIF2C2,27161.0,Amp5,6.02
X-5541,EIF3B,8662.0,MutNovel,"D434N,0.343"
X-5541,EIF3E,3646.0,Amp8,15.14
X-5541,EIF3H,8667.0,Amp8,12.64
X-5541,EIF4EBP1,1978.0,Amp8,9.65
X-5541,ENPP2,5168.0,Amp5,5.43
X-5541,ENY2,56943.0,Amp8,9.06
X-5541,EPRS,2058.0,MutNovel,"F1355L,0.427"
X-5541,ERBB3,2065.0,MutNovel,"P554L,0.778"
X-5541,ERLIN2,11160.0,Amp8,9.65
X-5541,F3,2152.0,Amp5,5.31
X-5541,FAM106A,80039.0,Del0.8,0.45
X-5541,FAM110B,90362.0,Amp8,12.38
X-5541,FAM111B,374393.0,MutKnownFunctional,"-269?,0.250"
X-5541,FAM126B,285172.0,MutNovel,"N280S,0.812"
X-5541,FAM127A,8933.0,MutNovel,"G48S,1.000"
X-5541,FAM135B,51059.0,Amp5,6.02
X-5541,FAM150A,389658.0,Amp5,6.19
X-5541,FAM157A,728262.0,MutNovel,"A346T,1.000"
X-5541,FAM157B,100132403.0,MutNovel,"T347A,0.500"
X-5541,FAM171B,165215.0,MutNovel,"-50Q,1.000"
X-5541,FAM197Y2P,252946.0,Del0.8,0.3
X-5541,FAM41AY1,340618.0,Del0.8,0.18
X-5541,FAM41AY1,340618.0,Del0.8,0.18
X-5541,FAM82B,51115.0,Amp5,5.24
X-5541,FAM84B,157638.0,Amp8,17.75
X-5541,FAM89B,23625.0,MutNovel,"I187M,0.376"
X-5541,FBRSL1,57666.0,MutNovel,"P909S,0.333"
X-5541,FBXO43,286151.0,Amp5,5.06
X-5541,FFAR3,2865.0,Del0.8,0.43
X-5541,FGFR1,2260.0,Amp5,7.78
X-5541,FKBP1AP1,2282.0,Amp5,6.87
X-5541,FLJ31662,440594.0,Amp5,7.62
X-5541,FLJ42969,441374.0,Amp5,5.06
X-5541,FLJ43860,389690.0,Amp5,6.02
X-5541,FLOT1,10211.0,MutNovel,"E250V,0.554"
X-5541,FNBP1L,54874.0,Amp5,5.31
X-5541,FNTA,2339.0,Amp5,6.41
X-5541,FZD6,8323.0,Amp5,5.1
X-5541,GAGE12F,100008586.0,MutNovel,"R28Q,0.556"
X-5541,GAGE12H,,MutNovel,"R13S,1.000"
X-5541,GAGE2A,729447.0,MutNovel,"R27Q,0.292"
X-5541,GAGE2D,729408.0,MutNovel,"R27Q,0.326"
X-5541,GAGE2D,729408.0,MutNovel,"M96V,0.204"
X-5541,GCLM,2730.0,Amp5,5.31
X-5541,GDI1,2664.0,MutNovel,"K309N,0.980"
X-5541,GEMIN2,8487.0,MutNovel,"S87L,0.669"
X-5541,GINS4,84296.0,Amp5,6.41
X-5541,GOLGA2P2Y,84559.0,Del0.8,0.19
X-5541,GOLGA2P2Y,84559.0,Del0.8,0.19
X-5541,GOLGA6L6,727832.0,Amp5,6.77
X-5541,GOLGA7,51125.0,Amp5,6.41
X-5541,GOLGA8C,729786.0,Amp5,6.77
X-5541,GOT1L1,137362.0,Amp8,9.65
X-5541,GPR124,25960.0,Amp8,9.65
X-5541,GPR20,2843.0,Amp5,6.02
X-5541,GPR89A,653519.0,MutNovel,"R149Q,0.446"
X-5541,GRHL2,79977.0,Amp5,7.36
X-5541,GSTT1,2952.0,Del0.8,0.68
X-5541,GYG2P1,352887.0,Del0.8,0.3
X-5541,HERC2P3,283755.0,Amp5,6.77
X-5541,HGSNAT,138050.0,Amp5,6.41
X-5541,HNRNPCL1,343069.0,MutNovel,"Q185K,1.000"
X-5541,HOOK3,84376.0,Amp5,6.41
X-5541,HOXC13,3229.0,MutKnownFunctional,"Q89*,0.739"
X-5541,HPYR1,93668.0,Amp8,9.58
X-5541,HSFY2,159119.0,Del0.8,0.18
X-5541,HSFY2,159119.0,Del0.8,0.18
X-5541,HTRA4,203100.0,Amp5,7.78
X-5541,IDO1,3620.0,Amp5,6.41
X-5541,IDO2,169355.0,Amp5,6.41
X-5541,IGHMBP2,3508.0,MutNovel,"D876H,0.778"
X-5541,IKBKB,3551.0,Amp5,6.41
X-5541,IMPAD1,54928.0,Amp8,10.48
X-5541,INVS,27130.0,MutNovel,"R1018I,1.000"
X-5541,KAT6A,7994.0,Amp5,6.41
X-5541,KBTBD2,25948.0,MutNovel,"M269I,0.576"
X-5541,KCNH2,3757.0,MutNovel,"E698K,0.654"
X-5541,KCNK9,51305.0,Amp5,6.02
X-5541,KCNU1,157855.0,Amp8,9.65
X-5541,KCNV1,27012.0,Amp5,6.77
X-5541,KDM5D,8284.0,Del0.8,0.3
X-5541,KIAA0125,9834.0,Amp5,5.21
X-5541,KIAA0196,9897.0,Amp8,17.75
X-5541,KIAA0528,9847.0,MutNovel,"L694V,1.000"
X-5541,KIAA1377,57562.0,MutNovel,"R751T,1.000"
X-5541,KIN,22944.0,MutNovel,"D262G,1.000"
X-5541,KNTC1,9735.0,MutNovel,"Y526H,0.667"
X-5541,KPTN,11133.0,MutKnownFunctional,"Q222*,1.000"
X-5541,KRBA2,124751.0,MutNovel,"T72A,1.000"
X-5541,KRT3,3850.0,MutNovel,"M455L,0.953"
X-5541,LETM2,137994.0,Amp8,8.69
X-5541,LGALS9C,654346.0,Del0.8,0.45
X-5541,LINC00051,619434.0,Amp5,5.9
X-5541,LINC00251,552859.0,Amp8,8.46
X-5541,LMNB2,84823.0,MutNovel,"T456M,1.000"
X-5541,LOC100128398,100128398.0,Amp8,12.21
X-5541,LOC100129046,100129046.0,Amp5,5.31
X-5541,LOC100130155,100130155.0,Amp8,8.46
X-5541,LOC100130231,100130231.0,Amp8,17.75
X-5541,LOC100130298,100130298.0,Amp8,8.17
X-5541,LOC100131564,100131564.0,Amp5,5.31
X-5541,LOC100132858,,MutNovel,"G354D,0.500"
X-5541,LOC100134317,100134317.0,Amp5,6.11
X-5541,LOC100289650,100289650.0,Del0.8,0.67
X-5541,LOC100499183,100499183.0,Amp5,5.1
X-5541,LOC100506930,100506930.0,Amp5,6.11
X-5541,LOC100507117,100507117.0,Amp5,5.35
X-5541,LOC100507338,,MutNovel,"D222H,1.000"
X-5541,LOC100507632,100507632.0,Amp8,10.48
X-5541,LOC100507651,100507651.0,Amp8,10.48
X-5541,LOC157381,157381.0,Amp8,17.75
X-5541,LOC286177,286177.0,Amp8,10.48
X-5541,LOC286184,286184.0,Amp8,8.46
X-5541,LOC286186,286186.0,Amp8,8.46
X-5541,LOC348120,348120.0,Amp5,6.77
X-5541,LOC391322,391322.0,MutNovel,"H7D,1.000"
X-5541,LOC391322,391322.0,MutNovel,"F10L,1.000"
X-5541,LOC391322,391322.0,Del0.8,0.68
X-5541,LOC401463,401463.0,Amp8,8.46
X-5541,LOC440292,,MutNovel,"K190E,1.000"
X-5541,LOC440563,440563.0,MutNovel,"K166Q,1.000"
X-5541,LOC644189,644189.0,Amp5,6.11
X-5541,LOC646214,646214.0,Amp5,6.77
X-5541,LOC727677,727677.0,Amp8,17.39
X-5541,LOC727924,727924.0,Amp5,5.24
X-5541,LOC728024,728024.0,Amp8,9.65
X-5541,LOC728752,728752.0,Amp5,6.11
X-5541,LOC728855,728855.0,Amp5,5.46
X-5541,LOC729970,729970.0,Amp5,5.31
X-5541,LOC731779,731779.0,Amp5,6.02
X-5541,LOXL1,4016.0,MutNovel,"E287Q,1.000"
X-5541,LPL,4023.0,MutNovel,"A12V,1.000"
X-5541,LRP12,29967.0,Amp5,5.1
X-5541,LRRC6,23639.0,Amp8,9.58
X-5541,LRRCC1,85444.0,Amp5,6.54
X-5541,LSM1,27257.0,Amp8,9.65
X-5541,LYN,4067.0,Amp8,10.48
X-5541,LYPLA1,10434.0,Amp5,6.19
X-5541,MAL2,114569.0,Amp5,5.43
X-5541,MAN2A2,4122.0,MutNovel,"V582M,0.778"
X-5541,METTL21D,79609.0,Amp5,5.06
X-5541,METTL23,124512.0,MutNovel,"L98I,0.243"
X-5541,MIR124-2,406908.0,Amp8,8.46
X-5541,MIR3151,100422992.0,Amp5,5.1
X-5541,MIR4273,100422955.0,Del0.8,0.59
X-5541,MIR4469,100616115.0,Amp5,6.41
X-5541,MIR4471,100616451.0,Amp5,5.06
X-5541,MIR4472-1,100616268.0,Amp5,5.9
X-5541,MIR486,619554.0,Amp5,6.41
X-5541,MIR599,693184.0,Amp5,6.15
X-5541,MIR760,100126348.0,Amp5,5.31
X-5541,MIR875,100126309.0,Amp5,6.15
X-5541,MMP15,4324.0,MutNovel,"P331L,1.000"
X-5541,MMP16,4325.0,Amp5,5.24
X-5541,MOS,4342.0,Amp8,10.48
X-5541,MRPL15,29088.0,Amp5,6.19
X-5541,MRPL21,219927.0,MutNovel,"E111K,0.480"
X-5541,MRPL4,51073.0,MutNovel,"E75Q,1.000"
X-5541,MTERFD1,51001.0,Amp5,5.03
X-5541,MTF2,22823.0,Amp5,5.31
X-5541,MTFR1,9650.0,Amp5,6.02
X-5541,MTSS1,9788.0,Amp8,8.51
X-5541,MYC,4609.0,Amp8,17.39
X-5541,NAA30,122830.0,MutNovel,"S134L,0.238"
X-5541,NACAP1,83955.0,Amp5,5.06
X-5541,NADKD1,133686.0,MutNovel,"S395F,0.500"
X-5541,NBEAP1,606.0,Amp5,6.77
X-5541,NCALD,83988.0,Amp5,6.06
X-5541,NCRNA00185,55410.0,Del0.8,0.3
X-5541,NDUFB1,4707.0,MutNovel,"E101K,0.268"
X-5541,NEK9,91754.0,MutNovel,"E90A,0.296"
X-5541,NF1P2,440225.0,Amp5,6.77
X-5541,NIN,51199.0,MutNovel,"R438Q,0.500"
X-5541,NIT1,4817.0,MutNovel,"H146Y,0.678"
X-5541,NKX6-3,157848.0,Amp5,6.41
X-5541,NLGN4Y,22829.0,Del0.8,0.3
X-5541,NOV,4856.0,Amp5,5.43
X-5541,NPBWR1,2831.0,Amp5,6.19
X-5541,NSMAF,8439.0,Amp8,8.17
X-5541,NSMCE2,286053.0,Amp8,17.75
X-5541,NUDCD1,84955.0,Amp8,9.06
X-5541,NUP205,23165.0,MutNovel,"S924C,0.380"
X-5541,NUP210,23225.0,MutNovel,"L1752T,1.000"
X-5541,OGFOD1,55239.0,MutNovel,"K524N,1.000"
X-5541,OPRK1,4986.0,Amp5,6.19
X-5541,OR11H2,79334.0,Amp5,6.32
X-5541,OR4K1,79544.0,Amp5,6.32
X-5541,OR4K2,390431.0,Amp5,6.32
X-5541,OR4K5,79317.0,Amp5,6.32
X-5541,OR4M1,441670.0,Amp5,6.32
X-5541,OR4M2,390538.0,Amp5,5.86
X-5541,OR4N2,390429.0,Amp5,6.32
X-5541,OR4N3P,390539.0,Amp5,5.86
X-5541,OR4N4,283694.0,Amp5,5.86
X-5541,OR4Q3,441669.0,Amp5,6.32
X-5541,OR52N1,79473.0,Del0.8,0.61
X-5541,OR52N5,390075.0,Del0.8,0.21
X-5541,ORAI1,84876.0,MutNovel,"PP43-,1.000"
X-5541,OSR2,116039.0,Amp5,6.15
X-5541,OXR1,55074.0,Amp8,8.22
X-5541,PABPC1,26986.0,Amp5,5.06
X-5541,PBRM1,55193.0,MutNovel,"E370D,0.471"
X-5541,PCAT1,100750225.0,Amp8,9.06
X-5541,PCDH11Y,83259.0,Del0.8,0.36
X-5541,PCMTD1,115294.0,Amp5,6.19
X-5541,PDCD6IP,10015.0,MutNovel,"A778V,0.474"
X-5541,PENK,5179.0,Amp8,10.48
X-5541,PEX10,5192.0,MutNovel,"P336A,0.485"
X-5541,PHACTR4,65979.0,MutKnownFunctional,"-61?,0.556"
X-5541,PIGQ,9091.0,MutNovel,"R150C,0.467"
X-5541,PKHD1L1,93035.0,Amp8,9.06
X-5541,PLAG1,5324.0,Amp8,10.48
X-5541,PLAT,5327.0,Amp5,6.41
X-5541,PLEKHA2,59339.0,Amp5,7.78
X-5541,PLEKHF1,79156.0,MutNovel,"C186F,1.000"
X-5541,PLXNB1,5364.0,MutNovel,"E968K,1.000"
X-5541,POLB,5423.0,Amp5,6.41
X-5541,POLR2K,5440.0,Amp5,5.06
X-5541,POTEA,340441.0,Amp5,6.41
X-5541,POTEB,339010.0,Amp5,6.77
X-5541,POTEE,445582.0,MutNovel,"G514S,1.000"
X-5541,POU5F1B,5462.0,Amp8,17.39
X-5541,PPAPDC1B,84513.0,Amp8,9.65
X-5541,PPIAL4B,653505.0,Amp5,5.46
X-5541,PPIAL4C,653598.0,Amp5,5.46
X-5541,PPP1R35,221908.0,MutNovel,"D51H,0.303"
X-5541,PPP2R3C,55012.0,MutNovel,"R46T,0.294"
X-5541,PRADC1,84279.0,MutNovel,"I175V,0.728"
X-5541,PRKY,5616.0,Del0.8,0.36
X-5541,PROSC,11212.0,Amp8,9.65
X-5541,PRY,9081.0,Del0.8,0.3
X-5541,PRY,9081.0,Del0.8,0.19
X-5541,PRY2,442862.0,Del0.8,0.19
X-5541,PRY2,442862.0,Del0.8,0.3
X-5541,PSG1,5669.0,Del0.8,0.39
X-5541,PSG10P,653492.0,Del0.8,0.67
X-5541,PSG11,5680.0,Del0.8,0.71
X-5541,PSG6,5675.0,Del0.8,0.61
X-5541,PSG7,5676.0,Del0.8,0.61
X-5541,PSKH2,85481.0,Amp5,5.24
X-5541,PTK2,5747.0,Amp5,6.02
X-5541,PTP4A3,11156.0,Amp5,6.02
X-5541,RAB11FIP1,80223.0,Amp8,9.65
X-5541,RAB2A,5862.0,Amp8,8.17
X-5541,RAD21,5885.0,Amp5,7.21
X-5541,RALYL,138046.0,Amp5,6.54
X-5541,RARS2,57038.0,MutNovel,"R6C,0.734"
X-5541,RB1CC1,9821.0,Amp5,6.19
X-5541,RBM12,10137.0,MutNovel,"P835PAP,0.901"
X-5541,RBMY1A3P,286557.0,Del0.8,0.3
X-5541,RBMY1B,378948.0,Del0.8,0.3
X-5541,RBMY1B,378948.0,Del0.8,0.3
X-5541,RBMY1E,378950.0,Del0.8,0.3
X-5541,RBMY1E,378950.0,Del0.8,0.3
X-5541,RBMY1F,159163.0,Del0.8,0.23
X-5541,RBMY1F,159163.0,Del0.8,0.3
X-5541,RBMY1J,378951.0,Del0.8,0.19
X-5541,RBMY1J,378951.0,Del0.8,0.3
X-5541,RBMY2EP,159125.0,Del0.8,0.3
X-5541,RBMY2FP,159162.0,Del0.8,0.3
X-5541,RBMY3AP,64593.0,Del0.8,0.3
X-5541,RECQL4,9401.0,MutNovel,"G863R,0.273"
X-5541,REREP3,646396.0,Amp5,5.86
X-5541,REXO1L1,254958.0,Amp5,6.54
X-5541,REXO1L2P,100288527.0,Amp5,6.54
X-5541,REXO1L2P,100288527.0,Amp5,6.54
X-5541,RGS20,8601.0,Amp5,6.19
X-5541,RGS22,26166.0,Amp5,5.58
X-5541,RIMS2,9699.0,Amp5,5.1
X-5541,RNF170,81790.0,Amp5,6.41
X-5541,RNF19A,25897.0,Amp5,5.06
X-5541,RNF5P1,286140.0,Amp5,7.78
X-5541,RNMTL1,55178.0,MutNovel,"A259S,0.524"
X-5541,RP1,6101.0,Amp5,6.19
X-5541,RPIA,22934.0,MutKnownFunctional,"K267*,0.602"
X-5541,RPS17,6218.0,MutNovel,"V124G,0.600"
X-5541,RPS20,6224.0,MutNovel,"K44E,0.935"
X-5541,RPS20,6224.0,Amp8,10.48
X-5541,RPS29,6235.0,MutKnownFunctional,"-21?,0.529"
X-5541,RPS4Y1,6192.0,Del0.8,0.36
X-5541,RPS4Y2,140032.0,Del0.8,0.3
X-5541,RRAGA,10670.0,MutNovel,"V57L,1.000"
X-5541,RSPO2,340419.0,Amp8,15.14
X-5541,RWDD3,25950.0,Amp5,7.62
X-5541,SAFB,6294.0,MutNovel,"R718Q,1.000"
X-5541,SAMD12,401474.0,Amp5,7.26
X-5541,SAMD12-AS1,552860.0,Amp5,5.43
X-5541,SBF1P1,100133234.0,Amp8,10.48
X-5541,SDCBP,6386.0,Amp8,8.17
X-5541,SDR16C5,195814.0,Amp8,10.48
X-5541,SEC24A,10802.0,MutKnownFunctional,"Q1012*,1.000"
X-5541,SERINC2,347735.0,MutNovel,"-373Q,1.000"
X-5541,SERPINE2,5270.0,MutNovel,"G224R,0.652"
X-5541,SFRP1,6422.0,Amp5,6.41
X-5541,SGK196,84197.0,Amp5,6.41
X-5541,SH3BP2,6452.0,MutNovel,"K47R,0.714"
X-5541,SH3GL3,6457.0,MutKnownFunctional,"E299*,0.833"
X-5541,SHPRH,257218.0,MutNovel,"P1374S,0.656"
X-5541,SHPRH,257218.0,MutNovel,"E435Q,0.833"
X-5541,SIGLEC14,100049587.0,Amp5,5.7
X-5541,SLC20A2,6575.0,Amp5,6.41
X-5541,SLC25A32,81034.0,Amp5,5.1
X-5541,SLC44A3,126969.0,Amp5,5.31
X-5541,SLC45A4,57210.0,Amp5,6.02
X-5541,SLC7A13,157724.0,Amp5,5.24
X-5541,SMARCC1,6599.0,MutNovel,"E587D,1.000"
X-5541,SMOX,54498.0,MutNovel,"L322P,1.000"
X-5541,SNORD54,26795.0,Amp8,10.48
X-5541,SNX19,399979.0,MutNovel,"E907K,1.000"
X-5541,SNX31,169166.0,Amp5,5.06
X-5541,SOS2,6655.0,Amp5,5.06
X-5541,SOX17,64321.0,Amp5,6.19
X-5541,SPAG1,6674.0,Amp5,5.06
X-5541,SPARCL1,8404.0,MutNovel,"H593Y,1.000"
X-5541,SQLE,6713.0,Amp8,17.75
X-5541,SREBF1,6720.0,MutKnownFunctional,"-698?,1.000"
X-5541,SRP14,6727.0,MutNovel,"TAAT130-,1.000"
X-5541,SRY,6736.0,Del0.8,0.36
X-5541,ST18,9705.0,Amp5,6.19
X-5541,STAR,6770.0,Amp8,9.65
X-5541,STK24,8428.0,MutNovel,"S165C,1.000"
X-5541,STK31,56164.0,MutNovel,"M835I,0.439"
X-5541,SULT1A4,445329.0,MutNovel,"M220V,1.000"
X-5541,SUV420H1,51111.0,MutNovel,"A641V,0.300"
X-5541,SYBU,55638.0,Amp5,7.84
X-5541,TACC1,6867.0,Amp5,7.78
X-5541,TAF2,6873.0,Amp5,5.43
X-5541,TAP2,6891.0,MutNovel,"I534M,0.418"
X-5541,TBCC,6903.0,MutNovel,"E41K,0.641"
X-5541,TBL1Y,90665.0,Del0.8,0.36
X-5541,TBP,6908.0,MutNovel,"-64Q,1.000"
X-5541,TBP,6908.0,MutNovel,"Q72-,0.771"
X-5541,TCEA1,6917.0,Amp5,6.19
X-5541,TCTEX1D2,255758.0,MutNovel,"A135S,0.667"
X-5541,TELO2,9894.0,MutNovel,"ALNYSLR601-,0.214"
X-5541,TEX9,374618.0,MutNovel,"R298C,1.000"
X-5541,TGIF2LY,90655.0,Del0.8,0.36
X-5541,TGS1,96764.0,Amp8,10.48
X-5541,THAP1,55145.0,Amp5,6.41
X-5541,TICAM1,148022.0,MutNovel,"Q685H,1.000"
X-5541,TIMM22,29928.0,MutNovel,"S11L,0.974"
X-5541,TM2D2,83877.0,Amp5,7.78
X-5541,TMBIM4,51643.0,MutKnownFunctional,"-174?,0.955"
X-5541,TMED5,50999.0,Amp5,5.31
X-5541,TMEM144,55314.0,MutNovel,"R186C,0.400"
X-5541,TMEM179B,374395.0,MutNovel,"P148L,0.260"
X-5541,TMEM183B,,MutKnownFunctional,"-116?,0.500"
X-5541,TMEM56,148534.0,Amp5,7.62
X-5541,TMEM56-RWDD3,100527978.0,Amp5,7.62
X-5541,TMEM68,137695.0,Amp8,10.48
X-5541,TMEM71,137835.0,Amp8,9.58
X-5541,TMEM74,157753.0,Amp8,15.14
X-5541,TMSB4Y,9087.0,Del0.8,0.3
X-5541,TNFRSF11B,4982.0,Amp5,5.43
X-5541,TNS3,64759.0,MutNovel,"M84I,0.750"
X-5541,TNS4,84951.0,MutNovel,"R641Q,0.800"
X-5541,TOX,9760.0,Amp8,8.17
X-5541,TP53,7157.0,MutKnownFunctional,"R306*,1.000"
X-5541,TRAPPC9,83696.0,Amp5,6.02
X-5541,TRHR,7201.0,Amp8,15.14
X-5541,TRIB1,10221.0,Amp8,17.75
X-5541,TRIM16L,147166.0,MutNovel,"C230R,1.000"
X-5541,TRIM33,51592.0,MutNovel,"A843S,0.538"
X-5541,TRPS1,7227.0,Amp8,8.82
X-5541,TSC1,7248.0,MutKnownFunctional,"-330?,1.000"
X-5541,TSPY1,7258.0,Del0.8,0.3
X-5541,TSPY2,64591.0,Del0.8,0.36
X-5541,TSPY3,728137.0,Del0.8,0.3
X-5541,TSPY4,728395.0,Del0.8,0.3
X-5541,TSPY8,728403.0,Del0.8,0.3
X-5541,TSPYL1,7259.0,MutNovel,"V176VW,1.000"
X-5541,TTTY10,246119.0,Del0.8,0.3
X-5541,TTTY11,83866.0,Del0.8,0.3
X-5541,TTTY12,83867.0,Del0.8,0.3
X-5541,TTTY13,83868.0,Del0.8,0.3
X-5541,TTTY14,83869.0,Del0.8,0.3
X-5541,TTTY15,64595.0,Del0.8,0.3
X-5541,TTTY16,252948.0,Del0.8,0.3
X-5541,TTTY17A,252949.0,Del0.8,0.19
X-5541,TTTY17A,252949.0,Del0.8,0.19
X-5541,TTTY18,252950.0,Del0.8,0.3
X-5541,TTTY19,252952.0,Del0.8,0.3
X-5541,TTTY1B,100101116.0,Del0.8,0.36
X-5541,TTTY1B,100101116.0,Del0.8,0.3
X-5541,TTTY2,60439.0,Del0.8,0.3
X-5541,TTTY2,60439.0,Del0.8,0.36
X-5541,TTTY20,252951.0,Del0.8,0.3
X-5541,TTTY21,252953.0,Del0.8,0.36
X-5541,TTTY21,252953.0,Del0.8,0.3
X-5541,TTTY22,252954.0,Del0.8,0.3
X-5541,TTTY23,252955.0,Del0.8,0.3
X-5541,TTTY23,252955.0,Del0.8,0.36
X-5541,TTTY3,114760.0,Del0.8,0.19
X-5541,TTTY3,114760.0,Del0.8,0.19
X-5541,TTTY4,114761.0,Del0.8,0.19
X-5541,TTTY4,114761.0,Del0.8,0.19
X-5541,TTTY5,83863.0,Del0.8,0.3
X-5541,TTTY6,84672.0,Del0.8,0.3
X-5541,TTTY6,84672.0,Del0.8,0.19
X-5541,TTTY7,246122.0,Del0.8,0.36
X-5541,TTTY7,246122.0,Del0.8,0.3
X-5541,TTTY7B,100101120.0,Del0.8,0.3
X-5541,TTTY7B,100101120.0,Del0.8,0.36
X-5541,TTTY8,84673.0,Del0.8,0.36
X-5541,TTTY8,84673.0,Del0.8,0.3
X-5541,TTTY9A,83864.0,Del0.8,0.18
X-5541,TTTY9A,83864.0,Del0.8,0.18
X-5541,TUBB8,347688.0,MutNovel,"N52H,1.000"
X-5541,TUT1,64852.0,MutNovel,"P163R,0.771"
X-5541,TXLNG2P,246126.0,Del0.8,0.3
X-5541,UACA,55075.0,MutNovel,"K691N,1.000"
X-5541,UBXN2B,137886.0,Amp8,10.06
X-5541,UPK2,7379.0,MutNovel,"E132Q,1.000"
X-5541,UQCRB,7381.0,Amp5,6.28
X-5541,UQCRHL,440567.0,MutNovel,"EE19E,0.421"
X-5541,URB1,9875.0,MutNovel,"R1793Q,1.000"
X-5541,USP19,10869.0,MutNovel,"M1083I,1.000"
X-5541,USP32P2,220594.0,Del0.8,0.45
X-5541,USP34,9736.0,MutNovel,"Q189E,0.900"
X-5541,USP36,57602.0,MutNovel,"KKK958K,1.000"
X-5541,USP9Y,8287.0,Del0.8,0.3
X-5541,UTP23,84294.0,Amp8,12.64
X-5541,UTY,7404.0,Del0.8,0.3
X-5541,VCY,9084.0,Del0.8,0.3
X-5541,VCY,9084.0,Del0.8,0.3
X-5541,VDAC3,7419.0,Amp5,6.41
X-5541,VEZT,55591.0,MutNovel,"E623K,0.781"
X-5541,VPS13A,23230.0,MutNovel,"H896Y,1.000"
X-5541,VPS13B,157680.0,Amp5,6.15
X-5541,WDYHV1,55093.0,Amp5,5.43
X-5541,WHSC1L1,54904.0,Amp8,9.65
X-5541,WWP1,11059.0,Amp5,5.24
X-5541,XAGE1E,,MutNovel,"K24N,0.667"
X-5541,XKR4,114786.0,Amp8,8.06
X-5541,XKRY2,353515.0,Del0.8,0.18
X-5541,XKRY2,353515.0,Del0.8,0.18
X-5541,YWHAZ,7534.0,Amp5,5.06
X-5541,ZBTB11,27107.0,MutNovel,"E921K,1.000"
X-5541,ZBTB45,84878.0,MutNovel,"P165L,1.000"
X-5541,ZCWPW1,55063.0,MutNovel,"S284F,0.357"
X-5541,ZFP14,57677.0,MutNovel,"Q441P,0.667"
X-5541,ZFP14,57677.0,Amp5,6.11
X-5541,ZFP82,284406.0,Amp5,6.11
X-5541,ZFPM2,23414.0,Amp5,5.94
X-5541,ZFY,7544.0,Del0.8,0.36
X-5541,ZHX1,11244.0,MutNovel,"D839H,0.476"
X-5541,ZMAT4,79698.0,Amp5,6.41
X-5541,ZNF135,7694.0,Amp8,12.21
X-5541,ZNF256,10172.0,Amp8,12.21
X-5541,ZNF260,339324.0,Amp5,6.11
X-5541,ZNF268,10795.0,MutNovel,"E407Q,0.750"
X-5541,ZNF274,10782.0,Amp8,12.21
X-5541,ZNF329,79673.0,Amp8,12.21
X-5541,ZNF382,84911.0,Amp5,6.11
X-5541,ZNF384,171017.0,MutNovel,"QQ514Q,1.000"
X-5541,ZNF417,147687.0,Amp5,6.87
X-5541,ZNF418,147686.0,MutNovel,"E427K,1.000"
X-5541,ZNF418,147686.0,MutNovel,"H297Q,1.000"
X-5541,ZNF418,147686.0,Amp8,9.19
X-5541,ZNF460,10794.0,MutKnownFunctional,"R465*,1.000"
X-5541,ZNF461,92283.0,Amp5,6.11
X-5541,ZNF497,162968.0,Amp8,12.21
X-5541,ZNF529,57711.0,Amp5,6.11
X-5541,ZNF544,27300.0,Amp8,12.21
X-5541,ZNF552,79818.0,Amp5,6.87
X-5541,ZNF566,84924.0,Amp5,6.11
X-5541,ZNF567,163081.0,Amp5,6.11
X-5541,ZNF572,137209.0,Amp8,17.75
X-5541,ZNF586,54807.0,Amp5,6.87
X-5541,ZNF587,84914.0,Amp5,6.87
X-5541,ZNF592,9640.0,MutKnownFunctional,"E337*,1.000"
X-5541,ZNF606,80095.0,Amp8,12.21
X-5541,ZNF608,57507.0,MutNovel,"K1216N,1.000"
X-5541,ZNF700,90592.0,MutNovel,"E617K,1.000"
X-5541,ZNF703,80139.0,Amp8,9.65
X-5541,ZNF706,51123.0,Amp5,5.06
X-5541,ZNF717,100131827.0,Del0.8,0.78
X-5541,ZNF8,7554.0,Amp8,12.21
X-5541,ZNF814,730051.0,Amp5,6.87
X-5541,ZNF837,116412.0,Amp8,12.21
X-5541,ZNF850,342892.0,Amp5,6.11
X-5541,ZNF860,344787.0,MutNovel,"R194I,1.000"
X-5541,ZSCAN1,284312.0,Amp8,12.21
X-5541,ZSCAN18,65982.0,Amp8,12.21
X-5541,ZSCAN22,342945.0,Amp8,12.21
X-5593,ABCB7,22.0,MutNovel,"E726K,1.000"
X-5593,ACER3,55331.0,Amp8,24.76
X-5593,ACOT1,641371.0,Del0.8,0.47
X-5593,ACOT9,23597.0,Del0.8,0.68
X-5593,ACTRT1,139741.0,Del0.8,0.61
X-5593,ACY3,91703.0,Amp8,18.77
X-5593,ADAM3A,1587.0,Del0.8,0.19
X-5593,ADAM5P,255926.0,Del0.8,0.79
X-5593,ADK,132.0,Amp5,5.21
X-5593,ADO,84890.0,Amp8,22.47
X-5593,ADRB3,155.0,Amp5,5.06
X-5593,ADRBK1,156.0,Amp8,27.28
X-5593,AGAP3,116988.0,MutNovel,"R289Q,0.372"
X-5593,AGAP7,653268.0,MutNovel,"E591D,0.750"
X-5593,AGK,55750.0,MutNovel,"V192L,1.000"
X-5593,AHNAK2,113146.0,MutKnownFunctional,"E577*,1.000"
X-5593,AIP,9049.0,Amp5,5.82
X-5593,ALDH1L2,160428.0,MutNovel,"I141M,1.000"
X-5593,ALDH3B1,221.0,Amp8,11.55
X-5593,ALDH3B2,222.0,Amp8,18.77
X-5593,ALG8,79053.0,Amp8,16.91
X-5593,AMELY,266.0,Del0.8,0.23
X-5593,AMOT,154796.0,MutNovel,"L452V,0.431"
X-5593,ANAPC1,64682.0,MutNovel,"R1110C,0.375"
X-5593,ANK3,288.0,Amp8,9.19
X-5593,ANKRD13D,338692.0,Amp8,19.84
X-5593,ANKRD65,441869.0,MutNovel,"A381V,1.000"
X-5593,ANO1,55107.0,Amp8,16.34
X-5593,ANP32C,23520.0,Del0.8,0.74
X-5593,ANXA2P3,305.0,Amp8,18.13
X-5593,AOC2,314.0,MutNovel,"H604P,0.917"
X-5593,APOO,79135.0,Del0.8,0.68
X-5593,AQP11,282679.0,Amp8,16.91
X-5593,ARAF,369.0,Del0.8,0.68
X-5593,ARAP1,116985.0,Amp8,9.92
X-5593,ARHGEF17,9828.0,Amp8,9.92
X-5593,ARHGEF19,128272.0,MutNovel,"A228E,0.260"
X-5593,ARID5B,84159.0,Amp8,27.67
X-5593,ARRB1,408.0,Amp8,23.1
X-5593,ARX,170302.0,Del0.8,0.68
X-5593,ASH2L,9070.0,Amp5,5.06
X-5593,ATAD5,79915.0,MutNovel,"R835H,0.557"
X-5593,ATF2,1386.0,MutNovel,"D21N,0.212"
X-5593,ATG16L2,89849.0,Amp8,9.92
X-5593,ATP5EP2,432369.0,Amp5,5.74
X-5593,ATP6AP2,10159.0,Del0.8,0.68
X-5593,ATP6V0D1,9114.0,MutNovel,"V141M,1.000"
X-5593,B3GNT6,192134.0,Amp8,25.11
X-5593,B3GNT7,93010.0,MutNovel,"G301S,0.300"
X-5593,BAG4,9530.0,Amp5,5.06
X-5593,BASP1P1,646201.0,Amp5,5.03
X-5593,BCOR,54880.0,Del0.8,0.68
X-5593,BCORP1,286554.0,Del0.8,0.17
X-5593,BICC1,80114.0,Amp8,8.88
X-5593,BOP1,23246.0,MutNovel,"E168K,0.308"
X-5593,BPY2B,442867.0,Del0.8,0.13
X-5593,BPY2B,442867.0,Del0.8,0.08
X-5593,BRF2,55290.0,Amp5,5.06
X-5593,C10orf107,219621.0,Amp8,34.06
X-5593,C10orf40,283025.0,Amp8,9.19
X-5593,C11orf24,53838.0,Amp8,11.55
X-5593,C11orf30,56946.0,Amp8,17.51
X-5593,C11orf67,28971.0,Amp8,16.91
X-5593,C21orf58,54058.0,MutNovel,"H299PN,0.857"
X-5593,C2CD3,26005.0,Amp8,8.69
X-5593,C4orf27,54969.0,MutNovel,"E190G,1.000"
X-5593,C4orf29,80167.0,MutNovel,"P86S,1.000"
X-5593,C4orf47,441054.0,MutNovel,"R186C,0.421"
X-5593,C5orf65,389333.0,MutNovel,"S260R,0.250"
X-5593,C8orf86,389649.0,Amp5,5.54
X-5593,CABP2,51475.0,Amp5,5.82
X-5593,CABP4,57010.0,Amp5,5.82
X-5593,CACNA1D,776.0,MutNovel,"N658D,1.000"
X-5593,CACNA1F,778.0,Del0.8,0.71
X-5593,CALHM2,51063.0,MutKnownFunctional,"-114,1.000"
X-5593,CAPN5,726.0,Amp8,16.91
X-5593,CARNS1,57571.0,Amp5,5.82
X-5593,CASC5,57082.0,MutNovel,"Q2298E,0.289"
X-5593,CASK,8573.0,Del0.8,0.68
X-5593,CBWD2,150472.0,MutNovel,"G106S,0.538"
X-5593,CC2D1B,200014.0,MutNovel,"E700K,0.277"
X-5593,CCDC120,90060.0,Del0.8,0.71
X-5593,CCDC22,28952.0,Del0.8,0.71
X-5593,CCDC6,8030.0,Amp8,10.27
X-5593,CCND1,595.0,Amp8,15.56
X-5593,CD3EAP,10849.0,MutNovel,"P399T,0.589"
X-5593,CDC42EP1,11135.0,MutNovel,"PAPAANPS253P,1.000"
X-5593,CDK1,983.0,Amp8,9.19
X-5593,CDK13,8621.0,MutNovel,"S507P,0.319"
X-5593,CDK16,5127.0,Del0.8,0.68
X-5593,CDK2AP2,10263.0,Amp5,5.82
X-5593,CDX2,1045.0,Amp5,5.74
X-5593,CDY1B,253175.0,Del0.8,0.17
X-5593,CDY1B,253175.0,Del0.8,0.13
X-5593,CDY2A,9426.0,Del0.8,0.17
X-5593,CDY2A,9426.0,Del0.8,0.17
X-5593,CDY2B,203611.0,Del0.8,0.17
X-5593,CDY2B,203611.0,Del0.8,0.17
X-5593,CELF2,10659.0,MutNovel,"P22A,1.000"
X-5593,CELSR1,9620.0,MutNovel,"S1327F,0.398"
X-5593,CENPB,1059.0,MutNovel,"E19K,0.331"
X-5593,CEP89,84902.0,MutNovel,"R72C,0.340"
X-5593,CEP95,90799.0,MutNovel,"R440H,0.760"
X-5593,CEP95,90799.0,MutNovel,"T474K,0.217"
X-5593,CFHR1,3078.0,Amp5,6.02
X-5593,CFHR3,10878.0,Amp5,6.02
X-5593,CHD2,1106.0,MutKnownFunctional,"-1242?,0.838"
X-5593,CHKA,1119.0,Amp8,11.55
X-5593,CHRD,8646.0,MutNovel,"V45I,0.545"
X-5593,CHRDL2,25884.0,Amp8,14.62
X-5593,CHST7,56548.0,Del0.8,0.68
X-5593,CISD1,55847.0,Amp8,8.88
X-5593,CKMT1B,1159.0,MutNovel,"A237T,0.417"
X-5593,CLCF1,23529.0,Amp5,5.82
X-5593,CLNS1A,1207.0,Amp8,16.91
X-5593,CMYA5,202333.0,MutNovel,"E889K,0.258"
X-5593,CNKSR2,22866.0,Del0.8,0.68
X-5593,COL6A1,1291.0,MutNovel,"A366T,0.421"
X-5593,COMTD1,118881.0,Amp8,20.82
X-5593,CORO1B,57175.0,Amp5,5.82
X-5593,CPT1A,1374.0,Amp8,8.11
X-5593,CROCC,9696.0,MutNovel,"R794Q,0.207"
X-5593,CRYBG3,,MutNovel,"E1562K,0.900"
X-5593,CSPG4,1464.0,MutNovel,"R2096C,0.923"
X-5593,CSPG4P1Y,114758.0,Del0.8,0.17
X-5593,CSPG4P1Y,114758.0,Del0.8,0.13
X-5593,CTSA,5476.0,MutNovel,"L29-,0.233"
X-5593,CTTN,2017.0,Amp8,8.69
X-5593,CUL9,23113.0,MutNovel,"D1891E,0.774"
X-5593,CXADRP2,646243.0,Amp5,5.28
X-5593,CXXC1P1,392459.0,Del0.8,0.71
X-5593,CXorf21,80231.0,Del0.8,0.68
X-5593,CXorf22,170063.0,Del0.8,0.68
X-5593,CXorf27,25763.0,Del0.8,0.68
X-5593,CXorf30,645090.0,Del0.8,0.68
X-5593,CXorf36,79742.0,Del0.8,0.68
X-5593,CXorf38,159013.0,Del0.8,0.68
X-5593,CXorf58,254158.0,Del0.8,0.68
X-5593,CXorf59,286464.0,Del0.8,0.68
X-5593,CYBB,1536.0,Del0.8,0.68
X-5593,DAZ1,1617.0,Del0.8,0.17
X-5593,DAZ2,57055.0,Del0.8,0.15
X-5593,DAZ3,57054.0,Del0.8,0.15
X-5593,DAZ3,57054.0,Del0.8,0.13
X-5593,DAZ4,57135.0,Del0.8,0.16
X-5593,DAZ4,57135.0,Del0.8,0.14
X-5593,DCAF8L1,139425.0,Del0.8,0.68
X-5593,DCAF8L2,347442.0,Del0.8,0.68
X-5593,DDHD2,23259.0,Amp5,5.06
X-5593,DDI2,84301.0,MutKnownFunctional,"R83*,0.333"
X-5593,DDX17,10521.0,MutNovel,"D73N,0.335"
X-5593,DDX3X,1654.0,Del0.8,0.68
X-5593,DDX3Y,8653.0,Del0.8,0.17
X-5593,DDX47,51202.0,MutNovel,"R402C,0.564"
X-5593,DDX53,168400.0,Del0.8,0.68
X-5593,DEFB103A,414325.0,Del0.8,0.55
X-5593,DEFB103A,414325.0,Del0.8,0.55
X-5593,DEFB104B,503618.0,Del0.8,0.55
X-5593,DEFB104B,503618.0,Del0.8,0.55
X-5593,DEFB105B,504180.0,Del0.8,0.55
X-5593,DEFB105B,504180.0,Del0.8,0.55
X-5593,DEFB106B,503841.0,Del0.8,0.55
X-5593,DEFB106B,503841.0,Del0.8,0.55
X-5593,DEFB107A,245910.0,Del0.8,0.55
X-5593,DEFB107A,245910.0,Del0.8,0.55
X-5593,DEFB4A,1673.0,Del0.8,0.55
X-5593,DEFB4B,100289462.0,Del0.8,0.55
X-5593,DGAT2,84649.0,Amp8,17.51
X-5593,DHCR7,1717.0,Amp8,8.69
X-5593,DHX36,170506.0,MutNovel,"EKEA434A,0.493"
X-5593,DLG5,9231.0,Amp8,27.1
X-5593,DMD,1756.0,Del0.8,0.77
X-5593,DOC2GP,390213.0,Amp8,18.77
X-5593,DOPEY1,23033.0,MutKnownFunctional,"R1984*,0.404"
X-5593,DUPD1,338599.0,Amp8,20.82
X-5593,DUSP13,51207.0,Amp8,20.82
X-5593,DUSP21,63904.0,Del0.8,0.68
X-5593,DYNLT3,6990.0,Del0.8,0.68
X-5593,EBP,10682.0,Del0.8,0.71
X-5593,EFHC2,80258.0,Del0.8,0.68
X-5593,EGR2,1959.0,Amp8,22.47
X-5593,EIF1AY,9086.0,Del0.8,0.17
X-5593,EIF2S3,1968.0,Del0.8,0.68
X-5593,EIF4EBP1,1978.0,Amp5,5.06
X-5593,ELK1,2002.0,Del0.8,0.71
X-5593,EMR3,84658.0,MutNovel,"A425D,1.000"
X-5593,ENTPD1,953.0,MutNovel,"L226F,1.000"
X-5593,EPHX2,2053.0,MutNovel,"P163S,1.000"
X-5593,ERAS,3266.0,Del0.8,0.71
X-5593,ERLIN2,11160.0,Amp5,5.06
X-5593,EXOSC6,118460.0,MutNovel,"R93C,0.750"
X-5593,FADD,8772.0,Amp8,16.34
X-5593,FAM120C,54954.0,Del0.8,0.67
X-5593,FAM13C,220965.0,Amp8,10.93
X-5593,FAM153A,285596.0,MutNovel,"V186G,1.000"
X-5593,FAM156A,29057.0,Del0.8,0.67
X-5593,FAM156A,29057.0,Del0.8,0.67
X-5593,FAM156B,727866.0,Del0.8,0.67
X-5593,FAM156B,727866.0,Del0.8,0.67
X-5593,FAM168A,23201.0,Amp5,5.82
X-5593,FAM184B,27146.0,MutNovel,"A823V,1.000"
X-5593,FAM190A,401145.0,Del0.8,0.71
X-5593,FAM197Y2P,252946.0,Del0.8,0.17
X-5593,FAM41AY1,340618.0,Del0.8,0.17
X-5593,FAM41AY1,340618.0,Del0.8,0.17
X-5593,FAM47A,158724.0,Del0.8,0.68
X-5593,FAM47B,170062.0,Del0.8,0.68
X-5593,FAM47C,442444.0,Del0.8,0.68
X-5593,FAM48B1,100130302.0,Del0.8,0.68
X-5593,FAM48B2,170067.0,Del0.8,0.68
X-5593,FAM66A,100133172.0,Del0.8,0.6
X-5593,FAM86C2P,645332.0,Amp5,7.26
X-5593,FBN3,84467.0,MutNovel,"N1462D,0.447"
X-5593,FCGR2A,2212.0,MutNovel,"L274P,0.600"
X-5593,FCHSD2,9873.0,Amp8,9.92
X-5593,FGF19,9965.0,Amp8,15.56
X-5593,FGF3,2248.0,Amp8,16.34
X-5593,FGF4,2249.0,Amp8,8.4
X-5593,FHDC1,85462.0,MutNovel,"L1086F,0.700"
X-5593,FLJ22184,80164.0,MutNovel,"R765H,1.000"
X-5593,FLJ22184,80164.0,MutNovel,"R742H,1.000"
X-5593,FLJ42102,399923.0,Amp8,8.69
X-5593,FLT1,2321.0,Amp5,5.74
X-5593,FLT3,2322.0,Amp5,5.74
X-5593,FMNL1,752.0,MutNovel,"-603P,0.294"
X-5593,FOLH1,2346.0,MutNovel,"S439L,0.667"
X-5593,FOXP3,50943.0,Del0.8,0.71
X-5593,FRS2,10818.0,MutNovel,"R209L,0.432"
X-5593,FTHL17,53940.0,Del0.8,0.68
X-5593,FTSJ1,24140.0,Del0.8,0.71
X-5593,FUNDC1,139341.0,Del0.8,0.68
X-5593,FZD6,8323.0,MutNovel,"K532N,0.267"
X-5593,GAB2,9846.0,Amp8,16.91
X-5593,GAGE1,2543.0,Del0.8,0.71
X-5593,GAGE10,643832.0,Del0.8,0.71
X-5593,GAGE12D,100132399.0,Del0.8,0.71
X-5593,GAGE12F,100008586.0,Del0.8,0.71
X-5593,GAGE12J,729396.0,Del0.8,0.71
X-5593,GAGE13,645051.0,Del0.8,0.71
X-5593,GAGE2A,729447.0,Del0.8,0.71
X-5593,GAGE2B,645037.0,Del0.8,0.71
X-5593,GAGE2C,2574.0,Del0.8,0.71
X-5593,GAGE2D,729408.0,Del0.8,0.71
X-5593,GAGE2E,26749.0,Del0.8,0.71
X-5593,GAL,51083.0,Amp8,8.11
X-5593,GATA1,2623.0,Del0.8,0.71
X-5593,GDPD4,220032.0,Amp8,16.91
X-5593,GDPD5,81544.0,Amp8,14.72
X-5593,GGT5,2687.0,MutNovel,"R171Q,0.267"
X-5593,GIGYF2,26058.0,MutNovel,"PQ1231P,0.591"
X-5593,GK,2710.0,Del0.8,0.68
X-5593,GLOD5,392465.0,Del0.8,0.71
X-5593,GLUD2,2747.0,MutNovel,"G35R,1.000"
X-5593,GNL3L,54552.0,MutNovel,"P402S,1.000"
X-5593,GOLGA2P2Y,84559.0,Del0.8,0.13
X-5593,GOLGA2P2Y,84559.0,Del0.8,0.17
X-5593,GOLGA6L4,,MutNovel,"R216H,0.500"
X-5593,GOT1L1,137362.0,Amp5,5.06
X-5593,GPC4,2239.0,MutNovel,"R351Q,1.000"
X-5593,GPKOW,27238.0,Del0.8,0.71
X-5593,GPR124,25960.0,Amp5,5.06
X-5593,GPR152,390212.0,Amp5,5.82
X-5593,GPR173,54328.0,Del0.8,0.67
X-5593,GPR34,2857.0,Del0.8,0.68
X-5593,GPR82,27197.0,Del0.8,0.68
X-5593,GPRIN2,9721.0,MutNovel,"-238MRE,1.000"
X-5593,GRIPAP1,56850.0,Del0.8,0.71
X-5593,GSTP1,2950.0,Amp5,5.82
X-5593,GSX1,219409.0,Amp5,5.74
X-5593,GTF2IRD2,84163.0,MutNovel,"L500S,1.000"
X-5593,GTF3A,2971.0,Amp5,5.74
X-5593,GYG2P1,352887.0,Del0.8,0.17
X-5593,HDAC6,10013.0,Del0.8,0.71
X-5593,HDGF,3068.0,MutNovel,"G139V,0.767"
X-5593,HEATR4,399671.0,Del0.8,0.78
X-5593,HELQ,113510.0,MutNovel,"A272V,1.000"
X-5593,HERC2P3,283755.0,Amp5,5.58
X-5593,HLA-B,3106.0,MutNovel,"A235T,0.289"
X-5593,HLA-G,3135.0,MutNovel,"T187E,1.000"
X-5593,HSD17B10,3028.0,Del0.8,0.67
X-5593,HSFY2,159119.0,Del0.8,0.17
X-5593,HSFY2,159119.0,Del0.8,0.17
X-5593,HUWE1,10075.0,Del0.8,0.67
X-5593,ICMT,23463.0,MutNovel,"D246N,0.308"
X-5593,IFFO2,126917.0,MutNovel,"L265M,0.328"
X-5593,IGFBP2,3485.0,MutNovel,"L17LLPP,0.988"
X-5593,IGHMBP2,3508.0,Amp8,8.11
X-5593,IL1RAPL1,11141.0,Del0.8,0.68
X-5593,INE1,8552.0,Del0.8,0.68
X-5593,INTS4,92105.0,Amp8,16.91
X-5593,IPMK,253430.0,Amp8,8.88
X-5593,IQSEC2,23096.0,Del0.8,0.67
X-5593,IRF2BP2,359948.0,MutNovel,"-99S,0.875"
X-5593,JMJD1C,221037.0,Amp8,28.64
X-5593,KAT6B,23522.0,Amp8,20.82
X-5593,KCND1,3750.0,Del0.8,0.71
X-5593,KCNE3,10008.0,Amp8,13.27
X-5593,KCNU1,157855.0,Amp5,5.06
X-5593,KCTD14,65987.0,Amp8,16.91
X-5593,KCTD21,283219.0,Amp8,16.91
X-5593,KDM2A,22992.0,Amp8,8.22
X-5593,KDM5C,8242.0,Del0.8,0.67
X-5593,KDM5D,8284.0,Del0.8,0.17
X-5593,KDM6A,7403.0,Del0.8,0.68
X-5593,KIF16B,55614.0,MutKnownFunctional,"L473*,0.529"
X-5593,KLHL15,80311.0,Del0.8,0.68
X-5593,KLHL34,257240.0,Del0.8,0.68
X-5593,KLHL35,283212.0,Amp8,12.38
X-5593,KRT14,3861.0,MutNovel,"A233V,0.500"
X-5593,KRT6A,3853.0,MutNovel,"E165A,1.000"
X-5593,KRT75,9119.0,MutNovel,"I440V,1.000"
X-5593,KRT75,9119.0,MutNovel,"L430Q,1.000"
X-5593,KRTAP5-10,387273.0,Amp8,8.69
X-5593,KRTAP5-11,440051.0,Amp8,8.69
X-5593,KRTAP5-4,387267.0,MutNovel,"Y81C,1.000"
X-5593,KRTAP5-4,387267.0,MutNovel,"S69T,1.000"
X-5593,KRTAP5-7,440050.0,Amp8,8.69
X-5593,KRTAP5-8,57830.0,Amp8,8.69
X-5593,KRTAP5-9,3846.0,Amp8,8.69
X-5593,LANCL3,347404.0,Del0.8,0.68
X-5593,LCE3B,353143.0,Del0.8,0.76
X-5593,LCE3C,353144.0,Del0.8,0.12
X-5593,LCLAT1,253558.0,MutNovel,"Q330H,0.227"
X-5593,LETM2,137994.0,Amp5,5.06
X-5593,LIG1,3978.0,MutNovel,"S303F,0.630"
X-5593,LIPT2,387787.0,Amp8,13.27
X-5593,LNX2,222484.0,Amp5,5.74
X-5593,LOC100128292,100128292.0,Amp8,27.1
X-5593,LOC100130987,100130987.0,Amp8,9.19
X-5593,LOC100132247,100132247.0,MutNovel,"R1101Q,0.667"
X-5593,LOC100132396,100132396.0,Del0.8,0.73
X-5593,LOC100132831,100132831.0,Del0.8,0.68
X-5593,LOC100132987,100132987.0,Amp8,27.1
X-5593,LOC100133957,100133957.0,Del0.8,0.71
X-5593,LOC100506504,,MutNovel,"R15H,0.270"
X-5593,LOC100996301,,MutKnownFunctional,"-123?,0.579"
X-5593,LOC100996493,,MutNovel,"H13Q,0.714"
X-5593,LOC158572,158572.0,Del0.8,0.71
X-5593,LOC283050,283050.0,Amp8,25.28
X-5593,LOC286442,286442.0,Del0.8,0.68
X-5593,LOC347411,347411.0,Del0.8,0.68
X-5593,LOC348120,348120.0,Amp5,5.28
X-5593,LOC401588,401588.0,Del0.8,0.68
X-5593,LOC440131,440131.0,Amp5,5.74
X-5593,LOC646214,646214.0,Amp5,5.28
X-5593,LOC727924,727924.0,Amp5,5.28
X-5593,LOC728024,728024.0,Amp5,5.06
X-5593,LOC728728,,MutNovel,"T21I,1.000"
X-5593,LOC728728,,MutNovel,"H103P,0.800"
X-5593,LOC728888,,MutNovel,"R1061Q,0.400"
X-5593,LOC84989,84989.0,Amp8,28.64
X-5593,LPP,4026.0,MutNovel,"A463T,0.462"
X-5593,LRCH3,84859.0,MutNovel,"H79Y,0.236"
X-5593,LRP1B,53353.0,MutNovel,"R3206S,0.500"
X-5593,LRP5,4041.0,MutNovel,"P11PLL,0.837"
X-5593,LRP5,4041.0,Amp8,11.55
X-5593,LRRC32,2615.0,Amp8,17.51
X-5593,LSM1,27257.0,Amp5,5.06
X-5593,M1,100507027.0,Amp8,11.39
X-5593,MAGEB1,4112.0,Del0.8,0.68
X-5593,MAGEB10,139422.0,Del0.8,0.68
X-5593,MAGEB16,139604.0,Del0.8,0.68
X-5593,MAGEB18,286514.0,Del0.8,0.68
X-5593,MAGEB2,4113.0,Del0.8,0.68
X-5593,MAGEB3,4114.0,Del0.8,0.68
X-5593,MAGEB4,4115.0,Del0.8,0.68
X-5593,MAGEB6,158809.0,Del0.8,0.68
X-5593,MAGI1,9223.0,MutNovel,"S255T,1.000"
X-5593,MAGIX,79917.0,Del0.8,0.71
X-5593,MAOA,4128.0,Del0.8,0.68
X-5593,MAOB,4129.0,Del0.8,0.68
X-5593,MAP3K4,4216.0,MutNovel,"PA1189P,1.000"
X-5593,MAP3K5,4217.0,MutNovel,"D988ET,0.500"
X-5593,MAP6,4135.0,Amp8,17.51
X-5593,MAST2,23139.0,MutNovel,"R929H,0.320"
X-5593,MBD4,8930.0,MutNovel,"M473V,0.516"
X-5593,MBOAT7,79143.0,MutNovel,"P466L,0.261"
X-5593,MBTPS2,51360.0,Del0.8,0.68
X-5593,MED14,9282.0,Del0.8,0.68
X-5593,MED15,51586.0,MutNovel,"-251Q,0.243"
X-5593,MEF2A,4205.0,MutNovel,"QQ412-,1.000"
X-5593,MID1IP1,58526.0,Del0.8,0.68
X-5593,MIR1296,100302150.0,Amp8,28.64
X-5593,MIR139,406931.0,Amp8,9.92
X-5593,MIR221,407006.0,Del0.8,0.68
X-5593,MIR222,407007.0,Del0.8,0.68
X-5593,MIR326,442900.0,Amp8,19.7
X-5593,MIR3664,100500844.0,Amp8,8.69
X-5593,MIR3924,100500834.0,Amp5,7.89
X-5593,MIR4300,100422823.0,Amp8,8.69
X-5593,MIR4691,100616403.0,Amp8,11.55
X-5593,MIR4692,100616410.0,Amp8,9.92
X-5593,MIR4696,100616402.0,Amp8,14.62
X-5593,MIR4769,100616147.0,Del0.8,0.68
X-5593,MIR548K,100313770.0,Amp8,16.34
X-5593,MIR708,100126333.0,Amp8,16.91
X-5593,MIR98,407054.0,Del0.8,0.67
X-5593,MIRLET7F2,406889.0,Del0.8,0.67
X-5593,MKNK2,2872.0,MutNovel,"E328K,0.297"
X-5593,MLL3,58508.0,MutNovel,"E671Q,0.281"
X-5593,MOGAT2,80168.0,Amp8,17.51
X-5593,MPRIP,23164.0,MutNovel,"TS178T,1.000"
X-5593,MRGPRD,116512.0,Amp8,15.56
X-5593,MRGPRF,116535.0,Amp8,15.56
X-5593,MRPL21,219927.0,Amp8,8.11
X-5593,MTIF3,219402.0,Amp5,5.74
X-5593,MTL5,9633.0,Amp8,8.11
X-5593,MTOR,2475.0,MutNovel,"R132C,0.575"
X-5593,MTRF1L,54516.0,MutNovel,"R4Q,0.368"
X-5593,MTUS2,23281.0,Amp5,5.74
X-5593,MUC16,94025.0,MutNovel,"M8927T,0.278"
X-5593,MUC6,4588.0,MutNovel,"A1471S,0.667"
X-5593,MYCBP2,23077.0,MutNovel,"V2071D,0.414"
X-5593,MYCBPAP,84073.0,MutNovel,"E978K,1.000"
X-5593,MYEOV,26579.0,Amp8,15.56
X-5593,MYH9,4627.0,MutNovel,"D735G,0.617"
X-5593,MYO7A,4647.0,MutKnownFunctional,"-1172,1.000"
X-5593,MYO7A,4647.0,Amp8,16.91
X-5593,NAB2,4665.0,MutNovel,"S193L,0.608"
X-5593,NADSYN1,55191.0,Amp8,8.69
X-5593,NARS2,79731.0,Amp8,16.91
X-5593,NBAS,51594.0,MutNovel,"S425F,0.310"
X-5593,NBEAP1,606.0,Amp5,5.28
X-5593,NBPF1,55672.0,MutNovel,"G986E,0.445"
X-5593,NBPF1,55672.0,MutNovel,"R385W,0.592"
X-5593,NCOA3,8202.0,MutNovel,"Q1255-,0.397"
X-5593,NCOR2,9612.0,MutNovel,"G1839GAAA,0.974"
X-5593,NCOR2,9612.0,MutNovel,"-511S,1.000"
X-5593,NCRNA00185,55410.0,Del0.8,0.17
X-5593,NDP,4693.0,Del0.8,0.68
X-5593,NDUFAB1,4706.0,MutNovel,"G40R,0.280"
X-5593,NDUFB11,54539.0,Del0.8,0.68
X-5593,NDUFC2,4718.0,Amp8,16.91
X-5593,NDUFC2-KCTD14,100532726.0,Amp8,16.91
X-5593,NDUFS8,4728.0,Amp8,11.55
X-5593,NDUFV1,4723.0,Amp8,18.77
X-5593,NEU3,10825.0,Amp8,16.11
X-5593,NF1P2,440225.0,Amp5,5.28
X-5593,NKPD1,284353.0,MutNovel,"R608G,1.000"
X-5593,NLGN4Y,22829.0,Del0.8,0.17
X-5593,NR0B1,190.0,Del0.8,0.68
X-5593,NRBF2,29982.0,Amp8,25.28
X-5593,NUDT8,254552.0,Amp8,18.77
X-5593,NYX,60506.0,Del0.8,0.68
X-5593,ODZ4,26011.0,Amp8,16.91
X-5593,OGDH,4967.0,MutNovel,"S587C,1.000"
X-5593,OGDH,4967.0,MutNovel,"I757M,1.000"
X-5593,OMP,4975.0,Amp8,16.91
X-5593,OR2AT4,341152.0,Amp8,24.76
X-5593,OR4M2,390538.0,Amp5,5.28
X-5593,OR4N3P,390539.0,Amp5,5.28
X-5593,OR4N4,283694.0,Amp5,5.28
X-5593,ORAI1,84876.0,MutNovel,"PP43-,1.000"
X-5593,ORAOV1,220064.0,Amp8,15.56
X-5593,OTC,5009.0,Del0.8,0.68
X-5593,OTUD5,55593.0,Del0.8,0.71
X-5593,P2RY2,5029.0,Amp8,9.92
X-5593,P2RY6,5031.0,Amp8,9.92
X-5593,PAGE1,8712.0,Del0.8,0.71
X-5593,PAGE4,9506.0,Del0.8,0.71
X-5593,PAK1,5058.0,Amp8,16.91
X-5593,PAN3,255967.0,Amp5,5.74
X-5593,PAN3-AS1,100288730.0,Amp5,5.74
X-5593,PCDH11Y,83259.0,Del0.8,0.23
X-5593,PCSK1N,27344.0,Del0.8,0.71
X-5593,PCYT1B,9468.0,Del0.8,0.68
X-5593,PDE2A,5138.0,Amp5,5.21
X-5593,PDE4DIP,9659.0,MutNovel,"T2297A,0.278"
X-5593,PDK3,5165.0,Del0.8,0.68
X-5593,PDLIM2,64236.0,MutNovel,"R451C,0.436"
X-5593,PDX1,3651.0,Amp5,5.74
X-5593,PER3,8863.0,MutNovel,"E479Q,0.750"
X-5593,PHEX,5251.0,Del0.8,0.68
X-5593,PHF16,9767.0,Del0.8,0.68
X-5593,PHF8,23133.0,Del0.8,0.67
X-5593,PHYHIPL,84457.0,Amp8,9.85
X-5593,PIGA,5277.0,MutNovel,"D456H,1.000"
X-5593,PIM2,11040.0,Del0.8,0.71
X-5593,PITPNM1,9600.0,Amp5,5.82
X-5593,PKN3,29941.0,MutNovel,"R63C,0.976"
X-5593,PLEKHB1,58473.0,Amp5,5.82
X-5593,PLP2,5355.0,Del0.8,0.71
X-5593,PNMT,5409.0,MutNovel,"R145H,0.667"
X-5593,POLA1,5422.0,Del0.8,0.68
X-5593,POLD2,5425.0,MutNovel,"P52L,0.308"
X-5593,POLD3,10714.0,Amp8,14.62
X-5593,POLD4,57804.0,Amp8,9.19
X-5593,POLR1D,51082.0,Amp5,5.74
X-5593,POLR3A,11128.0,Amp8,27.1
X-5593,POMP,51371.0,Amp5,5.74
X-5593,PORCN,64840.0,Del0.8,0.71
X-5593,POTEB,339010.0,Amp5,5.28
X-5593,PPAPDC1B,84513.0,Amp5,5.06
X-5593,PPFIA1,8500.0,Amp8,12.73
X-5593,PPIF,10105.0,Amp8,17.15
X-5593,PPME1,51400.0,Amp8,11.16
X-5593,PPP1CA,5499.0,Amp5,5.82
X-5593,PPP1R13B,23368.0,MutNovel,"G1043A,0.489"
X-5593,PPP1R2P9,80316.0,Del0.8,0.68
X-5593,PPP1R3F,89801.0,Del0.8,0.71
X-5593,PPP6R3,55291.0,Amp8,9.71
X-5593,PQBP1,10084.0,Del0.8,0.71
X-5593,PRAF2,11230.0,Del0.8,0.71
X-5593,PRDX4,10549.0,Del0.8,0.68
X-5593,PRHOXNB,646625.0,Amp5,5.74
X-5593,PRICKLE3,4007.0,Del0.8,0.71
X-5593,PRKCSH,5589.0,MutNovel,"-313E,0.857"
X-5593,PRKRIR,5612.0,Amp8,17.51
X-5593,PRKY,5616.0,Del0.8,0.23
X-5593,PROKR2,128674.0,MutNovel,"T195M,0.333"
X-5593,PROSC,11212.0,Amp5,5.06
X-5593,PRRC2C,23215.0,MutNovel,"L519F,0.782"
X-5593,PRRG1,5638.0,Del0.8,0.68
X-5593,PRX,57716.0,MutNovel,"Q547E,0.235"
X-5593,PRY,9081.0,Del0.8,0.17
X-5593,PRY,9081.0,Del0.8,0.17
X-5593,PRY2,442862.0,Del0.8,0.17
X-5593,PRY2,442862.0,Del0.8,0.17
X-5593,PSG9,5678.0,MutNovel,"R12L,0.375"
X-5593,PTCH1,5727.0,MutNovel,"E958K,0.333"
X-5593,PTCHD1,139411.0,Del0.8,0.68
X-5593,PTEN,5728.0,MutKnownFunctional,"-75?,0.909"
X-5593,PTPRCAP,5790.0,Amp5,5.82
X-5593,PTPRH,5794.0,MutKnownFunctional,"VQ243V*,0.750"
X-5593,PVRIG,79037.0,MutNovel,"P8L,0.300"
X-5593,PXDN,7837.0,MutNovel,"R874H,0.333"
X-5593,RAB11FIP1,80223.0,Amp5,5.06
X-5593,RAB6A,5870.0,Amp5,5.39
X-5593,RABGAP1L,9910.0,MutNovel,"L74F,0.350"
X-5593,RAD9A,5883.0,Amp5,5.82
X-5593,RANGAP1,5905.0,MutNovel,"E483K,0.317"
X-5593,RBBP4,5928.0,MutNovel,"E14K,0.373"
X-5593,RBM10,8241.0,Del0.8,0.68
X-5593,RBM3,5935.0,Del0.8,0.71
X-5593,RBM34,23029.0,MutNovel,"S49Y,0.794"
X-5593,RBM39,9584.0,MutNovel,"S410L,0.667"
X-5593,RBMY1A3P,286557.0,Del0.8,0.17
X-5593,RBMY1B,378948.0,Del0.8,0.17
X-5593,RBMY1B,378948.0,Del0.8,0.17
X-5593,RBMY1E,378950.0,Del0.8,0.17
X-5593,RBMY1E,378950.0,Del0.8,0.17
X-5593,RBMY1F,159163.0,Del0.8,0.17
X-5593,RBMY1F,159163.0,Del0.8,0.17
X-5593,RBMY1J,378951.0,Del0.8,0.17
X-5593,RBMY1J,378951.0,Del0.8,0.17
X-5593,RBMY2EP,159125.0,Del0.8,0.17
X-5593,RBMY2FP,159162.0,Del0.8,0.17
X-5593,RBMY3AP,64593.0,Del0.8,0.17
X-5593,REEP3,221035.0,Amp8,19.7
X-5593,RELT,84957.0,Amp5,7.57
X-5593,REREP3,646396.0,Amp5,5.28
X-5593,RGL3,57139.0,MutNovel,"S48G,1.000"
X-5593,RGN,9104.0,Del0.8,0.68
X-5593,RHOBTB1,9886.0,Amp8,10.48
X-5593,RIBC1,158787.0,Del0.8,0.67
X-5593,RNF169,254225.0,Amp8,12.73
X-5593,RNF5P1,286140.0,Amp5,5.54
X-5593,RP2,6102.0,Del0.8,0.68
X-5593,RPGR,6103.0,Del0.8,0.68
X-5593,RPL26L1,51121.0,MutNovel,"R126Q,0.253"
X-5593,RPL29P2,118432.0,Del0.8,0.76
X-5593,RPS24,6229.0,Amp8,27.1
X-5593,RPS3,6188.0,Amp8,15.67
X-5593,RPS4Y1,6192.0,Del0.8,0.23
X-5593,RPS4Y2,140032.0,Del0.8,0.17
X-5593,RPS6KB2,6199.0,Amp5,5.82
X-5593,RSF1,51773.0,Amp8,16.91
X-5593,RTKN2,219790.0,Amp8,22.47
X-5593,S100A7A,338324.0,MutNovel,"G25D,0.273"
X-5593,S100A7A,338324.0,MutNovel,"E28D,0.375"
X-5593,S100A7A,338324.0,MutNovel,"I52T,0.273"
X-5593,SAMD8,142891.0,Amp8,20.82
X-5593,SAT1,6303.0,Del0.8,0.68
X-5593,SCARNA23,677773.0,Del0.8,0.68
X-5593,SCLY,51540.0,MutNovel,"A14T,0.429"
X-5593,SDK1,221935.0,MutKnownFunctional,"Q963*,1.000"
X-5593,SEMA4B,10509.0,MutNovel,"L423V,0.265"
X-5593,SERINC2,347735.0,MutNovel,"-373Q,1.000"
X-5593,SERPINH1,871.0,Amp8,17.51
X-5593,SHANK2,22941.0,Amp8,8.69
X-5593,SLC10A7,84068.0,MutKnownFunctional,"S57*,1.000"
X-5593,SLC12A5,57468.0,MutNovel,"GD41AN,1.000"
X-5593,SLC15A3,51296.0,MutNovel,"G140V,1.000"
X-5593,SLC16A9,220963.0,Amp8,11.39
X-5593,SLC24A5,283652.0,MutNovel,"E432Q,0.329"
X-5593,SLC25A12,8604.0,MutNovel,"R134Q,0.400"
X-5593,SLC35A2,7355.0,Del0.8,0.71
X-5593,SLC35C1,55343.0,MutNovel,"K7E,0.423"
X-5593,SLC38A5,92745.0,Del0.8,0.71
X-5593,SLC46A3,283537.0,Amp5,5.74
X-5593,SLC7A1,6541.0,Amp5,5.74
X-5593,SLC9A7,84679.0,Del0.8,0.68
X-5593,SLCO2B1,11309.0,Amp8,22.01
X-5593,SMC1A,8243.0,Del0.8,0.67
X-5593,SMEK3P,139420.0,Del0.8,0.68
X-5593,SMG9,56006.0,MutNovel,"R517H,0.996"
X-5593,SMPX,23676.0,Del0.8,0.68
X-5593,SMS,6611.0,Del0.8,0.68
X-5593,SNORA11C,100124540.0,Del0.8,0.68
X-5593,SNORD15A,6079.0,Amp8,19.7
X-5593,SNORD15B,114599.0,Amp8,12.38
X-5593,SOWAHA,134548.0,MutNovel,"-4AAA,1.000"
X-5593,SOX4,6659.0,MutNovel,"S338G,0.320"
X-5593,SP6,80320.0,MutNovel,"G50A,0.726"
X-5593,SPACA5,389852.0,Del0.8,0.71
X-5593,SPAG11A,653423.0,Del0.8,0.55
X-5593,SPAG11B,10407.0,Del0.8,0.55
X-5593,SPAG11B,10407.0,Del0.8,0.55
X-5593,SPANXN5,494197.0,Del0.8,0.67
X-5593,SPCS2,9789.0,Amp8,16.11
X-5593,SPG11,80208.0,MutKnownFunctional,"Q2249*,0.425"
X-5593,SPRN,503542.0,Del0.8,0.78
X-5593,SPRNP1,399833.0,Del0.8,0.58
X-5593,SRPX,8406.0,Del0.8,0.68
X-5593,SRR,63826.0,MutNovel,"G187E,0.404"
X-5593,SRY,6736.0,Del0.8,0.23
X-5593,SSH3,54961.0,Amp8,14.42
X-5593,SSX1,6756.0,Del0.8,0.71
X-5593,SSX2,6757.0,Del0.8,0.67
X-5593,SSX2,6757.0,Del0.8,0.67
X-5593,SSX2B,727837.0,Del0.8,0.67
X-5593,SSX2B,727837.0,Del0.8,0.67
X-5593,SSX3,10214.0,Del0.8,0.71
X-5593,SSX4,6759.0,Del0.8,0.71
X-5593,SSX4,6759.0,Del0.8,0.71
X-5593,SSX5,6758.0,Del0.8,0.71
X-5593,SSX6,280657.0,Del0.8,0.71
X-5593,SSX7,280658.0,Del0.8,0.67
X-5593,SSX8,280659.0,Del0.8,0.67
X-5593,STAG1,10274.0,MutNovel,"T722I,0.468"
X-5593,STAR,6770.0,Amp5,5.06
X-5593,STARD10,10809.0,Amp8,9.92
X-5593,SUV39H1,6839.0,Del0.8,0.71
X-5593,SUV420H1,51111.0,Amp8,11.55
X-5593,SYN1,6853.0,Del0.8,0.68
X-5593,SYP,6855.0,Del0.8,0.71
X-5593,SYTL5,94122.0,Del0.8,0.68
X-5593,SZT2,23334.0,MutNovel,"R2623H,0.830"
X-5593,TAB3,257397.0,Del0.8,0.68
X-5593,TBC1D10C,374403.0,Amp5,5.82
X-5593,TBC1D25,4943.0,Del0.8,0.71
X-5593,TBKBP1,9755.0,MutNovel,"G511D,0.833"
X-5593,TBL1Y,90665.0,Del0.8,0.23
X-5593,TBP,6908.0,MutNovel,"-64Q,1.000"
X-5593,TBX10,347853.0,Amp8,18.77
X-5593,TCF7L2,6934.0,MutKnownFunctional,"-465?,0.429"
X-5593,TCIRG1,10312.0,Amp8,11.55
X-5593,TFAM,7019.0,Amp8,8.88
X-5593,TFE3,7030.0,Del0.8,0.71
X-5593,TGIF2LY,90655.0,Del0.8,0.23
X-5593,THRAP3,9967.0,MutNovel,"R23C,0.308"
X-5593,THRSP,7069.0,Amp8,16.91
X-5593,TIMM17B,10245.0,Del0.8,0.71
X-5593,TIMM23,100287932.0,MutNovel,"G23E,1.000"
X-5593,TIMM23,100287932.0,MutNovel,"G14V,1.000"
X-5593,TIMM23,100287932.0,MutNovel,"N9D,1.000"
X-5593,TIMP1,7076.0,Del0.8,0.68
X-5593,TMBIM4,51643.0,MutKnownFunctional,"-174?,0.861"
X-5593,TMEM128,85013.0,MutNovel,"I85T,1.000"
X-5593,TMEM134,80194.0,Amp5,5.82
X-5593,TMEM184A,202915.0,MutNovel,"G392GA,1.000"
X-5593,TMEM26,219623.0,Amp8,40.5
X-5593,TMEM47,83604.0,Del0.8,0.68
X-5593,TMSB4Y,9087.0,Del0.8,0.17
X-5593,TOM1L1,10040.0,MutNovel,"E309K,0.232"
X-5593,TP53,7157.0,MutLikelyFunctional,"G245C,0.995"
X-5593,TPCN2,219931.0,Amp8,15.56
X-5593,TRDMT1,1787.0,MutNovel,"S249F,0.351"
X-5593,TRIL,9865.0,MutNovel,"S538C,1.000"
X-5593,TRMT44,,MutNovel,"M300L,1.000"
X-5593,TRNP1,388610.0,MutNovel,"P44A,0.237"
X-5593,TSKU,25987.0,Amp8,17.51
X-5593,TSPAN7,7102.0,Del0.8,0.68
X-5593,TSPY1,7258.0,Del0.8,0.17
X-5593,TSPY2,64591.0,Del0.8,0.23
X-5593,TSPY3,728137.0,Del0.8,0.17
X-5593,TSPY4,728395.0,Del0.8,0.17
X-5593,TSPY8,728403.0,Del0.8,0.17
X-5593,TSPYL1,7259.0,MutNovel,"V176VW,0.495"
X-5593,TSPYL2,64061.0,Del0.8,0.67
X-5593,TTC13,79573.0,MutNovel,"Q65R,0.308"
X-5593,TTTY10,246119.0,Del0.8,0.17
X-5593,TTTY11,83866.0,Del0.8,0.17
X-5593,TTTY12,83867.0,Del0.8,0.17
X-5593,TTTY13,83868.0,Del0.8,0.17
X-5593,TTTY14,83869.0,Del0.8,0.17
X-5593,TTTY15,64595.0,Del0.8,0.17
X-5593,TTTY16,252948.0,Del0.8,0.17
X-5593,TTTY17A,252949.0,Del0.8,0.17
X-5593,TTTY17A,252949.0,Del0.8,0.13
X-5593,TTTY18,252950.0,Del0.8,0.17
X-5593,TTTY19,252952.0,Del0.8,0.17
X-5593,TTTY1B,100101116.0,Del0.8,0.23
X-5593,TTTY1B,100101116.0,Del0.8,0.17
X-5593,TTTY2,60439.0,Del0.8,0.23
X-5593,TTTY2,60439.0,Del0.8,0.17
X-5593,TTTY20,252951.0,Del0.8,0.17
X-5593,TTTY21,252953.0,Del0.8,0.17
X-5593,TTTY21,252953.0,Del0.8,0.23
X-5593,TTTY22,252954.0,Del0.8,0.17
X-5593,TTTY23,252955.0,Del0.8,0.17
X-5593,TTTY23,252955.0,Del0.8,0.23
X-5593,TTTY3,114760.0,Del0.8,0.13
X-5593,TTTY3,114760.0,Del0.8,0.17
X-5593,TTTY4,114761.0,Del0.8,0.13
X-5593,TTTY4,114761.0,Del0.8,0.08
X-5593,TTTY5,83863.0,Del0.8,0.17
X-5593,TTTY6,84672.0,Del0.8,0.17
X-5593,TTTY6,84672.0,Del0.8,0.17
X-5593,TTTY7,246122.0,Del0.8,0.17
X-5593,TTTY7,246122.0,Del0.8,0.23
X-5593,TTTY7B,100101120.0,Del0.8,0.17
X-5593,TTTY7B,100101120.0,Del0.8,0.23
X-5593,TTTY8,84673.0,Del0.8,0.23
X-5593,TTTY8,84673.0,Del0.8,0.17
X-5593,TTTY9A,83864.0,Del0.8,0.17
X-5593,TTTY9A,83864.0,Del0.8,0.17
X-5593,TTYH2,94015.0,MutNovel,"G105D,0.833"
X-5593,TXLNG2P,246126.0,Del0.8,0.17
X-5593,UBA1,7317.0,Del0.8,0.68
X-5593,UBE2D1,7321.0,Amp8,8.88
X-5593,UBL3,5412.0,Amp5,5.74
X-5593,UGT1A9,54600.0,MutNovel,"N152A,0.917"
X-5593,UGT1A9,54600.0,MutNovel,"N152T,1.000"
X-5593,UNC93B1,81622.0,Amp8,11.55
X-5593,USP11,8237.0,Del0.8,0.68
X-5593,USP27X,389856.0,Del0.8,0.71
X-5593,USP35,57558.0,Amp8,16.91
X-5593,USP36,57602.0,MutNovel,"KKK958K,0.824"
X-5593,USP9X,8239.0,Del0.8,0.68
X-5593,USP9Y,8287.0,Del0.8,0.17
X-5593,UTY,7404.0,Del0.8,0.17
X-5593,UVRAG,7405.0,Amp8,17.51
X-5593,UXT,8409.0,Del0.8,0.71
X-5593,VANGL1,81839.0,MutNovel,"S17L,0.355"
X-5593,VCY,9084.0,Del0.8,0.17
X-5593,VCY,9084.0,Del0.8,0.17
X-5593,VDAC2,7417.0,Amp8,20.82
X-5593,VENTXP1,139538.0,Del0.8,0.68
X-5593,VPS13C,54832.0,MutNovel,"F2264L,0.302"
X-5593,WAS,7454.0,Del0.8,0.71
X-5593,WDR13,64743.0,Del0.8,0.71
X-5593,WDR45,11152.0,Del0.8,0.71
X-5593,WEE2,494551.0,MutNovel,"M466T,1.000"
X-5593,WHSC1L1,54904.0,Amp5,5.06
X-5593,WNK3,65267.0,Del0.8,0.67
X-5593,WNT11,7481.0,Amp8,17.51
X-5593,WRAP73,49856.0,MutNovel,"R248C,0.315"
X-5593,WTIP,126374.0,MutNovel,"E70K,0.381"
X-5593,XAGE1A,653219.0,Del0.8,0.67
X-5593,XAGE1A,653219.0,Del0.8,0.67
X-5593,XAGE1C,653048.0,Del0.8,0.67
X-5593,XAGE1C,653048.0,Del0.8,0.67
X-5593,XAGE2,9502.0,Del0.8,0.67
X-5593,XAGE2,9502.0,Del0.8,0.67
X-5593,XAGE3,170626.0,MutNovel,"Q89K,1.000"
X-5593,XAGE3,170626.0,Del0.8,0.67
X-5593,XAGE5,170627.0,Del0.8,0.67
X-5593,XBP1,7494.0,MutNovel,"L18V,0.312"
X-5593,XK,7504.0,Del0.8,0.68
X-5593,XKRY2,353515.0,Del0.8,0.17
X-5593,XKRY2,353515.0,Del0.8,0.17
X-5593,XRRA1,143570.0,Amp8,16.11
X-5593,YY2,404281.0,Del0.8,0.68
X-5593,ZBTB40,9923.0,MutNovel,"L527F,0.446"
X-5593,ZCCHC24,219654.0,Amp8,17.15
X-5593,ZFX,7543.0,Del0.8,0.68
X-5593,ZFY,7544.0,Del0.8,0.23
X-5593,ZMIZ1,57178.0,Amp8,21.11
X-5593,ZNF157,7712.0,Del0.8,0.68
X-5593,ZNF182,7569.0,Del0.8,0.71
X-5593,ZNF185,7739.0,MutNovel,"G462S,1.000"
X-5593,ZNF287,57336.0,MutNovel,"N162K,0.426"
X-5593,ZNF337,26152.0,MutNovel,"E124K,0.235"
X-5593,ZNF365,22891.0,Amp8,22.47
X-5593,ZNF384,171017.0,MutNovel,"QQ514Q,0.462"
X-5593,ZNF407,55628.0,MutNovel,"E1321Q,0.529"
X-5593,ZNF41,7592.0,Del0.8,0.68
X-5593,ZNF431,170959.0,MutNovel,"S220H,1.000"
X-5593,ZNF493,284443.0,MutNovel,"L392P,0.286"
X-5593,ZNF503,84858.0,Amp8,17.51
X-5593,ZNF503-AS1,253264.0,Amp8,19.16
X-5593,ZNF503-AS2,100131213.0,Amp8,17.51
X-5593,ZNF534,147658.0,MutNovel,"P92S,1.000"
X-5593,ZNF561,93134.0,MutNovel,"K22T,1.000"
X-5593,ZNF630,57232.0,Del0.8,0.71
X-5593,ZNF645,158506.0,Del0.8,0.68
X-5593,ZNF673,55634.0,Del0.8,0.68
X-5593,ZNF674,641339.0,Del0.8,0.68
X-5593,ZNF703,80139.0,Amp5,5.06
X-5593,ZNF790,388536.0,MutNovel,"G518R,1.000"
X-5593,ZNF81,347344.0,Del0.8,0.71
X-5593,ZWINT,11130.0,Amp8,11.31
X-5593,ZXDC,79364.0,MutNovel,"A126V,0.722"
X-5974,AARD,,MutNovel,"Q92H,0.871"
X-5974,ABTB2,25841.0,MutNovel,"R769Q,0.506"
X-5974,ACOX3,8310.0,MutNovel,"E160K,0.778"
X-5974,ACY1,95.0,MutNovel,"E341G,0.380"
X-5974,ADRA2B,151.0,MutNovel,"E301ERRK,1.000"
X-5974,AHNAK2,113146.0,MutNovel,"L5451I,0.800"
X-5974,ANKRD36,375248.0,MutNovel,"T998S,0.260"
X-5974,AP5Z1,,MutNovel,"P512L,0.280"
X-5974,ARHGEF16,27237.0,MutNovel,"E291K,0.331"
X-5974,ARHGEF25,115557.0,MutKnownFunctional,"-550LE?,0.281"
X-5974,ASNSD1,54529.0,MutNovel,"E525G,0.238"
X-5974,BAIAP3,8938.0,MutNovel,"M562V,1.000"
X-5974,BANK1,55024.0,MutNovel,"A351E,1.000"
X-5974,BIRC6,57448.0,MutNovel,"S1039L,0.270"
X-5974,BMP8B,656.0,MutNovel,"G20E,1.000"
X-5974,BOLL,66037.0,MutNovel,"Y39C,1.000"
X-5974,C5orf44,80006.0,MutNovel,"Q104R,0.983"
X-5974,CABLES1,91768.0,MutNovel,"G99C,0.333"
X-5974,CCDC90A,63933.0,MutNovel,"S108G,1.000"
X-5974,CD276,80381.0,MutNovel,"R329S,0.423"
X-5974,CD46,4179.0,MutNovel,"T380I,0.298"
X-5974,CDC42EP1,11135.0,MutNovel,"PAPAANPS253P,0.475"
X-5974,CDK19,23097.0,MutNovel,"C236Y,1.000"
X-5974,CEP112,201134.0,MutKnownFunctional,"R76*,1.000"
X-5974,CLEC18B,497190.0,MutNovel,"D430N,1.000"
X-5974,CMTM5,116173.0,MutNovel,"F29C,1.000"
X-5974,CNTNAP3,79937.0,MutNovel,"A1204T,1.000"
X-5974,COL16A1,1307.0,MutNovel,"D883V,0.995"
X-5974,CTSA,5476.0,MutNovel,"L29-,0.500"
X-5974,CYP2D6,1565.0,MutKnownFunctional,"-259,0.550"
X-5974,DBR1,51163.0,MutNovel,"D541VN,0.408"
X-5974,DENND3,22898.0,MutNovel,"L1061V,0.423"
X-5974,DENND4B,9909.0,MutNovel,"QQQ908-,0.244"
X-5974,DGKQ,1609.0,MutNovel,"P27L,0.800"
X-5974,DMRT2,10655.0,MutNovel,"T106S,1.000"
X-5974,DOC2A,8448.0,MutNovel,"D169N,0.660"
X-5974,DPAGT1,1798.0,MutKnownFunctional,"-233?,0.436"
X-5974,DPYSL3,1809.0,MutNovel,"K383N,0.354"
X-5974,EFTUD1,79631.0,MutNovel,"Q486H,1.000"
X-5974,EHHADH,1962.0,MutNovel,"L692P,0.647"
X-5974,EPB41L3,23136.0,MutNovel,"TT703NT,0.667"
X-5974,ERCC5,2073.0,MutNovel,"D285N,0.381"
X-5974,ERV3-1,2086.0,MutNovel,"R394H,0.622"
X-5974,EVI5,7813.0,MutNovel,"K16I,1.000"
X-5974,FAM129B,64855.0,MutNovel,"A167V,0.431"
X-5974,FAM171B,165215.0,MutNovel,"-44Q,1.000"
X-5974,FAM89B,23625.0,MutNovel,"D178A,0.325"
X-5974,FARP2,9855.0,MutNovel,"R653C,0.500"
X-5974,FRMD3,257019.0,MutKnownFunctional,"-281?,1.000"
X-5974,FUNDC2,65991.0,MutNovel,"R29C,0.994"
X-5974,GGH,8836.0,MutNovel,"E65K,0.202"
X-5974,GPAT2,150763.0,MutNovel,"V330I,1.000"
X-5974,HIVEP2,3097.0,MutNovel,"H2366Y,1.000"
X-5974,HJURP,55355.0,MutNovel,"E11K,0.232"
X-5974,HOXA13,3209.0,MutNovel,"P166T,1.000"
X-5974,HOXA4,3201.0,MutNovel,"P110T,0.462"
X-5974,HOXC8,3224.0,MutNovel,"D211G,0.348"
X-5974,ITPKB,3707.0,MutNovel,"P60A,0.567"
X-5974,KDM3B,51780.0,MutNovel,"A5T,1.000"
X-5974,KDM3B,51780.0,MutNovel,"E786G,0.295"
X-5974,KDM6B,23135.0,MutKnownFunctional,"Q275*,0.400"
X-5974,KIAA0355,9710.0,MutNovel,"TPPQP1036T,1.000"
X-5974,KIAA1430,57587.0,MutNovel,"V158I,1.000"
X-5974,KLF5,688.0,MutNovel,"R422H,0.538"
X-5974,KRT17,3872.0,MutNovel,"R122K,0.213"
X-5974,LAMB2,3913.0,MutNovel,"A1080T,0.332"
X-5974,LAMP1,3916.0,MutNovel,"E281K,0.516"
X-5974,LAPTM4B,55353.0,MutNovel,"P12T,0.400"
X-5974,LLGL2,3993.0,MutNovel,"A752T,1.000"
X-5974,LOC100996610,,MutNovel,"Y19H,1.000"
X-5974,LOC642643,,MutNovel,"K23E,1.000"
X-5974,LOC642643,,MutNovel,"SR56FP,0.263"
X-5974,LOC642643,,MutNovel,"R57P,1.000"
X-5974,LRRC16B,90668.0,MutNovel,"S21R,1.000"
X-5974,LSR,51599.0,MutNovel,"G518R,0.241"
X-5974,LSR,51599.0,MutNovel,"G518GR,1.000"
X-5974,LYST,1130.0,MutNovel,"T3004A,0.429"
X-5974,MAP3K1,4214.0,MutNovel,"ST941S,1.000"
X-5974,MAP3K4,4216.0,MutNovel,"PA1189P,1.000"
X-5974,MED15,51586.0,MutNovel,"-251Q,0.289"
X-5974,MEF2A,4205.0,MutNovel,"QQ412-,1.000"
X-5974,MEOX2,4223.0,MutNovel,"HH76H,0.647"
X-5974,MPRIP,23164.0,MutNovel,"TS178T,1.000"
X-5974,MRPL44,65080.0,MutNovel,"R14P,0.318"
X-5974,MT1A,4489.0,MutNovel,"G11D,0.667"
X-5974,MT1A,4489.0,MutNovel,"T16A,0.667"
X-5974,MT1E,4493.0,MutNovel,"V49I,1.000"
X-5974,MTHFSD,64779.0,MutNovel,"A325V,0.333"
X-5974,MUC5B,727897.0,MutNovel,"-513A,1.000"
X-5974,MUC5B,727897.0,MutNovel,"F2513S,0.273"
X-5974,MUC5B,727897.0,MutNovel,"T2599I,0.216"
X-5974,MUC5B,727897.0,MutNovel,"P2688L,0.298"
X-5974,MUC5B,727897.0,MutNovel,"T2750I,0.450"
X-5974,MUC5B,727897.0,MutNovel,"P2764T,0.357"
X-5974,MUC5B,727897.0,MutNovel,"R2902H,0.250"
X-5974,MUC5B,727897.0,MutNovel,"I3206T,0.228"
X-5974,MUC5B,727897.0,MutNovel,"R3209K,0.209"
X-5974,MUC5B,727897.0,MutNovel,"I3352V,0.290"
X-5974,MUC5B,727897.0,MutNovel,"T3360R,0.412"
X-5974,MUC5B,727897.0,MutNovel,"F3770S,0.267"
X-5974,MUC5B,727897.0,MutNovel,"R3783I,0.304"
X-5974,MUC5B,727897.0,MutNovel,"T4007I,0.240"
X-5974,MUC5B,727897.0,MutNovel,"TTA4096T,0.275"
X-5974,MUC5B,727897.0,MutNovel,"R4106H,0.316"
X-5974,MUC5B,727897.0,MutNovel,"M4239T,0.362"
X-5974,MUC5B,727897.0,MutNovel,"KS4317TP,0.253"
X-5974,MUC5B,727897.0,MutNovel,"G4464S,0.333"
X-5974,MUC5B,727897.0,MutNovel,"T4584I,0.214"
X-5974,MUC5B,727897.0,MutNovel,"A5273P,0.306"
X-5974,MUL1,79594.0,MutNovel,"Q341E,0.537"
X-5974,NADK,65220.0,MutNovel,"A259T,0.455"
X-5974,NBPF1,55672.0,MutNovel,"D249V,0.245"
X-5974,NBPF10,100132406.0,MutNovel,"I3119V,0.786"
X-5974,NCOA3,8202.0,MutNovel,"Q1255-,0.421"
X-5974,NCOR2,9612.0,MutNovel,"G1839GAAA,0.984"
X-5974,NCOR2,9612.0,MutNovel,"-511S,0.532"
X-5974,NEK1,4750.0,MutNovel,"K648E,0.531"
X-5974,NEK9,91754.0,MutNovel,"G434S,0.411"
X-5974,NIPA1,123606.0,MutNovel,"AA15A,1.000"
X-5974,NKIRAS1,28512.0,MutNovel,"I104S,0.449"
X-5974,NOG,9241.0,MutNovel,"S113L,1.000"
X-5974,NOTCH3,4854.0,MutNovel,"A1480S,0.469"
X-5974,NRG2,9542.0,MutNovel,"GPG667G,1.000"
X-5974,NRIP3,56675.0,MutNovel,"R179H,0.552"
X-5974,NSMAF,8439.0,MutNovel,"D450H,0.215"
X-5974,NTN3,4917.0,MutNovel,"R453C,1.000"
X-5974,NUDT11,55190.0,MutKnownFunctional,"-1,1.000"
X-5974,NUP98,4928.0,MutNovel,"T97S,0.518"
X-5974,OBP2A,29991.0,MutNovel,"F90Y,1.000"
X-5974,OBP2A,29991.0,MutNovel,"PN133SD,1.000"
X-5974,OBP2A,29991.0,MutNovel,"L137R,1.000"
X-5974,OLIG1,116448.0,MutNovel,"L234V,0.361"
X-5974,ORAI1,84876.0,MutNovel,"PP43-,1.000"
X-5974,OSBPL2,9885.0,MutNovel,"V242I,0.238"
X-5974,PABPC3,5042.0,MutKnownFunctional,"-247GG?,0.444"
X-5974,PABPC3,5042.0,MutKnownFunctional,"-333,0.500"
X-5974,PARG,8505.0,MutNovel,"N308S,1.000"
X-5974,PCDHB12,56124.0,MutNovel,"N487I,0.545"
X-5974,PHACTR4,65979.0,MutKnownFunctional,"-61?,0.279"
X-5974,PHLDA1,22822.0,MutNovel,"QQ194Q,1.000"
X-5974,PIEZO1,9780.0,MutNovel,"Q749E,0.227"
X-5974,PIGR,5284.0,MutNovel,"A576V,0.700"
X-5974,PIGR,5284.0,MutNovel,"Q209E,0.300"
X-5974,PIK3C2A,5286.0,MutNovel,"Q725K,0.470"
X-5974,PIK3IP1,113791.0,MutNovel,"L254F,0.556"
X-5974,PPP2R3B,28227.0,MutNovel,"L853P,1.000"
X-5974,PRMT10,90826.0,MutNovel,"L80V,0.700"
X-5974,PRMT6,55170.0,MutNovel,"S114R,0.317"
X-5974,PTBP1,5725.0,MutNovel,"V188L,0.528"
X-5974,PTGFRN,5738.0,MutNovel,"N618I,0.222"
X-5974,RAB5A,5868.0,MutKnownFunctional,"S34*,0.497"
X-5974,RBM12,10137.0,MutNovel,"R87H,0.608"
X-5974,RIN3,79890.0,MutNovel,"G967-,1.000"
X-5974,RNF213,57674.0,MutNovel,"G22R,0.978"
X-5974,RPGR,6103.0,MutNovel,"Q527-,1.000"
X-5974,RPL26L1,51121.0,MutNovel,"R126Q,1.000"
X-5974,RPTOR,57521.0,MutNovel,"M1205I,0.254"
X-5974,SDK1,221935.0,MutNovel,"S58P,1.000"
X-5974,SERINC2,347735.0,MutNovel,"-373Q,1.000"
X-5974,SFSWAP,6433.0,MutNovel,"D66N,0.640"
X-5974,SH2D2A,9047.0,MutNovel,"G233R,0.767"
X-5974,SIPA1L1,26037.0,MutNovel,"V863A,0.988"
X-5974,SIRPB1,10326.0,MutNovel,"DS202ES,1.000"
X-5974,SLC17A5,26503.0,MutNovel,"W303C,0.409"
X-5974,SLC35D1,23169.0,MutNovel,"N201S,1.000"
X-5974,SLC4A3,6508.0,MutNovel,"EEE136-,1.000"
X-5974,SLC4A5,57835.0,MutNovel,"W717C,0.333"
X-5974,SLMAP,7871.0,MutNovel,"A411V,0.664"
X-5974,SLX4,84464.0,MutNovel,"G599A,0.206"
X-5974,SNAPC4,6621.0,MutNovel,"S542-,1.000"
X-5974,SNX21,90203.0,MutNovel,"R335C,0.324"
X-5974,TAF1,6872.0,MutNovel,"Q297QE,1.000"
X-5974,TBP,6908.0,MutNovel,"-64Q,1.000"
X-5974,TCF7L1,83439.0,MutNovel,"G8-,0.750"
X-5974,TGFBR3,7049.0,MutNovel,"M461I,0.449"
X-5974,TMBIM4,51643.0,MutKnownFunctional,"-174?,0.864"
X-5974,TOPBP1,11073.0,MutNovel,"V454I,0.264"
X-5974,TP53,7157.0,MutKnownFunctional,"R273H,0.996"
X-5974,TPCN2,219931.0,MutNovel,"R580H,0.523"
X-5974,TRAK1,22906.0,MutNovel,"A904T,0.767"
X-5974,TRIM51,,MutNovel,"F248L,0.289"
X-5974,TRPC6,7225.0,MutNovel,"R73C,0.625"
X-5974,TSNAXIP1,55815.0,MutNovel,"E566D,0.600"
X-5974,URB2,9816.0,MutNovel,"A376T,0.500"
X-5974,VGLL4,9686.0,MutNovel,"A272T,0.504"
X-5974,VPS41,27072.0,MutNovel,"I198T,0.338"
X-5974,WBSCR16,81554.0,MutNovel,"T274I,0.857"
X-5974,WDR90,197335.0,MutKnownFunctional,"-1713,0.203"
X-5974,XRCC6BP1,91419.0,MutKnownFunctional,"R183*,0.463"
X-5974,ZFHX3,463.0,MutNovel,"G3517D,0.833"
X-5974,ZMYND8,23613.0,MutNovel,"S560F,0.484"
X-5974,ZNF282,8427.0,MutNovel,"G473R,1.000"
X-5974,ZNFX1,57169.0,MutNovel,"G86A,0.333"
X-5975,ACE2,59272.0,Del0.8,0.69
X-5975,ACOT9,23597.0,Del0.8,0.7
X-5975,ACSM1,116285.0,MutNovel,"Y367H,1.000"
X-5975,ACTN4,81.0,Amp8,10.41
X-5975,ADAM28,10863.0,Del0.8,0.73
X-5975,ADAM7,8756.0,Del0.8,0.73
X-5975,ADAMDEC1,27299.0,Del0.8,0.73
X-5975,ADCK4,79934.0,Amp8,11.88
X-5975,ADCYAP1,116.0,Del0.8,0.75
X-5975,ADORA3,140.0,Del0.8,0.76
X-5975,ADRA1A,148.0,Del0.8,0.72
X-5975,AGAP10,,MutNovel,"E614D,1.000"
X-5975,AGAP10,,MutNovel,"T596A,1.000"
X-5975,AGAP10,,MutNovel,"W565R,1.000"
X-5975,AGAP5,729092.0,MutNovel,"Y482C,1.000"
X-5975,AGAP8,728404.0,MutKnownFunctional,"-593,0.400"
X-5975,AGAP8,728404.0,MutNovel,"E591D,0.438"
X-5975,AGPAT5,55326.0,Del0.8,0.61
X-5975,AHCTF1,25909.0,MutNovel,"G863C,0.315"
X-5975,AHCYL1,10768.0,Del0.8,0.76
X-5975,AHI1,54806.0,Amp8,15.45
X-5975,AIFM3,150209.0,Amp8,18.38
X-5975,AKAP12,9590.0,Amp5,6.41
X-5975,AKAP4,8852.0,Del0.8,0.71
X-5975,AKAP7,9465.0,Amp8,10.41
X-5975,AKNAD1,254268.0,Del0.8,0.72
X-5975,AKR7A2P1,246182.0,Del0.8,0.77
X-5975,AKT2,208.0,Amp8,10.7
X-5975,ALAS2,212.0,Del0.8,0.71
X-5975,ALDH3B1,221.0,MutNovel,"L254P,0.682"
X-5975,ALDH3B1,221.0,MutNovel,"L262P,0.854"
X-5975,ALDH3B1,221.0,MutNovel,"C302R,0.923"
X-5975,ALDH7A1,501.0,MutNovel,"A8T,1.000"
X-5975,ALDH8A1,64577.0,Amp8,14.12
X-5975,ALX3,257.0,Del0.8,0.76
X-5975,AMELX,265.0,Del0.8,0.69
X-5975,AMELY,266.0,Del0.8,0.24
X-5975,AMIGO1,57463.0,Del0.8,0.77
X-5975,AMPD1,270.0,Del0.8,0.77
X-5975,AMPD2,271.0,Del0.8,0.77
X-5975,ANGPT2,285.0,Del0.8,0.74
X-5975,ANKHD1-EIF4EBP3,404734.0,MutNovel,"C2518F,1.000"
X-5975,ANKRD12,23253.0,Del0.8,0.59
X-5975,ANKRD18A,253650.0,MutNovel,"L870V,1.000"
X-5975,ANKRD18A,253650.0,MutNovel,"K844E,1.000"
X-5975,ANKRD20A4,728747.0,MutNovel,"V341M,1.000"
X-5975,ANKRD30A,91074.0,MutNovel,"N508S,0.750"
X-5975,ANKRD30A,91074.0,MutNovel,"A649T,1.000"
X-5975,ANKRD36,375248.0,MutNovel,"T998S,0.257"
X-5975,AP1S2,8905.0,Del0.8,0.7
X-5975,AP4B1,10717.0,Del0.8,0.77
X-5975,APC2,10297.0,MutNovel,"T2077S,0.786"
X-5975,APCDD1,147495.0,Del0.8,0.75
X-5975,APEX2,27301.0,Del0.8,0.71
X-5975,APOO,79135.0,Del0.8,0.7
X-5975,AR,367.0,MutNovel,"A430S,0.229"
X-5975,ARAF,369.0,Del0.8,0.71
X-5975,ARG1,383.0,Amp8,10.41
X-5975,ARHGAP18,93663.0,Amp5,5.9
X-5975,ARHGAP28,79822.0,Del0.8,0.75
X-5975,ARHGAP6,395.0,Del0.8,0.69
X-5975,ARHGEF10,9639.0,Del0.8,0.75
X-5975,ARHGEF35,445328.0,Del0.8,0.66
X-5975,ARHGEF5,7984.0,Del0.8,0.66
X-5975,ARSD,414.0,Del0.8,0.71
X-5975,ARSE,415.0,Del0.8,0.71
X-5975,ARSF,416.0,Del0.8,0.71
X-5975,ARSH,347527.0,Del0.8,0.71
X-5975,ARX,170302.0,Del0.8,0.7
X-5975,ASAH1,427.0,Del0.8,0.74
X-5975,ASB11,140456.0,Del0.8,0.69
X-5975,ASB9,140462.0,Del0.8,0.69
X-5975,ATAD3A,55210.0,MutNovel,"R172W,0.207"
X-5975,ATP1A1,476.0,Del0.8,0.77
X-5975,ATP1A1OS,84852.0,Del0.8,0.77
X-5975,ATP1B2,482.0,Del0.8,0.8
X-5975,ATP5F1,515.0,Del0.8,0.76
X-5975,ATP6AP2,10159.0,Del0.8,0.71
X-5975,ATP6V1B2,526.0,Del0.8,0.74
X-5975,ATXN3L,92552.0,Del0.8,0.69
X-5975,ATXN7L2,127002.0,Del0.8,0.77
X-5975,B3GALNT2,148789.0,MutNovel,"C11G,0.458"
X-5975,BASP1,10409.0,Del0.8,0.73
X-5975,BCAS2,10286.0,Del0.8,0.77
X-5975,BCL2L15,440603.0,Del0.8,0.77
X-5975,BCLAF1,9774.0,Amp8,13.36
X-5975,BCOR,54880.0,Del0.8,0.71
X-5975,BCORP1,286554.0,Del0.8,0.23
X-5975,BCR,613.0,MutNovel,"D1106N,0.280"
X-5975,BCRP2,400892.0,Amp8,20.97
X-5975,BEND2,139105.0,Del0.8,0.7
X-5975,BIN3,55909.0,Del0.8,0.76
X-5975,BLK,640.0,Del0.8,0.74
X-5975,BLVRB,645.0,Amp8,11.88
X-5975,BMP15,9210.0,Del0.8,0.71
X-5975,BMX,660.0,Del0.8,0.69
X-5975,BNIP3L,665.0,Del0.8,0.75
X-5975,BOP1,23246.0,MutNovel,"K339R,1.000"
X-5975,BPY2B,442867.0,Del0.8,0.08
X-5975,BPY2B,442867.0,Del0.8,0.1
X-5975,BTNL3,10917.0,Del0.8,0.7
X-5975,BTNL9,153579.0,MutNovel,"H384Y,1.000"
X-5975,C10orf47,254427.0,MutNovel,"P323R,0.714"
X-5975,C11orf95,65998.0,MutNovel,"L30M,0.231"
X-5975,C17orf51,339263.0,Del0.8,0.75
X-5975,C18orf42,642597.0,Del0.8,0.75
X-5975,C18orf56,494514.0,Del0.8,0.75
X-5975,C18orf63,644041.0,MutNovel,"FVV548YVM,0.667"
X-5975,C19orf33,64073.0,Amp8,10.41
X-5975,C19orf47,126526.0,Amp8,11.88
X-5975,C19orf54,284325.0,Amp8,11.88
X-5975,C1orf162,128346.0,Del0.8,0.76
X-5975,C1orf194,127003.0,Del0.8,0.77
X-5975,C1orf88,128344.0,Del0.8,0.76
X-5975,C5orf25,375484.0,MutNovel,"P27L,1.000"
X-5975,C6orf211,79624.0,Amp5,6.41
X-5975,C6orf58,352999.0,Amp5,7.62
X-5975,C6orf72,116254.0,Amp5,6.41
X-5975,C8orf12,83656.0,Del0.8,0.74
X-5975,C8orf48,157773.0,Del0.8,0.71
X-5975,C8orf58,541565.0,Del0.8,0.76
X-5975,C8orf74,203076.0,Del0.8,0.74
X-5975,CA5B,11238.0,Del0.8,0.7
X-5975,CACNA1B,774.0,MutNovel,"S2151L,0.677"
X-5975,CACNA1F,778.0,Del0.8,0.71
X-5975,CAND1,55832.0,MutNovel,"A397T,0.667"
X-5975,CAPN12,147968.0,Amp8,10.41
X-5975,CAPZA1,829.0,Del0.8,0.77
X-5975,CASK,8573.0,Del0.8,0.71
X-5975,CASQ2,845.0,Del0.8,0.77
X-5975,CATSPERG,57828.0,Amp8,10.41
X-5975,CBX3P2,645158.0,Del0.8,0.72
X-5975,CCDC120,90060.0,Del0.8,0.71
X-5975,CCDC22,28952.0,Del0.8,0.71
X-5975,CCDC25,55246.0,Del0.8,0.72
X-5975,CCDC88C,440193.0,MutNovel,"A1995S,0.667"
X-5975,CCL3L3,414062.0,MutNovel,"F65L,1.000"
X-5975,CCNB3,85417.0,Del0.8,0.71
X-5975,CD101,9398.0,Del0.8,0.75
X-5975,CD2,914.0,Del0.8,0.75
X-5975,CD53,963.0,Del0.8,0.76
X-5975,CD58,965.0,Del0.8,0.77
X-5975,CD99,4267.0,Del0.8,0.71
X-5975,CD99P1,401577.0,Del0.8,0.71
X-5975,CDC42BPB,9578.0,MutNovel,"D1425H,0.314"
X-5975,CDC42EP1,11135.0,MutNovel,"PAPAANPS253P,0.213"
X-5975,CDCA2,157313.0,Del0.8,0.73
X-5975,CDK16,5127.0,Del0.8,0.71
X-5975,CDKL5,6792.0,Del0.8,0.7
X-5975,CDY1B,253175.0,Del0.8,0.13
X-5975,CDY1B,253175.0,Del0.8,0.13
X-5975,CDY2A,9426.0,Del0.8,0.13
X-5975,CDY2A,9426.0,Del0.8,0.13
X-5975,CDY2B,203611.0,Del0.8,0.13
X-5975,CDY2B,203611.0,Del0.8,0.13
X-5975,CELSR2,1952.0,Del0.8,0.77
X-5975,CENPW,387103.0,Amp5,7.62
X-5975,CEPT1,10390.0,Del0.8,0.74
X-5975,CETN1,1068.0,Del0.8,0.75
X-5975,CFHR1,3078.0,Amp5,5.5
X-5975,CFHR3,10878.0,Amp5,5.5
X-5975,CFP,5199.0,Del0.8,0.71
X-5975,CGB1,114335.0,MutNovel,"T16A,1.000"
X-5975,CHD1L,9557.0,MutNovel,"T22N,0.279"
X-5975,CHD2,1106.0,MutKnownFunctional,"-1242?,0.737"
X-5975,CHI3L2,1117.0,Del0.8,0.74
X-5975,CHMP7,91782.0,Del0.8,0.76
X-5975,CHRFAM7A,89832.0,Del0.8,0.69
X-5975,CHRNA2,1135.0,Del0.8,0.72
X-5975,CHST7,56548.0,Del0.8,0.71
X-5975,CLC,1178.0,Amp8,8.82
X-5975,CLCC1,23155.0,Del0.8,0.72
X-5975,CLCN4,1183.0,Del0.8,0.69
X-5975,CLCN5,1184.0,Del0.8,0.71
X-5975,CLDN23,137075.0,Del0.8,0.72
X-5975,CLN5,1203.0,MutKnownFunctional,"W75*,0.412"
X-5975,CLN8,2055.0,Del0.8,0.75
X-5975,CLU,1191.0,Del0.8,0.72
X-5975,CLUL1,27098.0,Del0.8,0.75
X-5975,CMPK1,51727.0,MutNovel,"A113T,0.542"
X-5975,CNKSR2,22866.0,Del0.8,0.7
X-5975,CNOT7,29883.0,Del0.8,0.71
X-5975,CNTD2,79935.0,Amp8,12.3
X-5975,COLEC12,81035.0,Del0.8,0.75
X-5975,CRKL,1399.0,Amp8,22.63
X-5975,CSDE1,7812.0,Del0.8,0.77
X-5975,CSF1,1435.0,Del0.8,0.76
X-5975,CSGALNACT1,55790.0,Del0.8,0.74
X-5975,CSPG4P1Y,114758.0,Del0.8,0.33
X-5975,CSPG4P1Y,114758.0,Del0.8,0.33
X-5975,CTAGE4,100128553.0,Del0.8,0.66
X-5975,CTAGE4,100128553.0,Del0.8,0.66
X-5975,CTAGE9,643854.0,Amp8,10.41
X-5975,CTGF,1490.0,Amp8,10.41
X-5975,CTPS2,56474.0,Del0.8,0.7
X-5975,CTSA,5476.0,MutNovel,"L29-,1.000"
X-5975,CTSB,1508.0,Del0.8,0.74
X-5975,CTTNBP2NL,55917.0,Del0.8,0.65
X-5975,CXXC1P1,392459.0,Del0.8,0.71
X-5975,CXorf21,80231.0,Del0.8,0.71
X-5975,CXorf22,170063.0,Del0.8,0.71
X-5975,CXorf23,256643.0,Del0.8,0.7
X-5975,CXorf27,25763.0,Del0.8,0.71
X-5975,CXorf28,100129464.0,Del0.8,0.71
X-5975,CXorf30,645090.0,Del0.8,0.71
X-5975,CXorf36,79742.0,Del0.8,0.71
X-5975,CXorf38,159013.0,Del0.8,0.71
X-5975,CXorf40A,91966.0,MutNovel,"V158M,1.000"
X-5975,CXorf40B,541578.0,MutNovel,"V158M,0.226"
X-5975,CXorf58,254158.0,Del0.8,0.7
X-5975,CXorf59,286464.0,Del0.8,0.71
X-5975,CYB561D1,284613.0,Del0.8,0.77
X-5975,CYBB,1536.0,Del0.8,0.71
X-5975,CYMP,643160.0,Del0.8,0.76
X-5975,DAB2,1601.0,MutNovel,"S394F,0.211"
X-5975,DAZ1,1617.0,Del0.8,0.13
X-5975,DAZ2,57055.0,Del0.8,0.11
X-5975,DAZ3,57054.0,Del0.8,0.1
X-5975,DAZ3,57054.0,Del0.8,0.08
X-5975,DAZ4,57135.0,Del0.8,0.11
X-5975,DAZ4,57135.0,Del0.8,0.09
X-5975,DCAF8L1,139425.0,Del0.8,0.7
X-5975,DCAF8L2,347442.0,Del0.8,0.7
X-5975,DCLRE1B,64858.0,Del0.8,0.77
X-5975,DCTN6,10671.0,Del0.8,0.71
X-5975,DDX20,11218.0,Del0.8,0.76
X-5975,DDX3X,1654.0,Del0.8,0.71
X-5975,DDX3Y,8653.0,Del0.8,0.23
X-5975,DDX53,168400.0,Del0.8,0.7
X-5975,DEAF1,10522.0,MutNovel,"A28V,0.400"
X-5975,DEFB109P1B,641517.0,Del0.8,0.54
X-5975,DEFB130,245940.0,Del0.8,0.74
X-5975,DEFB134,613211.0,Del0.8,0.74
X-5975,DEFB135,613209.0,Del0.8,0.74
X-5975,DEFB136,613210.0,Del0.8,0.74
X-5975,DENND2C,163259.0,Del0.8,0.77
X-5975,DENND2D,79961.0,Del0.8,0.74
X-5975,DGKK,139189.0,Del0.8,0.71
X-5975,DHRSX,207063.0,Del0.8,0.71
X-5975,DLC1,10395.0,Del0.8,0.71
X-5975,DLL3,10683.0,Amp8,11
X-5975,DMD,1756.0,Del0.8,0.71
X-5975,DNAJB4,11080.0,Del0.8,0.67
X-5975,DOCK5,80005.0,Del0.8,0.73
X-5975,DOK2,9046.0,Del0.8,0.74
X-5975,DPAGT1,1798.0,MutKnownFunctional,"-233?,0.253"
X-5975,DPF1,8193.0,Amp5,7.67
X-5975,DPYSL2,1808.0,Del0.8,0.75
X-5975,DRAM2,128338.0,Del0.8,0.74
X-5975,DUSP21,63904.0,Del0.8,0.71
X-5975,DUSP26,78986.0,Del0.8,0.71
X-5975,DUSP4,1846.0,Del0.8,0.72
X-5975,DYNLT3,6990.0,Del0.8,0.71
X-5975,DYRK1B,9149.0,Amp8,12.47
X-5975,E2F5,1875.0,MutNovel,"G18A,0.875"
X-5975,EBF2,64641.0,Del0.8,0.75
X-5975,EBP,10682.0,Del0.8,0.71
X-5975,ECH1,1891.0,Amp8,8.63
X-5975,ECHDC1,55862.0,Amp5,7.62
X-5975,EEPD1,80820.0,MutNovel,"G152D,0.467"
X-5975,EFHA2,286097.0,Del0.8,0.71
X-5975,EFHC2,80258.0,Del0.8,0.71
X-5975,EGFL6,25975.0,Del0.8,0.69
X-5975,EGLN2,112398.0,Amp8,8
X-5975,EGR3,1960.0,Del0.8,0.76
X-5975,EID2,163126.0,Amp8,11
X-5975,EID2B,126272.0,Amp8,11
X-5975,EIF1AX,1964.0,Del0.8,0.7
X-5975,EIF1AY,9086.0,Del0.8,0.23
X-5975,EIF2S3,1968.0,Del0.8,0.7
X-5975,EIF3K,27335.0,Amp8,10.41
X-5975,ELK1,2002.0,Del0.8,0.71
X-5975,ELP3,55140.0,Del0.8,0.72
X-5975,ELTD1,64123.0,Del0.8,0.69
X-5975,EMILIN2,84034.0,Del0.8,0.72
X-5975,ENO3,2027.0,MutNovel,"A138T,1.000"
X-5975,ENOSF1,55556.0,Del0.8,0.75
X-5975,ENPP1,5167.0,Amp8,10.41
X-5975,ENPP3,5169.0,Amp8,10.41
X-5975,ENPP4,22875.0,MutNovel,"Y150N,0.698"
X-5975,ENTPD4,9583.0,Del0.8,0.73
X-5975,EP400,57634.0,MutNovel,"E2108D,0.282"
X-5975,EP400,57634.0,MutNovel,"-2728QQ,0.489"
X-5975,EPB41,2035.0,MutNovel,"R81L,0.301"
X-5975,EPB41L2,2037.0,Amp5,7.84
X-5975,EPB41L3,23136.0,Del0.8,0.75
X-5975,EPB49,2039.0,Del0.8,0.74
X-5975,EPHX2,2053.0,Del0.8,0.72
X-5975,EPM2A,7957.0,Amp5,5.06
X-5975,EPS8L3,79574.0,Del0.8,0.76
X-5975,ERAS,3266.0,Del0.8,0.71
X-5975,ERBB2,2064.0,MutNovel,"V777L,1.000"
X-5975,ERBB3,2065.0,MutNovel,"P306H,0.674"
X-5975,ERBB3,2065.0,MutKnownFunctional,"-1312,0.728"
X-5975,ERI1,90459.0,Del0.8,0.72
X-5975,ERICH1,157697.0,Del0.8,0.76
X-5975,ESCO2,157570.0,Del0.8,0.72
X-5975,ESYT2,57488.0,Del0.8,0.72
X-5975,EXTL3,2137.0,Del0.8,0.72
X-5975,EYA4,2070.0,Amp8,10.41
X-5975,FAM102B,284611.0,Del0.8,0.72
X-5975,FAM104B,90736.0,Del0.8,0.71
X-5975,FAM111B,374393.0,MutNovel,"D688N,1.000"
X-5975,FAM120A,23196.0,MutNovel,"V526A,0.363"
X-5975,FAM120C,54954.0,Del0.8,0.71
X-5975,FAM134B,54463.0,Del0.8,0.73
X-5975,FAM156A,29057.0,Del0.8,0.71
X-5975,FAM156A,29057.0,Del0.8,0.71
X-5975,FAM156B,727866.0,Del0.8,0.71
X-5975,FAM156B,727866.0,Del0.8,0.71
X-5975,FAM160B2,64760.0,Del0.8,0.74
X-5975,FAM167A,83648.0,Del0.8,0.74
X-5975,FAM171B,165215.0,MutNovel,"-50Q,0.778"
X-5975,FAM18B2-CDRT4,100533496.0,MutNovel,"T150R,0.435"
X-5975,FAM18B2-CDRT4,100533496.0,MutNovel,"S135P,0.547"
X-5975,FAM197Y2P,252946.0,Del0.8,0.24
X-5975,FAM19A3,284467.0,Del0.8,0.77
X-5975,FAM211B,388886.0,MutNovel,"G14A,0.658"
X-5975,FAM212B,55924.0,Del0.8,0.76
X-5975,FAM40A,85369.0,Del0.8,0.76
X-5975,FAM41AY1,340618.0,Del0.8,0.23
X-5975,FAM41AY1,340618.0,Del0.8,0.13
X-5975,FAM46C,54855.0,Del0.8,0.78
X-5975,FAM47A,158724.0,Del0.8,0.71
X-5975,FAM47B,170062.0,Del0.8,0.71
X-5975,FAM47C,442444.0,Del0.8,0.71
X-5975,FAM48B1,100130302.0,Del0.8,0.7
X-5975,FAM48B2,170067.0,Del0.8,0.7
X-5975,FAM54A,113115.0,Amp8,15.45
X-5975,FAM59B,150946.0,MutNovel,"Q407R,1.000"
X-5975,FAM66D,100132923.0,Del0.8,0.74
X-5975,FAM73A,374986.0,Del0.8,0.78
X-5975,FAM86B1,85002.0,Del0.8,0.74
X-5975,FAM98C,147965.0,Amp8,10.41
X-5975,FAM9A,171482.0,Del0.8,0.69
X-5975,FAM9B,171483.0,Del0.8,0.69
X-5975,FAM9C,171484.0,Del0.8,0.69
X-5975,FANCB,2187.0,Del0.8,0.69
X-5975,FBL,2091.0,Amp8,12.47
X-5975,FBXL7,23194.0,Del0.8,0.73
X-5975,FBXO16,157574.0,Del0.8,0.72
X-5975,FBXO17,115290.0,Amp8,11
X-5975,FBXO27,126433.0,Amp8,11
X-5975,FBXO30,84085.0,Amp5,5.06
X-5975,FCGBP,8857.0,Amp8,10.13
X-5975,FCGR2A,2212.0,MutNovel,"L274P,1.000"
X-5975,FDFT1,2222.0,Del0.8,0.74
X-5975,FGD1,2245.0,Del0.8,0.71
X-5975,FGF17,8822.0,Del0.8,0.74
X-5975,FGF20,26281.0,Del0.8,0.71
X-5975,FGL1,2267.0,Del0.8,0.74
X-5975,FIGF,2277.0,Del0.8,0.69
X-5975,FLJ14107,80094.0,Del0.8,0.76
X-5975,FLJ35776,649446.0,Del0.8,0.75
X-5975,FNDC7,163479.0,Del0.8,0.72
X-5975,FOXD4,2298.0,MutNovel,"GP250AP,1.000"
X-5975,FOXP3,50943.0,Del0.8,0.71
X-5975,FOXR2,139628.0,Del0.8,0.71
X-5975,FRMPD4,9758.0,Del0.8,0.69
X-5975,FTHL17,53940.0,Del0.8,0.71
X-5975,FTSJ1,24140.0,Del0.8,0.71
X-5975,FUBP1,8880.0,Del0.8,0.67
X-5975,FUNDC1,139341.0,Del0.8,0.71
X-5975,FUT10,84750.0,Del0.8,0.71
X-5975,FZD3,7976.0,Del0.8,0.72
X-5975,GAGE1,2543.0,Del0.8,0.71
X-5975,GAGE10,643832.0,Del0.8,0.71
X-5975,GAGE12D,100132399.0,Del0.8,0.71
X-5975,GAGE12F,100008586.0,Del0.8,0.71
X-5975,GAGE12J,729396.0,Del0.8,0.71
X-5975,GAGE13,645051.0,Del0.8,0.71
X-5975,GAGE2A,729447.0,Del0.8,0.71
X-5975,GAGE2B,645037.0,Del0.8,0.71
X-5975,GAGE2C,2574.0,Del0.8,0.71
X-5975,GAGE2D,729408.0,Del0.8,0.71
X-5975,GAGE2E,26749.0,Del0.8,0.71
X-5975,GATA1,2623.0,Del0.8,0.71
X-5975,GATA4,2626.0,Del0.8,0.74
X-5975,GDAP2,54834.0,Del0.8,0.75
X-5975,GEMIN8,54960.0,Del0.8,0.69
X-5975,GGN,199720.0,Amp8,10.41
X-5975,GIMAP2,26157.0,MutNovel,"K93N,0.500"
X-5975,GIPC2,54810.0,Del0.8,0.67
X-5975,GK,2710.0,Del0.8,0.71
X-5975,GLOD5,392465.0,Del0.8,0.71
X-5975,GLRA2,2742.0,Del0.8,0.69
X-5975,GMFG,9535.0,Amp8,11
X-5975,GNAI3,2773.0,Del0.8,0.77
X-5975,GNAT2,2780.0,Del0.8,0.77
X-5975,GNL3L,54552.0,Del0.8,0.71
X-5975,GNRH1,2796.0,Del0.8,0.73
X-5975,GOLGA1,2800.0,MutNovel,"M674L,0.290"
X-5975,GOLGA2P2Y,84559.0,Del0.8,0.33
X-5975,GOLGA2P2Y,84559.0,Del0.8,0.33
X-5975,GOLGA6D,653643.0,MutNovel,"H143L,1.000"
X-5975,GOLGA6D,653643.0,MutNovel,"R149Q,1.000"
X-5975,GOLGA6D,653643.0,MutNovel,"R161C,1.000"
X-5975,GOLGA6D,653643.0,MutNovel,"R193S,1.000"
X-5975,GOLGA6D,653643.0,MutNovel,"R208Q,1.000"
X-5975,GPKOW,27238.0,Del0.8,0.71
X-5975,GPM6B,2824.0,Del0.8,0.69
X-5975,GPR143,4935.0,Del0.8,0.69
X-5975,GPR173,54328.0,Del0.8,0.71
X-5975,GPR34,2857.0,Del0.8,0.71
X-5975,GPR61,83873.0,Del0.8,0.77
X-5975,GPR64,10149.0,Del0.8,0.7
X-5975,GPR82,27197.0,Del0.8,0.71
X-5975,GPRIN2,9721.0,MutNovel,"-238MRE,1.000"
X-5975,GPSM2,29899.0,Del0.8,0.72
X-5975,GRIPAP1,56850.0,Del0.8,0.71
X-5975,GRM1,2911.0,Amp5,5.06
X-5975,GRPR,2925.0,Del0.8,0.7
X-5975,GSPT2,23708.0,Del0.8,0.71
X-5975,GSTM1,2944.0,Del0.8,0.76
X-5975,GSTM2,2946.0,Del0.8,0.69
X-5975,GSTM3,2947.0,Del0.8,0.76
X-5975,GSTM4,2948.0,Del0.8,0.77
X-5975,GSTM5,2949.0,Del0.8,0.76
X-5975,GSTT1,2952.0,Amp5,6.68
X-5975,GTF2E2,2961.0,Del0.8,0.71
X-5975,GUF1,60558.0,MutNovel,"K293Q,0.543"
X-5975,GYG2,8908.0,Del0.8,0.71
X-5975,GYG2P1,352887.0,Del0.8,0.23
X-5975,HBS1L,10767.0,Amp8,11.71
X-5975,HBXIP,10542.0,Del0.8,0.76
X-5975,HCCS,3052.0,Del0.8,0.69
X-5975,HDAC6,10013.0,Del0.8,0.71
X-5975,HDDC2,51020.0,Amp5,6.54
X-5975,HDHD1,8226.0,Del0.8,0.67
X-5975,HENMT1,113802.0,Del0.8,0.72
X-5975,HEY2,23493.0,Amp5,6.54
X-5975,HINT3,135114.0,Amp5,7.62
X-5975,HIPK1,204851.0,Del0.8,0.77
X-5975,HIPK4,147746.0,Amp8,11.88
X-5975,HIST3H2A,92815.0,MutNovel,"R100G,1.000"
X-5975,HKR1,284459.0,Amp8,9.65
X-5975,HLA-B,3106.0,MutNovel,"A235T,0.548"
X-5975,HMBOX1,79618.0,Del0.8,0.72
X-5975,HMGA1P7,387065.0,Amp8,20.53
X-5975,HNRNPL,3191.0,Amp8,11
X-5975,HOXC13,3229.0,MutNovel,"L15LI,0.243"
X-5975,HR,55806.0,Del0.8,0.74
X-5975,HRASLS5,117245.0,MutNovel,"R14H,1.000"
X-5975,HSD17B10,3028.0,Del0.8,0.71
X-5975,HSFY2,159119.0,Del0.8,0.13
X-5975,HSFY2,159119.0,Del0.8,0.13
X-5975,HSPA1A,3303.0,MutNovel,"IF427VI,0.246"
X-5975,HUWE1,10075.0,Del0.8,0.71
X-5975,IFI44,10561.0,Del0.8,0.69
X-5975,IFI44L,10964.0,Del0.8,0.69
X-5975,IFITM3,10410.0,MutNovel,"T42M,0.857"
X-5975,IFITM3,10410.0,MutNovel,"A34V,0.857"
X-5975,IL1RAPL1,11141.0,Del0.8,0.71
X-5975,IL28A,282616.0,Amp8,11
X-5975,IL28B,282617.0,Amp8,11
X-5975,IL29,282618.0,Amp8,11
X-5975,INE1,8552.0,Del0.8,0.71
X-5975,INE2,8551.0,Del0.8,0.7
X-5975,INTS10,55174.0,Del0.8,0.74
X-5975,INTS9,55756.0,Del0.8,0.72
X-5975,IQCE,23288.0,MutNovel,"W99G,0.472"
X-5975,IQSEC2,23096.0,Del0.8,0.71
X-5975,ITGB6,3694.0,MutNovel,"E179G,0.241"
X-5975,ITIH6,347365.0,Del0.8,0.71
X-5975,ITPKC,80271.0,Amp8,11.88
X-5975,ITPR3,3710.0,MutNovel,"V1071F,0.660"
X-5975,IYD,389434.0,Amp5,6.41
X-5975,KAL1,3730.0,Del0.8,0.69
X-5975,KATNA1,11104.0,Amp5,6.41
X-5975,KBTBD11,9920.0,Del0.8,0.75
X-5975,KCNA10,3744.0,Del0.8,0.76
X-5975,KCNA2,3737.0,Del0.8,0.76
X-5975,KCNA3,3738.0,Del0.8,0.76
X-5975,KCNC4,3749.0,Del0.8,0.76
X-5975,KCND1,3750.0,Del0.8,0.71
X-5975,KCND3,3752.0,Del0.8,0.76
X-5975,KCNK6,9424.0,Amp8,10.41
X-5975,KCTD9,54793.0,Del0.8,0.73
X-5975,KDM1A,23028.0,MutNovel,"G46S,0.345"
X-5975,KDM5C,8242.0,MutNovel,"W513G,0.984"
X-5975,KDM5C,8242.0,Del0.8,0.71
X-5975,KDM5D,8284.0,Del0.8,0.23
X-5975,KDM6A,7403.0,Del0.8,0.71
X-5975,KIAA0408,9729.0,Amp5,7.62
X-5975,KIAA1324,57535.0,Del0.8,0.77
X-5975,KIAA1751,85452.0,MutKnownFunctional,"-738,1.000"
X-5975,KIAA1919,91749.0,MutNovel,"V505L,0.557"
X-5975,KIAA1967,57805.0,Del0.8,0.76
X-5975,KIAA2018,205717.0,MutNovel,"QQQ1471Q,1.000"
X-5975,KIAA2018,205717.0,MutKnownFunctional,"-1016?,0.265"
X-5975,KIF13B,23303.0,Del0.8,0.72
X-5975,KLHL15,80311.0,Del0.8,0.7
X-5975,KLHL2,11275.0,MutNovel,"E92G,0.315"
X-5975,KLHL22,84861.0,Amp8,26.91
X-5975,KLHL34,257240.0,Del0.8,0.7
X-5975,KLRC2,3822.0,Del0.8,0.62
X-5975,KRT2,3849.0,MutNovel,"L456M,0.214"
X-5975,KRT2,3849.0,MutNovel,"E454Q,0.214"
X-5975,KRT6C,286887.0,MutNovel,"G88R,0.300"
X-5975,KRT6C,286887.0,MutNovel,"A87G,0.250"
X-5975,KRTAP5-7,440050.0,MutNovel,"S55T,0.667"
X-5975,L3MBTL3,84456.0,Amp5,5.9
X-5975,L3MBTL4,91133.0,Del0.8,0.75
X-5975,LAMA1,284217.0,Del0.8,0.75
X-5975,LAMA2,3908.0,Amp5,6.68
X-5975,LANCL3,347404.0,Del0.8,0.71
X-5975,LATS1,9113.0,Amp5,6.41
X-5975,LCE3C,353144.0,Del0.8,0.24
X-5975,LEPROTL1,23484.0,Del0.8,0.71
X-5975,LEUTX,342900.0,Amp8,12.47
X-5975,LGALS13,29124.0,Amp8,11
X-5975,LGALS14,56891.0,Amp8,8.82
X-5975,LGALS16,148003.0,Amp8,8.82
X-5975,LGALS17A,400696.0,Amp8,8.82
X-5975,LGALS4,3960.0,Amp8,8.4
X-5975,LGALS7,3963.0,Amp8,10.41
X-5975,LGALS7B,653499.0,Amp8,10.41
X-5975,LGALS9B,284194.0,MutNovel,"V184M,1.000"
X-5975,LGI3,203190.0,Del0.8,0.74
X-5975,LINC00102,100359394.0,Del0.8,0.71
X-5975,LINC00208,83655.0,Del0.8,0.74
X-5975,LINC00226,338004.0,Amp5,5.62
X-5975,LINC00271,100131814.0,Amp8,15.45
X-5975,LINC00326,285735.0,Amp8,10.41
X-5975,LINC00470,56651.0,Del0.8,0.73
X-5975,LINC00526,147525.0,Del0.8,0.75
X-5975,LOC100128176,100128176.0,Amp5,6.41
X-5975,LOC100128993,100128993.0,Del0.8,0.74
X-5975,LOC100129269,100129269.0,Del0.8,0.76
X-5975,LOC100129935,100129935.0,Amp8,8.82
X-5975,LOC100130480,100130480.0,Del0.8,0.75
X-5975,LOC100132247,100132247.0,MutNovel,"LPPSA396L,0.216"
X-5975,LOC100132247,100132247.0,MutNovel,"S1066L,0.667"
X-5975,LOC100132831,100132831.0,Del0.8,0.71
X-5975,LOC100133123,100133123.0,Del0.8,0.69
X-5975,LOC100133957,100133957.0,Del0.8,0.71
X-5975,LOC100192426,100192426.0,Del0.8,0.75
X-5975,LOC100287015,100287015.0,Del0.8,0.74
X-5975,LOC100287063,,MutNovel,"L236R,0.667"
X-5975,LOC100288814,100288814.0,Del0.8,0.69
X-5975,LOC100506343,100506343.0,Del0.8,0.76
X-5975,LOC100507156,100507156.0,Del0.8,0.76
X-5975,LOC100507203,100507203.0,Amp5,5.9
X-5975,LOC100507254,100507254.0,Amp8,10.41
X-5975,LOC100507341,100507341.0,Del0.8,0.71
X-5975,LOC100507433,100507433.0,Amp8,10.78
X-5975,LOC100507557,100507557.0,Amp5,5.06
X-5975,LOC100631378,100631378.0,Amp8,10.85
X-5975,LOC100652739,100652739.0,Amp5,6.41
X-5975,LOC100652860,,MutNovel,"I405K,0.396"
X-5975,LOC100996516,,MutKnownFunctional,"-235?,0.625"
X-5975,LOC154092,154092.0,Amp8,14.62
X-5975,LOC157273,157273.0,Del0.8,0.74
X-5975,LOC158572,158572.0,Del0.8,0.71
X-5975,LOC201477,201477.0,Del0.8,0.75
X-5975,LOC284215,284215.0,Del0.8,0.75
X-5975,LOC284412,284412.0,Amp5,5.78
X-5975,LOC285696,285696.0,Del0.8,0.73
X-5975,LOC286059,286059.0,Del0.8,0.76
X-5975,LOC286083,286083.0,Del0.8,0.76
X-5975,LOC286114,286114.0,Del0.8,0.74
X-5975,LOC286135,286135.0,Del0.8,0.72
X-5975,LOC286442,286442.0,Del0.8,0.71
X-5975,LOC339290,339290.0,Del0.8,0.75
X-5975,LOC340357,340357.0,Del0.8,0.72
X-5975,LOC347411,347411.0,Del0.8,0.71
X-5975,LOC389641,389641.0,Del0.8,0.76
X-5975,LOC389906,389906.0,Del0.8,0.71
X-5975,LOC391322,391322.0,Amp5,6.68
X-5975,LOC392196,392196.0,Del0.8,0.74
X-5975,LOC400643,400643.0,Del0.8,0.75
X-5975,LOC400891,400891.0,Amp8,18.38
X-5975,LOC401177,401177.0,Del0.8,0.73
X-5975,LOC401588,401588.0,Del0.8,0.71
X-5975,LOC440600,440600.0,Del0.8,0.76
X-5975,LOC441124,,MutNovel,"P110L,1.000"
X-5975,LOC643441,643441.0,Del0.8,0.77
X-5975,LOC643623,643623.0,Amp5,6.54
X-5975,LOC643669,643669.0,Amp8,11
X-5975,LOC644554,644554.0,Amp8,10.85
X-5975,LOC645355,645355.0,Del0.8,0.75
X-5975,LOC727896,727896.0,Del0.8,0.72
X-5975,LOC728377,728377.0,Del0.8,0.66
X-5975,LOC729176,729176.0,Amp5,5.06
X-5975,LOC729609,729609.0,Del0.8,0.7
X-5975,LONRF1,91694.0,Del0.8,0.72
X-5975,LOXL2,4017.0,Del0.8,0.62
X-5975,LPHN2,23266.0,Del0.8,0.72
X-5975,LPIN2,9663.0,Del0.8,0.72
X-5975,LPL,4023.0,Del0.8,0.74
X-5975,LPPR4,9890.0,Amp5,5.74
X-5975,LRFN1,57622.0,Amp8,11
X-5975,LRIF1,55791.0,Del0.8,0.76
X-5975,LRIG2,9860.0,Del0.8,0.77
X-5975,LRP11,84918.0,Amp5,6.41
X-5975,LRRC30,339291.0,Del0.8,0.75
X-5975,LSR,51599.0,MutNovel,"G518GR,1.000"
X-5975,LTBP4,8425.0,Amp8,11.88
X-5975,LZTR1,8216.0,Amp8,18.38
X-5975,LZTS1,11178.0,Del0.8,0.74
X-5975,MAB21L3,126868.0,Del0.8,0.77
X-5975,MADCAM1,8174.0,MutNovel,"D242N,1.000"
X-5975,MAGEB1,4112.0,Del0.8,0.71
X-5975,MAGEB10,139422.0,Del0.8,0.7
X-5975,MAGEB16,139604.0,Del0.8,0.71
X-5975,MAGEB18,286514.0,Del0.8,0.7
X-5975,MAGEB2,4113.0,Del0.8,0.71
X-5975,MAGEB3,4114.0,Del0.8,0.71
X-5975,MAGEB4,4115.0,Del0.8,0.71
X-5975,MAGEB6,158809.0,Del0.8,0.7
X-5975,MAGED1,9500.0,Del0.8,0.71
X-5975,MAGED2,10916.0,Del0.8,0.71
X-5975,MAGED4B,81557.0,Del0.8,0.71
X-5975,MAGED4B,81557.0,Del0.8,0.71
X-5975,MAGEH1,28986.0,Del0.8,0.71
X-5975,MAGI3,260425.0,Del0.8,0.77
X-5975,MAGIX,79917.0,Del0.8,0.71
X-5975,MAK16,84549.0,Del0.8,0.71
X-5975,MAN1A2,10905.0,Del0.8,0.62
X-5975,MAOA,4128.0,Del0.8,0.71
X-5975,MAOB,4129.0,Del0.8,0.71
X-5975,MAP3K10,4294.0,Amp8,12.3
X-5975,MAP3K15,389840.0,Del0.8,0.79
X-5975,MAP3K5,4217.0,Amp5,5.86
X-5975,MAP4K1,11184.0,Amp8,10.41
X-5975,MAP7,9053.0,Amp8,10.56
X-5975,MAP7D2,256714.0,Del0.8,0.7
X-5975,2014-03-11 00:00:00,441061.0,Del0.8,0.73
X-5975,MAVS,57506.0,MutNovel,"R218H,0.751"
X-5975,MBOAT4,619373.0,Del0.8,0.71
X-5975,MBTPS2,51360.0,Del0.8,0.7
X-5975,MCPH1,79648.0,Del0.8,0.68
X-5975,MED14,9282.0,Del0.8,0.71
X-5975,MED15,51586.0,Amp8,26.91
X-5975,MED23,9439.0,Amp8,10.41
X-5975,MED29,55588.0,Amp8,11
X-5975,METTL4,64863.0,Del0.8,0.72
X-5975,MFHAS1,9258.0,Del0.8,0.72
X-5975,MGC27382,149047.0,Del0.8,0.69
X-5975,MGC34034,154089.0,Amp8,19.29
X-5975,MIA,8190.0,Amp8,11.88
X-5975,MIA-RAB4B,100529262.0,Amp8,11.88
X-5975,MID1,4281.0,Del0.8,0.69
X-5975,MID1IP1,58526.0,Del0.8,0.71
X-5975,MIR124-1,406907.0,Del0.8,0.74
X-5975,MIR1322,100302166.0,Del0.8,0.74
X-5975,MIR188,406964.0,Del0.8,0.71
X-5975,MIR197,406974.0,Del0.8,0.77
X-5975,MIR221,407006.0,Del0.8,0.71
X-5975,MIR222,407007.0,Del0.8,0.71
X-5975,MIR23C,100500809.0,Del0.8,0.7
X-5975,MIR3148,100422876.0,Del0.8,0.72
X-5975,MIR320A,407037.0,Del0.8,0.76
X-5975,MIR320B1,100302117.0,Del0.8,0.75
X-5975,MIR362,574030.0,Del0.8,0.71
X-5975,MIR3622A,100500858.0,Del0.8,0.72
X-5975,MIR3622B,100500871.0,Del0.8,0.72
X-5975,MIR3662,100500880.0,Amp8,14.12
X-5975,MIR383,494332.0,Del0.8,0.7
X-5975,MIR3976,100616244.0,Del0.8,0.75
X-5975,MIR4256,100422976.0,Del0.8,0.77
X-5975,MIR4287,100422828.0,Del0.8,0.72
X-5975,MIR4288,100422903.0,Del0.8,0.72
X-5975,MIR4317,100422840.0,Del0.8,0.75
X-5975,MIR4530,100616163.0,Amp8,11
X-5975,MIR4536-1,100616155.0,Del0.8,0.71
X-5975,MIR4637,100616271.0,Del0.8,0.68
X-5975,MIR4659A,100616348.0,Del0.8,0.61
X-5975,MIR4659B,100616372.0,Del0.8,0.61
X-5975,MIR4660,100616350.0,Del0.8,0.72
X-5975,MIR4767,100616467.0,Del0.8,0.67
X-5975,MIR4768,100616249.0,Del0.8,0.7
X-5975,MIR4769,100616147.0,Del0.8,0.71
X-5975,MIR4770,100616373.0,Del0.8,0.71
X-5975,MIR500A,574502.0,Del0.8,0.71
X-5975,MIR500B,100422911.0,Del0.8,0.71
X-5975,MIR501,574503.0,Del0.8,0.71
X-5975,MIR502,574504.0,Del0.8,0.71
X-5975,MIR532,693124.0,Del0.8,0.71
X-5975,MIR548O2,100616190.0,Del0.8,0.71
X-5975,MIR596,693181.0,Del0.8,0.75
X-5975,MIR597,693182.0,Del0.8,0.74
X-5975,MIR598,693183.0,Del0.8,0.74
X-5975,MIR641,693226.0,Amp8,9.32
X-5975,MIR651,723779.0,Del0.8,0.67
X-5975,MIR660,724030.0,Del0.8,0.71
X-5975,MIR942,100126331.0,Del0.8,0.75
X-5975,MIR98,407054.0,Del0.8,0.71
X-5975,MIRLET7F2,406889.0,Del0.8,0.71
X-5975,MLL3,58508.0,MutNovel,"P2852R,0.456"
X-5975,MOSPD2,158747.0,Del0.8,0.69
X-5975,MOV10,4343.0,Del0.8,0.77
X-5975,MOXD1,26002.0,Amp8,10.41
X-5975,MRGPRX1,259249.0,Del0.8,0.57
X-5975,MRPS12,6183.0,Amp8,11
X-5975,MSL3,10943.0,Del0.8,0.69
X-5975,MSR1,4481.0,Del0.8,0.7
X-5975,MSRA,4482.0,Del0.8,0.74
X-5975,MTHFD1L,25902.0,Amp5,6.41
X-5975,MTMR7,9108.0,Del0.8,0.71
X-5975,MTMR9,66036.0,Del0.8,0.74
X-5975,MTRNR2L10,100463488.0,Del0.8,0.71
X-5975,MTUS1,57509.0,Del0.8,0.74
X-5975,MUC6,4588.0,MutNovel,"L1673R,0.451"
X-5975,MXRA5,25878.0,Del0.8,0.71
X-5975,MYB,4602.0,Amp8,13.55
X-5975,MYBPHL,343263.0,Del0.8,0.77
X-5975,MYL12A,10627.0,Del0.8,0.72
X-5975,MYL12B,103910.0,Del0.8,0.72
X-5975,MYO10,4651.0,Del0.8,0.73
X-5975,MYOM1,8736.0,Del0.8,0.72
X-5975,MYOM2,9172.0,Del0.8,0.75
X-5975,N4BP2,55728.0,MutKnownFunctional,"-1751,0.409"
X-5975,NAPG,8774.0,Del0.8,0.75
X-5975,NAT1,9.0,Del0.8,0.74
X-5975,NAT2,10.0,Del0.8,0.74
X-5975,NBPF10,100132406.0,MutNovel,"C3092S,0.857"
X-5975,NBPF12,,MutNovel,"I338L,0.474"
X-5975,NBPF14,25832.0,MutNovel,"E513K,0.211"
X-5975,NBPF15,284565.0,MutNovel,"R110K,1.000"
X-5975,NBPF4,148545.0,Del0.8,0.72
X-5975,NBPF6,653149.0,Del0.8,0.72
X-5975,NBPF9,400818.0,MutNovel,"R97G,0.285"
X-5975,NCAPG2,54892.0,Del0.8,0.72
X-5975,NCCRP1,342897.0,Amp8,11
X-5975,NCDN,23154.0,MutNovel,"D117Y,0.554"
X-5975,NCOA7,135112.0,Amp5,7.11
X-5975,NCOR2,9612.0,MutNovel,"G1839GAAA,0.857"
X-5975,NCOR2,9612.0,MutNovel,"-511S,0.974"
X-5975,NCRNA00185,55410.0,Del0.8,0.23
X-5975,NDC80,10403.0,Del0.8,0.72
X-5975,NDP,4693.0,Del0.8,0.71
X-5975,NDUFB11,54539.0,Del0.8,0.71
X-5975,NDUFV2,4729.0,Del0.8,0.75
X-5975,NEFL,4747.0,Del0.8,0.73
X-5975,NEFM,4741.0,Del0.8,0.73
X-5975,NEIL2,252969.0,Del0.8,0.74
X-5975,NEXN,91624.0,Del0.8,0.67
X-5975,NFKBIB,4793.0,Amp8,11
X-5975,NFXL1,152518.0,MutNovel,"I735L,0.495"
X-5975,NGF,4803.0,Del0.8,0.77
X-5975,NHLH2,4808.0,Del0.8,0.77
X-5975,NHS,4810.0,Del0.8,0.7
X-5975,NKX2-6,137814.0,Del0.8,0.73
X-5975,NKX3-1,4824.0,Del0.8,0.73
X-5975,NLGN4X,57502.0,Del0.8,0.71
X-5975,NLGN4Y,22829.0,Del0.8,0.23
X-5975,NOBOX,135935.0,Del0.8,0.66
X-5975,NPM2,10361.0,Del0.8,0.74
X-5975,NPR1,4881.0,MutNovel,"I751N,0.667"
X-5975,NR0B1,190.0,Del0.8,0.71
X-5975,NR1H2,7376.0,MutNovel,"-173Q,1.000"
X-5975,NRAS,4893.0,Del0.8,0.77
X-5975,NRG1,3084.0,Del0.8,0.71
X-5975,NSFP1,728806.0,Del0.8,0.77
X-5975,NTN4,59277.0,MutNovel,"L7R,0.667"
X-5975,NTNG1,22854.0,Del0.8,0.72
X-5975,NUDT10,170685.0,Del0.8,0.71
X-5975,NUDT11,55190.0,Del0.8,0.71
X-5975,NUDT18,79873.0,Del0.8,0.74
X-5975,NUMBL,9253.0,Amp8,11.88
X-5975,NUP43,348995.0,Amp5,6.41
X-5975,NYNRIN,57523.0,MutNovel,"L1713P,0.590"
X-5975,NYX,60506.0,Del0.8,0.71
X-5975,OFD1,8481.0,Del0.8,0.69
X-5975,OLFML3,56944.0,Del0.8,0.77
X-5975,OR2A4,79541.0,Amp8,10.41
X-5975,OR2A42,402317.0,Del0.8,0.66
X-5975,OR2A42,402317.0,Del0.8,0.66
X-5975,OR2A7,401427.0,Del0.8,0.66
X-5975,OR2A9P,441295.0,Del0.8,0.66
X-5975,OR2A9P,441295.0,Del0.8,0.66
X-5975,OR2T10,127069.0,Del0.8,0.47
X-5975,OR2T11,127077.0,Del0.8,0.66
X-5975,OR2T2,401992.0,Amp5,6.15
X-5975,ORAI1,84876.0,MutNovel,"PP43-,1.000"
X-5975,OTC,5009.0,Del0.8,0.71
X-5975,OTUD1,220213.0,MutNovel,"S326C,0.312"
X-5975,OTUD5,55593.0,Del0.8,0.71
X-5975,OVGP1,5016.0,Del0.8,0.76
X-5975,P2RX6,9127.0,Amp8,18.38
X-5975,P2RX6P,440799.0,Amp8,18.38
X-5975,PABPC3,5042.0,MutNovel,"KG231-,0.500"
X-5975,PAF1,54623.0,Amp8,11
X-5975,PAGE1,8712.0,Del0.8,0.71
X-5975,PAGE2,203569.0,Del0.8,0.71
X-5975,PAGE2B,389860.0,Del0.8,0.71
X-5975,PAGE3,139793.0,Del0.8,0.71
X-5975,PAGE4,9506.0,Del0.8,0.71
X-5975,PAGE5,90737.0,Del0.8,0.71
X-5975,PAK4,10298.0,Amp8,11
X-5975,PALM2-AKAP2,445815.0,MutNovel,"-840EA,0.404"
X-5975,PAPL,390928.0,Amp8,11
X-5975,PBK,55872.0,Del0.8,0.72
X-5975,PCDH11Y,83259.0,Del0.8,0.33
X-5975,PCDHGB5,56101.0,MutNovel,"P412S,1.000"
X-5975,PCM1,5108.0,Del0.8,0.74
X-5975,PCMT1,5110.0,Amp5,6.41
X-5975,PCSK1N,27344.0,Del0.8,0.71
X-5975,PCYT1B,9468.0,Del0.8,0.7
X-5975,PDE7B,27115.0,Amp8,15.45
X-5975,PDHA1,5160.0,Del0.8,0.7
X-5975,PDK3,5165.0,Del0.8,0.7
X-5975,PDLIM2,64236.0,Del0.8,0.76
X-5975,PEBP4,157310.0,Del0.8,0.76
X-5975,PEX6,5190.0,MutNovel,"R812W,0.407"
X-5975,PFKFB1,5207.0,Del0.8,0.71
X-5975,PGCP1,441897.0,Del0.8,0.76
X-5975,PHEX,5251.0,Del0.8,0.7
X-5975,PHF16,9767.0,Del0.8,0.71
X-5975,PHF8,23133.0,Del0.8,0.71
X-5975,PHKA2,5256.0,Del0.8,0.7
X-5975,PHLDA1,22822.0,MutNovel,"QQ194Q,1.000"
X-5975,PHRF1,57661.0,MutNovel,"TRSGT1016T,1.000"
X-5975,PHTF1,10745.0,Del0.8,0.77
X-5975,PI4KA,5297.0,Amp8,19.56
X-5975,PIGA,5277.0,Del0.8,0.69
X-5975,PIGK,10026.0,Del0.8,0.7
X-5975,PIM2,11040.0,Del0.8,0.71
X-5975,PINX1,54984.0,Del0.8,0.74
X-5975,PIR,8544.0,Del0.8,0.69
X-5975,PIR-FIGF,100532742.0,Del0.8,0.69
X-5975,PIWIL2,55124.0,Del0.8,0.76
X-5975,PLD3,23646.0,Amp8,11.88
X-5975,PLEKHG1,57480.0,Amp5,6.41
X-5975,PLEKHG2,64857.0,Amp8,11
X-5975,PLP2,5355.0,Del0.8,0.71
X-5975,PNMA2,10687.0,Del0.8,0.75
X-5975,PNOC,5368.0,Del0.8,0.72
X-5975,PNPLA4,8228.0,Del0.8,0.67
X-5975,POLA1,5422.0,Del0.8,0.7
X-5975,POLR3D,661.0,Del0.8,0.76
X-5975,POM121L4P,266697.0,Amp8,20.39
X-5975,PORCN,64840.0,Del0.8,0.71
X-5975,PPEF1,5475.0,Del0.8,0.7
X-5975,PPIL4,85313.0,Amp5,6.41
X-5975,PPM1J,333926.0,Del0.8,0.77
X-5975,PPP1R14A,94274.0,Amp5,7.67
X-5975,PPP1R14C,81706.0,Amp5,6.41
X-5975,PPP1R2P9,80316.0,Del0.8,0.71
X-5975,PPP1R3B,79660.0,Del0.8,0.72
X-5975,PPP1R3F,89801.0,Del0.8,0.71
X-5975,PPP2CB,5516.0,Del0.8,0.71
X-5975,PPP2R2A,5520.0,Del0.8,0.75
X-5975,PPP3CC,5533.0,Del0.8,0.76
X-5975,PPP4R1,9989.0,Del0.8,0.71
X-5975,PQBP1,10084.0,Del0.8,0.71
X-5975,PRAF2,11230.0,Del0.8,0.71
X-5975,PRDX4,10549.0,Del0.8,0.7
X-5975,PRICKLE3,4007.0,Del0.8,0.71
X-5975,PRKX,5613.0,Del0.8,0.71
X-5975,PRKY,5616.0,Del0.8,0.24
X-5975,PRMT6,55170.0,Del0.8,0.72
X-5975,PROK1,84432.0,Del0.8,0.76
X-5975,PRPF38B,55119.0,Del0.8,0.72
X-5975,PRPS2,5634.0,Del0.8,0.69
X-5975,PRRG1,5638.0,Del0.8,0.71
X-5975,PRSS55,203074.0,Del0.8,0.74
X-5975,PRX,57716.0,Amp8,11.88
X-5975,PRY,9081.0,Del0.8,0.23
X-5975,PRY,9081.0,Del0.8,0.13
X-5975,PRY2,442862.0,Del0.8,0.13
X-5975,PRY2,442862.0,Del0.8,0.23
X-5975,PSD3,23362.0,Del0.8,0.74
X-5975,PSMA5,5686.0,Del0.8,0.77
X-5975,PSMC4,5704.0,Amp8,12.3
X-5975,PSMD8,5714.0,Amp8,10.41
X-5975,PSRC1,84722.0,Del0.8,0.77
X-5975,PTCHD1,139411.0,Del0.8,0.7
X-5975,PTCHD2,57540.0,MutNovel,"R282C,0.425"
X-5975,PTGFR,5737.0,Del0.8,0.69
X-5975,PTGFRN,5738.0,Del0.8,0.75
X-5975,PTK2B,2185.0,Del0.8,0.72
X-5975,PTPN22,26191.0,Del0.8,0.77
X-5975,PTPRK,5796.0,Amp5,7.57
X-5975,PTPRM,5797.0,Del0.8,0.75
X-5975,PURG,29942.0,Del0.8,0.71
X-5975,PVRIG,79037.0,MutNovel,"H23R,0.556"
X-5975,PVRIG,79037.0,MutNovel,"V27A,0.500"
X-5975,PYGB,5834.0,MutNovel,"M605L,0.446"
X-5975,R3HCC1,203069.0,Del0.8,0.76
X-5975,RAB12,201475.0,Del0.8,0.75
X-5975,RAB32,10981.0,Amp5,5.06
X-5975,RAB4B,53916.0,Amp8,11.88
X-5975,RAB4B-EGLN2,100529264.0,Amp8,9.78
X-5975,RAB9A,9367.0,Del0.8,0.69
X-5975,RAET1E,135250.0,Amp5,6.41
X-5975,RAET1G,353091.0,Amp5,6.41
X-5975,RAET1K,646024.0,Amp5,6.41
X-5975,RAET1L,154064.0,Amp5,6.41
X-5975,RAI2,10742.0,Del0.8,0.7
X-5975,RALBP1,10928.0,Del0.8,0.71
X-5975,RAP1A,5906.0,Del0.8,0.76
X-5975,RASGRP4,115727.0,Amp8,10.41
X-5975,RBBP7,5931.0,Del0.8,0.7
X-5975,RBM10,8241.0,Del0.8,0.71
X-5975,RBM15,64783.0,Del0.8,0.76
X-5975,RBM3,5935.0,Del0.8,0.71
X-5975,RBM44,375316.0,MutNovel,"E174K,1.000"
X-5975,RBMY1A3P,286557.0,Del0.8,0.24
X-5975,RBMY1B,378948.0,Del0.8,0.23
X-5975,RBMY1B,378948.0,Del0.8,0.23
X-5975,RBMY1E,378950.0,Del0.8,0.23
X-5975,RBMY1E,378950.0,Del0.8,0.23
X-5975,RBMY1F,159163.0,Del0.8,0.17
X-5975,RBMY1F,159163.0,Del0.8,0.23
X-5975,RBMY1J,378951.0,Del0.8,0.23
X-5975,RBMY1J,378951.0,Del0.8,0.13
X-5975,RBMY2EP,159125.0,Del0.8,0.23
X-5975,RBMY2FP,159162.0,Del0.8,0.23
X-5975,RBMY3AP,64593.0,Del0.8,0.23
X-5975,RBPMS,11030.0,Del0.8,0.71
X-5975,REEP4,80346.0,Del0.8,0.74
X-5975,REPS2,9185.0,Del0.8,0.7
X-5975,RGN,9104.0,Del0.8,0.71
X-5975,RHOBTB2,23221.0,Del0.8,0.76
X-5975,RHOC,389.0,Del0.8,0.77
X-5975,RIBC1,158787.0,Del0.8,0.71
X-5975,RIN3,79890.0,MutNovel,"G408E,0.720"
X-5975,RINL,126432.0,Amp8,11
X-5975,RMND1,55005.0,Amp5,6.41
X-5975,RNF122,79845.0,Del0.8,0.71
X-5975,RNF146,81847.0,Amp5,7.62
X-5975,RNF217,154214.0,Amp5,6.36
X-5975,ROCK1P1,727758.0,Del0.8,0.75
X-5975,RP11-165H20.1,149620.0,Del0.8,0.74
X-5975,RP1L1,94137.0,Del0.8,0.74
X-5975,RP2,6102.0,Del0.8,0.71
X-5975,RPGR,6103.0,Del0.8,0.71
X-5975,RPS12,6206.0,Amp8,10.41
X-5975,RPS16,6217.0,Amp8,11
X-5975,RPS17L,,MutNovel,"S43G,0.750"
X-5975,RPS4Y1,6192.0,Del0.8,0.33
X-5975,RPS4Y2,140032.0,Del0.8,0.23
X-5975,RPS6KA3,6197.0,Del0.8,0.7
X-5975,RRAGB,10325.0,Del0.8,0.71
X-5975,RS1,6247.0,Del0.8,0.7
X-5975,RSBN1,54665.0,Del0.8,0.77
X-5975,RSPO3,84870.0,Amp5,7.62
X-5975,RYR1,6261.0,Amp8,10.41
X-5975,S100A7A,338324.0,MutNovel,"G25D,0.242"
X-5975,S100A7A,338324.0,MutNovel,"E28D,0.297"
X-5975,S100G,795.0,Del0.8,0.7
X-5975,SAMD3,154075.0,Amp5,5.9
X-5975,SAMD4B,55095.0,Amp8,11
X-5975,SAMD5,389432.0,Amp5,6.41
X-5975,SARS,6301.0,Del0.8,0.77
X-5975,SARS2,54938.0,Amp8,11
X-5975,SASH1,23328.0,Amp5,6.41
X-5975,SAT1,6303.0,Del0.8,0.7
X-5975,SCARA3,51435.0,Del0.8,0.72
X-5975,SCARA5,286133.0,Del0.8,0.72
X-5975,SCARF2,91179.0,Amp8,21.71
X-5975,SCARNA23,677773.0,Del0.8,0.7
X-5975,SCARNA9L,100158262.0,Del0.8,0.7
X-5975,SCML1,6322.0,Del0.8,0.7
X-5975,SCML2,10389.0,Del0.8,0.7
X-5975,SELV,348303.0,Amp8,11
X-5975,SERINC2,347735.0,MutNovel,"-373Q,1.000"
X-5975,SERPIND1,3053.0,Amp8,19.84
X-5975,SERTAD1,29950.0,Amp8,11.88
X-5975,SERTAD3,29946.0,Amp8,11.88
X-5975,SFTPC,6440.0,Del0.8,0.74
X-5975,SGCZ,137868.0,Del0.8,0.7
X-5975,SGK1,6446.0,Amp8,21.71
X-5975,SGK223,157285.0,Del0.8,0.72
X-5975,SH2D4A,63898.0,Del0.8,0.74
X-5975,SH3KBP1,30011.0,MutNovel,"L463I,1.000"
X-5975,SH3KBP1,30011.0,Del0.8,0.7
X-5975,SHKBP1,92799.0,Amp8,11.88
X-5975,SHPRH,257218.0,Amp5,5.06
X-5975,SHROOM2,357.0,Del0.8,0.69
X-5975,SHROOM4,57477.0,Del0.8,0.71
X-5975,SIKE1,80143.0,Del0.8,0.77
X-5975,SIPA1L3,23094.0,Amp8,10.85
X-5975,SIRPG,55423.0,MutNovel,"M34V,1.000"
X-5975,SIRT2,22933.0,Amp8,11
X-5975,SLC16A4,9122.0,Del0.8,0.76
X-5975,SLC18A1,6570.0,Del0.8,0.74
X-5975,SLC22A15,55356.0,Del0.8,0.77
X-5975,SLC25A24,29957.0,Del0.8,0.72
X-5975,SLC25A37,51312.0,Del0.8,0.73
X-5975,SLC2A12,154091.0,Amp8,20.53
X-5975,SLC35A2,7355.0,Del0.8,0.71
X-5975,SLC35G5,83650.0,Del0.8,0.74
X-5975,SLC38A5,92745.0,Del0.8,0.71
X-5975,SLC39A14,23516.0,Del0.8,0.76
X-5975,SLC6A17,388662.0,Del0.8,0.76
X-5975,SLC7A2,6542.0,Del0.8,0.71
X-5975,SLC7A4,6545.0,Amp8,18.38
X-5975,SLC9A7,84679.0,Del0.8,0.71
X-5975,SMC1A,8243.0,Del0.8,0.71
X-5975,SMCHD1,23347.0,Del0.8,0.72
X-5975,SMEK3P,139420.0,Del0.8,0.7
X-5975,SMPX,23676.0,Del0.8,0.7
X-5975,SMS,6611.0,Del0.8,0.7
X-5975,SNAP29,9342.0,Amp8,23.26
X-5975,SNAPC2,6618.0,MutNovel,"S139C,0.403"
X-5975,SNORA11,677799.0,Del0.8,0.71
X-5975,SNORA11C,100124540.0,Del0.8,0.71
X-5975,SNORA11D,100124541.0,Del0.8,0.71
X-5975,SNORA11D,100124541.0,Del0.8,0.71
X-5975,SNORA11E,100124542.0,Del0.8,0.71
X-5975,SNORA11E,100124542.0,Del0.8,0.71
X-5975,SNORA33,594839.0,Amp8,10.41
X-5975,SNRPA,6626.0,Amp8,11.88
X-5975,SORBS3,10174.0,Del0.8,0.76
X-5975,SORT1,6272.0,Del0.8,0.77
X-5975,SOX7,83595.0,Del0.8,0.74
X-5975,SPACA5,389852.0,Del0.8,0.71
X-5975,SPAG17,200162.0,Del0.8,0.75
X-5975,SPANXN5,494197.0,Del0.8,0.71
X-5975,SPINT2,10653.0,Amp8,10.41
X-5975,SPRED3,399473.0,Amp8,10.41
X-5975,SPRR2F,6705.0,MutNovel,"S39P,0.667"
X-5975,SPTBN4,57731.0,Amp8,11.88
X-5975,SRG7,642864.0,Del0.8,0.72
X-5975,SRP68,6730.0,MutNovel,"I307T,1.000"
X-5975,SRPX,8406.0,Del0.8,0.71
X-5975,SRY,6736.0,Del0.8,0.33
X-5975,SSX1,6756.0,Del0.8,0.71
X-5975,SSX2,6757.0,Del0.8,0.71
X-5975,SSX2,6757.0,Del0.8,0.71
X-5975,SSX2B,727837.0,Del0.8,0.71
X-5975,SSX2B,727837.0,Del0.8,0.71
X-5975,SSX3,10214.0,Del0.8,0.71
X-5975,SSX4,6759.0,Del0.8,0.71
X-5975,SSX4,6759.0,Del0.8,0.71
X-5975,SSX5,6758.0,Del0.8,0.71
X-5975,SSX6,280657.0,Del0.8,0.71
X-5975,SSX7,280658.0,Del0.8,0.71
X-5975,SSX8,280659.0,Del0.8,0.71
X-5975,ST6GALNAC3,256435.0,Del0.8,0.71
X-5975,ST6GALNAC5,81849.0,Del0.8,0.8
X-5975,ST7L,54879.0,Del0.8,0.77
X-5975,STC1,6781.0,Del0.8,0.73
X-5975,STL,7955.0,Amp5,6.36
X-5975,STMN4,81551.0,Del0.8,0.72
X-5975,STS,412.0,Del0.8,0.67
X-5975,STX7,8417.0,Amp8,10.41
X-5975,STXBP1,6812.0,MutNovel,"R505C,0.385"
X-5975,STXBP3,6814.0,Del0.8,0.72
X-5975,STXBP5,134957.0,Amp5,7.46
X-5975,SULT1A2,6799.0,MutNovel,"RR244PQ,1.000"
X-5975,SUMO4,387082.0,Amp5,6.41
X-5975,SUPT5H,6829.0,Amp8,11
X-5975,SUV39H1,6839.0,Del0.8,0.71
X-5975,SYAP1,94056.0,Del0.8,0.7
X-5975,SYCN,342898.0,Amp8,11
X-5975,SYCP1,6847.0,Del0.8,0.77
X-5975,SYN1,6853.0,Del0.8,0.71
X-5975,SYP,6855.0,Del0.8,0.71
X-5975,SYPL2,284612.0,Del0.8,0.77
X-5975,SYT6,148281.0,Del0.8,0.77
X-5975,SYTL5,94122.0,Del0.8,0.71
X-5975,TAAR1,134864.0,Amp8,10.41
X-5975,TAAR2,9287.0,Amp8,10.41
X-5975,TAAR3,9288.0,Amp8,10.41
X-5975,TAAR5,9038.0,Amp8,10.41
X-5975,TAAR6,319100.0,Amp8,10.41
X-5975,TAAR8,83551.0,Amp8,10.41
X-5975,TAAR9,134860.0,Amp8,10.41
X-5975,TAB2,23118.0,Amp5,6.41
X-5975,TAB3,257397.0,Del0.8,0.71
X-5975,TAF7L,54457.0,MutNovel,"EDE349E,1.000"
X-5975,TANC2,26115.0,MutNovel,"Y1725C,1.000"
X-5975,TBC1D25,4943.0,Del0.8,0.71
X-5975,TBC1D3C,414060.0,MutNovel,"P358Q,1.000"
X-5975,TBL1X,6907.0,Del0.8,0.69
X-5975,TBL1Y,90665.0,Del0.8,0.24
X-5975,TBP,6908.0,MutNovel,"-64Q,1.000"
X-5975,TBPL1,9519.0,Amp8,11.96
X-5975,TCEANC,170082.0,Del0.8,0.69
X-5975,TCF21,6943.0,Amp8,19.29
X-5975,TDH,157739.0,Del0.8,0.74
X-5975,TEX15,56154.0,Del0.8,0.71
X-5975,TFE3,7030.0,Del0.8,0.71
X-5975,TGIF1,7050.0,Del0.8,0.72
X-5975,TGIF2LY,90655.0,Del0.8,0.33
X-5975,THAP7,80764.0,Amp8,18.38
X-5975,THAP7-AS1,439931.0,Amp8,18.38
X-5975,THEMIS,387357.0,Amp8,8.63
X-5975,THOC1,9984.0,Del0.8,0.75
X-5975,TIMM17B,10245.0,Del0.8,0.71
X-5975,TIMM50,92609.0,Amp8,11
X-5975,TIMP1,7076.0,Del0.8,0.71
X-5975,TLE2,7089.0,MutNovel,"T492K,0.333"
X-5975,TLR7,51284.0,Del0.8,0.69
X-5975,TLR8,51311.0,Del0.8,0.69
X-5975,TLR8-AS1,349408.0,Del0.8,0.69
X-5975,TMBIM4,51643.0,MutKnownFunctional,"-174?,0.935"
X-5975,TMEM184A,202915.0,MutNovel,"G392GA,1.000"
X-5975,TMEM191A,84222.0,Amp8,20.39
X-5975,TMEM200A,114801.0,Amp5,5.9
X-5975,TMEM200C,645369.0,Del0.8,0.75
X-5975,TMEM27,57393.0,Del0.8,0.69
X-5975,TMEM47,83604.0,Del0.8,0.71
X-5975,TMEM66,51669.0,Del0.8,0.71
X-5975,TMSB4X,7114.0,Del0.8,0.69
X-5975,TMSB4Y,9087.0,Del0.8,0.23
X-5975,TNFRSF10A,8797.0,Del0.8,0.76
X-5975,TNFRSF10B,8795.0,Del0.8,0.76
X-5975,TNFRSF10C,8794.0,Del0.8,0.76
X-5975,TNFRSF10D,8793.0,Del0.8,0.76
X-5975,TNKS,8658.0,Del0.8,0.74
X-5975,TOR4A,,MutNovel,"D151H,0.769"
X-5975,TPD52L1,7164.0,Amp5,6.54
X-5975,TRAPPC2,6399.0,Del0.8,0.69
X-5975,TRIM33,51592.0,Del0.8,0.77
X-5975,TRIM35,23087.0,Del0.8,0.72
X-5975,TRIM45,80263.0,Del0.8,0.75
X-5975,TRIM6,117854.0,MutNovel,"R267C,0.290"
X-5975,TRMT11,60487.0,Amp5,7.62
X-5975,TRO,7216.0,Del0.8,0.71
X-5975,TRRAP,8295.0,MutNovel,"Q621H,0.637"
X-5975,TSHB,7252.0,Del0.8,0.77
X-5975,TSPAN2,10100.0,Del0.8,0.77
X-5975,TSPAN7,7102.0,Del0.8,0.71
X-5975,TSPY1,7258.0,Del0.8,0.24
X-5975,TSPY2,64591.0,Del0.8,0.12
X-5975,TSPY3,728137.0,Del0.8,0.24
X-5975,TSPY4,728395.0,Del0.8,0.24
X-5975,TSPY8,728403.0,Del0.8,0.24
X-5975,TSPYL1,7259.0,MutNovel,"V176VW,1.000"
X-5975,TSPYL2,64061.0,Del0.8,0.71
X-5975,TSR2,90121.0,Del0.8,0.71
X-5975,TTC9B,148014.0,Amp8,12.3
X-5975,TTF2,8458.0,Del0.8,0.75
X-5975,TTI2,80185.0,Del0.8,0.71
X-5975,TTTY10,246119.0,Del0.8,0.23
X-5975,TTTY11,83866.0,Del0.8,0.24
X-5975,TTTY12,83867.0,Del0.8,0.24
X-5975,TTTY13,83868.0,Del0.8,0.23
X-5975,TTTY14,83869.0,Del0.8,0.23
X-5975,TTTY15,64595.0,Del0.8,0.23
X-5975,TTTY16,252948.0,Del0.8,0.24
X-5975,TTTY17A,252949.0,Del0.8,0.1
X-5975,TTTY17A,252949.0,Del0.8,0.33
X-5975,TTTY18,252950.0,Del0.8,0.24
X-5975,TTTY19,252952.0,Del0.8,0.24
X-5975,TTTY1B,100101116.0,Del0.8,0.12
X-5975,TTTY1B,100101116.0,Del0.8,0.23
X-5975,TTTY2,60439.0,Del0.8,0.23
X-5975,TTTY2,60439.0,Del0.8,0.12
X-5975,TTTY20,252951.0,Del0.8,0.24
X-5975,TTTY21,252953.0,Del0.8,0.23
X-5975,TTTY21,252953.0,Del0.8,0.24
X-5975,TTTY22,252954.0,Del0.8,0.23
X-5975,TTTY23,252955.0,Del0.8,0.23
X-5975,TTTY23,252955.0,Del0.8,0.33
X-5975,TTTY3,114760.0,Del0.8,0.13
X-5975,TTTY3,114760.0,Del0.8,0.13
X-5975,TTTY4,114761.0,Del0.8,0.08
X-5975,TTTY4,114761.0,Del0.8,0.1
X-5975,TTTY5,83863.0,Del0.8,0.23
X-5975,TTTY6,84672.0,Del0.8,0.13
X-5975,TTTY6,84672.0,Del0.8,0.23
X-5975,TTTY7,246122.0,Del0.8,0.24
X-5975,TTTY7,246122.0,Del0.8,0.23
X-5975,TTTY7B,100101120.0,Del0.8,0.24
X-5975,TTTY7B,100101120.0,Del0.8,0.23
X-5975,TTTY8,84673.0,Del0.8,0.24
X-5975,TTTY8,84673.0,Del0.8,0.23
X-5975,TTTY9A,83864.0,Del0.8,0.13
X-5975,TTTY9A,83864.0,Del0.8,0.13
X-5975,TUSC3,7991.0,Del0.8,0.7
X-5975,TWSG1,57045.0,Del0.8,0.71
X-5975,TXLNG,55787.0,Del0.8,0.7
X-5975,TXLNG2P,246126.0,Del0.8,0.23
X-5975,TXNDC2,84203.0,Del0.8,0.75
X-5975,TYMS,7298.0,Del0.8,0.75
X-5975,UAP1L1,91373.0,MutNovel,"S490F,0.443"
X-5975,UBA1,7317.0,Del0.8,0.71
X-5975,UBL4B,164153.0,Del0.8,0.76
X-5975,UBXN8,7993.0,Del0.8,0.71
X-5975,ULBP1,80329.0,Amp5,6.41
X-5975,ULBP2,80328.0,Amp5,6.41
X-5975,ULBP3,79465.0,Amp5,6.41
X-5975,UNC5D,137970.0,Del0.8,0.68
X-5975,USP11,8237.0,Del0.8,0.71
X-5975,USP14,9097.0,Del0.8,0.75
X-5975,USP17L2,377630.0,Del0.8,0.74
X-5975,USP27X,389856.0,Del0.8,0.71
X-5975,USP33,23032.0,Del0.8,0.68
X-5975,USP51,158880.0,Del0.8,0.71
X-5975,USP9X,8239.0,Del0.8,0.71
X-5975,USP9Y,8287.0,Del0.8,0.23
X-5975,UST,10090.0,Amp5,6.41
X-5975,UTY,7404.0,Del0.8,0.23
X-5975,UXT,8409.0,Del0.8,0.71
X-5975,VANGL1,81839.0,Del0.8,0.77
X-5975,VAPA,9218.0,Del0.8,0.75
X-5975,VAV3,10451.0,Del0.8,0.72
X-5975,VCX,26609.0,Del0.8,0.67
X-5975,VCX2,51480.0,Del0.8,0.67
X-5975,VCX3A,51481.0,Del0.8,0.71
X-5975,VCX3B,425054.0,Del0.8,0.69
X-5975,VCY,9084.0,Del0.8,0.23
X-5975,VCY,9084.0,Del0.8,0.23
X-5975,VENTXP1,139538.0,Del0.8,0.7
X-5975,VNN1,8876.0,Amp8,10.41
X-5975,VNN2,8875.0,Amp8,10.41
X-5975,VNN3,55350.0,Amp8,10.41
X-5975,VPS37A,137492.0,Del0.8,0.71
X-5975,VTCN1,79679.0,Del0.8,0.75
X-5975,WAS,7454.0,Del0.8,0.71
X-5975,WASF1,8936.0,MutNovel,"S550T,0.500"
X-5975,WDHD1,11169.0,MutKnownFunctional,"R1053*,0.257"
X-5975,WDR13,64743.0,Del0.8,0.71
X-5975,WDR24,84219.0,MutNovel,"R337H,0.508"
X-5975,WDR3,10885.0,Del0.8,0.75
X-5975,WDR45,11152.0,Del0.8,0.71
X-5975,WDR77,79084.0,Del0.8,0.76
X-5975,WDR87,83889.0,Amp8,10.85
X-5975,WNK3,65267.0,Del0.8,0.71
X-5975,WNT2B,7482.0,Del0.8,0.77
X-5975,WRN,7486.0,Del0.8,0.71
X-5975,WTIP,126374.0,MutNovel,"E70K,1.000"
X-5975,WWC3,55841.0,Del0.8,0.69
X-5975,XAGE1A,653219.0,Del0.8,0.71
X-5975,XAGE1A,653219.0,Del0.8,0.71
X-5975,XAGE1C,653048.0,Del0.8,0.71
X-5975,XAGE1C,653048.0,Del0.8,0.71
X-5975,XAGE2,9502.0,Del0.8,0.71
X-5975,XAGE2,9502.0,Del0.8,0.71
X-5975,XAGE3,170626.0,Del0.8,0.71
X-5975,XAGE5,170627.0,Del0.8,0.71
X-5975,XG,7499.0,Del0.8,0.71
X-5975,XGPY2,100132596.0,Del0.8,0.71
X-5975,XK,7504.0,Del0.8,0.71
X-5975,XKR6,286046.0,Del0.8,0.74
X-5975,XKRY2,353515.0,Del0.8,0.13
X-5975,XKRY2,353515.0,Del0.8,0.13
X-5975,XPO7,23039.0,Del0.8,0.74
X-5975,YES1,7525.0,Del0.8,0.75
X-5975,YIF1B,90522.0,Amp8,10.41
X-5975,YY2,404281.0,Del0.8,0.7
X-5975,ZBED1,9189.0,Del0.8,0.71
X-5975,ZBTB2,57621.0,Amp5,6.41
X-5975,ZC3H12D,340152.0,Amp5,6.41
X-5975,ZDHHC2,51201.0,Del0.8,0.71
X-5975,ZFP161,7541.0,Del0.8,0.75
X-5975,ZFP30,22835.0,Amp8,13.09
X-5975,ZFP36,7538.0,Amp8,11
X-5975,ZFX,7543.0,Del0.8,0.7
X-5975,ZFY,7544.0,Del0.8,0.33
X-5975,ZMPSTE24,10269.0,MutNovel,"G426E,0.482"
X-5975,ZNF117,51351.0,MutNovel,"I438M,0.984"
X-5975,ZNF157,7712.0,Del0.8,0.71
X-5975,ZNF165,7718.0,MutNovel,"H394N,0.225"
X-5975,ZNF182,7569.0,Del0.8,0.71
X-5975,ZNF24,7572.0,MutNovel,"R144H,0.641"
X-5975,ZNF280D,54816.0,MutNovel,"R686W,0.983"
X-5975,ZNF318,24149.0,MutNovel,"R84P,1.000"
X-5975,ZNF383,163087.0,Amp5,5.78
X-5975,ZNF395,55893.0,Del0.8,0.72
X-5975,ZNF41,7592.0,Del0.8,0.71
X-5975,ZNF420,147923.0,Amp5,5.78
X-5975,ZNF527,84503.0,Amp8,13.18
X-5975,ZNF540,163255.0,Amp8,14.32
X-5975,ZNF546,339327.0,Amp8,12.3
X-5975,ZNF569,148266.0,Amp8,10.78
X-5975,ZNF570,148268.0,Amp8,10.78
X-5975,ZNF571,51276.0,Amp8,13
X-5975,ZNF573,126231.0,Amp8,10.85
X-5975,ZNF585A,199704.0,Amp5,5.78
X-5975,ZNF585B,92285.0,Amp5,5.78
X-5975,ZNF600,162966.0,MutKnownFunctional,"R126*,0.300"
X-5975,ZNF607,84775.0,Amp8,10.85
X-5975,ZNF622,90441.0,Del0.8,0.73
X-5975,ZNF630,57232.0,Del0.8,0.71
X-5975,ZNF645,158506.0,Del0.8,0.7
X-5975,ZNF673,55634.0,Del0.8,0.71
X-5975,ZNF674,641339.0,Del0.8,0.71
X-5975,ZNF705D,728957.0,Del0.8,0.74
X-5975,ZNF74,7625.0,Amp8,17.51
X-5975,ZNF780A,284323.0,Amp8,12.3
X-5975,ZNF780B,163131.0,Amp8,12.3
X-5975,ZNF781,163115.0,Amp8,10.85
X-5975,ZNF793,390927.0,Amp8,10.78
X-5975,ZNF799,90576.0,MutNovel,"T14I,0.274"
X-5975,ZNF81,347344.0,Del0.8,0.71
X-5975,ZRSR2,8233.0,Del0.8,0.7
X-5975,ZZZ3,26009.0,Del0.8,0.68
X-6047,AAED1,,MutNovel,"P4L,1.000"
X-6047,AAGAB,79719.0,MutNovel,"P6A,1.000"
X-6047,AASDHPPT,60496.0,Del0.8,0.72
X-6047,ABAT,18.0,Del0.8,0.75
X-6047,ABCA13,154664.0,MutKnownFunctional,"-132?,0.500"
X-6047,ABCG4,64137.0,Del0.8,0.76
X-6047,ABHD6,57406.0,Del0.8,0.71
X-6047,ACAD8,27034.0,MutNovel,"R296Q,1.000"
X-6047,ACAT1,38.0,Del0.8,0.72
X-6047,ACE2,59272.0,Del0.8,0.68
X-6047,ACOT1,641371.0,Del0.8,0.63
X-6047,ACOT9,23597.0,Del0.8,0.7
X-6047,ACOX2,8309.0,Del0.8,0.71
X-6047,ACTR8,93973.0,Del0.8,0.7
X-6047,ADAMTS4,9507.0,MutNovel,"K251N,0.361"
X-6047,ADAMTS8,11095.0,MutNovel,"-22C,1.000"
X-6047,ADAMTS9,56999.0,Del0.8,0.71
X-6047,ADCY9,115.0,Del0.8,0.79
X-6047,ADCYAP1,116.0,Amp5,5.28
X-6047,AFG3L2,10939.0,Amp5,5.03
X-6047,AGAP7,653268.0,MutNovel,"I31T,1.000"
X-6047,AGPAT4-IT1,79992.0,Del0.8,0.73
X-6047,AHNAK2,113146.0,MutNovel,"E1856D,0.241"
X-6047,AKAP17A,8227.0,Del0.8,0.76
X-6047,AKAP4,8852.0,Del0.8,0.71
X-6047,ALAS1,211.0,Del0.8,0.7
X-6047,ALAS2,212.0,Del0.8,0.71
X-6047,ALG1,56052.0,Del0.8,0.73
X-6047,ALG9,79796.0,Del0.8,0.7
X-6047,ALKBH8,91801.0,Del0.8,0.72
X-6047,AMD1,262.0,MutKnownFunctional,"QQ21H*,0.308"
X-6047,AMELX,265.0,Del0.8,0.69
X-6047,AMELY,266.0,Del0.8,0.17
X-6047,AMH,268.0,MutNovel,"S331P,1.000"
X-6047,AMICA1,120425.0,Del0.8,0.76
X-6047,ANAPC5,51433.0,MutNovel,"S144N,0.316"
X-6047,ANKK1,255239.0,Del0.8,0.7
X-6047,ANKRD20A5P,440482.0,Amp5,5.03
X-6047,ANKRD24,170961.0,MutNovel,"V971A,1.000"
X-6047,ANKRD36C,,MutNovel,"K1115Q,0.556"
X-6047,ANKRD9,122416.0,MutNovel,"P115L,1.000"
X-6047,ANKS3,124401.0,Del0.8,0.79
X-6047,ANXA8L1,728113.0,MutNovel,"I286T,1.000"
X-6047,AP1S2,8905.0,Del0.8,0.7
X-6047,AP5Z1,,MutNovel,"A362S,0.530"
X-6047,APEX2,27301.0,Del0.8,0.71
X-6047,APLP2,334.0,MutNovel,"E222D,0.438"
X-6047,APOA1,335.0,Del0.8,0.69
X-6047,APOA4,337.0,Del0.8,0.69
X-6047,APOA5,116519.0,Del0.8,0.73
X-6047,APOC3,345.0,Del0.8,0.69
X-6047,APOO,79135.0,Del0.8,0.7
X-6047,APPL1,26060.0,Del0.8,0.71
X-6047,AR,367.0,MutNovel,"Q58H,1.000"
X-6047,ARAF,369.0,Del0.8,0.71
X-6047,ARCN1,372.0,Del0.8,0.76
X-6047,ARF4,378.0,Del0.8,0.71
X-6047,ARHGAP18,93663.0,Amp5,5.1
X-6047,ARHGAP20,57569.0,Del0.8,0.7
X-6047,ARHGAP28,79822.0,Amp5,5.28
X-6047,ARHGAP6,395.0,Del0.8,0.69
X-6047,ARHGEF3,50650.0,Del0.8,0.71
X-6047,ARHGEF35,445328.0,MutNovel,"R51K,0.444"
X-6047,ARIH2,10425.0,MutNovel,"C156S,0.294"
X-6047,ARL6IP5,10550.0,Del0.8,0.71
X-6047,ARL8B,55207.0,Del0.8,0.74
X-6047,ARRB1,408.0,MutNovel,"R236H,0.387"
X-6047,ARSD,414.0,Del0.8,0.76
X-6047,ARSE,415.0,Del0.8,0.76
X-6047,ARSF,416.0,Del0.8,0.76
X-6047,ARSH,347527.0,Del0.8,0.76
X-6047,ARVCF,421.0,MutNovel,"P403L,1.000"
X-6047,ARVCF,421.0,Del0.8,0.77
X-6047,ARX,170302.0,Del0.8,0.7
X-6047,ASB11,140456.0,Del0.8,0.68
X-6047,ASB14,142686.0,Del0.8,0.71
X-6047,ASB9,140462.0,Del0.8,0.68
X-6047,ASH1L,55870.0,MutNovel,"D1773V,0.311"
X-6047,ASMT,438.0,Del0.8,0.76
X-6047,ASMTL,8623.0,Del0.8,0.76
X-6047,ASMTL-AS1,80161.0,Del0.8,0.76
X-6047,ATG14,22863.0,Amp5,6.32
X-6047,ATG16L2,89849.0,MutNovel,"P59L,0.400"
X-6047,ATM,472.0,Del0.8,0.72
X-6047,ATP5L,10632.0,Del0.8,0.76
X-6047,ATP6AP2,10159.0,Del0.8,0.71
X-6047,ATP6V1E1,529.0,Del0.8,0.76
X-6047,ATXN3L,92552.0,Del0.8,0.69
X-6047,ATXN7,6314.0,Del0.8,0.71
X-6047,B3GNTL1,146712.0,MutNovel,"A235V,0.556"
X-6047,BACE1,23621.0,Del0.8,0.76
X-6047,BACE1-AS,100379571.0,Del0.8,0.76
X-6047,BAP1,8314.0,Del0.8,0.7
X-6047,BASP1,10409.0,MutNovel,"D74E,0.315"
X-6047,BCAS3,54828.0,MutKnownFunctional,"S823*,1.000"
X-6047,BCL2,596.0,MutNovel,"V226M,1.000"
X-6047,BCL2L1,598.0,MutNovel,"V10I,0.336"
X-6047,BCL2L13,23786.0,Del0.8,0.76
X-6047,BCL9L,283149.0,Del0.8,0.76
X-6047,BCO2,83875.0,Del0.8,0.7
X-6047,BCOR,54880.0,Del0.8,0.71
X-6047,BCORP1,286554.0,Del0.8,0.16
X-6047,BEND2,139105.0,Del0.8,0.7
X-6047,BHLHE40,8553.0,Del0.8,0.74
X-6047,BID,637.0,Del0.8,0.76
X-6047,BMP15,9210.0,Del0.8,0.71
X-6047,BMP2K,55589.0,MutNovel,"Q486H,1.000"
X-6047,BMX,660.0,Del0.8,0.68
X-6047,BOP1,23246.0,MutNovel,"K339R,1.000"
X-6047,BPY2B,442867.0,Del0.8,0.06
X-6047,BPY2B,442867.0,Del0.8,0.1
X-6047,BRD4,23476.0,MutNovel,"H1136Q,0.394"
X-6047,BTG4,54766.0,Del0.8,0.7
X-6047,BUD13,84811.0,Del0.8,0.73
X-6047,C11orf1,64776.0,Del0.8,0.7
X-6047,C11orf34,349633.0,Del0.8,0.7
X-6047,C11orf53,341032.0,Del0.8,0.7
X-6047,C11orf57,55216.0,Del0.8,0.7
X-6047,C11orf65,160140.0,Del0.8,0.72
X-6047,C11orf71,54494.0,Del0.8,0.73
X-6047,C11orf87,399947.0,Del0.8,0.72
X-6047,C11orf88,399949.0,Del0.8,0.7
X-6047,C11orf92,399948.0,Del0.8,0.7
X-6047,C11orf93,120376.0,Del0.8,0.7
X-6047,C16orf5,29965.0,Del0.8,0.79
X-6047,C16orf71,146562.0,Del0.8,0.79
X-6047,C16orf72,29035.0,Del0.8,0.75
X-6047,C16orf89,146556.0,Del0.8,0.73
X-6047,C16orf90,646174.0,Del0.8,0.79
X-6047,C16orf96,342346.0,Del0.8,0.79
X-6047,C17orf51,339263.0,MutKnownFunctional,"-34?,1.000"
X-6047,C17orf97,400566.0,MutNovel,"D228N,0.267"
X-6047,C18orf1,753.0,Amp5,5.03
X-6047,C18orf42,642597.0,Amp5,5.28
X-6047,C18orf56,494514.0,Amp5,5.28
X-6047,C19orf21,126353.0,MutNovel,"R3H,0.423"
X-6047,C1QTNF5,114902.0,Del0.8,0.76
X-6047,C21orf58,54058.0,MutNovel,"H299PN,1.000"
X-6047,C22orf25,128989.0,Del0.8,0.77
X-6047,C22orf29,79680.0,Del0.8,0.77
X-6047,C22orf39,128977.0,Del0.8,0.77
X-6047,C2CD2L,9854.0,Del0.8,0.76
X-6047,C3orf14,57415.0,Del0.8,0.71
X-6047,C3orf32,51066.0,Del0.8,0.71
X-6047,C3orf37,56941.0,MutNovel,"R117H,0.437"
X-6047,C3orf38,285237.0,Del0.8,0.68
X-6047,C3orf49,132200.0,Del0.8,0.71
X-6047,C3orf67,200844.0,Del0.8,0.71
X-6047,C3orf74,100128378.0,Del0.8,0.7
X-6047,C3orf78,440957.0,Del0.8,0.7
X-6047,C4orf48,401115.0,Del0.8,0.74
X-6047,C5orf55,116349.0,MutNovel,"R73H,0.333"
X-6047,C9orf72,203228.0,Del0.8,0.68
X-6047,CA5B,11238.0,Del0.8,0.7
X-6047,CACNA1D,776.0,Del0.8,0.7
X-6047,CACNA1F,778.0,Del0.8,0.71
X-6047,CACNA2D3,55799.0,Del0.8,0.7
X-6047,CADM1,23705.0,Del0.8,0.73
X-6047,CADM2,253559.0,Del0.8,0.68
X-6047,CADPS,8618.0,Del0.8,0.71
X-6047,CARD16,114769.0,Del0.8,0.72
X-6047,CARD17,440068.0,Del0.8,0.72
X-6047,CARD18,59082.0,Del0.8,0.72
X-6047,CARHSP1,23589.0,Del0.8,0.75
X-6047,CASK,8573.0,Del0.8,0.71
X-6047,CASP1,834.0,Del0.8,0.72
X-6047,CASP5,838.0,Del0.8,0.72
X-6047,CAV3,859.0,Del0.8,0.71
X-6047,CBL,867.0,Del0.8,0.76
X-6047,CBX3P2,645158.0,Amp5,5.28
X-6047,CCDC114,93233.0,MutNovel,"D377N,0.667"
X-6047,CCDC117,150275.0,MutNovel,"S57R,1.000"
X-6047,CCDC120,90060.0,Del0.8,0.71
X-6047,CCDC14,64770.0,MutNovel,"P787S,0.744"
X-6047,CCDC153,283152.0,Del0.8,0.76
X-6047,CCDC22,28952.0,Del0.8,0.71
X-6047,CCDC64B,146439.0,Del0.8,0.79
X-6047,CCDC66,285331.0,Del0.8,0.71
X-6047,CCDC84,338657.0,Del0.8,0.76
X-6047,CCNB3,85417.0,Del0.8,0.71
X-6047,CD3D,915.0,Del0.8,0.76
X-6047,CD3E,916.0,Del0.8,0.76
X-6047,CD3G,917.0,Del0.8,0.76
X-6047,CD99,4267.0,Del0.8,0.76
X-6047,CD99P1,401577.0,Del0.8,0.76
X-6047,CDC42BPA,8476.0,MutNovel,"D100N,0.442"
X-6047,CDC45,8318.0,Del0.8,0.77
X-6047,CDH1,999.0,MutNovel,"T580K,1.000"
X-6047,CDK11A,728642.0,MutNovel,"P740S,0.280"
X-6047,CDK16,5127.0,Del0.8,0.71
X-6047,CDK2AP1,8099.0,MutNovel,"T31S,0.663"
X-6047,CDKL5,6792.0,Del0.8,0.7
X-6047,CDY1B,253175.0,Del0.8,0.16
X-6047,CDY1B,253175.0,Del0.8,0.1
X-6047,CDY2A,9426.0,Del0.8,0.17
X-6047,CDY2A,9426.0,Del0.8,0.17
X-6047,CDY2B,203611.0,Del0.8,0.17
X-6047,CDY2B,203611.0,Del0.8,0.17
X-6047,CEACAM1,634.0,MutNovel,"E348G,0.500"
X-6047,CEACAM1,634.0,MutNovel,"S346G,0.500"
X-6047,CECR1,51816.0,Del0.8,0.76
X-6047,CECR2,27443.0,Del0.8,0.76
X-6047,CECR3,27442.0,Del0.8,0.76
X-6047,CECR5,27440.0,Del0.8,0.76
X-6047,CECR5-AS1,100130717.0,Del0.8,0.76
X-6047,CECR6,27439.0,Del0.8,0.76
X-6047,CECR7,100130418.0,Del0.8,0.76
X-6047,CEP164,22897.0,Del0.8,0.76
X-6047,CEP192,55125.0,Amp5,5.03
X-6047,CEP76,79959.0,Amp5,5.03
X-6047,CETN1,1068.0,Amp5,5.28
X-6047,CFLAR,8837.0,MutNovel,"S345T,0.685"
X-6047,CFP,5199.0,Del0.8,0.71
X-6047,CGGBP1,8545.0,Del0.8,0.68
X-6047,CHCHD5,84269.0,Amp5,5.58
X-6047,CHD8,57680.0,MutKnownFunctional,"-1881?,1.000"
X-6047,CHDH,55349.0,Del0.8,0.7
X-6047,CHKA,1119.0,MutNovel,"P85S,0.581"
X-6047,CHMP1B,57132.0,Amp5,5.03
X-6047,CHMP2B,25978.0,Del0.8,0.68
X-6047,CHST7,56548.0,Del0.8,0.71
X-6047,CHSY3,337876.0,MutNovel,"A164T,1.000"
X-6047,CIDEA,1149.0,Amp5,5.03
X-6047,CLCN4,1183.0,Del0.8,0.69
X-6047,CLCN5,1184.0,Del0.8,0.71
X-6047,CLDN25,644672.0,Del0.8,0.73
X-6047,CLDN5,7122.0,Del0.8,0.77
X-6047,CLDN6,9074.0,Del0.8,0.79
X-6047,CLDN9,9080.0,Del0.8,0.79
X-6047,CLEC2D,29121.0,MutNovel,"NPG19KPS,0.667"
X-6047,CLTCL1,8218.0,Del0.8,0.77
X-6047,CLUAP1,23059.0,Del0.8,0.79
X-6047,CLUL1,27098.0,Amp5,5.28
X-6047,CNKSR2,22866.0,Del0.8,0.7
X-6047,CNTN3,5067.0,Del0.8,0.7
X-6047,COL18A1,80781.0,MutNovel,"-1171GPP,1.000"
X-6047,COLEC12,81035.0,Amp5,5.28
X-6047,COMT,1312.0,Del0.8,0.77
X-6047,COPS4,51138.0,Del0.8,0.77
X-6047,CORO7,79585.0,Del0.8,0.79
X-6047,CORO7-PAM16,100529144.0,Del0.8,0.79
X-6047,CPEB2,132864.0,MutNovel,"P221Q,1.000"
X-6047,CPPED1,55313.0,MutNovel,"A4S,1.000"
X-6047,CREBBP,1387.0,Del0.8,0.79
X-6047,CRIPAK,285464.0,MutKnownFunctional,"-88,1.000"
X-6047,CRIPAK,285464.0,MutNovel,"D163H,0.273"
X-6047,CRLF2,64109.0,Del0.8,0.76
X-6047,CRNKL1,51340.0,MutNovel,"R759Q,0.657"
X-6047,CROCC,9696.0,MutNovel,"R352Q,0.430"
X-6047,CROCC,9696.0,MutNovel,"R623P,0.336"
X-6047,CROCC,9696.0,MutNovel,"R855W,0.235"
X-6047,CRYAB,1410.0,Del0.8,0.7
X-6047,CSDE1,7812.0,MutNovel,"R91C,0.577"
X-6047,CSF2RA,1438.0,Del0.8,0.76
X-6047,CSMD1,64478.0,Del0.8,0.4
X-6047,CSPG4P1Y,114758.0,Del0.8,0.16
X-6047,CSPG4P1Y,114758.0,Del0.8,0.26
X-6047,CSTF3,1479.0,MutNovel,"E389K,0.510"
X-6047,CTPS2,56474.0,Del0.8,0.7
X-6047,CTSA,5476.0,MutNovel,"L29-,0.641"
X-6047,CUL5,8065.0,Del0.8,0.72
X-6047,CUL7,9820.0,MutNovel,"E1421D,0.287"
X-6047,CUL9,23113.0,MutNovel,"E2322D,0.429"
X-6047,CWF19L2,143884.0,Del0.8,0.68
X-6047,CXCR5,643.0,Del0.8,0.76
X-6047,CXXC1P1,392459.0,Del0.8,0.71
X-6047,CXorf21,80231.0,Del0.8,0.66
X-6047,CXorf22,170063.0,Del0.8,0.71
X-6047,CXorf23,256643.0,Del0.8,0.7
X-6047,CXorf27,25763.0,Del0.8,0.71
X-6047,CXorf28,100129464.0,Del0.8,0.76
X-6047,CXorf30,645090.0,Del0.8,0.71
X-6047,CXorf36,79742.0,Del0.8,0.71
X-6047,CXorf38,159013.0,Del0.8,0.71
X-6047,CXorf58,254158.0,Del0.8,0.7
X-6047,CXorf59,286464.0,Del0.8,0.71
X-6047,CYBB,1536.0,Del0.8,0.71
X-6047,DAZ1,1617.0,Del0.8,0.16
X-6047,DAZ2,57055.0,Del0.8,0.11
X-6047,DAZ3,57054.0,Del0.8,0.06
X-6047,DAZ3,57054.0,Del0.8,0.1
X-6047,DAZ4,57135.0,Del0.8,0.08
X-6047,DAZ4,57135.0,Del0.8,0.12
X-6047,DCAF8L1,139425.0,Del0.8,0.7
X-6047,DCAF8L2,347442.0,Del0.8,0.7
X-6047,DCP1A,55802.0,Del0.8,0.7
X-6047,DDX10,1662.0,Del0.8,0.72
X-6047,DDX3X,1654.0,Del0.8,0.71
X-6047,DDX3Y,8653.0,Del0.8,0.17
X-6047,DDX53,168400.0,Del0.8,0.7
X-6047,DDX6,1656.0,Del0.8,0.76
X-6047,DGCR10,26222.0,Del0.8,0.77
X-6047,DGCR11,25786.0,Del0.8,0.77
X-6047,DGCR14,8220.0,Del0.8,0.77
X-6047,DGCR2,9993.0,Del0.8,0.77
X-6047,DGCR5,26220.0,Del0.8,0.77
X-6047,DGCR6,8214.0,Del0.8,0.77
X-6047,DGCR6L,85359.0,Del0.8,0.77
X-6047,DGCR8,54487.0,Del0.8,0.77
X-6047,DGCR9,25787.0,Del0.8,0.77
X-6047,DGKK,139189.0,Del0.8,0.71
X-6047,DHRSX,207063.0,MutKnownFunctional,"R673*,1.000"
X-6047,DHRSX,207063.0,Del0.8,0.76
X-6047,DHX37,57647.0,MutNovel,"E168-,0.638"
X-6047,DIXDC1,85458.0,Del0.8,0.7
X-6047,DLAT,1737.0,Del0.8,0.7
X-6047,DLGAP5,9787.0,Amp5,6.32
X-6047,DMD,1756.0,Del0.8,0.62
X-6047,DNAH1,25981.0,Del0.8,0.7
X-6047,DNAH12,201625.0,Del0.8,0.71
X-6047,DNAJA3,9093.0,Del0.8,0.79
X-6047,DNAJC13,23317.0,MutNovel,"G224R,0.392"
X-6047,DNASE1,1773.0,Del0.8,0.79
X-6047,DNASE1L3,1776.0,Del0.8,0.71
X-6047,DNHD1,144132.0,MutKnownFunctional,"-636,0.316"
X-6047,DPAGT1,1798.0,Del0.8,0.76
X-6047,DRD2,1813.0,Del0.8,0.7
X-6047,DSCAML1,57453.0,Del0.8,0.76
X-6047,DST,667.0,MutNovel,"V2122I,0.476"
X-6047,DUS1L,64118.0,MutNovel,"E348-,1.000"
X-6047,DUS1L,64118.0,MutNovel,"E348K,0.981"
X-6047,DUSP21,63904.0,Del0.8,0.71
X-6047,DYNLT3,6990.0,Del0.8,0.71
X-6047,EBLN2,55096.0,Del0.8,0.7
X-6047,EBP,10682.0,Del0.8,0.71
X-6047,EDEM1,9695.0,Del0.8,0.74
X-6047,EFHC2,80258.0,Del0.8,0.71
X-6047,EFTUD1,79631.0,MutNovel,"V198A,1.000"
X-6047,EGFL6,25975.0,Del0.8,0.69
X-6047,EIF1AX,1964.0,Del0.8,0.7
X-6047,EIF1AY,9086.0,Del0.8,0.16
X-6047,EIF2S3,1968.0,Del0.8,0.7
X-6047,EIF4E3,317649.0,Del0.8,0.73
X-6047,ELK1,2002.0,Del0.8,0.71
X-6047,ELMOD1,55531.0,Del0.8,0.72
X-6047,EMILIN2,84034.0,Amp5,5.28
X-6047,ENOSF1,55556.0,Amp5,5.28
X-6047,EPB41L3,23136.0,Amp5,5.28
X-6047,ERAS,3266.0,Del0.8,0.71
X-6047,ESRG,790952.0,Del0.8,0.7
X-6047,EXPH5,23086.0,Del0.8,0.72
X-6047,FAAH2,158584.0,Del0.8,0.73
X-6047,FAHD2B,151313.0,MutNovel,"P60R,0.709"
X-6047,FAM100A,124402.0,Del0.8,0.79
X-6047,FAM100B,283991.0,MutNovel,"T132S,0.483"
X-6047,FAM104B,90736.0,Del0.8,0.71
X-6047,FAM107A,11170.0,Del0.8,0.71
X-6047,FAM116A,201627.0,Del0.8,0.71
X-6047,FAM120C,54954.0,Del0.8,0.71
X-6047,FAM135A,57579.0,MutKnownFunctional,"-506?,0.333"
X-6047,FAM156A,29057.0,Del0.8,0.71
X-6047,FAM156A,29057.0,Del0.8,0.71
X-6047,FAM156B,727866.0,Del0.8,0.71
X-6047,FAM156B,727866.0,Del0.8,0.71
X-6047,FAM179B,23116.0,MutNovel,"R1422K,1.000"
X-6047,FAM190B,54462.0,MutNovel,"I421M,0.364"
X-6047,FAM193B,54540.0,MutNovel,"P97H,1.000"
X-6047,FAM197Y2P,252946.0,Del0.8,0.17
X-6047,FAM19A1,407738.0,Del0.8,0.72
X-6047,FAM19A4,151647.0,Del0.8,0.71
X-6047,FAM208A,23272.0,Del0.8,0.71
X-6047,FAM210A,125228.0,Amp5,5.03
X-6047,FAM212B,55924.0,MutNovel,"T122G,0.833"
X-6047,FAM21B,55747.0,MutNovel,"E897Q,0.571"
X-6047,FAM3C,10447.0,MutNovel,"M31T,0.806"
X-6047,FAM3D,131177.0,Del0.8,0.71
X-6047,FAM41AY1,340618.0,Del0.8,0.17
X-6047,FAM41AY1,340618.0,Del0.8,0.17
X-6047,FAM47A,158724.0,Del0.8,0.71
X-6047,FAM47B,170062.0,Del0.8,0.71
X-6047,FAM47C,442444.0,Del0.8,0.71
X-6047,FAM48B1,100130302.0,Del0.8,0.7
X-6047,FAM48B2,170067.0,Del0.8,0.7
X-6047,FAM86A,196483.0,Del0.8,0.73
X-6047,FAM9A,171482.0,Del0.8,0.69
X-6047,FAM9B,171483.0,Del0.8,0.69
X-6047,FAM9C,171484.0,Del0.8,0.69
X-6047,FANCB,2187.0,Del0.8,0.68
X-6047,FBLN7,129804.0,Amp5,5.58
X-6047,FBXO34,55030.0,Amp5,6.32
X-6047,FBXW7,55294.0,MutNovel,"L256V,1.000"
X-6047,FDX1,2230.0,Del0.8,0.7
X-6047,FDXACB1,91893.0,Del0.8,0.7
X-6047,FEZF2,55079.0,Del0.8,0.71
X-6047,FGD1,2245.0,Del0.8,0.71
X-6047,FGFR2,2263.0,MutKnownFunctional,"P253R,0.626"
X-6047,FIGF,2277.0,Del0.8,0.68
X-6047,FIZ1,84922.0,MutNovel,"L293M,0.281"
X-6047,FJX1,24147.0,MutNovel,"Q131R,0.313"
X-6047,FLAD1,80308.0,MutKnownFunctional,"-278,0.465"
X-6047,FLJ35776,649446.0,Amp5,5.28
X-6047,FLJ39639,283876.0,Del0.8,0.79
X-6047,FLJ41941,100192420.0,Del0.8,0.76
X-6047,FLJ42351,400999.0,Amp5,5.58
X-6047,FLNB,2317.0,Del0.8,0.71
X-6047,FLYWCH1,84256.0,Del0.8,0.79
X-6047,FLYWCH2,114984.0,Del0.8,0.79
X-6047,FOXC1,2296.0,MutNovel,"HG446H,0.741"
X-6047,FOXD4L3,286380.0,MutNovel,"AP254PP,0.800"
X-6047,FOXO4,4303.0,MutNovel,"K215R,0.439"
X-6047,FOXP1,27086.0,Del0.8,0.71
X-6047,FOXP3,50943.0,Del0.8,0.71
X-6047,FOXR1,283150.0,Del0.8,0.76
X-6047,FOXR2,139628.0,Del0.8,0.71
X-6047,FREM2,341640.0,MutNovel,"A2855T,0.391"
X-6047,FRMD4B,23150.0,Del0.8,0.71
X-6047,FRMPD4,9758.0,Del0.8,0.69
X-6047,FSTL3,10272.0,MutNovel,"R166S,0.471"
X-6047,FTHL17,53940.0,Del0.8,0.66
X-6047,FTSJ1,24140.0,Del0.8,0.71
X-6047,FUNDC1,139341.0,Del0.8,0.71
X-6047,FXYD2,486.0,Del0.8,0.76
X-6047,FXYD6,53826.0,Del0.8,0.76
X-6047,FXYD6-FXYD2,100533181.0,Del0.8,0.76
X-6047,GAB4,128954.0,Del0.8,0.76
X-6047,GAGE1,2543.0,Del0.8,0.71
X-6047,GAGE10,643832.0,Del0.8,0.71
X-6047,GAGE12D,100132399.0,Del0.8,0.71
X-6047,GAGE12F,100008586.0,Del0.8,0.71
X-6047,GAGE12J,729396.0,Del0.8,0.71
X-6047,GAGE13,645051.0,Del0.8,0.71
X-6047,GAGE2A,729447.0,Del0.8,0.71
X-6047,GAGE2B,645037.0,Del0.8,0.71
X-6047,GAGE2C,2574.0,Del0.8,0.71
X-6047,GAGE2D,729408.0,Del0.8,0.71
X-6047,GAGE2E,26749.0,Del0.8,0.71
X-6047,GATA1,2623.0,Del0.8,0.71
X-6047,GBAS,2631.0,MutNovel,"A8T,0.529"
X-6047,GBE1,2632.0,Del0.8,0.66
X-6047,GCET2,257144.0,MutNovel,"S159P,1.000"
X-6047,GEMIN4,50628.0,MutNovel,"Q676H,1.000"
X-6047,GEMIN8,54960.0,Del0.8,0.68
X-6047,GIGYF2,26058.0,MutNovel,"PQ1231P,1.000"
X-6047,GK,2710.0,Del0.8,0.66
X-6047,GLIS2,84662.0,Del0.8,0.79
X-6047,GLOD5,392465.0,Del0.8,0.71
X-6047,GLRA2,2742.0,Del0.8,0.68
X-6047,GLT8D1,55830.0,Del0.8,0.7
X-6047,GLYCTK,132158.0,Del0.8,0.7
X-6047,GLYR1,84656.0,Del0.8,0.73
X-6047,GNAL,2774.0,Amp5,5.03
X-6047,GNB1L,54584.0,Del0.8,0.77
X-6047,GNL3,26354.0,MutNovel,"E482Q,0.643"
X-6047,GNL3,26354.0,Del0.8,0.7
X-6047,GNL3L,54552.0,Del0.8,0.71
X-6047,GOLGA2,2801.0,MutNovel,"EEA714A,1.000"
X-6047,GOLGA2P2Y,84559.0,Del0.8,0.26
X-6047,GOLGA2P2Y,84559.0,Del0.8,0.16
X-6047,GPKOW,27238.0,Del0.8,0.71
X-6047,GPM6B,2824.0,Del0.8,0.79
X-6047,GPR143,4935.0,Del0.8,0.69
X-6047,GPR173,54328.0,Del0.8,0.71
X-6047,GPR27,2850.0,Del0.8,0.73
X-6047,GPR34,2857.0,Del0.8,0.71
X-6047,GPR64,10149.0,Del0.8,0.7
X-6047,GPR82,27197.0,Del0.8,0.71
X-6047,GPRIN2,9721.0,MutNovel,"R126H,0.450"
X-6047,GPRIN2,9721.0,MutNovel,"-238MRE,0.500"
X-6047,GRIA4,2893.0,Del0.8,0.72
X-6047,GRIPAP1,56850.0,Del0.8,0.71
X-6047,GRPR,2925.0,Del0.8,0.7
X-6047,GSC,145258.0,MutNovel,"S238-,1.000"
X-6047,GSC2,2928.0,Del0.8,0.77
X-6047,GSPT2,23708.0,Del0.8,0.71
X-6047,GSTM1,2944.0,MutNovel,"S210T,1.000"
X-6047,GTF2H3,2967.0,MutNovel,"R77K,0.569"
X-6047,GTF2IRD2B,389524.0,MutNovel,"G211S,0.238"
X-6047,GTF2IRD2B,389524.0,MutNovel,"N514H,0.300"
X-6047,GTPBP6,8225.0,Del0.8,0.76
X-6047,GUCY1A2,2977.0,Del0.8,0.62
X-6047,GYG2,8908.0,Del0.8,0.76
X-6047,GYG2P1,352887.0,Del0.8,0.17
X-6047,H2AFX,3014.0,Del0.8,0.76
X-6047,HAUS3,79441.0,Del0.8,0.74
X-6047,HAVCR1,26762.0,Del0.8,0.69
X-6047,HCCS,3052.0,Del0.8,0.69
X-6047,HCFC1R1,54985.0,Del0.8,0.79
X-6047,HDAC6,10013.0,Del0.8,0.71
X-6047,HDHD1,8226.0,Del0.8,0.66
X-6047,HELLS,3070.0,MutNovel,"K763N,0.365"
X-6047,HESX1,8820.0,Del0.8,0.71
X-6047,HHAT,55733.0,MutNovel,"I220M,0.600"
X-6047,HINFP,25988.0,Del0.8,0.76
X-6047,HIP1R,9026.0,MutNovel,"A554V,0.579"
X-6047,HIP1R,9026.0,MutNovel,"P756H,0.574"
X-6047,HIRA,7290.0,Del0.8,0.77
X-6047,HIST1H4B,8366.0,MutNovel,"D69N,0.667"
X-6047,HLA-B,3106.0,MutNovel,"YT33ST,0.469"
X-6047,HLA-DQB2,3120.0,MutNovel,"D162G,0.500"
X-6047,HLA-G,3135.0,MutNovel,"S28F,0.707"
X-6047,HMBS,3145.0,Del0.8,0.76
X-6047,HMHA1,23526.0,MutNovel,"A750P,0.389"
X-6047,HMHA1,23526.0,MutNovel,"E1100EDG,0.494"
X-6047,HMOX2,3163.0,Del0.8,0.79
X-6047,HSD17B10,3028.0,Del0.8,0.71
X-6047,HSFY1P1,27437.0,Del0.8,0.71
X-6047,HSFY2,159119.0,Del0.8,0.07
X-6047,HSFY2,159119.0,Del0.8,0.17
X-6047,HSPB2,3316.0,Del0.8,0.7
X-6047,HSPB2-C11orf52,100528019.0,Del0.8,0.7
X-6047,HTR1F,3355.0,Del0.8,0.68
X-6047,HTR3A,3359.0,Del0.8,0.73
X-6047,HTR3B,9177.0,Del0.8,0.73
X-6047,HUWE1,10075.0,Del0.8,0.71
X-6047,HYDIN,54768.0,MutNovel,"R3768Q,1.000"
X-6047,HYOU1,10525.0,Del0.8,0.76
X-6047,IDH3B,3420.0,MutNovel,"S375C,0.264"
X-6047,IDUA,3425.0,MutNovel,"P528A,1.000"
X-6047,IFNK,56832.0,Del0.8,0.68
X-6047,IFT46,56912.0,Del0.8,0.76
X-6047,IGSF9,57549.0,MutNovel,"Q816E,0.349"
X-6047,IL10RA,3587.0,Del0.8,0.76
X-6047,IL17RA,23765.0,Del0.8,0.76
X-6047,IL17RB,55540.0,Del0.8,0.7
X-6047,IL17RD,54756.0,Del0.8,0.71
X-6047,IL18,3606.0,Del0.8,0.7
X-6047,IL1RAPL1,11141.0,Del0.8,0.56
X-6047,IL32,9235.0,Del0.8,0.79
X-6047,IL3RA,3563.0,Del0.8,0.76
X-6047,IMPA2,3613.0,Amp5,5.03
X-6047,INE1,8552.0,Del0.8,0.71
X-6047,INE2,8551.0,Del0.8,0.7
X-6047,INPPL1,3636.0,MutNovel,"R859H,0.472"
X-6047,IPO9,55705.0,MutNovel,"R208L,0.262"
X-6047,IQSEC2,23096.0,Del0.8,0.71
X-6047,IRX4,50805.0,MutNovel,"L320R,0.431"
X-6047,ITIH1,3697.0,Del0.8,0.7
X-6047,ITIH3,3699.0,Del0.8,0.7
X-6047,ITIH4,3700.0,Del0.8,0.7
X-6047,ITIH6,347365.0,Del0.8,0.71
X-6047,KAL1,3730.0,Del0.8,0.69
X-6047,KAT6B,23522.0,MutNovel,"EEE1360-,0.483"
X-6047,KBTBD3,143879.0,Del0.8,0.72
X-6047,KBTBD8,84541.0,Del0.8,0.72
X-6047,KCND1,3750.0,Del0.8,0.71
X-6047,KCTD1,284252.0,MutNovel,"R844W,0.367"
X-6047,KCTD6,200845.0,Del0.8,0.71
X-6047,KDELC2,143888.0,Del0.8,0.72
X-6047,KDM2B,84678.0,MutNovel,"R775Q,0.681"
X-6047,KDM5C,8242.0,Del0.8,0.71
X-6047,KDM5D,8284.0,Del0.8,0.16
X-6047,KDM6A,7403.0,MutNovel,"R1111P,1.000"
X-6047,KDM6A,7403.0,Del0.8,0.71
X-6047,KIAA0226,9711.0,MutNovel,"L502V,1.000"
X-6047,KIAA0825,285600.0,Del0.8,0.55
X-6047,KIAA1324L,222223.0,MutNovel,"T879M,0.273"
X-6047,KIAA1804,84451.0,MutNovel,"S539R,0.532"
X-6047,KIF1A,547.0,MutNovel,"ED917D,1.000"
X-6047,KIF20B,9585.0,MutNovel,"L1062LKV,1.000"
X-6047,KLF8,11279.0,Del0.8,0.73
X-6047,KLHL15,80311.0,Del0.8,0.7
X-6047,KLHL22,84861.0,Del0.8,0.77
X-6047,KLHL34,257240.0,Del0.8,0.7
X-6047,KLHL35,283212.0,MutNovel,"I501V,0.481"
X-6047,KLK14,43847.0,MutKnownFunctional,"Q229*,0.525"
X-6047,KLRG2,346689.0,MutKnownFunctional,"-295?,0.643"
X-6047,KNTC1,9735.0,MutNovel,"A324V,0.878"
X-6047,KNTC1,9735.0,MutNovel,"V1162I,0.661"
X-6047,KPNA4,3840.0,MutNovel,"E148Q,0.625"
X-6047,KREMEN2,79412.0,MutNovel,"S339P,1.000"
X-6047,KREMEN2,79412.0,Del0.8,0.79
X-6047,KRT12,3859.0,MutNovel,"M216I,1.000"
X-6047,KRT13,3860.0,MutNovel,"E120D,0.491"
X-6047,KRT4,3851.0,MutNovel,"L253M,0.714"
X-6047,KRT6C,286887.0,MutNovel,"SL404NL,0.667"
X-6047,KRT75,9119.0,MutNovel,"V446L,0.429"
X-6047,KRT77,374454.0,MutNovel,"D448E,1.000"
X-6047,KRT78,196374.0,MutNovel,"Q372E,1.000"
X-6047,L3MBTL4,91133.0,Amp5,5.28
X-6047,LAMA1,284217.0,Amp5,5.28
X-6047,LAMA5,3911.0,MutNovel,"A3520V,0.316"
X-6047,LAMB1,3912.0,MutNovel,"F286C,0.737"
X-6047,LANCL3,347404.0,Del0.8,0.71
X-6047,LAYN,143903.0,Del0.8,0.7
X-6047,LCE3B,353143.0,Del0.8,0.32
X-6047,LCE3C,353144.0,Del0.8,0.18
X-6047,LGALS3,3958.0,Amp5,6.32
X-6047,LIF,3976.0,MutNovel,"H41D,1.000"
X-6047,LINC00102,100359394.0,Del0.8,0.76
X-6047,LINC00312,29931.0,Del0.8,0.71
X-6047,LINC00470,56651.0,Amp5,5.28
X-6047,LINC00514,283875.0,Del0.8,0.79
X-6047,LINC00526,147525.0,Amp5,5.28
X-6047,LMCD1,29995.0,Del0.8,0.71
X-6047,LMOD3,56203.0,Del0.8,0.71
X-6047,LOC100128071,100128071.0,MutNovel,"P31R,0.600"
X-6047,LOC100129794,100129794.0,Del0.8,0.74
X-6047,LOC100130097,,MutNovel,"P420L,0.500"
X-6047,LOC100130480,100130480.0,Amp5,5.28
X-6047,LOC100132831,100132831.0,Del0.8,0.71
X-6047,LOC100133123,100133123.0,Del0.8,0.69
X-6047,LOC100133957,100133957.0,Del0.8,0.71
X-6047,LOC100192426,100192426.0,Amp5,5.28
X-6047,LOC100287879,100287879.0,Del0.8,0.71
X-6047,LOC100288122,100288122.0,Amp5,5.03
X-6047,LOC100288346,100288346.0,Del0.8,0.7
X-6047,LOC100288814,100288814.0,Del0.8,0.69
X-6047,LOC100499227,100499227.0,Del0.8,0.76
X-6047,LOC100506994,100506994.0,Del0.8,0.71
X-6047,LOC100507338,,MutNovel,"Q116P,0.333"
X-6047,LOC100507501,100507501.0,Del0.8,0.79
X-6047,LOC100652768,100652768.0,Del0.8,0.76
X-6047,LOC145783,145783.0,Del0.8,0.65
X-6047,LOC150185,150185.0,Del0.8,0.77
X-6047,LOC150197,150197.0,Del0.8,0.77
X-6047,LOC158572,158572.0,Del0.8,0.71
X-6047,LOC201477,201477.0,Amp5,5.28
X-6047,LOC201617,201617.0,Del0.8,0.73
X-6047,LOC283143,283143.0,Del0.8,0.73
X-6047,LOC284215,284215.0,Amp5,5.28
X-6047,LOC284865,284865.0,Del0.8,0.77
X-6047,LOC285401,285401.0,Del0.8,0.71
X-6047,LOC286442,286442.0,Del0.8,0.71
X-6047,LOC339290,339290.0,Amp5,5.28
X-6047,LOC347411,347411.0,Del0.8,0.71
X-6047,LOC388849,388849.0,Del0.8,0.77
X-6047,LOC389906,389906.0,Del0.8,0.76
X-6047,LOC400643,400643.0,Amp5,5.28
X-6047,LOC401588,401588.0,Del0.8,0.71
X-6047,LOC402160,402160.0,Del0.8,0.74
X-6047,LOC440335,440335.0,Del0.8,0.73
X-6047,LOC441124,,MutKnownFunctional,"Q144*,0.443"
X-6047,LOC550643,550643.0,Del0.8,0.73
X-6047,LOC643923,643923.0,Del0.8,0.72
X-6047,LOC645355,645355.0,Amp5,5.28
X-6047,LOC727896,727896.0,Amp5,5.28
X-6047,LOC729444,729444.0,Del0.8,0.77
X-6047,LOC729609,729609.0,Del0.8,0.7
X-6047,LPIN2,9663.0,Amp5,5.28
X-6047,LRIG1,26018.0,Del0.8,0.72
X-6047,LRP12,29967.0,MutNovel,"G29D,0.302"
X-6047,LRP1B,53353.0,Del0.8,0.19
X-6047,LRRC30,339291.0,Amp5,5.28
X-6047,LRRC39,127495.0,MutNovel,"EE295E,0.692"
X-6047,LRRC4,64101.0,MutNovel,"M523T,0.515"
X-6047,LRTM1,57408.0,Del0.8,0.7
X-6047,LSR,51599.0,MutNovel,"G518GR,0.377"
X-6047,MAGEB1,4112.0,Del0.8,0.66
X-6047,MAGEB10,139422.0,Del0.8,0.7
X-6047,MAGEB16,139604.0,Del0.8,0.71
X-6047,MAGEB18,286514.0,Del0.8,0.7
X-6047,MAGEB2,4113.0,Del0.8,0.66
X-6047,MAGEB3,4114.0,Del0.8,0.66
X-6047,MAGEB4,4115.0,Del0.8,0.66
X-6047,MAGEB6,158809.0,Del0.8,0.7
X-6047,MAGED1,9500.0,Del0.8,0.71
X-6047,MAGED2,10916.0,Del0.8,0.71
X-6047,MAGED4B,81557.0,Del0.8,0.71
X-6047,MAGED4B,81557.0,Del0.8,0.71
X-6047,MAGEH1,28986.0,Del0.8,0.71
X-6047,MAGI1,9223.0,Del0.8,0.72
X-6047,MAGIX,79917.0,Del0.8,0.71
X-6047,MANEAL,149175.0,MutNovel,"P40S,0.600"
X-6047,MAOA,4128.0,Del0.8,0.71
X-6047,MAOB,4129.0,Del0.8,0.71
X-6047,MAP3K15,389840.0,Del0.8,0.7
X-6047,MAP3K4,4216.0,MutNovel,"PA1189P,1.000"
X-6047,MAP7,9053.0,MutNovel,"R328Q,0.700"
X-6047,MAP7D2,256714.0,Del0.8,0.7
X-6047,MBTPS2,51360.0,Del0.8,0.7
X-6047,MC2R,4158.0,Amp5,5.03
X-6047,MC5R,4161.0,Amp5,5.03
X-6047,MCAM,4162.0,Del0.8,0.76
X-6047,MDC1,9656.0,MutNovel,"Q2036P,0.357"
X-6047,MED13L,23389.0,MutNovel,"I1805V,0.392"
X-6047,MED14,9282.0,Del0.8,0.71
X-6047,MED15,51586.0,Del0.8,0.77
X-6047,MEFV,4210.0,Del0.8,0.79
X-6047,MEN1,4221.0,MutNovel,"R521G,0.482"
X-6047,MERTK,10461.0,Amp5,5.58
X-6047,METTL22,79091.0,Del0.8,0.75
X-6047,METTL4,64863.0,Amp5,5.28
X-6047,MGC3771,81854.0,Del0.8,0.79
X-6047,MGRN1,23295.0,Del0.8,0.79
X-6047,MICAL3,57553.0,Del0.8,0.76
X-6047,MID1,4281.0,Del0.8,0.69
X-6047,MID1IP1,58526.0,Del0.8,0.71
X-6047,MIR1284,100302112.0,Del0.8,0.71
X-6047,MIR1286,100302118.0,Del0.8,0.77
X-6047,MIR1306,100302197.0,Del0.8,0.77
X-6047,MIR135A1,406925.0,Del0.8,0.7
X-6047,MIR185,406961.0,Del0.8,0.77
X-6047,MIR188,406964.0,Del0.8,0.71
X-6047,MIR205HG,642587.0,MutNovel,"V84VA,0.933"
X-6047,MIR221,407006.0,Del0.8,0.71
X-6047,MIR222,407007.0,Del0.8,0.71
X-6047,MIR23C,100500809.0,Del0.8,0.7
X-6047,MIR3136,100422859.0,Del0.8,0.71
X-6047,MIR3198-1,100423025.0,Del0.8,0.76
X-6047,MIR34B,407041.0,Del0.8,0.7
X-6047,MIR34C,407042.0,Del0.8,0.7
X-6047,MIR3618,100500860.0,Del0.8,0.77
X-6047,MIR362,574030.0,Del0.8,0.71
X-6047,MIR3656,100500840.0,Del0.8,0.76
X-6047,MIR3690,100500894.0,Del0.8,0.76
X-6047,MIR3938,100500875.0,Del0.8,0.7
X-6047,MIR3976,100616244.0,Amp5,5.28
X-6047,MIR4272,100422941.0,Del0.8,0.72
X-6047,MIR4273,100422955.0,Del0.8,0.68
X-6047,MIR4301,100422855.0,Del0.8,0.7
X-6047,MIR4317,100422840.0,Amp5,5.28
X-6047,MIR4491,100616330.0,Del0.8,0.7
X-6047,MIR4492,100616376.0,Del0.8,0.76
X-6047,MIR4526,100616130.0,Amp5,5.03
X-6047,MIR4536-1,100616155.0,Del0.8,0.71
X-6047,MIR4689,100616421.0,Del0.8,0.78
X-6047,MIR4761,100616414.0,Del0.8,0.77
X-6047,MIR4767,100616467.0,Del0.8,0.66
X-6047,MIR4768,100616249.0,Del0.8,0.7
X-6047,MIR4769,100616147.0,Del0.8,0.71
X-6047,MIR4770,100616373.0,Del0.8,0.67
X-6047,MIR4790,100616334.0,Del0.8,0.74
X-6047,MIR4795,100616161.0,Del0.8,0.68
X-6047,MIR4800,100616358.0,Del0.8,0.74
X-6047,MIR500A,574502.0,Del0.8,0.71
X-6047,MIR500B,100422911.0,Del0.8,0.71
X-6047,MIR501,574503.0,Del0.8,0.71
X-6047,MIR502,574504.0,Del0.8,0.71
X-6047,MIR532,693124.0,Del0.8,0.71
X-6047,MIR548A2,693126.0,Del0.8,0.71
X-6047,MIR548X,100422920.0,Del0.8,0.75
X-6047,MIR648,693233.0,Del0.8,0.76
X-6047,MIR651,723779.0,Del0.8,0.66
X-6047,MIR660,724030.0,Del0.8,0.71
X-6047,MIR943,100126332.0,Del0.8,0.74
X-6047,MIR98,407054.0,Del0.8,0.71
X-6047,MIRLET7F2,406889.0,Del0.8,0.71
X-6047,MIRLET7G,406890.0,Del0.8,0.7
X-6047,MITF,4286.0,Del0.8,0.71
X-6047,MLL,4297.0,Del0.8,0.76
X-6047,MLXIP,22877.0,MutNovel,"S382R,0.656"
X-6047,MMP25,64386.0,Del0.8,0.79
X-6047,MMS19,64210.0,MutNovel,"T913M,0.665"
X-6047,MOSPD2,158747.0,Del0.8,0.68
X-6047,MPHOSPH9,10198.0,MutNovel,"N811S,0.651"
X-6047,MPPE1,65258.0,Amp5,5.03
X-6047,MPRIP,23164.0,MutNovel,"TS178T,1.000"
X-6047,MPZL2,10205.0,Del0.8,0.76
X-6047,MPZL3,196264.0,Del0.8,0.76
X-6047,MRPL40,64976.0,Del0.8,0.77
X-6047,MSL3,10943.0,Del0.8,0.69
X-6047,MTG1,92170.0,MutNovel,"D228N,0.727"
X-6047,MTRF1L,54516.0,MutNovel,"S28F,0.529"
X-6047,MTRNR2L10,100463488.0,Del0.8,0.71
X-6047,MTRNR2L4,100463285.0,Del0.8,0.79
X-6047,MUC16,94025.0,MutNovel,"T13162A,0.600"
X-6047,MUC5B,727897.0,MutNovel,"T4544M,0.758"
X-6047,MUSTN1,389125.0,Del0.8,0.7
X-6047,MXD4,10608.0,Del0.8,0.74
X-6047,MXRA5,25878.0,Del0.8,0.76
X-6047,MYL12A,10627.0,Amp5,5.28
X-6047,MYL12B,103910.0,Amp5,5.28
X-6047,MYOM1,8736.0,Amp5,5.28
X-6047,N4BP2L2,10443.0,MutNovel,"R344T,0.400"
X-6047,NAA60,79903.0,Del0.8,0.79
X-6047,NACAD,23148.0,MutNovel,"V1543M,0.400"
X-6047,NACAD,23148.0,MutNovel,"P1254A,0.800"
X-6047,NAGPA,51172.0,Del0.8,0.73
X-6047,NAT8L,339983.0,Del0.8,0.74
X-6047,NBEAL2,23218.0,MutNovel,"R6W,1.000"
X-6047,NBPF1,55672.0,MutNovel,"IT500VT,0.781"
X-6047,NBPF10,100132406.0,MutNovel,"Y2763S,0.750"
X-6047,NBPF9,400818.0,MutNovel,"H337R,0.337"
X-6047,NCAM1,4684.0,Del0.8,0.7
X-6047,NCAPG2,54892.0,MutNovel,"T431R,0.335"
X-6047,NCK2,8440.0,MutNovel,"K59N,0.384"
X-6047,NCOR2,9612.0,MutNovel,"G1839GAAA,0.968"
X-6047,NCOR2,9612.0,MutNovel,"-511S,0.955"
X-6047,NCRNA00185,55410.0,Del0.8,0.16
X-6047,NDC80,10403.0,Amp5,5.28
X-6047,NDP,4693.0,Del0.8,0.71
X-6047,NDUFB11,54539.0,Del0.8,0.71
X-6047,NEDD9,4739.0,MutNovel,"P477L,0.538"
X-6047,NEK4,6787.0,Del0.8,0.7
X-6047,NETO1,81832.0,MutNovel,"V348M,0.625"
X-6047,NFAT5,10725.0,MutNovel,"S94F,1.000"
X-6047,NHS,4810.0,Del0.8,0.7
X-6047,NIPAL2,79815.0,MutNovel,"V229I,0.333"
X-6047,NISCH,11188.0,Del0.8,0.7
X-6047,NLGN4X,57502.0,Del0.8,0.67
X-6047,NLGN4Y,22829.0,Del0.8,0.17
X-6047,NLRC3,197358.0,Del0.8,0.79
X-6047,NLRX1,79671.0,MutNovel,"R751C,1.000"
X-6047,NLRX1,79671.0,Del0.8,0.76
X-6047,NMRAL1,57407.0,Del0.8,0.79
X-6047,NNMT,4837.0,Del0.8,0.73
X-6047,NOP56,10528.0,MutNovel,"P567Q,0.472"
X-6047,NPAT,4863.0,Del0.8,0.72
X-6047,NPHP4,261734.0,MutNovel,"Q531E,0.312"
X-6047,NR0B1,190.0,Del0.8,0.66
X-6047,NR1H2,7376.0,MutNovel,"-173Q,1.000"
X-6047,NT5DC2,64943.0,Del0.8,0.7
X-6047,NUB1,51667.0,MutNovel,"G554R,0.317"
X-6047,NUDT10,170685.0,Del0.8,0.71
X-6047,NUDT11,55190.0,MutKnownFunctional,"-1,1.000"
X-6047,NUDT11,55190.0,Del0.8,0.71
X-6047,NUDT16L1,84309.0,Del0.8,0.79
X-6047,NYX,60506.0,Del0.8,0.71
X-6047,OAF,220323.0,Del0.8,0.76
X-6047,ODZ4,26011.0,MutNovel,"A229T,0.571"
X-6047,OFD1,8481.0,Del0.8,0.69
X-6047,OGDH,4967.0,MutNovel,"T437N,0.300"
X-6047,OR1F1,4992.0,Del0.8,0.79
X-6047,OR1F2P,26184.0,Del0.8,0.79
X-6047,OR2C1,4993.0,Del0.8,0.79
X-6047,OR2T10,127069.0,Del0.8,0.58
X-6047,OR2T11,127077.0,Del0.8,0.49
X-6047,OR2T34,127068.0,Del0.8,0.58
X-6047,OR2W3,343171.0,MutKnownFunctional,"-298?,0.500"
X-6047,OR4F5,79501.0,Del0.8,0.71
X-6047,OR5P2,120065.0,Del0.8,0.68
X-6047,ORAI1,84876.0,MutNovel,"PP43-,1.000"
X-6047,OTC,5009.0,Del0.8,0.71
X-6047,OTUD5,55593.0,Del0.8,0.71
X-6047,OVOS,,MutNovel,"Q421H,1.000"
X-6047,OVOS,,MutNovel,"Y1010F,1.000"
X-6047,OVOS,,MutNovel,"N1096S,1.000"
X-6047,OVOS,,MutNovel,"P1125T,1.000"
X-6047,OXTR,5021.0,Del0.8,0.71
X-6047,P2RY8,286530.0,Del0.8,0.76
X-6047,PABPC3,5042.0,MutNovel,"KG231-,1.000"
X-6047,PAGE1,8712.0,Del0.8,0.71
X-6047,PAGE2,203569.0,Del0.8,0.71
X-6047,PAGE2B,389860.0,Del0.8,0.71
X-6047,PAGE3,139793.0,Del0.8,0.71
X-6047,PAGE4,9506.0,Del0.8,0.71
X-6047,PAGE5,90737.0,Del0.8,0.71
X-6047,PAM16,51025.0,Del0.8,0.79
X-6047,PAQR4,124222.0,Del0.8,0.79
X-6047,PBRM1,55193.0,Del0.8,0.7
X-6047,PBX1,5087.0,MutNovel,"SAAA126S,0.225"
X-6047,PCDH11Y,83259.0,Del0.8,0.28
X-6047,PCDHB10,56126.0,MutNovel,"E684Q,1.000"
X-6047,PCDHB3,56132.0,MutNovel,"T534A,1.000"
X-6047,PCDHB3,56132.0,MutNovel,"G594S,0.917"
X-6047,PCSK1N,27344.0,Del0.8,0.71
X-6047,PCSK6,5046.0,MutNovel,"D451H,1.000"
X-6047,PCSK7,9159.0,Del0.8,0.76
X-6047,PCYT1B,9468.0,Del0.8,0.7
X-6047,PDCD11,22984.0,MutNovel,"R1198P,0.352"
X-6047,PDE12,201626.0,Del0.8,0.71
X-6047,PDE4DIP,9659.0,MutNovel,"P2341L,1.000"
X-6047,PDE4DIP,9659.0,MutNovel,"C51G,0.350"
X-6047,PDHA1,5160.0,Del0.8,0.7
X-6047,PDHB,5162.0,Del0.8,0.71
X-6047,PDK3,5165.0,Del0.8,0.7
X-6047,PDLIM5,10611.0,MutNovel,"A102T,1.000"
X-6047,PDZD3,79849.0,Del0.8,0.76
X-6047,PDZRN3,23024.0,Del0.8,0.7
X-6047,PEX10,5192.0,MutNovel,"R22C,0.556"
X-6047,PEX26,55670.0,Del0.8,0.76
X-6047,PFKFB1,5207.0,Del0.8,0.71
X-6047,PGA3,643834.0,Del0.8,0.73
X-6047,PGA4,643847.0,Del0.8,0.73
X-6047,PGA5,5222.0,Del0.8,0.73
X-6047,PHACTR4,65979.0,MutKnownFunctional,"-61?,0.350"
X-6047,PHC1,1911.0,MutNovel,"AQQ424A,0.500"
X-6047,PHEX,5251.0,Del0.8,0.7
X-6047,PHF16,9767.0,Del0.8,0.71
X-6047,PHF7,51533.0,Del0.8,0.7
X-6047,PHF8,23133.0,Del0.8,0.71
X-6047,PHKA2,5256.0,Del0.8,0.7
X-6047,PHLDA1,22822.0,MutNovel,"QQ194Q,1.000"
X-6047,PHLDB1,23187.0,Del0.8,0.76
X-6047,PI4KAP1,728233.0,Del0.8,0.77
X-6047,PIEZO1,9780.0,MutNovel,"ED756D,1.000"
X-6047,PIEZO2,63895.0,Amp5,5.03
X-6047,PIGA,5277.0,Del0.8,0.68
X-6047,PIH1D2,120379.0,Del0.8,0.7
X-6047,PIK3C2A,5286.0,MutNovel,"L1345R,0.289"
X-6047,PIM2,11040.0,Del0.8,0.71
X-6047,PIR,8544.0,Del0.8,0.68
X-6047,PIR-FIGF,100532742.0,Del0.8,0.68
X-6047,PITPNB,23760.0,MutNovel,"T250A,0.257"
X-6047,PITPNM2,57605.0,MutNovel,"V1120M,0.619"
X-6047,PKD1,5310.0,MutNovel,"R739Q,1.000"
X-6047,PKD1,5310.0,MutNovel,"L56P,0.367"
X-6047,PKMYT1,9088.0,Del0.8,0.79
X-6047,PLAC8,51316.0,Del0.8,0.77
X-6047,PLCXD1,55344.0,Del0.8,0.76
X-6047,PLEKHG2,64857.0,Amp5,5.7
X-6047,PLP2,5355.0,Del0.8,0.71
X-6047,PMM2,5373.0,Del0.8,0.75
X-6047,PNPLA4,8228.0,Del0.8,0.66
X-6047,POC1A,25886.0,Del0.8,0.7
X-6047,POLA1,5422.0,Del0.8,0.7
X-6047,POLE2,5427.0,MutNovel,"N257Y,0.980"
X-6047,POLN,353497.0,Del0.8,0.74
X-6047,POLQ,10721.0,MutNovel,"V457M,0.820"
X-6047,POLR1B,84172.0,Amp5,5.58
X-6047,POLRMT,5442.0,MutNovel,"G711R,0.476"
X-6047,POM121L4P,266697.0,Del0.8,0.77
X-6047,PORCN,64840.0,Del0.8,0.71
X-6047,POU1F1,5449.0,Del0.8,0.68
X-6047,POU2AF1,5450.0,Del0.8,0.7
X-6047,PPARGC1B,133522.0,MutNovel,"K625E,1.000"
X-6047,PPEF1,5475.0,Del0.8,0.7
X-6047,PPL,5493.0,MutNovel,"I31V,1.000"
X-6047,PPL,5493.0,Del0.8,0.73
X-6047,PPM1M,132160.0,Del0.8,0.7
X-6047,PPP1R13L,10848.0,MutNovel,"H665D,0.694"
X-6047,PPP1R2P9,80316.0,Del0.8,0.71
X-6047,PPP1R3F,89801.0,Del0.8,0.71
X-6047,PPP2R1B,5519.0,Del0.8,0.7
X-6047,PPP2R3B,28227.0,Del0.8,0.76
X-6047,PPP2R3B-AS1,283981.0,Del0.8,0.76
X-6047,PQBP1,10084.0,Del0.8,0.71
X-6047,PRAF2,11230.0,Del0.8,0.71
X-6047,PRDX4,10549.0,Del0.8,0.7
X-6047,PRICKLE2,166336.0,Del0.8,0.71
X-6047,PRICKLE3,4007.0,Del0.8,0.71
X-6047,PRKCD,5580.0,Del0.8,0.7
X-6047,PRKX,5613.0,Del0.8,0.76
X-6047,PRKY,5616.0,Del0.8,0.17
X-6047,PRODH,5625.0,Del0.8,0.77
X-6047,PROK2,60675.0,Del0.8,0.73
X-6047,PROS1,5627.0,MutNovel,"S587L,0.571"
X-6047,PRPS2,5634.0,Del0.8,0.69
X-6047,PRRG1,5638.0,Del0.8,0.71
X-6047,PRSS22,64063.0,Del0.8,0.79
X-6047,PRSS30P,124221.0,Del0.8,0.79
X-6047,PRY,9081.0,Del0.8,0.16
X-6047,PRY,9081.0,Del0.8,0.16
X-6047,PRY2,442862.0,Del0.8,0.16
X-6047,PRY2,442862.0,Del0.8,0.16
X-6047,PSENEN,55851.0,MutNovel,"E49K,0.656"
X-6047,PSMD6,9861.0,Del0.8,0.71
X-6047,PSMG2,56984.0,Amp5,5.03
X-6047,PTCHD1,139411.0,Del0.8,0.7
X-6047,PTK7,5754.0,MutNovel,"Q169E,0.409"
X-6047,PTPN2,5771.0,Amp5,5.03
X-6047,PTPN20A,653129.0,MutNovel,"L108F,0.846"
X-6047,PTPRM,5797.0,Amp5,5.28
X-6047,PTS,5805.0,Del0.8,0.7
X-6047,PVRIG,79037.0,MutNovel,"G120V,0.500"
X-6047,PVRL1,5818.0,Del0.8,0.76
X-6047,PXK,54899.0,Del0.8,0.71
X-6047,RAB36,9609.0,MutNovel,"G236E,1.000"
X-6047,RAB39A,54734.0,Del0.8,0.72
X-6047,RAB9A,9367.0,Del0.8,0.69
X-6047,RAD51B,5890.0,MutNovel,"A93G,1.000"
X-6047,RAI2,10742.0,Del0.8,0.7
X-6047,RANBP1,5902.0,Del0.8,0.77
X-6047,RASA4,10156.0,MutNovel,"T606M,0.300"
X-6047,RBBP7,5931.0,Del0.8,0.7
X-6047,RBFOX1,54715.0,Del0.8,0.73
X-6047,RBL2,5934.0,MutNovel,"H430D,1.000"
X-6047,RBM10,8241.0,Del0.8,0.71
X-6047,RBM3,5935.0,Del0.8,0.71
X-6047,RBM7,10179.0,Del0.8,0.73
X-6047,RBMY1A3P,286557.0,Del0.8,0.17
X-6047,RBMY1B,378948.0,Del0.8,0.16
X-6047,RBMY1B,378948.0,Del0.8,0.16
X-6047,RBMY1E,378950.0,Del0.8,0.16
X-6047,RBMY1E,378950.0,Del0.8,0.16
X-6047,RBMY1F,159163.0,Del0.8,0.16
X-6047,RBMY1F,159163.0,Del0.8,0.16
X-6047,RBMY1J,378951.0,Del0.8,0.16
X-6047,RBMY1J,378951.0,Del0.8,0.16
X-6047,RBMY2EP,159125.0,Del0.8,0.16
X-6047,RBMY2FP,159162.0,Del0.8,0.16
X-6047,RBMY3AP,64593.0,Del0.8,0.17
X-6047,RDX,5962.0,Del0.8,0.7
X-6047,REPS2,9185.0,Del0.8,0.7
X-6047,REV3L,5980.0,MutNovel,"E412D,0.613"
X-6047,REXO2,25996.0,Del0.8,0.73
X-6047,RFT1,91869.0,Del0.8,0.7
X-6047,RFX1,5989.0,MutNovel,"A568T,0.396"
X-6047,RGL3,57139.0,MutNovel,"L69Q,0.526"
X-6047,RGN,9104.0,Del0.8,0.71
X-6047,RGPD5,84220.0,Amp5,5.58
X-6047,RGPD8,727851.0,MutNovel,"Q1700E,1.000"
X-6047,RGPD8,727851.0,MutNovel,"F924C,0.342"
X-6047,RGPD8,727851.0,Amp5,5.58
X-6047,RIBC1,158787.0,Del0.8,0.71
X-6047,RIMBP3,85376.0,Del0.8,0.77
X-6047,RIN3,79890.0,MutNovel,"G967-,1.000"
X-6047,RNF139,11236.0,MutNovel,"R522C,0.523"
X-6047,RNF214,257160.0,Del0.8,0.76
X-6047,RNF26,79102.0,Del0.8,0.76
X-6047,RNMT,8731.0,Amp5,5.03
X-6047,ROBO1,6091.0,Del0.8,0.68
X-6047,ROBO2,6092.0,Del0.8,0.58
X-6047,ROCK1P1,727758.0,Amp5,5.28
X-6047,ROGDI,79641.0,Del0.8,0.73
X-6047,RP2,6102.0,Del0.8,0.71
X-6047,RPGR,6103.0,Del0.8,0.71
X-6047,RPL23AP64,649946.0,Del0.8,0.76
X-6047,RPL3,6122.0,MutNovel,"P206S,1.000"
X-6047,RPL37,6167.0,MutNovel,"S97C,1.000"
X-6047,RPL7,6129.0,MutNovel,"L153V,0.451"
X-6047,RPP14,11102.0,Del0.8,0.71
X-6047,RPS16,6217.0,Amp5,5.7
X-6047,RPS25,6230.0,Del0.8,0.76
X-6047,RPS4Y1,6192.0,Del0.8,0.28
X-6047,RPS4Y2,140032.0,Del0.8,0.16
X-6047,RPS6KA3,6197.0,Del0.8,0.7
X-6047,RRAGB,10325.0,Del0.8,0.26
X-6047,RS1,6247.0,Del0.8,0.7
X-6047,RTN4R,65078.0,Del0.8,0.77
X-6047,RUSC2,9853.0,MutNovel,"LAR1208L,0.450"
X-6047,RYBP,23429.0,Del0.8,0.73
X-6047,RYR2,6262.0,MutNovel,"G1435A,0.667"
X-6047,S100G,795.0,Del0.8,0.7
X-6047,SAMD9L,219285.0,MutKnownFunctional,"-1318,0.667"
X-6047,SAT1,6303.0,Del0.8,0.7
X-6047,SBNO1,55206.0,MutNovel,"L1263V,0.727"
X-6047,SCAP,22937.0,MutNovel,"E954K,0.996"
X-6047,SCARF2,91179.0,Del0.8,0.77
X-6047,SCARNA22,677770.0,Del0.8,0.74
X-6047,SCARNA23,677773.0,Del0.8,0.7
X-6047,SCARNA9L,100158262.0,Del0.8,0.7
X-6047,SCML1,6322.0,Del0.8,0.7
X-6047,SCML2,10389.0,Del0.8,0.7
X-6047,SCN2B,6327.0,Del0.8,0.76
X-6047,SCN4B,6330.0,Del0.8,0.76
X-6047,SCNN1A,6337.0,MutNovel,"R551Q,0.500"
X-6047,SDHD,6392.0,Del0.8,0.7
X-6047,SDK1,221935.0,MutNovel,"E1482K,0.957"
X-6047,SEC14L5,9717.0,Del0.8,0.73
X-6047,SEH1L,81929.0,Amp5,5.03
X-6047,SELK,58515.0,Del0.8,0.7
X-6047,SEMA3G,56920.0,Del0.8,0.7
X-6047,SEPT5-GP1BB,100526833.0,Del0.8,0.77
X-6047,SERINC2,347735.0,MutNovel,"-373Q,1.000"
X-6047,SERPINB3,6317.0,Del0.8,0.79
X-6047,SETD1A,9739.0,MutNovel,"R385L,0.469"
X-6047,SETD1B,23067.0,MutNovel,"E1414D,0.600"
X-6047,SFMBT1,51460.0,Del0.8,0.7
X-6047,SH3KBP1,30011.0,Del0.8,0.7
X-6047,SHOX,6473.0,Del0.8,0.76
X-6047,SHQ1,55164.0,Del0.8,0.73
X-6047,SHROOM2,357.0,MutNovel,"P133L,1.000"
X-6047,SHROOM2,357.0,Del0.8,0.69
X-6047,SHROOM4,57477.0,Del0.8,0.71
X-6047,SIDT2,51092.0,Del0.8,0.76
X-6047,SIK2,23235.0,Del0.8,0.7
X-6047,SLAIN2,57606.0,MutNovel,"I266V,1.000"
X-6047,SLBP,7884.0,MutNovel,"W75S,0.995"
X-6047,SLC20A1,6574.0,Amp5,5.58
X-6047,SLC25A1,6576.0,Del0.8,0.77
X-6047,SLC25A18,83733.0,Del0.8,0.76
X-6047,SLC25A26,115286.0,Del0.8,0.72
X-6047,SLC25A6,293.0,Del0.8,0.76
X-6047,SLC35A2,7355.0,Del0.8,0.71
X-6047,SLC35F2,54733.0,Del0.8,0.72
X-6047,SLC37A4,2542.0,Del0.8,0.76
X-6047,SLC38A5,92745.0,Del0.8,0.71
X-6047,SLC7A5,8140.0,MutNovel,"P6L,1.000"
X-6047,SLC9A7,84679.0,Del0.8,0.71
X-6047,SLFN11,91607.0,MutNovel,"D642V,1.000"
X-6047,SLMAP,7871.0,Del0.8,0.71
X-6047,SLMO1,10650.0,Amp5,5.03
X-6047,SLN,6588.0,Del0.8,0.72
X-6047,SLX4,84464.0,Del0.8,0.79
X-6047,SMC1A,8243.0,Del0.8,0.71
X-6047,SMCHD1,23347.0,Amp5,5.28
X-6047,SMEK3P,139420.0,Del0.8,0.7
X-6047,SMPD1,6609.0,MutNovel,"I93V,0.425"
X-6047,SMPX,23676.0,Del0.8,0.7
X-6047,SMS,6611.0,Del0.8,0.7
X-6047,SNF8,11267.0,MutNovel,"F96L,0.351"
X-6047,SNORA11,677799.0,Del0.8,0.71
X-6047,SNORA11C,100124540.0,Del0.8,0.71
X-6047,SNORA11D,100124541.0,Del0.8,0.71
X-6047,SNORA11D,100124541.0,Del0.8,0.71
X-6047,SNORA11E,100124542.0,Del0.8,0.71
X-6047,SNORA11E,100124542.0,Del0.8,0.71
X-6047,SNORD19,692089.0,Del0.8,0.7
X-6047,SNORD19B,100113381.0,Del0.8,0.7
X-6047,SNORD69,692109.0,Del0.8,0.7
X-6047,SNTN,132203.0,Del0.8,0.71
X-6047,SNX8,29886.0,MutNovel,"P8S,0.812"
X-6047,SOGA2,,MutNovel,"L209V,1.000"
X-6047,SON,6651.0,MutNovel,"D1689H,0.487"
X-6047,SORD,6652.0,MutNovel,"V282I,0.996"
X-6047,SPACA5,389852.0,Del0.8,0.71
X-6047,SPANXA2,728712.0,Del0.8,0.67
X-6047,SPANXA2,728712.0,Del0.8,0.67
X-6047,SPANXN5,494197.0,Del0.8,0.71
X-6047,SPATA12,353324.0,Del0.8,0.71
X-6047,SPCS1,28972.0,Del0.8,0.7
X-6047,SPIN2A,54466.0,Del0.8,0.73
X-6047,SPIN2B,474343.0,Del0.8,0.73
X-6047,SPIN3,169981.0,Del0.8,0.73
X-6047,SPIRE1,56907.0,Amp5,5.03
X-6047,SPRR2B,6701.0,MutNovel,"T20K,0.714"
X-6047,SRL,6345.0,Del0.8,0.79
X-6047,SRPX,8406.0,Del0.8,0.71
X-6047,SRY,6736.0,Del0.8,0.28
X-6047,SSBP4,170463.0,MutNovel,"K20M,0.703"
X-6047,SSX1,6756.0,Del0.8,0.71
X-6047,SSX2,6757.0,Del0.8,0.71
X-6047,SSX2,6757.0,Del0.8,0.71
X-6047,SSX2B,727837.0,Del0.8,0.71
X-6047,SSX2B,727837.0,Del0.8,0.71
X-6047,SSX3,10214.0,Del0.8,0.71
X-6047,SSX4,6759.0,Del0.8,0.71
X-6047,SSX4,6759.0,Del0.8,0.71
X-6047,SSX5,6758.0,Del0.8,0.71
X-6047,SSX6,280657.0,Del0.8,0.71
X-6047,SSX7,280658.0,Del0.8,0.71
X-6047,SSX8,280659.0,Del0.8,0.71
X-6047,ST14,6768.0,MutNovel,"P393H,1.000"
X-6047,ST6GALNAC5,81849.0,MutNovel,"-43QQ,0.608"
X-6047,STAB1,23166.0,Del0.8,0.7
X-6047,STAG3,10734.0,MutNovel,"V104A,0.571"
X-6047,STAP2,55620.0,MutNovel,"A144E,1.000"
X-6047,STAU1,6780.0,MutNovel,"V245F,0.612"
X-6047,STS,412.0,Del0.8,0.66
X-6047,SUCLG2,8801.0,Del0.8,0.72
X-6047,SUSD2,56241.0,MutNovel,"V614I,1.000"
X-6047,SUV39H1,6839.0,Del0.8,0.71
X-6047,SUV420H2,84787.0,MutNovel,"L272V,0.256"
X-6047,SYAP1,94056.0,Del0.8,0.7
X-6047,SYN1,6853.0,Del0.8,0.71
X-6047,SYNPR,132204.0,Del0.8,0.71
X-6047,SYP,6855.0,Del0.8,0.71
X-6047,SYT1,6857.0,MutNovel,"E351Q,0.246"
X-6047,SYTL5,94122.0,Del0.8,0.71
X-6047,TAB3,257397.0,Del0.8,0.66
X-6047,TAF6L,10629.0,MutNovel,"F562L,0.400"
X-6047,TAGLN,6876.0,Del0.8,0.76
X-6047,TASP1,55617.0,MutNovel,"L364I,0.487"
X-6047,TBC1D25,4943.0,Del0.8,0.71
X-6047,TBL1X,6907.0,Del0.8,0.69
X-6047,TBL1Y,90665.0,Del0.8,0.17
X-6047,TBP,6908.0,MutNovel,"-64Q,0.895"
X-6047,TBX1,6899.0,Del0.8,0.77
X-6047,TCEANC,170082.0,Del0.8,0.69
X-6047,TCIRG1,10312.0,MutNovel,"K83E,0.569"
X-6047,TEX12,56158.0,Del0.8,0.7
X-6047,TFAP4,7023.0,Del0.8,0.79
X-6047,TFE3,7030.0,Del0.8,0.71
X-6047,TGIF1,7050.0,Amp5,5.28
X-6047,TGIF2LY,90655.0,Del0.8,0.28
X-6047,THOC1,9984.0,Amp5,5.28
X-6047,THOC6,79228.0,Del0.8,0.79
X-6047,THOC7,80145.0,Del0.8,0.71
X-6047,THY1,7070.0,Del0.8,0.76
X-6047,TIGD7,91151.0,Del0.8,0.79
X-6047,TIMM17B,10245.0,Del0.8,0.71
X-6047,TIMM8B,26521.0,Del0.8,0.7
X-6047,TIMP1,7076.0,Del0.8,0.71
X-6047,TK1,7083.0,MutNovel,"F222S,1.000"
X-6047,TKT,7086.0,Del0.8,0.7
X-6047,TLR6,10333.0,MutNovel,"V465I,0.978"
X-6047,TLR7,51284.0,Del0.8,0.69
X-6047,TLR8,51311.0,Del0.8,0.69
X-6047,TLR8-AS1,349408.0,Del0.8,0.69
X-6047,TLR9,54106.0,Del0.8,0.7
X-6047,TMEM110,375346.0,Del0.8,0.7
X-6047,TMEM110-MUSTN1,100526772.0,Del0.8,0.7
X-6047,TMEM114,283953.0,Del0.8,0.75
X-6047,TMEM184A,202915.0,MutNovel,"G392GA,1.000"
X-6047,TMEM186,25880.0,Del0.8,0.75
X-6047,TMEM191A,84222.0,Del0.8,0.77
X-6047,TMEM191B,728229.0,Del0.8,0.77
X-6047,TMEM200C,645369.0,Amp5,5.28
X-6047,TMEM25,84866.0,Del0.8,0.76
X-6047,TMEM27,57393.0,Del0.8,0.68
X-6047,TMEM47,83604.0,Del0.8,0.71
X-6047,TMEM87B,84910.0,Amp5,5.58
X-6047,TMF1,7110.0,Del0.8,0.71
X-6047,TMPRSS13,84000.0,Del0.8,0.76
X-6047,TMPRSS4,56649.0,Del0.8,0.76
X-6047,TMSB4X,7114.0,Del0.8,0.69
X-6047,TMSB4Y,9087.0,Del0.8,0.17
X-6047,TMTC2,160335.0,MutNovel,"A132T,0.656"
X-6047,TNFRSF10D,8793.0,MutNovel,"Q296R,1.000"
X-6047,TNFRSF12A,51330.0,Del0.8,0.79
X-6047,TNNC1,7134.0,Del0.8,0.7
X-6047,TNRC6A,27327.0,MutKnownFunctional,"-186?,0.256"
X-6047,TNXB,7148.0,MutNovel,"M4002T,1.000"
X-6047,TOPORS,10210.0,MutNovel,"S25A,0.364"
X-6047,TP53,7157.0,MutKnownFunctional,"-152,1.000"
X-6047,TPRN,286262.0,MutNovel,"R69Q,1.000"
X-6047,TRAP1,10131.0,Del0.8,0.79
X-6047,TRAPPC2,6399.0,Del0.8,0.69
X-6047,TRAPPC4,51399.0,Del0.8,0.76
X-6047,TREH,11181.0,Del0.8,0.76
X-6047,TRIM25,7706.0,MutNovel,"H491R,1.000"
X-6047,TRIM29,23650.0,Del0.8,0.76
X-6047,TRIOBP,11078.0,MutNovel,"R462K,0.300"
X-6047,TRIOBP,11078.0,MutNovel,"E1706Q,0.500"
X-6047,TRIP6,7205.0,MutNovel,"V333A,0.672"
X-6047,TRMT2A,27037.0,Del0.8,0.77
X-6047,TRMU,55687.0,MutNovel,"E148K,1.000"
X-6047,TRO,7216.0,Del0.8,0.71
X-6047,TSEN54,283989.0,MutNovel,"R374G,1.000"
X-6047,TSPAN7,7102.0,Del0.8,0.71
X-6047,TSPY1,7258.0,Del0.8,0.17
X-6047,TSPY2,64591.0,Del0.8,0.17
X-6047,TSPY3,728137.0,Del0.8,0.17
X-6047,TSPY4,728395.0,Del0.8,0.17
X-6047,TSPY8,728403.0,Del0.8,0.17
X-6047,TSPYL1,7259.0,MutNovel,"V176VW,1.000"
X-6047,TSPYL2,64061.0,Del0.8,0.71
X-6047,TSR2,90121.0,Del0.8,0.71
X-6047,TSSK2,23617.0,Del0.8,0.77
X-6047,TTBK2,146057.0,MutNovel,"S173C,1.000"
X-6047,TTC12,54970.0,Del0.8,0.7
X-6047,TTC22,55001.0,MutNovel,"E477K,0.486"
X-6047,TTC36,143941.0,Del0.8,0.76
X-6047,TTL,646982.0,Amp5,5.58
X-6047,TTTY10,246119.0,Del0.8,0.16
X-6047,TTTY11,83866.0,Del0.8,0.17
X-6047,TTTY12,83867.0,Del0.8,0.17
X-6047,TTTY13,83868.0,Del0.8,0.16
X-6047,TTTY14,83869.0,Del0.8,0.16
X-6047,TTTY15,64595.0,Del0.8,0.17
X-6047,TTTY16,252948.0,Del0.8,0.17
X-6047,TTTY17A,252949.0,Del0.8,0.16
X-6047,TTTY17A,252949.0,Del0.8,0.26
X-6047,TTTY18,252950.0,Del0.8,0.17
X-6047,TTTY19,252952.0,Del0.8,0.17
X-6047,TTTY1B,100101116.0,Del0.8,0.17
X-6047,TTTY1B,100101116.0,Del0.8,0.17
X-6047,TTTY2,60439.0,Del0.8,0.17
X-6047,TTTY2,60439.0,Del0.8,0.17
X-6047,TTTY20,252951.0,Del0.8,0.17
X-6047,TTTY21,252953.0,Del0.8,0.17
X-6047,TTTY21,252953.0,Del0.8,0.17
X-6047,TTTY22,252954.0,Del0.8,0.17
X-6047,TTTY23,252955.0,Del0.8,0.17
X-6047,TTTY23,252955.0,Del0.8,0.17
X-6047,TTTY3,114760.0,Del0.8,0.1
X-6047,TTTY3,114760.0,Del0.8,0.16
X-6047,TTTY4,114761.0,Del0.8,0.1
X-6047,TTTY4,114761.0,Del0.8,0.06
X-6047,TTTY5,83863.0,Del0.8,0.16
X-6047,TTTY6,84672.0,Del0.8,0.16
X-6047,TTTY6,84672.0,Del0.8,0.16
X-6047,TTTY7,246122.0,Del0.8,0.17
X-6047,TTTY7,246122.0,Del0.8,0.17
X-6047,TTTY7B,100101120.0,Del0.8,0.17
X-6047,TTTY7B,100101120.0,Del0.8,0.17
X-6047,TTTY8,84673.0,Del0.8,0.17
X-6047,TTTY8,84673.0,Del0.8,0.17
X-6047,TTTY9A,83864.0,Del0.8,0.17
X-6047,TTTY9A,83864.0,Del0.8,0.07
X-6047,TUB,7275.0,MutNovel,"G191R,0.633"
X-6047,TUBA8,51807.0,Del0.8,0.76
X-6047,TUBB6,84617.0,Amp5,5.03
X-6047,TWF2,11344.0,Del0.8,0.7
X-6047,TXLNG,55787.0,Del0.8,0.7
X-6047,TXLNG2P,246126.0,Del0.8,0.16
X-6047,TXNL1,9352.0,MutNovel,"G33R,0.325"
X-6047,TXNRD2,10587.0,Del0.8,0.77
X-6047,TYMS,7298.0,Amp5,5.28
X-6047,U2AF1L4,199746.0,MutNovel,"S184L,0.683"
X-6047,U2AF1L4,199746.0,MutKnownFunctional,"S113*,0.662"
X-6047,UBA1,7317.0,Del0.8,0.71
X-6047,UBA3,9039.0,Del0.8,0.71
X-6047,UBE2D1,7321.0,MutNovel,"H137Y,0.410"
X-6047,UBE4A,9354.0,Del0.8,0.76
X-6047,UBN1,29855.0,Del0.8,0.73
X-6047,UBQLN2,29978.0,Del0.8,0.73
X-6047,UBR3,130507.0,MutNovel,"H1494Q,1.000"
X-6047,UBXN6,80700.0,MutNovel,"E287K,0.992"
X-6047,UFD1L,7353.0,Del0.8,0.77
X-6047,UGT2B17,7367.0,Del0.8,0.74
X-6047,ULBP2,80328.0,MutNovel,"T38I,0.444"
X-6047,UPK2,7379.0,Del0.8,0.76
X-6047,UQCRBP1,442454.0,Del0.8,0.73
X-6047,USP11,8237.0,Del0.8,0.71
X-6047,USP14,9097.0,Amp5,5.28
X-6047,USP18,11274.0,Del0.8,0.76
X-6047,USP2,9099.0,Del0.8,0.76
X-6047,USP27X,389856.0,Del0.8,0.71
X-6047,USP28,57646.0,Del0.8,0.73
X-6047,USP35,57558.0,MutNovel,"EK720E,0.375"
X-6047,USP51,158880.0,Del0.8,0.71
X-6047,USP7,7874.0,Del0.8,0.75
X-6047,USP9X,8239.0,Del0.8,0.71
X-6047,USP9Y,8287.0,Del0.8,0.17
X-6047,UTY,7404.0,Del0.8,0.17
X-6047,UXT,8409.0,Del0.8,0.71
X-6047,VAPB,9217.0,MutNovel,"P35T,0.386"
X-6047,VASN,114990.0,Del0.8,0.79
X-6047,VCX,26609.0,Del0.8,0.66
X-6047,VCX2,51480.0,Del0.8,0.66
X-6047,VCX3A,51481.0,Del0.8,0.67
X-6047,VCX3B,425054.0,Del0.8,0.69
X-6047,VCY,9084.0,Del0.8,0.17
X-6047,VCY,9084.0,Del0.8,0.17
X-6047,VENTXP1,139538.0,Del0.8,0.7
X-6047,VGLL3,389136.0,Del0.8,0.68
X-6047,VPS11,55823.0,Del0.8,0.76
X-6047,WAS,7454.0,Del0.8,0.71
X-6047,WDR13,64743.0,Del0.8,0.71
X-6047,WDR45,11152.0,Del0.8,0.71
X-6047,WDR82,80335.0,Del0.8,0.7
X-6047,WHSC2,7469.0,Del0.8,0.74
X-6047,WNK3,65267.0,Del0.8,0.71
X-6047,WNT5A,7474.0,Del0.8,0.7
X-6047,WRN,7486.0,MutKnownFunctional,"-3?,0.396"
X-6047,WWC3,55841.0,Del0.8,0.69
X-6047,XAGE1A,653219.0,Del0.8,0.71
X-6047,XAGE1A,653219.0,Del0.8,0.71
X-6047,XAGE1C,653048.0,Del0.8,0.71
X-6047,XAGE1C,653048.0,Del0.8,0.71
X-6047,XAGE2,9502.0,Del0.8,0.71
X-6047,XAGE2,9502.0,Del0.8,0.71
X-6047,XAGE3,170626.0,Del0.8,0.71
X-6047,XAGE5,170627.0,Del0.8,0.71
X-6047,XBP1,7494.0,MutNovel,"A5GP,1.000"
X-6047,XBP1,7494.0,MutNovel,"V4A,0.575"
X-6047,XG,7499.0,Del0.8,0.76
X-6047,XGPY2,100132596.0,Del0.8,0.76
X-6047,XK,7504.0,Del0.8,0.71
X-6047,XKR3,150165.0,Del0.8,0.71
X-6047,XKRY2,353515.0,Del0.8,0.17
X-6047,XKRY2,353515.0,Del0.8,0.17
X-6047,YEATS4,8089.0,MutNovel,"Q223E,0.290"
X-6047,YES1,7525.0,Amp5,5.28
X-6047,YY2,404281.0,Del0.8,0.7
X-6047,ZBED1,9189.0,Del0.8,0.76
X-6047,ZBED6,100381270.0,MutNovel,"A82V,0.346"
X-6047,ZBTB16,7704.0,Del0.8,0.73
X-6047,ZBTB32,27033.0,MutNovel,"S478F,1.000"
X-6047,ZC3H12C,85463.0,Del0.8,0.7
X-6047,ZC3H6,376940.0,Amp5,5.58
X-6047,ZC3H8,84524.0,Amp5,5.58
X-6047,ZDHHC24,254359.0,MutNovel,"R252C,0.579"
X-6047,ZDHHC8,29801.0,Del0.8,0.77
X-6047,ZFHX2,85446.0,MutNovel,"E99Q,1.000"
X-6047,ZFP161,7541.0,Amp5,5.28
X-6047,ZFP36L2,678.0,MutKnownFunctional,"-89,0.458"
X-6047,ZFPM1,161882.0,MutNovel,"P729S,1.000"
X-6047,ZFX,7543.0,Del0.8,0.7
X-6047,ZFY,7544.0,Del0.8,0.28
X-6047,ZFYVE28,57732.0,Del0.8,0.74
X-6047,ZMAT1,84460.0,MutNovel,"N525K,1.000"
X-6047,ZMYND8,23613.0,MutNovel,"S1162L,0.708"
X-6047,ZNF157,7712.0,Del0.8,0.71
X-6047,ZNF174,7727.0,Del0.8,0.79
X-6047,ZNF182,7569.0,Del0.8,0.71
X-6047,ZNF192,7745.0,MutNovel,"N493S,0.400"
X-6047,ZNF200,7752.0,Del0.8,0.79
X-6047,ZNF205,7755.0,Del0.8,0.79
X-6047,ZNF213,7760.0,Del0.8,0.79
X-6047,ZNF219,51222.0,MutNovel,"QPP233P,1.000"
X-6047,ZNF25,219749.0,MutNovel,"H136L,0.625"
X-6047,ZNF259,8882.0,Del0.8,0.73
X-6047,ZNF263,10127.0,Del0.8,0.79
X-6047,ZNF384,171017.0,MutNovel,"QQ514Q,1.000"
X-6047,ZNF385A,25946.0,MutNovel,"R299P,0.303"
X-6047,ZNF385B,151126.0,Del0.8,0.76
X-6047,ZNF41,7592.0,Del0.8,0.71
X-6047,ZNF434,54925.0,Del0.8,0.79
X-6047,ZNF473,25888.0,MutNovel,"D498N,0.382"
X-6047,ZNF503,84858.0,MutNovel,"PAA455P,0.202"
X-6047,ZNF519,162655.0,Amp5,5.03
X-6047,ZNF596,169270.0,MutNovel,"E438V,0.636"
X-6047,ZNF597,146434.0,Del0.8,0.79
X-6047,ZNF630,57232.0,Del0.8,0.71
X-6047,ZNF645,158506.0,Del0.8,0.7
X-6047,ZNF654,55279.0,Del0.8,0.68
X-6047,ZNF673,55634.0,Del0.8,0.71
X-6047,ZNF674,641339.0,Del0.8,0.71
X-6047,ZNF711,7552.0,MutNovel,"R313Q,0.984"
X-6047,ZNF717,100131827.0,Del0.8,0.68
X-6047,ZNF74,7625.0,Del0.8,0.77
X-6047,ZNF75A,7627.0,Del0.8,0.79
X-6047,ZNF776,284309.0,MutNovel,"H226Y,0.706"
X-6047,ZNF81,347344.0,Del0.8,0.71
X-6047,ZRSR2,8233.0,Del0.8,0.7
X-6047,ZSCAN10,84891.0,Del0.8,0.79
X-6047,ZSWIM4,65249.0,MutNovel,"R937Q,0.252"
X-6047,ZW10,9183.0,Del0.8,0.73
X-6047,ZXDA,7789.0,Del0.8,0.73
X-6047,ZXDB,158586.0,Del0.8,0.73
X-1027,A1CF,29974.0,MutNovel,"Y521H,0.417"
X-1027,AARS2,57505.0,MutNovel,"L601V,0.488"
X-1027,AARS2,57505.0,MutNovel,"P291L,0.263"
X-1027,AATK,9625.0,MutNovel,"G1269W,0.520"
X-1027,ABCA2,20.0,MutNovel,"Y899C,0.449"
X-1027,ABCA2,20.0,MutNovel,"L147P,0.579"
X-1027,ABCA3,21.0,MutNovel,"R194S,0.404"
X-1027,ABCC4,10257.0,MutNovel,"R915W,0.857"
X-1027,ABCC6,368.0,MutNovel,"W506R,1.000"
X-1027,ABCG2,9429.0,MutNovel,"A174T,1.000"
X-1027,ABHD16A,7920.0,MutNovel,"L196I,0.558"
X-1027,ABHD2,11057.0,MutNovel,"C414R,0.439"
X-1027,ABHD8,79575.0,MutKnownFunctional,"-94,0.250"
X-1027,ACACB,32.0,MutNovel,"R277H,0.556"
X-1027,ACIN1,22985.0,MutNovel,"R559G,0.496"
X-1027,ACP6,51205.0,MutNovel,"Y287C,0.339"
X-1027,ACSM3,6296.0,MutKnownFunctional,"-547?,0.491"
X-1027,ACTL10,170487.0,MutNovel,"H79Y,0.692"
X-1027,ACVR1B,91.0,MutKnownFunctional,"R485*,0.500"
X-1027,ACVR2A,92.0,MutKnownFunctional,"-435,1.000"
X-1027,ADAM17,6868.0,MutNovel,"Y107H,0.500"
X-1027,ADAM6,8755.0,Amp5,5.5
X-1027,ADAM8,101.0,MutNovel,"A399T,0.968"
X-1027,ADAM9,8754.0,MutNovel,"A327T,0.573"
X-1027,ADD1,118.0,MutNovel,"R209H,0.535"
X-1027,ADD1,118.0,MutNovel,"K763-,0.485"
X-1027,ADO,84890.0,MutNovel,"P210L,0.566"
X-1027,ADSSL1,122622.0,MutNovel,"A483T,0.276"
X-1027,AFG3L2,10939.0,MutNovel,"E575K,0.482"
X-1027,AGAP5,729092.0,MutNovel,"E621D,0.357"
X-1027,AHDC1,27245.0,MutNovel,"A240V,0.556"
X-1027,AHNAK,79026.0,MutNovel,"I3842V,0.225"
X-1027,AHNAK,79026.0,MutNovel,"L3833I,0.274"
X-1027,AIP,9049.0,MutNovel,"D262G,0.386"
X-1027,AKAP11,11215.0,MutKnownFunctional,"-298,0.500"
X-1027,ALDH9A1,223.0,MutNovel,"T60I,0.528"
X-1027,ALG1,56052.0,MutNovel,"P16L,0.526"
X-1027,ALOX15B,247.0,MutNovel,"A191V,0.548"
X-1027,AMDHD2,51005.0,MutNovel,"T16S,0.477"
X-1027,AMELY,266.0,Del0.8,0.2
X-1027,ANAPC2,29882.0,MutNovel,"M779V,0.466"
X-1027,ANAPC2,29882.0,MutNovel,"V542M,0.426"
X-1027,ANKIB1,54467.0,MutNovel,"D935G,0.449"
X-1027,ANKLE2,23141.0,MutNovel,"K555M,0.515"
X-1027,ANKRD11,29123.0,MutNovel,"G2006W,0.736"
X-1027,ANKRD11,29123.0,MutNovel,"S1301G,0.407"
X-1027,ANKRD11,29123.0,MutKnownFunctional,"-1103?,0.554"
X-1027,ANKRD12,23253.0,MutNovel,"Y129F,0.367"
X-1027,ANKRD34A,284615.0,MutNovel,"L252I,1.000"
X-1027,ANKRD36,375248.0,MutNovel,"T998S,0.600"
X-1027,ANKS3,124401.0,MutNovel,"S487G,0.510"
X-1027,ANO1,55107.0,MutNovel,"D383N,0.618"
X-1027,AP1S1,1174.0,MutKnownFunctional,"-119,1.000"
X-1027,AP2B1,163.0,MutNovel,"K265E,0.566"
X-1027,AP5B1,,MutNovel,"A736T,0.545"
X-1027,AP5B1,,MutNovel,"A329V,0.542"
X-1027,APC,324.0,MutNovel,"I66T,0.556"
X-1027,APH1B,83464.0,MutNovel,"A56T,0.524"
X-1027,APH1B,83464.0,MutKnownFunctional,"R114*,0.424"
X-1027,APLP1,333.0,MutNovel,"L490M,0.636"
X-1027,APOPT1,84334.0,MutNovel,"A153V,0.537"
X-1027,ARAF,369.0,MutKnownFunctional,"R68*,1.000"
X-1027,ARFGEF1,10565.0,MutNovel,"R1579S,0.536"
X-1027,ARHGAP21,57584.0,MutNovel,"R1881Q,0.492"
X-1027,ARHGAP21,57584.0,MutNovel,"T273A,0.526"
X-1027,ARHGAP29,9411.0,MutKnownFunctional,"R946*,0.267"
X-1027,ARHGAP33,115703.0,MutNovel,"E932V,0.571"
X-1027,ARHGEF11,9826.0,MutNovel,"R840Q,0.356"
X-1027,ARHGEF2,9181.0,MutNovel,"D476N,0.462"
X-1027,ARHGEF35,445328.0,MutNovel,"Q322H,0.714"
X-1027,ARHGEF35,445328.0,MutNovel,"Q179R,0.500"
X-1027,ARL6,84100.0,MutNovel,"S54G,0.429"
X-1027,ARVCF,421.0,MutNovel,"R425H,0.759"
X-1027,ASB16,92591.0,MutNovel,"E244G,0.522"
X-1027,ASB8,140461.0,MutKnownFunctional,"-75,0.609"
X-1027,ASCC3,10973.0,MutKnownFunctional,"-163,0.600"
X-1027,ASPHD2,57168.0,MutNovel,"V2L,0.630"
X-1027,ATF7IP2,80063.0,MutNovel,"T184A,1.000"
X-1027,ATG2A,23130.0,MutNovel,"R1803W,0.508"
X-1027,ATG2A,23130.0,MutNovel,"R1075C,0.617"
X-1027,ATG2B,55102.0,MutNovel,"K634E,0.571"
X-1027,ATL1,51062.0,MutNovel,"V37A,0.417"
X-1027,ATM,472.0,MutNovel,"K2431E,0.435"
X-1027,ATP10B,23120.0,MutNovel,"T887I,0.625"
X-1027,ATP13A1,57130.0,MutNovel,"H393R,0.494"
X-1027,ATP2A2,488.0,MutNovel,"M575V,0.516"
X-1027,ATP5O,539.0,MutNovel,"R40H,0.496"
X-1027,ATP6V1C1,528.0,MutNovel,"P278Q,0.510"
X-1027,ATP9B,374868.0,MutNovel,"T869A,0.653"
X-1027,ATXN2,6311.0,MutNovel,"G1024D,0.457"
X-1027,ATXN3,4287.0,MutKnownFunctional,"W120*,0.324"
X-1027,ATXN7L3,56970.0,MutNovel,"T237S,0.434"
X-1027,AXIN1,8312.0,MutNovel,"G488V,0.451"
X-1027,AXIN1,8312.0,MutNovel,"R22Q,0.438"
X-1027,B3GNT3,10331.0,MutNovel,"R55H,0.327"
X-1027,B4GALT2,8704.0,MutNovel,"D343G,0.470"
X-1027,BAG4,9530.0,MutKnownFunctional,"-453?,0.404"
X-1027,BAIAP2L2,80115.0,MutNovel,"R454S,0.844"
X-1027,BAZ1A,11177.0,MutNovel,"Q903R,0.242"
X-1027,BCL10,8915.0,MutKnownFunctional,"-167,0.474"
X-1027,BCL11A,53335.0,MutNovel,"A661T,0.667"
X-1027,BCL2L13,23786.0,MutNovel,"YV17Y,0.496"
X-1027,BCL9L,283149.0,MutKnownFunctional,"-1127?,0.533"
X-1027,BCL9L,283149.0,MutKnownFunctional,"-449,1.000"
X-1027,BCOR,54880.0,MutNovel,"S1676T,0.623"
X-1027,BCORP1,286554.0,Del0.8,0.2
X-1027,BDKRB1,623.0,MutNovel,"H195R,0.343"
X-1027,BEST4,266675.0,MutNovel,"E395K,1.000"
X-1027,BIRC6,57448.0,MutNovel,"L4189S,0.676"
X-1027,BLVRB,645.0,MutNovel,"D192N,0.472"
X-1027,BOD1L1,,MutNovel,"A838T,0.429"
X-1027,BPTF,2186.0,MutNovel,"T1096A,0.469"
X-1027,BPY2B,442867.0,Del0.8,0.18
X-1027,BPY2B,442867.0,Del0.8,0.18
X-1027,BRD3,8019.0,MutKnownFunctional,"-24,0.522"
X-1027,BRF1,2972.0,MutNovel,"R428H,0.570"
X-1027,BRI3BP,140707.0,MutNovel,"EK42E,0.491"
X-1027,BRMS1L,84312.0,MutNovel,"C61R,0.600"
X-1027,BRWD3,254065.0,MutNovel,"V1375L,1.000"
X-1027,BTNL3,10917.0,MutNovel,"H311G,0.750"
X-1027,BZRAP1,9256.0,MutNovel,"S1503L,0.500"
X-1027,C10orf12,26148.0,MutNovel,"T1182A,0.600"
X-1027,C10orf12,26148.0,MutNovel,"N1202C,0.353"
X-1027,C11orf57,55216.0,MutKnownFunctional,"-159,0.635"
X-1027,C11orf68,83638.0,MutNovel,"R286C,0.434"
X-1027,C11orf93,120376.0,MutNovel,"A138T,0.735"
X-1027,C12orf45,121053.0,MutKnownFunctional,"-182,0.457"
X-1027,C12orf51,283450.0,MutKnownFunctional,"-3108,0.625"
X-1027,C12orf74,338809.0,MutNovel,"S48L,0.667"
X-1027,C14orf43,91748.0,MutKnownFunctional,"-313,0.409"
X-1027,C15orf39,56905.0,MutKnownFunctional,"-472,0.276"
X-1027,C16orf53,79447.0,MutNovel,"G222R,0.484"
X-1027,C16orf59,80178.0,MutKnownFunctional,"Q245*,0.274"
X-1027,C17orf101,79701.0,MutNovel,"H311R,0.363"
X-1027,C19orf60,55049.0,MutNovel,"L125P,0.514"
X-1027,C19orf68,,MutNovel,"A40V,0.833"
X-1027,C19orf71,100128569.0,MutNovel,"V123A,0.591"
X-1027,C19orf71,100128569.0,MutNovel,"V150M,0.535"
X-1027,C1orf130,400746.0,MutNovel,"T45A,0.500"
X-1027,C1orf172,126695.0,MutNovel,"R366G,0.434"
X-1027,C20orf151,140893.0,MutNovel,"I158V,0.421"
X-1027,C22orf28,51493.0,MutNovel,"R379H,0.478"
X-1027,C22orf29,79680.0,MutNovel,"E330A,0.395"
X-1027,C2CD3,26005.0,MutKnownFunctional,"R62*,0.448"
X-1027,C2CD4A,145741.0,MutNovel,"R225G,0.243"
X-1027,C6orf89,221477.0,MutKnownFunctional,"-58?,1.000"
X-1027,C8orf73,642475.0,MutKnownFunctional,"-18,0.761"
X-1027,CA14,23632.0,MutKnownFunctional,"-229,0.750"
X-1027,CABLES2,81928.0,MutNovel,"K183T,0.600"
X-1027,CACNA1E,777.0,MutNovel,"R938Q,1.000"
X-1027,CACTIN,,MutNovel,"K313R,0.554"
X-1027,CACTIN,,MutNovel,"R147W,0.667"
X-1027,CAMKK2,10645.0,MutKnownFunctional,"-537,1.000"
X-1027,CAPRIN2,65981.0,MutNovel,"P725L,0.567"
X-1027,CAPZA1,829.0,MutNovel,"T63M,0.285"
X-1027,CARD14,79092.0,MutNovel,"E495D,0.476"
X-1027,CASC5,57082.0,MutNovel,"D1973E,0.449"
X-1027,CASP5,838.0,MutNovel,"I175V,0.278"
X-1027,CBLC,23624.0,MutNovel,"P452L,0.496"
X-1027,CBLL1,79872.0,MutNovel,"R219C,0.400"
X-1027,CBWD1,55871.0,MutNovel,"EE33E,0.500"
X-1027,CBWD6,644019.0,MutKnownFunctional,"-259?,0.538"
X-1027,CBWD6,644019.0,MutNovel,"EE33E,1.000"
X-1027,CCDC117,150275.0,MutNovel,"Q135R,0.452"
X-1027,CCDC149,91050.0,MutNovel,"L153V,0.584"
X-1027,CCDC57,284001.0,MutNovel,"R28C,0.429"
X-1027,CCDC6,8030.0,MutNovel,"I49T,0.679"
X-1027,CCDC61,729440.0,MutNovel,"P290L,0.705"
X-1027,CCDC71,64925.0,MutNovel,"A43V,0.446"
X-1027,CCDC88B,283234.0,MutNovel,"V690A,0.750"
X-1027,CCHCR1,54535.0,MutNovel,"G241V,0.545"
X-1027,CCNC,892.0,MutKnownFunctional,"-261,0.288"
X-1027,CCNDBP1,23582.0,MutNovel,"Y103H,0.562"
X-1027,CCNT1,904.0,MutNovel,"S123R,0.564"
X-1027,CDC25A,993.0,MutNovel,"S116G,0.370"
X-1027,CDC42EP1,11135.0,MutNovel,"PAPAANPS253P,1.000"
X-1027,CDC42EP5,148170.0,MutNovel,"G39S,0.476"
X-1027,CDC7,8317.0,MutKnownFunctional,"-28,0.375"
X-1027,CDK1,983.0,MutNovel,"G115V,0.436"
X-1027,CDK11B,984.0,MutNovel,"Y489H,0.494"
X-1027,CDK6,1021.0,MutNovel,"Y24H,0.444"
X-1027,CDY1B,253175.0,Del0.8,0.18
X-1027,CDY1B,253175.0,Del0.8,0.18
X-1027,CDY2A,9426.0,Del0.8,0.2
X-1027,CDY2A,9426.0,Del0.8,0.2
X-1027,CDY2B,203611.0,Del0.8,0.2
X-1027,CDY2B,203611.0,Del0.8,0.2
X-1027,CDYL2,124359.0,MutNovel,"F260V,0.600"
X-1027,CEBPB,1051.0,MutNovel,"V140A,0.453"
X-1027,CEP170,9859.0,MutNovel,"R1258H,0.667"
X-1027,CEP19,84984.0,MutKnownFunctional,"-81?,0.316"
X-1027,CEP290,80184.0,MutKnownFunctional,"-2290,0.375"
X-1027,CEP350,9857.0,MutNovel,"D2335Y,0.526"
X-1027,CGN,57530.0,MutNovel,"V57M,0.484"
X-1027,CHD4,1108.0,MutNovel,"W547R,0.207"
X-1027,CHD7,55636.0,MutKnownFunctional,"-2986,0.495"
X-1027,CHD9,80205.0,MutNovel,"E407K,0.750"
X-1027,CHRD,8646.0,MutNovel,"A185V,1.000"
X-1027,CHRM3,1131.0,MutNovel,"K439T,0.833"
X-1027,CHRNE,1145.0,MutNovel,"E177-,0.250"
X-1027,CIC,23152.0,MutNovel,"A354T,0.566"
X-1027,CIC,23152.0,MutKnownFunctional,"-1595?,0.500"
X-1027,CKMT2,1160.0,MutNovel,"I333T,0.552"
X-1027,CLCN2,1181.0,MutNovel,"A723T,0.515"
X-1027,CLDN1,9076.0,MutNovel,"M118T,0.456"
X-1027,CLDN12,9069.0,MutNovel,"I120IKLA,0.455"
X-1027,CMTM1,113540.0,MutKnownFunctional,"-175,1.000"
X-1027,CNOT3,4849.0,MutNovel,"V207I,0.491"
X-1027,COASY,80347.0,MutNovel,"V497E,0.577"
X-1027,COBLL1,22837.0,MutKnownFunctional,"-907,0.386"
X-1027,COG7,91949.0,MutNovel,"T463M,0.548"
X-1027,COL18A1,80781.0,MutNovel,"G1125S,0.600"
X-1027,COMMD10,51397.0,MutNovel,"R32W,0.410"
X-1027,COMMD4,54939.0,MutNovel,"P171H,0.459"
X-1027,COMMD6,170622.0,MutNovel,"E2G,0.423"
X-1027,COMMD7,149951.0,MutNovel,"M130V,0.555"
X-1027,COPA,1314.0,MutNovel,"M234V,0.525"
X-1027,COPS5,10987.0,MutNovel,"K324T,0.530"
X-1027,COPS7A,50813.0,MutNovel,"K93T,0.500"
X-1027,CPE,1363.0,MutNovel,"G80E,1.000"
X-1027,CPOX,1371.0,MutNovel,"G242D,0.514"
X-1027,CPS1,1373.0,MutNovel,"I391V,0.526"
X-1027,CPS1,1373.0,MutNovel,"P945H,0.676"
X-1027,CPSF4,10898.0,MutNovel,"I115T,0.544"
X-1027,CREB1,1385.0,MutNovel,"R289C,0.484"
X-1027,CREM,1390.0,MutNovel,"Y265C,0.608"
X-1027,CROCC,9696.0,MutNovel,"S1939R,0.457"
X-1027,CRY1,1407.0,MutNovel,"R478C,0.600"
X-1027,CSK,1445.0,MutNovel,"V221F,0.490"
X-1027,CSNK1G3,1456.0,MutNovel,"Y87H,0.566"
X-1027,CSPG4P1Y,114758.0,Del0.8,0.18
X-1027,CSPG4P1Y,114758.0,Del0.8,0.18
X-1027,CTDSPL2,51496.0,MutNovel,"L432P,0.526"
X-1027,CTNNB1,1499.0,MutNovel,"T41A,1.000"
X-1027,CTSA,5476.0,MutNovel,"L29-,1.000"
X-1027,CTSK,1513.0,MutNovel,"G194D,0.429"
X-1027,CTTNBP2,83992.0,MutNovel,"S1588G,0.462"
X-1027,CYB5R1,51706.0,MutKnownFunctional,"-282,0.570"
X-1027,CYHR1,50626.0,MutKnownFunctional,"-144?,0.422"
X-1027,CYR61,3491.0,MutKnownFunctional,"-289,0.375"
X-1027,CYTH1,9267.0,MutNovel,"K109N,0.569"
X-1027,D2HGDH,728294.0,MutNovel,"S258L,0.205"
X-1027,DAG1,1605.0,MutNovel,"T445M,0.496"
X-1027,DAGLA,747.0,MutNovel,"G884S,0.588"
X-1027,DAPK3,1613.0,MutNovel,"A136T,0.555"
X-1027,DAZ1,1617.0,Del0.8,0.18
X-1027,DAZ2,57055.0,Del0.8,0.18
X-1027,DAZ3,57054.0,Del0.8,0.18
X-1027,DAZ3,57054.0,Del0.8,0.18
X-1027,DAZ4,57135.0,Del0.8,0.18
X-1027,DAZ4,57135.0,Del0.8,0.18
X-1027,DDHD2,23259.0,MutNovel,"T289A,0.500"
X-1027,DDR2,4921.0,MutNovel,"T713I,0.818"
X-1027,DDR2,4921.0,MutNovel,"D854N,0.571"
X-1027,DDX10,1662.0,MutNovel,"K665E,0.609"
X-1027,DDX3Y,8653.0,Del0.8,0.2
X-1027,DEF6,50619.0,MutNovel,"Q116R,0.515"
X-1027,DENND1A,57706.0,MutNovel,"G624R,0.455"
X-1027,DENND4B,9909.0,MutNovel,"QQQ908-,0.294"
X-1027,DGKH,160851.0,MutNovel,"H1200R,0.765"
X-1027,DGKQ,1609.0,MutNovel,"P27L,0.750"
X-1027,DHRS4,10901.0,MutNovel,"V164A,0.687"
X-1027,DHX36,170506.0,MutKnownFunctional,"-154,0.456"
X-1027,DHX57,90957.0,MutNovel,"E669D,0.585"
X-1027,DIP2B,57609.0,MutKnownFunctional,"G181*,0.231"
X-1027,DLAT,1737.0,MutNovel,"A57T,0.472"
X-1027,DMBT1,1755.0,MutKnownFunctional,"-2404,0.429"
X-1027,DMWD,1762.0,MutKnownFunctional,"-454,0.360"
X-1027,DMWD,1762.0,MutNovel,"C167R,0.388"
X-1027,DNAJC28,54943.0,MutNovel,"Y128H,0.500"
X-1027,DOCK7,85440.0,MutNovel,"D1986G,0.647"
X-1027,DOPEY2,9980.0,MutNovel,"R1411K,0.453"
X-1027,DPH2,1802.0,MutNovel,"R437L,0.458"
X-1027,DUS3L,56931.0,MutNovel,"N259K,0.404"
X-1027,DYRK1A,1859.0,MutNovel,"Y159H,0.500"
X-1027,DZANK1,55184.0,MutNovel,"E557K,0.400"
X-1027,E2F5,1875.0,MutNovel,"G18A,1.000"
X-1027,ECT2,1894.0,MutNovel,"Q579L,0.209"
X-1027,EEA1,8411.0,MutNovel,"S1024R,0.613"
X-1027,EGFR,1956.0,MutNovel,"R977H,0.407"
X-1027,EGR1,1958.0,MutNovel,"T463I,0.522"
X-1027,EHBP1L1,254102.0,MutKnownFunctional,"-496,0.292"
X-1027,EIF1AY,9086.0,Del0.8,0.2
X-1027,EIF2B5,8893.0,MutNovel,"SE525-,0.500"
X-1027,ENG,2022.0,MutNovel,"A339T,0.500"
X-1027,EPHB3,2049.0,MutNovel,"M686V,0.552"
X-1027,EPPK1,83481.0,MutNovel,"P1199T,1.000"
X-1027,EPS15L1,58513.0,MutNovel,"Q520R,0.465"
X-1027,EPS15L1,58513.0,MutNovel,"T513A,0.409"
X-1027,ERBB3,2065.0,MutNovel,"F1334S,0.539"
X-1027,ERGIC1,57222.0,MutNovel,"E55K,0.477"
X-1027,ESPL1,9700.0,MutNovel,"S1820P,0.441"
X-1027,ETV5,2119.0,MutNovel,"Q232R,0.418"
X-1027,EVI5,7813.0,MutNovel,"K219N,0.786"
X-1027,EVPL,2125.0,MutNovel,"V608I,0.542"
X-1027,EXO1,9156.0,MutNovel,"K255T,0.459"
X-1027,EXOC8,149371.0,MutNovel,"A215V,0.714"
X-1027,EXOSC4,54512.0,MutNovel,"G167S,0.436"
X-1027,EXOSC6,118460.0,MutNovel,"D178G,0.569"
X-1027,EXOSC9,5393.0,MutNovel,"V155A,0.524"
X-1027,EXTL3,2137.0,MutNovel,"M836T,0.548"
X-1027,FAM106A,80039.0,Del0.8,0.75
X-1027,FAM110A,83541.0,MutNovel,"R194H,0.414"
X-1027,FAM111B,374393.0,MutKnownFunctional,"-269,0.364"
X-1027,FAM114A2,10827.0,MutNovel,"Q285K,0.412"
X-1027,FAM151A,338094.0,MutKnownFunctional,"-534?,0.500"
X-1027,FAM157A,728262.0,MutNovel,"A346T,1.000"
X-1027,FAM195B,348262.0,MutNovel,"R60W,0.419"
X-1027,FAM197Y2P,252946.0,Del0.8,0.2
X-1027,FAM207A,85395.0,MutNovel,"K57T,0.469"
X-1027,FAM227A,,MutNovel,"L42V,1.000"
X-1027,FAM41AY1,340618.0,Del0.8,0.2
X-1027,FAM41AY1,340618.0,Del0.8,0.2
X-1027,FAM83H,286077.0,MutNovel,"P1064L,0.522"
X-1027,FAM83H,286077.0,MutNovel,"V706G,0.513"
X-1027,FAM8A1,51439.0,MutNovel,"R370Q,0.539"
X-1027,FANCA,2175.0,MutKnownFunctional,"-1049,0.429"
X-1027,FASN,2194.0,MutNovel,"T2450M,0.516"
X-1027,FASN,2194.0,MutNovel,"R59M,0.457"
X-1027,FASTKD2,22868.0,MutNovel,"R567Q,0.490"
X-1027,FBRSL1,57666.0,MutNovel,"P301S,0.469"
X-1027,FBXO24,26261.0,MutNovel,"G173S,0.333"
X-1027,FBXO34,55030.0,MutNovel,"S509N,0.435"
X-1027,FBXO38,81545.0,MutNovel,"T1149A,0.576"
X-1027,FBXO44,93611.0,MutNovel,"E11K,0.571"
X-1027,FBXO44,93611.0,MutKnownFunctional,"R53*,0.379"
X-1027,FBXO8,26269.0,MutNovel,"N42D,0.504"
X-1027,FBXW9,84261.0,MutNovel,"A145T,0.548"
X-1027,FCGBP,8857.0,MutNovel,"A5082V,0.422"
X-1027,FCHO2,115548.0,MutNovel,"E13G,0.375"
X-1027,FGFR1OP,11116.0,MutNovel,"A297T,0.455"
X-1027,FHDC1,85462.0,MutNovel,"T935A,0.429"
X-1027,FHL1,2273.0,MutNovel,"D50N,0.600"
X-1027,FHOD1,29109.0,MutNovel,"A826V,0.490"
X-1027,FLII,2314.0,MutNovel,"P976A,0.506"
X-1027,FLNB,2317.0,MutNovel,"V779A,0.493"
X-1027,FLYWCH1,84256.0,MutKnownFunctional,"-513,0.435"
X-1027,FNDC3B,64778.0,MutNovel,"E317G,0.400"
X-1027,FOPNL,123811.0,MutKnownFunctional,"R29*,0.530"
X-1027,FOXA3,3171.0,MutNovel,"M128T,0.518"
X-1027,FOXA3,3171.0,MutNovel,"G233R,0.542"
X-1027,FOXJ3,22887.0,MutNovel,"Q514R,0.486"
X-1027,FOXO1,2308.0,MutNovel,"L328P,0.600"
X-1027,FSD1L,83856.0,MutNovel,"N438I,0.500"
X-1027,FUBP3,8939.0,MutNovel,"A531T,0.492"
X-1027,FUT1,2523.0,MutNovel,"R7PIG,0.413"
X-1027,FUT5,2527.0,MutNovel,"A118T,1.000"
X-1027,FZD2,2535.0,MutNovel,"P142L,0.636"
X-1027,FZD2,2535.0,MutNovel,"H144R,0.370"
X-1027,GCC2,9648.0,MutNovel,"Q1431R,0.571"
X-1027,GEMIN5,25929.0,MutNovel,"S1275N,0.256"
X-1027,GID8,,MutNovel,"A82V,0.601"
X-1027,GIPC1,10755.0,MutNovel,"E135G,0.466"
X-1027,GIT1,28964.0,MutNovel,"G530A,0.522"
X-1027,GJC2,57165.0,MutKnownFunctional,"-303,0.447"
X-1027,GLB1,2720.0,MutNovel,"C426Y,0.530"
X-1027,GLRX3,10539.0,MutNovel,"R136H,0.552"
X-1027,GLYR1,84656.0,MutKnownFunctional,"-380?,0.750"
X-1027,GOLGA2,2801.0,MutNovel,"D708E,0.286"
X-1027,GOLGA2P2Y,84559.0,Del0.8,0.18
X-1027,GOLGA2P2Y,84559.0,Del0.8,0.18
X-1027,GOLGA3,2802.0,MutNovel,"K1316T,0.549"
X-1027,GOLGB1,2804.0,MutNovel,"K2672R,0.490"
X-1027,GPATCH1,55094.0,MutNovel,"A555T,0.688"
X-1027,GPATCH8,23131.0,MutKnownFunctional,"-399?,0.519"
X-1027,GPR126,57211.0,MutNovel,"L153V,0.368"
X-1027,GPR98,84059.0,MutNovel,"K5204E,0.800"
X-1027,GPRIN2,9721.0,MutNovel,"-238MRE,1.000"
X-1027,GRIK4,2900.0,MutNovel,"S514F,1.000"
X-1027,GRIN2D,2906.0,MutNovel,"I803V,0.476"
X-1027,GRIN2D,2906.0,MutKnownFunctional,"-952?,0.538"
X-1027,GSTM2,2946.0,MutNovel,"L5P,0.483"
X-1027,GSTT1,2952.0,Amp5,5.7
X-1027,GSTTP1,25774.0,Amp5,5.7
X-1027,GTF3C6,112495.0,MutNovel,"E65G,0.384"
X-1027,GULP1,51454.0,MutNovel,"Q39R,0.559"
X-1027,GYG2P1,352887.0,Del0.8,0.2
X-1027,HABP4,22927.0,MutKnownFunctional,"-400,0.500"
X-1027,HARS,3035.0,MutNovel,"K243T,0.508"
X-1027,HCCS,3052.0,MutNovel,"K76-,1.000"
X-1027,HCFC1,3054.0,MutNovel,"R93C,0.469"
X-1027,HDAC5,10014.0,MutNovel,"V1087A,0.472"
X-1027,HEATR5B,54497.0,MutNovel,"M1190L,0.418"
X-1027,HECA,51696.0,MutNovel,"A387T,0.522"
X-1027,HERC1,8925.0,MutNovel,"R4591H,0.429"
X-1027,HERC1,8925.0,MutNovel,"Q4122R,0.469"
X-1027,HES1,3280.0,MutNovel,"A209T,0.466"
X-1027,HES2,54626.0,MutNovel,"P139S,0.280"
X-1027,HIRA,7290.0,MutNovel,"A741V,0.461"
X-1027,HIRA,7290.0,MutNovel,"KK642K,0.496"
X-1027,HIRIP3,8479.0,MutNovel,"R434W,0.458"
X-1027,HLCS,3141.0,MutKnownFunctional,"E680*,0.530"
X-1027,HMGXB4,10042.0,MutKnownFunctional,"-388,0.692"
X-1027,HMX3,340784.0,MutKnownFunctional,"-21,0.500"
X-1027,HNRNPK,3190.0,MutNovel,"R433W,0.512"
X-1027,HOMEZ,57594.0,MutNovel,"E537D,0.250"
X-1027,HOMEZ,57594.0,MutKnownFunctional,"-376,1.000"
X-1027,HOMEZ,57594.0,MutNovel,"R260Q,0.686"
X-1027,HPSE,10855.0,MutKnownFunctional,"-532,0.503"
X-1027,HSF1,3297.0,MutNovel,"P304L,0.760"
X-1027,HSFY2,159119.0,Del0.8,0.2
X-1027,HSFY2,159119.0,Del0.8,0.2
X-1027,HSPA1L,3305.0,MutNovel,"S420T,0.333"
X-1027,HSPD1,3329.0,MutNovel,"S410C,0.492"
X-1027,HSPG2,3339.0,MutNovel,"P2051L,0.647"
X-1027,HTRA1,5654.0,MutNovel,"F363V,0.278"
X-1027,HYAL1,3373.0,MutNovel,"L380P,0.492"
X-1027,IBA57,200205.0,MutNovel,"L163S,0.489"
X-1027,ICA1,3382.0,MutKnownFunctional,"-204,0.812"
X-1027,IER5L,389792.0,MutNovel,"A141V,0.630"
X-1027,IFT140,9742.0,MutNovel,"Y602N,0.480"
X-1027,IGF2R,3482.0,MutNovel,"G348R,0.652"
X-1027,IGFALS,3483.0,MutNovel,"S636G,0.727"
X-1027,IGFN1,91156.0,MutNovel,"R3597M,1.000"
X-1027,IGSF9,57549.0,MutKnownFunctional,"-822,0.500"
X-1027,IKBKB,3551.0,MutNovel,"E576G,0.527"
X-1027,IL15,3600.0,MutNovel,"S55R,0.595"
X-1027,IL4R,3566.0,MutNovel,"P488H,0.524"
X-1027,ILDR1,286676.0,MutNovel,"Q227P,0.654"
X-1027,ILDR1,286676.0,MutNovel,"W168R,0.417"
X-1027,INADL,10207.0,MutNovel,"V309A,0.562"
X-1027,INO80E,283899.0,MutKnownFunctional,"-12,0.500"
X-1027,INO80E,283899.0,MutKnownFunctional,"-209,1.000"
X-1027,INPP5F,22876.0,MutNovel,"S93P,0.552"
X-1027,INPP5J,27124.0,MutNovel,"Y421C,0.479"
X-1027,INTS1,26173.0,MutNovel,"A42V,0.456"
X-1027,IRF2,3660.0,MutNovel,"D51G,0.462"
X-1027,IRF2,3660.0,MutNovel,"R9C,0.438"
X-1027,IRF5,3663.0,MutNovel,"A367D,0.625"
X-1027,IRF7,3665.0,MutNovel,"S399T,0.669"
X-1027,IRS1,3667.0,MutKnownFunctional,"-1062?,0.468"
X-1027,IRS1,3667.0,MutKnownFunctional,"-597?,0.577"
X-1027,IRS1,3667.0,MutKnownFunctional,"-368,0.593"
X-1027,IRX5,10265.0,MutKnownFunctional,"-266,0.750"
X-1027,ITGB4,3691.0,MutNovel,"V939M,0.847"
X-1027,ITGB4,3691.0,MutNovel,"P1773S,0.241"
X-1027,ITGB8,3696.0,MutNovel,"A297T,0.500"
X-1027,ITPKB,3707.0,MutNovel,"R698C,0.400"
X-1027,ITPR3,3710.0,MutNovel,"A1032V,0.466"
X-1027,IVNS1ABP,10625.0,MutNovel,"A496T,0.486"
X-1027,JAGN1,84522.0,MutNovel,"G14D,0.458"
X-1027,JARID2,3720.0,MutKnownFunctional,"-590,0.333"
X-1027,JMJD8,339123.0,MutNovel,"P52Q,0.389"
X-1027,JUNB,3726.0,MutKnownFunctional,"-154?,0.473"
X-1027,KAT5,10524.0,MutNovel,"R244H,0.531"
X-1027,KAT5,10524.0,MutNovel,"R411H,0.472"
X-1027,KAT6B,23522.0,MutNovel,"L1820P,0.513"
X-1027,KATNB1,10300.0,MutNovel,"R44C,0.500"
X-1027,KBTBD11,9920.0,MutKnownFunctional,"-135?,0.500"
X-1027,KBTBD11,9920.0,MutKnownFunctional,"R617*,0.611"
X-1027,KBTBD2,25948.0,MutNovel,"L177M,0.475"
X-1027,KCNC3,3748.0,MutNovel,"D63G,1.000"
X-1027,KCP,375616.0,MutNovel,"A700V,0.600"
X-1027,KCTD11,147040.0,MutNovel,"R106H,0.324"
X-1027,KCTD11,147040.0,MutNovel,"R188W,0.462"
X-1027,KDM2B,84678.0,MutNovel,"P1032L,0.514"
X-1027,KDM5A,5927.0,MutNovel,"R428Q,0.684"
X-1027,KDM5B,10765.0,MutKnownFunctional,"R299*,0.333"
X-1027,KDM5D,8284.0,Del0.8,0.2
X-1027,KIAA0100,9703.0,MutNovel,"P1078H,0.508"
X-1027,KIAA0125,9834.0,Amp5,5.5
X-1027,KIAA0182,23199.0,MutKnownFunctional,"-120,1.000"
X-1027,KIAA0195,9772.0,MutKnownFunctional,"-217,0.379"
X-1027,KIAA0240,23506.0,MutKnownFunctional,"-895?,0.895"
X-1027,KIAA0391,9692.0,MutKnownFunctional,"-83,0.275"
X-1027,KIAA0586,9786.0,MutKnownFunctional,"-23?,1.000"
X-1027,KIAA0907,22889.0,MutKnownFunctional,"-516?,0.625"
X-1027,KIAA0947,23379.0,MutNovel,"R1849H,0.452"
X-1027,KIAA1109,84162.0,MutNovel,"A1371V,0.500"
X-1027,KIAA1211,57482.0,MutNovel,"V170M,0.500"
X-1027,KIAA1217,56243.0,MutNovel,"A868T,0.698"
X-1027,KIAA1429,25962.0,MutNovel,"I274V,0.610"
X-1027,KIAA1522,57648.0,MutNovel,"S413G,0.500"
X-1027,KIAA1586,57691.0,MutKnownFunctional,"-204?,0.684"
X-1027,KIAA1671,85379.0,MutNovel,"R1654H,0.447"
X-1027,KIAA1919,91749.0,MutKnownFunctional,"-199,0.667"
X-1027,KIAA2018,205717.0,MutKnownFunctional,"-1016,0.857"
X-1027,KIF16B,55614.0,MutNovel,"V1174I,0.529"
X-1027,KIF19,124602.0,MutKnownFunctional,"-983,0.531"
X-1027,KIF26A,26153.0,MutNovel,"R1763H,0.591"
X-1027,KLF11,8462.0,MutNovel,"K452T,0.500"
X-1027,KLHDC2,23588.0,MutNovel,"L245P,0.510"
X-1027,KLHDC9,126823.0,MutKnownFunctional,"-127?,0.227"
X-1027,KLHL12,59349.0,MutKnownFunctional,"G432*,0.283"
X-1027,KLHL13,90293.0,MutNovel,"A575V,0.368"
X-1027,KLHL24,54800.0,MutNovel,"V498I,0.409"
X-1027,KPTN,11133.0,MutNovel,"A6V,0.600"
X-1027,KRAS,3845.0,MutKnownFunctional,"G12A,0.532"
X-1027,KRBA1,84626.0,MutNovel,"G591V,0.385"
X-1027,KRT78,196374.0,MutNovel,"N136I,1.000"
X-1027,KSR2,283455.0,MutNovel,"N529T,1.000"
X-1027,L3MBTL2,83746.0,MutNovel,"N441D,0.494"
X-1027,L3MBTL2,83746.0,MutNovel,"A606T,0.622"
X-1027,LACE1,246269.0,MutNovel,"Q458R,0.566"
X-1027,LAMA3,3909.0,MutNovel,"L2458R,0.533"
X-1027,LAMC2,3918.0,MutNovel,"G1110D,0.440"
X-1027,LCA5L,150082.0,MutNovel,"L264V,0.818"
X-1027,LDHB,3945.0,MutNovel,"V304I,0.476"
X-1027,LDLR,3949.0,MutNovel,"M531V,0.489"
X-1027,LGALS9C,654346.0,Del0.8,0.75
X-1027,LIPT1,51601.0,MutKnownFunctional,"-121,0.596"
X-1027,LLGL2,3993.0,MutNovel,"R1004H,0.543"
X-1027,LMBRD1,55788.0,MutNovel,"Y481C,0.435"
X-1027,LMO7,4008.0,MutNovel,"R1233Q,0.534"
X-1027,LOC100129480,100129480.0,MutNovel,"V83A,1.000"
X-1027,LOC100652741,,MutKnownFunctional,"-478?,0.421"
X-1027,LOC100996573,,MutNovel,"P39T,0.250"
X-1027,LOC391322,391322.0,Amp5,5.7
X-1027,LOC646021,,MutNovel,"G158A,0.286"
X-1027,LPCAT2,54947.0,MutNovel,"L439P,0.550"
X-1027,LPIN2,9663.0,MutNovel,"S150R,0.417"
X-1027,LRIF1,55791.0,MutKnownFunctional,"-745,0.437"
X-1027,LRRC16A,55604.0,MutNovel,"V1271I,0.448"
X-1027,LRRC8B,23507.0,MutNovel,"S191L,0.458"
X-1027,LSM14B,149986.0,MutNovel,"E265D,0.456"
X-1027,LSR,51599.0,MutNovel,"G518GR,0.512"
X-1027,LTN1,26046.0,MutKnownFunctional,"-582,1.000"
X-1027,LUC7L3,51747.0,MutNovel,"E95K,0.477"
X-1027,LY6E,4061.0,MutNovel,"C35Y,0.422"
X-1027,MADCAM1,8174.0,MutNovel,"P262Q,1.000"
X-1027,MAGED1,9500.0,MutNovel,"G605D,1.000"
X-1027,MAMDC4,158056.0,MutNovel,"Q536R,1.000"
X-1027,MAN1B1,11253.0,MutNovel,"P192H,0.516"
X-1027,MAN1C1,57134.0,MutNovel,"G561S,0.667"
X-1027,MAN2C1,4123.0,MutNovel,"T1030A,0.484"
X-1027,MAP3K4,4216.0,MutNovel,"PAA1189P,1.000"
X-1027,MAP4,4134.0,MutNovel,"H1135R,1.000"
X-1027,MAP4K5,11183.0,MutNovel,"W202L,0.368"
X-1027,MAP7D1,55700.0,MutNovel,"R210C,0.548"
X-1027,MAPK1,5594.0,MutNovel,"P268Q,0.492"
X-1027,MAPK1,5594.0,MutNovel,"AAG6G,0.632"
X-1027,2014-03-03 00:00:00,115123.0,MutNovel,"S63R,0.535"
X-1027,2014-03-06 00:00:00,10299.0,MutNovel,"G352D,0.525"
X-1027,MARCKS,4082.0,MutKnownFunctional,"-152,0.737"
X-1027,MARK2,2011.0,MutNovel,"R407C,0.537"
X-1027,MAST3,23031.0,MutNovel,"R842C,0.421"
X-1027,MAZ,4150.0,MutKnownFunctional,"-11,0.417"
X-1027,MBD6,114785.0,MutKnownFunctional,"-780,0.276"
X-1027,MBOAT7,79143.0,MutNovel,"W347R,0.516"
X-1027,MBP,4155.0,MutNovel,"E20K,0.457"
X-1027,MBTPS1,8720.0,MutNovel,"Y869H,0.616"
X-1027,MCPH1,79648.0,MutKnownFunctional,"-105?,1.000"
X-1027,MDM1,56890.0,MutNovel,"P421H,0.500"
X-1027,ME3,10873.0,MutNovel,"I79T,0.406"
X-1027,MECOM,2122.0,MutNovel,"H318R,0.342"
X-1027,MED12L,116931.0,MutNovel,"T462M,1.000"
X-1027,MED13,9969.0,MutNovel,"V667G,0.594"
X-1027,MED13L,23389.0,MutNovel,"V765A,0.778"
X-1027,MED15,51586.0,MutNovel,"Q178-,0.800"
X-1027,MED15,51586.0,MutNovel,"-251QQ,0.842"
X-1027,MEGF6,1953.0,MutNovel,"A1373T,0.548"
X-1027,MELK,9833.0,MutNovel,"A175T,0.462"
X-1027,METTL9,51108.0,MutNovel,"T199M,0.416"
X-1027,MFGE8,4240.0,MutKnownFunctional,"-307,0.474"
X-1027,MFN2,9927.0,MutNovel,"S180R,0.442"
X-1027,MFNG,4242.0,MutNovel,"P313H,0.400"
X-1027,MIA3,375056.0,MutNovel,"V1208A,0.566"
X-1027,MIB2,142678.0,MutKnownFunctional,"-838,0.458"
X-1027,MIB2,142678.0,MutNovel,"V897M,0.496"
X-1027,MICA,100507436.0,MutKnownFunctional,"-318LL?,1.000"
X-1027,MINA,84864.0,MutKnownFunctional,"-341,0.377"
X-1027,MIR4675,100616383.0,Del0.8,0.68
X-1027,MLH1,4292.0,MutKnownFunctional,"-76?,1.000"
X-1027,MLL2,8085.0,MutNovel,"E1649A,0.333"
X-1027,MLL3,58508.0,MutKnownFunctional,"-2797,0.357"
X-1027,MLL3,58508.0,MutKnownFunctional,"-823,0.600"
X-1027,MLLT10,8028.0,MutNovel,"K472T,0.533"
X-1027,MNS1,55329.0,MutNovel,"M241L,0.925"
X-1027,MOCOS,55034.0,MutKnownFunctional,"-889,0.432"
X-1027,MOGS,7841.0,MutNovel,"A292P,0.449"
X-1027,MORC2,22880.0,MutNovel,"F194L,0.405"
X-1027,MPHOSPH8,54737.0,MutNovel,"K215R,0.486"
X-1027,MPP5,64398.0,MutNovel,"I546V,0.551"
X-1027,MRPL54,116541.0,MutNovel,"E80Q,0.560"
X-1027,MRPS16,51021.0,MutNovel,"L90R,0.508"
X-1027,MSH2,4436.0,MutNovel,"V684A,0.479"
X-1027,MTA2,9219.0,MutNovel,"A59T,0.498"
X-1027,MTERFD3,80298.0,MutNovel,"K185R,0.510"
X-1027,MTMR10,54893.0,MutNovel,"S515R,0.528"
X-1027,MTMR3,8897.0,MutNovel,"R1030H,0.520"
X-1027,MTR,4548.0,MutNovel,"E1185G,0.680"
X-1027,MTSS1L,92154.0,MutKnownFunctional,"-719,0.263"
X-1027,MTSS1L,92154.0,MutNovel,"H85P,0.412"
X-1027,MUC12,10071.0,MutNovel,"L324F,0.800"
X-1027,MUC12,10071.0,MutNovel,"S330L,0.800"
X-1027,MUC12,10071.0,MutNovel,"T340P,0.800"
X-1027,MUC12,10071.0,MutNovel,"L3292F,0.294"
X-1027,MUC12,10071.0,MutNovel,"S3298L,0.227"
X-1027,MUC12,10071.0,MutNovel,"T3308P,0.250"
X-1027,MUC12,10071.0,MutNovel,"S3554P,1.000"
X-1027,MUC12,10071.0,MutNovel,"T4363I,0.667"
X-1027,MUC12,10071.0,MutNovel,"S4381L,1.000"
X-1027,MUC12,10071.0,MutNovel,"T4391P,1.000"
X-1027,MUC12,10071.0,MutNovel,"L4568F,1.000"
X-1027,MUC17,140453.0,MutNovel,"S3084G,1.000"
X-1027,MYCBP2,23077.0,MutNovel,"S2120P,0.667"
X-1027,MYH13,8735.0,MutNovel,"A1664T,0.273"
X-1027,MYH2,4620.0,MutNovel,"D1804G,1.000"
X-1027,MYO10,4651.0,MutNovel,"M118I,0.667"
X-1027,MYO1A,4640.0,MutNovel,"C96Y,0.378"
X-1027,MYO5C,55930.0,MutNovel,"N1696S,0.462"
X-1027,MYO9B,4650.0,MutNovel,"A1749V,0.437"
X-1027,MZF1,7593.0,MutNovel,"G446C,0.450"
X-1027,N4BP2L2,10443.0,MutNovel,"A17T,0.588"
X-1027,NACC1,112939.0,MutNovel,"M92T,0.533"
X-1027,NADSYN1,55191.0,MutNovel,"Q375R,0.623"
X-1027,NBAS,51594.0,MutNovel,"E1149G,0.415"
X-1027,NBAS,51594.0,MutNovel,"L83S,0.500"
X-1027,NBR1,4077.0,MutNovel,"I852N,0.486"
X-1027,NCOA1,8648.0,MutNovel,"K109N,0.562"
X-1027,NCOR2,9612.0,MutNovel,"G1839GAAA,0.957"
X-1027,NCR3LG1,,MutNovel,"R99K,0.600"
X-1027,NCRNA00185,55410.0,Del0.8,0.2
X-1027,NDUFS2,4720.0,MutNovel,"T453M,0.417"
X-1027,NEU3,10825.0,MutNovel,"H397R,0.357"
X-1027,NFAT5,10725.0,MutNovel,"M286V,0.474"
X-1027,NFXL1,152518.0,MutNovel,"A601V,0.394"
X-1027,NGDN,25983.0,MutNovel,"R259Q,0.536"
X-1027,NGEF,25791.0,MutNovel,"KM473M,0.556"
X-1027,NID2,22795.0,MutNovel,"V984M,0.765"
X-1027,NIN,51199.0,MutNovel,"P576S,0.538"
X-1027,NKD2,85409.0,MutNovel,"G422D,0.556"
X-1027,NLGN4Y,22829.0,Del0.8,0.2
X-1027,NMT1,4836.0,MutNovel,"K65N,0.510"
X-1027,NOC3L,64318.0,MutNovel,"E94D,0.492"
X-1027,NONO,4841.0,MutNovel,"N8T,1.000"
X-1027,NOSIP,51070.0,MutNovel,"R104Q,0.352"
X-1027,NOTCH1,4851.0,MutNovel,"L2047F,0.519"
X-1027,NPM2,10361.0,MutNovel,"E130D,0.618"
X-1027,NPSR1,387129.0,MutKnownFunctional,"-61,0.505"
X-1027,NR1H2,7376.0,MutNovel,"-173Q,0.505"
X-1027,NR1H3,10062.0,MutNovel,"K97Q,0.500"
X-1027,NRD1,4898.0,MutNovel,"A359V,0.448"
X-1027,NSUN6,221078.0,MutKnownFunctional,"-459,0.500"
X-1027,NUBP2,10101.0,MutNovel,"V13I,0.474"
X-1027,NUCB2,4925.0,MutKnownFunctional,"Q402*,0.867"
X-1027,NUDT2,318.0,MutNovel,"L117Q,0.484"
X-1027,NUMB,8650.0,MutNovel,"K223T,0.515"
X-1027,NUPL1,9818.0,MutNovel,"A86P,0.509"
X-1027,ODF2,4957.0,MutKnownFunctional,"-9?,0.455"
X-1027,ORAI1,84876.0,MutNovel,"PP43-,1.000"
X-1027,OSBP,5007.0,MutNovel,"K552R,0.436"
X-1027,OSBP,5007.0,MutNovel,"K548M,0.444"
X-1027,OSBP2,23762.0,MutNovel,"R396H,0.556"
X-1027,OSR2,116039.0,MutNovel,"L188P,0.488"
X-1027,OTUB2,78990.0,MutNovel,"L183F,0.444"
X-1027,OXCT1,5019.0,MutNovel,"A401V,0.401"
X-1027,PABPC1L,80336.0,MutNovel,"G206C,0.556"
X-1027,PACSIN3,29763.0,MutNovel,"R186H,0.417"
X-1027,PAK4,10298.0,MutNovel,"V496A,0.547"
X-1027,PAN2,9924.0,MutNovel,"V1095A,0.519"
X-1027,PAN2,9924.0,MutNovel,"H845R,0.474"
X-1027,PAPD7,11044.0,MutKnownFunctional,"-528?,0.595"
X-1027,PAQR6,79957.0,MutNovel,"G301W,0.750"
X-1027,PAQR6,79957.0,MutNovel,"G109V,0.636"
X-1027,PARP12,64761.0,MutNovel,"E626V,0.450"
X-1027,PARP2,10038.0,MutNovel,"K193R,0.455"
X-1027,PAX6,5080.0,MutNovel,"S24P,1.000"
X-1027,PCDH11Y,83259.0,Del0.8,0.2
X-1027,PCDHB10,56126.0,MutNovel,"T363M,0.889"
X-1027,PCDHB13,56123.0,MutNovel,"A467T,0.923"
X-1027,PCDHB2,56133.0,MutNovel,"F428L,1.000"
X-1027,PCF11,51585.0,MutNovel,"P516A,0.595"
X-1027,PCIF1,63935.0,MutNovel,"Q139K,0.488"
X-1027,PCMTD1,115294.0,MutNovel,"L54V,0.540"
X-1027,PCNXL3,399909.0,MutNovel,"V839A,0.579"
X-1027,PCNXL3,399909.0,MutNovel,"V1783M,0.596"
X-1027,PCYT2,5833.0,MutKnownFunctional,"-19,0.577"
X-1027,PDCD11,22984.0,MutNovel,"V1276I,0.810"
X-1027,PDE10A,10846.0,MutNovel,"V383I,0.538"
X-1027,PDE3A,5139.0,MutNovel,"R426G,0.536"
X-1027,PDE4DIP,9659.0,MutNovel,"P993L,0.500"
X-1027,PDIA2,64714.0,MutKnownFunctional,"-449,0.371"
X-1027,PDXDC1,23042.0,MutNovel,"G304D,0.356"
X-1027,PDZD7,79955.0,MutNovel,"G223S,0.389"
X-1027,PDZD8,118987.0,MutNovel,"V661I,0.469"
X-1027,PEAK1,79834.0,MutNovel,"H94R,1.000"
X-1027,PEX3,8504.0,MutNovel,"T122A,0.463"
X-1027,PFKM,5213.0,MutNovel,"G485C,0.506"
X-1027,PGBD1,84547.0,MutNovel,"G190R,0.875"
X-1027,PGBD2,267002.0,MutNovel,"R291Q,0.545"
X-1027,PGP,283871.0,MutNovel,"F99L,0.524"
X-1027,PHF1,5252.0,MutKnownFunctional,"-337,0.470"
X-1027,PHF15,23338.0,MutNovel,"N554S,0.408"
X-1027,PHF2,5253.0,MutNovel,"R285Q,0.522"
X-1027,PHGR1,644844.0,MutKnownFunctional,"-35?,0.362"
X-1027,PHKA2,5256.0,MutNovel,"Q776L,1.000"
X-1027,PHLDA1,22822.0,MutNovel,"QQ194Q,1.000"
X-1027,PICALM,8301.0,MutNovel,"G512R,0.456"
X-1027,PIGO,84720.0,MutNovel,"A658T,0.514"
X-1027,PIK3C2B,5287.0,MutNovel,"S3L,0.447"
X-1027,PIK3CB,5291.0,MutNovel,"T413M,0.410"
X-1027,PIP4K2B,8396.0,MutNovel,"L330H,0.500"
X-1027,PITPNC1,26207.0,MutKnownFunctional,"-251,0.421"
X-1027,PKD1,5310.0,MutNovel,"A3587V,0.349"
X-1027,PKD1,5310.0,MutNovel,"R585C,0.400"
X-1027,PKMYT1,9088.0,MutNovel,"E277A,0.465"
X-1027,PKN3,29941.0,MutNovel,"R160L,0.619"
X-1027,PLBD1,79887.0,MutNovel,"P16Q,0.235"
X-1027,PLEC,5339.0,MutNovel,"K3848P,0.425"
X-1027,PLEC,5339.0,MutKnownFunctional,"Q2499*,0.426"
X-1027,PLEC,5339.0,MutNovel,"R2164Q,0.457"
X-1027,PLEC,5339.0,MutNovel,"A1189V,0.500"
X-1027,PLEC,5339.0,MutNovel,"R628W,0.294"
X-1027,PLEKHA2,59339.0,MutNovel,"I64T,0.303"
X-1027,PLEKHB2,55041.0,MutNovel,"P126L,0.440"
X-1027,PLEKHG5,57449.0,MutNovel,"T688M,0.583"
X-1027,PLEKHM2,23207.0,MutNovel,"R92H,0.551"
X-1027,PLIN2,123.0,MutNovel,"A50T,0.455"
X-1027,PLK3,1263.0,MutNovel,"L199P,0.479"
X-1027,PNKD,25953.0,MutKnownFunctional,"-13?,0.367"
X-1027,PNPLA6,10908.0,MutNovel,"V70A,0.269"
X-1027,PNPLA6,10908.0,MutKnownFunctional,"-391,0.281"
X-1027,PODNL1,79883.0,MutNovel,"L420P,1.000"
X-1027,POLG,5428.0,MutNovel,"QQ52Q,0.632"
X-1027,POLM,27434.0,MutKnownFunctional,"-97,1.000"
X-1027,POLQ,10721.0,MutNovel,"R2169H,0.381"
X-1027,POLQ,10721.0,MutNovel,"S1113P,0.417"
X-1027,POLR1E,64425.0,MutNovel,"L317V,0.492"
X-1027,POLR3E,55718.0,MutNovel,"L65P,0.436"
X-1027,POM121,9883.0,MutNovel,"T917A,0.511"
X-1027,POP1,10940.0,MutKnownFunctional,"W948*,0.520"
X-1027,POT1,25913.0,MutNovel,"Y43C,0.531"
X-1027,POTEE,445582.0,MutNovel,"T995A,1.000"
X-1027,POU5F1B,5462.0,MutKnownFunctional,"-117,0.462"
X-1027,PPCS,79717.0,MutKnownFunctional,"-302,0.423"
X-1027,PPFIBP1,8496.0,MutNovel,"V343A,0.380"
X-1027,PPIAL4G,644591.0,MutNovel,"F112V,0.583"
X-1027,PPID,5481.0,MutNovel,"S11Y,0.511"
X-1027,PPIG,9360.0,MutNovel,"G335R,0.462"
X-1027,PPIP5K1,9677.0,MutNovel,"V1379A,0.444"
X-1027,PPOX,5498.0,MutNovel,"A398D,0.597"
X-1027,PPP1R10,5514.0,MutNovel,"R130Q,0.648"
X-1027,PPP1R10,5514.0,MutNovel,"L15M,0.553"
X-1027,PPP1R12C,54776.0,MutKnownFunctional,"-372,0.274"
X-1027,PPP1R21,129285.0,MutKnownFunctional,"-341,0.600"
X-1027,PPP1R26,9858.0,MutKnownFunctional,"-896,0.462"
X-1027,PPP1R37,284352.0,MutKnownFunctional,"-533,1.000"
X-1027,PPP2CA,5515.0,MutKnownFunctional,"C165*,0.391"
X-1027,PPP2R1A,5518.0,MutNovel,"V525G,0.496"
X-1027,PPP2R5A,5525.0,MutNovel,"S5P,0.625"
X-1027,PPP5C,5536.0,MutNovel,"R367W,0.464"
X-1027,PPP6R1,22870.0,MutNovel,"F808L,0.472"
X-1027,PRDM2,7799.0,MutKnownFunctional,"-1487,0.500"
X-1027,PRDM4,11108.0,MutNovel,"R491H,0.557"
X-1027,PRIC285,85441.0,MutNovel,"A805V,0.538"
X-1027,PRKDC,5591.0,MutNovel,"F2601I,0.667"
X-1027,PRKY,5616.0,Del0.8,0.2
X-1027,PRR14,78994.0,MutNovel,"AP148A,0.494"
X-1027,PRRC2A,7916.0,MutNovel,"R213C,0.462"
X-1027,PRSS36,146547.0,MutKnownFunctional,"-689,0.636"
X-1027,PRSS56,646960.0,MutNovel,"P599A,0.833"
X-1027,PRY,9081.0,Del0.8,0.2
X-1027,PRY,9081.0,Del0.8,0.2
X-1027,PRY2,442862.0,Del0.8,0.2
X-1027,PRY2,442862.0,Del0.8,0.2
X-1027,PSIP1,11168.0,MutNovel,"EG278G,0.489"
X-1027,PSMB4,5692.0,MutNovel,"R23S,0.498"
X-1027,PSMD1,5707.0,MutNovel,"P312S,0.490"
X-1027,PTBP3,9991.0,MutKnownFunctional,"-547,0.491"
X-1027,PTCH1,5727.0,MutKnownFunctional,"-38,0.500"
X-1027,PTEN,5728.0,MutLikelyFunctional,"-321,0.491"
X-1027,PTGDR2,11251.0,MutNovel,"D32N,0.500"
X-1027,PTGDS,5730.0,MutNovel,"A99T,0.282"
X-1027,PTPN14,5784.0,MutNovel,"A1168T,0.571"
X-1027,PTPN2,5771.0,MutKnownFunctional,"-410?,0.505"
X-1027,PTPN21,11099.0,MutKnownFunctional,"-849,0.412"
X-1027,PTPRE,5791.0,MutNovel,"R474G,0.442"
X-1027,PTPRH,5794.0,MutNovel,"S465P,0.429"
X-1027,QARS,5859.0,MutNovel,"R558H,0.546"
X-1027,QPRT,23475.0,MutNovel,"T65A,0.733"
X-1027,RAB11FIP1,80223.0,MutKnownFunctional,"-713?,0.429"
X-1027,RAB26,25837.0,MutNovel,"P15T,0.490"
X-1027,RABGAP1L,9910.0,MutNovel,"E191G,0.525"
X-1027,RAD54L2,23132.0,MutNovel,"R467H,0.643"
X-1027,RAD9A,5883.0,MutKnownFunctional,"-375,0.540"
X-1027,RAI1,10743.0,MutNovel,"QQQQ278-,0.900"
X-1027,RAI1,10743.0,MutNovel,"R541G,0.558"
X-1027,RALGAPA1,253959.0,MutNovel,"M1528V,0.360"
X-1027,RALGAPB,57148.0,MutNovel,"T1174M,0.463"
X-1027,RALGAPB,57148.0,MutNovel,"E1478G,0.525"
X-1027,RALGPS1,9649.0,MutNovel,"G310S,0.482"
X-1027,RANBP1,5902.0,MutNovel,"R91Q,0.432"
X-1027,RANBP2,5903.0,MutNovel,"K115R,0.387"
X-1027,RANGAP1,5905.0,MutNovel,"R81C,0.533"
X-1027,RAP1GAP,5909.0,MutNovel,"K627N,0.456"
X-1027,RAP1GAP2,23108.0,MutNovel,"P681T,0.475"
X-1027,RAPGEF1,2889.0,MutNovel,"E994G,0.456"
X-1027,RAPGEF6,51735.0,MutNovel,"T211M,0.625"
X-1027,RBBP8,5932.0,MutNovel,"N12S,0.363"
X-1027,RBM12,10137.0,MutNovel,"R20C,0.517"
X-1027,RBM15B,29890.0,MutNovel,"G242W,0.447"
X-1027,RBM22,55696.0,MutNovel,"G256R,0.495"
X-1027,RBM23,55147.0,MutNovel,"A390VP,0.471"
X-1027,RBM47,54502.0,MutNovel,"V75M,0.482"
X-1027,RBMX,27316.0,MutKnownFunctional,"-1,1.000"
X-1027,RBMY1A3P,286557.0,Del0.8,0.2
X-1027,RBMY1B,378948.0,Del0.8,0.2
X-1027,RBMY1B,378948.0,Del0.8,0.2
X-1027,RBMY1E,378950.0,Del0.8,0.2
X-1027,RBMY1E,378950.0,Del0.8,0.2
X-1027,RBMY1F,159163.0,Del0.8,0.2
X-1027,RBMY1F,159163.0,Del0.8,0.2
X-1027,RBMY1J,378951.0,Del0.8,0.2
X-1027,RBMY1J,378951.0,Del0.8,0.2
X-1027,RBMY2EP,159125.0,Del0.8,0.2
X-1027,RBMY2FP,159162.0,Del0.8,0.2
X-1027,RBMY3AP,64593.0,Del0.8,0.2
X-1027,RC3H1,149041.0,MutNovel,"A860T,0.840"
X-1027,RECQL4,9401.0,MutNovel,"P592S,0.576"
X-1027,REG1B,5968.0,MutNovel,"S6T,0.341"
X-1027,REG3G,130120.0,MutNovel,"K31R,0.600"
X-1027,REG3G,130120.0,MutNovel,"P36A,0.917"
X-1027,REG3G,130120.0,MutNovel,"S39R,0.929"
X-1027,REG3G,130120.0,MutNovel,"P50H,0.842"
X-1027,REG3G,130120.0,MutNovel,"M62T,0.953"
X-1027,REG3G,130120.0,MutNovel,"K75N,0.923"
X-1027,REG3G,130120.0,MutNovel,"A83P,0.264"
X-1027,REG3G,130120.0,MutNovel,"T125S,0.375"
X-1027,REG3G,130120.0,MutNovel,"T125R,0.375"
X-1027,REG3G,130120.0,MutNovel,"G147A,0.969"
X-1027,REG3G,130120.0,MutNovel,"K174T,0.667"
X-1027,REPIN1,29803.0,MutKnownFunctional,"-427?,0.493"
X-1027,RER1,11079.0,MutNovel,"V58A,0.526"
X-1027,RERE,473.0,MutNovel,"K1171T,0.339"
X-1027,RFFL,117584.0,MutNovel,"F54L,0.537"
X-1027,RGS12,6002.0,MutKnownFunctional,"-1176,0.457"
X-1027,RHCE,6006.0,MutNovel,"N68S,0.667"
X-1027,RIF1,55183.0,MutKnownFunctional,"-2354,0.442"
X-1027,RINL,126432.0,MutNovel,"A275T,0.440"
X-1027,RLF,6018.0,MutNovel,"Q1730R,0.403"
X-1027,RNF112,7732.0,MutNovel,"R412C,1.000"
X-1027,RNF145,153830.0,MutKnownFunctional,"-29,1.000"
X-1027,RNF145,153830.0,MutNovel,"KK25K,0.504"
X-1027,RNF145,153830.0,MutNovel,"K25R,0.425"
X-1027,RNF183,138065.0,MutKnownFunctional,"-123,0.889"
X-1027,RNF213,57674.0,MutNovel,"E3310V,0.483"
X-1027,RNF26,79102.0,MutNovel,"D182N,0.488"
X-1027,RPL22,6146.0,MutKnownFunctional,"-15,0.265"
X-1027,RPP40,10799.0,MutNovel,"V16F,0.474"
X-1027,RPS17L,,MutNovel,"T102I,0.235"
X-1027,RPS28,6234.0,MutNovel,"R13S,0.563"
X-1027,RPS4Y1,6192.0,Del0.8,0.2
X-1027,RPS4Y2,140032.0,Del0.8,0.2
X-1027,RPS6KA4,8986.0,MutNovel,"S196Y,0.552"
X-1027,RPS6KC1,26750.0,MutNovel,"C383Y,0.609"
X-1027,RPUSD3,285367.0,MutNovel,"V198A,0.536"
X-1027,RREB1,6239.0,MutNovel,"S98P,0.870"
X-1027,RRM1,6240.0,MutNovel,"R499H,0.537"
X-1027,RSG1,79363.0,MutNovel,"R194W,0.371"
X-1027,RTKN2,219790.0,MutKnownFunctional,"-450,0.438"
X-1027,RTN4R,65078.0,MutNovel,"P370S,0.376"
X-1027,RTTN,25914.0,MutNovel,"L1299H,0.692"
X-1027,SACM1L,22908.0,MutKnownFunctional,"-564,0.491"
X-1027,SAFB,6294.0,MutNovel,"R585S,0.480"
X-1027,SAMD12,401474.0,MutKnownFunctional,"R143*,0.526"
X-1027,SARNP,84324.0,MutNovel,"E101G,0.483"
X-1027,SART1,9092.0,MutNovel,"T17A,0.522"
X-1027,SBF1,6305.0,MutNovel,"I391T,0.262"
X-1027,SC5DL,6309.0,MutNovel,"K148M,0.220"
X-1027,SCAF11,9169.0,MutKnownFunctional,"-1461?,0.495"
X-1027,SCAPER,49855.0,Del0.8,0.72
X-1027,SCD,6319.0,MutNovel,"A255G,0.511"
X-1027,SCNN1D,6339.0,MutNovel,"S415I,0.500"
X-1027,SEC16A,9919.0,MutNovel,"A40T,0.686"
X-1027,SEC24B,10427.0,MutNovel,"V976A,0.354"
X-1027,SEC31A,22872.0,MutNovel,"P814H,0.375"
X-1027,SEC63,11231.0,MutKnownFunctional,"-529,0.357"
X-1027,SEL1L,6400.0,MutNovel,"N272D,0.545"
X-1027,SEL1L3,23231.0,MutKnownFunctional,"-131,0.360"
X-1027,SEMA4A,64218.0,MutKnownFunctional,"Y589*,0.677"
X-1027,SEMA4G,57715.0,MutNovel,"K282R,0.472"
X-1027,SEMG2,6407.0,MutNovel,"S411L,0.558"
X-1027,SERINC2,347735.0,MutNovel,"-373Q,1.000"
X-1027,SERPINB6,5269.0,MutNovel,"E97G,0.471"
X-1027,SERPINH1,871.0,MutNovel,"R222H,0.437"
X-1027,SETD1B,23067.0,MutNovel,"Y48C,0.235"
X-1027,SETD1B,23067.0,MutNovel,"P750S,0.625"
X-1027,SETD2,29072.0,MutKnownFunctional,"-281,0.778"
X-1027,SETDB1,9869.0,MutKnownFunctional,"-394?,0.480"
X-1027,SETDB1,9869.0,MutNovel,"K740T,0.429"
X-1027,SETDB2,83852.0,MutNovel,"T475M,0.432"
X-1027,SETMAR,6419.0,MutKnownFunctional,"R123*,0.500"
X-1027,SETX,23064.0,MutNovel,"S2669N,0.460"
X-1027,SFSWAP,6433.0,MutNovel,"R800Q,0.500"
X-1027,SFSWAP,6433.0,MutNovel,"A865V,0.473"
X-1027,SFT2D1,113402.0,MutNovel,"T19A,0.489"
X-1027,SFXN1,94081.0,MutNovel,"V231M,0.502"
X-1027,SGPL1,8879.0,MutNovel,"R396W,0.525"
X-1027,SH3D19,152503.0,MutNovel,"I555V,0.669"
X-1027,SH3KBP1,30011.0,MutNovel,"M371I,0.511"
X-1027,SH3TC1,54436.0,MutNovel,"L992P,0.659"
X-1027,SHMT2,6472.0,MutNovel,"Y96H,0.573"
X-1027,SIAE,54414.0,MutNovel,"L184V,0.628"
X-1027,SIDT1,54847.0,MutNovel,"Q74R,0.500"
X-1027,SKIV2L2,23517.0,MutNovel,"D94G,0.595"
X-1027,SLC12A4,6560.0,MutNovel,"R1050G,0.538"
X-1027,SLC15A2,6565.0,MutNovel,"K710T,1.000"
X-1027,SLC16A4,9122.0,MutKnownFunctional,"-475,0.825"
X-1027,SLC19A1,6573.0,MutNovel,"R208H,0.539"
X-1027,SLC20A1,6574.0,MutNovel,"R332G,0.484"
X-1027,SLC22A4,6583.0,MutNovel,"F507S,0.303"
X-1027,SLC25A29,123096.0,MutNovel,"T254M,0.542"
X-1027,SLC25A40,55972.0,MutKnownFunctional,"-10,0.453"
X-1027,SLC25A46,91137.0,MutNovel,"P63T,0.500"
X-1027,SLC26A2,1836.0,MutNovel,"I364T,0.444"
X-1027,SLC28A2,9153.0,MutKnownFunctional,"-129?,0.500"
X-1027,SLC28A3,64078.0,MutNovel,"Y477H,0.381"
X-1027,SLC35A4,113829.0,MutNovel,"T57I,0.447"
X-1027,SLC35E3,55508.0,MutNovel,"S167P,0.478"
X-1027,SLC35F5,80255.0,MutKnownFunctional,"-248,0.443"
X-1027,SLC39A3,29985.0,MutKnownFunctional,"-195,0.505"
X-1027,SLC43A1,8501.0,MutNovel,"A176T,0.565"
X-1027,SLC44A1,23446.0,MutNovel,"Y91H,0.415"
X-1027,SLC52A1,,MutNovel,"P183H,0.400"
X-1027,SLC9A6,10479.0,MutNovel,"I453M,1.000"
X-1027,SMAD6,4091.0,MutNovel,"S102G,0.571"
X-1027,SMARCA4,6597.0,MutNovel,"R89C,0.525"
X-1027,SMARCA4,6597.0,MutNovel,"E1310A,0.516"
X-1027,SMARCC2,6601.0,MutNovel,"F1125L,0.448"
X-1027,SMG1,23049.0,MutNovel,"R2374Q,0.444"
X-1027,SMG7,9887.0,MutNovel,"R1155Q,0.524"
X-1027,SMG8,55181.0,MutNovel,"G54D,0.439"
X-1027,SNRK,54861.0,MutNovel,"K87N,0.455"
X-1027,SNRNP70,6625.0,MutNovel,"R269C,0.510"
X-1027,SOX9,6662.0,MutKnownFunctional,"-266,0.443"
X-1027,SP140L,93349.0,MutKnownFunctional,"R284*,0.444"
X-1027,SPAG9,9043.0,MutNovel,"T305I,0.500"
X-1027,SPATA2,9825.0,MutNovel,"L63Q,0.439"
X-1027,SPG11,80208.0,MutNovel,"T260A,0.400"
X-1027,SPICE1,152185.0,MutNovel,"E349V,0.562"
X-1027,SPINK4,27290.0,MutNovel,"A26T,0.325"
X-1027,SPTBN5,51332.0,MutNovel,"L3130P,0.625"
X-1027,SQSTM1,8878.0,MutNovel,"R119H,0.541"
X-1027,SRCAP,10847.0,MutKnownFunctional,"-1876,0.500"
X-1027,SREBF1,6720.0,MutNovel,"V913-,0.502"
X-1027,SRFBP1,153443.0,MutKnownFunctional,"-344,0.519"
X-1027,SRPRB,58477.0,MutNovel,"P21S,0.526"
X-1027,SRRM2,23524.0,MutNovel,"S2713G,0.515"
X-1027,SRY,6736.0,Del0.8,0.2
X-1027,SS18L1,26039.0,MutNovel,"T326M,0.400"
X-1027,ST14,6768.0,MutNovel,"C340G,0.371"
X-1027,ST5,6764.0,MutNovel,"S832G,0.487"
X-1027,STAMBPL1,57559.0,MutKnownFunctional,"-403,0.505"
X-1027,STARD3NL,83930.0,MutNovel,"L146P,0.524"
X-1027,STARD9,57519.0,MutNovel,"Q4187R,0.556"
X-1027,STAT1,6772.0,MutNovel,"L226R,0.469"
X-1027,STAT4,6775.0,MutNovel,"D476N,0.800"
X-1027,STEAP3,55240.0,MutNovel,"R51H,0.536"
X-1027,STIP1,10963.0,MutNovel,"E29K,0.482"
X-1027,STK32C,282974.0,MutNovel,"N267S,0.675"
X-1027,STOML1,9399.0,MutNovel,"R338G,0.384"
X-1027,STT3A,3703.0,MutNovel,"E667G,0.520"
X-1027,STX2,2054.0,MutNovel,"L278I,0.484"
X-1027,STXBP1,6812.0,MutNovel,"V104I,0.607"
X-1027,STXBP1,6812.0,MutNovel,"A177T,0.535"
X-1027,STXBP3,6814.0,MutNovel,"I136T,0.581"
X-1027,SUCLG2,8801.0,MutNovel,"T152N,0.466"
X-1027,SULT1A1,6817.0,MutNovel,"P80S,0.827"
X-1027,SUZ12,23512.0,MutNovel,"C450R,0.515"
X-1027,SWT1,54823.0,MutNovel,"S685P,0.552"
X-1027,SYF2,25949.0,MutNovel,"-206M,0.498"
X-1027,SYNJ2,8871.0,MutNovel,"V128A,0.482"
X-1027,SYNRG,11276.0,MutNovel,"G178E,0.484"
X-1027,SYTL2,54843.0,MutNovel,"T935P,0.316"
X-1027,SYTL2,54843.0,MutNovel,"D675G,0.640"
X-1027,SYTL2,54843.0,MutNovel,"I450L,0.250"
X-1027,SYTL3,94120.0,MutNovel,"K519T,0.500"
X-1027,TACC2,10579.0,MutNovel,"S2084P,0.632"
X-1027,TACC2,10579.0,MutKnownFunctional,"-2147,0.493"
X-1027,TAOK2,9344.0,MutNovel,"V1077L,0.537"
X-1027,TAP1,6890.0,MutNovel,"A714T,0.500"
X-1027,TARSL2,123283.0,MutNovel,"K313T,0.581"
X-1027,TBC1D2,55357.0,MutNovel,"R588Q,0.504"
X-1027,TBC1D23,55773.0,MutKnownFunctional,"-647,0.933"
X-1027,TBC1D8,11138.0,MutNovel,"V502I,0.696"
X-1027,TBC1D8,11138.0,MutKnownFunctional,"-436,0.347"
X-1027,TBL1Y,90665.0,Del0.8,0.2
X-1027,TBP,6908.0,MutNovel,"-61Q,0.875"
X-1027,TBRG4,9238.0,MutNovel,"C428R,0.468"
X-1027,TCEA3,6920.0,MutNovel,"R241C,0.408"
X-1027,TCERG1,10915.0,MutNovel,"L925I,0.734"
X-1027,TCOF1,6949.0,MutNovel,"R908G,0.513"
X-1027,TCP11L1,55346.0,MutNovel,"V431M,0.403"
X-1027,TEAD3,7005.0,MutKnownFunctional,"-212,0.474"
X-1027,TECPR1,25851.0,MutNovel,"N776I,0.417"
X-1027,TERF2,7014.0,MutNovel,"M285T,0.460"
X-1027,TET3,200424.0,MutNovel,"R926L,0.444"
X-1027,TEX12,56158.0,MutNovel,"D82E,0.571"
X-1027,TFG,10342.0,MutNovel,"Q314P,0.510"
X-1027,TGFBR2,7048.0,MutKnownFunctional,"-150,1.000"
X-1027,TGFBRAP1,9392.0,MutNovel,"L766I,0.455"
X-1027,TGFBRAP1,9392.0,MutNovel,"E208G,0.515"
X-1027,TGIF2LY,90655.0,Del0.8,0.2
X-1027,THAP10,56906.0,MutNovel,"A139V,0.267"
X-1027,THEM4,117145.0,MutNovel,"P187H,0.441"
X-1027,THSD4,79875.0,MutNovel,"L605V,0.600"
X-1027,TIMM44,10469.0,MutNovel,"V129M,0.533"
X-1027,TJP1,7082.0,MutNovel,"Q1495R,0.427"
X-1027,TJP3,27134.0,MutNovel,"V441M,0.438"
X-1027,TM9SF1,10548.0,MutNovel,"T390M,0.560"
X-1027,TM9SF4,9777.0,MutNovel,"T48A,0.488"
X-1027,TMCO3,55002.0,MutNovel,"E575K,0.409"
X-1027,TMEM104,54868.0,MutNovel,"V174A,0.628"
X-1027,TMEM129,92305.0,MutNovel,"R352C,0.504"
X-1027,TMEM131,23505.0,MutNovel,"G1833C,0.490"
X-1027,TMEM132A,54972.0,MutNovel,"V588M,0.426"
X-1027,TMEM143,55260.0,MutKnownFunctional,"-42,0.514"
X-1027,TMEM147,10430.0,MutNovel,"M72V,0.570"
X-1027,TMEM185B,79134.0,MutKnownFunctional,"-341,0.473"
X-1027,TMEM82,388595.0,MutKnownFunctional,"-341?,0.857"
X-1027,TMEM97,27346.0,MutKnownFunctional,"-173,0.853"
X-1027,TMSB4Y,9087.0,Del0.8,0.2
X-1027,TNFRSF10D,8793.0,MutNovel,"G165W,0.511"
X-1027,TNFRSF1A,7132.0,MutNovel,"E415D,0.454"
X-1027,TNRC6B,23112.0,MutNovel,"M389T,0.857"
X-1027,TNS3,64759.0,MutNovel,"P848H,0.479"
X-1027,TOB2,10766.0,MutNovel,"R56C,0.543"
X-1027,TOP2A,7153.0,MutNovel,"L1255P,0.426"
X-1027,TP53,7157.0,MutNovel,"R110C,0.476"
X-1027,TP53BP2,7159.0,MutNovel,"S1020T,0.478"
X-1027,TP53I13,90313.0,MutNovel,"R104Q,0.532"
X-1027,TP53I13,90313.0,MutNovel,"A209V,0.484"
X-1027,TPMT,7172.0,MutNovel,"D151G,0.580"
X-1027,TPP1,1200.0,MutNovel,"P499R,0.459"
X-1027,TRAF3,7187.0,MutNovel,"D396N,0.472"
X-1027,TRAF5,7188.0,MutKnownFunctional,"-166,0.407"
X-1027,TRAF7,84231.0,MutNovel,"A370T,0.402"
X-1027,TRAK1,22906.0,MutNovel,"A853V,0.604"
X-1027,TRAM2,9697.0,MutNovel,"L79M,0.731"
X-1027,TREH,11181.0,MutNovel,"L312F,0.611"
X-1027,TRIM26,7726.0,MutNovel,"D352G,0.592"
X-1027,TRIM32,22954.0,MutNovel,"E255D,0.415"
X-1027,TRIM33,51592.0,MutNovel,"T781I,0.209"
X-1027,TRIM44,54765.0,MutNovel,"G209D,0.724"
X-1027,TRIM45,80263.0,MutKnownFunctional,"-67,0.500"
X-1027,TRIM68,55128.0,MutKnownFunctional,"Q261*,0.460"
X-1027,TRIOBP,11078.0,MutNovel,"R2054H,0.464"
X-1027,TRIP12,9320.0,MutNovel,"V1834I,0.522"
X-1027,TRPV1,7442.0,MutNovel,"R617Q,0.667"
X-1027,TSC2,7249.0,MutNovel,"P1589S,0.507"
X-1027,TSHZ1,10194.0,MutNovel,"K565Q,0.562"
X-1027,TSHZ1,10194.0,MutNovel,"A1006T,0.414"
X-1027,TSPAN14,81619.0,MutNovel,"V71A,0.539"
X-1027,TSPAN7,7102.0,MutKnownFunctional,"-170?,1.000"
X-1027,TSPY1,7258.0,Del0.8,0.2
X-1027,TSPY2,64591.0,Del0.8,0.2
X-1027,TSPY3,728137.0,Del0.8,0.2
X-1027,TSPY4,728395.0,Del0.8,0.2
X-1027,TSPY8,728403.0,Del0.8,0.2
X-1027,TSPYL1,7259.0,MutNovel,"V176VW,0.509"
X-1027,TST,7263.0,MutNovel,"L157P,0.605"
X-1027,TTC33,23548.0,MutNovel,"N160K,0.589"
X-1027,TTC37,9652.0,MutKnownFunctional,"-1253,0.500"
X-1027,TTC38,55020.0,MutNovel,"Q303H,0.477"
X-1027,TTC39A,22996.0,MutNovel,"S468T,0.639"
X-1027,TTF1,7270.0,MutKnownFunctional,"-274,0.263"
X-1027,TTLL5,23093.0,MutNovel,"C946Y,0.492"
X-1027,TTN,7273.0,MutNovel,"G32742C,0.615"
X-1027,TTTY10,246119.0,Del0.8,0.2
X-1027,TTTY11,83866.0,Del0.8,0.2
X-1027,TTTY12,83867.0,Del0.8,0.2
X-1027,TTTY13,83868.0,Del0.8,0.2
X-1027,TTTY14,83869.0,Del0.8,0.2
X-1027,TTTY15,64595.0,Del0.8,0.2
X-1027,TTTY16,252948.0,Del0.8,0.2
X-1027,TTTY17A,252949.0,Del0.8,0.18
X-1027,TTTY17A,252949.0,Del0.8,0.18
X-1027,TTTY18,252950.0,Del0.8,0.2
X-1027,TTTY19,252952.0,Del0.8,0.2
X-1027,TTTY1B,100101116.0,Del0.8,0.2
X-1027,TTTY1B,100101116.0,Del0.8,0.2
X-1027,TTTY2,60439.0,Del0.8,0.2
X-1027,TTTY2,60439.0,Del0.8,0.2
X-1027,TTTY20,252951.0,Del0.8,0.2
X-1027,TTTY21,252953.0,Del0.8,0.2
X-1027,TTTY21,252953.0,Del0.8,0.2
X-1027,TTTY22,252954.0,Del0.8,0.2
X-1027,TTTY23,252955.0,Del0.8,0.2
X-1027,TTTY23,252955.0,Del0.8,0.2
X-1027,TTTY3,114760.0,Del0.8,0.18
X-1027,TTTY3,114760.0,Del0.8,0.18
X-1027,TTTY4,114761.0,Del0.8,0.18
X-1027,TTTY4,114761.0,Del0.8,0.18
X-1027,TTTY5,83863.0,Del0.8,0.2
X-1027,TTTY6,84672.0,Del0.8,0.2
X-1027,TTTY6,84672.0,Del0.8,0.2
X-1027,TTTY7,246122.0,Del0.8,0.2
X-1027,TTTY7,246122.0,Del0.8,0.2
X-1027,TTTY7B,100101120.0,Del0.8,0.2
X-1027,TTTY7B,100101120.0,Del0.8,0.2
X-1027,TTTY8,84673.0,Del0.8,0.2
X-1027,TTTY8,84673.0,Del0.8,0.2
X-1027,TTTY9A,83864.0,Del0.8,0.2
X-1027,TTTY9A,83864.0,Del0.8,0.2
X-1027,TUBA4A,7277.0,MutNovel,"A208S,0.504"
X-1027,TULP4,56995.0,MutNovel,"M194V,0.800"
X-1027,TUT1,64852.0,MutNovel,"S334P,0.560"
X-1027,TXLNG2P,246126.0,Del0.8,0.2
X-1027,TXNDC11,51061.0,MutNovel,"Q924R,0.466"
X-1027,TXNDC11,51061.0,MutNovel,"F714L,0.494"
X-1027,TXNRD3,114112.0,MutNovel,"S142G,0.800"
X-1027,U2SURP,23350.0,MutNovel,"S85N,0.536"
X-1027,UBA52,7311.0,MutNovel,"D92N,0.528"
X-1027,UBE2Q1,55585.0,MutNovel,"F314V,0.579"
X-1027,UBE2Q1,55585.0,MutNovel,"P113H,0.508"
X-1027,UBE4A,9354.0,MutNovel,"V121I,0.370"
X-1027,UBN2,254048.0,MutNovel,"S1291P,0.400"
X-1027,UBR4,23352.0,MutNovel,"S3877A,0.500"
X-1027,UBR4,23352.0,MutNovel,"F2124L,0.652"
X-1027,UBXN10,127733.0,MutNovel,"S76I,0.423"
X-1027,UBXN7,26043.0,MutNovel,"R418Q,0.450"
X-1027,UGT2B17,7367.0,Del0.8,0.76
X-1027,UPF3A,65110.0,MutKnownFunctional,"-264,0.819"
X-1027,USP32P2,220594.0,Del0.8,0.75
X-1027,USP36,57602.0,MutNovel,"KKK958K,0.490"
X-1027,USP42,84132.0,MutKnownFunctional,"-1234,0.391"
X-1027,USP45,85015.0,MutNovel,"T328P,0.375"
X-1027,USP9X,8239.0,MutNovel,"Y2178H,0.575"
X-1027,USP9Y,8287.0,Del0.8,0.2
X-1027,UTY,7404.0,Del0.8,0.2
X-1027,VANGL1,81839.0,MutNovel,"M306V,0.528"
X-1027,VARS,7407.0,MutNovel,"A118V,0.478"
X-1027,VARS2,57176.0,MutNovel,"W811R,0.399"
X-1027,VASH1,22846.0,MutNovel,"A212V,1.000"
X-1027,VCY,9084.0,Del0.8,0.2
X-1027,VCY,9084.0,Del0.8,0.2
X-1027,VEZT,55591.0,MutKnownFunctional,"-71?,0.290"
X-1027,VIL1,7429.0,MutNovel,"R495C,0.240"
X-1027,VPS13A,23230.0,MutKnownFunctional,"-1570,0.400"
X-1027,VPS13C,54832.0,MutNovel,"F2871L,0.500"
X-1027,VPS16,64601.0,MutNovel,"R531H,0.583"
X-1027,VPS18,57617.0,MutNovel,"P790S,0.519"
X-1027,VPS26B,112936.0,MutNovel,"T151I,0.512"
X-1027,VPS4A,27183.0,MutNovel,"E111D,0.514"
X-1027,VPS51,,MutNovel,"R123Q,0.417"
X-1027,VPS8,23355.0,MutNovel,"E1414V,0.597"
X-1027,VWA7,80737.0,MutKnownFunctional,"-327,0.444"
X-1027,WARS,7453.0,MutNovel,"R321S,0.516"
X-1027,WARS2,10352.0,MutNovel,"L111I,0.597"
X-1027,WBP4,11193.0,MutNovel,"D14G,0.474"
X-1027,WDPCP,51057.0,MutNovel,"D648V,0.500"
X-1027,WDR52,55779.0,MutNovel,"R1783W,0.444"
X-1027,WNK1,65125.0,MutNovel,"SQ1188RK,0.476"
X-1027,WWC1,23286.0,MutNovel,"M178V,0.495"
X-1027,WWC1,23286.0,MutNovel,"R374Q,0.303"
X-1027,XKRY2,353515.0,Del0.8,0.2
X-1027,XKRY2,353515.0,Del0.8,0.2
X-1027,XPOT,11260.0,MutKnownFunctional,"-124,1.000"
X-1027,YME1L1,10730.0,MutNovel,"H184R,0.504"
X-1027,YTHDF2,51441.0,MutNovel,"F495V,0.535"
X-1027,ZADH2,284273.0,MutNovel,"D219G,0.383"
X-1027,ZBED4,9889.0,MutNovel,"R631Q,0.449"
X-1027,ZBTB43,23099.0,MutNovel,"M438V,0.526"
X-1027,ZC3H12C,85463.0,MutNovel,"E16K,0.500"
X-1027,ZC3H4,23211.0,MutNovel,"R930W,0.426"
X-1027,ZCCHC11,23318.0,MutNovel,"D550N,0.391"
X-1027,ZCCHC3,85364.0,MutNovel,"L81R,0.511"
X-1027,ZDHHC11,79844.0,MutNovel,"A303D,0.887"
X-1027,ZDHHC9,51114.0,MutNovel,"A200T,0.992"
X-1027,ZFP36L2,678.0,MutKnownFunctional,"-228,0.502"
X-1027,ZFP36L2,678.0,MutNovel,"S185C,0.522"
X-1027,ZFP37,7539.0,MutKnownFunctional,"-161,1.000"
X-1027,ZFP91,80829.0,MutNovel,"AA62-,0.233"
X-1027,ZFX,7543.0,MutNovel,"R374W,0.548"
X-1027,ZFY,7544.0,Del0.8,0.2
X-1027,ZFYVE16,9765.0,MutNovel,"K732R,0.500"
X-1027,ZFYVE28,57732.0,MutNovel,"T275M,0.545"
X-1027,ZIC2,7546.0,MutNovel,"A230AH,0.800"
X-1027,ZKSCAN2,342357.0,MutKnownFunctional,"Q822*,0.526"
X-1027,ZMYND8,23613.0,MutKnownFunctional,"-655,0.271"
X-1027,ZMYND8,23613.0,MutNovel,"P188T,0.476"
X-1027,ZNF215,7762.0,MutNovel,"G468R,0.631"
X-1027,ZNF219,51222.0,MutNovel,"Y29C,0.477"
X-1027,ZNF236,7776.0,MutNovel,"I1497T,0.375"
X-1027,ZNF275,10838.0,MutNovel,"E282G,1.000"
X-1027,ZNF317,57693.0,MutNovel,"E68V,0.468"
X-1027,ZNF34,80778.0,MutKnownFunctional,"-249,0.800"
X-1027,ZNF345,25850.0,MutNovel,"K228N,1.000"
X-1027,ZNF354A,6940.0,MutKnownFunctional,"-314,0.447"
X-1027,ZNF395,55893.0,MutNovel,"S160L,0.503"
X-1027,ZNF438,220929.0,MutNovel,"A660V,0.417"
X-1027,ZNF469,84627.0,MutKnownFunctional,"-3414,0.600"
X-1027,ZNF473,25888.0,MutNovel,"T34I,0.433"
X-1027,ZNF480,147657.0,MutNovel,"Y60H,0.407"
X-1027,ZNF570,148268.0,MutNovel,"S396G,0.458"
X-1027,ZNF574,64763.0,MutKnownFunctional,"-612?,0.265"
X-1027,ZNF592,9640.0,MutNovel,"V611I,0.333"
X-1027,ZNF600,162966.0,MutNovel,"H542R,0.333"
X-1027,ZNF615,284370.0,MutNovel,"T378A,0.333"
X-1027,ZNF623,9831.0,MutNovel,"Y459C,0.525"
X-1027,ZNF624,57547.0,MutNovel,"K498N,0.333"
X-1027,ZNF641,121274.0,MutNovel,"H390Y,0.444"
X-1027,ZNF691,51058.0,MutNovel,"E11D,0.444"
X-1027,ZNF701,55762.0,MutKnownFunctional,"-296,0.500"
X-1027,ZNF718,255403.0,MutNovel,"N21T,0.500"
X-1027,ZNF764,92595.0,MutNovel,"K96T,0.463"
X-1027,ZNF79,7633.0,MutKnownFunctional,"-221,0.591"
X-1027,ZNF823,55552.0,MutNovel,"A247V,0.439"
X-1027,ZNF841,284371.0,MutNovel,"K660R,0.481"
X-1027,ZSCAN2,54993.0,MutNovel,"K556T,0.300"
X-1027,ZSWIM1,90204.0,MutNovel,"H50Y,0.409"
X-1027,ZSWIM5,57643.0,MutNovel,"P142S,0.875"
X-1027,ZUFSP,221302.0,MutNovel,"QL279L,0.468"
X-1095,ABCA12,26154.0,MutNovel,"L2352F,1.000"
X-1095,ABP1,26.0,MutNovel,"A565G,0.419"
X-1095,ACAD10,80724.0,MutNovel,"S156N,0.571"
X-1095,ACOT1,641371.0,Del0.8,0.77
X-1095,ACSS1,84532.0,MutNovel,"A563T,0.333"
X-1095,ADAM3A,1587.0,Del0.8,0.3
X-1095,ADAM5P,255926.0,Del0.8,0.45
X-1095,ADAM6,8755.0,Amp5,5.39
X-1095,ADAMTSL2,9719.0,MutNovel,"G421S,0.438"
X-1095,ADSS,159.0,MutNovel,"T92I,0.531"
X-1095,AKR1C1,1645.0,MutNovel,"R66Q,0.250"
X-1095,ALDOA,226.0,MutNovel,"A270T,0.485"
X-1095,AMELY,266.0,Del0.8,0.25
X-1095,ANKFY1,51479.0,MutNovel,"M1095I,0.744"
X-1095,ANKRD11,29123.0,MutNovel,"N1297KT,0.375"
X-1095,ANKRD18B,441459.0,MutNovel,"N774S,1.000"
X-1095,ATAD3B,83858.0,MutNovel,"R306W,0.329"
X-1095,ATAD3B,83858.0,MutNovel,"P311S,0.321"
X-1095,ATAD3B,83858.0,MutNovel,"V314A,0.240"
X-1095,ATP6V1F,9296.0,MutNovel,"A80T,0.472"
X-1095,ATXN2L,11273.0,MutNovel,"S559Y,0.521"
X-1095,AXIN2,8313.0,MutNovel,"P450S,0.390"
X-1095,B3GNT1,11041.0,MutNovel,"R341H,0.560"
X-1095,BABAM1,29086.0,MutNovel,"S112L,0.471"
X-1095,BACH1,571.0,MutNovel,"R432W,0.538"
X-1095,BCAR1,9564.0,MutNovel,"S359N,0.355"
X-1095,BCORP1,286554.0,Del0.8,0.25
X-1095,BPY2B,442867.0,Del0.8,0.25
X-1095,BPY2B,442867.0,Del0.8,0.25
X-1095,BRD2,6046.0,MutNovel,"E494-,0.414"
X-1095,C1GALT1,56913.0,MutNovel,"H106Y,0.515"
X-1095,C8orf44,56260.0,MutKnownFunctional,"R70*,0.625"
X-1095,CAD,790.0,MutNovel,"S2108G,0.459"
X-1095,CAPN6,827.0,MutNovel,"R310H,1.000"
X-1095,CCDC28B,79140.0,MutNovel,"K60N,0.300"
X-1095,CCNJ,54619.0,MutNovel,"D250Y,0.588"
X-1095,CCNO,10309.0,MutNovel,"P336L,0.472"
X-1095,CDHR5,53841.0,MutKnownFunctional,"-579,0.472"
X-1095,CDY1B,253175.0,Del0.8,0.25
X-1095,CDY1B,253175.0,Del0.8,0.25
X-1095,CDY2A,9426.0,Del0.8,0.25
X-1095,CDY2A,9426.0,Del0.8,0.25
X-1095,CDY2B,203611.0,Del0.8,0.25
X-1095,CDY2B,203611.0,Del0.8,0.25
X-1095,CEACAM1,634.0,MutNovel,"T100I,0.483"
X-1095,CEACAM1,634.0,MutNovel,"S96I,0.500"
X-1095,CEL,1056.0,MutNovel,"A24S,0.531"
X-1095,CENPP,401541.0,MutNovel,"W176R,0.769"
X-1095,CEP55,55165.0,MutKnownFunctional,"-410,0.440"
X-1095,CEP55,55165.0,MutNovel,"F412L,0.440"
X-1095,CHCHD10,400916.0,MutNovel,"P34S,0.714"
X-1095,CITED4,163732.0,MutNovel,"E9D,1.000"
X-1095,CLASP2,23122.0,MutNovel,"S689L,0.500"
X-1095,CRIPAK,285464.0,MutNovel,"A240T,0.385"
X-1095,CRIPAK,285464.0,MutNovel,"C336R,1.000"
X-1095,CRIPAK,285464.0,MutNovel,"P362L,0.400"
X-1095,CSPG4P1Y,114758.0,Del0.8,0.25
X-1095,CSPG4P1Y,114758.0,Del0.8,0.25
X-1095,CTSA,5476.0,MutNovel,"L29-,0.362"
X-1095,CYP17A1,1586.0,MutNovel,"F489L,0.429"
X-1095,DAZ1,1617.0,Del0.8,0.25
X-1095,DAZ2,57055.0,Del0.8,0.25
X-1095,DAZ3,57054.0,Del0.8,0.25
X-1095,DAZ3,57054.0,Del0.8,0.25
X-1095,DAZ4,57135.0,Del0.8,0.25
X-1095,DAZ4,57135.0,Del0.8,0.25
X-1095,DCAF11,80344.0,MutNovel,"R215H,0.495"
X-1095,DDX11,1663.0,MutNovel,"A347D,0.800"
X-1095,DDX3Y,8653.0,Del0.8,0.25
X-1095,DNHD1,144132.0,MutNovel,"I4337T,0.571"
X-1095,DOHH,83475.0,MutNovel,"P171L,0.381"
X-1095,EIF1AY,9086.0,Del0.8,0.25
X-1095,ESF1,51575.0,MutNovel,"QL741L,0.600"
X-1095,FAM173A,65990.0,MutNovel,"P50M,0.357"
X-1095,FAM197Y2P,252946.0,Del0.8,0.25
X-1095,FAM35B,414241.0,Del0.8,0.64
X-1095,FAM41AY1,340618.0,Del0.8,0.25
X-1095,FAM41AY1,340618.0,Del0.8,0.25
X-1095,FAM65A,79567.0,MutNovel,"C941W,0.625"
X-1095,FASTKD5,60493.0,MutNovel,"P219R,0.323"
X-1095,FAT1,2195.0,MutNovel,"G60S,0.750"
X-1095,FRG1,2483.0,MutNovel,"K66E,0.204"
X-1095,GANC,2595.0,MutNovel,"T503M,0.571"
X-1095,GCFC1,94104.0,MutNovel,"K123E,0.750"
X-1095,GOLGA2P2Y,84559.0,Del0.8,0.25
X-1095,GOLGA2P2Y,84559.0,Del0.8,0.25
X-1095,GOLGA3,2802.0,MutNovel,"S81R,0.444"
X-1095,GPX4,2879.0,MutNovel,"G4R,0.350"
X-1095,GSTT1,2952.0,Amp5,5.66
X-1095,GSTTP1,25774.0,Amp5,5.66
X-1095,GSTTP2,653399.0,Amp5,5.66
X-1095,GYG2P1,352887.0,Del0.8,0.25
X-1095,HERC2,8924.0,MutNovel,"A965G,0.333"
X-1095,HOGA1,112817.0,MutNovel,"R303H,0.571"
X-1095,HOOK2,29911.0,MutNovel,"G10V,0.545"
X-1095,HSFY2,159119.0,Del0.8,0.25
X-1095,HSFY2,159119.0,Del0.8,0.25
X-1095,IST1,9798.0,MutNovel,"-230MP,0.249"
X-1095,KDM5D,8284.0,Del0.8,0.25
X-1095,KIAA0125,9834.0,Amp5,5.39
X-1095,KIAA1549,57670.0,MutNovel,"Q520L,0.500"
X-1095,KRAS,3845.0,MutKnownFunctional,"G12D,0.636"
X-1095,KRT14,3861.0,MutNovel,"A197V,0.750"
X-1095,LAD1,3898.0,MutNovel,"L161F,0.441"
X-1095,LAMP1,3916.0,MutNovel,"FS184F,0.359"
X-1095,LIN54,132660.0,MutNovel,"I340S,0.500"
X-1095,LOC377711,,MutNovel,"S614G,1.000"
X-1095,LOC391322,391322.0,Amp5,5.66
X-1095,LONP1,9361.0,MutNovel,"K244-,0.369"
X-1095,LPIN3,64900.0,MutNovel,"D535E,0.526"
X-1095,LRRC37A,9884.0,MutNovel,"T1238S,1.000"
X-1095,LSR,51599.0,MutNovel,"G518GR,0.396"
X-1095,MAOA,4128.0,MutNovel,"M416I,1.000"
X-1095,MAP1S,55201.0,MutNovel,"S929L,0.568"
X-1095,MAST2,23139.0,MutNovel,"E746K,0.538"
X-1095,MAU2,23383.0,MutNovel,"S190N,0.471"
X-1095,MKRN1,23608.0,MutNovel,"H418N,0.526"
X-1095,MORF4L1,10933.0,MutNovel,"V101I,0.471"
X-1095,MPZL2,10205.0,MutNovel,"K181R,0.490"
X-1095,MRPL18,29074.0,MutNovel,"L3I,0.528"
X-1095,MUC1,4582.0,MutNovel,"S149L,0.500"
X-1095,MUC17,140453.0,MutNovel,"M3806I,1.000"
X-1095,MUC20,200958.0,MutNovel,"P266S,0.400"
X-1095,MYCL1,4610.0,MutNovel,"P175L,0.571"
X-1095,NBPF12,,MutNovel,"E622K,1.000"
X-1095,NCRNA00185,55410.0,Del0.8,0.25
X-1095,NFE2L3,9603.0,MutNovel,"L92F,0.429"
X-1095,NIPSNAP3A,25934.0,MutNovel,"Y43F,0.633"
X-1095,NLGN4Y,22829.0,Del0.8,0.25
X-1095,NOTUM,147111.0,MutNovel,"P36S,0.284"
X-1095,OGFR,11054.0,MutNovel,"S619L,0.400"
X-1095,P2RY8,286530.0,MutNovel,"L1526V,1.000"
X-1095,PAK4,10298.0,MutNovel,"R175Q,0.600"
X-1095,PAOX,196743.0,MutNovel,"L474P,0.500"
X-1095,PCDH11Y,83259.0,Del0.8,0.37
X-1095,PCNXL4,,MutNovel,"R324H,0.364"
X-1095,PEX6,5190.0,MutNovel,"R601W,0.724"
X-1095,PHLDA1,22822.0,MutNovel,"QQ194Q,0.315"
X-1095,PLCG1,5335.0,MutKnownFunctional,"Q1170*,0.225"
X-1095,PLEC,5339.0,MutNovel,"P4257L,0.288"
X-1095,PLEKHG2,64857.0,MutNovel,"R35Q,1.000"
X-1095,PMS2,5395.0,MutNovel,"L42I,0.231"
X-1095,PMS2,5395.0,MutNovel,"S7W,0.375"
X-1095,POM121C,100101267.0,MutNovel,"T882A,0.389"
X-1095,PRB4,5545.0,MutNovel,"P71T,1.000"
X-1095,PRDM11,56981.0,MutNovel,"G1170R,0.750"
X-1095,PRKY,5616.0,Del0.8,0.25
X-1095,PRR11,55771.0,MutNovel,"VT260-,0.500"
X-1095,PRY,9081.0,Del0.8,0.25
X-1095,PRY,9081.0,Del0.8,0.25
X-1095,PRY2,442862.0,Del0.8,0.25
X-1095,PRY2,442862.0,Del0.8,0.25
X-1095,PTPRU,10076.0,MutNovel,"R1040Q,0.365"
X-1095,RAB5B,5869.0,MutNovel,"G190-,0.692"
X-1095,RBM10,8241.0,MutNovel,"S6P,1.000"
X-1095,RBMY1A3P,286557.0,Del0.8,0.25
X-1095,RBMY1B,378948.0,Del0.8,0.25
X-1095,RBMY1B,378948.0,Del0.8,0.25
X-1095,RBMY1E,378950.0,Del0.8,0.25
X-1095,RBMY1E,378950.0,Del0.8,0.25
X-1095,RBMY1F,159163.0,Del0.8,0.25
X-1095,RBMY1F,159163.0,Del0.8,0.25
X-1095,RBMY1J,378951.0,Del0.8,0.25
X-1095,RBMY1J,378951.0,Del0.8,0.25
X-1095,RBMY2EP,159125.0,Del0.8,0.25
X-1095,RBMY2FP,159162.0,Del0.8,0.25
X-1095,RBMY3AP,64593.0,Del0.8,0.25
X-1095,RECQL4,9401.0,MutNovel,"S92L,0.900"
X-1095,RPGR,6103.0,MutNovel,"F334V,1.000"
X-1095,RPL37A,6168.0,MutNovel,"K62R,0.440"
X-1095,RPS4Y1,6192.0,Del0.8,0.37
X-1095,RPS4Y2,140032.0,Del0.8,0.25
X-1095,SART1,9092.0,MutNovel,"S667L,0.515"
X-1095,SERINC2,347735.0,MutNovel,"-373Q,0.717"
X-1095,SHD,56961.0,MutNovel,"A197P,1.000"
X-1095,SIGLEC14,100049587.0,Del0.8,0.31
X-1095,SLC25A10,1468.0,MutNovel,"R9H,0.750"
X-1095,SLC35C1,55343.0,MutNovel,"A42E,0.472"
X-1095,SLC4A2,6522.0,MutNovel,"K653I,0.392"
X-1095,SLC7A7,9056.0,MutNovel,"Y274C,0.533"
X-1095,SMC2,10592.0,MutNovel,"A316T,0.333"
X-1095,SND1,27044.0,MutNovel,"A65T,0.540"
X-1095,SOS1,6654.0,MutNovel,"I1138V,0.692"
X-1095,SOX9,6662.0,MutKnownFunctional,"-246?,0.525"
X-1095,SPAG1,6674.0,MutNovel,"M777I,0.739"
X-1095,SPRR2E,6704.0,MutNovel,"T20K,0.429"
X-1095,SRY,6736.0,Del0.8,0.37
X-1095,SYNGR2,9144.0,MutNovel,"A28S,0.638"
X-1095,TADA3,10474.0,MutNovel,"L225F,0.548"
X-1095,TBC1D10B,26000.0,MutNovel,"S633L,0.531"
X-1095,TBL1Y,90665.0,Del0.8,0.25
X-1095,TBX10,347853.0,MutNovel,"Y348F,0.567"
X-1095,TCP11L2,255394.0,MutNovel,"S426G,0.538"
X-1095,TGIF2LY,90655.0,Del0.8,0.37
X-1095,TMEM2,23670.0,MutNovel,"A800V,0.387"
X-1095,TMSB4Y,9087.0,Del0.8,0.25
X-1095,TMTC4,84899.0,MutNovel,"KK757K,0.370"
X-1095,TPP1,1200.0,MutNovel,"H319R,0.637"
X-1095,TRIOBP,11078.0,MutNovel,"R2277Q,0.466"
X-1095,TSC1,7248.0,MutNovel,"R1062Q,0.667"
X-1095,TSPY1,7258.0,Del0.8,0.25
X-1095,TSPY2,64591.0,Del0.8,0.25
X-1095,TSPY3,728137.0,Del0.8,0.25
X-1095,TSPY4,728395.0,Del0.8,0.25
X-1095,TSPY8,728403.0,Del0.8,0.25
X-1095,TSPYL1,7259.0,MutNovel,"V176VW,0.918"
X-1095,TTC22,55001.0,MutNovel,"A385V,0.500"
X-1095,TTC3,7267.0,MutNovel,"E1817K,0.397"
X-1095,TTTY10,246119.0,Del0.8,0.25
X-1095,TTTY11,83866.0,Del0.8,0.25
X-1095,TTTY12,83867.0,Del0.8,0.25
X-1095,TTTY13,83868.0,Del0.8,0.25
X-1095,TTTY14,83869.0,Del0.8,0.25
X-1095,TTTY15,64595.0,Del0.8,0.25
X-1095,TTTY16,252948.0,Del0.8,0.25
X-1095,TTTY17A,252949.0,Del0.8,0.25
X-1095,TTTY17A,252949.0,Del0.8,0.25
X-1095,TTTY18,252950.0,Del0.8,0.25
X-1095,TTTY19,252952.0,Del0.8,0.25
X-1095,TTTY1B,100101116.0,Del0.8,0.25
X-1095,TTTY1B,100101116.0,Del0.8,0.25
X-1095,TTTY2,60439.0,Del0.8,0.25
X-1095,TTTY2,60439.0,Del0.8,0.25
X-1095,TTTY20,252951.0,Del0.8,0.25
X-1095,TTTY21,252953.0,Del0.8,0.25
X-1095,TTTY21,252953.0,Del0.8,0.25
X-1095,TTTY22,252954.0,Del0.8,0.25
X-1095,TTTY23,252955.0,Del0.8,0.25
X-1095,TTTY23,252955.0,Del0.8,0.25
X-1095,TTTY3,114760.0,Del0.8,0.25
X-1095,TTTY3,114760.0,Del0.8,0.25
X-1095,TTTY4,114761.0,Del0.8,0.25
X-1095,TTTY4,114761.0,Del0.8,0.25
X-1095,TTTY5,83863.0,Del0.8,0.25
X-1095,TTTY6,84672.0,Del0.8,0.25
X-1095,TTTY6,84672.0,Del0.8,0.25
X-1095,TTTY7,246122.0,Del0.8,0.25
X-1095,TTTY7,246122.0,Del0.8,0.25
X-1095,TTTY7B,100101120.0,Del0.8,0.25
X-1095,TTTY7B,100101120.0,Del0.8,0.25
X-1095,TTTY8,84673.0,Del0.8,0.25
X-1095,TTTY8,84673.0,Del0.8,0.25
X-1095,TTTY9A,83864.0,Del0.8,0.25
X-1095,TTTY9A,83864.0,Del0.8,0.25
X-1095,TULP3,7289.0,MutKnownFunctional,"G471*,0.257"
X-1095,TXLNG2P,246126.0,Del0.8,0.25
X-1095,UACA,55075.0,MutNovel,"P1165L,0.522"
X-1095,ULBP2,80328.0,MutNovel,"L231F,0.667"
X-1095,UPK3BL,,MutNovel,"S231T,0.214"
X-1095,USP9Y,8287.0,Del0.8,0.25
X-1095,UTY,7404.0,Del0.8,0.25
X-1095,VCPIP1,80124.0,MutNovel,"R730W,0.385"
X-1095,VCY,9084.0,Del0.8,0.25
X-1095,VCY,9084.0,Del0.8,0.25
X-1095,VKORC1L1,154807.0,MutNovel,"R68Q,0.706"
X-1095,WBSCR16,81554.0,MutNovel,"P369S,0.384"
X-1095,WFS1,7466.0,MutKnownFunctional,"W648*,0.271"
X-1095,XKRY2,353515.0,Del0.8,0.25
X-1095,XKRY2,353515.0,Del0.8,0.25
X-1095,XPNPEP2,7512.0,MutNovel,"L238F,1.000"
X-1095,ZDHHC11,79844.0,MutNovel,"A303D,0.800"
X-1095,ZFY,7544.0,Del0.8,0.37
X-1095,ZNF358,140467.0,MutNovel,"LDPVPSPDP512L,0.272"
X-1095,ZNF440,126070.0,MutNovel,"R46S,0.500"
X-1095,ZNF814,730051.0,MutNovel,"Y772H,0.300"
X-1095,ZWILCH,55055.0,MutNovel,"A153T,0.400"
X-1095,ZWINT,11130.0,MutNovel,"A232VRP,0.291"
X-1119,AAMP,14.0,MutNovel,"M154T,0.328"
X-1119,AAMP,14.0,MutNovel,"G110R,0.476"
X-1119,AATK,9625.0,MutNovel,"F1235-,0.500"
X-1119,ABCA3,21.0,MutNovel,"T761M,0.375"
X-1119,ABCC3,8714.0,MutNovel,"A1466T,0.516"
X-1119,ABCC5,10057.0,MutKnownFunctional,"-1090,0.389"
X-1119,ABCC6,368.0,MutNovel,"R1414C,0.273"
X-1119,ABCC6,368.0,MutNovel,"K892E,0.600"
X-1119,ABCF1,23.0,MutNovel,"E237-,0.507"
X-1119,ABHD10,55347.0,MutNovel,"T53M,0.365"
X-1119,ACADS,35.0,MutNovel,"V373M,0.399"
X-1119,ACOX3,8310.0,MutNovel,"G428R,0.436"
X-1119,ACOX3,8310.0,MutNovel,"G164C,0.522"
X-1119,ACVR1B,91.0,MutNovel,"R201C,0.452"
X-1119,ACVR2A,92.0,MutKnownFunctional,"-435,1.000"
X-1119,ADAM28,10863.0,MutNovel,"K260N,0.600"
X-1119,ADAM32,203102.0,MutNovel,"N652S,0.261"
X-1119,ADAM3A,1587.0,Del0.8,0.33
X-1119,ADAM5P,255926.0,Del0.8,0.79
X-1119,ADAM8,101.0,MutNovel,"V202M,0.667"
X-1119,ADNP2,22850.0,MutKnownFunctional,"-322,0.778"
X-1119,ADRA2A,150.0,MutNovel,"E327K,0.522"
X-1119,AFF4,27125.0,MutNovel,"E740G,0.686"
X-1119,AGPAT2,10555.0,MutNovel,"A243V,0.492"
X-1119,AGRN,375790.0,MutNovel,"R1698H,0.698"
X-1119,AGRN,375790.0,MutNovel,"A1982T,0.268"
X-1119,AHCY,191.0,MutNovel,"G423S,0.500"
X-1119,AHDC1,27245.0,MutNovel,"T387I,0.364"
X-1119,AHNAK,79026.0,MutNovel,"I4385V,0.524"
X-1119,AHNAK2,113146.0,MutKnownFunctional,"-2591,0.500"
X-1119,AHNAK2,113146.0,MutNovel,"D2035H,0.375"
X-1119,AK7,122481.0,MutNovel,"R534C,0.923"
X-1119,AKAP10,11216.0,MutNovel,"S293I,0.415"
X-1119,AKAP11,11215.0,MutNovel,"E354D,0.588"
X-1119,AKAP8L,26993.0,MutNovel,"G177A,0.449"
X-1119,AKNA,80709.0,MutKnownFunctional,"Q1407*,0.429"
X-1119,AKR1A1,10327.0,MutNovel,"A100T,0.579"
X-1119,AKR1B10,57016.0,MutNovel,"F279L,0.608"
X-1119,AKR1B15,441282.0,MutNovel,"V107L,1.000"
X-1119,AKR1B15,441282.0,MutNovel,"N191S,1.000"
X-1119,AKR7A3,22977.0,MutNovel,"R9Q,0.549"
X-1119,ALCAM,214.0,MutNovel,"M52V,0.947"
X-1119,ALDH1B1,219.0,MutNovel,"T160S,0.474"
X-1119,ALG12,79087.0,MutNovel,"A357T,0.580"
X-1119,ALMS1,7840.0,MutNovel,"V997A,0.875"
X-1119,ALMS1,7840.0,MutNovel,"R3701Q,0.577"
X-1119,ALYREF,10189.0,MutNovel,"R223L,0.460"
X-1119,AMELY,266.0,Del0.8,0.33
X-1119,ANKIB1,54467.0,MutKnownFunctional,"-144,0.281"
X-1119,ANKRD11,29123.0,MutKnownFunctional,"-1894,0.492"
X-1119,ANKRD27,84079.0,MutNovel,"G1032D,0.496"
X-1119,ANKRD36,375248.0,MutNovel,"T998S,0.318"
X-1119,ANKRD42,338699.0,MutNovel,"A369T,0.632"
X-1119,ANXA11,311.0,MutNovel,"R456H,0.522"
X-1119,AOAH,313.0,MutNovel,"N562D,0.391"
X-1119,AP3M1,26985.0,MutNovel,"K103N,0.413"
X-1119,AP4E1,23431.0,MutNovel,"Y523H,0.267"
X-1119,APOBEC3B,9582.0,MutNovel,"M325L,0.967"
X-1119,APOBR,55911.0,MutNovel,"A96V,0.813"
X-1119,APOL3,80833.0,MutNovel,"V353A,0.545"
X-1119,AQR,9716.0,MutNovel,"D1239N,0.465"
X-1119,ARFGAP2,84364.0,MutNovel,"R246W,0.500"
X-1119,ARFGAP2,84364.0,MutKnownFunctional,"-92,1.000"
X-1119,ARHGAP21,57584.0,MutKnownFunctional,"-1442,0.520"
X-1119,ARHGAP44,9912.0,MutNovel,"D476Y,0.667"
X-1119,ARHGAP5,394.0,MutNovel,"N953D,0.217"
X-1119,ARHGEF11,9826.0,MutNovel,"A1238V,0.407"
X-1119,ARHGEF18,23370.0,MutNovel,"Q290R,0.288"
X-1119,ARID1A,8289.0,MutKnownFunctional,"-370,0.368"
X-1119,ARID1A,8289.0,MutNovel,"R1671Q,0.259"
X-1119,ARID1B,57492.0,MutNovel,"N955K,0.327"
X-1119,ARL5A,26225.0,MutNovel,"G69D,0.483"
X-1119,ARMC7,79637.0,MutNovel,"A77V,0.453"
X-1119,ARMC9,80210.0,MutNovel,"M597V,0.534"
X-1119,ARSD,414.0,MutNovel,"P557L,0.414"
X-1119,ASAP2,8853.0,MutNovel,"K189N,0.437"
X-1119,ASB14,142686.0,MutNovel,"S365P,1.000"
X-1119,ASH1L,55870.0,MutNovel,"G2676C,0.576"
X-1119,ASTE1,28990.0,MutKnownFunctional,"-631,0.500"
X-1119,ASXL1,171023.0,MutKnownFunctional,"-426,0.441"
X-1119,ATAD2,29028.0,MutNovel,"R524H,0.439"
X-1119,ATAT1,79969.0,MutNovel,"R293H,0.500"
X-1119,ATF7IP2,80063.0,MutNovel,"T537A,0.548"
X-1119,ATG10,83734.0,MutNovel,"T190I,0.379"
X-1119,ATG9A,79065.0,MutNovel,"Y249H,0.533"
X-1119,ATM,472.0,MutKnownFunctional,"R2034*,0.444"
X-1119,ATP10B,23120.0,MutNovel,"R312H,0.512"
X-1119,ATP13A3,79572.0,MutNovel,"T1074A,0.434"
X-1119,ATP2A3,489.0,MutNovel,"R334Q,0.536"
X-1119,ATP6V0A1,535.0,MutNovel,"R261T,0.576"
X-1119,ATXN1,6310.0,MutNovel,"A265V,0.222"
X-1119,AURKAIP1,54998.0,MutNovel,"K179N,0.492"
X-1119,B2M,567.0,MutKnownFunctional,"-67,0.557"
X-1119,B2M,567.0,MutNovel,"E67G,0.782"
X-1119,B3GALT5,10317.0,MutNovel,"P56H,0.471"
X-1119,BAG3,9531.0,MutNovel,"A4T,0.468"
X-1119,BAMBI,25805.0,MutNovel,"K45E,0.419"
X-1119,BBC3,27113.0,MutNovel,"A254V,0.511"
X-1119,BCL10,8915.0,MutKnownFunctional,"-167,0.391"
X-1119,BCL9,607.0,MutNovel,"G608C,0.618"
X-1119,BCORP1,286554.0,Del0.8,0.33
X-1119,BPY2B,442867.0,Del0.8,0.33
X-1119,BPY2B,442867.0,Del0.8,0.33
X-1119,BRD3,8019.0,MutKnownFunctional,"-24,0.423"
X-1119,BRD4,23476.0,MutNovel,"E504D,0.458"
X-1119,BRPF3,27154.0,MutNovel,"A475V,0.380"
X-1119,BSG,682.0,MutNovel,"S261A,0.496"
X-1119,BSPRY,54836.0,MutKnownFunctional,"Q244*,0.438"
X-1119,BTBD7,55727.0,MutKnownFunctional,"-58,0.500"
X-1119,BTNL9,153579.0,MutNovel,"H384Y,0.645"
X-1119,C10orf47,254427.0,MutNovel,"P323R,0.571"
X-1119,C11orf42,160298.0,MutNovel,"P254T,1.000"
X-1119,C11orf57,55216.0,MutKnownFunctional,"-159,0.491"
X-1119,C11orf95,65998.0,MutNovel,"R236H,0.500"
X-1119,C12orf49,79794.0,MutNovel,"E163K,0.365"
X-1119,C14orf118,55668.0,MutNovel,"V5A,0.619"
X-1119,C15orf23,90417.0,MutNovel,"R238Q,0.531"
X-1119,C16orf70,80262.0,MutKnownFunctional,"-408,0.553"
X-1119,C19orf60,55049.0,MutKnownFunctional,"Q54*,0.269"
X-1119,C1QTNF4,114900.0,MutNovel,"R36C,0.750"
X-1119,C1orf131,128061.0,MutKnownFunctional,"-241,0.373"
X-1119,C22orf29,79680.0,MutNovel,"R49W,0.519"
X-1119,C2CD2,25966.0,MutNovel,"R428C,0.562"
X-1119,C2CD4A,145741.0,MutNovel,"R225G,0.333"
X-1119,C2orf55,343990.0,MutKnownFunctional,"-780?,0.250"
X-1119,C5orf45,51149.0,MutNovel,"Q246R,0.446"
X-1119,C6orf223,221416.0,MutNovel,"-124AA,0.500"
X-1119,C6orf89,221477.0,MutKnownFunctional,"-58?,1.000"
X-1119,CACFD1,,MutNovel,"V89A,0.466"
X-1119,CACFD1,,MutNovel,"S205N,0.460"
X-1119,CAD,790.0,MutNovel,"N536D,0.690"
X-1119,CAMKK2,10645.0,MutNovel,"K538-,0.509"
X-1119,CAMSAP3,57662.0,MutNovel,"H358R,0.243"
X-1119,CAMSAP3,57662.0,MutNovel,"P868L,0.623"
X-1119,CAMSAP3,57662.0,MutNovel,"A1223V,0.498"
X-1119,CAPN10,11132.0,MutNovel,"F572S,0.507"
X-1119,CARS,833.0,MutNovel,"G655R,0.455"
X-1119,CASC5,57082.0,MutNovel,"E541K,0.667"
X-1119,CASC5,57082.0,MutNovel,"K632R,0.600"
X-1119,CASKIN2,57513.0,MutKnownFunctional,"-683,0.483"
X-1119,CASKIN2,57513.0,MutNovel,"A229S,0.409"
X-1119,CASP4,837.0,MutNovel,"G260S,0.533"
X-1119,CASP8,841.0,MutNovel,"S168P,0.500"
X-1119,CBWD3,445571.0,MutKnownFunctional,"Q267*,0.724"
X-1119,CBX4,8535.0,MutNovel,"H400-,0.250"
X-1119,CCDC120,90060.0,MutNovel,"G21E,0.935"
X-1119,CCDC149,91050.0,MutKnownFunctional,"-27,0.500"
X-1119,CCDC28A,25901.0,MutKnownFunctional,"-115,0.444"
X-1119,CCDC47,57003.0,MutNovel,"Q453P,0.484"
X-1119,CCDC47,57003.0,MutNovel,"V69M,0.468"
X-1119,CCDC66,285331.0,MutKnownFunctional,"-293?,0.417"
X-1119,CCDC88C,440193.0,MutNovel,"R584H,0.405"
X-1119,CD302,9936.0,MutNovel,"N225S,0.682"
X-1119,CD47,961.0,MutNovel,"A182T,0.459"
X-1119,CDC42BPB,9578.0,MutNovel,"H708R,0.498"
X-1119,CDC7,8317.0,MutKnownFunctional,"-28,0.435"
X-1119,CDCA2,157313.0,MutKnownFunctional,"-845?,0.492"
X-1119,CDK12,51755.0,MutNovel,"TF82T,0.500"
X-1119,CDKAL1,54901.0,MutNovel,"K576N,0.367"
X-1119,CDT1,81620.0,MutNovel,"P324L,0.480"
X-1119,CDY1B,253175.0,Del0.8,0.33
X-1119,CDY1B,253175.0,Del0.8,0.33
X-1119,CDY2A,9426.0,Del0.8,0.33
X-1119,CDY2A,9426.0,Del0.8,0.33
X-1119,CDY2B,203611.0,Del0.8,0.33
X-1119,CDY2B,203611.0,Del0.8,0.33
X-1119,CEACAM3,1084.0,MutNovel,"I117T,0.545"
X-1119,CEACAM3,1084.0,MutNovel,"Q123H,0.389"
X-1119,CEACAM8,1088.0,MutNovel,"T171A,0.600"
X-1119,CEACAM8,1088.0,MutNovel,"N155K,0.556"
X-1119,CELF1,10658.0,MutNovel,"K221R,0.203"
X-1119,CELF2,10659.0,MutNovel,"R169L,0.500"
X-1119,CENPE,1062.0,MutNovel,"R2648Q,0.504"
X-1119,CEP128,145508.0,MutNovel,"R954C,0.375"
X-1119,CEP170,9859.0,MutNovel,"S1012G,0.375"
X-1119,CEP250,11190.0,MutNovel,"P6T,0.529"
X-1119,CEP290,80184.0,MutKnownFunctional,"-1059,0.500"
X-1119,CERS2,29956.0,MutNovel,"S128N,0.508"
X-1119,CHD2,1106.0,MutKnownFunctional,"-1242?,0.750"
X-1119,CHMP4A,29082.0,MutNovel,"R133H,0.484"
X-1119,CHST3,9469.0,MutNovel,"P164L,1.000"
X-1119,CHTF18,63922.0,MutNovel,"E644K,0.309"
X-1119,CIRBP,1153.0,MutNovel,"G102D,0.475"
X-1119,CIT,11113.0,MutNovel,"V1979M,0.600"
X-1119,CIT,11113.0,MutNovel,"S1929T,0.519"
X-1119,CITED2,10370.0,MutKnownFunctional,"-172?,0.525"
X-1119,CITED4,163732.0,MutNovel,"F170S,0.500"
X-1119,CKAP4,10970.0,MutNovel,"G77-,0.645"
X-1119,CLASRP,11129.0,MutNovel,"T509I,0.524"
X-1119,CLCN2,1181.0,MutNovel,"R493W,0.452"
X-1119,CLN3,1201.0,MutNovel,"A332V,0.452"
X-1119,CLOCK,9575.0,MutKnownFunctional,"-123,0.375"
X-1119,CNOT2,4848.0,MutKnownFunctional,"-541,0.440"
X-1119,COBLL1,22837.0,MutKnownFunctional,"-907,0.404"
X-1119,COG4,25839.0,MutKnownFunctional,"Q707*,0.324"
X-1119,COL9A2,1298.0,MutNovel,"M239I,0.568"
X-1119,COMT,1312.0,MutNovel,"L22V,0.546"
X-1119,CORO7,79585.0,MutNovel,"E769G,0.510"
X-1119,CPD,1362.0,MutNovel,"SGRDNSR206S,0.765"
X-1119,CPEB2,132864.0,MutKnownFunctional,"-987,0.462"
X-1119,CPSF7,79869.0,MutNovel,"R366Q,0.537"
X-1119,CREBBP,1387.0,MutKnownFunctional,"-2370,0.511"
X-1119,CREG1,8804.0,MutNovel,"F172S,0.378"
X-1119,CRTC1,23373.0,MutNovel,"S570N,0.467"
X-1119,CSPG4P1Y,114758.0,Del0.8,0.33
X-1119,CSPG4P1Y,114758.0,Del0.8,0.33
X-1119,CSRNP1,64651.0,MutNovel,"D236V,0.394"
X-1119,CTNNA3,29119.0,MutNovel,"K684N,0.750"
X-1119,CTNNA3,29119.0,MutNovel,"R374H,0.571"
X-1119,CUEDC1,404093.0,MutNovel,"G75S,0.422"
X-1119,CUX1,1523.0,MutNovel,"R1483C,0.333"
X-1119,CWF19L1,55280.0,MutNovel,"E497D,0.427"
X-1119,CXXC5,51523.0,MutKnownFunctional,"-55?,0.641"
X-1119,CYB5B,80777.0,MutNovel,"R141H,0.415"
X-1119,CYHR1,50626.0,MutKnownFunctional,"-144,0.605"
X-1119,DAZ1,1617.0,Del0.8,0.33
X-1119,DAZ2,57055.0,Del0.8,0.33
X-1119,DAZ3,57054.0,Del0.8,0.33
X-1119,DAZ3,57054.0,Del0.8,0.33
X-1119,DAZ4,57135.0,Del0.8,0.33
X-1119,DAZ4,57135.0,Del0.8,0.33
X-1119,DBF4,10926.0,MutKnownFunctional,"-406,0.611"
X-1119,DCAF13,25879.0,MutNovel,"A238E,0.493"
X-1119,DCAF4L1,285429.0,MutNovel,"L192I,0.625"
X-1119,DCAF6,55827.0,MutNovel,"A242V,0.494"
X-1119,DCBLD1,285761.0,MutNovel,"R141W,0.405"
X-1119,DCLRE1B,64858.0,MutNovel,"R244H,0.750"
X-1119,DCP1B,196513.0,MutNovel,"E245D,0.459"
X-1119,DCPS,28960.0,MutKnownFunctional,"-287,0.495"
X-1119,DDX19A,55308.0,MutNovel,"K179R,0.419"
X-1119,DDX23,9416.0,MutNovel,"R24Q,0.536"
X-1119,DDX24,57062.0,MutNovel,"KT840T,0.512"
X-1119,DDX3Y,8653.0,Del0.8,0.33
X-1119,DDX42,11325.0,MutNovel,"G822R,0.462"
X-1119,DDX51,317781.0,MutNovel,"RR74-,0.500"
X-1119,DEM1,64789.0,MutNovel,"E101G,0.723"
X-1119,DEPDC5,9681.0,MutNovel,"R1363H,0.574"
X-1119,DFFA,1676.0,MutNovel,"K208T,0.543"
X-1119,DHRS11,79154.0,MutNovel,"A219V,0.572"
X-1119,DHRSX,207063.0,MutNovel,"S91P,0.446"
X-1119,DHX30,22907.0,MutNovel,"A969T,0.540"
X-1119,DHX38,9785.0,MutNovel,"V554A,0.456"
X-1119,DIAPH3,81624.0,MutNovel,"L444P,0.579"
X-1119,DICER1,23405.0,MutNovel,"E1425-,0.519"
X-1119,DIP2B,57609.0,MutNovel,"R319L,0.593"
X-1119,DIS3L2,129563.0,MutNovel,"R724Q,0.603"
X-1119,DLG5,9231.0,MutNovel,"S122N,0.597"
X-1119,DLGAP5,9787.0,MutNovel,"R173Q,0.570"
X-1119,DNAJC13,23317.0,MutNovel,"D266G,0.682"
X-1119,DNHD1,144132.0,MutKnownFunctional,"Q4123*,0.625"
X-1119,DOCK5,80005.0,MutNovel,"T1666A,0.532"
X-1119,DOPEY1,23033.0,MutNovel,"P2409S,0.481"
X-1119,DOPEY2,9980.0,MutNovel,"P123L,0.543"
X-1119,DRAP1,10589.0,MutNovel,"G104V,0.520"
X-1119,DROSHA,29102.0,MutKnownFunctional,"R1248*,0.204"
X-1119,DROSHA,29102.0,MutNovel,"R778H,0.653"
X-1119,DSG3,1830.0,MutNovel,"R580H,0.560"
X-1119,DST,667.0,MutKnownFunctional,"-1271,0.500"
X-1119,DUS3L,56931.0,MutNovel,"R304C,0.453"
X-1119,DYRK1A,1859.0,MutNovel,"A447T,0.457"
X-1119,E2F3,1871.0,MutNovel,"D452N,0.455"
X-1119,EBLN2,55096.0,MutNovel,"G161D,0.556"
X-1119,EBPL,84650.0,MutKnownFunctional,"-172,0.502"
X-1119,EEF2,1938.0,MutNovel,"V416A,0.325"
X-1119,EGFR,1956.0,MutNovel,"S752Y,0.382"
X-1119,EGR1,1958.0,MutNovel,"A205T,0.429"
X-1119,EHBP1L1,254102.0,MutNovel,"M698I,0.525"
X-1119,EHD4,30844.0,MutKnownFunctional,"-527?,0.495"
X-1119,EIF1AY,9086.0,Del0.8,0.33
X-1119,EIF2A,83939.0,MutNovel,"V279A,0.557"
X-1119,EIF2AK4,440275.0,MutNovel,"P81S,0.440"
X-1119,EIF2C4,192670.0,MutNovel,"P9L,0.611"
X-1119,EIF5,1983.0,MutNovel,"T54A,0.506"
X-1119,EIF5,1983.0,MutNovel,"T178TP,0.229"
X-1119,EMC10,,MutKnownFunctional,"-231?,0.500"
X-1119,EP400,57634.0,MutNovel,"QQ2728-,0.923"
X-1119,EPB41L1,2036.0,MutNovel,"R375W,0.329"
X-1119,EPHB1,2047.0,MutNovel,"A408T,0.682"
X-1119,EPPK1,83481.0,MutNovel,"E2129K,0.317"
X-1119,EPPK1,83481.0,MutKnownFunctional,"-36,0.540"
X-1119,ERCC5,2073.0,MutKnownFunctional,"-915,0.503"
X-1119,ERF,2077.0,MutNovel,"T156A,0.541"
X-1119,ERN2,10595.0,MutKnownFunctional,"-204,0.460"
X-1119,ERP44,23071.0,MutNovel,"P214S,0.490"
X-1119,ESD,2098.0,MutNovel,"R119I,0.459"
X-1119,ESPL1,9700.0,MutNovel,"L1505I,0.440"
X-1119,ESYT2,57488.0,MutNovel,"A196V,0.417"
X-1119,EXPH5,23086.0,MutNovel,"T1189I,0.667"
X-1119,FAHD2A,51011.0,MutKnownFunctional,"-279,0.493"
X-1119,FAM106A,80039.0,Del0.8,0.6
X-1119,FAM111B,374393.0,MutKnownFunctional,"-269,0.265"
X-1119,FAM114A1,92689.0,MutNovel,"L302M,0.490"
X-1119,FAM114A1,92689.0,MutNovel,"K432N,0.450"
X-1119,FAM116A,201627.0,MutKnownFunctional,"-576,0.494"
X-1119,FAM116B,414918.0,MutNovel,"R547Q,0.486"
X-1119,FAM116B,414918.0,MutKnownFunctional,"-453?,0.368"
X-1119,FAM131C,348487.0,MutNovel,"S87F,1.000"
X-1119,FAM131C,348487.0,MutNovel,"R74C,1.000"
X-1119,FAM160B2,64760.0,MutNovel,"P132S,0.297"
X-1119,FAM18B2-CDRT4,100533496.0,MutNovel,"T150R,0.385"
X-1119,FAM18B2-CDRT4,100533496.0,MutNovel,"S135P,0.560"
X-1119,FAM18B2-CDRT4,100533496.0,MutNovel,"C51Y,0.250"
X-1119,FAM197Y2P,252946.0,Del0.8,0.33
X-1119,FAM208B,54906.0,MutNovel,"A1713T,0.578"
X-1119,FAM208B,54906.0,MutNovel,"S2037R,0.504"
X-1119,FAM214A,56204.0,MutKnownFunctional,"-681,1.000"
X-1119,FAM41AY1,340618.0,Del0.8,0.33
X-1119,FAM41AY1,340618.0,Del0.8,0.33
X-1119,FAM65A,79567.0,MutNovel,"R952Q,0.478"
X-1119,FAM83H,286077.0,MutNovel,"A147T,0.308"
X-1119,FAM84A,151354.0,MutNovel,"V55A,0.466"
X-1119,FANCL,55120.0,MutNovel,"R10G,0.456"
X-1119,FASN,2194.0,MutNovel,"R2447C,0.418"
X-1119,FBRSL1,57666.0,MutNovel,"S89N,0.440"
X-1119,FBXL12,54850.0,MutNovel,"FS16S,0.513"
X-1119,FBXL8,55336.0,MutNovel,"P365S,0.523"
X-1119,FBXO11,80204.0,MutNovel,"T271A,0.354"
X-1119,FBXO18,84893.0,MutNovel,"D932N,0.360"
X-1119,FBXO21,23014.0,MutNovel,"Y516C,0.470"
X-1119,FBXO30,84085.0,MutNovel,"FS383LG,0.645"
X-1119,FBXW10,10517.0,MutNovel,"G245A,1.000"
X-1119,FCGBP,8857.0,MutNovel,"V3268I,0.617"
X-1119,FCGBP,8857.0,MutNovel,"V2067I,0.444"
X-1119,FCGBP,8857.0,MutNovel,"P1705L,0.237"
X-1119,FCHSD1,89848.0,MutNovel,"R478H,0.491"
X-1119,FECH,2235.0,MutNovel,"Y303H,0.220"
X-1119,FER1L6,654463.0,MutNovel,"K427M,0.392"
X-1119,FKBPL,63943.0,MutKnownFunctional,"-294,0.567"
X-1119,FLCN,201163.0,MutKnownFunctional,"-429,1.000"
X-1119,FLCN,201163.0,MutNovel,"S341L,0.533"
X-1119,FOSL2,2355.0,MutNovel,"R130W,0.654"
X-1119,FOXD4,2298.0,MutNovel,"G387R,0.625"
X-1119,FPGS,2356.0,MutNovel,"A385V,0.543"
X-1119,FPGT,8790.0,MutNovel,"L534S,0.312"
X-1119,FSIP2,401024.0,MutKnownFunctional,"-2766,0.760"
X-1119,FSIP2,401024.0,MutKnownFunctional,"-3503,0.735"
X-1119,FTSJD1,55783.0,MutKnownFunctional,"-422,0.505"
X-1119,FUT5,2527.0,MutNovel,"R157Q,1.000"
X-1119,FUT5,2527.0,MutNovel,"A118T,1.000"
X-1119,FYCO1,79443.0,MutNovel,"L898P,0.526"
X-1119,FZD2,2535.0,MutNovel,"R492C,0.500"
X-1119,GAL3ST2,64090.0,MutNovel,"A212T,0.381"
X-1119,GALNT12,79695.0,MutNovel,"H501R,0.443"
X-1119,GBA2,57704.0,MutNovel,"G528D,0.469"
X-1119,GCH1,2643.0,MutNovel,"I135K,0.450"
X-1119,GDPD5,81544.0,MutNovel,"S547N,0.493"
X-1119,GET4,51608.0,MutNovel,"E173G,0.308"
X-1119,GGCX,2677.0,MutNovel,"T449I,0.548"
X-1119,GIGYF2,26058.0,MutNovel,"PQ1231P,0.439"
X-1119,GLS,2744.0,MutNovel,"G595E,0.582"
X-1119,GLUL,2752.0,MutNovel,"V80M,0.414"
X-1119,GMDS,2762.0,MutNovel,"D35A,0.875"
X-1119,GMDS,2762.0,Del0.8,0.67
X-1119,GOLGA2P2Y,84559.0,Del0.8,0.33
X-1119,GOLGA2P2Y,84559.0,Del0.8,0.33
X-1119,GOLGA5,9950.0,MutNovel,"L342M,0.395"
X-1119,GOLGB1,2804.0,MutKnownFunctional,"-904,0.394"
X-1119,GOLM1,51280.0,MutNovel,"G339E,0.392"
X-1119,GPATCH8,23131.0,MutNovel,"A134V,0.426"
X-1119,GPN1,11321.0,MutNovel,"M313R,0.492"
X-1119,GPR75-ASB3,,MutNovel,"Q381R,0.470"
X-1119,GPRIN2,9721.0,MutNovel,"-238MRE,1.000"
X-1119,GRIK5,2901.0,MutNovel,"M675T,1.000"
X-1119,GRINA,2907.0,MutNovel,"P90T,0.512"
X-1119,GRIPAP1,56850.0,MutNovel,"R527W,1.000"
X-1119,GSTT1,2952.0,Amp5,5.35
X-1119,GTF3C1,2975.0,MutNovel,"V2032I,0.351"
X-1119,GTF3C3,9330.0,MutNovel,"R257Q,0.393"
X-1119,GUK1,2987.0,MutNovel,"A114V,0.504"
X-1119,GYG2P1,352887.0,Del0.8,0.33
X-1119,H2AFY2,55506.0,MutNovel,"A261T,1.000"
X-1119,HAS2,3037.0,MutKnownFunctional,"Q271*,0.714"
X-1119,HDAC5,10014.0,MutNovel,"G723D,0.314"
X-1119,HDAC6,10013.0,MutNovel,"R1096M,0.941"
X-1119,HELLS,3070.0,MutNovel,"R510Q,0.595"
X-1119,HELZ,9931.0,MutNovel,"R1358H,0.648"
X-1119,HERC2,8924.0,MutNovel,"I1957T,0.476"
X-1119,HERC2,8924.0,MutNovel,"L377P,0.500"
X-1119,HERPUD2,64224.0,MutNovel,"P401H,0.470"
X-1119,HEXA,3073.0,MutNovel,"T358M,0.530"
X-1119,HGS,9146.0,MutKnownFunctional,"-748?,0.519"
X-1119,HIST1H2BK,85236.0,MutNovel,"P4L,0.432"
X-1119,HKR1,284459.0,MutNovel,"E632D,0.290"
X-1119,HLA-G,3135.0,MutNovel,"M49V,1.000"
X-1119,HLA-G,3135.0,MutNovel,"EE85DQ,1.000"
X-1119,HLA-G,3135.0,MutNovel,"T91I,1.000"
X-1119,HLA-G,3135.0,MutNovel,"T91M,1.000"
X-1119,HLA-G,3135.0,MutNovel,"T187E,1.000"
X-1119,HLA-G,3135.0,MutNovel,"Q204R,0.211"
X-1119,HMMR,3161.0,MutNovel,"T61A,0.848"
X-1119,HNF1A,6927.0,MutNovel,"G319S,0.419"
X-1119,HOXB3,3213.0,MutNovel,"L410I,0.263"
X-1119,HPS1,3257.0,MutNovel,"E460G,0.416"
X-1119,HRCT1,646962.0,MutNovel,"P106H,0.368"
X-1119,HS3ST1,9957.0,MutNovel,"G66S,0.530"
X-1119,HSD17B2,3294.0,MutNovel,"A237V,0.599"
X-1119,HSFY2,159119.0,Del0.8,0.33
X-1119,HSFY2,159119.0,Del0.8,0.33
X-1119,HSP90AB1,3326.0,MutNovel,"E549K,0.371"
X-1119,HSPA8,3312.0,MutNovel,"P316Q,0.439"
X-1119,HSPA8,3312.0,MutNovel,"T226A,0.544"
X-1119,HTT,3064.0,MutNovel,"S2372L,0.610"
X-1119,HUWE1,10075.0,MutNovel,"K1072E,0.652"
X-1119,HYAL3,8372.0,MutNovel,"S238F,0.368"
X-1119,HYDIN,54768.0,MutNovel,"P119T,0.375"
X-1119,IARS,3376.0,MutNovel,"N746H,0.422"
X-1119,IBTK,25998.0,MutKnownFunctional,"-96,0.419"
X-1119,IFT172,26160.0,MutNovel,"L1465P,0.423"
X-1119,IFT172,26160.0,MutNovel,"Q1261H,0.333"
X-1119,IL16,3603.0,MutKnownFunctional,"-476,1.000"
X-1119,ILVBL,10994.0,MutNovel,"A139T,0.602"
X-1119,IMMT,10989.0,MutNovel,"Y658H,0.512"
X-1119,IMPA2,3613.0,MutNovel,"RGA148QGT,0.551"
X-1119,INF2,64423.0,MutNovel,"TPP420T,0.812"
X-1119,INO80E,283899.0,MutKnownFunctional,"-12,0.503"
X-1119,INO80E,283899.0,MutKnownFunctional,"-209,0.952"
X-1119,INPP5E,56623.0,MutNovel,"S166N,0.667"
X-1119,INPPL1,3636.0,MutKnownFunctional,"-974,0.440"
X-1119,INPPL1,3636.0,MutKnownFunctional,"-1154,0.528"
X-1119,INTS2,57508.0,MutNovel,"Y1097H,0.269"
X-1119,INTS6,26512.0,MutKnownFunctional,"-477,0.269"
X-1119,IP6K2,51447.0,MutNovel,"S18F,0.507"
X-1119,IPMK,253430.0,MutNovel,"K323E,0.318"
X-1119,IPO4,79711.0,MutNovel,"I522T,0.464"
X-1119,IQCB1,9657.0,MutKnownFunctional,"-275,0.235"
X-1119,IRAK1,3654.0,MutNovel,"FL18L,1.000"
X-1119,IRS1,3667.0,MutKnownFunctional,"-819?,0.439"
X-1119,IRS2,8660.0,MutKnownFunctional,"-1143,0.270"
X-1119,ISG20L2,81875.0,MutKnownFunctional,"-289,0.495"
X-1119,ITGA2,3673.0,MutKnownFunctional,"-1121,1.000"
X-1119,ITGA6,3655.0,MutKnownFunctional,"-1076?,0.508"
X-1119,ITGB4,3691.0,MutNovel,"R545C,0.428"
X-1119,ITGB5,3693.0,MutNovel,"R445Q,0.508"
X-1119,ITGB8,3696.0,MutKnownFunctional,"-770,0.588"
X-1119,ITPA,3704.0,MutNovel,"L120F,0.603"
X-1119,ITPRIPL2,162073.0,MutNovel,"R523W,0.362"
X-1119,JUND,3727.0,MutNovel,"AAG165G,0.545"
X-1119,JUND,3727.0,MutNovel,"K47-,0.427"
X-1119,KALRN,8997.0,MutNovel,"L1882F,0.465"
X-1119,KANK3,256949.0,MutNovel,"R708Q,0.500"
X-1119,KANSL3,55683.0,MutNovel,"H340N,0.316"
X-1119,KAT6A,7994.0,MutNovel,"G158S,0.400"
X-1119,KAT8,84148.0,MutKnownFunctional,"-447?,0.598"
X-1119,KBTBD8,84541.0,MutNovel,"F221V,0.500"
X-1119,KDM5D,8284.0,Del0.8,0.33
X-1119,KEAP1,9817.0,MutNovel,"E289K,0.482"
X-1119,KIAA0430,9665.0,MutNovel,"N184K,0.472"
X-1119,KIAA0907,22889.0,MutNovel,"A55T,0.517"
X-1119,KIAA0913,23053.0,MutNovel,"R144W,0.515"
X-1119,KIAA0922,23240.0,MutNovel,"R640G,0.667"
X-1119,KIAA1107,23285.0,MutNovel,"M853T,1.000"
X-1119,KIAA1161,57462.0,MutNovel,"M493T,0.462"
X-1119,KIAA1161,57462.0,MutNovel,"R127C,0.590"
X-1119,KIAA1244,57221.0,MutNovel,"A313T,0.371"
X-1119,KIAA1279,26128.0,MutNovel,"K360E,0.378"
X-1119,KIAA1377,57562.0,MutNovel,"Q92H,0.333"
X-1119,KIAA1429,25962.0,MutNovel,"Y417H,0.269"
X-1119,KIAA1919,91749.0,MutKnownFunctional,"-199,1.000"
X-1119,KIF18A,81930.0,MutNovel,"R351W,0.412"
X-1119,KIF21A,55605.0,MutNovel,"G1385V,0.452"
X-1119,KLC4,89953.0,MutNovel,"A508T,0.470"
X-1119,KLHL15,80311.0,MutNovel,"Q43P,1.000"
X-1119,KRIT1,889.0,MutNovel,"S309G,0.312"
X-1119,KRT13,3860.0,MutNovel,"R397P,0.231"
X-1119,KRT5,3852.0,MutNovel,"L449Q,1.000"
X-1119,KRT5,3852.0,MutNovel,"E348D,0.500"
X-1119,KRT75,9119.0,MutNovel,"I440V,1.000"
X-1119,L3MBTL2,83746.0,MutNovel,"G263R,0.522"
X-1119,LAMP2,3920.0,MutNovel,"V197A,1.000"
X-1119,LANCL2,55915.0,MutNovel,"V219M,0.514"
X-1119,LARP7,51574.0,MutKnownFunctional,"-409,0.500"
X-1119,LATS2,26524.0,MutNovel,"N725T,0.520"
X-1119,LCN1,3933.0,MutNovel,"G99R,1.000"
X-1119,LEPRE1,64175.0,MutKnownFunctional,"-718?,0.393"
X-1119,LGALS3BP,3959.0,MutNovel,"V61I,0.457"
X-1119,LGALS9C,654346.0,Del0.8,0.6
X-1119,LIG1,3978.0,MutNovel,"T756A,0.517"
X-1119,LIPT2,387787.0,MutKnownFunctional,"-54,0.312"
X-1119,LLGL2,3993.0,MutNovel,"A282S,0.415"
X-1119,LMAN2,10960.0,MutNovel,"E235G,0.413"
X-1119,LMNB2,84823.0,MutNovel,"A372V,0.468"
X-1119,LMNB2,84823.0,MutNovel,"G172S,0.520"
X-1119,LOC100132247,100132247.0,MutNovel,"R555P,0.444"
X-1119,LOC391322,391322.0,Amp5,5.35
X-1119,LOC440563,440563.0,MutNovel,"G122R,1.000"
X-1119,LOC554223,554223.0,MutNovel,"M144K,0.600"
X-1119,LOC729162,,MutKnownFunctional,"R44*,1.000"
X-1119,LOC81691,81691.0,MutNovel,"D259G,0.583"
X-1119,LONP1,9361.0,MutNovel,"E583D,0.429"
X-1119,LRFN3,79414.0,MutNovel,"R110C,0.529"
X-1119,LRP1,4035.0,MutNovel,"R2869C,0.952"
X-1119,LRP11,84918.0,MutNovel,"R298H,0.469"
X-1119,LRRC14,9684.0,MutNovel,"R459H,0.409"
X-1119,LRRC37A,9884.0,MutNovel,"H435Q,1.000"
X-1119,LRRC37A2,474170.0,MutNovel,"V449I,1.000"
X-1119,LRRC37A2,474170.0,MutNovel,"P463S,1.000"
X-1119,LRRC8A,56262.0,MutNovel,"Q213R,0.289"
X-1119,LSR,51599.0,MutNovel,"G518R,0.356"
X-1119,LSR,51599.0,MutNovel,"G518GR,1.000"
X-1119,LTB4R2,56413.0,MutNovel,"A157T,0.609"
X-1119,LTK,4058.0,MutKnownFunctional,"-99?,1.000"
X-1119,LY6D,8581.0,MutNovel,"L6M,0.718"
X-1119,LYPLA2,11313.0,MutNovel,"P9H,0.494"
X-1119,MACF1,23499.0,MutNovel,"V489A,0.615"
X-1119,MAGI1,9223.0,MutNovel,"R1353W,0.814"
X-1119,MAML1,9794.0,MutNovel,"L216R,0.556"
X-1119,MAML2,84441.0,MutNovel,"D1105Y,0.273"
X-1119,MAP2K3,5606.0,MutKnownFunctional,"-295?,0.491"
X-1119,MAP3K14,9020.0,MutNovel,"L297M,0.474"
X-1119,MAP7D1,55700.0,MutKnownFunctional,"-34,0.643"
X-1119,MAP7D3,79649.0,MutNovel,"E619G,1.000"
X-1119,MAPK8IP2,23542.0,MutNovel,"S371R,1.000"
X-1119,MAPK8IP2,23542.0,MutNovel,"R430H,1.000"
X-1119,MARCKS,4082.0,MutKnownFunctional,"-152,0.762"
X-1119,MAST2,23139.0,MutNovel,"S992I,0.537"
X-1119,MAST3,23031.0,MutNovel,"R489C,0.457"
X-1119,MB21D2,151963.0,MutNovel,"V239I,0.600"
X-1119,MBTD1,54799.0,MutNovel,"N617S,0.630"
X-1119,MCM5,4174.0,MutNovel,"Q41R,0.538"
X-1119,MCM8,84515.0,MutNovel,"K118N,0.636"
X-1119,MDM1,56890.0,MutNovel,"V30M,0.519"
X-1119,MED12,9968.0,MutNovel,"-2096Q,1.000"
X-1119,MED15,51586.0,MutKnownFunctional,"-451,0.420"
X-1119,MED16,10025.0,MutNovel,"P835L,0.523"
X-1119,MED16,10025.0,MutNovel,"G649C,0.623"
X-1119,MED17,9440.0,MutNovel,"E381D,0.420"
X-1119,MED25,81857.0,MutNovel,"G493C,0.448"
X-1119,MEF2BNB-MEF2B,4207.0,MutNovel,"P303H,0.579"
X-1119,MEGF6,1953.0,MutNovel,"L1448R,0.357"
X-1119,MET,4233.0,MutNovel,"E419K,0.321"
X-1119,METTL4,64863.0,MutNovel,"V228A,0.522"
X-1119,MFI2,4241.0,MutNovel,"V521M,0.684"
X-1119,MFSD6L,162387.0,MutKnownFunctional,"-216,0.538"
X-1119,MGA,23269.0,MutNovel,"I1553M,1.000"
X-1119,MIDN,90007.0,MutNovel,"C20G,0.429"
X-1119,MINK1,50488.0,MutNovel,"P249H,0.480"
X-1119,MKKS,8195.0,MutNovel,"T392M,0.450"
X-1119,MKL1,57591.0,MutNovel,"P455S,0.510"
X-1119,MLH1,4292.0,MutKnownFunctional,"-648,1.000"
X-1119,MLH3,27030.0,MutNovel,"S883P,0.568"
X-1119,MLL2,8085.0,MutNovel,"G5075R,0.523"
X-1119,MLL2,8085.0,MutNovel,"R1189C,0.583"
X-1119,MLL2,8085.0,MutKnownFunctional,"-956,0.524"
X-1119,MLL4,9757.0,MutNovel,"R1477Q,0.456"
X-1119,MOCS3,27304.0,MutNovel,"A264T,0.500"
X-1119,MOGAT2,80168.0,MutNovel,"T126I,0.528"
X-1119,MPRIP,23164.0,MutNovel,"TS178T,0.278"
X-1119,MREG,55686.0,MutNovel,"R4K,0.269"
X-1119,MRPL23,6150.0,MutNovel,"A67V,0.321"
X-1119,MRPL38,64978.0,MutNovel,"W6R,0.534"
X-1119,MSH4,4438.0,MutNovel,"A847S,0.455"
X-1119,MST1,4485.0,MutNovel,"C338R,0.571"
X-1119,MTA1,9112.0,MutNovel,"G452D,0.412"
X-1119,MTA2,9219.0,MutNovel,"A3D,0.352"
X-1119,MTHFSD,64779.0,MutKnownFunctional,"R31*,0.549"
X-1119,MTMR4,9110.0,MutNovel,"S934N,0.250"
X-1119,MUC12,10071.0,MutNovel,"R855H,1.000"
X-1119,MUC12,10071.0,MutNovel,"S1638G,0.333"
X-1119,MUC12,10071.0,MutNovel,"R2690H,0.400"
X-1119,MUC12,10071.0,MutNovel,"E4601G,1.000"
X-1119,MUC12,10071.0,MutNovel,"T4603M,1.000"
X-1119,MUC17,140453.0,MutNovel,"F4414V,0.456"
X-1119,MUC2,4583.0,MutNovel,"T1625S,0.270"
X-1119,MUC4,4585.0,MutNovel,"H4777Y,0.780"
X-1119,MUC4,4585.0,MutNovel,"P4050H,1.000"
X-1119,MUC4,4585.0,MutNovel,"S3800A,0.545"
X-1119,MUC4,4585.0,MutNovel,"A3785V,0.923"
X-1119,MUC4,4585.0,MutNovel,"A3033I,1.000"
X-1119,MUC4,4585.0,MutNovel,"IP2837ST,1.000"
X-1119,MX1,4599.0,MutNovel,"R640Q,0.396"
X-1119,MYCBP2,23077.0,MutNovel,"L1469S,0.700"
X-1119,MYH9,4627.0,MutNovel,"E1403-,0.404"
X-1119,MYO18A,399687.0,MutNovel,"R489C,0.583"
X-1119,MYO1A,4640.0,MutKnownFunctional,"-1033,0.500"
X-1119,MYO5B,4645.0,MutNovel,"R213C,0.432"
X-1119,MYO9A,4649.0,MutKnownFunctional,"-1422,0.417"
X-1119,NAF1,92345.0,MutNovel,"Y274H,0.271"
X-1119,NARG2,79664.0,MutNovel,"A256V,0.464"
X-1119,NARG2,79664.0,MutNovel,"A161T,0.564"
X-1119,NAT8B,51471.0,MutKnownFunctional,"-50,0.536"
X-1119,NBEAL1,65065.0,MutKnownFunctional,"-1955?,0.450"
X-1119,NBPF10,100132406.0,MutNovel,"I1165F,0.333"
X-1119,NCALD,83988.0,MutNovel,"A88T,0.551"
X-1119,NCAPG2,54892.0,MutNovel,"P513S,0.573"
X-1119,NCAPH2,29781.0,MutNovel,"E390K,0.356"
X-1119,NCAPH2,29781.0,MutNovel,"R418W,0.590"
X-1119,NCEH1,57552.0,MutNovel,"R165G,0.646"
X-1119,NCOA2,10499.0,MutNovel,"G1306E,0.553"
X-1119,NCOA2,10499.0,MutNovel,"Q459R,0.300"
X-1119,NCOA3,8202.0,MutNovel,"Q1255-,0.611"
X-1119,NCOR2,9612.0,MutNovel,"G1839GAAA,1.000"
X-1119,NCOR2,9612.0,MutNovel,"-511S,0.974"
X-1119,NCOR2,9612.0,MutNovel,"K437-,0.281"
X-1119,NCRNA00185,55410.0,Del0.8,0.33
X-1119,NDUFS1,4719.0,MutNovel,"K576N,0.459"
X-1119,NF2,4771.0,MutNovel,"A313V,0.476"
X-1119,NFATC2IP,84901.0,MutNovel,"P279T,0.505"
X-1119,NFATC3,4775.0,MutKnownFunctional,"-688,0.261"
X-1119,NFE2L2,4780.0,MutNovel,"N225D,0.487"
X-1119,NFIL3,4783.0,MutNovel,"Q384H,0.577"
X-1119,NHEJ1,79840.0,MutNovel,"L65F,0.483"
X-1119,NIPSNAP1,8508.0,MutNovel,"P194T,0.301"
X-1119,NKTR,4820.0,MutKnownFunctional,"-614?,0.392"
X-1119,NLGN4Y,22829.0,Del0.8,0.33
X-1119,NMD3,51068.0,MutNovel,"M268V,0.520"
X-1119,NOL10,79954.0,MutNovel,"S673L,0.388"
X-1119,NOMO1,23420.0,MutNovel,"R707M,0.378"
X-1119,NOSIP,51070.0,MutNovel,"T198M,0.540"
X-1119,NOTCH1,4851.0,MutNovel,"L2242M,0.526"
X-1119,NOXA1,10811.0,MutNovel,"P399L,0.518"
X-1119,NPNT,255743.0,MutKnownFunctional,"R558*,0.424"
X-1119,NSMAF,8439.0,MutNovel,"R278S,0.397"
X-1119,NT5C,30833.0,MutNovel,"L171V,0.514"
X-1119,NUP153,9972.0,MutNovel,"A827T,0.333"
X-1119,NUP62,23636.0,MutNovel,"A465T,0.526"
X-1119,NXF1,10482.0,MutNovel,"R38C,0.448"
X-1119,OFD1,8481.0,MutKnownFunctional,"-234,0.500"
X-1119,OGDH,4967.0,MutNovel,"G242E,0.441"
X-1119,OGG1,4968.0,MutNovel,"R383M,0.477"
X-1119,ONECUT3,390874.0,MutKnownFunctional,"-82?,0.562"
X-1119,ORAI1,84876.0,MutNovel,"PP43-,1.000"
X-1119,ORAI2,80228.0,MutNovel,"P185Q,0.800"
X-1119,OSBPL11,114885.0,MutKnownFunctional,"-196,0.368"
X-1119,OSGEPL1,64172.0,MutKnownFunctional,"-140,0.375"
X-1119,OSTC,58505.0,MutNovel,"G157D,0.667"
X-1119,OXCT2,64064.0,MutNovel,"R228H,1.000"
X-1119,P2RY8,286530.0,MutNovel,"S1397A,1.000"
X-1119,P4HTM,54681.0,MutKnownFunctional,"-414?,0.491"
X-1119,PAPD7,11044.0,MutKnownFunctional,"-528,0.489"
X-1119,PARD3,56288.0,MutNovel,"M1122I,0.466"
X-1119,PARD3B,117583.0,MutKnownFunctional,"-783,0.353"
X-1119,PARP16,54956.0,MutNovel,"Y149H,0.657"
X-1119,PARP9,83666.0,MutNovel,"E636D,0.449"
X-1119,PATZ1,23598.0,MutKnownFunctional,"R265*,0.333"
X-1119,PBRM1,55193.0,MutNovel,"A8D,0.512"
X-1119,PBXIP1,57326.0,MutNovel,"-730T,0.453"
X-1119,PBXIP1,57326.0,MutNovel,"R314W,0.426"
X-1119,PCDH11Y,83259.0,Del0.8,0.33
X-1119,PCDHGA1,56114.0,MutNovel,"P189S,0.750"
X-1119,PCDHGA10,56106.0,MutNovel,"S551L,1.000"
X-1119,PCDHGB7,56099.0,MutNovel,"A472T,1.000"
X-1119,PCGF2,7703.0,MutNovel,"S126N,0.310"
X-1119,PCLO,27445.0,MutNovel,"L3895P,1.000"
X-1119,PCMTD2,55251.0,MutNovel,"A50V,0.492"
X-1119,PCNXL2,80003.0,MutKnownFunctional,"-619,0.562"
X-1119,PCSK9,255738.0,MutNovel,"R93H,0.549"
X-1119,PDIA4,9601.0,MutNovel,"V579A,0.353"
X-1119,PELI3,246330.0,MutNovel,"R329W,0.636"
X-1119,PELP1,27043.0,MutKnownFunctional,"-798,0.409"
X-1119,PER2,8864.0,MutNovel,"V1131I,0.533"
X-1119,PET112,5188.0,MutNovel,"R336M,0.550"
X-1119,PEX16,9409.0,MutNovel,"M96V,0.522"
X-1119,PEX19,5824.0,MutNovel,"S48L,0.417"
X-1119,PEX7,5191.0,MutNovel,"G153S,0.641"
X-1119,PFDN4,5203.0,MutNovel,"R28W,0.490"
X-1119,PFKP,5214.0,MutNovel,"R8C,0.559"
X-1119,PHACTR4,65979.0,MutKnownFunctional,"-61?,0.355"
X-1119,PHC3,80012.0,MutNovel,"S385A,0.500"
X-1119,PHKG2,5261.0,MutNovel,"M371I,0.750"
X-1119,PHLDA1,22822.0,MutNovel,"QQ194Q,1.000"
X-1119,PHLDB1,23187.0,MutNovel,"G1072R,0.467"
X-1119,PICK1,9463.0,MutKnownFunctional,"-1,0.509"
X-1119,PIEZO1,9780.0,MutKnownFunctional,"-909,0.375"
X-1119,PIEZO1,9780.0,MutNovel,"ED756D,1.000"
X-1119,PIEZO1,9780.0,MutNovel,"Q749E,0.314"
X-1119,PIF1,80119.0,MutKnownFunctional,"E49*,0.727"
X-1119,PIGR,5284.0,MutNovel,"A390S,0.504"
X-1119,PIK3R1,5295.0,MutKnownFunctional,"E547*,0.267"
X-1119,PIKFYVE,200576.0,MutNovel,"W1693R,0.393"
X-1119,PIN1,5300.0,MutNovel,"H59R,0.384"
X-1119,PION,54103.0,MutNovel,"L705I,0.424"
X-1119,PIP5K1B,8395.0,MutNovel,"V486I,0.486"
X-1119,PKD1,5310.0,MutNovel,"G417R,0.500"
X-1119,PKN1,5585.0,MutNovel,"S819P,0.220"
X-1119,PKN2,5586.0,MutKnownFunctional,"-76,0.833"
X-1119,PKN2,5586.0,MutKnownFunctional,"-270,0.400"
X-1119,PKN2,5586.0,MutKnownFunctional,"-927,0.786"
X-1119,PKNOX1,5316.0,MutNovel,"E27K,0.485"
X-1119,PLA2G12A,81579.0,MutKnownFunctional,"R137*,0.396"
X-1119,PLA2G4F,255189.0,MutNovel,"H246R,0.475"
X-1119,PLEC,5339.0,MutNovel,"A4109T,0.424"
X-1119,PLEC,5339.0,MutNovel,"Y2967C,0.463"
X-1119,PLEKHF2,79666.0,MutKnownFunctional,"-72?,0.634"
X-1119,PLEKHF2,79666.0,MutNovel,"R202W,0.241"
X-1119,PLIN3,10226.0,MutNovel,"A139T,0.317"
X-1119,PLXNB2,23654.0,MutNovel,"T1141M,0.482"
X-1119,PML,5371.0,MutNovel,"P506L,0.528"
X-1119,PML,5371.0,MutNovel,"L756I,0.522"
X-1119,PML,5371.0,MutNovel,"R796C,0.375"
X-1119,POLE,5426.0,MutNovel,"T594A,0.427"
X-1119,POLQ,10721.0,MutKnownFunctional,"L1430*,0.500"
X-1119,POLR2B,5431.0,MutNovel,"L39S,0.503"
X-1119,POLRMT,5442.0,MutNovel,"G95V,0.466"
X-1119,PORCN,64840.0,MutNovel,"T265M,1.000"
X-1119,POTEE,445582.0,MutNovel,"I803M,1.000"
X-1119,POU5F1,5460.0,MutKnownFunctional,"R275*,0.404"
X-1119,POU5F1,5460.0,MutKnownFunctional,"-72,0.462"
X-1119,PPP1R13L,10848.0,MutNovel,"S702L,0.432"
X-1119,PPP1R13L,10848.0,MutNovel,"A5T,0.302"
X-1119,PPP2R5A,5525.0,MutNovel,"M1MS,0.621"
X-1119,PRDM1,639.0,MutNovel,"S361F,0.548"
X-1119,PRIC285,85441.0,MutNovel,"A1784T,0.391"
X-1119,PRKD3,23683.0,MutNovel,"R153C,0.333"
X-1119,PRKY,5616.0,Del0.8,0.33
X-1119,PROM2,150696.0,MutNovel,"G65D,0.381"
X-1119,PROSAPIP1,,MutNovel,"A350V,0.412"
X-1119,PRPF40A,55660.0,MutNovel,"A674V,0.438"
X-1119,PRPS1,5631.0,MutNovel,"I229T,0.992"
X-1119,PRR11,55771.0,MutNovel,"T156R,0.400"
X-1119,PRRC2A,7916.0,MutNovel,"R1301Q,0.463"
X-1119,PRRG1,5638.0,MutKnownFunctional,"-132?,0.828"
X-1119,PRY,9081.0,Del0.8,0.33
X-1119,PRY,9081.0,Del0.8,0.33
X-1119,PRY2,442862.0,Del0.8,0.33
X-1119,PRY2,442862.0,Del0.8,0.33
X-1119,PSG3,5671.0,MutNovel,"R285K,1.000"
X-1119,PTBP2,58155.0,MutNovel,"AAA316-,0.278"
X-1119,PTEN,5728.0,MutKnownFunctional,"R130Q,0.693"
X-1119,PTK6,5753.0,MutNovel,"S446R,0.581"
X-1119,PTPN14,5784.0,MutNovel,"P1150S,0.576"
X-1119,PTPN14,5784.0,MutNovel,"H360P,0.625"
X-1119,PTPRU,10076.0,MutNovel,"D596N,0.750"
X-1119,PUM1,9698.0,MutKnownFunctional,"-1184?,0.492"
X-1119,PUM1,9698.0,MutNovel,"R74C,0.506"
X-1119,PVRIG,79037.0,MutNovel,"H23R,0.429"
X-1119,PVRIG,79037.0,MutNovel,"V27A,0.375"
X-1119,PWP2,5822.0,MutNovel,"R526H,0.471"
X-1119,PWWP2B,170394.0,MutNovel,"P218L,0.523"
X-1119,PXMP2,5827.0,MutKnownFunctional,"-195?,0.510"
X-1119,PYGL,5836.0,MutNovel,"E9-,1.000"
X-1119,RAB11FIP3,9727.0,MutNovel,"R733H,0.320"
X-1119,RAB3GAP2,25782.0,MutNovel,"G1376D,0.412"
X-1119,RAB40B,10966.0,MutKnownFunctional,"-264?,0.500"
X-1119,RAB43,339122.0,MutNovel,"F55L,0.358"
X-1119,RAB44,,MutNovel,"S441R,1.000"
X-1119,RABIF,5877.0,MutKnownFunctional,"R119*,0.520"
X-1119,RAD21,5885.0,MutNovel,"G174C,0.462"
X-1119,RAD9A,5883.0,MutNovel,"P66H,0.459"
X-1119,RAD9A,5883.0,MutKnownFunctional,"-95,0.500"
X-1119,RAET1G,353091.0,MutNovel,"I114T,0.714"
X-1119,RALGAPB,57148.0,MutNovel,"R1010C,0.431"
X-1119,RANBP6,26953.0,MutNovel,"V536A,0.304"
X-1119,RAPGEF2,9693.0,MutNovel,"I572T,0.417"
X-1119,RAPGEF3,10411.0,MutNovel,"D309Y,0.430"
X-1119,RAPGEF5,9771.0,MutNovel,"Y467H,0.575"
X-1119,RAPGEFL1,51195.0,MutNovel,"A297V,0.448"
X-1119,RASSF7,8045.0,MutKnownFunctional,"-322,0.456"
X-1119,RAVER1,125950.0,MutKnownFunctional,"-636,0.273"
X-1119,RAVER1,125950.0,MutNovel,"T161I,0.571"
X-1119,RB1,5925.0,MutKnownFunctional,"-912,0.933"
X-1119,RBBP7,5931.0,MutNovel,"V459A,0.992"
X-1119,RBBP9,10741.0,MutNovel,"G22D,0.474"
X-1119,RBM18,92400.0,MutKnownFunctional,"-177,0.531"
X-1119,RBM38,55544.0,MutNovel,"G56V,0.244"
X-1119,RBM47,54502.0,MutNovel,"Y201H,0.415"
X-1119,RBMY1A3P,286557.0,Del0.8,0.33
X-1119,RBMY1B,378948.0,Del0.8,0.33
X-1119,RBMY1B,378948.0,Del0.8,0.33
X-1119,RBMY1E,378950.0,Del0.8,0.33
X-1119,RBMY1E,378950.0,Del0.8,0.33
X-1119,RBMY1F,159163.0,Del0.8,0.33
X-1119,RBMY1F,159163.0,Del0.8,0.33
X-1119,RBMY1J,378951.0,Del0.8,0.33
X-1119,RBMY1J,378951.0,Del0.8,0.33
X-1119,RBMY2EP,159125.0,Del0.8,0.33
X-1119,RBMY2FP,159162.0,Del0.8,0.33
X-1119,RBMY3AP,64593.0,Del0.8,0.33
X-1119,RCN3,57333.0,MutNovel,"R89C,0.645"
X-1119,RCN3,57333.0,MutNovel,"A104V,0.400"
X-1119,RDBP,7936.0,MutKnownFunctional,"-6,0.570"
X-1119,REG4,83998.0,MutNovel,"Q123L,0.274"
X-1119,RGL1,23179.0,MutNovel,"C265R,0.444"
X-1119,RGNEF,64283.0,MutNovel,"K1018E,0.242"
X-1119,RHPN2,85415.0,MutNovel,"T614M,0.400"
X-1119,RIF1,55183.0,MutKnownFunctional,"-470,0.857"
X-1119,RIN3,79890.0,MutNovel,"G967-,1.000"
X-1119,RIOK1,83732.0,MutNovel,"D64-,0.489"
X-1119,RNF10,9921.0,MutNovel,"E465D,0.502"
X-1119,RNF128,79589.0,MutKnownFunctional,"-8,1.000"
X-1119,RNF145,153830.0,MutKnownFunctional,"-29,0.263"
X-1119,RNF145,153830.0,MutNovel,"K26E,0.233"
X-1119,RNF216,54476.0,MutNovel,"P668L,0.388"
X-1119,RNF223,401934.0,MutNovel,"R196H,0.667"
X-1119,RNF39,80352.0,MutNovel,"L355P,0.444"
X-1119,RNF43,54894.0,MutKnownFunctional,"-659,0.521"
X-1119,RNF43,54894.0,MutKnownFunctional,"-117,0.488"
X-1119,RNGTT,8732.0,MutNovel,"G493D,0.500"
X-1119,RNPC3,55599.0,MutKnownFunctional,"-116,0.368"
X-1119,RPE65,6121.0,MutNovel,"E217D,0.444"
X-1119,RPL22,6146.0,MutKnownFunctional,"-15,0.387"
X-1119,RPP38,10557.0,MutNovel,"L90P,0.557"
X-1119,RPS4Y1,6192.0,Del0.8,0.33
X-1119,RPS4Y2,140032.0,Del0.8,0.33
X-1119,RREB1,6239.0,MutNovel,"A520T,0.299"
X-1119,RRS1,23212.0,MutNovel,"R334M,0.534"
X-1119,RTBDN,83546.0,MutNovel,"A249T,0.429"
X-1119,RTN3,10313.0,MutKnownFunctional,"-190,0.347"
X-1119,RXRB,6257.0,MutNovel,"P484H,0.459"
X-1119,RYK,6259.0,MutNovel,"R555H,0.532"
X-1119,SAA1,6288.0,MutNovel,"G15S,0.222"
X-1119,SATB1,6304.0,MutNovel,"E704K,0.462"
X-1119,SCAF1,58506.0,MutNovel,"A1047T,0.434"
X-1119,SCNN1A,6337.0,MutNovel,"G714C,0.422"
X-1119,SCRN3,79634.0,MutNovel,"P287H,0.520"
X-1119,SDCBP2,27111.0,MutNovel,"R106Q,0.576"
X-1119,SDR39U1,56948.0,MutNovel,"E140G,0.348"
X-1119,SECISBP2,79048.0,MutNovel,"M498V,0.492"
X-1119,SEMA4C,54910.0,MutKnownFunctional,"-806,0.500"
X-1119,SEPSECS,51091.0,MutNovel,"C219Y,0.543"
X-1119,2014-09-08 00:00:00,23176.0,MutNovel,"T158M,0.539"
X-1119,SERHL2,253190.0,MutKnownFunctional,"Q305*,0.656"
X-1119,SERINC2,347735.0,MutNovel,"-373Q,1.000"
X-1119,SETD1B,23067.0,MutKnownFunctional,"-5,0.625"
X-1119,SETDB1,9869.0,MutKnownFunctional,"-1109,0.250"
X-1119,SETDB2,83852.0,MutKnownFunctional,"-715?,0.600"
X-1119,SF3A1,10291.0,MutNovel,"R72Q,0.460"
X-1119,SGK223,157285.0,MutNovel,"A116T,0.563"
X-1119,SGOL1,151648.0,MutKnownFunctional,"-522,0.368"
X-1119,SGSH,6448.0,MutNovel,"T321I,0.541"
X-1119,SH3RF2,153769.0,MutNovel,"I559S,0.489"
X-1119,SH3TC1,54436.0,MutKnownFunctional,"-755,0.279"
X-1119,SH3YL1,26751.0,MutNovel,"K34T,0.368"
X-1119,SHCBP1,79801.0,MutNovel,"T639M,0.608"
X-1119,SHCBP1,79801.0,MutNovel,"L250Q,0.404"
X-1119,SHKBP1,92799.0,MutKnownFunctional,"-625,0.495"
X-1119,SIK2,23235.0,MutNovel,"Q125H,0.471"
X-1119,SIN3A,25942.0,MutNovel,"R4H,0.567"
X-1119,SIN3B,23309.0,MutNovel,"L371P,0.586"
X-1119,SIPA1L1,26037.0,MutNovel,"S855N,0.547"
X-1119,SIPA1L3,23094.0,MutNovel,"R157W,0.691"
X-1119,SIRT6,51548.0,MutKnownFunctional,"-27,0.287"
X-1119,SKI,6497.0,MutNovel,"P329L,0.500"
X-1119,SLC12A4,6560.0,MutNovel,"R193H,0.647"
X-1119,SLC15A4,121260.0,MutNovel,"A471T,0.623"
X-1119,SLC22A23,63027.0,MutNovel,"V532I,0.425"
X-1119,SLC23A3,151295.0,MutKnownFunctional,"R526*,0.231"
X-1119,SLC25A22,79751.0,MutNovel,"A272V,0.490"
X-1119,SLC28A2,9153.0,MutKnownFunctional,"-129?,0.500"
X-1119,SLC2A8,29988.0,MutKnownFunctional,"-191,0.486"
X-1119,SLC38A1,81539.0,MutNovel,"T374M,0.507"
X-1119,SLC38A1,81539.0,MutNovel,"C125R,0.310"
X-1119,SLC9A6,10479.0,MutNovel,"V344A,1.000"
X-1119,SLC9A7,84679.0,MutNovel,"D251E,1.000"
X-1119,SLMAP,7871.0,MutNovel,"A578V,0.475"
X-1119,SMAD5,4090.0,MutKnownFunctional,"-438?,1.000"
X-1119,SMAD6,4091.0,MutKnownFunctional,"-88,0.485"
X-1119,SMARCA4,6597.0,MutNovel,"C891Y,0.490"
X-1119,SMG1,23049.0,MutNovel,"P1572T,0.487"
X-1119,SMG5,23381.0,MutNovel,"I381V,0.485"
X-1119,SMG7,9887.0,MutKnownFunctional,"R79*,0.504"
X-1119,SMTN,6525.0,MutNovel,"EA631KP,0.293"
X-1119,SMUG1,23583.0,MutNovel,"R175C,0.362"
X-1119,SMYD3,64754.0,MutNovel,"H404P,0.500"
X-1119,SNED1,25992.0,MutNovel,"G114C,1.000"
X-1119,SNRNP200,23020.0,MutNovel,"K1743E,0.412"
X-1119,SNRPA1,6627.0,MutKnownFunctional,"-180,0.500"
X-1119,SOCS6,9306.0,MutNovel,"N437S,0.496"
X-1119,SOGA2,,MutNovel,"E895D,0.379"
X-1119,SORBS3,10174.0,MutNovel,"V260M,0.600"
X-1119,SP5,389058.0,MutNovel,"R275H,0.538"
X-1119,SPATA2L,124044.0,MutKnownFunctional,"-215?,0.507"
X-1119,SPG7,6687.0,MutNovel,"A2T,0.333"
X-1119,SPG7,6687.0,MutKnownFunctional,"-349,0.489"
X-1119,SPOP,8405.0,MutNovel,"G148R,0.437"
X-1119,SPTAN1,6709.0,MutNovel,"R565C,0.508"
X-1119,SPTBN2,6712.0,MutNovel,"V930I,0.636"
X-1119,SPTBN5,51332.0,MutNovel,"R3049W,0.545"
X-1119,SPTLC2,9517.0,MutNovel,"D465G,0.506"
X-1119,SPTSSB,165679.0,MutKnownFunctional,"R31*,0.700"
X-1119,SRCAP,10847.0,MutKnownFunctional,"-2232,0.466"
X-1119,SRCAP,10847.0,MutNovel,"R3123H,0.335"
X-1119,SRP14,6727.0,MutNovel,"A116-,0.440"
X-1119,SRRM2,23524.0,MutNovel,"S2619-,0.239"
X-1119,SRY,6736.0,Del0.8,0.33
X-1119,ST14,6768.0,MutKnownFunctional,"-604,0.434"
X-1119,STARD13,90627.0,MutNovel,"R740W,0.400"
X-1119,STAT5B,6777.0,MutNovel,"D621N,0.430"
X-1119,STAU1,6780.0,MutKnownFunctional,"-87,0.423"
X-1119,STK11,6794.0,MutNovel,"E407D,0.512"
X-1119,STK40,83931.0,MutNovel,"V324I,0.473"
X-1119,STK40,83931.0,MutNovel,"E226D,0.379"
X-1119,STON2,85439.0,MutNovel,"H395R,0.600"
X-1119,SUCLA2,8803.0,MutNovel,"D414N,0.496"
X-1119,SYK,6850.0,MutNovel,"G18S,0.491"
X-1119,SYNE2,23224.0,MutNovel,"R6128C,0.324"
X-1119,SYT7,9066.0,MutNovel,"A140T,0.600"
X-1119,SYTL2,54843.0,MutNovel,"P324S,0.494"
X-1119,TACC2,10579.0,MutKnownFunctional,"-2147,0.489"
X-1119,TAF1B,9014.0,MutKnownFunctional,"-63,0.222"
X-1119,TAF2,6873.0,MutNovel,"S853C,0.377"
X-1119,TAF5L,27097.0,MutNovel,"A43T,0.506"
X-1119,TARSL2,123283.0,MutNovel,"T51A,0.375"
X-1119,TAZ,6901.0,MutNovel,"E250K,1.000"
X-1119,TBC1D23,55773.0,MutKnownFunctional,"-647,0.291"
X-1119,TBC1D3C,414060.0,MutNovel,"P358Q,1.000"
X-1119,TBC1D5,9779.0,MutNovel,"S43N,0.542"
X-1119,TBL1Y,90665.0,Del0.8,0.33
X-1119,TCEB1,6921.0,MutNovel,"M105V,0.468"
X-1119,TCF7L2,6934.0,MutNovel,"R448W,0.515"
X-1119,TCOF1,6949.0,MutNovel,"K444N,0.440"
X-1119,TEAD1,7003.0,MutNovel,"K173R,0.538"
X-1119,TENC1,23371.0,MutNovel,"W1099C,0.630"
X-1119,TENC1,23371.0,MutNovel,"V1115I,0.697"
X-1119,TEP1,7011.0,MutNovel,"L1922M,0.462"
X-1119,TESK2,10420.0,MutNovel,"G25S,0.700"
X-1119,TET2,54790.0,MutKnownFunctional,"-554,0.613"
X-1119,TET2,54790.0,MutNovel,"T838A,0.391"
X-1119,TFDP2,7029.0,MutNovel,"R182Q,0.563"
X-1119,TFE3,7030.0,MutKnownFunctional,"-482,1.000"
X-1119,TFE3,7030.0,MutNovel,"R345Q,0.995"
X-1119,TGFB1I1,7041.0,MutNovel,"P139H,0.467"
X-1119,TGFBR2,7048.0,MutKnownFunctional,"-150,1.000"
X-1119,TGIF1,7050.0,MutKnownFunctional,"-82,0.500"
X-1119,TGIF2LY,90655.0,Del0.8,0.33
X-1119,THAP5,168451.0,MutKnownFunctional,"-99,0.716"
X-1119,THAP7,80764.0,MutNovel,"R21H,0.527"
X-1119,THUMPD1,55623.0,MutNovel,"P274Q,0.421"
X-1119,TJP1,7082.0,MutNovel,"R1325M,0.481"
X-1119,TLK1,9874.0,MutNovel,"K700N,0.528"
X-1119,TLK1,9874.0,MutNovel,"I164T,0.373"
X-1119,TLN2,83660.0,MutNovel,"R1557C,0.518"
X-1119,TM7SF3,51768.0,MutKnownFunctional,"-525,0.397"
X-1119,TM9SF4,9777.0,MutNovel,"R473Q,0.532"
X-1119,TMCO6,55374.0,MutKnownFunctional,"-82,0.500"
X-1119,TMEM151A,256472.0,MutNovel,"V106I,0.500"
X-1119,TMEM161B,153396.0,MutNovel,"T313A,0.315"
X-1119,TMEM170A,124491.0,MutNovel,"S39C,0.505"
X-1119,TMEM201,199953.0,MutNovel,"R522H,0.571"
X-1119,TMEM229B,161145.0,MutNovel,"R141H,0.308"
X-1119,TMEM44,93109.0,MutNovel,"R420P,0.331"
X-1119,TMEM44,93109.0,MutNovel,"V418F,0.322"
X-1119,TMEM44,93109.0,MutNovel,"V77A,0.393"
X-1119,TMEM51,55092.0,MutNovel,"Q116H,0.475"
X-1119,TMEM62,80021.0,MutNovel,"L580P,0.536"
X-1119,TMEM82,388595.0,MutNovel,"T267M,0.500"
X-1119,TMPRSS4,56649.0,MutNovel,"P72L,0.451"
X-1119,TMSB4Y,9087.0,Del0.8,0.33
X-1119,TMTC4,84899.0,MutNovel,"P80H,0.478"
X-1119,TNFSF9,8744.0,MutNovel,"V134L,0.553"
X-1119,TNKS1BP1,85456.0,MutNovel,"R1633Q,0.484"
X-1119,TNS3,64759.0,MutNovel,"R250C,0.417"
X-1119,TOMM22,56993.0,MutNovel,"S61F,0.490"
X-1119,TOMM40,10452.0,MutNovel,"G45C,0.309"
X-1119,TRAPPC8,22878.0,MutKnownFunctional,"-679,0.357"
X-1119,TRIM16,10626.0,MutNovel,"H320Q,0.413"
X-1119,TRIM29,23650.0,MutNovel,"R422H,0.435"
X-1119,TRIM33,51592.0,MutNovel,"P567L,0.606"
X-1119,TRIM4,89122.0,MutKnownFunctional,"-373,0.550"
X-1119,TRIM41,90933.0,MutNovel,"R458W,0.578"
X-1119,TRIOBP,11078.0,MutNovel,"R1121Q,1.000"
X-1119,TRIP11,9321.0,MutNovel,"M511V,0.548"
X-1119,TRIP6,7205.0,MutKnownFunctional,"-85?,1.000"
X-1119,TRMT10C,,MutKnownFunctional,"-128,0.585"
X-1119,TRRAP,8295.0,MutNovel,"M1862V,0.434"
X-1119,TRRAP,8295.0,MutNovel,"R2468C,0.623"
X-1119,TRUB2,26995.0,MutNovel,"L325P,0.533"
X-1119,TSC2,7249.0,MutNovel,"S491L,0.263"
X-1119,TSPY1,7258.0,Del0.8,0.33
X-1119,TSPY2,64591.0,Del0.8,0.33
X-1119,TSPY3,728137.0,Del0.8,0.33
X-1119,TSPY4,728395.0,Del0.8,0.33
X-1119,TSPY8,728403.0,Del0.8,0.33
X-1119,TSPYL1,7259.0,MutNovel,"V176VW,0.511"
X-1119,TSSC1,7260.0,MutNovel,"D317N,0.516"
X-1119,TSSC1,7260.0,MutNovel,"T290M,0.470"
X-1119,TTC12,54970.0,MutNovel,"R341S,0.297"
X-1119,TTC21A,199223.0,MutNovel,"T656I,0.600"
X-1119,TTC3,7267.0,MutKnownFunctional,"-776,0.436"
X-1119,TTC30A,92104.0,MutKnownFunctional,"Y165*,0.364"
X-1119,TTF1,7270.0,MutNovel,"V653M,0.656"
X-1119,TTK,7272.0,MutKnownFunctional,"-851,0.525"
X-1119,TTLL4,9654.0,MutNovel,"Y879H,0.340"
X-1119,TTTY10,246119.0,Del0.8,0.33
X-1119,TTTY11,83866.0,Del0.8,0.33
X-1119,TTTY12,83867.0,Del0.8,0.33
X-1119,TTTY13,83868.0,Del0.8,0.33
X-1119,TTTY14,83869.0,Del0.8,0.33
X-1119,TTTY15,64595.0,Del0.8,0.33
X-1119,TTTY16,252948.0,Del0.8,0.33
X-1119,TTTY17A,252949.0,Del0.8,0.33
X-1119,TTTY17A,252949.0,Del0.8,0.33
X-1119,TTTY18,252950.0,Del0.8,0.33
X-1119,TTTY19,252952.0,Del0.8,0.33
X-1119,TTTY1B,100101116.0,Del0.8,0.33
X-1119,TTTY1B,100101116.0,Del0.8,0.33
X-1119,TTTY2,60439.0,Del0.8,0.33
X-1119,TTTY2,60439.0,Del0.8,0.33
X-1119,TTTY20,252951.0,Del0.8,0.33
X-1119,TTTY21,252953.0,Del0.8,0.33
X-1119,TTTY21,252953.0,Del0.8,0.33
X-1119,TTTY22,252954.0,Del0.8,0.33
X-1119,TTTY23,252955.0,Del0.8,0.33
X-1119,TTTY23,252955.0,Del0.8,0.33
X-1119,TTTY3,114760.0,Del0.8,0.33
X-1119,TTTY3,114760.0,Del0.8,0.33
X-1119,TTTY4,114761.0,Del0.8,0.33
X-1119,TTTY4,114761.0,Del0.8,0.33
X-1119,TTTY5,83863.0,Del0.8,0.33
X-1119,TTTY6,84672.0,Del0.8,0.33
X-1119,TTTY6,84672.0,Del0.8,0.33
X-1119,TTTY7,246122.0,Del0.8,0.33
X-1119,TTTY7,246122.0,Del0.8,0.33
X-1119,TTTY7B,100101120.0,Del0.8,0.33
X-1119,TTTY7B,100101120.0,Del0.8,0.33
X-1119,TTTY8,84673.0,Del0.8,0.33
X-1119,TTTY8,84673.0,Del0.8,0.33
X-1119,TTTY9A,83864.0,Del0.8,0.33
X-1119,TTTY9A,83864.0,Del0.8,0.33
X-1119,TUBB2A,7280.0,MutNovel,"A271T,0.459"
X-1119,TUBB2B,347733.0,MutNovel,"A271T,0.500"
X-1119,TUBG1,7283.0,MutNovel,"A319T,0.443"
X-1119,TXLNG2P,246126.0,Del0.8,0.33
X-1119,TXNRD2,10587.0,MutNovel,"M268L,0.600"
X-1119,UBA2,10054.0,MutNovel,"K308E,0.733"
X-1119,UBC,7316.0,MutKnownFunctional,"-684,0.505"
X-1119,UBE2D2,7322.0,MutNovel,"N114T,0.520"
X-1119,UBE2L3,7332.0,MutNovel,"T130A,0.520"
X-1119,UBR4,23352.0,MutNovel,"Q3467R,0.672"
X-1119,UBR4,23352.0,MutKnownFunctional,"-2802,0.277"
X-1119,UBR5,51366.0,MutKnownFunctional,"-2120,0.405"
X-1119,UBR5,51366.0,MutNovel,"R1257C,0.462"
X-1119,UGGT2,55757.0,MutNovel,"VT701GI,0.600"
X-1119,UGGT2,55757.0,MutNovel,"V475I,0.727"
X-1119,UGGT2,55757.0,MutNovel,"S442F,0.667"
X-1119,UHRF1,29128.0,MutNovel,"R220P,0.247"
X-1119,UHRF2,115426.0,MutKnownFunctional,"R232*,0.444"
X-1119,UNC5CL,222643.0,MutNovel,"R241H,0.556"
X-1119,UNC93B1,81622.0,MutNovel,"R524H,0.494"
X-1119,UPF2,26019.0,MutNovel,"K790T,0.500"
X-1119,UPF3A,65110.0,MutKnownFunctional,"-162,0.491"
X-1119,USP1,7398.0,MutNovel,"W747R,0.455"
X-1119,USP14,9097.0,MutNovel,"Y356C,0.518"
X-1119,USP19,10869.0,MutNovel,"T372A,0.457"
X-1119,USP3,9960.0,MutNovel,"R266H,0.483"
X-1119,USP32P2,220594.0,Del0.8,0.6
X-1119,USP36,57602.0,MutNovel,"KKK958K,0.500"
X-1119,USP45,85015.0,MutNovel,"C367Y,0.500"
X-1119,USP9Y,8287.0,Del0.8,0.33
X-1119,UTY,7404.0,Del0.8,0.33
X-1119,VAMP3,9341.0,MutNovel,"F89I,0.547"
X-1119,VCY,9084.0,Del0.8,0.33
X-1119,VCY,9084.0,Del0.8,0.33
X-1119,VGLL4,9686.0,MutKnownFunctional,"-240,0.491"
X-1119,VHL,7428.0,MutNovel,"P25L,0.427"
X-1119,VPS13D,55187.0,MutNovel,"R1723W,0.275"
X-1119,VPS13D,55187.0,MutNovel,"I4182M,0.566"
X-1119,WASH1,100287171.0,MutNovel,"VR439AH,0.364"
X-1119,WDFY2,115825.0,MutNovel,"V63A,0.581"
X-1119,WDR13,64743.0,MutKnownFunctional,"-46,1.000"
X-1119,WDR24,84219.0,MutNovel,"V98A,0.612"
X-1119,WDR26,80232.0,MutKnownFunctional,"-646,0.500"
X-1119,WDR90,197335.0,MutNovel,"L897V,0.500"
X-1119,WFIKKN1,117166.0,MutNovel,"A419T,0.857"
X-1119,WNK2,65268.0,MutKnownFunctional,"-1941,0.354"
X-1119,XAB2,56949.0,MutNovel,"D134V,0.550"
X-1119,XKR8,55113.0,MutKnownFunctional,"R282*,0.465"
X-1119,XKR9,389668.0,MutKnownFunctional,"Q146*,0.234"
X-1119,XKRY2,353515.0,Del0.8,0.33
X-1119,XKRY2,353515.0,Del0.8,0.33
X-1119,XPO6,23214.0,MutNovel,"Q1032H,0.532"
X-1119,XPOT,11260.0,MutKnownFunctional,"-124,1.000"
X-1119,YTHDC2,64848.0,MutNovel,"R1136C,0.571"
X-1119,YTHDF1,54915.0,MutKnownFunctional,"-155,0.430"
X-1119,YWHAG,7532.0,MutNovel,"R83C,0.533"
X-1119,ZBED4,9889.0,MutKnownFunctional,"-588,0.512"
X-1119,ZC3H11A,9877.0,MutNovel,"R301C,0.502"
X-1119,ZC3H13,23091.0,MutNovel,"Q1285H,0.565"
X-1119,ZC3H18,124245.0,MutNovel,"R448W,0.380"
X-1119,ZC3H3,23144.0,MutNovel,"R238C,0.463"
X-1119,ZC3H4,23211.0,MutNovel,"A1095T,0.411"
X-1119,ZC3H7A,29066.0,MutKnownFunctional,"-783,0.264"
X-1119,ZDHHC1,29800.0,MutNovel,"L264M,0.688"
X-1119,ZDHHC1,29800.0,MutNovel,"T238A,0.371"
X-1119,ZDHHC11,79844.0,MutNovel,"A303D,0.486"
X-1119,ZFAND4,93550.0,MutNovel,"P111H,0.733"
X-1119,ZFC3H1,196441.0,MutNovel,"R937C,0.473"
X-1119,ZFHX3,463.0,MutNovel,"K3235R,0.333"
X-1119,ZFP36L2,678.0,MutNovel,"S185G,0.520"
X-1119,ZFP64,55734.0,MutKnownFunctional,"-552?,0.474"
X-1119,ZFY,7544.0,Del0.8,0.33
X-1119,ZGPAT,84619.0,MutNovel,"R453W,0.402"
X-1119,ZHX2,22882.0,MutNovel,"T207A,0.485"
X-1119,ZKSCAN5,23660.0,MutKnownFunctional,"-689?,0.614"
X-1119,ZMYM2,7750.0,MutKnownFunctional,"-1042,0.358"
X-1119,ZMYM5,9205.0,MutNovel,"-60M,0.500"
X-1119,ZMYND15,84225.0,MutNovel,"N697D,0.238"
X-1119,ZNF101,94039.0,MutNovel,"C104S,0.337"
X-1119,ZNF133,7692.0,MutKnownFunctional,"-63,0.545"
X-1119,ZNF165,7718.0,MutNovel,"R64H,0.460"
X-1119,ZNF184,7738.0,MutNovel,"K360N,0.324"
X-1119,ZNF225,7768.0,MutNovel,"L138P,0.667"
X-1119,ZNF239,8187.0,MutNovel,"D156G,0.486"
X-1119,ZNF264,9422.0,MutNovel,"K397R,0.545"
X-1119,ZNF267,10308.0,MutNovel,"C385Y,0.273"
X-1119,ZNF30,90075.0,MutNovel,"T228A,0.556"
X-1119,ZNF319,57567.0,MutNovel,"R256W,0.875"
X-1119,ZNF384,171017.0,MutNovel,"QQ514Q,1.000"
X-1119,ZNF398,57541.0,MutNovel,"R311H,0.355"
X-1119,ZNF414,84330.0,MutNovel,"T137I,0.533"
X-1119,ZNF416,55659.0,MutNovel,"R54H,0.708"
X-1119,ZNF432,9668.0,MutNovel,"K194E,0.291"
X-1119,ZNF502,91392.0,MutNovel,"N103D,0.400"
X-1119,ZNF518A,9849.0,MutKnownFunctional,"-45,0.585"
X-1119,ZNF518A,9849.0,MutKnownFunctional,"-926,0.590"
X-1119,ZNF555,148254.0,MutKnownFunctional,"-87,0.962"
X-1119,ZNF566,84924.0,MutNovel,"K343R,0.389"
X-1119,ZNF567,163081.0,MutNovel,"T105A,0.444"
X-1119,ZNF579,163033.0,MutNovel,"R317H,0.333"
X-1119,ZNF592,9640.0,MutKnownFunctional,"-268?,0.375"
X-1119,ZNF624,57547.0,MutKnownFunctional,"-268,0.333"
X-1119,ZNF646,9726.0,MutKnownFunctional,"-916,0.606"
X-1119,ZNF646,9726.0,MutNovel,"R1290Q,0.689"
X-1119,ZNF71,58491.0,MutNovel,"N478I,0.647"
X-1119,ZNF74,7625.0,MutNovel,"G240R,0.476"
X-1119,ZNF770,54989.0,MutNovel,"P409Q,0.508"
X-1119,ZNF783,100289678.0,MutNovel,"R324W,0.690"
X-1119,ZNF800,168850.0,MutNovel,"N271S,0.414"
X-1119,ZSCAN12,9753.0,MutNovel,"P99H,1.000"
X-1167,61E3.4,,MutNovel,"K338N,1.000"
X-1167,AATK,9625.0,MutNovel,"A1332T,0.626"
X-1167,ABCA10,10349.0,MutNovel,"N1241S,0.444"
X-1167,ABCA2,20.0,MutNovel,"K1963R,0.349"
X-1167,ABCC1,4363.0,MutNovel,"M1492V,0.606"
X-1167,ABCC10,89845.0,MutNovel,"R957W,0.241"
X-1167,ABR,29.0,MutNovel,"A194T,0.480"
X-1167,ACN9,57001.0,MutNovel,"H20R,0.484"
X-1167,ACO1,48.0,MutNovel,"A307T,0.556"
X-1167,ACOT8,10005.0,MutNovel,"P189Q,0.705"
X-1167,ACTN1,87.0,MutNovel,"Q533H,0.454"
X-1167,ACTR2,10097.0,MutNovel,"V281A,0.515"
X-1167,ADAM6,8755.0,Amp5,5.54
X-1167,ADAMTS13,11093.0,MutNovel,"L147P,1.000"
X-1167,ADAR,103.0,MutNovel,"G1047D,0.533"
X-1167,ADAR,103.0,MutNovel,"E926G,0.525"
X-1167,AFF4,27125.0,MutNovel,"T895A,0.520"
X-1167,AGAP5,729092.0,MutNovel,"E572A,0.571"
X-1167,AGMAT,79814.0,MutNovel,"A122V,0.556"
X-1167,AGTPBP1,23287.0,MutNovel,"A1045T,0.536"
X-1167,AIM1L,55057.0,MutNovel,"S1604N,0.776"
X-1167,AIM1L,55057.0,MutKnownFunctional,"-393,0.333"
X-1167,AKAP9,10142.0,MutKnownFunctional,"-2921?,0.297"
X-1167,AKAP9,10142.0,MutNovel,"A3397V,0.213"
X-1167,AKT1,207.0,MutKnownFunctional,"E17K,0.556"
X-1167,AKT2,208.0,MutNovel,"C345Y,0.456"
X-1167,ALG11,440138.0,MutNovel,"T30A,0.667"
X-1167,ALG13,79868.0,MutNovel,"L961P,1.000"
X-1167,ALG6,29929.0,MutNovel,"A400T,0.561"
X-1167,AMELY,266.0,Del0.8,0.31
X-1167,AMMECR1,9949.0,MutKnownFunctional,"-202,0.857"
X-1167,ANGEL1,23357.0,MutKnownFunctional,"-40,0.550"
X-1167,ANKRA2,57763.0,MutNovel,"S106-,0.329"
X-1167,ANKRD12,23253.0,MutNovel,"G1872R,0.371"
X-1167,ANKRD13C,81573.0,MutKnownFunctional,"G355*,0.229"
X-1167,ANKRD36,375248.0,MutNovel,"T998S,0.391"
X-1167,ANO8,57719.0,MutNovel,"Q1223R,0.571"
X-1167,ANO8,57719.0,MutNovel,"D866N,0.543"
X-1167,AP2S1,1175.0,MutNovel,"T40A,0.321"
X-1167,AP4B1,10717.0,MutNovel,"H202Y,0.444"
X-1167,AP5B1,,MutKnownFunctional,"-167,0.607"
X-1167,APAF1,317.0,MutKnownFunctional,"-547,0.394"
X-1167,APEX1,328.0,MutNovel,"A29T,0.560"
X-1167,AQR,9716.0,MutNovel,"A1293V,0.459"
X-1167,AQR,9716.0,MutNovel,"R474C,0.273"
X-1167,ARHGAP29,9411.0,MutKnownFunctional,"-666,0.333"
X-1167,ARHGAP35,2909.0,MutNovel,"R783Q,0.618"
X-1167,ARHGEF10,9639.0,MutNovel,"P128S,0.318"
X-1167,ARHGEF16,27237.0,MutNovel,"R349W,0.533"
X-1167,ARHGEF18,23370.0,MutNovel,"Q828R,0.618"
X-1167,ARHGEF35,445328.0,MutNovel,"E187Q,0.643"
X-1167,ARID1A,8289.0,MutKnownFunctional,"G1274*,0.533"
X-1167,ARL5A,26225.0,MutNovel,"S174P,0.590"
X-1167,ARMC5,79798.0,MutNovel,"L8I,0.375"
X-1167,ARNT2,9915.0,MutNovel,"Q318H,0.406"
X-1167,ASB16,92591.0,MutNovel,"R220H,0.778"
X-1167,ASL,435.0,MutNovel,"A91V,0.538"
X-1167,ASTE1,28990.0,MutKnownFunctional,"-632,0.963"
X-1167,ASXL1,171023.0,MutKnownFunctional,"-643,0.438"
X-1167,ATAD3B,83858.0,MutNovel,"L408F,0.494"
X-1167,ATG5,9474.0,MutNovel,"D231G,0.563"
X-1167,ATP11B,23200.0,MutNovel,"L955I,0.473"
X-1167,ATP13A2,23400.0,MutNovel,"A1154T,0.452"
X-1167,ATP13A2,23400.0,MutNovel,"G377R,0.567"
X-1167,ATP6V0A2,23545.0,MutNovel,"R340W,0.257"
X-1167,ATP6V1A,523.0,MutNovel,"P78H,0.538"
X-1167,ATPBD4,89978.0,MutKnownFunctional,"-243,0.696"
X-1167,ATXN7,6314.0,MutNovel,"S216A,0.438"
X-1167,B3GALT4,8705.0,MutNovel,"L10-,0.667"
X-1167,BARD1,580.0,MutNovel,"Q177R,0.562"
X-1167,BBX,56987.0,MutNovel,"R99C,0.697"
X-1167,BCKDHB,594.0,MutNovel,"T344A,1.000"
X-1167,BCKDK,10295.0,MutNovel,"S196P,0.546"
X-1167,BCL6,604.0,MutNovel,"H116Q,0.320"
X-1167,BCL9,607.0,MutKnownFunctional,"-514?,0.400"
X-1167,BCOR,54880.0,MutKnownFunctional,"-1621,0.893"
X-1167,BCORP1,286554.0,Del0.8,0.29
X-1167,BEGAIN,57596.0,MutNovel,"Q539H,1.000"
X-1167,BEND3,57673.0,MutKnownFunctional,"-265,0.520"
X-1167,BFAR,51283.0,MutNovel,"A136V,0.538"
X-1167,BIRC6,57448.0,MutNovel,"P1897L,0.636"
X-1167,BMP2K,55589.0,MutNovel,"V271A,0.538"
X-1167,BMPR2,659.0,MutKnownFunctional,"-456,0.312"
X-1167,BMPR2,659.0,MutKnownFunctional,"-581,0.647"
X-1167,BNIPL,149428.0,MutNovel,"P22A,0.212"
X-1167,BPY2B,442867.0,Del0.8,0.29
X-1167,BPY2B,442867.0,Del0.8,0.29
X-1167,BRAF,673.0,MutKnownFunctional,"V600E,0.357"
X-1167,BRCA2,675.0,MutNovel,"K2939E,0.500"
X-1167,BRD4,23476.0,MutNovel,"N54D,0.550"
X-1167,BSCL2,26580.0,MutKnownFunctional,"-325,0.396"
X-1167,BTBD3,22903.0,MutNovel,"R243H,0.549"
X-1167,BUB1B,701.0,MutNovel,"A511V,0.455"
X-1167,C10orf47,254427.0,MutNovel,"G344V,0.321"
X-1167,C12orf51,283450.0,MutNovel,"GSLG3416G,0.333"
X-1167,C12orf51,283450.0,MutNovel,"P2930L,0.800"
X-1167,C14orf43,91748.0,MutKnownFunctional,"-1025,0.404"
X-1167,C15orf52,388115.0,MutKnownFunctional,"-98,0.633"
X-1167,C16orf70,80262.0,MutKnownFunctional,"-408,0.340"
X-1167,C17orf101,79701.0,MutNovel,"R77C,0.591"
X-1167,C18orf54,162681.0,MutNovel,"P370L,0.286"
X-1167,C19orf12,83636.0,MutNovel,"L132Q,0.486"
X-1167,C19orf70,125988.0,MutKnownFunctional,"-50,0.374"
X-1167,C1orf110,339512.0,MutNovel,"A108T,0.308"
X-1167,C1orf116,79098.0,MutKnownFunctional,"-573,0.511"
X-1167,C20orf118,140711.0,MutNovel,"W77C,0.556"
X-1167,C2orf55,343990.0,MutNovel,"G731R,0.467"
X-1167,C6orf106,64771.0,MutNovel,"D248N,0.456"
X-1167,C6orf132,647024.0,MutNovel,"A690T,0.455"
X-1167,C6orf211,79624.0,MutKnownFunctional,"-377,0.473"
X-1167,C7orf50,84310.0,MutKnownFunctional,"-72,0.468"
X-1167,C9orf172,389813.0,MutNovel,"P601H,1.000"
X-1167,CA11,770.0,MutNovel,"R67W,0.615"
X-1167,CAAP1,,MutKnownFunctional,"-359,0.471"
X-1167,CACNA1E,777.0,MutNovel,"D1076G,1.000"
X-1167,CASZ1,54897.0,MutKnownFunctional,"Q1633*,0.800"
X-1167,CASZ1,54897.0,MutNovel,"P906L,0.548"
X-1167,CASZ1,54897.0,MutNovel,"P162H,0.400"
X-1167,CBFA2T2,9139.0,MutNovel,"A524S,0.750"
X-1167,CCDC120,90060.0,MutNovel,"R54C,1.000"
X-1167,CCDC121,79635.0,MutNovel,"A405V,0.600"
X-1167,CCDC124,115098.0,MutNovel,"R16W,0.506"
X-1167,CCDC142,84865.0,MutNovel,"Y541C,0.444"
X-1167,CCDC142,84865.0,MutNovel,"A152V,0.750"
X-1167,CCDC150,284992.0,MutNovel,"E1020K,0.417"
X-1167,CCDC88A,55704.0,MutNovel,"V1569I,0.333"
X-1167,CCNB2,9133.0,MutNovel,"E123K,0.534"
X-1167,CCS,9973.0,MutKnownFunctional,"-93?,0.283"
X-1167,CCZ1,51622.0,MutNovel,"T473A,0.316"
X-1167,CD320,51293.0,MutNovel,"R62H,0.407"
X-1167,CDC42EP1,11135.0,MutNovel,"PAPAANPS253P,0.375"
X-1167,CDCA3,83461.0,MutNovel,"L106P,0.622"
X-1167,CDR2,1039.0,MutNovel,"K307T,0.483"
X-1167,CDX1,1044.0,MutNovel,"R206Q,0.440"
X-1167,CDY1B,253175.0,Del0.8,0.29
X-1167,CDY1B,253175.0,Del0.8,0.29
X-1167,CDY2A,9426.0,Del0.8,0.31
X-1167,CDY2A,9426.0,Del0.8,0.31
X-1167,CDY2B,203611.0,Del0.8,0.31
X-1167,CDY2B,203611.0,Del0.8,0.31
X-1167,CEACAM7,1087.0,MutNovel,"Y177C,0.667"
X-1167,CEACAM7,1087.0,MutNovel,"T172A,1.000"
X-1167,CEACAM8,1088.0,MutNovel,"T171A,1.000"
X-1167,CEBPB,1051.0,MutKnownFunctional,"-57?,0.469"
X-1167,CEP192,55125.0,MutNovel,"G1906D,0.500"
X-1167,CEP55,55165.0,MutNovel,"R453H,0.554"
X-1167,CHD6,84181.0,MutNovel,"E2697G,0.615"
X-1167,CHD7,55636.0,MutNovel,"P1300S,0.750"
X-1167,CHEK2,11200.0,MutNovel,"S237N,0.333"
X-1167,CHTOP,26097.0,MutNovel,"R175C,0.433"
X-1167,CISH,1154.0,MutNovel,"D191N,0.667"
X-1167,CKB,1152.0,MutKnownFunctional,"R320*,0.456"
X-1167,CLASP2,23122.0,MutNovel,"T873M,0.559"
X-1167,CLASRP,11129.0,MutNovel,"R452Q,0.278"
X-1167,CLIP2,7461.0,MutNovel,"R725H,0.484"
X-1167,CNBP,7555.0,MutNovel,"L169I,0.456"
X-1167,CNDP2,55748.0,MutNovel,"IL295I,0.384"
X-1167,COBL,23242.0,MutNovel,"G737E,0.552"
X-1167,COG8,84342.0,MutNovel,"V415A,0.348"
X-1167,COL27A1,85301.0,MutNovel,"T1736M,0.541"
X-1167,COMTD1,118881.0,MutNovel,"M85V,0.522"
X-1167,COQ3,51805.0,MutNovel,"P20H,0.368"
X-1167,COX15,1355.0,MutKnownFunctional,"-316,0.401"
X-1167,CPSF1,29894.0,MutNovel,"R925Q,0.627"
X-1167,CREBZF,58487.0,MutNovel,"K226-,0.433"
X-1167,CRYBG3,,MutNovel,"R345G,0.500"
X-1167,CRYBG3,,MutNovel,"T1107A,1.000"
X-1167,CSPG4P1Y,114758.0,Del0.8,0.29
X-1167,CSPG4P1Y,114758.0,Del0.8,0.29
X-1167,CSTF1,1477.0,MutNovel,"R11H,0.563"
X-1167,CTNNB1,1499.0,MutNovel,"G575R,0.509"
X-1167,CTSA,5476.0,MutNovel,"L29-,0.425"
X-1167,CTSE,1510.0,MutNovel,"A179V,0.496"
X-1167,CTSK,1513.0,MutKnownFunctional,"-53,0.667"
X-1167,CUTC,51076.0,MutNovel,"A22V,0.448"
X-1167,CWC22,57703.0,MutNovel,"L252R,0.667"
X-1167,CYB5D1,124637.0,MutNovel,"N222D,0.533"
X-1167,CYHR1,50626.0,MutKnownFunctional,"-144,0.417"
X-1167,DALRD3,55152.0,MutNovel,"P379Q,0.373"
X-1167,DARS2,55157.0,MutNovel,"R170W,0.538"
X-1167,DAZ1,1617.0,Del0.8,0.29
X-1167,DAZ2,57055.0,Del0.8,0.29
X-1167,DAZ3,57054.0,Del0.8,0.29
X-1167,DAZ3,57054.0,Del0.8,0.29
X-1167,DAZ4,57135.0,Del0.8,0.29
X-1167,DAZ4,57135.0,Del0.8,0.29
X-1167,DAZAP1,26528.0,MutKnownFunctional,"-255,0.525"
X-1167,DCAF17,80067.0,MutNovel,"V214I,0.556"
X-1167,DCP1B,196513.0,MutNovel,"Q252PK,0.346"
X-1167,DCPS,28960.0,MutNovel,"A299V,0.540"
X-1167,DCTD,1635.0,MutNovel,"V136A,0.569"
X-1167,DDOST,1650.0,MutNovel,"A236T,0.520"
X-1167,DDX3Y,8653.0,Del0.8,0.31
X-1167,DDX50,79009.0,MutKnownFunctional,"-105,0.256"
X-1167,DEDD2,162989.0,MutNovel,"R240H,0.519"
X-1167,DENND3,22898.0,MutNovel,"C46Y,0.444"
X-1167,DENND4B,9909.0,MutNovel,"R1310W,0.500"
X-1167,DENND4B,9909.0,MutNovel,"QQQ908-,0.233"
X-1167,DGKH,160851.0,MutNovel,"N1053I,0.444"
X-1167,DHRS2,10202.0,MutNovel,"A121S,0.333"
X-1167,DHRS9,10170.0,MutKnownFunctional,"-221,0.481"
X-1167,DHRSX,207063.0,MutNovel,"I21F,0.486"
X-1167,DHX57,90957.0,MutNovel,"A805S,0.333"
X-1167,DIS3,22894.0,MutNovel,"E700G,0.500"
X-1167,DMTF1,9988.0,MutNovel,"A251V,0.286"
X-1167,DNHD1,144132.0,MutNovel,"H2458Y,0.444"
X-1167,DNHD1,144132.0,MutNovel,"V4423M,0.833"
X-1167,DOCK5,80005.0,MutNovel,"V522I,0.417"
X-1167,DOT1L,84444.0,MutNovel,"R853H,0.431"
X-1167,DOT1L,84444.0,MutNovel,"P1399H,0.556"
X-1167,DOT1L,84444.0,MutNovel,"A1455T,0.455"
X-1167,DPYSL2,1808.0,MutKnownFunctional,"-666,0.466"
X-1167,ECHDC2,55268.0,MutNovel,"R240W,0.583"
X-1167,EDC4,23644.0,MutNovel,"S619-,0.269"
X-1167,EDEM2,55741.0,MutNovel,"V265M,0.584"
X-1167,EDN1,1906.0,MutKnownFunctional,"-153,0.407"
X-1167,EEPD1,80820.0,MutNovel,"P235T,0.800"
X-1167,EGFR,1956.0,MutNovel,"R451H,0.333"
X-1167,EIF1AY,9086.0,Del0.8,0.29
X-1167,EIF2A,83939.0,MutNovel,"P455Q,0.458"
X-1167,EIF3C,8663.0,MutNovel,"E300K,0.386"
X-1167,EIF4G1,1981.0,MutNovel,"EGEA472E,0.257"
X-1167,ELL2,22936.0,MutNovel,"E423K,0.452"
X-1167,ELL2,22936.0,MutNovel,"R281W,0.556"
X-1167,EXOC1,55763.0,MutKnownFunctional,"-821,0.288"
X-1167,EXOG,9941.0,MutNovel,"N176S,0.450"
X-1167,EXTL2,2135.0,MutNovel,"Y319C,0.481"
X-1167,EZH2,2146.0,MutNovel,"C647Y,0.391"
X-1167,FAAH,2166.0,MutNovel,"A419V,0.409"
X-1167,FAHD2B,151313.0,MutKnownFunctional,"-281,1.000"
X-1167,FAM111B,374393.0,MutKnownFunctional,"-206?,0.526"
X-1167,FAM111B,374393.0,MutKnownFunctional,"-269,0.421"
X-1167,FAM131A,131408.0,MutNovel,"A93V,0.391"
X-1167,FAM190A,401145.0,MutNovel,"S207F,0.286"
X-1167,FAM193B,54540.0,MutNovel,"E731G,0.400"
X-1167,FAM197Y2P,252946.0,Del0.8,0.31
X-1167,FAM208A,23272.0,MutKnownFunctional,"-562,0.316"
X-1167,FAM214B,80256.0,MutNovel,"P388H,0.592"
X-1167,FAM41AY1,340618.0,Del0.8,0.31
X-1167,FAM41AY1,340618.0,Del0.8,0.31
X-1167,FAM46C,54855.0,MutNovel,"F255V,0.583"
X-1167,FAM48A,55578.0,MutKnownFunctional,"Q664*,0.229"
X-1167,FAM63B,54629.0,MutNovel,"SSS80S,1.000"
X-1167,FAM73A,374986.0,MutNovel,"V16A,0.833"
X-1167,FAM83G,644815.0,MutNovel,"R446C,0.500"
X-1167,FANCA,2175.0,MutNovel,"V182A,0.448"
X-1167,FANCD2,2177.0,MutNovel,"S419G,0.417"
X-1167,FAS,355.0,MutNovel,"Q283R,0.435"
X-1167,FBF1,85302.0,MutNovel,"T515A,0.548"
X-1167,FBXO18,84893.0,MutNovel,"I452T,0.500"
X-1167,FBXO41,150726.0,MutNovel,"R740H,0.375"
X-1167,FBXO41,150726.0,MutNovel,"A140T,0.750"
X-1167,FBXW5,54461.0,MutNovel,"S126L,0.552"
X-1167,FBXW7,55294.0,MutKnownFunctional,"-667,0.645"
X-1167,FBXW9,84261.0,MutNovel,"A295V,0.559"
X-1167,FCGBP,8857.0,MutNovel,"G3406A,0.800"
X-1167,FCGBP,8857.0,MutNovel,"G3264S,0.333"
X-1167,FCGBP,8857.0,MutNovel,"R2416H,0.226"
X-1167,FCGBP,8857.0,MutNovel,"R154M,0.543"
X-1167,FGFBP1,9982.0,MutNovel,"R118Q,0.686"
X-1167,FGFR3,2261.0,MutNovel,"P167L,0.531"
X-1167,FHIT,2272.0,Del0.8,0.66
X-1167,FIZ1,84922.0,MutKnownFunctional,"-135?,0.538"
X-1167,FKBP9,11328.0,MutNovel,"Y61C,0.461"
X-1167,FLAD1,80308.0,MutNovel,"S350L,0.632"
X-1167,FOXM1,2305.0,MutKnownFunctional,"-708,0.541"
X-1167,FOXRED1,55572.0,MutNovel,"G361C,0.611"
X-1167,FPGT,8790.0,MutNovel,"E177K,0.514"
X-1167,FRAS1,80144.0,MutNovel,"G2039R,1.000"
X-1167,FRMD4A,55691.0,MutKnownFunctional,"-1005,1.000"
X-1167,FUK,197258.0,MutNovel,"P380L,0.462"
X-1167,FURIN,5045.0,MutNovel,"Y142H,0.553"
X-1167,FUT6,2528.0,MutNovel,"A268T,0.579"
X-1167,FXR1,8087.0,MutKnownFunctional,"R111*,0.417"
X-1167,FXR1,8087.0,MutKnownFunctional,"-122,0.357"
X-1167,FYCO1,79443.0,MutNovel,"R900Q,0.277"
X-1167,FZD7,8324.0,MutNovel,"G155C,1.000"
X-1167,FZR1,51343.0,MutNovel,"A245V,0.546"
X-1167,GCN1L1,10985.0,MutNovel,"E1443K,0.553"
X-1167,GIGYF2,26058.0,MutNovel,"R783Q,0.516"
X-1167,GLI4,2738.0,MutKnownFunctional,"E160*,0.857"
X-1167,GLTSCR1,29998.0,MutKnownFunctional,"-935,0.462"
X-1167,GMCL1,64395.0,MutNovel,"G442R,0.426"
X-1167,GNE,10020.0,MutNovel,"A669T,0.494"
X-1167,GOLGA2P2Y,84559.0,Del0.8,0.29
X-1167,GOLGA2P2Y,84559.0,Del0.8,0.29
X-1167,GOLPH3L,55204.0,MutNovel,"R210W,0.485"
X-1167,GP2,2813.0,MutNovel,"C48Y,0.684"
X-1167,GPANK1,7918.0,MutNovel,"A153V,0.667"
X-1167,GPER,2852.0,MutNovel,"A127T,0.400"
X-1167,GPR153,387509.0,MutNovel,"S233W,0.771"
X-1167,GPRIN1,114787.0,MutKnownFunctional,"-57,0.714"
X-1167,GPSM1,26086.0,MutNovel,"N582D,1.000"
X-1167,GRIN2D,2906.0,MutNovel,"S1064L,0.800"
X-1167,GRN,2896.0,MutNovel,"L460M,0.420"
X-1167,GRPEL2,134266.0,MutNovel,"E220G,0.333"
X-1167,GYG2P1,352887.0,Del0.8,0.31
X-1167,HCN3,57657.0,MutNovel,"R208C,0.600"
X-1167,HCN3,57657.0,MutNovel,"L485I,0.444"
X-1167,HEATR5B,54497.0,MutKnownFunctional,"-2072,0.400"
X-1167,HECTD1,25831.0,MutNovel,"T922A,0.279"
X-1167,HELZ,9931.0,MutNovel,"L104P,0.417"
X-1167,HEPH,9843.0,MutNovel,"G609D,0.949"
X-1167,HIST1H2BH,8345.0,MutNovel,"K47E,0.659"
X-1167,HLA-B,3106.0,MutNovel,"A329V,0.743"
X-1167,HLA-B,3106.0,MutNovel,"G115R,0.889"
X-1167,HMMR,3161.0,MutNovel,"A486T,0.439"
X-1167,HNF1A,6927.0,MutNovel,"V567I,0.636"
X-1167,HOXA11,3207.0,MutKnownFunctional,"-299,0.333"
X-1167,HPS6,79803.0,MutNovel,"L10F,0.714"
X-1167,HRCT1,646962.0,MutNovel,"P106H,1.000"
X-1167,HSFY2,159119.0,Del0.8,0.31
X-1167,HSFY2,159119.0,Del0.8,0.18
X-1167,HSPA1L,3305.0,MutNovel,"R511C,0.364"
X-1167,HSPG2,3339.0,MutNovel,"L577P,0.600"
X-1167,HSPG2,3339.0,MutNovel,"Y217H,0.511"
X-1167,HTR2B,3357.0,MutNovel,"D285N,0.714"
X-1167,IBA57,200205.0,MutKnownFunctional,"W351*,0.235"
X-1167,IFNAR1,3454.0,MutNovel,"M411I,0.383"
X-1167,IFT172,26160.0,MutNovel,"G1371C,0.424"
X-1167,IFT172,26160.0,MutNovel,"G1083E,0.500"
X-1167,IFT172,26160.0,MutNovel,"R236H,0.333"
X-1167,IFT88,8100.0,MutNovel,"Q666R,0.611"
X-1167,INPP5F,22876.0,MutNovel,"PS1057P,0.583"
X-1167,INTS1,26173.0,MutNovel,"R1940H,0.510"
X-1167,INTS1,26173.0,MutNovel,"R496Q,0.550"
X-1167,IPO5,3843.0,MutNovel,"G357D,0.437"
X-1167,ISL1,3670.0,MutNovel,"I225V,0.462"
X-1167,JAG2,3714.0,MutNovel,"R646H,0.444"
X-1167,JAZF1,221895.0,MutNovel,"R203H,0.909"
X-1167,JRK,8629.0,MutNovel,"V533M,0.667"
X-1167,JUND,3727.0,MutKnownFunctional,"-84,0.495"
X-1167,KALRN,8997.0,MutNovel,"S2253P,0.440"
X-1167,KBTBD2,25948.0,MutNovel,"V623I,0.324"
X-1167,KBTBD4,55709.0,MutKnownFunctional,"-402,0.403"
X-1167,KCNC4,3749.0,MutNovel,"L611F,0.571"
X-1167,KCND3,3752.0,MutNovel,"I382V,0.400"
X-1167,KCTD5,54442.0,MutNovel,"D81N,0.477"
X-1167,KDELC2,143888.0,MutNovel,"K351N,0.371"
X-1167,KDM1A,23028.0,MutNovel,"R113C,0.533"
X-1167,KDM3B,51780.0,MutNovel,"K273-,0.240"
X-1167,KDM4B,23030.0,MutNovel,"A685T,0.514"
X-1167,KDM4C,23081.0,MutNovel,"R121H,0.556"
X-1167,KDM5D,8284.0,Del0.8,0.29
X-1167,KHSRP,8570.0,MutNovel,"Y149C,0.517"
X-1167,KIAA0125,9834.0,Amp5,5.54
X-1167,KIAA0195,9772.0,MutKnownFunctional,"-217,0.290"
X-1167,KIAA0240,23506.0,MutKnownFunctional,"-895,0.500"
X-1167,KIAA0391,9692.0,MutNovel,"R457W,0.560"
X-1167,KIAA0913,23053.0,MutNovel,"Q560H,0.481"
X-1167,KIAA1211,57482.0,MutNovel,"G299R,0.556"
X-1167,KIAA1430,57587.0,MutKnownFunctional,"-161,0.286"
X-1167,KIAA1522,57648.0,MutKnownFunctional,"-6,0.263"
X-1167,KIAA1549,57670.0,MutNovel,"S1943N,0.489"
X-1167,KIAA1958,158405.0,MutNovel,"E538K,0.333"
X-1167,KIAA2026,158358.0,MutKnownFunctional,"-915,0.317"
X-1167,KIF13B,23303.0,MutNovel,"G1772D,0.405"
X-1167,KIF1C,10749.0,MutNovel,"W804C,0.455"
X-1167,KLF4,9314.0,MutNovel,"P215Q,0.506"
X-1167,KLHL2,11275.0,MutNovel,"E92G,0.273"
X-1167,KLK12,43849.0,MutNovel,"C172R,0.560"
X-1167,KLK6,5653.0,MutKnownFunctional,"-240,0.643"
X-1167,KPNA4,3840.0,MutNovel,"V92I,0.460"
X-1167,KRT16,3868.0,MutNovel,"R127H,0.546"
X-1167,KRTCAP3,200634.0,MutNovel,"A61D,0.554"
X-1167,KTI12,112970.0,MutNovel,"Y49H,0.250"
X-1167,LAMA3,3909.0,MutNovel,"Q2205H,0.445"
X-1167,LAMC2,3918.0,MutNovel,"C65Y,0.535"
X-1167,LAMP1,3916.0,MutNovel,"K348E,0.456"
X-1167,LARS2,23395.0,MutKnownFunctional,"-9,0.429"
X-1167,LCE3C,353144.0,Del0.8,0.39
X-1167,LCMT1,51451.0,MutNovel,"I66T,0.500"
X-1167,LDLRAP1,26119.0,MutNovel,"D122G,0.603"
X-1167,LDOC1L,84247.0,MutNovel,"T95S,0.605"
X-1167,LEPREL1,55214.0,MutNovel,"W23R,0.762"
X-1167,LEPREL1,55214.0,MutNovel,"L10P,0.263"
X-1167,LIN54,132660.0,MutNovel,"P439H,0.526"
X-1167,LMO7,4008.0,MutNovel,"S1001N,0.492"
X-1167,LMTK3,114783.0,MutNovel,"E1443K,0.438"
X-1167,LOC100287119,,MutNovel,"Q83H,1.000"
X-1167,LOC644634,,MutNovel,"G86S,0.600"
X-1167,LPIN3,64900.0,MutNovel,"V777A,0.493"
X-1167,LPP,4026.0,MutNovel,"P513S,0.750"
X-1167,LPPR2,64748.0,MutNovel,"A67V,0.433"
X-1167,LRRC16A,55604.0,MutKnownFunctional,"-1319,0.461"
X-1167,LRRC31,79782.0,MutNovel,"A165T,0.485"
X-1167,LRRC37A2,474170.0,MutNovel,"A1243T,0.353"
X-1167,LRRK1,79705.0,MutNovel,"I643T,0.419"
X-1167,LSR,51599.0,MutNovel,"G518GR,0.425"
X-1167,LTN1,26046.0,MutNovel,"R1635C,0.690"
X-1167,LTN1,26046.0,MutKnownFunctional,"-708,0.429"
X-1167,LYST,1130.0,MutNovel,"V339A,1.000"
X-1167,MAK,4117.0,MutNovel,"S340N,1.000"
X-1167,MAMDC4,158056.0,MutNovel,"R389H,0.550"
X-1167,MAML1,9794.0,MutNovel,"H725R,0.419"
X-1167,MAML3,55534.0,MutNovel,"QP650P,0.385"
X-1167,MAP2K2,5605.0,MutNovel,"G83S,0.611"
X-1167,MAP3K10,4294.0,MutNovel,"R877H,0.464"
X-1167,MAP3K14,9020.0,MutNovel,"R255H,0.400"
X-1167,MAP3K14,9020.0,MutKnownFunctional,"-245,0.625"
X-1167,MAP3K4,4216.0,MutNovel,"PA1189P,0.714"
X-1167,MAP4K2,5871.0,MutNovel,"L716I,0.421"
X-1167,MAPK15,225689.0,MutNovel,"F45V,0.621"
X-1167,MAPK15,225689.0,MutNovel,"L245I,0.571"
X-1167,MARCKS,4082.0,MutKnownFunctional,"-78,0.452"
X-1167,MATR3,9782.0,MutNovel,"H364R,0.470"
X-1167,MAZ,4150.0,MutKnownFunctional,"-11?,0.482"
X-1167,MCM2,4171.0,MutNovel,"A853V,0.454"
X-1167,MCM3AP,8888.0,MutNovel,"R1596C,0.592"
X-1167,MCPH1,79648.0,MutKnownFunctional,"-466,0.400"
X-1167,MDN1,23195.0,MutKnownFunctional,"-173,0.429"
X-1167,MED26,9441.0,MutNovel,"H201Y,0.818"
X-1167,MEF2A,4205.0,MutNovel,"Q412-,0.312"
X-1167,MEGF6,1953.0,MutKnownFunctional,"-1151,0.453"
X-1167,MEGF6,1953.0,MutKnownFunctional,"-1079,0.351"
X-1167,MESDC2,23184.0,MutNovel,"R162C,0.423"
X-1167,METTL17,64745.0,MutNovel,"F117I,0.447"
X-1167,METTL21D,79609.0,MutNovel,"T116I,0.393"
X-1167,METTL6,131965.0,MutKnownFunctional,"-222,0.444"
X-1167,MEX3D,399664.0,MutKnownFunctional,"-144,0.259"
X-1167,MFGE8,4240.0,MutNovel,"R5S,0.591"
X-1167,MGAT4B,11282.0,MutNovel,"R373Q,0.482"
X-1167,MGRN1,23295.0,MutNovel,"L349M,0.274"
X-1167,MKKS,8195.0,MutNovel,"S35P,0.534"
X-1167,MKL1,57591.0,MutNovel,"I242N,0.575"
X-1167,MKL2,57496.0,MutNovel,"G669A,0.538"
X-1167,MLL2,8085.0,MutNovel,"R2410Q,0.489"
X-1167,MLLT10,8028.0,MutNovel,"IE458I,0.500"
X-1167,MLLT3,4300.0,MutNovel,"P285S,0.643"
X-1167,MLXIPL,51085.0,MutKnownFunctional,"-149,0.714"
X-1167,MOB3B,79817.0,MutNovel,"Y98H,0.348"
X-1167,MPRIP,23164.0,MutNovel,"TS178T,0.543"
X-1167,MST1,4485.0,MutNovel,"C338R,0.647"
X-1167,MTSS1,9788.0,MutNovel,"D543G,0.435"
X-1167,MTSS1,9788.0,MutNovel,"P380H,0.769"
X-1167,MTSS1,9788.0,MutNovel,"V243A,0.333"
X-1167,MTX3,345778.0,MutNovel,"D218V,0.688"
X-1167,MUC12,10071.0,MutNovel,"L1735F,1.000"
X-1167,MUC12,10071.0,MutNovel,"S1741L,1.000"
X-1167,MUC17,140453.0,MutNovel,"S861T,0.386"
X-1167,MUC17,140453.0,MutNovel,"T1686A,0.256"
X-1167,MUC2,4583.0,MutNovel,"C2495Y,0.575"
X-1167,MUC3A,,MutNovel,"T412S,1.000"
X-1167,MUC3A,,MutNovel,"E461K,0.929"
X-1167,MUC4,4585.0,MutNovel,"P4050H,1.000"
X-1167,MVD,4597.0,MutNovel,"L268F,0.560"
X-1167,MVD,4597.0,MutNovel,"R27H,0.556"
X-1167,MVP,9961.0,MutNovel,"I359T,0.517"
X-1167,MXRA8,54587.0,MutKnownFunctional,"-301,0.722"
X-1167,MYCBP2,23077.0,MutNovel,"D3713N,0.407"
X-1167,MYH4,4622.0,MutNovel,"E510V,1.000"
X-1167,MYO1A,4640.0,MutNovel,"KN522N,0.646"
X-1167,MYO1E,4643.0,MutNovel,"R627H,0.516"
X-1167,MYO6,4646.0,MutNovel,"R1129H,1.000"
X-1167,MYOF,26509.0,MutNovel,"G603D,0.525"
X-1167,NBPF1,55672.0,MutNovel,"L429I,0.667"
X-1167,NBPF10,100132406.0,MutNovel,"I1165F,0.308"
X-1167,NBPF16,728936.0,MutNovel,"V253A,0.500"
X-1167,NCAPG2,54892.0,MutNovel,"R320W,0.418"
X-1167,NCAPH,23397.0,MutNovel,"S17P,0.368"
X-1167,NCOR2,9612.0,MutNovel,"G1839GAAA,0.525"
X-1167,NCRNA00185,55410.0,Del0.8,0.29
X-1167,NECAP2,55707.0,MutNovel,"A32T,0.476"
X-1167,NEK11,79858.0,MutNovel,"D484N,0.375"
X-1167,NEMF,9147.0,MutNovel,"I585S,0.560"
X-1167,NEMF,9147.0,MutNovel,"M408V,0.528"
X-1167,NET1,10276.0,MutNovel,"P57T,0.520"
X-1167,NGDN,25983.0,MutNovel,"R129H,0.448"
X-1167,NIPA2,81614.0,MutNovel,"M44T,0.260"
X-1167,NIPBL,25836.0,MutKnownFunctional,"-2774?,0.333"
X-1167,NLGN4Y,22829.0,Del0.8,0.31
X-1167,NLRC5,84166.0,MutKnownFunctional,"-536,0.353"
X-1167,NOC4L,79050.0,MutNovel,"R95H,0.887"
X-1167,NOP56,10528.0,MutKnownFunctional,"-477,0.293"
X-1167,NOTCH3,4854.0,MutKnownFunctional,"-2204,0.636"
X-1167,NOTCH3,4854.0,MutNovel,"D217N,0.308"
X-1167,NR1D1,9572.0,MutNovel,"S110N,0.590"
X-1167,NR1H2,7376.0,MutNovel,"ESQ176E,0.306"
X-1167,NR2F2,7026.0,MutNovel,"T7A,0.429"
X-1167,NRIP1,8204.0,MutKnownFunctional,"-728,0.517"
X-1167,NRIP2,83714.0,MutNovel,"P129L,0.857"
X-1167,NUDT18,79873.0,MutNovel,"A7E,0.455"
X-1167,NUP210,23225.0,MutNovel,"G1103S,0.414"
X-1167,OBSL1,23363.0,MutNovel,"V1204M,1.000"
X-1167,OFD1,8481.0,MutNovel,"T537A,0.204"
X-1167,ORAI1,84876.0,MutNovel,"PP43-,0.417"
X-1167,ORC4,5000.0,MutNovel,"R277W,0.551"
X-1167,OSBPL9,114883.0,MutNovel,"I691T,0.523"
X-1167,OTC,5009.0,MutNovel,"Q270R,0.989"
X-1167,OTUD6B,51633.0,MutNovel,"P292S,0.565"
X-1167,P4HTM,54681.0,MutNovel,"A19T,0.522"
X-1167,PACS2,23241.0,MutNovel,"S301R,0.517"
X-1167,PAPSS1,9061.0,MutNovel,"Y444H,0.462"
X-1167,PARM1,25849.0,MutNovel,"P56T,1.000"
X-1167,PARP4,143.0,MutNovel,"Q1707R,0.472"
X-1167,PARS2,25973.0,MutNovel,"L374I,0.684"
X-1167,PCDH1,5097.0,MutNovel,"I387V,0.454"
X-1167,PCDH11Y,83259.0,Del0.8,0.37
X-1167,PCDHB13,56123.0,MutNovel,"D556E,1.000"
X-1167,PCK1,5105.0,MutNovel,"G334D,0.456"
X-1167,PCNXL3,399909.0,MutNovel,"A1700V,0.523"
X-1167,PCSK7,9159.0,MutKnownFunctional,"-581?,0.207"
X-1167,PDE4DIP,9659.0,MutNovel,"G331S,0.490"
X-1167,PDHA1,5160.0,MutNovel,"I422M,1.000"
X-1167,PDS5B,23047.0,MutKnownFunctional,"-1316,0.250"
X-1167,PDZD8,118987.0,MutNovel,"M6T,0.577"
X-1167,PER1,5187.0,MutNovel,"C854Y,0.571"
X-1167,PES1,23481.0,MutNovel,"G12D,0.559"
X-1167,PET117,100303755.0,MutNovel,"R53H,0.456"
X-1167,PHACTR4,65979.0,MutKnownFunctional,"-61,0.542"
X-1167,PHF2,5253.0,MutKnownFunctional,"-490,0.423"
X-1167,PHLDA1,22822.0,MutNovel,"QQ194Q,0.564"
X-1167,PHLDB2,90102.0,MutNovel,"A870V,1.000"
X-1167,PHLPP1,23239.0,MutKnownFunctional,"R1047*,0.263"
X-1167,PHLPP2,23035.0,MutNovel,"R121H,0.444"
X-1167,PI4K2B,55300.0,MutNovel,"PE18P,0.303"
X-1167,PI4KB,5298.0,MutNovel,"R439M,0.402"
X-1167,PIAS4,51588.0,MutNovel,"G381R,0.614"
X-1167,PIDD,55367.0,MutNovel,"G785S,0.526"
X-1167,PIEZO1,9780.0,MutNovel,"R2491W,0.497"
X-1167,PIEZO1,9780.0,MutNovel,"L2105F,0.535"
X-1167,PIEZO1,9780.0,MutNovel,"V318I,0.698"
X-1167,PIGQ,9091.0,MutNovel,"G416D,0.667"
X-1167,PIGS,94005.0,MutNovel,"R394W,0.315"
X-1167,PITPNM3,83394.0,MutNovel,"M787I,0.292"
X-1167,PKD1,5310.0,MutNovel,"R832C,0.625"
X-1167,PLCE1,51196.0,MutNovel,"S67N,0.667"
X-1167,PLCH2,9651.0,MutKnownFunctional,"-1104?,0.625"
X-1167,PLCH2,9651.0,MutNovel,"T1125A,0.444"
X-1167,PLEC,5339.0,MutKnownFunctional,"-4597,0.444"
X-1167,PLEC,5339.0,MutNovel,"G3260D,0.534"
X-1167,PLEKHA4,57664.0,MutNovel,"L378P,0.509"
X-1167,PLEKHG1,57480.0,MutKnownFunctional,"-997,0.628"
X-1167,PLEKHO1,51177.0,MutNovel,"R165H,0.732"
X-1167,PLXNB1,5364.0,MutNovel,"G1503S,0.472"
X-1167,PLXNB1,5364.0,MutNovel,"R1006C,0.605"
X-1167,PLXNB2,23654.0,MutNovel,"Y1189H,0.439"
X-1167,PNISR,25957.0,MutNovel,"ED295D,0.242"
X-1167,PNPLA6,10908.0,MutNovel,"S1113G,0.517"
X-1167,POC1B,282809.0,MutNovel,"M397V,0.532"
X-1167,POC1B,282809.0,MutNovel,"R148C,0.478"
X-1167,POLG,5428.0,MutNovel,"Q53H,0.400"
X-1167,POLR2K,5440.0,MutNovel,"Y41C,0.539"
X-1167,POLRMT,5442.0,MutNovel,"A695T,0.604"
X-1167,POMGNT1,55624.0,MutNovel,"P464H,0.449"
X-1167,POTEF,728378.0,MutNovel,"M771I,1.000"
X-1167,POTEJ,,MutNovel,"I738L,0.667"
X-1167,PPAP2C,8612.0,MutNovel,"L103I,0.544"
X-1167,PPARA,5465.0,MutNovel,"A319T,0.571"
X-1167,PPM1G,5496.0,MutNovel,"E306D,0.546"
X-1167,PPM1J,333926.0,MutKnownFunctional,"-79,0.500"
X-1167,PPP1R13L,10848.0,MutNovel,"E270K,0.547"
X-1167,PPP1R26,9858.0,MutKnownFunctional,"-1095,0.297"
X-1167,PPP1R37,284352.0,MutNovel,"L366F,0.662"
X-1167,PPP1R9A,55607.0,MutNovel,"V243A,0.800"
X-1167,PPP2R3B,28227.0,MutNovel,"A254V,0.278"
X-1167,PPP6R2,9701.0,MutNovel,"P876S,0.443"
X-1167,PPRC1,23082.0,MutKnownFunctional,"-227?,0.425"
X-1167,PRIC285,85441.0,MutKnownFunctional,"-16,0.286"
X-1167,PRKRIR,5612.0,MutNovel,"N288S,0.344"
X-1167,PRKY,5616.0,Del0.8,0.31
X-1167,PRPF6,24148.0,MutNovel,"L820P,0.514"
X-1167,PRR11,55771.0,MutKnownFunctional,"-20,0.286"
X-1167,PRRC2A,7916.0,MutNovel,"P1178-,0.462"
X-1167,PRY,9081.0,Del0.8,0.29
X-1167,PRY,9081.0,Del0.8,0.29
X-1167,PRY2,442862.0,Del0.8,0.29
X-1167,PRY2,442862.0,Del0.8,0.29
X-1167,PSMB4,5692.0,MutNovel,"S165G,0.333"
X-1167,PTK2B,2185.0,MutNovel,"H1005R,0.479"
X-1167,PTPN23,25930.0,MutNovel,"Y637C,0.514"
X-1167,PTPN7,5778.0,MutNovel,"R432W,1.000"
X-1167,PTPRJ,5795.0,MutNovel,"L24P,0.524"
X-1167,PTTG1IP,754.0,MutNovel,"C121-,0.367"
X-1167,PVRL3,25945.0,MutKnownFunctional,"-33,0.286"
X-1167,PWWP2B,170394.0,MutKnownFunctional,"-124,0.587"
X-1167,RAB11FIP2,22841.0,MutNovel,"D482N,0.469"
X-1167,RAD51AP1,10635.0,MutNovel,"S131G,0.679"
X-1167,RALBP1,10928.0,MutNovel,"R249Q,0.505"
X-1167,RALGAPA2,57186.0,MutNovel,"Y656H,0.250"
X-1167,RALGPS1,9649.0,MutNovel,"V11M,0.560"
X-1167,RAPGEF2,9693.0,MutNovel,"P1373H,0.633"
X-1167,RAPH1,65059.0,MutKnownFunctional,"-765,0.500"
X-1167,RARA,5914.0,MutKnownFunctional,"-430,0.300"
X-1167,RBBP6,5930.0,MutNovel,"T1222A,0.660"
X-1167,RBFOX1,54715.0,Del0.8,0.65
X-1167,RBM10,8241.0,MutNovel,"G943C,1.000"
X-1167,RBMY1A3P,286557.0,Del0.8,0.31
X-1167,RBMY1B,378948.0,Del0.8,0.29
X-1167,RBMY1B,378948.0,Del0.8,0.29
X-1167,RBMY1E,378950.0,Del0.8,0.29
X-1167,RBMY1E,378950.0,Del0.8,0.29
X-1167,RBMY1F,159163.0,Del0.8,0.29
X-1167,RBMY1F,159163.0,Del0.8,0.29
X-1167,RBMY1J,378951.0,Del0.8,0.29
X-1167,RBMY1J,378951.0,Del0.8,0.29
X-1167,RBMY2EP,159125.0,Del0.8,0.29
X-1167,RBMY2FP,159162.0,Del0.8,0.29
X-1167,RBMY3AP,64593.0,Del0.8,0.31
X-1167,RDH16,8608.0,MutNovel,"T119M,0.500"
X-1167,REPIN1,29803.0,MutKnownFunctional,"-427?,0.360"
X-1167,REV1,51455.0,MutKnownFunctional,"-464,0.522"
X-1167,REV3L,5980.0,MutKnownFunctional,"-1206?,0.263"
X-1167,REXO1,57455.0,MutNovel,"C1016R,0.667"
X-1167,RFXAP,5994.0,MutKnownFunctional,"-233,0.700"
X-1167,RGNEF,64283.0,MutNovel,"A1570D,0.583"
X-1167,RGS16,6004.0,MutNovel,"A187T,0.467"
X-1167,RGS3,5998.0,MutNovel,"A1119S,0.500"
X-1167,RHOA,387.0,MutNovel,"A153T,0.407"
X-1167,RHOBTB1,9886.0,MutNovel,"A512V,0.625"
X-1167,RIN2,54453.0,MutNovel,"T829A,0.313"
X-1167,RIPK3,11035.0,MutKnownFunctional,"-364,0.506"
X-1167,RNASEL,6041.0,MutNovel,"T14M,0.350"
X-1167,RNF111,54778.0,MutKnownFunctional,"R239*,0.312"
X-1167,RNF111,54778.0,MutKnownFunctional,"-780,0.571"
X-1167,RNF135,84282.0,MutNovel,"G385E,0.453"
X-1167,RNF145,153830.0,MutNovel,"M183V,0.304"
X-1167,RNF145,153830.0,MutKnownFunctional,"-25,0.500"
X-1167,RNF183,138065.0,MutNovel,"R156C,0.630"
X-1167,RNF19B,127544.0,MutKnownFunctional,"-636,0.523"
X-1167,RNF19B,127544.0,MutNovel,"I467V,0.500"
X-1167,RNF207,388591.0,MutNovel,"G603R,0.419"
X-1167,RNF25,64320.0,MutKnownFunctional,"-250,0.495"
X-1167,RNF43,54894.0,MutKnownFunctional,"-659,0.826"
X-1167,RNPEPL1,57140.0,MutNovel,"P579S,0.433"
X-1167,ROCK1,6093.0,MutKnownFunctional,"-1307,0.760"
X-1167,RPL22,6146.0,MutKnownFunctional,"-15,0.297"
X-1167,RPS18,6222.0,MutNovel,"K25E,0.466"
X-1167,RPS4Y1,6192.0,Del0.8,0.37
X-1167,RPS4Y2,140032.0,Del0.8,0.29
X-1167,RSAD1,55316.0,MutNovel,"A303V,0.460"
X-1167,RSC1A1,6248.0,MutKnownFunctional,"-537,0.366"
X-1167,RTTN,25914.0,MutNovel,"S126A,0.500"
X-1167,S100A2,6273.0,MutNovel,"F90L,0.537"
X-1167,SAC3D1,29901.0,MutNovel,"K52N,0.714"
X-1167,SACS,26278.0,MutNovel,"S3240G,0.667"
X-1167,SAFB,6294.0,MutNovel,"T838M,0.513"
X-1167,SAFB2,9667.0,MutKnownFunctional,"-824,0.312"
X-1167,SAMD1,90378.0,MutNovel,"R270S,0.475"
X-1167,SAMM50,25813.0,MutNovel,"P181H,0.388"
X-1167,SASH1,23328.0,MutNovel,"S285G,0.714"
X-1167,SBNO2,22904.0,MutNovel,"R1230C,0.400"
X-1167,SCAP,22937.0,MutNovel,"R896Q,0.438"
X-1167,SCRIB,23513.0,MutNovel,"P1333L,0.441"
X-1167,SCRN1,9805.0,MutKnownFunctional,"-420,0.571"
X-1167,SDC4,6385.0,MutNovel,"V119I,0.473"
X-1167,SEL1L3,23231.0,MutNovel,"Q17RK,0.538"
X-1167,SENP3,26168.0,MutNovel,"S275G,0.523"
X-1167,SERINC2,347735.0,MutNovel,"-373Q,0.341"
X-1167,SERPINB9,5272.0,MutNovel,"V42A,0.375"
X-1167,SETD1B,23067.0,MutNovel,"L1323I,0.412"
X-1167,SETD2,29072.0,MutNovel,"S705L,0.400"
X-1167,SETX,23064.0,MutNovel,"V489A,0.467"
X-1167,SF3B2,10992.0,MutNovel,"A839T,0.504"
X-1167,SFSWAP,6433.0,MutNovel,"Y357C,0.435"
X-1167,SGK223,157285.0,MutNovel,"A1391T,0.540"
X-1167,SGTA,6449.0,MutNovel,"A306D,0.462"
X-1167,SH3D21,79729.0,MutNovel,"V734I,0.500"
X-1167,SH3PXD2A,9644.0,MutKnownFunctional,"-1068,0.500"
X-1167,SHANK2,22941.0,MutNovel,"R680H,0.750"
X-1167,SIDT2,51092.0,MutNovel,"R85H,0.373"
X-1167,SIM2,6493.0,MutNovel,"H143N,0.289"
X-1167,SIN3B,23309.0,MutNovel,"A165T,0.439"
X-1167,SIPA1L3,23094.0,MutNovel,"R440S,0.533"
X-1167,SIRT6,51548.0,MutNovel,"N308K,0.389"
X-1167,SLC12A6,9990.0,MutNovel,"A115V,0.643"
X-1167,SLC25A27,9481.0,MutNovel,"T213A,0.500"
X-1167,SLC25A51,,MutKnownFunctional,"-230?,0.583"
X-1167,SLC27A3,11000.0,MutKnownFunctional,"-643?,0.328"
X-1167,SLC28A2,9153.0,MutKnownFunctional,"-129?,0.494"
X-1167,SLC35B3,51000.0,MutNovel,"N38K,0.504"
X-1167,SLC37A4,2542.0,MutNovel,"R389H,0.590"
X-1167,SLC39A7,7922.0,MutNovel,"G365R,0.557"
X-1167,SLC3A2,6520.0,MutKnownFunctional,"-299,0.791"
X-1167,SLTM,79811.0,MutNovel,"S382L,0.495"
X-1167,SLTM,79811.0,MutNovel,"A3V,0.333"
X-1167,SMG5,23381.0,MutNovel,"R254Q,0.446"
X-1167,SMTN,6525.0,MutNovel,"R385Q,0.600"
X-1167,SNX17,9784.0,MutNovel,"R317H,0.520"
X-1167,SON,6651.0,MutNovel,"S2268P,0.600"
X-1167,SORBS3,10174.0,MutNovel,"R363Q,0.574"
X-1167,SP3,6670.0,MutNovel,"Y33H,0.727"
X-1167,SPEN,23013.0,MutNovel,"V1637I,0.480"
X-1167,SPEN,23013.0,MutNovel,"A2217T,0.435"
X-1167,SPG7,6687.0,MutNovel,"Y43C,1.000"
X-1167,SPRED1,161742.0,MutKnownFunctional,"C418*,0.406"
X-1167,SPRYD4,283377.0,MutNovel,"T178I,0.347"
X-1167,SPTLC3,55304.0,MutKnownFunctional,"-481,0.700"
X-1167,SRD5A3,79644.0,MutNovel,"N255S,0.643"
X-1167,SREK1,140890.0,MutNovel,"F211S,0.396"
X-1167,SREK1IP1,285672.0,MutKnownFunctional,"-119?,0.438"
X-1167,SRP9,6726.0,MutNovel,"V42I,0.610"
X-1167,SRRM2,23524.0,MutNovel,"R2078H,0.534"
X-1167,SRSF4,6429.0,MutNovel,"T163A,0.538"
X-1167,SRY,6736.0,Del0.8,0.37
X-1167,SSBP4,170463.0,MutNovel,"R357W,0.463"
X-1167,ST5,6764.0,MutKnownFunctional,"-73,0.455"
X-1167,STAU2,27067.0,MutKnownFunctional,"-364,0.297"
X-1167,STAU2,27067.0,MutNovel,"I145S,0.615"
X-1167,STK11,6794.0,MutNovel,"K81-,0.401"
X-1167,STK36,27148.0,MutNovel,"R1039C,0.486"
X-1167,STRADA,92335.0,MutNovel,"P313L,0.600"
X-1167,STX10,8677.0,MutNovel,"K218R,0.468"
X-1167,STX4,6810.0,MutNovel,"R87H,0.438"
X-1167,SUCLA2,8803.0,MutNovel,"S34N,0.270"
X-1167,SUCLG2,8801.0,MutNovel,"R160W,0.494"
X-1167,SUV420H1,51111.0,MutNovel,"R721C,0.377"
X-1167,SYNE2,23224.0,MutNovel,"T5581M,0.469"
X-1167,SYNJ2,8871.0,MutKnownFunctional,"-1111,0.875"
X-1167,SYNPO,11346.0,MutNovel,"R859W,0.600"
X-1167,SYT12,91683.0,MutNovel,"A71V,0.375"
X-1167,TAF1B,9014.0,MutKnownFunctional,"-63,0.250"
X-1167,TAOK2,9344.0,MutNovel,"A925T,0.561"
X-1167,TAP2,6891.0,MutNovel,"C540S,0.814"
X-1167,TBC1D22A,25771.0,MutNovel,"A55T,0.582"
X-1167,TBC1D23,55773.0,MutKnownFunctional,"-647,0.432"
X-1167,TBC1D7,51256.0,MutNovel,"R121Q,0.407"
X-1167,TBC1D7,51256.0,MutNovel,"R20C,0.406"
X-1167,TBC1D9B,23061.0,MutNovel,"R497C,0.314"
X-1167,TBCK,93627.0,MutNovel,"D767N,0.583"
X-1167,TBL1Y,90665.0,Del0.8,0.31
X-1167,TCEAL3,85012.0,MutNovel,"P94Q,1.000"
X-1167,TCEB3,6924.0,MutKnownFunctional,"-463,0.938"
X-1167,TCEB3,6924.0,MutNovel,"S732N,0.682"
X-1167,TCF12,6938.0,MutKnownFunctional,"Q45*,0.922"
X-1167,TCF7L2,6934.0,MutNovel,"L260S,0.461"
X-1167,TCHP,84260.0,MutNovel,"E459-,0.286"
X-1167,TELO2,9894.0,MutNovel,"R767C,0.471"
X-1167,TEP1,7011.0,MutKnownFunctional,"-1856?,0.476"
X-1167,TGFB2,7042.0,MutNovel,"I199F,0.667"
X-1167,TGFBI,7045.0,MutNovel,"V113I,0.600"
X-1167,TGFBR2,7048.0,MutKnownFunctional,"-150,0.938"
X-1167,TGIF2LY,90655.0,Del0.8,0.37
X-1167,THAP5,168451.0,MutKnownFunctional,"-99,0.690"
X-1167,THRA,7067.0,MutKnownFunctional,"-397,0.372"
X-1167,TINF2,26277.0,MutKnownFunctional,"-364,0.412"
X-1167,TIPARP,25976.0,MutNovel,"Y343C,0.573"
X-1167,TLCD2,727910.0,MutNovel,"R177H,0.312"
X-1167,TLN2,83660.0,MutKnownFunctional,"Q2392*,0.259"
X-1167,TMEM143,55260.0,MutNovel,"V217M,0.533"
X-1167,TMEM57,55219.0,MutKnownFunctional,"-100,0.347"
X-1167,TMEM79,84283.0,MutNovel,"A332V,0.295"
X-1167,TMEM97,27346.0,MutKnownFunctional,"-173,0.741"
X-1167,TMSB4Y,9087.0,Del0.8,0.31
X-1167,TNK2,10188.0,MutKnownFunctional,"-839?,0.336"
X-1167,TNK2,10188.0,MutKnownFunctional,"-557,0.262"
X-1167,TNK2,10188.0,MutNovel,"R281C,0.533"
X-1167,TNK2,10188.0,MutNovel,"I238T,0.385"
X-1167,TNRC18,84629.0,MutNovel,"R402H,0.208"
X-1167,TP53,7157.0,MutNovel,"A307S,0.565"
X-1167,TP53BP1,7158.0,MutNovel,"S1683P,0.500"
X-1167,TPBG,7162.0,MutKnownFunctional,"-349,0.574"
X-1167,TRA2B,6434.0,MutNovel,"G249-,0.424"
X-1167,TRAF6,7189.0,MutNovel,"E291D,0.619"
X-1167,TRIM2,23321.0,MutKnownFunctional,"-20?,0.302"
X-1167,TRIM29,23650.0,MutNovel,"M442T,0.385"
X-1167,TRIM35,23087.0,MutKnownFunctional,"-468,0.333"
X-1167,TRIM5,85363.0,MutKnownFunctional,"Q248*,0.278"
X-1167,TRIO,7204.0,MutNovel,"R549W,0.421"
X-1167,TRIO,7204.0,MutNovel,"S1471G,0.568"
X-1167,TRMT2A,27037.0,MutNovel,"K187R,0.493"
X-1167,TRPM4,54795.0,MutKnownFunctional,"-243,0.333"
X-1167,TRPM4,54795.0,MutNovel,"P547L,0.667"
X-1167,TSHZ1,10194.0,MutNovel,"Y152H,0.750"
X-1167,TSHZ1,10194.0,MutNovel,"A209V,0.571"
X-1167,TSPY1,7258.0,Del0.8,0.31
X-1167,TSPY2,64591.0,Del0.8,0.31
X-1167,TSPY3,728137.0,Del0.8,0.31
X-1167,TSPY4,728395.0,Del0.8,0.31
X-1167,TSPY8,728403.0,Del0.8,0.31
X-1167,TSPYL1,7259.0,MutNovel,"V176VW,0.918"
X-1167,TSPYL1,7259.0,MutNovel,"E51D,0.459"
X-1167,TSPYL2,64061.0,MutKnownFunctional,"-124,0.923"
X-1167,TTBK2,146057.0,MutNovel,"A658V,0.750"
X-1167,TTC13,79573.0,MutNovel,"A773T,0.488"
X-1167,TTC21B,79809.0,MutNovel,"A850V,0.412"
X-1167,TTF2,8458.0,MutNovel,"A335T,0.375"
X-1167,TTLL12,23170.0,MutNovel,"P385L,0.470"
X-1167,TTLL5,23093.0,MutNovel,"R1023W,0.424"
X-1167,TTLL5,23093.0,MutNovel,"H1278R,0.404"
X-1167,TTTY10,246119.0,Del0.8,0.29
X-1167,TTTY11,83866.0,Del0.8,0.31
X-1167,TTTY12,83867.0,Del0.8,0.31
X-1167,TTTY13,83868.0,Del0.8,0.29
X-1167,TTTY14,83869.0,Del0.8,0.29
X-1167,TTTY15,64595.0,Del0.8,0.31
X-1167,TTTY16,252948.0,Del0.8,0.31
X-1167,TTTY17A,252949.0,Del0.8,0.29
X-1167,TTTY17A,252949.0,Del0.8,0.29
X-1167,TTTY18,252950.0,Del0.8,0.31
X-1167,TTTY19,252952.0,Del0.8,0.31
X-1167,TTTY1B,100101116.0,Del0.8,0.31
X-1167,TTTY1B,100101116.0,Del0.8,0.31
X-1167,TTTY2,60439.0,Del0.8,0.31
X-1167,TTTY2,60439.0,Del0.8,0.31
X-1167,TTTY20,252951.0,Del0.8,0.31
X-1167,TTTY21,252953.0,Del0.8,0.31
X-1167,TTTY21,252953.0,Del0.8,0.31
X-1167,TTTY22,252954.0,Del0.8,0.31
X-1167,TTTY23,252955.0,Del0.8,0.31
X-1167,TTTY23,252955.0,Del0.8,0.31
X-1167,TTTY3,114760.0,Del0.8,0.29
X-1167,TTTY3,114760.0,Del0.8,0.29
X-1167,TTTY4,114761.0,Del0.8,0.29
X-1167,TTTY4,114761.0,Del0.8,0.29
X-1167,TTTY5,83863.0,Del0.8,0.29
X-1167,TTTY6,84672.0,Del0.8,0.29
X-1167,TTTY6,84672.0,Del0.8,0.29
X-1167,TTTY7,246122.0,Del0.8,0.31
X-1167,TTTY7,246122.0,Del0.8,0.31
X-1167,TTTY7B,100101120.0,Del0.8,0.31
X-1167,TTTY7B,100101120.0,Del0.8,0.31
X-1167,TTTY8,84673.0,Del0.8,0.31
X-1167,TTTY8,84673.0,Del0.8,0.31
X-1167,TTTY9A,83864.0,Del0.8,0.31
X-1167,TTTY9A,83864.0,Del0.8,0.09
X-1167,TUBD1,51174.0,MutNovel,"Y243C,0.455"
X-1167,TUSC1,286319.0,MutNovel,"S42G,0.333"
X-1167,TXLNG2P,246126.0,Del0.8,0.29
X-1167,TXNRD2,10587.0,MutNovel,"Q458P,0.531"
X-1167,UBA1,7317.0,MutNovel,"T708A,0.215"
X-1167,UBA6,55236.0,MutNovel,"E601G,0.546"
X-1167,UBR3,130507.0,MutNovel,"Y852H,0.800"
X-1167,UBR4,23352.0,MutNovel,"C4482S,0.764"
X-1167,UBXN2A,165324.0,MutKnownFunctional,"-248,0.475"
X-1167,UGGT2,55757.0,MutNovel,"S22L,0.500"
X-1167,URB1,9875.0,MutNovel,"A709V,0.283"
X-1167,USP11,8237.0,MutNovel,"G899C,1.000"
X-1167,USP13,8975.0,MutNovel,"R672H,0.364"
X-1167,USP35,57558.0,MutNovel,"A462V,0.581"
X-1167,USP36,57602.0,MutNovel,"KKK958K,0.792"
X-1167,USP38,84640.0,MutNovel,"D534G,0.509"
X-1167,USP9Y,8287.0,Del0.8,0.31
X-1167,UTP14C,9724.0,MutNovel,"D624G,0.452"
X-1167,UTY,7404.0,Del0.8,0.31
X-1167,VARS,7407.0,MutNovel,"R758C,0.630"
X-1167,VCY,9084.0,Del0.8,0.31
X-1167,VCY,9084.0,Del0.8,0.31
X-1167,VPS11,55823.0,MutNovel,"S727L,0.385"
X-1167,VPS13B,157680.0,MutKnownFunctional,"-56,0.700"
X-1167,VPS13C,54832.0,MutNovel,"Y2416C,0.471"
X-1167,VPS13D,55187.0,MutNovel,"V3624I,0.333"
X-1167,VPS16,64601.0,MutNovel,"V427E,0.548"
X-1167,VPS28,51160.0,MutNovel,"E41A,0.444"
X-1167,VPS37B,79720.0,MutKnownFunctional,"-210,0.540"
X-1167,VPS72,6944.0,MutNovel,"G160E,0.493"
X-1167,WASH1,100287171.0,MutNovel,"S410L,0.938"
X-1167,WDR11,55717.0,MutNovel,"V969M,0.532"
X-1167,WDR33,55339.0,MutNovel,"S1103G,0.500"
X-1167,WDR33,55339.0,MutNovel,"E235D,0.356"
X-1167,WDR35,57539.0,MutNovel,"L880F,1.000"
X-1167,WDR46,9277.0,MutNovel,"R22K,0.466"
X-1167,WDR54,84058.0,MutNovel,"A239T,0.439"
X-1167,WDR5B,54554.0,MutNovel,"G179E,0.273"
X-1167,WDR6,11180.0,MutKnownFunctional,"-835?,0.262"
X-1167,WDR62,284403.0,MutNovel,"A149V,0.615"
X-1167,WDR81,124997.0,MutNovel,"R1697H,0.333"
X-1167,WHSC1L1,54904.0,MutNovel,"P1102S,0.568"
X-1167,WRAP53,55135.0,MutNovel,"G289C,0.704"
X-1167,WRN,7486.0,MutNovel,"P489L,0.562"
X-1167,WSB2,55884.0,MutKnownFunctional,"-342,0.498"
X-1167,WWC3,55841.0,MutNovel,"P580H,1.000"
X-1167,WWOX,51741.0,MutNovel,"Y375C,0.500"
X-1167,XAB2,56949.0,MutNovel,"E535K,0.463"
X-1167,XAB2,56949.0,MutNovel,"T384M,0.450"
X-1167,XAB2,56949.0,MutNovel,"R59Q,0.415"
X-1167,XIAP,331.0,MutKnownFunctional,"-395,0.857"
X-1167,XKRY2,353515.0,Del0.8,0.31
X-1167,XKRY2,353515.0,Del0.8,0.31
X-1167,XPNPEP1,7511.0,MutNovel,"R23G,0.412"
X-1167,XPOT,11260.0,MutKnownFunctional,"-124,0.362"
X-1167,XRN2,22803.0,MutNovel,"V885I,0.461"
X-1167,XYLT1,64131.0,MutNovel,"A663V,0.364"
X-1167,XYLT1,64131.0,MutNovel,"V647M,0.308"
X-1167,YIPF2,78992.0,MutNovel,"-75S,0.212"
X-1167,YLPM1,56252.0,MutKnownFunctional,"-2144,0.524"
X-1167,ZBTB4,57659.0,MutNovel,"G904W,0.955"
X-1167,ZBTB4,57659.0,MutKnownFunctional,"-493,0.353"
X-1167,ZBTB4,57659.0,MutKnownFunctional,"-4,0.316"
X-1167,ZBTB7B,51043.0,MutNovel,"T142A,0.538"
X-1167,ZC3H10,84872.0,MutKnownFunctional,"-175,0.316"
X-1167,ZC3H11A,9877.0,MutKnownFunctional,"-9?,0.442"
X-1167,ZC3H12A,80149.0,MutKnownFunctional,"-345,0.354"
X-1167,ZC3H13,23091.0,MutNovel,"E1312A,0.609"
X-1167,ZC3H14,79882.0,MutKnownFunctional,"-48,0.295"
X-1167,ZC3H3,23144.0,MutNovel,"R806W,0.636"
X-1167,ZCCHC14,23174.0,MutNovel,"G624R,0.478"
X-1167,ZCCHC2,54877.0,MutNovel,"L466I,0.625"
X-1167,ZCCHC2,54877.0,MutNovel,"M1090T,0.444"
X-1167,ZCCHC7,84186.0,MutKnownFunctional,"-539,0.500"
X-1167,ZDHHC1,29800.0,MutNovel,"H285R,0.519"
X-1167,ZDHHC11,79844.0,MutNovel,"G58R,0.600"
X-1167,ZDHHC14,79683.0,MutNovel,"G328V,0.400"
X-1167,ZFHX3,463.0,MutNovel,"G656S,1.000"
X-1167,ZFPM1,161882.0,MutNovel,"L829F,0.235"
X-1167,ZFY,7544.0,Del0.8,0.37
X-1167,ZMIZ2,83637.0,MutNovel,"R612Q,0.449"
X-1167,ZMIZ2,83637.0,MutKnownFunctional,"-731?,0.327"
X-1167,ZMYM4,9202.0,MutNovel,"Y1355C,0.415"
X-1167,ZMYND19,116225.0,MutNovel,"R217C,0.622"
X-1167,ZNF189,7743.0,MutNovel,"S357L,0.594"
X-1167,ZNF213,7760.0,MutNovel,"R305Q,0.714"
X-1167,ZNF217,7764.0,MutNovel,"A249T,0.462"
X-1167,ZNF280D,54816.0,MutKnownFunctional,"-784,0.526"
X-1167,ZNF322,79692.0,MutKnownFunctional,"-125,0.568"
X-1167,ZNF335,63925.0,MutNovel,"S89L,0.579"
X-1167,ZNF414,84330.0,MutNovel,"A36V,0.394"
X-1167,ZNF438,220929.0,MutKnownFunctional,"-432?,0.524"
X-1167,ZNF444,55311.0,MutKnownFunctional,"-308,0.500"
X-1167,ZNF510,22869.0,MutNovel,"F600S,0.571"
X-1167,ZNF514,84874.0,MutKnownFunctional,"-399?,0.312"
X-1167,ZNF587,84914.0,MutNovel,"V179I,0.406"
X-1167,ZNF609,23060.0,MutKnownFunctional,"-732,0.500"
X-1167,ZNF611,81856.0,MutKnownFunctional,"-45,0.667"
X-1167,ZNF646,9726.0,MutKnownFunctional,"-879,0.476"
X-1167,ZNF687,57592.0,MutNovel,"A23V,0.325"
X-1167,ZNF692,55657.0,MutKnownFunctional,"-10?,0.474"
X-1167,ZNF77,58492.0,MutKnownFunctional,"S281*,0.538"
X-1167,ZNF786,136051.0,MutNovel,"R454Q,0.227"
X-1167,ZNF816,125893.0,MutNovel,"I389M,0.303"
X-1167,ZNF83,55769.0,MutNovel,"C462R,0.981"
X-1167,ZNFX1,57169.0,MutKnownFunctional,"-1894,0.404"
X-1167,ZNFX1,57169.0,MutNovel,"H1410Y,0.553"
X-1167,ZSCAN20,7579.0,MutNovel,"R750C,0.444"
X-1167,ZWINT,11130.0,MutNovel,"K116E,0.537"
X-1173,ACBD4,79777.0,MutNovel,"V293I,0.295"
X-1173,ADAM6,8755.0,Amp5,5.35
X-1173,ADAMTS15,170689.0,MutNovel,"S575A,0.250"
X-1173,AHNAK,79026.0,MutNovel,"V1373D,0.312"
X-1173,AMELY,266.0,Del0.8,0.35
X-1173,ANPEP,290.0,MutNovel,"V495I,0.462"
X-1173,APC,324.0,MutKnownFunctional,"R1450*,0.750"
X-1173,AXIN1,8312.0,MutNovel,"R736W,0.527"
X-1173,BCL11A,53335.0,MutNovel,"E495D,0.333"
X-1173,BCORP1,286554.0,Del0.8,0.35
X-1173,BMP8B,656.0,MutNovel,"G20E,0.750"
X-1173,BPY2B,442867.0,Del0.8,0.26
X-1173,BPY2B,442867.0,Del0.8,0.36
X-1173,BRD2,6046.0,MutNovel,"A49C,1.000"
X-1173,C9orf69,90120.0,MutNovel,"C132Y,0.611"
X-1173,CARKD,55739.0,MutNovel,"S371L,0.486"
X-1173,CBWD5,220869.0,MutNovel,"G106C,0.667"
X-1173,CBWD6,644019.0,MutKnownFunctional,"-259?,0.365"
X-1173,CD46,4179.0,MutNovel,"A353V,0.316"
X-1173,CDY1B,253175.0,Del0.8,0.35
X-1173,CDY1B,253175.0,Del0.8,0.36
X-1173,CDY2A,9426.0,Del0.8,0.35
X-1173,CDY2A,9426.0,Del0.8,0.35
X-1173,CDY2B,203611.0,Del0.8,0.35
X-1173,CDY2B,203611.0,Del0.8,0.35
X-1173,CEACAM3,1084.0,MutNovel,"G48V,1.000"
X-1173,CEACAM3,1084.0,MutNovel,"I117T,0.538"
X-1173,CEACAM3,1084.0,MutNovel,"Q123H,0.875"
X-1173,CEACAM8,1088.0,MutNovel,"N155K,0.429"
X-1173,CEL,1056.0,MutNovel,"A659P,0.750"
X-1173,CHEK2,11200.0,MutKnownFunctional,"E70*,1.000"
X-1173,CNKSR1,10256.0,MutKnownFunctional,"-282,0.632"
X-1173,COL4A5,1287.0,MutNovel,"S1682T,0.400"
X-1173,CPVL,54504.0,MutNovel,"T145M,0.458"
X-1173,CSPG4P1Y,114758.0,Del0.8,0.35
X-1173,CSPG4P1Y,114758.0,Del0.8,0.36
X-1173,CTAGE4,100128553.0,Amp5,5.82
X-1173,CTSA,5476.0,MutNovel,"L29-,0.343"
X-1173,DAZ1,1617.0,Del0.8,0.35
X-1173,DAZ2,57055.0,Del0.8,0.36
X-1173,DAZ3,57054.0,Del0.8,0.36
X-1173,DAZ3,57054.0,Del0.8,0.18
X-1173,DAZ4,57135.0,Del0.8,0.29
X-1173,DAZ4,57135.0,Del0.8,0.36
X-1173,DBNL,28988.0,MutNovel,"A156D,0.447"
X-1173,DDX3Y,8653.0,Del0.8,0.35
X-1173,DRD4,1815.0,MutNovel,"P313R,0.455"
X-1173,DUSP16,80824.0,MutKnownFunctional,"R483*,0.662"
X-1173,EIF1AY,9086.0,Del0.8,0.35
X-1173,EPPK1,83481.0,MutNovel,"A2233-,0.202"
X-1173,ETFB,2109.0,MutKnownFunctional,"-93?,0.450"
X-1173,FAM197Y2P,252946.0,Del0.8,0.35
X-1173,FAM21A,387680.0,MutNovel,"R320Q,1.000"
X-1173,FAM41AY1,340618.0,Del0.8,0.35
X-1173,FAM41AY1,340618.0,Del0.8,0.35
X-1173,FAM74A4,401508.0,Amp5,6.19
X-1173,FAM83E,54854.0,MutNovel,"P331L,0.598"
X-1173,FAT1,2195.0,MutNovel,"H809R,1.000"
X-1173,FBRSL1,57666.0,MutNovel,"R188W,0.465"
X-1173,FCGBP,8857.0,MutNovel,"A2715V,0.818"
X-1173,FCGBP,8857.0,MutNovel,"Q1722E,0.400"
X-1173,FCGBP,8857.0,MutNovel,"P1705L,0.583"
X-1173,FNIP2,57600.0,MutNovel,"T692I,0.536"
X-1173,GIGYF2,26058.0,MutNovel,"PQ1231P,0.205"
X-1173,GOLGA2P2Y,84559.0,Del0.8,0.35
X-1173,GOLGA2P2Y,84559.0,Del0.8,0.36
X-1173,GOLM1,51280.0,MutNovel,"E50Q,0.632"
X-1173,GPRIN2,9721.0,MutNovel,"-238MRE,0.472"
X-1173,GTF2H2C,728340.0,MutNovel,"R54Q,0.667"
X-1173,GYG2P1,352887.0,Del0.8,0.35
X-1173,HLA-G,3135.0,MutNovel,"A182T,0.918"
X-1173,HSFY2,159119.0,Del0.8,0.35
X-1173,HSFY2,159119.0,Del0.8,0.35
X-1173,IFITM2,10581.0,MutNovel,"V128A,0.613"
X-1173,IGFBP2,3485.0,MutNovel,"C53S,0.490"
X-1173,INPP5E,56623.0,MutNovel,"A463V,0.292"
X-1173,IP6K2,51447.0,MutNovel,"S18F,0.661"
X-1173,KANSL1L,,MutNovel,"Y257C,0.500"
X-1173,KDM5D,8284.0,Del0.8,0.35
X-1173,KGFLP1,387628.0,Amp5,6.19
X-1173,KIAA0125,9834.0,Amp5,5.35
X-1173,KIF20B,9585.0,MutNovel,"L1062LKV,0.714"
X-1173,KRAS,3845.0,MutKnownFunctional,"A146V,0.660"
X-1173,KRT78,196374.0,MutNovel,"C422S,1.000"
X-1173,LAMA3,3909.0,MutNovel,"A1018V,0.400"
X-1173,LGALS9B,284194.0,MutNovel,"T152A,1.000"
X-1173,LINC00226,338004.0,Amp5,5.35
X-1173,LOC100132247,100132247.0,MutNovel,"Q706R,1.000"
X-1173,LOC100132287,100132287.0,Amp5,5.78
X-1173,LOC100133331,100133331.0,Amp5,5.78
X-1173,LOC100996543,,MutNovel,"L41P,1.000"
X-1173,LOC100996689,,MutKnownFunctional,"-282?,0.429"
X-1173,LOC728377,728377.0,Amp5,5.82
X-1173,LOC729737,729737.0,Amp5,5.78
X-1173,LOXL3,84695.0,MutNovel,"E659G,0.778"
X-1173,LSAMP,4045.0,MutNovel,"R89H,1.000"
X-1173,LSR,51599.0,MutNovel,"G518GR,0.799"
X-1173,MAP7,9053.0,MutNovel,"A293T,1.000"
X-1173,MDC1,9656.0,MutNovel,"A1227V,0.286"
X-1173,MDC1,9656.0,MutNovel,"P1177S,0.235"
X-1173,MED15,51586.0,MutNovel,"-251QQ,0.257"
X-1173,MEGF6,1953.0,MutNovel,"E480D,0.324"
X-1173,MLL2,8085.0,MutNovel,"P4619L,0.500"
X-1173,MPO,4353.0,MutNovel,"G666R,1.000"
X-1173,MPRIP,23164.0,MutNovel,"TS178T,0.221"
X-1173,MPRIP,23164.0,MutNovel,"A354V,0.557"
X-1173,MRPL41,64975.0,MutNovel,"A15G,0.335"
X-1173,MTUS2,23281.0,MutNovel,"R126S,1.000"
X-1173,MUC12,10071.0,MutNovel,"T312I,0.867"
X-1173,MUC12,10071.0,MutNovel,"L324F,0.903"
X-1173,MUC12,10071.0,MutNovel,"S330L,0.900"
X-1173,MUC12,10071.0,MutNovel,"T340P,0.947"
X-1173,MUC12,10071.0,MutNovel,"R855H,1.000"
X-1173,MUC12,10071.0,MutNovel,"T1039I,1.000"
X-1173,MUC12,10071.0,MutNovel,"E1323K,1.000"
X-1173,MUC12,10071.0,MutNovel,"L1735F,0.833"
X-1173,MUC12,10071.0,MutNovel,"S1741L,0.750"
X-1173,MUC12,10071.0,MutNovel,"E1768G,0.980"
X-1173,MUC12,10071.0,MutNovel,"T1770M,0.983"
X-1173,MUC12,10071.0,MutNovel,"S1856N,0.321"
X-1173,MUC12,10071.0,MutNovel,"R2216H,0.800"
X-1173,MUC12,10071.0,MutNovel,"P2219R,0.500"
X-1173,MUC12,10071.0,MutNovel,"T2596I,1.000"
X-1173,MUC12,10071.0,MutNovel,"K3104I,0.400"
X-1173,MUC12,10071.0,MutNovel,"S3413N,0.750"
X-1173,MUC12,10071.0,MutNovel,"T4363I,0.529"
X-1173,MUC12,10071.0,MutNovel,"T4391P,0.545"
X-1173,MUC12,10071.0,MutNovel,"S4496N,0.600"
X-1173,MUC12,10071.0,MutNovel,"LG4568FS,0.833"
X-1173,MUC12,10071.0,MutNovel,"E4601G,1.000"
X-1173,MUC12,10071.0,MutNovel,"T4603M,1.000"
X-1173,MYCBP2,23077.0,MutNovel,"A2477V,0.500"
X-1173,MYLK,4638.0,MutNovel,"S1193R,0.467"
X-1173,N4BP2L2,10443.0,MutKnownFunctional,"-484?,0.250"
X-1173,NACA2,342538.0,MutNovel,"V215M,1.000"
X-1173,NBPF10,100132406.0,MutNovel,"E3482V,0.203"
X-1173,NCOR2,9612.0,MutNovel,"G1839GAAA,0.582"
X-1173,NCRNA00185,55410.0,Del0.8,0.35
X-1173,NDUFV3,4731.0,MutKnownFunctional,"-183?,0.286"
X-1173,NEK1,4750.0,MutNovel,"F437L,0.800"
X-1173,NEU1,4758.0,MutNovel,"A298V,0.998"
X-1173,NFX1,4799.0,MutNovel,"P765S,0.698"
X-1173,NLGN4Y,22829.0,Del0.8,0.35
X-1173,NR1H2,7376.0,MutNovel,"-173Q,0.435"
X-1173,NRAS,4893.0,MutKnownFunctional,"G12D,0.646"
X-1173,NT5DC3,51559.0,MutNovel,"T422M,0.889"
X-1173,OR2A42,402317.0,Amp5,5.82
X-1173,OR2A42,402317.0,Amp5,5.82
X-1173,OR2A7,401427.0,Amp5,5.82
X-1173,OR2A9P,441295.0,Amp5,5.82
X-1173,OR2A9P,441295.0,Amp5,5.82
X-1173,OR4F29,729759.0,Amp5,5.78
X-1173,OR4F4,26682.0,Amp5,5.62
X-1173,ORAI1,84876.0,MutNovel,"PP43-,0.667"
X-1173,OS9,10956.0,MutNovel,"R234Q,0.664"
X-1173,PCDH11Y,83259.0,Del0.8,0.5
X-1173,PER1,5187.0,MutNovel,"P963L,0.214"
X-1173,PHLDA1,22822.0,MutNovel,"QQ194Q,0.480"
X-1173,PIEZO1,9780.0,MutNovel,"KI2169I,0.274"
X-1173,PITRM1,10531.0,MutNovel,"F92L,0.630"
X-1173,PLEKHA4,57664.0,MutNovel,"A480T,0.889"
X-1173,POTEF,728378.0,MutNovel,"Y918F,1.000"
X-1173,PRKY,5616.0,Del0.8,0.35
X-1173,PRUNE,58497.0,MutNovel,"S391N,0.667"
X-1173,PRY,9081.0,Del0.8,0.35
X-1173,PRY,9081.0,Del0.8,0.35
X-1173,PRY2,442862.0,Del0.8,0.35
X-1173,PRY2,442862.0,Del0.8,0.35
X-1173,PTEN,5728.0,MutNovel,"S59P,1.000"
X-1173,PYHIN1,149628.0,MutNovel,"S450F,1.000"
X-1173,QTRT1,81890.0,MutNovel,"S235N,0.321"
X-1173,RAD54B,25788.0,MutNovel,"L572P,0.741"
X-1173,RBMY1A3P,286557.0,Del0.8,0.35
X-1173,RBMY1B,378948.0,Del0.8,0.35
X-1173,RBMY1B,378948.0,Del0.8,0.35
X-1173,RBMY1E,378950.0,Del0.8,0.35
X-1173,RBMY1E,378950.0,Del0.8,0.35
X-1173,RBMY1F,159163.0,Del0.8,0.35
X-1173,RBMY1F,159163.0,Del0.8,0.35
X-1173,RBMY1J,378951.0,Del0.8,0.35
X-1173,RBMY1J,378951.0,Del0.8,0.35
X-1173,RBMY2EP,159125.0,Del0.8,0.35
X-1173,RBMY2FP,159162.0,Del0.8,0.35
X-1173,RBMY3AP,64593.0,Del0.8,0.35
X-1173,RERE,473.0,MutNovel,"S821P,0.429"
X-1173,RHBDF1,64285.0,MutNovel,"R107H,0.684"
X-1173,RHD,6007.0,Del0.8,0.69
X-1173,RIN3,79890.0,MutNovel,"G967-,0.650"
X-1173,RPS4Y1,6192.0,Del0.8,0.5
X-1173,RPS4Y2,140032.0,Del0.8,0.35
X-1173,RTF1,23168.0,MutNovel,"R706Q,0.410"
X-1173,SCAF1,58506.0,MutNovel,"RRSRS572R,0.323"
X-1173,SEC31A,22872.0,MutKnownFunctional,"-462?,0.250"
X-1173,SERINC2,347735.0,MutNovel,"-373Q,0.737"
X-1173,SH3GLB1,51100.0,MutKnownFunctional,"-57?,0.526"
X-1173,SLC12A2,6558.0,MutNovel,"P1171L,0.278"
X-1173,SLC16A11,162515.0,MutNovel,"H69Y,0.615"
X-1173,SLC24A6,80024.0,MutNovel,"R9H,0.667"
X-1173,SLC39A5,283375.0,MutNovel,"R130H,0.633"
X-1173,SMAD4,4089.0,MutLikelyFunctional,"R361C,1.000"
X-1173,SMARCD2,6603.0,MutNovel,"A24V,0.706"
X-1173,SMC6,79677.0,MutKnownFunctional,"R816*,0.288"
X-1173,SMOC1,64093.0,MutNovel,"D413E,0.519"
X-1173,SOX9,6662.0,MutKnownFunctional,"Q246*,0.624"
X-1173,SPERT,220082.0,MutNovel,"A224T,0.562"
X-1173,SPIRE2,84501.0,MutNovel,"R625S,0.673"
X-1173,SPTBN5,51332.0,MutNovel,"A1442V,1.000"
X-1173,SRY,6736.0,Del0.8,0.5
X-1173,SYS1,90196.0,MutNovel,"G3A,0.523"
X-1173,TBL1Y,90665.0,Del0.8,0.35
X-1173,TEC,7006.0,MutNovel,"A160T,0.765"
X-1173,TGIF2LY,90655.0,Del0.8,0.5
X-1173,TMEM249,,MutNovel,"E82K,1.000"
X-1173,TMEM80,283232.0,MutNovel,"A28V,0.500"
X-1173,TMEM82,388595.0,MutNovel,"I223V,1.000"
X-1173,TMPRSS2,7113.0,MutNovel,"N470T,0.271"
X-1173,TMSB4Y,9087.0,Del0.8,0.35
X-1173,TOMM40,10452.0,MutNovel,"T36M,0.694"
X-1173,TPSG1,25823.0,MutNovel,"G41A,0.833"
X-1173,TSPY1,7258.0,Del0.8,0.35
X-1173,TSPY2,64591.0,Del0.8,0.35
X-1173,TSPY3,728137.0,Del0.8,0.35
X-1173,TSPY4,728395.0,Del0.8,0.35
X-1173,TSPY8,728403.0,Del0.8,0.35
X-1173,TSPYL1,7259.0,MutNovel,"V176VW,0.851"
X-1173,TTTY10,246119.0,Del0.8,0.35
X-1173,TTTY11,83866.0,Del0.8,0.35
X-1173,TTTY12,83867.0,Del0.8,0.35
X-1173,TTTY13,83868.0,Del0.8,0.35
X-1173,TTTY14,83869.0,Del0.8,0.35
X-1173,TTTY15,64595.0,Del0.8,0.35
X-1173,TTTY16,252948.0,Del0.8,0.35
X-1173,TTTY17A,252949.0,Del0.8,0.36
X-1173,TTTY17A,252949.0,Del0.8,0.35
X-1173,TTTY18,252950.0,Del0.8,0.35
X-1173,TTTY19,252952.0,Del0.8,0.35
X-1173,TTTY1B,100101116.0,Del0.8,0.35
X-1173,TTTY1B,100101116.0,Del0.8,0.35
X-1173,TTTY2,60439.0,Del0.8,0.35
X-1173,TTTY2,60439.0,Del0.8,0.35
X-1173,TTTY20,252951.0,Del0.8,0.35
X-1173,TTTY21,252953.0,Del0.8,0.35
X-1173,TTTY21,252953.0,Del0.8,0.35
X-1173,TTTY22,252954.0,Del0.8,0.35
X-1173,TTTY23,252955.0,Del0.8,0.35
X-1173,TTTY23,252955.0,Del0.8,0.35
X-1173,TTTY3,114760.0,Del0.8,0.36
X-1173,TTTY3,114760.0,Del0.8,0.35
X-1173,TTTY4,114761.0,Del0.8,0.36
X-1173,TTTY4,114761.0,Del0.8,0.26
X-1173,TTTY5,83863.0,Del0.8,0.35
X-1173,TTTY6,84672.0,Del0.8,0.35
X-1173,TTTY6,84672.0,Del0.8,0.35
X-1173,TTTY7,246122.0,Del0.8,0.35
X-1173,TTTY7,246122.0,Del0.8,0.35
X-1173,TTTY7B,100101120.0,Del0.8,0.35
X-1173,TTTY7B,100101120.0,Del0.8,0.35
X-1173,TTTY8,84673.0,Del0.8,0.35
X-1173,TTTY8,84673.0,Del0.8,0.35
X-1173,TTTY9A,83864.0,Del0.8,0.35
X-1173,TTTY9A,83864.0,Del0.8,0.35
X-1173,TUBGCP5,114791.0,MutNovel,"H4Y,0.800"
X-1173,TXLNG2P,246126.0,Del0.8,0.35
X-1173,UBN2,254048.0,MutNovel,"P793S,0.429"
X-1173,UBR5,51366.0,MutNovel,"A2433T,0.391"
X-1173,UGGT1,56886.0,MutNovel,"M856T,0.590"
X-1173,URGCP,55665.0,MutNovel,"R576Q,0.540"
X-1173,USP36,57602.0,MutNovel,"KKK958K,0.276"
X-1173,USP9Y,8287.0,Del0.8,0.35
X-1173,UTY,7404.0,Del0.8,0.35
X-1173,VCY,9084.0,Del0.8,0.35
X-1173,VCY,9084.0,Del0.8,0.35
X-1173,XG,7499.0,MutNovel,"Q22R,0.986"
X-1173,XKRY2,353515.0,Del0.8,0.35
X-1173,XKRY2,353515.0,Del0.8,0.35
X-1173,ZDHHC11,79844.0,MutNovel,"A303D,0.571"
X-1173,ZFHX3,463.0,MutNovel,"QQQ3202Q,0.600"
X-1173,ZFY,7544.0,Del0.8,0.5
X-1210,AASDH,132949.0,MutKnownFunctional,"-440?,0.500"
X-1210,AATK,9625.0,MutNovel,"A837V,1.000"
X-1210,ABCC10,89845.0,MutNovel,"T533I,0.522"
X-1210,ABCC3,8714.0,MutNovel,"R1286H,0.559"
X-1210,ABCC5,10057.0,MutKnownFunctional,"-1090,0.375"
X-1210,ABCC6,368.0,MutNovel,"L27P,0.333"
X-1210,ABCF3,55324.0,MutNovel,"R211W,0.542"
X-1210,ABHD15,116236.0,MutNovel,"R387H,0.558"
X-1210,ABTB1,80325.0,MutNovel,"R444C,0.522"
X-1210,ACACB,32.0,MutNovel,"V531I,0.538"
X-1210,ACACB,32.0,MutNovel,"R1621Q,0.500"
X-1210,ACAD10,80724.0,MutKnownFunctional,"R416*,0.365"
X-1210,ACHE,43.0,MutNovel,"L603H,0.425"
X-1210,ACOT11,26027.0,MutNovel,"A266V,0.639"
X-1210,ACSF3,197322.0,MutNovel,"A52T,0.492"
X-1210,ACVR1,90.0,MutNovel,"Y164H,0.562"
X-1210,ACVR2A,92.0,MutKnownFunctional,"-435,0.583"
X-1210,ACVR2A,92.0,MutNovel,"P439H,0.440"
X-1210,ADAM15,8751.0,MutNovel,"R523H,0.436"
X-1210,ADAM6,8755.0,Amp5,6.23
X-1210,ADAMTS7,11173.0,MutKnownFunctional,"-1357GP?,0.211"
X-1210,ADAMTS7,11173.0,MutNovel,"LL1292PP,0.286"
X-1210,ADAMTS7,11173.0,MutNovel,"IQ727LQ,0.308"
X-1210,ADAMTSL5,339366.0,MutKnownFunctional,"-327,0.528"
X-1210,ADAT3,113179.0,MutNovel,"A325T,0.524"
X-1210,ADNP,23394.0,MutNovel,"R1056C,0.263"
X-1210,ADNP2,22850.0,MutNovel,"V710A,0.544"
X-1210,ADRA2B,151.0,MutNovel,"D58N,0.615"
X-1210,AFF1,4299.0,MutNovel,"R1071H,0.490"
X-1210,AFF4,27125.0,MutKnownFunctional,"-569,0.500"
X-1210,AGAP1,116987.0,MutNovel,"T771M,0.490"
X-1210,AGAP4,119016.0,MutNovel,"S87N,0.667"
X-1210,AGAP5,729092.0,MutNovel,"R568H,0.525"
X-1210,AGAP6,414189.0,MutNovel,"G370R,0.486"
X-1210,AGAP6,414189.0,MutNovel,"P391L,0.477"
X-1210,AGAP6,414189.0,MutKnownFunctional,"E621*,0.375"
X-1210,AGAP7,653268.0,MutNovel,"I31T,1.000"
X-1210,AGPAT6,137964.0,MutKnownFunctional,"-35,0.500"
X-1210,AGRN,375790.0,MutNovel,"R261H,0.697"
X-1210,AGRN,375790.0,MutNovel,"R1187Q,0.777"
X-1210,AHDC1,27245.0,MutKnownFunctional,"-586,0.496"
X-1210,AHDC1,27245.0,MutKnownFunctional,"-374,0.505"
X-1210,AHDC1,27245.0,MutNovel,"R154C,0.488"
X-1210,AIM1L,55057.0,MutNovel,"K465E,0.478"
X-1210,AJUBA,84962.0,MutKnownFunctional,"-534,0.483"
X-1210,AKAP1,8165.0,MutNovel,"A565V,0.520"
X-1210,AKAP13,11214.0,MutNovel,"R2063W,0.467"
X-1210,AKAP3,10566.0,MutKnownFunctional,"Q844*,0.438"
X-1210,AKAP8,10270.0,MutNovel,"E312K,0.437"
X-1210,AKAP8L,26993.0,MutNovel,"R340G,0.434"
X-1210,AKAP9,10142.0,MutKnownFunctional,"-3743?,0.398"
X-1210,AKD1,221264.0,MutKnownFunctional,"C995*,0.500"
X-1210,AKR1B10,57016.0,MutNovel,"F279L,0.429"
X-1210,AKTIP,64400.0,MutNovel,"V27M,0.541"
X-1210,ALAS1,211.0,MutNovel,"A390V,0.479"
X-1210,ALDH3A2,224.0,MutNovel,"R423C,0.479"
X-1210,ALG13,79868.0,MutNovel,"P919L,0.520"
X-1210,ALG9,79796.0,MutNovel,"R236Q,0.464"
X-1210,ALKBH4,54784.0,MutNovel,"V218M,0.513"
X-1210,ALMS1,7840.0,MutKnownFunctional,"-1604?,0.483"
X-1210,ALMS1,7840.0,MutNovel,"R2615W,0.553"
X-1210,ALPK1,80216.0,MutNovel,"A71V,0.500"
X-1210,AMBRA1,55626.0,MutNovel,"R755H,0.485"
X-1210,AMELY,266.0,Del0.8,0.38
X-1210,AMFR,267.0,MutNovel,"R625H,0.542"
X-1210,AMPD2,271.0,MutNovel,"R440Q,0.491"
X-1210,ANAPC5,51433.0,MutNovel,"V458M,0.464"
X-1210,ANKDD1A,348094.0,MutNovel,"R24H,1.000"
X-1210,ANKIB1,54467.0,MutNovel,"E569G,0.243"
X-1210,ANKRD13A,88455.0,MutNovel,"A522T,0.496"
X-1210,ANKRD18B,441459.0,MutNovel,"R555H,0.522"
X-1210,ANKRD27,84079.0,MutNovel,"A520V,0.507"
X-1210,ANKRD36,375248.0,MutNovel,"V1432I,0.400"
X-1210,ANKRD50,57182.0,MutNovel,"H420Y,0.556"
X-1210,ANKRD52,283373.0,MutNovel,"S282L,0.498"
X-1210,ANKRD52,283373.0,MutNovel,"L153I,0.549"
X-1210,ANO8,57719.0,MutNovel,"Y261C,0.450"
X-1210,AP1G2,8906.0,MutNovel,"R544H,0.629"
X-1210,AP1G2,8906.0,MutKnownFunctional,"-449,0.461"
X-1210,AP2A1,160.0,MutNovel,"R451H,0.496"
X-1210,AP2M1,1173.0,MutNovel,"R434H,0.461"
X-1210,AP4B1,10717.0,MutNovel,"E334G,0.604"
X-1210,AP4M1,9179.0,MutNovel,"V382I,0.541"
X-1210,AP5B1,,MutNovel,"R731Q,0.488"
X-1210,AP5B1,,MutNovel,"A452V,0.567"
X-1210,APC,324.0,MutNovel,"K758N,0.608"
X-1210,APLP2,334.0,MutNovel,"V710I,0.402"
X-1210,APOE,348.0,MutNovel,"R292C,0.556"
X-1210,APP,351.0,MutNovel,"R100Q,0.594"
X-1210,AQP12B,653437.0,MutNovel,"T129M,1.000"
X-1210,ARFGAP2,84364.0,MutNovel,"R275C,0.314"
X-1210,ARFGEF2,10564.0,MutNovel,"A751T,0.246"
X-1210,ARHGAP23,57636.0,MutNovel,"R439W,0.917"
X-1210,ARHGAP39,80728.0,MutNovel,"P454S,0.500"
X-1210,ARHGEF10L,55160.0,MutNovel,"R383C,0.548"
X-1210,ARHGEF11,9826.0,MutKnownFunctional,"NLR1247NL*,0.299"
X-1210,ARHGEF11,9826.0,MutNovel,"R46C,0.761"
X-1210,ARHGEF12,23365.0,MutNovel,"R853Q,0.524"
X-1210,ARHGEF17,9828.0,MutKnownFunctional,"-615,0.474"
X-1210,ARHGEF18,23370.0,MutNovel,"A562V,0.496"
X-1210,ARHGEF3,50650.0,MutNovel,"V558A,0.506"
X-1210,ARID1B,57492.0,MutNovel,"H727R,0.466"
X-1210,ARID2,196528.0,MutKnownFunctional,"-1125,0.408"
X-1210,ARID4A,5926.0,MutKnownFunctional,"-420,0.370"
X-1210,ARMC5,79798.0,MutNovel,"R611W,0.494"
X-1210,ARNTL,406.0,MutNovel,"P622S,0.453"
X-1210,ARNTL2,56938.0,MutNovel,"V29M,0.490"
X-1210,ARPC1B,10095.0,MutNovel,"V145I,0.512"
X-1210,ARPC2,10109.0,MutNovel,"A280T,0.480"
X-1210,ASAP3,55616.0,MutNovel,"R861W,0.577"
X-1210,ASH1L,55870.0,MutKnownFunctional,"R1527*,0.343"
X-1210,ASPHD1,253982.0,MutNovel,"P202L,0.364"
X-1210,ASTE1,28990.0,MutKnownFunctional,"-632,0.513"
X-1210,ASXL1,171023.0,MutNovel,"G181R,0.654"
X-1210,ASXL1,171023.0,MutKnownFunctional,"-643,0.512"
X-1210,ATF5,22809.0,MutNovel,"R248H,0.527"
X-1210,ATF6,22926.0,MutNovel,"R403K,0.393"
X-1210,ATG4D,84971.0,MutNovel,"L39P,0.489"
X-1210,ATG7,10533.0,MutNovel,"R271H,0.609"
X-1210,ATIC,471.0,MutNovel,"A120V,0.437"
X-1210,ATP11C,286410.0,MutNovel,"Y906H,1.000"
X-1210,ATP2A3,489.0,MutNovel,"R141H,0.462"
X-1210,ATP2B1,490.0,MutNovel,"D809V,0.504"
X-1210,ATP2C2,9914.0,MutNovel,"A667V,0.520"
X-1210,ATP5J2-PTCD1,100526740.0,MutNovel,"R675C,0.532"
X-1210,ATRN,8455.0,MutNovel,"R930W,0.616"
X-1210,ATXN1L,342371.0,MutKnownFunctional,"-63,0.571"
X-1210,ATXN2L,11273.0,MutNovel,"P51H,0.582"
X-1210,AUP1,550.0,MutNovel,"R389C,0.439"
X-1210,AXIN1,8312.0,MutNovel,"C790Y,0.512"
X-1210,AZI1,22994.0,MutNovel,"R292H,0.651"
X-1210,B2M,567.0,MutKnownFunctional,"-67,1.000"
X-1210,B2M,567.0,MutNovel,"E67G,0.943"
X-1210,B4GALNT3,283358.0,MutNovel,"R550M,0.472"
X-1210,B4GALNT4,338707.0,MutKnownFunctional,"-111,0.404"
X-1210,BAHCC1,57597.0,MutNovel,"A691T,0.550"
X-1210,BAHCC1,57597.0,MutNovel,"A2531V,0.491"
X-1210,BAIAP2L2,80115.0,MutKnownFunctional,"-267?,0.281"
X-1210,BAZ2A,11176.0,MutKnownFunctional,"-576,0.281"
X-1210,BAZ2B,29994.0,MutNovel,"G843C,0.459"
X-1210,BBC3,27113.0,MutNovel,"P22L,0.594"
X-1210,BBS1,582.0,MutNovel,"V491M,0.583"
X-1210,BCAS1,8537.0,MutNovel,"A27V,0.242"
X-1210,BCL9,607.0,MutNovel,"V1071M,0.431"
X-1210,BCORL1,63035.0,MutKnownFunctional,"-361,1.000"
X-1210,BCORP1,286554.0,Del0.8,0.33
X-1210,BCR,613.0,MutNovel,"R254C,0.495"
X-1210,BCR,613.0,MutNovel,"R254H,0.493"
X-1210,BMP2K,55589.0,MutNovel,"N1044S,0.283"
X-1210,BPY2B,442867.0,Del0.8,0.33
X-1210,BPY2B,442867.0,Del0.8,0.33
X-1210,BRD2,6046.0,MutNovel,"S597N,0.349"
X-1210,BRD3,8019.0,MutKnownFunctional,"-24,0.464"
X-1210,BRD4,23476.0,MutNovel,"P252R,0.663"
X-1210,BROX,148362.0,MutNovel,"V351I,0.555"
X-1210,BRPF3,27154.0,MutNovel,"R779W,0.508"
X-1210,BRPF3,27154.0,MutNovel,"R970C,0.489"
X-1210,BSCL2,26580.0,MutNovel,"R171C,0.492"
X-1210,BTBD2,55643.0,MutNovel,"R288H,0.444"
X-1210,BTRC,8945.0,MutKnownFunctional,"-592?,0.500"
X-1210,BUB1,699.0,MutNovel,"P1039A,0.486"
X-1210,BUD31,8896.0,MutNovel,"C101Y,0.436"
X-1210,C10orf12,26148.0,MutNovel,"R1089C,0.487"
X-1210,C10orf88,80007.0,MutNovel,"R363C,0.446"
X-1210,C11orf73,51501.0,MutKnownFunctional,"-197,0.727"
X-1210,C11orf84,144097.0,MutNovel,"R305Q,0.368"
X-1210,C12orf10,60314.0,MutKnownFunctional,"-34?,0.488"
X-1210,C12orf26,84190.0,MutNovel,"R477C,0.583"
X-1210,C12orf4,57102.0,MutNovel,"A103V,0.576"
X-1210,C12orf52,84934.0,MutNovel,"T143S,0.485"
X-1210,C12orf66,144577.0,MutNovel,"R397H,0.636"
X-1210,C14orf102,55051.0,MutNovel,"P288H,0.657"
X-1210,C16orf54,283897.0,MutNovel,"R55C,0.444"
X-1210,C17orf59,54785.0,MutNovel,"E45D,0.484"
X-1210,C19orf48,84798.0,MutNovel,"P25S,0.567"
X-1210,C19orf6,91304.0,MutNovel,"R301W,0.508"
X-1210,C19orf66,55337.0,MutNovel,"A28V,0.463"
X-1210,C1QL1,10882.0,MutNovel,"S14R,0.667"
X-1210,C1QTNF1,114897.0,MutNovel,"A147T,0.529"
X-1210,C1orf172,126695.0,MutKnownFunctional,"R199*,0.308"
X-1210,C1orf198,84886.0,MutNovel,"A137T,0.502"
X-1210,C1orf228,339541.0,MutNovel,"A345V,0.875"
X-1210,C1orf85,112770.0,MutNovel,"A121V,0.476"
X-1210,C20orf112,140688.0,MutKnownFunctional,"-376,0.422"
X-1210,C20orf20,55257.0,MutKnownFunctional,"-118,0.588"
X-1210,C21orf58,54058.0,MutNovel,"H299PN,0.471"
X-1210,C2orf68,388969.0,MutNovel,"H55Y,0.447"
X-1210,C2orf69,205327.0,MutNovel,"N200S,0.373"
X-1210,C2orf76,130355.0,MutNovel,"R14H,0.601"
X-1210,C5orf4,10826.0,MutNovel,"R162H,0.826"
X-1210,C5orf42,65250.0,MutKnownFunctional,"-3093,0.264"
X-1210,C5orf54,63920.0,MutNovel,"L387P,0.444"
X-1210,C5orf62,85027.0,MutNovel,"P54L,0.486"
X-1210,C6orf170,221322.0,MutNovel,"L1073V,0.532"
X-1210,C6orf47,57827.0,MutNovel,"R167W,0.551"
X-1210,C7orf25,79020.0,MutKnownFunctional,"-384?,0.548"
X-1210,C7orf63,79846.0,MutKnownFunctional,"-406?,0.316"
X-1210,C9orf50,375759.0,MutNovel,"A276T,0.600"
X-1210,C9orf9,11092.0,MutNovel,"G136S,0.483"
X-1210,CACNA1D,776.0,MutKnownFunctional,"-92?,0.267"
X-1210,CACNB2,783.0,MutNovel,"R608H,0.467"
X-1210,CAD,790.0,MutNovel,"R1398H,0.559"
X-1210,CALML5,51806.0,MutNovel,"AA72VA,0.214"
X-1210,CAMKK2,10645.0,MutKnownFunctional,"-537,1.000"
X-1210,CAMSAP2,23271.0,MutKnownFunctional,"-1424,0.500"
X-1210,CAPN10,11132.0,MutNovel,"A252V,0.475"
X-1210,CAPN5,726.0,MutNovel,"G247S,0.516"
X-1210,CAPN5,726.0,MutNovel,"R341H,0.508"
X-1210,CARHSP1,23589.0,MutNovel,"R29P,0.494"
X-1210,CASKIN2,57513.0,MutKnownFunctional,"-728?,0.438"
X-1210,CASP8AP2,9994.0,MutKnownFunctional,"-1234?,0.488"
X-1210,CATSPERB,79820.0,MutNovel,"Y1046C,0.232"
X-1210,CBFA2T2,9139.0,MutKnownFunctional,"-551,0.432"
X-1210,CBFA2T3,863.0,MutNovel,"R229W,0.297"
X-1210,CBL,867.0,MutNovel,"A672V,0.633"
X-1210,CBR3,874.0,MutNovel,"G266C,0.577"
X-1210,CBWD2,150472.0,MutNovel,"A195S,0.266"
X-1210,CBX7,23492.0,MutKnownFunctional,"-216,0.510"
X-1210,CBX7,23492.0,MutNovel,"R170W,0.563"
X-1210,CBX8,57332.0,MutKnownFunctional,"-314?,0.471"
X-1210,CCDC110,256309.0,MutKnownFunctional,"-592?,0.360"
X-1210,CCDC121,79635.0,MutNovel,"R302W,0.474"
X-1210,CCDC22,28952.0,MutNovel,"R257C,0.994"
X-1210,CCDC28A,25901.0,MutKnownFunctional,"-115,0.489"
X-1210,CCDC43,124808.0,MutKnownFunctional,"-216,0.567"
X-1210,CCDC57,284001.0,MutNovel,"R203Q,0.484"
X-1210,CCDC60,160777.0,MutNovel,"R243Q,0.633"
X-1210,CCDC60,160777.0,MutNovel,"A548T,0.432"
X-1210,CCDC66,285331.0,MutKnownFunctional,"Q557*,0.714"
X-1210,CCDC77,84318.0,MutNovel,"V334I,0.500"
X-1210,CCDC77,84318.0,MutNovel,"E379G,0.353"
X-1210,CCDC88C,440193.0,MutNovel,"G1993S,0.257"
X-1210,CCDC88C,440193.0,MutNovel,"A1917V,0.473"
X-1210,CCDC9,26093.0,MutNovel,"R278Q,0.484"
X-1210,CCND3,896.0,MutKnownFunctional,"-271,0.507"
X-1210,CD151,977.0,MutNovel,"R171C,0.297"
X-1210,CDC123,8872.0,MutNovel,"A319V,0.538"
X-1210,CDC37L1,55664.0,MutNovel,"KE113K,0.581"
X-1210,CDH23,64072.0,MutNovel,"E541K,0.768"
X-1210,CDH24,64403.0,MutNovel,"R78C,0.517"
X-1210,CDK12,51755.0,MutNovel,"R204K,0.477"
X-1210,CDK13,8621.0,MutKnownFunctional,"-159,0.625"
X-1210,CDK18,5129.0,MutNovel,"R461H,0.672"
X-1210,CDK9,1025.0,MutNovel,"A361T,0.514"
X-1210,CDKL2,8999.0,MutNovel,"D144N,0.750"
X-1210,CDX2,1045.0,MutKnownFunctional,"-306,0.253"
X-1210,CDY1B,253175.0,Del0.8,0.33
X-1210,CDY1B,253175.0,Del0.8,0.33
X-1210,CDY2A,9426.0,Del0.8,0.33
X-1210,CDY2A,9426.0,Del0.8,0.33
X-1210,CDY2B,203611.0,Del0.8,0.33
X-1210,CDY2B,203611.0,Del0.8,0.33
X-1210,CECR5,27440.0,MutNovel,"R299W,0.591"
X-1210,CELF6,60677.0,MutNovel,"G196S,1.000"
X-1210,CELSR1,9620.0,MutNovel,"P2098S,0.625"
X-1210,CENPB,1059.0,MutNovel,"G166D,0.321"
X-1210,CEP104,9731.0,MutNovel,"R229C,0.544"
X-1210,CEP135,9662.0,MutNovel,"R797C,0.571"
X-1210,CEP164,22897.0,MutKnownFunctional,"-113,0.395"
X-1210,CEP192,55125.0,MutNovel,"E459K,0.436"
X-1210,CEP290,80184.0,MutKnownFunctional,"-212?,0.727"
X-1210,CEP97,79598.0,MutNovel,"T375M,0.513"
X-1210,CEPT1,10390.0,MutKnownFunctional,"-183,0.283"
X-1210,CFHR3,10878.0,Amp5,5.54
X-1210,CHD2,1106.0,MutKnownFunctional,"-1242?,0.890"
X-1210,CHD4,1108.0,MutNovel,"T703M,0.519"
X-1210,CHD5,26038.0,MutNovel,"G266D,0.696"
X-1210,CHFR,55743.0,MutNovel,"A240V,0.233"
X-1210,CHKA,1119.0,MutNovel,"P72S,0.625"
X-1210,CHRNA10,57053.0,MutKnownFunctional,"R410*,0.875"
X-1210,CHST7,56548.0,MutNovel,"P419H,1.000"
X-1210,CHST7,56548.0,MutNovel,"R437H,1.000"
X-1210,CHSY1,22856.0,MutNovel,"A31T,1.000"
X-1210,CIDEC,63924.0,MutNovel,"K236E,0.562"
X-1210,CIT,11113.0,MutNovel,"R947C,0.329"
X-1210,CIZ1,25792.0,MutNovel,"V745I,0.540"
X-1210,CIZ1,25792.0,MutNovel,"S230-,0.495"
X-1210,CKAP2L,150468.0,MutNovel,"K301R,0.553"
X-1210,CLASP1,23332.0,MutNovel,"R1254C,0.574"
X-1210,CLDN7,1366.0,MutKnownFunctional,"-146,0.231"
X-1210,CLK1,1195.0,MutNovel,"R356C,0.210"
X-1210,CLPB,81570.0,MutKnownFunctional,"-646,0.493"
X-1210,CLPTM1,1209.0,MutNovel,"A120T,0.419"
X-1210,CNNM2,54805.0,MutNovel,"T772I,0.453"
X-1210,CNPY3,10695.0,MutNovel,"L17LL,0.500"
X-1210,CNTNAP3,79937.0,MutNovel,"RR413QS,1.000"
X-1210,CNTRL,11064.0,MutNovel,"R2084W,0.529"
X-1210,COBLL1,22837.0,MutKnownFunctional,"-907,1.000"
X-1210,COG4,25839.0,MutNovel,"R702Q,0.491"
X-1210,COL7A1,1294.0,MutNovel,"G1519S,0.286"
X-1210,COL9A2,1298.0,MutNovel,"T594M,0.575"
X-1210,COMMD5,28991.0,MutNovel,"A37V,0.566"
X-1210,COPG1,,MutNovel,"R126Q,0.594"
X-1210,COPS7A,50813.0,MutNovel,"T223M,0.472"
X-1210,COPZ2,51226.0,MutKnownFunctional,"-6?,1.000"
X-1210,CPEB3,22849.0,MutNovel,"K647T,0.565"
X-1210,CPOX,1371.0,MutNovel,"V243M,0.446"
X-1210,CPSF1,29894.0,MutNovel,"R1415H,0.516"
X-1210,CRAMP1L,57585.0,MutNovel,"P408L,0.525"
X-1210,CREG2,200407.0,MutNovel,"P96Q,0.532"
X-1210,CRIP3,401262.0,MutNovel,"S139L,0.600"
X-1210,CRIPAK,285464.0,MutNovel,"V164A,0.765"
X-1210,CRIPAK,285464.0,MutNovel,"C205R,0.500"
X-1210,CRIPAK,285464.0,MutNovel,"C205R,0.500"
X-1210,CRIPAK,285464.0,MutNovel,"H424R,0.480"
X-1210,CROCC,9696.0,MutNovel,"R240Q,0.473"
X-1210,CROCC,9696.0,MutNovel,"R658H,0.571"
X-1210,CROCC,9696.0,MutNovel,"R1595C,0.575"
X-1210,CRYZ,1429.0,MutKnownFunctional,"Q37*,0.600"
X-1210,CSPG4,1464.0,MutKnownFunctional,"R1573*,1.000"
X-1210,CSPG4P1Y,114758.0,Del0.8,0.33
X-1210,CSPG4P1Y,114758.0,Del0.8,0.33
X-1210,CSTF1,1477.0,MutNovel,"R352H,0.682"
X-1210,CTDP1,9150.0,MutNovel,"R404M,0.387"
X-1210,CTDSP1,58190.0,MutKnownFunctional,"R141*,0.317"
X-1210,CTIF,9811.0,MutNovel,"L95M,0.493"
X-1210,CTNNAL1,8727.0,MutNovel,"L30P,0.553"
X-1210,CTNNB1,1499.0,MutNovel,"L519I,0.442"
X-1210,CTNNBL1,56259.0,MutNovel,"R30W,0.300"
X-1210,CTNNBL1,56259.0,MutNovel,"R38C,0.321"
X-1210,CTSA,5476.0,MutNovel,"L29-,1.000"
X-1210,CTSB,1508.0,MutNovel,"E236K,0.552"
X-1210,CTSK,1513.0,MutKnownFunctional,"-53,0.818"
X-1210,CTTN,2017.0,MutNovel,"V164M,0.532"
X-1210,CUL7,9820.0,MutNovel,"R1201L,0.525"
X-1210,CUL9,23113.0,MutNovel,"R2148C,0.406"
X-1210,CYP26A1,1592.0,MutNovel,"R183S,1.000"
X-1210,CYP26A1,1592.0,MutNovel,"P422H,0.625"
X-1210,DACH1,1602.0,MutNovel,"T659M,0.470"
X-1210,DACH1,1602.0,MutNovel,"GG82-,1.000"
X-1210,DAGLA,747.0,MutNovel,"R244W,0.539"
X-1210,DAZ1,1617.0,Del0.8,0.33
X-1210,DAZ2,57055.0,Del0.8,0.33
X-1210,DAZ3,57054.0,Del0.8,0.33
X-1210,DAZ3,57054.0,Del0.8,0.33
X-1210,DAZ4,57135.0,Del0.8,0.33
X-1210,DAZ4,57135.0,Del0.8,0.33
X-1210,DAZAP1,26528.0,MutKnownFunctional,"-255,0.851"
X-1210,DCAF7,10238.0,MutNovel,"V162M,0.490"
X-1210,DCBLD1,285761.0,MutNovel,"R376W,0.463"
X-1210,DCP1A,55802.0,MutNovel,"E51D,0.521"
X-1210,DCTN1,1639.0,MutNovel,"R1261W,0.508"
X-1210,DCTPP1,79077.0,MutNovel,"R139C,0.436"
X-1210,DDB1,1642.0,MutNovel,"T562M,0.470"
X-1210,DDX10,1662.0,MutNovel,"R749W,0.539"
X-1210,DDX11,1663.0,MutNovel,"A347D,0.481"
X-1210,DDX23,9416.0,MutNovel,"I453T,0.454"
X-1210,DDX24,57062.0,MutNovel,"V442I,0.502"
X-1210,DDX26B,203522.0,MutKnownFunctional,"-118,1.000"
X-1210,DDX3Y,8653.0,Del0.8,0.33
X-1210,DDX54,79039.0,MutNovel,"R869W,0.572"
X-1210,DDX54,79039.0,MutNovel,"A258T,0.548"
X-1210,DENND4B,9909.0,MutNovel,"R1257W,0.469"
X-1210,DEPDC1,55635.0,MutKnownFunctional,"-39,0.464"
X-1210,DEPDC5,9681.0,MutNovel,"A1340V,0.527"
X-1210,DGCR14,8220.0,MutNovel,"T49M,0.395"
X-1210,DHCR7,1717.0,MutNovel,"V340I,0.482"
X-1210,DHCR7,1717.0,MutNovel,"L292M,0.440"
X-1210,DHCR7,1717.0,MutNovel,"A256T,0.437"
X-1210,DHX16,8449.0,MutNovel,"R171C,0.537"
X-1210,DHX36,170506.0,MutNovel,"R91Q,0.532"
X-1210,DHX58,79132.0,MutNovel,"E517K,0.568"
X-1210,DIAPH1,1729.0,MutKnownFunctional,"R1213*,0.412"
X-1210,DIDO1,11083.0,MutNovel,"A1073V,0.686"
X-1210,DIP2B,57609.0,MutNovel,"F415L,0.505"
X-1210,DIS3L2,129563.0,MutNovel,"E574D,0.547"
X-1210,DIS3L2,129563.0,MutNovel,"D708N,0.429"
X-1210,DLEC1,9940.0,MutKnownFunctional,"R1275*,1.000"
X-1210,DLG5,9231.0,MutNovel,"R166H,0.577"
X-1210,DLK2,65989.0,MutNovel,"R219C,0.518"
X-1210,DLX6,1750.0,MutNovel,"Q44QP,0.583"
X-1210,DMXL1,1657.0,MutNovel,"R520H,0.361"
X-1210,DMXL2,23312.0,MutNovel,"R1025C,1.000"
X-1210,DNA2,1763.0,MutKnownFunctional,"-779,0.389"
X-1210,DNAH1,25981.0,MutNovel,"D3462N,0.611"
X-1210,DNAH14,127602.0,MutNovel,"C1499R,0.400"
X-1210,DNAH14,127602.0,MutNovel,"T3761M,0.600"
X-1210,DNAH7,56171.0,MutNovel,"A2262S,0.667"
X-1210,DNAJA1,3301.0,MutNovel,"R312C,0.915"
X-1210,DNAJA3,9093.0,MutNovel,"T417M,0.548"
X-1210,DNAJB14,79982.0,MutNovel,"R64Q,0.367"
X-1210,DNAJB4,11080.0,MutKnownFunctional,"-301,0.532"
X-1210,DNAJC13,23317.0,MutKnownFunctional,"-1918,0.357"
X-1210,DNAJC28,54943.0,MutNovel,"V58M,0.267"
X-1210,DNAJC5,80331.0,MutNovel,"A54T,0.683"
X-1210,DNM2,1785.0,MutKnownFunctional,"-791?,0.250"
X-1210,DNMT3A,1788.0,MutNovel,"R659H,0.466"
X-1210,DNMT3B,1789.0,MutNovel,"T180M,0.556"
X-1210,DNPEP,23549.0,MutNovel,"A358T,0.474"
X-1210,DOCK6,57572.0,MutNovel,"R217W,0.567"
X-1210,DOCK6,57572.0,MutNovel,"R151H,0.439"
X-1210,DOCK8,81704.0,MutKnownFunctional,"-1111,0.350"
X-1210,DOK1,1796.0,MutNovel,"R381Q,0.553"
X-1210,DOM3Z,1797.0,MutKnownFunctional,"-155,0.442"
X-1210,DPF2,5977.0,MutNovel,"R205W,0.426"
X-1210,DPH1,1801.0,MutNovel,"R285S,0.518"
X-1210,DPP3,10072.0,MutNovel,"Q276H,0.558"
X-1210,DSE,29940.0,MutNovel,"L169M,0.800"
X-1210,DSP,1832.0,MutNovel,"R1002W,0.461"
X-1210,DST,667.0,MutNovel,"R2467H,0.521"
X-1210,DST,667.0,MutNovel,"V2125A,0.250"
X-1210,DSTYK,25778.0,MutNovel,"R766C,0.404"
X-1210,DTWD2,285605.0,MutNovel,"M289T,0.526"
X-1210,DVL1,1855.0,MutNovel,"R221H,0.496"
X-1210,DVL3,1857.0,MutNovel,"S208I,0.483"
X-1210,DVL3,1857.0,MutNovel,"R617Q,0.468"
X-1210,DYNC2H1,79659.0,MutNovel,"V4249M,0.875"
X-1210,DZANK1,55184.0,MutNovel,"R225H,0.714"
X-1210,E2F7,144455.0,MutNovel,"A78V,0.357"
X-1210,E4F1,1877.0,MutNovel,"G157S,0.596"
X-1210,EARS2,124454.0,MutNovel,"R514W,0.402"
X-1210,ECE2,9718.0,MutNovel,"HA101YA,0.488"
X-1210,EDEM1,9695.0,MutNovel,"G292R,0.335"
X-1210,EDEM2,55741.0,MutNovel,"G254R,0.582"
X-1210,EDEM3,80267.0,MutNovel,"V272M,0.477"
X-1210,EFCAB4B,84766.0,MutNovel,"P652T,0.518"
X-1210,EFNB3,1949.0,MutKnownFunctional,"-329,0.625"
X-1210,EFR3A,23167.0,MutNovel,"T333I,0.482"
X-1210,EGFL8,80864.0,MutNovel,"G13R,0.264"
X-1210,EGLN2,112398.0,MutNovel,"R355W,0.478"
X-1210,EHBP1L1,254102.0,MutNovel,"R314W,0.453"
X-1210,EHBP1L1,254102.0,MutNovel,"A1200V,0.487"
X-1210,EIF1AY,9086.0,Del0.8,0.33
X-1210,EIF2B4,8890.0,MutNovel,"R245Q,0.518"
X-1210,EIF2C2,27161.0,MutNovel,"P295L,0.503"
X-1210,EIF2C3,192669.0,MutNovel,"R180C,0.383"
X-1210,EIF2C4,192670.0,MutNovel,"P174S,0.584"
X-1210,EIF3A,8661.0,MutNovel,"V554I,0.462"
X-1210,EIF3J,8669.0,MutNovel,"MA1M,1.000"
X-1210,EIF4E2,9470.0,MutNovel,"S111N,0.500"
X-1210,ELF4,2000.0,MutKnownFunctional,"Q112*,0.995"
X-1210,EML6,400954.0,MutKnownFunctional,"-1150,0.467"
X-1210,ENGASE,64772.0,MutNovel,"L573P,0.397"
X-1210,ENOSF1,55556.0,MutKnownFunctional,"-197?,0.511"
X-1210,ENPP4,22875.0,MutNovel,"D211G,0.482"
X-1210,ENTPD4,9583.0,MutNovel,"R25Q,0.403"
X-1210,EOGT,,MutNovel,"H186Q,0.620"
X-1210,EP300,2033.0,MutNovel,"S946I,0.468"
X-1210,EP300,2033.0,MutLikelyFunctional,"D1399N,0.457"
X-1210,EP300,2033.0,MutNovel,"Q2266-,0.486"
X-1210,EPB41,2035.0,MutKnownFunctional,"-486,0.333"
X-1210,EPB41,2035.0,MutKnownFunctional,"-580,0.560"
X-1210,EPB41L2,2037.0,MutNovel,"S323P,0.578"
X-1210,EPB41L4B,54566.0,MutNovel,"R230Q,0.654"
X-1210,EPHB2,2048.0,MutNovel,"G546S,0.625"
X-1210,EPHB3,2049.0,MutNovel,"A220T,0.519"
X-1210,EPHB4,2050.0,MutNovel,"R495W,0.516"
X-1210,EPS15L1,58513.0,MutNovel,"R670S,0.412"
X-1210,EPS8L2,64787.0,MutKnownFunctional,"-469,0.362"
X-1210,EPS8L3,79574.0,MutNovel,"R62Q,0.395"
X-1210,ERLEC1,27248.0,MutNovel,"A306V,0.505"
X-1210,ERMP1,79956.0,MutNovel,"KG826R,0.462"
X-1210,ERN2,10595.0,MutNovel,"R803W,0.401"
X-1210,ESD,2098.0,MutNovel,"V250I,0.476"
X-1210,ESF1,51575.0,MutKnownFunctional,"-99,0.500"
X-1210,ESPN,83715.0,MutNovel,"A79T,0.547"
X-1210,ESPNL,339768.0,MutNovel,"E543K,0.667"
X-1210,ETV5,2119.0,MutNovel,"P289L,0.530"
X-1210,EVPL,2125.0,MutNovel,"V1070M,0.575"
X-1210,EXOC2,55770.0,MutNovel,"R585C,0.527"
X-1210,EXOSC10,5394.0,MutKnownFunctional,"-858,0.497"
X-1210,EXOSC9,5393.0,MutNovel,"R133C,0.507"
X-1210,EXT2,2132.0,MutNovel,"R199H,0.899"
X-1210,EXTL2,2135.0,MutNovel,"I264N,0.534"
X-1210,EXTL3,2137.0,MutNovel,"R637W,0.543"
X-1210,FAM111B,374393.0,MutKnownFunctional,"-269,1.000"
X-1210,FAM126A,84668.0,MutNovel,"A469V,0.435"
X-1210,FAM126B,285172.0,MutKnownFunctional,"-36?,0.421"
X-1210,FAM129B,64855.0,MutNovel,"V428M,0.520"
X-1210,FAM131A,131408.0,MutNovel,"R28C,0.500"
X-1210,FAM149A,25854.0,MutNovel,"A54V,0.293"
X-1210,FAM149A,25854.0,MutNovel,"T277M,0.333"
X-1210,FAM171B,165215.0,MutNovel,"-44QQ,0.562"
X-1210,FAM184B,27146.0,MutNovel,"P1005T,0.640"
X-1210,FAM18B2-CDRT4,100533496.0,MutNovel,"T150R,0.373"
X-1210,FAM18B2-CDRT4,100533496.0,MutNovel,"S135P,0.360"
X-1210,FAM18B2-CDRT4,100533496.0,MutNovel,"C51Y,0.202"
X-1210,FAM193A,8603.0,MutNovel,"R4H,0.522"
X-1210,FAM197Y2P,252946.0,Del0.8,0.38
X-1210,FAM222B,,MutKnownFunctional,"-240?,0.495"
X-1210,FAM41AY1,340618.0,Del0.8,0.33
X-1210,FAM41AY1,340618.0,Del0.8,0.33
X-1210,FAM43A,131583.0,MutNovel,"R205W,0.500"
X-1210,FAM46A,55603.0,MutKnownFunctional,"Q376*,0.451"
X-1210,FAM59A,64762.0,MutNovel,"P611L,0.508"
X-1210,FAM83E,54854.0,MutNovel,"D390N,0.608"
X-1210,FAM86B1,85002.0,MutNovel,"A108T,1.000"
X-1210,FAT1,2195.0,MutNovel,"F2460L,0.498"
X-1210,FBRS,64319.0,MutNovel,"G189R,0.672"
X-1210,FBRSL1,57666.0,MutKnownFunctional,"-1000?,0.412"
X-1210,FBRSL1,57666.0,MutNovel,"P1014L,0.500"
X-1210,FBXL17,64839.0,MutNovel,"R102Q,0.441"
X-1210,FBXO11,80204.0,MutNovel,"-57S,0.808"
X-1210,FBXO18,84893.0,MutNovel,"A276T,0.297"
X-1210,FBXO24,26261.0,MutNovel,"S467N,0.714"
X-1210,FBXO28,23219.0,MutKnownFunctional,"-348,0.505"
X-1210,FBXO34,55030.0,MutNovel,"R309C,0.465"
X-1210,FCGBP,8857.0,MutNovel,"A4420V,0.424"
X-1210,FCGBP,8857.0,MutNovel,"R3687Q,0.315"
X-1210,FCGBP,8857.0,MutNovel,"T2976A,0.583"
X-1210,FCGBP,8857.0,MutNovel,"A2715V,0.918"
X-1210,FCGBP,8857.0,MutNovel,"T1775A,0.594"
X-1210,FER,2241.0,MutNovel,"E517K,0.455"
X-1210,FERMT3,83706.0,MutNovel,"V173M,1.000"
X-1210,FES,2242.0,MutNovel,"R820Q,1.000"
X-1210,FFAR3,2865.0,Del0.8,0.49
X-1210,FGFR3,2261.0,MutNovel,"A501T,0.475"
X-1210,FHOD1,29109.0,MutKnownFunctional,"-585,0.583"
X-1210,FICD,11153.0,MutNovel,"T28M,0.455"
X-1210,FIZ1,84922.0,MutNovel,"S72L,0.443"
X-1210,FLCN,201163.0,MutKnownFunctional,"-429,0.500"
X-1210,FLII,2314.0,MutNovel,"E1113K,0.482"
X-1210,FLJ22184,80164.0,MutKnownFunctional,"-394?,0.488"
X-1210,FLNA,2316.0,MutNovel,"V495A,1.000"
X-1210,FLNB,2317.0,MutNovel,"V893A,0.564"
X-1210,FLNB,2317.0,MutNovel,"T1003M,0.504"
X-1210,FLT4,2324.0,MutNovel,"P1137L,0.622"
X-1210,FMNL3,91010.0,MutNovel,"Q1003H,0.417"
X-1210,FNBP1,23048.0,MutNovel,"R495W,0.487"
X-1210,FNBP1L,54874.0,MutNovel,"F527L,0.360"
X-1210,FNBP4,23360.0,MutKnownFunctional,"-949?,0.410"
X-1210,FNTB,2342.0,MutNovel,"A347V,0.430"
X-1210,FOPNL,123811.0,MutNovel,"L127V,0.464"
X-1210,FOXK1,221937.0,MutNovel,"P484S,0.308"
X-1210,FOXK2,3607.0,MutNovel,"V121A,0.588"
X-1210,FOXO1,2308.0,MutNovel,"H643D,0.514"
X-1210,FOXO3,2309.0,MutNovel,"A341V,0.475"
X-1210,FOXRED2,80020.0,MutNovel,"R116H,0.400"
X-1210,FPGS,2356.0,MutNovel,"R352W,0.423"
X-1210,FRA10AC1,118924.0,MutKnownFunctional,"-232,0.495"
X-1210,FRK,2444.0,MutNovel,"E188K,0.524"
X-1210,FSIP2,401024.0,MutKnownFunctional,"-2766,0.643"
X-1210,FUS,2521.0,MutNovel,"R377W,0.603"
X-1210,FUS,2521.0,MutNovel,"P450H,0.480"
X-1210,FUT11,170384.0,MutNovel,"S61R,0.500"
X-1210,FUT4,2526.0,MutKnownFunctional,"-408?,0.490"
X-1210,FUT5,2527.0,MutNovel,"A118M,0.900"
X-1210,FUT5,2527.0,MutNovel,"A118T,1.000"
X-1210,FYCO1,79443.0,MutNovel,"R1191W,0.542"
X-1210,FYCO1,79443.0,MutNovel,"R631H,0.500"
X-1210,G2E3,55632.0,MutKnownFunctional,"-358,0.375"
X-1210,G3BP2,9908.0,MutNovel,"R292C,0.494"
X-1210,GABPA,2551.0,MutNovel,"R416H,0.369"
X-1210,GABRR2,2570.0,MutNovel,"E118K,0.417"
X-1210,GAD1,2571.0,MutNovel,"E152K,0.338"
X-1210,GAL3ST2,64090.0,MutNovel,"T362M,0.861"
X-1210,GAL3ST2,64090.0,MutNovel,"V365M,0.842"
X-1210,GALNS,2588.0,MutNovel,"F97V,0.596"
X-1210,GATA6,2627.0,MutNovel,"AA284GA,0.467"
X-1210,GATA6,2627.0,MutNovel,"Y323YH,0.500"
X-1210,GCAT,23464.0,MutNovel,"I237M,0.514"
X-1210,GCDH,2639.0,MutKnownFunctional,"-389,0.250"
X-1210,GCN1L1,10985.0,MutNovel,"R845W,0.518"
X-1210,GDF11,10220.0,MutNovel,"R298Q,0.528"
X-1210,GFOD1,54438.0,MutNovel,"P143L,0.462"
X-1210,GGA2,23062.0,MutNovel,"G458D,0.476"
X-1210,GGA3,23163.0,MutNovel,"R260Q,0.494"
X-1210,GGT2,,MutNovel,"R535Q,1.000"
X-1210,GGT6,124975.0,MutNovel,"G176S,0.556"
X-1210,GIGYF1,64599.0,MutKnownFunctional,"-111,0.433"
X-1210,GIN1,54826.0,MutNovel,"R3H,0.696"
X-1210,GLI4,2738.0,MutNovel,"Y239C,0.470"
X-1210,GLUD1,2746.0,MutNovel,"H481Y,0.494"
X-1210,GLYR1,84656.0,MutKnownFunctional,"-380,1.000"
X-1210,GNA11,2767.0,MutNovel,"G140D,0.467"
X-1210,GNAZ,2781.0,MutNovel,"R15W,0.500"
X-1210,GOLGA2P2Y,84559.0,Del0.8,0.33
X-1210,GOLGA2P2Y,84559.0,Del0.8,0.33
X-1210,GOLGA3,2802.0,MutNovel,"A51T,0.331"
X-1210,GOLGB1,2804.0,MutNovel,"A645V,0.437"
X-1210,GOLIM4,27333.0,MutKnownFunctional,"R669*,0.532"
X-1210,GOLPH3,64083.0,MutNovel,"V221I,0.396"
X-1210,GON4L,54856.0,MutKnownFunctional,"-134,0.444"
X-1210,GPATCH1,55094.0,MutNovel,"S783Y,0.519"
X-1210,GPC1,2817.0,MutNovel,"T162M,0.437"
X-1210,GPR124,25960.0,MutNovel,"R398Q,1.000"
X-1210,GPR137,56834.0,MutNovel,"R221W,0.509"
X-1210,GPR173,54328.0,MutNovel,"G86S,1.000"
X-1210,GPRIN2,9721.0,MutNovel,"R153M,0.278"
X-1210,GPRIN2,9721.0,MutNovel,"-238MRE,0.494"
X-1210,GRIN2D,2906.0,MutNovel,"L1189P,0.591"
X-1210,GRIN3B,116444.0,MutNovel,"H117Y,1.000"
X-1210,GRK5,2869.0,MutNovel,"T129M,0.469"
X-1210,GSDMD,79792.0,MutNovel,"V94M,0.508"
X-1210,GSK3A,2931.0,MutNovel,"R243C,0.419"
X-1210,GSS,2937.0,MutKnownFunctional,"R418*,0.581"
X-1210,GSTM1,2944.0,MutNovel,"A75T,0.986"
X-1210,GSTM5,2949.0,MutNovel,"N85S,1.000"
X-1210,GTF2H4,2968.0,MutNovel,"T98I,0.466"
X-1210,GTF2I,2969.0,MutNovel,"T384M,0.496"
X-1210,GTF3C1,2975.0,MutNovel,"G2015V,0.531"
X-1210,GTF3C1,2975.0,MutNovel,"R1802C,0.440"
X-1210,GTF3C1,2975.0,MutNovel,"R186Q,0.425"
X-1210,GTSE1,51512.0,MutNovel,"A121T,0.472"
X-1210,GUCY2C,2984.0,MutNovel,"H486R,0.427"
X-1210,GUF1,60558.0,MutKnownFunctional,"-643,0.488"
X-1210,GXYLT1,283464.0,MutNovel,"R367I,0.445"
X-1210,GYG2P1,352887.0,Del0.8,0.33
X-1210,GYLTL1B,120071.0,MutNovel,"R699H,0.548"
X-1210,H6PD,9563.0,MutNovel,"S590L,0.431"
X-1210,HAUS1,115106.0,MutNovel,"P246L,0.472"
X-1210,HAUS3,79441.0,MutNovel,"R120C,0.533"
X-1210,HAUS4,54930.0,MutKnownFunctional,"R72*,0.241"
X-1210,HAUS6,54801.0,MutNovel,"D737E,0.765"
X-1210,HDAC5,10014.0,MutNovel,"P392L,0.466"
X-1210,HDAC7,51564.0,MutNovel,"A890T,0.507"
X-1210,HEATR2,54919.0,MutNovel,"T608M,0.544"
X-1210,HEATR5A,25938.0,MutNovel,"A354V,0.407"
X-1210,HEATR7A,727957.0,MutNovel,"S346L,0.524"
X-1210,HECTD3,79654.0,MutNovel,"E812K,0.492"
X-1210,HECW2,57520.0,MutNovel,"R1165H,0.471"
X-1210,HERC1,8925.0,MutNovel,"A1773T,1.000"
X-1210,HERC2,8924.0,MutNovel,"A4800T,0.490"
X-1210,HERC6,55008.0,MutNovel,"Q61R,0.565"
X-1210,HERC6,55008.0,MutNovel,"A210V,0.400"
X-1210,HGS,9146.0,MutNovel,"R463C,0.494"
X-1210,HGSNAT,138050.0,MutNovel,"R344H,0.496"
X-1210,HIAT1,64645.0,MutKnownFunctional,"-267,0.267"
X-1210,HIRA,7290.0,MutNovel,"G350S,0.494"
X-1210,HIST1H1C,3006.0,MutNovel,"K81E,0.256"
X-1210,HIST1H1C,3006.0,MutNovel,"D72G,0.310"
X-1210,HIST1H2BK,85236.0,MutNovel,"Y122C,0.301"
X-1210,HIST2H2AB,317772.0,MutKnownFunctional,"-100,0.857"
X-1210,HIST2H2AC,8338.0,MutNovel,"R78H,0.627"
X-1210,HIVEP1,3096.0,MutNovel,"H892Y,0.429"
X-1210,HIVEP2,3097.0,MutNovel,"S600L,0.372"
X-1210,HKDC1,80201.0,MutNovel,"R467Q,0.530"
X-1210,HKR1,284459.0,MutNovel,"S342L,0.573"
X-1210,HLA-F,3134.0,MutKnownFunctional,"-394,0.444"
X-1210,HLA-G,3135.0,MutNovel,"AM48TV,0.857"
X-1210,HLA-G,3135.0,MutNovel,"M49V,1.000"
X-1210,HM13,81502.0,MutNovel,"R386W,0.405"
X-1210,HMBOX1,79618.0,MutNovel,"P111S,0.526"
X-1210,HMGCS2,3158.0,MutNovel,"A211T,0.531"
X-1210,HMGN5,79366.0,MutKnownFunctional,"-178,0.941"
X-1210,HMHA1,23526.0,MutNovel,"D515N,0.445"
X-1210,HNRNPH3,3189.0,MutNovel,"R129H,0.471"
X-1210,HNRNPK,3190.0,MutNovel,"L398M,0.484"
X-1210,HNRNPK,3190.0,MutNovel,"T9A,0.567"
X-1210,HOOK2,29911.0,MutNovel,"M136T,0.538"
X-1210,HOXA10,3206.0,MutNovel,"A233V,0.733"
X-1210,HOXB13,10481.0,MutNovel,"P222L,0.636"
X-1210,HP1BP3,50809.0,MutNovel,"T504M,0.482"
X-1210,HPS5,11234.0,MutNovel,"D736N,0.435"
X-1210,HPSE,10855.0,MutNovel,"R153Q,0.537"
X-1210,HRCT1,646962.0,MutNovel,"P106H,0.960"
X-1210,HS3ST3A1,9955.0,MutNovel,"A227V,0.471"
X-1210,HS3ST3B1,9953.0,MutNovel,"A212V,1.000"
X-1210,HS6ST1,9394.0,MutNovel,"R190H,0.458"
X-1210,HS6ST1,9394.0,MutNovel,"H93R,0.611"
X-1210,HSD17B4,3295.0,MutNovel,"I530V,0.539"
X-1210,HSFY2,159119.0,Del0.8,0.33
X-1210,HSFY2,159119.0,Del0.8,0.33
X-1210,HSPA12A,259217.0,MutNovel,"T34M,0.630"
X-1210,HSPA1A,3303.0,MutKnownFunctional,"-150?,1.000"
X-1210,HSPA2,3306.0,MutNovel,"E98K,0.506"
X-1210,HSPA2,3306.0,MutNovel,"T146M,0.484"
X-1210,HSPG2,3339.0,MutNovel,"R1200W,0.346"
X-1210,IBTK,25998.0,MutNovel,"R858W,0.475"
X-1210,IDH3B,3420.0,MutNovel,"A301T,0.679"
X-1210,IFI6,2537.0,MutNovel,"S78L,0.551"
X-1210,IFT122,55764.0,MutNovel,"Q975R,0.467"
X-1210,IGF2R,3482.0,MutNovel,"A735T,0.448"
X-1210,IGFBP2,3485.0,MutNovel,"L17LLPP,0.903"
X-1210,IGHMBP2,3508.0,MutNovel,"G898S,0.357"
X-1210,IGSF21,84966.0,MutNovel,"E93D,0.435"
X-1210,IKZF4,64375.0,MutNovel,"R235H,0.419"
X-1210,IL17RB,55540.0,MutKnownFunctional,"-170,0.938"
X-1210,IL17RC,84818.0,MutNovel,"IL556I,0.470"
X-1210,IL1R1,3554.0,MutNovel,"V432I,0.500"
X-1210,IL4I1,259307.0,MutNovel,"L438V,1.000"
X-1210,IL6R,3570.0,MutNovel,"P52Q,0.400"
X-1210,ILF3,3609.0,MutNovel,"R231Q,0.424"
X-1210,INADL,10207.0,MutNovel,"L1606H,0.595"
X-1210,INF2,64423.0,MutNovel,"E670D,0.426"
X-1210,INO80E,283899.0,MutKnownFunctional,"-209,0.632"
X-1210,INPPL1,3636.0,MutNovel,"A1144V,0.488"
X-1210,INSR,3643.0,MutNovel,"P856L,0.565"
X-1210,INSR,3643.0,MutNovel,"R819H,0.491"
X-1210,INTS1,26173.0,MutNovel,"Y216H,0.561"
X-1210,INTS6,26512.0,MutNovel,"R487Q,0.448"
X-1210,IP6K1,9807.0,MutNovel,"P71T,0.479"
X-1210,IPO4,79711.0,MutNovel,"G384D,0.473"
X-1210,IPO9,55705.0,MutNovel,"G543V,0.351"
X-1210,IQSEC1,9922.0,MutNovel,"H43Y,0.466"
X-1210,IRF2,3660.0,MutNovel,"V334I,0.472"
X-1210,IRGQ,126298.0,MutNovel,"A475V,0.607"
X-1210,IRGQ,126298.0,MutNovel,"R269C,0.441"
X-1210,IRS2,8660.0,MutNovel,"G1303S,0.227"
X-1210,IRS2,8660.0,MutNovel,"C747Y,0.559"
X-1210,IRX2,153572.0,MutNovel,"P299A,0.849"
X-1210,ITGA3,3675.0,MutNovel,"V838I,0.472"
X-1210,ITGB1,3688.0,MutNovel,"R98H,0.508"
X-1210,ITPKA,3706.0,MutNovel,"R240H,0.996"
X-1210,ITPKB,3707.0,MutKnownFunctional,"-207,0.273"
X-1210,ITPR2,3709.0,MutNovel,"S2655L,0.665"
X-1210,ITPR2,3709.0,MutNovel,"D1068N,0.787"
X-1210,ITPR2,3709.0,MutKnownFunctional,"-343?,0.281"
X-1210,ITPR3,3710.0,MutNovel,"R914Q,0.506"
X-1210,ITPR3,3710.0,MutNovel,"R2262C,0.496"
X-1210,ITPRIPL2,162073.0,MutKnownFunctional,"-145,0.491"
X-1210,JAG2,3714.0,MutNovel,"P954L,0.458"
X-1210,JAG2,3714.0,MutNovel,"V808I,0.542"
X-1210,JAK1,3716.0,MutKnownFunctional,"-860,0.444"
X-1210,JAK1,3716.0,MutNovel,"T814P,0.600"
X-1210,JAK1,3716.0,MutKnownFunctional,"-430,0.600"
X-1210,JHDM1D,80853.0,MutKnownFunctional,"-916,0.389"
X-1210,JMJD1C,221037.0,MutNovel,"P731H,0.453"
X-1210,KALRN,8997.0,MutNovel,"R1776C,0.950"
X-1210,KANK2,25959.0,MutNovel,"G417C,0.324"
X-1210,KANK2,25959.0,MutNovel,"P122L,0.400"
X-1210,KANSL1,,MutNovel,"A634T,0.553"
X-1210,KANSL1L,,MutNovel,"H267R,0.562"
X-1210,KAT6A,7994.0,MutNovel,"A1908T,0.481"
X-1210,KAT6A,7994.0,MutNovel,"S1558R,0.571"
X-1210,KBTBD11,9920.0,MutNovel,"A593V,0.486"
X-1210,KBTBD4,55709.0,MutKnownFunctional,"-402,0.497"
X-1210,KCNAB3,9196.0,MutNovel,"R15Q,0.400"
X-1210,KCNC4,3749.0,MutNovel,"R353H,0.471"
X-1210,KCNG1,3755.0,MutNovel,"I398V,0.462"
X-1210,KCNH2,3757.0,MutNovel,"A293T,0.646"
X-1210,KCNH6,81033.0,MutNovel,"R846H,0.519"
X-1210,KCNMA1,3778.0,MutNovel,"S12G,0.225"
X-1210,KCP,375616.0,MutNovel,"R1277W,0.640"
X-1210,KCTD1,284252.0,MutNovel,"E75D,1.000"
X-1210,KCTD3,51133.0,MutNovel,"T171M,0.424"
X-1210,KDM4B,23030.0,MutNovel,"R454Q,0.392"
X-1210,KDM4B,23030.0,MutNovel,"A703V,0.495"
X-1210,KDM4C,23081.0,MutNovel,"R786Q,0.471"
X-1210,KDM5D,8284.0,Del0.8,0.33
X-1210,KDM6A,7403.0,MutNovel,"P963L,0.370"
X-1210,KEAP1,9817.0,MutNovel,"R447W,0.477"
X-1210,KHSRP,8570.0,MutNovel,"A599V,0.507"
X-1210,KIAA0100,9703.0,MutNovel,"LS343S,0.429"
X-1210,KIAA0195,9772.0,MutKnownFunctional,"-391,0.491"
X-1210,KIAA0195,9772.0,MutNovel,"L742M,0.464"
X-1210,KIAA0195,9772.0,MutKnownFunctional,"-892,1.000"
X-1210,KIAA0195,9772.0,MutNovel,"R1254C,0.555"
X-1210,KIAA0240,23506.0,MutKnownFunctional,"-895,0.600"
X-1210,KIAA0319L,79932.0,MutNovel,"E757G,0.492"
X-1210,KIAA0368,23392.0,MutNovel,"R708H,0.498"
X-1210,KIAA0556,23247.0,MutNovel,"R1603H,0.532"
X-1210,KIAA0564,23078.0,MutNovel,"H1166R,0.381"
X-1210,KIAA0564,23078.0,MutNovel,"R116Q,0.520"
X-1210,KIAA0586,9786.0,MutNovel,"S283N,0.548"
X-1210,KIAA0922,23240.0,MutNovel,"R320C,0.519"
X-1210,KIAA0922,23240.0,MutNovel,"V923A,0.449"
X-1210,KIAA0922,23240.0,MutNovel,"N1495S,0.204"
X-1210,KIAA0947,23379.0,MutNovel,"F1014V,0.554"
X-1210,KIAA1109,84162.0,MutNovel,"R710H,0.400"
X-1210,KIAA1109,84162.0,MutKnownFunctional,"-1588,1.000"
X-1210,KIAA1109,84162.0,MutNovel,"Q3549H,0.449"
X-1210,KIAA1109,84162.0,MutNovel,"T4721A,0.558"
X-1210,KIAA1161,57462.0,MutNovel,"R116C,0.513"
X-1210,KIAA1407,57577.0,MutKnownFunctional,"-58,0.625"
X-1210,KIAA1430,57587.0,MutKnownFunctional,"-50,0.544"
X-1210,KIAA1468,57614.0,MutNovel,"R309W,0.540"
X-1210,KIAA1522,57648.0,MutNovel,"P1029L,0.540"
X-1210,KIAA1549,57670.0,MutNovel,"R1501H,0.512"
X-1210,KIAA1737,85457.0,MutNovel,"G387D,0.533"
X-1210,KIAA2018,205717.0,MutKnownFunctional,"-1016,0.474"
X-1210,KIF1B,23095.0,MutNovel,"R519W,0.546"
X-1210,KIF1B,23095.0,MutNovel,"V1358M,0.483"
X-1210,KIF1B,23095.0,MutNovel,"R1696C,0.513"
X-1210,KIF20B,9585.0,MutNovel,"L1062LKV,0.404"
X-1210,KIF23,9493.0,MutNovel,"T450M,0.996"
X-1210,KIF26A,26153.0,MutNovel,"P953H,1.000"
X-1210,KIFC2,90990.0,MutNovel,"G228W,0.500"
X-1210,KLC2,64837.0,MutKnownFunctional,"-565,0.439"
X-1210,KLF2,10365.0,MutNovel,"D338N,0.431"
X-1210,KLF9,687.0,MutNovel,"R171W,0.600"
X-1210,KLHDC5,57542.0,MutKnownFunctional,"-396,0.500"
X-1210,KLHL22,84861.0,MutKnownFunctional,"-49,0.429"
X-1210,KLHL23,151230.0,MutNovel,"G502S,0.494"
X-1210,KLHL25,64410.0,MutNovel,"R61H,1.000"
X-1210,KLHL32,114792.0,MutNovel,"T184M,0.654"
X-1210,KLHL7,55975.0,MutNovel,"P236H,0.448"
X-1210,KLHL9,55958.0,MutNovel,"S395G,0.440"
X-1210,KRAS,3845.0,MutKnownFunctional,"R164*,0.509"
X-1210,KRT12,3859.0,MutNovel,"S485P,0.500"
X-1210,KRT13,3860.0,MutNovel,"N233K,1.000"
X-1210,KRT17,3872.0,MutNovel,"R191C,0.614"
X-1210,KRT78,196374.0,MutNovel,"N136I,1.000"
X-1210,KRTAP5-1,387264.0,MutNovel,"G172D,0.667"
X-1210,KSR1,8844.0,MutKnownFunctional,"-152,0.556"
X-1210,LAMA5,3911.0,MutNovel,"C1910R,0.280"
X-1210,LAMB1,3912.0,MutNovel,"V1359M,0.467"
X-1210,LANCL2,55915.0,MutNovel,"G407R,0.481"
X-1210,LARGE,9215.0,MutNovel,"R526H,0.458"
X-1210,LARP4B,23185.0,MutKnownFunctional,"-163,0.281"
X-1210,LAT,27040.0,MutNovel,"A56T,0.400"
X-1210,LCE3C,353144.0,Del0.8,0.46
X-1210,LCORL,254251.0,MutNovel,"AA21A,0.444"
X-1210,LDOC1L,84247.0,MutNovel,"V60G,0.529"
X-1210,LEFTY1,10637.0,MutNovel,"V12A,0.815"
X-1210,LGALS3BP,3959.0,MutNovel,"E294K,0.500"
X-1210,LGALS8,3964.0,MutNovel,"M307T,0.509"
X-1210,LGALSL,29094.0,MutNovel,"E86K,0.546"
X-1210,LGR4,55366.0,MutKnownFunctional,"-790,0.493"
X-1210,LGR6,59352.0,MutNovel,"R565C,1.000"
X-1210,LIMK2,3985.0,MutNovel,"R429W,0.504"
X-1210,LINGO1,84894.0,MutNovel,"P370L,1.000"
X-1210,LLGL1,3996.0,MutNovel,"T1025M,0.510"
X-1210,LLGL2,3993.0,MutNovel,"R312C,0.498"
X-1210,LMNA,4000.0,MutNovel,"R336Q,0.486"
X-1210,LMO7,4008.0,MutNovel,"R596H,0.434"
X-1210,LMX1B,4010.0,MutKnownFunctional,"Q18*,0.783"
X-1210,LNX2,222484.0,MutNovel,"R238Q,0.230"
X-1210,LOC100132731,,MutNovel,"V166I,0.833"
X-1210,LOC100287290,,MutNovel,"T7A,1.000"
X-1210,LOC100506310,,MutNovel,"A671V,0.558"
X-1210,LOC100507338,,MutNovel,"Y230C,0.619"
X-1210,LOC100652741,,MutNovel,"P767Q,0.469"
X-1210,LOC100652894,,MutNovel,"R256Q,0.497"
X-1210,LOC100996250,,MutNovel,"L381F,0.375"
X-1210,LOC402160,402160.0,MutNovel,"P207L,0.500"
X-1210,LOC554223,554223.0,MutNovel,"M144K,0.667"
X-1210,LOC554223,554223.0,MutNovel,"V175A,1.000"
X-1210,LOC728888,,MutNovel,"A324V,0.214"
X-1210,LOC81691,81691.0,MutNovel,"R377W,0.429"
X-1210,LOC81691,81691.0,MutKnownFunctional,"-434,1.000"
X-1210,LOC81691,81691.0,MutKnownFunctional,"-700?,0.500"
X-1210,LONP2,83752.0,MutNovel,"S706G,0.400"
X-1210,LPHN1,22859.0,MutNovel,"A1370T,0.517"
X-1210,LPP,4026.0,MutNovel,"D517Y,0.445"
X-1210,LRCH3,84859.0,MutNovel,"R358C,0.404"
X-1210,LRFN1,57622.0,MutNovel,"A379V,0.567"
X-1210,LRFN3,79414.0,MutNovel,"R235W,0.530"
X-1210,LRP1,4035.0,MutNovel,"G590D,0.507"
X-1210,LRP1,4035.0,MutNovel,"L3159M,0.513"
X-1210,LRP1,4035.0,MutNovel,"R3475W,0.474"
X-1210,LRP10,26020.0,MutNovel,"G252S,0.533"
X-1210,LRP3,4037.0,MutKnownFunctional,"R619*,0.472"
X-1210,LRP5,4041.0,MutNovel,"PLLL11P,0.553"
X-1210,LRP5,4041.0,MutNovel,"R1556C,0.475"
X-1210,LRPPRC,10128.0,MutNovel,"R569H,0.881"
X-1210,LRRC16B,90668.0,MutNovel,"V651I,0.333"
X-1210,LRRC4,64101.0,MutNovel,"P212S,0.571"
X-1210,LRRC41,10489.0,MutNovel,"R681H,0.471"
X-1210,LRRC41,10489.0,MutNovel,"R305W,0.567"
X-1210,LRRC41,10489.0,MutNovel,"R28W,0.424"
X-1210,LRRC42,115353.0,MutNovel,"A86T,0.491"
X-1210,LRRC58,116064.0,MutNovel,"R268W,0.422"
X-1210,LRRIQ4,344657.0,MutNovel,"S252N,0.323"
X-1210,LRRK1,79705.0,MutNovel,"A1421T,0.513"
X-1210,LRRN2,10446.0,MutNovel,"V687I,0.449"
X-1210,LRWD1,222229.0,MutNovel,"V488I,0.455"
X-1210,LSM14B,149986.0,MutNovel,"A138T,0.317"
X-1210,LSR,51599.0,MutNovel,"G518GR,0.551"
X-1210,LTBP1,4052.0,MutNovel,"R1538W,0.583"
X-1210,LTK,4058.0,MutNovel,"G5E,1.000"
X-1210,LTN1,26046.0,MutKnownFunctional,"-582,0.391"
X-1210,LYSMD4,145748.0,MutNovel,"R6W,0.542"
X-1210,LZTR1,8216.0,MutNovel,"S330N,0.513"
X-1210,MACF1,23499.0,MutNovel,"R1005H,0.492"
X-1210,MAD1L1,8379.0,MutNovel,"K226E,0.632"
X-1210,MADD,8567.0,MutNovel,"V502M,0.452"
X-1210,MAGI1,9223.0,MutNovel,"R1326W,0.470"
X-1210,MAGI1,9223.0,MutNovel,"F983L,0.560"
X-1210,MAGI1,9223.0,MutNovel,"Q421HR,1.000"
X-1210,MAGI3,260425.0,MutNovel,"V226I,0.473"
X-1210,MAMDC4,158056.0,MutKnownFunctional,"-793,0.513"
X-1210,MAN1C1,57134.0,MutNovel,"R160S,0.444"
X-1210,MAN2B2,23324.0,MutNovel,"A166V,0.854"
X-1210,MAN2B2,23324.0,MutNovel,"R612H,0.798"
X-1210,MAP1S,55201.0,MutKnownFunctional,"-196,0.256"
X-1210,MAP1S,55201.0,MutNovel,"T692A,0.469"
X-1210,MAP3K13,9175.0,MutNovel,"A292V,0.571"
X-1210,MAP3K4,4216.0,MutNovel,"PA1189P,1.000"
X-1210,MAP7,9053.0,MutNovel,"R578Q,0.448"
X-1210,MAP7D1,55700.0,MutKnownFunctional,"-80?,0.378"
X-1210,MAPRE3,22924.0,MutKnownFunctional,"-179,1.000"
X-1210,2014-03-09 00:00:00,92979.0,MutNovel,"R306W,0.531"
X-1210,MARCKS,4082.0,MutKnownFunctional,"-152,0.600"
X-1210,MARK2,2011.0,MutNovel,"R259W,0.502"
X-1210,MARK2,2011.0,MutNovel,"A720T,0.413"
X-1210,MARVELD2,153562.0,MutKnownFunctional,"-524,0.513"
X-1210,MAZ,4150.0,MutKnownFunctional,"-11?,0.510"
X-1210,MAZ,4150.0,MutKnownFunctional,"-475?,0.507"
X-1210,MBD5,55777.0,MutNovel,"R1299W,0.481"
X-1210,MCAM,4162.0,MutNovel,"R267H,0.455"
X-1210,MCC,4163.0,MutNovel,"V720M,1.000"
X-1210,MCM3,4172.0,MutNovel,"A653T,0.478"
X-1210,MCMDC2,,MutNovel,"A547V,0.833"
X-1210,MCTP1,79772.0,MutNovel,"S989N,1.000"
X-1210,MDC1,9656.0,MutNovel,"G207S,0.688"
X-1210,MDM1,56890.0,MutNovel,"M296V,0.688"
X-1210,MDN1,23195.0,MutNovel,"R3478H,0.407"
X-1210,MED12L,116931.0,MutNovel,"T253A,1.000"
X-1210,MED23,9439.0,MutKnownFunctional,"R363*,0.378"
X-1210,MED25,81857.0,MutNovel,"P154R,0.491"
X-1210,MED8,112950.0,MutNovel,"R282C,0.566"
X-1210,MEGF10,84466.0,MutNovel,"K788N,1.000"
X-1210,MEGF6,1953.0,MutKnownFunctional,"-1440,0.368"
X-1210,MEGF6,1953.0,MutNovel,"R1296W,0.444"
X-1210,MEGF8,1954.0,MutNovel,"E2745K,0.538"
X-1210,MEP1A,4224.0,MutNovel,"R255Q,0.304"
X-1210,METTL1,4234.0,MutNovel,"K72R,0.549"
X-1210,METTL22,79091.0,MutNovel,"A131T,0.515"
X-1210,MEX3D,399664.0,MutNovel,"A534T,0.586"
X-1210,MFN2,9927.0,MutNovel,"Q429H,0.283"
X-1210,MFSD5,84975.0,MutNovel,"E74D,0.250"
X-1210,MFSD7,84179.0,MutNovel,"S170L,0.357"
X-1210,MGA,23269.0,MutNovel,"R1757H,1.000"
X-1210,MGAT3,4248.0,MutNovel,"E102K,0.500"
X-1210,MGEA5,10724.0,MutNovel,"R580Q,0.397"
X-1210,MGMT,4255.0,MutNovel,"V195M,0.286"
X-1210,MIA3,375056.0,MutNovel,"V1672M,0.474"
X-1210,MIB2,142678.0,MutNovel,"A823V,0.569"
X-1210,MIB2,142678.0,MutNovel,"A732T,0.423"
X-1210,MICA,100507436.0,MutNovel,"Q42R,0.327"
X-1210,MICAL3,57553.0,MutNovel,"P1465L,0.429"
X-1210,MICALCL,84953.0,MutNovel,"APPP456A,1.000"
X-1210,MIDN,90007.0,MutNovel,"T239M,0.445"
X-1210,MINOS1,440574.0,MutNovel,"A115V,0.462"
X-1210,MIOX,55586.0,MutNovel,"V91I,1.000"
X-1210,MIS18BP1,55320.0,MutKnownFunctional,"-690,0.357"
X-1210,MKL1,57591.0,MutKnownFunctional,"-639,0.404"
X-1210,MKRN2,23609.0,MutNovel,"R353W,0.481"
X-1210,MLF1IP,79682.0,MutNovel,"R219T,0.614"
X-1210,MLF2,8079.0,MutNovel,"A191V,0.532"
X-1210,MLH3,27030.0,MutKnownFunctional,"-674,0.391"
X-1210,MLL2,8085.0,MutKnownFunctional,"R2410*,0.491"
X-1210,MLL2,8085.0,MutNovel,"P665L,0.500"
X-1210,MLL2,8085.0,MutKnownFunctional,"-443,0.404"
X-1210,MLL3,58508.0,MutKnownFunctional,"-2797,0.988"
X-1210,MLL4,9757.0,MutKnownFunctional,"-1052,0.395"
X-1210,MLL5,55904.0,MutNovel,"S1243G,0.502"
X-1210,MLLT3,4300.0,MutNovel,"S169IG,0.455"
X-1210,MMP11,4320.0,MutNovel,"R406M,0.642"
X-1210,MMP15,4324.0,MutNovel,"R68C,0.615"
X-1210,MMP15,4324.0,MutNovel,"D596G,0.250"
X-1210,MMP17,4326.0,MutNovel,"P368L,0.548"
X-1210,MMP28,79148.0,MutNovel,"A255V,0.398"
X-1210,MOB3B,79817.0,MutNovel,"E132K,0.455"
X-1210,MOGS,7841.0,MutKnownFunctional,"W96*,0.329"
X-1210,MON1A,84315.0,MutNovel,"V464M,0.445"
X-1210,MON1B,22879.0,MutNovel,"P408L,0.500"
X-1210,MOV10,4343.0,MutNovel,"P221A,0.543"
X-1210,MPND,84954.0,MutNovel,"R246H,0.742"
X-1210,MPP3,4356.0,MutNovel,"V84M,0.466"
X-1210,MPRIP,23164.0,MutNovel,"TS178T,0.415"
X-1210,MPZ,4359.0,MutNovel,"T94A,1.000"
X-1210,MRI1,84245.0,MutKnownFunctional,"-328,0.394"
X-1210,MRPL11,65003.0,MutNovel,"R122C,0.466"
X-1210,MRPL19,9801.0,MutNovel,"K181T,0.542"
X-1210,MRPL54,116541.0,MutNovel,"R119Q,0.434"
X-1210,MRPS31,10240.0,MutKnownFunctional,"-384,0.735"
X-1210,MRPS5,64969.0,MutKnownFunctional,"-388,0.500"
X-1210,MSH2,4436.0,MutLikelyFunctional,"G203R,0.231"
X-1210,MSH2,4436.0,MutKnownFunctional,"R406*,0.630"
X-1210,MSH4,4438.0,MutNovel,"PS18P,0.615"
X-1210,MSI2,124540.0,MutNovel,"A301T,0.492"
X-1210,MTA1,9112.0,MutNovel,"G593S,0.348"
X-1210,MTDH,92140.0,MutNovel,"A3V,0.473"
X-1210,MTHFSD,64779.0,MutNovel,"R327W,0.457"
X-1210,MTMR2,8898.0,MutKnownFunctional,"-9,0.267"
X-1210,MTOR,2475.0,MutKnownFunctional,"R960*,0.347"
X-1210,MTSS1L,92154.0,MutNovel,"R188W,0.492"
X-1210,MUC12,10071.0,MutNovel,"L1735F,0.647"
X-1210,MUC12,10071.0,MutNovel,"S1741L,0.615"
X-1210,MUC12,10071.0,MutNovel,"T4391P,0.800"
X-1210,MUC2,4583.0,MutKnownFunctional,"-123,0.535"
X-1210,MUC2,4583.0,MutNovel,"T1005M,0.362"
X-1210,MUC2,4583.0,MutNovel,"H1195Y,0.592"
X-1210,MUC20,200958.0,MutNovel,"EA295NT,0.300"
X-1210,MUC4,4585.0,MutNovel,"R5239H,0.516"
X-1210,MUC4,4585.0,MutNovel,"R4743H,0.412"
X-1210,MUC4,4585.0,MutNovel,"A4725T,0.474"
X-1210,MUC4,4585.0,MutNovel,"V4131L,0.667"
X-1210,MUC4,4585.0,MutNovel,"P4050T,1.000"
X-1210,MUC4,4585.0,MutNovel,"S1991P,0.286"
X-1210,MUC5AC,,MutNovel,"A352T,0.640"
X-1210,MUC5AC,,MutNovel,"A893T,0.413"
X-1210,MUC5B,727897.0,MutNovel,"AS3183A,0.226"
X-1210,MUL1,79594.0,MutNovel,"P212L,0.516"
X-1210,MVP,9961.0,MutNovel,"R552Q,0.440"
X-1210,MXD4,10608.0,MutNovel,"G191S,0.456"
X-1210,MXRA8,54587.0,MutNovel,"L123R,0.222"
X-1210,MYCN,4613.0,MutKnownFunctional,"-43,0.545"
X-1210,MYH10,4628.0,MutNovel,"R1073H,0.604"
X-1210,MYH11,4629.0,MutNovel,"E1737K,0.455"
X-1210,MYH3,4621.0,MutNovel,"E523K,0.500"
X-1210,MYH9,4627.0,MutNovel,"A971V,0.391"
X-1210,MYH9,4627.0,MutNovel,"R432H,0.512"
X-1210,MYO10,4651.0,MutNovel,"G1223R,0.821"
X-1210,MYO18A,399687.0,MutNovel,"R192Q,0.561"
X-1210,MYO5A,4644.0,MutNovel,"K1059-,1.000"
X-1210,MYO7B,4648.0,MutKnownFunctional,"R1312*,0.382"
X-1210,MYO9B,4650.0,MutNovel,"L1364H,0.459"
X-1210,MYOM3,127294.0,MutNovel,"T1169M,0.222"
X-1210,MYPOP,339344.0,MutNovel,"R383W,0.372"
X-1210,MYPOP,339344.0,MutKnownFunctional,"-380,0.721"
X-1210,MYRIP,25924.0,MutKnownFunctional,"-30,0.368"
X-1210,MYZAP,100820829.0,MutNovel,"R441C,1.000"
X-1210,N4BP1,9683.0,MutNovel,"R668H,0.547"
X-1210,NAA50,80218.0,MutNovel,"Q24H,0.456"
X-1210,NAPEPLD,222236.0,MutKnownFunctional,"-281?,0.315"
X-1210,NBEAL2,23218.0,MutNovel,"R624Q,0.417"
X-1210,NBPF11,200030.0,MutNovel,"D221G,0.283"
X-1210,NBPF9,400818.0,MutNovel,"Q184R,0.227"
X-1210,NCK2,8440.0,MutNovel,"S207N,0.456"
X-1210,NCKAP5L,57701.0,MutNovel,"G723A,0.667"
X-1210,NCOA2,10499.0,MutNovel,"L693R,0.478"
X-1210,NCOA3,8202.0,MutNovel,"S404L,0.304"
X-1210,NCOA6,23054.0,MutNovel,"T1880M,0.668"
X-1210,NCOR2,9612.0,MutNovel,"G1839GAAA,1.000"
X-1210,NCOR2,9612.0,MutNovel,"V1364M,0.481"
X-1210,NCOR2,9612.0,MutNovel,"-511S,0.655"
X-1210,NCR3LG1,,MutNovel,"T71M,0.433"
X-1210,NCRNA00185,55410.0,Del0.8,0.33
X-1210,NDUFA4L2,56901.0,MutNovel,"R9H,0.385"
X-1210,NDUFAF3,25915.0,MutNovel,"V116M,0.428"
X-1210,NDUFS1,4719.0,MutNovel,"A356V,0.582"
X-1210,NDUFS6,4726.0,MutKnownFunctional,"E16*,0.234"
X-1210,NEB,4703.0,MutNovel,"V6898A,0.750"
X-1210,NEIL1,79661.0,MutNovel,"A388T,0.448"
X-1210,NEK8,284086.0,MutNovel,"G494A,0.514"
X-1210,NEMF,9147.0,MutNovel,"E907-,0.500"
X-1210,NEMF,9147.0,MutKnownFunctional,"-879?,0.385"
X-1210,NF1,4763.0,MutKnownFunctional,"R2637*,0.707"
X-1210,NFE2L3,9603.0,MutNovel,"R580C,0.485"
X-1210,NFIC,4782.0,MutNovel,"V164M,0.452"
X-1210,NFKB2,4791.0,MutNovel,"E822K,0.560"
X-1210,NFKBIL1,4795.0,MutNovel,"R36H,0.463"
X-1210,NFRKB,4798.0,MutNovel,"R979H,0.520"
X-1210,NFRKB,4798.0,MutNovel,"R167W,0.457"
X-1210,NHLRC2,374354.0,MutNovel,"G13D,0.512"
X-1210,NHS,4810.0,MutNovel,"S608P,1.000"
X-1210,NHSL1,57224.0,MutKnownFunctional,"W557*,0.420"
X-1210,NISCH,11188.0,MutNovel,"R723H,0.505"
X-1210,NISCH,11188.0,MutNovel,"R1245W,0.391"
X-1210,NKIRAS2,28511.0,MutNovel,"V83I,0.510"
X-1210,NKTR,4820.0,MutKnownFunctional,"-614?,0.422"
X-1210,NLGN2,57555.0,MutNovel,"P86S,0.486"
X-1210,NLGN4Y,22829.0,Del0.8,0.33
X-1210,NLRC5,84166.0,MutKnownFunctional,"-447,0.292"
X-1210,NLRP2,55655.0,MutNovel,"A186T,0.476"
X-1210,NMU,10874.0,MutNovel,"A77T,0.494"
X-1210,NOB1,28987.0,MutNovel,"V298M,0.607"
X-1210,NOL10,79954.0,MutNovel,"T333N,0.517"
X-1210,NOL6,65083.0,MutNovel,"G455W,0.273"
X-1210,NOMO1,23420.0,MutNovel,"V445M,0.470"
X-1210,NONO,4841.0,MutKnownFunctional,"R73*,1.000"
X-1210,NOTCH1,4851.0,MutNovel,"E2115K,0.600"
X-1210,NOTCH1,4851.0,MutNovel,"R1211W,0.533"
X-1210,NOTCH3,4854.0,MutNovel,"A198T,0.241"
X-1210,NOXA1,10811.0,MutKnownFunctional,"-470,0.447"
X-1210,NPAT,4863.0,MutKnownFunctional,"-1025?,1.000"
X-1210,NR1D1,9572.0,MutNovel,"A485D,0.573"
X-1210,NR1H2,7376.0,MutNovel,"-173Q,0.989"
X-1210,NR1H3,10062.0,MutNovel,"R129H,0.505"
X-1210,NR2C2AP,126382.0,MutKnownFunctional,"-28,0.258"
X-1210,NRBF2,29982.0,MutNovel,"G111D,0.439"
X-1210,NRBP2,340371.0,MutKnownFunctional,"-65,0.484"
X-1210,NRF1,4899.0,MutNovel,"A467T,0.430"
X-1210,NRIP1,8204.0,MutKnownFunctional,"-728,0.535"
X-1210,NRN1,51299.0,MutNovel,"D58N,0.634"
X-1210,NRTN,4902.0,MutNovel,"R53C,0.493"
X-1210,NT5C2,22978.0,MutKnownFunctional,"-172?,0.421"
X-1210,NT5DC2,64943.0,MutNovel,"R487C,0.473"
X-1210,NT5M,56953.0,MutKnownFunctional,"-206,0.385"
X-1210,NUDT19,390916.0,MutNovel,"C219Y,0.644"
X-1210,NUMA1,4926.0,MutNovel,"R1919C,0.500"
X-1210,NUP133,55746.0,MutNovel,"D810N,0.470"
X-1210,NUP85,79902.0,MutKnownFunctional,"R641*,0.512"
X-1210,NYAP1,222950.0,MutNovel,"A714T,0.333"
X-1210,NYNRIN,57523.0,MutNovel,"A1173T,0.581"
X-1210,OBSCN,84033.0,MutNovel,"G1203R,0.571"
X-1210,OBSCN,84033.0,MutNovel,"V6299M,0.533"
X-1210,ODC1,4953.0,MutNovel,"R154W,0.488"
X-1210,OPLAH,26873.0,MutNovel,"A1124V,0.446"
X-1210,OR52N5,390075.0,Del0.8,0.33
X-1210,ORAI1,84876.0,MutNovel,"PP43-,1.000"
X-1210,OSBPL7,114881.0,MutNovel,"R301H,0.548"
X-1210,OTOF,9381.0,MutNovel,"A1595T,1.000"
X-1210,OTUD4,54726.0,MutNovel,"R56Q,0.588"
X-1210,OVGP1,5016.0,MutNovel,"W417R,0.537"
X-1210,OXCT2,64064.0,MutNovel,"R461W,0.474"
X-1210,P2RY8,286530.0,MutKnownFunctional,"-1394,0.857"
X-1210,P4HB,5034.0,MutKnownFunctional,"-387,0.468"
X-1210,PACSIN3,29763.0,MutNovel,"R194C,0.531"
X-1210,PACSIN3,29763.0,MutNovel,"A87V,0.574"
X-1210,PAFAH2,5051.0,MutNovel,"R71C,0.583"
X-1210,PAN2,9924.0,MutNovel,"T731A,0.510"
X-1210,PANK3,79646.0,MutKnownFunctional,"-47,0.529"
X-1210,PANK4,55229.0,MutNovel,"D719N,0.546"
X-1210,PAPD7,11044.0,MutNovel,"R112Q,0.477"
X-1210,PAPOLG,64895.0,MutNovel,"R198H,0.438"
X-1210,PARD3B,117583.0,MutNovel,"R968W,0.600"
X-1210,PARD6G,84552.0,MutKnownFunctional,"-314,0.474"
X-1210,PARP3,10039.0,MutNovel,"R147Q,0.623"
X-1210,PARP4,143.0,MutNovel,"S534L,0.538"
X-1210,PATL1,219988.0,MutNovel,"R389W,0.534"
X-1210,PAWR,5074.0,MutNovel,"P42L,0.553"
X-1210,PAXIP1,22976.0,MutKnownFunctional,"-100?,0.455"
X-1210,PBRM1,55193.0,MutNovel,"R1529H,0.427"
X-1210,PBRM1,55193.0,MutNovel,"Y862C,0.679"
X-1210,PBX2,5089.0,MutNovel,"A281V,0.550"
X-1210,PBXIP1,57326.0,MutNovel,"R347W,0.510"
X-1210,PCDH11Y,83259.0,Del0.8,0.38
X-1210,PCDH12,51294.0,MutNovel,"S1042R,1.000"
X-1210,PCDH19,57526.0,MutNovel,"V1051I,1.000"
X-1210,PCDHB11,56125.0,MutNovel,"S474R,0.818"
X-1210,PCDHB7,56129.0,MutKnownFunctional,"R732*,0.357"
X-1210,PCDHGB2,56103.0,MutNovel,"D254G,1.000"
X-1210,PCLO,27445.0,MutNovel,"I2708M,0.636"
X-1210,PCSK4,54760.0,MutNovel,"T464I,0.471"
X-1210,PCSK9,255738.0,MutNovel,"-15L,0.412"
X-1210,PCYOX1L,78991.0,MutNovel,"T201M,0.295"
X-1210,PDIA6,10130.0,MutNovel,"R256W,0.514"
X-1210,PDIA6,10130.0,MutNovel,"R132C,0.559"
X-1210,PDPK1,5170.0,MutNovel,"T346M,0.571"
X-1210,PDS5B,23047.0,MutKnownFunctional,"-1316,0.494"
X-1210,PDXDC1,23042.0,MutNovel,"T104I,0.320"
X-1210,PDZD2,23037.0,MutNovel,"T2732I,1.000"
X-1210,PDZD8,118987.0,MutNovel,"A418T,0.492"
X-1210,PEAR1,375033.0,MutNovel,"R536H,0.583"
X-1210,PEG10,23089.0,MutNovel,"E214D,0.935"
X-1210,PELP1,27043.0,MutNovel,"P1001S,0.536"
X-1210,PER1,5187.0,MutNovel,"S739L,0.580"
X-1210,PEX11G,92960.0,MutNovel,"V94I,0.495"
X-1210,PEX13,5194.0,MutNovel,"R311C,0.508"
X-1210,PFKM,5213.0,MutNovel,"R110Q,0.477"
X-1210,PGBD2,267002.0,MutKnownFunctional,"R381*,0.629"
X-1210,PGBD3,267004.0,MutNovel,"M273V,0.400"
X-1210,PHACTR2,9749.0,MutNovel,"A348P,0.450"
X-1210,PHC2,1912.0,MutNovel,"A81T,0.385"
X-1210,PHF15,23338.0,MutNovel,"D526N,0.482"
X-1210,PHF2,5253.0,MutNovel,"F197L,0.735"
X-1210,PHF2,5253.0,MutKnownFunctional,"-490?,0.250"
X-1210,PHF20,51230.0,MutNovel,"P444S,0.482"
X-1210,PHIP,55023.0,MutNovel,"R396Q,0.564"
X-1210,PHLDA1,22822.0,MutNovel,"QQ194Q,1.000"
X-1210,PHLPP1,23239.0,MutNovel,"H1086Y,0.206"
X-1210,PHRF1,57661.0,MutNovel,"V120M,0.467"
X-1210,PIEZO1,9780.0,MutNovel,"R2476H,0.436"
X-1210,PIEZO1,9780.0,MutNovel,"R1120H,0.478"
X-1210,PIEZO1,9780.0,MutNovel,"R531H,0.488"
X-1210,PIF1,80119.0,MutNovel,"P109S,1.000"
X-1210,PIGO,84720.0,MutKnownFunctional,"-787,1.000"
X-1210,PIK3CA,5290.0,MutKnownFunctional,"R88*,0.378"
X-1210,PIK3CD,5293.0,MutNovel,"P864L,0.625"
X-1210,PIK3R4,30849.0,MutNovel,"S1034Y,0.580"
X-1210,PIR,8544.0,MutNovel,"A95V,1.000"
X-1210,PITPNM1,9600.0,MutNovel,"R707C,0.521"
X-1210,PITPNM2,57605.0,MutNovel,"E152K,0.483"
X-1210,PITPNM3,83394.0,MutNovel,"R513C,0.333"
X-1210,PKD1,5310.0,MutNovel,"T775M,0.344"
X-1210,PKD1,5310.0,MutNovel,"R600Q,0.327"
X-1210,PKN3,29941.0,MutNovel,"P490T,0.598"
X-1210,PKNOX1,5316.0,MutNovel,"M2T,0.464"
X-1210,PLA2G4C,8605.0,MutNovel,"A536T,0.474"
X-1210,PLA2R1,22925.0,MutNovel,"E1224K,0.762"
X-1210,PLAGL2,5326.0,MutKnownFunctional,"-10,0.400"
X-1210,PLCB3,5331.0,MutNovel,"A338V,0.513"
X-1210,PLCE1,51196.0,MutKnownFunctional,"R1729*,0.306"
X-1210,PLCE1,51196.0,MutNovel,"V1896I,0.405"
X-1210,PLD6,201164.0,MutNovel,"R147W,0.425"
X-1210,PLEKHG2,64857.0,MutNovel,"R115W,0.457"
X-1210,PLK1,5347.0,MutNovel,"AS602A,0.496"
X-1210,PLK3,1263.0,MutNovel,"G588R,0.502"
X-1210,PLOD1,5351.0,MutNovel,"L462M,0.522"
X-1210,PLS1,5357.0,MutNovel,"I111T,0.416"
X-1210,PLXNA1,5361.0,MutKnownFunctional,"-39?,0.506"
X-1210,PLXNA1,5361.0,MutNovel,"V491I,0.475"
X-1210,PLXNA3,55558.0,MutNovel,"T1619M,0.995"
X-1210,PLXND1,23129.0,MutNovel,"R1538H,0.612"
X-1210,PMEPA1,56937.0,MutKnownFunctional,"-208,0.381"
X-1210,PML,5371.0,MutNovel,"R170H,1.000"
X-1210,PMS2,5395.0,MutNovel,"V467I,0.495"
X-1210,PNN,5411.0,MutKnownFunctional,"R576*,0.536"
X-1210,POGZ,23126.0,MutNovel,"R537H,0.440"
X-1210,POLD1,5424.0,MutNovel,"P185L,0.407"
X-1210,POLDIP2,26073.0,MutNovel,"S28G,0.655"
X-1210,POLDIP2,26073.0,MutNovel,"Q27P,0.310"
X-1210,POLDIP2,26073.0,MutKnownFunctional,"-27?,0.875"
X-1210,POLE,5426.0,MutNovel,"D1663V,0.455"
X-1210,POLE,5426.0,MutNovel,"P99S,0.528"
X-1210,POLE3,54107.0,MutKnownFunctional,"-114,0.441"
X-1210,POLK,51426.0,MutKnownFunctional,"-868,0.500"
X-1210,POLL,27343.0,MutNovel,"T393I,0.252"
X-1210,POLR1A,25885.0,MutKnownFunctional,"-1064?,0.255"
X-1210,POLR3H,171568.0,MutNovel,"G145S,0.456"
X-1210,POLRMT,5442.0,MutNovel,"R1048W,0.565"
X-1210,POLRMT,5442.0,MutNovel,"E757K,0.539"
X-1210,POLRMT,5442.0,MutNovel,"P732L,0.476"
X-1210,POTEI,,MutNovel,"I803V,1.000"
X-1210,PPAN,56342.0,MutNovel,"R278Q,0.526"
X-1210,PPARA,5465.0,MutNovel,"I130V,0.440"
X-1210,PPARA,5465.0,MutNovel,"A333V,0.513"
X-1210,PPFIA3,8541.0,MutNovel,"P7S,0.500"
X-1210,PPFIA3,8541.0,MutNovel,"E248K,0.397"
X-1210,PPFIA4,8497.0,MutNovel,"R140H,0.667"
X-1210,PPFIBP2,8495.0,MutNovel,"R263Q,0.267"
X-1210,PPIP5K2,23262.0,MutNovel,"L166V,0.611"
X-1210,PPL,5493.0,MutKnownFunctional,"-1274,0.417"
X-1210,PPM1D,8493.0,MutNovel,"R536G,0.483"
X-1210,PPP1R10,5514.0,MutNovel,"G766R,0.216"
X-1210,PPP1R10,5514.0,MutKnownFunctional,"-310,0.340"
X-1210,PPP1R13L,10848.0,MutNovel,"R549C,0.513"
X-1210,PPP1R15B,84919.0,MutNovel,"S258N,0.510"
X-1210,PPP1R26,9858.0,MutNovel,"P510T,0.548"
X-1210,PPP2R3A,5523.0,MutNovel,"P462H,0.462"
X-1210,PPP2R3B,28227.0,MutKnownFunctional,"R575*,0.750"
X-1210,PPP2R3C,55012.0,MutNovel,"G429D,0.611"
X-1210,PPP2R5B,5526.0,MutNovel,"R33C,0.523"
X-1210,PPP2R5B,5526.0,MutNovel,"V125I,0.524"
X-1210,PPRC1,23082.0,MutNovel,"R1384Q,0.464"
X-1210,PQLC3,130814.0,MutNovel,"A74T,0.466"
X-1210,PRDM10,56980.0,MutNovel,"R550C,0.286"
X-1210,PRDM2,7799.0,MutNovel,"A340V,0.536"
X-1210,PRDM2,7799.0,MutKnownFunctional,"-1487,0.500"
X-1210,PREB,10113.0,MutNovel,"R294W,0.500"
X-1210,PREB,10113.0,MutNovel,"R263Q,0.521"
X-1210,PRIC285,85441.0,MutNovel,"R2206H,0.250"
X-1210,PRIC285,85441.0,MutNovel,"V897M,0.284"
X-1210,PRKACA,5566.0,MutNovel,"R135W,0.546"
X-1210,PRKAG2,51422.0,MutNovel,"V105M,0.417"
X-1210,PRKDC,5591.0,MutNovel,"A3737T,0.502"
X-1210,PRKY,5616.0,Del0.8,0.38
X-1210,PRMT10,90826.0,MutNovel,"V439I,0.400"
X-1210,PRPF40B,25766.0,MutNovel,"A111V,0.542"
X-1210,PRPF4B,8899.0,MutKnownFunctional,"-44?,0.494"
X-1210,PRPF8,10594.0,MutNovel,"R845W,0.550"
X-1210,PRR12,57479.0,MutKnownFunctional,"-406,0.500"
X-1210,PRR12,57479.0,MutKnownFunctional,"-983?,0.500"
X-1210,PRR14L,253143.0,MutKnownFunctional,"-371,0.500"
X-1210,PRRC1,133619.0,MutNovel,"R422L,0.484"
X-1210,PRRC2A,7916.0,MutNovel,"L1503P,0.498"
X-1210,PRRC2C,23215.0,MutNovel,"P1390L,0.498"
X-1210,PRSS8,5652.0,MutNovel,"A53T,0.513"
X-1210,PRY,9081.0,Del0.8,0.33
X-1210,PRY,9081.0,Del0.8,0.33
X-1210,PRY2,442862.0,Del0.8,0.33
X-1210,PRY2,442862.0,Del0.8,0.33
X-1210,PSD,5662.0,MutNovel,"R560C,0.769"
X-1210,PSD3,23362.0,MutNovel,"R766H,0.476"
X-1210,PSD3,23362.0,MutNovel,"L253I,0.523"
X-1210,PSMB3,5691.0,MutNovel,"R177W,0.504"
X-1210,PSMD11,5717.0,MutNovel,"V6A,0.478"
X-1210,PSMD4,5710.0,MutNovel,"R236W,0.592"
X-1210,PSMD7,5713.0,MutKnownFunctional,"-320,0.444"
X-1210,PSME4,23198.0,MutNovel,"A4T,0.412"
X-1210,PSMF1,9491.0,MutNovel,"I112V,0.500"
X-1210,PTCH1,5727.0,MutNovel,"A1247V,0.452"
X-1210,PTEN,5728.0,MutLikelyFunctional,"R233*,0.476"
X-1210,PTEN,5728.0,MutLikelyFunctional,"-265,0.427"
X-1210,PTOV1,53635.0,MutKnownFunctional,"-414,0.493"
X-1210,PTPDC1,138639.0,MutKnownFunctional,"R334*,0.574"
X-1210,PTPN21,11099.0,MutNovel,"A614V,0.580"
X-1210,PTPN23,25930.0,MutNovel,"P1546T,0.276"
X-1210,PTPRU,10076.0,MutNovel,"R1322Q,0.500"
X-1210,PUS7,54517.0,MutKnownFunctional,"-573,0.364"
X-1210,PVRIG,79037.0,MutNovel,"G120V,0.625"
X-1210,PVRL1,5818.0,MutNovel,"G41D,0.536"
X-1210,PWWP2A,114825.0,MutNovel,"E332K,0.440"
X-1210,PWWP2B,170394.0,MutKnownFunctional,"-84,1.000"
X-1210,PXDN,7837.0,MutNovel,"Y264C,0.391"
X-1210,QDPR,5860.0,MutKnownFunctional,"R221*,0.436"
X-1210,QSER1,79832.0,MutNovel,"R756H,0.400"
X-1210,RAB14,51552.0,MutNovel,"E71D,0.472"
X-1210,RAB19,401409.0,MutNovel,"G153V,0.586"
X-1210,RAB20,55647.0,MutNovel,"S183G,0.394"
X-1210,RAB42,115273.0,MutKnownFunctional,"-192?,0.474"
X-1210,RABEP1,9135.0,MutNovel,"R685H,0.456"
X-1210,RABGAP1L,9910.0,MutNovel,"K529R,0.429"
X-1210,RABGGTA,5875.0,MutNovel,"Y28H,0.531"
X-1210,RACGAP1,29127.0,MutNovel,"R9Q,0.575"
X-1210,RAD50,10111.0,MutNovel,"T841I,0.671"
X-1210,RAE1,8480.0,MutNovel,"R261Q,0.294"
X-1210,RALGAPA2,57186.0,MutNovel,"G749R,0.259"
X-1210,RALGAPB,57148.0,MutNovel,"T1094M,0.296"
X-1210,RANBP2,5903.0,MutNovel,"R769Q,0.512"
X-1210,RANGAP1,5905.0,MutNovel,"S3L,0.379"
X-1210,RARG,5916.0,MutNovel,"R219H,0.615"
X-1210,RASA2,5922.0,MutKnownFunctional,"-654,0.462"
X-1210,RASAL2,9462.0,MutNovel,"R302H,0.420"
X-1210,RASAL2,9462.0,MutNovel,"R769C,0.628"
X-1210,RB1CC1,9821.0,MutNovel,"H191R,0.328"
X-1210,RBBP5,5929.0,MutNovel,"V380M,0.459"
X-1210,RBFOX1,54715.0,Del0.8,0.71
X-1210,RBL2,5934.0,MutNovel,"A495V,0.443"
X-1210,RBM10,8241.0,MutNovel,"GE177G,1.000"
X-1210,RBM12,10137.0,MutNovel,"T77M,0.723"
X-1210,RBM14,10432.0,MutNovel,"R203C,0.525"
X-1210,RBM14,10432.0,MutNovel,"V243M,0.553"
X-1210,RBM8A,9939.0,MutKnownFunctional,"-11?,0.384"
X-1210,RBMX,27316.0,MutKnownFunctional,"-1,1.000"
X-1210,RBMXL1,494115.0,MutKnownFunctional,"-1,0.500"
X-1210,RBMY1A3P,286557.0,Del0.8,0.38
X-1210,RBMY1B,378948.0,Del0.8,0.33
X-1210,RBMY1B,378948.0,Del0.8,0.33
X-1210,RBMY1E,378950.0,Del0.8,0.33
X-1210,RBMY1E,378950.0,Del0.8,0.33
X-1210,RBMY1F,159163.0,Del0.8,0.33
X-1210,RBMY1F,159163.0,Del0.8,0.33
X-1210,RBMY1J,378951.0,Del0.8,0.33
X-1210,RBMY1J,378951.0,Del0.8,0.33
X-1210,RBMY2EP,159125.0,Del0.8,0.33
X-1210,RBMY2FP,159162.0,Del0.8,0.33
X-1210,RBMY3AP,64593.0,Del0.8,0.33
X-1210,RCHY1,25898.0,MutNovel,"T171M,0.276"
X-1210,RDBP,7936.0,MutKnownFunctional,"-6,0.532"
X-1210,RDH5,5959.0,MutKnownFunctional,"-238,0.575"
X-1210,REC8,9985.0,MutNovel,"E43K,0.556"
X-1210,REEP6,92840.0,MutNovel,"D81N,0.552"
X-1210,RELA,5970.0,MutNovel,"P255S,0.498"
X-1210,RELL2,285613.0,MutNovel,"L242F,0.268"
X-1210,RELT,84957.0,MutKnownFunctional,"-51,0.506"
X-1210,RERE,473.0,MutNovel,"L1438H,0.533"
X-1210,REXO1,57455.0,MutNovel,"A1204T,0.488"
X-1210,REXO4,57109.0,MutNovel,"V275I,0.389"
X-1210,RFC1,5981.0,MutNovel,"A462V,0.468"
X-1210,RFX1,5989.0,MutNovel,"R735Q,0.488"
X-1210,RGL3,57139.0,MutNovel,"V625I,0.490"
X-1210,RGS12,6002.0,MutKnownFunctional,"-1176,0.455"
X-1210,RGS12,6002.0,MutKnownFunctional,"-1288,0.553"
X-1210,RGS22,26166.0,MutNovel,"A1101T,1.000"
X-1210,RGS3,5998.0,MutNovel,"P278L,0.618"
X-1210,RHOA,387.0,MutNovel,"R5Q,0.474"
X-1210,RHOT1,55288.0,MutNovel,"S641Y,0.600"
X-1210,RILPL2,196383.0,MutNovel,"S207L,0.438"
X-1210,RIN3,79890.0,MutNovel,"G967-,1.000"
X-1210,RLTPR,146206.0,MutNovel,"A613T,0.586"
X-1210,RNF103,7844.0,MutKnownFunctional,"-655?,0.490"
X-1210,RNF13,11342.0,MutNovel,"K232E,0.536"
X-1210,RNF130,55819.0,MutNovel,"YT35CT,0.250"
X-1210,RNF139,11236.0,MutNovel,"A250S,0.500"
X-1210,RNF144B,255488.0,MutNovel,"C93W,0.400"
X-1210,RNF145,153830.0,MutKnownFunctional,"-29,0.929"
X-1210,RNF145,153830.0,MutNovel,"K26E,0.362"
X-1210,RNF145,153830.0,MutNovel,"K25R,0.629"
X-1210,RNF213,57674.0,MutNovel,"D5020N,0.436"
X-1210,RNF216,54476.0,MutKnownFunctional,"-866,0.502"
X-1210,RNF223,401934.0,MutKnownFunctional,"W136*,0.810"
X-1210,RNF224,643596.0,MutNovel,"A115T,0.500"
X-1210,RNF26,79102.0,MutNovel,"R131S,0.513"
X-1210,RNF31,55072.0,MutNovel,"R658W,0.590"
X-1210,RNF31,55072.0,MutNovel,"R749H,0.559"
X-1210,RNF43,54894.0,MutKnownFunctional,"-659,1.000"
X-1210,ROR2,4920.0,MutNovel,"A208V,0.464"
X-1210,RPGR,6103.0,MutNovel,"Q527-,1.000"
X-1210,RPL22,6146.0,MutKnownFunctional,"-15,0.375"
X-1210,RPL5,6125.0,MutNovel,"A96T,0.250"
X-1210,RPRD2,23248.0,MutKnownFunctional,"-1350,0.510"
X-1210,RPS12,6206.0,MutNovel,"Q119P,0.419"
X-1210,RPS4Y1,6192.0,Del0.8,0.38
X-1210,RPS4Y2,140032.0,Del0.8,0.33
X-1210,RPS6KA2,6196.0,MutNovel,"R718W,0.283"
X-1210,RPS6KC1,26750.0,MutNovel,"R1025H,0.443"
X-1210,RPTOR,57521.0,MutNovel,"R727H,0.529"
X-1210,RREB1,6239.0,MutNovel,"E1137D,0.435"
X-1210,RRP7A,27341.0,MutNovel,"N65S,0.679"
X-1210,RSAD2,91543.0,MutNovel,"R244H,0.450"
X-1210,RSG1,79363.0,MutNovel,"R148H,0.578"
X-1210,RSL1D1,26156.0,MutNovel,"R163Q,0.492"
X-1210,RSPH3,83861.0,MutNovel,"R403H,0.403"
X-1210,RSRC1,51319.0,MutNovel,"R3C,0.539"
X-1210,RTKN2,219790.0,MutKnownFunctional,"-450,0.480"
X-1210,RTN3,10313.0,MutKnownFunctional,"-190,0.489"
X-1210,RUSC1,23623.0,MutNovel,"R757P,0.512"
X-1210,RUSC2,9853.0,MutKnownFunctional,"-583,0.517"
X-1210,RUSC2,9853.0,MutNovel,"R1186Q,0.635"
X-1210,RYR2,6262.0,MutNovel,"L3983M,0.600"
X-1210,SAC3D1,29901.0,MutKnownFunctional,"-176,0.520"
X-1210,SAMD4A,23034.0,MutNovel,"A341V,0.469"
X-1210,SAMD9L,219285.0,MutKnownFunctional,"-101,0.494"
X-1210,SART1,9092.0,MutNovel,"G427R,0.430"
X-1210,SASH1,23328.0,MutNovel,"S514F,0.533"
X-1210,SBF1,6305.0,MutNovel,"A1653T,0.265"
X-1210,SBF1,6305.0,MutKnownFunctional,"-1076,0.275"
X-1210,SBF1,6305.0,MutNovel,"R432H,0.780"
X-1210,SBNO2,22904.0,MutKnownFunctional,"Q1157*,0.451"
X-1210,SCAF11,9169.0,MutNovel,"PP1280P,0.470"
X-1210,SCAF4,57466.0,MutKnownFunctional,"R475*,0.262"
X-1210,SCAPER,49855.0,MutNovel,"G1291S,1.000"
X-1210,SCMH1,22955.0,MutNovel,"-630C,0.509"
X-1210,SCRIB,23513.0,MutNovel,"G667C,0.485"
X-1210,SCRN1,9805.0,MutNovel,"A22V,0.532"
X-1210,SCYL2,55681.0,MutNovel,"A541V,0.516"
X-1210,SDK2,54549.0,MutNovel,"R954H,0.654"
X-1210,SDK2,54549.0,MutNovel,"T745M,0.507"
X-1210,SEC16A,9919.0,MutNovel,"A1646T,0.613"
X-1210,SEC16A,9919.0,MutNovel,"V631M,0.439"
X-1210,SEC16A,9919.0,MutNovel,"V571I,0.423"
X-1210,SEC31A,22872.0,MutKnownFunctional,"-616,0.491"
X-1210,SEC31A,22872.0,MutKnownFunctional,"-462,1.000"
X-1210,SEMA3F,6405.0,MutNovel,"R776Q,0.513"
X-1210,SEMA4G,57715.0,MutNovel,"R120W,0.597"
X-1210,SEMA4G,57715.0,MutNovel,"V619M,0.527"
X-1210,SENP6,26054.0,MutNovel,"G309A,0.324"
X-1210,SENP6,26054.0,MutNovel,"I666V,0.307"
X-1210,SENP7,57337.0,MutKnownFunctional,"R800*,0.411"
X-1210,SERINC2,347735.0,MutNovel,"A105T,0.598"
X-1210,SERINC2,347735.0,MutNovel,"-373Q,0.564"
X-1210,SERPINC1,462.0,MutNovel,"R89C,0.600"
X-1210,SERPINF1,5176.0,MutNovel,"V239M,0.346"
X-1210,SERPINI1,5274.0,MutNovel,"E408K,0.727"
X-1210,SERTAD1,29950.0,MutNovel,"A109T,0.564"
X-1210,SETD1A,9739.0,MutNovel,"R139H,0.474"
X-1210,SETD1A,9739.0,MutNovel,"R1413C,0.548"
X-1210,SETD1B,23067.0,MutKnownFunctional,"-5,1.000"
X-1210,SETX,23064.0,MutNovel,"A2079V,0.243"
X-1210,SETX,23064.0,MutNovel,"G1583D,0.481"
X-1210,SETX,23064.0,MutNovel,"T1380I,0.338"
X-1210,SF1,7536.0,MutNovel,"R315H,0.520"
X-1210,SF3B2,10992.0,MutNovel,"R327C,0.469"
X-1210,SF3B2,10992.0,MutNovel,"K420E,0.612"
X-1210,SFI1,9814.0,MutNovel,"A1232V,0.237"
X-1210,SFR1,119392.0,MutNovel,"D19G,0.262"
X-1210,SGTB,54557.0,MutNovel,"A138V,0.585"
X-1210,SH2D3A,10045.0,MutNovel,"R177G,0.554"
X-1210,SH3BP1,23616.0,MutKnownFunctional,"-577,0.512"
X-1210,SH3BP2,6452.0,MutKnownFunctional,"-436?,0.490"
X-1210,SHANK3,85358.0,MutKnownFunctional,"-1212?,0.591"
X-1210,SHANK3,85358.0,MutNovel,"R1570C,0.429"
X-1210,SHANK3,85358.0,MutKnownFunctional,"-1582,0.615"
X-1210,SHC1,6464.0,MutNovel,"P55L,0.308"
X-1210,SHC1,6464.0,MutKnownFunctional,"-31?,0.733"
X-1210,SIDT1,54847.0,MutNovel,"A698T,0.572"
X-1210,SIK1,150094.0,MutNovel,"A336V,0.346"
X-1210,SIK3,23387.0,MutNovel,"G1138R,0.383"
X-1210,SIN3B,23309.0,MutNovel,"R506C,0.576"
X-1210,SIPA1,6494.0,MutNovel,"R29H,0.526"
X-1210,SIPA1L1,26037.0,MutKnownFunctional,"-56,0.719"
X-1210,SIPA1L2,57568.0,MutKnownFunctional,"R216*,0.340"
X-1210,SLC10A3,8273.0,MutNovel,"P156L,0.996"
X-1210,SLC12A7,10723.0,MutKnownFunctional,"-526,0.255"
X-1210,SLC12A7,10723.0,MutNovel,"A337V,0.817"
X-1210,SLC13A3,64849.0,MutNovel,"F281Y,0.667"
X-1210,SLC13A3,64849.0,MutNovel,"F275S,0.667"
X-1210,SLC16A3,9123.0,MutNovel,"V295I,0.539"
X-1210,SLC16A4,9122.0,MutNovel,"S284L,0.571"
X-1210,SLC19A1,6573.0,MutNovel,"P94L,0.492"
X-1210,SLC26A1,10861.0,MutNovel,"V417M,0.611"
X-1210,SLC26A6,65010.0,MutNovel,"G390R,0.472"
X-1210,SLC27A4,10999.0,MutNovel,"E423K,0.486"
X-1210,SLC29A3,55315.0,MutNovel,"V383M,0.541"
X-1210,SLC2A4RG,56731.0,MutNovel,"G10D,0.397"
X-1210,SLC35A5,55032.0,MutNovel,"A384T,0.517"
X-1210,SLC35B4,84912.0,MutNovel,"E46K,0.700"
X-1210,SLC35C2,51006.0,MutNovel,"A139T,0.655"
X-1210,SLC35E2B,728661.0,MutNovel,"T123A,0.409"
X-1210,SLC35F5,80255.0,MutKnownFunctional,"-248,0.415"
X-1210,SLC35G2,,MutKnownFunctional,"-62,0.289"
X-1210,SLC35G2,,MutNovel,"W252R,0.525"
X-1210,SLC37A3,84255.0,MutNovel,"H390Y,0.308"
X-1210,SLC38A1,81539.0,MutNovel,"A83T,0.552"
X-1210,SLC39A13,91252.0,MutKnownFunctional,"-288,0.443"
X-1210,SLC39A6,25800.0,MutNovel,"R63H,0.462"
X-1210,SLC41A2,84102.0,MutNovel,"L151S,0.480"
X-1210,SLC44A1,23446.0,MutNovel,"A554V,0.559"
X-1210,SLC4A10,57282.0,MutNovel,"Y852C,0.600"
X-1210,SLC4A2,6522.0,MutKnownFunctional,"-668,0.420"
X-1210,SLC4A3,6508.0,MutKnownFunctional,"-155?,0.412"
X-1210,SLC7A7,9056.0,MutNovel,"R404H,0.204"
X-1210,SLC9A1,6548.0,MutNovel,"R440C,0.562"
X-1210,SLX4,84464.0,MutNovel,"R1241H,0.457"
X-1210,SMAD4,4089.0,MutNovel,"P292L,0.540"
X-1210,SMAD7,4092.0,MutNovel,"G318S,0.714"
X-1210,SMAP1,60682.0,MutNovel,"S304P,0.415"
X-1210,SMARCA4,6597.0,MutNovel,"R441C,0.852"
X-1210,SMARCA4,6597.0,MutNovel,"R726C,0.843"
X-1210,SMARCA4,6597.0,MutNovel,"E882K,0.835"
X-1210,SMARCA4,6597.0,MutNovel,"R1445C,0.801"
X-1210,SMARCA5,8467.0,MutNovel,"MS1M,0.489"
X-1210,SMARCD2,6603.0,MutNovel,"T325M,0.506"
X-1210,SMG1,23049.0,MutNovel,"V3578I,0.562"
X-1210,SNAPC4,6621.0,MutNovel,"S542-,0.444"
X-1210,SND1,27044.0,MutNovel,"T794M,0.436"
X-1210,SNRK,54861.0,MutNovel,"E262D,0.456"
X-1210,SNX11,29916.0,MutKnownFunctional,"R100*,0.408"
X-1210,SNX13,23161.0,MutNovel,"R600C,0.531"
X-1210,SNX25,83891.0,MutKnownFunctional,"-636,0.412"
X-1210,SOCS1,8651.0,MutNovel,"L162P,0.444"
X-1210,SOCS5,9655.0,MutNovel,"R155C,0.504"
X-1210,SON,6651.0,MutNovel,"T668I,0.444"
X-1210,SOWAHA,134548.0,MutNovel,"A433V,0.764"
X-1210,SOWAHC,65124.0,MutNovel,"V354M,0.484"
X-1210,SOX13,9580.0,MutKnownFunctional,"-268?,0.383"
X-1210,SP140L,93349.0,MutKnownFunctional,"R365*,0.543"
X-1210,SP4,6671.0,MutNovel,"N182I,0.364"
X-1210,SPAG8,26206.0,MutNovel,"A453T,0.451"
X-1210,SPATA18,132671.0,MutNovel,"R333W,0.531"
X-1210,SPATA5,166378.0,MutNovel,"A720V,0.464"
X-1210,SPATS2,65244.0,MutKnownFunctional,"-476?,0.507"
X-1210,SPG11,80208.0,MutNovel,"E2171K,1.000"
X-1210,SPHK2,56848.0,MutNovel,"Y628H,0.493"
X-1210,SPINK5,11005.0,MutKnownFunctional,"-820,1.000"
X-1210,SPIRE1,56907.0,MutNovel,"T752M,0.568"
X-1210,SPRY2,10253.0,MutNovel,"Q133E,0.580"
X-1210,SPTBN4,57731.0,MutNovel,"R504W,0.438"
X-1210,SRBD1,55133.0,MutNovel,"R993W,0.549"
X-1210,SRC,6714.0,MutNovel,"P38T,0.600"
X-1210,SRCAP,10847.0,MutNovel,"S1429Y,0.415"
X-1210,SRCAP,10847.0,MutKnownFunctional,"-1857,0.469"
X-1210,SRCAP,10847.0,MutNovel,"R3005Q,0.434"
X-1210,SRF,6722.0,MutNovel,"S489N,0.494"
X-1210,SRFBP1,153443.0,MutKnownFunctional,"R37*,0.283"
X-1210,SRGAP3,9901.0,MutNovel,"S1007L,0.574"
X-1210,SRMS,6725.0,MutNovel,"R354W,0.942"
X-1210,SRP14,6727.0,MutNovel,"A116-,1.000"
X-1210,SRP14,6727.0,MutNovel,"A116P,0.382"
X-1210,SRRM2,23524.0,MutNovel,"S1375L,0.514"
X-1210,SRSF3,6428.0,MutNovel,"S138L,0.520"
X-1210,SRY,6736.0,Del0.8,0.38
X-1210,SSR2,6746.0,MutNovel,"V120I,0.546"
X-1210,ST3GAL3,6487.0,MutNovel,"R275H,0.692"
X-1210,ST5,6764.0,MutKnownFunctional,"-73,0.737"
X-1210,ST6GALNAC6,30815.0,MutNovel,"V215I,0.440"
X-1210,STAB1,23166.0,MutNovel,"A1769T,0.571"
X-1210,STARD7,56910.0,MutNovel,"S361I,0.517"
X-1210,STAT5B,6777.0,MutNovel,"R673Q,0.439"
X-1210,STK11,6794.0,MutNovel,"R310W,0.547"
X-1210,STK25,10494.0,MutKnownFunctional,"-179,0.434"
X-1210,STK4,6789.0,MutNovel,"T120M,0.234"
X-1210,STOX1,219736.0,MutNovel,"R318H,0.511"
X-1210,STRC,161497.0,MutNovel,"T1565S,0.528"
X-1210,STRC,161497.0,MutNovel,"W715C,0.667"
X-1210,STXBP1,6812.0,MutNovel,"A444T,0.490"
X-1210,SUPT16H,11198.0,MutNovel,"T736M,0.496"
X-1210,SUV420H1,51111.0,MutKnownFunctional,"-36,0.574"
X-1210,SYMPK,8189.0,MutNovel,"R709C,0.506"
X-1210,SYNE2,23224.0,MutNovel,"A2347T,0.417"
X-1210,SYNE2,23224.0,MutNovel,"LE2702L,0.500"
X-1210,SYNE4,,MutNovel,"A156V,0.606"
X-1210,SYNGAP1,8831.0,MutNovel,"H65R,0.562"
X-1210,SYNGAP1,8831.0,MutNovel,"R815C,0.592"
X-1210,SYNGR4,23546.0,MutNovel,"A222T,0.449"
X-1210,SYNJ1,8867.0,MutNovel,"A534V,0.533"
X-1210,SYNJ2,8871.0,MutNovel,"S132P,0.526"
X-1210,SYNJ2,8871.0,MutKnownFunctional,"-1111?,1.000"
X-1210,SYTL2,54843.0,MutNovel,"S773L,0.700"
X-1210,SYTL2,54843.0,MutKnownFunctional,"-715,0.282"
X-1210,TACC3,10460.0,MutNovel,"S809L,0.555"
X-1210,TAF1B,9014.0,MutNovel,"K63-,0.875"
X-1210,TAF5L,27097.0,MutNovel,"G500V,0.509"
X-1210,TANC2,26115.0,MutNovel,"F348Y,0.279"
X-1210,TAOK1,57551.0,MutNovel,"R97C,0.445"
X-1210,TARBP1,6894.0,MutNovel,"R1593C,0.462"
X-1210,TBC1D1,23216.0,MutNovel,"K878R,0.554"
X-1210,TBC1D10B,26000.0,MutNovel,"R728W,0.446"
X-1210,TBC1D10B,26000.0,MutNovel,"R722Q,0.476"
X-1210,TBC1D23,55773.0,MutKnownFunctional,"-647,0.500"
X-1210,TBC1D3,729873.0,MutNovel,"A7V,0.418"
X-1210,TBL1XR1,79718.0,MutKnownFunctional,"R76*,0.488"
X-1210,TBL1Y,90665.0,Del0.8,0.38
X-1210,TBP,6908.0,MutNovel,"-61Q,0.459"
X-1210,TBP,6908.0,MutNovel,"Q64-,0.559"
X-1210,TCEB3,6924.0,MutNovel,"E131K,0.299"
X-1210,TCIRG1,10312.0,MutNovel,"V311M,0.417"
X-1210,TCOF1,6949.0,MutNovel,"E612K,0.221"
X-1210,TEC,7006.0,MutNovel,"M564I,0.429"
X-1210,TECPR1,25851.0,MutNovel,"R725H,0.577"
X-1210,TEF,7008.0,MutKnownFunctional,"-22?,0.438"
X-1210,TEX10,54881.0,MutNovel,"R865Q,0.532"
X-1210,TFR2,7036.0,MutNovel,"L779P,0.462"
X-1210,TGFB3,7043.0,MutNovel,"R209H,0.480"
X-1210,TGIF2LY,90655.0,Del0.8,0.38
X-1210,THAP3,90326.0,MutNovel,"P171T,0.523"
X-1210,THOP1,7064.0,MutNovel,"A577V,0.460"
X-1210,THUMPD3,25917.0,MutKnownFunctional,"R459*,0.977"
X-1210,TICAM1,148022.0,MutNovel,"E306K,0.497"
X-1210,TICAM1,148022.0,MutNovel,"T157M,0.496"
X-1210,TLE1,7088.0,MutNovel,"R565C,0.537"
X-1210,TLE3,7090.0,MutKnownFunctional,"-428,1.000"
X-1210,TLX1,3195.0,MutNovel,"R231H,0.396"
X-1210,TMBIM4,51643.0,MutKnownFunctional,"-174?,0.913"
X-1210,TMC7,79905.0,MutNovel,"L564R,0.458"
X-1210,TMC8,147138.0,MutNovel,"V615I,1.000"
X-1210,TMCC1,23023.0,MutKnownFunctional,"Q566*,0.625"
X-1210,TMEM133,83935.0,MutNovel,"R82H,0.246"
X-1210,TMEM150A,129303.0,MutNovel,"A150V,0.428"
X-1210,TMEM151A,256472.0,MutNovel,"T237M,0.383"
X-1210,TMEM161A,54929.0,MutNovel,"R248W,0.460"
X-1210,TMEM161B,153396.0,MutNovel,"A352V,0.490"
X-1210,TMEM168,64418.0,MutNovel,"V389I,0.444"
X-1210,TMEM177,80775.0,MutNovel,"R310C,0.495"
X-1210,TMEM180,79847.0,MutNovel,"R336W,0.372"
X-1210,TMEM184A,202915.0,MutNovel,"G392GA,1.000"
X-1210,TMEM185B,79134.0,MutKnownFunctional,"-341?,1.000"
X-1210,TMEM187,8269.0,MutNovel,"V127M,0.511"
X-1210,TMEM205,374882.0,MutKnownFunctional,"R39*,0.451"
X-1210,TMEM44,93109.0,MutNovel,"A353V,0.546"
X-1210,TMEM60,85025.0,MutKnownFunctional,"-77,0.525"
X-1210,TMEM66,51669.0,MutNovel,"T325M,0.471"
X-1210,TMEM79,84283.0,MutNovel,"W78R,0.596"
X-1210,TMEM8B,51754.0,MutNovel,"G129S,0.615"
X-1210,TMSB4Y,9087.0,Del0.8,0.33
X-1210,TMTC2,160335.0,MutNovel,"A78V,0.461"
X-1210,TNIP1,10318.0,MutKnownFunctional,"-584,0.822"
X-1210,TNIP2,79155.0,MutNovel,"A395T,0.466"
X-1210,TNIP2,79155.0,MutNovel,"R135C,0.605"
X-1210,TNK1,8711.0,MutNovel,"R646C,0.438"
X-1210,TNKS,8658.0,MutNovel,"A1271V,0.430"
X-1210,TNNI2,7136.0,MutNovel,"R113W,0.400"
X-1210,TNRC18,84629.0,MutNovel,"V1314M,0.490"
X-1210,TNRC18,84629.0,MutNovel,"R246C,0.564"
X-1210,TOM1,10043.0,MutNovel,"T208M,0.476"
X-1210,TOP3B,8940.0,MutNovel,"G509S,0.487"
X-1210,TOR1AIP1,26092.0,MutNovel,"R444W,0.541"
X-1210,TOX,9760.0,MutNovel,"A286T,0.638"
X-1210,TP53,7157.0,MutKnownFunctional,"-373,0.493"
X-1210,TP53,7157.0,MutKnownFunctional,"-338?,0.556"
X-1210,TP53I13,90313.0,MutNovel,"E156K,0.484"
X-1210,TP73,7161.0,MutNovel,"P146L,0.529"
X-1210,TPBGL,,MutNovel,"P23S,0.667"
X-1210,TPCN2,219931.0,MutNovel,"S79L,0.455"
X-1210,TPCN2,219931.0,MutNovel,"L486F,0.469"
X-1210,TPO,7173.0,MutNovel,"S914L,0.714"
X-1210,TPST2,8459.0,MutKnownFunctional,"-332,0.263"
X-1210,TRAF3,7187.0,MutNovel,"P18L,0.551"
X-1210,TRANK1,9881.0,MutNovel,"R269C,0.474"
X-1210,TRANK1,9881.0,MutNovel,"A249T,0.444"
X-1210,TRAPPC11,60684.0,MutNovel,"V1007M,0.525"
X-1210,TRAPPC12,51112.0,MutNovel,"R707Q,0.592"
X-1210,TRAPPC9,83696.0,MutNovel,"V508M,0.407"
X-1210,TRAPPC9,83696.0,MutNovel,"L474I,0.261"
X-1210,TRIM15,89870.0,MutNovel,"T462M,0.432"
X-1210,TRIM16,10626.0,MutNovel,"A193V,0.433"
X-1210,TRIM17,51127.0,MutNovel,"R317C,0.600"
X-1210,TRIM21,6737.0,MutNovel,"G416A,0.564"
X-1210,TRIM26,7726.0,MutNovel,"R50H,0.588"
X-1210,TRIM35,23087.0,MutNovel,"R479H,0.488"
X-1210,TRIM41,90933.0,MutKnownFunctional,"-451,0.507"
X-1210,TRIM56,81844.0,MutNovel,"G628C,0.667"
X-1210,TRIM59,286827.0,MutKnownFunctional,"-202,0.500"
X-1210,TRIM62,55223.0,MutNovel,"A372T,0.586"
X-1210,TRIM9,114088.0,MutKnownFunctional,"R545*,0.571"
X-1210,TRIM9,114088.0,MutNovel,"R299C,0.773"
X-1210,TRIO,7204.0,MutNovel,"R2086H,0.506"
X-1210,TRIO,7204.0,MutKnownFunctional,"-2348,0.484"
X-1210,TRIOBP,11078.0,MutNovel,"R556Q,1.000"
X-1210,TRIP12,9320.0,MutNovel,"Y1775N,0.474"
X-1210,TRPM4,54795.0,MutNovel,"L963M,0.380"
X-1210,TSC1,7248.0,MutNovel,"R517W,0.659"
X-1210,TSC22D1,8848.0,MutKnownFunctional,"-69,0.622"
X-1210,TSNARE1,203062.0,MutNovel,"P91L,0.325"
X-1210,TSNARE1,203062.0,MutNovel,"G87C,0.370"
X-1210,TSPAN15,23555.0,MutNovel,"T190M,0.512"
X-1210,TSPAN3,10099.0,MutNovel,"Y105C,0.498"
X-1210,TSPY1,7258.0,Del0.8,0.38
X-1210,TSPY2,64591.0,Del0.8,0.38
X-1210,TSPY3,728137.0,Del0.8,0.38
X-1210,TSPY4,728395.0,Del0.8,0.38
X-1210,TSPY8,728403.0,Del0.8,0.38
X-1210,TSPYL1,7259.0,MutNovel,"V176VW,1.000"
X-1210,TSR1,55720.0,MutNovel,"T490M,0.482"
X-1210,TTC19,54902.0,MutNovel,"Q162H,0.500"
X-1210,TTC19,54902.0,MutNovel,"A247T,0.453"
X-1210,TTC21B,79809.0,MutNovel,"A1104G,0.545"
X-1210,TTC25,83538.0,MutKnownFunctional,"-584?,0.500"
X-1210,TTC27,55622.0,MutNovel,"R552C,0.525"
X-1210,TTC3,7267.0,MutKnownFunctional,"-776,0.491"
X-1210,TTC3,7267.0,MutKnownFunctional,"-1562,0.482"
X-1210,TTC31,64427.0,MutNovel,"R183C,0.438"
X-1210,TTC7A,57217.0,MutNovel,"V425M,0.431"
X-1210,TTC7A,57217.0,MutNovel,"R753Q,0.447"
X-1210,TTC7B,145567.0,MutNovel,"G240R,0.308"
X-1210,TTI1,9675.0,MutNovel,"V866M,0.615"
X-1210,TTK,7272.0,MutKnownFunctional,"-851,0.582"
X-1210,TTN,7273.0,MutNovel,"T25276A,1.000"
X-1210,TTTY10,246119.0,Del0.8,0.33
X-1210,TTTY11,83866.0,Del0.8,0.38
X-1210,TTTY12,83867.0,Del0.8,0.38
X-1210,TTTY13,83868.0,Del0.8,0.33
X-1210,TTTY14,83869.0,Del0.8,0.33
X-1210,TTTY15,64595.0,Del0.8,0.33
X-1210,TTTY16,252948.0,Del0.8,0.38
X-1210,TTTY17A,252949.0,Del0.8,0.33
X-1210,TTTY17A,252949.0,Del0.8,0.33
X-1210,TTTY18,252950.0,Del0.8,0.38
X-1210,TTTY19,252952.0,Del0.8,0.38
X-1210,TTTY1B,100101116.0,Del0.8,0.38
X-1210,TTTY1B,100101116.0,Del0.8,0.33
X-1210,TTTY2,60439.0,Del0.8,0.33
X-1210,TTTY2,60439.0,Del0.8,0.38
X-1210,TTTY20,252951.0,Del0.8,0.38
X-1210,TTTY21,252953.0,Del0.8,0.38
X-1210,TTTY21,252953.0,Del0.8,0.33
X-1210,TTTY22,252954.0,Del0.8,0.33
X-1210,TTTY23,252955.0,Del0.8,0.33
X-1210,TTTY23,252955.0,Del0.8,0.38
X-1210,TTTY3,114760.0,Del0.8,0.33
X-1210,TTTY3,114760.0,Del0.8,0.33
X-1210,TTTY4,114761.0,Del0.8,0.33
X-1210,TTTY4,114761.0,Del0.8,0.33
X-1210,TTTY5,83863.0,Del0.8,0.33
X-1210,TTTY6,84672.0,Del0.8,0.33
X-1210,TTTY6,84672.0,Del0.8,0.33
X-1210,TTTY7,246122.0,Del0.8,0.33
X-1210,TTTY7,246122.0,Del0.8,0.38
X-1210,TTTY7B,100101120.0,Del0.8,0.33
X-1210,TTTY7B,100101120.0,Del0.8,0.38
X-1210,TTTY8,84673.0,Del0.8,0.33
X-1210,TTTY8,84673.0,Del0.8,0.38
X-1210,TTTY9A,83864.0,Del0.8,0.33
X-1210,TTTY9A,83864.0,Del0.8,0.33
X-1210,TUBB6,84617.0,MutNovel,"K174R,0.554"
X-1210,TUBG2,27175.0,MutNovel,"G375R,0.393"
X-1210,TUBGCP6,85378.0,MutKnownFunctional,"C101*,0.411"
X-1210,TXLNG2P,246126.0,Del0.8,0.33
X-1210,TXNDC5,81567.0,MutNovel,"-47R,0.497"
X-1210,UAP1L1,91373.0,MutNovel,"D208N,0.204"
X-1210,UBA2,10054.0,MutNovel,"V54I,0.477"
X-1210,UBB,7314.0,MutKnownFunctional,"-188,0.359"
X-1210,UBE2O,63893.0,MutNovel,"T435M,0.256"
X-1210,UBE3A,7337.0,MutKnownFunctional,"R279*,1.000"
X-1210,UBQLN1,29979.0,MutNovel,"P53L,0.420"
X-1210,UBR1,197131.0,MutNovel,"I1450T,0.422"
X-1210,UBR4,23352.0,MutNovel,"V776I,0.525"
X-1210,UBR5,51366.0,MutNovel,"R1379W,0.411"
X-1210,UBR5,51366.0,MutNovel,"R920Q,0.487"
X-1210,ULK1,8408.0,MutNovel,"T764M,0.467"
X-1210,ULK3,25989.0,MutNovel,"R257H,0.996"
X-1210,UNC13D,201294.0,MutNovel,"V246M,0.556"
X-1210,UNK,85451.0,MutNovel,"R157H,0.500"
X-1210,UNKL,64718.0,MutNovel,"R233W,0.400"
X-1210,UPF2,26019.0,MutNovel,"P425S,0.471"
X-1210,UPF2,26019.0,MutNovel,"R383C,0.440"
X-1210,URB1,9875.0,MutNovel,"Q623P,0.500"
X-1210,URB2,9816.0,MutNovel,"A1169T,0.486"
X-1210,URB2,9816.0,MutNovel,"P1368L,0.403"
X-1210,URB2,9816.0,MutKnownFunctional,"-1446?,0.292"
X-1210,URI1,8725.0,MutNovel,"A257V,0.521"
X-1210,USH1G,124590.0,MutNovel,"L81M,0.417"
X-1210,USP13,8975.0,MutNovel,"F590S,0.562"
X-1210,USP18,11274.0,MutNovel,"A314T,0.541"
X-1210,USP32,84669.0,MutNovel,"T729I,0.208"
X-1210,USP34,9736.0,MutKnownFunctional,"R1580*,0.292"
X-1210,USP35,57558.0,MutKnownFunctional,"-567,0.500"
X-1210,USP35,57558.0,MutKnownFunctional,"-652,0.500"
X-1210,USP36,57602.0,MutNovel,"KKK958K,0.519"
X-1210,USP37,57695.0,MutNovel,"E33G,0.554"
X-1210,USP43,124739.0,MutNovel,"T580M,0.543"
X-1210,USP45,85015.0,MutNovel,"G527S,0.583"
X-1210,USP7,7874.0,MutKnownFunctional,"R508*,0.207"
X-1210,USP9Y,8287.0,Del0.8,0.33
X-1210,UTP3,57050.0,MutNovel,"-160E,0.250"
X-1210,UTY,7404.0,Del0.8,0.33
X-1210,VAMP2,6844.0,MutNovel,"II110I,0.525"
X-1210,VARS2,57176.0,MutNovel,"T1009M,0.410"
X-1210,VCY,9084.0,Del0.8,0.33
X-1210,VCY,9084.0,Del0.8,0.33
X-1210,VGLL4,9686.0,MutNovel,"V243M,0.478"
X-1210,VIL1,7429.0,MutNovel,"V210M,0.492"
X-1210,VOPP1,81552.0,MutNovel,"P89L,0.565"
X-1210,VPRBP,9730.0,MutKnownFunctional,"-939,0.262"
X-1210,VPS11,55823.0,MutNovel,"V802I,0.477"
X-1210,VPS13B,157680.0,MutNovel,"R3684Q,0.547"
X-1210,VPS13D,55187.0,MutNovel,"N165K,0.296"
X-1210,VPS13D,55187.0,MutKnownFunctional,"-2993?,0.387"
X-1210,VPS37B,79720.0,MutKnownFunctional,"-210,0.532"
X-1210,VPS45,11311.0,MutNovel,"E121D,0.488"
X-1210,VPS8,23355.0,MutNovel,"S70N,0.475"
X-1210,VRK1,7443.0,MutNovel,"N57D,0.471"
X-1210,VRK3,51231.0,MutNovel,"R220Q,0.455"
X-1210,VWA1,64856.0,MutNovel,"V289M,0.520"
X-1210,VWA3B,200403.0,MutNovel,"T175I,0.419"
X-1210,VWA5B2,90113.0,MutNovel,"P165Q,0.800"
X-1210,WARS2,10352.0,MutNovel,"R292C,0.405"
X-1210,WDR19,57728.0,MutNovel,"V372I,0.490"
X-1210,WDR34,89891.0,MutNovel,"T89M,0.474"
X-1210,WDR37,22884.0,MutNovel,"R447W,0.473"
X-1210,WDR46,9277.0,MutNovel,"R277Q,0.470"
X-1210,WDR5,11091.0,MutNovel,"A23T,0.466"
X-1210,WDR55,54853.0,MutNovel,"R156Q,0.533"
X-1210,WDR6,11180.0,MutNovel,"R928W,0.484"
X-1210,WDR60,55112.0,MutNovel,"Q193H,0.772"
X-1210,WDR81,124997.0,MutKnownFunctional,"-1750,0.500"
X-1210,WDR90,197335.0,MutKnownFunctional,"-1011,0.414"
X-1210,WDTC1,23038.0,MutNovel,"R12C,0.483"
X-1210,WHSC2,7469.0,MutKnownFunctional,"-487,0.485"
X-1210,WNK2,65268.0,MutNovel,"R236Q,0.733"
X-1210,WNK2,65268.0,MutNovel,"Q555H,0.267"
X-1210,WRNIP1,56897.0,MutNovel,"A199T,0.404"
X-1210,WSB2,55884.0,MutNovel,"T77M,0.512"
X-1210,XDH,7498.0,MutKnownFunctional,"-47,1.000"
X-1210,XKRY2,353515.0,Del0.8,0.33
X-1210,XKRY2,353515.0,Del0.8,0.33
X-1210,XPNPEP2,7512.0,MutKnownFunctional,"W11*,1.000"
X-1210,XPO7,23039.0,MutNovel,"A1034V,0.528"
X-1210,XPOT,11260.0,MutKnownFunctional,"-124,0.404"
X-1210,XRN2,22803.0,MutNovel,"L394V,0.333"
X-1210,XYLT1,64131.0,MutNovel,"R598H,1.000"
X-1210,YBX1,4904.0,MutNovel,"N223S,0.510"
X-1210,YEATS2,55689.0,MutKnownFunctional,"Q614*,0.212"
X-1210,YIF1A,10897.0,MutNovel,"G6D,0.533"
X-1210,YPEL2,388403.0,MutNovel,"R65Q,0.475"
X-1210,YTHDC2,64848.0,MutNovel,"A740T,0.491"
X-1210,YTHDF1,54915.0,MutNovel,"A199T,0.626"
X-1210,ZAR1,326340.0,MutNovel,"C346R,0.483"
X-1210,ZBED3,84327.0,MutNovel,"A179G,0.522"
X-1210,ZBTB34,403341.0,MutNovel,"R26H,0.550"
X-1210,ZBTB4,57659.0,MutKnownFunctional,"-4,0.410"
X-1210,ZBTB47,92999.0,MutNovel,"D110V,0.508"
X-1210,ZBTB49,166793.0,MutNovel,"A539T,0.467"
X-1210,ZCCHC11,23318.0,MutNovel,"R1380H,0.497"
X-1210,ZCCHC4,29063.0,MutNovel,"R96Q,0.469"
X-1210,ZDBF2,57683.0,MutNovel,"R1919H,0.457"
X-1210,ZDHHC11,79844.0,MutNovel,"A303D,1.000"
X-1210,ZDHHC11,79844.0,MutNovel,"V86I,0.429"
X-1210,ZDHHC16,84287.0,MutNovel,"R33W,0.552"
X-1210,ZDHHC17,23390.0,MutNovel,"P447L,0.487"
X-1210,ZDHHC18,84243.0,MutNovel,"SSG50S,0.727"
X-1210,ZDHHC3,51304.0,MutNovel,"A58V,0.560"
X-1210,ZFHX3,463.0,MutKnownFunctional,"-3405,0.435"
X-1210,ZFHX3,463.0,MutNovel,"V1277M,0.514"
X-1210,ZFY,7544.0,Del0.8,0.38
X-1210,ZHX2,22882.0,MutNovel,"E754K,0.320"
X-1210,ZHX3,23051.0,MutNovel,"A253T,0.714"
X-1210,ZMAT3,64393.0,MutNovel,"R227H,0.654"
X-1210,ZMIZ2,83637.0,MutNovel,"A187T,0.455"
X-1210,ZMYM1,79830.0,MutKnownFunctional,"-504,0.500"
X-1210,ZMYM1,79830.0,MutKnownFunctional,"R1031*,0.404"
X-1210,ZMYM4,9202.0,MutNovel,"R1359C,0.494"
X-1210,ZMYND8,23613.0,MutNovel,"A964V,0.621"
X-1210,ZNF131,7690.0,MutNovel,"V362A,0.497"
X-1210,ZNF143,7702.0,MutNovel,"Y62H,0.425"
X-1210,ZNF211,10520.0,MutNovel,"H294R,1.000"
X-1210,ZNF213,7760.0,MutNovel,"R327H,0.411"
X-1210,ZNF213,7760.0,MutNovel,"D390N,0.390"
X-1210,ZNF23,7571.0,MutNovel,"L11M,0.517"
X-1210,ZNF236,7776.0,MutNovel,"D1211N,0.407"
X-1210,ZNF254,9534.0,MutNovel,"M343V,0.375"
X-1210,ZNF280B,140883.0,MutNovel,"R350W,0.714"
X-1210,ZNF280D,54816.0,MutKnownFunctional,"-285,0.524"
X-1210,ZNF286B,729288.0,MutNovel,"V516I,0.636"
X-1210,ZNF296,162979.0,MutNovel,"P306L,0.429"
X-1210,ZNF317,57693.0,MutNovel,"P557S,0.506"
X-1210,ZNF318,24149.0,MutKnownFunctional,"-1216,0.521"
X-1210,ZNF319,57567.0,MutNovel,"P28L,0.471"
X-1210,ZNF324,25799.0,MutKnownFunctional,"Q296*,0.206"
X-1210,ZNF330,27309.0,MutNovel,"S266G,0.488"
X-1210,ZNF33A,7581.0,MutNovel,"V286A,0.406"
X-1210,ZNF33A,7581.0,MutNovel,"TF533T,0.423"
X-1210,ZNF362,149076.0,MutNovel,"V82I,0.750"
X-1210,ZNF362,149076.0,MutNovel,"ER191KH,0.714"
X-1210,ZNF385A,25946.0,MutNovel,"R243W,0.547"
X-1210,ZNF407,55628.0,MutNovel,"R850W,0.750"
X-1210,ZNF43,7594.0,MutNovel,"T507I,0.364"
X-1210,ZNF443,10224.0,MutNovel,"R405H,0.700"
X-1210,ZNF467,168544.0,MutNovel,"C489G,0.391"
X-1210,ZNF485,220992.0,MutKnownFunctional,"R108*,0.871"
X-1210,ZNF496,84838.0,MutNovel,"R103Q,0.448"
X-1210,ZNF498,221785.0,MutNovel,"P261L,0.435"
X-1210,ZNF575,284346.0,MutNovel,"R166H,0.647"
X-1210,ZNF585A,199704.0,MutNovel,"R148G,0.353"
X-1210,ZNF606,80095.0,MutNovel,"R88C,0.367"
X-1210,ZNF616,90317.0,MutNovel,"R563H,0.375"
X-1210,ZNF638,27332.0,MutNovel,"R159C,0.467"
X-1210,ZNF646,9726.0,MutNovel,"R237W,0.568"
X-1210,ZNF646,9726.0,MutNovel,"R1268C,0.650"
X-1210,ZNF7,7553.0,MutKnownFunctional,"-229,0.495"
X-1210,ZNF707,286075.0,MutNovel,"G182R,0.348"
X-1210,ZNF71,58491.0,MutKnownFunctional,"-22,0.516"
X-1210,ZNF746,155061.0,MutNovel,"R159H,0.571"
X-1210,ZNF770,54989.0,MutKnownFunctional,"-9,1.000"
X-1210,ZNF775,285971.0,MutNovel,"R59Q,0.593"
X-1210,ZNF777,27153.0,MutNovel,"R271W,0.441"
X-1210,ZNF787,126208.0,MutNovel,"R61W,0.483"
X-1210,ZNF808,388558.0,MutNovel,"V667A,0.356"
X-1210,ZNF812,729648.0,MutNovel,"Y305H,0.429"
X-1210,ZNF812,729648.0,MutNovel,"Y279C,1.000"
X-1210,ZNF850,342892.0,MutNovel,"R825C,0.615"
X-1210,ZNF860,344787.0,MutNovel,"R325H,0.500"
X-1210,ZNF93,81931.0,MutKnownFunctional,"-169?,0.583"
X-1210,ZNHIT2,741.0,MutNovel,"A376T,0.473"
X-1210,ZNHIT3,9326.0,MutNovel,"L15S,0.460"
X-1210,ZNRF2,223082.0,MutNovel,"S60G,0.667"
X-1210,ZP3,7784.0,MutNovel,"R349H,0.241"
X-1210,ZRANB1,54764.0,MutKnownFunctional,"-709,0.488"
X-1210,ZSCAN2,54993.0,MutNovel,"G218E,0.429"
X-1210,ZSCAN20,7579.0,MutNovel,"R348Q,0.444"
X-1210,ZYX,7791.0,MutNovel,"V212I,0.462"
X-1210,ZZEF1,23140.0,MutNovel,"V2262I,0.410"
X-1234,ACOT8,10005.0,MutKnownFunctional,"-1R?,0.263"
X-1234,ADAM9,8754.0,MutNovel,"I581L,1.000"
X-1234,AFAP1,60312.0,MutNovel,"I34T,1.000"
X-1234,AGRN,375790.0,MutNovel,"V23L,0.630"
X-1234,ALKBH4,54784.0,MutNovel,"S224W,0.208"
X-1234,ALPP,250.0,MutNovel,"C489Y,1.000"
X-1234,AMBRA1,55626.0,MutNovel,"C87R,0.408"
X-1234,AMELY,266.0,Del0.8,0.2
X-1234,ANKRD36,375248.0,MutNovel,"T998S,0.286"
X-1234,ANKRD52,283373.0,MutNovel,"N35S,0.553"
X-1234,APC,324.0,MutKnownFunctional,"R876*,0.333"
X-1234,APC,324.0,MutKnownFunctional,"Q1429*,0.542"
X-1234,AQP12B,653437.0,MutNovel,"H256R,0.667"
X-1234,ART5,116969.0,MutNovel,"-25P,0.875"
X-1234,ASAP2,8853.0,MutNovel,"V511A,0.461"
X-1234,ASXL2,55252.0,MutNovel,"R1073K,0.517"
X-1234,ATM,472.0,MutNovel,"M1321V,0.429"
X-1234,ATP6V1F,9296.0,MutNovel,"A128T,0.364"
X-1234,ATR,545.0,MutNovel,"G94D,0.325"
X-1234,ATXN1,6310.0,MutNovel,"A767T,0.426"
X-1234,ATXN7,6314.0,MutNovel,"D353N,0.351"
X-1234,BCORP1,286554.0,Del0.8,0.2
X-1234,BPY2B,442867.0,Del0.8,0.2
X-1234,BPY2B,442867.0,Del0.8,0.2
X-1234,BTNL3,10917.0,MutNovel,"H311G,0.646"
X-1234,C14orf28,122525.0,MutNovel,"N157K,0.576"
X-1234,C16orf95,100506581.0,MutNovel,"R151H,0.431"
X-1234,C6orf1,221491.0,MutNovel,"S108A,0.496"
X-1234,C6orf223,221416.0,MutNovel,"AA124-,0.213"
X-1234,CABIN1,23523.0,MutNovel,"S2087R,0.520"
X-1234,CACNB3,784.0,MutNovel,"H392Q,0.586"
X-1234,CCDC102A,92922.0,MutNovel,"L505M,0.389"
X-1234,CDC42EP1,11135.0,MutNovel,"PAPAANPS253P,0.215"
X-1234,CDY1B,253175.0,Del0.8,0.2
X-1234,CDY1B,253175.0,Del0.8,0.2
X-1234,CDY2A,9426.0,Del0.8,0.2
X-1234,CDY2A,9426.0,Del0.8,0.2
X-1234,CDY2B,203611.0,Del0.8,0.2
X-1234,CDY2B,203611.0,Del0.8,0.2
X-1234,CEL,1056.0,MutNovel,"A692P,0.318"
X-1234,CEP152,22995.0,MutNovel,"A1579V,0.551"
X-1234,CHAC1,79094.0,MutNovel,"V244L,0.722"
X-1234,CIDEC,63924.0,MutNovel,"R71M,0.667"
X-1234,CLN8,2055.0,MutNovel,"L153F,0.632"
X-1234,CNDP1,84735.0,MutNovel,"V15VL,0.917"
X-1234,COPB2,9276.0,MutKnownFunctional,"-907L?,0.403"
X-1234,CREG2,200407.0,MutNovel,"P96Q,0.625"
X-1234,CSPG4P1Y,114758.0,Del0.8,0.2
X-1234,CSPG4P1Y,114758.0,Del0.8,0.2
X-1234,CSPP1,79848.0,MutNovel,"A38V,0.634"
X-1234,CTNNAL1,8727.0,MutNovel,"E284G,0.483"
X-1234,CTU1,90353.0,MutNovel,"A303T,1.000"
X-1234,CUL9,23113.0,MutNovel,"APS1459A,0.294"
X-1234,DAZ1,1617.0,Del0.8,0.2
X-1234,DAZ2,57055.0,Del0.8,0.2
X-1234,DAZ3,57054.0,Del0.8,0.2
X-1234,DAZ3,57054.0,Del0.8,0.2
X-1234,DAZ4,57135.0,Del0.8,0.2
X-1234,DAZ4,57135.0,Del0.8,0.2
X-1234,DDX3Y,8653.0,Del0.8,0.2
X-1234,DENND4B,9909.0,MutNovel,"QQQ908-,0.257"
X-1234,DHX37,57647.0,MutNovel,"P306S,0.538"
X-1234,DLG4,1742.0,MutNovel,"H225Q,1.000"
X-1234,DMBT1,1755.0,MutNovel,"G1438S,0.700"
X-1234,DPP9,91039.0,MutNovel,"I639V,1.000"
X-1234,DPY19L2,283417.0,MutNovel,"P295Q,1.000"
X-1234,DPY19L2,283417.0,MutNovel,"A288V,1.000"
X-1234,DUT,1854.0,MutNovel,"P100S,0.516"
X-1234,DZANK1,55184.0,MutNovel,"D76A,0.500"
X-1234,EFHC1,114327.0,MutNovel,"D106H,0.417"
X-1234,EIF1AY,9086.0,Del0.8,0.2
X-1234,ELP2,55250.0,MutNovel,"R184L,1.000"
X-1234,EML3,256364.0,MutNovel,"R718H,0.460"
X-1234,ENC1,8507.0,MutNovel,"I111T,0.500"
X-1234,ERBB3,2065.0,MutLikelyFunctional,"V104L,0.511"
X-1234,FAM197Y2P,252946.0,Del0.8,0.2
X-1234,FAM41AY1,340618.0,Del0.8,0.2
X-1234,FAM41AY1,340618.0,Del0.8,0.2
X-1234,FAM86B1,85002.0,MutNovel,"V215M,1.000"
X-1234,FANCM,57697.0,MutKnownFunctional,"-1333?,0.250"
X-1234,FGGY,55277.0,MutKnownFunctional,"Y448*,0.929"
X-1234,FOXC1,2296.0,MutNovel,"L518F,0.235"
X-1234,FOXP1,27086.0,MutNovel,"T390S,0.462"
X-1234,FOXQ1,94234.0,MutNovel,"G24V,0.402"
X-1234,GBP3,2635.0,MutNovel,"L245R,0.570"
X-1234,GIGYF2,26058.0,MutNovel,"PQ1231P,0.220"
X-1234,GOLGA2P2Y,84559.0,Del0.8,0.2
X-1234,GOLGA2P2Y,84559.0,Del0.8,0.2
X-1234,GPR180,160897.0,MutNovel,"I42V,0.311"
X-1234,GPR56,9289.0,MutNovel,"SG281RR,0.505"
X-1234,GPRC5A,9052.0,MutKnownFunctional,"-61,0.204"
X-1234,GPRIN2,9721.0,MutNovel,"-238MRE,0.560"
X-1234,GRIN2B,2904.0,MutNovel,"R939C,0.714"
X-1234,GRK5,2869.0,MutNovel,"G438E,0.461"
X-1234,GSTM1,2944.0,Del0.8,0.78
X-1234,GYG2P1,352887.0,Del0.8,0.2
X-1234,HARS,3035.0,MutNovel,"V79I,0.450"
X-1234,HCFC2,29915.0,MutKnownFunctional,"-307?,0.400"
X-1234,HIST1H2AE,3012.0,MutNovel,"G9S,0.527"
X-1234,HLA-DRB5,3127.0,Amp5,6.28
X-1234,HLA-G,3135.0,MutNovel,"T187E,0.867"
X-1234,HNRNPUL2,221092.0,MutNovel,"P53S,0.543"
X-1234,HRCT1,646962.0,MutNovel,"P106H,0.830"
X-1234,HSFY2,159119.0,Del0.8,0.2
X-1234,HSFY2,159119.0,Del0.8,0.2
X-1234,INTS4,92105.0,MutNovel,"P857T,0.459"
X-1234,ITGA7,3679.0,MutNovel,"H1074N,0.529"
X-1234,KDM3B,51780.0,MutNovel,"A5T,0.400"
X-1234,KDM5D,8284.0,Del0.8,0.2
X-1234,KDSR,2531.0,MutNovel,"V150M,0.992"
X-1234,KIAA1161,57462.0,MutNovel,"D218N,0.329"
X-1234,KRAS,3845.0,MutKnownFunctional,"G13D,0.530"
X-1234,LEFTY2,7044.0,MutNovel,"N307K,1.000"
X-1234,LGALS9C,654346.0,MutNovel,"S263N,1.000"
X-1234,LIMK1,3984.0,MutNovel,"P501S,1.000"
X-1234,LMCD1,29995.0,MutNovel,"E119K,0.673"
X-1234,LOC100288332,,MutNovel,"D279V,0.405"
X-1234,LOC100996325,,MutNovel,"P74L,0.750"
X-1234,LOC100996610,,MutNovel,"Y19H,0.600"
X-1234,LOC283710,283710.0,MutKnownFunctional,"-26,0.600"
X-1234,LOC729162,,MutNovel,"H32Y,1.000"
X-1234,LOC729162,,MutKnownFunctional,"R18*,1.000"
X-1234,LOC729162,,MutNovel,"L4S,1.000"
X-1234,LRRC16A,55604.0,MutNovel,"K33E,0.500"
X-1234,LRRC8B,23507.0,MutKnownFunctional,"-416?,0.403"
X-1234,LSM10,84967.0,MutNovel,"F73S,0.459"
X-1234,LYAR,55646.0,MutNovel,"I34T,0.996"
X-1234,MAGI1,9223.0,MutNovel,"Q421HR,0.450"
X-1234,MAPK8IP2,23542.0,MutKnownFunctional,"-263?,1.000"
X-1234,MAPKBP1,23005.0,MutNovel,"P1036S,0.700"
X-1234,MDN1,23195.0,MutNovel,"EE4785E,0.368"
X-1234,MIDN,90007.0,MutNovel,"C20G,1.000"
X-1234,MMP15,4324.0,MutNovel,"H221Y,0.487"
X-1234,MPRIP,23164.0,MutNovel,"TS178T,0.543"
X-1234,MYNN,55892.0,MutNovel,"T191I,0.508"
X-1234,NBPF10,100132406.0,MutNovel,"I1165F,0.333"
X-1234,NCOA3,8202.0,MutNovel,"Q1255-,0.220"
X-1234,NCOR2,9612.0,MutNovel,"G1839GAAA,0.262"
X-1234,NCRNA00185,55410.0,Del0.8,0.2
X-1234,NDUFV1,4723.0,MutNovel,"D232G,0.496"
X-1234,NLGN4Y,22829.0,Del0.8,0.2
X-1234,NLRX1,79671.0,MutNovel,"R917Q,0.400"
X-1234,NME4,4833.0,MutNovel,"G2R,0.324"
X-1234,NPFFR1,64106.0,MutNovel,"G365S,0.400"
X-1234,NPIPL3,23117.0,MutNovel,"R780L,0.833"
X-1234,NR1D1,9572.0,MutNovel,"R189C,0.998"
X-1234,NSRP1,84081.0,MutNovel,"D436E,0.993"
X-1234,NUP210,23225.0,MutNovel,"E674D,0.522"
X-1234,NUP210,23225.0,MutNovel,"G566R,0.579"
X-1234,ORAI1,84876.0,MutNovel,"PP43-,0.907"
X-1234,ORM2,5005.0,MutNovel,"R38Q,0.400"
X-1234,PABPC3,5042.0,MutNovel,"Y377H,1.000"
X-1234,PAK1,5058.0,MutNovel,"W430C,0.499"
X-1234,PCDH11Y,83259.0,Del0.8,0.3
X-1234,PER1,5187.0,MutNovel,"P98L,1.000"
X-1234,PEX6,5190.0,MutNovel,"A79P,0.733"
X-1234,PGM2L1,283209.0,MutNovel,"I486V,0.561"
X-1234,PHLDA1,22822.0,MutNovel,"QQ194Q,0.494"
X-1234,PIGL,9487.0,MutNovel,"D51N,1.000"
X-1234,PKP4,8502.0,MutNovel,"G246A,0.516"
X-1234,PLEC,5339.0,MutNovel,"R2383H,0.280"
X-1234,PRKY,5616.0,Del0.8,0.2
X-1234,PROC,5624.0,MutNovel,"D214A,0.537"
X-1234,PRY,9081.0,Del0.8,0.2
X-1234,PRY,9081.0,Del0.8,0.2
X-1234,PRY2,442862.0,Del0.8,0.2
X-1234,PRY2,442862.0,Del0.8,0.2
X-1234,PTEN,5728.0,MutKnownFunctional,"-8,0.985"
X-1234,RAB3GAP2,25782.0,MutNovel,"V201G,0.496"
X-1234,RBMY1A3P,286557.0,Del0.8,0.2
X-1234,RBMY1B,378948.0,Del0.8,0.2
X-1234,RBMY1B,378948.0,Del0.8,0.2
X-1234,RBMY1E,378950.0,Del0.8,0.2
X-1234,RBMY1E,378950.0,Del0.8,0.2
X-1234,RBMY1F,159163.0,Del0.8,0.2
X-1234,RBMY1F,159163.0,Del0.8,0.2
X-1234,RBMY1J,378951.0,Del0.8,0.2
X-1234,RBMY1J,378951.0,Del0.8,0.2
X-1234,RBMY2EP,159125.0,Del0.8,0.2
X-1234,RBMY2FP,159162.0,Del0.8,0.2
X-1234,RBMY3AP,64593.0,Del0.8,0.2
X-1234,RHBDF1,64285.0,MutNovel,"A500T,0.270"
X-1234,RHD,6007.0,MutNovel,"L121M,1.000"
X-1234,RNF13,11342.0,MutNovel,"G115V,0.521"
X-1234,RPL14,9045.0,MutNovel,"T149TA,0.560"
X-1234,RPS4Y1,6192.0,Del0.8,0.3
X-1234,RPS4Y2,140032.0,Del0.8,0.2
X-1234,SART3,9733.0,MutNovel,"R601W,0.474"
X-1234,SCAMP1,9522.0,MutNovel,"C281R,0.487"
X-1234,SERINC2,347735.0,MutNovel,"-373Q,0.722"
X-1234,SESN1,27244.0,MutNovel,"M451V,0.579"
X-1234,SIN3A,25942.0,MutKnownFunctional,"Q265*,0.208"
X-1234,SLC37A4,2542.0,MutKnownFunctional,"R377*,0.378"
X-1234,SLC3A2,6520.0,MutNovel,"M485T,0.549"
X-1234,SMC5,23137.0,MutNovel,"A2T,0.490"
X-1234,SOWAHA,134548.0,MutNovel,"-4AAA,0.209"
X-1234,SOWAHA,134548.0,MutNovel,"R233W,0.435"
X-1234,SOX30,11063.0,MutNovel,"F641Y,0.286"
X-1234,SRY,6736.0,Del0.8,0.3
X-1234,SSFA2,6744.0,MutNovel,"K360-,0.418"
X-1234,SULT1B1,27284.0,MutKnownFunctional,"-297,0.944"
X-1234,SWT1,54823.0,MutNovel,"P550A,0.318"
X-1234,SYNJ2,8871.0,MutNovel,"R217H,0.603"
X-1234,SYT2,127833.0,MutNovel,"Q261A,1.000"
X-1234,SYTL2,54843.0,MutNovel,"F527V,0.547"
X-1234,TBL1Y,90665.0,Del0.8,0.2
X-1234,TBP,6908.0,MutNovel,"-64Q,0.265"
X-1234,TCFL5,10732.0,MutNovel,"A13G,1.000"
X-1234,TG,7038.0,MutNovel,"S625R,0.667"
X-1234,TGIF2LY,90655.0,Del0.8,0.3
X-1234,TMC5,79838.0,MutNovel,"P223L,0.547"
X-1234,TMEM136,219902.0,MutNovel,"R165C,0.500"
X-1234,TMSB4Y,9087.0,Del0.8,0.2
X-1234,TNIK,23043.0,MutNovel,"N820S,0.521"
X-1234,TNKS2,80351.0,MutNovel,"D704H,1.000"
X-1234,TNPO3,23534.0,MutNovel,"K449N,0.474"
X-1234,TP53,7157.0,MutNovel,"L145R,1.000"
X-1234,TRIM54,57159.0,MutNovel,"E379G,0.400"
X-1234,TRIM8,81603.0,MutNovel,"S544F,0.493"
X-1234,TRPS1,7227.0,MutKnownFunctional,"S427*,0.600"
X-1234,TSNARE1,203062.0,MutNovel,"T222M,0.600"
X-1234,TSPY1,7258.0,Del0.8,0.2
X-1234,TSPY2,64591.0,Del0.8,0.2
X-1234,TSPY3,728137.0,Del0.8,0.2
X-1234,TSPY4,728395.0,Del0.8,0.2
X-1234,TSPY8,728403.0,Del0.8,0.2
X-1234,TSPYL1,7259.0,MutNovel,"V176VW,0.886"
X-1234,TTTY10,246119.0,Del0.8,0.2
X-1234,TTTY11,83866.0,Del0.8,0.2
X-1234,TTTY12,83867.0,Del0.8,0.2
X-1234,TTTY13,83868.0,Del0.8,0.2
X-1234,TTTY14,83869.0,Del0.8,0.2
X-1234,TTTY15,64595.0,Del0.8,0.2
X-1234,TTTY16,252948.0,Del0.8,0.2
X-1234,TTTY17A,252949.0,Del0.8,0.2
X-1234,TTTY17A,252949.0,Del0.8,0.2
X-1234,TTTY18,252950.0,Del0.8,0.2
X-1234,TTTY19,252952.0,Del0.8,0.2
X-1234,TTTY1B,100101116.0,Del0.8,0.2
X-1234,TTTY1B,100101116.0,Del0.8,0.2
X-1234,TTTY2,60439.0,Del0.8,0.2
X-1234,TTTY2,60439.0,Del0.8,0.2
X-1234,TTTY20,252951.0,Del0.8,0.2
X-1234,TTTY21,252953.0,Del0.8,0.2
X-1234,TTTY21,252953.0,Del0.8,0.2
X-1234,TTTY22,252954.0,Del0.8,0.2
X-1234,TTTY23,252955.0,Del0.8,0.2
X-1234,TTTY23,252955.0,Del0.8,0.2
X-1234,TTTY3,114760.0,Del0.8,0.2
X-1234,TTTY3,114760.0,Del0.8,0.2
X-1234,TTTY4,114761.0,Del0.8,0.2
X-1234,TTTY4,114761.0,Del0.8,0.2
X-1234,TTTY5,83863.0,Del0.8,0.2
X-1234,TTTY6,84672.0,Del0.8,0.2
X-1234,TTTY6,84672.0,Del0.8,0.2
X-1234,TTTY7,246122.0,Del0.8,0.2
X-1234,TTTY7,246122.0,Del0.8,0.2
X-1234,TTTY7B,100101120.0,Del0.8,0.2
X-1234,TTTY7B,100101120.0,Del0.8,0.2
X-1234,TTTY8,84673.0,Del0.8,0.2
X-1234,TTTY8,84673.0,Del0.8,0.2
X-1234,TTTY9A,83864.0,Del0.8,0.2
X-1234,TTTY9A,83864.0,Del0.8,0.2
X-1234,TUBA1A,7846.0,MutNovel,"L269E,0.203"
X-1234,TXLNG2P,246126.0,Del0.8,0.2
X-1234,U2AF2,11338.0,MutNovel,"G362V,0.998"
X-1234,UBE3C,9690.0,MutNovel,"Q931H,0.492"
X-1234,UGT2B11,10720.0,MutNovel,"A346T,1.000"
X-1234,USP36,57602.0,MutNovel,"KKK958K,0.774"
X-1234,USP43,124739.0,MutNovel,"R1004W,1.000"
X-1234,USP9Y,8287.0,Del0.8,0.2
X-1234,UTY,7404.0,Del0.8,0.2
X-1234,VCY,9084.0,Del0.8,0.2
X-1234,VCY,9084.0,Del0.8,0.2
X-1234,WDR59,79726.0,MutNovel,"V929M,0.475"
X-1234,XKRY2,353515.0,Del0.8,0.2
X-1234,XKRY2,353515.0,Del0.8,0.2
X-1234,XXYLT1,152002.0,MutNovel,"A32P,0.286"
X-1234,YDJC,150223.0,MutNovel,"V137W,0.485"
X-1234,ZDHHC11,79844.0,MutNovel,"A303D,0.333"
X-1234,ZDHHC11,79844.0,MutNovel,"G58R,0.800"
X-1234,ZFY,7544.0,Del0.8,0.3
X-1234,ZNF219,51222.0,MutNovel,"QPP233P,0.369"
X-1234,ZNF384,171017.0,MutNovel,"QQ514Q,0.387"
X-1234,ZNF608,57507.0,MutNovel,"TT773T,0.500"
X-1234,ZNRF3,84133.0,MutNovel,"R643W,0.470"
X-1234,ZSCAN21,7589.0,MutNovel,"V105M,0.382"
X-1256,ACTN1,87.0,MutNovel,"S744N,0.516"
X-1256,ADAM10,102.0,MutNovel,"Y163C,0.506"
X-1256,ADAM6,8755.0,Amp5,5.98
X-1256,ADRA2A,150.0,MutNovel,"LGPERSA268L,0.625"
X-1256,ALG10,84920.0,MutNovel,"T16P,0.333"
X-1256,AMELY,266.0,Del0.8,0.3
X-1256,ANKRD36,375248.0,MutNovel,"T998S,0.667"
X-1256,APC,324.0,MutKnownFunctional,"-1439,0.875"
X-1256,ASCC3,10973.0,MutNovel,"T1427M,0.517"
X-1256,ASCL2,430.0,MutNovel,"A146S,0.453"
X-1256,ASTN2,23245.0,MutNovel,"V1239M,0.600"
X-1256,ATP7B,540.0,MutNovel,"T1220M,0.553"
X-1256,BBS10,79738.0,MutNovel,"S451C,0.571"
X-1256,BCORP1,286554.0,Del0.8,0.3
X-1256,BPTF,2186.0,MutNovel,"T624A,0.556"
X-1256,BPY2B,442867.0,Del0.8,0.3
X-1256,BPY2B,442867.0,Del0.8,0.3
X-1256,C15orf44,81556.0,MutNovel,"S54C,0.431"
X-1256,C16orf95,100506581.0,MutNovel,"R151H,0.875"
X-1256,C18orf8,29919.0,MutNovel,"I195V,0.600"
X-1256,C1D,10438.0,MutNovel,"K79E,0.439"
X-1256,CABLES2,81928.0,MutNovel,"R473H,0.235"
X-1256,CAPN10,11132.0,MutNovel,"K215M,0.429"
X-1256,CCDC42B,387885.0,MutNovel,"G297S,0.273"
X-1256,CCDC50,152137.0,MutNovel,"G153R,0.500"
X-1256,CCDC88B,283234.0,MutNovel,"R380H,0.765"
X-1256,CCHCR1,54535.0,MutNovel,"Q207E,1.000"
X-1256,CD200,4345.0,MutNovel,"K230N,0.500"
X-1256,CDC123,8872.0,MutNovel,"P156A,0.559"
X-1256,CDY1B,253175.0,Del0.8,0.3
X-1256,CDY1B,253175.0,Del0.8,0.3
X-1256,CDY2A,9426.0,Del0.8,0.3
X-1256,CDY2A,9426.0,Del0.8,0.3
X-1256,CDY2B,203611.0,Del0.8,0.3
X-1256,CDY2B,203611.0,Del0.8,0.3
X-1256,CEACAM1,634.0,MutNovel,"E348G,0.333"
X-1256,CENPO,79172.0,MutNovel,"G3A,0.444"
X-1256,CKAP5,9793.0,MutNovel,"C343Y,0.607"
X-1256,CLU,1191.0,MutNovel,"R289C,0.436"
X-1256,CSPG4P1Y,114758.0,Del0.8,0.3
X-1256,CSPG4P1Y,114758.0,Del0.8,0.3
X-1256,DAZ1,1617.0,Del0.8,0.3
X-1256,DAZ2,57055.0,Del0.8,0.3
X-1256,DAZ3,57054.0,Del0.8,0.3
X-1256,DAZ3,57054.0,Del0.8,0.3
X-1256,DAZ4,57135.0,Del0.8,0.3
X-1256,DAZ4,57135.0,Del0.8,0.3
X-1256,DBN1,1627.0,MutNovel,"R230W,0.564"
X-1256,DDX39A,10212.0,MutNovel,"V358I,0.442"
X-1256,DDX3Y,8653.0,Del0.8,0.3
X-1256,DEAF1,10522.0,MutNovel,"R530H,0.568"
X-1256,DEPTOR,64798.0,MutNovel,"S297I,0.375"
X-1256,DIS3,22894.0,MutNovel,"S724P,0.477"
X-1256,DIS3L2,129563.0,MutNovel,"D130N,0.552"
X-1256,EIF1AY,9086.0,Del0.8,0.3
X-1256,EIF2AK4,440275.0,MutNovel,"G817E,0.306"
X-1256,EPHB3,2049.0,MutNovel,"V508M,0.480"
X-1256,ETV6,2120.0,MutNovel,"K393E,0.333"
X-1256,FAM186B,84070.0,MutNovel,"R172C,0.400"
X-1256,FAM197Y2P,252946.0,Del0.8,0.3
X-1256,FAM41AY1,340618.0,Del0.8,0.3
X-1256,FAM41AY1,340618.0,Del0.8,0.3
X-1256,FBXW7,55294.0,MutNovel,"S596Y,0.533"
X-1256,FBXW7,55294.0,MutKnownFunctional,"R465C,0.714"
X-1256,GADD45A,1647.0,MutNovel,"L143H,0.429"
X-1256,GNAS,2778.0,MutKnownFunctional,"R201H,0.572"
X-1256,GOLGA2P2Y,84559.0,Del0.8,0.3
X-1256,GOLGA2P2Y,84559.0,Del0.8,0.3
X-1256,GRAMD4,23151.0,MutNovel,"R210C,0.536"
X-1256,GSTT1,2952.0,Amp5,5.21
X-1256,GYG2P1,352887.0,Del0.8,0.3
X-1256,HIST1H2AL,8332.0,MutNovel,"V101L,1.000"
X-1256,HLA-A,3105.0,MutNovel,"G50R,0.992"
X-1256,HLA-G,3135.0,MutNovel,"F10V,1.000"
X-1256,HPSE,10855.0,MutNovel,"P12S,0.500"
X-1256,HSFY2,159119.0,Del0.8,0.3
X-1256,HSFY2,159119.0,Del0.8,0.3
X-1256,HSH2D,84941.0,MutNovel,"GE94G,0.424"
X-1256,IGFN1,91156.0,MutNovel,"E1978A,0.250"
X-1256,IGFN1,91156.0,MutNovel,"E2006K,0.250"
X-1256,ILDR1,286676.0,MutNovel,"S467G,0.389"
X-1256,ILF3,3609.0,MutNovel,"Q391L,0.441"
X-1256,ITGB5,3693.0,MutNovel,"R450Q,0.582"
X-1256,KCNJ11,3767.0,MutNovel,"S273G,0.750"
X-1256,KDM5C,8242.0,MutNovel,"G240R,0.364"
X-1256,KDM5D,8284.0,Del0.8,0.3
X-1256,KIAA0125,9834.0,Amp5,5.98
X-1256,KRAS,3845.0,MutKnownFunctional,"G13D,0.600"
X-1256,KRT3,3850.0,MutNovel,"M455L,1.000"
X-1256,LAMA2,3908.0,MutNovel,"D2779E,0.857"
X-1256,LCE3C,353144.0,Del0.8,0.37
X-1256,LGALS8,3964.0,MutNovel,"Y93H,0.321"
X-1256,LGALS9B,284194.0,MutNovel,"V184M,0.333"
X-1256,LLGL1,3996.0,MutNovel,"P1001L,0.265"
X-1256,LMO7,4008.0,MutNovel,"A1272G,0.497"
X-1256,LOC100132247,100132247.0,MutNovel,"R1086Q,0.500"
X-1256,LOC391322,391322.0,Amp5,5.21
X-1256,LPAR2,9170.0,MutNovel,"R218Q,0.583"
X-1256,LPCAT4,254531.0,MutNovel,"V372A,0.509"
X-1256,LRIG1,26018.0,MutNovel,"R1049C,0.536"
X-1256,LRRC47,57470.0,MutNovel,"G261R,0.421"
X-1256,LRRC8D,55144.0,MutNovel,"T251A,0.463"
X-1256,LSM10,84967.0,MutKnownFunctional,"R105*,0.490"
X-1256,MAP7D1,55700.0,MutNovel,"A314V,0.618"
X-1256,MARK2,2011.0,MutNovel,"D193Y,0.531"
X-1256,MBD5,55777.0,MutNovel,"H778Y,0.500"
X-1256,MDK,4192.0,MutNovel,"D51A,0.568"
X-1256,ME1,4199.0,MutNovel,"N443K,0.405"
X-1256,MED13L,23389.0,MutNovel,"R1705S,0.352"
X-1256,MEN1,4221.0,MutNovel,"G219S,0.440"
X-1256,MESP1,55897.0,MutNovel,"G184E,0.500"
X-1256,METTL13,51603.0,MutNovel,"R674Q,0.367"
X-1256,MICALCL,84953.0,MutNovel,"A584E,0.571"
X-1256,MPRIP,23164.0,MutNovel,"TS178T,0.286"
X-1256,MRE11A,4361.0,MutNovel,"S158Y,0.595"
X-1256,MSLN,10232.0,MutNovel,"D129E,0.440"
X-1256,MTX1,4580.0,MutNovel,"F351L,0.615"
X-1256,MUC12,10071.0,MutNovel,"R1165P,0.700"
X-1256,MUC12,10071.0,MutNovel,"P1838T,0.571"
X-1256,MUC12,10071.0,MutNovel,"T4363I,0.379"
X-1256,MUC12,10071.0,MutNovel,"S4381L,0.611"
X-1256,MUC12,10071.0,MutNovel,"T4391P,0.793"
X-1256,MUC2,4583.0,MutNovel,"I1442T,0.333"
X-1256,MUC2,4583.0,MutNovel,"P1480PT,0.326"
X-1256,MUC2,4583.0,MutNovel,"P1735S,0.302"
X-1256,MUC4,4585.0,MutNovel,"H4205Q,0.400"
X-1256,MUC4,4585.0,MutNovel,"SS2373RP,1.000"
X-1256,MYEOV2,150678.0,MutNovel,"A64T,0.543"
X-1256,MYO19,80179.0,MutNovel,"P918T,0.439"
X-1256,MYO7B,4648.0,MutNovel,"R2032Q,0.450"
X-1256,NCLN,56926.0,MutNovel,"T384M,0.593"
X-1256,NCRNA00185,55410.0,Del0.8,0.3
X-1256,NF1,4763.0,MutNovel,"H38Y,1.000"
X-1256,NLGN4Y,22829.0,Del0.8,0.3
X-1256,NOMO1,23420.0,MutNovel,"S1116P,0.500"
X-1256,NOMO1,23420.0,MutNovel,"E1153G,0.505"
X-1256,NOP9,,MutNovel,"E162-,0.500"
X-1256,NOTCH1,4851.0,MutNovel,"A1343V,0.500"
X-1256,NR1D1,9572.0,MutNovel,"S23P,0.438"
X-1256,NR1H2,7376.0,MutNovel,"-173Q,0.387"
X-1256,ODF2,4957.0,MutNovel,"R222Q,0.486"
X-1256,OR51E1,143503.0,MutNovel,"R307Q,0.750"
X-1256,PCDH11Y,83259.0,Del0.8,0.3
X-1256,PHF2,5253.0,MutNovel,"R96Q,0.571"
X-1256,PHLDA1,22822.0,MutNovel,"QQ194Q,0.484"
X-1256,PHRF1,57661.0,MutNovel,"E1104A,0.440"
X-1256,PIK3CA,5290.0,MutKnownFunctional,"N345K,0.500"
X-1256,PINX1,54984.0,MutNovel,"S139G,0.632"
X-1256,PLEC,5339.0,MutNovel,"A4586V,0.339"
X-1256,PLEC,5339.0,MutNovel,"R2139Q,0.400"
X-1256,PLEC,5339.0,MutNovel,"R1317W,0.455"
X-1256,PLEKHG1,57480.0,MutNovel,"A1095E,0.444"
X-1256,PLXNB1,5364.0,MutNovel,"G1131R,0.286"
X-1256,PMEPA1,56937.0,MutKnownFunctional,"-208?,0.343"
X-1256,PRKCG,5582.0,MutNovel,"D391G,0.667"
X-1256,PRKY,5616.0,Del0.8,0.3
X-1256,PRY,9081.0,Del0.8,0.3
X-1256,PRY,9081.0,Del0.8,0.3
X-1256,PRY2,442862.0,Del0.8,0.3
X-1256,PRY2,442862.0,Del0.8,0.3
X-1256,PTK6,5753.0,MutNovel,"T192M,0.507"
X-1256,PVRL2,5819.0,MutNovel,"V387VR,0.345"
X-1256,PXK,54899.0,MutNovel,"R39Q,0.667"
X-1256,R3HDM4,91300.0,MutNovel,"N111S,0.508"
X-1256,RAB11FIP1,80223.0,MutNovel,"L173Q,0.730"
X-1256,RABL6,,MutNovel,"E414K,0.442"
X-1256,RBMY1A3P,286557.0,Del0.8,0.3
X-1256,RBMY1B,378948.0,Del0.8,0.3
X-1256,RBMY1B,378948.0,Del0.8,0.3
X-1256,RBMY1E,378950.0,Del0.8,0.3
X-1256,RBMY1E,378950.0,Del0.8,0.3
X-1256,RBMY1F,159163.0,Del0.8,0.3
X-1256,RBMY1F,159163.0,Del0.8,0.3
X-1256,RBMY1J,378951.0,Del0.8,0.3
X-1256,RBMY1J,378951.0,Del0.8,0.3
X-1256,RBMY2EP,159125.0,Del0.8,0.3
X-1256,RBMY2FP,159162.0,Del0.8,0.3
X-1256,RBMY3AP,64593.0,Del0.8,0.3
X-1256,RILP,83547.0,MutNovel,"P222L,0.500"
X-1256,RPAP1,26015.0,MutNovel,"S301N,0.579"
X-1256,RPS4Y1,6192.0,Del0.8,0.3
X-1256,RPS4Y2,140032.0,Del0.8,0.3
X-1256,SERINC2,347735.0,MutNovel,"-373Q,0.625"
X-1256,SERTAD2,9792.0,MutNovel,"L311F,0.250"
X-1256,SGK223,157285.0,MutNovel,"V188M,0.543"
X-1256,SIRT2,22933.0,MutNovel,"D37N,0.476"
X-1256,SKAP2,8935.0,MutNovel,"V211A,0.667"
X-1256,SLC28A2,9153.0,MutKnownFunctional,"-129?,0.450"
X-1256,SMAD2,4087.0,MutNovel,"Q284R,0.615"
X-1256,SMARCC2,6601.0,MutNovel,"N1134T,0.481"
X-1256,SORL1,6653.0,MutNovel,"V741A,0.600"
X-1256,SPTAN1,6709.0,MutNovel,"R547H,0.569"
X-1256,SPTY2D1,144108.0,MutNovel,"KR107R,0.379"
X-1256,SRY,6736.0,Del0.8,0.3
X-1256,SYBU,55638.0,MutNovel,"V648M,0.213"
X-1256,SYNJ2,8871.0,MutNovel,"G1131S,0.562"
X-1256,TAF6,6878.0,MutNovel,"V608I,0.500"
X-1256,TBL1Y,90665.0,Del0.8,0.3
X-1256,TELO2,9894.0,MutNovel,"T547P,0.409"
X-1256,TGIF2LY,90655.0,Del0.8,0.3
X-1256,TM9SF3,56889.0,MutNovel,"P5L,0.486"
X-1256,TMEM150B,284417.0,MutNovel,"S176L,0.409"
X-1256,TMEM8B,51754.0,MutNovel,"P16L,0.625"
X-1256,TMSB4Y,9087.0,Del0.8,0.3
X-1256,TNKS2,80351.0,MutNovel,"Y257F,0.526"
X-1256,TOM1L2,146691.0,MutNovel,"P8T,0.433"
X-1256,TRIO,7204.0,MutNovel,"R1897H,0.485"
X-1256,TRRAP,8295.0,MutNovel,"G3746S,0.476"
X-1256,TSC22D1,8848.0,MutNovel,"VE448E,0.516"
X-1256,TSPY1,7258.0,Del0.8,0.3
X-1256,TSPY2,64591.0,Del0.8,0.3
X-1256,TSPY3,728137.0,Del0.8,0.3
X-1256,TSPY4,728395.0,Del0.8,0.3
X-1256,TSPY8,728403.0,Del0.8,0.3
X-1256,TSPYL1,7259.0,MutNovel,"V176VW,0.611"
X-1256,TTTY10,246119.0,Del0.8,0.3
X-1256,TTTY11,83866.0,Del0.8,0.3
X-1256,TTTY12,83867.0,Del0.8,0.3
X-1256,TTTY13,83868.0,Del0.8,0.3
X-1256,TTTY14,83869.0,Del0.8,0.3
X-1256,TTTY15,64595.0,Del0.8,0.3
X-1256,TTTY16,252948.0,Del0.8,0.3
X-1256,TTTY17A,252949.0,Del0.8,0.3
X-1256,TTTY17A,252949.0,Del0.8,0.3
X-1256,TTTY18,252950.0,Del0.8,0.3
X-1256,TTTY19,252952.0,Del0.8,0.3
X-1256,TTTY1B,100101116.0,Del0.8,0.3
X-1256,TTTY1B,100101116.0,Del0.8,0.3
X-1256,TTTY2,60439.0,Del0.8,0.3
X-1256,TTTY2,60439.0,Del0.8,0.3
X-1256,TTTY20,252951.0,Del0.8,0.3
X-1256,TTTY21,252953.0,Del0.8,0.3
X-1256,TTTY21,252953.0,Del0.8,0.3
X-1256,TTTY22,252954.0,Del0.8,0.3
X-1256,TTTY23,252955.0,Del0.8,0.3
X-1256,TTTY23,252955.0,Del0.8,0.3
X-1256,TTTY3,114760.0,Del0.8,0.3
X-1256,TTTY3,114760.0,Del0.8,0.3
X-1256,TTTY4,114761.0,Del0.8,0.3
X-1256,TTTY4,114761.0,Del0.8,0.3
X-1256,TTTY5,83863.0,Del0.8,0.3
X-1256,TTTY6,84672.0,Del0.8,0.3
X-1256,TTTY6,84672.0,Del0.8,0.3
X-1256,TTTY7,246122.0,Del0.8,0.3
X-1256,TTTY7,246122.0,Del0.8,0.3
X-1256,TTTY7B,100101120.0,Del0.8,0.3
X-1256,TTTY7B,100101120.0,Del0.8,0.3
X-1256,TTTY8,84673.0,Del0.8,0.3
X-1256,TTTY8,84673.0,Del0.8,0.3
X-1256,TTTY9A,83864.0,Del0.8,0.3
X-1256,TTTY9A,83864.0,Del0.8,0.3
X-1256,TXLNG2P,246126.0,Del0.8,0.3
X-1256,UNC13D,201294.0,MutNovel,"R154W,0.478"
X-1256,USP36,57602.0,MutNovel,"KKK958K,0.886"
X-1256,USP9Y,8287.0,Del0.8,0.3
X-1256,UTY,7404.0,Del0.8,0.3
X-1256,VCY,9084.0,Del0.8,0.3
X-1256,VCY,9084.0,Del0.8,0.3
X-1256,WDR5B,54554.0,MutNovel,"E27D,0.333"
X-1256,WDR90,197335.0,MutNovel,"A382V,0.444"
X-1256,WRN,7486.0,MutNovel,"G95A,0.238"
X-1256,XKRY2,353515.0,Del0.8,0.3
X-1256,XKRY2,353515.0,Del0.8,0.3
X-1256,ZC3H4,23211.0,MutNovel,"M648I,0.636"
X-1256,ZDHHC11,79844.0,MutNovel,"A303D,0.750"
X-1256,ZFP36L2,678.0,MutKnownFunctional,"-37?,0.434"
X-1256,ZFY,7544.0,Del0.8,0.3
X-1256,ZNF160,90338.0,MutNovel,"S226I,0.333"
X-1256,ZNF292,23036.0,MutNovel,"S531F,0.667"
X-1256,ZNF445,353274.0,MutNovel,"A178D,0.500"
X-1256,ZNF565,147929.0,MutNovel,"T152M,1.000"
X-1256,ZNF611,81856.0,MutNovel,"E4V,0.714"
X-1256,ZNF672,79894.0,MutNovel,"T269M,0.529"
X-1256,ZNRF3,84133.0,MutNovel,"V121G,0.353"
X-1256,ZRANB1,54764.0,MutKnownFunctional,"-709?,0.476"
X-1270,ADAM3A,1587.0,Del0.8,0.32
X-1270,ADAM6,8755.0,Amp5,5.58
X-1270,ADIPOR2,79602.0,Amp8,9.78
X-1270,AGBL4,84871.0,Del0.8,0.66
X-1270,AKAP3,10566.0,Amp8,24.42
X-1270,AKAP6,9472.0,MutNovel,"S2196C,0.600"
X-1270,AKAP6,9472.0,MutNovel,"Q2219E,0.286"
X-1270,AKAP9,10142.0,MutNovel,"Q2113K,0.444"
X-1270,ALDH3B1,221.0,MutNovel,"A328P,0.797"
X-1270,AMDHD2,51005.0,MutNovel,"E85K,0.419"
X-1270,AMELY,266.0,Del0.8,0.24
X-1270,ANKRD6,22881.0,MutNovel,"A140V,0.750"
X-1270,ANO2,57101.0,Amp8,9.71
X-1270,AP1M2,10053.0,MutNovel,"F255L,0.994"
X-1270,AP1M2,10053.0,MutNovel,"R246C,1.000"
X-1270,APC,324.0,MutKnownFunctional,"E1322*,1.000"
X-1270,ARFIP1,27236.0,MutNovel,"P14A,1.000"
X-1270,ARID4A,5926.0,MutNovel,"R145T,0.371"
X-1270,ARL5B,221079.0,MutNovel,"A118T,0.575"
X-1270,ASPM,259266.0,MutNovel,"L2195H,0.600"
X-1270,ATIC,471.0,MutNovel,"E577V,0.420"
X-1270,AVEN,57099.0,MutNovel,"GGGGG41G,0.462"
X-1270,AZI1,22994.0,MutNovel,"R409H,0.346"
X-1270,B3GNT1,11041.0,MutNovel,"E172K,0.303"
X-1270,BAIAP2,10458.0,MutNovel,"L532P,0.407"
X-1270,BAZ2A,11176.0,MutNovel,"H63N,0.567"
X-1270,BCKDHB,594.0,MutNovel,"I134V,0.466"
X-1270,BCMO1,53630.0,MutNovel,"A18V,0.424"
X-1270,BCORP1,286554.0,Del0.8,0.24
X-1270,BPY2B,442867.0,Del0.8,0.19
X-1270,BPY2B,442867.0,Del0.8,0.14
X-1270,BTN2A1,11120.0,MutNovel,"M426I,0.467"
X-1270,C12orf32,83695.0,Amp8,13.18
X-1270,C12orf4,57102.0,Amp8,24.42
X-1270,C12orf5,57103.0,Amp8,24.42
X-1270,C16orf79,283870.0,MutNovel,"V84M,0.568"
X-1270,C2CD4B,388125.0,MutNovel,"R124W,0.500"
X-1270,C7orf60,154743.0,MutNovel,"E28A,0.600"
X-1270,CACNA1C,775.0,Amp8,9.51
X-1270,CACNA2D4,93589.0,Amp8,9.78
X-1270,CCDC167,154467.0,MutNovel,"M57I,0.438"
X-1270,CCDC64B,146439.0,MutNovel,"R322W,0.500"
X-1270,CCL23,6368.0,MutNovel,"K25N,1.000"
X-1270,CCL23,6368.0,MutNovel,"RV22QF,1.000"
X-1270,CCND2,894.0,Amp8,24.42
X-1270,CDY1B,253175.0,Del0.8,0.24
X-1270,CDY1B,253175.0,Del0.8,0.24
X-1270,CDY2A,9426.0,Del0.8,0.24
X-1270,CDY2A,9426.0,Del0.8,0.24
X-1270,CDY2B,203611.0,Del0.8,0.24
X-1270,CDY2B,203611.0,Del0.8,0.24
X-1270,CEL,1056.0,MutNovel,"SG690AG,0.243"
X-1270,CEL,1056.0,MutNovel,"A692P,0.640"
X-1270,CEP250,11190.0,MutNovel,"E1686K,0.550"
X-1270,CEP89,84902.0,MutNovel,"L629V,1.000"
X-1270,CFHR1,3078.0,Amp5,6.96
X-1270,CFHR3,10878.0,Amp5,6.96
X-1270,CHST15,51363.0,MutKnownFunctional,"-456,1.000"
X-1270,CKAP2,26586.0,MutNovel,"R630C,0.569"
X-1270,CKAP5,9793.0,MutNovel,"E472K,1.000"
X-1270,CNOT6,57472.0,MutNovel,"D388H,1.000"
X-1270,COTL1,23406.0,MutNovel,"T96M,0.550"
X-1270,CPSF3L,54973.0,MutNovel,"N47D,0.500"
X-1270,CREG2,200407.0,MutNovel,"P96Q,0.375"
X-1270,CSMD1,64478.0,Del0.8,0.78
X-1270,CSPG4P1Y,114758.0,Del0.8,0.24
X-1270,CSPG4P1Y,114758.0,Del0.8,0.24
X-1270,CTSA,5476.0,MutNovel,"LL29-,0.390"
X-1270,CTSA,5476.0,MutNovel,"E461A,0.490"
X-1270,CTU2,348180.0,MutNovel,"R501C,0.496"
X-1270,DAO,1610.0,MutNovel,"R120K,0.636"
X-1270,DAZ1,1617.0,Del0.8,0.24
X-1270,DAZ2,57055.0,Del0.8,0.2
X-1270,DAZ3,57054.0,Del0.8,0.19
X-1270,DAZ3,57054.0,Del0.8,0.14
X-1270,DAZ4,57135.0,Del0.8,0.2
X-1270,DAZ4,57135.0,Del0.8,0.17
X-1270,DBNDD1,79007.0,MutNovel,"D105E,0.619"
X-1270,DCAF13,25879.0,MutNovel,"K511Q,0.329"
X-1270,DCP1B,196513.0,Amp8,9.78
X-1270,DDX3Y,8653.0,Del0.8,0.24
X-1270,DENND4B,9909.0,MutNovel,"QQQ908-,1.000"
X-1270,DGKQ,1609.0,MutNovel,"R238H,1.000"
X-1270,DHX16,8449.0,MutNovel,"EE137E,0.505"
X-1270,DMKN,93099.0,MutNovel,"R423C,1.000"
X-1270,DRAP1,10589.0,MutNovel,"P190L,0.359"
X-1270,DROSHA,29102.0,MutNovel,"K665N,0.446"
X-1270,DYRK4,8798.0,Amp8,24.42
X-1270,EFCAB4B,84766.0,Amp8,20.68
X-1270,EIF1AY,9086.0,Del0.8,0.24
X-1270,EIF2B4,8890.0,MutNovel,"P6T,0.750"
X-1270,ENOSF1,55556.0,MutKnownFunctional,"-406,1.000"
X-1270,EPHB3,2049.0,MutKnownFunctional,"R651*,0.293"
X-1270,EPPK1,83481.0,MutNovel,"A518S,0.250"
X-1270,EXOSC6,118460.0,MutNovel,"R135P,0.395"
X-1270,FAM123B,139285.0,MutNovel,"T600S,1.000"
X-1270,FAM179B,23116.0,MutNovel,"A106V,0.333"
X-1270,FAM197Y2P,252946.0,Del0.8,0.24
X-1270,FAM20B,9917.0,MutNovel,"S318L,0.562"
X-1270,FAM41AY1,340618.0,Del0.8,0.24
X-1270,FAM41AY1,340618.0,Del0.8,0.24
X-1270,FBXL14,144699.0,Amp8,9.78
X-1270,FBXO44,93611.0,MutNovel,"G228S,1.000"
X-1270,FCGR1C,100132417.0,Amp5,6.96
X-1270,FEZ2,9637.0,MutNovel,"L216V,0.413"
X-1270,FGF23,8074.0,Amp8,24.42
X-1270,FGF6,2251.0,Amp8,24.42
X-1270,FKBP4,2288.0,Amp8,13.18
X-1270,FOXK1,221937.0,Amp5,6.59
X-1270,FOXM1,2305.0,Amp8,13.18
X-1270,FOXO3,2309.0,MutNovel,"S547R,0.479"
X-1270,FOXO6,,MutNovel,"G80R,1.000"
X-1270,FUT8,2530.0,MutNovel,"T569I,0.581"
X-1270,GALNT8,26290.0,Amp8,24.42
X-1270,GALNTL2,117248.0,Del0.8,0.79
X-1270,GIGYF2,26058.0,MutNovel,"PQ1231P,1.000"
X-1270,GJD3,125111.0,MutNovel,"G281S,0.438"
X-1270,GNL3L,54552.0,MutNovel,"D391G,1.000"
X-1270,GOLGA2P2Y,84559.0,Del0.8,0.24
X-1270,GOLGA2P2Y,84559.0,Del0.8,0.24
X-1270,GOT2,2806.0,MutNovel,"G72R,0.341"
X-1270,GPRIN2,9721.0,MutNovel,"-238MRE,0.450"
X-1270,GSTM1,2944.0,Del0.8,0.65
X-1270,GSTT1,2952.0,Amp5,5.66
X-1270,GYG2P1,352887.0,Del0.8,0.24
X-1270,HLA-B,3106.0,MutNovel,"YT33ST,0.269"
X-1270,HLA-G,3135.0,MutNovel,"A34T,0.667"
X-1270,HOXB3,3213.0,MutNovel,"S264I,0.521"
X-1270,HSFY2,159119.0,Del0.8,0.24
X-1270,HSFY2,159119.0,Del0.8,0.24
X-1270,IGFBP2,3485.0,MutNovel,"L17LLPP,0.781"
X-1270,IL12RB1,3594.0,MutNovel,"V318A,1.000"
X-1270,IMMT,10989.0,MutNovel,"Q208P,0.360"
X-1270,IQSEC3,440073.0,Del0.8,0.54
X-1270,ITFG2,55846.0,Amp8,13.18
X-1270,KBTBD6,89890.0,MutNovel,"C359Y,0.222"
X-1270,KCNA1,3736.0,Amp8,18.51
X-1270,KCNA5,3741.0,Amp8,18.51
X-1270,KCNA6,3742.0,Amp8,24.42
X-1270,KCP,375616.0,MutNovel,"P1136S,0.263"
X-1270,KDM5D,8284.0,Del0.8,0.24
X-1270,KHDRBS1,10657.0,MutKnownFunctional,"S94*,1.000"
X-1270,KIAA0125,9834.0,Amp5,5.58
X-1270,KIAA0284,283638.0,MutNovel,"G256R,1.000"
X-1270,KIAA0368,23392.0,MutNovel,"R117P,1.000"
X-1270,KIF20B,9585.0,MutNovel,"L1062LKV,1.000"
X-1270,KRAS,3845.0,MutKnownFunctional,"G13D,0.703"
X-1270,KRT13,3860.0,MutNovel,"E120D,1.000"
X-1270,KRT35,3886.0,MutNovel,"T396M,1.000"
X-1270,LAMC1,3915.0,MutNovel,"W117G,0.536"
X-1270,LIG3,3980.0,MutKnownFunctional,"Q968*,0.380"
X-1270,LNX1,84708.0,MutNovel,"I538M,0.424"
X-1270,LOC100271702,100271702.0,Amp8,9.78
X-1270,LOC100292680,100292680.0,Amp8,9.78
X-1270,LOC100507424,100507424.0,Amp8,13.18
X-1270,LOC100507607,,MutNovel,"E475D,1.000"
X-1270,LOC100507607,,MutNovel,"E496D,1.000"
X-1270,LOC283440,283440.0,Amp8,13.18
X-1270,LOC283710,283710.0,MutKnownFunctional,"-26,1.000"
X-1270,LOC388692,388692.0,Amp5,6.96
X-1270,LOC389458,389458.0,Amp5,6.59
X-1270,LOC391322,391322.0,Amp5,5.66
X-1270,LOC554223,554223.0,MutNovel,"S187R,0.971"
X-1270,LOC574538,574538.0,Del0.8,0.35
X-1270,LOC642441,,MutNovel,"R182S,0.750"
X-1270,LOC728855,728855.0,Amp5,6.96
X-1270,LOC728888,,MutNovel,"R1061Q,0.500"
X-1270,LRP10,26020.0,MutNovel,"R263C,0.422"
X-1270,LRRC42,115353.0,MutNovel,"D215N,1.000"
X-1270,LRTM2,654429.0,Amp8,9.78
X-1270,LSR,51599.0,MutNovel,"G518GR,1.000"
X-1270,MAP3K4,4216.0,MutNovel,"PA1189P,1.000"
X-1270,MID1,4281.0,MutNovel,"D435N,0.289"
X-1270,MIR3649,100500816.0,Amp8,9.78
X-1270,MIR4656,100616465.0,Amp5,6.59
X-1270,MLL3,58508.0,MutKnownFunctional,"-2797?,0.750"
X-1270,MMD2,221938.0,Amp5,6.59
X-1270,MORC4,79710.0,MutNovel,"K843R,0.957"
X-1270,MPP7,143098.0,MutNovel,"A211L,0.492"
X-1270,MPRIP,23164.0,MutNovel,"TS178T,1.000"
X-1270,MUC12,10071.0,MutNovel,"S3413N,1.000"
X-1270,MXRA7,439921.0,MutNovel,"E36G,1.000"
X-1270,MYO1D,4642.0,MutNovel,"K366N,0.512"
X-1270,NBPF9,400818.0,MutNovel,"Q184R,1.000"
X-1270,NCOR2,9612.0,MutNovel,"G1839GAAA,1.000"
X-1270,NCOR2,9612.0,MutNovel,"-511S,1.000"
X-1270,NCRNA00185,55410.0,Del0.8,0.24
X-1270,NDUFA9,4704.0,Amp8,24.42
X-1270,NFS1,9054.0,MutNovel,"Q282H,0.603"
X-1270,NLGN4Y,22829.0,Del0.8,0.24
X-1270,NOMO2,283820.0,MutNovel,"Q739R,0.229"
X-1270,NPIPL3,23117.0,MutNovel,"E432K,1.000"
X-1270,NR1H2,7376.0,MutNovel,"-173Q,1.000"
X-1270,NRIP2,83714.0,Amp8,13.18
X-1270,NTF3,4908.0,Amp8,9.71
X-1270,OR2T10,127069.0,Amp5,5.78
X-1270,OR2T11,127077.0,Amp5,5.78
X-1270,OR2T29,343563.0,Amp5,5.78
X-1270,OR2T34,127068.0,Amp5,5.78
X-1270,ORAI1,84876.0,MutNovel,"PP43-,1.000"
X-1270,OVOL1,5017.0,MutNovel,"G152E,0.374"
X-1270,OVOS2,,MutNovel,"Y566C,1.000"
X-1270,OXER1,165140.0,MutNovel,"G215E,0.714"
X-1270,PABPC3,5042.0,MutKnownFunctional,"-296,1.000"
X-1270,PALM3,342979.0,MutNovel,"D604N,0.987"
X-1270,PAPOLB,56903.0,Amp5,6.59
X-1270,PARP11,57097.0,Amp8,20.68
X-1270,PCBP1,5093.0,MutNovel,"L102Q,0.562"
X-1270,PCDH11Y,83259.0,Del0.8,0.4
X-1270,PCDHA8,56140.0,Del0.8,0.76
X-1270,PCDHA9,9752.0,Del0.8,0.54
X-1270,PDCD7,10081.0,MutNovel,"A157T,0.457"
X-1270,PFKFB3,5209.0,MutNovel,"P413T,0.420"
X-1270,PHLDA1,22822.0,MutNovel,"QQ194Q,1.000"
X-1270,PHTF2,57157.0,MutNovel,"K328T,0.520"
X-1270,PIEZO1,9780.0,MutNovel,"R481C,0.490"
X-1270,PIGR,5284.0,MutNovel,"A576V,0.468"
X-1270,PIGR,5284.0,MutNovel,"Q209E,0.515"
X-1270,PIK3CA,5290.0,MutKnownFunctional,"E542K,0.450"
X-1270,PITPNM2,57605.0,MutNovel,"I187F,0.811"
X-1270,PKP3,11187.0,MutNovel,"E541D,1.000"
X-1270,PLA2R1,22925.0,MutNovel,"G381V,0.333"
X-1270,PLXNA3,55558.0,MutNovel,"R76C,1.000"
X-1270,PPIAL4B,653505.0,Amp5,6.96
X-1270,PPIAL4C,653598.0,Amp5,6.96
X-1270,PPP1R3D,5509.0,MutNovel,"S28L,0.462"
X-1270,PPP2R3B,28227.0,MutNovel,"LA853PA,0.500"
X-1270,PPP2R3C,55012.0,MutKnownFunctional,"-23?,1.000"
X-1270,PPP6R3,55291.0,MutNovel,"R74S,0.353"
X-1270,PRKY,5616.0,Del0.8,0.24
X-1270,PRMT8,56341.0,Amp8,16.56
X-1270,PRSS8,5652.0,MutNovel,"Q139L,0.520"
X-1270,PRY,9081.0,Del0.8,0.24
X-1270,PRY,9081.0,Del0.8,0.24
X-1270,PRY2,442862.0,Del0.8,0.24
X-1270,PRY2,442862.0,Del0.8,0.24
X-1270,PSKH1,5681.0,MutKnownFunctional,"-123R?,0.395"
X-1270,PSKH1,5681.0,MutNovel,"Y124D,0.390"
X-1270,PTK2,5747.0,MutNovel,"I198L,0.300"
X-1270,PTPN3,5774.0,MutNovel,"G527A,1.000"
X-1270,PVRIG,79037.0,MutNovel,"V48A,0.500"
X-1270,RAB11FIP4,84440.0,MutNovel,"A585T,0.458"
X-1270,RAB32,10981.0,MutNovel,"A2T,0.663"
X-1270,RAB3GAP2,25782.0,MutKnownFunctional,"-1332,0.500"
X-1270,RAD51AP1,10635.0,Amp8,24.42
X-1270,RADIL,55698.0,Amp5,6.59
X-1270,RALGPS2,55103.0,MutNovel,"H452Y,0.482"
X-1270,RBAK,57786.0,Amp5,6.59
X-1270,RBAK-LOC389458,100533952.0,Amp5,6.59
X-1270,RBM23,55147.0,MutNovel,"A390VP,0.497"
X-1270,RBMY1A3P,286557.0,Del0.8,0.24
X-1270,RBMY1B,378948.0,Del0.8,0.24
X-1270,RBMY1B,378948.0,Del0.8,0.24
X-1270,RBMY1E,378950.0,Del0.8,0.24
X-1270,RBMY1E,378950.0,Del0.8,0.24
X-1270,RBMY1F,159163.0,Del0.8,0.24
X-1270,RBMY1F,159163.0,Del0.8,0.24
X-1270,RBMY1J,378951.0,Del0.8,0.24
X-1270,RBMY1J,378951.0,Del0.8,0.24
X-1270,RBMY2EP,159125.0,Del0.8,0.24
X-1270,RBMY2FP,159162.0,Del0.8,0.24
X-1270,RBMY3AP,64593.0,Del0.8,0.24
X-1270,RECQL4,9401.0,MutKnownFunctional,"-350,0.240"
X-1270,REG3G,130120.0,MutNovel,"S39R,0.667"
X-1270,REG3G,130120.0,MutNovel,"P50H,0.917"
X-1270,REG3G,130120.0,MutNovel,"M62T,1.000"
X-1270,REG3G,130120.0,MutNovel,"G147A,0.750"
X-1270,RHD,6007.0,Del0.8,0.45
X-1270,RHOD,29984.0,MutNovel,"G147R,0.622"
X-1270,RIN3,79890.0,MutNovel,"G967-,0.474"
X-1270,RIPK1,8737.0,MutNovel,"A569V,0.470"
X-1270,RNF216P1,441191.0,Amp5,6.59
X-1270,RPS4Y1,6192.0,Del0.8,0.25
X-1270,RPS4Y2,140032.0,Del0.8,0.24
X-1270,RRP7A,27341.0,MutNovel,"E252G,0.982"
X-1270,SDF4,51150.0,MutNovel,"R37Q,0.996"
X-1270,SERINC2,347735.0,MutNovel,"-373Q,1.000"
X-1270,SERPINA3,12.0,MutNovel,"V387L,0.476"
X-1270,SIPA1L2,57568.0,MutNovel,"E1295G,0.464"
X-1270,SKI,6497.0,MutNovel,"E721D,0.300"
X-1270,SLC28A2,9153.0,MutKnownFunctional,"-129?,0.500"
X-1270,SLC29A4,222962.0,Amp5,6.59
X-1270,SLC6A12,6539.0,MutNovel,"F226S,0.750"
X-1270,SNAPC4,6621.0,MutNovel,"S542-,1.000"
X-1270,SPTBN5,51332.0,MutNovel,"E3223Q,0.250"
X-1270,SPTBN5,51332.0,MutNovel,"R3116K,0.667"
X-1270,SRCAP,10847.0,MutNovel,"T1132I,0.542"
X-1270,SRY,6736.0,Del0.8,0.25
X-1270,SVIL,6840.0,MutNovel,"Q19E,0.400"
X-1270,SYNE2,23224.0,MutKnownFunctional,"Q5267*,0.265"
X-1270,TBL1Y,90665.0,Del0.8,0.24
X-1270,TBP,6908.0,MutNovel,"-64Q,1.000"
X-1270,TBP,6908.0,MutNovel,"Q72-,0.971"
X-1270,TBX15,6913.0,Amp5,5.66
X-1270,TCP1,6950.0,MutNovel,"D540N,0.492"
X-1270,TCP1,6950.0,MutNovel,"E505K,0.484"
X-1270,TCP1,6950.0,MutKnownFunctional,"E473*,0.593"
X-1270,TCP1,6950.0,MutNovel,"R401T,0.572"
X-1270,TEAD4,7004.0,Amp8,13.18
X-1270,TENC1,23371.0,MutNovel,"D160H,0.667"
X-1270,TFG,10342.0,MutNovel,"Q284H,0.486"
X-1270,TFPI,7035.0,MutNovel,"T139I,0.514"
X-1270,TGIF2LY,90655.0,Del0.8,0.4
X-1270,TMEM184A,202915.0,MutNovel,"G392GA,1.000"
X-1270,TMEM209,84928.0,MutNovel,"R146H,0.573"
X-1270,TMSB4Y,9087.0,Del0.8,0.24
X-1270,TNFSF13,8741.0,MutNovel,"S116C,1.000"
X-1270,TNRC18,84629.0,Amp5,6.59
X-1270,TNRC6B,23112.0,MutNovel,"D217N,1.000"
X-1270,TP53,7157.0,MutKnownFunctional,"R175H,1.000"
X-1270,TP53,7157.0,MutNovel,"G108S,1.000"
X-1270,TP53BP1,7158.0,MutNovel,"V1258I,0.614"
X-1270,TPCN2,219931.0,MutNovel,"M201I,0.354"
X-1270,TRANK1,9881.0,MutNovel,"L256V,1.000"
X-1270,TRAPPC12,51112.0,MutNovel,"G721S,0.421"
X-1270,TSPAN9,10867.0,Amp8,13.18
X-1270,TSPY1,7258.0,Del0.8,0.24
X-1270,TSPY2,64591.0,Del0.8,0.24
X-1270,TSPY3,728137.0,Del0.8,0.24
X-1270,TSPY4,728395.0,Del0.8,0.24
X-1270,TSPY8,728403.0,Del0.8,0.24
X-1270,TSPYL1,7259.0,MutNovel,"V176VW,0.489"
X-1270,TTC22,55001.0,MutNovel,"D323A,1.000"
X-1270,TTTY10,246119.0,Del0.8,0.24
X-1270,TTTY11,83866.0,Del0.8,0.24
X-1270,TTTY12,83867.0,Del0.8,0.24
X-1270,TTTY13,83868.0,Del0.8,0.24
X-1270,TTTY14,83869.0,Del0.8,0.24
X-1270,TTTY15,64595.0,Del0.8,0.24
X-1270,TTTY16,252948.0,Del0.8,0.24
X-1270,TTTY17A,252949.0,Del0.8,0.24
X-1270,TTTY17A,252949.0,Del0.8,0.24
X-1270,TTTY18,252950.0,Del0.8,0.24
X-1270,TTTY19,252952.0,Del0.8,0.24
X-1270,TTTY1B,100101116.0,Del0.8,0.24
X-1270,TTTY1B,100101116.0,Del0.8,0.24
X-1270,TTTY2,60439.0,Del0.8,0.24
X-1270,TTTY2,60439.0,Del0.8,0.24
X-1270,TTTY20,252951.0,Del0.8,0.24
X-1270,TTTY21,252953.0,Del0.8,0.24
X-1270,TTTY21,252953.0,Del0.8,0.24
X-1270,TTTY22,252954.0,Del0.8,0.24
X-1270,TTTY23,252955.0,Del0.8,0.24
X-1270,TTTY23,252955.0,Del0.8,0.24
X-1270,TTTY3,114760.0,Del0.8,0.24
X-1270,TTTY3,114760.0,Del0.8,0.24
X-1270,TTTY4,114761.0,Del0.8,0.19
X-1270,TTTY4,114761.0,Del0.8,0.14
X-1270,TTTY5,83863.0,Del0.8,0.24
X-1270,TTTY6,84672.0,Del0.8,0.24
X-1270,TTTY6,84672.0,Del0.8,0.24
X-1270,TTTY7,246122.0,Del0.8,0.24
X-1270,TTTY7,246122.0,Del0.8,0.24
X-1270,TTTY7B,100101120.0,Del0.8,0.24
X-1270,TTTY7B,100101120.0,Del0.8,0.24
X-1270,TTTY8,84673.0,Del0.8,0.24
X-1270,TTTY8,84673.0,Del0.8,0.24
X-1270,TTTY9A,83864.0,Del0.8,0.24
X-1270,TTTY9A,83864.0,Del0.8,0.24
X-1270,TULP3,7289.0,Amp8,13.18
X-1270,TXLNG2P,246126.0,Del0.8,0.24
X-1270,TXNDC5,81567.0,MutNovel,"-47R,0.492"
X-1270,UACA,55075.0,MutNovel,"E209K,0.558"
X-1270,UBN1,29855.0,MutNovel,"I1073V,0.535"
X-1270,UNG,7374.0,MutNovel,"A45T,0.459"
X-1270,USP36,57602.0,MutNovel,"KKK958K,0.488"
X-1270,USP9Y,8287.0,Del0.8,0.24
X-1270,UTY,7404.0,Del0.8,0.24
X-1270,VCY,9084.0,Del0.8,0.24
X-1270,VCY,9084.0,Del0.8,0.24
X-1270,VPS13B,157680.0,MutNovel,"K1645R,0.308"
X-1270,VWF,7450.0,Amp8,12.3
X-1270,WARS2,10352.0,Amp5,5.66
X-1270,WBSCR22,114049.0,MutNovel,"R141C,0.462"
X-1270,WIPI2,26100.0,Amp5,6.59
X-1270,WNT5B,81029.0,MutNovel,"S284N,0.724"
X-1270,WNT5B,81029.0,Amp8,9.78
X-1270,XKRY2,353515.0,Del0.8,0.24
X-1270,XKRY2,353515.0,Del0.8,0.24
X-1270,ZC3H6,376940.0,MutNovel,"D246V,0.476"
X-1270,ZFPM1,161882.0,MutNovel,"VK202V,0.493"
X-1270,ZFY,7544.0,Del0.8,0.25
X-1270,ZKSCAN2,342357.0,MutNovel,"T95I,0.750"
X-1270,ZNF292,23036.0,MutNovel,"T1201I,0.509"
X-1270,ZNF498,221785.0,MutNovel,"G356A,0.375"
X-1270,ZNF512B,57473.0,MutNovel,"L838P,0.556"
X-1270,ZNF784,147808.0,MutNovel,"E180K,1.000"
X-1270,ZNF841,284371.0,MutNovel,"V506A,1.000"
X-1270,ZNF890P,645700.0,Amp5,6.59
X-1270,ZSWIM5,57643.0,MutNovel,"P142S,1.000"
X-1290,AATK,9625.0,MutNovel,"A1332T,0.475"
X-1290,ABTB1,80325.0,MutNovel,"R82H,0.519"
X-1290,ACOT2,10965.0,MutNovel,"H407Q,1.000"
X-1290,ACR,49.0,MutNovel,"G217E,1.000"
X-1290,ADH1B,125.0,MutNovel,"S165L,1.000"
X-1290,ADH1B,125.0,MutNovel,"V103I,1.000"
X-1290,ADH1C,126.0,MutNovel,"S165L,0.648"
X-1290,AK4,205.0,MutNovel,"R188Q,0.621"
X-1290,ALDH1B1,219.0,MutKnownFunctional,"-387,0.313"
X-1290,ALG1L2,644974.0,MutNovel,"P40L,0.778"
X-1290,ANKRD12,23253.0,MutNovel,"E1300K,1.000"
X-1290,ANXA3,306.0,MutNovel,"V57G,0.222"
X-1290,APC,324.0,MutKnownFunctional,"R876*,0.667"
X-1290,APC,324.0,MutKnownFunctional,"R1450*,0.667"
X-1290,ARAP2,116984.0,MutNovel,"R426K,0.733"
X-1290,ARHGAP33,115703.0,MutNovel,"H674Y,0.286"
X-1290,ASIC2,,MutNovel,"R46L,1.000"
X-1290,ASPM,259266.0,MutNovel,"V1009I,0.588"
X-1290,ATF7IP,55729.0,MutNovel,"L1198F,0.426"
X-1290,BCAR1,9564.0,MutNovel,"D281-,0.384"
X-1290,BCL2L12,83596.0,MutNovel,"L57I,0.286"
X-1290,BMP2,650.0,MutNovel,"S125G,0.269"
X-1290,BRF1,2972.0,MutNovel,"S52L,0.579"
X-1290,C11orf86,254439.0,MutNovel,"R89W,0.818"
X-1290,C11orf9,745.0,MutNovel,"P115L,0.324"
X-1290,C14orf64,388011.0,Del0.8,0.58
X-1290,C17orf79,55352.0,MutNovel,"R54Q,0.436"
X-1290,C18orf8,29919.0,MutNovel,"E4K,1.000"
X-1290,C1orf135,79000.0,MutKnownFunctional,"-260,0.955"
X-1290,C2CD4A,145741.0,MutNovel,"R225G,0.636"
X-1290,C7orf25,79020.0,MutNovel,"E381G,0.720"
X-1290,C7orf73,647087.0,MutNovel,"A40V,0.564"
X-1290,CALR,811.0,MutNovel,"KEEDE401K,0.299"
X-1290,CBFA2T2,9139.0,MutNovel,"R194W,0.500"
X-1290,CCRL1,51554.0,MutNovel,"Q72E,0.500"
X-1290,CCT5,22948.0,MutNovel,"R142S,0.482"
X-1290,CDHR2,54825.0,MutNovel,"V764M,0.546"
X-1290,CEACAM1,634.0,MutNovel,"S346G,0.235"
X-1290,CEACAM6,4680.0,MutNovel,"Q123H,0.317"
X-1290,CEBPA,1050.0,MutNovel,"-197TR,0.226"
X-1290,CELSR3,1951.0,MutNovel,"G45S,1.000"
X-1290,CFHR3,10878.0,Amp5,5.35
X-1290,CH25H,9023.0,Del0.8,0.62
X-1290,CHPF,79586.0,MutNovel,"R479W,0.478"
X-1290,CLSPN,63967.0,MutNovel,"S744P,0.389"
X-1290,CNTD2,79935.0,MutNovel,"L94V,0.418"
X-1290,COPB1,1315.0,MutNovel,"P15S,0.644"
X-1290,CRIPAK,285464.0,MutNovel,"V164A,0.213"
X-1290,CROCCP2,84809.0,Del0.8,0.71
X-1290,CSDA,8531.0,MutNovel,"E312K,0.399"
X-1290,CSDA,8531.0,MutNovel,"E309K,0.381"
X-1290,CSNK1G2,1455.0,MutNovel,"T355A,0.425"
X-1290,CTCF,10664.0,MutNovel,"E348K,0.469"
X-1290,CTH,1491.0,Del0.8,0.78
X-1290,CTSA,5476.0,MutNovel,"L29-,0.916"
X-1290,CTSC,1075.0,MutNovel,"P5T,0.376"
X-1290,DNMBP-AS1,100188954.0,Del0.8,0.77
X-1290,DOCK11,139818.0,MutNovel,"E906D,0.556"
X-1290,EIF3C,8663.0,MutNovel,"N659L,1.000"
X-1290,EYS,346007.0,MutNovel,"Q83K,1.000"
X-1290,FAM127C,441518.0,MutNovel,"S48C,1.000"
X-1290,FDFT1,2222.0,Del0.8,0.73
X-1290,FFAR3,2865.0,Del0.8,0.62
X-1290,FICD,11153.0,MutKnownFunctional,"-370,0.522"
X-1290,FIZ1,84922.0,MutNovel,"L295R,0.533"
X-1290,GIGYF2,26058.0,MutNovel,"PQ1231P,0.778"
X-1290,GNAS,2778.0,MutNovel,"K950N,0.300"
X-1290,GNPTAB,79158.0,MutNovel,"L548F,0.500"
X-1290,GPRIN2,9721.0,MutNovel,"-238MRE,0.298"
X-1290,GSG2,83903.0,MutNovel,"L743F,0.243"
X-1290,HAGHL,84264.0,MutNovel,"P71C,0.526"
X-1290,HDAC1,3065.0,MutNovel,"P81S,0.468"
X-1290,HERC2,8924.0,MutNovel,"R4388Q,0.523"
X-1290,HLA-DRB1,3123.0,MutNovel,"T210M,1.000"
X-1290,HLA-G,3135.0,MutNovel,"A48S,1.000"
X-1290,HSPBP1,23640.0,MutNovel,"G25V,0.617"
X-1290,ITM2C,81618.0,MutNovel,"R229Q,0.480"
X-1290,KIAA0182,23199.0,MutNovel,"P694R,0.474"
X-1290,KIAA0355,9710.0,MutNovel,"H109P,0.750"
X-1290,KIAA0664,23277.0,MutNovel,"V1117A,0.262"
X-1290,KIAA0754,643314.0,MutNovel,"T1027A,0.375"
X-1290,KIAA1199,57214.0,MutNovel,"VK1356V,0.439"
X-1290,KIAA1211,57482.0,MutNovel,"R1165H,0.500"
X-1290,KIAA1217,56243.0,MutNovel,"E1485K,0.454"
X-1290,KLRC2,3822.0,Del0.8,0.74
X-1290,KRAS,3845.0,MutKnownFunctional,"G13D,0.462"
X-1290,KRT86,3892.0,MutNovel,"L399P,0.500"
X-1290,LGALS3BP,3959.0,MutNovel,"V534I,0.489"
X-1290,LOC100288332,,MutNovel,"D279V,0.352"
X-1290,LOC100289650,100289650.0,Del0.8,0.69
X-1290,LOC554223,554223.0,MutNovel,"S187R,0.906"
X-1290,LRFN4,78999.0,MutNovel,"P564S,0.284"
X-1290,LSR,51599.0,MutNovel,"G518GR,0.773"
X-1290,MAP3K4,4216.0,MutNovel,"PA1189P,0.682"
X-1290,MB,4151.0,MutNovel,"S145C,0.587"
X-1290,MCM9,254394.0,MutNovel,"D715V,0.280"
X-1290,MEF2A,4205.0,MutNovel,"QQ412-,0.300"
X-1290,METAP1,23173.0,MutNovel,"E17K,0.436"
X-1290,MINPP1,9562.0,MutNovel,"S12T,1.000"
X-1290,MMP15,4324.0,MutNovel,"D596G,1.000"
X-1290,MON1A,84315.0,MutNovel,"Q206H,0.608"
X-1290,MPG,4350.0,MutNovel,"R207H,0.442"
X-1290,MPI,4351.0,MutNovel,"R392H,0.533"
X-1290,MPRIP,23164.0,MutNovel,"R536Q,0.990"
X-1290,MUC12,10071.0,MutNovel,"T312I,0.310"
X-1290,MUC12,10071.0,MutNovel,"L324F,0.328"
X-1290,MUC12,10071.0,MutNovel,"S330L,0.303"
X-1290,MUC12,10071.0,MutNovel,"T340P,0.261"
X-1290,MUC12,10071.0,MutNovel,"R855H,1.000"
X-1290,MUC12,10071.0,MutNovel,"R1133H,0.233"
X-1290,MUC12,10071.0,MutNovel,"P1136R,0.214"
X-1290,MUC12,10071.0,MutNovel,"L1735F,0.692"
X-1290,MUC12,10071.0,MutNovel,"S1741L,0.571"
X-1290,MUC12,10071.0,MutNovel,"E1768G,0.667"
X-1290,MUC12,10071.0,MutNovel,"T1770M,0.700"
X-1290,MUC12,10071.0,MutNovel,"A1771T,0.265"
X-1290,MUC12,10071.0,MutNovel,"P1785T,0.257"
X-1290,MUC12,10071.0,MutNovel,"A1790T,0.321"
X-1290,MUC12,10071.0,MutNovel,"T2366P,1.000"
X-1290,MUC4,4585.0,MutNovel,"T4990S,0.621"
X-1290,MYBPC1,4604.0,MutNovel,"Q847E,0.762"
X-1290,MYO9B,4650.0,MutNovel,"R1339Q,0.214"
X-1290,MYOM2,9172.0,MutNovel,"G1348S,0.647"
X-1290,NBAS,51594.0,MutNovel,"E1278K,0.316"
X-1290,NCOA3,8202.0,MutNovel,"Q1255-,0.500"
X-1290,NCOR2,9612.0,MutNovel,"G1839GAAA,0.387"
X-1290,NEK11,79858.0,MutNovel,"D117N,0.667"
X-1290,NPIP,9284.0,MutNovel,"S61T,0.250"
X-1290,NR1H2,7376.0,MutNovel,"-173Q,0.548"
X-1290,NRIP1,8204.0,MutKnownFunctional,"-728?,0.280"
X-1290,NXT2,55916.0,Del0.8,0.51
X-1290,OR52N5,390075.0,Del0.8,0.64
X-1290,ORAI1,84876.0,MutNovel,"PP43-,0.838"
X-1290,OSBP2,23762.0,MutNovel,"R854Q,0.421"
X-1290,PDE8A,5151.0,MutNovel,"K61N,0.571"
X-1290,PEX6,5190.0,MutNovel,"A79P,0.667"
X-1290,PGM3,5238.0,MutNovel,"F407L,0.526"
X-1290,PHLDA1,22822.0,MutNovel,"QQ194Q,0.473"
X-1290,PIH1D1,55011.0,MutNovel,"Q39H,0.277"
X-1290,PLA2G10,8399.0,MutNovel,"R42H,0.303"
X-1290,PLCL2,23228.0,MutNovel,"P78S,0.500"
X-1290,PLEC,5339.0,MutNovel,"R2014Q,0.313"
X-1290,PLEKHG1,57480.0,MutNovel,"S611T,1.000"
X-1290,PMS2,5395.0,MutNovel,"S7W,0.273"
X-1290,POFUT2,23275.0,MutNovel,"A243T,0.268"
X-1290,POM121,9883.0,MutNovel,"A422T,0.500"
X-1290,POT1,25913.0,MutNovel,"N296D,0.581"
X-1290,PPFIA3,8541.0,MutNovel,"S906L,0.500"
X-1290,PPP1R10,5514.0,MutNovel,"R199C,0.231"
X-1290,PPP1R36,145376.0,MutNovel,"M144T,0.358"
X-1290,PRPSAP1,5635.0,MutNovel,"A298V,0.544"
X-1290,PSG1,5669.0,Del0.8,0.69
X-1290,PSG10P,653492.0,Del0.8,0.69
X-1290,PSG11,5680.0,Del0.8,0.69
X-1290,PSG6,5675.0,Del0.8,0.69
X-1290,PSG7,5676.0,Del0.8,0.69
X-1290,PTDSS2,81490.0,MutNovel,"R6C,0.581"
X-1290,RALY,22913.0,MutNovel,"D129N,0.654"
X-1290,RBM15B,29890.0,MutNovel,"H658R,0.557"
X-1290,RECQL4,9401.0,MutNovel,"R350G,0.432"
X-1290,RGL2,5863.0,MutNovel,"R324C,0.436"
X-1290,RHD,6007.0,Del0.8,0.34
X-1290,RNF186,54546.0,Del0.8,0.69
X-1290,RNF222,643904.0,Del0.8,0.55
X-1290,RNF8,9025.0,MutNovel,"G438E,0.560"
X-1290,RPGRIP1L,23322.0,MutNovel,"E1024D,0.333"
X-1290,RUSC2,9853.0,MutNovel,"TPTP1504-,0.226"
X-1290,SERINC2,347735.0,MutNovel,"-373Q,0.637"
X-1290,SHD,56961.0,MutNovel,"A197P,1.000"
X-1290,SLC13A2,9058.0,MutNovel,"S277F,0.318"
X-1290,SLC26A11,284129.0,MutNovel,"K600M,0.478"
X-1290,SLC28A2,9153.0,MutKnownFunctional,"-129?,0.480"
X-1290,SLMO2,51012.0,MutNovel,"A71T,0.212"
X-1290,SMAD2,4087.0,MutNovel,"D300N,1.000"
X-1290,SMAD3,4088.0,MutKnownFunctional,"-150,0.267"
X-1290,ST8SIA6,338596.0,MutNovel,"L75R,0.667"
X-1290,STXBP5,134957.0,MutNovel,"S1127L,0.504"
X-1290,SYNJ2,8871.0,MutNovel,"G487V,0.406"
X-1290,TBC1D3F,,MutNovel,"R137K,0.550"
X-1290,TCOF1,6949.0,MutNovel,"S1445F,0.475"
X-1290,TEAD1,7003.0,MutNovel,"Q311R,0.667"
X-1290,THADA,63892.0,MutNovel,"G1224R,0.540"
X-1290,TK2,7084.0,MutNovel,"R32W,0.438"
X-1290,TMEM117,84216.0,MutNovel,"F101V,0.231"
X-1290,TMEM126B,55863.0,MutNovel,"L176P,0.657"
X-1290,TMEM143,55260.0,MutKnownFunctional,"Q68*,0.750"
X-1290,TNRC6A,27327.0,MutNovel,"P1730A,0.575"
X-1290,TSPYL1,7259.0,MutNovel,"V176VW,0.440"
X-1290,UBE3C,9690.0,MutNovel,"S494G,0.672"
X-1290,UGT2B15,7366.0,MutNovel,"T6M,0.708"
X-1290,USP36,57602.0,MutNovel,"KKK958K,0.416"
X-1290,UTP6,55813.0,MutNovel,"Q411E,0.448"
X-1290,UTY,7404.0,MutNovel,"GG1059VR,0.278"
X-1290,UTY,7404.0,MutNovel,"S1058D,0.300"
X-1290,UTY,7404.0,MutNovel,"LL1055GL,0.273"
X-1290,UTY,7404.0,MutNovel,"E1054L,0.261"
X-1290,UTY,7404.0,MutNovel,"C1052P,0.292"
X-1290,UTY,7404.0,MutNovel,"QA1050RL,0.304"
X-1290,UTY,7404.0,MutNovel,"Q1050K,0.261"
X-1290,UTY,7404.0,MutNovel,"V1048H,0.273"
X-1290,UTY,7404.0,MutNovel,"FH1045YY,0.316"
X-1290,UTY,7404.0,MutNovel,"ET1042DA,0.333"
X-1290,UTY,7404.0,MutNovel,"FV1040LC,0.333"
X-1290,UTY,7404.0,MutNovel,"IF1039MD,0.333"
X-1290,UTY,7404.0,MutNovel,"CI1038WL,0.357"
X-1290,UTY,7404.0,MutNovel,"NY1026PD,0.214"
X-1290,UTY,7404.0,MutNovel,"W1025L,0.231"
X-1290,UTY,7404.0,MutNovel,"NS1023IL,0.250"
X-1290,UTY,7404.0,MutNovel,"PN1022GY,0.273"
X-1290,UTY,7404.0,MutNovel,"L1021P,0.300"
X-1290,UTY,7404.0,MutNovel,"P968Y,1.000"
X-1290,UTY,7404.0,MutNovel,"RP966SV,1.000"
X-1290,UTY,7404.0,MutNovel,"P965V,1.000"
X-1290,UTY,7404.0,MutNovel,"PP963LN,1.000"
X-1290,UTY,7404.0,MutNovel,"CP962TT,1.000"
X-1290,UTY,7404.0,MutNovel,"K961L,1.000"
X-1290,UTY,7404.0,MutNovel,"L959P,1.000"
X-1290,UTY,7404.0,MutNovel,"I957Y,1.000"
X-1290,UTY,7404.0,MutNovel,"SC955KI,1.000"
X-1290,UTY,7404.0,MutNovel,"NS954PR,1.000"
X-1290,UTY,7404.0,MutKnownFunctional,"S953*,1.000"
X-1290,UTY,7404.0,MutNovel,"GL951FM,1.000"
X-1290,UTY,7404.0,MutNovel,"KN949NA,1.000"
X-1290,UTY,7404.0,MutNovel,"K949P,1.000"
X-1290,UTY,7404.0,MutNovel,"Q502P,0.357"
X-1290,UTY,7404.0,MutNovel,"GQ501ET,0.429"
X-1290,UTY,7404.0,MutNovel,"G501S,0.400"
X-1290,UTY,7404.0,MutNovel,"N499C,0.400"
X-1290,UTY,7404.0,MutNovel,"DN496AC,0.375"
X-1290,UTY,7404.0,MutNovel,"NG493WS,0.429"
X-1290,UTY,7404.0,MutNovel,"N374Y,0.333"
X-1290,UTY,7404.0,MutNovel,"L373A,0.444"
X-1290,UTY,7404.0,MutNovel,"Y372T,0.444"
X-1290,UTY,7404.0,MutNovel,"K370F,0.286"
X-1290,UTY,7404.0,MutNovel,"I369S,0.545"
X-1290,UTY,7404.0,MutNovel,"I369C,0.545"
X-1290,UTY,7404.0,MutNovel,"QD366GH,0.500"
X-1290,UTY,7404.0,MutNovel,"P365R,0.429"
X-1290,UTY,7404.0,MutKnownFunctional,"NQ363S*,0.500"
X-1290,UTY,7404.0,MutNovel,"C362N,0.375"
X-1290,UTY,7404.0,MutNovel,"S361R,0.375"
X-1290,UTY,7404.0,MutKnownFunctional,"YE359Y*,0.444"
X-1290,UTY,7404.0,MutNovel,"L358T,0.300"
X-1290,UTY,7404.0,MutNovel,"G356C,0.455"
X-1290,UTY,7404.0,MutNovel,"W352R,0.300"
X-1290,UTY,7404.0,MutNovel,"A351E,0.400"
X-1290,UTY,7404.0,MutNovel,"A350E,0.444"
X-1290,UTY,7404.0,MutNovel,"HA348PT,0.455"
X-1290,UTY,7404.0,MutNovel,"Q343E,0.556"
X-1290,UTY,7404.0,MutNovel,"I339G,0.300"
X-1290,UTY,7404.0,MutNovel,"MD332IH,0.286"
X-1290,UTY,7404.0,MutNovel,"M332E,0.625"
X-1290,UTY,7404.0,MutNovel,"P331H,0.500"
X-1290,UTY,7404.0,MutNovel,"QN328LL,0.375"
X-1290,UTY,7404.0,MutKnownFunctional,"QQ327Q*,0.625"
X-1290,UTY,7404.0,MutNovel,"YQ325TK,0.667"
X-1290,UTY,7404.0,MutNovel,"L324D,0.750"
X-1290,UTY,7404.0,MutNovel,"V323W,0.800"
X-1290,UTY,7404.0,MutNovel,"S289R,1.000"
X-1290,UTY,7404.0,MutNovel,"G322D,0.833"
X-1290,UTY,7404.0,MutNovel,"IG321SN,0.833"
X-1290,UTY,7404.0,MutNovel,"S320T,0.500"
X-1290,UTY,7404.0,MutKnownFunctional,"C319*,0.500"
X-1290,UTY,7404.0,MutKnownFunctional,"C319*,0.500"
X-1290,UTY,7404.0,MutNovel,"T317S,0.857"
X-1290,UTY,7404.0,MutNovel,"DT316ES,0.857"
X-1290,UTY,7404.0,MutNovel,"SA314RT,0.429"
X-1290,UTY,7404.0,MutNovel,"S314Q,0.857"
X-1290,UTY,7404.0,MutNovel,"E312D,0.889"
X-1290,UTY,7404.0,MutNovel,"K310W,0.875"
X-1290,UTY,7404.0,MutNovel,"K310W,0.875"
X-1290,UTY,7404.0,MutNovel,"D309G,0.857"
X-1290,UTY,7404.0,MutNovel,"S307T,0.875"
X-1290,UTY,7404.0,MutKnownFunctional,"R289*,0.750"
X-1290,UTY,7404.0,MutNovel,"L287H,0.286"
X-1290,UTY,7404.0,MutNovel,"Y285N,0.800"
X-1290,UTY,7404.0,MutNovel,"S283C,0.375"
X-1290,UTY,7404.0,MutNovel,"Q282A,0.400"
X-1290,UTY,7404.0,MutNovel,"SG280LC,0.400"
X-1290,UTY,7404.0,MutNovel,"N279S,0.500"
X-1290,UTY,7404.0,MutNovel,"N279C,0.500"
X-1290,UTY,7404.0,MutNovel,"L274F,0.500"
X-1290,UTY,7404.0,MutNovel,"L274S,0.500"
X-1290,UTY,7404.0,MutNovel,"KS272NT,0.286"
X-1290,UTY,7404.0,MutNovel,"Q271L,0.333"
X-1290,UTY,7404.0,MutNovel,"QY268HR,0.333"
X-1290,UTY,7404.0,MutNovel,"IQ267MA,0.286"
X-1290,UTY,7404.0,MutNovel,"AI266MV,0.375"
X-1290,UTY,7404.0,MutNovel,"Y265G,0.333"
X-1290,UTY,7404.0,MutNovel,"A260I,0.286"
X-1290,UTY,7404.0,MutNovel,"G257Q,0.333"
X-1290,UTY,7404.0,MutNovel,"N252K,0.333"
X-1290,UTY,7404.0,MutNovel,"E85R,0.400"
X-1290,UTY,7404.0,MutNovel,"VR74GV,0.300"
X-1290,UTY,7404.0,MutNovel,"TV39CF,0.273"
X-1290,UTY,7404.0,MutNovel,"L38C,0.273"
X-1290,VIPR1,7433.0,MutNovel,"T111M,0.471"
X-1290,WDR5B,54554.0,MutKnownFunctional,"Y75*,0.520"
X-1290,ZBTB22,9278.0,MutNovel,"S588F,0.423"
X-1290,ZDHHC11,79844.0,MutNovel,"A303D,0.455"
X-1290,ZMIZ2,83637.0,MutNovel,"A851V,0.351"
X-1290,ZNF347,84671.0,MutNovel,"D26N,1.000"
X-1290,ZNF384,171017.0,MutNovel,"QQ514Q,0.384"
X-1290,ZNF418,147686.0,MutNovel,"H297Q,1.000"
X-1290,ZNF438,220929.0,MutNovel,"T234A,0.529"
X-1290,ZNF814,730051.0,MutNovel,"F179L,0.400"
X-1303,A1CF,29974.0,MutNovel,"M541T,0.272"
X-1303,ABCC1,4363.0,MutNovel,"V776M,0.352"
X-1303,ABTB2,25841.0,MutNovel,"S249G,0.412"
X-1303,ACCS,84680.0,MutNovel,"G333R,0.411"
X-1303,ACN9,57001.0,MutNovel,"Q18R,0.294"
X-1303,ACOT1,641371.0,Del0.8,0.52
X-1303,ACR,49.0,MutNovel,"G217E,1.000"
X-1303,ACSL1,2180.0,Del0.8,0.68
X-1303,AFF4,27125.0,MutNovel,"S162G,0.500"
X-1303,AGAP7,653268.0,MutNovel,"R494Q,1.000"
X-1303,AKR7A2,8574.0,MutNovel,"V41-,0.346"
X-1303,ALOX5AP,241.0,Amp5,5.5
X-1303,AMELY,266.0,Del0.8,0.18
X-1303,ANK3,288.0,MutNovel,"Q620R,0.625"
X-1303,ANKRD36,375248.0,MutNovel,"T998S,0.278"
X-1303,ANKRD37,353322.0,Del0.8,0.68
X-1303,APC,324.0,MutKnownFunctional,"-1307,1.000"
X-1303,APH1B,83464.0,MutNovel,"P16S,0.571"
X-1303,ARHGEF5,7984.0,MutNovel,"P815A,0.278"
X-1303,ARID1B,57492.0,MutNovel,"S834N,1.000"
X-1303,ATP12A,479.0,Amp5,5.7
X-1303,ATP13A1,57130.0,MutNovel,"A871S,0.715"
X-1303,ATP5EP2,432369.0,Amp5,5.74
X-1303,ATP8A2,51761.0,Amp5,5.7
X-1303,ATRN,8455.0,MutNovel,"R1312C,1.000"
X-1303,ATXN7L2,127002.0,MutNovel,"R268L,0.306"
X-1303,B3GALTL,145173.0,Amp5,5.43
X-1303,BCL7B,9275.0,MutNovel,"R13Q,0.500"
X-1303,BCORP1,286554.0,Del0.8,0.18
X-1303,BPY2B,442867.0,Del0.8,0.18
X-1303,BPY2B,442867.0,Del0.8,0.18
X-1303,BTAF1,9044.0,MutNovel,"Q1834P,0.592"
X-1303,C10orf47,254427.0,MutNovel,"R380S,0.600"
X-1303,C13orf33,84935.0,Amp5,5.5
X-1303,C15orf39,56905.0,MutNovel,"P419R,0.549"
X-1303,C1QTNF9,338872.0,Amp5,5.62
X-1303,C1QTNF9B,387911.0,Amp5,5.62
X-1303,C1QTNF9B-AS1,542767.0,Amp5,5.62
X-1303,C21orf58,54058.0,MutNovel,"H299PTN,0.875"
X-1303,C4orf47,441054.0,Del0.8,0.68
X-1303,C7orf49,78996.0,Amp5,5.1
X-1303,C9orf50,375759.0,MutNovel,"W52A,1.000"
X-1303,CACHD1,57685.0,MutNovel,"T1182I,1.000"
X-1303,CACNA1E,777.0,MutNovel,"G1244A,0.833"
X-1303,CASP3,836.0,Del0.8,0.68
X-1303,CASP7,840.0,MutNovel,"R162H,0.615"
X-1303,CCDC110,256309.0,Del0.8,0.68
X-1303,CCDC111,201973.0,Del0.8,0.68
X-1303,CCDC144B,284047.0,Del0.8,0.78
X-1303,CCNK,8812.0,MutNovel,"P364L,1.000"
X-1303,CCP110,9738.0,MutNovel,"R1006Q,0.444"
X-1303,CDC42EP1,11135.0,MutNovel,"PAPAANPS253P,0.682"
X-1303,CDK11A,728642.0,Del0.8,0.29
X-1303,CDK11B,984.0,Del0.8,0.29
X-1303,CDK8,1024.0,Amp5,5.7
X-1303,CDKN2AIP,55602.0,Del0.8,0.68
X-1303,CDX2,1045.0,Amp5,5.74
X-1303,CDY1B,253175.0,Del0.8,0.18
X-1303,CDY1B,253175.0,Del0.8,0.18
X-1303,CDY2A,9426.0,Del0.8,0.18
X-1303,CDY2A,9426.0,Del0.8,0.18
X-1303,CDY2B,203611.0,Del0.8,0.18
X-1303,CDY2B,203611.0,Del0.8,0.18
X-1303,CEACAM3,1084.0,MutNovel,"G48V,0.800"
X-1303,CEACAM8,1088.0,MutNovel,"T171A,0.500"
X-1303,CENPJ,55835.0,Amp5,5.7
X-1303,CHEK2P2,646096.0,Del0.8,0.65
X-1303,CHM,1121.0,MutKnownFunctional,"R293*,0.444"
X-1303,CHRFAM7A,89832.0,Del0.8,0.54
X-1303,CLDN22,53842.0,Del0.8,0.68
X-1303,CLDN24,100132463.0,Del0.8,0.68
X-1303,CNDP1,84735.0,MutNovel,"V15VL,0.600"
X-1303,COPS8,10920.0,MutNovel,"D156V,1.000"
X-1303,CSPG4P1Y,114758.0,Del0.8,0.18
X-1303,CSPG4P1Y,114758.0,Del0.8,0.18
X-1303,CTAGE4,100128553.0,MutNovel,"R711G,0.986"
X-1303,CXADRP2,646243.0,Del0.8,0.54
X-1303,CYP3A4,1576.0,MutNovel,"S437T,0.913"
X-1303,CYP3A5,1577.0,MutKnownFunctional,"-458,0.466"
X-1303,CYP4V2,285440.0,Del0.8,0.68
X-1303,DAZ1,1617.0,Del0.8,0.18
X-1303,DAZ2,57055.0,Del0.8,0.18
X-1303,DAZ3,57054.0,Del0.8,0.18
X-1303,DAZ3,57054.0,Del0.8,0.18
X-1303,DAZ4,57135.0,Del0.8,0.18
X-1303,DAZ4,57135.0,Del0.8,0.18
X-1303,DCTD,1635.0,Del0.8,0.68
X-1303,DDX10,1662.0,MutNovel,"Q428H,0.433"
X-1303,DDX3Y,8653.0,Del0.8,0.18
X-1303,DDX5,1655.0,MutNovel,"N539D,0.325"
X-1303,DDX58,23586.0,MutNovel,"C374Y,0.333"
X-1303,DHRSX,207063.0,MutNovel,"R751H,1.000"
X-1303,DIDO1,11083.0,MutNovel,"R37Q,0.376"
X-1303,DKFZP434L187,26082.0,Del0.8,0.6
X-1303,DMBT1,1755.0,MutNovel,"P357S,0.500"
X-1303,DMBT1,1755.0,MutNovel,"H1732S,0.556"
X-1303,DNM1L,10059.0,MutNovel,"A707T,0.201"
X-1303,DOCK7,85440.0,MutNovel,"T1952N,0.537"
X-1303,DPYSL3,1809.0,MutNovel,"V608I,0.630"
X-1303,DSE,29940.0,MutKnownFunctional,"W443*,0.750"
X-1303,ECHS1,1892.0,MutNovel,"T88I,0.327"
X-1303,EIF1AY,9086.0,Del0.8,0.18
X-1303,EIF3B,8662.0,MutNovel,"K693N,0.336"
X-1303,ENPP6,133121.0,Del0.8,0.68
X-1303,EPHA3,2042.0,Del0.8,0.71
X-1303,EPHB4,2050.0,MutNovel,"E477K,0.697"
X-1303,F11,2160.0,Del0.8,0.68
X-1303,FAM106A,80039.0,Del0.8,0.47
X-1303,FAM123A,219287.0,Amp5,5.7
X-1303,FAM149A,25854.0,Del0.8,0.68
X-1303,FAM197Y2P,252946.0,Del0.8,0.18
X-1303,FAM41AY1,340618.0,Del0.8,0.18
X-1303,FAM41AY1,340618.0,Del0.8,0.18
X-1303,FAM74A4,401508.0,Del0.8,0.58
X-1303,FAT1,2195.0,Del0.8,0.68
X-1303,FBXL8,55336.0,MutNovel,"P250R,0.698"
X-1303,FBXW8,26259.0,MutNovel,"R73Q,0.385"
X-1303,FLT1,2321.0,Amp5,5.5
X-1303,FLT3,2322.0,Amp5,7.01
X-1303,FTSJ3,117246.0,MutNovel,"A327G,0.777"
X-1303,GIGYF2,26058.0,MutNovel,"PQ1231P,0.882"
X-1303,GOLGA2P2Y,84559.0,Del0.8,0.18
X-1303,GOLGA2P2Y,84559.0,Del0.8,0.18
X-1303,GPATCH8,23131.0,MutNovel,"G627R,0.550"
X-1303,GPR12,2835.0,Amp5,5.7
X-1303,GPRIN2,9721.0,MutNovel,"-238MRE,0.282"
X-1303,GSX1,219409.0,Amp5,5.74
X-1303,GTF3A,2971.0,Amp5,5.74
X-1303,GYG2P1,352887.0,Del0.8,0.18
X-1303,HDDC2,51020.0,MutNovel,"C70Y,0.458"
X-1303,HELT,391723.0,Del0.8,0.68
X-1303,HERC2P3,283755.0,Del0.8,0.64
X-1303,HIST1H2BJ,8970.0,MutNovel,"R30H,0.500"
X-1303,HLA-A,3105.0,MutNovel,"Q78R,0.538"
X-1303,HLA-DRB5,3127.0,Amp5,5.24
X-1303,HLA-DRB6,3128.0,Amp5,5.24
X-1303,HMGB1,3146.0,Amp5,5.5
X-1303,HOXB6,3216.0,MutNovel,"R150C,0.378"
X-1303,HSFY2,159119.0,Del0.8,0.18
X-1303,HSFY2,159119.0,Del0.8,0.18
X-1303,HSP90AA4P,3323.0,Del0.8,0.75
X-1303,HSPH1,10808.0,Amp5,5.43
X-1303,IL27RA,9466.0,MutNovel,"R369Q,0.452"
X-1303,ING2,3622.0,Del0.8,0.68
X-1303,IPO9,55705.0,MutNovel,"R210Q,0.540"
X-1303,IRF2,3660.0,Del0.8,0.68
X-1303,IRF2BP2,359948.0,MutNovel,"-99S,0.390"
X-1303,KAT5,10524.0,MutNovel,"L300F,0.362"
X-1303,KATNAL1,84056.0,Amp5,5.5
X-1303,KDM5D,8284.0,Del0.8,0.18
X-1303,KGFLP1,387628.0,Del0.8,0.58
X-1303,KIAA0182,23199.0,MutNovel,"L989F,0.319"
X-1303,KIAA1430,57587.0,Del0.8,0.68
X-1303,KIF1C,10749.0,MutNovel,"P1076S,0.549"
X-1303,KLKB1,3818.0,Del0.8,0.68
X-1303,KRAS,3845.0,MutKnownFunctional,"G12V,0.578"
X-1303,KRT8,3856.0,MutNovel,"G81S,0.263"
X-1303,KRTAP5-5,439915.0,MutNovel,"R17C,0.500"
X-1303,KRTAP5-6,440023.0,MutNovel,"C10R,1.000"
X-1303,LATS2,26524.0,MutNovel,"A975T,0.308"
X-1303,LGALS9C,654346.0,Del0.8,0.47
X-1303,LINC00290,728081.0,Del0.8,0.7
X-1303,LINC00426,100188949.0,Amp5,5.5
X-1303,LIPT1,51601.0,MutKnownFunctional,"-123,0.264"
X-1303,LNX2,222484.0,Amp5,5.74
X-1303,LOC100132247,100132247.0,MutNovel,"R734I,1.000"
X-1303,LOC100506229,100506229.0,Del0.8,0.68
X-1303,LOC100996300,,MutNovel,"I80N,1.000"
X-1303,LOC100996633,,MutNovel,"P6L,0.889"
X-1303,LOC285441,285441.0,Del0.8,0.68
X-1303,LOC339975,339975.0,Del0.8,0.72
X-1303,LOC348120,348120.0,Del0.8,0.54
X-1303,LOC389247,389247.0,Del0.8,0.68
X-1303,LOC401164,401164.0,Del0.8,0.72
X-1303,LOC440131,440131.0,Amp5,5.5
X-1303,LOC643699,,MutNovel,"H293Y,1.000"
X-1303,LOC646214,646214.0,Del0.8,0.54
X-1303,LOC653075,653075.0,Del0.8,0.41
X-1303,LOC727924,727924.0,Del0.8,0.4
X-1303,LOC728175,728175.0,Del0.8,0.68
X-1303,LOC730268,,MutNovel,"L589V,1.000"
X-1303,LOC731424,731424.0,Del0.8,0.68
X-1303,LONP1,9361.0,MutNovel,"L24M,1.000"
X-1303,LRP2BP,55805.0,Del0.8,0.68
X-1303,LSR,51599.0,MutNovel,"G518GR,0.852"
X-1303,MACROD1,28992.0,MutNovel,"P26L,0.705"
X-1303,MAGEA3,4102.0,MutNovel,"L309S,1.000"
X-1303,MAP3K4,4216.0,MutNovel,"PA1189P,0.750"
X-1303,MCM9,254394.0,MutNovel,"P299L,1.000"
X-1303,MEF2A,4205.0,MutNovel,"QQ412-,0.308"
X-1303,MGC45800,90768.0,Del0.8,0.68
X-1303,MIR122,406906.0,Del0.8,0.68
X-1303,MIR1305,100302270.0,Del0.8,0.68
X-1303,MIR2276,100313842.0,Amp5,5.62
X-1303,MIR3591,100616357.0,Del0.8,0.68
X-1303,MIR3945,100500818.0,Del0.8,0.68
X-1303,MIR548F4,100313895.0,Amp5,6.36
X-1303,MIR548I4,100302191.0,Amp5,5.35
X-1303,MLF1IP,79682.0,Del0.8,0.68
X-1303,MMP23A,8511.0,Del0.8,0.29
X-1303,MPRIP,23164.0,MutNovel,"TS178T,0.571"
X-1303,MTF1,4520.0,MutNovel,"R699Q,1.000"
X-1303,MTIF3,219402.0,Amp5,5.74
X-1303,MTMR6,9107.0,Amp5,5.7
X-1303,MTNR1A,4543.0,Del0.8,0.68
X-1303,MTUS2,23281.0,Amp5,5.5
X-1303,MUC12,10071.0,MutNovel,"R363S,0.333"
X-1303,MUC17,140453.0,MutNovel,"S861T,0.250"
X-1303,MUC20,200958.0,MutNovel,"V325I,1.000"
X-1303,NBEAP1,606.0,Del0.8,0.54
X-1303,NBPF10,100132406.0,MutNovel,"R3484C,0.233"
X-1303,NCOR2,9612.0,MutNovel,"G1839GAAA,0.612"
X-1303,NCRNA00185,55410.0,Del0.8,0.18
X-1303,NEB,4703.0,MutNovel,"E6859G,1.000"
X-1303,NF1P2,440225.0,Del0.8,0.54
X-1303,NFE2L1,4779.0,MutNovel,"K597E,0.644"
X-1303,NLGN4Y,22829.0,Del0.8,0.18
X-1303,NR1H2,7376.0,MutNovel,"-173Q,0.398"
X-1303,NUP107,57122.0,MutNovel,"T593S,0.226"
X-1303,NUP214,8021.0,MutNovel,"V959M,0.640"
X-1303,NUPL1,9818.0,Amp5,5.7
X-1303,ODZ3,55714.0,Del0.8,0.68
X-1303,OR4M2,390538.0,Del0.8,0.3
X-1303,OR4N4,283694.0,Del0.8,0.3
X-1303,OR52N1,79473.0,Del0.8,0.5
X-1303,OR52N5,390075.0,Del0.8,0.14
X-1303,ORAI1,84876.0,MutNovel,"PP43-,0.950"
X-1303,OTC,5009.0,MutNovel,"Q270R,1.000"
X-1303,PABPC3,5042.0,MutNovel,"KG231-,0.556"
X-1303,PABPC3,5042.0,MutKnownFunctional,"-299,1.000"
X-1303,PABPC3,5042.0,Amp5,5.7
X-1303,PAN3,255967.0,Amp5,5.5
X-1303,PAN3-AS1,100288730.0,Amp5,5.5
X-1303,PCDH11Y,83259.0,Del0.8,0.26
X-1303,PDLIM3,27295.0,Del0.8,0.68
X-1303,PDX1,3651.0,Amp5,5.74
X-1303,PEX6,5190.0,MutNovel,"A79P,1.000"
X-1303,PFKFB1,5207.0,MutNovel,"R308S,1.000"
X-1303,PHKB,5257.0,MutNovel,"T59A,0.370"
X-1303,PHLDA1,22822.0,MutNovel,"QQ194Q,0.511"
X-1303,PLCE1,51196.0,MutNovel,"A1950S,0.625"
X-1303,PLEC,5339.0,MutNovel,"D951Y,0.779"
X-1303,PMS2,5395.0,MutNovel,"S7W,0.227"
X-1303,POLE,5426.0,MutKnownFunctional,"-1233?,0.663"
X-1303,POLR1D,51082.0,Amp5,5.74
X-1303,POMGNT1,55624.0,MutNovel,"H184Y,0.981"
X-1303,POMP,51371.0,Amp5,5.5
X-1303,POTEB,339010.0,Del0.8,0.54
X-1303,PRHOXNB,646625.0,Amp5,5.74
X-1303,PRKY,5616.0,Del0.8,0.18
X-1303,PRPF40B,25766.0,MutNovel,"A92V,0.744"
X-1303,PRUNE2,158471.0,MutNovel,"G2505S,0.269"
X-1303,PRY,9081.0,Del0.8,0.18
X-1303,PRY,9081.0,Del0.8,0.18
X-1303,PRY2,442862.0,Del0.8,0.18
X-1303,PRY2,442862.0,Del0.8,0.18
X-1303,PSMB10,5699.0,MutNovel,"M102T,0.344"
X-1303,PSORS1C1,170679.0,MutKnownFunctional,"-38?,0.684"
X-1303,PXN,5829.0,MutNovel,"G280R,0.649"
X-1303,QKI,9444.0,Del0.8,0.77
X-1303,RABL2A,11159.0,MutKnownFunctional,"-77,0.458"
X-1303,RASL11A,387496.0,Amp5,5.7
X-1303,RBMY1A3P,286557.0,Del0.8,0.18
X-1303,RBMY1B,378948.0,Del0.8,0.18
X-1303,RBMY1B,378948.0,Del0.8,0.18
X-1303,RBMY1E,378950.0,Del0.8,0.18
X-1303,RBMY1E,378950.0,Del0.8,0.18
X-1303,RBMY1F,159163.0,Del0.8,0.18
X-1303,RBMY1F,159163.0,Del0.8,0.18
X-1303,RBMY1J,378951.0,Del0.8,0.18
X-1303,RBMY1J,378951.0,Del0.8,0.18
X-1303,RBMY2EP,159125.0,Del0.8,0.18
X-1303,RBMY2FP,159162.0,Del0.8,0.18
X-1303,RBMY3AP,64593.0,Del0.8,0.18
X-1303,RFT1,91869.0,MutNovel,"G366R,1.000"
X-1303,RHD,6007.0,Del0.8,0.35
X-1303,RNF17,56163.0,Amp5,5.7
X-1303,RNF6,6049.0,Amp5,5.7
X-1303,ROCK1,6093.0,MutNovel,"K339Q,0.432"
X-1303,RPAP3,79657.0,MutKnownFunctional,"-537?,0.323"
X-1303,RPL21,6144.0,Amp5,5.7
X-1303,RPS4Y1,6192.0,Del0.8,0.26
X-1303,RPS4Y2,140032.0,Del0.8,0.18
X-1303,RWDD4,201965.0,Del0.8,0.68
X-1303,SDCBP2,27111.0,MutNovel,"R106Q,1.000"
X-1303,SHISA2,387914.0,Amp5,5.7
X-1303,SLC25A4,291.0,Del0.8,0.68
X-1303,SLC25A42,284439.0,MutNovel,"S120R,0.750"
X-1303,SLC35E2,9906.0,Del0.8,0.29
X-1303,SLC46A3,283537.0,Amp5,5.5
X-1303,SLC6A4,6532.0,MutNovel,"S574N,0.370"
X-1303,SLC7A1,6541.0,Amp5,5.5
X-1303,SLED1,643036.0,Del0.8,0.68
X-1303,SLK,9748.0,MutNovel,"E1209D,0.672"
X-1303,SMG1,23049.0,MutKnownFunctional,"R3260*,0.241"
X-1303,SNORA27,619499.0,Amp5,5.7
X-1303,SNORD102,26771.0,Amp5,5.7
X-1303,SNX25,83891.0,Del0.8,0.68
X-1303,SORBS2,8470.0,Del0.8,0.68
X-1303,SPATA13,221178.0,Amp5,5.62
X-1303,SREK1,140890.0,MutNovel,"D462G,0.370"
X-1303,SRRM2,23524.0,MutNovel,"R1843W,0.652"
X-1303,SRY,6736.0,Del0.8,0.26
X-1303,STAM,8027.0,MutKnownFunctional,"Q38*,0.379"
X-1303,STOX2,56977.0,Del0.8,0.68
X-1303,TBC1D16,125058.0,Amp5,5.28
X-1303,TBC1D2,55357.0,MutNovel,"A413T,0.500"
X-1303,TBC1D3G,654341.0,MutNovel,"Q354K,1.000"
X-1303,TBL1Y,90665.0,Del0.8,0.18
X-1303,TBP,6908.0,MutNovel,"-64Q,0.375"
X-1303,TCERG1,10915.0,MutNovel,"QAQAQA210-,0.306"
X-1303,TELO2,9894.0,MutNovel,"R706C,0.306"
X-1303,TG,7038.0,MutNovel,"D590N,0.667"
X-1303,TGIF2LY,90655.0,Del0.8,0.26
X-1303,TLK2,11011.0,MutNovel,"R262Q,0.258"
X-1303,TLR3,7098.0,Del0.8,0.68
X-1303,TM9SF3,56889.0,MutNovel,"Y481C,0.358"
X-1303,TMCC3,57458.0,MutKnownFunctional,"-75?,0.273"
X-1303,TMEM184A,202915.0,MutNovel,"G392GA,0.723"
X-1303,TMSB4Y,9087.0,Del0.8,0.18
X-1303,TOPBP1,11073.0,MutNovel,"R1331H,1.000"
X-1303,TPTE2P1,646405.0,Amp5,5.7
X-1303,TPTE2P6,374491.0,Amp5,5.7
X-1303,TRAPPC11,60684.0,Del0.8,0.68
X-1303,TRIML1,339976.0,Del0.8,0.72
X-1303,TRIML2,205860.0,Del0.8,0.72
X-1303,TSPY1,7258.0,Del0.8,0.18
X-1303,TSPY2,64591.0,Del0.8,0.18
X-1303,TSPY3,728137.0,Del0.8,0.18
X-1303,TSPY4,728395.0,Del0.8,0.18
X-1303,TSPY8,728403.0,Del0.8,0.18
X-1303,TSPYL1,7259.0,MutNovel,"V176VW,0.868"
X-1303,TTTY10,246119.0,Del0.8,0.18
X-1303,TTTY11,83866.0,Del0.8,0.18
X-1303,TTTY12,83867.0,Del0.8,0.18
X-1303,TTTY13,83868.0,Del0.8,0.18
X-1303,TTTY14,83869.0,Del0.8,0.18
X-1303,TTTY15,64595.0,Del0.8,0.18
X-1303,TTTY16,252948.0,Del0.8,0.18
X-1303,TTTY17A,252949.0,Del0.8,0.18
X-1303,TTTY17A,252949.0,Del0.8,0.18
X-1303,TTTY18,252950.0,Del0.8,0.18
X-1303,TTTY19,252952.0,Del0.8,0.18
X-1303,TTTY1B,100101116.0,Del0.8,0.18
X-1303,TTTY1B,100101116.0,Del0.8,0.18
X-1303,TTTY2,60439.0,Del0.8,0.18
X-1303,TTTY2,60439.0,Del0.8,0.18
X-1303,TTTY20,252951.0,Del0.8,0.18
X-1303,TTTY21,252953.0,Del0.8,0.18
X-1303,TTTY21,252953.0,Del0.8,0.18
X-1303,TTTY22,252954.0,Del0.8,0.18
X-1303,TTTY23,252955.0,Del0.8,0.18
X-1303,TTTY23,252955.0,Del0.8,0.18
X-1303,TTTY3,114760.0,Del0.8,0.18
X-1303,TTTY3,114760.0,Del0.8,0.18
X-1303,TTTY4,114761.0,Del0.8,0.18
X-1303,TTTY4,114761.0,Del0.8,0.18
X-1303,TTTY5,83863.0,Del0.8,0.18
X-1303,TTTY6,84672.0,Del0.8,0.18
X-1303,TTTY6,84672.0,Del0.8,0.18
X-1303,TTTY7,246122.0,Del0.8,0.18
X-1303,TTTY7,246122.0,Del0.8,0.18
X-1303,TTTY7B,100101120.0,Del0.8,0.18
X-1303,TTTY7B,100101120.0,Del0.8,0.18
X-1303,TTTY8,84673.0,Del0.8,0.18
X-1303,TTTY8,84673.0,Del0.8,0.18
X-1303,TTTY9A,83864.0,Del0.8,0.18
X-1303,TTTY9A,83864.0,Del0.8,0.18
X-1303,TXLNG2P,246126.0,Del0.8,0.18
X-1303,UBL3,5412.0,Amp5,5.5
X-1303,UFSP2,55325.0,Del0.8,0.68
X-1303,UGT2B17,7367.0,Del0.8,0.66
X-1303,ULK4P3,89837.0,Del0.8,0.41
X-1303,UNC13D,201294.0,MutNovel,"A717T,0.352"
X-1303,UNC5D,137970.0,Del0.8,0.58
X-1303,UNKL,64718.0,MutNovel,"P671L,0.254"
X-1303,USP12,219333.0,Amp5,5.7
X-1303,USP32P2,220594.0,Del0.8,0.47
X-1303,USP9Y,8287.0,Del0.8,0.18
X-1303,USPL1,10208.0,Amp5,5.5
X-1303,UTY,7404.0,Del0.8,0.18
X-1303,VCY,9084.0,Del0.8,0.18
X-1303,VCY,9084.0,Del0.8,0.18
X-1303,WASF3,10810.0,Amp5,5.7
X-1303,WASH1,100287171.0,MutNovel,"A344T,0.714"
X-1303,WWC2,80014.0,Del0.8,0.68
X-1303,XK,7504.0,MutNovel,"C360Y,0.692"
X-1303,XKRY2,353515.0,Del0.8,0.18
X-1303,XKRY2,353515.0,Del0.8,0.18
X-1303,ZDHHC11,79844.0,MutNovel,"A303D,0.429"
X-1303,ZFP42,132625.0,Del0.8,0.72
X-1303,ZFY,7544.0,Del0.8,0.26
X-1303,ZNF142,7701.0,MutNovel,"R506Q,1.000"
X-1303,ZNF318,24149.0,MutNovel,"P1461L,0.439"
X-1303,ZNF418,147686.0,MutNovel,"H297Q,1.000"
X-1303,ZNF438,220929.0,MutNovel,"N337I,0.600"
X-1303,ZNF692,55657.0,MutNovel,"S68C,0.645"
X-1303,ZNF696,79943.0,MutNovel,"T92A,0.806"
X-1303,ZNF697,90874.0,MutNovel,"A354T,0.727"
X-1303,ZSCAN29,146050.0,MutNovel,"A3D,1.000"
X-1329,AAGAB,79719.0,MutKnownFunctional,"-301,0.476"
X-1329,AAMP,14.0,MutNovel,"V74F,0.544"
X-1329,ABCB8,11194.0,MutNovel,"V588I,0.577"
X-1329,ABCC6,368.0,MutNovel,"R600H,1.000"
X-1329,ABHD14B,84836.0,MutNovel,"T122A,0.565"
X-1329,ABHD15,116236.0,MutNovel,"E458-,0.273"
X-1329,ABTB2,25841.0,MutNovel,"H1017Y,0.571"
X-1329,ACSS2,55902.0,MutNovel,"P402L,0.521"
X-1329,ACTL6A,86.0,MutNovel,"V258A,0.460"
X-1329,ACVR2A,92.0,MutKnownFunctional,"-435,0.900"
X-1329,ADAM6,8755.0,Amp5,5.5
X-1329,ADAMTS7,11173.0,MutNovel,"R585C,1.000"
X-1329,ADAR,103.0,MutNovel,"T1021M,0.430"
X-1329,ADARB1,104.0,MutKnownFunctional,"-421,0.263"
X-1329,ADCK4,79934.0,MutNovel,"R477Q,0.449"
X-1329,ADCK5,203054.0,MutNovel,"A452V,0.535"
X-1329,ADD3,120.0,MutKnownFunctional,"-699,0.295"
X-1329,ADNP,23394.0,MutKnownFunctional,"-1016,0.382"
X-1329,ADSL,158.0,MutNovel,"A388V,0.480"
X-1329,AGAP6,414189.0,MutNovel,"R37V,1.000"
X-1329,AGRN,375790.0,MutNovel,"A767V,0.469"
X-1329,AGRN,375790.0,MutNovel,"A1663V,0.524"
X-1329,AGXT2L2,85007.0,MutKnownFunctional,"-352?,0.596"
X-1329,AKAP12,9590.0,MutNovel,"E1531EEE,0.848"
X-1329,AKNA,80709.0,MutNovel,"P963H,0.722"
X-1329,ALDH16A1,126133.0,MutNovel,"P585L,0.475"
X-1329,ALS2,57679.0,MutNovel,"T9A,0.278"
X-1329,AMELY,266.0,Del0.8,0.23
X-1329,AMOTL1,154810.0,MutNovel,"A499T,0.750"
X-1329,ANAPC1,64682.0,MutNovel,"R1110C,0.333"
X-1329,ANKRD18B,441459.0,MutNovel,"N299D,1.000"
X-1329,ANKRD18B,441459.0,MutNovel,"Q320E,1.000"
X-1329,ANKRD18B,441459.0,MutNovel,"E331V,1.000"
X-1329,ANKRD18B,441459.0,MutNovel,"F333Y,1.000"
X-1329,ANKRD18B,441459.0,MutNovel,"F336Y,1.000"
X-1329,ANKRD18B,441459.0,MutNovel,"E347Q,1.000"
X-1329,ANKRD36,375248.0,MutNovel,"S1072A,0.314"
X-1329,ANKRD49,54851.0,MutKnownFunctional,"-67,0.258"
X-1329,AP3D1,8943.0,MutNovel,"T877A,0.474"
X-1329,ARFGAP2,84364.0,MutNovel,"R406Q,0.518"
X-1329,ARHGAP23,57636.0,MutKnownFunctional,"-1428,0.769"
X-1329,ARHGAP26,23092.0,MutNovel,"E26A,1.000"
X-1329,ARHGDIA,396.0,MutNovel,"D185-,0.421"
X-1329,ARHGEF16,27237.0,MutNovel,"T525M,0.451"
X-1329,ARHGEF37,389337.0,MutNovel,"L51F,0.344"
X-1329,ARID1A,8289.0,MutKnownFunctional,"-1406,0.448"
X-1329,ARID1B,57492.0,MutKnownFunctional,"-1848,0.701"
X-1329,ARIH1,25820.0,MutNovel,"Y435C,0.441"
X-1329,ARMCX4,100131755.0,MutNovel,"A1227T,1.000"
X-1329,ARRDC3,57561.0,MutNovel,"G205C,0.444"
X-1329,ARSJ,79642.0,MutKnownFunctional,"-579,0.737"
X-1329,ASPM,259266.0,MutNovel,"M2701T,0.409"
X-1329,ASTE1,28990.0,MutKnownFunctional,"-632,0.714"
X-1329,ATG9B,285973.0,MutNovel,"R486C,0.600"
X-1329,ATG9B,285973.0,MutKnownFunctional,"-321,0.350"
X-1329,ATG9B,285973.0,MutKnownFunctional,"-9,0.545"
X-1329,ATM,472.0,MutNovel,"S707P,0.857"
X-1329,ATP11A,23250.0,MutNovel,"G149V,0.500"
X-1329,ATP13A3,79572.0,MutKnownFunctional,"-1027,0.310"
X-1329,ATP5J,522.0,MutNovel,"I111T,0.551"
X-1329,ATP6V0C,527.0,MutNovel,"G96S,0.551"
X-1329,AVEN,57099.0,MutNovel,"GGGGG41G,0.714"
X-1329,BCL2L14,79370.0,MutNovel,"S125L,0.900"
X-1329,BCL9,607.0,MutKnownFunctional,"-514?,0.279"
X-1329,BCORP1,286554.0,Del0.8,0.23
X-1329,BDP1,55814.0,MutNovel,"T320A,0.316"
X-1329,BPY2B,442867.0,Del0.8,0.23
X-1329,BPY2B,442867.0,Del0.8,0.23
X-1329,BRAF,673.0,MutKnownFunctional,"V600E,0.489"
X-1329,BRCA1,672.0,MutNovel,"T161I,0.276"
X-1329,BRD3,8019.0,MutNovel,"R279W,0.319"
X-1329,BRD3,8019.0,MutKnownFunctional,"-24,0.282"
X-1329,BRWD1,54014.0,MutKnownFunctional,"-2309,0.482"
X-1329,BTAF1,9044.0,MutNovel,"T1813A,0.540"
X-1329,BTRC,8945.0,MutKnownFunctional,"-592,0.386"
X-1329,BUB1,699.0,MutNovel,"P360H,0.510"
X-1329,BUB1B,701.0,MutNovel,"E212D,0.560"
X-1329,C11orf57,55216.0,MutKnownFunctional,"-159,0.519"
X-1329,C11orf95,65998.0,MutNovel,"A559T,0.214"
X-1329,C12orf10,60314.0,MutNovel,"L279M,0.542"
X-1329,C16orf7,9605.0,MutKnownFunctional,"-66,0.413"
X-1329,C16orf72,29035.0,MutNovel,"A46E,0.620"
X-1329,C16orf80,29105.0,MutNovel,"R124W,0.466"
X-1329,C17orf101,79701.0,MutNovel,"P32L,0.600"
X-1329,C18orf54,162681.0,MutNovel,"A265V,0.474"
X-1329,C19orf33,64073.0,MutNovel,"K100-,0.254"
X-1329,C20orf96,140680.0,MutNovel,"A194T,0.549"
X-1329,CA5A,763.0,MutNovel,"G176A,1.000"
X-1329,CA5A,763.0,MutNovel,"A149V,1.000"
X-1329,CACHD1,57685.0,MutKnownFunctional,"-1182,0.371"
X-1329,CACNA1F,778.0,MutNovel,"A434V,1.000"
X-1329,CAMSAP1,157922.0,MutNovel,"T520M,0.482"
X-1329,CASKIN2,57513.0,MutNovel,"T1136A,0.333"
X-1329,CATSPER1,117144.0,MutNovel,"Q642R,0.667"
X-1329,CBX2,84733.0,MutNovel,"P495S,1.000"
X-1329,CCDC111,201973.0,MutNovel,"A465V,0.658"
X-1329,CCDC51,79714.0,MutNovel,"A185D,0.517"
X-1329,CCDC88B,283234.0,MutNovel,"L120P,1.000"
X-1329,CCDC97,90324.0,MutNovel,"R201H,0.488"
X-1329,CDAN1,146059.0,MutNovel,"R503Q,0.393"
X-1329,CDC42EP1,11135.0,MutNovel,"PAPAANPS253P,0.209"
X-1329,CDK2,1017.0,MutNovel,"D270G,0.485"
X-1329,CDK20,23552.0,MutNovel,"R327L,0.429"
X-1329,CDK8,1024.0,MutNovel,"C64Y,0.553"
X-1329,CDY1B,253175.0,Del0.8,0.23
X-1329,CDY1B,253175.0,Del0.8,0.23
X-1329,CDY2A,9426.0,Del0.8,0.23
X-1329,CDY2A,9426.0,Del0.8,0.23
X-1329,CDY2B,203611.0,Del0.8,0.23
X-1329,CDY2B,203611.0,Del0.8,0.23
X-1329,CEP72,55722.0,MutNovel,"M469T,0.500"
X-1329,CHD3,1107.0,MutNovel,"H1921R,0.489"
X-1329,CHST15,51363.0,MutKnownFunctional,"-456,0.615"
X-1329,CIR1,9541.0,MutNovel,"D306N,0.683"
X-1329,CLASP1,23332.0,MutNovel,"R142H,0.438"
X-1329,CLCNKA,1187.0,MutNovel,"T577D,0.800"
X-1329,CLN8,2055.0,MutNovel,"T170M,0.571"
X-1329,CNOT6,57472.0,MutNovel,"T16K,0.517"
X-1329,CNPPD1,27013.0,MutKnownFunctional,"-324,0.556"
X-1329,CNPY2,10330.0,MutNovel,"R73C,0.468"
X-1329,COPS5,10987.0,MutNovel,"A112V,0.398"
X-1329,CPSF1,29894.0,MutNovel,"K422-,0.292"
X-1329,CPSF3L,54973.0,MutNovel,"V521M,0.539"
X-1329,CPT2,1376.0,MutNovel,"L315P,0.495"
X-1329,CREB3L4,148327.0,MutNovel,"A285D,0.588"
X-1329,CRELD2,79174.0,MutNovel,"E333D,0.477"
X-1329,CRIPAK,285464.0,MutNovel,"V164A,0.533"
X-1329,CRIPAK,285464.0,MutNovel,"C234R,0.484"
X-1329,CRIPAK,285464.0,MutNovel,"A280T,0.411"
X-1329,CRTC1,23373.0,MutNovel,"P416T,0.571"
X-1329,CSDE1,7812.0,MutNovel,"N157D,0.424"
X-1329,CSPG4P1Y,114758.0,Del0.8,0.23
X-1329,CSPG4P1Y,114758.0,Del0.8,0.23
X-1329,CTGF,1490.0,MutNovel,"R58G,0.667"
X-1329,CTNNBL1,56259.0,MutKnownFunctional,"R522*,0.462"
X-1329,CTNS,1497.0,MutNovel,"G197R,0.630"
X-1329,CYP2S1,29785.0,MutNovel,"R493H,0.608"
X-1329,CYP3A4,1576.0,MutNovel,"I457V,1.000"
X-1329,CYP3A4,1576.0,MutNovel,"M450V,1.000"
X-1329,DAZ1,1617.0,Del0.8,0.23
X-1329,DAZ2,57055.0,Del0.8,0.23
X-1329,DAZ3,57054.0,Del0.8,0.23
X-1329,DAZ3,57054.0,Del0.8,0.23
X-1329,DAZ4,57135.0,Del0.8,0.23
X-1329,DAZ4,57135.0,Del0.8,0.23
X-1329,DBNL,28988.0,MutNovel,"R93L,0.536"
X-1329,DDX26B,203522.0,MutNovel,"G645S,0.211"
X-1329,DDX3Y,8653.0,Del0.8,0.23
X-1329,DDX42,11325.0,MutNovel,"E80G,0.470"
X-1329,DDX51,317781.0,MutNovel,"V524M,0.495"
X-1329,DENND4B,9909.0,MutNovel,"QQQ908-,0.588"
X-1329,DHX15,1665.0,MutNovel,"S100P,0.467"
X-1329,DIP2B,57609.0,MutNovel,"T357A,0.372"
X-1329,DMTF1,9988.0,MutNovel,"G202S,0.526"
X-1329,DNA2,1763.0,MutKnownFunctional,"-779,0.467"
X-1329,DNAAF2,55172.0,MutNovel,"R685I,0.480"
X-1329,DNAH1,25981.0,MutNovel,"L2836P,0.571"
X-1329,DNAH14,127602.0,MutNovel,"T2249A,0.750"
X-1329,DNM2,1785.0,MutNovel,"K472N,0.499"
X-1329,DOCK5,80005.0,MutNovel,"P714H,0.483"
X-1329,DOCK6,57572.0,MutNovel,"M1738L,0.513"
X-1329,DOCK9,23348.0,MutNovel,"E1131D,0.771"
X-1329,DOT1L,84444.0,MutNovel,"P1395L,0.674"
X-1329,DST,667.0,MutNovel,"K1311N,0.548"
X-1329,DUSP28,285193.0,MutKnownFunctional,"-56,0.400"
X-1329,DUSP9,1852.0,MutNovel,"Y122C,0.500"
X-1329,EEF1DP3,196549.0,Del0.8,0.66
X-1329,EGR1,1958.0,MutNovel,"N78S,0.490"
X-1329,EGR2,1959.0,MutNovel,"I25F,1.000"
X-1329,EHBP1,23301.0,MutNovel,"S976N,0.485"
X-1329,EIF1AY,9086.0,Del0.8,0.23
X-1329,EIF4A2,1974.0,MutNovel,"R230T,0.463"
X-1329,EIF4A3,9775.0,MutNovel,"M311L,0.573"
X-1329,ELF3,1999.0,MutKnownFunctional,"-10,0.492"
X-1329,EMC10,,MutKnownFunctional,"-231?,0.315"
X-1329,ENAH,55740.0,MutNovel,"P128S,0.251"
X-1329,ENGASE,64772.0,MutKnownFunctional,"-399,0.600"
X-1329,ENO3,2027.0,MutNovel,"A214T,0.762"
X-1329,EP300,2033.0,MutNovel,"M323T,0.375"
X-1329,EP300,2033.0,MutKnownFunctional,"K1800*,0.679"
X-1329,EPG5,57724.0,MutNovel,"P1781H,0.563"
X-1329,ERRFI1,54206.0,MutKnownFunctional,"-186,0.604"
X-1329,ESPL1,9700.0,MutNovel,"G621R,0.514"
X-1329,ESPN,83715.0,MutKnownFunctional,"-526?,0.947"
X-1329,FAM108B1,51104.0,MutNovel,"G43R,0.525"
X-1329,FAM111B,374393.0,MutKnownFunctional,"-269,0.250"
X-1329,FAM129C,199786.0,MutKnownFunctional,"R247*,0.500"
X-1329,FAM193A,8603.0,MutNovel,"R916H,0.486"
X-1329,FAM197Y2P,252946.0,Del0.8,0.23
X-1329,FAM41AY1,340618.0,Del0.8,0.23
X-1329,FAM41AY1,340618.0,Del0.8,0.23
X-1329,FAM69A,388650.0,MutNovel,"L374P,0.543"
X-1329,FBLN1,2192.0,MutNovel,"V694I,1.000"
X-1329,FBRSL1,57666.0,MutNovel,"R436Q,0.505"
X-1329,FBRSL1,57666.0,MutNovel,"A877T,0.429"
X-1329,FBXL6,26233.0,MutKnownFunctional,"-124?,0.462"
X-1329,FBXW7,55294.0,MutNovel,"D480V,0.579"
X-1329,FGFR1OP,11116.0,MutKnownFunctional,"-289,0.268"
X-1329,FHIT,2272.0,Del0.8,0.46
X-1329,FOXP1,27086.0,MutNovel,"V283A,1.000"
X-1329,FOXRED1,55572.0,MutNovel,"R153Q,0.516"
X-1329,FRAT2,23401.0,MutKnownFunctional,"-69,1.000"
X-1329,FRMD8,83786.0,MutNovel,"A233T,0.451"
X-1329,G3BP2,9908.0,MutNovel,"G369E,0.535"
X-1329,GALE,2582.0,MutNovel,"K286-,0.388"
X-1329,GAS8,2622.0,MutNovel,"R278H,0.375"
X-1329,GBA,2629.0,MutNovel,"A341T,0.488"
X-1329,GFOD2,81577.0,MutNovel,"G191D,0.583"
X-1329,GIGYF2,26058.0,MutNovel,"PQ1231P,0.225"
X-1329,GIPR,2696.0,MutNovel,"E45A,0.216"
X-1329,GLT25D1,79709.0,MutNovel,"R457W,0.550"
X-1329,GLTPD2,388323.0,MutNovel,"G168W,0.500"
X-1329,GMIP,51291.0,MutNovel,"P732L,0.553"
X-1329,GOLGA2,2801.0,MutKnownFunctional,"-989,0.374"
X-1329,GOLGA2P2Y,84559.0,Del0.8,0.23
X-1329,GOLGA2P2Y,84559.0,Del0.8,0.23
X-1329,GOLGA3,2802.0,MutNovel,"R857H,0.523"
X-1329,GON4L,54856.0,MutNovel,"S998L,0.424"
X-1329,GP1BB,,MutNovel,"A201S,0.556"
X-1329,GRAMD4,23151.0,MutNovel,"A306T,0.548"
X-1329,GRAMD4,23151.0,MutNovel,"P380L,0.500"
X-1329,GSDMD,79792.0,MutNovel,"P24H,0.494"
X-1329,GSTT1,2952.0,Amp5,5.9
X-1329,GSTTP1,25774.0,Amp5,5.9
X-1329,GUF1,60558.0,MutNovel,"Q265H,0.518"
X-1329,GYG2P1,352887.0,Del0.8,0.23
X-1329,H2AFY2,55506.0,MutNovel,"Q328R,0.506"
X-1329,HAX1,10456.0,MutKnownFunctional,"-23,0.361"
X-1329,HCFC1R1,54985.0,MutNovel,"R9L,0.539"
X-1329,HERC1,8925.0,MutNovel,"S1251I,0.368"
X-1329,HIVEP3,59269.0,MutNovel,"F1186C,0.625"
X-1329,HLA-A,3105.0,MutNovel,"T88I,0.466"
X-1329,HLA-G,3135.0,MutNovel,"I123G,0.667"
X-1329,HNRNPA1,3178.0,MutNovel,"Y341C,0.492"
X-1329,HNRNPUL1,11100.0,MutNovel,"G663R,0.488"
X-1329,HOXA1,3198.0,MutNovel,"T175M,0.259"
X-1329,HOXA3,3200.0,MutKnownFunctional,"-302?,0.437"
X-1329,HOXB2,3212.0,MutKnownFunctional,"-91,0.840"
X-1329,HPS5,11234.0,MutKnownFunctional,"-783?,0.268"
X-1329,HSFY2,159119.0,Del0.8,0.23
X-1329,HSFY2,159119.0,Del0.8,0.23
X-1329,HSPA1A,3303.0,MutNovel,"S121H,0.667"
X-1329,HSPG2,3339.0,MutNovel,"P520S,0.714"
X-1329,IDUA,3425.0,MutNovel,"P648T,0.469"
X-1329,IFI16,3428.0,MutKnownFunctional,"-2,0.461"
X-1329,IFT172,26160.0,MutNovel,"K1720N,0.400"
X-1329,IGF2R,3482.0,MutNovel,"I518V,0.480"
X-1329,IGF2R,3482.0,MutKnownFunctional,"-1314,0.722"
X-1329,IGFBP4,3487.0,MutKnownFunctional,"-39,0.286"
X-1329,IGFN1,91156.0,MutNovel,"G1899R,0.267"
X-1329,IL15RA,3601.0,MutNovel,"A216T,0.316"
X-1329,IL1R1,3554.0,MutNovel,"V566M,0.500"
X-1329,IL32,9235.0,MutNovel,"K133T,0.425"
X-1329,INHA,3623.0,MutNovel,"R232P,0.545"
X-1329,INO80E,283899.0,MutKnownFunctional,"-209,0.514"
X-1329,INPP4A,3631.0,MutNovel,"R162C,0.355"
X-1329,INPPL1,3636.0,MutKnownFunctional,"-974,0.352"
X-1329,IQSEC1,9922.0,MutNovel,"R78H,0.536"
X-1329,IQSEC2,23096.0,MutNovel,"S673N,0.310"
X-1329,ISG20,3669.0,MutNovel,"G16V,0.435"
X-1329,ISG20L2,81875.0,MutKnownFunctional,"-289,0.511"
X-1329,ITFG1,81533.0,MutNovel,"K86R,0.536"
X-1329,ITGB7,3695.0,MutNovel,"L395I,0.800"
X-1329,ITGB8,3696.0,MutKnownFunctional,"-770,0.600"
X-1329,ITPR3,3710.0,MutKnownFunctional,"-1580,0.253"
X-1329,ITPRIPL2,162073.0,MutNovel,"L437S,0.232"
X-1329,IWS1,55677.0,MutNovel,"P307H,0.559"
X-1329,JMJD1C,221037.0,MutNovel,"A2146V,0.462"
X-1329,JUNB,3726.0,MutNovel,"T212I,0.502"
X-1329,KAT2A,2648.0,MutNovel,"S415N,0.467"
X-1329,KAT6A,7994.0,MutNovel,"V97M,0.462"
X-1329,KAZALD1,81621.0,MutNovel,"L160I,0.429"
X-1329,KDM5D,8284.0,Del0.8,0.23
X-1329,KDM6B,23135.0,MutKnownFunctional,"-511,0.625"
X-1329,KDM6B,23135.0,MutNovel,"AP746A,0.478"
X-1329,KIAA0125,9834.0,Amp5,5.5
X-1329,KIAA0195,9772.0,MutNovel,"R20W,0.684"
X-1329,KIAA0368,23392.0,MutKnownFunctional,"-112,0.621"
X-1329,KIAA0664,23277.0,MutNovel,"P272H,0.514"
X-1329,KIAA0754,643314.0,MutNovel,"P1301R,0.556"
X-1329,KIAA1407,57577.0,MutKnownFunctional,"-415,0.400"
X-1329,KIAA1671,85379.0,MutNovel,"V1531M,0.425"
X-1329,KIAA1715,80856.0,MutNovel,"P152Q,0.562"
X-1329,KIAA1731,85459.0,MutNovel,"C1032R,0.481"
X-1329,KIAA1841,84542.0,MutNovel,"D191A,0.357"
X-1329,KIAA2013,90231.0,MutNovel,"H399N,0.498"
X-1329,KIAA2018,205717.0,MutNovel,"KN1015N,0.900"
X-1329,KIF13B,23303.0,MutNovel,"R1821Q,0.388"
X-1329,KIF20A,10112.0,MutNovel,"Y340C,0.477"
X-1329,KIF24,347240.0,MutKnownFunctional,"-661,0.320"
X-1329,KIF2A,3796.0,MutNovel,"A470T,0.445"
X-1329,KIF3A,11127.0,MutNovel,"R661C,0.415"
X-1329,KLB,152831.0,MutKnownFunctional,"-867,0.667"
X-1329,KLF4,9314.0,MutNovel,"K424E,0.606"
X-1329,KLHL29,114818.0,MutNovel,"R18H,0.500"
X-1329,KLHL29,114818.0,MutNovel,"T757M,0.575"
X-1329,KPNA2,3838.0,MutNovel,"S406N,0.459"
X-1329,KRT6A,3853.0,MutNovel,"Q490H,0.700"
X-1329,KRT6A,3853.0,MutNovel,"K359N,0.636"
X-1329,KRT7,3855.0,MutNovel,"R226M,0.439"
X-1329,LACTB,114294.0,MutNovel,"A64T,0.417"
X-1329,LAMA5,3911.0,MutNovel,"N2423S,0.561"
X-1329,LAMA5,3911.0,MutNovel,"A1990T,0.491"
X-1329,LAMB2,3913.0,MutKnownFunctional,"R1562*,0.357"
X-1329,LARP4B,23185.0,MutNovel,"S718P,0.346"
X-1329,LARP4B,23185.0,MutKnownFunctional,"-163,0.336"
X-1329,LARP7,51574.0,MutKnownFunctional,"-590,0.509"
X-1329,LARS2,23395.0,MutNovel,"H311N,0.386"
X-1329,LAT,27040.0,MutNovel,"E263K,0.515"
X-1329,LCE3C,353144.0,Del0.8,0.26
X-1329,LCMT2,9836.0,MutNovel,"P531A,0.585"
X-1329,LENG9,94059.0,MutNovel,"A58G,0.235"
X-1329,LIG1,3978.0,MutNovel,"R125W,0.460"
X-1329,LIMD1,8994.0,MutNovel,"K13T,0.303"
X-1329,LIMD1,8994.0,MutNovel,"S277P,0.250"
X-1329,LMAN2,10960.0,MutNovel,"R351Q,0.503"
X-1329,LMTK3,114783.0,MutNovel,"R1353H,0.889"
X-1329,LMTK3,114783.0,MutKnownFunctional,"-733,0.415"
X-1329,LOC100129480,100129480.0,MutNovel,"Q170K,0.447"
X-1329,LOC100506504,,MutNovel,"P104T,0.438"
X-1329,LOC100506533,,MutNovel,"S78L,1.000"
X-1329,LOC100506688,100506688.0,MutNovel,"S149T,0.700"
X-1329,LOC100996573,,MutNovel,"G227S,0.545"
X-1329,LOC284344,284344.0,Del0.8,0.34
X-1329,LOC285141,,MutKnownFunctional,"G138*,0.562"
X-1329,LOC391322,391322.0,Amp5,5.9
X-1329,LOC554223,554223.0,MutNovel,"G100R,0.600"
X-1329,LRBA,987.0,MutNovel,"R2196H,0.470"
X-1329,LRRFIP1,9208.0,MutNovel,"P357S,0.488"
X-1329,LTN1,26046.0,MutKnownFunctional,"-582,0.778"
X-1329,MACC1,346389.0,MutNovel,"W182R,0.559"
X-1329,MAD1L1,8379.0,MutNovel,"R572C,0.667"
X-1329,MADD,8567.0,MutNovel,"A1421V,0.510"
X-1329,MAMDC4,158056.0,MutNovel,"R683C,0.629"
X-1329,MAN1B1,11253.0,MutNovel,"I428T,0.438"
X-1329,MAN1B1,11253.0,MutNovel,"E689K,0.365"
X-1329,MAN2B2,23324.0,MutNovel,"A164V,0.600"
X-1329,MAP3K10,4294.0,MutNovel,"E5G,0.615"
X-1329,MAP3K10,4294.0,MutKnownFunctional,"-502,0.385"
X-1329,MAP3K11,4296.0,MutNovel,"G632V,0.224"
X-1329,MAP3K7,6885.0,MutNovel,"T489A,0.484"
X-1329,MAP7D3,79649.0,MutNovel,"G412W,1.000"
X-1329,MAPK13,5603.0,MutNovel,"S33N,0.370"
X-1329,MARVELD3,91862.0,MutKnownFunctional,"-314,0.375"
X-1329,MAX,4149.0,MutNovel,"H79R,0.415"
X-1329,MB,4151.0,MutNovel,"Y104C,0.459"
X-1329,MB21D1,115004.0,MutKnownFunctional,"-428?,0.476"
X-1329,MBIP,51562.0,MutKnownFunctional,"-277,0.524"
X-1329,MCC,4163.0,MutNovel,"A965V,0.474"
X-1329,MDN1,23195.0,MutNovel,"A1619V,0.208"
X-1329,MED1,5469.0,MutNovel,"E789A,0.527"
X-1329,MED25,81857.0,MutKnownFunctional,"-149?,0.356"
X-1329,MED26,9441.0,MutNovel,"Q469H,0.471"
X-1329,MEN1,4221.0,MutNovel,"R521W,0.519"
X-1329,MIB1,57534.0,MutNovel,"D630Y,0.458"
X-1329,MICAL3,57553.0,MutNovel,"R47H,0.671"
X-1329,MID2,11043.0,MutNovel,"T568S,0.447"
X-1329,MLKL,197259.0,MutNovel,"R87-,0.373"
X-1329,MLL3,58508.0,MutKnownFunctional,"-2797,0.408"
X-1329,MLL4,9757.0,MutNovel,"P1953S,0.500"
X-1329,MLL4,9757.0,MutNovel,"R2587Q,0.539"
X-1329,MLXIP,22877.0,MutNovel,"T591M,0.444"
X-1329,MORN1,79906.0,MutNovel,"M117I,0.310"
X-1329,MRC2,9902.0,MutNovel,"L584M,0.565"
X-1329,MRI1,84245.0,MutNovel,"T212M,0.478"
X-1329,MRPL24,79590.0,MutNovel,"T186A,0.476"
X-1329,MTO1,25821.0,MutNovel,"R543K,0.500"
X-1329,MTUS1,57509.0,MutNovel,"A787K,0.792"
X-1329,MUC16,94025.0,MutNovel,"L12490R,0.782"
X-1329,MUC16,94025.0,MutNovel,"A8266T,0.857"
X-1329,MVD,4597.0,MutNovel,"R78Q,0.281"
X-1329,MYBL1,4603.0,MutKnownFunctional,"-420?,0.250"
X-1329,MYC,4609.0,MutNovel,"A198V,0.523"
X-1329,MYCL1,4610.0,MutNovel,"K276N,0.500"
X-1329,MYH15,22989.0,MutNovel,"E1839D,0.250"
X-1329,MYH3,4621.0,MutNovel,"A1767T,0.583"
X-1329,MYO18A,399687.0,MutNovel,"G1012C,0.477"
X-1329,MYO7A,4647.0,MutNovel,"V1454A,0.611"
X-1329,NADKD1,133686.0,MutNovel,"R44W,0.857"
X-1329,NADSYN1,55191.0,MutNovel,"R239H,0.303"
X-1329,NBEAL1,65065.0,MutNovel,"T763A,0.545"
X-1329,NBEAL1,65065.0,MutNovel,"Q1527H,0.474"
X-1329,NCOA6,23054.0,MutKnownFunctional,"-1410,0.312"
X-1329,NCOR2,9612.0,MutNovel,"G1839GAAA,0.258"
X-1329,NCRNA00185,55410.0,Del0.8,0.23
X-1329,NDP,4693.0,MutNovel,"T119A,1.000"
X-1329,NEK8,284086.0,MutKnownFunctional,"-690,0.444"
X-1329,NEK9,91754.0,MutKnownFunctional,"Q938*,0.452"
X-1329,NEURL1B,54492.0,MutNovel,"G28S,0.429"
X-1329,NEURL1B,54492.0,MutNovel,"R245H,1.000"
X-1329,NFIB,4781.0,MutKnownFunctional,"-341,0.254"
X-1329,NFKBIB,4793.0,MutNovel,"D321Y,0.477"
X-1329,NHSL1,57224.0,MutNovel,"D243G,0.550"
X-1329,NISCH,11188.0,MutNovel,"T960A,0.505"
X-1329,NKTR,4820.0,MutKnownFunctional,"-856,0.449"
X-1329,NLGN4Y,22829.0,Del0.8,0.23
X-1329,NMT1,4836.0,MutNovel,"M408V,0.204"
X-1329,NOD1,10392.0,MutNovel,"S846G,0.250"
X-1329,NOD1,10392.0,MutNovel,"R101M,0.559"
X-1329,NOD2,64127.0,MutNovel,"W98R,0.429"
X-1329,NOL8,55035.0,MutNovel,"R483H,0.587"
X-1329,NOM1,64434.0,MutNovel,"P146S,0.435"
X-1329,NPIPL3,23117.0,MutNovel,"D967Y,0.600"
X-1329,NR1H2,7376.0,MutNovel,"-173Q,0.391"
X-1329,NUMA1,4926.0,MutNovel,"A2095T,0.543"
X-1329,NUP210,23225.0,MutNovel,"V946L,0.586"
X-1329,OFD1,8481.0,MutNovel,"Y798H,0.462"
X-1329,OGFR,11054.0,MutNovel,"R444C,0.491"
X-1329,OGG1,4968.0,MutNovel,"T386A,0.412"
X-1329,ORAI1,84876.0,MutNovel,"PP43-,0.812"
X-1329,OSGIN1,29948.0,MutNovel,"Y355C,0.598"
X-1329,OTUB1,55611.0,MutNovel,"G252D,0.527"
X-1329,PARD3B,117583.0,MutNovel,"T957M,0.500"
X-1329,PARG,8505.0,MutNovel,"A584T,0.205"
X-1329,PCCA,5095.0,MutNovel,"G434D,0.333"
X-1329,PCDH1,5097.0,MutNovel,"T727A,0.530"
X-1329,PCDH11Y,83259.0,Del0.8,0.33
X-1329,PCNX,22990.0,MutNovel,"A1892S,0.542"
X-1329,PCNX,22990.0,MutNovel,"E2007A,0.543"
X-1329,PCOLCE,5118.0,MutNovel,"G362C,0.500"
X-1329,PFKL,5211.0,MutNovel,"V608M,0.467"
X-1329,PGAP1,80055.0,MutKnownFunctional,"-919,0.559"
X-1329,PHACTR4,65979.0,MutNovel,"T222I,0.542"
X-1329,PHC2,1912.0,MutNovel,"A16V,1.000"
X-1329,PHF12,57649.0,MutNovel,"R155L,0.483"
X-1329,PHF20L1,51105.0,MutKnownFunctional,"-320,0.432"
X-1329,PHKA2,5256.0,MutNovel,"G882V,1.000"
X-1329,PHLDA1,22822.0,MutNovel,"QQ194Q,0.512"
X-1329,PIK3C2A,5286.0,MutNovel,"K164N,0.426"
X-1329,PIK3C2B,5287.0,MutNovel,"A544V,0.377"
X-1329,PIK3CA,5290.0,MutNovel,"V196I,0.400"
X-1329,PINK1,65018.0,MutNovel,"P286L,0.499"
X-1329,PIP4K2C,79837.0,MutNovel,"D289N,0.522"
X-1329,PKP3,11187.0,MutNovel,"P13H,0.562"
X-1329,PLA2G4E,123745.0,MutNovel,"E61K,1.000"
X-1329,PLD3,23646.0,MutNovel,"A486T,0.518"
X-1329,PLEC,5339.0,MutNovel,"Q1604R,0.477"
X-1329,PLEKHA6,22874.0,MutKnownFunctional,"-328,0.250"
X-1329,PLEKHG1,57480.0,MutNovel,"L380R,0.704"
X-1329,PLEKHG5,57449.0,MutNovel,"M894V,0.356"
X-1329,PLEKHH1,57475.0,MutNovel,"D744G,0.435"
X-1329,PLXNA1,5361.0,MutNovel,"I1468T,0.471"
X-1329,PLXND1,23129.0,MutKnownFunctional,"E1852*,0.393"
X-1329,PNISR,25957.0,MutKnownFunctional,"-697?,0.408"
X-1329,PNISR,25957.0,MutNovel,"K694T,0.469"
X-1329,POTEI,,MutNovel,"N815C,0.750"
X-1329,POTEI,,MutNovel,"A814V,0.850"
X-1329,PPP1R18,,MutNovel,"P430H,0.491"
X-1329,PPP1R9B,84687.0,MutNovel,"C177Y,0.556"
X-1329,PPP2R5A,5525.0,MutNovel,"P177H,0.327"
X-1329,PPP2R5B,5526.0,MutNovel,"R139Q,0.212"
X-1329,PPP6R1,22870.0,MutNovel,"V150M,0.436"
X-1329,PRAME,23532.0,MutNovel,"T437A,0.460"
X-1329,PREP,5550.0,MutNovel,"D695G,0.562"
X-1329,PRIC285,85441.0,MutNovel,"T993M,0.453"
X-1329,PRKAG2,51422.0,MutNovel,"T285A,0.491"
X-1329,PRKAR1B,5575.0,MutNovel,"E13K,0.263"
X-1329,PRKY,5616.0,Del0.8,0.23
X-1329,PROX2,283571.0,MutNovel,"R517H,0.353"
X-1329,PRPF3,9129.0,MutNovel,"P243L,0.400"
X-1329,PRPSAP1,5635.0,MutNovel,"A306T,0.465"
X-1329,PRRC2B,84726.0,MutNovel,"P1437L,0.473"
X-1329,PRRC2C,23215.0,MutKnownFunctional,"-1513,0.260"
X-1329,PRRC2C,23215.0,MutNovel,"P1808T,0.299"
X-1329,PRSS3,5646.0,MutNovel,"A62V,0.500"
X-1329,PRSS38,339501.0,MutNovel,"N133S,1.000"
X-1329,PRY,9081.0,Del0.8,0.23
X-1329,PRY,9081.0,Del0.8,0.23
X-1329,PRY2,442862.0,Del0.8,0.23
X-1329,PRY2,442862.0,Del0.8,0.23
X-1329,PSENEN,55851.0,MutNovel,"C15Y,0.515"
X-1329,PTPN12,5782.0,MutNovel,"N58D,0.594"
X-1329,PVRL4,81607.0,MutNovel,"V314I,0.602"
X-1329,QRICH1,54870.0,MutNovel,"Q435P,0.365"
X-1329,R3HDM2,22864.0,MutKnownFunctional,"-672,0.289"
X-1329,R3HDM4,91300.0,MutNovel,"A262T,0.484"
X-1329,RAB11FIP1,80223.0,MutNovel,"T123A,0.356"
X-1329,RAET1G,353091.0,MutNovel,"I114T,1.000"
X-1329,RALGAPA1,253959.0,MutNovel,"K12M,0.211"
X-1329,RALGAPA2,57186.0,MutNovel,"Q1556R,0.434"
X-1329,RAP1GDS1,5910.0,MutNovel,"V137I,0.452"
X-1329,RAPGEF6,51735.0,MutNovel,"N825S,0.406"
X-1329,RARS2,57038.0,MutNovel,"G305D,0.470"
X-1329,RB1,5925.0,MutNovel,"R876C,0.497"
X-1329,RBM28,55131.0,MutNovel,"I204M,0.452"
X-1329,RBM43,375287.0,MutKnownFunctional,"-136,0.661"
X-1329,RBMY1A3P,286557.0,Del0.8,0.23
X-1329,RBMY1B,378948.0,Del0.8,0.23
X-1329,RBMY1B,378948.0,Del0.8,0.23
X-1329,RBMY1E,378950.0,Del0.8,0.23
X-1329,RBMY1E,378950.0,Del0.8,0.23
X-1329,RBMY1F,159163.0,Del0.8,0.23
X-1329,RBMY1F,159163.0,Del0.8,0.23
X-1329,RBMY1J,378951.0,Del0.8,0.23
X-1329,RBMY1J,378951.0,Del0.8,0.23
X-1329,RBMY2EP,159125.0,Del0.8,0.23
X-1329,RBMY2FP,159162.0,Del0.8,0.23
X-1329,RBMY3AP,64593.0,Del0.8,0.23
X-1329,RCC2,55920.0,MutNovel,"R300W,0.460"
X-1329,RCOR1,23186.0,MutNovel,"A309T,0.491"
X-1329,RECQL4,9401.0,MutNovel,"A1087G,0.440"
X-1329,RHBDD2,57414.0,MutNovel,"R56H,0.409"
X-1329,RHBDL1,9028.0,MutNovel,"P50S,0.750"
X-1329,RHPN1,114822.0,MutNovel,"A583T,0.417"
X-1329,RIF1,55183.0,MutNovel,"S536C,0.492"
X-1329,RIN3,79890.0,MutNovel,"G967-,0.312"
X-1329,RIPK1,8737.0,MutNovel,"A194T,0.619"
X-1329,RIPK1,8737.0,MutNovel,"A569V,0.425"
X-1329,RLTPR,146206.0,MutNovel,"R1092H,0.579"
X-1329,RNF145,153830.0,MutKnownFunctional,"-29,0.346"
X-1329,RNF43,54894.0,MutKnownFunctional,"-659,0.424"
X-1329,RNF43,54894.0,MutNovel,"C272R,0.509"
X-1329,RPL22,6146.0,MutKnownFunctional,"-15,0.809"
X-1329,RPRD1B,58490.0,MutNovel,"G119S,0.386"
X-1329,RPS4Y1,6192.0,Del0.8,0.33
X-1329,RPS4Y2,140032.0,Del0.8,0.23
X-1329,RPS6KA4,8986.0,MutNovel,"R662Q,0.532"
X-1329,RSPH3,83861.0,MutNovel,"D47G,0.585"
X-1329,RUNX1,861.0,MutNovel,"P61L,0.492"
X-1329,RXRB,6257.0,MutNovel,"R446G,0.584"
X-1329,SATB1,6304.0,MutNovel,"Q639HSR,0.500"
X-1329,SATB1,6304.0,MutNovel,"P462L,0.238"
X-1329,SDR39U1,56948.0,MutKnownFunctional,"-181,0.420"
X-1329,SEC16B,89866.0,MutNovel,"A926T,0.536"
X-1329,SEC24B,10427.0,MutNovel,"T845I,0.262"
X-1329,SEC24D,9871.0,MutNovel,"D734N,0.472"
X-1329,SEMA4C,54910.0,MutNovel,"P766T,0.479"
X-1329,SENP1,29843.0,MutKnownFunctional,"-409,0.667"
X-1329,SEPHS1,22929.0,MutNovel,"G315R,0.455"
X-1329,2014-09-09 00:00:00,10801.0,MutNovel,"R399C,0.501"
X-1329,SERINC2,347735.0,MutNovel,"-373Q,0.695"
X-1329,SERPINI1,5274.0,MutNovel,"L322V,0.538"
X-1329,SGK196,84197.0,MutNovel,"R200W,0.667"
X-1329,SHANK3,85358.0,MutNovel,"R786H,0.609"
X-1329,SHANK3,85358.0,MutKnownFunctional,"-1296,0.463"
X-1329,SHMT2,6472.0,MutNovel,"C343R,0.510"
X-1329,SHPRH,257218.0,MutNovel,"T771I,0.636"
X-1329,SKI,6497.0,MutNovel,"K673R,0.431"
X-1329,SLC25A32,81034.0,MutNovel,"I173M,0.533"
X-1329,SLC30A1,7779.0,MutNovel,"M397T,0.506"
X-1329,SLC33A1,9197.0,MutNovel,"S67G,0.221"
X-1329,SLC38A9,153129.0,MutNovel,"N51D,0.628"
X-1329,SMARCC1,6599.0,MutNovel,"G1021C,0.520"
X-1329,SND1,27044.0,MutNovel,"L892M,0.499"
X-1329,SOGA2,,MutNovel,"S1561N,0.268"
X-1329,SOLH,6650.0,MutNovel,"C418W,0.295"
X-1329,SOLH,6650.0,MutKnownFunctional,"-813,0.261"
X-1329,SP140L,93349.0,MutNovel,"T196I,0.478"
X-1329,SP6,80320.0,MutNovel,"P110L,0.629"
X-1329,SPINT2,10653.0,MutNovel,"D29N,0.503"
X-1329,SPIRE1,56907.0,MutNovel,"K499E,0.427"
X-1329,SPOPL,339745.0,MutNovel,"D78G,0.493"
X-1329,SPPL2B,56928.0,MutNovel,"C351W,0.547"
X-1329,SREK1,140890.0,MutKnownFunctional,"-202?,0.294"
X-1329,SRY,6736.0,Del0.8,0.33
X-1329,SSPO,23145.0,MutNovel,"V3341M,0.857"
X-1329,ST7L,54879.0,MutNovel,"Q189R,0.394"
X-1329,STIL,6491.0,MutNovel,"E249G,0.222"
X-1329,STIP1,10963.0,MutNovel,"R87H,0.484"
X-1329,STK11,6794.0,MutNovel,"K78E,0.225"
X-1329,SUGP2,10147.0,MutKnownFunctional,"-255,0.391"
X-1329,SUN1,23353.0,MutNovel,"A504V,0.517"
X-1329,SYNCRIP,10492.0,MutNovel,"V535I,0.496"
X-1329,SYNE1,23345.0,MutNovel,"R6227Q,0.778"
X-1329,SYNJ2,8871.0,MutNovel,"A1374T,0.707"
X-1329,SZT2,23334.0,MutNovel,"G1033S,0.448"
X-1329,TACC1,6867.0,MutNovel,"D439G,0.500"
X-1329,TAOK2,9344.0,MutNovel,"V409A,0.467"
X-1329,TBC1D23,55773.0,MutKnownFunctional,"-647,0.412"
X-1329,TBCB,1155.0,MutNovel,"V161M,0.515"
X-1329,TBL1Y,90665.0,Del0.8,0.23
X-1329,TCERG1,10915.0,MutKnownFunctional,"-955,0.340"
X-1329,TCIRG1,10312.0,MutKnownFunctional,"-159?,0.389"
X-1329,TCOF1,6949.0,MutNovel,"EK1441E,0.300"
X-1329,TEAD3,7005.0,MutNovel,"K279R,0.492"
X-1329,TGFBR2,7048.0,MutKnownFunctional,"-150,0.660"
X-1329,TGFBRAP1,9392.0,MutNovel,"M2T,0.421"
X-1329,TGIF2LY,90655.0,Del0.8,0.33
X-1329,THAP11,57215.0,MutNovel,"-125Q,0.250"
X-1329,TIGD6,81789.0,MutNovel,"T46A,0.476"
X-1329,TJP1,7082.0,MutNovel,"R1364Q,0.478"
X-1329,TLE1,7088.0,MutNovel,"G382D,0.412"
X-1329,TMED8,283578.0,MutNovel,"P10Q,0.571"
X-1329,TMEM168,64418.0,MutNovel,"T574P,0.385"
X-1329,TMEM184A,202915.0,MutNovel,"G392GA,0.815"
X-1329,TMEM223,79064.0,MutNovel,"Q55H,0.570"
X-1329,TMEM44,93109.0,MutNovel,"R220Q,0.586"
X-1329,TMEM64,169200.0,MutNovel,"L149R,0.469"
X-1329,TMEM79,84283.0,MutKnownFunctional,"-187,0.633"
X-1329,TMEM9B,56674.0,MutNovel,"R161C,0.564"
X-1329,TMPRSS13,84000.0,MutNovel,"Q58G,1.000"
X-1329,TMSB4Y,9087.0,Del0.8,0.23
X-1329,TNIK,23043.0,MutKnownFunctional,"-1336,0.357"
X-1329,TNIP2,79155.0,MutNovel,"R127W,0.552"
X-1329,TNRC18,84629.0,MutNovel,"R427H,0.796"
X-1329,TOP3B,8940.0,MutNovel,"A816V,0.283"
X-1329,TRIM2,23321.0,MutNovel,"R321W,0.396"
X-1329,TRIP12,9320.0,MutNovel,"D1737N,0.531"
X-1329,TRPC4AP,26133.0,MutKnownFunctional,"Q679*,0.224"
X-1329,TRRAP,8295.0,MutNovel,"W1671C,0.243"
X-1329,TSNARE1,203062.0,MutNovel,"A68T,0.583"
X-1329,TSPAN4,7106.0,MutNovel,"A115T,0.500"
X-1329,TSPY1,7258.0,Del0.8,0.23
X-1329,TSPY2,64591.0,Del0.8,0.23
X-1329,TSPY3,728137.0,Del0.8,0.23
X-1329,TSPY4,728395.0,Del0.8,0.23
X-1329,TSPY8,728403.0,Del0.8,0.23
X-1329,TSPYL1,7259.0,MutNovel,"V176VW,0.478"
X-1329,TSPYL2,64061.0,MutKnownFunctional,"-124,0.882"
X-1329,TSR1,55720.0,MutNovel,"VG269G,0.437"
X-1329,TTC3,7267.0,MutKnownFunctional,"-776,0.348"
X-1329,TTC3,7267.0,MutNovel,"G1065D,0.225"
X-1329,TTI2,80185.0,MutNovel,"I388V,0.492"
X-1329,TTK,7272.0,MutKnownFunctional,"-851,0.411"
X-1329,TTTY10,246119.0,Del0.8,0.23
X-1329,TTTY11,83866.0,Del0.8,0.23
X-1329,TTTY12,83867.0,Del0.8,0.23
X-1329,TTTY13,83868.0,Del0.8,0.23
X-1329,TTTY14,83869.0,Del0.8,0.23
X-1329,TTTY15,64595.0,Del0.8,0.23
X-1329,TTTY16,252948.0,Del0.8,0.23
X-1329,TTTY17A,252949.0,Del0.8,0.23
X-1329,TTTY17A,252949.0,Del0.8,0.23
X-1329,TTTY18,252950.0,Del0.8,0.23
X-1329,TTTY19,252952.0,Del0.8,0.23
X-1329,TTTY1B,100101116.0,Del0.8,0.23
X-1329,TTTY1B,100101116.0,Del0.8,0.23
X-1329,TTTY2,60439.0,Del0.8,0.23
X-1329,TTTY2,60439.0,Del0.8,0.23
X-1329,TTTY20,252951.0,Del0.8,0.23
X-1329,TTTY21,252953.0,Del0.8,0.23
X-1329,TTTY21,252953.0,Del0.8,0.23
X-1329,TTTY22,252954.0,Del0.8,0.23
X-1329,TTTY23,252955.0,Del0.8,0.23
X-1329,TTTY23,252955.0,Del0.8,0.23
X-1329,TTTY3,114760.0,Del0.8,0.23
X-1329,TTTY3,114760.0,Del0.8,0.23
X-1329,TTTY4,114761.0,Del0.8,0.23
X-1329,TTTY4,114761.0,Del0.8,0.23
X-1329,TTTY5,83863.0,Del0.8,0.23
X-1329,TTTY6,84672.0,Del0.8,0.23
X-1329,TTTY6,84672.0,Del0.8,0.23
X-1329,TTTY7,246122.0,Del0.8,0.23
X-1329,TTTY7,246122.0,Del0.8,0.23
X-1329,TTTY7B,100101120.0,Del0.8,0.23
X-1329,TTTY7B,100101120.0,Del0.8,0.23
X-1329,TTTY8,84673.0,Del0.8,0.23
X-1329,TTTY8,84673.0,Del0.8,0.23
X-1329,TTTY9A,83864.0,Del0.8,0.23
X-1329,TTTY9A,83864.0,Del0.8,0.23
X-1329,TUBA8,51807.0,MutNovel,"L269P,0.500"
X-1329,TUBB,203068.0,MutNovel,"R162C,0.518"
X-1329,TUBD1,51174.0,MutKnownFunctional,"-137,0.455"
X-1329,TXLNG2P,246126.0,Del0.8,0.23
X-1329,UACA,55075.0,MutNovel,"A1000T,0.449"
X-1329,UBE2O,63893.0,MutNovel,"D1179E,0.475"
X-1329,UBE2O,63893.0,MutNovel,"D256G,0.443"
X-1329,UBE2Z,65264.0,MutNovel,"A63D,0.443"
X-1329,UBE3B,89910.0,MutNovel,"T174M,0.583"
X-1329,UBQLN2,29978.0,MutKnownFunctional,"-523,0.906"
X-1329,UBR3,130507.0,MutNovel,"R1151H,0.604"
X-1329,UBXN2B,137886.0,MutKnownFunctional,"G73*,0.229"
X-1329,UGGT2,55757.0,MutNovel,"A393T,0.450"
X-1329,UPF3A,65110.0,MutKnownFunctional,"-264,0.700"
X-1329,USP36,57602.0,MutNovel,"KKK958K,0.343"
X-1329,USP7,7874.0,MutNovel,"E604G,0.502"
X-1329,USP9Y,8287.0,Del0.8,0.23
X-1329,UTY,7404.0,Del0.8,0.23
X-1329,VCL,7414.0,MutKnownFunctional,"-941,0.522"
X-1329,VCY,9084.0,Del0.8,0.23
X-1329,VCY,9084.0,Del0.8,0.23
X-1329,VPS13C,54832.0,MutNovel,"V1385I,0.364"
X-1329,VPS37B,79720.0,MutKnownFunctional,"-210,0.511"
X-1329,WASH1,100287171.0,MutNovel,"E132L,0.250"
X-1329,WDR52,55779.0,MutNovel,"K1195T,0.357"
X-1329,WDR55,54853.0,MutKnownFunctional,"-339,0.372"
X-1329,WDR89,112840.0,MutNovel,"V187A,0.353"
X-1329,WDR91,29062.0,MutNovel,"A123D,0.611"
X-1329,WWC2,80014.0,MutNovel,"R1040C,1.000"
X-1329,XKRY2,353515.0,Del0.8,0.23
X-1329,XKRY2,353515.0,Del0.8,0.23
X-1329,XXYLT1,152002.0,MutNovel,"F141V,0.615"
X-1329,YBX2,51087.0,MutNovel,"R290H,0.218"
X-1329,ZBTB12,221527.0,MutNovel,"S270L,0.588"
X-1329,ZBTB6,10773.0,MutNovel,"I290N,0.417"
X-1329,ZBTB6,10773.0,MutNovel,"I217N,0.550"
X-1329,ZC3H13,23091.0,MutNovel,"R1319G,0.483"
X-1329,ZCCHC14,23174.0,MutNovel,"G544E,0.568"
X-1329,ZDHHC11,79844.0,MutNovel,"A303D,1.000"
X-1329,ZFY,7544.0,Del0.8,0.33
X-1329,ZFYVE20,64145.0,MutNovel,"G39E,0.571"
X-1329,ZHX3,23051.0,MutNovel,"E573G,0.548"
X-1329,ZMPSTE24,10269.0,MutKnownFunctional,"-359,0.250"
X-1329,ZNF175,7728.0,MutKnownFunctional,"-285?,0.263"
X-1329,ZNF184,7738.0,MutNovel,"L517I,0.442"
X-1329,ZNF219,51222.0,MutNovel,"QPP233P,0.390"
X-1329,ZNF281,23528.0,MutNovel,"G34S,0.600"
X-1329,ZNF317,57693.0,MutKnownFunctional,"-228,0.407"
X-1329,ZNF358,140467.0,MutKnownFunctional,"-130,0.357"
X-1329,ZNF438,220929.0,MutNovel,"D467G,0.389"
X-1329,ZNF498,221785.0,MutNovel,"P335L,0.583"
X-1329,ZNF574,64763.0,MutKnownFunctional,"-890,0.448"
X-1329,ZNF605,100289635.0,MutNovel,"R32I,0.571"
X-1329,ZNF628,89887.0,MutNovel,"G572S,0.415"
X-1329,ZNF646,9726.0,MutKnownFunctional,"-1285?,0.452"
X-1329,ZNF672,79894.0,MutNovel,"E342K,0.540"
X-1329,ZNF700,90592.0,MutNovel,"G504R,0.654"
X-1329,ZNF772,400720.0,MutNovel,"A4GP,0.714"
X-1329,ZNF862,643641.0,MutNovel,"R686Q,0.318"
X-1329,ZNRF3,84133.0,MutKnownFunctional,"-483?,0.452"
X-1329,ZSWIM6,57688.0,MutNovel,"R1213M,0.556"
X-1329,ZZEF1,23140.0,MutNovel,"D1853G,0.481"
X-1441,61E3.4,,MutNovel,"T178S,0.800"
X-1441,AARS,16.0,MutNovel,"K967M,0.876"
X-1441,AATK,9625.0,MutNovel,"F1266S,1.000"
X-1441,AATK,9625.0,MutNovel,"G703C,1.000"
X-1441,ABAT,18.0,MutNovel,"Q56R,1.000"
X-1441,ABCA5,23461.0,MutNovel,"M960V,1.000"
X-1441,ABCA5,23461.0,MutNovel,"A832S,1.000"
X-1441,ABCA5,23461.0,MutNovel,"N190S,1.000"
X-1441,ABCA7,10347.0,MutNovel,"E188G,1.000"
X-1441,ABCA7,10347.0,MutNovel,"G215S,0.316"
X-1441,ABCA7,10347.0,MutNovel,"G1527A,1.000"
X-1441,ABCA7,10347.0,MutNovel,"A2045S,0.986"
X-1441,ABCC2,1244.0,MutNovel,"Y39F,1.000"
X-1441,ABCC2,1244.0,MutNovel,"V417I,1.000"
X-1441,ABCC6,368.0,MutNovel,"M848V,1.000"
X-1441,ABCD1,215.0,MutNovel,"R236H,1.000"
X-1441,ABCD4,5826.0,MutNovel,"E368K,1.000"
X-1441,ABCD4,5826.0,MutNovel,"A304T,0.994"
X-1441,ABCG1,9619.0,MutNovel,"G358R,1.000"
X-1441,ABHD12,26090.0,MutNovel,"A349T,0.500"
X-1441,ABHD15,116236.0,MutNovel,"T334A,0.474"
X-1441,ABHD16B,140701.0,MutNovel,"P164L,0.649"
X-1441,ABHD8,79575.0,MutNovel,"G70R,0.368"
X-1441,ACACB,32.0,MutNovel,"V2141I,1.000"
X-1441,ACADS,35.0,MutNovel,"R107C,0.315"
X-1441,ACADS,35.0,MutNovel,"G209S,0.696"
X-1441,ACAP1,9744.0,MutNovel,"A707T,1.000"
X-1441,ACCS,84680.0,MutNovel,"D59N,0.585"
X-1441,ACCS,84680.0,MutNovel,"P421L,0.455"
X-1441,ACD,65057.0,MutNovel,"V518A,1.000"
X-1441,ACER3,55331.0,MutNovel,"V52I,1.000"
X-1441,ACIN1,22985.0,MutNovel,"A447P,0.993"
X-1441,ACOT2,10965.0,MutNovel,"E91G,0.581"
X-1441,ACOT4,122970.0,MutNovel,"G180A,0.594"
X-1441,ACOX1,51.0,MutNovel,"I312M,1.000"
X-1441,ACP2,53.0,MutNovel,"R29Q,1.000"
X-1441,ACSF3,197322.0,MutNovel,"L2P,1.000"
X-1441,ACSF3,197322.0,MutNovel,"V372M,1.000"
X-1441,ACSS1,84532.0,MutNovel,"V488M,0.692"
X-1441,ACSS2,55902.0,MutNovel,"Y383Q,0.413"
X-1441,ACTR10,55860.0,MutNovel,"P203L,0.349"
X-1441,ACTR5,79913.0,MutNovel,"I483V,1.000"
X-1441,ACY3,91703.0,MutNovel,"R8Q,1.000"
X-1441,ADAM6,8755.0,Amp5,5.7
X-1441,ADAM8,101.0,MutNovel,"F657L,1.000"
X-1441,ADAM8,101.0,MutNovel,"L46F,1.000"
X-1441,ADAM8,101.0,MutNovel,"W35R,1.000"
X-1441,ADAMTS10,81794.0,MutNovel,"T134S,1.000"
X-1441,ADAMTS17,170691.0,MutNovel,"N1094S,1.000"
X-1441,ADAMTS7,11173.0,MutNovel,"VF1058ML,1.000"
X-1441,ADCY9,115.0,MutNovel,"K564Q,1.000"
X-1441,ADCYAP1,116.0,Del0.8,0.54
X-1441,ADO,84890.0,MutNovel,"G25W,1.000"
X-1441,ADO,84890.0,MutNovel,"P39A,1.000"
X-1441,ADPGK,83440.0,MutNovel,"S437L,0.444"
X-1441,ADRM1,11047.0,MutNovel,"T240N,0.372"
X-1441,ADRM1,11047.0,MutNovel,"-393DTK,0.274"
X-1441,AEN,64782.0,MutNovel,"N140D,1.000"
X-1441,AFAP1L2,84632.0,MutNovel,"R648H,0.322"
X-1441,AFAP1L2,84632.0,MutNovel,"T522S,0.568"
X-1441,AGAP11,119385.0,MutNovel,"I82V,1.000"
X-1441,AGAP6,414189.0,MutNovel,"R70Q,0.412"
X-1441,AGAP9,642517.0,MutNovel,"P220L,0.357"
X-1441,AGBL2,79841.0,MutNovel,"M671I,1.000"
X-1441,AHNAK,79026.0,MutNovel,"Q3003K,1.000"
X-1441,AHNAK2,113146.0,MutNovel,"G5139E,1.000"
X-1441,AHNAK2,113146.0,MutNovel,"T4664A,0.991"
X-1441,AHNAK2,113146.0,MutNovel,"M4536L,1.000"
X-1441,AHNAK2,113146.0,MutNovel,"L4326P,0.952"
X-1441,AHNAK2,113146.0,MutNovel,"L4321V,1.000"
X-1441,AHNAK2,113146.0,MutNovel,"V4278A,0.973"
X-1441,AHNAK2,113146.0,MutNovel,"M3961V,1.000"
X-1441,AHNAK2,113146.0,MutNovel,"M3869V,1.000"
X-1441,AHNAK2,113146.0,MutNovel,"D3793N,1.000"
X-1441,AHNAK2,113146.0,MutNovel,"G3654E,1.000"
X-1441,AHNAK2,113146.0,MutNovel,"V3363A,1.000"
X-1441,AHNAK2,113146.0,MutNovel,"P3336L,0.964"
X-1441,AHNAK2,113146.0,MutNovel,"MD3260TD,1.000"
X-1441,AHNAK2,113146.0,MutNovel,"R3241H,1.000"
X-1441,AHNAK2,113146.0,MutNovel,"V3083I,1.000"
X-1441,AHNAK2,113146.0,MutNovel,"R2862S,1.000"
X-1441,AHNAK2,113146.0,MutNovel,"G2517V,1.000"
X-1441,AHNAK2,113146.0,MutNovel,"E2503A,1.000"
X-1441,AHNAK2,113146.0,MutNovel,"P2387S,1.000"
X-1441,AHNAK2,113146.0,MutNovel,"L2333P,1.000"
X-1441,AHNAK2,113146.0,MutNovel,"PA2014SP,1.000"
X-1441,AHNAK2,113146.0,MutNovel,"E1856D,1.000"
X-1441,AHNAK2,113146.0,MutNovel,"V1610A,1.000"
X-1441,AHNAK2,113146.0,MutNovel,"P1562L,1.000"
X-1441,AHNAK2,113146.0,MutNovel,"AS1175VS,1.000"
X-1441,AHNAK2,113146.0,MutNovel,"E1148D,1.000"
X-1441,AHNAK2,113146.0,MutNovel,"V1133I,1.000"
X-1441,AHNAK2,113146.0,MutNovel,"L1032V,0.368"
X-1441,AIFM2,84883.0,MutNovel,"M135T,0.492"
X-1441,AIP,9049.0,MutNovel,"Q228K,1.000"
X-1441,AIP,9049.0,MutNovel,"Q307R,1.000"
X-1441,AK7,122481.0,MutNovel,"R102Q,0.688"
X-1441,AK7,122481.0,MutNovel,"N389K,0.611"
X-1441,AKAP10,11216.0,MutNovel,"I646V,1.000"
X-1441,AKAP10,11216.0,MutNovel,"R249H,1.000"
X-1441,AKAP11,11215.0,MutNovel,"D1297H,0.266"
X-1441,AKAP13,11214.0,MutNovel,"M452T,0.625"
X-1441,AKAP13,11214.0,MutNovel,"W494R,0.500"
X-1441,AKAP13,11214.0,MutNovel,"R574C,0.444"
X-1441,AKAP13,11214.0,MutNovel,"E689K,0.500"
X-1441,AKAP13,11214.0,MutNovel,"V845A,0.600"
X-1441,AKAP13,11214.0,MutNovel,"V897M,0.600"
X-1441,AKAP13,11214.0,MutNovel,"P1062A,0.846"
X-1441,AKAP13,11214.0,MutNovel,"D1086N,0.857"
X-1441,AKAP13,11214.0,MutNovel,"M1216T,0.300"
X-1441,AKAP5,9495.0,MutNovel,"T203I,1.000"
X-1441,AKAP8,10270.0,MutNovel,"A660T,0.707"
X-1441,AKAP8L,26993.0,MutNovel,"H458Q,1.000"
X-1441,AKIP1,56672.0,MutNovel,"R23K,1.000"
X-1441,AKR1B15,441282.0,MutNovel,"V107L,1.000"
X-1441,ALDH16A1,126133.0,MutNovel,"L227V,1.000"
X-1441,ALDH3A1,218.0,MutNovel,"P329A,1.000"
X-1441,ALDH3A1,218.0,MutNovel,"S134A,1.000"
X-1441,ALDH3B1,221.0,MutKnownFunctional,"-77?,1.000"
X-1441,ALDH3B1,221.0,MutKnownFunctional,"-301?,1.000"
X-1441,ALDH3B1,221.0,MutNovel,"G433R,0.320"
X-1441,ALDH3B1,221.0,MutNovel,"E451K,0.264"
X-1441,ALDH3B2,222.0,MutNovel,"S220G,1.000"
X-1441,ALDH3B2,222.0,MutNovel,"H203R,1.000"
X-1441,ALG10B,144245.0,MutNovel,"A84G,1.000"
X-1441,ALG9,79796.0,MutNovel,"C289Y,0.642"
X-1441,ALKBH1,8846.0,MutNovel,"M324L,1.000"
X-1441,ALOX12,239.0,MutNovel,"N322S,1.000"
X-1441,ALPK3,57538.0,MutNovel,"T414S,0.750"
X-1441,ALPK3,57538.0,MutNovel,"G579E,0.400"
X-1441,ALPK3,57538.0,MutNovel,"P1299L,0.700"
X-1441,AMELY,266.0,Del0.8,0.29
X-1441,AMZ2,51321.0,MutNovel,"N30D,1.000"
X-1441,ANKLE1,126549.0,MutNovel,"A71V,1.000"
X-1441,ANKLE1,126549.0,MutNovel,"Q435R,1.000"
X-1441,ANKLE2,23141.0,MutNovel,"R720H,0.716"
X-1441,ANKLE2,23141.0,MutNovel,"H122Y,0.627"
X-1441,ANKRD11,29123.0,MutNovel,"A971V,0.820"
X-1441,ANKRD12,23253.0,Del0.8,0.57
X-1441,ANKRD24,170961.0,MutNovel,"S684A,1.000"
X-1441,ANKRD27,84079.0,MutNovel,"P761R,0.569"
X-1441,ANKRD27,84079.0,MutNovel,"S657G,0.712"
X-1441,ANKRD28,23243.0,MutNovel,"G867A,0.607"
X-1441,ANKRD33,341405.0,MutNovel,"Y140F,1.000"
X-1441,ANKRD33,341405.0,MutNovel,"Q257R,1.000"
X-1441,ANKRD33,341405.0,MutNovel,"V261I,1.000"
X-1441,ANKRD36,375248.0,MutNovel,"T998S,0.250"
X-1441,ANKRD36C,,MutNovel,"F1746V,0.333"
X-1441,ANKRD46,157567.0,MutNovel,"S177Y,0.450"
X-1441,ANO1,55107.0,MutNovel,"E48K,0.793"
X-1441,ANO1,55107.0,MutNovel,"G983R,0.360"
X-1441,ANO9,338440.0,MutNovel,"T604A,0.668"
X-1441,ANO9,338440.0,MutNovel,"C399R,1.000"
X-1441,ANO9,338440.0,MutNovel,"I391V,1.000"
X-1441,ANO9,338440.0,MutNovel,"F93L,1.000"
X-1441,ANPEP,290.0,MutNovel,"S752N,0.457"
X-1441,ANPEP,290.0,MutNovel,"R86Q,0.429"
X-1441,AOAH,313.0,MutKnownFunctional,"-639?,1.000"
X-1441,AP1B1,162.0,MutNovel,"T777A,1.000"
X-1441,AP1G1,164.0,MutNovel,"P688H,0.869"
X-1441,AP1G2,8906.0,MutKnownFunctional,"-592W?,0.505"
X-1441,AP5B1,,MutNovel,"M58T,0.732"
X-1441,APAF1,317.0,MutNovel,"N782T,0.646"
X-1441,APBA3,9546.0,MutNovel,"C376R,0.755"
X-1441,APC,324.0,MutKnownFunctional,"Q1095*,1.000"
X-1441,APEX1,328.0,MutNovel,"D148E,0.350"
X-1441,APIP,51074.0,MutNovel,"D20N,0.401"
X-1441,APOA4,337.0,MutNovel,"T367S,0.812"
X-1441,APOA4,337.0,MutNovel,"S147N,0.900"
X-1441,APOBEC1,339.0,MutNovel,"M80I,1.000"
X-1441,APOBEC3B,9582.0,MutNovel,"K62E,0.440"
X-1441,APOBEC3B,9582.0,MutNovel,"T146K,1.000"
X-1441,APOBEC3F,200316.0,MutNovel,"A78V,0.381"
X-1441,APOBEC3F,200316.0,MutNovel,"V231I,1.000"
X-1441,APOBR,55911.0,MutNovel,"V785A,0.974"
X-1441,APOE,348.0,MutNovel,"R176C,0.643"
X-1441,APOL1,8542.0,MutNovel,"E166K,1.000"
X-1441,APOL1,8542.0,MutNovel,"M244I,1.000"
X-1441,APOL1,8542.0,MutNovel,"R271K,1.000"
X-1441,APOL2,23780.0,MutNovel,"I245V,1.000"
X-1441,APOL3,80833.0,MutNovel,"S39R,1.000"
X-1441,APPL2,55198.0,MutNovel,"A439V,0.636"
X-1441,APPL2,55198.0,MutNovel,"V436D,0.640"
X-1441,ARFGAP3,26286.0,MutNovel,"S355R,0.736"
X-1441,ARHGEF18,23370.0,MutNovel,"Q701R,1.000"
X-1441,ARHGEF18,23370.0,MutNovel,"N1019S,1.000"
X-1441,ARHGEF40,55701.0,MutNovel,"V956L,1.000"
X-1441,ARHGEF40,55701.0,MutNovel,"L1189S,1.000"
X-1441,ARID3A,1820.0,MutNovel,"G556S,0.991"
X-1441,ARL13A,392509.0,MutNovel,"M279I,1.000"
X-1441,ARL2,402.0,MutNovel,"V141A,1.000"
X-1441,ARMC2,84071.0,MutNovel,"K606R,1.000"
X-1441,ARMC5,79798.0,MutNovel,"A705V,1.000"
X-1441,ARMCX4,100131755.0,MutNovel,"R84G,1.000"
X-1441,ARMCX4,100131755.0,MutNovel,"L750P,1.000"
X-1441,ARMCX4,100131755.0,MutNovel,"D1501G,1.000"
X-1441,ARMCX4,100131755.0,MutNovel,"I1851V,1.000"
X-1441,ARRDC2,27106.0,MutNovel,"L396P,0.700"
X-1441,ARRDC4,91947.0,MutNovel,"S358P,1.000"
X-1441,ARSA,410.0,MutNovel,"T393S,0.587"
X-1441,ARSE,415.0,MutNovel,"G424S,0.991"
X-1441,ARSG,22901.0,MutNovel,"W274R,1.000"
X-1441,ARVCF,421.0,MutNovel,"R906Q,0.275"
X-1441,ASMTL,8623.0,MutNovel,"V458M,1.000"
X-1441,ASPDH,554235.0,MutNovel,"Q266R,0.667"
X-1441,ASXL1,171023.0,MutNovel,"L815P,1.000"
X-1441,ATF4,468.0,MutNovel,"Q22P,0.332"
X-1441,ATF5,22809.0,MutNovel,"P121L,1.000"
X-1441,ATF7IP,55729.0,MutNovel,"N348I,0.591"
X-1441,ATF7IP,55729.0,MutNovel,"K530R,0.363"
X-1441,ATG2A,23130.0,MutNovel,"P656R,1.000"
X-1441,ATG2A,23130.0,MutNovel,"A404V,1.000"
X-1441,ATG2A,23130.0,MutNovel,"R394C,1.000"
X-1441,ATG2B,55102.0,MutNovel,"I1567T,1.000"
X-1441,ATG2B,55102.0,MutNovel,"N1124D,1.000"
X-1441,ATM,472.0,MutNovel,"N1983S,1.000"
X-1441,ATMIN,23300.0,MutNovel,"K305E,0.853"
X-1441,ATMIN,23300.0,MutNovel,"T660A,0.867"
X-1441,ATP11C,286410.0,MutNovel,"C114W,1.000"
X-1441,ATP2C2,9914.0,MutNovel,"M165L,1.000"
X-1441,ATP5SL,55101.0,MutNovel,"C165S,0.758"
X-1441,ATP6V0A2,23545.0,MutNovel,"N433S,0.287"
X-1441,ATP8B1,5205.0,MutNovel,"A1152T,1.000"
X-1441,ATP8B3,148229.0,MutNovel,"N1262H,1.000"
X-1441,ATP9A,10079.0,MutKnownFunctional,"W976*,0.250"
X-1441,ATP9B,374868.0,MutNovel,"S39G,1.000"
X-1441,ATR,545.0,MutNovel,"K2413R,0.236"
X-1441,ATXN1L,342371.0,MutNovel,"S594G,0.208"
X-1441,ATXN2,6311.0,MutNovel,"L107V,1.000"
X-1441,ATXN3,4287.0,MutNovel,"G306R,1.000"
X-1441,ATXN3,4287.0,MutNovel,"V212M,1.000"
X-1441,AURKA,6790.0,MutNovel,"I57V,1.000"
X-1441,AURKB,9212.0,MutNovel,"M298T,1.000"
X-1441,AVEN,57099.0,MutNovel,"GGGGG41G,1.000"
X-1441,AZI1,22994.0,MutNovel,"V473A,1.000"
X-1441,AZI1,22994.0,MutNovel,"T397A,0.966"
X-1441,AZI1,22994.0,MutNovel,"T272A,1.000"
X-1441,B3GALTL,145173.0,MutNovel,"GE369SK,0.450"
X-1441,B3GALTL,145173.0,MutNovel,"E370K,1.000"
X-1441,B3GNT3,10331.0,MutNovel,"R328H,1.000"
X-1441,B3GNT8,374907.0,MutNovel,"S137G,0.264"
X-1441,B3GNTL1,146712.0,MutNovel,"A341T,1.000"
X-1441,B4GALNT3,283358.0,MutNovel,"R265Q,0.328"
X-1441,B4GALNT3,283358.0,MutNovel,"K411R,0.359"
X-1441,B9D2,80776.0,MutNovel,"I11M,0.341"
X-1441,BABAM1,29086.0,MutNovel,"R219H,0.406"
X-1441,BACE1,23621.0,MutNovel,"C481R,1.000"
X-1441,BAG3,9531.0,MutNovel,"C151R,0.578"
X-1441,BAHCC1,57597.0,MutNovel,"T255A,1.000"
X-1441,BAHD1,22893.0,MutNovel,"Q298K,0.576"
X-1441,BAIAP2L2,80115.0,MutNovel,"R452H,0.343"
X-1441,BAIAP3,8938.0,MutNovel,"D582A,1.000"
X-1441,BANP,54971.0,MutNovel,"P348S,0.897"
X-1441,BARHL1,56751.0,Del0.8,0.75
X-1441,BAZ1A,11177.0,MutNovel,"T921A,0.292"
X-1441,BBS2,583.0,MutNovel,"S70N,1.000"
X-1441,BCAM,4059.0,MutNovel,"R77H,0.762"
X-1441,BCAM,4059.0,MutNovel,"V196I,0.736"
X-1441,BCAR1,9564.0,MutNovel,"P122S,0.992"
X-1441,BCAS1,8537.0,MutNovel,"Q24K,0.432"
X-1441,BCAS3,54828.0,MutNovel,"N87S,1.000"
X-1441,BCL2L13,23786.0,MutNovel,"I46R,0.691"
X-1441,BCL2L2,599.0,MutNovel,"Q133R,1.000"
X-1441,BCO2,83875.0,MutNovel,"I548L,1.000"
X-1441,BCORL1,63035.0,MutNovel,"F111L,1.000"
X-1441,BCORP1,286554.0,Del0.8,0.29
X-1441,BCR,613.0,MutNovel,"N796S,0.739"
X-1441,BDNF,627.0,MutNovel,"V148M,0.333"
X-1441,BICC1,80114.0,MutNovel,"T666M,1.000"
X-1441,BID,637.0,MutNovel,"S56G,0.371"
X-1441,BIN2,51411.0,MutNovel,"N529D,0.870"
X-1441,BIRC5,332.0,MutNovel,"E152K,1.000"
X-1441,BMP2,650.0,MutNovel,"R190S,0.818"
X-1441,BMP4,652.0,MutNovel,"V152A,0.710"
X-1441,BMPR1A,657.0,MutNovel,"P2T,0.493"
X-1441,BNIP2,663.0,MutNovel,"D50A,0.552"
X-1441,BPY2B,442867.0,Del0.8,0.29
X-1441,BPY2B,442867.0,Del0.8,0.29
X-1441,BRCA1,672.0,MutNovel,"S1634G,1.000"
X-1441,BRCA1,672.0,MutNovel,"E1038G,1.000"
X-1441,BRCA2,675.0,MutNovel,"V2466A,1.000"
X-1441,BRD4,23476.0,MutNovel,"R1097H,0.414"
X-1441,BRIP1,83990.0,MutNovel,"S919P,1.000"
X-1441,BRWD1,54014.0,MutNovel,"T1816N,1.000"
X-1441,BRWD1,54014.0,MutNovel,"L1699P,1.000"
X-1441,BRWD1,54014.0,MutNovel,"S1511P,1.000"
X-1441,BRWD1,54014.0,MutNovel,"Q83E,1.000"
X-1441,BRWD3,254065.0,MutNovel,"K1288R,1.000"
X-1441,BTBD11,121551.0,MutNovel,"G265A,0.429"
X-1441,BTBD11,121551.0,MutNovel,"A327T,0.600"
X-1441,BUB1B,701.0,MutNovel,"R349Q,0.594"
X-1441,C10orf118,55088.0,MutNovel,"Q271K,0.493"
X-1441,C10orf118,55088.0,MutNovel,"R179Q,0.591"
X-1441,C10orf118,55088.0,MutNovel,"T85I,0.543"
X-1441,C10orf12,26148.0,MutNovel,"E299G,0.500"
X-1441,C10orf54,64115.0,MutNovel,"D187E,1.000"
X-1441,C10orf54,64115.0,MutNovel,"L7P,0.412"
X-1441,C10orf95,79946.0,MutNovel,"A193G,0.435"
X-1441,C10orf95,79946.0,MutNovel,"A85S,0.378"
X-1441,C11orf24,53838.0,MutNovel,"A150T,1.000"
X-1441,C11orf35,256329.0,MutNovel,"A44T,1.000"
X-1441,C11orf42,160298.0,MutNovel,"P242S,1.000"
X-1441,C11orf52,,MutNovel,"T23R,0.700"
X-1441,C11orf68,83638.0,MutNovel,"Q196R,0.996"
X-1441,C11orf82,220042.0,MutNovel,"V842I,0.352"
X-1441,C12orf10,60314.0,MutNovel,"Q4R,1.000"
X-1441,C12orf10,60314.0,MutNovel,"T349I,0.995"
X-1441,C12orf10,60314.0,MutNovel,"H353R,1.000"
X-1441,C12orf26,84190.0,MutNovel,"Q249K,1.000"
X-1441,C12orf29,91298.0,MutNovel,"V238L,1.000"
X-1441,C12orf35,55196.0,MutNovel,"L250P,1.000"
X-1441,C12orf35,55196.0,MutNovel,"S346N,1.000"
X-1441,C12orf35,55196.0,MutNovel,"S518P,1.000"
X-1441,C12orf4,57102.0,MutNovel,"V30L,0.600"
X-1441,C12orf66,144577.0,MutNovel,"A443S,1.000"
X-1441,C12orf66,144577.0,MutNovel,"M139I,1.000"
X-1441,C14orf101,54916.0,MutNovel,"S565N,1.000"
X-1441,C14orf102,55051.0,MutNovel,"N1118S,0.239"
X-1441,C14orf149,112849.0,MutNovel,"I341V,1.000"
X-1441,C14orf149,112849.0,MutNovel,"L120R,0.375"
X-1441,C14orf169,79697.0,MutNovel,"K17R,0.772"
X-1441,C14orf169,79697.0,MutKnownFunctional,"-87?,1.000"
X-1441,C14orf169,79697.0,MutNovel,"R127C,0.800"
X-1441,C14orf169,79697.0,MutNovel,"F218S,0.531"
X-1441,C14orf169,79697.0,MutNovel,"S364P,0.543"
X-1441,C14orf38,729665.0,MutNovel,"S689N,1.000"
X-1441,C15orf23,90417.0,MutNovel,"N279Y,1.000"
X-1441,C15orf39,56905.0,MutNovel,"G491D,1.000"
X-1441,C15orf39,56905.0,MutNovel,"G945D,1.000"
X-1441,C15orf39,56905.0,MutNovel,"S994R,0.529"
X-1441,C15orf40,123207.0,MutNovel,"C25R,1.000"
X-1441,C15orf40,123207.0,MutNovel,"L11F,0.500"
X-1441,C15orf41,84529.0,MutNovel,"L73V,0.453"
X-1441,C16orf46,123775.0,MutNovel,"K388N,0.789"
X-1441,C16orf46,123775.0,MutNovel,"P388S,0.667"
X-1441,C16orf7,9605.0,MutNovel,"R392W,0.878"
X-1441,C16orf95,100506581.0,MutNovel,"A26S,0.880"
X-1441,C17orf58,284018.0,MutNovel,"E72G,1.000"
X-1441,C17orf70,80233.0,MutNovel,"T817A,1.000"
X-1441,C17orf79,55352.0,MutNovel,"S43G,1.000"
X-1441,C17orf80,55028.0,MutNovel,"F356L,1.000"
X-1441,C17orf80,55028.0,MutNovel,"HC395NR,1.000"
X-1441,C17orf80,55028.0,MutNovel,"Q420H,1.000"
X-1441,C17orf80,55028.0,MutNovel,"A522T,1.000"
X-1441,C17orf96,100170841.0,MutNovel,"P97L,0.235"
X-1441,C17orf96,100170841.0,MutNovel,"P8S,0.231"
X-1441,C17orf99,100141515.0,MutNovel,"WA101RA,1.000"
X-1441,C18orf21,83608.0,MutNovel,"T132A,1.000"
X-1441,C19orf26,255057.0,MutNovel,"H371R,1.000"
X-1441,C19orf33,64073.0,MutNovel,"K100-,0.806"
X-1441,C19orf55,148137.0,MutKnownFunctional,"-397,1.000"
X-1441,C19orf73,55150.0,MutNovel,"S106G,0.805"
X-1441,C1QTNF6,114904.0,MutNovel,"G55D,0.759"
X-1441,C1RL,51279.0,MutNovel,"I285V,1.000"
X-1441,C20orf111,51526.0,MutNovel,"V74G,0.728"
X-1441,C20orf151,140893.0,MutNovel,"E607K,0.310"
X-1441,C20orf151,140893.0,MutNovel,"A408T,0.481"
X-1441,C20orf151,140893.0,MutNovel,"D348N,0.565"
X-1441,C20orf201,198437.0,MutNovel,"G9W,1.000"
X-1441,C20orf43,51507.0,MutNovel,"M171V,0.766"
X-1441,C20orf72,92667.0,MutNovel,"S15C,0.565"
X-1441,C20orf96,140680.0,MutNovel,"I305F,0.626"
X-1441,C21orf2,755.0,MutNovel,"Q236R,1.000"
X-1441,C22orf46,79640.0,MutNovel,"W125R,0.429"
X-1441,C2CD3,26005.0,MutNovel,"R1219Q,1.000"
X-1441,C2CD4B,388125.0,MutNovel,"F276V,1.000"
X-1441,C6orf170,221322.0,MutNovel,"P1103L,0.204"
X-1441,CABIN1,23523.0,MutNovel,"R853Q,0.713"
X-1441,CABLES2,81928.0,MutNovel,"T428K,1.000"
X-1441,CABLES2,81928.0,MutNovel,"V381L,0.348"
X-1441,CADM4,199731.0,MutNovel,"L106P,0.303"
X-1441,CALB2,794.0,MutNovel,"A110T,0.928"
X-1441,CALHM3,119395.0,MutNovel,"D299N,1.000"
X-1441,CAMTA2,23125.0,MutNovel,"A290P,1.000"
X-1441,CAPN12,147968.0,MutNovel,"T334A,0.571"
X-1441,CAPN13,92291.0,MutNovel,"R442C,0.440"
X-1441,CAPRIN2,65981.0,MutNovel,"M519V,0.570"
X-1441,CAPRIN2,65981.0,MutNovel,"K237R,0.640"
X-1441,CAPS2,84698.0,MutNovel,"L125F,1.000"
X-1441,CARD10,29775.0,MutNovel,"R289Q,0.296"
X-1441,CARD14,79092.0,MutNovel,"R547S,1.000"
X-1441,CARD8,22900.0,MutNovel,"F102I,1.000"
X-1441,CASC5,57082.0,MutNovel,"T113A,1.000"
X-1441,CASC5,57082.0,MutNovel,"A486S,1.000"
X-1441,CASC5,57082.0,MutNovel,"M598T,0.560"
X-1441,CASC5,57082.0,MutNovel,"T1473A,0.585"
X-1441,CASKIN2,57513.0,MutNovel,"E891G,1.000"
X-1441,CASP4,837.0,MutNovel,"F374S,0.276"
X-1441,CASP5,838.0,MutNovel,"L347V,0.237"
X-1441,CASP5,838.0,MutNovel,"T119A,0.571"
X-1441,CASP7,840.0,MutNovel,"T19I,1.000"
X-1441,CASP7,840.0,MutKnownFunctional,"-43,1.000"
X-1441,CBLC,23624.0,MutNovel,"H405Y,0.720"
X-1441,CBR3,874.0,MutNovel,"Q51H,1.000"
X-1441,CC2D1A,54862.0,MutNovel,"T801M,0.996"
X-1441,CCDC157,550631.0,MutNovel,"T16A,0.588"
X-1441,CCDC157,550631.0,MutNovel,"D51N,0.429"
X-1441,CCDC157,550631.0,MutNovel,"S587A,1.000"
X-1441,CCDC57,284001.0,MutNovel,"V480M,1.000"
X-1441,CCDC61,729440.0,MutNovel,"Q389R,1.000"
X-1441,CCDC64B,146439.0,MutNovel,"Q273R,1.000"
X-1441,CCDC64B,146439.0,MutNovel,"Q55E,1.000"
X-1441,CCDC65,85478.0,MutNovel,"H133R,1.000"
X-1441,CCDC65,85478.0,MutNovel,"Y408C,1.000"
X-1441,CCDC68,80323.0,MutNovel,"D151G,1.000"
X-1441,CCDC82,79780.0,MutNovel,"S131N,0.702"
X-1441,CCDC88B,283234.0,MutNovel,"D193E,1.000"
X-1441,CCDC88B,283234.0,MutNovel,"W639R,0.969"
X-1441,CCDC88B,283234.0,MutNovel,"D886A,1.000"
X-1441,CCDC88C,440193.0,MutNovel,"L1992P,1.000"
X-1441,CCDC9,26093.0,MutNovel,"E215D,0.667"
X-1441,CCDC9,26093.0,MutNovel,"L478P,0.572"
X-1441,CCDC90B,60492.0,MutNovel,"F10L,1.000"
X-1441,CCDC91,55297.0,MutNovel,"V314M,0.711"
X-1441,CCDC92,80212.0,MutNovel,"S70C,1.000"
X-1441,CCDC97,90324.0,MutNovel,"R151C,0.636"
X-1441,CCL15,6359.0,MutNovel,"I24T,0.996"
X-1441,CD27,939.0,MutNovel,"H233R,1.000"
X-1441,CD276,80381.0,MutNovel,"P97L,0.551"
X-1441,CD276,80381.0,MutNovel,"R111S,0.506"
X-1441,CD276,80381.0,MutNovel,"T160M,0.390"
X-1441,CD276,80381.0,MutNovel,"R267H,0.464"
X-1441,CD276,80381.0,MutNovel,"A279T,0.497"
X-1441,CD44,960.0,MutNovel,"K417R,1.000"
X-1441,CD44,960.0,MutNovel,"I479T,1.000"
X-1441,CD82,3732.0,MutNovel,"I241V,1.000"
X-1441,CD97,976.0,MutNovel,"R367Q,0.343"
X-1441,CDAN1,146059.0,MutNovel,"R891C,0.437"
X-1441,CDAN1,146059.0,MutNovel,"Q596R,0.633"
X-1441,CDAN1,146059.0,MutNovel,"Q107L,0.529"
X-1441,CDC25B,994.0,MutNovel,"P286A,0.370"
X-1441,CDC42BPG,55561.0,MutNovel,"Q1135R,0.750"
X-1441,CDC42BPG,55561.0,MutNovel,"A1048T,0.324"
X-1441,CDC42EP1,11135.0,MutNovel,"PAPAANPS253P,0.244"
X-1441,CDCA4,55038.0,MutNovel,"D93N,0.264"
X-1441,CDH23,64072.0,MutNovel,"G490A,1.000"
X-1441,CDH3,1001.0,MutNovel,"Q563H,0.996"
X-1441,CDH4,1002.0,MutNovel,"K625R,0.562"
X-1441,CDHR5,53841.0,MutNovel,"C702S,1.000"
X-1441,CDHR5,53841.0,MutNovel,"P521S,0.982"
X-1441,CDHR5,53841.0,MutNovel,"R357S,1.000"
X-1441,CDK11A,728642.0,MutNovel,"T550R,0.750"
X-1441,CDK11A,728642.0,MutNovel,"W109R,1.000"
X-1441,CDK11A,728642.0,Del0.8,0.44
X-1441,CDK11B,984.0,Del0.8,0.44
X-1441,CDK5RAP3,80279.0,MutNovel,"E173K,0.996"
X-1441,CDON,50937.0,MutNovel,"T684S,1.000"
X-1441,CDPF1,,MutNovel,"V5A,0.442"
X-1441,CDRT4,284040.0,MutNovel,"H122Q,1.000"
X-1441,CDT1,81620.0,MutNovel,"C234R,1.000"
X-1441,CDX2,1045.0,MutNovel,"P293S,0.984"
X-1441,CDY1B,253175.0,Del0.8,0.29
X-1441,CDY1B,253175.0,Del0.8,0.29
X-1441,CDY2A,9426.0,Del0.8,0.29
X-1441,CDY2A,9426.0,Del0.8,0.29
X-1441,CDY2B,203611.0,Del0.8,0.29
X-1441,CDY2B,203611.0,Del0.8,0.29
X-1441,CEACAM21,90273.0,MutNovel,"T121N,1.000"
X-1441,CEACAM21,90273.0,MutNovel,"M198V,1.000"
X-1441,CEACAM3,1084.0,MutNovel,"G48V,0.583"
X-1441,CEACAM3,1084.0,MutNovel,"Y68H,0.533"
X-1441,CEACAM3,1084.0,MutNovel,"I117T,0.800"
X-1441,CEACAM4,1089.0,MutNovel,"H29N,1.000"
X-1441,CEACAM5,1048.0,MutNovel,"K398E,1.000"
X-1441,CEACAM6,4680.0,MutNovel,"G239V,1.000"
X-1441,CEACAM7,1087.0,MutNovel,"F120I,0.985"
X-1441,CELSR1,9620.0,MutNovel,"C1126R,1.000"
X-1441,CELSR1,9620.0,MutNovel,"S664W,1.000"
X-1441,CENPBD1,92806.0,MutNovel,"T168I,1.000"
X-1441,CENPN,55839.0,MutNovel,"E84D,1.000"
X-1441,CEP128,145508.0,MutNovel,"R16L,1.000"
X-1441,CEP164,22897.0,MutNovel,"Q1119R,0.360"
X-1441,CEP192,55125.0,MutNovel,"G78R,1.000"
X-1441,CEP192,55125.0,MutNovel,"S1552P,1.000"
X-1441,CEP192,55125.0,MutNovel,"L1701F,1.000"
X-1441,CEP192,55125.0,MutNovel,"L2121P,1.000"
X-1441,CEP192,55125.0,MutNovel,"R2449L,1.000"
X-1441,CEP55,55165.0,MutNovel,"H57Q,1.000"
X-1441,CEP55,55165.0,MutNovel,"T99A,1.000"
X-1441,CEP55,55165.0,MutNovel,"H378L,0.509"
X-1441,CEP57,9702.0,MutNovel,"R448G,0.693"
X-1441,CEP85L,387119.0,MutNovel,"QH491H,0.556"
X-1441,CEP89,84902.0,MutNovel,"H779L,0.706"
X-1441,CEP89,84902.0,MutNovel,"R194W,0.250"
X-1441,CERK,64781.0,MutNovel,"L306F,0.676"
X-1441,CERS4,79603.0,MutNovel,"A366T,1.000"
X-1441,CERS5,91012.0,MutNovel,"C75R,1.000"
X-1441,CES1,1066.0,MutNovel,"A270S,0.488"
X-1441,CES1,1066.0,MutNovel,"D204E,0.543"
X-1441,CES1,1066.0,MutNovel,"S76N,0.615"
X-1441,CHAF1A,10036.0,MutNovel,"A923V,1.000"
X-1441,CHAF1A,10036.0,MutNovel,"S950A,1.000"
X-1441,CHAF1B,8208.0,MutNovel,"A63V,0.983"
X-1441,CHD4,1108.0,MutNovel,"E139D,0.978"
X-1441,CHD6,84181.0,MutNovel,"R2389C,0.741"
X-1441,CHEK1,1111.0,MutNovel,"I471V,1.000"
X-1441,CHFR,55743.0,MutNovel,"V580M,0.639"
X-1441,CHMP4A,29082.0,MutNovel,"G196R,1.000"
X-1441,CHORDC1,26973.0,MutNovel,"A329D,0.996"
X-1441,CHSY1,22856.0,MutNovel,"R588T,0.688"
X-1441,CHTF18,63922.0,MutNovel,"K244R,1.000"
X-1441,CHTF18,63922.0,MutNovel,"S469L,1.000"
X-1441,CHTF18,63922.0,MutNovel,"R855Q,0.991"
X-1441,CILP2,148113.0,MutNovel,"R388Q,0.360"
X-1441,CINP,51550.0,MutNovel,"R179H,0.406"
X-1441,CKAP2,26586.0,MutNovel,"I323V,1.000"
X-1441,CLASRP,11129.0,MutNovel,"K174E,1.000"
X-1441,CLDN6,9074.0,MutNovel,"I143V,1.000"
X-1441,CLDN7,1366.0,MutNovel,"V197A,1.000"
X-1441,CLDND2,125875.0,MutNovel,"V124F,0.375"
X-1441,CLEC4A,50856.0,MutNovel,"H36L,0.600"
X-1441,CLIP1,6249.0,MutNovel,"D1080E,0.749"
X-1441,CLYBL,171425.0,MutNovel,"I241V,1.000"
X-1441,CMC2,,MutNovel,"V53I,1.000"
X-1441,COCH,1690.0,MutNovel,"T352S,0.240"
X-1441,COG1,9382.0,MutNovel,"N392S,1.000"
X-1441,COG3,83548.0,MutNovel,"N747S,0.211"
X-1441,COG3,83548.0,MutNovel,"L825S,1.000"
X-1441,COG3,83548.0,MutNovel,"L825S,1.000"
X-1441,COG4,25839.0,MutNovel,"T162I,0.873"
X-1441,COG6,57511.0,MutNovel,"A10T,0.878"
X-1441,COG6,57511.0,MutNovel,"C32S,0.843"
X-1441,COL17A1,1308.0,MutNovel,"D1370G,0.995"
X-1441,COL17A1,1308.0,MutNovel,"M742I,0.486"
X-1441,COL17A1,1308.0,MutNovel,"M703V,1.000"
X-1441,COL17A1,1308.0,MutNovel,"G428S,1.000"
X-1441,COL17A1,1308.0,MutNovel,"T210M,1.000"
X-1441,COL18A1,80781.0,MutNovel,"GPP1122-,1.000"
X-1441,COL1A1,1277.0,MutNovel,"T1075A,1.000"
X-1441,COL5A3,50509.0,MutNovel,"R322G,1.000"
X-1441,COL6A2,1292.0,MutNovel,"S399N,0.750"
X-1441,COMT,1312.0,MutNovel,"V158M,0.333"
X-1441,CORO7,79585.0,MutNovel,"R193Q,1.000"
X-1441,COX11,1353.0,MutNovel,"V223G,1.000"
X-1441,COX15,1355.0,MutNovel,"F374L,1.000"
X-1441,CPNE1,8904.0,MutNovel,"P352R,0.287"
X-1441,CPNE1,8904.0,MutNovel,"Q216R,0.222"
X-1441,CPPED1,55313.0,MutNovel,"K241R,1.000"
X-1441,CPT1B,1375.0,MutNovel,"E531K,1.000"
X-1441,CRELD2,79174.0,MutNovel,"E325Q,0.626"
X-1441,CRIP1,1396.0,MutNovel,"A58V,0.328"
X-1441,CRIPAK,285464.0,MutNovel,"V164A,0.444"
X-1441,CRISPLD2,83716.0,MutNovel,"S105G,0.500"
X-1441,CRISPLD2,83716.0,MutNovel,"M294L,0.706"
X-1441,CRNKL1,51340.0,MutNovel,"T158A,0.466"
X-1441,CRTC1,23373.0,MutNovel,"T344A,0.643"
X-1441,CRTC3,64784.0,MutNovel,"S72N,0.486"
X-1441,CRYBB3,1417.0,MutNovel,"H113D,0.500"
X-1441,CRYBG3,,MutNovel,"K1560R,0.833"
X-1441,CRYBG3,,MutNovel,"T1907A,0.389"
X-1441,CSDA,8531.0,MutNovel,"T75A,0.293"
X-1441,CSNK2A1P,283106.0,MutNovel,"R236H,1.000"
X-1441,CSNK2A1P,283106.0,MutNovel,"R217S,1.000"
X-1441,CSPG4P1Y,114758.0,Del0.8,0.29
X-1441,CSPG4P1Y,114758.0,Del0.8,0.29
X-1441,CSRNP2,81566.0,MutNovel,"T436M,0.422"
X-1441,CSRP2BP,57325.0,MutNovel,"V400G,1.000"
X-1441,CST3,1471.0,MutNovel,"A25T,0.438"
X-1441,CTAGE5,4253.0,MutNovel,"V6A,1.000"
X-1441,CTAGE5,4253.0,MutNovel,"E365Q,1.000"
X-1441,CTAGE5,4253.0,MutNovel,"G743R,0.378"
X-1441,CTC1,80169.0,MutNovel,"I1005V,1.000"
X-1441,CTC1,80169.0,MutNovel,"I820V,1.000"
X-1441,CTDP1,9150.0,MutNovel,"T340M,1.000"
X-1441,CTNS,1497.0,MutNovel,"T260I,1.000"
X-1441,CTSC,1075.0,MutNovel,"I153T,1.000"
X-1441,CTSD,1509.0,MutNovel,"A58V,0.992"
X-1441,CTSH,1512.0,MutNovel,"C26S,0.382"
X-1441,CUL4A,8451.0,MutNovel,"K644R,0.659"
X-1441,CWF19L2,143884.0,MutNovel,"H443Y,0.581"
X-1441,CXCL16,58191.0,MutNovel,"A200V,1.000"
X-1441,CYB5R2,51700.0,MutNovel,"N209D,0.459"
X-1441,CYBA,1535.0,MutNovel,"V174A,1.000"
X-1441,CYBA,1535.0,MutNovel,"Y72H,1.000"
X-1441,CYFIP1,23191.0,MutNovel,"G820S,1.000"
X-1441,CYP2B6,1555.0,MutNovel,"R487C,0.690"
X-1441,CYP2C18,1562.0,MutNovel,"T385M,0.310"
X-1441,CYP2D6,1565.0,MutNovel,"T486S,0.630"
X-1441,CYP2D6,1565.0,MutNovel,"R365H,0.585"
X-1441,CYP2D6,1565.0,MutNovel,"C296R,1.000"
X-1441,CYP4F11,57834.0,MutNovel,"D446N,1.000"
X-1441,CYP4F11,57834.0,MutNovel,"C276R,1.000"
X-1441,CYP4F12,66002.0,MutNovel,"P13L,0.765"
X-1441,CYP4F12,66002.0,MutNovel,"T16M,1.000"
X-1441,CYP4F12,66002.0,MutNovel,"N76D,1.000"
X-1441,CYP4F12,66002.0,MutNovel,"I90V,1.000"
X-1441,CYP4F12,66002.0,MutNovel,"C188R,0.835"
X-1441,CYP4F12,66002.0,MutNovel,"S522G,0.848"
X-1441,CYP4F2,8529.0,MutNovel,"V433M,0.837"
X-1441,CYP4F2,8529.0,MutNovel,"W12G,0.797"
X-1441,CYP4F3,4051.0,MutNovel,"A269D,0.356"
X-1441,DACT1,51339.0,MutNovel,"D446N,0.250"
X-1441,DACT1,51339.0,MutNovel,"A464V,0.500"
X-1441,DAK,26007.0,MutNovel,"A185T,1.000"
X-1441,DAZ1,1617.0,Del0.8,0.29
X-1441,DAZ2,57055.0,Del0.8,0.29
X-1441,DAZ3,57054.0,Del0.8,0.29
X-1441,DAZ3,57054.0,Del0.8,0.29
X-1441,DAZ4,57135.0,Del0.8,0.29
X-1441,DAZ4,57135.0,Del0.8,0.29
X-1441,DAZAP1,26528.0,MutNovel,"P232L,0.265"
X-1441,DBNDD2,55861.0,MutNovel,"M196V,0.608"
X-1441,DCAF4,26094.0,MutNovel,"W22C,0.372"
X-1441,DCAF4,26094.0,MutNovel,"S345C,0.364"
X-1441,DCHS1,8642.0,MutNovel,"T1949M,0.900"
X-1441,DCLRE1A,9937.0,MutNovel,"D317H,1.000"
X-1441,DDX24,57062.0,MutNovel,"M491T,0.332"
X-1441,DDX27,55661.0,MutNovel,"G766S,1.000"
X-1441,DDX28,55794.0,MutNovel,"T4A,1.000"
X-1441,DDX31,64794.0,Del0.8,0.75
X-1441,DDX3Y,8653.0,Del0.8,0.29
X-1441,DDX42,11325.0,MutNovel,"T742A,1.000"
X-1441,DDX51,317781.0,MutNovel,"A322V,0.730"
X-1441,DDX51,317781.0,MutNovel,"Q295R,0.256"
X-1441,DDX52,11056.0,MutNovel,"M403V,1.000"
X-1441,DEFB126,81623.0,MutKnownFunctional,"-53,1.000"
X-1441,DEGS2,123099.0,MutNovel,"A57T,0.686"
X-1441,DEGS2,123099.0,MutNovel,"S8N,0.345"
X-1441,DENND5A,23258.0,MutNovel,"E224Q,0.280"
X-1441,DENND5B,160518.0,MutNovel,"R52K,1.000"
X-1441,DEPDC4,120863.0,MutNovel,"H122R,1.000"
X-1441,DGCR2,9993.0,MutNovel,"V473A,0.336"
X-1441,DHRS12,79758.0,MutNovel,"R214P,0.417"
X-1441,DHRS12,79758.0,MutNovel,"Q105K,0.595"
X-1441,DHX35,60625.0,MutNovel,"V378L,0.459"
X-1441,DHX35,60625.0,MutNovel,"P703L,0.420"
X-1441,DHX37,57647.0,MutNovel,"R1081Q,1.000"
X-1441,DHX37,57647.0,MutNovel,"S869G,1.000"
X-1441,DHX38,9785.0,MutNovel,"T492M,0.846"
X-1441,DHX58,79132.0,MutNovel,"R523Q,1.000"
X-1441,DHX58,79132.0,MutNovel,"Q425R,1.000"
X-1441,DIDO1,11083.0,MutNovel,"S1708C,0.577"
X-1441,DIDO1,11083.0,MutNovel,"T1568A,1.000"
X-1441,DIDO1,11083.0,MutNovel,"P1220Q,0.743"
X-1441,DIP2B,57609.0,MutNovel,"T349S,0.234"
X-1441,DIS3,22894.0,MutNovel,"T326R,0.996"
X-1441,DIS3L,115752.0,MutNovel,"D614G,0.389"
X-1441,DISP2,85455.0,MutNovel,"P47A,1.000"
X-1441,DIXDC1,85458.0,MutKnownFunctional,"-271?,1.000"
X-1441,DLAT,1737.0,MutNovel,"A43V,0.645"
X-1441,DLAT,1737.0,MutNovel,"V318A,0.667"
X-1441,DLAT,1737.0,MutNovel,"D451N,0.626"
X-1441,DLG5,9231.0,MutNovel,"Q140R,1.000"
X-1441,DLGAP4,22839.0,MutNovel,"S678Y,0.600"
X-1441,DMD,1756.0,MutNovel,"R2937Q,1.000"
X-1441,DMKN,93099.0,MutNovel,"D427A,1.000"
X-1441,DMKN,93099.0,MutNovel,"V91A,1.000"
X-1441,DMWD,1762.0,MutNovel,"A582V,0.631"
X-1441,DMXL2,23312.0,MutNovel,"T497M,0.833"
X-1441,DNAAF2,55172.0,MutNovel,"D768G,0.335"
X-1441,DNAAF3,,MutNovel,"D432N,1.000"
X-1441,DNAH17,8632.0,MutNovel,"M1986V,1.000"
X-1441,DNAH17,8632.0,MutNovel,"T233A,1.000"
X-1441,DNAH2,146754.0,MutNovel,"T3600I,1.000"
X-1441,DNAJA3,9093.0,MutNovel,"N75Y,0.996"
X-1441,DNHD1,144132.0,MutNovel,"D622A,1.000"
X-1441,DNHD1,144132.0,MutNovel,"N694S,1.000"
X-1441,DNHD1,144132.0,MutNovel,"Q697R,1.000"
X-1441,DNHD1,144132.0,MutNovel,"G769R,1.000"
X-1441,DNHD1,144132.0,MutNovel,"V2374M,0.667"
X-1441,DOCK1,1793.0,MutNovel,"A1842T,0.584"
X-1441,DOCK6,57572.0,MutNovel,"P250L,0.994"
X-1441,DOCK9,23348.0,MutNovel,"R18W,0.692"
X-1441,DOK3,79930.0,MutNovel,"C307Y,1.000"
X-1441,DOPEY2,9980.0,MutNovel,"C1118G,1.000"
X-1441,DOT1L,84444.0,MutNovel,"A854T,0.483"
X-1441,DOT1L,84444.0,MutNovel,"G1386S,1.000"
X-1441,DOT1L,84444.0,MutNovel,"G1443C,0.389"
X-1441,DPCD,25911.0,MutNovel,"L156S,0.989"
X-1441,DPEP2,64174.0,MutNovel,"P201R,1.000"
X-1441,DSG1,1828.0,MutNovel,"M11V,1.000"
X-1441,DSG3,1830.0,MutNovel,"T912A,0.996"
X-1441,DUOX2,50506.0,MutNovel,"S1067L,0.500"
X-1441,DUOX2,50506.0,MutNovel,"P982A,1.000"
X-1441,DUOX2,50506.0,MutNovel,"R701Q,0.857"
X-1441,DUOX2,50506.0,MutNovel,"H678R,0.667"
X-1441,DUOX2,50506.0,MutNovel,"P138L,0.750"
X-1441,DUOXA1,90527.0,MutNovel,"R478P,0.533"
X-1441,DUOXA2,405753.0,MutNovel,"R100G,1.000"
X-1441,DUS1L,64118.0,MutNovel,"G364S,1.000"
X-1441,DUSP5,1847.0,MutNovel,"A220M,1.000"
X-1441,DUSP6,1848.0,MutNovel,"V114L,0.271"
X-1441,DYNC2H1,79659.0,MutNovel,"K1413R,1.000"
X-1441,DYNC2LI1,51626.0,MutNovel,"L130P,0.597"
X-1441,DYX1C1,161582.0,MutNovel,"E191G,1.000"
X-1441,E2F7,144455.0,MutNovel,"F72L,0.933"
X-1441,E4F1,1877.0,MutNovel,"R167H,1.000"
X-1441,ECH1,1891.0,MutNovel,"G217R,0.351"
X-1441,ECH1,1891.0,MutNovel,"E41A,0.695"
X-1441,ECHS1,1892.0,MutNovel,"T75I,0.996"
X-1441,ECHS1,1892.0,MutNovel,"V11A,1.000"
X-1441,EDEM2,55741.0,MutNovel,"A456T,0.548"
X-1441,EEA1,8411.0,MutNovel,"K810Q,0.989"
X-1441,EEF2K,29904.0,MutNovel,"Q361R,1.000"
X-1441,EFCAB4A,283229.0,MutNovel,"R77Q,1.000"
X-1441,EFCAB4A,283229.0,MutNovel,"K153E,1.000"
X-1441,EFCAB4A,283229.0,MutNovel,"S248I,1.000"
X-1441,EFEMP2,30008.0,MutNovel,"I259V,1.000"
X-1441,EFTUD1,79631.0,MutNovel,"K711R,0.543"
X-1441,EFTUD1,79631.0,MutNovel,"I617V,0.592"
X-1441,EFTUD1,79631.0,MutNovel,"E478D,1.000"
X-1441,EHBP1L1,254102.0,MutNovel,"V133L,1.000"
X-1441,EHBP1L1,254102.0,MutNovel,"D569V,0.983"
X-1441,EI24,9538.0,MutKnownFunctional,"-282?,1.000"
X-1441,EID2,163126.0,MutNovel,"A6T,0.333"
X-1441,EIF1AY,9086.0,Del0.8,0.29
X-1441,EIF2AK4,440275.0,MutNovel,"E556G,1.000"
X-1441,EIF2S3,1968.0,MutNovel,"K125R,0.992"
X-1441,ELAC2,60528.0,MutNovel,"S217L,1.000"
X-1441,ELF1,1997.0,MutNovel,"T343S,0.805"
X-1441,ELF1,1997.0,MutNovel,"N58S,0.697"
X-1441,ELL,8178.0,MutNovel,"R467W,0.292"
X-1441,ELL,8178.0,MutNovel,"S297N,0.299"
X-1441,ELMO3,79767.0,MutNovel,"K66Q,0.996"
X-1441,ELP2,55250.0,MutNovel,"T128P,1.000"
X-1441,ELP2,55250.0,MutNovel,"V370M,1.000"
X-1441,EME1,146956.0,MutNovel,"E69D,1.000"
X-1441,EME1,146956.0,MutNovel,"K137KQ,1.000"
X-1441,EMP1,2012.0,MutNovel,"S57N,0.621"
X-1441,EMR2,30817.0,MutNovel,"L614F,1.000"
X-1441,ENO3,2027.0,MutNovel,"N71S,1.000"
X-1441,ENO3,2027.0,MutNovel,"V85A,1.000"
X-1441,ENTPD6,955.0,MutNovel,"K202E,1.000"
X-1441,EP300,2033.0,MutNovel,"I997V,0.682"
X-1441,EP400,57634.0,MutNovel,"A3094T,0.655"
X-1441,EPG5,57724.0,MutNovel,"V1058A,1.000"
X-1441,EPN2,22905.0,MutNovel,"V401A,1.000"
X-1441,EPS15L1,58513.0,MutNovel,"F730V,0.342"
X-1441,EPS8L1,54869.0,MutNovel,"K669R,0.743"
X-1441,ERBB2,2064.0,MutNovel,"P1170A,1.000"
X-1441,ERBB3,2065.0,MutNovel,"S1119C,0.306"
X-1441,ERCC5,2073.0,MutNovel,"G1053R,1.000"
X-1441,ERCC5,2073.0,MutNovel,"G1080R,1.000"
X-1441,ERCC6,2074.0,MutNovel,"G399D,0.727"
X-1441,ERN2,10595.0,MutNovel,"S535T,0.996"
X-1441,ESD,2098.0,MutNovel,"G190E,0.996"
X-1441,ESF1,51575.0,MutNovel,"I550T,0.309"
X-1441,ESPL1,9700.0,MutNovel,"A25D,0.846"
X-1441,ESPL1,9700.0,MutNovel,"S614R,0.825"
X-1441,ESPL1,9700.0,MutNovel,"K1435M,1.000"
X-1441,ESPL1,9700.0,MutNovel,"R1561Q,0.987"
X-1441,ESPL1,9700.0,MutNovel,"R2037H,1.000"
X-1441,ETFB,2109.0,MutNovel,"P52L,0.857"
X-1441,ETS2,2114.0,MutNovel,"A19T,1.000"
X-1441,ETV4,2118.0,MutNovel,"F195I,1.000"
X-1441,EVPL,2125.0,MutNovel,"L242M,1.000"
X-1441,EXD2,55218.0,MutNovel,"Q518H,0.549"
X-1441,EXOC3L4,91828.0,MutNovel,"D93E,0.250"
X-1441,EXOC3L4,91828.0,MutNovel,"L185H,0.600"
X-1441,EXOC3L4,91828.0,MutNovel,"Q675R,1.000"
X-1441,EXOC3L4,91828.0,MutNovel,"Q685E,0.435"
X-1441,EXOC6,54536.0,MutNovel,"T396I,0.505"
X-1441,EXOSC5,56915.0,MutNovel,"T5M,0.282"
X-1441,EXPH5,23086.0,MutNovel,"N1967D,1.000"
X-1441,EXPH5,23086.0,MutNovel,"S676N,1.000"
X-1441,EXPH5,23086.0,MutNovel,"E137V,0.556"
X-1441,FAM108A1,81926.0,MutNovel,"K144E,1.000"
X-1441,FAM111A,63901.0,MutNovel,"Q451E,1.000"
X-1441,FAM155B,27112.0,MutNovel,"L172P,1.000"
X-1441,FAM160A2,84067.0,MutNovel,"T505M,0.996"
X-1441,FAM174B,400451.0,MutNovel,"SSN69N,1.000"
X-1441,FAM178A,55719.0,MutNovel,"S541Y,0.333"
X-1441,FAM179B,23116.0,MutNovel,"E416Q,0.600"
X-1441,FAM179B,23116.0,MutNovel,"L511V,0.375"
X-1441,FAM18B1,51030.0,MutNovel,"G55E,1.000"
X-1441,FAM190B,54462.0,MutNovel,"N84S,0.452"
X-1441,FAM190B,54462.0,MutNovel,"S819P,0.600"
X-1441,FAM197Y2P,252946.0,Del0.8,0.29
X-1441,FAM214A,56204.0,MutNovel,"V560I,1.000"
X-1441,FAM21A,387680.0,MutNovel,"V25M,0.720"
X-1441,FAM21C,253725.0,MutNovel,"K1199R,0.455"
X-1441,FAM35A,54537.0,MutNovel,"S244G,0.513"
X-1441,FAM35A,54537.0,MutNovel,"S550C,0.652"
X-1441,FAM41AY1,340618.0,Del0.8,0.29
X-1441,FAM41AY1,340618.0,Del0.8,0.29
X-1441,FAM48A,55578.0,MutNovel,"T773M,1.000"
X-1441,FAM64A,54478.0,MutNovel,"V116L,1.000"
X-1441,FAM83C,128876.0,MutNovel,"R621Q,0.750"
X-1441,FAM83D,81610.0,MutNovel,"V41L,1.000"
X-1441,FAM86A,196483.0,MutNovel,"H272D,1.000"
X-1441,FAM86B1,85002.0,MutNovel,"S91N,1.000"
X-1441,FAM86B1,85002.0,MutNovel,"S81P,1.000"
X-1441,FAM86C1,55199.0,MutNovel,"A7S,1.000"
X-1441,FAM86C1,55199.0,MutNovel,"R30P,1.000"
X-1441,FAM86C1,55199.0,MutNovel,"V70A,1.000"
X-1441,FAM86C1,55199.0,MutNovel,"C129R,0.690"
X-1441,FAM98C,147965.0,MutNovel,"E108K,0.704"
X-1441,FAN1,22909.0,MutNovel,"G233E,0.438"
X-1441,FANCB,2187.0,MutNovel,"G335E,1.000"
X-1441,FANCI,55215.0,MutNovel,"A86V,0.534"
X-1441,FANCI,55215.0,MutNovel,"C742S,0.507"
X-1441,FANCM,57697.0,MutNovel,"S175F,0.300"
X-1441,FANCM,57697.0,MutNovel,"V878L,0.385"
X-1441,FANCM,57697.0,MutNovel,"I1460V,0.263"
X-1441,FARP1,10160.0,MutNovel,"T68I,0.789"
X-1441,FASN,2194.0,MutNovel,"E719K,1.000"
X-1441,FBLN1,2192.0,MutNovel,"Q141R,0.889"
X-1441,FBRSL1,57666.0,MutNovel,"A836V,0.991"
X-1441,FBXL17,64839.0,MutNovel,"P192L,1.000"
X-1441,FBXO18,84893.0,MutNovel,"G80S,0.531"
X-1441,FBXO33,254170.0,MutNovel,"QLRR34R,0.692"
X-1441,FBXO41,150726.0,MutNovel,"R530W,0.229"
X-1441,FBXO7,25793.0,MutNovel,"L12R,0.538"
X-1441,FBXO7,25793.0,MutNovel,"M115I,0.667"
X-1441,FBXW8,26259.0,MutNovel,"R58G,1.000"
X-1441,FBXW8,26259.0,MutNovel,"R192Q,1.000"
X-1441,FCGBP,8857.0,MutNovel,"S4284A,1.000"
X-1441,FCGBP,8857.0,MutNovel,"G3406A,0.429"
X-1441,FCGBP,8857.0,MutNovel,"E2640A,0.770"
X-1441,FCGBP,8857.0,MutNovel,"GM1616VV,0.294"
X-1441,FCGBP,8857.0,MutNovel,"T1524N,0.235"
X-1441,FCGBP,8857.0,MutNovel,"N770S,0.818"
X-1441,FDXACB1,91893.0,MutNovel,"I87N,1.000"
X-1441,FDXR,2232.0,MutNovel,"R314H,0.991"
X-1441,FERMT1,55612.0,MutNovel,"R526K,0.607"
X-1441,FGFBP3,143282.0,MutNovel,"E206V,0.486"
X-1441,FGFBP3,143282.0,MutNovel,"A107T,0.647"
X-1441,FIZ1,84922.0,MutNovel,"T391A,1.000"
X-1441,FLJ22184,80164.0,MutNovel,"S641P,1.000"
X-1441,FLRT3,23767.0,MutNovel,"H400Q,1.000"
X-1441,FLVCR2,55640.0,MutNovel,"V16A,1.000"
X-1441,FMN1,342184.0,MutNovel,"G171V,1.000"
X-1441,FN3KRP,79672.0,MutNovel,"V223I,1.000"
X-1441,FOPNL,123811.0,MutNovel,"EE156KE,1.000"
X-1441,FOPNL,123811.0,MutNovel,"R145IG,1.000"
X-1441,FOXA1,3169.0,MutNovel,"A83T,1.000"
X-1441,FOXP4,116113.0,MutNovel,"E315K,0.308"
X-1441,FOXRED2,80020.0,MutNovel,"F179L,0.651"
X-1441,FRA10AC1,118924.0,MutNovel,"S251F,0.650"
X-1441,FRA10AC1,118924.0,MutNovel,"T78R,0.478"
X-1441,FRA10AC1,118924.0,MutNovel,"R16H,1.000"
X-1441,FREM2,341640.0,MutNovel,"T2326I,0.714"
X-1441,FSCN2,25794.0,MutNovel,"A323T,1.000"
X-1441,FTCD,10841.0,MutNovel,"V101M,1.000"
X-1441,FTSJD1,55783.0,MutNovel,"T608K,0.876"
X-1441,FTSJD1,55783.0,MutNovel,"L60F,1.000"
X-1441,FUT2,2524.0,MutKnownFunctional,"W154*,0.534"
X-1441,FUT2,2524.0,MutNovel,"G258S,0.549"
X-1441,FUT3,2525.0,MutNovel,"M105T,0.711"
X-1441,FUT3,2525.0,MutNovel,"R68W,0.710"
X-1441,FUT3,2525.0,MutNovel,"C16S,0.372"
X-1441,FUT5,2527.0,MutNovel,"R317G,0.551"
X-1441,FUT5,2527.0,MutNovel,"A118M,1.000"
X-1441,FUT6,2528.0,MutNovel,"P124S,1.000"
X-1441,FXYD5,53827.0,MutNovel,"R176H,1.000"
X-1441,GAA,2548.0,MutNovel,"H199R,1.000"
X-1441,GAA,2548.0,MutNovel,"R223H,1.000"
X-1441,GAA,2548.0,MutNovel,"V780I,1.000"
X-1441,GABRE,2564.0,MutNovel,"S102A,1.000"
X-1441,GAL3ST1,9514.0,MutNovel,"V29M,0.288"
X-1441,GALC,2581.0,MutNovel,"T641A,1.000"
X-1441,GALC,2581.0,MutNovel,"I562T,0.692"
X-1441,GALNT11,63917.0,MutNovel,"V66L,0.595"
X-1441,GALNT8,26290.0,MutNovel,"Y53D,0.647"
X-1441,GALNT8,26290.0,MutNovel,"V515F,0.232"
X-1441,GANC,2595.0,MutNovel,"L11V,1.000"
X-1441,GANC,2595.0,MutNovel,"F845S,1.000"
X-1441,GART,2618.0,MutNovel,"V421I,1.000"
X-1441,GAS2L1,10634.0,MutNovel,"H505L,0.634"
X-1441,GATM,2628.0,MutNovel,"Q110H,0.831"
X-1441,GCAT,23464.0,MutNovel,"R39C,0.690"
X-1441,GCAT,23464.0,MutNovel,"L77S,0.710"
X-1441,GCDH,2639.0,MutNovel,"Q417R,0.373"
X-1441,GCN1L1,10985.0,MutNovel,"Y2155D,1.000"
X-1441,GCSH,2653.0,MutNovel,"S21L,0.320"
X-1441,GDF15,9518.0,MutNovel,"H202D,1.000"
X-1441,GDPD5,81544.0,MutNovel,"A480T,0.986"
X-1441,GDPGP1,,MutNovel,"R23G,1.000"
X-1441,GDPGP1,,MutNovel,"M37T,0.769"
X-1441,GDPGP1,,MutNovel,"P264T,0.333"
X-1441,GDPGP1,,MutNovel,"T307I,0.435"
X-1441,GEMIN4,50628.0,MutNovel,"R1033C,1.000"
X-1441,GEMIN4,50628.0,MutNovel,"D929N,1.000"
X-1441,GEMIN4,50628.0,MutNovel,"A579G,1.000"
X-1441,GEMIN4,50628.0,MutNovel,"Q450E,1.000"
X-1441,GFM1,85476.0,MutNovel,"D536H,0.212"
X-1441,GGT1,2678.0,MutNovel,"V272A,0.750"
X-1441,GGT6,124975.0,MutNovel,"A58V,1.000"
X-1441,GIGYF2,26058.0,MutNovel,"PQ1231P,0.255"
X-1441,GINS1,9837.0,MutNovel,"V97I,1.000"
X-1441,GIPC1,10755.0,MutNovel,"T238S,0.323"
X-1441,GLB1L3,112937.0,MutNovel,"R163P,1.000"
X-1441,GLCE,26035.0,MutNovel,"V597I,1.000"
X-1441,GLRX3,10539.0,MutNovel,"Q21H,1.000"
X-1441,GLRX3,10539.0,MutNovel,"P123S,0.996"
X-1441,GLTPD2,388323.0,MutNovel,"V152A,1.000"
X-1441,GLTPD2,388323.0,MutNovel,"D209E,1.000"
X-1441,GLTPD2,388323.0,MutNovel,"V265L,1.000"
X-1441,GLTSCR1,29998.0,MutNovel,"P683S,0.267"
X-1441,GLYR1,84656.0,MutNovel,"H459Q,1.000"
X-1441,GMIP,51291.0,MutNovel,"K16N,0.398"
X-1441,GMPR,2766.0,MutKnownFunctional,"-14,1.000"
X-1441,GNA15,2769.0,MutNovel,"Y147C,1.000"
X-1441,GOLGA2P2Y,84559.0,Del0.8,0.29
X-1441,GOLGA2P2Y,84559.0,Del0.8,0.29
X-1441,GOLGA3,2802.0,MutNovel,"P264L,0.365"
X-1441,GOLGA5,9950.0,MutNovel,"F350L,1.000"
X-1441,GOLGA8A,23015.0,MutNovel,"V568I,0.667"
X-1441,GOLGA8A,23015.0,MutNovel,"R67P,0.900"
X-1441,GOLGA8B,440270.0,MutNovel,"R67P,0.905"
X-1441,GOLGA8B,440270.0,MutNovel,"A60T,0.400"
X-1441,GOT2,2806.0,MutNovel,"V346G,1.000"
X-1441,GP6,51206.0,MutNovel,"F606L,1.000"
X-1441,GP6,51206.0,MutNovel,"R573G,1.000"
X-1441,GPATCH1,55094.0,MutNovel,"L476P,0.553"
X-1441,GPATCH1,55094.0,MutNovel,"H724R,0.315"
X-1441,GPATCH1,55094.0,MutNovel,"L728S,0.344"
X-1441,GPR108,56927.0,MutNovel,"Q36R,1.000"
X-1441,GPR19,2842.0,MutNovel,"V189I,1.000"
X-1441,GPR56,9289.0,MutNovel,"S281R,1.000"
X-1441,GPRIN2,9721.0,MutNovel,"-238MRE,0.531"
X-1441,GRAPL,400581.0,Del0.8,0.59
X-1441,GRB14,2888.0,MutKnownFunctional,"-297?,0.417"
X-1441,GRB7,2886.0,MutNovel,"C20R,0.996"
X-1441,GSDMA,284110.0,MutNovel,"V128L,1.000"
X-1441,GSDMA,284110.0,MutNovel,"E130K,1.000"
X-1441,GSG2,83903.0,MutNovel,"R82C,1.000"
X-1441,GSG2,83903.0,MutNovel,"V378A,1.000"
X-1441,GSPT1,2935.0,MutNovel,"V100A,0.995"
X-1441,GSPT1,2935.0,MutNovel,"G92C,1.000"
X-1441,GSTT1,2952.0,Amp5,5.24
X-1441,GSTTP1,25774.0,Amp5,5.24
X-1441,GSTTP2,653399.0,Amp5,5.24
X-1441,GSTZ1,2954.0,MutNovel,"M82T,1.000"
X-1441,GTF2I,2969.0,MutNovel,"G152R,0.237"
X-1441,GTF3C4,9329.0,Del0.8,0.75
X-1441,GTPBP3,84705.0,MutNovel,"V282A,1.000"
X-1441,GTPBP5,26164.0,MutNovel,"A337V,1.000"
X-1441,GTSE1,51512.0,MutNovel,"D8Y,0.318"
X-1441,GTSE1,51512.0,MutNovel,"W525R,1.000"
X-1441,GUCY2C,2984.0,MutNovel,"F281L,0.992"
X-1441,GYG2,8908.0,MutNovel,"A270V,1.000"
X-1441,GYG2,8908.0,MutNovel,"H313R,1.000"
X-1441,GYG2P1,352887.0,Del0.8,0.29
X-1441,GZF1,64412.0,MutNovel,"Q275P,1.000"
X-1441,HAUS8,93323.0,MutNovel,"G83R,0.537"
X-1441,HDAC5,10014.0,MutNovel,"D594E,1.000"
X-1441,HDGF,3068.0,MutKnownFunctional,"LE178L*,0.987"
X-1441,HDGFRP2,84717.0,MutNovel,"KLAGEE574K,1.000"
X-1441,HEATR3,55027.0,MutNovel,"G405R,0.841"
X-1441,HEATR5A,25938.0,MutNovel,"V886M,1.000"
X-1441,HEATR5A,25938.0,MutNovel,"A259T,1.000"
X-1441,HEATR5A,25938.0,MutNovel,"P173A,1.000"
X-1441,HECTD1,25831.0,MutNovel,"L2027P,1.000"
X-1441,HELB,92797.0,MutNovel,"L191P,0.647"
X-1441,HELZ,9931.0,MutNovel,"A1530V,1.000"
X-1441,HEPH,9843.0,MutNovel,"V39A,1.000"
X-1441,HERC2,8924.0,MutNovel,"T1566M,0.400"
X-1441,HERC2,8924.0,MutKnownFunctional,"R1376*,0.250"
X-1441,HEXA,3073.0,MutNovel,"I436V,1.000"
X-1441,HEXDC,284004.0,MutNovel,"I145V,1.000"
X-1441,HHIPL1,84439.0,MutNovel,"D701N,1.000"
X-1441,HIF1A,3091.0,MutNovel,"P606S,0.667"
X-1441,HIF1AN,55662.0,MutNovel,"P41A,0.544"
X-1441,HIF3A,64344.0,MutNovel,"Q343R,0.229"
X-1441,HKDC1,80201.0,MutNovel,"T124I,1.000"
X-1441,HKDC1,80201.0,MutNovel,"W721R,1.000"
X-1441,HKDC1,80201.0,MutNovel,"N917K,0.536"
X-1441,HKR1,284459.0,MutNovel,"R448H,0.630"
X-1441,HMGXB4,10042.0,MutNovel,"G165V,0.420"
X-1441,HMHA1,23526.0,MutNovel,"E275D,1.000"
X-1441,HNF1A,6927.0,MutNovel,"I27L,1.000"
X-1441,HNF1A,6927.0,MutNovel,"A98V,0.257"
X-1441,HNF1A,6927.0,MutNovel,"S487N,1.000"
X-1441,HNF1A,6927.0,MutNovel,"S574G,0.996"
X-1441,HNRNPA1L2,144983.0,MutNovel,"N215D,0.726"
X-1441,HNRPDL,9987.0,MutNovel,"L42S,0.711"
X-1441,HOMER3,9454.0,MutNovel,"S342R,0.993"
X-1441,HOMEZ,57594.0,MutNovel,"DV545V,1.000"
X-1441,HOOK2,29911.0,MutNovel,"R224Q,0.720"
X-1441,HOXB1,3211.0,MutNovel,"E265G,1.000"
X-1441,HOXB3,3213.0,MutNovel,"P82T,1.000"
X-1441,HOXB4,3214.0,MutNovel,"R243Q,0.256"
X-1441,HOXB7,3217.0,MutNovel,"T9A,1.000"
X-1441,HPS4,89781.0,MutNovel,"Q625H,1.000"
X-1441,HPS4,89781.0,MutNovel,"H606Y,1.000"
X-1441,HPS4,89781.0,MutNovel,"V552M,1.000"
X-1441,HPS4,89781.0,MutNovel,"E229G,1.000"
X-1441,HS3ST4,9951.0,MutNovel,"Q136R,1.000"
X-1441,HSBP1L1,440498.0,MutNovel,"K55N,1.000"
X-1441,HSD17B14,51171.0,MutNovel,"N31D,0.233"
X-1441,HSD3B7,80270.0,MutNovel,"T250A,0.544"
X-1441,HSFY2,159119.0,Del0.8,0.29
X-1441,HSFY2,159119.0,Del0.8,0.29
X-1441,HSPA1A,3303.0,MutNovel,"EQ600DK,0.294"
X-1441,HTATIP2,10553.0,MutNovel,"S231R,0.660"
X-1441,ICAM1,3383.0,MutNovel,"K469E,0.545"
X-1441,ICAM1,3383.0,MutNovel,"R505C,0.400"
X-1441,IFI27,3429.0,MutNovel,"V42VAMA,1.000"
X-1441,IFI30,10437.0,MutNovel,"R76Q,0.703"
X-1441,IFI35,3430.0,MutNovel,"M128V,1.000"
X-1441,IFIT2,3433.0,MutNovel,"E79A,0.800"
X-1441,IFIT2,3433.0,MutNovel,"K121R,0.500"
X-1441,IFIT2,3433.0,MutNovel,"D352E,0.500"
X-1441,IFITM1,8519.0,MutNovel,"P13A,0.991"
X-1441,IFITM2,10581.0,MutNovel,"V33A,0.778"
X-1441,IFT88,8100.0,MutNovel,"S455N,1.000"
X-1441,IGFL1,374918.0,MutNovel,"G24R,0.714"
X-1441,IGHMBP2,3508.0,MutNovel,"L201S,0.429"
X-1441,IGHMBP2,3508.0,MutNovel,"T879K,0.241"
X-1441,IGSF22,283284.0,MutNovel,"I1131V,1.000"
X-1441,IKBIP,121457.0,MutNovel,"G265S,0.667"
X-1441,IL12RB1,3594.0,MutNovel,"R156H,1.000"
X-1441,IL27RA,9466.0,MutNovel,"L188P,0.625"
X-1441,IL4R,3566.0,MutNovel,"I75V,1.000"
X-1441,IMPACT,55364.0,MutNovel,"D125E,1.000"
X-1441,IMPACT,55364.0,MutNovel,"L151V,1.000"
X-1441,INCENP,3619.0,MutNovel,"E644D,1.000"
X-1441,INTS2,57508.0,MutNovel,"N768H,1.000"
X-1441,IQCH,64799.0,MutNovel,"V932L,1.000"
X-1441,IRAK1,3654.0,MutNovel,"S532L,1.000"
X-1441,IRAK1,3654.0,MutNovel,"F196S,1.000"
X-1441,IRAK3,11213.0,MutNovel,"I147V,1.000"
X-1441,IREB2,3658.0,MutNovel,"V159L,1.000"
X-1441,IREB2,3658.0,MutNovel,"I580T,1.000"
X-1441,IRGQ,126298.0,MutNovel,"N364S,0.722"
X-1441,IRS2,8660.0,MutNovel,"G1057D,0.308"
X-1441,ISCU,23479.0,MutNovel,"F7G,1.000"
X-1441,ISCU,23479.0,MutNovel,"A12V,1.000"
X-1441,IST1,9798.0,MutNovel,"M230V,0.433"
X-1441,ISX,91464.0,MutNovel,"S28G,1.000"
X-1441,ISX,91464.0,MutNovel,"T182M,0.842"
X-1441,ITGA7,3679.0,MutNovel,"R655H,0.556"
X-1441,ITGAE,3682.0,MutNovel,"V1019A,1.000"
X-1441,ITGB4,3691.0,MutNovel,"L1779P,1.000"
X-1441,IZUMO4,113177.0,MutNovel,"Y137F,0.444"
X-1441,JMJD1C,221037.0,MutNovel,"P1980L,0.418"
X-1441,JMJD1C,221037.0,MutNovel,"S464T,1.000"
X-1441,JMJD7-PLA2G4B,8681.0,MutNovel,"V85M,0.481"
X-1441,JRK,8629.0,MutNovel,"R78Q,0.360"
X-1441,JSRP1,126306.0,MutNovel,"G150A,1.000"
X-1441,JUP,3728.0,MutNovel,"M697L,0.996"
X-1441,KANSL1,,MutNovel,"R525P,1.000"
X-1441,KANSL2,54934.0,MutNovel,"P445T,1.000"
X-1441,KAZALD1,81621.0,MutNovel,"G255A,1.000"
X-1441,KCNK10,54207.0,MutNovel,"R531Q,0.545"
X-1441,KCNK15,60598.0,MutNovel,"E95G,1.000"
X-1441,KCNK15,60598.0,MutNovel,"T260P,1.000"
X-1441,KCNK15,60598.0,MutNovel,"L323P,1.000"
X-1441,KCNK6,9424.0,MutNovel,"V259M,0.442"
X-1441,KDELR3,11015.0,MutNovel,"V199G,1.000"
X-1441,KDM4B,23030.0,MutNovel,"K710E,1.000"
X-1441,KDM5A,5927.0,MutNovel,"M865T,0.645"
X-1441,KDM5D,8284.0,Del0.8,0.29
X-1441,KHNYN,23351.0,MutNovel,"K261T,1.000"
X-1441,KHNYN,23351.0,MutNovel,"W270L,1.000"
X-1441,KIAA0100,9703.0,MutNovel,"V1516G,0.508"
X-1441,KIAA0125,9834.0,Amp5,5.7
X-1441,KIAA0226L,80183.0,MutNovel,"G152R,0.282"
X-1441,KIAA0232,9778.0,MutNovel,"Q922H,0.218"
X-1441,KIAA0391,9692.0,MutNovel,"N437S,0.648"
X-1441,KIAA0556,23247.0,MutNovel,"A1267T,1.000"
X-1441,KIAA0564,23078.0,MutNovel,"E1300K,0.659"
X-1441,KIAA0564,23078.0,MutNovel,"R660G,0.687"
X-1441,KIAA0586,9786.0,MutNovel,"L896P,1.000"
X-1441,KIAA0586,9786.0,MutNovel,"P1109A,1.000"
X-1441,KIAA1033,23325.0,MutNovel,"V901I,1.000"
X-1441,KIAA1279,26128.0,MutNovel,"G66S,0.491"
X-1441,KIAA1377,57562.0,MutNovel,"G238C,1.000"
X-1441,KIAA1377,57562.0,MutNovel,"S1077N,1.000"
X-1441,KIAA1609,57707.0,MutNovel,"C267R,1.000"
X-1441,KIAA1609,57707.0,MutNovel,"I220V,1.000"
X-1441,KIAA1609,57707.0,MutNovel,"D172E,0.831"
X-1441,KIAA1731,85459.0,MutNovel,"R208Q,1.000"
X-1441,KIAA1731,85459.0,MutNovel,"A499E,1.000"
X-1441,KIAA1731,85459.0,MutNovel,"E2437V,1.000"
X-1441,KIAA1919,91749.0,MutNovel,"L182Y,1.000"
X-1441,KIAA1967,57805.0,MutNovel,"R527W,0.245"
X-1441,KIF16B,55614.0,MutNovel,"M1027T,1.000"
X-1441,KIF20B,9585.0,MutNovel,"E490D,1.000"
X-1441,KIF20B,9585.0,MutNovel,"C1137R,1.000"
X-1441,KIF20B,9585.0,MutNovel,"K1609E,1.000"
X-1441,KIF7,374654.0,MutNovel,"G1005R,0.250"
X-1441,KIF7,374654.0,MutNovel,"S958I,0.625"
X-1441,KIF7,374654.0,MutNovel,"T368A,1.000"
X-1441,KLC2,64837.0,MutNovel,"P517S,0.228"
X-1441,KLF16,83855.0,MutNovel,"A38T,0.553"
X-1441,KLF2,10365.0,MutNovel,"L104P,1.000"
X-1441,KLHDC4,54758.0,MutNovel,"T102I,1.000"
X-1441,KLHL13,90293.0,MutNovel,"P377H,1.000"
X-1441,KLK1,3816.0,MutNovel,"K186E,0.532"
X-1441,KLK1,3816.0,MutNovel,"E145Q,0.683"
X-1441,KLK1,3816.0,MutNovel,"R77H,0.509"
X-1441,KLK10,5655.0,MutNovel,"L149P,1.000"
X-1441,KLK10,5655.0,MutNovel,"S50A,1.000"
X-1441,KLK7,5650.0,MutNovel,"L54P,1.000"
X-1441,KLRC2,3822.0,MutNovel,"F102S,1.000"
X-1441,KLRC3,3823.0,MutNovel,"C155S,1.000"
X-1441,KLRC4,8302.0,MutNovel,"N104S,1.000"
X-1441,KLRC4,8302.0,MutNovel,"I29S,1.000"
X-1441,KLRC4-KLRK1,100528032.0,MutNovel,"T72A,1.000"
X-1441,KRAS,3845.0,MutKnownFunctional,"G12V,0.633"
X-1441,KREMEN1,83999.0,MutNovel,"L292V,0.704"
X-1441,KRI1,65095.0,MutNovel,"S709P,0.309"
X-1441,KRI1,65095.0,MutNovel,"E355Q,0.344"
X-1441,KRI1,65095.0,MutNovel,"E272K,0.559"
X-1441,KRI1,65095.0,MutNovel,"E185A,0.566"
X-1441,KRI1,65095.0,MutNovel,"T5A,1.000"
X-1441,KRR1,11103.0,MutNovel,"R134Q,0.364"
X-1441,KRT14,3861.0,MutNovel,"S241N,1.000"
X-1441,KRT15,3866.0,MutNovel,"A421G,1.000"
X-1441,KRT15,3866.0,MutNovel,"T147A,1.000"
X-1441,KRT19,3880.0,MutNovel,"A60G,1.000"
X-1441,KRT23,25984.0,MutNovel,"T303A,0.333"
X-1441,KRT40,125115.0,MutNovel,"S406L,0.708"
X-1441,KRT40,125115.0,MutNovel,"W390R,0.826"
X-1441,KRT40,125115.0,MutNovel,"M303T,1.000"
X-1441,KRT40,125115.0,MutNovel,"E286D,0.750"
X-1441,KRT40,125115.0,MutNovel,"C265Y,0.700"
X-1441,KRT40,125115.0,MutNovel,"R235H,0.889"
X-1441,KRT40,125115.0,MutNovel,"T153M,0.783"
X-1441,KRT40,125115.0,MutNovel,"S102N,0.650"
X-1441,KRT40,125115.0,MutNovel,"T37A,0.625"
X-1441,KRT6B,3854.0,MutNovel,"I365V,0.278"
X-1441,KRT6B,3854.0,MutNovel,"N227S,0.524"
X-1441,KRT6B,3854.0,MutNovel,"N21S,0.500"
X-1441,KRT7,3855.0,MutNovel,"G364A,0.788"
X-1441,KRT8,3856.0,MutNovel,"V408I,0.231"
X-1441,KRT80,144501.0,MutNovel,"R114H,0.342"
X-1441,KRT83,3889.0,MutNovel,"H493Y,1.000"
X-1441,KRTAP4-1,85285.0,MutNovel,"A115T,1.000"
X-1441,KRTAP4-1,85285.0,MutNovel,"M99V,1.000"
X-1441,KRTAP4-1,85285.0,MutNovel,"H94R,1.000"
X-1441,KRTAP4-1,85285.0,MutNovel,"H66R,1.000"
X-1441,KRTAP5-4,387267.0,MutNovel,"F147C,1.000"
X-1441,KSR1,8844.0,MutNovel,"A85V,1.000"
X-1441,KXD1,79036.0,MutNovel,"P157A,0.640"
X-1441,LACTB,114294.0,MutNovel,"M5L,1.000"
X-1441,LACTB,114294.0,MutNovel,"R469K,1.000"
X-1441,LAMA3,3909.0,MutNovel,"S2834G,1.000"
X-1441,LAMA5,3911.0,MutNovel,"P3536S,0.352"
X-1441,LAMA5,3911.0,MutNovel,"R3165Q,0.315"
X-1441,LAMA5,3911.0,MutNovel,"R3079W,0.616"
X-1441,LAMA5,3911.0,MutNovel,"D2062N,0.680"
X-1441,LAMA5,3911.0,MutNovel,"F1807S,1.000"
X-1441,LAMA5,3911.0,MutNovel,"K1367E,1.000"
X-1441,LAMA5,3911.0,MutNovel,"M1258T,1.000"
X-1441,LAMA5,3911.0,MutNovel,"TC956AC,1.000"
X-1441,LAMA5,3911.0,MutNovel,"T401A,0.983"
X-1441,LARP4,113251.0,MutNovel,"T49A,0.714"
X-1441,LATS2,26524.0,MutNovel,"G363S,0.600"
X-1441,LATS2,26524.0,MutNovel,"A324V,0.333"
X-1441,LCP1,3936.0,MutNovel,"K533E,1.000"
X-1441,LENG9,94059.0,MutNovel,"R499P,1.000"
X-1441,LENG9,94059.0,MutNovel,"EA262A,1.000"
X-1441,LENG9,94059.0,MutNovel,"H153R,1.000"
X-1441,LEPREL2,10536.0,MutNovel,"G385E,0.607"
X-1441,LEPREL2,10536.0,MutNovel,"R519L,0.526"
X-1441,LETMD1,25875.0,MutNovel,"V84I,0.686"
X-1441,LGALS9,3965.0,MutNovel,"G5S,1.000"
X-1441,LGALS9,3965.0,MutNovel,"G176E,1.000"
X-1441,LGALS9B,284194.0,MutNovel,"V184M,1.000"
X-1441,LHPP,64077.0,MutNovel,"Q94R,1.000"
X-1441,LIMK2,3985.0,MutNovel,"G35S,0.320"
X-1441,LIN37,55957.0,MutNovel,"V16A,1.000"
X-1441,LINS,55180.0,MutNovel,"V406M,1.000"
X-1441,LIPC,3990.0,MutNovel,"F356L,1.000"
X-1441,LLGL1,3996.0,MutNovel,"S148G,1.000"
X-1441,LLGL2,3993.0,MutNovel,"V259M,1.000"
X-1441,LLGL2,3993.0,MutNovel,"F479L,1.000"
X-1441,LLGL2,3993.0,MutNovel,"R957Q,1.000"
X-1441,LMO7,4008.0,MutNovel,"M1162T,0.287"
X-1441,LOC100129083,100129083.0,MutNovel,"C94Y,1.000"
X-1441,LOC100132247,100132247.0,MutNovel,"A423V,0.375"
X-1441,LOC100132247,100132247.0,MutNovel,"A507V,0.281"
X-1441,LOC100506433,100506433.0,Del0.8,0.68
X-1441,LOC100506562,,MutNovel,"R73M,0.500"
X-1441,LOC100507338,,MutNovel,"V81A,1.000"
X-1441,LOC100507404,100507404.0,Del0.8,0.51
X-1441,LOC147646,147646.0,MutNovel,"N39S,0.429"
X-1441,LOC283710,283710.0,MutKnownFunctional,"-26,1.000"
X-1441,LOC391322,391322.0,Amp5,5.24
X-1441,LOC440563,440563.0,MutNovel,"K166Q,1.000"
X-1441,LOXL1,4016.0,MutNovel,"R141L,0.833"
X-1441,LPCAT2,54947.0,MutNovel,"M163I,0.819"
X-1441,LPIN2,9663.0,MutNovel,"E601K,1.000"
X-1441,LPIN3,64900.0,MutNovel,"V355L,0.654"
X-1441,LPPR2,64748.0,MutNovel,"T253S,0.769"
X-1441,LRCH1,23143.0,MutNovel,"L162V,0.272"
X-1441,LRCH1,23143.0,MutNovel,"S234P,1.000"
X-1441,LRFN4,78999.0,MutNovel,"V340A,0.299"
X-1441,LRP1,4035.0,MutNovel,"Q2900P,1.000"
X-1441,LRP3,4037.0,MutNovel,"V708A,1.000"
X-1441,LRP4,4038.0,MutNovel,"H596R,0.583"
X-1441,LRP6,4040.0,MutNovel,"V1062I,1.000"
X-1441,LRR1,122769.0,MutKnownFunctional,"-189?,0.553"
X-1441,LRRC16B,90668.0,MutNovel,"L1022M,0.800"
X-1441,LRRC27,80313.0,MutNovel,"R195C,0.375"
X-1441,LRRC37A2,474170.0,MutNovel,"N1385K,1.000"
X-1441,LRRC56,115399.0,MutNovel,"R300H,1.000"
X-1441,LRRC56,115399.0,MutNovel,"R507G,1.000"
X-1441,LRRC56,115399.0,MutNovel,"D523H,1.000"
X-1441,LRRK1,79705.0,MutNovel,"G1938E,0.578"
X-1441,LSR,51599.0,MutNovel,"G518R,0.441"
X-1441,LSR,51599.0,MutNovel,"G518GR,1.000"
X-1441,LSS,4047.0,MutNovel,"L642V,1.000"
X-1441,LTBP3,4054.0,MutNovel,"A438V,0.340"
X-1441,LTBP4,8425.0,MutNovel,"V194I,0.710"
X-1441,LTBP4,8425.0,MutNovel,"T787A,0.661"
X-1441,LTBP4,8425.0,MutNovel,"R1141C,0.692"
X-1441,LTBP4,8425.0,MutNovel,"T1296I,0.697"
X-1441,LTN1,26046.0,MutNovel,"L449S,1.000"
X-1441,LYPD3,27076.0,MutNovel,"G317E,0.782"
X-1441,LYPD5,284348.0,MutNovel,"A90P,1.000"
X-1441,LYSMD4,145748.0,MutNovel,"A181G,1.000"
X-1441,MACROD2,140733.0,Del0.8,0.65
X-1441,MADD,8567.0,MutNovel,"V751M,1.000"
X-1441,MAGIX,79917.0,MutNovel,"G7D,1.000"
X-1441,MAGIX,79917.0,MutNovel,"H112R,1.000"
X-1441,MAGIX,79917.0,MutNovel,"V173L,1.000"
X-1441,MAGIX,79917.0,MutNovel,"F323L,1.000"
X-1441,MAN2A2,4122.0,MutNovel,"Q412R,0.405"
X-1441,MANSC1,54682.0,MutNovel,"V55I,0.643"
X-1441,MAP1LC3B2,643246.0,MutNovel,"C113Y,0.857"
X-1441,MAP1S,55201.0,MutNovel,"C440Y,0.991"
X-1441,MAP3K14,9020.0,MutKnownFunctional,"S902*,1.000"
X-1441,MAP7D3,79649.0,MutNovel,"Q628R,1.000"
X-1441,MAP7D3,79649.0,MutNovel,"E502A,1.000"
X-1441,MAPKBP1,23005.0,MutNovel,"L313V,0.500"
X-1441,2014-03-02 00:00:00,51257.0,MutNovel,"A54T,0.317"
X-1441,MARK3,4140.0,MutNovel,"F410S,1.000"
X-1441,MAST3,23031.0,MutNovel,"G861S,0.333"
X-1441,MAU2,23383.0,MutNovel,"AAQAA8-,0.364"
X-1441,MAVS,57506.0,MutNovel,"Q93E,0.300"
X-1441,MAVS,57506.0,MutNovel,"Q198K,0.719"
X-1441,MAVS,57506.0,MutNovel,"R218C,0.336"
X-1441,MAVS,57506.0,MutNovel,"S409F,0.708"
X-1441,MBIP,51562.0,MutNovel,"R22S,1.000"
X-1441,MBIP,51562.0,MutNovel,"L7H,1.000"
X-1441,MCF2L,23263.0,MutNovel,"P1077R,0.706"
X-1441,MCM3AP,8888.0,MutNovel,"S102L,1.000"
X-1441,MDM1,56890.0,MutNovel,"P552L,0.300"
X-1441,MDM1,56890.0,MutNovel,"R489H,1.000"
X-1441,MDM1,56890.0,MutNovel,"T103I,1.000"
X-1441,MDP1,145553.0,MutNovel,"G153W,0.368"
X-1441,MED12,9968.0,MutNovel,"M1865V,0.992"
X-1441,MED17,9440.0,MutNovel,"E69D,0.325"
X-1441,MEF2A,4205.0,MutNovel,"QQ412-,1.000"
X-1441,MEGF8,1954.0,MutNovel,"R2423C,0.325"
X-1441,MEN1,4221.0,MutNovel,"T546A,0.995"
X-1441,MESP1,55897.0,MutNovel,"F223L,0.406"
X-1441,METTL12,751071.0,MutNovel,"G125S,1.000"
X-1441,METTL16,79066.0,MutNovel,"S479N,1.000"
X-1441,METTL22,79091.0,MutNovel,"W59S,1.000"
X-1441,METTL22,79091.0,MutNovel,"A366T,1.000"
X-1441,METTL4,64863.0,MutNovel,"V468L,1.000"
X-1441,MEX3C,51320.0,MutNovel,"AAAA179A,1.000"
X-1441,MGA,23269.0,MutNovel,"A606V,0.259"
X-1441,MGA,23269.0,MutNovel,"T716S,0.333"
X-1441,MGMT,4255.0,MutNovel,"L115F,0.452"
X-1441,MICAL3,57553.0,MutNovel,"Q1245R,0.543"
X-1441,MICALCL,84953.0,MutNovel,"A305T,1.000"
X-1441,MICALCL,84953.0,MutNovel,"T471P,1.000"
X-1441,MICALL1,85377.0,MutNovel,"A519S,0.274"
X-1441,MIPEP,4285.0,MutNovel,"S488G,1.000"
X-1441,MIS18BP1,55320.0,MutNovel,"E583D,0.295"
X-1441,MKI67,4288.0,MutNovel,"K3217E,0.496"
X-1441,MKI67,4288.0,MutNovel,"P2608L,0.538"
X-1441,MKI67,4288.0,MutNovel,"N2363S,0.410"
X-1441,MKI67,4288.0,MutNovel,"I2101T,0.450"
X-1441,MKI67,4288.0,MutNovel,"G1226V,0.566"
X-1441,MKI67,4288.0,MutNovel,"K1144E,0.333"
X-1441,MKI67,4288.0,MutNovel,"A872V,0.610"
X-1441,MKI67,4288.0,MutNovel,"W238R,0.556"
X-1441,MKI67,4288.0,MutNovel,"N104S,0.583"
X-1441,MKNK2,2872.0,MutNovel,"R428Q,0.643"
X-1441,MLH3,27030.0,MutNovel,"N1197K,0.758"
X-1441,MLH3,27030.0,MutNovel,"N826D,1.000"
X-1441,MLH3,27030.0,MutNovel,"T383I,0.741"
X-1441,MLL2,8085.0,MutNovel,"A2497V,0.533"
X-1441,MLL5,55904.0,MutNovel,"P905A,0.724"
X-1441,MLXIP,22877.0,MutNovel,"E397G,0.633"
X-1441,MMP11,4320.0,MutNovel,"A38V,1.000"
X-1441,MMP14,4323.0,MutNovel,"P8S,0.444"
X-1441,MMP17,4326.0,MutNovel,"A182T,0.455"
X-1441,MMP17,4326.0,MutNovel,"R279H,0.727"
X-1441,MMP23A,8511.0,Del0.8,0.44
X-1441,MMS19,64210.0,MutNovel,"V526I,0.496"
X-1441,MMS19,64210.0,MutNovel,"A68G,1.000"
X-1441,MOCOS,55034.0,MutNovel,"T170I,1.000"
X-1441,MOCOS,55034.0,MutNovel,"S184G,1.000"
X-1441,MOCOS,55034.0,MutNovel,"H225R,1.000"
X-1441,MOCOS,55034.0,MutNovel,"V358M,0.991"
X-1441,MOCOS,55034.0,MutNovel,"H703N,0.994"
X-1441,MON2,23041.0,MutNovel,"A548T,1.000"
X-1441,MOV10L1,54456.0,MutNovel,"A1179E,1.000"
X-1441,MPHOSPH10,10199.0,MutNovel,"S305N,0.713"
X-1441,MPHOSPH6,10200.0,MutNovel,"R8K,0.919"
X-1441,MPI,4351.0,MutNovel,"P4S,0.619"
X-1441,MPPE1,65258.0,MutNovel,"A268P,1.000"
X-1441,MPRIP,23164.0,MutNovel,"TS178T,1.000"
X-1441,MPV17L2,84769.0,MutNovel,"M72V,1.000"
X-1441,MRC2,9902.0,MutNovel,"R1156H,1.000"
X-1441,MRPL10,124995.0,MutNovel,"V135I,0.996"
X-1441,MRPL23,6150.0,MutNovel,"R11Q,0.285"
X-1441,MRPL23,6150.0,MutNovel,"G32S,0.335"
X-1441,MRPL28,10573.0,MutNovel,"R252T,1.000"
X-1441,MRPL28,10573.0,MutNovel,"D160E,0.996"
X-1441,MRPL39,54148.0,MutNovel,"S31P,1.000"
X-1441,MRPL4,51073.0,MutNovel,"K50T,0.365"
X-1441,MRPL40,64976.0,MutNovel,"R129H,0.401"
X-1441,MRPL45,84311.0,MutNovel,"F20S,0.647"
X-1441,MRPL45,84311.0,MutNovel,"G298V,0.704"
X-1441,MRPL52,122704.0,MutNovel,"V19A,0.405"
X-1441,MRPS31,10240.0,MutNovel,"D279N,0.787"
X-1441,MRPS7,51081.0,MutNovel,"A2V,1.000"
X-1441,MSLN,10232.0,MutNovel,"R565H,0.992"
X-1441,MT1A,4489.0,MutNovel,"T27N,1.000"
X-1441,MT1M,4499.0,MutNovel,"T20K,1.000"
X-1441,MT4,84560.0,MutNovel,"YW30CR,1.000"
X-1441,MTA1,9112.0,MutNovel,"A612T,1.000"
X-1441,MTG1,92170.0,MutNovel,"I293V,1.000"
X-1441,MTHFD1,4522.0,MutNovel,"K134R,1.000"
X-1441,MTHFD1,4522.0,MutNovel,"R653Q,0.286"
X-1441,MTIF3,219402.0,MutNovel,"F243L,1.000"
X-1441,MTMR10,54893.0,MutNovel,"R648H,0.441"
X-1441,MTMR2,8898.0,MutNovel,"K3T,0.722"
X-1441,MTOR,2475.0,MutNovel,"A1733T,0.989"
X-1441,MUC12,10071.0,MutNovel,"T312I,1.000"
X-1441,MUC12,10071.0,MutNovel,"L324F,0.429"
X-1441,MUC12,10071.0,MutNovel,"STP330LTT,0.429"
X-1441,MUC12,10071.0,MutNovel,"T2707M,0.364"
X-1441,MUC16,94025.0,MutNovel,"V14466L,1.000"
X-1441,MUC5AC,,MutNovel,"Q1237H,1.000"
X-1441,MUC5AC,,MutNovel,"P1610L,1.000"
X-1441,MUC5B,727897.0,MutNovel,"F3072S,1.000"
X-1441,MUC5B,727897.0,MutNovel,"R3468P,1.000"
X-1441,MUC5B,727897.0,MutNovel,"P4440L,1.000"
X-1441,MUM1,84939.0,MutNovel,"G220R,0.994"
X-1441,MUS81,80198.0,MutNovel,"R37H,0.381"
X-1441,MUS81,80198.0,MutNovel,"R180P,0.305"
X-1441,MXRA5,25878.0,MutNovel,"A1128V,0.667"
X-1441,MYEF2,50804.0,MutNovel,"Q426R,1.000"
X-1441,MYEF2,50804.0,MutNovel,"A91T,1.000"
X-1441,MYH14,79784.0,MutNovel,"P31T,0.269"
X-1441,MYH7B,57644.0,MutNovel,"K1007E,1.000"
X-1441,MYH7B,57644.0,MutNovel,"K1552N,0.583"
X-1441,MYO10,4651.0,MutNovel,"A206G,0.864"
X-1441,MYO18A,399687.0,MutNovel,"A958V,0.985"
X-1441,MYO18B,84700.0,MutNovel,"Q2347R,0.667"
X-1441,MYO19,80179.0,MutNovel,"Y149C,0.692"
X-1441,MYO1A,4640.0,MutNovel,"R628G,0.692"
X-1441,MYO1C,4641.0,MutNovel,"V795I,1.000"
X-1441,MYO1D,4642.0,MutNovel,"H862L,0.550"
X-1441,MYO1H,283446.0,MutNovel,"L1001P,1.000"
X-1441,MYO5B,4645.0,MutNovel,"T126A,1.000"
X-1441,MYO5C,55930.0,MutNovel,"D1544E,0.419"
X-1441,MYO7A,4647.0,MutNovel,"T1566M,0.444"
X-1441,MYO7A,4647.0,MutNovel,"S1666C,0.632"
X-1441,MYO7A,4647.0,MutNovel,"L1954I,0.840"
X-1441,MYO9A,4649.0,MutNovel,"G1193E,1.000"
X-1441,MYO9B,4650.0,MutNovel,"S1011A,0.417"
X-1441,MYO9B,4650.0,MutNovel,"V1693A,0.414"
X-1441,MYOF,26509.0,MutNovel,"T548I,0.478"
X-1441,MYOM1,8736.0,MutNovel,"G341A,1.000"
X-1441,MZT1,440145.0,MutNovel,"S5G,1.000"
X-1441,N6AMT1,29104.0,MutNovel,"K166R,1.000"
X-1441,N6AMT1,29104.0,MutNovel,"K146R,1.000"
X-1441,N6AMT1,29104.0,MutNovel,"A61S,1.000"
X-1441,N6AMT1,29104.0,MutNovel,"N34D,1.000"
X-1441,NAALADL1,10004.0,MutNovel,"L611V,0.296"
X-1441,NACA,4666.0,MutNovel,"S642T,1.000"
X-1441,NACA,4666.0,MutNovel,"F405S,1.000"
X-1441,NACA,4666.0,MutNovel,"V336E,1.000"
X-1441,NADSYN1,55191.0,MutNovel,"V74L,0.306"
X-1441,NADSYN1,55191.0,MutNovel,"Q204H,1.000"
X-1441,NAGLU,4669.0,MutNovel,"R737G,1.000"
X-1441,NARS2,79731.0,MutNovel,"N87T,1.000"
X-1441,NAT10,55226.0,MutNovel,"Y461H,1.000"
X-1441,NAV2,89797.0,MutNovel,"R109K,1.000"
X-1441,NAV2,89797.0,MutNovel,"E1041D,0.462"
X-1441,NAV2,89797.0,MutNovel,"P1077A,1.000"
X-1441,NBAS,51594.0,MutNovel,"G1471V,0.602"
X-1441,NBR1,4077.0,MutNovel,"H923R,0.996"
X-1441,NCAPD2,9918.0,MutNovel,"Q83E,1.000"
X-1441,NCAPD2,9918.0,MutNovel,"V797M,0.684"
X-1441,NCF4,4689.0,MutNovel,"L272P,1.000"
X-1441,NCLN,56926.0,MutNovel,"K551R,0.618"
X-1441,NCOA3,8202.0,MutNovel,"Q1255-,0.528"
X-1441,NCOR2,9612.0,MutNovel,"G1839GAAA,1.000"
X-1441,NCOR2,9612.0,MutNovel,"-511S,0.884"
X-1441,NCRNA00185,55410.0,Del0.8,0.29
X-1441,NDNL2,56160.0,MutNovel,"V207I,0.647"
X-1441,NDNL2,56160.0,MutNovel,"S24G,0.465"
X-1441,NDNL2,56160.0,MutNovel,"A15V,0.478"
X-1441,NDRG2,57447.0,MutNovel,"R254G,0.650"
X-1441,NDUFAF1,51103.0,MutNovel,"E176K,0.437"
X-1441,NDUFS7,374291.0,MutNovel,"P23L,1.000"
X-1441,NDUFV2,4729.0,Del0.8,0.34
X-1441,NEK9,91754.0,MutNovel,"R429H,1.000"
X-1441,NEMF,9147.0,MutNovel,"S257C,1.000"
X-1441,NEURL,9148.0,MutNovel,"G270S,0.273"
X-1441,NEURL4,84461.0,MutNovel,"P214H,1.000"
X-1441,NFATC4,4776.0,MutNovel,"G223A,0.714"
X-1441,NFATC4,4776.0,MutNovel,"S863P,1.000"
X-1441,NHLRC3,387921.0,MutNovel,"E326D,0.680"
X-1441,NKAIN4,128414.0,MutNovel,"C151G,1.000"
X-1441,NLE1,54475.0,MutNovel,"R169K,1.000"
X-1441,NLE1,54475.0,MutNovel,"P6A,1.000"
X-1441,NLGN4Y,22829.0,Del0.8,0.29
X-1441,NLRC5,84166.0,MutNovel,"N907D,1.000"
X-1441,NLRX1,79671.0,MutNovel,"P63S,1.000"
X-1441,NLRX1,79671.0,MutNovel,"A793E,1.000"
X-1441,NMB,4828.0,MutNovel,"P73T,0.410"
X-1441,NMD3,51068.0,MutNovel,"Y199C,0.242"
X-1441,NOB1,28987.0,MutNovel,"R231Q,0.884"
X-1441,NOC3L,64318.0,MutNovel,"E472A,0.504"
X-1441,NOC3L,64318.0,MutNovel,"P194L,0.639"
X-1441,NOP56,10528.0,MutNovel,"M475T,0.314"
X-1441,NOS2,4843.0,MutNovel,"S608L,0.588"
X-1441,NPAT,4863.0,MutNovel,"T816A,0.421"
X-1441,NPC1,4864.0,MutNovel,"I858V,1.000"
X-1441,NPC1,4864.0,MutNovel,"M642I,1.000"
X-1441,NPC1,4864.0,MutNovel,"H215R,1.000"
X-1441,NPEPL1,79716.0,MutNovel,"L513V,0.598"
X-1441,NPIP,9284.0,MutNovel,"L313F,1.000"
X-1441,NPIPL3,23117.0,MutNovel,"L327V,0.238"
X-1441,NPRL3,8131.0,MutKnownFunctional,"-489?,1.000"
X-1441,NRGN,4900.0,MutNovel,"A26S,1.000"
X-1441,NRIP1,8204.0,MutNovel,"R448G,1.000"
X-1441,NSFL1C,55968.0,MutNovel,"D292N,0.643"
X-1441,NT5C3L,115024.0,MutNovel,"S213C,1.000"
X-1441,NT5C3L,115024.0,MutNovel,"A209V,1.000"
X-1441,NUBP2,10101.0,MutNovel,"T180M,1.000"
X-1441,NUCB2,4925.0,MutNovel,"S303N,1.000"
X-1441,NUDT19,390916.0,MutNovel,"R142Q,0.313"
X-1441,NUDT22,84304.0,MutNovel,"Q260R,0.996"
X-1441,NUDT22,84304.0,MutNovel,"L263P,1.000"
X-1441,NUDT7,283927.0,MutNovel,"R90C,1.000"
X-1441,NUDT8,254552.0,MutNovel,"R165H,0.720"
X-1441,NUFIP1,26747.0,MutNovel,"S36R,1.000"
X-1441,NUMBL,9253.0,MutNovel,"QQQ435Q,1.000"
X-1441,NUP62,23636.0,MutNovel,"S283T,0.247"
X-1441,NUSAP1,51203.0,MutNovel,"V147D,0.500"
X-1441,NXPE2,,MutNovel,"V103A,0.643"
X-1441,NYNRIN,57523.0,MutNovel,"A978T,1.000"
X-1441,NYNRIN,57523.0,MutNovel,"P1476L,0.591"
X-1441,OAF,220323.0,MutNovel,"H210R,1.000"
X-1441,OAS1,4938.0,MutNovel,"G162S,0.640"
X-1441,OAS1,4938.0,MutNovel,"A352T,0.498"
X-1441,OAS1,4938.0,MutNovel,"R361T,0.429"
X-1441,OAS1,4938.0,MutNovel,"G397R,0.472"
X-1441,OAS2,4939.0,MutNovel,"S163R,1.000"
X-1441,OAS3,4940.0,MutNovel,"R18K,0.786"
X-1441,OBFC1,79991.0,MutNovel,"S248C,1.000"
X-1441,OBFC1,79991.0,MutNovel,"T151A,1.000"
X-1441,OLFM2,93145.0,MutNovel,"T127M,0.373"
X-1441,OLFM2,93145.0,MutNovel,"R106Q,1.000"
X-1441,OLFM4,10562.0,MutNovel,"S36P,0.462"
X-1441,ORAI1,84876.0,MutNovel,"PP43-,1.000"
X-1441,OSBPL5,114879.0,MutNovel,"A774T,0.696"
X-1441,OSCAR,126014.0,MutNovel,"I101S,1.000"
X-1441,OTOGL,283310.0,MutNovel,"A2132T,0.571"
X-1441,OTOGL,283310.0,MutNovel,"N2237S,1.000"
X-1441,OXA1L,5018.0,MutNovel,"A104V,1.000"
X-1441,OXA1L,5018.0,MutNovel,"-479S,0.639"
X-1441,P2RY2,5029.0,MutNovel,"P46L,1.000"
X-1441,P2RY2,5029.0,MutNovel,"R312S,0.333"
X-1441,PAAF1,80227.0,MutNovel,"C139S,0.453"
X-1441,PABPC3,5042.0,MutKnownFunctional,"-246,0.533"
X-1441,PABPC3,5042.0,MutKnownFunctional,"-299,0.842"
X-1441,PABPC3,5042.0,MutKnownFunctional,"-323,0.375"
X-1441,PACS1,55690.0,MutNovel,"G631D,0.701"
X-1441,PACS2,23241.0,MutNovel,"P725L,0.298"
X-1441,PAFAH1B2,5049.0,MutNovel,"V151M,1.000"
X-1441,PAK2,5062.0,MutNovel,"D200N,0.337"
X-1441,PALM3,342979.0,MutNovel,"P638A,0.793"
X-1441,PAN2,9924.0,MutNovel,"I179L,1.000"
X-1441,PANK2,80025.0,MutNovel,"G126A,1.000"
X-1441,PANX1,24145.0,MutNovel,"Q5H,1.000"
X-1441,PAOX,196743.0,MutNovel,"Q457E,1.000"
X-1441,PAPLN,89932.0,MutNovel,"M666R,1.000"
X-1441,PAPLN,89932.0,MutNovel,"T1174M,0.375"
X-1441,PAPSS2,9060.0,MutNovel,"L531P,0.558"
X-1441,PARP4,143.0,MutNovel,"I1564T,1.000"
X-1441,PARP4,143.0,MutNovel,"L1550P,1.000"
X-1441,PARP4,143.0,MutNovel,"S1459Y,0.996"
X-1441,PARP4,143.0,MutNovel,"S1394A,1.000"
X-1441,PARP4,143.0,MutNovel,"R1108C,1.000"
X-1441,PARP4,143.0,MutNovel,"L1080R,1.000"
X-1441,PARP4,143.0,MutNovel,"V1065A,1.000"
X-1441,PARP4,143.0,MutNovel,"M936T,1.000"
X-1441,PARP4,143.0,MutNovel,"A899T,0.811"
X-1441,PARP4,143.0,MutNovel,"S873N,0.240"
X-1441,PARVB,29780.0,MutNovel,"V91A,0.899"
X-1441,PATL2,197135.0,MutNovel,"V450M,1.000"
X-1441,PATL2,197135.0,MutNovel,"M88V,1.000"
X-1441,PAWR,5074.0,MutNovel,"P78R,0.280"
X-1441,PBLD,64081.0,MutNovel,"H257R,0.466"
X-1441,PCDH1,5097.0,MutNovel,"R1143H,0.969"
X-1441,PCDH11Y,83259.0,Del0.8,0.29
X-1441,PCF11,51585.0,MutNovel,"S1520G,0.280"
X-1441,PCGF6,84108.0,MutNovel,"P28RLP,0.667"
X-1441,PCK1,5105.0,MutNovel,"V184L,0.995"
X-1441,PCK1,5105.0,MutNovel,"I267V,0.665"
X-1441,PCK2,5106.0,MutNovel,"Q121P,1.000"
X-1441,PCNT,5116.0,MutNovel,"G704E,1.000"
X-1441,PCNT,5116.0,MutNovel,"V1038A,1.000"
X-1441,PCNT,5116.0,MutNovel,"P2274L,1.000"
X-1441,PCNT,5116.0,MutNovel,"Q2659H,1.000"
X-1441,PCNT,5116.0,MutNovel,"Q2792R,1.000"
X-1441,PCNT,5116.0,MutNovel,"R3245S,1.000"
X-1441,PCNXL3,399909.0,MutNovel,"Q258R,1.000"
X-1441,PCNXL3,399909.0,MutNovel,"S458C,0.762"
X-1441,PCNXL4,,MutNovel,"V177I,1.000"
X-1441,PCNXL4,,MutNovel,"G424V,0.609"
X-1441,PCSK6,5046.0,MutNovel,"C502R,0.523"
X-1441,PDCD11,22984.0,MutNovel,"A623S,0.429"
X-1441,PDCD11,22984.0,MutNovel,"L1216F,0.558"
X-1441,PDCD11,22984.0,MutNovel,"D1871A,0.471"
X-1441,PDCD4,27250.0,MutNovel,"I36V,1.000"
X-1441,PDE8A,5151.0,MutNovel,"L55V,0.391"
X-1441,PDE8A,5151.0,MutNovel,"N401S,0.336"
X-1441,PDF,64146.0,MutNovel,"W11R,0.816"
X-1441,PDHX,8050.0,MutNovel,"T101A,0.694"
X-1441,PDIA2,64714.0,MutKnownFunctional,"Q195*,1.000"
X-1441,PDIA2,64714.0,MutKnownFunctional,"-493?,1.000"
X-1441,PDPR,55066.0,MutNovel,"T29A,0.207"
X-1441,PDPR,55066.0,MutNovel,"Y110H,0.240"
X-1441,PDXDC1,23042.0,MutNovel,"I82M,1.000"
X-1441,PDXDC1,23042.0,MutNovel,"P301L,1.000"
X-1441,PDZD3,79849.0,MutNovel,"R372Q,1.000"
X-1441,PDZD7,79955.0,MutNovel,"N855T,1.000"
X-1441,PEAK1,79834.0,MutNovel,"K1453R,0.625"
X-1441,PELP1,27043.0,MutNovel,"T1126S,1.000"
X-1441,PEMT,10400.0,MutNovel,"V212M,1.000"
X-1441,PER1,5187.0,MutNovel,"A962P,1.000"
X-1441,PEX11G,92960.0,MutNovel,"C91W,1.000"
X-1441,PEX16,9409.0,MutNovel,"V116I,0.996"
X-1441,PFAS,5198.0,MutNovel,"P19S,1.000"
X-1441,PFAS,5198.0,MutNovel,"L621P,1.000"
X-1441,PFKM,5213.0,MutNovel,"H2L,0.750"
X-1441,PFKM,5213.0,MutNovel,"R171Q,0.297"
X-1441,PGBD3,267004.0,MutNovel,"R382K,1.000"
X-1441,PGM2L1,283209.0,MutNovel,"V531I,0.649"
X-1441,PHACTR4,65979.0,MutKnownFunctional,"-61?,0.364"
X-1441,PHC1,1911.0,MutNovel,"R911H,1.000"
X-1441,PHF20,51230.0,MutNovel,"V605M,0.517"
X-1441,PHLDA1,22822.0,MutNovel,"QQ194Q,1.000"
X-1441,PHLPP1,23239.0,MutNovel,"A356T,0.917"
X-1441,PHRF1,57661.0,MutNovel,"V1448A,1.000"
X-1441,PIDD,55367.0,MutNovel,"Q331R,1.000"
X-1441,PIEZO1,9780.0,MutNovel,"R407G,0.884"
X-1441,PIEZO1,9780.0,MutNovel,"V394L,0.921"
X-1441,PIEZO1,9780.0,MutNovel,"V250A,1.000"
X-1441,PIEZO1,9780.0,MutNovel,"I83T,1.000"
X-1441,PIF1,80119.0,MutNovel,"I640N,0.475"
X-1441,PIGB,9488.0,MutNovel,"W299L,0.480"
X-1441,PIGB,9488.0,MutNovel,"L478V,0.459"
X-1441,PIGN,23556.0,MutNovel,"H229D,1.000"
X-1441,PIGP,51227.0,MutNovel,"A9T,1.000"
X-1441,PIH1D1,55011.0,MutNovel,"P287L,0.582"
X-1441,PIH1D1,55011.0,MutNovel,"V224I,1.000"
X-1441,PIH1D1,55011.0,MutNovel,"MG9LE,0.996"
X-1441,PIK3AP1,118788.0,MutNovel,"K638R,0.345"
X-1441,PIK3C2A,5286.0,MutNovel,"T1415A,0.356"
X-1441,PIK3IP1,113791.0,MutNovel,"T251S,0.366"
X-1441,PIK3R2,5296.0,MutNovel,"S313P,1.000"
X-1441,PIKFYVE,200576.0,MutNovel,"F1273L,0.800"
X-1441,PIM3,415116.0,MutNovel,"V300A,1.000"
X-1441,PITPNM3,83394.0,MutNovel,"A80T,1.000"
X-1441,PKD1,5310.0,MutNovel,"I4045V,1.000"
X-1441,PKD1,5310.0,MutNovel,"F3066L,1.000"
X-1441,PKD1,5310.0,MutNovel,"W1399R,1.000"
X-1441,PKD1,5310.0,MutNovel,"M1092T,1.000"
X-1441,PLA2G3,50487.0,MutNovel,"S70A,1.000"
X-1441,PLA2G4F,255189.0,MutNovel,"M740V,1.000"
X-1441,PLA2G4F,255189.0,MutNovel,"S732I,0.574"
X-1441,PLA2G4F,255189.0,MutNovel,"A433T,0.400"
X-1441,PLAU,5328.0,MutNovel,"L141P,1.000"
X-1441,PLAUR,5329.0,MutNovel,"L317P,0.705"
X-1441,PLBD1,79887.0,MutNovel,"P534A,0.574"
X-1441,PLBD1,79887.0,MutNovel,"V265I,0.996"
X-1441,PLBD2,196463.0,MutNovel,"Q54P,0.698"
X-1441,PLCB4,5332.0,MutNovel,"A21T,1.000"
X-1441,PLCD3,113026.0,MutKnownFunctional,"-541?,1.000"
X-1441,PLCE1,51196.0,MutNovel,"R548L,1.000"
X-1441,PLCE1,51196.0,MutNovel,"R1575P,0.625"
X-1441,PLCG1,5335.0,MutNovel,"I813T,0.691"
X-1441,PLD2,5338.0,MutNovel,"T577I,1.000"
X-1441,PLEC,5339.0,MutNovel,"R1963W,0.500"
X-1441,PLEKHA1,59338.0,MutNovel,"T320A,0.548"
X-1441,PLEKHG2,64857.0,MutNovel,"P453R,0.714"
X-1441,PLEKHG6,55200.0,MutNovel,"A35T,0.683"
X-1441,PLEKHG7,440107.0,MutNovel,"M212T,1.000"
X-1441,PLEKHH1,57475.0,MutNovel,"M438V,0.561"
X-1441,PLIN1,5346.0,MutNovel,"P194A,1.000"
X-1441,PLIN3,10226.0,MutNovel,"V275A,1.000"
X-1441,PLIN3,10226.0,MutNovel,"I56V,0.996"
X-1441,PLIN4,729359.0,MutNovel,"A1124T,0.444"
X-1441,PLIN4,729359.0,MutNovel,"K860N,0.800"
X-1441,PLIN4,729359.0,MutNovel,"A826V,0.923"
X-1441,PLIN4,729359.0,MutNovel,"M802T,1.000"
X-1441,PLIN4,729359.0,MutNovel,"K761N,1.000"
X-1441,PLIN4,729359.0,MutNovel,"N728K,0.444"
X-1441,PLIN4,729359.0,MutNovel,"S659G,1.000"
X-1441,PLIN4,729359.0,MutNovel,"T421A,1.000"
X-1441,PLIN5,440503.0,MutNovel,"R306W,1.000"
X-1441,PLIN5,440503.0,MutNovel,"C255R,1.000"
X-1441,PLK1S1,55857.0,MutNovel,"H139Q,1.000"
X-1441,PLK1S1,55857.0,MutNovel,"M236T,1.000"
X-1441,PLXNB2,23654.0,MutNovel,"I823V,0.337"
X-1441,PLXNB3,5365.0,MutNovel,"E1179D,1.000"
X-1441,PLXNB3,5365.0,MutNovel,"M1558T,1.000"
X-1441,PMFBP1,83449.0,MutNovel,"K913N,1.000"
X-1441,PML,5371.0,MutNovel,"S772G,0.532"
X-1441,PML,5371.0,MutNovel,"A802P,0.527"
X-1441,PNLIPRP2,5408.0,MutNovel,"E358G,1.000"
X-1441,PNLIPRP2,5408.0,MutNovel,"Q387R,0.990"
X-1441,PNMT,5409.0,MutNovel,"R153W,0.429"
X-1441,PNN,5411.0,MutNovel,"T441S,1.000"
X-1441,PNPLA2,57104.0,MutNovel,"L481P,1.000"
X-1441,PNPLA3,80339.0,MutNovel,"K434E,1.000"
X-1441,POC1B-GALNT4,100528030.0,MutNovel,"V503I,0.375"
X-1441,POC1B-GALNT4,100528030.0,MutNovel,"I267T,0.370"
X-1441,POLA2,23649.0,MutNovel,"G583R,1.000"
X-1441,POLDIP2,26073.0,MutKnownFunctional,"-28?,1.000"
X-1441,POLDIP2,26073.0,MutNovel,"S28G,0.592"
X-1441,POLDIP2,26073.0,MutNovel,"Q27P,0.391"
X-1441,POLDIP2,26073.0,MutKnownFunctional,"-27?,0.882"
X-1441,POLE,5426.0,MutNovel,"N1396S,0.329"
X-1441,POLG,5428.0,MutNovel,"E1143G,0.472"
X-1441,POLI,11201.0,MutNovel,"A731T,1.000"
X-1441,POLQ,10721.0,MutKnownFunctional,"R2043*,0.696"
X-1441,POLR2A,5430.0,MutNovel,"A1835T,1.000"
X-1441,POLR2E,5434.0,MutNovel,"S44F,1.000"
X-1441,POLR2F,5435.0,MutNovel,"K98R,0.270"
X-1441,POLR3B,55703.0,MutNovel,"T740A,0.500"
X-1441,POLR3K,51728.0,MutNovel,"S24A,1.000"
X-1441,POLRMT,5442.0,MutNovel,"E555A,1.000"
X-1441,POU2F3,25833.0,MutNovel,"H154R,0.857"
X-1441,PPAP2C,8612.0,MutNovel,"A201V,0.250"
X-1441,PPCDC,60490.0,MutNovel,"I78M,1.000"
X-1441,PPFIA3,8541.0,MutNovel,"A563S,0.625"
X-1441,PPFIBP1,8496.0,MutNovel,"V148L,1.000"
X-1441,PPFIBP2,8495.0,MutNovel,"R658G,1.000"
X-1441,PPHLN1,51535.0,MutNovel,"Q341P,1.000"
X-1441,PPIP5K1,9677.0,MutNovel,"I1380N,0.606"
X-1441,PPL,5493.0,MutNovel,"Q1573E,1.000"
X-1441,PPL,5493.0,MutNovel,"R819S,1.000"
X-1441,PPL,5493.0,MutNovel,"R589Q,1.000"
X-1441,PPM1F,9647.0,MutNovel,"R132C,0.630"
X-1441,PPP1R12C,54776.0,MutNovel,"P536L,0.324"
X-1441,PPP1R1A,5502.0,MutNovel,"E109G,1.000"
X-1441,PPP1R36,145376.0,MutNovel,"T83I,0.296"
X-1441,PPP2R3B,28227.0,MutNovel,"LA853PA,1.000"
X-1441,PPP2R3B,28227.0,MutNovel,"A153T,0.908"
X-1441,PPP2R5C,5527.0,MutNovel,"A546P,0.421"
X-1441,PPP6R2,9701.0,MutNovel,"R732K,0.992"
X-1441,PRAP1,118471.0,MutNovel,"H101R,1.000"
X-1441,PRC1,9055.0,MutNovel,"A187E,1.000"
X-1441,PRCP,5547.0,MutNovel,"E133D,0.360"
X-1441,PRDM10,56980.0,MutNovel,"T573A,1.000"
X-1441,PRDM15,63977.0,MutNovel,"S1481P,1.000"
X-1441,PRDX5,25824.0,MutNovel,"Y33C,1.000"
X-1441,PREX1,57580.0,MutNovel,"K1340E,1.000"
X-1441,PREX1,57580.0,MutNovel,"V1240I,0.694"
X-1441,PREX1,57580.0,MutNovel,"Q786H,0.681"
X-1441,PREX1,57580.0,MutNovel,"V659M,0.812"
X-1441,PRIC285,85441.0,MutNovel,"Q2049E,1.000"
X-1441,PRIC285,85441.0,MutNovel,"P2016L,1.000"
X-1441,PRIC285,85441.0,MutNovel,"R1329W,0.696"
X-1441,PRIC285,85441.0,MutNovel,"H1123R,1.000"
X-1441,PRIC285,85441.0,MutNovel,"S788N,1.000"
X-1441,PRKCA,5578.0,MutNovel,"V568I,1.000"
X-1441,PRKCDBP,112464.0,MutNovel,"L158P,0.710"
X-1441,PRKCDBP,112464.0,MutNovel,"R8P,1.000"
X-1441,PRKCSH,5589.0,MutNovel,"A291T,0.611"
X-1441,PRKD2,25865.0,MutNovel,"V835A,0.995"
X-1441,PRKY,5616.0,Del0.8,0.29
X-1441,PRMT3,10196.0,MutNovel,"S508N,0.995"
X-1441,PRODH,5625.0,MutNovel,"R521Q,1.000"
X-1441,PRODH,5625.0,MutNovel,"R431H,0.619"
X-1441,PRODH,5625.0,MutNovel,"W185R,1.000"
X-1441,PRODH,5625.0,MutNovel,"P19Q,1.000"
X-1441,PRR14,78994.0,MutNovel,"P359L,1.000"
X-1441,PRR14L,253143.0,MutNovel,"S1221L,0.367"
X-1441,PRR14L,253143.0,MutNovel,"T961I,0.346"
X-1441,PRR14L,253143.0,MutNovel,"P946L,0.343"
X-1441,PRR14L,253143.0,MutNovel,"N455S,0.440"
X-1441,PRR14L,253143.0,MutNovel,"S221R,0.593"
X-1441,PRR24,255783.0,MutNovel,"R79L,0.712"
X-1441,PRR4,11272.0,MutNovel,"Q120R,1.000"
X-1441,PRR4,11272.0,MutNovel,"R96Q,1.000"
X-1441,PRR5-ARHGAP8,553158.0,MutNovel,"V439I,0.667"
X-1441,PRR5L,79899.0,MutNovel,"A41T,1.000"
X-1441,PRSS36,146547.0,MutNovel,"P331S,0.600"
X-1441,PRSS53,339105.0,MutNovel,"P406A,0.778"
X-1441,PRSS53,339105.0,MutNovel,"P148S,0.471"
X-1441,PRX,57716.0,MutNovel,"G1132R,1.000"
X-1441,PRY,9081.0,Del0.8,0.29
X-1441,PRY,9081.0,Del0.8,0.29
X-1441,PRY2,442862.0,Del0.8,0.29
X-1441,PRY2,442862.0,Del0.8,0.29
X-1441,PSMD13,5719.0,MutNovel,"N13S,1.000"
X-1441,PSMD13,5719.0,MutNovel,"EN54GD,1.000"
X-1441,PSMD13,5719.0,MutNovel,"R62W,1.000"
X-1441,PSMD13,5719.0,MutNovel,"A66T,1.000"
X-1441,PSMD6,9861.0,MutNovel,"E238Q,0.494"
X-1441,PSMD9,5715.0,MutNovel,"V17A,1.000"
X-1441,PSMD9,5715.0,MutNovel,"E197G,0.354"
X-1441,PSME2,5721.0,MutNovel,"H89P,1.000"
X-1441,PSMF1,9491.0,MutNovel,"F36C,1.000"
X-1441,PSMF1,9491.0,MutNovel,"V192A,0.681"
X-1441,PTGDR2,11251.0,MutNovel,"V204A,1.000"
X-1441,PTPLAD1,51495.0,MutNovel,"M269L,0.490"
X-1441,PTPN21,11099.0,MutNovel,"L385F,0.300"
X-1441,PTPRH,5794.0,MutNovel,"I1076V,0.354"
X-1441,PTPRH,5794.0,MutNovel,"R1038W,0.371"
X-1441,PTPRH,5794.0,MutNovel,"K823E,1.000"
X-1441,PTPRJ,5795.0,MutNovel,"P445L,0.738"
X-1441,PTPRR,5801.0,MutNovel,"K314R,0.222"
X-1441,PTPRS,5802.0,MutNovel,"C1457R,1.000"
X-1441,PUS7L,83448.0,MutNovel,"I92M,0.742"
X-1441,PVR,5817.0,MutNovel,"I340M,0.994"
X-1441,PVR,5817.0,MutNovel,"R391S,0.413"
X-1441,PWP1,11137.0,MutNovel,"L288F,0.391"
X-1441,PWWP2B,170394.0,MutNovel,"R89C,0.650"
X-1441,PWWP2B,170394.0,MutNovel,"R98G,0.673"
X-1441,PXMP4,11264.0,MutNovel,"V204I,1.000"
X-1441,PXN,5829.0,MutNovel,"S73G,1.000"
X-1441,PYROXD2,84795.0,MutNovel,"A533T,0.778"
X-1441,PYROXD2,84795.0,MutNovel,"M461T,0.840"
X-1441,QSER1,79832.0,MutNovel,"V385I,1.000"
X-1441,QSER1,79832.0,MutNovel,"N1018S,1.000"
X-1441,R3HCC1L,,MutNovel,"T267A,0.425"
X-1441,R3HCC1L,,MutNovel,"H566R,0.564"
X-1441,R3HCC1L,,MutNovel,"H656R,1.000"
X-1441,RAB36,9609.0,MutNovel,"N308D,0.600"
X-1441,RAD9A,5883.0,MutNovel,"E183-,0.452"
X-1441,RAI2,10742.0,MutNovel,"M252V,1.000"
X-1441,RALGAPA1,253959.0,MutNovel,"T931A,0.296"
X-1441,RALY,22913.0,MutNovel,"A230AS,1.000"
X-1441,RAPGEF3,10411.0,MutNovel,"R193G,1.000"
X-1441,RAPGEF3,10411.0,MutNovel,"A16P,0.667"
X-1441,RASAL1,8437.0,MutNovel,"R321H,0.330"
X-1441,RASIP1,54922.0,MutNovel,"R601C,0.981"
X-1441,RASSF10,644943.0,MutNovel,"C463S,0.714"
X-1441,RASSF7,8045.0,MutNovel,"P319L,0.297"
X-1441,RBFA,79863.0,MutNovel,"K276Q,1.000"
X-1441,RBFOX1,54715.0,Del0.8,0.44
X-1441,RBL2,5934.0,MutNovel,"E575Q,0.857"
X-1441,RBM19,9904.0,MutNovel,"R921Q,0.319"
X-1441,RBM19,9904.0,MutNovel,"Q602E,1.000"
X-1441,RBM23,55147.0,MutNovel,"F428L,0.602"
X-1441,RBM23,55147.0,MutNovel,"A393AP,1.000"
X-1441,RBMY1A3P,286557.0,Del0.8,0.29
X-1441,RBMY1B,378948.0,Del0.8,0.29
X-1441,RBMY1B,378948.0,Del0.8,0.29
X-1441,RBMY1E,378950.0,Del0.8,0.29
X-1441,RBMY1E,378950.0,Del0.8,0.29
X-1441,RBMY1F,159163.0,Del0.8,0.29
X-1441,RBMY1F,159163.0,Del0.8,0.29
X-1441,RBMY1J,378951.0,Del0.8,0.29
X-1441,RBMY1J,378951.0,Del0.8,0.29
X-1441,RBMY2EP,159125.0,Del0.8,0.29
X-1441,RBMY2FP,159162.0,Del0.8,0.29
X-1441,RBMY3AP,64593.0,Del0.8,0.29
X-1441,RBP5,83758.0,MutNovel,"M115L,1.000"
X-1441,RCBTB1,55213.0,MutNovel,"A24V,1.000"
X-1441,RCOR2,283248.0,MutNovel,"T514A,1.000"
X-1441,RECQL4,9401.0,MutNovel,"-859CT,0.390"
X-1441,RELT,84957.0,MutNovel,"R422W,0.629"
X-1441,REP15,387849.0,MutNovel,"N101D,1.000"
X-1441,REXO1,57455.0,MutNovel,"S759P,1.000"
X-1441,REXO1,57455.0,MutNovel,"V408A,0.417"
X-1441,REXO1,57455.0,MutNovel,"S39P,1.000"
X-1441,RFNG,5986.0,MutNovel,"H288Q,1.000"
X-1441,RFWD3,55159.0,MutNovel,"T90N,0.899"
X-1441,RFX1,5989.0,MutNovel,"T370A,0.429"
X-1441,RFX2,5990.0,MutNovel,"A86T,1.000"
X-1441,RFX7,64864.0,MutNovel,"N1117H,1.000"
X-1441,RGL3,57139.0,MutNovel,"A164V,1.000"
X-1441,RGL3,57139.0,MutNovel,"P162H,1.000"
X-1441,RGL4,266747.0,MutNovel,"Q24R,1.000"
X-1441,RGL4,266747.0,MutNovel,"H241Y,0.967"
X-1441,RHBDF2,79651.0,MutNovel,"P208L,0.986"
X-1441,RHCG,51458.0,MutNovel,"R202C,0.500"
X-1441,RHOD,29984.0,MutNovel,"C134R,1.000"
X-1441,RILP,83547.0,MutNovel,"G284S,1.000"
X-1441,RIN3,79890.0,MutNovel,"H215R,1.000"
X-1441,RIN3,79890.0,MutNovel,"R279C,0.500"
X-1441,RINL,126432.0,MutNovel,"P402L,0.300"
X-1441,RIOK2,55781.0,MutKnownFunctional,"-494,0.455"
X-1441,RIPK3,11035.0,MutNovel,"T300M,0.313"
X-1441,RIPK4,54101.0,MutNovel,"M666V,0.973"
X-1441,RNASE4,6038.0,MutNovel,"T16S,0.704"
X-1441,RNF111,54778.0,MutNovel,"N9K,1.000"
X-1441,RNF111,54778.0,MutNovel,"I296M,0.638"
X-1441,RNF113A,7737.0,MutNovel,"D336N,0.989"
X-1441,RNF213,57674.0,MutNovel,"P729L,1.000"
X-1441,RNF213,57674.0,MutNovel,"N1045D,1.000"
X-1441,RNF213,57674.0,MutNovel,"V1195M,1.000"
X-1441,RNF213,57674.0,MutNovel,"E1272Q,1.000"
X-1441,RNF213,57674.0,MutNovel,"D1331G,1.000"
X-1441,RNF215,200312.0,MutNovel,"A322T,0.289"
X-1441,RNF40,9810.0,MutNovel,"Q615R,1.000"
X-1441,RNF43,54894.0,MutNovel,"R343H,0.996"
X-1441,RNH1,6050.0,MutNovel,"P170L,0.379"
X-1441,ROM1,6094.0,MutNovel,"G118A,1.000"
X-1441,RPAP1,26015.0,MutNovel,"Q825E,1.000"
X-1441,RPAP1,26015.0,MutNovel,"R582G,0.492"
X-1441,RPGR,6103.0,MutNovel,"V1144I,1.000"
X-1441,RPL10,6134.0,MutNovel,"I148V,1.000"
X-1441,RPL13,6137.0,MutNovel,"A112T,0.734"
X-1441,RPS4Y1,6192.0,Del0.8,0.29
X-1441,RPS4Y2,140032.0,Del0.8,0.29
X-1441,RPS6KA4,8986.0,MutNovel,"S758A,1.000"
X-1441,RPS6KB2,6199.0,MutNovel,"A420V,0.650"
X-1441,RPS6KL1,83694.0,MutNovel,"P121L,1.000"
X-1441,RPS6KL1,83694.0,MutNovel,"R21Q,1.000"
X-1441,RRBP1,6238.0,MutNovel,"S766L,0.996"
X-1441,RRBP1,6238.0,MutNovel,"L610H,0.996"
X-1441,RRP12,23223.0,MutNovel,"G1145S,0.432"
X-1441,RRP1B,23076.0,MutNovel,"L436P,1.000"
X-1441,RTEL1,51750.0,MutNovel,"Q1066H,0.995"
X-1441,RTKN2,219790.0,MutNovel,"H462R,0.400"
X-1441,RTN3,10313.0,MutNovel,"A6E,0.336"
X-1441,RTTN,25914.0,MutNovel,"F1761S,1.000"
X-1441,RTTN,25914.0,MutNovel,"S126A,1.000"
X-1441,RUNDC1,146923.0,MutNovel,"W160R,1.000"
X-1441,RYK,6259.0,MutNovel,"A275T,0.232"
X-1441,SAA1,6288.0,MutNovel,"V75A,1.000"
X-1441,SAAL1,113174.0,MutNovel,"G42E,0.294"
X-1441,SAC3D1,29901.0,MutNovel,"L109R,1.000"
X-1441,SAMM50,25813.0,MutNovel,"I345V,1.000"
X-1441,SART1,9092.0,MutNovel,"G485A,0.318"
X-1441,SBNO1,55206.0,MutNovel,"S729N,0.312"
X-1441,SCAF11,9169.0,MutNovel,"F657Y,1.000"
X-1441,SCAF11,9169.0,MutNovel,"G350S,0.716"
X-1441,SCARF1,8578.0,MutNovel,"G667S,1.000"
X-1441,SCARF1,8578.0,MutNovel,"A425V,1.000"
X-1441,SCD,6319.0,MutNovel,"M224L,0.594"
X-1441,SCFD1,23256.0,MutNovel,"K63R,0.603"
X-1441,SCNN1A,6337.0,MutNovel,"T722A,1.000"
X-1441,SCNN1A,6337.0,MutNovel,"L465I,0.378"
X-1441,SCO2,9997.0,MutNovel,"R20P,0.768"
X-1441,SCRN2,90507.0,MutNovel,"M323V,1.000"
X-1441,SCRN2,90507.0,MutNovel,"K103R,1.000"
X-1441,SCUBE2,57758.0,MutNovel,"H684Q,1.000"
X-1441,SCYL1,57410.0,MutNovel,"D645N,0.332"
X-1441,SDC4,6385.0,MutNovel,"F12L,1.000"
X-1441,SDHAF1,644096.0,MutNovel,"C90S,1.000"
X-1441,SDR39U1,56948.0,MutNovel,"Q270R,1.000"
X-1441,SDR39U1,56948.0,MutNovel,"L232F,1.000"
X-1441,SDR39U1,56948.0,MutNovel,"I79L,1.000"
X-1441,SEC14L1,6397.0,MutNovel,"T188P,1.000"
X-1441,SEC14L4,284904.0,MutNovel,"E211K,0.909"
X-1441,SEC14L4,284904.0,MutNovel,"V200M,0.846"
X-1441,SEC14L4,284904.0,MutNovel,"R124G,0.875"
X-1441,SEC14L4,284904.0,MutNovel,"S3G,1.000"
X-1441,SEC23A,10484.0,MutNovel,"L636F,0.653"
X-1441,SEC23A,10484.0,MutNovel,"L211V,0.996"
X-1441,SEC23B,10483.0,MutNovel,"H489Q,0.663"
X-1441,SEC23IP,11196.0,MutNovel,"A241S,0.500"
X-1441,SECISBP2L,9728.0,MutNovel,"V710L,1.000"
X-1441,SEH1L,81929.0,MutNovel,"T342N,1.000"
X-1441,SELO,83642.0,MutNovel,"V3A,0.395"
X-1441,SELO,83642.0,MutNovel,"T167N,0.364"
X-1441,SELO,83642.0,MutNovel,"E630K,0.373"
X-1441,SEMA4G,57715.0,MutKnownFunctional,"W284*,0.250"
X-1441,SEMA4G,57715.0,MutNovel,"M612T,0.221"
X-1441,SENP8,123228.0,MutNovel,"T207A,1.000"
X-1441,2014-09-09 00:00:00,10801.0,MutNovel,"M576V,1.000"
X-1441,SERHL2,253190.0,MutNovel,"H168Q,0.788"
X-1441,SERINC2,347735.0,MutNovel,"-373Q,1.000"
X-1441,SERPINA1,5265.0,MutNovel,"V237A,0.718"
X-1441,SERPINA3,12.0,MutNovel,"A9T,1.000"
X-1441,SERPINB8,5271.0,MutNovel,"H359R,1.000"
X-1441,SERPING1,710.0,MutNovel,"V480M,1.000"
X-1441,SERTAD1,29950.0,MutNovel,"T31A,0.310"
X-1441,SETD1A,9739.0,MutNovel,"S341F,0.984"
X-1441,SETD4,54093.0,MutNovel,"E403A,1.000"
X-1441,SETDB2,83852.0,MutNovel,"E117G,1.000"
X-1441,SETDB2,83852.0,MutNovel,"V473M,1.000"
X-1441,SEZ6L2,26470.0,MutNovel,"R74P,1.000"
X-1441,SFI1,9814.0,MutNovel,"Y322H,1.000"
X-1441,SFI1,9814.0,MutNovel,"W330R,0.299"
X-1441,SFI1,9814.0,MutNovel,"L1087P,0.321"
X-1441,SFSWAP,6433.0,MutNovel,"L421P,1.000"
X-1441,SGK2,10110.0,MutNovel,"S12T,0.500"
X-1441,SGSM2,9905.0,MutNovel,"R238K,1.000"
X-1441,SGSM2,9905.0,MutNovel,"R374Q,1.000"
X-1441,SH2B3,10019.0,MutNovel,"W262R,1.000"
X-1441,SH3BGR,6450.0,MutNovel,"D23E,1.000"
X-1441,SH3BGR,6450.0,MutNovel,"V188A,1.000"
X-1441,SHCBP1,79801.0,MutNovel,"S54C,0.919"
X-1441,SHCBP1,79801.0,MutNovel,"M21T,1.000"
X-1441,SHF,90525.0,MutNovel,"A177P,0.980"
X-1441,SHPK,23729.0,MutNovel,"D421E,1.000"
X-1441,SIGIRR,59307.0,MutNovel,"Q312R,1.000"
X-1441,SIGIRR,59307.0,MutNovel,"S80Y,0.685"
X-1441,SIGLEC12,89858.0,MutNovel,"P546Q,0.600"
X-1441,SIM2,6493.0,MutNovel,"L483M,1.000"
X-1441,SIPA1L3,23094.0,MutNovel,"R1468Q,0.432"
X-1441,SIRT3,23410.0,MutNovel,"V208I,1.000"
X-1441,SIRT6,51548.0,MutNovel,"S46N,1.000"
X-1441,SIX5,147912.0,MutNovel,"V693M,0.327"
X-1441,SIX5,147912.0,MutNovel,"P635S,0.769"
X-1441,SIX5,147912.0,MutNovel,"L556V,1.000"
X-1441,SKA1,220134.0,MutNovel,"V91I,1.000"
X-1441,SKA3,221150.0,MutNovel,"D335E,0.323"
X-1441,SLC12A2,6558.0,MutNovel,"Q515H,0.996"
X-1441,SLC16A9,220963.0,MutNovel,"T258K,0.783"
X-1441,SLC17A9,63910.0,MutNovel,"N228S,1.000"
X-1441,SLC19A1,6573.0,MutNovel,"H27R,1.000"
X-1441,SLC22A18,5002.0,MutNovel,"A6T,0.352"
X-1441,SLC22A18,5002.0,MutNovel,"R12Q,0.313"
X-1441,SLC22A18,5002.0,MutNovel,"W324C,0.629"
X-1441,SLC24A1,9187.0,MutNovel,"L313V,0.484"
X-1441,SLC25A43,203427.0,MutNovel,"P334L,1.000"
X-1441,SLC25A5,292.0,MutNovel,"L111R,1.000"
X-1441,SLC27A2,11001.0,MutNovel,"K48Q,1.000"
X-1441,SLC29A3,55315.0,MutNovel,"S158F,1.000"
X-1441,SLC29A3,55315.0,MutNovel,"V239I,1.000"
X-1441,SLC29A3,55315.0,MutNovel,"I326V,1.000"
X-1441,SLC2A11,66035.0,MutNovel,"RL239QL,0.357"
X-1441,SLC2A4RG,56731.0,MutNovel,"E233D,0.649"
X-1441,SLC35E2,9906.0,Del0.8,0.44
X-1441,SLC37A1,54020.0,MutNovel,"V414I,0.995"
X-1441,SLC38A10,124565.0,MutNovel,"II1071I,1.000"
X-1441,SLC38A10,124565.0,MutNovel,"A831G,0.992"
X-1441,SLC38A6,145389.0,MutNovel,"L70M,1.000"
X-1441,SLC39A11,201266.0,MutNovel,"T111A,1.000"
X-1441,SLC39A13,91252.0,MutNovel,"E28G,1.000"
X-1441,SLC39A2,29986.0,MutNovel,"F115L,0.450"
X-1441,SLC39A5,283375.0,MutNovel,"S374T,0.674"
X-1441,SLC39A6,25800.0,MutNovel,"E119D,0.993"
X-1441,SLC44A2,57153.0,MutNovel,"Q154R,1.000"
X-1441,SLC5A3,6526.0,MutNovel,"T50A,1.000"
X-1441,SLC5A3,6526.0,MutNovel,"Q566K,1.000"
X-1441,SLC6A12,6539.0,MutNovel,"C10R,1.000"
X-1441,SLC6A4,6532.0,MutNovel,"R607C,0.421"
X-1441,SLC7A8,23428.0,MutNovel,"A94T,0.658"
X-1441,SLC7A9,11136.0,MutNovel,"L223M,1.000"
X-1441,SLC7A9,11136.0,MutNovel,"V142A,1.000"
X-1441,SLCO1B1,10599.0,MutNovel,"V174A,1.000"
X-1441,SLCO1B3,28234.0,MutNovel,"S112A,1.000"
X-1441,SLCO1B3,28234.0,MutNovel,"M233I,1.000"
X-1441,SLCO1B7,338821.0,MutNovel,"V167A,1.000"
X-1441,SLCO1B7,338821.0,MutNovel,"A338T,1.000"
X-1441,SLCO2B1,11309.0,MutNovel,"R312Q,0.591"
X-1441,SLCO2B1,11309.0,MutNovel,"I392T,1.000"
X-1441,SLCO3A1,28232.0,MutNovel,"E294D,1.000"
X-1441,SLCO4A1,28231.0,MutNovel,"V78I,0.644"
X-1441,SLFN5,162394.0,MutNovel,"P787L,0.889"
X-1441,SLK,9748.0,MutNovel,"T697I,0.422"
X-1441,SMC3,9126.0,MutNovel,"K427R,0.545"
X-1441,SMCHD1,23347.0,MutNovel,"V708I,1.000"
X-1441,SMCHD1,23347.0,MutNovel,"K879N,1.000"
X-1441,SMCR7,125170.0,MutNovel,"A204S,1.000"
X-1441,SMCR7,125170.0,MutNovel,"G335E,1.000"
X-1441,SMCR8,140775.0,MutNovel,"R556H,0.971"
X-1441,SMG6,23293.0,MutNovel,"N575S,1.000"
X-1441,SMG6,23293.0,MutNovel,"N341T,1.000"
X-1441,SMG6,23293.0,MutNovel,"R291P,1.000"
X-1441,SMPD1,6609.0,MutNovel,"V36A,1.000"
X-1441,SMTN,6525.0,MutNovel,"A632P,0.708"
X-1441,SMTN,6525.0,MutNovel,"A644V,0.703"
X-1441,SMYD4,114826.0,MutNovel,"R562W,1.000"
X-1441,SNAPC4,6621.0,MutNovel,"S542-,0.478"
X-1441,SNX19,399979.0,MutNovel,"L878R,1.000"
X-1441,SNX19,399979.0,MutNovel,"N753S,0.991"
X-1441,SNX19,399979.0,MutNovel,"L618F,1.000"
X-1441,SNX19,399979.0,MutNovel,"V361L,1.000"
X-1441,SOCS7,30837.0,MutNovel,"K572R,0.357"
X-1441,SOGA2,,MutNovel,"M242T,1.000"
X-1441,SOGA2,,MutNovel,"D538G,1.000"
X-1441,SON,6651.0,MutNovel,"S1202L,1.000"
X-1441,SON,6651.0,MutNovel,"R1575C,1.000"
X-1441,SORBS1,10580.0,MutNovel,"L61P,1.000"
X-1441,SORL1,6653.0,MutNovel,"Q1074E,1.000"
X-1441,SORL1,6653.0,MutNovel,"V1967I,1.000"
X-1441,SPATA20,64847.0,MutNovel,"K625R,1.000"
X-1441,SPATA5L1,79029.0,MutNovel,"R252Q,0.667"
X-1441,SPATA7,55812.0,MutNovel,"D2N,0.737"
X-1441,SPATA7,55812.0,MutNovel,"V74M,0.257"
X-1441,SPECC1L,23384.0,MutNovel,"D301G,1.000"
X-1441,SPECC1L,23384.0,MutNovel,"V951M,1.000"
X-1441,SPERT,220082.0,MutNovel,"R251W,0.560"
X-1441,SPHK1,8877.0,MutNovel,"A34T,1.000"
X-1441,SPNS3,201305.0,MutNovel,"G293R,1.000"
X-1441,SPON1,10418.0,MutKnownFunctional,"-201?,1.000"
X-1441,SPON1,10418.0,MutNovel,"N288S,1.000"
X-1441,SPRY2,10253.0,MutNovel,"P106S,1.000"
X-1441,SPRYD4,283377.0,MutNovel,"M50T,1.000"
X-1441,SPTBN2,6712.0,MutNovel,"S825G,1.000"
X-1441,SPTBN5,51332.0,MutNovel,"A3240G,1.000"
X-1441,SPTBN5,51332.0,MutNovel,"G2786R,1.000"
X-1441,SPTBN5,51332.0,MutNovel,"R1310H,1.000"
X-1441,SPTBN5,51332.0,MutNovel,"C1000R,1.000"
X-1441,SPTBN5,51332.0,MutNovel,"H398R,1.000"
X-1441,SPTLC3,55304.0,MutNovel,"L140V,1.000"
X-1441,SRCAP,10847.0,MutNovel,"T2374N,0.554"
X-1441,SRGN,5552.0,MutNovel,"R31Q,1.000"
X-1441,SRP14,6727.0,MutNovel,"P124A,1.000"
X-1441,SRRD,402055.0,MutNovel,"A99T,0.990"
X-1441,SRRM5,100170229.0,MutNovel,"D640N,0.600"
X-1441,SRSF8,10929.0,MutKnownFunctional,"-171?,1.000"
X-1441,SRY,6736.0,Del0.8,0.29
X-1441,SSH2,85464.0,MutNovel,"R688Q,0.644"
X-1441,ST5,6764.0,MutNovel,"D399E,1.000"
X-1441,ST6GALNAC1,55808.0,MutNovel,"V80A,1.000"
X-1441,STAMBPL1,57559.0,MutNovel,"S196N,0.397"
X-1441,STAP2,55620.0,MutNovel,"D93N,0.667"
X-1441,STARD13,90627.0,MutNovel,"R383P,0.455"
X-1441,STON2,85439.0,MutNovel,"S851A,0.800"
X-1441,STON2,85439.0,MutNovel,"R646H,0.600"
X-1441,STON2,85439.0,MutNovel,"S307P,1.000"
X-1441,STOX1,219736.0,MutNovel,"Y153H,0.267"
X-1441,STOX1,219736.0,MutNovel,"E608D,1.000"
X-1441,STRN3,29966.0,MutNovel,"A16T,0.640"
X-1441,STXBP2,6813.0,MutNovel,"I526V,0.521"
X-1441,SUCLA2,8803.0,MutNovel,"S199T,0.996"
X-1441,SUGP1,57794.0,MutNovel,"R290H,0.577"
X-1441,SUGP2,10147.0,MutNovel,"G206S,0.679"
X-1441,SULT1A1,6817.0,MutNovel,"V223M,1.000"
X-1441,SULT1A2,6799.0,MutNovel,"K282E,1.000"
X-1441,SULT1A2,6799.0,MutNovel,"P19L,1.000"
X-1441,SUPV3L1,6832.0,MutNovel,"A728E,0.448"
X-1441,SUV420H1,51111.0,MutNovel,"I9N,1.000"
X-1441,SWAP70,23075.0,MutNovel,"Q505E,1.000"
X-1441,SYCE1L,100130958.0,MutNovel,"T16A,1.000"
X-1441,SYNE2,23224.0,MutNovel,"S2359N,0.500"
X-1441,SYNE2,23224.0,MutNovel,"A2395T,1.000"
X-1441,SYNE2,23224.0,MutNovel,"S2802G,1.000"
X-1441,SYNE2,23224.0,MutNovel,"I2942V,0.375"
X-1441,SYNE2,23224.0,MutNovel,"N3130S,0.700"
X-1441,SYNE2,23224.0,MutNovel,"N3982H,0.833"
X-1441,SYNE2,23224.0,MutNovel,"R4041H,0.833"
X-1441,SYNE4,,MutNovel,"Q278H,1.000"
X-1441,SYT8,90019.0,MutNovel,"C120R,1.000"
X-1441,SYT8,90019.0,MutNovel,"T303M,0.600"
X-1441,SYTL2,54843.0,MutNovel,"T383M,1.000"
X-1441,SYTL2,54843.0,MutNovel,"D369G,1.000"
X-1441,SYTL2,54843.0,MutNovel,"M334V,1.000"
X-1441,SYTL2,54843.0,MutNovel,"A211G,1.000"
X-1441,TAB3,257397.0,MutNovel,"W394R,1.000"
X-1441,TACC2,10579.0,MutNovel,"V170I,0.400"
X-1441,TACC2,10579.0,MutNovel,"L830F,0.333"
X-1441,TACC2,10579.0,MutNovel,"P1045L,0.300"
X-1441,TACC2,10579.0,MutNovel,"A1066T,0.812"
X-1441,TACC2,10579.0,MutNovel,"W1103R,1.000"
X-1441,TACC2,10579.0,MutNovel,"A1425T,0.615"
X-1441,TACC2,10579.0,MutNovel,"E1916K,0.350"
X-1441,TACC2,10579.0,MutNovel,"S2909T,1.000"
X-1441,TADA2A,6871.0,MutNovel,"P6S,1.000"
X-1441,TAF1C,9013.0,MutNovel,"P793L,0.907"
X-1441,TAF1C,9013.0,MutNovel,"C91Y,1.000"
X-1441,TAF4B,6875.0,MutNovel,"N539S,1.000"
X-1441,TAOK2,9344.0,MutNovel,"R1211H,1.000"
X-1441,TAOK3,51347.0,MutNovel,"S47N,1.000"
X-1441,TAPBPL,55080.0,MutNovel,"M146V,0.713"
X-1441,TAPBPL,55080.0,MutNovel,"T165A,0.740"
X-1441,TAPBPL,55080.0,MutNovel,"T334M,0.732"
X-1441,TARSL2,123283.0,MutNovel,"A96G,1.000"
X-1441,TASP1,55617.0,MutNovel,"E74A,0.389"
X-1441,TBC1D10A,83874.0,MutNovel,"R418H,0.362"
X-1441,TBC1D10B,26000.0,MutNovel,"E211D,0.995"
X-1441,TBC1D17,79735.0,MutNovel,"D84G,0.996"
X-1441,TBC1D17,79735.0,MutNovel,"L99P,0.657"
X-1441,TBC1D24,57465.0,MutNovel,"R57C,1.000"
X-1441,TBC1D4,9882.0,MutNovel,"V819I,0.297"
X-1441,TBCD,6904.0,MutNovel,"M617T,0.990"
X-1441,TBCD,6904.0,MutNovel,"E1097G,1.000"
X-1441,TBL1Y,90665.0,Del0.8,0.29
X-1441,TBP,6908.0,MutNovel,"-64Q,1.000"
X-1441,TBX10,347853.0,MutNovel,"K101T,0.842"
X-1441,TC2N,123036.0,MutNovel,"K151T,1.000"
X-1441,TCEANC,170082.0,MutNovel,"S193L,1.000"
X-1441,TCEANC,170082.0,MutNovel,"W381L,1.000"
X-1441,TCEB2,6923.0,MutNovel,"T145M,1.000"
X-1441,TCF20,6942.0,MutNovel,"S722G,0.318"
X-1441,TCHP,84260.0,MutNovel,"K127R,0.704"
X-1441,TCIRG1,10312.0,MutNovel,"R56W,0.673"
X-1441,TCN2,6948.0,MutNovel,"R259P,0.424"
X-1441,TCP10L2,401285.0,MutNovel,"E277D,1.000"
X-1441,TCP11L1,55346.0,MutNovel,"K178R,0.700"
X-1441,TCP11L2,255394.0,MutNovel,"A41T,1.000"
X-1441,TECPR2,9895.0,MutNovel,"I683V,0.459"
X-1441,TELO2,9894.0,MutNovel,"Q146R,0.996"
X-1441,TENC1,23371.0,MutNovel,"S363T,0.636"
X-1441,TEP1,7011.0,MutNovel,"N307K,0.381"
X-1441,TEP1,7011.0,MutNovel,"S116P,0.286"
X-1441,TESK1,7016.0,MutKnownFunctional,"Q538*,0.753"
X-1441,TFAP2A,7020.0,MutNovel,"R254G,0.238"
X-1441,TGIF2LY,90655.0,Del0.8,0.29
X-1441,TGM3,7053.0,MutNovel,"G654R,0.562"
X-1441,THAP9,79725.0,MutNovel,"G270E,0.267"
X-1441,TICAM1,148022.0,MutNovel,"P367PL,0.531"
X-1441,TICRR,,MutNovel,"R287C,0.467"
X-1441,TICRR,,MutNovel,"S1718T,0.500"
X-1441,TICRR,,MutNovel,"R1885C,0.517"
X-1441,TIMELESS,8914.0,MutNovel,"P1018L,0.373"
X-1441,TIMELESS,8914.0,MutNovel,"R831Q,0.646"
X-1441,TIMELESS,8914.0,MutNovel,"I455L,0.680"
X-1441,TIPIN,54962.0,MutNovel,"R53P,1.000"
X-1441,TJP1,7082.0,MutNovel,"I790V,0.369"
X-1441,TJP3,27134.0,MutNovel,"R28H,0.707"
X-1441,TJP3,27134.0,MutNovel,"M907T,0.491"
X-1441,TLE1,7088.0,MutNovel,"AAAA404A,0.438"
X-1441,TLN1,7094.0,MutNovel,"N2245S,0.371"
X-1441,TM2D3,80213.0,MutNovel,"L6R,1.000"
X-1441,TM6SF1,53346.0,MutNovel,"L48W,0.667"
X-1441,TM7SF2,7108.0,MutNovel,"T299I,1.000"
X-1441,TMBIM4,51643.0,MutKnownFunctional,"-174?,1.000"
X-1441,TMBIM4,51643.0,MutNovel,"I88T,1.000"
X-1441,TMC3,342125.0,MutNovel,"D1099N,1.000"
X-1441,TMC8,147138.0,MutNovel,"G342W,1.000"
X-1441,TMED8,283578.0,MutNovel,"P15H,1.000"
X-1441,TMED8,283578.0,MutNovel,"Q5K,1.000"
X-1441,TMEM104,54868.0,MutNovel,"V58M,1.000"
X-1441,TMEM120B,144404.0,MutNovel,"D92N,0.594"
X-1441,TMEM132C,92293.0,MutNovel,"H161R,0.400"
X-1441,TMEM132C,92293.0,MutNovel,"G810R,0.375"
X-1441,TMEM134,80194.0,MutNovel,"A67V,0.606"
X-1441,TMEM135,65084.0,MutNovel,"G218R,0.283"
X-1441,TMEM150B,284417.0,MutNovel,"L199F,1.000"
X-1441,TMEM159,57146.0,MutNovel,"E154D,1.000"
X-1441,TMEM160,54958.0,MutNovel,"G120S,0.322"
X-1441,TMEM218,219854.0,MutNovel,"L12S,1.000"
X-1441,TMEM238,388564.0,MutNovel,"P14S,0.492"
X-1441,TMEM241,85019.0,MutNovel,"L131F,1.000"
X-1441,TMEM86B,255043.0,MutNovel,"H199R,1.000"
X-1441,TMEM99,147184.0,MutNovel,"L95R,0.370"
X-1441,TMLHE,55217.0,Del0.8,0.56
X-1441,TMPRSS4,56649.0,MutNovel,"V208G,1.000"
X-1441,TMPRSS9,360200.0,MutNovel,"T759K,1.000"
X-1441,TMSB4Y,9087.0,Del0.8,0.29
X-1441,TNFAIP2,7127.0,MutNovel,"Q282E,1.000"
X-1441,TNFRSF11A,8792.0,MutNovel,"A192V,1.000"
X-1441,TNFSF13,8741.0,MutNovel,"N96S,1.000"
X-1441,TNK1,8711.0,MutNovel,"V598M,1.000"
X-1441,TNKS1BP1,85456.0,MutNovel,"T322S,1.000"
X-1441,TNRC6A,27327.0,MutNovel,"A828T,1.000"
X-1441,TNS4,84951.0,MutNovel,"S498N,0.376"
X-1441,TNS4,84951.0,MutNovel,"L179P,0.261"
X-1441,TOP3B,8940.0,MutNovel,"D365N,0.621"
X-1441,TP53,7157.0,MutLikelyFunctional,"E285K,1.000"
X-1441,TP53BP1,7158.0,MutNovel,"V1031A,0.548"
X-1441,TPCN2,219931.0,MutNovel,"K376R,0.214"
X-1441,TPCN2,219931.0,MutNovel,"L564P,0.978"
X-1441,TPCN2,219931.0,MutNovel,"G734E,0.689"
X-1441,TPSAB1,7177.0,MutNovel,"R168P,1.000"
X-1441,TPSG1,25823.0,MutNovel,"F288L,1.000"
X-1441,TPSG1,25823.0,MutNovel,"T239I,1.000"
X-1441,TRAP1,10131.0,MutNovel,"R307G,0.996"
X-1441,TRAPPC10,7109.0,MutNovel,"V726M,1.000"
X-1441,TRAPPC5,126003.0,MutNovel,"S52A,0.739"
X-1441,TRAPPC8,22878.0,MutNovel,"L137S,1.000"
X-1441,TRIM15,89870.0,MutNovel,"I162V,1.000"
X-1441,TRIM16L,147166.0,MutNovel,"R42K,0.955"
X-1441,TRIM25,7706.0,MutNovel,"P358L,1.000"
X-1441,TRIM59,286827.0,MutNovel,"P279R,0.789"
X-1441,TRIM66,9866.0,MutNovel,"P483L,0.500"
X-1441,TRIM66,9866.0,MutNovel,"H324R,1.000"
X-1441,TRIP11,9321.0,MutNovel,"G1827S,1.000"
X-1441,TRMT1,55621.0,MutNovel,"R195Q,0.379"
X-1441,TRMT2B,79979.0,MutNovel,"L114R,1.000"
X-1441,TRMT5,57570.0,MutNovel,"S217P,1.000"
X-1441,TRPM2,7226.0,MutNovel,"Q1189R,1.000"
X-1441,TRPM5,29850.0,MutNovel,"G900S,0.361"
X-1441,TRPM5,29850.0,MutNovel,"R578Q,0.781"
X-1441,TRPM5,29850.0,MutNovel,"V335L,0.318"
X-1441,TRPM5,29850.0,MutNovel,"V254A,1.000"
X-1441,TRPV1,7442.0,MutNovel,"M315I,1.000"
X-1441,TSEN54,283989.0,MutNovel,"E4D,1.000"
X-1441,TSEN54,283989.0,MutNovel,"K347N,1.000"
X-1441,TSEN54,283989.0,MutNovel,"A437V,0.996"
X-1441,TSHZ1,10194.0,MutNovel,"L621P,1.000"
X-1441,TSKU,25987.0,MutNovel,"D344E,1.000"
X-1441,TSNARE1,203062.0,MutKnownFunctional,"-191,0.222"
X-1441,TSPAN10,83882.0,MutNovel,"A118T,1.000"
X-1441,TSPAN4,7106.0,MutNovel,"F173L,0.720"
X-1441,TSPAN8,7103.0,MutNovel,"S213A,0.352"
X-1441,TSPAN8,7103.0,MutNovel,"G73A,0.271"
X-1441,TSPO,706.0,MutNovel,"T147A,0.398"
X-1441,TSPY1,7258.0,Del0.8,0.29
X-1441,TSPY2,64591.0,Del0.8,0.29
X-1441,TSPY3,728137.0,Del0.8,0.29
X-1441,TSPY4,728395.0,Del0.8,0.29
X-1441,TSPY8,728403.0,Del0.8,0.29
X-1441,TSPYL1,7259.0,MutNovel,"V176VW,1.000"
X-1441,TSR1,55720.0,MutNovel,"S386G,1.000"
X-1441,TSSC4,10078.0,MutNovel,"H274P,0.996"
X-1441,TTC17,55761.0,MutNovel,"I481V,0.372"
X-1441,TTC3,7267.0,MutNovel,"M840T,1.000"
X-1441,TTC3,7267.0,MutNovel,"D1751H,1.000"
X-1441,TTC38,55020.0,MutNovel,"F243L,1.000"
X-1441,TTC5,91875.0,MutNovel,"Q47R,1.000"
X-1441,TTC9,23508.0,MutNovel,"P103A,0.985"
X-1441,TTLL12,23170.0,MutNovel,"N95S,0.251"
X-1441,TTLL12,23170.0,MutNovel,"R5W,0.276"
X-1441,TTTY10,246119.0,Del0.8,0.29
X-1441,TTTY11,83866.0,Del0.8,0.29
X-1441,TTTY12,83867.0,Del0.8,0.29
X-1441,TTTY13,83868.0,Del0.8,0.29
X-1441,TTTY14,83869.0,Del0.8,0.29
X-1441,TTTY15,64595.0,Del0.8,0.29
X-1441,TTTY16,252948.0,Del0.8,0.29
X-1441,TTTY17A,252949.0,Del0.8,0.29
X-1441,TTTY17A,252949.0,Del0.8,0.29
X-1441,TTTY18,252950.0,Del0.8,0.29
X-1441,TTTY19,252952.0,Del0.8,0.29
X-1441,TTTY1B,100101116.0,Del0.8,0.29
X-1441,TTTY1B,100101116.0,Del0.8,0.29
X-1441,TTTY2,60439.0,Del0.8,0.29
X-1441,TTTY2,60439.0,Del0.8,0.29
X-1441,TTTY20,252951.0,Del0.8,0.29
X-1441,TTTY21,252953.0,Del0.8,0.29
X-1441,TTTY21,252953.0,Del0.8,0.29
X-1441,TTTY22,252954.0,Del0.8,0.29
X-1441,TTTY23,252955.0,Del0.8,0.29
X-1441,TTTY23,252955.0,Del0.8,0.29
X-1441,TTTY3,114760.0,Del0.8,0.29
X-1441,TTTY3,114760.0,Del0.8,0.29
X-1441,TTTY4,114761.0,Del0.8,0.29
X-1441,TTTY4,114761.0,Del0.8,0.29
X-1441,TTTY5,83863.0,Del0.8,0.29
X-1441,TTTY6,84672.0,Del0.8,0.29
X-1441,TTTY6,84672.0,Del0.8,0.29
X-1441,TTTY7,246122.0,Del0.8,0.29
X-1441,TTTY7,246122.0,Del0.8,0.29
X-1441,TTTY7B,100101120.0,Del0.8,0.29
X-1441,TTTY7B,100101120.0,Del0.8,0.29
X-1441,TTTY8,84673.0,Del0.8,0.29
X-1441,TTTY8,84673.0,Del0.8,0.29
X-1441,TTTY9A,83864.0,Del0.8,0.29
X-1441,TTTY9A,83864.0,Del0.8,0.29
X-1441,TUBGCP6,85378.0,MutNovel,"V1621L,1.000"
X-1441,TUBGCP6,85378.0,MutNovel,"A884V,0.578"
X-1441,TUBGCP6,85378.0,MutNovel,"L567S,0.299"
X-1441,TWF1,5756.0,MutNovel,"A350V,0.384"
X-1441,TXLNG2P,246126.0,Del0.8,0.29
X-1441,TXNDC11,51061.0,MutNovel,"V756L,1.000"
X-1441,TXNDC11,51061.0,MutNovel,"L709V,1.000"
X-1441,TXNDC16,57544.0,MutNovel,"E486K,0.758"
X-1441,TXNRD2,10587.0,MutNovel,"I370T,0.420"
X-1441,TXNRD2,10587.0,MutNovel,"S299R,0.215"
X-1441,TXNRD2,10587.0,MutNovel,"A66S,0.751"
X-1441,TYK2,7297.0,MutNovel,"G363S,0.648"
X-1441,TYMP,1890.0,MutNovel,"S476L,0.387"
X-1441,TYRO3,7301.0,MutNovel,"I346N,1.000"
X-1441,TYSND1,219743.0,MutNovel,"T65A,0.427"
X-1441,UBOX5,22888.0,MutNovel,"T509P,0.368"
X-1441,UBR1,197131.0,MutNovel,"G1647R,0.554"
X-1441,UBR1,197131.0,MutNovel,"T1548A,0.793"
X-1441,UBXN6,80700.0,MutNovel,"A31T,0.638"
X-1441,UCP2,7351.0,MutNovel,"A55V,0.996"
X-1441,UGGT2,55757.0,MutNovel,"S328A,1.000"
X-1441,UHRF1BP1L,23074.0,MutNovel,"I1010V,1.000"
X-1441,UHRF2,115426.0,MutNovel,"M408T,0.552"
X-1441,ULK1,8408.0,MutNovel,"P714L,0.326"
X-1441,ULK1,8408.0,MutNovel,"T816A,1.000"
X-1441,ULK2,9706.0,MutNovel,"V370M,1.000"
X-1441,ULK2,9706.0,MutNovel,"P311S,1.000"
X-1441,ULK3,25989.0,MutNovel,"K445R,1.000"
X-1441,UMODL1,89766.0,MutNovel,"N1437H,1.000"
X-1441,UNC93B1,81622.0,MutNovel,"P407L,0.210"
X-1441,UPF3A,65110.0,MutNovel,"A319T,0.210"
X-1441,UPK3A,7380.0,MutNovel,"A154P,1.000"
X-1441,UQCC,55245.0,MutNovel,"R51Q,1.000"
X-1441,UQCRFS1,7386.0,MutNovel,"S6A,1.000"
X-1441,URI1,8725.0,MutNovel,"D198G,0.691"
X-1441,USE1,55850.0,MutNovel,"L154S,1.000"
X-1441,USH1C,10083.0,MutNovel,"E819D,0.695"
X-1441,USP16,10600.0,MutNovel,"Q141H,0.989"
X-1441,USP2,9099.0,MutNovel,"Y10S,0.600"
X-1441,USP31,57478.0,MutNovel,"I538T,1.000"
X-1441,USP35,57558.0,MutNovel,"V236M,0.789"
X-1441,USP35,57558.0,MutNovel,"I677V,1.000"
X-1441,USP35,57558.0,MutNovel,"A876P,1.000"
X-1441,USP36,57602.0,MutNovel,"KKK958K,1.000"
X-1441,USP36,57602.0,MutNovel,"R828C,1.000"
X-1441,USP36,57602.0,MutNovel,"Q806R,1.000"
X-1441,USP47,55031.0,MutNovel,"G75V,1.000"
X-1441,USP8,9101.0,MutNovel,"T739A,0.528"
X-1441,USP9Y,8287.0,Del0.8,0.29
X-1441,UTP20,27340.0,MutNovel,"P339T,0.379"
X-1441,UTP20,27340.0,MutNovel,"S502C,0.636"
X-1441,UTP20,27340.0,MutNovel,"L1882Q,1.000"
X-1441,UTP20,27340.0,MutNovel,"E2612Q,0.748"
X-1441,UTP6,55813.0,MutNovel,"Q69R,0.527"
X-1441,UTY,7404.0,Del0.8,0.29
X-1441,UVRAG,7405.0,MutNovel,"E219G,0.797"
X-1441,VASN,114990.0,MutNovel,"E384A,1.000"
X-1441,VBP1,7411.0,MutNovel,"M123V,1.000"
X-1441,VCY,9084.0,Del0.8,0.29
X-1441,VCY,9084.0,Del0.8,0.29
X-1441,VDR,7421.0,MutNovel,"M51T,1.000"
X-1441,VEZT,55591.0,MutNovel,"V496I,1.000"
X-1441,VEZT,55591.0,MutNovel,"G762D,1.000"
X-1441,VILL,50853.0,MutNovel,"L124H,0.498"
X-1441,VMO1,284013.0,MutNovel,"T26A,1.000"
X-1441,VN1R1,57191.0,MutNovel,"A269D,0.667"
X-1441,VPS11,55823.0,MutNovel,"A162G,0.308"
X-1441,VPS11,55823.0,MutNovel,"A660V,0.295"
X-1441,VPS11,55823.0,MutNovel,"S889G,0.342"
X-1441,VPS13B,157680.0,MutKnownFunctional,"-4010,0.237"
X-1441,VPS13C,54832.0,MutNovel,"S2913N,0.512"
X-1441,VPS13C,54832.0,MutNovel,"R974K,0.515"
X-1441,VPS37C,55048.0,MutNovel,"V182D,1.000"
X-1441,VSIG10,54621.0,MutNovel,"H435Y,0.320"
X-1441,VSIG10L,147645.0,MutNovel,"R592Q,1.000"
X-1441,VSIG10L,147645.0,MutNovel,"M356I,1.000"
X-1441,VSIG10L,147645.0,MutNovel,"N3T,1.000"
X-1441,VWA2,340706.0,MutNovel,"A9T,0.556"
X-1441,VWA2,340706.0,MutNovel,"E131G,0.441"
X-1441,WASF3,10810.0,MutNovel,"S415L,0.929"
X-1441,WBP1L,,MutNovel,"S323P,0.560"
X-1441,WBP2NL,164684.0,MutNovel,"D121G,1.000"
X-1441,WBP2NL,164684.0,MutNovel,"Q285H,1.000"
X-1441,WDR13,64743.0,MutNovel,"H325R,1.000"
X-1441,WDR18,57418.0,MutNovel,"A172T,1.000"
X-1441,WDR25,79446.0,MutNovel,"W88R,1.000"
X-1441,WDR25,79446.0,MutNovel,"H149R,1.000"
X-1441,WDR62,284403.0,MutNovel,"L1390F,1.000"
X-1441,WDR66,144406.0,MutNovel,"L650F,0.375"
X-1441,WDR66,144406.0,MutNovel,"V870L,0.396"
X-1441,WDR76,79968.0,MutNovel,"S153A,1.000"
X-1441,WDR93,56964.0,MutNovel,"L66H,0.600"
X-1441,WFDC10B,280664.0,MutNovel,"L8P,1.000"
X-1441,WHAMM,123720.0,MutNovel,"N212S,0.417"
X-1441,WHAMM,123720.0,MutNovel,"H736P,0.494"
X-1441,WIPI1,55062.0,MutNovel,"T31I,1.000"
X-1441,WNK1,65125.0,MutNovel,"T665I,0.305"
X-1441,WNK1,65125.0,MutNovel,"T1316P,0.991"
X-1441,WNK1,65125.0,MutNovel,"C1766S,1.000"
X-1441,WNK1,65125.0,MutNovel,"M2068I,0.229"
X-1441,WRNIP1,56897.0,MutNovel,"GDA176G,1.000"
X-1441,WRNIP1,56897.0,MutNovel,"A178G,0.697"
X-1441,WSB1,26118.0,MutNovel,"L16S,0.498"
X-1441,WWC2,80014.0,MutNovel,"L765S,0.263"
X-1441,XIAP,331.0,MutNovel,"Q423P,1.000"
X-1441,XKRY2,353515.0,Del0.8,0.29
X-1441,XKRY2,353515.0,Del0.8,0.29
X-1441,XRCC1,7515.0,MutNovel,"N576Y,1.000"
X-1441,XRCC1,7515.0,MutNovel,"Q399R,0.769"
X-1441,XRCC3,7517.0,MutNovel,"T241M,0.394"
X-1441,XRCC6BP1,91419.0,MutNovel,"S48C,1.000"
X-1441,YBX1,4904.0,MutNovel,"A13T,0.354"
X-1441,YBX2,51087.0,MutNovel,"G9V,0.962"
X-1441,YTHDC2,64848.0,MutNovel,"N967S,0.491"
X-1441,ZBED4,9889.0,MutNovel,"I420V,1.000"
X-1441,ZBP1,81030.0,MutNovel,"E88K,1.000"
X-1441,ZBTB42,100128927.0,MutNovel,"E232K,1.000"
X-1441,ZBTB45,84878.0,MutNovel,"D293E,0.678"
X-1441,ZBTB46,140685.0,MutNovel,"T11A,0.800"
X-1441,ZC2HC1C,,MutNovel,"G314V,1.000"
X-1441,ZC3H12D,340152.0,MutNovel,"T370A,1.000"
X-1441,ZC3H13,23091.0,MutNovel,"E1429D,1.000"
X-1441,ZC3H13,23091.0,MutNovel,"E138G,0.775"
X-1441,ZC3H7B,23264.0,MutNovel,"R606L,0.600"
X-1441,ZCCHC14,23174.0,MutNovel,"V693M,1.000"
X-1441,ZDHHC13,54503.0,MutNovel,"K99R,1.000"
X-1441,ZER1,10444.0,MutNovel,"V228I,0.283"
X-1441,ZFHX3,463.0,MutNovel,"A1482D,1.000"
X-1441,ZFHX3,463.0,MutNovel,"V777A,1.000"
X-1441,ZFP106,64397.0,MutNovel,"M656V,1.000"
X-1441,ZFP112,7771.0,MutNovel,"Y485H,0.429"
X-1441,ZFP112,7771.0,MutNovel,"E446Q,0.312"
X-1441,ZFP112,7771.0,MutNovel,"F159L,1.000"
X-1441,ZFP36L2,678.0,MutKnownFunctional,"-254?,0.233"
X-1441,ZFP36L2,678.0,MutNovel,"H62Q,0.304"
X-1441,ZFP36L2,678.0,MutKnownFunctional,"G51*,0.720"
X-1441,ZFY,7544.0,Del0.8,0.29
X-1441,ZFYVE19,84936.0,MutNovel,"S376A,1.000"
X-1441,ZFYVE26,23503.0,MutNovel,"N1891S,1.000"
X-1441,ZFYVE26,23503.0,MutNovel,"C1457Y,0.328"
X-1441,ZFYVE27,118813.0,MutNovel,"G138V,1.000"
X-1441,ZG16,653808.0,MutNovel,"L109V,1.000"
X-1441,ZG16,653808.0,MutNovel,"S162T,1.000"
X-1441,ZGPAT,84619.0,MutNovel,"S61R,1.000"
X-1441,ZMYM5,9205.0,MutNovel,"H653R,1.000"
X-1441,ZMYM5,9205.0,MutNovel,"V629I,1.000"
X-1441,ZMYM5,9205.0,MutNovel,"R378H,0.333"
X-1441,ZMYM5,9205.0,MutNovel,"T231A,0.362"
X-1441,ZMYM5,9205.0,MutNovel,"C137F,0.371"
X-1441,ZMYM5,9205.0,MutNovel,"I125V,0.358"
X-1441,ZNF100,163227.0,MutNovel,"T389I,1.000"
X-1441,ZNF133,7692.0,MutNovel,"S192T,1.000"
X-1441,ZNF134,7693.0,MutNovel,"A46T,0.306"
X-1441,ZNF135,7694.0,MutNovel,"G34D,1.000"
X-1441,ZNF14,7561.0,MutNovel,"N119K,0.600"
X-1441,ZNF143,7702.0,MutNovel,"E561Q,0.991"
X-1441,ZNF155,7711.0,MutNovel,"I168F,1.000"
X-1441,ZNF155,7711.0,MutNovel,"R262H,1.000"
X-1441,ZNF160,90338.0,MutNovel,"P82R,0.643"
X-1441,ZNF180,7733.0,MutNovel,"C272S,0.438"
X-1441,ZNF180,7733.0,MutNovel,"W89C,0.387"
X-1441,ZNF19,7567.0,MutNovel,"Q218H,1.000"
X-1441,ZNF205,7755.0,MutNovel,"T43A,1.000"
X-1441,ZNF211,10520.0,MutNovel,"I88T,0.800"
X-1441,ZNF214,7761.0,MutNovel,"C252R,1.000"
X-1441,ZNF214,7761.0,MutNovel,"L128R,1.000"
X-1441,ZNF221,7638.0,MutNovel,"A337P,1.000"
X-1441,ZNF223,7766.0,MutNovel,"L138I,0.209"
X-1441,ZNF224,7767.0,MutNovel,"M118V,1.000"
X-1441,ZNF224,7767.0,MutNovel,"H162L,1.000"
X-1441,ZNF224,7767.0,MutNovel,"K640E,0.344"
X-1441,ZNF225,7768.0,MutNovel,"R352H,0.692"
X-1441,ZNF233,353355.0,MutNovel,"K531T,1.000"
X-1441,ZNF235,9310.0,MutNovel,"H296P,1.000"
X-1441,ZNF236,7776.0,MutNovel,"I613V,1.000"
X-1441,ZNF24,7572.0,MutNovel,"N220S,1.000"
X-1441,ZNF254,9534.0,MutNovel,"E410D,0.361"
X-1441,ZNF263,10127.0,MutNovel,"C310S,0.992"
X-1441,ZNF264,9422.0,MutNovel,"R181T,0.526"
X-1441,ZNF264,9422.0,MutNovel,"R183H,0.550"
X-1441,ZNF267,10308.0,MutNovel,"C350Y,0.975"
X-1441,ZNF268,10795.0,MutNovel,"T175M,0.371"
X-1441,ZNF268,10795.0,MutNovel,"L679F,0.556"
X-1441,ZNF274,10782.0,MutNovel,"V147I,0.635"
X-1441,ZNF28,7576.0,MutNovel,"M524T,1.000"
X-1441,ZNF28,7576.0,MutNovel,"K465Q,1.000"
X-1441,ZNF280A,129025.0,MutNovel,"N278D,1.000"
X-1441,ZNF280A,129025.0,MutNovel,"NY136SS,0.833"
X-1441,ZNF280A,129025.0,MutNovel,"K71N,0.667"
X-1441,ZNF280D,54816.0,MutNovel,"V568I,1.000"
X-1441,ZNF284,342909.0,MutNovel,"FS123F,0.278"
X-1441,ZNF284,342909.0,MutNovel,"E577K,0.308"
X-1441,ZNF285,26974.0,MutNovel,"R536G,1.000"
X-1441,ZNF30,90075.0,MutNovel,"Q124R,0.389"
X-1441,ZNF30,90075.0,MutNovel,"R380K,0.263"
X-1441,ZNF302,55900.0,MutNovel,"Y89C,0.426"
X-1441,ZNF302,55900.0,MutNovel,"T278I,0.351"
X-1441,ZNF302,55900.0,MutNovel,"R312H,0.672"
X-1441,ZNF304,57343.0,MutNovel,"L121P,0.562"
X-1441,ZNF304,57343.0,MutNovel,"K367E,1.000"
X-1441,ZNF335,63925.0,MutNovel,"S294T,1.000"
X-1441,ZNF347,84671.0,MutNovel,"N265D,0.750"
X-1441,ZNF350,59348.0,MutNovel,"R501S,0.487"
X-1441,ZNF350,59348.0,MutNovel,"L66P,1.000"
X-1441,ZNF382,84911.0,MutNovel,"E168G,1.000"
X-1441,ZNF382,84911.0,MutNovel,"T547M,0.800"
X-1441,ZNF404,342908.0,MutNovel,"G337S,1.000"
X-1441,ZNF404,342908.0,MutNovel,"H233Y,1.000"
X-1441,ZNF414,84330.0,MutNovel,"P77S,1.000"
X-1441,ZNF415,55786.0,MutNovel,"N415D,1.000"
X-1441,ZNF418,147686.0,MutNovel,"H297Q,1.000"
X-1441,ZNF419,79744.0,MutNovel,"R54H,0.580"
X-1441,ZNF419,79744.0,MutNovel,"E142Q,0.571"
X-1441,ZNF419,79744.0,MutNovel,"I337V,0.453"
X-1441,ZNF43,7594.0,MutNovel,"G53V,0.267"
X-1441,ZNF440,126070.0,MutNovel,"L43I,0.679"
X-1441,ZNF440,126070.0,MutNovel,"N124S,0.708"
X-1441,ZNF440,126070.0,MutNovel,"S569N,0.986"
X-1441,ZNF441,126068.0,MutNovel,"V122I,1.000"
X-1441,ZNF443,10224.0,MutNovel,"K480T,0.216"
X-1441,ZNF443,10224.0,MutNovel,"V72I,0.417"
X-1441,ZNF446,55663.0,MutNovel,"P300S,0.659"
X-1441,ZNF45,7596.0,MutNovel,"R504K,1.000"
X-1441,ZNF45,7596.0,MutNovel,"P303R,1.000"
X-1441,ZNF45,7596.0,MutNovel,"T299A,1.000"
X-1441,ZNF45,7596.0,MutNovel,"R255K,1.000"
X-1441,ZNF468,90333.0,MutNovel,"M210L,0.537"
X-1441,ZNF470,388566.0,MutNovel,"T418I,0.833"
X-1441,ZNF48,197407.0,MutNovel,"A65V,0.987"
X-1441,ZNF48,197407.0,MutNovel,"R243P,1.000"
X-1441,ZNF480,147657.0,MutKnownFunctional,"-2,0.545"
X-1441,ZNF493,284443.0,MutNovel,"G310E,0.333"
X-1441,ZNF493,284443.0,MutNovel,"L420V,0.667"
X-1441,ZNF497,162968.0,MutNovel,"H174Q,0.600"
X-1441,ZNF518A,9849.0,MutNovel,"M978V,0.418"
X-1441,ZNF518A,9849.0,MutKnownFunctional,"-1341?,1.000"
X-1441,ZNF519,162655.0,MutNovel,"K206E,1.000"
X-1441,ZNF529,57711.0,MutNovel,"L131V,0.255"
X-1441,ZNF530,348327.0,MutNovel,"H110Q,1.000"
X-1441,ZNF530,348327.0,MutNovel,"T169M,0.500"
X-1441,ZNF534,147658.0,MutNovel,"H591Y,1.000"
X-1441,ZNF543,125919.0,MutNovel,"P55A,0.214"
X-1441,ZNF543,125919.0,MutNovel,"Q107R,1.000"
X-1441,ZNF543,125919.0,MutNovel,"L246H,1.000"
X-1441,ZNF543,125919.0,MutNovel,"E287V,0.692"
X-1441,ZNF543,125919.0,MutNovel,"A520T,0.562"
X-1441,ZNF543,125919.0,MutNovel,"M573V,0.526"
X-1441,ZNF544,27300.0,MutNovel,"Q700R,1.000"
X-1441,ZNF548,147694.0,MutNovel,"A85T,0.486"
X-1441,ZNF549,256051.0,MutNovel,"I8N,1.000"
X-1441,ZNF550,162972.0,MutNovel,"I318T,0.604"
X-1441,ZNF554,115196.0,MutNovel,"E190G,0.368"
X-1441,ZNF554,115196.0,MutNovel,"V211I,0.409"
X-1441,ZNF559-ZNF177,100529215.0,MutNovel,"T112M,1.000"
X-1441,ZNF559-ZNF177,100529215.0,MutNovel,"I295F,1.000"
X-1441,ZNF562,54811.0,MutNovel,"R33Q,0.373"
X-1441,ZNF565,147929.0,MutNovel,"I188T,1.000"
X-1441,ZNF568,374900.0,MutNovel,"M437T,0.500"
X-1441,ZNF57,126295.0,MutNovel,"T223N,0.695"
X-1441,ZNF570,148268.0,MutNovel,"L485F,0.870"
X-1441,ZNF573,126231.0,MutNovel,"M523V,1.000"
X-1441,ZNF577,84765.0,MutNovel,"K246E,0.600"
X-1441,ZNF577,84765.0,MutNovel,"A84V,0.652"
X-1441,ZNF579,163033.0,MutNovel,"G366AG,0.625"
X-1441,ZNF579,163033.0,MutNovel,"E353D,0.500"
X-1441,ZNF585A,199704.0,MutNovel,"V287I,0.714"
X-1441,ZNF585B,92285.0,MutNovel,"I231L,0.741"
X-1441,ZNF587B,,MutNovel,"V83M,0.947"
X-1441,ZNF587B,,MutNovel,"V255A,0.538"
X-1441,ZNF587B,,MutNovel,"C400R,0.667"
X-1441,ZNF594,84622.0,MutNovel,"I171T,1.000"
X-1441,ZNF600,162966.0,MutNovel,"C209R,1.000"
X-1441,ZNF607,84775.0,MutNovel,"K531R,1.000"
X-1441,ZNF607,84775.0,MutNovel,"C116R,0.667"
X-1441,ZNF607,84775.0,MutNovel,"S2A,1.000"
X-1441,ZNF610,162963.0,MutNovel,"A131S,1.000"
X-1441,ZNF610,162963.0,MutNovel,"R216P,0.857"
X-1441,ZNF611,81856.0,MutNovel,"P252I,0.455"
X-1441,ZNF614,80110.0,MutNovel,"V415I,0.224"
X-1441,ZNF614,80110.0,MutNovel,"G82R,0.232"
X-1441,ZNF614,80110.0,MutNovel,"T68I,0.400"
X-1441,ZNF615,284370.0,MutNovel,"Q206R,0.833"
X-1441,ZNF616,90317.0,MutNovel,"K472T,0.364"
X-1441,ZNF616,90317.0,MutNovel,"H451R,0.588"
X-1441,ZNF627,199692.0,MutNovel,"R118K,0.375"
X-1441,ZNF641,121274.0,MutNovel,"Q363P,0.604"
X-1441,ZNF646,9726.0,MutNovel,"E327G,0.324"
X-1441,ZNF646,9726.0,MutNovel,"G921A,0.534"
X-1441,ZNF646,9726.0,MutNovel,"G1477D,0.486"
X-1441,ZNF665,79788.0,MutNovel,"V647I,0.500"
X-1441,ZNF665,79788.0,MutNovel,"H157R,1.000"
X-1441,ZNF665,79788.0,MutNovel,"V84A,0.750"
X-1441,ZNF668,79759.0,MutNovel,"V48L,1.000"
X-1441,ZNF675,171392.0,MutNovel,"V197A,0.795"
X-1441,ZNF675,171392.0,MutNovel,"L124V,1.000"
X-1441,ZNF681,148213.0,MutNovel,"K479R,0.300"
X-1441,ZNF681,148213.0,MutNovel,"R367K,1.000"
X-1441,ZNF681,148213.0,MutNovel,"K336R,0.231"
X-1441,ZNF681,148213.0,MutNovel,"L295S,1.000"
X-1441,ZNF681,148213.0,MutNovel,"D84H,1.000"
X-1441,ZNF700,90592.0,MutNovel,"E269G,0.750"
X-1441,ZNF701,55762.0,MutNovel,"L70P,1.000"
X-1441,ZNF701,55762.0,MutNovel,"T182I,1.000"
X-1441,ZNF701,55762.0,MutNovel,"T337K,1.000"
X-1441,ZNF701,55762.0,MutNovel,"R495H,1.000"
X-1441,ZNF708,7562.0,MutNovel,"K122T,0.526"
X-1441,ZNF708,7562.0,MutNovel,"K113E,0.571"
X-1441,ZNF708,7562.0,MutNovel,"A71V,0.957"
X-1441,ZNF714,148206.0,MutNovel,"K331R,1.000"
X-1441,ZNF720,124411.0,MutKnownFunctional,"-127?,1.000"
X-1441,ZNF749,388567.0,MutNovel,"I771R,0.773"
X-1441,ZNF75A,7627.0,MutNovel,"V84A,1.000"
X-1441,ZNF765,91661.0,MutNovel,"S389G,1.000"
X-1441,ZNF772,400720.0,MutNovel,"M218L,0.765"
X-1441,ZNF772,400720.0,MutNovel,"C182W,0.579"
X-1441,ZNF772,400720.0,MutNovel,"G137V,0.480"
X-1441,ZNF772,400720.0,MutNovel,"A4GP,0.727"
X-1441,ZNF774,342132.0,MutNovel,"N83S,0.667"
X-1441,ZNF778,197320.0,MutNovel,"K192T,1.000"
X-1441,ZNF778,197320.0,MutNovel,"I562T,1.000"
X-1441,ZNF778,197320.0,MutNovel,"Q581H,1.000"
X-1441,ZNF792,126375.0,MutNovel,"R177Q,0.452"
X-1441,ZNF805,390980.0,MutNovel,"G68E,0.857"
X-1441,ZNF805,390980.0,MutNovel,"G81D,0.833"
X-1441,ZNF805,390980.0,MutNovel,"V195I,0.571"
X-1441,ZNF81,347344.0,MutNovel,"I499V,1.000"
X-1441,ZNF83,55769.0,MutNovel,"S96N,0.545"
X-1441,ZNF830,91603.0,MutNovel,"H99Q,1.000"
X-1441,ZNF836,162962.0,MutNovel,"M219I,0.667"
X-1441,ZNF837,116412.0,MutNovel,"A242T,1.000"
X-1441,ZNF91,7644.0,MutNovel,"L1164A,0.381"
X-1441,ZNF91,7644.0,MutNovel,"T896A,0.348"
X-1441,ZNF91,7644.0,MutNovel,"Y112H,0.442"
X-1441,ZNF91,7644.0,MutNovel,"T32I,0.276"
X-1441,ZNF93,81931.0,MutNovel,"D93Y,0.267"
X-1441,ZNFX1,57169.0,MutNovel,"T1351I,1.000"
X-1441,ZNFX1,57169.0,MutNovel,"Q924H,1.000"
X-1441,ZNHIT2,741.0,MutNovel,"A169D,0.655"
X-1441,ZSCAN2,54993.0,MutNovel,"V140F,1.000"
X-1441,ZSCAN2,54993.0,MutNovel,"S191T,1.000"
X-1441,ZWILCH,55055.0,MutNovel,"S344G,0.550"
X-1441,ZWINT,11130.0,MutNovel,"R187G,0.576"
X-1441,ZZEF1,23140.0,MutNovel,"V30A,1.000"
X-1443,AAR2,,MutNovel,"G42R,0.779"
X-1443,AARS,16.0,MutNovel,"T756I,0.503"
X-1443,ABHD16B,140701.0,Amp5,6.45
X-1443,ACAT2,39.0,MutNovel,"A3V,0.442"
X-1443,ACOT1,641371.0,Del0.8,0.48
X-1443,ACOT13,55856.0,MutNovel,"T75M,0.553"
X-1443,ACOT8,10005.0,Amp5,5.66
X-1443,ACSL1,2180.0,Del0.8,0.74
X-1443,ACSS2,55902.0,Amp5,5.21
X-1443,ACTL10,170487.0,Amp5,5.21
X-1443,ACTR5,79913.0,Amp5,5.46
X-1443,ADA,100.0,Amp5,5.66
X-1443,ADAM29,11086.0,Del0.8,0.75
X-1443,ADAM3A,1587.0,Del0.8,0.27
X-1443,ADAM5P,255926.0,Del0.8,0.77
X-1443,ADIG,149685.0,Amp5,5.46
X-1443,ADNP,23394.0,Amp5,5.5
X-1443,ADPRHL1,113622.0,Amp5,5.78
X-1443,ADRM1,11047.0,Amp5,6.45
X-1443,AGA,175.0,Del0.8,0.75
X-1443,AHCY,191.0,Amp5,5.21
X-1443,AKAP11,11215.0,MutNovel,"TL1255T,0.483"
X-1443,ALDH2,217.0,MutNovel,"R338W,0.585"
X-1443,AMELY,266.0,Del0.8,0.31
X-1443,ANK3,288.0,MutNovel,"I1357T,0.388"
X-1443,ANKRD36,375248.0,MutNovel,"D1014Y,0.667"
X-1443,ANKRD36C,,MutNovel,"Q1160P,0.375"
X-1443,ANKRD37,353322.0,Del0.8,0.74
X-1443,AOAH,313.0,MutNovel,"K96Q,1.000"
X-1443,APC,324.0,MutKnownFunctional,"E1345*,0.833"
X-1443,APCDD1L,164284.0,Amp5,5.86
X-1443,ARFGAP1,55738.0,Amp5,6.45
X-1443,ARFGEF2,10564.0,Amp5,5.5
X-1443,ARFRP1,10139.0,Amp5,6.45
X-1443,ARHGAP40,343578.0,Amp5,5.46
X-1443,ASB5,140458.0,Del0.8,0.75
X-1443,ASCL2,430.0,MutNovel,"G46A,0.217"
X-1443,ASIP,434.0,Amp5,5.21
X-1443,ASUN,55726.0,MutNovel,"S623W,0.588"
X-1443,ASXL1,171023.0,Amp5,5.21
X-1443,ATAD3A,55210.0,MutNovel,"I7V,0.308"
X-1443,ATG9B,285973.0,MutNovel,"A617V,0.462"
X-1443,ATP13A3,79572.0,MutNovel,"G1024S,0.634"
X-1443,ATP4B,496.0,Amp5,5.78
X-1443,ATP5E,514.0,Amp5,5.86
X-1443,ATP9A,10079.0,Amp5,5.5
X-1443,ATR,545.0,MutNovel,"D986H,0.351"
X-1443,AURKA,6790.0,Amp5,5.86
X-1443,B4GALT5,9334.0,Amp5,5.5
X-1443,BAIAP2,10458.0,MutNovel,"M79V,0.310"
X-1443,BCAS4,55653.0,Amp5,5.5
X-1443,BCL2L1,598.0,Amp5,5.21
X-1443,BCORP1,286554.0,Del0.8,0.31
X-1443,BECN1,8678.0,MutNovel,"V201M,0.628"
X-1443,BHLHE23,128408.0,Amp5,6.45
X-1443,BIRC7,79444.0,Amp5,6.45
X-1443,BLCAP,10904.0,Amp5,5.46
X-1443,BMP7,655.0,Amp5,5.86
X-1443,BORA,79866.0,Amp5,5.31
X-1443,BPI,671.0,Amp5,5.46
X-1443,BPIFA1,51297.0,Amp5,5.21
X-1443,BPIFA2,140683.0,Amp5,5.21
X-1443,BPIFA3,128861.0,Amp5,5.21
X-1443,BPIFA4P,317716.0,Amp5,5.21
X-1443,BPIFB1,92747.0,Amp5,5.21
X-1443,BPIFB2,80341.0,Amp5,5.21
X-1443,BPIFB3,359710.0,Amp5,5.21
X-1443,BPIFB4,149954.0,Amp5,5.21
X-1443,BPIFB6,128859.0,Amp5,5.21
X-1443,BPY2B,442867.0,Del0.8,0.31
X-1443,BPY2B,442867.0,Del0.8,0.31
X-1443,BRCA2,675.0,MutNovel,"S2072F,0.534"
X-1443,C11orf30,56946.0,MutNovel,"DL47D,0.206"
X-1443,C20orf11,54994.0,Amp5,6.45
X-1443,C20orf111,51526.0,Amp5,5.66
X-1443,C20orf112,140688.0,Amp5,5.21
X-1443,C20orf118,140711.0,Amp5,5.21
X-1443,C20orf144,128864.0,Amp5,5.21
X-1443,C20orf151,140893.0,Amp5,6.45
X-1443,C20orf152,140894.0,Amp5,5.21
X-1443,C20orf160,140706.0,Amp5,5.21
X-1443,C20orf166,128826.0,Amp5,6.45
X-1443,C20orf166-AS1,253868.0,Amp5,6.45
X-1443,C20orf173,140873.0,Amp5,5.21
X-1443,C20orf195,79025.0,Amp5,6.45
X-1443,C20orf197,284756.0,Amp5,5.86
X-1443,C20orf20,55257.0,Amp5,6.45
X-1443,C20orf201,198437.0,Amp5,6.45
X-1443,C20orf203,284805.0,Amp5,5.21
X-1443,C20orf24,55969.0,Amp5,5.21
X-1443,C20orf4,25980.0,Amp5,5.21
X-1443,C20orf43,51507.0,Amp5,5.86
X-1443,C20orf85,128602.0,Amp5,5.86
X-1443,C21orf58,54058.0,MutNovel,"H299PN,0.714"
X-1443,C3orf70,285382.0,MutNovel,"S236L,0.216"
X-1443,C4orf21,55345.0,MutNovel,"S2102Y,0.448"
X-1443,C4orf47,441054.0,Del0.8,0.74
X-1443,C8orf73,642475.0,Amp5,5.46
X-1443,CABLES2,81928.0,Amp5,6.45
X-1443,CASP3,836.0,Del0.8,0.74
X-1443,CASS4,57091.0,Amp5,5.86
X-1443,CBFA2T2,9139.0,Amp5,5.21
X-1443,CBLN4,140689.0,Amp5,5.86
X-1443,CCDC110,256309.0,Del0.8,0.74
X-1443,CCDC111,201973.0,Del0.8,0.74
X-1443,CCDC136,64753.0,MutNovel,"E1008Q,1.000"
X-1443,CCDC39,339829.0,MutKnownFunctional,"-887?,0.394"
X-1443,CD40,958.0,Amp5,5.66
X-1443,CDC16,8881.0,Amp5,5.78
X-1443,CDC42EP1,11135.0,MutNovel,"PAPAANPS253P,0.606"
X-1443,CDH22,64405.0,Amp5,5.66
X-1443,CDH26,60437.0,Amp5,5.86
X-1443,CDH4,1002.0,Amp5,6.45
X-1443,CDK5RAP1,51654.0,Amp5,5.21
X-1443,CDKN2AIP,55602.0,Del0.8,0.74
X-1443,CDY1B,253175.0,Del0.8,0.31
X-1443,CDY1B,253175.0,Del0.8,0.31
X-1443,CDY2A,9426.0,Del0.8,0.31
X-1443,CDY2A,9426.0,Del0.8,0.31
X-1443,CDY2B,203611.0,Del0.8,0.31
X-1443,CDY2B,203611.0,Del0.8,0.31
X-1443,CEACAM3,1084.0,MutNovel,"G48V,0.667"
X-1443,CEACAM8,1088.0,MutNovel,"T171A,0.636"
X-1443,CEBPB,1051.0,Amp5,5.5
X-1443,CEP250,11190.0,Amp5,5.21
X-1443,CEP44,80817.0,Del0.8,0.75
X-1443,CHAMP1,283489.0,Amp5,5.78
X-1443,CHD6,84181.0,Amp5,5.66
X-1443,CHMP4B,128866.0,Amp5,5.21
X-1443,CHRNA4,1137.0,Amp5,6.45
X-1443,CLDN22,53842.0,Del0.8,0.74
X-1443,CLDN24,100132463.0,Del0.8,0.74
X-1443,COL20A1,57642.0,Amp5,6.45
X-1443,COL9A3,1299.0,Amp5,6.45
X-1443,COMMD6,170622.0,Amp5,5.03
X-1443,COMMD7,149951.0,Amp5,5.21
X-1443,CORO1B,57175.0,MutNovel,"G17R,0.738"
X-1443,COX4I2,84701.0,Amp5,5.21
X-1443,CPNE1,8904.0,Amp5,5.21
X-1443,CRTC1,23373.0,MutNovel,"Q610R,0.216"
X-1443,CSE1L,1434.0,Amp5,5.5
X-1443,CSPG4P1Y,114758.0,Del0.8,0.31
X-1443,CSPG4P1Y,114758.0,Del0.8,0.31
X-1443,CSTF1,1477.0,Amp5,5.86
X-1443,CT45A1,541466.0,Del0.8,0.75
X-1443,CT45A2,728911.0,Del0.8,0.75
X-1443,CT45A4,441520.0,Del0.8,0.75
X-1443,CTAGE11P,647288.0,Amp5,5.03
X-1443,CTCFL,140690.0,Amp5,5.86
X-1443,CTNNBL1,56259.0,Amp5,5.46
X-1443,CTSA,5476.0,MutNovel,"L29-,0.650"
X-1443,CTSA,5476.0,Amp5,5.66
X-1443,CTSZ,1522.0,Amp5,5.86
X-1443,CUL4A,8451.0,Amp5,5.24
X-1443,CYP24A1,1591.0,Amp5,5.7
X-1443,CYP2D6,1565.0,MutKnownFunctional,"-259,0.833"
X-1443,CYP4V2,285440.0,Del0.8,0.77
X-1443,DACH1,1602.0,Amp5,5.31
X-1443,DAZ1,1617.0,Del0.8,0.31
X-1443,DAZ2,57055.0,Del0.8,0.31
X-1443,DAZ3,57054.0,Del0.8,0.31
X-1443,DAZ3,57054.0,Del0.8,0.31
X-1443,DAZ4,57135.0,Del0.8,0.31
X-1443,DAZ4,57135.0,Del0.8,0.31
X-1443,DBNDD2,55861.0,Amp5,5.66
X-1443,DCTD,1635.0,Del0.8,0.74
X-1443,DCUN1D2,55208.0,Amp5,5.78
X-1443,DDX27,55661.0,Amp5,5.5
X-1443,DDX3Y,8653.0,Del0.8,0.31
X-1443,DEFB115,245929.0,Amp5,5.21
X-1443,DEFB116,245930.0,Amp5,5.21
X-1443,DEFB118,117285.0,Amp5,5.21
X-1443,DEFB119,245932.0,Amp5,5.21
X-1443,DEFB121,245934.0,Amp5,5.21
X-1443,DEFB122,245935.0,Amp5,5.21
X-1443,DEFB123,245936.0,Amp5,5.21
X-1443,DEFB124,245937.0,Amp5,5.21
X-1443,DHX35,60625.0,Amp5,5.46
X-1443,DIDO1,11083.0,Amp5,6.45
X-1443,DIS3,22894.0,Amp5,5.31
X-1443,DLGAP4,22839.0,Amp5,5.21
X-1443,DNAJC5,80331.0,Amp5,6.45
X-1443,DNMT3B,1789.0,Amp5,5.21
X-1443,DNTTIP1,116092.0,Amp5,5.66
X-1443,DOK5,55816.0,Amp5,5.86
X-1443,DPH3P1,100132911.0,Amp5,6.45
X-1443,DPM1,8813.0,Amp5,5.5
X-1443,DSN1,79980.0,Amp5,5.21
X-1443,DST,667.0,MutKnownFunctional,"R5140*,0.489"
X-1443,DUSP15,128853.0,Amp5,5.21
X-1443,DYNLRB1,83658.0,Amp5,5.21
X-1443,E2F1,1869.0,Amp5,5.21
X-1443,E2F5,1875.0,MutNovel,"G18A,0.583"
X-1443,EDEM2,55741.0,Amp5,5.21
X-1443,EDN3,1908.0,Amp5,5.86
X-1443,EEF1A2,1917.0,Amp5,6.45
X-1443,EEF1D,1936.0,Amp5,5.46
X-1443,EIF1AY,9086.0,Del0.8,0.31
X-1443,EIF2S2,8894.0,Amp5,5.21
X-1443,EIF6,3692.0,Amp5,5.21
X-1443,ELAC1,55520.0,Del0.8,0.31
X-1443,ELMO2,63916.0,Amp5,5.66
X-1443,EMILIN3,90187.0,Amp5,5.66
X-1443,ENPP6,133121.0,Del0.8,0.74
X-1443,EPB41L1,2036.0,Amp5,5.21
X-1443,ERGIC3,51614.0,Amp5,5.21
X-1443,ETS2,2114.0,MutNovel,"D143Y,0.496"
X-1443,ETS2,2114.0,MutNovel,"A534T,0.996"
X-1443,EYA2,2139.0,Amp5,5.66
X-1443,F11,2160.0,Del0.8,0.77
X-1443,FAM104B,90736.0,MutNovel,"R53H,1.000"
X-1443,FAM106A,80039.0,Del0.8,0.6
X-1443,FAM149A,25854.0,Del0.8,0.77
X-1443,FAM197Y2P,252946.0,Del0.8,0.31
X-1443,FAM209A,200232.0,Amp5,5.86
X-1443,FAM209B,388799.0,Amp5,5.86
X-1443,FAM210B,116151.0,Amp5,5.86
X-1443,FAM21A,387680.0,MutNovel,"S520P,0.364"
X-1443,FAM21B,55747.0,MutNovel,"V1197M,1.000"
X-1443,FAM41AY1,340618.0,Del0.8,0.31
X-1443,FAM41AY1,340618.0,Del0.8,0.31
X-1443,FAM65C,140876.0,Amp5,5.5
X-1443,FAM70B,348013.0,Amp5,5.78
X-1443,FAM83C,128876.0,Amp5,5.21
X-1443,FAM83D,81610.0,Amp5,5.46
X-1443,FAM83E,54854.0,MutNovel,"P331L,0.591"
X-1443,FAT1,2195.0,Del0.8,0.77
X-1443,FBXL14,144699.0,MutNovel,"R327Q,0.257"
X-1443,FBXO8,26269.0,Del0.8,0.75
X-1443,FER1L4,80307.0,Amp5,5.21
X-1443,FHOD3,80206.0,MutNovel,"P797L,1.000"
X-1443,FITM2,128486.0,Amp5,5.66
X-1443,FKBP9,11328.0,MutNovel,"D237G,0.534"
X-1443,FLJ16779,100192386.0,Amp5,6.45
X-1443,FOLR3,2352.0,MutNovel,"P117L,1.000"
X-1443,FOXS1,2307.0,Amp5,5.21
X-1443,FRG1B,284802.0,Amp5,5.21
X-1443,GALNT7,51809.0,Del0.8,0.75
X-1443,GAS6,2621.0,Amp5,5.78
X-1443,GATA5,140628.0,Amp5,6.45
X-1443,GCNT7,140687.0,Amp5,5.86
X-1443,GDAP1L1,78997.0,Amp5,5.66
X-1443,GDF5,8200.0,Amp5,5.21
X-1443,GGT7,2686.0,Amp5,5.21
X-1443,GHRH,2691.0,Amp5,5.46
X-1443,GLRA3,8001.0,Del0.8,0.75
X-1443,GMEB2,26205.0,Amp5,6.45
X-1443,GNAS,2778.0,Amp5,5.86
X-1443,GNAS-AS1,149775.0,Amp5,5.86
X-1443,GOLGA2P2Y,84559.0,Del0.8,0.31
X-1443,GOLGA2P2Y,84559.0,Del0.8,0.31
X-1443,GON4L,54856.0,MutNovel,"V1227Q,0.444"
X-1443,GPM6A,2823.0,Del0.8,0.75
X-1443,GRB7,2886.0,MutNovel,"P37L,0.234"
X-1443,GRK1,6011.0,Amp5,5.78
X-1443,GSDMD,79792.0,Amp5,5.46
X-1443,GSS,2937.0,Amp5,5.21
X-1443,GSTT1,2952.0,Amp5,5.5
X-1443,GTF2H2,2966.0,Del0.8,0.74
X-1443,GTPBP5,26164.0,Amp5,6.45
X-1443,GTSF1L,149699.0,Amp5,5.66
X-1443,GYG2P1,352887.0,Del0.8,0.31
X-1443,HAND2,9464.0,Del0.8,0.75
X-1443,HAR1A,768096.0,Amp5,6.45
X-1443,HAR1B,768097.0,Amp5,6.45
X-1443,HCK,3055.0,Amp5,5.21
X-1443,HEATR4,399671.0,Del0.8,0.77
X-1443,HELT,391723.0,Del0.8,0.74
X-1443,HEXA,3073.0,MutNovel,"T358M,0.640"
X-1443,HLA-B,3106.0,MutKnownFunctional,"Y140*,0.656"
X-1443,HLA-G,3135.0,MutNovel,"Y195H,0.429"
X-1443,HM13,81502.0,Amp5,5.21
X-1443,HMCN2,,MutNovel,"H3496R,1.000"
X-1443,HMGB2,3148.0,Del0.8,0.75
X-1443,HMGB3P1,128872.0,Amp5,5.21
X-1443,HNF4A,3172.0,Amp5,5.66
X-1443,HOXA13,3209.0,MutNovel,"P59A,1.000"
X-1443,HPGD,3248.0,Del0.8,0.75
X-1443,HRH3,11255.0,Amp5,6.45
X-1443,HSFY2,159119.0,Del0.8,0.31
X-1443,HSFY2,159119.0,Del0.8,0.31
X-1443,HSP90AA4P,3323.0,Del0.8,0.77
X-1443,ID1,3397.0,Amp5,5.21
X-1443,IFT52,51098.0,Amp5,5.66
X-1443,IGBP1P1,280655.0,Del0.8,0.59
X-1443,IGHMBP2,3508.0,MutNovel,"R286W,0.300"
X-1443,ING2,3622.0,Del0.8,0.74
X-1443,INTU,27152.0,MutNovel,"Q893K,0.333"
X-1443,IP6K2,51447.0,MutNovel,"S18F,0.671"
X-1443,IRF2,3660.0,Del0.8,0.74
X-1443,IRX2,153572.0,MutNovel,"A413V,0.632"
X-1443,ITCH,83737.0,Amp5,5.21
X-1443,JPH2,57158.0,Amp5,5.66
X-1443,KCNB1,3745.0,Amp5,5.5
X-1443,KCNG1,3755.0,Amp5,5.5
X-1443,KCNK15,60598.0,Amp5,5.66
X-1443,KCNQ2,3785.0,Amp5,6.45
X-1443,KCNS1,3787.0,Amp5,5.66
X-1443,KDM5D,8284.0,Del0.8,0.31
X-1443,KIAA0319,9856.0,MutNovel,"S264T,0.556"
X-1443,KIAA1430,57587.0,Del0.8,0.74
X-1443,KIAA1755,85449.0,Amp5,5.46
X-1443,KIF20B,9585.0,MutNovel,"L1062LKV,0.439"
X-1443,KIF3B,9371.0,Amp5,5.21
X-1443,KLF12,11278.0,Amp5,5.03
X-1443,KLKB1,3818.0,Del0.8,0.77
X-1443,KREMEN2,79412.0,MutNovel,"G295R,1.000"
X-1443,L3MBTL1,26013.0,Amp5,5.66
X-1443,LAMA5,3911.0,Amp5,6.45
X-1443,LBP,3929.0,Amp5,5.46
X-1443,LENG8,114823.0,MutNovel,"P158L,0.427"
X-1443,LGALS9C,654346.0,Del0.8,0.35
X-1443,LIME1,54923.0,Amp5,6.45
X-1443,LINC00028,140875.0,Amp5,5.21
X-1443,LINC00029,100144596.0,Amp5,6.45
X-1443,LINC00176,284739.0,Amp5,6.45
X-1443,LINC00290,728081.0,Del0.8,0.74
X-1443,LINC00347,338864.0,Amp5,5.03
X-1443,LINC00494,284749.0,Amp5,5.5
X-1443,LOC100127888,100127888.0,Amp5,6.45
X-1443,LOC100144597,100144597.0,Amp5,6.45
X-1443,LOC100287792,100287792.0,Amp5,5.46
X-1443,LOC100289151,,MutNovel,"L68P,1.000"
X-1443,LOC100289151,,MutNovel,"Q66R,1.000"
X-1443,LOC100289151,,MutNovel,"Q61R,1.000"
X-1443,LOC100505783,100505783.0,Amp5,5.66
X-1443,LOC100505815,100505815.0,Amp5,6.45
X-1443,LOC100506229,100506229.0,Del0.8,0.74
X-1443,LOC100506384,100506384.0,Amp5,5.86
X-1443,LOC100506394,100506394.0,Amp5,5.78
X-1443,LOC149773,149773.0,Amp5,5.86
X-1443,LOC149950,149950.0,Amp5,5.21
X-1443,LOC284751,284751.0,Amp5,5.5
X-1443,LOC285441,285441.0,Del0.8,0.77
X-1443,LOC285501,285501.0,Del0.8,0.76
X-1443,LOC339568,339568.0,Amp5,5.66
X-1443,LOC339975,339975.0,Del0.8,0.77
X-1443,LOC388796,388796.0,Amp5,5.46
X-1443,LOC389247,389247.0,Del0.8,0.74
X-1443,LOC391322,391322.0,Amp5,5.5
X-1443,LOC63930,63930.0,Amp5,6.45
X-1443,LOC647859,647859.0,Del0.8,0.74
X-1443,LOC647979,647979.0,Amp5,5.21
X-1443,LOC728175,728175.0,Del0.8,0.74
X-1443,LOC729162,,MutKnownFunctional,"R44*,1.000"
X-1443,LOC731424,731424.0,Del0.8,0.74
X-1443,LOC79015,79015.0,Amp5,5.66
X-1443,LPIN3,64900.0,MutNovel,"N70S,0.829"
X-1443,LPIN3,64900.0,Amp5,5.66
X-1443,LRP2BP,55805.0,Del0.8,0.74
X-1443,LRRC16A,55604.0,MutNovel,"R1021K,0.401"
X-1443,LSM14B,149986.0,Amp5,6.45
X-1443,LSR,51599.0,MutNovel,"G518GR,0.264"
X-1443,MAFB,9935.0,Amp5,5.66
X-1443,MANBAL,63905.0,Amp5,5.46
X-1443,MAP1LC3A,84557.0,Amp5,5.21
X-1443,MAP3K4,4216.0,MutNovel,"PA1189P,0.500"
X-1443,MAPK15,225689.0,MutNovel,"L424P,0.269"
X-1443,MAPRE1,22919.0,Amp5,5.21
X-1443,MATN4,8785.0,Amp5,5.66
X-1443,MBD6,114785.0,MutKnownFunctional,"-669,0.389"
X-1443,MC3R,4159.0,Amp5,5.86
X-1443,MCOLN1,57192.0,MutNovel,"R340W,0.615"
X-1443,MDN1,23195.0,MutKnownFunctional,"Q4175*,0.390"
X-1443,ME2,4200.0,Del0.8,0.31
X-1443,MED25,81857.0,MutNovel,"Q123P,0.735"
X-1443,MGC45800,90768.0,Del0.8,0.74
X-1443,MGEA5,10724.0,MutNovel,"R881K,0.630"
X-1443,MIR1-1,406904.0,Amp5,6.45
X-1443,MIR124-3,406909.0,Amp5,6.45
X-1443,MIR1257,100302168.0,Amp5,6.45
X-1443,MIR1305,100302270.0,Del0.8,0.74
X-1443,MIR133A2,406923.0,Amp5,6.45
X-1443,MIR1914,100302137.0,Amp5,6.45
X-1443,MIR296,407022.0,Amp5,5.86
X-1443,MIR298,100126296.0,Amp5,5.86
X-1443,MIR3193,100422904.0,Amp5,5.21
X-1443,MIR3194,100422889.0,Amp5,5.5
X-1443,MIR3196,100423014.0,Amp5,6.45
X-1443,MIR3616,100500814.0,Amp5,5.66
X-1443,MIR3646,100500813.0,Amp5,5.66
X-1443,MIR3945,100500818.0,Del0.8,0.74
X-1443,MIR4276,100423042.0,Del0.8,0.75
X-1443,MIR4325,100422883.0,Amp5,5.86
X-1443,MIR4326,100422945.0,Amp5,6.45
X-1443,MIR4532,100616353.0,Amp5,5.86
X-1443,MIR4533,100616362.0,Amp5,5.86
X-1443,MIR4755,100616434.0,Amp5,5.21
X-1443,MIR4758,100616340.0,Amp5,6.45
X-1443,MIR499A,574501.0,Amp5,5.21
X-1443,MIR499B,100616134.0,Amp5,5.21
X-1443,MIR5095,100616458.0,Amp5,5.86
X-1443,MIR644A,693229.0,Amp5,5.21
X-1443,MIR645,693230.0,Amp5,5.5
X-1443,MIR647,693232.0,Amp5,6.45
X-1443,MIR941-1,100126329.0,Amp5,6.45
X-1443,MIR941-3,100126352.0,Amp5,6.45
X-1443,MKRN7P,7686.0,Amp5,5.66
X-1443,MLF1IP,79682.0,Del0.8,0.74
X-1443,MLLT10P1,140678.0,Amp5,5.21
X-1443,MLXIP,22877.0,MutNovel,"T864M,0.361"
X-1443,MMP24,10893.0,Amp5,5.21
X-1443,MMP9,4318.0,Amp5,5.66
X-1443,MOCS3,27304.0,Amp5,5.5
X-1443,MPRIP,23164.0,MutNovel,"TS178T,0.496"
X-1443,MTHFR,4524.0,MutNovel,"I91V,0.440"
X-1443,MTNR1A,4543.0,Del0.8,0.77
X-1443,MTRNR2L3,100462983.0,Amp5,5.86
X-1443,MTX2,10651.0,MutNovel,"N119K,0.325"
X-1443,MUC12,10071.0,MutNovel,"R855H,0.231"
X-1443,MUC12,10071.0,MutNovel,"S914P,0.636"
X-1443,MUC12,10071.0,MutNovel,"H1064P,1.000"
X-1443,MUC12,10071.0,MutNovel,"T1066K,0.867"
X-1443,MUC12,10071.0,MutNovel,"R1165P,0.971"
X-1443,MUC12,10071.0,MutNovel,"A1235T,0.643"
X-1443,MUC12,10071.0,MutNovel,"K1254T,0.600"
X-1443,MUC12,10071.0,MutNovel,"D1348G,0.944"
X-1443,MUC12,10071.0,MutNovel,"P1520T,0.278"
X-1443,MUC12,10071.0,MutNovel,"L1735F,0.288"
X-1443,MUC12,10071.0,MutNovel,"T1832I,0.833"
X-1443,MUC12,10071.0,MutNovel,"D1839E,0.909"
X-1443,MUC12,10071.0,MutNovel,"T1899M,0.477"
X-1443,MUC12,10071.0,MutNovel,"T3456M,0.333"
X-1443,MUC12,10071.0,MutNovel,"T4071A,0.833"
X-1443,MUC12,10071.0,MutNovel,"T4363I,0.505"
X-1443,MUC12,10071.0,MutNovel,"T4472I,0.429"
X-1443,MUC12,10071.0,MutNovel,"D4479E,0.500"
X-1443,MUC12,10071.0,MutNovel,"T4539M,0.400"
X-1443,MYBL2,4605.0,Amp5,5.66
X-1443,MYH7B,57644.0,Amp5,5.21
X-1443,MYL9,10398.0,Amp5,5.21
X-1443,MYLK2,85366.0,Amp5,5.21
X-1443,MYO9A,4649.0,MutNovel,"D992V,0.462"
X-1443,MYO9A,4649.0,MutKnownFunctional,"-886?,0.286"
X-1443,MYT1,4661.0,Amp5,6.45
X-1443,MZT1,440145.0,Amp5,5.31
X-1443,NAA25,80018.0,MutNovel,"A378P,0.293"
X-1443,NAIP,4671.0,Del0.8,0.74
X-1443,NAPRT1,93100.0,Amp5,5.46
X-1443,NBLA00301,79804.0,Del0.8,0.75
X-1443,NBPF1,55672.0,MutNovel,"C968Y,0.667"
X-1443,NBPF10,100132406.0,MutNovel,"C3332G,0.650"
X-1443,NCOA5,57727.0,Amp5,5.66
X-1443,NCOA6,23054.0,Amp5,5.21
X-1443,NCOR2,9612.0,MutNovel,"G1839GAAA,0.457"
X-1443,NCRNA00185,55410.0,Del0.8,0.31
X-1443,NDFIP2,54602.0,Amp5,5.03
X-1443,NDRG3,57446.0,Amp5,5.21
X-1443,NECAB3,63941.0,Amp5,5.21
X-1443,NEIL3,55247.0,Del0.8,0.75
X-1443,NEK4,6787.0,MutNovel,"P648T,0.308"
X-1443,NEURL2,140825.0,Amp5,5.66
X-1443,NFATC2,4773.0,Amp5,5.5
X-1443,NFKBIB,4793.0,MutNovel,"R339Q,0.412"
X-1443,NFS1,9054.0,Amp5,5.21
X-1443,NKAIN4,128414.0,Amp5,6.45
X-1443,NLGN4Y,22829.0,Del0.8,0.31
X-1443,NNAT,4826.0,Amp5,5.46
X-1443,NOP2,4839.0,MutNovel,"RR54R,0.203"
X-1443,NPBWR2,2832.0,Amp5,6.45
X-1443,NPEPL1,79716.0,Amp5,5.86
X-1443,NR1H2,7376.0,MutNovel,"-173Q,0.784"
X-1443,NR5A2,2494.0,MutNovel,"R137H,0.429"
X-1443,NTSR1,4923.0,Amp5,6.45
X-1443,OAF,220323.0,MutNovel,"A12AL,0.643"
X-1443,ODZ3,55714.0,Del0.8,0.74
X-1443,OGFR,11054.0,Amp5,6.45
X-1443,OPRL1,4987.0,Amp5,6.45
X-1443,ORAI1,84876.0,MutNovel,"PP43-,0.812"
X-1443,OSBPL2,9885.0,Amp5,6.45
X-1443,PABPC1L,80336.0,Amp5,5.66
X-1443,PABPC3,5042.0,MutNovel,"KG231-,0.429"
X-1443,PABPC3,5042.0,MutKnownFunctional,"-246,0.273"
X-1443,PABPC3,5042.0,MutKnownFunctional,"-299,0.471"
X-1443,PABPC3,5042.0,MutKnownFunctional,"-314,0.923"
X-1443,PABPC3,5042.0,MutNovel,"Y377H,1.000"
X-1443,PABPC3,5042.0,MutNovel,"K444M,1.000"
X-1443,PABPC3,5042.0,MutNovel,"G451A,1.000"
X-1443,PABPC3,5042.0,MutNovel,"RV454R,1.000"
X-1443,PARD6B,84612.0,Amp5,5.5
X-1443,PCDH11Y,83259.0,Del0.8,0.33
X-1443,PCID2,55795.0,Amp5,5.43
X-1443,PCIF1,63935.0,Amp5,5.66
X-1443,PCK1,5105.0,Amp5,5.86
X-1443,PCLO,27445.0,MutNovel,"S2382C,0.500"
X-1443,PCMTD2,55251.0,Amp5,6.45
X-1443,PCSK9,255738.0,MutNovel,"D186H,0.434"
X-1443,PDK2,5164.0,MutNovel,"R194Q,0.875"
X-1443,PDLIM3,27295.0,Del0.8,0.74
X-1443,PDPR,55066.0,MutNovel,"T592A,0.294"
X-1443,PDRG1,81572.0,Amp5,5.21
X-1443,PFDN4,5203.0,Amp5,5.86
X-1443,PHACTR2,9749.0,MutNovel,"R279G,0.323"
X-1443,PHACTR3,116154.0,Amp5,5.86
X-1443,PHF20,51230.0,Amp5,5.21
X-1443,PHF20L1,51105.0,Amp5,5.35
X-1443,PHF3,23469.0,MutNovel,"R1124Q,0.505"
X-1443,PHLDA1,22822.0,MutNovel,"QQ194Q,0.500"
X-1443,PI3,5266.0,Amp5,5.66
X-1443,PIBF1,10464.0,Amp5,5.31
X-1443,PIGT,51604.0,Amp5,5.66
X-1443,PIGU,128869.0,Amp5,5.21
X-1443,PKIG,11142.0,Amp5,5.66
X-1443,PLAGL2,5326.0,Amp5,5.21
X-1443,PLCG1,5335.0,Amp5,5.66
X-1443,PLK3,1263.0,MutNovel,"A99T,0.368"
X-1443,PLTP,5360.0,Amp5,5.66
X-1443,PLXNB1,5364.0,MutKnownFunctional,"-42?,0.485"
X-1443,PMEPA1,56937.0,Amp5,5.86
X-1443,POFUT1,23509.0,Amp5,5.21
X-1443,POTEE,445582.0,MutNovel,"I803V,1.000"
X-1443,POU4F1,5457.0,Amp5,5.17
X-1443,PPDPF,79144.0,Amp5,6.45
X-1443,PPP1R16B,26051.0,Amp5,5.46
X-1443,PPP1R3D,5509.0,Amp5,5.86
X-1443,PPP4R1L,55370.0,Amp5,5.86
X-1443,PPRC1,23082.0,MutNovel,"P911H,0.626"
X-1443,PREX1,57580.0,Amp5,5.5
X-1443,PRIC285,85441.0,Amp5,6.45
X-1443,PRKY,5616.0,Del0.8,0.31
X-1443,PROCR,10544.0,Amp5,5.21
X-1443,PRPF6,24148.0,Amp5,6.45
X-1443,PRRC2C,23215.0,MutNovel,"P1255H,0.330"
X-1443,PRY,9081.0,Del0.8,0.31
X-1443,PRY,9081.0,Del0.8,0.31
X-1443,PRY2,442862.0,Del0.8,0.31
X-1443,PRY2,442862.0,Del0.8,0.31
X-1443,PSIMCT-1,100101490.0,Amp5,5.21
X-1443,PSMA5,5686.0,MutNovel,"M78V,0.661"
X-1443,PSMA7,5688.0,Amp5,6.45
X-1443,PTGIS,5740.0,Amp5,5.5
X-1443,PTK2,5747.0,MutNovel,"R87K,0.375"
X-1443,PTK6,5753.0,Amp5,6.45
X-1443,PTPN1,5770.0,Amp5,5.5
X-1443,PTPRT,11122.0,Amp5,5.66
X-1443,PXMP4,11264.0,Amp5,5.21
X-1443,PYCRL,65263.0,Amp5,5.46
X-1443,R3HDML,140902.0,Amp5,5.66
X-1443,RAB22A,57403.0,Amp5,5.86
X-1443,RAE1,8480.0,Amp5,5.86
X-1443,RALGAPB,57148.0,Amp5,5.46
X-1443,RALY,22913.0,Amp5,5.21
X-1443,RANBP2,5903.0,MutNovel,"Q2121R,0.992"
X-1443,RASA3,22821.0,Amp5,5.78
X-1443,RBM12,10137.0,Amp5,5.21
X-1443,RBM19,9904.0,MutNovel,"K637N,0.226"
X-1443,RBM26,64062.0,Amp5,5.03
X-1443,RBM26-AS1,100505538.0,Amp5,5.03
X-1443,RBM38,55544.0,Amp5,5.86
X-1443,RBM39,9584.0,Amp5,5.21
X-1443,RBMY1A3P,286557.0,Del0.8,0.31
X-1443,RBMY1B,378948.0,Del0.8,0.31
X-1443,RBMY1B,378948.0,Del0.8,0.31
X-1443,RBMY1E,378950.0,Del0.8,0.31
X-1443,RBMY1E,378950.0,Del0.8,0.31
X-1443,RBMY1F,159163.0,Del0.8,0.31
X-1443,RBMY1F,159163.0,Del0.8,0.31
X-1443,RBMY1J,378951.0,Del0.8,0.31
X-1443,RBMY1J,378951.0,Del0.8,0.31
X-1443,RBMY2EP,159125.0,Del0.8,0.31
X-1443,RBMY2FP,159162.0,Del0.8,0.31
X-1443,RBMY3AP,64593.0,Del0.8,0.31
X-1443,RBPJL,11317.0,Amp5,5.66
X-1443,REM1,28954.0,Amp5,5.21
X-1443,RGS12,6002.0,MutKnownFunctional,"-1176?,0.265"
X-1443,RGS19,10287.0,Amp5,6.45
X-1443,RHOT2,89941.0,MutNovel,"L287P,0.481"
X-1443,RIMS4,140730.0,Amp5,5.66
X-1443,RIPK1,8737.0,MutNovel,"A569V,0.468"
X-1443,RNF114,55905.0,Amp5,5.5
X-1443,RNF115,27246.0,MutNovel,"N247Y,0.255"
X-1443,RNF169,254225.0,MutNovel,"P75S,0.400"
X-1443,RNF219,79596.0,Amp5,5.17
X-1443,ROMO1,140823.0,Amp5,5.21
X-1443,ROS1,6098.0,MutNovel,"Y153C,0.500"
X-1443,RPL4,6124.0,MutNovel,"S9P,0.348"
X-1443,RPN2,6185.0,Amp5,5.46
X-1443,RPRD1B,58490.0,Amp5,5.46
X-1443,RPS21,6227.0,Amp5,6.45
X-1443,RPS4Y1,6192.0,Del0.8,0.33
X-1443,RPS4Y2,140032.0,Del0.8,0.31
X-1443,RRAD,6236.0,MutNovel,"R280C,0.537"
X-1443,RTEL1,51750.0,Amp5,6.45
X-1443,RTEL1-TNFRSF6B,100533107.0,Amp5,6.45
X-1443,RWDD4,201965.0,Del0.8,0.74
X-1443,SALL4,57167.0,Amp5,5.5
X-1443,SAMD10,140700.0,Amp5,6.45
X-1443,SAP30,8819.0,Del0.8,0.75
X-1443,SCAND1,51282.0,Amp5,5.21
X-1443,SCNN1A,6337.0,MutNovel,"P255L,0.620"
X-1443,SCRG1,11341.0,Del0.8,0.75
X-1443,SDC4,6385.0,Amp5,5.66
X-1443,SEMG1,6406.0,Amp5,5.66
X-1443,SEMG2,6407.0,Amp5,5.66
X-1443,SERINC2,347735.0,MutNovel,"-373Q,0.748"
X-1443,SERINC3,10955.0,Amp5,5.66
X-1443,SETX,23064.0,MutNovel,"E1136K,0.273"
X-1443,SFXN2,118980.0,MutNovel,"L312S,0.667"
X-1443,SGK2,10110.0,Amp5,5.66
X-1443,SLA2,84174.0,Amp5,5.21
X-1443,SLC12A5,57468.0,Amp5,5.66
X-1443,SLC13A3,64849.0,Amp5,5.66
X-1443,SLC17A9,63910.0,Amp5,6.45
X-1443,SLC25A4,291.0,Del0.8,0.74
X-1443,SLC2A10,81031.0,Amp5,5.66
X-1443,SLC2A4RG,56731.0,Amp5,6.45
X-1443,SLC32A1,140679.0,Amp5,5.46
X-1443,SLC35C2,51006.0,Amp5,5.66
X-1443,SLC9A8,23315.0,Amp5,5.5
X-1443,SLCO4A1,28231.0,Amp5,6.45
X-1443,SLED1,643036.0,Del0.8,0.74
X-1443,SLITRK1,114798.0,Amp5,5.1
X-1443,SLITRK6,84189.0,Amp5,5.24
X-1443,SLMO2,51012.0,Amp5,5.86
X-1443,SLMO2-ATP5E,100533975.0,Amp5,5.86
X-1443,SLPI,6590.0,Amp5,5.66
X-1443,SMAD4,4089.0,Del0.8,0.37
X-1443,SNAI1,6615.0,Amp5,5.5
X-1443,SNHG11,128439.0,Amp5,5.46
X-1443,SNORA39,677821.0,Amp5,5.46
X-1443,SNORA71A,26777.0,Amp5,5.46
X-1443,SNORA71B,26776.0,Amp5,5.46
X-1443,SNORA71C,677839.0,Amp5,5.46
X-1443,SNORA71D,677840.0,Amp5,5.46
X-1443,SNORD12,692057.0,Amp5,5.5
X-1443,SNORD12B,100113393.0,Amp5,5.5
X-1443,SNORD12C,26765.0,Amp5,5.5
X-1443,SNTA1,6640.0,Amp5,5.21
X-1443,SNX21,90203.0,Amp5,5.66
X-1443,SNX25,83891.0,Del0.8,0.74
X-1443,SOX18,54345.0,Amp5,6.45
X-1443,SOX4,6659.0,MutNovel,"S338G,0.509"
X-1443,SPAG4,6676.0,Amp5,5.21
X-1443,SPATA2,9825.0,Amp5,5.5
X-1443,SPATA25,128497.0,Amp5,5.66
X-1443,SPATA4,132851.0,Del0.8,0.75
X-1443,SPCS3,60559.0,Del0.8,0.75
X-1443,SPINLW1,57119.0,Amp5,5.66
X-1443,SPINLW1-WFDC6,100526773.0,Amp5,5.66
X-1443,SPINT3,10816.0,Amp5,5.66
X-1443,SPINT4,391253.0,Amp5,5.66
X-1443,SPO11,23626.0,Amp5,5.86
X-1443,SPRY2,10253.0,Amp5,5.03
X-1443,SRC,6714.0,Amp5,5.46
X-1443,SRMS,6725.0,Amp5,6.45
X-1443,SRSF6,6431.0,Amp5,5.66
X-1443,SRY,6736.0,Del0.8,0.33
X-1443,SS18L1,26039.0,Amp5,6.45
X-1443,STAU1,6780.0,Amp5,5.5
X-1443,STK4,6789.0,Amp5,5.66
X-1443,STMN3,50861.0,Amp5,6.45
X-1443,STOX2,56977.0,Del0.8,0.74
X-1443,STX16,8675.0,Amp5,5.86
X-1443,SULF2,55959.0,Amp5,5.5
X-1443,SUMF2,25870.0,MutNovel,"R289Q,0.616"
X-1443,SUN5,140732.0,Amp5,5.21
X-1443,SYCP2,10388.0,Amp5,5.86
X-1443,SYS1,90196.0,Amp5,5.66
X-1443,SYS1-DBNDD2,767557.0,Amp5,5.66
X-1443,SYVN1,84447.0,MutNovel,"E496G,0.210"
X-1443,TACC2,10579.0,MutNovel,"T2238M,0.789"
X-1443,TAF4,6874.0,Amp5,6.45
X-1443,TBC1D4,9882.0,Amp5,5.03
X-1443,TBL1Y,90665.0,Del0.8,0.31
X-1443,TBP,6908.0,MutNovel,"-64Q,0.254"
X-1443,TCEA2,6919.0,Amp5,6.45
X-1443,TCFL5,10732.0,Amp5,6.45
X-1443,TFAP2C,7022.0,Amp5,5.86
X-1443,TFDP1,7027.0,Amp5,5.78
X-1443,TGIF2,60436.0,Amp5,5.21
X-1443,TGIF2-C20ORF24,100527943.0,Amp5,5.21
X-1443,TGIF2LY,90655.0,Del0.8,0.33
X-1443,TGM2,7052.0,Amp5,5.46
X-1443,TH1L,51497.0,Amp5,5.86
X-1443,TIGD5,84948.0,Amp5,5.46
X-1443,TLR3,7098.0,Del0.8,0.77
X-1443,TM9SF4,9777.0,Amp5,5.21
X-1443,TMCO3,55002.0,Amp5,5.78
X-1443,TMEM104,54868.0,MutNovel,"L357V,0.556"
X-1443,TMEM183B,,MutNovel,"H197R,0.750"
X-1443,TMEM184A,202915.0,MutNovel,"G392GA,0.807"
X-1443,TMEM189,387521.0,Amp5,5.5
X-1443,TMEM189-UBE2V1,387522.0,Amp5,5.5
X-1443,TMSB4Y,9087.0,Del0.8,0.31
X-1443,TNFRSF6B,8771.0,Amp5,6.45
X-1443,TNNC2,7125.0,Amp5,5.66
X-1443,TOMM34,10953.0,Amp5,5.66
X-1443,TOP1,7150.0,Amp5,5.66
X-1443,TOX2,84969.0,Amp5,5.66
X-1443,TP53,7157.0,MutNovel,"C176F,1.000"
X-1443,TP53INP2,58476.0,Amp5,5.21
X-1443,TP53RK,112858.0,Amp5,5.66
X-1443,TP53TG5,27296.0,Amp5,5.66
X-1443,TPD52L2,7165.0,Amp5,6.45
X-1443,TPTE,7179.0,MutNovel,"V141S,1.000"
X-1443,TPTE,7179.0,MutNovel,"R127N,1.000"
X-1443,TPTE,7179.0,MutNovel,"L120V,1.000"
X-1443,TPX2,22974.0,Amp5,5.21
X-1443,TRAPPC11,60684.0,Del0.8,0.74
X-1443,TRIML1,339976.0,Del0.8,0.72
X-1443,TRIML2,205860.0,Del0.8,0.72
X-1443,TRPC4AP,26133.0,Amp5,5.21
X-1443,TSHZ2,128553.0,Amp5,5.17
X-1443,TSPY1,7258.0,Del0.8,0.31
X-1443,TSPY2,64591.0,Del0.8,0.31
X-1443,TSPY26P,128854.0,Amp5,5.21
X-1443,TSPY3,728137.0,Del0.8,0.31
X-1443,TSPY4,728395.0,Del0.8,0.31
X-1443,TSPY8,728403.0,Del0.8,0.31
X-1443,TSPYL1,7259.0,MutNovel,"V176VW,0.845"
X-1443,TTI1,9675.0,Amp5,5.46
X-1443,TTLL11,158135.0,MutNovel,"E121K,0.250"
X-1443,TTLL9,164395.0,Amp5,5.21
X-1443,TTPAL,79183.0,Amp5,5.66
X-1443,TTTY10,246119.0,Del0.8,0.31
X-1443,TTTY11,83866.0,Del0.8,0.31
X-1443,TTTY12,83867.0,Del0.8,0.31
X-1443,TTTY13,83868.0,Del0.8,0.31
X-1443,TTTY14,83869.0,Del0.8,0.31
X-1443,TTTY15,64595.0,Del0.8,0.31
X-1443,TTTY16,252948.0,Del0.8,0.31
X-1443,TTTY17A,252949.0,Del0.8,0.31
X-1443,TTTY17A,252949.0,Del0.8,0.31
X-1443,TTTY18,252950.0,Del0.8,0.31
X-1443,TTTY19,252952.0,Del0.8,0.31
X-1443,TTTY1B,100101116.0,Del0.8,0.31
X-1443,TTTY1B,100101116.0,Del0.8,0.31
X-1443,TTTY2,60439.0,Del0.8,0.31
X-1443,TTTY2,60439.0,Del0.8,0.31
X-1443,TTTY20,252951.0,Del0.8,0.31
X-1443,TTTY21,252953.0,Del0.8,0.31
X-1443,TTTY21,252953.0,Del0.8,0.31
X-1443,TTTY22,252954.0,Del0.8,0.31
X-1443,TTTY23,252955.0,Del0.8,0.31
X-1443,TTTY23,252955.0,Del0.8,0.31
X-1443,TTTY3,114760.0,Del0.8,0.31
X-1443,TTTY3,114760.0,Del0.8,0.31
X-1443,TTTY4,114761.0,Del0.8,0.31
X-1443,TTTY4,114761.0,Del0.8,0.31
X-1443,TTTY5,83863.0,Del0.8,0.31
X-1443,TTTY6,84672.0,Del0.8,0.31
X-1443,TTTY6,84672.0,Del0.8,0.31
X-1443,TTTY7,246122.0,Del0.8,0.31
X-1443,TTTY7,246122.0,Del0.8,0.31
X-1443,TTTY7B,100101120.0,Del0.8,0.31
X-1443,TTTY7B,100101120.0,Del0.8,0.31
X-1443,TTTY8,84673.0,Del0.8,0.31
X-1443,TTTY8,84673.0,Del0.8,0.31
X-1443,TTTY9A,83864.0,Del0.8,0.31
X-1443,TTTY9A,83864.0,Del0.8,0.31
X-1443,TUBB1,81027.0,Amp5,5.86
X-1443,TULP4,56995.0,MutNovel,"LV1285L,0.294"
X-1443,TWF1,5756.0,MutNovel,"G23R,0.663"
X-1443,TXLNG2P,246126.0,Del0.8,0.31
X-1443,UBC,7316.0,MutNovel,"R528H,0.210"
X-1443,UBE2C,11065.0,Amp5,5.66
X-1443,UBE2V1,7335.0,Amp5,5.5
X-1443,UCHL3,7347.0,Amp5,5.03
X-1443,UCKL1,54963.0,Amp5,6.45
X-1443,UCKL1-AS1,100113386.0,Amp5,6.45
X-1443,UFSP2,55325.0,Del0.8,0.74
X-1443,UPF3A,65110.0,Amp5,5.78
X-1443,UQCC,55245.0,Amp5,5.21
X-1443,USP32P2,220594.0,Del0.8,0.6
X-1443,USP36,57602.0,MutNovel,"KKK958K,0.483"
X-1443,USP53,54532.0,MutNovel,"T423A,0.642"
X-1443,USP9Y,8287.0,Del0.8,0.31
X-1443,UTY,7404.0,Del0.8,0.31
X-1443,VAPB,9217.0,Amp5,5.86
X-1443,VCY,9084.0,Del0.8,0.31
X-1443,VCY,9084.0,Del0.8,0.31
X-1443,VEGFC,7424.0,Del0.8,0.75
X-1443,VPS13D,55187.0,MutNovel,"T448N,0.588"
X-1443,VSTM2L,128434.0,Amp5,5.46
X-1443,VWA1,64856.0,MutNovel,"R378W,0.235"
X-1443,WASH1,100287171.0,MutNovel,"P152A,0.302"
X-1443,WDR17,116966.0,Del0.8,0.75
X-1443,WFDC10A,140832.0,Amp5,5.66
X-1443,WFDC10B,280664.0,Amp5,5.66
X-1443,WFDC11,259239.0,Amp5,5.66
X-1443,WFDC12,128488.0,Amp5,5.66
X-1443,WFDC13,164237.0,Amp5,5.66
X-1443,WFDC2,10406.0,Amp5,5.66
X-1443,WFDC3,140686.0,Amp5,5.66
X-1443,WFDC5,149708.0,Amp5,5.66
X-1443,WFDC6,140870.0,Amp5,5.66
X-1443,WFDC8,90199.0,Amp5,5.66
X-1443,WFDC9,259240.0,Amp5,5.66
X-1443,WFIKKN1,117166.0,MutNovel,"A419T,1.000"
X-1443,WISP2,8839.0,Amp5,5.66
X-1443,WWC2,80014.0,Del0.8,0.74
X-1443,XKR7,343702.0,Amp5,5.21
X-1443,XKRY2,353515.0,Del0.8,0.31
X-1443,XKRY2,353515.0,Del0.8,0.31
X-1443,YTHDF1,54915.0,Amp5,6.45
X-1443,YWHAB,7529.0,Amp5,5.66
X-1443,ZBP1,81030.0,Amp5,5.86
X-1443,ZBTB46,140685.0,Amp5,6.45
X-1443,ZC3H3,23144.0,MutNovel,"I354L,0.342"
X-1443,ZCCHC10,54819.0,Del0.8,0.58
X-1443,ZCCHC2,54877.0,MutNovel,"G235D,1.000"
X-1443,ZDHHC11,79844.0,MutNovel,"A303D,0.542"
X-1443,ZFHX3,463.0,MutNovel,"Q1741HK,0.333"
X-1443,ZFP42,132625.0,Del0.8,0.77
X-1443,ZFP64,55734.0,Amp5,5.5
X-1443,ZFY,7544.0,Del0.8,0.33
X-1443,ZGPAT,84619.0,Amp5,6.45
X-1443,ZHX3,23051.0,Amp5,5.66
X-1443,ZKSCAN5,23660.0,MutNovel,"A482V,0.540"
X-1443,ZNF187,7741.0,MutNovel,"A260V,0.265"
X-1443,ZNF227,7770.0,MutKnownFunctional,"R519*,0.435"
X-1443,ZNF268,10795.0,MutKnownFunctional,"R18*,0.367"
X-1443,ZNF334,55713.0,Amp5,5.66
X-1443,ZNF335,63925.0,Amp5,5.66
X-1443,ZNF341,84905.0,Amp5,5.21
X-1443,ZNF384,171017.0,MutNovel,"QQ514Q,0.364"
X-1443,ZNF418,147686.0,MutNovel,"H297Q,1.000"
X-1443,ZNF512B,57473.0,Amp5,6.45
X-1443,ZNF627,199692.0,MutNovel,"C312Y,0.325"
X-1443,ZNF772,400720.0,MutNovel,"A4GP,0.714"
X-1443,ZNF831,128611.0,Amp5,5.86
X-1443,ZNF844,284391.0,MutKnownFunctional,"-346,0.529"
X-1443,ZNFX1,57169.0,Amp5,5.5
X-1443,ZNFX1-AS1,441951.0,Amp5,5.5
X-1443,ZRANB1,54764.0,MutKnownFunctional,"-709?,0.533"
X-1443,ZSWIM1,90204.0,Amp5,5.66
X-1443,ZSWIM3,140831.0,Amp5,5.66
X-1443,ZZEF1,23140.0,MutNovel,"R2909C,1.000"
X-1443,ZZEF1,23140.0,MutKnownFunctional,"W626*,1.000"
X-1479,ABCC9,10060.0,Amp5,5.1
X-1479,AEBP2,121536.0,Amp5,5.1
X-1479,AMELY,266.0,Del0.8,0.18
X-1479,ANKFY1,51479.0,MutNovel,"S1180L,1.000"
X-1479,ANKRD36,375248.0,MutNovel,"T998S,0.240"
X-1479,ANKRD36C,,MutNovel,"E888V,1.000"
X-1479,APC,324.0,MutNovel,"I1557V,0.455"
X-1479,AQP12B,653437.0,MutNovel,"H256R,0.429"
X-1479,ATF7IP,55729.0,MutNovel,"DI374D,0.333"
X-1479,ATM,472.0,MutNovel,"F858L,0.800"
X-1479,BCORP1,286554.0,Del0.8,0.18
X-1479,BPY2B,442867.0,Del0.8,0.18
X-1479,BPY2B,442867.0,Del0.8,0.18
X-1479,BRCA1,672.0,MutNovel,"P1658L,0.288"
X-1479,C12orf39,80763.0,Amp5,5.1
X-1479,C16orf72,29035.0,MutNovel,"R122Q,0.436"
X-1479,C16orf93,90835.0,MutNovel,"A28T,0.692"
X-1479,C3orf19,51244.0,MutNovel,"R239W,1.000"
X-1479,CAPZA3,93661.0,Amp5,5.1
X-1479,CC2D1B,200014.0,MutNovel,"R508Q,0.608"
X-1479,CDC16,8881.0,MutNovel,"A464V,0.224"
X-1479,CDY1B,253175.0,Del0.8,0.18
X-1479,CDY1B,253175.0,Del0.8,0.18
X-1479,CDY2A,9426.0,Del0.8,0.18
X-1479,CDY2A,9426.0,Del0.8,0.18
X-1479,CDY2B,203611.0,Del0.8,0.18
X-1479,CDY2B,203611.0,Del0.8,0.18
X-1479,CHMP1B,57132.0,MutNovel,"S98L,0.472"
X-1479,CMAS,55907.0,Amp5,5.1
X-1479,CSPG4P1Y,114758.0,Del0.8,0.18
X-1479,CSPG4P1Y,114758.0,Del0.8,0.18
X-1479,CTC1,80169.0,MutNovel,"V399A,1.000"
X-1479,DAZ1,1617.0,Del0.8,0.18
X-1479,DAZ2,57055.0,Del0.8,0.18
X-1479,DAZ3,57054.0,Del0.8,0.18
X-1479,DAZ3,57054.0,Del0.8,0.18
X-1479,DAZ4,57135.0,Del0.8,0.18
X-1479,DAZ4,57135.0,Del0.8,0.18
X-1479,DCST2,127579.0,MutNovel,"T159I,0.600"
X-1479,DCUN1D3,123879.0,MutNovel,"G190C,0.267"
X-1479,DDX3Y,8653.0,Del0.8,0.18
X-1479,DIAPH1,1729.0,MutNovel,"G623E,0.400"
X-1479,DNMT3A,1788.0,MutNovel,"T65K,0.273"
X-1479,EFCAB7,84455.0,MutNovel,"R97S,0.294"
X-1479,EIF1AY,9086.0,Del0.8,0.18
X-1479,ETNK1,55500.0,Amp5,5.1
X-1479,EXD3,54932.0,MutNovel,"R594Q,0.500"
X-1479,FAM106A,80039.0,Del0.8,0.5
X-1479,FAM197Y2P,252946.0,Del0.8,0.18
X-1479,FAM21C,253725.0,MutNovel,"K1199R,0.450"
X-1479,FAM41AY1,340618.0,Del0.8,0.18
X-1479,FAM41AY1,340618.0,Del0.8,0.18
X-1479,FBRSL1,57666.0,MutNovel,"A293T,0.588"
X-1479,FLCN,201163.0,MutKnownFunctional,"-429?,0.633"
X-1479,FOXK1,221937.0,MutNovel,"V483L,0.425"
X-1479,GALC,2581.0,MutNovel,"I97V,0.255"
X-1479,GLT25D1,79709.0,MutNovel,"L177V,0.337"
X-1479,GOLGA2P2Y,84559.0,Del0.8,0.18
X-1479,GOLGA2P2Y,84559.0,Del0.8,0.18
X-1479,GOLT1B,51026.0,Amp5,5.1
X-1479,GPRIN2,9721.0,MutNovel,"-238MRE,0.714"
X-1479,GSTT1,2952.0,Del0.8,0.71
X-1479,GYG2P1,352887.0,Del0.8,0.18
X-1479,GYS2,2998.0,Amp5,5.1
X-1479,HDAC5,10014.0,MutNovel,"A1104T,0.319"
X-1479,HEATR7A,727957.0,MutNovel,"A1630T,0.692"
X-1479,HLA-G,3135.0,MutNovel,"EE85DQ,1.000"
X-1479,HLA-G,3135.0,MutNovel,"T91I,0.875"
X-1479,HLA-G,3135.0,MutNovel,"Y137P,0.923"
X-1479,HLA-G,3135.0,MutNovel,"Y140S,1.000"
X-1479,HLA-H,3136.0,Del0.8,0.65
X-1479,HNF1A,6927.0,MutNovel,"T164A,0.296"
X-1479,HRCT1,646962.0,MutNovel,"H104P,0.500"
X-1479,HSFY2,159119.0,Del0.8,0.18
X-1479,HSFY2,159119.0,Del0.8,0.18
X-1479,IAPP,3375.0,Amp5,5.1
X-1479,IGFBP2,3485.0,MutNovel,"L17LLPP,0.308"
X-1479,IQGAP2,10788.0,MutNovel,"V209M,0.571"
X-1479,IQSEC1,9922.0,MutNovel,"F643V,1.000"
X-1479,KCNJ8,3764.0,Amp5,5.1
X-1479,KDM5D,8284.0,Del0.8,0.18
X-1479,KHDRBS3,10656.0,MutNovel,"I163M,0.219"
X-1479,KIAA0020,9933.0,MutNovel,"R181C,0.671"
X-1479,KIAA0528,9847.0,Amp5,5.1
X-1479,KIF20B,9585.0,MutNovel,"L1062LKV,0.455"
X-1479,KRAS,3845.0,MutKnownFunctional,"G13D,0.642"
X-1479,KRT8,3856.0,MutNovel,"R397Q,0.253"
X-1479,LAMC1,3915.0,MutNovel,"N473S,0.320"
X-1479,LARP7,51574.0,MutNovel,"K183Q,0.440"
X-1479,LDHB,3945.0,Amp5,5.1
X-1479,LGALS14,56891.0,MutNovel,"D114N,0.400"
X-1479,LGALS9B,284194.0,MutNovel,"T152A,1.000"
X-1479,LGALS9C,654346.0,Del0.8,0.5
X-1479,LOC100506393,100506393.0,Amp5,5.1
X-1479,LOC100996541,,MutNovel,"A37S,0.286"
X-1479,LOC391322,391322.0,Del0.8,0.71
X-1479,LOC642441,,MutNovel,"L209S,0.333"
X-1479,LOC728888,,MutNovel,"P603R,1.000"
X-1479,LRIG3,121227.0,MutNovel,"D527H,0.689"
X-1479,LSR,51599.0,MutNovel,"G518GR,0.833"
X-1479,MICA,100507436.0,MutKnownFunctional,"-298,1.000"
X-1479,MIR3974,100616279.0,Amp5,5.1
X-1479,MIR920,100126320.0,Amp5,5.1
X-1479,MPRIP,23164.0,MutNovel,"TS178T,0.440"
X-1479,NCOA3,8202.0,MutNovel,"Q1255-,0.426"
X-1479,NCRNA00185,55410.0,Del0.8,0.18
X-1479,NIPBL,25836.0,MutNovel,"Y2113N,0.370"
X-1479,NLGN4Y,22829.0,Del0.8,0.18
X-1479,NPIPL3,23117.0,MutNovel,"L793I,0.600"
X-1479,NR1H2,7376.0,MutNovel,"-173Q,0.521"
X-1479,NSUN6,221078.0,MutNovel,"S227R,0.655"
X-1479,ORAI1,84876.0,MutNovel,"PP43-,0.867"
X-1479,OVOS,,MutNovel,"G1245S,0.667"
X-1479,PCDH11Y,83259.0,Del0.8,0.26
X-1479,PCM1,5108.0,MutKnownFunctional,"-2011,0.239"
X-1479,PCNT,5116.0,MutNovel,"C2129R,1.000"
X-1479,PDE3A,5139.0,Amp5,5.1
X-1479,PDPK1,5170.0,MutNovel,"R505Q,0.217"
X-1479,PHLDA1,22822.0,MutNovel,"QQ194Q,0.593"
X-1479,PIK3C2G,5288.0,Amp5,5.1
X-1479,PITPNM1,9600.0,MutNovel,"R1234Q,0.386"
X-1479,PLAA,9373.0,MutNovel,"M166I,0.663"
X-1479,PLCZ1,89869.0,Amp5,5.1
X-1479,PLEKHA5,54477.0,Amp5,5.1
X-1479,PLEKHH1,57475.0,MutNovel,"D1282E,0.523"
X-1479,POLDIP2,26073.0,MutNovel,"S28G,0.700"
X-1479,POLDIP2,26073.0,MutKnownFunctional,"-27?,0.556"
X-1479,PPP1R12C,54776.0,MutNovel,"A44D,0.739"
X-1479,PRKAR1B,5575.0,MutNovel,"N369I,0.243"
X-1479,PRKY,5616.0,Del0.8,0.18
X-1479,PRY,9081.0,Del0.8,0.18
X-1479,PRY,9081.0,Del0.8,0.18
X-1479,PRY2,442862.0,Del0.8,0.18
X-1479,PRY2,442862.0,Del0.8,0.18
X-1479,PYROXD1,79912.0,Amp5,5.1
X-1479,RARG,5916.0,MutNovel,"R366W,0.697"
X-1479,RBMY1A3P,286557.0,Del0.8,0.18
X-1479,RBMY1B,378948.0,Del0.8,0.18
X-1479,RBMY1B,378948.0,Del0.8,0.18
X-1479,RBMY1E,378950.0,Del0.8,0.18
X-1479,RBMY1E,378950.0,Del0.8,0.18
X-1479,RBMY1F,159163.0,Del0.8,0.18
X-1479,RBMY1F,159163.0,Del0.8,0.18
X-1479,RBMY1J,378951.0,Del0.8,0.18
X-1479,RBMY1J,378951.0,Del0.8,0.18
X-1479,RBMY2EP,159125.0,Del0.8,0.18
X-1479,RBMY2FP,159162.0,Del0.8,0.18
X-1479,RBMY3AP,64593.0,Del0.8,0.18
X-1479,RC3H1,149041.0,MutNovel,"G921S,0.800"
X-1479,RECQL,5965.0,Amp5,5.1
X-1479,RERGL,79785.0,Amp5,5.1
X-1479,RGNEF,64283.0,MutNovel,"S661P,0.529"
X-1479,RIN3,79890.0,MutNovel,"G967-,0.531"
X-1479,RPS4Y1,6192.0,Del0.8,0.26
X-1479,RPS4Y2,140032.0,Del0.8,0.18
X-1479,RPS6KA4,8986.0,MutNovel,"R253Q,0.282"
X-1479,SATB1,6304.0,MutNovel,"Q639HR,0.500"
X-1479,SERHL2,253190.0,MutNovel,"H168Q,0.500"
X-1479,SERINC2,347735.0,MutNovel,"-373Q,0.760"
X-1479,SERPINA7,6906.0,MutNovel,"I403V,1.000"
X-1479,SGOL2,151246.0,MutNovel,"C1041R,0.593"
X-1479,SHCBP1,79801.0,MutNovel,"N611H,0.222"
X-1479,SIGLEC14,100049587.0,Del0.8,0.58
X-1479,SIPA1L1,26037.0,MutNovel,"E978Q,0.526"
X-1479,SLCO1A2,6579.0,Amp5,5.1
X-1479,SLCO1B1,10599.0,Amp5,5.1
X-1479,SLCO1B3,28234.0,Amp5,5.1
X-1479,SLCO1B7,338821.0,Amp5,5.1
X-1479,SLCO1C1,53919.0,Amp5,5.1
X-1479,SMCHD1,23347.0,MutNovel,"C985G,0.375"
X-1479,SP2,6668.0,MutNovel,"P183S,0.629"
X-1479,SPAG16,79582.0,MutNovel,"I182F,0.398"
X-1479,SPR,6697.0,MutNovel,"L39F,0.368"
X-1479,SRPX,8406.0,MutKnownFunctional,"Q117*,1.000"
X-1479,SRY,6736.0,Del0.8,0.26
X-1479,ST8SIA1,6489.0,Amp5,5.1
X-1479,SUPT7L,9913.0,MutKnownFunctional,"Q232*,0.255"
X-1479,SYNRG,11276.0,MutNovel,"D710A,0.600"
X-1479,TBL1Y,90665.0,Del0.8,0.18
X-1479,TBP,6908.0,MutNovel,"-64Q,0.261"
X-1479,TEX10,54881.0,MutNovel,"P872S,0.300"
X-1479,TGFB1I1,7041.0,MutNovel,"P183L,0.333"
X-1479,TGIF2LY,90655.0,Del0.8,0.26
X-1479,TMEM184A,202915.0,MutNovel,"G392GA,0.851"
X-1479,TMEM245,,MutNovel,"D797V,0.229"
X-1479,TMEM50B,757.0,MutNovel,"F100C,0.503"
X-1479,TMSB4Y,9087.0,Del0.8,0.18
X-1479,TP53,7157.0,MutLikelyFunctional,"H179R,1.000"
X-1479,TSPY1,7258.0,Del0.8,0.18
X-1479,TSPY2,64591.0,Del0.8,0.18
X-1479,TSPY3,728137.0,Del0.8,0.18
X-1479,TSPY4,728395.0,Del0.8,0.18
X-1479,TSPY8,728403.0,Del0.8,0.18
X-1479,TTLL11,158135.0,MutKnownFunctional,"-523?,0.350"
X-1479,TTTY10,246119.0,Del0.8,0.18
X-1479,TTTY11,83866.0,Del0.8,0.18
X-1479,TTTY12,83867.0,Del0.8,0.18
X-1479,TTTY13,83868.0,Del0.8,0.18
X-1479,TTTY14,83869.0,Del0.8,0.18
X-1479,TTTY15,64595.0,Del0.8,0.18
X-1479,TTTY16,252948.0,Del0.8,0.18
X-1479,TTTY17A,252949.0,Del0.8,0.18
X-1479,TTTY17A,252949.0,Del0.8,0.18
X-1479,TTTY18,252950.0,Del0.8,0.18
X-1479,TTTY19,252952.0,Del0.8,0.18
X-1479,TTTY1B,100101116.0,Del0.8,0.18
X-1479,TTTY1B,100101116.0,Del0.8,0.18
X-1479,TTTY2,60439.0,Del0.8,0.18
X-1479,TTTY2,60439.0,Del0.8,0.18
X-1479,TTTY20,252951.0,Del0.8,0.18
X-1479,TTTY21,252953.0,Del0.8,0.18
X-1479,TTTY21,252953.0,Del0.8,0.18
X-1479,TTTY22,252954.0,Del0.8,0.18
X-1479,TTTY23,252955.0,Del0.8,0.18
X-1479,TTTY23,252955.0,Del0.8,0.18
X-1479,TTTY3,114760.0,Del0.8,0.18
X-1479,TTTY3,114760.0,Del0.8,0.18
X-1479,TTTY4,114761.0,Del0.8,0.18
X-1479,TTTY4,114761.0,Del0.8,0.18
X-1479,TTTY5,83863.0,Del0.8,0.18
X-1479,TTTY6,84672.0,Del0.8,0.18
X-1479,TTTY6,84672.0,Del0.8,0.18
X-1479,TTTY7,246122.0,Del0.8,0.18
X-1479,TTTY7,246122.0,Del0.8,0.18
X-1479,TTTY7B,100101120.0,Del0.8,0.18
X-1479,TTTY7B,100101120.0,Del0.8,0.18
X-1479,TTTY8,84673.0,Del0.8,0.18
X-1479,TTTY8,84673.0,Del0.8,0.18
X-1479,TTTY9A,83864.0,Del0.8,0.18
X-1479,TTTY9A,83864.0,Del0.8,0.18
X-1479,TXLNG2P,246126.0,Del0.8,0.18
X-1479,UGT2B7,7364.0,MutNovel,"A383S,0.944"
X-1479,USP32P2,220594.0,Del0.8,0.5
X-1479,USP36,57602.0,MutNovel,"KKK958K,0.304"
X-1479,USP9Y,8287.0,Del0.8,0.18
X-1479,UTY,7404.0,Del0.8,0.18
X-1479,VCY,9084.0,Del0.8,0.18
X-1479,VCY,9084.0,Del0.8,0.18
X-1479,WDR33,55339.0,MutNovel,"P711S,0.545"
X-1479,XKRY2,353515.0,Del0.8,0.18
X-1479,XKRY2,353515.0,Del0.8,0.18
X-1479,ZDHHC13,54503.0,MutNovel,"N116H,0.327"
X-1479,ZFY,7544.0,Del0.8,0.26
X-1479,ZNF219,51222.0,MutNovel,"QPP233P,0.346"
X-1479,ZNF28,7576.0,MutNovel,"Q163E,0.500"
X-1479,ZNF384,171017.0,MutNovel,"QQ514Q,0.349"
X-1479,ZNF414,84330.0,MutNovel,"PAA355-,0.548"
X-1479,ZNF655,79027.0,MutNovel,"F284L,0.254"
X-1480,ABCB10,23456.0,MutNovel,"L84P,0.471"
X-1480,ABCC10,89845.0,MutNovel,"E347K,1.000"
X-1480,ACOT2,10965.0,Amp5,6.92
X-1480,ADAM6,8755.0,Amp5,7.06
X-1480,AGAP4,119016.0,MutNovel,"S87N,0.300"
X-1480,AGAP5,729092.0,MutNovel,"R512H,1.000"
X-1480,AMOTL2,51421.0,MutNovel,"T30M,0.549"
X-1480,AMY2A,279.0,MutNovel,"T21I,0.444"
X-1480,ANKMY1,51281.0,MutNovel,"L336V,0.506"
X-1480,ANKRD36,375248.0,MutNovel,"A475T,0.316"
X-1480,APC,324.0,MutKnownFunctional,"-540?,0.269"
X-1480,APC,324.0,MutKnownFunctional,"G1412*,0.514"
X-1480,AQP12A,375318.0,MutNovel,"H244R,0.500"
X-1480,AQP12B,653437.0,MutNovel,"H256R,0.412"
X-1480,AQP12B,653437.0,MutNovel,"R253H,0.211"
X-1480,AQP12B,653437.0,MutNovel,"T129M,1.000"
X-1480,ARHGAP8,23779.0,MutKnownFunctional,"-122,1.000"
X-1480,ARHGEF18,23370.0,MutNovel,"E885K,0.356"
X-1480,ARHGEF5,7984.0,Amp5,5.9
X-1480,ARMC12,221481.0,MutNovel,"S165C,1.000"
X-1480,ASCL2,430.0,MutNovel,"P133Q,0.511"
X-1480,ATAD3C,219293.0,MutNovel,"I163A,1.000"
X-1480,BCL2,596.0,Del0.8,0.78
X-1480,BCOR,54880.0,MutKnownFunctional,"-142?,0.842"
X-1480,BOP1,23246.0,MutNovel,"L470Q,0.750"
X-1480,BTNL3,10917.0,MutNovel,"H311G,0.263"
X-1480,C11orf93,120376.0,MutNovel,"P79Q,0.565"
X-1480,C15orf39,56905.0,MutNovel,"TEPDSATA525T,0.271"
X-1480,C20orf96,140680.0,MutNovel,"N79S,0.561"
X-1480,C21orf58,54058.0,MutNovel,"HH298H,0.845"
X-1480,C3orf26,84319.0,MutNovel,"M247I,0.322"
X-1480,C5orf25,375484.0,MutNovel,"P27L,0.278"
X-1480,C5orf54,63920.0,MutNovel,"A445G,0.438"
X-1480,C7orf26,79034.0,MutNovel,"P433S,0.778"
X-1480,C7orf34,135927.0,Amp5,7.94
X-1480,C8orf44,56260.0,MutKnownFunctional,"R70*,0.636"
X-1480,C9orf142,286257.0,MutNovel,"G14D,0.460"
X-1480,CASZ1,54897.0,MutNovel,"H1051D,0.317"
X-1480,CBWD1,55871.0,MutNovel,"A7P,0.222"
X-1480,CBWD5,220869.0,MutNovel,"P183T,0.250"
X-1480,CBX1,10951.0,Del0.8,0.78
X-1480,CCDC113,29070.0,MutNovel,"R190H,1.000"
X-1480,CCDC137,339230.0,MutNovel,"VE251V,0.792"
X-1480,CCDC144B,284047.0,Del0.8,0.79
X-1480,CCDC41,51134.0,MutNovel,"L266V,0.386"
X-1480,CD53,963.0,MutNovel,"N38K,1.000"
X-1480,CEACAM1,634.0,MutNovel,"T100I,0.289"
X-1480,CEACAM3,1084.0,MutNovel,"M41T,1.000"
X-1480,CEACAM3,1084.0,MutNovel,"S44N,1.000"
X-1480,CEACAM6,4680.0,MutNovel,"V83A,0.258"
X-1480,CIC,23152.0,MutNovel,"R296W,0.779"
X-1480,CLPX,10845.0,MutNovel,"A83P,0.491"
X-1480,CROCC,9696.0,MutNovel,"R663C,0.571"
X-1480,CTAGE4,100128553.0,Amp8,8.69
X-1480,CTAGE9,643854.0,MutNovel,"E429Q,1.000"
X-1480,CTNNA1,1495.0,MutNovel,"R129P,0.541"
X-1480,CTSA,5476.0,MutNovel,"L29-,0.857"
X-1480,CXorf57,55086.0,MutNovel,"T216S,1.000"
X-1480,CYTH2,9266.0,MutNovel,"R23Q,0.565"
X-1480,DBI,1622.0,MutKnownFunctional,"-13,0.333"
X-1480,DCBLD1,285761.0,MutNovel,"Q274R,1.000"
X-1480,DDX11,1663.0,MutNovel,"C951H,0.358"
X-1480,DISP1,84976.0,MutNovel,"E1382K,0.714"
X-1480,DMXL1,1657.0,MutNovel,"N2463-,0.489"
X-1480,DNASE1L2,1775.0,MutNovel,"F27L,0.452"
X-1480,DPP7,29952.0,MutKnownFunctional,"-487?,0.313"
X-1480,EHD3,30845.0,MutNovel,"A113T,0.215"
X-1480,EHHADH,1962.0,MutNovel,"R197G,0.389"
X-1480,EIF3B,8662.0,MutNovel,"E157G,0.650"
X-1480,ELL,8178.0,MutNovel,"S519L,0.349"
X-1480,EN2,2020.0,Del0.8,0.63
X-1480,ERBB3,2065.0,MutLikelyFunctional,"V104M,0.505"
X-1480,FABP6,2172.0,MutNovel,"L70H,0.440"
X-1480,FAM106A,80039.0,Del0.8,0.58
X-1480,FAM108A1,81926.0,MutNovel,"R65H,0.558"
X-1480,FAM108A1,81926.0,MutNovel,"S60L,0.568"
X-1480,FAM123B,139285.0,MutNovel,"A1118V,1.000"
X-1480,FAM184B,27146.0,MutNovel,"A796T,0.357"
X-1480,FAM208B,54906.0,MutNovel,"G1725V,0.564"
X-1480,FBRSL1,57666.0,MutNovel,"R307C,1.000"
X-1480,FBXO28,23219.0,MutNovel,"A25V,0.587"
X-1480,FBXW8,26259.0,MutNovel,"P260L,0.608"
X-1480,FCGBP,8857.0,MutNovel,"G3406A,1.000"
X-1480,FER1L6,654463.0,MutNovel,"L238S,0.500"
X-1480,FER1L6,654463.0,MutNovel,"A698G,1.000"
X-1480,FLYWCH1,84256.0,MutNovel,"S191T,0.364"
X-1480,FRG1,2483.0,MutNovel,"T188S,0.226"
X-1480,FUT5,2527.0,MutNovel,"I369K,1.000"
X-1480,FUT5,2527.0,MutNovel,"E261K,0.955"
X-1480,FUT5,2527.0,MutNovel,"P196L,1.000"
X-1480,GBE1,2632.0,MutNovel,"G151R,0.361"
X-1480,GIGYF2,26058.0,MutNovel,"PQ1231P,0.721"
X-1480,GLTSCR1,29998.0,MutNovel,"A1016T,0.533"
X-1480,GPRASP1,9737.0,MutNovel,"K738M,1.000"
X-1480,GPRIN2,9721.0,MutNovel,"-238MRE,0.512"
X-1480,GPX1,2876.0,MutNovel,"R5P,0.534"
X-1480,GSTT1,2952.0,Del0.8,0.51
X-1480,GSTTP2,653399.0,Del0.8,0.73
X-1480,HCLS1,3059.0,MutNovel,"G195D,0.400"
X-1480,HDGFRP2,84717.0,MutNovel,"P394Q,0.665"
X-1480,HEATR5B,54497.0,MutNovel,"A2044T,0.420"
X-1480,HINFP,25988.0,MutNovel,"S448R,0.454"
X-1480,HLA-A,3105.0,MutNovel,"H175R,0.571"
X-1480,HLA-A,3105.0,MutNovel,"HE175RE,0.571"
X-1480,HLA-B,3106.0,MutNovel,"R194G,0.227"
X-1480,HLA-C,3107.0,MutNovel,"R194G,0.841"
X-1480,HLA-DPB1,3115.0,MutNovel,"E97Q,0.500"
X-1480,HNRNPCL1,343069.0,MutNovel,"Q185K,1.000"
X-1480,HOGA1,112817.0,MutNovel,"G199S,1.000"
X-1480,HOMEZ,57594.0,MutNovel,"EEE535E,0.750"
X-1480,HOXA4,3201.0,MutNovel,"L140A,1.000"
X-1480,HSPBP1,23640.0,MutNovel,"P313L,0.460"
X-1480,INPP5A,3632.0,MutNovel,"V243M,0.547"
X-1480,IRF2BP2,359948.0,MutNovel,"-99S,0.342"
X-1480,ITGA2,3673.0,MutNovel,"N927K,0.508"
X-1480,KBTBD3,143879.0,MutNovel,"L324R,0.400"
X-1480,KCNH3,23416.0,MutNovel,"L649Q,1.000"
X-1480,KEL,3792.0,Amp5,7.94
X-1480,KIF20B,9585.0,MutNovel,"E622A,1.000"
X-1480,KIF20B,9585.0,MutNovel,"L1062LKV,0.907"
X-1480,KIF25,3834.0,MutNovel,"R156W,1.000"
X-1480,KIF26A,26153.0,MutNovel,"R1578Q,0.990"
X-1480,KRAS,3845.0,MutKnownFunctional,"A146T,0.555"
X-1480,KREMEN2,79412.0,MutNovel,"C354Y,0.304"
X-1480,KRTAP9-3,83900.0,Del0.8,0.4
X-1480,KRTAP9-4,85280.0,Del0.8,0.4
X-1480,KRTAP9-8,83901.0,Del0.8,0.4
X-1480,L3MBTL1,26013.0,MutNovel,"D155H,1.000"
X-1480,LGALS9C,654346.0,Del0.8,0.2
X-1480,LILRB3,11025.0,MutNovel,"R143Q,1.000"
X-1480,LOC100505767,,MutNovel,"T15K,0.294"
X-1480,LOC100996276,,MutNovel,"R93W,1.000"
X-1480,LOC100996516,,MutKnownFunctional,"-235?,0.261"
X-1480,LOC100996607,,MutNovel,"W429R,1.000"
X-1480,LOC100996641,,MutNovel,"L209V,1.000"
X-1480,LOC391322,391322.0,Del0.8,0.51
X-1480,LOC441124,,MutKnownFunctional,"Q144*,0.986"
X-1480,LOC554223,554223.0,MutNovel,"S187R,0.923"
X-1480,LOC642441,,MutNovel,"L209S,1.000"
X-1480,LOC643542,643542.0,Del0.8,0.65
X-1480,LOC728377,728377.0,Amp8,8.69
X-1480,LOC728888,,MutNovel,"S730R,1.000"
X-1480,LRRC37A,9884.0,MutKnownFunctional,"L1434*,0.833"
X-1480,LRRC37A2,474170.0,MutNovel,"G193S,1.000"
X-1480,LRRC37A3,374819.0,MutNovel,"S945G,1.000"
X-1480,LSR,51599.0,MutNovel,"G518GR,0.358"
X-1480,LTBP1,4052.0,MutNovel,"A42T,0.594"
X-1480,LYST,1130.0,MutNovel,"G1812A,0.545"
X-1480,MACF1,23499.0,MutNovel,"R1015C,0.462"
X-1480,MALT1,10892.0,MutNovel,"R392C,1.000"
X-1480,MAP3K4,4216.0,MutNovel,"PA1189P,0.500"
X-1480,MAST4,375449.0,MutNovel,"E799K,0.378"
X-1480,MCF2L,23263.0,MutNovel,"-248KD,0.642"
X-1480,MICAL2,9645.0,MutNovel,"R1089Q,0.515"
X-1480,MICB,4277.0,MutNovel,"V216A,0.500"
X-1480,MIR3692,100500899.0,Del0.8,0.75
X-1480,MKI67,4288.0,MutNovel,"SK3216RE,0.481"
X-1480,MLL4,9757.0,MutNovel,"C2628Y,0.632"
X-1480,MOB1A,55233.0,MutNovel,"R216K,0.492"
X-1480,MSH6,2956.0,MutNovel,"P42S,0.353"
X-1480,MTERFD2,130916.0,MutNovel,"DE366E,0.439"
X-1480,MUC12,10071.0,MutNovel,"R855H,1.000"
X-1480,MUC12,10071.0,MutNovel,"R1077C,0.429"
X-1480,MUC12,10071.0,MutNovel,"R1165P,1.000"
X-1480,MUC12,10071.0,MutNovel,"T2103A,1.000"
X-1480,MUC12,10071.0,MutNovel,"P3395T,0.571"
X-1480,MUC12,10071.0,MutNovel,"S4095G,0.273"
X-1480,MUC12,10071.0,MutNovel,"T4363I,0.370"
X-1480,MUC12,10071.0,MutNovel,"S4381L,0.545"
X-1480,MUC12,10071.0,MutNovel,"T4391P,0.571"
X-1480,MUC12,10071.0,MutNovel,"L4568F,0.911"
X-1480,MUC2,4583.0,MutNovel,"T1617N,0.500"
X-1480,MUC20,200958.0,MutNovel,"F12-,0.235"
X-1480,MUC4,4585.0,MutNovel,"V4131L,0.956"
X-1480,MUC4,4585.0,MutNovel,"Q4125H,0.800"
X-1480,MUC4,4585.0,MutNovel,"T4118P,0.500"
X-1480,MUC4,4585.0,MutNovel,"P4050T,0.970"
X-1480,MUC4,4585.0,MutNovel,"A4025V,0.957"
X-1480,MUC4,4585.0,MutNovel,"R3920H,0.984"
X-1480,MUC4,4585.0,MutNovel,"P3846V,1.000"
X-1480,MUC4,4585.0,MutNovel,"V3593A,0.500"
X-1480,MUC4,4585.0,MutNovel,"T3531K,1.000"
X-1480,MUC4,4585.0,MutNovel,"L3314H,1.000"
X-1480,MUC4,4585.0,MutNovel,"D3253E,1.000"
X-1480,MUC4,4585.0,MutNovel,"L2738P,1.000"
X-1480,MUC4,4585.0,MutNovel,"P2594H,0.923"
X-1480,MUC4,4585.0,MutNovel,"A1673V,0.571"
X-1480,MUC4,4585.0,MutNovel,"P1664S,0.600"
X-1480,MUC6,4588.0,MutNovel,"R1948K,0.308"
X-1480,MUC6,4588.0,MutNovel,"T1789S,0.500"
X-1480,MXRA8,54587.0,MutNovel,"A41T,1.000"
X-1480,MYLIP,29116.0,MutNovel,"H94R,1.000"
X-1480,NAP1L4,4676.0,MutNovel,"L91F,0.522"
X-1480,NBPF1,55672.0,MutNovel,"R385W,0.500"
X-1480,NBPF12,,MutNovel,"E103D,0.826"
X-1480,NBPF12,,MutNovel,"D440G,0.750"
X-1480,NBPF12,,MutNovel,"H517Y,0.455"
X-1480,NCOA1,8648.0,MutNovel,"S1139N,0.886"
X-1480,NCOA3,8202.0,MutNovel,"Q1255-,0.222"
X-1480,NCOR2,9612.0,MutNovel,"G1839GAAA,0.448"
X-1480,NCR3LG1,,MutNovel,"S414L,0.511"
X-1480,NFKB2,4791.0,MutNovel,"G365A,0.434"
X-1480,NHSL1,57224.0,MutNovel,"P1212L,1.000"
X-1480,NOBOX,135935.0,Amp5,5.9
X-1480,NOC2L,26155.0,MutNovel,"ELED739-,0.894"
X-1480,NOMO2,283820.0,MutNovel,"N207S,0.376"
X-1480,NOXO1,124056.0,MutNovel,"R358H,0.581"
X-1480,NPIP,9284.0,MutNovel,"N131H,0.441"
X-1480,NPIPL3,23117.0,MutNovel,"R433H,0.273"
X-1480,NSMCE4A,54780.0,MutNovel,"RSR29R,0.310"
X-1480,NUP35,129401.0,MutNovel,"S53L,0.580"
X-1480,OCLN,100506658.0,MutNovel,"Y467C,0.485"
X-1480,OR2A42,402317.0,Amp8,8.69
X-1480,OR2A42,402317.0,Amp8,8.69
X-1480,OR2A7,401427.0,Amp8,8.69
X-1480,OR2A9P,441295.0,Amp8,8.69
X-1480,OR2A9P,441295.0,Amp8,8.69
X-1480,OR2T10,127069.0,Del0.8,0.35
X-1480,OR2T11,127077.0,Del0.8,0.35
X-1480,OR2T33,391195.0,MutNovel,"S41A,1.000"
X-1480,OR52E8,390079.0,Del0.8,0.68
X-1480,ORAI1,84876.0,MutNovel,"PP43-,0.875"
X-1480,OS9,10956.0,MutNovel,"E416A,0.522"
X-1480,P2RY8,286530.0,MutNovel,"L1526V,1.000"
X-1480,P2RY8,286530.0,MutKnownFunctional,"-1417,0.750"
X-1480,P2RY8,286530.0,MutKnownFunctional,"-1371?,0.833"
X-1480,PABPC3,5042.0,MutNovel,"KG231-,0.909"
X-1480,PAF1,54623.0,MutNovel,"M213I,0.531"
X-1480,PAK4,10298.0,MutNovel,"G155A,0.591"
X-1480,PAQR5,54852.0,MutNovel,"R203G,0.498"
X-1480,PARG,8505.0,MutNovel,"A584T,0.211"
X-1480,PARK2,5071.0,Del0.8,0.72
X-1480,PDSS1,23590.0,MutNovel,"G30V,0.457"
X-1480,PHLDA1,22822.0,MutNovel,"QQ194Q,0.541"
X-1480,PIAS2,9063.0,MutNovel,"S113L,1.000"
X-1480,PIEZO1,9780.0,MutNovel,"T1510M,0.529"
X-1480,PIEZO1,9780.0,MutNovel,"R1462Q,0.472"
X-1480,PIEZO1,9780.0,MutNovel,"ED756D,0.250"
X-1480,PIEZO1,9780.0,MutNovel,"E750Q,0.476"
X-1480,PINK1,65018.0,MutNovel,"G30R,1.000"
X-1480,PKD1,5310.0,MutNovel,"H1093Y,0.450"
X-1480,PLA2R1,22925.0,MutKnownFunctional,"-652,0.367"
X-1480,PLEC,5339.0,MutNovel,"R1808C,0.509"
X-1480,PLEKHA6,22874.0,MutNovel,"R302C,0.577"
X-1480,POLR2I,5438.0,MutNovel,"D49H,0.510"
X-1480,PPAP2C,8612.0,MutNovel,"P26R,0.500"
X-1480,PPP1R37,284352.0,MutNovel,"D524E,0.530"
X-1480,PRAMEF2,65122.0,Del0.8,0.36
X-1480,PRMT6,55170.0,MutNovel,"Q148R,0.309"
X-1480,PRR24,255783.0,MutNovel,"G101S,0.762"
X-1480,PSMC5,5705.0,MutNovel,"D266N,0.985"
X-1480,PTER,9317.0,MutNovel,"E178Q,0.407"
X-1480,PTER,9317.0,MutNovel,"L194R,0.443"
X-1480,PTPN2,5771.0,MutNovel,"V400L,0.553"
X-1480,PVRIG,79037.0,MutNovel,"G120V,0.500"
X-1480,RABGAP1L,9910.0,MutNovel,"S5R,0.500"
X-1480,RAI1,10743.0,MutNovel,"-278Q,0.457"
X-1480,RASA4B,,MutNovel,"R243Q,1.000"
X-1480,RBM10,8241.0,MutNovel,"S6P,1.000"
X-1480,RBM7,10179.0,MutNovel,"RSF133S,0.373"
X-1480,RBM7,10179.0,MutNovel,"R218H,0.475"
X-1480,REL,5966.0,MutNovel,"D487H,0.596"
X-1480,RGS12,6002.0,MutNovel,"A922T,0.474"
X-1480,RIC8A,60626.0,MutNovel,"V337M,0.493"
X-1480,RIN3,79890.0,MutNovel,"G967-,0.706"
X-1480,RPS17,6218.0,MutNovel,"G64D,0.233"
X-1480,RRP7A,27341.0,MutNovel,"R48Q,0.996"
X-1480,SAMD9,54809.0,MutKnownFunctional,"-1217?,0.584"
X-1480,SCAF4,57466.0,MutKnownFunctional,"-215,0.946"
X-1480,SCLY,51540.0,MutNovel,"A19S,0.696"
X-1480,SEC16A,9919.0,MutNovel,"H265Y,0.481"
X-1480,SERINC2,347735.0,MutNovel,"-373Q,0.749"
X-1480,SERPINB3,6317.0,Del0.8,0.72
X-1480,SERPINB4,6318.0,Del0.8,0.52
X-1480,SFSWAP,6433.0,MutNovel,"R812L,1.000"
X-1480,SH3BP4,23677.0,MutNovel,"N12S,0.548"
X-1480,SLC22A18AS,5003.0,MutNovel,"P244A,0.430"
X-1480,SLC29A4,222962.0,MutNovel,"R197W,1.000"
X-1480,SLITRK6,84189.0,MutNovel,"R649T,1.000"
X-1480,SMAD4,4089.0,Del0.8,0.62
X-1480,SMARCAL1,50485.0,MutNovel,"V545L,0.500"
X-1480,SMG1,23049.0,MutNovel,"S1358P,0.205"
X-1480,SNX13,23161.0,MutNovel,"R893C,0.613"
X-1480,SNX8,29886.0,MutNovel,"P8S,0.833"
X-1480,SOGA1,,MutNovel,"C1177F,0.479"
X-1480,SOX9,6662.0,MutNovel,"A158V,0.990"
X-1480,SPEN,23013.0,MutNovel,"L1091A,1.000"
X-1480,SPIRE1,56907.0,MutNovel,"Q541K,0.451"
X-1480,SPTBN5,51332.0,MutNovel,"R317H,0.385"
X-1480,SRMS,6725.0,MutNovel,"D378-,0.269"
X-1480,SRXN1,140809.0,MutNovel,"P24R,0.362"
X-1480,STIM2,57620.0,MutNovel,"F218V,0.568"
X-1480,STK10,6793.0,MutNovel,"L271Q,0.341"
X-1480,STK11IP,114790.0,MutNovel,"Y848F,0.451"
X-1480,TARSL2,123283.0,MutNovel,"Q36H,0.793"
X-1480,TBP,6908.0,MutNovel,"-64Q,0.219"
X-1480,TFCP2L1,29842.0,MutNovel,"P291L,0.596"
X-1480,THADA,63892.0,MutNovel,"V884M,0.480"
X-1480,TLE1,7088.0,MutNovel,"G618R,0.404"
X-1480,TLK2,11011.0,MutNovel,"R262Q,0.413"
X-1480,TMEM191C,645426.0,MutNovel,"L165P,0.289"
X-1480,TNS1,7145.0,MutNovel,"ED8D,0.750"
X-1480,TOP2A,7153.0,MutNovel,"ED1334D,0.917"
X-1480,TPTE,7179.0,Del0.8,0.36
X-1480,TRIO,7204.0,MutNovel,"P2456L,0.436"
X-1480,TRPV5,56302.0,Amp5,7.94
X-1480,TSPYL1,7259.0,MutNovel,"V176VW,0.531"
X-1480,TTN,7273.0,MutNovel,"T7728S,1.000"
X-1480,TUBGCP2,10844.0,MutNovel,"A818T,0.618"
X-1480,UAP1L1,91373.0,MutNovel,"V79L,1.000"
X-1480,UGT2B28,54490.0,Del0.8,0.22
X-1480,ULK4,54986.0,MutNovel,"D473N,0.389"
X-1480,UPK3BL,,MutNovel,"R184H,0.285"
X-1480,USP18,11274.0,MutNovel,"M370V,1.000"
X-1480,USP28,57646.0,MutNovel,"T534P,0.595"
X-1480,USP32P2,220594.0,Del0.8,0.58
X-1480,USP45,85015.0,MutNovel,"S597P,1.000"
X-1480,UTP20,27340.0,MutNovel,"K1657R,0.588"
X-1480,UTY,7404.0,MutNovel,"QF1002PT,1.000"
X-1480,UTY,7404.0,MutNovel,"HQ1001QK,1.000"
X-1480,UTY,7404.0,MutNovel,"P965L,0.667"
X-1480,UTY,7404.0,MutNovel,"C962S,0.667"
X-1480,UTY,7404.0,MutNovel,"E560P,0.333"
X-1480,UTY,7404.0,MutKnownFunctional,"K559*,0.333"
X-1480,UTY,7404.0,MutNovel,"QQ554HS,0.400"
X-1480,UTY,7404.0,MutNovel,"L552Y,0.500"
X-1480,UTY,7404.0,MutNovel,"SQ548AK,0.600"
X-1480,UTY,7404.0,MutNovel,"LE546FS,0.600"
X-1480,UTY,7404.0,MutNovel,"QL545LL,0.600"
X-1480,UTY,7404.0,MutNovel,"E544A,0.600"
X-1480,UTY,7404.0,MutNovel,"Q542E,0.600"
X-1480,UTY,7404.0,MutNovel,"H541R,0.500"
X-1480,UTY,7404.0,MutNovel,"D533V,0.500"
X-1480,UTY,7404.0,MutNovel,"D533V,0.667"
X-1480,UTY,7404.0,MutNovel,"D533F,0.667"
X-1480,UTY,7404.0,MutNovel,"N531A,0.600"
X-1480,UTY,7404.0,MutNovel,"RA529PR,0.600"
X-1480,UTY,7404.0,MutKnownFunctional,"EQ526A*,0.600"
X-1480,UTY,7404.0,MutNovel,"L525R,0.500"
X-1480,UTY,7404.0,MutNovel,"P519T,0.667"
X-1480,UTY,7404.0,MutNovel,"TP518IT,0.667"
X-1480,UTY,7404.0,MutNovel,"CL516WH,0.429"
X-1480,UTY,7404.0,MutKnownFunctional,"Q510*,0.286"
X-1480,WDR37,22884.0,MutNovel,"V230M,0.614"
X-1480,WHSC1,7468.0,MutKnownFunctional,"R600*,0.326"
X-1480,WNK1,65125.0,MutNovel,"M2319V,0.418"
X-1480,ZBTB39,9880.0,MutNovel,"F288V,0.528"
X-1480,ZC3H12D,340152.0,MutNovel,"R319Q,1.000"
X-1480,ZDHHC11,79844.0,MutNovel,"A303D,0.227"
X-1480,ZFHX3,463.0,MutNovel,"E2873K,1.000"
X-1480,ZFP62,643836.0,MutNovel,"K55N,0.504"
X-1480,ZFPM1,161882.0,MutNovel,"VK202V,0.438"
X-1480,ZFPM1,161882.0,MutNovel,"A736V,0.750"
X-1480,ZNF107,51427.0,MutNovel,"A267G,0.344"
X-1480,ZNF185,7739.0,MutNovel,"R151H,1.000"
X-1480,ZNF224,7767.0,MutNovel,"L25P,0.681"
X-1480,ZNF233,353355.0,MutNovel,"F234L,0.333"
X-1480,ZNF347,84671.0,MutNovel,"A45V,1.000"
X-1480,ZNF384,171017.0,MutNovel,"QQ514Q,0.397"
X-1480,ZNF418,147686.0,MutNovel,"H297Q,1.000"
X-1480,ZNF462,58499.0,MutNovel,"C930S,0.559"
X-1480,ZNF551,90233.0,MutNovel,"R35S,0.438"
X-1480,ZNF574,64763.0,MutNovel,"A725V,0.360"
X-1480,ZNF585B,92285.0,MutNovel,"R389K,1.000"
X-1480,ZNF609,23060.0,MutNovel,"P561L,0.527"
X-1480,ZNRF2,223082.0,MutNovel,"G64A,0.429"
X-1480,ZW10,9183.0,MutNovel,"N658S,0.592"
X-1480,ZXDA,7789.0,MutNovel,"P47L,1.000"
X-1493,ACTRT3,,MutNovel,"L233V,0.448"
X-1493,ADAMTS1,9510.0,Del0.8,0.68
X-1493,ADAMTS5,11096.0,Del0.8,0.68
X-1493,ADARB1,104.0,Del0.8,0.75
X-1493,AHNAK2,113146.0,MutNovel,"A3693T,0.211"
X-1493,ALOX12B,242.0,MutNovel,"R637P,0.333"
X-1493,AMELY,266.0,Del0.8,0.17
X-1493,ANKRD13D,338692.0,MutNovel,"R586H,0.296"
X-1493,ANKRD36,375248.0,MutNovel,"T998S,0.209"
X-1493,ANO8,57719.0,MutNovel,"A4T,0.500"
X-1493,APC,324.0,MutKnownFunctional,"R1114*,0.452"
X-1493,AQP12B,653437.0,MutNovel,"H256R,0.263"
X-1493,AREGB,,MutNovel,"S84T,0.571"
X-1493,ATP6V1F,9296.0,MutNovel,"R86Q,0.674"
X-1493,B3GALT5,10317.0,Del0.8,0.73
X-1493,BACE2,25825.0,Del0.8,0.76
X-1493,BACH1,571.0,Del0.8,0.68
X-1493,BCORP1,286554.0,Del0.8,0.17
X-1493,BLMH,642.0,MutNovel,"P227L,0.654"
X-1493,BPY2B,442867.0,Del0.8,0.17
X-1493,BPY2B,442867.0,Del0.8,0.17
X-1493,BRWD1,54014.0,Del0.8,0.73
X-1493,BRWD1-IT2,257357.0,Del0.8,0.73
X-1493,BTBD2,55643.0,MutNovel,"R230Q,0.500"
X-1493,BTG3,10950.0,Del0.8,0.69
X-1493,BTNL3,10917.0,Del0.8,0.69
X-1493,C10orf47,254427.0,MutNovel,"P323R,0.619"
X-1493,C11orf30,56946.0,MutNovel,"R68Q,0.412"
X-1493,C19orf26,255057.0,MutNovel,"TTT16T,0.444"
X-1493,C19orf6,91304.0,MutNovel,"S131-,0.450"
X-1493,C21orf37,100505929.0,Del0.8,0.69
X-1493,C21orf56,84221.0,Del0.8,0.75
X-1493,C21orf58,54058.0,Del0.8,0.75
X-1493,C21orf67,84536.0,Del0.8,0.75
X-1493,C21orf7,56911.0,Del0.8,0.68
X-1493,C21orf88,114041.0,Del0.8,0.73
X-1493,C21orf90,114043.0,Del0.8,0.75
X-1493,C21orf91,54149.0,Del0.8,0.69
X-1493,C21orf91-OT1,246312.0,Del0.8,0.69
X-1493,C2CD2,25966.0,Del0.8,0.76
X-1493,C2orf76,130355.0,MutNovel,"K65N,0.515"
X-1493,CCBL2,56267.0,MutNovel,"R352W,1.000"
X-1493,CCDC71L,168455.0,MutNovel,"S102D,0.345"
X-1493,CCDC88B,283234.0,MutNovel,"R1058Q,0.929"
X-1493,CCL23,6368.0,MutNovel,"K25N,1.000"
X-1493,CCL23,6368.0,MutNovel,"V23F,1.000"
X-1493,CCT8,10694.0,Del0.8,0.68
X-1493,CDC42EP1,11135.0,MutNovel,"PAPAANPS253P,0.833"
X-1493,CDK11B,984.0,MutNovel,"K89Q,0.500"
X-1493,CDON,50937.0,MutNovel,"H224Q,0.375"
X-1493,CDY1B,253175.0,Del0.8,0.17
X-1493,CDY1B,253175.0,Del0.8,0.17
X-1493,CDY2A,9426.0,Del0.8,0.17
X-1493,CDY2A,9426.0,Del0.8,0.17
X-1493,CDY2B,203611.0,Del0.8,0.17
X-1493,CDY2B,203611.0,Del0.8,0.17
X-1493,CEACAM1,634.0,MutNovel,"T100I,0.301"
X-1493,CEACAM1,634.0,MutNovel,"S96I,0.311"
X-1493,CEACAM3,1084.0,MutNovel,"I117T,1.000"
X-1493,CEL,1056.0,MutNovel,"T412I,0.632"
X-1493,CFHR1,3078.0,Amp5,5.06
X-1493,CFHR3,10878.0,Amp5,6.32
X-1493,CHODL,140578.0,Del0.8,0.69
X-1493,CHODL-AS1,54075.0,Del0.8,0.69
X-1493,CNNM4,26504.0,MutNovel,"N203S,0.712"
X-1493,CNPPD1,27013.0,MutNovel,"C225Y,0.377"
X-1493,COL18A1,80781.0,Del0.8,0.75
X-1493,COL18A1-AS1,378832.0,Del0.8,0.75
X-1493,COL6A1,1291.0,Del0.8,0.75
X-1493,COL6A2,1292.0,Del0.8,0.75
X-1493,CRIPAK,285464.0,MutNovel,"V100M,0.231"
X-1493,CRYBG3,,MutNovel,"V1636M,0.409"
X-1493,CSPG4P1Y,114758.0,Del0.8,0.17
X-1493,CSPG4P1Y,114758.0,Del0.8,0.17
X-1493,CTNND1,1500.0,MutNovel,"S331L,0.664"
X-1493,CTTN,2017.0,MutNovel,"T24I,0.240"
X-1493,CXADR,1525.0,Del0.8,0.69
X-1493,CYYR1,116159.0,Del0.8,0.68
X-1493,D21S2088E,266917.0,Del0.8,0.68
X-1493,DAXX,1616.0,MutNovel,"E571K,0.261"
X-1493,DAZ1,1617.0,Del0.8,0.17
X-1493,DAZ2,57055.0,Del0.8,0.17
X-1493,DAZ3,57054.0,Del0.8,0.17
X-1493,DAZ3,57054.0,Del0.8,0.17
X-1493,DAZ4,57135.0,Del0.8,0.17
X-1493,DAZ4,57135.0,Del0.8,0.17
X-1493,DCAF6,55827.0,MutNovel,"D51G,0.441"
X-1493,DDX3Y,8653.0,Del0.8,0.17
X-1493,DENND4B,9909.0,MutNovel,"QQQ908-,0.578"
X-1493,DIP2A,23181.0,Del0.8,0.75
X-1493,DSCAM,1826.0,Del0.8,0.26
X-1493,DSCAM-AS1,100506492.0,Del0.8,0.73
X-1493,DSCR10,259234.0,Del0.8,0.73
X-1493,DSCR4,10281.0,Del0.8,0.73
X-1493,DSCR8,84677.0,Del0.8,0.73
X-1493,DUSP2,1844.0,MutNovel,"L67F,0.353"
X-1493,E2F5,1875.0,MutNovel,"G18A,0.786"
X-1493,EIF1AY,9086.0,Del0.8,0.17
X-1493,EIF4G1,1981.0,MutNovel,"V1561M,0.679"
X-1493,ERG,2078.0,Del0.8,0.73
X-1493,ETV7,51513.0,MutNovel,"R281H,0.477"
X-1493,FAM13B,51306.0,MutNovel,"P39T,0.480"
X-1493,FAM160B2,64760.0,MutNovel,"G74D,0.583"
X-1493,FAM197Y2P,252946.0,Del0.8,0.17
X-1493,FAM207A,85395.0,Del0.8,0.75
X-1493,FAM3B,54097.0,Del0.8,0.76
X-1493,FAM40A,85369.0,MutNovel,"M485I,0.421"
X-1493,FAM41AY1,340618.0,Del0.8,0.17
X-1493,FAM41AY1,340618.0,Del0.8,0.17
X-1493,FAM53B,9679.0,MutNovel,"T317R,0.308"
X-1493,FANCA,2175.0,MutNovel,"V677M,0.663"
X-1493,FOXA1,3169.0,MutNovel,"N256S,0.484"
X-1493,FTCD,10841.0,Del0.8,0.75
X-1493,GIGYF2,26058.0,MutNovel,"PQ1231P,0.656"
X-1493,GLDC,2731.0,MutNovel,"R456W,0.729"
X-1493,GLRA2,2742.0,MutNovel,"E245G,0.571"
X-1493,GLUD2,2747.0,MutNovel,"R300G,1.000"
X-1493,GLUD2,2747.0,MutNovel,"L423M,1.000"
X-1493,GLYATL1,92292.0,MutKnownFunctional,"-200?,0.467"
X-1493,GLYCTK,132158.0,MutNovel,"L105F,0.459"
X-1493,GOLGA2P2Y,84559.0,Del0.8,0.17
X-1493,GOLGA2P2Y,84559.0,Del0.8,0.17
X-1493,GOLGA8J,,MutNovel,"A474S,1.000"
X-1493,GPRIN2,9721.0,MutNovel,"-238MRE,0.360"
X-1493,GRIK1,2897.0,Del0.8,0.68
X-1493,GRIK1-AS1,642976.0,Del0.8,0.68
X-1493,GRIK1-AS2,100379661.0,Del0.8,0.68
X-1493,GRIN2D,2906.0,MutKnownFunctional,"E1143*,0.615"
X-1493,GRN,2896.0,MutNovel,"T220A,0.338"
X-1493,GSTM1,2944.0,Del0.8,0.68
X-1493,GSTT1,2952.0,Del0.8,0.78
X-1493,GSTTP1,25774.0,Del0.8,0.78
X-1493,GTF2IRD1,9569.0,MutNovel,"C773R,0.450"
X-1493,GYG2P1,352887.0,Del0.8,0.17
X-1493,HERC1,8925.0,MutNovel,"I1774V,1.000"
X-1493,HLA-A,3105.0,MutNovel,"M213V,0.296"
X-1493,HLA-B,3106.0,MutNovel,"D138H,0.418"
X-1493,HLA-DRB6,3128.0,Amp5,5.54
X-1493,HLA-G,3135.0,MutNovel,"V76K,1.000"
X-1493,HLA-G,3135.0,MutNovel,"I123S,1.000"
X-1493,HLA-G,3135.0,MutNovel,"T187E,0.866"
X-1493,HLA-G,3135.0,MutNovel,"F219S,0.800"
X-1493,HLA-G,3135.0,MutNovel,"Y221H,0.833"
X-1493,HMGN1,3150.0,Del0.8,0.73
X-1493,HNRNPCL1,343069.0,MutNovel,"A218D,1.000"
X-1493,HSFY2,159119.0,Del0.8,0.17
X-1493,HSFY2,159119.0,Del0.8,0.17
X-1493,IFI6,2537.0,MutKnownFunctional,"-16?,0.906"
X-1493,IGSF5,150084.0,Del0.8,0.73
X-1493,ITGB2,3689.0,Del0.8,0.75
X-1493,KCNJ15,3772.0,Del0.8,0.73
X-1493,KCTD20,222658.0,MutNovel,"G336S,0.506"
X-1493,KDM3A,55818.0,MutNovel,"L96S,0.341"
X-1493,KDM3A,55818.0,MutNovel,"E103D,0.351"
X-1493,KDM5D,8284.0,Del0.8,0.17
X-1493,KIAA0556,23247.0,MutNovel,"E1565Q,0.417"
X-1493,KIAA1549,57670.0,MutNovel,"I500T,0.600"
X-1493,KIF21A,55605.0,MutNovel,"T430N,0.548"
X-1493,KIF21A,55605.0,MutNovel,"T267N,0.629"
X-1493,KRT2,3849.0,MutNovel,"L459Q,1.000"
X-1493,KRT2,3849.0,MutNovel,"L456M,1.000"
X-1493,KRT2,3849.0,MutNovel,"E454Q,1.000"
X-1493,KRT5,3852.0,MutNovel,"E348D,1.000"
X-1493,KRTAP10-1,386677.0,Del0.8,0.75
X-1493,KRTAP10-10,353333.0,Del0.8,0.75
X-1493,KRTAP10-11,386678.0,Del0.8,0.75
X-1493,KRTAP10-12,386685.0,Del0.8,0.75
X-1493,KRTAP10-2,386679.0,Del0.8,0.75
X-1493,KRTAP10-3,386682.0,Del0.8,0.75
X-1493,KRTAP10-4,386672.0,Del0.8,0.75
X-1493,KRTAP10-5,386680.0,Del0.8,0.75
X-1493,KRTAP10-6,386674.0,Del0.8,0.75
X-1493,KRTAP10-7,386675.0,Del0.8,0.75
X-1493,KRTAP10-8,386681.0,Del0.8,0.75
X-1493,KRTAP10-9,386676.0,Del0.8,0.75
X-1493,KRTAP12-1,353332.0,Del0.8,0.75
X-1493,KRTAP12-2,353323.0,Del0.8,0.75
X-1493,KRTAP12-3,386683.0,Del0.8,0.75
X-1493,KRTAP12-4,386684.0,Del0.8,0.75
X-1493,KRTAP19-8,728299.0,Del0.8,0.71
X-1493,LCA5L,150082.0,Del0.8,0.73
X-1493,LCE3B,353143.0,Del0.8,0.27
X-1493,LCE3C,353144.0,Del0.8,0.27
X-1493,LINC00111,54090.0,Del0.8,0.76
X-1493,LINC00112,54089.0,Del0.8,0.76
X-1493,LINC00113,54088.0,Del0.8,0.68
X-1493,LINC00114,400866.0,Del0.8,0.73
X-1493,LINC00161,118421.0,Del0.8,0.68
X-1493,LINC00162,378825.0,Del0.8,0.75
X-1493,LINC00163,727699.0,Del0.8,0.75
X-1493,LINC00189,193629.0,Del0.8,0.68
X-1493,LINC00308,54143.0,Del0.8,0.67
X-1493,LINC00314,246705.0,Del0.8,0.68
X-1493,LINC00317,378828.0,Del0.8,0.67
X-1493,LINC00320,387486.0,Del0.8,0.69
X-1493,LINC00323,284835.0,Del0.8,0.76
X-1493,LINC00478,388815.0,Del0.8,0.7
X-1493,LINC00479,150135.0,Del0.8,0.76
X-1493,LOC100129027,100129027.0,Del0.8,0.75
X-1493,LOC100505746,100505746.0,Del0.8,0.75
X-1493,LOC100652943,,MutNovel,"P168A,0.750"
X-1493,LOC100996641,,MutNovel,"L57F,0.375"
X-1493,LOC391322,391322.0,Del0.8,0.78
X-1493,LOC400680,400680.0,Del0.8,0.77
X-1493,LOC440518,440518.0,Del0.8,0.77
X-1493,LOC440563,440563.0,MutNovel,"H235N,1.000"
X-1493,LOC440563,440563.0,MutNovel,"M229V,1.000"
X-1493,LOC554223,554223.0,MutNovel,"T110C,0.333"
X-1493,LOC554223,554223.0,MutNovel,"A117G,0.333"
X-1493,LOC641367,641367.0,Del0.8,0.77
X-1493,LOC642852,642852.0,Del0.8,0.75
X-1493,LOC646021,,MutNovel,"V48A,0.333"
X-1493,LRRC3,81543.0,Del0.8,0.75
X-1493,LRRC37A,9884.0,MutNovel,"S1272W,1.000"
X-1493,LRRC66,339977.0,MutKnownFunctional,"-408?,0.417"
X-1493,LSR,51599.0,MutNovel,"G518GR,0.798"
X-1493,LSS,4047.0,Del0.8,0.75
X-1493,LTK,4058.0,MutKnownFunctional,"-465,0.860"
X-1493,LTN1,26046.0,Del0.8,0.68
X-1493,MACROD2,140733.0,Del0.8,0.44
X-1493,MACROD2-AS1,100379174.0,Del0.8,0.19
X-1493,MAMDC4,158056.0,MutNovel,"P397R,0.283"
X-1493,MAMDC4,158056.0,MutNovel,"G920R,0.488"
X-1493,MCM3AP,8888.0,Del0.8,0.75
X-1493,MCM3AP-AS1,114044.0,Del0.8,0.75
X-1493,MED7,9443.0,MutNovel,"L112F,0.438"
X-1493,MIR125B2,406912.0,Del0.8,0.7
X-1493,MIR3197,100423023.0,Del0.8,0.76
X-1493,MIR4759,100616243.0,Del0.8,0.68
X-1493,MIR4760,100616148.0,Del0.8,0.73
X-1493,MIR802,768219.0,Del0.8,0.72
X-1493,MIR99A,407055.0,Del0.8,0.7
X-1493,MIRLET7C,406885.0,Del0.8,0.7
X-1493,MMP17,4326.0,MutNovel,"V522G,0.308"
X-1493,MPRIP,23164.0,MutNovel,"TS178T,0.558"
X-1493,MRPL3,11222.0,MutNovel,"P317R,0.491"
X-1493,MSH2,4436.0,MutLikelyFunctional,"G322D,0.356"
X-1493,MUC12,10071.0,MutNovel,"LG1735FS,0.333"
X-1493,MUC12,10071.0,MutNovel,"E4601G,1.000"
X-1493,MX1,4599.0,Del0.8,0.76
X-1493,MX2,4600.0,Del0.8,0.76
X-1493,MYH1,4619.0,MutNovel,"D1234N,0.667"
X-1493,MYO7B,4648.0,MutNovel,"R1308H,0.703"
X-1493,N6AMT1,29104.0,Del0.8,0.68
X-1493,NCAM2,4685.0,Del0.8,0.67
X-1493,NCOR2,9612.0,MutNovel,"G1839GAAA,0.219"
X-1493,NCRNA00185,55410.0,Del0.8,0.17
X-1493,NIPSNAP3B,55335.0,MutNovel,"F72Y,1.000"
X-1493,NIPSNAP3B,55335.0,MutNovel,"T81M,1.000"
X-1493,NIPSNAP3B,55335.0,MutNovel,"K83T,1.000"
X-1493,NLGN4Y,22829.0,Del0.8,0.17
X-1493,NOMO1,23420.0,MutNovel,"V445M,0.558"
X-1493,NOXO1,124056.0,MutKnownFunctional,"-198,0.525"
X-1493,NPTX2,4885.0,MutNovel,"E160K,0.648"
X-1493,NR2C1,7181.0,MutNovel,"R194Q,0.311"
X-1493,ODC1,4953.0,MutNovel,"Y279C,0.345"
X-1493,OPRL1,4987.0,Amp5,6.32
X-1493,OR4F5,79501.0,Del0.8,0.61
X-1493,ORAI1,84876.0,MutNovel,"PP43-,0.926"
X-1493,OVOS,,MutNovel,"S481C,1.000"
X-1493,PABPC3,5042.0,MutNovel,"N129K,1.000"
X-1493,PABPC3,5042.0,MutKnownFunctional,"-211,0.545"
X-1493,PABPC3,5042.0,MutNovel,"KG231-,0.375"
X-1493,PACSIN3,29763.0,MutNovel,"H173P,0.348"
X-1493,PCBP3,54039.0,Del0.8,0.75
X-1493,PCDH11Y,83259.0,Del0.8,0.26
X-1493,PCNT,5116.0,Del0.8,0.75
X-1493,PCNXL4,,MutNovel,"L21M,0.216"
X-1493,PCP4,5121.0,Del0.8,0.73
X-1493,PGM3,5238.0,MutNovel,"R524P,0.224"
X-1493,PHACTR4,65979.0,MutKnownFunctional,"-61?,0.375"
X-1493,PHF14,9678.0,MutNovel,"D736G,0.421"
X-1493,PHLDA1,22822.0,MutNovel,"QQ194Q,0.628"
X-1493,PIAS1,8554.0,MutNovel,"-564AA,0.863"
X-1493,PLAC4,191585.0,Del0.8,0.76
X-1493,PLEC,5339.0,MutNovel,"R1835W,0.692"
X-1493,POFUT2,23275.0,Del0.8,0.75
X-1493,POM121L8P,29797.0,Del0.8,0.71
X-1493,PPIG,9360.0,MutNovel,"E38K,0.376"
X-1493,PPP2R5A,5525.0,MutNovel,"M1MS,0.371"
X-1493,PRDM15,63977.0,Del0.8,0.76
X-1493,PRDM2,7799.0,MutNovel,"P841A,1.000"
X-1493,PRKY,5616.0,Del0.8,0.17
X-1493,PRMT2,3275.0,Del0.8,0.75
X-1493,PRY,9081.0,Del0.8,0.17
X-1493,PRY,9081.0,Del0.8,0.17
X-1493,PRY2,442862.0,Del0.8,0.17
X-1493,PRY2,442862.0,Del0.8,0.17
X-1493,PSD4,23550.0,MutNovel,"T851M,0.636"
X-1493,PSMG1,8624.0,Del0.8,0.73
X-1493,PTK2B,2185.0,MutKnownFunctional,"S967*,0.454"
X-1493,PTTG1IP,754.0,Del0.8,0.75
X-1493,PYCR1,5831.0,MutNovel,"I118M,0.333"
X-1493,RBMY1A3P,286557.0,Del0.8,0.17
X-1493,RBMY1B,378948.0,Del0.8,0.17
X-1493,RBMY1B,378948.0,Del0.8,0.17
X-1493,RBMY1E,378950.0,Del0.8,0.17
X-1493,RBMY1E,378950.0,Del0.8,0.17
X-1493,RBMY1F,159163.0,Del0.8,0.17
X-1493,RBMY1F,159163.0,Del0.8,0.17
X-1493,RBMY1J,378951.0,Del0.8,0.17
X-1493,RBMY1J,378951.0,Del0.8,0.17
X-1493,RBMY2EP,159125.0,Del0.8,0.17
X-1493,RBMY2FP,159162.0,Del0.8,0.17
X-1493,RBMY3AP,64593.0,Del0.8,0.17
X-1493,RIN3,79890.0,MutNovel,"G967-,0.609"
X-1493,RIPK4,54101.0,Del0.8,0.76
X-1493,RORC,6097.0,MutNovel,"R430L,0.435"
X-1493,RPS17,6218.0,MutNovel,"T102I,1.000"
X-1493,RPS17,6218.0,MutNovel,"S43R,0.533"
X-1493,RPS17L,,MutKnownFunctional,"Y84*,0.286"
X-1493,RPS4Y1,6192.0,Del0.8,0.26
X-1493,RPS4Y2,140032.0,Del0.8,0.17
X-1493,RPS6KA1,6195.0,MutNovel,"R502W,0.314"
X-1493,RPSAP58,388524.0,Del0.8,0.77
X-1493,RSG1,79363.0,MutNovel,"R188W,0.524"
X-1493,RSPH10B2,728194.0,MutNovel,"Y548C,1.000"
X-1493,RUNX1-IT1,80215.0,Del0.8,0.72
X-1493,RWDD2B,10069.0,Del0.8,0.68
X-1493,S100B,6285.0,Del0.8,0.75
X-1493,SCAPER,49855.0,Del0.8,0.53
X-1493,SERINC2,347735.0,MutNovel,"-373Q,0.754"
X-1493,SF3B3,23450.0,MutNovel,"N844S,0.603"
X-1493,SGMS1,259230.0,MutNovel,"G278E,0.250"
X-1493,SH3BGR,6450.0,Del0.8,0.73
X-1493,SLC19A1,6573.0,Del0.8,0.75
X-1493,SOCS1,8651.0,MutNovel,"Q210H,0.950"
X-1493,SOWAHA,134548.0,MutNovel,"R233W,0.538"
X-1493,SOX9,6662.0,MutKnownFunctional,"-297?,0.677"
X-1493,SRPK3,26576.0,MutNovel,"C187W,1.000"
X-1493,SRY,6736.0,Del0.8,0.26
X-1493,SSR4P1,728039.0,Del0.8,0.75
X-1493,SUMO3,6612.0,Del0.8,0.75
X-1493,SUOX,6821.0,MutNovel,"C310G,0.414"
X-1493,SYNM,23336.0,MutNovel,"P266S,1.000"
X-1493,TAS1R3,83756.0,MutNovel,"V365M,1.000"
X-1493,TBCCD1,55171.0,MutNovel,"K246E,0.372"
X-1493,TBL1Y,90665.0,Del0.8,0.17
X-1493,TBP,6908.0,MutNovel,"-64Q,0.333"
X-1493,TGFBR3,7049.0,MutNovel,"P661S,1.000"
X-1493,TGIF2LY,90655.0,Del0.8,0.26
X-1493,TLE2,7089.0,MutNovel,"E180K,0.529"
X-1493,TM7SF3,51768.0,MutNovel,"S442L,0.637"
X-1493,TMEM183A,92703.0,MutNovel,"R10M,0.550"
X-1493,TMEM184A,202915.0,MutNovel,"G392GA,0.796"
X-1493,TMPRSS15,5651.0,Del0.8,0.69
X-1493,TMPRSS2,7113.0,Del0.8,0.76
X-1493,TMSB4Y,9087.0,Del0.8,0.17
X-1493,TP53,7157.0,MutKnownFunctional,"Q331*,0.284"
X-1493,TP53,7157.0,MutKnownFunctional,"R175H,0.770"
X-1493,TSC2,7249.0,MutNovel,"K128R,0.592"
X-1493,TSPEAR,54084.0,Del0.8,0.75
X-1493,TSPY1,7258.0,Del0.8,0.17
X-1493,TSPY2,64591.0,Del0.8,0.17
X-1493,TSPY3,728137.0,Del0.8,0.17
X-1493,TSPY4,728395.0,Del0.8,0.17
X-1493,TSPY8,728403.0,Del0.8,0.17
X-1493,TSPYL1,7259.0,MutNovel,"V176VW,0.493"
X-1493,TTTY10,246119.0,Del0.8,0.17
X-1493,TTTY11,83866.0,Del0.8,0.17
X-1493,TTTY12,83867.0,Del0.8,0.17
X-1493,TTTY13,83868.0,Del0.8,0.17
X-1493,TTTY14,83869.0,Del0.8,0.17
X-1493,TTTY15,64595.0,Del0.8,0.17
X-1493,TTTY16,252948.0,Del0.8,0.17
X-1493,TTTY17A,252949.0,Del0.8,0.17
X-1493,TTTY17A,252949.0,Del0.8,0.17
X-1493,TTTY18,252950.0,Del0.8,0.17
X-1493,TTTY19,252952.0,Del0.8,0.17
X-1493,TTTY1B,100101116.0,Del0.8,0.17
X-1493,TTTY1B,100101116.0,Del0.8,0.17
X-1493,TTTY2,60439.0,Del0.8,0.17
X-1493,TTTY2,60439.0,Del0.8,0.17
X-1493,TTTY20,252951.0,Del0.8,0.17
X-1493,TTTY21,252953.0,Del0.8,0.17
X-1493,TTTY21,252953.0,Del0.8,0.17
X-1493,TTTY22,252954.0,Del0.8,0.17
X-1493,TTTY23,252955.0,Del0.8,0.17
X-1493,TTTY23,252955.0,Del0.8,0.17
X-1493,TTTY3,114760.0,Del0.8,0.17
X-1493,TTTY3,114760.0,Del0.8,0.17
X-1493,TTTY4,114761.0,Del0.8,0.17
X-1493,TTTY4,114761.0,Del0.8,0.17
X-1493,TTTY5,83863.0,Del0.8,0.17
X-1493,TTTY6,84672.0,Del0.8,0.17
X-1493,TTTY6,84672.0,Del0.8,0.17
X-1493,TTTY7,246122.0,Del0.8,0.17
X-1493,TTTY7,246122.0,Del0.8,0.17
X-1493,TTTY7B,100101120.0,Del0.8,0.17
X-1493,TTTY7B,100101120.0,Del0.8,0.17
X-1493,TTTY8,84673.0,Del0.8,0.17
X-1493,TTTY8,84673.0,Del0.8,0.17
X-1493,TTTY9A,83864.0,Del0.8,0.17
X-1493,TTTY9A,83864.0,Del0.8,0.17
X-1493,TXLNG2P,246126.0,Del0.8,0.17
X-1493,UBE2G2,7327.0,Del0.8,0.75
X-1493,UBE2M,9040.0,MutNovel,"V93G,0.275"
X-1493,UBE3D,,MutNovel,"S317I,0.478"
X-1493,UBN2,254048.0,MutNovel,"R1344W,0.860"
X-1493,USP16,10600.0,Del0.8,0.68
X-1493,USP25,29761.0,Del0.8,0.7
X-1493,USP36,57602.0,MutNovel,"KKK958K,0.528"
X-1493,USP9Y,8287.0,Del0.8,0.17
X-1493,USPL1,10208.0,MutNovel,"S741P,0.614"
X-1493,UTY,7404.0,Del0.8,0.17
X-1493,VCY,9084.0,Del0.8,0.17
X-1493,VCY,9084.0,Del0.8,0.17
X-1493,VPS37C,55048.0,MutNovel,"R174C,0.277"
X-1493,WDR81,124997.0,MutNovel,"P857R,0.585"
X-1493,WRB,7485.0,Del0.8,0.73
X-1493,XKRY2,353515.0,Del0.8,0.17
X-1493,XKRY2,353515.0,Del0.8,0.17
X-1493,YBEY,54059.0,Del0.8,0.75
X-1493,ZBTB49,166793.0,MutKnownFunctional,"K676*,0.538"
X-1493,ZCCHC6,79670.0,MutNovel,"E782K,0.455"
X-1493,ZDHHC11,79844.0,MutNovel,"A303D,1.000"
X-1493,ZDHHC11,79844.0,MutNovel,"R276P,0.222"
X-1493,ZFAND4,93550.0,MutNovel,"K238E,0.500"
X-1493,ZFP36L2,678.0,MutNovel,"Q401HSSR,0.221"
X-1493,ZFY,7544.0,Del0.8,0.26
X-1493,ZNF100,163227.0,Del0.8,0.77
X-1493,ZNF189,7743.0,MutNovel,"C542Y,0.545"
X-1493,ZNF208,7757.0,Del0.8,0.77
X-1493,ZNF254,9534.0,Del0.8,0.77
X-1493,ZNF257,113835.0,Del0.8,0.77
X-1493,ZNF384,171017.0,MutNovel,"QQ514Q,0.452"
X-1493,ZNF429,353088.0,Del0.8,0.77
X-1493,ZNF43,7594.0,Del0.8,0.77
X-1493,ZNF430,80264.0,Del0.8,0.77
X-1493,ZNF431,170959.0,Del0.8,0.77
X-1493,ZNF470,388566.0,MutNovel,"E702K,0.739"
X-1493,ZNF492,57615.0,Del0.8,0.77
X-1493,ZNF493,284443.0,Del0.8,0.77
X-1493,ZNF518A,9849.0,MutKnownFunctional,"-915?,0.555"
X-1493,ZNF675,171392.0,Del0.8,0.77
X-1493,ZNF676,163223.0,Del0.8,0.77
X-1493,ZNF681,148213.0,Del0.8,0.77
X-1493,ZNF708,7562.0,Del0.8,0.77
X-1493,ZNF714,148206.0,Del0.8,0.77
X-1493,ZNF724P,440519.0,Del0.8,0.77
X-1493,ZNF726,730087.0,Del0.8,0.77
X-1493,ZNF729,100287226.0,Del0.8,0.77
X-1493,ZNF738,148203.0,Del0.8,0.77
X-1493,ZNF860,344787.0,MutNovel,"R3Y,0.571"
X-1493,ZNF860,344787.0,MutNovel,"E12G,0.667"
X-1493,ZNF860,344787.0,MutNovel,"H23R,0.571"
X-1493,ZNF888,,MutNovel,"T589I,0.694"
X-1493,ZNF91,7644.0,MutNovel,"R333H,0.273"
X-1493,ZNF91,7644.0,Del0.8,0.77
X-1493,ZNF98,148198.0,Del0.8,0.77
X-1493,ZNF99,7652.0,Del0.8,0.77
X-1493,ZSWIM3,140831.0,MutNovel,"K669M,0.897"
X-1500,ABHD16B,140701.0,Amp5,5.9
X-1500,ACOT1,641371.0,Del0.8,0.61
X-1500,ACR,49.0,MutNovel,"G217E,1.000"
X-1500,ADRM1,11047.0,Amp5,5.9
X-1500,ADSL,158.0,MutNovel,"R296Q,0.706"
X-1500,AHDC1,27245.0,MutNovel,"R726Q,1.000"
X-1500,ALG1L2,644974.0,Del0.8,0.78
X-1500,ALKBH5,54890.0,MutNovel,"AAA31-,1.000"
X-1500,ALS2,57679.0,MutNovel,"D298V,0.545"
X-1500,ALS2CL,259173.0,MutNovel,"T81A,0.500"
X-1500,AMELY,266.0,Del0.8,0.25
X-1500,ANKRD20A4,728747.0,MutNovel,"V341M,1.000"
X-1500,ANKRD20A4,728747.0,MutNovel,"H375D,1.000"
X-1500,ANKRD20A4,728747.0,MutNovel,"N392Y,1.000"
X-1500,ANKRD36,375248.0,MutNovel,"T998S,0.281"
X-1500,APC,324.0,MutKnownFunctional,"E1295*,1.000"
X-1500,APC2,10297.0,MutNovel,"R286H,0.600"
X-1500,ARFGAP1,55738.0,Amp5,5.9
X-1500,ARFRP1,10139.0,Amp5,5.9
X-1500,ASCC3,10973.0,MutNovel,"E181K,0.647"
X-1500,ATP5EP2,432369.0,Amp8,24.93
X-1500,BANP,54971.0,MutNovel,"R158W,0.575"
X-1500,BANP,54971.0,MutNovel,"Q399K,0.275"
X-1500,BARX1,56033.0,MutNovel,"A48T,1.000"
X-1500,BCL2L15,440603.0,MutNovel,"I14F,1.000"
X-1500,BCORP1,286554.0,Del0.8,0.25
X-1500,BFSP1,631.0,MutNovel,"R283W,0.235"
X-1500,BHLHE23,128408.0,Amp5,5.9
X-1500,BIRC7,79444.0,Amp5,5.9
X-1500,BMS1,9790.0,MutNovel,"E438K,0.297"
X-1500,BPY2B,442867.0,Del0.8,0.25
X-1500,BPY2B,442867.0,Del0.8,0.25
X-1500,BRSK2,9024.0,MutNovel,"R304L,0.459"
X-1500,BTNL3,10917.0,Del0.8,0.7
X-1500,C20orf11,54994.0,Amp5,5.9
X-1500,C20orf151,140893.0,Amp5,5.9
X-1500,C20orf166,128826.0,Amp5,5.9
X-1500,C20orf166-AS1,253868.0,Amp5,5.9
X-1500,C20orf195,79025.0,Amp5,5.9
X-1500,C20orf20,55257.0,Amp5,5.9
X-1500,C20orf201,198437.0,Amp5,5.9
X-1500,C2orf48,348738.0,MutNovel,"A11S,0.833"
X-1500,CABIN1,23523.0,MutNovel,"R1196H,0.754"
X-1500,CABLES2,81928.0,Amp5,5.9
X-1500,CBWD6,644019.0,MutKnownFunctional,"-259?,0.625"
X-1500,CCDC144B,284047.0,Del0.8,0.7
X-1500,CCDC71,64925.0,MutNovel,"R457Q,0.473"
X-1500,CDK8,1024.0,Amp5,6.19
X-1500,CDX2,1045.0,Amp8,24.93
X-1500,CDY1B,253175.0,Del0.8,0.25
X-1500,CDY1B,253175.0,Del0.8,0.25
X-1500,CDY2A,9426.0,Del0.8,0.25
X-1500,CDY2A,9426.0,Del0.8,0.25
X-1500,CDY2B,203611.0,Del0.8,0.25
X-1500,CDY2B,203611.0,Del0.8,0.25
X-1500,CEACAM3,1084.0,MutNovel,"G48V,0.714"
X-1500,CEACAM8,1088.0,MutNovel,"T171A,1.000"
X-1500,CHD2,1106.0,MutKnownFunctional,"-1242?,0.809"
X-1500,CHRNA4,1137.0,Amp5,5.9
X-1500,CLIC1,1192.0,MutNovel,"E4Q,0.434"
X-1500,CMTM7,112616.0,MutNovel,"G21R,0.510"
X-1500,COG5,10466.0,MutNovel,"L141S,0.415"
X-1500,COG7,91949.0,MutNovel,"L298V,0.411"
X-1500,COL20A1,57642.0,Amp5,5.9
X-1500,COL9A3,1299.0,Amp5,5.9
X-1500,CRAMP1L,57585.0,MutNovel,"A68V,0.250"
X-1500,CRELD2,79174.0,MutNovel,"S344A,0.735"
X-1500,CRIPAK,285464.0,MutNovel,"V164A,0.769"
X-1500,CSPG4P1Y,114758.0,Del0.8,0.25
X-1500,CSPG4P1Y,114758.0,Del0.8,0.25
X-1500,CT45A2,728911.0,Del0.8,0.62
X-1500,CT45A3,441519.0,Del0.8,0.62
X-1500,CT45A4,441520.0,Del0.8,0.62
X-1500,CTNNBL1,56259.0,MutNovel,"P546R,0.252"
X-1500,CTSA,5476.0,MutNovel,"L29-,0.248"
X-1500,CTU1,90353.0,MutNovel,"V53A,0.623"
X-1500,CYBASC3,220002.0,MutNovel,"A102V,0.567"
X-1500,CYP2F1,1572.0,MutKnownFunctional,"-5?,0.417"
X-1500,DACH1,1602.0,MutNovel,"GG82-,1.000"
X-1500,DAK,26007.0,MutNovel,"T456I,0.479"
X-1500,DAZ1,1617.0,Del0.8,0.25
X-1500,DAZ2,57055.0,Del0.8,0.25
X-1500,DAZ3,57054.0,Del0.8,0.25
X-1500,DAZ3,57054.0,Del0.8,0.25
X-1500,DAZ4,57135.0,Del0.8,0.25
X-1500,DAZ4,57135.0,Del0.8,0.25
X-1500,DDX31,64794.0,MutNovel,"D115N,1.000"
X-1500,DDX3Y,8653.0,Del0.8,0.25
X-1500,DEGS1,8560.0,MutNovel,"D9E,0.720"
X-1500,DHRSX,207063.0,MutNovel,"T55A,1.000"
X-1500,DIDO1,11083.0,Amp5,5.9
X-1500,DIP2B,57609.0,MutNovel,"V1160D,1.000"
X-1500,DMBT1,1755.0,MutNovel,"P357S,1.000"
X-1500,DMBT1,1755.0,MutNovel,"H1732S,0.727"
X-1500,DMXL1,1657.0,MutNovel,"S1853T,0.714"
X-1500,DNAJB6,10049.0,MutNovel,"D236N,0.500"
X-1500,DNAJC5,80331.0,Amp5,5.9
X-1500,DOT1L,84444.0,MutNovel,"A353G,0.639"
X-1500,DPH3P1,100132911.0,Amp5,5.9
X-1500,EEF1A2,1917.0,Amp5,5.9
X-1500,EEF1DP3,196549.0,Amp5,5.1
X-1500,EIF1AY,9086.0,Del0.8,0.25
X-1500,EML4,27436.0,MutNovel,"T252M,0.260"
X-1500,EPB41L2,2037.0,MutNovel,"A481V,0.308"
X-1500,FAM106A,80039.0,Del0.8,0.35
X-1500,FAM115A,9747.0,MutNovel,"V635L,0.577"
X-1500,FAM123A,219287.0,Amp8,11.39
X-1500,FAM135A,57579.0,MutKnownFunctional,"-506?,0.278"
X-1500,FAM184B,27146.0,MutNovel,"I1001V,1.000"
X-1500,FAM197Y2P,252946.0,Del0.8,0.25
X-1500,FAM41AY1,340618.0,Del0.8,0.25
X-1500,FAM41AY1,340618.0,Del0.8,0.25
X-1500,FAM86B2,653333.0,MutNovel,"R285C,0.308"
X-1500,FBXL17,64839.0,MutNovel,"I328V,1.000"
X-1500,FGF18,8817.0,MutNovel,"R53Q,0.667"
X-1500,FLJ16779,100192386.0,Amp5,5.9
X-1500,FLT1,2321.0,Amp5,6.5
X-1500,FLT3,2322.0,Amp8,14.12
X-1500,FUT5,2527.0,MutNovel,"T169I,1.000"
X-1500,GATA5,140628.0,Amp5,5.9
X-1500,GMEB2,26205.0,Amp5,5.9
X-1500,GOLGA2P2Y,84559.0,Del0.8,0.25
X-1500,GOLGA2P2Y,84559.0,Del0.8,0.25
X-1500,GOLGA6L2,,MutNovel,"M545IW,1.000"
X-1500,GOLGA6L2,,MutNovel,"N54H,1.000"
X-1500,GPRIN2,9721.0,MutNovel,"-238MRE,0.857"
X-1500,GSX1,219409.0,Amp8,15.14
X-1500,GTF3A,2971.0,Amp8,17.15
X-1500,GYG2P1,352887.0,Del0.8,0.25
X-1500,HAP1,9001.0,MutNovel,"S367L,0.240"
X-1500,HAR1A,768096.0,Amp5,5.9
X-1500,HAR1B,768097.0,Amp5,5.9
X-1500,HEATR2,54919.0,MutNovel,"V129L,0.462"
X-1500,HERC3,8916.0,MutNovel,"C28Y,0.960"
X-1500,HLA-B,3106.0,MutNovel,"R169L,0.311"
X-1500,HOMEZ,57594.0,MutNovel,"E537D,0.643"
X-1500,HSFY2,159119.0,Del0.8,0.25
X-1500,HSFY2,159119.0,Del0.8,0.25
X-1500,IBA57,200205.0,MutNovel,"A4V,1.000"
X-1500,IGF1R,3480.0,MutNovel,"T1366P,1.000"
X-1500,IL17RA,23765.0,MutNovel,"P7L,0.387"
X-1500,IL17RC,84818.0,MutNovel,"P775R,0.750"
X-1500,INF2,64423.0,MutNovel,"C484Y,1.000"
X-1500,KCNQ2,3785.0,Amp5,5.9
X-1500,KDM5D,8284.0,Del0.8,0.25
X-1500,KRT83,3889.0,MutNovel,"M333R,0.636"
X-1500,LAMA5,3911.0,Amp5,5.9
X-1500,LGALS9C,654346.0,Del0.8,0.35
X-1500,LIME1,54923.0,Amp5,5.9
X-1500,LINC00029,100144596.0,Amp5,5.9
X-1500,LINC00176,284739.0,Amp5,5.9
X-1500,LINC00266-1,140849.0,Amp5,5.9
X-1500,LNX2,222484.0,Amp8,19.03
X-1500,LOC100127888,100127888.0,Amp5,5.9
X-1500,LOC100144597,100144597.0,Amp5,5.9
X-1500,LOC100505815,100505815.0,Amp5,5.9
X-1500,LOC100507341,100507341.0,MutNovel,"L17P,1.000"
X-1500,LOC283710,283710.0,MutKnownFunctional,"-26,1.000"
X-1500,LOC63930,63930.0,Amp5,5.9
X-1500,LOC643699,,MutNovel,"N456K,1.000"
X-1500,LSR,51599.0,MutNovel,"G518GR,0.382"
X-1500,MAP3K4,4216.0,MutNovel,"PA1189P,1.000"
X-1500,MET,4233.0,MutNovel,"R469Q,0.534"
X-1500,MGEA5,10724.0,MutNovel,"I717V,0.420"
X-1500,MIR1-1,406904.0,Amp5,5.9
X-1500,MIR124-3,406909.0,Amp5,5.9
X-1500,MIR133A2,406923.0,Amp5,5.9
X-1500,MIR1914,100302137.0,Amp5,5.9
X-1500,MIR3196,100423014.0,Amp5,5.9
X-1500,MIR4326,100422945.0,Amp5,5.9
X-1500,MIR4758,100616340.0,Amp5,5.9
X-1500,MIR647,693232.0,Amp5,5.9
X-1500,MIR941-1,100126329.0,Amp5,5.9
X-1500,MIR941-3,100126352.0,Amp5,5.9
X-1500,MLL3,58508.0,MutNovel,"G2490N,0.565"
X-1500,MLL3,58508.0,MutNovel,"D1599Y,0.403"
X-1500,MPRIP,23164.0,MutNovel,"TS178T,1.000"
X-1500,MTIF3,219402.0,Amp8,17.15
X-1500,MTRNR2L1,100462977.0,Amp5,5.74
X-1500,MUC12,10071.0,MutNovel,"T2366P,0.667"
X-1500,MUC12,10071.0,MutNovel,"A2871T,0.316"
X-1500,MUC12,10071.0,MutNovel,"T3643M,0.231"
X-1500,MUC20,200958.0,MutNovel,"D39N,0.372"
X-1500,MUC20,200958.0,MutNovel,"A192V,0.429"
X-1500,MUC3A,,MutNovel,"S1003F,0.442"
X-1500,MUC4,4585.0,MutNovel,"V4131L,1.000"
X-1500,MUC4,4585.0,MutNovel,"Q4125H,1.000"
X-1500,MUC4,4585.0,MutNovel,"P4050T,1.000"
X-1500,MUC4,4585.0,MutNovel,"DT3989EP,0.429"
X-1500,MUC4,4585.0,MutNovel,"D3989S,0.333"
X-1500,MUC4,4585.0,MutNovel,"P3846V,1.000"
X-1500,MUC4,4585.0,MutNovel,"D3797N,0.600"
X-1500,MUC4,4585.0,MutNovel,"S1991P,0.500"
X-1500,MUC4,4585.0,MutNovel,"P1760S,0.273"
X-1500,MYH7B,57644.0,MutNovel,"R1738W,0.812"
X-1500,MYT1,4661.0,Amp5,5.9
X-1500,NAALADL2,254827.0,MutNovel,"L633P,0.667"
X-1500,NBPF10,100132406.0,MutNovel,"G3476S,0.260"
X-1500,NCOA3,8202.0,MutNovel,"Q1255-,1.000"
X-1500,NCOR2,9612.0,MutNovel,"G1839GAAA,1.000"
X-1500,NCOR2,9612.0,MutNovel,"-511S,1.000"
X-1500,NCRNA00185,55410.0,Del0.8,0.25
X-1500,NKAIN4,128414.0,Amp5,5.9
X-1500,NKAP,79576.0,MutKnownFunctional,"-201,1.000"
X-1500,NLGN4Y,22829.0,Del0.8,0.25
X-1500,NMT1,4836.0,MutNovel,"R258G,0.274"
X-1500,NPBWR2,2832.0,Amp5,5.9
X-1500,NRD1,4898.0,MutNovel,"EE150E,1.000"
X-1500,NTSR1,4923.0,Amp5,5.9
X-1500,OGFR,11054.0,Amp5,5.9
X-1500,OPRL1,4987.0,Amp5,5.9
X-1500,OSBPL2,9885.0,Amp5,5.9
X-1500,PAN3,255967.0,Amp8,8.82
X-1500,PAN3-AS1,100288730.0,Amp8,15.45
X-1500,PBXIP1,57326.0,MutNovel,"E593K,0.454"
X-1500,PCDH11Y,83259.0,Del0.8,0.25
X-1500,PCDHA10,56139.0,Del0.8,0.64
X-1500,PCDHA8,56140.0,Del0.8,0.73
X-1500,PCDHA9,9752.0,Del0.8,0.59
X-1500,PCMTD2,55251.0,Amp5,5.9
X-1500,PDX1,3651.0,Amp8,24.93
X-1500,PGBD5,79605.0,MutNovel,"A92S,1.000"
X-1500,PHLDA1,22822.0,MutNovel,"QQ194Q,1.000"
X-1500,PITRM1,10531.0,MutNovel,"R768N,0.602"
X-1500,PITX1,5307.0,MutNovel,"P263R,0.492"
X-1500,PLOD1,5351.0,MutNovel,"T287M,0.458"
X-1500,POLR1D,51082.0,Amp8,9.25
X-1500,POM121L8P,29797.0,Del0.8,0.66
X-1500,PPDPF,79144.0,Amp5,5.9
X-1500,PPP1R9B,84687.0,MutNovel,"R253P,0.393"
X-1500,PPP3CB,5532.0,MutKnownFunctional,"Y300*,0.357"
X-1500,PRDM11,56981.0,MutNovel,"K962R,0.667"
X-1500,PRDM15,63977.0,MutNovel,"P516A,0.538"
X-1500,PRDX3,10935.0,MutKnownFunctional,"-257?,0.402"
X-1500,PRHOXNB,646625.0,Amp8,24.93
X-1500,PRIC285,85441.0,Amp5,5.9
X-1500,PRKY,5616.0,Del0.8,0.25
X-1500,PRPF6,24148.0,Amp5,5.9
X-1500,PRSS56,646960.0,MutNovel,"P599A,0.333"
X-1500,PRY,9081.0,Del0.8,0.25
X-1500,PRY,9081.0,Del0.8,0.25
X-1500,PRY2,442862.0,Del0.8,0.25
X-1500,PRY2,442862.0,Del0.8,0.25
X-1500,PSMD3,5709.0,MutNovel,"G5S,0.518"
X-1500,PTK6,5753.0,Amp5,5.9
X-1500,PTPRO,5800.0,Del0.8,0.74
X-1500,QRSL1,55278.0,MutNovel,"N61D,0.486"
X-1500,RASL11A,387496.0,Amp8,17.27
X-1500,RBMY1A3P,286557.0,Del0.8,0.25
X-1500,RBMY1B,378948.0,Del0.8,0.25
X-1500,RBMY1B,378948.0,Del0.8,0.25
X-1500,RBMY1E,378950.0,Del0.8,0.25
X-1500,RBMY1E,378950.0,Del0.8,0.25
X-1500,RBMY1F,159163.0,Del0.8,0.25
X-1500,RBMY1F,159163.0,Del0.8,0.25
X-1500,RBMY1J,378951.0,Del0.8,0.25
X-1500,RBMY1J,378951.0,Del0.8,0.25
X-1500,RBMY2EP,159125.0,Del0.8,0.25
X-1500,RBMY2FP,159162.0,Del0.8,0.25
X-1500,RBMY3AP,64593.0,Del0.8,0.25
X-1500,RERG,85004.0,Del0.8,0.74
X-1500,RGS19,10287.0,Amp5,5.9
X-1500,RHD,6007.0,Del0.8,0.45
X-1500,RIN3,79890.0,MutNovel,"G967-,1.000"
X-1500,RPL21,6144.0,Amp8,17.27
X-1500,RPS21,6227.0,Amp5,5.9
X-1500,RPS4Y1,6192.0,Del0.8,0.25
X-1500,RPS4Y2,140032.0,Del0.8,0.25
X-1500,RTEL1,51750.0,Amp5,5.9
X-1500,RTEL1-TNFRSF6B,100533107.0,Amp5,5.9
X-1500,SAMD10,140700.0,Amp5,5.9
X-1500,SERINC2,347735.0,MutNovel,"-373Q,1.000"
X-1500,SIRT6,51548.0,MutNovel,"N308K,0.237"
X-1500,SLC17A9,63910.0,Amp5,5.9
X-1500,SLC18B1,,MutNovel,"M208T,0.227"
X-1500,SLC1A1,6505.0,MutNovel,"V411M,1.000"
X-1500,SLC25A4,291.0,MutNovel,"LF98L,0.531"
X-1500,SLC2A4RG,56731.0,Amp5,5.9
X-1500,SLC39A5,283375.0,MutNovel,"AP200-,1.000"
X-1500,SLCO4A1,28231.0,Amp5,5.9
X-1500,SNAPC4,6621.0,MutNovel,"S542-,1.000"
X-1500,SNORA27,619499.0,Amp8,17.27
X-1500,SNORD102,26771.0,Amp8,17.27
X-1500,SOWAHA,134548.0,MutNovel,"A380V,1.000"
X-1500,SOX18,54345.0,Amp5,5.9
X-1500,SPIN2B,474343.0,MutNovel,"R46C,1.000"
X-1500,SRMS,6725.0,Amp5,5.9
X-1500,SRPR,6734.0,MutNovel,"V517L,0.222"
X-1500,SRY,6736.0,Del0.8,0.25
X-1500,SSH3,54961.0,MutNovel,"A450T,0.471"
X-1500,STK39,27347.0,MutNovel,"APVTAAAA18A,0.875"
X-1500,STMN3,50861.0,Amp5,5.9
X-1500,TBL1Y,90665.0,Del0.8,0.25
X-1500,TBP,6908.0,MutNovel,"-64Q,0.973"
X-1500,TCEA2,6919.0,Amp5,5.9
X-1500,TCFL5,10732.0,Amp5,5.9
X-1500,TDP1,55775.0,MutNovel,"D6N,0.389"
X-1500,TEKT4,150483.0,MutNovel,"R267L,1.000"
X-1500,TEKT4,150483.0,MutNovel,"R282E,1.000"
X-1500,TEKT4,150483.0,MutNovel,"V288M,1.000"
X-1500,TGIF2LY,90655.0,Del0.8,0.25
X-1500,TJAP1,93643.0,MutNovel,"A429T,0.433"
X-1500,TLK2,11011.0,MutNovel,"R262Q,0.504"
X-1500,TMBIM4,51643.0,MutKnownFunctional,"-174?,0.524"
X-1500,TMEM205,374882.0,MutNovel,"R154C,0.344"
X-1500,TMSB4Y,9087.0,Del0.8,0.25
X-1500,TNFRSF6B,8771.0,Amp5,5.9
X-1500,TNRC18,84629.0,MutNovel,"G2591R,0.738"
X-1500,TP53,7157.0,MutKnownFunctional,"R248W,1.000"
X-1500,TPD52L2,7165.0,Amp5,5.9
X-1500,TRAF3,7187.0,MutNovel,"V260I,1.000"
X-1500,TRIM4,89122.0,MutNovel,"R452C,0.269"
X-1500,TRIM7,81786.0,MutNovel,"G236V,0.978"
X-1500,TRIOBP,11078.0,MutNovel,"T715I,0.231"
X-1500,TROVE2,6738.0,MutKnownFunctional,"-516,0.500"
X-1500,TSPY1,7258.0,Del0.8,0.25
X-1500,TSPY2,64591.0,Del0.8,0.25
X-1500,TSPY3,728137.0,Del0.8,0.25
X-1500,TSPY4,728395.0,Del0.8,0.25
X-1500,TSPY8,728403.0,Del0.8,0.25
X-1500,TSPYL1,7259.0,MutNovel,"V176VW,0.413"
X-1500,TTTY10,246119.0,Del0.8,0.25
X-1500,TTTY11,83866.0,Del0.8,0.25
X-1500,TTTY12,83867.0,Del0.8,0.25
X-1500,TTTY13,83868.0,Del0.8,0.25
X-1500,TTTY14,83869.0,Del0.8,0.25
X-1500,TTTY15,64595.0,Del0.8,0.25
X-1500,TTTY16,252948.0,Del0.8,0.25
X-1500,TTTY17A,252949.0,Del0.8,0.25
X-1500,TTTY17A,252949.0,Del0.8,0.25
X-1500,TTTY18,252950.0,Del0.8,0.25
X-1500,TTTY19,252952.0,Del0.8,0.25
X-1500,TTTY1B,100101116.0,Del0.8,0.25
X-1500,TTTY1B,100101116.0,Del0.8,0.25
X-1500,TTTY2,60439.0,Del0.8,0.25
X-1500,TTTY2,60439.0,Del0.8,0.25
X-1500,TTTY20,252951.0,Del0.8,0.25
X-1500,TTTY21,252953.0,Del0.8,0.25
X-1500,TTTY21,252953.0,Del0.8,0.25
X-1500,TTTY22,252954.0,Del0.8,0.25
X-1500,TTTY23,252955.0,Del0.8,0.25
X-1500,TTTY23,252955.0,Del0.8,0.25
X-1500,TTTY3,114760.0,Del0.8,0.25
X-1500,TTTY3,114760.0,Del0.8,0.25
X-1500,TTTY4,114761.0,Del0.8,0.25
X-1500,TTTY4,114761.0,Del0.8,0.25
X-1500,TTTY5,83863.0,Del0.8,0.25
X-1500,TTTY6,84672.0,Del0.8,0.25
X-1500,TTTY6,84672.0,Del0.8,0.25
X-1500,TTTY7,246122.0,Del0.8,0.25
X-1500,TTTY7,246122.0,Del0.8,0.25
X-1500,TTTY7B,100101120.0,Del0.8,0.25
X-1500,TTTY7B,100101120.0,Del0.8,0.25
X-1500,TTTY8,84673.0,Del0.8,0.25
X-1500,TTTY8,84673.0,Del0.8,0.25
X-1500,TTTY9A,83864.0,Del0.8,0.25
X-1500,TTTY9A,83864.0,Del0.8,0.25
X-1500,TXLNG2P,246126.0,Del0.8,0.25
X-1500,UCKL1,54963.0,Amp5,5.9
X-1500,UCKL1-AS1,100113386.0,Amp5,5.9
X-1500,UPK3BL,,MutNovel,"T64M,0.211"
X-1500,USP12,219333.0,Amp8,11
X-1500,USP32P2,220594.0,Del0.8,0.35
X-1500,USP36,57602.0,MutNovel,"KKK958K,1.000"
X-1500,USP48,84196.0,MutNovel,"L774V,1.000"
X-1500,USP9Y,8287.0,Del0.8,0.25
X-1500,UTY,7404.0,Del0.8,0.25
X-1500,VCY,9084.0,Del0.8,0.25
X-1500,VCY,9084.0,Del0.8,0.25
X-1500,XKRY2,353515.0,Del0.8,0.25
X-1500,XKRY2,353515.0,Del0.8,0.25
X-1500,YTHDF1,54915.0,Amp5,5.9
X-1500,ZBED6,100381270.0,MutNovel,"T790N,0.629"
X-1500,ZBTB46,140685.0,Amp5,5.9
X-1500,ZDHHC11,79844.0,MutNovel,"A303D,1.000"
X-1500,ZDHHC11,79844.0,Del0.8,0.66
X-1500,ZFY,7544.0,Del0.8,0.25
X-1500,ZGPAT,84619.0,Amp5,5.9
X-1500,ZNF20,7568.0,MutNovel,"T103I,0.778"
X-1500,ZNF28,7576.0,MutNovel,"Q155H,0.600"
X-1500,ZNF311,282890.0,MutNovel,"S152G,0.471"
X-1500,ZNF418,147686.0,MutNovel,"H297Q,1.000"
X-1500,ZNF512B,57473.0,Amp5,5.9
X-1500,ZNF622,90441.0,Del0.8,0.77
X-1500,ZNRF2,223082.0,MutNovel,"D123DG,0.435"
X-1500,ZRANB1,54764.0,MutKnownFunctional,"-709?,0.383"
X-1536,A1CF,29974.0,MutNovel,"A399V,0.444"
X-1536,AATK,9625.0,MutNovel,"A1332T,1.000"
X-1536,ADH1B,125.0,MutNovel,"Y35H,1.000"
X-1536,ADH1B,125.0,MutNovel,"V27G,1.000"
X-1536,ADH1B,125.0,MutNovel,"V18L,1.000"
X-1536,ALDH1B1,219.0,MutNovel,"L385F,0.525"
X-1536,AMBP,259.0,MutNovel,"S139N,1.000"
X-1536,AMELY,266.0,Del0.8,0.18
X-1536,ANKRD36,375248.0,MutNovel,"T998S,0.444"
X-1536,ANKRD36C,,MutNovel,"R645K,1.000"
X-1536,ANKRD36C,,MutNovel,"Q1160R,1.000"
X-1536,ANKS6,203286.0,MutNovel,"A835S,0.208"
X-1536,AP1G1,164.0,MutNovel,"R12Q,0.389"
X-1536,AQR,9716.0,MutNovel,"H1331R,0.981"
X-1536,ARHGAP6,395.0,MutNovel,"R875K,1.000"
X-1536,ATL2,64225.0,MutNovel,"A227V,0.535"
X-1536,ATN1,1822.0,MutNovel,"P711S,0.492"
X-1536,ATXN3,4287.0,MutNovel,"L13F,0.415"
X-1536,AXIN2,8313.0,MutKnownFunctional,"-83,0.454"
X-1536,BAG3,9531.0,MutNovel,"A155T,0.542"
X-1536,BCORP1,286554.0,Del0.8,0.18
X-1536,BMP2K,55589.0,MutNovel,"Q486H,0.833"
X-1536,BPY2B,442867.0,Del0.8,0.18
X-1536,BPY2B,442867.0,Del0.8,0.18
X-1536,BTBD9,114781.0,MutNovel,"L245R,0.385"
X-1536,BZW2,28969.0,MutNovel,"N2S,0.555"
X-1536,C3orf23,285343.0,MutNovel,"M8I,0.482"
X-1536,CALCOCO1,57658.0,MutNovel,"G329D,0.524"
X-1536,CAPN10,11132.0,MutNovel,"I113T,0.562"
X-1536,CAPN3,825.0,MutKnownFunctional,"-771,0.929"
X-1536,CCDC80,151887.0,MutNovel,"R131C,0.500"
X-1536,CCS,9973.0,MutNovel,"E15D,0.530"
X-1536,CDC37,11140.0,MutNovel,"T150I,0.554"
X-1536,CDY1B,253175.0,Del0.8,0.18
X-1536,CDY1B,253175.0,Del0.8,0.18
X-1536,CDY2A,9426.0,Del0.8,0.18
X-1536,CDY2A,9426.0,Del0.8,0.18
X-1536,CDY2B,203611.0,Del0.8,0.18
X-1536,CDY2B,203611.0,Del0.8,0.18
X-1536,CEL,1056.0,MutNovel,"M487L,0.208"
X-1536,CEP250,11190.0,MutNovel,"R866C,0.243"
X-1536,CEP350,9857.0,MutNovel,"A2146S,0.714"
X-1536,CES1P1,51716.0,Del0.8,0.71
X-1536,CHMP4C,92421.0,MutNovel,"I183T,0.490"
X-1536,CHPF,79586.0,MutNovel,"L662V,0.544"
X-1536,CNTRL,11064.0,MutNovel,"V1489I,0.316"
X-1536,COPE,11316.0,MutNovel,"V114M,0.486"
X-1536,CPSF1,29894.0,MutNovel,"N44H,0.688"
X-1536,CRIPAK,285464.0,MutNovel,"V164A,0.375"
X-1536,CSPG4P1Y,114758.0,Del0.8,0.18
X-1536,CSPG4P1Y,114758.0,Del0.8,0.18
X-1536,CTSA,5476.0,MutNovel,"L29-,0.539"
X-1536,CTU2,348180.0,MutNovel,"C444S,0.316"
X-1536,CXADRP2,646243.0,Del0.8,0.64
X-1536,DAZ1,1617.0,Del0.8,0.18
X-1536,DAZ2,57055.0,Del0.8,0.18
X-1536,DAZ3,57054.0,Del0.8,0.18
X-1536,DAZ3,57054.0,Del0.8,0.18
X-1536,DAZ4,57135.0,Del0.8,0.18
X-1536,DAZ4,57135.0,Del0.8,0.18
X-1536,DDX3Y,8653.0,Del0.8,0.18
X-1536,DEFA10P,449493.0,Del0.8,0.61
X-1536,DEFB130,245940.0,Del0.8,0.77
X-1536,DGKZ,8525.0,MutNovel,"N926S,0.551"
X-1536,DLX6,1750.0,MutNovel,"A242E,0.500"
X-1536,DMXL1,1657.0,MutNovel,"S2306Y,0.696"
X-1536,DOCK5,80005.0,MutNovel,"Y356C,0.562"
X-1536,DST,667.0,MutNovel,"R1746C,0.357"
X-1536,DYRK1B,9149.0,MutNovel,"R374Q,0.667"
X-1536,EEF1A1,1915.0,MutNovel,"I75T,0.461"
X-1536,EFCAB7,84455.0,MutNovel,"R97S,0.375"
X-1536,EGLN2,112398.0,MutNovel,"P46A,0.594"
X-1536,EIF1AY,9086.0,Del0.8,0.18
X-1536,ERBB3,2065.0,MutLikelyFunctional,"V104L,0.442"
X-1536,ERMP1,79956.0,MutNovel,"N819S,0.500"
X-1536,EXOC5,10640.0,MutNovel,"A250T,0.741"
X-1536,EXOSC9,5393.0,MutNovel,"G335E,0.449"
X-1536,FAM197Y2P,252946.0,Del0.8,0.18
X-1536,FAM41AY1,340618.0,Del0.8,0.18
X-1536,FAM41AY1,340618.0,Del0.8,0.18
X-1536,FAM66D,100132923.0,Del0.8,0.59
X-1536,FAM73A,374986.0,MutNovel,"I366T,0.231"
X-1536,FAM82B,51115.0,MutNovel,"KN313N,0.338"
X-1536,FAM86B1,85002.0,Del0.8,0.59
X-1536,FGFRL1,53834.0,MutNovel,"K30R,0.667"
X-1536,FIP1L1,81608.0,MutNovel,"N428S,0.483"
X-1536,FLNB,2317.0,MutNovel,"R566W,0.513"
X-1536,GIGYF2,26058.0,MutNovel,"PQ1231P,0.278"
X-1536,GOLGA2P2Y,84559.0,Del0.8,0.18
X-1536,GOLGA2P2Y,84559.0,Del0.8,0.18
X-1536,GOLGA6L6,727832.0,Del0.8,0.78
X-1536,GOLGA8C,729786.0,Del0.8,0.78
X-1536,GPRIN2,9721.0,MutNovel,"-238MRE,0.224"
X-1536,GTF2H2,2966.0,Del0.8,0.75
X-1536,GYG2P1,352887.0,Del0.8,0.18
X-1536,HDAC1,3065.0,MutNovel,"R55H,0.500"
X-1536,HERC2P3,283755.0,Del0.8,0.78
X-1536,HLA-H,3136.0,Del0.8,0.66
X-1536,HSFY2,159119.0,Del0.8,0.18
X-1536,HSFY2,159119.0,Del0.8,0.18
X-1536,IRF7,3665.0,MutNovel,"E29D,0.722"
X-1536,ITFG1,81533.0,MutNovel,"V367G,0.510"
X-1536,KANSL1,,MutKnownFunctional,"W689*,0.421"
X-1536,KAT6A,7994.0,MutNovel,"P1865S,0.684"
X-1536,KCNK5,8645.0,MutNovel,"E403K,0.541"
X-1536,KCNK6,9424.0,MutKnownFunctional,"R37*,0.667"
X-1536,KDM5D,8284.0,Del0.8,0.18
X-1536,KIAA0182,23199.0,MutNovel,"P457L,0.536"
X-1536,KIAA0586,9786.0,MutNovel,"S1032P,0.333"
X-1536,KIF20B,9585.0,MutNovel,"L1062LKV,0.455"
X-1536,KRAS,3845.0,MutKnownFunctional,"G13D,0.327"
X-1536,LAMB2,3913.0,MutNovel,"S1340C,0.574"
X-1536,LOC284260,284260.0,Del0.8,0.66
X-1536,LOC646214,646214.0,Del0.8,0.64
X-1536,LOC647859,647859.0,Del0.8,0.75
X-1536,LOC727924,727924.0,Del0.8,0.64
X-1536,LSR,51599.0,MutNovel,"G518GR,0.868"
X-1536,MAML1,9794.0,MutNovel,"R190H,0.733"
X-1536,MAML1,9794.0,MutNovel,"R476Q,0.500"
X-1536,MAN2A2,4122.0,MutNovel,"L237P,1.000"
X-1536,MAP3K6,9064.0,MutNovel,"T810N,1.000"
X-1536,MEX3A,92312.0,MutKnownFunctional,"R517*,0.375"
X-1536,MFI2,4241.0,MutNovel,"A247D,0.550"
X-1536,MLPH,79083.0,MutNovel,"E391M,0.701"
X-1536,MPDU1,9526.0,MutNovel,"W30L,1.000"
X-1536,MPG,4350.0,MutNovel,"G139D,0.464"
X-1536,MPRIP,23164.0,MutNovel,"TS178T,0.564"
X-1536,MRPS14,63931.0,MutNovel,"R90Q,0.452"
X-1536,MRPS21,54460.0,MutNovel,"R51W,0.993"
X-1536,MSRA,4482.0,MutNovel,"A116S,1.000"
X-1536,MTERFD1,51001.0,MutNovel,"R147G,0.287"
X-1536,MUC12,10071.0,MutNovel,"T312I,0.421"
X-1536,MUC12,10071.0,MutNovel,"L324F,0.647"
X-1536,MUC12,10071.0,MutNovel,"S330L,0.688"
X-1536,MUC12,10071.0,MutNovel,"T340P,0.909"
X-1536,MUC12,10071.0,MutNovel,"P345S,1.000"
X-1536,MUC12,10071.0,MutNovel,"R855H,1.000"
X-1536,MUC12,10071.0,MutNovel,"E1768G,1.000"
X-1536,MUC12,10071.0,MutNovel,"T1770M,1.000"
X-1536,MUC12,10071.0,MutNovel,"T2233M,0.625"
X-1536,MUC12,10071.0,MutNovel,"N4290H,0.429"
X-1536,MUC12,10071.0,MutNovel,"T4363I,0.455"
X-1536,MUC12,10071.0,MutNovel,"E4601G,1.000"
X-1536,MUC12,10071.0,MutNovel,"T4603M,1.000"
X-1536,MUC2,4583.0,MutNovel,"V2286G,0.270"
X-1536,MYCBP2,23077.0,MutNovel,"V1480L,1.000"
X-1536,MYO18A,399687.0,MutNovel,"A1061T,0.559"
X-1536,NACC2,138151.0,MutNovel,"R578M,0.667"
X-1536,NAIP,4671.0,Del0.8,0.75
X-1536,NBEAP1,606.0,Del0.8,0.78
X-1536,NBPF10,100132406.0,MutNovel,"D1405E,0.600"
X-1536,NCRNA00185,55410.0,Del0.8,0.18
X-1536,NF1P2,440225.0,Del0.8,0.71
X-1536,NFE2L1,4779.0,MutNovel,"S511A,0.500"
X-1536,NIN,51199.0,MutNovel,"T1594R,0.290"
X-1536,NIN,51199.0,MutNovel,"Q457R,0.769"
X-1536,NLGN4Y,22829.0,Del0.8,0.18
X-1536,NR1H2,7376.0,MutNovel,"-173Q,0.304"
X-1536,OR4M2,390538.0,Del0.8,0.64
X-1536,OR4N3P,390539.0,Del0.8,0.64
X-1536,OR4N4,283694.0,Del0.8,0.64
X-1536,ORAI1,84876.0,MutNovel,"PP43-,0.875"
X-1536,PALM3,342979.0,MutNovel,"D604N,0.451"
X-1536,PARP1,142.0,MutNovel,"W58L,0.415"
X-1536,PCDH11Y,83259.0,Del0.8,0.25
X-1536,PCDHB9,56127.0,MutNovel,"P677H,0.625"
X-1536,PCID2,55795.0,MutNovel,"M424V,0.534"
X-1536,PCK1,5105.0,MutNovel,"R226T,0.695"
X-1536,PDE4DIP,9659.0,MutNovel,"D277Y,0.400"
X-1536,PDZRN3,23024.0,MutNovel,"G239R,1.000"
X-1536,PEX11G,92960.0,MutKnownFunctional,"R22*,0.444"
X-1536,PHLDA1,22822.0,MutNovel,"QQ194Q,0.585"
X-1536,PIEZO1,9780.0,MutNovel,"I1696-,0.256"
X-1536,PIK3R1,5295.0,MutNovel,"HEY450H,0.938"
X-1536,POTEB,339010.0,Del0.8,0.71
X-1536,PPP1R10,5514.0,MutNovel,"PGGP631P,0.410"
X-1536,PPP1R21,129285.0,MutNovel,"E576D,0.476"
X-1536,PRKY,5616.0,Del0.8,0.18
X-1536,PRUNE,58497.0,MutNovel,"D207N,0.357"
X-1536,PRUNE2,158471.0,MutNovel,"D981G,0.800"
X-1536,PRY,9081.0,Del0.8,0.18
X-1536,PRY,9081.0,Del0.8,0.18
X-1536,PRY2,442862.0,Del0.8,0.18
X-1536,PRY2,442862.0,Del0.8,0.18
X-1536,PTGER4,5734.0,MutNovel,"I272F,0.562"
X-1536,PTK2B,2185.0,MutNovel,"G414V,0.550"
X-1536,QPCT,25797.0,MutNovel,"D211V,0.482"
X-1536,QRICH2,84074.0,MutNovel,"H603R,1.000"
X-1536,RAB7A,7879.0,MutNovel,"E185K,0.460"
X-1536,RAI14,26064.0,MutNovel,"N645K,0.681"
X-1536,RANBP2,5903.0,MutNovel,"F390S,0.700"
X-1536,RASSF6,166824.0,MutNovel,"P180L,0.333"
X-1536,RBM24,221662.0,MutNovel,"-163A,0.462"
X-1536,RBM33,155435.0,MutNovel,"P313L,0.750"
X-1536,RBMY1A3P,286557.0,Del0.8,0.18
X-1536,RBMY1B,378948.0,Del0.8,0.18
X-1536,RBMY1B,378948.0,Del0.8,0.18
X-1536,RBMY1E,378950.0,Del0.8,0.18
X-1536,RBMY1E,378950.0,Del0.8,0.18
X-1536,RBMY1F,159163.0,Del0.8,0.18
X-1536,RBMY1F,159163.0,Del0.8,0.18
X-1536,RBMY1J,378951.0,Del0.8,0.18
X-1536,RBMY1J,378951.0,Del0.8,0.18
X-1536,RBMY2EP,159125.0,Del0.8,0.18
X-1536,RBMY2FP,159162.0,Del0.8,0.18
X-1536,RBMY3AP,64593.0,Del0.8,0.18
X-1536,REREP3,646396.0,Del0.8,0.64
X-1536,RNPEPL1,57140.0,MutNovel,"D210N,0.400"
X-1536,ROCK2,9475.0,MutNovel,"N832D,0.417"
X-1536,RPGRIP1L,23322.0,MutNovel,"I1224M,0.700"
X-1536,RPS4Y1,6192.0,Del0.8,0.25
X-1536,RPS4Y2,140032.0,Del0.8,0.18
X-1536,SCRIB,23513.0,MutNovel,"R91Q,0.639"
X-1536,SDAD1,55153.0,MutNovel,"A570V,0.470"
X-1536,SERINC2,347735.0,MutNovel,"-373Q,0.754"
X-1536,SETX,23064.0,MutNovel,"P1587-,0.471"
X-1536,SHROOM4,57477.0,MutNovel,"I1269L,1.000"
X-1536,SLC29A2,3177.0,MutNovel,"NI338I,0.400"
X-1536,SLC39A10,57181.0,MutNovel,"L328P,0.571"
X-1536,SMAD2,4087.0,MutKnownFunctional,"TR328T*,1.000"
X-1536,SRSF9,8683.0,MutNovel,"K169N,0.529"
X-1536,SRY,6736.0,Del0.8,0.25
X-1536,ST3GAL4,6484.0,MutNovel,"R130W,0.587"
X-1536,STK10,6793.0,MutNovel,"C728R,0.726"
X-1536,SVIL,6840.0,MutNovel,"K953R,0.583"
X-1536,TAP1,6890.0,MutNovel,"T268M,0.515"
X-1536,TBL1Y,90665.0,Del0.8,0.18
X-1536,TFEB,7942.0,MutNovel,"L11P,0.389"
X-1536,TGIF2LY,90655.0,Del0.8,0.25
X-1536,THBS1,7057.0,MutNovel,"V560M,1.000"
X-1536,TMEM184A,202915.0,MutNovel,"G392GA,0.429"
X-1536,TMSB4Y,9087.0,Del0.8,0.18
X-1536,TNIP1,10318.0,MutNovel,"R339H,0.298"
X-1536,TNKS,8658.0,Del0.8,0.78
X-1536,TSPY1,7258.0,Del0.8,0.18
X-1536,TSPY2,64591.0,Del0.8,0.18
X-1536,TSPY3,728137.0,Del0.8,0.18
X-1536,TSPY4,728395.0,Del0.8,0.18
X-1536,TSPY8,728403.0,Del0.8,0.18
X-1536,TSPYL1,7259.0,MutNovel,"V176VW,0.885"
X-1536,TTTY10,246119.0,Del0.8,0.18
X-1536,TTTY11,83866.0,Del0.8,0.18
X-1536,TTTY12,83867.0,Del0.8,0.18
X-1536,TTTY13,83868.0,Del0.8,0.18
X-1536,TTTY14,83869.0,Del0.8,0.18
X-1536,TTTY15,64595.0,Del0.8,0.18
X-1536,TTTY16,252948.0,Del0.8,0.18
X-1536,TTTY17A,252949.0,Del0.8,0.18
X-1536,TTTY17A,252949.0,Del0.8,0.18
X-1536,TTTY18,252950.0,Del0.8,0.18
X-1536,TTTY19,252952.0,Del0.8,0.18
X-1536,TTTY1B,100101116.0,Del0.8,0.18
X-1536,TTTY1B,100101116.0,Del0.8,0.18
X-1536,TTTY2,60439.0,Del0.8,0.18
X-1536,TTTY2,60439.0,Del0.8,0.18
X-1536,TTTY20,252951.0,Del0.8,0.18
X-1536,TTTY21,252953.0,Del0.8,0.18
X-1536,TTTY21,252953.0,Del0.8,0.18
X-1536,TTTY22,252954.0,Del0.8,0.18
X-1536,TTTY23,252955.0,Del0.8,0.18
X-1536,TTTY23,252955.0,Del0.8,0.18
X-1536,TTTY3,114760.0,Del0.8,0.18
X-1536,TTTY3,114760.0,Del0.8,0.18
X-1536,TTTY4,114761.0,Del0.8,0.18
X-1536,TTTY4,114761.0,Del0.8,0.18
X-1536,TTTY5,83863.0,Del0.8,0.18
X-1536,TTTY6,84672.0,Del0.8,0.18
X-1536,TTTY6,84672.0,Del0.8,0.18
X-1536,TTTY7,246122.0,Del0.8,0.18
X-1536,TTTY7,246122.0,Del0.8,0.18
X-1536,TTTY7B,100101120.0,Del0.8,0.18
X-1536,TTTY7B,100101120.0,Del0.8,0.18
X-1536,TTTY8,84673.0,Del0.8,0.18
X-1536,TTTY8,84673.0,Del0.8,0.18
X-1536,TTTY9A,83864.0,Del0.8,0.18
X-1536,TTTY9A,83864.0,Del0.8,0.18
X-1536,TXLNG2P,246126.0,Del0.8,0.18
X-1536,UBE2C,11065.0,MutNovel,"T100M,0.363"
X-1536,URB1,9875.0,MutNovel,"R1931K,1.000"
X-1536,USP17L2,377630.0,Del0.8,0.59
X-1536,USP36,57602.0,MutNovel,"KKK958K,0.380"
X-1536,USP7,7874.0,MutNovel,"S227I,0.520"
X-1536,USP9Y,8287.0,Del0.8,0.18
X-1536,UTY,7404.0,Del0.8,0.18
X-1536,VCY,9084.0,Del0.8,0.18
X-1536,VCY,9084.0,Del0.8,0.18
X-1536,VHL,7428.0,MutNovel,"G30W,0.500"
X-1536,WASF1,8936.0,MutNovel,"S251P,0.600"
X-1536,WDPCP,51057.0,MutNovel,"R323W,0.800"
X-1536,WDR41,55255.0,MutNovel,"T34N,0.750"
X-1536,XKRY2,353515.0,Del0.8,0.18
X-1536,XKRY2,353515.0,Del0.8,0.18
X-1536,ZDHHC11,79844.0,MutNovel,"A303D,1.000"
X-1536,ZFY,7544.0,Del0.8,0.25
X-1536,ZNF100,163227.0,MutNovel,"T80S,0.500"
X-1536,ZNF341,84905.0,MutNovel,"A814T,0.333"
X-1536,ZNF397,84307.0,MutNovel,"R445I,1.000"
X-1536,ZSCAN2,54993.0,MutNovel,"M547T,0.600"
X-1538,ABT1,29777.0,MutNovel,"E12V,0.500"
X-1538,ACSM4,341392.0,MutNovel,"G511R,0.500"
X-1538,AGAP1,116987.0,MutNovel,"R778L,0.404"
X-1538,AGAP8,728404.0,MutNovel,"A467S,0.583"
X-1538,AGRN,375790.0,MutNovel,"R1308H,0.493"
X-1538,AHNAK2,113146.0,MutKnownFunctional,"-5760,0.486"
X-1538,ALG10,84920.0,MutNovel,"Y150C,0.583"
X-1538,AMPD2,271.0,MutNovel,"R335C,0.610"
X-1538,ANKRD13A,88455.0,MutNovel,"A7G,0.265"
X-1538,ANO8,57719.0,MutNovel,"D783N,0.356"
X-1538,APOL3,80833.0,MutNovel,"A372S,0.667"
X-1538,ARAP2,116984.0,MutNovel,"R342I,1.000"
X-1538,ARHGEF5,7984.0,MutNovel,"G357R,0.900"
X-1538,ASXL1,171023.0,MutNovel,"E1102D,0.683"
X-1538,ATG12,9140.0,MutKnownFunctional,"-17?,1.000"
X-1538,AUP1,550.0,MutNovel,"L328F,0.555"
X-1538,BAI2,576.0,MutNovel,"R28C,1.000"
X-1538,BBIP1,92482.0,MutNovel,"M46T,0.500"
X-1538,BBIP1,92482.0,MutNovel,"R31Q,0.516"
X-1538,BHLHE41,79365.0,MutNovel,"L441P,0.304"
X-1538,BRWD3,254065.0,MutNovel,"R213C,0.400"
X-1538,BSCL2,26580.0,MutNovel,"R160H,0.483"
X-1538,BZRAP1,9256.0,MutNovel,"T1730A,1.000"
X-1538,C19orf33,64073.0,MutNovel,"K100-,0.622"
X-1538,CCDC66,285331.0,MutNovel,"S606SP,0.714"
X-1538,CD177,57126.0,MutNovel,"L117I,1.000"
X-1538,CD276,80381.0,MutNovel,"R329S,0.215"
X-1538,CDC42EP1,11135.0,MutNovel,"PAPAANPS253P,0.714"
X-1538,CDK18,5129.0,MutNovel,"R112T,0.667"
X-1538,CDKAL1,54901.0,MutNovel,"T377I,0.333"
X-1538,CEACAM3,1084.0,MutNovel,"G48V,0.267"
X-1538,CEACAM7,1087.0,MutNovel,"L187P,0.579"
X-1538,CEACAM7,1087.0,MutNovel,"T172V,0.350"
X-1538,CEACAM7,1087.0,MutNovel,"T172A,0.611"
X-1538,CEP192,55125.0,MutNovel,"G1750E,0.533"
X-1538,CHTF18,63922.0,MutNovel,"P266L,0.553"
X-1538,CIT,11113.0,MutNovel,"R1767W,0.436"
X-1538,CLIP1,6249.0,MutNovel,"P161L,0.625"
X-1538,COL16A1,1307.0,MutNovel,"R848C,0.556"
X-1538,CREG2,200407.0,MutNovel,"P96Q,0.500"
X-1538,CRIM1,51232.0,MutNovel,"P862L,0.443"
X-1538,CRIPAK,285464.0,MutNovel,"M153T,0.235"
X-1538,CRIPAK,285464.0,MutNovel,"P173R,0.225"
X-1538,CTSA,5476.0,MutNovel,"L29-,0.527"
X-1538,CUTC,51076.0,MutNovel,"R104H,0.467"
X-1538,DAK,26007.0,MutNovel,"R122L,0.549"
X-1538,DCAF8,50717.0,MutNovel,"E34K,0.678"
X-1538,DNAJB12,54788.0,MutNovel,"D354Y,0.460"
X-1538,DNASE1L1,1774.0,MutNovel,"R20C,0.539"
X-1538,DPH1,1801.0,MutNovel,"R238C,0.537"
X-1538,DYRK1B,9149.0,MutNovel,"D114Y,0.262"
X-1538,EDEM3,80267.0,MutNovel,"R796Q,0.364"
X-1538,EPM2A,7957.0,MutNovel,"Q55K,0.333"
X-1538,EPPK1,83481.0,MutNovel,"R2033Q,0.429"
X-1538,ERI2,112479.0,MutNovel,"L450S,0.412"
X-1538,EXD3,54932.0,MutNovel,"A664V,0.429"
X-1538,EZH1,2145.0,MutKnownFunctional,"-37?,0.375"
X-1538,FAHD2B,151313.0,MutNovel,"V52I,0.667"
X-1538,FAM120A,23196.0,MutNovel,"L365V,1.000"
X-1538,FAM170A,340069.0,Del0.8,0.51
X-1538,FAM175B,23172.0,MutNovel,"A142T,0.379"
X-1538,FAM40B,57464.0,MutNovel,"E41G,0.680"
X-1538,FBXL8,55336.0,MutNovel,"G105S,0.667"
X-1538,FCGBP,8857.0,MutNovel,"D3771N,0.278"
X-1538,FCGBP,8857.0,MutNovel,"R3526G,0.667"
X-1538,FCGBP,8857.0,MutNovel,"G3406A,0.828"
X-1538,FCGBP,8857.0,MutNovel,"A2568T,0.439"
X-1538,FCGBP,8857.0,MutNovel,"R2416H,0.512"
X-1538,FCGBP,8857.0,MutNovel,"R2325G,0.400"
X-1538,FCGBP,8857.0,MutNovel,"D2025N,0.375"
X-1538,FCGBP,8857.0,MutNovel,"R1916H,0.833"
X-1538,FCGBP,8857.0,MutNovel,"P1705L,1.000"
X-1538,FER,2241.0,Del0.8,0.48
X-1538,FLNA,2316.0,MutNovel,"E2313K,0.997"
X-1538,GIGYF2,26058.0,MutNovel,"PQ1231P,0.435"
X-1538,GNAS,2778.0,MutKnownFunctional,"R201C,0.385"
X-1538,GPRIN2,9721.0,MutNovel,"L360R,0.531"
X-1538,GRIPAP1,56850.0,MutNovel,"Q553K,0.504"
X-1538,HBS1L,10767.0,MutNovel,"R421C,0.667"
X-1538,HDHD3,81932.0,MutNovel,"L141P,1.000"
X-1538,HLA-G,3135.0,MutNovel,"A34T,1.000"
X-1538,HLA-G,3135.0,MutNovel,"M49V,1.000"
X-1538,HRCT1,646962.0,MutNovel,"P106H,1.000"
X-1538,HSD17B4,3295.0,Del0.8,0.36
X-1538,IL17RC,84818.0,MutNovel,"G596D,0.509"
X-1538,INO80E,283899.0,MutKnownFunctional,"-12?,0.512"
X-1538,IPO9,55705.0,MutNovel,"M283V,0.623"
X-1538,ITGAV,3685.0,Del0.8,0.79
X-1538,KDM6B,23135.0,MutNovel,"G659R,0.609"
X-1538,KIAA0947,23379.0,MutNovel,"K130T,0.733"
X-1538,KIAA0947,23379.0,MutNovel,"S634C,0.486"
X-1538,KRAS,3845.0,MutKnownFunctional,"G12V,0.588"
X-1538,KRT18,3875.0,MutNovel,"L245F,0.646"
X-1538,LIMD1,8994.0,MutNovel,"Q454R,0.426"
X-1538,LMNB2,84823.0,MutNovel,"A19T,0.673"
X-1538,LMO7,4008.0,MutKnownFunctional,"R246*,0.857"
X-1538,LOC100652741,,MutNovel,"A387V,0.380"
X-1538,LOC728888,,MutNovel,"P603R,0.333"
X-1538,LSR,51599.0,MutNovel,"G518GR,0.203"
X-1538,MADD,8567.0,MutNovel,"S741Y,0.533"
X-1538,MAN1A1,4121.0,MutNovel,"A190G,0.550"
X-1538,MAP3K10,4294.0,MutNovel,"A694V,0.362"
X-1538,MDC1,9656.0,MutNovel,"EV1831V,0.483"
X-1538,MDN1,23195.0,MutNovel,"EE4785E,0.438"
X-1538,MED16,10025.0,MutNovel,"D780G,0.211"
X-1538,MED31,51003.0,MutNovel,"M75T,0.579"
X-1538,MGRN1,23295.0,MutNovel,"R286Q,0.345"
X-1538,MKRN2,23609.0,MutNovel,"E103G,0.635"
X-1538,MLL2,8085.0,MutNovel,"L4069F,0.707"
X-1538,MLL3,58508.0,MutKnownFunctional,"-2842?,0.382"
X-1538,MPRIP,23164.0,MutNovel,"TS178T,0.239"
X-1538,MST1R,4486.0,MutNovel,"R983W,0.567"
X-1538,MTA1,9112.0,MutNovel,"P700-,0.462"
X-1538,MUC12,10071.0,MutNovel,"L324F,0.368"
X-1538,MUC12,10071.0,MutNovel,"S330L,0.333"
X-1538,MUC12,10071.0,MutNovel,"T340P,0.368"
X-1538,MUC12,10071.0,MutNovel,"T1066K,0.667"
X-1538,MUC12,10071.0,MutNovel,"R1165P,1.000"
X-1538,MUC12,10071.0,MutNovel,"A1235T,1.000"
X-1538,MUC12,10071.0,MutNovel,"D1348G,1.000"
X-1538,MUC12,10071.0,MutNovel,"L1735F,1.000"
X-1538,MUC12,10071.0,MutNovel,"LG1735FS,1.000"
X-1538,MUC12,10071.0,MutNovel,"S1741L,1.000"
X-1538,MUC12,10071.0,MutNovel,"T2707M,0.262"
X-1538,MUC12,10071.0,MutNovel,"T3456M,1.000"
X-1538,MUC12,10071.0,MutNovel,"T4071A,1.000"
X-1538,MUC12,10071.0,MutNovel,"T4363I,0.619"
X-1538,MUC12,10071.0,MutNovel,"T4391P,0.312"
X-1538,MUC12,10071.0,MutNovel,"L4568F,0.925"
X-1538,MUC2,4583.0,MutNovel,"T1648S,0.212"
X-1538,NBPF6,653149.0,MutNovel,"G517E,1.000"
X-1538,NCOR2,9612.0,MutNovel,"G1839GAAA,0.543"
X-1538,NQO2,4835.0,MutNovel,"S31T,0.447"
X-1538,NR2C2,7182.0,MutNovel,"R483Q,0.571"
X-1538,NXN,64359.0,MutNovel,"R262Q,0.357"
X-1538,ONECUT3,390874.0,MutKnownFunctional,"Q215*,1.000"
X-1538,OR2T10,127069.0,Amp5,5.66
X-1538,OR2T11,127077.0,Amp5,5.66
X-1538,OR2T34,127068.0,Amp5,5.66
X-1538,OR4F4,26682.0,Amp5,5.13
X-1538,OR52N1,79473.0,Del0.8,0.74
X-1538,OR52N5,390075.0,Del0.8,0.27
X-1538,ORAI1,84876.0,MutNovel,"PP43-,0.775"
X-1538,PABPC3,5042.0,MutKnownFunctional,"-239,1.000"
X-1538,PC,5091.0,MutNovel,"P492T,0.714"
X-1538,PCNXL3,399909.0,MutNovel,"A1640V,0.597"
X-1538,PCSK9,255738.0,MutNovel,"-15L,0.213"
X-1538,PDLIM5,10611.0,MutNovel,"R513W,1.000"
X-1538,PHLDA1,22822.0,MutNovel,"QQ194Q,0.551"
X-1538,PIGN,23556.0,MutNovel,"R785H,0.571"
X-1538,PIK3CA,5290.0,MutKnownFunctional,"E545K,0.455"
X-1538,PITPNM1,9600.0,MutNovel,"S1040T,0.496"
X-1538,PLEKHO2,80301.0,MutNovel,"E2D,1.000"
X-1538,PLXND1,23129.0,MutNovel,"A1648V,0.385"
X-1538,POT1,25913.0,MutNovel,"S38R,0.370"
X-1538,PPP1R12C,54776.0,MutNovel,"A44D,0.667"
X-1538,PPP2R1A,5518.0,MutNovel,"K468N,0.234"
X-1538,PPP2R3B,28227.0,MutNovel,"R268W,0.368"
X-1538,PRKCZ,5590.0,MutNovel,"G259E,0.459"
X-1538,PROSAPIP1,,MutNovel,"A562T,0.850"
X-1538,PRSS1,5644.0,MutNovel,"N54S,0.300"
X-1538,PVRL3,25945.0,MutNovel,"Q458L,0.850"
X-1538,QPCTL,54814.0,MutNovel,"R241W,0.764"
X-1538,REST,5978.0,MutNovel,"I747M,0.526"
X-1538,RIF1,55183.0,MutNovel,"E2023K,0.634"
X-1538,RIN3,79890.0,MutNovel,"G967-,0.562"
X-1538,RNF19B,127544.0,MutNovel,"Q62P,1.000"
X-1538,RYK,6259.0,MutNovel,"A226P,0.514"
X-1538,RYK,6259.0,MutNovel,"A50V,0.667"
X-1538,SDR39U1,56948.0,MutKnownFunctional,"-181,0.270"
X-1538,SEMA4G,57715.0,MutNovel,"H575Y,0.470"
X-1538,SERINC2,347735.0,MutNovel,"-373Q,0.734"
X-1538,SHROOM1,134549.0,MutNovel,"R84W,0.311"
X-1538,SIPA1L1,26037.0,MutNovel,"G857E,0.517"
X-1538,SIPA1L3,23094.0,MutNovel,"R325Q,0.455"
X-1538,SLC16A11,162515.0,MutNovel,"R105H,0.417"
X-1538,SLC50A1,55974.0,MutKnownFunctional,"-62,0.388"
X-1538,SMG6,23293.0,MutNovel,"P548L,0.474"
X-1538,SNRNP70,6625.0,MutNovel,"PDG337-,0.205"
X-1538,SPRR2F,6705.0,MutNovel,"P38S,1.000"
X-1538,SRPX,8406.0,MutKnownFunctional,"Q117*,1.000"
X-1538,STRN4,29888.0,MutNovel,"V414I,0.479"
X-1538,SUCLG2,8801.0,MutNovel,"N415K,0.500"
X-1538,SUMF2,25870.0,MutNovel,"V253M,0.251"
X-1538,TAF4,6874.0,MutNovel,"P651A,0.361"
X-1538,TIPARP,25976.0,MutKnownFunctional,"-401?,0.380"
X-1538,TLK2,11011.0,MutNovel,"R262Q,0.316"
X-1538,TMEM131,23505.0,MutNovel,"R1334H,0.411"
X-1538,TMEM184A,202915.0,MutNovel,"G392GA,0.338"
X-1538,TMEM223,79064.0,MutNovel,"A3-,0.500"
X-1538,TMTC4,84899.0,MutNovel,"M360V,0.696"
X-1538,TNS3,64759.0,MutNovel,"T1242A,0.362"
X-1538,TSC2,7249.0,MutNovel,"P94L,0.643"
X-1538,TSC22D1,8848.0,MutNovel,"S126R,0.354"
X-1538,TSPYL1,7259.0,MutNovel,"V176VW,0.392"
X-1538,TTLL5,23093.0,MutNovel,"A749G,0.277"
X-1538,UGT2B10,7365.0,MutNovel,"R250G,1.000"
X-1538,UTY,7404.0,MutNovel,"DP1057EI,0.333"
X-1538,UTY,7404.0,MutNovel,"WD1056SY,0.333"
X-1538,UTY,7404.0,MutNovel,"N1055G,0.333"
X-1538,UTY,7404.0,MutKnownFunctional,"DE1053C*,0.333"
X-1538,UTY,7404.0,MutNovel,"P1051W,0.600"
X-1538,UTY,7404.0,MutNovel,"LQ1049HT,0.500"
X-1538,UTY,7404.0,MutNovel,"LL1048SM,0.667"
X-1538,UTY,7404.0,MutNovel,"Q1047F,0.500"
X-1538,UTY,7404.0,MutKnownFunctional,"RT1045T*,0.400"
X-1538,UTY,7404.0,MutNovel,"P1010L,0.750"
X-1538,UTY,7404.0,MutNovel,"K1008P,0.667"
X-1538,UTY,7404.0,MutNovel,"NP1006TI,0.667"
X-1538,UTY,7404.0,MutNovel,"S955Q,0.400"
X-1538,UTY,7404.0,MutNovel,"N954T,0.400"
X-1538,UTY,7404.0,MutNovel,"T594K,0.214"
X-1538,UTY,7404.0,MutNovel,"AL592GR,0.214"
X-1538,UTY,7404.0,MutKnownFunctional,"GA591*S,0.267"
X-1538,UTY,7404.0,MutNovel,"H590T,0.267"
X-1538,UTY,7404.0,MutNovel,"QP588LR,0.333"
X-1538,UTY,7404.0,MutNovel,"RQ587FE,0.286"
X-1538,UTY,7404.0,MutNovel,"N586L,0.286"
X-1538,UTY,7404.0,MutNovel,"S585V,0.286"
X-1538,UTY,7404.0,MutNovel,"AV341ES,0.250"
X-1538,UTY,7404.0,MutKnownFunctional,"CA340*T,0.250"
X-1538,UTY,7404.0,MutKnownFunctional,"A337*,0.333"
X-1538,UTY,7404.0,MutNovel,"D333E,0.667"
X-1538,UTY,7404.0,MutNovel,"D333G,0.667"
X-1538,UTY,7404.0,MutNovel,"P331R,0.667"
X-1538,UTY,7404.0,MutNovel,"P331R,0.800"
X-1538,UTY,7404.0,MutNovel,"Y325K,0.750"
X-1538,UTY,7404.0,MutNovel,"L324V,0.750"
X-1538,UTY,7404.0,MutNovel,"S320T,0.600"
X-1538,UTY,7404.0,MutKnownFunctional,"CS319*T,0.600"
X-1538,UTY,7404.0,MutKnownFunctional,"C319*,0.286"
X-1538,UTY,7404.0,MutKnownFunctional,"C319*,0.286"
X-1538,UTY,7404.0,MutNovel,"D316P,0.375"
X-1538,UTY,7404.0,MutNovel,"D316H,0.857"
X-1538,UTY,7404.0,MutNovel,"A313I,0.625"
X-1538,UTY,7404.0,MutNovel,"EA312DT,0.750"
X-1538,UTY,7404.0,MutNovel,"E312I,1.000"
X-1538,UTY,7404.0,MutNovel,"E312I,1.000"
X-1538,UTY,7404.0,MutNovel,"S311K,1.000"
X-1538,UTY,7404.0,MutKnownFunctional,"K310*,1.000"
X-1538,UTY,7404.0,MutKnownFunctional,"DK309E*,1.000"
X-1538,UTY,7404.0,MutNovel,"AI266VV,1.000"
X-1538,UTY,7404.0,MutNovel,"SY264IR,1.000"
X-1538,UTY,7404.0,MutNovel,"E263F,1.000"
X-1538,UTY,7404.0,MutNovel,"KA259TS,1.000"
X-1538,UTY,7404.0,MutNovel,"VG256HR,1.000"
X-1538,UTY,7404.0,MutNovel,"D254I,1.000"
X-1538,UTY,7404.0,MutNovel,"HH250LV,1.000"
X-1538,UTY,7404.0,MutNovel,"MH249GN,1.000"
X-1538,UTY,7404.0,MutNovel,"W248T,1.000"
X-1538,UTY,7404.0,MutNovel,"G247V,1.000"
X-1538,UTY,7404.0,MutNovel,"Q245V,0.667"
X-1538,UTY,7404.0,MutNovel,"QQ244ME,1.000"
X-1538,UTY,7404.0,MutNovel,"L243R,0.667"
X-1538,UTY,7404.0,MutNovel,"AT240EH,1.000"
X-1538,UTY,7404.0,MutNovel,"A240P,1.000"
X-1538,UTY,7404.0,MutNovel,"A236V,1.000"
X-1538,UTY,7404.0,MutNovel,"A149S,0.400"
X-1538,VPS13C,54832.0,MutNovel,"Q195K,1.000"
X-1538,VPS4A,27183.0,MutNovel,"A135T,0.344"
X-1538,YME1L1,10730.0,MutNovel,"R639K,0.330"
X-1538,ZBTB7A,51341.0,MutNovel,"I386M,0.326"
X-1538,ZC3H15,55854.0,Del0.8,0.36
X-1538,ZDHHC8,29801.0,MutNovel,"T459M,0.607"
X-1538,ZNF142,7701.0,MutNovel,"R1373Q,0.429"
X-1538,ZNF184,7738.0,MutNovel,"S542N,0.409"
X-1538,ZNF266,10781.0,MutKnownFunctional,"R344*,0.607"
X-1538,ZNF318,24149.0,MutNovel,"D319N,0.394"
X-1538,ZNF320,162967.0,MutNovel,"F97L,0.353"
X-1538,ZNF670,93474.0,MutNovel,"R329S,0.333"
X-1538,ZNF784,147808.0,MutNovel,"E180K,0.385"
X-1538,ZNF814,730051.0,MutNovel,"F669S,0.222"
X-1855,ABCC6,368.0,MutNovel,"L53F,0.500"
X-1855,ADAM18,8749.0,Del0.8,0.77
X-1855,ADAM2,2515.0,Del0.8,0.77
X-1855,ADAM32,203102.0,Del0.8,0.77
X-1855,ADAM3A,1587.0,Del0.8,0.77
X-1855,ADAM5P,255926.0,Del0.8,0.77
X-1855,ADAM9,8754.0,Del0.8,0.77
X-1855,ADRB3,155.0,Del0.8,0.78
X-1855,AGPAT5,55326.0,Del0.8,0.79
X-1855,AGPAT6,137964.0,Del0.8,0.77
X-1855,ALOX12,239.0,MutNovel,"L407H,0.500"
X-1855,AMELY,266.0,Del0.8,0.17
X-1855,ANGPT2,285.0,Del0.8,0.79
X-1855,ANKRD1,27063.0,Del0.8,0.74
X-1855,ASH2L,9070.0,Del0.8,0.78
X-1855,ATG2B,55102.0,MutNovel,"R1547L,0.333"
X-1855,ATP6V0B,533.0,Del0.8,0.77
X-1855,B4GALT2,8704.0,Del0.8,0.77
X-1855,BAG4,9530.0,Del0.8,0.78
X-1855,BCORP1,286554.0,Del0.8,0.17
X-1855,BLK,640.0,Del0.8,0.8
X-1855,BPY2B,442867.0,Del0.8,0.17
X-1855,BPY2B,442867.0,Del0.8,0.17
X-1855,BRAF,673.0,MutNovel,"D287H,1.000"
X-1855,BRD9,65980.0,MutNovel,"R77H,0.243"
X-1855,BRF2,55290.0,Del0.8,0.78
X-1855,C12orf28,,MutNovel,"P793L,0.333"
X-1855,C12orf59,120939.0,Del0.8,0.76
X-1855,C14orf79,122616.0,MutNovel,"R4Q,1.000"
X-1855,C14orf80,283643.0,MutNovel,"A49E,0.222"
X-1855,C8orf12,83656.0,Del0.8,0.8
X-1855,C8orf4,56892.0,Del0.8,0.77
X-1855,C8orf48,157773.0,Del0.8,0.78
X-1855,C8orf74,203076.0,Del0.8,0.8
X-1855,C8orf86,389649.0,Del0.8,0.77
X-1855,CCDC24,149473.0,Del0.8,0.77
X-1855,CD69,969.0,Del0.8,0.76
X-1855,CDK16,5127.0,MutNovel,"R131H,0.294"
X-1855,CDY1B,253175.0,Del0.8,0.17
X-1855,CDY1B,253175.0,Del0.8,0.17
X-1855,CDY2A,9426.0,Del0.8,0.17
X-1855,CDY2A,9426.0,Del0.8,0.17
X-1855,CDY2B,203611.0,Del0.8,0.17
X-1855,CDY2B,203611.0,Del0.8,0.17
X-1855,CLEC12A,160364.0,Del0.8,0.76
X-1855,CLEC12B,387837.0,Del0.8,0.76
X-1855,CLEC1A,51267.0,Del0.8,0.76
X-1855,CLEC1B,51266.0,Del0.8,0.76
X-1855,CLEC2A,387836.0,Del0.8,0.76
X-1855,CLEC2B,9976.0,Del0.8,0.76
X-1855,CLEC2D,29121.0,Del0.8,0.76
X-1855,CLEC7A,64581.0,Del0.8,0.76
X-1855,CLEC9A,283420.0,Del0.8,0.76
X-1855,CLECL1,160365.0,Del0.8,0.76
X-1855,CLN8,2055.0,MutNovel,"N259S,1.000"
X-1855,CRIPAK,285464.0,MutNovel,"V100M,0.750"
X-1855,CRIPAK,285464.0,MutNovel,"A240T,0.667"
X-1855,CRTC1,23373.0,MutNovel,"N300K,0.619"
X-1855,CSDA,8531.0,Del0.8,0.76
X-1855,CSMD1,64478.0,Del0.8,0.77
X-1855,CSPG4P1Y,114758.0,Del0.8,0.17
X-1855,CSPG4P1Y,114758.0,Del0.8,0.17
X-1855,CTSA,5476.0,MutNovel,"L29-,0.308"
X-1855,CTSB,1508.0,Del0.8,0.8
X-1855,DAZ1,1617.0,Del0.8,0.17
X-1855,DAZ2,57055.0,Del0.8,0.17
X-1855,DAZ3,57054.0,Del0.8,0.17
X-1855,DAZ3,57054.0,Del0.8,0.17
X-1855,DAZ4,57135.0,Del0.8,0.17
X-1855,DAZ4,57135.0,Del0.8,0.17
X-1855,DCAF8,50717.0,MutNovel,"N407S,0.438"
X-1855,DCTN6,10671.0,Del0.8,0.78
X-1855,DDHD2,23259.0,Del0.8,0.78
X-1855,DDT,1652.0,Del0.8,0.79
X-1855,DDTL,100037417.0,Del0.8,0.79
X-1855,DDX12P,440081.0,Del0.8,0.69
X-1855,DDX3Y,8653.0,Del0.8,0.17
X-1855,DEFA10P,449493.0,Del0.8,0.76
X-1855,DEFA1B,728358.0,Del0.8,0.76
X-1855,DEFA4,1669.0,Del0.8,0.76
X-1855,DEFA5,1670.0,Del0.8,0.76
X-1855,DEFA6,1671.0,Del0.8,0.76
X-1855,DEFB1,1672.0,Del0.8,0.61
X-1855,DEFB134,613211.0,Del0.8,0.8
X-1855,DEFB135,613209.0,Del0.8,0.8
X-1855,DEFB136,613210.0,Del0.8,0.8
X-1855,DEFT1P,170949.0,Del0.8,0.76
X-1855,DIAPH2,1730.0,MutNovel,"N733K,1.000"
X-1855,DLC1,10395.0,Del0.8,0.78
X-1855,DPH2,1802.0,Del0.8,0.77
X-1855,DUSP26,78986.0,Del0.8,0.78
X-1855,DUSP4,1846.0,Del0.8,0.78
X-1855,EDAR,10913.0,MutNovel,"S402N,0.545"
X-1855,EIF1AY,9086.0,Del0.8,0.17
X-1855,EIF1B,10289.0,Amp5,5.13
X-1855,EIF4EBP1,1978.0,Del0.8,0.78
X-1855,ENTPD3,956.0,Amp5,5.13
X-1855,ENTPD3-AS1,285266.0,Amp5,5.13
X-1855,EPPK1,83481.0,MutNovel,"V1910L,0.667"
X-1855,ERI1,90459.0,Del0.8,0.8
X-1855,ERLIN2,11160.0,Del0.8,0.78
X-1855,EXTL3,2137.0,Del0.8,0.78
X-1855,FAHD2A,51011.0,MutNovel,"G184S,0.560"
X-1855,FAM167A,83648.0,Del0.8,0.8
X-1855,FAM197Y2P,252946.0,Del0.8,0.17
X-1855,FAM41AY1,340618.0,Del0.8,0.17
X-1855,FAM41AY1,340618.0,Del0.8,0.17
X-1855,FAM72B,653820.0,MutNovel,"P94L,1.000"
X-1855,FAS,355.0,MutKnownFunctional,"-133?,0.259"
X-1855,FCGBP,8857.0,MutNovel,"N4355T,0.515"
X-1855,FDFT1,2222.0,Del0.8,0.8
X-1855,FLJ33065,440952.0,Amp5,5.13
X-1855,FLJ37201,283011.0,Del0.8,0.74
X-1855,FUT10,84750.0,Del0.8,0.78
X-1855,GABARAPL1,23710.0,Del0.8,0.76
X-1855,GATA4,2626.0,Del0.8,0.8
X-1855,GDI1,2664.0,MutNovel,"R208H,1.000"
X-1855,GFOD1,54438.0,MutNovel,"H208Y,0.733"
X-1855,GINS4,84296.0,Del0.8,0.77
X-1855,GOLGA2P2Y,84559.0,Del0.8,0.17
X-1855,GOLGA2P2Y,84559.0,Del0.8,0.17
X-1855,GOLGA7,51125.0,Del0.8,0.77
X-1855,GOT1L1,137362.0,Del0.8,0.78
X-1855,GPR124,25960.0,Del0.8,0.78
X-1855,GSR,2936.0,Del0.8,0.78
X-1855,GSTM1,2944.0,Del0.8,0.46
X-1855,GSTT2,2953.0,Del0.8,0.79
X-1855,GSTT2,2953.0,Del0.8,0.79
X-1855,GTF2E2,2961.0,Del0.8,0.78
X-1855,GYG2P1,352887.0,Del0.8,0.17
X-1855,HAGHL,84264.0,MutNovel,"L275I,0.619"
X-1855,HEY1,23462.0,Del0.8,0.74
X-1855,HIP1,3092.0,MutNovel,"H97Q,1.000"
X-1855,HIPK3,10114.0,MutNovel,"I109L,1.000"
X-1855,HIVEP1,3096.0,MutNovel,"L1780V,1.000"
X-1855,HLA-G,3135.0,MutNovel,"V76K,1.000"
X-1855,HMBOX1,79618.0,Del0.8,0.78
X-1855,HSFY2,159119.0,Del0.8,0.17
X-1855,HSFY2,159119.0,Del0.8,0.17
X-1855,HTR7,3363.0,Del0.8,0.74
X-1855,HTRA4,203100.0,Del0.8,0.77
X-1855,HYLS1,219844.0,MutNovel,"E80K,0.400"
X-1855,IDO1,3620.0,Del0.8,0.77
X-1855,IDO2,169355.0,Del0.8,0.77
X-1855,IFIT1,3434.0,Del0.8,0.74
X-1855,IFIT1B,439996.0,Del0.8,0.74
X-1855,IFIT5,24138.0,Del0.8,0.74
X-1855,IGSF3,3321.0,MutNovel,"D254N,1.000"
X-1855,IL7,3574.0,Del0.8,0.74
X-1855,IMPAD1,54928.0,MutNovel,"G333R,0.510"
X-1855,INTS9,55756.0,Del0.8,0.78
X-1855,KCNU1,157855.0,Del0.8,0.78
X-1855,KCNV1,27012.0,Del0.8,0.77
X-1855,KDM5D,8284.0,Del0.8,0.17
X-1855,KIAA1456,57604.0,Del0.8,0.78
X-1855,KIAA1462,57608.0,Del0.8,0.76
X-1855,KIF13B,23303.0,Del0.8,0.78
X-1855,KIF20B,9585.0,Del0.8,0.74
X-1855,KLRAP1,10748.0,Del0.8,0.76
X-1855,KLRB1,3820.0,Del0.8,0.76
X-1855,KLRC1,3821.0,Del0.8,0.76
X-1855,KLRC2,3822.0,Del0.8,0.76
X-1855,KLRC3,3823.0,Del0.8,0.76
X-1855,KLRC4,8302.0,Del0.8,0.76
X-1855,KLRC4-KLRK1,100528032.0,Del0.8,0.76
X-1855,KLRD1,3824.0,Del0.8,0.76
X-1855,KLRF1,51348.0,Del0.8,0.76
X-1855,KLRF2,100431172.0,Del0.8,0.76
X-1855,KLRK1,22914.0,Del0.8,0.76
X-1855,KRAS,3845.0,MutKnownFunctional,"G12V,0.750"
X-1855,LEPROTL1,23484.0,Del0.8,0.78
X-1855,LETM2,137994.0,Del0.8,0.78
X-1855,LINC00208,83655.0,Del0.8,0.8
X-1855,LOC100132247,100132247.0,MutNovel,"V1045A,0.571"
X-1855,LOC100287015,100287015.0,Del0.8,0.79
X-1855,LOC100507341,100507341.0,Del0.8,0.78
X-1855,LOC100652791,100652791.0,Del0.8,0.79
X-1855,LOC157273,157273.0,Del0.8,0.8
X-1855,LOC286135,286135.0,Del0.8,0.78
X-1855,LOC338817,338817.0,Del0.8,0.76
X-1855,LOC340357,340357.0,Del0.8,0.78
X-1855,LOC374443,374443.0,Del0.8,0.76
X-1855,LOC387647,387647.0,Del0.8,0.76
X-1855,LOC440292,,MutNovel,"K190E,1.000"
X-1855,LOC440292,,MutNovel,"W145R,1.000"
X-1855,LOC643529,643529.0,Del0.8,0.74
X-1855,LOC728024,728024.0,Del0.8,0.78
X-1855,LONRF1,91694.0,Del0.8,0.78
X-1855,LOXL2,4017.0,Del0.8,0.66
X-1855,LRRC26,389816.0,MutKnownFunctional,"-119?,0.714"
X-1855,LSM1,27257.0,Del0.8,0.78
X-1855,LSR,51599.0,MutNovel,"G518GR,0.535"
X-1855,LYPD6,130574.0,MutNovel,"I159V,1.000"
X-1855,LYZL2,119180.0,Del0.8,0.76
X-1855,MAGOHB,55110.0,Del0.8,0.76
X-1855,MAK16,84549.0,Del0.8,0.78
X-1855,MAP3K8,1326.0,Del0.8,0.76
X-1855,MBOAT4,619373.0,Del0.8,0.78
X-1855,MCM3,4172.0,MutNovel,"E31K,0.412"
X-1855,MCPH1,79648.0,Del0.8,0.79
X-1855,MEX3D,399664.0,MutNovel,"G509R,1.000"
X-1855,MFHAS1,9258.0,Del0.8,0.66
X-1855,MIR107,406901.0,Del0.8,0.74
X-1855,MIR124-1,406907.0,Del0.8,0.8
X-1855,MIR1322,100302166.0,Del0.8,0.8
X-1855,MIR3148,100422876.0,Del0.8,0.78
X-1855,MIR383,494332.0,Del0.8,0.78
X-1855,MIR3926-1,100500870.0,Del0.8,0.78
X-1855,MIR3926-2,100500838.0,Del0.8,0.78
X-1855,MIR4659A,100616348.0,Del0.8,0.79
X-1855,MIR4659B,100616372.0,Del0.8,0.79
X-1855,MIR4660,100616350.0,Del0.8,0.8
X-1855,MIR486,619554.0,Del0.8,0.77
X-1855,MIR548O2,100616190.0,Del0.8,0.78
X-1855,MIR597,693182.0,Del0.8,0.8
X-1855,MIR598,693183.0,Del0.8,0.8
X-1855,MIR604,693189.0,Del0.8,0.76
X-1855,MIR938,100126327.0,Del0.8,0.76
X-1855,MOV10,4343.0,MutNovel,"G25V,0.450"
X-1855,MRPS28,28957.0,Del0.8,0.74
X-1855,MSR1,4481.0,Del0.8,0.78
X-1855,MSRA,4482.0,Del0.8,0.8
X-1855,MTMR9,66036.0,Del0.8,0.8
X-1855,MTPAP,55149.0,Del0.8,0.76
X-1855,MUC12,10071.0,MutNovel,"L324F,0.500"
X-1855,MUC12,10071.0,MutNovel,"S330L,0.333"
X-1855,MUC12,10071.0,MutNovel,"T340P,0.357"
X-1855,MUC12,10071.0,MutNovel,"R855H,1.000"
X-1855,MUC12,10071.0,MutNovel,"L1735F,1.000"
X-1855,MUC12,10071.0,MutNovel,"S1741L,1.000"
X-1855,MUC12,10071.0,MutNovel,"H3228R,0.212"
X-1855,MUC12,10071.0,MutNovel,"N4290H,0.750"
X-1855,MUC12,10071.0,MutNovel,"T4363I,0.444"
X-1855,MUC12,10071.0,MutNovel,"T4391P,0.727"
X-1855,MUC12,10071.0,MutNovel,"A4451P,0.500"
X-1855,MUC12,10071.0,MutNovel,"L4568F,1.000"
X-1855,MUC12,10071.0,MutNovel,"E4601G,0.481"
X-1855,MUC12,10071.0,MutNovel,"T4603M,0.462"
X-1855,MUC4,4585.0,MutNovel,"SS2373RP,1.000"
X-1855,MYBL2,4605.0,MutNovel,"K31M,0.244"
X-1855,MYRIP,25924.0,Amp5,5.13
X-1855,NBAS,51594.0,MutNovel,"D2098G,0.625"
X-1855,NCRNA00185,55410.0,Del0.8,0.17
X-1855,NEIL2,252969.0,Del0.8,0.8
X-1855,NEUROG2,63973.0,Del0.8,0.74
X-1855,NKX6-3,157848.0,Del0.8,0.77
X-1855,NLGN4Y,22829.0,Del0.8,0.17
X-1855,NOTCH2,4853.0,MutNovel,"G929V,1.000"
X-1855,NPIPL2,,MutNovel,"W283R,1.000"
X-1855,NRG1,3084.0,Del0.8,0.78
X-1855,NT5DC1,221294.0,MutNovel,"V142L,0.205"
X-1855,NUDT9P1,119369.0,Del0.8,0.74
X-1855,OLR1,4973.0,Del0.8,0.76
X-1855,PANK1,53354.0,Del0.8,0.74
X-1855,PCDH11Y,83259.0,Del0.8,0.3
X-1855,PCGF5,84333.0,Del0.8,0.74
X-1855,PCYT1A,5130.0,MutNovel,"R132H,0.256"
X-1855,PDSS1,23590.0,MutKnownFunctional,"R137*,0.471"
X-1855,PDZD8,118987.0,MutNovel,"V920A,0.308"
X-1855,PEX2,5828.0,Del0.8,0.75
X-1855,PFKFB3,5209.0,MutNovel,"I51M,0.579"
X-1855,PHGR1,644844.0,MutNovel,"G48R,0.721"
X-1855,PHGR1,644844.0,MutNovel,"G48H,0.721"
X-1855,PINX1,54984.0,Del0.8,0.8
X-1855,PKIA,5569.0,Del0.8,0.74
X-1855,PLEKHA2,59339.0,Del0.8,0.77
X-1855,POLD2,5425.0,MutNovel,"G243R,0.633"
X-1855,PPAPDC1B,84513.0,Del0.8,0.78
X-1855,PPP1R3B,79660.0,Del0.8,0.8
X-1855,PPP1R3C,5507.0,Del0.8,0.71
X-1855,PPP2CB,5516.0,Del0.8,0.78
X-1855,PPYR1,5540.0,MutNovel,"A196T,0.500"
X-1855,PRB1,5542.0,Del0.8,0.76
X-1855,PRB2,653247.0,Del0.8,0.76
X-1855,PRB3,5544.0,Del0.8,0.76
X-1855,PRB4,5545.0,Del0.8,0.76
X-1855,PRDX1,5052.0,MutNovel,"P45R,0.999"
X-1855,PRH1,5554.0,Del0.8,0.76
X-1855,PRH1-PRR4,100533464.0,Del0.8,0.65
X-1855,PRH2,5555.0,Del0.8,0.76
X-1855,PRKY,5616.0,Del0.8,0.17
X-1855,PROSC,11212.0,Del0.8,0.78
X-1855,PRR4,11272.0,Del0.8,0.76
X-1855,PRSS55,203074.0,Del0.8,0.8
X-1855,PRY,9081.0,Del0.8,0.17
X-1855,PRY,9081.0,Del0.8,0.17
X-1855,PRY2,442862.0,Del0.8,0.17
X-1855,PRY2,442862.0,Del0.8,0.17
X-1855,PTK2B,2185.0,Del0.8,0.7
X-1855,PURG,29942.0,Del0.8,0.78
X-1855,QRFPR,84109.0,Del0.8,0.71
X-1855,RAB11FIP1,80223.0,Del0.8,0.78
X-1855,RAD50,10111.0,MutNovel,"I1293S,0.885"
X-1855,RBBP6,5930.0,MutNovel,"S1500C,0.710"
X-1855,RBMY1A3P,286557.0,Del0.8,0.17
X-1855,RBMY1B,378948.0,Del0.8,0.17
X-1855,RBMY1B,378948.0,Del0.8,0.17
X-1855,RBMY1E,378950.0,Del0.8,0.17
X-1855,RBMY1E,378950.0,Del0.8,0.17
X-1855,RBMY1F,159163.0,Del0.8,0.17
X-1855,RBMY1F,159163.0,Del0.8,0.17
X-1855,RBMY1J,378951.0,Del0.8,0.17
X-1855,RBMY1J,378951.0,Del0.8,0.17
X-1855,RBMY2EP,159125.0,Del0.8,0.17
X-1855,RBMY2FP,159162.0,Del0.8,0.17
X-1855,RBMY3AP,64593.0,Del0.8,0.17
X-1855,RBPMS,11030.0,Del0.8,0.78
X-1855,RFPL4A,342931.0,Del0.8,0.58
X-1855,RIPK1,8737.0,MutNovel,"A569V,1.000"
X-1855,RNF122,79845.0,Del0.8,0.78
X-1855,RNF38,152006.0,MutNovel,"R115G,0.235"
X-1855,RNF5P1,286140.0,Del0.8,0.77
X-1855,RP1L1,94137.0,Del0.8,0.8
X-1855,RPL14,9045.0,Amp5,5.13
X-1855,RPP30,10556.0,Del0.8,0.74
X-1855,RPRM,56475.0,Del0.8,0.7
X-1855,RPS4Y1,6192.0,Del0.8,0.18
X-1855,RPS4Y2,140032.0,Del0.8,0.17
X-1855,SCAPER,49855.0,Del0.8,0.68
X-1855,SCYL1,57410.0,MutNovel,"E780K,0.253"
X-1855,SEC62,7095.0,MutNovel,"R339W,0.507"
X-1855,SERINC2,347735.0,MutNovel,"-373Q,0.649"
X-1855,SFRP1,6422.0,Del0.8,0.77
X-1855,SGCZ,137868.0,Del0.8,0.78
X-1855,SLC16A12,387700.0,Del0.8,0.74
X-1855,SLC17A9,63910.0,MutNovel,"L235V,0.778"
X-1855,SLC35G5,83650.0,Del0.8,0.8
X-1855,SMAD2,4087.0,MutNovel,"T413P,0.987"
X-1855,SMC6,79677.0,MutNovel,"D222Y,0.643"
X-1855,SOX7,83595.0,Del0.8,0.8
X-1855,SRY,6736.0,Del0.8,0.18
X-1855,STAR,6770.0,Del0.8,0.78
X-1855,STMN2,11075.0,Del0.8,0.74
X-1855,STYK1,55359.0,Del0.8,0.76
X-1855,SVIL,6840.0,Del0.8,0.76
X-1855,TACC1,6867.0,Del0.8,0.77
X-1855,TARS,6897.0,MutNovel,"Y208H,0.374"
X-1855,TAS2R10,50839.0,Del0.8,0.76
X-1855,TAS2R13,50838.0,Del0.8,0.76
X-1855,TAS2R14,50840.0,Del0.8,0.76
X-1855,TAS2R19,259294.0,Del0.8,0.76
X-1855,TAS2R20,259295.0,Del0.8,0.76
X-1855,TAS2R30,259293.0,Del0.8,0.76
X-1855,TAS2R31,259290.0,Del0.8,0.76
X-1855,TAS2R42,353164.0,Del0.8,0.76
X-1855,TAS2R43,259289.0,Del0.8,0.46
X-1855,TAS2R46,259292.0,Del0.8,0.76
X-1855,TAS2R50,259296.0,Del0.8,0.76
X-1855,TAS2R7,50837.0,Del0.8,0.76
X-1855,TAS2R8,50836.0,Del0.8,0.76
X-1855,TAS2R9,50835.0,Del0.8,0.76
X-1855,TBL1Y,90665.0,Del0.8,0.17
X-1855,TBRG4,9238.0,MutKnownFunctional,"-11,0.607"
X-1855,TCIRG1,10312.0,MutNovel,"A214D,0.467"
X-1855,TDH,157739.0,Del0.8,0.8
X-1855,TEX15,56154.0,Del0.8,0.78
X-1855,TFAP2A,7020.0,MutNovel,"I272T,1.000"
X-1855,TGIF2LY,90655.0,Del0.8,0.3
X-1855,THNSL2,55258.0,MutNovel,"P209A,0.876"
X-1855,TM2D2,83877.0,Del0.8,0.77
X-1855,TMEM66,51669.0,Del0.8,0.78
X-1855,TMSB4Y,9087.0,Del0.8,0.17
X-1855,TNKS,8658.0,Del0.8,0.8
X-1855,TP53,7157.0,MutNovel,"E286Q,1.000"
X-1855,TPR,7175.0,MutNovel,"L1307I,0.211"
X-1855,TPR,7175.0,MutNovel,"G347V,0.429"
X-1855,TSPY1,7258.0,Del0.8,0.17
X-1855,TSPY2,64591.0,Del0.8,0.17
X-1855,TSPY3,728137.0,Del0.8,0.17
X-1855,TSPY4,728395.0,Del0.8,0.17
X-1855,TSPY8,728403.0,Del0.8,0.17
X-1855,TSPYL1,7259.0,MutNovel,"V176VW,0.778"
X-1855,TTI2,80185.0,Del0.8,0.78
X-1855,TTTY10,246119.0,Del0.8,0.17
X-1855,TTTY11,83866.0,Del0.8,0.17
X-1855,TTTY12,83867.0,Del0.8,0.17
X-1855,TTTY13,83868.0,Del0.8,0.17
X-1855,TTTY14,83869.0,Del0.8,0.17
X-1855,TTTY15,64595.0,Del0.8,0.17
X-1855,TTTY16,252948.0,Del0.8,0.17
X-1855,TTTY17A,252949.0,Del0.8,0.17
X-1855,TTTY17A,252949.0,Del0.8,0.17
X-1855,TTTY18,252950.0,Del0.8,0.17
X-1855,TTTY19,252952.0,Del0.8,0.17
X-1855,TTTY1B,100101116.0,Del0.8,0.17
X-1855,TTTY1B,100101116.0,Del0.8,0.17
X-1855,TTTY2,60439.0,Del0.8,0.17
X-1855,TTTY2,60439.0,Del0.8,0.17
X-1855,TTTY20,252951.0,Del0.8,0.17
X-1855,TTTY21,252953.0,Del0.8,0.17
X-1855,TTTY21,252953.0,Del0.8,0.17
X-1855,TTTY22,252954.0,Del0.8,0.17
X-1855,TTTY23,252955.0,Del0.8,0.17
X-1855,TTTY23,252955.0,Del0.8,0.17
X-1855,TTTY3,114760.0,Del0.8,0.17
X-1855,TTTY3,114760.0,Del0.8,0.17
X-1855,TTTY4,114761.0,Del0.8,0.17
X-1855,TTTY4,114761.0,Del0.8,0.17
X-1855,TTTY5,83863.0,Del0.8,0.17
X-1855,TTTY6,84672.0,Del0.8,0.17
X-1855,TTTY6,84672.0,Del0.8,0.17
X-1855,TTTY7,246122.0,Del0.8,0.17
X-1855,TTTY7,246122.0,Del0.8,0.17
X-1855,TTTY7B,100101120.0,Del0.8,0.17
X-1855,TTTY7B,100101120.0,Del0.8,0.17
X-1855,TTTY8,84673.0,Del0.8,0.17
X-1855,TTTY8,84673.0,Del0.8,0.17
X-1855,TTTY9A,83864.0,Del0.8,0.17
X-1855,TTTY9A,83864.0,Del0.8,0.17
X-1855,TUBGCP3,10426.0,MutNovel,"A188G,1.000"
X-1855,TUSC3,7991.0,Del0.8,0.78
X-1855,TXLNG2P,246126.0,Del0.8,0.17
X-1855,UBQLN2,29978.0,MutNovel,"I102V,1.000"
X-1855,UBXN11,91544.0,MutNovel,"P503PVP,0.857"
X-1855,UBXN8,7993.0,Del0.8,0.78
X-1855,UMPS,7372.0,MutNovel,"Q436E,0.480"
X-1855,UNC5D,137970.0,Del0.8,0.78
X-1855,URM1,81605.0,MutNovel,"S146C,0.889"
X-1855,USP36,57602.0,MutNovel,"KKK958K,0.655"
X-1855,USP9Y,8287.0,Del0.8,0.17
X-1855,UTY,7404.0,Del0.8,0.17
X-1855,VCY,9084.0,Del0.8,0.17
X-1855,VCY,9084.0,Del0.8,0.17
X-1855,WDR45L,56270.0,MutNovel,"A183V,1.000"
X-1855,WHSC1L1,54904.0,Del0.8,0.78
X-1855,WRN,7486.0,Del0.8,0.78
X-1855,WSB1,26118.0,MutKnownFunctional,"E403*,1.000"
X-1855,XKR5,389610.0,Del0.8,0.79
X-1855,XKR6,286046.0,Del0.8,0.68
X-1855,XKRY2,353515.0,Del0.8,0.17
X-1855,XKRY2,353515.0,Del0.8,0.17
X-1855,YAP1,10413.0,MutNovel,"G296S,0.645"
X-1855,ZDHHC11,79844.0,MutNovel,"A303D,0.667"
X-1855,ZFHX4,79776.0,Del0.8,0.75
X-1855,ZFP14,57677.0,MutNovel,"Y153F,0.750"
X-1855,ZFP36L2,678.0,MutKnownFunctional,"-144?,0.413"
X-1855,ZFY,7544.0,Del0.8,0.18
X-1855,ZMAT4,79698.0,Del0.8,0.77
X-1855,ZNF146,7705.0,MutNovel,"Y170D,0.282"
X-1855,ZNF438,220929.0,Del0.8,0.71
X-1855,ZNF546,339327.0,MutNovel,"E623K,0.500"
X-1855,ZNF619,285267.0,Amp5,5.13
X-1855,ZNF620,253639.0,Amp5,5.13
X-1855,ZNF621,285268.0,Amp5,5.13
X-1855,ZNF703,80139.0,Del0.8,0.78
X-1867,ABHD16B,140701.0,Amp5,5.35
X-1867,ABL2,27.0,MutNovel,"T1101M,0.600"
X-1867,ACOT8,10005.0,Amp5,5.31
X-1867,ACSS2,55902.0,Amp5,5.31
X-1867,ACTL10,170487.0,Amp5,5.31
X-1867,ACTR5,79913.0,Amp5,5.21
X-1867,ADA,100.0,Amp5,5.31
X-1867,ADAM32,203102.0,MutKnownFunctional,"-386?,0.368"
X-1867,ADIG,149685.0,Amp5,5.21
X-1867,ADNP,23394.0,Amp5,5.35
X-1867,ADPRH,141.0,Del0.8,0.69
X-1867,ADRM1,11047.0,Amp5,5.35
X-1867,AES,166.0,MutNovel,"R70Q,0.475"
X-1867,AHCY,191.0,Amp5,5.31
X-1867,AKR1C1,1645.0,MutNovel,"E77G,0.261"
X-1867,AMELY,266.0,Del0.8,0.25
X-1867,ANKRD18A,253650.0,MutNovel,"K299R,0.308"
X-1867,APC,324.0,MutKnownFunctional,"Q1338*,1.000"
X-1867,APCDD1L,164284.0,Amp5,5.35
X-1867,AQP1,358.0,MutNovel,"Y7C,0.636"
X-1867,AQP12B,653437.0,MutNovel,"H256R,0.583"
X-1867,AQP12B,653437.0,MutNovel,"G238R,0.600"
X-1867,AQP12B,653437.0,MutNovel,"T129M,0.750"
X-1867,AQP4,361.0,Del0.8,0.3
X-1867,ARFGAP1,55738.0,Amp5,5.35
X-1867,ARFGEF2,10564.0,Amp5,5.21
X-1867,ARFRP1,10139.0,Amp5,5.35
X-1867,ARHGAP31,57514.0,Del0.8,0.7
X-1867,ARHGAP33,115703.0,MutNovel,"R551H,0.426"
X-1867,ARHGAP40,343578.0,Amp5,5.21
X-1867,ARL14,80117.0,Del0.8,0.69
X-1867,ARL6IP6,151188.0,MutKnownFunctional,"Q100*,0.333"
X-1867,ART5,116969.0,MutNovel,"-25P,0.833"
X-1867,ASIP,434.0,Amp5,5.31
X-1867,ASMTL,8623.0,MutNovel,"A446V,1.000"
X-1867,ASXL1,171023.0,Amp5,5.31
X-1867,ATAD1,84896.0,Del0.8,0.25
X-1867,ATP5E,514.0,Amp5,5.35
X-1867,ATP9A,10079.0,Amp5,5.35
X-1867,ATXN7L3,56970.0,MutNovel,"DD351D,0.246"
X-1867,AURKA,6790.0,Amp5,5.35
X-1867,B3GALNT1,8706.0,Del0.8,0.7
X-1867,B4GALT4,8702.0,Del0.8,0.7
X-1867,B4GALT5,9334.0,Amp5,5.21
X-1867,BAZ2A,11176.0,MutNovel,"A1231D,0.733"
X-1867,BCAS1,8537.0,Amp5,5.35
X-1867,BCAS4,55653.0,Amp5,5.35
X-1867,BCL2L1,598.0,Amp5,5.31
X-1867,BCL6,604.0,Del0.8,0.7
X-1867,BCORP1,286554.0,Del0.8,0.23
X-1867,BHLHE23,128408.0,Amp5,5.35
X-1867,BIRC7,79444.0,Amp5,5.35
X-1867,BLCAP,10904.0,Amp5,5.21
X-1867,BMP7,655.0,Amp5,5.35
X-1867,BPI,671.0,Amp5,5.21
X-1867,BPIFA1,51297.0,Amp5,5.31
X-1867,BPIFA2,140683.0,Amp5,5.31
X-1867,BPIFA3,128861.0,Amp5,5.31
X-1867,BPIFA4P,317716.0,Amp5,5.31
X-1867,BPIFB1,92747.0,Amp5,5.31
X-1867,BPIFB2,80341.0,Amp5,5.31
X-1867,BPIFB3,359710.0,Amp5,5.31
X-1867,BPIFB4,149954.0,Amp5,5.31
X-1867,BPIFB6,128859.0,Amp5,5.31
X-1867,BPY2B,442867.0,Del0.8,0.23
X-1867,BPY2B,442867.0,Del0.8,0.23
X-1867,BTBD8,284697.0,MutNovel,"A74V,0.600"
X-1867,C14orf102,55051.0,MutNovel,"N769T,0.577"
X-1867,C20orf11,54994.0,Amp5,5.35
X-1867,C20orf111,51526.0,Amp5,5.31
X-1867,C20orf112,140688.0,Amp5,5.31
X-1867,C20orf118,140711.0,Amp5,5.31
X-1867,C20orf132,140699.0,Amp5,5.21
X-1867,C20orf144,128864.0,Amp5,5.31
X-1867,C20orf151,140893.0,Amp5,5.35
X-1867,C20orf152,140894.0,Amp5,5.31
X-1867,C20orf160,140706.0,Amp5,5.31
X-1867,C20orf166,128826.0,Amp5,5.35
X-1867,C20orf166-AS1,253868.0,Amp5,5.35
X-1867,C20orf173,140873.0,Amp5,5.31
X-1867,C20orf195,79025.0,Amp5,5.35
X-1867,C20orf197,284756.0,Amp5,5.35
X-1867,C20orf20,55257.0,Amp5,5.35
X-1867,C20orf201,198437.0,Amp5,5.35
X-1867,C20orf203,284805.0,Amp5,5.31
X-1867,C20orf24,55969.0,Amp5,5.31
X-1867,C20orf4,25980.0,Amp5,5.31
X-1867,C20orf43,51507.0,Amp5,5.35
X-1867,C20orf85,128602.0,Amp5,5.35
X-1867,C3orf15,89876.0,Del0.8,0.69
X-1867,C3orf30,152405.0,Del0.8,0.7
X-1867,C3orf43,255798.0,Del0.8,0.76
X-1867,C3orf55,152078.0,Del0.8,0.69
X-1867,C3orf80,401097.0,Del0.8,0.69
X-1867,CABLES2,81928.0,Amp5,5.35
X-1867,CALHM2,51063.0,MutNovel,"L205F,1.000"
X-1867,CASS4,57091.0,Amp5,5.35
X-1867,CASZ1,54897.0,MutNovel,"P1738R,1.000"
X-1867,CBFA2T2,9139.0,Amp5,5.31
X-1867,CBLN4,140689.0,Amp5,5.35
X-1867,CCDC107,203260.0,MutNovel,"L85W,0.678"
X-1867,CCDC121,79635.0,MutKnownFunctional,"-408,0.667"
X-1867,CCDC50,152137.0,Del0.8,0.69
X-1867,CD40,958.0,Amp5,5.31
X-1867,CDC25A,993.0,MutNovel,"R157C,0.566"
X-1867,CDC42EP1,11135.0,MutNovel,"AANPPATT242A,0.222"
X-1867,CDC42EP1,11135.0,MutNovel,"PAPAANPS253P,0.228"
X-1867,CDH2,1000.0,Del0.8,0.26
X-1867,CDH22,64405.0,Amp5,5.31
X-1867,CDH26,60437.0,Amp5,5.35
X-1867,CDH4,1002.0,Amp5,5.35
X-1867,CDK5RAP1,51654.0,Amp5,5.31
X-1867,CDKN1C,1028.0,MutNovel,"APVAV171V,0.357"
X-1867,CDY1B,253175.0,Del0.8,0.23
X-1867,CDY1B,253175.0,Del0.8,0.23
X-1867,CDY2A,9426.0,Del0.8,0.23
X-1867,CDY2A,9426.0,Del0.8,0.23
X-1867,CDY2B,203611.0,Del0.8,0.23
X-1867,CDY2B,203611.0,Del0.8,0.23
X-1867,CEACAM3,1084.0,MutNovel,"G48V,0.556"
X-1867,CEACAM8,1088.0,MutNovel,"T171I,0.250"
X-1867,CEACAM8,1088.0,MutNovel,"T171A,0.364"
X-1867,CEBPB,1051.0,Amp5,5.21
X-1867,CEP19,84984.0,Del0.8,0.4
X-1867,CEP250,11190.0,Amp5,5.31
X-1867,CEP97,79598.0,Del0.8,0.67
X-1867,CFHR3,10878.0,Amp5,5.5
X-1867,CFL1P1,142913.0,Del0.8,0.25
X-1867,CHD6,84181.0,Amp5,5.21
X-1867,CHMP4B,128866.0,Amp5,5.31
X-1867,CHRNA4,1137.0,Amp5,5.35
X-1867,CHST9,83539.0,Del0.8,0.2
X-1867,CHST9-AS1,147429.0,Del0.8,0.3
X-1867,CLDN1,9076.0,Del0.8,0.69
X-1867,CLDN16,10686.0,Del0.8,0.69
X-1867,CLRN1,7401.0,Del0.8,0.68
X-1867,CLRN1-AS1,116933.0,Del0.8,0.68
X-1867,CNNM3,26505.0,MutNovel,"R183C,0.800"
X-1867,COL20A1,57642.0,Amp5,5.35
X-1867,COL9A3,1299.0,Amp5,5.35
X-1867,COMMD7,149951.0,Amp5,5.31
X-1867,COX17,10063.0,Del0.8,0.69
X-1867,COX4I2,84701.0,Amp5,5.31
X-1867,CPNE1,8904.0,Amp5,5.31
X-1867,CRIPAK,285464.0,MutNovel,"V164A,0.600"
X-1867,CRIPAK,285464.0,MutNovel,"H194D,1.000"
X-1867,CRYBG3,,MutNovel,"V826G,0.750"
X-1867,CSE1L,1434.0,Amp5,5.21
X-1867,CSPG4P1Y,114758.0,Del0.8,0.23
X-1867,CSPG4P1Y,114758.0,Del0.8,0.23
X-1867,CSTF1,1477.0,Amp5,5.35
X-1867,CT45A2,728911.0,Del0.8,0.76
X-1867,CT45A3,441519.0,Del0.8,0.76
X-1867,CT45A4,441520.0,Del0.8,0.76
X-1867,CTCFL,140690.0,Amp5,5.35
X-1867,CTNNBL1,56259.0,Amp5,5.21
X-1867,CTSA,5476.0,MutNovel,"L29-,0.343"
X-1867,CTSA,5476.0,Amp5,5.31
X-1867,CTSZ,1522.0,Amp5,5.35
X-1867,CYP24A1,1591.0,Amp5,5.35
X-1867,CYP3A5,1577.0,MutKnownFunctional,"-30?,0.222"
X-1867,DAZ1,1617.0,Del0.8,0.23
X-1867,DAZ2,57055.0,Del0.8,0.23
X-1867,DAZ3,57054.0,Del0.8,0.23
X-1867,DAZ3,57054.0,Del0.8,0.23
X-1867,DAZ4,57135.0,Del0.8,0.23
X-1867,DAZ4,57135.0,Del0.8,0.23
X-1867,DBNDD2,55861.0,Amp5,5.31
X-1867,DCST2,127579.0,MutNovel,"R691S,0.391"
X-1867,DDX10,1662.0,MutNovel,"S780SDD,0.223"
X-1867,DDX27,55661.0,Amp5,5.21
X-1867,DDX3Y,8653.0,Del0.8,0.23
X-1867,DEFB115,245929.0,Amp5,5.31
X-1867,DEFB116,245930.0,Amp5,5.31
X-1867,DEFB118,117285.0,Amp5,5.31
X-1867,DEFB119,245932.0,Amp5,5.31
X-1867,DEFB121,245934.0,Amp5,5.31
X-1867,DEFB122,245935.0,Amp5,5.31
X-1867,DEFB123,245936.0,Amp5,5.31
X-1867,DEFB124,245937.0,Amp5,5.31
X-1867,DENND4B,9909.0,MutNovel,"QQQ908-,0.588"
X-1867,DENND4B,9909.0,MutNovel,"V845A,0.526"
X-1867,DGCR14,8220.0,MutNovel,"A90T,0.538"
X-1867,DHX35,60625.0,Amp5,5.21
X-1867,DIDO1,11083.0,Amp5,5.35
X-1867,DLGAP4,22839.0,Amp5,5.31
X-1867,DMD,1756.0,Del0.8,0.54
X-1867,DNAJC1,64215.0,MutNovel,"R28Q,0.286"
X-1867,DNAJC5,80331.0,Amp5,5.35
X-1867,DNMT3B,1789.0,Amp5,5.31
X-1867,DNTTIP1,116092.0,Amp5,5.31
X-1867,DOK5,55816.0,Amp5,5.35
X-1867,DPH3P1,100132911.0,Amp5,5.35
X-1867,DPM1,8813.0,Amp5,5.35
X-1867,DSC1,1823.0,MutNovel,"T216I,1.000"
X-1867,DSC2,1824.0,Del0.8,0.33
X-1867,DSC3,1825.0,Del0.8,0.26
X-1867,DSN1,79980.0,Amp5,5.31
X-1867,DUSP15,128853.0,Amp5,5.31
X-1867,DVL3,1857.0,MutNovel,"H118R,0.350"
X-1867,DYNLRB1,83658.0,Amp5,5.31
X-1867,E2F1,1869.0,Amp5,5.31
X-1867,EDEM2,55741.0,Amp5,5.31
X-1867,EDN3,1908.0,Amp5,5.35
X-1867,EEF1A2,1917.0,Amp5,5.35
X-1867,EEF1E1,9521.0,MutNovel,"L95F,0.690"
X-1867,EFHC1,114327.0,MutNovel,"T470S,0.303"
X-1867,EFHC1,114327.0,MutNovel,"N481K,0.269"
X-1867,EHMT1,79813.0,MutNovel,"V21M,0.253"
X-1867,EIF1AY,9086.0,Del0.8,0.23
X-1867,EIF2S2,8894.0,Amp5,5.31
X-1867,EIF5A2,56648.0,Del0.8,0.68
X-1867,EIF5AL1,143244.0,MutNovel,"HN77H,0.286"
X-1867,EIF6,3692.0,Amp5,5.31
X-1867,ELMO2,63916.0,Amp5,5.31
X-1867,EMILIN3,90187.0,MutNovel,"H55P,1.000"
X-1867,EMILIN3,90187.0,Amp5,5.21
X-1867,EPB41L1,2036.0,Amp5,5.31
X-1867,EPG5,57724.0,MutNovel,"S1921N,1.000"
X-1867,ERGIC3,51614.0,Amp5,5.31
X-1867,EYA2,2139.0,Amp5,5.31
X-1867,FAM106CP,100129396.0,Del0.8,0.79
X-1867,FAM176A,84141.0,MutNovel,"A22V,0.319"
X-1867,FAM197Y2P,252946.0,Del0.8,0.12
X-1867,FAM200A,221786.0,MutNovel,"R133W,0.600"
X-1867,FAM209A,200232.0,Amp5,5.35
X-1867,FAM209B,388799.0,Amp5,5.35
X-1867,FAM210B,116151.0,Amp5,5.35
X-1867,FAM41AY1,340618.0,Del0.8,0.23
X-1867,FAM41AY1,340618.0,Del0.8,0.23
X-1867,FAM65C,140876.0,Amp5,5.35
X-1867,FAM83C,128876.0,Amp5,5.31
X-1867,FAM83D,81610.0,Amp5,5.21
X-1867,FANCM,57697.0,MutNovel,"V456I,1.000"
X-1867,FARP1,10160.0,MutNovel,"P33L,0.617"
X-1867,FBXO22,26263.0,MutKnownFunctional,"-402,0.921"
X-1867,FBXO45,200933.0,Del0.8,0.76
X-1867,FEN1,2237.0,MutNovel,"R239W,0.455"
X-1867,FER1L4,80307.0,Amp5,5.31
X-1867,FGF12,2257.0,Del0.8,0.69
X-1867,FHOD1,29109.0,MutNovel,"A967P,0.305"
X-1867,FITM2,128486.0,Amp5,5.31
X-1867,FLJ16779,100192386.0,Amp5,5.35
X-1867,FLJ42393,401105.0,Del0.8,0.69
X-1867,FLNB,2317.0,MutNovel,"T1076K,0.336"
X-1867,FOXL1,2300.0,MutNovel,"V341A,0.929"
X-1867,FOXS1,2307.0,Amp5,5.31
X-1867,FRG1B,284802.0,Amp5,5.31
X-1867,FSTL1,11167.0,Del0.8,0.69
X-1867,FUT6,2528.0,MutNovel,"R303W,0.714"
X-1867,FZD7,8324.0,MutNovel,"R287W,0.250"
X-1867,GATA5,140628.0,Amp5,5.35
X-1867,GBA2,57704.0,MutNovel,"M750R,0.631"
X-1867,GCNT7,140687.0,Amp5,5.35
X-1867,GDAP1L1,78997.0,Amp5,5.31
X-1867,GDF5,8200.0,Amp5,5.31
X-1867,GFM1,85476.0,Del0.8,0.69
X-1867,GGT7,2686.0,Amp5,5.31
X-1867,GHRH,2691.0,Amp5,5.21
X-1867,GIGYF2,26058.0,MutNovel,"PQ1231P,0.274"
X-1867,GMEB2,26205.0,Amp5,5.35
X-1867,GMNC,647309.0,Del0.8,0.69
X-1867,GNAS,2778.0,Amp5,5.35
X-1867,GNAS-AS1,149775.0,Amp5,5.35
X-1867,GOLGA2P2Y,84559.0,Del0.8,0.23
X-1867,GOLGA2P2Y,84559.0,Del0.8,0.23
X-1867,GOLGA3,2802.0,MutNovel,"E1186Q,0.267"
X-1867,GPI,2821.0,MutNovel,"A361T,0.490"
X-1867,GPR156,165829.0,Del0.8,0.69
X-1867,GPR171,29909.0,Del0.8,0.68
X-1867,GPR87,53836.0,Del0.8,0.68
X-1867,GPRIN2,9721.0,MutNovel,"-238MRE,0.545"
X-1867,GRB14,2888.0,MutKnownFunctional,"-297?,0.300"
X-1867,GSK3B,2932.0,Del0.8,0.69
X-1867,GSS,2937.0,Amp5,5.31
X-1867,GTF2E1,2960.0,Del0.8,0.69
X-1867,GTPBP5,26164.0,Amp5,5.35
X-1867,GTSF1L,149699.0,Amp5,5.31
X-1867,GYG2P1,352887.0,Del0.8,0.23
X-1867,HAR1A,768096.0,Amp5,5.35
X-1867,HAR1B,768097.0,Amp5,5.35
X-1867,HCG4B,80868.0,Del0.8,0.4
X-1867,HCK,3055.0,Amp5,5.31
X-1867,HEATR7A,727957.0,MutNovel,"R1015Q,0.480"
X-1867,HGD,3081.0,Del0.8,0.69
X-1867,HGS,9146.0,MutNovel,"P390L,0.997"
X-1867,HIPK2,28996.0,MutNovel,"A868V,0.500"
X-1867,HIST1H1C,3006.0,MutNovel,"P147L,0.337"
X-1867,HLA-DRB1,3123.0,Amp5,5.5
X-1867,HLA-DRB5,3127.0,MutNovel,"L67V,0.556"
X-1867,HLA-DRB5,3127.0,Amp5,5.5
X-1867,HLA-DRB6,3128.0,Amp5,5.5
X-1867,HLA-G,3135.0,MutNovel,"W121M,1.000"
X-1867,HLA-H,3136.0,Del0.8,0.4
X-1867,HM13,81502.0,Amp5,5.31
X-1867,HMCN2,,MutNovel,"R3503C,0.711"
X-1867,HMGB2,3148.0,MutNovel,"R73T,0.998"
X-1867,HMGB3P1,128872.0,Amp5,5.31
X-1867,HNF4A,3172.0,Amp5,5.31
X-1867,HPSE2,60495.0,Del0.8,0.7
X-1867,HRH3,11255.0,Amp5,5.35
X-1867,HSFY2,159119.0,Del0.8,0.23
X-1867,HSFY2,159119.0,Del0.8,0.23
X-1867,ID1,3397.0,Amp5,5.31
X-1867,IFT52,51098.0,Amp5,5.31
X-1867,IFT80,57560.0,Del0.8,0.69
X-1867,IL12A,3592.0,Del0.8,0.69
X-1867,IL1RAP,3556.0,Del0.8,0.69
X-1867,INTS1,26173.0,MutNovel,"R1761Q,0.545"
X-1867,IQCJ,654502.0,Del0.8,0.69
X-1867,IQCJ-SCHIP1,100505385.0,Del0.8,0.61
X-1867,IRF2BP2,359948.0,MutNovel,"-99S,0.433"
X-1867,ITCH,83737.0,Amp5,5.31
X-1867,ITGB1,3688.0,MutNovel,"L679F,0.353"
X-1867,JMY,133746.0,MutNovel,"P126S,1.000"
X-1867,JPH2,57158.0,Amp5,5.31
X-1867,KCNB1,3745.0,Amp5,5.21
X-1867,KCNG1,3755.0,Amp5,5.35
X-1867,KCNK15,60598.0,Amp5,5.31
X-1867,KCNQ2,3785.0,Amp5,5.35
X-1867,KCNQ4,9132.0,MutNovel,"P555L,0.391"
X-1867,KCNS1,3787.0,Amp5,5.31
X-1867,KCTD1,284252.0,Del0.8,0.23
X-1867,KDM5D,8284.0,Del0.8,0.23
X-1867,KIAA0664,23277.0,MutNovel,"S221N,1.000"
X-1867,KIAA1755,85449.0,Amp5,5.21
X-1867,KIF3B,9371.0,Amp5,5.31
X-1867,KLLN,100144748.0,Del0.8,0.25
X-1867,KPNA4,3840.0,Del0.8,0.69
X-1867,L3MBTL1,26013.0,Amp5,5.31
X-1867,LAD1,3898.0,MutNovel,"R335H,0.498"
X-1867,LAMA5,3911.0,Amp5,5.35
X-1867,LAMB1,3912.0,MutNovel,"A1598T,0.374"
X-1867,LBP,3929.0,Amp5,5.21
X-1867,LCN1,3933.0,MutNovel,"V128I,1.000"
X-1867,LEPREL1,55214.0,Del0.8,0.69
X-1867,LGALS9B,284194.0,MutNovel,"V126M,0.214"
X-1867,LIME1,54923.0,Amp5,5.35
X-1867,LINC00028,140875.0,Amp5,5.31
X-1867,LINC00029,100144596.0,Amp5,5.35
X-1867,LINC00176,284739.0,Amp5,5.35
X-1867,LINC00494,284749.0,Amp5,5.21
X-1867,LOC100127888,100127888.0,Amp5,5.35
X-1867,LOC100131496,100131496.0,Amp5,5.31
X-1867,LOC100131635,100131635.0,Del0.8,0.7
X-1867,LOC100144597,100144597.0,Amp5,5.35
X-1867,LOC100287792,100287792.0,Amp5,5.21
X-1867,LOC100505679,100505679.0,Del0.8,0.74
X-1867,LOC100505783,100505783.0,Amp5,5.31
X-1867,LOC100505815,100505815.0,Amp5,5.35
X-1867,LOC100506384,100506384.0,Amp5,5.35
X-1867,LOC149773,149773.0,Amp5,5.35
X-1867,LOC149950,149950.0,Amp5,5.31
X-1867,LOC152217,152217.0,Del0.8,0.67
X-1867,LOC152225,152225.0,Del0.8,0.67
X-1867,LOC284751,284751.0,Amp5,5.21
X-1867,LOC339568,339568.0,Amp5,5.21
X-1867,LOC388152,388152.0,Del0.8,0.74
X-1867,LOC388796,388796.0,Amp5,5.21
X-1867,LOC440300,440300.0,Del0.8,0.74
X-1867,LOC63930,63930.0,Amp5,5.35
X-1867,LOC642441,,MutNovel,"L209S,0.400"
X-1867,LOC647107,647107.0,Del0.8,0.7
X-1867,LOC647979,647979.0,Amp5,5.31
X-1867,LOC728606,728606.0,Del0.8,0.23
X-1867,LOC79015,79015.0,Amp5,5.31
X-1867,LONP1,9361.0,MutNovel,"R301W,0.460"
X-1867,LPIN3,64900.0,Amp5,5.21
X-1867,LPP,4026.0,Del0.8,0.69
X-1867,LPP-AS2,339929.0,Del0.8,0.69
X-1867,LRFN4,78999.0,MutNovel,"R297Q,0.547"
X-1867,LRRC33,375387.0,Del0.8,0.76
X-1867,LRRC41,10489.0,MutNovel,"T21M,0.286"
X-1867,LRRC58,116064.0,Del0.8,0.69
X-1867,LSM14B,149986.0,Amp5,5.35
X-1867,LSR,51599.0,MutNovel,"G518GR,0.746"
X-1867,LXN,56925.0,Del0.8,0.69
X-1867,MACF1,23499.0,MutNovel,"R5365Q,0.498"
X-1867,MAFB,9935.0,Amp5,5.21
X-1867,MANBAL,63905.0,Amp5,5.21
X-1867,MAP1LC3A,84557.0,Amp5,5.31
X-1867,MAP7,9053.0,MutNovel,"R553K,0.493"
X-1867,MAPRE1,22919.0,Amp5,5.31
X-1867,MASP1,5648.0,Del0.8,0.7
X-1867,MATN4,8785.0,Amp5,5.31
X-1867,MC3R,4159.0,Amp5,5.35
X-1867,MEGF8,1954.0,MutNovel,"R1666C,0.385"
X-1867,METRN,79006.0,MutNovel,"Q271H,0.483"
X-1867,MFI2,4241.0,Del0.8,0.67
X-1867,MFI2-AS1,100507057.0,Del0.8,0.67
X-1867,MFSD1,64747.0,Del0.8,0.69
X-1867,MFSD12,126321.0,MutNovel,"A359V,0.623"
X-1867,MICALCL,84953.0,MutNovel,"R315Q,0.613"
X-1867,MIR1-1,406904.0,Amp5,5.35
X-1867,MIR124-3,406909.0,Amp5,5.35
X-1867,MIR1257,100302168.0,Amp5,5.35
X-1867,MIR133A2,406923.0,Amp5,5.35
X-1867,MIR15B,406949.0,Del0.8,0.69
X-1867,MIR16-2,406951.0,Del0.8,0.69
X-1867,MIR1914,100302137.0,Amp5,5.35
X-1867,MIR198,406975.0,Del0.8,0.69
X-1867,MIR296,407022.0,Amp5,5.35
X-1867,MIR298,100126296.0,Amp5,5.35
X-1867,MIR302F,100302131.0,Del0.8,0.31
X-1867,MIR3193,100422904.0,Amp5,5.31
X-1867,MIR3194,100422889.0,Amp5,5.35
X-1867,MIR3196,100423014.0,Amp5,5.35
X-1867,MIR3616,100500814.0,Amp5,5.31
X-1867,MIR3646,100500813.0,Amp5,5.31
X-1867,MIR3919,100500803.0,Del0.8,0.69
X-1867,MIR4325,100422883.0,Amp5,5.35
X-1867,MIR4326,100422945.0,Amp5,5.35
X-1867,MIR4451,100616349.0,Del0.8,0.69
X-1867,MIR4532,100616353.0,Amp5,5.35
X-1867,MIR4533,100616362.0,Amp5,5.35
X-1867,MIR4755,100616434.0,Amp5,5.31
X-1867,MIR4756,100616225.0,Amp5,5.35
X-1867,MIR4758,100616340.0,Amp5,5.35
X-1867,MIR499A,574501.0,Amp5,5.31
X-1867,MIR499B,100616134.0,Amp5,5.31
X-1867,MIR5095,100616458.0,Amp5,5.35
X-1867,MIR569,693154.0,Del0.8,0.68
X-1867,MIR644A,693229.0,Amp5,5.31
X-1867,MIR645,693230.0,Amp5,5.35
X-1867,MIR647,693232.0,Amp5,5.35
X-1867,MIR941-1,100126329.0,Amp5,5.35
X-1867,MIR941-3,100126352.0,Amp5,5.35
X-1867,MIR944,100126340.0,Del0.8,0.69
X-1867,MKRN7P,7686.0,Amp5,5.31
X-1867,MLF1,4291.0,Del0.8,0.69
X-1867,MLLT10P1,140678.0,Amp5,5.31
X-1867,MMP24,10893.0,Amp5,5.31
X-1867,MMP9,4318.0,Amp5,5.31
X-1867,MOCS3,27304.0,Amp5,5.35
X-1867,MTRNR2L3,100462983.0,Amp5,5.35
X-1867,MUC12,10071.0,MutNovel,"R855H,1.000"
X-1867,MUC12,10071.0,MutNovel,"S914P,1.000"
X-1867,MUC12,10071.0,MutNovel,"T1066K,0.429"
X-1867,MUC12,10071.0,MutNovel,"R1165P,1.000"
X-1867,MUC12,10071.0,MutNovel,"A1235T,1.000"
X-1867,MUC12,10071.0,MutNovel,"L1735F,0.974"
X-1867,MUC12,10071.0,MutNovel,"S1741L,0.980"
X-1867,MUC12,10071.0,MutNovel,"P1838T,0.400"
X-1867,MUC12,10071.0,MutNovel,"A3016V,0.588"
X-1867,MUC12,10071.0,MutNovel,"H3228R,0.322"
X-1867,MUC12,10071.0,MutNovel,"P3395T,0.300"
X-1867,MUC12,10071.0,MutNovel,"T4071A,0.250"
X-1867,MUC12,10071.0,MutNovel,"T4162M,0.683"
X-1867,MUC12,10071.0,MutNovel,"T4363I,0.354"
X-1867,MUC12,10071.0,MutNovel,"S4381L,0.516"
X-1867,MUC12,10071.0,MutNovel,"T4391P,0.600"
X-1867,MUC12,10071.0,MutNovel,"L4568F,0.941"
X-1867,MUC5AC,,MutNovel,"E1697K,0.255"
X-1867,MUC5B,727897.0,MutNovel,"P2333S,0.529"
X-1867,MUC5B,727897.0,MutNovel,"R2768P,0.444"
X-1867,MYBL2,4605.0,Amp5,5.31
X-1867,MYH7B,57644.0,Amp5,5.31
X-1867,MYL9,10398.0,Amp5,5.31
X-1867,MYLK2,85366.0,Amp5,5.31
X-1867,NACA2,342538.0,MutNovel,"L86R,1.000"
X-1867,NAP1L2,4674.0,MutNovel,"K309N,1.000"
X-1867,NBAS,51594.0,MutNovel,"P764S,0.733"
X-1867,NBPF10,100132406.0,MutNovel,"D794E,1.000"
X-1867,NBPF10,100132406.0,MutNovel,"I1165F,0.213"
X-1867,NBPF10,100132406.0,MutNovel,"R3382S,0.231"
X-1867,NBPF12,,MutNovel,"S266C,0.800"
X-1867,NCBP2,22916.0,Del0.8,0.67
X-1867,NCOA3,8202.0,MutNovel,"Q1255-,0.341"
X-1867,NCOA3,8202.0,Amp5,5.31
X-1867,NCOA5,57727.0,Amp5,5.31
X-1867,NCOA6,23054.0,Amp5,5.31
X-1867,NCOR2,9612.0,MutNovel,"G1839GAAA,0.448"
X-1867,NCOR2,9612.0,MutNovel,"S1774C,0.320"
X-1867,NCR3LG1,,MutKnownFunctional,"R90*,0.294"
X-1867,NCRNA00185,55410.0,Del0.8,0.23
X-1867,NDRG3,57446.0,Amp5,5.31
X-1867,NDUFB4,4710.0,Del0.8,0.69
X-1867,NECAB3,63941.0,Amp5,5.31
X-1867,NEDD9,4739.0,MutNovel,"A769S,0.741"
X-1867,NEURL2,140825.0,Amp5,5.31
X-1867,NFATC2,4773.0,Amp5,5.35
X-1867,NFKBIZ,64332.0,Del0.8,0.67
X-1867,NFS1,9054.0,Amp5,5.31
X-1867,NKAIN4,128414.0,Amp5,5.35
X-1867,NKD2,85409.0,MutNovel,"R193Q,0.827"
X-1867,NLGN4Y,22829.0,Del0.8,0.23
X-1867,NMD3,51068.0,Del0.8,0.7
X-1867,NNAT,4826.0,Amp5,5.21
X-1867,NOL8,55035.0,MutNovel,"R9H,0.692"
X-1867,NPBWR2,2832.0,Amp5,5.35
X-1867,NPEPL1,79716.0,Amp5,5.35
X-1867,NPIPL3,23117.0,MutNovel,"R391C,0.406"
X-1867,NPRL3,8131.0,MutNovel,"T5I,0.478"
X-1867,NR1H2,7376.0,MutNovel,"-173Q,0.407"
X-1867,NR1I2,8856.0,Del0.8,0.69
X-1867,NTSR1,4923.0,Amp5,5.35
X-1867,NUDT5,11164.0,MutNovel,"R181K,0.498"
X-1867,OGFR,11054.0,Amp5,5.35
X-1867,OPRL1,4987.0,Amp5,5.35
X-1867,ORAI1,84876.0,MutNovel,"PP43-,0.710"
X-1867,OSBPL2,9885.0,Amp5,5.35
X-1867,OSTN,344901.0,Del0.8,0.69
X-1867,OSTalpha,200931.0,Del0.8,0.73
X-1867,OTC,5009.0,MutNovel,"Q270R,1.000"
X-1867,OTOL1,131149.0,Del0.8,0.7
X-1867,P2RY13,53829.0,Del0.8,0.68
X-1867,P2RY14,9934.0,Del0.8,0.68
X-1867,PABPC1L,80336.0,MutKnownFunctional,"-347?,0.424"
X-1867,PABPC1L,80336.0,Amp5,5.31
X-1867,PAK2,5062.0,Del0.8,0.67
X-1867,PAPOLA,10914.0,MutNovel,"N294S,0.510"
X-1867,PARD6B,84612.0,Amp5,5.35
X-1867,PCDH11Y,83259.0,Del0.8,0.25
X-1867,PCDHGA9,56107.0,MutNovel,"T804I,1.000"
X-1867,PCIF1,63935.0,Amp5,5.31
X-1867,PCK1,5105.0,Amp5,5.35
X-1867,PCYT1A,5130.0,Del0.8,0.73
X-1867,PDRG1,81572.0,Amp5,5.31
X-1867,PES1,23481.0,MutNovel,"R93Q,0.486"
X-1867,PFDN4,5203.0,Amp5,5.35
X-1867,PHACTR3,116154.0,Amp5,5.35
X-1867,PHACTR4,65979.0,MutKnownFunctional,"-61?,0.304"
X-1867,PHF20,51230.0,Amp5,5.31
X-1867,PHLDA1,22822.0,MutNovel,"QQ194Q,0.400"
X-1867,PI3,5266.0,Amp5,5.31
X-1867,PIGT,51604.0,Amp5,5.31
X-1867,PIGU,128869.0,Amp5,5.31
X-1867,PIGX,54965.0,Del0.8,0.52
X-1867,PIGZ,80235.0,Del0.8,0.67
X-1867,PIK3CA,5290.0,MutNovel,"L267V,0.500"
X-1867,PKD1,5310.0,MutNovel,"A2799T,0.568"
X-1867,PKD1,5310.0,MutNovel,"T618I,0.812"
X-1867,PKIG,11142.0,Amp5,5.31
X-1867,PLA1A,51365.0,Del0.8,0.69
X-1867,PLAGL2,5326.0,Amp5,5.31
X-1867,PLCG1,5335.0,Amp5,5.21
X-1867,PLEKHN1,84069.0,MutNovel,"A603T,1.000"
X-1867,PLOD2,5352.0,Del0.8,0.73
X-1867,PLSCR1,5359.0,Del0.8,0.73
X-1867,PLSCR2,57047.0,Del0.8,0.73
X-1867,PLSCR4,57088.0,Del0.8,0.73
X-1867,PLSCR5,389158.0,Del0.8,0.73
X-1867,PLTP,5360.0,Amp5,5.31
X-1867,PMEPA1,56937.0,Amp5,5.35
X-1867,POFUT1,23509.0,Amp5,5.31
X-1867,POGLUT1,56983.0,Del0.8,0.7
X-1867,POPDC2,64091.0,Del0.8,0.69
X-1867,PPA2,27068.0,MutNovel,"L310F,1.000"
X-1867,PPDPF,79144.0,Amp5,5.35
X-1867,PPOX,5498.0,MutNovel,"A299D,0.531"
X-1867,PPP1R16B,26051.0,Amp5,5.21
X-1867,PPP1R3D,5509.0,Amp5,5.35
X-1867,PPP4R1L,55370.0,Amp5,5.35
X-1867,PREX1,57580.0,Amp5,5.21
X-1867,PRIC285,85441.0,Amp5,5.35
X-1867,PRKCE,5581.0,MutNovel,"V308I,0.500"
X-1867,PRKY,5616.0,Del0.8,0.25
X-1867,PROCR,10544.0,Amp5,5.31
X-1867,PRPF6,24148.0,Amp5,5.35
X-1867,PRR5,55615.0,MutNovel,"P368L,0.506"
X-1867,PRY,9081.0,Del0.8,0.23
X-1867,PRY,9081.0,Del0.8,0.23
X-1867,PRY2,442862.0,Del0.8,0.23
X-1867,PRY2,442862.0,Del0.8,0.23
X-1867,PSIMCT-1,100101490.0,Amp5,5.31
X-1867,PSMA7,5688.0,Amp5,5.35
X-1867,PSMA8,143471.0,Del0.8,0.23
X-1867,PSMD14,10213.0,MutNovel,"P267S,0.321"
X-1867,PTEN,5728.0,Del0.8,0.44
X-1867,PTGIS,5740.0,Amp5,5.21
X-1867,PTK6,5753.0,Amp5,5.35
X-1867,PTPRT,11122.0,Amp5,5.31
X-1867,PTX3,5806.0,Del0.8,0.69
X-1867,PXK,54899.0,MutNovel,"R211Q,0.297"
X-1867,PXMP4,11264.0,Amp5,5.31
X-1867,PYDC2,152138.0,Del0.8,0.69
X-1867,R3HCC1L,,MutNovel,"R706C,1.000"
X-1867,R3HDML,140902.0,Amp5,5.31
X-1867,RAB22A,57403.0,Amp5,5.35
X-1867,RABL3,285282.0,Del0.8,0.69
X-1867,RAE1,8480.0,Amp5,5.35
X-1867,RALGAPB,57148.0,Amp5,5.21
X-1867,RALY,22913.0,Amp5,5.31
X-1867,RAPGEF2,9693.0,MutNovel,"V245L,0.933"
X-1867,RARRES1,5918.0,Del0.8,0.69
X-1867,RBM12,10137.0,Amp5,5.31
X-1867,RBM38,55544.0,Amp5,5.35
X-1867,RBM39,9584.0,Amp5,5.31
X-1867,RBM6,10180.0,MutNovel,"T940I,0.620"
X-1867,RBMY1A3P,286557.0,Del0.8,0.25
X-1867,RBMY1B,378948.0,Del0.8,0.23
X-1867,RBMY1B,378948.0,Del0.8,0.23
X-1867,RBMY1E,378950.0,Del0.8,0.23
X-1867,RBMY1E,378950.0,Del0.8,0.23
X-1867,RBMY1F,159163.0,Del0.8,0.23
X-1867,RBMY1F,159163.0,Del0.8,0.23
X-1867,RBMY1J,378951.0,Del0.8,0.23
X-1867,RBMY1J,378951.0,Del0.8,0.23
X-1867,RBMY2EP,159125.0,Del0.8,0.23
X-1867,RBMY2FP,159162.0,Del0.8,0.23
X-1867,RBMY3AP,64593.0,Del0.8,0.23
X-1867,RBPJL,11317.0,Amp5,5.31
X-1867,RCC2,55920.0,MutNovel,"G33C,0.985"
X-1867,RDH16,8608.0,MutNovel,"V141M,0.400"
X-1867,REM1,28954.0,Amp5,5.31
X-1867,RGS19,10287.0,Amp5,5.35
X-1867,RHBDD3,25807.0,MutKnownFunctional,"-171,0.456"
X-1867,RIMS4,140730.0,Amp5,5.31
X-1867,RIN3,79890.0,MutNovel,"G967-,0.384"
X-1867,RNF114,55905.0,Amp5,5.21
X-1867,ROMO1,140823.0,Amp5,5.31
X-1867,RPL22L1,200916.0,Del0.8,0.68
X-1867,RPL39L,116832.0,Del0.8,0.7
X-1867,RPN2,6185.0,Amp5,5.21
X-1867,RPRD1B,58490.0,Amp5,5.21
X-1867,RPS17,6218.0,MutNovel,"V66G,0.857"
X-1867,RPS21,6227.0,Amp5,5.35
X-1867,RPS24,6229.0,MutNovel,"MR131NR,1.000"
X-1867,RPS4Y1,6192.0,Del0.8,0.25
X-1867,RPS4Y2,140032.0,Del0.8,0.23
X-1867,RSRC1,51319.0,Del0.8,0.69
X-1867,RTEL1,51750.0,Amp5,5.35
X-1867,RTEL1-TNFRSF6B,100533107.0,Amp5,5.35
X-1867,RTP1,132112.0,Del0.8,0.7
X-1867,RTP2,344892.0,Del0.8,0.7
X-1867,RTP4,64108.0,Del0.8,0.7
X-1867,SALL4,57167.0,Amp5,5.35
X-1867,SAMD1,90378.0,MutNovel,"PPQ122Q,0.357"
X-1867,SAMD10,140700.0,Amp5,5.35
X-1867,SASH1,23328.0,MutNovel,"A305T,0.769"
X-1867,SCAND1,51282.0,Amp5,5.31
X-1867,SCARNA7,677767.0,Del0.8,0.69
X-1867,SCHIP1,29970.0,Del0.8,0.6
X-1867,SDC4,6385.0,Amp5,5.31
X-1867,SELT,51714.0,Del0.8,0.66
X-1867,SEMG1,6406.0,Amp5,5.31
X-1867,SEMG2,6407.0,Amp5,5.31
X-1867,SENP5,205564.0,Del0.8,0.67
X-1867,SERINC2,347735.0,MutNovel,"-373Q,0.807"
X-1867,SERINC3,10955.0,Amp5,5.31
X-1867,SERPINA1,5265.0,MutNovel,"K404T,0.465"
X-1867,SETX,23064.0,MutNovel,"L1405F,0.583"
X-1867,SGK2,10110.0,Amp5,5.31
X-1867,SHOX2,6474.0,Del0.8,0.69
X-1867,SIK3,23387.0,MutNovel,"P476L,0.413"
X-1867,SIPA1L3,23094.0,MutNovel,"A1350T,0.591"
X-1867,SLA2,84174.0,Amp5,5.31
X-1867,SLC12A5,57468.0,Amp5,5.31
X-1867,SLC13A3,64849.0,Amp5,5.31
X-1867,SLC17A9,63910.0,Amp5,5.35
X-1867,SLC25A1,6576.0,MutNovel,"G16R,0.682"
X-1867,SLC2A10,81031.0,Amp5,5.31
X-1867,SLC2A2,6514.0,Del0.8,0.68
X-1867,SLC2A4RG,56731.0,Amp5,5.35
X-1867,SLC32A1,140679.0,Amp5,5.21
X-1867,SLC35C2,51006.0,Amp5,5.31
X-1867,SLC9A8,23315.0,Amp5,5.21
X-1867,SLCO4A1,28231.0,MutNovel,"S303N,0.569"
X-1867,SLCO4A1,28231.0,Amp5,5.35
X-1867,SLMO2,51012.0,Amp5,5.35
X-1867,SLMO2-ATP5E,100533975.0,Amp5,5.35
X-1867,SLPI,6590.0,Amp5,5.31
X-1867,SMAD2,4087.0,Del0.8,0.55
X-1867,SMC4,10051.0,Del0.8,0.69
X-1867,SNAI1,6615.0,Amp5,5.21
X-1867,SNAPC4,6621.0,MutNovel,"S542-,0.267"
X-1867,SNAR-I,100170222.0,Del0.8,0.69
X-1867,SNHG11,128439.0,Amp5,5.21
X-1867,SNORA39,677821.0,Amp5,5.21
X-1867,SNORA71A,26777.0,Amp5,5.21
X-1867,SNORA71B,26776.0,Amp5,5.21
X-1867,SNORA71C,677839.0,Amp5,5.21
X-1867,SNORA71D,677840.0,Amp5,5.21
X-1867,SNORD12,692057.0,Amp5,5.21
X-1867,SNORD12B,100113393.0,Amp5,5.21
X-1867,SNORD12C,26765.0,Amp5,5.21
X-1867,SNTA1,6640.0,Amp5,5.31
X-1867,SNX21,90203.0,Amp5,5.31
X-1867,SORBS2,8470.0,MutNovel,"P425T,1.000"
X-1867,SOX18,54345.0,Amp5,5.35
X-1867,SP110,3431.0,MutNovel,"C542W,0.800"
X-1867,SPAG4,6676.0,Amp5,5.31
X-1867,SPATA2,9825.0,Amp5,5.21
X-1867,SPATA25,128497.0,Amp5,5.31
X-1867,SPC25,57405.0,MutNovel,"N81K,0.330"
X-1867,SPG11,80208.0,MutNovel,"N2315T,0.991"
X-1867,SPINLW1,57119.0,Amp5,5.31
X-1867,SPINLW1-WFDC6,100526773.0,Amp5,5.31
X-1867,SPINT3,10816.0,Amp5,5.31
X-1867,SPINT4,391253.0,Amp5,5.31
X-1867,SPO11,23626.0,Amp5,5.35
X-1867,SPTAN1,6709.0,MutNovel,"G943S,0.705"
X-1867,SPTSSB,165679.0,Del0.8,0.7
X-1867,SRC,6714.0,Amp5,5.21
X-1867,SRMS,6725.0,Amp5,5.35
X-1867,SRSF6,6431.0,Amp5,5.31
X-1867,SRY,6736.0,Del0.8,0.25
X-1867,SS18,6760.0,Del0.8,0.23
X-1867,SS18L1,26039.0,Amp5,5.35
X-1867,SST,6750.0,Del0.8,0.7
X-1867,STAT3,6774.0,MutNovel,"V375I,0.363"
X-1867,STAU1,6780.0,Amp5,5.21
X-1867,STK4,6789.0,Amp5,5.31
X-1867,STMN3,50861.0,Amp5,5.35
X-1867,STX16,8675.0,Amp5,5.35
X-1867,SULF2,55959.0,Amp5,5.31
X-1867,SUMO1P1,391257.0,Amp5,5.35
X-1867,SUN5,140732.0,Amp5,5.31
X-1867,SYCP2,10388.0,Amp5,5.35
X-1867,SYS1,90196.0,Amp5,5.31
X-1867,SYS1-DBNDD2,767557.0,Amp5,5.31
X-1867,TACC2,10579.0,MutNovel,"A2464V,0.480"
X-1867,TAF4,6874.0,Amp5,5.35
X-1867,TAF4B,6875.0,Del0.8,0.23
X-1867,TAPBPL,55080.0,MutNovel,"IS365I,0.326"
X-1867,TBC1D23,55773.0,MutNovel,"G335V,0.636"
X-1867,TBL1Y,90665.0,Del0.8,0.25
X-1867,TBP,6908.0,MutNovel,"-64Q,0.421"
X-1867,TCEA2,6919.0,Amp5,5.35
X-1867,TCFL5,10732.0,Amp5,5.35
X-1867,TFAP2C,7022.0,Amp5,5.35
X-1867,TGIF2,60436.0,Amp5,5.31
X-1867,TGIF2-C20ORF24,100527943.0,Amp5,5.31
X-1867,TGIF2LY,90655.0,Del0.8,0.25
X-1867,TGM1,7051.0,MutNovel,"G49D,0.462"
X-1867,TGM2,7052.0,Amp5,5.21
X-1867,TH1L,51497.0,Amp5,5.35
X-1867,TIMMDC1,51300.0,Del0.8,0.7
X-1867,TM9SF4,9777.0,Amp5,5.31
X-1867,TMEM129,92305.0,MutNovel,"V181L,0.379"
X-1867,TMEM184A,202915.0,MutNovel,"G392GA,0.842"
X-1867,TMEM189,387521.0,Amp5,5.21
X-1867,TMEM189-UBE2V1,387522.0,Amp5,5.21
X-1867,TMEM207,131920.0,Del0.8,0.69
X-1867,TMEM39A,55254.0,Del0.8,0.7
X-1867,TMEM87B,84910.0,MutNovel,"V8L,0.500"
X-1867,TMSB4Y,9087.0,Del0.8,0.23
X-1867,TNFRSF6B,8771.0,Amp5,5.35
X-1867,TNIK,23043.0,Del0.8,0.57
X-1867,TNNC2,7125.0,Amp5,5.31
X-1867,TNRC6A,27327.0,MutNovel,"N72S,0.211"
X-1867,TOB2,10766.0,MutNovel,"T165N,0.598"
X-1867,TOMM34,10953.0,Amp5,5.31
X-1867,TOP1,7150.0,Amp5,5.21
X-1867,TOX2,84969.0,Amp5,5.31
X-1867,TP53,7157.0,MutKnownFunctional,"G245S,0.996"
X-1867,TP53INP2,58476.0,Amp5,5.31
X-1867,TP53RK,112858.0,Amp5,5.31
X-1867,TP53TG5,27296.0,Amp5,5.31
X-1867,TP63,8626.0,Del0.8,0.69
X-1867,TPD52L2,7165.0,Amp5,5.35
X-1867,TPRG1,285386.0,Del0.8,0.69
X-1867,TPX2,22974.0,Amp5,5.31
X-1867,TRADD,8717.0,MutNovel,"S111L,0.254"
X-1867,TRIM59,286827.0,Del0.8,0.69
X-1867,TRMT61B,55006.0,MutNovel,"A131P,0.707"
X-1867,TRPC4AP,26133.0,Amp5,5.31
X-1867,TRPM4,54795.0,MutNovel,"-563L,0.456"
X-1867,TSHZ2,128553.0,Amp5,5.35
X-1867,TSPY1,7258.0,Del0.8,0.12
X-1867,TSPY2,64591.0,Del0.8,0.25
X-1867,TSPY26P,128854.0,Amp5,5.31
X-1867,TSPY3,728137.0,Del0.8,0.12
X-1867,TSPY4,728395.0,Del0.8,0.12
X-1867,TSPY8,728403.0,Del0.8,0.12
X-1867,TSPYL1,7259.0,MutNovel,"V176VW,0.853"
X-1867,TTBK1,84630.0,MutNovel,"V916M,0.833"
X-1867,TTI1,9675.0,Amp5,5.21
X-1867,TTLL9,164395.0,Amp5,5.31
X-1867,TTPAL,79183.0,Amp5,5.31
X-1867,TTTY10,246119.0,Del0.8,0.23
X-1867,TTTY11,83866.0,Del0.8,0.25
X-1867,TTTY12,83867.0,Del0.8,0.25
X-1867,TTTY13,83868.0,Del0.8,0.23
X-1867,TTTY14,83869.0,Del0.8,0.23
X-1867,TTTY15,64595.0,Del0.8,0.23
X-1867,TTTY16,252948.0,Del0.8,0.25
X-1867,TTTY17A,252949.0,Del0.8,0.23
X-1867,TTTY17A,252949.0,Del0.8,0.23
X-1867,TTTY18,252950.0,Del0.8,0.25
X-1867,TTTY19,252952.0,Del0.8,0.25
X-1867,TTTY1B,100101116.0,Del0.8,0.25
X-1867,TTTY1B,100101116.0,Del0.8,0.23
X-1867,TTTY2,60439.0,Del0.8,0.25
X-1867,TTTY2,60439.0,Del0.8,0.23
X-1867,TTTY20,252951.0,Del0.8,0.17
X-1867,TTTY21,252953.0,Del0.8,0.23
X-1867,TTTY21,252953.0,Del0.8,0.25
X-1867,TTTY22,252954.0,Del0.8,0.23
X-1867,TTTY23,252955.0,Del0.8,0.23
X-1867,TTTY23,252955.0,Del0.8,0.25
X-1867,TTTY3,114760.0,Del0.8,0.23
X-1867,TTTY3,114760.0,Del0.8,0.23
X-1867,TTTY4,114761.0,Del0.8,0.23
X-1867,TTTY4,114761.0,Del0.8,0.23
X-1867,TTTY5,83863.0,Del0.8,0.23
X-1867,TTTY6,84672.0,Del0.8,0.23
X-1867,TTTY6,84672.0,Del0.8,0.23
X-1867,TTTY7,246122.0,Del0.8,0.23
X-1867,TTTY7,246122.0,Del0.8,0.25
X-1867,TTTY7B,100101120.0,Del0.8,0.23
X-1867,TTTY7B,100101120.0,Del0.8,0.25
X-1867,TTTY8,84673.0,Del0.8,0.25
X-1867,TTTY8,84673.0,Del0.8,0.23
X-1867,TTTY9A,83864.0,Del0.8,0.23
X-1867,TTTY9A,83864.0,Del0.8,0.23
X-1867,TUBB1,81027.0,Amp5,5.35
X-1867,TUSC1,286319.0,MutNovel,"-48A,0.320"
X-1867,TXLNG2P,246126.0,Del0.8,0.23
X-1867,UBE2C,11065.0,Amp5,5.31
X-1867,UBE2V1,7335.0,Amp5,5.21
X-1867,UCKL1,54963.0,Amp5,5.35
X-1867,UCKL1-AS1,100113386.0,Amp5,5.35
X-1867,UPK1B,7348.0,Del0.8,0.7
X-1867,UQCC,55245.0,Amp5,5.31
X-1867,USP32,84669.0,MutNovel,"Q1413P,0.255"
X-1867,USP32P1,162632.0,Del0.8,0.79
X-1867,USP9Y,8287.0,Del0.8,0.23
X-1867,UTS2D,257313.0,Del0.8,0.69
X-1867,UTY,7404.0,Del0.8,0.23
X-1867,VAPB,9217.0,Amp5,5.35
X-1867,VCY,9084.0,Del0.8,0.23
X-1867,VCY,9084.0,Del0.8,0.23
X-1867,VIL1,7429.0,MutNovel,"Y60C,0.372"
X-1867,VSTM2L,128434.0,Amp5,5.21
X-1867,WASH1,100287171.0,MutNovel,"P304R,0.444"
X-1867,WDR53,348793.0,Del0.8,0.76
X-1867,WFDC10A,140832.0,Amp5,5.31
X-1867,WFDC10B,280664.0,Amp5,5.31
X-1867,WFDC11,259239.0,Amp5,5.31
X-1867,WFDC12,128488.0,Amp5,5.31
X-1867,WFDC13,164237.0,Amp5,5.31
X-1867,WFDC2,10406.0,Amp5,5.31
X-1867,WFDC3,140686.0,Amp5,5.31
X-1867,WFDC5,149708.0,Amp5,5.31
X-1867,WFDC6,140870.0,Amp5,5.31
X-1867,WFDC8,90199.0,Amp5,5.31
X-1867,WFDC9,259240.0,Amp5,5.31
X-1867,WISP2,8839.0,Amp5,5.31
X-1867,WNK2,65268.0,MutNovel,"Q779H,0.623"
X-1867,XKR7,343702.0,Amp5,5.31
X-1867,XKRY2,353515.0,Del0.8,0.23
X-1867,XKRY2,353515.0,Del0.8,0.23
X-1867,YTHDF1,54915.0,Amp5,5.35
X-1867,YWHAB,7529.0,Amp5,5.31
X-1867,ZBP1,81030.0,Amp5,5.35
X-1867,ZBTB46,140685.0,Amp5,5.35
X-1867,ZCCHC14,23174.0,MutNovel,"GG749G,0.375"
X-1867,ZDHHC13,54503.0,MutNovel,"A166T,0.545"
X-1867,ZDHHC19,131540.0,Del0.8,0.73
X-1867,ZFP64,55734.0,Amp5,5.35
X-1867,ZFY,7544.0,Del0.8,0.25
X-1867,ZGPAT,84619.0,Amp5,5.35
X-1867,ZHX3,23051.0,Amp5,5.21
X-1867,ZIC1,7545.0,Del0.8,0.73
X-1867,ZIC4,84107.0,Del0.8,0.73
X-1867,ZMYND8,23613.0,Amp5,5.31
X-1867,ZNF205,7755.0,MutNovel,"Q186P,0.641"
X-1867,ZNF217,7764.0,Amp5,5.35
X-1867,ZNF225,7768.0,MutNovel,"N473K,0.600"
X-1867,ZNF225,7768.0,MutNovel,"I477R,0.500"
X-1867,ZNF282,8427.0,MutNovel,"G473R,0.667"
X-1867,ZNF334,55713.0,Amp5,5.31
X-1867,ZNF335,63925.0,Amp5,5.31
X-1867,ZNF33B,7582.0,MutNovel,"V4I,0.347"
X-1867,ZNF341,84905.0,Amp5,5.31
X-1867,ZNF512B,57473.0,Amp5,5.35
X-1867,ZNF589,51385.0,MutKnownFunctional,"S73*,0.640"
X-1867,ZNF623,9831.0,MutKnownFunctional,"-166,0.400"
X-1867,ZNF786,136051.0,MutNovel,"K739N,0.455"
X-1867,ZNF831,128611.0,Amp5,5.35
X-1867,ZNF860,344787.0,MutNovel,"R3Y,0.500"
X-1867,ZNF860,344787.0,MutNovel,"E12G,0.500"
X-1867,ZNF860,344787.0,MutNovel,"H23R,0.267"
X-1867,ZNFX1,57169.0,Amp5,5.21
X-1867,ZNFX1-AS1,441951.0,Amp5,5.21
X-1867,ZSWIM1,90204.0,Amp5,5.31
X-1867,ZSWIM3,140831.0,Amp5,5.31
X-2145,61E3.4,,MutNovel,"I75V,0.450"
X-2145,ABCA12,26154.0,MutNovel,"G1765D,0.619"
X-2145,ABHD15,116236.0,MutNovel,"A291T,0.667"
X-2145,ABI1,10006.0,MutNovel,"T238A,0.365"
X-2145,ACACB,32.0,MutNovel,"K1219E,1.000"
X-2145,ACSS2,55902.0,MutNovel,"E60D,0.486"
X-2145,ACVR2A,92.0,MutKnownFunctional,"-435,0.875"
X-2145,ACY1,95.0,MutNovel,"A261S,0.455"
X-2145,ADCY6,112.0,MutNovel,"R513H,0.583"
X-2145,ADD1,118.0,MutNovel,"EK690E,0.529"
X-2145,ADRBK1,156.0,MutNovel,"V161M,0.505"
X-2145,AGPHD1,123688.0,MutNovel,"T69A,0.312"
X-2145,AGR2,10551.0,MutNovel,"P71S,0.398"
X-2145,AHNAK,79026.0,MutNovel,"P4243T,0.517"
X-2145,AHNAK2,113146.0,MutNovel,"V4860E,0.359"
X-2145,AHNAK2,113146.0,MutNovel,"A1650D,0.385"
X-2145,AIM1L,55057.0,MutNovel,"S559P,0.552"
X-2145,AIP,9049.0,MutNovel,"D252N,0.545"
X-2145,AKAP13,11214.0,MutNovel,"K2639N,0.349"
X-2145,AKAP8L,26993.0,MutNovel,"G245S,0.554"
X-2145,AKAP8L,26993.0,MutNovel,"R171C,0.522"
X-2145,ALDH1L1,10840.0,MutNovel,"A673V,1.000"
X-2145,ALKBH5,54890.0,MutNovel,"R393W,0.516"
X-2145,ALPK3,57538.0,MutNovel,"M792L,1.000"
X-2145,ALS2,57679.0,MutNovel,"V1114F,0.786"
X-2145,AMDHD2,51005.0,MutNovel,"A154V,0.273"
X-2145,AMELY,266.0,Del0.8,0.38
X-2145,ANKRD27,84079.0,MutNovel,"V444I,1.000"
X-2145,ANKS1A,23294.0,MutNovel,"G226D,0.538"
X-2145,ANO8,57719.0,MutNovel,"G803S,0.345"
X-2145,ANPEP,290.0,MutNovel,"K923-,0.493"
X-2145,AOC2,314.0,MutNovel,"G508E,1.000"
X-2145,AP2A2,161.0,MutNovel,"P253L,0.477"
X-2145,APC,324.0,MutNovel,"M1413V,0.636"
X-2145,APP,351.0,MutNovel,"G212R,0.293"
X-2145,AQP3,360.0,MutNovel,"I146T,0.500"
X-2145,ARHGAP21,57584.0,MutNovel,"R439C,0.483"
X-2145,ARID1A,8289.0,MutKnownFunctional,"-1173,0.455"
X-2145,ARID2,196528.0,MutNovel,"H1495R,0.526"
X-2145,ARMC5,79798.0,MutNovel,"P651T,0.250"
X-2145,ARPC2,10109.0,MutNovel,"F35C,0.427"
X-2145,ARRB1,408.0,MutNovel,"T56M,0.574"
X-2145,ASAP2,8853.0,MutKnownFunctional,"W691*,0.500"
X-2145,ASIC3,,MutNovel,"P277L,1.000"
X-2145,ASTE1,28990.0,MutKnownFunctional,"-631,0.692"
X-2145,ATG16L1,55054.0,MutNovel,"K570N,0.576"
X-2145,ATP11A,23250.0,MutNovel,"V1191M,0.564"
X-2145,ATP2A2,488.0,MutNovel,"L942P,0.488"
X-2145,ATXN7L3,56970.0,MutNovel,"R91H,0.478"
X-2145,AXIN2,8313.0,MutNovel,"R463H,0.333"
X-2145,B3GALTL,145173.0,MutKnownFunctional,"R412*,0.282"
X-2145,B3GNT5,84002.0,MutKnownFunctional,"-30,0.315"
X-2145,B3GNT9,84752.0,MutNovel,"R337C,0.545"
X-2145,BAG4,9530.0,MutKnownFunctional,"-453,0.611"
X-2145,BAX,581.0,MutKnownFunctional,"-38,0.760"
X-2145,BAZ2B,29994.0,MutNovel,"S1470N,0.556"
X-2145,BCL9,607.0,MutKnownFunctional,"-940,0.364"
X-2145,BCOR,54880.0,MutKnownFunctional,"-914,1.000"
X-2145,BCORL1,63035.0,MutNovel,"P336L,1.000"
X-2145,BCORP1,286554.0,Del0.8,0.38
X-2145,BID,637.0,MutNovel,"V205A,0.538"
X-2145,BIRC6,57448.0,MutNovel,"P4168L,0.549"
X-2145,BMP2K,55589.0,MutNovel,"Q486H,0.429"
X-2145,BOLA3,388962.0,MutNovel,"G15E,0.704"
X-2145,BPGM,669.0,MutNovel,"S63P,0.486"
X-2145,BPY2B,442867.0,Del0.8,0.38
X-2145,BPY2B,442867.0,Del0.8,0.38
X-2145,BRAF,673.0,MutKnownFunctional,"V600E,0.500"
X-2145,BRAF,673.0,MutNovel,"I214T,0.333"
X-2145,BRAF,673.0,MutNovel,"A38D,0.667"
X-2145,BTN3A1,11119.0,MutKnownFunctional,"-279,0.500"
X-2145,C12orf35,55196.0,MutNovel,"T829A,0.500"
X-2145,C14orf102,55051.0,MutNovel,"V256A,0.500"
X-2145,C16orf53,79447.0,MutKnownFunctional,"-237,0.493"
X-2145,C17orf101,79701.0,MutNovel,"A18T,0.308"
X-2145,C3,718.0,MutNovel,"V121A,0.448"
X-2145,C6orf132,647024.0,MutNovel,"P305H,0.543"
X-2145,C8orf58,541565.0,MutNovel,"K258N,0.467"
X-2145,C9orf69,90120.0,MutNovel,"G52S,0.419"
X-2145,CAD,790.0,MutNovel,"R2085H,0.562"
X-2145,CALR,811.0,MutNovel,"EDE393-,0.347"
X-2145,CAMKK2,10645.0,MutNovel,"K538-,0.300"
X-2145,CAPN5,726.0,MutNovel,"V431G,0.424"
X-2145,CASP2,835.0,MutNovel,"R397W,0.643"
X-2145,CASP5,838.0,MutKnownFunctional,"-22,0.714"
X-2145,CBWD1,55871.0,MutNovel,"K301T,0.273"
X-2145,CBX4,8535.0,MutKnownFunctional,"-360,0.431"
X-2145,CBX6,23466.0,MutNovel,"A114T,1.000"
X-2145,CCDC107,203260.0,MutNovel,"A203T,0.430"
X-2145,CCDC82,79780.0,MutNovel,"Y379C,0.455"
X-2145,CD3EAP,10849.0,MutNovel,"L83I,0.520"
X-2145,CD47,961.0,MutNovel,"K93N,0.424"
X-2145,CDAN1,146059.0,MutNovel,"R819Q,0.833"
X-2145,CDC42BPG,55561.0,MutKnownFunctional,"R733*,0.467"
X-2145,CDC42EP1,11135.0,MutNovel,"PAPAANPS253P,0.744"
X-2145,CDR2,1039.0,MutKnownFunctional,"R258*,0.575"
X-2145,CDT1,81620.0,MutNovel,"L176P,0.347"
X-2145,CDY1B,253175.0,Del0.8,0.38
X-2145,CDY1B,253175.0,Del0.8,0.38
X-2145,CDY2A,9426.0,Del0.8,0.38
X-2145,CDY2A,9426.0,Del0.8,0.38
X-2145,CDY2B,203611.0,Del0.8,0.38
X-2145,CDY2B,203611.0,Del0.8,0.38
X-2145,CEACAM3,1084.0,MutNovel,"G48V,0.400"
X-2145,CEACAM8,1088.0,MutNovel,"L203F,0.636"
X-2145,CEACAM8,1088.0,MutNovel,"N155K,0.600"
X-2145,CELSR2,1952.0,MutNovel,"K1478N,0.667"
X-2145,CEP170,9859.0,MutNovel,"A1551P,0.610"
X-2145,CEP70,80321.0,MutNovel,"F389L,0.562"
X-2145,CEP85,64793.0,MutNovel,"R237Q,0.478"
X-2145,CES1P1,51716.0,Del0.8,0.63
X-2145,CFB,629.0,MutNovel,"M365-,0.481"
X-2145,CHD1L,9557.0,MutKnownFunctional,"R25*,0.550"
X-2145,CHD8,57680.0,MutNovel,"A234S,0.600"
X-2145,CHST15,51363.0,MutNovel,"V450M,0.800"
X-2145,CIT,11113.0,MutNovel,"V291M,0.375"
X-2145,CLCN6,1185.0,MutNovel,"T277M,0.429"
X-2145,CLEC16A,23274.0,MutNovel,"V396I,0.556"
X-2145,CLN6,54982.0,MutNovel,"A12T,0.549"
X-2145,CLPB,81570.0,MutNovel,"Q350H,0.500"
X-2145,CNNM2,54805.0,MutNovel,"A770V,0.950"
X-2145,CNPPD1,27013.0,MutNovel,"EV142V,0.411"
X-2145,CNTROB,116840.0,MutKnownFunctional,"-920,0.391"
X-2145,COASY,80347.0,MutNovel,"A137V,0.379"
X-2145,CPSF7,79869.0,MutNovel,"R465H,0.513"
X-2145,CREBBP,1387.0,MutNovel,"R1664H,0.539"
X-2145,CSPG4P1Y,114758.0,Del0.8,0.38
X-2145,CSPG4P1Y,114758.0,Del0.8,0.38
X-2145,CTDP1,9150.0,MutNovel,"P157L,0.321"
X-2145,CTIF,9811.0,MutNovel,"R465C,0.464"
X-2145,CUX1,1523.0,MutNovel,"S49N,0.414"
X-2145,CYC1,1537.0,MutNovel,"V11G,0.682"
X-2145,CYFIP1,23191.0,MutNovel,"S729P,0.454"
X-2145,CYP4F2,8529.0,MutNovel,"R507C,0.500"
X-2145,DAAM1,23002.0,MutNovel,"E709K,0.478"
X-2145,DAZ1,1617.0,Del0.8,0.38
X-2145,DAZ2,57055.0,Del0.8,0.38
X-2145,DAZ3,57054.0,Del0.8,0.38
X-2145,DAZ3,57054.0,Del0.8,0.38
X-2145,DAZ4,57135.0,Del0.8,0.38
X-2145,DAZ4,57135.0,Del0.8,0.38
X-2145,DAZAP2,9802.0,MutNovel,"V15A,0.427"
X-2145,DCAF4,26094.0,MutNovel,"Q487H,0.467"
X-2145,DCP1B,196513.0,MutNovel,"Q252H,0.526"
X-2145,DCTN1,1639.0,MutNovel,"P194H,0.529"
X-2145,DDI2,84301.0,MutNovel,"P227L,0.455"
X-2145,DDX11,1663.0,MutNovel,"C951H,0.324"
X-2145,DDX3Y,8653.0,Del0.8,0.38
X-2145,DENND2D,79961.0,MutNovel,"V299I,0.410"
X-2145,DGAT1,8694.0,MutNovel,"G453V,0.540"
X-2145,DHX36,170506.0,MutNovel,"I479T,0.587"
X-2145,DHX8,1659.0,MutNovel,"S363P,1.000"
X-2145,DIDO1,11083.0,MutNovel,"G1883C,0.571"
X-2145,DIEXF,27042.0,MutNovel,"R626H,0.400"
X-2145,DIEXF,27042.0,MutNovel,"R670H,0.273"
X-2145,DLG5,9231.0,MutNovel,"R782L,0.431"
X-2145,DNAJC2,27000.0,MutNovel,"P547L,0.469"
X-2145,DNAL4,10126.0,MutNovel,"N50D,1.000"
X-2145,DOCK7,85440.0,MutNovel,"A1448V,0.409"
X-2145,DOPEY2,9980.0,MutNovel,"A281T,0.333"
X-2145,DRAP1,10589.0,MutNovel,"K4-,0.342"
X-2145,DST,667.0,MutNovel,"A858T,0.550"
X-2145,DVL3,1857.0,MutNovel,"L18I,0.469"
X-2145,DYNC1H1,1778.0,MutNovel,"P1206H,0.211"
X-2145,DYNC1LI2,1783.0,MutNovel,"T329A,0.473"
X-2145,DYX1C1,161582.0,MutNovel,"R252H,0.444"
X-2145,EAF1,85403.0,MutNovel,"T133M,0.582"
X-2145,EFNA4,1945.0,MutKnownFunctional,"-176,0.458"
X-2145,EGLN2,112398.0,MutNovel,"E359K,0.481"
X-2145,EIF1AY,9086.0,Del0.8,0.38
X-2145,EIF3J,8669.0,MutNovel,"P105T,0.375"
X-2145,ELF4,2000.0,MutKnownFunctional,"-555,0.389"
X-2145,ENOX2,10495.0,MutNovel,"M94V,0.560"
X-2145,EPB49,2039.0,MutNovel,"S110Y,0.525"
X-2145,EPG5,57724.0,MutNovel,"A1144V,0.333"
X-2145,EPHA10,284656.0,MutKnownFunctional,"-910,0.368"
X-2145,EPS8,2059.0,MutNovel,"A771V,0.438"
X-2145,ERBB3,2065.0,MutNovel,"N179S,0.456"
X-2145,ERCC1,2067.0,MutNovel,"Q280R,0.561"
X-2145,ERCC2,2068.0,MutNovel,"R166H,0.475"
X-2145,ERCC5,2073.0,MutKnownFunctional,"-915,0.379"
X-2145,ERICH1,157697.0,MutNovel,"A251V,0.462"
X-2145,ERLIN1,10613.0,MutNovel,"Y22C,0.550"
X-2145,ERN1,2081.0,MutNovel,"L792H,0.375"
X-2145,ESYT2,57488.0,MutNovel,"G875D,0.512"
X-2145,ETHE1,23474.0,MutNovel,"S19A,0.343"
X-2145,EWSR1,2130.0,MutNovel,"Y104H,1.000"
X-2145,EXT2,2132.0,MutNovel,"A669V,0.497"
X-2145,EZH2,2146.0,MutNovel,"P577L,0.561"
X-2145,F5,2153.0,MutNovel,"Y1538C,0.595"
X-2145,FAM100A,124402.0,MutNovel,"H137P,0.714"
X-2145,FAM160A1,729830.0,MutNovel,"H870Q,0.312"
X-2145,FAM193A,8603.0,MutNovel,"A1005V,0.540"
X-2145,FAM197Y2P,252946.0,Del0.8,0.38
X-2145,FAM214B,80256.0,MutKnownFunctional,"-42,0.400"
X-2145,FAM21C,253725.0,MutNovel,"A408V,0.545"
X-2145,FAM41AY1,340618.0,Del0.8,0.38
X-2145,FAM41AY1,340618.0,Del0.8,0.38
X-2145,FAM50A,9130.0,MutNovel,"R309M,0.460"
X-2145,FAM81B,153643.0,MutNovel,"Q368E,1.000"
X-2145,FAM83H,286077.0,MutNovel,"S924G,0.216"
X-2145,FANCI,55215.0,MutKnownFunctional,"-1191,0.302"
X-2145,FASTK,10922.0,MutNovel,"R410H,0.400"
X-2145,FAT1,2195.0,MutNovel,"R881H,1.000"
X-2145,FAT1,2195.0,MutNovel,"I661T,1.000"
X-2145,FBXL18,80028.0,MutNovel,"R446H,0.500"
X-2145,FBXL18,80028.0,MutNovel,"I69T,0.556"
X-2145,FBXL3,26224.0,MutKnownFunctional,"-295,0.352"
X-2145,FBXO3,26273.0,MutNovel,"R329H,0.308"
X-2145,FBXO30,84085.0,MutKnownFunctional,"G435*,0.318"
X-2145,FBXO34,55030.0,MutKnownFunctional,"-483?,0.406"
X-2145,FCGBP,8857.0,MutNovel,"T4351P,0.264"
X-2145,FCGBP,8857.0,MutNovel,"S4285P,0.667"
X-2145,FCGBP,8857.0,MutNovel,"G1876S,1.000"
X-2145,FCGBP,8857.0,MutNovel,"P1705L,0.928"
X-2145,FCHSD2,9873.0,MutKnownFunctional,"-153,0.625"
X-2145,FER1L6,654463.0,MutNovel,"N726S,0.300"
X-2145,FGFR4,2264.0,MutNovel,"A657V,0.507"
X-2145,FHIT,2272.0,Del0.8,0.78
X-2145,FHL2,2274.0,MutNovel,"R113H,0.491"
X-2145,FHL2,2274.0,MutNovel,"S98P,0.513"
X-2145,FIBCD1,84929.0,MutNovel,"V368M,1.000"
X-2145,FIGNL1,63979.0,MutKnownFunctional,"-309?,0.500"
X-2145,FILIP1L,11259.0,MutKnownFunctional,"-749,0.400"
X-2145,FIP1L1,81608.0,MutNovel,"R475W,0.466"
X-2145,FLCN,201163.0,MutNovel,"R350W,0.469"
X-2145,FLNB,2317.0,MutNovel,"G1495V,0.540"
X-2145,FLOT2,2319.0,MutNovel,"P374I,0.439"
X-2145,FRG1,2483.0,MutNovel,"D193G,0.541"
X-2145,FTO,79068.0,MutNovel,"R316W,0.425"
X-2145,FZD6,8323.0,MutKnownFunctional,"-219?,0.524"
X-2145,GALNT8,26290.0,MutNovel,"R145Q,0.333"
X-2145,GBP3,2635.0,MutKnownFunctional,"-585,0.719"
X-2145,GCN1L1,10985.0,MutNovel,"A2492V,0.562"
X-2145,GIT2,9815.0,MutNovel,"A253T,0.333"
X-2145,GLCE,26035.0,MutKnownFunctional,"-405?,0.357"
X-2145,GNAI2,2771.0,MutNovel,"A153V,0.484"
X-2145,GOLGA1,2800.0,MutNovel,"A564V,0.559"
X-2145,GOLGA2P2Y,84559.0,Del0.8,0.38
X-2145,GOLGA2P2Y,84559.0,Del0.8,0.38
X-2145,GOLGA8A,23015.0,MutNovel,"A550V,1.000"
X-2145,GOLGA8H,,MutKnownFunctional,"R456*,1.000"
X-2145,GPHN,10243.0,MutNovel,"R311H,0.478"
X-2145,GPR3,2827.0,MutNovel,"L283S,0.667"
X-2145,GPRIN1,114787.0,MutNovel,"G86C,0.308"
X-2145,GRB7,2886.0,MutNovel,"R123C,0.684"
X-2145,GRHL2,79977.0,MutNovel,"Y216F,0.600"
X-2145,GSPT1,2935.0,MutNovel,"P41S,0.571"
X-2145,GSTT1,2952.0,Amp5,6.15
X-2145,GTF2IRD1,9569.0,MutNovel,"V57M,0.483"
X-2145,GTF3C1,2975.0,MutNovel,"R195Q,0.588"
X-2145,GTF3C4,9329.0,MutNovel,"A490V,0.450"
X-2145,GTPBP2,54676.0,MutNovel,"R203W,0.463"
X-2145,GTPBP3,84705.0,MutNovel,"A140T,0.520"
X-2145,GTPBP5,26164.0,MutNovel,"H384D,0.527"
X-2145,GYG2P1,352887.0,Del0.8,0.38
X-2145,HACE1,57531.0,MutNovel,"N697I,0.333"
X-2145,HCN1,348980.0,MutNovel,"S789L,0.556"
X-2145,HDHD2,84064.0,MutNovel,"D215Y,0.509"
X-2145,HEATR1,55127.0,MutNovel,"E1658D,0.375"
X-2145,HECTD1,25831.0,MutNovel,"EG1059G,0.577"
X-2145,HERC1,8925.0,MutNovel,"R3704H,0.333"
X-2145,HERC2,8924.0,MutNovel,"G640C,0.500"
X-2145,HERC3,8916.0,MutNovel,"V706I,0.579"
X-2145,HIP1R,9026.0,MutNovel,"S575R,0.375"
X-2145,HIPK1,204851.0,MutNovel,"V546I,0.659"
X-2145,HIST1H2BJ,8970.0,MutNovel,"P51L,0.550"
X-2145,HLA-DRB1,3123.0,Amp5,5.28
X-2145,HLA-DRB5,3127.0,Amp5,5.28
X-2145,HLA-DRB6,3128.0,Amp5,5.28
X-2145,HNRNPC,3183.0,MutNovel,"I217N,0.474"
X-2145,HNRNPM,4670.0,MutNovel,"RMGPA591R,0.279"
X-2145,HNRPLL,92906.0,MutNovel,"R309Q,0.540"
X-2145,HOMER3,9454.0,MutNovel,"A43V,0.659"
X-2145,HOXB3,3213.0,MutKnownFunctional,"-34?,0.417"
X-2145,HPRT1,3251.0,MutNovel,"R167S,0.987"
X-2145,HPS4,89781.0,MutNovel,"S450I,1.000"
X-2145,HPS5,11234.0,MutNovel,"P589T,0.611"
X-2145,HPS6,79803.0,MutKnownFunctional,"-557,0.417"
X-2145,HSFY2,159119.0,Del0.8,0.38
X-2145,HSFY2,159119.0,Del0.8,0.38
X-2145,HSPBP1,23640.0,MutNovel,"G25V,0.586"
X-2145,HSPG2,3339.0,MutNovel,"R724H,0.500"
X-2145,HTT,3064.0,MutNovel,"T1253M,0.507"
X-2145,HYOU1,10525.0,MutNovel,"R345H,0.380"
X-2145,IFIT1B,439996.0,MutNovel,"A150L,1.000"
X-2145,IFITM10,402778.0,MutNovel,"P38L,0.391"
X-2145,IGF2R,3482.0,MutNovel,"L2028P,0.885"
X-2145,IGSF3,3321.0,MutNovel,"Q931H,0.556"
X-2145,IGSF9,57549.0,MutNovel,"A91V,0.458"
X-2145,IL17C,27189.0,MutNovel,"R160H,0.424"
X-2145,IL17RA,23765.0,MutNovel,"A680V,0.455"
X-2145,IL17RC,84818.0,MutNovel,"D407A,0.346"
X-2145,IL17RE,132014.0,MutNovel,"I461T,0.456"
X-2145,IL4R,3566.0,MutNovel,"L129P,0.541"
X-2145,INF2,64423.0,MutNovel,"R556W,0.915"
X-2145,INPPL1,3636.0,MutKnownFunctional,"-1066,0.435"
X-2145,INPPL1,3636.0,MutKnownFunctional,"-1154,0.277"
X-2145,INTS12,57117.0,MutKnownFunctional,"-14?,0.311"
X-2145,INTS3,65123.0,MutNovel,"M56I,0.393"
X-2145,IPO7,10527.0,MutNovel,"L726F,0.897"
X-2145,IQSEC1,9922.0,MutNovel,"L576F,0.667"
X-2145,IRF8,3394.0,MutNovel,"V426I,0.684"
X-2145,ITGA2,3673.0,MutNovel,"R272Q,0.552"
X-2145,ITGB5,3693.0,MutNovel,"V697M,0.436"
X-2145,ITPR3,3710.0,MutKnownFunctional,"W2184*,0.341"
X-2145,ITSN1,6453.0,MutNovel,"L372I,0.308"
X-2145,JTB,10899.0,MutKnownFunctional,"G78*,0.374"
X-2145,JUN,3725.0,MutNovel,"G141C,0.653"
X-2145,KAT6B,23522.0,MutNovel,"Y176H,0.500"
X-2145,KCNH8,131096.0,MutNovel,"V327M,0.444"
X-2145,KDM2A,22992.0,MutNovel,"T800A,0.424"
X-2145,KDM2B,84678.0,MutKnownFunctional,"R1124*,0.222"
X-2145,KDM5A,5927.0,MutKnownFunctional,"-1199,0.286"
X-2145,KDM5D,8284.0,Del0.8,0.38
X-2145,KDM6B,23135.0,MutNovel,"A1562T,0.459"
X-2145,KIAA0586,9786.0,MutNovel,"L515S,1.000"
X-2145,KIAA0930,23313.0,MutNovel,"S329L,1.000"
X-2145,KIAA1432,57589.0,MutNovel,"S611N,0.226"
X-2145,KIAA1549,57670.0,MutNovel,"S234P,0.440"
X-2145,KIAA1737,85457.0,MutNovel,"V348A,0.533"
X-2145,KIAA1958,158405.0,MutNovel,"R483Q,0.375"
X-2145,KIAA2018,205717.0,MutKnownFunctional,"-1016,1.000"
X-2145,KIF21A,55605.0,MutNovel,"A13D,0.500"
X-2145,KIFAP3,22920.0,MutNovel,"V749I,0.528"
X-2145,KLF3,51274.0,MutNovel,"M180I,0.432"
X-2145,KLHL17,339451.0,MutKnownFunctional,"-582,0.357"
X-2145,KLHL26,55295.0,MutKnownFunctional,"-514,0.368"
X-2145,KNTC1,9735.0,MutNovel,"T392M,1.000"
X-2145,KPNA7,402569.0,MutNovel,"T312R,0.800"
X-2145,LARP1,23367.0,MutNovel,"S339G,0.394"
X-2145,LAS1L,81887.0,MutNovel,"S127P,1.000"
X-2145,LCE3C,353144.0,Del0.8,0.59
X-2145,LGALS3BP,3959.0,MutKnownFunctional,"-371,0.230"
X-2145,LOC100996358,,MutKnownFunctional,"W210*,0.517"
X-2145,LOC100996641,,MutNovel,"A282T,1.000"
X-2145,LOC391322,391322.0,Amp5,6.15
X-2145,LOC642131,,MutNovel,"P60S,1.000"
X-2145,LOC642131,,MutNovel,"S51G,1.000"
X-2145,LOC646627,646627.0,MutNovel,"LS45-,0.357"
X-2145,LPCAT4,254531.0,MutKnownFunctional,"-490,0.609"
X-2145,LRP10,26020.0,MutNovel,"G660S,0.476"
X-2145,LRP12,29967.0,MutNovel,"D787H,0.577"
X-2145,LRRC8A,56262.0,MutNovel,"R640C,0.533"
X-2145,LRRC8D,55144.0,MutNovel,"S179G,0.613"
X-2145,LZTR1,8216.0,MutNovel,"R561H,0.280"
X-2145,MAMDC4,158056.0,MutNovel,"G714S,0.519"
X-2145,MAML2,84441.0,MutNovel,"R910Q,0.357"
X-2145,MAN2A2,4122.0,MutNovel,"L413P,0.605"
X-2145,MAN2A2,4122.0,MutNovel,"R937C,0.512"
X-2145,MAP3K6,9064.0,MutNovel,"R1185Q,0.550"
X-2145,MAPK9,5601.0,MutNovel,"A385T,0.464"
X-2145,2014-03-05 00:00:00,54708.0,MutNovel,"R49H,0.509"
X-2145,MARK3,4140.0,MutKnownFunctional,"-261?,0.220"
X-2145,MARK4,57787.0,MutNovel,"R610H,0.556"
X-2145,MARVELD2,153562.0,MutNovel,"D20N,0.392"
X-2145,MARVELD3,91862.0,MutKnownFunctional,"-314,0.508"
X-2145,MAZ,4150.0,MutNovel,"C312Y,0.522"
X-2145,MBD5,55777.0,MutNovel,"L99I,0.833"
X-2145,MBD6,114785.0,MutKnownFunctional,"-732,0.419"
X-2145,MCL1,4170.0,MutNovel,"T102P,0.312"
X-2145,MDM1,56890.0,MutNovel,"V81G,0.600"
X-2145,MDN1,23195.0,MutNovel,"P4270H,0.667"
X-2145,MECOM,2122.0,MutKnownFunctional,"-801,0.702"
X-2145,MFAP3,4238.0,MutNovel,"R230H,0.483"
X-2145,MFSD12,126321.0,MutNovel,"P154T,0.562"
X-2145,MGAT2,4247.0,MutKnownFunctional,"-114,0.378"
X-2145,MGAT5,4249.0,MutNovel,"R344I,0.543"
X-2145,MGAT5,4249.0,MutNovel,"A529T,0.433"
X-2145,MIB2,142678.0,MutNovel,"R896H,0.368"
X-2145,MIPEP,4285.0,MutNovel,"C448Y,0.421"
X-2145,MLL3,58508.0,MutNovel,"P3644H,0.706"
X-2145,MLLT4,4301.0,MutKnownFunctional,"R1281*,0.423"
X-2145,MLXIP,22877.0,MutNovel,"Y766H,0.600"
X-2145,MRI1,84245.0,MutKnownFunctional,"-328,0.449"
X-2145,MSH5,4439.0,MutNovel,"C569G,0.300"
X-2145,MTSS1L,92154.0,MutNovel,"H686R,0.500"
X-2145,MUC12,10071.0,MutNovel,"T312I,0.412"
X-2145,MUC12,10071.0,MutNovel,"L324F,0.500"
X-2145,MUC12,10071.0,MutNovel,"S330L,0.500"
X-2145,MUC12,10071.0,MutNovel,"R855H,1.000"
X-2145,MUC12,10071.0,MutNovel,"T1066K,0.600"
X-2145,MUC12,10071.0,MutNovel,"R1133H,0.235"
X-2145,MUC12,10071.0,MutNovel,"P1136R,0.267"
X-2145,MUC12,10071.0,MutNovel,"R1165P,1.000"
X-2145,MUC12,10071.0,MutNovel,"T2707M,0.245"
X-2145,MUC12,10071.0,MutNovel,"S4278G,0.222"
X-2145,MUC12,10071.0,MutNovel,"T4363I,0.643"
X-2145,MUC12,10071.0,MutNovel,"S4381L,1.000"
X-2145,MUC12,10071.0,MutNovel,"T4391P,0.583"
X-2145,MUC12,10071.0,MutNovel,"L4568F,0.765"
X-2145,MUC17,140453.0,MutNovel,"P817L,0.615"
X-2145,MUC2,4583.0,MutNovel,"I1442T,0.270"
X-2145,MUC2,4583.0,MutNovel,"P1480PT,0.242"
X-2145,MUC2,4583.0,MutNovel,"T1488P,0.218"
X-2145,MUC5B,727897.0,MutNovel,"T4544M,0.667"
X-2145,MUC6,4588.0,MutNovel,"M1648T,1.000"
X-2145,MYBBP1A,10514.0,MutNovel,"P504T,0.494"
X-2145,MYH11,4629.0,MutNovel,"K1263-,0.800"
X-2145,MYNN,55892.0,MutNovel,"T179M,0.519"
X-2145,MYO1A,4640.0,MutKnownFunctional,"-1033,0.872"
X-2145,MYO7B,4648.0,MutNovel,"R1758W,0.522"
X-2145,MYO9B,4650.0,MutNovel,"A706D,0.406"
X-2145,N4BP1,9683.0,MutKnownFunctional,"C82*,0.582"
X-2145,NAIF1,203245.0,MutKnownFunctional,"-194,0.270"
X-2145,NBEAL2,23218.0,MutNovel,"V2166M,0.546"
X-2145,NBPF11,200030.0,MutNovel,"D233V,0.300"
X-2145,NBPF14,25832.0,MutNovel,"Y869F,0.294"
X-2145,NCK2,8440.0,MutNovel,"H262Y,0.503"
X-2145,NCRNA00185,55410.0,Del0.8,0.38
X-2145,NEMF,9147.0,MutNovel,"V850I,0.360"
X-2145,NFATC1,4772.0,MutKnownFunctional,"R515*,0.208"
X-2145,NHSL1,57224.0,MutNovel,"R1518W,0.532"
X-2145,NIF3L1,60491.0,MutNovel,"M28L,0.567"
X-2145,NLGN4Y,22829.0,Del0.8,0.38
X-2145,NLRP1,22861.0,MutNovel,"A1020V,0.416"
X-2145,NOP2,4839.0,MutNovel,"R341W,0.475"
X-2145,NOTCH1,4851.0,MutNovel,"R1303C,0.571"
X-2145,NOXO1,124056.0,MutNovel,"Y279H,0.478"
X-2145,NPC1,4864.0,MutNovel,"S1160I,0.632"
X-2145,NPIPL3,23117.0,MutNovel,"L793I,0.667"
X-2145,NPSR1,387129.0,MutNovel,"A149V,0.562"
X-2145,NR1D1,9572.0,MutKnownFunctional,"-161,0.885"
X-2145,NR2C2AP,126382.0,MutNovel,"E95G,0.333"
X-2145,NR5A2,2494.0,MutNovel,"G421R,0.714"
X-2145,NRD1,4898.0,MutNovel,"A1088V,0.512"
X-2145,NRD1,4898.0,MutNovel,"A267V,0.286"
X-2145,NRIP1,8204.0,MutKnownFunctional,"-728,0.688"
X-2145,NRIP1,8204.0,MutNovel,"N437S,0.611"
X-2145,NSD1,64324.0,MutNovel,"R334H,0.273"
X-2145,NSD1,64324.0,MutNovel,"M928I,0.667"
X-2145,NSUN5,55695.0,MutNovel,"G206R,0.439"
X-2145,NSUN7,79730.0,MutNovel,"R630W,0.562"
X-2145,NT5DC3,51559.0,MutNovel,"A529T,0.375"
X-2145,NUAK1,9891.0,MutNovel,"P389S,0.611"
X-2145,NUDT19,390916.0,MutNovel,"R283H,1.000"
X-2145,NUP210,23225.0,MutNovel,"V1170M,0.414"
X-2145,OAS1,4938.0,MutKnownFunctional,"-111,0.262"
X-2145,OGDH,4967.0,MutNovel,"P524L,0.467"
X-2145,OGDH,4967.0,MutNovel,"R974Q,0.469"
X-2145,OR2A7,401427.0,MutNovel,"V18I,0.400"
X-2145,OR4C6,219432.0,Del0.8,0.64
X-2145,OR4P4,81300.0,Del0.8,0.64
X-2145,OR4S2,219431.0,Del0.8,0.64
X-2145,PAK4,10298.0,MutNovel,"A144V,0.429"
X-2145,PAK4,10298.0,MutNovel,"S242-,0.522"
X-2145,PAM,5066.0,MutNovel,"A440V,0.286"
X-2145,PARP10,84875.0,MutNovel,"V11G,0.462"
X-2145,PBX2,5089.0,MutNovel,"N387S,0.444"
X-2145,PBX2,5089.0,MutKnownFunctional,"-328,0.360"
X-2145,PCDH11Y,83259.0,Del0.8,0.38
X-2145,PCDHB13,56123.0,MutNovel,"A693V,0.294"
X-2145,PCDHB16,57717.0,MutNovel,"A515T,0.846"
X-2145,PCDHGA6,56109.0,MutNovel,"L525S,0.667"
X-2145,PCSK5,5125.0,MutNovel,"V100M,0.406"
X-2145,PCSK6,5046.0,MutNovel,"R807C,0.449"
X-2145,PDS5B,23047.0,MutKnownFunctional,"-1387,0.286"
X-2145,PDXK,8566.0,MutNovel,"G83D,0.405"
X-2145,PER1,5187.0,MutNovel,"V393A,0.493"
X-2145,PEX11G,92960.0,MutNovel,"R208H,0.571"
X-2145,PFKL,5211.0,MutNovel,"A320V,0.505"
X-2145,PHF12,57649.0,MutKnownFunctional,"-882?,0.348"
X-2145,PHLDA1,22822.0,MutNovel,"QQ194Q,0.641"
X-2145,PIEZO1,9780.0,MutNovel,"D757GN,0.450"
X-2145,PIEZO1,9780.0,MutNovel,"L41P,0.611"
X-2145,PIP5K1B,8395.0,MutNovel,"I414V,0.554"
X-2145,PITPNM1,9600.0,MutNovel,"Q269R,0.224"
X-2145,PITX2,5308.0,MutNovel,"F218L,0.227"
X-2145,PLCE1,51196.0,MutNovel,"L2011S,0.375"
X-2145,PLEKHA4,57664.0,MutNovel,"R338Q,0.429"
X-2145,PLEKHA6,22874.0,MutKnownFunctional,"-328,0.278"
X-2145,PLEKHN1,84069.0,MutNovel,"T363P,0.667"
X-2145,PLEKHO1,51177.0,MutKnownFunctional,"-254,0.385"
X-2145,PLXNB2,23654.0,MutNovel,"I1806V,0.996"
X-2145,PMEPA1,56937.0,MutKnownFunctional,"-208,0.482"
X-2145,PNKP,11284.0,MutNovel,"R110H,0.447"
X-2145,PNPLA4,8228.0,Del0.8,0.59
X-2145,POLE,5426.0,MutNovel,"R1324C,0.450"
X-2145,POLR2A,5430.0,MutNovel,"A1114V,0.525"
X-2145,POLR3C,10623.0,MutNovel,"Q355H,0.580"
X-2145,POM121,9883.0,MutNovel,"R19H,0.645"
X-2145,POTEE,445582.0,MutNovel,"N869Y,1.000"
X-2145,POU4F3,5459.0,MutNovel,"A102V,1.000"
X-2145,PPFIBP1,8496.0,MutNovel,"P431S,0.500"
X-2145,PPM1D,8493.0,MutKnownFunctional,"-448,0.742"
X-2145,PPP1R12A,4659.0,MutNovel,"R333H,0.400"
X-2145,PPP1R12C,54776.0,MutNovel,"S176L,0.222"
X-2145,PPP1R26,9858.0,MutNovel,"P302S,0.432"
X-2145,PPP2R5A,5525.0,MutNovel,"R133C,0.495"
X-2145,PRDM4,11108.0,MutNovel,"R700C,0.464"
X-2145,PREB,10113.0,MutNovel,"R116L,0.434"
X-2145,PRKD3,23683.0,MutNovel,"R674Q,0.379"
X-2145,PRKY,5616.0,Del0.8,0.38
X-2145,PROSAPIP1,,MutNovel,"R58L,0.429"
X-2145,PRPF6,24148.0,MutKnownFunctional,"-874,0.374"
X-2145,PRY,9081.0,Del0.8,0.38
X-2145,PRY,9081.0,Del0.8,0.38
X-2145,PRY2,442862.0,Del0.8,0.38
X-2145,PRY2,442862.0,Del0.8,0.38
X-2145,PSD4,23550.0,MutNovel,"R956G,0.353"
X-2145,PSMD6,9861.0,MutNovel,"GD172D,0.398"
X-2145,PTEN,5728.0,MutLikelyFunctional,"-163,0.293"
X-2145,PTEN,5728.0,MutLikelyFunctional,"-265,0.506"
X-2145,PTK2B,2185.0,MutNovel,"V924M,0.476"
X-2145,PTK7,5754.0,MutNovel,"E827D,0.750"
X-2145,PTPN12,5782.0,MutKnownFunctional,"Y150*,0.288"
X-2145,PTPN18,26469.0,MutNovel,"N309S,0.439"
X-2145,RAB11FIP1,80223.0,MutKnownFunctional,"-1129,0.414"
X-2145,RAB11FIP1,80223.0,MutKnownFunctional,"-774,0.393"
X-2145,RAB15,376267.0,MutNovel,"W175G,0.385"
X-2145,RAD51AP1,10635.0,MutKnownFunctional,"-68,0.375"
X-2145,RAI1,10743.0,MutNovel,"A657V,0.296"
X-2145,RALY,22913.0,MutNovel,"A81V,0.467"
X-2145,RANBP2,5903.0,MutNovel,"A184V,0.500"
X-2145,RASAL2,9462.0,MutNovel,"R433W,0.385"
X-2145,RBM15,64783.0,MutNovel,"P560S,0.556"
X-2145,RBMY1A3P,286557.0,Del0.8,0.38
X-2145,RBMY1B,378948.0,Del0.8,0.38
X-2145,RBMY1B,378948.0,Del0.8,0.38
X-2145,RBMY1E,378950.0,Del0.8,0.38
X-2145,RBMY1E,378950.0,Del0.8,0.38
X-2145,RBMY1F,159163.0,Del0.8,0.38
X-2145,RBMY1F,159163.0,Del0.8,0.38
X-2145,RBMY1J,378951.0,Del0.8,0.38
X-2145,RBMY1J,378951.0,Del0.8,0.38
X-2145,RBMY2EP,159125.0,Del0.8,0.38
X-2145,RBMY2FP,159162.0,Del0.8,0.38
X-2145,RBMY3AP,64593.0,Del0.8,0.38
X-2145,RC3H1,149041.0,MutNovel,"R164Q,0.571"
X-2145,RCE1,9986.0,MutNovel,"V197L,0.421"
X-2145,REPIN1,29803.0,MutNovel,"R222W,0.345"
X-2145,REPIN1,29803.0,MutKnownFunctional,"-427,0.275"
X-2145,RHBDL1,9028.0,MutNovel,"R400Q,0.667"
X-2145,RHOT1,55288.0,MutNovel,"D197G,0.609"
X-2145,RIC8A,60626.0,MutNovel,"F403S,0.426"
X-2145,RNASEL,6041.0,MutNovel,"D217V,0.455"
X-2145,RNF130,55819.0,MutNovel,"S360L,0.511"
X-2145,RNF145,153830.0,MutNovel,"KK25K,0.698"
X-2145,RNF145,153830.0,MutNovel,"K25E,0.900"
X-2145,RNF40,9810.0,MutNovel,"C986Y,0.344"
X-2145,RNH1,6050.0,MutNovel,"V187I,0.495"
X-2145,RNPEPL1,57140.0,MutNovel,"S680N,0.600"
X-2145,ROCK2,9475.0,MutKnownFunctional,"-1351,0.250"
X-2145,ROMO1,140823.0,MutNovel,"G68C,0.538"
X-2145,RPL4,6124.0,MutKnownFunctional,"-400,0.339"
X-2145,RPS12,6206.0,MutNovel,"Y61H,0.557"
X-2145,RPS4Y1,6192.0,Del0.8,0.38
X-2145,RPS4Y2,140032.0,Del0.8,0.38
X-2145,RREB1,6239.0,MutNovel,"Y736C,0.538"
X-2145,RSRC1,51319.0,MutNovel,"R139C,0.419"
X-2145,RUFY3,22902.0,MutNovel,"Q232R,0.269"
X-2145,RUNDC1,146923.0,MutKnownFunctional,"-511,0.426"
X-2145,RUSC2,9853.0,MutNovel,"R523H,0.706"
X-2145,RWDD3,25950.0,MutNovel,"V192A,0.800"
X-2145,SAMD10,140700.0,MutNovel,"D88V,0.727"
X-2145,SAMD8,142891.0,MutNovel,"G415A,0.571"
X-2145,SCP2,6342.0,MutNovel,"M508I,0.443"
X-2145,SCRIB,23513.0,MutNovel,"R1466H,0.521"
X-2145,SDR39U1,56948.0,MutKnownFunctional,"-182,0.326"
X-2145,SEC23B,10483.0,MutNovel,"A2V,0.447"
X-2145,SEC61B,10952.0,MutKnownFunctional,"-53,0.417"
X-2145,SECISBP2,79048.0,MutNovel,"R305Q,0.417"
X-2145,SENP5,205564.0,MutNovel,"A699V,0.382"
X-2145,SEPN1,57190.0,MutNovel,"A369T,0.500"
X-2145,SERINC2,347735.0,MutNovel,"-373Q,0.668"
X-2145,SERPINF2,5345.0,MutKnownFunctional,"-478?,0.458"
X-2145,SF3A1,10291.0,MutNovel,"R430H,0.985"
X-2145,SGK223,157285.0,MutNovel,"T1076P,0.429"
X-2145,SH3GL1,6455.0,MutNovel,"R260L,0.471"
X-2145,SHC1,6464.0,MutKnownFunctional,"-363?,0.350"
X-2145,SHC1,6464.0,MutNovel,"L220P,0.462"
X-2145,SHKBP1,92799.0,MutNovel,"R139W,0.545"
X-2145,SIK3,23387.0,MutNovel,"D187G,0.462"
X-2145,SIRT6,51548.0,MutNovel,"H119R,0.514"
X-2145,SKI,6497.0,MutNovel,"R645Q,0.214"
X-2145,SLC16A4,9122.0,MutNovel,"A437T,0.652"
X-2145,SLC20A1,6574.0,MutKnownFunctional,"-328?,0.275"
X-2145,SLC25A1,6576.0,MutNovel,"A9P,0.375"
X-2145,SLC26A6,65010.0,MutNovel,"I726T,0.210"
X-2145,SLC2A1,6513.0,MutNovel,"L284P,0.484"
X-2145,SLC30A5,64924.0,MutKnownFunctional,"-110,0.318"
X-2145,SLC44A1,23446.0,MutNovel,"A319T,0.484"
X-2145,SLC45A4,57210.0,MutNovel,"A149T,0.562"
X-2145,SLC46A3,283537.0,MutNovel,"S233P,0.500"
X-2145,SLC6A9,6536.0,MutNovel,"R634C,0.438"
X-2145,SLU7,10569.0,MutNovel,"A3S,0.421"
X-2145,SMAD2,4087.0,MutNovel,"P9S,0.504"
X-2145,SNAPC4,6621.0,MutNovel,"E546K,0.667"
X-2145,SOCS3,9021.0,MutNovel,"R39H,0.929"
X-2145,SOLH,6650.0,MutNovel,"G326R,0.656"
X-2145,SORL1,6653.0,MutNovel,"R1842C,0.907"
X-2145,SOX13,9580.0,MutNovel,"A524T,0.414"
X-2145,SP1,6667.0,MutNovel,"A38T,0.444"
X-2145,SP110,3431.0,MutNovel,"R516Q,0.519"
X-2145,SP2,6668.0,MutKnownFunctional,"-168,0.300"
X-2145,SPATA5,166378.0,MutNovel,"I484N,0.571"
X-2145,SPRYD7,57213.0,MutKnownFunctional,"-147,0.477"
X-2145,SPTAN1,6709.0,MutNovel,"R1637H,0.499"
X-2145,SPTBN2,6712.0,MutNovel,"K2228E,0.667"
X-2145,SPTBN2,6712.0,MutNovel,"A1038T,0.231"
X-2145,SRRM1,10250.0,MutNovel,"R349K,0.521"
X-2145,SRRM2,23524.0,MutNovel,"S358N,0.508"
X-2145,SRY,6736.0,Del0.8,0.38
X-2145,ST14,6768.0,MutNovel,"R463W,0.474"
X-2145,STAG1,10274.0,MutKnownFunctional,"R1233*,0.333"
X-2145,STAMBPL1,57559.0,MutKnownFunctional,"-403,0.538"
X-2145,STARD10,10809.0,MutNovel,"A112T,0.550"
X-2145,STAT5A,6776.0,MutNovel,"G23S,0.364"
X-2145,STIM2,57620.0,MutKnownFunctional,"-543,0.494"
X-2145,STRN3,29966.0,MutNovel,"K360N,0.731"
X-2145,SULT2B1,6820.0,MutNovel,"D191N,0.469"
X-2145,SUPT16H,11198.0,MutNovel,"V332R,0.526"
X-2145,SUPT16H,11198.0,MutNovel,"A270V,0.565"
X-2145,SVIL,6840.0,MutKnownFunctional,"-1862,0.647"
X-2145,SVIL,6840.0,MutNovel,"R1167W,0.750"
X-2145,TAB2,23118.0,MutNovel,"M32V,0.467"
X-2145,TACC2,10579.0,MutNovel,"P809T,0.600"
X-2145,TBC1D12,23232.0,MutNovel,"R370Q,0.727"
X-2145,TBC1D15,64786.0,MutNovel,"R308H,0.534"
X-2145,TBC1D17,79735.0,MutNovel,"L46M,0.460"
X-2145,TBC1D2,55357.0,MutNovel,"R465Q,0.667"
X-2145,TBC1D22A,25771.0,MutNovel,"A511T,0.971"
X-2145,TBC1D23,55773.0,MutKnownFunctional,"-647,0.345"
X-2145,TBC1D8,11138.0,MutNovel,"H1087Y,0.364"
X-2145,TBC1D8,11138.0,MutNovel,"A78T,0.378"
X-2145,TBC1D9B,23061.0,MutNovel,"G1178S,0.409"
X-2145,TBL1Y,90665.0,Del0.8,0.38
X-2145,TEX2,55852.0,MutNovel,"T875M,0.576"
X-2145,TFAP2A,7020.0,MutNovel,"T110A,0.413"
X-2145,TGFBR2,7048.0,MutKnownFunctional,"-150,0.556"
X-2145,TGIF2LY,90655.0,Del0.8,0.38
X-2145,THAP5,168451.0,MutKnownFunctional,"-99,0.737"
X-2145,THAP6,152815.0,MutKnownFunctional,"-56,0.304"
X-2145,THAP9,79725.0,MutNovel,"R169Q,0.500"
X-2145,THOP1,7064.0,MutNovel,"R166H,0.553"
X-2145,THYN1,29087.0,MutNovel,"GE108E,0.409"
X-2145,TIMM44,10469.0,MutNovel,"V234M,0.432"
X-2145,TMEM106C,79022.0,MutNovel,"A249D,0.589"
X-2145,TMEM185B,79134.0,MutKnownFunctional,"-341,0.400"
X-2145,TMEM87A,25963.0,MutNovel,"A413T,0.591"
X-2145,TMEM97,27346.0,MutKnownFunctional,"-173,0.376"
X-2145,TMSB4Y,9087.0,Del0.8,0.38
X-2145,TNFRSF10A,8797.0,MutNovel,"R282C,0.571"
X-2145,TNFRSF14,8764.0,MutNovel,"P167L,0.450"
X-2145,TNPO3,23534.0,MutNovel,"R671H,0.447"
X-2145,TOR1B,27348.0,MutNovel,"A189T,0.443"
X-2145,TPI1,7167.0,MutKnownFunctional,"W229*,0.314"
X-2145,TREX1,11277.0,MutKnownFunctional,"-101?,0.370"
X-2145,TRIM13,10206.0,MutNovel,"A401T,0.577"
X-2145,TRIM22,10346.0,MutNovel,"D164Y,0.680"
X-2145,TRIM56,81844.0,MutNovel,"P66S,0.778"
X-2145,TRIM7,81786.0,MutNovel,"H376P,0.500"
X-2145,TRIP10,9322.0,MutNovel,"R354C,0.524"
X-2145,TRMT10C,,MutKnownFunctional,"-128,0.312"
X-2145,TRNT1,51095.0,MutNovel,"D348Y,0.583"
X-2145,TROVE2,6738.0,MutNovel,"L314F,0.444"
X-2145,TRPM4,54795.0,MutNovel,"K16-,0.534"
X-2145,TRRAP,8295.0,MutNovel,"V1977L,0.409"
X-2145,TSC2,7249.0,MutNovel,"R115H,0.538"
X-2145,TSPY1,7258.0,Del0.8,0.38
X-2145,TSPY2,64591.0,Del0.8,0.38
X-2145,TSPY3,728137.0,Del0.8,0.38
X-2145,TSPY4,728395.0,Del0.8,0.38
X-2145,TSPY8,728403.0,Del0.8,0.38
X-2145,TSPYL1,7259.0,MutNovel,"V176VW,0.914"
X-2145,TST,7263.0,MutKnownFunctional,"-285?,0.747"
X-2145,TTC17,55761.0,MutNovel,"V1027G,0.309"
X-2145,TTC3,7267.0,MutNovel,"V1077A,0.468"
X-2145,TTTY10,246119.0,Del0.8,0.38
X-2145,TTTY11,83866.0,Del0.8,0.38
X-2145,TTTY12,83867.0,Del0.8,0.38
X-2145,TTTY13,83868.0,Del0.8,0.38
X-2145,TTTY14,83869.0,Del0.8,0.38
X-2145,TTTY15,64595.0,Del0.8,0.38
X-2145,TTTY16,252948.0,Del0.8,0.38
X-2145,TTTY17A,252949.0,Del0.8,0.38
X-2145,TTTY17A,252949.0,Del0.8,0.38
X-2145,TTTY18,252950.0,Del0.8,0.38
X-2145,TTTY19,252952.0,Del0.8,0.38
X-2145,TTTY1B,100101116.0,Del0.8,0.38
X-2145,TTTY1B,100101116.0,Del0.8,0.38
X-2145,TTTY2,60439.0,Del0.8,0.38
X-2145,TTTY2,60439.0,Del0.8,0.38
X-2145,TTTY20,252951.0,Del0.8,0.38
X-2145,TTTY21,252953.0,Del0.8,0.38
X-2145,TTTY21,252953.0,Del0.8,0.38
X-2145,TTTY22,252954.0,Del0.8,0.38
X-2145,TTTY23,252955.0,Del0.8,0.38
X-2145,TTTY23,252955.0,Del0.8,0.38
X-2145,TTTY3,114760.0,Del0.8,0.38
X-2145,TTTY3,114760.0,Del0.8,0.38
X-2145,TTTY4,114761.0,Del0.8,0.38
X-2145,TTTY4,114761.0,Del0.8,0.38
X-2145,TTTY5,83863.0,Del0.8,0.38
X-2145,TTTY6,84672.0,Del0.8,0.38
X-2145,TTTY6,84672.0,Del0.8,0.38
X-2145,TTTY7,246122.0,Del0.8,0.38
X-2145,TTTY7,246122.0,Del0.8,0.38
X-2145,TTTY7B,100101120.0,Del0.8,0.38
X-2145,TTTY7B,100101120.0,Del0.8,0.38
X-2145,TTTY8,84673.0,Del0.8,0.38
X-2145,TTTY8,84673.0,Del0.8,0.38
X-2145,TTTY9A,83864.0,Del0.8,0.38
X-2145,TTTY9A,83864.0,Del0.8,0.38
X-2145,TUBB3,10381.0,MutNovel,"R241H,1.000"
X-2145,TUBGCP5,114791.0,MutNovel,"R603H,0.500"
X-2145,TUFM,7284.0,MutNovel,"R338W,0.349"
X-2145,TXLNG2P,246126.0,Del0.8,0.38
X-2145,UBXN11,91544.0,MutNovel,"G488C,0.706"
X-2145,UCKL1,54963.0,MutNovel,"P14T,0.333"
X-2145,UEVLD,55293.0,MutNovel,"Q327H,0.458"
X-2145,UFL1,23376.0,MutNovel,"R655M,0.604"
X-2145,UHRF1BP1L,23074.0,MutNovel,"R477H,0.364"
X-2145,URB1,9875.0,MutNovel,"Q930R,0.750"
X-2145,USP1,7398.0,MutKnownFunctional,"-660,0.468"
X-2145,USP13,8975.0,MutNovel,"R642H,0.800"
X-2145,USP36,57602.0,MutNovel,"KKK958K,0.848"
X-2145,USP47,55031.0,MutNovel,"HY415H,0.383"
X-2145,USP9Y,8287.0,Del0.8,0.38
X-2145,UTRN,7402.0,MutNovel,"A3399S,0.588"
X-2145,UTY,7404.0,Del0.8,0.38
X-2145,VARS,7407.0,MutNovel,"R369C,0.528"
X-2145,VCY,9084.0,Del0.8,0.38
X-2145,VCY,9084.0,Del0.8,0.38
X-2145,VIL1,7429.0,MutNovel,"G502V,0.554"
X-2145,VPS13D,55187.0,MutNovel,"H4103Y,0.533"
X-2145,VTA1,51534.0,MutNovel,"P247H,0.511"
X-2145,VWA2,340706.0,MutNovel,"Q569H,0.611"
X-2145,WDR19,57728.0,MutNovel,"YD576Y,0.625"
X-2145,WDR33,55339.0,MutNovel,"Q837P,0.519"
X-2145,WDR6,11180.0,MutNovel,"A796T,0.367"
X-2145,WDR62,284403.0,MutKnownFunctional,"-1477,1.000"
X-2145,WDR66,144406.0,MutNovel,"L834F,0.667"
X-2145,WDR67,93594.0,MutKnownFunctional,"R1049*,0.625"
X-2145,WDR81,124997.0,MutNovel,"R756W,0.312"
X-2145,WHSC1,7468.0,MutNovel,"V184A,0.625"
X-2145,WHSC1L1,54904.0,MutNovel,"N1227Y,0.692"
X-2145,WHSC1L1,54904.0,MutNovel,"Q362H,0.588"
X-2145,XAB2,56949.0,MutNovel,"R685Q,0.211"
X-2145,XAB2,56949.0,MutNovel,"V623M,0.766"
X-2145,XKRY2,353515.0,Del0.8,0.38
X-2145,XKRY2,353515.0,Del0.8,0.38
X-2145,XPO4,64328.0,MutNovel,"T932A,0.441"
X-2145,XPO5,57510.0,MutNovel,"A217V,0.580"
X-2145,XPO7,23039.0,MutNovel,"R73C,0.516"
X-2145,XPR1,9213.0,MutNovel,"R624C,0.596"
X-2145,XRN1,54464.0,MutKnownFunctional,"-1612,0.333"
X-2145,ZBED4,9889.0,MutNovel,"P376L,1.000"
X-2145,ZBTB33,10009.0,MutNovel,"A349V,0.524"
X-2145,ZC3H13,23091.0,MutNovel,"R344I,0.270"
X-2145,ZFY,7544.0,Del0.8,0.38
X-2145,ZFYVE16,9765.0,MutNovel,"A380V,0.333"
X-2145,ZNF180,7733.0,MutKnownFunctional,"-226,0.600"
X-2145,ZNF2,7549.0,MutNovel,"R382Q,0.375"
X-2145,ZNF213,7760.0,MutNovel,"L332R,0.478"
X-2145,ZNF219,51222.0,MutNovel,"QPP233P,0.316"
X-2145,ZNF23,7571.0,MutNovel,"K278Q,0.643"
X-2145,ZNF318,24149.0,MutNovel,"K1759E,0.500"
X-2145,ZNF420,147923.0,MutNovel,"A427V,0.500"
X-2145,ZNF434,54925.0,MutKnownFunctional,"-209,0.667"
X-2145,ZNF486,90649.0,MutKnownFunctional,"-113?,0.647"
X-2145,ZNF500,26048.0,MutNovel,"E36V,0.250"
X-2145,ZNF510,22869.0,MutNovel,"C409Y,0.600"
X-2145,ZNF544,27300.0,MutKnownFunctional,"-373,0.447"
X-2145,ZNF557,79230.0,MutNovel,"K187R,0.500"
X-2145,ZNF574,64763.0,MutNovel,"E492G,0.333"
X-2145,ZNF584,201514.0,MutNovel,"C216Y,0.400"
X-2145,ZNF587B,,MutNovel,"N338K,0.333"
X-2145,ZNF592,9640.0,MutKnownFunctional,"-443,0.536"
X-2145,ZNF608,57507.0,MutNovel,"S1358I,0.625"
X-2145,ZNF611,81856.0,MutNovel,"E4V,0.375"
X-2145,ZNF623,9831.0,MutNovel,"R301H,0.360"
X-2145,ZNF761,388561.0,MutNovel,"P88A,0.739"
X-2145,ZNF764,92595.0,MutNovel,"G143R,0.688"
X-2145,ZNF845,91664.0,MutNovel,"K134M,0.500"
X-2145,ZNF888,,MutNovel,"C552R,0.548"
X-2145,ZNF91,7644.0,MutNovel,"Y658C,0.375"
X-2145,ZNRF3,84133.0,MutNovel,"V320M,1.000"
X-2145,ZRANB1,54764.0,MutKnownFunctional,"-709?,0.364"
X-2145,ZRANB2,9406.0,MutNovel,"N67S,0.481"
X-2145,ZSCAN21,7589.0,MutNovel,"R47H,0.538"
X-2145,ZZEF1,23140.0,MutNovel,"L914-,0.304"
X-2182,61E3.4,,MutNovel,"K264N,1.000"
X-2182,AAAS,8086.0,MutNovel,"I353L,0.542"
X-2182,AASS,10157.0,MutNovel,"P809S,0.667"
X-2182,ABCA12,26154.0,MutNovel,"D2515N,1.000"
X-2182,ABCA5,23461.0,MutNovel,"E1229D,0.750"
X-2182,ABCB1,5243.0,MutNovel,"N639H,0.696"
X-2182,ABCB7,22.0,MutNovel,"K735N,1.000"
X-2182,ABCB8,11194.0,MutNovel,"E688K,0.254"
X-2182,ABCC1,4363.0,MutNovel,"L509I,0.429"
X-2182,ABCC5,10057.0,MutNovel,"D5N,0.800"
X-2182,ABCE1,6059.0,MutNovel,"L37V,0.364"
X-2182,ABI1,10006.0,MutNovel,"I473M,0.308"
X-2182,ABI1,10006.0,MutNovel,"T196N,0.561"
X-2182,ABT1,29777.0,MutNovel,"E261D,0.455"
X-2182,ACAD9,28976.0,MutNovel,"F70L,0.409"
X-2182,ACAD9,28976.0,MutNovel,"E130K,0.559"
X-2182,ACADSB,36.0,MutNovel,"Q75H,0.556"
X-2182,ACBD5,91452.0,MutNovel,"R342C,0.325"
X-2182,ACD,65057.0,MutNovel,"F458L,0.446"
X-2182,ACLY,47.0,MutNovel,"I63V,0.325"
X-2182,ACN9,57001.0,MutNovel,"D37Y,0.442"
X-2182,ACO1,48.0,MutNovel,"F538V,0.281"
X-2182,ACTG1,71.0,MutNovel,"S338L,0.449"
X-2182,ACTL6A,86.0,MutNovel,"D71Y,0.331"
X-2182,ACTL8,81569.0,MutNovel,"G300C,1.000"
X-2182,ACTL8,81569.0,MutNovel,"N332T,1.000"
X-2182,ACTR2,10097.0,MutNovel,"S248Y,0.320"
X-2182,ACTR3B,57180.0,MutNovel,"D237N,0.552"
X-2182,ACTR6,64431.0,MutNovel,"D346Y,0.264"
X-2182,ACVR1,90.0,MutNovel,"K338N,0.273"
X-2182,ADAM9,8754.0,MutNovel,"R256Q,0.302"
X-2182,ADAR,103.0,MutNovel,"R1096Q,0.329"
X-2182,ADARB1,104.0,MutNovel,"V640D,0.333"
X-2182,ADAT2,134637.0,MutNovel,"E38K,0.692"
X-2182,ADCY3,109.0,MutNovel,"V642A,0.304"
X-2182,ADCY3,109.0,MutNovel,"S436L,0.909"
X-2182,ADH5,128.0,MutNovel,"R369Q,0.413"
X-2182,ADNP,23394.0,MutNovel,"S546Y,0.475"
X-2182,ADNP,23394.0,MutNovel,"S382T,0.263"
X-2182,ADORA2B,136.0,MutNovel,"L196F,0.694"
X-2182,ADPGK,83440.0,MutNovel,"L173V,0.205"
X-2182,ADRM1,11047.0,MutNovel,"L340P,0.524"
X-2182,AFMID,125061.0,MutNovel,"I306L,0.554"
X-2182,AGAP1,116987.0,MutNovel,"D296N,0.350"
X-2182,AGAP1,116987.0,MutNovel,"D386N,0.316"
X-2182,AGBL5,60509.0,MutNovel,"N483K,0.257"
X-2182,AGFG1,3267.0,MutNovel,"N26T,0.600"
X-2182,AGFG2,3268.0,MutNovel,"K109N,0.258"
X-2182,AGFG2,3268.0,MutNovel,"L179M,0.321"
X-2182,AGPAT3,56894.0,MutNovel,"K236N,0.531"
X-2182,AGPAT4,56895.0,MutNovel,"R111H,0.375"
X-2182,AGTRAP,57085.0,MutKnownFunctional,"R45*,0.286"
X-2182,AHCTF1,25909.0,MutNovel,"S1997Y,0.275"
X-2182,AHCTF1,25909.0,MutNovel,"L1576V,0.308"
X-2182,AHNAK,79026.0,MutNovel,"K5831N,0.268"
X-2182,AHNAK,79026.0,MutNovel,"M5248R,0.292"
X-2182,AHNAK,79026.0,MutNovel,"S3894Y,0.250"
X-2182,AHR,196.0,MutNovel,"E488K,0.556"
X-2182,AK4,205.0,MutNovel,"D121Y,0.500"
X-2182,AKAP1,8165.0,MutNovel,"E265D,0.373"
X-2182,AKAP11,11215.0,MutNovel,"S1189L,0.714"
X-2182,AKAP13,11214.0,MutNovel,"L2278V,0.286"
X-2182,AKAP9,10142.0,MutNovel,"S3665Y,0.625"
X-2182,AKR1E2,83592.0,MutNovel,"E120D,0.556"
X-2182,ALDH3A1,218.0,MutNovel,"E97K,0.316"
X-2182,ALDH3A2,224.0,MutNovel,"I494M,0.696"
X-2182,ALDH3B1,221.0,MutNovel,"R89I,0.467"
X-2182,ALDH5A1,7915.0,MutNovel,"K275N,0.667"
X-2182,ALDH6A1,4329.0,MutNovel,"I418M,0.355"
X-2182,ALG11,440138.0,MutNovel,"K313N,0.333"
X-2182,ALG5,29880.0,MutNovel,"E284G,0.234"
X-2182,ALMS1,7840.0,MutNovel,"F3513L,0.556"
X-2182,ALMS1,7840.0,MutNovel,"S3855Y,0.474"
X-2182,ALPK1,80216.0,MutNovel,"F1050L,0.429"
X-2182,ALS2CL,259173.0,MutNovel,"D937G,0.241"
X-2182,AMN1,196394.0,MutNovel,"R238Q,0.692"
X-2182,AMN1,196394.0,MutNovel,"D173N,0.667"
X-2182,AMZ2,51321.0,MutNovel,"S225Y,0.256"
X-2182,ANAPC1,64682.0,MutNovel,"R1110C,0.300"
X-2182,ANAPC4,29945.0,MutNovel,"D444Y,0.333"
X-2182,ANAPC4,29945.0,MutNovel,"R561K,0.469"
X-2182,ANAPC4,29945.0,MutNovel,"R567H,0.400"
X-2182,ANAPC7,51434.0,MutNovel,"R397W,0.453"
X-2182,ANKAR,150709.0,MutNovel,"N554S,0.364"
X-2182,ANKHD1,54882.0,MutNovel,"E627G,0.526"
X-2182,ANKLE2,23141.0,MutNovel,"G492R,0.617"
X-2182,ANKRA2,57763.0,MutNovel,"R59L,0.591"
X-2182,ANKRD11,29123.0,MutNovel,"E1415K,0.286"
X-2182,ANKRD13B,124930.0,MutNovel,"E441K,0.583"
X-2182,ANKRD17,26057.0,MutNovel,"R1752W,0.333"
X-2182,ANKRD17,26057.0,MutNovel,"K1334N,0.636"
X-2182,ANKRD17,26057.0,MutNovel,"G357S,0.375"
X-2182,ANKRD27,84079.0,MutNovel,"K184T,0.500"
X-2182,ANKRD28,23243.0,MutNovel,"L418V,0.429"
X-2182,ANKRD32,84250.0,MutNovel,"D224Y,0.750"
X-2182,ANKRD32,84250.0,MutNovel,"T743A,0.625"
X-2182,ANKRD40,91369.0,MutNovel,"W45C,0.692"
X-2182,ANKRD46,157567.0,MutNovel,"F67L,0.357"
X-2182,ANKRD49,54851.0,MutKnownFunctional,"R64*,0.667"
X-2182,ANKRD5,63926.0,MutKnownFunctional,"R202*,0.333"
X-2182,ANKRD50,57182.0,MutNovel,"N1366T,0.308"
X-2182,ANO6,196527.0,MutNovel,"C392R,0.714"
X-2182,ANP32A,8125.0,MutNovel,"D102Y,0.322"
X-2182,ANP32E,81611.0,MutNovel,"D102Y,0.513"
X-2182,ANXA11,311.0,MutNovel,"K320N,0.255"
X-2182,ANXA13,312.0,MutNovel,"A248T,0.492"
X-2182,ANXA13,312.0,MutNovel,"A199V,0.204"
X-2182,ANXA4,307.0,MutNovel,"R277Q,0.469"
X-2182,ANXA5,308.0,MutNovel,"Y129D,0.522"
X-2182,ANXA5,308.0,MutNovel,"N106H,0.496"
X-2182,ANXA6,309.0,MutNovel,"S503Y,0.349"
X-2182,AP1M2,10053.0,MutNovel,"K168N,0.485"
X-2182,AP1M2,10053.0,MutNovel,"E116K,0.492"
X-2182,AP2A1,160.0,MutNovel,"Q771H,0.248"
X-2182,AP3B1,8546.0,MutNovel,"M63I,0.444"
X-2182,AP3M1,26985.0,MutNovel,"L140I,0.625"
X-2182,AP4B1,10717.0,MutNovel,"R583C,0.455"
X-2182,APAF1,317.0,MutNovel,"D170Y,1.000"
X-2182,APC,324.0,MutNovel,"R2023I,1.000"
X-2182,APOL2,23780.0,MutKnownFunctional,"G143*,0.320"
X-2182,APOPT1,84334.0,MutNovel,"R138I,0.429"
X-2182,APP,351.0,MutNovel,"S623Y,0.546"
X-2182,APP,351.0,MutNovel,"E564K,0.434"
X-2182,APPL1,26060.0,MutNovel,"A635T,0.800"
X-2182,AQP3,360.0,MutNovel,"E279D,0.531"
X-2182,AQR,9716.0,MutNovel,"Q636H,0.545"
X-2182,ARAP1,116985.0,MutNovel,"D1301N,0.310"
X-2182,ARAP2,116984.0,MutNovel,"R280Q,1.000"
X-2182,ARCN1,372.0,MutNovel,"R314C,0.231"
X-2182,ARFGEF1,10565.0,MutNovel,"D776Y,1.000"
X-2182,ARG2,384.0,MutNovel,"F33C,0.538"
X-2182,ARG2,384.0,MutNovel,"L81I,0.250"
X-2182,ARHGAP11A,9824.0,MutKnownFunctional,"R401*,0.205"
X-2182,ARHGAP17,55114.0,MutNovel,"D573N,0.571"
X-2182,ARHGAP21,57584.0,MutNovel,"S1396Y,0.438"
X-2182,ARHGAP32,9743.0,MutKnownFunctional,"R1687*,0.625"
X-2182,ARHGAP39,80728.0,MutNovel,"L848F,0.579"
X-2182,ARHGAP5,394.0,MutNovel,"F443L,1.000"
X-2182,ARHGEF12,23365.0,MutNovel,"R804Q,0.214"
X-2182,ARHGEF12,23365.0,MutNovel,"N946S,0.600"
X-2182,ARHGEF19,128272.0,MutNovel,"H578Q,0.241"
X-2182,ARHGEF19,128272.0,MutNovel,"S208Y,0.333"
X-2182,ARHGEF25,115557.0,MutNovel,"Q545W,0.800"
X-2182,ARHGEF33,100271715.0,MutNovel,"E547K,1.000"
X-2182,ARHGEF38,54848.0,MutNovel,"K17N,0.588"
X-2182,ARHGEF38,54848.0,MutNovel,"Q62H,0.409"
X-2182,ARID1A,8289.0,MutKnownFunctional,"S1992*,0.529"
X-2182,ARID1B,57492.0,MutNovel,"L2179V,0.571"
X-2182,ARID4A,5926.0,MutNovel,"F93S,0.714"
X-2182,ARL6IP1,23204.0,MutKnownFunctional,"E199*,0.398"
X-2182,ARL6IP5,10550.0,MutNovel,"I29M,0.295"
X-2182,ARMC10,83787.0,MutNovel,"R279Q,0.512"
X-2182,ARPC5L,81873.0,MutNovel,"D16Y,0.344"
X-2182,ARSK,153642.0,MutNovel,"I275M,1.000"
X-2182,ASMTL,8623.0,MutNovel,"R647C,0.472"
X-2182,ASMTL,8623.0,MutNovel,"D311N,0.433"
X-2182,ASPSCR1,79058.0,MutNovel,"M78I,0.550"
X-2182,ASUN,55726.0,MutNovel,"L355I,0.483"
X-2182,ASUN,55726.0,MutNovel,"S59P,0.364"
X-2182,ASXL1,171023.0,MutNovel,"I1514T,0.488"
X-2182,ATAD2,29028.0,MutNovel,"E396D,0.556"
X-2182,ATAD2,29028.0,MutNovel,"R156Q,0.571"
X-2182,ATAD5,79915.0,MutNovel,"H1828N,0.452"
X-2182,ATE1,11101.0,MutNovel,"F474L,0.400"
X-2182,ATF3,467.0,MutNovel,"N137S,0.536"
X-2182,ATF6,22926.0,MutNovel,"E137G,0.750"
X-2182,ATF7IP,55729.0,MutNovel,"S429Y,0.625"
X-2182,ATF7IP,55729.0,MutNovel,"R1251H,0.213"
X-2182,ATG16L1,55054.0,MutNovel,"R422Q,0.425"
X-2182,ATG2B,55102.0,MutNovel,"R1820Q,0.556"
X-2182,ATG4A,115201.0,MutNovel,"Y18C,1.000"
X-2182,ATG4A,115201.0,MutNovel,"D174Y,1.000"
X-2182,ATG4A,115201.0,MutNovel,"E274K,0.478"
X-2182,ATG4C,84938.0,MutNovel,"R389Q,0.471"
X-2182,ATG4C,84938.0,MutNovel,"R449I,1.000"
X-2182,ATG9A,79065.0,MutNovel,"E825K,0.460"
X-2182,ATL2,64225.0,MutNovel,"K577N,0.400"
X-2182,ATL2,64225.0,MutNovel,"F459C,0.465"
X-2182,ATMIN,23300.0,MutNovel,"F694L,0.385"
X-2182,ATN1,1822.0,MutNovel,"R1115C,0.638"
X-2182,ATP11B,23200.0,MutKnownFunctional,"E232*,1.000"
X-2182,ATP11B,23200.0,MutNovel,"R626I,0.571"
X-2182,ATP11B,23200.0,MutNovel,"E1138G,0.226"
X-2182,ATP1A1,476.0,MutNovel,"N754K,0.239"
X-2182,ATP2A2,488.0,MutNovel,"M511V,0.246"
X-2182,ATP2A3,489.0,MutNovel,"G999D,0.800"
X-2182,ATP5A1,498.0,MutNovel,"R466C,0.491"
X-2182,ATP6V1B2,526.0,MutNovel,"R163Q,0.260"
X-2182,ATP6V1C1,528.0,MutNovel,"V99A,0.571"
X-2182,ATP6V1H,51606.0,MutNovel,"F245S,0.257"
X-2182,ATP6V1H,51606.0,MutNovel,"M243I,0.514"
X-2182,ATP7A,538.0,MutNovel,"E646D,1.000"
X-2182,ATP8B1,5205.0,MutNovel,"R1193Q,0.667"
X-2182,ATPAF1,64756.0,MutNovel,"F233I,0.400"
X-2182,ATPAF1,64756.0,MutNovel,"R213Q,0.259"
X-2182,ATXN10,25814.0,MutNovel,"N38I,0.376"
X-2182,ATXN10,25814.0,MutNovel,"N316D,0.575"
X-2182,ATXN10,25814.0,MutNovel,"N349S,0.580"
X-2182,ATXN3,4287.0,MutKnownFunctional,"R188*,0.353"
X-2182,AUH,549.0,MutNovel,"L171I,0.621"
X-2182,AXIN2,8313.0,MutNovel,"R354I,0.493"
X-2182,B3GALTL,145173.0,MutNovel,"Q491H,0.250"
X-2182,B3GNT1,11041.0,MutNovel,"F48L,0.636"
X-2182,B3GNT2,10678.0,MutKnownFunctional,"Y296*,0.643"
X-2182,BACE1,23621.0,MutNovel,"D424N,0.333"
X-2182,BAIAP2,10458.0,MutNovel,"E176D,0.375"
X-2182,BAIAP2L1,55971.0,MutKnownFunctional,"R28*,0.316"
X-2182,BAMBI,25805.0,MutKnownFunctional,"R29*,0.550"
X-2182,BANF1,8815.0,MutNovel,"E36A,0.434"
X-2182,BAZ2A,11176.0,MutNovel,"R553C,0.333"
X-2182,BBS1,582.0,MutNovel,"A526V,0.600"
X-2182,BBS12,166379.0,MutKnownFunctional,"R355*,0.667"
X-2182,BBS4,585.0,MutNovel,"R9I,0.750"
X-2182,BCAS3,54828.0,MutNovel,"R909Q,0.750"
X-2182,BCL10,8915.0,MutNovel,"S56Y,0.346"
X-2182,BCL11A,53335.0,MutNovel,"R751W,0.500"
X-2182,BCL2L13,23786.0,MutKnownFunctional,"E54*,0.382"
X-2182,BCL2L13,23786.0,MutNovel,"S69Y,0.500"
X-2182,BCL6,604.0,MutNovel,"K670Q,0.500"
X-2182,BECN1,8678.0,MutNovel,"F236C,0.312"
X-2182,BECN1,8678.0,MutNovel,"L212I,0.529"
X-2182,BEX1,55859.0,MutNovel,"V108I,0.929"
X-2182,BEX2,84707.0,MutNovel,"V143I,0.931"
X-2182,BIRC2,329.0,MutNovel,"S415I,0.303"
X-2182,BIRC6,57448.0,MutNovel,"D3681N,0.500"
X-2182,BLVRA,644.0,MutNovel,"R225Q,0.625"
X-2182,BMP4,652.0,MutNovel,"R159W,0.535"
X-2182,BOD1L1,,MutNovel,"E2477D,0.750"
X-2182,BOK,666.0,MutNovel,"D75N,0.852"
X-2182,BPGM,669.0,MutNovel,"E176K,0.531"
X-2182,BRAF,673.0,MutKnownFunctional,"V600E,0.417"
X-2182,BRAP,8315.0,MutNovel,"Y202D,0.481"
X-2182,BRCA1,672.0,MutNovel,"V1831A,0.448"
X-2182,BRCA1,672.0,MutNovel,"S891P,0.667"
X-2182,BRCA2,675.0,MutKnownFunctional,"E97*,1.000"
X-2182,BRCC3,79184.0,MutNovel,"R211I,0.875"
X-2182,BRD2,6046.0,MutNovel,"G207V,0.452"
X-2182,BRD4,23476.0,MutNovel,"K537N,0.525"
X-2182,BRD4,23476.0,MutNovel,"R413C,0.266"
X-2182,BRD7,29117.0,MutNovel,"N403K,0.738"
X-2182,BRD8,10902.0,MutNovel,"R373Q,0.366"
X-2182,BRI3,25798.0,MutKnownFunctional,"R115*,0.235"
X-2182,BSCL2,26580.0,MutNovel,"V192A,0.472"
X-2182,BTBD10,84280.0,MutNovel,"I237L,0.395"
X-2182,BTG3,10950.0,MutKnownFunctional,"R17*,0.489"
X-2182,BTN3A2,11118.0,MutNovel,"E153K,0.625"
X-2182,BUB1,699.0,MutNovel,"F748V,0.486"
X-2182,BUB1,699.0,MutNovel,"R244C,0.219"
X-2182,BUB1B,701.0,MutNovel,"D73Y,0.500"
X-2182,BUB1B,701.0,MutNovel,"R416W,0.609"
X-2182,BUB3,9184.0,MutNovel,"L84F,0.421"
X-2182,C10orf137,26098.0,MutKnownFunctional,"E622*,0.500"
X-2182,C10orf137,26098.0,MutNovel,"L1057F,0.625"
X-2182,C10orf88,80007.0,MutNovel,"S173Y,0.500"
X-2182,C11orf31,280636.0,MutNovel,"T35I,0.443"
X-2182,C11orf74,119710.0,MutNovel,"D182A,0.262"
X-2182,C11orf80,79703.0,MutNovel,"S375Y,0.550"
X-2182,C12orf29,91298.0,MutNovel,"R227I,0.420"
X-2182,C12orf4,57102.0,MutNovel,"L408V,0.500"
X-2182,C12orf51,283450.0,MutNovel,"F3704C,0.250"
X-2182,C12orf52,84934.0,MutNovel,"R245H,0.433"
X-2182,C14orf118,55668.0,MutNovel,"D272A,0.600"
X-2182,C14orf149,112849.0,MutNovel,"E266A,0.625"
X-2182,C14orf169,79697.0,MutNovel,"L469I,0.588"
X-2182,C14orf169,79697.0,MutKnownFunctional,"S505*,0.549"
X-2182,C15orf29,79768.0,MutNovel,"Q266H,0.515"
X-2182,C15orf44,81556.0,MutNovel,"L310S,0.494"
X-2182,C16orf62,57020.0,MutNovel,"K133N,0.417"
X-2182,C16orf70,80262.0,MutNovel,"S279L,0.444"
X-2182,C16orf72,29035.0,MutNovel,"K102T,0.211"
X-2182,C16orf80,29105.0,MutNovel,"E90K,0.297"
X-2182,C16orf87,388272.0,MutNovel,"E119D,0.450"
X-2182,C16orf95,100506581.0,MutNovel,"P89S,0.636"
X-2182,C17orf75,64149.0,MutNovel,"S263Y,0.213"
X-2182,C18orf54,162681.0,MutNovel,"A350D,1.000"
X-2182,C19orf43,79002.0,MutNovel,"P84L,0.743"
X-2182,C19orf43,79002.0,MutNovel,"A2T,0.533"
X-2182,C19orf54,284325.0,MutNovel,"S14Y,0.375"
X-2182,C19orf57,79173.0,MutNovel,"P559H,0.667"
X-2182,C1GALT1,56913.0,MutNovel,"D259Y,0.647"
X-2182,C1RL,51279.0,MutNovel,"G463D,0.267"
X-2182,C1orf109,54955.0,MutNovel,"R156I,0.333"
X-2182,C1orf131,128061.0,MutNovel,"K138E,0.469"
X-2182,C1orf131,128061.0,MutNovel,"L29I,0.286"
X-2182,C1orf27,54953.0,MutNovel,"N19H,0.750"
X-2182,C1orf74,148304.0,MutNovel,"D166N,0.231"
X-2182,C20orf27,54976.0,MutNovel,"E144D,0.275"
X-2182,C21orf58,54058.0,MutNovel,"H299PN,0.714"
X-2182,C22orf46,79640.0,MutNovel,"D105A,0.667"
X-2182,C2CD2L,9854.0,MutNovel,"D459N,0.480"
X-2182,C2orf76,130355.0,MutNovel,"R87I,0.304"
X-2182,C3orf26,84319.0,MutNovel,"L5I,0.339"
X-2182,C3orf38,285237.0,MutKnownFunctional,"E209*,0.286"
X-2182,C3orf38,285237.0,MutNovel,"L211I,0.355"
X-2182,C3orf58,205428.0,MutNovel,"N276D,1.000"
X-2182,C4BPB,725.0,MutNovel,"E220D,0.378"
X-2182,C4orf21,55345.0,MutKnownFunctional,"L1963*,0.593"
X-2182,C4orf21,55345.0,MutNovel,"I552M,0.500"
X-2182,C5,727.0,MutNovel,"T1587I,0.375"
X-2182,C5orf28,64417.0,MutNovel,"R212C,0.421"
X-2182,C5orf28,64417.0,MutNovel,"W65R,0.438"
X-2182,C5orf34,375444.0,MutNovel,"E207K,0.750"
X-2182,C5orf38,153571.0,MutNovel,"R137I,0.400"
X-2182,C5orf42,65250.0,MutNovel,"R2394I,0.800"
X-2182,C5orf54,63920.0,MutNovel,"R418Q,1.000"
X-2182,C5orf62,85027.0,MutNovel,"V12M,0.286"
X-2182,C5orf62,85027.0,MutNovel,"S36L,0.422"
X-2182,C6orf62,81688.0,MutNovel,"K123Q,0.259"
X-2182,C6orf62,81688.0,MutNovel,"S80R,0.241"
X-2182,C7orf25,79020.0,MutNovel,"I419S,0.417"
X-2182,C7orf26,79034.0,MutNovel,"D107N,0.273"
X-2182,C8orf40,114926.0,MutNovel,"T71M,0.427"
X-2182,C9orf43,257169.0,MutNovel,"K280N,0.800"
X-2182,CABIN1,23523.0,MutNovel,"R392W,0.857"
X-2182,CABP1,9478.0,MutNovel,"D300Y,1.000"
X-2182,CADPS2,93664.0,MutNovel,"K336Q,0.714"
X-2182,CALB1,793.0,MutNovel,"F103L,0.981"
X-2182,CALCOCO1,57658.0,MutNovel,"T246M,0.526"
X-2182,CALM1,801.0,MutNovel,"D23Y,0.487"
X-2182,CALM1,801.0,MutNovel,"E68K,0.253"
X-2182,CALML4,91860.0,MutNovel,"Q97P,0.325"
X-2182,CALML4,91860.0,MutNovel,"L48I,0.212"
X-2182,CALR,811.0,MutNovel,"Y150D,0.527"
X-2182,CAMK2N1,55450.0,MutNovel,"I24S,0.378"
X-2182,CAMKMT,79823.0,MutNovel,"Q90R,0.417"
X-2182,CAND1,55832.0,MutNovel,"L735P,0.569"
X-2182,CAPN8,388743.0,MutNovel,"K471N,0.400"
X-2182,CAPN9,10753.0,MutNovel,"R484I,0.583"
X-2182,CAPZA1,829.0,MutNovel,"R37W,0.500"
X-2182,CAPZA2,830.0,MutNovel,"K97T,0.508"
X-2182,CARHSP1,23589.0,MutNovel,"D87N,0.472"
X-2182,CARS,833.0,MutNovel,"F830L,0.459"
X-2182,CARS,833.0,MutNovel,"V740A,0.537"
X-2182,CARS,833.0,MutNovel,"I500S,0.283"
X-2182,CARS2,79587.0,MutNovel,"K323N,0.250"
X-2182,CASC4,113201.0,MutNovel,"E194D,0.278"
X-2182,CASC4,113201.0,MutNovel,"N385D,0.438"
X-2182,CASD1,64921.0,MutNovel,"K541T,0.300"
X-2182,CASK,8573.0,MutNovel,"N318T,0.545"
X-2182,CASK,8573.0,MutKnownFunctional,"E33*,1.000"
X-2182,CASP8,841.0,MutNovel,"S158Y,0.533"
X-2182,CAST,831.0,MutNovel,"K173N,0.520"
X-2182,CAST,831.0,MutNovel,"P495S,0.294"
X-2182,CASZ1,54897.0,MutNovel,"E1165D,0.429"
X-2182,CAT,847.0,MutNovel,"F294C,0.443"
X-2182,CBR1,873.0,MutNovel,"N114H,0.538"
X-2182,CBWD2,150472.0,MutNovel,"L239I,0.600"
X-2182,CBY1,25776.0,MutNovel,"R168I,0.433"
X-2182,CC2D2A,57545.0,MutNovel,"F98C,0.294"
X-2182,CCAR1,55749.0,MutNovel,"D470N,0.241"
X-2182,CCAR1,55749.0,MutNovel,"K668T,0.431"
X-2182,CCDC104,112942.0,MutNovel,"I53L,0.207"
X-2182,CCDC104,112942.0,MutNovel,"E152K,0.461"
X-2182,CCDC111,201973.0,MutNovel,"K297T,0.308"
X-2182,CCDC112,153733.0,MutNovel,"K452N,0.273"
X-2182,CCDC116,164592.0,MutNovel,"K588Q,1.000"
X-2182,CCDC124,115098.0,MutNovel,"R134H,0.253"
X-2182,CCDC127,133957.0,MutKnownFunctional,"E130*,0.579"
X-2182,CCDC127,133957.0,MutNovel,"N5H,0.444"
X-2182,CCDC137,339230.0,MutNovel,"A163T,0.506"
X-2182,CCDC14,64770.0,MutNovel,"G774V,0.250"
X-2182,CCDC142,84865.0,MutNovel,"G704E,0.500"
X-2182,CCDC150,284992.0,MutNovel,"I92M,0.800"
X-2182,CCDC167,154467.0,MutNovel,"K53T,0.535"
X-2182,CCDC18,343099.0,MutNovel,"R1036C,0.450"
X-2182,CCDC28A,25901.0,MutNovel,"E214D,0.432"
X-2182,CCDC34,91057.0,MutNovel,"F18L,0.375"
X-2182,CCDC41,51134.0,MutNovel,"I546S,1.000"
X-2182,CCDC58,131076.0,MutNovel,"R135Q,0.260"
X-2182,CCDC59,29080.0,MutKnownFunctional,"R88*,0.267"
X-2182,CCDC6,8030.0,MutNovel,"E168D,0.312"
X-2182,CCDC75,253635.0,MutKnownFunctional,"S115*,0.400"
X-2182,CCDC82,79780.0,MutNovel,"K89T,0.500"
X-2182,CCDC82,79780.0,MutNovel,"R28Q,0.818"
X-2182,CCDC90B,60492.0,MutNovel,"F61C,0.465"
X-2182,CCDC91,55297.0,MutNovel,"S223F,0.400"
X-2182,CCDC99,54908.0,MutNovel,"G550E,0.490"
X-2182,CCNC,892.0,MutNovel,"N181D,0.828"
X-2182,CCNE2,9134.0,MutNovel,"F173C,0.500"
X-2182,CCNH,902.0,MutNovel,"L64V,0.511"
X-2182,CCP110,9738.0,MutNovel,"R893C,0.333"
X-2182,CCPG1,9236.0,MutNovel,"I659V,0.205"
X-2182,CCPG1,9236.0,MutNovel,"S622Y,0.487"
X-2182,CCT6A,908.0,MutNovel,"D338N,0.282"
X-2182,CD164,8763.0,MutNovel,"F181L,0.450"
X-2182,CD200,4345.0,MutNovel,"K92N,0.270"
X-2182,CD2AP,23607.0,MutKnownFunctional,"E41*,0.500"
X-2182,CD44,960.0,MutNovel,"S383R,0.667"
X-2182,CD44,960.0,MutNovel,"M503T,0.604"
X-2182,CD58,965.0,MutNovel,"L181I,0.212"
X-2182,CD82,3732.0,MutNovel,"M165I,0.583"
X-2182,CDAN1,146059.0,MutNovel,"S1196Y,0.571"
X-2182,CDC123,8872.0,MutNovel,"R210C,0.463"
X-2182,CDC16,8881.0,MutNovel,"S131Y,0.390"
X-2182,CDC25A,993.0,MutNovel,"F473L,0.294"
X-2182,CDC27,996.0,MutNovel,"F595L,0.465"
X-2182,CDC40,51362.0,MutNovel,"L390I,0.250"
X-2182,CDC40,51362.0,MutNovel,"T468N,0.333"
X-2182,CDC42,998.0,MutNovel,"K166N,0.201"
X-2182,CDC42BPA,8476.0,MutNovel,"E1546K,0.385"
X-2182,CDC42BPB,9578.0,MutNovel,"K692N,0.355"
X-2182,CDC42EP1,11135.0,MutNovel,"PAPAANPS253P,0.370"
X-2182,CDC5L,988.0,MutNovel,"K716N,0.553"
X-2182,CDC7,8317.0,MutNovel,"F213S,0.406"
X-2182,CDC73,79577.0,MutNovel,"L118I,0.261"
X-2182,CDC73,79577.0,MutNovel,"K321T,0.552"
X-2182,CDCA2,157313.0,MutNovel,"R203I,0.667"
X-2182,CDCA2,157313.0,MutKnownFunctional,"E940*,0.433"
X-2182,CDCA2,157313.0,MutNovel,"R1014G,0.433"
X-2182,CDH1,999.0,MutNovel,"L452I,0.420"
X-2182,CDH17,1015.0,MutNovel,"V526F,0.530"
X-2182,CDH24,64403.0,MutNovel,"F223L,0.216"
X-2182,CDK1,983.0,MutNovel,"G221D,0.580"
X-2182,CDK13,8621.0,MutNovel,"S1153L,0.389"
X-2182,CDK3,1018.0,MutNovel,"R214C,0.542"
X-2182,CDK5RAP1,51654.0,MutNovel,"K101Q,0.439"
X-2182,CDK5RAP2,55755.0,MutNovel,"R1403Q,0.395"
X-2182,CDK8,1024.0,MutNovel,"D151Y,0.278"
X-2182,CDK9,1025.0,MutNovel,"L279P,0.576"
X-2182,CDKN2AIP,55602.0,MutNovel,"A230T,0.500"
X-2182,CDKN3,1033.0,MutNovel,"K52T,0.295"
X-2182,CDR2,1039.0,MutNovel,"D88Y,0.244"
X-2182,CDT1,81620.0,MutNovel,"M438I,0.523"
X-2182,CEACAM1,634.0,MutNovel,"T100I,0.429"
X-2182,CEACAM1,634.0,MutNovel,"S96I,0.421"
X-2182,CEACAM8,1088.0,MutNovel,"N155K,1.000"
X-2182,CEBPZ,10153.0,MutNovel,"R782I,0.463"
X-2182,CENPBD1,92806.0,MutNovel,"R33Q,0.375"
X-2182,CENPC1,1060.0,MutNovel,"R456I,0.750"
X-2182,CENPE,1062.0,MutNovel,"G2613V,0.474"
X-2182,CENPF,1063.0,MutNovel,"K1049N,1.000"
X-2182,CENPI,2491.0,MutNovel,"D664Y,0.857"
X-2182,CENPN,55839.0,MutNovel,"L227R,0.368"
X-2182,CENPQ,55166.0,MutNovel,"E32D,0.500"
X-2182,CENPQ,55166.0,MutNovel,"I228M,0.312"
X-2182,CEP104,9731.0,MutKnownFunctional,"R55*,0.267"
X-2182,CEP120,153241.0,MutNovel,"E656A,0.429"
X-2182,CEP192,55125.0,MutNovel,"S2467Y,0.286"
X-2182,CEP250,11190.0,MutNovel,"S1634F,0.405"
X-2182,CEP250,11190.0,MutNovel,"S2143Y,0.660"
X-2182,CEP290,80184.0,MutNovel,"H2326P,0.235"
X-2182,CEP290,80184.0,MutNovel,"E2171D,0.700"
X-2182,CEP350,9857.0,MutNovel,"K2794N,0.267"
X-2182,CEP57,9702.0,MutNovel,"R30W,0.300"
X-2182,CEP70,80321.0,MutNovel,"A325V,1.000"
X-2182,CEP76,79959.0,MutNovel,"K240T,0.500"
X-2182,CEP76,79959.0,MutNovel,"R143Q,0.250"
X-2182,CEP78,84131.0,MutNovel,"I306L,0.379"
X-2182,CEP78,84131.0,MutNovel,"D541Y,0.446"
X-2182,CEP95,90799.0,MutNovel,"A198V,0.706"
X-2182,CFTR,1080.0,MutNovel,"S422Y,0.458"
X-2182,CFTR,1080.0,MutNovel,"L1084V,0.576"
X-2182,CGGBP1,8545.0,MutNovel,"S45Y,0.250"
X-2182,CGGBP1,8545.0,MutKnownFunctional,"R26*,0.569"
X-2182,CHAF1A,10036.0,MutNovel,"P238S,0.486"
X-2182,CHAF1B,8208.0,MutNovel,"N264D,0.429"
X-2182,CHCHD1,118487.0,MutNovel,"F73V,0.800"
X-2182,CHD1L,9557.0,MutNovel,"K519T,0.429"
X-2182,CHD4,1108.0,MutNovel,"D1659Y,0.515"
X-2182,CHD4,1108.0,MutNovel,"K964N,0.412"
X-2182,CHKA,1119.0,MutNovel,"S335R,0.560"
X-2182,CHKA,1119.0,MutNovel,"R262I,0.413"
X-2182,CHMP4C,92421.0,MutNovel,"E134D,0.451"
X-2182,CHN2,1124.0,MutNovel,"T180A,0.667"
X-2182,CHST14,113189.0,MutNovel,"R244W,0.647"
X-2182,CHSY3,337876.0,MutNovel,"H837N,0.875"
X-2182,CHTF18,63922.0,MutNovel,"D663Y,0.314"
X-2182,CHUK,1147.0,MutNovel,"I416M,0.611"
X-2182,CHUK,1147.0,MutNovel,"K162T,0.385"
X-2182,CIR1,9541.0,MutNovel,"S323Y,0.564"
X-2182,CISD1,55847.0,MutNovel,"A43V,0.427"
X-2182,CITED1,4435.0,MutNovel,"A44V,1.000"
X-2182,CKAP2,26586.0,MutNovel,"R630C,0.490"
X-2182,CKAP5,9793.0,MutNovel,"K1411N,0.253"
X-2182,CKAP5,9793.0,MutNovel,"K1173N,0.297"
X-2182,CLCA1,1179.0,MutNovel,"K198N,0.286"
X-2182,CLCN2,1181.0,MutNovel,"R836Q,0.310"
X-2182,CLCN2,1181.0,MutNovel,"A537T,0.273"
X-2182,CLCN4,1183.0,MutNovel,"R694W,1.000"
X-2182,CLINT1,9685.0,MutNovel,"G577D,0.519"
X-2182,CLINT1,9685.0,MutNovel,"G412D,0.311"
X-2182,CLINT1,9685.0,MutNovel,"Q408R,0.409"
X-2182,CLIP1,6249.0,MutKnownFunctional,"E569*,0.278"
X-2182,CLN3,1201.0,MutNovel,"Y199H,0.497"
X-2182,CLN5,1203.0,MutNovel,"A168V,0.429"
X-2182,CLNS1A,1207.0,MutNovel,"Y200H,0.267"
X-2182,CLRN3,119467.0,MutNovel,"G223E,0.223"
X-2182,CLTC,1213.0,MutKnownFunctional,"E42*,0.667"
X-2182,CLTC,1213.0,MutNovel,"R157H,0.372"
X-2182,CLTC,1213.0,MutNovel,"K830T,0.356"
X-2182,CLU,1191.0,MutNovel,"E307D,0.280"
X-2182,CMC1,152100.0,MutNovel,"E29D,0.375"
X-2182,CNBP,7555.0,MutNovel,"H147N,0.566"
X-2182,CNDP1,84735.0,MutNovel,"R216Q,1.000"
X-2182,CNIH,10175.0,MutNovel,"F66Y,0.506"
X-2182,CNNM2,54805.0,MutNovel,"Q643P,0.833"
X-2182,CNOT1,23019.0,MutNovel,"Y2064S,0.664"
X-2182,CNOT1,23019.0,MutNovel,"R960I,0.273"
X-2182,CNOT1,23019.0,MutNovel,"R211H,0.333"
X-2182,CNOT10,25904.0,MutNovel,"A310T,0.595"
X-2182,CNOT8,9337.0,MutNovel,"E53A,0.366"
X-2182,CNOT8,9337.0,MutNovel,"R55C,0.619"
X-2182,CNPPD1,27013.0,MutNovel,"S405Y,0.201"
X-2182,CNTLN,54875.0,MutNovel,"K232R,0.667"
X-2182,COG3,83548.0,MutNovel,"R560I,0.444"
X-2182,COG4,25839.0,MutNovel,"R763C,0.464"
X-2182,COG5,10466.0,MutKnownFunctional,"E840*,0.300"
X-2182,COG6,57511.0,MutNovel,"L474V,0.250"
X-2182,COL17A1,1308.0,MutNovel,"D1370Y,0.444"
X-2182,COPA,1314.0,MutNovel,"R431W,0.333"
X-2182,COPB1,1315.0,MutNovel,"R242I,0.241"
X-2182,COPB1,1315.0,MutNovel,"D29Y,0.595"
X-2182,COPG2,26958.0,MutNovel,"R75Q,1.000"
X-2182,COQ3,51805.0,MutNovel,"F14L,0.474"
X-2182,CPD,1362.0,MutNovel,"K841T,0.333"
X-2182,CPD,1362.0,MutNovel,"S1203Y,0.462"
X-2182,CPE,1363.0,MutNovel,"N475H,0.450"
X-2182,CPOX,1371.0,MutNovel,"P367S,0.393"
X-2182,CPSF2,53981.0,MutNovel,"D767Y,0.600"
X-2182,CPSF3L,54973.0,MutNovel,"E350K,0.535"
X-2182,CREBBP,1387.0,MutNovel,"R2004Q,0.500"
X-2182,CRELD2,79174.0,MutNovel,"D87N,0.487"
X-2182,CRIPAK,285464.0,MutNovel,"V164A,0.286"
X-2182,CROCC,9696.0,MutNovel,"E2016D,0.625"
X-2182,CRY1,1407.0,MutNovel,"W371R,0.267"
X-2182,CRY1,1407.0,MutKnownFunctional,"S97*,0.250"
X-2182,CRYZ,1429.0,MutNovel,"A309T,0.356"
X-2182,CSDE1,7812.0,MutNovel,"F595L,0.454"
X-2182,CSDE1,7812.0,MutNovel,"I539T,0.506"
X-2182,CSNK1G1,53944.0,MutNovel,"T14A,0.667"
X-2182,CSTF1,1477.0,MutNovel,"S272Y,0.208"
X-2182,CSTF2,1478.0,MutNovel,"E30D,0.677"
X-2182,CSTF2,1478.0,MutNovel,"I565L,0.496"
X-2182,CSTF3,1479.0,MutNovel,"R90I,0.571"
X-2182,CTAGE5,4253.0,MutKnownFunctional,"E578*,0.250"
X-2182,CTBS,1486.0,MutNovel,"S337Y,0.429"
X-2182,CTH,1491.0,MutNovel,"D389Y,0.410"
X-2182,CTNNAL1,8727.0,MutNovel,"L409V,0.211"
X-2182,CTNNB1,1499.0,MutNovel,"E310D,0.333"
X-2182,CTNNB1,1499.0,MutNovel,"E334K,0.365"
X-2182,CTNNB1,1499.0,MutNovel,"L336I,0.629"
X-2182,CTR9,9646.0,MutNovel,"K1050N,0.551"
X-2182,CTSA,5476.0,MutNovel,"L29-,0.269"
X-2182,CTSA,5476.0,MutNovel,"D156N,0.538"
X-2182,CTSD,1509.0,MutNovel,"K72N,0.460"
X-2182,CTSL2,1515.0,MutNovel,"A9V,0.833"
X-2182,CTSS,1520.0,MutNovel,"K54N,0.261"
X-2182,CUL2,8453.0,MutNovel,"R494W,0.605"
X-2182,CUL2,8453.0,MutNovel,"R190C,0.353"
X-2182,CUL2,8453.0,MutNovel,"K81N,0.800"
X-2182,CUL4A,8451.0,MutNovel,"E246K,0.400"
X-2182,CUL4A,8451.0,MutNovel,"I287T,0.288"
X-2182,CUL9,23113.0,MutNovel,"A289V,0.750"
X-2182,CUX1,1523.0,MutNovel,"R590W,0.270"
X-2182,CWC22,57703.0,MutNovel,"K163N,1.000"
X-2182,CWF19L1,55280.0,MutNovel,"D528Y,0.483"
X-2182,CWF19L1,55280.0,MutNovel,"K483N,0.382"
X-2182,CWF19L1,55280.0,MutNovel,"Q145P,0.293"
X-2182,CWF19L2,143884.0,MutNovel,"K800N,0.417"
X-2182,CXADR,1525.0,MutNovel,"Q182H,0.222"
X-2182,CYB5R1,51706.0,MutNovel,"T304A,0.419"
X-2182,CYBASC3,220002.0,MutNovel,"K195T,0.284"
X-2182,CYBB,1536.0,MutNovel,"F441L,1.000"
X-2182,CYCS,54205.0,MutNovel,"L33F,0.490"
X-2182,CYFIP1,23191.0,MutNovel,"K178T,0.542"
X-2182,CYFIP1,23191.0,MutNovel,"S117Y,0.833"
X-2182,CYP20A1,57404.0,MutNovel,"S134Y,0.278"
X-2182,CYP26A1,1592.0,MutKnownFunctional,"R365*,1.000"
X-2182,CYP2E1,1571.0,MutNovel,"K317E,0.333"
X-2182,CYP2J2,1573.0,MutNovel,"V499A,0.611"
X-2182,CYP2J2,1573.0,MutNovel,"S490T,0.399"
X-2182,CYP3A5,1577.0,MutNovel,"N280D,0.712"
X-2182,CYP4F12,66002.0,MutNovel,"E387D,0.520"
X-2182,CYP51A1,1595.0,MutNovel,"S34P,0.525"
X-2182,CYTH1,9267.0,MutNovel,"E19K,0.467"
X-2182,DACH2,117154.0,Del0.8,0.76
X-2182,DARS2,55157.0,MutNovel,"L585S,0.295"
X-2182,DAZAP1,26528.0,MutNovel,"E24D,0.529"
X-2182,DBF4,10926.0,MutNovel,"TP553T,0.419"
X-2182,DCAF10,79269.0,MutKnownFunctional,"E477*,0.364"
X-2182,DCAF16,54876.0,MutKnownFunctional,"R91*,0.400"
X-2182,DCAF17,80067.0,MutNovel,"S376Y,0.429"
X-2182,DCAF8,50717.0,MutKnownFunctional,"Y87*,0.267"
X-2182,DCAF8,50717.0,MutKnownFunctional,"R65*,0.700"
X-2182,DCBLD1,285761.0,MutNovel,"K70N,0.364"
X-2182,DCLRE1C,64421.0,MutNovel,"L559F,0.312"
X-2182,DCUN1D5,84259.0,MutNovel,"F127C,0.441"
X-2182,DDHD2,23259.0,MutNovel,"D366Y,1.000"
X-2182,DDRGK1,65992.0,MutNovel,"V279M,0.466"
X-2182,DDTL,100037417.0,MutNovel,"F133L,0.420"
X-2182,DDX10,1662.0,MutNovel,"M678I,0.643"
X-2182,DDX17,10521.0,MutNovel,"V379I,0.633"
X-2182,DDX19B,11269.0,MutNovel,"R465I,0.250"
X-2182,DDX20,11218.0,MutNovel,"N737H,0.661"
X-2182,DDX25,29118.0,MutNovel,"V161G,0.750"
X-2182,DDX27,55661.0,MutNovel,"R600W,0.462"
X-2182,DDX27,55661.0,MutNovel,"K738N,0.376"
X-2182,DDX41,51428.0,MutNovel,"R101C,0.508"
X-2182,DDX42,11325.0,MutNovel,"K347T,0.437"
X-2182,DDX42,11325.0,MutNovel,"R490Q,0.506"
X-2182,DDX46,9879.0,MutNovel,"D803Y,0.547"
X-2182,DDX47,51202.0,MutNovel,"R62C,0.960"
X-2182,DDX49,54555.0,MutNovel,"C265R,0.480"
X-2182,DDX50,79009.0,MutNovel,"R710C,0.522"
X-2182,DDX54,79039.0,MutNovel,"A366T,0.549"
X-2182,DDX60,55601.0,MutNovel,"R1494I,0.455"
X-2182,DEGS1,8560.0,MutNovel,"F160C,0.455"
X-2182,DEGS1,8560.0,MutNovel,"K207E,0.417"
X-2182,DEK,7913.0,MutNovel,"R362I,0.409"
X-2182,DENND1B,163486.0,MutKnownFunctional,"S751*,0.333"
X-2182,DENND1B,163486.0,MutNovel,"V57I,0.667"
X-2182,DENND4A,10260.0,MutKnownFunctional,"R831*,0.800"
X-2182,DEPDC7,91614.0,MutNovel,"V367G,0.714"
X-2182,DESI2,,MutNovel,"R130Q,0.400"
X-2182,DFNB59,494513.0,MutKnownFunctional,"R178*,0.500"
X-2182,DGCR8,54487.0,MutNovel,"R670I,0.222"
X-2182,DGUOK,1716.0,MutNovel,"E128D,0.403"
X-2182,DHCR7,1717.0,MutNovel,"F215L,0.991"
X-2182,DHDDS,79947.0,MutNovel,"R266W,0.250"
X-2182,DHX16,8449.0,MutNovel,"D102Y,0.720"
X-2182,DHX29,54505.0,MutNovel,"L1143I,0.282"
X-2182,DHX29,54505.0,MutNovel,"L566I,0.353"
X-2182,DHX29,54505.0,MutNovel,"K223R,0.571"
X-2182,DHX32,55760.0,MutNovel,"F689C,0.512"
X-2182,DHX32,55760.0,MutNovel,"L455V,0.268"
X-2182,DHX35,60625.0,MutNovel,"R631H,0.333"
X-2182,DHX36,170506.0,MutNovel,"P700T,0.697"
X-2182,DHX36,170506.0,MutNovel,"E372D,0.667"
X-2182,DHX9,1660.0,MutNovel,"V655F,0.528"
X-2182,DIAPH1,1729.0,MutNovel,"R1163K,0.556"
X-2182,DIAPH1,1729.0,MutNovel,"K503N,0.530"
X-2182,DIAPH1,1729.0,MutNovel,"R197Q,0.270"
X-2182,DIAPH3,81624.0,MutNovel,"D872N,0.375"
X-2182,DIAPH3,81624.0,MutNovel,"K637N,0.625"
X-2182,DIAPH3,81624.0,MutNovel,"E111D,0.500"
X-2182,DICER1,23405.0,MutKnownFunctional,"R1895*,0.273"
X-2182,DIP2A,23181.0,MutNovel,"V1333I,0.714"
X-2182,DIRC2,84925.0,MutNovel,"V273I,0.217"
X-2182,DLGAP5,9787.0,MutNovel,"I166T,0.372"
X-2182,DLST,1743.0,MutNovel,"D363Y,0.400"
X-2182,DMTF1,9988.0,MutNovel,"N628D,0.500"
X-2182,DMWD,1762.0,MutNovel,"V608I,0.556"
X-2182,DMXL1,1657.0,MutNovel,"K92N,0.593"
X-2182,DNA2,1763.0,MutNovel,"I755M,0.400"
X-2182,DNA2,1763.0,MutNovel,"D593Y,0.375"
X-2182,DNA2,1763.0,MutNovel,"R135Q,0.500"
X-2182,DNAH1,25981.0,MutNovel,"F3226L,0.667"
X-2182,DNAH14,127602.0,MutNovel,"Y74D,0.565"
X-2182,DNAH2,146754.0,MutNovel,"E4082D,0.381"
X-2182,DNAJB12,54788.0,MutNovel,"T74A,0.312"
X-2182,DNAJC10,54431.0,MutNovel,"F245V,0.260"
X-2182,DNAJC10,54431.0,MutNovel,"F583L,0.481"
X-2182,DNAJC13,23317.0,MutNovel,"R2115Q,0.732"
X-2182,DNAJC15,29103.0,MutNovel,"H150Q,0.810"
X-2182,DNAJC21,134218.0,MutNovel,"N177D,0.442"
X-2182,DNAJC3,5611.0,MutNovel,"D220Y,0.389"
X-2182,DNAJC8,22826.0,MutNovel,"R190Q,0.287"
X-2182,DNM1L,10059.0,MutNovel,"D643E,0.416"
X-2182,DNM2,1785.0,MutNovel,"Q162K,0.481"
X-2182,DOCK11,139818.0,MutNovel,"KN1142NN,1.000"
X-2182,DOCK11,139818.0,MutNovel,"K1788N,0.417"
X-2182,DOCK7,85440.0,MutNovel,"F1584L,0.692"
X-2182,DOCK7,85440.0,MutNovel,"K1138N,1.000"
X-2182,DOCK9,23348.0,MutNovel,"E1732K,0.231"
X-2182,DOCK9,23348.0,MutNovel,"L1069I,0.375"
X-2182,DOLK,22845.0,MutNovel,"S486Y,0.487"
X-2182,DOPEY1,23033.0,MutNovel,"L1666M,1.000"
X-2182,DPH2,1802.0,MutNovel,"L417I,0.500"
X-2182,DPY19L1,23333.0,MutNovel,"K408N,0.889"
X-2182,DRAM1,55332.0,MutNovel,"D222Y,0.444"
X-2182,DROSHA,29102.0,MutNovel,"E1076K,0.611"
X-2182,DROSHA,29102.0,MutNovel,"D370Y,0.667"
X-2182,DSCC1,79075.0,MutNovel,"R274Q,0.442"
X-2182,DSEL,92126.0,MutNovel,"R737I,1.000"
X-2182,DSG2,1829.0,MutKnownFunctional,"E770*,0.328"
X-2182,DSP,1832.0,MutNovel,"K2269T,0.320"
X-2182,DTNBP1,84062.0,MutNovel,"K89N,0.237"
X-2182,DTWD1,56986.0,MutNovel,"S282Y,0.260"
X-2182,DUS3L,56931.0,MutNovel,"P311L,0.480"
X-2182,DUSP16,80824.0,MutNovel,"R505Q,0.227"
X-2182,DUSP16,80824.0,MutNovel,"K395T,0.462"
X-2182,DUSP23,54935.0,MutKnownFunctional,"R127*,0.411"
X-2182,DYNC1I2,1781.0,MutNovel,"R269Q,0.233"
X-2182,DYNC1LI2,1783.0,MutNovel,"M163I,0.462"
X-2182,DYNC2LI1,51626.0,MutNovel,"R339I,0.226"
X-2182,DYRK1A,1859.0,MutNovel,"Y415C,0.412"
X-2182,DYRK2,8445.0,MutNovel,"E171K,0.467"
X-2182,DZIP3,9666.0,MutNovel,"R189Q,1.000"
X-2182,DZIP3,9666.0,MutNovel,"S974Y,0.889"
X-2182,EBAG9,9166.0,MutNovel,"R7W,0.591"
X-2182,EBPL,84650.0,MutNovel,"F171L,0.558"
X-2182,ECHDC1,55862.0,MutNovel,"L285I,0.218"
X-2182,ECHS1,1892.0,MutNovel,"F116L,0.481"
X-2182,EDC4,23644.0,MutNovel,"E1083D,0.236"
X-2182,EDEM2,55741.0,MutNovel,"T192M,0.278"
X-2182,EDEM3,80267.0,MutNovel,"S839Y,0.500"
X-2182,EEF2K,29904.0,MutNovel,"G623D,0.571"
X-2182,EFR3A,23167.0,MutNovel,"R53Q,1.000"
X-2182,EFTUD1,79631.0,MutNovel,"E798D,0.486"
X-2182,EIF2AK4,440275.0,MutNovel,"K1380N,0.452"
X-2182,EIF2C1,26523.0,MutNovel,"F714L,0.400"
X-2182,EIF2S1,1965.0,MutNovel,"F13C,0.291"
X-2182,EIF2S3,1968.0,MutNovel,"V8M,1.000"
X-2182,EIF3A,8661.0,MutNovel,"A652T,0.504"
X-2182,EIF3A,8661.0,MutNovel,"N586S,0.588"
X-2182,EIF3A,8661.0,MutNovel,"E314K,0.292"
X-2182,EIF3E,3646.0,MutNovel,"N373Y,0.941"
X-2182,EIF3G,8666.0,MutNovel,"K65N,0.232"
X-2182,EIF3G,8666.0,MutNovel,"A37T,0.488"
X-2182,EIF3H,8667.0,MutNovel,"K180N,0.249"
X-2182,EIF3I,8668.0,MutNovel,"S94L,0.504"
X-2182,EIF3L,51386.0,MutNovel,"E298K,0.505"
X-2182,EIF4A1,,MutNovel,"F390V,0.501"
X-2182,EIF4B,1975.0,MutNovel,"R408Q,0.254"
X-2182,EIF4G1,1981.0,MutNovel,"L727I,0.478"
X-2182,EIF4G3,8672.0,MutNovel,"R145W,0.429"
X-2182,EIF4H,7458.0,MutNovel,"T53M,0.451"
X-2182,EIF5,1983.0,MutNovel,"I188M,0.473"
X-2182,ELAC1,55520.0,MutKnownFunctional,"E347*,0.380"
X-2182,ELK3,2004.0,MutNovel,"K406T,0.800"
X-2182,ELK4,2005.0,MutKnownFunctional,"E220*,0.462"
X-2182,ELL,8178.0,MutNovel,"S59N,0.267"
X-2182,ELL3,80237.0,MutNovel,"R339W,0.340"
X-2182,ELMO2,63916.0,MutNovel,"D433Y,0.250"
X-2182,ELOVL6,79071.0,MutNovel,"K53T,0.571"
X-2182,ELOVL6,79071.0,MutKnownFunctional,"E10*,0.333"
X-2182,ELOVL7,79993.0,MutNovel,"D103Y,0.500"
X-2182,ELP4,26610.0,MutNovel,"S154Y,0.800"
X-2182,EMC1,,MutNovel,"R69Q,0.607"
X-2182,EMC9,,MutNovel,"V132I,0.543"
X-2182,EML4,27436.0,MutNovel,"R268Q,0.444"
X-2182,EN2,2020.0,MutNovel,"P247S,0.571"
X-2182,ENOX2,10495.0,MutNovel,"L329I,0.667"
X-2182,ENTPD2,954.0,MutNovel,"G114D,0.672"
X-2182,ENTPD2,954.0,MutNovel,"Q102H,0.319"
X-2182,ENTPD4,9583.0,MutNovel,"R25Q,0.471"
X-2182,ENTPD8,377841.0,MutNovel,"R461W,0.562"
X-2182,EP300,2033.0,MutNovel,"R1324K,0.400"
X-2182,EPHB3,2049.0,MutNovel,"V957M,0.561"
X-2182,EPHB4,2050.0,MutNovel,"R917W,0.518"
X-2182,EPHX4,253152.0,MutNovel,"S269Y,0.333"
X-2182,EPRS,2058.0,MutNovel,"F1248V,0.211"
X-2182,EPRS,2058.0,MutNovel,"S434Y,0.493"
X-2182,EPS15,2060.0,MutNovel,"S744L,0.381"
X-2182,EPS8L3,79574.0,MutNovel,"K269T,0.485"
X-2182,ERBB2,2064.0,MutNovel,"A241V,0.545"
X-2182,ERBB2IP,55914.0,MutNovel,"R1330Q,0.303"
X-2182,ERBB3,2065.0,MutNovel,"N1039T,0.372"
X-2182,ERCC3,2071.0,MutNovel,"S269Y,0.435"
X-2182,ERG,2078.0,MutNovel,"Q220H,1.000"
X-2182,ERG,2078.0,MutNovel,"K217R,1.000"
X-2182,ERGIC1,57222.0,MutNovel,"Q142H,0.272"
X-2182,ERI2,112479.0,MutNovel,"I496M,0.667"
X-2182,ERI2,112479.0,MutNovel,"D232Y,0.750"
X-2182,ERI3,79033.0,MutNovel,"G64D,0.400"
X-2182,ERLIN1,10613.0,MutNovel,"M85I,0.824"
X-2182,ERO1L,30001.0,MutNovel,"F416C,0.395"
X-2182,ERO1L,30001.0,MutNovel,"I291M,0.531"
X-2182,ERP44,23071.0,MutNovel,"F195C,0.598"
X-2182,ERP44,23071.0,MutNovel,"R114C,0.481"
X-2182,ERVMER34-1,100288413.0,MutNovel,"F499L,0.667"
X-2182,ESF1,51575.0,MutNovel,"S685L,0.480"
X-2182,ESPL1,9700.0,MutNovel,"N462T,0.750"
X-2182,ETAA1,54465.0,MutNovel,"F463C,0.571"
X-2182,ETAA1,54465.0,MutNovel,"E644K,0.241"
X-2182,ETF1,2107.0,MutNovel,"F385V,0.285"
X-2182,ETV6,2120.0,MutKnownFunctional,"E364*,0.267"
X-2182,EXO1,9156.0,MutNovel,"R108C,0.667"
X-2182,EXO1,9156.0,MutNovel,"H779N,0.239"
X-2182,EXOC3,11336.0,MutNovel,"R509I,0.440"
X-2182,EXOC5,10640.0,MutNovel,"R695C,0.250"
X-2182,EXOC5,10640.0,MutNovel,"L419I,0.875"
X-2182,EXOC5,10640.0,MutNovel,"D386Y,0.364"
X-2182,EXOC6,54536.0,MutKnownFunctional,"E194*,0.278"
X-2182,EXOC7,23265.0,MutNovel,"S166L,0.522"
X-2182,EXOC7,23265.0,MutNovel,"E13D,0.238"
X-2182,EXOSC10,5394.0,MutNovel,"T659M,0.532"
X-2182,EXOSC2,23404.0,MutNovel,"K183N,0.223"
X-2182,EXT2,2132.0,MutNovel,"D573Y,0.534"
X-2182,EXTL2,2135.0,MutNovel,"R140I,0.700"
X-2182,EZH2,2146.0,MutNovel,"S537I,0.260"
X-2182,EZH2,2146.0,MutNovel,"D192N,0.215"
X-2182,F11R,50848.0,MutNovel,"E233A,0.455"
X-2182,FAF2,23197.0,MutNovel,"R85I,0.294"
X-2182,FAM109B,150368.0,MutNovel,"K212E,0.214"
X-2182,FAM111B,374393.0,MutKnownFunctional,"E134*,0.667"
X-2182,FAM111B,374393.0,MutNovel,"R598Q,0.500"
X-2182,FAM111B,374393.0,MutNovel,"N698H,0.500"
X-2182,FAM114A2,10827.0,MutNovel,"S270Y,0.444"
X-2182,FAM117B,150864.0,MutNovel,"R377C,0.600"
X-2182,FAM120A,23196.0,MutNovel,"D280N,0.205"
X-2182,FAM120A,23196.0,MutNovel,"R320Q,0.667"
X-2182,FAM134A,79137.0,MutNovel,"L467I,0.257"
X-2182,FAM134B,54463.0,MutKnownFunctional,"S491*,0.857"
X-2182,FAM13A,10144.0,MutNovel,"R966Q,0.833"
X-2182,FAM13B,51306.0,MutNovel,"K608Q,0.417"
X-2182,FAM149A,25854.0,MutNovel,"S286L,0.400"
X-2182,FAM160A1,729830.0,MutNovel,"E866D,0.333"
X-2182,FAM160A2,84067.0,MutNovel,"R934Q,0.382"
X-2182,FAM171A2,284069.0,MutNovel,"A71T,1.000"
X-2182,FAM174B,400451.0,MutNovel,"D155N,1.000"
X-2182,FAM179B,23116.0,MutNovel,"E1219A,0.333"
X-2182,FAM188B,84182.0,MutNovel,"D46A,0.333"
X-2182,FAM190B,54462.0,MutNovel,"E476A,0.500"
X-2182,FAM193A,8603.0,MutNovel,"F168I,0.444"
X-2182,FAM193A,8603.0,MutNovel,"Q243K,0.375"
X-2182,FAM200A,221786.0,MutNovel,"T521P,0.208"
X-2182,FAM208A,23272.0,MutNovel,"A1008T,0.364"
X-2182,FAM208B,54906.0,MutKnownFunctional,"E2275*,0.471"
X-2182,FAM208B,54906.0,MutNovel,"K2420Q,0.622"
X-2182,FAM210A,125228.0,MutKnownFunctional,"Y153*,0.364"
X-2182,FAM213A,80195.0,MutKnownFunctional,"E202*,0.377"
X-2182,FAM216A,,MutNovel,"N124D,0.500"
X-2182,FAM217B,,MutNovel,"N15T,0.714"
X-2182,FAM220A,,MutNovel,"E112A,0.312"
X-2182,FAM227B,,MutNovel,"E476K,0.250"
X-2182,FAM35A,54537.0,MutNovel,"L142I,0.227"
X-2182,FAM35A,54537.0,MutNovel,"K186N,0.520"
X-2182,FAM35A,54537.0,MutNovel,"L798V,0.228"
X-2182,FAM40A,85369.0,MutNovel,"E465K,0.345"
X-2182,FAM48A,55578.0,MutNovel,"E100K,0.333"
X-2182,FAM49B,51571.0,MutNovel,"F20V,0.438"
X-2182,FAM49B,51571.0,MutNovel,"N18H,0.326"
X-2182,FAM54A,113115.0,MutNovel,"R266I,0.255"
X-2182,FAM54B,56181.0,MutNovel,"D286Y,0.208"
X-2182,FAM63A,55793.0,MutNovel,"E229D,0.400"
X-2182,FAM64A,54478.0,MutNovel,"S3Y,0.321"
X-2182,FAM65A,79567.0,MutNovel,"R228Q,0.667"
X-2182,FAM98B,283742.0,MutNovel,"R251I,0.455"
X-2182,FANCA,2175.0,MutNovel,"L769V,0.462"
X-2182,FANCC,2176.0,MutNovel,"Q103H,0.500"
X-2182,FANCC,2176.0,MutNovel,"E85A,0.308"
X-2182,FANCD2,2177.0,MutKnownFunctional,"E1011*,0.273"
X-2182,FAR1,84188.0,MutNovel,"S33Y,0.444"
X-2182,FARS2,10667.0,MutNovel,"F381L,0.205"
X-2182,FASN,2194.0,MutNovel,"L563H,0.524"
X-2182,FASTKD1,79675.0,MutNovel,"F618L,0.524"
X-2182,FASTKD1,79675.0,MutNovel,"I268V,0.600"
X-2182,FASTKD1,79675.0,MutNovel,"S225Y,0.308"
X-2182,FAT1,2195.0,MutNovel,"D4430N,0.241"
X-2182,FAT1,2195.0,MutNovel,"D4377N,0.427"
X-2182,FAT1,2195.0,MutNovel,"D3626N,0.445"
X-2182,FAT1,2195.0,MutNovel,"Y3575C,0.503"
X-2182,FAT1,2195.0,MutNovel,"R3053H,0.245"
X-2182,FAT1,2195.0,MutNovel,"K2873N,0.240"
X-2182,FAT1,2195.0,MutNovel,"I2358V,0.316"
X-2182,FAT1,2195.0,MutNovel,"K73T,1.000"
X-2182,FBP1,2203.0,MutNovel,"S271I,0.696"
X-2182,FBRSL1,57666.0,MutNovel,"E147K,0.250"
X-2182,FBXL3,26224.0,MutKnownFunctional,"E299*,0.478"
X-2182,FBXL5,26234.0,MutNovel,"K591T,0.531"
X-2182,FBXO10,26267.0,MutNovel,"S255Y,0.750"
X-2182,FBXO11,80204.0,MutNovel,"A829V,0.535"
X-2182,FBXO11,80204.0,MutNovel,"N440H,0.583"
X-2182,FBXO16,157574.0,MutNovel,"S188Y,0.600"
X-2182,FBXO16,157574.0,MutNovel,"F142L,0.900"
X-2182,FBXO18,84893.0,MutNovel,"T221M,0.600"
X-2182,FBXO22,26263.0,MutNovel,"R164Q,0.316"
X-2182,FBXO22,26263.0,MutNovel,"G253C,0.364"
X-2182,FBXO24,26261.0,MutNovel,"K306N,1.000"
X-2182,FBXO3,26273.0,MutNovel,"V177I,0.550"
X-2182,FBXO31,79791.0,MutNovel,"F226L,0.424"
X-2182,FBXO5,26271.0,MutNovel,"R252Q,0.476"
X-2182,FBXO8,26269.0,MutNovel,"F209L,0.500"
X-2182,FBXW7,55294.0,MutLikelyFunctional,"R689W,0.381"
X-2182,FBXW8,26259.0,MutNovel,"L381I,1.000"
X-2182,FCGBP,8857.0,MutNovel,"N4355T,0.333"
X-2182,FCGBP,8857.0,MutNovel,"G2104R,1.000"
X-2182,FDPS,2224.0,MutNovel,"K296N,0.242"
X-2182,FDXACB1,91893.0,MutNovel,"A189D,0.500"
X-2182,FECH,2235.0,MutNovel,"R259K,0.647"
X-2182,FERMT1,55612.0,MutNovel,"L409R,0.402"
X-2182,FH,2271.0,MutNovel,"K470N,0.436"
X-2182,FHOD1,29109.0,MutNovel,"E765K,0.500"
X-2182,FIP1L1,81608.0,MutNovel,"R196Q,0.231"
X-2182,FKBP1A,2280.0,MutNovel,"T22I,0.543"
X-2182,FLII,2314.0,MutNovel,"E1141D,0.410"
X-2182,FLII,2314.0,MutNovel,"F831C,0.590"
X-2182,FLNB,2317.0,MutNovel,"K960T,0.464"
X-2182,FLNB,2317.0,MutNovel,"V1695A,0.250"
X-2182,FLNB,2317.0,MutNovel,"D1704Y,0.523"
X-2182,FLNC,2318.0,MutNovel,"F986L,0.250"
X-2182,FLOT1,10211.0,MutNovel,"R214I,0.260"
X-2182,FLOT2,2319.0,MutNovel,"V261A,0.500"
X-2182,FMN1,342184.0,MutNovel,"E95D,1.000"
X-2182,FMR1,2332.0,MutNovel,"E280K,1.000"
X-2182,FNBP1L,54874.0,MutNovel,"Q19H,0.800"
X-2182,FNBP4,23360.0,MutNovel,"E617K,0.667"
X-2182,FOCAD,,MutNovel,"A1798T,0.614"
X-2182,FOXJ3,22887.0,MutNovel,"R297W,0.529"
X-2182,FOXN3,1112.0,MutNovel,"N71T,0.429"
X-2182,FOXP1,27086.0,MutNovel,"S448L,0.652"
X-2182,FPGT,8790.0,MutNovel,"S412F,0.357"
X-2182,FRY,10129.0,MutNovel,"S2575N,0.571"
X-2182,FRY,10129.0,MutNovel,"R2640W,0.800"
X-2182,FRYL,285527.0,MutNovel,"S2907Y,0.818"
X-2182,FUBP1,8880.0,MutNovel,"R430C,0.467"
X-2182,FUBP3,8939.0,MutNovel,"K278N,0.720"
X-2182,FUNDC1,139341.0,MutKnownFunctional,"R116*,1.000"
X-2182,FURIN,5045.0,MutNovel,"M189I,0.416"
X-2182,FXR1,8087.0,MutNovel,"D22Y,0.577"
X-2182,FZD1,8321.0,MutNovel,"Y498H,0.700"
X-2182,FZD3,7976.0,MutNovel,"L145G,0.490"
X-2182,G6PC3,92579.0,MutNovel,"S131L,0.446"
X-2182,GABARAPL1,23710.0,MutNovel,"R67I,0.441"
X-2182,GALNT1,2589.0,MutNovel,"R368Q,0.824"
X-2182,GALNT1,2589.0,MutKnownFunctional,"E475*,0.238"
X-2182,GALNT10,55568.0,MutNovel,"D184N,0.500"
X-2182,GALNT11,63917.0,MutNovel,"A234T,0.722"
X-2182,GALNT11,63917.0,MutNovel,"E454D,0.452"
X-2182,GALNT13,114805.0,MutNovel,"H343N,0.727"
X-2182,GALNT2,2590.0,MutNovel,"Y396D,0.413"
X-2182,GALNT8,26290.0,MutNovel,"R211Q,0.426"
X-2182,GANAB,23193.0,MutNovel,"K649N,0.481"
X-2182,GAR1,54433.0,MutNovel,"R160Q,0.264"
X-2182,GARS,2617.0,MutNovel,"K235N,0.545"
X-2182,GART,2618.0,MutNovel,"F289C,0.370"
X-2182,GAS2L3,283431.0,MutNovel,"D53Y,0.750"
X-2182,GATAD1,57798.0,MutNovel,"G23E,0.667"
X-2182,GATAD1,57798.0,MutNovel,"R117I,0.625"
X-2182,GATAD2A,54815.0,MutNovel,"R96M,0.580"
X-2182,GATM,2628.0,MutNovel,"D298Y,0.333"
X-2182,GBP1,2633.0,MutNovel,"Q136H,1.000"
X-2182,GCC2,9648.0,MutNovel,"N233K,1.000"
X-2182,GCN1L1,10985.0,MutNovel,"E2238D,0.252"
X-2182,GCNT3,9245.0,MutNovel,"K244N,0.554"
X-2182,GDA,9615.0,MutNovel,"S187L,0.643"
X-2182,GDI2,2665.0,MutNovel,"T412A,0.251"
X-2182,GEMIN2,8487.0,MutNovel,"R114Q,0.486"
X-2182,GEMIN4,50628.0,MutKnownFunctional,"E114*,0.639"
X-2182,GEN1,348654.0,MutKnownFunctional,"E442*,0.429"
X-2182,GFPT1,2673.0,MutNovel,"R95H,0.472"
X-2182,GFPT1,2673.0,MutNovel,"D78Y,0.273"
X-2182,GGPS1,9453.0,MutNovel,"R10I,0.385"
X-2182,GHITM,27069.0,MutNovel,"L96V,0.490"
X-2182,GIGYF1,64599.0,MutNovel,"A584T,0.500"
X-2182,GIN1,54826.0,MutNovel,"N360K,0.500"
X-2182,GIPC2,54810.0,MutNovel,"K199E,0.444"
X-2182,GIT2,9815.0,MutNovel,"L657F,0.556"
X-2182,GIT2,9815.0,MutNovel,"G190E,0.500"
X-2182,GLB1L,79411.0,MutNovel,"R417Q,0.208"
X-2182,GLDC,2731.0,MutNovel,"P223R,1.000"
X-2182,GLE1,2733.0,MutNovel,"V132I,0.308"
X-2182,GLRX3,10539.0,MutNovel,"K138N,0.618"
X-2182,GLTP,51228.0,MutNovel,"I56S,0.315"
X-2182,GMCL1,64395.0,MutNovel,"R373W,0.591"
X-2182,GMPPA,29926.0,MutNovel,"G9R,0.333"
X-2182,GMPS,8833.0,MutNovel,"R552H,0.369"
X-2182,GNA13,10672.0,MutNovel,"S124L,0.538"
X-2182,GNA14,9630.0,MutNovel,"R206Q,0.667"
X-2182,GNB3,2784.0,MutKnownFunctional,"S201*,1.000"
X-2182,GNG3,2785.0,MutNovel,"F70V,1.000"
X-2182,GNL3,26354.0,MutNovel,"N102H,0.480"
X-2182,GNPDA2,132789.0,MutNovel,"L133I,0.500"
X-2182,GNS,2799.0,MutNovel,"L510V,0.462"
X-2182,GOLGA2,2801.0,MutNovel,"E313D,0.629"
X-2182,GOLGA4,2803.0,MutNovel,"R1765I,0.413"
X-2182,GOLGA4,2803.0,MutNovel,"L1906V,0.441"
X-2182,GOLGB1,2804.0,MutNovel,"L3039F,0.500"
X-2182,GOLM1,51280.0,MutNovel,"D327N,0.684"
X-2182,GON4L,54856.0,MutNovel,"D1688Y,0.385"
X-2182,GON4L,54856.0,MutNovel,"S1283P,0.333"
X-2182,GOPC,57120.0,MutNovel,"S407R,0.571"
X-2182,GOPC,57120.0,MutNovel,"R390C,0.439"
X-2182,GOPC,57120.0,MutNovel,"S88Y,0.462"
X-2182,GOSR2,9570.0,MutNovel,"E36K,0.761"
X-2182,GPATCH1,55094.0,MutNovel,"S697R,0.211"
X-2182,GPATCH1,55094.0,MutNovel,"K889T,0.579"
X-2182,GPBP1,65056.0,MutNovel,"S203P,0.555"
X-2182,GPD2,2820.0,MutNovel,"D713G,0.409"
X-2182,GPM6A,2823.0,MutNovel,"E196D,1.000"
X-2182,GPR108,56927.0,MutNovel,"E325K,0.538"
X-2182,GPR114,221188.0,MutNovel,"G421S,1.000"
X-2182,GPR115,221393.0,MutNovel,"E373K,0.571"
X-2182,GPR125,166647.0,MutNovel,"R398H,0.600"
X-2182,GPRC5C,55890.0,MutNovel,"R165H,0.464"
X-2182,GPSM2,29899.0,MutNovel,"K603T,0.510"
X-2182,GPX3,2878.0,MutNovel,"R217W,0.233"
X-2182,GPX8,493869.0,MutNovel,"L34I,0.276"
X-2182,GRAMD1A,57655.0,MutNovel,"R89H,0.457"
X-2182,GRB10,2887.0,MutNovel,"K368N,0.404"
X-2182,GRB7,2886.0,MutNovel,"R278Q,0.457"
X-2182,GRIN2B,2904.0,MutNovel,"R187C,1.000"
X-2182,GRIN2B,2904.0,MutNovel,"D113N,1.000"
X-2182,GRINA,2907.0,MutNovel,"D278N,0.276"
X-2182,GSDMD,79792.0,MutNovel,"S395L,0.549"
X-2182,GSK3B,2932.0,MutNovel,"Q185H,0.204"
X-2182,GSPT1,2935.0,MutNovel,"V629F,0.512"
X-2182,GSTT1,2952.0,Del0.8,0.46
X-2182,GTDC1,79712.0,MutNovel,"P400T,0.389"
X-2182,GTF2B,2959.0,MutNovel,"R137Q,0.420"
X-2182,GTF2H1,2965.0,MutNovel,"L188F,0.488"
X-2182,GTF2H1,2965.0,MutNovel,"S292Y,0.632"
X-2182,GTF3C1,2975.0,MutNovel,"G899S,0.257"
X-2182,GTF3C2,2976.0,MutNovel,"R862Q,0.481"
X-2182,GTF3C3,9330.0,MutNovel,"H719P,0.412"
X-2182,GTF3C3,9330.0,MutKnownFunctional,"E667*,0.242"
X-2182,GTF3C4,9329.0,MutNovel,"L343I,0.462"
X-2182,GTF3C6,112495.0,MutKnownFunctional,"R136*,0.480"
X-2182,GTPBP1,9567.0,MutNovel,"H292R,0.514"
X-2182,GTPBP2,54676.0,MutNovel,"K125N,0.235"
X-2182,GTPBP4,23560.0,MutNovel,"K103N,0.438"
X-2182,GTPBP4,23560.0,MutNovel,"D467G,0.513"
X-2182,GUCA2A,2980.0,MutNovel,"Y109C,0.500"
X-2182,GUF1,60558.0,MutNovel,"K227T,0.333"
X-2182,GUF1,60558.0,MutNovel,"K606N,0.371"
X-2182,GUSB,2990.0,MutNovel,"D230Y,0.343"
X-2182,GXYLT1,283464.0,MutNovel,"D373N,0.571"
X-2182,H3F3A,3020.0,MutNovel,"A48V,0.571"
X-2182,HACL1,26061.0,MutNovel,"Q296P,0.262"
X-2182,HARS2,23438.0,MutNovel,"N54H,0.436"
X-2182,HARS2,23438.0,MutNovel,"E440D,0.446"
X-2182,HARS2,23438.0,MutNovel,"N494H,0.439"
X-2182,HAUS3,79441.0,MutNovel,"S483Y,0.377"
X-2182,HAUS5,23354.0,MutKnownFunctional,"Q610*,0.607"
X-2182,HAUS7,55559.0,Del0.8,0.75
X-2182,HBS1L,10767.0,MutNovel,"R290I,0.440"
X-2182,HBS1L,10767.0,MutNovel,"R516Q,0.429"
X-2182,HCFC2,29915.0,MutNovel,"P675S,0.571"
X-2182,HDGF,3068.0,MutNovel,"T71M,0.458"
X-2182,HDGFRP3,50810.0,MutNovel,"S162Y,1.000"
X-2182,HDHD3,81932.0,MutNovel,"R8Q,0.522"
X-2182,HDLBP,3069.0,MutNovel,"S585Y,0.532"
X-2182,HEATR1,55127.0,MutNovel,"L1003S,0.500"
X-2182,HEATR1,55127.0,MutNovel,"R935C,0.429"
X-2182,HEATR1,55127.0,MutNovel,"S102L,1.000"
X-2182,HEATR5B,54497.0,MutNovel,"L33I,1.000"
X-2182,HEPH,9843.0,MutNovel,"R787I,1.000"
X-2182,HERC3,8916.0,MutNovel,"L981I,0.667"
X-2182,HERPUD1,9709.0,MutNovel,"K93T,0.448"
X-2182,HERPUD2,64224.0,MutKnownFunctional,"E352*,0.417"
X-2182,HERPUD2,64224.0,MutNovel,"R89L,0.400"
X-2182,HERPUD2,64224.0,MutNovel,"D65N,0.529"
X-2182,HHEX,3087.0,MutKnownFunctional,"R188*,0.467"
X-2182,HINFP,25988.0,MutKnownFunctional,"R187*,0.263"
X-2182,HINT3,135114.0,MutNovel,"D76Y,0.353"
X-2182,HIST1H3C,8352.0,MutKnownFunctional,"E74*,0.500"
X-2182,HLA-C,3107.0,MutNovel,"F57S,0.509"
X-2182,HLA-C,3107.0,MutNovel,"FD32LY,0.982"
X-2182,HLA-G,3135.0,MutNovel,"F219S,1.000"
X-2182,HMGA1,3159.0,MutNovel,"E50K,0.473"
X-2182,HMGCR,3156.0,MutNovel,"S3P,0.625"
X-2182,HMGCR,3156.0,MutNovel,"E437D,0.397"
X-2182,HMGCS2,3158.0,MutNovel,"R452Q,0.382"
X-2182,HMMR,3161.0,MutNovel,"L328I,0.435"
X-2182,HNRNPA1,3178.0,MutNovel,"N332K,0.267"
X-2182,HNRNPAB,3182.0,MutNovel,"K92T,0.900"
X-2182,HNRNPD,3184.0,MutNovel,"G135W,0.261"
X-2182,HNRNPH2,3188.0,MutNovel,"R316K,1.000"
X-2182,HNRNPU,3192.0,MutNovel,"N791H,0.250"
X-2182,HNRNPU,3192.0,MutNovel,"Y327S,0.259"
X-2182,HNRNPUL1,11100.0,MutNovel,"D555E,0.489"
X-2182,HOOK1,51361.0,MutNovel,"D621E,0.214"
X-2182,HOOK2,29911.0,MutNovel,"I564S,0.516"
X-2182,HOXB7,3217.0,MutNovel,"S12Y,0.370"
X-2182,HOXB8,3218.0,MutNovel,"F167C,0.272"
X-2182,HP1BP3,50809.0,MutNovel,"S90L,0.444"
X-2182,HPS5,11234.0,MutNovel,"F870L,0.500"
X-2182,HS2ST1,9653.0,MutNovel,"R123H,0.556"
X-2182,HSD17B11,51170.0,MutNovel,"S172L,0.523"
X-2182,HSD17B4,3295.0,MutNovel,"I321L,0.571"
X-2182,HSP90AB1,3326.0,MutNovel,"V380G,0.454"
X-2182,HSP90AB1,3326.0,MutNovel,"K427N,0.481"
X-2182,HSP90B1,7184.0,MutNovel,"R530K,0.872"
X-2182,HSPA4L,22824.0,MutNovel,"F357L,0.364"
X-2182,HSPA4L,22824.0,MutNovel,"H728N,0.476"
X-2182,HSPA5,3309.0,MutNovel,"V342I,0.260"
X-2182,HSPG2,3339.0,MutNovel,"E3583K,0.333"
X-2182,HTATIP2,10553.0,MutNovel,"D47Y,0.463"
X-2182,HTT,3064.0,MutNovel,"L163F,1.000"
X-2182,HUNK,30811.0,MutNovel,"R318C,0.600"
X-2182,HUWE1,10075.0,MutNovel,"A3557V,1.000"
X-2182,HYOU1,10525.0,MutNovel,"D890Y,0.472"
X-2182,IARS2,55699.0,MutNovel,"K182N,0.857"
X-2182,IARS2,55699.0,MutNovel,"Q195H,0.818"
X-2182,IBTK,25998.0,MutNovel,"D1222N,0.276"
X-2182,IBTK,25998.0,MutNovel,"S666Y,1.000"
X-2182,ICA1,3382.0,MutNovel,"E479K,0.468"
X-2182,IDE,3416.0,MutNovel,"K527T,0.714"
X-2182,IDH3A,3419.0,MutNovel,"R326K,0.424"
X-2182,IDUA,3425.0,MutKnownFunctional,"Y163*,0.667"
X-2182,IFNAR1,3454.0,MutNovel,"A23T,0.556"
X-2182,IFNAR2,3455.0,MutNovel,"E104K,0.370"
X-2182,IFT140,9742.0,MutNovel,"E1169D,0.300"
X-2182,IFT20,90410.0,MutNovel,"I70S,0.444"
X-2182,IFT52,51098.0,MutNovel,"R33W,0.433"
X-2182,IFT74,80173.0,MutNovel,"Y586H,0.301"
X-2182,IFT80,57560.0,MutNovel,"F557V,0.667"
X-2182,IFT88,8100.0,MutNovel,"K332Q,0.458"
X-2182,IGSF9,57549.0,MutKnownFunctional,"E971*,0.435"
X-2182,IK,3550.0,MutNovel,"E430D,0.502"
X-2182,IKBIP,121457.0,MutKnownFunctional,"Q143*,0.800"
X-2182,IKBKAP,8518.0,MutNovel,"F158C,0.714"
X-2182,IL10RB,3588.0,MutNovel,"G117E,0.732"
X-2182,IL10RB,3588.0,MutNovel,"K146R,0.457"
X-2182,IL1R2,7850.0,MutNovel,"V165M,0.224"
X-2182,IL1RAP,3556.0,MutNovel,"K319T,0.750"
X-2182,IL1RL2,8808.0,MutNovel,"R368Q,0.857"
X-2182,IL22RA1,58985.0,MutNovel,"A352V,0.647"
X-2182,IL33,90865.0,MutNovel,"K155N,0.462"
X-2182,IL4R,3566.0,MutNovel,"Q63P,0.389"
X-2182,ILDR1,286676.0,MutNovel,"S387Y,0.429"
X-2182,ILF2,3608.0,MutNovel,"S168Y,0.240"
X-2182,IMPDH1,3614.0,MutNovel,"D340N,0.411"
X-2182,INCENP,3619.0,MutNovel,"R65Q,0.220"
X-2182,ING1,3621.0,MutNovel,"E352K,0.569"
X-2182,INO80E,283899.0,MutNovel,"E61D,0.471"
X-2182,INPP5B,3633.0,MutNovel,"C819G,0.524"
X-2182,INSIG2,51141.0,MutNovel,"E220D,0.355"
X-2182,INTS1,26173.0,MutNovel,"R2182S,0.239"
X-2182,INTS1,26173.0,MutNovel,"R641H,0.537"
X-2182,INTS4,92105.0,MutNovel,"R739Q,0.423"
X-2182,INTS5,80789.0,MutNovel,"P633L,0.500"
X-2182,IPO7,10527.0,MutNovel,"L305S,0.562"
X-2182,IPO8,10526.0,MutNovel,"K774T,0.538"
X-2182,IPO8,10526.0,MutNovel,"I649L,0.556"
X-2182,IPO9,55705.0,MutNovel,"F385V,0.500"
X-2182,IPO9,55705.0,MutNovel,"D874N,0.400"
X-2182,IQCB1,9657.0,MutNovel,"L590V,0.581"
X-2182,IQGAP1,8826.0,MutNovel,"S1560Y,0.578"
X-2182,IQGAP2,10788.0,MutNovel,"S1279Y,0.500"
X-2182,IQGAP2,10788.0,MutNovel,"R1455I,0.500"
X-2182,IREB2,3658.0,MutNovel,"R419Q,0.688"
X-2182,IRF1,3659.0,MutNovel,"R120I,0.379"
X-2182,IRF2BP1,26145.0,MutKnownFunctional,"Y318*,0.329"
X-2182,IRF6,3664.0,MutNovel,"M401V,0.250"
X-2182,IRF8,3394.0,MutNovel,"V186M,0.500"
X-2182,IRS1,3667.0,MutNovel,"R258W,1.000"
X-2182,ISOC1,51015.0,MutNovel,"K162T,0.577"
X-2182,ITGA1,3672.0,MutNovel,"S994Y,0.512"
X-2182,ITGA5,3678.0,MutNovel,"F455L,1.000"
X-2182,ITGAV,3685.0,MutNovel,"V675I,0.500"
X-2182,ITGB3BP,23421.0,MutNovel,"R95I,0.415"
X-2182,ITGB5,3693.0,MutNovel,"E537K,0.280"
X-2182,ITGB5,3693.0,MutNovel,"E324D,0.519"
X-2182,ITIH4,3700.0,MutNovel,"N124S,0.429"
X-2182,ITM2C,81618.0,MutNovel,"E167K,0.459"
X-2182,ITPR2,3709.0,MutNovel,"R2063I,0.556"
X-2182,ITPR3,3710.0,MutNovel,"E1510K,0.517"
X-2182,IVNS1ABP,10625.0,MutNovel,"N627T,0.225"
X-2182,IVNS1ABP,10625.0,MutNovel,"G519C,0.336"
X-2182,IVNS1ABP,10625.0,MutNovel,"N139H,0.247"
X-2182,JAG2,3714.0,MutNovel,"D792N,0.600"
X-2182,JAK1,3716.0,MutNovel,"K452R,0.333"
X-2182,JMJD1C,221037.0,MutNovel,"L2335I,0.265"
X-2182,JMJD1C,221037.0,MutNovel,"S1967Y,0.533"
X-2182,JMJD4,65094.0,MutNovel,"A403T,0.516"
X-2182,JRKL,8690.0,MutNovel,"R128C,0.750"
X-2182,JRKL,8690.0,MutNovel,"R235H,0.500"
X-2182,KALRN,8997.0,MutNovel,"R2229Q,0.889"
X-2182,KANSL1,,MutNovel,"R464C,0.455"
X-2182,KARS,3735.0,MutNovel,"L451I,0.451"
X-2182,KAT7,11143.0,MutNovel,"D109A,0.364"
X-2182,KAT7,11143.0,MutNovel,"R127Q,0.312"
X-2182,KAT7,11143.0,MutNovel,"E219K,0.632"
X-2182,KBTBD3,143879.0,MutNovel,"L132I,0.565"
X-2182,KBTBD3,143879.0,MutKnownFunctional,"S8*,0.773"
X-2182,KCNH8,131096.0,MutNovel,"S1018Y,0.375"
X-2182,KCTD11,147040.0,MutNovel,"A55V,0.625"
X-2182,KCTD20,222658.0,MutNovel,"F295L,0.375"
X-2182,KCTD3,51133.0,MutKnownFunctional,"R56*,0.667"
X-2182,KDELR1,10945.0,MutNovel,"D193N,0.475"
X-2182,KDM2A,22992.0,MutNovel,"D14E,0.333"
X-2182,KDM2B,84678.0,MutNovel,"E522K,0.667"
X-2182,KDM3A,55818.0,MutNovel,"F704L,0.421"
X-2182,KDM4C,23081.0,MutNovel,"K465Q,0.333"
X-2182,KDM4C,23081.0,MutNovel,"E498D,0.333"
X-2182,KDM5A,5927.0,MutNovel,"R1428Q,0.542"
X-2182,KDM5B,10765.0,MutNovel,"R1455C,0.378"
X-2182,KDM5C,8242.0,MutNovel,"N1168D,1.000"
X-2182,KDM6A,7403.0,MutNovel,"N994T,1.000"
X-2182,KDSR,2531.0,MutNovel,"R316C,0.481"
X-2182,KDSR,2531.0,MutNovel,"Q100H,0.416"
X-2182,KHDRBS1,10657.0,MutNovel,"K152T,0.461"
X-2182,KHDRBS1,10657.0,MutNovel,"A376T,0.415"
X-2182,KHDRBS3,10656.0,MutNovel,"D47N,0.500"
X-2182,KIAA0020,9933.0,MutNovel,"R195I,0.553"
X-2182,KIAA0100,9703.0,MutNovel,"R2092C,0.578"
X-2182,KIAA0100,9703.0,MutNovel,"R1890W,0.344"
X-2182,KIAA0319L,79932.0,MutNovel,"Q676H,0.469"
X-2182,KIAA0368,23392.0,MutNovel,"L1789I,0.246"
X-2182,KIAA0368,23392.0,MutNovel,"R1694Q,0.256"
X-2182,KIAA0368,23392.0,MutNovel,"K910N,0.333"
X-2182,KIAA0391,9692.0,MutNovel,"R457W,0.538"
X-2182,KIAA0494,9813.0,MutNovel,"E372D,0.514"
X-2182,KIAA0494,9813.0,MutNovel,"R4H,0.333"
X-2182,KIAA0913,23053.0,MutNovel,"A837V,0.647"
X-2182,KIAA0947,23379.0,MutNovel,"S1451Y,0.571"
X-2182,KIAA0947,23379.0,MutNovel,"I2192M,0.410"
X-2182,KIAA0947,23379.0,MutNovel,"S2194L,0.324"
X-2182,KIAA1109,84162.0,MutNovel,"I4482S,0.400"
X-2182,KIAA1109,84162.0,MutNovel,"W4927C,0.448"
X-2182,KIAA1109,84162.0,MutNovel,"S4937Y,0.242"
X-2182,KIAA1199,57214.0,MutNovel,"VK1356V,0.385"
X-2182,KIAA1217,56243.0,MutNovel,"S1033L,0.214"
X-2182,KIAA1217,56243.0,MutNovel,"S1372Y,0.286"
X-2182,KIAA1244,57221.0,MutNovel,"V1825A,0.500"
X-2182,KIAA1324,57535.0,MutNovel,"T348P,0.540"
X-2182,KIAA1324,57535.0,MutNovel,"Y539C,0.500"
X-2182,KIAA1429,25962.0,MutNovel,"S1432N,0.209"
X-2182,KIAA1429,25962.0,MutNovel,"R446H,0.364"
X-2182,KIAA1586,57691.0,MutNovel,"D221Y,0.429"
X-2182,KIAA1598,57698.0,MutNovel,"R228Q,0.632"
X-2182,KIAA1704,55425.0,MutNovel,"R108M,0.250"
X-2182,KIAA1731,85459.0,MutNovel,"I2164S,0.467"
X-2182,KIAA1731,85459.0,MutKnownFunctional,"E2586*,0.484"
X-2182,KIAA1841,84542.0,MutNovel,"Q69K,0.235"
X-2182,KIAA1841,84542.0,MutNovel,"S317Y,1.000"
X-2182,KIAA1958,158405.0,MutNovel,"R174I,0.667"
X-2182,KIF13A,63971.0,MutNovel,"E216K,0.583"
X-2182,KIF18A,81930.0,MutKnownFunctional,"R855*,0.257"
X-2182,KIF20B,9585.0,MutNovel,"N541H,1.000"
X-2182,KIF20B,9585.0,MutNovel,"K1389T,0.524"
X-2182,KIF20B,9585.0,MutNovel,"R1775Q,0.409"
X-2182,KIF2A,3796.0,MutNovel,"K351N,0.708"
X-2182,KIF3B,9371.0,MutNovel,"R654Q,0.520"
X-2182,KIFC2,90990.0,MutNovel,"A129T,0.294"
X-2182,KITLG,4254.0,MutNovel,"N206H,1.000"
X-2182,KLHDC3,116138.0,MutNovel,"K302N,0.538"
X-2182,KLHDC4,54758.0,MutNovel,"G377D,0.222"
X-2182,KLHDC4,54758.0,MutNovel,"E96K,0.239"
X-2182,KLHL21,9903.0,MutNovel,"G428D,0.556"
X-2182,KLHL24,54800.0,MutKnownFunctional,"E104*,1.000"
X-2182,KLHL7,55975.0,MutNovel,"K240N,0.467"
X-2182,KLHL9,55958.0,MutKnownFunctional,"G539*,0.571"
X-2182,KLHL9,55958.0,MutKnownFunctional,"E326*,0.400"
X-2182,KLK1,3816.0,MutNovel,"D208Y,0.722"
X-2182,KNTC1,9735.0,MutNovel,"R1338C,0.588"
X-2182,KNTC1,9735.0,MutNovel,"N1360H,0.400"
X-2182,KPNA4,3840.0,MutNovel,"N219H,0.464"
X-2182,KRT18,3875.0,MutNovel,"S242Y,0.514"
X-2182,KTN1,3895.0,MutNovel,"L330R,0.457"
X-2182,L1TD1,54596.0,MutNovel,"F207C,1.000"
X-2182,L1TD1,54596.0,MutNovel,"E694A,0.571"
X-2182,L2HGDH,79944.0,MutKnownFunctional,"E227*,0.600"
X-2182,L3MBTL2,83746.0,MutNovel,"S519L,0.387"
X-2182,LACTB,114294.0,MutNovel,"K259N,0.467"
X-2182,LAMA5,3911.0,MutNovel,"S1972N,0.417"
X-2182,LAMB1,3912.0,MutNovel,"D936Y,0.202"
X-2182,LAMB3,3914.0,MutNovel,"E1118D,0.212"
X-2182,LAMC1,3915.0,MutNovel,"Y274D,0.636"
X-2182,LAMC1,3915.0,MutNovel,"R1449I,0.524"
X-2182,LAMTOR1,55004.0,MutNovel,"A46T,0.493"
X-2182,LAMTOR3,8649.0,MutKnownFunctional,"R46*,0.448"
X-2182,LANCL3,347404.0,MutNovel,"F369C,1.000"
X-2182,LAP3,51056.0,MutNovel,"E110K,0.225"
X-2182,LARP1B,55132.0,MutKnownFunctional,"S690*,0.800"
X-2182,LARP4,113251.0,MutNovel,"R374C,0.600"
X-2182,LARP4,113251.0,MutNovel,"F484C,0.500"
X-2182,LARP4B,23185.0,MutNovel,"E528K,0.364"
X-2182,LARP7,51574.0,MutNovel,"K367T,0.340"
X-2182,LARS,51520.0,MutNovel,"A961V,0.476"
X-2182,LARS2,23395.0,MutKnownFunctional,"E50*,0.500"
X-2182,LBR,3930.0,MutNovel,"R377H,0.207"
X-2182,LBR,3930.0,MutNovel,"R377Q,0.276"
X-2182,LBR,3930.0,MutKnownFunctional,"E179*,0.213"
X-2182,LCE1D,353134.0,Del0.8,0.37
X-2182,LCN1,3933.0,MutNovel,"A154V,1.000"
X-2182,LDLR,3949.0,MutNovel,"V800I,0.245"
X-2182,LEMD1,93273.0,MutNovel,"D141Y,0.533"
X-2182,LETMD1,25875.0,MutNovel,"K70Q,0.562"
X-2182,LFNG,3955.0,MutNovel,"A66V,1.000"
X-2182,LGALS1,3956.0,MutNovel,"K128N,0.500"
X-2182,LGALS3,3958.0,MutNovel,"D241N,0.239"
X-2182,LIG4,3981.0,MutNovel,"V637G,1.000"
X-2182,LIMA1,51474.0,MutKnownFunctional,"E658*,0.424"
X-2182,LIMA1,51474.0,MutKnownFunctional,"E22*,0.364"
X-2182,LIMCH1,22998.0,MutNovel,"T553A,0.467"
X-2182,LIME1,54923.0,MutNovel,"R208M,0.249"
X-2182,LINC00226,338004.0,Amp5,5.31
X-2182,LIPG,9388.0,MutNovel,"G184R,0.273"
X-2182,LLGL1,3996.0,MutNovel,"D512N,0.300"
X-2182,LMBR1,64327.0,MutNovel,"Y42S,1.000"
X-2182,LMF1,64788.0,MutNovel,"F468C,0.400"
X-2182,LMNB1,4001.0,MutNovel,"R337C,0.433"
X-2182,LMNB1,4001.0,MutNovel,"K457N,0.487"
X-2182,LMO7,4008.0,MutNovel,"S1236Y,0.485"
X-2182,LNX2,222484.0,MutNovel,"N676S,0.571"
X-2182,LOC100129480,100129480.0,MutNovel,"V83A,0.607"
X-2182,LOC100507338,,MutNovel,"S178L,0.889"
X-2182,LOC391322,391322.0,Del0.8,0.46
X-2182,LOH12CR1,118426.0,MutNovel,"E58D,0.381"
X-2182,LONP1,9361.0,MutNovel,"R358W,0.436"
X-2182,LONP2,83752.0,MutNovel,"L831I,0.278"
X-2182,LONRF1,91694.0,MutNovel,"L272I,0.500"
X-2182,LPXN,9404.0,MutNovel,"S49L,0.302"
X-2182,LRBA,987.0,MutNovel,"S2725Y,0.211"
X-2182,LRBA,987.0,MutNovel,"P2485L,0.500"
X-2182,LRBA,987.0,MutNovel,"F2444L,0.414"
X-2182,LRBA,987.0,MutNovel,"R2144H,0.538"
X-2182,LRFN2,57497.0,MutNovel,"N480T,0.500"
X-2182,LRFN3,79414.0,MutNovel,"D428N,0.308"
X-2182,LRIG3,121227.0,MutNovel,"S963R,0.279"
X-2182,LRIG3,121227.0,MutNovel,"V492M,0.429"
X-2182,LRIG3,121227.0,MutNovel,"D377Y,0.615"
X-2182,LRIG3,121227.0,MutNovel,"R224Q,0.417"
X-2182,LRP1,4035.0,MutNovel,"R3552H,0.545"
X-2182,LRP4,4038.0,MutNovel,"R1838Q,1.000"
X-2182,LRP5,4041.0,MutNovel,"A1096T,0.463"
X-2182,LRP8,7804.0,MutNovel,"D456Y,0.286"
X-2182,LRRC1,55227.0,MutNovel,"R91Q,0.533"
X-2182,LRRC1,55227.0,MutNovel,"T303A,0.410"
X-2182,LRRC14,9684.0,MutNovel,"D226N,0.571"
X-2182,LRRC14,9684.0,MutNovel,"R228H,0.304"
X-2182,LRRC16A,55604.0,MutNovel,"K1231N,0.434"
X-2182,LRRC28,123355.0,MutNovel,"L219V,0.545"
X-2182,LRRC39,127495.0,MutNovel,"D187N,1.000"
X-2182,LRRC42,115353.0,MutNovel,"R219W,0.217"
X-2182,LRRC45,201255.0,MutNovel,"K368N,0.509"
X-2182,LRRC59,55379.0,MutNovel,"R293H,0.261"
X-2182,LRRC8C,84230.0,MutNovel,"S691L,0.400"
X-2182,LRRC8D,55144.0,MutNovel,"L535I,0.273"
X-2182,LRRCC1,85444.0,MutNovel,"P257S,0.500"
X-2182,LRRCC1,85444.0,MutNovel,"Q655K,0.667"
X-2182,LRSAM1,90678.0,MutNovel,"F253L,0.290"
X-2182,LRTOMT,220074.0,MutNovel,"S10L,0.286"
X-2182,LSG1,55341.0,MutNovel,"S271Y,0.263"
X-2182,LSG1,55341.0,MutNovel,"K77Q,0.636"
X-2182,LSR,51599.0,MutNovel,"G518GR,0.371"
X-2182,LTA4H,4048.0,MutNovel,"A143T,0.389"
X-2182,LTBP4,8425.0,MutNovel,"A1572V,0.352"
X-2182,LTN1,26046.0,MutNovel,"D1760N,0.294"
X-2182,LTV1,84946.0,MutNovel,"S286Y,0.261"
X-2182,LYAR,55646.0,MutNovel,"D39Y,0.415"
X-2182,LYN,4067.0,MutNovel,"D81N,0.296"
X-2182,LYPLA1,10434.0,MutNovel,"N66K,0.459"
X-2182,LYRM1,57149.0,MutNovel,"E104D,0.425"
X-2182,LYRM5,144363.0,MutNovel,"S6Y,0.667"
X-2182,MACF1,23499.0,MutNovel,"E4495A,0.667"
X-2182,MACF1,23499.0,MutNovel,"D5388H,0.531"
X-2182,MAD2L2,10459.0,MutNovel,"V39M,0.496"
X-2182,MADD,8567.0,MutNovel,"R1058I,0.231"
X-2182,MAEA,10296.0,MutNovel,"R380I,0.208"
X-2182,MAFK,7975.0,MutNovel,"E91D,0.619"
X-2182,MAGED2,10916.0,MutNovel,"E319K,0.558"
X-2182,MAGI1,9223.0,MutNovel,"R1198C,0.455"
X-2182,MAGI1,9223.0,MutNovel,"S1184Y,0.667"
X-2182,MAGI1,9223.0,MutNovel,"S630Y,0.667"
X-2182,MAGI3,260425.0,MutNovel,"K101N,0.385"
X-2182,MAGOHB,55110.0,MutKnownFunctional,"R122*,0.388"
X-2182,MAN1A1,4121.0,MutNovel,"K198N,0.500"
X-2182,MAN2A1,4124.0,MutNovel,"K749N,0.583"
X-2182,MANEA,79694.0,MutNovel,"F18C,0.667"
X-2182,MANEAL,149175.0,MutNovel,"K450N,0.468"
X-2182,MANSC1,54682.0,MutKnownFunctional,"E214*,0.341"
X-2182,MAP2K4,6416.0,MutNovel,"E100D,0.500"
X-2182,MAP2K4,6416.0,MutNovel,"H227N,0.273"
X-2182,MAP2K4,6416.0,MutNovel,"R274I,0.308"
X-2182,MAP2K5,5607.0,MutNovel,"K190N,0.474"
X-2182,MAP3K13,9175.0,MutNovel,"E851D,1.000"
X-2182,MAP3K4,4216.0,MutNovel,"E262K,1.000"
X-2182,MAP3K7,6885.0,MutNovel,"R226Q,0.519"
X-2182,MAP4K3,8491.0,MutNovel,"E580K,0.750"
X-2182,MAP4K4,9448.0,MutNovel,"S1078Y,0.418"
X-2182,MAP4K5,11183.0,MutKnownFunctional,"E718*,0.333"
X-2182,MAPK8,5599.0,MutNovel,"E14D,0.455"
X-2182,MAPKAP1,79109.0,MutNovel,"S319P,0.429"
X-2182,2014-03-05 00:00:00,54708.0,MutNovel,"K249T,0.432"
X-2182,MARS,4141.0,MutNovel,"R700W,0.227"
X-2182,MAT2A,4144.0,MutNovel,"K32T,0.212"
X-2182,MATN2,4147.0,MutNovel,"S546L,0.304"
X-2182,MATR3,9782.0,MutNovel,"I310V,0.438"
X-2182,MATR3,9782.0,MutNovel,"E570D,0.540"
X-2182,MB21D1,115004.0,MutNovel,"D459Y,0.353"
X-2182,MBD1,4152.0,MutNovel,"F171L,0.289"
X-2182,MBD4,8930.0,MutNovel,"R512W,0.259"
X-2182,MBOAT1,154141.0,MutNovel,"N202T,0.364"
X-2182,MBOAT2,129642.0,MutNovel,"K472N,0.391"
X-2182,MBOAT2,129642.0,MutNovel,"L436I,0.458"
X-2182,MC1R,4157.0,MutNovel,"F250L,0.667"
X-2182,MCCC1,56922.0,MutNovel,"E383K,0.380"
X-2182,MCF2L2,23101.0,MutNovel,"D411N,1.000"
X-2182,MCM4,4173.0,MutNovel,"S642L,0.342"
X-2182,MCM6,4175.0,MutNovel,"D663G,0.282"
X-2182,MCM9,254394.0,MutNovel,"E1012D,0.800"
X-2182,MDH1,4190.0,MutNovel,"L104I,0.477"
X-2182,MDH2,4191.0,MutNovel,"A252V,0.290"
X-2182,MDM1,56890.0,MutNovel,"R644Q,0.667"
X-2182,MDN1,23195.0,MutNovel,"S4140L,0.571"
X-2182,ME2,4200.0,MutNovel,"E255K,0.364"
X-2182,ME3,10873.0,MutNovel,"E130D,0.389"
X-2182,MECR,51102.0,MutNovel,"V294I,0.713"
X-2182,MED13,9969.0,MutNovel,"R1240C,0.800"
X-2182,MED17,9440.0,MutNovel,"F124C,0.333"
X-2182,MED20,9477.0,MutNovel,"G114D,0.417"
X-2182,MED30,90390.0,MutNovel,"R83C,0.356"
X-2182,MED31,51003.0,MutKnownFunctional,"L73*,0.692"
X-2182,MED7,9443.0,MutKnownFunctional,"E133*,0.308"
X-2182,MEF2D,4209.0,MutNovel,"E42K,0.318"
X-2182,MEGF8,1954.0,MutNovel,"E478K,1.000"
X-2182,MEPCE,56257.0,MutNovel,"R435W,0.585"
X-2182,MESDC2,23184.0,MutNovel,"S218F,0.490"
X-2182,METAP1D,254042.0,MutNovel,"S322L,0.231"
X-2182,METAP2,10988.0,MutNovel,"S49Y,0.523"
X-2182,METAP2,10988.0,MutNovel,"N214H,0.511"
X-2182,METTL13,51603.0,MutNovel,"S8Y,0.233"
X-2182,METTL17,64745.0,MutNovel,"S237Y,0.243"
X-2182,METTL18,92342.0,MutNovel,"E139D,0.500"
X-2182,METTL22,79091.0,MutNovel,"D155N,0.364"
X-2182,METTL2A,339175.0,MutNovel,"F208L,0.286"
X-2182,MEX3A,92312.0,MutNovel,"E198K,0.778"
X-2182,MEX3C,51320.0,MutKnownFunctional,"E284*,0.571"
X-2182,MFF,56947.0,MutNovel,"S10A,0.308"
X-2182,MFN1,55669.0,MutNovel,"E727D,0.444"
X-2182,MFSD1,64747.0,MutNovel,"R192I,0.435"
X-2182,MGAT5,4249.0,MutNovel,"K546T,0.302"
X-2182,MGEA5,10724.0,MutNovel,"P464S,0.450"
X-2182,MGLL,11343.0,MutNovel,"A173D,0.368"
X-2182,MGLL,11343.0,MutNovel,"S116Y,0.565"
X-2182,MGRN1,23295.0,MutNovel,"F180L,0.452"
X-2182,MIA3,375056.0,MutNovel,"E542K,0.500"
X-2182,MIA3,375056.0,MutNovel,"K992N,0.667"
X-2182,MICAL1,64780.0,MutNovel,"L862F,0.474"
X-2182,MICAL1,64780.0,MutNovel,"S669I,0.211"
X-2182,MICAL1,64780.0,MutNovel,"F119L,0.467"
X-2182,MICALL2,79778.0,MutNovel,"R851H,0.597"
X-2182,MID1,4281.0,MutNovel,"V253G,1.000"
X-2182,MIDN,90007.0,MutNovel,"S61P,0.471"
X-2182,MIER1,57708.0,MutNovel,"K282E,0.583"
X-2182,MIER2,54531.0,MutNovel,"K319N,0.333"
X-2182,MINOS1,440574.0,MutNovel,"K71T,0.523"
X-2182,MIS12,79003.0,MutNovel,"H74Q,0.529"
X-2182,MIS12,79003.0,MutNovel,"D168Y,0.333"
X-2182,MKI67,4288.0,MutNovel,"Q673P,0.667"
X-2182,MKL1,57591.0,MutNovel,"D919N,0.308"
X-2182,MKLN1,4289.0,MutNovel,"R456Q,0.333"
X-2182,MKLN1,4289.0,MutNovel,"D592N,0.350"
X-2182,MKS1,54903.0,MutNovel,"L473R,0.267"
X-2182,MKS1,54903.0,MutNovel,"F371L,0.542"
X-2182,MLH3,27030.0,MutNovel,"D918Y,0.571"
X-2182,MLL2,8085.0,MutNovel,"E5425K,0.471"
X-2182,MLL2,8085.0,MutNovel,"K4831N,0.556"
X-2182,MLL3,58508.0,MutKnownFunctional,"R4806*,0.308"
X-2182,MLL3,58508.0,MutNovel,"L4040I,1.000"
X-2182,MLL3,58508.0,MutNovel,"A878V,1.000"
X-2182,MLL3,58508.0,MutNovel,"E78K,0.714"
X-2182,MLL5,55904.0,MutNovel,"Q1092P,0.417"
X-2182,MLLT1,4298.0,MutNovel,"D57N,0.306"
X-2182,MLLT10,8028.0,MutNovel,"I761L,0.643"
X-2182,MLLT3,4300.0,MutNovel,"K337T,0.609"
X-2182,MLXIP,22877.0,MutNovel,"R733H,0.634"
X-2182,MMAA,166785.0,MutNovel,"E281K,0.714"
X-2182,MNAT1,4331.0,MutNovel,"P217R,0.507"
X-2182,MND1,84057.0,MutNovel,"R193I,0.547"
X-2182,MOCS3,27304.0,MutNovel,"G210D,0.444"
X-2182,MOGS,7841.0,MutNovel,"R601Q,0.343"
X-2182,MOGS,7841.0,MutNovel,"T248A,0.373"
X-2182,MON1B,22879.0,MutNovel,"D309V,0.471"
X-2182,MON2,23041.0,MutNovel,"D1571Y,0.263"
X-2182,MORN2,729967.0,MutNovel,"A69S,0.227"
X-2182,MOV10,4343.0,MutNovel,"S362L,0.432"
X-2182,MPHOSPH10,10199.0,MutNovel,"K370R,0.690"
X-2182,MPP1,4354.0,MutNovel,"R423H,1.000"
X-2182,MPP5,64398.0,MutNovel,"K19Q,1.000"
X-2182,MPP5,64398.0,MutNovel,"R51C,0.333"
X-2182,MPP5,64398.0,MutNovel,"K553N,0.667"
X-2182,MPRIP,23164.0,MutNovel,"TS178T,0.227"
X-2182,MRE11A,4361.0,MutNovel,"D544Y,0.667"
X-2182,MRE11A,4361.0,MutNovel,"K510I,0.400"
X-2182,MRE11A,4361.0,MutNovel,"D468Y,0.529"
X-2182,MRPL11,65003.0,MutNovel,"P65H,0.228"
X-2182,MRPL12,6182.0,MutNovel,"K88N,0.458"
X-2182,MRPL16,54948.0,MutNovel,"T214A,0.553"
X-2182,MRPL19,9801.0,MutNovel,"R86K,0.239"
X-2182,MRPL3,11222.0,MutNovel,"F179C,0.618"
X-2182,MRPL45,84311.0,MutNovel,"I146S,0.509"
X-2182,MRPL47,57129.0,MutNovel,"L234I,0.536"
X-2182,MRPS17,51373.0,MutNovel,"K21T,0.256"
X-2182,MRPS18C,51023.0,MutNovel,"A110S,0.241"
X-2182,MRPS9,64965.0,MutNovel,"R223W,0.293"
X-2182,MRS2,57380.0,MutNovel,"K272T,0.613"
X-2182,MRTO4,51154.0,MutNovel,"N88S,0.466"
X-2182,MSANTD4,,MutNovel,"R337Q,0.556"
X-2182,MSH2,4436.0,MutNovel,"K550T,0.362"
X-2182,MSH5,4439.0,MutNovel,"R408Q,0.436"
X-2182,MSH6,2956.0,MutNovel,"K334N,0.316"
X-2182,MSH6,2956.0,MutNovel,"K431T,0.577"
X-2182,MSL1,339287.0,MutKnownFunctional,"E15*,0.531"
X-2182,MSL2,55167.0,MutKnownFunctional,"E278*,0.700"
X-2182,MSN,4478.0,MutNovel,"K27N,1.000"
X-2182,MSN,4478.0,MutNovel,"L61F,1.000"
X-2182,MSRA,4482.0,MutNovel,"Y89C,0.600"
X-2182,MT3,4504.0,MutNovel,"D48E,0.536"
X-2182,MTA1,9112.0,MutNovel,"Q353H,0.224"
X-2182,MTAP,4507.0,MutNovel,"R120I,0.400"
X-2182,MTERFD2,130916.0,MutNovel,"K214N,0.485"
X-2182,MTF2,22823.0,MutNovel,"K412T,0.286"
X-2182,MTF2,22823.0,MutKnownFunctional,"E523*,0.400"
X-2182,MTHFD1,4522.0,MutNovel,"F97L,0.510"
X-2182,MTHFD1L,25902.0,MutNovel,"E162D,0.415"
X-2182,MTMR2,8898.0,MutNovel,"R459Q,0.318"
X-2182,MTMR2,8898.0,MutNovel,"R226K,0.667"
X-2182,MTMR6,9107.0,MutNovel,"K378T,0.273"
X-2182,MTOR,2475.0,MutNovel,"R2036C,0.486"
X-2182,MTUS1,57509.0,MutKnownFunctional,"S1083*,0.429"
X-2182,MTX1,4580.0,MutNovel,"K338N,0.260"
X-2182,MUC2,4583.0,MutNovel,"I1458T,0.235"
X-2182,MUC20,200958.0,MutNovel,"V325I,0.385"
X-2182,MUC4,4585.0,MutNovel,"P4050T,1.000"
X-2182,MUC4,4585.0,MutNovel,"R3920H,1.000"
X-2182,MXI1,4601.0,MutNovel,"E198D,0.400"
X-2182,MYB,4602.0,MutNovel,"T728I,0.481"
X-2182,MYB,4602.0,MutNovel,"F754L,0.455"
X-2182,MYBL2,4605.0,MutNovel,"E316K,0.226"
X-2182,MYH10,4628.0,MutNovel,"L1547F,0.400"
X-2182,MYL6B,140465.0,MutNovel,"E74K,0.482"
X-2182,MYO1D,4642.0,MutNovel,"A474S,0.300"
X-2182,MYO1E,4643.0,MutNovel,"D1076Y,0.405"
X-2182,MYO6,4646.0,MutNovel,"G401D,0.714"
X-2182,MYO6,4646.0,MutNovel,"K521T,0.278"
X-2182,N4BP1,9683.0,MutNovel,"D886Y,0.241"
X-2182,N4BP2,55728.0,MutNovel,"Y1616C,0.429"
X-2182,N4BP2L2,10443.0,MutNovel,"N303T,0.760"
X-2182,NAA15,80155.0,MutNovel,"R559I,0.941"
X-2182,NAA25,80018.0,MutKnownFunctional,"E922*,0.267"
X-2182,NAA25,80018.0,MutNovel,"H473P,0.900"
X-2182,NAA30,122830.0,MutNovel,"R340Q,0.526"
X-2182,NAA35,60560.0,MutNovel,"A89V,0.333"
X-2182,NAA35,60560.0,MutNovel,"F508V,0.435"
X-2182,NAGK,55577.0,MutNovel,"R140Q,0.393"
X-2182,NANS,54187.0,MutNovel,"K300N,0.501"
X-2182,NAP1L1,4673.0,MutNovel,"F95L,0.245"
X-2182,NAPEPLD,222236.0,MutNovel,"R164Q,0.400"
X-2182,NAPRT1,93100.0,MutNovel,"R281Q,0.594"
X-2182,NARG2,79664.0,MutNovel,"H918N,0.286"
X-2182,NAT1,9.0,MutNovel,"R348I,0.400"
X-2182,NAT10,55226.0,MutNovel,"R72I,0.381"
X-2182,NAT9,26151.0,MutNovel,"E150A,0.537"
X-2182,NBAS,51594.0,MutNovel,"R1933S,0.333"
X-2182,NBAS,51594.0,MutNovel,"R1652Q,0.594"
X-2182,NBN,4683.0,MutNovel,"A496D,0.312"
X-2182,NBPF15,284565.0,MutNovel,"R442I,0.750"
X-2182,NCAPD3,23310.0,MutNovel,"F1425S,0.463"
X-2182,NCKAP1,10787.0,MutNovel,"S1089P,0.517"
X-2182,NCKAP1,10787.0,MutNovel,"S990L,0.326"
X-2182,NCKAP1,10787.0,MutNovel,"L973F,0.423"
X-2182,NCKIPSD,51517.0,MutNovel,"K431N,0.473"
X-2182,NCOA4,8031.0,MutNovel,"K225R,0.639"
X-2182,NCOA6,23054.0,MutNovel,"E1563K,0.351"
X-2182,NCOA7,135112.0,MutNovel,"A847G,0.304"
X-2182,NCOR1,9611.0,MutNovel,"R688Q,0.333"
X-2182,NCOR1,9611.0,MutNovel,"N664H,0.587"
X-2182,NCOR2,9612.0,MutNovel,"R569H,0.458"
X-2182,NDEL1,81565.0,MutNovel,"R283Q,0.558"
X-2182,NDNF,79625.0,MutNovel,"K296N,0.700"
X-2182,NDNL2,56160.0,MutNovel,"K262N,0.258"
X-2182,NDRG1,10397.0,MutNovel,"N220H,0.512"
X-2182,NDRG1,10397.0,MutNovel,"Q127H,0.571"
X-2182,NDUFA9,4704.0,MutNovel,"D140E,0.499"
X-2182,NDUFAF4,29078.0,MutNovel,"S151Y,0.410"
X-2182,NDUFAF6,,MutNovel,"R144I,0.511"
X-2182,NDUFC2,4718.0,MutNovel,"K114E,0.477"
X-2182,NEDD1,121441.0,MutNovel,"D422N,0.600"
X-2182,NEDD4L,23327.0,MutNovel,"F515L,0.273"
X-2182,NEDD9,4739.0,MutNovel,"R367Q,0.579"
X-2182,NEIL3,55247.0,MutNovel,"P580H,0.600"
X-2182,NEK2,4751.0,MutNovel,"E87G,0.283"
X-2182,NEK4,6787.0,MutNovel,"K550Q,0.476"
X-2182,NEK4,6787.0,MutNovel,"E358D,0.353"
X-2182,NFE2L2,4780.0,MutNovel,"E483K,0.508"
X-2182,NFRKB,4798.0,MutNovel,"R609W,0.429"
X-2182,NFS1,9054.0,MutNovel,"A94V,0.357"
X-2182,NFX1,4799.0,MutNovel,"R487H,0.429"
X-2182,NGDN,25983.0,MutNovel,"R129C,0.518"
X-2182,NGLY1,55768.0,MutNovel,"F651C,0.301"
X-2182,NID1,4811.0,MutNovel,"A971V,0.385"
X-2182,NIN,51199.0,MutNovel,"K712N,0.471"
X-2182,NIN,51199.0,MutNovel,"E466D,0.833"
X-2182,NKIRAS1,28512.0,MutKnownFunctional,"E103*,0.357"
X-2182,NLN,57486.0,MutNovel,"F215L,0.741"
X-2182,NLRC5,84166.0,MutNovel,"K534T,0.750"
X-2182,NLRC5,84166.0,MutNovel,"D1839N,0.850"
X-2182,NLRP1,22861.0,MutKnownFunctional,"E1121*,0.235"
X-2182,NMI,9111.0,MutNovel,"E24D,0.548"
X-2182,NMU,10874.0,MutNovel,"L89V,0.580"
X-2182,NOC3L,64318.0,MutNovel,"D771Y,0.500"
X-2182,NOC3L,64318.0,MutNovel,"K756N,0.400"
X-2182,NOL10,79954.0,MutNovel,"S686L,0.482"
X-2182,NOL11,25926.0,MutNovel,"Q182H,0.400"
X-2182,NOL11,25926.0,MutNovel,"L592I,0.409"
X-2182,NOL11,25926.0,MutNovel,"K679Q,0.536"
X-2182,NOL7,51406.0,MutNovel,"R111I,0.518"
X-2182,NOLC1,9221.0,MutNovel,"F664L,0.217"
X-2182,NOM1,64434.0,MutNovel,"K562N,0.286"
X-2182,NOP56,10528.0,MutNovel,"R367H,0.477"
X-2182,NOP9,,MutNovel,"A624V,0.484"
X-2182,NOS2,4843.0,MutNovel,"D1126Y,0.312"
X-2182,NOS2,4843.0,MutNovel,"E1125K,0.445"
X-2182,NOS2,4843.0,MutKnownFunctional,"E69*,0.213"
X-2182,NOTCH2,4853.0,MutNovel,"R1630H,1.000"
X-2182,NOTCH2NL,388677.0,MutNovel,"S111P,0.218"
X-2182,NPAS1,4861.0,MutNovel,"A455T,1.000"
X-2182,NPAT,4863.0,MutNovel,"S1159Y,0.800"
X-2182,NPC1,4864.0,MutNovel,"R389C,0.750"
X-2182,NR2C1,7181.0,MutNovel,"A34T,0.533"
X-2182,NR2C2,7182.0,MutKnownFunctional,"E579*,0.415"
X-2182,NR2F1,7025.0,MutNovel,"E232K,0.400"
X-2182,NRP1,8829.0,MutNovel,"R405Q,1.000"
X-2182,NRXN3,9369.0,MutNovel,"R744H,0.667"
X-2182,NSFL1C,55968.0,MutNovel,"R225W,0.489"
X-2182,NSMCE1,197370.0,MutNovel,"L130F,0.461"
X-2182,NT5C2,22978.0,MutNovel,"R367Q,0.707"
X-2182,NT5C3,51251.0,MutNovel,"E186D,0.497"
X-2182,NUCB2,4925.0,MutNovel,"N216H,0.431"
X-2182,NUDCD1,84955.0,MutNovel,"E345D,0.459"
X-2182,NUDT12,83594.0,MutNovel,"L39F,1.000"
X-2182,NUF2,83540.0,MutNovel,"S340L,0.203"
X-2182,NUMB,8650.0,MutNovel,"L88M,0.486"
X-2182,NUP107,57122.0,MutKnownFunctional,"E614*,0.304"
X-2182,NUP153,9972.0,MutNovel,"K925T,0.400"
X-2182,NUP155,9631.0,MutNovel,"S600Y,0.455"
X-2182,NUP205,23165.0,MutNovel,"T288P,0.400"
X-2182,NUP214,8021.0,MutNovel,"D507N,1.000"
X-2182,NYNRIN,57523.0,MutNovel,"S1610L,0.500"
X-2182,OAT,4942.0,MutNovel,"R357K,0.527"
X-2182,OCLN,100506658.0,MutNovel,"E353D,0.400"
X-2182,ODF2L,57489.0,MutNovel,"E595D,0.318"
X-2182,ODF2L,57489.0,MutNovel,"K406Q,0.600"
X-2182,ODZ3,55714.0,MutNovel,"T2202M,0.875"
X-2182,OGDH,4967.0,MutNovel,"N68H,0.339"
X-2182,OGDH,4967.0,MutNovel,"N156I,0.357"
X-2182,OGDH,4967.0,MutNovel,"Q760H,0.247"
X-2182,OGFRL1,79627.0,MutNovel,"F204C,0.657"
X-2182,OGFRL1,79627.0,MutNovel,"K212T,0.372"
X-2182,OGFRL1,79627.0,MutNovel,"R316Q,0.564"
X-2182,OMA1,115209.0,MutNovel,"R26I,0.438"
X-2182,ORAOV1,220064.0,MutNovel,"G3D,0.500"
X-2182,ORC2,4999.0,MutNovel,"L287F,0.265"
X-2182,ORC4,5000.0,MutNovel,"L163I,0.410"
X-2182,OSBPL10,114884.0,MutNovel,"S178Y,0.308"
X-2182,OSBPL11,114885.0,MutNovel,"K446N,0.875"
X-2182,OSBPL11,114885.0,MutNovel,"F436C,0.714"
X-2182,OSBPL2,9885.0,MutNovel,"F473L,0.500"
X-2182,OSBPL3,26031.0,MutNovel,"E824K,0.444"
X-2182,OSBPL3,26031.0,MutNovel,"D480Y,0.500"
X-2182,OSGEPL1,64172.0,MutNovel,"I339S,0.214"
X-2182,OVGP1,5016.0,MutNovel,"R579I,0.571"
X-2182,OXCT1,5019.0,MutNovel,"E71D,0.562"
X-2182,OXNAD1,92106.0,MutNovel,"C114Y,0.476"
X-2182,OXR1,55074.0,MutNovel,"E253D,0.400"
X-2182,OXSM,54995.0,MutNovel,"S244Y,0.533"
X-2182,OXSR1,9943.0,MutNovel,"R128Q,0.400"
X-2182,PAAF1,80227.0,MutNovel,"F277C,0.500"
X-2182,PABPC4,8761.0,MutKnownFunctional,"E313*,0.299"
X-2182,PABPC4,8761.0,MutNovel,"S257R,0.905"
X-2182,PACRGL,133015.0,MutNovel,"A220T,0.500"
X-2182,PAF1,54623.0,MutNovel,"D424A,0.558"
X-2182,PAF1,54623.0,MutNovel,"E388D,0.545"
X-2182,PAF1,54623.0,MutNovel,"R335H,0.565"
X-2182,PAF1,54623.0,MutNovel,"A114T,0.257"
X-2182,PAF1,54623.0,MutNovel,"D85N,0.438"
X-2182,PAFAH1B1,5048.0,MutNovel,"E78K,0.306"
X-2182,PAIP1,10605.0,MutNovel,"E421D,0.506"
X-2182,PAK1,5058.0,MutNovel,"E74D,0.225"
X-2182,PAK2,5062.0,MutNovel,"L353V,0.621"
X-2182,PAK2,5062.0,MutNovel,"T457A,0.318"
X-2182,PALB2,79728.0,MutNovel,"S896Y,0.424"
X-2182,PALB2,79728.0,MutNovel,"S574Y,0.364"
X-2182,PALLD,23022.0,MutNovel,"R1049C,0.600"
X-2182,PAN2,9924.0,MutNovel,"F439L,0.750"
X-2182,PANK2,80025.0,MutNovel,"G277R,0.534"
X-2182,PANK3,79646.0,MutNovel,"R171Q,0.362"
X-2182,PANK3,79646.0,MutNovel,"D5Y,0.231"
X-2182,PAPD5,64282.0,MutNovel,"L437F,0.750"
X-2182,PAPD7,11044.0,MutNovel,"R192I,0.429"
X-2182,PAPD7,11044.0,MutNovel,"A211T,0.615"
X-2182,PAPSS1,9061.0,MutNovel,"R92H,0.450"
X-2182,PARP12,64761.0,MutNovel,"Q542P,0.562"
X-2182,PARP16,54956.0,MutNovel,"R320C,0.423"
X-2182,PARP8,79668.0,MutNovel,"R817Q,0.280"
X-2182,PAWR,5074.0,MutNovel,"L309V,0.222"
X-2182,PAXIP1,22976.0,MutNovel,"D774N,0.302"
X-2182,PBX2,5089.0,MutNovel,"W405C,0.588"
X-2182,PCCA,5095.0,MutNovel,"R459I,0.250"
X-2182,PCCA,5095.0,MutNovel,"R476Q,0.267"
X-2182,PCDH1,5097.0,MutNovel,"R875H,0.552"
X-2182,PCDHB13,56123.0,MutNovel,"E242A,0.667"
X-2182,PCDHGA1,56114.0,MutNovel,"E561D,1.000"
X-2182,PCGF5,84333.0,MutNovel,"F164L,0.778"
X-2182,PCGF6,84108.0,MutNovel,"N124H,0.267"
X-2182,PCK2,5106.0,MutNovel,"N70K,0.542"
X-2182,PCM1,5108.0,MutNovel,"F1644L,0.410"
X-2182,PCMTD2,55251.0,MutNovel,"D37N,0.267"
X-2182,PCMTD2,55251.0,MutNovel,"S70L,0.556"
X-2182,PCNA,5111.0,MutNovel,"S261A,0.501"
X-2182,PCNXL3,399909.0,MutNovel,"F985L,0.476"
X-2182,PDCD2,5134.0,MutNovel,"K239N,0.299"
X-2182,PDCD4,27250.0,MutNovel,"D190Y,0.493"
X-2182,PDCD4,27250.0,MutNovel,"K402Q,0.413"
X-2182,PDCD4,27250.0,MutNovel,"R407K,0.438"
X-2182,PDCD4,27250.0,MutNovel,"E458D,0.367"
X-2182,PDCD7,10081.0,MutNovel,"E398D,0.357"
X-2182,PDE3B,5140.0,MutNovel,"F991C,0.500"
X-2182,PDE4DIP,9659.0,MutNovel,"R901Q,0.443"
X-2182,PDE4DIP,9659.0,MutNovel,"D65N,0.333"
X-2182,PDHA1,5160.0,MutNovel,"S190L,1.000"
X-2182,PDIA4,9601.0,MutNovel,"L561P,0.455"
X-2182,PDIA5,10954.0,MutNovel,"K106N,0.557"
X-2182,PDIA5,10954.0,MutNovel,"P264T,0.246"
X-2182,PDIK1L,149420.0,MutNovel,"R52C,0.500"
X-2182,PDIK1L,149420.0,MutNovel,"D222Y,0.300"
X-2182,PDK3,5165.0,MutNovel,"R413I,1.000"
X-2182,PDLIM5,10611.0,MutNovel,"R510Q,0.469"
X-2182,PDRG1,81572.0,MutNovel,"I88L,0.552"
X-2182,PDS5A,23244.0,MutNovel,"C160R,0.700"
X-2182,PDS5B,23047.0,MutNovel,"I583L,0.500"
X-2182,PDSS1,23590.0,MutKnownFunctional,"R395*,0.468"
X-2182,PDZD8,118987.0,MutNovel,"T961A,0.540"
X-2182,PEA15,8682.0,MutNovel,"S25L,0.392"
X-2182,PELI1,57162.0,MutNovel,"N163Y,0.241"
X-2182,PEMT,10400.0,MutNovel,"T198M,0.431"
X-2182,PET112,5188.0,MutNovel,"G106V,0.529"
X-2182,PEX12,5193.0,MutKnownFunctional,"E271*,0.750"
X-2182,PEX2,5828.0,MutKnownFunctional,"S131*,0.574"
X-2182,PEX6,5190.0,MutNovel,"A481V,0.818"
X-2182,PFDN6,10471.0,MutNovel,"V56L,0.491"
X-2182,PGBD1,84547.0,MutNovel,"K640T,1.000"
X-2182,PGBD1,84547.0,MutNovel,"R793W,0.833"
X-2182,PGBD4,161779.0,MutKnownFunctional,"R506*,0.600"
X-2182,PGBD4,161779.0,MutNovel,"E565K,1.000"
X-2182,PGD,5226.0,MutNovel,"R297I,0.235"
X-2182,PGD,5226.0,MutNovel,"D393N,0.487"
X-2182,PGGT1B,5229.0,MutNovel,"R304C,0.300"
X-2182,PGM2,55276.0,MutKnownFunctional,"E597*,0.291"
X-2182,PGS1,9489.0,MutNovel,"R378H,0.417"
X-2182,PHF13,148479.0,MutNovel,"D213N,0.591"
X-2182,PHF14,9678.0,MutNovel,"R676Q,0.488"
X-2182,PHF17,79960.0,MutNovel,"E628D,0.308"
X-2182,PHF19,26147.0,MutNovel,"K98T,0.550"
X-2182,PHF20L1,51105.0,MutNovel,"R49H,0.292"
X-2182,PHF20L1,51105.0,MutNovel,"R101H,0.375"
X-2182,PHF3,23469.0,MutNovel,"R1922I,0.475"
X-2182,PHKA1,5255.0,MutNovel,"F530L,1.000"
X-2182,PHKA2,5256.0,MutNovel,"S1230L,1.000"
X-2182,PHKA2,5256.0,MutNovel,"F1199L,0.282"
X-2182,PHKB,5257.0,MutNovel,"R655C,0.333"
X-2182,PHKB,5257.0,MutNovel,"R951C,0.548"
X-2182,PHLDB1,23187.0,MutNovel,"R868C,1.000"
X-2182,PHTF1,10745.0,MutNovel,"E29K,0.750"
X-2182,PHTF2,57157.0,MutNovel,"R169I,0.516"
X-2182,PHTF2,57157.0,MutNovel,"K230N,0.382"
X-2182,PI4KB,5298.0,MutNovel,"V614E,0.214"
X-2182,PIAS2,9063.0,MutKnownFunctional,"E284*,0.217"
X-2182,PIAS3,10401.0,MutNovel,"D350N,0.520"
X-2182,PICALM,8301.0,MutNovel,"F123C,0.267"
X-2182,PIDD,55367.0,MutNovel,"R885Q,0.500"
X-2182,PIGA,5277.0,MutNovel,"L299F,1.000"
X-2182,PIGG,54872.0,MutNovel,"F350C,0.324"
X-2182,PIGK,10026.0,MutNovel,"K318T,0.636"
X-2182,PIGK,10026.0,MutNovel,"R248I,0.491"
X-2182,PIGM,93183.0,MutNovel,"F34L,0.625"
X-2182,PIGO,84720.0,MutNovel,"E698K,0.409"
X-2182,PIGQ,9091.0,MutNovel,"E267D,0.558"
X-2182,PIK3C2A,5286.0,MutNovel,"E1654D,1.000"
X-2182,PIK3C2B,5287.0,MutNovel,"E1175D,0.417"
X-2182,PIK3CA,5290.0,MutNovel,"R401Q,1.000"
X-2182,PIK3CB,5291.0,MutNovel,"N944H,0.500"
X-2182,PIK3R1,5295.0,MutKnownFunctional,"R348*,0.600"
X-2182,PIK3R3,8503.0,MutNovel,"K333N,0.267"
X-2182,PIK3R4,30849.0,MutNovel,"N3D,1.000"
X-2182,PIP5K1B,8395.0,MutNovel,"K397N,0.452"
X-2182,PIP5K1B,8395.0,MutNovel,"R457Q,0.517"
X-2182,PITPNM2,57605.0,MutNovel,"F345L,0.571"
X-2182,PITPNM3,83394.0,MutNovel,"R541H,0.333"
X-2182,PIWIL4,143689.0,MutNovel,"M187I,1.000"
X-2182,PJA1,64219.0,MutKnownFunctional,"R179*,1.000"
X-2182,PKN2,5586.0,MutNovel,"D976Y,0.429"
X-2182,PKNOX1,5316.0,MutNovel,"D255Y,0.261"
X-2182,PKP4,8502.0,MutNovel,"A160T,0.526"
X-2182,PKP4,8502.0,MutNovel,"S626Y,0.531"
X-2182,PKP4,8502.0,MutNovel,"R904C,0.203"
X-2182,PLA2G10,8399.0,MutNovel,"D79N,0.385"
X-2182,PLA2G4A,5321.0,MutNovel,"K626N,0.468"
X-2182,PLAA,9373.0,MutKnownFunctional,"E689*,0.646"
X-2182,PLAGL2,5326.0,MutNovel,"R181W,0.714"
X-2182,PLCD1,5333.0,MutNovel,"N564D,0.706"
X-2182,PLCE1,51196.0,MutNovel,"P2184T,0.500"
X-2182,PLCG2,5336.0,MutNovel,"I1124M,1.000"
X-2182,PLEC,5339.0,MutNovel,"D4219N,0.443"
X-2182,PLEC,5339.0,MutNovel,"K3373N,0.250"
X-2182,PLEKHA5,54477.0,MutNovel,"G1180E,0.520"
X-2182,PLEKHA5,54477.0,MutNovel,"E1238K,0.524"
X-2182,PLEKHF2,79666.0,MutNovel,"S108Y,0.650"
X-2182,PLEKHG2,64857.0,MutNovel,"S1001A,0.833"
X-2182,PLK1S1,55857.0,MutNovel,"R76Q,1.000"
X-2182,PLK1S1,55857.0,MutNovel,"K178E,1.000"
X-2182,PLK2,10769.0,MutNovel,"L158I,0.333"
X-2182,PLK3,1263.0,MutNovel,"F191V,0.400"
X-2182,PLSCR4,57088.0,MutNovel,"F200L,0.667"
X-2182,PMPCB,9512.0,MutNovel,"R285C,0.259"
X-2182,PMVK,10654.0,MutNovel,"R176H,0.485"
X-2182,PNISR,25957.0,MutNovel,"D701Y,0.729"
X-2182,PNISR,25957.0,MutNovel,"R608Q,0.694"
X-2182,PNISR,25957.0,MutKnownFunctional,"R418*,0.266"
X-2182,PNO1,56902.0,MutNovel,"R46H,0.489"
X-2182,PNO1,56902.0,MutNovel,"R251Q,0.471"
X-2182,PNRC2,55629.0,MutNovel,"K124R,0.574"
X-2182,POC1A,25886.0,MutKnownFunctional,"C42*,0.426"
X-2182,POC5,134359.0,MutKnownFunctional,"E82*,0.357"
X-2182,POLA1,5422.0,MutNovel,"K1329T,0.379"
X-2182,POLDIP3,84271.0,MutNovel,"E76D,0.347"
X-2182,POLDIP3,84271.0,MutNovel,"R53I,0.470"
X-2182,POLE,5426.0,MutNovel,"S1906Y,0.370"
X-2182,POLE,5426.0,MutNovel,"M444K,0.455"
X-2182,POLG,5428.0,MutKnownFunctional,"E1031*,0.298"
X-2182,POLG,5428.0,MutNovel,"A767V,0.824"
X-2182,POLR1D,51082.0,MutNovel,"R45I,0.505"
X-2182,POLR1E,64425.0,MutNovel,"D196G,0.608"
X-2182,POLR1E,64425.0,MutNovel,"L219F,0.491"
X-2182,POLR1E,64425.0,MutNovel,"K312T,0.263"
X-2182,POLR2C,5432.0,MutNovel,"E96K,0.455"
X-2182,POLR3B,55703.0,MutNovel,"E383A,0.667"
X-2182,POLR3D,661.0,MutNovel,"R174Q,0.600"
X-2182,POLR3D,661.0,MutNovel,"S250Y,0.286"
X-2182,POM121,9883.0,MutNovel,"S265L,0.300"
X-2182,POM121C,100101267.0,MutNovel,"S227L,0.316"
X-2182,POMGNT1,55624.0,MutNovel,"H546N,0.560"
X-2182,POMP,51371.0,MutNovel,"M62I,0.374"
X-2182,POMT1,10585.0,MutNovel,"Q229H,0.382"
X-2182,POMT2,29954.0,MutNovel,"A627S,0.255"
X-2182,POP5,51367.0,MutKnownFunctional,"E72*,0.281"
X-2182,PPFIA1,8500.0,MutNovel,"D496N,0.462"
X-2182,PPFIA1,8500.0,MutKnownFunctional,"E1067*,0.220"
X-2182,PPIA,5478.0,MutNovel,"E165K,0.446"
X-2182,PPIE,10450.0,MutNovel,"R47Q,0.210"
X-2182,PPIF,10105.0,MutKnownFunctional,"E185*,0.235"
X-2182,PPIG,9360.0,MutNovel,"D474Y,0.321"
X-2182,PPIL4,85313.0,MutNovel,"K458T,0.488"
X-2182,PPIL4,85313.0,MutNovel,"I51M,0.250"
X-2182,PPM1A,5494.0,MutNovel,"I392L,0.485"
X-2182,PPM1D,8493.0,MutKnownFunctional,"E525*,0.421"
X-2182,PPME1,51400.0,MutNovel,"R201C,0.492"
X-2182,PPOX,5498.0,MutNovel,"R217C,0.393"
X-2182,PPP1CC,5501.0,MutNovel,"I12S,0.225"
X-2182,PPP1R10,5514.0,MutNovel,"G639D,0.667"
X-2182,PPP1R10,5514.0,MutNovel,"E490D,0.412"
X-2182,PPP1R10,5514.0,MutKnownFunctional,"R483*,0.556"
X-2182,PPP1R15A,23645.0,MutNovel,"S218N,0.522"
X-2182,PPP1R21,129285.0,MutNovel,"M59I,0.500"
X-2182,PPP1R7,5510.0,MutNovel,"S36I,0.482"
X-2182,PPP2R1A,5518.0,MutNovel,"E23K,0.283"
X-2182,PPP2R1A,5518.0,MutNovel,"R105Q,0.426"
X-2182,PPP2R1B,5519.0,MutNovel,"A601T,0.267"
X-2182,PPP2R1B,5519.0,MutNovel,"D504Y,0.304"
X-2182,PPP2R3C,55012.0,MutNovel,"D389Y,0.544"
X-2182,PPP2R3C,55012.0,MutNovel,"R166I,0.382"
X-2182,PPP3CA,5530.0,MutNovel,"F268L,0.357"
X-2182,PPP3CC,5533.0,MutNovel,"N341D,0.375"
X-2182,PPP4R1,9989.0,MutNovel,"E830D,0.303"
X-2182,PPP4R1,9989.0,MutNovel,"D553E,0.489"
X-2182,PPP4R2,151987.0,MutNovel,"K120T,0.576"
X-2182,PPP6C,5537.0,MutKnownFunctional,"E318*,0.216"
X-2182,PPP6R2,9701.0,MutNovel,"A211V,0.575"
X-2182,PPP6R3,55291.0,MutNovel,"K190I,0.214"
X-2182,PPP6R3,55291.0,MutNovel,"D833Y,0.418"
X-2182,PPWD1,23398.0,MutNovel,"F103C,0.500"
X-2182,PPWD1,23398.0,MutNovel,"A146T,0.500"
X-2182,PRDM4,11108.0,MutNovel,"R88I,0.333"
X-2182,PREB,10113.0,MutNovel,"G400R,0.484"
X-2182,PREP,5550.0,MutNovel,"D122N,0.463"
X-2182,PRKAG1,5571.0,MutNovel,"F51L,0.524"
X-2182,PRKCZ,5590.0,MutNovel,"G153D,0.488"
X-2182,PRKD2,25865.0,MutNovel,"E555K,0.203"
X-2182,PRKD3,23683.0,MutNovel,"K184T,0.667"
X-2182,PRKDC,5591.0,MutNovel,"S2461L,0.333"
X-2182,PRKRIP1,79706.0,MutNovel,"K115N,0.508"
X-2182,PRKRIR,5612.0,MutNovel,"L602R,0.250"
X-2182,PRKRIR,5612.0,MutNovel,"N499K,0.625"
X-2182,PRKRIR,5612.0,MutNovel,"N133T,0.368"
X-2182,PRMT5,10419.0,MutNovel,"E427D,0.521"
X-2182,PRNP,5621.0,MutNovel,"G30R,0.500"
X-2182,PROCA1,147011.0,MutKnownFunctional,"E288*,0.304"
X-2182,PROM1,8842.0,MutNovel,"R820H,0.600"
X-2182,PROS1,5627.0,MutNovel,"A536D,0.500"
X-2182,PROSC,11212.0,MutNovel,"S84Y,0.366"
X-2182,PROSER1,80209.0,MutNovel,"S680T,0.274"
X-2182,PROSER1,80209.0,MutNovel,"A471V,0.571"
X-2182,PRPF19,27339.0,MutNovel,"K244T,0.429"
X-2182,PRPF3,9129.0,MutNovel,"R112Q,0.667"
X-2182,PRPF38B,55119.0,MutNovel,"K460T,0.538"
X-2182,PRPF39,55015.0,MutNovel,"R441G,0.486"
X-2182,PRPF4,9128.0,MutNovel,"A301S,0.638"
X-2182,PRPF40B,25766.0,MutNovel,"F346C,0.333"
X-2182,PRPF40B,25766.0,MutNovel,"R576Q,0.409"
X-2182,PRPF4B,8899.0,MutNovel,"I887N,0.588"
X-2182,PRPS1,5631.0,MutNovel,"S310Y,1.000"
X-2182,PRR11,55771.0,MutNovel,"VT260-,0.545"
X-2182,PRR19,284338.0,MutNovel,"R229M,1.000"
X-2182,PRR22,163154.0,MutNovel,"D294N,0.400"
X-2182,PRRC2B,84726.0,MutNovel,"D1643N,0.256"
X-2182,PRRC2C,23215.0,MutNovel,"Q382R,0.641"
X-2182,PRRC2C,23215.0,MutNovel,"R747Q,0.706"
X-2182,PRRC2C,23215.0,MutNovel,"L2593V,0.259"
X-2182,PRRC2C,23215.0,MutNovel,"I2640S,0.622"
X-2182,PSD,5662.0,MutNovel,"K884N,1.000"
X-2182,PSENEN,55851.0,MutNovel,"K11T,0.259"
X-2182,PSMA7,5688.0,MutNovel,"E179K,0.205"
X-2182,PSMC2,5701.0,MutNovel,"R258C,0.463"
X-2182,PSMD3,5709.0,MutNovel,"T249A,0.499"
X-2182,PSMD9,5715.0,MutNovel,"A35T,0.479"
X-2182,PSME1,5720.0,MutNovel,"N233K,0.244"
X-2182,PSME3,10197.0,MutNovel,"E131D,0.406"
X-2182,PSME4,23198.0,MutNovel,"M1800I,0.531"
X-2182,PSME4,23198.0,MutNovel,"R1340Q,0.425"
X-2182,PSME4,23198.0,MutNovel,"E569D,0.750"
X-2182,PSMG1,8624.0,MutNovel,"L276W,0.465"
X-2182,PSMG1,8624.0,MutNovel,"S57Y,0.426"
X-2182,PSMG2,56984.0,MutNovel,"S79P,0.505"
X-2182,PSRC1,84722.0,MutKnownFunctional,"R43*,0.283"
X-2182,PTBP1,5725.0,MutNovel,"N95K,0.436"
X-2182,PTBP2,58155.0,MutNovel,"K65N,1.000"
X-2182,PTBP2,58155.0,MutNovel,"A383V,0.500"
X-2182,PTCD3,55037.0,MutNovel,"M397I,0.500"
X-2182,PTEN,5728.0,MutLikelyFunctional,"D24Y,0.500"
X-2182,PTEN,5728.0,MutKnownFunctional,"R130Q,0.500"
X-2182,PTEN,5728.0,MutNovel,"K260T,0.490"
X-2182,PTER,9317.0,MutKnownFunctional,"E50*,1.000"
X-2182,PTER,9317.0,MutNovel,"R277I,0.571"
X-2182,PTK2,5747.0,MutNovel,"R656Q,0.368"
X-2182,PTP4A2,8073.0,MutNovel,"R90C,0.469"
X-2182,PTPN11,5781.0,MutNovel,"E123D,0.750"
X-2182,PTPN11,5781.0,MutNovel,"K590N,0.562"
X-2182,PTPN12,5782.0,MutNovel,"E664D,0.495"
X-2182,PTPN13,5783.0,MutNovel,"S103F,0.500"
X-2182,PTPN2,5771.0,MutNovel,"R379I,0.577"
X-2182,PTPN9,5780.0,MutNovel,"A589V,0.403"
X-2182,PTPN9,5780.0,MutNovel,"S467R,0.294"
X-2182,PTPRF,5792.0,MutNovel,"T1443M,0.449"
X-2182,PTPRG,5793.0,MutNovel,"T438A,1.000"
X-2182,PTPRG,5793.0,MutNovel,"R993C,0.364"
X-2182,PTPRN2,5799.0,MutNovel,"L962I,0.731"
X-2182,PTPRN2,5799.0,MutNovel,"L600F,0.400"
X-2182,PTPRN2,5799.0,MutNovel,"Q177H,0.214"
X-2182,PUM2,23369.0,MutNovel,"F298L,0.300"
X-2182,PUS7,54517.0,MutNovel,"K72N,0.438"
X-2182,PVRL1,5818.0,MutNovel,"S503Y,0.222"
X-2182,PWP1,11137.0,MutNovel,"R337Q,0.373"
X-2182,PWWP2B,170394.0,MutNovel,"E352K,0.708"
X-2182,PYGL,5836.0,MutNovel,"N827I,0.451"
X-2182,PYGL,5836.0,MutNovel,"T817A,0.461"
X-2182,PYROXD2,84795.0,MutNovel,"R511I,0.417"
X-2182,QARS,5859.0,MutNovel,"D439N,0.352"
X-2182,QDPR,5860.0,MutNovel,"K55N,0.443"
X-2182,R3HCC1L,,MutNovel,"K704R,0.263"
X-2182,RAB11FIP2,22841.0,MutNovel,"S150N,0.400"
X-2182,RAB11FIP5,26056.0,MutNovel,"R314Q,0.529"
X-2182,RAB26,25837.0,MutNovel,"S151P,0.583"
X-2182,RAB3GAP1,22930.0,MutNovel,"D507Y,0.520"
X-2182,RAB41,347517.0,MutNovel,"K181T,1.000"
X-2182,RAB7A,7879.0,MutNovel,"L107I,0.263"
X-2182,RABEP1,9135.0,MutNovel,"V753L,0.400"
X-2182,RABGAP1,23637.0,MutNovel,"R612Q,0.455"
X-2182,RAD21,5885.0,MutNovel,"A4T,0.378"
X-2182,RAD51,5888.0,MutNovel,"L181I,0.474"
X-2182,RAD54L,8438.0,MutNovel,"K497N,0.423"
X-2182,RAI14,26064.0,MutNovel,"S422Y,0.429"
X-2182,RAI14,26064.0,MutNovel,"K939N,0.333"
X-2182,RALB,5899.0,MutNovel,"K53N,0.704"
X-2182,RALGAPA1,253959.0,MutNovel,"F1958V,0.389"
X-2182,RALGAPA2,57186.0,MutNovel,"D1581N,0.571"
X-2182,RALGPS2,55103.0,MutNovel,"D44N,0.500"
X-2182,RALGPS2,55103.0,MutNovel,"S500Y,0.714"
X-2182,RANBP2,5903.0,MutNovel,"K2212Q,0.444"
X-2182,RAP1GAP,5909.0,MutNovel,"D355N,0.462"
X-2182,RARS,5917.0,MutNovel,"D303A,0.423"
X-2182,RARS,5917.0,MutNovel,"K587N,0.458"
X-2182,RARS2,57038.0,MutNovel,"L555I,0.896"
X-2182,RASA1,5921.0,MutNovel,"R903Q,0.263"
X-2182,RASAL1,8437.0,MutNovel,"R488W,0.250"
X-2182,RASGRF1,5923.0,MutNovel,"R997W,1.000"
X-2182,RAVER2,55225.0,MutNovel,"F128V,0.600"
X-2182,RBBP6,5930.0,MutKnownFunctional,"L116*,0.375"
X-2182,RBBP8,5932.0,MutNovel,"R300I,0.500"
X-2182,RBBP8,5932.0,MutNovel,"S345R,0.486"
X-2182,RBCK1,10616.0,MutNovel,"R480H,0.333"
X-2182,RBKS,64080.0,MutNovel,"E204D,0.700"
X-2182,RBL1,5933.0,MutNovel,"R802C,1.000"
X-2182,RBL2,5934.0,MutNovel,"K119T,0.667"
X-2182,RBM10,8241.0,MutNovel,"GEEEE177G,0.600"
X-2182,RBM12,10137.0,MutNovel,"R490C,0.583"
X-2182,RBM22,55696.0,MutNovel,"R132W,0.439"
X-2182,RBM22,55696.0,MutNovel,"R97C,0.507"
X-2182,RBM26,64062.0,MutNovel,"K505N,0.556"
X-2182,RBM26,64062.0,MutNovel,"G410D,0.333"
X-2182,RBM26,64062.0,MutNovel,"D104Y,0.500"
X-2182,RBM27,54439.0,MutNovel,"K828T,0.500"
X-2182,RBM45,129831.0,MutKnownFunctional,"E466*,0.495"
X-2182,RBM48,84060.0,MutNovel,"A330V,0.556"
X-2182,RBPJ,3516.0,MutNovel,"N209T,0.232"
X-2182,RC3H2,54542.0,MutNovel,"S731Y,0.500"
X-2182,RC3H2,54542.0,MutNovel,"R340Q,0.600"
X-2182,RCC1,1104.0,MutNovel,"R356W,0.482"
X-2182,RCOR3,55758.0,MutNovel,"R265C,0.545"
X-2182,REG3A,5068.0,MutNovel,"S60Y,0.436"
X-2182,RELB,5971.0,MutNovel,"D39N,0.300"
X-2182,REPS1,85021.0,MutNovel,"S661Y,0.645"
X-2182,REPS1,85021.0,MutNovel,"K310R,0.442"
X-2182,REV1,51455.0,MutNovel,"R110Q,0.235"
X-2182,REV3L,5980.0,MutKnownFunctional,"E3011*,0.333"
X-2182,RFC1,5981.0,MutNovel,"K634T,0.765"
X-2182,RFC1,5981.0,MutNovel,"R616Q,0.524"
X-2182,RFNG,5986.0,MutNovel,"F91C,0.375"
X-2182,RFWD3,55159.0,MutNovel,"R345Q,0.625"
X-2182,RGMB,285704.0,MutNovel,"R328C,0.500"
X-2182,RGS12,6002.0,MutNovel,"E740D,0.571"
X-2182,RGS16,6004.0,MutNovel,"D67N,0.500"
X-2182,RHOG,391.0,MutNovel,"R153H,0.465"
X-2182,RHOT1,55288.0,MutNovel,"I510S,0.640"
X-2182,RICTOR,253260.0,MutNovel,"D1357Y,0.600"
X-2182,RIF1,55183.0,MutNovel,"R411Q,1.000"
X-2182,RIF1,55183.0,MutNovel,"D1581G,0.833"
X-2182,RIF1,55183.0,MutNovel,"N2385H,0.941"
X-2182,RILP,83547.0,MutNovel,"K261R,0.464"
X-2182,RILPL1,353116.0,MutNovel,"A124T,0.458"
X-2182,RIOK1,83732.0,MutNovel,"F367L,0.525"
X-2182,RLF,6018.0,MutNovel,"F1776C,0.545"
X-2182,RLF,6018.0,MutNovel,"R1883W,0.422"
X-2182,RLIM,51132.0,MutNovel,"R372W,1.000"
X-2182,RNF103,7844.0,MutNovel,"D384Y,0.344"
X-2182,RNF114,55905.0,MutNovel,"D210Y,0.270"
X-2182,RNF123,63891.0,MutNovel,"K834N,0.233"
X-2182,RNF135,84282.0,MutNovel,"V149G,0.552"
X-2182,RNF139,11236.0,MutNovel,"R351H,0.674"
X-2182,RNF170,81790.0,MutKnownFunctional,"R249*,0.214"
X-2182,RNF213,57674.0,MutNovel,"M3690V,0.444"
X-2182,RNF214,257160.0,MutNovel,"K291N,0.482"
X-2182,RNF219,79596.0,MutKnownFunctional,"E67*,0.625"
X-2182,RNF24,11237.0,MutNovel,"L67F,0.667"
X-2182,RNF8,9025.0,MutNovel,"K146N,0.250"
X-2182,RNGTT,8732.0,MutNovel,"F535V,0.308"
X-2182,RNGTT,8732.0,MutNovel,"K88N,1.000"
X-2182,RNH1,6050.0,MutNovel,"I437M,0.264"
X-2182,RNH1,6050.0,MutNovel,"D436N,0.227"
X-2182,RNLS,55328.0,MutNovel,"T204M,0.375"
X-2182,RNMT,8731.0,MutNovel,"D115E,0.333"
X-2182,RNMT,8731.0,MutNovel,"R272C,0.533"
X-2182,ROBO2,6092.0,MutNovel,"D83Y,0.833"
X-2182,ROBO2,6092.0,MutNovel,"E1240K,0.625"
X-2182,ROCK2,9475.0,MutNovel,"R1057W,0.333"
X-2182,ROCK2,9475.0,MutNovel,"R131I,0.667"
X-2182,RPAP1,26015.0,MutNovel,"R448C,0.500"
X-2182,RPAP1,26015.0,MutNovel,"R387I,0.600"
X-2182,RPAP3,79657.0,MutNovel,"N239H,0.545"
X-2182,RPAP3,79657.0,MutNovel,"K216Q,0.842"
X-2182,RPF1,80135.0,MutNovel,"D191Y,0.376"
X-2182,RPF1,80135.0,MutNovel,"D194Y,0.261"
X-2182,RPF2,84154.0,MutNovel,"R196Q,0.437"
X-2182,RPL26L1,51121.0,MutNovel,"R26C,0.465"
X-2182,RPL3,6122.0,MutNovel,"R396Q,0.245"
X-2182,RPL5,6125.0,MutNovel,"E82K,0.487"
X-2182,RPL7L1,285855.0,MutNovel,"R132C,0.243"
X-2182,RPN1,6184.0,MutNovel,"S367F,0.478"
X-2182,RPN2,6185.0,MutNovel,"V233G,0.531"
X-2182,RPP38,10557.0,MutNovel,"E119K,0.255"
X-2182,RPP38,10557.0,MutNovel,"R167I,0.517"
X-2182,RPP40,10799.0,MutNovel,"L338V,0.259"
X-2182,RPS14,6208.0,MutNovel,"R4Q,0.483"
X-2182,RPS6KA3,6197.0,MutNovel,"H341N,0.909"
X-2182,RPS8,6202.0,MutNovel,"R18I,0.452"
X-2182,RPTOR,57521.0,MutNovel,"S738Y,0.636"
X-2182,RPUSD3,285367.0,MutNovel,"R224C,0.520"
X-2182,RRAGB,10325.0,MutNovel,"R352H,1.000"
X-2182,RRAGD,58528.0,MutNovel,"L262I,0.550"
X-2182,RRM1,6240.0,MutNovel,"R627H,0.437"
X-2182,RRM2B,50484.0,MutNovel,"P380H,0.667"
X-2182,RRP12,23223.0,MutNovel,"E1177D,0.548"
X-2182,RSL1D1,26156.0,MutNovel,"K188N,0.563"
X-2182,RSRC2,65117.0,MutKnownFunctional,"S119*,0.269"
X-2182,RTKN,6242.0,MutNovel,"R542Q,0.667"
X-2182,RTKN2,219790.0,MutKnownFunctional,"R33*,0.250"
X-2182,RTN2,6253.0,MutNovel,"R178I,0.500"
X-2182,RUFY1,80230.0,MutNovel,"F166C,0.568"
X-2182,RUVBL1,8607.0,MutNovel,"A324T,0.248"
X-2182,RWDD2A,112611.0,MutNovel,"F269C,0.576"
X-2182,RYK,6259.0,MutNovel,"N375K,0.459"
X-2182,RYK,6259.0,MutNovel,"E255D,0.500"
X-2182,RYK,6259.0,MutNovel,"F182I,0.444"
X-2182,SACS,26278.0,MutKnownFunctional,"E4209*,1.000"
X-2182,SACS,26278.0,MutKnownFunctional,"E239*,1.000"
X-2182,SAMD3,154075.0,MutNovel,"R323Q,1.000"
X-2182,SAMD5,389432.0,MutNovel,"N4H,0.579"
X-2182,SAP30BP,29115.0,MutNovel,"F171L,0.243"
X-2182,SAR1A,56681.0,MutNovel,"K23T,0.623"
X-2182,SARNP,84324.0,MutNovel,"R109Q,0.251"
X-2182,SART1,9092.0,MutNovel,"R162Q,0.437"
X-2182,SATB1,6304.0,MutNovel,"R410Q,0.800"
X-2182,SAV1,60485.0,MutNovel,"R92I,0.278"
X-2182,SAYSD1,55776.0,MutNovel,"E80D,0.452"
X-2182,SBF2,81846.0,MutNovel,"F1815L,0.438"
X-2182,SC5DL,6309.0,MutNovel,"F235L,0.400"
X-2182,SCAF1,58506.0,MutNovel,"P979A,0.625"
X-2182,SCAF11,9169.0,MutNovel,"K1027T,0.542"
X-2182,SCAF11,9169.0,MutNovel,"R1017I,0.520"
X-2182,SCAF4,57466.0,MutNovel,"L101I,0.500"
X-2182,SCAF4,57466.0,MutNovel,"F77C,0.333"
X-2182,SCAF8,22828.0,MutKnownFunctional,"E1172*,0.462"
X-2182,SCAF8,22828.0,MutNovel,"R1182I,0.456"
X-2182,SCAI,286205.0,MutNovel,"R238Q,1.000"
X-2182,SCAI,286205.0,MutNovel,"T57S,0.400"
X-2182,SCAMP5,192683.0,MutNovel,"K174T,1.000"
X-2182,SCAP,22937.0,MutNovel,"A966V,0.625"
X-2182,SCAP,22937.0,MutNovel,"R252H,0.500"
X-2182,SCCPDH,51097.0,MutNovel,"L309I,0.488"
X-2182,SCFD2,152579.0,MutNovel,"K375N,0.500"
X-2182,SCMH1,22955.0,MutNovel,"D374N,0.488"
X-2182,SCN2A,6326.0,MutNovel,"V752A,0.611"
X-2182,SCN2A,6326.0,MutKnownFunctional,"E909*,0.368"
X-2182,SCN2A,6326.0,MutNovel,"D1693Y,1.000"
X-2182,SCPEP1,59342.0,MutNovel,"R299C,0.489"
X-2182,SCPEP1,59342.0,MutNovel,"A413D,0.217"
X-2182,SCRN2,90507.0,MutNovel,"I276V,0.455"
X-2182,SCRN3,79634.0,MutKnownFunctional,"E58*,0.500"
X-2182,SCYL2,55681.0,MutNovel,"S593Y,0.519"
X-2182,SCYL2,55681.0,MutNovel,"L769V,0.575"
X-2182,SDC4,6385.0,MutNovel,"F196L,0.473"
X-2182,SDCCAG8,10806.0,MutNovel,"E226D,0.433"
X-2182,SDF4,51150.0,MutNovel,"F345L,0.460"
X-2182,SDHD,6392.0,MutNovel,"R22Q,0.232"
X-2182,SDR16C5,195814.0,MutNovel,"L309F,0.268"
X-2182,SDR42E1,93517.0,MutKnownFunctional,"E97*,0.643"
X-2182,SEC22C,9117.0,MutNovel,"M165R,0.420"
X-2182,SEC23IP,11196.0,MutNovel,"R947Q,0.300"
X-2182,SEC24A,10802.0,MutNovel,"E582D,0.417"
X-2182,SEC24A,10802.0,MutNovel,"S628Y,0.444"
X-2182,SEC24B,10427.0,MutNovel,"V196A,0.571"
X-2182,SEC24C,9632.0,MutNovel,"L696I,0.214"
X-2182,SEC24C,9632.0,MutNovel,"F766L,0.537"
X-2182,SEC24D,9871.0,MutNovel,"F704L,0.357"
X-2182,SEC31A,22872.0,MutNovel,"K635N,0.231"
X-2182,SEC31A,22872.0,MutNovel,"E546D,0.312"
X-2182,SEC31A,22872.0,MutNovel,"D282Y,0.538"
X-2182,SEC61B,10952.0,MutNovel,"A82T,0.238"
X-2182,SEC63,11231.0,MutNovel,"K529N,0.654"
X-2182,SECISBP2L,9728.0,MutNovel,"S1094Y,0.444"
X-2182,SECTM1,6398.0,MutNovel,"F182L,0.450"
X-2182,SEL1L,6400.0,MutNovel,"S514Y,0.600"
X-2182,SEL1L3,23231.0,MutNovel,"K200N,0.250"
X-2182,SEMA4B,10509.0,MutNovel,"F273L,0.444"
X-2182,SEMA4D,10507.0,MutNovel,"Q802H,0.306"
X-2182,SEPHS1,22929.0,MutNovel,"E13K,0.378"
X-2182,2014-09-02 00:00:00,4735.0,MutNovel,"V311M,0.457"
X-2182,SEPW1,6415.0,MutNovel,"K60N,0.497"
X-2182,SERBP1,26135.0,MutNovel,"E150K,0.387"
X-2182,SERBP1,26135.0,MutNovel,"K37N,0.541"
X-2182,SERINC1,57515.0,MutNovel,"K110T,0.571"
X-2182,SERPINB1,1992.0,MutNovel,"F204C,0.527"
X-2182,SERPINB6,5269.0,MutNovel,"G9C,0.279"
X-2182,SERPINB8,5271.0,MutNovel,"E305D,0.535"
X-2182,SET,6418.0,MutNovel,"F94V,0.250"
X-2182,SETD3,84193.0,MutNovel,"N136K,0.418"
X-2182,SETD4,54093.0,MutNovel,"L363I,0.600"
X-2182,SETD4,54093.0,MutNovel,"R90Q,0.436"
X-2182,SETD5,55209.0,MutNovel,"R912Q,0.654"
X-2182,SETDB1,9869.0,MutKnownFunctional,"E1260*,0.352"
X-2182,SETX,23064.0,MutNovel,"E2614A,0.444"
X-2182,SETX,23064.0,MutNovel,"M2429L,0.267"
X-2182,SETX,23064.0,MutNovel,"E1873K,0.333"
X-2182,SETX,23064.0,MutNovel,"R1593I,0.667"
X-2182,SEZ6L2,26470.0,MutNovel,"V301M,1.000"
X-2182,SF3B1,23451.0,MutNovel,"R1027K,0.419"
X-2182,SF3B1,23451.0,MutNovel,"E42D,0.536"
X-2182,SF3B14,51639.0,MutNovel,"R19Q,0.419"
X-2182,SF3B4,10262.0,MutNovel,"F120L,0.462"
X-2182,SFR1,119392.0,MutKnownFunctional,"E241*,0.214"
X-2182,SFXN4,119559.0,MutNovel,"L318I,0.282"
X-2182,SFXN4,119559.0,MutNovel,"L289R,0.449"
X-2182,SFXN4,119559.0,MutNovel,"T249A,0.294"
X-2182,SGOL2,151246.0,MutNovel,"R1098I,0.700"
X-2182,SGOL2,151246.0,MutNovel,"K1262T,0.421"
X-2182,SGPL1,8879.0,MutNovel,"K72N,0.542"
X-2182,SH2B2,10603.0,MutNovel,"F281L,0.308"
X-2182,SH2D4A,63898.0,MutNovel,"R285K,0.625"
X-2182,SH3BP1,23616.0,MutNovel,"S169R,0.494"
X-2182,SH3GL1,6455.0,MutNovel,"Y255C,0.430"
X-2182,SH3GL1,6455.0,MutNovel,"D32Y,0.288"
X-2182,SH3RF2,153769.0,MutNovel,"E160D,0.500"
X-2182,SHB,6461.0,MutNovel,"Q295P,0.246"
X-2182,SHB,6461.0,MutNovel,"K253N,0.286"
X-2182,SHKBP1,92799.0,MutNovel,"S144T,0.235"
X-2182,SHKBP1,92799.0,MutNovel,"A222T,0.549"
X-2182,SHOC2,8036.0,MutKnownFunctional,"E512*,0.381"
X-2182,SIAE,54414.0,MutNovel,"N34T,0.300"
X-2182,SIDT2,51092.0,MutNovel,"E363D,0.583"
X-2182,SIL1,64374.0,MutNovel,"R111Q,0.379"
X-2182,SIRT5,23408.0,MutNovel,"D196Y,0.435"
X-2182,SKA1,220134.0,MutNovel,"S185Y,0.457"
X-2182,SKIV2L,6499.0,MutNovel,"E227D,0.444"
X-2182,SLC10A5,347051.0,MutNovel,"F36L,0.375"
X-2182,SLC10A7,84068.0,MutNovel,"S261L,1.000"
X-2182,SLC12A4,6560.0,MutNovel,"D919Y,0.500"
X-2182,SLC12A9,56996.0,MutNovel,"R519W,0.296"
X-2182,SLC17A5,26503.0,MutNovel,"L267I,0.519"
X-2182,SLC17A5,26503.0,MutNovel,"L112I,0.526"
X-2182,SLC20A1,6574.0,MutKnownFunctional,"R460*,0.256"
X-2182,SLC20A2,6575.0,MutNovel,"F186L,0.273"
X-2182,SLC22A15,55356.0,MutNovel,"I336M,0.600"
X-2182,SLC23A2,9962.0,MutNovel,"D596G,0.667"
X-2182,SLC25A13,10165.0,MutNovel,"S225L,0.333"
X-2182,SLC25A13,10165.0,MutNovel,"D89A,0.514"
X-2182,SLC25A14,9016.0,MutNovel,"R168Q,1.000"
X-2182,SLC25A16,8034.0,MutNovel,"R102Q,0.211"
X-2182,SLC25A19,60386.0,MutNovel,"F193L,0.578"
X-2182,SLC25A19,60386.0,MutNovel,"T157M,0.431"
X-2182,SLC25A24,29957.0,MutNovel,"R291I,0.556"
X-2182,SLC25A24,29957.0,MutNovel,"L131I,0.312"
X-2182,SLC27A5,10998.0,MutNovel,"R617C,0.300"
X-2182,SLC28A3,64078.0,MutNovel,"S381Y,0.667"
X-2182,SLC30A1,7779.0,MutKnownFunctional,"E460*,0.448"
X-2182,SLC30A1,7779.0,MutKnownFunctional,"R361*,0.344"
X-2182,SLC30A5,64924.0,MutNovel,"R303C,0.360"
X-2182,SLC30A5,64924.0,MutNovel,"V527G,0.422"
X-2182,SLC30A7,148867.0,MutNovel,"D67N,0.333"
X-2182,SLC30A9,10463.0,MutNovel,"R156Q,0.500"
X-2182,SLC35A3,23443.0,MutNovel,"L136V,0.228"
X-2182,SLC35A3,23443.0,MutNovel,"R207I,0.380"
X-2182,SLC35B1,10237.0,MutNovel,"F278L,0.499"
X-2182,SLC35B4,84912.0,MutNovel,"K330N,0.400"
X-2182,SLC35E1,79939.0,MutNovel,"S402L,0.625"
X-2182,SLC41A3,54946.0,MutNovel,"Q132H,0.333"
X-2182,SLC4A2,6522.0,MutNovel,"A1001T,0.505"
X-2182,SLC4A8,9498.0,MutNovel,"E642D,0.600"
X-2182,SLC5A6,8884.0,MutNovel,"E389A,0.419"
X-2182,SLC7A8,23428.0,MutNovel,"T522I,0.587"
X-2182,SLC9A1,6548.0,MutNovel,"E104K,0.308"
X-2182,SLC9A2,6549.0,MutNovel,"R806Q,0.455"
X-2182,SLC9A6,10479.0,MutNovel,"N479H,0.429"
X-2182,SLC9A8,23315.0,MutNovel,"F284L,0.375"
X-2182,SLC9B2,133308.0,MutNovel,"F122L,0.600"
X-2182,SLCO1B3,28234.0,MutNovel,"F620C,0.265"
X-2182,SLITRK5,26050.0,MutNovel,"T122I,1.000"
X-2182,SLITRK5,26050.0,MutNovel,"R145Q,1.000"
X-2182,SLITRK6,84189.0,MutNovel,"L721I,0.412"
X-2182,SLTM,79811.0,MutNovel,"W968G,0.391"
X-2182,SLTM,79811.0,MutNovel,"R903Q,0.829"
X-2182,SMAD2,4087.0,MutNovel,"S351I,0.220"
X-2182,SMAP2,64744.0,MutNovel,"R50Q,0.600"
X-2182,SMARCA4,6597.0,MutNovel,"R381Q,0.613"
X-2182,SMARCA5,8467.0,MutNovel,"N611T,0.649"
X-2182,SMARCC1,6599.0,MutNovel,"D423Y,0.439"
X-2182,SMARCC2,6601.0,MutNovel,"F84L,0.500"
X-2182,SMC1A,8243.0,MutNovel,"R968I,0.341"
X-2182,SMC2,10592.0,MutNovel,"N21D,0.750"
X-2182,SMC2,10592.0,MutNovel,"L210V,0.550"
X-2182,SMC2,10592.0,MutNovel,"R968I,0.225"
X-2182,SMC4,10051.0,MutNovel,"S1259L,0.471"
X-2182,SMC5,23137.0,MutNovel,"F1088V,0.667"
X-2182,SMC6,79677.0,MutKnownFunctional,"E870*,0.293"
X-2182,SMG7,9887.0,MutNovel,"Q125H,0.333"
X-2182,SMG9,56006.0,MutNovel,"W495G,0.354"
X-2182,SMO,6608.0,MutNovel,"R482C,0.400"
X-2182,SMPD1,6609.0,MutNovel,"E358K,0.385"
X-2182,SMPD4,55627.0,MutNovel,"V103G,0.453"
X-2182,SMPDL3A,10924.0,MutNovel,"I88V,0.294"
X-2182,SMTN,6525.0,MutNovel,"V316A,0.227"
X-2182,SMU1,55234.0,MutNovel,"I115L,0.500"
X-2182,SMUG1,23583.0,MutNovel,"R140Q,0.417"
X-2182,SMURF1,57154.0,MutNovel,"D730N,0.485"
X-2182,SMURF1,57154.0,MutNovel,"R420Q,0.444"
X-2182,SMURF2,64750.0,MutNovel,"D371Y,0.636"
X-2182,SMYD2,56950.0,MutNovel,"K398T,0.217"
X-2182,SNAPC4,6621.0,MutNovel,"K426T,0.533"
X-2182,SNCAIP,9627.0,MutNovel,"S801Y,0.333"
X-2182,SNRNP200,23020.0,MutNovel,"R1763H,0.456"
X-2182,SNRNP70,6625.0,MutNovel,"R52Q,0.248"
X-2182,SNRPB2,6629.0,MutNovel,"K93N,0.261"
X-2182,SNRPB2,6629.0,MutNovel,"K103N,0.500"
X-2182,SNX13,23161.0,MutNovel,"R935W,0.489"
X-2182,SNX14,57231.0,MutNovel,"L887V,0.275"
X-2182,SNX17,9784.0,MutNovel,"K386N,0.577"
X-2182,SNX2,6643.0,MutNovel,"L73I,0.481"
X-2182,SNX7,51375.0,MutNovel,"R124C,0.295"
X-2182,SOCS5,9655.0,MutNovel,"S100Y,1.000"
X-2182,SOCS6,9306.0,MutNovel,"A302V,0.333"
X-2182,SOD3,6649.0,MutNovel,"E44D,0.524"
X-2182,SOS2,6655.0,MutNovel,"L1104V,0.667"
X-2182,SOS2,6655.0,MutNovel,"N472I,0.333"
X-2182,SOWAHA,134548.0,MutNovel,"P85S,0.500"
X-2182,SP3,6670.0,MutNovel,"D760A,0.476"
X-2182,SP3,6670.0,MutNovel,"D180G,0.259"
X-2182,SPAG8,26206.0,MutNovel,"V447A,0.385"
X-2182,SPAG9,9043.0,MutNovel,"L403V,0.400"
X-2182,SPATA7,55812.0,MutNovel,"E394K,0.800"
X-2182,SPATS2L,26010.0,MutNovel,"L549I,0.490"
X-2182,SPCS3,60559.0,MutNovel,"E75D,0.211"
X-2182,SPG11,80208.0,MutNovel,"E1314D,0.333"
X-2182,SPIN2B,474343.0,MutNovel,"L110I,1.000"
X-2182,SPPL3,121665.0,MutNovel,"L74M,0.220"
X-2182,SPRED1,161742.0,MutNovel,"R117Q,0.400"
X-2182,SPRTN,,MutNovel,"S382Y,0.882"
X-2182,SPSB3,90864.0,MutNovel,"D163Y,0.394"
X-2182,SPTAN1,6709.0,MutKnownFunctional,"E2332*,0.940"
X-2182,SPTBN1,6711.0,MutNovel,"D1835Y,0.345"
X-2182,SPTBN1,6711.0,MutNovel,"K2347Q,0.343"
X-2182,SPTBN2,6712.0,MutNovel,"R2370C,0.733"
X-2182,SPTLC1,10558.0,MutKnownFunctional,"E99*,0.259"
X-2182,SRCAP,10847.0,MutNovel,"R737H,0.273"
X-2182,SREK1,140890.0,MutKnownFunctional,"E440*,0.259"
X-2182,SRF,6722.0,MutNovel,"R200Q,0.642"
X-2182,SRFBP1,153443.0,MutNovel,"S203Y,0.500"
X-2182,SRGAP1,57522.0,MutNovel,"R204Q,0.800"
X-2182,SRP68,6730.0,MutNovel,"R426Q,0.497"
X-2182,SRPK1,6732.0,MutNovel,"L491F,0.246"
X-2182,SRRM1,10250.0,MutNovel,"A117V,0.297"
X-2182,SRRM1,10250.0,MutNovel,"Q138H,0.406"
X-2182,SRRM2,23524.0,MutNovel,"E72K,0.286"
X-2182,SRRM2,23524.0,MutNovel,"R670H,0.524"
X-2182,SRRM2,23524.0,MutNovel,"R710H,0.565"
X-2182,SRRM2,23524.0,MutNovel,"I754M,0.341"
X-2182,SRSF11,9295.0,MutNovel,"S70L,0.482"
X-2182,SRSF11,9295.0,MutNovel,"R292W,0.422"
X-2182,SRSF6,6431.0,MutNovel,"S276F,0.379"
X-2182,SRSF7,6432.0,MutKnownFunctional,"G186*,0.340"
X-2182,SSB,6741.0,MutNovel,"E3D,0.452"
X-2182,SSRP1,6749.0,MutNovel,"I393S,0.490"
X-2182,SSX2IP,117178.0,MutNovel,"L169V,0.286"
X-2182,ST3GAL3,6487.0,MutNovel,"N420T,0.600"
X-2182,ST5,6764.0,MutKnownFunctional,"E649*,0.357"
X-2182,ST5,6764.0,MutNovel,"G629E,0.556"
X-2182,ST7L,54879.0,MutNovel,"Y170S,0.500"
X-2182,STAG1,10274.0,MutNovel,"K916N,0.524"
X-2182,STAG1,10274.0,MutNovel,"L746I,0.625"
X-2182,STAG1,10274.0,MutNovel,"R534C,0.500"
X-2182,STAG2,10735.0,MutKnownFunctional,"E950*,1.000"
X-2182,STARD3,10948.0,MutNovel,"A233V,0.475"
X-2182,STAT3,6774.0,MutNovel,"E166D,0.483"
X-2182,STAU1,6780.0,MutNovel,"K437T,0.483"
X-2182,STAU1,6780.0,MutNovel,"K214N,0.359"
X-2182,STIL,6491.0,MutNovel,"R216I,0.667"
X-2182,STIM2,57620.0,MutNovel,"R580Q,1.000"
X-2182,STIM2,57620.0,MutNovel,"R645Q,0.235"
X-2182,STIP1,10963.0,MutNovel,"R543W,0.542"
X-2182,STK11,6794.0,MutNovel,"E120K,0.258"
X-2182,STK17B,9262.0,MutNovel,"E80K,0.706"
X-2182,STK17B,9262.0,MutKnownFunctional,"E58*,0.273"
X-2182,STOML3,161003.0,MutNovel,"K260N,0.750"
X-2182,STRADA,92335.0,MutNovel,"K156N,0.536"
X-2182,STRBP,55342.0,MutNovel,"R652I,0.279"
X-2182,STRBP,55342.0,MutNovel,"D387Y,0.295"
X-2182,STRBP,55342.0,MutNovel,"R375Q,0.568"
X-2182,STRN4,29888.0,MutNovel,"D429Y,0.203"
X-2182,STX18,53407.0,MutNovel,"I57M,0.600"
X-2182,STX19,415117.0,MutKnownFunctional,"Y151*,0.657"
X-2182,STX2,2054.0,MutNovel,"K55T,0.571"
X-2182,STX5,6811.0,MutNovel,"K10N,0.458"
X-2182,STX6,10228.0,MutNovel,"E207K,0.435"
X-2182,STXBP5,134957.0,MutNovel,"F732V,0.600"
X-2182,SUCLG1,8802.0,MutNovel,"K164N,0.508"
X-2182,SUCO,,MutNovel,"K1106N,0.478"
X-2182,SULT1A1,6817.0,MutNovel,"E160D,0.297"
X-2182,SULT1C2,6819.0,MutNovel,"R252C,0.444"
X-2182,SULT1E1,6783.0,MutNovel,"S100Y,0.750"
X-2182,SULT2B1,6820.0,MutNovel,"G276W,0.244"
X-2182,SUMF1,285362.0,MutNovel,"R369H,0.467"
X-2182,SUMF2,25870.0,MutNovel,"D84N,0.400"
X-2182,SUN2,25777.0,MutNovel,"D569E,0.260"
X-2182,SUPT16H,11198.0,MutNovel,"F783V,0.234"
X-2182,SUPT3H,8464.0,MutNovel,"L232S,0.278"
X-2182,SUPT5H,6829.0,MutNovel,"E136D,0.330"
X-2182,SURF2,6835.0,MutNovel,"N77S,0.533"
X-2182,SUV39H2,79723.0,MutNovel,"R256Q,0.480"
X-2182,SUV420H1,51111.0,MutNovel,"L226V,0.400"
X-2182,SYK,6850.0,MutNovel,"A583V,0.308"
X-2182,SYNCRIP,10492.0,MutNovel,"K221T,0.373"
X-2182,SYNE2,23224.0,MutNovel,"D301Y,0.667"
X-2182,SYNJ1,8867.0,MutNovel,"S1408Y,1.000"
X-2182,SYT7,9066.0,MutNovel,"K394N,0.500"
X-2182,SYTL2,54843.0,MutNovel,"S1066R,0.600"
X-2182,SYVN1,84447.0,MutNovel,"R317H,0.216"
X-2182,TAF1B,9014.0,MutNovel,"K367N,0.345"
X-2182,TAF1C,9013.0,MutNovel,"A49T,0.286"
X-2182,TAF3,83860.0,MutNovel,"E408K,0.600"
X-2182,TAF5,6877.0,MutNovel,"D434Y,0.667"
X-2182,TAF7L,54457.0,MutNovel,"K445N,1.000"
X-2182,TAGLN,6876.0,MutNovel,"D116Y,0.500"
X-2182,TANC1,85461.0,MutNovel,"A763T,0.667"
X-2182,TANC1,85461.0,MutNovel,"E1816D,0.368"
X-2182,TANK,10010.0,MutKnownFunctional,"E121*,0.667"
X-2182,TAPBP,6892.0,MutNovel,"R383Q,0.400"
X-2182,TAPT1,202018.0,MutNovel,"Y314D,0.357"
X-2182,TATDN2,9797.0,MutNovel,"S384R,0.483"
X-2182,TATDN2,9797.0,MutNovel,"G399D,0.543"
X-2182,TATDN3,128387.0,MutNovel,"L67V,0.619"
X-2182,TAX1BP1,8887.0,MutNovel,"N586K,0.914"
X-2182,TBC1D15,64786.0,MutNovel,"D414Y,0.911"
X-2182,TBC1D15,64786.0,MutNovel,"R507Q,0.420"
X-2182,TBC1D22A,25771.0,MutNovel,"E271K,0.615"
X-2182,TBC1D22B,55633.0,MutNovel,"R421C,0.536"
X-2182,TBC1D2B,23102.0,MutNovel,"N187H,0.500"
X-2182,TBC1D30,23329.0,MutNovel,"E210K,0.556"
X-2182,TBC1D30,23329.0,MutNovel,"R455Q,0.250"
X-2182,TBC1D30,23329.0,MutNovel,"R483Q,0.250"
X-2182,TBC1D7,51256.0,MutNovel,"A252T,0.483"
X-2182,TBC1D7,51256.0,MutNovel,"K25N,0.375"
X-2182,TBCCD1,55171.0,MutNovel,"F466L,0.429"
X-2182,TBCCD1,55171.0,MutNovel,"E339K,0.600"
X-2182,TBCD,6904.0,MutNovel,"R182Q,0.276"
X-2182,TBCD,6904.0,MutNovel,"R1171H,0.261"
X-2182,TBCE,6905.0,MutNovel,"D80Y,0.647"
X-2182,TBCEL,219899.0,MutNovel,"R360C,0.571"
X-2182,TBP,6908.0,MutNovel,"R208Q,0.321"
X-2182,TBPL1,9519.0,MutNovel,"F100V,0.407"
X-2182,TBPL1,9519.0,MutNovel,"V178M,0.661"
X-2182,TBRG1,84897.0,MutNovel,"R180W,0.316"
X-2182,TC2N,123036.0,MutKnownFunctional,"E72*,0.261"
X-2182,TCF25,22980.0,MutNovel,"R544W,0.409"
X-2182,TCF7L2,6934.0,MutNovel,"R176Q,1.000"
X-2182,TCHP,84260.0,MutNovel,"R410Q,0.500"
X-2182,TCOF1,6949.0,MutNovel,"A817V,0.714"
X-2182,TCOF1,6949.0,MutKnownFunctional,"E1456*,0.245"
X-2182,TDP2,51567.0,MutNovel,"R237Q,0.259"
X-2182,TDP2,51567.0,MutNovel,"L150I,0.316"
X-2182,TDRD3,81550.0,MutNovel,"L163S,0.909"
X-2182,TEAD1,7003.0,MutNovel,"F266C,0.667"
X-2182,TEAD4,7004.0,MutNovel,"D32G,0.479"
X-2182,TELO2,9894.0,MutNovel,"R403Q,0.321"
X-2182,TERF1,7013.0,MutNovel,"H110N,0.688"
X-2182,TERF1,7013.0,MutNovel,"F201C,0.474"
X-2182,TERF2IP,54386.0,MutKnownFunctional,"E301*,0.242"
X-2182,TERF2IP,54386.0,MutKnownFunctional,"E395*,0.424"
X-2182,TES,26136.0,MutNovel,"E33K,0.393"
X-2182,TESK2,10420.0,MutNovel,"K236N,0.500"
X-2182,TEX10,54881.0,MutNovel,"V141A,0.583"
X-2182,TEX14,56155.0,MutNovel,"R774H,0.500"
X-2182,TEX30,,MutNovel,"L213W,0.426"
X-2182,TFDP2,7029.0,MutNovel,"R121Q,0.600"
X-2182,TFIP11,24144.0,MutNovel,"E797K,0.535"
X-2182,TFIP11,24144.0,MutNovel,"R197H,0.233"
X-2182,TGFBI,7045.0,MutNovel,"A302V,0.490"
X-2182,TGFBR2,7048.0,MutNovel,"D494Y,0.262"
X-2182,TGM1,7051.0,MutNovel,"A404T,0.500"
X-2182,TGS1,96764.0,MutNovel,"S294Y,0.350"
X-2182,THADA,63892.0,MutNovel,"F1634L,0.208"
X-2182,THAP1,55145.0,MutNovel,"P104H,0.700"
X-2182,THAP4,51078.0,MutNovel,"R487C,0.228"
X-2182,THBS3,7059.0,MutNovel,"Y671D,0.400"
X-2182,THOC1,9984.0,MutNovel,"F189I,0.421"
X-2182,THOC2,57187.0,MutNovel,"N1010H,1.000"
X-2182,THOC2,57187.0,MutNovel,"K685N,1.000"
X-2182,THRAP3,9967.0,MutNovel,"N110I,0.490"
X-2182,THRAP3,9967.0,MutNovel,"K726T,0.488"
X-2182,THUMPD3,25917.0,MutNovel,"K134T,0.412"
X-2182,THYN1,29087.0,MutNovel,"D15G,0.389"
X-2182,TIA1,7072.0,MutNovel,"S195A,0.562"
X-2182,TIAM1,7074.0,MutNovel,"R620L,0.714"
X-2182,TIGD1,200765.0,MutKnownFunctional,"E127*,0.375"
X-2182,TIGD2,166815.0,MutNovel,"F108L,0.538"
X-2182,TIGD2,166815.0,MutNovel,"E394D,0.286"
X-2182,TIGD6,81789.0,MutNovel,"S99Y,0.429"
X-2182,TIMM21,29090.0,MutNovel,"R236I,0.256"
X-2182,TJAP1,93643.0,MutNovel,"S320Y,0.333"
X-2182,TJP2,9414.0,MutNovel,"D70N,0.423"
X-2182,TK1,7083.0,MutNovel,"L25I,0.508"
X-2182,TKT,7086.0,MutNovel,"R602I,0.518"
X-2182,TLE1,7088.0,MutNovel,"R497I,0.205"
X-2182,TLE3,7090.0,MutNovel,"V703M,0.354"
X-2182,TLE3,7090.0,MutKnownFunctional,"E195*,0.333"
X-2182,TLE4,7091.0,MutKnownFunctional,"E72*,1.000"
X-2182,TLK1,9874.0,MutNovel,"R713C,0.458"
X-2182,TLR2,7097.0,MutKnownFunctional,"E481*,0.800"
X-2182,TM2D1,83941.0,MutNovel,"G95V,0.366"
X-2182,TM9SF2,9375.0,MutNovel,"F646L,0.521"
X-2182,TM9SF4,9777.0,MutNovel,"D173Y,0.571"
X-2182,TMA16,,MutNovel,"K151N,0.411"
X-2182,TMC5,79838.0,MutNovel,"R194I,0.867"
X-2182,TMC5,79838.0,MutNovel,"M818I,0.240"
X-2182,TMCO6,55374.0,MutNovel,"S443N,0.476"
X-2182,TMED2,10959.0,MutNovel,"R193I,0.467"
X-2182,TMED5,50999.0,MutNovel,"R183C,0.212"
X-2182,TMEM101,84336.0,MutNovel,"V114I,0.605"
X-2182,TMEM102,284114.0,MutNovel,"E157D,0.471"
X-2182,TMEM117,84216.0,MutNovel,"V158L,1.000"
X-2182,TMEM147,10430.0,MutNovel,"F174C,0.233"
X-2182,TMEM161B,153396.0,MutNovel,"C344G,0.375"
X-2182,TMEM176A,55365.0,MutNovel,"I235F,0.500"
X-2182,TMEM185B,79134.0,MutNovel,"V26A,0.400"
X-2182,TMEM200A,114801.0,MutNovel,"R106W,0.600"
X-2182,TMEM206,55248.0,MutKnownFunctional,"E237*,0.300"
X-2182,TMEM245,,MutNovel,"I599L,0.458"
X-2182,TMEM38A,79041.0,MutNovel,"E45K,0.750"
X-2182,TMEM42,131616.0,MutNovel,"F107L,0.451"
X-2182,TMEM45B,120224.0,MutNovel,"I16T,0.223"
X-2182,TMEM48,55706.0,MutNovel,"D603N,0.512"
X-2182,TMEM51,55092.0,MutKnownFunctional,"R204*,0.564"
X-2182,TMEM53,79639.0,MutNovel,"E11D,0.471"
X-2182,TMEM57,55219.0,MutNovel,"R334Q,0.314"
X-2182,TMEM59,9528.0,MutNovel,"D173N,0.547"
X-2182,TMEM63B,55362.0,MutNovel,"F549L,0.667"
X-2182,TMEM69,51249.0,MutNovel,"S19T,0.415"
X-2182,TMEM8A,58986.0,MutNovel,"A589T,0.424"
X-2182,TMEM97,27346.0,MutNovel,"L158V,0.537"
X-2182,TMEM98,26022.0,MutKnownFunctional,"R201*,0.395"
X-2182,TMEM99,147184.0,MutNovel,"G162S,0.500"
X-2182,TMF1,7110.0,MutNovel,"D1072Y,0.296"
X-2182,TMF1,7110.0,MutKnownFunctional,"E918*,0.250"
X-2182,TMOD3,29766.0,MutNovel,"L174I,0.438"
X-2182,TMPO,7112.0,MutNovel,"E114D,0.333"
X-2182,TMPO,7112.0,MutNovel,"R269C,0.418"
X-2182,TMSB15A,11013.0,Del0.8,0.59
X-2182,TMX1,81542.0,MutNovel,"I170V,0.597"
X-2182,TNFAIP2,7127.0,MutNovel,"N327S,0.667"
X-2182,TNFRSF10B,8795.0,MutNovel,"E274D,0.324"
X-2182,TNFRSF12A,51330.0,MutNovel,"E108D,0.516"
X-2182,TNFRSF1B,7133.0,MutNovel,"R223Q,0.769"
X-2182,TNFRSF21,27242.0,MutNovel,"R587W,0.571"
X-2182,TNKS1BP1,85456.0,MutNovel,"A531S,0.421"
X-2182,TNPO1,3842.0,MutNovel,"A846V,0.275"
X-2182,TNXB,7148.0,MutNovel,"T339M,1.000"
X-2182,TOB2,10766.0,MutNovel,"S155L,0.444"
X-2182,TOMM34,10953.0,MutNovel,"S76L,0.268"
X-2182,TOMM70A,9868.0,MutNovel,"K576N,0.260"
X-2182,TONSL,4796.0,MutNovel,"V1318G,0.446"
X-2182,TONSL,4796.0,MutNovel,"S1009L,0.383"
X-2182,TOP2A,7153.0,MutNovel,"K1273N,0.208"
X-2182,TOP2A,7153.0,MutNovel,"D1120Y,0.226"
X-2182,TOP2A,7153.0,MutNovel,"E1057D,0.415"
X-2182,TOP2B,7155.0,MutNovel,"F1443L,0.879"
X-2182,TOPBP1,11073.0,MutNovel,"I1516S,0.306"
X-2182,TOPBP1,11073.0,MutKnownFunctional,"R1314*,0.270"
X-2182,TOPORS,10210.0,MutNovel,"R628Q,0.846"
X-2182,TOPORS,10210.0,MutNovel,"R360Q,0.333"
X-2182,TOPORS,10210.0,MutNovel,"R347Q,0.667"
X-2182,TOR1B,27348.0,MutNovel,"D71G,0.538"
X-2182,TOX,9760.0,MutNovel,"N412S,0.333"
X-2182,TOX3,27324.0,MutNovel,"V303I,0.538"
X-2182,TP53BP1,7158.0,MutNovel,"D1795Y,0.253"
X-2182,TPCN1,53373.0,MutNovel,"D473N,0.667"
X-2182,TPCN2,219931.0,MutKnownFunctional,"R494*,0.364"
X-2182,TPGS2,25941.0,MutNovel,"G213D,0.498"
X-2182,TPM1,7168.0,MutNovel,"R232H,0.333"
X-2182,TPMT,7172.0,MutNovel,"L105I,0.489"
X-2182,TPP1,1200.0,MutNovel,"E83D,0.375"
X-2182,TPR,7175.0,MutNovel,"S2108Y,0.357"
X-2182,TPR,7175.0,MutNovel,"L1314R,0.520"
X-2182,TPRN,286262.0,MutNovel,"S330Y,0.364"
X-2182,TPX2,22974.0,MutNovel,"Q368H,0.414"
X-2182,TPX2,22974.0,MutNovel,"K447N,0.543"
X-2182,TRA2A,29896.0,MutNovel,"R15H,0.548"
X-2182,TRAFD1,10906.0,MutNovel,"E236D,0.222"
X-2182,TRAFD1,10906.0,MutNovel,"E288K,0.308"
X-2182,TRAK2,66008.0,MutNovel,"S770F,0.214"
X-2182,TRAPPC11,60684.0,MutNovel,"R1110C,0.276"
X-2182,TRAPPC9,83696.0,MutNovel,"D545Y,0.833"
X-2182,TREX2,11219.0,Del0.8,0.53
X-2182,TRIB3,57761.0,MutNovel,"A345T,0.527"
X-2182,TRIM24,8805.0,MutNovel,"Q443H,0.364"
X-2182,TRIM25,7706.0,MutNovel,"F523C,0.480"
X-2182,TRIM25,7706.0,MutNovel,"K388N,0.583"
X-2182,TRIM27,5987.0,MutNovel,"N334T,0.266"
X-2182,TRIM29,23650.0,MutNovel,"G459R,0.203"
X-2182,TRIM31,11074.0,MutNovel,"A161S,0.308"
X-2182,TRIM33,51592.0,MutNovel,"S659R,1.000"
X-2182,TRIM36,55521.0,MutNovel,"D477Y,0.429"
X-2182,TRIM37,4591.0,MutKnownFunctional,"R775*,0.300"
X-2182,TRIM37,4591.0,MutNovel,"K693N,0.250"
X-2182,TRIM4,89122.0,MutNovel,"A358D,0.531"
X-2182,TRIP10,9322.0,MutNovel,"N263S,0.484"
X-2182,TRIP11,9321.0,MutNovel,"F1958C,0.721"
X-2182,TRIP12,9320.0,MutNovel,"Q1548H,0.222"
X-2182,TRIP12,9320.0,MutNovel,"D715Y,0.636"
X-2182,TRIT1,54802.0,MutNovel,"N435S,0.544"
X-2182,TRMT1,55621.0,MutKnownFunctional,"R169*,0.311"
X-2182,TRMT1L,81627.0,MutNovel,"K621R,0.615"
X-2182,TRMT2A,27037.0,MutNovel,"D305N,0.532"
X-2182,TRMT44,,MutNovel,"E311D,0.250"
X-2182,TRMT61A,115708.0,MutNovel,"D249N,0.304"
X-2182,TRMT61B,55006.0,MutNovel,"R374C,0.261"
X-2182,TRNAU1AP,54952.0,MutNovel,"K34N,0.488"
X-2182,TROVE2,6738.0,MutNovel,"I324M,0.647"
X-2182,TROVE2,6738.0,MutNovel,"L337I,0.533"
X-2182,TRPC4AP,26133.0,MutNovel,"P281A,0.370"
X-2182,TRPC4AP,26133.0,MutNovel,"R183C,0.412"
X-2182,TRPM6,140803.0,MutNovel,"V1847M,0.750"
X-2182,TRRAP,8295.0,MutNovel,"L1777S,0.417"
X-2182,TRUB1,142940.0,MutNovel,"E23D,0.750"
X-2182,TRUB1,142940.0,MutNovel,"R277Q,0.667"
X-2182,TRUB1,142940.0,MutNovel,"K318T,0.625"
X-2182,TRUB1,142940.0,MutNovel,"T335P,0.600"
X-2182,TSC2,7249.0,MutNovel,"E138G,0.765"
X-2182,TSC22D1,8848.0,MutNovel,"A917V,0.480"
X-2182,TSEN15,116461.0,MutNovel,"K128M,0.292"
X-2182,TSPAN15,23555.0,MutNovel,"D126N,0.500"
X-2182,TSPAN33,340348.0,MutNovel,"N262H,0.797"
X-2182,TSPAN4,7106.0,MutNovel,"F86L,0.667"
X-2182,TSPAN5,10098.0,MutNovel,"K16R,0.571"
X-2182,TSPAN6,7105.0,MutNovel,"K18N,1.000"
X-2182,TSPAN9,10867.0,MutNovel,"I32T,0.333"
X-2182,TSPYL1,7259.0,MutNovel,"C319R,0.574"
X-2182,TSPYL1,7259.0,MutNovel,"V176VW,0.471"
X-2182,TSR1,55720.0,MutNovel,"S92I,0.441"
X-2182,TSSC1,7260.0,MutNovel,"R259Q,0.392"
X-2182,TSSC4,10078.0,MutNovel,"E223K,0.578"
X-2182,TSSK3,81629.0,MutNovel,"M218V,0.333"
X-2182,TTC21B,79809.0,MutNovel,"L223P,0.667"
X-2182,TTC23,64927.0,MutNovel,"K377N,0.500"
X-2182,TTC29,83894.0,MutNovel,"R74Q,0.544"
X-2182,TTC3,7267.0,MutNovel,"K744Q,0.462"
X-2182,TTC3,7267.0,MutNovel,"K1029N,0.444"
X-2182,TTF1,7270.0,MutNovel,"R713W,0.526"
X-2182,TTF1,7270.0,MutNovel,"S23Y,1.000"
X-2182,TTF2,8458.0,MutNovel,"F12L,0.833"
X-2182,TTF2,8458.0,MutNovel,"F75L,0.786"
X-2182,TTI1,9675.0,MutNovel,"K643Q,0.636"
X-2182,TTL,646982.0,MutKnownFunctional,"E129*,0.667"
X-2182,TTLL5,23093.0,MutKnownFunctional,"R868*,0.600"
X-2182,TUBD1,51174.0,MutNovel,"D363Y,0.300"
X-2182,TUBE1,51175.0,MutNovel,"S66Y,0.214"
X-2182,TUBGCP2,10844.0,MutNovel,"E420D,0.218"
X-2182,TUBGCP2,10844.0,MutNovel,"K157N,0.414"
X-2182,TUBGCP3,10426.0,MutNovel,"A44T,0.400"
X-2182,TUBGCP5,114791.0,MutNovel,"I301R,0.667"
X-2182,TWF1,5756.0,MutNovel,"T148A,0.448"
X-2182,TXNDC16,57544.0,MutNovel,"F813C,0.714"
X-2182,TXNRD1,7296.0,MutNovel,"D365Y,0.427"
X-2182,TYMS,7298.0,MutNovel,"S216L,0.514"
X-2182,TYW5,129450.0,MutNovel,"D204N,0.211"
X-2182,U2AF1,7307.0,MutNovel,"S231L,0.378"
X-2182,U2SURP,23350.0,MutNovel,"V727I,0.235"
X-2182,UACA,55075.0,MutNovel,"E695K,0.700"
X-2182,UBA2,10054.0,MutNovel,"N502H,0.559"
X-2182,UBA2,10054.0,MutNovel,"D537Y,0.204"
X-2182,UBA3,9039.0,MutNovel,"Q158H,0.260"
X-2182,UBA5,79876.0,MutKnownFunctional,"E223*,0.250"
X-2182,UBA6,55236.0,MutNovel,"G857V,0.467"
X-2182,UBAP1,51271.0,MutKnownFunctional,"E519*,0.432"
X-2182,UBAP2L,9898.0,MutNovel,"E154G,0.333"
X-2182,UBAP2L,9898.0,MutNovel,"G589D,0.302"
X-2182,UBAP2L,9898.0,MutNovel,"T782M,0.514"
X-2182,UBE2I,7329.0,MutNovel,"L63I,0.242"
X-2182,UBE2J1,51465.0,MutNovel,"Y58C,0.246"
X-2182,UBE2J2,118424.0,MutNovel,"E192K,0.418"
X-2182,UBE2O,63893.0,MutNovel,"V975L,0.222"
X-2182,UBE4A,9354.0,MutNovel,"E5D,0.727"
X-2182,UBE4A,9354.0,MutNovel,"R70H,0.688"
X-2182,UBE4A,9354.0,MutNovel,"N1039D,0.545"
X-2182,UBE4B,10277.0,MutNovel,"D197A,0.500"
X-2182,UBQLN1,29979.0,MutNovel,"L560V,0.511"
X-2182,UBR3,130507.0,MutNovel,"F1678L,0.522"
X-2182,UBR5,51366.0,MutNovel,"R2293Q,0.537"
X-2182,UBR5,51366.0,MutNovel,"L2066I,0.308"
X-2182,UBR5,51366.0,MutNovel,"S355Y,1.000"
X-2182,UBXN4,23190.0,MutNovel,"K483N,0.526"
X-2182,UCHL1,7345.0,MutNovel,"F108C,0.326"
X-2182,UCHL3,7347.0,MutNovel,"E182D,0.623"
X-2182,UCHL5,51377.0,MutKnownFunctional,"E39*,0.391"
X-2182,UCK1,83549.0,MutNovel,"N90K,0.244"
X-2182,UFL1,23376.0,MutKnownFunctional,"S777*,0.294"
X-2182,UGGT1,56886.0,MutNovel,"E1044D,0.333"
X-2182,UGP2,7360.0,MutNovel,"I196M,0.206"
X-2182,UGP2,7360.0,MutNovel,"L264I,0.504"
X-2182,UGT2B10,7365.0,MutNovel,"A345T,1.000"
X-2182,UGT8,7368.0,MutNovel,"R443Q,0.387"
X-2182,UHRF1BP1,54887.0,MutNovel,"R189Q,0.667"
X-2182,UHRF1BP1L,23074.0,MutNovel,"N956H,0.214"
X-2182,UIMC1,51720.0,MutKnownFunctional,"E441*,0.226"
X-2182,UNC119,9094.0,MutNovel,"D176N,0.265"
X-2182,UNG,7374.0,MutNovel,"L212F,0.463"
X-2182,UNG,7374.0,MutNovel,"S246L,0.491"
X-2182,UPF2,26019.0,MutNovel,"N1124H,0.281"
X-2182,UPF2,26019.0,MutNovel,"F1007V,0.889"
X-2182,UPF2,26019.0,MutNovel,"E91D,0.400"
X-2182,UPF3A,65110.0,MutNovel,"K158T,0.523"
X-2182,UPRT,139596.0,MutNovel,"L241I,1.000"
X-2182,UPRT,139596.0,MutNovel,"K304N,1.000"
X-2182,UQCC,55245.0,MutNovel,"F133L,0.250"
X-2182,URB1,9875.0,MutNovel,"R1720Q,0.583"
X-2182,URB2,9816.0,MutNovel,"A1028T,0.778"
X-2182,URI1,8725.0,MutNovel,"K370N,0.590"
X-2182,USP15,9958.0,MutNovel,"D431E,0.353"
X-2182,USP22,23326.0,MutNovel,"H292P,0.521"
X-2182,USP22,23326.0,MutNovel,"R133Q,0.250"
X-2182,USP25,29761.0,MutNovel,"K292N,0.455"
X-2182,USP27X,389856.0,MutNovel,"R131W,1.000"
X-2182,USP27X,389856.0,MutNovel,"T336M,1.000"
X-2182,USP28,57646.0,MutNovel,"D1017Y,0.375"
X-2182,USP30,84749.0,MutNovel,"R62L,0.571"
X-2182,USP34,9736.0,MutNovel,"C2988R,0.438"
X-2182,USP36,57602.0,MutNovel,"KKK958K,0.359"
X-2182,USP37,57695.0,MutNovel,"L163I,0.667"
X-2182,USP38,84640.0,MutNovel,"S239N,0.636"
X-2182,USP38,84640.0,MutNovel,"S428Y,0.280"
X-2182,USP40,55230.0,MutNovel,"D1186N,0.471"
X-2182,USP40,55230.0,MutNovel,"R816I,0.615"
X-2182,USP47,55031.0,MutNovel,"R278C,0.286"
X-2182,USP47,55031.0,MutNovel,"L523V,0.286"
X-2182,USP54,159195.0,MutNovel,"R1387H,0.217"
X-2182,USP54,159195.0,MutNovel,"K1370N,0.409"
X-2182,USP8,9101.0,MutNovel,"S263G,0.333"
X-2182,USPL1,10208.0,MutNovel,"S812F,0.538"
X-2182,USPL1,10208.0,MutNovel,"K901T,0.481"
X-2182,UTP11L,51118.0,MutNovel,"Q133H,0.408"
X-2182,UTP14C,9724.0,MutNovel,"D448Y,0.750"
X-2182,UTP15,84135.0,MutNovel,"N343K,0.303"
X-2182,UTP6,55813.0,MutNovel,"N86H,0.550"
X-2182,UTY,7404.0,MutKnownFunctional,"R1323*,1.000"
X-2182,UTY,7404.0,MutNovel,"S1236F,1.000"
X-2182,UTY,7404.0,MutNovel,"V1074L,0.400"
X-2182,UTY,7404.0,MutNovel,"I1071G,0.400"
X-2182,UTY,7404.0,MutNovel,"G1070T,0.333"
X-2182,UTY,7404.0,MutKnownFunctional,"S1068*,0.333"
X-2182,UTY,7404.0,MutNovel,"S1066T,0.333"
X-2182,UTY,7404.0,MutNovel,"G1060R,0.400"
X-2182,UTY,7404.0,MutNovel,"I630S,1.000"
X-2182,UTY,7404.0,MutNovel,"S548A,0.400"
X-2182,UTY,7404.0,MutNovel,"Y285N,0.500"
X-2182,UTY,7404.0,MutNovel,"S283A,0.500"
X-2182,UTY,7404.0,MutNovel,"A276S,0.400"
X-2182,UTY,7404.0,MutNovel,"L274M,0.400"
X-2182,UVRAG,7405.0,MutNovel,"L670M,0.588"
X-2182,UVSSA,,MutNovel,"K315T,0.444"
X-2182,UXS1,80146.0,MutNovel,"K81R,0.455"
X-2182,VAV2,7410.0,MutNovel,"D84N,0.778"
X-2182,VAV3,10451.0,MutNovel,"K735T,0.424"
X-2182,VCAN,1462.0,MutNovel,"S2864Y,1.000"
X-2182,VCPIP1,80124.0,MutNovel,"M932V,0.667"
X-2182,VIL1,7429.0,MutNovel,"R198Q,0.699"
X-2182,VOPP1,81552.0,MutKnownFunctional,"G31*,0.475"
X-2182,VOPP1,81552.0,MutKnownFunctional,"EG30E*,0.475"
X-2182,VPRBP,9730.0,MutNovel,"S96N,0.500"
X-2182,VPS13A,23230.0,MutKnownFunctional,"E2875*,0.294"
X-2182,VPS13C,54832.0,MutNovel,"I3136L,0.750"
X-2182,VPS13D,55187.0,MutNovel,"T2929A,0.571"
X-2182,VPS13D,55187.0,MutNovel,"N3591H,0.500"
X-2182,VPS35,55737.0,MutNovel,"E545D,0.300"
X-2182,VPS36,51028.0,MutNovel,"S137F,0.706"
X-2182,VPS8,23355.0,MutNovel,"K724T,0.727"
X-2182,VRK2,7444.0,MutNovel,"D435Y,0.423"
X-2182,VRK2,7444.0,MutNovel,"R491C,0.525"
X-2182,WAPAL,23063.0,MutNovel,"N529H,0.400"
X-2182,WASF1,8936.0,MutNovel,"F157L,0.800"
X-2182,WASF1,8936.0,MutNovel,"S91Y,0.600"
X-2182,WASF2,10163.0,MutNovel,"S256Y,0.510"
X-2182,WASL,8976.0,MutNovel,"K195N,0.500"
X-2182,WDFY2,115825.0,MutNovel,"L97V,0.429"
X-2182,WDHD1,11169.0,MutNovel,"N755T,0.667"
X-2182,WDHD1,11169.0,MutKnownFunctional,"R648*,0.417"
X-2182,WDR11,55717.0,MutNovel,"R471C,0.643"
X-2182,WDR25,79446.0,MutNovel,"R331Q,0.488"
X-2182,WDR26,80232.0,MutNovel,"R510W,0.613"
X-2182,WDR3,10885.0,MutNovel,"Q535H,0.333"
X-2182,WDR44,54521.0,MutNovel,"E263K,0.500"
X-2182,WDR45L,56270.0,MutNovel,"V308I,0.568"
X-2182,WDR52,55779.0,MutNovel,"R1819M,1.000"
X-2182,WDR61,80349.0,MutNovel,"I7F,0.205"
X-2182,WDR66,144406.0,MutNovel,"D913N,0.385"
X-2182,WDR70,55100.0,MutNovel,"N315H,0.931"
X-2182,WDR70,55100.0,MutNovel,"A508T,0.900"
X-2182,WDR75,84128.0,MutNovel,"L710R,0.473"
X-2182,WDR76,79968.0,MutNovel,"K97N,0.438"
X-2182,WDR89,112840.0,MutNovel,"E354D,0.333"
X-2182,WDR90,197335.0,MutNovel,"A170T,0.333"
X-2182,WDSUB1,151525.0,MutNovel,"D187N,1.000"
X-2182,WDTC1,23038.0,MutNovel,"E290G,0.406"
X-2182,WHSC2,7469.0,MutNovel,"S539F,0.250"
X-2182,WHSC2,7469.0,MutNovel,"D106N,0.286"
X-2182,WRAP53,55135.0,MutNovel,"S438F,0.529"
X-2182,WRN,7486.0,MutNovel,"K1420T,0.531"
X-2182,WTIP,126374.0,MutNovel,"G403D,0.692"
X-2182,WWC1,23286.0,MutNovel,"Q692H,0.467"
X-2182,WWP1,11059.0,MutNovel,"R418Q,0.333"
X-2182,XKR8,55113.0,MutNovel,"A285P,0.455"
X-2182,XPO1,7514.0,MutNovel,"N767D,0.467"
X-2182,XPO5,57510.0,MutNovel,"R835I,0.500"
X-2182,XPOT,11260.0,MutNovel,"Y952C,0.570"
X-2182,XRCC2,7516.0,MutNovel,"L227I,0.833"
X-2182,XRCC4,7518.0,MutNovel,"K102N,0.818"
X-2182,XRCC5,7520.0,MutNovel,"R141Q,0.446"
X-2182,XRCC5,7520.0,MutNovel,"D299Y,0.491"
X-2182,XRCC5,7520.0,MutNovel,"E621K,0.246"
X-2182,XRN2,22803.0,MutNovel,"R424K,0.458"
X-2182,YARS2,51067.0,MutNovel,"W14R,0.375"
X-2182,YES1,7525.0,MutNovel,"R389I,0.556"
X-2182,YME1L1,10730.0,MutNovel,"L376I,1.000"
X-2182,YRDC,79693.0,MutNovel,"S204Y,0.505"
X-2182,YTHDC2,64848.0,MutNovel,"S575Y,1.000"
X-2182,YTHDF2,51441.0,MutNovel,"W491L,0.231"
X-2182,YWHAB,7529.0,MutNovel,"R43I,0.624"
X-2182,YWHAE,7531.0,MutNovel,"K29Q,0.392"
X-2182,YWHAG,7532.0,MutNovel,"R172Q,0.400"
X-2182,YY1AP1,55249.0,MutKnownFunctional,"R660*,0.575"
X-2182,ZAK,51776.0,MutNovel,"K45N,0.600"
X-2182,ZBED4,9889.0,MutNovel,"R503Q,0.300"
X-2182,ZBED5,58486.0,MutNovel,"R437Q,0.571"
X-2182,ZBED5,58486.0,MutNovel,"I414F,0.302"
X-2182,ZBTB1,22890.0,MutNovel,"T687A,0.549"
X-2182,ZBTB11,27107.0,MutNovel,"D596Y,1.000"
X-2182,ZBTB41,360023.0,MutNovel,"Y69H,1.000"
X-2182,ZBTB44,29068.0,MutNovel,"S161Y,0.273"
X-2182,ZC3H18,124245.0,MutNovel,"D80Y,0.214"
X-2182,ZC3H18,124245.0,MutNovel,"P518H,0.647"
X-2182,ZC3H3,23144.0,MutNovel,"R505Q,0.618"
X-2182,ZCCHC10,54819.0,MutNovel,"K39Q,0.357"
X-2182,ZCCHC7,84186.0,MutNovel,"R263C,0.471"
X-2182,ZDHHC14,79683.0,MutNovel,"N298K,0.385"
X-2182,ZFAND1,79752.0,MutNovel,"F20C,0.476"
X-2182,ZFAND3,60685.0,MutNovel,"D195N,0.246"
X-2182,ZFP1,162239.0,MutNovel,"D84N,0.667"
X-2182,ZFP62,643836.0,MutNovel,"R832M,0.643"
X-2182,ZFR,51663.0,MutNovel,"R402C,0.391"
X-2182,ZFX,7543.0,MutNovel,"R558C,1.000"
X-2182,ZFY,7544.0,MutNovel,"I649L,1.000"
X-2182,ZFY,7544.0,MutKnownFunctional,"E672*,0.625"
X-2182,ZFYVE19,84936.0,MutNovel,"I214V,0.226"
X-2182,ZFYVE9,9372.0,MutNovel,"E2D,0.667"
X-2182,ZG16,653808.0,MutNovel,"K107T,0.225"
X-2182,ZHX1,11244.0,MutNovel,"E634D,0.429"
X-2182,ZHX1,11244.0,MutKnownFunctional,"R5*,0.333"
X-2182,ZMYM2,7750.0,MutNovel,"K853N,0.225"
X-2182,ZMYM6,9204.0,MutNovel,"L1030I,0.467"
X-2182,ZNF100,163227.0,MutNovel,"K318T,0.667"
X-2182,ZNF101,94039.0,MutKnownFunctional,"E272*,0.630"
X-2182,ZNF101,94039.0,MutNovel,"R302I,0.450"
X-2182,ZNF101,94039.0,MutNovel,"R354Q,0.455"
X-2182,ZNF121,7675.0,MutNovel,"R276I,1.000"
X-2182,ZNF124,7678.0,MutNovel,"R244C,0.429"
X-2182,ZNF124,7678.0,MutKnownFunctional,"S74*,0.500"
X-2182,ZNF131,7690.0,MutKnownFunctional,"E101*,0.400"
X-2182,ZNF14,7561.0,MutNovel,"S377Y,0.500"
X-2182,ZNF14,7561.0,MutNovel,"R355I,0.500"
X-2182,ZNF14,7561.0,MutNovel,"C256G,0.333"
X-2182,ZNF148,7707.0,MutNovel,"R269C,0.750"
X-2182,ZNF155,7711.0,MutNovel,"R535H,0.667"
X-2182,ZNF160,90338.0,MutNovel,"R521C,0.600"
X-2182,ZNF165,7718.0,MutNovel,"R392Q,0.429"
X-2182,ZNF17,7565.0,MutNovel,"R580I,0.333"
X-2182,ZNF18,7566.0,MutNovel,"R456I,0.474"
X-2182,ZNF180,7733.0,MutNovel,"R597I,0.429"
X-2182,ZNF180,7733.0,MutKnownFunctional,"E518*,0.632"
X-2182,ZNF181,339318.0,MutNovel,"V32A,0.833"
X-2182,ZNF181,339318.0,MutNovel,"R481I,0.500"
X-2182,ZNF184,7738.0,MutNovel,"R606I,0.600"
X-2182,ZNF184,7738.0,MutNovel,"R298I,0.667"
X-2182,ZNF195,7748.0,MutNovel,"R430I,0.529"
X-2182,ZNF202,7753.0,MutNovel,"R529I,0.500"
X-2182,ZNF211,10520.0,MutNovel,"R334I,0.500"
X-2182,ZNF211,10520.0,MutNovel,"V455A,0.538"
X-2182,ZNF211,10520.0,MutKnownFunctional,"E627*,0.615"
X-2182,ZNF217,7764.0,MutNovel,"K121N,0.667"
X-2182,ZNF219,51222.0,MutNovel,"QPP233P,0.375"
X-2182,ZNF22,7570.0,MutNovel,"R131I,0.412"
X-2182,ZNF222,7673.0,MutNovel,"E238D,0.667"
X-2182,ZNF224,7767.0,MutNovel,"R664C,0.593"
X-2182,ZNF23,7571.0,MutNovel,"E209D,0.800"
X-2182,ZNF232,7775.0,MutNovel,"E360K,0.541"
X-2182,ZNF24,7572.0,MutNovel,"R271I,0.476"
X-2182,ZNF24,7572.0,MutNovel,"R243I,0.300"
X-2182,ZNF253,56242.0,MutNovel,"E365D,0.429"
X-2182,ZNF253,56242.0,MutNovel,"K483N,0.818"
X-2182,ZNF256,10172.0,MutNovel,"E45D,1.000"
X-2182,ZNF263,10127.0,MutNovel,"R538I,0.594"
X-2182,ZNF266,10781.0,MutNovel,"R344Q,0.273"
X-2182,ZNF267,10308.0,MutKnownFunctional,"E12*,0.269"
X-2182,ZNF267,10308.0,MutNovel,"K132N,0.750"
X-2182,ZNF267,10308.0,MutNovel,"E319D,0.500"
X-2182,ZNF280D,54816.0,MutNovel,"D971Y,0.400"
X-2182,ZNF283,284349.0,MutNovel,"R619I,0.889"
X-2182,ZNF292,23036.0,MutNovel,"D2711Y,0.333"
X-2182,ZNF296,162979.0,MutNovel,"F395L,0.650"
X-2182,ZNF302,55900.0,MutNovel,"K148T,0.462"
X-2182,ZNF318,24149.0,MutNovel,"S2189Y,0.214"
X-2182,ZNF329,79673.0,MutNovel,"R528Q,0.417"
X-2182,ZNF337,26152.0,MutNovel,"R498W,0.389"
X-2182,ZNF33A,7581.0,MutNovel,"S678A,1.000"
X-2182,ZNF33B,7582.0,MutKnownFunctional,"E662*,0.462"
X-2182,ZNF33B,7582.0,MutNovel,"R657I,0.211"
X-2182,ZNF33B,7582.0,MutNovel,"K364Q,0.500"
X-2182,ZNF33B,7582.0,MutNovel,"E326D,0.667"
X-2182,ZNF33B,7582.0,MutNovel,"R254I,0.231"
X-2182,ZNF34,80778.0,MutNovel,"R355I,0.333"
X-2182,ZNF354A,6940.0,MutNovel,"R514I,0.394"
X-2182,ZNF358,140467.0,MutNovel,"D505N,0.497"
X-2182,ZNF362,149076.0,MutNovel,"R416Q,0.500"
X-2182,ZNF383,163087.0,MutNovel,"R382C,0.526"
X-2182,ZNF383,163087.0,MutNovel,"R442I,0.750"
X-2182,ZNF407,55628.0,MutNovel,"G1580E,0.500"
X-2182,ZNF41,7592.0,MutNovel,"K744N,1.000"
X-2182,ZNF41,7592.0,MutNovel,"K726N,1.000"
X-2182,ZNF41,7592.0,MutNovel,"R487I,1.000"
X-2182,ZNF41,7592.0,MutNovel,"R431I,1.000"
X-2182,ZNF416,55659.0,MutNovel,"E383A,0.455"
X-2182,ZNF419,79744.0,MutNovel,"L499I,0.769"
X-2182,ZNF439,90594.0,MutNovel,"K159T,1.000"
X-2182,ZNF44,51710.0,MutNovel,"R458I,0.211"
X-2182,ZNF44,51710.0,MutNovel,"R349I,0.417"
X-2182,ZNF44,51710.0,MutNovel,"W256C,0.300"
X-2182,ZNF440,126070.0,MutNovel,"R248I,0.625"
X-2182,ZNF443,10224.0,MutNovel,"R580I,0.250"
X-2182,ZNF443,10224.0,MutNovel,"S295Y,0.667"
X-2182,ZNF461,92283.0,MutNovel,"L30S,0.600"
X-2182,ZNF470,388566.0,MutNovel,"R585I,1.000"
X-2182,ZNF473,25888.0,MutNovel,"R501H,0.286"
X-2182,ZNF513,130557.0,MutNovel,"D87G,0.500"
X-2182,ZNF516,9658.0,MutNovel,"E620K,0.500"
X-2182,ZNF555,148254.0,MutKnownFunctional,"R384*,0.625"
X-2182,ZNF555,148254.0,MutKnownFunctional,"R412*,0.833"
X-2182,ZNF561,93134.0,MutNovel,"E282G,0.545"
X-2182,ZNF564,163050.0,MutNovel,"R497I,0.500"
X-2182,ZNF567,163081.0,MutNovel,"K346N,1.000"
X-2182,ZNF583,147949.0,MutKnownFunctional,"E300*,0.625"
X-2182,ZNF583,147949.0,MutNovel,"R344I,0.545"
X-2182,ZNF583,147949.0,MutNovel,"R378I,1.000"
X-2182,ZNF583,147949.0,MutNovel,"R512K,0.400"
X-2182,ZNF583,147949.0,MutNovel,"R518I,0.400"
X-2182,ZNF583,147949.0,MutNovel,"R540I,0.706"
X-2182,ZNF592,9640.0,MutNovel,"D8Y,0.778"
X-2182,ZNF592,9640.0,MutNovel,"A1127V,0.476"
X-2182,ZNF595,152687.0,MutNovel,"L377V,0.727"
X-2182,ZNF595,152687.0,MutNovel,"I610M,0.273"
X-2182,ZNF596,169270.0,MutNovel,"N207K,0.333"
X-2182,ZNF596,169270.0,MutNovel,"F487L,0.636"
X-2182,ZNF598,90850.0,MutNovel,"T834A,0.448"
X-2182,ZNF600,162966.0,MutNovel,"R658I,0.321"
X-2182,ZNF600,162966.0,MutNovel,"E299D,0.333"
X-2182,ZNF611,81856.0,MutNovel,"E4V,0.667"
X-2182,ZNF613,79898.0,MutNovel,"R476I,0.571"
X-2182,ZNF616,90317.0,MutNovel,"R709I,0.500"
X-2182,ZNF623,9831.0,MutNovel,"L413I,0.300"
X-2182,ZNF628,89887.0,MutNovel,"A1052T,0.562"
X-2182,ZNF644,84146.0,MutKnownFunctional,"E150*,1.000"
X-2182,ZNF644,84146.0,MutNovel,"D61Y,1.000"
X-2182,ZNF646,9726.0,MutNovel,"E1350D,0.667"
X-2182,ZNF673,55634.0,MutKnownFunctional,"E122*,1.000"
X-2182,ZNF675,171392.0,MutNovel,"R500I,0.750"
X-2182,ZNF680,340252.0,MutNovel,"E494K,0.500"
X-2182,ZNF680,340252.0,MutNovel,"R426I,0.300"
X-2182,ZNF7,7553.0,MutNovel,"R326K,0.628"
X-2182,ZNF7,7553.0,MutNovel,"R461I,0.648"
X-2182,ZNF700,90592.0,MutNovel,"R580Q,0.389"
X-2182,ZNF709,163051.0,MutNovel,"E421K,0.750"
X-2182,ZNF709,163051.0,MutKnownFunctional,"E159*,1.000"
X-2182,ZNF711,7552.0,MutNovel,"S298Y,1.000"
X-2182,ZNF726,730087.0,MutKnownFunctional,"R67*,1.000"
X-2182,ZNF747,65988.0,MutNovel,"P147S,0.385"
X-2182,ZNF76,7629.0,MutNovel,"G168D,0.538"
X-2182,ZNF766,90321.0,MutNovel,"R459I,0.724"
X-2182,ZNF770,54989.0,MutNovel,"K396T,0.667"
X-2182,ZNF789,285989.0,MutNovel,"Q370K,0.477"
X-2182,ZNF792,126375.0,MutKnownFunctional,"E279*,0.500"
X-2182,ZNF799,90576.0,MutNovel,"R552I,0.500"
X-2182,ZNF799,90576.0,MutNovel,"K413N,0.500"
X-2182,ZNF808,388558.0,MutKnownFunctional,"E823*,1.000"
X-2182,ZNF813,126017.0,MutKnownFunctional,"E16*,1.000"
X-2182,ZNF814,730051.0,MutNovel,"R764Q,0.529"
X-2182,ZNF814,730051.0,MutNovel,"R708I,0.538"
X-2182,ZNF816-ZNF321P,100529240.0,MutNovel,"R195I,0.269"
X-2182,ZNF821,55565.0,MutNovel,"R308H,0.615"
X-2182,ZNF827,152485.0,MutNovel,"R236Q,0.667"
X-2182,ZNF830,91603.0,MutNovel,"P221H,0.481"
X-2182,ZNF845,91664.0,MutNovel,"K804T,1.000"
X-2182,ZNF845,91664.0,MutNovel,"H965N,0.375"
X-2182,ZNF878,729747.0,MutNovel,"R415Q,0.500"
X-2182,ZNF888,,MutNovel,"Q450H,0.375"
X-2182,ZRANB2,9406.0,MutNovel,"R298H,0.317"
X-2182,ZRANB2,9406.0,MutNovel,"K286N,0.224"
X-2182,ZRSR2,8233.0,MutNovel,"D39Y,0.667"
X-2182,ZWILCH,55055.0,MutNovel,"K24N,0.545"
X-2182,ZZEF1,23140.0,MutNovel,"F2467L,0.261"
X-2182,ZZZ3,26009.0,MutNovel,"E780K,0.450"
X-2239,ABCA2,20.0,MutNovel,"V1733I,0.761"
X-2239,ABLIM1,3983.0,MutNovel,"S706P,0.714"
X-2239,ACO2,50.0,MutNovel,"A621T,0.442"
X-2239,ACVR2A,92.0,MutKnownFunctional,"-435,0.737"
X-2239,ADAM3A,1587.0,Del0.8,0.32
X-2239,ADC,113451.0,MutNovel,"L175P,0.556"
X-2239,ADCK1,57143.0,MutNovel,"R259W,0.571"
X-2239,AFF1,4299.0,MutNovel,"Q462H,0.333"
X-2239,AFTPH,54812.0,MutNovel,"E576D,0.480"
X-2239,AGRN,375790.0,MutNovel,"LK731L,0.467"
X-2239,AGRN,375790.0,MutKnownFunctional,"SR1022S*,0.500"
X-2239,AHCYL1,10768.0,MutNovel,"D306Y,0.441"
X-2239,AHNAK,79026.0,MutNovel,"G5818R,0.525"
X-2239,AKAP11,11215.0,MutNovel,"K1578T,0.474"
X-2239,AKAP8L,26993.0,MutNovel,"E556-,0.396"
X-2239,AKNA,80709.0,MutNovel,"G1203R,0.319"
X-2239,ALDH4A1,8659.0,MutNovel,"L129M,0.359"
X-2239,AMDHD2,51005.0,MutNovel,"P41S,0.500"
X-2239,AMFR,267.0,MutNovel,"A606T,0.580"
X-2239,AMFR,267.0,MutNovel,"S291R,0.428"
X-2239,AMH,268.0,MutNovel,"T356A,0.435"
X-2239,ANKRD28,23243.0,MutNovel,"T871A,0.409"
X-2239,ANKS1A,23294.0,MutNovel,"T1026A,0.400"
X-2239,ANKS6,203286.0,MutNovel,"A803V,0.264"
X-2239,ANO1,55107.0,MutNovel,"E132K,0.500"
X-2239,AP1B1,162.0,MutNovel,"R740H,0.586"
X-2239,AP2A1,160.0,MutNovel,"M201T,0.482"
X-2239,AP2A2,161.0,MutKnownFunctional,"-55,0.312"
X-2239,AP3B1,8546.0,MutNovel,"KK803K,0.400"
X-2239,APC2,10297.0,MutNovel,"A531V,0.385"
X-2239,APOL4,80832.0,MutNovel,"P282S,0.348"
X-2239,ARAF,369.0,MutKnownFunctional,"-6,0.833"
X-2239,ARAP1,116985.0,MutNovel,"V487M,0.534"
X-2239,ARF6,382.0,MutNovel,"K55E,0.562"
X-2239,ARFGAP2,84364.0,MutNovel,"G130V,0.521"
X-2239,ARFGEF1,10565.0,MutNovel,"A1497V,0.304"
X-2239,ARHGAP10,79658.0,MutNovel,"H260R,0.600"
X-2239,ARHGAP17,55114.0,MutKnownFunctional,"-814,0.355"
X-2239,ARHGAP21,57584.0,MutKnownFunctional,"E1678*,1.000"
X-2239,ARHGAP4,393.0,MutNovel,"R73C,1.000"
X-2239,ARHGEF10L,55160.0,MutNovel,"G1105D,0.441"
X-2239,ARID1A,8289.0,MutKnownFunctional,"-1848,0.506"
X-2239,ARRDC4,91947.0,MutNovel,"N268D,0.673"
X-2239,ARVCF,421.0,MutNovel,"V779L,0.677"
X-2239,ARVCF,421.0,MutNovel,"V776M,0.724"
X-2239,ARVCF,421.0,MutNovel,"G430D,0.478"
X-2239,ARVCF,421.0,MutKnownFunctional,"-154,0.455"
X-2239,ARVCF,421.0,MutNovel,"A81T,0.857"
X-2239,ASCC2,84164.0,MutKnownFunctional,"-106,0.395"
X-2239,ASCC3,10973.0,MutNovel,"R1689C,0.357"
X-2239,ASTE1,28990.0,MutKnownFunctional,"-632,0.312"
X-2239,ASXL2,55252.0,MutNovel,"G1132S,0.667"
X-2239,ATHL1,80162.0,MutNovel,"V647I,0.648"
X-2239,ATM,472.0,MutNovel,"I2948V,1.000"
X-2239,ATP2C1,27032.0,MutNovel,"R550H,0.576"
X-2239,AUTS2,26053.0,MutNovel,"S1125SH,0.417"
X-2239,AZGP1,563.0,MutNovel,"R177W,0.562"
X-2239,B4GALNT3,283358.0,MutNovel,"R169H,0.333"
X-2239,B4GALT2,8704.0,MutNovel,"A231V,0.436"
X-2239,BAHD1,22893.0,MutNovel,"R219Q,0.429"
X-2239,BAI2,576.0,MutNovel,"D475N,0.600"
X-2239,BAIAP2,10458.0,MutNovel,"A474T,0.429"
X-2239,BAZ1A,11177.0,MutNovel,"M614T,0.533"
X-2239,BAZ1A,11177.0,MutNovel,"T548A,0.533"
X-2239,BCKDHA,593.0,MutNovel,"A246T,0.579"
X-2239,BCKDK,10295.0,MutNovel,"R44Q,0.394"
X-2239,BCL3,602.0,MutNovel,"A349T,0.608"
X-2239,BCOR,54880.0,MutNovel,"R566C,1.000"
X-2239,BICD2,23299.0,MutNovel,"A740T,0.625"
X-2239,BOD1L1,,MutNovel,"R1750Q,0.833"
X-2239,BOP1,23246.0,MutNovel,"E76K,0.449"
X-2239,BPTF,2186.0,MutKnownFunctional,"-2590,0.350"
X-2239,BRD1,23774.0,MutNovel,"E206K,0.511"
X-2239,BRK1,55845.0,MutNovel,"E23D,0.478"
X-2239,BSCL2,26580.0,MutKnownFunctional,"-325,0.327"
X-2239,C12orf66,144577.0,MutNovel,"E100K,0.889"
X-2239,C15orf39,56905.0,MutNovel,"T796M,0.529"
X-2239,C17orf28,283987.0,MutKnownFunctional,"-773,0.266"
X-2239,C17orf28,283987.0,MutNovel,"G126W,0.560"
X-2239,C19orf57,79173.0,MutNovel,"H515N,0.643"
X-2239,C1orf172,126695.0,MutKnownFunctional,"R237*,0.209"
X-2239,C1orf86,199990.0,MutNovel,"Y171H,0.556"
X-2239,C2CD3,26005.0,MutNovel,"R1927M,0.565"
X-2239,C2orf55,343990.0,MutNovel,"R582Q,0.600"
X-2239,C4orf21,55345.0,MutNovel,"C1828R,0.500"
X-2239,C6orf132,647024.0,MutNovel,"P227S,0.500"
X-2239,C9orf152,401546.0,MutKnownFunctional,"-39,0.707"
X-2239,CALCOCO1,57658.0,MutNovel,"G638D,0.675"
X-2239,CAMK2D,817.0,MutNovel,"W238R,0.480"
X-2239,CAMKK2,10645.0,MutNovel,"K538-,0.333"
X-2239,CANT1,124583.0,MutNovel,"A84T,0.486"
X-2239,CAPRIN2,65981.0,MutKnownFunctional,"R997*,0.333"
X-2239,CARD10,29775.0,MutNovel,"R861L,0.524"
X-2239,CBX7,23492.0,MutNovel,"P138T,1.000"
X-2239,CCAR1,55749.0,MutNovel,"D871G,0.250"
X-2239,CCDC104,112942.0,MutNovel,"P188L,0.547"
X-2239,CCDC117,150275.0,MutNovel,"E77D,0.286"
X-2239,CCDC6,8030.0,MutNovel,"H402L,0.545"
X-2239,CCDC6,8030.0,MutNovel,"R216H,0.562"
X-2239,CCDC64,92558.0,MutNovel,"R376H,0.250"
X-2239,CCDC64B,146439.0,MutKnownFunctional,"-17,0.531"
X-2239,CCDC88C,440193.0,MutNovel,"M1216V,0.765"
X-2239,CCNI,10983.0,MutNovel,"A305V,0.480"
X-2239,CCNL2,81669.0,MutNovel,"G342D,0.492"
X-2239,CCNT1,904.0,MutNovel,"R350Q,0.692"
X-2239,CCRL2,9034.0,MutNovel,"R330H,0.442"
X-2239,CD2BP2,10421.0,MutKnownFunctional,"Q305*,0.493"
X-2239,CD46,4179.0,MutNovel,"M24V,0.446"
X-2239,CDADC1,81602.0,MutNovel,"E63D,0.286"
X-2239,CDC23,8697.0,MutNovel,"V450L,0.439"
X-2239,CDC25B,994.0,MutKnownFunctional,"R504*,0.212"
X-2239,CDCA3,83461.0,MutKnownFunctional,"-102,0.244"
X-2239,CDHR2,54825.0,MutNovel,"G399D,0.566"
X-2239,CDK2AP2,10263.0,MutKnownFunctional,"-115,0.589"
X-2239,CDK5R1,8851.0,MutNovel,"T15M,1.000"
X-2239,CDT1,81620.0,MutNovel,"S246Y,0.513"
X-2239,CEP44,80817.0,MutNovel,"L13I,1.000"
X-2239,CES3,23491.0,MutNovel,"R207H,1.000"
X-2239,CHKA,1119.0,MutNovel,"Q324H,0.444"
X-2239,CHST7,56548.0,MutNovel,"A282V,1.000"
X-2239,CKAP2,26586.0,MutKnownFunctional,"-604,0.656"
X-2239,CLASP2,23122.0,MutNovel,"L1491P,0.472"
X-2239,CLDN15,24146.0,MutNovel,"G73V,0.475"
X-2239,CLDN23,137075.0,MutNovel,"R237H,0.800"
X-2239,CLK3,1198.0,MutNovel,"R156C,0.514"
X-2239,COBL,23242.0,MutKnownFunctional,"Q48*,0.565"
X-2239,COL5A3,50509.0,MutNovel,"T1662A,1.000"
X-2239,COL7A1,1294.0,MutNovel,"P2649S,0.567"
X-2239,COMMD5,28991.0,MutNovel,"R158W,0.595"
X-2239,COPB1,1315.0,MutNovel,"L500I,0.475"
X-2239,COQ4,51117.0,MutNovel,"I196V,0.707"
X-2239,CPOX,1371.0,MutNovel,"A168T,0.407"
X-2239,CPSF4,10898.0,MutKnownFunctional,"-179,0.265"
X-2239,CRAT,1384.0,MutNovel,"G319S,0.469"
X-2239,CSE1L,1434.0,MutNovel,"T562S,0.286"
X-2239,CTDP1,9150.0,MutNovel,"A909T,0.468"
X-2239,CTSK,1513.0,MutNovel,"K290E,0.571"
X-2239,CTU1,90353.0,MutNovel,"R160C,0.533"
X-2239,CTU1,90353.0,MutNovel,"E119K,0.467"
X-2239,CUL2,8453.0,MutNovel,"V395I,0.559"
X-2239,CYB5R1,51706.0,MutNovel,"A71T,0.439"
X-2239,CYFIP2,26999.0,MutNovel,"V5I,0.412"
X-2239,DAGLA,747.0,MutNovel,"P855S,0.571"
X-2239,DAPK1,1612.0,MutKnownFunctional,"-1272,0.636"
X-2239,DAZAP1,26528.0,MutNovel,"R407H,0.458"
X-2239,DCAF15,90379.0,MutNovel,"E405K,0.400"
X-2239,DDX11,1663.0,MutNovel,"A10V,0.323"
X-2239,DDX54,79039.0,MutKnownFunctional,"-811,0.254"
X-2239,DFNB31,25861.0,MutKnownFunctional,"-649,0.700"
X-2239,DHX16,8449.0,MutNovel,"A731T,1.000"
X-2239,DHX38,9785.0,MutNovel,"R420H,0.560"
X-2239,DIRC2,84925.0,MutNovel,"V41I,0.750"
X-2239,DLL1,28514.0,MutNovel,"R109H,0.385"
X-2239,DMPK,1760.0,MutKnownFunctional,"-63,0.467"
X-2239,DNAH6,1768.0,MutNovel,"R3153H,1.000"
X-2239,DNAJC8,22826.0,MutNovel,"P245L,0.454"
X-2239,DNM1,1759.0,MutNovel,"R465Q,0.433"
X-2239,DOK1,1796.0,MutNovel,"G479D,0.420"
X-2239,DPP9,91039.0,MutNovel,"V815M,0.444"
X-2239,DROSHA,29102.0,MutNovel,"P959H,0.518"
X-2239,DSCR3,10311.0,MutNovel,"Q70R,0.294"
X-2239,DUSP4,1846.0,MutNovel,"V128L,0.500"
X-2239,DUSP6,1848.0,MutKnownFunctional,"-267,0.296"
X-2239,DVL2,1856.0,MutNovel,"G526D,0.468"
X-2239,E2F2,1870.0,MutNovel,"R167W,0.556"
X-2239,ECHDC3,79746.0,MutNovel,"L269F,1.000"
X-2239,EEF2K,29904.0,MutNovel,"I39V,0.526"
X-2239,EEFSEC,60678.0,MutNovel,"G301R,0.438"
X-2239,EHBP1,23301.0,MutNovel,"A1092V,0.375"
X-2239,EHBP1L1,254102.0,MutNovel,"V90M,0.486"
X-2239,EHBP1L1,254102.0,MutNovel,"R260Q,0.560"
X-2239,EIF2AK3,9451.0,MutNovel,"S1061P,0.611"
X-2239,EIF3I,8668.0,MutNovel,"S299R,0.454"
X-2239,EIF4A2,1974.0,MutNovel,"V339A,0.487"
X-2239,ELMO1,9844.0,MutNovel,"V616M,1.000"
X-2239,ENDOG,2021.0,MutNovel,"R27E,0.387"
X-2239,EPB49,2039.0,MutNovel,"P360L,0.472"
X-2239,EPHA2,1969.0,MutKnownFunctional,"-460,0.429"
X-2239,EPN1,29924.0,MutKnownFunctional,"-540,0.325"
X-2239,EPN3,55040.0,MutNovel,"R7W,0.538"
X-2239,EPS8L2,64787.0,MutKnownFunctional,"-70,0.221"
X-2239,ERN1,2081.0,MutNovel,"V437M,1.000"
X-2239,ERP44,23071.0,MutNovel,"A71D,0.850"
X-2239,ESPL1,9700.0,MutNovel,"A840V,0.833"
X-2239,ETFDH,2110.0,MutNovel,"G234E,0.619"
X-2239,ETFDH,2110.0,MutNovel,"Q513H,0.612"
X-2239,FAM131A,131408.0,MutNovel,"S139G,0.700"
X-2239,FAM178A,55719.0,MutNovel,"P1160S,1.000"
X-2239,FAM185A,222234.0,MutNovel,"F385S,0.400"
X-2239,FAM208B,54906.0,MutNovel,"R869C,0.667"
X-2239,FAM43A,131583.0,MutNovel,"A183T,0.353"
X-2239,FAM73B,84895.0,MutNovel,"R357W,0.295"
X-2239,FAM83E,54854.0,MutKnownFunctional,"-476?,0.344"
X-2239,FAM83F,113828.0,MutNovel,"G85D,0.562"
X-2239,FARS2,10667.0,MutNovel,"R92M,0.593"
X-2239,FBXL19,54620.0,MutKnownFunctional,"-611,0.625"
X-2239,FBXL3,26224.0,MutKnownFunctional,"-295,0.500"
X-2239,FBXO32,114907.0,MutNovel,"N162S,0.667"
X-2239,FBXO34,55030.0,MutKnownFunctional,"-483?,0.364"
X-2239,FCGBP,8857.0,MutNovel,"V960A,0.274"
X-2239,FEM1B,10116.0,MutNovel,"A98T,0.375"
X-2239,FER,2241.0,MutNovel,"G757W,0.750"
X-2239,FER1L6,654463.0,MutKnownFunctional,"R1787*,0.476"
X-2239,FMNL1,752.0,MutNovel,"L1055F,0.667"
X-2239,FRMPD3,,MutNovel,"S1689I,1.000"
X-2239,FRYL,285527.0,MutNovel,"S1095R,1.000"
X-2239,FURIN,5045.0,MutNovel,"M509T,0.565"
X-2239,FUT10,84750.0,MutNovel,"S335T,0.500"
X-2239,FYCO1,79443.0,MutNovel,"R245W,0.429"
X-2239,G2E3,55632.0,MutNovel,"H657R,0.714"
X-2239,GALNT12,79695.0,MutNovel,"R137K,0.324"
X-2239,GALNT6,11226.0,MutNovel,"R246Q,0.381"
X-2239,GALNT8,26290.0,MutNovel,"V230A,0.414"
X-2239,GBA,2629.0,MutNovel,"G122W,0.481"
X-2239,GBF1,8729.0,MutNovel,"R141Q,0.333"
X-2239,GCLC,2729.0,MutNovel,"K412N,0.698"
X-2239,GGA3,23163.0,MutNovel,"N186S,0.500"
X-2239,GIGYF1,64599.0,MutKnownFunctional,"-111,0.375"
X-2239,GIGYF2,26058.0,MutNovel,"E874-,0.320"
X-2239,GIGYF2,26058.0,MutNovel,"PQ1231P,0.889"
X-2239,GIT1,28964.0,MutNovel,"R151C,0.596"
X-2239,GIT2,9815.0,MutNovel,"T344M,0.263"
X-2239,GLB1,2720.0,MutNovel,"L404S,0.478"
X-2239,GLB1L,79411.0,MutNovel,"I335V,1.000"
X-2239,GLMN,11146.0,MutNovel,"R436C,0.312"
X-2239,GOLGB1,2804.0,MutNovel,"A3213V,0.394"
X-2239,GOT2,2806.0,MutNovel,"M315V,0.493"
X-2239,GP2,2813.0,MutNovel,"E197K,0.546"
X-2239,GPA33,10223.0,MutNovel,"C261R,0.410"
X-2239,GPATCH4,54865.0,MutKnownFunctional,"R251*,0.203"
X-2239,GPR68,8111.0,MutNovel,"L200M,0.667"
X-2239,GPRIN2,9721.0,MutNovel,"-238MRE,0.545"
X-2239,GPS2,2874.0,MutKnownFunctional,"-290,0.336"
X-2239,GRB7,2886.0,MutNovel,"G405R,0.486"
X-2239,GRTP1,79774.0,MutNovel,"R74H,0.260"
X-2239,GSDMD,79792.0,MutNovel,"Y37D,0.464"
X-2239,GSTM4,2948.0,MutNovel,"W215C,0.500"
X-2239,GZF1,64412.0,MutNovel,"S13F,0.571"
X-2239,H2AFY,9555.0,MutNovel,"A51T,0.448"
X-2239,HABP4,22927.0,MutNovel,"G190A,0.583"
X-2239,HAPLN3,145864.0,MutNovel,"R251H,1.000"
X-2239,HARS2,23438.0,MutNovel,"V255A,0.571"
X-2239,HCG4B,80868.0,Del0.8,0.5
X-2239,HDAC1,3065.0,MutNovel,"G217D,0.500"
X-2239,HDAC1,3065.0,MutNovel,"E425-,0.491"
X-2239,HDGFRP2,84717.0,MutNovel,"A133T,0.651"
X-2239,HEATR7A,727957.0,MutNovel,"A1630V,1.000"
X-2239,HERC6,55008.0,MutNovel,"R680H,0.500"
X-2239,HIBADH,11112.0,MutNovel,"S18N,0.667"
X-2239,HIST1H2AK,8330.0,MutNovel,"R78H,1.000"
X-2239,HIST1H2BN,8341.0,MutNovel,"S92P,0.714"
X-2239,HIST2H2BE,8349.0,MutNovel,"T123A,0.353"
X-2239,HK1,3098.0,MutNovel,"T413M,0.471"
X-2239,HLA-DRB1,3123.0,MutNovel,"SP211RA,1.000"
X-2239,HNRNPA2B1,3181.0,MutNovel,"G343R,0.474"
X-2239,HNRNPK,3190.0,MutNovel,"R414C,0.326"
X-2239,HNRPDL,9987.0,MutNovel,"P13L,0.462"
X-2239,HOOK2,29911.0,MutNovel,"R77Q,0.511"
X-2239,HOXA3,3200.0,MutKnownFunctional,"-302,0.500"
X-2239,HOXA6,3203.0,MutNovel,"G155E,0.750"
X-2239,HSF2,3298.0,MutNovel,"E463Q,0.550"
X-2239,HSF2BP,11077.0,MutNovel,"E287G,1.000"
X-2239,HSPA14,51182.0,MutNovel,"A162V,0.345"
X-2239,HTT,3064.0,MutNovel,"D1158G,0.375"
X-2239,IARS2,55699.0,MutNovel,"Y774H,0.482"
X-2239,ICA1,3382.0,MutNovel,"V49A,0.500"
X-2239,ICAM3,3385.0,MutNovel,"E443D,0.517"
X-2239,IDH3B,3420.0,MutNovel,"TT368T,0.411"
X-2239,IFI27,3429.0,MutNovel,"V44M,0.214"
X-2239,IFIT2,3433.0,MutKnownFunctional,"R422*,0.333"
X-2239,IFT140,9742.0,MutNovel,"Q378R,0.591"
X-2239,IGF2R,3482.0,MutNovel,"R1356Q,0.333"
X-2239,IGF2R,3482.0,MutNovel,"R2446C,0.516"
X-2239,IMPAD1,54928.0,MutNovel,"G5D,0.273"
X-2239,INCENP,3619.0,MutNovel,"G210C,0.650"
X-2239,INO80E,283899.0,MutKnownFunctional,"-209,0.300"
X-2239,INTS4,92105.0,MutNovel,"R922H,0.424"
X-2239,INTS4,92105.0,MutNovel,"A38T,0.750"
X-2239,IPO4,79711.0,MutNovel,"S143N,0.417"
X-2239,IQGAP3,128239.0,MutNovel,"G941C,0.364"
X-2239,IRF3,3661.0,MutNovel,"G339R,0.463"
X-2239,ITGA6,3655.0,MutKnownFunctional,"-1076,0.302"
X-2239,JAK1,3716.0,MutNovel,"A449T,0.529"
X-2239,JUNB,3726.0,MutKnownFunctional,"-122,0.562"
X-2239,KAT2A,2648.0,MutNovel,"L479M,0.495"
X-2239,KAT2A,2648.0,MutNovel,"R86C,0.750"
X-2239,KAT6A,7994.0,MutNovel,"E1397K,0.455"
X-2239,KCNAB1,7881.0,MutNovel,"A359V,0.341"
X-2239,KCNC4,3749.0,MutNovel,"K485N,0.435"
X-2239,KDM3B,51780.0,MutNovel,"Y922H,0.320"
X-2239,KDM5C,8242.0,MutNovel,"H350N,1.000"
X-2239,KDM6B,23135.0,MutNovel,"A1041T,0.536"
X-2239,KDM6B,23135.0,MutNovel,"R1272H,0.463"
X-2239,KHDRBS1,10657.0,MutNovel,"V333M,0.483"
X-2239,KIAA0020,9933.0,MutNovel,"G572W,0.634"
X-2239,KIAA0146,23514.0,MutNovel,"S177R,0.667"
X-2239,KIAA0195,9772.0,MutNovel,"N588D,0.500"
X-2239,KIAA0913,23053.0,MutKnownFunctional,"-1685,0.389"
X-2239,KIAA1143,57456.0,MutKnownFunctional,"-118,0.533"
X-2239,KIAA1161,57462.0,MutNovel,"P701L,0.738"
X-2239,KIAA1217,56243.0,MutNovel,"L1301M,0.550"
X-2239,KIAA1731,85459.0,MutKnownFunctional,"-2598?,0.343"
X-2239,KIF2C,11004.0,MutNovel,"C473Y,0.462"
X-2239,KIFC3,3801.0,MutNovel,"R451H,0.619"
X-2239,KLHL17,339451.0,MutNovel,"A340G,0.500"
X-2239,KLHL36,79786.0,MutNovel,"M2T,0.500"
X-2239,KRT2,3849.0,MutNovel,"L459Q,1.000"
X-2239,KRT2,3849.0,MutNovel,"L456M,1.000"
X-2239,KRT2,3849.0,MutNovel,"E454Q,0.667"
X-2239,KRT78,196374.0,MutNovel,"N136I,1.000"
X-2239,L2HGDH,79944.0,MutNovel,"V54I,0.273"
X-2239,LENG1,79165.0,MutKnownFunctional,"-141,0.300"
X-2239,LGALS8,3964.0,MutNovel,"L183F,0.538"
X-2239,LIMK1,3984.0,MutNovel,"N215K,0.308"
X-2239,LIPT1,51601.0,MutKnownFunctional,"-121,0.667"
X-2239,LIPT1,51601.0,MutNovel,"T187I,0.417"
X-2239,LOC100652741,,MutNovel,"A311V,0.429"
X-2239,LOC100996261,,MutNovel,"D121V,1.000"
X-2239,LOC100996574,,MutNovel,"F61C,0.643"
X-2239,LOC731282,,MutNovel,"A238V,0.667"
X-2239,LOC81691,81691.0,MutNovel,"G694R,0.500"
X-2239,LRGUK,136332.0,MutNovel,"G692D,1.000"
X-2239,LRP10,26020.0,MutNovel,"R337H,0.506"
X-2239,LRRC1,55227.0,MutNovel,"D168Y,0.474"
X-2239,LRRC14,9684.0,MutNovel,"R198Q,0.688"
X-2239,LRRC23,10233.0,MutNovel,"E75D,0.450"
X-2239,LRRC41,10489.0,MutKnownFunctional,"-134,0.296"
X-2239,LRRC66,339977.0,MutNovel,"A728V,0.481"
X-2239,LRRC66,339977.0,MutNovel,"Q525H,0.682"
X-2239,LRRIQ4,344657.0,MutNovel,"T357S,1.000"
X-2239,LSR,51599.0,MutNovel,"G518GR,0.775"
X-2239,LTBP3,4054.0,MutNovel,"K717R,0.556"
X-2239,LUZP1,7798.0,MutKnownFunctional,"R647*,0.600"
X-2239,LYPLA1,10434.0,MutNovel,"A129V,0.444"
X-2239,LYPLA2,11313.0,MutNovel,"L118M,0.522"
X-2239,LZTR1,8216.0,MutNovel,"R275W,0.417"
X-2239,LZTR1,8216.0,MutNovel,"P536T,0.667"
X-2239,MACF1,23499.0,MutNovel,"R4594Q,0.400"
X-2239,MAP3K4,4216.0,MutNovel,"K1307N,0.538"
X-2239,MAZ,4150.0,MutKnownFunctional,"-22,0.328"
X-2239,MAZ,4150.0,MutKnownFunctional,"-479,0.286"
X-2239,MCEE,84693.0,MutKnownFunctional,"-140,0.396"
X-2239,MCM2,4171.0,MutNovel,"G699D,0.516"
X-2239,MCM3AP,8888.0,MutNovel,"D1539G,0.480"
X-2239,MCM3AP,8888.0,MutNovel,"G237E,0.667"
X-2239,ME3,10873.0,MutNovel,"G231S,0.357"
X-2239,MED13L,23389.0,MutNovel,"D1185Y,0.421"
X-2239,MED8,112950.0,MutKnownFunctional,"-295,0.298"
X-2239,MEF2A,4205.0,MutNovel,"L209S,0.636"
X-2239,MET,4233.0,MutNovel,"T660A,0.444"
X-2239,METTL9,51108.0,MutNovel,"S11R,0.667"
X-2239,METTL9,51108.0,MutKnownFunctional,"-242?,0.359"
X-2239,MICAL1,64780.0,MutKnownFunctional,"-870,0.350"
X-2239,MIDN,90007.0,MutNovel,"R426H,0.649"
X-2239,MKRN2,23609.0,MutNovel,"V73M,0.593"
X-2239,MLL5,55904.0,MutNovel,"P913H,0.333"
X-2239,MLLT1,4298.0,MutNovel,"-324P,0.304"
X-2239,MOCOS,55034.0,MutNovel,"R10W,0.600"
X-2239,MOCS2,4338.0,MutNovel,"A34V,0.414"
X-2239,MON1B,22879.0,MutKnownFunctional,"R266*,0.429"
X-2239,MPHOSPH8,54737.0,MutNovel,"R493M,0.268"
X-2239,MPRIP,23164.0,MutNovel,"TS178T,0.441"
X-2239,MPZL3,196264.0,MutNovel,"C52Y,0.500"
X-2239,MRPL24,79590.0,MutNovel,"M23L,0.575"
X-2239,MSX1,4487.0,MutNovel,"P100L,0.500"
X-2239,MTHFD1,4522.0,MutNovel,"Q42H,0.389"
X-2239,MTIF3,219402.0,MutKnownFunctional,"-186,0.392"
X-2239,MTMR11,10903.0,MutNovel,"R215M,0.542"
X-2239,MTR,4548.0,MutNovel,"P874L,0.500"
X-2239,MUC17,140453.0,MutNovel,"E940G,0.231"
X-2239,MUC20,200958.0,MutNovel,"A54T,0.429"
X-2239,MUC5B,727897.0,MutNovel,"PS4327P,0.398"
X-2239,MUC5B,727897.0,MutNovel,"C5681Y,0.516"
X-2239,MUS81,80198.0,MutNovel,"V482M,0.509"
X-2239,MVD,4597.0,MutNovel,"R216Q,0.566"
X-2239,MVP,9961.0,MutKnownFunctional,"-873,0.427"
X-2239,MXRA7,439921.0,MutNovel,"E36G,1.000"
X-2239,MYH2,4620.0,MutNovel,"V1796M,1.000"
X-2239,MYH9,4627.0,MutNovel,"K66N,0.497"
X-2239,MYL6B,140465.0,MutNovel,"L117P,0.340"
X-2239,MYO18A,399687.0,MutNovel,"R236W,0.438"
X-2239,MYO1A,4640.0,MutKnownFunctional,"-1033,0.524"
X-2239,MYO1A,4640.0,MutNovel,"R152C,0.370"
X-2239,NCKIPSD,51517.0,MutNovel,"G597V,0.480"
X-2239,NCL,4691.0,MutNovel,"G218R,0.420"
X-2239,NCLN,56926.0,MutNovel,"R413H,0.524"
X-2239,NDUFV3,4731.0,MutNovel,"T357A,0.528"
X-2239,NEK7,140609.0,MutNovel,"N90S,0.375"
X-2239,NEU4,129807.0,MutNovel,"P478H,0.588"
X-2239,NEURL,9148.0,MutKnownFunctional,"Q86*,0.274"
X-2239,NEURL,9148.0,MutNovel,"R333H,0.620"
X-2239,NFASC,23114.0,MutNovel,"R359L,1.000"
X-2239,NIPA2,81614.0,MutKnownFunctional,"-33,0.302"
X-2239,NIPBL,25836.0,MutNovel,"G225D,0.667"
X-2239,NNT,23530.0,MutNovel,"M831I,1.000"
X-2239,NOL8,55035.0,MutKnownFunctional,"R1122*,0.517"
X-2239,NOL8,55035.0,MutNovel,"P131S,0.231"
X-2239,NOLC1,9221.0,MutNovel,"E566D,0.488"
X-2239,NOTCH1,4851.0,MutNovel,"A1349T,0.800"
X-2239,NPC1L1,29881.0,MutNovel,"L797M,0.333"
X-2239,NUP133,55746.0,MutNovel,"T195A,0.515"
X-2239,NUP98,4928.0,MutNovel,"R1444K,0.320"
X-2239,OSBP2,23762.0,MutNovel,"D447N,0.667"
X-2239,P2RY2,5029.0,MutNovel,"D374G,0.812"
X-2239,PABPC1,26986.0,MutNovel,"R67C,0.492"
X-2239,PABPC1L,80336.0,MutNovel,"T147I,0.615"
X-2239,PABPC4,8761.0,MutNovel,"R67W,0.466"
X-2239,PACS2,23241.0,MutNovel,"A713T,0.388"
X-2239,PAPD7,11044.0,MutNovel,"A449V,0.622"
X-2239,PATL2,197135.0,MutNovel,"L517I,0.385"
X-2239,PATZ1,23598.0,MutNovel,"M237V,0.500"
X-2239,PAXIP1,22976.0,MutNovel,"V80I,0.750"
X-2239,PCCB,5096.0,MutNovel,"V107M,0.463"
X-2239,PCDHB9,56127.0,MutNovel,"A530V,1.000"
X-2239,PCED1A,,MutNovel,"R244W,0.507"
X-2239,PDCD2,5134.0,MutNovel,"L11M,0.524"
X-2239,PDZD7,79955.0,MutNovel,"T1021I,0.600"
X-2239,PELI2,57161.0,MutNovel,"T99A,0.750"
X-2239,PEPD,5184.0,MutNovel,"T137M,0.478"
X-2239,PFDN5,5204.0,MutNovel,"K47N,0.290"
X-2239,PGAP2,27315.0,MutNovel,"A281T,0.535"
X-2239,PI4KA,5297.0,MutNovel,"S1436N,0.359"
X-2239,PIAS3,10401.0,MutKnownFunctional,"-116,0.556"
X-2239,PIAS3,10401.0,MutNovel,"M326T,0.762"
X-2239,PIGM,93183.0,MutNovel,"T4A,0.727"
X-2239,PKD1,5310.0,MutNovel,"A194T,0.333"
X-2239,PKM,,MutNovel,"V570F,0.447"
X-2239,PLCB3,5331.0,MutNovel,"G753D,0.485"
X-2239,PLCL2,23228.0,MutNovel,"R840H,0.500"
X-2239,PLEKHA7,144100.0,MutNovel,"S485L,0.429"
X-2239,PLEKHH3,79990.0,MutNovel,"G438C,0.625"
X-2239,PLEKHN1,84069.0,MutNovel,"V297M,0.455"
X-2239,PLXNB1,5364.0,MutNovel,"V1939A,0.482"
X-2239,PLXNB2,23654.0,MutNovel,"G113D,0.368"
X-2239,PNPLA6,10908.0,MutNovel,"A533T,0.587"
X-2239,PNPLA6,10908.0,MutNovel,"R1147H,0.492"
X-2239,POLR2J3,548644.0,MutNovel,"P4S,0.214"
X-2239,POLR3E,55718.0,MutNovel,"A84T,0.517"
X-2239,POM121,9883.0,MutNovel,"R977Q,0.463"
X-2239,POP1,10940.0,MutKnownFunctional,"R611*,0.688"
X-2239,PPARA,5465.0,MutNovel,"R157Q,0.700"
X-2239,PPCS,79717.0,MutNovel,"P91H,0.458"
X-2239,PPID,5481.0,MutKnownFunctional,"-7,0.582"
X-2239,PPIG,9360.0,MutKnownFunctional,"-679,0.403"
X-2239,PPP1R26,9858.0,MutNovel,"P22S,0.308"
X-2239,PPP1R37,284352.0,MutNovel,"L105I,0.323"
X-2239,PPP2R5E,5529.0,MutNovel,"P296H,0.400"
X-2239,PRIC285,85441.0,MutNovel,"R1284W,0.278"
X-2239,PRICKLE4,29964.0,MutNovel,"P190L,0.429"
X-2239,PRMT2,3275.0,MutNovel,"A156T,0.529"
X-2239,PROSAPIP1,,MutNovel,"R667H,0.700"
X-2239,PRPF38B,55119.0,MutKnownFunctional,"-485,0.522"
X-2239,PRR12,57479.0,MutNovel,"R1785W,0.500"
X-2239,PRR12,57479.0,MutNovel,"E1831K,0.500"
X-2239,PRRC2B,84726.0,MutNovel,"R1079W,0.750"
X-2239,PRRC2B,84726.0,MutNovel,"C1184G,0.787"
X-2239,PSENEN,55851.0,MutNovel,"V32I,0.444"
X-2239,PSENEN,55851.0,MutNovel,"S51I,0.513"
X-2239,PSMB6,5694.0,MutNovel,"V233I,0.465"
X-2239,PSMB9,5698.0,MutNovel,"S151N,1.000"
X-2239,PTCH1,5727.0,MutNovel,"R783Q,0.400"
X-2239,PTPN21,11099.0,MutNovel,"R651W,0.500"
X-2239,PTPRK,5796.0,MutNovel,"D86N,0.562"
X-2239,PTPRR,5801.0,MutKnownFunctional,"Q636*,0.386"
X-2239,PWP2,5822.0,MutNovel,"A541V,0.370"
X-2239,PYROXD2,84795.0,MutNovel,"E34A,0.556"
X-2239,R3HCC1,203069.0,MutNovel,"L20P,0.450"
X-2239,RAB14,51552.0,MutNovel,"T157M,0.606"
X-2239,RAB3D,9545.0,MutNovel,"R143C,0.380"
X-2239,RAI1,10743.0,MutNovel,"V1830M,0.571"
X-2239,RANBP10,57610.0,MutNovel,"M470T,0.318"
X-2239,RANBP9,10048.0,MutKnownFunctional,"G420*,0.273"
X-2239,RBL2,5934.0,MutNovel,"Q193H,0.667"
X-2239,RBM12,10137.0,MutNovel,"G611R,0.630"
X-2239,RBM25,58517.0,MutNovel,"E404K,0.292"
X-2239,REST,5978.0,MutNovel,"A2T,0.500"
X-2239,RGMB,285704.0,MutNovel,"R380H,0.462"
X-2239,RIF1,55183.0,MutNovel,"I2284M,0.519"
X-2239,RIN3,79890.0,MutNovel,"A373T,0.500"
X-2239,RNF121,55298.0,MutNovel,"A113V,0.371"
X-2239,RNF123,63891.0,MutNovel,"R566H,0.455"
X-2239,RNF181,51255.0,MutKnownFunctional,"R20*,0.629"
X-2239,RNF213,57674.0,MutNovel,"A3732T,0.679"
X-2239,RNF213,57674.0,MutNovel,"K4086N,0.731"
X-2239,RNF213,57674.0,MutNovel,"Y4208C,0.621"
X-2239,RNF43,54894.0,MutKnownFunctional,"-659,0.333"
X-2239,RNF43,54894.0,MutNovel,"A169T,0.676"
X-2239,RNPEPL1,57140.0,MutNovel,"R622W,0.434"
X-2239,ROBO3,64221.0,MutNovel,"P1073H,0.826"
X-2239,RPL22,6146.0,MutKnownFunctional,"-15,0.284"
X-2239,RPS24,6229.0,MutNovel,"MR131NR,1.000"
X-2239,RRNAD1,51093.0,MutNovel,"P61L,0.567"
X-2239,RTN3,10313.0,MutKnownFunctional,"-1028,0.409"
X-2239,RTTN,25914.0,MutNovel,"A1254V,0.600"
X-2239,SAP25,100316904.0,MutNovel,"P127L,0.562"
X-2239,SCAP,22937.0,MutNovel,"E145-,0.397"
X-2239,SCARB1,949.0,MutNovel,"R484Q,0.675"
X-2239,SEC16A,9919.0,MutNovel,"G367R,0.350"
X-2239,SEC31B,25956.0,MutNovel,"P931S,0.417"
X-2239,SEL1L,6400.0,MutNovel,"M355I,0.250"
X-2239,SEMA6A,57556.0,MutNovel,"D1027G,0.582"
X-2239,SERGEF,26297.0,MutNovel,"S61P,0.455"
X-2239,SERINC2,347735.0,MutNovel,"-373Q,0.274"
X-2239,SETD2,29072.0,MutNovel,"R1850H,0.592"
X-2239,SHD,56961.0,MutNovel,"A290T,0.594"
X-2239,SIGLEC14,100049587.0,Del0.8,0.4
X-2239,SIPA1L2,57568.0,MutNovel,"L1668R,0.633"
X-2239,SIRT6,51548.0,MutNovel,"A228T,0.576"
X-2239,SLC11A2,4891.0,MutNovel,"V461A,0.655"
X-2239,SLC11A2,4891.0,MutNovel,"Q169R,0.367"
X-2239,SLC16A5,9121.0,MutNovel,"R160H,0.514"
X-2239,SLC1A4,6509.0,MutNovel,"A403T,0.529"
X-2239,SLC25A33,84275.0,MutNovel,"K244T,0.526"
X-2239,SLC27A4,10999.0,MutNovel,"R86H,0.686"
X-2239,SLC29A2,3177.0,MutNovel,"A188V,0.556"
X-2239,SLC34A3,142680.0,MutNovel,"S261N,1.000"
X-2239,SLC35F2,54733.0,MutNovel,"V291I,0.424"
X-2239,SLC38A2,54407.0,MutNovel,"S12F,0.536"
X-2239,SLX4,84464.0,MutNovel,"A1811T,0.667"
X-2239,SMAD4,4089.0,MutLikelyFunctional,"R361C,0.882"
X-2239,SMARCA2,6595.0,MutNovel,"A481T,0.452"
X-2239,SMARCA5,8467.0,MutNovel,"R753C,0.492"
X-2239,SMARCAL1,50485.0,MutNovel,"A43V,0.667"
X-2239,SMARCB1,6598.0,MutNovel,"S94L,0.461"
X-2239,SMEK1,55671.0,MutNovel,"K36N,0.588"
X-2239,SMIM1,,MutNovel,"R36H,1.000"
X-2239,SMOX,54498.0,MutNovel,"A78T,0.625"
X-2239,SNRNP40,9410.0,MutNovel,"Y194H,0.528"
X-2239,SNW1,22938.0,MutNovel,"A150T,0.488"
X-2239,SON,6651.0,MutNovel,"S683F,0.438"
X-2239,SOX13,9580.0,MutKnownFunctional,"-321,0.417"
X-2239,SOX9,6662.0,MutNovel,"H165R,0.512"
X-2239,SP2,6668.0,MutNovel,"S420I,0.483"
X-2239,SPHK2,56848.0,MutNovel,"R609H,0.391"
X-2239,SPIN1,10927.0,MutNovel,"V242I,0.818"
X-2239,SPIRE2,84501.0,MutNovel,"E280K,0.343"
X-2239,SQSTM1,8878.0,MutNovel,"S88P,0.477"
X-2239,SRCAP,10847.0,MutNovel,"D2661G,0.557"
X-2239,SRGAP1,57522.0,MutNovel,"Y396C,1.000"
X-2239,SRRM1,10250.0,MutNovel,"P374L,0.400"
X-2239,SRSF9,8683.0,MutNovel,"Y221H,0.349"
X-2239,SSX2IP,117178.0,MutNovel,"P515L,0.455"
X-2239,STAM,8027.0,MutNovel,"Q403R,0.583"
X-2239,STARD3,10948.0,MutNovel,"T270A,0.589"
X-2239,STXBP1,6812.0,MutNovel,"A430V,0.288"
X-2239,SUPT5H,6829.0,MutNovel,"Y226C,0.500"
X-2239,SYMPK,8189.0,MutNovel,"T864I,0.461"
X-2239,SYNE2,23224.0,MutKnownFunctional,"-6425,0.400"
X-2239,TAF1C,9013.0,MutNovel,"A524V,0.744"
X-2239,TAOK3,51347.0,MutNovel,"Q823R,0.311"
X-2239,TBC1D23,55773.0,MutKnownFunctional,"-647,0.290"
X-2239,TBC1D30,23329.0,MutNovel,"A403G,0.750"
X-2239,TBC1D9B,23061.0,MutNovel,"L871M,0.500"
X-2239,TBRG4,9238.0,MutNovel,"D255G,0.513"
X-2239,TCEA3,6920.0,MutNovel,"C212Y,0.478"
X-2239,TCEANC,170082.0,MutNovel,"P124H,1.000"
X-2239,TCF12,6938.0,MutNovel,"V681I,0.571"
X-2239,TDRD7,23424.0,MutNovel,"A651T,0.288"
X-2239,TENC1,23371.0,MutNovel,"S1287R,0.765"
X-2239,TEP1,7011.0,MutNovel,"G2168E,0.477"
X-2239,TFE3,7030.0,MutKnownFunctional,"-482?,0.792"
X-2239,TGFBR3,7049.0,MutNovel,"A26T,0.600"
X-2239,THBS1,7057.0,MutNovel,"N991D,0.467"
X-2239,THNSL1,79896.0,MutNovel,"D613N,0.455"
X-2239,TIPARP,25976.0,MutNovel,"D44V,0.667"
X-2239,TLE6,79816.0,MutNovel,"V539M,0.429"
X-2239,TMBIM1,64114.0,MutNovel,"P7L,0.574"
X-2239,TMEM150B,284417.0,MutNovel,"R155C,0.451"
X-2239,TMEM185B,79134.0,MutKnownFunctional,"-341,0.593"
X-2239,TMEM191B,728229.0,MutNovel,"R247C,0.500"
X-2239,TMEM198,130612.0,MutNovel,"R166C,1.000"
X-2239,TMEM2,23670.0,MutNovel,"E137D,0.476"
X-2239,TMEM238,388564.0,MutNovel,"G30V,0.620"
X-2239,TMEM51,55092.0,MutNovel,"H99Y,0.476"
X-2239,TMEM98,26022.0,MutNovel,"R33Q,0.498"
X-2239,TNIK,23043.0,MutNovel,"R637C,1.000"
X-2239,TNK2,10188.0,MutNovel,"G734S,0.733"
X-2239,TNK2,10188.0,MutKnownFunctional,"-710,0.643"
X-2239,TNRC18,84629.0,MutNovel,"S2577-,0.375"
X-2239,TNRC18,84629.0,MutNovel,"A921T,0.306"
X-2239,TNRC18,84629.0,MutNovel,"R302H,0.833"
X-2239,TOB1,10140.0,MutNovel,"L36-,0.429"
X-2239,TOE1,114034.0,MutNovel,"P316H,0.500"
X-2239,TOMM70A,9868.0,MutNovel,"A483T,0.562"
X-2239,TOP3B,8940.0,MutNovel,"M137V,0.651"
X-2239,TP53RK,112858.0,MutNovel,"V58A,0.621"
X-2239,TPBG,7162.0,MutNovel,"R73H,0.625"
X-2239,TRAF7,84231.0,MutNovel,"A358T,0.479"
X-2239,TRAM2,9697.0,MutNovel,"V58L,0.273"
X-2239,TRANK1,9881.0,MutNovel,"R854Q,0.667"
X-2239,TRAPPC12,51112.0,MutNovel,"A281V,0.417"
X-2239,TRAPPC12,51112.0,MutNovel,"R543C,0.348"
X-2239,TRIB1,10221.0,MutNovel,"A192T,0.594"
X-2239,TRIM32,22954.0,MutNovel,"E192G,0.238"
X-2239,TRIM36,55521.0,MutNovel,"R103C,0.714"
X-2239,TRIP10,9322.0,MutKnownFunctional,"-435,0.466"
X-2239,TRIP12,9320.0,MutNovel,"R766H,0.483"
X-2239,TRIP4,9325.0,MutNovel,"P544L,0.500"
X-2239,TRMT13,,MutNovel,"A296V,0.429"
X-2239,TRMT61A,115708.0,MutNovel,"A93T,0.600"
X-2239,TSEN15,116461.0,MutNovel,"S32L,0.370"
X-2239,TSPYL1,7259.0,MutNovel,"V176VW,0.949"
X-2239,TTC13,79573.0,MutNovel,"S262T,0.273"
X-2239,TTC38,55020.0,MutNovel,"P318H,0.477"
X-2239,TTF1,7270.0,MutNovel,"D425N,0.286"
X-2239,TTYH2,94015.0,MutNovel,"A400T,0.667"
X-2239,TUBD1,51174.0,MutNovel,"A200T,0.556"
X-2239,TUBGCP6,85378.0,MutNovel,"A1140T,0.500"
X-2239,TXNDC11,51061.0,MutNovel,"W432R,0.429"
X-2239,UBE2G1,7326.0,MutNovel,"A142V,0.389"
X-2239,UBE2O,63893.0,MutNovel,"Q705H,0.571"
X-2239,UBR5,51366.0,MutKnownFunctional,"-2120,0.600"
X-2239,UBTD1,80019.0,MutNovel,"A75T,0.444"
X-2239,UBTD2,92181.0,MutNovel,"I141V,0.375"
X-2239,UBXN11,91544.0,MutNovel,"R259H,0.500"
X-2239,UBXN2B,137886.0,MutNovel,"T116A,0.667"
X-2239,UFD1L,7353.0,MutNovel,"A145T,0.459"
X-2239,UGGT2,55757.0,MutNovel,"A930T,1.000"
X-2239,ULK2,9706.0,MutNovel,"A762V,1.000"
X-2239,UNC13D,201294.0,MutNovel,"S784T,0.467"
X-2239,UNC5CL,222643.0,MutNovel,"R241C,0.500"
X-2239,UPF2,26019.0,MutNovel,"K73E,0.600"
X-2239,USH1C,10083.0,MutNovel,"Y140C,0.424"
X-2239,USO1,8615.0,MutNovel,"H613R,0.413"
X-2239,USP12,219333.0,MutNovel,"P167S,0.417"
X-2239,USP19,10869.0,MutKnownFunctional,"-1369?,0.311"
X-2239,USP36,57602.0,MutNovel,"KKK958K,0.238"
X-2239,USP5,8078.0,MutNovel,"E111D,0.388"
X-2239,USP6NL,9712.0,MutNovel,"A580T,0.435"
X-2239,USP6NL,9712.0,MutNovel,"A492T,0.556"
X-2239,USP9X,8239.0,MutNovel,"R1896C,1.000"
X-2239,USP9Y,8287.0,MutNovel,"A1060T,1.000"
X-2239,UTP20,27340.0,MutNovel,"K2760T,0.350"
X-2239,UTP6,55813.0,MutNovel,"Y551C,0.592"
X-2239,UTY,7404.0,MutKnownFunctional,"S1068*,0.333"
X-2239,UTY,7404.0,MutNovel,"S1066T,0.375"
X-2239,UTY,7404.0,MutNovel,"GG1059VR,0.375"
X-2239,UTY,7404.0,MutNovel,"S1058D,0.375"
X-2239,UTY,7404.0,MutNovel,"LL1055GL,0.375"
X-2239,UTY,7404.0,MutNovel,"E1054L,0.429"
X-2239,UTY,7404.0,MutNovel,"C1052P,0.429"
X-2239,UTY,7404.0,MutNovel,"Q1050R,0.500"
X-2239,UTY,7404.0,MutNovel,"Q1050R,0.500"
X-2239,UTY,7404.0,MutNovel,"V1048H,0.400"
X-2239,UTY,7404.0,MutNovel,"ST937GA,0.400"
X-2239,UTY,7404.0,MutNovel,"S936R,0.500"
X-2239,UTY,7404.0,MutKnownFunctional,"CP934*C,0.500"
X-2239,UTY,7404.0,MutNovel,"IC933SR,0.600"
X-2239,UTY,7404.0,MutNovel,"LP926SS,0.429"
X-2239,UTY,7404.0,MutNovel,"I925Q,0.429"
X-2239,UTY,7404.0,MutKnownFunctional,"SQ923S*,0.429"
X-2239,UTY,7404.0,MutNovel,"T922Q,0.500"
X-2239,UTY,7404.0,MutNovel,"S921Y,0.500"
X-2239,UTY,7404.0,MutKnownFunctional,"HR919Q*,0.500"
X-2239,UTY,7404.0,MutNovel,"S918N,0.600"
X-2239,UTY,7404.0,MutNovel,"LA916KP,0.600"
X-2239,UTY,7404.0,MutNovel,"P915E,0.500"
X-2239,UTY,7404.0,MutNovel,"C362N,0.556"
X-2239,UTY,7404.0,MutNovel,"T357A,0.333"
X-2239,UTY,7404.0,MutNovel,"H348A,0.222"
X-2239,UTY,7404.0,MutKnownFunctional,"Y325*,1.000"
X-2239,UTY,7404.0,MutNovel,"WY284CN,1.000"
X-2239,VEZF1,7716.0,MutNovel,"D85G,0.500"
X-2239,VPS13A,23230.0,MutKnownFunctional,"-2883,0.429"
X-2239,VPS13D,55187.0,MutNovel,"G3375W,0.800"
X-2239,VPS37B,79720.0,MutKnownFunctional,"-210,0.550"
X-2239,WBP1,23559.0,MutKnownFunctional,"-138,0.750"
X-2239,WBP1,23559.0,MutKnownFunctional,"-184,0.295"
X-2239,WDR33,55339.0,MutNovel,"R1089W,0.455"
X-2239,WDR55,54853.0,MutNovel,"K157N,0.465"
X-2239,WDR55,54853.0,MutKnownFunctional,"-339,0.600"
X-2239,WDTC1,23038.0,MutNovel,"R390M,0.455"
X-2239,WHSC1,7468.0,MutKnownFunctional,"-988,0.436"
X-2239,WNT4,54361.0,MutNovel,"R294H,0.239"
X-2239,XPO5,57510.0,MutKnownFunctional,"-1132,0.587"
X-2239,XRN1,54464.0,MutNovel,"R98C,1.000"
X-2239,XYLT2,64132.0,MutNovel,"H800R,0.587"
X-2239,YBX1,4904.0,MutNovel,"T29-,0.345"
X-2239,YLPM1,56252.0,MutNovel,"N872D,0.556"
X-2239,YME1L1,10730.0,MutNovel,"A747T,0.444"
X-2239,YTHDC1,91746.0,MutNovel,"R703C,0.429"
X-2239,YTHDC1,91746.0,MutNovel,"R665C,0.477"
X-2239,ZBTB17,7709.0,MutNovel,"R435C,0.417"
X-2239,ZBTB22,9278.0,MutNovel,"H507Y,0.522"
X-2239,ZBTB40,9923.0,MutNovel,"D796N,0.750"
X-2239,ZBTB5,9925.0,MutNovel,"R182C,0.476"
X-2239,ZC3H13,23091.0,MutNovel,"R800C,0.333"
X-2239,ZC3H18,124245.0,MutNovel,"P163L,0.485"
X-2239,ZC3HAV1,56829.0,MutNovel,"P143L,0.667"
X-2239,ZDHHC11,79844.0,MutNovel,"A303D,0.565"
X-2239,ZFP62,643836.0,MutNovel,"G878D,1.000"
X-2239,ZMIZ2,83637.0,MutNovel,"A808P,0.446"
X-2239,ZNF133,7692.0,MutKnownFunctional,"-63,0.762"
X-2239,ZNF142,7701.0,MutNovel,"L1584I,0.449"
X-2239,ZNF142,7701.0,MutNovel,"R1547Q,0.531"
X-2239,ZNF195,7748.0,MutNovel,"T515P,0.618"
X-2239,ZNF219,51222.0,MutNovel,"QPP233P,0.289"
X-2239,ZNF22,7570.0,MutNovel,"G222S,0.538"
X-2239,ZNF267,10308.0,MutNovel,"N220D,0.333"
X-2239,ZNF282,8427.0,MutNovel,"R505W,0.667"
X-2239,ZNF296,162979.0,MutKnownFunctional,"-386,0.667"
X-2239,ZNF414,84330.0,MutNovel,"R102C,0.596"
X-2239,ZNF554,115196.0,MutNovel,"S505A,0.643"
X-2239,ZNF628,89887.0,MutNovel,"A980T,0.444"
X-2239,ZNF703,80139.0,MutKnownFunctional,"-357,0.522"
X-2239,ZNF776,284309.0,MutKnownFunctional,"-120,0.714"
X-2239,ZNF784,147808.0,MutNovel,"L239F,0.412"
X-2239,ZNF787,126208.0,MutKnownFunctional,"-53,0.448"
X-2239,ZNF837,116412.0,MutNovel,"S414N,0.667"
X-2239,ZNF865,100507290.0,MutNovel,"R561H,0.692"
X-2239,ZNF865,100507290.0,MutNovel,"M864I,0.615"
X-2239,ZNRF3,84133.0,MutNovel,"L880M,0.700"
X-2239,ZSCAN21,7589.0,MutNovel,"S370N,0.435"
X-2239,ZWILCH,55055.0,MutNovel,"A224V,0.478"
X-2374,A2LD1,87769.0,Amp5,5.1
X-2374,ABCC4,10257.0,Amp5,5.1
X-2374,ABHD13,84945.0,Amp5,5.1
X-2374,ABHD16B,140701.0,MutNovel,"G250S,0.526"
X-2374,ACR,49.0,MutNovel,"G217E,1.000"
X-2374,ADNP,23394.0,MutNovel,"A1013S,0.562"
X-2374,ADPRHL1,113622.0,Amp5,5.1
X-2374,AGAP7,653268.0,MutNovel,"R494Q,1.000"
X-2374,AGAP7,653268.0,MutNovel,"D338N,1.000"
X-2374,ALDH16A1,126133.0,MutNovel,"R602Q,0.600"
X-2374,ALMS1,7840.0,MutNovel,"R3630C,0.667"
X-2374,ANKAR,150709.0,MutNovel,"G1050S,0.750"
X-2374,ANKDD1B,,MutNovel,"G213C,0.538"
X-2374,ANKRD10,55608.0,Amp5,5.1
X-2374,ANO1,55107.0,MutNovel,"V320A,0.455"
X-2374,APC,324.0,MutKnownFunctional,"R213*,0.600"
X-2374,APC,324.0,MutKnownFunctional,"E1306*,0.909"
X-2374,ARGLU1,55082.0,Amp5,5.1
X-2374,ARHGAP21,57584.0,MutNovel,"P1645S,0.314"
X-2374,ARHGEF7,8874.0,Amp5,5.1
X-2374,ASCL2,430.0,MutNovel,"Q123R,0.660"
X-2374,ATF7IP2,80063.0,MutNovel,"DV455D,0.320"
X-2374,ATG4D,84971.0,MutNovel,"SS417S,0.365"
X-2374,ATG9B,285973.0,MutNovel,"A688V,0.586"
X-2374,ATP11A,23250.0,Amp5,5.1
X-2374,ATP4B,496.0,Amp5,5.1
X-2374,ATXN8OS,6315.0,Amp5,5.1
X-2374,AUTS2,26053.0,MutNovel,"S1125SH,0.224"
X-2374,B2M,567.0,Del0.8,0.33
X-2374,BAZ1B,9031.0,MutNovel,"EE1271E,0.274"
X-2374,BCL9L,283149.0,MutKnownFunctional,"Q300*,0.297"
X-2374,BICD2,23299.0,MutNovel,"R807W,0.500"
X-2374,BIVM,54841.0,Amp5,5.1
X-2374,BIVM-ERCC5,100533467.0,Amp5,5.1
X-2374,BMP2K,55589.0,MutNovel,"S818T,0.273"
X-2374,BORA,79866.0,Amp5,5.1
X-2374,BTF3P11,690.0,Amp5,5.1
X-2374,C11orf9,745.0,MutNovel,"R611W,0.667"
X-2374,C13orf35,400165.0,Amp5,5.1
X-2374,CARKD,55739.0,Amp5,5.1
X-2374,CARS2,79587.0,Amp5,5.1
X-2374,CC2D1B,200014.0,MutNovel,"G188A,0.512"
X-2374,CCDC115,84317.0,MutNovel,"L4F,0.324"
X-2374,CCDC168,643677.0,Amp5,5.1
X-2374,CCDC88B,283234.0,MutNovel,"R462W,0.636"
X-2374,CCL14,6358.0,MutNovel,"R64Q,0.545"
X-2374,CDC16,8881.0,Amp5,5.1
X-2374,CDC42EP1,11135.0,MutNovel,"PAPAANPS253P,0.923"
X-2374,CEACAM3,1084.0,MutNovel,"I117T,1.000"
X-2374,CEACAM3,1084.0,MutNovel,"Q123H,0.600"
X-2374,CEL,1056.0,MutNovel,"A679S,0.227"
X-2374,CFHR1,3078.0,Amp5,5.17
X-2374,CFHR3,10878.0,Amp5,5.17
X-2374,CHAMP1,283489.0,Amp5,5.1
X-2374,CHPT1,56994.0,MutKnownFunctional,"W50*,0.283"
X-2374,CLDN10,9071.0,Amp5,5.1
X-2374,CLDN6,9074.0,MutNovel,"K65Q,1.000"
X-2374,CLN5,1203.0,Amp5,5.1
X-2374,CLYBL,171425.0,Amp5,5.1
X-2374,COL4A1,1282.0,Amp5,5.1
X-2374,COL4A2,1284.0,Amp5,5.1
X-2374,COMMD6,170622.0,Amp5,5.1
X-2374,COX11,1353.0,MutNovel,"E39D,1.000"
X-2374,CRIPAK,285464.0,MutNovel,"V164A,0.583"
X-2374,CTAGE11P,647288.0,Amp5,5.1
X-2374,CTSA,5476.0,MutNovel,"L29-,0.357"
X-2374,CUL4A,8451.0,Amp5,5.1
X-2374,CUL4B,8450.0,MutNovel,"A564S,0.370"
X-2374,CXCR2,3579.0,MutKnownFunctional,"R184*,0.833"
X-2374,CYP2E1,1571.0,MutNovel,"R282H,0.600"
X-2374,DACH1,1602.0,MutNovel,"GGGGG79-,0.833"
X-2374,DACH1,1602.0,Amp5,5.1
X-2374,DAOA,267012.0,Amp5,5.1
X-2374,DAOA-AS1,282706.0,Amp5,5.1
X-2374,DBN1,1627.0,MutNovel,"R226C,0.288"
X-2374,DCT,1638.0,Amp5,5.1
X-2374,DCUN1D2,55208.0,Amp5,5.1
X-2374,DIAPH3,81624.0,Amp5,5.1
X-2374,DIS3,22894.0,Amp5,5.1
X-2374,DIXDC1,85458.0,MutNovel,"P510S,0.545"
X-2374,DNAJC3,5611.0,Amp5,5.1
X-2374,DOCK9,23348.0,Amp5,5.1
X-2374,DZIP1,22873.0,Amp5,5.1
X-2374,EDNRB,1910.0,Amp5,5.1
X-2374,EFNB2,1948.0,Amp5,5.1
X-2374,EPM2AIP1,9852.0,MutNovel,"N167Y,0.463"
X-2374,ERAP1,51752.0,MutNovel,"V647I,0.465"
X-2374,ERCC5,2073.0,Amp5,5.1
X-2374,EXOC5,10640.0,MutNovel,"N258S,0.591"
X-2374,EXPH5,23086.0,MutNovel,"P196S,0.833"
X-2374,F10,2159.0,Amp5,5.1
X-2374,F7,2155.0,Amp5,5.1
X-2374,FAM155A,728215.0,Amp5,5.1
X-2374,FAM193B,54540.0,MutNovel,"L539S,0.398"
X-2374,FAM208B,54906.0,MutNovel,"G2140E,0.308"
X-2374,FAM65A,79567.0,MutNovel,"A1081T,0.672"
X-2374,FAM70B,348013.0,Amp5,5.1
X-2374,FARP1,10160.0,Amp5,5.1
X-2374,FBXL3,26224.0,Amp5,5.1
X-2374,FBXL4,26235.0,MutNovel,"A156T,0.581"
X-2374,FFAR3,2865.0,Del0.8,0.37
X-2374,FGF14,2259.0,Amp5,5.1
X-2374,FGF14-IT1,283480.0,Amp5,5.1
X-2374,FIG4,9896.0,MutNovel,"G825R,0.514"
X-2374,FKSG29,100131561.0,Amp5,5.1
X-2374,FLCN,201163.0,MutNovel,"R362C,0.279"
X-2374,FSTL4,23105.0,MutKnownFunctional,"W561*,0.800"
X-2374,FUT5,2527.0,MutNovel,"A118M,0.750"
X-2374,FUT5,2527.0,MutNovel,"A118T,1.000"
X-2374,GAS6,2621.0,Amp5,5.1
X-2374,GLTSCR2,29997.0,MutNovel,"K231R,0.358"
X-2374,GLUD2,2747.0,MutNovel,"L423M,1.000"
X-2374,GMIP,51291.0,MutNovel,"V751M,0.583"
X-2374,GMNN,51053.0,MutNovel,"R106W,0.249"
X-2374,GPC5,2262.0,Amp5,5.1
X-2374,GPC6,10082.0,Amp5,5.1
X-2374,GPR18,2841.0,Amp5,5.1
X-2374,GPR180,160897.0,Amp5,5.1
X-2374,GPR183,1880.0,Amp5,5.1
X-2374,GPRIN2,9721.0,MutNovel,"-238MRE,0.355"
X-2374,GRK1,6011.0,Amp5,5.1
X-2374,GRSF1,2926.0,MutNovel,"R46S,0.355"
X-2374,GRTP1,79774.0,Amp5,5.1
X-2374,HCFC2,29915.0,MutNovel,"L610F,0.667"
X-2374,HDGF,3068.0,MutNovel,"N5S,0.731"
X-2374,HDGFRP2,84717.0,MutNovel,"R545W,0.721"
X-2374,HERC2,8924.0,MutNovel,"A965G,0.429"
X-2374,HLA-C,3107.0,MutNovel,"EW190DG,0.461"
X-2374,HLA-DPB1,3115.0,MutNovel,"E97Q,1.000"
X-2374,HLA-G,3135.0,MutNovel,"W121M,1.000"
X-2374,HOXA7,3204.0,MutNovel,"F178L,0.355"
X-2374,HS6ST3,266722.0,Amp5,5.1
X-2374,IGFN1,91156.0,MutNovel,"G1703R,0.622"
X-2374,ING1,3621.0,Amp5,5.1
X-2374,IPO5,3843.0,Amp5,5.1
X-2374,IRS2,8660.0,Amp5,5.1
X-2374,ITGAM,3684.0,MutNovel,"V312M,1.000"
X-2374,ITGBL1,9358.0,Amp5,5.1
X-2374,JHDM1D,80853.0,MutNovel,"R839S,0.500"
X-2374,KALRN,8997.0,MutNovel,"E2373K,0.647"
X-2374,KCTD12,115207.0,Amp5,5.1
X-2374,KDELC1,79070.0,Amp5,5.1
X-2374,KDM5D,8284.0,MutNovel,"T793I,1.000"
X-2374,KIAA0564,23078.0,MutNovel,"G49R,0.286"
X-2374,KIF20B,9585.0,MutNovel,"L1062LKV,0.214"
X-2374,KIF27,55582.0,MutKnownFunctional,"-726?,0.357"
X-2374,KLF12,11278.0,Amp5,5.1
X-2374,KLF5,688.0,Amp5,5.1
X-2374,KLHDC7A,127707.0,MutNovel,"K634R,0.429"
X-2374,KLHL1,57626.0,Amp5,5.1
X-2374,KRAS,3845.0,MutKnownFunctional,"G12A,0.714"
X-2374,LAMP1,3916.0,Amp5,5.1
X-2374,LCN12,286256.0,MutNovel,"L25R,0.605"
X-2374,LIG4,3981.0,Amp5,5.1
X-2374,LINC00346,283487.0,Amp5,5.1
X-2374,LINC00347,338864.0,Amp5,5.1
X-2374,LINC00410,144776.0,Amp5,5.1
X-2374,LINC00460,728192.0,Amp5,5.1
X-2374,LMO7,4008.0,Amp5,5.1
X-2374,LOC100132247,100132247.0,MutNovel,"S675R,0.783"
X-2374,LOC100506394,100506394.0,Amp5,5.1
X-2374,LOC100506504,,MutNovel,"H236Y,0.267"
X-2374,LOC100996689,,MutKnownFunctional,"-282?,0.850"
X-2374,LOC283481,283481.0,Amp5,5.1
X-2374,LPHN1,22859.0,MutNovel,"PVP1312-,0.619"
X-2374,LSR,51599.0,MutNovel,"G518GR,0.533"
X-2374,MAP3K7,6885.0,MutNovel,"I75S,0.279"
X-2374,MAST4,375449.0,MutNovel,"H2129Y,0.280"
X-2374,MBNL2,10150.0,Amp5,5.1
X-2374,MCF2L,23263.0,Amp5,5.1
X-2374,MCF2L-AS1,100289410.0,Amp5,5.1
X-2374,MED1,5469.0,MutNovel,"T1267M,0.381"
X-2374,METTL21C,196541.0,Amp5,5.1
X-2374,MIR17HG,407975.0,Amp5,5.1
X-2374,MIR19B1,406980.0,Amp5,5.1
X-2374,MIR2681,100616110.0,Amp5,5.1
X-2374,MIR3169,100422973.0,Amp5,5.1
X-2374,MIR3170,100422881.0,Amp5,5.1
X-2374,MIR3665,100500861.0,Amp5,5.1
X-2374,MIR4306,100422861.0,Amp5,5.1
X-2374,MIR4500,100616182.0,Amp5,5.1
X-2374,MIR4500HG,642345.0,Amp5,5.1
X-2374,MIR4705,100616239.0,Amp5,5.1
X-2374,MIR548AN,100616144.0,Amp5,5.1
X-2374,MIR622,693207.0,Amp5,5.1
X-2374,MIR623,693208.0,Amp5,5.1
X-2374,MLL5,55904.0,MutNovel,"R802T,0.464"
X-2374,MOSPD3,64598.0,MutNovel,"Q9R,0.279"
X-2374,MPRIP,23164.0,MutNovel,"TS178T,0.493"
X-2374,MRPL1,65008.0,MutNovel,"N35S,0.762"
X-2374,MRPL38,64978.0,MutNovel,"R17Q,1.000"
X-2374,MTIF2,4528.0,MutNovel,"N109S,0.336"
X-2374,MUC12,10071.0,MutNovel,"R1165P,0.571"
X-2374,MUC12,10071.0,MutNovel,"L1735F,0.400"
X-2374,MUC12,10071.0,MutNovel,"S1741L,0.333"
X-2374,MUC12,10071.0,MutNovel,"R3316H,0.250"
X-2374,MUC12,10071.0,MutNovel,"T3643M,0.667"
X-2374,MUC12,10071.0,MutNovel,"T4363I,0.438"
X-2374,MUC12,10071.0,MutNovel,"T4391P,0.421"
X-2374,MUC12,10071.0,MutNovel,"L4568F,0.905"
X-2374,MVK,4598.0,MutNovel,"D100N,0.235"
X-2374,MYCBP2,23077.0,Amp5,5.1
X-2374,MYO16,23026.0,Amp5,5.1
X-2374,MYO1H,283446.0,MutNovel,"R734Q,0.800"
X-2374,MZT1,440145.0,Amp5,5.1
X-2374,NAA15,80155.0,MutNovel,"K41R,0.667"
X-2374,NALCN,259232.0,Amp5,5.1
X-2374,NBPF10,100132406.0,MutNovel,"D1405E,1.000"
X-2374,NBPF12,,MutNovel,"S308N,0.333"
X-2374,NCOA3,8202.0,MutNovel,"Q1255-,0.381"
X-2374,NCOR2,9612.0,MutNovel,"G1839GAAA,0.582"
X-2374,NDFIP2,54602.0,Amp5,5.1
X-2374,NFAT5,10725.0,MutNovel,"V159I,0.421"
X-2374,NFE2L3,9603.0,MutNovel,"D644G,0.489"
X-2374,NIN,51199.0,MutNovel,"R1613H,0.238"
X-2374,NMT2,9397.0,MutNovel,"A103T,0.611"
X-2374,NPIPL3,23117.0,MutNovel,"L717V,0.833"
X-2374,NR1D2,9975.0,MutKnownFunctional,"-523,0.214"
X-2374,NR1H2,7376.0,MutNovel,"-173Q,0.492"
X-2374,OBSCN,84033.0,MutNovel,"G7059S,0.714"
X-2374,OPLAH,26873.0,MutNovel,"A445T,0.524"
X-2374,OR7E156P,283491.0,Amp5,5.1
X-2374,ORAI1,84876.0,MutNovel,"PP43-,0.727"
X-2374,OXGR1,27199.0,Amp5,5.1
X-2374,PACS1,55690.0,MutNovel,"A962D,0.440"
X-2374,PBRM1,55193.0,MutNovel,"E1508K,0.344"
X-2374,PBX4,80714.0,MutKnownFunctional,"C94*,0.389"
X-2374,PCCA,5095.0,Amp5,5.1
X-2374,PCDH17,27253.0,Amp5,5.1
X-2374,PCDH20,64881.0,Amp5,5.1
X-2374,PCDH9,5101.0,Amp5,5.1
X-2374,PCID2,55795.0,Amp5,5.1
X-2374,PCMTD2,55251.0,MutNovel,"G228E,0.446"
X-2374,PER1,5187.0,MutNovel,"R495W,0.556"
X-2374,PHLDA1,22822.0,MutNovel,"QQ194Q,0.404"
X-2374,PIBF1,10464.0,Amp5,5.1
X-2374,PIEZO1,9780.0,MutNovel,"ED756D,0.275"
X-2374,PIK3CA,5290.0,MutLikelyFunctional,"N345H,0.281"
X-2374,PKD1,5310.0,MutNovel,"Q437W,0.481"
X-2374,PLEC,5339.0,MutNovel,"I1220V,0.678"
X-2374,PLEKHG1,57480.0,MutNovel,"S1090G,0.375"
X-2374,PLEKHG4,25894.0,MutNovel,"R703H,0.827"
X-2374,PLEKHM2,23207.0,MutNovel,"G188S,0.407"
X-2374,POLQ,10721.0,MutNovel,"KK1024K,0.875"
X-2374,POU4F1,5457.0,Amp5,5.1
X-2374,PPP1R3B,79660.0,MutNovel,"T103M,0.661"
X-2374,PROZ,8858.0,Amp5,5.1
X-2374,PTGES3,10728.0,MutNovel,"N104H,0.657"
X-2374,RAB11FIP5,26056.0,MutNovel,"G125A,0.364"
X-2374,RAB20,55647.0,Amp5,5.1
X-2374,RAP2A,5911.0,Amp5,5.1
X-2374,RASA3,22821.0,Amp5,5.1
X-2374,RBM26,64062.0,Amp5,5.1
X-2374,RBM26-AS1,100505538.0,Amp5,5.1
X-2374,RDH10,157506.0,MutNovel,"V296M,0.608"
X-2374,RGL1,23179.0,MutNovel,"A185V,0.243"
X-2374,RIN3,79890.0,MutNovel,"P493L,0.477"
X-2374,RINT1,60561.0,MutNovel,"S462L,0.632"
X-2374,RNF113B,140432.0,Amp5,5.1
X-2374,RNF219,79596.0,Amp5,5.1
X-2374,RUNX1,861.0,MutNovel,"L56S,1.000"
X-2374,SCAPER,49855.0,Del0.8,0.75
X-2374,SCEL,8796.0,Amp5,5.1
X-2374,SCPEP1,59342.0,MutNovel,"K275E,1.000"
X-2374,SDCBP2,27111.0,MutNovel,"R106Q,0.586"
X-2374,SERINC2,347735.0,MutNovel,"-373Q,0.804"
X-2374,SETX,23064.0,MutNovel,"N1876S,0.302"
X-2374,SH3TC2,79628.0,MutNovel,"T1098I,0.643"
X-2374,SIRPG,55423.0,MutNovel,"M34V,1.000"
X-2374,SLAIN1,122060.0,Amp5,5.1
X-2374,SLC10A2,6555.0,Amp5,5.1
X-2374,SLC10A7,84068.0,MutNovel,"P338L,0.400"
X-2374,SLC12A8,84561.0,MutNovel,"E548A,0.489"
X-2374,SLC15A1,6564.0,Amp5,5.1
X-2374,SLC30A2,7780.0,MutNovel,"L196I,1.000"
X-2374,SLC44A2,57153.0,MutNovel,"G275E,0.261"
X-2374,SLC44A2,57153.0,MutNovel,"T575N,0.363"
X-2374,SLFN5,162394.0,MutNovel,"N597T,0.220"
X-2374,SLITRK1,114798.0,Amp5,5.1
X-2374,SLITRK5,26050.0,Amp5,5.1
X-2374,SLITRK6,84189.0,Amp5,5.1
X-2374,SNAPC4,6621.0,MutNovel,"S542-,0.205"
X-2374,SORL1,6653.0,MutNovel,"R122G,0.662"
X-2374,SOX1,6656.0,Amp5,5.1
X-2374,SOX21,11166.0,Amp5,5.1
X-2374,SOX9,6662.0,MutKnownFunctional,"Q357*,1.000"
X-2374,SPACA7,122258.0,Amp5,5.1
X-2374,SPICE1,152185.0,MutNovel,"A119T,0.500"
X-2374,SPRY2,10253.0,Amp5,5.1
X-2374,SRGAP2,23380.0,MutNovel,"N863K,0.250"
X-2374,ST5,6764.0,MutNovel,"R180G,0.417"
X-2374,STAMBP,10617.0,MutNovel,"R255H,0.688"
X-2374,STIL,6491.0,MutNovel,"N865T,0.444"
X-2374,STK24,8428.0,Amp5,5.1
X-2374,SYT7,9066.0,MutNovel,"A140T,0.326"
X-2374,TBC1D4,9882.0,Amp5,5.1
X-2374,TBP,6908.0,MutNovel,"-64Q,0.292"
X-2374,TCF7,6932.0,MutNovel,"P266L,0.400"
X-2374,TDRD3,81550.0,Amp5,5.1
X-2374,TEX264,51368.0,MutNovel,"T299A,0.621"
X-2374,TFDP1,7027.0,Amp5,5.1
X-2374,TGDS,23483.0,Amp5,5.1
X-2374,TLK2,11011.0,MutNovel,"R262Q,0.310"
X-2374,TM9SF2,9375.0,Amp5,5.1
X-2374,TMCO3,55002.0,Amp5,5.1
X-2374,TMEM102,284114.0,MutNovel,"A507S,1.000"
X-2374,TMEM178A,,MutNovel,"A261T,0.417"
X-2374,TMEM184A,202915.0,MutNovel,"G392GA,0.428"
X-2374,TMTC4,84899.0,Amp5,5.1
X-2374,TNFSF13B,10673.0,Amp5,5.1
X-2374,TPP2,7174.0,Amp5,5.1
X-2374,TRIP6,7205.0,MutNovel,"Q317R,0.256"
X-2374,TSC22D1,8848.0,MutNovel,"VE448E,0.257"
X-2374,TSPYL1,7259.0,MutNovel,"V176VW,0.400"
X-2374,TUBGCP3,10426.0,Amp5,5.1
X-2374,UBAC2,337867.0,Amp5,5.1
X-2374,UBAC2-AS1,100289373.0,Amp5,5.1
X-2374,UCHL3,7347.0,Amp5,5.1
X-2374,UGGT2,55757.0,Amp5,5.1
X-2374,UNC93B1,81622.0,MutNovel,"R589S,0.462"
X-2374,UPF3A,65110.0,Amp5,5.1
X-2374,UPK3BL,,MutNovel,"L213V,0.318"
X-2374,USP19,10869.0,MutNovel,"A30E,0.261"
X-2374,USP21,27005.0,MutNovel,"P54S,0.246"
X-2374,USP36,57602.0,MutNovel,"KKK958K,0.745"
X-2374,UTY,7404.0,MutNovel,"AR1078LR,0.500"
X-2374,UTY,7404.0,MutNovel,"H1077P,0.500"
X-2374,UTY,7404.0,MutNovel,"SH1075HD,0.500"
X-2374,UTY,7404.0,MutNovel,"V1074H,0.333"
X-2374,UTY,7404.0,MutNovel,"G1073C,0.333"
X-2374,UTY,7404.0,MutNovel,"GI1070AG,0.333"
X-2374,UTY,7404.0,MutNovel,"AG1069DR,0.286"
X-2374,UTY,7404.0,MutKnownFunctional,"S1068*,0.286"
X-2374,UTY,7404.0,MutNovel,"S1066T,0.375"
X-2374,UTY,7404.0,MutNovel,"GG1059VR,0.333"
X-2374,UTY,7404.0,MutNovel,"S1058D,0.300"
X-2374,UTY,7404.0,MutNovel,"LL1055GL,0.300"
X-2374,UTY,7404.0,MutNovel,"E1054L,0.300"
X-2374,UTY,7404.0,MutNovel,"C1052P,0.300"
X-2374,UTY,7404.0,MutNovel,"PK1007HQ,0.500"
X-2374,UTY,7404.0,MutNovel,"N1006P,0.571"
X-2374,UTY,7404.0,MutNovel,"CT1004YL,0.667"
X-2374,UTY,7404.0,MutNovel,"FC1003TS,0.667"
X-2374,UTY,7404.0,MutNovel,"HQ1001QT,0.667"
X-2374,UTY,7404.0,MutNovel,"S918N,0.205"
X-2374,UTY,7404.0,MutNovel,"T910S,0.205"
X-2374,UTY,7404.0,MutNovel,"SH505QY,0.500"
X-2374,UTY,7404.0,MutNovel,"L504R,0.526"
X-2374,UTY,7404.0,MutNovel,"QS502PF,0.526"
X-2374,UTY,7404.0,MutNovel,"N499C,0.636"
X-2374,UTY,7404.0,MutNovel,"M332E,0.500"
X-2374,UTY,7404.0,MutNovel,"P331Y,0.333"
X-2374,UTY,7404.0,MutNovel,"N329L,0.400"
X-2374,UTY,7404.0,MutNovel,"YQ325TK,0.600"
X-2374,UTY,7404.0,MutNovel,"L324D,0.500"
X-2374,UTY,7404.0,MutNovel,"V323W,0.400"
X-2374,UTY,7404.0,MutNovel,"V323L,0.500"
X-2374,UTY,7404.0,MutNovel,"G322D,0.600"
X-2374,UTY,7404.0,MutNovel,"IG321SN,0.600"
X-2374,UTY,7404.0,MutNovel,"S320C,0.500"
X-2374,UTY,7404.0,MutNovel,"W318S,0.400"
X-2374,UTY,7404.0,MutNovel,"T317S,0.750"
X-2374,UTY,7404.0,MutNovel,"DT316ES,0.750"
X-2374,UTY,7404.0,MutNovel,"A315V,0.667"
X-2374,UTY,7404.0,MutKnownFunctional,"EA312D*,0.400"
X-2374,UTY,7404.0,MutNovel,"SE311YR,0.400"
X-2374,UTY,7404.0,MutNovel,"QD298HF,0.400"
X-2374,UTY,7404.0,MutNovel,"V297H,0.333"
X-2374,UTY,7404.0,MutNovel,"SS292HR,0.333"
X-2374,UTY,7404.0,MutNovel,"Y291L,0.250"
X-2374,UTY,7404.0,MutNovel,"Y291F,0.500"
X-2374,UTY,7404.0,MutKnownFunctional,"G288*,0.500"
X-2374,UTY,7404.0,MutKnownFunctional,"F286*,0.286"
X-2374,UTY,7404.0,MutNovel,"Y285N,0.625"
X-2374,UTY,7404.0,MutNovel,"WY284VN,0.625"
X-2374,UTY,7404.0,MutNovel,"QS282HD,0.625"
X-2374,UTY,7404.0,MutNovel,"Q282A,0.625"
X-2374,UTY,7404.0,MutNovel,"Q282A,0.625"
X-2374,UTY,7404.0,MutNovel,"SG280GC,0.625"
X-2374,UTY,7404.0,MutNovel,"N279R,0.286"
X-2374,UTY,7404.0,MutNovel,"DP277TS,0.600"
X-2374,UTY,7404.0,MutNovel,"A276D,0.750"
X-2374,UTY,7404.0,MutNovel,"A276Y,0.750"
X-2374,UTY,7404.0,MutNovel,"LE274FW,0.667"
X-2374,UTY,7404.0,MutNovel,"L274M,0.778"
X-2374,UTY,7404.0,MutNovel,"L274M,0.778"
X-2374,UTY,7404.0,MutNovel,"K272R,0.444"
X-2374,UTY,7404.0,MutNovel,"Q271R,0.444"
X-2374,UTY,7404.0,MutNovel,"Q271R,0.714"
X-2374,UTY,7404.0,MutNovel,"LQ270PR,0.714"
X-2374,UTY,7404.0,MutKnownFunctional,"YL269*I,0.571"
X-2374,UTY,7404.0,MutNovel,"Q268A,0.500"
X-2374,UTY,7404.0,MutNovel,"I267V,0.571"
X-2374,UTY,7404.0,MutNovel,"AI266LV,0.571"
X-2374,UTY,7404.0,MutNovel,"Y265S,0.571"
X-2374,UTY,7404.0,MutNovel,"E263D,1.000"
X-2374,UTY,7404.0,MutNovel,"E263V,1.000"
X-2374,UTY,7404.0,MutNovel,"T261S,0.600"
X-2374,UTY,7404.0,MutNovel,"A260D,0.400"
X-2374,UTY,7404.0,MutNovel,"VG256DR,0.286"
X-2374,UTY,7404.0,MutNovel,"V256E,0.714"
X-2374,UTY,7404.0,MutNovel,"D254V,0.667"
X-2374,UTY,7404.0,MutNovel,"D254F,0.667"
X-2374,UTY,7404.0,MutNovel,"N252I,0.400"
X-2374,UTY,7404.0,MutNovel,"MH249II,0.286"
X-2374,UTY,7404.0,MutNovel,"M249I,0.571"
X-2374,UTY,7404.0,MutNovel,"Q245V,0.333"
X-2374,UTY,7404.0,MutNovel,"QQ244IE,0.500"
X-2374,UTY,7404.0,MutNovel,"V242G,0.500"
X-2374,UTY,7404.0,MutNovel,"A240Q,0.333"
X-2374,UTY,7404.0,MutNovel,"AY224VI,0.231"
X-2374,UTY,7404.0,MutNovel,"K222N,0.250"
X-2374,UTY,7404.0,MutNovel,"K222L,0.250"
X-2374,UTY,7404.0,MutNovel,"Y218N,0.333"
X-2374,UTY,7404.0,MutNovel,"KY217NN,0.333"
X-2374,UTY,7404.0,MutNovel,"Q215G,0.267"
X-2374,UTY,7404.0,MutNovel,"E213S,0.267"
X-2374,UTY,7404.0,MutNovel,"LY211ST,0.250"
X-2374,UTY,7404.0,MutNovel,"HL210QV,0.250"
X-2374,UTY,7404.0,MutNovel,"A209H,0.250"
X-2374,UTY,7404.0,MutNovel,"H207P,0.235"
X-2374,UTY,7404.0,MutNovel,"F206A,0.235"
X-2374,UTY,7404.0,MutNovel,"I204R,0.235"
X-2374,UTY,7404.0,MutNovel,"EI203TV,0.250"
X-2374,UTY,7404.0,MutNovel,"SN200LF,0.250"
X-2374,UTY,7404.0,MutNovel,"LS199PP,0.211"
X-2374,UTY,7404.0,MutNovel,"C197Y,0.222"
X-2374,UTY,7404.0,MutNovel,"C197D,0.222"
X-2374,UTY,7404.0,MutNovel,"DC193GP,0.278"
X-2374,UTY,7404.0,MutNovel,"I192S,0.278"
X-2374,UTY,7404.0,MutNovel,"A190I,0.294"
X-2374,UTY,7404.0,MutNovel,"H186G,0.214"
X-2374,UTY,7404.0,MutNovel,"S159I,0.333"
X-2374,UTY,7404.0,MutNovel,"PS158QF,0.333"
X-2374,UTY,7404.0,MutNovel,"Q151H,0.500"
X-2374,UTY,7404.0,MutNovel,"Q151L,0.500"
X-2374,UTY,7404.0,MutNovel,"Q151I,0.500"
X-2374,UTY,7404.0,MutNovel,"A149S,0.600"
X-2374,UTY,7404.0,MutNovel,"K148Q,0.250"
X-2374,UTY,7404.0,MutNovel,"W124M,0.333"
X-2374,UTY,7404.0,MutNovel,"YW123GR,0.625"
X-2374,UTY,7404.0,MutNovel,"D122A,0.500"
X-2374,UTY,7404.0,MutNovel,"A121P,0.400"
X-2374,UTY,7404.0,MutNovel,"L119R,0.400"
X-2374,UTY,7404.0,MutNovel,"Y116H,0.400"
X-2374,UTY,7404.0,MutNovel,"ES78PA,0.267"
X-2374,UTY,7404.0,MutNovel,"Y77L,0.267"
X-2374,UTY,7404.0,MutNovel,"AV73RI,0.250"
X-2374,UTY,7404.0,MutNovel,"K67R,0.273"
X-2374,VPS13C,54832.0,MutNovel,"T1368I,1.000"
X-2374,XXYLT1,152002.0,MutNovel,"R325H,0.250"
X-2374,ZADH2,284273.0,MutNovel,"Y224D,0.567"
X-2374,ZDHHC11,79844.0,MutNovel,"A303D,0.636"
X-2374,ZIC2,7546.0,Amp5,5.1
X-2374,ZIC5,85416.0,Amp5,5.1
X-2374,ZMIZ2,83637.0,MutNovel,"A709T,0.204"
X-2374,ZNF12,7559.0,MutNovel,"P7S,0.375"
X-2374,ZNF16,7564.0,MutNovel,"H39Y,0.609"
X-2374,ZNF219,51222.0,MutNovel,"QPP233P,0.329"
X-2374,ZNF226,7769.0,MutKnownFunctional,"-86,0.530"
X-2374,ZNF233,353355.0,MutNovel,"P647Q,0.400"
X-2374,ZNF384,171017.0,MutNovel,"QQ514Q,0.370"
X-2374,ZNF462,58499.0,MutNovel,"E1906K,0.500"
X-2374,ZNF516,9658.0,MutNovel,"R1139H,0.375"
X-2374,ZNF606,80095.0,MutNovel,"A772V,1.000"
X-2374,ZNF608,57507.0,MutNovel,"A311V,0.778"
X-2374,ZNF853,54753.0,MutNovel,"Q120E,0.600"
X-2374,ZWINT,11130.0,MutNovel,"R203Q,0.305"
X-2403,ACBD4,79777.0,MutNovel,"P339S,0.566"
X-2403,ACOT11,26027.0,MutNovel,"V489M,0.531"
X-2403,ACVR2A,92.0,MutNovel,"Y86C,0.507"
X-2403,ADAM3A,1587.0,Del0.8,0.21
X-2403,ADCK4,79934.0,MutNovel,"A276P,0.293"
X-2403,ANKRD36,375248.0,MutNovel,"T998S,0.263"
X-2403,AP1M2,10053.0,MutNovel,"S51T,0.723"
X-2403,APC,324.0,MutKnownFunctional,"R805*,0.533"
X-2403,APC,324.0,MutKnownFunctional,"-1420,0.471"
X-2403,ARMC6,93436.0,MutNovel,"S105Y,0.349"
X-2403,ASPHD2,57168.0,MutNovel,"P340L,0.400"
X-2403,AVEN,57099.0,MutNovel,"G83D,0.605"
X-2403,BRD2,6046.0,MutNovel,"A49C,0.493"
X-2403,BTN3A1,11119.0,MutNovel,"V357L,0.500"
X-2403,BUD13,84811.0,MutNovel,"G366E,0.514"
X-2403,C17orf100,388327.0,MutNovel,"R77L,0.619"
X-2403,C1QTNF9B,387911.0,MutNovel,"P97T,0.500"
X-2403,C9orf173,441476.0,MutNovel,"E92K,1.000"
X-2403,CBWD6,644019.0,MutKnownFunctional,"-259?,0.354"
X-2403,CCL3L3,414062.0,MutNovel,"F65L,1.000"
X-2403,CDKN1C,1028.0,MutNovel,"APVAV171V,0.541"
X-2403,CELSR2,1952.0,MutNovel,"D2473N,0.438"
X-2403,CENPL,91687.0,MutNovel,"S53L,0.516"
X-2403,CHPF2,54480.0,MutNovel,"M761V,0.291"
X-2403,CLN6,54982.0,MutNovel,"A22S,0.448"
X-2403,CLU,1191.0,MutNovel,"V226I,0.285"
X-2403,CNTROB,116840.0,MutNovel,"A821P,0.586"
X-2403,COL18A1,80781.0,MutNovel,"P883S,0.333"
X-2403,COX18,285521.0,MutNovel,"SS61S,0.533"
X-2403,COX18,285521.0,MutNovel,"S61F,0.545"
X-2403,CRLF3,51379.0,MutNovel,"V228I,0.366"
X-2403,CRYM,1428.0,MutNovel,"V289L,0.470"
X-2403,CTSA,5476.0,MutNovel,"L29-,0.240"
X-2403,DDX11,1663.0,MutNovel,"E394K,0.965"
X-2403,DHX33,56919.0,MutNovel,"N575S,0.434"
X-2403,DIAPH2,1730.0,MutNovel,"S785R,1.000"
X-2403,DNHD1,144132.0,MutNovel,"I1277M,0.600"
X-2403,DNTTIP2,30836.0,MutNovel,"S569T,0.529"
X-2403,DOLK,22845.0,MutNovel,"G67E,0.667"
X-2403,DPAGT1,1798.0,MutKnownFunctional,"-233?,0.250"
X-2403,DPY19L2,283417.0,MutNovel,"M262V,1.000"
X-2403,DYRK2,8445.0,MutNovel,"Q192H,0.222"
X-2403,EDN3,1908.0,MutNovel,"G32D,0.364"
X-2403,EPS8L3,79574.0,MutNovel,"R229W,0.431"
X-2403,FAM127A,8933.0,MutNovel,"G48C,0.750"
X-2403,FAM131C,348487.0,MutNovel,"S87F,0.600"
X-2403,FAM131C,348487.0,MutNovel,"R74C,0.562"
X-2403,FASN,2194.0,MutNovel,"IN1446N,0.428"
X-2403,FBRSL1,57666.0,MutNovel,"S977A,0.324"
X-2403,FBXO11,80204.0,MutNovel,"N324I,0.307"
X-2403,FCGRT,2217.0,MutNovel,"F133L,0.683"
X-2403,FDFT1,2222.0,MutNovel,"I377T,0.318"
X-2403,FER1L6,654463.0,MutNovel,"H714Q,0.219"
X-2403,FLNC,2318.0,MutNovel,"T929I,0.304"
X-2403,FOXQ1,94234.0,MutNovel,"V387G,0.565"
X-2403,GDAP1,54332.0,MutNovel,"R310W,0.542"
X-2403,GIGYF2,26058.0,MutNovel,"PQ1231P,0.364"
X-2403,GLRA2,2742.0,MutNovel,"R414Q,1.000"
X-2403,GLUD2,2747.0,MutNovel,"V374A,1.000"
X-2403,GNAS,2778.0,MutNovel,"S725T,0.741"
X-2403,GPRIN2,9721.0,MutNovel,"-238MRE,0.636"
X-2403,GRB14,2888.0,MutKnownFunctional,"-297?,0.375"
X-2403,GRINA,2907.0,MutNovel,"S62R,0.416"
X-2403,HLA-DRB5,3127.0,Amp8,9.85
X-2403,HLA-G,3135.0,MutNovel,"F10V,1.000"
X-2403,HLA-G,3135.0,MutKnownFunctional,"-278,0.346"
X-2403,HOXA13,3209.0,MutNovel,"A77T,1.000"
X-2403,HSPA1A,3303.0,MutNovel,"S121H,1.000"
X-2403,IFRD1,3475.0,MutNovel,"H267R,0.396"
X-2403,IMPA1,3612.0,MutNovel,"V293M,0.226"
X-2403,KBTBD11,9920.0,MutNovel,"QL230HL,0.833"
X-2403,KIAA0125,9834.0,Amp5,7.01
X-2403,KRAS,3845.0,MutNovel,"K117N,1.000"
X-2403,LCE3C,353144.0,Del0.8,0.46
X-2403,LGR4,55366.0,MutKnownFunctional,"W896*,0.520"
X-2403,LOC100506504,,MutNovel,"R15H,1.000"
X-2403,LOC100996573,,MutNovel,"P240L,0.500"
X-2403,LOC100996573,,MutNovel,"T249M,0.545"
X-2403,LOC728888,,MutNovel,"K1100E,0.429"
X-2403,LPP,4026.0,MutNovel,"A194V,0.458"
X-2403,LRRC16B,90668.0,MutNovel,"S1104F,0.800"
X-2403,LRRC57,255252.0,MutNovel,"R131G,0.551"
X-2403,LSR,51599.0,MutNovel,"G518GR,0.826"
X-2403,MAGI1,9223.0,MutNovel,"Q421HR,0.714"
X-2403,MAP3K4,4216.0,MutNovel,"PA1189P,0.692"
X-2403,MAPK8IP1,9479.0,MutNovel,"R324Q,0.591"
X-2403,MARCKS,4082.0,MutNovel,"P250L,0.582"
X-2403,MCIN,,MutNovel,"R171H,0.500"
X-2403,MCM9,254394.0,MutNovel,"H940N,0.621"
X-2403,MED28,80306.0,MutNovel,"L96I,0.481"
X-2403,MEF2A,4205.0,MutNovel,"QQ412-,0.207"
X-2403,MEN1,4221.0,MutNovel,"Q513K,0.270"
X-2403,METTL21A,151194.0,MutNovel,"E11G,0.629"
X-2403,MFF,56947.0,MutNovel,"N170H,0.395"
X-2403,MMP11,4320.0,MutNovel,"Q25QP,0.280"
X-2403,MON2,23041.0,MutKnownFunctional,"-1144?,0.236"
X-2403,MPRIP,23164.0,MutNovel,"TS178T,0.519"
X-2403,MST1R,4486.0,MutNovel,"A128V,0.508"
X-2403,MTX1,4580.0,MutNovel,"F351L,0.421"
X-2403,MUC12,10071.0,MutNovel,"L1735F,1.000"
X-2403,MUC12,10071.0,MutNovel,"S1741L,1.000"
X-2403,MUC12,10071.0,MutNovel,"R3316H,0.375"
X-2403,MUC12,10071.0,MutNovel,"T4391P,1.000"
X-2403,MUC17,140453.0,MutNovel,"S515G,0.219"
X-2403,MUC17,140453.0,MutNovel,"E940G,0.379"
X-2403,MUC17,140453.0,MutNovel,"V1540D,0.354"
X-2403,MUC17,140453.0,MutNovel,"E1676D,0.219"
X-2403,MUC17,140453.0,MutNovel,"T1686A,0.577"
X-2403,MUC17,140453.0,MutNovel,"T2786A,0.220"
X-2403,NBPF10,100132406.0,MutNovel,"F340S,0.231"
X-2403,NBPF10,100132406.0,MutNovel,"R392L,0.571"
X-2403,NCOR2,9612.0,MutNovel,"G1839GAAA,0.595"
X-2403,NEO1,4756.0,MutNovel,"R35W,0.739"
X-2403,NRXN2,9379.0,MutNovel,"T1508M,0.455"
X-2403,NT5DC4,,MutNovel,"R644W,0.385"
X-2403,NUP214,8021.0,MutNovel,"A121S,0.421"
X-2403,OPA3,80207.0,MutNovel,"Q146E,0.700"
X-2403,ORAI1,84876.0,MutNovel,"PP43-,0.862"
X-2403,OTUD4,54726.0,MutNovel,"D124N,0.385"
X-2403,PABPC3,5042.0,MutKnownFunctional,"-299,0.857"
X-2403,PABPC3,5042.0,MutKnownFunctional,"-336,0.400"
X-2403,PAPSS1,9061.0,MutNovel,"R571H,0.557"
X-2403,PARD6B,84612.0,MutNovel,"R3C,0.235"
X-2403,PCED1B,,MutNovel,"D117H,0.590"
X-2403,PCNT,5116.0,MutNovel,"G136S,0.429"
X-2403,PCNXL3,399909.0,MutKnownFunctional,"-424?,0.447"
X-2403,PCSK9,255738.0,MutNovel,"R96H,0.575"
X-2403,PDPR,55066.0,MutNovel,"T362A,0.318"
X-2403,PHLDA1,22822.0,MutNovel,"QQ194Q,0.512"
X-2403,PI4KB,5298.0,MutNovel,"S43N,0.560"
X-2403,POLR3C,10623.0,MutKnownFunctional,"-511,0.324"
X-2403,POTEI,,MutNovel,"N815C,0.667"
X-2403,PRB2,653247.0,Amp5,7.26
X-2403,PTEN,5728.0,MutLikelyFunctional,"L146*,0.394"
X-2403,RALY,22913.0,MutNovel,"A230T,0.364"
X-2403,RAPGEF2,9693.0,MutKnownFunctional,"R728*,0.532"
X-2403,RBM28,55131.0,MutNovel,"ED243D,0.521"
X-2403,RERE,473.0,MutNovel,"R17RTG,0.304"
X-2403,RIN3,79890.0,MutNovel,"G967-,0.592"
X-2403,RRP7A,27341.0,MutNovel,"N65S,0.498"
X-2403,RSPH4A,345895.0,MutNovel,"V447A,1.000"
X-2403,RTEL1,51750.0,MutNovel,"A913T,0.273"
X-2403,RUNX1,861.0,MutNovel,"L56S,0.528"
X-2403,SEC61A1,29927.0,MutNovel,"D104N,0.544"
X-2403,SERINC2,347735.0,MutNovel,"-373Q,0.730"
X-2403,SETD1B,23067.0,MutNovel,"P1434T,0.257"
X-2403,SH2B1,25970.0,MutNovel,"G545C,0.531"
X-2403,SLC12A6,9990.0,MutNovel,"E1036K,0.560"
X-2403,SLC14A2,8170.0,MutNovel,"S32L,0.750"
X-2403,SLC26A2,1836.0,MutNovel,"Y589S,0.564"
X-2403,SMARCD3,6604.0,MutNovel,"Y290F,1.000"
X-2403,SND1,27044.0,MutNovel,"I24N,0.332"
X-2403,SOX9,6662.0,MutKnownFunctional,"-355,0.408"
X-2403,SPTBN5,51332.0,MutKnownFunctional,"R2259*,0.588"
X-2403,SPTY2D1,144108.0,MutNovel,"KR107R,0.430"
X-2403,SRGAP3,9901.0,MutKnownFunctional,"R42*,0.333"
X-2403,STK25,10494.0,MutNovel,"A310V,0.317"
X-2403,SUGP2,10147.0,MutNovel,"E803K,0.219"
X-2403,SUMO3,6612.0,MutNovel,"T12I,0.451"
X-2403,TAB2,23118.0,MutKnownFunctional,"R619*,0.397"
X-2403,TAB3,257397.0,MutNovel,"T570M,1.000"
X-2403,TBC1D7,51256.0,MutNovel,"G21R,0.520"
X-2403,TBP,6908.0,MutNovel,"-64Q,0.255"
X-2403,TMEM184A,202915.0,MutNovel,"G392GA,0.879"
X-2403,TMEM5,10329.0,MutNovel,"R44K,0.346"
X-2403,TMPRSS3,64699.0,MutNovel,"R166W,0.583"
X-2403,TOR4A,,MutNovel,"A318V,0.492"
X-2403,TRMU,55687.0,MutNovel,"E148K,0.422"
X-2403,TSPYL1,7259.0,MutNovel,"V176VW,0.899"
X-2403,TUSC1,286319.0,MutNovel,"S42G,0.636"
X-2403,UAP1L1,91373.0,MutNovel,"V79L,0.364"
X-2403,UNC5B,219699.0,MutNovel,"T296I,0.455"
X-2403,USP21,27005.0,MutNovel,"G412S,0.435"
X-2403,USP36,57602.0,MutNovel,"KKK958K,0.409"
X-2403,USP48,84196.0,MutNovel,"F447C,0.287"
X-2403,UTY,7404.0,MutNovel,"WN1025FP,0.286"
X-2403,UTY,7404.0,MutNovel,"N1023F,0.333"
X-2403,UTY,7404.0,MutNovel,"LP1021PG,0.333"
X-2403,UTY,7404.0,MutNovel,"S1020I,0.333"
X-2403,UTY,7404.0,MutNovel,"HL1018QI,0.333"
X-2403,UTY,7404.0,MutNovel,"FS1016LI,0.333"
X-2403,UTY,7404.0,MutNovel,"F1016H,0.400"
X-2403,UTY,7404.0,MutKnownFunctional,"KR1014N*,0.400"
X-2403,UTY,7404.0,MutNovel,"F1013H,0.500"
X-2403,UTY,7404.0,MutNovel,"G1012W,0.400"
X-2403,UTY,7404.0,MutNovel,"P1010I,0.667"
X-2403,UTY,7404.0,MutNovel,"P1008Q,0.667"
X-2403,UTY,7404.0,MutNovel,"Q1007K,0.667"
X-2403,UTY,7404.0,MutNovel,"G997H,0.500"
X-2403,UTY,7404.0,MutNovel,"A996S,0.500"
X-2403,UTY,7404.0,MutNovel,"P1010L,0.833"
X-2403,UTY,7404.0,MutNovel,"K1008P,0.714"
X-2403,UTY,7404.0,MutNovel,"NP1006TI,0.750"
X-2403,UTY,7404.0,MutNovel,"Y988F,0.941"
X-2403,UTY,7404.0,MutKnownFunctional,"Q510*,0.345"
X-2403,UTY,7404.0,MutNovel,"P508L,0.233"
X-2403,UTY,7404.0,MutNovel,"HP507SS,0.345"
X-2403,UTY,7404.0,MutNovel,"H506W,0.259"
X-2403,UTY,7404.0,MutNovel,"S505Q,0.300"
X-2403,UTY,7404.0,MutNovel,"HA348PT,0.500"
X-2403,UTY,7404.0,MutNovel,"LD344CL,0.500"
X-2403,UTY,7404.0,MutNovel,"Q343V,0.583"
X-2403,UTY,7404.0,MutNovel,"V342A,0.625"
X-2403,UTY,7404.0,MutNovel,"V342S,0.625"
X-2403,UTY,7404.0,MutNovel,"V342L,0.438"
X-2403,UTY,7404.0,MutKnownFunctional,"YI338*V,0.333"
X-2403,UTY,7404.0,MutNovel,"Y338S,0.545"
X-2403,UTY,7404.0,MutNovel,"Y338S,0.467"
X-2403,UTY,7404.0,MutNovel,"Y338T,0.467"
X-2403,UTY,7404.0,MutNovel,"A337G,0.545"
X-2403,UTY,7404.0,MutKnownFunctional,"A337*,0.545"
X-2403,UTY,7404.0,MutNovel,"L335T,0.500"
X-2403,UTY,7404.0,MutNovel,"D333E,0.600"
X-2403,UTY,7404.0,MutNovel,"M332P,0.500"
X-2403,UTY,7404.0,MutNovel,"QP330PT,0.500"
X-2403,UTY,7404.0,MutNovel,"NQ329KS,0.625"
X-2403,UTY,7404.0,MutKnownFunctional,"Y325*,0.400"
X-2403,UTY,7404.0,MutNovel,"V323L,0.400"
X-2403,UTY,7404.0,MutNovel,"S314R,0.889"
X-2403,UTY,7404.0,MutNovel,"EA312VI,0.857"
X-2403,UTY,7404.0,MutNovel,"SE311KK,0.889"
X-2403,UTY,7404.0,MutNovel,"K310R,0.727"
X-2403,UTY,7404.0,MutKnownFunctional,"K310*,0.818"
X-2403,UTY,7404.0,MutNovel,"Y304F,0.800"
X-2403,UTY,7404.0,MutNovel,"S283C,0.750"
X-2403,UTY,7404.0,MutNovel,"Q282P,0.667"
X-2403,UTY,7404.0,MutNovel,"NS279RL,0.600"
X-2403,UTY,7404.0,MutNovel,"A276Y,0.667"
X-2403,UTY,7404.0,MutNovel,"E275Q,0.400"
X-2403,UTY,7404.0,MutNovel,"S273P,0.500"
X-2403,UTY,7404.0,MutNovel,"L270P,0.375"
X-2403,UTY,7404.0,MutNovel,"L270P,0.667"
X-2403,UTY,7404.0,MutNovel,"L270A,0.667"
X-2403,UTY,7404.0,MutNovel,"I267M,0.500"
X-2403,UTY,7404.0,MutNovel,"I267R,0.500"
X-2403,UTY,7404.0,MutNovel,"S264R,0.364"
X-2403,UTY,7404.0,MutNovel,"S264V,0.364"
X-2403,UTY,7404.0,MutNovel,"KE262SS,0.250"
X-2403,UTY,7404.0,MutNovel,"K262E,0.286"
X-2403,UTY,7404.0,MutNovel,"K262E,0.286"
X-2403,UTY,7404.0,MutNovel,"KA259VS,0.308"
X-2403,UTY,7404.0,MutNovel,"D258P,0.267"
X-2403,UTY,7404.0,MutNovel,"VG256WR,0.294"
X-2403,UTY,7404.0,MutNovel,"DL254VA,0.316"
X-2403,UTY,7404.0,MutNovel,"NM252RL,0.211"
X-2403,UTY,7404.0,MutNovel,"HH250QR,0.294"
X-2403,UTY,7404.0,MutNovel,"MH249IG,0.222"
X-2403,UTY,7404.0,MutNovel,"M249K,0.350"
X-2403,UTY,7404.0,MutNovel,"W248R,0.250"
X-2403,UTY,7404.0,MutKnownFunctional,"QQ244H*,0.231"
X-2403,UTY,7404.0,MutNovel,"Q244A,0.267"
X-2403,UTY,7404.0,MutNovel,"V242A,0.214"
X-2403,UTY,7404.0,MutNovel,"T241G,0.286"
X-2403,UTY,7404.0,MutNovel,"Y155R,0.600"
X-2403,UTY,7404.0,MutNovel,"AL45RI,0.267"
X-2403,UTY,7404.0,MutNovel,"RE43IL,0.214"
X-2403,VARS,7407.0,MutNovel,"A767T,0.523"
X-2403,VPS33B,26276.0,MutNovel,"E79Q,0.411"
X-2403,XPO7,23039.0,MutNovel,"V308A,0.588"
X-2403,ZDHHC11,79844.0,MutNovel,"A303D,0.667"
X-2403,ZNF20,7568.0,MutNovel,"R238H,0.391"
X-2403,ZNF439,90594.0,MutNovel,"R371T,0.800"
X-2403,ZNF512,84450.0,MutNovel,"P557H,0.405"
X-2403,ZNF841,284371.0,MutNovel,"G733A,0.296"
X-2403,ZNF888,,MutNovel,"Q450P,0.488"
X-2483,ABCA12,26154.0,MutNovel,"L1645F,0.720"
X-2483,ABCB7,22.0,Del0.8,0.76
X-2483,ABCF3,55324.0,MutNovel,"V309L,0.617"
X-2483,ACAA2,10449.0,Del0.8,0.8
X-2483,ACADL,33.0,Amp5,7.73
X-2483,ACE2,59272.0,Del0.8,0.77
X-2483,ACER2,340485.0,Del0.8,0.79
X-2483,ACOT9,23597.0,Del0.8,0.77
X-2483,ACOX2,8309.0,MutNovel,"V8L,0.250"
X-2483,ACRC,93953.0,Del0.8,0.77
X-2483,ACSL4,2182.0,Del0.8,0.77
X-2483,ACTRT1,139741.0,Del0.8,0.77
X-2483,ADAM23,8745.0,Amp5,6.36
X-2483,ADAM6,8755.0,Amp5,5.58
X-2483,ADAMTSL1,92949.0,Del0.8,0.79
X-2483,ADNP2,22850.0,Del0.8,0.8
X-2483,ADRA1A,148.0,Del0.8,0.77
X-2483,ADRB3,155.0,Del0.8,0.79
X-2483,AFAP1L2,84632.0,MutNovel,"D491N,0.580"
X-2483,AFF2,2334.0,Del0.8,0.78
X-2483,AGPAT5,55326.0,Del0.8,0.8
X-2483,AGTR2,186.0,Del0.8,0.77
X-2483,AGXT2L2,85007.0,MutNovel,"G281A,0.409"
X-2483,AIFM1,9131.0,Del0.8,0.77
X-2483,AK3,50808.0,Del0.8,0.78
X-2483,AKAP14,158798.0,Del0.8,0.77
X-2483,AKAP17A,8227.0,Del0.8,0.77
X-2483,AKAP4,8852.0,Del0.8,0.77
X-2483,AKT1S1,84335.0,MutNovel,"R23W,1.000"
X-2483,ALAS2,212.0,Del0.8,0.77
X-2483,ALG13,79868.0,Del0.8,0.77
X-2483,ALKBH8,91801.0,MutNovel,"S570L,0.390"
X-2483,ALPK2,115701.0,Del0.8,0.8
X-2483,AMELX,265.0,Del0.8,0.77
X-2483,AMELY,266.0,Del0.8,0.22
X-2483,AMMECR1,9949.0,Del0.8,0.77
X-2483,AMOT,154796.0,Del0.8,0.77
X-2483,ANAPC2,29882.0,MutNovel,"A617V,0.481"
X-2483,ANGPT2,285.0,Del0.8,0.8
X-2483,ANKRD29,147463.0,Amp5,6.54
X-2483,AP1S2,8905.0,Del0.8,0.77
X-2483,APAF1,317.0,MutNovel,"D669V,0.543"
X-2483,APC,324.0,MutNovel,"E1317Q,1.000"
X-2483,APEX2,27301.0,Del0.8,0.77
X-2483,APLN,8862.0,Del0.8,0.77
X-2483,APOO,79135.0,Del0.8,0.77
X-2483,APOOL,139322.0,Del0.8,0.76
X-2483,AQP12A,375318.0,MutNovel,"H244R,1.000"
X-2483,AQP4,361.0,Del0.8,0.79
X-2483,AR,367.0,Del0.8,0.77
X-2483,ARAF,369.0,Del0.8,0.77
X-2483,ARHGAP31,57514.0,MutNovel,"R1103G,0.833"
X-2483,ARHGAP36,158763.0,Del0.8,0.77
X-2483,ARHGAP6,395.0,Del0.8,0.77
X-2483,ARHGEF6,9459.0,Del0.8,0.77
X-2483,ARHGEF9,23229.0,Del0.8,0.77
X-2483,ARL13A,392509.0,Del0.8,0.77
X-2483,ARMCX1,51309.0,Del0.8,0.77
X-2483,ARMCX2,9823.0,Del0.8,0.77
X-2483,ARMCX3,51566.0,Del0.8,0.77
X-2483,ARMCX4,100131755.0,Del0.8,0.77
X-2483,ARMCX5,64860.0,Del0.8,0.77
X-2483,ARMCX5-GPRASP2,100528062.0,Del0.8,0.77
X-2483,ARMCX6,54470.0,Del0.8,0.77
X-2483,ARPC3,10094.0,MutNovel,"K119E,0.334"
X-2483,ARR3,407.0,Del0.8,0.77
X-2483,ARSD,414.0,Del0.8,0.77
X-2483,ARSE,415.0,Del0.8,0.77
X-2483,ARSF,416.0,Del0.8,0.77
X-2483,ARSH,347527.0,Del0.8,0.77
X-2483,ARX,170302.0,Del0.8,0.77
X-2483,ASB1,51665.0,MutNovel,"V154M,0.386"
X-2483,ASB11,140456.0,Del0.8,0.77
X-2483,ASB12,142689.0,Del0.8,0.77
X-2483,ASB9,140462.0,Del0.8,0.77
X-2483,ASH2L,9070.0,Del0.8,0.79
X-2483,ASMT,438.0,Del0.8,0.77
X-2483,ASMTL,8623.0,Del0.8,0.77
X-2483,ASMTL-AS1,80161.0,Del0.8,0.77
X-2483,ASXL3,80816.0,Del0.8,0.78
X-2483,ATG4A,115201.0,Del0.8,0.77
X-2483,ATP11A,23250.0,MutNovel,"R118Q,0.658"
X-2483,ATP11C,286410.0,Del0.8,0.77
X-2483,ATP1B4,23439.0,Del0.8,0.77
X-2483,ATP5A1,498.0,Del0.8,0.8
X-2483,ATP6AP2,10159.0,Del0.8,0.77
X-2483,ATP7A,538.0,Del0.8,0.76
X-2483,ATP8B1,5205.0,Del0.8,0.8
X-2483,ATP9B,374868.0,Del0.8,0.8
X-2483,ATRX,546.0,Del0.8,0.76
X-2483,ATXN3L,92552.0,Del0.8,0.77
X-2483,AWAT1,158833.0,Del0.8,0.77
X-2483,AWAT2,158835.0,Del0.8,0.77
X-2483,B4GALT6,9331.0,Del0.8,0.79
X-2483,BAG4,9530.0,Del0.8,0.79
X-2483,BAHCC1,57597.0,MutNovel,"R109H,1.000"
X-2483,BAIAP3,8938.0,MutNovel,"G1116R,0.286"
X-2483,BCL2,596.0,Del0.8,0.8
X-2483,BCOR,54880.0,Del0.8,0.77
X-2483,BCORL1,63035.0,Del0.8,0.77
X-2483,BCORP1,286554.0,Del0.8,0.22
X-2483,BCYRN1,618.0,Del0.8,0.77
X-2483,BEND2,139105.0,Del0.8,0.77
X-2483,BEX1,55859.0,Del0.8,0.77
X-2483,BEX2,84707.0,Del0.8,0.77
X-2483,BEX4,56271.0,Del0.8,0.77
X-2483,BEX5,340542.0,Del0.8,0.77
X-2483,BGN,633.0,Del0.8,0.78
X-2483,BHLHB9,80823.0,Del0.8,0.77
X-2483,BMP15,9210.0,Del0.8,0.77
X-2483,BMX,660.0,Del0.8,0.77
X-2483,BNC2,54796.0,Del0.8,0.79
X-2483,BOD1L2,284257.0,Del0.8,0.8
X-2483,BPY2B,442867.0,Del0.8,0.22
X-2483,BPY2B,442867.0,Del0.8,0.22
X-2483,BRAF,673.0,MutKnownFunctional,"V600E,0.484"
X-2483,BRF2,55290.0,Del0.8,0.79
X-2483,BRS3,680.0,Del0.8,0.77
X-2483,BRWD1,54014.0,MutNovel,"P2151S,0.227"
X-2483,BRWD3,254065.0,Del0.8,0.76
X-2483,BTK,695.0,Del0.8,0.77
X-2483,C16orf59,80178.0,MutNovel,"V147G,0.263"
X-2483,C18orf21,83608.0,Del0.8,0.78
X-2483,C18orf25,147339.0,Del0.8,0.8
X-2483,C18orf26,284254.0,Del0.8,0.8
X-2483,C18orf32,497661.0,Del0.8,0.8
X-2483,C18orf54,162681.0,Del0.8,0.8
X-2483,C18orf62,284274.0,Del0.8,0.8
X-2483,C18orf63,644041.0,Del0.8,0.8
X-2483,C18orf8,29919.0,Amp5,6.54
X-2483,C1GALT1C1,29071.0,Del0.8,0.77
X-2483,C20orf112,140688.0,MutNovel,"P376H,0.441"
X-2483,C2orf80,389073.0,Amp5,6.41
X-2483,C5orf51,285636.0,MutNovel,"S157C,0.561"
X-2483,C6orf163,206412.0,MutNovel,"K8R,1.000"
X-2483,C8orf86,389649.0,Del0.8,0.79
X-2483,C9orf123,90871.0,Del0.8,0.78
X-2483,C9orf66,157983.0,Del0.8,0.78
X-2483,CA5B,11238.0,Del0.8,0.77
X-2483,CA5BP1,340591.0,Del0.8,0.77
X-2483,CABLES1,91768.0,Amp5,6.54
X-2483,CABYR,26256.0,Amp5,6.54
X-2483,CACNA1F,778.0,Del0.8,0.77
X-2483,CADPS,8618.0,MutNovel,"H970R,0.357"
X-2483,CAPN6,827.0,Del0.8,0.77
X-2483,CARS,833.0,MutNovel,"R595H,0.311"
X-2483,CASK,8573.0,Del0.8,0.77
X-2483,CASZ1,54897.0,MutNovel,"G1662A,0.600"
X-2483,CBLN2,147381.0,Del0.8,0.8
X-2483,CBWD6,644019.0,MutKnownFunctional,"-259?,0.284"
X-2483,CCBE1,147372.0,Del0.8,0.8
X-2483,CCDC102B,79839.0,Del0.8,0.8
X-2483,CCDC11,220136.0,Del0.8,0.8
X-2483,CCDC120,90060.0,Del0.8,0.77
X-2483,CCDC160,347475.0,Del0.8,0.77
X-2483,CCDC22,28952.0,Del0.8,0.77
X-2483,CCDC24,149473.0,MutNovel,"E267G,0.278"
X-2483,CCDC25,55246.0,Del0.8,0.77
X-2483,CCDC66,285331.0,MutNovel,"S646L,0.790"
X-2483,CCDC68,80323.0,Del0.8,0.8
X-2483,CCNB3,85417.0,Del0.8,0.77
X-2483,CCNL2,81669.0,MutNovel,"L77F,0.353"
X-2483,CCNYL1,151195.0,Amp5,6.41
X-2483,CD226,10666.0,Del0.8,0.8
X-2483,CD274,29126.0,Del0.8,0.78
X-2483,CD40LG,959.0,Del0.8,0.77
X-2483,CD99,4267.0,Del0.8,0.77
X-2483,CD99L2,83692.0,Del0.8,0.78
X-2483,CD99P1,401577.0,Del0.8,0.77
X-2483,CDC37L1,55664.0,Del0.8,0.78
X-2483,CDC42EP1,11135.0,MutNovel,"PAPAANPS253P,0.746"
X-2483,CDH19,28513.0,Del0.8,0.8
X-2483,CDH2,1000.0,Del0.8,0.79
X-2483,CDH20,28316.0,Del0.8,0.8
X-2483,CDH7,1005.0,Del0.8,0.8
X-2483,CDK16,5127.0,Del0.8,0.77
X-2483,CDKL5,6792.0,Del0.8,0.77
X-2483,CDR1,1038.0,Del0.8,0.77
X-2483,CDX4,1046.0,Del0.8,0.76
X-2483,CDY1B,253175.0,Del0.8,0.22
X-2483,CDY1B,253175.0,Del0.8,0.22
X-2483,CDY2A,9426.0,Del0.8,0.22
X-2483,CDY2A,9426.0,Del0.8,0.22
X-2483,CDY2B,203611.0,Del0.8,0.22
X-2483,CDY2B,203611.0,Del0.8,0.22
X-2483,CEACAM1,634.0,MutNovel,"T100I,0.569"
X-2483,CEACAM1,634.0,MutNovel,"S96I,0.542"
X-2483,CEACAM3,1084.0,MutNovel,"G48A,1.000"
X-2483,CEACAM4,1089.0,MutNovel,"F27S,1.000"
X-2483,CEACAM8,1088.0,MutNovel,"T171I,1.000"
X-2483,CEL,1056.0,MutNovel,"D504H,0.206"
X-2483,CELF4,56853.0,Del0.8,0.78
X-2483,CENPC1,1060.0,MutNovel,"K323R,0.344"
X-2483,CENPI,2491.0,Del0.8,0.77
X-2483,CER1,9350.0,Del0.8,0.79
X-2483,CERK,64781.0,MutNovel,"-8GRR,0.286"
X-2483,CETN2,1069.0,Del0.8,0.78
X-2483,CFP,5199.0,Del0.8,0.77
X-2483,CHIC1,53344.0,Del0.8,0.76
X-2483,CHM,1121.0,Del0.8,0.76
X-2483,CHRDL1,91851.0,Del0.8,0.77
X-2483,CHRNA2,1135.0,Del0.8,0.77
X-2483,CHST7,56548.0,Del0.8,0.77
X-2483,CHST9,83539.0,Del0.8,0.79
X-2483,CHST9-AS1,147429.0,Del0.8,0.79
X-2483,CITED1,4435.0,Del0.8,0.77
X-2483,CLCN4,1183.0,Del0.8,0.77
X-2483,CLCN5,1184.0,Del0.8,0.77
X-2483,CLDN2,9075.0,Del0.8,0.77
X-2483,CLIP2,7461.0,MutNovel,"G266D,0.632"
X-2483,CLU,1191.0,Del0.8,0.77
X-2483,CNDP1,84735.0,Del0.8,0.8
X-2483,CNDP2,55748.0,Del0.8,0.8
X-2483,CNGA2,1260.0,Del0.8,0.78
X-2483,CNKSR2,22866.0,Del0.8,0.77
X-2483,CNTLN,54875.0,Del0.8,0.79
X-2483,COL14A1,7373.0,Amp8,27.1
X-2483,COL4A1,1282.0,MutNovel,"K48N,1.000"
X-2483,COL4A5,1287.0,Del0.8,0.77
X-2483,COL4A6,1288.0,Del0.8,0.77
X-2483,COMMD3,23412.0,MutNovel,"T138N,0.464"
X-2483,COX7B,1349.0,Del0.8,0.76
X-2483,CPLX4,339302.0,Del0.8,0.8
X-2483,CPO,130749.0,Amp5,6.36
X-2483,CPXCR1,53336.0,Del0.8,0.76
X-2483,CREB1,1385.0,Amp5,6.41
X-2483,CRLF2,64109.0,Del0.8,0.77
X-2483,CRTC2,200186.0,MutNovel,"R379C,0.382"
X-2483,CRYGA,1418.0,Amp5,6.41
X-2483,CRYGB,1419.0,Amp5,6.41
X-2483,CRYGC,1420.0,Amp5,6.41
X-2483,CRYGD,1421.0,Amp5,6.41
X-2483,CSAG1,158511.0,Del0.8,0.78
X-2483,CSAG2,728461.0,Del0.8,0.78
X-2483,CSAG2,728461.0,Del0.8,0.78
X-2483,CSAG3,389903.0,Del0.8,0.78
X-2483,CSAG3,389903.0,Del0.8,0.78
X-2483,CSF2RA,1438.0,Del0.8,0.77
X-2483,CSPG4P1Y,114758.0,Del0.8,0.22
X-2483,CSPG4P1Y,114758.0,Del0.8,0.22
X-2483,CSTF2,1478.0,Del0.8,0.77
X-2483,CT45A1,541466.0,Del0.8,0.77
X-2483,CT45A2,728911.0,Del0.8,0.77
X-2483,CT45A3,441519.0,Del0.8,0.77
X-2483,CT45A4,441520.0,Del0.8,0.77
X-2483,CT45A4,441520.0,Del0.8,0.77
X-2483,CT45A5,441521.0,Del0.8,0.77
X-2483,CT45A6,541465.0,Del0.8,0.77
X-2483,CT47A1,728096.0,Del0.8,0.77
X-2483,CT47A10,728036.0,Del0.8,0.77
X-2483,CT47A6,728062.0,Del0.8,0.77
X-2483,CT47A7,653282.0,Del0.8,0.77
X-2483,CT47B1,643311.0,Del0.8,0.77
X-2483,CTDP1,9150.0,Del0.8,0.8
X-2483,CTIF,9811.0,Del0.8,0.8
X-2483,CTPS2,56474.0,Del0.8,0.77
X-2483,CTSA,5476.0,MutNovel,"L29-,0.872"
X-2483,CUL4B,8450.0,Del0.8,0.77
X-2483,CXCR3,2833.0,Del0.8,0.77
X-2483,CXXC1,30827.0,Del0.8,0.8
X-2483,CXXC1P1,392459.0,Del0.8,0.77
X-2483,CXorf1,9142.0,Del0.8,0.78
X-2483,CXorf21,80231.0,Del0.8,0.77
X-2483,CXorf22,170063.0,Del0.8,0.77
X-2483,CXorf23,256643.0,Del0.8,0.77
X-2483,CXorf26,51260.0,Del0.8,0.76
X-2483,CXorf27,25763.0,Del0.8,0.77
X-2483,CXorf28,100129464.0,Del0.8,0.77
X-2483,CXorf30,645090.0,Del0.8,0.77
X-2483,CXorf36,79742.0,Del0.8,0.77
X-2483,CXorf38,159013.0,Del0.8,0.77
X-2483,CXorf40A,91966.0,Del0.8,0.78
X-2483,CXorf40B,541578.0,Del0.8,0.78
X-2483,CXorf48,54967.0,Del0.8,0.77
X-2483,CXorf49B,100132994.0,Del0.8,0.77
X-2483,CXorf49B,100132994.0,Del0.8,0.77
X-2483,CXorf51A,100129239.0,Del0.8,0.78
X-2483,CXorf51A,100129239.0,Del0.8,0.78
X-2483,CXorf56,63932.0,Del0.8,0.77
X-2483,CXorf57,55086.0,Del0.8,0.77
X-2483,CXorf58,254158.0,Del0.8,0.77
X-2483,CXorf59,286464.0,Del0.8,0.77
X-2483,CXorf61,203413.0,Del0.8,0.77
X-2483,CXorf64,100130613.0,Del0.8,0.77
X-2483,CXorf65,158830.0,Del0.8,0.77
X-2483,CXorf66,347487.0,Del0.8,0.77
X-2483,CXorf69,644538.0,Del0.8,0.77
X-2483,CYB5A,1528.0,Del0.8,0.8
X-2483,CYBB,1536.0,Del0.8,0.77
X-2483,CYLC1,1538.0,Del0.8,0.76
X-2483,CYSLTR1,10800.0,Del0.8,0.76
X-2483,DACH2,117154.0,Del0.8,0.76
X-2483,DAZ1,1617.0,Del0.8,0.22
X-2483,DAZ2,57055.0,Del0.8,0.22
X-2483,DAZ3,57054.0,Del0.8,0.22
X-2483,DAZ3,57054.0,Del0.8,0.22
X-2483,DAZ4,57135.0,Del0.8,0.22
X-2483,DAZ4,57135.0,Del0.8,0.22
X-2483,DCAF12L1,139170.0,Del0.8,0.77
X-2483,DCAF12L2,340578.0,Del0.8,0.77
X-2483,DCAF8L1,139425.0,Del0.8,0.77
X-2483,DCAF8L2,347442.0,Del0.8,0.77
X-2483,DCC,1630.0,Del0.8,0.8
X-2483,DCTN6,10671.0,Del0.8,0.77
X-2483,DCX,1641.0,Del0.8,0.77
X-2483,DDHD2,23259.0,Del0.8,0.79
X-2483,DDX26B,203522.0,Del0.8,0.77
X-2483,DDX3X,1654.0,Del0.8,0.77
X-2483,DDX3Y,8653.0,Del0.8,0.22
X-2483,DDX53,168400.0,Del0.8,0.77
X-2483,DEFA10P,449493.0,Del0.8,0.8
X-2483,DEFA1B,728358.0,Del0.8,0.8
X-2483,DEFA4,1669.0,Del0.8,0.8
X-2483,DEFA5,1670.0,Del0.8,0.8
X-2483,DEFA6,1671.0,Del0.8,0.8
X-2483,DEFB1,1672.0,Del0.8,0.8
X-2483,DEFB103A,414325.0,Del0.8,0.73
X-2483,DEFB103A,414325.0,Del0.8,0.73
X-2483,DEFB104B,503618.0,Del0.8,0.73
X-2483,DEFB104B,503618.0,Del0.8,0.73
X-2483,DEFB105B,504180.0,Del0.8,0.73
X-2483,DEFB105B,504180.0,Del0.8,0.73
X-2483,DEFB106B,503841.0,Del0.8,0.73
X-2483,DEFB106B,503841.0,Del0.8,0.73
X-2483,DEFB107A,245910.0,Del0.8,0.73
X-2483,DEFB107A,245910.0,Del0.8,0.73
X-2483,DEFB126,81623.0,MutKnownFunctional,"-53,1.000"
X-2483,DEFB4A,1673.0,Del0.8,0.73
X-2483,DEFB4B,100289462.0,Del0.8,0.73
X-2483,DEFT1P,170949.0,Del0.8,0.8
X-2483,DENND4C,55667.0,Del0.8,0.79
X-2483,DEPTOR,64798.0,Amp8,27.1
X-2483,DGAT2L6,347516.0,Del0.8,0.77
X-2483,DGKK,139189.0,Del0.8,0.77
X-2483,DHRSX,207063.0,Del0.8,0.77
X-2483,DIAPH2,1730.0,Del0.8,0.77
X-2483,DKFZp686D0853,401613.0,Del0.8,0.77
X-2483,DLG3,1741.0,Del0.8,0.77
X-2483,DLGAP4,22839.0,MutNovel,"R708Q,0.578"
X-2483,DMD,1756.0,Del0.8,0.77
X-2483,DMRT1,1761.0,Del0.8,0.78
X-2483,DMRT2,10655.0,Del0.8,0.78
X-2483,DMRT3,58524.0,Del0.8,0.78
X-2483,DOCK11,139818.0,Del0.8,0.77
X-2483,DOCK8,81704.0,Del0.8,0.78
X-2483,DOK6,220164.0,Del0.8,0.8
X-2483,DRP2,1821.0,Del0.8,0.77
X-2483,DSC1,1823.0,Del0.8,0.79
X-2483,DSC2,1824.0,Del0.8,0.79
X-2483,DSC3,1825.0,Del0.8,0.79
X-2483,DSCC1,79075.0,Amp8,27.1
X-2483,DSEL,92126.0,Del0.8,0.8
X-2483,DSG1,1828.0,Del0.8,0.79
X-2483,DSG2,1829.0,Del0.8,0.79
X-2483,DSG3,1830.0,Del0.8,0.79
X-2483,DSG4,147409.0,Del0.8,0.79
X-2483,DTNA,1837.0,Del0.8,0.78
X-2483,DUSP21,63904.0,Del0.8,0.77
X-2483,DUSP26,78986.0,Del0.8,0.77
X-2483,DUSP4,1846.0,Del0.8,0.77
X-2483,DYM,54808.0,Del0.8,0.8
X-2483,DYNC1LI1,51143.0,MutNovel,"P409T,0.502"
X-2483,DYNLT3,6990.0,Del0.8,0.77
X-2483,DYTN,391475.0,Amp5,6.36
X-2483,E4F1,1877.0,MutNovel,"A466V,0.335"
X-2483,EBP,10682.0,Del0.8,0.77
X-2483,ECHDC1,55862.0,MutNovel,"M136V,0.392"
X-2483,EDA,1896.0,Del0.8,0.77
X-2483,EDA2R,60401.0,Del0.8,0.77
X-2483,EEF1B2,1933.0,Amp5,6.36
X-2483,EEF2K,29904.0,MutNovel,"D382E,0.623"
X-2483,EFHC2,80258.0,Del0.8,0.77
X-2483,EFNB1,1947.0,Del0.8,0.77
X-2483,EGFL6,25975.0,Del0.8,0.77
X-2483,EIF1AX,1964.0,Del0.8,0.77
X-2483,EIF1AY,9086.0,Del0.8,0.22
X-2483,EIF2C1,26523.0,MutNovel,"V550M,0.303"
X-2483,EIF2S3,1968.0,Del0.8,0.77
X-2483,EIF3C,8663.0,MutNovel,"I573M,0.800"
X-2483,EIF4EBP1,1978.0,Del0.8,0.79
X-2483,EIF5AL1,143244.0,Del0.8,0.74
X-2483,ELAC1,55520.0,Del0.8,0.8
X-2483,ELAVL2,1993.0,Del0.8,0.79
X-2483,ELF4,2000.0,Del0.8,0.77
X-2483,ELK1,2002.0,MutNovel,"N113S,0.992"
X-2483,ELK1,2002.0,Del0.8,0.77
X-2483,ELP2,55250.0,Del0.8,0.78
X-2483,ELP3,55140.0,Del0.8,0.77
X-2483,EME2,197342.0,MutKnownFunctional,"-54,0.722"
X-2483,ENOX2,10495.0,Del0.8,0.77
X-2483,ENPP2,5168.0,Amp8,27.1
X-2483,EPG5,57724.0,Del0.8,0.8
X-2483,EPHX2,2053.0,Del0.8,0.77
X-2483,ERAS,3266.0,Del0.8,0.77
X-2483,ERCC6L,54821.0,Del0.8,0.77
X-2483,ERLIN2,11160.0,Del0.8,0.79
X-2483,ERMP1,79956.0,Del0.8,0.78
X-2483,ESAM,90952.0,MutNovel,"R159H,0.400"
X-2483,ESCO2,157570.0,Del0.8,0.77
X-2483,ESX1,80712.0,Del0.8,0.77
X-2483,EXTL3,2137.0,Del0.8,0.77
X-2483,F9,2158.0,Del0.8,0.77
X-2483,FAAH2,158584.0,Del0.8,0.77
X-2483,FAF2,23197.0,MutNovel,"L298V,0.992"
X-2483,FAM104B,90736.0,Del0.8,0.77
X-2483,FAM106A,80039.0,Del0.8,0.5
X-2483,FAM115C,285966.0,MutNovel,"C311R,1.000"
X-2483,FAM120C,54954.0,Del0.8,0.77
X-2483,FAM122B,159090.0,Del0.8,0.77
X-2483,FAM122C,159091.0,Del0.8,0.77
X-2483,FAM123B,139285.0,Del0.8,0.77
X-2483,FAM126A,84668.0,MutNovel,"G391E,0.487"
X-2483,FAM127A,8933.0,Del0.8,0.77
X-2483,FAM127B,26071.0,Del0.8,0.77
X-2483,FAM127C,441518.0,Del0.8,0.77
X-2483,FAM133A,286499.0,Del0.8,0.77
X-2483,FAM154A,158297.0,Del0.8,0.79
X-2483,FAM155B,27112.0,Del0.8,0.77
X-2483,FAM156A,29057.0,Del0.8,0.77
X-2483,FAM156A,29057.0,Del0.8,0.77
X-2483,FAM156B,727866.0,Del0.8,0.77
X-2483,FAM156B,727866.0,Del0.8,0.77
X-2483,FAM197Y2P,252946.0,Del0.8,0.22
X-2483,FAM199X,139231.0,Del0.8,0.77
X-2483,FAM21A,387680.0,Del0.8,0.63
X-2483,FAM41AY1,340618.0,Del0.8,0.22
X-2483,FAM41AY1,340618.0,Del0.8,0.22
X-2483,FAM45B,55855.0,Del0.8,0.77
X-2483,FAM46D,169966.0,Del0.8,0.76
X-2483,FAM47A,158724.0,Del0.8,0.77
X-2483,FAM47B,170062.0,Del0.8,0.77
X-2483,FAM47C,442444.0,Del0.8,0.77
X-2483,FAM48B1,100130302.0,Del0.8,0.77
X-2483,FAM48B2,170067.0,Del0.8,0.77
X-2483,FAM59A,64762.0,Del0.8,0.79
X-2483,FAM69C,125704.0,Del0.8,0.8
X-2483,FAM70A,55026.0,Del0.8,0.77
X-2483,FAM84B,157638.0,Amp8,25.46
X-2483,FAM9A,171482.0,Del0.8,0.77
X-2483,FAM9B,171483.0,Del0.8,0.77
X-2483,FAM9C,171484.0,Del0.8,0.77
X-2483,FANCB,2187.0,Del0.8,0.77
X-2483,FASN,2194.0,MutNovel,"V30M,1.000"
X-2483,FASTKD2,22868.0,Amp5,6.36
X-2483,FATE1,89885.0,Del0.8,0.78
X-2483,FBXO15,201456.0,Del0.8,0.8
X-2483,FBXO16,157574.0,Del0.8,0.77
X-2483,FBXW7,55294.0,MutKnownFunctional,"R479Q,0.444"
X-2483,FECH,2235.0,Del0.8,0.8
X-2483,FFAR2,2867.0,MutNovel,"T227M,1.000"
X-2483,FGD1,2245.0,Del0.8,0.77
X-2483,FGF13,2258.0,Del0.8,0.77
X-2483,FGF16,8823.0,Del0.8,0.76
X-2483,FGFR1,2260.0,MutNovel,"K172E,1.000"
X-2483,FGFR3,2261.0,MutNovel,"N315H,0.545"
X-2483,FHL1,2273.0,Del0.8,0.77
X-2483,FHOD3,80206.0,Del0.8,0.78
X-2483,FIGF,2277.0,Del0.8,0.77
X-2483,FLJ35024,401491.0,Del0.8,0.78
X-2483,FLJ41200,401492.0,Del0.8,0.79
X-2483,FLJ44635,392490.0,Del0.8,0.77
X-2483,FMR1,2332.0,Del0.8,0.78
X-2483,FMR1-AS1,100126270.0,Del0.8,0.78
X-2483,FMR1NB,158521.0,Del0.8,0.78
X-2483,FOXJ1,2302.0,MutNovel,"E267K,1.000"
X-2483,FOXO4,4303.0,Del0.8,0.77
X-2483,FOXP3,50943.0,Del0.8,0.77
X-2483,FOXR2,139628.0,Del0.8,0.77
X-2483,FREM1,158326.0,Del0.8,0.79
X-2483,FRMD7,90167.0,Del0.8,0.77
X-2483,FRMD8P1,83957.0,Del0.8,0.77
X-2483,FRMPD4,9758.0,Del0.8,0.77
X-2483,FTHL17,53940.0,Del0.8,0.77
X-2483,FTSJ1,24140.0,Del0.8,0.77
X-2483,FTX,100302692.0,Del0.8,0.76
X-2483,FUNDC1,139341.0,Del0.8,0.77
X-2483,FUT10,84750.0,Del0.8,0.77
X-2483,FZD3,7976.0,Del0.8,0.77
X-2483,FZD5,7855.0,Amp5,6.41
X-2483,GABRA3,2556.0,Del0.8,0.78
X-2483,GABRE,2564.0,Del0.8,0.78
X-2483,GABRQ,55879.0,Del0.8,0.78
X-2483,GAGE1,2543.0,Del0.8,0.77
X-2483,GAGE10,643832.0,Del0.8,0.77
X-2483,GAGE12D,100132399.0,Del0.8,0.77
X-2483,GAGE12F,100008586.0,Del0.8,0.77
X-2483,GAGE12J,729396.0,Del0.8,0.77
X-2483,GAGE13,645051.0,Del0.8,0.77
X-2483,GAGE2A,729447.0,Del0.8,0.77
X-2483,GAGE2B,645037.0,Del0.8,0.77
X-2483,GAGE2C,2574.0,Del0.8,0.77
X-2483,GAGE2D,729408.0,Del0.8,0.77
X-2483,GAGE2E,26749.0,Del0.8,0.77
X-2483,GALNT1,2589.0,Del0.8,0.78
X-2483,GALR1,2587.0,Del0.8,0.8
X-2483,GATA1,2623.0,Del0.8,0.77
X-2483,GBE1,2632.0,MutNovel,"R565Q,0.259"
X-2483,GDPD2,54857.0,Del0.8,0.77
X-2483,GEMIN8,54960.0,Del0.8,0.77
X-2483,GJB1,2705.0,Del0.8,0.77
X-2483,GK,2710.0,Del0.8,0.77
X-2483,GLA,2717.0,Del0.8,0.77
X-2483,GLDC,2731.0,Del0.8,0.78
X-2483,GLIS3,169792.0,Del0.8,0.78
X-2483,GLIS3-AS1,84850.0,Del0.8,0.78
X-2483,GLOD5,392465.0,Del0.8,0.77
X-2483,GLRA2,2742.0,Del0.8,0.77
X-2483,GLRA4,441509.0,Del0.8,0.77
X-2483,GLUD2,2747.0,Del0.8,0.77
X-2483,GNB2,2783.0,MutNovel,"A309V,0.523"
X-2483,GNL3L,54552.0,Del0.8,0.77
X-2483,GOLGA2P2Y,84559.0,Del0.8,0.22
X-2483,GOLGA2P2Y,84559.0,Del0.8,0.22
X-2483,GOLGA4,2803.0,MutNovel,"L1881P,0.290"
X-2483,GOT1L1,137362.0,Del0.8,0.79
X-2483,GPC3,2719.0,Del0.8,0.77
X-2483,GPC4,2239.0,Del0.8,0.77
X-2483,GPKOW,27238.0,Del0.8,0.77
X-2483,GPM6B,2824.0,Del0.8,0.77
X-2483,GPR1,2825.0,Amp5,6.36
X-2483,GPR101,83550.0,Del0.8,0.77
X-2483,GPR112,139378.0,Del0.8,0.77
X-2483,GPR119,139760.0,Del0.8,0.77
X-2483,GPR124,25960.0,Del0.8,0.79
X-2483,GPR143,4935.0,Del0.8,0.77
X-2483,GPR173,54328.0,Del0.8,0.77
X-2483,GPR174,84636.0,Del0.8,0.76
X-2483,GPR34,2857.0,Del0.8,0.77
X-2483,GPR50,9248.0,Del0.8,0.78
X-2483,GPR64,10149.0,Del0.8,0.77
X-2483,GPR82,27197.0,Del0.8,0.77
X-2483,GPRASP1,9737.0,Del0.8,0.77
X-2483,GPRASP2,114928.0,Del0.8,0.77
X-2483,GRIA3,2892.0,Del0.8,0.77
X-2483,GRIPAP1,56850.0,Del0.8,0.77
X-2483,GRP,2922.0,Del0.8,0.8
X-2483,GRPR,2925.0,Del0.8,0.77
X-2483,GSPT2,23708.0,Del0.8,0.77
X-2483,GSR,2936.0,Del0.8,0.77
X-2483,GSTT1,2952.0,Amp5,6.87
X-2483,GTF2E1,2960.0,MutNovel,"A399S,0.322"
X-2483,GTF2E2,2961.0,Del0.8,0.77
X-2483,GTPBP6,8225.0,Del0.8,0.77
X-2483,GUCY2F,2986.0,Del0.8,0.77
X-2483,GYG2,8908.0,Del0.8,0.77
X-2483,GYG2P1,352887.0,Del0.8,0.22
X-2483,H2BFM,286436.0,Del0.8,0.77
X-2483,H2BFWT,158983.0,Del0.8,0.77
X-2483,H2BFXP,767811.0,Del0.8,0.77
X-2483,H2BFXP,767811.0,Del0.8,0.77
X-2483,HAS2,3037.0,Amp8,28.05
X-2483,HAS2-AS1,594842.0,Amp8,28.05
X-2483,HAUS1,115106.0,Del0.8,0.8
X-2483,HAUS6,54801.0,Del0.8,0.79
X-2483,HAUS7,55559.0,Del0.8,0.78
X-2483,HCCS,3052.0,Del0.8,0.77
X-2483,HDAC6,10013.0,Del0.8,0.77
X-2483,HDAC8,55869.0,Del0.8,0.77
X-2483,HDHD1,8226.0,Del0.8,0.77
X-2483,HDHD2,84064.0,Del0.8,0.8
X-2483,HDX,139324.0,Del0.8,0.76
X-2483,HEPH,9843.0,Del0.8,0.77
X-2483,HLA-G,3135.0,MutNovel,"M49V,1.000"
X-2483,HLA-G,3135.0,MutNovel,"D63A,0.800"
X-2483,HLA-G,3135.0,MutNovel,"EE85DQ,1.000"
X-2483,HLA-G,3135.0,MutNovel,"T91I,1.000"
X-2483,HLA-G,3135.0,MutNovel,"EQ138DE,0.929"
X-2483,HLA-G,3135.0,MutNovel,"Y140D,0.929"
X-2483,HLA-G,3135.0,MutNovel,"Y140A,0.929"
X-2483,HLA-H,3136.0,Del0.8,0.7
X-2483,HMBOX1,79618.0,Del0.8,0.77
X-2483,HMGB3,3149.0,Del0.8,0.78
X-2483,HMGN5,79366.0,Del0.8,0.76
X-2483,HMSD,284293.0,Del0.8,0.8
X-2483,HNRNPH2,3188.0,Del0.8,0.77
X-2483,HOXA10,3206.0,MutNovel,"G50E,0.650"
X-2483,HPRT1,3251.0,Del0.8,0.77
X-2483,HRH4,59340.0,Amp5,6.54
X-2483,HS2ST1,9653.0,MutNovel,"R273K,0.348"
X-2483,HS6ST2,90161.0,Del0.8,0.77
X-2483,HSBP1L1,440498.0,Del0.8,0.8
X-2483,HSD17B10,3028.0,Del0.8,0.77
X-2483,HSFX2,100130086.0,Del0.8,0.78
X-2483,HSFX2,100130086.0,Del0.8,0.78
X-2483,HSFY2,159119.0,Del0.8,0.22
X-2483,HSFY2,159119.0,Del0.8,0.22
X-2483,HSPA1A,3303.0,MutNovel,"Q601K,0.375"
X-2483,HTATSF1,27336.0,Del0.8,0.77
X-2483,HTR2C,3358.0,Del0.8,0.77
X-2483,HUWE1,10075.0,Del0.8,0.77
X-2483,IDH1,3417.0,Amp5,6.41
X-2483,IDS,3423.0,Del0.8,0.78
X-2483,IER3IP1,51124.0,Del0.8,0.8
X-2483,IFNA1,3439.0,Del0.8,0.79
X-2483,IFNA10,3446.0,Del0.8,0.79
X-2483,IFNA13,3447.0,Del0.8,0.79
X-2483,IFNA14,3448.0,Del0.8,0.79
X-2483,IFNA16,3449.0,Del0.8,0.79
X-2483,IFNA17,3451.0,Del0.8,0.79
X-2483,IFNA2,3440.0,Del0.8,0.79
X-2483,IFNA21,3452.0,Del0.8,0.79
X-2483,IFNA22P,3453.0,Del0.8,0.79
X-2483,IFNA4,3441.0,Del0.8,0.79
X-2483,IFNA5,3442.0,Del0.8,0.79
X-2483,IFNA6,3443.0,Del0.8,0.79
X-2483,IFNA7,3444.0,Del0.8,0.79
X-2483,IFNA8,3445.0,Del0.8,0.79
X-2483,IFNB1,3456.0,Del0.8,0.79
X-2483,IFNE,338376.0,Del0.8,0.79
X-2483,IFNW1,3467.0,Del0.8,0.79
X-2483,IFT88,8100.0,MutNovel,"M248V,0.471"
X-2483,IGBP1,3476.0,Del0.8,0.77
X-2483,IGSF1,3547.0,Del0.8,0.77
X-2483,IGSF3,3321.0,MutNovel,"D1041G,0.421"
X-2483,IL13RA1,3597.0,Del0.8,0.77
X-2483,IL13RA2,3598.0,Del0.8,0.77
X-2483,IL1RAPL1,11141.0,Del0.8,0.77
X-2483,IL1RAPL2,26280.0,Del0.8,0.77
X-2483,IL2RG,3561.0,Del0.8,0.77
X-2483,IL33,90865.0,Del0.8,0.78
X-2483,IL3RA,3563.0,Del0.8,0.77
X-2483,IMPACT,55364.0,Amp5,6.54
X-2483,INE1,8552.0,Del0.8,0.77
X-2483,INE2,8551.0,Del0.8,0.77
X-2483,INGX,27160.0,Del0.8,0.77
X-2483,INO80C,125476.0,Del0.8,0.78
X-2483,INSL4,3641.0,Del0.8,0.78
X-2483,INSL6,11172.0,Del0.8,0.78
X-2483,INTS9,55756.0,Del0.8,0.77
X-2483,IQSEC2,23096.0,Del0.8,0.77
X-2483,IRS4,8471.0,Del0.8,0.77
X-2483,ITGB1BP2,26548.0,Del0.8,0.77
X-2483,ITIH6,347365.0,Del0.8,0.77
X-2483,ITM2A,9452.0,Del0.8,0.76
X-2483,JAK2,3717.0,Del0.8,0.8
X-2483,JPX,554203.0,Del0.8,0.76
X-2483,KAL1,3730.0,Del0.8,0.77
X-2483,KANK1,23189.0,Del0.8,0.78
X-2483,KAT6B,23522.0,MutNovel,"EEE1360-,0.571"
X-2483,KATNAL2,83473.0,Del0.8,0.8
X-2483,KC6,641516.0,Del0.8,0.78
X-2483,KCNAB3,9196.0,MutNovel,"I349T,1.000"
X-2483,KCND1,3750.0,Del0.8,0.77
X-2483,KCNE1L,23630.0,Del0.8,0.77
X-2483,KCNG2,26251.0,Del0.8,0.8
X-2483,KCNU1,157855.0,Del0.8,0.79
X-2483,KCNV2,169522.0,Del0.8,0.78
X-2483,KCTD1,284252.0,MutKnownFunctional,"-17,0.273"
X-2483,KDM4C,23081.0,Del0.8,0.78
X-2483,KDM5C,8242.0,Del0.8,0.77
X-2483,KDM5D,8284.0,Del0.8,0.22
X-2483,KDM6A,7403.0,Del0.8,0.77
X-2483,KDSR,2531.0,Del0.8,0.8
X-2483,KIAA0020,9933.0,Del0.8,0.78
X-2483,KIAA0125,9834.0,Amp5,5.58
X-2483,KIAA0196,9897.0,Amp8,25.46
X-2483,KIAA0317,9870.0,MutNovel,"R133H,0.309"
X-2483,KIAA0907,22889.0,MutNovel,"D536N,0.390"
X-2483,KIAA1210,57481.0,Del0.8,0.77
X-2483,KIAA1328,57536.0,Del0.8,0.78
X-2483,KIAA1432,57589.0,Del0.8,0.78
X-2483,KIAA1468,57614.0,Del0.8,0.8
X-2483,KIAA2022,340533.0,Del0.8,0.76
X-2483,KIAA2026,158358.0,Del0.8,0.78
X-2483,KIF13B,23303.0,Del0.8,0.77
X-2483,KIF4A,24137.0,Del0.8,0.77
X-2483,KLC2,64837.0,MutNovel,"R505C,0.675"
X-2483,KLF7,8609.0,Amp5,6.36
X-2483,KLF8,11279.0,Del0.8,0.77
X-2483,KLHL13,90293.0,Del0.8,0.77
X-2483,KLHL14,57565.0,Del0.8,0.79
X-2483,KLHL15,80311.0,Del0.8,0.77
X-2483,KLHL34,257240.0,Del0.8,0.77
X-2483,KLHL4,56062.0,Del0.8,0.76
X-2483,KLHL9,55958.0,Del0.8,0.79
X-2483,KRT14,3861.0,MutNovel,"R153W,1.000"
X-2483,KRT4,3851.0,MutNovel,"L143I,1.000"
X-2483,LAMA3,3909.0,Amp5,6.54
X-2483,LAMB3,3914.0,MutNovel,"R503Q,0.659"
X-2483,LAMP2,3920.0,Del0.8,0.77
X-2483,LANCL3,347404.0,Del0.8,0.77
X-2483,LAS1L,81887.0,Del0.8,0.77
X-2483,LCE3B,353143.0,Del0.8,0.38
X-2483,LCE3C,353144.0,Del0.8,0.38
X-2483,LDOC1,23641.0,Del0.8,0.77
X-2483,LEPREL1,55214.0,MutNovel,"V242I,0.905"
X-2483,LEPROTL1,23484.0,Del0.8,0.77
X-2483,LETM2,137994.0,Del0.8,0.79
X-2483,LGALS9C,654346.0,Del0.8,0.5
X-2483,LHFPL1,340596.0,Del0.8,0.77
X-2483,LINC00086,399668.0,Del0.8,0.77
X-2483,LINC00087,644596.0,Del0.8,0.77
X-2483,LINC00102,100359394.0,Del0.8,0.77
X-2483,LINC00305,221241.0,Del0.8,0.8
X-2483,LIPG,9388.0,Del0.8,0.8
X-2483,LMAN1,3998.0,Del0.8,0.8
X-2483,LOC100128420,100128420.0,Del0.8,0.77
X-2483,LOC100129407,100129407.0,Del0.8,0.77
X-2483,LOC100129515,100129515.0,Del0.8,0.77
X-2483,LOC100129520,100129520.0,Del0.8,0.77
X-2483,LOC100129662,100129662.0,Del0.8,0.77
X-2483,LOC100130231,100130231.0,Amp8,25.46
X-2483,LOC100131434,100131434.0,Del0.8,0.78
X-2483,LOC100131655,100131655.0,Del0.8,0.8
X-2483,LOC100132741,100132741.0,Del0.8,0.77
X-2483,LOC100132831,100132831.0,Del0.8,0.77
X-2483,LOC100133123,100133123.0,Del0.8,0.77
X-2483,LOC100133957,100133957.0,Del0.8,0.77
X-2483,LOC100272228,100272228.0,Del0.8,0.78
X-2483,LOC100287015,100287015.0,Del0.8,0.8
X-2483,LOC100287225,100287225.0,Del0.8,0.8
X-2483,LOC100287765,100287765.0,Del0.8,0.77
X-2483,LOC100288814,100288814.0,Del0.8,0.77
X-2483,LOC100505474,100505474.0,Del0.8,0.8
X-2483,LOC100505549,100505549.0,Del0.8,0.8
X-2483,LOC100505679,100505679.0,Del0.8,0.6
X-2483,LOC100505776,100505776.0,Del0.8,0.8
X-2483,LOC100505817,100505817.0,Del0.8,0.8
X-2483,LOC100506757,100506757.0,Del0.8,0.77
X-2483,LOC100506888,100506888.0,Del0.8,0.8
X-2483,LOC100507341,100507341.0,Del0.8,0.77
X-2483,LOC100507443,100507443.0,Amp5,6.41
X-2483,LOC100652770,100652770.0,Del0.8,0.79
X-2483,LOC100652791,100652791.0,Del0.8,0.8
X-2483,LOC157381,157381.0,Amp8,25.46
X-2483,LOC158572,158572.0,Del0.8,0.77
X-2483,LOC158696,158696.0,Del0.8,0.77
X-2483,LOC200726,200726.0,Amp5,6.36
X-2483,LOC284260,284260.0,Del0.8,0.78
X-2483,LOC284276,284276.0,Del0.8,0.8
X-2483,LOC284294,284294.0,Del0.8,0.8
X-2483,LOC286135,286135.0,Del0.8,0.77
X-2483,LOC286437,286437.0,Del0.8,0.77
X-2483,LOC286442,286442.0,Del0.8,0.77
X-2483,LOC286467,286467.0,Del0.8,0.77
X-2483,LOC339298,339298.0,Del0.8,0.8
X-2483,LOC340544,340544.0,Del0.8,0.77
X-2483,LOC347411,347411.0,Del0.8,0.77
X-2483,LOC388152,388152.0,Del0.8,0.6
X-2483,LOC389705,389705.0,Del0.8,0.79
X-2483,LOC389906,389906.0,Del0.8,0.77
X-2483,LOC390858,390858.0,Del0.8,0.8
X-2483,LOC391322,391322.0,Amp5,6.87
X-2483,LOC400654,400654.0,Del0.8,0.8
X-2483,LOC400655,400655.0,Del0.8,0.8
X-2483,LOC400657,400657.0,Del0.8,0.8
X-2483,LOC401588,401588.0,Del0.8,0.77
X-2483,LOC440300,440300.0,Del0.8,0.6
X-2483,LOC442459,442459.0,Del0.8,0.77
X-2483,LOC550643,550643.0,Del0.8,0.77
X-2483,LOC643486,643486.0,Del0.8,0.77
X-2483,LOC643542,643542.0,Del0.8,0.8
X-2483,LOC647946,647946.0,Del0.8,0.78
X-2483,LOC727677,727677.0,Amp8,25.99
X-2483,LOC728024,728024.0,Del0.8,0.79
X-2483,LOC728606,728606.0,Del0.8,0.79
X-2483,LOC729609,729609.0,Del0.8,0.77
X-2483,LOC729950,729950.0,Amp5,6.54
X-2483,LOC92249,92249.0,Del0.8,0.77
X-2483,LONRF3,79836.0,Del0.8,0.77
X-2483,LOXHD1,125336.0,Del0.8,0.8
X-2483,LPAR4,2846.0,Del0.8,0.76
X-2483,LPIN1,23175.0,MutNovel,"S339L,0.556"
X-2483,LRCH2,57631.0,Del0.8,0.77
X-2483,LSM1,27257.0,Del0.8,0.79
X-2483,LSR,51599.0,MutNovel,"G518GR,0.798"
X-2483,LUZP4,51213.0,Del0.8,0.77
X-2483,LUZP6,767558.0,MutNovel,"V40I,0.468"
X-2483,MAGEA1,4100.0,Del0.8,0.78
X-2483,MAGEA10,4109.0,Del0.8,0.78
X-2483,MAGEA10-MAGEA5,100533997.0,Del0.8,0.78
X-2483,MAGEA11,4110.0,Del0.8,0.78
X-2483,MAGEA12,4111.0,Del0.8,0.78
X-2483,MAGEA2,4101.0,Del0.8,0.78
X-2483,MAGEA2,4101.0,Del0.8,0.78
X-2483,MAGEA3,4102.0,Del0.8,0.78
X-2483,MAGEA4,4103.0,Del0.8,0.78
X-2483,MAGEA5,4104.0,Del0.8,0.78
X-2483,MAGEA6,4105.0,Del0.8,0.78
X-2483,MAGEA8,4107.0,Del0.8,0.78
X-2483,MAGEA9B,728269.0,Del0.8,0.78
X-2483,MAGEA9B,728269.0,Del0.8,0.78
X-2483,MAGEB1,4112.0,Del0.8,0.77
X-2483,MAGEB10,139422.0,Del0.8,0.77
X-2483,MAGEB16,139604.0,Del0.8,0.77
X-2483,MAGEB18,286514.0,Del0.8,0.77
X-2483,MAGEB2,4113.0,Del0.8,0.77
X-2483,MAGEB3,4114.0,Del0.8,0.77
X-2483,MAGEB4,4115.0,Del0.8,0.77
X-2483,MAGEB6,158809.0,Del0.8,0.77
X-2483,MAGEC1,9947.0,Del0.8,0.77
X-2483,MAGEC2,51438.0,Del0.8,0.77
X-2483,MAGEC3,139081.0,Del0.8,0.77
X-2483,MAGED1,9500.0,Del0.8,0.77
X-2483,MAGED2,10916.0,Del0.8,0.77
X-2483,MAGED4B,81557.0,Del0.8,0.77
X-2483,MAGED4B,81557.0,Del0.8,0.77
X-2483,MAGEE1,57692.0,Del0.8,0.76
X-2483,MAGEE2,139599.0,Del0.8,0.76
X-2483,MAGEH1,28986.0,Del0.8,0.77
X-2483,MAGIX,79917.0,Del0.8,0.77
X-2483,MAGT1,84061.0,Del0.8,0.76
X-2483,MAK16,84549.0,Del0.8,0.77
X-2483,MALT1,10892.0,Del0.8,0.8
X-2483,MAMLD1,10046.0,Del0.8,0.78
X-2483,MAOA,4128.0,Del0.8,0.77
X-2483,MAOB,4129.0,Del0.8,0.77
X-2483,MAP2,4133.0,Amp5,7.11
X-2483,MAP3K15,389840.0,Del0.8,0.77
X-2483,MAP3K4,4216.0,MutNovel,"PA1189P,0.600"
X-2483,MAP7D2,256714.0,Del0.8,0.77
X-2483,MAP7D3,79649.0,Del0.8,0.77
X-2483,MAPK4,5596.0,Del0.8,0.8
X-2483,MAPRE2,10982.0,Del0.8,0.78
X-2483,MAST2,23139.0,MutNovel,"P1069L,0.321"
X-2483,MBD1,4152.0,Del0.8,0.8
X-2483,MBD2,8932.0,Del0.8,0.8
X-2483,MBNL3,55796.0,Del0.8,0.77
X-2483,MBOAT4,619373.0,Del0.8,0.77
X-2483,MBP,4155.0,Del0.8,0.8
X-2483,MBTPS2,51360.0,Del0.8,0.77
X-2483,MC4R,4160.0,Del0.8,0.8
X-2483,MCF2,4168.0,Del0.8,0.77
X-2483,MCPH1,79648.0,Del0.8,0.8
X-2483,MCTS1,28985.0,Del0.8,0.77
X-2483,MDH1B,130752.0,Amp5,6.36
X-2483,ME2,4200.0,Del0.8,0.8
X-2483,MED12,9968.0,Del0.8,0.77
X-2483,MED14,9282.0,Del0.8,0.77
X-2483,MEP1B,4225.0,Del0.8,0.79
X-2483,METTL21A,151194.0,Amp5,6.41
X-2483,MEX3C,51320.0,Del0.8,0.8
X-2483,MGC16121,84848.0,Del0.8,0.77
X-2483,MID1,4281.0,Del0.8,0.77
X-2483,MID1IP1,58526.0,Del0.8,0.77
X-2483,MID2,11043.0,Del0.8,0.77
X-2483,MIR101-2,406894.0,Del0.8,0.78
X-2483,MIR105-1,406897.0,Del0.8,0.78
X-2483,MIR105-2,406898.0,Del0.8,0.78
X-2483,MIR106A,406899.0,Del0.8,0.77
X-2483,MIR122,406906.0,Del0.8,0.8
X-2483,MIR1256,100302155.0,Del0.8,0.77
X-2483,MIR1264,100302251.0,Del0.8,0.77
X-2483,MIR1277,100302214.0,Del0.8,0.77
X-2483,MIR1298,100302153.0,Del0.8,0.77
X-2483,MIR1468,100302115.0,Del0.8,0.77
X-2483,MIR1539,100302257.0,Del0.8,0.8
X-2483,MIR187,406963.0,Del0.8,0.78
X-2483,MIR188,406964.0,Del0.8,0.77
X-2483,MIR18B,574033.0,Del0.8,0.77
X-2483,MIR1911,100302222.0,Del0.8,0.77
X-2483,MIR1912,100302144.0,Del0.8,0.77
X-2483,MIR19B2,406981.0,Del0.8,0.77
X-2483,MIR20B,574032.0,Del0.8,0.77
X-2483,MIR2114,100313839.0,Del0.8,0.78
X-2483,MIR221,407006.0,Del0.8,0.77
X-2483,MIR222,407007.0,Del0.8,0.77
X-2483,MIR223,407008.0,Del0.8,0.77
X-2483,MIR2355,100423036.0,Amp5,6.36
X-2483,MIR23C,100500809.0,Del0.8,0.77
X-2483,MIR302F,100302131.0,Del0.8,0.79
X-2483,MIR31,407035.0,Del0.8,0.79
X-2483,MIR3130-1,100422993.0,Amp5,6.36
X-2483,MIR3130-2,100423002.0,Amp5,6.36
X-2483,MIR3148,100422876.0,Del0.8,0.77
X-2483,MIR3152,100422869.0,Del0.8,0.79
X-2483,MIR31HG,554202.0,Del0.8,0.79
X-2483,MIR320C2,100302195.0,Amp5,6.54
X-2483,MIR320D2,100302169.0,Del0.8,0.77
X-2483,MIR3591,100616357.0,Del0.8,0.8
X-2483,MIR362,574030.0,Del0.8,0.77
X-2483,MIR3622A,100500858.0,Del0.8,0.77
X-2483,MIR3622B,100500871.0,Del0.8,0.77
X-2483,MIR363,574031.0,Del0.8,0.77
X-2483,MIR3690,100500894.0,Del0.8,0.77
X-2483,MIR374A,442919.0,Del0.8,0.76
X-2483,MIR374B,100126317.0,Del0.8,0.76
X-2483,MIR374C,100500807.0,Del0.8,0.76
X-2483,MIR384,494333.0,Del0.8,0.76
X-2483,MIR3975,100616257.0,Del0.8,0.78
X-2483,MIR3978,100616491.0,Del0.8,0.77
X-2483,MIR421,693122.0,Del0.8,0.76
X-2483,MIR424,494336.0,Del0.8,0.77
X-2483,MIR4287,100422828.0,Del0.8,0.77
X-2483,MIR4288,100422903.0,Del0.8,0.77
X-2483,MIR4318,100422857.0,Del0.8,0.78
X-2483,MIR4319,100422829.0,Del0.8,0.8
X-2483,MIR4320,100422865.0,Del0.8,0.8
X-2483,MIR4328,100422932.0,Del0.8,0.76
X-2483,MIR4329,100423009.0,Del0.8,0.77
X-2483,MIR4330,100422930.0,Del0.8,0.78
X-2483,MIR4473,100616229.0,Del0.8,0.79
X-2483,MIR4474,100616441.0,Del0.8,0.79
X-2483,MIR448,554212.0,Del0.8,0.77
X-2483,MIR450A1,554214.0,Del0.8,0.77
X-2483,MIR450A2,574505.0,Del0.8,0.77
X-2483,MIR450B,100126302.0,Del0.8,0.77
X-2483,MIR452,574412.0,Del0.8,0.78
X-2483,MIR4529,100616290.0,Del0.8,0.8
X-2483,MIR4536-1,100616155.0,Del0.8,0.77
X-2483,MIR4659A,100616348.0,Del0.8,0.8
X-2483,MIR4659B,100616372.0,Del0.8,0.8
X-2483,MIR4665,100616288.0,Del0.8,0.78
X-2483,MIR4741,100616139.0,Amp5,6.54
X-2483,MIR4743,100616366.0,Del0.8,0.8
X-2483,MIR4744,100616420.0,Del0.8,0.8
X-2483,MIR4767,100616467.0,Del0.8,0.77
X-2483,MIR4768,100616249.0,Del0.8,0.77
X-2483,MIR4769,100616147.0,Del0.8,0.77
X-2483,MIR4770,100616373.0,Del0.8,0.77
X-2483,MIR4775,100616361.0,Amp5,6.41
X-2483,MIR491,574444.0,Del0.8,0.79
X-2483,MIR500A,574502.0,Del0.8,0.77
X-2483,MIR500B,100422911.0,Del0.8,0.77
X-2483,MIR501,574503.0,Del0.8,0.77
X-2483,MIR502,574504.0,Del0.8,0.77
X-2483,MIR503,574506.0,Del0.8,0.77
X-2483,MIR504,574507.0,Del0.8,0.77
X-2483,MIR505,574508.0,Del0.8,0.77
X-2483,MIR506,574511.0,Del0.8,0.78
X-2483,MIR507,574512.0,Del0.8,0.78
X-2483,MIR508,574513.0,Del0.8,0.78
X-2483,MIR509-1,574514.0,Del0.8,0.78
X-2483,MIR510,574515.0,Del0.8,0.78
X-2483,MIR514A1,574516.0,Del0.8,0.78
X-2483,MIR514A2,574517.0,Del0.8,0.78
X-2483,MIR514B,100422847.0,Del0.8,0.78
X-2483,MIR532,693124.0,Del0.8,0.77
X-2483,MIR542,664617.0,Del0.8,0.77
X-2483,MIR545,664614.0,Del0.8,0.76
X-2483,MIR548O2,100616190.0,Del0.8,0.77
X-2483,MIR651,723779.0,Del0.8,0.77
X-2483,MIR660,724030.0,Del0.8,0.77
X-2483,MIR676,100500887.0,Del0.8,0.77
X-2483,MIR764,100313838.0,Del0.8,0.77
X-2483,MIR766,768218.0,Del0.8,0.77
X-2483,MIR767,768215.0,Del0.8,0.78
X-2483,MIR888,100126306.0,Del0.8,0.78
X-2483,MIR890,100126303.0,Del0.8,0.78
X-2483,MIR891A,100126341.0,Del0.8,0.78
X-2483,MIR891B,100126304.0,Del0.8,0.78
X-2483,MIR892A,100126342.0,Del0.8,0.78
X-2483,MIR892B,100126307.0,Del0.8,0.78
X-2483,MIR92A2,407049.0,Del0.8,0.77
X-2483,MIR934,100126324.0,Del0.8,0.77
X-2483,MIR98,407054.0,Del0.8,0.77
X-2483,MIRLET7F2,406889.0,Del0.8,0.77
X-2483,MLANA,2315.0,Del0.8,0.78
X-2483,MLLT3,4300.0,Del0.8,0.79
X-2483,MLYCD,23417.0,MutNovel,"R11G,0.714"
X-2483,MMGT1,93380.0,Del0.8,0.77
X-2483,MMP17,4326.0,MutNovel,"I342M,0.506"
X-2483,MOCOS,55034.0,Del0.8,0.78
X-2483,MORC4,79710.0,Del0.8,0.77
X-2483,MORF4L2,9643.0,Del0.8,0.77
X-2483,MOSPD1,56180.0,Del0.8,0.77
X-2483,MOSPD2,158747.0,Del0.8,0.77
X-2483,MPDZ,8777.0,Del0.8,0.79
X-2483,MPRIP,23164.0,MutNovel,"TS178T,0.542"
X-2483,MRO,83876.0,Del0.8,0.8
X-2483,MRPL13,28998.0,Amp8,27.1
X-2483,MSL3,10943.0,Del0.8,0.77
X-2483,MSN,4478.0,Del0.8,0.77
X-2483,MSR1,4481.0,Del0.8,0.79
X-2483,MST1,4485.0,MutKnownFunctional,"W264*,0.389"
X-2483,MST4,51765.0,Del0.8,0.77
X-2483,MTAP,4507.0,Del0.8,0.79
X-2483,MTBP,27085.0,Amp8,27.1
X-2483,MTM1,4534.0,Del0.8,0.78
X-2483,MTMR1,8776.0,Del0.8,0.78
X-2483,MTMR8,55613.0,Del0.8,0.77
X-2483,MTRNR2L10,100463488.0,Del0.8,0.77
X-2483,MTSS1,9788.0,Amp8,25.46
X-2483,MUC12,10071.0,MutNovel,"T2707M,1.000"
X-2483,MUC12,10071.0,MutNovel,"E4990D,0.833"
X-2483,MUC17,140453.0,MutNovel,"E921V,0.345"
X-2483,MUC17,140453.0,MutNovel,"V1540D,0.229"
X-2483,MUC17,140453.0,MutNovel,"T1686A,0.323"
X-2483,MUC4,4585.0,MutNovel,"A4086T,1.000"
X-2483,MUC4,4585.0,MutNovel,"T3871I,0.667"
X-2483,MUC4,4585.0,MutNovel,"A3785V,1.000"
X-2483,MUC4,4585.0,MutNovel,"P3442A,0.212"
X-2483,MUC4,4585.0,MutNovel,"T2971I,0.333"
X-2483,MUC4,4585.0,MutNovel,"S2960L,0.500"
X-2483,MUC4,4585.0,MutNovel,"A2393V,0.333"
X-2483,MUC5AC,,MutNovel,"A1442K,0.524"
X-2483,MUC5B,727897.0,MutNovel,"P2203S,0.335"
X-2483,MUC5B,727897.0,MutNovel,"N2410S,0.273"
X-2483,MUC5B,727897.0,MutNovel,"M2425T,0.384"
X-2483,MUC5B,727897.0,MutNovel,"E2447A,0.422"
X-2483,MUC5B,727897.0,MutNovel,"F2513S,0.706"
X-2483,MUC5B,727897.0,MutNovel,"R2526I,0.392"
X-2483,MUC5B,727897.0,MutNovel,"V2574A,0.421"
X-2483,MUC5B,727897.0,MutNovel,"T2599I,0.273"
X-2483,MUC5B,727897.0,MutNovel,"RG2643SR,0.233"
X-2483,MUC5B,727897.0,MutNovel,"P2688L,0.502"
X-2483,MUC5B,727897.0,MutNovel,"T2750I,0.390"
X-2483,MUC5B,727897.0,MutNovel,"P2764T,0.317"
X-2483,MUC5B,727897.0,MutNovel,"R2834T,0.244"
X-2483,MUC5B,727897.0,MutNovel,"I3206T,0.285"
X-2483,MUC5B,727897.0,MutNovel,"R3209K,0.284"
X-2483,MUC5B,727897.0,MutNovel,"R3288G,0.471"
X-2483,MUC5B,727897.0,MutNovel,"P3309L,0.302"
X-2483,MUC5B,727897.0,MutNovel,"P3309L,0.302"
X-2483,MUC5B,727897.0,MutNovel,"T3360R,0.314"
X-2483,MUC5B,727897.0,MutNovel,"T3391I,0.273"
X-2483,MUC5B,727897.0,MutNovel,"N3667S,0.202"
X-2483,MUC5B,727897.0,MutNovel,"F3770S,0.468"
X-2483,MUC5B,727897.0,MutNovel,"R3783I,0.448"
X-2483,MUC5B,727897.0,MutNovel,"T3883M,0.335"
X-2483,MUC5B,727897.0,MutNovel,"T3952N,0.378"
X-2483,MUC5B,727897.0,MutNovel,"R4106H,0.439"
X-2483,MUC5B,727897.0,MutNovel,"N4224S,0.281"
X-2483,MUC5B,727897.0,MutNovel,"M4239T,0.480"
X-2483,MUC5B,727897.0,MutNovel,"T4584I,0.259"
X-2483,MUM1L1,139221.0,Del0.8,0.77
X-2483,MXRA5,25878.0,Del0.8,0.77
X-2483,MYC,4609.0,Amp8,25.99
X-2483,MYL1,4632.0,Amp5,7.73
X-2483,MYO5B,4645.0,Del0.8,0.8
X-2483,NAALADL2,254827.0,MutNovel,"V387I,0.600"
X-2483,NAP1L2,4674.0,Del0.8,0.76
X-2483,NAP1L3,4675.0,Del0.8,0.77
X-2483,NAP1L6,645996.0,Del0.8,0.76
X-2483,NARS,4677.0,Del0.8,0.8
X-2483,NBPF12,,MutNovel,"A194T,0.300"
X-2483,NBPF14,25832.0,MutNovel,"Q153K,0.222"
X-2483,NCOR2,9612.0,MutNovel,"G1839GAAA,0.524"
X-2483,NCRNA00185,55410.0,Del0.8,0.22
X-2483,NDP,4693.0,Del0.8,0.77
X-2483,NDUFA1,4694.0,Del0.8,0.77
X-2483,NDUFB11,54539.0,Del0.8,0.77
X-2483,NDUFB3,4709.0,MutNovel,"W45R,0.595"
X-2483,NDUFB9,4715.0,Amp8,25.46
X-2483,NDUFS1,4719.0,Amp5,6.36
X-2483,NEB,4703.0,MutNovel,"M7916L,0.300"
X-2483,NEDD4L,23327.0,Del0.8,0.8
X-2483,NETO1,81832.0,Del0.8,0.8
X-2483,NFATC1,4772.0,Del0.8,0.8
X-2483,NFIB,4781.0,Del0.8,0.79
X-2483,NGFRAP1,27018.0,Del0.8,0.77
X-2483,NHS,4810.0,Del0.8,0.77
X-2483,NHSL2,340527.0,Del0.8,0.77
X-2483,NKAP,79576.0,Del0.8,0.77
X-2483,NKAPP1,158801.0,Del0.8,0.77
X-2483,NKRF,55922.0,Del0.8,0.77
X-2483,NLGN3,54413.0,Del0.8,0.77
X-2483,NLGN4X,57502.0,Del0.8,0.77
X-2483,NLGN4Y,22829.0,Del0.8,0.22
X-2483,NLK,51701.0,MutNovel,"H67N,1.000"
X-2483,NOL4,8715.0,Del0.8,0.78
X-2483,NONO,4841.0,Del0.8,0.77
X-2483,NOV,4856.0,Amp8,27.1
X-2483,NOX1,27035.0,Del0.8,0.77
X-2483,NPC1,4864.0,Amp5,6.54
X-2483,NR0B1,190.0,Del0.8,0.77
X-2483,NRG1,3084.0,Del0.8,0.77
X-2483,NRK,203447.0,Del0.8,0.77
X-2483,NSDHL,50814.0,Del0.8,0.78
X-2483,NSMCE2,286053.0,Amp8,25.46
X-2483,NUDT10,170685.0,Del0.8,0.77
X-2483,NUDT11,55190.0,Del0.8,0.77
X-2483,NUMA1,4926.0,MutNovel,"A602S,0.341"
X-2483,NUP62CL,54830.0,Del0.8,0.77
X-2483,NXF2,56001.0,Del0.8,0.77
X-2483,NXF2,56001.0,Del0.8,0.77
X-2483,NXF2B,728343.0,Del0.8,0.77
X-2483,NXF2B,728343.0,Del0.8,0.77
X-2483,NXF3,56000.0,Del0.8,0.77
X-2483,NXF4,55999.0,Del0.8,0.77
X-2483,NXF5,55998.0,Del0.8,0.77
X-2483,NXT2,55916.0,Del0.8,0.77
X-2483,NYX,60506.0,Del0.8,0.77
X-2483,OCRL,4952.0,Del0.8,0.77
X-2483,ODZ1,10178.0,Del0.8,0.77
X-2483,OFD1,8481.0,Del0.8,0.77
X-2483,OGT,8473.0,Del0.8,0.77
X-2483,ONECUT2,9480.0,Del0.8,0.8
X-2483,OPHN1,4983.0,Del0.8,0.77
X-2483,OR13H1,347468.0,Del0.8,0.77
X-2483,OR4F5,79501.0,Del0.8,0.7
X-2483,ORAI1,84876.0,MutNovel,"PP43-,0.913"
X-2483,OSBPL1A,114876.0,Amp5,6.54
X-2483,OTC,5009.0,Del0.8,0.77
X-2483,OTUD5,55593.0,Del0.8,0.77
X-2483,OTUD6A,139562.0,Del0.8,0.77
X-2483,OXER1,165140.0,MutNovel,"A210S,0.300"
X-2483,P2RY10,27334.0,Del0.8,0.76
X-2483,P2RY4,5030.0,Del0.8,0.77
X-2483,P2RY8,286530.0,Del0.8,0.77
X-2483,PABPC1L2A,340529.0,Del0.8,0.76
X-2483,PABPC1L2B,645974.0,Del0.8,0.76
X-2483,PABPC5,140886.0,Del0.8,0.76
X-2483,PAFAH1B1,5048.0,MutNovel,"R410H,0.998"
X-2483,PAGE1,8712.0,Del0.8,0.77
X-2483,PAGE2,203569.0,Del0.8,0.77
X-2483,PAGE2B,389860.0,Del0.8,0.77
X-2483,PAGE3,139793.0,Del0.8,0.77
X-2483,PAGE4,9506.0,Del0.8,0.77
X-2483,PAGE5,90737.0,Del0.8,0.77
X-2483,PAK3,5063.0,Del0.8,0.77
X-2483,PARD6G,84552.0,Del0.8,0.8
X-2483,PARL,55486.0,MutNovel,"K373Q,0.357"
X-2483,PARP14,54625.0,MutNovel,"D1306Y,0.623"
X-2483,PASD1,139135.0,Del0.8,0.78
X-2483,PBK,55872.0,Del0.8,0.77
X-2483,PCAT1,100750225.0,Amp8,25.99
X-2483,PCDH11X,27328.0,Del0.8,0.76
X-2483,PCDH11Y,83259.0,Del0.8,0.22
X-2483,PCDH19,57526.0,Del0.8,0.77
X-2483,PCDHB2,56133.0,MutNovel,"N420NIT,0.923"
X-2483,PCSK1N,27344.0,Del0.8,0.77
X-2483,PCYT1B,9468.0,Del0.8,0.77
X-2483,PDCD1LG2,80380.0,Del0.8,0.78
X-2483,PDHA1,5160.0,Del0.8,0.77
X-2483,PDK3,5165.0,Del0.8,0.77
X-2483,PDS5A,23244.0,MutNovel,"Q286H,0.534"
X-2483,PDZD11,51248.0,Del0.8,0.77
X-2483,PFKFB1,5207.0,Del0.8,0.77
X-2483,PGAM4,441531.0,Del0.8,0.76
X-2483,PGK1,5230.0,Del0.8,0.76
X-2483,PGRMC1,10857.0,Del0.8,0.77
X-2483,PHEX,5251.0,Del0.8,0.77
X-2483,PHF16,9767.0,Del0.8,0.77
X-2483,PHF6,84295.0,Del0.8,0.77
X-2483,PHF8,23133.0,Del0.8,0.77
X-2483,PHKA1,5255.0,Del0.8,0.77
X-2483,PHKA2,5256.0,Del0.8,0.77
X-2483,PHLDA1,22822.0,MutNovel,"QQ194Q,0.552"
X-2483,PHLPP1,23239.0,Del0.8,0.8
X-2483,PIAS2,9063.0,Del0.8,0.8
X-2483,PIGA,5277.0,Del0.8,0.77
X-2483,PIGN,23556.0,Del0.8,0.8
X-2483,PIK3C3,5289.0,MutNovel,"A691V,0.971"
X-2483,PIK3C3,5289.0,Del0.8,0.78
X-2483,PIKFYVE,200576.0,Amp5,6.41
X-2483,PIM2,11040.0,Del0.8,0.77
X-2483,PIN4,5303.0,Del0.8,0.77
X-2483,PIR,8544.0,Del0.8,0.77
X-2483,PIR-FIGF,100532742.0,Del0.8,0.77
X-2483,PJA1,64219.0,Del0.8,0.77
X-2483,PKD1,5310.0,MutNovel,"A3388D,0.351"
X-2483,PLAC1,10761.0,Del0.8,0.77
X-2483,PLCD3,113026.0,MutNovel,"I449M,0.997"
X-2483,PLCXD1,55344.0,Del0.8,0.77
X-2483,PLEKHM3,389072.0,Amp5,6.41
X-2483,PLEKHO2,80301.0,MutNovel,"E2D,0.333"
X-2483,PLIN2,123.0,Del0.8,0.79
X-2483,PLP1,5354.0,Del0.8,0.77
X-2483,PLP2,5355.0,Del0.8,0.77
X-2483,PLS3,5358.0,Del0.8,0.77
X-2483,PMAIP1,5366.0,Del0.8,0.8
X-2483,PNMA3,29944.0,Del0.8,0.78
X-2483,PNMA5,114824.0,Del0.8,0.78
X-2483,PNMA6A,84968.0,Del0.8,0.78
X-2483,PNMA6A,84968.0,Del0.8,0.78
X-2483,PNMA6C,100287428.0,Del0.8,0.78
X-2483,PNMA6D,100287466.0,Del0.8,0.78
X-2483,PNMA6D,100287466.0,Del0.8,0.78
X-2483,PNOC,5368.0,Del0.8,0.77
X-2483,PNPLA4,8228.0,Del0.8,0.77
X-2483,POF1B,79983.0,Del0.8,0.76
X-2483,POLA1,5422.0,Del0.8,0.77
X-2483,POLI,11201.0,Del0.8,0.8
X-2483,PORCN,64840.0,Del0.8,0.77
X-2483,POTEE,445582.0,MutNovel,"G546R,1.000"
X-2483,POU3F4,5456.0,Del0.8,0.76
X-2483,POU5F1B,5462.0,Amp8,25.99
X-2483,PPAPDC1B,84513.0,Del0.8,0.79
X-2483,PPAPDC2,403313.0,Del0.8,0.78
X-2483,PPEF1,5475.0,Del0.8,0.77
X-2483,PPP1R2P9,80316.0,Del0.8,0.77
X-2483,PPP1R3F,89801.0,Del0.8,0.77
X-2483,PPP2CB,5516.0,Del0.8,0.77
X-2483,PPP2R3B,28227.0,Del0.8,0.77
X-2483,PPP2R3B-AS1,283981.0,Del0.8,0.77
X-2483,PQBP1,10084.0,Del0.8,0.77
X-2483,PQLC1,80148.0,Del0.8,0.8
X-2483,PRAF2,11230.0,Del0.8,0.77
X-2483,PRDX4,10549.0,Del0.8,0.77
X-2483,PRICKLE3,4007.0,Del0.8,0.77
X-2483,PRKX,5613.0,Del0.8,0.77
X-2483,PRKY,5616.0,Del0.8,0.22
X-2483,PROSC,11212.0,Del0.8,0.79
X-2483,PRPS1,5631.0,Del0.8,0.77
X-2483,PRPS2,5634.0,Del0.8,0.77
X-2483,PRRG1,5638.0,Del0.8,0.77
X-2483,PRRG3,79057.0,Del0.8,0.78
X-2483,PRSS1,5644.0,MutNovel,"L14V,0.600"
X-2483,PRSS1,5644.0,MutNovel,"N29I,0.750"
X-2483,PRSS1,5644.0,MutNovel,"N54S,0.500"
X-2483,PRY,9081.0,Del0.8,0.22
X-2483,PRY,9081.0,Del0.8,0.22
X-2483,PRY2,442862.0,Del0.8,0.22
X-2483,PRY2,442862.0,Del0.8,0.22
X-2483,PSIP1,11168.0,Del0.8,0.79
X-2483,PSKH1,5681.0,MutNovel,"R111Q,0.515"
X-2483,PSMA4,5685.0,MutNovel,"L134W,0.480"
X-2483,PSMA8,143471.0,Amp5,6.54
X-2483,PSMD10,5716.0,Del0.8,0.77
X-2483,PSME4,23198.0,MutNovel,"F119Y,0.234"
X-2483,PSTPIP2,9050.0,Del0.8,0.8
X-2483,PTCHD1,139411.0,Del0.8,0.77
X-2483,PTH2R,5746.0,Amp5,6.41
X-2483,PTK2B,2185.0,Del0.8,0.77
X-2483,PTPLAD2,401494.0,Del0.8,0.79
X-2483,PTPRF,5792.0,MutNovel,"R1175Q,0.337"
X-2483,PURG,29942.0,Del0.8,0.77
X-2483,PUS3,83480.0,MutKnownFunctional,"Q350*,0.627"
X-2483,PVRIG,79037.0,MutNovel,"H23R,0.273"
X-2483,PXN,5829.0,MutNovel,"G280R,0.394"
X-2483,RAB11FIP1,80223.0,Del0.8,0.79
X-2483,RAB27B,5874.0,Del0.8,0.8
X-2483,RAB33A,9363.0,Del0.8,0.77
X-2483,RAB40A,142684.0,Del0.8,0.77
X-2483,RAB40AL,282808.0,Del0.8,0.77
X-2483,RAB41,347517.0,Del0.8,0.77
X-2483,RAB6C,84084.0,MutNovel,"R81S,1.000"
X-2483,RAB9A,9367.0,Del0.8,0.77
X-2483,RAB9B,51209.0,Del0.8,0.77
X-2483,RABGAP1L,9910.0,MutNovel,"I333V,0.758"
X-2483,RAI2,10742.0,Del0.8,0.77
X-2483,RANBP6,26953.0,Del0.8,0.78
X-2483,RAP2C,57826.0,Del0.8,0.77
X-2483,RASA4,10156.0,MutNovel,"R165W,0.750"
X-2483,RAX,30062.0,Del0.8,0.8
X-2483,RBBP7,5931.0,Del0.8,0.77
X-2483,RBBP8,5932.0,Amp5,6.54
X-2483,RBFA,79863.0,Del0.8,0.8
X-2483,RBM10,8241.0,Del0.8,0.77
X-2483,RBM3,5935.0,Del0.8,0.77
X-2483,RBM41,55285.0,Del0.8,0.77
X-2483,RBMX,27316.0,Del0.8,0.77
X-2483,RBMX2,51634.0,Del0.8,0.77
X-2483,RBMXL3,139804.0,Del0.8,0.77
X-2483,RBMY1A3P,286557.0,Del0.8,0.22
X-2483,RBMY1B,378948.0,Del0.8,0.22
X-2483,RBMY1B,378948.0,Del0.8,0.22
X-2483,RBMY1E,378950.0,Del0.8,0.22
X-2483,RBMY1E,378950.0,Del0.8,0.22
X-2483,RBMY1F,159163.0,Del0.8,0.22
X-2483,RBMY1F,159163.0,Del0.8,0.22
X-2483,RBMY1J,378951.0,Del0.8,0.22
X-2483,RBMY1J,378951.0,Del0.8,0.22
X-2483,RBMY2EP,159125.0,Del0.8,0.22
X-2483,RBMY2FP,159162.0,Del0.8,0.22
X-2483,RBMY3AP,64593.0,Del0.8,0.22
X-2483,RBPMS,11030.0,Del0.8,0.77
X-2483,RCL1,10171.0,Del0.8,0.78
X-2483,REPS2,9185.0,Del0.8,0.77
X-2483,REST,5978.0,MutNovel,"K546Q,0.351"
X-2483,RFX3,5991.0,Del0.8,0.78
X-2483,RGAG1,57529.0,Del0.8,0.77
X-2483,RGAG4,340526.0,Del0.8,0.77
X-2483,RGN,9104.0,Del0.8,0.77
X-2483,RHBDF1,64285.0,MutNovel,"T347I,0.368"
X-2483,RHOXF1,158800.0,Del0.8,0.77
X-2483,RHOXF2B,727940.0,Del0.8,0.77
X-2483,RHOXF2B,727940.0,Del0.8,0.77
X-2483,RIBC1,158787.0,Del0.8,0.77
X-2483,RIMKLA,284716.0,MutNovel,"M311V,0.409"
X-2483,RIOK3,8780.0,Amp5,6.54
X-2483,RIPPLY1,92129.0,Del0.8,0.77
X-2483,RIT2,6014.0,Del0.8,0.78
X-2483,RLIM,51132.0,Del0.8,0.76
X-2483,RLN1,6013.0,Del0.8,0.78
X-2483,RLN2,6019.0,Del0.8,0.78
X-2483,RNF113A,7737.0,Del0.8,0.77
X-2483,RNF122,79845.0,Del0.8,0.77
X-2483,RNF125,54941.0,Del0.8,0.79
X-2483,RNF128,79589.0,Del0.8,0.77
X-2483,RNF138,51444.0,Del0.8,0.79
X-2483,RNF152,220441.0,Del0.8,0.8
X-2483,RNF165,494470.0,Del0.8,0.8
X-2483,RNF207,388591.0,MutNovel,"T131M,0.292"
X-2483,RNF5P1,286140.0,Del0.8,0.79
X-2483,RP1-177G6.2,286411.0,Del0.8,0.77
X-2483,RP2,6102.0,Del0.8,0.77
X-2483,RPA4,29935.0,Del0.8,0.77
X-2483,RPE,6120.0,Amp5,7.73
X-2483,RPGR,6103.0,Del0.8,0.77
X-2483,RPL17,6139.0,Del0.8,0.8
X-2483,RPL17-C18ORF32,100526842.0,Del0.8,0.8
X-2483,RPL36A,6173.0,Del0.8,0.77
X-2483,RPL36A-HNRNPH2,100529097.0,Del0.8,0.77
X-2483,RPL39,6170.0,Del0.8,0.77
X-2483,RPRD1A,55197.0,Del0.8,0.78
X-2483,RPS26P11,441502.0,Del0.8,0.77
X-2483,RPS4X,6191.0,Del0.8,0.77
X-2483,RPS4Y1,6192.0,Del0.8,0.22
X-2483,RPS4Y2,140032.0,Del0.8,0.22
X-2483,RPS6,6194.0,Del0.8,0.79
X-2483,RPS6KA3,6197.0,Del0.8,0.77
X-2483,RPS6KA6,27330.0,Del0.8,0.76
X-2483,RRAGA,10670.0,Del0.8,0.79
X-2483,RRAGB,10325.0,Del0.8,0.77
X-2483,RS1,6247.0,Del0.8,0.77
X-2483,RTF1,23168.0,MutNovel,"H584Y,0.512"
X-2483,RTTN,25914.0,Del0.8,0.8
X-2483,S100G,795.0,Del0.8,0.77
X-2483,SAGE1,55511.0,Del0.8,0.77
X-2483,SALL3,27164.0,Del0.8,0.8
X-2483,SASH3,54440.0,Del0.8,0.77
X-2483,SAT1,6303.0,Del0.8,0.77
X-2483,SATL1,340562.0,Del0.8,0.76
X-2483,SCARA3,51435.0,Del0.8,0.77
X-2483,SCARA5,286133.0,Del0.8,0.77
X-2483,SCARF1,8578.0,MutNovel,"S529P,1.000"
X-2483,SCARNA17,677769.0,Del0.8,0.8
X-2483,SCARNA23,677773.0,Del0.8,0.77
X-2483,SCARNA8,677776.0,Del0.8,0.79
X-2483,SCARNA9L,100158262.0,Del0.8,0.77
X-2483,SCML1,6322.0,Del0.8,0.77
X-2483,SCML2,10389.0,Del0.8,0.77
X-2483,SEC11C,90701.0,Del0.8,0.8
X-2483,SEMA3G,56920.0,MutNovel,"I674T,1.000"
X-2483,2014-09-06 00:00:00,23157.0,Del0.8,0.77
X-2483,SERINC2,347735.0,MutNovel,"-373Q,0.286"
X-2483,SERPINA7,6906.0,Del0.8,0.77
X-2483,SERPINB10,5273.0,Del0.8,0.8
X-2483,SERPINB11,89778.0,Del0.8,0.8
X-2483,SERPINB12,89777.0,Del0.8,0.8
X-2483,SERPINB13,5275.0,Del0.8,0.8
X-2483,SERPINB2,5055.0,Del0.8,0.8
X-2483,SERPINB3,6317.0,Del0.8,0.8
X-2483,SERPINB4,6318.0,Del0.8,0.8
X-2483,SERPINB5,5268.0,Del0.8,0.8
X-2483,SERPINB7,8710.0,Del0.8,0.8
X-2483,SERPINB8,5271.0,Del0.8,0.8
X-2483,SETBP1,26040.0,Del0.8,0.8
X-2483,SFT2D1,113402.0,MutNovel,"V125L,0.637"
X-2483,SH2D1A,4068.0,Del0.8,0.77
X-2483,SH3BGRL,6451.0,Del0.8,0.76
X-2483,SH3GL2,6456.0,Del0.8,0.79
X-2483,SH3KBP1,30011.0,Del0.8,0.77
X-2483,SHOX,6473.0,Del0.8,0.77
X-2483,SHROOM2,357.0,Del0.8,0.77
X-2483,SHROOM4,57477.0,Del0.8,0.77
X-2483,SIGLEC15,284266.0,Del0.8,0.8
X-2483,SKA1,220134.0,Del0.8,0.8
X-2483,SLC14A1,6563.0,Del0.8,0.8
X-2483,SLC14A2,8170.0,Del0.8,0.8
X-2483,SLC16A2,6567.0,Del0.8,0.76
X-2483,SLC1A1,6505.0,Del0.8,0.78
X-2483,SLC24A2,25769.0,Del0.8,0.79
X-2483,SLC25A14,9016.0,Del0.8,0.77
X-2483,SLC25A32,81034.0,MutNovel,"A115D,0.446"
X-2483,SLC25A43,203427.0,Del0.8,0.77
X-2483,SLC25A5,292.0,Del0.8,0.77
X-2483,SLC25A5-AS1,100303728.0,Del0.8,0.77
X-2483,SLC25A6,293.0,Del0.8,0.77
X-2483,SLC35A2,7355.0,Del0.8,0.77
X-2483,SLC38A5,92745.0,Del0.8,0.77
X-2483,SLC39A6,25800.0,Del0.8,0.78
X-2483,SLC5A9,200010.0,MutNovel,"W76C,0.583"
X-2483,SLC6A14,11254.0,Del0.8,0.77
X-2483,SLC7A3,84889.0,Del0.8,0.77
X-2483,SLC9A6,10479.0,Del0.8,0.77
X-2483,SLC9A7,84679.0,Del0.8,0.77
X-2483,SLCO1A2,6579.0,MutNovel,"V161I,0.500"
X-2483,SLITRK2,84631.0,Del0.8,0.78
X-2483,SLITRK4,139065.0,Del0.8,0.78
X-2483,SMAD2,4087.0,Del0.8,0.8
X-2483,SMAD4,4089.0,Del0.8,0.8
X-2483,SMAD7,4092.0,Del0.8,0.8
X-2483,SMARCA1,6594.0,Del0.8,0.77
X-2483,SMARCA2,6595.0,Del0.8,0.78
X-2483,SMC1A,8243.0,Del0.8,0.77
X-2483,SMC2,10592.0,MutNovel,"I674V,0.431"
X-2483,SMEK3P,139420.0,Del0.8,0.77
X-2483,SMPX,23676.0,Del0.8,0.77
X-2483,SMS,6611.0,Del0.8,0.77
X-2483,SMYD4,114826.0,MutNovel,"S283N,1.000"
X-2483,SNAPC3,6619.0,Del0.8,0.79
X-2483,SNAPC4,6621.0,MutNovel,"S542-,0.328"
X-2483,SNORA11,677799.0,Del0.8,0.77
X-2483,SNORA11C,100124540.0,Del0.8,0.77
X-2483,SNORA11D,100124541.0,Del0.8,0.77
X-2483,SNORA11D,100124541.0,Del0.8,0.77
X-2483,SNORA11E,100124542.0,Del0.8,0.77
X-2483,SNORA11E,100124542.0,Del0.8,0.77
X-2483,SNORA35,677816.0,Del0.8,0.77
X-2483,SNORA37,677819.0,Del0.8,0.8
X-2483,SNORA41,619569.0,Amp5,6.36
X-2483,SNORA69,26779.0,Del0.8,0.77
X-2483,SNORD51,26798.0,Amp5,6.36
X-2483,SNORD58A,26791.0,Del0.8,0.8
X-2483,SNORD58B,26790.0,Del0.8,0.8
X-2483,SNORD58C,100124516.0,Del0.8,0.8
X-2483,SNORD61,26787.0,Del0.8,0.77
X-2483,SNORD96B,692226.0,Del0.8,0.77
X-2483,SNTB1,6641.0,Amp8,27.1
X-2483,SNX12,29934.0,Del0.8,0.77
X-2483,SOCS6,9306.0,Del0.8,0.8
X-2483,SOD3,6649.0,MutNovel,"R204W,0.611"
X-2483,SOWAHD,347454.0,Del0.8,0.77
X-2483,SOX3,6658.0,Del0.8,0.77
X-2483,SPACA5,389852.0,Del0.8,0.77
X-2483,SPAG11A,653423.0,Del0.8,0.73
X-2483,SPAG11B,10407.0,Del0.8,0.73
X-2483,SPAG11B,10407.0,Del0.8,0.73
X-2483,SPANXA2,728712.0,Del0.8,0.77
X-2483,SPANXA2,728712.0,Del0.8,0.77
X-2483,SPANXA2-OT1,619455.0,Del0.8,0.77
X-2483,SPANXB1,728695.0,Del0.8,0.77
X-2483,SPANXC,64663.0,Del0.8,0.77
X-2483,SPANXN1,494118.0,Del0.8,0.78
X-2483,SPANXN2,494119.0,Del0.8,0.78
X-2483,SPANXN3,139067.0,Del0.8,0.78
X-2483,SPANXN4,441525.0,Del0.8,0.78
X-2483,SPANXN5,494197.0,Del0.8,0.77
X-2483,SPIN2A,54466.0,Del0.8,0.77
X-2483,SPIN2B,474343.0,Del0.8,0.77
X-2483,SPIN3,169981.0,Del0.8,0.77
X-2483,SPIN4,139886.0,Del0.8,0.77
X-2483,SQLE,6713.0,Amp8,25.46
X-2483,SRD5A1P1,6719.0,Del0.8,0.77
X-2483,SRPX,8406.0,Del0.8,0.77
X-2483,SRPX2,27286.0,Del0.8,0.77
X-2483,SRY,6736.0,Del0.8,0.22
X-2483,SS18,6760.0,Amp5,6.54
X-2483,SSX1,6756.0,Del0.8,0.77
X-2483,SSX2,6757.0,Del0.8,0.77
X-2483,SSX2,6757.0,Del0.8,0.77
X-2483,SSX2B,727837.0,Del0.8,0.77
X-2483,SSX2B,727837.0,Del0.8,0.77
X-2483,SSX3,10214.0,Del0.8,0.77
X-2483,SSX4,6759.0,Del0.8,0.77
X-2483,SSX4,6759.0,Del0.8,0.77
X-2483,SSX5,6758.0,Del0.8,0.77
X-2483,SSX6,280657.0,Del0.8,0.77
X-2483,SSX7,280658.0,Del0.8,0.77
X-2483,SSX8,280659.0,Del0.8,0.77
X-2483,ST8SIA3,51046.0,Del0.8,0.8
X-2483,ST8SIA5,29906.0,Del0.8,0.8
X-2483,STAG2,10735.0,Del0.8,0.77
X-2483,STAR,6770.0,Del0.8,0.79
X-2483,STARD6,147323.0,Del0.8,0.8
X-2483,STARD8,9754.0,Del0.8,0.77
X-2483,STMN4,81551.0,Del0.8,0.77
X-2483,STS,412.0,Del0.8,0.77
X-2483,STXBP6,29091.0,MutNovel,"R76W,0.266"
X-2483,SUMO3,6612.0,MutNovel,"T90M,0.625"
X-2483,SUV39H1,6839.0,Del0.8,0.77
X-2483,SYAP1,94056.0,Del0.8,0.77
X-2483,SYN1,6853.0,Del0.8,0.77
X-2483,SYP,6855.0,Del0.8,0.77
X-2483,SYT4,6860.0,Del0.8,0.78
X-2483,SYTL4,94121.0,Del0.8,0.77
X-2483,SYTL5,94122.0,Del0.8,0.77
X-2483,TAB3,257397.0,Del0.8,0.77
X-2483,TACC1,6867.0,Del0.8,0.79
X-2483,TAF1,6872.0,Del0.8,0.77
X-2483,TAF2,6873.0,Amp8,27.1
X-2483,TAF4B,6875.0,Amp5,6.54
X-2483,TAF7L,54457.0,Del0.8,0.77
X-2483,TAF9B,51616.0,Del0.8,0.76
X-2483,TATDN1,83940.0,Amp8,8.4
X-2483,TBC1D10B,26000.0,MutNovel,"A263G,0.484"
X-2483,TBC1D25,4943.0,Del0.8,0.77
X-2483,TBC1D8B,54885.0,Del0.8,0.77
X-2483,TBL1X,6907.0,Del0.8,0.77
X-2483,TBL1Y,90665.0,Del0.8,0.22
X-2483,TBP,6908.0,MutNovel,"-64Q,0.244"
X-2483,TBX22,50945.0,Del0.8,0.76
X-2483,TCEAL1,9338.0,Del0.8,0.77
X-2483,TCEAL2,140597.0,Del0.8,0.77
X-2483,TCEAL3,85012.0,Del0.8,0.77
X-2483,TCEAL4,79921.0,Del0.8,0.77
X-2483,TCEAL5,340543.0,Del0.8,0.77
X-2483,TCEAL6,158931.0,Del0.8,0.77
X-2483,TCEAL7,56849.0,Del0.8,0.77
X-2483,TCEAL8,90843.0,Del0.8,0.77
X-2483,TCEANC,170082.0,Del0.8,0.77
X-2483,TCEB3B,51224.0,Del0.8,0.8
X-2483,TCEB3C,162699.0,Del0.8,0.8
X-2483,TCF4,6925.0,Del0.8,0.8
X-2483,TDGF1P3,6998.0,Del0.8,0.77
X-2483,TEX11,56159.0,Del0.8,0.77
X-2483,TEX13A,56157.0,Del0.8,0.77
X-2483,TEX13B,56156.0,Del0.8,0.77
X-2483,TEX15,56154.0,Del0.8,0.77
X-2483,TFDP3,51270.0,Del0.8,0.77
X-2483,TFE3,7030.0,Del0.8,0.77
X-2483,TGIF2LX,90316.0,Del0.8,0.76
X-2483,TGIF2LY,90655.0,Del0.8,0.22
X-2483,THAP1,55145.0,MutNovel,"P60A,0.275"
X-2483,THOC2,57187.0,Del0.8,0.77
X-2483,TIMM17B,10245.0,Del0.8,0.77
X-2483,TIMM21,29090.0,Del0.8,0.8
X-2483,TIMM8A,1678.0,Del0.8,0.77
X-2483,TIMP1,7076.0,Del0.8,0.77
X-2483,TLR7,51284.0,Del0.8,0.77
X-2483,TLR8,51311.0,Del0.8,0.77
X-2483,TLR8-AS1,349408.0,Del0.8,0.77
X-2483,TMEM164,84187.0,Del0.8,0.77
X-2483,TMEM183B,,MutKnownFunctional,"-116?,0.381"
X-2483,TMEM184A,202915.0,MutNovel,"G392GA,0.347"
X-2483,TMEM185A,84548.0,Del0.8,0.78
X-2483,TMEM241,85019.0,Amp5,6.54
X-2483,TMEM27,57393.0,Del0.8,0.77
X-2483,TMEM31,203562.0,Del0.8,0.77
X-2483,TMEM35,59353.0,Del0.8,0.77
X-2483,TMEM47,83604.0,Del0.8,0.77
X-2483,TMEM66,51669.0,Del0.8,0.77
X-2483,TMSB15A,11013.0,Del0.8,0.77
X-2483,TMSB15B,286527.0,Del0.8,0.77
X-2483,TMSB4X,7114.0,Del0.8,0.77
X-2483,TMSB4Y,9087.0,Del0.8,0.22
X-2483,TMX3,54495.0,Del0.8,0.8
X-2483,TNFRSF11A,8792.0,Del0.8,0.8
X-2483,TNMD,64102.0,Del0.8,0.77
X-2483,TNXB,7148.0,MutNovel,"M4002T,0.333"
X-2483,TP53,7157.0,MutKnownFunctional,"-152,0.700"
X-2483,TPD52L3,89882.0,Del0.8,0.78
X-2483,TPGS2,25941.0,Del0.8,0.78
X-2483,TRAPPC2,6399.0,Del0.8,0.77
X-2483,TRAPPC8,22878.0,Del0.8,0.79
X-2483,TREX2,11219.0,Del0.8,0.78
X-2483,TRIB1,10221.0,Amp8,25.46
X-2483,TRIM24,8805.0,MutNovel,"L945F,0.400"
X-2483,TRIM35,23087.0,Del0.8,0.77
X-2483,TRMT2B,79979.0,Del0.8,0.77
X-2483,TRO,7216.0,Del0.8,0.77
X-2483,TRPC5,7224.0,Del0.8,0.77
X-2483,TSC22D3,1831.0,Del0.8,0.77
X-2483,TSHZ1,10194.0,Del0.8,0.8
X-2483,TSIX,9383.0,Del0.8,0.76
X-2483,TSPAN6,7105.0,Del0.8,0.77
X-2483,TSPAN7,7102.0,Del0.8,0.77
X-2483,TSPY1,7258.0,Del0.8,0.22
X-2483,TSPY2,64591.0,Del0.8,0.22
X-2483,TSPY3,728137.0,Del0.8,0.22
X-2483,TSPY4,728395.0,Del0.8,0.22
X-2483,TSPY8,728403.0,Del0.8,0.22
X-2483,TSPYL1,7259.0,MutNovel,"V176VW,0.592"
X-2483,TSPYL2,64061.0,Del0.8,0.77
X-2483,TSR2,90121.0,Del0.8,0.77
X-2483,TTC39B,158219.0,Del0.8,0.79
X-2483,TTC39C,125488.0,Amp5,6.54
X-2483,TTC3P1,286495.0,Del0.8,0.76
X-2483,TTI2,80185.0,Del0.8,0.77
X-2483,TTR,7276.0,Del0.8,0.79
X-2483,TTTY10,246119.0,Del0.8,0.22
X-2483,TTTY11,83866.0,Del0.8,0.22
X-2483,TTTY12,83867.0,Del0.8,0.22
X-2483,TTTY13,83868.0,Del0.8,0.22
X-2483,TTTY14,83869.0,Del0.8,0.22
X-2483,TTTY15,64595.0,Del0.8,0.22
X-2483,TTTY16,252948.0,Del0.8,0.22
X-2483,TTTY17A,252949.0,Del0.8,0.22
X-2483,TTTY17A,252949.0,Del0.8,0.22
X-2483,TTTY18,252950.0,Del0.8,0.22
X-2483,TTTY19,252952.0,Del0.8,0.22
X-2483,TTTY1B,100101116.0,Del0.8,0.22
X-2483,TTTY1B,100101116.0,Del0.8,0.22
X-2483,TTTY2,60439.0,Del0.8,0.22
X-2483,TTTY2,60439.0,Del0.8,0.22
X-2483,TTTY20,252951.0,Del0.8,0.22
X-2483,TTTY21,252953.0,Del0.8,0.22
X-2483,TTTY21,252953.0,Del0.8,0.22
X-2483,TTTY22,252954.0,Del0.8,0.22
X-2483,TTTY23,252955.0,Del0.8,0.22
X-2483,TTTY23,252955.0,Del0.8,0.22
X-2483,TTTY3,114760.0,Del0.8,0.22
X-2483,TTTY3,114760.0,Del0.8,0.22
X-2483,TTTY4,114761.0,Del0.8,0.22
X-2483,TTTY4,114761.0,Del0.8,0.22
X-2483,TTTY5,83863.0,Del0.8,0.22
X-2483,TTTY6,84672.0,Del0.8,0.22
X-2483,TTTY6,84672.0,Del0.8,0.22
X-2483,TTTY7,246122.0,Del0.8,0.22
X-2483,TTTY7,246122.0,Del0.8,0.22
X-2483,TTTY7B,100101120.0,Del0.8,0.22
X-2483,TTTY7B,100101120.0,Del0.8,0.22
X-2483,TTTY8,84673.0,Del0.8,0.22
X-2483,TTTY8,84673.0,Del0.8,0.22
X-2483,TTTY9A,83864.0,Del0.8,0.22
X-2483,TTTY9A,83864.0,Del0.8,0.22
X-2483,TUSC3,7991.0,Del0.8,0.56
X-2483,TXLNG,55787.0,Del0.8,0.77
X-2483,TXLNG2P,246126.0,Del0.8,0.22
X-2483,TXNL1,9352.0,Del0.8,0.8
X-2483,TXNL4A,10907.0,Del0.8,0.8
X-2483,TYRP1,7306.0,Del0.8,0.79
X-2483,UBA1,7317.0,Del0.8,0.77
X-2483,UBE2A,7319.0,Del0.8,0.77
X-2483,UBE2DNL,100131816.0,Del0.8,0.76
X-2483,UBE2NL,389898.0,Del0.8,0.78
X-2483,UBQLN2,29978.0,Del0.8,0.77
X-2483,UBXN8,7993.0,Del0.8,0.77
X-2483,UCKL1,54963.0,MutNovel,"A465T,0.580"
X-2483,UHRF2,115426.0,Del0.8,0.78
X-2483,UNC5D,137970.0,Del0.8,0.77
X-2483,UNC80,285175.0,Amp5,7.73
X-2483,UPF3B,65109.0,Del0.8,0.77
X-2483,UPK3BL,,MutNovel,"K148I,0.240"
X-2483,UPRT,139596.0,Del0.8,0.76
X-2483,UQCRBP1,442454.0,Del0.8,0.77
X-2483,USP11,8237.0,Del0.8,0.77
X-2483,USP26,83844.0,Del0.8,0.77
X-2483,USP27X,389856.0,Del0.8,0.77
X-2483,USP32P2,220594.0,Del0.8,0.5
X-2483,USP36,57602.0,MutNovel,"KKK958K,0.698"
X-2483,USP41,,MutNovel,"M141V,1.000"
X-2483,USP51,158880.0,Del0.8,0.77
X-2483,USP9X,8239.0,Del0.8,0.77
X-2483,USP9Y,8287.0,Del0.8,0.22
X-2483,UTP14A,10813.0,Del0.8,0.77
X-2483,UTRN,7402.0,MutNovel,"Q1344R,0.318"
X-2483,UTY,7404.0,Del0.8,0.22
X-2483,UXT,8409.0,Del0.8,0.77
X-2483,VASN,114990.0,MutNovel,"T108M,0.333"
X-2483,VCX,26609.0,Del0.8,0.77
X-2483,VCX2,51480.0,Del0.8,0.77
X-2483,VCX3A,51481.0,Del0.8,0.77
X-2483,VCX3B,425054.0,Del0.8,0.77
X-2483,VCY,9084.0,Del0.8,0.22
X-2483,VCY,9084.0,Del0.8,0.22
X-2483,VENTXP1,139538.0,Del0.8,0.77
X-2483,VGLL1,51442.0,Del0.8,0.77
X-2483,VLDLR,7436.0,Del0.8,0.78
X-2483,VMA21,203547.0,Del0.8,0.78
X-2483,VPS4B,9525.0,Del0.8,0.8
X-2483,VSIG1,340547.0,Del0.8,0.77
X-2483,VSIG4,11326.0,Del0.8,0.77
X-2483,WAS,7454.0,Del0.8,0.77
X-2483,WBP11P1,441818.0,Del0.8,0.79
X-2483,WBP5,51186.0,Del0.8,0.77
X-2483,WDR13,64743.0,Del0.8,0.77
X-2483,WDR34,89891.0,MutNovel,"S376C,0.452"
X-2483,WDR44,54521.0,Del0.8,0.77
X-2483,WDR45,11152.0,Del0.8,0.77
X-2483,WDR7,23335.0,Del0.8,0.8
X-2483,WDR78,79819.0,MutKnownFunctional,"-515?,0.250"
X-2483,WHSC1L1,54904.0,Del0.8,0.79
X-2483,WNK3,65267.0,Del0.8,0.77
X-2483,WRN,7486.0,Del0.8,0.77
X-2483,WWC3,55841.0,Del0.8,0.77
X-2483,XAGE1A,653219.0,Del0.8,0.77
X-2483,XAGE1A,653219.0,Del0.8,0.77
X-2483,XAGE1C,653048.0,Del0.8,0.77
X-2483,XAGE1C,653048.0,Del0.8,0.77
X-2483,XAGE2,9502.0,Del0.8,0.77
X-2483,XAGE2,9502.0,Del0.8,0.77
X-2483,XAGE3,170626.0,Del0.8,0.77
X-2483,XAGE5,170627.0,Del0.8,0.77
X-2483,XG,7499.0,Del0.8,0.77
X-2483,XGPY2,100132596.0,Del0.8,0.77
X-2483,XIAP,331.0,Del0.8,0.77
X-2483,XIST,7503.0,Del0.8,0.76
X-2483,XK,7504.0,Del0.8,0.77
X-2483,XKR5,389610.0,Del0.8,0.8
X-2483,XKRX,402415.0,Del0.8,0.77
X-2483,XKRY2,353515.0,Del0.8,0.22
X-2483,XKRY2,353515.0,Del0.8,0.22
X-2483,XPNPEP2,7512.0,Del0.8,0.77
X-2483,YIPF6,286451.0,Del0.8,0.77
X-2483,YY2,404281.0,Del0.8,0.77
X-2483,ZADH2,284273.0,Del0.8,0.8
X-2483,ZBED1,9189.0,Del0.8,0.77
X-2483,ZBTB33,10009.0,Del0.8,0.77
X-2483,ZBTB7C,201501.0,Del0.8,0.8
X-2483,ZC3H12B,340554.0,Del0.8,0.77
X-2483,ZC4H2,55906.0,Del0.8,0.77
X-2483,ZCCHC12,170261.0,Del0.8,0.77
X-2483,ZCCHC13,389874.0,Del0.8,0.76
X-2483,ZCCHC16,340595.0,Del0.8,0.77
X-2483,ZCCHC18,644353.0,Del0.8,0.77
X-2483,ZCCHC2,54877.0,Del0.8,0.8
X-2483,ZCCHC5,203430.0,Del0.8,0.76
X-2483,ZDBF2,57683.0,Amp5,6.36
X-2483,ZDHHC15,158866.0,Del0.8,0.76
X-2483,ZDHHC21,340481.0,Del0.8,0.79
X-2483,ZDHHC9,51114.0,Del0.8,0.77
X-2483,ZFP92,139735.0,Del0.8,0.78
X-2483,ZFX,7543.0,Del0.8,0.77
X-2483,ZFY,7544.0,Del0.8,0.22
X-2483,ZIC3,7547.0,Del0.8,0.77
X-2483,ZMAT1,84460.0,Del0.8,0.77
X-2483,ZMYM3,9203.0,Del0.8,0.77
X-2483,ZNF157,7712.0,Del0.8,0.77
X-2483,ZNF182,7569.0,Del0.8,0.77
X-2483,ZNF185,7739.0,Del0.8,0.78
X-2483,ZNF205,7755.0,MutNovel,"A543V,0.282"
X-2483,ZNF236,7776.0,Del0.8,0.8
X-2483,ZNF24,7572.0,Del0.8,0.78
X-2483,ZNF271,10778.0,Del0.8,0.78
X-2483,ZNF275,10838.0,Del0.8,0.78
X-2483,ZNF280C,55609.0,Del0.8,0.77
X-2483,ZNF341,84905.0,MutNovel,"A555T,0.545"
X-2483,ZNF347,84671.0,MutNovel,"A45V,1.000"
X-2483,ZNF395,55893.0,Del0.8,0.77
X-2483,ZNF396,252884.0,Del0.8,0.78
X-2483,ZNF397,84307.0,Del0.8,0.78
X-2483,ZNF407,55628.0,Del0.8,0.8
X-2483,ZNF41,7592.0,Del0.8,0.77
X-2483,ZNF449,203523.0,Del0.8,0.77
X-2483,ZNF516,9658.0,Del0.8,0.8
X-2483,ZNF521,25925.0,Amp5,6.54
X-2483,ZNF532,55205.0,Del0.8,0.8
X-2483,ZNF572,137209.0,Amp8,25.46
X-2483,ZNF592,9640.0,MutNovel,"K1083R,0.448"
X-2483,ZNF630,57232.0,Del0.8,0.77
X-2483,ZNF645,158506.0,Del0.8,0.77
X-2483,ZNF673,55634.0,Del0.8,0.77
X-2483,ZNF674,641339.0,Del0.8,0.77
X-2483,ZNF703,80139.0,Del0.8,0.79
X-2483,ZNF711,7552.0,Del0.8,0.76
X-2483,ZNF732,654254.0,MutNovel,"V77M,1.000"
X-2483,ZNF75D,7626.0,Del0.8,0.77
X-2483,ZNF81,347344.0,Del0.8,0.77
X-2483,ZRSR2,8233.0,Del0.8,0.77
X-2483,ZSCAN30,100101467.0,Del0.8,0.78
X-2483,ZXDA,7789.0,Del0.8,0.77
X-2483,ZXDB,158586.0,Del0.8,0.77
X-2484,ABCC11,85320.0,Amp5,6.68
X-2484,ABCC12,94160.0,Amp5,6.68
X-2484,ADAMTS3,9508.0,Del0.8,0.75
X-2484,ADCK3,56997.0,MutNovel,"E513D,1.000"
X-2484,ADCY7,113.0,Amp5,5.7
X-2484,ADH1B,125.0,MutNovel,"V103I,1.000"
X-2484,AGAP6,414189.0,MutNovel,"P391L,0.654"
X-2484,AGAP6,414189.0,MutKnownFunctional,"E621*,0.500"
X-2484,AMELY,266.0,Del0.8,0.23
X-2484,ANKRD26P1,124149.0,Amp5,6.68
X-2484,APC,324.0,MutKnownFunctional,"R232*,0.333"
X-2484,ARAP1,116985.0,MutKnownFunctional,"Q421*,0.308"
X-2484,ARV1,64801.0,MutKnownFunctional,"-170?,0.257"
X-2484,ASMTL,8623.0,MutNovel,"I507V,0.714"
X-2484,ATXN7L2,127002.0,MutNovel,"P469L,1.000"
X-2484,BCORP1,286554.0,Del0.8,0.23
X-2484,BPY2B,442867.0,Del0.8,0.08
X-2484,BPY2B,442867.0,Del0.8,0.13
X-2484,BRD7,29117.0,Amp5,5.7
X-2484,BTNL3,10917.0,MutNovel,"H311G,0.375"
X-2484,C16orf78,123970.0,Amp5,5.7
X-2484,C16orf87,388272.0,Amp5,6.68
X-2484,C18orf54,162681.0,Del0.8,0.61
X-2484,C3orf37,56941.0,MutNovel,"R340Q,0.378"
X-2484,C6orf132,647024.0,MutNovel,"A414V,1.000"
X-2484,C8orf44,56260.0,MutKnownFunctional,"R70*,0.333"
X-2484,C9orf172,389813.0,MutNovel,"R489C,0.333"
X-2484,CAPN5,726.0,MutNovel,"R21W,1.000"
X-2484,CBLN1,869.0,Amp5,5.7
X-2484,CDK11B,984.0,MutNovel,"D555E,0.221"
X-2484,CDY1B,253175.0,Del0.8,0.14
X-2484,CDY1B,253175.0,Del0.8,0.23
X-2484,CDY2A,9426.0,Del0.8,0.23
X-2484,CDY2A,9426.0,Del0.8,0.23
X-2484,CDY2B,203611.0,Del0.8,0.23
X-2484,CDY2B,203611.0,Del0.8,0.23
X-2484,CEACAM3,1084.0,MutNovel,"G85E,0.800"
X-2484,CENPB,1059.0,MutNovel,"EE412E,0.333"
X-2484,CFHR1,3078.0,Amp5,5.86
X-2484,CFHR3,10878.0,Amp5,5.86
X-2484,CHD2,1106.0,MutNovel,"L1355M,0.535"
X-2484,CHD9,80205.0,MutNovel,"T2626TA,0.792"
X-2484,CRIPAK,285464.0,MutNovel,"R367H,1.000"
X-2484,CRYBG3,,MutNovel,"R1435Q,0.500"
X-2484,CSPG4P1Y,114758.0,Del0.8,0.32
X-2484,CSPG4P1Y,114758.0,Del0.8,0.23
X-2484,CTSA,5476.0,MutNovel,"L29-,0.383"
X-2484,CTSF,8722.0,MutNovel,"P422L,1.000"
X-2484,CXorf40B,541578.0,MutNovel,"A112V,1.000"
X-2484,CYB5A,1528.0,MutNovel,"D88N,0.458"
X-2484,CYP51A1,1595.0,MutNovel,"P67S,0.359"
X-2484,DAPK2,23604.0,MutNovel,"I54T,0.667"
X-2484,DAZ1,1617.0,Del0.8,0.23
X-2484,DAZ2,57055.0,Del0.8,0.15
X-2484,DAZ3,57054.0,Del0.8,0.13
X-2484,DAZ3,57054.0,Del0.8,0.08
X-2484,DAZ4,57135.0,Del0.8,0.16
X-2484,DAZ4,57135.0,Del0.8,0.11
X-2484,DBF4,10926.0,MutNovel,"A488T,0.344"
X-2484,DDX3Y,8653.0,Del0.8,0.23
X-2484,DEFA1,,MutNovel,"E28D,1.000"
X-2484,DGKA,1606.0,MutNovel,"R290G,0.227"
X-2484,DHRSX,207063.0,MutNovel,"P802S,0.364"
X-2484,DHRSX,207063.0,MutNovel,"R577H,0.400"
X-2484,DMBT1,1755.0,MutNovel,"H1732S,0.400"
X-2484,DMXL1,1657.0,MutNovel,"N2463-,0.615"
X-2484,DNAJA2,10294.0,Amp5,6.68
X-2484,DTD1,92675.0,MutNovel,"R10W,0.588"
X-2484,EIF1AY,9086.0,Del0.8,0.23
X-2484,EPHB1,2047.0,MutNovel,"G714R,0.333"
X-2484,EPHX1,2052.0,MutNovel,"R71H,1.000"
X-2484,FAM106A,80039.0,Del0.8,0.61
X-2484,FAM197Y2P,252946.0,Del0.8,0.23
X-2484,FAM210B,116151.0,MutNovel,"P43L,0.618"
X-2484,FAM41AY1,340618.0,Del0.8,0.23
X-2484,FAM41AY1,340618.0,Del0.8,0.23
X-2484,FANCL,55120.0,MutKnownFunctional,"-372I?,0.528"
X-2484,FARP1,10160.0,MutNovel,"V40M,1.000"
X-2484,FBRS,64319.0,MutNovel,"AAAAAAA313-,0.867"
X-2484,FCGBP,8857.0,MutNovel,"H3668R,0.750"
X-2484,FLJ26245,400533.0,Amp5,5.21
X-2484,FUT5,2527.0,MutNovel,"E261K,1.000"
X-2484,GAS6,2621.0,MutNovel,"V521M,0.996"
X-2484,GIGYF2,26058.0,MutNovel,"PQ1231P,0.812"
X-2484,GOLGA2P2Y,84559.0,Del0.8,0.23
X-2484,GOLGA2P2Y,84559.0,Del0.8,0.32
X-2484,GPT2,84706.0,Amp5,6.68
X-2484,GYG2P1,352887.0,Del0.8,0.23
X-2484,HDGFRP2,84717.0,MutNovel,"K462N,0.522"
X-2484,HEATR3,55027.0,Amp5,5.7
X-2484,HLA-G,3135.0,MutNovel,"P208H,0.273"
X-2484,HLA-G,3135.0,MutNovel,"P208Q,0.273"
X-2484,HSFY2,159119.0,Del0.8,0.23
X-2484,HSFY2,159119.0,Del0.8,0.23
X-2484,IDH1,3417.0,MutNovel,"V71I,0.709"
X-2484,IGFBP4,3487.0,MutNovel,"R231Q,0.350"
X-2484,INO80,54617.0,MutNovel,"N151S,0.550"
X-2484,ITFG1,81533.0,Amp5,6.68
X-2484,ITGAV,3685.0,MutNovel,"Q644R,0.500"
X-2484,ITPKB,3707.0,MutNovel,"R168H,1.000"
X-2484,KANK1,23189.0,Del0.8,0.44
X-2484,KARS,3735.0,MutNovel,"S109N,0.558"
X-2484,KDM5D,8284.0,Del0.8,0.23
X-2484,KHDRBS1,10657.0,MutNovel,"R310Q,0.480"
X-2484,KIAA0125,9834.0,Amp5,6.11
X-2484,KIR2DL1,3802.0,Amp5,5.74
X-2484,KIR2DL4,3805.0,Amp5,5.74
X-2484,KIR3DL1,3811.0,Amp5,5.74
X-2484,KRBA1,84626.0,MutNovel,"G145V,0.400"
X-2484,KRT19,3880.0,MutNovel,"R24H,0.529"
X-2484,KRT2,3849.0,MutNovel,"L459Q,1.000"
X-2484,LCE3C,353144.0,Del0.8,0.24
X-2484,LGALS9C,654346.0,Del0.8,0.61
X-2484,LOC100130700,100130700.0,Amp5,5.21
X-2484,LOC100507577,100507577.0,Amp5,6.68
X-2484,LOC146481,146481.0,Amp5,5.21
X-2484,LOC283914,283914.0,Amp5,5.21
X-2484,LONP2,83752.0,Amp5,6.68
X-2484,LRCH1,23143.0,MutNovel,"N217H,1.000"
X-2484,LRRC39,127495.0,MutNovel,"EE295E,0.875"
X-2484,LSR,51599.0,MutNovel,"G518GR,0.851"
X-2484,LTN1,26046.0,MutNovel,"L846F,1.000"
X-2484,LYST,1130.0,MutNovel,"A537V,1.000"
X-2484,MAGEA2,4101.0,MutNovel,"M247T,1.000"
X-2484,MAP7,9053.0,MutNovel,"R328Q,0.986"
X-2484,MEX3D,399664.0,MutNovel,"P495S,1.000"
X-2484,MIPEP,4285.0,MutNovel,"L56W,1.000"
X-2484,MIR548AE2,100616339.0,Amp5,6.68
X-2484,MPRIP,23164.0,MutNovel,"TS178T,0.576"
X-2484,MPV17L2,84769.0,MutNovel,"G42A,1.000"
X-2484,MRPL10,124995.0,MutKnownFunctional,"S13*,0.375"
X-2484,MRPL38,64978.0,MutNovel,"R346W,0.309"
X-2484,MSL2,55167.0,MutNovel,"H420N,0.414"
X-2484,MUC12,10071.0,MutNovel,"R855H,1.000"
X-2484,MUC12,10071.0,MutNovel,"S914P,0.474"
X-2484,MUC12,10071.0,MutNovel,"T1066K,1.000"
X-2484,MUC12,10071.0,MutNovel,"R1165P,1.000"
X-2484,MUC12,10071.0,MutNovel,"T1338I,1.000"
X-2484,MUC12,10071.0,MutNovel,"D1348G,0.857"
X-2484,MUC12,10071.0,MutNovel,"T1832I,0.667"
X-2484,MUC12,10071.0,MutNovel,"D1839E,0.667"
X-2484,MUC12,10071.0,MutNovel,"T1899M,0.800"
X-2484,MUC12,10071.0,MutNovel,"L3043F,1.000"
X-2484,MUC12,10071.0,MutNovel,"T3087M,0.667"
X-2484,MUC12,10071.0,MutNovel,"E3405D,0.250"
X-2484,MUC12,10071.0,MutNovel,"T4363I,0.327"
X-2484,MUC12,10071.0,MutNovel,"T4410M,0.417"
X-2484,MUC12,10071.0,MutNovel,"T4472I,0.857"
X-2484,MUC12,10071.0,MutNovel,"D4479E,0.900"
X-2484,MUC12,10071.0,MutNovel,"L4568F,0.904"
X-2484,MUC2,4583.0,MutNovel,"A1800T,1.000"
X-2484,MUC20,200958.0,MutNovel,"P266S,0.306"
X-2484,MYH7B,57644.0,MutKnownFunctional,"-1470,0.429"
X-2484,MYLK3,91807.0,Amp5,6.68
X-2484,N4BP1,9683.0,Amp5,6.68
X-2484,NBPF12,,MutNovel,"S652P,1.000"
X-2484,NBPF15,284565.0,MutNovel,"E414G,1.000"
X-2484,NBPF3,84224.0,MutNovel,"P484L,1.000"
X-2484,NCL,4691.0,MutNovel,"DDE257E,0.309"
X-2484,NCRNA00185,55410.0,Del0.8,0.23
X-2484,NETO2,81831.0,Amp5,6.68
X-2484,NEURL1B,54492.0,MutNovel,"D289E,1.000"
X-2484,NKD1,85407.0,Amp5,5.7
X-2484,NLGN4Y,22829.0,Del0.8,0.23
X-2484,NR1H2,7376.0,MutNovel,"-173Q,0.366"
X-2484,NRAS,4893.0,MutKnownFunctional,"Q61K,0.395"
X-2484,OR5P2,120065.0,Del0.8,0.75
X-2484,ORC6,23594.0,Amp5,6.68
X-2484,P4HTM,54681.0,MutNovel,"R10W,0.667"
X-2484,PAIP1,10605.0,MutNovel,"G23E,0.533"
X-2484,PAPD5,64282.0,Amp5,5.7
X-2484,PCDH11Y,83259.0,Del0.8,0.42
X-2484,PEPD,5184.0,MutNovel,"G260R,0.590"
X-2484,PEX11G,92960.0,MutKnownFunctional,"-213?,1.000"
X-2484,PHKA2,5256.0,MutNovel,"R687C,1.000"
X-2484,PHKB,5257.0,Amp5,6.68
X-2484,PHLDA1,22822.0,MutNovel,"QQ194Q,0.350"
X-2484,PIK3CA,5290.0,MutKnownFunctional,"N345K,0.500"
X-2484,PKD1,5310.0,MutNovel,"A3236V,1.000"
X-2484,PKD1,5310.0,MutNovel,"P398L,0.500"
X-2484,PLEC,5339.0,MutNovel,"R1540W,0.385"
X-2484,PLEKHN1,84069.0,MutNovel,"P543L,1.000"
X-2484,PLK3,1263.0,MutNovel,"G27R,1.000"
X-2484,PMS2,5395.0,MutNovel,"T728A,0.273"
X-2484,PRKY,5616.0,Del0.8,0.23
X-2484,PRMT5,10419.0,MutNovel,"P528L,0.543"
X-2484,PRY,9081.0,Del0.8,0.23
X-2484,PRY,9081.0,Del0.8,0.23
X-2484,PRY2,442862.0,Del0.8,0.23
X-2484,PRY2,442862.0,Del0.8,0.23
X-2484,PTEN,5728.0,MutLikelyFunctional,"-288?,0.930"
X-2484,PTP4A3,11156.0,MutNovel,"V115A,0.297"
X-2484,R3HCC1,203069.0,Del0.8,0.33
X-2484,RBMY1A3P,286557.0,Del0.8,0.23
X-2484,RBMY1B,378948.0,Del0.8,0.23
X-2484,RBMY1B,378948.0,Del0.8,0.23
X-2484,RBMY1E,378950.0,Del0.8,0.23
X-2484,RBMY1E,378950.0,Del0.8,0.23
X-2484,RBMY1F,159163.0,Del0.8,0.23
X-2484,RBMY1F,159163.0,Del0.8,0.23
X-2484,RBMY1J,378951.0,Del0.8,0.23
X-2484,RBMY1J,378951.0,Del0.8,0.23
X-2484,RBMY2EP,159125.0,Del0.8,0.23
X-2484,RBMY2FP,159162.0,Del0.8,0.23
X-2484,RBMY3AP,64593.0,Del0.8,0.23
X-2484,RNF14,9604.0,MutNovel,"S30C,0.453"
X-2484,RPL14,9045.0,MutNovel,"TA149T,0.304"
X-2484,RPS4Y1,6192.0,Del0.8,0.42
X-2484,RPS4Y2,140032.0,Del0.8,0.23
X-2484,SBDS,51119.0,MutNovel,"A116V,0.293"
X-2484,SCUBE2,57758.0,MutNovel,"L25P,1.000"
X-2484,SEC16A,9919.0,MutNovel,"SGA369-,1.000"
X-2484,SFSWAP,6433.0,MutNovel,"R812L,1.000"
X-2484,SHCBP1,79801.0,Amp5,6.68
X-2484,SIAH1,6477.0,Amp5,6.68
X-2484,SLC13A3,64849.0,MutNovel,"G302R,0.833"
X-2484,SLC6A10P,386757.0,Del0.8,0.53
X-2484,SMC6,79677.0,MutKnownFunctional,"-410?,0.278"
X-2484,SMEK1,55671.0,MutNovel,"T344M,0.442"
X-2484,SNRNP48,154007.0,MutNovel,"K112R,1.000"
X-2484,SPON2,10417.0,MutNovel,"I45T,1.000"
X-2484,SRP54,6729.0,MutNovel,"N308S,0.524"
X-2484,SRY,6736.0,Del0.8,0.42
X-2484,STARD6,147323.0,Del0.8,0.79
X-2484,TBC1D25,4943.0,MutNovel,"R260C,1.000"
X-2484,TBC1D2B,23102.0,MutNovel,"G441R,0.600"
X-2484,TBC1D3F,,MutNovel,"R137K,0.250"
X-2484,TBL1Y,90665.0,Del0.8,0.23
X-2484,TBL3,10607.0,MutNovel,"A408-,0.947"
X-2484,TGIF2LY,90655.0,Del0.8,0.42
X-2484,THADA,63892.0,MutNovel,"A574D,0.615"
X-2484,TMEM184A,202915.0,MutNovel,"G392GA,0.818"
X-2484,TMSB4Y,9087.0,Del0.8,0.23
X-2484,TSPY1,7258.0,Del0.8,0.23
X-2484,TSPY2,64591.0,Del0.8,0.23
X-2484,TSPY3,728137.0,Del0.8,0.23
X-2484,TSPY4,728395.0,Del0.8,0.23
X-2484,TSPY8,728403.0,Del0.8,0.23
X-2484,TSPYL1,7259.0,MutNovel,"V176VW,0.875"
X-2484,TTTY10,246119.0,Del0.8,0.23
X-2484,TTTY11,83866.0,Del0.8,0.23
X-2484,TTTY12,83867.0,Del0.8,0.23
X-2484,TTTY13,83868.0,Del0.8,0.23
X-2484,TTTY14,83869.0,Del0.8,0.23
X-2484,TTTY15,64595.0,Del0.8,0.23
X-2484,TTTY16,252948.0,Del0.8,0.23
X-2484,TTTY17A,252949.0,Del0.8,0.32
X-2484,TTTY17A,252949.0,Del0.8,0.13
X-2484,TTTY18,252950.0,Del0.8,0.23
X-2484,TTTY19,252952.0,Del0.8,0.23
X-2484,TTTY1B,100101116.0,Del0.8,0.23
X-2484,TTTY1B,100101116.0,Del0.8,0.23
X-2484,TTTY2,60439.0,Del0.8,0.23
X-2484,TTTY2,60439.0,Del0.8,0.23
X-2484,TTTY20,252951.0,Del0.8,0.23
X-2484,TTTY21,252953.0,Del0.8,0.23
X-2484,TTTY21,252953.0,Del0.8,0.23
X-2484,TTTY22,252954.0,Del0.8,0.23
X-2484,TTTY23,252955.0,Del0.8,0.23
X-2484,TTTY23,252955.0,Del0.8,0.23
X-2484,TTTY3,114760.0,Del0.8,0.14
X-2484,TTTY3,114760.0,Del0.8,0.23
X-2484,TTTY4,114761.0,Del0.8,0.08
X-2484,TTTY4,114761.0,Del0.8,0.13
X-2484,TTTY5,83863.0,Del0.8,0.23
X-2484,TTTY6,84672.0,Del0.8,0.23
X-2484,TTTY6,84672.0,Del0.8,0.23
X-2484,TTTY7,246122.0,Del0.8,0.23
X-2484,TTTY7,246122.0,Del0.8,0.23
X-2484,TTTY7B,100101120.0,Del0.8,0.23
X-2484,TTTY7B,100101120.0,Del0.8,0.23
X-2484,TTTY8,84673.0,Del0.8,0.23
X-2484,TTTY8,84673.0,Del0.8,0.23
X-2484,TTTY9A,83864.0,Del0.8,0.23
X-2484,TTTY9A,83864.0,Del0.8,0.23
X-2484,TXLNG2P,246126.0,Del0.8,0.23
X-2484,UBE2MP1,606551.0,Amp5,5.21
X-2484,ULBP2,80328.0,MutNovel,"R106L,1.000"
X-2484,UPK3BL,,MutNovel,"Q128R,1.000"
X-2484,USP16,10600.0,MutNovel,"G395D,0.982"
X-2484,USP32P2,220594.0,Del0.8,0.61
X-2484,USP9Y,8287.0,Del0.8,0.23
X-2484,UTY,7404.0,Del0.8,0.23
X-2484,VCAN,1462.0,MutNovel,"G2312R,1.000"
X-2484,VCY,9084.0,Del0.8,0.23
X-2484,VCY,9084.0,Del0.8,0.23
X-2484,VPS35,55737.0,Amp5,6.68
X-2484,WDR46,9277.0,MutNovel,"I332L,0.289"
X-2484,WDR7,23335.0,Del0.8,0.8
X-2484,WIPF2,147179.0,MutNovel,"P116T,0.620"
X-2484,WNK2,65268.0,MutNovel,"R974W,1.000"
X-2484,XKRY2,353515.0,Del0.8,0.23
X-2484,XKRY2,353515.0,Del0.8,0.23
X-2484,ZDHHC11,79844.0,MutNovel,"A303D,1.000"
X-2484,ZDHHC11,79844.0,MutNovel,"V193I,0.500"
X-2484,ZFY,7544.0,Del0.8,0.42
X-2484,ZNF142,7701.0,MutNovel,"H1304R,0.273"
X-2484,ZNF200,7752.0,MutNovel,"I72V,1.000"
X-2484,ZNF295,49854.0,MutNovel,"D73Y,0.667"
X-2484,ZNF384,171017.0,MutNovel,"QQ514Q,0.391"
X-2484,ZNF423,23090.0,Amp5,5.7
X-2484,ZNF630,57232.0,Amp5,5.78
X-2484,ZNF681,148213.0,MutKnownFunctional,"E643*,0.833"
X-2484,ZNF689,115509.0,MutNovel,"C350Y,0.625"
X-2484,ZNF703,80139.0,MutNovel,"P251R,0.363"
X-2484,ZNF778,197320.0,MutNovel,"I586V,1.000"
X-2484,ZNF787,126208.0,MutNovel,"AAA255A,0.500"
X-2484,ZNF805,390980.0,MutNovel,"N206H,0.800"
X-2484,ZNF865,100507290.0,MutNovel,"G1045A,0.667"
X-2484,ZYX,7791.0,MutNovel,"I131T,0.723"
X-2514,61E3.4,,MutNovel,"R109S,0.428"
X-2514,ACIN1,22985.0,MutNovel,"R1269W,0.316"
X-2514,ACR,49.0,MutNovel,"G217E,1.000"
X-2514,ACSL1,2180.0,Del0.8,0.78
X-2514,ACSS2,55902.0,MutNovel,"R202W,0.610"
X-2514,AGAP5,729092.0,MutNovel,"N102K,0.250"
X-2514,AMELY,266.0,Del0.8,0.18
X-2514,ANAPC1,64682.0,MutNovel,"G1695R,0.372"
X-2514,ANAPC1,64682.0,MutNovel,"R980C,0.455"
X-2514,ANKRD36,375248.0,MutNovel,"E593D,0.286"
X-2514,ANKRD62P1-PARP4P3,23783.0,Del0.8,0.61
X-2514,ARFGEF1,10565.0,MutNovel,"K1065N,0.590"
X-2514,ARHGEF11,9826.0,MutNovel,"A1127D,0.318"
X-2514,ARL14EP,,MutNovel,"M39V,0.343"
X-2514,ARMC5,79798.0,MutNovel,"R364L,0.735"
X-2514,ATP2C2,9914.0,MutNovel,"Q258H,0.356"
X-2514,AVEN,57099.0,MutNovel,"GGGGG41G,1.000"
X-2514,AZIN1,51582.0,MutNovel,"T228M,0.400"
X-2514,BAZ2A,11176.0,MutNovel,"R1124H,0.515"
X-2514,BCORP1,286554.0,Del0.8,0.18
X-2514,BPY2B,442867.0,Del0.8,0.18
X-2514,BPY2B,442867.0,Del0.8,0.18
X-2514,C11orf49,79096.0,MutKnownFunctional,"R63*,0.602"
X-2514,C21orf58,54058.0,MutNovel,"H299PN,0.257"
X-2514,CAPN1,823.0,MutNovel,"R361Q,0.255"
X-2514,CASP3,836.0,Del0.8,0.78
X-2514,CBWD6,644019.0,MutKnownFunctional,"-259?,0.618"
X-2514,CCDC111,201973.0,Del0.8,0.78
X-2514,CCDC144B,284047.0,Del0.8,0.63
X-2514,CCT8L2,150160.0,Del0.8,0.61
X-2514,CDY1B,253175.0,Del0.8,0.18
X-2514,CDY1B,253175.0,Del0.8,0.18
X-2514,CDY2A,9426.0,Del0.8,0.18
X-2514,CDY2A,9426.0,Del0.8,0.18
X-2514,CDY2B,203611.0,Del0.8,0.18
X-2514,CDY2B,203611.0,Del0.8,0.18
X-2514,CEACAM8,1088.0,MutNovel,"T171A,1.000"
X-2514,CECR5,27440.0,Del0.8,0.61
X-2514,CECR5-AS1,100130717.0,Del0.8,0.61
X-2514,CECR6,27439.0,Del0.8,0.61
X-2514,CECR7,100130418.0,Del0.8,0.61
X-2514,CEL,1056.0,MutNovel,"A571S,0.377"
X-2514,CERK,64781.0,MutNovel,"R96S,0.800"
X-2514,CHTF18,63922.0,MutNovel,"P266L,0.664"
X-2514,CLCC1,23155.0,MutNovel,"L155I,0.381"
X-2514,CLDN23,137075.0,MutNovel,"D262N,0.607"
X-2514,COX5A,9377.0,MutNovel,"S25C,0.317"
X-2514,CROCC,9696.0,MutNovel,"D653N,0.333"
X-2514,CRYBG3,,MutNovel,"E1373Q,0.800"
X-2514,CSPG4P1Y,114758.0,Del0.8,0.18
X-2514,CSPG4P1Y,114758.0,Del0.8,0.18
X-2514,CTSA,5476.0,MutNovel,"L29-,0.237"
X-2514,CXorf40A,91966.0,MutNovel,"P153H,0.980"
X-2514,CXorf40B,541578.0,MutNovel,"P153H,0.275"
X-2514,CYP3A5,1577.0,MutNovel,"D194H,0.408"
X-2514,DAAM1,23002.0,MutNovel,"Q720R,0.783"
X-2514,DACH1,1602.0,MutNovel,"GG82-,1.000"
X-2514,DAZ1,1617.0,Del0.8,0.18
X-2514,DAZ2,57055.0,Del0.8,0.18
X-2514,DAZ3,57054.0,Del0.8,0.18
X-2514,DAZ3,57054.0,Del0.8,0.18
X-2514,DAZ4,57135.0,Del0.8,0.18
X-2514,DAZ4,57135.0,Del0.8,0.18
X-2514,DDHD2,23259.0,MutKnownFunctional,"-674,0.580"
X-2514,DDX3Y,8653.0,Del0.8,0.18
X-2514,DEFB126,81623.0,MutKnownFunctional,"-53,0.875"
X-2514,EIF1AY,9086.0,Del0.8,0.18
X-2514,ELP3,55140.0,MutNovel,"A204T,0.678"
X-2514,ESPN,83715.0,MutNovel,"P570L,0.576"
X-2514,EXOSC9,5393.0,MutNovel,"L397F,0.358"
X-2514,FAIM,55179.0,MutNovel,"V39I,1.000"
X-2514,FAM106A,80039.0,Del0.8,0.41
X-2514,FAM120C,54954.0,MutNovel,"P110RRP,1.000"
X-2514,FAM197Y2P,252946.0,Del0.8,0.18
X-2514,FAM41AY1,340618.0,Del0.8,0.18
X-2514,FAM41AY1,340618.0,Del0.8,0.18
X-2514,FAM86B1,85002.0,MutNovel,"D266A,0.357"
X-2514,FCGBP,8857.0,MutNovel,"D2025N,1.000"
X-2514,FKBP9,11328.0,MutNovel,"E46V,0.359"
X-2514,FLCN,201163.0,MutNovel,"G15D,1.000"
X-2514,GAB4,128954.0,Del0.8,0.61
X-2514,GGA3,23163.0,MutNovel,"P463L,0.265"
X-2514,GGT1,2678.0,MutNovel,"D377Y,0.212"
X-2514,GIGYF2,26058.0,MutNovel,"PQ1231P,0.303"
X-2514,GOLGA2P2Y,84559.0,Del0.8,0.18
X-2514,GOLGA2P2Y,84559.0,Del0.8,0.18
X-2514,GPRIN2,9721.0,MutNovel,"-238MRE,0.438"
X-2514,GRAPL,400581.0,Del0.8,0.41
X-2514,GYG2P1,352887.0,Del0.8,0.18
X-2514,GYLTL1B,120071.0,MutNovel,"G43E,0.757"
X-2514,HEATR5A,25938.0,MutNovel,"R266K,0.800"
X-2514,HELT,391723.0,Del0.8,0.78
X-2514,HGC6.3,100128124.0,MutNovel,"S119F,0.444"
X-2514,HGC6.3,100128124.0,MutNovel,"P108Q,0.300"
X-2514,HGC6.3,100128124.0,MutNovel,"V104A,0.640"
X-2514,HGC6.3,100128124.0,MutNovel,"P102S,0.310"
X-2514,HGC6.3,100128124.0,MutNovel,"P88S,0.268"
X-2514,HGC6.3,100128124.0,MutNovel,"Q66P,0.286"
X-2514,HGC6.3,100128124.0,MutNovel,"Q52P,0.300"
X-2514,HGC6.3,100128124.0,MutNovel,"Q38L,0.750"
X-2514,HLA-DRB5,3127.0,Amp5,5.98
X-2514,HLA-H,3136.0,Del0.8,0.65
X-2514,HSFY1P1,27437.0,Del0.8,0.61
X-2514,HSFY2,159119.0,Del0.8,0.18
X-2514,HSFY2,159119.0,Del0.8,0.18
X-2514,IL17RA,23765.0,Del0.8,0.61
X-2514,INPP5J,27124.0,MutNovel,"P623S,0.688"
X-2514,IRAK4,51135.0,MutNovel,"Q29P,0.491"
X-2514,IRF2,3660.0,Del0.8,0.23
X-2514,IRF2BPL,64207.0,MutNovel,"A517V,0.312"
X-2514,JAG2,3714.0,MutNovel,"R575C,0.349"
X-2514,KCNMA1,3778.0,MutNovel,"H30R,1.000"
X-2514,KDM5D,8284.0,Del0.8,0.18
X-2514,KDM6B,23135.0,MutNovel,"V751VT,0.333"
X-2514,KIF20B,9585.0,MutNovel,"L1062LKV,0.554"
X-2514,KIF20B,9585.0,MutNovel,"S1291F,0.343"
X-2514,LGALS9B,284194.0,MutNovel,"C316F,1.000"
X-2514,LGALS9C,654346.0,MutNovel,"C317F,1.000"
X-2514,LGALS9C,654346.0,Del0.8,0.25
X-2514,LOC100132247,100132247.0,MutNovel,"R734I,0.400"
X-2514,LOC100506229,100506229.0,Del0.8,0.78
X-2514,LOC284260,284260.0,Del0.8,0.8
X-2514,LOC728888,,MutNovel,"R109S,0.556"
X-2514,LOC731424,731424.0,Del0.8,0.78
X-2514,LRPPRC,10128.0,MutNovel,"N196T,0.402"
X-2514,LSR,51599.0,MutNovel,"G518GR,0.842"
X-2514,MAN1B1,11253.0,MutNovel,"P236T,0.242"
X-2514,MAPKAPK2,9261.0,MutNovel,"Q34QP,0.500"
X-2514,MCIN,,MutNovel,"S340C,0.400"
X-2514,MEX3D,399664.0,MutNovel,"G426S,0.402"
X-2514,MGA,23269.0,MutNovel,"R2497W,0.371"
X-2514,MIR3945,100500818.0,Del0.8,0.78
X-2514,MLF1IP,79682.0,Del0.8,0.78
X-2514,MLL4,9757.0,MutNovel,"P404L,0.565"
X-2514,MMP15,4324.0,MutNovel,"D596G,0.385"
X-2514,MRPS10,55173.0,MutNovel,"Y127D,1.000"
X-2514,MUC12,10071.0,MutNovel,"T312I,0.321"
X-2514,MUC12,10071.0,MutNovel,"L324F,0.440"
X-2514,MUC12,10071.0,MutNovel,"S330L,0.423"
X-2514,MUC12,10071.0,MutNovel,"T340P,0.600"
X-2514,MUC12,10071.0,MutNovel,"S828N,0.634"
X-2514,MUC12,10071.0,MutNovel,"R855H,0.917"
X-2514,MUC12,10071.0,MutNovel,"LG1735FS,0.545"
X-2514,MUC12,10071.0,MutNovel,"S1741L,0.500"
X-2514,MUC12,10071.0,MutNovel,"E1768G,0.821"
X-2514,MUC12,10071.0,MutNovel,"T1770M,0.828"
X-2514,MUC12,10071.0,MutNovel,"T2103A,1.000"
X-2514,MUC12,10071.0,MutNovel,"R2216H,0.476"
X-2514,MUC12,10071.0,MutNovel,"P2219R,0.476"
X-2514,MUC12,10071.0,MutNovel,"T2596I,1.000"
X-2514,MUC12,10071.0,MutNovel,"A2912T,0.500"
X-2514,MUC12,10071.0,MutNovel,"S3413N,0.333"
X-2514,MUC12,10071.0,MutNovel,"T4363I,0.500"
X-2514,MUC12,10071.0,MutNovel,"LG4568FS,0.630"
X-2514,MUC12,10071.0,MutNovel,"E4601G,1.000"
X-2514,MUC12,10071.0,MutNovel,"T4603M,1.000"
X-2514,MUC5AC,,MutNovel,"A1442K,1.000"
X-2514,MYH14,79784.0,MutNovel,"P2025L,0.333"
X-2514,NBPF10,100132406.0,MutNovel,"I1165F,0.286"
X-2514,NBPF15,284565.0,MutKnownFunctional,"-627,0.317"
X-2514,NCAPD3,23310.0,MutNovel,"R318H,0.298"
X-2514,NCOA3,8202.0,MutNovel,"Q1255-,0.458"
X-2514,NCOR2,9612.0,MutNovel,"G1839GAAA,0.456"
X-2514,NCOR2,9612.0,MutNovel,"-511S,0.240"
X-2514,NCRNA00185,55410.0,Del0.8,0.18
X-2514,NEB,4703.0,MutNovel,"L7295P,1.000"
X-2514,NIPSNAP1,8508.0,MutNovel,"S281L,0.333"
X-2514,NLGN4Y,22829.0,Del0.8,0.18
X-2514,NME7,29922.0,MutNovel,"R185C,0.344"
X-2514,OIP5,11339.0,MutNovel,"R9C,0.705"
X-2514,ORAI1,84876.0,MutNovel,"PP43-,0.852"
X-2514,PABPC3,5042.0,MutKnownFunctional,"-299,1.000"
X-2514,PCDH11Y,83259.0,Del0.8,0.31
X-2514,PCIF1,63935.0,MutNovel,"R35C,0.340"
X-2514,PCM1,5108.0,MutNovel,"I1698L,0.452"
X-2514,PCMTD2,55251.0,MutNovel,"F84C,0.638"
X-2514,PCSK9,255738.0,MutNovel,"-15L,0.357"
X-2514,PDIA5,10954.0,MutNovel,"L11P,0.714"
X-2514,PDIA5,10954.0,MutKnownFunctional,"E468*,0.408"
X-2514,PHLDA1,22822.0,MutNovel,"QQ194Q,0.574"
X-2514,PIDD,55367.0,MutNovel,"G845W,0.354"
X-2514,PKP2,5318.0,MutNovel,"I630T,0.544"
X-2514,PLA2G10,8399.0,MutNovel,"R38C,0.258"
X-2514,PLA2G15,23659.0,MutNovel,"R164H,0.720"
X-2514,PLEC,5339.0,MutNovel,"Y4664F,0.371"
X-2514,PPL,5493.0,MutNovel,"R63Q,0.244"
X-2514,PRKY,5616.0,Del0.8,0.18
X-2514,PRUNE2,158471.0,MutNovel,"G2474S,0.746"
X-2514,PRY,9081.0,Del0.8,0.18
X-2514,PRY,9081.0,Del0.8,0.18
X-2514,PRY2,442862.0,Del0.8,0.18
X-2514,PRY2,442862.0,Del0.8,0.18
X-2514,PSIP1,11168.0,MutNovel,"I11M,0.797"
X-2514,RAB3D,9545.0,MutNovel,"G5R,0.522"
X-2514,RAI1,10743.0,MutNovel,"-278Q,0.526"
X-2514,RBBP6,5930.0,MutNovel,"E1329-,0.482"
X-2514,RBMY1A3P,286557.0,Del0.8,0.18
X-2514,RBMY1B,378948.0,Del0.8,0.18
X-2514,RBMY1B,378948.0,Del0.8,0.18
X-2514,RBMY1E,378950.0,Del0.8,0.18
X-2514,RBMY1E,378950.0,Del0.8,0.18
X-2514,RBMY1F,159163.0,Del0.8,0.18
X-2514,RBMY1F,159163.0,Del0.8,0.18
X-2514,RBMY1J,378951.0,Del0.8,0.18
X-2514,RBMY1J,378951.0,Del0.8,0.18
X-2514,RBMY2EP,159125.0,Del0.8,0.18
X-2514,RBMY2FP,159162.0,Del0.8,0.18
X-2514,RBMY3AP,64593.0,Del0.8,0.18
X-2514,RGPD8,727851.0,MutNovel,"E928K,0.366"
X-2514,RNF169,254225.0,MutNovel,"P75S,0.833"
X-2514,RP1L1,94137.0,MutNovel,"E1340G,0.787"
X-2514,RPS4Y1,6192.0,Del0.8,0.31
X-2514,RPS4Y2,140032.0,Del0.8,0.18
X-2514,SCAPER,49855.0,Del0.8,0.8
X-2514,SEC16A,9919.0,MutNovel,"R339Q,0.787"
X-2514,SERINC2,347735.0,MutNovel,"-373Q,0.772"
X-2514,SETD1B,23067.0,MutNovel,"A1445T,0.500"
X-2514,SLC1A1,6505.0,MutNovel,"I491N,1.000"
X-2514,SLED1,643036.0,Del0.8,0.78
X-2514,SNAPC4,6621.0,MutNovel,"S542-,0.511"
X-2514,SNTB1,6641.0,MutNovel,"V3GRL,0.351"
X-2514,SNX2,6643.0,MutNovel,"F511L,0.265"
X-2514,SPRED1,161742.0,MutNovel,"P305T,0.705"
X-2514,SRY,6736.0,Del0.8,0.31
X-2514,TARBP2,6895.0,MutNovel,"G97A,0.559"
X-2514,TBC1D16,125058.0,MutNovel,"G731S,0.480"
X-2514,TBL1Y,90665.0,Del0.8,0.18
X-2514,TGIF2LY,90655.0,Del0.8,0.31
X-2514,TMEM168,64418.0,MutNovel,"V490L,0.625"
X-2514,TMEM184A,202915.0,MutNovel,"G392GA,0.878"
X-2514,TMEM238,388564.0,MutNovel,"G30V,0.491"
X-2514,TMSB4Y,9087.0,Del0.8,0.18
X-2514,TP53,7157.0,MutKnownFunctional,"R175H,1.000"
X-2514,TPBG,7162.0,MutNovel,"N406S,1.000"
X-2514,TPTEP1,387590.0,Del0.8,0.61
X-2514,TRIM39,56658.0,MutNovel,"V414M,0.407"
X-2514,TSPY1,7258.0,Del0.8,0.18
X-2514,TSPY2,64591.0,Del0.8,0.18
X-2514,TSPY3,728137.0,Del0.8,0.18
X-2514,TSPY4,728395.0,Del0.8,0.18
X-2514,TSPY8,728403.0,Del0.8,0.18
X-2514,TSPYL1,7259.0,MutNovel,"V176VW,0.888"
X-2514,TTTY10,246119.0,Del0.8,0.18
X-2514,TTTY11,83866.0,Del0.8,0.18
X-2514,TTTY12,83867.0,Del0.8,0.18
X-2514,TTTY13,83868.0,Del0.8,0.18
X-2514,TTTY14,83869.0,Del0.8,0.18
X-2514,TTTY15,64595.0,Del0.8,0.18
X-2514,TTTY16,252948.0,Del0.8,0.18
X-2514,TTTY17A,252949.0,Del0.8,0.18
X-2514,TTTY17A,252949.0,Del0.8,0.18
X-2514,TTTY18,252950.0,Del0.8,0.18
X-2514,TTTY19,252952.0,Del0.8,0.18
X-2514,TTTY1B,100101116.0,Del0.8,0.18
X-2514,TTTY1B,100101116.0,Del0.8,0.18
X-2514,TTTY2,60439.0,Del0.8,0.18
X-2514,TTTY2,60439.0,Del0.8,0.18
X-2514,TTTY20,252951.0,Del0.8,0.18
X-2514,TTTY21,252953.0,Del0.8,0.18
X-2514,TTTY21,252953.0,Del0.8,0.18
X-2514,TTTY22,252954.0,Del0.8,0.18
X-2514,TTTY23,252955.0,Del0.8,0.18
X-2514,TTTY23,252955.0,Del0.8,0.18
X-2514,TTTY3,114760.0,Del0.8,0.18
X-2514,TTTY3,114760.0,Del0.8,0.18
X-2514,TTTY4,114761.0,Del0.8,0.18
X-2514,TTTY4,114761.0,Del0.8,0.18
X-2514,TTTY5,83863.0,Del0.8,0.18
X-2514,TTTY6,84672.0,Del0.8,0.18
X-2514,TTTY6,84672.0,Del0.8,0.18
X-2514,TTTY7,246122.0,Del0.8,0.18
X-2514,TTTY7,246122.0,Del0.8,0.18
X-2514,TTTY7B,100101120.0,Del0.8,0.18
X-2514,TTTY7B,100101120.0,Del0.8,0.18
X-2514,TTTY8,84673.0,Del0.8,0.18
X-2514,TTTY8,84673.0,Del0.8,0.18
X-2514,TTTY9A,83864.0,Del0.8,0.18
X-2514,TTTY9A,83864.0,Del0.8,0.18
X-2514,TUBA1A,7846.0,MutNovel,"R264H,0.417"
X-2514,TXLNG2P,246126.0,Del0.8,0.18
X-2514,TXNRD1,7296.0,MutNovel,"V276I,0.235"
X-2514,USP32P2,220594.0,Del0.8,0.41
X-2514,USP36,57602.0,MutNovel,"KKK958K,0.788"
X-2514,USP9Y,8287.0,Del0.8,0.18
X-2514,UTY,7404.0,Del0.8,0.18
X-2514,VCY,9084.0,Del0.8,0.18
X-2514,VCY,9084.0,Del0.8,0.18
X-2514,VSIG10,54621.0,MutNovel,"TQPEVII349I,0.282"
X-2514,WDR25,79446.0,MutNovel,"Q516K,0.400"
X-2514,XKR3,150165.0,Del0.8,0.61
X-2514,XKRY2,353515.0,Del0.8,0.18
X-2514,XKRY2,353515.0,Del0.8,0.18
X-2514,YWHAB,7529.0,MutNovel,"Y127C,0.645"
X-2514,ZCCHC4,29063.0,MutKnownFunctional,"-507,0.369"
X-2514,ZDHHC11,79844.0,MutNovel,"A303D,0.955"
X-2514,ZDHHC11,79844.0,MutNovel,"L17R,0.400"
X-2514,ZFP36L1,677.0,MutNovel,"Q25R,0.800"
X-2514,ZFY,7544.0,Del0.8,0.31
X-2514,ZNF324B,388569.0,MutNovel,"T297M,0.429"
X-2514,ZNF627,199692.0,MutNovel,"A291T,0.340"
X-2514,ZNF670,93474.0,MutNovel,"C370Y,0.600"
X-2514,ZNF746,155061.0,MutNovel,"P596L,0.515"
X-2514,ZNF799,90576.0,MutNovel,"T14I,0.263"
X-2514,ZNF81,347344.0,MutNovel,"S179N,1.000"
X-2538,A2LD1,87769.0,Amp5,5.31
X-2538,AAGAB,79719.0,Amp5,6.41
X-2538,ABCC4,10257.0,Amp5,5.31
X-2538,ABHD13,84945.0,Amp5,5.31
X-2538,ABTB2,25841.0,Amp8,14.32
X-2538,ACCS,84680.0,Amp5,6.41
X-2538,ACCSL,390110.0,Amp5,6.41
X-2538,ACTN3,89.0,Amp5,6.63
X-2538,ACVR1B,91.0,Del0.8,0.23
X-2538,ACVRL1,94.0,Del0.8,0.48
X-2538,ADNP2,22850.0,MutKnownFunctional,"R748*,1.000"
X-2538,ADPGK,83440.0,Amp8,8.57
X-2538,ADPRHL1,113622.0,Amp5,5.31
X-2538,ADRBK1,156.0,Amp5,6.63
X-2538,AIFM1,9131.0,Amp5,6.63
X-2538,AIP,9049.0,Amp5,6.63
X-2538,AKAP11,11215.0,Amp5,5.21
X-2538,AKR1B15,441282.0,MutNovel,"D341N,1.000"
X-2538,ALG11,440138.0,Amp5,5.28
X-2538,ALG5,29880.0,Amp5,5.21
X-2538,ALG8,79053.0,Amp8,8.94
X-2538,ALKBH3,221120.0,Amp5,6.41
X-2538,ALOX5AP,241.0,Amp5,5.21
X-2538,ALX4,60529.0,Amp5,6.41
X-2538,AMELY,266.0,Del0.8,0.25
X-2538,ANKRD10,55608.0,Amp5,5.31
X-2538,ANKRD13D,338692.0,Amp5,6.63
X-2538,ANKRD17,26057.0,MutNovel,"S711G,1.000"
X-2538,ANKRD33,341405.0,Del0.8,0.29
X-2538,ANO1,55107.0,Amp5,7.89
X-2538,ANP32A,8125.0,Amp5,6.41
X-2538,ANP32A-IT1,80035.0,Amp5,6.41
X-2538,AP2A2,161.0,Amp5,5.74
X-2538,API5,8539.0,Amp5,6.41
X-2538,APIP,51074.0,Amp8,14.32
X-2538,AQP11,282679.0,Amp8,8.94
X-2538,ARGLU1,55082.0,Amp5,5.31
X-2538,ARHGAP32,9743.0,MutKnownFunctional,"E963*,0.500"
X-2538,ARHGAP36,158763.0,Amp5,6.63
X-2538,ARHGEF7,8874.0,Amp5,5.31
X-2538,ARIH1,25820.0,Amp8,8.57
X-2538,ARL11,115761.0,Amp5,5.28
X-2538,ATF1,466.0,Del0.8,0.31
X-2538,ATG4D,84971.0,MutNovel,"SS417S,0.350"
X-2538,ATP11A,23250.0,Amp5,5.31
X-2538,ATP12A,479.0,Amp5,5.21
X-2538,ATP4B,496.0,Amp5,5.31
X-2538,ATP5EP2,432369.0,Amp5,5.21
X-2538,ATP7B,540.0,Amp5,5.28
X-2538,ATP8A2,51761.0,Amp5,5.21
X-2538,ATXN8OS,6315.0,Amp5,5.31
X-2538,B3GALTL,145173.0,Amp5,5.21
X-2538,B3GNT1,11041.0,Amp5,6.63
X-2538,B3GNT6,192134.0,Amp8,8.94
X-2538,BASP1P1,646201.0,Amp5,5.21
X-2538,BBS1,582.0,Amp5,6.63
X-2538,BBS4,585.0,Amp8,8.57
X-2538,BCORL1,63035.0,Amp5,6.63
X-2538,BCORP1,286554.0,Del0.8,0.24
X-2538,BCRP2,400892.0,Del0.8,0.79
X-2538,BEST3,144453.0,Amp5,6.02
X-2538,BIN2,51411.0,Del0.8,0.34
X-2538,BIVM,54841.0,Amp5,5.31
X-2538,BIVM-ERCC5,100533467.0,Amp5,5.31
X-2538,BMS1,9790.0,MutNovel,"E878D,0.375"
X-2538,BORA,79866.0,Amp5,5.31
X-2538,BPY2B,442867.0,Del0.8,0.18
X-2538,BPY2B,442867.0,Del0.8,0.13
X-2538,BRCA2,675.0,Amp5,5.21
X-2538,BRMS1,25855.0,Amp5,6.63
X-2538,BRSK2,9024.0,Amp8,9.58
X-2538,BTF3P11,690.0,Amp5,5.31
X-2538,BTNL3,10917.0,MutNovel,"H311G,0.481"
X-2538,BZW2,28969.0,MutNovel,"H355Y,0.571"
X-2538,C11orf24,53838.0,Amp8,9.58
X-2538,C11orf41,25758.0,Amp8,14.32
X-2538,C11orf67,28971.0,Amp8,8.94
X-2538,C11orf74,119710.0,Amp8,15.03
X-2538,C11orf80,79703.0,MutNovel,"G26GA,0.238"
X-2538,C11orf80,79703.0,Amp5,6.63
X-2538,C11orf86,254439.0,Amp5,6.63
X-2538,C11orf91,100131378.0,Amp8,14.32
X-2538,C11orf94,143678.0,Amp5,5.46
X-2538,C11orf96,387763.0,Amp5,6.41
X-2538,C12orf44,60673.0,Del0.8,0.35
X-2538,C13orf33,84935.0,Amp5,5.21
X-2538,C13orf35,400165.0,Amp5,5.31
X-2538,C15orf59,388135.0,Amp8,8.57
X-2538,C15orf60,283677.0,Amp8,8.57
X-2538,C15orf61,145853.0,Amp5,6.41
X-2538,C1QTNF9,338872.0,Amp5,5.21
X-2538,C1QTNF9B,387911.0,Amp5,5.21
X-2538,C1QTNF9B-AS1,542767.0,Amp5,5.21
X-2538,CAB39L,81617.0,Amp5,5.28
X-2538,CABP4,57010.0,Amp5,6.63
X-2538,CACNA1A,773.0,MutNovel,"V1150I,0.375"
X-2538,CACNA1C,775.0,Del0.8,0.53
X-2538,CALCA,796.0,Amp5,6.28
X-2538,CALCB,797.0,Amp5,6.28
X-2538,CALML4,91860.0,Amp5,6.41
X-2538,CAND1,55832.0,Amp5,5.43
X-2538,CAPN5,726.0,Amp8,8.94
X-2538,CAPRIN1,4076.0,Amp8,14.32
X-2538,CARKD,55739.0,Amp5,5.31
X-2538,CARNS1,57571.0,Amp5,6.63
X-2538,CARS2,79587.0,Amp5,5.31
X-2538,CASP2,835.0,MutNovel,"R193G,0.667"
X-2538,CAT,847.0,Amp8,14.32
X-2538,CC2D1A,54862.0,MutNovel,"K5KGPP,0.330"
X-2538,CCAR1,55749.0,MutNovel,"A736S,1.000"
X-2538,CCDC122,160857.0,Amp5,5.21
X-2538,CCDC168,643677.0,Amp5,5.31
X-2538,CCDC169,728591.0,Amp5,5.21
X-2538,CCDC169-SOHLH2,100526761.0,Amp5,5.21
X-2538,CCDC70,83446.0,Amp5,5.28
X-2538,CCDC73,493860.0,Amp8,10.41
X-2538,CCDC83,220047.0,Amp8,9.32
X-2538,CCDC87,55231.0,Amp5,6.63
X-2538,CCDC89,220388.0,Amp8,9.32
X-2538,CCNA1,8900.0,Amp5,5.21
X-2538,CCND1,595.0,Amp8,16.68
X-2538,CCS,9973.0,Amp5,6.63
X-2538,CCT2,10576.0,Amp5,6.02
X-2538,CD151,977.0,Amp5,5.74
X-2538,CD248,57124.0,Amp5,6.63
X-2538,CD276,80381.0,Amp8,8.57
X-2538,CD44,960.0,Amp8,14.32
X-2538,CD59,966.0,Amp8,14.32
X-2538,CD82,3732.0,Amp5,6.41
X-2538,CDADC1,81602.0,Amp5,5.28
X-2538,CDAN1,146059.0,MutNovel,"T884A,0.500"
X-2538,CDC16,8881.0,Amp5,5.31
X-2538,CDK8,1024.0,Amp5,5.21
X-2538,CDX2,1045.0,MutNovel,"P260L,0.500"
X-2538,CDX2,1045.0,Amp5,5.21
X-2538,CDY1B,253175.0,Del0.8,0.24
X-2538,CDY1B,253175.0,Del0.8,0.18
X-2538,CDY2A,9426.0,Del0.8,0.24
X-2538,CDY2A,9426.0,Del0.8,0.24
X-2538,CDY2B,203611.0,Del0.8,0.24
X-2538,CDY2B,203611.0,Del0.8,0.24
X-2538,CEACAM8,1088.0,MutNovel,"D61H,0.909"
X-2538,CELA1,1990.0,Del0.8,0.34
X-2538,CELF6,60677.0,Amp8,8.57
X-2538,CENPJ,55835.0,Amp5,5.21
X-2538,CG030,116828.0,Amp5,5.21
X-2538,CHAMP1,283489.0,Amp5,5.31
X-2538,CHID1,66005.0,Amp5,5.74
X-2538,CHRM4,1132.0,Amp5,5.46
X-2538,CHRNA7,1139.0,MutNovel,"A463V,0.500"
X-2538,CHST1,8534.0,Amp5,5.46
X-2538,CIITA,4261.0,MutNovel,"P443S,0.571"
X-2538,CKAP2,26586.0,Amp5,5.28
X-2538,CLCF1,23529.0,Amp5,6.63
X-2538,CLDN10,9071.0,Amp5,5.31
X-2538,CLN5,1203.0,Amp5,5.31
X-2538,CLN6,54982.0,Amp5,6.41
X-2538,CLNS1A,1207.0,Amp8,8.94
X-2538,CLYBL,171425.0,Amp5,5.31
X-2538,CMTM6,54918.0,Del0.8,0.72
X-2538,CMTM7,112616.0,Del0.8,0.72
X-2538,CMTM8,152189.0,Del0.8,0.72
X-2538,CNIH2,254263.0,Amp5,6.63
X-2538,CNOT10,25904.0,Del0.8,0.72
X-2538,COG3,83548.0,Amp5,5.21
X-2538,COG6,57511.0,Amp5,5.21
X-2538,COL4A1,1282.0,Amp5,5.31
X-2538,COL4A2,1284.0,Amp5,5.31
X-2538,COMMD6,170622.0,Amp5,5.31
X-2538,COMMD9,29099.0,Amp8,15.03
X-2538,COPA,1314.0,MutNovel,"R358W,0.281"
X-2538,CORO1B,57175.0,Amp5,6.63
X-2538,CORO2B,10391.0,Amp5,6.41
X-2538,CPB2,1361.0,Amp5,5.21
X-2538,CPM,1368.0,Amp5,6.02
X-2538,CPSF6,11052.0,Amp5,6.02
X-2538,CPT1A,1374.0,Amp8,8.17
X-2538,CRAMP1L,57585.0,MutNovel,"A68V,0.500"
X-2538,CREB3L1,90993.0,Amp5,5.46
X-2538,CREBZF,58487.0,Amp8,9.32
X-2538,CRY2,1408.0,Amp5,5.46
X-2538,CRYL1,51084.0,Amp5,5.21
X-2538,CSNK1A1L,122011.0,Amp5,5.21
X-2538,CSPG4P1Y,114758.0,Del0.8,0.24
X-2538,CSPG4P1Y,114758.0,Del0.8,0.18
X-2538,CSRNP2,81566.0,Del0.8,0.29
X-2538,CSTF3,1479.0,Amp5,5.39
X-2538,CTAGE10P,220429.0,Amp5,5.28
X-2538,CTAGE11P,647288.0,Amp5,5.31
X-2538,CTAGE4,100128553.0,Amp5,6.41
X-2538,CTSA,5476.0,MutNovel,"L29-,0.917"
X-2538,CTSF,8722.0,Amp5,6.63
X-2538,CTTN,2017.0,Amp5,7.89
X-2538,CUL4A,8451.0,Amp5,5.31
X-2538,CYP3A5,1577.0,MutKnownFunctional,"-30?,0.263"
X-2538,CYSLTR2,57105.0,Amp5,5.28
X-2538,DACH1,1602.0,Amp5,5.31
X-2538,DAOA,267012.0,Amp5,5.31
X-2538,DAOA-AS1,282706.0,Amp5,5.31
X-2538,DAZ1,1617.0,Del0.8,0.24
X-2538,DAZ2,57055.0,Del0.8,0.22
X-2538,DAZ3,57054.0,Del0.8,0.18
X-2538,DAZ3,57054.0,Del0.8,0.21
X-2538,DAZ4,57135.0,Del0.8,0.2
X-2538,DAZ4,57135.0,Del0.8,0.22
X-2538,DAZAP2,9802.0,Del0.8,0.38
X-2538,DBF4,10926.0,MutNovel,"S28F,0.500"
X-2538,DCLK1,9201.0,Amp5,5.21
X-2538,DCT,1638.0,Amp5,5.31
X-2538,DCUN1D2,55208.0,Amp5,5.31
X-2538,DDX3Y,8653.0,Del0.8,0.24
X-2538,DEK,7913.0,MutNovel,"K261R,0.452"
X-2538,DENND4B,9909.0,MutNovel,"QQQ908-,0.357"
X-2538,DEPDC7,91614.0,Amp5,5.39
X-2538,DGKH,160851.0,Amp5,5.21
X-2538,DGKZ,8525.0,Amp5,5.46
X-2538,DHCR7,1717.0,Amp8,17.27
X-2538,DHRS12,79758.0,Amp5,5.28
X-2538,DIAPH3,81624.0,Amp5,5.31
X-2538,DIP2B,57609.0,Del0.8,0.24
X-2538,DIS3,22894.0,Amp5,5.31
X-2538,DKFZp686K1684,440034.0,Amp8,10.41
X-2538,DKFZp779M0652,374387.0,Amp5,5.46
X-2538,DLEU1,10301.0,Amp5,5.28
X-2538,DLEU2,8847.0,Amp5,5.28
X-2538,DLEU7,220107.0,Amp5,5.28
X-2538,DNAJC15,29103.0,Amp5,5.21
X-2538,DNAJC3,5611.0,Amp5,5.31
X-2538,DOCK9,23348.0,Amp5,5.31
X-2538,DPP3,10072.0,Amp5,6.63
X-2538,DUOX2,50506.0,MutNovel,"N25C,0.600"
X-2538,DUSP28,285193.0,MutNovel,"A23T,1.000"
X-2538,DUSP8,1850.0,Amp8,9.58
X-2538,DYNC1LI1,51143.0,Del0.8,0.72
X-2538,DYRK2,8445.0,Amp5,5.43
X-2538,DZIP1,22873.0,Amp5,5.31
X-2538,EBPL,84650.0,Amp5,5.28
X-2538,EDNRB,1910.0,Amp5,5.31
X-2538,EEF1DP3,196549.0,Amp5,5.21
X-2538,EFCAB4A,283229.0,Amp5,5.74
X-2538,EFHA1,221154.0,Amp5,5.21
X-2538,EFNB2,1948.0,Amp5,5.31
X-2538,EHF,26298.0,Amp8,14.32
X-2538,EIF1AY,9086.0,Del0.8,0.24
X-2538,EIF3M,10480.0,Amp8,10.41
X-2538,ELF1,1997.0,Amp5,5.21
X-2538,ELF4,2000.0,Amp5,6.63
X-2538,ELF5,2001.0,Amp8,14.32
X-2538,ENOX1,55068.0,Amp5,5.21
X-2538,ENOX2,10495.0,Amp5,6.63
X-2538,EPSTI1,94240.0,Amp5,5.21
X-2538,ERCC5,2073.0,Amp5,5.31
X-2538,ESD,2098.0,Amp5,5.21
X-2538,EXOSC10,5394.0,MutNovel,"E762-,0.905"
X-2538,EXOSC8,11340.0,Amp5,5.21
X-2538,EXT2,2132.0,Amp5,6.41
X-2538,F10,2159.0,Amp5,5.31
X-2538,F7,2155.0,Amp5,5.31
X-2538,FADD,8772.0,Amp5,7.89
X-2538,FAM123A,219287.0,Amp5,5.21
X-2538,FAM124A,220108.0,Amp5,5.28
X-2538,FAM153B,202134.0,Del0.8,0.74
X-2538,FAM155A,728215.0,Amp5,5.31
X-2538,FAM176C,,MutNovel,"I234M,1.000"
X-2538,FAM194B,220081.0,Amp5,5.21
X-2538,FAM197Y2P,252946.0,Del0.8,0.25
X-2538,FAM41AY1,340618.0,Del0.8,0.24
X-2538,FAM41AY1,340618.0,Del0.8,0.24
X-2538,FAM45B,55855.0,Amp5,6.63
X-2538,FAM48A,55578.0,Amp5,5.21
X-2538,FAM70B,348013.0,Amp5,5.31
X-2538,FAM86C1,55199.0,MutNovel,"S113N,1.000"
X-2538,FARP1,10160.0,Amp5,5.31
X-2538,FBXL3,26224.0,Amp5,5.31
X-2538,FBXO3,26273.0,Amp8,14.32
X-2538,FCGBP,8857.0,MutNovel,"Q2719H,1.000"
X-2538,FCGBP,8857.0,MutNovel,"A2715V,1.000"
X-2538,FEM1B,10116.0,Amp5,6.41
X-2538,FGF11,2256.0,MutNovel,"L52M,1.000"
X-2538,FGF14,2259.0,Amp5,5.31
X-2538,FGF14-IT1,283480.0,Amp5,5.31
X-2538,FGF19,9965.0,Amp5,7.89
X-2538,FGF3,2248.0,Amp5,7.89
X-2538,FGF4,2249.0,Amp5,7.89
X-2538,FGF9,2254.0,Amp5,5.21
X-2538,FIGNL2,401720.0,Del0.8,0.29
X-2538,FJX1,24147.0,Amp8,15.03
X-2538,FKSG29,100131561.0,Amp5,5.31
X-2538,FLJ41278,400046.0,Amp5,5.43
X-2538,FLJ42102,399923.0,Amp8,17.27
X-2538,FLT1,2321.0,Amp5,5.21
X-2538,FLT3,2322.0,Amp5,5.21
X-2538,FNDC3A,22862.0,Amp5,5.28
X-2538,FOXA1,3169.0,MutNovel,"R294C,0.591"
X-2538,FOXO1,2308.0,Amp5,5.21
X-2538,FREM2,341640.0,Amp5,5.21
X-2538,FRS2,10818.0,Amp5,6.02
X-2538,FRY,10129.0,Amp5,5.21
X-2538,GAB2,9846.0,Amp8,8.94
X-2538,GAL,51083.0,Amp8,9.58
X-2538,GALNT6,11226.0,Del0.8,0.34
X-2538,GAS6,2621.0,Amp5,5.31
X-2538,GDPD4,220032.0,Amp8,8.94
X-2538,GIP,2695.0,Del0.8,0.73
X-2538,GJA3,2700.0,Amp5,5.21
X-2538,GJB2,2706.0,Amp5,5.21
X-2538,GJB6,10804.0,Amp5,5.21
X-2538,GLCE,26035.0,Amp5,6.41
X-2538,GLTSCR1,29998.0,MutNovel,"T1496M,0.540"
X-2538,GOLGA2P2Y,84559.0,Del0.8,0.18
X-2538,GOLGA2P2Y,84559.0,Del0.8,0.24
X-2538,GOLGA6A,342096.0,Amp8,8.57
X-2538,GOLGA6B,55889.0,Amp8,8.57
X-2538,GPC5,2262.0,Amp5,5.31
X-2538,GPC6,10082.0,Amp5,5.31
X-2538,GPD1L,23171.0,Del0.8,0.72
X-2538,GPR119,139760.0,Amp5,6.63
X-2538,GPR12,2835.0,Amp5,5.21
X-2538,GPR128,84873.0,Amp5,5.1
X-2538,GPR152,390212.0,Amp5,6.63
X-2538,GPR18,2841.0,Amp5,5.31
X-2538,GPR180,160897.0,Amp5,5.31
X-2538,GPR183,1880.0,Amp5,5.31
X-2538,GPRC5A,9052.0,MutKnownFunctional,"-61,0.958"
X-2538,GRAMD2,196996.0,Amp8,8.57
X-2538,GRASP,160622.0,Del0.8,0.35
X-2538,GRIP1,23426.0,Amp5,5.43
X-2538,GRK1,6011.0,Amp5,5.31
X-2538,GRTP1,79774.0,Amp5,5.31
X-2538,GSTM1,2944.0,Del0.8,0.52
X-2538,GSX1,219409.0,Amp5,5.21
X-2538,GTF2F2,2963.0,Amp5,5.21
X-2538,GTF3A,2971.0,Amp5,5.21
X-2538,GUCY1B2,2974.0,Amp5,5.28
X-2538,GYG2P1,352887.0,Del0.8,0.24
X-2538,GYLTL1B,120071.0,Amp5,5.46
X-2538,HCN3,57657.0,MutNovel,"R6G,0.720"
X-2538,HCN4,10021.0,Amp8,8.57
X-2538,HELB,92797.0,Amp5,5.43
X-2538,HEXA,3073.0,Amp8,8.57
X-2538,HHLA2,11148.0,MutNovel,"T171M,0.406"
X-2538,HIGD1C,613227.0,Del0.8,0.31
X-2538,HIGD2B,123346.0,Amp8,8.57
X-2538,HIPK3,10114.0,Amp8,14.32
X-2538,HIST1H1B,3009.0,MutNovel,"K141-,0.389"
X-2538,HLA-G,3135.0,MutNovel,"EQ138DE,0.389"
X-2538,HLA-G,3135.0,MutNovel,"E201T,0.312"
X-2538,HMCN2,,MutNovel,"A2419T,0.539"
X-2538,HMG20A,10363.0,Amp8,8.4
X-2538,HMGA2,8091.0,Amp5,5.43
X-2538,HMGB1,3146.0,Amp5,5.21
X-2538,HNRNPA1L2,144983.0,Amp5,5.35
X-2538,HNRNPKP3,399881.0,Amp5,6.41
X-2538,HNRNPUL2,221092.0,MutKnownFunctional,"Y736*,1.000"
X-2538,HS6ST2,90161.0,Amp5,5.5
X-2538,HS6ST3,266722.0,Amp5,5.31
X-2538,HSD17B12,51144.0,Amp5,6.41
X-2538,HSFY2,159119.0,Del0.8,0.24
X-2538,HSFY2,159119.0,Del0.8,0.24
X-2538,HSPH1,10808.0,Amp5,5.21
X-2538,HTR2A,3356.0,Amp5,5.21
X-2538,HTRA2,27429.0,MutNovel,"R337S,0.346"
X-2538,IFT88,8100.0,Amp5,5.21
X-2538,IGHMBP2,3508.0,Amp5,6.96
X-2538,IL17D,53342.0,Amp5,5.21
X-2538,ILVBL,10994.0,MutNovel,"G54D,0.552"
X-2538,ING1,3621.0,Amp5,5.31
X-2538,INSC,387755.0,Amp5,6.28
X-2538,INTS4,92105.0,Amp8,8.94
X-2538,INTS6,26512.0,Amp5,5.28
X-2538,IPO5,3843.0,Amp5,5.31
X-2538,IQCH,64799.0,Amp5,6.41
X-2538,IRAK3,11213.0,Amp5,5.43
X-2538,IRS2,8660.0,Amp5,5.31
X-2538,ISL2,64843.0,Amp8,8.34
X-2538,ISLR,3671.0,Amp8,8.57
X-2538,ISLR2,57611.0,Amp8,8.57
X-2538,ITGA11,22801.0,Amp5,6.41
X-2538,ITGBL1,9358.0,Amp5,5.31
X-2538,ITM2B,9445.0,Amp5,5.21
X-2538,KATNAL1,84056.0,Amp5,5.21
X-2538,KBTBD6,89890.0,Amp5,5.21
X-2538,KBTBD7,84078.0,Amp5,5.21
X-2538,KCNRG,283518.0,Amp5,5.28
X-2538,KCTD12,115207.0,Amp5,5.31
X-2538,KCTD14,65987.0,Amp8,8.94
X-2538,KCTD21,283219.0,Amp8,8.94
X-2538,KCTD4,386618.0,Amp5,5.21
X-2538,KDELC1,79070.0,Amp5,5.31
X-2538,KDM2A,22992.0,Amp5,6.63
X-2538,KDM5D,8284.0,Del0.8,0.24
X-2538,KIAA0226L,80183.0,Amp5,5.21
X-2538,KIAA0564,23078.0,Amp5,5.21
X-2538,KIAA1244,57221.0,MutNovel,"A935T,0.487"
X-2538,KIAA1704,55425.0,Amp5,5.21
X-2538,KL,9365.0,Amp5,5.21
X-2538,KLC2,64837.0,Amp5,6.63
X-2538,KLF12,11278.0,Amp5,5.31
X-2538,KLF5,688.0,Amp5,5.31
X-2538,KLHL1,57626.0,Amp5,5.31
X-2538,KPNA3,3839.0,Amp5,5.28
X-2538,KRT1,3848.0,Del0.8,0.34
X-2538,KRT2,3849.0,Del0.8,0.13
X-2538,KRT5,3852.0,Del0.8,0.27
X-2538,KRT6A,3853.0,Del0.8,0.27
X-2538,KRT6B,3854.0,Del0.8,0.27
X-2538,KRT6C,286887.0,Del0.8,0.27
X-2538,KRT7,3855.0,Del0.8,0.48
X-2538,KRT71,112802.0,Del0.8,0.27
X-2538,KRT72,140807.0,Del0.8,0.27
X-2538,KRT73,319101.0,Del0.8,0.27
X-2538,KRT74,121391.0,Del0.8,0.27
X-2538,KRT75,9119.0,Del0.8,0.27
X-2538,KRT76,51350.0,Del0.8,0.24
X-2538,KRT77,374454.0,Del0.8,0.34
X-2538,KRT80,144501.0,Del0.8,0.38
X-2538,KRT81,3887.0,Del0.8,0.46
X-2538,KRT82,3888.0,Del0.8,0.27
X-2538,KRT83,3889.0,Del0.8,0.32
X-2538,KRT84,3890.0,Del0.8,0.27
X-2538,KRT85,3891.0,Del0.8,0.59
X-2538,KRT86,3892.0,Del0.8,0.46
X-2538,KRTAP5-10,387273.0,Amp8,17.27
X-2538,KRTAP5-11,440051.0,Amp8,17.27
X-2538,KRTAP5-7,440050.0,Amp8,17.27
X-2538,KRTAP5-8,57830.0,Amp8,17.27
X-2538,KRTAP5-9,3846.0,Amp8,17.27
X-2538,LACC1,144811.0,Amp5,5.21
X-2538,LAMP1,3916.0,Amp5,5.31
X-2538,LATS2,26524.0,Amp5,5.21
X-2538,LCP1,3936.0,Amp5,5.21
X-2538,LCTL,197021.0,Amp5,6.41
X-2538,LDLRAD3,143458.0,Amp8,15.03
X-2538,LECT1,11061.0,Amp5,5.35
X-2538,LEMD3,23592.0,Amp5,5.43
X-2538,LETMD1,25875.0,Del0.8,0.29
X-2538,LHFP,10186.0,Amp5,5.21
X-2538,LIG4,3981.0,Amp5,5.31
X-2538,LINC00226,338004.0,Amp5,5.13
X-2538,LINC00277,283673.0,Amp5,6.41
X-2538,LINC00282,283521.0,Amp5,5.28
X-2538,LINC00284,121838.0,Amp5,5.21
X-2538,LINC00294,283267.0,Amp5,5.39
X-2538,LINC00327,100506697.0,Amp5,5.21
X-2538,LINC00346,283487.0,Amp5,5.31
X-2538,LINC00347,338864.0,Amp5,5.31
X-2538,LINC00410,144776.0,Amp5,5.31
X-2538,LINC00426,100188949.0,Amp5,5.21
X-2538,LINC00460,728192.0,Amp5,5.31
X-2538,LLPH,84298.0,Amp5,5.43
X-2538,LMO2,4005.0,Amp8,14.32
X-2538,LMO7,4008.0,Amp5,5.31
X-2538,LNX2,222484.0,Amp5,5.21
X-2538,LOC100130987,100130987.0,Amp5,6.63
X-2538,LOC100506394,100506394.0,Amp5,5.31
X-2538,LOC100507205,100507205.0,Amp5,6.41
X-2538,LOC100507240,100507240.0,Amp5,5.21
X-2538,LOC100507300,100507300.0,Amp5,6.41
X-2538,LOC100507387,100507387.0,Del0.8,0.74
X-2538,LOC100509263,,MutNovel,"G27R,0.333"
X-2538,LOC100509263,,MutNovel,"L223S,1.000"
X-2538,LOC221122,221122.0,Amp5,6.41
X-2538,LOC255512,255512.0,Amp5,5.74
X-2538,LOC283403,283403.0,Del0.8,0.38
X-2538,LOC283481,283481.0,Amp5,5.31
X-2538,LOC283731,283731.0,Amp8,8.57
X-2538,LOC338739,338739.0,Amp5,5.39
X-2538,LOC440131,440131.0,Amp5,5.21
X-2538,LOC728323,728323.0,Del0.8,0.75
X-2538,LOC728377,728377.0,Amp5,6.41
X-2538,LOXL1,4016.0,Amp8,8.57
X-2538,LPAR6,10161.0,Amp5,5.28
X-2538,LRCH1,23143.0,Amp5,5.21
X-2538,LRFN4,78999.0,Amp5,6.63
X-2538,LRP5,4041.0,Amp8,9.58
X-2538,LRRC10,376132.0,Amp5,6.02
X-2538,LRRC4C,57689.0,Amp5,7.73
X-2538,LSR,51599.0,MutNovel,"G518GR,0.405"
X-2538,LYZ,4069.0,Amp5,6.02
X-2538,MAP2K5,5607.0,Amp5,6.41
X-2538,MAP3K6,9064.0,MutNovel,"K1125-,0.700"
X-2538,MAP4K5,11183.0,MutNovel,"V69L,0.667"
X-2538,MAPK8IP1,9479.0,Amp5,5.46
X-2538,MARK2,2011.0,MutNovel,"A432T,1.000"
X-2538,MAST2,23139.0,MutNovel,"R613H,0.976"
X-2538,MBNL2,10150.0,Amp5,5.31
X-2538,MCF2L,23263.0,Amp5,5.31
X-2538,MCF2L-AS1,100289410.0,Amp5,5.31
X-2538,MDK,4192.0,Amp5,5.46
X-2538,MDP1,145553.0,MutNovel,"A2V,0.500"
X-2538,MED4,29079.0,Amp5,5.21
X-2538,METAP1,23173.0,MutNovel,"R62G,1.000"
X-2538,METTL21C,196541.0,Amp5,5.31
X-2538,METTL7A,25840.0,Del0.8,0.31
X-2538,MEX3A,92312.0,MutNovel,"R419C,0.750"
X-2538,MIPEP,4285.0,Amp5,5.21
X-2538,MIR1279,100302182.0,Amp5,6.02
X-2538,MIR129-2,406918.0,Amp5,6.41
X-2538,MIR1297,100302187.0,Amp5,5.35
X-2538,MIR1343,100616437.0,Amp8,14.32
X-2538,MIR16-1,406950.0,Amp5,5.28
X-2538,MIR17HG,407975.0,Amp5,5.31
X-2538,MIR19B1,406980.0,Amp5,5.31
X-2538,MIR2276,100313842.0,Amp5,5.21
X-2538,MIR2681,100616110.0,Amp5,5.31
X-2538,MIR3169,100422973.0,Amp5,5.31
X-2538,MIR3170,100422881.0,Amp5,5.31
X-2538,MIR320D1,100313896.0,Amp5,5.21
X-2538,MIR3613,100500908.0,Amp5,5.28
X-2538,MIR3664,100500844.0,Amp5,7.89
X-2538,MIR3665,100500861.0,Amp5,5.31
X-2538,MIR3913-1,100500903.0,Amp5,6.02
X-2538,MIR3913-2,100500868.0,Amp5,6.02
X-2538,MIR3973,100616311.0,Amp8,15.03
X-2538,MIR4305,100422940.0,Amp5,5.21
X-2538,MIR4306,100422861.0,Amp5,5.31
X-2538,MIR4312,100422971.0,Amp5,6.41
X-2538,MIR4499,100616304.0,Amp5,5.21
X-2538,MIR4500,100616182.0,Amp5,5.31
X-2538,MIR4500HG,642345.0,Amp5,5.31
X-2538,MIR4688,100616368.0,Amp5,5.46
X-2538,MIR4703,100616423.0,Amp5,5.28
X-2538,MIR4705,100616239.0,Amp5,5.31
X-2538,MIR548AN,100616144.0,Amp5,5.31
X-2538,MIR548F5,100302239.0,Amp5,5.21
X-2538,MIR548H4,100313884.0,Amp5,6.41
X-2538,MIR548K,100313770.0,Amp5,7.89
X-2538,MIR621,693206.0,Amp5,5.21
X-2538,MIR622,693207.0,Amp5,5.31
X-2538,MIR623,693208.0,Amp5,5.31
X-2538,MIR630,693215.0,Amp8,8.57
X-2538,MIR670,100313777.0,Amp5,6.41
X-2538,MIR759,100313778.0,Amp5,5.35
X-2538,MLNR,2862.0,Amp5,5.28
X-2538,MOB2,81532.0,Amp5,5.62
X-2538,MPHOSPH8,54737.0,Amp5,5.21
X-2538,MRGPRD,116512.0,Amp5,6.96
X-2538,MRGPRF,116535.0,Amp5,6.96
X-2538,MRP63,78988.0,Amp5,5.21
X-2538,MRPL11,65003.0,Amp5,6.63
X-2538,MRPL21,219927.0,Amp5,6.96
X-2538,MRPS31,10240.0,Amp5,5.21
X-2538,MSH2,4436.0,MutLikelyFunctional,"G322D,0.750"
X-2538,MSRB3,253827.0,Amp5,5.43
X-2538,MTIF3,219402.0,Amp5,5.21
X-2538,MTL5,9633.0,Amp8,9.58
X-2538,MTMR6,9107.0,Amp5,5.21
X-2538,MTRF1,9617.0,Amp5,5.21
X-2538,MTUS2,23281.0,Amp5,5.21
X-2538,MUC12,10071.0,MutNovel,"R2690H,0.500"
X-2538,MUC12,10071.0,MutNovel,"L4568F,0.429"
X-2538,MUC17,140453.0,MutNovel,"S861T,0.314"
X-2538,MUC2,4583.0,MutNovel,"T1625A,0.222"
X-2538,MUC2,4583.0,Amp5,5.74
X-2538,MUC20,200958.0,MutNovel,"V325I,0.250"
X-2538,MUC3A,,MutNovel,"F453S,0.750"
X-2538,MUC3A,,MutNovel,"R485P,0.341"
X-2538,MUC3A,,MutNovel,"E601Q,0.447"
X-2538,MUC3A,,MutNovel,"I736T,0.580"
X-2538,MUC5B,727897.0,Amp5,5.74
X-2538,MUC6,4588.0,Amp5,5.74
X-2538,MYCBP2,23077.0,Amp5,5.31
X-2538,MYEOV,26579.0,Amp8,16.68
X-2538,MYO16,23026.0,Amp5,5.31
X-2538,MYO7A,4647.0,Amp8,8.94
X-2538,MYO9A,4649.0,Amp5,6.36
X-2538,MZT1,440145.0,Amp5,5.31
X-2538,N4BP2L1,90634.0,Amp5,5.21
X-2538,N4BP2L2,10443.0,Amp5,5.21
X-2538,N6AMT2,221143.0,Amp5,5.21
X-2538,NAA16,79612.0,Amp5,5.21
X-2538,NADSYN1,55191.0,Amp8,17.27
X-2538,NALCN,259232.0,Amp5,5.31
X-2538,NARS2,79731.0,Amp8,8.94
X-2538,NAT10,55226.0,Amp8,14.32
X-2538,NBEA,26960.0,Amp5,5.21
X-2538,NCOR2,9612.0,MutNovel,"G1839GAAA,0.515"
X-2538,NCRNA00185,55410.0,Del0.8,0.24
X-2538,NDFIP2,54602.0,Amp5,5.31
X-2538,NDUFC2,4718.0,Amp8,8.94
X-2538,NDUFC2-KCTD14,100532726.0,Amp8,8.94
X-2538,NEK3,4752.0,Amp5,5.28
X-2538,NEK5,341676.0,Amp5,5.28
X-2538,NEO1,4756.0,Amp8,8.57
X-2538,NFKB1,4790.0,MutNovel,"R850W,1.000"
X-2538,NFKBIE,4794.0,MutKnownFunctional,"-329,0.296"
X-2538,NHLRC3,387921.0,Amp5,5.21
X-2538,NLGN4Y,22829.0,Del0.8,0.24
X-2538,NOX5,79400.0,Amp5,6.41
X-2538,NPAS4,266743.0,Amp5,6.63
X-2538,NPTN,27020.0,Amp8,8.57
X-2538,NR1H2,7376.0,MutNovel,"-173Q,0.349"
X-2538,NR4A1,3164.0,Del0.8,0.35
X-2538,NUDT15,55270.0,Amp5,5.21
X-2538,NUFIP1,26747.0,Amp5,5.21
X-2538,NUPL1,9818.0,Amp5,5.21
X-2538,OGFOD1,55239.0,MutNovel,"L439Q,0.412"
X-2538,OLFM4,10562.0,Amp5,5.35
X-2538,OMP,4975.0,Amp8,8.94
X-2538,OR2A42,402317.0,Amp5,6.41
X-2538,OR2A7,401427.0,Amp5,6.41
X-2538,OR2A9P,441295.0,Amp5,6.41
X-2538,OR2A9P,441295.0,Amp5,6.41
X-2538,OR2T10,127069.0,Amp5,5.66
X-2538,OR2T29,343563.0,Amp5,5.66
X-2538,OR2T34,127068.0,Amp5,5.66
X-2538,OR4F5,79501.0,Del0.8,0.69
X-2538,OR4K1,79544.0,Amp8,8.11
X-2538,OR4K2,390431.0,Amp8,8.11
X-2538,OR4K5,79317.0,Amp8,8.11
X-2538,OR4M1,441670.0,Amp8,8.11
X-2538,OR4M2,390538.0,Del0.8,0.36
X-2538,OR4N2,390429.0,Amp8,8.11
X-2538,OR4N4,283694.0,Del0.8,0.36
X-2538,OR4Q3,441669.0,Amp8,8.11
X-2538,OR7E156P,283491.0,Amp5,5.31
X-2538,OR7E37P,100506759.0,Amp5,5.21
X-2538,ORAOV1,220064.0,Amp8,16.68
X-2538,OXGR1,27199.0,Amp5,5.31
X-2538,PABPC3,5042.0,Amp5,5.21
X-2538,PAK1,5058.0,Amp8,8.94
X-2538,PAMR1,25891.0,Amp8,12.13
X-2538,PAN3,255967.0,Amp5,5.21
X-2538,PAN3-AS1,100288730.0,Amp5,5.21
X-2538,PAQR5,54852.0,Amp5,5.35
X-2538,PARP4,143.0,Amp5,5.21
X-2538,PARP6,56965.0,Amp8,8.57
X-2538,PARPBP,,MutNovel,"R21H,1.000"
X-2538,PAX6,5080.0,Amp8,10.41
X-2538,PC,5091.0,Amp5,6.63
X-2538,PCCA,5095.0,Amp5,5.31
X-2538,PCDH11Y,83259.0,Del0.8,0.35
X-2538,PCDH17,27253.0,Amp5,5.31
X-2538,PCDH20,64881.0,Amp5,5.31
X-2538,PCDH8,5100.0,Amp5,5.35
X-2538,PCF11,51585.0,MutNovel,"P1517S,1.000"
X-2538,PCID2,55795.0,Amp5,5.31
X-2538,PDHX,8050.0,Amp8,14.32
X-2538,PDS5B,23047.0,Amp5,5.21
X-2538,PDX1,3651.0,Amp5,5.21
X-2538,PEAK1,79834.0,Amp8,8.4
X-2538,PELI3,246330.0,Amp5,6.63
X-2538,PEX16,9409.0,Amp5,5.46
X-2538,PHF11,51131.0,Amp5,5.28
X-2538,PHF21A,51317.0,Amp5,5.46
X-2538,PHLDA1,22822.0,MutNovel,"QQ194Q,0.333"
X-2538,PIAS1,8554.0,Amp5,6.41
X-2538,PIBF1,10464.0,Amp5,5.31
X-2538,PICALM,8301.0,Amp8,9.32
X-2538,PIEZO2,63895.0,Del0.8,0.48
X-2538,PIK3R2,5296.0,MutNovel,"R574G,0.411"
X-2538,PITPNM1,9600.0,Amp5,6.63
X-2538,PML,5371.0,Amp5,6.11
X-2538,PNKP,11284.0,MutNovel,"A429V,0.650"
X-2538,PNRC1,10957.0,MutNovel,"A152V,0.528"
X-2538,POLD4,57804.0,Amp5,6.63
X-2538,POLR1D,51082.0,Amp5,5.21
X-2538,POLR2L,5441.0,Amp5,5.74
X-2538,POM121L8P,29797.0,Del0.8,0.48
X-2538,POMP,51371.0,Amp5,5.21
X-2538,POSTN,10631.0,Amp5,5.21
X-2538,POU4F1,5457.0,Amp5,5.31
X-2538,POU6F1,5463.0,Del0.8,0.38
X-2538,PPFIA1,8500.0,Amp5,7.89
X-2538,PPP1CA,5499.0,Amp5,6.63
X-2538,PPP6R3,55291.0,Amp8,9.58
X-2538,PRHOXNB,646625.0,Amp5,5.21
X-2538,PRKY,5616.0,Del0.8,0.25
X-2538,PROSER1,80209.0,Amp5,5.21
X-2538,PROZ,8858.0,Amp5,5.31
X-2538,PRR12,57479.0,MutNovel,"P1475T,0.667"
X-2538,PRR20B,729233.0,Amp5,5.35
X-2538,PRR5L,79899.0,Amp8,15.03
X-2538,PRRG4,79056.0,Amp8,10.41
X-2538,PRY,9081.0,Del0.8,0.24
X-2538,PRY,9081.0,Del0.8,0.24
X-2538,PRY2,442862.0,Del0.8,0.24
X-2538,PRY2,442862.0,Del0.8,0.24
X-2538,PSMB2,5690.0,MutNovel,"H110L,0.994"
X-2538,PSPC1,55269.0,Amp5,5.21
X-2538,PSPH,5723.0,MutNovel,"D32S,0.824"
X-2538,PSTPIP1,9051.0,Amp8,8.4
X-2538,PTBP3,9991.0,MutNovel,"Q231H,0.333"
X-2538,PTDSS2,81490.0,MutNovel,"R6C,1.000"
X-2538,PTPRCAP,5790.0,Amp5,6.63
X-2538,QSER1,79832.0,Amp8,10.41
X-2538,RAB1B,81876.0,Amp5,6.63
X-2538,RAB20,55647.0,Amp5,5.31
X-2538,RAB33A,9363.0,Amp5,6.63
X-2538,RAB3IP,117177.0,Amp5,6.02
X-2538,RAD9A,5883.0,Amp5,6.63
X-2538,RAG1,5896.0,Amp8,15.03
X-2538,RAG2,5897.0,Amp8,15.03
X-2538,RAP2A,5911.0,Amp5,5.31
X-2538,RASA3,22821.0,Amp5,5.31
X-2538,RASL11A,387496.0,Amp5,5.21
X-2538,RBM14,10432.0,Amp5,6.63
X-2538,RBM14-RBM4,100526737.0,Amp5,6.63
X-2538,RBM26,64062.0,Amp5,5.31
X-2538,RBM26-AS1,100505538.0,Amp5,5.31
X-2538,RBM4,5936.0,Amp5,6.63
X-2538,RBM4B,83759.0,Amp5,6.63
X-2538,RBMX2,51634.0,Amp5,6.63
X-2538,RBMY1A3P,286557.0,Del0.8,0.25
X-2538,RBMY1B,378948.0,Del0.8,0.24
X-2538,RBMY1B,378948.0,Del0.8,0.24
X-2538,RBMY1E,378950.0,Del0.8,0.24
X-2538,RBMY1E,378950.0,Del0.8,0.24
X-2538,RBMY1F,159163.0,Del0.8,0.24
X-2538,RBMY1F,159163.0,Del0.8,0.24
X-2538,RBMY1J,378951.0,Del0.8,0.24
X-2538,RBMY1J,378951.0,Del0.8,0.24
X-2538,RBMY2EP,159125.0,Del0.8,0.24
X-2538,RBMY2FP,159162.0,Del0.8,0.24
X-2538,RBMY3AP,64593.0,Del0.8,0.24
X-2538,RCBTB1,55213.0,Amp5,5.28
X-2538,RCBTB2,1102.0,Amp5,5.28
X-2538,RCE1,9986.0,Amp5,6.63
X-2538,RCN1,5954.0,Amp8,10.41
X-2538,RCN2,5955.0,Amp8,8.4
X-2538,RFC3,5983.0,Amp5,5.21
X-2538,RFXAP,5994.0,Amp5,5.21
X-2538,RHOD,29984.0,Amp5,6.63
X-2538,RIN1,9610.0,Amp5,6.63
X-2538,RNASE4,6038.0,MutNovel,"Q140E,0.592"
X-2538,RNASEH2B,79621.0,Amp5,5.28
X-2538,RNF113B,140432.0,Amp5,5.31
X-2538,RNF17,56163.0,Amp5,5.21
X-2538,RNF219,79596.0,Amp5,5.31
X-2538,RNF43,54894.0,MutNovel,"A273D,1.000"
X-2538,RNF6,6049.0,Amp5,5.21
X-2538,RPL21,6144.0,Amp5,5.21
X-2538,RPL4,6124.0,Amp5,6.41
X-2538,RPS4Y1,6192.0,Del0.8,0.35
X-2538,RPS4Y2,140032.0,Del0.8,0.24
X-2538,RPS6KB2,6199.0,Amp5,6.63
X-2538,RPSAP52,204010.0,Amp5,5.43
X-2538,RSF1,51773.0,Amp8,8.94
X-2538,RXFP2,122042.0,Amp5,5.21
X-2538,SACS,26278.0,Amp5,5.21
X-2538,SAP18,10284.0,Amp5,5.21
X-2538,SCAPER,49855.0,Amp5,6.45
X-2538,SCEL,8796.0,Amp5,5.31
X-2538,SCN8A,6334.0,Del0.8,0.22
X-2538,SEMA3B,7869.0,MutNovel,"D670N,0.375"
X-2538,SENP8,123228.0,Amp8,8.57
X-2538,SERINC2,347735.0,MutNovel,"-373Q,0.815"
X-2538,SERP2,387923.0,Amp5,5.21
X-2538,SERPINE3,647174.0,Amp5,5.28
X-2538,SERTM1,400120.0,Amp5,5.21
X-2538,SETDB2,83852.0,Amp5,5.28
X-2538,SGCG,6445.0,Amp5,5.21
X-2538,SHANK2,22941.0,Amp5,7.89
X-2538,SHISA2,387914.0,Amp5,5.21
X-2538,SIAH3,283514.0,Amp5,5.21
X-2538,SIGLEC14,100049587.0,Del0.8,0.37
X-2538,SKA3,221150.0,Amp5,5.21
X-2538,SKOR1,390598.0,Amp5,6.41
X-2538,SLAIN1,122060.0,Amp5,5.31
X-2538,SLC10A2,6555.0,Amp5,5.31
X-2538,SLC11A2,4891.0,Del0.8,0.42
X-2538,SLC15A1,6564.0,Amp5,5.31
X-2538,SLC1A2,6506.0,Amp8,14.32
X-2538,SLC25A14,9016.0,Amp5,6.63
X-2538,SLC25A15,10166.0,Amp5,5.21
X-2538,SLC25A30,253512.0,Amp5,5.21
X-2538,SLC29A2,3177.0,Amp5,6.63
X-2538,SLC35C1,55343.0,Amp5,5.46
X-2538,SLC46A3,283537.0,Amp5,5.21
X-2538,SLC4A8,9498.0,Del0.8,0.31
X-2538,SLC7A1,6541.0,Amp5,5.21
X-2538,SLC9A7,84679.0,MutNovel,"S300L,1.000"
X-2538,SLITRK1,114798.0,Amp5,5.31
X-2538,SLITRK5,26050.0,Amp5,5.31
X-2538,SLITRK6,84189.0,Amp5,5.31
X-2538,SMAD2,4087.0,MutNovel,"H369D,0.222"
X-2538,SMAD3,4088.0,Amp5,6.41
X-2538,SMAD6,4091.0,Amp5,6.41
X-2538,SMAD9,4093.0,Amp5,5.21
X-2538,SMAGP,57228.0,Del0.8,0.26
X-2538,SMARCA1,6594.0,Amp5,5.39
X-2538,SMCHD1,23347.0,MutKnownFunctional,"-536,1.000"
X-2538,SNAPC5,10302.0,Amp5,6.41
X-2538,SNF8,11267.0,Del0.8,0.73
X-2538,SNORA27,619499.0,Amp5,5.21
X-2538,SNORA31,677814.0,Amp5,5.21
X-2538,SNORD102,26771.0,Amp5,5.21
X-2538,SNORD16,595097.0,Amp5,6.41
X-2538,SNORD18A,595098.0,Amp5,6.41
X-2538,SNORD18B,595099.0,Amp5,6.41
X-2538,SNORD18C,595100.0,Amp5,6.41
X-2538,SOHLH2,54937.0,Amp5,5.21
X-2538,SOX1,6656.0,Amp5,5.31
X-2538,SOX21,11166.0,Amp5,5.31
X-2538,SPACA7,122258.0,Amp5,5.31
X-2538,SPATA13,221178.0,Amp5,5.21
X-2538,SPERT,220082.0,Amp5,5.21
X-2538,SPESP1,246777.0,Amp5,6.41
X-2538,SPG20,23111.0,Amp5,5.21
X-2538,SPG20OS,100507135.0,Amp5,5.21
X-2538,SPIN4,139886.0,Del0.8,0.77
X-2538,SPRY2,10253.0,Amp5,5.31
X-2538,SPRYD7,57213.0,Amp5,5.28
X-2538,SPTBN2,6712.0,Amp5,6.63
X-2538,SRY,6736.0,Del0.8,0.35
X-2538,SSH2,85464.0,MutNovel,"H673R,1.000"
X-2538,SSH3,54961.0,Amp5,6.63
X-2538,ST13P4,145165.0,Amp5,5.28
X-2538,STARD13,90627.0,Amp5,5.21
X-2538,STK24,8428.0,Amp5,5.31
X-2538,STOML1,9399.0,Amp8,8.57
X-2538,STOML3,161003.0,Amp5,5.21
X-2538,STRA6,64220.0,Amp8,8.57
X-2538,SUCLA2,8803.0,Amp5,5.21
X-2538,SUGT1,10910.0,Amp5,5.35
X-2538,SUGT1P3,283507.0,Amp5,5.21
X-2538,SYT12,91683.0,Amp5,6.63
X-2538,SYTL2,54843.0,Amp8,9.32
X-2538,TAF7,6879.0,MutNovel,"T236S,0.231"
X-2538,TARBP1,6894.0,MutKnownFunctional,"-1510,0.636"
X-2538,TAS2R43,259289.0,Del0.8,0.64
X-2538,TBC1D10C,374403.0,Amp5,6.63
X-2538,TBC1D21,161514.0,Amp8,8.57
X-2538,TBC1D4,9882.0,Amp5,5.31
X-2538,TBL1Y,90665.0,Del0.8,0.25
X-2538,TCP11L1,55346.0,Amp5,5.39
X-2538,TDRD3,81550.0,Amp5,5.31
X-2538,TELO2,9894.0,MutNovel,"E50K,0.710"
X-2538,TFCP2,7024.0,Del0.8,0.24
X-2538,TFDP1,7027.0,Amp5,5.31
X-2538,TGDS,23483.0,Amp5,5.31
X-2538,TGIF2LY,90655.0,Del0.8,0.35
X-2538,THRSP,7069.0,Amp8,8.94
X-2538,THSD1,55901.0,Amp5,5.28
X-2538,TM9SF2,9375.0,Amp5,5.31
X-2538,TMBIM4,51643.0,Amp5,5.43
X-2538,TMCO3,55002.0,Amp5,5.31
X-2538,TMEM126A,84233.0,Amp8,8.28
X-2538,TMEM126B,55863.0,Amp5,7.41
X-2538,TMEM134,80194.0,Amp5,6.63
X-2538,TMEM151A,256472.0,Amp5,6.63
X-2538,TMEM200A,114801.0,MutNovel,"G110S,0.750"
X-2538,TMEM202,338949.0,Amp8,8.57
X-2538,TMPRSS12,283471.0,Del0.8,0.31
X-2538,TMPRSS2,7113.0,MutNovel,"S485L,1.000"
X-2538,TMSB4Y,9087.0,Del0.8,0.24
X-2538,TMTC4,84899.0,Amp5,5.31
X-2538,TNFRSF19,55504.0,Amp5,5.21
X-2538,TNFSF11,8600.0,Amp5,5.21
X-2538,TNFSF13B,10673.0,Amp5,5.31
X-2538,TOLLIP,54472.0,Amp5,5.74
X-2538,TP53,7157.0,MutKnownFunctional,"R196*,1.000"
X-2538,TP53I11,9537.0,Amp5,6.41
X-2538,TPCN2,219931.0,Amp5,6.96
X-2538,TPP2,7174.0,Amp5,5.31
X-2538,TPT1,7178.0,Amp5,5.21
X-2538,TPTE2P1,646405.0,Amp5,5.21
X-2538,TPTE2P6,374491.0,Amp5,5.21
X-2538,TRAF6,7189.0,Amp8,15.03
X-2538,TRIM13,10206.0,Amp5,5.28
X-2538,TRIM44,54765.0,Amp8,15.03
X-2538,TRIM71,131405.0,Del0.8,0.72
X-2538,TRPC4,7223.0,Amp5,5.21
X-2538,TSC22D1,8848.0,Amp5,5.21
X-2538,TSPAN18,90139.0,Amp5,6.41
X-2538,TSPAN3,10099.0,Amp8,8.4
X-2538,TSPAN4,7106.0,Amp5,5.74
X-2538,TSPY1,7258.0,Del0.8,0.25
X-2538,TSPY2,64591.0,Del0.8,0.12
X-2538,TSPY3,728137.0,Del0.8,0.25
X-2538,TSPY4,728395.0,Del0.8,0.25
X-2538,TSPY8,728403.0,Del0.8,0.25
X-2538,TTC17,55761.0,Amp5,6.41
X-2538,TTTY10,246119.0,Del0.8,0.24
X-2538,TTTY11,83866.0,Del0.8,0.25
X-2538,TTTY12,83867.0,Del0.8,0.25
X-2538,TTTY13,83868.0,Del0.8,0.24
X-2538,TTTY14,83869.0,Del0.8,0.24
X-2538,TTTY15,64595.0,Del0.8,0.24
X-2538,TTTY16,252948.0,Del0.8,0.25
X-2538,TTTY17A,252949.0,Del0.8,0.13
X-2538,TTTY17A,252949.0,Del0.8,0.18
X-2538,TTTY18,252950.0,Del0.8,0.25
X-2538,TTTY19,252952.0,Del0.8,0.25
X-2538,TTTY1B,100101116.0,Del0.8,0.12
X-2538,TTTY1B,100101116.0,Del0.8,0.24
X-2538,TTTY2,60439.0,Del0.8,0.24
X-2538,TTTY2,60439.0,Del0.8,0.17
X-2538,TTTY20,252951.0,Del0.8,0.25
X-2538,TTTY21,252953.0,Del0.8,0.24
X-2538,TTTY21,252953.0,Del0.8,0.25
X-2538,TTTY22,252954.0,Del0.8,0.24
X-2538,TTTY23,252955.0,Del0.8,0.24
X-2538,TTTY23,252955.0,Del0.8,0.12
X-2538,TTTY3,114760.0,Del0.8,0.24
X-2538,TTTY3,114760.0,Del0.8,0.18
X-2538,TTTY4,114761.0,Del0.8,0.18
X-2538,TTTY4,114761.0,Del0.8,0.13
X-2538,TTTY5,83863.0,Del0.8,0.24
X-2538,TTTY6,84672.0,Del0.8,0.24
X-2538,TTTY6,84672.0,Del0.8,0.24
X-2538,TTTY7,246122.0,Del0.8,0.25
X-2538,TTTY7,246122.0,Del0.8,0.24
X-2538,TTTY7B,100101120.0,Del0.8,0.25
X-2538,TTTY7B,100101120.0,Del0.8,0.24
X-2538,TTTY8,84673.0,Del0.8,0.25
X-2538,TTTY8,84673.0,Del0.8,0.24
X-2538,TTTY9A,83864.0,Del0.8,0.24
X-2538,TTTY9A,83864.0,Del0.8,0.24
X-2538,TUBGCP3,10426.0,Amp5,5.31
X-2538,TXLNG2P,246126.0,Del0.8,0.24
X-2538,TYRO3P,7302.0,Amp8,8.34
X-2538,UBAC2,337867.0,Amp5,5.31
X-2538,UBAC2-AS1,100289373.0,Amp5,5.31
X-2538,UBL3,5412.0,Amp5,5.21
X-2538,UCHL3,7347.0,Amp5,5.31
X-2538,UFM1,51569.0,Amp5,5.21
X-2538,UGGT2,55757.0,Amp5,5.31
X-2538,UPF1,5976.0,MutNovel,"R236H,0.590"
X-2538,UPF3A,65110.0,Amp5,5.31
X-2538,USP12,219333.0,Amp5,5.21
X-2538,USP35,57558.0,Amp8,8.94
X-2538,USP43,124739.0,MutNovel,"E948K,1.000"
X-2538,USP9Y,8287.0,Del0.8,0.24
X-2538,USPL1,10208.0,Amp5,5.21
X-2538,UTP14A,10813.0,Amp5,6.63
X-2538,UTP14C,9724.0,Amp5,5.28
X-2538,UTY,7404.0,Del0.8,0.24
X-2538,VARS,7407.0,MutNovel,"V669M,0.517"
X-2538,VCY,9084.0,Del0.8,0.24
X-2538,VCY,9084.0,Del0.8,0.24
X-2538,VPS36,51028.0,Amp5,5.28
X-2538,WASF3,10810.0,Amp5,5.21
X-2538,WBP4,11193.0,Amp5,5.21
X-2538,WDFY2,115825.0,Amp5,5.28
X-2538,WIF1,11197.0,Amp5,5.43
X-2538,WT1,7490.0,Amp8,10.41
X-2538,WT1-AS,51352.0,Amp8,10.41
X-2538,XKRY2,353515.0,Del0.8,0.24
X-2538,XKRY2,353515.0,Del0.8,0.24
X-2538,XPA,7507.0,MutNovel,"H136D,0.500"
X-2538,XPO4,64328.0,Amp5,5.21
X-2538,YEATS4,8089.0,Amp5,6.02
X-2538,YIF1A,10897.0,Amp5,6.63
X-2538,ZAR1L,646799.0,Amp5,5.21
X-2538,ZC3H13,23091.0,Amp5,5.21
X-2538,ZDHHC20,253832.0,Amp5,5.21
X-2538,ZDHHC24,254359.0,Amp5,6.63
X-2538,ZDHHC9,51114.0,Amp5,5.46
X-2538,ZFY,7544.0,Del0.8,0.35
X-2538,ZIC2,7546.0,Amp5,5.31
X-2538,ZIC5,85416.0,Amp5,5.31
X-2538,ZMYM2,7750.0,Amp5,5.21
X-2538,ZMYM5,9205.0,Amp5,5.21
X-2538,ZNF219,51222.0,MutNovel,"QPP233P,0.260"
X-2538,ZNF280C,55609.0,Amp5,6.63
X-2538,ZNF384,171017.0,MutNovel,"QQ514Q,0.333"
X-2538,ZNF587,84914.0,MutNovel,"S530A,0.400"
X-2538,ZNF772,400720.0,MutNovel,"A4GP,0.909"
X-2538,ZWILCH,55055.0,Amp5,6.41
X-2573,AARS2,57505.0,MutNovel,"R580Q,0.469"
X-2573,ABCB9,23457.0,MutKnownFunctional,"W51*,0.600"
X-2573,ABCC2,1244.0,MutNovel,"G1086S,0.545"
X-2573,ACADVL,37.0,MutNovel,"R561Q,0.998"
X-2573,ACR,49.0,MutNovel,"G217E,1.000"
X-2573,ADAM10,102.0,MutNovel,"A49S,0.423"
X-2573,ADCK4,79934.0,MutNovel,"M364I,0.562"
X-2573,ADCY2,108.0,Del0.8,0.77
X-2573,AGBL3,340351.0,MutNovel,"R334T,1.000"
X-2573,AGBL4,84871.0,Del0.8,0.73
X-2573,AGRN,375790.0,MutNovel,"V23L,0.593"
X-2573,AK7,122481.0,MutKnownFunctional,"Q676*,0.500"
X-2573,AKAP11,11215.0,Amp5,5.17
X-2573,AKAP6,9472.0,Del0.8,0.75
X-2573,AKAP9,10142.0,MutNovel,"V797I,0.657"
X-2573,ALG11,440138.0,Amp5,5.35
X-2573,ALG1L2,644974.0,MutNovel,"D147G,0.667"
X-2573,ALG5,29880.0,Amp5,5.86
X-2573,ALOX5AP,241.0,Amp5,5.31
X-2573,ALPPL2,251.0,MutNovel,"V164L,1.000"
X-2573,AMELY,266.0,Del0.8,0.4
X-2573,ANKRD36,375248.0,MutNovel,"T998S,0.250"
X-2573,APC,324.0,MutKnownFunctional,"Q188*,1.000"
X-2573,AQP12A,375318.0,MutNovel,"H244R,1.000"
X-2573,ARL11,115761.0,Amp5,5.35
X-2573,ARMC9,80210.0,MutNovel,"M628L,0.875"
X-2573,ATAD2B,54454.0,MutNovel,"H84D,0.455"
X-2573,ATF6B,1388.0,MutNovel,"P556S,0.500"
X-2573,ATP12A,479.0,Amp5,5.31
X-2573,ATP5EP2,432369.0,Amp5,5.31
X-2573,ATP7B,540.0,Amp5,5.35
X-2573,ATP8A2,51761.0,Amp5,5.31
X-2573,AVEN,57099.0,MutNovel,"GGGGG41G,0.205"
X-2573,AZI2,64343.0,Del0.8,0.45
X-2573,B3GALTL,145173.0,Amp5,5.43
X-2573,BASP1P1,646201.0,Amp5,5.31
X-2573,BCL9,607.0,MutKnownFunctional,"Q453*,0.365"
X-2573,BCL9,607.0,MutKnownFunctional,"-514,0.489"
X-2573,BCORP1,286554.0,Del0.8,0.33
X-2573,BCR,613.0,MutNovel,"Y981C,0.530"
X-2573,BIRC6,57448.0,MutNovel,"P4029A,0.429"
X-2573,BORA,79866.0,Amp5,5.62
X-2573,BPY2B,442867.0,Del0.8,0.33
X-2573,BPY2B,442867.0,Del0.8,0.33
X-2573,BRCA2,675.0,Amp5,5.43
X-2573,C10orf137,26098.0,MutNovel,"R926C,0.426"
X-2573,C12orf35,55196.0,MutNovel,"G778E,0.384"
X-2573,C13orf33,84935.0,Amp5,5.31
X-2573,C1QTNF9,338872.0,Amp5,5.31
X-2573,C1QTNF9B,387911.0,Amp5,5.31
X-2573,C1QTNF9B-AS1,542767.0,Amp5,5.31
X-2573,C1orf173,127254.0,Del0.8,0.73
X-2573,C2CD4D,100191040.0,MutNovel,"S105F,0.727"
X-2573,C3orf32,51066.0,MutNovel,"G204R,0.404"
X-2573,C6orf70,55780.0,MutNovel,"S373R,0.523"
X-2573,C9orf152,401546.0,MutKnownFunctional,"-39,0.505"
X-2573,CAB39L,81617.0,Amp5,5.35
X-2573,CACTIN,,MutNovel,"-539AR,0.526"
X-2573,CAMK1,8536.0,MutNovel,"F112L,0.413"
X-2573,CBWD5,220869.0,MutNovel,"G106S,0.304"
X-2573,CCDC144B,284047.0,Del0.8,0.59
X-2573,CCDC144NL,339184.0,Del0.8,0.73
X-2573,CCDC169,728591.0,Amp5,5.46
X-2573,CCDC169-SOHLH2,100526761.0,Amp5,5.46
X-2573,CCDC70,83446.0,Amp5,5.35
X-2573,CCDC97,90324.0,MutNovel,"Y228S,0.340"
X-2573,CCNA1,8900.0,Amp5,5.46
X-2573,CCPG1,9236.0,MutNovel,"R652K,0.486"
X-2573,CDADC1,81602.0,Amp5,5.35
X-2573,CDC42EP1,11135.0,MutNovel,"PAPAANPS253P,0.773"
X-2573,CDCP1,64866.0,MutNovel,"S416N,0.595"
X-2573,CDH10,1008.0,Del0.8,0.78
X-2573,CDK8,1024.0,Amp5,5.31
X-2573,CDX2,1045.0,Amp5,5.31
X-2573,CDY1B,253175.0,Del0.8,0.33
X-2573,CDY1B,253175.0,Del0.8,0.33
X-2573,CDY2A,9426.0,Del0.8,0.33
X-2573,CDY2A,9426.0,Del0.8,0.33
X-2573,CDY2B,203611.0,Del0.8,0.33
X-2573,CDY2B,203611.0,Del0.8,0.33
X-2573,CEACAM3,1084.0,MutNovel,"G48V,0.556"
X-2573,CEL,1056.0,MutNovel,"A692P,0.217"
X-2573,CENPJ,55835.0,Amp5,5.31
X-2573,CENPV,201161.0,MutNovel,"A25W,0.279"
X-2573,CENPV,201161.0,MutNovel,"A22G,0.371"
X-2573,CG030,116828.0,Amp5,5.43
X-2573,CHTF18,63922.0,MutNovel,"P288L,0.506"
X-2573,CKAP2,26586.0,Amp5,5.35
X-2573,COG3,83548.0,Amp5,5.43
X-2573,COG7,91949.0,MutNovel,"R568Q,0.433"
X-2573,COMMD6,170622.0,Amp5,5.43
X-2573,COQ9,57017.0,MutNovel,"S218R,0.485"
X-2573,CPB2,1361.0,Amp5,5.43
X-2573,CROCCP2,84809.0,Del0.8,0.57
X-2573,CSNK1A1L,122011.0,Amp5,5.86
X-2573,CSPG4P1Y,114758.0,Del0.8,0.33
X-2573,CSPG4P1Y,114758.0,Del0.8,0.33
X-2573,CSTF1,1477.0,MutNovel,"V89F,0.297"
X-2573,CTAGE10P,220429.0,Amp5,5.35
X-2573,CTAGE11P,647288.0,Amp5,5.43
X-2573,CTAGE4,100128553.0,Amp5,6.19
X-2573,CTSA,5476.0,MutNovel,"L29-,0.882"
X-2573,CYP2D6,1565.0,MutNovel,"Y355C,0.333"
X-2573,CYP4X1,260293.0,Del0.8,0.76
X-2573,CYSLTR2,57105.0,Amp5,5.35
X-2573,DAAM1,23002.0,MutNovel,"D1066N,1.000"
X-2573,DACH1,1602.0,MutNovel,"GG82-,0.762"
X-2573,DAZ1,1617.0,Del0.8,0.33
X-2573,DAZ2,57055.0,Del0.8,0.33
X-2573,DAZ3,57054.0,Del0.8,0.33
X-2573,DAZ3,57054.0,Del0.8,0.33
X-2573,DAZ4,57135.0,Del0.8,0.33
X-2573,DAZ4,57135.0,Del0.8,0.33
X-2573,DCLK1,9201.0,Amp5,5.46
X-2573,DDX3Y,8653.0,Del0.8,0.33
X-2573,DEFB109P1,245912.0,Del0.8,0.5
X-2573,DEFB113,245927.0,Del0.8,0.61
X-2573,DEFB114,245928.0,Del0.8,0.61
X-2573,DGKH,160851.0,Amp5,5.17
X-2573,DHRS12,79758.0,Amp5,5.35
X-2573,DHX40,79665.0,MutNovel,"M209T,0.982"
X-2573,DIDO1,11083.0,MutNovel,"R1593I,0.333"
X-2573,DIS3,22894.0,Amp5,5.62
X-2573,DLEU1,10301.0,Amp5,5.35
X-2573,DLEU2,8847.0,Amp5,5.35
X-2573,DLEU7,220107.0,Amp5,5.35
X-2573,DMRT2,10655.0,MutNovel,"T106S,1.000"
X-2573,DNAJC15,29103.0,Amp5,5.54
X-2573,DPY19L2,283417.0,MutNovel,"M262V,1.000"
X-2573,DPYD,1806.0,Del0.8,0.77
X-2573,EBPL,84650.0,Amp5,5.35
X-2573,EEF1DP3,196549.0,Amp5,5.43
X-2573,EIF1AY,9086.0,Del0.8,0.33
X-2573,ELF1,1997.0,Amp5,5.21
X-2573,ELTD1,64123.0,Del0.8,0.78
X-2573,ENPP4,22875.0,Del0.8,0.46
X-2573,ESPNP,284729.0,Del0.8,0.53
X-2573,ETFB,2109.0,MutNovel,"I289V,0.510"
X-2573,EXOSC8,11340.0,Amp5,5.86
X-2573,FAM106A,80039.0,Del0.8,0.32
X-2573,FAM123A,219287.0,Amp5,5.31
X-2573,FAM124A,220108.0,Amp5,5.35
X-2573,FAM161A,84140.0,MutKnownFunctional,"-501,1.000"
X-2573,FAM194B,220081.0,Amp5,5.43
X-2573,FAM197Y2P,252946.0,Del0.8,0.11
X-2573,FAM21A,387680.0,MutNovel,"G444D,1.000"
X-2573,FAM41AY1,340618.0,Del0.8,0.33
X-2573,FAM41AY1,340618.0,Del0.8,0.33
X-2573,FAM48A,55578.0,Amp5,5.86
X-2573,FAM66A,100133172.0,Del0.8,0.79
X-2573,FAM83H,286077.0,MutNovel,"D624N,0.595"
X-2573,FAM83H,286077.0,MutNovel,"R356W,0.558"
X-2573,FAT1,2195.0,MutNovel,"V1938L,0.552"
X-2573,FBXL6,26233.0,MutNovel,"R14W,0.447"
X-2573,FCGBP,8857.0,MutNovel,"G3264S,0.750"
X-2573,FDCSP,260436.0,Del0.8,0.55
X-2573,FILIP1,27145.0,MutNovel,"V960I,1.000"
X-2573,FLT1,2321.0,Amp5,5.31
X-2573,FLT3,2322.0,Amp5,5.31
X-2573,FNDC3A,22862.0,Amp5,5.35
X-2573,FNIP1,96459.0,MutKnownFunctional,"R392*,1.000"
X-2573,FOLR3,2352.0,MutNovel,"H42Y,1.000"
X-2573,FOXL1,2300.0,MutNovel,"D64G,1.000"
X-2573,FOXO1,2308.0,Amp5,5.21
X-2573,FREM2,341640.0,Amp5,5.31
X-2573,FRY,10129.0,Amp5,5.43
X-2573,GGT7,2686.0,MutNovel,"G227E,0.458"
X-2573,GIGYF2,26058.0,MutNovel,"PQ1231P,0.851"
X-2573,GOLGA2P2Y,84559.0,Del0.8,0.33
X-2573,GOLGA2P2Y,84559.0,Del0.8,0.33
X-2573,GOLGA6L2,,MutNovel,"N54H,1.000"
X-2573,GOLGA8J,,MutNovel,"A474S,1.000"
X-2573,GPAA1,8733.0,MutNovel,"A198V,0.507"
X-2573,GPR12,2835.0,Amp5,5.31
X-2573,GPRIN2,9721.0,MutNovel,"-238MRE,0.538"
X-2573,GRAMD2,196996.0,MutKnownFunctional,"-137?,0.304"
X-2573,GSX1,219409.0,Amp5,5.31
X-2573,GTF2F2,2963.0,Amp5,5.43
X-2573,GTF3A,2971.0,Amp5,5.31
X-2573,GTF3C1,2975.0,MutNovel,"E1696G,0.604"
X-2573,GUCY1B2,2974.0,Amp5,5.35
X-2573,GYG2P1,352887.0,Del0.8,0.33
X-2573,HDDC3,374659.0,MutNovel,"K97R,0.411"
X-2573,HLA-DQB2,3120.0,MutNovel,"Q153H,0.500"
X-2573,HLA-G,3135.0,MutNovel,"S33C,0.600"
X-2573,HLA-G,3135.0,MutNovel,"A34T,0.857"
X-2573,HLA-G,3135.0,MutNovel,"G231S,0.227"
X-2573,HMCN2,,MutNovel,"V3086M,0.615"
X-2573,HMGB1,3146.0,Amp5,5.31
X-2573,HNRNPA1L2,144983.0,Amp5,5.35
X-2573,HNRNPA2B1,3181.0,MutNovel,"N218H,0.317"
X-2573,HSFY2,159119.0,Del0.8,0.33
X-2573,HSFY2,159119.0,Del0.8,0.33
X-2573,HSPG2,3339.0,MutNovel,"R2473H,1.000"
X-2573,ICAM1,3383.0,MutNovel,"V328L,0.400"
X-2573,ICOSLG,23308.0,MutNovel,"R207Q,1.000"
X-2573,IFI27,3429.0,MutNovel,"V47M,0.999"
X-2573,IFT140,9742.0,MutNovel,"G1284S,0.699"
X-2573,IGFN1,91156.0,MutNovel,"G1703R,0.333"
X-2573,INPP4A,3631.0,MutNovel,"M737T,1.000"
X-2573,INTS6,26512.0,Amp5,5.35
X-2573,IP6K2,51447.0,MutNovel,"S18F,0.473"
X-2573,ITM2B,9445.0,Amp5,5.28
X-2573,KANK2,25959.0,MutNovel,"A423G,0.538"
X-2573,KANSL1,,MutNovel,"H707Y,0.458"
X-2573,KAT6B,23522.0,MutNovel,"EEE1360-,0.256"
X-2573,KATNAL1,84056.0,Amp5,5.31
X-2573,KBTBD6,89890.0,Amp5,5.21
X-2573,KBTBD7,84078.0,Amp5,5.21
X-2573,KC6,641516.0,Del0.8,0.7
X-2573,KCNH5,27133.0,Del0.8,0.8
X-2573,KCNRG,283518.0,Amp5,5.35
X-2573,KCTD4,386618.0,Amp5,5.43
X-2573,KDM5D,8284.0,Del0.8,0.33
X-2573,KERA,11081.0,Del0.8,0.71
X-2573,KIAA0226L,80183.0,Amp5,5.43
X-2573,KIAA1407,57577.0,MutKnownFunctional,"-415,0.360"
X-2573,KIAA1598,57698.0,MutKnownFunctional,"-623?,0.471"
X-2573,KIAA1704,55425.0,Amp5,5.43
X-2573,KIF15,56992.0,MutNovel,"V340D,0.882"
X-2573,KL,9365.0,Amp5,5.28
X-2573,KLF12,11278.0,Amp5,5.62
X-2573,KLF5,688.0,Amp5,5.62
X-2573,KLHL2,11275.0,MutNovel,"L78V,0.208"
X-2573,KPNA3,3839.0,Amp5,5.35
X-2573,KRAS,3845.0,MutKnownFunctional,"G12V,0.422"
X-2573,KRT16,3868.0,MutNovel,"E246D,1.000"
X-2573,KRT73,319101.0,MutNovel,"L299M,1.000"
X-2573,KRT73,319101.0,MutNovel,"L297M,1.000"
X-2573,LACC1,144811.0,Amp5,5.43
X-2573,LCORL,254251.0,Del0.8,0.75
X-2573,LCP1,3936.0,Amp5,5.43
X-2573,LECT1,11061.0,Amp5,5.35
X-2573,LEFTY2,7044.0,MutNovel,"Q298R,0.800"
X-2573,LEFTY2,7044.0,MutNovel,"K279E,1.000"
X-2573,LGALS9C,654346.0,Del0.8,0.32
X-2573,LHFP,10186.0,Amp5,5.24
X-2573,LINC00282,283521.0,Amp5,5.35
X-2573,LINC00284,121838.0,Amp5,5.43
X-2573,LINC00327,100506697.0,Amp5,5.31
X-2573,LINC00426,100188949.0,Amp5,5.31
X-2573,LIPN,643418.0,Del0.8,0.69
X-2573,LMO7,4008.0,Amp5,5.43
X-2573,LMTK3,114783.0,MutNovel,"PPPL1176L,0.684"
X-2573,LNX2,222484.0,Amp5,5.31
X-2573,LOC100288524,100288524.0,MutNovel,"G112S,1.000"
X-2573,LOC100507240,100507240.0,Amp5,5.17
X-2573,LOC100996610,,MutNovel,"S48P,0.400"
X-2573,LOC440131,440131.0,Amp5,5.31
X-2573,LOC642799,,MutNovel,"H146Q,0.857"
X-2573,LOC645202,,MutNovel,"Q99K,0.800"
X-2573,LOC728377,728377.0,Amp5,6.19
X-2573,LONP2,83752.0,MutNovel,"Y555C,0.443"
X-2573,LPAR6,10161.0,Amp5,5.35
X-2573,LRMP,4033.0,MutNovel,"A437V,0.500"
X-2573,LRRC66,339977.0,MutNovel,"P657L,0.457"
X-2573,LSR,51599.0,MutNovel,"G518GR,0.842"
X-2573,LSS,4047.0,MutNovel,"T705M,1.000"
X-2573,MAP3K4,4216.0,MutNovel,"PA1189P,0.455"
X-2573,MAP3K4,4216.0,MutNovel,"G1366E,0.598"
X-2573,MAP3K6,9064.0,MutNovel,"P959L,1.000"
X-2573,2014-03-11 00:00:00,441061.0,Del0.8,0.75
X-2573,MARCKS,4082.0,MutNovel,"G182GEA,0.390"
X-2573,MAST4,375449.0,MutNovel,"T936I,1.000"
X-2573,MDGA2,161357.0,Del0.8,0.78
X-2573,MED19,219541.0,MutNovel,"A49S,0.569"
X-2573,MED4,29079.0,Amp5,5.28
X-2573,MGAT3,4248.0,MutNovel,"R158H,0.625"
X-2573,MIPEP,4285.0,Amp5,5.31
X-2573,MIR1245A,100302219.0,Del0.8,0.76
X-2573,MIR1245B,100616324.0,Del0.8,0.76
X-2573,MIR1297,100302187.0,Amp5,5.39
X-2573,MIR16-1,406950.0,Amp5,5.35
X-2573,MIR2276,100313842.0,Amp5,5.31
X-2573,MIR302F,100302131.0,Del0.8,0.68
X-2573,MIR320D1,100313896.0,Amp5,5.21
X-2573,MIR3613,100500908.0,Amp5,5.35
X-2573,MIR3675,100500876.0,Del0.8,0.53
X-2573,MIR3675,100500876.0,Del0.8,0.57
X-2573,MIR3926-1,100500870.0,Del0.8,0.62
X-2573,MIR3926-2,100500838.0,Del0.8,0.62
X-2573,MIR4305,100422940.0,Amp5,5.24
X-2573,MIR4703,100616423.0,Amp5,5.35
X-2573,MIR548AJ2,100616252.0,Del0.8,0.64
X-2573,MIR621,693206.0,Amp5,5.21
X-2573,MIR759,100313778.0,Amp5,5.35
X-2573,MIS12,79003.0,MutNovel,"R61S,1.000"
X-2573,MKLN1,4289.0,MutNovel,"D42A,0.339"
X-2573,MLKL,197259.0,MutNovel,"R64C,0.525"
X-2573,MLL3,58508.0,MutNovel,"R4549H,0.684"
X-2573,MLLT3,4300.0,MutNovel,"S157T,0.484"
X-2573,MLLT3,4300.0,MutNovel,"S156TG,0.219"
X-2573,MLNR,2862.0,Amp5,5.35
X-2573,MRPL28,10573.0,MutNovel,"S244A,0.422"
X-2573,MRPS31,10240.0,Amp5,5.21
X-2573,MSH4,4438.0,MutNovel,"R164T,1.000"
X-2573,MST1P2,11209.0,Del0.8,0.57
X-2573,MST1P9,11223.0,Del0.8,0.53
X-2573,MTIF3,219402.0,Amp5,5.31
X-2573,MTMR6,9107.0,Amp5,5.31
X-2573,MTRF1,9617.0,Amp5,5.21
X-2573,MTRNR2L7,100288485.0,Del0.8,0.61
X-2573,MTUS2,23281.0,Amp5,5.31
X-2573,MUC12,10071.0,MutNovel,"T312I,0.302"
X-2573,MUC12,10071.0,MutNovel,"L324F,0.367"
X-2573,MUC12,10071.0,MutNovel,"S330L,0.343"
X-2573,MUC12,10071.0,MutNovel,"T340P,0.315"
X-2573,MUC12,10071.0,MutNovel,"R855H,0.860"
X-2573,MUC12,10071.0,MutNovel,"P873T,0.500"
X-2573,MUC12,10071.0,MutNovel,"S914P,0.667"
X-2573,MUC12,10071.0,MutNovel,"T1039I,0.438"
X-2573,MUC12,10071.0,MutNovel,"R1165P,0.933"
X-2573,MUC12,10071.0,MutNovel,"K1254T,1.000"
X-2573,MUC12,10071.0,MutNovel,"T1283P,0.667"
X-2573,MUC12,10071.0,MutNovel,"E1323K,0.229"
X-2573,MUC12,10071.0,MutNovel,"D1348G,0.857"
X-2573,MUC12,10071.0,MutNovel,"L1735F,0.964"
X-2573,MUC12,10071.0,MutNovel,"LG1735FS,0.964"
X-2573,MUC12,10071.0,MutNovel,"S1741L,0.966"
X-2573,MUC12,10071.0,MutNovel,"E1768G,0.617"
X-2573,MUC12,10071.0,MutNovel,"T1770M,0.640"
X-2573,MUC12,10071.0,MutNovel,"T1832I,0.417"
X-2573,MUC12,10071.0,MutNovel,"D1839E,0.286"
X-2573,MUC12,10071.0,MutNovel,"S1856N,0.556"
X-2573,MUC12,10071.0,MutNovel,"T2103A,0.548"
X-2573,MUC12,10071.0,MutNovel,"I2131T,0.333"
X-2573,MUC12,10071.0,MutNovel,"L2394P,0.273"
X-2573,MUC12,10071.0,MutNovel,"A2912T,0.783"
X-2573,MUC12,10071.0,MutNovel,"G2927R,0.296"
X-2573,MUC12,10071.0,MutNovel,"T3079M,0.226"
X-2573,MUC12,10071.0,MutNovel,"P3395T,0.272"
X-2573,MUC12,10071.0,MutNovel,"T3679I,0.750"
X-2573,MUC12,10071.0,MutNovel,"T3761R,0.857"
X-2573,MUC12,10071.0,MutNovel,"K3894T,0.333"
X-2573,MUC12,10071.0,MutNovel,"T4363I,0.343"
X-2573,MUC20,200958.0,MutNovel,"A54T,0.481"
X-2573,MZT1,440145.0,Amp5,5.62
X-2573,N4BP2L1,90634.0,Amp5,5.43
X-2573,N4BP2L2,10443.0,Amp5,5.43
X-2573,NAA16,79612.0,Amp5,5.21
X-2573,NBAS,51594.0,MutNovel,"R2365H,1.000"
X-2573,NBEA,26960.0,MutNovel,"G411R,1.000"
X-2573,NBPF1,55672.0,Del0.8,0.57
X-2573,NBPF10,100132406.0,MutNovel,"G116W,0.350"
X-2573,NBPF10,100132406.0,MutNovel,"V841F,0.667"
X-2573,NBPF10,100132406.0,MutNovel,"C3332G,0.377"
X-2573,NCAPG,64151.0,Del0.8,0.77
X-2573,NCKAP5L,57701.0,MutNovel,"E1220K,0.381"
X-2573,NCOR2,9612.0,MutNovel,"G1839GAAA,0.257"
X-2573,NCRNA00185,55410.0,Del0.8,0.33
X-2573,NEGR1,257194.0,Del0.8,0.7
X-2573,NEK3,4752.0,Amp5,5.35
X-2573,NEK5,341676.0,Amp5,5.35
X-2573,NHLRC3,387921.0,Amp5,5.31
X-2573,NLGN4Y,22829.0,Del0.8,0.33
X-2573,NOVA1,4857.0,Del0.8,0.79
X-2573,NUDT15,55270.0,Amp5,5.28
X-2573,NUFIP1,26747.0,Amp5,5.43
X-2573,NUPL1,9818.0,Amp5,5.31
X-2573,OLFM3,118427.0,Del0.8,0.69
X-2573,OLFM4,10562.0,MutNovel,"M435V,0.525"
X-2573,OLFM4,10562.0,Amp5,5.35
X-2573,OPLAH,26873.0,MutNovel,"R978Q,0.481"
X-2573,OPLAH,26873.0,MutNovel,"R173P,0.488"
X-2573,OR2A42,402317.0,Amp5,6.19
X-2573,OR2A42,402317.0,Amp5,6.19
X-2573,OR2A7,401427.0,Amp5,6.19
X-2573,OR2A9P,441295.0,Amp5,6.19
X-2573,OR2A9P,441295.0,Amp5,6.19
X-2573,OR5I1,10798.0,Del0.8,0.55
X-2573,OR7E37P,100506759.0,Amp5,5.21
X-2573,ORAI1,84876.0,MutNovel,"PP43-,0.933"
X-2573,OTUD1,220213.0,MutNovel,"S326C,0.484"
X-2573,PABPC3,5042.0,MutKnownFunctional,"-226,0.588"
X-2573,PABPC3,5042.0,Amp5,5.31
X-2573,PAN3,255967.0,Amp5,5.31
X-2573,PAN3-AS1,100288730.0,Amp5,5.31
X-2573,PARP4,143.0,Amp5,5.31
X-2573,PBX4,80714.0,MutNovel,"A247T,1.000"
X-2573,PBX4,80714.0,MutNovel,"E223D,0.500"
X-2573,PCDH11Y,83259.0,Del0.8,0.4
X-2573,PCDH8,5100.0,Amp5,5.35
X-2573,PCDHB9,56127.0,MutNovel,"P573L,0.833"
X-2573,PDE8A,5151.0,MutNovel,"R383Q,0.544"
X-2573,PDX1,3651.0,Amp5,5.31
X-2573,PDXDC1,23042.0,MutNovel,"R203G,0.304"
X-2573,PHF11,51131.0,Amp5,5.35
X-2573,PHLDA1,22822.0,MutNovel,"QQ194Q,0.500"
X-2573,PIBF1,10464.0,Amp5,5.62
X-2573,PKD1,5310.0,MutNovel,"F4226V,0.483"
X-2573,PKD1,5310.0,MutNovel,"P4176T,0.460"
X-2573,PNO1,56902.0,MutNovel,"T190S,0.303"
X-2573,POLR1D,51082.0,Amp5,5.31
X-2573,POLR3E,55718.0,MutNovel,"R477W,0.472"
X-2573,POMP,51371.0,Amp5,5.31
X-2573,POTEE,445582.0,MutNovel,"R816N,0.667"
X-2573,PPP6R1,22870.0,MutNovel,"L735P,0.465"
X-2573,PRHOXNB,646625.0,Amp5,5.31
X-2573,PRKY,5616.0,Del0.8,0.4
X-2573,PROCA1,147011.0,MutNovel,"C120G,0.300"
X-2573,PROSER1,80209.0,Amp5,5.31
X-2573,PRR20B,729233.0,Amp5,5.5
X-2573,PRUNE2,158471.0,MutNovel,"E923D,0.385"
X-2573,PRY,9081.0,Del0.8,0.33
X-2573,PRY,9081.0,Del0.8,0.33
X-2573,PRY2,442862.0,Del0.8,0.33
X-2573,PRY2,442862.0,Del0.8,0.33
X-2573,PSD4,23550.0,MutNovel,"A310T,1.000"
X-2573,PSG3,5671.0,MutNovel,"R285K,1.000"
X-2573,PSMC6,5706.0,MutNovel,"R11Q,1.000"
X-2573,PSORS1C1,170679.0,MutKnownFunctional,"-38?,0.714"
X-2573,RAB28,9364.0,Del0.8,0.7
X-2573,RABEP2,79874.0,MutNovel,"E147K,0.533"
X-2573,RAD51B,5890.0,Del0.8,0.74
X-2573,RAP1GAP,5909.0,MutNovel,"R348W,1.000"
X-2573,RASL11A,387496.0,Amp5,5.31
X-2573,RBM14,10432.0,MutNovel,"S560C,0.280"
X-2573,RBMS2,5939.0,MutNovel,"T354M,0.488"
X-2573,RBMY1A3P,286557.0,Del0.8,0.4
X-2573,RBMY1B,378948.0,Del0.8,0.33
X-2573,RBMY1B,378948.0,Del0.8,0.33
X-2573,RBMY1E,378950.0,Del0.8,0.33
X-2573,RBMY1E,378950.0,Del0.8,0.33
X-2573,RBMY1F,159163.0,Del0.8,0.33
X-2573,RBMY1F,159163.0,Del0.8,0.33
X-2573,RBMY1J,378951.0,Del0.8,0.33
X-2573,RBMY1J,378951.0,Del0.8,0.33
X-2573,RBMY2EP,159125.0,Del0.8,0.33
X-2573,RBMY2FP,159162.0,Del0.8,0.33
X-2573,RBMY3AP,64593.0,Del0.8,0.33
X-2573,RCBTB1,55213.0,Amp5,5.35
X-2573,RCBTB2,1102.0,Amp5,5.35
X-2573,RDM1,201299.0,MutNovel,"A63V,0.524"
X-2573,RFC3,5983.0,Amp5,5.28
X-2573,RFX2,5990.0,MutNovel,"A697V,1.000"
X-2573,RFXAP,5994.0,Amp5,5.86
X-2573,RHD,6007.0,Del0.8,0.58
X-2573,RLF,6018.0,MutNovel,"H1167R,1.000"
X-2573,RNASEH2B,79621.0,Amp5,5.35
X-2573,RNF17,56163.0,Amp5,5.31
X-2573,RNF6,6049.0,Amp5,5.31
X-2573,RPL21,6144.0,Amp5,5.31
X-2573,RPS24,6229.0,MutNovel,"R132P,1.000"
X-2573,RPS4Y1,6192.0,Del0.8,0.4
X-2573,RPS4Y2,140032.0,Del0.8,0.33
X-2573,RRAS,6237.0,MutNovel,"T9I,0.361"
X-2573,RSC1A1,6248.0,MutKnownFunctional,"R596*,1.000"
X-2573,RTTN,25914.0,MutNovel,"L847F,1.000"
X-2573,RXFP2,122042.0,Amp5,5.43
X-2573,SACS,26278.0,Amp5,5.31
X-2573,SAMD4B,55095.0,MutNovel,"F475Y,0.446"
X-2573,SCAPER,49855.0,Del0.8,0.74
X-2573,SERHL2,253190.0,MutNovel,"H168Q,1.000"
X-2573,SERINC2,347735.0,MutNovel,"-373Q,0.736"
X-2573,SERP2,387923.0,Amp5,5.43
X-2573,SERPINB10,5273.0,Del0.8,0.71
X-2573,SERPINE3,647174.0,Amp5,5.35
X-2573,SERTM1,400120.0,Amp5,5.86
X-2573,SETD1B,23067.0,MutNovel,"A1445T,0.786"
X-2573,SETDB2,83852.0,Amp5,5.35
X-2573,SGCG,6445.0,Amp5,5.31
X-2573,SHISA2,387914.0,Amp5,5.31
X-2573,SIAH3,283514.0,Amp5,5.43
X-2573,SLC25A15,10166.0,Amp5,5.21
X-2573,SLC25A24,29957.0,Del0.8,0.71
X-2573,SLC25A30,253512.0,Amp5,5.43
X-2573,SLC46A3,283537.0,Amp5,5.31
X-2573,SLC7A1,6541.0,Amp5,5.31
X-2573,SLCO3A1,28232.0,MutNovel,"T171A,0.250"
X-2573,SLTM,79811.0,MutNovel,"I1004V,0.542"
X-2573,SLX4,84464.0,MutNovel,"C595S,0.700"
X-2573,SMAD9,4093.0,Amp5,5.86
X-2573,SMG9,56006.0,MutNovel,"D185G,0.456"
X-2573,SNORA27,619499.0,Amp5,5.31
X-2573,SNORA31,677814.0,Amp5,5.43
X-2573,SNORD102,26771.0,Amp5,5.31
X-2573,SNORD113-2,767562.0,Del0.8,0.27
X-2573,SNORD113-4,767564.0,Del0.8,0.27
X-2573,SNORD113-5,767565.0,Del0.8,0.27
X-2573,SNORD113-6,767566.0,Del0.8,0.27
X-2573,SNORD113-7,767567.0,Del0.8,0.27
X-2573,SOHLH2,54937.0,Amp5,5.46
X-2573,SPATA13,221178.0,Amp5,5.31
X-2573,SPERT,220082.0,Amp5,5.43
X-2573,SPG20,23111.0,Amp5,5.46
X-2573,SPG20OS,100507135.0,Amp5,5.46
X-2573,SPG7,6687.0,MutNovel,"A731T,0.440"
X-2573,SPRYD7,57213.0,Amp5,5.35
X-2573,SRRM2,23524.0,MutNovel,"P2273L,0.473"
X-2573,SRY,6736.0,Del0.8,0.4
X-2573,ST13P4,145165.0,Amp5,5.35
X-2573,ST6GALNAC3,256435.0,Del0.8,0.8
X-2573,STAM2,10254.0,MutNovel,"D278V,0.974"
X-2573,STARD13,90627.0,Amp5,5.28
X-2573,STAU2,27067.0,MutNovel,"R546T,1.000"
X-2573,STOML3,161003.0,Amp5,5.31
X-2573,STX2,2054.0,MutNovel,"S170I,0.396"
X-2573,SUCLA2,8803.0,Amp5,5.28
X-2573,SUGP2,10147.0,MutNovel,"M456I,0.556"
X-2573,SUGT1,10910.0,Amp5,5.35
X-2573,SUGT1P3,283507.0,Amp5,5.21
X-2573,SYNE2,23224.0,MutNovel,"D758E,1.000"
X-2573,SYT7,9066.0,MutNovel,"A140T,0.368"
X-2573,TAG,404663.0,Del0.8,0.74
X-2573,TBC1D4,9882.0,Amp5,5.43
X-2573,TBL1Y,90665.0,Del0.8,0.4
X-2573,TBP,6908.0,MutNovel,"-64Q,0.319"
X-2573,TDRD3,81550.0,Amp5,5.31
X-2573,TGIF2LY,90655.0,Del0.8,0.4
X-2573,THSD1,55901.0,Amp5,5.35
X-2573,TLK2,11011.0,MutNovel,"R262Q,0.220"
X-2573,TMEM106A,113277.0,MutNovel,"I145F,0.571"
X-2573,TMEM117,84216.0,MutNovel,"W64C,0.346"
X-2573,TMEM184A,202915.0,MutNovel,"G392GA,0.816"
X-2573,TMSB4Y,9087.0,Del0.8,0.33
X-2573,TNFRSF19,55504.0,Amp5,5.31
X-2573,TOP2B,7155.0,MutNovel,"K1364E,0.487"
X-2573,TOR4A,,MutNovel,"R65G,0.386"
X-2573,TP53,7157.0,MutKnownFunctional,"R248W,0.998"
X-2573,TPT1,7178.0,Amp5,5.43
X-2573,TPTE2P1,646405.0,Amp5,5.31
X-2573,TPTE2P3,220115.0,Amp5,5.35
X-2573,TPTE2P6,374491.0,Amp5,5.31
X-2573,TRIM13,10206.0,Amp5,5.35
X-2573,TRIP11,9321.0,MutNovel,"D462E,1.000"
X-2573,TSC22D1,8848.0,Amp5,5.43
X-2573,TSPY1,7258.0,Del0.8,0.11
X-2573,TSPY2,64591.0,Del0.8,0.4
X-2573,TSPY3,728137.0,Del0.8,0.11
X-2573,TSPY4,728395.0,Del0.8,0.11
X-2573,TSPY8,728403.0,Del0.8,0.11
X-2573,TSPYL1,7259.0,MutNovel,"V176VW,0.378"
X-2573,TTTY10,246119.0,Del0.8,0.33
X-2573,TTTY11,83866.0,Del0.8,0.4
X-2573,TTTY12,83867.0,Del0.8,0.4
X-2573,TTTY13,83868.0,Del0.8,0.33
X-2573,TTTY14,83869.0,Del0.8,0.33
X-2573,TTTY15,64595.0,Del0.8,0.33
X-2573,TTTY16,252948.0,Del0.8,0.4
X-2573,TTTY17A,252949.0,Del0.8,0.33
X-2573,TTTY17A,252949.0,Del0.8,0.33
X-2573,TTTY18,252950.0,Del0.8,0.4
X-2573,TTTY19,252952.0,Del0.8,0.4
X-2573,TTTY1B,100101116.0,Del0.8,0.4
X-2573,TTTY1B,100101116.0,Del0.8,0.33
X-2573,TTTY2,60439.0,Del0.8,0.33
X-2573,TTTY2,60439.0,Del0.8,0.4
X-2573,TTTY20,252951.0,Del0.8,0.21
X-2573,TTTY21,252953.0,Del0.8,0.4
X-2573,TTTY21,252953.0,Del0.8,0.33
X-2573,TTTY22,252954.0,Del0.8,0.33
X-2573,TTTY23,252955.0,Del0.8,0.33
X-2573,TTTY23,252955.0,Del0.8,0.4
X-2573,TTTY3,114760.0,Del0.8,0.33
X-2573,TTTY3,114760.0,Del0.8,0.33
X-2573,TTTY4,114761.0,Del0.8,0.33
X-2573,TTTY4,114761.0,Del0.8,0.33
X-2573,TTTY5,83863.0,Del0.8,0.33
X-2573,TTTY6,84672.0,Del0.8,0.33
X-2573,TTTY6,84672.0,Del0.8,0.33
X-2573,TTTY7,246122.0,Del0.8,0.33
X-2573,TTTY7,246122.0,Del0.8,0.4
X-2573,TTTY7B,100101120.0,Del0.8,0.33
X-2573,TTTY7B,100101120.0,Del0.8,0.4
X-2573,TTTY8,84673.0,Del0.8,0.33
X-2573,TTTY8,84673.0,Del0.8,0.4
X-2573,TTTY9A,83864.0,Del0.8,0.33
X-2573,TTTY9A,83864.0,Del0.8,0.33
X-2573,TUSC1,286319.0,MutNovel,"-48A,0.625"
X-2573,TUSC3,7991.0,Del0.8,0.67
X-2573,TXLNG2P,246126.0,Del0.8,0.33
X-2573,UBC,7316.0,MutNovel,"R54L,0.504"
X-2573,UBE2S,27338.0,MutNovel,"P188L,0.307"
X-2573,UBL3,5412.0,Amp5,5.31
X-2573,UBR4,23352.0,MutNovel,"M2604I,0.988"
X-2573,UCHL3,7347.0,Amp5,5.43
X-2573,USP12,219333.0,Amp5,5.31
X-2573,USP32P2,220594.0,Del0.8,0.32
X-2573,USP36,57602.0,MutNovel,"KKK958K,0.765"
X-2573,USP41,,MutNovel,"C367R,1.000"
X-2573,USP9Y,8287.0,Del0.8,0.33
X-2573,USPL1,10208.0,Amp5,5.31
X-2573,UTP14C,9724.0,Amp5,5.35
X-2573,UTY,7404.0,Del0.8,0.33
X-2573,VCY,9084.0,Del0.8,0.33
X-2573,VCY,9084.0,Del0.8,0.33
X-2573,VPS36,51028.0,Amp5,5.35
X-2573,WASF3,10810.0,Amp5,5.31
X-2573,WBP4,11193.0,Amp5,5.21
X-2573,WDFY2,115825.0,Amp5,5.35
X-2573,WDR6,11180.0,MutNovel,"R360H,0.638"
X-2573,XKRY2,353515.0,Del0.8,0.33
X-2573,XKRY2,353515.0,Del0.8,0.33
X-2573,YIPF3,25844.0,MutNovel,"DA65A,0.440"
X-2573,ZAR1L,646799.0,Amp5,5.43
X-2573,ZC3H13,23091.0,Amp5,5.43
X-2573,ZCCHC6,79670.0,MutNovel,"K996N,0.386"
X-2573,ZDHHC11,79844.0,MutNovel,"A303D,1.000"
X-2573,ZDHHC2,51201.0,Del0.8,0.75
X-2573,ZFHX3,463.0,MutNovel,"K1982N,0.267"
X-2573,ZFY,7544.0,Del0.8,0.4
X-2573,ZNF219,51222.0,MutNovel,"QPP233P,0.724"
X-2573,ZNF331,55422.0,MutNovel,"ECK160-,0.588"
X-2573,ZNF480,147657.0,MutNovel,"N97H,0.521"
X-2573,ZNF814,730051.0,MutNovel,"H296HI,0.625"
X-2573,ZNHIT2,741.0,MutNovel,"E106K,0.458"
X-2659,ABCB7,22.0,MutNovel,"A556T,1.000"
X-2659,ABCC10,89845.0,MutNovel,"T926P,0.312"
X-2659,ADCY7,113.0,MutKnownFunctional,"C639*,0.400"
X-2659,AGAP6,414189.0,MutNovel,"P391L,0.450"
X-2659,AGAP6,414189.0,MutKnownFunctional,"E621*,0.424"
X-2659,AKNA,80709.0,MutNovel,"M837I,1.000"
X-2659,AKR1C2,1646.0,MutNovel,"M151V,0.312"
X-2659,ALG1L,200810.0,MutNovel,"M84T,0.300"
X-2659,ALG1L,200810.0,MutNovel,"V76A,0.273"
X-2659,AMELY,266.0,Del0.8,0.21
X-2659,APC,324.0,MutKnownFunctional,"LQ1337L*,1.000"
X-2659,APCDD1,147495.0,MutNovel,"V333A,1.000"
X-2659,ARHGEF19,128272.0,MutNovel,"R757C,1.000"
X-2659,ARID3A,1820.0,MutNovel,"A165V,0.543"
X-2659,ARL6IP4,51329.0,MutNovel,"P115L,0.600"
X-2659,ASPSCR1,79058.0,MutKnownFunctional,"-619,0.743"
X-2659,ATP6V0A1,535.0,MutNovel,"R184W,0.421"
X-2659,BAIAP2L2,80115.0,MutNovel,"PMT398-,0.284"
X-2659,BCORP1,286554.0,Del0.8,0.21
X-2659,BOLA2,552900.0,MutNovel,"N95S,0.250"
X-2659,BPY2B,442867.0,Del0.8,0.21
X-2659,BPY2B,442867.0,Del0.8,0.21
X-2659,BRCA2,675.0,MutNovel,"K2392E,0.375"
X-2659,C11orf49,79096.0,MutNovel,"V309L,0.500"
X-2659,C12orf35,55196.0,MutNovel,"L943F,0.727"
X-2659,C14orf80,283643.0,MutNovel,"L75V,1.000"
X-2659,C15orf39,56905.0,MutNovel,"T472I,0.473"
X-2659,C16orf62,57020.0,MutNovel,"T786A,0.500"
X-2659,C19orf68,,MutNovel,"R568M,0.455"
X-2659,CAD,790.0,MutNovel,"G318C,0.440"
X-2659,CATSPER2,117155.0,MutNovel,"L163I,0.667"
X-2659,CCDC66,285331.0,MutNovel,"S606SP,1.000"
X-2659,CCDC88C,440193.0,MutNovel,"D1505N,1.000"
X-2659,CDKL5,6792.0,Del0.8,0.44
X-2659,CDY1B,253175.0,Del0.8,0.21
X-2659,CDY1B,253175.0,Del0.8,0.21
X-2659,CDY2A,9426.0,Del0.8,0.21
X-2659,CDY2A,9426.0,Del0.8,0.21
X-2659,CDY2B,203611.0,Del0.8,0.21
X-2659,CDY2B,203611.0,Del0.8,0.21
X-2659,CEACAM1,634.0,MutNovel,"T100I,0.310"
X-2659,CEACAM1,634.0,MutNovel,"S96I,0.333"
X-2659,CEL,1056.0,MutNovel,"I488T,0.620"
X-2659,CEP250,11190.0,MutNovel,"W88L,0.714"
X-2659,CHAF1B,8208.0,MutNovel,"A218V,0.333"
X-2659,CHMP5,51510.0,MutNovel,"R37Q,0.502"
X-2659,CLPX,10845.0,MutNovel,"R15W,0.826"
X-2659,CRAT,1384.0,MutNovel,"G567R,1.000"
X-2659,CROT,54677.0,MutNovel,"Q580H,1.000"
X-2659,CSPG4P1Y,114758.0,Del0.8,0.21
X-2659,CSPG4P1Y,114758.0,Del0.8,0.21
X-2659,DAZ1,1617.0,Del0.8,0.21
X-2659,DAZ2,57055.0,Del0.8,0.21
X-2659,DAZ3,57054.0,Del0.8,0.21
X-2659,DAZ3,57054.0,Del0.8,0.21
X-2659,DAZ4,57135.0,Del0.8,0.21
X-2659,DAZ4,57135.0,Del0.8,0.21
X-2659,DDX31,64794.0,MutNovel,"R366L,0.792"
X-2659,DDX3Y,8653.0,Del0.8,0.21
X-2659,DEFB103A,414325.0,Del0.8,0.27
X-2659,DEFB103A,414325.0,Del0.8,0.47
X-2659,DEFB104B,503618.0,Del0.8,0.47
X-2659,DEFB104B,503618.0,Del0.8,0.47
X-2659,DEFB105B,504180.0,Del0.8,0.47
X-2659,DEFB105B,504180.0,Del0.8,0.47
X-2659,DEFB106B,503841.0,Del0.8,0.47
X-2659,DEFB106B,503841.0,Del0.8,0.47
X-2659,DEFB107A,245910.0,Del0.8,0.47
X-2659,DEFB107A,245910.0,Del0.8,0.47
X-2659,DEFB109P1,245912.0,Del0.8,0.36
X-2659,DEFB4A,1673.0,Del0.8,0.47
X-2659,DENND5A,23258.0,MutNovel,"I392T,1.000"
X-2659,DHRSX,207063.0,MutNovel,"R577H,1.000"
X-2659,DSC3,1825.0,MutNovel,"G856V,1.000"
X-2659,EFHC1,114327.0,MutKnownFunctional,"R536*,0.500"
X-2659,EIF1AY,9086.0,Del0.8,0.21
X-2659,EPN1,29924.0,MutNovel,"T374M,0.461"
X-2659,EPN3,55040.0,MutNovel,"T206P,1.000"
X-2659,EPRS,2058.0,MutKnownFunctional,"S10*,0.389"
X-2659,ERCC6,2074.0,MutNovel,"S1161P,0.833"
X-2659,ESPNP,284729.0,Del0.8,0.54
X-2659,EXOC3,11336.0,MutNovel,"M162I,0.437"
X-2659,EXOC3L4,91828.0,MutNovel,"P229R,1.000"
X-2659,FAM100A,124402.0,MutNovel,"H137P,0.308"
X-2659,FAM108A1,81926.0,MutNovel,"S60L,1.000"
X-2659,FAM197Y2P,252946.0,Del0.8,0.21
X-2659,FAM41AY1,340618.0,Del0.8,0.21
X-2659,FAM41AY1,340618.0,Del0.8,0.21
X-2659,FAM66A,100133172.0,Del0.8,0.6
X-2659,FAM66B,100128890.0,Del0.8,0.75
X-2659,FAM83H,286077.0,MutNovel,"E535D,0.400"
X-2659,FAM86B2,653333.0,Del0.8,0.67
X-2659,FAM86C1,55199.0,MutNovel,"S102T,0.267"
X-2659,FAT1,2195.0,MutKnownFunctional,"R2597*,1.000"
X-2659,FLAD1,80308.0,MutNovel,"E473V,0.494"
X-2659,FOXQ1,94234.0,MutNovel,"V387G,0.333"
X-2659,FRG1,2483.0,MutNovel,"K66E,0.277"
X-2659,FRG1,2483.0,MutNovel,"T98S,0.452"
X-2659,GABPA,2551.0,MutNovel,"H129P,0.750"
X-2659,GCAT,23464.0,MutKnownFunctional,"-425?,0.436"
X-2659,GLTSCR1,29998.0,MutNovel,"P1532S,0.333"
X-2659,GOLGA2,2801.0,MutNovel,"EEA714A,0.317"
X-2659,GOLGA2,2801.0,MutNovel,"E710D,0.333"
X-2659,GOLGA2,2801.0,MutNovel,"D708E,0.227"
X-2659,GOLGA2P2Y,84559.0,Del0.8,0.21
X-2659,GOLGA2P2Y,84559.0,Del0.8,0.21
X-2659,GPR64,10149.0,Del0.8,0.15
X-2659,GRIN2D,2906.0,MutNovel,"R621C,0.476"
X-2659,GRPEL2,134266.0,MutNovel,"A8V,0.900"
X-2659,GTF3C2,2976.0,MutNovel,"Q81K,0.479"
X-2659,GUCY1A3,2982.0,Del0.8,0.56
X-2659,GYG2P1,352887.0,Del0.8,0.21
X-2659,HEATR6,63897.0,MutNovel,"L710F,0.625"
X-2659,HLA-F,3134.0,MutNovel,"R152S,0.375"
X-2659,HLA-F,3134.0,MutNovel,"V160A,0.308"
X-2659,HMGN1,3150.0,MutNovel,"AG92G,0.312"
X-2659,HS2ST1,9653.0,Del0.8,0.77
X-2659,HSFY2,159119.0,Del0.8,0.21
X-2659,HSFY2,159119.0,Del0.8,0.21
X-2659,HSPA2,3306.0,MutNovel,"N32K,1.000"
X-2659,IFT122,55764.0,MutNovel,"S871G,0.564"
X-2659,INTS1,26173.0,MutNovel,"K370R,0.235"
X-2659,IRF3,3661.0,MutKnownFunctional,"-445,0.406"
X-2659,JRKL,8690.0,MutNovel,"G496A,0.524"
X-2659,KCTD3,51133.0,MutNovel,"N577D,0.429"
X-2659,KDM5D,8284.0,Del0.8,0.21
X-2659,KIAA1109,84162.0,MutNovel,"S1787A,1.000"
X-2659,KIF20B,9585.0,MutNovel,"E622A,0.500"
X-2659,KIF20B,9585.0,MutNovel,"L1062LKV,0.875"
X-2659,KLF12,11278.0,Amp5,5.39
X-2659,KLF5,688.0,Amp5,6.54
X-2659,KRAS,3845.0,MutNovel,"A18D,0.545"
X-2659,KRT83,3889.0,MutNovel,"H493C,0.444"
X-2659,LAMA5,3911.0,MutNovel,"T709M,0.667"
X-2659,LAMB1,3912.0,MutNovel,"D412E,0.483"
X-2659,LCE3C,353144.0,Del0.8,0.11
X-2659,LGALS8,3964.0,MutNovel,"D259V,0.379"
X-2659,LOC100132396,100132396.0,Del0.8,0.69
X-2659,LOC100288332,,MutNovel,"L270V,0.667"
X-2659,LOC100505967,100505967.0,Del0.8,0.28
X-2659,LRRCC1,85444.0,MutNovel,"K887Q,0.448"
X-2659,LSR,51599.0,MutNovel,"G518GR,0.719"
X-2659,MAP3K15,389840.0,Del0.8,0.2
X-2659,MAPKBP1,23005.0,MutNovel,"V805I,0.667"
X-2659,MCM4,4173.0,Del0.8,0.75
X-2659,MCRS1,10445.0,MutNovel,"PAP124P,0.314"
X-2659,MED12,9968.0,MutNovel,"R82H,1.000"
X-2659,MIR3675,100500876.0,Del0.8,0.68
X-2659,MRE11A,4361.0,MutNovel,"K475I,0.387"
X-2659,MRI1,84245.0,MutNovel,"R210W,0.429"
X-2659,MSH6,2956.0,MutNovel,"F596L,0.636"
X-2659,MST1P9,11223.0,Del0.8,0.54
X-2659,MST4,51765.0,MutNovel,"A360E,1.000"
X-2659,MTHFD1L,25902.0,MutNovel,"R264C,1.000"
X-2659,MTRR,4552.0,MutNovel,"A457T,0.459"
X-2659,MUC12,10071.0,MutNovel,"R1165P,1.000"
X-2659,MUC12,10071.0,MutNovel,"L4568F,1.000"
X-2659,MUC20,200958.0,MutNovel,"P231L,0.567"
X-2659,MUC20,200958.0,MutNovel,"P266S,0.818"
X-2659,MUC5B,727897.0,MutKnownFunctional,"G1537*,0.500"
X-2659,MYO1E,4643.0,MutNovel,"R700Q,0.554"
X-2659,MYO7A,4647.0,MutKnownFunctional,"-1172,0.833"
X-2659,MYO9B,4650.0,MutNovel,"A1786P,0.714"
X-2659,NAT1,9.0,MutKnownFunctional,"-161?,0.385"
X-2659,NBPF12,,MutNovel,"E622K,1.000"
X-2659,NBPF9,400818.0,MutNovel,"H337R,0.438"
X-2659,NCRNA00185,55410.0,Del0.8,0.21
X-2659,NFE2L2,4780.0,MutNovel,"R43Q,0.489"
X-2659,NLGN4Y,22829.0,Del0.8,0.21
X-2659,NOTCH1,4851.0,MutNovel,"G1195W,0.310"
X-2659,NOTCH1,4851.0,MutNovel,"T712P,0.500"
X-2659,NPHP4,261734.0,MutNovel,"G369V,1.000"
X-2659,NPIPL3,23117.0,MutNovel,"P845L,0.778"
X-2659,NQO1,1728.0,MutKnownFunctional,"-119,0.947"
X-2659,NQO1,1728.0,MutNovel,"R119P,1.000"
X-2659,NR1D1,9572.0,MutNovel,"S23P,0.500"
X-2659,NR1H2,7376.0,MutNovel,"-173Q,0.833"
X-2659,NUFIP2,57532.0,MutNovel,"SSS384-,0.214"
X-2659,OR2T10,127069.0,Del0.8,0.5
X-2659,OR2T11,127077.0,Del0.8,0.5
X-2659,OSBPL3,26031.0,MutNovel,"L482I,0.533"
X-2659,P4HA1,5033.0,MutNovel,"H377R,0.545"
X-2659,P4HA1,5033.0,MutNovel,"R294H,0.500"
X-2659,PCDH11Y,83259.0,Del0.8,0.21
X-2659,PCSK6,5046.0,MutNovel,"R341H,0.375"
X-2659,PDE4DIP,9659.0,MutNovel,"P2341L,1.000"
X-2659,PDHA1,5160.0,Del0.8,0.2
X-2659,PET112,5188.0,Del0.8,0.78
X-2659,PGBD4,161779.0,MutNovel,"L105F,0.571"
X-2659,PHACTR2,9749.0,Del0.8,0.47
X-2659,PHC3,80012.0,MutNovel,"R895C,0.250"
X-2659,PHF8,23133.0,MutNovel,"SS968S,0.895"
X-2659,PHKA2,5256.0,Del0.8,0.08
X-2659,PHLDA1,22822.0,MutNovel,"QQ194Q,0.611"
X-2659,PIBF1,10464.0,Amp5,5.5
X-2659,PINX1,54984.0,MutNovel,"G278W,0.215"
X-2659,PIP4K2B,8396.0,MutNovel,"S319F,0.379"
X-2659,PJA2,9867.0,MutNovel,"S432R,0.263"
X-2659,PKN1,5585.0,MutNovel,"R629Q,0.500"
X-2659,PLEC,5339.0,MutNovel,"R3335Q,0.484"
X-2659,PLEKHA7,144100.0,MutNovel,"D265N,0.409"
X-2659,PLEKHG6,55200.0,MutNovel,"MLCDL301M,0.426"
X-2659,PLOD1,5351.0,MutNovel,"C204Y,1.000"
X-2659,PLXNB2,23654.0,MutNovel,"A309S,1.000"
X-2659,POMZP3,22932.0,MutNovel,"KK56K,0.353"
X-2659,POU5F1,5460.0,MutNovel,"V227M,0.308"
X-2659,PPEF1,5475.0,Del0.8,0.2
X-2659,PRKY,5616.0,Del0.8,0.21
X-2659,PRY,9081.0,Del0.8,0.21
X-2659,PRY,9081.0,Del0.8,0.21
X-2659,PRY2,442862.0,Del0.8,0.21
X-2659,PRY2,442862.0,Del0.8,0.21
X-2659,PSMC4,5704.0,MutNovel,"S233L,0.439"
X-2659,PVRL1,5818.0,MutNovel,"E95K,0.529"
X-2659,RBFOX1,54715.0,Del0.8,0.74
X-2659,RBMY1A3P,286557.0,Del0.8,0.21
X-2659,RBMY1B,378948.0,Del0.8,0.21
X-2659,RBMY1B,378948.0,Del0.8,0.21
X-2659,RBMY1E,378950.0,Del0.8,0.21
X-2659,RBMY1E,378950.0,Del0.8,0.21
X-2659,RBMY1F,159163.0,Del0.8,0.21
X-2659,RBMY1F,159163.0,Del0.8,0.21
X-2659,RBMY1J,378951.0,Del0.8,0.21
X-2659,RBMY1J,378951.0,Del0.8,0.21
X-2659,RBMY2EP,159125.0,Del0.8,0.21
X-2659,RBMY2FP,159162.0,Del0.8,0.21
X-2659,RBMY3AP,64593.0,Del0.8,0.21
X-2659,RECQL4,9401.0,MutNovel,"S92L,0.364"
X-2659,RHD,6007.0,Del0.8,0.32
X-2659,RHOD,29984.0,MutNovel,"T47I,0.765"
X-2659,RPS4Y1,6192.0,Del0.8,0.21
X-2659,RPS4Y2,140032.0,Del0.8,0.21
X-2659,RPS6KC1,26750.0,MutNovel,"A894G,0.333"
X-2659,RS1,6247.0,Del0.8,0.2
X-2659,SEC23IP,11196.0,MutNovel,"A251D,0.545"
X-2659,SERINC2,347735.0,MutNovel,"-373Q,0.620"
X-2659,SERPINB3,6317.0,Del0.8,0.45
X-2659,SH3KBP1,30011.0,Del0.8,0.66
X-2659,SIM2,6493.0,MutNovel,"A565S,0.500"
X-2659,SLC25A32,81034.0,MutNovel,"R251C,0.722"
X-2659,SLC25A37,51312.0,Del0.8,0.71
X-2659,SMAP1,60682.0,MutNovel,"A94G,0.500"
X-2659,SMCHD1,23347.0,MutNovel,"E136K,1.000"
X-2659,SMG5,23381.0,MutNovel,"C174S,0.542"
X-2659,SPAG11A,653423.0,Del0.8,0.47
X-2659,SPAG11B,10407.0,Del0.8,0.47
X-2659,SPAG11B,10407.0,Del0.8,0.35
X-2659,SRA1,10011.0,MutNovel,"V110L,0.987"
X-2659,SRCAP,10847.0,MutNovel,"P2502S,0.474"
X-2659,SRPK1,6732.0,MutNovel,"A475T,0.508"
X-2659,SRY,6736.0,Del0.8,0.21
X-2659,SVIL,6840.0,MutNovel,"L166P,0.444"
X-2659,TBL1Y,90665.0,Del0.8,0.21
X-2659,TGIF2LY,90655.0,Del0.8,0.21
X-2659,TM9SF2,9375.0,MutNovel,"R91H,0.354"
X-2659,TMSB4Y,9087.0,Del0.8,0.21
X-2659,TMTC4,84899.0,MutNovel,"H6R,0.368"
X-2659,TP53,7157.0,MutKnownFunctional,"R273H,1.000"
X-2659,TSPY1,7258.0,Del0.8,0.21
X-2659,TSPY2,64591.0,Del0.8,0.21
X-2659,TSPY3,728137.0,Del0.8,0.21
X-2659,TSPY4,728395.0,Del0.8,0.21
X-2659,TSPY8,728403.0,Del0.8,0.21
X-2659,TSPYL1,7259.0,MutNovel,"V176VW,0.857"
X-2659,TTTY10,246119.0,Del0.8,0.21
X-2659,TTTY11,83866.0,Del0.8,0.21
X-2659,TTTY12,83867.0,Del0.8,0.21
X-2659,TTTY13,83868.0,Del0.8,0.21
X-2659,TTTY14,83869.0,Del0.8,0.21
X-2659,TTTY15,64595.0,Del0.8,0.21
X-2659,TTTY16,252948.0,Del0.8,0.21
X-2659,TTTY17A,252949.0,Del0.8,0.21
X-2659,TTTY17A,252949.0,Del0.8,0.21
X-2659,TTTY18,252950.0,Del0.8,0.21
X-2659,TTTY19,252952.0,Del0.8,0.21
X-2659,TTTY1B,100101116.0,Del0.8,0.21
X-2659,TTTY1B,100101116.0,Del0.8,0.21
X-2659,TTTY2,60439.0,Del0.8,0.21
X-2659,TTTY2,60439.0,Del0.8,0.21
X-2659,TTTY20,252951.0,Del0.8,0.21
X-2659,TTTY21,252953.0,Del0.8,0.21
X-2659,TTTY21,252953.0,Del0.8,0.21
X-2659,TTTY22,252954.0,Del0.8,0.21
X-2659,TTTY23,252955.0,Del0.8,0.21
X-2659,TTTY23,252955.0,Del0.8,0.21
X-2659,TTTY3,114760.0,Del0.8,0.21
X-2659,TTTY3,114760.0,Del0.8,0.21
X-2659,TTTY4,114761.0,Del0.8,0.21
X-2659,TTTY4,114761.0,Del0.8,0.21
X-2659,TTTY5,83863.0,Del0.8,0.21
X-2659,TTTY6,84672.0,Del0.8,0.21
X-2659,TTTY6,84672.0,Del0.8,0.21
X-2659,TTTY7,246122.0,Del0.8,0.21
X-2659,TTTY7,246122.0,Del0.8,0.21
X-2659,TTTY7B,100101120.0,Del0.8,0.21
X-2659,TTTY7B,100101120.0,Del0.8,0.21
X-2659,TTTY8,84673.0,Del0.8,0.21
X-2659,TTTY8,84673.0,Del0.8,0.21
X-2659,TTTY9A,83864.0,Del0.8,0.21
X-2659,TTTY9A,83864.0,Del0.8,0.21
X-2659,TULP3,7289.0,MutKnownFunctional,"G471*,0.487"
X-2659,TXLNG2P,246126.0,Del0.8,0.21
X-2659,TYW1B,441250.0,MutNovel,"N182D,0.667"
X-2659,UBR5,51366.0,MutKnownFunctional,"-2120?,0.276"
X-2659,UMPS,7372.0,MutNovel,"A2V,0.667"
X-2659,USP9Y,8287.0,Del0.8,0.21
X-2659,UTY,7404.0,Del0.8,0.21
X-2659,VCY,9084.0,Del0.8,0.21
X-2659,VCY,9084.0,Del0.8,0.21
X-2659,XKRY2,353515.0,Del0.8,0.21
X-2659,XKRY2,353515.0,Del0.8,0.21
X-2659,ZFY,7544.0,Del0.8,0.21
X-2659,ZNF146,7705.0,MutNovel,"E188K,0.551"
X-2659,ZNF213,7760.0,MutNovel,"T218I,0.667"
X-2659,ZNF221,7638.0,MutNovel,"Y478H,1.000"
X-2659,ZNF354A,6940.0,MutNovel,"-354P,0.263"
X-2659,ZNF517,340385.0,MutNovel,"A74V,0.636"
X-2659,ZNF705G,100131980.0,Del0.8,0.57
X-2659,ZNF814,730051.0,MutNovel,"Y828H,0.333"
X-2659,ZSCAN29,146050.0,MutNovel,"R726I,0.400"
X-2697,AATK,9625.0,MutNovel,"P1331PRP,0.329"
X-2697,ABP1,26.0,MutNovel,"E493K,0.490"
X-2697,ACOT1,641371.0,Del0.8,0.57
X-2697,ADCY3,109.0,MutNovel,"G733E,0.512"
X-2697,AIM1L,55057.0,MutNovel,"R790C,0.565"
X-2697,AKAP9,10142.0,MutNovel,"Y2519H,0.625"
X-2697,AMELY,266.0,Del0.8,0.29
X-2697,AP1G2,8906.0,MutNovel,"S233Y,0.497"
X-2697,AP4B1,10717.0,MutNovel,"R649W,1.000"
X-2697,ARHGEF35,445328.0,MutNovel,"E25K,0.400"
X-2697,ASH2L,9070.0,MutNovel,"D495V,0.614"
X-2697,BCAM,4059.0,MutNovel,"S598W,0.500"
X-2697,BCORP1,286554.0,Del0.8,0.29
X-2697,BPY2B,442867.0,Del0.8,0.29
X-2697,BPY2B,442867.0,Del0.8,0.29
X-2697,BROX,148362.0,MutNovel,"T337K,0.699"
X-2697,C14orf149,112849.0,MutNovel,"D174G,0.644"
X-2697,C2CD4A,145741.0,MutNovel,"R225G,0.300"
X-2697,C2orf76,130355.0,MutNovel,"N58S,0.489"
X-2697,C9orf85,138241.0,MutNovel,"S30G,0.480"
X-2697,CABLES1,91768.0,MutNovel,"LE208L,0.538"
X-2697,CAMK1,8536.0,MutNovel,"R23G,1.000"
X-2697,CDC42EP1,11135.0,MutNovel,"PAPAANPS253P,0.879"
X-2697,CDRT1,374286.0,MutNovel,"N378K,1.000"
X-2697,CDY1B,253175.0,Del0.8,0.29
X-2697,CDY1B,253175.0,Del0.8,0.29
X-2697,CDY2A,9426.0,Del0.8,0.29
X-2697,CDY2A,9426.0,Del0.8,0.29
X-2697,CDY2B,203611.0,Del0.8,0.29
X-2697,CDY2B,203611.0,Del0.8,0.29
X-2697,CEACAM7,1087.0,MutNovel,"L187P,0.800"
X-2697,CEACAM7,1087.0,MutNovel,"NT174KA,0.667"
X-2697,CEACAM8,1088.0,MutNovel,"N155K,1.000"
X-2697,COASY,80347.0,MutNovel,"P586L,0.519"
X-2697,CRAMP1L,57585.0,MutNovel,"A68V,0.417"
X-2697,CREB3,10488.0,MutNovel,"E278K,0.262"
X-2697,CRIPAK,285464.0,MutNovel,"P173H,0.800"
X-2697,CRIPAK,285464.0,MutNovel,"R294H,0.250"
X-2697,CSPG4P1Y,114758.0,Del0.8,0.29
X-2697,CSPG4P1Y,114758.0,Del0.8,0.29
X-2697,CYP4F12,66002.0,MutNovel,"C468G,0.606"
X-2697,DACH1,1602.0,MutNovel,"GG82-,0.654"
X-2697,DAZ1,1617.0,Del0.8,0.29
X-2697,DAZ2,57055.0,Del0.8,0.29
X-2697,DAZ3,57054.0,Del0.8,0.29
X-2697,DAZ3,57054.0,Del0.8,0.29
X-2697,DAZ4,57135.0,Del0.8,0.29
X-2697,DAZ4,57135.0,Del0.8,0.29
X-2697,DCP1A,55802.0,MutNovel,"P332L,1.000"
X-2697,DDX3Y,8653.0,Del0.8,0.29
X-2697,DET1,55070.0,MutNovel,"R329C,0.348"
X-2697,DGKQ,1609.0,MutNovel,"P27L,0.750"
X-2697,DNAH14,127602.0,MutNovel,"L3600S,1.000"
X-2697,EIF1AY,9086.0,Del0.8,0.29
X-2697,ESCO1,114799.0,MutNovel,"-130L,0.487"
X-2697,FAM167B,84734.0,MutNovel,"K33M,0.571"
X-2697,FAM184A,79632.0,MutNovel,"M622T,0.667"
X-2697,FAM197Y2P,252946.0,Del0.8,0.29
X-2697,FAM41AY1,340618.0,Del0.8,0.29
X-2697,FAM41AY1,340618.0,Del0.8,0.29
X-2697,FAM59A,64762.0,MutNovel,"C137F,0.621"
X-2697,FAM65A,79567.0,MutNovel,"V1123I,0.368"
X-2697,FBXO45,200933.0,MutKnownFunctional,"R231*,0.518"
X-2697,FLNA,2316.0,MutNovel,"R1032C,1.000"
X-2697,FOXM1,2305.0,MutNovel,"L569F,0.518"
X-2697,FRAT2,23401.0,MutNovel,"V69A,0.362"
X-2697,FRMPD1,22844.0,MutNovel,"E1171K,0.333"
X-2697,FUT5,2527.0,MutNovel,"A118T,1.000"
X-2697,GIGYF2,26058.0,MutNovel,"PQ1231P,0.818"
X-2697,GNPTAB,79158.0,MutNovel,"D1107Y,0.253"
X-2697,GOLGA2P2Y,84559.0,Del0.8,0.29
X-2697,GOLGA2P2Y,84559.0,Del0.8,0.29
X-2697,GRB10,2887.0,MutNovel,"K563N,0.227"
X-2697,GTF2H2,2966.0,MutNovel,"I151M,1.000"
X-2697,GTF2H2,2966.0,MutNovel,"K133E,1.000"
X-2697,GYG2P1,352887.0,Del0.8,0.29
X-2697,HECTD2,143279.0,MutNovel,"R470C,0.667"
X-2697,HLA-B,3106.0,MutKnownFunctional,"Y140*,0.459"
X-2697,HLA-G,3135.0,MutNovel,"S33C,1.000"
X-2697,HSFY2,159119.0,Del0.8,0.29
X-2697,HSFY2,159119.0,Del0.8,0.29
X-2697,IARS2,55699.0,MutNovel,"Q52R,0.342"
X-2697,IRF2,3660.0,Del0.8,0.35
X-2697,KDM5D,8284.0,Del0.8,0.29
X-2697,KIAA1107,23285.0,MutKnownFunctional,"-528?,0.250"
X-2697,KRAS,3845.0,MutKnownFunctional,"G13D,0.393"
X-2697,KRT13,3860.0,MutNovel,"M239L,0.571"
X-2697,LCE3C,353144.0,Del0.8,0.62
X-2697,LIPE,3991.0,MutNovel,"P915R,0.216"
X-2697,LOC100507369,,MutNovel,"P132S,1.000"
X-2697,LOC100996325,,MutNovel,"R16K,0.889"
X-2697,LOC643699,,MutNovel,"R457W,0.667"
X-2697,LOC728175,728175.0,Del0.8,0.24
X-2697,LRFN4,78999.0,MutNovel,"G382A,0.539"
X-2697,LRP5,4041.0,MutNovel,"M1369T,0.505"
X-2697,LSR,51599.0,MutNovel,"G518GR,0.859"
X-2697,MAGI1,9223.0,MutNovel,"Q421HR,0.545"
X-2697,MPRIP,23164.0,MutNovel,"TS178T,0.538"
X-2697,MRPL45,84311.0,MutNovel,"T81R,0.488"
X-2697,MST1,4485.0,MutNovel,"QR406-,0.250"
X-2697,MUC12,10071.0,MutNovel,"V3487I,0.750"
X-2697,MUC17,140453.0,MutNovel,"P3159L,0.557"
X-2697,MYADML2,255275.0,MutNovel,"Q277K,0.286"
X-2697,NBAS,51594.0,MutNovel,"V412L,0.548"
X-2697,NBPF12,,MutNovel,"S2989L,0.710"
X-2697,NCL,4691.0,MutNovel,"EDD259D,0.205"
X-2697,NCOA3,8202.0,MutNovel,"Q1255-,0.517"
X-2697,NCOR2,9612.0,MutNovel,"G1839GAAA,0.270"
X-2697,NCOR2,9612.0,MutNovel,"R1802Q,0.522"
X-2697,NCRNA00185,55410.0,Del0.8,0.29
X-2697,NEB,4703.0,MutNovel,"R5546H,0.385"
X-2697,NEIL1,79661.0,MutKnownFunctional,"-331,0.495"
X-2697,NLGN4Y,22829.0,Del0.8,0.29
X-2697,NPC1L1,29881.0,MutNovel,"R659Q,0.460"
X-2697,OBP2A,29991.0,MutNovel,"F90Y,1.000"
X-2697,ORAI1,84876.0,MutNovel,"PP43-,0.886"
X-2697,ORAOV1,220064.0,MutNovel,"T72A,0.566"
X-2697,PAQR8,85315.0,MutNovel,"V215L,0.513"
X-2697,PCDH11Y,83259.0,Del0.8,0.29
X-2697,PCDHB15,56121.0,MutNovel,"G74V,0.941"
X-2697,PCDHGA11,56105.0,MutKnownFunctional,"R527*,0.261"
X-2697,PCF11,51585.0,MutKnownFunctional,"-409,0.392"
X-2697,PCSK9,255738.0,MutNovel,"-15L,0.319"
X-2697,PDE12,201626.0,MutNovel,"F391I,0.511"
X-2697,PHLDA1,22822.0,MutNovel,"QQ194Q,0.514"
X-2697,PI4KB,5298.0,MutNovel,"V11L,0.435"
X-2697,PIK3CA,5290.0,MutKnownFunctional,"E545K,0.451"
X-2697,PLEKHA8,84725.0,MutKnownFunctional,"-130?,0.217"
X-2697,PNMT,5409.0,MutNovel,"P18T,0.667"
X-2697,PPFIA1,8500.0,MutNovel,"Q489R,0.481"
X-2697,PPFIBP2,8495.0,MutNovel,"M522I,0.557"
X-2697,PPP1R26,9858.0,MutKnownFunctional,"-155,0.426"
X-2697,PPP1R35,221908.0,MutNovel,"P31L,0.264"
X-2697,PRKCH,5583.0,MutNovel,"A299V,0.348"
X-2697,PRKY,5616.0,Del0.8,0.29
X-2697,PRX,57716.0,MutNovel,"K1325N,0.667"
X-2697,PRY,9081.0,Del0.8,0.29
X-2697,PRY,9081.0,Del0.8,0.29
X-2697,PRY2,442862.0,Del0.8,0.29
X-2697,PRY2,442862.0,Del0.8,0.29
X-2697,PTDSS1,9791.0,MutNovel,"A315G,0.311"
X-2697,PWWP2B,170394.0,MutNovel,"T151M,0.690"
X-2697,QARS,5859.0,MutNovel,"P85L,0.542"
X-2697,RBMY1A3P,286557.0,Del0.8,0.29
X-2697,RBMY1B,378948.0,Del0.8,0.29
X-2697,RBMY1B,378948.0,Del0.8,0.29
X-2697,RBMY1E,378950.0,Del0.8,0.29
X-2697,RBMY1E,378950.0,Del0.8,0.29
X-2697,RBMY1F,159163.0,Del0.8,0.29
X-2697,RBMY1F,159163.0,Del0.8,0.29
X-2697,RBMY1J,378951.0,Del0.8,0.29
X-2697,RBMY1J,378951.0,Del0.8,0.29
X-2697,RBMY2EP,159125.0,Del0.8,0.29
X-2697,RBMY2FP,159162.0,Del0.8,0.29
X-2697,RBMY3AP,64593.0,Del0.8,0.29
X-2697,RHBDF1,64285.0,MutNovel,"A664T,0.682"
X-2697,RIN3,79890.0,MutNovel,"G967-,0.515"
X-2697,RNF182,221687.0,MutNovel,"Q137H,0.504"
X-2697,RPS4Y1,6192.0,Del0.8,0.29
X-2697,RPS4Y2,140032.0,Del0.8,0.29
X-2697,RPS6KA3,6197.0,MutNovel,"K658R,1.000"
X-2697,RSBN1L,222194.0,MutNovel,"L790F,0.514"
X-2697,SAMD1,90378.0,MutNovel,"L181Q,0.508"
X-2697,SCAP,22937.0,MutNovel,"D307N,1.000"
X-2697,SERINC2,347735.0,MutNovel,"-373Q,0.687"
X-2697,SETD1A,9739.0,MutNovel,"S1171Y,0.222"
X-2697,SLC13A2,9058.0,MutKnownFunctional,"-399?,0.478"
X-2697,SLC25A20,788.0,MutKnownFunctional,"R275*,1.000"
X-2697,SLC2A3,6515.0,MutNovel,"E482G,1.000"
X-2697,SLC37A4,2542.0,MutKnownFunctional,"R377*,0.476"
X-2697,SLC38A6,145389.0,MutNovel,"A484V,0.556"
X-2697,SMAD4,4089.0,MutNovel,"R497H,1.000"
X-2697,SNAPC4,6621.0,MutNovel,"S542-,0.227"
X-2697,SNX16,64089.0,MutNovel,"L275F,0.234"
X-2697,SOCS5,9655.0,MutNovel,"K73N,0.554"
X-2697,SOWAHA,134548.0,MutNovel,"-4AAA,0.538"
X-2697,SPEN,23013.0,MutNovel,"T94L,0.523"
X-2697,SRCAP,10847.0,MutKnownFunctional,"-1641,0.634"
X-2697,SRPR,6734.0,MutKnownFunctional,"Q19*,0.301"
X-2697,SRY,6736.0,Del0.8,0.29
X-2697,STK24,8428.0,MutNovel,"A414V,0.258"
X-2697,TACC2,10579.0,MutNovel,"T757M,1.000"
X-2697,TBC1D30,23329.0,MutNovel,"P583L,0.394"
X-2697,TBL1Y,90665.0,Del0.8,0.29
X-2697,TCERG1,10915.0,MutNovel,"QAQA210-,0.658"
X-2697,TCF7L2,6934.0,MutKnownFunctional,"S46*,0.430"
X-2697,TCP10L2,401285.0,MutNovel,"E277D,1.000"
X-2697,TGIF2LY,90655.0,Del0.8,0.29
X-2697,TMEM184A,202915.0,MutNovel,"G392GA,0.479"
X-2697,TMSB4Y,9087.0,Del0.8,0.29
X-2697,TNRC18,84629.0,MutNovel,"A300V,0.667"
X-2697,TNS3,64759.0,MutNovel,"G1112R,0.469"
X-2697,TOR1B,27348.0,MutNovel,"R295H,0.492"
X-2697,TP53,7157.0,MutKnownFunctional,"R196*,0.944"
X-2697,TPRN,286262.0,MutNovel,"Y126C,0.280"
X-2697,TPTE,7179.0,Del0.8,0.63
X-2697,TRMT44,,MutNovel,"M300L,0.552"
X-2697,TSPY1,7258.0,Del0.8,0.29
X-2697,TSPY2,64591.0,Del0.8,0.29
X-2697,TSPY3,728137.0,Del0.8,0.29
X-2697,TSPY4,728395.0,Del0.8,0.29
X-2697,TSPY8,728403.0,Del0.8,0.29
X-2697,TSSC4,10078.0,MutNovel,"R131W,0.299"
X-2697,TTTY10,246119.0,Del0.8,0.29
X-2697,TTTY11,83866.0,Del0.8,0.29
X-2697,TTTY12,83867.0,Del0.8,0.29
X-2697,TTTY13,83868.0,Del0.8,0.29
X-2697,TTTY14,83869.0,Del0.8,0.29
X-2697,TTTY15,64595.0,Del0.8,0.29
X-2697,TTTY16,252948.0,Del0.8,0.29
X-2697,TTTY17A,252949.0,Del0.8,0.29
X-2697,TTTY17A,252949.0,Del0.8,0.29
X-2697,TTTY18,252950.0,Del0.8,0.29
X-2697,TTTY19,252952.0,Del0.8,0.29
X-2697,TTTY1B,100101116.0,Del0.8,0.29
X-2697,TTTY1B,100101116.0,Del0.8,0.29
X-2697,TTTY2,60439.0,Del0.8,0.29
X-2697,TTTY2,60439.0,Del0.8,0.29
X-2697,TTTY20,252951.0,Del0.8,0.29
X-2697,TTTY21,252953.0,Del0.8,0.29
X-2697,TTTY21,252953.0,Del0.8,0.29
X-2697,TTTY22,252954.0,Del0.8,0.29
X-2697,TTTY23,252955.0,Del0.8,0.29
X-2697,TTTY23,252955.0,Del0.8,0.29
X-2697,TTTY3,114760.0,Del0.8,0.29
X-2697,TTTY3,114760.0,Del0.8,0.29
X-2697,TTTY4,114761.0,Del0.8,0.29
X-2697,TTTY4,114761.0,Del0.8,0.29
X-2697,TTTY5,83863.0,Del0.8,0.29
X-2697,TTTY6,84672.0,Del0.8,0.29
X-2697,TTTY6,84672.0,Del0.8,0.29
X-2697,TTTY7,246122.0,Del0.8,0.29
X-2697,TTTY7,246122.0,Del0.8,0.29
X-2697,TTTY7B,100101120.0,Del0.8,0.29
X-2697,TTTY7B,100101120.0,Del0.8,0.29
X-2697,TTTY8,84673.0,Del0.8,0.29
X-2697,TTTY8,84673.0,Del0.8,0.29
X-2697,TTTY9A,83864.0,Del0.8,0.29
X-2697,TTTY9A,83864.0,Del0.8,0.29
X-2697,TULP4,56995.0,MutNovel,"M998I,0.600"
X-2697,TXLNG2P,246126.0,Del0.8,0.29
X-2697,UBE2J2,118424.0,MutNovel,"W50C,0.400"
X-2697,UHRF1,29128.0,MutNovel,"P182S,0.552"
X-2697,USP36,57602.0,MutNovel,"KKK958K,0.357"
X-2697,USP9Y,8287.0,Del0.8,0.29
X-2697,UTY,7404.0,Del0.8,0.29
X-2697,VCY,9084.0,Del0.8,0.29
X-2697,VCY,9084.0,Del0.8,0.29
X-2697,WBSCR16,81554.0,MutNovel,"R15W,0.318"
X-2697,WNK2,65268.0,MutNovel,"P567L,0.598"
X-2697,XKRY2,353515.0,Del0.8,0.29
X-2697,XKRY2,353515.0,Del0.8,0.29
X-2697,YAP1,10413.0,MutNovel,"K102Q,0.471"
X-2697,ZDHHC11,79844.0,MutNovel,"A303D,0.429"
X-2697,ZFP106,64397.0,MutNovel,"K1065E,0.615"
X-2697,ZFY,7544.0,Del0.8,0.29
X-2697,ZNF219,51222.0,MutNovel,"QPP233P,0.284"
X-2697,ZNF225,7768.0,MutNovel,"E431K,0.235"
X-2697,ZNF418,147686.0,MutNovel,"H297Q,1.000"
X-2697,ZNF717,100131827.0,MutNovel,"T697S,1.000"
X-2697,ZNF728,,MutNovel,"A82P,1.000"
X-2697,ZNF728,,MutNovel,"S79P,1.000"
X-2697,ZNF728,,MutNovel,"V76G,1.000"
X-2742,ABCG2,9429.0,MutNovel,"T512N,1.000"
X-2742,ABHD16B,140701.0,Amp8,9.99
X-2742,ACSS2,55902.0,Amp8,8.34
X-2742,ADA,100.0,Amp8,8.34
X-2742,AHCY,191.0,Amp8,8.34
X-2742,AMELY,266.0,Del0.8,0.66
X-2742,ANKRD5,63926.0,Amp8,10.56
X-2742,ARFRP1,10139.0,Amp8,9.99
X-2742,ARV1,64801.0,MutKnownFunctional,"-170?,0.276"
X-2742,ASIP,434.0,Amp8,8.34
X-2742,ATP13A1,57130.0,MutNovel,"I364V,0.573"
X-2742,B3GALTL,145173.0,MutNovel,"Q339H,0.333"
X-2742,BBX,56987.0,MutNovel,"R95H,0.667"
X-2742,BCORP1,286554.0,Del0.8,0.69
X-2742,BPY2B,442867.0,Del0.8,0.69
X-2742,BPY2B,442867.0,Del0.8,0.69
X-2742,BTBD3,22903.0,Amp8,17.39
X-2742,C19orf54,284325.0,MutNovel,"L102V,0.636"
X-2742,C1orf131,128061.0,MutNovel,"I197V,0.427"
X-2742,C20orf111,51526.0,Amp8,9.51
X-2742,C20orf152,140894.0,Amp8,8.34
X-2742,C20orf173,140873.0,Amp8,8.34
X-2742,C20orf195,79025.0,Amp8,9.99
X-2742,C20orf94,128710.0,Amp8,17.39
X-2742,CARKD,55739.0,MutNovel,"L355V,0.312"
X-2742,CBWD6,644019.0,MutKnownFunctional,"-259?,0.371"
X-2742,CD40,958.0,Amp8,8.57
X-2742,CDH22,64405.0,Amp8,8.57
X-2742,CDK18,5129.0,MutNovel,"R294P,0.486"
X-2742,CDY1B,253175.0,Del0.8,0.69
X-2742,CDY1B,253175.0,Del0.8,0.69
X-2742,CDY2A,9426.0,Del0.8,0.69
X-2742,CDY2A,9426.0,Del0.8,0.69
X-2742,CDY2B,203611.0,Del0.8,0.69
X-2742,CDY2B,203611.0,Del0.8,0.69
X-2742,CEP250,11190.0,Amp8,8.34
X-2742,CNOT4,4850.0,MutNovel,"A367T,0.400"
X-2742,CPNE1,8904.0,Amp8,8.34
X-2742,CREBBP,1387.0,MutNovel,"Q2208H,0.583"
X-2742,CRIPAK,285464.0,MutNovel,"E298G,0.500"
X-2742,CSPG4P1Y,114758.0,Del0.8,0.69
X-2742,CSPG4P1Y,114758.0,Del0.8,0.69
X-2742,CXorf23,256643.0,MutNovel,"R652W,1.000"
X-2742,DAZ1,1617.0,Del0.8,0.69
X-2742,DAZ2,57055.0,Del0.8,0.69
X-2742,DAZ3,57054.0,Del0.8,0.69
X-2742,DAZ3,57054.0,Del0.8,0.69
X-2742,DAZ4,57135.0,Del0.8,0.69
X-2742,DAZ4,57135.0,Del0.8,0.69
X-2742,DDX3Y,8653.0,Del0.8,0.69
X-2742,DDX55,57696.0,MutNovel,"V83A,1.000"
X-2742,DNAJA3,9093.0,MutNovel,"C55S,0.278"
X-2742,DNAJC5,80331.0,Amp5,5.74
X-2742,DPEP1,1800.0,MutNovel,"V13I,0.997"
X-2742,DYNLRB1,83658.0,Amp8,8.34
X-2742,EDEM2,55741.0,Amp8,8.34
X-2742,EEF1A2,1917.0,Amp8,9.99
X-2742,EIF1AY,9086.0,Del0.8,0.69
X-2742,EIF2S2,8894.0,Amp5,5.5
X-2742,EIF4E3,317649.0,Amp5,5.1
X-2742,EIF6,3692.0,Amp8,8.34
X-2742,ELMO2,63916.0,Amp8,8.57
X-2742,ERGIC3,51614.0,Amp8,8.34
X-2742,ESF1,51575.0,Amp8,19.84
X-2742,FAM111B,374393.0,MutKnownFunctional,"-269?,0.429"
X-2742,FAM197Y2P,252946.0,Del0.8,0.66
X-2742,FAM41AY1,340618.0,Del0.8,0.69
X-2742,FAM41AY1,340618.0,Del0.8,0.69
X-2742,FAM83C,128876.0,Amp8,8.34
X-2742,FBXW4,6468.0,MutNovel,"R326W,0.563"
X-2742,FER1L4,80307.0,Amp8,8.34
X-2742,FITM2,128486.0,Amp8,9.51
X-2742,GCC2,9648.0,MutNovel,"S639I,0.500"
X-2742,GDAP1L1,78997.0,Amp8,9.51
X-2742,GDF5,8200.0,Amp8,8.34
X-2742,GGT7,2686.0,Amp8,8.34
X-2742,GIGYF1,64599.0,MutNovel,"R853C,0.667"
X-2742,GMEB2,26205.0,Amp8,9.99
X-2742,GOLGA2P2Y,84559.0,Del0.8,0.69
X-2742,GOLGA2P2Y,84559.0,Del0.8,0.69
X-2742,GPR27,2850.0,Amp5,5.1
X-2742,GSS,2937.0,Amp8,8.34
X-2742,GSTT1,2952.0,Amp5,5.74
X-2742,GYG2P1,352887.0,Del0.8,0.69
X-2742,HAO1,54363.0,Amp5,7.36
X-2742,HES1,3280.0,MutKnownFunctional,"S38*,0.318"
X-2742,HLA-B,3106.0,MutNovel,"L10I,1.000"
X-2742,HLA-F,3134.0,MutNovel,"Q289E,0.500"
X-2742,HMGB3P1,128872.0,Amp8,8.34
X-2742,HNF4A,3172.0,Amp8,9.51
X-2742,HNF4G,3174.0,MutNovel,"T407I,0.375"
X-2742,HSD3B1,3283.0,MutNovel,"P287T,0.548"
X-2742,HSFY2,159119.0,Del0.8,0.69
X-2742,HSFY2,159119.0,Del0.8,0.69
X-2742,IDE,3416.0,MutNovel,"Y433C,0.469"
X-2742,IQCE,23288.0,MutKnownFunctional,"-297,0.228"
X-2742,ISM1,140862.0,Amp8,19.84
X-2742,ISM2,145501.0,MutNovel,"E405K,0.970"
X-2742,ITCH,83737.0,Amp8,8.34
X-2742,JAG1,182.0,Amp8,17.39
X-2742,JAK2,3717.0,Del0.8,0.67
X-2742,JPH2,57158.0,Amp8,9.51
X-2742,KCNK15,60598.0,Amp8,8.34
X-2742,KCNQ2,3785.0,Amp5,6.02
X-2742,KCNS1,3787.0,Amp8,8.34
X-2742,KDM5D,8284.0,Del0.8,0.69
X-2742,KIAA0284,283638.0,MutNovel,"F1529C,0.778"
X-2742,LAMA5,3911.0,MutNovel,"R1679W,1.000"
X-2742,LAMC2,3918.0,MutNovel,"G1110D,0.667"
X-2742,LAMP5,24141.0,Amp8,15.24
X-2742,LIME1,54923.0,Amp8,9.99
X-2742,LMF1,64788.0,MutNovel,"G284S,0.556"
X-2742,LOC100131208,100131208.0,Amp8,13.55
X-2742,LOC100505536,100505536.0,Amp8,19.84
X-2742,LOC100505783,100505783.0,Amp8,9.51
X-2742,LOC100505815,100505815.0,Amp8,9.99
X-2742,LOC201617,201617.0,Amp5,5.1
X-2742,LOC339593,339593.0,Amp8,17.39
X-2742,LOC391322,391322.0,Amp5,5.74
X-2742,LOC728888,,MutNovel,"R1075Q,0.600"
X-2742,LOC79015,79015.0,Amp8,8.34
X-2742,LSR,51599.0,MutNovel,"G518GR,0.750"
X-2742,MAN1A1,4121.0,MutNovel,"E491K,0.368"
X-2742,MAP1LC3A,84557.0,Amp8,8.34
X-2742,MAPK8IP3,23162.0,MutNovel,"E310K,0.615"
X-2742,MATN4,8785.0,Amp8,8.34
X-2742,MCM10,55388.0,MutNovel,"R254W,0.500"
X-2742,MFSD1,64747.0,MutNovel,"D69N,1.000"
X-2742,MIR3646,100500813.0,Amp8,9.51
X-2742,MIR499A,574501.0,Amp8,8.34
X-2742,MIR499B,100616134.0,Amp8,8.34
X-2742,MIR644A,693229.0,Amp8,8.34
X-2742,MIR941-1,100126329.0,Amp8,9.99
X-2742,MIR941-3,100126352.0,Amp8,9.99
X-2742,MKKS,8195.0,Amp8,17.39
X-2742,MKRN7P,7686.0,Amp8,8.57
X-2742,MMP1,4312.0,MutNovel,"W13C,0.500"
X-2742,MMP24,10893.0,Amp8,8.34
X-2742,MMP9,4318.0,Amp8,8.57
X-2742,MYH7B,57644.0,Amp8,8.34
X-2742,NCOA5,57727.0,Amp8,8.57
X-2742,NCOA6,23054.0,Amp8,8.34
X-2742,NCRNA00185,55410.0,Del0.8,0.69
X-2742,NDRG1,10397.0,MutNovel,"V216L,0.569"
X-2742,NFE2L3,9603.0,MutNovel,"Q689E,0.320"
X-2742,NFS1,9054.0,Amp8,8.34
X-2742,NLGN4Y,22829.0,Del0.8,0.69
X-2742,NOMO3,408050.0,MutNovel,"D490N,0.448"
X-2742,NR1H2,7376.0,MutNovel,"-173Q,0.457"
X-2742,NSUN2,54888.0,MutNovel,"E554A,0.364"
X-2742,NTHL1,4913.0,MutNovel,"S71L,0.327"
X-2742,NUCB1,4924.0,MutNovel,"H172R,0.451"
X-2742,NUP98,4928.0,MutNovel,"P909R,0.466"
X-2742,ORC1,4998.0,MutNovel,"P288A,1.000"
X-2742,PABPC1L,80336.0,Amp8,8.34
X-2742,PAK7,57144.0,Amp8,10.56
X-2742,PCDH11Y,83259.0,Del0.8,0.66
X-2742,PCNXL3,399909.0,MutNovel,"G1940A,0.615"
X-2742,PHF20,51230.0,Amp8,8.34
X-2742,PI3,5266.0,Amp8,8.34
X-2742,PIGU,128869.0,Amp8,8.34
X-2742,PIWIL1,9271.0,MutNovel,"R51Q,1.000"
X-2742,PKIG,11142.0,Amp8,12.73
X-2742,PLCB1,23236.0,Amp8,14.12
X-2742,PLCB4,5332.0,Amp8,15.24
X-2742,POTEE,445582.0,MutNovel,"T995A,1.000"
X-2742,PPDPF,79144.0,Amp8,9.99
X-2742,PRIC285,85441.0,Amp8,9.99
X-2742,PRKY,5616.0,Del0.8,0.66
X-2742,PROCR,10544.0,Amp8,8.34
X-2742,PROK2,60675.0,Amp5,5.1
X-2742,PRX,57716.0,MutNovel,"R1080H,1.000"
X-2742,PRY,9081.0,Del0.8,0.69
X-2742,PRY,9081.0,Del0.8,0.69
X-2742,PRY2,442862.0,Del0.8,0.69
X-2742,PRY2,442862.0,Del0.8,0.69
X-2742,PTK6,5753.0,Amp8,9.99
X-2742,QRICH2,84074.0,MutNovel,"A640I,1.000"
X-2742,R3HDML,140902.0,Amp8,9.51
X-2742,RBM12,10137.0,Amp8,8.34
X-2742,RBM39,9584.0,Amp8,8.34
X-2742,RBMY1A3P,286557.0,Del0.8,0.66
X-2742,RBMY1B,378948.0,Del0.8,0.69
X-2742,RBMY1B,378948.0,Del0.8,0.69
X-2742,RBMY1E,378950.0,Del0.8,0.69
X-2742,RBMY1E,378950.0,Del0.8,0.69
X-2742,RBMY1F,159163.0,Del0.8,0.69
X-2742,RBMY1F,159163.0,Del0.8,0.69
X-2742,RBMY1J,378951.0,Del0.8,0.69
X-2742,RBMY1J,378951.0,Del0.8,0.69
X-2742,RBMY2EP,159125.0,Del0.8,0.69
X-2742,RBMY2FP,159162.0,Del0.8,0.69
X-2742,RBMY3AP,64593.0,Del0.8,0.69
X-2742,RBPJL,11317.0,Amp8,8.34
X-2742,RIMS4,140730.0,Amp8,8.34
X-2742,ROMO1,140823.0,Amp8,8.34
X-2742,RPS24,6229.0,MutNovel,"MR131NR,1.000"
X-2742,RPS4Y1,6192.0,Del0.8,0.66
X-2742,RPS4Y2,140032.0,Del0.8,0.69
X-2742,RSRC1,51319.0,MutNovel,"S26L,0.786"
X-2742,RTEL1,51750.0,Amp8,9.99
X-2742,RTEL1-TNFRSF6B,100533107.0,Amp8,9.99
X-2742,RYBP,23429.0,Amp5,5.1
X-2742,SCAND1,51282.0,Amp8,8.34
X-2742,SCAP,22937.0,MutNovel,"D1180G,0.629"
X-2742,SDC4,6385.0,Amp8,8.34
X-2742,SEMG1,6406.0,Amp8,8.34
X-2742,SEMG2,6407.0,Amp8,8.34
X-2742,SERINC2,347735.0,MutNovel,"-373Q,0.545"
X-2742,SERINC3,10955.0,Amp8,13.64
X-2742,SETD2,29072.0,MutNovel,"E1582Q,0.375"
X-2742,SLC12A5,57468.0,Amp8,8.57
X-2742,SLC13A3,64849.0,Amp8,8.57
X-2742,SLC25A15,10166.0,MutNovel,"K234I,0.387"
X-2742,SLC25A20,788.0,MutNovel,"EG260G,0.222"
X-2742,SLC2A10,81031.0,Amp8,8.57
X-2742,SLC2A4RG,56731.0,Amp8,9.99
X-2742,SLC35C2,51006.0,Amp8,8.57
X-2742,SLC35F1,222553.0,MutNovel,"G288C,0.667"
X-2742,SLPI,6590.0,Amp8,8.34
X-2742,SNAP25,6616.0,Amp8,17.39
X-2742,SNAPC2,6618.0,MutNovel,"PS189P,0.417"
X-2742,SPAG4,6676.0,Amp8,8.34
X-2742,SPSB2,84727.0,MutKnownFunctional,"-207,0.333"
X-2742,SPTLC3,55304.0,Amp8,19.84
X-2742,SRMS,6725.0,Amp8,9.99
X-2742,SRY,6736.0,Del0.8,0.66
X-2742,STK4,6789.0,Amp8,8.34
X-2742,STMN3,50861.0,Amp8,9.99
X-2742,SYS1,90196.0,Amp8,8.34
X-2742,TASP1,55617.0,Amp8,19.84
X-2742,TBL1Y,90665.0,Del0.8,0.66
X-2742,TGIF2LY,90655.0,Del0.8,0.66
X-2742,THAP4,51078.0,MutNovel,"V307I,0.500"
X-2742,TMSB4Y,9087.0,Del0.8,0.69
X-2742,TMX4,56255.0,Amp8,22.16
X-2742,TNFRSF6B,8771.0,Amp8,9.99
X-2742,TOMM34,10953.0,Amp8,8.34
X-2742,TOX2,84969.0,Amp8,9.51
X-2742,TP53,7157.0,MutKnownFunctional,"-44,1.000"
X-2742,TP53INP2,58476.0,Amp8,8.34
X-2742,TP53RK,112858.0,Amp8,8.57
X-2742,TP53TG5,27296.0,Amp8,8.34
X-2742,TPD52L2,7165.0,Amp8,9.99
X-2742,TRIM31,11074.0,MutNovel,"E258G,0.273"
X-2742,TRPC4AP,26133.0,Amp8,8.34
X-2742,TSEN15,116461.0,MutNovel,"R127Q,0.385"
X-2742,TSPY1,7258.0,Del0.8,0.66
X-2742,TSPY2,64591.0,Del0.8,0.66
X-2742,TSPY3,728137.0,Del0.8,0.66
X-2742,TSPY4,728395.0,Del0.8,0.66
X-2742,TSPY8,728403.0,Del0.8,0.66
X-2742,TSPYL1,7259.0,MutNovel,"V176VW,0.625"
X-2742,TTPAL,79183.0,Amp8,9.51
X-2742,TTTY10,246119.0,Del0.8,0.69
X-2742,TTTY11,83866.0,Del0.8,0.66
X-2742,TTTY12,83867.0,Del0.8,0.66
X-2742,TTTY13,83868.0,Del0.8,0.69
X-2742,TTTY14,83869.0,Del0.8,0.69
X-2742,TTTY15,64595.0,Del0.8,0.69
X-2742,TTTY16,252948.0,Del0.8,0.66
X-2742,TTTY17A,252949.0,Del0.8,0.69
X-2742,TTTY17A,252949.0,Del0.8,0.69
X-2742,TTTY18,252950.0,Del0.8,0.66
X-2742,TTTY19,252952.0,Del0.8,0.66
X-2742,TTTY1B,100101116.0,Del0.8,0.66
X-2742,TTTY1B,100101116.0,Del0.8,0.69
X-2742,TTTY2,60439.0,Del0.8,0.66
X-2742,TTTY2,60439.0,Del0.8,0.69
X-2742,TTTY20,252951.0,Del0.8,0.66
X-2742,TTTY21,252953.0,Del0.8,0.66
X-2742,TTTY21,252953.0,Del0.8,0.69
X-2742,TTTY22,252954.0,Del0.8,0.69
X-2742,TTTY23,252955.0,Del0.8,0.69
X-2742,TTTY23,252955.0,Del0.8,0.66
X-2742,TTTY3,114760.0,Del0.8,0.69
X-2742,TTTY3,114760.0,Del0.8,0.69
X-2742,TTTY4,114761.0,Del0.8,0.69
X-2742,TTTY4,114761.0,Del0.8,0.69
X-2742,TTTY5,83863.0,Del0.8,0.69
X-2742,TTTY6,84672.0,Del0.8,0.69
X-2742,TTTY6,84672.0,Del0.8,0.69
X-2742,TTTY7,246122.0,Del0.8,0.69
X-2742,TTTY7,246122.0,Del0.8,0.66
X-2742,TTTY7B,100101120.0,Del0.8,0.69
X-2742,TTTY7B,100101120.0,Del0.8,0.66
X-2742,TTTY8,84673.0,Del0.8,0.69
X-2742,TTTY8,84673.0,Del0.8,0.66
X-2742,TTTY9A,83864.0,Del0.8,0.69
X-2742,TTTY9A,83864.0,Del0.8,0.69
X-2742,TXLNG2P,246126.0,Del0.8,0.69
X-2742,UBA3,9039.0,MutNovel,"S48C,0.341"
X-2742,UBAP2,55833.0,MutNovel,"T677S,1.000"
X-2742,UPK3BL,,MutNovel,"R192Q,0.226"
X-2742,UQCC,55245.0,Amp8,8.34
X-2742,USP9Y,8287.0,Del0.8,0.69
X-2742,UTY,7404.0,MutNovel,"K1031F,0.400"
X-2742,UTY,7404.0,MutNovel,"L1027Y,0.400"
X-2742,UTY,7404.0,MutNovel,"L1025R,0.400"
X-2742,UTY,7404.0,MutNovel,"G1019R,0.400"
X-2742,UTY,7404.0,MutNovel,"P1007L,1.000"
X-2742,UTY,7404.0,MutNovel,"R993L,0.667"
X-2742,UTY,7404.0,MutNovel,"P983S,0.400"
X-2742,UTY,7404.0,MutNovel,"T969F,0.571"
X-2742,UTY,7404.0,MutNovel,"P968Y,0.714"
X-2742,UTY,7404.0,MutNovel,"RP966SV,0.750"
X-2742,UTY,7404.0,MutNovel,"P965V,0.750"
X-2742,UTY,7404.0,MutNovel,"PP963LN,0.750"
X-2742,UTY,7404.0,MutNovel,"CP962TT,0.750"
X-2742,UTY,7404.0,MutNovel,"K961L,0.750"
X-2742,UTY,7404.0,MutNovel,"L959P,0.750"
X-2742,UTY,7404.0,MutNovel,"I957Y,0.833"
X-2742,UTY,7404.0,MutNovel,"SC955KI,0.833"
X-2742,UTY,7404.0,MutNovel,"NS954PR,0.833"
X-2742,UTY,7404.0,MutKnownFunctional,"S953*,0.667"
X-2742,UTY,7404.0,MutNovel,"S953H,0.833"
X-2742,UTY,7404.0,MutNovel,"GL951FM,0.600"
X-2742,UTY,7404.0,MutNovel,"K949P,0.500"
X-2742,UTY,7404.0,MutNovel,"ST937GA,0.667"
X-2742,UTY,7404.0,MutNovel,"S936R,0.500"
X-2742,UTY,7404.0,MutNovel,"IC933SR,0.500"
X-2742,UTY,7404.0,MutNovel,"SM928QL,0.400"
X-2742,UTY,7404.0,MutKnownFunctional,"QQ554H*,0.400"
X-2742,UTY,7404.0,MutNovel,"SQ548RK,0.600"
X-2742,UTY,7404.0,MutNovel,"QL545LL,0.750"
X-2742,UTY,7404.0,MutNovel,"E544A,0.750"
X-2742,UTY,7404.0,MutNovel,"H541C,0.800"
X-2742,UTY,7404.0,MutKnownFunctional,"QK539Q*,0.800"
X-2742,UTY,7404.0,MutKnownFunctional,"PA537Q*,0.750"
X-2742,UTY,7404.0,MutNovel,"NP536RT,0.750"
X-2742,UTY,7404.0,MutNovel,"L535S,0.750"
X-2742,UTY,7404.0,MutNovel,"DN533LY,1.000"
X-2742,UTY,7404.0,MutNovel,"T386I,0.500"
X-2742,UTY,7404.0,MutNovel,"S385G,0.500"
X-2742,UTY,7404.0,MutNovel,"NT383TS,0.500"
X-2742,UTY,7404.0,MutNovel,"S382T,0.600"
X-2742,UTY,7404.0,MutNovel,"RC380SS,0.600"
X-2742,UTY,7404.0,MutKnownFunctional,"SK378T*,0.571"
X-2742,UTY,7404.0,MutNovel,"R377L,0.571"
X-2742,UTY,7404.0,MutNovel,"A376L,0.571"
X-2742,UTY,7404.0,MutNovel,"N374L,0.500"
X-2742,UTY,7404.0,MutNovel,"YL372SA,0.500"
X-2742,UTY,7404.0,MutNovel,"CY371YN,0.500"
X-2742,UTY,7404.0,MutNovel,"K370F,0.444"
X-2742,UTY,7404.0,MutNovel,"I369C,0.444"
X-2742,UTY,7404.0,MutNovel,"QD366GH,0.500"
X-2742,UTY,7404.0,MutNovel,"P365R,0.556"
X-2742,UTY,7404.0,MutKnownFunctional,"NQ363S*,0.500"
X-2742,UTY,7404.0,MutNovel,"C362N,0.500"
X-2742,UTY,7404.0,MutNovel,"S361W,0.667"
X-2742,UTY,7404.0,MutKnownFunctional,"YE359Y*,0.571"
X-2742,UTY,7404.0,MutNovel,"L358T,0.500"
X-2742,UTY,7404.0,MutNovel,"G356S,0.333"
X-2742,UTY,7404.0,MutKnownFunctional,"DL354G*,0.333"
X-2742,UTY,7404.0,MutNovel,"MD353RN,0.250"
X-2742,UTY,7404.0,MutNovel,"W352Q,0.333"
X-2742,UTY,7404.0,MutNovel,"HA348QN,0.333"
X-2742,UTY,7404.0,MutNovel,"I339V,0.286"
X-2742,UTY,7404.0,MutNovel,"S303Y,1.000"
X-2742,UTY,7404.0,MutKnownFunctional,"FI301*L,0.667"
X-2742,UTY,7404.0,MutNovel,"A300S,1.000"
X-2742,UTY,7404.0,MutNovel,"Q298E,1.000"
X-2742,UTY,7404.0,MutNovel,"GK295VA,1.000"
X-2742,UTY,7404.0,MutNovel,"IG294MR,1.000"
X-2742,UTY,7404.0,MutNovel,"S293Q,1.000"
X-2742,UTY,7404.0,MutNovel,"S292Q,1.000"
X-2742,UTY,7404.0,MutNovel,"CY290SD,1.000"
X-2742,UTY,7404.0,MutNovel,"R289S,1.000"
X-2742,UTY,7404.0,MutKnownFunctional,"GR288G*,0.800"
X-2742,UTY,7404.0,MutKnownFunctional,"LG287L*,0.800"
X-2742,UTY,7404.0,MutKnownFunctional,"YF285*G,0.600"
X-2742,UTY,7404.0,MutNovel,"Y285N,1.000"
X-2742,UTY,7404.0,MutNovel,"WY284VN,1.000"
X-2742,UTY,7404.0,MutNovel,"QS282HD,0.800"
X-2742,UTY,7404.0,MutNovel,"Q282A,0.667"
X-2742,UTY,7404.0,MutNovel,"G281C,0.500"
X-2742,UTY,7404.0,MutNovel,"A276D,0.667"
X-2742,UTY,7404.0,MutNovel,"S273Y,0.667"
X-2742,UTY,7404.0,MutNovel,"Q271R,0.667"
X-2742,UTY,7404.0,MutKnownFunctional,"YL269*I,0.667"
X-2742,UTY,7404.0,MutNovel,"L255T,0.667"
X-2742,UTY,7404.0,MutNovel,"N252I,0.500"
X-2742,UTY,7404.0,MutNovel,"DC193EP,0.667"
X-2742,UTY,7404.0,MutNovel,"K181Q,1.000"
X-2742,UTY,7404.0,Del0.8,0.69
X-2742,VCY,9084.0,Del0.8,0.69
X-2742,VCY,9084.0,Del0.8,0.69
X-2742,WFDC12,128488.0,Amp8,8.34
X-2742,WFDC5,149708.0,Amp8,8.34
X-2742,WISP2,8839.0,Amp8,8.34
X-2742,XKRY2,353515.0,Del0.8,0.69
X-2742,XKRY2,353515.0,Del0.8,0.69
X-2742,YJEFN3,374887.0,MutNovel,"R286H,0.750"
X-2742,YWHAB,7529.0,Amp8,8.34
X-2742,ZBTB46,140685.0,Amp8,9.99
X-2742,ZDHHC11,79844.0,MutNovel,"A303D,0.900"
X-2742,ZDHHC3,51304.0,MutNovel,"G80R,0.342"
X-2742,ZFC3H1,196441.0,MutNovel,"G323V,0.750"
X-2742,ZFY,7544.0,Del0.8,0.66
X-2742,ZGPAT,84619.0,Amp8,9.99
X-2742,ZNF219,51222.0,MutNovel,"QPP233P,0.312"
X-2742,ZNF334,55713.0,Amp8,8.57
X-2742,ZNF335,63925.0,Amp8,8.57
X-2742,ZNF398,57541.0,MutNovel,"A440S,0.429"
X-2742,ZNF572,137209.0,MutNovel,"T265P,0.600"
X-2742,ZNF611,81856.0,MutNovel,"E4V,1.000"
X-2742,ZNF625,90589.0,MutNovel,"P302I,1.000"
X-2742,ZNF772,400720.0,MutNovel,"V435E,0.750"
X-2761,AATK,9625.0,MutNovel,"G846D,0.900"
X-2761,ABCB9,23457.0,MutNovel,"R650Q,0.789"
X-2761,ABR,29.0,MutNovel,"Y724C,0.433"
X-2761,ABTB1,80325.0,MutNovel,"G316A,0.486"
X-2761,ACOT11,26027.0,MutNovel,"A147T,0.382"
X-2761,ACVR2A,92.0,MutKnownFunctional,"-435,0.846"
X-2761,ACVR2B,93.0,MutNovel,"T293M,1.000"
X-2761,ADAMTS13,11093.0,MutNovel,"L668I,0.300"
X-2761,ADCY6,112.0,MutNovel,"V224I,0.339"
X-2761,ADNP,23394.0,MutKnownFunctional,"-1016,0.429"
X-2761,ADNP,23394.0,MutNovel,"A253V,0.373"
X-2761,ADPRHL1,113622.0,MutNovel,"Y73C,0.280"
X-2761,ADPRHL2,54936.0,MutNovel,"G150D,0.397"
X-2761,AGAP4,119016.0,MutNovel,"Q396K,0.500"
X-2761,AGRN,375790.0,MutNovel,"A889V,0.912"
X-2761,AHNAK,79026.0,MutNovel,"A3453V,0.435"
X-2761,AIP,9049.0,MutKnownFunctional,"-325,0.424"
X-2761,AKR1C1,1645.0,MutKnownFunctional,"R250*,0.700"
X-2761,ALDH16A1,126133.0,MutNovel,"R129Q,0.251"
X-2761,AMELY,266.0,Del0.8,0.27
X-2761,AMIGO3,386724.0,MutNovel,"A72T,0.471"
X-2761,AMPD3,272.0,MutKnownFunctional,"-107,0.348"
X-2761,ANKRD42,338699.0,MutNovel,"D123N,0.400"
X-2761,ANXA9,8416.0,MutNovel,"L178R,0.500"
X-2761,AP5B1,,MutNovel,"A345V,0.438"
X-2761,AP5Z1,,MutNovel,"Q578R,0.538"
X-2761,ARAP1,116985.0,MutNovel,"E522D,0.475"
X-2761,ARHGAP5,394.0,MutKnownFunctional,"-890,0.355"
X-2761,ARHGEF5,7984.0,MutNovel,"R1430L,0.429"
X-2761,ARID4B,51742.0,MutKnownFunctional,"-939?,0.385"
X-2761,ARPC5L,81873.0,MutNovel,"L100R,0.316"
X-2761,ARSJ,79642.0,MutKnownFunctional,"-579,0.643"
X-2761,ASH1L,55870.0,MutNovel,"T1771A,0.600"
X-2761,ASNSD1,54529.0,MutKnownFunctional,"-539,0.466"
X-2761,ASPH,444.0,MutNovel,"L64R,0.443"
X-2761,ASS1,445.0,MutNovel,"A76T,0.304"
X-2761,ASTE1,28990.0,MutNovel,"KR631R,0.493"
X-2761,ATF5,22809.0,MutKnownFunctional,"-35,0.296"
X-2761,ATF6B,1388.0,MutNovel,"P243S,0.474"
X-2761,ATP13A2,23400.0,MutNovel,"V800M,0.432"
X-2761,ATP9B,374868.0,MutNovel,"A970D,0.323"
X-2761,B3GALT6,126792.0,MutNovel,"A53T,0.594"
X-2761,BAG4,9530.0,MutNovel,"L411R,0.479"
X-2761,BAIAP2L2,80115.0,MutNovel,"R267C,0.500"
X-2761,BANP,54971.0,MutNovel,"G298D,0.512"
X-2761,BAX,581.0,MutKnownFunctional,"-38,0.848"
X-2761,BCL10,8915.0,MutKnownFunctional,"-167,0.380"
X-2761,BCL9L,283149.0,MutKnownFunctional,"-1127,0.542"
X-2761,BCL9L,283149.0,MutKnownFunctional,"-648,0.278"
X-2761,BCL9L,283149.0,MutNovel,"G395V,1.000"
X-2761,BCORP1,286554.0,Del0.8,0.27
X-2761,BEGAIN,57596.0,MutKnownFunctional,"-221?,0.467"
X-2761,BMP2K,55589.0,MutNovel,"Q486H,0.556"
X-2761,BMP8B,656.0,MutNovel,"G20E,0.800"
X-2761,BPY2B,442867.0,Del0.8,0.27
X-2761,BPY2B,442867.0,Del0.8,0.27
X-2761,BRAF,673.0,MutKnownFunctional,"V600E,0.583"
X-2761,BRD3,8019.0,MutKnownFunctional,"-24?,0.312"
X-2761,BRD4,23476.0,MutNovel,"E1277A,0.550"
X-2761,BRD4,23476.0,MutNovel,"R321W,0.429"
X-2761,BRMS1L,84312.0,MutNovel,"D16E,0.565"
X-2761,BRPF1,7862.0,MutNovel,"P50S,0.609"
X-2761,BTBD16,118663.0,MutNovel,"G366W,0.286"
X-2761,BTBD3,22903.0,MutNovel,"A151V,0.316"
X-2761,BTRC,8945.0,MutNovel,"R510C,0.351"
X-2761,C14orf102,55051.0,MutNovel,"R692H,0.667"
X-2761,C17orf75,64149.0,MutKnownFunctional,"-330,0.520"
X-2761,C19orf38,255809.0,MutNovel,"P45L,0.450"
X-2761,C19orf54,284325.0,MutNovel,"R70S,0.681"
X-2761,C19orf76,199800.0,MutNovel,"R90W,0.588"
X-2761,C1orf192,257177.0,MutNovel,"T93A,0.308"
X-2761,C22orf29,79680.0,MutNovel,"Q9-,0.562"
X-2761,C5,727.0,MutNovel,"R717W,0.273"
X-2761,C5orf4,10826.0,MutNovel,"I247T,0.286"
X-2761,C6orf62,81688.0,MutKnownFunctional,"-124,0.345"
X-2761,C9orf100,84904.0,MutNovel,"R137C,0.229"
X-2761,CACTIN,,MutNovel,"K611R,0.485"
X-2761,CAMSAP2,23271.0,MutKnownFunctional,"-1424,0.639"
X-2761,CAMSAP3,57662.0,MutNovel,"R947H,0.570"
X-2761,CASD1,64921.0,MutKnownFunctional,"-781,0.429"
X-2761,CASKIN2,57513.0,MutKnownFunctional,"-728?,0.400"
X-2761,CAT,847.0,MutNovel,"Y260C,0.394"
X-2761,CBX4,8535.0,MutNovel,"H400-,0.250"
X-2761,CBX8,57332.0,MutKnownFunctional,"-319?,0.441"
X-2761,CCDC28A,25901.0,MutKnownFunctional,"-115,0.368"
X-2761,CCDC66,285331.0,MutNovel,"S606SP,0.833"
X-2761,CCDC82,79780.0,MutNovel,"R431H,0.630"
X-2761,CCDC88C,440193.0,MutNovel,"R756C,0.643"
X-2761,CCZ1B,221960.0,MutKnownFunctional,"-457?,0.387"
X-2761,CD320,51293.0,MutNovel,"D75N,0.470"
X-2761,CD68,968.0,MutNovel,"G327S,0.286"
X-2761,CD99L2,83692.0,MutNovel,"V234M,1.000"
X-2761,CDC42BPG,55561.0,MutNovel,"R754C,0.679"
X-2761,CDC42EP4,23580.0,MutNovel,"E151D,0.525"
X-2761,CDC42EP4,23580.0,MutNovel,"R107W,0.564"
X-2761,CDH1,999.0,MutNovel,"D290N,0.529"
X-2761,CDH24,64403.0,MutKnownFunctional,"R570*,0.321"
X-2761,CDK18,5129.0,MutNovel,"S124N,0.622"
X-2761,CDY1B,253175.0,Del0.8,0.27
X-2761,CDY1B,253175.0,Del0.8,0.27
X-2761,CDY2A,9426.0,Del0.8,0.27
X-2761,CDY2A,9426.0,Del0.8,0.27
X-2761,CDY2B,203611.0,Del0.8,0.27
X-2761,CDY2B,203611.0,Del0.8,0.27
X-2761,CEACAM1,634.0,MutNovel,"T100I,0.448"
X-2761,CEACAM1,634.0,MutNovel,"S96I,0.442"
X-2761,CEACAM8,1088.0,MutNovel,"N155K,0.500"
X-2761,CEBPB,1051.0,MutNovel,"APAAP45A,0.206"
X-2761,CELSR3,1951.0,MutNovel,"M2325V,0.381"
X-2761,CEP164,22897.0,MutKnownFunctional,"-113,0.333"
X-2761,CEP290,80184.0,MutKnownFunctional,"-1059,0.263"
X-2761,CGGBP1,8545.0,MutNovel,"R14H,0.535"
X-2761,CHAF1A,10036.0,MutNovel,"R728W,0.482"
X-2761,CHD2,1106.0,MutNovel,"G1329E,1.000"
X-2761,CHD2,1106.0,MutNovel,"R1710W,1.000"
X-2761,CHD3,1107.0,MutNovel,"P1525L,0.493"
X-2761,CHD3,1107.0,MutNovel,"V1999I,0.488"
X-2761,CHD7,55636.0,MutKnownFunctional,"Q1927*,0.500"
X-2761,CHRNA7,1139.0,MutNovel,"C393Y,1.000"
X-2761,CHST5,23563.0,MutNovel,"R356H,0.448"
X-2761,CKAP2,26586.0,MutKnownFunctional,"-604,0.829"
X-2761,CKAP4,10970.0,MutNovel,"G27D,0.238"
X-2761,CLDN23,137075.0,MutNovel,"T153M,0.318"
X-2761,CLMN,79789.0,MutKnownFunctional,"-691,0.421"
X-2761,CLSPN,63967.0,MutNovel,"G328R,0.750"
X-2761,CNOT1,23019.0,MutNovel,"V1947M,0.470"
X-2761,CNTNAP3,79937.0,MutNovel,"A1230V,1.000"
X-2761,CNTRL,11064.0,MutNovel,"R952Q,0.462"
X-2761,COL9A3,1299.0,MutKnownFunctional,"R471*,0.643"
X-2761,CORO2A,7464.0,MutNovel,"S226N,0.357"
X-2761,CPT1B,1375.0,MutKnownFunctional,"-582?,0.263"
X-2761,CREBBP,1387.0,MutNovel,"R1288W,0.517"
X-2761,CSE1L,1434.0,MutNovel,"L212M,0.552"
X-2761,CSPG4P1Y,114758.0,Del0.8,0.27
X-2761,CSPG4P1Y,114758.0,Del0.8,0.27
X-2761,CTDP1,9150.0,MutNovel,"T584M,0.301"
X-2761,CTSA,5476.0,MutNovel,"L29-,0.442"
X-2761,CTTN,2017.0,MutNovel,"A284V,0.415"
X-2761,CYB5R2,51700.0,MutKnownFunctional,"-145,0.906"
X-2761,CYHR1,50626.0,MutNovel,"A144-,0.339"
X-2761,DAP3,7818.0,MutNovel,"R320Q,0.258"
X-2761,DAZ1,1617.0,Del0.8,0.27
X-2761,DAZ2,57055.0,Del0.8,0.27
X-2761,DAZ3,57054.0,Del0.8,0.27
X-2761,DAZ3,57054.0,Del0.8,0.27
X-2761,DAZ4,57135.0,Del0.8,0.27
X-2761,DAZ4,57135.0,Del0.8,0.27
X-2761,DAZAP1,26528.0,MutKnownFunctional,"-381,0.341"
X-2761,DBN1,1627.0,MutNovel,"R96H,0.722"
X-2761,DCAF10,79269.0,MutNovel,"G117S,0.241"
X-2761,DCLRE1C,64421.0,MutNovel,"F507V,0.521"
X-2761,DDHD2,23259.0,MutNovel,"G87C,0.636"
X-2761,DDX39A,10212.0,MutNovel,"R427Q,0.559"
X-2761,DDX3Y,8653.0,Del0.8,0.27
X-2761,DDX46,9879.0,MutNovel,"R21W,0.578"
X-2761,DDX49,54555.0,MutNovel,"V216M,0.494"
X-2761,DDX49,54555.0,MutNovel,"R287C,0.593"
X-2761,DEF6,50619.0,MutNovel,"E380Q,0.548"
X-2761,DENND4B,9909.0,MutNovel,"QQQ908-,0.700"
X-2761,DHFRL1,200895.0,MutKnownFunctional,"-120,0.500"
X-2761,DHRS13,147015.0,MutNovel,"R191W,0.510"
X-2761,DHRS4,10901.0,MutNovel,"T102M,0.204"
X-2761,DHX33,56919.0,MutNovel,"K551T,0.786"
X-2761,DHX34,9704.0,MutNovel,"D638N,0.256"
X-2761,DHX35,60625.0,MutNovel,"Y316H,0.909"
X-2761,DHX36,170506.0,MutNovel,"D166G,0.318"
X-2761,DHX37,57647.0,MutNovel,"R446Q,0.459"
X-2761,DIP2A,23181.0,MutNovel,"V567M,0.587"
X-2761,DLL4,54567.0,MutNovel,"R516H,1.000"
X-2761,DMRT2,10655.0,MutKnownFunctional,"E253*,0.750"
X-2761,DNA2,1763.0,MutNovel,"R956H,0.833"
X-2761,DNAH1,25981.0,MutNovel,"T3196M,1.000"
X-2761,DND1,373863.0,MutNovel,"A111T,0.500"
X-2761,DOPEY2,9980.0,MutNovel,"V1093M,0.547"
X-2761,DPCR1,135656.0,MutNovel,"L318P,0.429"
X-2761,DPCR1,135656.0,MutNovel,"E322G,0.429"
X-2761,DPP3,10072.0,MutNovel,"I315V,0.439"
X-2761,DTX2,113878.0,MutNovel,"G372D,0.368"
X-2761,DVL3,1857.0,MutNovel,"T332I,0.534"
X-2761,EBPL,84650.0,MutKnownFunctional,"-172,0.352"
X-2761,EEFSEC,60678.0,MutNovel,"V184L,0.667"
X-2761,EHD4,30844.0,MutKnownFunctional,"-527?,0.302"
X-2761,EIF1AY,9086.0,Del0.8,0.27
X-2761,EIF2AK4,440275.0,MutKnownFunctional,"-854,0.700"
X-2761,EIF4E3,317649.0,MutNovel,"R169Q,0.526"
X-2761,EIF6,3692.0,MutNovel,"A115T,0.520"
X-2761,ELMO2,63916.0,MutNovel,"K415R,0.667"
X-2761,EP300,2033.0,MutNovel,"S124R,0.333"
X-2761,EP400,57634.0,MutNovel,"C2385Y,0.760"
X-2761,EPHX2,2053.0,MutNovel,"P433T,0.532"
X-2761,ERI2,112479.0,MutKnownFunctional,"-547,0.278"
X-2761,EXOC3L1,283849.0,MutNovel,"P729S,0.375"
X-2761,FAAH2,158584.0,MutNovel,"D441G,1.000"
X-2761,FAM104A,84923.0,MutNovel,"A128T,0.727"
X-2761,FAM108B1,51104.0,MutNovel,"R182Q,0.686"
X-2761,FAM110C,642273.0,MutNovel,"G266D,0.556"
X-2761,FAM111B,374393.0,MutKnownFunctional,"-269,0.471"
X-2761,FAM13B,51306.0,MutNovel,"Q747E,0.440"
X-2761,FAM160B1,57700.0,MutNovel,"A607D,0.500"
X-2761,FAM160B2,64760.0,MutNovel,"A407V,0.531"
X-2761,FAM189A2,9413.0,MutNovel,"R300M,0.500"
X-2761,FAM193A,8603.0,MutKnownFunctional,"-725,0.621"
X-2761,FAM197Y2P,252946.0,Del0.8,0.27
X-2761,FAM21A,387680.0,MutNovel,"A12V,0.400"
X-2761,FAM41AY1,340618.0,Del0.8,0.27
X-2761,FAM41AY1,340618.0,Del0.8,0.27
X-2761,FAM46B,115572.0,MutNovel,"L177V,0.429"
X-2761,FAM75A6,389730.0,Amp5,5.24
X-2761,FAM81A,145773.0,MutNovel,"E344K,1.000"
X-2761,FAR1,84188.0,MutNovel,"S235G,0.521"
X-2761,FARS2,10667.0,MutNovel,"M233T,0.397"
X-2761,FASTK,10922.0,MutNovel,"R187H,0.445"
X-2761,FCGBP,8857.0,MutNovel,"Q2719H,1.000"
X-2761,FCGBP,8857.0,MutNovel,"A2715V,1.000"
X-2761,FCGBP,8857.0,MutNovel,"R2325G,1.000"
X-2761,FCGBP,8857.0,MutNovel,"D2025N,0.417"
X-2761,FCHO2,115548.0,MutNovel,"D617N,0.379"
X-2761,FICD,11153.0,MutNovel,"D181G,1.000"
X-2761,FIG4,9896.0,MutNovel,"L595M,0.444"
X-2761,FKBP8,23770.0,MutNovel,"R366L,0.475"
X-2761,FLCN,201163.0,MutKnownFunctional,"-429?,0.312"
X-2761,FNDC3B,64778.0,MutNovel,"D201N,0.600"
X-2761,FNIP1,96459.0,MutNovel,"F84S,0.857"
X-2761,FOPNL,123811.0,MutKnownFunctional,"-18,0.415"
X-2761,FOXD4L3,286380.0,MutNovel,"H225Q,0.667"
X-2761,FOXE3,2301.0,MutNovel,"A174V,1.000"
X-2761,FOXN2,3344.0,MutKnownFunctional,"G340*,0.500"
X-2761,FOXP4,116113.0,MutNovel,"G307R,0.401"
X-2761,FUT5,2527.0,MutNovel,"A118M,0.667"
X-2761,FUT5,2527.0,MutNovel,"A118T,1.000"
X-2761,FZD6,8323.0,MutNovel,"D223H,0.667"
X-2761,GADD45A,1647.0,MutNovel,"R148Q,0.237"
X-2761,GAK,2580.0,MutNovel,"L936F,0.569"
X-2761,GALE,2582.0,MutNovel,"R184C,0.466"
X-2761,GATAD2A,54815.0,MutNovel,"R293H,0.392"
X-2761,GGT1,2678.0,MutNovel,"P211L,0.672"
X-2761,GJC2,57165.0,MutNovel,"V229M,0.429"
X-2761,GLT8D1,55830.0,MutKnownFunctional,"-370,0.425"
X-2761,GLTSCR1,29998.0,MutKnownFunctional,"-827?,0.833"
X-2761,GLTSCR2,29997.0,MutNovel,"D401A,0.230"
X-2761,GMDS,2762.0,Del0.8,0.72
X-2761,GMEB2,26205.0,MutNovel,"H326Y,0.395"
X-2761,GNAZ,2781.0,MutKnownFunctional,"-202,0.833"
X-2761,GNPDA2,132789.0,MutNovel,"V66A,0.444"
X-2761,GOLGA1,2800.0,MutNovel,"R515Q,0.289"
X-2761,GOLGA2P2Y,84559.0,Del0.8,0.27
X-2761,GOLGA2P2Y,84559.0,Del0.8,0.27
X-2761,GPATCH8,23131.0,MutNovel,"EE841E,0.438"
X-2761,GPCPD1,56261.0,MutNovel,"P203L,0.341"
X-2761,GPR107,57720.0,MutNovel,"V130A,0.203"
X-2761,GPR137,56834.0,MutKnownFunctional,"-433?,0.450"
X-2761,GPR137B,7107.0,MutNovel,"V207I,0.310"
X-2761,GPR89A,653519.0,MutNovel,"R36C,0.517"
X-2761,GPRIN2,9721.0,MutNovel,"-238MRE,0.576"
X-2761,GRPEL1,80273.0,MutNovel,"G167R,0.486"
X-2761,GTDC1,79712.0,MutNovel,"E299A,1.000"
X-2761,GTF2IRD2B,389524.0,MutNovel,"G211S,0.286"
X-2761,GYG2P1,352887.0,Del0.8,0.27
X-2761,GZF1,64412.0,MutNovel,"G436D,0.556"
X-2761,HAUS3,79441.0,MutNovel,"K421E,0.439"
X-2761,HCFC1,3054.0,MutNovel,"H1102R,0.208"
X-2761,HDAC6,10013.0,MutKnownFunctional,"-1031,0.935"
X-2761,HELQ,113510.0,MutKnownFunctional,"-271,0.344"
X-2761,HELZ,9931.0,MutNovel,"R1110Q,0.833"
X-2761,HLA-G,3135.0,MutNovel,"T91M,1.000"
X-2761,HLA-G,3135.0,MutNovel,"A182T,0.698"
X-2761,HMX3,340784.0,MutKnownFunctional,"-21,1.000"
X-2761,HNF1A,6927.0,MutNovel,"R131Q,0.711"
X-2761,HNRNPH2,3188.0,MutNovel,"C122Y,0.991"
X-2761,HNRNPK,3190.0,MutNovel,"S276A,0.326"
X-2761,HOOK1,51361.0,MutNovel,"R327C,0.500"
X-2761,HOXA3,3200.0,MutKnownFunctional,"-302?,0.561"
X-2761,HR,55806.0,MutNovel,"A1030T,0.310"
X-2761,HSFY2,159119.0,Del0.8,0.27
X-2761,HSFY2,159119.0,Del0.8,0.27
X-2761,HSP90B1,7184.0,MutNovel,"P689L,0.379"
X-2761,HSPA1A,3303.0,MutNovel,"G203D,0.444"
X-2761,HSPA9,3313.0,MutNovel,"R126Q,0.485"
X-2761,IDS,3423.0,MutKnownFunctional,"-86,0.741"
X-2761,INO80E,283899.0,MutKnownFunctional,"-209,0.569"
X-2761,INPP4A,3631.0,MutNovel,"G973R,0.348"
X-2761,IQSEC1,9922.0,MutNovel,"Q834R,0.455"
X-2761,ITGA6,3655.0,MutNovel,"Y237S,0.518"
X-2761,ITGA6,3655.0,MutKnownFunctional,"-1076,0.451"
X-2761,ITM2C,81618.0,MutNovel,"A75T,0.471"
X-2761,ITPR2,3709.0,MutNovel,"P1920L,0.667"
X-2761,JARID2,3720.0,MutNovel,"K1179N,0.867"
X-2761,JPH1,56704.0,MutNovel,"A405V,0.500"
X-2761,KAT6B,23522.0,MutNovel,"R158C,0.417"
X-2761,KBTBD11,9920.0,MutNovel,"V425M,0.875"
X-2761,KBTBD4,55709.0,MutKnownFunctional,"-402?,0.402"
X-2761,KCNC4,3749.0,MutNovel,"C302Y,0.296"
X-2761,KCTD11,147040.0,MutNovel,"P85H,0.386"
X-2761,KDM5C,8242.0,MutNovel,"T471N,0.525"
X-2761,KDM5D,8284.0,Del0.8,0.27
X-2761,KIAA0125,9834.0,Amp8,8.4
X-2761,KIAA0664,23277.0,MutNovel,"R197Q,0.506"
X-2761,KIAA1217,56243.0,MutNovel,"A1783V,0.438"
X-2761,KIAA1429,25962.0,MutNovel,"V495I,0.680"
X-2761,KIAA1524,57650.0,MutNovel,"V625I,0.545"
X-2761,KIAA1586,57691.0,MutNovel,"A58T,0.263"
X-2761,KIAA1598,57698.0,MutNovel,"P470S,0.511"
X-2761,KIAA1919,91749.0,MutKnownFunctional,"-199,0.714"
X-2761,KIAA2026,158358.0,MutNovel,"N1858S,0.468"
X-2761,KIAA2026,158358.0,MutKnownFunctional,"-729,0.258"
X-2761,KIF13A,63971.0,MutNovel,"R1580L,0.426"
X-2761,KIF9,64147.0,MutKnownFunctional,"-39,0.404"
X-2761,KLC4,89953.0,MutNovel,"A339T,0.458"
X-2761,KRR1,11103.0,MutKnownFunctional,"-381,0.590"
X-2761,KTI12,112970.0,MutNovel,"T100A,0.391"
X-2761,LAMB1,3912.0,MutKnownFunctional,"-1709,0.674"
X-2761,LAMC1,3915.0,MutNovel,"E1386K,0.587"
X-2761,LBX2,85474.0,MutNovel,"D169E,0.833"
X-2761,LCE3B,353143.0,Del0.8,0.38
X-2761,LCE3C,353144.0,Del0.8,0.38
X-2761,LETM2,137994.0,MutNovel,"I345T,0.338"
X-2761,LGALS9B,284194.0,MutNovel,"S40C,1.000"
X-2761,LIPT1,51601.0,MutKnownFunctional,"-121,0.333"
X-2761,LOC642441,,MutNovel,"R182S,0.750"
X-2761,LOC728888,,MutNovel,"P532L,1.000"
X-2761,LOC728888,,MutNovel,"R113C,1.000"
X-2761,LONP2,83752.0,MutNovel,"M670I,0.258"
X-2761,LOXL2,4017.0,MutNovel,"G304V,0.667"
X-2761,LPCAT3,10162.0,MutNovel,"W373C,0.378"
X-2761,LPPR2,64748.0,MutNovel,"V228M,0.389"
X-2761,LPPR2,64748.0,MutNovel,"P307L,0.500"
X-2761,LRIG2,9860.0,MutNovel,"G15E,0.667"
X-2761,LRP3,4037.0,MutKnownFunctional,"-750,0.613"
X-2761,LRP4,4038.0,MutNovel,"R1549W,0.714"
X-2761,LRRC16A,55604.0,MutNovel,"A58T,0.593"
X-2761,LRRC16A,55604.0,MutNovel,"T687A,0.344"
X-2761,LRRC16A,55604.0,MutNovel,"V696A,0.614"
X-2761,LRRC34,151827.0,MutNovel,"R260H,0.310"
X-2761,LRRC4B,94030.0,MutNovel,"A363V,0.500"
X-2761,LRRC8D,55144.0,MutNovel,"L303M,0.441"
X-2761,LRRK1,79705.0,MutNovel,"R783H,1.000"
X-2761,LSR,51599.0,MutNovel,"G518GR,0.779"
X-2761,LYST,1130.0,MutKnownFunctional,"Q3229*,0.867"
X-2761,LYST,1130.0,MutNovel,"G2516A,0.333"
X-2761,MACF1,23499.0,MutNovel,"Q4005R,0.545"
X-2761,MAGED2,10916.0,MutNovel,"R446H,0.991"
X-2761,MAML1,9794.0,MutNovel,"V593A,0.355"
X-2761,MAP2K7,5609.0,MutKnownFunctional,"-67,1.000"
X-2761,MAP3K4,4216.0,MutNovel,"PA1189P,0.875"
X-2761,MAP3K5,4217.0,MutNovel,"Q739R,0.567"
X-2761,MAP4,4134.0,MutNovel,"H1135R,0.516"
X-2761,MAP4,4134.0,MutNovel,"T1088I,0.410"
X-2761,MAP4K2,5871.0,MutNovel,"G461R,0.488"
X-2761,MAP7D1,55700.0,MutNovel,"A341G,0.395"
X-2761,MAPKAPK5,8550.0,MutNovel,"G207D,0.292"
X-2761,2014-03-05 00:00:00,54708.0,MutNovel,"R160L,0.509"
X-2761,MAST3,23031.0,MutNovel,"A1298P,0.316"
X-2761,MATN1,4146.0,MutNovel,"S160G,1.000"
X-2761,MCM3,4172.0,MutNovel,"R401Q,0.518"
X-2761,MCM3,4172.0,MutNovel,"C171Y,0.468"
X-2761,MED14,9282.0,MutNovel,"H1048R,0.520"
X-2761,MED17,9440.0,MutNovel,"K122E,0.482"
X-2761,MEF2A,4205.0,MutNovel,"R10C,1.000"
X-2761,MFSD3,113655.0,MutNovel,"L239-,0.414"
X-2761,MIER1,57708.0,MutNovel,"E149D,0.520"
X-2761,MIER3,166968.0,MutNovel,"M177L,0.235"
X-2761,MINK1,50488.0,MutKnownFunctional,"-93,0.318"
X-2761,MINK1,50488.0,MutNovel,"R1302W,0.255"
X-2761,MIS18BP1,55320.0,MutKnownFunctional,"-690,0.344"
X-2761,MLL,4297.0,MutNovel,"P3059L,0.357"
X-2761,MLLT10,8028.0,MutNovel,"A1036V,0.453"
X-2761,MMACHC,25974.0,MutNovel,"R214H,0.524"
X-2761,MMP15,4324.0,MutNovel,"R165H,0.599"
X-2761,MNT,4335.0,MutNovel,"R11G,0.545"
X-2761,MOCS2,4338.0,MutNovel,"V46A,0.478"
X-2761,MORC4,79710.0,MutKnownFunctional,"-716,1.000"
X-2761,MRI1,84245.0,MutNovel,"A234V,0.725"
X-2761,MRPL42,28977.0,MutNovel,"C31Y,0.736"
X-2761,MRPS30,10884.0,MutKnownFunctional,"-440,0.478"
X-2761,MST1,4485.0,MutNovel,"R513G,0.205"
X-2761,MTF2,22823.0,MutKnownFunctional,"-394,0.286"
X-2761,MTMR2,8898.0,MutNovel,"G518R,0.355"
X-2761,MUC17,140453.0,MutNovel,"I1519M,0.429"
X-2761,MUC20,200958.0,MutNovel,"R136G,0.238"
X-2761,MUC3A,,MutNovel,"R485P,0.250"
X-2761,MUC3A,,MutNovel,"E601Q,0.481"
X-2761,MUC3A,,MutNovel,"I736T,0.422"
X-2761,MUC3A,,MutNovel,"R1142C,0.458"
X-2761,MUC4,4585.0,MutNovel,"P3442A,1.000"
X-2761,MUC4,4585.0,MutNovel,"A1862T,0.353"
X-2761,MUC5B,727897.0,MutKnownFunctional,"-2203,0.291"
X-2761,MUC5B,727897.0,MutNovel,"R2361C,0.300"
X-2761,MUC5B,727897.0,MutNovel,"A2699T,0.554"
X-2761,MUC6,4588.0,MutNovel,"A1471S,1.000"
X-2761,MUT,4594.0,MutKnownFunctional,"-10,0.378"
X-2761,MYEOV,26579.0,MutKnownFunctional,"-269,0.470"
X-2761,MYH14,79784.0,MutNovel,"P2035T,0.239"
X-2761,MYL12B,103910.0,MutNovel,"R161H,0.446"
X-2761,MYLIP,29116.0,MutKnownFunctional,"-243?,0.391"
X-2761,MYSM1,114803.0,MutNovel,"P760H,0.731"
X-2761,NAA15,80155.0,MutNovel,"R295M,0.575"
X-2761,NBPF10,100132406.0,MutNovel,"I1165F,0.333"
X-2761,NCKIPSD,51517.0,MutNovel,"A396T,0.473"
X-2761,NCOR2,9612.0,MutNovel,"G1839GAAA,0.661"
X-2761,NCOR2,9612.0,MutNovel,"H1340Y,0.357"
X-2761,NCRNA00185,55410.0,Del0.8,0.27
X-2761,NDFIP1,80762.0,MutNovel,"MAL1M,0.370"
X-2761,NDOR1,27158.0,MutNovel,"Q272R,0.296"
X-2761,NDUFA2,4695.0,MutNovel,"I53V,0.502"
X-2761,NEO1,4756.0,MutNovel,"G468R,1.000"
X-2761,NFE2L1,4779.0,MutNovel,"A221V,0.425"
X-2761,NHSL1,57224.0,MutNovel,"T767M,0.643"
X-2761,NID2,22795.0,MutKnownFunctional,"-1035,0.333"
X-2761,NLGN4Y,22829.0,Del0.8,0.27
X-2761,NLRX1,79671.0,MutNovel,"V711A,0.545"
X-2761,NMB,4828.0,MutKnownFunctional,"-7?,0.778"
X-2761,NNT,23530.0,MutNovel,"L625I,0.464"
X-2761,NOL11,25926.0,MutNovel,"R418Q,0.473"
X-2761,NONO,4841.0,MutNovel,"R456H,1.000"
X-2761,NOTCH1,4851.0,MutNovel,"A1323T,0.353"
X-2761,NPIPL3,23117.0,MutNovel,"E779Q,0.636"
X-2761,NR1H2,7376.0,MutNovel,"-173Q,0.212"
X-2761,NRP1,8829.0,MutNovel,"F652S,0.235"
X-2761,NSFL1C,55968.0,MutNovel,"G91D,0.507"
X-2761,NTN1,9423.0,MutNovel,"S575N,0.556"
X-2761,NUDCD1,84955.0,MutNovel,"K497N,0.462"
X-2761,NUDCD1,84955.0,MutNovel,"K250N,0.353"
X-2761,NUP85,79902.0,MutNovel,"R552H,0.489"
X-2761,OAS1,4938.0,MutKnownFunctional,"-111,0.260"
X-2761,OBSCN,84033.0,MutNovel,"R2383W,0.833"
X-2761,ODF2,4957.0,MutNovel,"Q440R,0.305"
X-2761,OFD1,8481.0,MutKnownFunctional,"-234,0.289"
X-2761,OR2T10,127069.0,Amp5,5.1
X-2761,OR2T11,127077.0,Amp5,5.1
X-2761,OR2T34,127068.0,Amp5,5.1
X-2761,ORAI1,84876.0,MutNovel,"PP43-,0.682"
X-2761,OSBP,5007.0,MutNovel,"R716Q,0.450"
X-2761,OSBPL3,26031.0,MutNovel,"A421P,0.409"
X-2761,OSGIN1,29948.0,MutNovel,"P419S,0.500"
X-2761,OVOL2,58495.0,MutNovel,"GS52-,0.297"
X-2761,P2RY2,5029.0,MutNovel,"R177H,0.467"
X-2761,PAICS,10606.0,MutKnownFunctional,"Q422*,0.547"
X-2761,PAK4,10298.0,MutKnownFunctional,"-187?,0.289"
X-2761,PANK4,55229.0,MutNovel,"A673T,0.458"
X-2761,PAQR3,152559.0,MutNovel,"I28V,0.700"
X-2761,PAQR4,124222.0,MutNovel,"V259A,0.393"
X-2761,PARP10,84875.0,MutNovel,"G705D,0.465"
X-2761,PCDH11Y,83259.0,Del0.8,0.27
X-2761,PCNXL2,80003.0,MutNovel,"E1792D,1.000"
X-2761,PCSK7,9159.0,MutNovel,"A139V,0.387"
X-2761,PDCD11,22984.0,MutNovel,"V552A,0.353"
X-2761,PDLIM7,9260.0,MutKnownFunctional,"-273?,0.271"
X-2761,PHC1,1911.0,MutNovel,"R45W,0.750"
X-2761,PHF20L1,51105.0,MutKnownFunctional,"R66*,0.312"
X-2761,PHF3,23469.0,MutKnownFunctional,"-1134,0.353"
X-2761,PHGR1,644844.0,MutNovel,"G48H,0.631"
X-2761,PHKB,5257.0,MutNovel,"L62M,0.500"
X-2761,PHLDA1,22822.0,MutNovel,"QQ194Q,0.556"
X-2761,PHYH,5264.0,MutNovel,"H247P,0.268"
X-2761,PIBF1,10464.0,MutNovel,"A346G,0.304"
X-2761,PIEZO1,9780.0,MutNovel,"P2160L,0.531"
X-2761,PIGK,10026.0,MutKnownFunctional,"-390,0.521"
X-2761,PIK3CB,5291.0,MutKnownFunctional,"-604,0.325"
X-2761,PIK3R4,30849.0,MutNovel,"E958V,0.411"
X-2761,PIKFYVE,200576.0,MutNovel,"Y715C,0.750"
X-2761,PITPNC1,26207.0,MutNovel,"Y237C,0.442"
X-2761,PIWIL1,9271.0,MutNovel,"G523D,0.285"
X-2761,PKD1,5310.0,MutNovel,"P525L,0.286"
X-2761,PKP3,11187.0,MutNovel,"A73T,0.425"
X-2761,PLA2G6,8398.0,MutNovel,"R327C,0.600"
X-2761,PLCB3,5331.0,MutNovel,"T568I,0.456"
X-2761,PLEC,5339.0,MutNovel,"R4263Q,0.420"
X-2761,PLOD3,8985.0,MutNovel,"R162C,0.516"
X-2761,PLSCR2,57047.0,MutNovel,"L273P,0.625"
X-2761,PLXNA3,55558.0,MutNovel,"V1823I,0.972"
X-2761,PML,5371.0,MutNovel,"R689W,1.000"
X-2761,PNISR,25957.0,MutKnownFunctional,"-497,0.384"
X-2761,PNN,5411.0,MutNovel,"R634W,0.512"
X-2761,POGZ,23126.0,MutNovel,"G1153V,0.229"
X-2761,POLD1,5424.0,MutNovel,"R177H,0.700"
X-2761,POLG,5428.0,MutNovel,"D743G,1.000"
X-2761,POM121,9883.0,MutNovel,"Q244R,0.250"
X-2761,POM121C,100101267.0,MutNovel,"Q764H,0.500"
X-2761,POMGNT1,55624.0,MutNovel,"D603H,0.449"
X-2761,PPIP5K1,9677.0,MutNovel,"Q1123H,0.581"
X-2761,PPIP5K2,23262.0,MutNovel,"Y282C,0.765"
X-2761,PPL,5493.0,MutNovel,"L1296I,0.385"
X-2761,PRADC1,84279.0,MutNovel,"R135C,0.638"
X-2761,PRICKLE3,4007.0,MutNovel,"V120I,1.000"
X-2761,PRKY,5616.0,Del0.8,0.27
X-2761,PRPF18,8559.0,MutKnownFunctional,"-297,0.510"
X-2761,PRRC2A,7916.0,MutNovel,"R710L,0.433"
X-2761,PRRC2B,84726.0,MutNovel,"R1689H,0.294"
X-2761,PRRC2C,23215.0,MutNovel,"K1038R,0.812"
X-2761,PRRC2C,23215.0,MutKnownFunctional,"-2790,0.408"
X-2761,PRRG2,5639.0,MutNovel,"V107M,0.242"
X-2761,PRUNE,58497.0,MutNovel,"C138Y,0.651"
X-2761,PRY,9081.0,Del0.8,0.27
X-2761,PRY,9081.0,Del0.8,0.27
X-2761,PRY2,442862.0,Del0.8,0.27
X-2761,PRY2,442862.0,Del0.8,0.27
X-2761,PSMD13,5719.0,MutNovel,"D139G,0.404"
X-2761,PSMD9,5715.0,MutKnownFunctional,"-197,0.328"
X-2761,PTCH1,5727.0,MutKnownFunctional,"-1202,0.412"
X-2761,PTPN13,5783.0,MutNovel,"T1500A,0.833"
X-2761,PTPN21,11099.0,MutKnownFunctional,"-849,0.407"
X-2761,RAB25,57111.0,MutNovel,"E36D,0.274"
X-2761,RAB5A,5868.0,MutNovel,"A30T,0.494"
X-2761,RAB5B,5869.0,MutNovel,"V98M,0.300"
X-2761,RABL6,,MutNovel,"S641I,0.337"
X-2761,RACGAP1,29127.0,MutNovel,"L438I,0.295"
X-2761,RAD9A,5883.0,MutNovel,"S319L,0.430"
X-2761,RALGPS1,9649.0,MutNovel,"P64H,0.308"
X-2761,RANBP3,8498.0,MutNovel,"R514C,0.487"
X-2761,RANBP6,26953.0,MutKnownFunctional,"-973?,0.281"
X-2761,RAPGEF1,2889.0,MutNovel,"T901M,0.344"
X-2761,RASIP1,54922.0,MutNovel,"R338Q,0.429"
X-2761,RBM12,10137.0,MutNovel,"M895I,0.401"
X-2761,RBM43,375287.0,MutKnownFunctional,"-136,0.400"
X-2761,RBMY1A3P,286557.0,Del0.8,0.27
X-2761,RBMY1B,378948.0,Del0.8,0.27
X-2761,RBMY1B,378948.0,Del0.8,0.27
X-2761,RBMY1E,378950.0,Del0.8,0.27
X-2761,RBMY1E,378950.0,Del0.8,0.27
X-2761,RBMY1F,159163.0,Del0.8,0.27
X-2761,RBMY1F,159163.0,Del0.8,0.27
X-2761,RBMY1J,378951.0,Del0.8,0.27
X-2761,RBMY1J,378951.0,Del0.8,0.27
X-2761,RBMY2EP,159125.0,Del0.8,0.27
X-2761,RBMY2FP,159162.0,Del0.8,0.27
X-2761,RBMY3AP,64593.0,Del0.8,0.27
X-2761,RCCD1,91433.0,MutNovel,"P146Q,1.000"
X-2761,RCE1,9986.0,MutNovel,"A171T,0.432"
X-2761,RDH13,112724.0,MutNovel,"V324M,0.718"
X-2761,REEP4,80346.0,MutNovel,"P252S,0.521"
X-2761,REPIN1,29803.0,MutKnownFunctional,"-427?,0.423"
X-2761,REPIN1,29803.0,MutNovel,"T567M,0.558"
X-2761,RGL2,5863.0,MutKnownFunctional,"R288*,0.341"
X-2761,RGS12,6002.0,MutNovel,"V1430I,1.000"
X-2761,RIN3,79890.0,MutNovel,"G967-,0.588"
X-2761,RNF145,153830.0,MutKnownFunctional,"-25,0.270"
X-2761,RNF213,57674.0,MutNovel,"A3313T,0.500"
X-2761,RNF213,57674.0,MutNovel,"D3410V,0.615"
X-2761,RNF216,54476.0,MutNovel,"M748V,0.591"
X-2761,RNF31,55072.0,MutNovel,"A536T,0.535"
X-2761,RNF43,54894.0,MutKnownFunctional,"-659,0.895"
X-2761,RNPS1,10921.0,MutNovel,"R154W,0.519"
X-2761,RPL22,6146.0,MutKnownFunctional,"-15,0.345"
X-2761,RPL34,6164.0,MutKnownFunctional,"-118,0.459"
X-2761,RPL35,11224.0,MutKnownFunctional,"Q20*,0.225"
X-2761,RPRD1A,55197.0,MutKnownFunctional,"Q68*,0.246"
X-2761,RPRD2,23248.0,MutNovel,"V1178A,0.266"
X-2761,RPS24,6229.0,MutNovel,"MR131NR,1.000"
X-2761,RPS4Y1,6192.0,Del0.8,0.27
X-2761,RPS4Y2,140032.0,Del0.8,0.27
X-2761,RPUSD4,84881.0,MutKnownFunctional,"-255,0.358"
X-2761,RRM2B,50484.0,MutNovel,"I231V,0.211"
X-2761,RRP1,8568.0,MutNovel,"R459H,0.425"
X-2761,RRP12,23223.0,MutNovel,"S243R,0.571"
X-2761,RRP1B,23076.0,MutNovel,"T708M,0.548"
X-2761,RSBN1L,222194.0,MutKnownFunctional,"-15,0.412"
X-2761,RXRB,6257.0,MutNovel,"E64Q,0.509"
X-2761,SAFB2,9667.0,MutKnownFunctional,"-945,0.828"
X-2761,SART3,9733.0,MutNovel,"R207H,0.644"
X-2761,SBF1,6305.0,MutKnownFunctional,"-1076,0.282"
X-2761,SCAF1,58506.0,MutNovel,"R683W,0.727"
X-2761,SCAF1,58506.0,MutNovel,"I690N,0.257"
X-2761,SCAP,22937.0,MutNovel,"G523D,0.529"
X-2761,SCRIB,23513.0,MutNovel,"A1408T,0.474"
X-2761,SCRN2,90507.0,MutNovel,"V417A,0.494"
X-2761,SDC4,6385.0,MutNovel,"G35D,0.530"
X-2761,SDCCAG8,10806.0,MutNovel,"C361Y,0.667"
X-2761,SDSL,113675.0,MutNovel,"A235T,0.328"
X-2761,SEC23A,10484.0,MutNovel,"C432Y,0.349"
X-2761,SEC23B,10483.0,MutNovel,"P567S,0.499"
X-2761,SEC63,11231.0,MutKnownFunctional,"-535,0.600"
X-2761,SEL1L3,23231.0,MutNovel,"W679R,0.333"
X-2761,SEL1L3,23231.0,MutKnownFunctional,"-131,0.321"
X-2761,SEMA4D,10507.0,MutKnownFunctional,"-6,0.500"
X-2761,SEPN1,57190.0,MutNovel,"K246N,0.444"
X-2761,SEPP1,6414.0,MutNovel,"M72I,0.562"
X-2761,SERINC2,347735.0,MutNovel,"-373Q,0.772"
X-2761,SETD1A,9739.0,MutNovel,"R312H,0.706"
X-2761,SETDB1,9869.0,MutKnownFunctional,"-394,0.558"
X-2761,SETX,23064.0,MutNovel,"R1580C,0.316"
X-2761,SF3B4,10262.0,MutKnownFunctional,"-383,0.563"
X-2761,SGPP1,81537.0,MutNovel,"A320V,0.471"
X-2761,SGSM2,9905.0,MutNovel,"R674L,0.438"
X-2761,SH2B1,25970.0,MutKnownFunctional,"-473,0.575"
X-2761,SH3BP1,23616.0,MutKnownFunctional,"-577,0.432"
X-2761,SH3YL1,26751.0,MutNovel,"G123R,0.516"
X-2761,SHANK2,22941.0,MutNovel,"G1384S,0.600"
X-2761,SHISA8,440829.0,MutNovel,"A320V,0.963"
X-2761,SHROOM3,57619.0,MutNovel,"A1247T,0.384"
X-2761,SKI,6497.0,MutNovel,"A385V,0.560"
X-2761,SLC12A2,6558.0,MutNovel,"P362S,0.629"
X-2761,SLC12A7,10723.0,MutNovel,"I749M,0.436"
X-2761,SLC16A11,162515.0,MutKnownFunctional,"-340?,0.556"
X-2761,SLC16A4,9122.0,MutKnownFunctional,"-475,0.500"
X-2761,SLC20A2,6575.0,MutNovel,"F333L,0.581"
X-2761,SLC25A39,51629.0,MutNovel,"G126D,0.484"
X-2761,SLC52A3,,MutNovel,"S105N,0.579"
X-2761,SLC7A6,9057.0,MutNovel,"N57S,0.636"
X-2761,SMARCC1,6599.0,MutNovel,"R135Q,0.435"
X-2761,SMARCD1,6602.0,MutNovel,"R138C,0.277"
X-2761,SMC1A,8243.0,MutNovel,"K467N,0.492"
X-2761,SMC6,79677.0,MutKnownFunctional,"-409,0.333"
X-2761,SMG7,9887.0,MutNovel,"R1135M,0.684"
X-2761,SMPDL3B,27293.0,MutNovel,"L448P,0.330"
X-2761,SNAPC4,6621.0,MutNovel,"S542-,0.321"
X-2761,SNUPN,10073.0,MutNovel,"A289V,0.989"
X-2761,SNX4,8723.0,MutNovel,"D296E,0.370"
X-2761,SOGA2,,MutNovel,"R839C,0.800"
X-2761,SOGA2,,MutNovel,"R843W,0.727"
X-2761,SORBS3,10174.0,MutNovel,"G317D,0.331"
X-2761,SORL1,6653.0,MutNovel,"L2146R,0.366"
X-2761,SOWAHC,65124.0,MutNovel,"P172R,0.389"
X-2761,SOX9,6662.0,MutKnownFunctional,"-304,0.379"
X-2761,SPATA24,202051.0,MutNovel,"V25L,0.500"
X-2761,SPATA25,128497.0,MutNovel,"R83W,1.000"
X-2761,SPATS2L,26010.0,MutNovel,"T380P,0.477"
X-2761,SPDEF,25803.0,MutNovel,"L260F,0.488"
X-2761,SPEF2,79925.0,MutNovel,"I290M,0.515"
X-2761,SPEN,23013.0,MutNovel,"L1091A,0.500"
X-2761,SPG11,80208.0,MutNovel,"M935T,1.000"
X-2761,SPINK1,6690.0,MutNovel,"K31N,0.227"
X-2761,SPNS2,124976.0,MutNovel,"T454M,0.214"
X-2761,SPON2,10417.0,MutNovel,"P6L,0.818"
X-2761,SPOPL,339745.0,MutNovel,"F136I,0.520"
X-2761,SPPL2B,56928.0,MutKnownFunctional,"-124,0.296"
X-2761,SPSB1,80176.0,MutKnownFunctional,"-122,0.407"
X-2761,SPTAN1,6709.0,MutNovel,"R2440W,0.294"
X-2761,SQRDL,58472.0,MutNovel,"R101H,0.998"
X-2761,SRCAP,10847.0,MutKnownFunctional,"-1876,0.465"
X-2761,SRCAP,10847.0,MutNovel,"P3101S,0.515"
X-2761,SRGAP1,57522.0,MutNovel,"S816G,0.500"
X-2761,SRPK1,6732.0,MutNovel,"S619Y,0.476"
X-2761,SRRM2,23524.0,MutNovel,"R1943C,0.500"
X-2761,SRSF1,6426.0,MutNovel,"R181K,0.553"
X-2761,SRY,6736.0,Del0.8,0.27
X-2761,SSFA2,6744.0,MutNovel,"A1046T,0.453"
X-2761,SSH3,54961.0,MutNovel,"E623G,0.294"
X-2761,STARD3,10948.0,MutNovel,"G280S,0.505"
X-2761,STIM1,6786.0,MutNovel,"M174T,0.568"
X-2761,SYBU,55638.0,MutNovel,"L543S,0.318"
X-2761,TADA3,10474.0,MutNovel,"R396C,0.512"
X-2761,TAF1C,9013.0,MutNovel,"A804T,0.739"
X-2761,TAF1C,9013.0,MutKnownFunctional,"-534,0.500"
X-2761,TAMM41,132001.0,MutNovel,"P40L,0.634"
X-2761,TARS2,80222.0,MutNovel,"R658C,0.667"
X-2761,TBC1D23,55773.0,MutKnownFunctional,"-647?,0.345"
X-2761,TBC1D9B,23061.0,MutNovel,"R559C,0.601"
X-2761,TBL1Y,90665.0,Del0.8,0.27
X-2761,TCEB3,6924.0,MutNovel,"S438T,0.548"
X-2761,TCERG1,10915.0,MutNovel,"R543W,0.269"
X-2761,TCF7L2,6934.0,MutNovel,"A469V,0.471"
X-2761,TEP1,7011.0,MutKnownFunctional,"-1856,0.460"
X-2761,TET3,200424.0,MutNovel,"A1279T,0.556"
X-2761,TEX19,400629.0,MutKnownFunctional,"E52*,0.875"
X-2761,TGFBR2,7048.0,MutKnownFunctional,"-150,0.650"
X-2761,TGIF2LY,90655.0,Del0.8,0.27
X-2761,THAP5,168451.0,MutKnownFunctional,"-99,0.571"
X-2761,THOC6,79228.0,MutNovel,"L241I,0.512"
X-2761,TIMELESS,8914.0,MutNovel,"G1146A,0.356"
X-2761,TM7SF2,7108.0,MutNovel,"A28T,0.500"
X-2761,TMC6,11322.0,MutNovel,"A219V,0.366"
X-2761,TMEM120B,144404.0,MutNovel,"C169G,0.316"
X-2761,TMEM143,55260.0,MutNovel,"A49V,0.333"
X-2761,TMEM176B,28959.0,MutKnownFunctional,"-103,0.923"
X-2761,TMEM191B,728229.0,MutNovel,"F159FY,0.833"
X-2761,TMEM238,388564.0,MutNovel,"G30V,0.732"
X-2761,TMEM41B,440026.0,MutKnownFunctional,"-230,0.413"
X-2761,TMEM43,79188.0,MutNovel,"A313V,0.583"
X-2761,TMEM60,85025.0,MutKnownFunctional,"-77,0.516"
X-2761,TMEM63B,55362.0,MutKnownFunctional,"C23*,0.402"
X-2761,TMEM97,27346.0,MutKnownFunctional,"-173,0.344"
X-2761,TMSB4Y,9087.0,Del0.8,0.27
X-2761,TNRC6B,23112.0,MutNovel,"A1354T,0.273"
X-2761,TOP2A,7153.0,MutNovel,"V341M,0.500"
X-2761,TPP2,7174.0,MutNovel,"P625L,0.481"
X-2761,TRAF6,7189.0,MutNovel,"R392C,0.649"
X-2761,TRAFD1,10906.0,MutNovel,"D408N,0.329"
X-2761,TRANK1,9881.0,MutNovel,"F294V,0.700"
X-2761,TRIB3,57761.0,MutNovel,"R34Q,0.520"
X-2761,TRIM3,10612.0,MutNovel,"G184R,0.406"
X-2761,TRIM62,55223.0,MutNovel,"R333H,0.778"
X-2761,TRIM72,493829.0,MutNovel,"H299R,0.512"
X-2761,TRMT10C,,MutKnownFunctional,"-128,0.360"
X-2761,TRMT2A,27037.0,MutNovel,"R525Q,0.460"
X-2761,TRMT61B,55006.0,MutKnownFunctional,"-186?,0.271"
X-2761,TSC22D1,8848.0,MutNovel,"T356S,0.389"
X-2761,TSPAN14,81619.0,MutNovel,"A9T,0.544"
X-2761,TSPY1,7258.0,Del0.8,0.27
X-2761,TSPY2,64591.0,Del0.8,0.27
X-2761,TSPY3,728137.0,Del0.8,0.27
X-2761,TSPY4,728395.0,Del0.8,0.27
X-2761,TSPY8,728403.0,Del0.8,0.27
X-2761,TSPYL1,7259.0,MutNovel,"V176VW,0.503"
X-2761,TTC19,54902.0,MutNovel,"R66G,0.471"
X-2761,TTC22,55001.0,MutNovel,"R457H,0.460"
X-2761,TTC3,7267.0,MutKnownFunctional,"-776,0.310"
X-2761,TTC30B,150737.0,MutKnownFunctional,"-411,0.625"
X-2761,TTK,7272.0,MutKnownFunctional,"-851,0.269"
X-2761,TTN,7273.0,MutNovel,"I15444M,0.727"
X-2761,TTTY10,246119.0,Del0.8,0.27
X-2761,TTTY11,83866.0,Del0.8,0.27
X-2761,TTTY12,83867.0,Del0.8,0.27
X-2761,TTTY13,83868.0,Del0.8,0.27
X-2761,TTTY14,83869.0,Del0.8,0.27
X-2761,TTTY15,64595.0,Del0.8,0.27
X-2761,TTTY16,252948.0,Del0.8,0.27
X-2761,TTTY17A,252949.0,Del0.8,0.27
X-2761,TTTY17A,252949.0,Del0.8,0.27
X-2761,TTTY18,252950.0,Del0.8,0.27
X-2761,TTTY19,252952.0,Del0.8,0.27
X-2761,TTTY1B,100101116.0,Del0.8,0.27
X-2761,TTTY1B,100101116.0,Del0.8,0.27
X-2761,TTTY2,60439.0,Del0.8,0.27
X-2761,TTTY2,60439.0,Del0.8,0.27
X-2761,TTTY20,252951.0,Del0.8,0.27
X-2761,TTTY21,252953.0,Del0.8,0.27
X-2761,TTTY21,252953.0,Del0.8,0.27
X-2761,TTTY22,252954.0,Del0.8,0.27
X-2761,TTTY23,252955.0,Del0.8,0.27
X-2761,TTTY23,252955.0,Del0.8,0.27
X-2761,TTTY3,114760.0,Del0.8,0.27
X-2761,TTTY3,114760.0,Del0.8,0.27
X-2761,TTTY4,114761.0,Del0.8,0.27
X-2761,TTTY4,114761.0,Del0.8,0.27
X-2761,TTTY5,83863.0,Del0.8,0.27
X-2761,TTTY6,84672.0,Del0.8,0.27
X-2761,TTTY6,84672.0,Del0.8,0.27
X-2761,TTTY7,246122.0,Del0.8,0.27
X-2761,TTTY7,246122.0,Del0.8,0.27
X-2761,TTTY7B,100101120.0,Del0.8,0.27
X-2761,TTTY7B,100101120.0,Del0.8,0.27
X-2761,TTTY8,84673.0,Del0.8,0.27
X-2761,TTTY8,84673.0,Del0.8,0.27
X-2761,TTTY9A,83864.0,Del0.8,0.27
X-2761,TTTY9A,83864.0,Del0.8,0.27
X-2761,TUBGCP3,10426.0,MutNovel,"P175L,0.586"
X-2761,TUFT1,7286.0,MutNovel,"A20V,0.378"
X-2761,TULP4,56995.0,MutNovel,"R1488W,0.385"
X-2761,TUT1,64852.0,MutNovel,"R553Q,0.393"
X-2761,TXLNG2P,246126.0,Del0.8,0.27
X-2761,UBAP1,51271.0,MutNovel,"G467D,0.321"
X-2761,UBE2Q1,55585.0,MutNovel,"N324S,0.671"
X-2761,UBE3C,9690.0,MutNovel,"A560T,0.547"
X-2761,UBE4B,10277.0,MutNovel,"R1072H,0.483"
X-2761,UBQLN1,29979.0,MutNovel,"A505T,0.354"
X-2761,UBR5,51366.0,MutKnownFunctional,"-2120,0.434"
X-2761,UNC13B,10497.0,MutNovel,"K552N,0.360"
X-2761,UNG,7374.0,MutNovel,"H157Q,0.576"
X-2761,UNK,85451.0,MutNovel,"R284H,0.455"
X-2761,UNKL,64718.0,MutNovel,"G456S,0.556"
X-2761,UPF3A,65110.0,MutKnownFunctional,"-264,0.674"
X-2761,UPK3B,80761.0,MutNovel,"G180C,0.968"
X-2761,USP28,57646.0,MutNovel,"M213V,0.462"
X-2761,USP36,57602.0,MutNovel,"F1087I,0.525"
X-2761,USP42,84132.0,MutKnownFunctional,"-1234,0.467"
X-2761,USP9Y,8287.0,Del0.8,0.27
X-2761,UTY,7404.0,Del0.8,0.27
X-2761,VCY,9084.0,Del0.8,0.27
X-2761,VCY,9084.0,Del0.8,0.27
X-2761,VEZT,55591.0,MutKnownFunctional,"-197,0.458"
X-2761,VOPP1,81552.0,MutNovel,"R53Q,0.475"
X-2761,VPS13A,23230.0,MutKnownFunctional,"-1570,0.278"
X-2761,VPS13D,55187.0,MutNovel,"G1953R,0.500"
X-2761,VPS37B,79720.0,MutKnownFunctional,"-210,0.711"
X-2761,VPS37D,155382.0,MutNovel,"E55D,0.500"
X-2761,VPS41,27072.0,MutNovel,"P826S,0.486"
X-2761,VPS54,51542.0,MutNovel,"R825W,0.586"
X-2761,VPS8,23355.0,MutNovel,"D1256N,0.535"
X-2761,VTI1A,143187.0,MutNovel,"R92Q,0.545"
X-2761,WBP1,23559.0,MutKnownFunctional,"-182?,0.359"
X-2761,WDR55,54853.0,MutKnownFunctional,"R328*,0.355"
X-2761,WDR55,54853.0,MutKnownFunctional,"-339,0.409"
X-2761,WDR75,84128.0,MutNovel,"T693P,0.507"
X-2761,WDR81,124997.0,MutNovel,"T1082A,0.429"
X-2761,WDR90,197335.0,MutKnownFunctional,"-1202,0.494"
X-2761,WFIKKN1,117166.0,MutNovel,"C392Y,0.429"
X-2761,WHSC1L1,54904.0,MutNovel,"R1310Q,0.474"
X-2761,WNK4,65266.0,MutNovel,"T1037A,0.614"
X-2761,XKRY2,353515.0,Del0.8,0.27
X-2761,XKRY2,353515.0,Del0.8,0.27
X-2761,XPC,7508.0,MutNovel,"F265L,0.560"
X-2761,XPNPEP3,63929.0,MutNovel,"Q32R,1.000"
X-2761,XPR1,9213.0,MutNovel,"I11V,0.500"
X-2761,XYLT2,64132.0,MutNovel,"V255I,0.486"
X-2761,YTHDF1,54915.0,MutKnownFunctional,"-123,0.259"
X-2761,ZACN,353174.0,MutNovel,"A230T,0.455"
X-2761,ZBTB1,22890.0,MutKnownFunctional,"-522,0.303"
X-2761,ZC3H18,124245.0,MutNovel,"E336K,0.473"
X-2761,ZC3H18,124245.0,MutNovel,"R596Q,0.441"
X-2761,ZC3H4,23211.0,MutKnownFunctional,"-621,0.560"
X-2761,ZC3H7B,23264.0,MutNovel,"S853G,0.534"
X-2761,ZCCHC4,29063.0,MutKnownFunctional,"-318,0.364"
X-2761,ZDHHC1,29800.0,MutNovel,"A116V,0.505"
X-2761,ZDHHC11,79844.0,MutNovel,"A303D,0.333"
X-2761,ZFAND5,7763.0,MutNovel,"I198N,0.669"
X-2761,ZFY,7544.0,Del0.8,0.27
X-2761,ZHX3,23051.0,MutKnownFunctional,"Q948*,0.562"
X-2761,ZMIZ1,57178.0,MutKnownFunctional,"-1048,0.455"
X-2761,ZNF124,7678.0,MutNovel,"D40G,0.657"
X-2761,ZNF16,7564.0,MutNovel,"S499T,0.343"
X-2761,ZNF187,7741.0,MutNovel,"V390I,0.500"
X-2761,ZNF213,7760.0,MutNovel,"A116T,0.407"
X-2761,ZNF215,7762.0,MutKnownFunctional,"-518?,0.500"
X-2761,ZNF225,7768.0,MutKnownFunctional,"R392*,0.407"
X-2761,ZNF280C,55609.0,MutNovel,"H625R,1.000"
X-2761,ZNF292,23036.0,MutNovel,"Q1884R,0.476"
X-2761,ZNF292,23036.0,MutKnownFunctional,"-2046,0.625"
X-2761,ZNF302,55900.0,MutNovel,"I88N,1.000"
X-2761,ZNF322,79692.0,MutKnownFunctional,"-377?,0.471"
X-2761,ZNF358,140467.0,MutKnownFunctional,"-130,0.440"
X-2761,ZNF367,195828.0,MutNovel,"A341D,0.382"
X-2761,ZNF48,197407.0,MutKnownFunctional,"-247?,0.404"
X-2761,ZNF496,84838.0,MutNovel,"A54T,0.389"
X-2761,ZNF517,340385.0,MutNovel,"A487V,0.387"
X-2761,ZNF550,162972.0,MutNovel,"R263C,1.000"
X-2761,ZNF574,64763.0,MutNovel,"C771Y,0.658"
X-2761,ZNF583,147949.0,MutNovel,"D126Y,1.000"
X-2761,ZNF616,90317.0,MutNovel,"D108V,0.318"
X-2761,ZNF655,79027.0,MutNovel,"T416A,0.333"
X-2761,ZNF687,57592.0,MutNovel,"R583C,0.944"
X-2761,ZNF711,7552.0,MutNovel,"C510Y,0.218"
X-2761,ZNF764,92595.0,MutNovel,"A142T,0.778"
X-2761,ZNF787,126208.0,MutNovel,"R182H,0.756"
X-2761,ZNF816,125893.0,MutKnownFunctional,"E338*,0.373"
X-2761,ZSWIM6,57688.0,MutNovel,"A1182V,0.372"
X-2822,ABCA2,20.0,MutNovel,"A1794V,0.571"
X-2822,ACACA,31.0,MutNovel,"H1808L,0.400"
X-2822,ACTR3BP2,440888.0,Del0.8,0.65
X-2822,ADAM6,8755.0,Amp5,5.17
X-2822,AGTRAP,57085.0,MutNovel,"A133T,1.000"
X-2822,AKR1B10,57016.0,MutNovel,"A245T,0.366"
X-2822,APBB1,322.0,MutNovel,"R470C,0.833"
X-2822,APLNR,187.0,Del0.8,0.28
X-2822,ARID1B,57492.0,MutNovel,"G315-,0.278"
X-2822,ARID1B,57492.0,MutNovel,"G330A,0.455"
X-2822,ARL16,339231.0,MutNovel,"S100SL,0.220"
X-2822,ARV1,64801.0,MutKnownFunctional,"-170?,0.375"
X-2822,ASB8,140461.0,MutNovel,"I169N,0.516"
X-2822,ATP11A,23250.0,MutNovel,"D1090N,0.408"
X-2822,ATXN7,6314.0,MutNovel,"N848S,0.833"
X-2822,B3GALT6,126792.0,MutNovel,"G195R,1.000"
X-2822,BPY2B,442867.0,Del0.8,0.62
X-2822,C11orf80,79703.0,MutNovel,"A143S,0.571"
X-2822,C16orf3,750.0,MutNovel,"V60I,0.333"
X-2822,C17orf53,78995.0,MutNovel,"T395I,0.429"
X-2822,C2CD4A,145741.0,MutNovel,"R225G,0.625"
X-2822,C4orf21,55345.0,MutKnownFunctional,"R1784*,1.000"
X-2822,C6orf223,221416.0,MutNovel,"-124A,0.219"
X-2822,C9orf173,441476.0,MutNovel,"A313T,0.667"
X-2822,CALR,811.0,MutNovel,"I175M,0.514"
X-2822,CAPN2,824.0,MutNovel,"D524N,0.472"
X-2822,CCDC144B,284047.0,Del0.8,0.55
X-2822,CD8B,926.0,MutNovel,"R51C,0.231"
X-2822,CEACAM7,1087.0,MutNovel,"L187P,1.000"
X-2822,CEACAM7,1087.0,MutNovel,"NT174KA,0.533"
X-2822,CEACAM7,1087.0,MutNovel,"T172I,0.375"
X-2822,CEACAM7,1087.0,MutNovel,"T172A,0.500"
X-2822,CEACAM7,1087.0,MutNovel,"Q169E,1.000"
X-2822,CEACAM8,1088.0,MutNovel,"L203F,0.429"
X-2822,CEACAM8,1088.0,MutNovel,"F165L,1.000"
X-2822,CEACAM8,1088.0,MutNovel,"K160E,1.000"
X-2822,CELSR2,1952.0,MutNovel,"Y2483C,0.538"
X-2822,CNOT1,23019.0,MutNovel,"I1202M,0.636"
X-2822,CPXCR1,53336.0,Del0.8,0.22
X-2822,CTPS2,56474.0,MutNovel,"P527A,1.000"
X-2822,CTSA,5476.0,MutNovel,"L29-,0.928"
X-2822,DCC,1630.0,Del0.8,0.22
X-2822,DCPS,28960.0,MutNovel,"D181N,0.391"
X-2822,DENND4B,9909.0,MutNovel,"QQQ908-,0.333"
X-2822,DHX36,170506.0,MutKnownFunctional,"-154?,0.375"
X-2822,DNAH1,25981.0,MutNovel,"V3591M,0.750"
X-2822,DNAH9,1770.0,Del0.8,0.54
X-2822,DOC2A,8448.0,MutNovel,"R252C,0.600"
X-2822,E2F1,1869.0,MutNovel,"G21R,0.727"
X-2822,EHD3,30845.0,MutNovel,"E500K,1.000"
X-2822,FAH,2184.0,MutNovel,"V34M,0.444"
X-2822,FAM106A,80039.0,Del0.8,0.28
X-2822,FAM133A,286499.0,Del0.8,0.26
X-2822,FAM66D,100132923.0,Del0.8,0.72
X-2822,FAM74A4,401508.0,Del0.8,0.7
X-2822,FAM86B1,85002.0,Del0.8,0.72
X-2822,FBXO38,81545.0,MutNovel,"NGS835N,0.615"
X-2822,FEM1A,55527.0,MutNovel,"Q520R,0.405"
X-2822,FLYWCH1,84256.0,MutNovel,"R164W,1.000"
X-2822,FRMD4A,55691.0,MutNovel,"AGGG816G,0.389"
X-2822,FTSJD1,55783.0,MutNovel,"G245D,1.000"
X-2822,FUT2,2524.0,MutKnownFunctional,"Q59*,0.354"
X-2822,GGT8P,645367.0,Del0.8,0.7
X-2822,GMIP,51291.0,MutNovel,"G413A,0.818"
X-2822,GMIP,51291.0,MutNovel,"K382N,0.565"
X-2822,GPD2,2820.0,MutNovel,"A505D,0.667"
X-2822,GPRIN2,9721.0,Del0.8,0.71
X-2822,GSTM1,2944.0,Del0.8,0.67
X-2822,HAAO,23498.0,Del0.8,0.23
X-2822,HELB,92797.0,MutNovel,"P981L,0.500"
X-2822,HELZ,9931.0,MutNovel,"P1450L,0.500"
X-2822,HK2,3099.0,MutNovel,"G898R,0.286"
X-2822,HLA-B,3106.0,MutNovel,"E69R,1.000"
X-2822,HNF4G,3174.0,MutNovel,"Q315R,0.684"
X-2822,HPS1,3257.0,MutNovel,"E161D,0.509"
X-2822,HUS1B,135458.0,MutNovel,"D222H,0.750"
X-2822,IDI1,3422.0,MutNovel,"D82N,0.375"
X-2822,IDUA,3425.0,MutNovel,"R38L,0.737"
X-2822,IRF2BP2,359948.0,MutNovel,"-99S,0.394"
X-2822,ITGB4,3691.0,MutNovel,"G1445D,0.433"
X-2822,KDM4B,23030.0,MutNovel,"V545M,0.667"
X-2822,KDM5A,5927.0,MutNovel,"S25N,0.600"
X-2822,KGFLP1,387628.0,Del0.8,0.7
X-2822,KIAA0100,9703.0,MutNovel,"W1957R,0.587"
X-2822,KIAA0125,9834.0,Amp5,5.17
X-2822,KIAA0226L,80183.0,MutNovel,"A370V,0.625"
X-2822,KIAA0368,23392.0,MutNovel,"E1668-,0.577"
X-2822,KIAA0430,9665.0,MutNovel,"N913D,0.250"
X-2822,KIAA0556,23247.0,MutNovel,"R1184W,0.455"
X-2822,KIAA1919,91749.0,MutNovel,"L182Y,0.500"
X-2822,KIF7,374654.0,MutNovel,"E1161K,1.000"
X-2822,KRAS,3845.0,MutKnownFunctional,"G13D,1.000"
X-2822,KRT3,3850.0,MutNovel,"DL366EM,1.000"
X-2822,KRT80,144501.0,MutNovel,"Q354R,0.400"
X-2822,LAMB2,3913.0,MutNovel,"D1496E,0.600"
X-2822,LGALS9C,654346.0,Del0.8,0.28
X-2822,LGR4,55366.0,MutNovel,"A606T,0.469"
X-2822,LINC00226,338004.0,Amp5,6.54
X-2822,LOC100129726,100129726.0,Del0.8,0.21
X-2822,LOC100287225,100287225.0,Del0.8,0.2
X-2822,LOC100287327,,MutNovel,"S23P,0.750"
X-2822,LOC100287364,,MutNovel,"S23P,1.000"
X-2822,LOC100509263,,MutNovel,"L223S,0.750"
X-2822,LOC100509263,,MutNovel,"R277Q,0.600"
X-2822,LOC100652772,,MutNovel,"P21S,0.273"
X-2822,LOC100996300,,MutNovel,"I80N,1.000"
X-2822,LOC100996574,,MutNovel,"F61C,0.750"
X-2822,LOC392196,392196.0,Del0.8,0.72
X-2822,LONP1,9361.0,MutNovel,"N450S,0.368"
X-2822,LRIG3,121227.0,MutNovel,"T900P,0.278"
X-2822,LRRC55,219527.0,Del0.8,0.3
X-2822,LSR,51599.0,MutNovel,"G518GR,0.869"
X-2822,MADCAM1,8174.0,MutNovel,"S248P,0.667"
X-2822,MAP2K4,6416.0,Del0.8,0.31
X-2822,2014-03-08 00:00:00,220972.0,Del0.8,0.76
X-2822,MAZ,4150.0,MutNovel,"AAA435-,0.249"
X-2822,MBD2,8932.0,Del0.8,0.23
X-2822,MCM10,55388.0,MutNovel,"K675E,0.500"
X-2822,ME2,4200.0,Del0.8,0.29
X-2822,MED1,5469.0,MutNovel,"P228S,1.000"
X-2822,MED12,9968.0,MutNovel,"N1845T,0.333"
X-2822,METTL15,196074.0,MutNovel,"T36I,0.500"
X-2822,MEX3C,51320.0,Del0.8,0.21
X-2822,MIB1,57534.0,MutNovel,"G763V,0.643"
X-2822,MIR744,100126313.0,Del0.8,0.23
X-2822,MKI67,4288.0,MutNovel,"A994T,0.438"
X-2822,MPV17L,255027.0,MutNovel,"L127M,0.235"
X-2822,MTA3,57504.0,Del0.8,0.76
X-2822,MUC12,10071.0,MutNovel,"A2912T,1.000"
X-2822,MUC12,10071.0,MutNovel,"H3330D,0.273"
X-2822,MUC12,10071.0,MutNovel,"T4402I,0.333"
X-2822,MUC17,140453.0,MutNovel,"G2828S,0.231"
X-2822,MUC3A,,MutNovel,"R485P,0.750"
X-2822,MUC3A,,MutNovel,"E601Q,1.000"
X-2822,MUC3A,,MutNovel,"I736T,1.000"
X-2822,N4BP2L2,10443.0,MutNovel,"T50I,0.506"
X-2822,NAP1L3,4675.0,Del0.8,0.26
X-2822,NBPF10,100132406.0,MutNovel,"I1165F,0.214"
X-2822,NBPF14,25832.0,MutNovel,"V576I,0.400"
X-2822,NBPF9,400818.0,MutNovel,"R97G,0.214"
X-2822,NBPF9,400818.0,MutNovel,"Q184R,1.000"
X-2822,NCOR2,9612.0,MutNovel,"G1839GAAA,0.397"
X-2822,NCOR2,9612.0,MutNovel,"-511S,0.231"
X-2822,NEU1,4758.0,MutNovel,"R214H,0.448"
X-2822,NFASC,23114.0,MutNovel,"R769Q,1.000"
X-2822,NFE2L3,9603.0,MutNovel,"L600S,0.423"
X-2822,NUB1,51667.0,MutNovel,"R7C,0.750"
X-2822,OAZ2,4947.0,MutNovel,"P143L,0.500"
X-2822,OR10AG1,282770.0,Del0.8,0.27
X-2822,OR4C6,219432.0,Del0.8,0.28
X-2822,OR4K2,390431.0,Del0.8,0.68
X-2822,OR4N2,390429.0,Del0.8,0.68
X-2822,OR4P4,81300.0,Del0.8,0.28
X-2822,OR4S2,219431.0,Del0.8,0.28
X-2822,OR5AK2,390181.0,Del0.8,0.24
X-2822,OR5AK4P,219525.0,Del0.8,0.1
X-2822,OR5AP2,338675.0,Del0.8,0.13
X-2822,OR5AR1,219493.0,Del0.8,0.27
X-2822,OR5AS1,219447.0,Del0.8,0.31
X-2822,OR5D13,390142.0,Del0.8,0.25
X-2822,OR5D14,219436.0,Del0.8,0.25
X-2822,OR5D18,219438.0,Del0.8,0.25
X-2822,OR5F1,338674.0,Del0.8,0.27
X-2822,OR5I1,10798.0,Del0.8,0.14
X-2822,OR5J2,282775.0,Del0.8,0.26
X-2822,OR5L1,219437.0,Del0.8,0.25
X-2822,OR5L2,26338.0,Del0.8,0.25
X-2822,OR5M1,390168.0,Del0.8,0.32
X-2822,OR5M10,390167.0,Del0.8,0.32
X-2822,OR5M11,219487.0,Del0.8,0.32
X-2822,OR5M3,219482.0,Del0.8,0.32
X-2822,OR5M8,219484.0,Del0.8,0.32
X-2822,OR5M9,390162.0,Del0.8,0.32
X-2822,OR5R1,219479.0,Del0.8,0.15
X-2822,OR5T1,390155.0,Del0.8,0.3
X-2822,OR5T2,219464.0,Del0.8,0.3
X-2822,OR5T3,390154.0,Del0.8,0.3
X-2822,OR5W2,390148.0,Del0.8,0.39
X-2822,OR7E5P,219445.0,Del0.8,0.27
X-2822,OR8H1,219469.0,Del0.8,0.3
X-2822,OR8H2,390151.0,Del0.8,0.31
X-2822,OR8H3,390152.0,Del0.8,0.31
X-2822,OR8I2,120586.0,Del0.8,0.31
X-2822,OR8J1,219477.0,Del0.8,0.36
X-2822,OR8J3,81168.0,Del0.8,0.26
X-2822,OR8K1,390157.0,Del0.8,0.15
X-2822,OR8K3,219473.0,Del0.8,0.3
X-2822,OR8K5,219453.0,Del0.8,0.26
X-2822,OR9G1,390174.0,Del0.8,0.27
X-2822,OR9G4,283189.0,Del0.8,0.24
X-2822,ORAI1,84876.0,MutNovel,"PP43-,1.000"
X-2822,OXER1,165140.0,Del0.8,0.23
X-2822,PABPC5,140886.0,Del0.8,0.28
X-2822,PCDH11X,27328.0,Del0.8,0.38
X-2822,PCYT1A,5130.0,MutNovel,"E26G,0.500"
X-2822,PHLDA1,22822.0,MutNovel,"QQ194Q,0.600"
X-2822,PHLPP1,23239.0,MutNovel,"A136V,1.000"
X-2822,PIEZO1,9780.0,MutNovel,"R1876K,0.446"
X-2822,PIGK,10026.0,Del0.8,0.45
X-2822,PKD1,5310.0,MutNovel,"T1115V,0.231"
X-2822,PLA2G10,8399.0,MutNovel,"T50I,0.509"
X-2822,PLCB3,5331.0,MutNovel,"V866A,0.214"
X-2822,PLEC,5339.0,MutNovel,"R2794G,0.402"
X-2822,PLEKHA1,59338.0,MutNovel,"P46S,0.429"
X-2822,POLD1,5424.0,MutNovel,"R1086W,0.625"
X-2822,POLI,11201.0,Del0.8,0.55
X-2822,POLR2A,5430.0,MutNovel,"S1342T,0.400"
X-2822,PPRC1,23082.0,MutNovel,"R1504Q,0.667"
X-2822,PRB4,5545.0,MutNovel,"P71T,0.333"
X-2822,PRDM16,63976.0,MutNovel,"G1136R,1.000"
X-2822,PRR11,55771.0,MutNovel,"VT260-,0.276"
X-2822,PSME4,23198.0,MutKnownFunctional,"W196*,0.429"
X-2822,PTK2B,2185.0,MutNovel,"I939M,0.544"
X-2822,R3HDM1,23518.0,MutNovel,"D312G,0.643"
X-2822,RABEPK,10244.0,MutKnownFunctional,"-133,0.304"
X-2822,RASEF,158158.0,MutNovel,"H350Y,0.500"
X-2822,RHD,6007.0,Del0.8,0.4
X-2822,RIN3,79890.0,MutNovel,"G967-,0.826"
X-2822,RNF213,57674.0,MutNovel,"T1705K,0.542"
X-2822,RNMT,8731.0,MutNovel,"A2T,0.714"
X-2822,RNMTL1,55178.0,MutNovel,"V284I,0.444"
X-2822,ROCK1,6093.0,MutNovel,"V1003A,0.406"
X-2822,RRP8,23378.0,MutNovel,"G161S,0.684"
X-2822,SCAPER,49855.0,Del0.8,0.69
X-2822,SEC16B,89866.0,MutNovel,"D933N,0.333"
X-2822,SERINC2,347735.0,MutNovel,"-373Q,0.772"
X-2822,SLC11A2,4891.0,MutNovel,"V31L,0.965"
X-2822,SLC15A4,121260.0,MutNovel,"R102W,1.000"
X-2822,SLC29A2,3177.0,MutNovel,"E62K,1.000"
X-2822,SLC35A4,113829.0,MutNovel,"Y105C,0.552"
X-2822,SLC35E2,9906.0,MutNovel,"T59M,1.000"
X-2822,SMAD1,4086.0,Del0.8,0.8
X-2822,SMAD2,4087.0,Del0.8,0.5
X-2822,SMAD4,4089.0,Del0.8,0.39
X-2822,SMTN,6525.0,MutNovel,"V3I,0.615"
X-2822,SNAPC4,6621.0,MutNovel,"G1024R,0.441"
X-2822,SNORA37,677819.0,Del0.8,0.3
X-2822,SORT1,6272.0,MutNovel,"P40S,0.278"
X-2822,ST6GALNAC3,256435.0,Del0.8,0.38
X-2822,ST6GALNAC5,81849.0,Del0.8,0.21
X-2822,STAT2,6773.0,MutNovel,"G825C,1.000"
X-2822,STK16,8576.0,MutNovel,"R193W,0.448"
X-2822,TACC1,6867.0,MutNovel,"I127F,0.571"
X-2822,TBP,6908.0,MutNovel,"-64Q,0.600"
X-2822,TBX15,6913.0,Del0.8,0.59
X-2822,TCF4,6925.0,MutNovel,"T310A,1.000"
X-2822,TECPR2,9895.0,MutNovel,"R1115C,1.000"
X-2822,TGIF2LX,90316.0,Del0.8,0.34
X-2822,THADA,63892.0,Del0.8,0.46
X-2822,TIMM23,100287932.0,MutNovel,"R112G,0.333"
X-2822,TIMM23,100287932.0,MutNovel,"G23E,0.400"
X-2822,TIMM50,92609.0,MutNovel,"P289H,0.476"
X-2822,TJP2,9414.0,MutKnownFunctional,"-1211,0.410"
X-2822,TMEM184A,202915.0,MutNovel,"G392GA,0.875"
X-2822,TNFRSF21,27242.0,MutNovel,"I523N,0.525"
X-2822,TOM1L2,146691.0,MutNovel,"L289P,1.000"
X-2822,TOP2A,7153.0,MutNovel,"R1313Q,0.432"
X-2822,TP53,7157.0,MutNovel,"I255N,1.000"
X-2822,TSPAN17,26262.0,MutNovel,"K94T,0.393"
X-2822,TSPYL1,7259.0,MutNovel,"V176VW,0.433"
X-2822,TTC5,91875.0,MutNovel,"A95S,0.476"
X-2822,TTC5,91875.0,MutNovel,"E89K,0.550"
X-2822,TTC5,91875.0,MutNovel,"Q56H,0.211"
X-2822,TTTY4,114761.0,Del0.8,0.62
X-2822,TUBB2B,347733.0,MutNovel,"K174N,0.429"
X-2822,TULP3,7289.0,MutNovel,"Q479H,0.556"
X-2822,UGT2B17,7367.0,Del0.8,0.68
X-2822,USP17L2,377630.0,Del0.8,0.72
X-2822,USP32P2,220594.0,Del0.8,0.28
X-2822,USP36,57602.0,MutNovel,"KKK958K,0.761"
X-2822,USP5,8078.0,MutNovel,"V820I,0.600"
X-2822,UTS2D,257313.0,Del0.8,0.53
X-2822,UTY,7404.0,MutNovel,"ES89DA,1.000"
X-2822,WDR33,55339.0,MutNovel,"E269G,0.278"
X-2822,WDR61,80349.0,MutNovel,"R50C,0.600"
X-2822,ZFP106,64397.0,MutNovel,"R53K,0.538"
X-2822,ZFP36L1,677.0,Del0.8,0.26
X-2822,ZFP36L2,678.0,Del0.8,0.21
X-2822,ZKSCAN3,80317.0,MutNovel,"P55L,0.364"
X-2822,ZNF18,7566.0,Del0.8,0.27
X-2822,ZNF282,8427.0,MutNovel,"G473R,1.000"
X-2822,ZNF384,171017.0,MutNovel,"QQ514Q,0.444"
X-2822,ZNF493,284443.0,MutNovel,"R257V,1.000"
X-2822,ZNF705D,728957.0,Del0.8,0.72
X-2846,A2LD1,87769.0,Amp5,5.46
X-2846,ABCC4,10257.0,Amp5,5.46
X-2846,ABCF2,10061.0,MutNovel,"R246W,0.404"
X-2846,ABHD13,84945.0,Amp5,5.54
X-2846,ACOT1,641371.0,Del0.8,0.55
X-2846,ACOT8,10005.0,Amp8,11.31
X-2846,ACR,49.0,MutNovel,"G217E,1.000"
X-2846,ADA,100.0,Amp8,11.16
X-2846,ADPRHL1,113622.0,Amp5,5.28
X-2846,AGT,183.0,MutNovel,"A138S,0.295"
X-2846,AKAP11,11215.0,Amp5,5.54
X-2846,AKNA,80709.0,MutNovel,"R468C,0.625"
X-2846,ALG11,440138.0,Amp5,5.54
X-2846,ALG5,29880.0,Amp5,5.54
X-2846,ALOX5AP,241.0,Amp5,5.54
X-2846,ALS2,57679.0,MutNovel,"A268T,0.633"
X-2846,ANAPC1,64682.0,MutNovel,"V1034M,0.286"
X-2846,ANKRD10,55608.0,Amp5,5.35
X-2846,ANKRD26P3,100101938.0,Amp5,5.43
X-2846,ANKRD36,375248.0,MutNovel,"T998S,0.207"
X-2846,ANXA5,308.0,MutNovel,"E318G,0.567"
X-2846,ANXA5,308.0,MutNovel,"R50C,0.425"
X-2846,APC,324.0,MutKnownFunctional,"E1284*,1.000"
X-2846,AQP12B,653437.0,MutNovel,"H256R,1.000"
X-2846,AQP12B,653437.0,MutNovel,"A170T,1.000"
X-2846,ARGLU1,55082.0,Amp5,5.54
X-2846,ARHGAP23,57636.0,MutNovel,"A369T,0.846"
X-2846,ARHGEF10,9639.0,MutNovel,"V819A,0.636"
X-2846,ARHGEF7,8874.0,Amp5,5.35
X-2846,ARL11,115761.0,Amp5,5.54
X-2846,ASXL1,171023.0,MutNovel,"N1384D,0.605"
X-2846,ATM,472.0,MutKnownFunctional,"L585*,1.000"
X-2846,ATP11A,23250.0,Amp5,5.28
X-2846,ATP12A,479.0,Amp5,5.54
X-2846,ATP1A1,476.0,MutNovel,"I758V,0.297"
X-2846,ATP4B,496.0,Amp5,5.28
X-2846,ATP5EP2,432369.0,Amp5,5.54
X-2846,ATP7B,540.0,Amp5,5.54
X-2846,ATP8A2,51761.0,Amp5,5.54
X-2846,ATXN8OS,6315.0,Amp5,5.66
X-2846,B3GALTL,145173.0,Amp5,5.54
X-2846,BASP1P1,646201.0,Amp5,5.43
X-2846,BBS9,27241.0,MutNovel,"Q605K,0.435"
X-2846,BIVM,54841.0,Amp5,5.46
X-2846,BIVM-ERCC5,100533467.0,Amp5,5.46
X-2846,BORA,79866.0,Amp5,5.66
X-2846,BRCA2,675.0,Amp5,5.54
X-2846,BTF3P11,690.0,Amp5,5.66
X-2846,C10orf137,26098.0,MutKnownFunctional,"K193*,0.261"
X-2846,C10orf47,254427.0,MutNovel,"P323R,0.520"
X-2846,C13orf33,84935.0,Amp5,5.54
X-2846,C13orf35,400165.0,Amp5,5.28
X-2846,C1QTNF9,338872.0,Amp5,5.54
X-2846,C1QTNF9B,387911.0,Amp5,5.54
X-2846,C1QTNF9B-AS1,542767.0,Amp5,5.54
X-2846,C1orf172,126695.0,MutNovel,"G148V,0.478"
X-2846,C20orf111,51526.0,Amp8,11.16
X-2846,C6orf223,221416.0,MutNovel,"AA124-,0.360"
X-2846,CAB39L,81617.0,Amp5,5.54
X-2846,CACNA2D4,93589.0,MutNovel,"A852V,0.938"
X-2846,CARKD,55739.0,Amp5,5.35
X-2846,CARS2,79587.0,Amp5,5.35
X-2846,CCDC122,160857.0,Amp5,5.54
X-2846,CCDC168,643677.0,Amp5,5.46
X-2846,CCDC169,728591.0,Amp5,5.54
X-2846,CCDC169-SOHLH2,100526761.0,Amp5,5.54
X-2846,CCDC70,83446.0,Amp5,5.54
X-2846,CCDC75,253635.0,MutNovel,"I19T,0.725"
X-2846,CCNA1,8900.0,Amp5,5.54
X-2846,CD40,958.0,Amp8,11.31
X-2846,CDADC1,81602.0,Amp5,5.54
X-2846,CDC16,8881.0,Amp5,5.28
X-2846,CDC42EP1,11135.0,MutNovel,"PAPAANPS253P,0.722"
X-2846,CDH22,64405.0,Amp8,11.31
X-2846,CDHR2,54825.0,MutNovel,"P74L,1.000"
X-2846,CDK18,5129.0,MutNovel,"R41W,0.521"
X-2846,CDK8,1024.0,Amp5,5.54
X-2846,CDX2,1045.0,Amp5,5.54
X-2846,CENPJ,55835.0,Amp5,5.54
X-2846,CFHR1,3078.0,Amp5,5.39
X-2846,CFHR3,10878.0,Amp5,5.39
X-2846,CG030,116828.0,Amp5,5.54
X-2846,CHAF1B,8208.0,MutNovel,"R28K,0.652"
X-2846,CHAMP1,283489.0,Amp5,5.28
X-2846,CHD6,84181.0,Amp5,7.78
X-2846,CHEK2P2,646096.0,Del0.8,0.77
X-2846,CKAP2,26586.0,Amp5,5.54
X-2846,CLDN10,9071.0,Amp5,5.46
X-2846,CLN5,1203.0,Amp5,5.66
X-2846,CLYBL,171425.0,Amp5,5.46
X-2846,COG3,83548.0,Amp5,5.54
X-2846,COG6,57511.0,Amp5,5.54
X-2846,COL4A1,1282.0,Amp5,5.35
X-2846,COL4A2,1284.0,Amp5,5.35
X-2846,COMMD6,170622.0,Amp5,5.66
X-2846,CPB2,1361.0,Amp5,5.54
X-2846,CRAMP1L,57585.0,MutNovel,"T960A,0.274"
X-2846,CRYL1,51084.0,Amp5,5.43
X-2846,CRYZ,1429.0,MutNovel,"P304T,0.484"
X-2846,CSNK1A1L,122011.0,Amp5,5.54
X-2846,CTAGE10P,220429.0,Amp5,5.54
X-2846,CTAGE11P,647288.0,Amp5,5.66
X-2846,CTAGE4,100128553.0,Amp5,6.11
X-2846,CTSA,5476.0,MutNovel,"L29-,0.657"
X-2846,CTSA,5476.0,Amp8,11.31
X-2846,CUL4A,8451.0,Amp5,5.28
X-2846,CUL7,9820.0,MutNovel,"L850V,0.754"
X-2846,CYB5A,1528.0,MutNovel,"L92F,0.999"
X-2846,CYSLTR2,57105.0,Amp5,5.54
X-2846,DACH1,1602.0,MutNovel,"GG82-,1.000"
X-2846,DACH1,1602.0,Amp5,5.66
X-2846,DAOA,267012.0,Amp5,5.54
X-2846,DAOA-AS1,282706.0,Amp5,5.54
X-2846,DBNDD2,55861.0,Amp8,11.31
X-2846,DCLK1,9201.0,Amp5,5.54
X-2846,DCT,1638.0,Amp5,5.46
X-2846,DCUN1D2,55208.0,Amp5,5.28
X-2846,DEPDC7,91614.0,MutNovel,"R458C,1.000"
X-2846,DGKH,160851.0,Amp5,5.54
X-2846,DHRS12,79758.0,Amp5,5.54
X-2846,DIAPH3,81624.0,Amp5,5.62
X-2846,DIS3,22894.0,Amp5,5.66
X-2846,DLEU1,10301.0,Amp5,5.54
X-2846,DLEU2,8847.0,Amp5,5.54
X-2846,DLEU7,220107.0,Amp5,5.54
X-2846,DNAJC15,29103.0,Amp5,5.54
X-2846,DNAJC3,5611.0,MutKnownFunctional,"-145?,0.431"
X-2846,DNAJC3,5611.0,Amp5,5.46
X-2846,DNTTIP1,116092.0,Amp8,11.31
X-2846,DOCK9,23348.0,Amp5,5.46
X-2846,DPY19L2,283417.0,MutNovel,"Q233L,0.778"
X-2846,DPY19L2,283417.0,MutNovel,"Y203C,1.000"
X-2846,DZIP1,22873.0,Amp5,5.46
X-2846,EBPL,84650.0,Amp5,5.54
X-2846,EDNRB,1910.0,Amp5,5.66
X-2846,EEF1DP3,196549.0,Amp5,5.54
X-2846,EFHA1,221154.0,Amp5,5.43
X-2846,EFNB2,1948.0,Amp5,5.54
X-2846,ELF1,1997.0,Amp5,5.54
X-2846,ELMO2,63916.0,Amp8,8.63
X-2846,EMILIN3,90187.0,Amp5,7.78
X-2846,ENOX1,55068.0,Amp5,5.54
X-2846,EPPK1,83481.0,MutNovel,"R2066Q,0.312"
X-2846,EPSTI1,94240.0,Amp5,5.54
X-2846,ERCC5,2073.0,Amp5,5.46
X-2846,ESD,2098.0,Amp5,5.54
X-2846,EXOSC8,11340.0,Amp5,5.54
X-2846,F10,2159.0,Amp5,5.28
X-2846,F7,2155.0,Amp5,5.28
X-2846,FAM111B,374393.0,MutKnownFunctional,"-269?,0.286"
X-2846,FAM123A,219287.0,Amp5,5.54
X-2846,FAM124A,220108.0,Amp5,5.54
X-2846,FAM155A,728215.0,Amp5,5.54
X-2846,FAM194B,220081.0,Amp5,5.54
X-2846,FAM48A,55578.0,Amp5,5.54
X-2846,FAM66D,100132923.0,Del0.8,0.78
X-2846,FAM70B,348013.0,Amp5,5.28
X-2846,FAM72B,653820.0,MutNovel,"P94L,1.000"
X-2846,FAM86B1,85002.0,Del0.8,0.78
X-2846,FANCA,2175.0,MutNovel,"R413C,0.395"
X-2846,FARP1,10160.0,Amp5,5.46
X-2846,FBXL3,26224.0,Amp5,5.66
X-2846,FBXW8,26259.0,MutNovel,"H474Y,0.975"
X-2846,FGF14,2259.0,Amp5,5.46
X-2846,FGF14-IT1,283480.0,Amp5,5.46
X-2846,FGF9,2254.0,Amp5,5.43
X-2846,FITM2,128486.0,Amp8,11.16
X-2846,FKSG29,100131561.0,Amp5,5.46
X-2846,FLT1,2321.0,Amp5,5.54
X-2846,FLT3,2322.0,Amp5,5.54
X-2846,FMO4,2329.0,MutNovel,"T316I,0.529"
X-2846,FMO5,2330.0,MutNovel,"V343I,0.435"
X-2846,FNDC3A,22862.0,Amp5,5.54
X-2846,FOXO1,2308.0,Amp5,5.54
X-2846,FREM2,341640.0,Amp5,5.54
X-2846,FRY,10129.0,Amp5,5.54
X-2846,GAS6,2621.0,Amp5,5.28
X-2846,GDAP1L1,78997.0,Amp8,11.16
X-2846,GIGYF2,26058.0,MutNovel,"PQ1231P,0.667"
X-2846,GJA3,2700.0,Amp5,5.43
X-2846,GJB2,2706.0,Amp5,5.43
X-2846,GJB6,10804.0,Amp5,5.43
X-2846,GPC5,2262.0,Amp5,5.46
X-2846,GPC6,10082.0,Amp5,5.46
X-2846,GPR113,165082.0,MutNovel,"C3Y,1.000"
X-2846,GPR12,2835.0,Amp5,5.54
X-2846,GPR18,2841.0,Amp5,5.46
X-2846,GPR180,160897.0,Amp5,5.46
X-2846,GPR183,1880.0,Amp5,5.46
X-2846,GRK1,6011.0,Amp5,5.28
X-2846,GRTP1,79774.0,Amp5,5.28
X-2846,GSTM1,2944.0,Del0.8,0.6
X-2846,GSTT2,2953.0,Del0.8,0.67
X-2846,GSX1,219409.0,Amp5,5.54
X-2846,GTF2F2,2963.0,Amp5,5.54
X-2846,GTF3A,2971.0,Amp5,5.54
X-2846,GTSF1L,149699.0,Amp8,10.27
X-2846,GUCY1B2,2974.0,Amp5,5.54
X-2846,HLA-C,3107.0,Del0.8,0.55
X-2846,HLA-DRB5,3127.0,MutNovel,"L67V,0.375"
X-2846,HLA-DRB5,3127.0,Amp8,13.18
X-2846,HLA-G,3135.0,MutNovel,"G231S,0.375"
X-2846,HMGB1,3146.0,Amp5,5.54
X-2846,HNF4A,3172.0,Amp8,11.16
X-2846,HNRNPA1L2,144983.0,Amp5,5.54
X-2846,HS6ST3,266722.0,Amp5,5.46
X-2846,HSPH1,10808.0,Amp5,5.54
X-2846,HTR2A,3356.0,Amp5,5.54
X-2846,IFT52,51098.0,Amp8,10.27
X-2846,IFT88,8100.0,Amp5,5.43
X-2846,IL17D,53342.0,Amp5,5.43
X-2846,INCENP,3619.0,MutNovel,"E749K,1.000"
X-2846,ING1,3621.0,Amp5,5.35
X-2846,INTS1,26173.0,MutNovel,"A1870V,0.623"
X-2846,INTS6,26512.0,Amp5,5.54
X-2846,IPO5,3843.0,Amp5,5.46
X-2846,IRF2BP2,359948.0,MutNovel,"P118S,0.780"
X-2846,IRS2,8660.0,Amp5,5.35
X-2846,ITGBL1,9358.0,Amp5,5.46
X-2846,ITM2B,9445.0,Amp5,5.54
X-2846,JPH2,57158.0,Amp8,11.16
X-2846,KATNAL1,84056.0,Amp5,5.54
X-2846,KBTBD6,89890.0,Amp5,5.54
X-2846,KBTBD7,84078.0,Amp5,5.54
X-2846,KCNK15,60598.0,Amp8,11.16
X-2846,KCNRG,283518.0,Amp5,5.54
X-2846,KCNS1,3787.0,Amp8,11.31
X-2846,KCTD12,115207.0,Amp5,5.66
X-2846,KCTD4,386618.0,Amp5,5.54
X-2846,KDELC1,79070.0,Amp5,5.46
X-2846,KIAA0100,9703.0,MutNovel,"F1180Y,0.433"
X-2846,KIAA0226L,80183.0,Amp5,5.54
X-2846,KIAA0564,23078.0,Amp5,5.54
X-2846,KIAA1377,57562.0,MutNovel,"I1069F,1.000"
X-2846,KIAA1704,55425.0,Amp5,5.54
X-2846,KIAA1958,158405.0,MutKnownFunctional,"E209*,0.319"
X-2846,KIF13B,23303.0,MutNovel,"V8L,0.273"
X-2846,KL,9365.0,Amp5,5.54
X-2846,KLF12,11278.0,Amp5,5.66
X-2846,KLF5,688.0,Amp5,5.66
X-2846,KLHL1,57626.0,Amp5,5.66
X-2846,KPNA3,3839.0,Amp5,5.54
X-2846,KRT35,3886.0,MutNovel,"T396M,0.429"
X-2846,KRTAP5-5,439915.0,MutNovel,"G30R,0.273"
X-2846,KRTAP5-5,439915.0,MutNovel,"C31R,0.900"
X-2846,L3MBTL1,26013.0,Amp8,10.27
X-2846,LACC1,144811.0,Amp5,5.54
X-2846,LAMA5,3911.0,MutNovel,"R1679W,0.378"
X-2846,LAMP1,3916.0,Amp5,5.28
X-2846,LATS2,26524.0,Amp5,5.43
X-2846,LCP1,3936.0,Amp5,5.54
X-2846,LECT1,11061.0,Amp5,5.54
X-2846,LHFP,10186.0,Amp5,5.54
X-2846,LIG4,3981.0,Amp5,5.54
X-2846,LINC00282,283521.0,Amp5,5.54
X-2846,LINC00284,121838.0,Amp5,5.54
X-2846,LINC00327,100506697.0,Amp5,5.54
X-2846,LINC00346,283487.0,Amp5,5.35
X-2846,LINC00347,338864.0,Amp5,5.66
X-2846,LINC00410,144776.0,Amp5,5.62
X-2846,LINC00421,100287114.0,Amp5,5.43
X-2846,LINC00426,100188949.0,Amp5,5.54
X-2846,LINC00442,348021.0,Amp5,5.43
X-2846,LINC00460,728192.0,Amp5,5.54
X-2846,LMO7,4008.0,Amp5,5.66
X-2846,LNX2,222484.0,Amp5,5.54
X-2846,LOC100132247,100132247.0,MutNovel,"P746L,0.600"
X-2846,LOC100505783,100505783.0,Amp8,11.16
X-2846,LOC100506394,100506394.0,Amp5,5.28
X-2846,LOC100507240,100507240.0,Amp5,5.54
X-2846,LOC100507607,,MutNovel,"E496D,1.000"
X-2846,LOC100996689,,MutNovel,"R232C,0.538"
X-2846,LOC283481,283481.0,Amp5,5.46
X-2846,LOC392196,392196.0,Del0.8,0.78
X-2846,LOC440131,440131.0,Amp5,5.54
X-2846,LOC653061,653061.0,Del0.8,0.79
X-2846,LOC727924,727924.0,Del0.8,0.65
X-2846,LOC728377,728377.0,Amp5,6.11
X-2846,LOC728734,,MutNovel,"E358D,1.000"
X-2846,LOC728888,,MutNovel,"G1064P,0.273"
X-2846,LOC79015,79015.0,Amp8,11.16
X-2846,LPAR6,10161.0,Amp5,5.54
X-2846,LPIN3,64900.0,Amp5,7.78
X-2846,LRCH1,23143.0,Amp5,5.54
X-2846,LSR,51599.0,MutNovel,"G518GR,0.822"
X-2846,MAFB,9935.0,Amp5,5.78
X-2846,MAGEL2,54551.0,Del0.8,0.79
X-2846,MAGI1,9223.0,MutNovel,"Q421HR,0.375"
X-2846,MAP3K9,4293.0,MutNovel,"G725V,0.450"
X-2846,MAPK13,5603.0,MutNovel,"L135F,0.311"
X-2846,MATN4,8785.0,Amp8,11.31
X-2846,MBNL2,10150.0,Amp5,5.46
X-2846,MCF2L,23263.0,Amp5,5.28
X-2846,MCF2L-AS1,100289410.0,Amp5,5.28
X-2846,MED4,29079.0,Amp5,5.54
X-2846,METTL21C,196541.0,Amp5,5.46
X-2846,MIPEP,4285.0,Amp5,5.54
X-2846,MIR1297,100302187.0,Amp5,5.54
X-2846,MIR16-1,406950.0,Amp5,5.54
X-2846,MIR17HG,407975.0,Amp5,6.87
X-2846,MIR19B1,406980.0,Amp5,6.87
X-2846,MIR2276,100313842.0,Amp5,5.54
X-2846,MIR2681,100616110.0,Amp5,5.46
X-2846,MIR3169,100422973.0,Amp5,5.7
X-2846,MIR3170,100422881.0,Amp5,5.46
X-2846,MIR320D1,100313896.0,Amp5,5.54
X-2846,MIR3613,100500908.0,Amp5,5.54
X-2846,MIR3646,100500813.0,Amp8,11.16
X-2846,MIR3665,100500861.0,Amp5,5.66
X-2846,MIR4305,100422940.0,Amp5,5.54
X-2846,MIR4306,100422861.0,Amp5,5.46
X-2846,MIR4499,100616304.0,Amp5,5.43
X-2846,MIR4500,100616182.0,Amp5,5.66
X-2846,MIR4500HG,642345.0,Amp5,5.66
X-2846,MIR4508,100616275.0,Del0.8,0.79
X-2846,MIR4703,100616423.0,Amp5,5.54
X-2846,MIR4705,100616239.0,Amp5,5.46
X-2846,MIR548AN,100616144.0,Amp5,5.46
X-2846,MIR548F5,100302239.0,Amp5,5.54
X-2846,MIR621,693206.0,Amp5,5.54
X-2846,MIR622,693207.0,Amp5,5.62
X-2846,MIR623,693208.0,Amp5,5.46
X-2846,MIR759,100313778.0,Amp5,5.54
X-2846,MKRN3,7681.0,Del0.8,0.79
X-2846,MKRN7P,7686.0,Amp8,8.63
X-2846,MLNR,2862.0,Amp5,5.54
X-2846,MMP9,4318.0,Amp8,11.31
X-2846,MPHOSPH8,54737.0,Amp5,5.43
X-2846,MPRIP,23164.0,MutNovel,"TS178T,0.576"
X-2846,MRP63,78988.0,Amp5,5.43
X-2846,MRPS31,10240.0,Amp5,5.54
X-2846,MTIF3,219402.0,Amp5,5.54
X-2846,MTMR6,9107.0,Amp5,5.54
X-2846,MTRF1,9617.0,Amp5,5.54
X-2846,MTUS2,23281.0,Amp5,5.54
X-2846,MTX1,4580.0,MutNovel,"F351L,0.480"
X-2846,MUC12,10071.0,MutNovel,"R1165P,1.000"
X-2846,MUC12,10071.0,MutNovel,"L1735F,1.000"
X-2846,MUC12,10071.0,MutNovel,"S1741L,1.000"
X-2846,MUC12,10071.0,MutNovel,"T4363I,0.700"
X-2846,MUC12,10071.0,MutNovel,"L4568F,0.900"
X-2846,MUC17,140453.0,MutNovel,"S861T,0.310"
X-2846,MUC17,140453.0,MutNovel,"V1540D,0.211"
X-2846,MUC17,140453.0,MutNovel,"T1686A,0.317"
X-2846,MXD3,83463.0,MutNovel,"R115Q,1.000"
X-2846,MYBL2,4605.0,Amp8,10.27
X-2846,MYCBP2,23077.0,Amp5,5.66
X-2846,MYO16,23026.0,Amp5,5.54
X-2846,MZT1,440145.0,Amp5,5.66
X-2846,N4BP2L1,90634.0,Amp5,5.54
X-2846,N4BP2L2,10443.0,Amp5,5.54
X-2846,N6AMT2,221143.0,Amp5,5.43
X-2846,NAA16,79612.0,Amp5,5.54
X-2846,NALCN,259232.0,Amp5,5.46
X-2846,NBEA,26960.0,Amp5,5.54
X-2846,NCAPG,64151.0,MutNovel,"D701V,0.414"
X-2846,NCOA5,57727.0,Amp8,11.31
X-2846,NCOR2,9612.0,MutNovel,"G1839GAAA,0.286"
X-2846,NDFIP2,54602.0,Amp5,5.66
X-2846,NDN,4692.0,Del0.8,0.79
X-2846,NEK3,4752.0,Amp5,5.54
X-2846,NEK5,341676.0,Amp5,5.54
X-2846,NEU4,129807.0,MutNovel,"M379I,0.849"
X-2846,NEURL2,140825.0,Amp8,11.31
X-2846,NHLRC3,387921.0,Amp5,5.54
X-2846,NSUN4,387338.0,MutNovel,"K240Q,0.568"
X-2846,NUDT15,55270.0,Amp5,5.54
X-2846,NUFIP1,26747.0,Amp5,5.54
X-2846,NUPL1,9818.0,Amp5,5.54
X-2846,OBP2A,29991.0,MutNovel,"F90Y,1.000"
X-2846,OLFM4,10562.0,Amp5,5.54
X-2846,OR2A42,402317.0,Amp5,6.11
X-2846,OR2A7,401427.0,Amp5,6.11
X-2846,OR2A9P,441295.0,Amp5,6.11
X-2846,OR2T10,127069.0,Amp5,5.46
X-2846,OR4C6,219432.0,Del0.8,0.27
X-2846,OR4M2,390538.0,Del0.8,0.79
X-2846,OR4N3P,390539.0,Del0.8,0.79
X-2846,OR4N4,283694.0,Del0.8,0.79
X-2846,OR4P4,81300.0,Del0.8,0.27
X-2846,OR4S2,219431.0,Del0.8,0.27
X-2846,OR7E156P,283491.0,Amp5,5.7
X-2846,OR7E37P,100506759.0,Amp5,5.54
X-2846,ORAI1,84876.0,MutNovel,"PP43-,1.000"
X-2846,OXGR1,27199.0,Amp5,5.46
X-2846,P2RY8,286530.0,MutNovel,"C1401S,0.500"
X-2846,PABPC1L,80336.0,Amp8,11.16
X-2846,PABPC3,5042.0,MutNovel,"KG231-,0.421"
X-2846,PABPC3,5042.0,Amp5,5.54
X-2846,PAN3,255967.0,Amp5,5.54
X-2846,PAN3-AS1,100288730.0,Amp5,5.54
X-2846,PARP4,143.0,Amp5,5.54
X-2846,PCCA,5095.0,Amp5,5.46
X-2846,PCDH17,27253.0,Amp5,5.62
X-2846,PCDH20,64881.0,Amp5,5.7
X-2846,PCDH8,5100.0,Amp5,5.54
X-2846,PCID2,55795.0,Amp5,5.28
X-2846,PCIF1,63935.0,Amp8,11.31
X-2846,PCNXL3,399909.0,MutNovel,"R270W,1.000"
X-2846,PDS5B,23047.0,Amp5,5.54
X-2846,PDX1,3651.0,Amp5,5.54
X-2846,PHF11,51131.0,Amp5,5.54
X-2846,PHLDA1,22822.0,MutNovel,"QQ194Q,0.588"
X-2846,PI3,5266.0,Amp8,11.31
X-2846,PIBF1,10464.0,Amp5,5.66
X-2846,PIEZO1,9780.0,MutNovel,"P2510L,0.325"
X-2846,PIGG,54872.0,MutNovel,"G768R,0.506"
X-2846,PIGT,51604.0,Amp8,11.31
X-2846,PKD1,5310.0,MutNovel,"P694L,0.237"
X-2846,PKIG,11142.0,Amp8,11.16
X-2846,PKN2,5586.0,MutNovel,"NL382N,0.375"
X-2846,PLBD2,196463.0,MutNovel,"D483N,1.000"
X-2846,PLCB4,5332.0,MutNovel,"M144V,0.495"
X-2846,PLCG1,5335.0,Amp5,7.78
X-2846,PLTP,5360.0,Amp8,11.31
X-2846,POLG,5428.0,MutKnownFunctional,"Q715*,0.421"
X-2846,POLR1D,51082.0,Amp5,5.54
X-2846,POMP,51371.0,Amp5,5.54
X-2846,POR,5447.0,MutNovel,"T529K,0.407"
X-2846,POSTN,10631.0,Amp5,5.54
X-2846,POU2F3,25833.0,MutNovel,"R63Q,0.400"
X-2846,POU4F1,5457.0,Amp5,5.66
X-2846,PPP2R3B,28227.0,MutNovel,"S561C,0.364"
X-2846,PRHOXNB,646625.0,Amp5,5.54
X-2846,PRIC285,85441.0,MutNovel,"Y351C,0.343"
X-2846,PROSER1,80209.0,Amp5,5.54
X-2846,PROZ,8858.0,Amp5,5.28
X-2846,PRR20B,729233.0,Amp5,5.54
X-2846,PSPC1,55269.0,Amp5,5.43
X-2846,PTPRT,11122.0,Amp5,7.36
X-2846,PWRN2,791115.0,Del0.8,0.77
X-2846,R3HDML,140902.0,Amp8,11.16
X-2846,RAB20,55647.0,Amp5,5.35
X-2846,RANBP2,5903.0,MutNovel,"K899E,0.600"
X-2846,RAP2A,5911.0,Amp5,5.46
X-2846,RASA3,22821.0,Amp5,5.28
X-2846,RASL11A,387496.0,Amp5,5.54
X-2846,RB1,5925.0,Amp5,5.54
X-2846,RBM26,64062.0,Amp5,5.66
X-2846,RBM26-AS1,100505538.0,Amp5,5.66
X-2846,RBPJL,11317.0,Amp8,11.31
X-2846,RCBTB1,55213.0,Amp5,5.54
X-2846,RCBTB2,1102.0,Amp5,5.54
X-2846,REREP3,646396.0,Del0.8,0.79
X-2846,RFC3,5983.0,Amp5,5.54
X-2846,RFXAP,5994.0,Amp5,5.54
X-2846,RGS5,8490.0,MutNovel,"R173H,0.500"
X-2846,RIF1,55183.0,MutNovel,"D1396H,0.271"
X-2846,RIMS4,140730.0,Amp8,11.16
X-2846,RIN3,79890.0,MutNovel,"G967-,0.625"
X-2846,RNASEH2B,79621.0,Amp5,5.54
X-2846,RNF113B,140432.0,Amp5,5.46
X-2846,RNF17,56163.0,Amp5,5.54
X-2846,RNF219,79596.0,Amp5,5.66
X-2846,RNF6,6049.0,Amp5,5.54
X-2846,RNPS1,10921.0,MutNovel,"S127-,0.697"
X-2846,RPL21,6144.0,Amp5,5.54
X-2846,RPTOR,57521.0,MutNovel,"R985C,0.784"
X-2846,RXFP2,122042.0,Amp5,5.54
X-2846,SACS,26278.0,Amp5,5.54
X-2846,SAP18,10284.0,Amp5,5.43
X-2846,SCEL,8796.0,Amp5,5.66
X-2846,SDC4,6385.0,Amp8,11.31
X-2846,SEC23IP,11196.0,MutNovel,"E267D,0.413"
X-2846,SEMG1,6406.0,Amp8,11.31
X-2846,SEMG2,6407.0,Amp8,11.31
X-2846,2014-09-09 00:00:00,10801.0,MutNovel,"Q118P,0.347"
X-2846,SERINC2,347735.0,MutNovel,"-373Q,0.400"
X-2846,SERINC3,10955.0,Amp8,11.16
X-2846,SERP2,387923.0,Amp5,5.54
X-2846,SERPINE3,647174.0,Amp5,5.54
X-2846,SERTM1,400120.0,Amp5,5.54
X-2846,SETDB2,83852.0,Amp5,5.54
X-2846,SGCG,6445.0,Amp5,5.54
X-2846,SGK2,10110.0,Amp8,10.27
X-2846,SHD,56961.0,MutNovel,"A197P,1.000"
X-2846,SHISA2,387914.0,Amp5,5.54
X-2846,SHROOM2,357.0,MutNovel,"K226E,1.000"
X-2846,SHROOM2,357.0,MutNovel,"T1249M,1.000"
X-2846,SIAH3,283514.0,Amp5,5.54
X-2846,SKA3,221150.0,Amp5,5.43
X-2846,SLAIN1,122060.0,Amp5,5.66
X-2846,SLC12A4,6560.0,MutNovel,"A177V,0.333"
X-2846,SLC12A5,57468.0,Amp8,11.31
X-2846,SLC13A3,64849.0,Amp8,8.63
X-2846,SLC15A1,6564.0,Amp5,5.46
X-2846,SLC25A15,10166.0,Amp5,5.54
X-2846,SLC25A30,253512.0,Amp5,5.54
X-2846,SLC26A1,10861.0,MutNovel,"A354T,0.444"
X-2846,SLC2A10,81031.0,Amp8,8.63
X-2846,SLC30A1,7779.0,MutNovel,"GV247V,0.384"
X-2846,SLC35C2,51006.0,Amp8,8.63
X-2846,SLC46A3,283537.0,MutNovel,"C291R,0.829"
X-2846,SLC46A3,283537.0,Amp5,5.54
X-2846,SLC7A1,6541.0,Amp5,5.54
X-2846,SLITRK1,114798.0,Amp5,5.66
X-2846,SLITRK5,26050.0,Amp5,5.66
X-2846,SLITRK6,84189.0,Amp5,5.66
X-2846,SLPI,6590.0,Amp8,11.31
X-2846,SMAD9,4093.0,Amp5,5.54
X-2846,SNORA27,619499.0,Amp5,5.54
X-2846,SNORA31,677814.0,Amp5,5.54
X-2846,SNORD102,26771.0,Amp5,5.54
X-2846,SNX21,90203.0,Amp8,11.31
X-2846,SOHLH2,54937.0,Amp5,5.54
X-2846,SOX1,6656.0,Amp5,5.28
X-2846,SOX21,11166.0,Amp5,5.46
X-2846,SPACA7,122258.0,Amp5,5.28
X-2846,SPATA13,221178.0,Amp5,5.54
X-2846,SPATA25,128497.0,Amp8,11.31
X-2846,SPERT,220082.0,Amp5,5.54
X-2846,SPG20,23111.0,Amp5,5.54
X-2846,SPG20OS,100507135.0,Amp5,5.54
X-2846,SPINLW1,57119.0,Amp8,11.31
X-2846,SPINLW1-WFDC6,100526773.0,Amp8,11.31
X-2846,SPINT3,10816.0,Amp8,11.31
X-2846,SPINT4,391253.0,Amp8,11.31
X-2846,SPRY2,10253.0,Amp5,5.66
X-2846,SPRYD7,57213.0,Amp5,5.54
X-2846,SRRM2,23524.0,MutNovel,"P2072S,0.660"
X-2846,SRSF6,6431.0,Amp8,13.09
X-2846,ST13P4,145165.0,Amp5,5.54
X-2846,STARD13,90627.0,Amp5,5.54
X-2846,STEAP3,55240.0,MutNovel,"A490T,0.300"
X-2846,STK24,8428.0,Amp5,5.46
X-2846,STK4,6789.0,Amp8,12.73
X-2846,STOML3,161003.0,Amp5,5.54
X-2846,SUCLA2,8803.0,Amp5,5.54
X-2846,SUGT1,10910.0,Amp5,5.54
X-2846,SUGT1P3,283507.0,Amp5,5.54
X-2846,SYS1,90196.0,Amp8,11.31
X-2846,SYS1-DBNDD2,767557.0,Amp8,11.31
X-2846,TBC1D4,9882.0,Amp5,5.66
X-2846,TCP10L2,401285.0,MutNovel,"E277D,1.000"
X-2846,TDRD3,81550.0,Amp5,5.62
X-2846,TFDP1,7027.0,Amp5,5.28
X-2846,TGDS,23483.0,Amp5,5.46
X-2846,THSD1,55901.0,Amp5,5.54
X-2846,TIMM17A,10440.0,MutNovel,"D77Y,0.560"
X-2846,TJP1,7082.0,MutNovel,"V736L,0.648"
X-2846,TLK2,11011.0,MutNovel,"R262Q,0.368"
X-2846,TM9SF2,9375.0,Amp5,5.46
X-2846,TMCO3,55002.0,Amp5,5.28
X-2846,TMTC4,84899.0,Amp5,5.46
X-2846,TNFRSF19,55504.0,Amp5,5.54
X-2846,TNFSF11,8600.0,Amp5,5.54
X-2846,TNFSF13B,10673.0,Amp5,5.54
X-2846,TNNC2,7125.0,Amp8,11.31
X-2846,TOMM34,10953.0,Amp8,11.16
X-2846,TOP1,7150.0,Amp5,7.78
X-2846,TOX2,84969.0,Amp8,11.16
X-2846,TP53,7157.0,MutLikelyFunctional,"R110L,1.000"
X-2846,TP53I13,90313.0,MutNovel,"R166Q,0.336"
X-2846,TP53RK,112858.0,Amp8,8.63
X-2846,TP53TG5,27296.0,Amp8,11.31
X-2846,TPP2,7174.0,Amp5,5.46
X-2846,TPT1,7178.0,Amp5,5.54
X-2846,TPTE2,93492.0,Amp5,5.43
X-2846,TPTE2P1,646405.0,Amp5,5.54
X-2846,TPTE2P3,220115.0,Amp5,5.54
X-2846,TPTE2P6,374491.0,Amp5,5.54
X-2846,TRIM13,10206.0,Amp5,5.54
X-2846,TRIM16,10626.0,MutNovel,"P30T,1.000"
X-2846,TRPC4,7223.0,Amp5,5.54
X-2846,TSC22D1,8848.0,Amp5,5.54
X-2846,TTC30A,92104.0,MutNovel,"P96A,0.333"
X-2846,TTPAL,79183.0,Amp8,11.16
X-2846,TUBA3C,7278.0,Amp5,5.43
X-2846,TUBGCP3,10426.0,Amp5,5.28
X-2846,TUT1,64852.0,MutNovel,"S278L,1.000"
X-2846,UBAC2,337867.0,Amp5,5.46
X-2846,UBAC2-AS1,100289373.0,Amp5,5.46
X-2846,UBE2C,11065.0,Amp8,11.31
X-2846,UBL3,5412.0,Amp5,5.54
X-2846,UCHL3,7347.0,Amp5,5.66
X-2846,UFM1,51569.0,Amp5,5.54
X-2846,UGGT2,55757.0,Amp5,5.46
X-2846,UGT1A7,54577.0,MutNovel,"E260D,1.000"
X-2846,UGT1A7,54577.0,MutNovel,"V283L,0.667"
X-2846,UPF3A,65110.0,Amp5,5.28
X-2846,USP12,219333.0,Amp5,5.54
X-2846,USP17L2,377630.0,Del0.8,0.78
X-2846,USP36,57602.0,MutNovel,"KKK958K,0.331"
X-2846,USPL1,10208.0,Amp5,5.54
X-2846,UTP14C,9724.0,Amp5,5.54
X-2846,UTY,7404.0,MutNovel,"S1066T,0.217"
X-2846,UTY,7404.0,MutNovel,"GG1059VR,0.280"
X-2846,UTY,7404.0,MutNovel,"S1058D,0.280"
X-2846,UTY,7404.0,MutNovel,"LL1055GL,0.214"
X-2846,UTY,7404.0,MutNovel,"E1054L,0.214"
X-2846,UTY,7404.0,MutNovel,"C1052P,0.240"
X-2846,UTY,7404.0,MutNovel,"QA1050RL,0.250"
X-2846,UTY,7404.0,MutNovel,"Q1050K,0.261"
X-2846,UTY,7404.0,MutNovel,"V1048H,0.286"
X-2846,UTY,7404.0,MutNovel,"FH1045YY,0.300"
X-2846,UTY,7404.0,MutKnownFunctional,"FV1040L*,0.316"
X-2846,UTY,7404.0,MutNovel,"F1040L,0.350"
X-2846,UTY,7404.0,MutNovel,"IF1039ME,0.350"
X-2846,UTY,7404.0,MutNovel,"Y1027C,0.583"
X-2846,UTY,7404.0,MutNovel,"NY1026TG,0.583"
X-2846,UTY,7404.0,MutNovel,"LV1033FL,0.267"
X-2846,UTY,7404.0,MutNovel,"T1030S,0.231"
X-2846,UTY,7404.0,MutNovel,"PK1007HQ,0.308"
X-2846,UTY,7404.0,MutNovel,"N1006P,0.429"
X-2846,UTY,7404.0,MutNovel,"CT1004YL,0.500"
X-2846,UTY,7404.0,MutNovel,"FC1003TS,0.556"
X-2846,UTY,7404.0,MutNovel,"HQ1001QT,0.611"
X-2846,UTY,7404.0,MutNovel,"DH345VN,0.400"
X-2846,UTY,7404.0,MutNovel,"L344C,0.444"
X-2846,UTY,7404.0,MutNovel,"QL343HW,0.529"
X-2846,UTY,7404.0,MutNovel,"Q343E,0.500"
X-2846,UTY,7404.0,MutNovel,"A337G,0.636"
X-2846,UTY,7404.0,MutKnownFunctional,"A337*,0.636"
X-2846,UTY,7404.0,MutKnownFunctional,"L335*,0.571"
X-2846,UTY,7404.0,MutNovel,"L335E,0.571"
X-2846,UTY,7404.0,MutNovel,"Q328L,0.556"
X-2846,UTY,7404.0,MutNovel,"Q327K,0.455"
X-2846,UTY,7404.0,MutKnownFunctional,"YQ325*K,0.500"
X-2846,UTY,7404.0,MutKnownFunctional,"Y325*,0.750"
X-2846,UTY,7404.0,MutNovel,"Y325T,0.750"
X-2846,UTY,7404.0,MutNovel,"L324E,0.500"
X-2846,UTY,7404.0,MutNovel,"S289R,0.500"
X-2846,UTY,7404.0,MutNovel,"G322D,0.538"
X-2846,UTY,7404.0,MutNovel,"IG321SN,0.538"
X-2846,UTY,7404.0,MutNovel,"S320C,0.636"
X-2846,UTY,7404.0,MutNovel,"C319R,0.250"
X-2846,UTY,7404.0,MutNovel,"W318L,0.625"
X-2846,UTY,7404.0,MutNovel,"T317S,0.700"
X-2846,UTY,7404.0,MutNovel,"DT316ES,0.700"
X-2846,UTY,7404.0,MutNovel,"SA314KK,0.625"
X-2846,UTY,7404.0,MutNovel,"AS313VR,0.308"
X-2846,UTY,7404.0,MutNovel,"E312I,0.643"
X-2846,UTY,7404.0,MutNovel,"E312I,0.643"
X-2846,UTY,7404.0,MutNovel,"KS310RK,0.615"
X-2846,UTY,7404.0,MutKnownFunctional,"K310*,0.600"
X-2846,UTY,7404.0,MutKnownFunctional,"DK309S*,0.600"
X-2846,UTY,7404.0,MutKnownFunctional,"G288*,0.636"
X-2846,UTY,7404.0,MutNovel,"S283A,0.667"
X-2846,UTY,7404.0,MutNovel,"G281V,0.273"
X-2846,UTY,7404.0,MutNovel,"G281F,0.455"
X-2846,UTY,7404.0,MutNovel,"SG280LC,0.700"
X-2846,UTY,7404.0,MutNovel,"N279R,0.556"
X-2846,UTY,7404.0,MutNovel,"DP277EA,0.714"
X-2846,UTY,7404.0,MutNovel,"A276E,0.800"
X-2846,UTY,7404.0,MutKnownFunctional,"A276*,0.800"
X-2846,UTY,7404.0,MutKnownFunctional,"EA275A*,0.800"
X-2846,UTY,7404.0,MutNovel,"LE274RQ,0.600"
X-2846,UTY,7404.0,MutNovel,"S273R,0.600"
X-2846,UTY,7404.0,MutNovel,"K272R,0.231"
X-2846,UTY,7404.0,MutNovel,"K272E,0.417"
X-2846,UTY,7404.0,MutNovel,"Q271H,0.250"
X-2846,UTY,7404.0,MutNovel,"Y269L,0.571"
X-2846,UTY,7404.0,MutNovel,"Y269F,0.455"
X-2846,UTY,7404.0,MutNovel,"Y269I,0.455"
X-2846,UTY,7404.0,MutNovel,"I267M,0.600"
X-2846,UTY,7404.0,MutNovel,"I267R,0.600"
X-2846,UTY,7404.0,MutNovel,"I267V,0.364"
X-2846,UTY,7404.0,MutNovel,"A266F,0.429"
X-2846,UTY,7404.0,MutNovel,"Y265G,0.750"
X-2846,UTY,7404.0,MutNovel,"E263D,0.429"
X-2846,UTY,7404.0,MutNovel,"E263V,0.429"
X-2846,UTY,7404.0,MutNovel,"E263L,0.500"
X-2846,UTY,7404.0,MutNovel,"T261C,0.444"
X-2846,UTY,7404.0,MutNovel,"T261S,0.417"
X-2846,UTY,7404.0,MutNovel,"T261S,0.417"
X-2846,UTY,7404.0,MutNovel,"A260Y,0.273"
X-2846,UTY,7404.0,MutNovel,"A260S,0.600"
X-2846,UTY,7404.0,MutNovel,"KA259TS,0.600"
X-2846,UTY,7404.0,MutNovel,"D258V,0.455"
X-2846,UTY,7404.0,MutNovel,"VG256DR,0.429"
X-2846,UTY,7404.0,MutNovel,"V256Q,0.500"
X-2846,UTY,7404.0,MutNovel,"DL254VL,0.444"
X-2846,UTY,7404.0,MutNovel,"M253R,0.364"
X-2846,UTY,7404.0,MutNovel,"HH250LV,0.500"
X-2846,UTY,7404.0,MutNovel,"MH249IN,0.455"
X-2846,UTY,7404.0,MutNovel,"M249G,0.583"
X-2846,UTY,7404.0,MutNovel,"W248T,0.400"
X-2846,UTY,7404.0,MutNovel,"W248R,0.455"
X-2846,UTY,7404.0,MutNovel,"QQ244IE,0.467"
X-2846,UTY,7404.0,MutNovel,"L243R,0.263"
X-2846,UTY,7404.0,MutNovel,"V242A,0.389"
X-2846,UTY,7404.0,MutNovel,"T241S,0.250"
X-2846,UTY,7404.0,MutNovel,"A240Q,0.400"
X-2846,UTY,7404.0,MutNovel,"KA239NQ,0.400"
X-2846,UTY,7404.0,MutNovel,"A236V,0.300"
X-2846,UTY,7404.0,MutNovel,"A236L,0.300"
X-2846,UTY,7404.0,MutNovel,"QT230PE,0.211"
X-2846,UTY,7404.0,MutNovel,"Q230K,0.250"
X-2846,UTY,7404.0,MutNovel,"LQ229NK,0.250"
X-2846,UTY,7404.0,MutNovel,"L228R,0.273"
X-2846,UTY,7404.0,MutNovel,"EQ226FK,0.222"
X-2846,UTY,7404.0,MutNovel,"Y225M,0.278"
X-2846,UTY,7404.0,MutNovel,"A224L,0.278"
X-2846,UTY,7404.0,MutNovel,"K222L,0.211"
X-2846,UTY,7404.0,MutNovel,"SA220LR,0.250"
X-2846,UTY,7404.0,MutNovel,"A163P,0.214"
X-2846,UTY,7404.0,MutNovel,"V156I,0.385"
X-2846,UTY,7404.0,MutNovel,"Q151I,0.250"
X-2846,UTY,7404.0,MutNovel,"A149S,0.400"
X-2846,UTY,7404.0,MutNovel,"W145R,0.600"
X-2846,UTY,7404.0,MutNovel,"YN140SH,0.667"
X-2846,UTY,7404.0,MutNovel,"FY138LL,0.583"
X-2846,UTY,7404.0,MutNovel,"F138S,0.462"
X-2846,UTY,7404.0,MutNovel,"F138T,0.462"
X-2846,UTY,7404.0,MutKnownFunctional,"YF137*I,0.231"
X-2846,UTY,7404.0,MutNovel,"W124R,0.625"
X-2846,UTY,7404.0,MutNovel,"Y116H,0.467"
X-2846,VPS36,51028.0,Amp5,5.54
X-2846,VPS41,27072.0,MutNovel,"L628F,0.401"
X-2846,WASF3,10810.0,Amp5,5.54
X-2846,WBP4,11193.0,Amp5,5.54
X-2846,WDFY2,115825.0,Amp5,5.54
X-2846,WFDC10A,140832.0,Amp8,11.31
X-2846,WFDC10B,280664.0,Amp8,11.31
X-2846,WFDC11,259239.0,Amp8,11.31
X-2846,WFDC12,128488.0,Amp8,11.31
X-2846,WFDC13,164237.0,Amp8,11.31
X-2846,WFDC2,10406.0,Amp8,11.31
X-2846,WFDC3,140686.0,Amp8,11.31
X-2846,WFDC5,149708.0,Amp8,11.31
X-2846,WFDC6,140870.0,Amp8,11.31
X-2846,WFDC8,90199.0,Amp8,11.31
X-2846,WFDC9,259240.0,Amp8,11.31
X-2846,WISP2,8839.0,Amp8,11.16
X-2846,WNK1,65125.0,MutKnownFunctional,"-580?,0.282"
X-2846,XPO4,64328.0,Amp5,5.43
X-2846,YWHAB,7529.0,Amp8,11.16
X-2846,ZAR1L,646799.0,Amp5,5.54
X-2846,ZC3H13,23091.0,Amp5,5.54
X-2846,ZDHHC11,79844.0,MutNovel,"A303D,1.000"
X-2846,ZDHHC20,253832.0,Amp5,5.43
X-2846,ZFAND5,7763.0,MutNovel,"G28A,0.533"
X-2846,ZHX3,23051.0,Amp5,7.78
X-2846,ZIC2,7546.0,Amp5,5.46
X-2846,ZIC5,85416.0,Amp5,5.46
X-2846,ZMYM2,7750.0,Amp5,5.43
X-2846,ZMYM5,9205.0,Amp5,5.43
X-2846,ZNF117,51351.0,MutNovel,"T207S,0.400"
X-2846,ZNF263,10127.0,MutNovel,"M588R,0.646"
X-2846,ZNF334,55713.0,Amp8,8.63
X-2846,ZNF335,63925.0,Amp8,11.31
X-2846,ZNF33A,7581.0,MutNovel,"V676G,0.560"
X-2846,ZNF512,84450.0,MutNovel,"R114Q,0.239"
X-2846,ZNF572,137209.0,MutNovel,"R320I,0.852"
X-2846,ZNF592,9640.0,MutNovel,"A835T,0.642"
X-2846,ZNF705A,440077.0,MutNovel,"I55K,1.000"
X-2846,ZNF705D,728957.0,Del0.8,0.78
X-2846,ZNF705E,,MutNovel,"I55K,1.000"
X-2846,ZNF717,100131827.0,MutNovel,"K15R,1.000"
X-2846,ZNF728,,MutNovel,"S79P,1.000"
X-2846,ZNF728,,MutNovel,"V76G,1.000"
X-2846,ZSCAN18,65982.0,MutNovel,"E25Q,0.782"
X-2846,ZSWIM1,90204.0,Amp8,11.31
X-2846,ZSWIM3,140831.0,Amp8,11.31
X-2861,AAK1,22848.0,MutNovel,"R64M,0.444"
X-2861,ABCC1,4363.0,MutNovel,"P1088L,0.452"
X-2861,ABCC6,368.0,MutNovel,"E18K,0.769"
X-2861,ABCF3,55324.0,MutNovel,"V565M,0.468"
X-2861,ABHD10,55347.0,MutNovel,"V305A,0.477"
X-2861,ACAD11,84129.0,MutNovel,"Q193R,0.643"
X-2861,ACADM,34.0,MutNovel,"G314R,0.520"
X-2861,ACP6,51205.0,MutNovel,"P394L,0.531"
X-2861,ACVR2A,92.0,MutKnownFunctional,"-435,0.883"
X-2861,ADD3,120.0,MutKnownFunctional,"-699,0.426"
X-2861,ADM,133.0,MutKnownFunctional,"-175,0.298"
X-2861,ADNP,23394.0,MutNovel,"N907D,0.499"
X-2861,ADNP,23394.0,MutNovel,"N8S,0.464"
X-2861,AGAP8,728404.0,MutNovel,"G601S,0.440"
X-2861,AGGF1,55109.0,MutKnownFunctional,"-679,0.853"
X-2861,AGPAT2,10555.0,MutKnownFunctional,"W4*,0.439"
X-2861,AHNAK2,113146.0,MutNovel,"A910V,0.233"
X-2861,AKAP9,10142.0,MutKnownFunctional,"-3743,0.337"
X-2861,ALDH2,217.0,MutNovel,"QE328Q,0.272"
X-2861,ALG11,440138.0,MutNovel,"R87G,0.688"
X-2861,ALG11,440138.0,MutKnownFunctional,"-131,0.409"
X-2861,ALKBH8,91801.0,MutNovel,"P265L,0.306"
X-2861,AMELY,266.0,Del0.8,0.28
X-2861,AMMECR1,9949.0,MutKnownFunctional,"-152,0.688"
X-2861,AMOTL2,51421.0,MutNovel,"R234C,0.548"
X-2861,ANAPC1,64682.0,MutNovel,"V1034M,0.564"
X-2861,ANKRD12,23253.0,MutKnownFunctional,"-666,0.438"
X-2861,ANKRD36,375248.0,MutNovel,"T998S,0.226"
X-2861,ANKRD36,375248.0,MutNovel,"D1014Y,0.235"
X-2861,ANKS3,124401.0,MutNovel,"SS334S,0.316"
X-2861,AQP12A,375318.0,MutNovel,"H244R,0.400"
X-2861,AQP12B,653437.0,MutNovel,"H256R,0.846"
X-2861,ARHGAP11A,9824.0,MutNovel,"P356S,0.515"
X-2861,ARHGAP18,93663.0,MutNovel,"V287A,0.566"
X-2861,ARHGAP26,23092.0,MutNovel,"R501W,0.510"
X-2861,ARHGAP39,80728.0,MutNovel,"A534T,0.286"
X-2861,ARHGEF11,9826.0,MutNovel,"K191R,0.500"
X-2861,ARHGEF40,55701.0,MutNovel,"R1138Q,0.442"
X-2861,ARID1B,57492.0,MutNovel,"E1276D,0.491"
X-2861,ARID5B,84159.0,MutKnownFunctional,"-495,0.539"
X-2861,ARPP19,10776.0,MutNovel,"T79S,0.220"
X-2861,ASAP1,50807.0,MutKnownFunctional,"-964?,0.286"
X-2861,ASPHD1,253982.0,MutNovel,"Q170QG,0.417"
X-2861,ASPHD1,253982.0,MutNovel,"-171G,0.417"
X-2861,ASTE1,28990.0,MutKnownFunctional,"-632,0.517"
X-2861,ATG4C,84938.0,MutNovel,"E62K,0.484"
X-2861,ATM,472.0,MutNovel,"S707P,0.333"
X-2861,ATP2A2,488.0,MutNovel,"G14D,0.319"
X-2861,ATP8A1,10396.0,MutNovel,"A337T,0.353"
X-2861,ATXN2,6311.0,MutNovel,"K902N,0.707"
X-2861,B3GALTL,145173.0,MutNovel,"F462S,0.590"
X-2861,B4GALNT4,338707.0,MutNovel,"F426Y,0.974"
X-2861,BAX,581.0,MutKnownFunctional,"-38,0.288"
X-2861,BCDIN3D,144233.0,MutNovel,"Q240R,0.406"
X-2861,BCL10,8915.0,MutKnownFunctional,"-46,0.423"
X-2861,BCORP1,286554.0,Del0.8,0.23
X-2861,BIRC2,329.0,MutNovel,"Y191C,0.289"
X-2861,BLZF1,8548.0,MutKnownFunctional,"-4,0.305"
X-2861,BMPR2,659.0,MutKnownFunctional,"-581,0.975"
X-2861,BORA,79866.0,MutNovel,"E527G,0.545"
X-2861,BPY2B,442867.0,Del0.8,0.12
X-2861,BPY2B,442867.0,Del0.8,0.16
X-2861,BRD4,23476.0,MutNovel,"P15S,0.480"
X-2861,BSCL2,26580.0,MutNovel,"G324V,0.222"
X-2861,BTBD10,84280.0,MutNovel,"A227V,0.404"
X-2861,BZRAP1,9256.0,MutNovel,"R1480Q,0.429"
X-2861,C10orf118,55088.0,MutKnownFunctional,"-867,0.341"
X-2861,C11orf24,53838.0,MutNovel,"A205T,0.672"
X-2861,C11orf41,25758.0,MutNovel,"A131V,0.714"
X-2861,C11orf48,79081.0,MutKnownFunctional,"-37,0.347"
X-2861,C1QTNF2,114898.0,MutNovel,"S299P,0.500"
X-2861,C1orf135,79000.0,MutNovel,"A10V,0.440"
X-2861,C22orf13,83606.0,MutNovel,"S172G,0.524"
X-2861,C2CD4A,145741.0,MutNovel,"R225G,0.366"
X-2861,C2orf54,79919.0,MutNovel,"Q183P,0.889"
X-2861,C4orf47,441054.0,MutKnownFunctional,"-259,0.875"
X-2861,C6orf132,647024.0,MutNovel,"P555S,0.479"
X-2861,C6orf132,647024.0,MutNovel,"K4-,0.479"
X-2861,C7orf43,55262.0,MutKnownFunctional,"-107,0.353"
X-2861,C7orf63,79846.0,MutKnownFunctional,"-914,0.318"
X-2861,C7orf63,79846.0,MutNovel,"R919Q,0.394"
X-2861,C8G,733.0,MutNovel,"R61C,0.490"
X-2861,C9orf3,84909.0,MutNovel,"T134A,0.615"
X-2861,C9orf40,55071.0,MutKnownFunctional,"-110,0.577"
X-2861,CACTIN,,MutNovel,"R755H,0.500"
X-2861,CADM4,199731.0,MutNovel,"A369T,0.618"
X-2861,CAMSAP2,23271.0,MutKnownFunctional,"-1424,0.441"
X-2861,CAPN2,824.0,MutNovel,"I25V,0.482"
X-2861,CAPN9,10753.0,MutNovel,"T448M,0.950"
X-2861,CASP5,838.0,MutKnownFunctional,"-81,0.471"
X-2861,CBFA2T2,9139.0,MutNovel,"M361I,0.500"
X-2861,CCBL2,56267.0,MutNovel,"T304I,0.426"
X-2861,CCDC14,64770.0,MutKnownFunctional,"Q297*,0.425"
X-2861,CCDC24,149473.0,MutNovel,"L39P,0.292"
X-2861,CCDC71,64925.0,MutKnownFunctional,"-11,0.506"
X-2861,CCDC92,80212.0,MutNovel,"R204H,0.287"
X-2861,CCNO,10309.0,MutKnownFunctional,"-265,0.523"
X-2861,CDC23,8697.0,MutNovel,"R330H,0.462"
X-2861,CDC42EP1,11135.0,MutNovel,"PAPAANPS253P,0.800"
X-2861,CDC42EP4,23580.0,MutKnownFunctional,"-232,0.372"
X-2861,CDC7,8317.0,MutKnownFunctional,"-28,0.364"
X-2861,CDK13,8621.0,MutNovel,"T670R,0.433"
X-2861,CDY1B,253175.0,Del0.8,0.16
X-2861,CDY1B,253175.0,Del0.8,0.23
X-2861,CDY2A,9426.0,Del0.8,0.23
X-2861,CDY2A,9426.0,Del0.8,0.23
X-2861,CDY2B,203611.0,Del0.8,0.23
X-2861,CDY2B,203611.0,Del0.8,0.23
X-2861,CEACAM3,1084.0,MutNovel,"G48V,1.000"
X-2861,CEACAM8,1088.0,MutNovel,"T171A,1.000"
X-2861,CELSR3,1951.0,MutNovel,"V2767L,0.444"
X-2861,CEP164,22897.0,MutKnownFunctional,"-113,0.429"
X-2861,CEP290,80184.0,MutKnownFunctional,"-1059,0.756"
X-2861,CFTR,1080.0,MutNovel,"R709Q,0.433"
X-2861,CHD4,1108.0,MutNovel,"R1256W,0.359"
X-2861,CHD7,55636.0,MutNovel,"P2670T,0.570"
X-2861,CHD9,80205.0,MutNovel,"R1081Q,0.393"
X-2861,CHMP1B,57132.0,MutNovel,"H51Y,0.531"
X-2861,CHORDC1,26973.0,MutKnownFunctional,"-325,0.298"
X-2861,CHPF,79586.0,MutKnownFunctional,"-475?,0.318"
X-2861,CITED1,4435.0,MutNovel,"R65H,1.000"
X-2861,CKAP4,10970.0,MutNovel,"A428V,0.396"
X-2861,CLN6,54982.0,MutNovel,"L270I,0.504"
X-2861,CNOT1,23019.0,MutNovel,"F1543-,0.818"
X-2861,CNTD2,79935.0,MutNovel,"R301W,0.552"
X-2861,CNTFR,1271.0,MutNovel,"A313V,0.399"
X-2861,COBLL1,22837.0,MutKnownFunctional,"-907,0.452"
X-2861,CPEB2,132864.0,MutNovel,"D192H,0.615"
X-2861,CREB3L4,148327.0,MutNovel,"RK237R,0.333"
X-2861,CREBBP,1387.0,MutNovel,"P2018H,0.440"
X-2861,CREBRF,,MutKnownFunctional,"-303?,0.357"
X-2861,CREG2,200407.0,MutNovel,"P96Q,0.500"
X-2861,CRIPAK,285464.0,MutNovel,"V164A,0.344"
X-2861,CROCC,9696.0,MutNovel,"A1758V,0.312"
X-2861,CROT,54677.0,MutKnownFunctional,"-32,0.455"
X-2861,CRTC1,23373.0,MutKnownFunctional,"-585?,0.274"
X-2861,CRYBG3,,MutNovel,"K224M,0.549"
X-2861,CSPG4P1Y,114758.0,Del0.8,0.16
X-2861,CSPG4P1Y,114758.0,Del0.8,0.23
X-2861,CSTF2,1478.0,MutNovel,"R453H,0.972"
X-2861,CTDSP1,58190.0,MutNovel,"D49G,0.494"
X-2861,CTNNB1,1499.0,MutNovel,"S45F,1.000"
X-2861,CWC25,54883.0,MutKnownFunctional,"-321,0.321"
X-2861,CYBA,1535.0,MutKnownFunctional,"-156,0.292"
X-2861,CYHR1,50626.0,MutKnownFunctional,"-144,0.550"
X-2861,CYP27B1,1594.0,MutNovel,"A420T,0.412"
X-2861,CYP2D6,1565.0,MutKnownFunctional,"-269,0.750"
X-2861,DAPK2,23604.0,MutNovel,"R312H,0.531"
X-2861,DAZ1,1617.0,Del0.8,0.23
X-2861,DAZ2,57055.0,Del0.8,0.2
X-2861,DAZ3,57054.0,Del0.8,0.2
X-2861,DAZ3,57054.0,Del0.8,0.16
X-2861,DAZ4,57135.0,Del0.8,0.21
X-2861,DAZ4,57135.0,Del0.8,0.19
X-2861,DBF4,10926.0,MutNovel,"TP553T,0.452"
X-2861,DBF4B,80174.0,MutNovel,"R507C,0.583"
X-2861,DBNDD2,55861.0,MutNovel,"TS217T,0.353"
X-2861,DBT,1629.0,MutNovel,"R21C,0.307"
X-2861,DCUN1D4,23142.0,MutNovel,"P230S,0.250"
X-2861,DDR1,780.0,MutNovel,"M37T,0.486"
X-2861,DDR1,780.0,MutNovel,"R341S,0.511"
X-2861,DDX19A,55308.0,MutNovel,"R428C,0.346"
X-2861,DDX39B,7919.0,MutNovel,"R175H,0.495"
X-2861,DDX3Y,8653.0,Del0.8,0.23
X-2861,DEF6,50619.0,MutNovel,"P261L,0.573"
X-2861,DENND3,22898.0,MutNovel,"E1189D,0.684"
X-2861,DENND4B,9909.0,MutNovel,"QQQ908-,0.453"
X-2861,DENND5A,23258.0,MutNovel,"Y942H,0.609"
X-2861,DGCR2,9993.0,MutKnownFunctional,"-538,0.333"
X-2861,DGCR6,8214.0,MutKnownFunctional,"Q205*,0.250"
X-2861,DGKZ,8525.0,MutKnownFunctional,"-255,0.611"
X-2861,DHX8,1659.0,MutNovel,"Y962C,0.429"
X-2861,DLST,1743.0,MutNovel,"R233C,0.557"
X-2861,DMPK,1760.0,MutNovel,"L213M,0.465"
X-2861,DMXL2,23312.0,MutNovel,"H313R,0.675"
X-2861,DNA2,1763.0,MutKnownFunctional,"-779,0.250"
X-2861,DNAAF3,,MutNovel,"Y265H,0.667"
X-2861,DNAH1,25981.0,MutNovel,"K1167N,0.789"
X-2861,DNAJC13,23317.0,MutNovel,"G75D,0.259"
X-2861,DNHD1,144132.0,MutNovel,"T745M,0.440"
X-2861,DNHD1,144132.0,MutNovel,"R1078C,0.778"
X-2861,DOCK1,1793.0,MutNovel,"D1782N,0.468"
X-2861,DOCK6,57572.0,MutNovel,"Q152R,0.514"
X-2861,DOK1,1796.0,MutKnownFunctional,"-10?,0.656"
X-2861,DONSON,29980.0,MutKnownFunctional,"-492,0.425"
X-2861,DOT1L,84444.0,MutNovel,"Q506K,0.494"
X-2861,DPYSL2,1808.0,MutKnownFunctional,"-666?,0.460"
X-2861,DROSHA,29102.0,MutNovel,"E450D,0.218"
X-2861,DUOX1,53905.0,MutNovel,"G410V,0.500"
X-2861,DUSP14,11072.0,MutNovel,"G26C,0.569"
X-2861,E2F3,1871.0,MutNovel,"P167T,0.338"
X-2861,EAF1,85403.0,MutNovel,"L16P,0.500"
X-2861,EHBP1L1,254102.0,MutNovel,"G400D,0.205"
X-2861,EIF1AY,9086.0,Del0.8,0.23
X-2861,EME2,197342.0,MutNovel,"G288V,0.439"
X-2861,EML4,27436.0,MutNovel,"A807V,0.533"
X-2861,EPPK1,83481.0,MutKnownFunctional,"-2015,0.413"
X-2861,EPS15L1,58513.0,MutNovel,"A222V,0.506"
X-2861,ERP29,10961.0,MutNovel,"L39I,0.324"
X-2861,ERP29,10961.0,MutNovel,"QK195Q,0.276"
X-2861,EXPH5,23086.0,MutNovel,"A1761G,0.311"
X-2861,FAHD2A,51011.0,MutNovel,"G284D,0.475"
X-2861,FAM106A,80039.0,Del0.8,0.63
X-2861,FAM111B,374393.0,MutKnownFunctional,"-269,0.287"
X-2861,FAM131A,131408.0,MutNovel,"T311A,0.508"
X-2861,FAM13B,51306.0,MutNovel,"R405H,0.408"
X-2861,FAM157A,728262.0,MutNovel,"A346T,1.000"
X-2861,FAM160B2,64760.0,MutKnownFunctional,"-100,0.315"
X-2861,FAM161B,145483.0,MutNovel,"T522N,0.609"
X-2861,FAM192A,80011.0,MutKnownFunctional,"R36*,0.283"
X-2861,FAM197Y2P,252946.0,Del0.8,0.05
X-2861,FAM20C,56975.0,MutNovel,"E427K,0.729"
X-2861,FAM21A,387680.0,Del0.8,0.61
X-2861,FAM41AY1,340618.0,Del0.8,0.23
X-2861,FAM41AY1,340618.0,Del0.8,0.23
X-2861,FAM59A,64762.0,MutNovel,"R538Q,0.367"
X-2861,FAM83D,81610.0,MutNovel,"I443T,0.429"
X-2861,FAM98C,147965.0,MutKnownFunctional,"-315,0.465"
X-2861,FAR1,84188.0,MutNovel,"R508Q,0.671"
X-2861,FBXO3,26273.0,MutNovel,"A213T,0.563"
X-2861,FBXO46,23403.0,MutKnownFunctional,"-424,0.356"
X-2861,FBXO46,23403.0,MutNovel,"G406D,0.394"
X-2861,FBXO46,23403.0,MutNovel,"P71L,0.510"
X-2861,FBXW7,55294.0,MutKnownFunctional,"-444,0.518"
X-2861,FCGBP,8857.0,MutNovel,"V4469I,0.500"
X-2861,FCGBP,8857.0,MutNovel,"A2568T,0.400"
X-2861,FCHO2,115548.0,MutNovel,"R505Q,0.511"
X-2861,FHAD1,114827.0,MutNovel,"K395N,1.000"
X-2861,FKBP2,2286.0,MutKnownFunctional,"-100,0.538"
X-2861,FOCAD,,MutNovel,"I368M,0.521"
X-2861,FPGS,2356.0,MutNovel,"A17V,0.301"
X-2861,FRMD8,83786.0,MutNovel,"G274S,0.407"
X-2861,FRYL,285527.0,MutNovel,"G1182R,0.500"
X-2861,FRYL,285527.0,MutNovel,"D523N,0.581"
X-2861,FUT5,2527.0,MutNovel,"T169I,0.500"
X-2861,GALR2,8811.0,MutKnownFunctional,"-367,0.722"
X-2861,GAS2L1,10634.0,MutNovel,"H664Y,0.510"
X-2861,GDAP2,54834.0,MutNovel,"P3R,0.438"
X-2861,GIGYF2,26058.0,MutNovel,"PQ1231P,0.459"
X-2861,GIPC1,10755.0,MutKnownFunctional,"-50?,0.394"
X-2861,GJD3,125111.0,MutNovel,"H175Y,0.267"
X-2861,GLE1,2733.0,MutNovel,"R590Q,0.512"
X-2861,GLG1,2734.0,MutNovel,"N504S,0.526"
X-2861,GLI1,2735.0,MutKnownFunctional,"-565,0.833"
X-2861,GLOD4,51031.0,MutNovel,"A92T,0.540"
X-2861,GLTSCR1,29998.0,MutKnownFunctional,"-935,0.500"
X-2861,GOLGA2P2Y,84559.0,Del0.8,0.16
X-2861,GOLGA2P2Y,84559.0,Del0.8,0.23
X-2861,GON4L,54856.0,MutKnownFunctional,"W2076*,0.404"
X-2861,GON4L,54856.0,MutNovel,"R1038Q,0.438"
X-2861,GPATCH8,23131.0,MutNovel,"N424T,0.437"
X-2861,GPR128,84873.0,MutNovel,"V577F,0.579"
X-2861,GPRIN2,9721.0,MutNovel,"-238MRE,0.680"
X-2861,GSN,2934.0,MutNovel,"A425T,0.465"
X-2861,GSPT1,2935.0,MutNovel,"P41S,0.477"
X-2861,GSPT1,2935.0,MutNovel,"GG15G,0.256"
X-2861,GSTT1,2952.0,Amp5,5.54
X-2861,GTF2F1,2962.0,MutNovel,"E326-,0.364"
X-2861,GTSE1,51512.0,MutNovel,"R562Q,0.532"
X-2861,GYG2P1,352887.0,Del0.8,0.23
X-2861,H6PD,9563.0,MutNovel,"M90V,0.614"
X-2861,HDAC5,10014.0,MutNovel,"S279T,0.556"
X-2861,HDLBP,3069.0,MutNovel,"A1019T,0.488"
X-2861,HEATR5B,54497.0,MutKnownFunctional,"-2072,0.382"
X-2861,HERC1,8925.0,MutNovel,"A1527V,0.679"
X-2861,HERC2,8924.0,MutNovel,"G2484C,0.505"
X-2861,HERC6,55008.0,MutNovel,"I542T,0.500"
X-2861,HIC2,23119.0,MutNovel,"A12V,0.600"
X-2861,HIC2,23119.0,MutKnownFunctional,"-159?,0.417"
X-2861,HIC2,23119.0,MutKnownFunctional,"-187,0.385"
X-2861,HIP1,3092.0,MutNovel,"A788T,0.517"
X-2861,HIST1H3D,8351.0,MutNovel,"L62R,0.519"
X-2861,HIVEP2,3097.0,MutNovel,"Y638C,0.588"
X-2861,HLA-B,3106.0,MutNovel,"A235T,0.498"
X-2861,HMCN2,,MutNovel,"R2923H,0.213"
X-2861,HNRNPUL1,11100.0,MutKnownFunctional,"-802,0.490"
X-2861,HOXA11,3207.0,MutKnownFunctional,"-299,0.651"
X-2861,HR,55806.0,MutNovel,"P977L,0.431"
X-2861,HSD17B1,3292.0,MutNovel,"R77W,0.518"
X-2861,HSFY2,159119.0,Del0.8,0.23
X-2861,HSFY2,159119.0,Del0.8,0.23
X-2861,HSH2D,84941.0,MutNovel,"T107I,0.457"
X-2861,HSPG2,3339.0,MutNovel,"R679H,0.260"
X-2861,IFNAR2,3455.0,MutNovel,"G474R,0.451"
X-2861,IFNGR1,3459.0,MutKnownFunctional,"-378,0.537"
X-2861,IGFN1,91156.0,MutNovel,"R2027W,1.000"
X-2861,IHH,3549.0,MutNovel,"G215V,0.458"
X-2861,IKZF2,22807.0,MutNovel,"E98D,1.000"
X-2861,INO80E,283899.0,MutKnownFunctional,"-12?,0.465"
X-2861,INO80E,283899.0,MutKnownFunctional,"-209,0.368"
X-2861,INPP4A,3631.0,MutNovel,"G511W,0.554"
X-2861,INPPL1,3636.0,MutNovel,"S147P,0.607"
X-2861,INTS5,80789.0,MutNovel,"L904P,0.333"
X-2861,IPO5,3843.0,MutNovel,"A976V,0.464"
X-2861,IPO8,10526.0,MutNovel,"R89H,0.703"
X-2861,IQSEC1,9922.0,MutNovel,"K493N,0.389"
X-2861,IRF1,3659.0,MutNovel,"R107Q,0.465"
X-2861,IRF2BP2,359948.0,MutNovel,"A576T,0.466"
X-2861,IRF5,3663.0,MutNovel,"R275Q,0.490"
X-2861,ITSN1,6453.0,MutKnownFunctional,"R445*,0.288"
X-2861,KALRN,8997.0,MutNovel,"T2323A,0.504"
X-2861,KANSL1L,,MutKnownFunctional,"-768,0.500"
X-2861,KAT6A,7994.0,MutNovel,"S712G,0.558"
X-2861,KAT6B,23522.0,MutNovel,"E1370-,0.329"
X-2861,KATNB1,10300.0,MutKnownFunctional,"-498,0.237"
X-2861,KBTBD11,9920.0,MutNovel,"A191V,0.231"
X-2861,KBTBD6,89890.0,MutNovel,"D589-,0.389"
X-2861,KCMF1,56888.0,MutKnownFunctional,"R18*,0.595"
X-2861,KCNQ4,9132.0,MutNovel,"V690A,0.396"
X-2861,KCP,375616.0,MutNovel,"R626H,0.524"
X-2861,KDM3B,51780.0,MutNovel,"A18V,0.509"
X-2861,KDM5C,8242.0,MutNovel,"E821D,0.516"
X-2861,KDM5D,8284.0,Del0.8,0.23
X-2861,KIAA0146,23514.0,MutNovel,"S275Y,0.532"
X-2861,KIAA0195,9772.0,MutKnownFunctional,"Q1345*,0.504"
X-2861,KIAA0319L,79932.0,MutNovel,"A585V,0.492"
X-2861,KIAA0586,9786.0,MutNovel,"V1196A,0.581"
X-2861,KIAA1549,57670.0,MutNovel,"R39H,0.500"
X-2861,KIAA1609,57707.0,MutKnownFunctional,"-339,0.204"
X-2861,KIAA1841,84542.0,MutNovel,"K670N,0.600"
X-2861,KIAA1919,91749.0,MutKnownFunctional,"-199?,0.389"
X-2861,KIAA1984,84960.0,MutNovel,"S439N,0.442"
X-2861,KIAA2013,90231.0,MutNovel,"T552M,0.212"
X-2861,KIAA2018,205717.0,MutNovel,"QQQ1471Q,0.333"
X-2861,KIF1B,23095.0,MutNovel,"A701T,0.478"
X-2861,KLF16,83855.0,MutNovel,"G69D,0.500"
X-2861,KLF3,51274.0,MutKnownFunctional,"-224,0.536"
X-2861,KLHL18,23276.0,MutNovel,"S421G,0.450"
X-2861,KLHL36,79786.0,MutNovel,"T285A,0.597"
X-2861,KLHL36,79786.0,MutNovel,"R483C,0.556"
X-2861,KLK1,3816.0,MutNovel,"G212C,0.413"
X-2861,KLRG2,346689.0,MutKnownFunctional,"-295?,0.459"
X-2861,KRAS,3845.0,MutKnownFunctional,"A146T,0.644"
X-2861,KRT13,3860.0,MutNovel,"R326H,0.636"
X-2861,KRT14,3861.0,MutNovel,"A197V,0.500"
X-2861,KRT73,319101.0,MutNovel,"L139P,0.833"
X-2861,L1CAM,3897.0,MutNovel,"P714T,0.625"
X-2861,LAD1,3898.0,MutNovel,"L161F,0.504"
X-2861,LAMA5,3911.0,MutKnownFunctional,"-1522,0.366"
X-2861,LANCL2,55915.0,MutNovel,"A23V,0.548"
X-2861,LARP4B,23185.0,MutKnownFunctional,"-163,0.255"
X-2861,LARP7,51574.0,MutKnownFunctional,"-590,0.509"
X-2861,LATS1,9113.0,MutNovel,"K821E,0.865"
X-2861,LATS1,9113.0,MutKnownFunctional,"R626*,0.202"
X-2861,LDLRAP1,26119.0,MutKnownFunctional,"-22,0.475"
X-2861,LGALS9B,284194.0,MutNovel,"V126M,0.667"
X-2861,LGALS9C,654346.0,Del0.8,0.63
X-2861,LIPT1,51601.0,MutKnownFunctional,"-121,0.390"
X-2861,LMBR1L,55716.0,MutNovel,"R295Q,0.265"
X-2861,LMTK3,114783.0,MutKnownFunctional,"-906,0.471"
X-2861,LOC100289561,100289561.0,MutNovel,"E69D,0.407"
X-2861,LOC100506248,,MutNovel,"E66Q,0.840"
X-2861,LOC100996333,,MutNovel,"N321I,1.000"
X-2861,LOC100996516,,MutKnownFunctional,"-235,0.556"
X-2861,LOC391322,391322.0,Amp5,5.54
X-2861,LPCAT4,254531.0,MutKnownFunctional,"-490,0.368"
X-2861,LRFN1,57622.0,MutNovel,"V80M,0.750"
X-2861,LRP1,4035.0,MutNovel,"R2841S,0.297"
X-2861,LRP5L,91355.0,MutNovel,"SS235S,0.447"
X-2861,LRRC42,115353.0,MutNovel,"R173W,0.482"
X-2861,LRRC8D,55144.0,MutNovel,"I748M,0.496"
X-2861,LSR,51599.0,MutNovel,"G518GR,0.409"
X-2861,LTBP3,4054.0,MutNovel,"G1265R,0.201"
X-2861,MAML3,55534.0,MutNovel,"G877D,0.432"
X-2861,MAP7D1,55700.0,MutKnownFunctional,"-34,0.533"
X-2861,MARK3,4140.0,MutNovel,"R572W,0.578"
X-2861,MBD4,8930.0,MutKnownFunctional,"-313,0.252"
X-2861,MBD4,8930.0,MutNovel,"A17V,0.681"
X-2861,MBD6,114785.0,MutNovel,"S649T,0.319"
X-2861,MBD6,114785.0,MutKnownFunctional,"-814?,0.479"
X-2861,MBIP,51562.0,MutNovel,"K59E,0.515"
X-2861,MCM2,4171.0,MutNovel,"A496T,0.505"
X-2861,MCOLN1,57192.0,MutNovel,"A532T,0.577"
X-2861,MDN1,23195.0,MutNovel,"E4559D,0.379"
X-2861,MEF2A,4205.0,MutNovel,"QQQQQ412-,0.214"
X-2861,MEP1A,4224.0,MutNovel,"Q62R,0.382"
X-2861,METAP1,23173.0,MutNovel,"R353W,0.527"
X-2861,MEX3D,399664.0,MutNovel,"G509R,0.504"
X-2861,MFN2,9927.0,MutNovel,"R94Q,0.520"
X-2861,MICAL3,57553.0,MutNovel,"D1037N,0.424"
X-2861,MIS18BP1,55320.0,MutKnownFunctional,"-114,0.293"
X-2861,MLH1,4292.0,MutKnownFunctional,"-154,0.632"
X-2861,MLLT3,4300.0,MutNovel,"S167I,0.276"
X-2861,MLLT4,4301.0,MutNovel,"A1178V,0.424"
X-2861,MLXIP,22877.0,MutNovel,"G668E,0.240"
X-2861,MLXIP,22877.0,MutNovel,"E919K,0.364"
X-2861,MPHOSPH10,10199.0,MutNovel,"DDN225D,0.347"
X-2861,MPRIP,23164.0,MutNovel,"TS178T,0.566"
X-2861,MPV17L2,84769.0,MutNovel,"L103F,0.563"
X-2861,MRC2,9902.0,MutNovel,"L1179P,0.750"
X-2861,MRGPRX1,259249.0,Del0.8,0.44
X-2861,MRPL38,64978.0,MutNovel,"T297A,0.786"
X-2861,MTAP,4507.0,MutNovel,"T8A,0.459"
X-2861,MTMR8,55613.0,MutNovel,"R78Q,1.000"
X-2861,MTMR9,66036.0,MutNovel,"Y109C,0.650"
X-2861,MUC12,10071.0,MutNovel,"R3614H,0.667"
X-2861,MUC4,4585.0,MutNovel,"V4019I,0.951"
X-2861,MUC4,4585.0,MutNovel,"S3770P,0.857"
X-2861,MUC4,4585.0,MutNovel,"P2194L,0.500"
X-2861,MUC4,4585.0,MutNovel,"S2023P,0.432"
X-2861,MUC4,4585.0,MutNovel,"S1968P,0.228"
X-2861,MUC5B,727897.0,MutNovel,"R3288G,0.846"
X-2861,MUC5B,727897.0,MutNovel,"R4159H,0.815"
X-2861,MXRA5,25878.0,MutNovel,"A1930T,0.300"
X-2861,MXRA8,54587.0,MutNovel,"A180T,0.583"
X-2861,MYCBP2,23077.0,MutNovel,"T1187A,0.433"
X-2861,MYO18A,399687.0,MutNovel,"M240T,0.432"
X-2861,MYO5B,4645.0,MutNovel,"T1486A,0.226"
X-2861,MYOF,26509.0,MutNovel,"G1123R,0.495"
X-2861,NADK,65220.0,MutNovel,"V380A,0.527"
X-2861,NBEAL1,65065.0,MutKnownFunctional,"-133?,0.333"
X-2861,NCAPD2,9918.0,MutNovel,"Q491H,0.369"
X-2861,NCK2,8440.0,MutNovel,"R183C,0.528"
X-2861,NCOA1,8648.0,MutNovel,"G478V,0.512"
X-2861,NCOA6,23054.0,MutKnownFunctional,"-374,0.338"
X-2861,NCOR2,9612.0,MutNovel,"G1839GAAA,0.271"
X-2861,NCOR2,9612.0,MutKnownFunctional,"-975,0.292"
X-2861,NCRNA00185,55410.0,Del0.8,0.23
X-2861,NDE1,54820.0,MutNovel,"N61S,0.459"
X-2861,NDST2,8509.0,MutKnownFunctional,"R695*,0.397"
X-2861,NF1,4763.0,MutNovel,"Y2690C,0.432"
X-2861,NFKBIZ,64332.0,MutNovel,"Q358R,0.435"
X-2861,NFRKB,4798.0,MutNovel,"R187C,0.725"
X-2861,NHSL1,57224.0,MutNovel,"Q216P,0.467"
X-2861,NIPBL,25836.0,MutNovel,"Y1328C,0.765"
X-2861,NISCH,11188.0,MutNovel,"R1196H,0.551"
X-2861,NIT1,4817.0,MutNovel,"T2A,0.276"
X-2861,NLGN4Y,22829.0,Del0.8,0.23
X-2861,NLRC5,84166.0,MutKnownFunctional,"-351,0.479"
X-2861,NLRC5,84166.0,MutKnownFunctional,"-447?,0.376"
X-2861,NNT,23530.0,MutKnownFunctional,"-31,0.330"
X-2861,NOSIP,51070.0,MutNovel,"S195L,0.477"
X-2861,NOTCH1,4851.0,MutNovel,"E2534K,0.237"
X-2861,NPC1L1,29881.0,MutNovel,"L883P,0.870"
X-2861,NPHP4,261734.0,MutNovel,"V994M,0.421"
X-2861,NPIPL3,23117.0,MutNovel,"L804F,0.857"
X-2861,NR1H2,7376.0,MutNovel,"-173Q,0.381"
X-2861,NRIP1,8204.0,MutNovel,"D836G,0.561"
X-2861,NRP1,8829.0,MutNovel,"D209N,0.361"
X-2861,NUP188,23511.0,MutNovel,"E1602K,0.453"
X-2861,NUP210,23225.0,MutNovel,"L456M,0.363"
X-2861,NXPE2,,MutKnownFunctional,"-125,0.393"
X-2861,OBSCN,84033.0,MutNovel,"A6021V,0.714"
X-2861,OBSCN,84033.0,MutNovel,"A7733T,0.633"
X-2861,OPHN1,4983.0,MutNovel,"R409H,1.000"
X-2861,OPLAH,26873.0,MutNovel,"V1075A,0.468"
X-2861,OR2T33,391195.0,MutNovel,"W49R,1.000"
X-2861,OR2T33,391195.0,MutNovel,"G39S,1.000"
X-2861,ORAI1,84876.0,MutNovel,"PP43-,0.923"
X-2861,ORC6,23594.0,MutNovel,"T250A,0.387"
X-2861,OSBP,5007.0,MutNovel,"P14T,0.345"
X-2861,OTUD4,54726.0,MutNovel,"V810A,0.599"
X-2861,P4HTM,54681.0,MutKnownFunctional,"-414,0.466"
X-2861,PAQR7,164091.0,MutKnownFunctional,"Y159*,0.605"
X-2861,PARP9,83666.0,MutNovel,"R79C,0.435"
X-2861,PCBD2,84105.0,MutNovel,"A17V,0.527"
X-2861,PCDH11Y,83259.0,Del0.8,0.28
X-2861,PCDHGB6,56100.0,MutNovel,"K97E,1.000"
X-2861,PCMTD1,115294.0,MutKnownFunctional,"-343,0.511"
X-2861,PDP1,54704.0,MutNovel,"R243W,0.487"
X-2861,PELP1,27043.0,MutNovel,"EE895E,0.204"
X-2861,PHACTR4,65979.0,MutKnownFunctional,"-61,0.769"
X-2861,PHF15,23338.0,MutNovel,"T271S,0.364"
X-2861,PHLDA1,22822.0,MutNovel,"QQ194Q,0.655"
X-2861,PHTF2,57157.0,MutKnownFunctional,"-534,0.367"
X-2861,PI4KA,5297.0,MutNovel,"P2047S,0.534"
X-2861,PIEZO1,9780.0,MutNovel,"R1547H,0.536"
X-2861,PIEZO1,9780.0,MutNovel,"Q949R,0.533"
X-2861,PIGR,5284.0,MutNovel,"G197R,0.391"
X-2861,PIK3CA,5290.0,MutNovel,"F934S,0.210"
X-2861,PIK3R1,5295.0,MutNovel,"HN436H,0.500"
X-2861,PIK3R3,8503.0,MutNovel,"K262N,0.513"
X-2861,PISD,23761.0,MutNovel,"A16V,0.411"
X-2861,PKN2,5586.0,MutNovel,"NL382N,0.405"
X-2861,PLAG1,5324.0,MutKnownFunctional,"-458,0.778"
X-2861,PLEKHG6,55200.0,MutNovel,"R444C,0.310"
X-2861,PLS3,5358.0,MutNovel,"L201P,0.988"
X-2861,PLS3,5358.0,MutNovel,"S552N,0.990"
X-2861,PLXNA1,5361.0,MutNovel,"T260M,0.425"
X-2861,PLXNA2,5362.0,MutNovel,"Q1588R,0.265"
X-2861,POLM,27434.0,MutKnownFunctional,"-97,0.286"
X-2861,POLQ,10721.0,MutKnownFunctional,"-1008?,0.333"
X-2861,POLQ,10721.0,MutNovel,"EV526V,0.547"
X-2861,POLR1A,25885.0,MutNovel,"E1438D,0.529"
X-2861,POLR3A,11128.0,MutNovel,"A1263T,0.230"
X-2861,POLR3C,10623.0,MutNovel,"G327V,0.592"
X-2861,POLRMT,5442.0,MutNovel,"R805H,0.503"
X-2861,POP5,51367.0,MutNovel,"F4L,0.347"
X-2861,POU2AF1,5450.0,MutNovel,"H170Q,0.750"
X-2861,PPAPDC2,403313.0,MutNovel,"M252V,0.550"
X-2861,PPP1R26,9858.0,MutKnownFunctional,"-1095,0.357"
X-2861,PPP2R5A,5525.0,MutNovel,"S5P,0.512"
X-2861,PPP5C,5536.0,MutNovel,"P59H,0.495"
X-2861,PPP6R2,9701.0,MutNovel,"H421Y,0.442"
X-2861,PPP6R2,9701.0,MutNovel,"A435V,0.401"
X-2861,PRDM2,7799.0,MutKnownFunctional,"-1566,0.335"
X-2861,PRKY,5616.0,Del0.8,0.28
X-2861,PRR11,55771.0,MutKnownFunctional,"-20,0.271"
X-2861,PRR12,57479.0,MutNovel,"P1475T,0.576"
X-2861,PRRC2C,23215.0,MutNovel,"P1157T,0.494"
X-2861,PRY,9081.0,Del0.8,0.23
X-2861,PRY,9081.0,Del0.8,0.23
X-2861,PRY2,442862.0,Del0.8,0.23
X-2861,PRY2,442862.0,Del0.8,0.23
X-2861,PTEN,5728.0,MutLikelyFunctional,"Q149*,0.492"
X-2861,PTEN,5728.0,MutLikelyFunctional,"-156?,0.500"
X-2861,PTGS1,5742.0,MutNovel,"R580H,0.400"
X-2861,PTPN2,5771.0,MutNovel,"H176R,0.470"
X-2861,PTPRH,5794.0,MutNovel,"V619A,0.451"
X-2861,PTPRR,5801.0,MutNovel,"Y455H,0.651"
X-2861,RABL6,,MutKnownFunctional,"-712,0.461"
X-2861,RAD9B,144715.0,MutKnownFunctional,"-318,0.833"
X-2861,RANBP6,26953.0,MutKnownFunctional,"-973?,0.566"
X-2861,RAP1GAP2,23108.0,MutNovel,"P618H,0.436"
X-2861,RAPGEF6,51735.0,MutNovel,"T211M,0.444"
X-2861,RAPH1,65059.0,MutKnownFunctional,"-765,0.512"
X-2861,RASA2,5922.0,MutNovel,"M1MA,0.600"
X-2861,RASA3,22821.0,MutNovel,"A464T,0.571"
X-2861,RBM22,55696.0,MutKnownFunctional,"-369,0.424"
X-2861,RBMY1A3P,286557.0,Del0.8,0.28
X-2861,RBMY1B,378948.0,Del0.8,0.23
X-2861,RBMY1B,378948.0,Del0.8,0.23
X-2861,RBMY1E,378950.0,Del0.8,0.23
X-2861,RBMY1E,378950.0,Del0.8,0.23
X-2861,RBMY1F,159163.0,Del0.8,0.23
X-2861,RBMY1F,159163.0,Del0.8,0.23
X-2861,RBMY1J,378951.0,Del0.8,0.23
X-2861,RBMY1J,378951.0,Del0.8,0.23
X-2861,RBMY2EP,159125.0,Del0.8,0.23
X-2861,RBMY2FP,159162.0,Del0.8,0.23
X-2861,RBMY3AP,64593.0,Del0.8,0.23
X-2861,RELB,5971.0,MutNovel,"G475D,0.524"
X-2861,RHBDF2,79651.0,MutNovel,"R153C,0.475"
X-2861,RIN3,79890.0,MutNovel,"G967-,0.652"
X-2861,RING1,6015.0,MutNovel,"A5G,0.485"
X-2861,RNF13,11342.0,MutKnownFunctional,"-275,0.391"
X-2861,RNF145,153830.0,MutKnownFunctional,"-29,0.298"
X-2861,RNF213,57674.0,MutNovel,"V4008I,0.525"
X-2861,RNH1,6050.0,MutNovel,"G293S,0.215"
X-2861,RPL22,6146.0,MutKnownFunctional,"-15,0.312"
X-2861,RPS3,6188.0,MutNovel,"L126P,0.645"
X-2861,RPS4Y1,6192.0,Del0.8,0.28
X-2861,RPS4Y2,140032.0,Del0.8,0.23
X-2861,RRAGC,64121.0,MutNovel,"A13T,0.462"
X-2861,RXRB,6257.0,MutNovel,"S502F,0.587"
X-2861,SAFB2,9667.0,MutKnownFunctional,"-945,0.406"
X-2861,SASH1,23328.0,MutNovel,"A1103S,0.273"
X-2861,SAT2,112483.0,MutNovel,"N49D,0.498"
X-2861,SBNO1,55206.0,MutNovel,"H597R,0.902"
X-2861,SCAF1,58506.0,MutNovel,"R648W,0.400"
X-2861,SDF2,6388.0,MutNovel,"R73Q,0.567"
X-2861,SECTM1,6398.0,MutKnownFunctional,"-22,0.364"
X-2861,SEMA6D,80031.0,MutNovel,"I678V,0.400"
X-2861,SENP1,29843.0,MutKnownFunctional,"-409,0.305"
X-2861,SEPHS2,22928.0,MutKnownFunctional,"G373*,0.520"
X-2861,SEPN1,57190.0,MutNovel,"Q111R,0.538"
X-2861,SERINC2,347735.0,MutNovel,"-373Q,0.671"
X-2861,SETD1B,23067.0,MutKnownFunctional,"-5,0.421"
X-2861,SETD5,55209.0,MutNovel,"Q453R,0.452"
X-2861,SF1,7536.0,MutNovel,"R225H,0.373"
X-2861,SF3B2,10992.0,MutNovel,"R301H,0.372"
X-2861,SH3RF2,153769.0,MutNovel,"V495M,0.469"
X-2861,SHANK2,22941.0,MutNovel,"R364C,0.400"
X-2861,SHANK3,85358.0,MutNovel,"R259H,0.750"
X-2861,SIPA1L1,26037.0,MutKnownFunctional,"-56?,0.258"
X-2861,SIPA1L2,57568.0,MutNovel,"A1284T,0.504"
X-2861,SIRT3,23410.0,MutNovel,"P297L,0.425"
X-2861,SKI,6497.0,MutNovel,"R585H,0.574"
X-2861,SLC25A40,55972.0,MutNovel,"K222M,0.277"
X-2861,SLC28A1,9154.0,MutNovel,"M333T,0.750"
X-2861,SLC28A2,9153.0,MutKnownFunctional,"-129?,0.250"
X-2861,SLC30A10,55532.0,MutKnownFunctional,"-417?,0.407"
X-2861,SLC36A1,206358.0,MutKnownFunctional,"-430,0.480"
X-2861,SLC39A3,29985.0,MutNovel,"A261V,0.506"
X-2861,SLC3A2,6520.0,MutNovel,"A61T,1.000"
X-2861,SLC41A2,84102.0,MutNovel,"A426T,0.386"
X-2861,SMARCA2,6595.0,MutNovel,"R420P,0.524"
X-2861,SMCR8,140775.0,MutNovel,"S886R,0.452"
X-2861,SMS,6611.0,MutNovel,"D239N,0.991"
X-2861,SNAPC4,6621.0,MutNovel,"L917F,0.395"
X-2861,SNTB1,6641.0,MutNovel,"I60T,0.701"
X-2861,SNTB2,6645.0,MutNovel,"I469V,0.451"
X-2861,SOLH,6650.0,MutNovel,"A817V,0.550"
X-2861,SOS1,6654.0,MutNovel,"C926Y,0.539"
X-2861,SOS2,6655.0,MutKnownFunctional,"-45,0.475"
X-2861,SOX9,6662.0,MutKnownFunctional,"-199?,0.267"
X-2861,SOX9,6662.0,MutKnownFunctional,"-327,0.609"
X-2861,SP110,3431.0,MutNovel,"S534L,0.750"
X-2861,SP140L,93349.0,MutNovel,"R79H,0.522"
X-2861,SPAST,6683.0,MutNovel,"I160M,0.462"
X-2861,SPECC1,92521.0,MutNovel,"L422S,0.536"
X-2861,SPIRE1,56907.0,MutNovel,"P643H,0.366"
X-2861,SPPL2B,56928.0,MutNovel,"V221M,0.533"
X-2861,SPRY2,10253.0,MutKnownFunctional,"-163?,0.545"
X-2861,SPTBN2,6712.0,MutNovel,"R2347Q,0.617"
X-2861,SRCAP,10847.0,MutNovel,"R741H,0.538"
X-2861,SRCAP,10847.0,MutNovel,"R1016Q,0.480"
X-2861,SREK1IP1,285672.0,MutKnownFunctional,"-91,0.287"
X-2861,SRY,6736.0,Del0.8,0.28
X-2861,SSBP4,170463.0,MutNovel,"S374N,0.472"
X-2861,SSH2,85464.0,MutNovel,"Q1354P,0.509"
X-2861,STK17A,9263.0,MutNovel,"R309Q,0.385"
X-2861,STRN4,29888.0,MutNovel,"A737T,0.551"
X-2861,STUB1,10273.0,MutNovel,"G132R,0.474"
X-2861,STXBP5,134957.0,MutKnownFunctional,"R1103*,0.229"
X-2861,SYNGAP1,8831.0,MutKnownFunctional,"-275,0.438"
X-2861,TAB1,10454.0,MutNovel,"P439L,0.542"
X-2861,TACC3,10460.0,MutNovel,"A536V,0.503"
X-2861,TAF1B,9014.0,MutNovel,"E570K,0.808"
X-2861,TBC1D14,57533.0,MutNovel,"E627K,0.482"
X-2861,TBC1D16,125058.0,MutNovel,"E162-,0.364"
X-2861,TBC1D23,55773.0,MutKnownFunctional,"-647,0.462"
X-2861,TBC1D8B,54885.0,MutKnownFunctional,"-290,0.875"
X-2861,TBL1Y,90665.0,Del0.8,0.28
X-2861,TCF20,6942.0,MutNovel,"C1938Y,0.595"
X-2861,TCIRG1,10312.0,MutNovel,"R599M,0.581"
X-2861,TGIF2LY,90655.0,Del0.8,0.28
X-2861,THAP5,168451.0,MutKnownFunctional,"-99,0.868"
X-2861,THAP7,80764.0,MutNovel,"R100C,0.541"
X-2861,THBS3,7059.0,MutKnownFunctional,"-66,0.382"
X-2861,TIPIN,54962.0,MutNovel,"Q289H,0.404"
X-2861,TKT,7086.0,MutNovel,"V592G,0.468"
X-2861,TMCO3,55002.0,MutNovel,"V636I,0.361"
X-2861,TMEM161B,153396.0,MutNovel,"I70L,0.487"
X-2861,TMEM183A,92703.0,MutNovel,"R342Q,0.586"
X-2861,TMEM183B,,MutNovel,"R342Q,0.308"
X-2861,TMEM184A,202915.0,MutNovel,"G392GA,0.231"
X-2861,TMEM185B,79134.0,MutKnownFunctional,"-341,0.471"
X-2861,TMEM198,130612.0,MutKnownFunctional,"-355,0.545"
X-2861,TMEM60,85025.0,MutKnownFunctional,"-77,0.398"
X-2861,TMSB4Y,9087.0,Del0.8,0.23
X-2861,TNFRSF11A,8792.0,MutNovel,"R128H,0.442"
X-2861,TNRC18,84629.0,MutNovel,"S2577-,0.329"
X-2861,TNRC6A,27327.0,MutNovel,"K34-,0.450"
X-2861,TNRC6B,23112.0,MutNovel,"L1320LQ,0.280"
X-2861,TOM1,10043.0,MutNovel,"R145W,0.492"
X-2861,TOPBP1,11073.0,MutNovel,"H1480R,0.470"
X-2861,TPR,7175.0,MutNovel,"L411S,0.206"
X-2861,TRANK1,9881.0,MutKnownFunctional,"W139*,0.500"
X-2861,TRAPPC6A,79090.0,MutNovel,"T4I,0.546"
X-2861,TRIM14,9830.0,MutNovel,"R383Q,0.570"
X-2861,TRIM24,8805.0,MutNovel,"C134Y,0.575"
X-2861,TRIM27,5987.0,MutKnownFunctional,"-298,0.319"
X-2861,TRIM40,135644.0,MutNovel,"A47T,0.357"
X-2861,TRIOBP,11078.0,MutNovel,"E1314D,0.700"
X-2861,TRMT10C,,MutKnownFunctional,"-128,0.390"
X-2861,TSC2,7249.0,MutNovel,"PF1508P,0.352"
X-2861,TSPY1,7258.0,Del0.8,0.05
X-2861,TSPY2,64591.0,Del0.8,0.28
X-2861,TSPY3,728137.0,Del0.8,0.05
X-2861,TSPY4,728395.0,Del0.8,0.05
X-2861,TSPY8,728403.0,Del0.8,0.05
X-2861,TSPYL1,7259.0,MutNovel,"V176VW,0.864"
X-2861,TTC30A,92104.0,MutNovel,"P96A,0.538"
X-2861,TTC6,,MutNovel,"A319V,0.667"
X-2861,TTC6,,MutNovel,"ES408DS,1.000"
X-2861,TTC7A,57217.0,MutNovel,"M654V,0.478"
X-2861,TTI1,9675.0,MutKnownFunctional,"-143,0.464"
X-2861,TTK,7272.0,MutKnownFunctional,"-851,0.333"
X-2861,TTTY10,246119.0,Del0.8,0.23
X-2861,TTTY11,83866.0,Del0.8,0.28
X-2861,TTTY12,83867.0,Del0.8,0.28
X-2861,TTTY13,83868.0,Del0.8,0.23
X-2861,TTTY14,83869.0,Del0.8,0.23
X-2861,TTTY15,64595.0,Del0.8,0.23
X-2861,TTTY16,252948.0,Del0.8,0.28
X-2861,TTTY17A,252949.0,Del0.8,0.16
X-2861,TTTY17A,252949.0,Del0.8,0.12
X-2861,TTTY18,252950.0,Del0.8,0.28
X-2861,TTTY19,252952.0,Del0.8,0.28
X-2861,TTTY1B,100101116.0,Del0.8,0.28
X-2861,TTTY1B,100101116.0,Del0.8,0.23
X-2861,TTTY2,60439.0,Del0.8,0.28
X-2861,TTTY2,60439.0,Del0.8,0.23
X-2861,TTTY20,252951.0,Del0.8,0.11
X-2861,TTTY21,252953.0,Del0.8,0.28
X-2861,TTTY21,252953.0,Del0.8,0.23
X-2861,TTTY22,252954.0,Del0.8,0.23
X-2861,TTTY23,252955.0,Del0.8,0.23
X-2861,TTTY23,252955.0,Del0.8,0.28
X-2861,TTTY3,114760.0,Del0.8,0.16
X-2861,TTTY3,114760.0,Del0.8,0.23
X-2861,TTTY4,114761.0,Del0.8,0.16
X-2861,TTTY4,114761.0,Del0.8,0.12
X-2861,TTTY5,83863.0,Del0.8,0.23
X-2861,TTTY6,84672.0,Del0.8,0.23
X-2861,TTTY6,84672.0,Del0.8,0.23
X-2861,TTTY7,246122.0,Del0.8,0.23
X-2861,TTTY7,246122.0,Del0.8,0.28
X-2861,TTTY7B,100101120.0,Del0.8,0.23
X-2861,TTTY7B,100101120.0,Del0.8,0.28
X-2861,TTTY8,84673.0,Del0.8,0.23
X-2861,TTTY8,84673.0,Del0.8,0.28
X-2861,TTTY9A,83864.0,Del0.8,0.23
X-2861,TTTY9A,83864.0,Del0.8,0.23
X-2861,TXLNG2P,246126.0,Del0.8,0.23
X-2861,UBAC1,10422.0,MutNovel,"T236A,0.519"
X-2861,UCKL1,54963.0,MutNovel,"R247W,0.475"
X-2861,UGT1A7,54577.0,MutNovel,"V283L,0.667"
X-2861,UHRF1BP1L,23074.0,MutKnownFunctional,"-636,0.508"
X-2861,UNC5B,219699.0,MutNovel,"R216C,0.556"
X-2861,URB1,9875.0,MutNovel,"D987N,0.537"
X-2861,USH1C,10083.0,MutNovel,"H94R,0.292"
X-2861,USP32,84669.0,MutNovel,"R280C,0.477"
X-2861,USP32P2,220594.0,Del0.8,0.63
X-2861,USP35,57558.0,MutNovel,"E424D,0.895"
X-2861,USP36,57602.0,MutNovel,"KKK958K,0.755"
X-2861,USP9Y,8287.0,Del0.8,0.23
X-2861,UTY,7404.0,Del0.8,0.23
X-2861,VAT1,10493.0,MutNovel,"A43-,0.426"
X-2861,VCL,7414.0,MutNovel,"A990T,0.514"
X-2861,VCY,9084.0,Del0.8,0.23
X-2861,VCY,9084.0,Del0.8,0.23
X-2861,VPS51,,MutKnownFunctional,"-23,0.681"
X-2861,WBP1,23559.0,MutKnownFunctional,"-137,0.240"
X-2861,WBP11,51729.0,MutKnownFunctional,"-35?,0.333"
X-2861,WBP1L,,MutNovel,"Q152L,0.470"
X-2861,WDFY3,23001.0,MutNovel,"A3188V,0.523"
X-2861,WDR55,54853.0,MutKnownFunctional,"-339,0.339"
X-2861,WDR83,84292.0,MutNovel,"V175M,0.506"
X-2861,XKRY2,353515.0,Del0.8,0.23
X-2861,XKRY2,353515.0,Del0.8,0.23
X-2861,XPOT,11260.0,MutKnownFunctional,"-124,0.487"
X-2861,XYLB,9942.0,MutNovel,"Y261C,0.703"
X-2861,YIPF3,25844.0,MutNovel,"L233M,0.472"
X-2861,YTHDC2,64848.0,MutNovel,"W1418R,0.551"
X-2861,ZBTB48,3104.0,MutNovel,"G3D,0.587"
X-2861,ZBTB7A,51341.0,MutKnownFunctional,"-174?,0.342"
X-2861,ZDHHC11,79844.0,MutNovel,"A303D,0.429"
X-2861,ZDHHC6,64429.0,MutNovel,"I357L,0.497"
X-2861,ZDHHC7,55625.0,MutKnownFunctional,"-314,0.324"
X-2861,ZDHHC8,29801.0,MutKnownFunctional,"-454?,0.325"
X-2861,ZFP62,643836.0,MutKnownFunctional,"R553*,0.495"
X-2861,ZFPM1,161882.0,MutNovel,"VK202V,0.500"
X-2861,ZFR,51663.0,MutNovel,"V237I,0.697"
X-2861,ZFX,7543.0,MutKnownFunctional,"-398?,0.434"
X-2861,ZFY,7544.0,Del0.8,0.28
X-2861,ZKSCAN2,342357.0,MutNovel,"P830L,0.667"
X-2861,ZMIZ1,57178.0,MutNovel,"T463M,0.567"
X-2861,ZMYM2,7750.0,MutKnownFunctional,"-1042,0.299"
X-2861,ZMYM2,7750.0,MutKnownFunctional,"-1378,0.635"
X-2861,ZMYND8,23613.0,MutKnownFunctional,"-655,0.248"
X-2861,ZMYND8,23613.0,MutNovel,"E633K,0.680"
X-2861,ZNF114,163071.0,MutKnownFunctional,"-101,0.579"
X-2861,ZNF146,7705.0,MutNovel,"Y268H,0.497"
X-2861,ZNF185,7739.0,MutNovel,"E159-,0.480"
X-2861,ZNF207,7756.0,MutNovel,"G81D,0.517"
X-2861,ZNF354B,117608.0,MutNovel,"C244R,0.355"
X-2861,ZNF41,7592.0,MutNovel,"T630I,1.000"
X-2861,ZNF418,147686.0,MutNovel,"H297Q,1.000"
X-2861,ZNF486,90649.0,MutKnownFunctional,"-178,0.551"
X-2861,ZNF500,26048.0,MutNovel,"G310A,0.520"
X-2861,ZNF513,130557.0,MutKnownFunctional,"-91,0.507"
X-2861,ZNF514,84874.0,MutNovel,"A38D,0.465"
X-2861,ZNF517,340385.0,MutKnownFunctional,"-128?,0.500"
X-2861,ZNF518A,9849.0,MutNovel,"S1225G,0.459"
X-2861,ZNF574,64763.0,MutKnownFunctional,"-515,0.430"
X-2861,ZNF579,163033.0,MutNovel,"R41M,0.619"
X-2861,ZNF609,23060.0,MutKnownFunctional,"-926,0.345"
X-2861,ZNF777,27153.0,MutNovel,"L302P,0.512"
X-2861,ZNF823,55552.0,MutNovel,"R296M,0.485"
X-2861,ZSCAN5A,79149.0,MutNovel,"M26V,0.316"
X-2861,ZXDC,79364.0,MutNovel,"G366D,0.509"
X-2861,ZXDC,79364.0,MutNovel,"V311M,0.588"
X-2991,ADCY7,113.0,MutNovel,"R372H,0.500"
X-2991,AFF1,4299.0,MutNovel,"Q294L,0.695"
X-2991,AGAP4,119016.0,MutNovel,"P80L,1.000"
X-2991,AHI1,54806.0,MutKnownFunctional,"-235?,0.385"
X-2991,AHNAK,79026.0,MutNovel,"P2001T,0.624"
X-2991,AMELY,266.0,Del0.8,0.2
X-2991,ANKRD36,375248.0,MutNovel,"T998S,0.529"
X-2991,ANKRD62,,MutNovel,"I506T,1.000"
X-2991,ANKRD62,,MutNovel,"Q583R,1.000"
X-2991,ANO6,196527.0,Del0.8,0.4
X-2991,APOC1,341.0,MutNovel,"A48S,0.412"
X-2991,ARHGEF26,26084.0,MutNovel,"Y317C,0.250"
X-2991,ARID2,196528.0,Del0.8,0.15
X-2991,ASMTL,8623.0,MutNovel,"I1246T,0.308"
X-2991,ATF2,1386.0,MutNovel,"R206G,1.000"
X-2991,BCORP1,286554.0,Del0.8,0.2
X-2991,BPY2B,442867.0,Del0.8,0.11
X-2991,BPY2B,442867.0,Del0.8,0.07
X-2991,BRD2,6046.0,MutNovel,"A49C,0.715"
X-2991,BRWD3,254065.0,MutNovel,"S1738A,1.000"
X-2991,BTNL3,10917.0,MutNovel,"H311G,1.000"
X-2991,C21orf58,54058.0,MutNovel,"H299PN,0.545"
X-2991,C5orf47,133491.0,Del0.8,0.4
X-2991,C9orf172,389813.0,MutNovel,"S856R,0.471"
X-2991,CARD8,22900.0,MutKnownFunctional,"-91,0.349"
X-2991,CBWD6,644019.0,MutKnownFunctional,"-259?,0.292"
X-2991,CCDC144B,284047.0,Del0.8,0.68
X-2991,CDC42EP1,11135.0,MutNovel,"PAPAANPS253P,0.769"
X-2991,CDH17,1015.0,MutNovel,"I69K,0.507"
X-2991,CDKN2A,1029.0,MutKnownFunctional,"-16,0.824"
X-2991,CDY1B,253175.0,Del0.8,0.23
X-2991,CDY1B,253175.0,Del0.8,0.1
X-2991,CDY2A,9426.0,Del0.8,0.2
X-2991,CDY2A,9426.0,Del0.8,0.2
X-2991,CDY2B,203611.0,Del0.8,0.2
X-2991,CDY2B,203611.0,Del0.8,0.2
X-2991,CEL,1056.0,MutNovel,"I488T,1.000"
X-2991,CENPF,1063.0,MutNovel,"C1060Y,0.982"
X-2991,COL16A1,1307.0,MutNovel,"P767S,0.771"
X-2991,CPEB4,80315.0,Del0.8,0.26
X-2991,CPSF6,11052.0,MutNovel,"S502P,0.997"
X-2991,CRIPAK,285464.0,MutNovel,"V164A,0.250"
X-2991,CRTAP,10491.0,MutNovel,"L151V,0.433"
X-2991,CSPG4P1Y,114758.0,Del0.8,0.23
X-2991,CSPG4P1Y,114758.0,Del0.8,0.26
X-2991,CTNNB1,1499.0,MutNovel,"TAPSLS42T,0.651"
X-2991,CTSA,5476.0,MutNovel,"L29-,0.391"
X-2991,DAZ1,1617.0,Del0.8,0.2
X-2991,DAZ2,57055.0,Del0.8,0.13
X-2991,DAZ3,57054.0,Del0.8,0.11
X-2991,DAZ3,57054.0,Del0.8,0.07
X-2991,DAZ4,57135.0,Del0.8,0.09
X-2991,DAZ4,57135.0,Del0.8,0.14
X-2991,DDX26B,203522.0,MutKnownFunctional,"L428*,1.000"
X-2991,DDX3Y,8653.0,Del0.8,0.2
X-2991,DDX54,79039.0,MutNovel,"S41L,1.000"
X-2991,DEK,7913.0,MutNovel,"N115D,0.334"
X-2991,DENND4B,9909.0,MutNovel,"QQQ908-,0.287"
X-2991,EIF1AY,9086.0,Del0.8,0.2
X-2991,EMC10,,MutKnownFunctional,"-231?,0.309"
X-2991,ERN2,10595.0,MutNovel,"K340E,0.498"
X-2991,FAM106A,80039.0,Del0.8,0.47
X-2991,FAM197Y2P,252946.0,Del0.8,0.2
X-2991,FAM41AY1,340618.0,Del0.8,0.2
X-2991,FAM41AY1,340618.0,Del0.8,0.2
X-2991,FAM75A6,389730.0,Del0.8,0.56
X-2991,FAM86B2,653333.0,MutNovel,"V249M,1.000"
X-2991,FBRSL1,57666.0,MutNovel,"GLGRER882G,0.625"
X-2991,FUCA2,2519.0,MutNovel,"-22CC,0.320"
X-2991,GAPVD1,26130.0,MutNovel,"R1008H,1.000"
X-2991,GIGYF2,26058.0,MutNovel,"PQ1231P,0.750"
X-2991,GOLGA2P2Y,84559.0,Del0.8,0.26
X-2991,GOLGA2P2Y,84559.0,Del0.8,0.23
X-2991,GPRIN2,9721.0,MutNovel,"-238MRE,0.548"
X-2991,GSTM1,2944.0,Del0.8,0.56
X-2991,GUSB,2990.0,MutNovel,"G400V,0.473"
X-2991,GYG2P1,352887.0,Del0.8,0.2
X-2991,HK1,3098.0,MutNovel,"M33T,1.000"
X-2991,HLA-DPB1,3115.0,MutNovel,"G113V,0.465"
X-2991,HLA-DRB1,3123.0,MutNovel,"T210M,1.000"
X-2991,HLA-DRB1,3123.0,MutNovel,"MT12IA,0.212"
X-2991,HLA-G,3135.0,MutNovel,"L303Q,1.000"
X-2991,HLA-G,3135.0,MutNovel,"M309A,1.000"
X-2991,HMP19,51617.0,Del0.8,0.23
X-2991,HOXB4,3214.0,MutNovel,"P91S,0.444"
X-2991,HPS3,84343.0,MutNovel,"K578N,0.524"
X-2991,HSDL1,83693.0,MutNovel,"P190L,0.392"
X-2991,HSFY2,159119.0,Del0.8,0.2
X-2991,HSFY2,159119.0,Del0.8,0.2
X-2991,ICAM1,3383.0,MutNovel,"Y512H,1.000"
X-2991,IGFBP2,3485.0,MutNovel,"L17LLPP,0.750"
X-2991,INCENP,3619.0,MutNovel,"T112I,0.408"
X-2991,INTS1,26173.0,MutNovel,"R238W,0.505"
X-2991,ITGAV,3685.0,MutNovel,"G263S,1.000"
X-2991,KDM5D,8284.0,Del0.8,0.2
X-2991,KIF20B,9585.0,MutNovel,"L1062LKV,0.826"
X-2991,KIF21B,23046.0,MutNovel,"R1056W,0.458"
X-2991,LAMB2,3913.0,MutKnownFunctional,"Q74*,0.270"
X-2991,LARS,51520.0,MutNovel,"A563V,0.451"
X-2991,LCE3C,353144.0,Del0.8,0.2
X-2991,LGALS9C,654346.0,Del0.8,0.47
X-2991,LIMCH1,22998.0,MutNovel,"R490Q,0.735"
X-2991,LOC100128088,,MutNovel,"A225T,0.400"
X-2991,LOC100507607,,MutNovel,"V538A,1.000"
X-2991,LOC100996325,,MutNovel,"R16K,0.615"
X-2991,LOC100996481,,MutNovel,"Y287C,1.000"
X-2991,LOC100996547,,MutNovel,"I13V,1.000"
X-2991,LOC100996607,,MutNovel,"R279W,1.000"
X-2991,LOC283710,283710.0,MutKnownFunctional,"-26,0.556"
X-2991,LOC400027,400027.0,Del0.8,0.27
X-2991,LOC653125,,MutNovel,"P78L,0.500"
X-2991,LOC728554,728554.0,Del0.8,0.75
X-2991,LOC728888,,MutNovel,"E116Q,0.750"
X-2991,LOH12CR1,118426.0,MutNovel,"Q5R,1.000"
X-2991,LRP5,4041.0,MutNovel,"P11PLL,0.375"
X-2991,LRRC37A,9884.0,MutNovel,"T167I,1.000"
X-2991,LSR,51599.0,MutNovel,"G518GR,0.844"
X-2991,MAD1L1,8379.0,MutNovel,"R59C,0.481"
X-2991,MAGI1,9223.0,MutNovel,"Q421HR,0.517"
X-2991,MED13,9969.0,MutNovel,"R1882C,0.603"
X-2991,MET,4233.0,MutKnownFunctional,"T1010I,0.519"
X-2991,MICAL1,64780.0,MutNovel,"R472W,0.280"
X-2991,MITF,4286.0,MutNovel,"S235L,0.722"
X-2991,MMP25,64386.0,MutNovel,"V469D,0.333"
X-2991,MPRIP,23164.0,MutNovel,"TS178T,0.571"
X-2991,MUC16,94025.0,MutNovel,"T10697I,1.000"
X-2991,MUC4,4585.0,MutNovel,"V4131L,1.000"
X-2991,MUC4,4585.0,MutNovel,"P4050T,0.944"
X-2991,MUC5AC,,MutNovel,"L701V,0.588"
X-2991,MUC5B,727897.0,MutNovel,"P2333S,0.240"
X-2991,MUC5B,727897.0,MutNovel,"T3816M,0.239"
X-2991,MYO6,4646.0,MutNovel,"R1129C,0.342"
X-2991,NBPF10,100132406.0,MutNovel,"I1165F,0.254"
X-2991,NBPF10,100132406.0,MutNovel,"E1287K,0.714"
X-2991,NCOR2,9612.0,MutNovel,"G1839GAAA,0.621"
X-2991,NCRNA00185,55410.0,Del0.8,0.2
X-2991,NFATC3,4775.0,MutNovel,"R1019Q,0.457"
X-2991,NIT1,4817.0,MutNovel,"V49A,0.525"
X-2991,NLGN4Y,22829.0,Del0.8,0.2
X-2991,NOP2,4839.0,MutNovel,"RR54R,0.852"
X-2991,NOTCH2,4853.0,MutNovel,"G190R,0.263"
X-2991,NR1H2,7376.0,MutNovel,"-173Q,0.398"
X-2991,NUPR1,26471.0,MutNovel,"P14S,0.503"
X-2991,OR10H2,26538.0,Del0.8,0.71
X-2991,OR4F5,79501.0,Del0.8,0.52
X-2991,ORAI1,84876.0,MutNovel,"PP43-,0.750"
X-2991,PCDH11Y,83259.0,Del0.8,0.34
X-2991,PCDH7,5099.0,MutNovel,"N431K,0.218"
X-2991,PCDHA10,56139.0,Del0.8,0.52
X-2991,PCDHA8,56140.0,Del0.8,0.61
X-2991,PCDHA9,9752.0,Del0.8,0.47
X-2991,PCNX,22990.0,MutNovel,"N348K,0.741"
X-2991,PCSK9,255738.0,MutNovel,"-15L,0.423"
X-2991,PHLDA1,22822.0,MutKnownFunctional,"-243,0.923"
X-2991,PHLDA1,22822.0,MutNovel,"QQ194Q,0.511"
X-2991,PIK3IP1,113791.0,MutNovel,"D98Y,0.533"
X-2991,POTEE,445582.0,MutNovel,"G546R,1.000"
X-2991,PRKY,5616.0,Del0.8,0.2
X-2991,PRY,9081.0,Del0.8,0.2
X-2991,PRY,9081.0,Del0.8,0.2
X-2991,PRY2,442862.0,Del0.8,0.2
X-2991,PRY2,442862.0,Del0.8,0.2
X-2991,PSG6,5675.0,MutNovel,"R284Q,1.000"
X-2991,PTOV1,53635.0,MutNovel,"A51G,0.559"
X-2991,PTPN23,25930.0,MutNovel,"D1486H,0.485"
X-2991,RAC3,5881.0,MutKnownFunctional,"-70,0.433"
X-2991,RANBP9,10048.0,MutNovel,"-11R,0.404"
X-2991,RBMY1A3P,286557.0,Del0.8,0.2
X-2991,RBMY1B,378948.0,Del0.8,0.2
X-2991,RBMY1B,378948.0,Del0.8,0.2
X-2991,RBMY1E,378950.0,Del0.8,0.2
X-2991,RBMY1E,378950.0,Del0.8,0.2
X-2991,RBMY1F,159163.0,Del0.8,0.2
X-2991,RBMY1F,159163.0,Del0.8,0.2
X-2991,RBMY1J,378951.0,Del0.8,0.2
X-2991,RBMY1J,378951.0,Del0.8,0.2
X-2991,RBMY2EP,159125.0,Del0.8,0.2
X-2991,RBMY2FP,159162.0,Del0.8,0.2
X-2991,RBMY3AP,64593.0,Del0.8,0.2
X-2991,RECQL4,9401.0,MutNovel,"E407K,0.575"
X-2991,RIN3,79890.0,MutNovel,"G967-,0.500"
X-2991,RPS4Y1,6192.0,Del0.8,0.34
X-2991,RPS4Y2,140032.0,Del0.8,0.2
X-2991,SCAF11,9169.0,Del0.8,0.23
X-2991,SERINC2,347735.0,MutNovel,"-373Q,0.757"
X-2991,SMAD4,4089.0,Del0.8,0.52
X-2991,SNX13,23161.0,MutNovel,"R888W,0.421"
X-2991,SPATA5L1,79029.0,MutNovel,"P558S,0.424"
X-2991,SPDYE6,729597.0,MutNovel,"R305C,0.246"
X-2991,SPHK2,56848.0,MutNovel,"R122Q,0.519"
X-2991,SRFBP1,153443.0,MutKnownFunctional,"-234?,0.254"
X-2991,SRY,6736.0,Del0.8,0.34
X-2991,STARD3,10948.0,MutNovel,"S27A,0.718"
X-2991,TAS2R43,259289.0,Del0.8,0.61
X-2991,TBL1Y,90665.0,Del0.8,0.2
X-2991,TGIF2LY,90655.0,Del0.8,0.34
X-2991,TLK2,11011.0,MutNovel,"R262Q,0.304"
X-2991,TMEM164,84187.0,MutNovel,"Q180E,1.000"
X-2991,TMEM184A,202915.0,MutNovel,"G392GA,0.794"
X-2991,TMSB4Y,9087.0,Del0.8,0.2
X-2991,TNRC6B,23112.0,MutNovel,"G78R,0.529"
X-2991,TNS1,7145.0,MutNovel,"R894Q,1.000"
X-2991,TP53,7157.0,MutNovel,"T125K,1.000"
X-2991,TRAP1,10131.0,MutNovel,"L622Q,0.660"
X-2991,TSPY1,7258.0,Del0.8,0.2
X-2991,TSPY2,64591.0,Del0.8,0.2
X-2991,TSPY3,728137.0,Del0.8,0.2
X-2991,TSPY4,728395.0,Del0.8,0.2
X-2991,TSPY8,728403.0,Del0.8,0.2
X-2991,TSPYL1,7259.0,MutNovel,"V176VW,0.847"
X-2991,TTF1,7270.0,MutNovel,"P358S,1.000"
X-2991,TTTY10,246119.0,Del0.8,0.2
X-2991,TTTY11,83866.0,Del0.8,0.2
X-2991,TTTY12,83867.0,Del0.8,0.2
X-2991,TTTY13,83868.0,Del0.8,0.2
X-2991,TTTY14,83869.0,Del0.8,0.2
X-2991,TTTY15,64595.0,Del0.8,0.2
X-2991,TTTY16,252948.0,Del0.8,0.2
X-2991,TTTY17A,252949.0,Del0.8,0.11
X-2991,TTTY17A,252949.0,Del0.8,0.26
X-2991,TTTY18,252950.0,Del0.8,0.2
X-2991,TTTY19,252952.0,Del0.8,0.2
X-2991,TTTY1B,100101116.0,Del0.8,0.2
X-2991,TTTY1B,100101116.0,Del0.8,0.2
X-2991,TTTY2,60439.0,Del0.8,0.2
X-2991,TTTY2,60439.0,Del0.8,0.2
X-2991,TTTY20,252951.0,Del0.8,0.2
X-2991,TTTY21,252953.0,Del0.8,0.2
X-2991,TTTY21,252953.0,Del0.8,0.2
X-2991,TTTY22,252954.0,Del0.8,0.2
X-2991,TTTY23,252955.0,Del0.8,0.2
X-2991,TTTY23,252955.0,Del0.8,0.2
X-2991,TTTY3,114760.0,Del0.8,0.09
X-2991,TTTY3,114760.0,Del0.8,0.1
X-2991,TTTY4,114761.0,Del0.8,0.07
X-2991,TTTY4,114761.0,Del0.8,0.11
X-2991,TTTY5,83863.0,Del0.8,0.2
X-2991,TTTY6,84672.0,Del0.8,0.2
X-2991,TTTY6,84672.0,Del0.8,0.2
X-2991,TTTY7,246122.0,Del0.8,0.2
X-2991,TTTY7,246122.0,Del0.8,0.2
X-2991,TTTY7B,100101120.0,Del0.8,0.2
X-2991,TTTY7B,100101120.0,Del0.8,0.2
X-2991,TTTY8,84673.0,Del0.8,0.2
X-2991,TTTY8,84673.0,Del0.8,0.2
X-2991,TTTY9A,83864.0,Del0.8,0.2
X-2991,TTTY9A,83864.0,Del0.8,0.2
X-2991,TXLNG2P,246126.0,Del0.8,0.2
X-2991,UNC13D,201294.0,MutNovel,"V175F,0.450"
X-2991,UPK3B,80761.0,MutNovel,"A200T,0.343"
X-2991,USP32P2,220594.0,Del0.8,0.47
X-2991,USP36,57602.0,MutNovel,"KKK958K,0.779"
X-2991,USP9Y,8287.0,Del0.8,0.2
X-2991,UTP14C,9724.0,MutNovel,"G85V,0.494"
X-2991,UTY,7404.0,Del0.8,0.2
X-2991,VCY,9084.0,Del0.8,0.2
X-2991,VCY,9084.0,Del0.8,0.2
X-2991,VWF,7450.0,MutNovel,"C1879R,1.000"
X-2991,WASH1,100287171.0,MutNovel,"E132L,0.333"
X-2991,WDR70,55100.0,MutNovel,"G451S,0.478"
X-2991,XKRY2,353515.0,Del0.8,0.2
X-2991,XKRY2,353515.0,Del0.8,0.2
X-2991,XYLT1,64131.0,MutNovel,"A115S,0.654"
X-2991,ZC3H7A,29066.0,MutKnownFunctional,"-77?,0.363"
X-2991,ZFY,7544.0,Del0.8,0.34
X-2991,ZNF155,7711.0,MutKnownFunctional,"W115*,0.844"
X-2991,ZNF219,51222.0,MutNovel,"QPP233P,0.824"
X-2991,ZNF384,171017.0,MutNovel,"QQ514Q,0.466"
X-2991,ZNF598,90850.0,MutNovel,"W468S,0.730"
X-2991,ZNF608,57507.0,MutNovel,"S60G,1.000"
X-2991,ZNF689,115509.0,MutNovel,"R496K,0.571"
X-2991,ZNF721,170960.0,MutNovel,"R372Q,0.551"
X-2991,ZNF888,,MutNovel,"Q450P,0.476"
X-3019,ACR,49.0,MutNovel,"G217E,1.000"
X-3019,ADAMTS1,9510.0,Del0.8,0.76
X-3019,ADAMTS5,11096.0,Del0.8,0.76
X-3019,ADORA2B,136.0,Del0.8,0.8
X-3019,AGAP4,119016.0,MutNovel,"S87N,0.800"
X-3019,AKAP10,11216.0,Del0.8,0.76
X-3019,ALAS2,212.0,MutNovel,"G498S,1.000"
X-3019,ALAS2,212.0,MutNovel,"L489I,1.000"
X-3019,ALDH3A1,218.0,Del0.8,0.76
X-3019,ALDH3A2,224.0,Del0.8,0.76
X-3019,ALG1,56052.0,MutNovel,"L305V,0.500"
X-3019,ALKBH5,54890.0,Del0.8,0.76
X-3019,AMELY,266.0,Del0.8,0.26
X-3019,ANKRD33B,651746.0,MutNovel,"R440W,1.000"
X-3019,ANKRD36,375248.0,MutNovel,"T998S,0.313"
X-3019,AOAH,313.0,MutNovel,"K96Q,1.000"
X-3019,APC,324.0,MutNovel,"E1317Q,0.727"
X-3019,APC,324.0,MutKnownFunctional,"-1400,0.762"
X-3019,APP,351.0,Del0.8,0.76
X-3019,ARAP1,116985.0,MutNovel,"A113T,0.636"
X-3019,ASXL1,171023.0,MutNovel,"E1102D,0.691"
X-3019,ATF5,22809.0,MutKnownFunctional,"-35?,0.370"
X-3019,ATP2C2,9914.0,MutNovel,"T381M,0.432"
X-3019,ATP2C2,9914.0,MutNovel,"K545T,0.457"
X-3019,ATP5J,522.0,Del0.8,0.76
X-3019,ATPAF2,91647.0,Del0.8,0.76
X-3019,B9D1,27077.0,Del0.8,0.76
X-3019,BCAR1,9564.0,MutNovel,"R855H,0.528"
X-3019,BCORP1,286554.0,Del0.8,0.24
X-3019,BPY2B,442867.0,Del0.8,0.24
X-3019,BPY2B,442867.0,Del0.8,0.24
X-3019,BRI3BP,140707.0,MutNovel,"-16LL,0.217"
X-3019,BTBD2,55643.0,MutNovel,"A37V,0.444"
X-3019,C11orf96,387763.0,MutNovel,"Q103P,1.000"
X-3019,C15orf52,388115.0,MutNovel,"R242L,0.444"
X-3019,C17orf103,256302.0,Del0.8,0.8
X-3019,C17orf39,79018.0,Del0.8,0.76
X-3019,C17orf51,339263.0,Del0.8,0.8
X-3019,C17orf75,64149.0,MutNovel,"R316Q,0.704"
X-3019,C17orf76-AS1,125144.0,Del0.8,0.8
X-3019,CACTIN,,MutNovel,"R14P,0.775"
X-3019,CAMK2G,818.0,MutNovel,"R29H,1.000"
X-3019,CBWD6,644019.0,MutKnownFunctional,"-259?,0.340"
X-3019,CCDC144A,9720.0,Del0.8,0.8
X-3019,CCDC144B,284047.0,Del0.8,0.76
X-3019,CCDC144C,348254.0,Del0.8,0.76
X-3019,CD34,947.0,MutNovel,"N356T,1.000"
X-3019,CD34,947.0,MutNovel,"S354N,1.000"
X-3019,CD34,947.0,MutNovel,"A349T,1.000"
X-3019,CD34,947.0,MutNovel,"T345A,1.000"
X-3019,CD34,947.0,MutNovel,"N333S,1.000"
X-3019,CDH13,1012.0,MutNovel,"V301I,0.237"
X-3019,CDRT1,374286.0,Del0.8,0.8
X-3019,CDRT15,146822.0,Del0.8,0.8
X-3019,CDRT15L2,256223.0,Del0.8,0.76
X-3019,CDRT15P1,94158.0,Del0.8,0.8
X-3019,CDRT15P2,644694.0,Del0.8,0.8
X-3019,CDRT4,284040.0,Del0.8,0.8
X-3019,CDRT7,94150.0,Del0.8,0.8
X-3019,CDY1B,253175.0,Del0.8,0.24
X-3019,CDY1B,253175.0,Del0.8,0.24
X-3019,CDY2A,9426.0,Del0.8,0.24
X-3019,CDY2A,9426.0,Del0.8,0.24
X-3019,CDY2B,203611.0,Del0.8,0.24
X-3019,CDY2B,203611.0,Del0.8,0.24
X-3019,CEACAM3,1084.0,MutNovel,"G48V,0.667"
X-3019,CEACAM8,1088.0,MutNovel,"T171I,0.636"
X-3019,CEACAM8,1088.0,MutNovel,"T171A,0.727"
X-3019,CEACAM8,1088.0,MutNovel,"N155K,0.500"
X-3019,CENPV,201161.0,Del0.8,0.8
X-3019,CEP192,55125.0,MutNovel,"E459K,1.000"
X-3019,CEP72,55722.0,MutNovel,"D225N,0.436"
X-3019,CLCN7,1186.0,MutNovel,"E374K,0.507"
X-3019,COL1A1,1277.0,MutNovel,"I1427T,0.286"
X-3019,COL1A1,1277.0,MutNovel,"A1421D,0.250"
X-3019,COL1A1,1277.0,MutNovel,"A990S,0.545"
X-3019,COL1A1,1277.0,MutNovel,"P621A,0.556"
X-3019,COL1A1,1277.0,MutNovel,"G424S,0.632"
X-3019,COL1A1,1277.0,MutNovel,"G374A,0.455"
X-3019,COL1A2,1278.0,MutNovel,"A131P,1.000"
X-3019,COL1A2,1278.0,MutNovel,"P137S,1.000"
X-3019,COL3A1,1281.0,MutNovel,"A784F,1.000"
X-3019,COL3A1,1281.0,MutNovel,"T803H,1.000"
X-3019,COL4A1,1282.0,MutNovel,"T1657K,1.000"
X-3019,COPS3,8533.0,Del0.8,0.76
X-3019,COX10,1352.0,Del0.8,0.8
X-3019,CPSF3,51692.0,MutNovel,"F317L,0.206"
X-3019,CROCC,9696.0,MutNovel,"R1118W,0.394"
X-3019,CSPG4P1Y,114758.0,Del0.8,0.24
X-3019,CSPG4P1Y,114758.0,Del0.8,0.24
X-3019,CT45A1,541466.0,Del0.8,0.75
X-3019,CT45A2,728911.0,Del0.8,0.75
X-3019,CTSA,5476.0,MutNovel,"L29-,0.212"
X-3019,CXCL14,9547.0,MutNovel,"I70V,0.444"
X-3019,CYYR1,116159.0,Del0.8,0.76
X-3019,DACT2,168002.0,MutNovel,"P327L,1.000"
X-3019,DAZ1,1617.0,Del0.8,0.24
X-3019,DAZ2,57055.0,Del0.8,0.24
X-3019,DAZ3,57054.0,Del0.8,0.24
X-3019,DAZ3,57054.0,Del0.8,0.24
X-3019,DAZ4,57135.0,Del0.8,0.24
X-3019,DAZ4,57135.0,Del0.8,0.24
X-3019,DCXR,51181.0,MutNovel,"D43G,0.373"
X-3019,DDX3Y,8653.0,Del0.8,0.24
X-3019,DEK,7913.0,MutNovel,"E162K,0.339"
X-3019,DHRS7B,25979.0,Del0.8,0.8
X-3019,DHX15,1665.0,MutNovel,"R27G,0.465"
X-3019,DNA2,1763.0,MutKnownFunctional,"-245,0.231"
X-3019,DNAJC11,55735.0,Del0.8,0.76
X-3019,DNASE1L1,1774.0,MutNovel,"P296S,0.541"
X-3019,DRG2,1819.0,Del0.8,0.76
X-3019,DST,667.0,MutNovel,"C4581Y,0.423"
X-3019,DTX3,196403.0,MutNovel,"T14S,1.000"
X-3019,DZIP1,22873.0,MutNovel,"K485T,0.333"
X-3019,EFCAB2,84288.0,MutNovel,"R131H,0.833"
X-3019,EHBP1L1,254102.0,MutNovel,"V274I,0.515"
X-3019,EIF1AY,9086.0,Del0.8,0.24
X-3019,ELF3,1999.0,MutNovel,"C5R,0.501"
X-3019,EP400,57634.0,MutNovel,"P2793L,0.439"
X-3019,EPN2,22905.0,Del0.8,0.76
X-3019,EPRS,2058.0,MutNovel,"E246K,0.362"
X-3019,EREG,2069.0,MutNovel,"D56E,0.822"
X-3019,ERF,2077.0,MutNovel,"A391P,0.701"
X-3019,EVPLL,645027.0,Del0.8,0.76
X-3019,EXTL3,2137.0,MutNovel,"S90N,1.000"
X-3019,FAM106A,80039.0,Del0.8,0.76
X-3019,FAM106CP,100129396.0,Del0.8,0.8
X-3019,FAM127C,441518.0,MutNovel,"G35A,1.000"
X-3019,FAM18B1,51030.0,Del0.8,0.76
X-3019,FAM18B2,201158.0,Del0.8,0.8
X-3019,FAM18B2-CDRT4,100533496.0,Del0.8,0.8
X-3019,FAM195B,348262.0,MutNovel,"T91M,0.701"
X-3019,FAM197Y2P,252946.0,Del0.8,0.12
X-3019,FAM211A,388341.0,Del0.8,0.8
X-3019,FAM41AY1,340618.0,Del0.8,0.24
X-3019,FAM41AY1,340618.0,Del0.8,0.24
X-3019,FAM83G,644815.0,Del0.8,0.76
X-3019,FBXW10,10517.0,Del0.8,0.76
X-3019,FCHO1,23149.0,MutNovel,"S843G,0.692"
X-3019,FLCN,201163.0,Del0.8,0.76
X-3019,FLII,2314.0,Del0.8,0.76
X-3019,FLNB,2317.0,MutNovel,"T866A,0.382"
X-3019,FOXA1,3169.0,MutNovel,"L309F,0.397"
X-3019,FOXO3B,2310.0,Del0.8,0.76
X-3019,FUT5,2527.0,MutNovel,"R340Q,0.500"
X-3019,GABPA,2551.0,Del0.8,0.76
X-3019,GATA2,2624.0,MutNovel,"A198T,0.294"
X-3019,GCAT,23464.0,MutNovel,"S232F,0.703"
X-3019,GIGYF2,26058.0,MutNovel,"PQ1231P,0.338"
X-3019,GOLGA2P2Y,84559.0,Del0.8,0.24
X-3019,GOLGA2P2Y,84559.0,Del0.8,0.24
X-3019,GPRIN2,9721.0,MutNovel,"-238MRE,0.889"
X-3019,GRAP,10750.0,Del0.8,0.76
X-3019,GRAPL,400581.0,Del0.8,0.76
X-3019,GSTT1,2952.0,Amp5,5.62
X-3019,GSTTP1,25774.0,Amp5,5.62
X-3019,GTPBP1,9567.0,MutNovel,"D528G,0.330"
X-3019,GYG2P1,352887.0,Del0.8,0.24
X-3019,HERC2,8924.0,MutNovel,"Q2187L,0.380"
X-3019,HIST2H2AA3,,MutNovel,"L94R,1.000"
X-3019,HLA-G,3135.0,MutNovel,"Y140A,1.000"
X-3019,HMGXB3,22993.0,MutNovel,"R1246C,0.533"
X-3019,HS3ST3A1,9955.0,Del0.8,0.8
X-3019,HS3ST3B1,9953.0,Del0.8,0.8
X-3019,HSFY2,159119.0,Del0.8,0.24
X-3019,HSFY2,159119.0,Del0.8,0.24
X-3019,IER5L,389792.0,MutNovel,"A106V,0.286"
X-3019,IGFBP7,3490.0,MutNovel,"D242G,0.250"
X-3019,IGFBP7,3490.0,MutNovel,"T188N,0.278"
X-3019,IGFBP7,3490.0,MutNovel,"Y178F,0.667"
X-3019,IGFBP7,3490.0,MutNovel,"Q176K,0.625"
X-3019,INVS,27130.0,MutNovel,"W429C,0.412"
X-3019,JAM2,58494.0,Del0.8,0.76
X-3019,KCNJ12,3768.0,Del0.8,0.8
X-3019,KDM5D,8284.0,Del0.8,0.24
X-3019,KIF13B,23303.0,MutNovel,"E936Q,1.000"
X-3019,KIF20B,9585.0,MutNovel,"L1062LKV,0.932"
X-3019,KLHL21,9903.0,Del0.8,0.76
X-3019,KRT16P2,400578.0,Del0.8,0.8
X-3019,KRT16P3,644945.0,Del0.8,0.76
X-3019,LDB2,9079.0,MutNovel,"P367A,1.000"
X-3019,LDB2,9079.0,MutNovel,"A345V,1.000"
X-3019,LENG9,94059.0,MutNovel,"T38M,0.548"
X-3019,LENG9,94059.0,MutNovel,"M23T,0.396"
X-3019,LGALS9B,284194.0,Del0.8,0.76
X-3019,LGALS9C,654346.0,Del0.8,0.76
X-3019,LINC00158,54072.0,Del0.8,0.76
X-3019,LINC00515,282566.0,Del0.8,0.76
X-3019,LLGL1,3996.0,Del0.8,0.76
X-3019,LOC100507607,,MutNovel,"V199D,1.000"
X-3019,LOC100652943,,MutNovel,"P168A,1.000"
X-3019,LOC100996641,,MutNovel,"D89N,0.677"
X-3019,LOC339240,339240.0,Del0.8,0.76
X-3019,LOC391322,391322.0,Amp5,5.62
X-3019,LOC646862,646862.0,MutNovel,"D82N,1.000"
X-3019,LRPPRC,10128.0,MutNovel,"N196T,0.481"
X-3019,LRRC37A,9884.0,MutNovel,"S1121R,1.000"
X-3019,LRRC48,83450.0,Del0.8,0.76
X-3019,LSR,51599.0,MutNovel,"G518GR,0.794"
X-3019,LYSMD3,116068.0,MutNovel,"L104F,0.646"
X-3019,MACROD2-AS1,100379174.0,Del0.8,0.77
X-3019,MAF,4094.0,MutNovel,"V327G,1.000"
X-3019,MAGED4,,MutNovel,"A675T,1.000"
X-3019,MAN1A1,4121.0,MutNovel,"E491K,0.692"
X-3019,MAP2K3,5606.0,Del0.8,0.8
X-3019,MAP3K4,4216.0,MutNovel,"D127H,0.244"
X-3019,MAP3K4,4216.0,MutNovel,"PA1189P,0.500"
X-3019,MAPK7,5598.0,Del0.8,0.76
X-3019,ME3,10873.0,MutNovel,"R190C,0.446"
X-3019,MED9,55090.0,Del0.8,0.76
X-3019,MEIS3P1,4213.0,Del0.8,0.8
X-3019,MFAP3,4238.0,MutNovel,"S13N,0.474"
X-3019,MFAP4,4239.0,Del0.8,0.76
X-3019,MGC12916,84815.0,Del0.8,0.8
X-3019,MID1,4281.0,MutNovel,"T44A,1.000"
X-3019,MIR1180,100302256.0,Del0.8,0.76
X-3019,MIR1288,100302124.0,Del0.8,0.8
X-3019,MIR155,406947.0,Del0.8,0.76
X-3019,MIR155HG,114614.0,Del0.8,0.76
X-3019,MIR33B,693120.0,Del0.8,0.76
X-3019,MIR4731,100616125.0,Del0.8,0.8
X-3019,MIR4759,100616243.0,Del0.8,0.76
X-3019,MIS18BP1,55320.0,MutNovel,"D91H,0.367"
X-3019,MLL4,9757.0,MutNovel,"S1615L,0.544"
X-3019,MPRIP,23164.0,MutNovel,"TS178T,0.431"
X-3019,MPRIP,23164.0,Del0.8,0.76
X-3019,MRPL39,54148.0,Del0.8,0.76
X-3019,MSN,4478.0,MutNovel,"E170K,0.600"
X-3019,MSN,4478.0,MutKnownFunctional,"EQ479E*,1.000"
X-3019,MST1,4485.0,MutNovel,"C338R,0.312"
X-3019,MTHFR,4524.0,MutNovel,"P316L,0.400"
X-3019,MTUS1,57509.0,MutNovel,"K670T,1.000"
X-3019,MUC12,10071.0,MutNovel,"T312I,0.369"
X-3019,MUC12,10071.0,MutNovel,"L324F,0.367"
X-3019,MUC12,10071.0,MutNovel,"S330L,0.322"
X-3019,MUC12,10071.0,MutNovel,"T340P,0.248"
X-3019,MUC12,10071.0,MutNovel,"R855H,1.000"
X-3019,MUC12,10071.0,MutNovel,"S914P,0.571"
X-3019,MUC12,10071.0,MutNovel,"H1064P,0.286"
X-3019,MUC12,10071.0,MutNovel,"T1066K,0.261"
X-3019,MUC12,10071.0,MutNovel,"R1165P,0.979"
X-3019,MUC12,10071.0,MutNovel,"A1235T,0.643"
X-3019,MUC12,10071.0,MutNovel,"K1254T,1.000"
X-3019,MUC12,10071.0,MutNovel,"E1323K,0.212"
X-3019,MUC12,10071.0,MutNovel,"D1348G,0.875"
X-3019,MUC12,10071.0,MutNovel,"L1735F,0.957"
X-3019,MUC12,10071.0,MutNovel,"LG1735FS,0.957"
X-3019,MUC12,10071.0,MutNovel,"S1741L,0.972"
X-3019,MUC12,10071.0,MutNovel,"E1768G,0.625"
X-3019,MUC12,10071.0,MutNovel,"T1770M,0.635"
X-3019,MUC12,10071.0,MutNovel,"S1856N,0.545"
X-3019,MUC12,10071.0,MutNovel,"T2122I,0.667"
X-3019,MUC12,10071.0,MutNovel,"T2366P,0.400"
X-3019,MUC12,10071.0,MutNovel,"S3413N,0.506"
X-3019,MUC12,10071.0,MutNovel,"T3417R,0.451"
X-3019,MUC12,10071.0,MutNovel,"T4071A,0.933"
X-3019,MUC12,10071.0,MutNovel,"P4160T,0.304"
X-3019,MUC12,10071.0,MutNovel,"T4363I,0.612"
X-3019,MUC12,10071.0,MutNovel,"T4391P,0.232"
X-3019,MUC12,10071.0,MutNovel,"S4496N,0.638"
X-3019,MUC12,10071.0,MutNovel,"T4500R,0.604"
X-3019,MYO15A,51168.0,Del0.8,0.76
X-3019,NBAS,51594.0,MutNovel,"R2358K,0.295"
X-3019,NBPF12,,MutNovel,"R381K,1.000"
X-3019,NBPF14,25832.0,MutNovel,"M234I,0.500"
X-3019,NCLN,56926.0,MutNovel,"S484R,0.675"
X-3019,NCOA2,10499.0,MutNovel,"C604Y,0.500"
X-3019,NCOA5,57727.0,MutNovel,"P385L,0.703"
X-3019,NCOR1,9611.0,Del0.8,0.8
X-3019,NCOR2,9612.0,MutNovel,"G1839GAAA,0.491"
X-3019,NCRNA00185,55410.0,Del0.8,0.24
X-3019,NLGN4Y,22829.0,Del0.8,0.24
X-3019,NOL9,79707.0,Del0.8,0.76
X-3019,NR1H2,7376.0,MutNovel,"-173Q,0.268"
X-3019,NT5M,56953.0,Del0.8,0.76
X-3019,OR10G4,390264.0,MutNovel,"L25I,1.000"
X-3019,OR52N1,79473.0,Del0.8,0.68
X-3019,OR52N5,390075.0,Del0.8,0.22
X-3019,ORAI1,84876.0,MutNovel,"PP43-,0.812"
X-3019,P4HB,5034.0,MutNovel,"E496K,0.341"
X-3019,PABPC3,5042.0,MutNovel,"Y377H,1.000"
X-3019,PACS1,55690.0,MutNovel,"A62V,0.436"
X-3019,PARP8,79668.0,MutNovel,"A754T,0.375"
X-3019,PARP8,79668.0,MutNovel,"S761C,0.333"
X-3019,PARP8,79668.0,MutNovel,"T767A,0.417"
X-3019,PCDH11Y,83259.0,Del0.8,0.26
X-3019,PEMT,10400.0,Del0.8,0.76
X-3019,PGAP1,80055.0,MutNovel,"E456Q,0.286"
X-3019,PHF13,148479.0,Del0.8,0.76
X-3019,PHF16,9767.0,MutNovel,"E587K,0.562"
X-3019,PHLDA1,22822.0,MutNovel,"QQ194Q,0.615"
X-3019,PIGL,9487.0,Del0.8,0.8
X-3019,PITPNM3,83394.0,MutNovel,"P81L,1.000"
X-3019,PLA2G10,8399.0,MutKnownFunctional,"-31,0.269"
X-3019,PLCD3,113026.0,MutNovel,"T78M,0.500"
X-3019,PLCG1,5335.0,MutKnownFunctional,"R286*,0.241"
X-3019,PLD6,201164.0,Del0.8,0.76
X-3019,PLEKHG2,64857.0,MutKnownFunctional,"R47*,0.571"
X-3019,PLEKHG5,57449.0,Del0.8,0.76
X-3019,PLXNB1,5364.0,MutKnownFunctional,"-1588?,0.249"
X-3019,PMP22,5376.0,Del0.8,0.8
X-3019,POLR1B,84172.0,MutNovel,"P898L,0.430"
X-3019,PPP2R5A,5525.0,MutNovel,"A473T,0.530"
X-3019,PRIC285,85441.0,MutNovel,"A1724V,0.739"
X-3019,PRKY,5616.0,Del0.8,0.26
X-3019,PRPSAP2,5636.0,Del0.8,0.76
X-3019,PRY,9081.0,Del0.8,0.24
X-3019,PRY,9081.0,Del0.8,0.24
X-3019,PRY2,442862.0,Del0.8,0.24
X-3019,PRY2,442862.0,Del0.8,0.24
X-3019,RAI1,10743.0,MutNovel,"R167Q,1.000"
X-3019,RAI1,10743.0,Del0.8,0.76
X-3019,RALY,22913.0,MutNovel,"-231S,0.386"
X-3019,RASD1,51655.0,Del0.8,0.76
X-3019,RBMY1A3P,286557.0,Del0.8,0.26
X-3019,RBMY1B,378948.0,Del0.8,0.24
X-3019,RBMY1B,378948.0,Del0.8,0.24
X-3019,RBMY1E,378950.0,Del0.8,0.24
X-3019,RBMY1E,378950.0,Del0.8,0.24
X-3019,RBMY1F,159163.0,Del0.8,0.24
X-3019,RBMY1F,159163.0,Del0.8,0.24
X-3019,RBMY1J,378951.0,Del0.8,0.24
X-3019,RBMY1J,378951.0,Del0.8,0.24
X-3019,RBMY2EP,159125.0,Del0.8,0.24
X-3019,RBMY2FP,159162.0,Del0.8,0.24
X-3019,RBMY3AP,64593.0,Del0.8,0.24
X-3019,REG4,83998.0,MutNovel,"R149H,0.667"
X-3019,RHD,6007.0,Del0.8,0.65
X-3019,RNF112,7732.0,Del0.8,0.76
X-3019,RNF169,254225.0,MutNovel,"P75S,0.500"
X-3019,RPRD1B,58490.0,MutNovel,"P137S,0.213"
X-3019,RPS17,6218.0,MutNovel,"V66G,0.225"
X-3019,RPS24,6229.0,MutNovel,"M131N,0.810"
X-3019,RPS24,6229.0,MutNovel,"R132W,0.909"
X-3019,RPS4Y1,6192.0,Del0.8,0.26
X-3019,RPS4Y2,140032.0,Del0.8,0.24
X-3019,SCAPER,49855.0,Del0.8,0.72
X-3019,SCRIB,23513.0,MutNovel,"A1543V,0.617"
X-3019,SEC16A,9919.0,MutNovel,"SGA369-,0.509"
X-3019,SEC62,7095.0,MutNovel,"R347G,0.642"
X-3019,SEMA6C,10500.0,MutNovel,"R386Q,0.333"
X-3019,SERHL2,253190.0,MutNovel,"H168Q,1.000"
X-3019,SERINC2,347735.0,MutNovel,"-373Q,0.422"
X-3019,SETDB1,9869.0,MutNovel,"AS1024A,0.282"
X-3019,SHD,56961.0,MutNovel,"A197P,1.000"
X-3019,SHMT1,6470.0,Del0.8,0.76
X-3019,SLC11A2,4891.0,MutNovel,"N468D,0.687"
X-3019,SLC35A1,10559.0,MutNovel,"K265N,0.389"
X-3019,SLC47A1,55244.0,Del0.8,0.76
X-3019,SLC47A2,146802.0,Del0.8,0.76
X-3019,SLC5A10,125206.0,Del0.8,0.76
X-3019,SMCR5,140771.0,Del0.8,0.76
X-3019,SMCR7,125170.0,Del0.8,0.76
X-3019,SMCR8,140775.0,Del0.8,0.76
X-3019,SMCR9,140776.0,Del0.8,0.76
X-3019,SMG1,23049.0,MutNovel,"S1141R,0.729"
X-3019,SNAP23,8773.0,MutNovel,"A203V,0.308"
X-3019,SNAPC4,6621.0,MutNovel,"S542-,0.316"
X-3019,SNORA59B,677882.0,Del0.8,0.76
X-3019,SNORD49A,26800.0,Del0.8,0.8
X-3019,SNORD49B,692087.0,Del0.8,0.8
X-3019,SNORD65,692106.0,Del0.8,0.8
X-3019,SORL1,6653.0,MutNovel,"A1704T,0.570"
X-3019,SPARC,6678.0,MutNovel,"P148Q,1.000"
X-3019,SPARC,6678.0,MutNovel,"A103V,1.000"
X-3019,SPARC,6678.0,MutNovel,"N88R,1.000"
X-3019,SPARCL1,8404.0,MutNovel,"R629L,1.000"
X-3019,SPARCL1,8404.0,MutNovel,"S619F,1.000"
X-3019,SPECC1,92521.0,Del0.8,0.76
X-3019,SPG7,6687.0,MutNovel,"T278S,0.274"
X-3019,SPIRE1,56907.0,MutNovel,"R321Q,1.000"
X-3019,SPRR2E,6704.0,Del0.8,0.8
X-3019,SPRY4,81848.0,MutNovel,"R257H,0.680"
X-3019,SREBF1,6720.0,Del0.8,0.76
X-3019,SRY,6736.0,Del0.8,0.26
X-3019,STX10,8677.0,MutNovel,"L195P,0.680"
X-3019,TAS1R1,80835.0,Del0.8,0.76
X-3019,TBC1D26,353149.0,Del0.8,0.8
X-3019,TBC1D28,254272.0,Del0.8,0.76
X-3019,TBL1Y,90665.0,Del0.8,0.26
X-3019,TBP,6908.0,MutNovel,"-64Q,0.231"
X-3019,TCF7L2,6934.0,MutNovel,"G452R,1.000"
X-3019,TEKT3,64518.0,Del0.8,0.8
X-3019,TFAP2E,339488.0,MutNovel,"T294M,0.800"
X-3019,TFR2,7036.0,MutNovel,"R614L,0.947"
X-3019,TGIF1,7050.0,MutNovel,"L382P,0.998"
X-3019,TGIF2LY,90655.0,Del0.8,0.26
X-3019,THAP3,90326.0,Del0.8,0.76
X-3019,THOC3,84321.0,MutNovel,"P309L,0.500"
X-3019,TM9SF3,56889.0,MutNovel,"P5L,1.000"
X-3019,TMC5,79838.0,MutNovel,"S676F,0.246"
X-3019,TMEM11,8834.0,Del0.8,0.8
X-3019,TMEM184A,202915.0,MutNovel,"G392GA,0.420"
X-3019,TMSB4Y,9087.0,Del0.8,0.24
X-3019,TNFRSF13B,23495.0,Del0.8,0.76
X-3019,TOM1L2,146691.0,Del0.8,0.76
X-3019,TOP3A,7156.0,Del0.8,0.76
X-3019,TP53,7157.0,MutNovel,"S127F,1.000"
X-3019,TP53BP1,7158.0,MutNovel,"P531A,0.292"
X-3019,TRIM16,10626.0,Del0.8,0.8
X-3019,TRIM16L,147166.0,Del0.8,0.76
X-3019,TRIP12,9320.0,MutNovel,"S1506C,0.475"
X-3019,TRMT1,55621.0,MutNovel,"R616H,0.351"
X-3019,TRMT2A,27037.0,MutNovel,"L420I,0.308"
X-3019,TRPV2,51393.0,Del0.8,0.8
X-3019,TRRAP,8295.0,MutNovel,"V2971M,0.353"
X-3019,TSC2,7249.0,MutNovel,"R245H,0.380"
X-3019,TSHZ2,128553.0,MutNovel,"C999R,1.000"
X-3019,TSHZ2,128553.0,MutNovel,"A1008T,1.000"
X-3019,TSPY1,7258.0,Del0.8,0.12
X-3019,TSPY2,64591.0,Del0.8,0.26
X-3019,TSPY3,728137.0,Del0.8,0.12
X-3019,TSPY4,728395.0,Del0.8,0.12
X-3019,TSPY8,728403.0,Del0.8,0.12
X-3019,TSPYL1,7259.0,MutNovel,"V176VW,0.856"
X-3019,TTC19,54902.0,Del0.8,0.8
X-3019,TTTY10,246119.0,Del0.8,0.24
X-3019,TTTY11,83866.0,Del0.8,0.26
X-3019,TTTY12,83867.0,Del0.8,0.26
X-3019,TTTY13,83868.0,Del0.8,0.24
X-3019,TTTY14,83869.0,Del0.8,0.24
X-3019,TTTY15,64595.0,Del0.8,0.24
X-3019,TTTY16,252948.0,Del0.8,0.26
X-3019,TTTY17A,252949.0,Del0.8,0.24
X-3019,TTTY17A,252949.0,Del0.8,0.24
X-3019,TTTY18,252950.0,Del0.8,0.26
X-3019,TTTY19,252952.0,Del0.8,0.26
X-3019,TTTY1B,100101116.0,Del0.8,0.26
X-3019,TTTY1B,100101116.0,Del0.8,0.24
X-3019,TTTY2,60439.0,Del0.8,0.26
X-3019,TTTY2,60439.0,Del0.8,0.24
X-3019,TTTY20,252951.0,Del0.8,0.18
X-3019,TTTY21,252953.0,Del0.8,0.26
X-3019,TTTY21,252953.0,Del0.8,0.24
X-3019,TTTY22,252954.0,Del0.8,0.24
X-3019,TTTY23,252955.0,Del0.8,0.24
X-3019,TTTY23,252955.0,Del0.8,0.26
X-3019,TTTY3,114760.0,Del0.8,0.24
X-3019,TTTY3,114760.0,Del0.8,0.24
X-3019,TTTY4,114761.0,Del0.8,0.24
X-3019,TTTY4,114761.0,Del0.8,0.24
X-3019,TTTY5,83863.0,Del0.8,0.24
X-3019,TTTY6,84672.0,Del0.8,0.24
X-3019,TTTY6,84672.0,Del0.8,0.24
X-3019,TTTY7,246122.0,Del0.8,0.26
X-3019,TTTY7,246122.0,Del0.8,0.24
X-3019,TTTY7B,100101120.0,Del0.8,0.24
X-3019,TTTY7B,100101120.0,Del0.8,0.26
X-3019,TTTY8,84673.0,Del0.8,0.26
X-3019,TTTY8,84673.0,Del0.8,0.24
X-3019,TTTY9A,83864.0,Del0.8,0.24
X-3019,TTTY9A,83864.0,Del0.8,0.24
X-3019,TXLNG2P,246126.0,Del0.8,0.24
X-3019,TYRO3,7301.0,MutNovel,"Y744F,0.837"
X-3019,UBB,7314.0,Del0.8,0.8
X-3019,ULK2,9706.0,Del0.8,0.76
X-3019,USP22,23326.0,Del0.8,0.8
X-3019,USP32P1,162632.0,Del0.8,0.8
X-3019,USP32P2,220594.0,Del0.8,0.76
X-3019,USP36,57602.0,MutNovel,"KKK958K,0.474"
X-3019,USP9Y,8287.0,Del0.8,0.24
X-3019,UTRN,7402.0,MutNovel,"H2842Y,0.314"
X-3019,UTY,7404.0,Del0.8,0.24
X-3019,VCY,9084.0,Del0.8,0.24
X-3019,VCY,9084.0,Del0.8,0.24
X-3019,VIM,7431.0,MutNovel,"E106K,0.909"
X-3019,VN1R1,57191.0,MutNovel,"G303V,0.739"
X-3019,WDFY3,23001.0,MutNovel,"V1245I,0.389"
X-3019,WDR45,11152.0,MutKnownFunctional,"-253,0.886"
X-3019,XKRY2,353515.0,Del0.8,0.24
X-3019,XKRY2,353515.0,Del0.8,0.24
X-3019,ZBTB48,3104.0,Del0.8,0.76
X-3019,ZDHHC8,29801.0,MutNovel,"P739S,0.600"
X-3019,ZFY,7544.0,Del0.8,0.26
X-3019,ZHX2,22882.0,MutNovel,"R471Q,0.208"
X-3019,ZNF219,51222.0,MutNovel,"QPP233P,0.258"
X-3019,ZNF286A,57335.0,Del0.8,0.8
X-3019,ZNF286B,729288.0,Del0.8,0.76
X-3019,ZNF287,57336.0,Del0.8,0.8
X-3019,ZNF296,162979.0,MutNovel,"G455S,0.626"
X-3019,ZNF418,147686.0,MutNovel,"H297Q,1.000"
X-3019,ZNF493,284443.0,MutKnownFunctional,"-479,0.219"
X-3019,ZNF587,84914.0,MutNovel,"R173H,0.635"
X-3019,ZNF624,57547.0,Del0.8,0.8
X-3019,ZNF7,7553.0,MutNovel,"Q653E,0.692"
X-3019,ZNF736,728927.0,MutNovel,"D93N,0.526"
X-3019,ZNF8,7554.0,MutNovel,"R283K,0.462"
X-3019,ZSWIM7,125150.0,Del0.8,0.8
X-3093,A2ML1,144568.0,MutNovel,"K128T,0.438"
X-3093,A2ML1,144568.0,MutNovel,"K873N,0.318"
X-3093,A2ML1,144568.0,MutNovel,"N1058S,0.607"
X-3093,AARS2,57505.0,MutNovel,"H127R,0.353"
X-3093,AARS2,57505.0,MutKnownFunctional,"R123*,0.333"
X-3093,AASDHPPT,60496.0,MutNovel,"R138C,0.383"
X-3093,ABCA2,20.0,MutNovel,"D1962N,0.291"
X-3093,ABCA3,21.0,MutNovel,"A1623V,0.598"
X-3093,ABCA3,21.0,MutNovel,"H1247R,0.688"
X-3093,ABCA5,23461.0,MutNovel,"K1423T,0.686"
X-3093,ABCA7,10347.0,MutNovel,"F1641L,0.319"
X-3093,ABCB6,10058.0,MutNovel,"S490L,0.497"
X-3093,ABCB8,11194.0,MutNovel,"D520G,0.312"
X-3093,ABCC10,89845.0,MutNovel,"E1219D,0.410"
X-3093,ABCC2,1244.0,MutNovel,"S978L,0.833"
X-3093,ABCC3,8714.0,MutNovel,"N576H,0.321"
X-3093,ABCC5,10057.0,MutNovel,"R232W,0.560"
X-3093,ABCE1,6059.0,MutKnownFunctional,"R33*,0.445"
X-3093,ABCG1,9619.0,MutNovel,"N58T,0.500"
X-3093,ABHD12,26090.0,MutNovel,"E280K,0.551"
X-3093,ABHD12,26090.0,MutNovel,"G24S,0.574"
X-3093,ABHD13,84945.0,MutKnownFunctional,"E317*,0.454"
X-3093,ABI2,10152.0,MutNovel,"E389K,0.535"
X-3093,ACACA,31.0,MutNovel,"E1053D,0.702"
X-3093,ACAD10,80724.0,MutKnownFunctional,"R936*,0.413"
X-3093,ACAD11,84129.0,MutNovel,"W491C,0.677"
X-3093,ACAD8,27034.0,MutNovel,"A252V,0.509"
X-3093,ACIN1,22985.0,MutNovel,"K1073E,0.477"
X-3093,ACLY,47.0,MutNovel,"D141G,0.667"
X-3093,ACOT2,10965.0,MutNovel,"I293M,0.440"
X-3093,ACSL3,2181.0,MutNovel,"R702H,0.238"
X-3093,ACSL5,51703.0,MutNovel,"K444Q,0.549"
X-3093,ACTR6,64431.0,MutNovel,"I298V,0.534"
X-3093,ACTRT3,,MutNovel,"L343I,0.611"
X-3093,ACVR1,90.0,MutNovel,"T326A,0.494"
X-3093,ADAM11,4185.0,MutNovel,"R665C,0.667"
X-3093,ADAM15,8751.0,MutNovel,"D618G,0.527"
X-3093,ADAM8,101.0,MutNovel,"E250D,0.524"
X-3093,ADAMTS15,170689.0,MutNovel,"D670N,0.366"
X-3093,ADCK1,57143.0,MutNovel,"D275Y,0.361"
X-3093,ADCK4,79934.0,MutKnownFunctional,"R150*,0.304"
X-3093,ADCY4,196883.0,MutNovel,"E741K,0.542"
X-3093,ADH1B,125.0,MutNovel,"R272Q,0.750"
X-3093,ADH1B,125.0,MutNovel,"V103I,0.600"
X-3093,ADI1,55256.0,MutNovel,"E47D,0.539"
X-3093,ADNP2,22850.0,MutNovel,"K89N,0.520"
X-3093,ADRBK2,157.0,MutNovel,"E152D,1.000"
X-3093,ADSS,159.0,MutKnownFunctional,"R430*,0.532"
X-3093,ADTRP,,MutNovel,"L209V,0.547"
X-3093,AEN,64782.0,MutNovel,"C14G,0.514"
X-3093,AFAP1,60312.0,MutNovel,"R676I,0.301"
X-3093,AFF4,27125.0,MutNovel,"R691Q,0.458"
X-3093,AFTPH,54812.0,MutKnownFunctional,"G630*,0.205"
X-3093,AGA,175.0,MutNovel,"F300L,0.358"
X-3093,AGAP4,119016.0,MutNovel,"S143F,0.833"
X-3093,AGAP7,653268.0,MutNovel,"S143F,0.474"
X-3093,AGFG1,3267.0,MutNovel,"F531C,0.458"
X-3093,AGL,178.0,MutNovel,"F992L,0.517"
X-3093,AGPAT4,56895.0,MutNovel,"E110K,0.778"
X-3093,AGRN,375790.0,MutNovel,"R1580H,0.454"
X-3093,AHCTF1,25909.0,MutNovel,"I672S,0.750"
X-3093,AHCTF1,25909.0,MutNovel,"F615C,0.500"
X-3093,AHCYL1,10768.0,MutNovel,"D306N,0.496"
X-3093,AHCYL2,23382.0,MutNovel,"D313N,0.438"
X-3093,AHI1,54806.0,MutNovel,"R495C,0.630"
X-3093,AHI1,54806.0,MutNovel,"R15C,0.674"
X-3093,AHNAK,79026.0,MutNovel,"F5090S,0.540"
X-3093,AHNAK,79026.0,MutNovel,"D1705N,0.519"
X-3093,AHNAK2,113146.0,MutNovel,"F5740V,0.511"
X-3093,AHNAK2,113146.0,MutNovel,"G4233D,0.429"
X-3093,AIM1,202.0,MutNovel,"S652Y,0.549"
X-3093,AIM1,202.0,MutNovel,"L895R,0.542"
X-3093,AIM1,202.0,MutNovel,"E1368D,0.239"
X-3093,AK2,204.0,MutNovel,"L122R,0.541"
X-3093,AKAP1,8165.0,MutNovel,"T645A,0.296"
X-3093,AKAP10,11216.0,MutNovel,"A319T,0.698"
X-3093,AKAP11,11215.0,MutNovel,"A492G,0.231"
X-3093,AKAP11,11215.0,MutKnownFunctional,"E1594*,0.299"
X-3093,AKAP13,11214.0,MutNovel,"D1490G,0.469"
X-3093,AKAP8L,26993.0,MutNovel,"K519N,0.424"
X-3093,AKAP9,10142.0,MutKnownFunctional,"E515*,0.600"
X-3093,AKAP9,10142.0,MutNovel,"K1047Q,0.455"
X-3093,AKD1,221264.0,MutNovel,"F212C,0.235"
X-3093,AKR1C3,8644.0,MutNovel,"D210Y,0.746"
X-3093,AKTIP,64400.0,MutNovel,"A291V,0.388"
X-3093,ALAS1,211.0,MutNovel,"D234G,0.474"
X-3093,ALDH18A1,5832.0,MutKnownFunctional,"R765*,0.516"
X-3093,ALDH1B1,219.0,MutNovel,"E487G,0.286"
X-3093,ALDH3A2,224.0,MutNovel,"S365L,0.380"
X-3093,ALDH3A2,224.0,MutNovel,"F453C,0.307"
X-3093,ALDOB,229.0,MutNovel,"M275I,0.659"
X-3093,ALG10B,144245.0,MutNovel,"L237I,0.387"
X-3093,ALG2,85365.0,MutNovel,"R130W,0.324"
X-3093,ALG5,29880.0,MutNovel,"E43D,0.470"
X-3093,ALKBH8,91801.0,MutNovel,"K512E,0.295"
X-3093,ALKBH8,91801.0,MutKnownFunctional,"S330*,0.500"
X-3093,ALMS1,7840.0,MutNovel,"K1027Q,0.333"
X-3093,ALMS1,7840.0,MutNovel,"R2720Q,0.615"
X-3093,ALMS1,7840.0,MutNovel,"S2858L,0.591"
X-3093,ALMS1,7840.0,MutNovel,"Q2999P,0.500"
X-3093,ALOX5,240.0,MutKnownFunctional,"Q13*,0.714"
X-3093,ALOX5,240.0,MutNovel,"D497N,0.429"
X-3093,ALPK1,80216.0,MutNovel,"K233Q,0.556"
X-3093,ALPK1,80216.0,MutNovel,"D341N,0.333"
X-3093,AMD1,262.0,MutNovel,"S235L,0.499"
X-3093,AMELY,266.0,Del0.8,0.32
X-3093,AMPD3,272.0,MutNovel,"N574H,0.419"
X-3093,ANAPC1,64682.0,MutNovel,"L1376S,0.509"
X-3093,ANAPC1,64682.0,MutNovel,"M1203L,0.250"
X-3093,ANAPC1,64682.0,MutNovel,"V455A,0.296"
X-3093,ANAPC5,51433.0,MutNovel,"S447N,0.510"
X-3093,ANK3,288.0,MutNovel,"R4216Q,0.500"
X-3093,ANKFY1,51479.0,MutNovel,"A346V,0.277"
X-3093,ANKRD11,29123.0,MutNovel,"L802P,0.500"
X-3093,ANKRD11,29123.0,MutNovel,"D320N,0.465"
X-3093,ANKRD13B,124930.0,MutNovel,"R353H,0.600"
X-3093,ANKRD13D,338692.0,MutNovel,"G551E,0.447"
X-3093,ANKRD17,26057.0,MutNovel,"L2257S,0.523"
X-3093,ANKRD17,26057.0,MutNovel,"R2210K,0.547"
X-3093,ANKRD17,26057.0,MutNovel,"G297E,0.384"
X-3093,ANKRD24,170961.0,MutKnownFunctional,"E608*,0.800"
X-3093,ANKRD27,84079.0,MutNovel,"D248G,0.491"
X-3093,ANKRD32,84250.0,MutNovel,"T1000A,0.500"
X-3093,ANKRD36,375248.0,MutNovel,"T998S,0.227"
X-3093,ANKRD40,91369.0,MutNovel,"I72S,0.669"
X-3093,ANKRD50,57182.0,MutNovel,"R1229Q,0.491"
X-3093,ANKRD50,57182.0,MutNovel,"R324C,0.312"
X-3093,ANKS1A,23294.0,MutNovel,"E452K,0.529"
X-3093,ANKZF1,55139.0,MutNovel,"D596N,0.478"
X-3093,ANLN,54443.0,MutNovel,"E726K,0.539"
X-3093,ANO7,50636.0,MutNovel,"R309H,0.600"
X-3093,ANO7,50636.0,MutNovel,"N904H,0.600"
X-3093,ANO8,57719.0,MutNovel,"L176V,0.219"
X-3093,ANXA1,301.0,MutNovel,"R72Q,0.729"
X-3093,ANXA13,312.0,MutNovel,"T315N,0.234"
X-3093,ANXA13,312.0,MutNovel,"Y97C,0.691"
X-3093,ANXA2,302.0,MutNovel,"V190F,0.501"
X-3093,ANXA6,309.0,MutNovel,"V396A,0.492"
X-3093,ANXA9,8416.0,MutNovel,"R225Q,0.515"
X-3093,AP1M1,8907.0,MutNovel,"F120V,0.630"
X-3093,AP1S2,8905.0,MutNovel,"L117I,0.688"
X-3093,AP2A1,160.0,MutNovel,"K277E,0.319"
X-3093,AP2A1,160.0,MutNovel,"F911S,0.503"
X-3093,AP3M1,26985.0,MutNovel,"F65L,0.212"
X-3093,AP5M1,,MutNovel,"L403I,0.482"
X-3093,APC,324.0,MutKnownFunctional,"S457*,0.207"
X-3093,APC,324.0,MutNovel,"L729F,0.390"
X-3093,APC,324.0,MutKnownFunctional,"S1545*,0.756"
X-3093,APC,324.0,MutKnownFunctional,"R1920*,0.698"
X-3093,APC,324.0,MutNovel,"S2129L,0.767"
X-3093,APLP2,334.0,MutNovel,"V529A,0.627"
X-3093,APOBEC3F,200316.0,MutNovel,"D149N,0.733"
X-3093,APOL2,23780.0,MutNovel,"K174E,0.543"
X-3093,APPL1,26060.0,MutNovel,"F133V,0.458"
X-3093,AQR,9716.0,MutNovel,"I690T,0.480"
X-3093,ARAP2,116984.0,MutNovel,"R1549Q,0.374"
X-3093,ARAP2,116984.0,MutNovel,"S647Y,0.727"
X-3093,ARAP2,116984.0,MutNovel,"I182L,0.714"
X-3093,ARCN1,372.0,MutNovel,"F338L,0.510"
X-3093,ARFGEF1,10565.0,MutNovel,"R789C,0.318"
X-3093,ARGLU1,55082.0,MutNovel,"R210Q,0.521"
X-3093,ARHGAP11A,9824.0,MutNovel,"R436C,0.483"
X-3093,ARHGAP21,57584.0,MutNovel,"L1409R,0.341"
X-3093,ARHGAP21,57584.0,MutKnownFunctional,"R1010*,0.397"
X-3093,ARHGAP26,23092.0,MutNovel,"E565K,0.545"
X-3093,ARHGAP31,57514.0,MutNovel,"R1310C,0.364"
X-3093,ARHGAP32,9743.0,MutNovel,"F865L,0.548"
X-3093,ARHGAP32,9743.0,MutKnownFunctional,"R301*,0.269"
X-3093,ARHGEF10,9639.0,MutNovel,"L282F,0.500"
X-3093,ARHGEF10,9639.0,MutNovel,"R1296C,0.494"
X-3093,ARHGEF10L,55160.0,MutNovel,"D1083G,0.472"
X-3093,ARHGEF16,27237.0,MutNovel,"R386H,0.542"
X-3093,ARHGEF18,23370.0,MutNovel,"D522N,0.411"
X-3093,ARHGEF18,23370.0,MutNovel,"F1135L,0.496"
X-3093,ARHGEF38,54848.0,MutNovel,"K100T,0.316"
X-3093,ARHGEF5,7984.0,MutNovel,"L284F,0.400"
X-3093,ARHGEF5,7984.0,MutKnownFunctional,"E1502*,0.273"
X-3093,ARID1B,57492.0,MutNovel,"A2139T,0.441"
X-3093,ARID2,196528.0,MutNovel,"R314C,0.677"
X-3093,ARID2,196528.0,MutNovel,"D333G,0.286"
X-3093,ARID2,196528.0,MutNovel,"V1172I,0.680"
X-3093,ARID2,196528.0,MutNovel,"V1210A,0.339"
X-3093,ARID4A,5926.0,MutNovel,"S453A,0.300"
X-3093,ARID4A,5926.0,MutKnownFunctional,"E961*,0.347"
X-3093,ARID4A,5926.0,MutNovel,"F1172V,0.375"
X-3093,ARID5B,84159.0,MutNovel,"K1107N,0.433"
X-3093,ARIH2,10425.0,MutNovel,"S2P,0.497"
X-3093,ARIH2,10425.0,MutNovel,"S44R,0.246"
X-3093,ARIH2,10425.0,MutNovel,"K110T,0.582"
X-3093,ARL15,54622.0,MutNovel,"Q101R,0.562"
X-3093,ARL4A,10124.0,MutNovel,"E80D,0.486"
X-3093,ARL5B,221079.0,MutNovel,"F36V,0.505"
X-3093,ARMC2,84071.0,MutNovel,"K527E,1.000"
X-3093,ARMC2,84071.0,MutNovel,"N688S,0.462"
X-3093,ARMC8,25852.0,MutNovel,"H335N,0.515"
X-3093,ARMCX4,100131755.0,MutNovel,"E76A,1.000"
X-3093,ARMCX4,100131755.0,MutNovel,"K605N,1.000"
X-3093,ARMCX5,64860.0,MutNovel,"K447N,1.000"
X-3093,ARNTL,406.0,MutNovel,"E302K,0.485"
X-3093,ARNTL,406.0,MutNovel,"I398L,0.353"
X-3093,ARPC5,10092.0,MutNovel,"F24L,0.465"
X-3093,ARRB2,409.0,MutNovel,"N93S,0.743"
X-3093,ARSE,415.0,MutNovel,"V323A,0.554"
X-3093,ARSK,153642.0,MutNovel,"S430L,0.583"
X-3093,ASAH1,427.0,MutNovel,"F152V,0.480"
X-3093,ASAP2,8853.0,MutNovel,"E207D,0.391"
X-3093,ASF1A,25842.0,MutNovel,"D54N,0.500"
X-3093,ASH1L,55870.0,MutNovel,"S2074P,0.388"
X-3093,ASH1L,55870.0,MutNovel,"D818A,0.343"
X-3093,ASH1L,55870.0,MutNovel,"K798R,0.222"
X-3093,ASMTL,8623.0,MutNovel,"S807L,0.625"
X-3093,ASNS,440.0,MutNovel,"D295N,0.553"
X-3093,ASNSD1,54529.0,MutNovel,"N634H,0.489"
X-3093,ASPM,259266.0,MutNovel,"K3203Q,0.503"
X-3093,ASPM,259266.0,MutNovel,"Q2673H,0.280"
X-3093,ASPM,259266.0,MutNovel,"Q1495H,0.338"
X-3093,ASPM,259266.0,MutNovel,"T704A,0.524"
X-3093,ASTN2,23245.0,MutNovel,"R1218Q,0.957"
X-3093,ATAD1,84896.0,MutNovel,"R329W,0.475"
X-3093,ATAD2B,54454.0,MutNovel,"E541K,0.455"
X-3093,ATAD2B,54454.0,MutNovel,"K380T,0.440"
X-3093,ATAD5,79915.0,MutNovel,"E103K,0.417"
X-3093,ATAD5,79915.0,MutNovel,"R1782Q,0.361"
X-3093,ATE1,11101.0,MutNovel,"V473A,0.411"
X-3093,ATF1,466.0,MutNovel,"G83R,0.467"
X-3093,ATF3,467.0,MutNovel,"A16D,0.527"
X-3093,ATF5,22809.0,MutNovel,"S220L,0.373"
X-3093,ATF7IP,55729.0,MutNovel,"M18V,0.478"
X-3093,ATF7IP,55729.0,MutNovel,"L335F,0.391"
X-3093,ATG16L1,55054.0,MutNovel,"R216W,0.514"
X-3093,ATG16L2,89849.0,MutNovel,"D468G,0.397"
X-3093,ATG4C,84938.0,MutKnownFunctional,"-202?,0.357"
X-3093,ATL2,64225.0,MutNovel,"R430C,0.435"
X-3093,ATM,472.0,MutNovel,"L427V,0.500"
X-3093,ATMIN,23300.0,MutNovel,"T203A,0.262"
X-3093,ATP10B,23120.0,MutNovel,"R416Q,0.419"
X-3093,ATP10D,57205.0,MutNovel,"F352C,1.000"
X-3093,ATP11A,23250.0,MutKnownFunctional,"R286*,0.333"
X-3093,ATP11B,23200.0,MutNovel,"E108G,0.544"
X-3093,ATP11B,23200.0,MutNovel,"S369P,0.511"
X-3093,ATP11B,23200.0,MutNovel,"R578K,0.483"
X-3093,ATP13A3,79572.0,MutKnownFunctional,"E608*,0.208"
X-3093,ATP1A1,476.0,MutNovel,"N215T,0.227"
X-3093,ATP2A2,488.0,MutNovel,"M366V,0.489"
X-3093,ATP2A2,488.0,MutNovel,"V520A,0.543"
X-3093,ATP2A2,488.0,MutNovel,"F872L,0.497"
X-3093,ATP2B1,490.0,MutNovel,"E987K,0.525"
X-3093,ATP2B1,490.0,MutNovel,"E824D,0.210"
X-3093,ATP2B4,493.0,MutNovel,"D170Y,0.636"
X-3093,ATP5B,506.0,MutNovel,"M250L,0.491"
X-3093,ATP5C1,509.0,MutKnownFunctional,"R23*,0.418"
X-3093,ATP5C1,509.0,MutNovel,"S73Y,0.403"
X-3093,ATP5L,10632.0,MutNovel,"S23L,0.459"
X-3093,ATP6AP2,10159.0,MutNovel,"E221D,1.000"
X-3093,ATP6V0D1,9114.0,MutNovel,"G133D,0.495"
X-3093,ATP6V1B1,525.0,MutNovel,"F448C,0.714"
X-3093,ATP6V1B2,526.0,MutNovel,"R82I,0.223"
X-3093,ATP7B,540.0,MutNovel,"K844E,0.344"
X-3093,ATP8B1,5205.0,MutNovel,"Y968H,0.500"
X-3093,ATR,545.0,MutNovel,"R1905G,0.328"
X-3093,ATR,545.0,MutNovel,"K1475N,0.415"
X-3093,ATR,545.0,MutNovel,"E1085K,0.609"
X-3093,ATRX,546.0,MutNovel,"K1048N,1.000"
X-3093,ATRX,546.0,MutNovel,"D569Y,1.000"
X-3093,ATXN1L,342371.0,MutKnownFunctional,"R377*,0.444"
X-3093,ATXN7L2,127002.0,MutNovel,"K252N,0.400"
X-3093,AUP1,550.0,MutNovel,"S94P,0.260"
X-3093,AURKA,6790.0,MutNovel,"L318I,0.486"
X-3093,AVIL,10677.0,MutNovel,"F368V,0.583"
X-3093,AXIN2,8313.0,MutNovel,"D682G,0.310"
X-3093,B2M,567.0,MutKnownFunctional,"S40*,0.644"
X-3093,B3GALT5,10317.0,MutNovel,"K107N,0.276"
X-3093,B3GALTL,145173.0,MutNovel,"N177T,0.480"
X-3093,B3GNT2,10678.0,MutKnownFunctional,"R178*,0.556"
X-3093,B3GNT2,10678.0,MutNovel,"I386M,0.486"
X-3093,B4GALNT3,283358.0,MutNovel,"V126A,0.398"
X-3093,BACE2,25825.0,MutNovel,"F116C,0.458"
X-3093,BAG5,9529.0,MutNovel,"I171L,0.268"
X-3093,BAIAP2L1,55971.0,MutNovel,"N29H,0.559"
X-3093,BAIAP3,8938.0,MutNovel,"E185K,0.750"
X-3093,BARD1,580.0,MutNovel,"Q216H,0.507"
X-3093,BARX2,8538.0,MutNovel,"T127A,0.423"
X-3093,BAZ1A,11177.0,MutKnownFunctional,"R1423*,0.340"
X-3093,BAZ1A,11177.0,MutNovel,"K1327Q,0.324"
X-3093,BAZ1B,9031.0,MutKnownFunctional,"E1183*,0.266"
X-3093,BAZ1B,9031.0,MutNovel,"S318A,0.314"
X-3093,BAZ2A,11176.0,MutNovel,"E1632D,0.484"
X-3093,BAZ2B,29994.0,MutNovel,"R1882W,0.553"
X-3093,BBIP1,92482.0,MutNovel,"T34A,0.562"
X-3093,BBS10,79738.0,MutNovel,"F245V,0.375"
X-3093,BBS10,79738.0,MutNovel,"S158L,0.625"
X-3093,BBS7,55212.0,MutNovel,"R669I,0.246"
X-3093,BCAS2,10286.0,MutNovel,"V143A,0.485"
X-3093,BCDIN3D,144233.0,MutNovel,"E120K,0.564"
X-3093,BCL11B,64919.0,MutNovel,"E612K,1.000"
X-3093,BCL2L14,79370.0,MutNovel,"P234S,0.750"
X-3093,BCL9,607.0,MutNovel,"A218V,0.488"
X-3093,BCL9,607.0,MutNovel,"V1409M,0.459"
X-3093,BCORP1,286554.0,Del0.8,0.27
X-3093,BCS1L,617.0,MutNovel,"A244T,0.284"
X-3093,BDH1,622.0,MutNovel,"Y272C,0.513"
X-3093,BDNF,627.0,MutKnownFunctional,"S140*,0.442"
X-3093,BDP1,55814.0,MutNovel,"I2035M,0.284"
X-3093,BDP1,55814.0,MutNovel,"D2457G,0.212"
X-3093,BEGAIN,57596.0,MutNovel,"A473T,0.750"
X-3093,BICD2,23299.0,MutNovel,"D288N,0.435"
X-3093,BIRC3,330.0,MutKnownFunctional,"E440*,0.387"
X-3093,BLM,641.0,MutNovel,"R1139Q,0.537"
X-3093,BMP1,649.0,MutNovel,"F978C,0.567"
X-3093,BMP2K,55589.0,MutNovel,"E365D,0.456"
X-3093,BMPR2,659.0,MutNovel,"I58V,0.440"
X-3093,BNIPL,149428.0,MutNovel,"H176Y,0.800"
X-3093,BPHL,670.0,MutNovel,"R180Q,0.256"
X-3093,BPNT1,10380.0,MutNovel,"E127K,0.483"
X-3093,BPTF,2186.0,MutNovel,"R207Q,0.500"
X-3093,BPTF,2186.0,MutNovel,"N1559D,0.736"
X-3093,BPY2B,442867.0,Del0.8,0.27
X-3093,BPY2B,442867.0,Del0.8,0.27
X-3093,BRCA2,675.0,MutNovel,"K1419Q,0.400"
X-3093,BRCC3,79184.0,MutNovel,"E213K,1.000"
X-3093,BRD7,29117.0,MutNovel,"L439R,0.490"
X-3093,BRD8,10902.0,MutNovel,"R939H,0.449"
X-3093,BRIP1,83990.0,MutNovel,"R173H,0.261"
X-3093,BRMS1,25855.0,MutNovel,"S237P,0.498"
X-3093,BRPF3,27154.0,MutNovel,"I569L,0.417"
X-3093,BRWD1,54014.0,MutNovel,"I2115M,0.424"
X-3093,BRWD1,54014.0,MutNovel,"E359K,0.500"
X-3093,BRWD3,254065.0,MutNovel,"S1458A,1.000"
X-3093,BTAF1,9044.0,MutNovel,"D623N,0.458"
X-3093,BTAF1,9044.0,MutNovel,"K1421T,0.511"
X-3093,BTAF1,9044.0,MutNovel,"Y1839C,0.543"
X-3093,BTBD1,53339.0,MutNovel,"K156N,0.499"
X-3093,BTBD1,53339.0,MutNovel,"Q142H,0.473"
X-3093,BTBD19,149478.0,MutNovel,"V34M,0.273"
X-3093,BTBD7,55727.0,MutNovel,"P764S,0.578"
X-3093,BTF3L4,91408.0,MutNovel,"R114K,0.633"
X-3093,BTN3A2,11118.0,MutNovel,"E153K,0.451"
X-3093,BTN3A3,10384.0,MutNovel,"A477D,0.424"
X-3093,BTNL3,10917.0,MutNovel,"D425Y,0.473"
X-3093,BTNL9,153579.0,MutNovel,"T371A,0.518"
X-3093,BUB1,699.0,MutNovel,"A855V,0.489"
X-3093,BUB1,699.0,MutNovel,"F85L,0.539"
X-3093,BUB1B,701.0,MutNovel,"C700W,0.394"
X-3093,C10orf118,55088.0,MutNovel,"N559T,0.474"
X-3093,C10orf137,26098.0,MutNovel,"E250K,0.521"
X-3093,C10orf137,26098.0,MutNovel,"N1194S,0.518"
X-3093,C11orf1,64776.0,MutKnownFunctional,"R118*,0.531"
X-3093,C11orf20,25858.0,MutNovel,"S194N,0.615"
X-3093,C11orf30,56946.0,MutNovel,"L851R,0.526"
X-3093,C11orf30,56946.0,MutNovel,"S1079L,0.495"
X-3093,C11orf57,55216.0,MutNovel,"K96T,0.510"
X-3093,C11orf58,10944.0,MutNovel,"K75T,0.488"
X-3093,C11orf63,79864.0,MutNovel,"R4H,0.739"
X-3093,C11orf74,119710.0,MutNovel,"E13K,0.429"
X-3093,C11orf88,399949.0,MutNovel,"S45L,1.000"
X-3093,C11orf91,100131378.0,MutNovel,"S189L,0.214"
X-3093,C12orf28,,MutNovel,"F813L,0.706"
X-3093,C12orf4,57102.0,MutNovel,"S513Y,0.390"
X-3093,C12orf4,57102.0,MutNovel,"R335Q,0.484"
X-3093,C12orf51,283450.0,MutNovel,"R2917Q,0.475"
X-3093,C12orf66,144577.0,MutNovel,"T236A,0.389"
X-3093,C12orf69,440087.0,MutNovel,"K115E,1.000"
X-3093,C14orf101,54916.0,MutNovel,"F671V,0.493"
X-3093,C14orf169,79697.0,MutNovel,"A187G,0.261"
X-3093,C14orf28,122525.0,MutKnownFunctional,"R20*,0.400"
X-3093,C14orf38,729665.0,MutNovel,"A189D,0.667"
X-3093,C14orf43,91748.0,MutNovel,"R534Q,0.375"
X-3093,C14orf79,122616.0,MutNovel,"E174A,0.364"
X-3093,C15orf63,25764.0,MutKnownFunctional,"E84*,0.599"
X-3093,C16orf58,64755.0,MutNovel,"Y354C,0.479"
X-3093,C16orf58,64755.0,MutNovel,"R146C,0.524"
X-3093,C16orf62,57020.0,MutNovel,"S148F,0.944"
X-3093,C16orf87,388272.0,MutNovel,"S105R,0.656"
X-3093,C17orf104,284071.0,MutNovel,"P488S,1.000"
X-3093,C17orf85,55421.0,MutNovel,"E428K,0.263"
X-3093,C17orf85,55421.0,MutNovel,"R331Q,0.718"
X-3093,C19orf45,374877.0,MutNovel,"KY433NN,0.348"
X-3093,C19orf54,284325.0,MutNovel,"R246W,0.521"
X-3093,C19orf57,79173.0,MutNovel,"D491N,0.333"
X-3093,C1GALT1,56913.0,MutNovel,"R342H,0.630"
X-3093,C1orf106,55765.0,MutNovel,"R399H,0.481"
X-3093,C1orf109,54955.0,MutNovel,"R56Q,0.432"
X-3093,C1orf116,79098.0,MutNovel,"R529H,0.492"
X-3093,C1orf131,128061.0,MutNovel,"N123S,0.545"
X-3093,C1orf226,400793.0,MutNovel,"A217T,0.386"
X-3093,C21orf58,54058.0,MutNovel,"H299PN,0.316"
X-3093,C21orf7,56911.0,MutKnownFunctional,"R232*,0.762"
X-3093,C2CD2L,9854.0,MutNovel,"E363K,0.526"
X-3093,C2CD4A,145741.0,MutNovel,"L121P,0.579"
X-3093,C2CD4A,145741.0,MutNovel,"L181H,0.750"
X-3093,C2orf29,55571.0,MutNovel,"R447W,0.506"
X-3093,C2orf42,54980.0,MutNovel,"E264K,0.395"
X-3093,C2orf56,55471.0,MutNovel,"F218V,0.581"
X-3093,C2orf76,130355.0,MutNovel,"K72T,0.419"
X-3093,C3orf17,25871.0,MutNovel,"Q369H,0.486"
X-3093,C3orf23,285343.0,MutNovel,"R155M,0.400"
X-3093,C4orf3,401152.0,MutKnownFunctional,"W182*,0.354"
X-3093,C5orf42,65250.0,MutNovel,"E2864A,0.568"
X-3093,C5orf42,65250.0,MutNovel,"R2469I,0.207"
X-3093,C5orf42,65250.0,MutNovel,"P18T,0.714"
X-3093,C6orf136,221545.0,MutNovel,"S494P,0.480"
X-3093,C6orf211,79624.0,MutNovel,"R66Q,0.528"
X-3093,C6orf211,79624.0,MutNovel,"N175H,0.441"
X-3093,C6orf222,389384.0,MutNovel,"Q173R,0.581"
X-3093,C7orf63,79846.0,MutNovel,"R666I,0.359"
X-3093,C7orf63,79846.0,MutNovel,"K667Q,0.625"
X-3093,C8orf4,56892.0,MutNovel,"K100T,0.541"
X-3093,C8orf44,56260.0,MutNovel,"I80M,0.585"
X-3093,C9orf174,100499483.0,MutNovel,"A627V,0.667"
X-3093,C9orf72,203228.0,MutNovel,"S429F,0.868"
X-3093,C9orf91,203197.0,MutNovel,"R103W,0.471"
X-3093,CA12,771.0,MutNovel,"R220H,0.675"
X-3093,CAB39,51719.0,MutNovel,"R268C,0.552"
X-3093,CABIN1,23523.0,MutNovel,"D1279G,0.213"
X-3093,CABLES1,91768.0,MutNovel,"A527V,0.458"
X-3093,CABLES2,81928.0,MutNovel,"R439Q,1.000"
X-3093,CACNA1D,776.0,MutNovel,"R705Q,0.400"
X-3093,CACNA1D,776.0,MutNovel,"S1133L,0.833"
X-3093,CACNA1E,777.0,MutNovel,"T2208A,1.000"
X-3093,CADPS2,93664.0,MutNovel,"C1219F,0.375"
X-3093,CAMSAP2,23271.0,MutNovel,"L1473R,0.462"
X-3093,CAMTA2,23125.0,MutKnownFunctional,"E68*,0.515"
X-3093,CAND1,55832.0,MutNovel,"D331A,0.248"
X-3093,CAND1,55832.0,MutNovel,"S841Y,0.551"
X-3093,CANX,821.0,MutNovel,"E409D,0.497"
X-3093,CAP1,10487.0,MutNovel,"N336H,0.478"
X-3093,CAPN1,823.0,MutNovel,"K650T,0.452"
X-3093,CAPN9,10753.0,MutNovel,"R360C,1.000"
X-3093,CAPRIN1,4076.0,MutNovel,"I57L,0.240"
X-3093,CAPS2,84698.0,MutNovel,"E414D,0.636"
X-3093,CARKD,55739.0,MutNovel,"S131R,0.596"
X-3093,CARNS1,57571.0,MutNovel,"L890P,0.923"
X-3093,CASD1,64921.0,MutNovel,"E433K,0.400"
X-3093,CASP10,843.0,MutNovel,"K187T,0.209"
X-3093,CASP6,839.0,MutNovel,"G215E,0.382"
X-3093,CASP8,841.0,MutNovel,"R127Q,0.444"
X-3093,CASP8,841.0,MutNovel,"D132A,0.503"
X-3093,CASP8AP2,9994.0,MutNovel,"S303L,0.217"
X-3093,CASP8AP2,9994.0,MutNovel,"L659V,0.389"
X-3093,CBLN3,643866.0,MutNovel,"Y194C,0.444"
X-3093,CBR4,84869.0,MutNovel,"R168I,0.479"
X-3093,CBWD2,150472.0,MutNovel,"D367N,0.469"
X-3093,CBX2,84733.0,MutKnownFunctional,"-154,1.000"
X-3093,CCBL2,56267.0,MutNovel,"R429C,0.482"
X-3093,CCBL2,56267.0,MutNovel,"K300R,0.397"
X-3093,CCDC108,255101.0,MutNovel,"R580H,0.444"
X-3093,CCDC110,256309.0,MutNovel,"E391D,0.500"
X-3093,CCDC121,79635.0,MutNovel,"R330I,0.423"
X-3093,CCDC150,284992.0,MutNovel,"S756Y,0.480"
X-3093,CCDC171,,MutNovel,"E1093K,1.000"
X-3093,CCDC19,25790.0,MutNovel,"K392N,0.882"
X-3093,CCDC19,25790.0,MutNovel,"S50N,0.364"
X-3093,CCDC22,28952.0,MutNovel,"R468H,1.000"
X-3093,CCDC41,51134.0,MutKnownFunctional,"Y612*,0.360"
X-3093,CCDC41,51134.0,MutNovel,"Q124H,0.618"
X-3093,CCDC50,152137.0,MutNovel,"E400D,0.404"
X-3093,CCDC64,92558.0,MutNovel,"R315C,0.645"
X-3093,CCDC66,285331.0,MutNovel,"F761V,0.507"
X-3093,CCDC68,80323.0,MutKnownFunctional,"E164*,0.235"
X-3093,CCDC82,79780.0,MutNovel,"R28Q,0.387"
X-3093,CCDC88A,55704.0,MutNovel,"T1265A,0.370"
X-3093,CCDC88B,283234.0,MutNovel,"R55H,0.300"
X-3093,CCDC9,26093.0,MutNovel,"R367H,0.562"
X-3093,CCDC93,54520.0,MutNovel,"I382F,0.455"
X-3093,CCHCR1,54535.0,MutNovel,"R115I,0.420"
X-3093,CCNB1IP1,57820.0,MutNovel,"K147E,0.511"
X-3093,CCNB3,85417.0,MutNovel,"QE445Q,1.000"
X-3093,CCNC,892.0,MutNovel,"E99K,0.487"
X-3093,CCND2,894.0,MutNovel,"E35K,0.566"
X-3093,CCNE2,9134.0,MutNovel,"F346S,0.216"
X-3093,CCNE2,9134.0,MutNovel,"I243S,0.368"
X-3093,CCNJ,54619.0,MutNovel,"T137I,0.568"
X-3093,CCNT1,904.0,MutNovel,"G218R,0.468"
X-3093,CCNT2,905.0,MutNovel,"Y377C,0.448"
X-3093,CCNY,219771.0,MutNovel,"A124T,0.594"
X-3093,CCR10,2826.0,MutNovel,"A21T,0.667"
X-3093,CCR6,1235.0,MutNovel,"Y189C,0.448"
X-3093,CCT4,10575.0,MutNovel,"S303Y,0.465"
X-3093,CCZ1,51622.0,MutNovel,"Y222C,0.341"
X-3093,CCZ1B,221960.0,MutNovel,"Y222C,0.445"
X-3093,CD164L2,388611.0,MutNovel,"L150V,0.321"
X-3093,CD2AP,23607.0,MutNovel,"D133N,0.755"
X-3093,CD2BP2,10421.0,MutNovel,"G204E,0.496"
X-3093,CD55,1604.0,MutNovel,"E91D,0.514"
X-3093,CD72,971.0,MutNovel,"C261R,0.750"
X-3093,CD82,3732.0,MutNovel,"K10Q,0.497"
X-3093,CD97,976.0,MutNovel,"E119G,0.497"
X-3093,CDC14A,8556.0,MutNovel,"R538I,0.523"
X-3093,CDC16,8881.0,MutNovel,"E524K,0.308"
X-3093,CDC16,8881.0,MutNovel,"L611F,0.465"
X-3093,CDC23,8697.0,MutNovel,"R344H,0.420"
X-3093,CDC42,998.0,MutNovel,"K166N,0.550"
X-3093,CDC42BPA,8476.0,MutNovel,"E494D,0.318"
X-3093,CDC42BPA,8476.0,MutNovel,"T64A,0.500"
X-3093,CDC42BPG,55561.0,MutNovel,"R853H,0.463"
X-3093,CDC42EP1,11135.0,MutNovel,"PAPAANPS253P,0.218"
X-3093,CDC73,79577.0,MutNovel,"R91Q,0.482"
X-3093,CDCA2,157313.0,MutNovel,"K172Q,0.452"
X-3093,CDH1,999.0,MutNovel,"E762D,0.466"
X-3093,CDH3,1001.0,MutNovel,"L420R,0.557"
X-3093,CDH7,1005.0,MutNovel,"L614P,0.471"
X-3093,CDHR2,54825.0,MutNovel,"K1228T,0.460"
X-3093,CDHR3,222256.0,MutNovel,"V704I,0.500"
X-3093,CDK12,51755.0,MutNovel,"V275A,0.577"
X-3093,CDK13,8621.0,MutNovel,"S1449N,0.220"
X-3093,CDK20,23552.0,MutNovel,"R305C,0.714"
X-3093,CDK6,1021.0,MutNovel,"R87Q,0.477"
X-3093,CDK8,1024.0,MutNovel,"S62L,0.378"
X-3093,CDRT4,284040.0,MutNovel,"R151C,0.739"
X-3093,CDY1B,253175.0,Del0.8,0.27
X-3093,CDY1B,253175.0,Del0.8,0.27
X-3093,CDY2A,9426.0,Del0.8,0.27
X-3093,CDY2A,9426.0,Del0.8,0.27
X-3093,CDY2B,203611.0,Del0.8,0.27
X-3093,CDY2B,203611.0,Del0.8,0.27
X-3093,CEACAM3,1084.0,MutNovel,"G48V,0.600"
X-3093,CEACAM7,1087.0,MutNovel,"L187P,1.000"
X-3093,CEACAM7,1087.0,MutNovel,"NT174KA,1.000"
X-3093,CELSR1,9620.0,MutNovel,"K1629T,0.625"
X-3093,CELSR3,1951.0,MutNovel,"I639T,0.400"
X-3093,CELSR3,1951.0,MutNovel,"T222P,1.000"
X-3093,CENPF,1063.0,MutNovel,"T1681A,0.281"
X-3093,CENPF,1063.0,MutNovel,"T2050A,0.245"
X-3093,CENPF,1063.0,MutNovel,"E2360D,0.741"
X-3093,CENPF,1063.0,MutNovel,"S2659N,0.223"
X-3093,CENPJ,55835.0,MutNovel,"I945M,0.583"
X-3093,CENPJ,55835.0,MutNovel,"K92T,0.542"
X-3093,CENPN,55839.0,MutNovel,"L229R,0.696"
X-3093,CENPQ,55166.0,MutNovel,"N98S,0.216"
X-3093,CEP104,9731.0,MutNovel,"R220S,0.589"
X-3093,CEP120,153241.0,MutNovel,"E704G,0.441"
X-3093,CEP128,145508.0,MutNovel,"R865H,0.714"
X-3093,CEP128,145508.0,MutNovel,"A269T,0.643"
X-3093,CEP128,145508.0,MutNovel,"R142Q,0.750"
X-3093,CEP135,9662.0,MutKnownFunctional,"Y683*,0.291"
X-3093,CEP152,22995.0,MutNovel,"D1526N,0.435"
X-3093,CEP152,22995.0,MutNovel,"K489T,0.606"
X-3093,CEP164,22897.0,MutNovel,"K369Q,0.472"
X-3093,CEP170,9859.0,MutNovel,"V68A,0.250"
X-3093,CEP192,55125.0,MutNovel,"E66G,0.750"
X-3093,CEP192,55125.0,MutNovel,"E524A,0.538"
X-3093,CEP192,55125.0,MutNovel,"D894G,0.612"
X-3093,CEP192,55125.0,MutNovel,"K2221T,0.404"
X-3093,CEP192,55125.0,MutNovel,"A2312V,0.466"
X-3093,CEP250,11190.0,MutNovel,"K338T,0.209"
X-3093,CEP250,11190.0,MutNovel,"E1792D,0.570"
X-3093,CEP290,80184.0,MutNovel,"N1810H,0.230"
X-3093,CEP290,80184.0,MutNovel,"K797T,0.647"
X-3093,CEP350,9857.0,MutNovel,"K844N,0.409"
X-3093,CEP350,9857.0,MutNovel,"A2228V,0.547"
X-3093,CEP55,55165.0,MutNovel,"K13T,0.498"
X-3093,CEP57L1,285753.0,MutNovel,"S52N,0.559"
X-3093,CEP70,80321.0,MutNovel,"K184T,0.522"
X-3093,CEP85,64793.0,MutNovel,"R294C,0.404"
X-3093,CFTR,1080.0,MutNovel,"F711C,0.396"
X-3093,CFTR,1080.0,MutNovel,"R1097C,0.457"
X-3093,CGA,1081.0,MutNovel,"S147Y,1.000"
X-3093,CGN,57530.0,MutNovel,"E734K,0.504"
X-3093,CGRRF1,10668.0,MutNovel,"E133D,0.480"
X-3093,CHAD,1101.0,MutNovel,"I46M,1.000"
X-3093,CHAF1A,10036.0,MutNovel,"E107K,0.427"
X-3093,CHAF1B,8208.0,MutNovel,"S353L,0.500"
X-3093,CHD1L,9557.0,MutKnownFunctional,"R319*,0.279"
X-3093,CHD3,1107.0,MutNovel,"R1403C,0.320"
X-3093,CHD4,1108.0,MutNovel,"R1717W,0.752"
X-3093,CHD4,1108.0,MutNovel,"K577N,0.391"
X-3093,CHD7,55636.0,MutNovel,"R2337C,0.590"
X-3093,CHD7,55636.0,MutNovel,"L2444V,0.473"
X-3093,CHD9,80205.0,MutKnownFunctional,"E2062*,0.367"
X-3093,CHD9,80205.0,MutNovel,"A2692T,0.405"
X-3093,CHI3L2,1117.0,MutNovel,"R121H,1.000"
X-3093,CHSY1,22856.0,MutNovel,"I536T,0.593"
X-3093,CIAO1,9391.0,MutNovel,"V11A,0.250"
X-3093,CIAPIN1,57019.0,MutNovel,"F4V,0.502"
X-3093,CIC,23152.0,MutNovel,"Y657H,0.486"
X-3093,CIT,11113.0,MutNovel,"K449N,0.465"
X-3093,CKAP2,26586.0,MutKnownFunctional,"E532*,0.297"
X-3093,CLCA1,1179.0,MutNovel,"I796S,0.449"
X-3093,CLCC1,23155.0,MutNovel,"I104S,0.500"
X-3093,CLCN3,1182.0,MutNovel,"E195G,0.393"
X-3093,CLIP1,6249.0,MutNovel,"R1412W,0.528"
X-3093,CLIP1,6249.0,MutNovel,"K1013N,0.475"
X-3093,CLMN,79789.0,MutNovel,"R915Q,0.469"
X-3093,CLMN,79789.0,MutNovel,"D64G,0.333"
X-3093,CLPB,81570.0,MutNovel,"S213Y,0.414"
X-3093,CLPTM1L,81037.0,MutNovel,"L65R,0.514"
X-3093,CLSPN,63967.0,MutKnownFunctional,"E686*,0.500"
X-3093,CLSTN1,22883.0,MutNovel,"R837H,0.480"
X-3093,CLSTN3,9746.0,MutNovel,"I852V,0.283"
X-3093,CLUAP1,23059.0,MutKnownFunctional,"E282*,0.260"
X-3093,CLYBL,171425.0,MutNovel,"E205A,0.528"
X-3093,CMTM8,152189.0,MutNovel,"A123T,0.453"
X-3093,CMYA5,202333.0,MutNovel,"R3826W,0.750"
X-3093,CNDP1,84735.0,MutNovel,"R216Q,1.000"
X-3093,CNN3,1266.0,MutNovel,"E30D,0.485"
X-3093,CNOT1,23019.0,MutNovel,"R1900C,0.464"
X-3093,CNOT1,23019.0,MutNovel,"R1733C,0.552"
X-3093,CNOT1,23019.0,MutNovel,"R943H,0.487"
X-3093,CNOT1,23019.0,MutNovel,"V674I,0.492"
X-3093,CNOT7,29883.0,MutNovel,"E280D,0.312"
X-3093,CNPPD1,27013.0,MutNovel,"S260P,0.529"
X-3093,CNTROB,116840.0,MutNovel,"K85N,0.731"
X-3093,COG8,84342.0,MutNovel,"E133K,0.535"
X-3093,COL5A2,1290.0,MutNovel,"T1281I,1.000"
X-3093,COL7A1,1294.0,MutNovel,"K2460T,0.976"
X-3093,COMMD1,150684.0,MutNovel,"G26R,0.526"
X-3093,COMMD4,54939.0,MutNovel,"K59T,0.475"
X-3093,COMMD4,54939.0,MutNovel,"A186T,0.556"
X-3093,COMMD7,149951.0,MutNovel,"L37F,0.484"
X-3093,COMT,1312.0,MutNovel,"V233M,0.506"
X-3093,COPG1,,MutNovel,"N824S,0.508"
X-3093,COPS2,9318.0,MutNovel,"R100W,0.509"
X-3093,COPS6,10980.0,MutNovel,"A227T,0.492"
X-3093,COQ10A,93058.0,MutNovel,"R198H,0.468"
X-3093,COQ7,10229.0,MutNovel,"K85R,0.589"
X-3093,COX20,,MutNovel,"A30T,0.517"
X-3093,CPSF1,29894.0,MutNovel,"R1396H,0.533"
X-3093,CPSF1,29894.0,MutNovel,"R1388H,0.525"
X-3093,CPSF3,51692.0,MutNovel,"L175V,0.464"
X-3093,CPSF4L,642843.0,MutNovel,"S177R,0.361"
X-3093,CRADD,8738.0,MutNovel,"D96N,0.421"
X-3093,CRAMP1L,57585.0,MutNovel,"E360K,0.440"
X-3093,CREBBP,1387.0,MutNovel,"F1345V,0.481"
X-3093,CREBBP,1387.0,MutNovel,"G1069S,0.538"
X-3093,CRIM1,51232.0,MutNovel,"T286A,0.368"
X-3093,CRIPAK,285464.0,MutNovel,"V79M,0.348"
X-3093,CRTC2,200186.0,MutNovel,"R688C,0.573"
X-3093,CRY1,1407.0,MutNovel,"T270A,0.606"
X-3093,CRYBG3,,MutNovel,"R74H,0.667"
X-3093,CRYBG3,,MutNovel,"E2004K,0.600"
X-3093,CRYM,1428.0,MutNovel,"I24T,0.667"
X-3093,CSE1L,1434.0,MutNovel,"I622M,0.511"
X-3093,CSF1R,1436.0,MutNovel,"Y338D,1.000"
X-3093,CSNK1E,1454.0,MutNovel,"D76N,0.476"
X-3093,CSNK1G1,53944.0,MutNovel,"L307S,0.676"
X-3093,CSPG4P1Y,114758.0,Del0.8,0.27
X-3093,CSPG4P1Y,114758.0,Del0.8,0.27
X-3093,CSPP1,79848.0,MutNovel,"K796N,0.475"
X-3093,CSPP1,79848.0,MutNovel,"R1095H,0.419"
X-3093,CSTB,1476.0,MutNovel,"F98V,0.450"
X-3093,CTBS,1486.0,MutNovel,"K273T,0.528"
X-3093,CTCF,10664.0,MutNovel,"N280K,0.464"
X-3093,CTDSP2,10106.0,MutNovel,"D109N,0.364"
X-3093,CTNNA1,1495.0,MutNovel,"S740L,0.479"
X-3093,CTNND1,1500.0,MutNovel,"K433N,0.231"
X-3093,CTSD,1509.0,MutNovel,"I206V,0.481"
X-3093,CUEDC1,404093.0,MutNovel,"D64N,0.545"
X-3093,CUL3,8452.0,MutNovel,"R253Q,0.479"
X-3093,CUL4A,8451.0,MutNovel,"Q690R,0.275"
X-3093,CUL9,23113.0,MutNovel,"R1321W,0.569"
X-3093,CUX1,1523.0,MutNovel,"I150R,0.247"
X-3093,CUX1,1523.0,MutNovel,"K151R,0.513"
X-3093,CUX1,1523.0,MutNovel,"R613C,0.750"
X-3093,CWC27,10283.0,MutNovel,"L16V,0.604"
X-3093,CWF19L2,143884.0,MutNovel,"L60I,0.479"
X-3093,CXCL1,2919.0,MutNovel,"N12K,0.312"
X-3093,CXXC5,51523.0,MutNovel,"R77H,0.392"
X-3093,CXorf26,51260.0,MutNovel,"K217Q,0.998"
X-3093,CYB5R2,51700.0,MutNovel,"K144T,0.571"
X-3093,DAAM1,23002.0,MutNovel,"R339Q,0.479"
X-3093,DAAM1,23002.0,MutNovel,"I767M,0.239"
X-3093,DAG1,1605.0,MutNovel,"A761T,0.522"
X-3093,DAG1,1605.0,MutNovel,"E803K,0.483"
X-3093,DAGLA,747.0,MutNovel,"Y308H,0.581"
X-3093,DAK,26007.0,MutNovel,"E421G,0.534"
X-3093,DAPK1,1612.0,MutNovel,"V839G,0.368"
X-3093,DAPK2,23604.0,MutNovel,"R271Q,0.219"
X-3093,DAZ1,1617.0,Del0.8,0.27
X-3093,DAZ2,57055.0,Del0.8,0.27
X-3093,DAZ3,57054.0,Del0.8,0.27
X-3093,DAZ3,57054.0,Del0.8,0.27
X-3093,DAZ4,57135.0,Del0.8,0.27
X-3093,DAZ4,57135.0,Del0.8,0.27
X-3093,DAZAP2,9802.0,MutNovel,"S115R,0.510"
X-3093,DCAF5,8816.0,MutKnownFunctional,"R218*,0.329"
X-3093,DCAF6,55827.0,MutNovel,"E901K,0.494"
X-3093,DCBLD1,285761.0,MutNovel,"K359T,0.539"
X-3093,DCBLD2,131566.0,MutNovel,"F50L,1.000"
X-3093,DCHS1,8642.0,MutNovel,"I2694L,0.344"
X-3093,DCLRE1A,9937.0,MutNovel,"S130P,0.420"
X-3093,DCLRE1C,64421.0,MutNovel,"S3Y,0.667"
X-3093,DCUN1D2,55208.0,MutNovel,"A235V,0.473"
X-3093,DDA1,79016.0,MutNovel,"E40K,0.257"
X-3093,DDHD2,23259.0,MutNovel,"N165T,0.582"
X-3093,DDN,23109.0,MutNovel,"D627G,0.600"
X-3093,DDR2,4921.0,MutKnownFunctional,"K587*,0.364"
X-3093,DDX10,1662.0,MutNovel,"I95T,0.582"
X-3093,DDX10,1662.0,MutNovel,"K742T,0.554"
X-3093,DDX21,9188.0,MutNovel,"S38A,0.277"
X-3093,DDX23,9416.0,MutNovel,"K75N,0.494"
X-3093,DDX26B,203522.0,MutNovel,"G360E,1.000"
X-3093,DDX26B,203522.0,MutNovel,"I515V,1.000"
X-3093,DDX39A,10212.0,MutNovel,"S426G,0.504"
X-3093,DDX3X,1654.0,MutNovel,"K427T,0.711"
X-3093,DDX3Y,8653.0,Del0.8,0.27
X-3093,DDX42,11325.0,MutNovel,"S365R,0.641"
X-3093,DDX42,11325.0,MutNovel,"K700E,0.632"
X-3093,DDX46,9879.0,MutNovel,"E190K,0.450"
X-3093,DDX46,9879.0,MutNovel,"E927G,0.273"
X-3093,DDX49,54555.0,MutNovel,"E364K,0.481"
X-3093,DDX5,1655.0,MutNovel,"R494W,0.302"
X-3093,DDX54,79039.0,MutNovel,"D733G,0.490"
X-3093,DDX55,57696.0,MutNovel,"N308T,0.482"
X-3093,DDX59,83479.0,MutNovel,"F2S,0.243"
X-3093,DDX60,55601.0,MutNovel,"K1531Q,0.500"
X-3093,DDX60L,91351.0,MutNovel,"E1222A,0.600"
X-3093,DEM1,64789.0,MutNovel,"E13D,0.455"
X-3093,DENND2D,79961.0,MutNovel,"K461R,0.589"
X-3093,DENND2D,79961.0,MutNovel,"A391V,0.524"
X-3093,DENND3,22898.0,MutNovel,"E794K,0.438"
X-3093,DENND4A,10260.0,MutNovel,"S1237I,0.458"
X-3093,DENND4B,9909.0,MutNovel,"QQQ908-,0.243"
X-3093,DEPDC5,9681.0,MutNovel,"T329A,0.522"
X-3093,DEPDC7,91614.0,MutNovel,"V88A,0.486"
X-3093,DEPDC7,91614.0,MutNovel,"N399T,0.294"
X-3093,DERL1,79139.0,MutNovel,"A134T,0.487"
X-3093,DET1,55070.0,MutNovel,"F135L,0.656"
X-3093,DGAT1,8694.0,MutNovel,"G62D,0.547"
X-3093,DGAT2,84649.0,MutNovel,"A49T,0.415"
X-3093,DGAT2,84649.0,MutNovel,"C214G,0.649"
X-3093,DGKH,160851.0,MutNovel,"R801Q,0.333"
X-3093,DHRS7B,25979.0,MutNovel,"K321T,0.661"
X-3093,DHRSX,207063.0,MutNovel,"A493V,0.425"
X-3093,DHTKD1,55526.0,MutNovel,"K852T,0.311"
X-3093,DHX15,1665.0,MutNovel,"R179Q,0.566"
X-3093,DHX29,54505.0,MutNovel,"N228H,0.222"
X-3093,DHX32,55760.0,MutKnownFunctional,"-719?,0.695"
X-3093,DHX32,55760.0,MutKnownFunctional,"C518*,0.232"
X-3093,DHX8,1659.0,MutNovel,"S80Y,0.758"
X-3093,DHX8,1659.0,MutNovel,"V442A,0.240"
X-3093,DIAPH1,1729.0,MutNovel,"N422T,0.533"
X-3093,DICER1,23405.0,MutNovel,"R1895Q,0.427"
X-3093,DICER1,23405.0,MutNovel,"K530T,0.432"
X-3093,DIEXF,27042.0,MutNovel,"R628Q,0.522"
X-3093,DIP2B,57609.0,MutNovel,"L385R,0.475"
X-3093,DKC1,1736.0,MutNovel,"-498K,0.691"
X-3093,DLC1,10395.0,MutNovel,"APVVGV1017V,0.207"
X-3093,DLG1,1739.0,MutNovel,"G300R,0.460"
X-3093,DLG1,1739.0,MutNovel,"N20D,0.500"
X-3093,DLG5,9231.0,MutNovel,"Y1602H,0.627"
X-3093,DLK2,65989.0,MutNovel,"D28A,0.667"
X-3093,DMBT1,1755.0,MutNovel,"V297A,0.554"
X-3093,DMBT1,1755.0,MutNovel,"P357S,0.429"
X-3093,DMBT1,1755.0,MutNovel,"P856Y,0.953"
X-3093,DMBT1,1755.0,MutNovel,"R1176W,1.000"
X-3093,DMBT1,1755.0,MutNovel,"Q1227R,0.500"
X-3093,DMBT1,1755.0,MutNovel,"R1305W,0.667"
X-3093,DMBT1,1755.0,MutNovel,"S1353P,0.417"
X-3093,DMBT1,1755.0,MutNovel,"R1434W,0.444"
X-3093,DMBT1,1755.0,MutNovel,"H1732S,0.298"
X-3093,DMXL1,1657.0,MutNovel,"F2116V,0.318"
X-3093,DNA2,1763.0,MutNovel,"F696C,0.484"
X-3093,DNAH1,25981.0,MutNovel,"D2454G,0.537"
X-3093,DNAH14,127602.0,MutNovel,"I145V,0.348"
X-3093,DNAH2,146754.0,MutNovel,"R3469H,0.273"
X-3093,DNAH6,1768.0,MutNovel,"K113Q,0.800"
X-3093,DNAH6,1768.0,MutNovel,"E3236K,0.833"
X-3093,DNAH7,56171.0,MutNovel,"S3158L,0.600"
X-3093,DNAH7,56171.0,MutNovel,"A2511V,0.667"
X-3093,DNAJA2,10294.0,MutKnownFunctional,"E49*,0.227"
X-3093,DNAJB14,79982.0,MutNovel,"R329Q,0.559"
X-3093,DNAJB9,4189.0,MutKnownFunctional,"E85*,0.210"
X-3093,DNAJC10,54431.0,MutNovel,"T242A,0.460"
X-3093,DNAJC11,55735.0,MutKnownFunctional,"R273*,0.280"
X-3093,DNAJC18,202052.0,MutNovel,"L236R,0.278"
X-3093,DNAJC28,54943.0,MutKnownFunctional,"E51*,1.000"
X-3093,DNAJC5,80331.0,MutNovel,"A178T,0.504"
X-3093,DNER,92737.0,MutNovel,"N279T,1.000"
X-3093,DNHD1,144132.0,MutNovel,"E858K,0.633"
X-3093,DNHD1,144132.0,MutNovel,"R2512C,0.211"
X-3093,DNHD1,144132.0,MutNovel,"R3197W,0.333"
X-3093,DNHD1,144132.0,MutNovel,"L4485F,0.593"
X-3093,DNHD1,144132.0,MutNovel,"D4672N,0.500"
X-3093,DNM1,1759.0,MutNovel,"S437R,0.714"
X-3093,DNM1L,10059.0,MutNovel,"F501V,0.491"
X-3093,DNTTIP1,116092.0,MutNovel,"Y310C,0.284"
X-3093,DNTTIP2,30836.0,MutNovel,"L445R,0.492"
X-3093,DOCK1,1793.0,MutNovel,"N322H,0.452"
X-3093,DOCK1,1793.0,MutNovel,"R410Q,0.327"
X-3093,DOCK1,1793.0,MutNovel,"D792N,0.448"
X-3093,DOCK4,9732.0,MutNovel,"R1640Q,0.600"
X-3093,DOCK4,9732.0,MutNovel,"D1304G,0.500"
X-3093,DOCK5,80005.0,MutNovel,"S1222R,0.566"
X-3093,DOCK7,85440.0,MutNovel,"R2069C,0.495"
X-3093,DOCK7,85440.0,MutNovel,"G668E,0.344"
X-3093,DOCK7,85440.0,MutNovel,"N305D,0.310"
X-3093,DOCK8,81704.0,MutNovel,"R2008Q,0.750"
X-3093,DOCK9,23348.0,MutNovel,"A1476V,0.326"
X-3093,DOLK,22845.0,MutNovel,"E166K,0.739"
X-3093,DOPEY1,23033.0,MutNovel,"L1447R,0.506"
X-3093,DOPEY1,23033.0,MutNovel,"R2402H,0.570"
X-3093,DPCR1,135656.0,MutKnownFunctional,"E34*,0.350"
X-3093,DPCR1,135656.0,MutNovel,"T317A,0.444"
X-3093,DPCR1,135656.0,MutNovel,"A858E,0.513"
X-3093,DPF1,8193.0,MutNovel,"E315K,0.750"
X-3093,DPF3,8110.0,MutNovel,"R343H,0.700"
X-3093,DPP4,1803.0,MutNovel,"N138H,0.333"
X-3093,DPY19L4,286148.0,MutNovel,"L185R,0.316"
X-3093,DPYSL2,1808.0,MutNovel,"E326D,0.527"
X-3093,DRD4,1815.0,MutNovel,"A295V,0.471"
X-3093,DSC2,1824.0,MutNovel,"N846H,0.517"
X-3093,DSCAML1,57453.0,MutNovel,"R410H,1.000"
X-3093,DSG2,1829.0,MutNovel,"T291M,0.367"
X-3093,DSN1,79980.0,MutNovel,"L29I,0.250"
X-3093,DSP,1832.0,MutNovel,"K1209T,0.473"
X-3093,DST,667.0,MutNovel,"S4314Y,0.509"
X-3093,DST,667.0,MutNovel,"K3677N,0.429"
X-3093,DST,667.0,MutNovel,"R2234I,0.474"
X-3093,DUS2L,54920.0,MutNovel,"R231Q,0.585"
X-3093,DUS2L,54920.0,MutNovel,"T390A,0.259"
X-3093,DUSP1,1843.0,MutNovel,"D9G,0.611"
X-3093,DUSP11,8446.0,MutNovel,"R298Q,0.494"
X-3093,DYNC1H1,1778.0,MutNovel,"V131M,0.515"
X-3093,DYNC1I2,1781.0,MutNovel,"I407L,0.264"
X-3093,DYRK3,8444.0,MutNovel,"K566N,0.286"
X-3093,DZANK1,55184.0,MutNovel,"L396R,0.214"
X-3093,DZANK1,55184.0,MutNovel,"S50N,0.500"
X-3093,E2F8,79733.0,MutNovel,"A414V,0.726"
X-3093,EAF1,85403.0,MutKnownFunctional,"E57*,0.429"
X-3093,EAF2,55840.0,MutNovel,"D248E,0.438"
X-3093,EBNA1BP2,10969.0,MutNovel,"R206Q,0.479"
X-3093,EBPL,84650.0,MutNovel,"P180S,0.544"
X-3093,ECD,11319.0,MutNovel,"E299G,0.490"
X-3093,ECI2,10455.0,MutNovel,"V112A,0.656"
X-3093,ECT2,1894.0,MutNovel,"N264T,0.521"
X-3093,EDN3,1908.0,MutNovel,"A237T,0.444"
X-3093,EEA1,8411.0,MutNovel,"R1293I,0.228"
X-3093,EED,8726.0,MutNovel,"V350A,0.298"
X-3093,EEF1A1,1915.0,MutNovel,"K392T,0.367"
X-3093,EEF1G,1937.0,MutNovel,"N130H,0.569"
X-3093,EFCAB2,84288.0,MutNovel,"V62A,0.773"
X-3093,EFCAB4B,84766.0,MutNovel,"N216T,0.444"
X-3093,EFCAB7,84455.0,MutNovel,"S7R,0.500"
X-3093,EFCAB7,84455.0,MutNovel,"D8H,0.522"
X-3093,EGFL7,51162.0,MutNovel,"I257T,0.588"
X-3093,EGFR,1956.0,MutNovel,"M111L,0.857"
X-3093,EGLN2,112398.0,MutNovel,"D180G,0.263"
X-3093,EGR1,1958.0,MutNovel,"S104Y,0.525"
X-3093,EHBP1,23301.0,MutNovel,"E738D,0.396"
X-3093,EHD2,30846.0,MutNovel,"Q283R,0.294"
X-3093,EHMT1,79813.0,MutNovel,"R1116Q,0.258"
X-3093,EHMT2,10919.0,MutNovel,"R914W,0.443"
X-3093,EIF1AY,9086.0,Del0.8,0.27
X-3093,EIF2AK1,27102.0,MutNovel,"D138A,0.469"
X-3093,EIF2AK2,5610.0,MutNovel,"S242Y,0.532"
X-3093,EIF2AK2,5610.0,MutNovel,"S92Y,0.455"
X-3093,EIF2AK3,9451.0,MutNovel,"I697L,0.543"
X-3093,EIF2B3,8891.0,MutNovel,"S342L,0.452"
X-3093,EIF2B3,8891.0,MutNovel,"P73S,0.477"
X-3093,EIF2B5,8893.0,MutNovel,"D461G,0.257"
X-3093,EIF3A,8661.0,MutNovel,"E680K,0.540"
X-3093,EIF3A,8661.0,MutNovel,"T635A,0.246"
X-3093,EIF3A,8661.0,MutNovel,"N392D,0.506"
X-3093,EIF3H,8667.0,MutNovel,"Q58E,0.539"
X-3093,EIF4ENIF1,56478.0,MutKnownFunctional,"E980*,0.376"
X-3093,EIF4ENIF1,56478.0,MutNovel,"E234K,0.538"
X-3093,EIF4ENIF1,56478.0,MutNovel,"D191G,0.443"
X-3093,EIF4G1,1981.0,MutKnownFunctional,"R190*,0.342"
X-3093,EIF4G2,1982.0,MutNovel,"D246Y,0.457"
X-3093,EIF4G3,8672.0,MutNovel,"S1262L,0.491"
X-3093,EIF4G3,8672.0,MutNovel,"A712V,0.312"
X-3093,EIF5A2,56648.0,MutKnownFunctional,"E122*,0.389"
X-3093,ELAVL1,1994.0,MutNovel,"A71V,0.542"
X-3093,ELAVL2,1993.0,MutNovel,"V302A,1.000"
X-3093,ELK3,2004.0,MutNovel,"Q78H,0.379"
X-3093,ELL2,22936.0,MutNovel,"L228P,0.633"
X-3093,ELMO2,63916.0,MutNovel,"R251Q,0.458"
X-3093,ELOVL7,79993.0,MutNovel,"T7P,0.464"
X-3093,EMC2,,MutNovel,"R212S,0.508"
X-3093,EMC4,,MutNovel,"Y136D,0.227"
X-3093,EML4,27436.0,MutNovel,"S888Y,0.557"
X-3093,EML4,27436.0,MutNovel,"K967N,0.504"
X-3093,EMP1,2012.0,MutNovel,"S133Y,0.573"
X-3093,EMP2,2013.0,MutNovel,"D125N,0.573"
X-3093,ENOPH1,58478.0,MutNovel,"I200T,0.499"
X-3093,EP300,2033.0,MutNovel,"Q884R,0.567"
X-3093,EP300,2033.0,MutNovel,"L1785P,0.516"
X-3093,EP400,57634.0,MutNovel,"R2176W,0.558"
X-3093,EPB41L5,57669.0,MutNovel,"S399L,0.528"
X-3093,EPB41L5,57669.0,MutNovel,"L567V,0.444"
X-3093,EPCAM,4072.0,MutNovel,"T182A,0.494"
X-3093,EPHX1,2052.0,MutNovel,"R372C,0.536"
X-3093,EPHX2,2053.0,MutNovel,"A109V,0.446"
X-3093,EPM2AIP1,9852.0,MutNovel,"R566Q,0.520"
X-3093,EPN1,29924.0,MutNovel,"R93H,0.496"
X-3093,EPPK1,83481.0,MutNovel,"E2129K,0.468"
X-3093,EPRS,2058.0,MutNovel,"D1042G,0.251"
X-3093,ERBB2,2064.0,MutNovel,"R456H,0.309"
X-3093,ERBB2IP,55914.0,MutNovel,"E195K,0.397"
X-3093,ERCC6,2074.0,MutNovel,"R1404C,0.400"
X-3093,EREG,2069.0,MutNovel,"D86G,0.388"
X-3093,ERI2,112479.0,MutNovel,"R511K,0.300"
X-3093,ERMAP,114625.0,MutNovel,"S413P,0.512"
X-3093,ERO1LB,56605.0,MutNovel,"K301N,0.450"
X-3093,ERP29,10961.0,MutNovel,"F168S,0.538"
X-3093,ERP44,23071.0,MutNovel,"I75S,0.658"
X-3093,ERV3-1,2086.0,MutNovel,"K374N,0.750"
X-3093,ESCO1,114799.0,MutNovel,"K680T,0.495"
X-3093,ESCO1,114799.0,MutNovel,"D467A,0.462"
X-3093,ESPL1,9700.0,MutNovel,"A198V,0.618"
X-3093,ESRP2,80004.0,MutNovel,"T477A,0.488"
X-3093,ETFB,2109.0,MutNovel,"K146N,0.279"
X-3093,ETFDH,2110.0,MutNovel,"L327I,0.452"
X-3093,EXD2,55218.0,MutNovel,"R340I,0.419"
X-3093,EXD3,54932.0,MutNovel,"T403I,0.545"
X-3093,EXOC3L4,91828.0,MutNovel,"G498E,0.421"
X-3093,EXOC4,60412.0,MutNovel,"R87Q,0.355"
X-3093,EXOC4,60412.0,MutNovel,"K288T,0.654"
X-3093,EXOC4,60412.0,MutNovel,"Y362H,0.505"
X-3093,EXOC6B,23233.0,MutNovel,"F504C,0.350"
X-3093,EXOC8,149371.0,MutNovel,"V214A,0.542"
X-3093,EXOSC2,23404.0,MutNovel,"E210A,0.344"
X-3093,EXOSC7,23016.0,MutKnownFunctional,"R191*,0.257"
X-3093,EXOSC9,5393.0,MutNovel,"A268V,0.509"
X-3093,EXPH5,23086.0,MutNovel,"K1382R,0.520"
X-3093,EXT1,2131.0,MutNovel,"K299T,0.510"
X-3093,EXTL2,2135.0,MutKnownFunctional,"R25*,0.525"
X-3093,EXTL3,2137.0,MutNovel,"R84H,0.368"
X-3093,EZH2,2146.0,MutNovel,"I49F,0.524"
X-3093,EZR,7430.0,MutNovel,"D266A,0.515"
X-3093,F10,2159.0,MutNovel,"D322N,0.500"
X-3093,F3,2152.0,MutNovel,"E206A,0.602"
X-3093,F8A1,8263.0,MutNovel,"S339L,0.262"
X-3093,FA2H,79152.0,MutNovel,"A302V,0.455"
X-3093,FAM110A,83541.0,MutNovel,"P241Q,0.551"
X-3093,FAM111A,63901.0,MutNovel,"E421A,0.484"
X-3093,FAM111B,374393.0,MutNovel,"R90K,0.409"
X-3093,FAM111B,374393.0,MutNovel,"R174H,0.514"
X-3093,FAM111B,374393.0,MutNovel,"R422K,0.483"
X-3093,FAM120A,23196.0,MutNovel,"A1071T,0.301"
X-3093,FAM123B,139285.0,MutNovel,"K273E,1.000"
X-3093,FAM126B,285172.0,MutNovel,"S92C,0.455"
X-3093,FAM131B,9715.0,MutNovel,"L249I,0.488"
X-3093,FAM135A,57579.0,MutNovel,"N943T,0.448"
X-3093,FAM135A,57579.0,MutNovel,"S1285P,0.529"
X-3093,FAM149B1,317662.0,MutNovel,"R424Q,0.382"
X-3093,FAM160A2,84067.0,MutNovel,"D386A,0.239"
X-3093,FAM190A,401145.0,MutNovel,"R20I,0.630"
X-3093,FAM190A,401145.0,MutNovel,"N290T,0.545"
X-3093,FAM192A,80011.0,MutNovel,"R64M,0.484"
X-3093,FAM197Y2P,252946.0,Del0.8,0.06
X-3093,FAM200A,221786.0,MutKnownFunctional,"E356*,0.250"
X-3093,FAM200B,285550.0,MutNovel,"L580V,0.526"
X-3093,FAM208A,23272.0,MutNovel,"R655Q,0.437"
X-3093,FAM208B,54906.0,MutNovel,"V588G,0.380"
X-3093,FAM208B,54906.0,MutNovel,"T2011A,0.425"
X-3093,FAM208B,54906.0,MutNovel,"D2107N,0.515"
X-3093,FAM214A,56204.0,MutNovel,"N509S,0.468"
X-3093,FAM214A,56204.0,MutNovel,"V342A,0.333"
X-3093,FAM41AY1,340618.0,Del0.8,0.27
X-3093,FAM41AY1,340618.0,Del0.8,0.27
X-3093,FAM54A,113115.0,MutKnownFunctional,"E364*,0.468"
X-3093,FAM59A,64762.0,MutNovel,"P534S,0.429"
X-3093,FAM63A,55793.0,MutNovel,"S376N,0.345"
X-3093,FAM73B,84895.0,MutNovel,"S154L,0.240"
X-3093,FAM78B,149297.0,MutNovel,"A25T,1.000"
X-3093,FAM83B,222584.0,MutNovel,"R925Q,0.512"
X-3093,FAM83D,81610.0,MutNovel,"I327T,0.481"
X-3093,FAM83E,54854.0,MutNovel,"P331L,0.475"
X-3093,FAM84B,157638.0,MutNovel,"G57S,0.457"
X-3093,FAM86B1,85002.0,MutNovel,"R236Q,0.333"
X-3093,FAM86B1,85002.0,MutNovel,"Q230R,0.500"
X-3093,FAM91A1,157769.0,MutNovel,"K298Q,0.435"
X-3093,FANCA,2175.0,MutNovel,"D1345G,0.461"
X-3093,FANCC,2176.0,MutNovel,"T510A,0.697"
X-3093,FANCD2,2177.0,MutNovel,"N904Y,0.496"
X-3093,FANCE,2178.0,MutNovel,"E224G,0.488"
X-3093,FANCE,2178.0,MutNovel,"A401T,0.595"
X-3093,FANCI,55215.0,MutNovel,"A956T,0.471"
X-3093,FANCM,57697.0,MutNovel,"R616K,0.333"
X-3093,FANCM,57697.0,MutNovel,"R1030Q,0.250"
X-3093,FANCM,57697.0,MutNovel,"E1421K,0.778"
X-3093,FASN,2194.0,MutNovel,"F2337L,0.650"
X-3093,FASTKD1,79675.0,MutNovel,"K322N,0.442"
X-3093,FASTKD2,22868.0,MutNovel,"R111K,0.548"
X-3093,FASTKD2,22868.0,MutNovel,"H468R,0.493"
X-3093,FAT1,2195.0,MutNovel,"A4544T,0.456"
X-3093,FAT1,2195.0,MutNovel,"D4377N,0.457"
X-3093,FAT1,2195.0,MutNovel,"D3947A,0.468"
X-3093,FAT1,2195.0,MutNovel,"V1532A,0.554"
X-3093,FAT1,2195.0,MutNovel,"D1005N,0.472"
X-3093,FAT1,2195.0,MutNovel,"K1004N,0.523"
X-3093,FAT1,2195.0,MutNovel,"D953N,0.562"
X-3093,FBF1,85302.0,MutNovel,"A655V,0.667"
X-3093,FBLN2,2199.0,MutNovel,"S974T,0.778"
X-3093,FBXL2,25827.0,MutNovel,"F128L,0.625"
X-3093,FBXL2,25827.0,MutNovel,"E287K,0.361"
X-3093,FBXL3,26224.0,MutKnownFunctional,"R251*,0.556"
X-3093,FBXL4,26235.0,MutNovel,"K331Q,0.457"
X-3093,FBXL8,55336.0,MutNovel,"R281H,0.403"
X-3093,FBXO21,23014.0,MutNovel,"F121L,0.457"
X-3093,FBXO33,254170.0,MutNovel,"F497V,0.566"
X-3093,FBXO34,55030.0,MutNovel,"R670W,0.554"
X-3093,FBXO36,130888.0,MutNovel,"R47Q,0.485"
X-3093,FBXO38,81545.0,MutNovel,"S876A,0.526"
X-3093,FBXO5,26271.0,MutNovel,"K189N,0.526"
X-3093,FBXW7,55294.0,MutNovel,"K634N,0.527"
X-3093,FBXW9,84261.0,MutNovel,"R129H,0.434"
X-3093,FCGBP,8857.0,MutNovel,"R4489Q,0.400"
X-3093,FCGBP,8857.0,MutNovel,"D484N,0.429"
X-3093,FDX1,2230.0,MutKnownFunctional,"R166*,0.450"
X-3093,FDXACB1,91893.0,MutNovel,"I622M,0.615"
X-3093,FDXACB1,91893.0,MutNovel,"D413G,0.613"
X-3093,FGD1,2245.0,MutNovel,"E675D,1.000"
X-3093,FGFR1,2260.0,MutNovel,"E353D,0.636"
X-3093,FH,2271.0,MutNovel,"S75Y,0.393"
X-3093,FIG4,9896.0,MutNovel,"K723Q,0.536"
X-3093,FIGNL1,63979.0,MutKnownFunctional,"-507,0.377"
X-3093,FILIP1L,11259.0,MutKnownFunctional,"E356*,0.667"
X-3093,FKBP15,23307.0,MutNovel,"E1167A,0.270"
X-3093,FLNB,2317.0,MutNovel,"V2323A,0.496"
X-3093,FLNB,2317.0,MutNovel,"Y2473H,0.490"
X-3093,FLNC,2318.0,MutNovel,"Q2499R,0.384"
X-3093,FLVCR2,55640.0,MutNovel,"A289V,0.714"
X-3093,FMNL1,752.0,MutKnownFunctional,"E421*,0.438"
X-3093,FMO4,2329.0,MutNovel,"F87C,0.600"
X-3093,FNDC3A,22862.0,MutNovel,"F54C,0.444"
X-3093,FNDC3B,64778.0,MutNovel,"T761A,0.636"
X-3093,FNIP1,96459.0,MutNovel,"E985K,0.477"
X-3093,FNIP1,96459.0,MutNovel,"E889D,0.508"
X-3093,FNIP1,96459.0,MutNovel,"F439L,0.511"
X-3093,FOCAD,,MutNovel,"E1430D,0.556"
X-3093,FOS,2353.0,MutNovel,"Q89E,0.435"
X-3093,FOSL1,8061.0,MutNovel,"K179N,0.218"
X-3093,FOXD1,2297.0,MutNovel,"R325H,1.000"
X-3093,FOXH1,8928.0,MutNovel,"S339I,0.500"
X-3093,FOXJ3,22887.0,MutNovel,"I522M,0.512"
X-3093,FRK,2444.0,MutNovel,"D354Y,0.218"
X-3093,FRMPD2,143162.0,MutNovel,"G710S,0.667"
X-3093,FRS2,10818.0,MutNovel,"N208H,0.645"
X-3093,FRY,10129.0,MutNovel,"F2707C,0.640"
X-3093,FRYL,285527.0,MutNovel,"F2295C,0.580"
X-3093,FRYL,285527.0,MutNovel,"R1329Q,0.579"
X-3093,FSD1L,83856.0,MutKnownFunctional,"E53*,0.615"
X-3093,FTSJ1,24140.0,MutNovel,"A317V,1.000"
X-3093,FTSJ3,117246.0,MutNovel,"S599L,0.380"
X-3093,FTSJ3,117246.0,MutNovel,"A224T,0.416"
X-3093,FTSJD1,55783.0,MutNovel,"N378H,0.478"
X-3093,FURIN,5045.0,MutNovel,"D624G,0.462"
X-3093,FUT5,2527.0,MutNovel,"E261K,0.583"
X-3093,FUT8,2530.0,MutNovel,"A512V,0.544"
X-3093,FZD2,2535.0,MutNovel,"G463S,1.000"
X-3093,FZD8,8325.0,MutNovel,"A458V,0.625"
X-3093,G2E3,55632.0,MutNovel,"W613R,0.438"
X-3093,G3BP1,10146.0,MutNovel,"E329A,0.492"
X-3093,G3BP2,9908.0,MutNovel,"R132C,0.496"
X-3093,GAB1,2549.0,MutNovel,"K347T,0.467"
X-3093,GABBR1,2550.0,MutNovel,"D831N,0.608"
X-3093,GAD1,2571.0,MutNovel,"R181C,1.000"
X-3093,GAL3ST2,64090.0,MutNovel,"F121C,0.465"
X-3093,GALK2,2585.0,MutNovel,"R312Q,0.340"
X-3093,GALNT5,11227.0,MutNovel,"S676A,0.281"
X-3093,GALNT9,50614.0,MutNovel,"N295T,1.000"
X-3093,GALNTL4,374378.0,MutNovel,"A396V,0.763"
X-3093,GANAB,23193.0,MutNovel,"I650S,0.541"
X-3093,GAS2L3,283431.0,MutNovel,"E222D,0.667"
X-3093,GAS2L3,283431.0,MutNovel,"Q329P,0.473"
X-3093,GCC2,9648.0,MutNovel,"E57K,0.246"
X-3093,GCC2,9648.0,MutNovel,"N313S,0.288"
X-3093,GCC2,9648.0,MutKnownFunctional,"E728*,0.333"
X-3093,GCC2,9648.0,MutNovel,"N1329T,0.352"
X-3093,GCFC2,6936.0,MutNovel,"S19N,0.346"
X-3093,GCLC,2729.0,MutNovel,"E356K,0.491"
X-3093,GDAP2,54834.0,MutKnownFunctional,"R232*,0.235"
X-3093,GDE1,51573.0,MutNovel,"F172L,0.203"
X-3093,GEM,2669.0,MutNovel,"R56Q,0.639"
X-3093,GFM1,85476.0,MutNovel,"D334G,0.487"
X-3093,GFM1,85476.0,MutNovel,"D404N,0.550"
X-3093,GFPT1,2673.0,MutNovel,"R521H,0.510"
X-3093,GGNBP2,79893.0,MutNovel,"K531N,0.683"
X-3093,GGT1,2678.0,MutNovel,"S428N,0.593"
X-3093,GHITM,27069.0,MutNovel,"P69L,0.529"
X-3093,GIGYF2,26058.0,MutNovel,"G44S,0.464"
X-3093,GIGYF2,26058.0,MutNovel,"PQ1231P,0.829"
X-3093,GJB1,2705.0,MutNovel,"R22Q,0.996"
X-3093,GKAP1,80318.0,MutNovel,"F209S,0.474"
X-3093,GLB1L2,89944.0,MutNovel,"V121I,0.424"
X-3093,GLG1,2734.0,MutNovel,"A1080T,0.540"
X-3093,GLRX3,10539.0,MutNovel,"E51K,0.463"
X-3093,GLRX3,10539.0,MutNovel,"Q266H,0.479"
X-3093,GLS,2744.0,MutNovel,"E152D,0.254"
X-3093,GLS,2744.0,MutNovel,"F604C,0.583"
X-3093,GLS2,27165.0,MutNovel,"R483W,0.412"
X-3093,GLS2,27165.0,MutNovel,"D289G,0.588"
X-3093,GLYR1,84656.0,MutNovel,"F47C,0.220"
X-3093,GMPPA,29926.0,MutNovel,"A351S,0.496"
X-3093,GMPS,8833.0,MutNovel,"R552H,0.518"
X-3093,GNA13,10672.0,MutNovel,"N332S,0.422"
X-3093,GNA14,9630.0,MutNovel,"K278N,0.750"
X-3093,GNAQ,2776.0,MutKnownFunctional,"R183*,0.260"
X-3093,GNAT2,2780.0,MutKnownFunctional,"E11*,0.444"
X-3093,GNPDA1,10007.0,MutNovel,"E32A,0.537"
X-3093,GNPDA2,132789.0,MutNovel,"H96P,0.478"
X-3093,GNPTAB,79158.0,MutNovel,"A510V,0.485"
X-3093,GOLGA2P2Y,84559.0,Del0.8,0.27
X-3093,GOLGA2P2Y,84559.0,Del0.8,0.27
X-3093,GOLGA3,2802.0,MutNovel,"T1122M,0.232"
X-3093,GOLGA4,2803.0,MutNovel,"R99Q,0.333"
X-3093,GOLGA4,2803.0,MutNovel,"D646G,0.358"
X-3093,GOLGA4,2803.0,MutKnownFunctional,"E676*,0.403"
X-3093,GOLGA4,2803.0,MutNovel,"E1686D,0.253"
X-3093,GOLGA8B,440270.0,MutNovel,"R455C,0.418"
X-3093,GOLGB1,2804.0,MutNovel,"S928Y,0.485"
X-3093,GOLGB1,2804.0,MutNovel,"K615T,0.507"
X-3093,GOLGB1,2804.0,MutNovel,"K391T,0.525"
X-3093,GOLM1,51280.0,MutNovel,"R118Q,0.720"
X-3093,GON4L,54856.0,MutNovel,"L1245P,0.663"
X-3093,GORASP2,26003.0,MutNovel,"N287H,0.429"
X-3093,GOSR1,9527.0,MutNovel,"D145Y,0.580"
X-3093,GOSR2,9570.0,MutNovel,"A83V,0.388"
X-3093,GPAM,57678.0,MutNovel,"T266A,0.581"
X-3093,GPAM,57678.0,MutNovel,"K161Q,0.462"
X-3093,GPATCH1,55094.0,MutNovel,"E690K,0.286"
X-3093,GPC2,221914.0,MutNovel,"K106T,0.714"
X-3093,GPM6B,2824.0,MutNovel,"S261P,0.358"
X-3093,GPR125,166647.0,MutNovel,"A541T,0.393"
X-3093,GPR125,166647.0,MutNovel,"E477D,0.588"
X-3093,GPR125,166647.0,MutNovel,"Q415P,0.318"
X-3093,GPR126,57211.0,MutNovel,"F1085L,0.511"
X-3093,GPR128,84873.0,MutNovel,"K662N,0.600"
X-3093,GPR155,151556.0,MutNovel,"F115L,0.571"
X-3093,GPR35,2859.0,MutNovel,"V28A,0.518"
X-3093,GPR55,9290.0,MutNovel,"F268L,1.000"
X-3093,GPRC5D,55507.0,MutNovel,"R92C,0.543"
X-3093,GPRIN1,114787.0,MutNovel,"Y261C,0.462"
X-3093,GPRIN2,9721.0,MutNovel,"-238MRE,0.667"
X-3093,GPSM2,29899.0,MutNovel,"A239S,0.447"
X-3093,GRB10,2887.0,MutNovel,"D58N,0.619"
X-3093,GRHL2,79977.0,MutNovel,"K9N,0.373"
X-3093,GRIN2D,2906.0,MutNovel,"H730R,0.588"
X-3093,GRK6,2870.0,MutNovel,"E315D,0.399"
X-3093,GRSF1,2926.0,MutNovel,"K237E,0.502"
X-3093,GSTT1,2952.0,Amp8,8.51
X-3093,GTDC1,79712.0,MutNovel,"F175C,0.452"
X-3093,GTF2B,2959.0,MutNovel,"R137Q,0.524"
X-3093,GTF2F1,2962.0,MutNovel,"T489A,0.460"
X-3093,GTF2IRD2B,389524.0,MutNovel,"I823S,0.545"
X-3093,GTF2IRD2B,389524.0,MutNovel,"A948T,0.500"
X-3093,GTF3C1,2975.0,MutNovel,"R661H,0.459"
X-3093,GTF3C2,2976.0,MutKnownFunctional,"R750*,0.350"
X-3093,GTF3C3,9330.0,MutKnownFunctional,"E667*,0.403"
X-3093,GTPBP1,9567.0,MutNovel,"D252N,0.430"
X-3093,GTPBP4,23560.0,MutNovel,"D370N,0.499"
X-3093,GTSE1,51512.0,MutNovel,"P285L,0.521"
X-3093,GUCY2C,2984.0,MutNovel,"R1021C,0.275"
X-3093,GUCY2C,2984.0,MutNovel,"I434V,0.286"
X-3093,GUCY2C,2984.0,MutNovel,"V118A,0.263"
X-3093,GUSB,2990.0,MutNovel,"Y635C,0.310"
X-3093,GXYLT1,283464.0,MutNovel,"R432C,0.388"
X-3093,GYG2P1,352887.0,Del0.8,0.27
X-3093,H2AFZ,3015.0,MutNovel,"S99Y,0.513"
X-3093,HACL1,26061.0,MutNovel,"E386D,0.463"
X-3093,HARS2,23438.0,MutNovel,"F208V,0.511"
X-3093,HAUS6,54801.0,MutNovel,"N682T,0.679"
X-3093,HAUS6,54801.0,MutKnownFunctional,"E72*,0.605"
X-3093,HAVCR1,26762.0,MutNovel,"A15T,0.789"
X-3093,HBA1,3039.0,MutNovel,"H123R,0.533"
X-3093,HBB,3043.0,MutNovel,"A139T,0.667"
X-3093,HBP1,26959.0,MutNovel,"R230Q,0.538"
X-3093,HBS1L,10767.0,MutNovel,"K256N,0.381"
X-3093,HCFC2,29915.0,MutKnownFunctional,"E445*,0.472"
X-3093,HDAC2,3066.0,MutNovel,"F338V,0.215"
X-3093,HDAC5,10014.0,MutNovel,"N385D,0.250"
X-3093,HEATR1,55127.0,MutNovel,"A840V,0.232"
X-3093,HEATR1,55127.0,MutNovel,"Y349G,0.271"
X-3093,HEATR5A,25938.0,MutNovel,"L435R,0.333"
X-3093,HEATR5A,25938.0,MutNovel,"F25C,0.490"
X-3093,HEATR7A,727957.0,MutNovel,"R816Q,0.474"
X-3093,HEATR7A,727957.0,MutNovel,"R1015Q,0.636"
X-3093,HEBP1,50865.0,MutNovel,"A85V,0.490"
X-3093,HECTD1,25831.0,MutNovel,"E2139K,0.337"
X-3093,HECTD1,25831.0,MutNovel,"R1719H,0.685"
X-3093,HECTD1,25831.0,MutKnownFunctional,"E765*,0.206"
X-3093,HELZ,9931.0,MutNovel,"S1287F,0.247"
X-3093,HELZ,9931.0,MutNovel,"T452A,0.667"
X-3093,HEPH,9843.0,MutNovel,"K311R,0.799"
X-3093,HERC1,8925.0,MutNovel,"I2246T,0.522"
X-3093,HERC2,8924.0,MutKnownFunctional,"R4238*,0.426"
X-3093,HERC2,8924.0,MutKnownFunctional,"R1552*,0.294"
X-3093,HERPUD2,64224.0,MutNovel,"R55K,0.552"
X-3093,HEXB,3074.0,MutNovel,"K303T,0.501"
X-3093,HEXDC,284004.0,MutNovel,"G233D,0.418"
X-3093,HFE,3077.0,MutNovel,"R66H,0.323"
X-3093,HIF1A,3091.0,MutNovel,"E674K,0.467"
X-3093,HIF1A,3091.0,MutNovel,"R834K,0.503"
X-3093,HIF1AN,55662.0,MutNovel,"R305I,0.400"
X-3093,HIPK1,204851.0,MutNovel,"T212N,0.523"
X-3093,HIPK3,10114.0,MutNovel,"F1202C,0.447"
X-3093,HIST1H2AI,,MutNovel,"L34V,1.000"
X-3093,HIVEP2,3097.0,MutKnownFunctional,"R1028*,0.357"
X-3093,HK1,3098.0,MutNovel,"R95Q,0.396"
X-3093,HKDC1,80201.0,MutNovel,"K429T,0.512"
X-3093,HKDC1,80201.0,MutNovel,"Y587C,0.471"
X-3093,HLA-A,3105.0,MutNovel,"A353V,0.601"
X-3093,HLA-F,3134.0,MutNovel,"A138T,0.331"
X-3093,HLA-G,3135.0,MutNovel,"I123Y,1.000"
X-3093,HLCS,3141.0,MutNovel,"T370I,0.575"
X-3093,HLCS,3141.0,MutNovel,"Q268H,0.536"
X-3093,HLTF,6596.0,MutNovel,"S397N,0.540"
X-3093,HMBOX1,79618.0,MutNovel,"S71A,0.571"
X-3093,HMGCR,3156.0,MutNovel,"M161L,0.522"
X-3093,HMGCS1,3157.0,MutNovel,"R231H,0.506"
X-3093,HMGCS1,3157.0,MutNovel,"A168T,0.484"
X-3093,HMGXB3,22993.0,MutNovel,"K695T,0.564"
X-3093,HMGXB3,22993.0,MutNovel,"S843L,0.235"
X-3093,HMMR,3161.0,MutNovel,"Q451R,0.550"
X-3093,HNRNPH1,3187.0,MutNovel,"R199Q,0.527"
X-3093,HNRNPH1,3187.0,MutNovel,"E126D,0.482"
X-3093,HNRNPR,10236.0,MutNovel,"V24A,0.514"
X-3093,HNRNPU,3192.0,MutNovel,"K238Q,0.530"
X-3093,HOMEZ,57594.0,MutNovel,"A233T,0.571"
X-3093,HOOK2,29911.0,MutNovel,"T531A,0.243"
X-3093,HPGD,3248.0,MutNovel,"A189V,0.500"
X-3093,HPS4,89781.0,MutNovel,"A339T,0.411"
X-3093,HPS6,79803.0,MutNovel,"R651W,0.554"
X-3093,HSFY2,159119.0,Del0.8,0.27
X-3093,HSFY2,159119.0,Del0.8,0.27
X-3093,HSP90AA1,3320.0,MutNovel,"E639D,0.252"
X-3093,HSP90AB1,3326.0,MutNovel,"I54L,0.513"
X-3093,HSP90AB1,3326.0,MutNovel,"R456H,0.505"
X-3093,HSP90B1,7184.0,MutNovel,"T171A,0.569"
X-3093,HSP90B1,7184.0,MutNovel,"K547T,0.385"
X-3093,HSPA13,6782.0,MutNovel,"N374H,0.435"
X-3093,HSPA4,3308.0,MutNovel,"E130K,0.471"
X-3093,HSPA4L,22824.0,MutNovel,"Q353H,0.564"
X-3093,HSPA8,3312.0,MutNovel,"D285N,0.650"
X-3093,HSPA9,3313.0,MutNovel,"D591G,0.494"
X-3093,HSPBAP1,79663.0,MutNovel,"F132V,0.500"
X-3093,HSPD1,3329.0,MutNovel,"K192N,0.208"
X-3093,HTATIP2,10553.0,MutNovel,"K159T,0.511"
X-3093,HUNK,30811.0,MutNovel,"G541E,0.360"
X-3093,IARS,3376.0,MutNovel,"F556C,0.670"
X-3093,IARS,3376.0,MutNovel,"T134I,0.328"
X-3093,ICA1,3382.0,MutKnownFunctional,"E93*,0.216"
X-3093,ICA1L,130026.0,MutNovel,"R240Q,0.652"
X-3093,IDH1,3417.0,MutKnownFunctional,"R132C,0.267"
X-3093,IDH3B,3420.0,MutNovel,"F80S,0.452"
X-3093,IFIT5,24138.0,MutNovel,"E467G,0.607"
X-3093,IFT172,26160.0,MutNovel,"Y1264C,0.632"
X-3093,IFT172,26160.0,MutNovel,"F402V,0.667"
X-3093,IFT46,56912.0,MutNovel,"I154V,0.219"
X-3093,IFT52,51098.0,MutNovel,"N205S,0.419"
X-3093,IFT74,80173.0,MutNovel,"K497N,0.648"
X-3093,IFT80,57560.0,MutNovel,"S425N,0.526"
X-3093,IFT80,57560.0,MutNovel,"E332G,0.500"
X-3093,IFT80,57560.0,MutNovel,"R315I,0.366"
X-3093,IFT81,28981.0,MutNovel,"H629N,0.445"
X-3093,IGF1R,3480.0,MutNovel,"C692R,0.500"
X-3093,IGF2BP3,10643.0,MutNovel,"D270Y,0.440"
X-3093,IGF2BP3,10643.0,MutNovel,"R86Q,0.333"
X-3093,IGF2R,3482.0,MutNovel,"Y464H,0.466"
X-3093,IGFLR1,79713.0,MutNovel,"S247L,0.435"
X-3093,IGFN1,91156.0,MutNovel,"E1978A,0.500"
X-3093,IGIP,492311.0,MutNovel,"F24L,0.570"
X-3093,IGSF10,285313.0,MutNovel,"V1953A,0.600"
X-3093,IKBKG,8517.0,MutNovel,"K164T,0.370"
X-3093,IL17RB,55540.0,MutNovel,"T231M,0.500"
X-3093,IL1B,3553.0,MutNovel,"F61V,0.415"
X-3093,IL1RN,3557.0,MutNovel,"N55S,0.373"
X-3093,IL20RB,53833.0,MutNovel,"A217T,0.625"
X-3093,IL6ST,3572.0,MutNovel,"R395H,0.592"
X-3093,IL9,3578.0,MutKnownFunctional,"Y106*,1.000"
X-3093,IMMT,10989.0,MutNovel,"A258V,0.465"
X-3093,IMPA2,3613.0,MutNovel,"F122L,0.441"
X-3093,INO80,54617.0,MutNovel,"L1267F,0.593"
X-3093,INO80,54617.0,MutNovel,"R243C,0.269"
X-3093,INPP5B,3633.0,MutNovel,"R77Q,0.800"
X-3093,INPP5F,22876.0,MutNovel,"E156D,0.480"
X-3093,INPPL1,3636.0,MutNovel,"E457K,0.502"
X-3093,INPPL1,3636.0,MutNovel,"D613A,0.577"
X-3093,INPPL1,3636.0,MutNovel,"A755T,0.499"
X-3093,INSIG1,3638.0,MutNovel,"R166H,0.441"
X-3093,INTS1,26173.0,MutNovel,"D344N,0.524"
X-3093,INTS6,26512.0,MutNovel,"R163C,0.475"
X-3093,INTS8,55656.0,MutNovel,"I803V,0.480"
X-3093,INTS8,55656.0,MutNovel,"R823Q,0.493"
X-3093,IP6K2,51447.0,MutNovel,"R380C,0.421"
X-3093,IPO11,51194.0,MutNovel,"A57T,0.514"
X-3093,IPO11,51194.0,MutNovel,"R183Q,0.433"
X-3093,IPO9,55705.0,MutNovel,"V579G,0.534"
X-3093,IQSEC1,9922.0,MutNovel,"S883L,0.464"
X-3093,IQSEC1,9922.0,MutNovel,"A599V,0.385"
X-3093,IREB2,3658.0,MutNovel,"E77D,0.523"
X-3093,IREB2,3658.0,MutNovel,"K413E,0.493"
X-3093,IRF1,3659.0,MutNovel,"D226A,0.264"
X-3093,IRF2BP1,26145.0,MutNovel,"S134P,0.473"
X-3093,IRF2BP2,359948.0,MutNovel,"P118S,0.543"
X-3093,IRF5,3663.0,MutNovel,"F270L,0.407"
X-3093,IRGQ,126298.0,MutNovel,"F12L,0.857"
X-3093,IST1,9798.0,MutNovel,"S293Y,0.453"
X-3093,ITCH,83737.0,MutNovel,"S13G,0.473"
X-3093,ITFG1,81533.0,MutNovel,"A571V,0.306"
X-3093,ITGA1,3672.0,MutNovel,"L708V,0.632"
X-3093,ITGA2,3673.0,MutNovel,"K1027T,0.509"
X-3093,ITPKC,80271.0,MutNovel,"E209D,0.231"
X-3093,ITPKC,80271.0,MutNovel,"H417P,0.393"
X-3093,ITPR2,3709.0,MutNovel,"Q751P,0.429"
X-3093,ITPR2,3709.0,MutNovel,"Y352H,0.455"
X-3093,ITPR3,3710.0,MutNovel,"R603H,0.466"
X-3093,ITSN1,6453.0,MutNovel,"Q90H,0.519"
X-3093,ITSN1,6453.0,MutNovel,"N1618S,0.875"
X-3093,JAK2,3717.0,MutNovel,"A362T,0.636"
X-3093,JARID2,3720.0,MutNovel,"S1017F,0.365"
X-3093,JKAMP,51528.0,MutNovel,"Y133C,0.513"
X-3093,JMJD1C,221037.0,MutNovel,"D1611A,0.511"
X-3093,JMY,133746.0,MutNovel,"T313S,0.500"
X-3093,JMY,133746.0,MutNovel,"T953A,0.543"
X-3093,JRKL,8690.0,MutKnownFunctional,"G419*,0.209"
X-3093,KALRN,8997.0,MutNovel,"D2103A,0.552"
X-3093,KANK1,23189.0,MutNovel,"P1345T,0.667"
X-3093,KANSL3,55683.0,MutNovel,"P618L,0.545"
X-3093,KARS,3735.0,MutNovel,"N360S,0.277"
X-3093,KAT2B,8850.0,MutNovel,"E240G,0.500"
X-3093,KAT2B,8850.0,MutNovel,"R682Q,0.519"
X-3093,KAT6A,7994.0,MutNovel,"L614F,0.467"
X-3093,KATNAL1,84056.0,MutNovel,"R290C,0.462"
X-3093,KBTBD7,84078.0,MutNovel,"D645N,0.471"
X-3093,KCNJ3,3760.0,MutNovel,"L322I,1.000"
X-3093,KCNK15,60598.0,MutNovel,"S127N,0.750"
X-3093,KCNQ1,3784.0,MutNovel,"S457F,0.322"
X-3093,KCTD1,284252.0,MutNovel,"S361L,0.529"
X-3093,KCTD20,222658.0,MutNovel,"F211L,0.685"
X-3093,KCTD20,222658.0,MutKnownFunctional,"R215*,0.301"
X-3093,KDELC2,143888.0,MutNovel,"T70P,0.718"
X-3093,KDM1B,221656.0,MutNovel,"K519N,0.457"
X-3093,KDM2B,84678.0,MutNovel,"K26N,1.000"
X-3093,KDM3B,51780.0,MutNovel,"P1167L,0.517"
X-3093,KDM3B,51780.0,MutNovel,"D1440G,0.507"
X-3093,KDM3B,51780.0,MutNovel,"R1472Q,0.476"
X-3093,KDM5C,8242.0,MutNovel,"P500S,0.269"
X-3093,KDM5D,8284.0,Del0.8,0.27
X-3093,KDM6A,7403.0,MutNovel,"R393Q,0.350"
X-3093,KDM6B,23135.0,MutNovel,"R707C,0.704"
X-3093,KDM6B,23135.0,MutNovel,"R1209Q,0.386"
X-3093,KHSRP,8570.0,MutNovel,"P587T,0.541"
X-3093,KIAA0182,23199.0,MutNovel,"F408C,0.462"
X-3093,KIAA0182,23199.0,MutNovel,"A536V,0.424"
X-3093,KIAA0182,23199.0,MutNovel,"E1113G,0.512"
X-3093,KIAA0232,9778.0,MutNovel,"P240S,0.552"
X-3093,KIAA0317,9870.0,MutNovel,"R507H,0.444"
X-3093,KIAA0319,9856.0,MutNovel,"N733D,0.667"
X-3093,KIAA0319L,79932.0,MutNovel,"E454D,0.558"
X-3093,KIAA0368,23392.0,MutNovel,"Y846H,0.728"
X-3093,KIAA0528,9847.0,MutNovel,"N551D,0.497"
X-3093,KIAA0564,23078.0,MutNovel,"N1729S,0.230"
X-3093,KIAA0564,23078.0,MutNovel,"R1394Q,0.528"
X-3093,KIAA0586,9786.0,MutNovel,"L520I,0.282"
X-3093,KIAA0753,9851.0,MutNovel,"K798T,0.581"
X-3093,KIAA0753,9851.0,MutNovel,"E282D,0.789"
X-3093,KIAA0913,23053.0,MutNovel,"E257K,0.292"
X-3093,KIAA0947,23379.0,MutNovel,"K1869N,0.467"
X-3093,KIAA1033,23325.0,MutKnownFunctional,"E663*,0.205"
X-3093,KIAA1109,84162.0,MutNovel,"L680S,0.727"
X-3093,KIAA1109,84162.0,MutNovel,"D908G,0.429"
X-3093,KIAA1217,56243.0,MutNovel,"G301R,0.478"
X-3093,KIAA1244,57221.0,MutNovel,"D87Y,0.273"
X-3093,KIAA1324,57535.0,MutNovel,"S869I,0.434"
X-3093,KIAA1429,25962.0,MutNovel,"N729H,0.278"
X-3093,KIAA1429,25962.0,MutNovel,"E606D,0.509"
X-3093,KIAA1432,57589.0,MutNovel,"R1265W,0.537"
X-3093,KIAA1468,57614.0,MutNovel,"L840R,0.512"
X-3093,KIAA1598,57698.0,MutNovel,"S512P,0.570"
X-3093,KIAA1804,84451.0,MutNovel,"R512Q,0.426"
X-3093,KIAA2013,90231.0,MutNovel,"K436E,0.522"
X-3093,KIAA2018,205717.0,MutNovel,"I582S,1.000"
X-3093,KIAA2026,158358.0,MutNovel,"S1414L,0.632"
X-3093,KIF11,3832.0,MutNovel,"E462D,0.473"
X-3093,KIF11,3832.0,MutNovel,"Y480S,0.579"
X-3093,KIF13A,63971.0,MutNovel,"K1345T,0.267"
X-3093,KIF13A,63971.0,MutNovel,"R530Q,0.355"
X-3093,KIF13B,23303.0,MutNovel,"A1143T,0.534"
X-3093,KIF16B,55614.0,MutNovel,"K988N,0.481"
X-3093,KIF1C,10749.0,MutNovel,"V73G,0.361"
X-3093,KIF20B,9585.0,MutNovel,"E978G,0.469"
X-3093,KIF20B,9585.0,MutNovel,"R1577Q,0.496"
X-3093,KIF20B,9585.0,MutNovel,"S1743R,0.258"
X-3093,KIF21A,55605.0,MutNovel,"V34A,0.414"
X-3093,KIF23,9493.0,MutNovel,"R806C,0.456"
X-3093,KIF27,55582.0,MutNovel,"R1360Q,0.400"
X-3093,KIF2A,3796.0,MutNovel,"R23Q,0.481"
X-3093,KIF3B,9371.0,MutNovel,"E471G,0.488"
X-3093,KIF3B,9371.0,MutNovel,"S719R,0.500"
X-3093,KIFC1,3833.0,MutNovel,"R655H,0.491"
X-3093,KLF10,7071.0,MutNovel,"K149N,0.565"
X-3093,KLF7,8609.0,MutNovel,"A124T,0.579"
X-3093,KLHDC10,23008.0,MutNovel,"E439K,0.491"
X-3093,KLHL2,11275.0,MutNovel,"R372C,1.000"
X-3093,KLHL22,84861.0,MutNovel,"V23A,0.281"
X-3093,KLHL24,54800.0,MutNovel,"R60C,0.640"
X-3093,KLHL28,54813.0,MutNovel,"F482C,0.565"
X-3093,KNTC1,9735.0,MutNovel,"D901A,0.361"
X-3093,KPNA3,3839.0,MutNovel,"F521V,0.239"
X-3093,KPNA4,3840.0,MutNovel,"H375Y,0.524"
X-3093,KPNA4,3840.0,MutNovel,"R103Q,0.456"
X-3093,KRCC1,51315.0,MutNovel,"N83H,0.489"
X-3093,KRIT1,889.0,MutNovel,"Y544C,0.534"
X-3093,KRT13,3860.0,MutNovel,"S231R,0.476"
X-3093,KRT3,3850.0,MutNovel,"H452R,0.600"
X-3093,KRT5,3852.0,MutNovel,"A309V,0.750"
X-3093,KRT8,3856.0,MutNovel,"E248K,0.467"
X-3093,KRTAP5-9,3846.0,MutNovel,"K168N,1.000"
X-3093,KTN1,3895.0,MutNovel,"D378G,0.479"
X-3093,L1TD1,54596.0,MutNovel,"E631D,1.000"
X-3093,LAD1,3898.0,MutNovel,"R377W,0.503"
X-3093,LAMB1,3912.0,MutNovel,"R633Q,0.507"
X-3093,LARP1B,55132.0,MutNovel,"R119Q,0.359"
X-3093,LARP4,113251.0,MutKnownFunctional,"E121*,0.292"
X-3093,LARS2,23395.0,MutNovel,"R31I,0.588"
X-3093,LASP1,3927.0,MutNovel,"R85H,0.359"
X-3093,LATS1,9113.0,MutKnownFunctional,"R737*,0.308"
X-3093,LCA5L,150082.0,MutNovel,"V650G,0.600"
X-3093,LCAT,3931.0,MutKnownFunctional,"Y213*,0.240"
X-3093,LCN1,3933.0,MutNovel,"F46L,1.000"
X-3093,LCN1,3933.0,MutNovel,"V128I,1.000"
X-3093,LCN1,3933.0,MutNovel,"V131A,1.000"
X-3093,LCN1,3933.0,MutNovel,"A154V,0.800"
X-3093,LCOR,84458.0,MutNovel,"P297S,0.350"
X-3093,LCOR,84458.0,MutNovel,"S311Y,0.769"
X-3093,LCORL,254251.0,MutNovel,"D68Y,0.450"
X-3093,LDHA,3939.0,MutNovel,"V227G,0.514"
X-3093,LDLR,3949.0,MutNovel,"K830T,0.464"
X-3093,LEMD1,93273.0,MutNovel,"I144T,0.243"
X-3093,LGALS4,3960.0,MutNovel,"N49T,0.486"
X-3093,LIG1,3978.0,MutNovel,"R604H,0.527"
X-3093,LIG3,3980.0,MutNovel,"R445H,0.658"
X-3093,LIG4,3981.0,MutNovel,"K289E,0.500"
X-3093,LIG4,3981.0,MutNovel,"F204V,0.455"
X-3093,LILRA3,11026.0,MutNovel,"R271Q,1.000"
X-3093,LIMCH1,22998.0,MutNovel,"R459H,1.000"
X-3093,LIMCH1,22998.0,MutNovel,"G610S,1.000"
X-3093,LINS,55180.0,MutNovel,"D221N,0.519"
X-3093,LMBRD1,55788.0,MutKnownFunctional,"R386*,0.286"
X-3093,LMLN,89782.0,MutNovel,"D157N,0.686"
X-3093,LNPEP,4012.0,MutNovel,"K892T,0.490"
X-3093,LOC100130097,,MutNovel,"A514V,0.714"
X-3093,LOC100132247,100132247.0,MutNovel,"I583T,0.400"
X-3093,LOC100288332,,MutNovel,"R50S,0.262"
X-3093,LOC100506504,,MutNovel,"R128W,0.426"
X-3093,LOC100996610,,MutNovel,"C61R,0.333"
X-3093,LOC391322,391322.0,Amp8,8.51
X-3093,LPCAT1,79888.0,MutNovel,"G397S,0.573"
X-3093,LPP,4026.0,MutNovel,"A119T,0.583"
X-3093,LPP,4026.0,MutNovel,"M164V,0.646"
X-3093,LRBA,987.0,MutNovel,"K885N,0.355"
X-3093,LRBA,987.0,MutNovel,"Q664R,0.431"
X-3093,LRCH1,23143.0,MutNovel,"R152Q,0.411"
X-3093,LRIF1,55791.0,MutNovel,"E726K,1.000"
X-3093,LRP11,84918.0,MutNovel,"R484C,0.210"
X-3093,LRP3,4037.0,MutNovel,"S195P,0.545"
X-3093,LRP5,4041.0,MutNovel,"A1196T,0.284"
X-3093,LRP8,7804.0,MutKnownFunctional,"R952*,0.521"
X-3093,LRPAP1,4043.0,MutNovel,"R229C,0.442"
X-3093,LRPPRC,10128.0,MutNovel,"R739H,0.511"
X-3093,LRRC1,55227.0,MutNovel,"R174Q,0.560"
X-3093,LRRC1,55227.0,MutNovel,"D201Y,0.275"
X-3093,LRRC14,9684.0,MutNovel,"E29K,0.556"
X-3093,LRRC23,10233.0,MutNovel,"R88H,0.437"
X-3093,LRRC29,26231.0,MutNovel,"L35P,0.667"
X-3093,LRRC3,81543.0,MutNovel,"K75T,0.333"
X-3093,LRRC37A,9884.0,MutNovel,"P312A,1.000"
X-3093,LRRC37A,9884.0,MutNovel,"D750G,0.714"
X-3093,LRRC37A,9884.0,MutNovel,"K1153N,1.000"
X-3093,LRRC37B,114659.0,MutNovel,"N358H,0.467"
X-3093,LRRC49,54839.0,MutNovel,"R608C,0.421"
X-3093,LRRC57,255252.0,MutNovel,"R177H,0.503"
X-3093,LRRC59,55379.0,MutNovel,"R157Q,0.334"
X-3093,LRRC66,339977.0,MutNovel,"K368Q,0.308"
X-3093,LRRC8B,23507.0,MutNovel,"S636P,0.471"
X-3093,LRRC8B,23507.0,MutNovel,"N643D,0.437"
X-3093,LRRC8D,55144.0,MutKnownFunctional,"R563*,0.516"
X-3093,LRRCC1,85444.0,MutKnownFunctional,"-501,0.353"
X-3093,LRRCC1,85444.0,MutKnownFunctional,"R802*,0.500"
X-3093,LRRIQ3,127255.0,MutNovel,"R180Q,1.000"
X-3093,LRRK1,79705.0,MutNovel,"R860C,0.235"
X-3093,LRTOMT,220074.0,MutNovel,"S10L,0.500"
X-3093,LRWD1,222229.0,MutNovel,"R389Q,0.576"
X-3093,LSM12,124801.0,MutNovel,"V135A,0.275"
X-3093,LY6H,4062.0,MutNovel,"R103Q,0.235"
X-3093,LYSMD2,256586.0,MutNovel,"P6A,0.500"
X-3093,LYSMD3,116068.0,MutNovel,"E241K,0.562"
X-3093,LYST,1130.0,MutKnownFunctional,"G3218*,0.333"
X-3093,LYST,1130.0,MutNovel,"K2848N,0.778"
X-3093,MACC1,346389.0,MutNovel,"S626P,0.531"
X-3093,MACF1,23499.0,MutNovel,"S3634P,0.301"
X-3093,MAEA,10296.0,MutNovel,"E383K,0.528"
X-3093,MAGI1,9223.0,MutNovel,"R1198C,0.453"
X-3093,MAGI1,9223.0,MutNovel,"T181I,0.512"
X-3093,MANBA,4126.0,MutNovel,"S445Y,0.410"
X-3093,MANBA,4126.0,MutNovel,"T286A,0.224"
X-3093,MAP2K4,6416.0,MutNovel,"R134W,0.638"
X-3093,MAP2K5,5607.0,MutNovel,"S345Y,0.656"
X-3093,MAP3K1,4214.0,MutNovel,"F360S,0.500"
X-3093,MAP3K1,4214.0,MutNovel,"F1462C,0.460"
X-3093,MAP3K4,4216.0,MutNovel,"K960T,0.275"
X-3093,MAP3K4,4216.0,MutNovel,"PA1189P,0.500"
X-3093,MAP3K5,4217.0,MutNovel,"D1009Y,0.611"
X-3093,MAP3K7,6885.0,MutNovel,"V212I,0.444"
X-3093,MAP3K7,6885.0,MutNovel,"H86R,0.252"
X-3093,MAP3K8,1326.0,MutNovel,"R102Q,0.400"
X-3093,MAP3K8,1326.0,MutNovel,"H187R,0.618"
X-3093,MAP3K9,4293.0,MutNovel,"R445C,0.667"
X-3093,MAPK8IP3,23162.0,MutNovel,"K539R,0.213"
X-3093,MAPKBP1,23005.0,MutNovel,"Y104C,0.381"
X-3093,MARS,4141.0,MutNovel,"G56D,0.489"
X-3093,MARS2,92935.0,MutNovel,"A104T,0.417"
X-3093,MARVELD2,153562.0,MutNovel,"R372W,0.473"
X-3093,MAST2,23139.0,MutNovel,"R173H,0.447"
X-3093,MAST4,375449.0,MutNovel,"R917Q,0.455"
X-3093,MAST4,375449.0,MutNovel,"S1292P,0.400"
X-3093,MAST4,375449.0,MutNovel,"S1909N,0.565"
X-3093,MASTL,84930.0,MutNovel,"N531H,0.570"
X-3093,MAT2B,27430.0,MutNovel,"F201L,0.555"
X-3093,MAT2B,27430.0,MutKnownFunctional,"R312*,0.564"
X-3093,MBTPS1,8720.0,MutNovel,"D302N,0.578"
X-3093,MCF2L,23263.0,MutNovel,"I1009S,0.502"
X-3093,MCM3AP,8888.0,MutNovel,"V1000I,0.528"
X-3093,MCM7,4176.0,MutNovel,"T601I,0.489"
X-3093,MCM8,84515.0,MutNovel,"F500C,0.493"
X-3093,MCM8,84515.0,MutNovel,"F817V,0.640"
X-3093,MCM9,254394.0,MutNovel,"L26I,0.250"
X-3093,MCOLN3,55283.0,MutNovel,"E506K,0.324"
X-3093,MDM1,56890.0,MutNovel,"E307K,0.318"
X-3093,MDN1,23195.0,MutKnownFunctional,"E3941*,0.529"
X-3093,MDN1,23195.0,MutNovel,"Y3333C,0.360"
X-3093,MDN1,23195.0,MutNovel,"R3155W,0.500"
X-3093,MDN1,23195.0,MutNovel,"S3113L,0.414"
X-3093,MDN1,23195.0,MutNovel,"F1884L,0.750"
X-3093,ME1,4199.0,MutNovel,"E227K,0.464"
X-3093,MED14,9282.0,MutNovel,"R1218Q,0.938"
X-3093,MED17,9440.0,MutNovel,"F124C,0.565"
X-3093,MED17,9440.0,MutNovel,"P597T,0.476"
X-3093,MED17,9440.0,MutNovel,"R619C,0.482"
X-3093,MED23,9439.0,MutNovel,"M1053V,0.220"
X-3093,MED26,9441.0,MutKnownFunctional,"R227*,0.511"
X-3093,MED28,80306.0,MutNovel,"I87M,0.569"
X-3093,MED4,29079.0,MutNovel,"K88T,0.504"
X-3093,MEGF6,1953.0,MutNovel,"D861N,0.506"
X-3093,MEGF6,1953.0,MutNovel,"E87G,0.636"
X-3093,MEIS2,4212.0,MutNovel,"G281D,0.568"
X-3093,MERTK,10461.0,MutNovel,"R722Q,1.000"
X-3093,MEST,4232.0,MutNovel,"V127M,0.474"
X-3093,METTL10,399818.0,MutNovel,"V183A,0.507"
X-3093,METTL14,57721.0,MutKnownFunctional,"R249*,0.233"
X-3093,METTL21A,151194.0,MutNovel,"R174Q,0.500"
X-3093,METTL3,56339.0,MutNovel,"M157T,0.536"
X-3093,MEX3C,51320.0,MutNovel,"A557V,0.552"
X-3093,MFSD6,54842.0,MutNovel,"Y79C,0.459"
X-3093,MFSD6,54842.0,MutNovel,"R199I,0.224"
X-3093,MFSD6L,162387.0,MutNovel,"S296L,0.318"
X-3093,MFSD8,256471.0,MutNovel,"E381K,0.500"
X-3093,MGA,23269.0,MutNovel,"M1864T,0.759"
X-3093,MGA,23269.0,MutNovel,"R2492W,0.354"
X-3093,MGAT4A,11320.0,MutNovel,"R351Q,0.558"
X-3093,MGAT5,4249.0,MutNovel,"F551C,0.222"
X-3093,MIA3,375056.0,MutNovel,"R1696Q,0.714"
X-3093,MICAL2,9645.0,MutNovel,"S55P,0.562"
X-3093,MICALL1,85377.0,MutNovel,"E144K,0.559"
X-3093,MICALL1,85377.0,MutNovel,"V723A,0.505"
X-3093,MICB,4277.0,MutNovel,"L326I,0.580"
X-3093,MICU1,10367.0,MutNovel,"F369L,0.518"
X-3093,MID2,11043.0,MutNovel,"R136Q,1.000"
X-3093,MINA,84864.0,MutNovel,"R98S,0.541"
X-3093,MIS18BP1,55320.0,MutNovel,"I419T,0.423"
X-3093,MIS18BP1,55320.0,MutNovel,"R132S,0.333"
X-3093,MKI67,4288.0,MutNovel,"A2668T,0.467"
X-3093,MKI67,4288.0,MutNovel,"A1295V,0.518"
X-3093,MKI67,4288.0,MutNovel,"N840S,0.524"
X-3093,MKI67,4288.0,MutNovel,"E275D,0.597"
X-3093,MKLN1,4289.0,MutNovel,"F618V,0.441"
X-3093,MKRN1,23608.0,MutNovel,"R415Q,0.522"
X-3093,MLEC,9761.0,MutNovel,"E112D,0.536"
X-3093,MLF1,4291.0,MutNovel,"N219H,0.574"
X-3093,MLF1IP,79682.0,MutNovel,"N49K,0.483"
X-3093,MLH1,4292.0,MutNovel,"E37D,0.719"
X-3093,MLH1,4292.0,MutNovel,"E172K,0.294"
X-3093,MLH3,27030.0,MutNovel,"N248T,0.345"
X-3093,MLL2,8085.0,MutNovel,"D295G,0.444"
X-3093,MLL2,8085.0,MutNovel,"F89C,0.400"
X-3093,MLL5,55904.0,MutNovel,"D312Y,0.586"
X-3093,MLL5,55904.0,MutNovel,"T1522A,0.277"
X-3093,MLLT3,4300.0,MutNovel,"R518S,0.625"
X-3093,MLLT3,4300.0,MutNovel,"K195E,0.429"
X-3093,MMAA,166785.0,MutNovel,"A357V,0.426"
X-3093,MMADHC,27249.0,MutNovel,"S32L,0.267"
X-3093,MMS19,64210.0,MutNovel,"L811P,0.468"
X-3093,MMS22L,253714.0,MutNovel,"N199S,0.552"
X-3093,MN1,4330.0,MutNovel,"G821D,0.667"
X-3093,MND1,84057.0,MutNovel,"K177Q,0.563"
X-3093,MOB1B,92597.0,MutNovel,"I80S,0.769"
X-3093,MOCOS,55034.0,MutNovel,"R280C,0.667"
X-3093,MOCS1,4337.0,MutNovel,"R222Q,1.000"
X-3093,MON1B,22879.0,MutNovel,"S133L,0.419"
X-3093,MON2,23041.0,MutNovel,"T528S,0.471"
X-3093,MOSPD2,158747.0,MutNovel,"K268T,1.000"
X-3093,MOSPD3,64598.0,MutNovel,"R166K,0.350"
X-3093,MPHOSPH9,10198.0,MutNovel,"P335S,0.440"
X-3093,MPI,4351.0,MutNovel,"D131N,0.406"
X-3093,MPRIP,23164.0,MutNovel,"TS178T,0.534"
X-3093,MPV17L,255027.0,MutNovel,"L116V,0.536"
X-3093,MRC2,9902.0,MutNovel,"E1473G,0.800"
X-3093,MRPL11,65003.0,MutNovel,"S45P,0.485"
X-3093,MRPL44,65080.0,MutKnownFunctional,"E113*,0.352"
X-3093,MRPL49,740.0,MutNovel,"D34E,0.496"
X-3093,MRPL50,54534.0,MutKnownFunctional,"E25*,0.290"
X-3093,MRPS21,54460.0,MutNovel,"F7L,0.991"
X-3093,MSANTD3,,MutNovel,"K240R,0.742"
X-3093,MSANTD4,,MutKnownFunctional,"E23*,0.409"
X-3093,MSH2,4436.0,MutNovel,"K537T,0.480"
X-3093,MSH2,4436.0,MutNovel,"I906L,0.574"
X-3093,MSH2,4436.0,MutNovel,"I926T,0.548"
X-3093,MSH3,4437.0,MutKnownFunctional,"E512*,0.429"
X-3093,MSH3,4437.0,MutNovel,"E854K,0.692"
X-3093,MSH6,2956.0,MutNovel,"R298Q,0.466"
X-3093,MSH6,2956.0,MutNovel,"T305A,0.524"
X-3093,MSL2,55167.0,MutNovel,"R340I,0.217"
X-3093,MSL2,55167.0,MutNovel,"K145T,0.589"
X-3093,MSLN,10232.0,MutNovel,"S238P,0.348"
X-3093,MTERFD3,80298.0,MutNovel,"S312T,0.552"
X-3093,MTF1,4520.0,MutNovel,"P492L,0.633"
X-3093,MTF2,22823.0,MutNovel,"K41R,0.500"
X-3093,MTF2,22823.0,MutKnownFunctional,"E364*,0.272"
X-3093,MTHFD1,4522.0,MutNovel,"L479S,0.282"
X-3093,MTL5,9633.0,MutNovel,"I389F,0.818"
X-3093,MTMR1,8776.0,MutNovel,"Q547P,1.000"
X-3093,MTMR10,54893.0,MutNovel,"V417A,0.216"
X-3093,MTMR11,10903.0,MutNovel,"N477T,0.510"
X-3093,MTMR9,66036.0,MutNovel,"R184H,0.658"
X-3093,MTOR,2475.0,MutNovel,"S1641F,0.311"
X-3093,MTRR,4552.0,MutNovel,"R426C,0.443"
X-3093,MTSS1,9788.0,MutNovel,"E215D,0.426"
X-3093,MUC12,10071.0,MutNovel,"R855H,1.000"
X-3093,MUC12,10071.0,MutNovel,"S914P,0.778"
X-3093,MUC12,10071.0,MutNovel,"H1064P,0.865"
X-3093,MUC12,10071.0,MutNovel,"T1066K,0.870"
X-3093,MUC12,10071.0,MutNovel,"R1165P,1.000"
X-3093,MUC12,10071.0,MutNovel,"A1235T,0.956"
X-3093,MUC12,10071.0,MutNovel,"K1254T,1.000"
X-3093,MUC12,10071.0,MutNovel,"D1348G,0.968"
X-3093,MUC12,10071.0,MutNovel,"L1735F,0.965"
X-3093,MUC12,10071.0,MutNovel,"S1741L,0.961"
X-3093,MUC12,10071.0,MutNovel,"E1768G,0.239"
X-3093,MUC12,10071.0,MutNovel,"T1770M,0.242"
X-3093,MUC12,10071.0,MutNovel,"T1832I,0.625"
X-3093,MUC12,10071.0,MutNovel,"D1839E,0.625"
X-3093,MUC12,10071.0,MutNovel,"T1899M,0.293"
X-3093,MUC12,10071.0,MutNovel,"T2053H,0.222"
X-3093,MUC12,10071.0,MutNovel,"T2103A,0.556"
X-3093,MUC12,10071.0,MutNovel,"G2173A,0.600"
X-3093,MUC12,10071.0,MutNovel,"R2216H,0.316"
X-3093,MUC12,10071.0,MutNovel,"A2318T,0.290"
X-3093,MUC12,10071.0,MutNovel,"T2995I,0.243"
X-3093,MUC12,10071.0,MutNovel,"S3413N,0.304"
X-3093,MUC12,10071.0,MutNovel,"T3456M,0.300"
X-3093,MUC12,10071.0,MutNovel,"R3773H,0.429"
X-3093,MUC12,10071.0,MutNovel,"T4071A,1.000"
X-3093,MUC12,10071.0,MutNovel,"T4363I,0.482"
X-3093,MUC12,10071.0,MutNovel,"T4472I,0.274"
X-3093,MUC12,10071.0,MutNovel,"D4479E,0.293"
X-3093,MUC12,10071.0,MutKnownFunctional,"E4517*,0.312"
X-3093,MUC12,10071.0,MutNovel,"T4556I,0.333"
X-3093,MUC12,10071.0,MutNovel,"L4568F,0.958"
X-3093,MUC13,56667.0,MutNovel,"D510G,0.487"
X-3093,MUC2,4583.0,MutNovel,"T1625S,0.281"
X-3093,MUC4,4585.0,MutNovel,"E5095D,0.735"
X-3093,MUC4,4585.0,MutNovel,"S4088P,0.997"
X-3093,MUC4,4585.0,MutNovel,"L4065I,0.979"
X-3093,MUC4,4585.0,MutNovel,"DT3989EP,0.600"
X-3093,MUC4,4585.0,MutNovel,"D3989S,1.000"
X-3093,MUC4,4585.0,MutNovel,"P3826L,0.870"
X-3093,MUC4,4585.0,MutNovel,"Q3629H,0.250"
X-3093,MUC4,4585.0,MutNovel,"P3362S,1.000"
X-3093,MUC4,4585.0,MutNovel,"L3314H,0.971"
X-3093,MUC4,4585.0,MutNovel,"V3251I,0.923"
X-3093,MUC4,4585.0,MutNovel,"T3183M,0.969"
X-3093,MUC4,4585.0,MutNovel,"S2864P,1.000"
X-3093,MUC4,4585.0,MutNovel,"S2810F,1.000"
X-3093,MUC4,4585.0,MutNovel,"N2773S,0.333"
X-3093,MUC4,4585.0,MutNovel,"A2574T,0.237"
X-3093,MUC4,4585.0,MutNovel,"S2544P,0.230"
X-3093,MUC4,4585.0,MutNovel,"A2390T,0.214"
X-3093,MUC4,4585.0,MutNovel,"SS2373RP,1.000"
X-3093,MUC4,4585.0,MutNovel,"Q2237H,0.667"
X-3093,MUC4,4585.0,MutNovel,"L2226P,0.500"
X-3093,MUC4,4585.0,MutNovel,"A2222T,0.579"
X-3093,MUC4,4585.0,MutNovel,"A1657V,0.571"
X-3093,MUC4,4585.0,MutNovel,"T1142S,0.667"
X-3093,MUC4,4585.0,MutNovel,"E1033A,0.231"
X-3093,MUC5AC,,MutNovel,"V728M,1.000"
X-3093,MUC6,4588.0,MutNovel,"A1492D,1.000"
X-3093,MUT,4594.0,MutNovel,"V750A,0.533"
X-3093,MUT,4594.0,MutNovel,"K171N,0.439"
X-3093,MVD,4597.0,MutNovel,"D269N,0.500"
X-3093,MVP,9961.0,MutNovel,"T719A,0.259"
X-3093,MYBL1,4603.0,MutNovel,"H217R,0.444"
X-3093,MYH10,4628.0,MutNovel,"R1696C,0.694"
X-3093,MYH14,79784.0,MutNovel,"R1749W,0.501"
X-3093,MYH15,22989.0,MutNovel,"Y1890C,0.500"
X-3093,MYLK,4638.0,MutNovel,"D1877N,0.273"
X-3093,MYO10,4651.0,MutNovel,"F341C,0.521"
X-3093,MYO1D,4642.0,MutNovel,"K522T,0.698"
X-3093,MYO6,4646.0,MutNovel,"K232T,0.467"
X-3093,MYO6,4646.0,MutNovel,"K963T,0.593"
X-3093,MYO7B,4648.0,MutNovel,"S2L,0.388"
X-3093,MYO7B,4648.0,MutNovel,"G21I,0.386"
X-3093,MYO7B,4648.0,MutNovel,"T167A,0.494"
X-3093,MYO7B,4648.0,MutNovel,"A417T,0.520"
X-3093,MYO7B,4648.0,MutNovel,"N710D,0.516"
X-3093,MYO7B,4648.0,MutNovel,"R1729W,0.432"
X-3093,MYO9A,4649.0,MutNovel,"S1866N,0.400"
X-3093,MYOM1,8736.0,MutNovel,"F1318Y,0.833"
X-3093,MYOM1,8736.0,MutNovel,"R18H,1.000"
X-3093,MYSM1,114803.0,MutNovel,"N460S,0.574"
X-3093,N4BP2L2,10443.0,MutNovel,"D92G,0.490"
X-3093,NAA16,79612.0,MutNovel,"K613Q,0.486"
X-3093,NAA25,80018.0,MutKnownFunctional,"E922*,0.434"
X-3093,NAA25,80018.0,MutNovel,"K258N,0.525"
X-3093,NAA30,122830.0,MutNovel,"T115I,0.378"
X-3093,NABP2,,MutNovel,"A44V,0.549"
X-3093,NADKD1,133686.0,MutNovel,"E204D,0.514"
X-3093,NAF1,92345.0,MutNovel,"N463S,0.364"
X-3093,NAMPT,10135.0,MutNovel,"L152I,0.590"
X-3093,NANS,54187.0,MutNovel,"A227T,0.700"
X-3093,NANS,54187.0,MutNovel,"R267C,0.675"
X-3093,NAP1L1,4673.0,MutNovel,"F95L,0.457"
X-3093,NAPEPLD,222236.0,MutNovel,"F165C,0.485"
X-3093,NARS2,79731.0,MutNovel,"F210V,0.522"
X-3093,NASP,4678.0,MutNovel,"E365D,0.500"
X-3093,NAT10,55226.0,MutNovel,"S957N,0.534"
X-3093,NAV2,89797.0,MutNovel,"S437T,0.800"
X-3093,NBAS,51594.0,MutNovel,"R868Q,0.609"
X-3093,NBEAL2,23218.0,MutNovel,"R234W,0.477"
X-3093,NBPF12,,MutNovel,"S1992L,0.286"
X-3093,NBR1,4077.0,MutNovel,"R228C,0.367"
X-3093,NCAPD2,9918.0,MutNovel,"K962N,0.427"
X-3093,NCAPD3,23310.0,MutNovel,"C1059R,0.500"
X-3093,NCAPG,64151.0,MutNovel,"K235R,0.403"
X-3093,NCAPG2,54892.0,MutNovel,"S923L,0.335"
X-3093,NCAPH,23397.0,MutNovel,"A679T,0.439"
X-3093,NCAPH2,29781.0,MutNovel,"F439C,0.466"
X-3093,NCK1,4690.0,MutNovel,"V6A,0.552"
X-3093,NCK2,8440.0,MutNovel,"D96N,0.544"
X-3093,NCKAP1,10787.0,MutNovel,"R155Q,0.525"
X-3093,NCKAP1,10787.0,MutNovel,"K137N,0.470"
X-3093,NCOA1,8648.0,MutNovel,"T319V,0.429"
X-3093,NCOA1,8648.0,MutNovel,"T704A,0.255"
X-3093,NCOA3,8202.0,MutNovel,"Q1255-,0.350"
X-3093,NCOA5,57727.0,MutNovel,"F145C,0.270"
X-3093,NCOA5,57727.0,MutNovel,"R91P,0.505"
X-3093,NCOA6,23054.0,MutNovel,"L1479V,0.577"
X-3093,NCOA6,23054.0,MutNovel,"G133D,0.239"
X-3093,NCOR2,9612.0,MutNovel,"G1839GAAA,0.333"
X-3093,NCOR2,9612.0,MutNovel,"D180N,0.510"
X-3093,NCRNA00185,55410.0,Del0.8,0.27
X-3093,NDEL1,81565.0,MutNovel,"D123N,0.302"
X-3093,NDEL1,81565.0,MutNovel,"R175S,0.348"
X-3093,NDRG1,10397.0,MutNovel,"A143T,0.541"
X-3093,NDST2,8509.0,MutNovel,"R82Q,0.494"
X-3093,NDUFA10,4705.0,MutNovel,"Y339H,0.503"
X-3093,NDUFA3,4696.0,MutNovel,"V57A,0.283"
X-3093,NDUFAF2,91942.0,MutNovel,"F105V,0.512"
X-3093,NDUFB11,54539.0,MutNovel,"D72G,0.999"
X-3093,NDUFV2,4729.0,MutNovel,"M121L,0.508"
X-3093,NECAP2,55707.0,MutNovel,"D111G,0.482"
X-3093,NEDD4,4734.0,MutNovel,"I907M,0.312"
X-3093,NEIL1,79661.0,MutNovel,"K443Q,0.442"
X-3093,NEK1,4750.0,MutNovel,"I215V,0.417"
X-3093,NEK3,4752.0,MutNovel,"A399T,0.551"
X-3093,NEMF,9147.0,MutNovel,"E272D,0.512"
X-3093,NEO1,4756.0,MutNovel,"R1074Q,0.421"
X-3093,NET1,10276.0,MutNovel,"L304I,0.503"
X-3093,NEURL4,84461.0,MutNovel,"V204M,0.638"
X-3093,NF1,4763.0,MutNovel,"R512S,0.269"
X-3093,NF1,4763.0,MutNovel,"E1436K,0.815"
X-3093,NF1,4763.0,MutKnownFunctional,"Y1634*,0.310"
X-3093,NF1,4763.0,MutKnownFunctional,"-1958?,0.308"
X-3093,NF2,4771.0,MutNovel,"R291C,0.552"
X-3093,NFAT5,10725.0,MutNovel,"Q1038R,0.281"
X-3093,NFATC3,4775.0,MutKnownFunctional,"E123*,0.324"
X-3093,NFATC4,4776.0,MutNovel,"D792G,0.833"
X-3093,NFIA,4774.0,MutNovel,"S484P,0.608"
X-3093,NFKB1,4790.0,MutNovel,"D321Y,0.429"
X-3093,NFKBIZ,64332.0,MutNovel,"R630C,0.277"
X-3093,NFX1,4799.0,MutNovel,"C315R,0.308"
X-3093,NHSL1,57224.0,MutNovel,"A403V,0.474"
X-3093,NIPAL2,79815.0,MutNovel,"R202K,0.622"
X-3093,NIPBL,25836.0,MutKnownFunctional,"R1789*,0.346"
X-3093,NIPBL,25836.0,MutNovel,"M1892T,0.805"
X-3093,NIPSNAP3A,25934.0,MutNovel,"V223A,0.786"
X-3093,NKIRAS1,28512.0,MutKnownFunctional,"E103*,0.550"
X-3093,NKTR,4820.0,MutNovel,"T834A,0.484"
X-3093,NKX2-8,26257.0,MutNovel,"S76F,1.000"
X-3093,NLGN2,57555.0,MutKnownFunctional,"E372*,0.294"
X-3093,NLGN4Y,22829.0,Del0.8,0.27
X-3093,NLRC4,58484.0,MutNovel,"K377N,0.500"
X-3093,NNT,23530.0,MutNovel,"K957Q,0.579"
X-3093,NOC3L,64318.0,MutNovel,"K283T,0.405"
X-3093,NOC4L,79050.0,MutNovel,"R402W,0.420"
X-3093,NOL8,55035.0,MutNovel,"E1023D,0.310"
X-3093,NOMO1,23420.0,MutNovel,"A757V,0.465"
X-3093,NONO,4841.0,MutNovel,"E102K,0.993"
X-3093,NOP56,10528.0,MutNovel,"K202T,0.511"
X-3093,NOP58,51602.0,MutNovel,"T397P,0.455"
X-3093,NOTCH3,4854.0,MutNovel,"K1684T,0.750"
X-3093,NOX1,27035.0,MutNovel,"E370K,0.987"
X-3093,NPAS2,4862.0,MutNovel,"K189T,0.452"
X-3093,NPAT,4863.0,MutNovel,"S1422L,0.476"
X-3093,NPC1,4864.0,MutNovel,"N106S,0.469"
X-3093,NPEPPS,9520.0,MutNovel,"S609Y,0.698"
X-3093,NPHP4,261734.0,MutNovel,"H1313Q,0.480"
X-3093,NPHP4,261734.0,MutNovel,"A983T,0.478"
X-3093,NPIPL2,,MutNovel,"K122T,1.000"
X-3093,NPTN,27020.0,MutNovel,"E215K,0.456"
X-3093,NR0B2,8431.0,MutNovel,"R86W,0.682"
X-3093,NR1D1,9572.0,MutNovel,"Q104H,0.393"
X-3093,NR1H2,7376.0,MutNovel,"R318H,0.591"
X-3093,NR1H2,7376.0,MutNovel,"H459R,0.446"
X-3093,NR2C2,7182.0,MutNovel,"D275G,0.422"
X-3093,NRD1,4898.0,MutNovel,"A1142T,0.444"
X-3093,NRD1,4898.0,MutNovel,"M861I,0.502"
X-3093,NRD1,4898.0,MutNovel,"F834V,0.492"
X-3093,NRIP1,8204.0,MutNovel,"Y911S,0.467"
X-3093,NRIP1,8204.0,MutNovel,"A686T,0.543"
X-3093,NRIP1,8204.0,MutNovel,"K685Q,0.449"
X-3093,NRIP1,8204.0,MutNovel,"R368I,0.464"
X-3093,NSD1,64324.0,MutNovel,"S758P,0.258"
X-3093,NSFL1C,55968.0,MutNovel,"R303W,0.511"
X-3093,NSMAF,8439.0,MutNovel,"Q940H,0.525"
X-3093,NSMCE1,197370.0,MutNovel,"E165K,0.527"
X-3093,NSMCE1,197370.0,MutNovel,"R81K,0.474"
X-3093,NSRP1,84081.0,MutNovel,"S310T,0.336"
X-3093,NSUN2,54888.0,MutNovel,"N635H,0.617"
X-3093,NSUN2,54888.0,MutNovel,"K190N,0.271"
X-3093,NSUN4,387338.0,MutNovel,"N47H,0.204"
X-3093,NSUN6,221078.0,MutNovel,"M329T,0.415"
X-3093,NSUN6,221078.0,MutKnownFunctional,"E183*,0.455"
X-3093,NT5E,4907.0,MutNovel,"T376G,0.692"
X-3093,NUDCD2,134492.0,MutNovel,"G46S,0.639"
X-3093,NUDT9,53343.0,MutNovel,"D342A,0.330"
X-3093,NUFIP2,57532.0,MutNovel,"E105D,0.322"
X-3093,NUMA1,4926.0,MutNovel,"R1382C,0.496"
X-3093,NUMA1,4926.0,MutNovel,"I1077T,0.525"
X-3093,NUMA1,4926.0,MutNovel,"E920D,0.530"
X-3093,NUMA1,4926.0,MutNovel,"N429T,0.509"
X-3093,NUP155,9631.0,MutNovel,"R1310W,0.370"
X-3093,NUP205,23165.0,MutNovel,"L1904I,0.491"
X-3093,NUP210,23225.0,MutNovel,"S1585N,0.478"
X-3093,NUP35,129401.0,MutNovel,"D172N,0.325"
X-3093,NUP54,53371.0,MutNovel,"S355P,0.553"
X-3093,NUP62,23636.0,MutNovel,"D441V,0.366"
X-3093,NVL,4931.0,MutNovel,"D112N,0.494"
X-3093,NVL,4931.0,MutNovel,"R52I,0.446"
X-3093,NXN,64359.0,MutNovel,"V198A,0.444"
X-3093,NYNRIN,57523.0,MutNovel,"R260I,0.800"
X-3093,OBSCN,84033.0,MutNovel,"W7773R,0.440"
X-3093,ODF2,4957.0,MutNovel,"A499T,0.625"
X-3093,ODF3L1,161753.0,MutNovel,"A157T,0.478"
X-3093,ODZ3,55714.0,MutNovel,"S2494L,0.667"
X-3093,OFD1,8481.0,MutNovel,"Q333H,0.277"
X-3093,OFD1,8481.0,MutNovel,"E747K,0.344"
X-3093,OGFOD1,55239.0,MutNovel,"L200R,0.560"
X-3093,OGFOD2,79676.0,MutNovel,"E180K,0.477"
X-3093,OGFRL1,79627.0,MutNovel,"H153R,0.397"
X-3093,OMA1,115209.0,MutNovel,"Q419H,0.529"
X-3093,OMA1,115209.0,MutNovel,"R26I,0.541"
X-3093,OPLAH,26873.0,MutNovel,"R641H,0.474"
X-3093,ORAI1,84876.0,MutNovel,"PP43-,0.833"
X-3093,ORAOV1,220064.0,MutNovel,"G50R,0.402"
X-3093,ORC1,4998.0,MutNovel,"T574M,0.424"
X-3093,ORC4,5000.0,MutNovel,"P387S,0.238"
X-3093,OSBP2,23762.0,MutNovel,"E605K,0.500"
X-3093,OSBPL10,114884.0,MutNovel,"R710W,0.538"
X-3093,OSBPL1A,114876.0,MutNovel,"D913G,0.284"
X-3093,OSBPL3,26031.0,MutNovel,"D218N,0.579"
X-3093,OSBPL5,114879.0,MutNovel,"F437V,0.590"
X-3093,OSBPL5,114879.0,MutNovel,"L250R,0.495"
X-3093,OSBPL6,114880.0,MutNovel,"E682A,0.750"
X-3093,OSGIN2,734.0,MutKnownFunctional,"R516*,0.579"
X-3093,OTUD3,23252.0,MutNovel,"R90Q,0.500"
X-3093,OTUD7B,56957.0,MutNovel,"R94H,0.471"
X-3093,OXCT1,5019.0,MutNovel,"V437A,0.216"
X-3093,OXCT2,64064.0,MutNovel,"E246K,0.667"
X-3093,OXR1,55074.0,MutNovel,"T683A,0.516"
X-3093,OXSM,54995.0,MutNovel,"F167L,0.524"
X-3093,OXSR1,9943.0,MutNovel,"K258N,0.520"
X-3093,OXSR1,9943.0,MutNovel,"K416Q,0.516"
X-3093,P4HB,5034.0,MutNovel,"D499N,0.303"
X-3093,PABPC3,5042.0,MutKnownFunctional,"-226,1.000"
X-3093,PACS1,55690.0,MutNovel,"F334S,0.540"
X-3093,PAK1,5058.0,MutNovel,"K67N,0.522"
X-3093,PAK6,56924.0,MutNovel,"P273L,0.419"
X-3093,PAM,5066.0,MutNovel,"K225N,0.222"
X-3093,PAN3,255967.0,MutNovel,"T178P,0.478"
X-3093,PAN3,255967.0,MutNovel,"R251Q,0.306"
X-3093,PANX1,24145.0,MutNovel,"D405A,0.261"
X-3093,PAPD5,64282.0,MutNovel,"V370A,0.254"
X-3093,PAPOLA,10914.0,MutNovel,"E141D,0.216"
X-3093,PAPSS1,9061.0,MutNovel,"D189N,0.404"
X-3093,PARN,5073.0,MutNovel,"N395T,0.373"
X-3093,PARP12,64761.0,MutNovel,"E390G,0.529"
X-3093,PARP12,64761.0,MutNovel,"R300Q,0.493"
X-3093,PARP12,64761.0,MutNovel,"K161R,0.543"
X-3093,PARP14,54625.0,MutNovel,"K828T,0.516"
X-3093,PARP14,54625.0,MutNovel,"I1756L,0.531"
X-3093,PARP4,143.0,MutNovel,"L301I,0.237"
X-3093,PARP9,83666.0,MutNovel,"F427V,0.482"
X-3093,PAX6,5080.0,MutNovel,"R245I,0.256"
X-3093,PAXIP1,22976.0,MutNovel,"A801V,0.446"
X-3093,PAXIP1,22976.0,MutNovel,"V387A,0.539"
X-3093,PBRM1,55193.0,MutKnownFunctional,"R1160*,0.203"
X-3093,PBRM1,55193.0,MutNovel,"L887I,0.500"
X-3093,PCBD1,5092.0,MutNovel,"F95L,0.251"
X-3093,PCCB,5096.0,MutNovel,"D83G,0.210"
X-3093,PCDH1,5097.0,MutNovel,"R789H,0.543"
X-3093,PCDH11Y,83259.0,Del0.8,0.32
X-3093,PCF11,51585.0,MutNovel,"R505Q,0.542"
X-3093,PCGF5,84333.0,MutNovel,"R223W,0.518"
X-3093,PCID2,55795.0,MutNovel,"D410A,0.432"
X-3093,PCNA,5111.0,MutNovel,"L16S,0.230"
X-3093,PCNT,5116.0,MutNovel,"V50A,0.400"
X-3093,PCNT,5116.0,MutNovel,"L731P,0.596"
X-3093,PCNT,5116.0,MutNovel,"R1163H,0.600"
X-3093,PCNXL2,80003.0,MutNovel,"G1230V,0.510"
X-3093,PCNXL2,80003.0,MutNovel,"V271I,0.545"
X-3093,PCNXL4,,MutNovel,"Y745H,0.525"
X-3093,PCSK5,5125.0,MutNovel,"N1088S,0.273"
X-3093,PCSK9,255738.0,MutNovel,"R680Q,0.461"
X-3093,PDCD6IP,10015.0,MutNovel,"R295H,0.512"
X-3093,PDE10A,10846.0,MutKnownFunctional,"R767*,0.938"
X-3093,PDE4DIP,9659.0,MutNovel,"R901Q,0.613"
X-3093,PDE7A,5150.0,MutNovel,"F384L,0.547"
X-3093,PDE8A,5151.0,MutNovel,"N277K,0.268"
X-3093,PDE9A,5152.0,MutNovel,"E483D,0.585"
X-3093,PDGFB,5155.0,MutNovel,"G221D,0.470"
X-3093,PDHB,5162.0,MutNovel,"K76N,0.510"
X-3093,PDLIM2,64236.0,MutNovel,"G574R,0.483"
X-3093,PDLIM5,10611.0,MutNovel,"V594A,0.438"
X-3093,PDP2,57546.0,MutNovel,"F73L,0.400"
X-3093,PDS5A,23244.0,MutNovel,"A470V,0.249"
X-3093,PDS5B,23047.0,MutNovel,"T1307A,0.495"
X-3093,PDZD8,118987.0,MutNovel,"G1149D,0.371"
X-3093,PEAK1,79834.0,MutNovel,"F1556L,0.429"
X-3093,PELI2,57161.0,MutNovel,"L25F,1.000"
X-3093,PEPD,5184.0,MutNovel,"F75S,0.500"
X-3093,PEX1,5189.0,MutNovel,"R135Q,0.588"
X-3093,PEX2,5828.0,MutNovel,"L196I,0.426"
X-3093,PEX5,5830.0,MutNovel,"K219T,0.412"
X-3093,PFKFB4,5210.0,MutNovel,"V388G,0.250"
X-3093,PFKM,5213.0,MutNovel,"D724N,0.488"
X-3093,PGBD1,84547.0,MutNovel,"G35D,0.364"
X-3093,PGBD2,267002.0,MutNovel,"D48N,0.409"
X-3093,PGBD3,267004.0,MutNovel,"K109N,0.556"
X-3093,PGF,5228.0,MutNovel,"R49C,0.667"
X-3093,PGGT1B,5229.0,MutNovel,"Y288C,0.556"
X-3093,PHACTR2,9749.0,MutNovel,"R601C,0.571"
X-3093,PHACTR3,116154.0,MutNovel,"D494N,0.300"
X-3093,PHACTR4,65979.0,MutNovel,"D460G,0.440"
X-3093,PHB2,11331.0,MutNovel,"R252C,0.535"
X-3093,PHC3,80012.0,MutNovel,"S733N,0.279"
X-3093,PHF1,5252.0,MutNovel,"S20F,0.630"
X-3093,PHF10,55274.0,MutKnownFunctional,"E447*,0.350"
X-3093,PHF14,9678.0,MutNovel,"G245R,0.463"
X-3093,PHF2,5253.0,MutNovel,"R749C,0.710"
X-3093,PHF20L1,51105.0,MutNovel,"R612Q,0.515"
X-3093,PHF21A,51317.0,MutNovel,"S475F,0.417"
X-3093,PHF3,23469.0,MutNovel,"K160T,0.553"
X-3093,PHF3,23469.0,MutNovel,"D232N,0.400"
X-3093,PHF3,23469.0,MutNovel,"R530Q,0.500"
X-3093,PHF3,23469.0,MutNovel,"D740A,0.470"
X-3093,PHF3,23469.0,MutNovel,"K889N,0.459"
X-3093,PHF3,23469.0,MutNovel,"K1260T,0.568"
X-3093,PHLDA1,22822.0,MutNovel,"QQ194Q,0.571"
X-3093,PHLDB1,23187.0,MutNovel,"S988A,0.558"
X-3093,PHLDB2,90102.0,MutNovel,"E802D,0.409"
X-3093,PHLPP1,23239.0,MutNovel,"A1539T,0.514"
X-3093,PHRF1,57661.0,MutNovel,"N451H,0.565"
X-3093,PI4K2A,55361.0,MutNovel,"R424W,0.384"
X-3093,PI4KA,5297.0,MutNovel,"K1008T,0.648"
X-3093,PIAS1,8554.0,MutNovel,"L337F,0.500"
X-3093,PIAS1,8554.0,MutNovel,"S609R,0.522"
X-3093,PIAS2,9063.0,MutNovel,"K149Q,0.531"
X-3093,PIBF1,10464.0,MutNovel,"I131M,0.275"
X-3093,PIBF1,10464.0,MutNovel,"A209S,0.517"
X-3093,PIF1,80119.0,MutNovel,"G97R,0.263"
X-3093,PIGB,9488.0,MutNovel,"R532Q,0.227"
X-3093,PIGH,5283.0,MutNovel,"V119I,0.591"
X-3093,PIGQ,9091.0,MutNovel,"A393T,0.404"
X-3093,PIGQ,9091.0,MutNovel,"G560E,0.506"
X-3093,PIK3C2A,5286.0,MutNovel,"R401H,0.424"
X-3093,PIK3C2B,5287.0,MutNovel,"H1211R,0.500"
X-3093,PIK3CA,5290.0,MutLikelyFunctional,"R88Q,0.514"
X-3093,PIK3CA,5290.0,MutNovel,"T1025A,0.500"
X-3093,PIK3R3,8503.0,MutNovel,"I27L,0.543"
X-3093,PIN4,5303.0,MutNovel,"F145C,0.367"
X-3093,PINX1,54984.0,MutNovel,"H125R,0.640"
X-3093,PION,54103.0,MutNovel,"E174D,0.462"
X-3093,PIP4K2C,79837.0,MutNovel,"R140C,0.224"
X-3093,PIP5K1B,8395.0,MutNovel,"E340K,0.390"
X-3093,PITPNA,5306.0,MutNovel,"N176D,0.373"
X-3093,PITPNM2,57605.0,MutNovel,"S310L,0.348"
X-3093,PITPNM3,83394.0,MutNovel,"P227L,0.517"
X-3093,PITRM1,10531.0,MutNovel,"C693Y,0.454"
X-3093,PITRM1,10531.0,MutNovel,"Q325H,0.373"
X-3093,PIWIL1,9271.0,MutNovel,"F342L,1.000"
X-3093,PKD2,5311.0,MutNovel,"F666L,0.423"
X-3093,PKDCC,91461.0,MutNovel,"I412V,0.647"
X-3093,PKDREJ,10343.0,MutNovel,"F2219L,0.750"
X-3093,PLA2G2F,64600.0,MutNovel,"N136S,1.000"
X-3093,PLA2G4A,5321.0,MutNovel,"R725C,0.923"
X-3093,PLAA,9373.0,MutNovel,"N232H,0.746"
X-3093,PLAC8,51316.0,MutNovel,"R77Q,0.498"
X-3093,PLAUR,5329.0,MutNovel,"E116K,0.482"
X-3093,PLCB3,5331.0,MutNovel,"F152S,0.463"
X-3093,PLCB3,5331.0,MutNovel,"R874W,0.496"
X-3093,PLCB4,5332.0,MutNovel,"F305V,0.586"
X-3093,PLCE1,51196.0,MutNovel,"T614M,0.467"
X-3093,PLCG1,5335.0,MutNovel,"R286Q,0.435"
X-3093,PLCH1,23007.0,MutNovel,"Y317H,0.500"
X-3093,PLCH2,9651.0,MutNovel,"A1020V,0.231"
X-3093,PLD1,5337.0,MutNovel,"R229I,0.548"
X-3093,PLD2,5338.0,MutNovel,"E73K,0.558"
X-3093,PLEKHA2,59339.0,MutNovel,"D100Y,0.433"
X-3093,PLEKHA2,59339.0,MutNovel,"T271P,0.411"
X-3093,PLEKHA3,65977.0,MutNovel,"N143D,0.516"
X-3093,PLEKHA5,54477.0,MutNovel,"N298S,0.313"
X-3093,PLEKHA7,144100.0,MutNovel,"K183N,0.487"
X-3093,PLEKHB2,55041.0,MutNovel,"N22T,0.499"
X-3093,PLEKHG3,26030.0,MutNovel,"S536R,0.450"
X-3093,PLEKHG6,55200.0,MutNovel,"L208P,0.511"
X-3093,PLEKHH1,57475.0,MutNovel,"T851A,0.448"
X-3093,PLEKHN1,84069.0,MutNovel,"L356S,0.500"
X-3093,PLEKHS1,,MutNovel,"R128C,0.422"
X-3093,PLK1,5347.0,MutNovel,"D333G,0.348"
X-3093,PLK1,5347.0,MutNovel,"A495V,0.595"
X-3093,PLK1S1,55857.0,MutNovel,"K58Q,0.496"
X-3093,PLK2,10769.0,MutKnownFunctional,"R183*,0.425"
X-3093,PLK4,10733.0,MutNovel,"I590S,0.512"
X-3093,PLOD2,5352.0,MutNovel,"N334T,0.329"
X-3093,PLXNA2,5362.0,MutNovel,"Y1621S,0.461"
X-3093,PMEL,6490.0,MutKnownFunctional,"E597*,0.226"
X-3093,PMPCB,9512.0,MutNovel,"R285C,0.487"
X-3093,PMS1,5378.0,MutNovel,"K164Q,0.265"
X-3093,PMS2,5395.0,MutNovel,"S326A,0.490"
X-3093,PNCK,139728.0,MutNovel,"D360N,0.240"
X-3093,PNMA1,9240.0,MutNovel,"A75T,0.430"
X-3093,PNPT1,87178.0,MutNovel,"L353V,0.718"
X-3093,POF1B,79983.0,MutNovel,"K138R,0.314"
X-3093,POGZ,23126.0,MutKnownFunctional,"R1008*,0.523"
X-3093,POLD3,10714.0,MutNovel,"R49Q,0.476"
X-3093,POLD4,57804.0,MutNovel,"E31A,0.554"
X-3093,POLDIP2,26073.0,MutNovel,"V268I,0.663"
X-3093,POLE,5426.0,MutLikelyFunctional,"V411L,0.460"
X-3093,POLH,5429.0,MutKnownFunctional,"R167*,0.250"
X-3093,POLK,51426.0,MutNovel,"K35N,0.452"
X-3093,POLK,51426.0,MutNovel,"H563R,0.403"
X-3093,POLQ,10721.0,MutKnownFunctional,"-2014,0.273"
X-3093,POLQ,10721.0,MutNovel,"A442T,0.750"
X-3093,POLR1D,51082.0,MutNovel,"K44N,0.509"
X-3093,POLR2B,5431.0,MutNovel,"D681Y,0.473"
X-3093,POLR2B,5431.0,MutNovel,"I703T,0.469"
X-3093,POLR2D,5433.0,MutNovel,"E54K,0.379"
X-3093,POLR2F,5435.0,MutNovel,"D23G,0.507"
X-3093,POLR3B,55703.0,MutNovel,"Y334C,0.569"
X-3093,POLR3B,55703.0,MutNovel,"D353N,0.286"
X-3093,POLR3D,661.0,MutNovel,"E149K,0.422"
X-3093,POLR3F,10621.0,MutNovel,"S141P,0.612"
X-3093,POM121C,100101267.0,MutNovel,"A216V,0.506"
X-3093,POM121C,100101267.0,MutNovel,"E24G,0.515"
X-3093,POMT2,29954.0,MutNovel,"R475C,0.581"
X-3093,POP1,10940.0,MutNovel,"K12T,0.588"
X-3093,POT1,25913.0,MutNovel,"R361H,0.462"
X-3093,PPAN-P2RY11,692312.0,MutNovel,"S471F,0.320"
X-3093,PPAP2A,8611.0,MutNovel,"G215D,0.510"
X-3093,PPARA,5465.0,MutNovel,"R271C,0.417"
X-3093,PPFIA1,8500.0,MutNovel,"V308A,0.592"
X-3093,PPFIA1,8500.0,MutNovel,"K860N,0.408"
X-3093,PPIE,10450.0,MutNovel,"H206R,0.420"
X-3093,PPIG,9360.0,MutNovel,"R41C,0.518"
X-3093,PPIH,10465.0,MutNovel,"V157G,0.479"
X-3093,PPIL4,85313.0,MutNovel,"N27D,0.523"
X-3093,PPIP5K2,23262.0,MutNovel,"E41G,0.234"
X-3093,PPIP5K2,23262.0,MutNovel,"R818C,0.396"
X-3093,PPL,5493.0,MutNovel,"D517G,0.527"
X-3093,PPM1B,5495.0,MutKnownFunctional,"E375*,0.448"
X-3093,PPM1D,8493.0,MutNovel,"E229K,0.507"
X-3093,PPM1D,8493.0,MutNovel,"R361C,0.337"
X-3093,PPM1L,151742.0,MutNovel,"R315Q,0.595"
X-3093,PPP1R10,5514.0,MutNovel,"D608N,0.379"
X-3093,PPP1R12B,4660.0,MutNovel,"V150A,0.500"
X-3093,PPP1R12B,4660.0,MutKnownFunctional,"E515*,0.474"
X-3093,PPP1R15B,84919.0,MutNovel,"Y195H,0.512"
X-3093,PPP1R18,,MutNovel,"P196S,0.563"
X-3093,PPP2R5A,5525.0,MutNovel,"Y373H,0.447"
X-3093,PPP2R5B,5526.0,MutNovel,"R40W,0.694"
X-3093,PPP2R5D,5528.0,MutNovel,"K332E,0.264"
X-3093,PPP4C,5531.0,MutNovel,"F283L,0.227"
X-3093,PPP4R1,9989.0,MutNovel,"F237V,0.619"
X-3093,PPP6C,5537.0,MutNovel,"V310I,0.350"
X-3093,PPP6C,5537.0,MutNovel,"R301C,0.355"
X-3093,PQLC3,130814.0,MutNovel,"I97V,0.254"
X-3093,PRCC,5546.0,MutNovel,"A59S,0.529"
X-3093,PRDM11,56981.0,MutNovel,"R506H,1.000"
X-3093,PRDX1,5052.0,MutNovel,"E55G,0.327"
X-3093,PREPL,9581.0,MutNovel,"I639M,0.455"
X-3093,PREX1,57580.0,MutNovel,"E453G,0.500"
X-3093,PREX1,57580.0,MutNovel,"K280N,1.000"
X-3093,PRIM1,5557.0,MutNovel,"H252N,0.511"
X-3093,PRKCI,5584.0,MutKnownFunctional,"R346*,0.346"
X-3093,PRKD2,25865.0,MutNovel,"E555K,0.539"
X-3093,PRKDC,5591.0,MutNovel,"K2006T,0.283"
X-3093,PRKDC,5591.0,MutKnownFunctional,"E84*,0.300"
X-3093,PRKX,5613.0,MutNovel,"K323T,0.465"
X-3093,PRKX,5613.0,MutNovel,"R286Q,0.557"
X-3093,PRKX,5613.0,MutNovel,"F108L,0.471"
X-3093,PRKY,5616.0,Del0.8,0.32
X-3093,PRMT2,3275.0,MutNovel,"N267S,0.243"
X-3093,PRMT3,10196.0,MutNovel,"D511Y,0.545"
X-3093,PROM2,150696.0,MutNovel,"V745A,0.472"
X-3093,PROSER1,80209.0,MutNovel,"S413A,0.501"
X-3093,PRPF18,8559.0,MutNovel,"K211R,0.260"
X-3093,PRPF3,9129.0,MutNovel,"R449W,0.489"
X-3093,PRPF40A,55660.0,MutNovel,"S615P,0.480"
X-3093,PRPF40A,55660.0,MutNovel,"R559Q,0.421"
X-3093,PRPF40B,25766.0,MutNovel,"R129H,0.500"
X-3093,PRPF40B,25766.0,MutNovel,"K425T,0.613"
X-3093,PRPF6,24148.0,MutNovel,"E80K,0.484"
X-3093,PRPF6,24148.0,MutNovel,"R464Q,0.618"
X-3093,PRPF6,24148.0,MutNovel,"K737T,0.513"
X-3093,PRPF8,10594.0,MutNovel,"R1832C,0.698"
X-3093,PRPF8,10594.0,MutNovel,"R762H,0.719"
X-3093,PRPSAP2,5636.0,MutNovel,"I125T,0.266"
X-3093,PRR5L,79899.0,MutNovel,"A259T,0.408"
X-3093,PRRC2B,84726.0,MutNovel,"S1458R,0.414"
X-3093,PRRC2B,84726.0,MutNovel,"D1643N,0.389"
X-3093,PRRC2B,84726.0,MutNovel,"M2010V,0.699"
X-3093,PRRC2C,23215.0,MutNovel,"R2121C,0.510"
X-3093,PRRC2C,23215.0,MutNovel,"T2721A,0.483"
X-3093,PRRT3,285368.0,MutNovel,"D749V,0.300"
X-3093,PRSS1,5644.0,MutNovel,"T137M,0.557"
X-3093,PRSS23,11098.0,MutNovel,"K259T,0.635"
X-3093,PRSS35,167681.0,MutNovel,"E330K,0.300"
X-3093,PRSS35,167681.0,MutNovel,"D333A,0.308"
X-3093,PRY,9081.0,Del0.8,0.27
X-3093,PRY,9081.0,Del0.8,0.27
X-3093,PRY2,442862.0,Del0.8,0.27
X-3093,PRY2,442862.0,Del0.8,0.27
X-3093,PSAT1,29968.0,MutNovel,"V349A,0.348"
X-3093,PSD2,84249.0,MutNovel,"K570N,0.333"
X-3093,PSMA4,5685.0,MutKnownFunctional,"E232*,0.324"
X-3093,PSMA7,5688.0,MutNovel,"E179K,0.442"
X-3093,PSMB1,5689.0,MutNovel,"R66W,0.409"
X-3093,PSMB2,5690.0,MutNovel,"N186Y,0.241"
X-3093,PSMD4,5710.0,MutNovel,"N161T,0.500"
X-3093,PSMD6,9861.0,MutNovel,"E298K,0.507"
X-3093,PSMD6,9861.0,MutNovel,"K13N,0.462"
X-3093,PSME4,23198.0,MutNovel,"L1106S,0.893"
X-3093,PSME4,23198.0,MutKnownFunctional,"R197*,0.209"
X-3093,PSMF1,9491.0,MutNovel,"Y270H,0.509"
X-3093,PTAFR,5724.0,MutNovel,"G94D,0.238"
X-3093,PTBP2,58155.0,MutNovel,"R406C,0.427"
X-3093,PTEN,5728.0,MutKnownFunctional,"E7*,0.494"
X-3093,PTEN,5728.0,MutKnownFunctional,"R130Q,0.491"
X-3093,PTGES2,80142.0,MutNovel,"F350Y,0.313"
X-3093,PTGFRN,5738.0,MutNovel,"R641Q,0.547"
X-3093,PTGS2,5743.0,MutNovel,"R499W,0.851"
X-3093,PTK2,5747.0,MutNovel,"H43R,0.456"
X-3093,PTK2B,2185.0,MutNovel,"F471L,0.527"
X-3093,PTPLA,9200.0,MutNovel,"G13S,0.654"
X-3093,PTPN1,5770.0,MutNovel,"E297K,0.410"
X-3093,PTPN11,5781.0,MutNovel,"E123D,0.506"
X-3093,PTPN12,5782.0,MutNovel,"R407I,0.577"
X-3093,PTPN13,5783.0,MutNovel,"K224T,0.857"
X-3093,PTPN13,5783.0,MutNovel,"Y2032H,0.457"
X-3093,PTPN2,5771.0,MutKnownFunctional,"R26*,0.456"
X-3093,PTPN21,11099.0,MutNovel,"R733C,0.625"
X-3093,PTPN23,25930.0,MutNovel,"Q706R,0.429"
X-3093,PTPN3,5774.0,MutNovel,"T645M,0.383"
X-3093,PTPN3,5774.0,MutNovel,"E387K,0.353"
X-3093,PTPN4,5775.0,MutNovel,"F205V,0.381"
X-3093,PTPRA,5786.0,MutNovel,"G105E,0.506"
X-3093,PTPRK,5796.0,MutNovel,"P639L,0.525"
X-3093,PTPRK,5796.0,MutNovel,"R276Q,0.485"
X-3093,PTPRN2,5799.0,MutNovel,"S762L,0.840"
X-3093,PURA,5813.0,MutNovel,"N228S,0.420"
X-3093,PURB,5814.0,MutNovel,"Y47F,0.517"
X-3093,PVRL1,5818.0,MutNovel,"E252G,0.533"
X-3093,PVRL3,25945.0,MutNovel,"N500H,0.502"
X-3093,PVRL3,25945.0,MutNovel,"E546K,0.202"
X-3093,PWWP2A,114825.0,MutNovel,"K370E,0.230"
X-3093,PXK,54899.0,MutNovel,"T569A,0.262"
X-3093,PYGB,5834.0,MutNovel,"F90V,0.281"
X-3093,PYGL,5836.0,MutNovel,"R243C,0.307"
X-3093,QPCT,25797.0,MutNovel,"E337K,0.364"
X-3093,R3HDM2,22864.0,MutNovel,"I897T,0.453"
X-3093,RAB11FIP1,80223.0,MutNovel,"K948E,0.301"
X-3093,RAB11FIP4,84440.0,MutNovel,"E326G,0.268"
X-3093,RAB11FIP4,84440.0,MutNovel,"E634K,0.632"
X-3093,RAB28,9364.0,MutNovel,"K140T,0.569"
X-3093,RAB3IP,117177.0,MutNovel,"R58Q,0.495"
X-3093,RAB41,347517.0,MutNovel,"S117Y,1.000"
X-3093,RAB41,347517.0,MutNovel,"R129Q,1.000"
X-3093,RAB6B,51560.0,MutNovel,"L98I,0.561"
X-3093,RABEP1,9135.0,MutNovel,"E607K,0.778"
X-3093,RABGAP1L,9910.0,MutNovel,"R153Q,0.647"
X-3093,RABGGTA,5875.0,MutNovel,"I389V,0.248"
X-3093,RAD21,5885.0,MutNovel,"P505L,0.351"
X-3093,RAD51B,5890.0,MutNovel,"K349T,1.000"
X-3093,RAD51C,5889.0,MutKnownFunctional,"E67*,0.249"
X-3093,RAI14,26064.0,MutNovel,"L352I,0.452"
X-3093,RALA,5898.0,MutNovel,"S11Y,0.525"
X-3093,RALB,5899.0,MutNovel,"S198R,0.480"
X-3093,RALBP1,10928.0,MutNovel,"R532Q,0.484"
X-3093,RALGAPB,57148.0,MutNovel,"N445H,0.500"
X-3093,RALGAPB,57148.0,MutNovel,"R769I,0.205"
X-3093,RANBP17,64901.0,MutNovel,"K455N,0.446"
X-3093,RANBP2,5903.0,MutNovel,"L1254F,0.447"
X-3093,RANBP2,5903.0,MutNovel,"E1544A,0.300"
X-3093,RANGAP1,5905.0,MutNovel,"S464P,0.459"
X-3093,RANGAP1,5905.0,MutNovel,"D86A,0.237"
X-3093,RAPGEF2,9693.0,MutNovel,"E1473G,0.450"
X-3093,RAPGEF3,10411.0,MutNovel,"P541H,0.900"
X-3093,RAPGEF5,9771.0,MutNovel,"H700Q,0.750"
X-3093,RAPGEF6,51735.0,MutNovel,"L338V,0.586"
X-3093,RAPH1,65059.0,MutNovel,"R325K,0.286"
X-3093,RARRES1,5918.0,MutNovel,"R251H,0.448"
X-3093,RASA1,5921.0,MutNovel,"R589H,0.613"
X-3093,RASA2,5922.0,MutNovel,"R280S,0.467"
X-3093,RASA3,22821.0,MutNovel,"S479R,0.370"
X-3093,RASGEF1B,153020.0,MutNovel,"A45T,0.400"
X-3093,RASIP1,54922.0,MutNovel,"S50P,1.000"
X-3093,RBFA,79863.0,MutNovel,"K46N,0.445"
X-3093,RBL2,5934.0,MutNovel,"L1105I,0.541"
X-3093,RBM10,8241.0,MutNovel,"G409S,0.989"
X-3093,RBM12B,389677.0,MutNovel,"D181G,0.426"
X-3093,RBM15,64783.0,MutNovel,"E168K,0.531"
X-3093,RBM15B,29890.0,MutNovel,"R571C,0.563"
X-3093,RBM17,84991.0,MutNovel,"V369A,0.480"
X-3093,RBM19,9904.0,MutNovel,"Y781C,0.520"
X-3093,RBM19,9904.0,MutNovel,"S664N,0.276"
X-3093,RBM19,9904.0,MutNovel,"A328T,0.570"
X-3093,RBM25,58517.0,MutNovel,"R735H,0.481"
X-3093,RBM33,155435.0,MutKnownFunctional,"R217*,0.209"
X-3093,RBM34,23029.0,MutNovel,"S288L,0.408"
X-3093,RBM7,10179.0,MutNovel,"R218C,0.461"
X-3093,RBMX2,51634.0,MutNovel,"K153R,1.000"
X-3093,RBMY1A3P,286557.0,Del0.8,0.32
X-3093,RBMY1B,378948.0,Del0.8,0.27
X-3093,RBMY1B,378948.0,Del0.8,0.27
X-3093,RBMY1E,378950.0,Del0.8,0.27
X-3093,RBMY1E,378950.0,Del0.8,0.27
X-3093,RBMY1F,159163.0,Del0.8,0.27
X-3093,RBMY1F,159163.0,Del0.8,0.27
X-3093,RBMY1J,378951.0,Del0.8,0.27
X-3093,RBMY1J,378951.0,Del0.8,0.27
X-3093,RBMY2EP,159125.0,Del0.8,0.27
X-3093,RBMY2FP,159162.0,Del0.8,0.27
X-3093,RBMY3AP,64593.0,Del0.8,0.27
X-3093,RC3H1,149041.0,MutNovel,"K100N,0.571"
X-3093,RDM1,201299.0,MutNovel,"K203E,0.690"
X-3093,REC8,9985.0,MutKnownFunctional,"Q312*,0.476"
X-3093,RECQL4,9401.0,MutNovel,"P1181L,0.482"
X-3093,REEP5,7905.0,MutNovel,"F110L,0.460"
X-3093,REG4,83998.0,MutNovel,"R149H,0.460"
X-3093,RELB,5971.0,MutNovel,"P30R,0.519"
X-3093,REN,5972.0,MutNovel,"A182T,0.839"
X-3093,REST,5978.0,MutNovel,"L437S,0.465"
X-3093,REV3L,5980.0,MutNovel,"R2604H,0.449"
X-3093,REV3L,5980.0,MutNovel,"I2204V,0.247"
X-3093,REV3L,5980.0,MutNovel,"I2168V,0.471"
X-3093,REV3L,5980.0,MutNovel,"R1194Q,0.533"
X-3093,RFC1,5981.0,MutNovel,"K620N,0.398"
X-3093,RFX7,64864.0,MutNovel,"F1026L,0.537"
X-3093,RFX7,64864.0,MutNovel,"S350A,0.577"
X-3093,RGS3,5998.0,MutNovel,"Q598H,0.467"
X-3093,RHEB,6009.0,MutNovel,"S182P,0.489"
X-3093,RHOA,387.0,MutNovel,"R122W,0.435"
X-3093,RHOT2,89941.0,MutNovel,"A571T,0.513"
X-3093,RHPN2,85415.0,MutNovel,"D270N,0.484"
X-3093,RIC8B,55188.0,MutNovel,"S357R,0.339"
X-3093,RILPL1,353116.0,MutKnownFunctional,"R251*,0.243"
X-3093,RIN3,79890.0,MutNovel,"G967-,0.286"
X-3093,RINT1,60561.0,MutNovel,"Q522R,0.253"
X-3093,RIPK2,8767.0,MutNovel,"R123C,0.609"
X-3093,RIPK3,11035.0,MutNovel,"T438I,0.474"
X-3093,RIT1,6016.0,MutNovel,"T55A,0.531"
X-3093,RMI2,116028.0,MutNovel,"V64A,0.478"
X-3093,RMND1,55005.0,MutNovel,"T243I,0.496"
X-3093,RNASE4,6038.0,MutNovel,"R82C,0.430"
X-3093,RNASEH2A,10535.0,MutNovel,"E75K,0.510"
X-3093,RNF123,63891.0,MutNovel,"S24A,0.688"
X-3093,RNF145,153830.0,MutKnownFunctional,"E678*,0.455"
X-3093,RNF145,153830.0,MutNovel,"V597A,0.502"
X-3093,RNF145,153830.0,MutNovel,"V256A,0.227"
X-3093,RNF145,153830.0,MutNovel,"V223A,0.271"
X-3093,RNF145,153830.0,MutNovel,"K203T,0.487"
X-3093,RNF19A,25897.0,MutNovel,"R79H,0.505"
X-3093,RNF20,56254.0,MutNovel,"E907D,0.676"
X-3093,RNF26,79102.0,MutNovel,"S53R,0.470"
X-3093,RNF26,79102.0,MutNovel,"K369T,0.501"
X-3093,RNF39,80352.0,MutNovel,"A40T,1.000"
X-3093,RNF40,9810.0,MutNovel,"E287K,0.567"
X-3093,RNF43,54894.0,MutNovel,"D516N,0.700"
X-3093,RNF6,6049.0,MutNovel,"N613T,0.508"
X-3093,RNFT1,51136.0,MutNovel,"R66S,0.767"
X-3093,RNGTT,8732.0,MutNovel,"R116I,0.442"
X-3093,ROCK1,6093.0,MutNovel,"R1012Q,0.451"
X-3093,RORC,6097.0,MutNovel,"I397L,0.419"
X-3093,RPA1,6117.0,MutNovel,"D583G,0.325"
X-3093,RPE,6120.0,MutNovel,"R58Q,0.363"
X-3093,RPF1,80135.0,MutNovel,"D150A,0.546"
X-3093,RPL22,6146.0,MutNovel,"K13T,0.460"
X-3093,RPL23,9349.0,MutNovel,"E111K,0.663"
X-3093,RPL27,6155.0,MutNovel,"S70Y,0.300"
X-3093,RPL29,6159.0,MutNovel,"P140S,0.497"
X-3093,RPL31,6160.0,MutNovel,"R83Q,0.514"
X-3093,RPL5,6125.0,MutNovel,"E82K,0.490"
X-3093,RPL7L1,285855.0,MutNovel,"R111C,0.513"
X-3093,RPN1,6184.0,MutNovel,"D546N,0.495"
X-3093,RPP30,10556.0,MutNovel,"A145V,0.507"
X-3093,RPRD1A,55197.0,MutNovel,"Q124H,0.494"
X-3093,RPS14,6208.0,MutNovel,"D46G,0.416"
X-3093,RPS3A,6189.0,MutNovel,"K222T,0.573"
X-3093,RPS4X,6191.0,MutNovel,"R11W,0.377"
X-3093,RPS4Y1,6192.0,Del0.8,0.32
X-3093,RPS4Y2,140032.0,Del0.8,0.27
X-3093,RPS5,6193.0,MutNovel,"N186D,0.480"
X-3093,RPS6KA6,27330.0,MutNovel,"I456T,1.000"
X-3093,RPS6KA6,27330.0,MutNovel,"F134V,0.800"
X-3093,RPS6KB1,6198.0,MutNovel,"F386C,0.366"
X-3093,RPS6KC1,26750.0,MutNovel,"R39Q,0.500"
X-3093,RPS6KC1,26750.0,MutNovel,"R53I,0.500"
X-3093,RPS6KL1,83694.0,MutNovel,"E405G,0.455"
X-3093,RRAD,6236.0,MutNovel,"R263Q,0.455"
X-3093,RRAGC,64121.0,MutNovel,"R396Q,0.519"
X-3093,RRAGD,58528.0,MutNovel,"I271S,0.444"
X-3093,RRM1,6240.0,MutNovel,"Y48H,0.457"
X-3093,RRM1,6240.0,MutNovel,"E366K,0.474"
X-3093,RRN3,54700.0,MutNovel,"K211T,0.269"
X-3093,RRP1,8568.0,MutNovel,"I217T,0.484"
X-3093,RRP1B,23076.0,MutNovel,"R122C,0.450"
X-3093,RRP36,88745.0,MutNovel,"D119N,0.450"
X-3093,RRS1,23212.0,MutNovel,"A41S,0.444"
X-3093,RSBN1,54665.0,MutNovel,"K258N,0.575"
X-3093,RSRC1,51319.0,MutNovel,"E10D,0.457"
X-3093,RSRC1,51319.0,MutNovel,"R82Q,0.588"
X-3093,RTN2,6253.0,MutNovel,"R430C,0.250"
X-3093,RTN3,10313.0,MutNovel,"R947C,0.314"
X-3093,RUFY3,22902.0,MutKnownFunctional,"E188*,0.359"
X-3093,RWDD1,51389.0,MutNovel,"N94T,0.451"
X-3093,RWDD2B,10069.0,MutNovel,"P260H,0.490"
X-3093,RYK,6259.0,MutNovel,"I124T,0.252"
X-3093,RYR3,6263.0,MutKnownFunctional,"R4066*,1.000"
X-3093,S100A1,6271.0,MutNovel,"A81V,0.368"
X-3093,SAAL1,113174.0,MutNovel,"V326A,0.494"
X-3093,SACS,26278.0,MutKnownFunctional,"E3647*,1.000"
X-3093,SACS,26278.0,MutNovel,"G665R,0.800"
X-3093,SAFB,6294.0,MutNovel,"S504L,0.512"
X-3093,SAFB2,9667.0,MutNovel,"D157N,0.420"
X-3093,SAMD9,54809.0,MutNovel,"F696L,1.000"
X-3093,SAMM50,25813.0,MutNovel,"T3A,0.415"
X-3093,SAMM50,25813.0,MutNovel,"G251E,0.891"
X-3093,SARM1,23098.0,MutNovel,"Y552H,0.711"
X-3093,SARS,6301.0,MutNovel,"R49W,0.515"
X-3093,SASS6,163786.0,MutNovel,"F152C,0.426"
X-3093,SBF1,6305.0,MutNovel,"G25D,0.526"
X-3093,SCAF1,58506.0,MutNovel,"K865T,0.465"
X-3093,SCAF11,9169.0,MutNovel,"R1165Q,0.531"
X-3093,SCAI,286205.0,MutKnownFunctional,"R494*,0.429"
X-3093,SCAI,286205.0,MutNovel,"K80T,0.325"
X-3093,SCAMP5,192683.0,MutNovel,"S170R,0.429"
X-3093,SCAP,22937.0,MutNovel,"V133M,0.494"
X-3093,SCAPER,49855.0,MutNovel,"V513A,0.633"
X-3093,SCFD1,23256.0,MutNovel,"A498V,0.448"
X-3093,SCFD2,152579.0,MutNovel,"K500T,0.612"
X-3093,SCRN3,79634.0,MutKnownFunctional,"E380*,0.441"
X-3093,SEC14L1,6397.0,MutNovel,"E379K,0.627"
X-3093,SEC16A,9919.0,MutNovel,"A1748T,0.648"
X-3093,SEC22C,9117.0,MutNovel,"R36W,0.449"
X-3093,SEC24A,10802.0,MutNovel,"R819C,0.512"
X-3093,SEC24B,10427.0,MutNovel,"T85A,0.560"
X-3093,SEC24B,10427.0,MutNovel,"L948V,0.264"
X-3093,SEC24C,9632.0,MutNovel,"N175K,0.507"
X-3093,SEC24D,9871.0,MutNovel,"R912H,0.420"
X-3093,SEC62,7095.0,MutNovel,"I366T,0.256"
X-3093,SECISBP2L,9728.0,MutNovel,"E754K,0.449"
X-3093,SEL1L3,23231.0,MutNovel,"R94C,0.484"
X-3093,SEMA6A,57556.0,MutNovel,"R936I,0.364"
X-3093,SENP6,26054.0,MutNovel,"A704T,0.272"
X-3093,SENP7,57337.0,MutNovel,"R800Q,0.531"
X-3093,2014-09-09 00:00:00,10801.0,MutNovel,"D275G,0.284"
X-3093,2014-09-09 00:00:00,10801.0,MutNovel,"D471N,0.313"
X-3093,SERAC1,84947.0,MutKnownFunctional,"E558*,0.449"
X-3093,SERAC1,84947.0,MutNovel,"R547C,0.491"
X-3093,SERAC1,84947.0,MutNovel,"E355A,0.310"
X-3093,SERINC2,347735.0,MutNovel,"-373Q,0.766"
X-3093,SERPINE2,5270.0,MutNovel,"K215N,0.765"
X-3093,SESN1,27244.0,MutNovel,"R409H,0.476"
X-3093,SESTD1,91404.0,MutNovel,"R24Q,0.579"
X-3093,SET,6418.0,MutNovel,"E170K,0.646"
X-3093,SETD1B,23067.0,MutNovel,"R278C,0.625"
X-3093,SETD2,29072.0,MutKnownFunctional,"E581*,0.286"
X-3093,SETD4,54093.0,MutNovel,"R123Q,0.440"
X-3093,SETD5,55209.0,MutNovel,"S226G,0.522"
X-3093,SETD5,55209.0,MutNovel,"D291Y,0.484"
X-3093,SETD5,55209.0,MutNovel,"R361Q,0.541"
X-3093,SETD5,55209.0,MutNovel,"R409Q,0.489"
X-3093,SETD5,55209.0,MutNovel,"R618Q,0.511"
X-3093,SETD5,55209.0,MutNovel,"Q787H,0.510"
X-3093,SETD5,55209.0,MutNovel,"R912Q,0.994"
X-3093,SETX,23064.0,MutNovel,"Y229H,0.714"
X-3093,SEZ6L2,26470.0,MutNovel,"R839Q,0.304"
X-3093,SF3A1,10291.0,MutNovel,"D689G,0.533"
X-3093,SF3B2,10992.0,MutNovel,"A691T,0.210"
X-3093,SFI1,9814.0,MutNovel,"R332W,0.310"
X-3093,SFMBT1,51460.0,MutNovel,"H852R,0.432"
X-3093,SFXN3,81855.0,MutNovel,"F290L,0.536"
X-3093,SGOL1,151648.0,MutNovel,"R192C,0.492"
X-3093,SGOL2,151246.0,MutNovel,"S1165Y,0.557"
X-3093,SGSM2,9905.0,MutNovel,"F623C,0.233"
X-3093,SGSM3,27352.0,MutNovel,"R483H,0.215"
X-3093,SH3BGR,6450.0,MutNovel,"E114D,0.500"
X-3093,SH3D19,152503.0,MutNovel,"K267Q,0.542"
X-3093,SH3KBP1,30011.0,MutNovel,"D657N,0.404"
X-3093,SH3RF2,153769.0,MutNovel,"R129Q,0.528"
X-3093,SHPRH,257218.0,MutNovel,"K1391Q,0.435"
X-3093,SIAH2,6478.0,MutNovel,"S282L,0.472"
X-3093,SIDT1,54847.0,MutNovel,"S559G,0.556"
X-3093,SIN3A,25942.0,MutNovel,"R897Q,0.576"
X-3093,SIPA1L2,57568.0,MutNovel,"L1668P,0.246"
X-3093,SIPA1L2,57568.0,MutNovel,"D404N,0.520"
X-3093,SIRT1,23411.0,MutNovel,"R199Q,0.398"
X-3093,SIX4,51804.0,MutNovel,"A25T,1.000"
X-3093,SKIL,6498.0,MutNovel,"E78A,0.582"
X-3093,SKIL,6498.0,MutNovel,"S443R,0.206"
X-3093,SLC12A2,6558.0,MutNovel,"AAAAAA98-,0.471"
X-3093,SLC12A6,9990.0,MutNovel,"S449N,0.531"
X-3093,SLC12A7,10723.0,MutNovel,"E907K,0.487"
X-3093,SLC13A4,26266.0,MutNovel,"R111C,1.000"
X-3093,SLC14A2,8170.0,MutNovel,"L220I,0.400"
X-3093,SLC15A4,121260.0,MutNovel,"I321S,0.394"
X-3093,SLC16A13,201232.0,MutNovel,"F155C,0.381"
X-3093,SLC16A4,9122.0,MutNovel,"E480K,0.471"
X-3093,SLC16A8,23539.0,MutNovel,"D56N,0.667"
X-3093,SLC19A3,80704.0,MutNovel,"S381Y,0.818"
X-3093,SLC1A1,6505.0,MutNovel,"D174N,0.392"
X-3093,SLC1A4,6509.0,MutNovel,"V260A,0.479"
X-3093,SLC22A18AS,5003.0,MutNovel,"P46S,0.700"
X-3093,SLC25A1,6576.0,MutNovel,"L290P,0.529"
X-3093,SLC25A13,10165.0,MutNovel,"Y641C,0.472"
X-3093,SLC25A13,10165.0,MutNovel,"S426L,0.511"
X-3093,SLC25A13,10165.0,MutNovel,"N413D,0.455"
X-3093,SLC25A16,8034.0,MutNovel,"R302H,0.364"
X-3093,SLC25A26,115286.0,MutNovel,"R106Q,0.433"
X-3093,SLC25A27,9481.0,MutNovel,"R261Q,0.486"
X-3093,SLC25A4,291.0,MutNovel,"D264Y,0.510"
X-3093,SLC26A3,1811.0,MutNovel,"Y67C,0.273"
X-3093,SLC27A3,11000.0,MutNovel,"F545S,0.518"
X-3093,SLC30A1,7779.0,MutNovel,"R361Q,0.570"
X-3093,SLC30A7,148867.0,MutNovel,"R296I,0.500"
X-3093,SLC30A9,10463.0,MutNovel,"E214K,0.480"
X-3093,SLC35A1,10559.0,MutNovel,"S95A,0.569"
X-3093,SLC35A3,23443.0,MutNovel,"I93V,0.420"
X-3093,SLC35B3,51000.0,MutNovel,"A300V,0.509"
X-3093,SLC35D2,11046.0,MutNovel,"V44A,0.693"
X-3093,SLC35G1,159371.0,MutNovel,"V233I,0.478"
X-3093,SLC36A4,120103.0,MutNovel,"I475L,0.353"
X-3093,SLC36A4,120103.0,MutNovel,"V461G,0.476"
X-3093,SLC37A4,2542.0,MutNovel,"S375N,0.518"
X-3093,SLC38A10,124565.0,MutNovel,"D481N,0.690"
X-3093,SLC38A2,54407.0,MutNovel,"E65K,0.554"
X-3093,SLC39A11,201266.0,MutNovel,"L233V,0.335"
X-3093,SLC39A13,91252.0,MutNovel,"C6G,0.531"
X-3093,SLC39A6,25800.0,MutNovel,"K537N,0.429"
X-3093,SLC41A2,84102.0,MutNovel,"K530E,0.436"
X-3093,SLC44A1,23446.0,MutNovel,"A319T,0.292"
X-3093,SLC4A11,83959.0,MutNovel,"R473C,0.519"
X-3093,SLC4A3,6508.0,MutNovel,"E141D,1.000"
X-3093,SLC4A3,6508.0,MutNovel,"A1194T,0.500"
X-3093,SLC4A7,9497.0,MutNovel,"S857L,0.312"
X-3093,SLC6A20,54716.0,MutNovel,"Q146P,0.582"
X-3093,SLC6A9,6536.0,MutNovel,"N84D,0.488"
X-3093,SLC7A6,9057.0,MutNovel,"F438C,0.433"
X-3093,SLC9A1,6548.0,MutNovel,"R632C,0.463"
X-3093,SLC9B2,133308.0,MutNovel,"S454Y,0.667"
X-3093,SLCO3A1,28232.0,MutNovel,"S315I,1.000"
X-3093,SLFN11,91607.0,MutNovel,"R856Q,1.000"
X-3093,SLFN5,162394.0,MutNovel,"R412C,0.900"
X-3093,SLK,9748.0,MutNovel,"D81G,0.536"
X-3093,SLK,9748.0,MutNovel,"H88R,0.267"
X-3093,SLK,9748.0,MutNovel,"L837I,0.555"
X-3093,SLK,9748.0,MutNovel,"F1203L,0.479"
X-3093,SLMO2,51012.0,MutNovel,"E92D,0.534"
X-3093,SLU7,10569.0,MutNovel,"T558A,0.493"
X-3093,SLX4,84464.0,MutNovel,"E813D,0.500"
X-3093,SLX4,84464.0,MutNovel,"Q158H,0.433"
X-3093,SMAD4,4089.0,MutNovel,"Y117C,0.427"
X-3093,SMAD4,4089.0,MutNovel,"Y353H,0.428"
X-3093,SMARCA1,6594.0,MutNovel,"R925I,1.000"
X-3093,SMARCA2,6595.0,MutNovel,"A1188T,0.412"
X-3093,SMARCA4,6597.0,MutNovel,"I1173M,0.453"
X-3093,SMARCAD1,56916.0,MutNovel,"R688I,0.224"
X-3093,SMARCAD1,56916.0,MutNovel,"E831K,0.519"
X-3093,SMARCB1,6598.0,MutNovel,"I311V,0.252"
X-3093,SMARCD2,6603.0,MutNovel,"R195Q,0.318"
X-3093,SMC2,10592.0,MutNovel,"L947R,0.380"
X-3093,SMC4,10051.0,MutNovel,"H152R,0.502"
X-3093,SMC4,10051.0,MutNovel,"R991H,0.512"
X-3093,SMC4,10051.0,MutNovel,"I1249S,0.537"
X-3093,SMCHD1,23347.0,MutNovel,"E418D,0.371"
X-3093,SMCHD1,23347.0,MutNovel,"V1118L,0.573"
X-3093,SMCHD1,23347.0,MutNovel,"A1646V,0.498"
X-3093,SMCHD1,23347.0,MutNovel,"K1673T,0.552"
X-3093,SMEK1,55671.0,MutNovel,"R266S,0.254"
X-3093,SMG1,23049.0,MutNovel,"T2129A,0.254"
X-3093,SMG1,23049.0,MutNovel,"Q1314P,0.367"
X-3093,SMG6,23293.0,MutNovel,"D1018E,0.400"
X-3093,SMG8,55181.0,MutNovel,"D428N,0.225"
X-3093,SMG8,55181.0,MutNovel,"F859L,0.293"
X-3093,SMPDL3A,10924.0,MutNovel,"K176R,0.289"
X-3093,SMTN,6525.0,MutNovel,"L419P,0.504"
X-3093,SMURF2,64750.0,MutNovel,"R668Q,0.527"
X-3093,SMYD5,10322.0,MutNovel,"E410G,0.493"
X-3093,SNAPC1,6617.0,MutNovel,"K245Q,0.429"
X-3093,SND1,27044.0,MutNovel,"R87Q,0.460"
X-3093,SNRK,54861.0,MutNovel,"E498A,0.433"
X-3093,SNRK,54861.0,MutNovel,"G611S,0.745"
X-3093,SNX13,23161.0,MutKnownFunctional,"E927*,0.519"
X-3093,SNX13,23161.0,MutNovel,"R893C,0.488"
X-3093,SNX18,112574.0,MutNovel,"D282N,0.588"
X-3093,SNX18,112574.0,MutNovel,"L319R,0.700"
X-3093,SNX18,112574.0,MutKnownFunctional,"R588*,0.286"
X-3093,SNX20,124460.0,MutNovel,"A126V,1.000"
X-3093,SOAT1,6646.0,MutNovel,"A359T,0.435"
X-3093,SOCS5,9655.0,MutNovel,"I366M,0.543"
X-3093,SOCS6,9306.0,MutNovel,"E249D,0.488"
X-3093,SON,6651.0,MutNovel,"E203D,0.261"
X-3093,SON,6651.0,MutNovel,"I725V,0.474"
X-3093,SORBS1,10580.0,MutKnownFunctional,"R731*,0.450"
X-3093,SORBS1,10580.0,MutNovel,"P719S,0.500"
X-3093,SORT1,6272.0,MutNovel,"P343L,0.500"
X-3093,SOS1,6654.0,MutNovel,"P653S,0.504"
X-3093,SOS2,6655.0,MutKnownFunctional,"R550*,0.295"
X-3093,SOWAHB,345079.0,MutNovel,"P277S,0.455"
X-3093,SOX7,83595.0,MutNovel,"R117C,0.800"
X-3093,SOX9,6662.0,MutKnownFunctional,"Q230*,0.279"
X-3093,SP3,6670.0,MutNovel,"R643H,0.489"
X-3093,SP3,6670.0,MutNovel,"G289S,0.555"
X-3093,SP4,6671.0,MutNovel,"E29D,0.600"
X-3093,SPAG1,6674.0,MutNovel,"F115L,0.815"
X-3093,SPAG4,6676.0,MutNovel,"R417Q,0.344"
X-3093,SPATA18,132671.0,MutNovel,"D141N,0.710"
X-3093,SPATA2,9825.0,MutNovel,"R275W,0.506"
X-3093,SPATA7,55812.0,MutNovel,"T241I,0.514"
X-3093,SPC25,57405.0,MutNovel,"A217V,0.554"
X-3093,SPCS3,60559.0,MutNovel,"K126Q,0.515"
X-3093,SPCS3,60559.0,MutNovel,"V166A,0.505"
X-3093,SPDYE1,285955.0,MutNovel,"L275V,0.857"
X-3093,SPEF2,79925.0,MutNovel,"V751A,0.714"
X-3093,SPG11,80208.0,MutNovel,"D122Y,0.514"
X-3093,SPHK2,56848.0,MutNovel,"D563N,0.526"
X-3093,SPIN4,139886.0,MutNovel,"R215K,1.000"
X-3093,SPINK5,11005.0,MutNovel,"K734T,0.588"
X-3093,SPRY2,10253.0,MutNovel,"G66E,0.590"
X-3093,SPRYD7,57213.0,MutKnownFunctional,"L190*,0.482"
X-3093,SPRYD7,57213.0,MutNovel,"L190V,0.517"
X-3093,SPTAN1,6709.0,MutNovel,"E1689K,0.657"
X-3093,SPTBN1,6711.0,MutNovel,"K302T,0.527"
X-3093,SPTBN1,6711.0,MutNovel,"E1182D,0.225"
X-3093,SPTBN1,6711.0,MutNovel,"R2058H,0.550"
X-3093,SPTBN1,6711.0,MutNovel,"K2270Q,0.438"
X-3093,SPTBN2,6712.0,MutNovel,"E174G,0.452"
X-3093,SPTBN5,51332.0,MutNovel,"D2828Y,0.476"
X-3093,SPTLC1,10558.0,MutNovel,"E406K,0.618"
X-3093,SQLE,6713.0,MutNovel,"L187F,0.468"
X-3093,SRC,6714.0,MutNovel,"D120G,0.387"
X-3093,SRC,6714.0,MutNovel,"N417T,0.534"
X-3093,SRCAP,10847.0,MutNovel,"L2633P,0.465"
X-3093,SRCIN1,80725.0,MutNovel,"E861K,0.259"
X-3093,SREBF1,6720.0,MutNovel,"F801L,0.357"
X-3093,SRP72,6731.0,MutNovel,"A291V,0.450"
X-3093,SRPK2,6733.0,MutNovel,"R693W,0.497"
X-3093,SRR,63826.0,MutNovel,"K225E,0.315"
X-3093,SRRM2,23524.0,MutNovel,"E1373K,0.492"
X-3093,SRRM2,23524.0,MutNovel,"S2619-,0.243"
X-3093,SRRM5,100170229.0,MutNovel,"R451Q,0.333"
X-3093,SRY,6736.0,Del0.8,0.32
X-3093,SSB,6741.0,MutNovel,"K34T,0.525"
X-3093,SSR3,6747.0,MutNovel,"N79H,0.495"
X-3093,SSRP1,6749.0,MutNovel,"Y236C,0.521"
X-3093,ST3GAL4,6484.0,MutNovel,"K212E,0.442"
X-3093,ST5,6764.0,MutNovel,"D86G,0.444"
X-3093,ST6GAL1,6480.0,MutNovel,"S234Y,0.575"
X-3093,ST6GALNAC1,55808.0,MutNovel,"R560W,0.419"
X-3093,ST8SIA6,338596.0,MutNovel,"D102N,0.613"
X-3093,STAG1,10274.0,MutNovel,"I400T,0.565"
X-3093,STAG1,10274.0,MutNovel,"E254G,0.341"
X-3093,STAG1,10274.0,MutNovel,"K228T,0.545"
X-3093,STAG1,10274.0,MutNovel,"D114N,0.574"
X-3093,STAG3,10734.0,MutNovel,"D714G,0.727"
X-3093,STAM2,10254.0,MutNovel,"A441T,0.507"
X-3093,STAU1,6780.0,MutNovel,"E516K,0.516"
X-3093,STIL,6491.0,MutNovel,"L246F,0.560"
X-3093,STIL,6491.0,MutNovel,"K74Q,0.476"
X-3093,STK11IP,114790.0,MutNovel,"K515T,0.277"
X-3093,STK16,8576.0,MutNovel,"G135D,0.604"
X-3093,STK17A,9263.0,MutNovel,"P329S,0.606"
X-3093,STK17B,9262.0,MutNovel,"R355C,0.475"
X-3093,STK24,8428.0,MutNovel,"R429Q,0.465"
X-3093,STK25,10494.0,MutKnownFunctional,"R256*,0.366"
X-3093,STK31,56164.0,MutNovel,"K496T,0.533"
X-3093,STK31,56164.0,MutNovel,"F509V,0.333"
X-3093,STK36,27148.0,MutNovel,"R120H,0.520"
X-3093,STK36,27148.0,MutKnownFunctional,"Y250*,0.429"
X-3093,STK4,6789.0,MutNovel,"E73D,0.667"
X-3093,STK4,6789.0,MutNovel,"R181W,0.581"
X-3093,STRC,161497.0,MutNovel,"L1261I,0.500"
X-3093,STRN,6801.0,MutNovel,"T639A,0.380"
X-3093,STRN,6801.0,MutNovel,"E387G,0.404"
X-3093,STS,412.0,MutNovel,"R383C,0.232"
X-3093,STT3A,3703.0,MutNovel,"L298I,0.552"
X-3093,STT3B,201595.0,MutNovel,"V169I,0.540"
X-3093,STX17,55014.0,MutNovel,"R12H,0.704"
X-3093,STX18,53407.0,MutNovel,"I102T,0.250"
X-3093,STX19,415117.0,MutNovel,"V23A,0.219"
X-3093,STX2,2054.0,MutNovel,"T224P,0.582"
X-3093,STX8,9482.0,MutNovel,"R198C,0.335"
X-3093,STXBP4,252983.0,MutNovel,"T329A,1.000"
X-3093,STXBP5,134957.0,MutNovel,"V9A,0.581"
X-3093,STXBP5,134957.0,MutNovel,"R594C,0.452"
X-3093,SUB1,10923.0,MutNovel,"S46L,0.527"
X-3093,SUCLG1,8802.0,MutNovel,"K81T,0.539"
X-3093,SUCLG2,8801.0,MutNovel,"D264G,0.428"
X-3093,SUCO,,MutNovel,"R1138I,0.477"
X-3093,SUCO,,MutNovel,"R1204Q,0.484"
X-3093,SUZ12,23512.0,MutNovel,"F227V,0.280"
X-3093,SUZ12,23512.0,MutNovel,"R288C,0.625"
X-3093,SYN3,8224.0,MutNovel,"D550N,0.600"
X-3093,SYNE2,23224.0,MutNovel,"E3591K,0.636"
X-3093,SYNJ2,8871.0,MutNovel,"S230P,0.524"
X-3093,SYNJ2,8871.0,MutNovel,"D983G,0.504"
X-3093,SYNM,23336.0,MutNovel,"K352Q,1.000"
X-3093,SYNPO,11346.0,MutNovel,"EK143E,0.542"
X-3093,SYPL1,6856.0,MutNovel,"F54V,0.472"
X-3093,SYTL2,54843.0,MutNovel,"N367H,0.400"
X-3093,SZT2,23334.0,MutNovel,"E1279D,0.625"
X-3093,TAB2,23118.0,MutNovel,"F693L,0.512"
X-3093,TAB3,257397.0,MutKnownFunctional,"E594*,1.000"
X-3093,TACC1,6867.0,MutNovel,"L766P,0.484"
X-3093,TACC3,10460.0,MutNovel,"R806C,0.503"
X-3093,TAF13,6884.0,MutKnownFunctional,"R91*,0.650"
X-3093,TAF1A,9015.0,MutNovel,"N262D,0.500"
X-3093,TAF1A,9015.0,MutNovel,"K126T,0.429"
X-3093,TAF2,6873.0,MutNovel,"D1172A,0.379"
X-3093,TAF4,6874.0,MutNovel,"R851I,0.509"
X-3093,TAF4B,6875.0,MutKnownFunctional,"R691*,0.357"
X-3093,TAF5,6877.0,MutNovel,"R621I,0.500"
X-3093,TAF5L,27097.0,MutNovel,"R415W,0.529"
X-3093,TAF5L,27097.0,MutNovel,"D148G,0.506"
X-3093,TAF9,6880.0,MutNovel,"P9L,0.402"
X-3093,TALDO1,6888.0,MutNovel,"L87R,0.544"
X-3093,TANC1,85461.0,MutNovel,"N251G,0.316"
X-3093,TANC2,26115.0,MutNovel,"P259S,0.286"
X-3093,TANC2,26115.0,MutNovel,"I558S,0.600"
X-3093,TANK,10010.0,MutNovel,"V315I,0.581"
X-3093,TAOK2,9344.0,MutNovel,"T1118A,0.527"
X-3093,TAPBP,6892.0,MutNovel,"A196T,0.481"
X-3093,TAPT1,202018.0,MutNovel,"S549A,0.509"
X-3093,TAS2R14,50840.0,MutNovel,"F140V,0.500"
X-3093,TATDN2,9797.0,MutNovel,"D381G,0.500"
X-3093,TAX1BP1,8887.0,MutNovel,"T316A,0.246"
X-3093,TBC1D10A,83874.0,MutNovel,"A285T,0.457"
X-3093,TBC1D14,57533.0,MutNovel,"K679T,0.490"
X-3093,TBC1D15,64786.0,MutNovel,"Y8H,1.000"
X-3093,TBC1D19,55296.0,MutNovel,"R442C,0.533"
X-3093,TBC1D25,4943.0,MutNovel,"A313V,1.000"
X-3093,TBC1D2B,23102.0,MutNovel,"N143D,0.667"
X-3093,TBC1D3,729873.0,MutNovel,"R69W,0.500"
X-3093,TBC1D30,23329.0,MutNovel,"R566Q,0.562"
X-3093,TBC1D3G,654341.0,MutNovel,"R69W,0.667"
X-3093,TBC1D8,11138.0,MutKnownFunctional,"R253*,0.345"
X-3093,TBC1D8B,54885.0,MutNovel,"I1111N,1.000"
X-3093,TBCCD1,55171.0,MutNovel,"A61T,0.500"
X-3093,TBCD,6904.0,MutNovel,"Y559C,0.733"
X-3093,TBL1X,6907.0,MutNovel,"S482L,0.967"
X-3093,TBL1Y,90665.0,Del0.8,0.32
X-3093,TBRG4,9238.0,MutNovel,"V274L,0.471"
X-3093,TBXAS1,6916.0,MutNovel,"T447M,0.506"
X-3093,TC2N,123036.0,MutNovel,"E72D,0.548"
X-3093,TCERG1,10915.0,MutNovel,"R543Q,0.485"
X-3093,TCF20,6942.0,MutNovel,"E1452D,0.267"
X-3093,TCF20,6942.0,MutNovel,"K1444R,0.520"
X-3093,TCF3,6929.0,MutNovel,"L542P,0.541"
X-3093,TCF7L2,6934.0,MutNovel,"N442Y,0.443"
X-3093,TCFL5,10732.0,MutNovel,"Q254R,0.480"
X-3093,TCP1,6950.0,MutNovel,"R526Q,0.516"
X-3093,TCTN1,79600.0,MutNovel,"D116N,0.265"
X-3093,TDP1,55775.0,MutNovel,"K469T,0.491"
X-3093,TDRKH,11022.0,MutKnownFunctional,"G490*,0.233"
X-3093,TEAD1,7003.0,MutKnownFunctional,"R348*,0.472"
X-3093,TEC,7006.0,MutNovel,"K111N,0.412"
X-3093,TEFM,79736.0,MutNovel,"E338D,0.269"
X-3093,TEP1,7011.0,MutNovel,"M1106L,0.588"
X-3093,TEX10,54881.0,MutNovel,"R865Q,0.693"
X-3093,TEX30,,MutNovel,"R199Q,0.472"
X-3093,TEX30,,MutNovel,"H114R,0.460"
X-3093,TFB2M,64216.0,MutNovel,"R222Q,0.614"
X-3093,TFCP2L1,29842.0,MutNovel,"T372A,0.652"
X-3093,TFCP2L1,29842.0,MutNovel,"R78Q,0.543"
X-3093,TFDP1,7027.0,MutNovel,"H242R,0.506"
X-3093,TGFB3,7043.0,MutNovel,"I105S,0.500"
X-3093,TGFBRAP1,9392.0,MutNovel,"D264G,0.656"
X-3093,TGFBRAP1,9392.0,MutNovel,"G196S,0.368"
X-3093,TGIF2LY,90655.0,Del0.8,0.32
X-3093,THADA,63892.0,MutNovel,"T1030P,0.589"
X-3093,THAP5,168451.0,MutNovel,"N167D,0.604"
X-3093,THNSL1,79896.0,MutNovel,"S252R,0.400"
X-3093,THNSL1,79896.0,MutNovel,"SR391S,0.727"
X-3093,THNSL2,55258.0,MutNovel,"A313T,1.000"
X-3093,THRAP3,9967.0,MutNovel,"E246G,0.540"
X-3093,THRAP3,9967.0,MutNovel,"E887D,0.461"
X-3093,THUMPD3,25917.0,MutNovel,"F257L,0.498"
X-3093,THUMPD3,25917.0,MutNovel,"F409C,0.215"
X-3093,THYN1,29087.0,MutNovel,"R66H,0.509"
X-3093,TIMP2,7077.0,MutNovel,"R205H,0.662"
X-3093,TIPARP,25976.0,MutNovel,"A124T,0.411"
X-3093,TJP1,7082.0,MutNovel,"R310C,0.605"
X-3093,TJP2,9414.0,MutNovel,"E1140K,0.648"
X-3093,TLE3,7090.0,MutNovel,"F423V,0.578"
X-3093,TLE4,7091.0,MutNovel,"D754N,0.429"
X-3093,TLN2,83660.0,MutNovel,"A579V,0.474"
X-3093,TLN2,83660.0,MutNovel,"L1609R,0.443"
X-3093,TLR3,7098.0,MutNovel,"N380H,0.750"
X-3093,TM2D2,83877.0,MutNovel,"N31K,0.385"
X-3093,TM9SF4,9777.0,MutNovel,"S226L,0.464"
X-3093,TMA16,,MutNovel,"I167T,0.463"
X-3093,TMC3,342125.0,MutNovel,"R956Q,0.400"
X-3093,TMCC1,23023.0,MutNovel,"T146A,0.486"
X-3093,TMCC3,57458.0,MutNovel,"A94V,0.357"
X-3093,TMED2,10959.0,MutNovel,"E147K,0.513"
X-3093,TMED8,283578.0,MutNovel,"P10Q,0.750"
X-3093,TMEM117,84216.0,MutNovel,"E41K,0.465"
X-3093,TMEM117,84216.0,MutNovel,"V269A,0.486"
X-3093,TMEM120A,83862.0,MutNovel,"W170G,0.465"
X-3093,TMEM127,55654.0,MutNovel,"L135P,0.484"
X-3093,TMEM131,23505.0,MutNovel,"K397E,0.603"
X-3093,TMEM135,65084.0,MutNovel,"F158L,0.449"
X-3093,TMEM14A,28978.0,MutNovel,"R93I,0.490"
X-3093,TMEM184A,202915.0,MutNovel,"G392GA,0.870"
X-3093,TMEM184C,55751.0,MutNovel,"L331P,0.474"
X-3093,TMEM186,25880.0,MutNovel,"E46D,0.205"
X-3093,TMEM2,23670.0,MutNovel,"V1348A,0.319"
X-3093,TMEM2,23670.0,MutNovel,"N905H,0.653"
X-3093,TMEM200A,114801.0,MutNovel,"N468T,0.562"
X-3093,TMEM214,54867.0,MutNovel,"S414F,0.477"
X-3093,TMEM245,,MutNovel,"A278T,0.607"
X-3093,TMEM249,,MutKnownFunctional,"R115*,0.400"
X-3093,TMEM39A,55254.0,MutNovel,"W99R,0.494"
X-3093,TMEM39A,55254.0,MutNovel,"L67V,0.250"
X-3093,TMEM45A,55076.0,MutNovel,"D109A,0.857"
X-3093,TMEM50B,757.0,MutNovel,"N125K,0.512"
X-3093,TMEM79,84283.0,MutNovel,"W174L,0.312"
X-3093,TMEM9,252839.0,MutNovel,"D177N,0.557"
X-3093,TMEM97,27346.0,MutNovel,"I102S,0.425"
X-3093,TMPO,7112.0,MutNovel,"S399C,0.520"
X-3093,TMSB4Y,9087.0,Del0.8,0.27
X-3093,TMTC2,160335.0,MutNovel,"F450L,0.561"
X-3093,TMX3,54495.0,MutNovel,"F180V,0.213"
X-3093,TMX3,54495.0,MutNovel,"I134V,0.617"
X-3093,TNFRSF11A,8792.0,MutNovel,"S57A,0.444"
X-3093,TNFRSF11B,4982.0,MutNovel,"D323G,0.640"
X-3093,TNFRSF11B,4982.0,MutNovel,"L4V,0.607"
X-3093,TNFRSF1A,7132.0,MutNovel,"E138A,0.255"
X-3093,TNFRSF1A,7132.0,MutNovel,"Q131R,0.485"
X-3093,TNFRSF6B,8771.0,MutNovel,"H122R,0.269"
X-3093,TNKS,8658.0,MutNovel,"V448A,0.400"
X-3093,TNKS2,80351.0,MutNovel,"V1131A,0.496"
X-3093,TNNI3,7137.0,MutNovel,"L47V,0.393"
X-3093,TNPO1,3842.0,MutNovel,"R257C,0.363"
X-3093,TNPO2,30000.0,MutNovel,"D488G,0.504"
X-3093,TNPO3,23534.0,MutNovel,"S139Y,0.491"
X-3093,TNRC6B,23112.0,MutKnownFunctional,"R417*,0.556"
X-3093,TNRC6B,23112.0,MutNovel,"N1103T,0.263"
X-3093,TNS1,7145.0,MutNovel,"R63W,0.667"
X-3093,TNXB,7148.0,MutNovel,"E2218D,0.385"
X-3093,TNXB,7148.0,MutNovel,"R402C,1.000"
X-3093,TNXB,7148.0,MutNovel,"S279N,0.444"
X-3093,TOE1,114034.0,MutNovel,"N122T,0.487"
X-3093,TOM1,10043.0,MutNovel,"L118F,0.493"
X-3093,TOP1,7150.0,MutNovel,"K158N,0.484"
X-3093,TOP1,7150.0,MutNovel,"L518V,0.492"
X-3093,TOP1,7150.0,MutNovel,"K673T,0.220"
X-3093,TOP2A,7153.0,MutNovel,"N770T,0.377"
X-3093,TOP2B,7155.0,MutNovel,"K551N,0.254"
X-3093,TOP2B,7155.0,MutNovel,"K441E,0.421"
X-3093,TOPORS,10210.0,MutNovel,"K753T,0.317"
X-3093,TOPORS,10210.0,MutNovel,"G460R,0.444"
X-3093,TOR1B,27348.0,MutNovel,"D242A,0.209"
X-3093,TOX2,84969.0,MutNovel,"-390P,0.917"
X-3093,TOX3,27324.0,MutNovel,"A337T,0.512"
X-3093,TP53BP1,7158.0,MutNovel,"R376Q,0.548"
X-3093,TP53BP1,7158.0,MutNovel,"E142D,0.621"
X-3093,TPCN1,53373.0,MutNovel,"F535C,0.488"
X-3093,TPP2,7174.0,MutNovel,"S433Y,0.255"
X-3093,TPP2,7174.0,MutNovel,"S878Y,0.456"
X-3093,TPP2,7174.0,MutNovel,"K1212E,0.480"
X-3093,TPP2,7174.0,MutNovel,"Y1242H,0.504"
X-3093,TPRG1L,127262.0,MutNovel,"R164Q,0.517"
X-3093,TPSG1,25823.0,MutNovel,"R266H,0.267"
X-3093,TPST1,8460.0,MutNovel,"A298T,0.405"
X-3093,TRAF3IP1,26146.0,MutNovel,"N153T,0.430"
X-3093,TRAK1,22906.0,MutNovel,"S212Y,0.505"
X-3093,TRAK2,66008.0,MutNovel,"R124C,0.483"
X-3093,TRANK1,9881.0,MutNovel,"R2628H,0.538"
X-3093,TRAPPC10,7109.0,MutNovel,"K149T,0.542"
X-3093,TRAPPC11,60684.0,MutNovel,"L831S,0.500"
X-3093,TRAPPC12,51112.0,MutNovel,"Y688C,0.603"
X-3093,TRAPPC8,22878.0,MutKnownFunctional,"-1421?,0.473"
X-3093,TREH,11181.0,MutNovel,"S265F,0.458"
X-3093,TRERF1,55809.0,MutNovel,"R939W,1.000"
X-3093,TRIM15,89870.0,MutNovel,"S138N,0.554"
X-3093,TRIM15,89870.0,MutNovel,"D142N,0.520"
X-3093,TRIM16,10626.0,MutNovel,"V279L,0.310"
X-3093,TRIM2,23321.0,MutNovel,"S37R,0.244"
X-3093,TRIM3,10612.0,MutNovel,"A320T,0.680"
X-3093,TRIM31,11074.0,MutNovel,"F51S,0.463"
X-3093,TRIM36,55521.0,MutNovel,"E380D,0.597"
X-3093,TRIM38,10475.0,MutNovel,"K45T,0.387"
X-3093,TRIM38,10475.0,MutNovel,"G345E,0.534"
X-3093,TRIM56,81844.0,MutNovel,"S739T,0.367"
X-3093,TRIM56,81844.0,MutNovel,"H746R,0.532"
X-3093,TRIO,7204.0,MutNovel,"T2563M,0.517"
X-3093,TRIOBP,11078.0,MutNovel,"S781P,0.364"
X-3093,TRIP11,9321.0,MutNovel,"L855I,0.510"
X-3093,TRIP12,9320.0,MutNovel,"I908S,0.307"
X-3093,TRIP6,7205.0,MutNovel,"R352W,0.581"
X-3093,TRMT10B,,MutNovel,"K74E,0.458"
X-3093,TRMT61A,115708.0,MutNovel,"P71L,0.495"
X-3093,TRPM2,7226.0,MutNovel,"E1114D,0.370"
X-3093,TRPM2,7226.0,MutNovel,"S1205P,0.500"
X-3093,TRPM6,140803.0,MutNovel,"E1929G,0.750"
X-3093,TRRAP,8295.0,MutNovel,"M446V,0.438"
X-3093,TRRAP,8295.0,MutNovel,"M3304V,0.416"
X-3093,TSC2,7249.0,MutNovel,"G1354D,0.464"
X-3093,TSG101,7251.0,MutNovel,"D340G,0.471"
X-3093,TSPAN2,10100.0,MutNovel,"A213V,0.514"
X-3093,TSPAN9,10867.0,MutNovel,"D199N,0.426"
X-3093,TSPY1,7258.0,Del0.8,0.06
X-3093,TSPY2,64591.0,Del0.8,0.32
X-3093,TSPY3,728137.0,Del0.8,0.06
X-3093,TSPY4,728395.0,Del0.8,0.06
X-3093,TSPY8,728403.0,Del0.8,0.06
X-3093,TSPYL1,7259.0,MutNovel,"V176VW,0.872"
X-3093,TSR1,55720.0,MutNovel,"T559A,0.330"
X-3093,TSSK4,283629.0,MutNovel,"D300E,0.500"
X-3093,TSTA3,7264.0,MutNovel,"S276L,0.483"
X-3093,TTBK2,146057.0,MutNovel,"I945S,0.571"
X-3093,TTBK2,146057.0,MutNovel,"N200D,0.600"
X-3093,TTC21A,199223.0,MutNovel,"L997V,0.500"
X-3093,TTC25,83538.0,MutNovel,"G576D,1.000"
X-3093,TTC3,7267.0,MutNovel,"V135A,0.618"
X-3093,TTC3,7267.0,MutNovel,"K1246E,0.501"
X-3093,TTC33,23548.0,MutNovel,"A153V,0.517"
X-3093,TTC39B,158219.0,MutNovel,"R553I,0.600"
X-3093,TTC9B,148014.0,MutNovel,"R209H,0.750"
X-3093,TTF2,8458.0,MutNovel,"E999K,0.429"
X-3093,TTK,7272.0,MutNovel,"N326H,0.451"
X-3093,TTL,646982.0,MutNovel,"E127K,0.614"
X-3093,TTLL1,25809.0,MutKnownFunctional,"R45*,0.333"
X-3093,TTLL4,9654.0,MutNovel,"R1025Q,0.518"
X-3093,TTLL5,23093.0,MutNovel,"F610C,0.472"
X-3093,TTLL5,23093.0,MutNovel,"E1234A,0.365"
X-3093,TTN,7273.0,MutNovel,"C30876W,0.333"
X-3093,TTN,7273.0,MutNovel,"I15123V,1.000"
X-3093,TTTY10,246119.0,Del0.8,0.27
X-3093,TTTY11,83866.0,Del0.8,0.32
X-3093,TTTY12,83867.0,Del0.8,0.32
X-3093,TTTY13,83868.0,Del0.8,0.27
X-3093,TTTY14,83869.0,Del0.8,0.27
X-3093,TTTY15,64595.0,Del0.8,0.27
X-3093,TTTY16,252948.0,Del0.8,0.32
X-3093,TTTY17A,252949.0,Del0.8,0.27
X-3093,TTTY17A,252949.0,Del0.8,0.27
X-3093,TTTY18,252950.0,Del0.8,0.32
X-3093,TTTY19,252952.0,Del0.8,0.32
X-3093,TTTY1B,100101116.0,Del0.8,0.32
X-3093,TTTY1B,100101116.0,Del0.8,0.27
X-3093,TTTY2,60439.0,Del0.8,0.32
X-3093,TTTY2,60439.0,Del0.8,0.27
X-3093,TTTY20,252951.0,Del0.8,0.14
X-3093,TTTY21,252953.0,Del0.8,0.27
X-3093,TTTY21,252953.0,Del0.8,0.32
X-3093,TTTY22,252954.0,Del0.8,0.27
X-3093,TTTY23,252955.0,Del0.8,0.32
X-3093,TTTY23,252955.0,Del0.8,0.27
X-3093,TTTY3,114760.0,Del0.8,0.27
X-3093,TTTY3,114760.0,Del0.8,0.27
X-3093,TTTY4,114761.0,Del0.8,0.27
X-3093,TTTY4,114761.0,Del0.8,0.27
X-3093,TTTY5,83863.0,Del0.8,0.27
X-3093,TTTY6,84672.0,Del0.8,0.27
X-3093,TTTY6,84672.0,Del0.8,0.27
X-3093,TTTY7,246122.0,Del0.8,0.27
X-3093,TTTY7,246122.0,Del0.8,0.32
X-3093,TTTY7B,100101120.0,Del0.8,0.27
X-3093,TTTY7B,100101120.0,Del0.8,0.32
X-3093,TTTY8,84673.0,Del0.8,0.27
X-3093,TTTY8,84673.0,Del0.8,0.32
X-3093,TTTY9A,83864.0,Del0.8,0.27
X-3093,TTTY9A,83864.0,Del0.8,0.27
X-3093,TUBA4A,7277.0,MutKnownFunctional,"R79*,0.215"
X-3093,TUBD1,51174.0,MutNovel,"E38A,0.400"
X-3093,TUBGCP2,10844.0,MutNovel,"N169H,0.542"
X-3093,TUBGCP5,114791.0,MutNovel,"E273D,0.638"
X-3093,TUFM,7284.0,MutNovel,"Y360C,0.539"
X-3093,TULP4,56995.0,MutNovel,"D428Y,0.567"
X-3093,TXLNG,55787.0,MutNovel,"E341K,0.674"
X-3093,TXLNG2P,246126.0,Del0.8,0.27
X-3093,TXNDC9,10190.0,MutNovel,"K62T,0.464"
X-3093,TYRO3,7301.0,MutNovel,"R215H,0.400"
X-3093,TYRO3,7301.0,MutNovel,"R333H,0.385"
X-3093,TYW5,129450.0,MutNovel,"F97L,0.424"
X-3093,UBA3,9039.0,MutNovel,"E359K,0.478"
X-3093,UBA6,55236.0,MutNovel,"H754R,0.270"
X-3093,UBA6,55236.0,MutNovel,"I564M,0.507"
X-3093,UBA7,7318.0,MutNovel,"V277M,0.574"
X-3093,UBAP2L,9898.0,MutNovel,"A626V,0.420"
X-3093,UBE2D1,7321.0,MutNovel,"D16N,0.547"
X-3093,UBE2D1,7321.0,MutNovel,"K72T,0.274"
X-3093,UBE2J2,118424.0,MutNovel,"V179A,0.300"
X-3093,UBE2Q2,92912.0,MutNovel,"K188T,0.510"
X-3093,UBE2Z,65264.0,MutNovel,"F150L,0.655"
X-3093,UBE3A,7337.0,MutNovel,"K123E,0.429"
X-3093,UBN2,254048.0,MutNovel,"L832R,0.667"
X-3093,UBOX5,22888.0,MutNovel,"E215D,0.496"
X-3093,UBOX5,22888.0,MutNovel,"R13I,0.417"
X-3093,UBP1,7342.0,MutNovel,"F382V,0.444"
X-3093,UBP1,7342.0,MutNovel,"K111R,0.468"
X-3093,UBQLN1,29979.0,MutNovel,"Q553H,0.674"
X-3093,UBQLN1,29979.0,MutNovel,"S260N,0.339"
X-3093,UBR1,197131.0,MutNovel,"E1271G,0.438"
X-3093,UBR4,23352.0,MutNovel,"Y3648C,0.521"
X-3093,UBR4,23352.0,MutNovel,"A3084V,0.445"
X-3093,UBR4,23352.0,MutNovel,"A1095T,0.564"
X-3093,UBR5,51366.0,MutNovel,"D570E,0.738"
X-3093,UBR7,55148.0,MutNovel,"G73E,0.516"
X-3093,UBXN2A,165324.0,MutNovel,"F106V,0.576"
X-3093,UBXN2B,137886.0,MutNovel,"S114P,0.375"
X-3093,UBXN6,80700.0,MutNovel,"F4L,0.667"
X-3093,UCK2,7371.0,MutNovel,"R52H,0.470"
X-3093,UFL1,23376.0,MutNovel,"K444T,0.485"
X-3093,UFL1,23376.0,MutNovel,"V709A,0.537"
X-3093,UGP2,7360.0,MutNovel,"S85L,0.501"
X-3093,UHRF1BP1L,23074.0,MutNovel,"S1157R,0.218"
X-3093,UHRF1BP1L,23074.0,MutNovel,"G1039E,0.556"
X-3093,UHRF1BP1L,23074.0,MutNovel,"I917T,0.556"
X-3093,UHRF1BP1L,23074.0,MutNovel,"S721P,0.561"
X-3093,UHRF1BP1L,23074.0,MutNovel,"V588A,0.543"
X-3093,UNC50,25972.0,MutNovel,"G15R,0.411"
X-3093,UNC93A,54346.0,MutNovel,"S30N,0.588"
X-3093,UNC93A,54346.0,MutNovel,"R256C,0.462"
X-3093,UNK,85451.0,MutNovel,"E666V,0.323"
X-3093,UPF2,26019.0,MutNovel,"K1177E,0.511"
X-3093,UQCRB,7381.0,MutNovel,"A96V,0.208"
X-3093,UQCRFS1,7386.0,MutNovel,"E209G,0.460"
X-3093,USO1,8615.0,MutNovel,"I75S,0.549"
X-3093,USP1,7398.0,MutNovel,"K673N,0.434"
X-3093,USP10,9100.0,MutNovel,"R26Q,0.495"
X-3093,USP10,9100.0,MutNovel,"F629S,0.507"
X-3093,USP11,8237.0,MutNovel,"K552T,0.500"
X-3093,USP24,23358.0,MutNovel,"Y594C,0.491"
X-3093,USP34,9736.0,MutNovel,"S487Y,0.469"
X-3093,USP36,57602.0,MutNovel,"KKK958K,0.494"
X-3093,USP37,57695.0,MutNovel,"S227L,0.352"
X-3093,USP4,7375.0,MutNovel,"V763A,0.475"
X-3093,USP46,64854.0,MutNovel,"Q119R,0.426"
X-3093,USP48,84196.0,MutNovel,"V558A,0.541"
X-3093,USP5,8078.0,MutNovel,"F50L,0.580"
X-3093,USP5,8078.0,MutNovel,"K476T,0.266"
X-3093,USP6NL,9712.0,MutNovel,"Y202H,0.323"
X-3093,USP6NL,9712.0,MutNovel,"R113Q,0.456"
X-3093,USP7,7874.0,MutNovel,"R971Q,0.237"
X-3093,USP7,7874.0,MutNovel,"K598N,0.201"
X-3093,USP8,9101.0,MutKnownFunctional,"E529*,0.253"
X-3093,USP9X,8239.0,MutNovel,"K717E,0.818"
X-3093,USP9Y,8287.0,Del0.8,0.27
X-3093,USPL1,10208.0,MutNovel,"E470G,0.573"
X-3093,USPL1,10208.0,MutNovel,"Q503H,0.408"
X-3093,UTP11L,51118.0,MutNovel,"A152T,0.503"
X-3093,UTP11L,51118.0,MutNovel,"D224Y,0.480"
X-3093,UTP15,84135.0,MutNovel,"S217F,0.445"
X-3093,UTP23,84294.0,MutNovel,"L184S,0.466"
X-3093,UTP23,84294.0,MutNovel,"R232W,0.545"
X-3093,UTP6,55813.0,MutKnownFunctional,"E531*,0.532"
X-3093,UTRN,7402.0,MutNovel,"Q2655R,0.429"
X-3093,UTY,7404.0,Del0.8,0.27
X-3093,VAMP2,6844.0,MutNovel,"E16K,0.304"
X-3093,VAPB,9217.0,MutNovel,"I237L,0.488"
X-3093,VBP1,7411.0,MutNovel,"K146N,1.000"
X-3093,VCPIP1,80124.0,MutNovel,"F942C,0.512"
X-3093,VCY,9084.0,Del0.8,0.27
X-3093,VCY,9084.0,Del0.8,0.27
X-3093,VOPP1,81552.0,MutNovel,"E30K,0.394"
X-3093,VPRBP,9730.0,MutNovel,"S664R,0.515"
X-3093,VPS13A,23230.0,MutKnownFunctional,"-1453?,0.565"
X-3093,VPS13A,23230.0,MutNovel,"R2223H,0.358"
X-3093,VPS13A,23230.0,MutNovel,"D3088A,0.474"
X-3093,VPS13C,54832.0,MutKnownFunctional,"E3351*,0.489"
X-3093,VPS13C,54832.0,MutKnownFunctional,"E2604*,0.385"
X-3093,VPS13D,55187.0,MutNovel,"R395Q,0.333"
X-3093,VPS13D,55187.0,MutNovel,"S1670F,0.467"
X-3093,VPS13D,55187.0,MutNovel,"Y1739C,0.606"
X-3093,VPS13D,55187.0,MutNovel,"N4271K,0.556"
X-3093,VPS29,51699.0,MutNovel,"I150S,0.509"
X-3093,VPS35,55737.0,MutNovel,"T376A,0.519"
X-3093,VPS45,11311.0,MutNovel,"N268H,0.483"
X-3093,VPS4B,9525.0,MutNovel,"D429N,0.426"
X-3093,VPS52,6293.0,MutNovel,"I483V,0.518"
X-3093,VPS52,6293.0,MutNovel,"D439N,0.523"
X-3093,VPS52,6293.0,MutNovel,"R159Q,0.468"
X-3093,VPS53,55275.0,MutNovel,"R80Q,0.809"
X-3093,VPS54,51542.0,MutNovel,"S4N,0.556"
X-3093,VPS8,23355.0,MutNovel,"E8G,0.526"
X-3093,VPS8,23355.0,MutNovel,"R541Q,0.505"
X-3093,VRK1,7443.0,MutNovel,"R133H,0.470"
X-3093,VWA1,64856.0,MutNovel,"D160G,0.481"
X-3093,VWA5A,4013.0,MutNovel,"K44E,0.343"
X-3093,VWCE,220001.0,MutNovel,"E145K,1.000"
X-3093,WAC,51322.0,MutKnownFunctional,"R151*,0.346"
X-3093,WARS2,10352.0,MutNovel,"L285F,0.364"
X-3093,WASF2,10163.0,MutNovel,"E460D,0.210"
X-3093,WASH1,100287171.0,MutNovel,"P321S,0.250"
X-3093,WBP1L,,MutKnownFunctional,"E99*,0.519"
X-3093,WDFY1,57590.0,MutNovel,"F106L,0.272"
X-3093,WDFY3,23001.0,MutNovel,"F725L,0.250"
X-3093,WDFY3,23001.0,MutNovel,"L486R,0.556"
X-3093,WDHD1,11169.0,MutNovel,"T473P,0.283"
X-3093,WDHD1,11169.0,MutNovel,"G112E,0.529"
X-3093,WDR11,55717.0,MutNovel,"L1175F,0.592"
X-3093,WDR13,64743.0,MutNovel,"R242H,0.998"
X-3093,WDR20,91833.0,MutNovel,"D362N,0.465"
X-3093,WDR26,80232.0,MutNovel,"D335G,0.476"
X-3093,WDR33,55339.0,MutNovel,"G624E,0.492"
X-3093,WDR35,57539.0,MutNovel,"V720A,0.562"
X-3093,WDR37,22884.0,MutNovel,"T28A,0.229"
X-3093,WDR41,55255.0,MutNovel,"R217C,0.422"
X-3093,WDR48,57599.0,MutNovel,"R30Q,0.587"
X-3093,WDR52,55779.0,MutNovel,"G1792D,0.259"
X-3093,WDR60,55112.0,MutNovel,"Y187C,0.583"
X-3093,WDR60,55112.0,MutNovel,"S796P,0.344"
X-3093,WDR61,80349.0,MutNovel,"S249F,0.486"
X-3093,WDR62,284403.0,MutNovel,"D1090G,0.525"
X-3093,WDR66,144406.0,MutKnownFunctional,"E95*,0.500"
X-3093,WFS1,7466.0,MutNovel,"L187F,0.566"
X-3093,WHAMM,123720.0,MutNovel,"M237L,0.309"
X-3093,WHSC1,7468.0,MutNovel,"R600Q,0.445"
X-3093,WHSC1,7468.0,MutNovel,"N907H,0.513"
X-3093,WHSC1L1,54904.0,MutNovel,"E622K,0.491"
X-3093,WHSC1L1,54904.0,MutNovel,"I393V,0.515"
X-3093,WIPF2,147179.0,MutNovel,"R333Q,0.622"
X-3093,WIPF3,644150.0,MutNovel,"R409Q,0.857"
X-3093,WRN,7486.0,MutNovel,"R499I,0.538"
X-3093,WWC1,23286.0,MutKnownFunctional,"R960*,0.213"
X-3093,WWC3,55841.0,MutNovel,"R924C,0.827"
X-3093,WWP1,11059.0,MutNovel,"R373Q,0.526"
X-3093,WWP1,11059.0,MutNovel,"E717G,0.229"
X-3093,XAB2,56949.0,MutNovel,"R685Q,0.477"
X-3093,XKRY2,353515.0,Del0.8,0.27
X-3093,XKRY2,353515.0,Del0.8,0.27
X-3093,XPO5,57510.0,MutNovel,"P561Q,0.469"
X-3093,XPO6,23214.0,MutNovel,"D556G,0.450"
X-3093,XPO6,23214.0,MutNovel,"Y63H,0.594"
X-3093,XPO7,23039.0,MutNovel,"N317S,0.539"
X-3093,XPR1,9213.0,MutNovel,"R108Q,0.500"
X-3093,XPR1,9213.0,MutNovel,"I265M,0.600"
X-3093,XRCC2,7516.0,MutKnownFunctional,"W231*,0.456"
X-3093,XRCC6,2547.0,MutNovel,"D219G,0.479"
X-3093,XRN1,54464.0,MutNovel,"N705K,0.569"
X-3093,XRRA1,143570.0,MutNovel,"I679V,0.286"
X-3093,XRRA1,143570.0,MutNovel,"K116T,0.545"
X-3093,XXYLT1,152002.0,MutKnownFunctional,"Q274*,0.568"
X-3093,YAE1D1,57002.0,MutNovel,"F20L,0.403"
X-3093,YARS2,51067.0,MutNovel,"K43T,0.384"
X-3093,YBX1,4904.0,MutNovel,"P249S,0.463"
X-3093,YEATS2,55689.0,MutNovel,"K94Q,0.667"
X-3093,YEATS2,55689.0,MutNovel,"T1050A,0.492"
X-3093,YIF1A,10897.0,MutNovel,"F94V,0.523"
X-3093,YLPM1,56252.0,MutNovel,"R1910C,0.512"
X-3093,YTHDC1,91746.0,MutNovel,"R67N,0.436"
X-3093,YTHDC2,64848.0,MutNovel,"E185K,0.341"
X-3093,YTHDC2,64848.0,MutNovel,"E393S,0.308"
X-3093,YTHDC2,64848.0,MutNovel,"R1002Q,0.708"
X-3093,YWHAG,7532.0,MutNovel,"D203N,0.255"
X-3093,YWHAG,7532.0,MutNovel,"E163D,0.516"
X-3093,YWHAG,7532.0,MutNovel,"S38P,0.499"
X-3093,ZBED5,58486.0,MutNovel,"D258G,0.440"
X-3093,ZBTB33,10009.0,MutNovel,"I615S,1.000"
X-3093,ZBTB40,9923.0,MutNovel,"F433V,0.583"
X-3093,ZBTB41,360023.0,MutNovel,"R722Q,0.295"
X-3093,ZBTB7B,51043.0,MutNovel,"R481C,0.430"
X-3093,ZC2HC1A,,MutNovel,"G294E,0.508"
X-3093,ZC3H12B,340554.0,MutNovel,"T2A,1.000"
X-3093,ZC3H12B,340554.0,MutNovel,"N186S,0.600"
X-3093,ZC3H13,23091.0,MutKnownFunctional,"R1224*,0.292"
X-3093,ZC3H13,23091.0,MutNovel,"R825C,0.276"
X-3093,ZC3H18,124245.0,MutNovel,"S554P,0.494"
X-3093,ZC3H6,376940.0,MutNovel,"K130T,0.526"
X-3093,ZC3H7A,29066.0,MutNovel,"S625Y,0.468"
X-3093,ZC3HAV1,56829.0,MutNovel,"E125K,0.464"
X-3093,ZCCHC11,23318.0,MutNovel,"V359A,0.521"
X-3093,ZCCHC2,54877.0,MutNovel,"H715R,0.509"
X-3093,ZCCHC6,79670.0,MutNovel,"N1298H,0.400"
X-3093,ZCCHC6,79670.0,MutNovel,"R576C,0.326"
X-3093,ZCCHC6,79670.0,MutNovel,"A257V,0.348"
X-3093,ZDBF2,57683.0,MutKnownFunctional,"E256*,1.000"
X-3093,ZDHHC11,79844.0,MutNovel,"A303D,0.667"
X-3093,ZDHHC14,79683.0,MutNovel,"F209L,0.429"
X-3093,ZFAND3,60685.0,MutNovel,"R148Q,0.536"
X-3093,ZFC3H1,196441.0,MutNovel,"R375H,0.471"
X-3093,ZFC3H1,196441.0,MutNovel,"K302Q,0.518"
X-3093,ZFHX3,463.0,MutNovel,"A1278T,0.444"
X-3093,ZFHX4,79776.0,MutNovel,"A2575V,0.667"
X-3093,ZFP91,80829.0,MutNovel,"K341N,0.512"
X-3093,ZFX,7543.0,MutNovel,"M666V,0.472"
X-3093,ZFY,7544.0,Del0.8,0.32
X-3093,ZFYVE1,53349.0,MutNovel,"E717K,0.596"
X-3093,ZFYVE26,23503.0,MutNovel,"R2088C,0.528"
X-3093,ZFYVE28,57732.0,MutNovel,"D768N,0.545"
X-3093,ZKSCAN4,387032.0,MutNovel,"E150V,0.333"
X-3093,ZMIZ1,57178.0,MutNovel,"A295T,0.450"
X-3093,ZMPSTE24,10269.0,MutNovel,"F445S,0.535"
X-3093,ZMYM2,7750.0,MutNovel,"T343A,0.246"
X-3093,ZMYM2,7750.0,MutNovel,"R589Q,0.522"
X-3093,ZMYM2,7750.0,MutNovel,"R1237K,0.422"
X-3093,ZMYM4,9202.0,MutNovel,"P377L,0.438"
X-3093,ZMYM4,9202.0,MutNovel,"K713N,0.487"
X-3093,ZMYM4,9202.0,MutNovel,"R1164Q,0.523"
X-3093,ZMYM4,9202.0,MutNovel,"E1258D,0.407"
X-3093,ZNF100,163227.0,MutNovel,"K483Q,0.413"
X-3093,ZNF107,51427.0,MutNovel,"L322I,0.227"
X-3093,ZNF107,51427.0,MutKnownFunctional,"E528*,0.514"
X-3093,ZNF121,7675.0,MutNovel,"K304Q,0.432"
X-3093,ZNF131,7690.0,MutNovel,"H44R,0.311"
X-3093,ZNF131,7690.0,MutKnownFunctional,"R265*,0.397"
X-3093,ZNF132,7691.0,MutNovel,"E544K,0.429"
X-3093,ZNF136,7695.0,MutKnownFunctional,"R240*,0.364"
X-3093,ZNF160,90338.0,MutNovel,"F481L,0.296"
X-3093,ZNF169,169841.0,MutNovel,"A111V,0.375"
X-3093,ZNF17,7565.0,MutNovel,"R518I,0.545"
X-3093,ZNF184,7738.0,MutNovel,"R541W,0.452"
X-3093,ZNF185,7739.0,MutNovel,"R9C,1.000"
X-3093,ZNF185,7739.0,MutNovel,"K143M,1.000"
X-3093,ZNF185,7739.0,MutNovel,"S420N,1.000"
X-3093,ZNF189,7743.0,MutNovel,"R36I,0.325"
X-3093,ZNF192,7745.0,MutNovel,"A214T,0.462"
X-3093,ZNF195,7748.0,MutNovel,"F559S,0.508"
X-3093,ZNF20,7568.0,MutKnownFunctional,"R494*,0.462"
X-3093,ZNF211,10520.0,MutNovel,"K398N,0.326"
X-3093,ZNF215,7762.0,MutNovel,"S17Y,0.475"
X-3093,ZNF227,7770.0,MutNovel,"R620W,0.444"
X-3093,ZNF230,7773.0,MutNovel,"S101R,0.333"
X-3093,ZNF233,353355.0,MutNovel,"R334I,1.000"
X-3093,ZNF236,7776.0,MutNovel,"E60K,0.455"
X-3093,ZNF236,7776.0,MutNovel,"D191N,0.650"
X-3093,ZNF236,7776.0,MutNovel,"K751N,0.481"
X-3093,ZNF24,7572.0,MutNovel,"S320L,0.454"
X-3093,ZNF25,219749.0,MutNovel,"R334Q,0.667"
X-3093,ZNF251,90987.0,MutNovel,"R443C,0.437"
X-3093,ZNF251,90987.0,MutNovel,"R360Q,0.490"
X-3093,ZNF254,9534.0,MutNovel,"R277Q,0.441"
X-3093,ZNF254,9534.0,MutNovel,"K547T,0.465"
X-3093,ZNF259,8882.0,MutNovel,"A401T,0.461"
X-3093,ZNF263,10127.0,MutNovel,"R679I,0.359"
X-3093,ZNF266,10781.0,MutNovel,"R536Q,0.436"
X-3093,ZNF266,10781.0,MutKnownFunctional,"R344*,0.520"
X-3093,ZNF267,10308.0,MutNovel,"T457A,0.254"
X-3093,ZNF276,92822.0,MutNovel,"K403T,0.517"
X-3093,ZNF280A,129025.0,MutNovel,"D177N,0.600"
X-3093,ZNF284,342909.0,MutNovel,"N456T,0.500"
X-3093,ZNF292,23036.0,MutNovel,"K636R,0.460"
X-3093,ZNF292,23036.0,MutNovel,"R869I,0.378"
X-3093,ZNF3,7551.0,MutNovel,"R304I,0.670"
X-3093,ZNF318,24149.0,MutNovel,"L2011R,0.433"
X-3093,ZNF323,64288.0,MutNovel,"L157R,0.500"
X-3093,ZNF335,63925.0,MutNovel,"L939F,0.432"
X-3093,ZNF33A,7581.0,MutNovel,"S454L,0.458"
X-3093,ZNF33A,7581.0,MutNovel,"R489I,0.423"
X-3093,ZNF33B,7582.0,MutNovel,"K551Q,0.423"
X-3093,ZNF33B,7582.0,MutKnownFunctional,"W339*,0.446"
X-3093,ZNF343,79175.0,MutNovel,"K231N,0.415"
X-3093,ZNF354B,117608.0,MutNovel,"R570I,0.263"
X-3093,ZNF358,140467.0,MutNovel,"D23N,0.544"
X-3093,ZNF358,140467.0,MutNovel,"D49N,0.500"
X-3093,ZNF383,163087.0,MutNovel,"R302Q,0.486"
X-3093,ZNF383,163087.0,MutNovel,"K336E,0.293"
X-3093,ZNF383,163087.0,MutNovel,"F394V,0.429"
X-3093,ZNF384,171017.0,MutNovel,"S143A,0.458"
X-3093,ZNF384,171017.0,MutNovel,"S60F,0.475"
X-3093,ZNF410,57862.0,MutNovel,"R318H,0.537"
X-3093,ZNF418,147686.0,MutNovel,"H297Q,0.600"
X-3093,ZNF426,79088.0,MutNovel,"R384K,1.000"
X-3093,ZNF429,353088.0,MutNovel,"K482T,0.611"
X-3093,ZNF429,353088.0,MutNovel,"R604Q,0.875"
X-3093,ZNF43,7594.0,MutNovel,"R763I,1.000"
X-3093,ZNF431,170959.0,MutNovel,"K208Q,0.419"
X-3093,ZNF431,170959.0,MutNovel,"K223T,0.513"
X-3093,ZNF436,80818.0,MutNovel,"R410I,0.714"
X-3093,ZNF442,79973.0,MutNovel,"R393Q,0.500"
X-3093,ZNF451,26036.0,MutNovel,"S691N,0.494"
X-3093,ZNF460,10794.0,MutNovel,"K57Q,0.429"
X-3093,ZNF461,92283.0,MutKnownFunctional,"R349*,0.667"
X-3093,ZNF469,84627.0,MutNovel,"D2682G,1.000"
X-3093,ZNF484,83744.0,MutNovel,"R350K,0.700"
X-3093,ZNF488,118738.0,MutNovel,"E324K,0.667"
X-3093,ZNF493,284443.0,MutNovel,"K263Q,0.364"
X-3093,ZNF493,284443.0,MutNovel,"E374D,0.318"
X-3093,ZNF493,284443.0,MutNovel,"R472Q,1.000"
X-3093,ZNF498,221785.0,MutNovel,"H417P,0.622"
X-3093,ZNF502,91392.0,MutKnownFunctional,"R221*,0.893"
X-3093,ZNF510,22869.0,MutNovel,"T567M,0.808"
X-3093,ZNF510,22869.0,MutNovel,"S412F,0.357"
X-3093,ZNF526,116115.0,MutNovel,"K570T,0.420"
X-3093,ZNF559,84527.0,MutNovel,"R484Q,0.419"
X-3093,ZNF561,93134.0,MutNovel,"R441Q,0.376"
X-3093,ZNF562,54811.0,MutNovel,"G358S,0.313"
X-3093,ZNF564,163050.0,MutNovel,"R325Q,0.581"
X-3093,ZNF564,163050.0,MutNovel,"K232R,0.521"
X-3093,ZNF565,147929.0,MutNovel,"I468V,0.529"
X-3093,ZNF567,163081.0,MutNovel,"R382I,0.525"
X-3093,ZNF571,51276.0,MutNovel,"R522I,0.333"
X-3093,ZNF584,201514.0,MutNovel,"R205Q,0.381"
X-3093,ZNF596,169270.0,MutNovel,"H366N,0.333"
X-3093,ZNF599,148103.0,MutNovel,"Y227C,1.000"
X-3093,ZNF600,162966.0,MutNovel,"D392Y,0.443"
X-3093,ZNF608,57507.0,MutNovel,"D848Y,0.480"
X-3093,ZNF608,57507.0,MutNovel,"P556S,0.467"
X-3093,ZNF608,57507.0,MutNovel,"I490S,0.594"
X-3093,ZNF611,81856.0,MutNovel,"R418I,0.444"
X-3093,ZNF611,81856.0,MutNovel,"N123D,0.222"
X-3093,ZNF614,80110.0,MutNovel,"K558N,0.545"
X-3093,ZNF615,284370.0,MutNovel,"R515Q,0.318"
X-3093,ZNF616,90317.0,MutNovel,"R541G,0.500"
X-3093,ZNF619,285267.0,MutNovel,"K466T,0.619"
X-3093,ZNF627,199692.0,MutNovel,"R211C,0.542"
X-3093,ZNF627,199692.0,MutNovel,"R411I,0.424"
X-3093,ZNF628,89887.0,MutNovel,"T1049A,0.579"
X-3093,ZNF638,27332.0,MutNovel,"T1005A,0.523"
X-3093,ZNF639,51193.0,MutNovel,"I365L,0.420"
X-3093,ZNF642,339559.0,MutKnownFunctional,"E57*,0.444"
X-3093,ZNF644,84146.0,MutNovel,"D914N,0.418"
X-3093,ZNF649,65251.0,MutNovel,"Q393P,0.333"
X-3093,ZNF654,55279.0,MutNovel,"L408S,0.372"
X-3093,ZNF672,79894.0,MutKnownFunctional,"R170*,0.571"
X-3093,ZNF678,339500.0,MutNovel,"R452K,0.533"
X-3093,ZNF680,340252.0,MutNovel,"K342N,0.460"
X-3093,ZNF680,340252.0,MutNovel,"R314I,0.408"
X-3093,ZNF680,340252.0,MutNovel,"K245T,0.393"
X-3093,ZNF687,57592.0,MutNovel,"V445A,0.509"
X-3093,ZNF691,51058.0,MutNovel,"D101N,0.460"
X-3093,ZNF7,7553.0,MutNovel,"E310K,0.478"
X-3093,ZNF701,55762.0,MutNovel,"F262C,0.500"
X-3093,ZNF705A,440077.0,MutNovel,"I55K,1.000"
X-3093,ZNF708,7562.0,MutNovel,"H270P,0.591"
X-3093,ZNF71,58491.0,MutNovel,"V218M,1.000"
X-3093,ZNF711,7552.0,MutNovel,"I646S,0.702"
X-3093,ZNF713,349075.0,MutNovel,"L236I,0.714"
X-3093,ZNF721,170960.0,MutNovel,"R353I,0.500"
X-3093,ZNF761,388561.0,MutKnownFunctional,"W108*,0.508"
X-3093,ZNF761,388561.0,MutNovel,"T633I,0.339"
X-3093,ZNF766,90321.0,MutNovel,"R431I,0.574"
X-3093,ZNF782,158431.0,MutNovel,"K507T,0.773"
X-3093,ZNF782,158431.0,MutNovel,"K423R,0.800"
X-3093,ZNF784,147808.0,MutNovel,"R222Q,0.424"
X-3093,ZNF789,285989.0,MutNovel,"Q53P,0.546"
X-3093,ZNF79,7633.0,MutNovel,"E474K,0.822"
X-3093,ZNF799,90576.0,MutNovel,"K520N,0.583"
X-3093,ZNF8,7554.0,MutNovel,"S119F,0.231"
X-3093,ZNF808,388558.0,MutNovel,"N635D,0.750"
X-3093,ZNF830,91603.0,MutNovel,"E27D,0.635"
X-3093,ZNF836,162962.0,MutNovel,"D831E,0.500"
X-3093,ZNF836,162962.0,MutNovel,"K337E,0.529"
X-3093,ZNF84,7637.0,MutNovel,"EK484DK,1.000"
X-3093,ZNF841,284371.0,MutNovel,"R869Q,1.000"
X-3093,ZNF841,284371.0,MutNovel,"S357I,1.000"
X-3093,ZNF846,162993.0,MutNovel,"R498L,0.294"
X-3093,ZNF852,,MutKnownFunctional,"R160*,0.583"
X-3093,ZNF862,643641.0,MutNovel,"D292G,0.267"
X-3093,ZNF880,400713.0,MutNovel,"N101H,1.000"
X-3093,ZNF91,7644.0,MutNovel,"R725Q,0.615"
X-3093,ZNF91,7644.0,MutKnownFunctional,"E21*,0.491"
X-3093,ZNF92,168374.0,MutNovel,"R389I,0.453"
X-3093,ZNRF3,84133.0,MutNovel,"A53V,1.000"
X-3093,ZRANB1,54764.0,MutNovel,"K242T,0.250"
X-3093,ZRANB1,54764.0,MutNovel,"K260T,0.486"
X-3093,ZRANB1,54764.0,MutNovel,"D369N,0.581"
X-3093,ZRANB1,54764.0,MutNovel,"K645N,0.534"
X-3093,ZSCAN12,9753.0,MutNovel,"K607T,1.000"
X-3093,ZSCAN20,7579.0,MutNovel,"R758K,0.476"
X-3093,ZSCAN20,7579.0,MutNovel,"R1007I,0.586"
X-3093,ZSWIM5,57643.0,MutNovel,"K444T,0.562"
X-3093,ZSWIM6,57688.0,MutNovel,"D523N,0.535"
X-3093,ZZEF1,23140.0,MutNovel,"N142K,0.706"
X-3093,ZZZ3,26009.0,MutNovel,"I539T,0.542"
X-3093,ZZZ3,26009.0,MutNovel,"R517H,0.579"
X-3135,A2LD1,87769.0,Amp5,5.03
X-3135,ABCC4,10257.0,Amp5,5.03
X-3135,ABHD13,84945.0,Amp5,5.03
X-3135,ADH1B,125.0,MutNovel,"C104Y,0.571"
X-3135,ADH1B,125.0,MutNovel,"V103I,1.000"
X-3135,ADNP2,22850.0,Del0.8,0.66
X-3135,AGAP6,414189.0,MutKnownFunctional,"-156,1.000"
X-3135,AGBL1,123624.0,Del0.8,0.75
X-3135,AGBL2,79841.0,MutNovel,"E91K,0.571"
X-3135,AHNAK2,113146.0,MutNovel,"A1650D,0.333"
X-3135,AKNA,80709.0,MutNovel,"E188K,0.569"
X-3135,ALG11,440138.0,Amp5,5.06
X-3135,ALMS1,7840.0,MutNovel,"G2463D,0.586"
X-3135,ALPK2,115701.0,Del0.8,0.66
X-3135,ANAPC1,64682.0,MutNovel,"V1622M,0.459"
X-3135,ANKRD27,84079.0,MutNovel,"L293F,0.403"
X-3135,ANKRD36,375248.0,MutNovel,"T998S,0.247"
X-3135,AP3M2,10947.0,Amp5,5.1
X-3135,APC,324.0,MutKnownFunctional,"S1344*,1.000"
X-3135,APP,351.0,MutNovel,"T276S,0.554"
X-3135,AQP12B,653437.0,MutNovel,"T129M,0.857"
X-3135,ARGLU1,55082.0,Amp5,5.03
X-3135,ARHGAP35,2909.0,MutNovel,"I284T,0.438"
X-3135,ARID4B,51742.0,MutNovel,"EE548E,0.267"
X-3135,ARL11,115761.0,Amp5,5.06
X-3135,ASPM,259266.0,MutNovel,"T567I,0.862"
X-3135,ATAD3B,83858.0,MutNovel,"S216A,0.285"
X-3135,ATAD3B,83858.0,MutNovel,"P311S,0.224"
X-3135,ATAD3C,219293.0,MutNovel,"P136S,0.750"
X-3135,ATAD3C,219293.0,MutNovel,"V139A,0.750"
X-3135,ATAD3C,219293.0,MutNovel,"V206M,0.556"
X-3135,ATF6,22926.0,MutNovel,"E425D,0.306"
X-3135,ATN1,1822.0,MutNovel,"Q488K,0.250"
X-3135,ATP5A1,498.0,Del0.8,0.66
X-3135,ATP6V1H,51606.0,Amp5,5.06
X-3135,ATP7B,540.0,Amp5,5.06
X-3135,ATP8B1,5205.0,Del0.8,0.66
X-3135,ATP9B,374868.0,Del0.8,0.66
X-3135,ATXN8OS,6315.0,Amp5,5.13
X-3135,BCL2,596.0,Del0.8,0.66
X-3135,BCL2L14,79370.0,MutNovel,"E204-,0.558"
X-3135,BIVM,54841.0,Amp5,5.03
X-3135,BIVM-ERCC5,100533467.0,Amp5,5.03
X-3135,BMP1,649.0,MutNovel,"R712Q,0.900"
X-3135,BOD1L2,284257.0,Del0.8,0.66
X-3135,BORA,79866.0,Amp5,5.13
X-3135,BTF3P11,690.0,Amp5,5.03
X-3135,C10orf68,79741.0,MutNovel,"R195C,0.400"
X-3135,C17orf96,100170841.0,MutNovel,"G117R,0.571"
X-3135,C18orf21,83608.0,Del0.8,0.67
X-3135,C18orf25,147339.0,Del0.8,0.66
X-3135,C18orf54,162681.0,Del0.8,0.66
X-3135,C18orf62,284274.0,Del0.8,0.66
X-3135,C18orf63,644041.0,Del0.8,0.66
X-3135,C8orf40,114926.0,Amp5,5.1
X-3135,CAB39L,81617.0,Amp5,5.06
X-3135,CALCOCO1,57658.0,MutNovel,"D278E,0.487"
X-3135,CAP1,10487.0,MutNovel,"F118L,0.486"
X-3135,CAP1,10487.0,MutNovel,"M157R,0.530"
X-3135,CBLN2,147381.0,Del0.8,0.66
X-3135,CCBE1,147372.0,Del0.8,0.66
X-3135,CCDC102B,79839.0,Del0.8,0.65
X-3135,CCDC168,643677.0,Amp5,5.03
X-3135,CCDC43,124808.0,MutNovel,"A9T,0.560"
X-3135,CCDC70,83446.0,Amp5,5.06
X-3135,CCL23,6368.0,MutNovel,"A16V,1.000"
X-3135,CCNF,899.0,MutNovel,"R245Q,0.400"
X-3135,CD226,10666.0,Del0.8,0.66
X-3135,CDADC1,81602.0,Amp5,5.06
X-3135,CDH19,28513.0,Del0.8,0.68
X-3135,CDH20,28316.0,Del0.8,0.66
X-3135,CDH7,1005.0,Del0.8,0.68
X-3135,CDK16,5127.0,MutNovel,"A41G,1.000"
X-3135,CELF4,56853.0,Del0.8,0.67
X-3135,CELSR1,9620.0,MutNovel,"R72W,0.429"
X-3135,CFHR3,10878.0,Amp5,5.43
X-3135,CHRNA6,8973.0,Amp5,5.1
X-3135,CHRNB3,1142.0,Amp5,5.1
X-3135,CKAP2,26586.0,Amp5,5.06
X-3135,CLDN10,9071.0,Amp5,5.03
X-3135,CLN5,1203.0,Amp5,5.03
X-3135,CLYBL,171425.0,Amp5,5.03
X-3135,CNDP1,84735.0,Del0.8,0.66
X-3135,CNDP2,55748.0,Del0.8,0.66
X-3135,COL5A2,1290.0,MutNovel,"G964S,1.000"
X-3135,COMMD6,170622.0,Amp5,5.13
X-3135,CPLX4,339302.0,Del0.8,0.66
X-3135,CREB3L1,90993.0,MutNovel,"T475S,0.592"
X-3135,CRIPAK,285464.0,MutKnownFunctional,"-91,0.234"
X-3135,CTAGE10P,220429.0,Amp5,5.06
X-3135,CTAGE11P,647288.0,Amp5,5.13
X-3135,CTAGE6P,340307.0,Amp5,6.82
X-3135,CTDP1,9150.0,Del0.8,0.66
X-3135,CTIF,9811.0,Del0.8,0.69
X-3135,CTSA,5476.0,MutNovel,"L29-,0.914"
X-3135,CTU1,90353.0,MutNovel,"D174N,0.364"
X-3135,CXADRP2,646243.0,Del0.8,0.66
X-3135,CYB5A,1528.0,Del0.8,0.66
X-3135,CYSLTR2,57105.0,Amp5,5.06
X-3135,DACH1,1602.0,Amp5,5.13
X-3135,DAOA,267012.0,Amp5,5.03
X-3135,DAOA-AS1,282706.0,Amp5,5.03
X-3135,DCC,1630.0,Del0.8,0.66
X-3135,DCT,1638.0,Amp5,5.03
X-3135,DCUN1D5,84259.0,MutNovel,"R129H,0.448"
X-3135,DEFB103A,414325.0,Del0.8,0.27
X-3135,DEFB103A,414325.0,Del0.8,0.53
X-3135,DEFB104B,503618.0,Del0.8,0.53
X-3135,DEFB104B,503618.0,Del0.8,0.55
X-3135,DEFB105B,504180.0,Del0.8,0.53
X-3135,DEFB105B,504180.0,Del0.8,0.55
X-3135,DEFB106B,503841.0,Del0.8,0.55
X-3135,DEFB106B,503841.0,Del0.8,0.53
X-3135,DEFB107A,245910.0,Del0.8,0.53
X-3135,DEFB107A,245910.0,Del0.8,0.55
X-3135,DEFB109P1,245912.0,Del0.8,0.63
X-3135,DEFB4B,100289462.0,Del0.8,0.6
X-3135,DENND4B,9909.0,MutNovel,"Q910HR,0.228"
X-3135,DEPDC5,9681.0,MutNovel,"A464T,0.350"
X-3135,DHRS12,79758.0,Amp5,5.06
X-3135,DHRSX,207063.0,MutNovel,"L637F,0.643"
X-3135,DHRSX,207063.0,MutNovel,"M597V,0.595"
X-3135,DIAPH3,81624.0,Amp5,5.06
X-3135,DIS3,22894.0,Amp5,5.13
X-3135,DKK4,27121.0,Amp5,5.1
X-3135,DLEU1,10301.0,Amp5,5.06
X-3135,DLEU2,8847.0,Amp5,5.06
X-3135,DLEU7,220107.0,Amp5,5.06
X-3135,DMBT1,1755.0,Del0.8,0.65
X-3135,DNAAF2,55172.0,MutNovel,"K305E,0.636"
X-3135,DNAJC3,5611.0,Amp5,5.03
X-3135,DOCK9,23348.0,Amp5,5.03
X-3135,DOM3Z,1797.0,MutNovel,"V342D,0.462"
X-3135,DSEL,92126.0,Del0.8,0.68
X-3135,DZIP1,22873.0,Amp5,5.03
X-3135,EBPL,84650.0,Amp5,5.06
X-3135,EDNRB,1910.0,Amp5,5.03
X-3135,EFHD2,79180.0,MutNovel,"-34AA,0.236"
X-3135,EFNB2,1948.0,Amp5,5.03
X-3135,EHD4,30844.0,Del0.8,0.17
X-3135,ELAC1,55520.0,Del0.8,0.68
X-3135,ELP2,55250.0,Del0.8,0.67
X-3135,EPG5,57724.0,Del0.8,0.66
X-3135,EPN2,22905.0,Del0.8,0.74
X-3135,ERCC5,2073.0,Amp5,5.03
X-3135,ERGIC3,51614.0,MutNovel,"K342E,0.320"
X-3135,FAM114A1,92689.0,MutNovel,"KE270-,0.372"
X-3135,FAM115A,9747.0,Amp5,5.39
X-3135,FAM124A,220108.0,Amp5,5.06
X-3135,FAM132A,388581.0,MutNovel,"R2W,1.000"
X-3135,FAM149B1,317662.0,MutNovel,"R468Q,1.000"
X-3135,FAM153A,285596.0,Del0.8,0.71
X-3135,FAM155A,728215.0,Amp5,5.03
X-3135,FAM173A,65990.0,MutNovel,"P50M,0.585"
X-3135,FAM184B,27146.0,MutNovel,"P1005T,0.553"
X-3135,FAM190A,401145.0,MutNovel,"IE482I,0.500"
X-3135,FAM21A,387680.0,Del0.8,0.59
X-3135,FAM35B,414241.0,Del0.8,0.56
X-3135,FAM65A,79567.0,MutNovel,"E1148K,0.520"
X-3135,FAM66A,100133172.0,Del0.8,0.71
X-3135,FAM69C,125704.0,Del0.8,0.66
X-3135,FAM86B2,653333.0,Del0.8,0.63
X-3135,FARP1,10160.0,Amp5,5.03
X-3135,FBRSL1,57666.0,MutNovel,"Q613R,0.504"
X-3135,FBXL3,26224.0,Amp5,5.03
X-3135,FBXO15,201456.0,Del0.8,0.66
X-3135,FDXR,2232.0,MutNovel,"P98T,1.000"
X-3135,FECH,2235.0,Del0.8,0.66
X-3135,FGF14,2259.0,Amp5,5.03
X-3135,FGF14-IT1,283480.0,Amp5,5.03
X-3135,FHOD3,80206.0,Del0.8,0.67
X-3135,FKSG29,100131561.0,Amp5,5.03
X-3135,FLYWCH1,84256.0,MutNovel,"E5K,0.506"
X-3135,FNDC3A,22862.0,Amp5,5.06
X-3135,FNTA,2339.0,Amp5,5.1
X-3135,FRMPD2,143162.0,Del0.8,0.71
X-3135,FSIP2,401024.0,MutNovel,"K360T,0.283"
X-3135,FUT5,2527.0,MutNovel,"E261K,0.214"
X-3135,FUT5,2527.0,MutNovel,"A118M,1.000"
X-3135,GALNT1,2589.0,Del0.8,0.67
X-3135,GALR1,2587.0,Del0.8,0.66
X-3135,GATA6,2627.0,MutNovel,"A284G,1.000"
X-3135,GFOD2,81577.0,MutNovel,"Q316H,0.595"
X-3135,GHDC,84514.0,MutNovel,"G372C,0.648"
X-3135,GLS,2744.0,MutNovel,"R37H,0.208"
X-3135,GPAT2,150763.0,MutNovel,"C448F,0.667"
X-3135,GPC5,2262.0,Amp5,5.03
X-3135,GPC6,10082.0,Amp5,5.03
X-3135,GPR125,166647.0,MutNovel,"P615A,0.500"
X-3135,GPR18,2841.0,Amp5,5.03
X-3135,GPR180,160897.0,Amp5,5.03
X-3135,GPR183,1880.0,Amp5,5.03
X-3135,GPRIN2,9721.0,MutNovel,"V337M,0.238"
X-3135,GRAPL,400581.0,Del0.8,0.52
X-3135,GRIP1,23426.0,MutNovel,"Q706H,0.364"
X-3135,GRP,2922.0,Del0.8,0.66
X-3135,GSPT1,2935.0,MutNovel,"GG15G,0.275"
X-3135,GSR,2936.0,MutNovel,"S15G,1.000"
X-3135,GSTM1,2944.0,Del0.8,0.77
X-3135,GTF2IRD2B,389524.0,MutNovel,"S500L,0.250"
X-3135,GTPBP3,84705.0,MutNovel,"W226R,0.937"
X-3135,GUCY1B2,2974.0,Amp5,5.06
X-3135,HAUS1,115106.0,Del0.8,0.66
X-3135,HDHD2,84064.0,Del0.8,0.66
X-3135,HEATR7A,727957.0,MutNovel,"E198K,0.730"
X-3135,HEBP2,23593.0,MutNovel,"P28R,0.996"
X-3135,HGSNAT,138050.0,Amp5,5.1
X-3135,HMCN2,,MutNovel,"R2859H,0.769"
X-3135,HMSD,284293.0,Del0.8,0.65
X-3135,HNF4A,3172.0,MutNovel,"N153S,0.664"
X-3135,HNRNPA1L2,144983.0,Amp5,5.06
X-3135,HOOK3,84376.0,Amp5,5.1
X-3135,HRCT1,646962.0,MutNovel,"P106H,0.625"
X-3135,HS6ST3,266722.0,Amp5,5.03
X-3135,HSBP1L1,440498.0,Del0.8,0.66
X-3135,HSPH1,10808.0,MutNovel,"A397S,0.493"
X-3135,IER3IP1,51124.0,Del0.8,0.66
X-3135,IFT140,9742.0,MutKnownFunctional,"-1411,0.239"
X-3135,IKBKB,3551.0,Amp5,5.1
X-3135,INO80C,125476.0,Del0.8,0.67
X-3135,INTS6,26512.0,Amp5,5.06
X-3135,IPO5,3843.0,Amp5,5.03
X-3135,IST1,9798.0,MutNovel,"-230MP,0.293"
X-3135,ITGA3,3675.0,MutNovel,"E989K,0.426"
X-3135,ITGBL1,9358.0,Amp5,5.03
X-3135,KAT6A,7994.0,Amp5,5.1
X-3135,KATNAL2,83473.0,Del0.8,0.66
X-3135,KC6,641516.0,Del0.8,0.65
X-3135,KCNG2,26251.0,Del0.8,0.66
X-3135,KCNRG,283518.0,Amp5,5.06
X-3135,KCTD12,115207.0,Amp5,5.03
X-3135,KCTD3,51133.0,MutNovel,"S467L,0.298"
X-3135,KDELC1,79070.0,Amp5,5.03
X-3135,KDSR,2531.0,Del0.8,0.65
X-3135,KIAA0125,9834.0,Amp5,6.36
X-3135,KIAA1161,57462.0,MutNovel,"V406M,0.407"
X-3135,KIAA1328,57536.0,Del0.8,0.67
X-3135,KIAA1468,57614.0,Del0.8,0.66
X-3135,KIAA2018,205717.0,MutNovel,"QQQ1471Q,0.556"
X-3135,KIF20B,9585.0,MutNovel,"L1062LKV,0.773"
X-3135,KLF12,11278.0,Amp5,5.13
X-3135,KLF5,688.0,Amp5,5.13
X-3135,KPNA3,3839.0,Amp5,5.06
X-3135,KRAS,3845.0,MutKnownFunctional,"G13D,0.757"
X-3135,KRT2,3849.0,MutNovel,"L459Q,1.000"
X-3135,KRT2,3849.0,MutNovel,"L456M,1.000"
X-3135,KRT2,3849.0,MutNovel,"E454Q,1.000"
X-3135,KRT81,3887.0,MutNovel,"A462V,1.000"
X-3135,LAMA5,3911.0,MutNovel,"A56S,0.583"
X-3135,LCA5,167691.0,MutNovel,"I209N,1.000"
X-3135,LECT1,11061.0,Amp5,5.06
X-3135,LEFTY1,10637.0,MutNovel,"R142Q,0.250"
X-3135,LEFTY2,7044.0,MutNovel,"N307K,0.750"
X-3135,LEFTY2,7044.0,MutNovel,"Q298R,0.750"
X-3135,LIG4,3981.0,Amp5,5.03
X-3135,LILRB3,11025.0,MutNovel,"L69W,1.000"
X-3135,LILRB3,11025.0,MutNovel,"H61D,1.000"
X-3135,LINC00282,283521.0,Amp5,5.06
X-3135,LINC00305,221241.0,Del0.8,0.65
X-3135,LINC00347,338864.0,Amp5,5.13
X-3135,LINC00410,144776.0,Amp5,5.03
X-3135,LINC00460,728192.0,Amp5,5.03
X-3135,LMAN1,3998.0,Del0.8,0.66
X-3135,LMO7,4008.0,Amp5,5.03
X-3135,LOC100128071,100128071.0,MutNovel,"P31R,0.321"
X-3135,LOC100131655,100131655.0,Del0.8,0.66
X-3135,LOC100132396,100132396.0,Del0.8,0.62
X-3135,LOC100132859,,MutKnownFunctional,"R89*,1.000"
X-3135,LOC100287225,100287225.0,Del0.8,0.66
X-3135,LOC100287482,100287482.0,MutNovel,"A39T,0.740"
X-3135,LOC100505474,100505474.0,Del0.8,0.66
X-3135,LOC100505549,100505549.0,Del0.8,0.66
X-3135,LOC100505776,100505776.0,Del0.8,0.66
X-3135,LOC100505817,100505817.0,Del0.8,0.66
X-3135,LOC100506688,100506688.0,MutNovel,"F21I,0.800"
X-3135,LOC100506888,100506888.0,Del0.8,0.66
X-3135,LOC154761,154761.0,Amp5,6.82
X-3135,LOC283481,283481.0,Amp5,5.03
X-3135,LOC284276,284276.0,Del0.8,0.66
X-3135,LOC284294,284294.0,Del0.8,0.65
X-3135,LOC339298,339298.0,Del0.8,0.66
X-3135,LOC348120,348120.0,Del0.8,0.8
X-3135,LOC390858,390858.0,Del0.8,0.66
X-3135,LOC400654,400654.0,Del0.8,0.65
X-3135,LOC400655,400655.0,Del0.8,0.66
X-3135,LOC400657,400657.0,Del0.8,0.66
X-3135,LOC441698,,MutNovel,"S60L,1.000"
X-3135,LOC643542,643542.0,Del0.8,0.68
X-3135,LOC646214,646214.0,Del0.8,0.66
X-3135,LOC647946,647946.0,Del0.8,0.67
X-3135,LOC727924,727924.0,Del0.8,0.66
X-3135,LOC728392,728392.0,Del0.8,0.64
X-3135,LONP1,9361.0,MutNovel,"L24M,0.471"
X-3135,LOXHD1,125336.0,Del0.8,0.66
X-3135,LPAR6,10161.0,Amp5,5.06
X-3135,LPCAT1,79888.0,MutNovel,"D440E,0.489"
X-3135,LSR,51599.0,MutKnownFunctional,"-23,0.517"
X-3135,LSR,51599.0,MutNovel,"G518GR,0.817"
X-3135,LYPLA1,10434.0,Amp5,5.06
X-3135,MACROD2,140733.0,Del0.8,0.38
X-3135,MACROD2-AS1,100379174.0,Del0.8,0.22
X-3135,MALT1,10892.0,Del0.8,0.66
X-3135,MAN1A2,10905.0,MutNovel,"R112Q,0.556"
X-3135,MAP3K14,9020.0,MutNovel,"E601K,0.522"
X-3135,MAPK11,5600.0,MutKnownFunctional,"-354H?,0.686"
X-3135,MAPK4,5596.0,Del0.8,0.68
X-3135,MBD2,8932.0,Del0.8,0.66
X-3135,MBNL2,10150.0,Amp5,5.03
X-3135,MBP,4155.0,Del0.8,0.66
X-3135,MC4R,4160.0,Del0.8,0.66
X-3135,MCAT,27349.0,MutNovel,"P26S,0.410"
X-3135,MCOLN1,57192.0,MutNovel,"G6C,0.657"
X-3135,ME2,4200.0,Del0.8,0.68
X-3135,MEA1,4201.0,MutNovel,"EG120G,0.427"
X-3135,METTL21C,196541.0,Amp5,5.03
X-3135,METTL23,124512.0,MutKnownFunctional,"-50,0.455"
X-3135,MEX3C,51320.0,Del0.8,0.66
X-3135,MIR122,406906.0,Del0.8,0.66
X-3135,MIR1297,100302187.0,Amp5,5.06
X-3135,MIR16-1,406950.0,Amp5,5.06
X-3135,MIR17HG,407975.0,Amp5,5.03
X-3135,MIR187,406963.0,Del0.8,0.67
X-3135,MIR19B1,406980.0,Amp5,5.03
X-3135,MIR2681,100616110.0,Amp5,5.03
X-3135,MIR3169,100422973.0,Amp5,5.06
X-3135,MIR3170,100422881.0,Amp5,5.03
X-3135,MIR3591,100616357.0,Del0.8,0.66
X-3135,MIR3613,100500908.0,Amp5,5.06
X-3135,MIR3665,100500861.0,Amp5,5.03
X-3135,MIR3975,100616257.0,Del0.8,0.67
X-3135,MIR4306,100422861.0,Amp5,5.03
X-3135,MIR4318,100422857.0,Del0.8,0.67
X-3135,MIR4319,100422829.0,Del0.8,0.66
X-3135,MIR4469,100616115.0,Amp5,5.1
X-3135,MIR4500,100616182.0,Amp5,5.21
X-3135,MIR4500HG,642345.0,Amp5,5.21
X-3135,MIR4703,100616423.0,Amp5,5.06
X-3135,MIR4705,100616239.0,Amp5,5.03
X-3135,MIR4743,100616366.0,Del0.8,0.69
X-3135,MIR4744,100616420.0,Del0.8,0.69
X-3135,MIR548AN,100616144.0,Amp5,5.03
X-3135,MIR622,693207.0,Amp5,5.03
X-3135,MIR623,693208.0,Amp5,5.03
X-3135,MIR759,100313778.0,Amp5,5.06
X-3135,MLEC,9761.0,MutNovel,"-233E,0.259"
X-3135,MLL4,9757.0,MutNovel,"A2297V,0.519"
X-3135,MLNR,2862.0,Amp5,5.06
X-3135,MNX1,3110.0,MutNovel,"A325V,0.205"
X-3135,MOCOS,55034.0,Del0.8,0.67
X-3135,MRO,83876.0,Del0.8,0.68
X-3135,MRPL15,29088.0,Amp5,5.06
X-3135,MST1R,4486.0,MutNovel,"H168Y,0.423"
X-3135,MUC3A,,MutNovel,"E601Q,0.500"
X-3135,MUC3A,,MutNovel,"I736T,0.833"
X-3135,MUC5B,727897.0,MutNovel,"R3845G,0.500"
X-3135,MYCBP2,23077.0,Amp5,5.03
X-3135,MYO10,4651.0,MutNovel,"M1036V,0.500"
X-3135,MYO10,4651.0,MutNovel,"A850T,0.496"
X-3135,MYO16,23026.0,Amp5,5.03
X-3135,MZT1,440145.0,Amp5,5.13
X-3135,NALCN,259232.0,Amp5,5.03
X-3135,NARS,4677.0,Del0.8,0.66
X-3135,NBEAP1,606.0,Del0.8,0.8
X-3135,NBPF1,55672.0,MutNovel,"D712H,0.762"
X-3135,NBPF1,55672.0,MutNovel,"DK405EE,0.833"
X-3135,NBPF14,25832.0,MutNovel,"P67L,0.400"
X-3135,NBPF9,400818.0,MutNovel,"Q184R,1.000"
X-3135,NBPF9,400818.0,MutNovel,"H337R,0.632"
X-3135,NCOR2,9612.0,MutNovel,"G1839GAAA,0.528"
X-3135,NDFIP2,54602.0,Amp5,5.03
X-3135,NDNF,79625.0,MutNovel,"A240S,0.511"
X-3135,NDRG2,57447.0,MutNovel,"R327W,0.514"
X-3135,NDUFB8,4714.0,Del0.8,0.59
X-3135,NEDD4L,23327.0,Del0.8,0.66
X-3135,NEK3,4752.0,Amp5,5.06
X-3135,NEK5,341676.0,Amp5,5.06
X-3135,NETO1,81832.0,Del0.8,0.66
X-3135,NEURL1B,54492.0,MutNovel,"D289E,1.000"
X-3135,NF1P2,440225.0,Del0.8,0.72
X-3135,NFATC1,4772.0,Del0.8,0.66
X-3135,NFRKB,4798.0,MutNovel,"A379S,0.671"
X-3135,NIPA2,81614.0,MutNovel,"E335VK,0.824"
X-3135,NPBWR1,2831.0,Amp5,5.06
X-3135,NR1H2,7376.0,MutNovel,"-173Q,0.383"
X-3135,NSMCE4A,54780.0,MutNovel,"D4G,1.000"
X-3135,OCEL1,79629.0,MutNovel,"P76R,0.371"
X-3135,OLFM4,10562.0,Amp5,5.06
X-3135,ONECUT2,9480.0,Del0.8,0.66
X-3135,OPRK1,4986.0,Amp5,5.06
X-3135,OR2T10,127069.0,Amp5,5.13
X-3135,OR4M2,390538.0,Del0.8,0.66
X-3135,OR4N3P,390539.0,Del0.8,0.66
X-3135,OR4N4,283694.0,Del0.8,0.66
X-3135,OR7E156P,283491.0,Amp5,5.06
X-3135,ORAI1,84876.0,MutNovel,"PP43-,0.727"
X-3135,OXGR1,27199.0,Amp5,5.03
X-3135,P2RY8,286530.0,MutNovel,"L1526V,0.375"
X-3135,P2RY8,286530.0,MutKnownFunctional,"-1417,0.667"
X-3135,P2RY8,286530.0,MutKnownFunctional,"-1371?,0.875"
X-3135,PABPC3,5042.0,MutKnownFunctional,"-245,0.261"
X-3135,PABPC3,5042.0,MutKnownFunctional,"-247GE?,0.286"
X-3135,PABPC3,5042.0,MutKnownFunctional,"-334?,0.250"
X-3135,PABPC3,5042.0,MutNovel,"Y377H,1.000"
X-3135,PAPD5,64282.0,MutNovel,"M428I,0.448"
X-3135,PARD6G,84552.0,Del0.8,0.66
X-3135,PCCA,5095.0,Amp5,5.03
X-3135,PCDH1,5097.0,MutNovel,"E447K,0.486"
X-3135,PCDH17,27253.0,Amp5,5.06
X-3135,PCDH20,64881.0,Amp5,5.06
X-3135,PCDH8,5100.0,Amp5,5.06
X-3135,PCDH9,5101.0,Amp5,5.06
X-3135,PCDHA8,56140.0,Del0.8,0.7
X-3135,PCDHA9,9752.0,Del0.8,0.49
X-3135,PET112,5188.0,MutNovel,"P345L,0.462"
X-3135,PHF11,51131.0,Amp5,5.06
X-3135,PHLDA1,22822.0,MutNovel,"QQ194Q,0.576"
X-3135,PHLPP1,23239.0,Del0.8,0.66
X-3135,PIAS2,9063.0,Del0.8,0.66
X-3135,PIBF1,10464.0,Amp5,5.13
X-3135,PIDD,55367.0,MutNovel,"R409H,0.594"
X-3135,PIEZO1,9780.0,MutNovel,"LL1554L,0.256"
X-3135,PIGN,23556.0,Del0.8,0.66
X-3135,PIK3C2A,5286.0,MutNovel,"T626S,0.474"
X-3135,PIK3C3,5289.0,Del0.8,0.65
X-3135,PLA2G4D,283748.0,Del0.8,0.25
X-3135,PLA2G4E,123745.0,Del0.8,0.4
X-3135,PLA2G4F,255189.0,Del0.8,0.25
X-3135,PLA2R1,22925.0,MutKnownFunctional,"-652,0.556"
X-3135,PLA2R1,22925.0,MutNovel,"I439T,0.543"
X-3135,PLAT,5327.0,Amp5,5.1
X-3135,PLCG2,5336.0,MutNovel,"T1062M,0.723"
X-3135,PLCH2,9651.0,MutNovel,"R1083W,0.714"
X-3135,PMAIP1,5366.0,Del0.8,0.66
X-3135,POLB,5423.0,Amp5,5.1
X-3135,POLI,11201.0,Del0.8,0.66
X-3135,POLR2J2,246721.0,MutKnownFunctional,"R73*,1.000"
X-3135,POTEA,340441.0,Amp5,7.06
X-3135,POTEB,339010.0,Del0.8,0.72
X-3135,POU4F1,5457.0,Amp5,5.03
X-3135,PQLC1,80148.0,Del0.8,0.66
X-3135,PREX1,57580.0,MutNovel,"D1117N,0.625"
X-3135,PRR20B,729233.0,Amp5,5.06
X-3135,PRX,57716.0,MutNovel,"R897Q,0.375"
X-3135,PSTPIP2,9050.0,Del0.8,0.66
X-3135,PTPRB,5787.0,MutKnownFunctional,"-1092,0.276"
X-3135,RAP2A,5911.0,Amp5,5.03
X-3135,RAX,30062.0,Del0.8,0.66
X-3135,RBFA,79863.0,Del0.8,0.66
X-3135,RBM11,54033.0,MutNovel,"H191R,0.222"
X-3135,RBM26,64062.0,Amp5,5.03
X-3135,RBM26-AS1,100505538.0,Amp5,5.03
X-3135,RCBTB1,55213.0,Amp5,5.06
X-3135,RCBTB2,1102.0,Amp5,5.06
X-3135,REREP3,646396.0,Del0.8,0.66
X-3135,RFWD2,64326.0,MutNovel,"I473V,0.301"
X-3135,RGS20,8601.0,Amp5,5.06
X-3135,RIN3,79890.0,MutNovel,"G967-,0.544"
X-3135,RNASEH2B,79621.0,Amp5,5.06
X-3135,RNF113B,140432.0,Amp5,5.03
X-3135,RNF125,54941.0,MutNovel,"S6G,1.000"
X-3135,RNF125,54941.0,MutNovel,"G10D,1.000"
X-3135,RNF152,220441.0,Del0.8,0.66
X-3135,RNF165,494470.0,Del0.8,0.66
X-3135,RNF170,81790.0,Amp5,5.1
X-3135,RNF219,79596.0,Amp5,5.03
X-3135,RNMTL1,55178.0,MutNovel,"D343N,1.000"
X-3135,RPL14,9045.0,MutNovel,"GT148G,0.302"
X-3135,RPRD1A,55197.0,Del0.8,0.67
X-3135,RSL1D1,26156.0,MutNovel,"K478Q,0.477"
X-3135,RTKN,6242.0,MutNovel,"V180M,0.548"
X-3135,RTTN,25914.0,Del0.8,0.66
X-3135,RUSC2,9853.0,MutNovel,"LAR1208L,0.323"
X-3135,SALL3,27164.0,Del0.8,0.66
X-3135,SCAPER,49855.0,Del0.8,0.53
X-3135,SCEL,8796.0,Amp5,5.03
X-3135,SEC11C,90701.0,Del0.8,0.66
X-3135,SEC31B,25956.0,Del0.8,0.78
X-3135,SERINC2,347735.0,MutNovel,"-373Q,0.328"
X-3135,SERPINB10,5273.0,Del0.8,0.65
X-3135,SERPINB11,89778.0,Del0.8,0.65
X-3135,SERPINB12,89777.0,Del0.8,0.65
X-3135,SERPINB13,5275.0,Del0.8,0.65
X-3135,SERPINB2,5055.0,Del0.8,0.65
X-3135,SERPINB3,6317.0,Del0.8,0.65
X-3135,SERPINB4,6318.0,Del0.8,0.65
X-3135,SERPINB5,5268.0,Del0.8,0.65
X-3135,SERPINB7,8710.0,Del0.8,0.65
X-3135,SERPINB8,5271.0,Del0.8,0.65
X-3135,SERPINE3,647174.0,Amp5,5.06
X-3135,SETBP1,26040.0,Del0.8,0.66
X-3135,SETDB2,83852.0,Amp5,5.06
X-3135,SGK196,84197.0,Amp5,5.1
X-3135,SGPP2,130367.0,MutNovel,"V81M,0.728"
X-3135,SIGLEC15,284266.0,Del0.8,0.66
X-3135,SIRT6,51548.0,MutNovel,"L78M,0.523"
X-3135,SLAIN1,122060.0,Amp5,5.03
X-3135,SLC10A2,6555.0,Amp5,5.03
X-3135,SLC14A1,6563.0,Del0.8,0.66
X-3135,SLC14A2,8170.0,Del0.8,0.66
X-3135,SLC15A1,6564.0,Amp5,5.03
X-3135,SLC20A2,6575.0,Amp5,5.1
X-3135,SLC22A23,63027.0,MutNovel,"S154G,0.475"
X-3135,SLC39A6,25800.0,Del0.8,0.67
X-3135,SLITRK1,114798.0,Amp5,5.03
X-3135,SLITRK5,26050.0,Amp5,5.21
X-3135,SLITRK6,84189.0,Amp5,5.21
X-3135,SMAD2,4087.0,Del0.8,0.57
X-3135,SMAD7,4092.0,Del0.8,0.69
X-3135,SNAPC4,6621.0,MutNovel,"S542-,0.258"
X-3135,SNORA37,677819.0,Del0.8,0.66
X-3135,SNRNP200,23020.0,MutNovel,"N526S,0.511"
X-3135,SOCS6,9306.0,Del0.8,0.66
X-3135,SOGA1,,MutNovel,"R1635C,0.562"
X-3135,SORBS2,8470.0,MutNovel,"E1061Q,0.344"
X-3135,SORCS1,114815.0,Del0.8,0.57
X-3135,SOWAHA,134548.0,MutNovel,"-4AAA,0.667"
X-3135,SOX21,11166.0,Amp5,5.03
X-3135,SPAG11A,653423.0,Del0.8,0.53
X-3135,SPAG11B,10407.0,Del0.8,0.53
X-3135,SPAG11B,10407.0,Del0.8,0.37
X-3135,SPRR2E,6704.0,MutNovel,"T20K,1.000"
X-3135,SPRY2,10253.0,Amp5,5.03
X-3135,SPRYD7,57213.0,Amp5,5.06
X-3135,SPTBN5,51332.0,Del0.8,0.75
X-3135,SSFA2,6744.0,MutNovel,"E478K,0.246"
X-3135,ST13P4,145165.0,Amp5,5.06
X-3135,ST8SIA3,51046.0,Del0.8,0.66
X-3135,ST8SIA5,29906.0,Del0.8,0.66
X-3135,STAG1,10274.0,MutNovel,"E345G,0.474"
X-3135,STARD6,147323.0,Del0.8,0.66
X-3135,STK24,8428.0,Amp5,5.03
X-3135,SUFU,51684.0,MutNovel,"R299Q,1.000"
X-3135,SUGT1,10910.0,Amp5,5.06
X-3135,SYT4,6860.0,Del0.8,0.66
X-3135,TBC1D4,9882.0,MutNovel,"T448M,0.238"
X-3135,TBC1D4,9882.0,Amp5,5.13
X-3135,TBX3,6926.0,MutKnownFunctional,"-3,0.389"
X-3135,TCEA1,6917.0,Amp5,5.06
X-3135,TCEANC,170082.0,MutNovel,"R6C,1.000"
X-3135,TCEB3B,51224.0,Del0.8,0.66
X-3135,TCEB3C,162699.0,Del0.8,0.66
X-3135,TDRD3,81550.0,Amp5,5.06
X-3135,TFRC,7037.0,MutNovel,"K531E,0.545"
X-3135,TGDS,23483.0,Amp5,5.03
X-3135,THAP1,55145.0,Amp5,5.1
X-3135,THSD1,55901.0,Amp5,5.06
X-3135,TIMM21,29090.0,Del0.8,0.66
X-3135,TM9SF2,9375.0,Amp5,5.03
X-3135,TMEM129,92305.0,MutNovel,"Y112I,0.445"
X-3135,TMEM88,92162.0,MutNovel,"P137L,1.000"
X-3135,TMTC4,84899.0,Amp5,5.03
X-3135,TMX3,54495.0,Del0.8,0.65
X-3135,TNFRSF11A,8792.0,Del0.8,0.66
X-3135,TNFSF13B,10673.0,Amp5,5.03
X-3135,TNRC18,84629.0,MutNovel,"S2621YP,0.239"
X-3135,TP53,7157.0,MutKnownFunctional,"R175H,1.000"
X-3135,TPGS2,25941.0,Del0.8,0.67
X-3135,TPMT,7172.0,MutNovel,"L173P,0.503"
X-3135,TPP2,7174.0,Amp5,5.03
X-3135,TPST2,8459.0,MutNovel,"I199V,0.470"
X-3135,TPTE2P3,220115.0,Amp5,5.06
X-3135,TRIM13,10206.0,Amp5,5.06
X-3135,TRIM56,81844.0,MutNovel,"G512R,0.437"
X-3135,TRMT2A,27037.0,MutKnownFunctional,"-599?,0.520"
X-3135,TRMT44,,MutNovel,"M300L,0.553"
X-3135,TSHZ1,10194.0,Del0.8,0.66
X-3135,TSPYL1,7259.0,MutNovel,"V176VW,0.810"
X-3135,TTC22,55001.0,MutNovel,"E477K,0.493"
X-3135,TTN,7273.0,MutNovel,"R32440H,0.800"
X-3135,TUSC1,286319.0,MutNovel,"-48A,0.345"
X-3135,TXNL1,9352.0,Del0.8,0.66
X-3135,TXNL4A,10907.0,Del0.8,0.66
X-3135,UACA,55075.0,MutNovel,"A629P,1.000"
X-3135,UBAC2,337867.0,Amp5,5.03
X-3135,UBAC2-AS1,100289373.0,Amp5,5.03
X-3135,UBC,7316.0,MutNovel,"R604H,0.331"
X-3135,UCHL3,7347.0,Amp5,5.03
X-3135,UGGT2,55757.0,Amp5,5.03
X-3135,UNKL,64718.0,MutNovel,"G348A,0.476"
X-3135,UPK3B,80761.0,MutNovel,"V101F,0.619"
X-3135,UTP14C,9724.0,Amp5,5.06
X-3135,UTY,7404.0,MutNovel,"AR1078LR,0.333"
X-3135,UTY,7404.0,MutNovel,"H1077P,0.286"
X-3135,UTY,7404.0,MutNovel,"SH1075HD,0.286"
X-3135,UTY,7404.0,MutNovel,"V1074H,0.333"
X-3135,UTY,7404.0,MutNovel,"G1073L,0.400"
X-3135,UTY,7404.0,MutNovel,"I1071G,0.385"
X-3135,UTY,7404.0,MutNovel,"G1070T,0.385"
X-3135,UTY,7404.0,MutKnownFunctional,"S1068*,0.385"
X-3135,UTY,7404.0,MutNovel,"SQ1066LA,0.385"
X-3135,UTY,7404.0,MutNovel,"S1066T,0.429"
X-3135,UTY,7404.0,MutNovel,"GG1059VR,0.417"
X-3135,UTY,7404.0,MutNovel,"S1058D,0.385"
X-3135,UTY,7404.0,MutNovel,"LL1055GL,0.333"
X-3135,UTY,7404.0,MutNovel,"E1054L,0.250"
X-3135,UTY,7404.0,MutNovel,"C1052P,0.250"
X-3135,UTY,7404.0,MutNovel,"VG1048HC,0.250"
X-3135,UTY,7404.0,MutNovel,"KN1008NP,0.316"
X-3135,UTY,7404.0,MutNovel,"PK1007HQ,0.300"
X-3135,UTY,7404.0,MutNovel,"N1006P,0.348"
X-3135,UTY,7404.0,MutNovel,"FC1003TS,0.406"
X-3135,UTY,7404.0,MutNovel,"HA348PT,0.450"
X-3135,UTY,7404.0,MutNovel,"Q343V,0.484"
X-3135,UTY,7404.0,MutNovel,"V342A,0.531"
X-3135,UTY,7404.0,MutNovel,"V342S,0.531"
X-3135,UTY,7404.0,MutNovel,"V342L,0.455"
X-3135,UTY,7404.0,MutNovel,"A337G,0.458"
X-3135,UTY,7404.0,MutKnownFunctional,"A337*,0.458"
X-3135,UTY,7404.0,MutNovel,"L335T,0.444"
X-3135,UTY,7404.0,MutNovel,"D333E,0.667"
X-3135,UTY,7404.0,MutNovel,"D333G,0.667"
X-3135,UTY,7404.0,MutNovel,"M332V,0.263"
X-3135,UTY,7404.0,MutNovel,"P331R,0.529"
X-3135,UTY,7404.0,MutNovel,"QP330PS,0.625"
X-3135,UTY,7404.0,MutKnownFunctional,"Q330*,0.615"
X-3135,UTY,7404.0,MutKnownFunctional,"QQ327Q*,0.667"
X-3135,UTY,7404.0,MutNovel,"YQ325TK,0.500"
X-3135,UTY,7404.0,MutKnownFunctional,"L324*,0.571"
X-3135,UTY,7404.0,MutNovel,"V323L,0.571"
X-3135,UTY,7404.0,MutNovel,"G322D,0.692"
X-3135,UTY,7404.0,MutNovel,"I321R,0.706"
X-3135,UTY,7404.0,MutNovel,"S320T,0.611"
X-3135,UTY,7404.0,MutKnownFunctional,"CS319*T,0.611"
X-3135,UTY,7404.0,MutNovel,"EA312IT,0.650"
X-3135,UTY,7404.0,MutNovel,"S311K,0.667"
X-3135,UTY,7404.0,MutKnownFunctional,"K310*,0.714"
X-3135,UTY,7404.0,MutNovel,"S292K,0.474"
X-3135,UTY,7404.0,MutNovel,"S292T,0.500"
X-3135,UTY,7404.0,MutNovel,"YS291LT,0.500"
X-3135,UTY,7404.0,MutNovel,"E275P,0.316"
X-3135,UTY,7404.0,MutKnownFunctional,"SL273*R,0.300"
X-3135,UTY,7404.0,MutNovel,"S273P,0.350"
X-3135,UTY,7404.0,MutNovel,"Q271A,0.316"
X-3135,UTY,7404.0,MutNovel,"I267T,0.368"
X-3135,UTY,7404.0,MutNovel,"S264R,0.353"
X-3135,UTY,7404.0,MutNovel,"S264V,0.353"
X-3135,UTY,7404.0,MutNovel,"KE262SS,0.312"
X-3135,UTY,7404.0,MutNovel,"K262E,0.267"
X-3135,UTY,7404.0,MutNovel,"KA259VS,0.250"
X-3135,UTY,7404.0,MutNovel,"K259E,0.235"
X-3135,UTY,7404.0,MutNovel,"L255P,0.333"
X-3135,UTY,7404.0,MutNovel,"DL254VA,0.333"
X-3135,UTY,7404.0,MutNovel,"HN251QR,0.222"
X-3135,UTY,7404.0,MutNovel,"M249K,0.231"
X-3135,UTY,7404.0,MutNovel,"W248R,0.214"
X-3135,UTY,7404.0,MutNovel,"LG246CS,0.250"
X-3135,UTY,7404.0,MutNovel,"Q245C,0.312"
X-3135,UTY,7404.0,MutNovel,"Q244I,0.267"
X-3135,UTY,7404.0,MutNovel,"V242A,0.267"
X-3135,UTY,7404.0,MutNovel,"T241S,0.375"
X-3135,UTY,7404.0,MutNovel,"AT240QS,0.375"
X-3135,UTY,7404.0,MutNovel,"K239I,0.294"
X-3135,UTY,7404.0,MutNovel,"K239F,0.294"
X-3135,UTY,7404.0,MutNovel,"V238Q,0.312"
X-3135,UTY,7404.0,MutNovel,"AQ236VK,0.312"
X-3135,UTY,7404.0,MutNovel,"P235S,0.211"
X-3135,UTY,7404.0,MutNovel,"N233T,0.238"
X-3135,UTY,7404.0,MutNovel,"LQ229FT,0.238"
X-3135,UTY,7404.0,MutNovel,"EQ226FK,0.278"
X-3135,UTY,7404.0,MutNovel,"Y225M,0.235"
X-3135,UTY,7404.0,MutNovel,"A224L,0.250"
X-3135,UTY,7404.0,MutNovel,"K222L,0.250"
X-3135,UTY,7404.0,MutNovel,"SA220LR,0.211"
X-3135,UTY,7404.0,MutNovel,"Y218I,0.211"
X-3135,UTY,7404.0,MutNovel,"Y218N,0.263"
X-3135,UTY,7404.0,MutNovel,"Y218N,0.263"
X-3135,UTY,7404.0,MutNovel,"R216K,0.211"
X-3135,UTY,7404.0,MutNovel,"AK163VL,0.308"
X-3135,UTY,7404.0,MutNovel,"A163P,0.333"
X-3135,UTY,7404.0,MutNovel,"Q151H,0.550"
X-3135,UTY,7404.0,MutNovel,"F150I,0.600"
X-3135,UTY,7404.0,MutNovel,"A149S,0.647"
X-3135,UTY,7404.0,MutKnownFunctional,"YW123*R,0.630"
X-3135,UTY,7404.0,MutNovel,"D122L,0.625"
X-3135,UTY,7404.0,MutNovel,"QA120LN,0.600"
X-3135,UTY,7404.0,MutKnownFunctional,"LQ119F*,0.565"
X-3135,UTY,7404.0,MutNovel,"YS117LR,0.571"
X-3135,UTY,7404.0,MutKnownFunctional,"Y116*,0.640"
X-3135,UTY,7404.0,MutNovel,"Y116L,0.640"
X-3135,UTY,7404.0,MutNovel,"QR114RS,0.565"
X-3135,UTY,7404.0,MutKnownFunctional,"YQ113G*,0.542"
X-3135,UTY,7404.0,MutNovel,"SA111WQ,0.433"
X-3135,UTY,7404.0,MutNovel,"LS110TT,0.444"
X-3135,VARS,7407.0,MutNovel,"Q1174H,0.444"
X-3135,VDAC3,7419.0,Amp5,5.1
X-3135,VPS36,51028.0,Amp5,5.06
X-3135,VPS39,23339.0,Del0.8,0.51
X-3135,VPS4B,9525.0,Del0.8,0.65
X-3135,VWA1,64856.0,MutNovel,"A326P,0.396"
X-3135,WDFY2,115825.0,Amp5,5.06
X-3135,WDR7,23335.0,Del0.8,0.66
X-3135,ZADH2,284273.0,Del0.8,0.66
X-3135,ZBTB7C,201501.0,Del0.8,0.69
X-3135,ZC3H8,84524.0,MutNovel,"A280T,0.526"
X-3135,ZCCHC2,54877.0,Del0.8,0.66
X-3135,ZDHHC11,79844.0,MutNovel,"A303D,0.618"
X-3135,ZIC2,7546.0,Amp5,5.03
X-3135,ZIC5,85416.0,Amp5,5.03
X-3135,ZNF100,163227.0,MutNovel,"H283Q,0.639"
X-3135,ZNF219,51222.0,MutNovel,"QPP233P,0.319"
X-3135,ZNF236,7776.0,Del0.8,0.66
X-3135,ZNF24,7572.0,Del0.8,0.67
X-3135,ZNF271,10778.0,Del0.8,0.67
X-3135,ZNF358,140467.0,MutNovel,"LDPVPSPDP512L,0.202"
X-3135,ZNF362,149076.0,MutNovel,"K196R,0.467"
X-3135,ZNF396,252884.0,Del0.8,0.67
X-3135,ZNF407,55628.0,Del0.8,0.66
X-3135,ZNF444,55311.0,MutNovel,"H229HPGS,0.240"
X-3135,ZNF516,9658.0,Del0.8,0.66
X-3135,ZNF532,55205.0,Del0.8,0.66
X-3135,ZNF547,284306.0,MutNovel,"S309Y,0.400"
X-3135,ZNF594,84622.0,MutNovel,"F742S,1.000"
X-3135,ZNF646,9726.0,MutNovel,"G755R,0.440"
X-3135,ZNF878,729747.0,MutNovel,"P422H,1.000"
X-3135,ZSWIM6,57688.0,MutNovel,"R1040H,0.429"
X-3196,ABCB4,5244.0,MutNovel,"N1285K,0.857"
X-3196,ABCC13,150000.0,Del0.8,0.28
X-3196,ACAD11,84129.0,MutNovel,"N408S,0.500"
X-3196,ACOT1,641371.0,Amp5,5.21
X-3196,ACR,49.0,MutNovel,"G217E,1.000"
X-3196,ADAM6,8755.0,Amp5,5.17
X-3196,AHCTF1,25909.0,MutNovel,"V1827F,0.489"
X-3196,AMELY,266.0,Del0.8,0.76
X-3196,ANKRD20A11P,391267.0,Del0.8,0.45
X-3196,ANKRD23,200539.0,Del0.8,0.73
X-3196,ANKRD39,51239.0,Del0.8,0.73
X-3196,APC,324.0,MutKnownFunctional,"-1376,1.000"
X-3196,AREG,374.0,MutKnownFunctional,"-110?,0.714"
X-3196,ARHGAP23,57636.0,MutNovel,"F99Y,0.400"
X-3196,ATAD1,84896.0,Del0.8,0.25
X-3196,ATAD3B,83858.0,MutKnownFunctional,"P639*,0.402"
X-3196,ATOH1,474.0,MutNovel,"R171S,0.448"
X-3196,AUTS2,26053.0,MutNovel,"S1125SH,0.433"
X-3196,BCORP1,286554.0,Del0.8,0.76
X-3196,BEST1,7439.0,MutNovel,"S291Y,1.000"
X-3196,BICC1,80114.0,Del0.8,0.34
X-3196,BMP2K,55589.0,MutNovel,"Q486H,0.536"
X-3196,BPY2B,442867.0,Del0.8,0.71
X-3196,BPY2B,442867.0,Del0.8,0.71
X-3196,BTG3,10950.0,Del0.8,0.28
X-3196,BTN2A2,10385.0,MutNovel,"S224F,0.583"
X-3196,BTRC,8945.0,MutNovel,"C383R,0.318"
X-3196,C14orf159,80017.0,MutNovel,"A135T,1.000"
X-3196,C16orf93,90835.0,MutNovel,"A28T,0.714"
X-3196,C21orf15,54094.0,Del0.8,0.45
X-3196,C21orf37,100505929.0,Del0.8,0.28
X-3196,C21orf56,84221.0,MutNovel,"E14K,1.000"
X-3196,C21orf91,54149.0,Del0.8,0.28
X-3196,C21orf91-OT1,246312.0,Del0.8,0.28
X-3196,C2CD4A,145741.0,MutNovel,"R225G,1.000"
X-3196,C3orf32,51066.0,MutNovel,"C237R,0.530"
X-3196,CATSPER2,117155.0,MutNovel,"M366I,1.000"
X-3196,CBWD6,644019.0,MutKnownFunctional,"-259?,0.438"
X-3196,CBY3,646019.0,MutNovel,"E10D,1.000"
X-3196,CCDC57,284001.0,MutNovel,"R697C,0.516"
X-3196,CDK19,23097.0,MutNovel,"A447T,0.455"
X-3196,CDY1B,253175.0,Del0.8,0.71
X-3196,CDY1B,253175.0,Del0.8,0.71
X-3196,CDY2A,9426.0,Del0.8,0.76
X-3196,CDY2A,9426.0,Del0.8,0.76
X-3196,CDY2B,203611.0,Del0.8,0.76
X-3196,CDY2B,203611.0,Del0.8,0.76
X-3196,CEACAM7,1087.0,MutNovel,"L187P,0.500"
X-3196,CEACAM8,1088.0,MutNovel,"T171A,0.714"
X-3196,CEBPZ,10153.0,MutNovel,"V727M,0.575"
X-3196,CELSR3,1951.0,MutNovel,"S3195P,0.276"
X-3196,CEP290,80184.0,MutNovel,"E1889Q,0.449"
X-3196,CFL1P1,142913.0,Del0.8,0.25
X-3196,CGRRF1,10668.0,MutNovel,"T85S,0.459"
X-3196,CHODL,140578.0,Del0.8,0.28
X-3196,CHODL-AS1,54075.0,Del0.8,0.28
X-3196,CIT,11113.0,MutNovel,"V1753I,0.470"
X-3196,CLCN2,1181.0,MutNovel,"H486Y,0.551"
X-3196,CLN3,1201.0,MutNovel,"T412A,0.504"
X-3196,CLPTM1L,81037.0,MutNovel,"R250C,0.496"
X-3196,CNNM3,26505.0,Del0.8,0.73
X-3196,CNNM4,26504.0,MutNovel,"E223Q,0.525"
X-3196,CNNM4,26504.0,Del0.8,0.73
X-3196,COBRA1,25920.0,MutNovel,"G327S,0.456"
X-3196,COG4,25839.0,MutNovel,"G26D,0.464"
X-3196,COQ2,27235.0,MutNovel,"S107T,0.393"
X-3196,COQ3,51805.0,MutNovel,"I67M,0.455"
X-3196,CREBBP,1387.0,MutNovel,"V1414I,0.489"
X-3196,CRIPAK,285464.0,MutNovel,"V164A,0.714"
X-3196,CSPG4P1Y,114758.0,Del0.8,0.71
X-3196,CSPG4P1Y,114758.0,Del0.8,0.71
X-3196,CTSA,5476.0,MutNovel,"L29-,1.000"
X-3196,CXADR,1525.0,Del0.8,0.28
X-3196,CYP2B6,1555.0,MutNovel,"G333N,0.875"
X-3196,D21S2088E,266917.0,Del0.8,0.29
X-3196,DAZ1,1617.0,Del0.8,0.71
X-3196,DAZ2,57055.0,Del0.8,0.71
X-3196,DAZ3,57054.0,Del0.8,0.71
X-3196,DAZ3,57054.0,Del0.8,0.71
X-3196,DAZ4,57135.0,Del0.8,0.71
X-3196,DAZ4,57135.0,Del0.8,0.71
X-3196,DDX23,9416.0,MutNovel,"R192K,0.577"
X-3196,DDX3Y,8653.0,Del0.8,0.76
X-3196,DEM1,64789.0,MutKnownFunctional,"-344?,0.579"
X-3196,DENND4B,9909.0,MutNovel,"QQQ908-,1.000"
X-3196,DNAH1,25981.0,MutNovel,"D645N,0.714"
X-3196,DNAH1,25981.0,MutNovel,"I2237V,0.560"
X-3196,DOC2A,8448.0,MutNovel,"C308R,0.857"
X-3196,DOPEY1,23033.0,MutNovel,"S2046T,0.322"
X-3196,DROSHA,29102.0,MutNovel,"P147L,0.618"
X-3196,DYNC1H1,1778.0,MutNovel,"T4064M,0.532"
X-3196,EIF1AY,9086.0,Del0.8,0.71
X-3196,ENPP3,5169.0,MutNovel,"M717V,0.375"
X-3196,ERG,2078.0,Del0.8,0.62
X-3196,ERMP1,79956.0,MutNovel,"A60V,0.375"
X-3196,FA2H,79152.0,MutNovel,"G258S,0.626"
X-3196,FAM197Y2P,252946.0,Del0.8,0.76
X-3196,FAM41AY1,340618.0,Del0.8,0.76
X-3196,FAM41AY1,340618.0,Del0.8,0.76
X-3196,FBLIM1,54751.0,MutNovel,"M78L,0.344"
X-3196,FCGBP,8857.0,MutNovel,"C5050R,0.955"
X-3196,FGF14,2259.0,Del0.8,0.72
X-3196,FGF14-IT1,283480.0,Del0.8,0.56
X-3196,FLJ22184,80164.0,MutNovel,"R1168P,0.529"
X-3196,FLJ22184,80164.0,MutNovel,"R765H,0.536"
X-3196,FLJ22184,80164.0,MutNovel,"R742H,0.556"
X-3196,FLYWCH1,84256.0,MutNovel,"V55M,0.431"
X-3196,FUT9,10690.0,Del0.8,0.68
X-3196,GIGYF2,26058.0,MutNovel,"PQ1231P,1.000"
X-3196,GOLGA2P2Y,84559.0,Del0.8,0.71
X-3196,GOLGA2P2Y,84559.0,Del0.8,0.71
X-3196,GPATCH8,23131.0,MutNovel,"RSR967R,0.545"
X-3196,GPRIN2,9721.0,MutNovel,"-238MRE,0.895"
X-3196,GSTT2,2953.0,Del0.8,0.57
X-3196,GYG2P1,352887.0,Del0.8,0.76
X-3196,HEATR1,55127.0,MutNovel,"K157R,0.452"
X-3196,HEATR7A,727957.0,MutNovel,"D460N,0.795"
X-3196,HSF4,3299.0,MutNovel,"R130H,0.659"
X-3196,HSFY2,159119.0,Del0.8,0.76
X-3196,HSFY2,159119.0,Del0.8,0.76
X-3196,HSPA13,6782.0,Del0.8,0.28
X-3196,IER3,8870.0,MutNovel,"R72G,0.388"
X-3196,INADL,10207.0,MutNovel,"I1155V,0.417"
X-3196,KDM5D,8284.0,Del0.8,0.76
X-3196,KIAA0564,23078.0,MutNovel,"R1526K,0.676"
X-3196,KIAA0930,23313.0,MutNovel,"R402Q,0.545"
X-3196,KIF20B,9585.0,MutNovel,"L1062LKV,0.388"
X-3196,KIF3B,9371.0,MutNovel,"Q136L,0.213"
X-3196,KLLN,100144748.0,Del0.8,0.49
X-3196,KRT35,3886.0,MutNovel,"T396M,0.667"
X-3196,KRTCAP3,200634.0,MutNovel,"L23F,0.409"
X-3196,LAD1,3898.0,MutNovel,"T285A,0.329"
X-3196,LHX4,89884.0,MutNovel,"N271S,0.545"
X-3196,LINC00226,338004.0,Amp5,5.28
X-3196,LINC00308,54143.0,Del0.8,0.28
X-3196,LINC00317,378828.0,Del0.8,0.28
X-3196,LINC00320,387486.0,Del0.8,0.28
X-3196,LINC00478,388815.0,Del0.8,0.28
X-3196,LIPI,149998.0,Del0.8,0.28
X-3196,LOC100287010,100287010.0,Del0.8,0.72
X-3196,LOC100652943,,MutNovel,"P168A,0.667"
X-3196,LOC283481,283481.0,Del0.8,0.26
X-3196,LOC439994,439994.0,Del0.8,0.47
X-3196,LOC728728,,MutNovel,"S171P,1.000"
X-3196,LRRC37A,9884.0,MutNovel,"A1200T,1.000"
X-3196,LSR,51599.0,MutNovel,"G518GR,0.541"
X-3196,MAN2B2,23324.0,MutNovel,"A576V,0.587"
X-3196,MANEA,79694.0,Del0.8,0.68
X-3196,MAP4K2,5871.0,MutNovel,"R562W,0.590"
X-3196,MIPEP,4285.0,MutNovel,"R664H,0.340"
X-3196,MIR125B2,406912.0,Del0.8,0.28
X-3196,MIR3127,100422928.0,Del0.8,0.73
X-3196,MIR99A,407055.0,Del0.8,0.28
X-3196,MIRLET7C,406885.0,Del0.8,0.28
X-3196,MLLT4,4301.0,MutNovel,"Y964C,0.538"
X-3196,MRM1,79922.0,MutNovel,"R37H,0.474"
X-3196,MSI1,4440.0,MutNovel,"Q42H,0.321"
X-3196,MTG1,92170.0,MutNovel,"S10R,0.559"
X-3196,MUC12,10071.0,MutNovel,"T312I,0.359"
X-3196,MUC12,10071.0,MutNovel,"L324F,0.447"
X-3196,MUC12,10071.0,MutNovel,"S330L,0.474"
X-3196,MUC12,10071.0,MutNovel,"T340P,0.418"
X-3196,MUC12,10071.0,MutNovel,"R855H,0.900"
X-3196,MUC12,10071.0,MutNovel,"T1039I,0.600"
X-3196,MUC12,10071.0,MutNovel,"E1323K,0.684"
X-3196,MUC12,10071.0,MutNovel,"D1348G,1.000"
X-3196,MUC12,10071.0,MutNovel,"L1735F,0.978"
X-3196,MUC12,10071.0,MutNovel,"S1741L,0.974"
X-3196,MUC12,10071.0,MutNovel,"E1768G,0.980"
X-3196,MUC12,10071.0,MutNovel,"T1770M,0.981"
X-3196,MUC12,10071.0,MutNovel,"T1832I,0.750"
X-3196,MUC12,10071.0,MutNovel,"D1839E,0.600"
X-3196,MUC12,10071.0,MutNovel,"S1856N,0.714"
X-3196,MUC12,10071.0,MutNovel,"T2103A,0.909"
X-3196,MUC12,10071.0,MutNovel,"A2392T,1.000"
X-3196,MUC12,10071.0,MutNovel,"A2912T,0.667"
X-3196,MUC12,10071.0,MutNovel,"S3413N,0.500"
X-3196,MUC12,10071.0,MutNovel,"T4071A,1.000"
X-3196,MUC12,10071.0,MutNovel,"E4601G,1.000"
X-3196,MUC12,10071.0,MutNovel,"T4603M,1.000"
X-3196,MUC16,94025.0,MutNovel,"P11737S,1.000"
X-3196,MUC3A,,MutNovel,"E601Q,0.333"
X-3196,MUC3A,,MutNovel,"I736T,0.667"
X-3196,MUC4,4585.0,MutNovel,"A3785V,0.429"
X-3196,MUC5B,727897.0,MutNovel,"T3326M,0.623"
X-3196,NCAM2,4685.0,Del0.8,0.28
X-3196,NCOR2,9612.0,MutNovel,"G1839GAAA,0.895"
X-3196,NCRNA00185,55410.0,Del0.8,0.76
X-3196,NDUFA7,4701.0,MutNovel,"I68V,0.520"
X-3196,NLGN4Y,22829.0,Del0.8,0.76
X-3196,NPIPL3,23117.0,MutNovel,"L793I,0.375"
X-3196,NPIPL3,23117.0,MutNovel,"G587R,0.267"
X-3196,NPIPL3,23117.0,MutNovel,"R391C,0.526"
X-3196,NR6A1,2649.0,MutNovel,"P7Q,0.500"
X-3196,NRIP1,8204.0,Del0.8,0.28
X-3196,NUDT22,84304.0,MutNovel,"T129R,0.573"
X-3196,ORAI1,84876.0,MutNovel,"PP43-,1.000"
X-3196,PABPC3,5042.0,MutKnownFunctional,"-245,0.316"
X-3196,PABPC3,5042.0,MutKnownFunctional,"-247GE?,0.474"
X-3196,PAPSS2,9060.0,Del0.8,0.7
X-3196,PCDH11Y,83259.0,Del0.8,0.66
X-3196,PEX11G,92960.0,MutNovel,"R171Q,0.538"
X-3196,PHF16,9767.0,Del0.8,0.26
X-3196,PHLDA1,22822.0,MutNovel,"QQ194Q,1.000"
X-3196,PHRF1,57661.0,MutNovel,"P894H,0.494"
X-3196,PIGQ,9091.0,MutNovel,"R338G,0.550"
X-3196,PLA2G4F,255189.0,MutNovel,"G577V,1.000"
X-3196,PLEC,5339.0,MutNovel,"R1963W,0.804"
X-3196,PLEKHA4,57664.0,MutNovel,"R338W,0.765"
X-3196,PLEKHB2,55041.0,MutNovel,"M133T,0.476"
X-3196,POM121,9883.0,MutNovel,"A593T,0.267"
X-3196,POT1,25913.0,MutNovel,"P601L,0.698"
X-3196,PPAPDC1A,196051.0,Del0.8,0.65
X-3196,PPM1H,57460.0,MutNovel,"R477H,0.469"
X-3196,PQBP1,10084.0,MutNovel,"R112Q,1.000"
X-3196,PRDM15,63977.0,MutNovel,"V650M,0.389"
X-3196,PRKY,5616.0,Del0.8,0.76
X-3196,PRY,9081.0,Del0.8,0.71
X-3196,PRY,9081.0,Del0.8,0.71
X-3196,PRY2,442862.0,Del0.8,0.71
X-3196,PRY2,442862.0,Del0.8,0.71
X-3196,PTEN,5728.0,Del0.8,0.53
X-3196,PTPN11,5781.0,MutNovel,"I479T,0.450"
X-3196,PUS7L,83448.0,MutNovel,"C142G,0.533"
X-3196,RBM11,54033.0,Del0.8,0.28
X-3196,RBMY1A3P,286557.0,Del0.8,0.76
X-3196,RBMY1B,378948.0,Del0.8,0.71
X-3196,RBMY1B,378948.0,Del0.8,0.71
X-3196,RBMY1E,378950.0,Del0.8,0.71
X-3196,RBMY1E,378950.0,Del0.8,0.71
X-3196,RBMY1F,159163.0,Del0.8,0.71
X-3196,RBMY1F,159163.0,Del0.8,0.71
X-3196,RBMY1J,378951.0,Del0.8,0.71
X-3196,RBMY1J,378951.0,Del0.8,0.71
X-3196,RBMY2EP,159125.0,Del0.8,0.71
X-3196,RBMY2FP,159162.0,Del0.8,0.71
X-3196,RBMY3AP,64593.0,Del0.8,0.76
X-3196,RCCD1,91433.0,MutNovel,"L263R,0.989"
X-3196,RFC3,5983.0,MutNovel,"L148V,0.308"
X-3196,RGN,9104.0,Del0.8,0.27
X-3196,RIBC1,158787.0,MutNovel,"M210V,1.000"
X-3196,RIN3,79890.0,MutNovel,"G967-,0.667"
X-3196,RNF20,56254.0,MutNovel,"H810R,0.424"
X-3196,RNLS,55328.0,Del0.8,0.43
X-3196,RP2,6102.0,Del0.8,0.2
X-3196,RPL14,9045.0,MutNovel,"T149TA,0.500"
X-3196,RPL34,6164.0,MutNovel,"V56D,0.512"
X-3196,RPS4Y2,140032.0,Del0.8,0.71
X-3196,SAC3D1,29901.0,MutNovel,"V74E,0.522"
X-3196,SAFB2,9667.0,MutNovel,"G824D,0.490"
X-3196,SAMSN1,64092.0,Del0.8,0.28
X-3196,SCAPER,49855.0,Del0.8,0.6
X-3196,SCYL3,57147.0,MutNovel,"R354L,0.409"
X-3196,SDCCAG8,10806.0,MutNovel,"V698L,0.300"
X-3196,SEMA3B,7869.0,MutNovel,"Q190E,0.357"
X-3196,SERINC2,347735.0,MutNovel,"-373Q,1.000"
X-3196,SESN1,27244.0,MutNovel,"D454H,0.460"
X-3196,SGSM2,9905.0,MutNovel,"R226W,1.000"
X-3196,SHD,56961.0,MutNovel,"A197P,1.000"
X-3196,SKIV2L,6499.0,MutNovel,"S496I,0.513"
X-3196,SLC22A3,6581.0,MutNovel,"P518L,0.581"
X-3196,SLC22A3,6581.0,MutNovel,"G522A,0.580"
X-3196,SLC25A5,292.0,MutNovel,"A190S,1.000"
X-3196,SLC9A7,84679.0,Del0.8,0.31
X-3196,SPEG,10290.0,MutNovel,"A2183T,1.000"
X-3196,SPIN3,169981.0,Del0.8,0.21
X-3196,SPTBN5,51332.0,MutNovel,"R1896H,1.000"
X-3196,SRFBP1,153443.0,MutKnownFunctional,"-234?,0.258"
X-3196,STEAP1,26872.0,MutNovel,"G33A,0.733"
X-3196,TBL1Y,90665.0,Del0.8,0.76
X-3196,TBP,6908.0,MutNovel,"-64Q,1.000"
X-3196,TET1,80312.0,MutNovel,"L2044F,0.667"
X-3196,TG,7038.0,MutNovel,"T2007I,1.000"
X-3196,TGM2,7052.0,MutNovel,"DE434EQ,0.882"
X-3196,TLK2,11011.0,MutNovel,"R262Q,0.377"
X-3196,TMEM144,55314.0,MutNovel,"V194M,0.394"
X-3196,TMEM39A,55254.0,MutKnownFunctional,"-80?,0.481"
X-3196,TMPRSS15,5651.0,Del0.8,0.28
X-3196,TMSB4Y,9087.0,Del0.8,0.76
X-3196,TNRC6A,27327.0,MutNovel,"S192N,0.442"
X-3196,TP53,7157.0,MutKnownFunctional,"E51*,0.978"
X-3196,TSPY1,7258.0,Del0.8,0.76
X-3196,TSPY2,64591.0,Del0.8,0.76
X-3196,TSPY3,728137.0,Del0.8,0.76
X-3196,TSPY4,728395.0,Del0.8,0.76
X-3196,TSPY8,728403.0,Del0.8,0.76
X-3196,TSPYL1,7259.0,MutNovel,"V176VW,0.453"
X-3196,TTC19,54902.0,MutNovel,"P170L,1.000"
X-3196,TTTY10,246119.0,Del0.8,0.71
X-3196,TTTY11,83866.0,Del0.8,0.76
X-3196,TTTY12,83867.0,Del0.8,0.76
X-3196,TTTY13,83868.0,Del0.8,0.71
X-3196,TTTY14,83869.0,Del0.8,0.76
X-3196,TTTY15,64595.0,Del0.8,0.76
X-3196,TTTY16,252948.0,Del0.8,0.76
X-3196,TTTY17A,252949.0,Del0.8,0.71
X-3196,TTTY17A,252949.0,Del0.8,0.71
X-3196,TTTY18,252950.0,Del0.8,0.76
X-3196,TTTY19,252952.0,Del0.8,0.76
X-3196,TTTY1B,100101116.0,Del0.8,0.76
X-3196,TTTY1B,100101116.0,Del0.8,0.76
X-3196,TTTY2,60439.0,Del0.8,0.76
X-3196,TTTY2,60439.0,Del0.8,0.76
X-3196,TTTY20,252951.0,Del0.8,0.76
X-3196,TTTY21,252953.0,Del0.8,0.76
X-3196,TTTY21,252953.0,Del0.8,0.76
X-3196,TTTY22,252954.0,Del0.8,0.76
X-3196,TTTY23,252955.0,Del0.8,0.76
X-3196,TTTY23,252955.0,Del0.8,0.76
X-3196,TTTY3,114760.0,Del0.8,0.71
X-3196,TTTY3,114760.0,Del0.8,0.71
X-3196,TTTY4,114761.0,Del0.8,0.71
X-3196,TTTY4,114761.0,Del0.8,0.71
X-3196,TTTY5,83863.0,Del0.8,0.71
X-3196,TTTY6,84672.0,Del0.8,0.71
X-3196,TTTY6,84672.0,Del0.8,0.71
X-3196,TTTY7,246122.0,Del0.8,0.76
X-3196,TTTY7,246122.0,Del0.8,0.76
X-3196,TTTY7B,100101120.0,Del0.8,0.76
X-3196,TTTY7B,100101120.0,Del0.8,0.76
X-3196,TTTY8,84673.0,Del0.8,0.76
X-3196,TTTY8,84673.0,Del0.8,0.76
X-3196,TTTY9A,83864.0,Del0.8,0.76
X-3196,TTTY9A,83864.0,Del0.8,0.76
X-3196,TUSC1,286319.0,MutNovel,"-48A,0.294"
X-3196,TXLNG2P,246126.0,Del0.8,0.76
X-3196,UBAP1,51271.0,MutNovel,"T425M,0.556"
X-3196,UGT2A3,79799.0,MutNovel,"G298W,0.429"
X-3196,USP25,29761.0,Del0.8,0.28
X-3196,USP36,57602.0,MutNovel,"KKK958K,0.398"
X-3196,USP45,85015.0,MutNovel,"S780L,0.587"
X-3196,USP9Y,8287.0,Del0.8,0.76
X-3196,UTY,7404.0,Del0.8,0.76
X-3196,VANGL1,81839.0,MutNovel,"M420V,0.518"
X-3196,VCY,9084.0,Del0.8,0.76
X-3196,VCY,9084.0,Del0.8,0.76
X-3196,VEZT,55591.0,MutKnownFunctional,"-71?,0.360"
X-3196,WDR4,10785.0,MutNovel,"A55P,0.435"
X-3196,XKRY2,353515.0,Del0.8,0.76
X-3196,XKRY2,353515.0,Del0.8,0.76
X-3196,ZC3H7A,29066.0,MutNovel,"R537Q,0.531"
X-3196,ZDHHC11,79844.0,MutNovel,"A303D,1.000"
X-3196,ZMYM5,9205.0,MutNovel,"S389G,0.302"
X-3196,ZNF254,9534.0,MutNovel,"C411R,0.571"
X-3196,ZNF337,26152.0,MutNovel,"A201T,0.262"
X-3196,ZNF384,171017.0,MutNovel,"QQ514Q,1.000"
X-3196,ZNF416,55659.0,MutKnownFunctional,"-231?,0.278"
X-3196,ZNF598,90850.0,MutNovel,"S263L,0.456"
X-3196,ZNF845,91664.0,MutNovel,"R402C,0.429"
X-3196,ZNF862,643641.0,MutNovel,"V802M,0.367"
X-3196,ZNRF2,223082.0,MutNovel,"D123DG,0.333"
X-3205,61E3.4,,MutNovel,"K338N,1.000"
X-3205,AARS,16.0,MutNovel,"D36G,0.235"
X-3205,ABCB10,23456.0,MutNovel,"L84P,0.592"
X-3205,ABCC1,4363.0,MutNovel,"A1036V,0.466"
X-3205,ABCC3,8714.0,MutNovel,"Q828H,0.464"
X-3205,ABCC5,10057.0,MutNovel,"I621N,0.600"
X-3205,ABL2,27.0,MutNovel,"V232M,0.750"
X-3205,ACACB,32.0,MutNovel,"E660D,0.375"
X-3205,ACACB,32.0,MutNovel,"G2159V,0.292"
X-3205,ACAD8,27034.0,MutNovel,"C351R,0.634"
X-3205,ACAT1,38.0,MutNovel,"Y188H,0.462"
X-3205,ACER3,55331.0,MutNovel,"Y25C,0.417"
X-3205,ACOT1,641371.0,Del0.8,0.5
X-3205,ACTR6,64431.0,MutNovel,"R252M,0.480"
X-3205,ACTR6,64431.0,MutNovel,"R269C,0.464"
X-3205,ACVR1,90.0,MutNovel,"S364G,0.393"
X-3205,ACVR2A,92.0,MutKnownFunctional,"-435,0.883"
X-3205,ADAM8,101.0,MutNovel,"V551I,0.636"
X-3205,ADAR,103.0,MutNovel,"S397A,0.404"
X-3205,ADCK3,56997.0,MutNovel,"Y429D,0.477"
X-3205,ADCK4,79934.0,MutNovel,"A407V,0.574"
X-3205,ADCY9,115.0,MutNovel,"A293T,0.714"
X-3205,ADD3,120.0,MutKnownFunctional,"-699,0.384"
X-3205,ADM,133.0,MutKnownFunctional,"-79,0.339"
X-3205,ADNP,23394.0,MutKnownFunctional,"-1016,0.427"
X-3205,ADNP2,22850.0,MutNovel,"W1083R,0.512"
X-3205,ADSSL1,122622.0,MutNovel,"T314A,0.600"
X-3205,AFG3L2,10939.0,MutNovel,"L23I,0.434"
X-3205,AGMAT,79814.0,MutNovel,"R96C,0.281"
X-3205,AGPAT4,56895.0,MutNovel,"Y288H,0.675"
X-3205,AGPAT6,137964.0,MutNovel,"G337E,0.481"
X-3205,AGRN,375790.0,MutKnownFunctional,"Q684*,0.320"
X-3205,AHNAK2,113146.0,MutNovel,"P3195A,0.208"
X-3205,AHNAK2,113146.0,MutKnownFunctional,"-3031,0.277"
X-3205,AIM1,202.0,MutNovel,"E646G,0.566"
X-3205,AIM1L,55057.0,MutNovel,"R984S,0.727"
X-3205,AKAP11,11215.0,MutNovel,"D347N,0.391"
X-3205,AKAP7,9465.0,MutKnownFunctional,"-77,0.833"
X-3205,AKAP9,10142.0,MutNovel,"A3642V,0.417"
X-3205,AKD1,221264.0,MutNovel,"Y10C,0.400"
X-3205,AKT2,208.0,MutNovel,"V272A,0.511"
X-3205,ALDH1A2,8854.0,MutNovel,"V509M,0.682"
X-3205,ALDH1B1,219.0,MutKnownFunctional,"-343,0.322"
X-3205,ALDOA,226.0,MutNovel,"L283P,0.709"
X-3205,ALG11,440138.0,MutKnownFunctional,"-131,0.278"
X-3205,ALG12,79087.0,MutNovel,"R311H,0.521"
X-3205,ALG13,79868.0,MutNovel,"I885T,0.572"
X-3205,ALKBH8,91801.0,MutNovel,"V139A,0.529"
X-3205,ALPK1,80216.0,MutNovel,"V83A,0.696"
X-3205,AMELY,266.0,Del0.8,0.18
X-3205,AMFR,267.0,MutNovel,"A70V,0.481"
X-3205,AMHR2,269.0,MutNovel,"G350R,0.429"
X-3205,AMOT,154796.0,MutNovel,"A934T,0.233"
X-3205,AMPD3,272.0,MutNovel,"L522R,0.240"
X-3205,ANAPC5,51433.0,MutNovel,"Y591H,0.445"
X-3205,ANGEL2,90806.0,MutNovel,"R133W,0.515"
X-3205,ANKRD11,29123.0,MutNovel,"Q2091H,0.328"
X-3205,ANKRD13B,124930.0,MutKnownFunctional,"C476*,0.385"
X-3205,ANKRD18B,441459.0,MutNovel,"N374I,1.000"
X-3205,ANKRD36B,57730.0,MutNovel,"G351D,0.714"
X-3205,ANKZF1,55139.0,MutNovel,"R619G,0.579"
X-3205,ANO8,57719.0,MutNovel,"R177C,0.567"
X-3205,ANO8,57719.0,MutNovel,"A29V,0.553"
X-3205,AP1G2,8906.0,MutNovel,"V678A,0.447"
X-3205,AP2A2,161.0,MutNovel,"A700T,0.490"
X-3205,AP3D1,8943.0,MutNovel,"G389C,0.496"
X-3205,APC,324.0,MutNovel,"A1485S,0.423"
X-3205,AQR,9716.0,MutNovel,"L543P,0.657"
X-3205,ARFGAP2,84364.0,MutNovel,"P189S,0.421"
X-3205,ARFRP1,10139.0,MutKnownFunctional,"-131,0.564"
X-3205,ARHGAP18,93663.0,MutKnownFunctional,"Q43*,0.636"
X-3205,ARHGAP21,57584.0,MutKnownFunctional,"-1829,0.371"
X-3205,ARHGAP5,394.0,MutKnownFunctional,"-890?,0.302"
X-3205,ARHGEF10,9639.0,MutNovel,"V1000F,0.545"
X-3205,ARHGEF5,7984.0,MutNovel,"A338V,0.388"
X-3205,ARHGEF7,8874.0,MutNovel,"L375I,0.496"
X-3205,ARID1A,8289.0,MutNovel,"A246T,0.759"
X-3205,ARID1A,8289.0,MutKnownFunctional,"-1848,0.639"
X-3205,ARID3A,1820.0,MutKnownFunctional,"-42,0.278"
X-3205,ARID3A,1820.0,MutNovel,"H220R,0.719"
X-3205,ARID4B,51742.0,MutNovel,"EE548E,0.220"
X-3205,ARID5B,84159.0,MutKnownFunctional,"-210,0.322"
X-3205,ARL2BP,23568.0,MutNovel,"A105V,0.507"
X-3205,ARL6IP4,51329.0,MutNovel,"G325S,0.304"
X-3205,ARPC5L,81873.0,MutKnownFunctional,"-154,0.445"
X-3205,ARSD,414.0,MutNovel,"A539D,0.388"
X-3205,ASH1L,55870.0,MutKnownFunctional,"-2895,0.454"
X-3205,ASL,435.0,MutNovel,"F270S,0.424"
X-3205,ASL,435.0,MutNovel,"A404T,0.610"
X-3205,ASMTL,8623.0,MutNovel,"A548T,0.547"
X-3205,ASTE1,28990.0,MutNovel,"A332V,0.521"
X-3205,ASXL1,171023.0,MutNovel,"D799Y,0.542"
X-3205,ATAD2B,54454.0,MutNovel,"R1135Q,0.367"
X-3205,ATAD2B,54454.0,MutNovel,"M391T,0.676"
X-3205,ATAD3B,83858.0,MutNovel,"R188Q,0.352"
X-3205,ATAD3B,83858.0,MutNovel,"E209K,0.297"
X-3205,ATAD3B,83858.0,MutNovel,"S216A,1.000"
X-3205,ATAD3C,219293.0,MutNovel,"R122W,1.000"
X-3205,ATAD3C,219293.0,MutNovel,"I163T,1.000"
X-3205,ATAD5,79915.0,MutNovel,"I1198T,0.500"
X-3205,ATF3,467.0,MutNovel,"Q140H,0.357"
X-3205,ATG16L2,89849.0,MutNovel,"L132P,0.655"
X-3205,ATG2B,55102.0,MutNovel,"E2020K,0.613"
X-3205,ATG2B,55102.0,MutKnownFunctional,"-1040,0.719"
X-3205,ATN1,1822.0,MutKnownFunctional,"-253,0.522"
X-3205,ATP13A1,57130.0,MutNovel,"P669S,0.528"
X-3205,ATP13A1,57130.0,MutNovel,"A275V,0.531"
X-3205,ATP13A2,23400.0,MutNovel,"Q613P,0.607"
X-3205,ATP1A3,478.0,MutNovel,"D675V,0.433"
X-3205,ATP2A2,488.0,MutNovel,"S1037N,0.474"
X-3205,ATP2C1,27032.0,MutNovel,"R830H,0.468"
X-3205,ATP6V1A,523.0,MutNovel,"V208I,0.440"
X-3205,ATPIF1,93974.0,MutKnownFunctional,"-49,0.386"
X-3205,AUTS2,26053.0,MutNovel,"S820T,0.699"
X-3205,AXIN1,8312.0,MutNovel,"A261T,0.519"
X-3205,AXIN2,8313.0,MutKnownFunctional,"-665,0.392"
X-3205,AXIN2,8313.0,MutKnownFunctional,"-404,0.283"
X-3205,B4GALT2,8704.0,MutNovel,"G285C,0.310"
X-3205,B4GALT7,11285.0,MutNovel,"W263R,0.375"
X-3205,BAI2,576.0,MutKnownFunctional,"-37,0.562"
X-3205,BAIAP2L2,80115.0,MutKnownFunctional,"W141*,0.429"
X-3205,BAP1,8314.0,MutNovel,"I87M,0.289"
X-3205,BARD1,580.0,MutNovel,"M383T,0.489"
X-3205,BAX,581.0,MutKnownFunctional,"-38,0.869"
X-3205,BAZ2A,11176.0,MutNovel,"R1096H,0.473"
X-3205,BBS2,583.0,MutNovel,"R506W,0.434"
X-3205,BCL7C,9274.0,MutNovel,"K20-,0.368"
X-3205,BCORP1,286554.0,Del0.8,0.18
X-3205,BIN1,274.0,MutNovel,"V495A,0.586"
X-3205,BIN3,55909.0,MutNovel,"A204V,0.555"
X-3205,BLZF1,8548.0,MutNovel,"L236S,0.478"
X-3205,BMP1,649.0,MutNovel,"R820C,0.402"
X-3205,BMPR2,659.0,MutKnownFunctional,"-581,0.556"
X-3205,BOD1L1,,MutNovel,"S2644C,0.541"
X-3205,BOD1L1,,MutNovel,"G1718C,0.679"
X-3205,BPTF,2186.0,MutKnownFunctional,"-1728,0.324"
X-3205,BPY2B,442867.0,Del0.8,0.09
X-3205,BPY2B,442867.0,Del0.8,0.12
X-3205,BRAF,673.0,MutNovel,"A762V,0.650"
X-3205,BRAT1,221927.0,MutNovel,"L646P,0.375"
X-3205,BRCA2,675.0,MutNovel,"Q1124R,0.500"
X-3205,BRCA2,675.0,MutNovel,"V2545I,0.850"
X-3205,BRD4,23476.0,MutNovel,"P267S,0.574"
X-3205,BRWD1,54014.0,MutNovel,"T1311M,0.240"
X-3205,BRWD1,54014.0,MutNovel,"D469A,0.562"
X-3205,BSPRY,54836.0,MutNovel,"G19V,0.480"
X-3205,BTBD10,84280.0,MutNovel,"I220V,0.529"
X-3205,BTBD6,90135.0,MutNovel,"S10R,0.600"
X-3205,C10orf137,26098.0,MutNovel,"Q220R,0.467"
X-3205,C10orf54,64115.0,MutKnownFunctional,"-286,0.444"
X-3205,C11orf30,56946.0,MutNovel,"Q432R,0.333"
X-3205,C11orf95,65998.0,MutNovel,"E400K,0.273"
X-3205,C12orf4,57102.0,MutNovel,"S243I,0.205"
X-3205,C12orf51,283450.0,MutKnownFunctional,"-3108,0.294"
X-3205,C12orf51,283450.0,MutNovel,"I2743V,0.600"
X-3205,C14orf43,91748.0,MutNovel,"Q262-,0.213"
X-3205,C14orf43,91748.0,MutNovel,"R177C,0.583"
X-3205,C16orf58,64755.0,MutNovel,"K421N,0.527"
X-3205,C16orf58,64755.0,MutNovel,"A390V,0.484"
X-3205,C17orf109,643008.0,MutNovel,"R65Q,0.333"
X-3205,C17orf81,23587.0,MutKnownFunctional,"-223?,0.389"
X-3205,C19orf40,91442.0,MutKnownFunctional,"-37,0.615"
X-3205,C19orf54,284325.0,MutKnownFunctional,"-147?,0.585"
X-3205,C1orf106,55765.0,MutKnownFunctional,"-86,0.434"
X-3205,C1orf86,199990.0,MutNovel,"P136S,0.303"
X-3205,C20orf194,25943.0,MutNovel,"N808S,0.889"
X-3205,C21orf58,54058.0,MutNovel,"H299PN,0.550"
X-3205,C2CD3,26005.0,MutNovel,"T558A,0.375"
X-3205,C2CD4A,145741.0,MutKnownFunctional,"W2*,0.727"
X-3205,C2CD4B,388125.0,MutKnownFunctional,"-280,0.500"
X-3205,C5orf43,643155.0,MutKnownFunctional,"-60,0.507"
X-3205,C6orf132,647024.0,MutKnownFunctional,"-448,0.521"
X-3205,C6orf223,221416.0,MutKnownFunctional,"-29,0.333"
X-3205,C6orf62,81688.0,MutNovel,"V170I,0.455"
X-3205,C6orf89,221477.0,MutKnownFunctional,"-58,0.348"
X-3205,C9orf172,389813.0,MutKnownFunctional,"-455,0.360"
X-3205,CACNA1H,8912.0,MutNovel,"R1195W,0.409"
X-3205,CACNB1,782.0,MutNovel,"D188N,0.722"
X-3205,CADPS,8618.0,MutNovel,"R687H,0.833"
X-3205,CAMSAP1,157922.0,MutNovel,"I1514T,0.594"
X-3205,CAMSAP1,157922.0,MutNovel,"T127I,0.400"
X-3205,CAMSAP3,57662.0,MutNovel,"R336W,0.438"
X-3205,CAP1,10487.0,MutNovel,"I441V,0.690"
X-3205,CAPN10,11132.0,MutNovel,"P435S,0.329"
X-3205,CAPN5,726.0,MutNovel,"R93W,0.434"
X-3205,CAPN5,726.0,MutNovel,"R496Q,0.381"
X-3205,CAPRIN2,65981.0,MutNovel,"E76D,0.290"
X-3205,CAPS,828.0,MutKnownFunctional,"W187*,0.439"
X-3205,CAPZA1,829.0,MutNovel,"N34D,0.596"
X-3205,CARKD,55739.0,MutNovel,"C316Y,0.459"
X-3205,CASC4,113201.0,MutNovel,"Y88H,0.509"
X-3205,CAST,831.0,MutNovel,"P464L,0.555"
X-3205,CASZ1,54897.0,MutNovel,"A33D,0.500"
X-3205,CAT,847.0,MutNovel,"R263W,0.507"
X-3205,CAV2,858.0,MutNovel,"G2W,0.393"
X-3205,CBLL1,79872.0,MutNovel,"P42L,0.427"
X-3205,CBLN3,643866.0,MutNovel,"D157G,0.381"
X-3205,CBR3,874.0,MutNovel,"V33A,0.750"
X-3205,CBX4,8535.0,MutKnownFunctional,"-230,0.436"
X-3205,CBX8,57332.0,MutNovel,"S110L,0.505"
X-3205,CCAR1,55749.0,MutNovel,"T1120M,0.318"
X-3205,CCDC106,29903.0,MutNovel,"D13V,0.556"
X-3205,CCDC120,90060.0,MutNovel,"P537S,0.488"
X-3205,CCDC137,339230.0,MutKnownFunctional,"-24,0.295"
X-3205,CCDC61,729440.0,MutNovel,"E319D,0.250"
X-3205,CCDC64B,146439.0,MutNovel,"P337L,0.642"
X-3205,CCDC74A,90557.0,MutNovel,"N82S,0.514"
X-3205,CCDC82,79780.0,MutNovel,"P79S,0.660"
X-3205,CCDC84,338657.0,MutKnownFunctional,"-233?,0.436"
X-3205,CCDC92,80212.0,MutKnownFunctional,"-226,0.451"
X-3205,CCNB1IP1,57820.0,MutNovel,"S251I,0.511"
X-3205,CCNB2,9133.0,MutNovel,"P266Q,0.469"
X-3205,CCNB2,9133.0,MutNovel,"A391T,0.479"
X-3205,CCNE1,898.0,MutNovel,"R175W,0.333"
X-3205,CCNI2,645121.0,MutNovel,"D144G,0.400"
X-3205,CCZ1B,221960.0,MutNovel,"T178M,0.500"
X-3205,CD177,57126.0,MutNovel,"A261G,0.981"
X-3205,CD177,57126.0,MutNovel,"S264G,0.655"
X-3205,CD177,57126.0,MutKnownFunctional,"-264?,0.260"
X-3205,CD2BP2,10421.0,MutKnownFunctional,"-325,0.395"
X-3205,CDAN1,146059.0,MutKnownFunctional,"-1009?,0.279"
X-3205,CDC123,8872.0,MutNovel,"V6M,0.432"
X-3205,CDC23,8697.0,MutNovel,"R344C,0.460"
X-3205,CDC37,11140.0,MutNovel,"L190P,0.498"
X-3205,CDC42BPB,9578.0,MutNovel,"V376M,0.374"
X-3205,CDC42EP5,148170.0,MutNovel,"A25T,0.541"
X-3205,CDH24,64403.0,MutNovel,"G621S,0.696"
X-3205,CDH3,1001.0,MutKnownFunctional,"-704,0.356"
X-3205,CDK12,51755.0,MutKnownFunctional,"-1269,0.576"
X-3205,CDK13,8621.0,MutNovel,"P384H,0.204"
X-3205,CDK16,5127.0,MutNovel,"R176C,0.437"
X-3205,CDRT1,374286.0,MutNovel,"A598V,0.825"
X-3205,CDX1,1044.0,MutNovel,"L7P,0.445"
X-3205,CDY1B,253175.0,Del0.8,0.12
X-3205,CDY1B,253175.0,Del0.8,0.18
X-3205,CDY2A,9426.0,Del0.8,0.18
X-3205,CDY2A,9426.0,Del0.8,0.18
X-3205,CDY2B,203611.0,Del0.8,0.18
X-3205,CDY2B,203611.0,Del0.8,0.18
X-3205,CEBPB,1051.0,MutKnownFunctional,"-57?,0.404"
X-3205,CELSR1,9620.0,MutNovel,"S145L,0.667"
X-3205,CELSR1,9620.0,MutNovel,"R72W,0.571"
X-3205,CENPF,1063.0,MutNovel,"R1560Q,0.426"
X-3205,CEP152,22995.0,MutNovel,"V550A,0.414"
X-3205,CEP164,22897.0,MutKnownFunctional,"-113,0.857"
X-3205,CEP192,55125.0,MutNovel,"EQ980E,0.346"
X-3205,CEP192,55125.0,MutNovel,"Q981R,0.375"
X-3205,CEP250,11190.0,MutNovel,"Q1867H,0.575"
X-3205,CEP350,9857.0,MutNovel,"R490H,0.571"
X-3205,CEP350,9857.0,MutKnownFunctional,"R628*,0.333"
X-3205,CEP68,23177.0,MutNovel,"S583F,0.519"
X-3205,CFB,629.0,MutNovel,"Y573H,0.253"
X-3205,CFD,1675.0,MutNovel,"S203N,0.505"
X-3205,CFDP1,10428.0,MutNovel,"S143G,0.436"
X-3205,CFI,3426.0,MutNovel,"V469I,0.800"
X-3205,CHAF1A,10036.0,MutNovel,"A791T,0.477"
X-3205,CHD2,1106.0,MutKnownFunctional,"-172,0.377"
X-3205,CHD2,1106.0,MutNovel,"K1243E,0.619"
X-3205,CHD2,1106.0,MutNovel,"A1519D,0.578"
X-3205,CHST6,4166.0,MutNovel,"T159A,0.600"
X-3205,CIC,23152.0,MutNovel,"V1537I,0.411"
X-3205,CIR1,9541.0,MutNovel,"G382D,0.613"
X-3205,CIT,11113.0,MutNovel,"E739K,0.235"
X-3205,CLASRP,11129.0,MutNovel,"R467H,0.417"
X-3205,CLDN23,137075.0,MutNovel,"R253W,0.474"
X-3205,CLEC16A,23274.0,MutNovel,"A498D,0.600"
X-3205,CLEC16A,23274.0,MutNovel,"H598R,0.594"
X-3205,CLK4,57396.0,MutKnownFunctional,"-193?,0.379"
X-3205,CLPB,81570.0,MutNovel,"R334W,0.432"
X-3205,CNIH2,254263.0,MutNovel,"A48V,0.800"
X-3205,CNO,55330.0,MutNovel,"P43S,0.341"
X-3205,CNOT1,23019.0,MutNovel,"V1691A,0.485"
X-3205,CNOT1,23019.0,MutKnownFunctional,"-1543,0.692"
X-3205,CNOT6L,246175.0,MutNovel,"Y480C,0.475"
X-3205,CNTNAP1,8506.0,MutNovel,"R273H,0.500"
X-3205,COBLL1,22837.0,MutKnownFunctional,"-907,0.250"
X-3205,COIL,8161.0,MutKnownFunctional,"-196,0.400"
X-3205,COL4A4,1286.0,MutNovel,"G500D,1.000"
X-3205,COPZ1,22818.0,MutNovel,"V146A,0.510"
X-3205,CPD,1362.0,MutNovel,"T173N,1.000"
X-3205,CPD,1362.0,MutNovel,"A1307V,0.940"
X-3205,CPNE7,27132.0,MutNovel,"S74A,0.583"
X-3205,CPPED1,55313.0,MutNovel,"Q183R,0.537"
X-3205,CPSF3,51692.0,MutNovel,"D662N,0.558"
X-3205,CPSF7,79869.0,MutNovel,"V453M,0.495"
X-3205,CRBN,51185.0,MutNovel,"C219W,0.661"
X-3205,CREBBP,1387.0,MutKnownFunctional,"R1360*,0.279"
X-3205,CRIPAK,285464.0,MutNovel,"V164A,0.204"
X-3205,CRTC1,23373.0,MutNovel,"A392V,0.750"
X-3205,CRTC1,23373.0,MutKnownFunctional,"-585,0.258"
X-3205,CRYBG3,,MutNovel,"Q450H,0.429"
X-3205,CRYBG3,,MutNovel,"P1160S,1.000"
X-3205,CRYBG3,,MutKnownFunctional,"-1767,0.485"
X-3205,CSNK1G1,53944.0,MutNovel,"R230W,0.444"
X-3205,CSPG4P1Y,114758.0,Del0.8,0.12
X-3205,CSPG4P1Y,114758.0,Del0.8,0.18
X-3205,CSTF1,1477.0,MutNovel,"Y320C,0.537"
X-3205,CTBP1,1487.0,MutKnownFunctional,"R16*,0.462"
X-3205,CTBP2,1488.0,MutNovel,"E615K,0.493"
X-3205,CTC1,80169.0,MutNovel,"P599S,0.545"
X-3205,CTNND1,1500.0,MutNovel,"R549Q,0.492"
X-3205,CTSA,5476.0,MutNovel,"L29-,0.381"
X-3205,CTTN,2017.0,MutNovel,"P634S,0.497"
X-3205,CTU2,348180.0,MutNovel,"R450G,0.458"
X-3205,CTU2,348180.0,MutNovel,"D507N,0.494"
X-3205,CUL9,23113.0,MutNovel,"L996I,0.609"
X-3205,CUL9,23113.0,MutNovel,"T2301A,0.507"
X-3205,CUX1,1523.0,MutNovel,"R1398H,0.308"
X-3205,CUX1,1523.0,MutNovel,"S1459N,0.538"
X-3205,CUX1,1523.0,MutNovel,"R592M,0.542"
X-3205,CXXC1,30827.0,MutNovel,"A25V,0.500"
X-3205,CYB5B,80777.0,MutNovel,"Y94H,0.499"
X-3205,CYHR1,50626.0,MutKnownFunctional,"-144,0.400"
X-3205,CYP2S1,29785.0,MutNovel,"L209R,0.409"
X-3205,CYP4F12,66002.0,MutNovel,"A345V,0.878"
X-3205,CYP4V2,285440.0,MutKnownFunctional,"AE270A*,0.241"
X-3205,CYTH1,9267.0,MutNovel,"E383K,0.542"
X-3205,CYTH3,9265.0,MutNovel,"R267H,0.561"
X-3205,D2HGDH,728294.0,MutNovel,"G355D,0.517"
X-3205,DAB2IP,153090.0,MutNovel,"R697H,0.297"
X-3205,DAG1,1605.0,MutNovel,"M238R,0.653"
X-3205,DAGLA,747.0,MutNovel,"R82C,0.571"
X-3205,DAPK1,1612.0,MutNovel,"A1260V,0.684"
X-3205,DAPK2,23604.0,MutNovel,"E234G,0.595"
X-3205,DAPK2,23604.0,MutNovel,"H166Y,0.342"
X-3205,DAZ1,1617.0,Del0.8,0.18
X-3205,DAZ2,57055.0,Del0.8,0.15
X-3205,DAZ3,57054.0,Del0.8,0.15
X-3205,DAZ3,57054.0,Del0.8,0.04
X-3205,DAZ4,57135.0,Del0.8,0.11
X-3205,DAZ4,57135.0,Del0.8,0.14
X-3205,DAZAP1,26528.0,MutKnownFunctional,"-381,0.412"
X-3205,DAZAP1,26528.0,MutNovel,"R407C,0.476"
X-3205,DBP,1628.0,MutNovel,"K292-,0.581"
X-3205,DCAF17,80067.0,MutKnownFunctional,"-408,0.433"
X-3205,DCAF5,8816.0,MutNovel,"D866A,0.424"
X-3205,DCAF8,50717.0,MutNovel,"T336A,0.489"
X-3205,DCTN2,10540.0,MutNovel,"A7T,0.498"
X-3205,DDOST,1650.0,MutNovel,"L247R,0.630"
X-3205,DDX20,11218.0,MutKnownFunctional,"-742,0.656"
X-3205,DDX26B,203522.0,MutKnownFunctional,"-118,0.643"
X-3205,DDX28,55794.0,MutNovel,"ITS353S,0.434"
X-3205,DDX31,64794.0,MutNovel,"K801E,0.327"
X-3205,DDX3X,1654.0,MutNovel,"G627C,0.201"
X-3205,DDX3Y,8653.0,Del0.8,0.18
X-3205,DDX41,51428.0,MutNovel,"R255C,0.483"
X-3205,DDX54,79039.0,MutNovel,"G741R,0.509"
X-3205,DDX60,55601.0,MutNovel,"F1539L,0.300"
X-3205,DDX60,55601.0,MutNovel,"Y512H,0.500"
X-3205,DEF6,50619.0,MutNovel,"R407W,0.452"
X-3205,DENND4A,10260.0,MutNovel,"F321L,0.615"
X-3205,DENND4B,9909.0,MutNovel,"V441I,0.333"
X-3205,DEPDC5,9681.0,MutNovel,"A964T,0.391"
X-3205,DFNB31,25861.0,MutNovel,"I337V,0.364"
X-3205,DGAT2L7,,MutNovel,"R155P,1.000"
X-3205,DHRSX,207063.0,MutNovel,"R577H,0.867"
X-3205,DHX15,1665.0,MutNovel,"V718M,0.539"
X-3205,DHX16,8449.0,MutNovel,"R940H,0.465"
X-3205,DHX16,8449.0,MutNovel,"R171C,0.547"
X-3205,DHX30,22907.0,MutNovel,"R296C,0.628"
X-3205,DHX36,170506.0,MutNovel,"A679D,0.470"
X-3205,DHX37,57647.0,MutNovel,"EE167-,0.241"
X-3205,DICER1,23405.0,MutKnownFunctional,"-1473,0.281"
X-3205,DIDO1,11083.0,MutNovel,"N278S,0.425"
X-3205,DIP2A,23181.0,MutNovel,"V1333I,0.494"
X-3205,DIP2C,22982.0,MutNovel,"A1155V,1.000"
X-3205,DIS3L,115752.0,MutNovel,"T381A,0.264"
X-3205,DLAT,1737.0,MutNovel,"T62I,0.932"
X-3205,DLG5,9231.0,MutNovel,"V196M,0.438"
X-3205,DLST,1743.0,MutNovel,"S189L,0.324"
X-3205,DNAH1,25981.0,MutNovel,"A3741V,0.429"
X-3205,DNAH2,146754.0,MutNovel,"N3895D,0.524"
X-3205,DNAH3,55567.0,MutNovel,"L3521S,1.000"
X-3205,DNAH6,1768.0,MutNovel,"K58N,0.700"
X-3205,DNAJA2,10294.0,MutNovel,"C409F,0.492"
X-3205,DNAJC13,23317.0,MutKnownFunctional,"-77?,0.296"
X-3205,DNAJC21,134218.0,MutNovel,"A308T,0.527"
X-3205,DND1,373863.0,MutNovel,"D315G,0.482"
X-3205,DNHD1,144132.0,MutNovel,"V4198I,0.421"
X-3205,DNMT1,1786.0,MutNovel,"P590T,0.556"
X-3205,DNMT3A,1788.0,MutNovel,"R484L,0.542"
X-3205,DOCK9,23348.0,MutNovel,"A1414V,0.568"
X-3205,DOK1,1796.0,MutKnownFunctional,"-10?,0.719"
X-3205,DOK4,55715.0,MutKnownFunctional,"W103*,0.315"
X-3205,DOPEY2,9980.0,MutNovel,"S31L,0.529"
X-3205,DPP4,1803.0,MutNovel,"A342T,0.658"
X-3205,DPY19L1,23333.0,MutNovel,"A639V,0.473"
X-3205,DRD4,1815.0,MutNovel,"A78T,0.733"
X-3205,DSCC1,79075.0,MutNovel,"E155A,0.577"
X-3205,DTD1,92675.0,MutNovel,"R10W,0.442"
X-3205,DYRK1B,9149.0,MutNovel,"E112K,0.451"
X-3205,DYX1C1,161582.0,MutNovel,"V28I,0.615"
X-3205,E2F1,1869.0,MutKnownFunctional,"Q260*,0.351"
X-3205,E2F1,1869.0,MutNovel,"A56T,0.258"
X-3205,E2F7,144455.0,MutKnownFunctional,"-729,0.333"
X-3205,EBPL,84650.0,MutNovel,"G110E,0.499"
X-3205,ECD,11319.0,MutNovel,"A270V,0.500"
X-3205,EEF1D,1936.0,MutNovel,"C148Y,0.555"
X-3205,EEF1E1,9521.0,MutKnownFunctional,"-89,0.311"
X-3205,EFHD2,79180.0,MutNovel,"L6P,0.320"
X-3205,EFHD2,79180.0,MutNovel,"E208-,0.611"
X-3205,EHD4,30844.0,MutNovel,"V483I,0.507"
X-3205,EHMT2,10919.0,MutNovel,"E260K,0.516"
X-3205,EID1,23741.0,MutNovel,"S118G,0.468"
X-3205,EID3,493861.0,MutNovel,"R38H,0.667"
X-3205,EIF1AY,9086.0,Del0.8,0.18
X-3205,EIF2AK3,9451.0,MutNovel,"L21-,0.700"
X-3205,EIF3A,8661.0,MutNovel,"R837H,0.905"
X-3205,EIF4A3,9775.0,MutNovel,"R67Q,0.516"
X-3205,EIF4E2,9470.0,MutNovel,"R103H,0.463"
X-3205,EIF4G1,1981.0,MutNovel,"Y601C,0.619"
X-3205,EIF5,1983.0,MutNovel,"R48W,0.415"
X-3205,ELAC2,60528.0,MutNovel,"A344T,0.533"
X-3205,ELAC2,60528.0,MutNovel,"K99E,0.510"
X-3205,ELMOD2,255520.0,MutNovel,"L177R,0.522"
X-3205,EMC9,,MutNovel,"A8V,0.627"
X-3205,ENPP4,22875.0,MutNovel,"K393E,0.228"
X-3205,ENTPD2,954.0,MutNovel,"R387Q,0.769"
X-3205,ENTPD7,57089.0,MutNovel,"R430C,0.462"
X-3205,EP400,57634.0,MutNovel,"T137M,0.545"
X-3205,EPG5,57724.0,MutNovel,"M677I,0.545"
X-3205,EPHA4,2043.0,MutNovel,"R639C,0.444"
X-3205,EPHB4,2050.0,MutNovel,"E477K,0.361"
X-3205,EPN1,29924.0,MutNovel,"H84Y,0.491"
X-3205,EPPK1,83481.0,MutNovel,"P1272H,0.612"
X-3205,EPS8L2,64787.0,MutKnownFunctional,"G396*,0.322"
X-3205,ERCC4,2072.0,MutNovel,"N872S,0.500"
X-3205,ERMAP,114625.0,MutNovel,"A40V,0.857"
X-3205,ESPL1,9700.0,MutNovel,"T1850A,0.554"
X-3205,ESRP2,80004.0,MutNovel,"V180M,0.498"
X-3205,ESRRG,2104.0,MutKnownFunctional,"R425*,1.000"
X-3205,EWSR1,2130.0,MutNovel,"G621C,0.510"
X-3205,EXOC1,55763.0,MutKnownFunctional,"-821,0.456"
X-3205,EXOC3L4,91828.0,MutNovel,"R178C,0.426"
X-3205,EXOC3L4,91828.0,MutNovel,"A480T,0.588"
X-3205,EXOC4,60412.0,MutNovel,"S454N,0.479"
X-3205,EXOC6B,23233.0,MutNovel,"E257G,0.762"
X-3205,EXOC6B,23233.0,MutNovel,"Y157H,0.429"
X-3205,EXOSC9,5393.0,MutNovel,"L138S,0.398"
X-3205,EXPH5,23086.0,MutNovel,"R1222H,0.429"
X-3205,EXT1,2131.0,MutNovel,"R63H,0.579"
X-3205,F2RL1,2150.0,MutNovel,"I194V,0.475"
X-3205,FABP6,2172.0,MutNovel,"L70H,0.786"
X-3205,FAHD1,81889.0,MutKnownFunctional,"-220,0.278"
X-3205,FAHD2A,51011.0,MutKnownFunctional,"-279,0.582"
X-3205,FAM105A,54491.0,MutKnownFunctional,"-6,0.536"
X-3205,FAM108A1,81926.0,MutNovel,"G243S,0.506"
X-3205,FAM122B,159090.0,MutNovel,"R166S,1.000"
X-3205,FAM129B,64855.0,MutKnownFunctional,"-688,0.386"
X-3205,FAM129B,64855.0,MutNovel,"L100F,0.548"
X-3205,FAM134C,162427.0,MutNovel,"P51H,0.509"
X-3205,FAM160B2,64760.0,MutNovel,"R259Q,0.400"
X-3205,FAM171A1,221061.0,MutNovel,"F425L,0.437"
X-3205,FAM173B,134145.0,MutNovel,"G137E,0.600"
X-3205,FAM188B,84182.0,MutNovel,"P364S,0.353"
X-3205,FAM197Y2P,252946.0,Del0.8,0.18
X-3205,FAM20C,56975.0,MutKnownFunctional,"-151,0.625"
X-3205,FAM20C,56975.0,MutNovel,"R504Q,0.328"
X-3205,FAM211B,388886.0,MutNovel,"T301A,0.473"
X-3205,FAM214A,56204.0,MutNovel,"Y665C,0.438"
X-3205,FAM214B,80256.0,MutKnownFunctional,"-42,0.489"
X-3205,FAM217B,,MutKnownFunctional,"-18?,0.636"
X-3205,FAM219A,,MutKnownFunctional,"-164?,0.261"
X-3205,FAM21A,387680.0,MutNovel,"V517I,1.000"
X-3205,FAM22G,441457.0,MutNovel,"V48I,0.625"
X-3205,FAM22G,441457.0,MutNovel,"E288-,1.000"
X-3205,FAM41AY1,340618.0,Del0.8,0.18
X-3205,FAM41AY1,340618.0,Del0.8,0.18
X-3205,FAM46A,55603.0,MutNovel,"G24C,0.500"
X-3205,FAM57A,79850.0,MutNovel,"T40A,0.377"
X-3205,FAM69B,138311.0,MutKnownFunctional,"-234,0.389"
X-3205,FAM72D,728833.0,MutNovel,"D71G,0.250"
X-3205,FAM75A6,389730.0,Del0.8,0.76
X-3205,FAM76A,199870.0,MutKnownFunctional,"-174?,0.571"
X-3205,FAM83B,222584.0,MutNovel,"Q572H,0.510"
X-3205,FAM83H,286077.0,MutNovel,"L686F,0.687"
X-3205,FAM83H,286077.0,MutNovel,"E230-,0.281"
X-3205,FAM98C,147965.0,MutNovel,"V278I,0.483"
X-3205,FAN1,22909.0,MutKnownFunctional,"-540,0.579"
X-3205,FANCA,2175.0,MutNovel,"R1187G,0.432"
X-3205,FANCA,2175.0,MutKnownFunctional,"-845,0.330"
X-3205,FANCE,2178.0,MutNovel,"M493I,0.489"
X-3205,FARP1,10160.0,MutNovel,"A715S,0.238"
X-3205,FASN,2194.0,MutNovel,"A1812V,0.527"
X-3205,FASN,2194.0,MutNovel,"A1686T,0.506"
X-3205,FAT1,2195.0,MutNovel,"P2706S,0.292"
X-3205,FAT2,2196.0,MutNovel,"Y2121C,1.000"
X-3205,FBF1,85302.0,MutNovel,"M852T,0.300"
X-3205,FBP1,2203.0,MutNovel,"R50C,0.497"
X-3205,FBXL19,54620.0,MutNovel,"A620T,0.664"
X-3205,FBXO18,84893.0,MutNovel,"C471R,0.545"
X-3205,FBXO21,23014.0,MutNovel,"V539D,0.541"
X-3205,FBXO21,23014.0,MutNovel,"Y205C,0.620"
X-3205,FBXO34,55030.0,MutKnownFunctional,"-118,0.564"
X-3205,FBXO34,55030.0,MutNovel,"P255T,0.456"
X-3205,FBXO41,150726.0,MutKnownFunctional,"-439,0.429"
X-3205,FBXO44,93611.0,MutNovel,"R136C,0.317"
X-3205,FBXO48,554251.0,Del0.8,0.63
X-3205,FBXO5,26271.0,MutNovel,"C17R,0.576"
X-3205,FBXW10,10517.0,MutNovel,"N466D,0.846"
X-3205,FCGBP,8857.0,MutNovel,"G3871R,0.333"
X-3205,FCHSD1,89848.0,MutNovel,"P624L,0.464"
X-3205,FDXR,2232.0,MutNovel,"R429W,0.499"
X-3205,FER1L6,654463.0,MutNovel,"G395V,0.778"
X-3205,FERMT2,10979.0,MutKnownFunctional,"-94,0.379"
X-3205,FERMT2,10979.0,MutKnownFunctional,"-56,0.450"
X-3205,FGFBP1,9982.0,MutKnownFunctional,"-26,0.707"
X-3205,FGFR3,2261.0,MutNovel,"G197S,0.432"
X-3205,FHDC1,85462.0,MutNovel,"K982E,0.857"
X-3205,FIG4,9896.0,MutNovel,"L305P,0.541"
X-3205,FITM2,128486.0,MutNovel,"V167A,0.500"
X-3205,FKRP,79147.0,MutNovel,"R190C,0.300"
X-3205,FLNA,2316.0,MutNovel,"R1296H,0.362"
X-3205,FLNB,2317.0,MutNovel,"S2544G,0.801"
X-3205,FMNL2,114793.0,MutNovel,"A612T,0.340"
X-3205,FNDC8,54752.0,MutNovel,"N158K,1.000"
X-3205,FNIP1,96459.0,MutKnownFunctional,"-732,0.263"
X-3205,FOCAD,,MutNovel,"D1566N,0.212"
X-3205,FOLH1,2346.0,MutNovel,"R688G,0.414"
X-3205,FOLH1B,219595.0,MutNovel,"T90I,0.800"
X-3205,FOSB,2354.0,MutNovel,"G84W,0.556"
X-3205,FOXA2,3170.0,MutNovel,"T331M,0.556"
X-3205,FOXA3,3171.0,MutNovel,"A244T,0.504"
X-3205,FOXD1,2297.0,MutNovel,"R431RAA,0.275"
X-3205,FOXRED2,80020.0,MutNovel,"R30C,0.333"
X-3205,FRYL,285527.0,MutNovel,"Y1908H,0.520"
X-3205,FSIP2,401024.0,MutNovel,"R829H,0.500"
X-3205,FSTL3,10272.0,MutKnownFunctional,"-14,0.375"
X-3205,FUBP1,8880.0,MutNovel,"G375R,0.250"
X-3205,FUT2,2524.0,MutNovel,"A68V,0.561"
X-3205,FUT3,2525.0,MutNovel,"T325M,0.518"
X-3205,FUT5,2527.0,MutNovel,"E261K,1.000"
X-3205,FUT6,2528.0,MutNovel,"A204D,0.303"
X-3205,FZD7,8324.0,MutNovel,"D457G,0.593"
X-3205,FZD8,8325.0,MutNovel,"A468V,0.520"
X-3205,GAA,2548.0,MutNovel,"L476P,0.438"
X-3205,GAB1,2549.0,MutKnownFunctional,"-15?,0.435"
X-3205,GABBR1,2550.0,MutKnownFunctional,"-181?,0.386"
X-3205,GAL3ST1,9514.0,MutNovel,"V319A,0.547"
X-3205,GAS2L3,283431.0,MutNovel,"E37K,0.469"
X-3205,GAST,2520.0,MutNovel,"R26S,0.560"
X-3205,GATA6,2627.0,MutNovel,"YH323Y,0.303"
X-3205,GATAD2A,54815.0,MutKnownFunctional,"-271,0.257"
X-3205,GATC,283459.0,MutKnownFunctional,"-117,0.290"
X-3205,GBE1,2632.0,MutNovel,"L464P,0.777"
X-3205,GBP3,2635.0,MutKnownFunctional,"-585,0.440"
X-3205,GCA,25801.0,MutNovel,"T78S,0.433"
X-3205,GCC1,79571.0,MutNovel,"A364T,0.397"
X-3205,GFI1,2672.0,MutNovel,"L117M,1.000"
X-3205,GIGYF2,26058.0,MutNovel,"T433A,0.495"
X-3205,GIGYF2,26058.0,MutNovel,"PQ1231P,0.263"
X-3205,GINS2,51659.0,MutNovel,"Y168H,0.557"
X-3205,GLI1,2735.0,MutNovel,"R405W,0.389"
X-3205,GLTSCR1,29998.0,MutNovel,"A264V,0.562"
X-3205,GLTSCR1,29998.0,MutKnownFunctional,"-1410,0.357"
X-3205,GNA13,10672.0,MutNovel,"R165C,0.606"
X-3205,GOLGA2,2801.0,MutKnownFunctional,"-989,0.484"
X-3205,GOLGA2,2801.0,MutNovel,"G330D,0.500"
X-3205,GOLGA2P2Y,84559.0,Del0.8,0.12
X-3205,GOLGA2P2Y,84559.0,Del0.8,0.18
X-3205,GOLGA3,2802.0,MutNovel,"E961K,0.508"
X-3205,GOLGA6L10,647042.0,MutNovel,"R371Q,1.000"
X-3205,GOLGA8A,23015.0,MutNovel,"L78M,0.375"
X-3205,GOLGA8A,23015.0,MutNovel,"S58F,0.240"
X-3205,GOLGA8B,440270.0,MutNovel,"L78M,0.549"
X-3205,GOLGA8B,440270.0,MutNovel,"S58F,0.262"
X-3205,GPANK1,7918.0,MutKnownFunctional,"-267?,0.313"
X-3205,GPC4,2239.0,MutNovel,"A322V,1.000"
X-3205,GPR137,56834.0,MutKnownFunctional,"-82,0.491"
X-3205,GPR98,84059.0,MutNovel,"V5457I,0.417"
X-3205,GPRIN2,9721.0,MutNovel,"-238MRE,0.582"
X-3205,GRM6,2916.0,MutNovel,"A782T,0.444"
X-3205,GRPEL2,134266.0,MutNovel,"V195M,0.576"
X-3205,GSR,2936.0,MutNovel,"V93A,0.469"
X-3205,GSTM1,2944.0,MutNovel,"R206K,1.000"
X-3205,GTF2I,2969.0,MutNovel,"A204T,0.665"
X-3205,GTSE1,51512.0,MutNovel,"S45L,0.540"
X-3205,GUK1,2987.0,MutKnownFunctional,"-212,0.420"
X-3205,GYG2,8908.0,MutNovel,"E436D,0.338"
X-3205,GYG2P1,352887.0,Del0.8,0.18
X-3205,H2AFY,9555.0,MutNovel,"A68V,0.492"
X-3205,HAGHL,84264.0,MutKnownFunctional,"Q264*,0.412"
X-3205,HCN3,57657.0,MutNovel,"Q555H,0.455"
X-3205,HECTD1,25831.0,MutNovel,"EG2309G,0.511"
X-3205,HEPH,9843.0,MutNovel,"S1170C,0.483"
X-3205,HERC2,8924.0,MutNovel,"G3353D,0.516"
X-3205,HERC2,8924.0,MutNovel,"Q3197R,0.490"
X-3205,HERC2,8924.0,MutNovel,"A2267T,0.467"
X-3205,HIP1,3092.0,MutNovel,"P310H,0.800"
X-3205,HIPK2,28996.0,MutNovel,"V344A,0.500"
X-3205,HIST1H2BD,3017.0,MutNovel,"M60V,0.400"
X-3205,HIVEP2,3097.0,MutNovel,"P1559S,0.533"
X-3205,HLA-A,3105.0,MutNovel,"C188F,0.930"
X-3205,HLA-A,3105.0,MutKnownFunctional,"-207,0.328"
X-3205,HLA-C,3107.0,MutNovel,"S123P,0.446"
X-3205,HLA-E,3133.0,MutNovel,"A257V,0.484"
X-3205,HMG20B,10362.0,MutNovel,"M284L,0.428"
X-3205,HMGXB3,22993.0,MutNovel,"Q61R,0.627"
X-3205,HNF4A,3172.0,MutNovel,"G73C,0.509"
X-3205,HOOK3,84376.0,MutNovel,"R271C,0.550"
X-3205,HOXA6,3203.0,MutNovel,"Y162H,1.000"
X-3205,HOXA7,3204.0,MutNovel,"R158H,0.333"
X-3205,HOXB3,3213.0,MutKnownFunctional,"-34,0.491"
X-3205,HPCA,3208.0,Del0.8,0.75
X-3205,HPS1,3257.0,MutKnownFunctional,"-324,0.472"
X-3205,HS6ST1,9394.0,MutNovel,"T135N,0.714"
X-3205,HSD11B2,3291.0,MutNovel,"A84V,0.514"
X-3205,HSF1,3297.0,MutKnownFunctional,"-363,0.330"
X-3205,HSFY2,159119.0,Del0.8,0.18
X-3205,HSFY2,159119.0,Del0.8,0.18
X-3205,HSP90B1,7184.0,MutNovel,"Y678C,0.495"
X-3205,HSPA12A,259217.0,MutNovel,"V510M,0.667"
X-3205,HSPA4L,22824.0,MutNovel,"Y692C,0.409"
X-3205,HSPBAP1,79663.0,MutNovel,"K219R,0.714"
X-3205,HSPG2,3339.0,MutNovel,"R2697Q,0.659"
X-3205,HSPG2,3339.0,MutNovel,"L2488P,0.292"
X-3205,IAH1,285148.0,MutNovel,"K99N,0.480"
X-3205,IBTK,25998.0,MutNovel,"R208Q,0.568"
X-3205,IDH2,3418.0,MutNovel,"R122C,0.460"
X-3205,IDUA,3425.0,MutNovel,"K324N,0.321"
X-3205,IFNGR1,3459.0,MutKnownFunctional,"-378?,0.551"
X-3205,IFNGR1,3459.0,MutKnownFunctional,"-225,0.342"
X-3205,IFNGR1,3459.0,MutNovel,"I187T,0.367"
X-3205,IFRD2,7866.0,MutNovel,"S315G,0.331"
X-3205,IFRD2,7866.0,MutNovel,"P58A,0.639"
X-3205,IFT140,9742.0,MutNovel,"S1416I,0.357"
X-3205,IGF2BP1,10642.0,MutNovel,"E404K,0.536"
X-3205,IGFALS,3483.0,MutNovel,"P488S,1.000"
X-3205,IGFBP2,3485.0,MutNovel,"L12P,0.319"
X-3205,IGHMBP2,3508.0,MutNovel,"V65A,0.521"
X-3205,IGSF8,93185.0,MutKnownFunctional,"R611*,0.449"
X-3205,IKZF4,64375.0,MutNovel,"G254D,0.750"
X-3205,IL1RAP,3556.0,MutKnownFunctional,"E89*,0.421"
X-3205,IL1RAP,3556.0,MutNovel,"A415V,0.500"
X-3205,IL28RA,163702.0,MutNovel,"A310T,0.580"
X-3205,IL6R,3570.0,MutNovel,"T313M,0.833"
X-3205,ILDR1,286676.0,MutNovel,"S266N,0.333"
X-3205,ILK,3611.0,MutNovel,"D330A,0.541"
X-3205,IMPA1,3612.0,MutKnownFunctional,"-138,0.250"
X-3205,IMPACT,55364.0,MutNovel,"P298H,0.476"
X-3205,IMPDH2,3615.0,MutNovel,"D215G,0.343"
X-3205,INO80,54617.0,MutNovel,"R243C,0.340"
X-3205,INO80E,283899.0,MutKnownFunctional,"-12,0.505"
X-3205,INPP5A,3632.0,MutNovel,"P46L,0.447"
X-3205,INPPL1,3636.0,MutKnownFunctional,"-1154,0.347"
X-3205,IPO7,10527.0,MutNovel,"L305M,0.990"
X-3205,IQCC,55721.0,MutNovel,"F25Y,0.500"
X-3205,IQSEC1,9922.0,MutNovel,"S95C,0.833"
X-3205,IRF2BP2,359948.0,MutNovel,"K583R,0.471"
X-3205,IRF8,3394.0,MutNovel,"G277R,0.500"
X-3205,IRF8,3394.0,MutKnownFunctional,"-417,0.529"
X-3205,IRF9,10379.0,MutNovel,"G278D,0.536"
X-3205,IRS1,3667.0,MutKnownFunctional,"-132,0.365"
X-3205,IRS2,8660.0,MutKnownFunctional,"-858?,0.597"
X-3205,IST1,9798.0,MutNovel,"-230MP,0.282"
X-3205,ITFG2,55846.0,MutNovel,"A125V,0.505"
X-3205,ITGA6,3655.0,MutNovel,"L157M,0.597"
X-3205,ITGB7,3695.0,MutNovel,"L67P,0.560"
X-3205,ITPKA,3706.0,MutNovel,"R331H,0.546"
X-3205,ITPKB,3707.0,MutNovel,"K681E,0.444"
X-3205,ITPR3,3710.0,MutNovel,"R2524H,0.506"
X-3205,ITSN2,50618.0,MutNovel,"R961W,0.576"
X-3205,IYD,389434.0,MutNovel,"P268H,0.531"
X-3205,JUND,3727.0,MutNovel,"G335D,0.509"
X-3205,KANK2,25959.0,MutNovel,"R67H,0.462"
X-3205,KANSL1L,,MutNovel,"K190R,0.326"
X-3205,KATNA1,11104.0,MutNovel,"R372H,0.423"
X-3205,KAZALD1,81621.0,MutNovel,"A197V,0.215"
X-3205,KBTBD11,9920.0,MutNovel,"ES21-,0.486"
X-3205,KBTBD11,9920.0,MutNovel,"E580A,0.483"
X-3205,KCNAB2,8514.0,MutNovel,"E398K,0.500"
X-3205,KCNJ11,3767.0,MutNovel,"M88L,0.321"
X-3205,KCNJ14,3770.0,MutNovel,"R338C,0.300"
X-3205,KCNK5,8645.0,MutNovel,"Y301C,0.521"
X-3205,KCTD14,65987.0,MutNovel,"S23Y,0.542"
X-3205,KDELR3,11015.0,MutNovel,"D91G,0.430"
X-3205,KDM1A,23028.0,MutNovel,"Q802L,0.281"
X-3205,KDM5C,8242.0,MutKnownFunctional,"-148,0.342"
X-3205,KDM5D,8284.0,Del0.8,0.18
X-3205,KDM6B,23135.0,MutNovel,"A133T,0.283"
X-3205,KEAP1,9817.0,MutNovel,"A454T,0.517"
X-3205,KHSRP,8570.0,MutNovel,"A17T,0.421"
X-3205,KIAA0100,9703.0,MutNovel,"R1798G,0.497"
X-3205,KIAA0182,23199.0,MutKnownFunctional,"-120,0.507"
X-3205,KIAA0196,9897.0,MutNovel,"L1036S,0.483"
X-3205,KIAA0226L,80183.0,MutNovel,"V112I,0.438"
X-3205,KIAA0232,9778.0,MutNovel,"C135G,0.540"
X-3205,KIAA0232,9778.0,MutNovel,"R1105W,0.393"
X-3205,KIAA0391,9692.0,MutNovel,"R69G,0.288"
X-3205,KIAA0556,23247.0,MutNovel,"V1047I,0.591"
X-3205,KIAA0564,23078.0,MutNovel,"E583D,0.259"
X-3205,KIAA0895,23366.0,MutNovel,"R28P,0.413"
X-3205,KIAA0913,23053.0,MutKnownFunctional,"-1685,0.439"
X-3205,KIAA1033,23325.0,MutNovel,"R897G,0.450"
X-3205,KIAA1109,84162.0,MutNovel,"P2458T,0.524"
X-3205,KIAA1199,57214.0,MutNovel,"H514R,0.800"
X-3205,KIAA1244,57221.0,MutNovel,"A910T,0.500"
X-3205,KIAA1328,57536.0,MutNovel,"R314C,1.000"
X-3205,KIAA1430,57587.0,MutKnownFunctional,"R508*,0.566"
X-3205,KIAA1432,57589.0,MutNovel,"T892A,0.405"
X-3205,KIAA1549,57670.0,MutNovel,"L53R,0.545"
X-3205,KIAA1919,91749.0,MutKnownFunctional,"-199,0.692"
X-3205,KIAA2018,205717.0,MutNovel,"KN1015N,0.857"
X-3205,KIAA2026,158358.0,MutKnownFunctional,"-729,0.344"
X-3205,KIDINS220,57498.0,MutNovel,"G148C,0.523"
X-3205,KIF13B,23303.0,MutNovel,"R976C,0.705"
X-3205,KIF13B,23303.0,MutKnownFunctional,"R730*,0.291"
X-3205,KIF16B,55614.0,MutKnownFunctional,"R377*,0.368"
X-3205,KIF20B,9585.0,MutNovel,"L1062LKV,0.833"
X-3205,KIF4A,24137.0,MutNovel,"T83M,1.000"
X-3205,KIFAP3,22920.0,MutNovel,"L70M,0.542"
X-3205,KIFC2,90990.0,MutNovel,"G555D,0.513"
X-3205,KIFC3,3801.0,MutNovel,"R680C,0.598"
X-3205,KIRREL,55243.0,MutNovel,"Y83H,0.591"
X-3205,KIRREL,55243.0,MutKnownFunctional,"-335,0.652"
X-3205,KLHL25,64410.0,MutNovel,"R12Q,0.458"
X-3205,KLHL9,55958.0,MutNovel,"L5I,0.542"
X-3205,KLK7,5650.0,MutNovel,"G217S,0.361"
X-3205,KPNA3,3839.0,MutNovel,"S56T,0.544"
X-3205,KRT14,3861.0,MutNovel,"S241N,0.500"
X-3205,KRT3,3850.0,MutNovel,"H452R,0.227"
X-3205,KRT5,3852.0,MutNovel,"K441R,1.000"
X-3205,KRT73,319101.0,MutNovel,"L299M,1.000"
X-3205,KRT73,319101.0,MutNovel,"L297M,1.000"
X-3205,KRT80,144501.0,MutNovel,"R243C,0.586"
X-3205,KSR1,8844.0,MutNovel,"A119T,0.625"
X-3205,KSR1,8844.0,MutKnownFunctional,"-152?,0.556"
X-3205,LAD1,3898.0,MutNovel,"A303V,0.533"
X-3205,LAD1,3898.0,MutNovel,"L161F,0.425"
X-3205,LAMB1,3912.0,MutNovel,"A1239T,0.347"
X-3205,LAMC1,3915.0,MutNovel,"G867R,0.278"
X-3205,LARP7,51574.0,MutKnownFunctional,"-409,0.309"
X-3205,LARS2,23395.0,MutNovel,"L695P,0.700"
X-3205,LATS1,9113.0,MutNovel,"V411A,0.481"
X-3205,LGALS7B,653499.0,MutNovel,"R75H,0.472"
X-3205,LGALS9B,284194.0,MutNovel,"T152A,0.846"
X-3205,LGALS9B,284194.0,MutNovel,"V126M,0.762"
X-3205,LGALS9B,284194.0,MutNovel,"S40C,0.667"
X-3205,LGALS9C,654346.0,MutNovel,"N63K,0.449"
X-3205,LGR6,59352.0,MutNovel,"Y557H,1.000"
X-3205,LHPP,64077.0,MutNovel,"R157C,0.620"
X-3205,LIG4,3981.0,MutNovel,"R278C,0.436"
X-3205,LIN37,55957.0,MutKnownFunctional,"-126,0.391"
X-3205,LIN37,55957.0,MutNovel,"P165S,0.311"
X-3205,LINS,55180.0,MutNovel,"P681Y,0.411"
X-3205,LIPG,9388.0,MutNovel,"A202S,0.538"
X-3205,LIPT1,51601.0,MutKnownFunctional,"-121,0.778"
X-3205,LLGL1,3996.0,MutNovel,"N108S,0.371"
X-3205,LOC100128071,100128071.0,MutNovel,"P31R,0.500"
X-3205,LOC100288332,,MutNovel,"L270V,1.000"
X-3205,LOC100507338,,MutNovel,"S205T,0.532"
X-3205,LOC100996317,,MutNovel,"Q111H,0.560"
X-3205,LOC100996485,,MutKnownFunctional,"-144K?,0.533"
X-3205,LOC100996573,,MutNovel,"R263H,0.769"
X-3205,LOC100996689,,MutNovel,"A303V,0.222"
X-3205,LOC441124,,MutNovel,"V87A,0.409"
X-3205,LOC728734,,MutKnownFunctional,"M296*,1.000"
X-3205,LOC728888,,MutNovel,"R595P,0.333"
X-3205,LONP1,9361.0,MutNovel,"S217N,0.544"
X-3205,LONRF3,79836.0,MutNovel,"G310C,0.449"
X-3205,LONRF3,79836.0,MutNovel,"P557S,0.493"
X-3205,LPAR5,57121.0,MutNovel,"N306S,0.439"
X-3205,LPCAT1,79888.0,MutNovel,"R478M,0.529"
X-3205,LPHN3,23284.0,MutNovel,"G722V,0.700"
X-3205,LPIN3,64900.0,MutKnownFunctional,"-110,0.385"
X-3205,LRFN1,57622.0,MutNovel,"R214H,0.500"
X-3205,LRFN3,79414.0,MutNovel,"R517H,0.527"
X-3205,LRG1,116844.0,MutNovel,"L340F,0.487"
X-3205,LRP1,4035.0,MutNovel,"P3527S,0.401"
X-3205,LRP10,26020.0,MutKnownFunctional,"-674,0.545"
X-3205,LRP4,4038.0,MutKnownFunctional,"-1835,0.421"
X-3205,LRP5,4041.0,MutNovel,"V99M,0.496"
X-3205,LRRC1,55227.0,MutNovel,"S90P,0.503"
X-3205,LRRC1,55227.0,MutNovel,"D260V,0.570"
X-3205,LRRC19,64922.0,MutNovel,"V49I,0.351"
X-3205,LRRC26,389816.0,MutNovel,"A289T,0.273"
X-3205,LRRC8D,55144.0,MutNovel,"K236M,0.657"
X-3205,LRRK1,79705.0,MutNovel,"R44Q,0.643"
X-3205,LSM10,84967.0,MutNovel,"K68Q,0.691"
X-3205,LSM11,134353.0,MutNovel,"S257P,0.540"
X-3205,LSM6,11157.0,MutNovel,"R4W,0.564"
X-3205,LTB4R,1241.0,MutNovel,"S320N,0.426"
X-3205,LTBP1,4052.0,MutNovel,"V1378L,0.566"
X-3205,LTN1,26046.0,MutNovel,"L1404P,0.294"
X-3205,LYSMD2,256586.0,MutNovel,"-28R,0.500"
X-3205,LYST,1130.0,MutNovel,"H3700N,0.448"
X-3205,LZTFL1,54585.0,MutNovel,"R19C,0.733"
X-3205,MADD,8567.0,MutNovel,"T1199A,0.611"
X-3205,MAGI1,9223.0,MutNovel,"A1158V,0.292"
X-3205,MAGI3,260425.0,MutKnownFunctional,"-1243,0.673"
X-3205,MAN2A1,4124.0,MutNovel,"Y407H,0.857"
X-3205,MAN2C1,4123.0,MutKnownFunctional,"-670,0.352"
X-3205,MAN2C1,4123.0,MutNovel,"R390G,0.456"
X-3205,MAOA,4128.0,MutNovel,"V37A,0.996"
X-3205,MAP1S,55201.0,MutNovel,"A558V,0.484"
X-3205,MAP2K3,5606.0,MutNovel,"K23E,0.241"
X-3205,MAP3K14,9020.0,MutNovel,"P350S,0.727"
X-3205,MAP3K4,4216.0,MutNovel,"PA1189P,0.526"
X-3205,MAP3K6,9064.0,MutNovel,"V171A,0.690"
X-3205,MAP7,9053.0,MutNovel,"R328Q,0.554"
X-3205,MAPK6,5597.0,MutNovel,"V598L,0.505"
X-3205,MAPK7,5598.0,MutNovel,"R258W,0.500"
X-3205,MAPK8IP1,9479.0,MutNovel,"V419I,0.545"
X-3205,MAPK8IP2,23542.0,MutNovel,"A378G,0.517"
X-3205,MAPK8IP3,23162.0,MutKnownFunctional,"-1334,0.519"
X-3205,MAPKAPK2,9261.0,MutNovel,"T25A,0.581"
X-3205,MARCKS,4082.0,MutKnownFunctional,"-152,0.606"
X-3205,MARCKS,4082.0,MutKnownFunctional,"-325?,0.545"
X-3205,MARS,4141.0,MutNovel,"V856I,0.499"
X-3205,MAZ,4150.0,MutKnownFunctional,"-11?,0.312"
X-3205,MBD2,8932.0,MutNovel,"G115S,0.227"
X-3205,MBD6,114785.0,MutKnownFunctional,"-692,0.462"
X-3205,MC1R,4157.0,MutNovel,"L129P,0.280"
X-3205,MC1R,4157.0,MutNovel,"Y152C,0.688"
X-3205,MCEE,84693.0,MutKnownFunctional,"-140,0.441"
X-3205,MCM3AP,8888.0,MutNovel,"F1638L,0.294"
X-3205,MCOLN1,57192.0,MutNovel,"G6C,0.614"
X-3205,MCOLN3,55283.0,MutNovel,"P170H,0.714"
X-3205,MDN1,23195.0,MutKnownFunctional,"R5499*,0.324"
X-3205,MDN1,23195.0,MutNovel,"R3540C,0.382"
X-3205,MED1,5469.0,MutNovel,"V908A,0.386"
X-3205,MED13L,23389.0,MutNovel,"P554H,0.250"
X-3205,MED15,51586.0,MutNovel,"VQ204V,0.909"
X-3205,MED8,112950.0,Del0.8,0.78
X-3205,MEGF9,1955.0,MutNovel,"L15M,0.750"
X-3205,MEP1A,4224.0,MutNovel,"A151T,0.654"
X-3205,METTL12,751071.0,MutNovel,"G83A,0.467"
X-3205,METTL21B,25895.0,MutNovel,"K78N,0.667"
X-3205,METTL21B,25895.0,MutNovel,"P141T,0.629"
X-3205,MFHAS1,9258.0,MutNovel,"L68P,0.682"
X-3205,MFN2,9927.0,MutNovel,"L401R,0.228"
X-3205,MFSD10,10227.0,MutNovel,"T399A,0.455"
X-3205,MFSD5,84975.0,MutNovel,"V484A,0.506"
X-3205,MFSD6L,162387.0,MutNovel,"R426G,0.423"
X-3205,MGAT1,4245.0,MutNovel,"A104T,0.258"
X-3205,MGEA5,10724.0,MutKnownFunctional,"-526,0.300"
X-3205,MIB2,142678.0,MutNovel,"A954S,0.350"
X-3205,MICAL1,64780.0,MutNovel,"V124M,0.466"
X-3205,MICAL2,9645.0,MutNovel,"F145L,0.741"
X-3205,MICAL2,9645.0,MutKnownFunctional,"R989*,0.248"
X-3205,MICAL3,57553.0,MutKnownFunctional,"-1499,0.412"
X-3205,MID1,4281.0,MutNovel,"R102W,0.543"
X-3205,MINK1,50488.0,MutKnownFunctional,"-93?,0.350"
X-3205,MINK1,50488.0,MutKnownFunctional,"-1251,0.490"
X-3205,MIPEP,4285.0,MutNovel,"V36A,0.312"
X-3205,MIR3924,100500834.0,Del0.8,0.72
X-3205,MIR4434,100616419.0,Del0.8,0.5
X-3205,MIS18BP1,55320.0,MutNovel,"T397A,0.855"
X-3205,MLL,4297.0,MutNovel,"S419L,0.750"
X-3205,MLL3,58508.0,MutKnownFunctional,"-2797,0.808"
X-3205,MLL4,9757.0,MutKnownFunctional,"-1199,0.373"
X-3205,MLL4,9757.0,MutNovel,"R1771Q,0.520"
X-3205,MLL5,55904.0,MutKnownFunctional,"-871,0.474"
X-3205,MLLT3,4300.0,MutNovel,"S168T,0.667"
X-3205,MLLT6,4302.0,MutKnownFunctional,"-393,0.277"
X-3205,MMS22L,253714.0,MutNovel,"Q343H,0.368"
X-3205,MON2,23041.0,MutNovel,"S1224R,0.394"
X-3205,MORC2,22880.0,MutNovel,"S25L,0.422"
X-3205,MORC3,23515.0,MutNovel,"V127M,0.261"
X-3205,MPHOSPH9,10198.0,MutKnownFunctional,"-5,0.533"
X-3205,MPRIP,23164.0,MutNovel,"TS178T,0.290"
X-3205,MPRIP,23164.0,MutNovel,"R332H,0.485"
X-3205,MPRIP,23164.0,MutNovel,"R530H,0.500"
X-3205,MPZL2,10205.0,MutNovel,"N127I,0.621"
X-3205,MRPL2,51069.0,MutNovel,"A137V,0.443"
X-3205,MRPL28,10573.0,MutNovel,"A92T,0.421"
X-3205,MRPL41,64975.0,MutNovel,"Y73C,0.478"
X-3205,MRPL41,64975.0,MutNovel,"L86M,0.514"
X-3205,MRPL54,116541.0,MutNovel,"L121R,0.252"
X-3205,MSH2,4436.0,MutNovel,"E226K,0.483"
X-3205,MSX1,4487.0,MutNovel,"R202C,0.500"
X-3205,MTHFD1,4522.0,MutNovel,"A618T,0.397"
X-3205,MTMR4,9110.0,MutNovel,"A348V,0.611"
X-3205,MUC1,4582.0,MutKnownFunctional,"-163,0.262"
X-3205,MUC12,10071.0,MutNovel,"T312I,0.786"
X-3205,MUC12,10071.0,MutNovel,"L324F,0.875"
X-3205,MUC12,10071.0,MutNovel,"S330L,0.824"
X-3205,MUC12,10071.0,MutNovel,"T340P,0.692"
X-3205,MUC12,10071.0,MutNovel,"P345S,0.500"
X-3205,MUC12,10071.0,MutNovel,"R855H,1.000"
X-3205,MUC12,10071.0,MutNovel,"R1165P,1.000"
X-3205,MUC12,10071.0,MutNovel,"D1348G,1.000"
X-3205,MUC12,10071.0,MutNovel,"S1669L,0.752"
X-3205,MUC12,10071.0,MutNovel,"L1735F,1.000"
X-3205,MUC12,10071.0,MutNovel,"S1741L,1.000"
X-3205,MUC12,10071.0,MutNovel,"E1768G,0.774"
X-3205,MUC12,10071.0,MutNovel,"T1770M,0.806"
X-3205,MUC12,10071.0,MutNovel,"T2840P,0.600"
X-3205,MUC12,10071.0,MutNovel,"T3079M,0.833"
X-3205,MUC12,10071.0,MutNovel,"P3395T,0.300"
X-3205,MUC12,10071.0,MutNovel,"S3413N,0.375"
X-3205,MUC12,10071.0,MutNovel,"S4095G,0.636"
X-3205,MUC12,10071.0,MutNovel,"T4363I,0.500"
X-3205,MUC12,10071.0,MutNovel,"T4391P,0.571"
X-3205,MUC12,10071.0,MutNovel,"L4568F,0.762"
X-3205,MUC12,10071.0,MutNovel,"LG4568FS,0.762"
X-3205,MUC12,10071.0,MutNovel,"E4601G,0.465"
X-3205,MUC12,10071.0,MutNovel,"T4603M,0.465"
X-3205,MUC19,,MutNovel,"NR5985KW,1.000"
X-3205,MUC2,4583.0,MutNovel,"T640I,0.643"
X-3205,MUC5B,727897.0,MutNovel,"A5045V,0.294"
X-3205,MXRA7,439921.0,MutNovel,"E36G,0.381"
X-3205,MYCBP2,23077.0,MutNovel,"T4628A,0.548"
X-3205,MYCBP2,23077.0,MutKnownFunctional,"-4609,0.420"
X-3205,MYCBP2,23077.0,MutNovel,"I4091V,0.488"
X-3205,MYH14,79784.0,MutNovel,"L912M,0.517"
X-3205,MYH9,4627.0,MutNovel,"R398W,0.436"
X-3205,MYO10,4651.0,MutNovel,"R1194C,0.486"
X-3205,MYO10,4651.0,MutNovel,"A529V,0.529"
X-3205,MYO19,80179.0,MutNovel,"R663Q,0.511"
X-3205,MYO1B,4430.0,MutNovel,"G468D,0.447"
X-3205,MYO1D,4642.0,MutNovel,"C589Y,0.537"
X-3205,MYO1E,4643.0,MutNovel,"E608K,0.500"
X-3205,MYO7B,4648.0,MutNovel,"R206H,0.423"
X-3205,MYOF,26509.0,MutNovel,"R1066H,0.493"
X-3205,MYPOP,339344.0,MutKnownFunctional,"-117?,0.452"
X-3205,NAA60,79903.0,MutNovel,"P226S,0.507"
X-3205,NABP2,,MutNovel,"R88C,0.478"
X-3205,NAE1,8883.0,MutNovel,"Y442H,0.540"
X-3205,NAGLU,4669.0,MutNovel,"A31V,0.557"
X-3205,NAP1L4,4676.0,MutNovel,"G249W,0.472"
X-3205,NAT10,55226.0,MutNovel,"IS209I,0.527"
X-3205,NBAS,51594.0,MutNovel,"E1048K,0.485"
X-3205,NBPF1,55672.0,MutNovel,"S837L,0.227"
X-3205,NBPF10,100132406.0,MutNovel,"E3465G,0.317"
X-3205,NBPF11,200030.0,MutNovel,"A173V,0.333"
X-3205,NBPF14,25832.0,MutNovel,"I861G,1.000"
X-3205,NBPF16,728936.0,MutNovel,"G457V,1.000"
X-3205,NBPF9,400818.0,MutNovel,"G580E,1.000"
X-3205,NBR1,4077.0,MutNovel,"A104V,0.480"
X-3205,NCAPD2,9918.0,MutNovel,"R783Q,0.279"
X-3205,NCAPG,64151.0,MutNovel,"I465N,0.520"
X-3205,NCAPH2,29781.0,MutNovel,"R495H,0.496"
X-3205,NCOA1,8648.0,MutNovel,"L936P,0.557"
X-3205,NCOA2,10499.0,MutKnownFunctional,"Q1171*,0.237"
X-3205,NCOA2,10499.0,MutNovel,"R19H,0.577"
X-3205,NCOA3,8202.0,MutNovel,"V100I,0.727"
X-3205,NCOA6,23054.0,MutNovel,"M699I,0.395"
X-3205,NCOR2,9612.0,MutNovel,"G1839GAAA,0.558"
X-3205,NCRNA00185,55410.0,Del0.8,0.18
X-3205,NDC80,10403.0,MutNovel,"P443T,0.486"
X-3205,NDEL1,81565.0,MutNovel,"V317A,0.562"
X-3205,NDOR1,27158.0,MutNovel,"R311H,0.463"
X-3205,NEU4,129807.0,Del0.8,0.69
X-3205,NEURL1B,54492.0,MutNovel,"G348C,0.438"
X-3205,NEURL4,84461.0,MutNovel,"N896S,0.326"
X-3205,NFAT5,10725.0,MutNovel,"T397R,0.316"
X-3205,NFATC2,4773.0,MutNovel,"C355Y,0.500"
X-3205,NFYA,4800.0,MutNovel,"A208V,0.439"
X-3205,NHS,4810.0,MutNovel,"N1370D,0.600"
X-3205,NIPBL,25836.0,MutNovel,"T2246A,0.664"
X-3205,NKRF,55922.0,MutNovel,"L38M,1.000"
X-3205,NKTR,4820.0,MutKnownFunctional,"-764,0.297"
X-3205,NKTR,4820.0,MutKnownFunctional,"W1016*,0.675"
X-3205,NKX2-5,1482.0,MutNovel,"A63V,1.000"
X-3205,NLGN4Y,22829.0,Del0.8,0.18
X-3205,NMRK1,,MutNovel,"N13S,0.467"
X-3205,NOL11,25926.0,MutNovel,"V483A,0.565"
X-3205,NOM1,64434.0,MutNovel,"R44K,0.647"
X-3205,NOP9,,MutKnownFunctional,"Q551*,0.228"
X-3205,NOTCH1,4851.0,MutNovel,"C666Y,0.380"
X-3205,NOTCH3,4854.0,MutKnownFunctional,"-1961?,0.427"
X-3205,NOXA1,10811.0,MutKnownFunctional,"-288,0.314"
X-3205,NOXO1,124056.0,MutKnownFunctional,"-329,0.438"
X-3205,NPB,256933.0,MutNovel,"Q108R,0.564"
X-3205,NPC1L1,29881.0,MutNovel,"L123M,0.889"
X-3205,NPIPL3,23117.0,MutNovel,"E863Q,0.312"
X-3205,NPIPL3,23117.0,MutNovel,"R576P,0.341"
X-3205,NR1H2,7376.0,MutNovel,"-173Q,0.857"
X-3205,NR2C1,7181.0,MutNovel,"L59M,0.537"
X-3205,NR4A2,4929.0,MutNovel,"P133L,0.561"
X-3205,NRIP1,8204.0,MutKnownFunctional,"-728,0.603"
X-3205,NT5DC4,,MutNovel,"R644W,1.000"
X-3205,NUAK2,81788.0,MutNovel,"R144Q,0.700"
X-3205,NUDT13,25961.0,MutKnownFunctional,"-185,0.328"
X-3205,NUDT17,200035.0,MutNovel,"P232L,0.606"
X-3205,NUDT18,79873.0,MutNovel,"L75M,0.294"
X-3205,NUP133,55746.0,MutNovel,"V696A,0.565"
X-3205,NUP160,23279.0,MutNovel,"V651A,0.429"
X-3205,NUP188,23511.0,MutNovel,"S1638G,0.516"
X-3205,NUP210,23225.0,MutNovel,"S898N,0.650"
X-3205,NUP214,8021.0,MutKnownFunctional,"-1376,0.300"
X-3205,NYAP1,222950.0,MutNovel,"R334W,0.700"
X-3205,OBFC1,79991.0,MutNovel,"Q275H,0.259"
X-3205,OBSCN,84033.0,MutNovel,"T2855M,0.381"
X-3205,OBSCN,84033.0,MutNovel,"A3996T,1.000"
X-3205,OBSCN,84033.0,MutNovel,"M6415V,0.368"
X-3205,OBSCN,84033.0,MutNovel,"Y7588C,0.315"
X-3205,OCLN,100506658.0,MutNovel,"R335Q,0.543"
X-3205,ODC1,4953.0,MutNovel,"G17S,0.484"
X-3205,ODF2,4957.0,MutNovel,"R140W,0.410"
X-3205,ODF2,4957.0,MutNovel,"A786V,0.496"
X-3205,ODZ3,55714.0,MutNovel,"Y1716C,1.000"
X-3205,OPLAH,26873.0,MutNovel,"V508A,0.438"
X-3205,OPN1SW,611.0,Del0.8,0.57
X-3205,ORAI1,84876.0,MutNovel,"PP43-,0.820"
X-3205,OSBPL5,114879.0,MutKnownFunctional,"-307,0.256"
X-3205,OSBPL6,114880.0,MutNovel,"Q166R,1.000"
X-3205,OSBPL7,114881.0,MutNovel,"V621I,0.483"
X-3205,OSTM1,28962.0,MutNovel,"K321E,0.433"
X-3205,OTOP1,133060.0,MutNovel,"R598P,1.000"
X-3205,OTUD1,220213.0,MutNovel,"R145H,0.632"
X-3205,OXER1,165140.0,MutKnownFunctional,"-360,0.375"
X-3205,P4HB,5034.0,MutKnownFunctional,"-387,0.359"
X-3205,P4HB,5034.0,MutNovel,"R97C,0.614"
X-3205,PAF1,54623.0,MutNovel,"G393D,0.429"
X-3205,PAK6,56924.0,MutKnownFunctional,"W40*,0.304"
X-3205,PANK4,55229.0,MutNovel,"F634S,0.778"
X-3205,PANX2,56666.0,MutNovel,"L154P,0.500"
X-3205,PARM1,25849.0,MutNovel,"G59S,0.519"
X-3205,PARN,5073.0,MutNovel,"R249H,0.469"
X-3205,PARP10,84875.0,MutNovel,"R198C,0.700"
X-3205,PARP14,54625.0,MutNovel,"R1281C,0.400"
X-3205,PASK,23178.0,MutNovel,"M564L,0.506"
X-3205,PAX6,5080.0,MutKnownFunctional,"-389,0.434"
X-3205,PBRM1,55193.0,MutKnownFunctional,"-258,0.250"
X-3205,PC,5091.0,MutNovel,"E836G,0.273"
X-3205,PCDH11Y,83259.0,Del0.8,0.18
X-3205,PCDHA2,56146.0,MutNovel,"R595H,0.750"
X-3205,PCDHA3,56145.0,MutNovel,"A684T,0.400"
X-3205,PCDHB15,56121.0,MutNovel,"R158W,0.400"
X-3205,PCDHB16,57717.0,MutNovel,"S328P,1.000"
X-3205,PCDHB9,56127.0,MutNovel,"L140F,0.750"
X-3205,PCDHGA1,56114.0,MutKnownFunctional,"-767,0.619"
X-3205,PCDHGA6,56109.0,MutNovel,"D125G,1.000"
X-3205,PCNXL3,399909.0,MutNovel,"I366T,0.617"
X-3205,PDCD11,22984.0,MutNovel,"P582L,0.464"
X-3205,PDCD7,10081.0,MutNovel,"P17Q,0.550"
X-3205,PDE4DIP,9659.0,MutNovel,"P2341L,0.467"
X-3205,PDE4DIP,9659.0,MutNovel,"P2341L,0.467"
X-3205,PDIA2,64714.0,MutKnownFunctional,"-493?,0.400"
X-3205,PDLIM2,64236.0,MutNovel,"S459L,0.457"
X-3205,PDP2,57546.0,MutNovel,"S521L,0.556"
X-3205,PDPR,55066.0,MutNovel,"G126S,0.417"
X-3205,PDS5B,23047.0,MutKnownFunctional,"-1387,0.250"
X-3205,PDSS1,23590.0,MutNovel,"G30V,0.562"
X-3205,PER1,5187.0,MutKnownFunctional,"-466,0.364"
X-3205,PEX1,5189.0,MutKnownFunctional,"-370,0.282"
X-3205,PEX10,5192.0,MutNovel,"R273H,0.330"
X-3205,PEX13,5194.0,MutNovel,"M145V,0.564"
X-3205,PFKP,5214.0,MutNovel,"T340I,0.555"
X-3205,PGAM5,192111.0,MutNovel,"T156A,0.473"
X-3205,PGAM5,192111.0,MutNovel,"P243L,0.438"
X-3205,PGF,5228.0,MutNovel,"Y117N,0.333"
X-3205,PHACTR4,65979.0,MutKnownFunctional,"-61,0.263"
X-3205,PHC1,1911.0,MutNovel,"R860H,0.833"
X-3205,PHC2,1912.0,MutNovel,"A818V,0.352"
X-3205,PHC2,1912.0,MutKnownFunctional,"-779,0.327"
X-3205,PHF1,5252.0,MutNovel,"R519C,0.482"
X-3205,PHF11,51131.0,MutNovel,"R21G,0.408"
X-3205,PHF11,51131.0,MutNovel,"M320V,0.517"
X-3205,PHF19,26147.0,MutNovel,"T141A,0.510"
X-3205,PHLDA1,22822.0,MutNovel,"QQ194Q,0.444"
X-3205,PHLDB1,23187.0,MutNovel,"T417K,0.692"
X-3205,PHLDB3,653583.0,MutNovel,"P14S,0.519"
X-3205,PHLPP1,23239.0,MutNovel,"V244L,0.600"
X-3205,PHPT1,29085.0,MutNovel,"G18C,0.527"
X-3205,PHRF1,57661.0,MutNovel,"P973L,0.534"
X-3205,PHTF2,57157.0,MutKnownFunctional,"-426,0.250"
X-3205,PIAS4,51588.0,MutNovel,"R241H,0.444"
X-3205,PICK1,9463.0,MutNovel,"GE381G,0.353"
X-3205,PIF1,80119.0,MutNovel,"P349H,0.475"
X-3205,PIGN,23556.0,MutNovel,"A787T,0.571"
X-3205,PIGQ,9091.0,MutNovel,"S83R,0.627"
X-3205,PIK3C2A,5286.0,MutNovel,"S188N,0.381"
X-3205,PIK3C2B,5287.0,MutNovel,"V380A,0.475"
X-3205,PIK3CA,5290.0,MutLikelyFunctional,"R88Q,0.525"
X-3205,PIK3CB,5291.0,MutNovel,"T417M,0.460"
X-3205,PIP5K1C,23396.0,MutNovel,"D291N,0.519"
X-3205,PITPNM2,57605.0,MutNovel,"R1323C,0.459"
X-3205,PITPNM3,83394.0,MutNovel,"A240T,0.439"
X-3205,PITRM1,10531.0,MutNovel,"Y597F,0.531"
X-3205,PIWIL4,143689.0,MutNovel,"L655R,0.400"
X-3205,PKD1,5310.0,MutNovel,"P525L,0.222"
X-3205,PKM,,MutNovel,"R166H,0.468"
X-3205,PLAA,9373.0,MutNovel,"M145T,0.564"
X-3205,PLAA,9373.0,MutNovel,"P48Q,0.467"
X-3205,PLBD2,196463.0,MutNovel,"A123S,0.495"
X-3205,PLEC,5339.0,MutNovel,"LR3675FC,0.426"
X-3205,PLEC,5339.0,MutNovel,"R3039Q,0.491"
X-3205,PLEC,5339.0,MutNovel,"R2826H,0.237"
X-3205,PLEKHA3,65977.0,MutKnownFunctional,"-286,0.435"
X-3205,PLEKHA7,144100.0,MutNovel,"R447K,0.480"
X-3205,PLEKHB2,55041.0,MutNovel,"P198H,0.562"
X-3205,PLEKHH3,79990.0,MutKnownFunctional,"-192,0.427"
X-3205,PLIN3,10226.0,MutNovel,"K128N,0.486"
X-3205,PLS1,5357.0,MutNovel,"G595S,0.484"
X-3205,PLXNB1,5364.0,MutNovel,"A1911T,0.319"
X-3205,PLXNB2,23654.0,MutNovel,"L1372F,0.509"
X-3205,PLXND1,23129.0,MutNovel,"F790S,0.800"
X-3205,PMEL,6490.0,MutNovel,"S642R,0.826"
X-3205,PML,5371.0,MutNovel,"R295H,0.439"
X-3205,PNMT,5409.0,MutNovel,"A171D,1.000"
X-3205,POF1B,79983.0,MutNovel,"E402D,0.525"
X-3205,POFUT2,23275.0,MutNovel,"A39V,0.574"
X-3205,POGZ,23126.0,MutNovel,"P924S,0.206"
X-3205,POGZ,23126.0,MutNovel,"M588V,0.527"
X-3205,POLA2,23649.0,MutNovel,"N266-,0.459"
X-3205,POLE4,56655.0,MutNovel,"M1MA,0.529"
X-3205,POLG,5428.0,MutNovel,"E963G,0.463"
X-3205,POLQ,10721.0,MutNovel,"V2431A,0.582"
X-3205,POLR1B,84172.0,MutNovel,"R72H,0.482"
X-3205,POLRMT,5442.0,MutNovel,"-747TC,0.442"
X-3205,POLRMT,5442.0,MutNovel,"G711R,0.385"
X-3205,POM121C,100101267.0,MutNovel,"Q764H,0.394"
X-3205,POMGNT1,55624.0,MutNovel,"A438T,0.395"
X-3205,POR,5447.0,MutNovel,"S400L,0.445"
X-3205,PPARD,5467.0,MutNovel,"G96D,0.568"
X-3205,PPIG,9360.0,MutKnownFunctional,"-679,0.499"
X-3205,PPM1B,5495.0,MutKnownFunctional,"-477,0.356"
X-3205,PPM1D,8493.0,MutNovel,"A82S,0.250"
X-3205,PPM1D,8493.0,MutKnownFunctional,"-448,0.599"
X-3205,PPP1R12C,54776.0,MutKnownFunctional,"-370,0.385"
X-3205,PPP1R3D,5509.0,MutNovel,"T216A,0.400"
X-3205,PPP2CA,5515.0,MutNovel,"N271S,0.478"
X-3205,PPP2R3C,55012.0,MutNovel,"T320A,0.459"
X-3205,PPP6R3,55291.0,MutNovel,"V779M,0.487"
X-3205,PRDM1,639.0,MutKnownFunctional,"-453?,0.438"
X-3205,PRDM15,63977.0,MutNovel,"T710M,0.667"
X-3205,PRDM8,56978.0,MutNovel,"Q212H,0.750"
X-3205,PREP,5550.0,MutKnownFunctional,"-670,0.462"
X-3205,PREX1,57580.0,MutNovel,"S1590N,0.600"
X-3205,PREX1,57580.0,MutNovel,"Y857H,0.500"
X-3205,PRIC285,85441.0,MutNovel,"Q2630R,0.371"
X-3205,PRIC285,85441.0,MutNovel,"H1654N,0.415"
X-3205,PRKY,5616.0,Del0.8,0.18
X-3205,PRMT3,10196.0,MutNovel,"G225R,0.474"
X-3205,PROM1,8842.0,MutNovel,"V779A,0.437"
X-3205,PRPF31,26121.0,MutNovel,"A415V,0.449"
X-3205,PRPF31,26121.0,MutNovel,"A473D,0.469"
X-3205,PRR12,57479.0,MutKnownFunctional,"-798?,0.466"
X-3205,PRR14,78994.0,MutNovel,"R505C,0.516"
X-3205,PRR14L,253143.0,MutKnownFunctional,"-1996,0.315"
X-3205,PRY,9081.0,Del0.8,0.18
X-3205,PRY,9081.0,Del0.8,0.18
X-3205,PRY2,442862.0,Del0.8,0.18
X-3205,PRY2,442862.0,Del0.8,0.18
X-3205,PSD4,23550.0,MutNovel,"A310T,0.433"
X-3205,PSMB6,5694.0,MutKnownFunctional,"-150?,0.282"
X-3205,PTEN,5728.0,MutLikelyFunctional,"-156?,0.267"
X-3205,PTEN,5728.0,MutLikelyFunctional,"-337,0.624"
X-3205,PTGES2,80142.0,MutNovel,"Q128H,0.547"
X-3205,PTGFRN,5738.0,MutNovel,"V220M,0.397"
X-3205,PTPRF,5792.0,MutNovel,"R233H,0.346"
X-3205,PTPRF,5792.0,MutNovel,"S477N,0.619"
X-3205,PTPRK,5796.0,MutNovel,"A208V,0.518"
X-3205,PTPRO,5800.0,MutNovel,"T859A,1.000"
X-3205,PTPRU,10076.0,MutNovel,"V318A,0.692"
X-3205,PTRF,284119.0,MutNovel,"R363C,0.905"
X-3205,PWWP2B,170394.0,MutKnownFunctional,"-84,0.407"
X-3205,PXMP4,11264.0,MutNovel,"L91M,0.495"
X-3205,PYCRL,65263.0,MutNovel,"L216P,0.552"
X-3205,QTRT1,81890.0,MutNovel,"P223S,0.492"
X-3205,QTRT1,81890.0,MutKnownFunctional,"W390*,0.252"
X-3205,R3HDM2,22864.0,MutKnownFunctional,"-913,0.426"
X-3205,RAB23,51715.0,MutNovel,"E167K,0.588"
X-3205,RABL6,,MutNovel,"G662C,0.398"
X-3205,RAD17,5884.0,MutNovel,"R352W,0.479"
X-3205,RAD50,10111.0,MutKnownFunctional,"-719,0.254"
X-3205,RAD54L2,23132.0,MutNovel,"S1154L,0.795"
X-3205,RAET1L,154064.0,MutNovel,"M85T,0.500"
X-3205,RANBP2,5903.0,MutNovel,"S2599F,0.369"
X-3205,RANBP2,5903.0,MutKnownFunctional,"Q3042*,0.368"
X-3205,RANBP9,10048.0,MutNovel,"S514G,0.524"
X-3205,RAPGEF1,2889.0,MutNovel,"H595Y,0.488"
X-3205,RAPGEF2,9693.0,MutNovel,"F733L,0.429"
X-3205,RARS2,57038.0,MutNovel,"H56R,0.510"
X-3205,RASGRF2,5924.0,MutNovel,"A563T,0.440"
X-3205,RB1CC1,9821.0,MutNovel,"T1440R,0.468"
X-3205,RBBP6,5930.0,MutKnownFunctional,"-1530?,0.323"
X-3205,RBM15B,29890.0,MutNovel,"H47R,0.250"
X-3205,RBM24,221662.0,Del0.8,0.69
X-3205,RBM47,54502.0,MutNovel,"R332M,0.276"
X-3205,RBMX,27316.0,MutNovel,"S352Y,0.999"
X-3205,RBMXL1,494115.0,MutKnownFunctional,"-1,0.268"
X-3205,RBMY1A3P,286557.0,Del0.8,0.18
X-3205,RBMY1B,378948.0,Del0.8,0.18
X-3205,RBMY1B,378948.0,Del0.8,0.18
X-3205,RBMY1E,378950.0,Del0.8,0.18
X-3205,RBMY1E,378950.0,Del0.8,0.18
X-3205,RBMY1F,159163.0,Del0.8,0.18
X-3205,RBMY1F,159163.0,Del0.8,0.18
X-3205,RBMY1J,378951.0,Del0.8,0.18
X-3205,RBMY1J,378951.0,Del0.8,0.18
X-3205,RBMY2EP,159125.0,Del0.8,0.18
X-3205,RBMY2FP,159162.0,Del0.8,0.18
X-3205,RBMY3AP,64593.0,Del0.8,0.18
X-3205,RCN2,5955.0,MutNovel,"V47I,0.438"
X-3205,RELL2,285613.0,MutNovel,"M34V,0.500"
X-3205,REPIN1,29803.0,MutKnownFunctional,"-271,0.428"
X-3205,RERE,473.0,MutKnownFunctional,"-83,0.727"
X-3205,REST,5978.0,MutNovel,"V124A,0.406"
X-3205,REV3L,5980.0,MutKnownFunctional,"-1992,0.458"
X-3205,REXO1,57455.0,MutNovel,"A360V,0.500"
X-3205,REXO1,57455.0,MutNovel,"N299D,0.442"
X-3205,RFNG,5986.0,MutNovel,"R154M,0.251"
X-3205,RFTN2,130132.0,MutKnownFunctional,"-501,0.667"
X-3205,RGPD8,727851.0,MutNovel,"I1459T,0.333"
X-3205,RGS12,6002.0,MutKnownFunctional,"-1176,0.292"
X-3205,RGS14,10636.0,Del0.8,0.77
X-3205,RGS6,9628.0,MutNovel,"I253N,1.000"
X-3205,RGS9,8787.0,MutNovel,"P12L,1.000"
X-3205,RIN3,79890.0,MutNovel,"G967-,0.741"
X-3205,RINL,126432.0,MutNovel,"E10G,0.500"
X-3205,RMI1,80010.0,MutKnownFunctional,"R133*,0.540"
X-3205,RNASEH1,246243.0,MutNovel,"Y163H,0.442"
X-3205,RNASEH2A,10535.0,MutNovel,"W254C,0.462"
X-3205,RND3,390.0,MutNovel,"K203E,0.493"
X-3205,RNF130,55819.0,MutNovel,"H298R,0.492"
X-3205,RNF139,11236.0,MutNovel,"YN450Y,0.452"
X-3205,RNF170,81790.0,MutNovel,"I252M,0.530"
X-3205,RNF213,57674.0,MutNovel,"E2617V,0.562"
X-3205,RNF223,401934.0,MutNovel,"L205-,0.316"
X-3205,RNF4,6047.0,MutNovel,"Q161L,0.568"
X-3205,RNF43,54894.0,MutKnownFunctional,"-659,0.454"
X-3205,RNF43,54894.0,MutNovel,"A169T,0.676"
X-3205,RNF43,54894.0,MutKnownFunctional,"-117,0.398"
X-3205,RNH1,6050.0,MutNovel,"E160K,0.296"
X-3205,RPAP1,26015.0,MutNovel,"PP73P,0.414"
X-3205,RPAP2,79871.0,MutNovel,"E450K,0.244"
X-3205,RPL22,6146.0,MutKnownFunctional,"-15,0.800"
X-3205,RPL26L1,51121.0,MutNovel,"R115W,0.560"
X-3205,RPL5,6125.0,MutNovel,"R209H,0.300"
X-3205,RPL6,6128.0,MutNovel,"V137M,0.523"
X-3205,RPS14,6208.0,MutNovel,"A92T,0.496"
X-3205,RPS4Y1,6192.0,Del0.8,0.18
X-3205,RPS4Y2,140032.0,Del0.8,0.18
X-3205,RREB1,6239.0,MutNovel,"A684T,0.476"
X-3205,RRP36,88745.0,MutNovel,"V37A,0.518"
X-3205,RRP7A,27341.0,MutNovel,"R48Q,0.335"
X-3205,RSBN1L,222194.0,MutNovel,"Y272H,0.453"
X-3205,RTKN2,219790.0,MutKnownFunctional,"-449,0.510"
X-3205,RUFY2,55680.0,MutNovel,"I225V,0.591"
X-3205,RUSC1,23623.0,MutKnownFunctional,"-792,0.358"
X-3205,RUVBL2,10856.0,MutNovel,"T333M,0.504"
X-3205,RYK,6259.0,MutNovel,"D539G,0.472"
X-3205,SAFB2,9667.0,MutNovel,"R674H,0.498"
X-3205,SAMD9L,219285.0,MutNovel,"T1540A,0.714"
X-3205,SAPCD1,,MutNovel,"K125M,0.505"
X-3205,SAPCD2,,MutNovel,"L161M,0.483"
X-3205,SART1,9092.0,MutNovel,"P134H,0.222"
X-3205,SASH1,23328.0,MutNovel,"S1033N,0.600"
X-3205,SAT1,6303.0,MutNovel,"A11V,0.518"
X-3205,SAT1,6303.0,MutNovel,"S150G,0.494"
X-3205,SBDSP1,155370.0,Del0.8,0.79
X-3205,SBF2,81846.0,MutNovel,"G23D,0.667"
X-3205,SCAF1,58506.0,MutNovel,"G316D,0.218"
X-3205,SCAF1,58506.0,MutNovel,"R343L,0.583"
X-3205,SCAF11,9169.0,MutNovel,"R983Q,0.531"
X-3205,SCAND3,114821.0,MutKnownFunctional,"-934,0.400"
X-3205,SCAPER,49855.0,MutNovel,"R713H,0.909"
X-3205,SCGB2A1,4246.0,Del0.8,0.7
X-3205,SCO2,9997.0,MutNovel,"A153E,0.519"
X-3205,SCP2,6342.0,MutNovel,"N336D,0.653"
X-3205,SCRIB,23513.0,MutNovel,"T412A,0.811"
X-3205,SCRN2,90507.0,MutNovel,"A23D,0.483"
X-3205,SDE2,,MutNovel,"V183A,0.451"
X-3205,SEC23IP,11196.0,MutNovel,"Q244H,0.532"
X-3205,SEC24B,10427.0,MutNovel,"P439S,0.509"
X-3205,SEC31A,22872.0,MutNovel,"I204V,0.524"
X-3205,SEC63,11231.0,MutKnownFunctional,"-535,0.574"
X-3205,SEMA3C,10512.0,MutNovel,"A207T,0.385"
X-3205,SEMA3C,10512.0,MutNovel,"R124H,0.545"
X-3205,SEMA4F,10505.0,MutNovel,"M490I,0.353"
X-3205,SEMA6C,10500.0,MutNovel,"G619D,0.474"
X-3205,SEMA6C,10500.0,MutNovel,"R78Q,0.357"
X-3205,SEMA7A,8482.0,MutNovel,"R460C,0.536"
X-3205,SEMG1,6406.0,MutNovel,"E440D,0.312"
X-3205,SENP2,59343.0,MutNovel,"L527S,0.885"
X-3205,SENP7,57337.0,MutNovel,"T541A,0.476"
X-3205,2014-09-11 00:00:00,55752.0,MutNovel,"S412Y,0.264"
X-3205,2014-09-02 00:00:00,4735.0,MutNovel,"R194Q,0.539"
X-3205,SERINC2,347735.0,MutNovel,"-373Q,0.489"
X-3205,SESN2,83667.0,MutNovel,"L65M,0.297"
X-3205,SET,6418.0,MutNovel,"H118R,0.519"
X-3205,SETBP1,26040.0,MutKnownFunctional,"-339,1.000"
X-3205,SETD1A,9739.0,MutNovel,"L22I,0.520"
X-3205,SETD1A,9739.0,MutNovel,"E529D,0.400"
X-3205,SETD1B,23067.0,MutNovel,"P1462S,0.500"
X-3205,SETDB1,9869.0,MutKnownFunctional,"-394?,0.524"
X-3205,SETX,23064.0,MutKnownFunctional,"-1748,0.520"
X-3205,SETX,23064.0,MutKnownFunctional,"-1071,0.400"
X-3205,SF1,7536.0,MutNovel,"A621V,0.440"
X-3205,SFI1,9814.0,MutNovel,"N694S,0.484"
X-3205,SGK223,157285.0,MutNovel,"R1311C,0.480"
X-3205,SGTA,6449.0,MutNovel,"R302Q,0.619"
X-3205,SH3BP4,23677.0,MutNovel,"A399V,0.556"
X-3205,SH3BP5L,80851.0,MutNovel,"G380D,0.390"
X-3205,SH3GLB1,51100.0,MutNovel,"T177M,0.970"
X-3205,SHANK3,85358.0,MutKnownFunctional,"-1212,0.458"
X-3205,SHANK3,85358.0,MutKnownFunctional,"-1540,0.500"
X-3205,SHB,6461.0,MutKnownFunctional,"-42?,0.271"
X-3205,SHC1,6464.0,MutKnownFunctional,"-31?,0.262"
X-3205,SHCBP1,79801.0,MutNovel,"L344M,0.455"
X-3205,SHH,6469.0,MutNovel,"D396G,0.667"
X-3205,SHMT1,6470.0,MutNovel,"G404W,0.467"
X-3205,SHROOM3,57619.0,MutNovel,"E912D,0.453"
X-3205,SIK3,23387.0,MutNovel,"P510T,0.610"
X-3205,SIPA1L1,26037.0,MutNovel,"R77M,0.540"
X-3205,SLC11A2,4891.0,MutNovel,"Y588C,0.667"
X-3205,SLC16A4,9122.0,MutKnownFunctional,"-475,0.596"
X-3205,SLC19A2,10560.0,MutKnownFunctional,"-131,0.294"
X-3205,SLC22A31,146429.0,MutNovel,"R99W,0.458"
X-3205,SLC24A5,283652.0,Del0.8,0.78
X-3205,SLC24A6,80024.0,MutNovel,"Y233C,0.478"
X-3205,SLC25A27,9481.0,MutNovel,"C276Y,0.556"
X-3205,SLC27A1,376497.0,MutNovel,"A94V,0.500"
X-3205,SLC27A3,11000.0,MutNovel,"A373T,0.497"
X-3205,SLC28A2,9153.0,MutKnownFunctional,"-129?,0.412"
X-3205,SLC2A10,81031.0,MutNovel,"R409C,0.400"
X-3205,SLC2A6,11182.0,MutNovel,"L342F,0.312"
X-3205,SLC30A5,64924.0,MutNovel,"A196V,0.468"
X-3205,SLC30A5,64924.0,MutNovel,"I254T,0.425"
X-3205,SLC35D2,11046.0,MutNovel,"-11PR,0.342"
X-3205,SLC35E2,9906.0,MutNovel,"F85-,0.455"
X-3205,SLC37A1,54020.0,MutKnownFunctional,"-334,0.213"
X-3205,SLC38A6,145389.0,MutNovel,"A484V,0.568"
X-3205,SLC40A1,30061.0,MutNovel,"V221G,0.588"
X-3205,SLC43A1,8501.0,MutNovel,"I373V,0.478"
X-3205,SLC44A2,57153.0,MutNovel,"R218W,0.547"
X-3205,SLC52A2,,MutNovel,"A277T,0.506"
X-3205,SLC5A2,6524.0,MutNovel,"G332D,0.571"
X-3205,SLC9A2,6549.0,MutNovel,"I166T,0.574"
X-3205,SLX1A,548593.0,MutNovel,"R119C,0.286"
X-3205,SMAD5,4090.0,MutNovel,"S152N,0.506"
X-3205,SMARCC1,6599.0,MutNovel,"R355H,0.273"
X-3205,SMC5,23137.0,MutKnownFunctional,"-945,0.356"
X-3205,SMC6,79677.0,MutNovel,"M193R,0.400"
X-3205,SMCHD1,23347.0,MutKnownFunctional,"-578,0.444"
X-3205,SMG1,23049.0,MutNovel,"L2059S,0.480"
X-3205,SMG6,23293.0,MutNovel,"E1343D,0.527"
X-3205,SMG6,23293.0,MutNovel,"P859L,0.220"
X-3205,SMO,6608.0,MutNovel,"P741H,0.270"
X-3205,SMOX,54498.0,MutNovel,"A247V,0.670"
X-3205,SNRNP70,6625.0,MutNovel,"H158Y,0.528"
X-3205,SNTA1,6640.0,MutNovel,"R500H,0.274"
X-3205,SNX1,6642.0,MutNovel,"V224I,0.502"
X-3205,SNX1,6642.0,MutNovel,"N491D,0.445"
X-3205,SNX13,23161.0,MutNovel,"V171A,0.391"
X-3205,SNX19,399979.0,MutNovel,"G471V,0.514"
X-3205,SNX25,83891.0,MutKnownFunctional,"-636,0.339"
X-3205,SOCS2,8835.0,MutNovel,"T170N,0.512"
X-3205,SOCS5,9655.0,MutKnownFunctional,"-275,0.513"
X-3205,SOLH,6650.0,MutNovel,"E65K,0.583"
X-3205,SOLH,6650.0,MutNovel,"R445Q,0.547"
X-3205,SOLH,6650.0,MutNovel,"Q519H,0.488"
X-3205,SOLH,6650.0,MutNovel,"G689V,0.272"
X-3205,SOS1,6654.0,MutNovel,"Y974C,0.468"
X-3205,SOWAHD,347454.0,MutNovel,"V128A,0.545"
X-3205,SPAG9,9043.0,MutNovel,"E440G,0.211"
X-3205,SPATA13,221178.0,MutNovel,"A449V,0.429"
X-3205,SPATA18,132671.0,MutNovel,"K327E,0.500"
X-3205,SPATA24,202051.0,MutNovel,"L114F,0.333"
X-3205,SPEG,10290.0,MutNovel,"T133M,0.400"
X-3205,SPEG,10290.0,MutNovel,"G3043D,0.600"
X-3205,SPEN,23013.0,MutNovel,"P748L,0.290"
X-3205,SPIN2B,474343.0,MutNovel,"V76L,0.571"
X-3205,SPON1,10418.0,MutNovel,"G581S,0.454"
X-3205,SPRED1,161742.0,MutNovel,"S383T,0.494"
X-3205,SPTB,6710.0,MutNovel,"C618F,0.714"
X-3205,SRCAP,10847.0,MutKnownFunctional,"-1876?,0.418"
X-3205,SRCIN1,80725.0,MutNovel,"G342D,0.875"
X-3205,SRPK1,6732.0,MutNovel,"H81R,0.309"
X-3205,SRRM5,100170229.0,MutNovel,"S515P,0.308"
X-3205,SRY,6736.0,Del0.8,0.18
X-3205,SSBP2,23635.0,MutNovel,"S334N,0.429"
X-3205,SSH2,85464.0,MutNovel,"Q1345P,0.364"
X-3205,SSPO,23145.0,MutNovel,"A2551V,1.000"
X-3205,STAP2,55620.0,MutNovel,"T191M,0.523"
X-3205,STAT1,6772.0,MutNovel,"I218T,0.457"
X-3205,STATH,6779.0,Del0.8,0.72
X-3205,STK10,6793.0,MutNovel,"R739L,0.569"
X-3205,STK11IP,114790.0,MutNovel,"C549R,0.367"
X-3205,STK17A,9263.0,MutNovel,"K71E,0.500"
X-3205,STK38,11329.0,MutNovel,"V385L,0.474"
X-3205,STRADB,55437.0,MutNovel,"G83R,0.500"
X-3205,STRN3,29966.0,MutKnownFunctional,"-599?,0.354"
X-3205,STS,412.0,MutNovel,"S341L,0.444"
X-3205,STUB1,10273.0,MutNovel,"V289I,0.509"
X-3205,STX18,53407.0,MutNovel,"N76S,0.453"
X-3205,SULF2,55959.0,MutNovel,"W850C,0.361"
X-3205,SULT1C2,6819.0,MutNovel,"T46I,0.636"
X-3205,SUN2,25777.0,MutNovel,"V470M,0.495"
X-3205,SUV420H1,51111.0,MutKnownFunctional,"SR614S*,0.566"
X-3205,SYBU,55638.0,MutNovel,"P100T,0.414"
X-3205,SYCE1L,100130958.0,MutNovel,"Q112R,0.632"
X-3205,SYCP2,10388.0,MutKnownFunctional,"-788,1.000"
X-3205,SYNE2,23224.0,MutNovel,"W4925P,0.524"
X-3205,SYNE4,,MutKnownFunctional,"W130*,0.700"
X-3205,SYNJ2,8871.0,MutKnownFunctional,"-1221?,0.439"
X-3205,SYNPO,11346.0,MutKnownFunctional,"R507*,0.591"
X-3205,SYNRG,11276.0,MutNovel,"D1116Y,0.409"
X-3205,SYNRG,11276.0,MutNovel,"I442T,0.633"
X-3205,SYS1,90196.0,MutKnownFunctional,"-32,0.517"
X-3205,SYT8,90019.0,MutKnownFunctional,"-300,0.393"
X-3205,SYTL1,84958.0,MutNovel,"P471T,0.285"
X-3205,TADA2B,93624.0,MutNovel,"R392H,0.421"
X-3205,TAF1A,9015.0,MutNovel,"K434N,0.582"
X-3205,TAF2,6873.0,MutNovel,"Y651C,0.485"
X-3205,TAF4,6874.0,MutKnownFunctional,"-598,0.309"
X-3205,TAF4,6874.0,MutNovel,"Q352H,1.000"
X-3205,TAF6,6878.0,MutKnownFunctional,"-668,0.255"
X-3205,TAF9,6880.0,MutNovel,"A74T,0.563"
X-3205,TANC1,85461.0,MutNovel,"N1780S,0.518"
X-3205,TAOK2,9344.0,MutNovel,"E518G,0.518"
X-3205,TBC1D10A,83874.0,MutNovel,"A12V,0.500"
X-3205,TBC1D23,55773.0,MutKnownFunctional,"-647,0.410"
X-3205,TBC1D25,4943.0,MutKnownFunctional,"-448,0.882"
X-3205,TBC1D8,11138.0,MutKnownFunctional,"-1118,0.352"
X-3205,TBC1D8B,54885.0,MutNovel,"K4Q,0.300"
X-3205,TBL1Y,90665.0,Del0.8,0.18
X-3205,TBX3,6926.0,MutNovel,"A350T,0.517"
X-3205,TCEB3,6924.0,MutKnownFunctional,"-463,0.311"
X-3205,TCERG1,10915.0,MutNovel,"QAQAQA210-,0.231"
X-3205,TCERG1,10915.0,MutNovel,"P622H,0.746"
X-3205,TCERG1,10915.0,MutKnownFunctional,"-955,0.361"
X-3205,TCF20,6942.0,MutKnownFunctional,"-1579,0.304"
X-3205,TCF25,22980.0,MutNovel,"G167D,0.450"
X-3205,TCF7L2,6934.0,MutKnownFunctional,"-465,0.673"
X-3205,TCTN1,79600.0,MutNovel,"DN233D,0.412"
X-3205,TCTN2,79867.0,MutNovel,"R226H,0.425"
X-3205,TEAD1,7003.0,MutNovel,"E413G,0.571"
X-3205,TEAD2,8463.0,MutKnownFunctional,"-299,0.857"
X-3205,TENC1,23371.0,MutKnownFunctional,"-1025,0.376"
X-3205,TET3,200424.0,MutNovel,"EK442E,0.379"
X-3205,TEX10,54881.0,MutKnownFunctional,"-5,0.367"
X-3205,TFE3,7030.0,MutKnownFunctional,"-482?,0.375"
X-3205,TGFBR2,7048.0,MutKnownFunctional,"-150,0.737"
X-3205,TGFBRAP1,9392.0,MutKnownFunctional,"-585,0.347"
X-3205,TGIF2LY,90655.0,Del0.8,0.18
X-3205,THAP4,51078.0,MutNovel,"H244R,0.526"
X-3205,THG1L,54974.0,MutNovel,"V249L,0.529"
X-3205,THNSL2,55258.0,MutNovel,"L115M,0.214"
X-3205,THRA,7067.0,MutNovel,"P224L,0.481"
X-3205,THSD1,55901.0,MutNovel,"H743R,1.000"
X-3205,THTPA,79178.0,MutKnownFunctional,"-25,0.302"
X-3205,TICRR,,MutKnownFunctional,"-707,0.375"
X-3205,TIGD2,166815.0,MutNovel,"V274A,0.458"
X-3205,TIPIN,54962.0,MutNovel,"G8D,0.560"
X-3205,TIRAP,114609.0,MutNovel,"Q153E,0.429"
X-3205,TLE1,7088.0,MutKnownFunctional,"-463,0.294"
X-3205,TLE1,7088.0,MutNovel,"A166V,0.656"
X-3205,TLE2,7089.0,MutNovel,"P548T,0.361"
X-3205,TLE2,7089.0,MutKnownFunctional,"-379,0.522"
X-3205,TLN1,7094.0,MutNovel,"R1214M,0.492"
X-3205,TM6SF1,53346.0,MutKnownFunctional,"-334,0.462"
X-3205,TMC4,147798.0,MutNovel,"ED67D,0.508"
X-3205,TMCC3,57458.0,MutKnownFunctional,"-45,0.424"
X-3205,TMEM104,54868.0,MutNovel,"D332N,0.464"
X-3205,TMEM109,79073.0,MutNovel,"R158Q,0.475"
X-3205,TMEM150B,284417.0,MutNovel,"A67E,0.519"
X-3205,TMEM184A,202915.0,MutNovel,"G392GA,0.773"
X-3205,TMEM201,199953.0,MutNovel,"R666H,0.290"
X-3205,TMEM249,,MutNovel,"H149Y,0.375"
X-3205,TMEM251,,MutKnownFunctional,"-105,0.371"
X-3205,TMEM30A,55754.0,MutKnownFunctional,"-325,0.737"
X-3205,TMEM39A,55254.0,MutKnownFunctional,"-80,0.456"
X-3205,TMEM54,113452.0,MutNovel,"L90M,0.634"
X-3205,TMEM54,113452.0,Del0.8,0.75
X-3205,TMEM63A,9725.0,MutNovel,"R689C,0.493"
X-3205,TMEM63B,55362.0,MutKnownFunctional,"Q777*,0.516"
X-3205,TMEM74B,55321.0,MutNovel,"P144L,0.345"
X-3205,TMEM79,84283.0,MutKnownFunctional,"-161?,0.310"
X-3205,TMEM81,388730.0,MutNovel,"V70A,0.343"
X-3205,TMEM86A,144110.0,MutNovel,"H104L,0.300"
X-3205,TMEM87B,84910.0,MutNovel,"M260V,0.493"
X-3205,TMEM97,27346.0,MutKnownFunctional,"-173,0.429"
X-3205,TMPO,7112.0,MutKnownFunctional,"-96,0.667"
X-3205,TMSB10,9168.0,MutNovel,"A2T,0.504"
X-3205,TMSB4Y,9087.0,Del0.8,0.18
X-3205,TNFAIP2,7127.0,MutNovel,"A404T,0.582"
X-3205,TNFRSF25,8718.0,MutNovel,"R361H,0.655"
X-3205,TNK2,10188.0,MutKnownFunctional,"-710?,0.762"
X-3205,TNKS1BP1,85456.0,MutNovel,"T875A,0.285"
X-3205,TNKS1BP1,85456.0,MutNovel,"Q593H,0.321"
X-3205,TNPO3,23534.0,MutNovel,"K123N,0.216"
X-3205,TNRC18,84629.0,MutNovel,"A1241T,0.476"
X-3205,TOMM34,10953.0,MutNovel,"L308I,0.488"
X-3205,TONSL,4796.0,MutNovel,"P927L,0.387"
X-3205,TOP2B,7155.0,MutNovel,"E245G,0.673"
X-3205,TOPORS,10210.0,MutKnownFunctional,"-754,0.339"
X-3205,TOR3A,64222.0,MutNovel,"T102I,0.217"
X-3205,TP53BP1,7158.0,MutKnownFunctional,"-715,0.263"
X-3205,TP53BP2,7159.0,MutNovel,"G887W,0.402"
X-3205,TPGS2,25941.0,MutNovel,"P15S,0.541"
X-3205,TPM2,7169.0,MutNovel,"A155T,0.410"
X-3205,TPM2,7169.0,MutNovel,"A119S,0.828"
X-3205,TPP2,7174.0,MutNovel,"A2T,0.640"
X-3205,TPR,7175.0,MutNovel,"R182C,0.266"
X-3205,TRAF6,7189.0,MutNovel,"Q323H,0.321"
X-3205,TRAFD1,10906.0,MutNovel,"V526A,0.381"
X-3205,TRAPPC1,58485.0,MutNovel,"F43L,0.441"
X-3205,TRAPPC9,83696.0,MutNovel,"V307M,0.474"
X-3205,TRIB1,10221.0,MutNovel,"V43A,0.520"
X-3205,TRIB2,28951.0,MutNovel,"A199T,0.400"
X-3205,TRIM14,9830.0,MutNovel,"G410D,0.600"
X-3205,TRIM21,6737.0,MutNovel,"R118W,0.407"
X-3205,TRIM32,22954.0,MutNovel,"V591M,0.632"
X-3205,TRIM33,51592.0,MutNovel,"A322T,0.607"
X-3205,TRIM65,201292.0,MutKnownFunctional,"-34,0.548"
X-3205,TRIM66,9866.0,MutNovel,"Q118H,0.800"
X-3205,TRIP12,9320.0,MutNovel,"L656S,0.442"
X-3205,TRMT1,55621.0,MutNovel,"G420D,0.556"
X-3205,TRMT10C,,MutKnownFunctional,"-128,0.545"
X-3205,TRMT1L,81627.0,MutNovel,"A5S,0.667"
X-3205,TRMT61A,115708.0,MutNovel,"A126T,0.343"
X-3205,TRPM7,54822.0,MutNovel,"A91S,0.292"
X-3205,TRRAP,8295.0,MutNovel,"R3600C,0.577"
X-3205,TRRAP,8295.0,MutNovel,"R3648C,0.610"
X-3205,TRRAP,8295.0,MutNovel,"A3682V,0.388"
X-3205,TSC2,7249.0,MutNovel,"QE1342Q,0.278"
X-3205,TSHZ1,10194.0,MutNovel,"A574T,0.667"
X-3205,TSPY1,7258.0,Del0.8,0.18
X-3205,TSPY2,64591.0,Del0.8,0.18
X-3205,TSPY3,728137.0,Del0.8,0.18
X-3205,TSPY4,728395.0,Del0.8,0.18
X-3205,TSPY8,728403.0,Del0.8,0.18
X-3205,TSPYL1,7259.0,MutNovel,"V176VW,0.799"
X-3205,TSSC1,7260.0,MutNovel,"G228R,0.504"
X-3205,TSSK6,83983.0,MutNovel,"G121V,0.250"
X-3205,TTBK2,146057.0,MutKnownFunctional,"-828,0.636"
X-3205,TTC3,7267.0,MutKnownFunctional,"-776,0.333"
X-3205,TTC7A,57217.0,MutNovel,"A764V,0.558"
X-3205,TTC7B,145567.0,MutNovel,"P691T,1.000"
X-3205,TTC7B,145567.0,MutNovel,"L426P,1.000"
X-3205,TTF2,8458.0,MutNovel,"N716S,0.492"
X-3205,TTLL10,254173.0,MutNovel,"R549C,0.444"
X-3205,TTLL10,254173.0,MutNovel,"E666K,0.714"
X-3205,TTN,7273.0,MutKnownFunctional,"-35042,0.867"
X-3205,TTN,7273.0,MutNovel,"N35018S,0.696"
X-3205,TTTY10,246119.0,Del0.8,0.18
X-3205,TTTY11,83866.0,Del0.8,0.18
X-3205,TTTY12,83867.0,Del0.8,0.18
X-3205,TTTY13,83868.0,Del0.8,0.18
X-3205,TTTY14,83869.0,Del0.8,0.18
X-3205,TTTY15,64595.0,Del0.8,0.18
X-3205,TTTY16,252948.0,Del0.8,0.18
X-3205,TTTY17A,252949.0,Del0.8,0.09
X-3205,TTTY17A,252949.0,Del0.8,0.12
X-3205,TTTY18,252950.0,Del0.8,0.18
X-3205,TTTY19,252952.0,Del0.8,0.18
X-3205,TTTY1B,100101116.0,Del0.8,0.18
X-3205,TTTY1B,100101116.0,Del0.8,0.18
X-3205,TTTY2,60439.0,Del0.8,0.18
X-3205,TTTY2,60439.0,Del0.8,0.18
X-3205,TTTY20,252951.0,Del0.8,0.18
X-3205,TTTY21,252953.0,Del0.8,0.18
X-3205,TTTY21,252953.0,Del0.8,0.18
X-3205,TTTY22,252954.0,Del0.8,0.18
X-3205,TTTY23,252955.0,Del0.8,0.18
X-3205,TTTY23,252955.0,Del0.8,0.18
X-3205,TTTY3,114760.0,Del0.8,0.12
X-3205,TTTY3,114760.0,Del0.8,0.18
X-3205,TTTY4,114761.0,Del0.8,0.12
X-3205,TTTY4,114761.0,Del0.8,0.09
X-3205,TTTY5,83863.0,Del0.8,0.18
X-3205,TTTY6,84672.0,Del0.8,0.18
X-3205,TTTY6,84672.0,Del0.8,0.18
X-3205,TTTY7,246122.0,Del0.8,0.18
X-3205,TTTY7,246122.0,Del0.8,0.18
X-3205,TTTY7B,100101120.0,Del0.8,0.18
X-3205,TTTY7B,100101120.0,Del0.8,0.18
X-3205,TTTY8,84673.0,Del0.8,0.18
X-3205,TTTY8,84673.0,Del0.8,0.18
X-3205,TTTY9A,83864.0,Del0.8,0.18
X-3205,TTTY9A,83864.0,Del0.8,0.18
X-3205,TUBA8,51807.0,MutNovel,"R79Q,0.600"
X-3205,TUBB,203068.0,MutNovel,"R162L,0.525"
X-3205,TUBGCP2,10844.0,MutNovel,"S743P,0.565"
X-3205,TULP4,56995.0,MutNovel,"R369L,0.621"
X-3205,TUSC1,286319.0,MutNovel,"-48A,0.227"
X-3205,TXLNG,55787.0,MutNovel,"D528V,0.373"
X-3205,TXLNG2P,246126.0,Del0.8,0.18
X-3205,TXNDC11,51061.0,MutNovel,"L80V,0.612"
X-3205,TXNDC5,81567.0,MutNovel,"AAD45D,0.397"
X-3205,TYK2,7297.0,MutNovel,"P857S,0.418"
X-3205,UAP1L1,91373.0,MutNovel,"W23G,0.400"
X-3205,UAP1L1,91373.0,MutNovel,"V79L,0.300"
X-3205,UAP1L1,91373.0,MutNovel,"A143T,0.522"
X-3205,UBA1,7317.0,MutNovel,"G95V,0.652"
X-3205,UBE2W,55284.0,MutKnownFunctional,"R144*,0.540"
X-3205,UBE3B,89910.0,MutNovel,"M530V,0.479"
X-3205,UBE3C,9690.0,MutNovel,"S3G,0.613"
X-3205,UCK1,83549.0,MutNovel,"T268I,0.633"
X-3205,UCKL1,54963.0,MutNovel,"R401H,0.520"
X-3205,UFD1L,7353.0,MutNovel,"E84K,0.485"
X-3205,UGT8,7368.0,MutNovel,"V495A,0.587"
X-3205,ULBP2,80328.0,MutNovel,"T38I,0.615"
X-3205,UNK,85451.0,MutNovel,"S582N,0.449"
X-3205,UPK3BL,,MutNovel,"Q128R,0.441"
X-3205,UROD,7389.0,MutNovel,"R332H,0.673"
X-3205,USH1C,10083.0,MutNovel,"V41M,0.543"
X-3205,USH1G,124590.0,MutNovel,"R331H,0.500"
X-3205,USP18,11274.0,MutNovel,"C233R,0.462"
X-3205,USP20,10868.0,MutNovel,"L582M,0.439"
X-3205,USP20,10868.0,MutNovel,"Q894R,0.304"
X-3205,USP21,27005.0,MutNovel,"N46T,0.516"
X-3205,USP21,27005.0,MutNovel,"R338H,0.510"
X-3205,USP28,57646.0,MutNovel,"A11T,0.579"
X-3205,USP36,57602.0,MutNovel,"KKK958K,0.344"
X-3205,USP36,57602.0,MutNovel,"A658V,0.500"
X-3205,USP40,55230.0,MutKnownFunctional,"-206,0.387"
X-3205,USP42,84132.0,MutNovel,"I328N,0.511"
X-3205,USP42,84132.0,MutNovel,"R1091W,0.397"
X-3205,USP5,8078.0,MutNovel,"D764G,0.454"
X-3205,USP9X,8239.0,MutNovel,"Q23H,0.387"
X-3205,USP9X,8239.0,MutNovel,"N841D,0.407"
X-3205,USP9Y,8287.0,Del0.8,0.18
X-3205,USPL1,10208.0,MutNovel,"A510V,0.493"
X-3205,UTP20,27340.0,MutNovel,"D1963G,0.760"
X-3205,UTY,7404.0,Del0.8,0.18
X-3205,VAMP2,6844.0,MutNovel,"P20H,0.522"
X-3205,VARS2,57176.0,MutNovel,"A351T,0.504"
X-3205,VAV2,7410.0,MutNovel,"R215C,0.575"
X-3205,VCY,9084.0,Del0.8,0.18
X-3205,VCY,9084.0,Del0.8,0.18
X-3205,VDR,7421.0,MutNovel,"P33H,0.607"
X-3205,VEZT,55591.0,MutKnownFunctional,"-197,0.324"
X-3205,VIPR1,7433.0,MutNovel,"D201N,0.821"
X-3205,VPS13A,23230.0,MutKnownFunctional,"-370,0.556"
X-3205,VPS18,57617.0,MutNovel,"R136H,0.439"
X-3205,VPS35,55737.0,MutNovel,"M697R,0.483"
X-3205,VPS37B,79720.0,MutKnownFunctional,"-210,0.479"
X-3205,VPS51,,MutNovel,"P666L,0.475"
X-3205,VRK1,7443.0,MutNovel,"L138R,0.393"
X-3205,VSTM5,387804.0,MutKnownFunctional,"-92?,0.455"
X-3205,VWA1,64856.0,MutNovel,"A326P,0.694"
X-3205,WBP1,23559.0,MutKnownFunctional,"-184,0.854"
X-3205,WBP11,51729.0,MutNovel,"R82H,0.490"
X-3205,WBP4,11193.0,MutNovel,"S323L,0.420"
X-3205,WDFY3,23001.0,MutNovel,"R3310M,0.281"
X-3205,WDFY3,23001.0,MutNovel,"A1598V,0.250"
X-3205,WDFY3,23001.0,MutNovel,"A204V,0.417"
X-3205,WDR25,79446.0,MutNovel,"R426M,0.340"
X-3205,WDR26,80232.0,MutNovel,"K118-,0.402"
X-3205,WDR45,11152.0,MutNovel,"A24T,0.380"
X-3205,WDR52,55779.0,MutKnownFunctional,"-1261,0.467"
X-3205,WDR52,55779.0,MutNovel,"I1251T,0.566"
X-3205,WDR62,284403.0,MutNovel,"R438C,0.506"
X-3205,WDR67,93594.0,MutNovel,"H72R,0.724"
X-3205,WDR72,256764.0,MutNovel,"K1030E,1.000"
X-3205,WDR90,197335.0,MutKnownFunctional,"-793?,0.456"
X-3205,WIPF2,147179.0,MutNovel,"D139N,0.520"
X-3205,WIPF3,644150.0,MutNovel,"V219I,0.310"
X-3205,WIPF3,644150.0,MutNovel,"H256Y,0.412"
X-3205,WNK1,65125.0,MutNovel,"P925H,0.625"
X-3205,WNK2,65268.0,MutKnownFunctional,"-756,0.269"
X-3205,WNK2,65268.0,MutNovel,"K1838T,0.338"
X-3205,WNK4,65266.0,MutNovel,"N1200D,0.580"
X-3205,WNT16,51384.0,MutKnownFunctional,"-165,0.882"
X-3205,WRN,7486.0,MutNovel,"M650T,0.450"
X-3205,WWC1,23286.0,MutNovel,"G866-,0.267"
X-3205,XDH,7498.0,MutNovel,"L128I,1.000"
X-3205,XKR9,389668.0,MutNovel,"P191H,0.667"
X-3205,XKRY2,353515.0,Del0.8,0.18
X-3205,XKRY2,353515.0,Del0.8,0.18
X-3205,XPNPEP1,7511.0,MutNovel,"A361T,0.438"
X-3205,XPNPEP1,7511.0,MutNovel,"R284C,0.453"
X-3205,XPOT,11260.0,MutKnownFunctional,"-124,0.371"
X-3205,XPOT,11260.0,MutNovel,"E735G,0.357"
X-3205,XRCC4,7518.0,MutNovel,"S53P,0.583"
X-3205,XYLT2,64132.0,MutKnownFunctional,"-526,0.957"
X-3205,XYLT2,64132.0,MutNovel,"A543V,0.611"
X-3205,YBX1,4904.0,MutNovel,"A177V,0.350"
X-3205,YLPM1,56252.0,MutKnownFunctional,"-145,0.348"
X-3205,YRDC,79693.0,MutNovel,"S2C,0.265"
X-3205,YTHDC2,64848.0,MutNovel,"R141C,0.333"
X-3205,YY1,7528.0,MutNovel,"N202S,0.567"
X-3205,ZBTB1,22890.0,MutKnownFunctional,"-522?,0.524"
X-3205,ZBTB33,10009.0,MutNovel,"R501M,1.000"
X-3205,ZBTB39,9880.0,MutNovel,"P200L,0.500"
X-3205,ZBTB4,57659.0,MutNovel,"A720V,0.383"
X-3205,ZBTB4,57659.0,MutKnownFunctional,"-4,0.275"
X-3205,ZBTB45,84878.0,MutNovel,"I10T,0.488"
X-3205,ZBTB7A,51341.0,MutKnownFunctional,"-174,0.377"
X-3205,ZC3H11A,9877.0,MutKnownFunctional,"-412?,0.404"
X-3205,ZC3H11A,9877.0,MutNovel,"I436T,0.525"
X-3205,ZC3H12D,340152.0,MutNovel,"P325Q,0.462"
X-3205,ZC3H12D,340152.0,MutNovel,"R319Q,0.417"
X-3205,ZC3H7A,29066.0,MutKnownFunctional,"-966,0.502"
X-3205,ZC3H7B,23264.0,MutNovel,"Y483C,0.505"
X-3205,ZCCHC6,79670.0,MutNovel,"R592H,0.484"
X-3205,ZCCHC7,84186.0,MutNovel,"G357S,0.596"
X-3205,ZCCHC7,84186.0,MutKnownFunctional,"-539,0.407"
X-3205,ZDHHC11,79844.0,MutNovel,"A303D,1.000"
X-3205,ZDHHC11B,,MutNovel,"V331I,1.000"
X-3205,ZDHHC18,84243.0,MutNovel,"G226D,0.331"
X-3205,ZDHHC7,55625.0,MutNovel,"P198L,0.423"
X-3205,ZDHHC8,29801.0,MutKnownFunctional,"-454,0.400"
X-3205,ZFAND2B,130617.0,MutNovel,"A244T,0.571"
X-3205,ZFC3H1,196441.0,MutNovel,"F1437V,0.544"
X-3205,ZFHX3,463.0,MutNovel,"G3525D,0.500"
X-3205,ZFHX3,463.0,MutNovel,"P397T,0.750"
X-3205,ZFPM1,161882.0,MutKnownFunctional,"-485,0.512"
X-3205,ZFX,7543.0,MutNovel,"Y580H,0.540"
X-3205,ZFY,7544.0,Del0.8,0.18
X-3205,ZFYVE19,84936.0,MutNovel,"LE301L,0.327"
X-3205,ZFYVE20,64145.0,MutNovel,"R528Q,0.667"
X-3205,ZFYVE28,57732.0,MutNovel,"Y24C,0.591"
X-3205,ZIC1,7545.0,MutNovel,"A112V,1.000"
X-3205,ZMYM5,9205.0,MutKnownFunctional,"-645,0.355"
X-3205,ZMYM6NB,100506144.0,MutNovel,"A98S,0.412"
X-3205,ZNF136,7695.0,MutNovel,"F13L,0.444"
X-3205,ZNF142,7701.0,MutKnownFunctional,"R1464*,0.427"
X-3205,ZNF148,7707.0,MutNovel,"R207C,0.244"
X-3205,ZNF18,7566.0,MutNovel,"L192P,0.404"
X-3205,ZNF180,7733.0,MutNovel,"S531N,0.339"
X-3205,ZNF182,7569.0,MutNovel,"S471P,0.263"
X-3205,ZNF184,7738.0,MutNovel,"L601I,0.429"
X-3205,ZNF192,7745.0,MutNovel,"S388G,0.333"
X-3205,ZNF212,7988.0,MutNovel,"A47T,0.385"
X-3205,ZNF234,10780.0,MutKnownFunctional,"-62,0.579"
X-3205,ZNF259,8882.0,MutNovel,"T352A,0.446"
X-3205,ZNF292,23036.0,MutKnownFunctional,"R633*,0.595"
X-3205,ZNF296,162979.0,MutNovel,"A354V,0.463"
X-3205,ZNF318,24149.0,MutNovel,"P1676S,0.525"
X-3205,ZNF324,25799.0,MutKnownFunctional,"Q123*,0.587"
X-3205,ZNF34,80778.0,MutKnownFunctional,"-249,0.333"
X-3205,ZNF358,140467.0,MutNovel,"L418M,0.471"
X-3205,ZNF384,171017.0,MutNovel,"A496ARP,0.228"
X-3205,ZNF384,171017.0,MutNovel,"T434A,0.500"
X-3205,ZNF398,57541.0,MutKnownFunctional,"-397,0.515"
X-3205,ZNF430,80264.0,MutNovel,"K539N,0.424"
X-3205,ZNF432,9668.0,MutKnownFunctional,"-204?,0.462"
X-3205,ZNF438,220929.0,MutNovel,"R787W,0.595"
X-3205,ZNF439,90594.0,MutNovel,"K361R,0.556"
X-3205,ZNF439,90594.0,MutNovel,"R371T,0.600"
X-3205,ZNF480,147657.0,MutKnownFunctional,"-294,0.375"
X-3205,ZNF496,84838.0,MutNovel,"P552S,0.458"
X-3205,ZNF506,440515.0,MutKnownFunctional,"-115,0.644"
X-3205,ZNF518A,9849.0,MutNovel,"D490V,0.436"
X-3205,ZNF518A,9849.0,MutNovel,"A1293V,0.455"
X-3205,ZNF551,90233.0,MutNovel,"M122T,0.462"
X-3205,ZNF567,163081.0,MutKnownFunctional,"-219?,0.476"
X-3205,ZNF567,163081.0,MutNovel,"E387G,0.625"
X-3205,ZNF576,79177.0,MutNovel,"R137H,0.572"
X-3205,ZNF578,147660.0,MutNovel,"R23L,0.242"
X-3205,ZNF581,51545.0,MutNovel,"R165Q,0.221"
X-3205,ZNF608,57507.0,MutKnownFunctional,"-854,0.432"
X-3205,ZNF628,89887.0,MutNovel,"A285V,0.625"
X-3205,ZNF638,27332.0,MutNovel,"R458H,0.698"
X-3205,ZNF687,57592.0,MutNovel,"H230L,0.584"
X-3205,ZNF691,51058.0,MutNovel,"N269S,0.400"
X-3205,ZNF74,7625.0,MutNovel,"A618V,1.000"
X-3205,ZNF740,283337.0,MutNovel,"H147R,0.523"
X-3205,ZNF746,155061.0,MutNovel,"R89C,0.540"
X-3205,ZNF749,388567.0,MutKnownFunctional,"-648,0.417"
X-3205,ZNF774,342132.0,MutNovel,"K158T,0.400"
X-3205,ZNF783,100289678.0,MutKnownFunctional,"-396,0.722"
X-3205,ZNF8,7554.0,MutNovel,"R484Q,0.938"
X-3205,ZNF821,55565.0,MutNovel,"R322Q,0.370"
X-3205,ZNF821,55565.0,MutNovel,"E314K,0.408"
X-3205,ZNF827,152485.0,MutNovel,"V901M,0.481"
X-3205,ZNF837,116412.0,MutNovel,"V435A,0.364"
X-3205,ZNF839,55778.0,MutNovel,"M117T,0.342"
X-3205,ZNF865,100507290.0,MutNovel,"S237L,0.775"
X-3205,ZNF865,100507290.0,MutKnownFunctional,"-344,0.510"
X-3205,ZNF865,100507290.0,MutNovel,"GF968G,0.392"
X-3205,ZNRF3,84133.0,MutNovel,"P179L,0.481"
X-3205,ZNRF3,84133.0,MutKnownFunctional,"R245*,0.571"
X-3205,ZSCAN21,7589.0,MutNovel,"T136A,0.500"
X-3205,ZSCAN29,146050.0,MutKnownFunctional,"-393,0.531"
X-3205,ZSWIM4,65249.0,MutNovel,"P89S,0.667"
X-3205,ZSWIM6,57688.0,MutNovel,"T689M,0.400"
X-3224,AACS,65985.0,MutNovel,"V237L,0.438"
X-3224,AADAC,13.0,Amp5,5.39
X-3224,AADACL2,344752.0,Amp5,5.39
X-3224,AAGAB,79719.0,MutNovel,"G192R,0.345"
X-3224,ABCB8,11194.0,MutNovel,"M282I,1.000"
X-3224,ABCC5,10057.0,Amp5,5.28
X-3224,ABCF3,55324.0,Amp5,5.28
X-3224,ABHD8,79575.0,MutNovel,"I290V,0.435"
X-3224,ABT1,29777.0,Del0.8,0.57
X-3224,ACAP2,23527.0,Amp5,5.31
X-3224,ACTL6A,86.0,Amp5,5.28
X-3224,ACY1,95.0,MutNovel,"R209H,1.000"
X-3224,ADAM6,8755.0,Amp5,5.1
X-3224,ADIPOQ,9370.0,Amp5,5.35
X-3224,AGBL5,60509.0,MutNovel,"E177K,0.567"
X-3224,AGTR1,185.0,Amp5,5.39
X-3224,AHNAK2,113146.0,MutNovel,"E3194Q,1.000"
X-3224,AHNAK2,113146.0,MutNovel,"P2117S,1.000"
X-3224,AHSG,197.0,Amp5,5.28
X-3224,ALG3,10195.0,Amp5,5.28
X-3224,ALMS1,7840.0,MutNovel,"LEEE12L,0.583"
X-3224,AMELY,266.0,Del0.8,0.2
X-3224,ANKRD12,23253.0,MutNovel,"C1452Y,0.467"
X-3224,ANKRD18A,253650.0,MutNovel,"T967M,0.571"
X-3224,ANKRD18A,253650.0,MutNovel,"A63V,0.308"
X-3224,ANKRD18DP,348840.0,Amp5,5.24
X-3224,ANKUB1,389161.0,Amp5,5.39
X-3224,ANXA8L1,728113.0,MutNovel,"A134V,1.000"
X-3224,AP2M1,1173.0,Amp5,5.28
X-3224,APC,324.0,MutNovel,"A300S,0.857"
X-3224,APOD,347.0,Amp5,5.31
X-3224,ARHGEF26,26084.0,Amp5,5.39
X-3224,ARHGEF26-AS1,100507524.0,Amp5,5.39
X-3224,ARL14,80117.0,Amp5,5.21
X-3224,ATG13,9776.0,MutNovel,"P493L,0.692"
X-3224,ATHL1,80162.0,MutNovel,"R257C,0.635"
X-3224,ATP11B,23200.0,Amp5,5.28
X-3224,ATP13A3,79572.0,Amp5,5.31
X-3224,ATP13A4,84239.0,Amp5,5.31
X-3224,ATP13A5,344905.0,Amp5,5.31
X-3224,ATP2B1,490.0,MutNovel,"A32T,0.523"
X-3224,B3GALNT1,8706.0,Amp5,5.21
X-3224,B3GNT5,84002.0,Amp5,5.28
X-3224,BAG6,7917.0,MutNovel,"Q490E,0.738"
X-3224,BCHE,590.0,Amp5,5.46
X-3224,BCL2L11,10018.0,MutNovel,"L57R,1.000"
X-3224,BCL6,604.0,Amp5,5.35
X-3224,BCORP1,286554.0,Del0.8,0.17
X-3224,BDH1,622.0,Amp5,5.24
X-3224,BPY2B,442867.0,Del0.8,0.06
X-3224,BPY2B,442867.0,Del0.8,0.1
X-3224,BTN1A1,696.0,Del0.8,0.57
X-3224,BTN2A1,11120.0,Del0.8,0.57
X-3224,BTN2A2,10385.0,Del0.8,0.57
X-3224,BTN2A3P,54718.0,Del0.8,0.57
X-3224,BTN3A1,11119.0,Del0.8,0.57
X-3224,BTN3A2,11118.0,Del0.8,0.57
X-3224,BTN3A3,10384.0,Del0.8,0.57
X-3224,C11orf80,79703.0,MutNovel,"G26GA,0.385"
X-3224,C14orf79,122616.0,MutNovel,"R4Q,0.611"
X-3224,C15orf61,145853.0,MutNovel,"K29E,0.667"
X-3224,C19orf48,84798.0,MutNovel,"M21V,0.237"
X-3224,C3orf33,285315.0,Amp5,5.39
X-3224,C3orf43,255798.0,Amp5,5.24
X-3224,C3orf55,152078.0,Amp5,5.21
X-3224,C3orf65,646600.0,Amp5,5.28
X-3224,C3orf70,285382.0,Amp5,5.28
X-3224,C3orf79,152118.0,Amp5,5.39
X-3224,C3orf80,401097.0,Amp5,5.21
X-3224,CADM4,199731.0,MutNovel,"-362L,0.506"
X-3224,CAMK2N2,94032.0,Amp5,5.28
X-3224,CARD14,79092.0,MutNovel,"S25N,0.346"
X-3224,CCDC39,339829.0,Amp5,5.28
X-3224,CCDC50,152137.0,Amp5,5.35
X-3224,CCNL1,57018.0,Amp5,5.21
X-3224,CDC14A,8556.0,MutNovel,"N489Y,0.333"
X-3224,CDKN1C,1028.0,MutNovel,"APVAV171V,0.263"
X-3224,CDY1B,253175.0,Del0.8,0.11
X-3224,CDY1B,253175.0,Del0.8,0.17
X-3224,CDY2A,9426.0,Del0.8,0.17
X-3224,CDY2A,9426.0,Del0.8,0.17
X-3224,CDY2B,203611.0,Del0.8,0.17
X-3224,CDY2B,203611.0,Del0.8,0.17
X-3224,CEP19,84984.0,Amp5,5.24
X-3224,CHFR,55743.0,MutNovel,"A144S,1.000"
X-3224,CHRD,8646.0,Amp5,5.28
X-3224,CLCN2,1181.0,Amp5,5.28
X-3224,CLDN1,9076.0,Amp5,5.35
X-3224,CLDN11,5010.0,Amp5,5.28
X-3224,CLDN16,10686.0,Amp5,5.35
X-3224,CLRN1,7401.0,Amp5,5.39
X-3224,CLRN1-AS1,116933.0,Amp5,5.39
X-3224,COMMD2,51122.0,Amp5,5.39
X-3224,CP,1356.0,Amp5,5.39
X-3224,CPA3,1359.0,Amp5,5.39
X-3224,CPB1,1360.0,Amp5,5.39
X-3224,CPN2,1370.0,Amp5,5.31
X-3224,CPT1A,1374.0,MutNovel,"V626A,0.282"
X-3224,CRIPAK,285464.0,MutNovel,"V164A,1.000"
X-3224,CRYGS,1427.0,Amp5,5.28
X-3224,CSMD1,64478.0,Del0.8,0.76
X-3224,CSPG4P1Y,114758.0,Del0.8,0.17
X-3224,CSPG4P1Y,114758.0,Del0.8,0.23
X-3224,CTAGE4,100128553.0,Del0.8,0.6
X-3224,CTIF,9811.0,Del0.8,0.3
X-3224,CTSA,5476.0,MutNovel,"L29-,0.363"
X-3224,DAZ1,1617.0,Del0.8,0.17
X-3224,DAZ2,57055.0,Del0.8,0.11
X-3224,DAZ3,57054.0,Del0.8,0.1
X-3224,DAZ3,57054.0,Del0.8,0.06
X-3224,DAZ4,57135.0,Del0.8,0.09
X-3224,DAZ4,57135.0,Del0.8,0.12
X-3224,DCUN1D1,54165.0,Amp5,5.28
X-3224,DDX3Y,8653.0,Del0.8,0.17
X-3224,DEPTOR,64798.0,MutNovel,"A79V,0.286"
X-3224,DFNB31,25861.0,MutNovel,"L320F,0.364"
X-3224,DGKG,1608.0,Amp5,5.28
X-3224,DHX36,170506.0,Amp5,5.39
X-3224,DHX9,1660.0,MutNovel,"S1055F,0.564"
X-3224,DISP2,85455.0,MutNovel,"D195N,0.667"
X-3224,DLG1,1739.0,Amp5,5.24
X-3224,DNAJB11,51726.0,Amp5,5.28
X-3224,DNAJC19,131118.0,Amp5,5.28
X-3224,DNER,92737.0,Del0.8,0.21
X-3224,DVL3,1857.0,Amp5,5.28
X-3224,ECE2,9718.0,Amp5,5.28
X-3224,ECT2,1894.0,Amp5,5.28
X-3224,EGFEM1P,93556.0,Amp5,5.46
X-3224,EHHADH,1962.0,Amp5,5.28
X-3224,EIF1AY,9086.0,Del0.8,0.17
X-3224,EIF2A,83939.0,Amp5,5.39
X-3224,EIF2B5,8893.0,Amp5,5.28
X-3224,EIF4A2,1974.0,Amp5,5.35
X-3224,EIF4G1,1981.0,Amp5,5.28
X-3224,EIF5A2,56648.0,Amp5,5.28
X-3224,ELAC1,55520.0,Del0.8,0.18
X-3224,ELF1,1997.0,MutNovel,"K465N,0.519"
X-3224,EPHB3,2049.0,Amp5,5.28
X-3224,EPN1,29924.0,MutNovel,"E536K,0.260"
X-3224,ETV5,2119.0,Amp5,5.28
X-3224,FAM106A,80039.0,Del0.8,0.68
X-3224,FAM131A,131408.0,Amp5,5.28
X-3224,FAM157A,728262.0,Amp5,5.24
X-3224,FAM194A,131831.0,Amp5,5.39
X-3224,FAM197Y2P,252946.0,Del0.8,0.2
X-3224,FAM41AY1,340618.0,Del0.8,0.17
X-3224,FAM41AY1,340618.0,Del0.8,0.17
X-3224,FAM43A,131583.0,Amp5,5.31
X-3224,FBXO36,130888.0,Del0.8,0.23
X-3224,FBXO45,200933.0,Amp5,5.24
X-3224,FERMT2,10979.0,MutNovel,"N292S,1.000"
X-3224,FGF12,2257.0,Amp5,5.31
X-3224,FHOD3,80206.0,Amp5,5.03
X-3224,FIG4,9896.0,MutKnownFunctional,"G891*,1.000"
X-3224,FKBP6,8468.0,MutNovel,"R103Q,1.000"
X-3224,FKBP6,8468.0,MutNovel,"C123S,1.000"
X-3224,FLJ34208,401106.0,Amp5,5.31
X-3224,FLJ42393,401105.0,Amp5,5.35
X-3224,FLJ46066,401103.0,Amp5,5.28
X-3224,FNDC3B,64778.0,Amp5,5.28
X-3224,FOCAD,,MutNovel,"K553E,0.417"
X-3224,FUT4,2526.0,MutKnownFunctional,"-387,0.938"
X-3224,FXR1,8087.0,Amp5,5.28
X-3224,FYTTD1,84248.0,Amp5,5.24
X-3224,GABBR1,2550.0,MutNovel,"R923H,1.000"
X-3224,GABBR1,2550.0,Del0.8,0.59
X-3224,GFM1,85476.0,Amp5,5.21
X-3224,GHSR,2693.0,Amp5,5.28
X-3224,GIGYF2,26058.0,MutNovel,"PQ1231P,0.750"
X-3224,GMNC,647309.0,Amp5,5.35
X-3224,GMPS,8833.0,Amp5,5.39
X-3224,GNB4,59345.0,Amp5,5.28
X-3224,GOLGA2P2Y,84559.0,Del0.8,0.17
X-3224,GOLGA2P2Y,84559.0,Del0.8,0.23
X-3224,GOLGA8J,,MutNovel,"S524P,1.000"
X-3224,GOLIM4,27333.0,Amp5,5.46
X-3224,GP5,2814.0,Amp5,5.31
X-3224,GPAT2,150763.0,MutNovel,"V330I,1.000"
X-3224,GPR125,166647.0,MutNovel,"P350L,1.000"
X-3224,GPR149,344758.0,Amp5,5.39
X-3224,GPR160,26996.0,Amp5,5.28
X-3224,GPR171,29909.0,Amp5,5.39
X-3224,GPR87,53836.0,Amp5,5.39
X-3224,GPX5,2880.0,Del0.8,0.59
X-3224,GPX6,257202.0,Del0.8,0.59
X-3224,GSPT1,2935.0,MutNovel,"E508K,0.516"
X-3224,GSTM1,2944.0,Del0.8,0.54
X-3224,GYG1,2992.0,Amp5,5.39
X-3224,GYG2P1,352887.0,Del0.8,0.17
X-3224,HCG11,493812.0,Del0.8,0.57
X-3224,HCG18,414777.0,Del0.8,0.65
X-3224,HCG4,54435.0,Del0.8,0.59
X-3224,HCG4B,80868.0,Del0.8,0.65
X-3224,HCG9,10255.0,Del0.8,0.65
X-3224,HDLBP,3069.0,MutNovel,"E247K,0.982"
X-3224,HES1,3280.0,Amp5,5.31
X-3224,HFE,3077.0,Del0.8,0.57
X-3224,HIST1H1B,3009.0,Del0.8,0.59
X-3224,HIST1H1C,3006.0,Del0.8,0.57
X-3224,HIST1H1D,3007.0,Del0.8,0.57
X-3224,HIST1H1E,3008.0,Del0.8,0.57
X-3224,HIST1H1T,3010.0,Del0.8,0.57
X-3224,HIST1H2AC,8334.0,Del0.8,0.57
X-3224,HIST1H2AD,3013.0,Del0.8,0.57
X-3224,HIST1H2AE,3012.0,Del0.8,0.57
X-3224,HIST1H2AG,8969.0,Del0.8,0.55
X-3224,HIST1H2AH,85235.0,Del0.8,0.55
X-3224,HIST1H2AJ,8331.0,Del0.8,0.59
X-3224,HIST1H2AK,8330.0,Del0.8,0.59
X-3224,HIST1H2AL,8332.0,Del0.8,0.59
X-3224,HIST1H2AM,8336.0,Del0.8,0.59
X-3224,HIST1H2BC,8347.0,Del0.8,0.57
X-3224,HIST1H2BD,3017.0,Del0.8,0.57
X-3224,HIST1H2BE,8344.0,Del0.8,0.57
X-3224,HIST1H2BF,8343.0,Del0.8,0.57
X-3224,HIST1H2BG,8339.0,Del0.8,0.57
X-3224,HIST1H2BH,8345.0,Del0.8,0.57
X-3224,HIST1H2BI,8346.0,Del0.8,0.57
X-3224,HIST1H2BJ,8970.0,Del0.8,0.55
X-3224,HIST1H2BK,85236.0,Del0.8,0.55
X-3224,HIST1H2BL,8340.0,Del0.8,0.59
X-3224,HIST1H2BM,8342.0,Del0.8,0.59
X-3224,HIST1H2BN,8341.0,Del0.8,0.59
X-3224,HIST1H2BO,8348.0,Del0.8,0.59
X-3224,HIST1H3D,8351.0,Del0.8,0.57
X-3224,HIST1H3E,8353.0,Del0.8,0.57
X-3224,HIST1H3F,8968.0,Del0.8,0.57
X-3224,HIST1H3G,8355.0,Del0.8,0.57
X-3224,HIST1H3H,8357.0,Del0.8,0.59
X-3224,HIST1H3I,8354.0,Del0.8,0.59
X-3224,HIST1H3J,8356.0,Del0.8,0.59
X-3224,HIST1H4C,8364.0,Del0.8,0.57
X-3224,HIST1H4D,8360.0,Del0.8,0.57
X-3224,HIST1H4E,8367.0,Del0.8,0.57
X-3224,HIST1H4F,8361.0,Del0.8,0.57
X-3224,HIST1H4G,8369.0,Del0.8,0.57
X-3224,HIST1H4H,8365.0,Del0.8,0.57
X-3224,HIST1H4I,8294.0,Del0.8,0.55
X-3224,HIST1H4J,8363.0,Del0.8,0.59
X-3224,HIST1H4K,8362.0,Del0.8,0.59
X-3224,HIST1H4L,8368.0,Del0.8,0.59
X-3224,HLA-A,3105.0,Del0.8,0.65
X-3224,HLA-DRB5,3127.0,MutNovel,"A87E,1.000"
X-3224,HLA-F,3134.0,Del0.8,0.59
X-3224,HLA-F-AS1,285830.0,Del0.8,0.59
X-3224,HLA-G,3135.0,MutNovel,"A34T,1.000"
X-3224,HLA-G,3135.0,Del0.8,0.59
X-3224,HLA-H,3136.0,Del0.8,0.41
X-3224,HLA-J,3137.0,Del0.8,0.65
X-3224,HLA-L,3139.0,Del0.8,0.65
X-3224,HLTF,6596.0,Amp5,5.39
X-3224,HMGN4,10473.0,Del0.8,0.57
X-3224,HNRNPA0,10949.0,MutNovel,"S210Y,0.498"
X-3224,HPS3,84343.0,Amp5,5.39
X-3224,HRASLS,57110.0,Amp5,5.31
X-3224,HRG,3273.0,Amp5,5.35
X-3224,HSFY2,159119.0,Del0.8,0.17
X-3224,HSFY2,159119.0,Del0.8,0.17
X-3224,HSPA1A,3303.0,MutNovel,"I427D,0.476"
X-3224,HSPA1B,3304.0,MutNovel,"N141S,0.600"
X-3224,HTR3C,170572.0,Amp5,5.28
X-3224,HTR3D,200909.0,Amp5,5.28
X-3224,HTR3E,285242.0,Amp5,5.28
X-3224,IER3,8870.0,MutNovel,"P25A,0.741"
X-3224,IFITM4P,340198.0,Del0.8,0.59
X-3224,IFT80,57560.0,Amp5,5.21
X-3224,IGF2BP2,10644.0,Amp5,5.28
X-3224,IGSF10,285313.0,Amp5,5.39
X-3224,IL12A,3592.0,Amp5,5.21
X-3224,IL12RB2,3595.0,MutNovel,"P478T,0.435"
X-3224,IL1RAP,3556.0,Amp5,5.35
X-3224,ING5,84289.0,MutNovel,"Y78C,1.000"
X-3224,IPP,3652.0,MutNovel,"K577N,0.500"
X-3224,IQCG,84223.0,Amp5,5.24
X-3224,IQCJ,654502.0,Amp5,5.21
X-3224,IQCJ-SCHIP1,100505385.0,Amp5,5.21
X-3224,KCNMB2,10242.0,Amp5,5.28
X-3224,KCNMB3,27094.0,Amp5,5.28
X-3224,KCP,375616.0,MutNovel,"P1136S,1.000"
X-3224,KDM5D,8284.0,Del0.8,0.17
X-3224,KIAA0125,9834.0,Amp5,7.89
X-3224,KIAA0226,9711.0,Amp5,5.24
X-3224,KIAA0430,9665.0,MutNovel,"G1520R,0.368"
X-3224,KIAA1328,57536.0,Amp5,5.03
X-3224,KLF11,8462.0,MutNovel,"R196L,0.500"
X-3224,KLHL24,54800.0,Amp5,5.28
X-3224,KLHL6,89857.0,Amp5,5.28
X-3224,KNG1,3827.0,Amp5,5.35
X-3224,KPNA4,3840.0,Amp5,5.21
X-3224,KRT2,3849.0,MutNovel,"Q451K,1.000"
X-3224,KRT2,3849.0,MutNovel,"E447D,0.667"
X-3224,KRT2,3849.0,MutNovel,"S340N,1.000"
X-3224,KRT3,3850.0,MutNovel,"N461K,1.000"
X-3224,KRT32,3882.0,MutNovel,"D198G,0.797"
X-3224,KRT4,3851.0,MutNovel,"L253M,0.300"
X-3224,KRT7,3855.0,MutNovel,"K101Q,0.517"
X-3224,KRT7,3855.0,MutNovel,"F102S,0.241"
X-3224,KRT7,3855.0,MutNovel,"S207N,0.600"
X-3224,KRT7,3855.0,MutNovel,"G259S,0.875"
X-3224,KRT75,9119.0,MutNovel,"A396T,0.237"
X-3224,KRT81,3887.0,MutNovel,"S501C,0.800"
X-3224,KRT81,3887.0,MutNovel,"L368V,1.000"
X-3224,KRT82,3888.0,MutNovel,"M396L,0.348"
X-3224,KRT85,3891.0,MutNovel,"C57Y,1.000"
X-3224,KRT86,3892.0,MutNovel,"G373D,0.769"
X-3224,KRT86,3892.0,MutNovel,"G373E,0.769"
X-3224,KRT86,3892.0,MutNovel,"C384R,0.286"
X-3224,LAMP3,27074.0,Amp5,5.28
X-3224,LEKR1,389170.0,Amp5,5.21
X-3224,LEPREL1,55214.0,Amp5,5.35
X-3224,LGALS9C,654346.0,Del0.8,0.68
X-3224,LINC00226,338004.0,Amp5,6.59
X-3224,LINC00240,100133205.0,Del0.8,0.76
X-3224,LIPH,200879.0,Amp5,5.28
X-3224,LMLN,89782.0,Amp5,5.24
X-3224,LOC100128023,100128023.0,Amp5,5.31
X-3224,LOC100128164,100128164.0,Amp5,5.28
X-3224,LOC100129636,100129636.0,Del0.8,0.59
X-3224,LOC100131289,100131289.0,Del0.8,0.59
X-3224,LOC100131551,100131551.0,Amp5,5.31
X-3224,LOC100131635,100131635.0,Amp5,5.35
X-3224,LOC100270746,100270746.0,Del0.8,0.55
X-3224,LOC100287225,100287225.0,Del0.8,0.18
X-3224,LOC100498859,100498859.0,Amp5,5.21
X-3224,LOC100505687,100505687.0,Amp5,5.28
X-3224,LOC100506888,100506888.0,MutNovel,"D373N,1.000"
X-3224,LOC100507173,100507173.0,Del0.8,0.59
X-3224,LOC100507362,100507362.0,Del0.8,0.59
X-3224,LOC100507391,100507391.0,Amp5,5.31
X-3224,LOC100507537,100507537.0,Amp5,5.39
X-3224,LOC100653002,,MutNovel,"A164I,1.000"
X-3224,LOC100996256,,MutNovel,"R16K,1.000"
X-3224,LOC152217,152217.0,Amp5,5.24
X-3224,LOC201651,201651.0,Amp5,5.39
X-3224,LOC220729,220729.0,Amp5,5.24
X-3224,LOC253573,253573.0,Amp5,5.28
X-3224,LOC285819,285819.0,Del0.8,0.57
X-3224,LOC339894,339894.0,Amp5,5.21
X-3224,LOC344887,344887.0,Amp5,5.28
X-3224,LOC401093,401093.0,Amp5,5.39
X-3224,LOC401109,401109.0,Amp5,5.24
X-3224,LOC401164,401164.0,Del0.8,0.77
X-3224,LOC401180,,MutNovel,"P282A,0.417"
X-3224,LOC401242,401242.0,Del0.8,0.59
X-3224,LOC554223,554223.0,Del0.8,0.59
X-3224,LOC643699,,MutNovel,"N317H,1.000"
X-3224,LOC646168,646168.0,Amp5,5.46
X-3224,LOC646903,646903.0,Amp5,5.39
X-3224,LOC647107,647107.0,Amp5,5.46
X-3224,LOC647323,647323.0,Amp5,5.31
X-3224,LOC728377,728377.0,Del0.8,0.78
X-3224,LOC730091,730091.0,Amp5,5.21
X-3224,LPP,4026.0,Amp5,5.35
X-3224,LPP-AS2,339929.0,Amp5,5.35
X-3224,LRCH3,84859.0,Amp5,5.24
X-3224,LRRC15,131578.0,Amp5,5.31
X-3224,LRRC31,79782.0,Amp5,5.28
X-3224,LRRC33,375387.0,Amp5,5.24
X-3224,LRRC34,151827.0,Amp5,5.28
X-3224,LRRIQ4,344657.0,Amp5,5.28
X-3224,LSG1,55341.0,Amp5,5.31
X-3224,LSR,51599.0,MutNovel,"G518GR,0.848"
X-3224,LXN,56925.0,Amp5,5.21
X-3224,LYRM7,90624.0,MutNovel,"E30Q,0.409"
X-3224,MACF1,23499.0,MutNovel,"S3978T,0.619"
X-3224,MAGEF1,64110.0,Amp5,5.28
X-3224,MAP3K13,9175.0,Amp5,5.28
X-3224,MAP3K4,4216.0,MutNovel,"PA1189P,0.714"
X-3224,MAP6D1,79929.0,Amp5,5.28
X-3224,MAS1L,116511.0,Del0.8,0.59
X-3224,MASP1,5648.0,Amp5,5.35
X-3224,MB21D2,151963.0,Amp5,5.31
X-3224,MBNL1,4154.0,Amp5,5.39
X-3224,MCCC1,56922.0,Amp5,5.28
X-3224,MCF2L2,23101.0,Amp5,5.28
X-3224,MCTP1,79772.0,Amp5,5.28
X-3224,ME2,4200.0,Del0.8,0.41
X-3224,MECOM,2122.0,Amp5,5.28
X-3224,MED12L,116931.0,Amp5,5.39
X-3224,MEIS2,4212.0,MutNovel,"D267N,0.600"
X-3224,MEX3C,51320.0,Del0.8,0.18
X-3224,MFI2,4241.0,Amp5,5.24
X-3224,MFI2-AS1,100507057.0,Amp5,5.24
X-3224,MFN1,55669.0,Amp5,5.28
X-3224,MFSD1,64747.0,Amp5,5.21
X-3224,MGAT4B,11282.0,MutNovel,"R3L,0.500"
X-3224,MGC2889,84789.0,Amp5,5.31
X-3224,MIPEP,4285.0,MutNovel,"R453C,0.500"
X-3224,MIR1224,100187716.0,Amp5,5.28
X-3224,MIR15B,406949.0,Amp5,5.21
X-3224,MIR16-2,406951.0,Amp5,5.21
X-3224,MIR3143,100422934.0,Del0.8,0.55
X-3224,MIR3919,100500803.0,Amp5,5.21
X-3224,MIR4743,100616366.0,Del0.8,0.23
X-3224,MIR4789,100616395.0,Amp5,5.28
X-3224,MIR4797,100616216.0,Amp5,5.24
X-3224,MIR548AJ2,100616252.0,Del0.8,0.34
X-3224,MIR548H2,100313773.0,Amp5,5.39
X-3224,MIR551B,693136.0,Amp5,5.46
X-3224,MIR569,693154.0,Amp5,5.28
X-3224,MIR570,693155.0,Amp8,8.94
X-3224,MIR922,100126321.0,Amp5,5.24
X-3224,MIR944,100126340.0,Amp5,5.35
X-3224,MLF1,4291.0,Amp5,5.21
X-3224,MLL2,8085.0,MutKnownFunctional,"Q3915*,0.388"
X-3224,MLL2,8085.0,MutKnownFunctional,"-587,0.324"
X-3224,MME,4311.0,Amp5,5.39
X-3224,MOG,4340.0,Del0.8,0.59
X-3224,MPRIP,23164.0,MutNovel,"TS178T,0.294"
X-3224,MRPL47,57129.0,Amp5,5.28
X-3224,MT1G,4495.0,MutNovel,"C59S,0.667"
X-3224,MT1M,4499.0,MutNovel,"S35A,0.600"
X-3224,MTG1,92170.0,MutNovel,"K84N,1.000"
X-3224,MUC20,200958.0,Amp5,6.82
X-3224,MUC4,4585.0,Amp5,5.24
X-3224,MYNN,55892.0,Amp5,5.28
X-3224,NAALADL2,254827.0,Amp5,5.28
X-3224,NBPF16,728936.0,MutNovel,"D237N,0.600"
X-3224,NBPF9,400818.0,MutNovel,"Q184R,0.333"
X-3224,NCBP2,22916.0,Amp5,5.24
X-3224,NCEH1,57552.0,Amp5,5.28
X-3224,NCOR2,9612.0,MutNovel,"G1839GAAA,0.536"
X-3224,NCRNA00185,55410.0,Del0.8,0.17
X-3224,NDUFB5,4711.0,Amp5,5.28
X-3224,NIPBL,25836.0,MutNovel,"R1068P,0.286"
X-3224,NKAPL,222698.0,Del0.8,0.59
X-3224,NLGN1,22871.0,Amp5,5.28
X-3224,NLGN4Y,22829.0,Del0.8,0.17
X-3224,NMD3,51068.0,Amp5,5.21
X-3224,NOTCH1,4851.0,MutNovel,"V1229I,0.596"
X-3224,NR1H2,7376.0,MutNovel,"-173Q,0.419"
X-3224,NUDT11,55190.0,MutKnownFunctional,"-1,0.545"
X-3224,NUP160,23279.0,MutNovel,"E377K,0.207"
X-3224,OPA1,4976.0,Amp5,5.31
X-3224,OR10C1,442194.0,Del0.8,0.59
X-3224,OR11A1,26531.0,Del0.8,0.59
X-3224,OR12D2,26529.0,Del0.8,0.59
X-3224,OR12D3,81797.0,Del0.8,0.59
X-3224,OR14J1,442191.0,Del0.8,0.59
X-3224,OR2A42,402317.0,Del0.8,0.6
X-3224,OR2A7,401427.0,Del0.8,0.6
X-3224,OR2A9P,441295.0,Del0.8,0.6
X-3224,OR2B2,81697.0,Del0.8,0.59
X-3224,OR2B3,442184.0,Del0.8,0.59
X-3224,OR2B6,26212.0,Del0.8,0.59
X-3224,OR2H1,26716.0,Del0.8,0.59
X-3224,OR2H2,7932.0,Del0.8,0.59
X-3224,OR2J2,26707.0,Del0.8,0.59
X-3224,OR2J3,442186.0,Del0.8,0.59
X-3224,OR2W1,26692.0,Del0.8,0.59
X-3224,OR5V1,81696.0,Del0.8,0.59
X-3224,ORAI1,84876.0,MutNovel,"PP43-,0.867"
X-3224,OSTN,344901.0,Amp5,5.35
X-3224,OSTalpha,200931.0,Amp5,5.24
X-3224,OTOL1,131149.0,Amp5,5.21
X-3224,P2RY1,5028.0,Amp5,5.39
X-3224,P2RY12,64805.0,Amp5,5.39
X-3224,P2RY13,53829.0,Amp5,5.39
X-3224,P2RY14,9934.0,Amp5,5.39
X-3224,PA2G4P4,647033.0,Amp5,5.21
X-3224,PAK2,5062.0,Amp5,5.24
X-3224,PARL,55486.0,Amp5,5.28
X-3224,PBRM1,55193.0,MutNovel,"I228V,1.000"
X-3224,PCCB,5096.0,MutNovel,"T448I,1.000"
X-3224,PCDH11Y,83259.0,Del0.8,0.2
X-3224,PCYT1A,5130.0,Amp5,5.24
X-3224,PDCD10,11235.0,Amp5,5.46
X-3224,PDZD2,23037.0,MutNovel,"Q942K,0.417"
X-3224,PEX5L,51555.0,Amp5,5.28
X-3224,PFN2,5217.0,Amp5,5.39
X-3224,PGBD1,84547.0,Del0.8,0.59
X-3224,PGBD5,79605.0,MutNovel,"A96S,0.667"
X-3224,PHC3,80012.0,Amp5,5.28
X-3224,PHGDH,26227.0,MutNovel,"S103R,0.653"
X-3224,PHLDA1,22822.0,MutNovel,"QQ194Q,0.568"
X-3224,PIEZO1,9780.0,MutNovel,"P1266S,0.568"
X-3224,PIGX,54965.0,Amp5,5.24
X-3224,PIGZ,80235.0,Amp5,5.24
X-3224,PIK3CA,5290.0,Amp5,5.28
X-3224,PLCH1,23007.0,Amp5,5.39
X-3224,PLD1,5337.0,Amp5,5.28
X-3224,PLOD2,5352.0,Amp5,5.39
X-3224,PLSCR1,5359.0,Amp5,5.39
X-3224,PLSCR2,57047.0,MutNovel,"V191I,1.000"
X-3224,PLSCR2,57047.0,Amp5,5.39
X-3224,PLSCR4,57088.0,Amp5,5.39
X-3224,PLSCR5,389158.0,Amp5,5.39
X-3224,PNKP,11284.0,MutNovel,"M466I,0.511"
X-3224,POLI,11201.0,MutNovel,"N671K,1.000"
X-3224,POLR2H,5437.0,Amp5,5.28
X-3224,POM121L2,94026.0,Del0.8,0.55
X-3224,PPM1L,151742.0,Amp5,5.21
X-3224,PPP1R10,5514.0,MutNovel,"PGGP631P,0.600"
X-3224,PPP1R11,6992.0,Del0.8,0.65
X-3224,PPP1R2,5504.0,Amp5,5.31
X-3224,PRKCI,5584.0,Amp5,5.28
X-3224,PRKY,5616.0,Del0.8,0.2
X-3224,PRRC2A,7916.0,MutNovel,"R213H,0.662"
X-3224,PRSS16,10279.0,Del0.8,0.55
X-3224,PRY,9081.0,Del0.8,0.17
X-3224,PRY,9081.0,Del0.8,0.17
X-3224,PRY2,442862.0,Del0.8,0.17
X-3224,PRY2,442862.0,Del0.8,0.17
X-3224,PSMD2,5708.0,Amp5,5.28
X-3224,PTPN21,11099.0,MutKnownFunctional,"-849?,0.261"
X-3224,PTX3,5806.0,Amp5,5.21
X-3224,PYDC2,152138.0,Amp5,5.35
X-3224,RAB25,57111.0,MutKnownFunctional,"-180,0.324"
X-3224,RAD23B,5887.0,MutNovel,"G341E,0.566"
X-3224,RAP2B,5912.0,Amp5,5.39
X-3224,RARRES1,5918.0,Amp5,5.21
X-3224,RBMY1A3P,286557.0,Del0.8,0.2
X-3224,RBMY1B,378948.0,Del0.8,0.17
X-3224,RBMY1B,378948.0,Del0.8,0.17
X-3224,RBMY1E,378950.0,Del0.8,0.17
X-3224,RBMY1E,378950.0,Del0.8,0.17
X-3224,RBMY1F,159163.0,Del0.8,0.17
X-3224,RBMY1F,159163.0,Del0.8,0.17
X-3224,RBMY1J,378951.0,Del0.8,0.17
X-3224,RBMY1J,378951.0,Del0.8,0.17
X-3224,RBMY2EP,159125.0,Del0.8,0.17
X-3224,RBMY2FP,159162.0,Del0.8,0.17
X-3224,RBMY3AP,64593.0,Del0.8,0.17
X-3224,RERE,473.0,MutNovel,"E1328K,0.719"
X-3224,RFC4,5984.0,Amp5,5.35
X-3224,RIN3,79890.0,MutNovel,"G967-,0.276"
X-3224,RLF,6018.0,MutKnownFunctional,"R1468*,0.714"
X-3224,RNF13,11342.0,Amp5,5.39
X-3224,RNF168,165918.0,Amp5,5.24
X-3224,RNF39,80352.0,Del0.8,0.65
X-3224,RPL22L1,200916.0,Amp5,5.28
X-3224,RPL35A,6165.0,Amp5,5.24
X-3224,RPL39L,116832.0,Amp5,5.35
X-3224,RPP21,79897.0,Del0.8,0.65
X-3224,RPS4Y1,6192.0,Del0.8,0.2
X-3224,RPS4Y2,140032.0,Del0.8,0.17
X-3224,RRAGC,64121.0,MutNovel,"G17C,0.333"
X-3224,RSRC1,51319.0,Amp5,5.21
X-3224,RTP1,132112.0,Amp5,5.35
X-3224,RTP2,344892.0,Amp5,5.35
X-3224,RTP4,64108.0,Amp5,5.35
X-3224,SAMD7,344658.0,Amp5,5.28
X-3224,SCAND3,114821.0,Del0.8,0.59
X-3224,SCARNA7,677767.0,Amp5,5.21
X-3224,SCHIP1,29970.0,Amp5,5.21
X-3224,SCML2,10389.0,MutNovel,"Q129E,0.818"
X-3224,SCN3B,55800.0,Del0.8,0.78
X-3224,SDC2,6383.0,MutNovel,"E64Q,0.643"
X-3224,SDHAP1,255812.0,Amp5,5.24
X-3224,SDHAP2,727956.0,Amp5,5.31
X-3224,SEC62,7095.0,Amp5,5.28
X-3224,SELT,51714.0,Amp5,5.39
X-3224,SENP2,59343.0,Amp5,5.28
X-3224,SENP5,205564.0,Amp5,5.24
X-3224,SERINC2,347735.0,MutNovel,"-373Q,0.805"
X-3224,SERP1,27230.0,Amp5,5.39
X-3224,SERPINI1,5274.0,Amp5,5.46
X-3224,SERPINI2,5276.0,Amp5,5.46
X-3224,SETD1B,23067.0,MutNovel,"V763L,0.455"
X-3224,SHOX2,6474.0,Amp5,5.21
X-3224,SHROOM2,357.0,Del0.8,0.42
X-3224,SI,6476.0,Amp5,5.46
X-3224,SIAH2,6478.0,Amp5,5.39
X-3224,SIPA1L1,26037.0,MutNovel,"R1375W,0.586"
X-3224,SKIL,6498.0,Amp5,5.28
X-3224,SLC16A14,151473.0,Del0.8,0.19
X-3224,SLC25A46,91137.0,MutKnownFunctional,"-360LPI?,0.864"
X-3224,SLC2A2,6514.0,Amp5,5.28
X-3224,SLC33A1,9197.0,Amp5,5.39
X-3224,SLC7A14,57709.0,Amp5,5.28
X-3224,SLITRK3,22865.0,Amp5,5.46
X-3224,SMAD4,4089.0,Del0.8,0.26
X-3224,SMC4,10051.0,Amp5,5.21
X-3224,SNAR-I,100170222.0,Amp5,5.35
X-3224,SNORA4,619568.0,Amp5,5.35
X-3224,SNORA63,6043.0,Amp5,5.35
X-3224,SNORA81,677847.0,Amp5,5.35
X-3224,SNORD2,619567.0,Amp5,5.35
X-3224,SNORD32B,692092.0,Del0.8,0.59
X-3224,SNORD66,692107.0,Amp5,5.28
X-3224,SNRPB,6628.0,MutNovel,"I205M,0.522"
X-3224,SOCS3,9021.0,MutNovel,"E55K,0.600"
X-3224,SOX2,6657.0,Amp5,5.28
X-3224,SOX2-OT,347689.0,Amp5,5.28
X-3224,SP100,6672.0,Del0.8,0.2
X-3224,SP110,3431.0,Del0.8,0.21
X-3224,SP140,11262.0,Del0.8,0.16
X-3224,SP140L,93349.0,Del0.8,0.23
X-3224,SPATA16,83893.0,Amp5,5.28
X-3224,SPTLC1,10558.0,MutNovel,"T158A,0.402"
X-3224,SPTSSB,165679.0,Amp5,5.21
X-3224,SRY,6736.0,Del0.8,0.2
X-3224,SSR3,6747.0,Amp5,5.21
X-3224,SST,6750.0,Amp5,5.35
X-3224,ST6GAL1,6480.0,Amp5,5.35
X-3224,SUCNR1,56670.0,Amp5,5.39
X-3224,TBCCD1,55171.0,Amp5,5.28
X-3224,TBL1XR1,79718.0,Amp5,5.28
X-3224,TBL1Y,90665.0,Del0.8,0.2
X-3224,TBP,6908.0,MutNovel,"-64Q,0.333"
X-3224,TCTEX1D2,255758.0,Amp5,5.24
X-3224,TERC,7012.0,Amp5,5.28
X-3224,TFAP2A,7020.0,MutKnownFunctional,"-165?,0.452"
X-3224,TFRC,7037.0,Amp5,5.24
X-3224,TGDS,23483.0,MutNovel,"W314F,0.400"
X-3224,TGIF2LY,90655.0,Del0.8,0.2
X-3224,THPO,7066.0,Amp5,5.28
X-3224,TIPARP,25976.0,Amp5,5.21
X-3224,TIPARP-AS1,100287227.0,Amp5,5.21
X-3224,TM4SF1,4071.0,Amp5,5.39
X-3224,TM4SF18,116441.0,Amp5,5.39
X-3224,TM4SF19,116211.0,Amp5,5.24
X-3224,TM4SF19-TCTEX1D2,100534611.0,Amp5,5.24
X-3224,TM4SF4,7104.0,Amp5,5.39
X-3224,TMEM14E,645843.0,Amp5,5.39
X-3224,TMEM154,201799.0,Del0.8,0.77
X-3224,TMEM184A,202915.0,MutNovel,"G392GA,0.537"
X-3224,TMEM207,131920.0,Amp5,5.35
X-3224,TMEM212,389177.0,Amp5,5.28
X-3224,TMEM41A,90407.0,Amp5,5.28
X-3224,TMEM44,93109.0,Amp5,5.31
X-3224,TMEM87A,25963.0,MutNovel,"D531N,0.643"
X-3224,TMSB4Y,9087.0,Del0.8,0.17
X-3224,TNFSF10,8743.0,Amp5,5.28
X-3224,TNIK,23043.0,Amp5,5.28
X-3224,TNK2,10188.0,Amp5,5.24
X-3224,TOB2P1,222699.0,Del0.8,0.59
X-3224,TP63,8626.0,Amp5,5.35
X-3224,TPGS2,25941.0,Amp5,5.03
X-3224,TPRG1,285386.0,Amp5,5.35
X-3224,TRA2B,6434.0,Amp5,5.28
X-3224,TRAK1,22906.0,MutNovel,"S770C,1.000"
X-3224,TRIM10,10107.0,Del0.8,0.65
X-3224,TRIM15,89870.0,Del0.8,0.65
X-3224,TRIM26,7726.0,Del0.8,0.65
X-3224,TRIM27,5987.0,Del0.8,0.59
X-3224,TRIM31,11074.0,Del0.8,0.65
X-3224,TRIM39,56658.0,Del0.8,0.65
X-3224,TRIM39-RPP21,202658.0,Del0.8,0.65
X-3224,TRIM40,135644.0,Del0.8,0.65
X-3224,TRIM59,286827.0,Amp5,5.21
X-3224,TRIOBP,11078.0,MutKnownFunctional,"Q986*,0.333"
X-3224,TRIP12,9320.0,Del0.8,0.15
X-3224,TSC22D2,9819.0,Amp5,5.39
X-3224,TSPY1,7258.0,Del0.8,0.2
X-3224,TSPY2,64591.0,Del0.8,0.2
X-3224,TSPY3,728137.0,Del0.8,0.2
X-3224,TSPY4,728395.0,Del0.8,0.2
X-3224,TSPY8,728403.0,Del0.8,0.2
X-3224,TSPYL1,7259.0,MutNovel,"V176VW,0.848"
X-3224,TTC14,151613.0,Amp5,5.28
X-3224,TTTY10,246119.0,Del0.8,0.17
X-3224,TTTY11,83866.0,Del0.8,0.2
X-3224,TTTY12,83867.0,Del0.8,0.2
X-3224,TTTY13,83868.0,Del0.8,0.17
X-3224,TTTY14,83869.0,Del0.8,0.17
X-3224,TTTY15,64595.0,Del0.8,0.17
X-3224,TTTY16,252948.0,Del0.8,0.2
X-3224,TTTY17A,252949.0,Del0.8,0.23
X-3224,TTTY17A,252949.0,Del0.8,0.1
X-3224,TTTY18,252950.0,Del0.8,0.2
X-3224,TTTY19,252952.0,Del0.8,0.2
X-3224,TTTY1B,100101116.0,Del0.8,0.2
X-3224,TTTY1B,100101116.0,Del0.8,0.17
X-3224,TTTY2,60439.0,Del0.8,0.2
X-3224,TTTY2,60439.0,Del0.8,0.17
X-3224,TTTY20,252951.0,Del0.8,0.2
X-3224,TTTY21,252953.0,Del0.8,0.2
X-3224,TTTY21,252953.0,Del0.8,0.17
X-3224,TTTY22,252954.0,Del0.8,0.17
X-3224,TTTY23,252955.0,Del0.8,0.17
X-3224,TTTY23,252955.0,Del0.8,0.2
X-3224,TTTY3,114760.0,Del0.8,0.11
X-3224,TTTY3,114760.0,Del0.8,0.17
X-3224,TTTY4,114761.0,Del0.8,0.06
X-3224,TTTY4,114761.0,Del0.8,0.1
X-3224,TTTY5,83863.0,Del0.8,0.17
X-3224,TTTY6,84672.0,Del0.8,0.17
X-3224,TTTY6,84672.0,Del0.8,0.17
X-3224,TTTY7,246122.0,Del0.8,0.2
X-3224,TTTY7,246122.0,Del0.8,0.17
X-3224,TTTY7B,100101120.0,Del0.8,0.17
X-3224,TTTY7B,100101120.0,Del0.8,0.2
X-3224,TTTY8,84673.0,Del0.8,0.2
X-3224,TTTY8,84673.0,Del0.8,0.17
X-3224,TTTY9A,83864.0,Del0.8,0.17
X-3224,TTTY9A,83864.0,Del0.8,0.17
X-3224,TXLNG2P,246126.0,Del0.8,0.17
X-3224,UBD,10537.0,Del0.8,0.59
X-3224,UBE3A,7337.0,MutNovel,"S661N,0.319"
X-3224,UBXN7,26043.0,Amp5,5.24
X-3224,UGT2B17,7367.0,Del0.8,0.77
X-3224,USP13,8975.0,MutNovel,"P265S,0.313"
X-3224,USP13,8975.0,Amp5,5.28
X-3224,USP32P2,220594.0,Del0.8,0.68
X-3224,USP9Y,8287.0,Del0.8,0.17
X-3224,UTP20,27340.0,MutNovel,"E1804K,0.375"
X-3224,UTS2D,257313.0,Amp5,5.35
X-3224,UTY,7404.0,Del0.8,0.17
X-3224,VCY,9084.0,Del0.8,0.17
X-3224,VCY,9084.0,Del0.8,0.17
X-3224,VEPH1,79674.0,Amp5,5.21
X-3224,VN1R10P,387316.0,Del0.8,0.55
X-3224,VPS8,23355.0,Amp5,5.28
X-3224,VWA5B2,90113.0,Amp5,5.28
X-3224,WDR49,151790.0,Amp5,5.46
X-3224,WDR53,348793.0,Amp5,5.24
X-3224,WWTR1,25937.0,Amp5,5.39
X-3224,WWTR1-AS1,100128025.0,Amp5,5.39
X-3224,XKRY2,353515.0,Del0.8,0.17
X-3224,XKRY2,353515.0,Del0.8,0.17
X-3224,XXYLT1,152002.0,Amp5,5.31
X-3224,YEATS2,55689.0,Amp5,5.28
X-3224,ZBBX,79740.0,Amp5,5.46
X-3224,ZBED4,9889.0,MutNovel,"A936V,0.605"
X-3224,ZDHHC19,131540.0,Amp5,5.24
X-3224,ZFP57,346171.0,Del0.8,0.59
X-3224,ZFP62,643836.0,MutKnownFunctional,"-752,0.929"
X-3224,ZFY,7544.0,Del0.8,0.2
X-3224,ZIC1,7545.0,Amp5,5.39
X-3224,ZIC2,7546.0,MutNovel,"G177W,0.417"
X-3224,ZIC4,84107.0,Amp5,5.39
X-3224,ZKSCAN3,80317.0,Del0.8,0.59
X-3224,ZKSCAN4,387032.0,Del0.8,0.59
X-3224,ZMAT3,64393.0,Amp5,5.28
X-3224,ZNF154,7710.0,MutNovel,"Y39H,0.385"
X-3224,ZNF165,7718.0,Del0.8,0.59
X-3224,ZNF184,7738.0,Del0.8,0.55
X-3224,ZNF187,7741.0,Del0.8,0.59
X-3224,ZNF192,7745.0,Del0.8,0.59
X-3224,ZNF193,7746.0,Del0.8,0.59
X-3224,ZNF204P,7754.0,Del0.8,0.55
X-3224,ZNF219,51222.0,MutNovel,"QPP233P,0.310"
X-3224,ZNF311,282890.0,Del0.8,0.59
X-3224,ZNF322,79692.0,Del0.8,0.57
X-3224,ZNF323,64288.0,Del0.8,0.59
X-3224,ZNF384,171017.0,MutNovel,"QQ514Q,0.267"
X-3224,ZNF391,346157.0,Del0.8,0.55
X-3224,ZNF639,51193.0,Amp5,5.28
X-3224,ZNRD1,30834.0,Del0.8,0.65
X-3224,ZNRD1-AS1,80862.0,Del0.8,0.65
X-3224,ZSCAN12,9753.0,Del0.8,0.59
X-3224,ZSCAN12P1,221584.0,Del0.8,0.59
X-3224,ZSCAN16,80345.0,Del0.8,0.59
X-3224,ZSCAN23,222696.0,Del0.8,0.59
X-3239,ABHD12,26090.0,Amp5,5.17
X-3239,ABHD16B,140701.0,Amp5,5.13
X-3239,ABRA,137735.0,Amp5,5.21
X-3239,ACADVL,37.0,MutKnownFunctional,"-481?,1.000"
X-3239,ACAP3,116983.0,MutNovel,"A649T,0.367"
X-3239,ACSS1,84532.0,Amp5,5.17
X-3239,ACSS2,55902.0,Amp5,5.06
X-3239,ACTL10,170487.0,Amp5,5.06
X-3239,ACTR5,79913.0,Amp5,5.06
X-3239,ADA,100.0,Amp5,5.1
X-3239,ADAM5P,255926.0,Del0.8,0.63
X-3239,ADHFE1,137872.0,Amp5,5.06
X-3239,ADIG,149685.0,Amp5,5.06
X-3239,ADNP,23394.0,Amp5,5.1
X-3239,ADRA2B,151.0,MutNovel,"E301ERRK,1.000"
X-3239,ADRM1,11047.0,Amp5,5.13
X-3239,AGTR2,186.0,Del0.8,0.51
X-3239,AHCY,191.0,Amp5,5.06
X-3239,ALDH1A2,8854.0,Del0.8,0.77
X-3239,ALS2CR12,130540.0,MutKnownFunctional,"-261?,1.000"
X-3239,AMELY,266.0,Del0.8,0.12
X-3239,ANGPT1,284.0,Amp5,5.21
X-3239,ANKRD10,55608.0,MutNovel,"E335-,0.518"
X-3239,ANKRD23,200539.0,MutKnownFunctional,"K18*,0.468"
X-3239,ANKRD36,375248.0,MutNovel,"D1014Y,0.209"
X-3239,APC,324.0,Del0.8,0.73
X-3239,APCDD1L,164284.0,Amp5,5.13
X-3239,AQP12A,375318.0,MutNovel,"A158T,1.000"
X-3239,ARFGAP1,55738.0,Amp5,5.13
X-3239,ARFGAP3,26286.0,MutKnownFunctional,"-299?,0.261"
X-3239,ARFGEF1,10565.0,Amp5,5.06
X-3239,ARFRP1,10139.0,Amp5,5.13
X-3239,ARHGAP40,343578.0,Amp5,5.06
X-3239,ARMC1,55156.0,Amp5,5.03
X-3239,ARMCX4,100131755.0,MutNovel,"N1956S,1.000"
X-3239,ARPC1B,10095.0,MutNovel,"G337S,0.464"
X-3239,ART5,116969.0,MutNovel,"-25P,1.000"
X-3239,ASIP,434.0,Amp5,5.06
X-3239,ASPH,444.0,Amp5,5.03
X-3239,ASXL1,171023.0,Amp5,5.06
X-3239,ATAD2,29028.0,Amp5,5.06
X-3239,ATP5E,514.0,Amp5,5.13
X-3239,ATP6V0D2,245972.0,Amp5,5.28
X-3239,ATP6V1H,51606.0,Amp5,5.03
X-3239,ATP8B3,148229.0,MutNovel,"E1231-,1.000"
X-3239,ATP9A,10079.0,Amp5,5.1
X-3239,AURKA,6790.0,Amp5,5.1
X-3239,B4GALT5,9334.0,Amp5,5.1
X-3239,BAIAP3,8938.0,MutNovel,"C220G,0.676"
X-3239,BANF2,140836.0,Del0.8,0.74
X-3239,BCAS4,55653.0,Amp5,5.1
X-3239,BCL2L1,598.0,Amp5,5.28
X-3239,BCL7B,9275.0,MutKnownFunctional,"-126,0.220"
X-3239,BCORP1,286554.0,Del0.8,0.12
X-3239,BHLHE22,27319.0,Amp5,5.03
X-3239,BHLHE23,128408.0,Amp5,5.13
X-3239,BIRC7,79444.0,Amp5,5.13
X-3239,BLCAP,10904.0,Amp5,5.06
X-3239,BMP7,655.0,Amp5,5.03
X-3239,BPI,671.0,Amp5,5.06
X-3239,BPIFA1,51297.0,Amp5,5.06
X-3239,BPIFA2,140683.0,Amp5,5.06
X-3239,BPIFA3,128861.0,Amp5,5.06
X-3239,BPIFA4P,317716.0,Amp5,5.06
X-3239,BPIFB1,92747.0,Amp5,5.06
X-3239,BPIFB2,80341.0,Amp5,5.06
X-3239,BPIFB3,359710.0,Amp5,5.06
X-3239,BPIFB4,149954.0,Amp5,5.06
X-3239,BPIFB6,128859.0,Amp5,5.06
X-3239,BPY2B,442867.0,Del0.8,0.12
X-3239,BPY2B,442867.0,Del0.8,0.12
X-3239,BRD2,6046.0,MutNovel,"A49C,0.472"
X-3239,BRI3BP,140707.0,MutNovel,"-16LL,0.433"
X-3239,BTNL3,10917.0,Del0.8,0.65
X-3239,BZRAP1,9256.0,MutNovel,"R1480Q,0.996"
X-3239,C17orf103,256302.0,Amp8,8.46
X-3239,C17orf85,55421.0,Del0.8,0.7
X-3239,C20orf11,54994.0,Amp5,5.13
X-3239,C20orf111,51526.0,Amp5,5.13
X-3239,C20orf112,140688.0,Amp5,5.06
X-3239,C20orf118,140711.0,Amp5,5.06
X-3239,C20orf132,140699.0,Amp5,5.06
X-3239,C20orf144,128864.0,Amp5,5.06
X-3239,C20orf151,140893.0,Amp5,5.13
X-3239,C20orf152,140894.0,Amp5,5.06
X-3239,C20orf166,128826.0,Amp5,5.13
X-3239,C20orf166-AS1,253868.0,Amp5,5.13
X-3239,C20orf173,140873.0,Amp5,5.06
X-3239,C20orf195,79025.0,Amp5,5.13
X-3239,C20orf197,284756.0,Amp5,5.13
X-3239,C20orf20,55257.0,Amp5,5.13
X-3239,C20orf201,198437.0,Amp5,5.13
X-3239,C20orf203,284805.0,Amp5,5.06
X-3239,C20orf24,55969.0,Amp5,5.06
X-3239,C20orf3,57136.0,Amp5,5.17
X-3239,C20orf4,25980.0,Amp5,5.06
X-3239,C20orf43,51507.0,Amp5,5.1
X-3239,C20orf85,128602.0,Amp5,5.13
X-3239,C21orf58,54058.0,MutNovel,"H299PN,0.458"
X-3239,C8orf22,492307.0,Amp5,5.17
X-3239,C8orf34,116328.0,Amp5,5.06
X-3239,C8orf4,56892.0,Amp5,5.17
X-3239,C8orf44,56260.0,Amp5,5.06
X-3239,C8orf44-SGK3,100533105.0,Amp5,5.06
X-3239,C8orf46,254778.0,Amp5,5.06
X-3239,C8orf59,401466.0,Amp5,5.28
X-3239,C8orf76,84933.0,Amp5,5.06
X-3239,CA1,759.0,Amp5,5.28
X-3239,CA13,377677.0,Amp5,5.28
X-3239,CA2,760.0,Amp5,5.28
X-3239,CA3,761.0,Amp5,5.28
X-3239,CABLES2,81928.0,Amp5,5.13
X-3239,CAGE1,285782.0,MutNovel,"R819Q,0.571"
X-3239,CALB1,793.0,Amp5,5.1
X-3239,CASS4,57091.0,Amp5,5.1
X-3239,CBFA2T2,9139.0,Amp5,5.06
X-3239,CBLN4,140689.0,Amp5,5.1
X-3239,CBWD6,644019.0,MutKnownFunctional,"-259?,0.294"
X-3239,CCDC148,130940.0,MutNovel,"Q299H,0.750"
X-3239,CCDC37,348807.0,MutNovel,"TE411T,0.470"
X-3239,CCRL2,9034.0,MutNovel,"R83H,1.000"
X-3239,CD93,22918.0,Amp5,5.17
X-3239,CDC42EP1,11135.0,MutNovel,"PAPAANPS253P,1.000"
X-3239,CDH2,1000.0,Del0.8,0.71
X-3239,CDH26,60437.0,Amp5,5.13
X-3239,CDH4,1002.0,Amp5,5.13
X-3239,CDK5RAP1,51654.0,Amp5,5.06
X-3239,CDY1B,253175.0,Del0.8,0.12
X-3239,CDY1B,253175.0,Del0.8,0.12
X-3239,CDY2A,9426.0,Del0.8,0.12
X-3239,CDY2A,9426.0,Del0.8,0.12
X-3239,CDY2B,203611.0,Del0.8,0.12
X-3239,CDY2B,203611.0,Del0.8,0.12
X-3239,CEBPB,1051.0,Amp5,5.1
X-3239,CEBPD,1052.0,Amp5,5.17
X-3239,CEP250,11190.0,Amp5,5.06
X-3239,CFHR1,3078.0,Amp5,5.74
X-3239,CFHR3,10878.0,Amp5,5.74
X-3239,CHCHD7,79145.0,Amp5,5.03
X-3239,CHD2,1106.0,MutKnownFunctional,"-1242?,0.790"
X-3239,CHD6,84181.0,Amp5,5.06
X-3239,CHMP4B,128866.0,Amp5,5.06
X-3239,CHMP4C,92421.0,Amp5,5.17
X-3239,CHRNA4,1137.0,Amp5,5.13
X-3239,CHRNA7,1139.0,MutNovel,"G19S,1.000"
X-3239,CLDN2,9075.0,MutNovel,"Y195H,0.750"
X-3239,CLEC18C,283971.0,MutNovel,"T148S,1.000"
X-3239,CLVS1,157807.0,Amp5,5.03
X-3239,CNBD1,168975.0,Amp5,5.21
X-3239,CNGB3,54714.0,Amp5,5.21
X-3239,COL14A1,7373.0,Amp5,5.21
X-3239,COL20A1,57642.0,Amp5,5.13
X-3239,COL9A3,1299.0,Amp5,5.13
X-3239,COLEC10,10584.0,Amp5,5.06
X-3239,COMMD7,149951.0,Amp5,5.06
X-3239,COPS5,10987.0,Amp5,5.06
X-3239,COX4I2,84701.0,Amp5,5.28
X-3239,CPA6,57094.0,Amp5,5.06
X-3239,CPNE1,8904.0,Amp5,5.06
X-3239,CPNE3,8895.0,Amp5,5.21
X-3239,CRH,1392.0,Amp5,5.06
X-3239,CRIPAK,285464.0,MutNovel,"P142R,0.500"
X-3239,CRIPAK,285464.0,MutNovel,"V164A,0.737"
X-3239,CRISPLD1,83690.0,Amp5,5.17
X-3239,CRYBG3,,MutNovel,"Q497R,0.423"
X-3239,CSMD1,64478.0,Del0.8,0.78
X-3239,CSMD3,114788.0,Amp5,5.35
X-3239,CSNK2A1P,283106.0,MutKnownFunctional,"-75,0.500"
X-3239,CSPG4P1Y,114758.0,Del0.8,0.12
X-3239,CSPG4P1Y,114758.0,Del0.8,0.12
X-3239,CSPP1,79848.0,Amp5,5.06
X-3239,CST1,1469.0,Amp5,5.17
X-3239,CST11,140880.0,Amp5,5.17
X-3239,CST2,1470.0,Amp5,5.17
X-3239,CST3,1471.0,Amp5,5.17
X-3239,CST4,1472.0,Amp5,5.17
X-3239,CST5,1473.0,Amp5,5.17
X-3239,CST7,8530.0,Amp5,5.17
X-3239,CST8,10047.0,Amp5,5.17
X-3239,CST9,128822.0,Amp5,5.17
X-3239,CST9L,128821.0,Amp5,5.17
X-3239,CSTF1,1477.0,Amp5,5.1
X-3239,CSTL1,128817.0,Amp5,5.17
X-3239,CSTT,164380.0,Amp5,5.17
X-3239,CTCFL,140690.0,Amp5,5.03
X-3239,CTNNBIP1,56998.0,MutNovel,"R27Q,0.466"
X-3239,CTNNBL1,56259.0,Amp5,5.06
X-3239,CTSZ,1522.0,Amp5,5.13
X-3239,CXorf30,645090.0,MutNovel,"F371Y,1.000"
X-3239,CYP24A1,1591.0,Amp5,5.1
X-3239,CYP7A1,1581.0,Amp5,5.03
X-3239,CYP7B1,9420.0,Amp5,5.03
X-3239,DAZ1,1617.0,Del0.8,0.12
X-3239,DAZ2,57055.0,Del0.8,0.12
X-3239,DAZ3,57054.0,Del0.8,0.12
X-3239,DAZ3,57054.0,Del0.8,0.12
X-3239,DAZ4,57135.0,Del0.8,0.12
X-3239,DAZ4,57135.0,Del0.8,0.12
X-3239,DCAF4L2,138009.0,Amp5,5.21
X-3239,DCSTAMP,81501.0,Amp5,5.21
X-3239,DDX3Y,8653.0,Del0.8,0.12
X-3239,DECR1,1666.0,Amp5,5.1
X-3239,DEFB115,245929.0,Amp5,5.17
X-3239,DEFB116,245930.0,Amp5,5.17
X-3239,DEFB118,117285.0,Amp5,5.17
X-3239,DEFB119,245932.0,Amp5,5.17
X-3239,DEFB123,245936.0,Amp5,5.28
X-3239,DEFB124,245937.0,Amp5,5.28
X-3239,DENND4B,9909.0,MutNovel,"QQQ908-,0.412"
X-3239,DEPTOR,64798.0,Amp5,5.21
X-3239,DERL1,79139.0,Amp5,5.06
X-3239,DHRS7B,25979.0,Amp8,8.46
X-3239,DHX35,60625.0,Amp5,5.06
X-3239,DIDO1,11083.0,Amp5,5.13
X-3239,DISP1,84976.0,MutNovel,"V481M,0.396"
X-3239,DLGAP4,22839.0,Amp5,5.06
X-3239,DNAH1,25981.0,MutNovel,"R3041H,0.230"
X-3239,DNAH7,56171.0,MutKnownFunctional,"-2872?,0.412"
X-3239,DNAJC5,80331.0,Amp5,5.13
X-3239,DNAJC5B,85479.0,Amp5,5.06
X-3239,DNMT3B,1789.0,Amp5,5.06
X-3239,DOK5,55816.0,Amp5,5.1
X-3239,DOK6,220164.0,Del0.8,0.78
X-3239,DOLK,22845.0,MutKnownFunctional,"-1?,0.514"
X-3239,DPH3P1,100132911.0,Amp5,5.13
X-3239,DPM1,8813.0,Amp5,5.1
X-3239,DPY19L2,283417.0,MutNovel,"Q271E,1.000"
X-3239,DPYS,1807.0,Amp5,5.21
X-3239,DSCC1,79075.0,Amp5,5.21
X-3239,DSCR10,259234.0,Del0.8,0.62
X-3239,DSN1,79980.0,Amp5,5.06
X-3239,DUSP15,128853.0,Amp5,5.28
X-3239,DYNLRB1,83658.0,Amp5,5.06
X-3239,E2F1,1869.0,Amp5,5.06
X-3239,E2F5,1875.0,Amp5,5.28
X-3239,EBAG9,9166.0,Amp5,5.21
X-3239,EBF2,64641.0,Del0.8,0.71
X-3239,EDEM2,55741.0,Amp5,5.06
X-3239,EDN3,1908.0,Amp5,5.13
X-3239,EEF1A2,1917.0,Amp5,5.13
X-3239,EFCAB1,79645.0,Amp5,5.17
X-3239,EFHD1,80303.0,MutNovel,"L6R,0.667"
X-3239,EIF1AY,9086.0,Del0.8,0.12
X-3239,EIF2S2,8894.0,Amp5,5.06
X-3239,EIF3E,3646.0,Amp5,5.21
X-3239,EIF3H,8667.0,Amp5,5.06
X-3239,EIF6,3692.0,Amp5,5.06
X-3239,EMILIN3,90187.0,Amp5,5.06
X-3239,ENPP2,5168.0,Amp5,5.21
X-3239,ENTPD6,955.0,Amp5,5.17
X-3239,ENY2,56943.0,Amp5,5.21
X-3239,EP400,57634.0,MutNovel,"QQQQQQQ2728-,0.438"
X-3239,EPB41L1,2036.0,Amp5,5.06
X-3239,ERAP2,64167.0,Del0.8,0.72
X-3239,ERGIC3,51614.0,Amp5,5.06
X-3239,EVC2,132884.0,MutNovel,"P41H,0.706"
X-3239,EXT1,2131.0,Amp5,5.06
X-3239,FABP12,646486.0,Amp5,5.17
X-3239,FABP4,2167.0,Amp5,5.17
X-3239,FABP5,2171.0,Amp5,5.17
X-3239,FABP9,646480.0,Amp5,5.17
X-3239,FAM110B,90362.0,Amp5,5.03
X-3239,FAM150A,389658.0,Amp5,5.03
X-3239,FAM182A,284800.0,Amp5,5.17
X-3239,FAM182B,728882.0,Amp5,5.17
X-3239,FAM197Y2P,252946.0,Del0.8,0.12
X-3239,FAM209A,200232.0,Amp5,5.1
X-3239,FAM209B,388799.0,Amp5,5.1
X-3239,FAM210B,116151.0,Amp5,5.1
X-3239,FAM21A,387680.0,MutNovel,"A465T,1.000"
X-3239,FAM35B,414241.0,Del0.8,0.77
X-3239,FAM41AY1,340618.0,Del0.8,0.12
X-3239,FAM41AY1,340618.0,Del0.8,0.12
X-3239,FAM65C,140876.0,Amp5,5.1
X-3239,FAM82B,51115.0,Amp5,5.21
X-3239,FAM83A,84985.0,Amp5,5.06
X-3239,FAM83C,128876.0,Amp5,5.06
X-3239,FAM83D,81610.0,Amp5,5.06
X-3239,FAM92A1,137392.0,Amp5,5.1
X-3239,FAT2,2196.0,MutNovel,"P3461R,0.723"
X-3239,FBRS,64319.0,MutNovel,"AAA321-,0.470"
X-3239,FBXO32,114907.0,Amp5,5.06
X-3239,FER1L4,80307.0,Amp5,5.06
X-3239,FGF7,2252.0,Del0.8,0.7
X-3239,FGFR3,2261.0,MutNovel,"F384L,0.534"
X-3239,FHOD3,80206.0,Del0.8,0.71
X-3239,FITM2,128486.0,Amp5,5.1
X-3239,FLJ16779,100192386.0,Amp5,5.13
X-3239,FLJ33581,400839.0,Amp5,5.17
X-3239,FLJ39080,441355.0,Amp5,5.17
X-3239,FLRT3,23767.0,Del0.8,0.57
X-3239,FOXI3,344167.0,MutKnownFunctional,"-101?,1.000"
X-3239,FOXS1,2307.0,Amp5,5.28
X-3239,FRG1B,284802.0,Amp5,5.17
X-3239,FRRS1L,,MutNovel,"R51A,1.000"
X-3239,FSIP2,401024.0,MutNovel,"Q4889H,1.000"
X-3239,GAGE10,643832.0,MutNovel,"E111K,1.000"
X-3239,GATA5,140628.0,Amp5,5.13
X-3239,GCNT7,140687.0,Amp5,5.1
X-3239,GDAP1,54332.0,Amp5,5.17
X-3239,GDAP1L1,78997.0,Amp5,5.1
X-3239,GDF5,8200.0,Amp5,5.06
X-3239,GGH,8836.0,Amp5,5.03
X-3239,GGT7,2686.0,Amp5,5.06
X-3239,GGTLC1,92086.0,Amp5,5.17
X-3239,GHRH,2691.0,Amp5,5.06
X-3239,GIGYF2,26058.0,MutNovel,"PQ1231P,0.488"
X-3239,GINS1,9837.0,Amp5,5.17
X-3239,GLIS2,84662.0,MutNovel,"G201R,0.500"
X-3239,GMEB2,26205.0,Amp5,5.13
X-3239,GNAS,2778.0,Amp5,5.13
X-3239,GNAS-AS1,149775.0,Amp5,5.13
X-3239,GOLGA2P2Y,84559.0,Del0.8,0.12
X-3239,GOLGA2P2Y,84559.0,Del0.8,0.12
X-3239,GOLGA6D,653643.0,MutNovel,"E421D,1.000"
X-3239,GOLGA8H,,MutNovel,"P78L,0.429"
X-3239,GOLGA8J,,MutNovel,"N186D,1.000"
X-3239,GPC3,2719.0,Del0.8,0.78
X-3239,GPR137C,283554.0,MutNovel,"S27G,1.000"
X-3239,GRB7,2886.0,MutNovel,"R513H,0.988"
X-3239,GRIN3B,116444.0,MutNovel,"H117Y,1.000"
X-3239,GSS,2937.0,Amp5,5.06
X-3239,GSTTP1,25774.0,Del0.8,0.8
X-3239,GTPBP5,26164.0,Amp5,5.13
X-3239,GTSF1L,149699.0,Amp5,5.13
X-3239,GUK1,2987.0,MutNovel,"A198T,0.591"
X-3239,GYG2P1,352887.0,Del0.8,0.12
X-3239,GZF1,64412.0,Amp5,5.17
X-3239,HAR1A,768096.0,Amp5,5.13
X-3239,HAR1B,768097.0,Amp5,5.13
X-3239,HAS2,3037.0,Amp5,5.21
X-3239,HAS2-AS1,594842.0,Amp5,5.21
X-3239,HAUS5,23354.0,MutNovel,"R315W,0.695"
X-3239,HCG4B,80868.0,Del0.8,0.37
X-3239,HCK,3055.0,Amp5,5.06
X-3239,HEATR1,55127.0,MutNovel,"KK988K,0.492"
X-3239,HEY1,23462.0,Amp5,5.03
X-3239,HIST2H2AB,317772.0,MutNovel,"K119R,0.500"
X-3239,HIST2H2AC,8338.0,MutNovel,"I112V,0.455"
X-3239,HLA-DRB5,3127.0,Amp5,5.17
X-3239,HLA-G,3135.0,MutNovel,"M49V,0.571"
X-3239,HLA-G,3135.0,MutNovel,"D63A,0.417"
X-3239,HLA-H,3136.0,Del0.8,0.37
X-3239,HM13,81502.0,Amp5,5.28
X-3239,HMGB3P1,128872.0,Amp5,5.06
X-3239,HNF4A,3172.0,Amp5,5.1
X-3239,HNF4G,3174.0,Amp5,5.17
X-3239,HRH3,11255.0,Amp5,5.13
X-3239,HSFY2,159119.0,Del0.8,0.12
X-3239,HSFY2,159119.0,Del0.8,0.12
X-3239,HSPG2,3339.0,MutNovel,"R3257W,0.456"
X-3239,HTR2C,3358.0,Del0.8,0.78
X-3239,ID1,3397.0,Amp5,5.28
X-3239,IDO1,3620.0,Amp5,5.17
X-3239,IDO2,169355.0,Amp5,5.17
X-3239,IFT52,51098.0,Amp5,5.13
X-3239,IGFBP2,3485.0,MutNovel,"L17LLPP,0.911"
X-3239,IL7,3574.0,Amp5,5.03
X-3239,IMPA1,3612.0,Amp5,5.17
X-3239,IMPAD1,54928.0,Amp5,5.03
X-3239,INPP1,3628.0,MutNovel,"V279M,0.570"
X-3239,ITCH,83737.0,Amp5,5.06
X-3239,ITGA10,8515.0,MutNovel,"Q1115H,0.600"
X-3239,JAK2,3717.0,MutNovel,"M821I,0.567"
X-3239,JPH1,56704.0,Amp5,5.17
X-3239,JPH2,57158.0,Amp5,5.13
X-3239,KAT6B,23522.0,MutNovel,"EEE1360-,0.361"
X-3239,KCNB2,9312.0,Amp5,5.17
X-3239,KCNG1,3755.0,Amp5,5.1
X-3239,KCNJ12,3768.0,Amp5,6.5
X-3239,KCNK15,60598.0,Amp5,5.1
X-3239,KCNQ2,3785.0,Amp5,5.13
X-3239,KCNS1,3787.0,Amp5,5.1
X-3239,KCNV1,27012.0,Amp5,5.21
X-3239,KDM5D,8284.0,Del0.8,0.12
X-3239,KDSR,2531.0,Del0.8,0.67
X-3239,KHDRBS3,10656.0,Amp5,5.13
X-3239,KIAA0141,9812.0,MutNovel,"G9R,0.496"
X-3239,KIAA0146,23514.0,Amp5,5.17
X-3239,KIAA0825,285600.0,MutNovel,"G407V,1.000"
X-3239,KIAA0922,23240.0,MutNovel,"G721R,0.505"
X-3239,KIAA1161,57462.0,MutNovel,"G428S,0.486"
X-3239,KIAA1377,57562.0,MutKnownFunctional,"-81?,1.000"
X-3239,KIAA1755,85449.0,Amp5,5.06
X-3239,KIF20B,9585.0,MutNovel,"L1062LKV,1.000"
X-3239,KIF3B,9371.0,Amp5,5.06
X-3239,L3MBTL1,26013.0,Amp5,5.13
X-3239,LACTB2,51110.0,Amp5,5.06
X-3239,LAD1,3898.0,MutNovel,"V162G,0.903"
X-3239,LAMA5,3911.0,Amp5,5.13
X-3239,LBP,3929.0,Amp5,5.06
X-3239,LIME1,54923.0,Amp5,5.13
X-3239,LINC00028,140875.0,Amp5,5.28
X-3239,LINC00029,100144596.0,Amp5,5.13
X-3239,LINC00176,284739.0,Amp5,5.13
X-3239,LINC00251,552859.0,Amp5,5.03
X-3239,LINC00266-1,140849.0,Amp5,5.13
X-3239,LINC00293,497634.0,Amp5,5.17
X-3239,LINC00535,642924.0,Amp5,5.1
X-3239,LMNB2,84823.0,MutNovel,"A19T,1.000"
X-3239,LOC100127888,100127888.0,Amp5,5.13
X-3239,LOC100127983,100127983.0,Amp5,5.1
X-3239,LOC100130155,100130155.0,Amp5,5.03
X-3239,LOC100130298,100130298.0,Amp5,5.03
X-3239,LOC100130301,100130301.0,Amp5,5.17
X-3239,LOC100131726,100131726.0,Amp5,5.06
X-3239,LOC100132891,100132891.0,Amp5,5.03
X-3239,LOC100134868,100134868.0,Amp5,5.17
X-3239,LOC100144597,100144597.0,Amp5,5.13
X-3239,LOC100287792,100287792.0,Amp5,5.06
X-3239,LOC100287846,100287846.0,Amp5,5.17
X-3239,LOC100500773,100500773.0,Amp5,5.03
X-3239,LOC100505659,100505659.0,Amp5,5.06
X-3239,LOC100505676,100505676.0,Amp5,5.06
X-3239,LOC100505718,100505718.0,Amp5,5.06
X-3239,LOC100505815,100505815.0,Amp5,5.13
X-3239,LOC100506384,100506384.0,Amp5,5.13
X-3239,LOC100507632,100507632.0,Amp5,5.03
X-3239,LOC100507651,100507651.0,Amp5,5.03
X-3239,LOC100509263,,MutNovel,"R333W,0.500"
X-3239,LOC100996489,,MutNovel,"P61S,1.000"
X-3239,LOC100996504,,MutNovel,"V179L,1.000"
X-3239,LOC149773,149773.0,Amp5,5.13
X-3239,LOC149950,149950.0,Amp5,5.06
X-3239,LOC200261,200261.0,Amp5,5.17
X-3239,LOC284751,284751.0,Amp5,5.1
X-3239,LOC284798,284798.0,Amp5,5.17
X-3239,LOC284801,284801.0,Amp5,5.17
X-3239,LOC286094,286094.0,Amp5,5.13
X-3239,LOC286177,286177.0,Amp5,5.03
X-3239,LOC286184,286184.0,Amp5,5.03
X-3239,LOC286186,286186.0,Amp5,5.03
X-3239,LOC286189,286189.0,Amp5,5.06
X-3239,LOC286190,286190.0,Amp5,5.06
X-3239,LOC339568,339568.0,Amp5,5.06
X-3239,LOC388796,388796.0,Amp5,5.06
X-3239,LOC392232,392232.0,Amp5,5.17
X-3239,LOC401463,401463.0,Amp5,5.03
X-3239,LOC63930,63930.0,Amp5,5.13
X-3239,LOC647979,647979.0,Amp5,5.06
X-3239,LOC653125,,MutNovel,"P78L,0.400"
X-3239,LOC727924,727924.0,Del0.8,0.63
X-3239,LOC728047,,MutNovel,"E566V,0.471"
X-3239,LOC79015,79015.0,Amp5,5.1
X-3239,LPIN3,64900.0,Amp5,5.06
X-3239,LRP12,29967.0,Amp5,5.21
X-3239,LRRC37A,9884.0,MutNovel,"L1378P,1.000"
X-3239,LRRC69,100130742.0,Amp5,5.1
X-3239,LRRCC1,85444.0,Amp5,5.28
X-3239,LSM14B,149986.0,Amp5,5.13
X-3239,LSR,51599.0,MutNovel,"G518GR,1.000"
X-3239,LTBP3,4054.0,MutNovel,"L35LCW,0.556"
X-3239,LY96,23643.0,Amp5,5.17
X-3239,LYN,4067.0,Amp5,5.03
X-3239,LYPLA1,10434.0,Amp5,5.03
X-3239,MAFB,9935.0,Amp5,5.06
X-3239,MAGEC1,9947.0,MutNovel,"P239R,0.389"
X-3239,MAL2,114569.0,Amp5,5.17
X-3239,MAMDC2,256691.0,MutNovel,"T32I,0.545"
X-3239,MANBAL,63905.0,Amp5,5.06
X-3239,MAP1LC3A,84557.0,Amp5,5.06
X-3239,MAP2K3,5606.0,Amp8,8.46
X-3239,MAP3K4,4216.0,MutNovel,"PA1189P,1.000"
X-3239,MAPRE1,22919.0,Amp5,5.06
X-3239,MAST4,375449.0,MutNovel,"P2054L,0.455"
X-3239,MATN4,8785.0,Amp5,5.1
X-3239,MBD2,8932.0,MutNovel,"G115GA,1.000"
X-3239,MBD2,8932.0,MutNovel,"C111G,0.417"
X-3239,MC3R,4159.0,Amp5,5.1
X-3239,MCC,4163.0,Del0.8,0.8
X-3239,MCM4,4173.0,Amp5,5.17
X-3239,MCM9,254394.0,MutNovel,"R666W,1.000"
X-3239,MED15,51586.0,MutNovel,"-251Q,0.919"
X-3239,MED30,90390.0,Amp5,5.06
X-3239,MEF2A,4205.0,MutNovel,"Q412-,0.467"
X-3239,MEF2C,4208.0,Del0.8,0.76
X-3239,MEGF8,1954.0,MutNovel,"W1889C,1.000"
X-3239,MIR1-1,406904.0,Amp5,5.13
X-3239,MIR124-2,406908.0,Amp5,5.03
X-3239,MIR124-3,406909.0,Amp5,5.13
X-3239,MIR1257,100302168.0,Amp5,5.13
X-3239,MIR133A2,406923.0,Amp5,5.13
X-3239,MIR1914,100302137.0,Amp5,5.13
X-3239,MIR2052,100302260.0,Amp5,5.17
X-3239,MIR2053,100302225.0,Amp5,5.35
X-3239,MIR296,407022.0,Amp5,5.13
X-3239,MIR298,100126296.0,Amp5,5.13
X-3239,MIR30B,407030.0,Amp5,5.13
X-3239,MIR30D,407033.0,Amp5,5.13
X-3239,MIR3193,100422904.0,Amp5,5.28
X-3239,MIR3194,100422889.0,Amp5,5.1
X-3239,MIR3196,100423014.0,Amp5,5.13
X-3239,MIR3610,100500914.0,Amp5,5.06
X-3239,MIR3646,100500813.0,Amp5,5.1
X-3239,MIR378D2,100616169.0,Amp5,5.1
X-3239,MIR4325,100422883.0,Amp5,5.03
X-3239,MIR4326,100422945.0,Amp5,5.13
X-3239,MIR4470,100616484.0,Amp5,5.03
X-3239,MIR4532,100616353.0,Amp5,5.03
X-3239,MIR4533,100616362.0,Amp5,5.13
X-3239,MIR4661,100616245.0,Amp5,5.1
X-3239,MIR4663,100616260.0,Amp5,5.06
X-3239,MIR4755,100616434.0,Amp5,5.06
X-3239,MIR4756,100616225.0,Amp5,5.1
X-3239,MIR4758,100616340.0,Amp5,5.13
X-3239,MIR499A,574501.0,Amp5,5.06
X-3239,MIR499B,100616134.0,Amp5,5.06
X-3239,MIR5095,100616458.0,Amp5,5.03
X-3239,MIR644A,693229.0,Amp5,5.06
X-3239,MIR645,693230.0,Amp5,5.1
X-3239,MIR647,693232.0,Amp5,5.13
X-3239,MIR663A,724033.0,Amp5,5.17
X-3239,MIR941-1,100126329.0,Amp5,5.13
X-3239,MIR941-3,100126352.0,Amp5,5.13
X-3239,MITF,4286.0,MutNovel,"E460K,0.585"
X-3239,MLLT10P1,140678.0,Amp5,5.17
X-3239,MMP16,4325.0,Amp5,5.21
X-3239,MMP24,10893.0,Amp5,5.06
X-3239,MOCS3,27304.0,Amp5,5.1
X-3239,MORN1,79906.0,MutNovel,"R497W,0.579"
X-3239,MOS,4342.0,Amp5,5.03
X-3239,MRPL13,28998.0,Amp5,5.21
X-3239,MRPL15,29088.0,Amp5,5.03
X-3239,MRPS28,28957.0,Amp5,5.03
X-3239,MSC,9242.0,Amp5,5.03
X-3239,MTBP,27085.0,Amp5,5.21
X-3239,MTFR1,9650.0,Amp5,5.03
X-3239,MTRNR2L3,100462983.0,Amp5,5.03
X-3239,MUC12,10071.0,MutNovel,"E1768G,1.000"
X-3239,MUC12,10071.0,MutNovel,"T1770M,1.000"
X-3239,MUC19,,MutNovel,"SK8078RE,1.000"
X-3239,MUC4,4585.0,MutNovel,"A3785V,1.000"
X-3239,MUC4,4585.0,MutNovel,"S2374P,1.000"
X-3239,MXRA7,439921.0,MutNovel,"E36G,1.000"
X-3239,MYBL1,4603.0,Amp5,5.06
X-3239,MYBL2,4605.0,Amp5,5.13
X-3239,MYH7B,57644.0,Amp5,5.06
X-3239,MYL9,10398.0,Amp5,5.06
X-3239,MYLK2,85366.0,Amp5,5.28
X-3239,MYT1,4661.0,Amp5,5.13
X-3239,NANP,140838.0,Amp5,5.17
X-3239,NAPB,63908.0,Amp5,5.17
X-3239,NAT2,10.0,MutNovel,"F7L,0.231"
X-3239,NBN,4683.0,Amp5,5.1
X-3239,NBPF14,25832.0,MutNovel,"E513K,0.308"
X-3239,NBPF14,25832.0,MutNovel,"E513K,0.308"
X-3239,NBPF15,284565.0,MutNovel,"Q533L,0.500"
X-3239,NBPF9,400818.0,MutNovel,"R27S,0.429"
X-3239,NBPF9,400818.0,MutNovel,"R97G,0.279"
X-3239,NCOA2,10499.0,Amp5,5.06
X-3239,NCOA3,8202.0,MutNovel,"Q1255-,0.511"
X-3239,NCOA6,23054.0,Amp5,5.06
X-3239,NCOR1P1,149934.0,Amp5,5.17
X-3239,NCOR2,9612.0,MutNovel,"G1839GAAA,1.000"
X-3239,NCOR2,9612.0,MutNovel,"-511S,0.978"
X-3239,NCRNA00185,55410.0,Del0.8,0.12
X-3239,NDE1,54820.0,MutNovel,"S291F,0.519"
X-3239,NDRG3,57446.0,Amp5,5.06
X-3239,NECAB1,64168.0,Amp5,5.1
X-3239,NECAB3,63941.0,Amp5,5.06
X-3239,NFATC2,4773.0,Amp5,5.1
X-3239,NFS1,9054.0,Amp5,5.06
X-3239,NINL,22981.0,Amp5,5.17
X-3239,NKAIN3,286183.0,Amp5,5.03
X-3239,NKAIN4,128414.0,Amp5,5.13
X-3239,NLGN4Y,22829.0,Del0.8,0.12
X-3239,NNAT,4826.0,Amp5,5.06
X-3239,NOV,4856.0,Amp5,5.17
X-3239,NPBWR1,2831.0,Amp5,5.03
X-3239,NPBWR2,2832.0,Amp5,5.13
X-3239,NPEPL1,79716.0,Amp5,5.13
X-3239,NPIPL3,23117.0,MutNovel,"R1074W,0.312"
X-3239,NR1H2,7376.0,MutNovel,"-173Q,1.000"
X-3239,NSMAF,8439.0,Amp5,5.03
X-3239,NT5DC3,51559.0,MutNovel,"L507F,0.630"
X-3239,NTSR1,4923.0,Amp5,5.13
X-3239,NUDCD1,84955.0,Amp5,5.21
X-3239,NXT1,29107.0,Amp5,5.17
X-3239,OBP2B,29989.0,MutNovel,"R149H,0.467"
X-3239,OBP2B,29989.0,MutNovel,"G130A,0.360"
X-3239,OGFR,11054.0,Amp5,5.13
X-3239,OPRK1,4986.0,Amp5,5.03
X-3239,OPRL1,4987.0,Amp5,5.13
X-3239,OR10AD1,121275.0,MutKnownFunctional,"-67?,1.000"
X-3239,OR4M2,390538.0,Del0.8,0.21
X-3239,OR4N3P,390539.0,Del0.8,0.59
X-3239,OR4N4,283694.0,Del0.8,0.21
X-3239,ORAI1,84876.0,MutNovel,"PP43-,1.000"
X-3239,OSBPL2,9885.0,Amp5,5.13
X-3239,OSGIN2,734.0,Amp5,5.1
X-3239,OTUD6B,51633.0,Amp5,5.1
X-3239,OVOS,,MutNovel,"R1319H,0.903"
X-3239,OXR1,55074.0,Amp5,5.21
X-3239,P2RY8,286530.0,MutKnownFunctional,"-1394,0.667"
X-3239,P2RY8,286530.0,MutKnownFunctional,"-1394,1.000"
X-3239,P4HTM,54681.0,MutNovel,"R371G,0.634"
X-3239,PABPC1L,80336.0,Amp5,5.1
X-3239,PARD6B,84612.0,Amp5,5.1
X-3239,PCDH11Y,83259.0,Del0.8,0.23
X-3239,PCDP1,200373.0,MutNovel,"R135Q,0.350"
X-3239,PCK1,5105.0,Amp5,5.03
X-3239,PCMTD1,115294.0,Amp5,5.03
X-3239,PCMTD2,55251.0,Amp5,5.13
X-3239,PDE4DIP,9659.0,MutNovel,"I1502L,0.207"
X-3239,PDE4DIP,9659.0,MutNovel,"I1498V,0.267"
X-3239,PDE7A,5150.0,Amp5,5.03
X-3239,PDP1,54704.0,Amp5,5.1
X-3239,PDRG1,81572.0,Amp5,5.28
X-3239,PENK,5179.0,Amp5,5.03
X-3239,PEX2,5828.0,Amp5,5.17
X-3239,PFDN4,5203.0,Amp5,5.1
X-3239,PHACTR3,116154.0,Amp5,5.13
X-3239,PHF10,55274.0,MutNovel,"G6E,0.538"
X-3239,PHF20,51230.0,Amp5,5.06
X-3239,PHLDA1,22822.0,MutNovel,"QQ194Q,1.000"
X-3239,PHRF1,57661.0,MutNovel,"T1016R,1.000"
X-3239,PI15,51050.0,Amp5,5.17
X-3239,PI3,5266.0,Amp5,5.1
X-3239,PIGU,128869.0,Amp5,5.06
X-3239,PIK3C3,5289.0,Del0.8,0.75
X-3239,PITPNM2,57605.0,MutNovel,"I1112F,0.387"
X-3239,PKHD1L1,93035.0,Amp5,5.21
X-3239,PKIA,5569.0,Amp5,5.03
X-3239,PKIG,11142.0,Amp5,5.1
X-3239,PLAG1,5324.0,Amp5,5.03
X-3239,PLAGL2,5326.0,Amp5,5.06
X-3239,PLCG1,5335.0,Amp5,5.06
X-3239,PMEPA1,56937.0,Amp5,5.03
X-3239,PMP2,5375.0,Amp5,5.17
X-3239,POFUT1,23509.0,Amp5,5.06
X-3239,PPDPF,79144.0,Amp5,5.13
X-3239,PPIF,10105.0,MutNovel,"R18P,0.516"
X-3239,PPP1R16B,26051.0,Amp5,5.06
X-3239,PPP1R3D,5509.0,Amp5,5.13
X-3239,PPP1R42,286187.0,Amp5,5.06
X-3239,PPP4R1L,55370.0,Amp5,5.13
X-3239,PRDM14,63978.0,Amp5,5.06
X-3239,PREX2,80243.0,Amp5,5.06
X-3239,PRIC285,85441.0,Amp5,5.13
X-3239,PRKDC,5591.0,Amp5,5.17
X-3239,PRKY,5616.0,Del0.8,0.12
X-3239,PROCR,10544.0,Amp5,5.06
X-3239,PRPF6,24148.0,Amp5,5.13
X-3239,PRSS27,83886.0,MutNovel,"A102T,0.375"
X-3239,PRY,9081.0,Del0.8,0.12
X-3239,PRY,9081.0,Del0.8,0.12
X-3239,PRY2,442862.0,Del0.8,0.12
X-3239,PRY2,442862.0,Del0.8,0.12
X-3239,PSIMCT-1,100101490.0,Amp5,5.28
X-3239,PSKH2,85481.0,Amp5,5.28
X-3239,PSMA7,5688.0,Amp5,5.13
X-3239,PTK6,5753.0,Amp5,5.13
X-3239,PTPN1,5770.0,Amp5,5.1
X-3239,PTTG3P,26255.0,Amp5,5.06
X-3239,PXDNL,137902.0,Amp5,5.03
X-3239,PXMP2,5827.0,MutKnownFunctional,"-145?,0.541"
X-3239,PXMP4,11264.0,Amp5,5.06
X-3239,PYGB,5834.0,Amp5,5.17
X-3239,R3HDML,140902.0,Amp5,5.1
X-3239,RAB22A,57403.0,Amp5,5.13
X-3239,RAD21,5885.0,Amp5,5.06
X-3239,RAD21-AS1,644660.0,Amp5,5.06
X-3239,RAE1,8480.0,Amp5,5.03
X-3239,RALGAPB,57148.0,Amp5,5.06
X-3239,RALY,22913.0,Amp5,5.06
X-3239,RB1CC1,9821.0,Amp5,5.03
X-3239,RBL1,5933.0,Amp5,5.06
X-3239,RBM12,10137.0,Amp5,5.06
X-3239,RBM12B,389677.0,Amp5,5.1
X-3239,RBM38,55544.0,Amp5,5.03
X-3239,RBM39,9584.0,Amp5,5.06
X-3239,RBMY1A3P,286557.0,Del0.8,0.12
X-3239,RBMY1B,378948.0,Del0.8,0.12
X-3239,RBMY1B,378948.0,Del0.8,0.12
X-3239,RBMY1E,378950.0,Del0.8,0.12
X-3239,RBMY1E,378950.0,Del0.8,0.12
X-3239,RBMY1F,159163.0,Del0.8,0.12
X-3239,RBMY1F,159163.0,Del0.8,0.12
X-3239,RBMY1J,378951.0,Del0.8,0.12
X-3239,RBMY1J,378951.0,Del0.8,0.12
X-3239,RBMY2EP,159125.0,Del0.8,0.12
X-3239,RBMY2FP,159162.0,Del0.8,0.12
X-3239,RBMY3AP,64593.0,Del0.8,0.12
X-3239,RBPJL,11317.0,Amp5,5.1
X-3239,RDH10,157506.0,Amp5,5.17
X-3239,REM1,28954.0,Amp5,5.28
X-3239,REREP3,646396.0,Del0.8,0.59
X-3239,REXO1L1,254958.0,Amp5,5.28
X-3239,REXO1L2P,100288527.0,Amp5,5.28
X-3239,REXO1L2P,100288527.0,Amp5,5.28
X-3239,RGS19,10287.0,Amp5,5.13
X-3239,RGS20,8601.0,Amp5,5.03
X-3239,RHOXF1,158800.0,Del0.8,0.52
X-3239,RICTOR,253260.0,MutNovel,"D1006N,0.479"
X-3239,RIMS4,140730.0,Amp5,5.1
X-3239,RIPK2,8767.0,Amp5,5.1
X-3239,RNF114,55905.0,Amp5,5.1
X-3239,RNF152,220441.0,Del0.8,0.73
X-3239,RNF19B,127544.0,MutNovel,"Q62P,1.000"
X-3239,ROMO1,140823.0,Amp5,5.06
X-3239,RP1,6101.0,Amp5,5.03
X-3239,RPL7,6129.0,Amp5,5.17
X-3239,RPN2,6185.0,Amp5,5.06
X-3239,RPRD1B,58490.0,Amp5,5.06
X-3239,RPS20,6224.0,Amp5,5.03
X-3239,RPS21,6227.0,Amp5,5.13
X-3239,RPS4Y1,6192.0,Del0.8,0.23
X-3239,RPS4Y2,140032.0,Del0.8,0.12
X-3239,RRN3,54700.0,MutNovel,"L452P,0.471"
X-3239,RRS1,23212.0,Amp5,5.06
X-3239,RSPH10B2,728194.0,MutNovel,"Y548C,0.467"
X-3239,RSPO2,340419.0,Amp5,5.21
X-3239,RTEL1,51750.0,Amp5,5.13
X-3239,RTEL1-TNFRSF6B,100533107.0,Amp5,5.13
X-3239,RUNX1T1,862.0,Amp5,5.1
X-3239,SALL4,57167.0,Amp5,5.1
X-3239,SAMD10,140700.0,Amp5,5.13
X-3239,SAMD12,401474.0,Amp5,5.06
X-3239,SAMD12-AS1,552860.0,Amp5,5.06
X-3239,SAMHD1,25939.0,Amp5,5.06
X-3239,SBF1P1,100133234.0,Amp5,5.03
X-3239,SCAND1,51282.0,Amp5,5.06
X-3239,SCARF2,91179.0,MutNovel,"D777E,1.000"
X-3239,SDCBP,6386.0,Amp5,5.03
X-3239,SDR16C5,195814.0,Amp5,5.03
X-3239,SEMG1,6406.0,Amp5,5.1
X-3239,SEMG2,6407.0,Amp5,5.1
X-3239,SERINC2,347735.0,MutNovel,"-373Q,1.000"
X-3239,SERINC3,10955.0,Amp5,5.1
X-3239,SF1,7536.0,MutNovel,"R627H,0.534"
X-3239,SGK2,10110.0,Amp5,5.13
X-3239,SGK3,23678.0,Amp5,5.06
X-3239,SLA2,84174.0,Amp5,5.06
X-3239,SLC10A5,347051.0,Amp5,5.17
X-3239,SLC17A9,63910.0,Amp5,5.13
X-3239,SLC26A7,115111.0,Amp5,5.1
X-3239,SLC28A2,9153.0,MutKnownFunctional,"-129?,0.430"
X-3239,SLC2A13,114134.0,MutNovel,"S6N,0.833"
X-3239,SLC2A4RG,56731.0,Amp5,5.13
X-3239,SLC30A8,169026.0,Amp5,5.06
X-3239,SLC32A1,140679.0,Amp5,5.06
X-3239,SLC7A13,157724.0,Amp5,5.28
X-3239,SLC9A8,23315.0,Amp5,5.1
X-3239,SLCO4A1,28231.0,Amp5,5.13
X-3239,SLCO5A1,81796.0,Amp5,5.06
X-3239,SLITRK6,84189.0,MutNovel,"P66H,0.750"
X-3239,SLMO2,51012.0,Amp5,5.13
X-3239,SLMO2-ATP5E,100533975.0,Amp5,5.13
X-3239,SLPI,6590.0,Amp5,5.1
X-3239,SLX4,84464.0,MutNovel,"E179D,0.439"
X-3239,SMAD4,4089.0,Del0.8,0.78
X-3239,SNAI1,6615.0,Amp5,5.1
X-3239,SNAI2,6591.0,Amp5,5.17
X-3239,SNHG11,128439.0,Amp5,5.06
X-3239,SNHG6,641638.0,Amp5,5.06
X-3239,SNORA39,677821.0,Amp5,5.06
X-3239,SNORA71A,26777.0,Amp5,5.06
X-3239,SNORA71B,26776.0,Amp5,5.06
X-3239,SNORA71C,677839.0,Amp5,5.06
X-3239,SNORA71D,677840.0,Amp5,5.06
X-3239,SNORD54,26795.0,Amp5,5.03
X-3239,SNORD87,641648.0,Amp5,5.06
X-3239,SNTA1,6640.0,Amp5,5.06
X-3239,SNTB1,6641.0,Amp5,5.21
X-3239,SNX16,64089.0,Amp5,5.17
X-3239,SOX17,64321.0,MutNovel,"-317HQ,0.498"
X-3239,SOX17,64321.0,Amp5,5.03
X-3239,SOX18,54345.0,Amp5,5.13
X-3239,SPAG4,6676.0,Amp5,5.06
X-3239,SPATA2,9825.0,Amp5,5.1
X-3239,SPO11,23626.0,Amp5,5.03
X-3239,SPRY3,10251.0,MutKnownFunctional,"-2904,1.000"
X-3239,SRC,6714.0,Amp5,5.06
X-3239,SRMS,6725.0,Amp5,5.13
X-3239,SRSF6,6431.0,Amp5,5.13
X-3239,SRY,6736.0,Del0.8,0.23
X-3239,SS18L1,26039.0,Amp5,5.13
X-3239,SSTR4,6754.0,Amp5,5.17
X-3239,ST18,9705.0,Amp5,5.03
X-3239,STAU2,27067.0,Amp5,5.17
X-3239,STK4,6789.0,Amp5,5.1
X-3239,STMN2,11075.0,Amp5,5.03
X-3239,STMN3,50861.0,Amp5,5.13
X-3239,STX16,8675.0,Amp5,5.13
X-3239,STX2,2054.0,MutNovel,"D15V,0.561"
X-3239,SULF1,23213.0,Amp5,5.06
X-3239,SUMO1P1,391257.0,Amp5,5.1
X-3239,SUN5,140732.0,Amp5,5.06
X-3239,SYBU,55638.0,Amp5,5.21
X-3239,SYCP2,10388.0,Amp5,5.13
X-3239,SYNDIG1,79953.0,Amp5,5.17
X-3239,SYT17,51760.0,MutNovel,"R442H,0.493"
X-3239,TAF2,6873.0,Amp5,5.21
X-3239,TAF4,6874.0,Amp5,5.13
X-3239,TAF7L,54457.0,MutNovel,"EDE349E,1.000"
X-3239,TAG,404663.0,Del0.8,0.75
X-3239,TBC1D3B,414059.0,MutNovel,"P406L,1.000"
X-3239,TBC1D3F,,MutNovel,"R137K,1.000"
X-3239,TBL1Y,90665.0,Del0.8,0.12
X-3239,TBP,6908.0,MutNovel,"-64Q,1.000"
X-3239,TBP,6908.0,MutNovel,"Q72-,0.648"
X-3239,TCEA1,6917.0,Amp5,5.03
X-3239,TCEA2,6919.0,Amp5,5.13
X-3239,TCEB1,6921.0,Amp5,5.17
X-3239,TCERG1,10915.0,MutNovel,"QAQA210-,0.246"
X-3239,TCF24,100129654.0,Amp5,5.06
X-3239,TCFL5,10732.0,Amp5,5.13
X-3239,TERF1,7013.0,Amp5,5.17
X-3239,TFAP2C,7022.0,Amp5,5.03
X-3239,TGIF2,60436.0,Amp5,5.06
X-3239,TGIF2-C20ORF24,100527943.0,Amp5,5.06
X-3239,TGIF2LY,90655.0,Del0.8,0.23
X-3239,TGM2,7052.0,Amp5,5.06
X-3239,TGM6,343641.0,Del0.8,0.8
X-3239,TGS1,96764.0,Amp5,5.03
X-3239,TH1L,51497.0,Amp5,5.13
X-3239,THBD,7056.0,Amp5,5.17
X-3239,THOC1,9984.0,Del0.8,0.66
X-3239,TM9SF4,9777.0,Amp5,5.06
X-3239,TMBIM4,51643.0,MutKnownFunctional,"-174?,0.875"
X-3239,TMEM11,8834.0,Amp8,8.46
X-3239,TMEM133,83935.0,MutNovel,"K124N,0.542"
X-3239,TMEM189,387521.0,Amp5,5.1
X-3239,TMEM189-UBE2V1,387522.0,Amp5,5.1
X-3239,TMEM55A,55529.0,Amp5,5.1
X-3239,TMEM64,169200.0,Amp5,5.1
X-3239,TMEM67,91147.0,Amp5,5.1
X-3239,TMEM68,137695.0,Amp5,5.03
X-3239,TMEM70,54968.0,Amp5,5.17
X-3239,TMEM74,157753.0,Amp5,5.21
X-3239,TMSB4Y,9087.0,Del0.8,0.12
X-3239,TNFRSF11B,4982.0,Amp5,5.06
X-3239,TNFRSF6B,8771.0,Amp5,5.13
X-3239,TOMM34,10953.0,Amp5,5.1
X-3239,TOP1,7150.0,Amp5,5.06
X-3239,TOX,9760.0,Amp5,5.03
X-3239,TOX2,84969.0,Amp5,5.13
X-3239,TP53,7157.0,MutKnownFunctional,"R248W,0.992"
X-3239,TP53INP2,58476.0,Amp5,5.06
X-3239,TPD52,7163.0,Amp5,5.03
X-3239,TPD52L2,7165.0,Amp5,5.13
X-3239,TPX2,22974.0,Amp5,5.28
X-3239,TRAM1,23471.0,Amp5,5.06
X-3239,TRHR,7201.0,Amp5,5.21
X-3239,TRIM55,84675.0,Amp5,5.06
X-3239,TRPA1,8989.0,Amp5,5.03
X-3239,TRPC4AP,26133.0,Amp5,5.06
X-3239,TRPS1,7227.0,Amp5,5.06
X-3239,TSHZ2,128553.0,Amp5,5.1
X-3239,TSPY1,7258.0,Del0.8,0.12
X-3239,TSPY2,64591.0,Del0.8,0.12
X-3239,TSPY26P,128854.0,Amp5,5.06
X-3239,TSPY3,728137.0,Del0.8,0.12
X-3239,TSPY4,728395.0,Del0.8,0.12
X-3239,TSPY8,728403.0,Del0.8,0.12
X-3239,TTI1,9675.0,Amp5,5.06
X-3239,TTK,7272.0,MutNovel,"A787G,0.486"
X-3239,TTLL9,164395.0,Amp5,5.28
X-3239,TTN,7273.0,MutNovel,"E8005Q,1.000"
X-3239,TTPA,7274.0,Amp5,5.03
X-3239,TTPAL,79183.0,Amp5,5.1
X-3239,TTTY10,246119.0,Del0.8,0.12
X-3239,TTTY11,83866.0,Del0.8,0.12
X-3239,TTTY12,83867.0,Del0.8,0.12
X-3239,TTTY13,83868.0,Del0.8,0.12
X-3239,TTTY14,83869.0,Del0.8,0.12
X-3239,TTTY15,64595.0,Del0.8,0.12
X-3239,TTTY16,252948.0,Del0.8,0.12
X-3239,TTTY17A,252949.0,Del0.8,0.12
X-3239,TTTY17A,252949.0,Del0.8,0.12
X-3239,TTTY18,252950.0,Del0.8,0.12
X-3239,TTTY19,252952.0,Del0.8,0.12
X-3239,TTTY1B,100101116.0,Del0.8,0.12
X-3239,TTTY1B,100101116.0,Del0.8,0.12
X-3239,TTTY2,60439.0,Del0.8,0.12
X-3239,TTTY2,60439.0,Del0.8,0.12
X-3239,TTTY20,252951.0,Del0.8,0.12
X-3239,TTTY21,252953.0,Del0.8,0.12
X-3239,TTTY21,252953.0,Del0.8,0.12
X-3239,TTTY22,252954.0,Del0.8,0.12
X-3239,TTTY23,252955.0,Del0.8,0.12
X-3239,TTTY23,252955.0,Del0.8,0.12
X-3239,TTTY3,114760.0,Del0.8,0.12
X-3239,TTTY3,114760.0,Del0.8,0.12
X-3239,TTTY4,114761.0,Del0.8,0.12
X-3239,TTTY4,114761.0,Del0.8,0.12
X-3239,TTTY5,83863.0,Del0.8,0.12
X-3239,TTTY6,84672.0,Del0.8,0.12
X-3239,TTTY6,84672.0,Del0.8,0.12
X-3239,TTTY7,246122.0,Del0.8,0.12
X-3239,TTTY7,246122.0,Del0.8,0.12
X-3239,TTTY7B,100101120.0,Del0.8,0.12
X-3239,TTTY7B,100101120.0,Del0.8,0.12
X-3239,TTTY8,84673.0,Del0.8,0.12
X-3239,TTTY8,84673.0,Del0.8,0.12
X-3239,TTTY9A,83864.0,Del0.8,0.12
X-3239,TTTY9A,83864.0,Del0.8,0.12
X-3239,TUBB1,81027.0,Amp5,5.13
X-3239,TXLNG2P,246126.0,Del0.8,0.12
X-3239,TXNDC5,81567.0,MutNovel,"-47R,0.506"
X-3239,UBB,7314.0,Del0.8,0.53
X-3239,UBE2V1,7335.0,Amp5,5.1
X-3239,UBE2V2,7336.0,Amp5,5.17
X-3239,UBE2W,55284.0,Amp5,5.17
X-3239,UBXN2B,137886.0,Amp5,5.03
X-3239,UCKL1,54963.0,Amp5,5.13
X-3239,UCKL1-AS1,100113386.0,Amp5,5.13
X-3239,UG0898H09,643763.0,Amp5,5.03
X-3239,UGT2B10,7365.0,MutNovel,"R250G,1.000"
X-3239,UQCC,55245.0,Amp5,5.06
X-3239,UQCRHL,440567.0,MutKnownFunctional,"-87,0.353"
X-3239,URI1,8725.0,MutNovel,"D299G,0.447"
X-3239,USP22,23326.0,Amp8,8.46
X-3239,USP9Y,8287.0,Del0.8,0.12
X-3239,UTP23,84294.0,Amp5,5.06
X-3239,UTY,7404.0,Del0.8,0.12
X-3239,VAPB,9217.0,Amp5,5.13
X-3239,VCPIP1,80124.0,Amp5,5.06
X-3239,VCX,26609.0,MutNovel,"M180V,1.000"
X-3239,VCX3B,425054.0,MutNovel,"V180L,0.500"
X-3239,VCY,9084.0,Del0.8,0.12
X-3239,VCY,9084.0,Del0.8,0.12
X-3239,VSTM2L,128434.0,Amp5,5.06
X-3239,VSX1,30813.0,Amp5,5.17
X-3239,WDR67,93594.0,Amp5,5.06
X-3239,WDR7,23335.0,Del0.8,0.77
X-3239,WDYHV1,55093.0,Amp5,5.06
X-3239,WFDC12,128488.0,Amp5,5.1
X-3239,WFDC5,149708.0,Amp5,5.1
X-3239,WISP2,8839.0,Amp5,5.1
X-3239,WWP1,11059.0,Amp5,5.21
X-3239,XAGE3,170626.0,MutNovel,"A47T,1.000"
X-3239,XKR4,114786.0,Amp5,5.03
X-3239,XKR9,389668.0,Amp5,5.06
X-3239,XKRY2,353515.0,Del0.8,0.12
X-3239,XKRY2,353515.0,Del0.8,0.12
X-3239,YTHDF1,54915.0,Amp5,5.13
X-3239,YTHDF3,253943.0,Amp5,5.03
X-3239,YWHAB,7529.0,Amp5,5.1
X-3239,ZBP1,81030.0,Amp5,5.03
X-3239,ZBTB10,65986.0,Amp5,5.03
X-3239,ZBTB46,140685.0,Amp5,5.13
X-3239,ZFAND1,79752.0,Amp5,5.17
X-3239,ZFAT,57623.0,Amp5,5.13
X-3239,ZFAT-AS1,594840.0,Amp5,5.13
X-3239,ZFHX4,79776.0,Amp5,5.17
X-3239,ZFP64,55734.0,Amp5,5.1
X-3239,ZFPM2,23414.0,Amp5,5.21
X-3239,ZFY,7544.0,Del0.8,0.23
X-3239,ZGPAT,84619.0,Amp5,5.13
X-3239,ZHX1,11244.0,Amp5,5.06
X-3239,ZHX1-C8ORF76,100533106.0,Amp5,5.06
X-3239,ZHX2,22882.0,Amp5,5.21
X-3239,ZHX3,23051.0,Amp5,5.06
X-3239,ZIC5,85416.0,MutNovel,"PP420P,0.286"
X-3239,ZNF154,7710.0,MutNovel,"F23L,0.571"
X-3239,ZNF208,7757.0,MutNovel,"K342R,1.000"
X-3239,ZNF217,7764.0,Amp5,5.1
X-3239,ZNF337,26152.0,Amp5,5.17
X-3239,ZNF341,84905.0,Amp5,5.06
X-3239,ZNF384,171017.0,MutNovel,"QQ514Q,1.000"
X-3239,ZNF512B,57473.0,Amp5,5.13
X-3239,ZNF705A,440077.0,MutNovel,"M36T,0.429"
X-3239,ZNF728,,MutNovel,"K431I,1.000"
X-3239,ZNF831,128611.0,Amp5,5.13
X-3267,ACR,49.0,MutNovel,"G217E,1.000"
X-3267,ACR,49.0,MutNovel,"G217E,1.000"
X-3267,ADAL,161823.0,MutNovel,"L275I,1.000"
X-3267,ADIPOR2,79602.0,Amp8,13.18
X-3267,AGAP6,414189.0,MutNovel,"S12R,0.291"
X-3267,AGAP6,414189.0,MutNovel,"V526I,0.431"
X-3267,AGAP7,653268.0,MutNovel,"L498V,1.000"
X-3267,AGAP8,728404.0,MutNovel,"P84S,0.429"
X-3267,AKAP3,10566.0,Amp8,13.74
X-3267,AMBRA1,55626.0,MutNovel,"P694L,1.000"
X-3267,AMELY,266.0,Del0.8,0.3
X-3267,ANKMY1,51281.0,MutNovel,"T417A,0.500"
X-3267,ANO2,57101.0,Amp5,5.74
X-3267,ARHGEF10L,55160.0,MutNovel,"R551C,0.526"
X-3267,ARHGEF35,445328.0,MutKnownFunctional,"-425?,0.308"
X-3267,ATM,472.0,MutNovel,"G2777S,0.800"
X-3267,B4GALNT3,283358.0,Amp8,16.8
X-3267,BBC3,27113.0,MutNovel,"P213L,0.475"
X-3267,BCORP1,286554.0,Del0.8,0.3
X-3267,BPY2B,442867.0,Del0.8,0.3
X-3267,BPY2B,442867.0,Del0.8,0.3
X-3267,BTD,686.0,MutNovel,"A4S,0.273"
X-3267,BTNL3,10917.0,MutNovel,"H311G,0.271"
X-3267,C12orf32,83695.0,Amp8,13.18
X-3267,C12orf35,55196.0,MutNovel,"V1346G,0.481"
X-3267,C12orf4,57102.0,Amp8,13.74
X-3267,C12orf5,57103.0,Amp8,13.18
X-3267,C1QTNF1,114897.0,MutNovel,"A53D,1.000"
X-3267,C1orf112,55732.0,MutNovel,"I534T,0.308"
X-3267,C2orf74,339804.0,MutNovel,"G42V,0.375"
X-3267,C9orf142,286257.0,MutNovel,"G14D,0.670"
X-3267,CACNA1C,775.0,Amp8,13.18
X-3267,CACNA2D4,93589.0,Amp8,13.18
X-3267,CCDC144B,284047.0,Del0.8,0.62
X-3267,CCDC66,285331.0,MutNovel,"S606SP,0.250"
X-3267,CCDC77,84318.0,Amp8,19.43
X-3267,CCND2,894.0,Amp8,13.18
X-3267,CD3EAP,10849.0,MutNovel,"D394G,0.611"
X-3267,CDC42EP1,11135.0,MutNovel,"PAPAANPS253P,1.000"
X-3267,CDK11B,984.0,MutNovel,"D555E,0.262"
X-3267,CDKN2D,1032.0,MutNovel,"E23Q,0.250"
X-3267,CDRT15,146822.0,MutNovel,"R149G,1.000"
X-3267,CDY1B,253175.0,Del0.8,0.3
X-3267,CDY1B,253175.0,Del0.8,0.3
X-3267,CDY2A,9426.0,Del0.8,0.3
X-3267,CDY2A,9426.0,Del0.8,0.3
X-3267,CDY2B,203611.0,Del0.8,0.3
X-3267,CDY2B,203611.0,Del0.8,0.3
X-3267,CHERP,10523.0,MutNovel,"QQQQ333Q,0.500"
X-3267,CRIPAK,285464.0,MutNovel,"R367H,0.497"
X-3267,CSPG4P1Y,114758.0,Del0.8,0.3
X-3267,CSPG4P1Y,114758.0,Del0.8,0.3
X-3267,CTNND1,1500.0,MutNovel,"R545C,0.804"
X-3267,CYP3A4,1576.0,MutNovel,"S437T,0.333"
X-3267,CYP4F3,4051.0,MutNovel,"G470W,0.585"
X-3267,DAZ1,1617.0,Del0.8,0.3
X-3267,DAZ2,57055.0,Del0.8,0.3
X-3267,DAZ3,57054.0,Del0.8,0.3
X-3267,DAZ3,57054.0,Del0.8,0.3
X-3267,DAZ4,57135.0,Del0.8,0.3
X-3267,DAZ4,57135.0,Del0.8,0.3
X-3267,DCP1B,196513.0,Amp8,13.18
X-3267,DDX3Y,8653.0,Del0.8,0.3
X-3267,DFNB31,25861.0,MutNovel,"A694V,0.600"
X-3267,DNHD1,144132.0,MutNovel,"Y852H,0.429"
X-3267,DNLZ,728489.0,MutNovel,"T4A,0.217"
X-3267,DNMBP,23268.0,MutNovel,"E775K,0.385"
X-3267,DRD4,1815.0,MutNovel,"R252G,0.308"
X-3267,DUS1L,64118.0,MutNovel,"E348-,0.805"
X-3267,DYRK4,8798.0,Amp8,13.74
X-3267,EFCAB11,90141.0,MutNovel,"S4F,0.594"
X-3267,EFCAB4B,84766.0,Amp8,13.18
X-3267,EIF1AY,9086.0,Del0.8,0.3
X-3267,ELL,8178.0,MutNovel,"P386L,0.500"
X-3267,EPCAM,4072.0,MutNovel,"M115T,0.997"
X-3267,ERC1,23085.0,Amp8,17.88
X-3267,FAM106A,80039.0,Del0.8,0.33
X-3267,FAM197Y2P,252946.0,Del0.8,0.3
X-3267,FAM22A,728118.0,MutNovel,"L563Q,1.000"
X-3267,FAM35A,54537.0,MutNovel,"F343L,0.556"
X-3267,FAM41AY1,340618.0,Del0.8,0.3
X-3267,FAM41AY1,340618.0,Del0.8,0.3
X-3267,FAM86B1,85002.0,MutNovel,"V246M,0.750"
X-3267,FAM86B2,653333.0,Del0.8,0.77
X-3267,FARP2,9855.0,MutNovel,"S615C,0.783"
X-3267,FBXL14,144699.0,Amp8,17.88
X-3267,FCGBP,8857.0,MutNovel,"A3192M,0.316"
X-3267,FGF23,8074.0,Amp8,13.18
X-3267,FGF6,2251.0,Amp5,5.24
X-3267,FKBP4,2288.0,Amp8,13.18
X-3267,FOXM1,2305.0,Amp8,13.18
X-3267,GALNT8,26290.0,Amp8,13.74
X-3267,GJC2,57165.0,MutNovel,"G149S,0.583"
X-3267,GOLGA2P2Y,84559.0,Del0.8,0.3
X-3267,GOLGA2P2Y,84559.0,Del0.8,0.3
X-3267,GPR12,2835.0,Amp5,5.39
X-3267,GPRIN2,9721.0,MutNovel,"-238MRE,0.500"
X-3267,GUSB,2990.0,MutNovel,"E540G,0.527"
X-3267,GYG2P1,352887.0,Del0.8,0.3
X-3267,HDDC3,374659.0,MutNovel,"P27L,0.385"
X-3267,HSFY2,159119.0,Del0.8,0.3
X-3267,HSFY2,159119.0,Del0.8,0.3
X-3267,IDH1,3417.0,MutNovel,"V71I,0.439"
X-3267,IDNK,,MutKnownFunctional,"-174,0.780"
X-3267,IGSF8,93185.0,MutNovel,"R223P,0.489"
X-3267,INTS5,80789.0,MutNovel,"E807Q,1.000"
X-3267,IQSEC3,440073.0,Amp8,14.12
X-3267,ITFG2,55846.0,Amp8,13.18
X-3267,ITGA6,3655.0,MutNovel,"V1033L,0.465"
X-3267,ITLN2,142683.0,MutNovel,"G279S,1.000"
X-3267,KCNA1,3736.0,Amp8,13.74
X-3267,KCNA5,3741.0,Amp8,13.74
X-3267,KCNA6,3742.0,Amp8,13.74
X-3267,KDM2B,84678.0,MutNovel,"K932-,0.400"
X-3267,KDM5A,5927.0,Amp8,16.56
X-3267,KDM5D,8284.0,Del0.8,0.3
X-3267,KIAA0125,9834.0,Amp5,7.01
X-3267,KLF5,688.0,MutNovel,"P301T,0.480"
X-3267,KLHL25,64410.0,MutNovel,"V354L,0.750"
X-3267,KRAS,3845.0,MutKnownFunctional,"G12C,0.308"
X-3267,KRTAP9-3,83900.0,Del0.8,0.64
X-3267,KRTAP9-4,85280.0,Del0.8,0.64
X-3267,KRTAP9-8,83901.0,Del0.8,0.64
X-3267,LAMB1,3912.0,MutNovel,"R795Q,0.565"
X-3267,LCN1,3933.0,MutNovel,"F46L,1.000"
X-3267,LCN1,3933.0,MutNovel,"A154V,0.700"
X-3267,LGALS9C,654346.0,Del0.8,0.33
X-3267,LOC100271702,100271702.0,Amp8,13.18
X-3267,LOC100289561,100289561.0,MutNovel,"P7S,0.380"
X-3267,LOC100292680,100292680.0,Amp8,17.88
X-3267,LOC100507424,100507424.0,Amp8,13.18
X-3267,LOC100507607,,MutNovel,"E496D,0.889"
X-3267,LOC100996439,,MutNovel,"E400Q,1.000"
X-3267,LOC100996439,,MutNovel,"R403W,1.000"
X-3267,LOC100996473,,MutKnownFunctional,"Q219*,0.217"
X-3267,LOC283440,283440.0,Amp8,13.18
X-3267,LOC574538,574538.0,Amp8,14.12
X-3267,LOC728734,,MutNovel,"E379D,1.000"
X-3267,LOC728734,,MutNovel,"E423D,1.000"
X-3267,LOC728888,,MutNovel,"R1061Q,0.278"
X-3267,LRGUK,136332.0,MutNovel,"T706A,0.583"
X-3267,LRRC26,389816.0,MutNovel,"P308T,0.625"
X-3267,LRRC39,127495.0,MutNovel,"EE295E,0.607"
X-3267,LRTM2,654429.0,Amp8,13.18
X-3267,LSR,51599.0,MutNovel,"G518GR,0.808"
X-3267,MAP3K6,9064.0,MutNovel,"R500C,0.611"
X-3267,MBIP,51562.0,MutNovel,"V305I,0.421"
X-3267,MEX3C,51320.0,Del0.8,0.35
X-3267,MICA,100507436.0,MutKnownFunctional,"-298,0.258"
X-3267,MICALL2,79778.0,MutNovel,"R326C,0.544"
X-3267,MIR3649,100500816.0,Amp8,17.88
X-3267,MKLN1,4289.0,MutNovel,"V700M,0.426"
X-3267,MMADHC,27249.0,MutNovel,"R250L,0.461"
X-3267,MNS1,55329.0,MutNovel,"R388Q,1.000"
X-3267,MOK,5891.0,MutNovel,"S315N,0.548"
X-3267,MPRIP,23164.0,MutNovel,"TS178T,0.553"
X-3267,MRPS5,64969.0,MutNovel,"A385V,0.531"
X-3267,MUC20,200958.0,MutNovel,"P266S,0.388"
X-3267,MUC4,4585.0,MutNovel,"P3474H,0.214"
X-3267,MUC4,4585.0,MutNovel,"P3442A,1.000"
X-3267,MUC4,4585.0,MutNovel,"V2563D,0.444"
X-3267,MUC4,4585.0,MutNovel,"P2386L,0.500"
X-3267,MUC4,4585.0,MutNovel,"SS2373RP,1.000"
X-3267,MUC4,4585.0,MutNovel,"Q1165H,1.000"
X-3267,MUC4,4585.0,MutNovel,"T113A,1.000"
X-3267,MXRA8,54587.0,MutNovel,"R71H,0.431"
X-3267,NACA2,342538.0,MutNovel,"V215M,1.000"
X-3267,NBPF14,25832.0,MutNovel,"K115E,1.000"
X-3267,NCOR2,9612.0,MutNovel,"G1839GAAA,0.417"
X-3267,NCRNA00185,55410.0,Del0.8,0.3
X-3267,NDUFA9,4704.0,Amp8,13.74
X-3267,NDUFB10,4716.0,MutNovel,"Y56-,0.502"
X-3267,NINJ2,4815.0,Amp5,7.73
X-3267,NLGN4Y,22829.0,Del0.8,0.3
X-3267,NPIPL3,23117.0,MutNovel,"P845L,0.806"
X-3267,NPIPL3,23117.0,MutNovel,"L793I,0.261"
X-3267,NPIPL3,23117.0,MutNovel,"L536Q,1.000"
X-3267,NPIPL3,23117.0,MutNovel,"P437T,0.500"
X-3267,NR1H2,7376.0,MutNovel,"-173Q,0.379"
X-3267,NR1H2,7376.0,MutNovel,"S432C,0.544"
X-3267,NRIP2,83714.0,Amp8,13.18
X-3267,NTF3,4908.0,Amp5,5.74
X-3267,OR2T10,127069.0,Del0.8,0.66
X-3267,OR2T11,127077.0,Del0.8,0.66
X-3267,OSBPL5,114879.0,MutNovel,"R708Q,0.605"
X-3267,PARP11,57097.0,Amp8,13.18
X-3267,PCDH11Y,83259.0,Del0.8,0.3
X-3267,PCDHB15,56121.0,MutNovel,"V709M,0.417"
X-3267,PCSK4,54760.0,MutNovel,"E241K,0.824"
X-3267,PELI1,57162.0,MutNovel,"D301V,0.415"
X-3267,PHLDA1,22822.0,MutNovel,"QQ194Q,0.312"
X-3267,PIK3C2B,5287.0,MutNovel,"D870E,0.250"
X-3267,PLK1,5347.0,MutKnownFunctional,"S439*,0.498"
X-3267,POU6F1,5463.0,MutNovel,"Q41R,0.455"
X-3267,PPP1R35,221908.0,MutNovel,"R249T,0.498"
X-3267,PRKY,5616.0,Del0.8,0.3
X-3267,PRMT8,56341.0,Amp8,13.18
X-3267,PRRC2A,7916.0,MutNovel,"VG792V,0.429"
X-3267,PRY,9081.0,Del0.8,0.3
X-3267,PRY,9081.0,Del0.8,0.3
X-3267,PRY2,442862.0,Del0.8,0.3
X-3267,PRY2,442862.0,Del0.8,0.3
X-3267,PTOV1,53635.0,MutNovel,"A39G,0.450"
X-3267,PTPRD,5789.0,MutNovel,"S1408N,0.556"
X-3267,RAD51AP1,10635.0,Amp8,13.74
X-3267,RAD52,5893.0,Amp8,17.88
X-3267,RASL11A,387496.0,Amp5,5.39
X-3267,RBM10,8241.0,MutNovel,"S6P,1.000"
X-3267,RBMY1A3P,286557.0,Del0.8,0.3
X-3267,RBMY1B,378948.0,Del0.8,0.3
X-3267,RBMY1B,378948.0,Del0.8,0.3
X-3267,RBMY1E,378950.0,Del0.8,0.3
X-3267,RBMY1E,378950.0,Del0.8,0.3
X-3267,RBMY1F,159163.0,Del0.8,0.3
X-3267,RBMY1F,159163.0,Del0.8,0.3
X-3267,RBMY1J,378951.0,Del0.8,0.3
X-3267,RBMY1J,378951.0,Del0.8,0.3
X-3267,RBMY2EP,159125.0,Del0.8,0.3
X-3267,RBMY2FP,159162.0,Del0.8,0.3
X-3267,RBMY3AP,64593.0,Del0.8,0.3
X-3267,RFX1,5989.0,MutNovel,"Y612F,0.512"
X-3267,RNF216,54476.0,MutNovel,"S788C,0.263"
X-3267,RPL21,6144.0,Amp5,5.39
X-3267,RPS17,6218.0,MutNovel,"S43R,1.000"
X-3267,RPS4Y1,6192.0,Del0.8,0.3
X-3267,RPS4Y2,140032.0,Del0.8,0.3
X-3267,RSF1,51773.0,MutNovel,"N269D,1.000"
X-3267,RWDD3,25950.0,MutKnownFunctional,"-153,0.538"
X-3267,SERHL2,253190.0,MutNovel,"M309T,0.625"
X-3267,SERINC2,347735.0,MutNovel,"-373Q,0.793"
X-3267,SLC6A12,6539.0,Amp8,14.12
X-3267,SLC6A13,6540.0,Amp8,14.12
X-3267,SMAD4,4089.0,Del0.8,0.45
X-3267,SMG1,23049.0,MutNovel,"S1358P,0.375"
X-3267,SNAPC4,6621.0,MutNovel,"S542-,0.300"
X-3267,SNORA27,619499.0,Amp5,5.39
X-3267,SNORD102,26771.0,Amp5,5.39
X-3267,SNX3,8724.0,MutNovel,"E138K,0.471"
X-3267,SPAG1,6674.0,MutNovel,"I897T,0.518"
X-3267,SPEN,23013.0,MutNovel,"L1091A,0.600"
X-3267,SPIN2B,474343.0,MutKnownFunctional,"E199*,1.000"
X-3267,SRY,6736.0,Del0.8,0.3
X-3267,STIL,6491.0,MutNovel,"L455V,0.500"
X-3267,SUCLG2,8801.0,MutNovel,"E209D,0.304"
X-3267,SYCE1L,100130958.0,MutNovel,"L8V,0.379"
X-3267,TBL1Y,90665.0,Del0.8,0.3
X-3267,TCP10L2,401285.0,MutNovel,"E277D,1.000"
X-3267,TDRD5,163589.0,MutNovel,"D468H,1.000"
X-3267,TEAD4,7004.0,Amp8,13.18
X-3267,TGFBR2,7048.0,MutNovel,"E150G,0.500"
X-3267,TGIF2LY,90655.0,Del0.8,0.3
X-3267,TGM1,7051.0,MutNovel,"D406N,0.286"
X-3267,TMEM133,83935.0,MutNovel,"P33L,0.364"
X-3267,TMEM184A,202915.0,MutNovel,"G392GA,0.699"
X-3267,TMSB4Y,9087.0,Del0.8,0.3
X-3267,TP53,7157.0,MutNovel,"V147G,1.000"
X-3267,TRIO,7204.0,MutNovel,"F1942V,0.750"
X-3267,TSPAN9,10867.0,Amp8,13.18
X-3267,TSPY1,7258.0,Del0.8,0.3
X-3267,TSPY2,64591.0,Del0.8,0.3
X-3267,TSPY3,728137.0,Del0.8,0.3
X-3267,TSPY4,728395.0,Del0.8,0.3
X-3267,TSPY8,728403.0,Del0.8,0.3
X-3267,TTLL10,254173.0,MutNovel,"R610C,0.600"
X-3267,TTTY10,246119.0,Del0.8,0.3
X-3267,TTTY11,83866.0,Del0.8,0.3
X-3267,TTTY12,83867.0,Del0.8,0.3
X-3267,TTTY13,83868.0,Del0.8,0.3
X-3267,TTTY14,83869.0,Del0.8,0.3
X-3267,TTTY15,64595.0,Del0.8,0.3
X-3267,TTTY16,252948.0,Del0.8,0.3
X-3267,TTTY17A,252949.0,Del0.8,0.3
X-3267,TTTY17A,252949.0,Del0.8,0.3
X-3267,TTTY18,252950.0,Del0.8,0.3
X-3267,TTTY19,252952.0,Del0.8,0.3
X-3267,TTTY1B,100101116.0,Del0.8,0.3
X-3267,TTTY1B,100101116.0,Del0.8,0.3
X-3267,TTTY2,60439.0,Del0.8,0.3
X-3267,TTTY2,60439.0,Del0.8,0.3
X-3267,TTTY20,252951.0,Del0.8,0.3
X-3267,TTTY21,252953.0,Del0.8,0.3
X-3267,TTTY21,252953.0,Del0.8,0.3
X-3267,TTTY22,252954.0,Del0.8,0.3
X-3267,TTTY23,252955.0,Del0.8,0.3
X-3267,TTTY23,252955.0,Del0.8,0.3
X-3267,TTTY3,114760.0,Del0.8,0.3
X-3267,TTTY3,114760.0,Del0.8,0.3
X-3267,TTTY4,114761.0,Del0.8,0.3
X-3267,TTTY4,114761.0,Del0.8,0.3
X-3267,TTTY5,83863.0,Del0.8,0.3
X-3267,TTTY6,84672.0,Del0.8,0.3
X-3267,TTTY6,84672.0,Del0.8,0.3
X-3267,TTTY7,246122.0,Del0.8,0.3
X-3267,TTTY7,246122.0,Del0.8,0.3
X-3267,TTTY7B,100101120.0,Del0.8,0.3
X-3267,TTTY7B,100101120.0,Del0.8,0.3
X-3267,TTTY8,84673.0,Del0.8,0.3
X-3267,TTTY8,84673.0,Del0.8,0.3
X-3267,TTTY9A,83864.0,Del0.8,0.3
X-3267,TTTY9A,83864.0,Del0.8,0.3
X-3267,TULP3,7289.0,Amp8,13.18
X-3267,TXLNG2P,246126.0,Del0.8,0.3
X-3267,UBR5,51366.0,MutKnownFunctional,"-2120?,0.500"
X-3267,USP12,219333.0,Amp5,5.39
X-3267,USP32P2,220594.0,Del0.8,0.33
X-3267,USP9Y,8287.0,Del0.8,0.3
X-3267,UTY,7404.0,Del0.8,0.3
X-3267,VAV1,7409.0,MutNovel,"Y826N,0.450"
X-3267,VCY,9084.0,Del0.8,0.3
X-3267,VCY,9084.0,Del0.8,0.3
X-3267,VPS13C,54832.0,MutNovel,"M3573T,0.889"
X-3267,WASF3,10810.0,Amp5,5.39
X-3267,WNK1,65125.0,Amp8,17.88
X-3267,WNT5B,81029.0,Amp8,17.88
X-3267,XKRY2,353515.0,Del0.8,0.3
X-3267,XKRY2,353515.0,Del0.8,0.3
X-3267,ZBED4,9889.0,MutNovel,"S388C,1.000"
X-3267,ZC2HC1C,,MutNovel,"R272G,0.455"
X-3267,ZDHHC11,79844.0,MutNovel,"A303D,0.506"
X-3267,ZFY,7544.0,Del0.8,0.3
X-3267,ZNF407,55628.0,MutNovel,"D1798G,1.000"
X-3267,ZNF431,170959.0,MutNovel,"S552A,0.611"
X-3267,ZNF559,84527.0,MutNovel,"M436T,0.625"
X-3267,ZNF644,84146.0,MutNovel,"T1226P,0.540"
X-3267,ZNF699,374879.0,MutNovel,"S498I,0.750"
X-3267,ZNF746,155061.0,MutNovel,"R452Q,0.300"
X-3267,ZNF841,284371.0,MutNovel,"R912M,0.623"
X-3267,ZNF841,284371.0,MutNovel,"K374R,0.595"
X-3267,ZNF880,400713.0,MutNovel,"S152T,0.571"
X-3267,ZP3,7784.0,MutNovel,"S315P,0.496"
X-3570,ACR,49.0,MutNovel,"G217E,1.000"
X-3570,AMELY,266.0,Del0.8,0.37
X-3570,AMOTL1,154810.0,MutNovel,"T917A,0.538"
X-3570,ANKAR,150709.0,MutNovel,"S1004L,0.333"
X-3570,ANKRD36,375248.0,MutNovel,"T998S,0.370"
X-3570,APC,324.0,MutKnownFunctional,"-1554?,1.000"
X-3570,APOB,338.0,MutKnownFunctional,"Q2180*,0.231"
X-3570,AQP12B,653437.0,MutNovel,"H256R,0.750"
X-3570,ARHGEF40,55701.0,MutKnownFunctional,"R1038*,0.467"
X-3570,ASS1,445.0,MutNovel,"R127W,0.591"
X-3570,ASXL1,171023.0,MutKnownFunctional,"-643?,0.500"
X-3570,B3GALNT2,148789.0,MutNovel,"C462Y,1.000"
X-3570,BAIAP2L2,80115.0,MutNovel,"R454S,0.931"
X-3570,BBS7,55212.0,MutNovel,"H131Y,0.382"
X-3570,BCORP1,286554.0,Del0.8,0.37
X-3570,BLM,641.0,MutNovel,"V724A,0.290"
X-3570,BMP6,654.0,MutNovel,"R28Q,1.000"
X-3570,BPY2B,442867.0,Del0.8,0.37
X-3570,BPY2B,442867.0,Del0.8,0.37
X-3570,BRCA2,675.0,MutNovel,"S1682N,0.556"
X-3570,BRSK1,84446.0,MutNovel,"A488T,1.000"
X-3570,BUB3,9184.0,MutNovel,"P45R,0.708"
X-3570,C16orf58,64755.0,MutKnownFunctional,"-127,1.000"
X-3570,C17orf97,400566.0,MutNovel,"E230K,0.714"
X-3570,C21orf58,54058.0,MutNovel,"H299PN,0.250"
X-3570,C4orf47,441054.0,MutKnownFunctional,"-259,0.850"
X-3570,CCBL1,883.0,MutNovel,"G102R,0.380"
X-3570,CCDC153,283152.0,MutNovel,"A46D,0.571"
X-3570,CDC42EP1,11135.0,MutNovel,"PAPAANPS253P,1.000"
X-3570,CDH1,999.0,MutLikelyFunctional,"A592T,0.585"
X-3570,CDY1B,253175.0,Del0.8,0.37
X-3570,CDY1B,253175.0,Del0.8,0.37
X-3570,CDY2A,9426.0,Del0.8,0.37
X-3570,CDY2A,9426.0,Del0.8,0.37
X-3570,CDY2B,203611.0,Del0.8,0.37
X-3570,CDY2B,203611.0,Del0.8,0.37
X-3570,CEACAM1,634.0,MutNovel,"T100I,0.201"
X-3570,CEACAM1,634.0,MutNovel,"S96I,0.356"
X-3570,CEACAM3,1084.0,MutNovel,"I117T,0.875"
X-3570,CEACAM3,1084.0,MutNovel,"Q123H,1.000"
X-3570,CEACAM6,4680.0,MutNovel,"Q123H,0.221"
X-3570,CFHR1,3078.0,Amp5,7.36
X-3570,CFHR3,10878.0,Amp5,7.36
X-3570,CHD2,1106.0,MutKnownFunctional,"-1242?,0.864"
X-3570,CLCN2,1181.0,MutNovel,"R645PG,0.488"
X-3570,CLIC3,9022.0,MutNovel,"R191C,0.371"
X-3570,CLPTM1,1209.0,MutNovel,"P660T,0.468"
X-3570,CNGA3,1261.0,MutNovel,"A645V,0.364"
X-3570,CNTNAP3,79937.0,MutNovel,"P435T,1.000"
X-3570,CPSF7,79869.0,MutNovel,"R467Q,0.370"
X-3570,CRAMP1L,57585.0,MutNovel,"A68V,0.538"
X-3570,CSDA,8531.0,MutNovel,"R330P,0.500"
X-3570,CSMD2,114784.0,MutNovel,"R2846H,0.750"
X-3570,CSPG4P1Y,114758.0,Del0.8,0.37
X-3570,CSPG4P1Y,114758.0,Del0.8,0.37
X-3570,CST3,1471.0,MutNovel,"G58V,0.274"
X-3570,CTSA,5476.0,MutNovel,"L29-,1.000"
X-3570,CUL9,23113.0,MutNovel,"P909S,0.480"
X-3570,DAZ1,1617.0,Del0.8,0.37
X-3570,DAZ2,57055.0,Del0.8,0.37
X-3570,DAZ3,57054.0,Del0.8,0.37
X-3570,DAZ3,57054.0,Del0.8,0.37
X-3570,DAZ4,57135.0,Del0.8,0.37
X-3570,DAZ4,57135.0,Del0.8,0.37
X-3570,DDHD1,80821.0,MutNovel,"G61A,0.583"
X-3570,DDX3Y,8653.0,Del0.8,0.37
X-3570,DENND4B,9909.0,MutNovel,"QQQ908-,1.000"
X-3570,EFCAB13,,MutNovel,"I928V,1.000"
X-3570,EIF1AY,9086.0,Del0.8,0.37
X-3570,EIF5AL1,143244.0,MutKnownFunctional,"-131,0.308"
X-3570,ELOVL5,60481.0,MutNovel,"T198A,0.522"
X-3570,ETFB,2109.0,MutNovel,"T165M,0.520"
X-3570,FAM120C,54954.0,MutNovel,"P110RRP,1.000"
X-3570,FAM197Y2P,252946.0,Del0.8,0.37
X-3570,FAM41AY1,340618.0,Del0.8,0.37
X-3570,FAM41AY1,340618.0,Del0.8,0.37
X-3570,FBXO45,200933.0,MutNovel,"P6A,0.500"
X-3570,FBXW7,55294.0,MutKnownFunctional,"W649*,0.648"
X-3570,FCGBP,8857.0,MutNovel,"A2568T,0.271"
X-3570,FCGBP,8857.0,MutKnownFunctional,"WC2031*G,1.000"
X-3570,FCGBP,8857.0,MutNovel,"D2025N,0.667"
X-3570,FCGBP,8857.0,MutNovel,"W2010Q,0.500"
X-3570,FCGBP,8857.0,MutNovel,"R1916H,0.286"
X-3570,FCGBP,8857.0,MutNovel,"P1705L,0.854"
X-3570,GIGYF2,26058.0,MutNovel,"QQQQLPQQ1226-,0.368"
X-3570,GJB1,2705.0,MutNovel,"W133F,0.602"
X-3570,GNAS,2778.0,MutKnownFunctional,"R201H,0.431"
X-3570,GOLGA2P2Y,84559.0,Del0.8,0.37
X-3570,GOLGA2P2Y,84559.0,Del0.8,0.37
X-3570,GPR125,166647.0,MutNovel,"P18R,1.000"
X-3570,GPRIN2,9721.0,MutNovel,"-238MRE,0.504"
X-3570,GRIN2B,2904.0,MutNovel,"S140T,0.833"
X-3570,GTF2H2C,728340.0,MutNovel,"R251H,0.343"
X-3570,GYG2P1,352887.0,Del0.8,0.37
X-3570,HLA-B,3106.0,MutNovel,"P81A,0.239"
X-3570,HLA-G,3135.0,MutKnownFunctional,"A48*,0.667"
X-3570,HLA-G,3135.0,MutNovel,"D63A,0.667"
X-3570,HLA-G,3135.0,MutNovel,"S167T,0.667"
X-3570,HLA-G,3135.0,MutNovel,"N175R,0.667"
X-3570,HLA-G,3135.0,MutNovel,"V218I,0.750"
X-3570,HMCN2,,MutNovel,"V323M,0.615"
X-3570,HSFY2,159119.0,Del0.8,0.37
X-3570,HSFY2,159119.0,Del0.8,0.37
X-3570,IFT52,51098.0,MutNovel,"N436S,0.548"
X-3570,IGSF3,3321.0,MutNovel,"I107N,0.410"
X-3570,IL9R,3581.0,MutNovel,"W846G,1.000"
X-3570,INF2,64423.0,MutNovel,"TPP420T,0.889"
X-3570,INHBB,3625.0,MutNovel,"V219A,1.000"
X-3570,INHBB,3625.0,MutNovel,"L231V,0.833"
X-3570,INTS9,55756.0,MutNovel,"F362L,0.713"
X-3570,KAT6A,7994.0,MutNovel,"P1661L,0.567"
X-3570,KDM5D,8284.0,Del0.8,0.37
X-3570,KIAA0913,23053.0,MutNovel,"D1746H,0.277"
X-3570,KIF11,3832.0,MutNovel,"R33W,0.352"
X-3570,KIF20B,9585.0,MutNovel,"L1062LKV,0.767"
X-3570,KLK1,3816.0,MutNovel,"G157S,0.214"
X-3570,KRAS,3845.0,MutKnownFunctional,"G12D,0.543"
X-3570,KRT12,3859.0,MutNovel,"C381Y,0.250"
X-3570,KRT2,3849.0,MutNovel,"L459Q,1.000"
X-3570,KRT2,3849.0,MutNovel,"L456M,1.000"
X-3570,KRT2,3849.0,MutNovel,"E454Q,1.000"
X-3570,KRT8,3856.0,MutNovel,"S37A,0.518"
X-3570,LAMA5,3911.0,MutNovel,"R1679W,0.587"
X-3570,LCE3C,353144.0,Del0.8,0.52
X-3570,LGR4,55366.0,MutNovel,"V923L,0.500"
X-3570,LOC256021,,MutNovel,"M29I,0.429"
X-3570,LOC642441,,MutNovel,"L209S,0.571"
X-3570,LRRC37A,9884.0,MutNovel,"S1121R,1.000"
X-3570,LRRC43,254050.0,MutNovel,"S93F,0.400"
X-3570,MAGI1,9223.0,MutNovel,"Q421HR,0.667"
X-3570,MAMDC4,158056.0,MutKnownFunctional,"C468*,0.344"
X-3570,MAP3K4,4216.0,MutNovel,"PA1189P,0.833"
X-3570,MAPKAPK2,9261.0,MutNovel,"V121M,1.000"
X-3570,MCF2L,23263.0,MutKnownFunctional,"-140?,0.263"
X-3570,MIR1264,100302251.0,Del0.8,0.68
X-3570,MIR1912,100302144.0,Del0.8,0.68
X-3570,MIR764,100313838.0,Del0.8,0.68
X-3570,MPP6,51678.0,MutNovel,"R375Q,0.273"
X-3570,MPRIP,23164.0,MutNovel,"TS178T,1.000"
X-3570,MRPS34,65993.0,MutNovel,"L25R,0.706"
X-3570,MTRF1L,54516.0,MutNovel,"D242H,1.000"
X-3570,MUC12,10071.0,MutNovel,"T312I,0.333"
X-3570,MUC12,10071.0,MutNovel,"L324F,0.385"
X-3570,MUC12,10071.0,MutNovel,"S330L,0.312"
X-3570,MUC12,10071.0,MutNovel,"LG4568FS,0.500"
X-3570,MUC12,10071.0,MutNovel,"E4601G,1.000"
X-3570,MUC12,10071.0,MutNovel,"T4603M,1.000"
X-3570,MUC2,4583.0,MutNovel,"PTTTPSP1466-,1.000"
X-3570,MUC2,4583.0,MutNovel,"T1504M,0.292"
X-3570,MUC4,4585.0,MutNovel,"D2357N,0.750"
X-3570,NCOA3,8202.0,MutNovel,"Q1255-,1.000"
X-3570,NCOR2,9612.0,MutNovel,"G1839GAAA,1.000"
X-3570,NCOR2,9612.0,MutNovel,"-511S,0.943"
X-3570,NCRNA00185,55410.0,Del0.8,0.37
X-3570,NCSTN,23385.0,MutNovel,"C213Y,1.000"
X-3570,NEB,4703.0,MutNovel,"L7952V,0.500"
X-3570,NEK4,6787.0,MutNovel,"S343N,0.551"
X-3570,NLGN4Y,22829.0,Del0.8,0.37
X-3570,OR2T10,127069.0,Amp5,5.62
X-3570,OR2T11,127077.0,Amp5,5.62
X-3570,OR2T34,127068.0,Amp5,5.62
X-3570,ORAI1,84876.0,MutNovel,"PP43-,1.000"
X-3570,OTUD7B,56957.0,MutNovel,"KK552K,1.000"
X-3570,PABPC3,5042.0,MutKnownFunctional,"-590,0.545"
X-3570,PCDH11Y,83259.0,Del0.8,0.37
X-3570,PCNXL3,399909.0,MutNovel,"T491M,0.615"
X-3570,PEX11G,92960.0,MutKnownFunctional,"-217,0.526"
X-3570,PHLDA1,22822.0,MutNovel,"QQ194Q,1.000"
X-3570,PHLPP1,23239.0,MutNovel,"F291V,0.462"
X-3570,PLXNB1,5364.0,MutNovel,"S1942G,0.492"
X-3570,POLQ,10721.0,MutNovel,"KK1024K,0.500"
X-3570,POM121L8P,29797.0,Del0.8,0.78
X-3570,PPM1M,132160.0,MutNovel,"G45W,0.579"
X-3570,PPP1R3D,5509.0,MutNovel,"E233V,0.706"
X-3570,PPRC1,23082.0,MutNovel,"A1134V,0.676"
X-3570,PRB1,5542.0,MutNovel,"R149Q,0.400"
X-3570,PRB2,653247.0,MutNovel,"Q190K,0.273"
X-3570,PRB2,653247.0,MutNovel,"R109Q,0.690"
X-3570,PRB4,5545.0,MutNovel,"S68P,1.000"
X-3570,PRKY,5616.0,Del0.8,0.37
X-3570,PRR11,55771.0,MutNovel,"VT260-,1.000"
X-3570,PRSS1,5644.0,MutNovel,"L14V,0.646"
X-3570,PRSS1,5644.0,MutNovel,"N29I,0.635"
X-3570,PRSS1,5644.0,MutNovel,"K170E,0.452"
X-3570,PRSS1,5644.0,MutNovel,"S181N,0.718"
X-3570,PRY,9081.0,Del0.8,0.37
X-3570,PRY,9081.0,Del0.8,0.37
X-3570,PRY2,442862.0,Del0.8,0.37
X-3570,PRY2,442862.0,Del0.8,0.37
X-3570,PTK2B,2185.0,MutNovel,"G414V,0.715"
X-3570,RANBP2,5903.0,MutNovel,"E672G,0.524"
X-3570,RBM43,375287.0,MutKnownFunctional,"-136?,0.400"
X-3570,RBMY1A3P,286557.0,Del0.8,0.37
X-3570,RBMY1B,378948.0,Del0.8,0.37
X-3570,RBMY1B,378948.0,Del0.8,0.37
X-3570,RBMY1E,378950.0,Del0.8,0.37
X-3570,RBMY1E,378950.0,Del0.8,0.37
X-3570,RBMY1F,159163.0,Del0.8,0.37
X-3570,RBMY1F,159163.0,Del0.8,0.37
X-3570,RBMY1J,378951.0,Del0.8,0.37
X-3570,RBMY1J,378951.0,Del0.8,0.37
X-3570,RBMY2EP,159125.0,Del0.8,0.37
X-3570,RBMY2FP,159162.0,Del0.8,0.37
X-3570,RBMY3AP,64593.0,Del0.8,0.37
X-3570,RCOR2,283248.0,MutNovel,"Q189E,0.605"
X-3570,RIN3,79890.0,MutNovel,"G967-,1.000"
X-3570,RINL,126432.0,MutNovel,"L73F,0.625"
X-3570,RNF208,727800.0,MutNovel,"R64L,0.362"
X-3570,RPN2,6185.0,MutNovel,"A160T,0.450"
X-3570,RPS27,6232.0,MutNovel,"K16R,1.000"
X-3570,RPS4Y1,6192.0,Del0.8,0.37
X-3570,RPS4Y2,140032.0,Del0.8,0.37
X-3570,SCUBE2,57758.0,MutNovel,"LP22P,1.000"
X-3570,SERGEF,26297.0,MutNovel,"L98F,0.480"
X-3570,SERINC2,347735.0,MutNovel,"-373Q,1.000"
X-3570,SETX,23064.0,MutNovel,"ED680DY,0.308"
X-3570,SH3PXD2A,9644.0,MutNovel,"A382S,0.333"
X-3570,SIRPB1,10326.0,Amp5,6.19
X-3570,SLC12A2,6558.0,MutNovel,"AA96-,1.000"
X-3570,SLC22A18AS,5003.0,MutNovel,"P222L,0.493"
X-3570,SLFN13,146857.0,MutNovel,"C128F,0.420"
X-3570,SNAPC4,6621.0,MutNovel,"A786T,0.619"
X-3570,SNRNP200,23020.0,MutNovel,"E1462K,0.500"
X-3570,SNX16,64089.0,MutNovel,"H198R,0.706"
X-3570,SRSF3,6428.0,MutNovel,"D103E,0.464"
X-3570,SRY,6736.0,Del0.8,0.37
X-3570,STARD8,9754.0,MutNovel,"R941Q,0.923"
X-3570,SUCO,,MutNovel,"P1104L,0.370"
X-3570,TBL1Y,90665.0,Del0.8,0.37
X-3570,TBL3,10607.0,MutNovel,"E746M,0.683"
X-3570,TBP,6908.0,MutNovel,"-64QQQ,1.000"
X-3570,TCIRG1,10312.0,MutNovel,"R664Q,0.586"
X-3570,TGIF2LY,90655.0,Del0.8,0.37
X-3570,TLE2,7089.0,MutNovel,"G621D,0.575"
X-3570,TLK2,11011.0,MutNovel,"R262Q,0.304"
X-3570,TLN2,83660.0,MutNovel,"E254K,0.458"
X-3570,TMEM131,23505.0,MutNovel,"T13N,0.575"
X-3570,TMEM184A,202915.0,MutNovel,"G392GA,1.000"
X-3570,TMEM246,,MutNovel,"G374R,0.273"
X-3570,TMEM55B,90809.0,MutNovel,"A47T,0.603"
X-3570,TMSB4Y,9087.0,Del0.8,0.37
X-3570,TOX3,27324.0,MutNovel,"P530S,0.295"
X-3570,TP53,7157.0,MutKnownFunctional,"R196*,0.914"
X-3570,TPGS1,91978.0,MutNovel,"R263W,0.981"
X-3570,TRAPPC11,60684.0,MutNovel,"R48Q,0.686"
X-3570,TRIM35,23087.0,MutNovel,"V411L,0.234"
X-3570,TRMT44,,MutNovel,"M300L,0.212"
X-3570,TSPY1,7258.0,Del0.8,0.37
X-3570,TSPY2,64591.0,Del0.8,0.37
X-3570,TSPY3,728137.0,Del0.8,0.37
X-3570,TSPY4,728395.0,Del0.8,0.37
X-3570,TSPY8,728403.0,Del0.8,0.37
X-3570,TTTY10,246119.0,Del0.8,0.37
X-3570,TTTY11,83866.0,Del0.8,0.37
X-3570,TTTY12,83867.0,Del0.8,0.37
X-3570,TTTY13,83868.0,Del0.8,0.37
X-3570,TTTY14,83869.0,Del0.8,0.37
X-3570,TTTY15,64595.0,Del0.8,0.37
X-3570,TTTY16,252948.0,Del0.8,0.37
X-3570,TTTY17A,252949.0,Del0.8,0.37
X-3570,TTTY17A,252949.0,Del0.8,0.37
X-3570,TTTY18,252950.0,Del0.8,0.37
X-3570,TTTY19,252952.0,Del0.8,0.37
X-3570,TTTY1B,100101116.0,Del0.8,0.37
X-3570,TTTY1B,100101116.0,Del0.8,0.37
X-3570,TTTY2,60439.0,Del0.8,0.37
X-3570,TTTY2,60439.0,Del0.8,0.37
X-3570,TTTY20,252951.0,Del0.8,0.37
X-3570,TTTY21,252953.0,Del0.8,0.37
X-3570,TTTY21,252953.0,Del0.8,0.37
X-3570,TTTY22,252954.0,Del0.8,0.37
X-3570,TTTY23,252955.0,Del0.8,0.37
X-3570,TTTY23,252955.0,Del0.8,0.37
X-3570,TTTY3,114760.0,Del0.8,0.37
X-3570,TTTY3,114760.0,Del0.8,0.37
X-3570,TTTY4,114761.0,Del0.8,0.37
X-3570,TTTY4,114761.0,Del0.8,0.37
X-3570,TTTY5,83863.0,Del0.8,0.37
X-3570,TTTY6,84672.0,Del0.8,0.37
X-3570,TTTY6,84672.0,Del0.8,0.37
X-3570,TTTY7,246122.0,Del0.8,0.37
X-3570,TTTY7,246122.0,Del0.8,0.37
X-3570,TTTY7B,100101120.0,Del0.8,0.37
X-3570,TTTY7B,100101120.0,Del0.8,0.37
X-3570,TTTY8,84673.0,Del0.8,0.37
X-3570,TTTY8,84673.0,Del0.8,0.37
X-3570,TTTY9A,83864.0,Del0.8,0.37
X-3570,TTTY9A,83864.0,Del0.8,0.37
X-3570,TUBB8,347688.0,MutNovel,"G109V,0.667"
X-3570,TXLNG2P,246126.0,Del0.8,0.37
X-3570,UGT2B10,7365.0,MutNovel,"R250G,0.429"
X-3570,UGT2B28,54490.0,MutNovel,"F247S,1.000"
X-3570,UNC5CL,222643.0,MutNovel,"R241H,0.475"
X-3570,USP9Y,8287.0,Del0.8,0.37
X-3570,UTY,7404.0,Del0.8,0.37
X-3570,VCY,9084.0,Del0.8,0.37
X-3570,VCY,9084.0,Del0.8,0.37
X-3570,VPS13A,23230.0,MutNovel,"T1692A,0.500"
X-3570,VSIG10,54621.0,MutNovel,"TQPEVII349I,0.290"
X-3570,XKRY2,353515.0,Del0.8,0.37
X-3570,XKRY2,353515.0,Del0.8,0.37
X-3570,ZBTB38,253461.0,MutNovel,"G601R,0.214"
X-3570,ZCCHC4,29063.0,MutKnownFunctional,"-429,0.529"
X-3570,ZDHHC11,79844.0,MutNovel,"A303D,0.574"
X-3570,ZFPM1,161882.0,MutNovel,"VK202V,0.463"
X-3570,ZFY,7544.0,Del0.8,0.37
X-3570,ZNF10,7556.0,MutNovel,"Q35P,0.333"
X-3570,ZNF384,171017.0,MutNovel,"QQ514Q,0.424"
X-3570,ZNF844,284391.0,MutKnownFunctional,"-346,0.208"
X-3671,ABCC6,368.0,MutNovel,"A158V,0.600"
X-3671,ABHD12,26090.0,Amp5,5.62
X-3671,ABHD16B,140701.0,Amp5,5.43
X-3671,ACER2,340485.0,Del0.8,0.71
X-3671,ACR,49.0,MutNovel,"G217E,1.000"
X-3671,ACR,49.0,MutNovel,"G217E,1.000"
X-3671,ACSL1,2180.0,Del0.8,0.7
X-3671,ACSM2B,348158.0,MutNovel,"I96V,1.000"
X-3671,ACSS2,55902.0,Amp5,6.87
X-3671,ACTL10,170487.0,Amp5,6.87
X-3671,ADA,100.0,Amp5,6.45
X-3671,ADAM28,10863.0,Del0.8,0.71
X-3671,ADAM29,11086.0,Del0.8,0.71
X-3671,ADAM7,8756.0,Del0.8,0.71
X-3671,ADAMDEC1,27299.0,Del0.8,0.71
X-3671,ADAMTSL1,92949.0,Del0.8,0.71
X-3671,ADCYAP1,116.0,Del0.8,0.7
X-3671,ADRA1A,148.0,Del0.8,0.59
X-3671,ADRB3,155.0,Amp5,6.45
X-3671,ADRM1,11047.0,Amp5,5.54
X-3671,ADSSL1,122622.0,Del0.8,0.74
X-3671,AGA,175.0,Del0.8,0.69
X-3671,AGAP7,653268.0,MutNovel,"T346I,1.000"
X-3671,AGPAT5,55326.0,Del0.8,0.72
X-3671,AHCY,191.0,Amp5,6.87
X-3671,AK3,50808.0,Del0.8,0.69
X-3671,AKT1,207.0,MutNovel,"R67W,0.992"
X-3671,AKT1,207.0,Del0.8,0.74
X-3671,AMELY,266.0,Amp8,9.99
X-3671,AMN,81693.0,Del0.8,0.74
X-3671,ANGPT2,285.0,Del0.8,0.72
X-3671,ANKRD11,29123.0,MutNovel,"P2191R,0.462"
X-3671,ANKRD30B,374860.0,Del0.8,0.69
X-3671,ANKRD36,375248.0,MutNovel,"A475T,0.818"
X-3671,ANKRD36C,,MutNovel,"P273L,0.667"
X-3671,ANKRD37,353322.0,Del0.8,0.7
X-3671,ANKRD9,122416.0,Del0.8,0.74
X-3671,APC,324.0,MutKnownFunctional,"R554*,1.000"
X-3671,APOPT1,84334.0,Del0.8,0.74
X-3671,ARFGAP1,55738.0,Amp5,5.43
X-3671,ARFGEF2,10564.0,MutNovel,"E1062K,0.248"
X-3671,ARFRP1,10139.0,Amp5,5.43
X-3671,ARHGEF10,9639.0,Del0.8,0.78
X-3671,ARHGEF38,54848.0,MutNovel,"G234V,0.708"
X-3671,ARMCX4,100131755.0,MutNovel,"S2208L,0.500"
X-3671,ASAH1,427.0,Del0.8,0.72
X-3671,ASB5,140458.0,Del0.8,0.69
X-3671,ASH2L,9070.0,Amp5,6.45
X-3671,ASIP,434.0,Amp5,6.87
X-3671,ASPG,374569.0,Del0.8,0.74
X-3671,ASXL1,171023.0,Amp5,6.32
X-3671,ATF3,467.0,MutNovel,"S24F,0.463"
X-3671,ATP11A,23250.0,MutNovel,"G872R,0.212"
X-3671,ATP6V1B2,526.0,Del0.8,0.72
X-3671,ATP9A,10079.0,MutNovel,"A22V,0.396"
X-3671,BAG4,9530.0,Amp5,6.45
X-3671,BAG5,9529.0,Del0.8,0.74
X-3671,BCL11B,64919.0,Del0.8,0.74
X-3671,BCL2L1,598.0,Amp5,6.32
X-3671,BCL9,607.0,MutKnownFunctional,"R617*,0.731"
X-3671,BCORP1,286554.0,Del0.8,0.16
X-3671,BEGAIN,57596.0,Del0.8,0.74
X-3671,BFSP1,631.0,MutNovel,"G46A,0.714"
X-3671,BHLHE23,128408.0,Amp5,5.43
X-3671,BIN3,55909.0,Del0.8,0.72
X-3671,BIRC7,79444.0,Amp5,5.43
X-3671,BLK,640.0,Del0.8,0.71
X-3671,BMP1,649.0,Del0.8,0.72
X-3671,BNC2,54796.0,Del0.8,0.72
X-3671,BNIP3L,665.0,Del0.8,0.72
X-3671,BPIFA1,51297.0,Amp5,6.87
X-3671,BPIFA2,140683.0,Amp5,6.87
X-3671,BPIFA3,128861.0,Amp5,6.87
X-3671,BPIFA4P,317716.0,Amp5,6.87
X-3671,BPIFB1,92747.0,Amp5,6.87
X-3671,BPIFB4,149954.0,Amp5,5.66
X-3671,BPY2B,442867.0,Del0.8,0.1
X-3671,BPY2B,442867.0,Del0.8,0.06
X-3671,BRF2,55290.0,Amp5,6.45
X-3671,BUB1B,701.0,MutNovel,"G376V,0.500"
X-3671,C11orf86,254439.0,MutNovel,"R89W,0.333"
X-3671,C14orf159,80017.0,Del0.8,0.72
X-3671,C14orf177,283598.0,Del0.8,0.74
X-3671,C14orf180,400258.0,Del0.8,0.74
X-3671,C14orf2,9556.0,Del0.8,0.74
X-3671,C14orf64,388011.0,Del0.8,0.74
X-3671,C18orf56,494514.0,Del0.8,0.7
X-3671,C19orf71,100128569.0,MutNovel,"T181I,0.723"
X-3671,C20orf11,54994.0,Amp5,5.43
X-3671,C20orf111,51526.0,Amp5,6.45
X-3671,C20orf112,140688.0,Amp5,6.32
X-3671,C20orf118,140711.0,MutNovel,"S187G,0.654"
X-3671,C20orf118,140711.0,Amp5,6.87
X-3671,C20orf132,140699.0,Amp5,6.36
X-3671,C20orf144,128864.0,Amp5,6.87
X-3671,C20orf151,140893.0,Amp5,5.54
X-3671,C20orf152,140894.0,Amp5,6.87
X-3671,C20orf160,140706.0,Amp5,6.32
X-3671,C20orf166,128826.0,Amp5,5.54
X-3671,C20orf166-AS1,253868.0,Amp5,5.54
X-3671,C20orf173,140873.0,Amp5,6.87
X-3671,C20orf195,79025.0,Amp5,5.43
X-3671,C20orf20,55257.0,Amp5,5.43
X-3671,C20orf201,198437.0,Amp5,5.43
X-3671,C20orf203,284805.0,Amp5,6.32
X-3671,C20orf24,55969.0,Amp5,6.87
X-3671,C20orf4,25980.0,Amp5,6.87
X-3671,C4orf47,441054.0,Del0.8,0.7
X-3671,C6orf223,221416.0,MutNovel,"-124AA,0.217"
X-3671,C8orf12,83656.0,Del0.8,0.71
X-3671,C8orf42,157695.0,Del0.8,0.77
X-3671,C8orf44,56260.0,MutKnownFunctional,"R70*,0.543"
X-3671,C8orf48,157773.0,Del0.8,0.71
X-3671,C8orf58,541565.0,Del0.8,0.72
X-3671,C8orf74,203076.0,Del0.8,0.71
X-3671,C8orf86,389649.0,Amp8,15.03
X-3671,C9orf11,54586.0,Del0.8,0.72
X-3671,C9orf123,90871.0,Del0.8,0.71
X-3671,C9orf53,51198.0,Del0.8,0.71
X-3671,C9orf66,157983.0,Del0.8,0.72
X-3671,CABLES2,81928.0,Amp5,5.54
X-3671,CAPRIN1,4076.0,MutNovel,"S15F,0.398"
X-3671,CAPRIN1,4076.0,MutNovel,"S452C,0.348"
X-3671,CASP2,835.0,MutNovel,"S123F,0.230"
X-3671,CASP3,836.0,Del0.8,0.7
X-3671,CASZ1,54897.0,MutNovel,"P1738R,1.000"
X-3671,CBFA2T2,9139.0,Amp5,6.87
X-3671,CBX3P2,645158.0,Del0.8,0.7
X-3671,CCBE1,147372.0,Del0.8,0.69
X-3671,CCDC110,256309.0,Del0.8,0.7
X-3671,CCDC111,201973.0,Del0.8,0.7
X-3671,CCDC25,55246.0,Del0.8,0.7
X-3671,CCDC61,729440.0,MutNovel,"E319D,0.260"
X-3671,CCDC85C,317762.0,Del0.8,0.74
X-3671,CCL23,6368.0,MutNovel,"A16V,0.273"
X-3671,CCNK,8812.0,Del0.8,0.74
X-3671,CD274,29126.0,Del0.8,0.69
X-3671,CDC37L1,55664.0,Del0.8,0.69
X-3671,CDC42BPB,9578.0,Del0.8,0.74
X-3671,CDCA2,157313.0,Del0.8,0.71
X-3671,CDH23,64072.0,MutNovel,"S436N,0.700"
X-3671,CDK5RAP1,51654.0,Amp5,6.87
X-3671,CDKN2A,1029.0,Del0.8,0.71
X-3671,CDKN2AIP,55602.0,Del0.8,0.7
X-3671,CDKN2B,1030.0,Del0.8,0.71
X-3671,CDY1B,253175.0,Del0.8,0.16
X-3671,CDY1B,253175.0,Del0.8,0.1
X-3671,CDY2A,9426.0,Del0.8,0.16
X-3671,CDY2A,9426.0,Del0.8,0.16
X-3671,CDY2B,203611.0,Del0.8,0.16
X-3671,CDY2B,203611.0,Del0.8,0.16
X-3671,CEACAM1,634.0,MutNovel,"T100I,0.221"
X-3671,CEACAM1,634.0,MutNovel,"S96I,0.556"
X-3671,CEACAM3,1084.0,MutNovel,"I117T,0.778"
X-3671,CEACAM3,1084.0,MutNovel,"Q123H,0.818"
X-3671,CEACAM6,4680.0,MutNovel,"V83A,0.519"
X-3671,CEACAM6,4680.0,MutNovel,"Q123H,0.308"
X-3671,CEACAM8,1088.0,MutNovel,"N155K,0.500"
X-3671,CEP250,11190.0,Amp5,6.87
X-3671,CEP44,80817.0,Del0.8,0.71
X-3671,CER1,9350.0,Del0.8,0.72
X-3671,CETN1,1068.0,Del0.8,0.7
X-3671,CHD2,1106.0,MutKnownFunctional,"-1242?,0.863"
X-3671,CHMP4B,128866.0,Amp5,6.87
X-3671,CHMP7,91782.0,Del0.8,0.72
X-3671,CHRNA2,1135.0,Del0.8,0.7
X-3671,CHRNA4,1137.0,Amp5,5.43
X-3671,CHRNB1,1140.0,MutNovel,"P343T,0.967"
X-3671,CHSY1,22856.0,MutNovel,"K430N,0.525"
X-3671,CINP,51550.0,Del0.8,0.74
X-3671,CKB,1152.0,Del0.8,0.74
X-3671,CLDN22,53842.0,Del0.8,0.7
X-3671,CLDN23,137075.0,Del0.8,0.71
X-3671,CLDN24,100132463.0,Del0.8,0.7
X-3671,CLN8,2055.0,Del0.8,0.78
X-3671,CLU,1191.0,Del0.8,0.7
X-3671,CLUL1,27098.0,Del0.8,0.7
X-3671,CNOT1,23019.0,MutKnownFunctional,"-1543?,0.429"
X-3671,CNOT7,29883.0,Del0.8,0.72
X-3671,CNTLN,54875.0,Del0.8,0.72
X-3671,COL20A1,57642.0,Amp5,5.43
X-3671,COL9A3,1299.0,Amp5,5.43
X-3671,COLEC12,81035.0,Del0.8,0.7
X-3671,COMMD7,149951.0,Amp5,6.32
X-3671,COX4I2,84701.0,Amp5,6.32
X-3671,CPD,1362.0,MutNovel,"S1099F,0.396"
X-3671,CPNE1,8904.0,Amp5,6.87
X-3671,CRAMP1L,57585.0,MutNovel,"A853T,0.400"
X-3671,CRIPAK,285464.0,MutNovel,"H326R,0.475"
X-3671,CRYBG3,,MutNovel,"K978Q,1.000"
X-3671,CSGALNACT1,55790.0,Del0.8,0.72
X-3671,CSMD1,64478.0,Del0.8,0.66
X-3671,CSPG4P1Y,114758.0,Del0.8,0.16
X-3671,CSPG4P1Y,114758.0,Del0.8,0.21
X-3671,CTAGE15P,441294.0,MutKnownFunctional,"Q452*,0.467"
X-3671,CTSA,5476.0,MutNovel,"L29-,0.273"
X-3671,CTSB,1508.0,Del0.8,0.71
X-3671,CUX1,1523.0,MutNovel,"P449L,0.500"
X-3671,CYP46A1,10858.0,Del0.8,0.74
X-3671,CYP4F8,11283.0,MutNovel,"A16T,0.500"
X-3671,DAZ1,1617.0,Del0.8,0.16
X-3671,DAZ2,57055.0,Del0.8,0.11
X-3671,DAZ3,57054.0,Del0.8,0.1
X-3671,DAZ3,57054.0,Del0.8,0.06
X-3671,DAZ4,57135.0,Del0.8,0.12
X-3671,DAZ4,57135.0,Del0.8,0.08
X-3671,DCTD,1635.0,Del0.8,0.7
X-3671,DCTN6,10671.0,Del0.8,0.7
X-3671,DDHD2,23259.0,Amp5,6.45
X-3671,DDX3Y,8653.0,Del0.8,0.19
X-3671,DDX51,317781.0,MutNovel,"S116N,0.343"
X-3671,DDX51,317781.0,MutNovel,"G114E,0.236"
X-3671,DDX55,57696.0,MutKnownFunctional,"-588,1.000"
X-3671,DEFA10P,449493.0,Del0.8,0.72
X-3671,DEFA1B,728358.0,Del0.8,0.72
X-3671,DEFA4,1669.0,Del0.8,0.72
X-3671,DEFA5,1670.0,Del0.8,0.72
X-3671,DEFA6,1671.0,Del0.8,0.72
X-3671,DEFB1,1672.0,Del0.8,0.72
X-3671,DEFB109P1B,641517.0,Del0.8,0.72
X-3671,DEFB109P1B,641517.0,Del0.8,0.25
X-3671,DEFB115,245929.0,Amp5,6.32
X-3671,DEFB116,245930.0,Amp5,6.32
X-3671,DEFB118,117285.0,Amp5,6.32
X-3671,DEFB119,245932.0,Amp5,6.32
X-3671,DEFB121,245934.0,Amp5,6.32
X-3671,DEFB122,245935.0,Amp5,6.32
X-3671,DEFB123,245936.0,Amp5,6.32
X-3671,DEFB124,245937.0,Amp5,6.32
X-3671,DEFB135,613209.0,Del0.8,0.71
X-3671,DEFB136,613210.0,Del0.8,0.71
X-3671,DEFT1P,170949.0,Del0.8,0.72
X-3671,DEGS2,123099.0,Del0.8,0.74
X-3671,DENND4C,55667.0,Del0.8,0.71
X-3671,DIDO1,11083.0,Amp5,5.43
X-3671,DIO3,1735.0,Del0.8,0.74
X-3671,DIO3OS,64150.0,Del0.8,0.74
X-3671,DLC1,10395.0,Del0.8,0.71
X-3671,DLGAP2,9228.0,Del0.8,0.78
X-3671,DLGAP4,22839.0,Amp5,6.87
X-3671,DLK1,8788.0,Del0.8,0.74
X-3671,DMRT1,1761.0,Del0.8,0.72
X-3671,DMRT2,10655.0,Del0.8,0.72
X-3671,DMRT3,58524.0,Del0.8,0.72
X-3671,DMRTA1,63951.0,Del0.8,0.7
X-3671,DNAH6,1768.0,MutNovel,"I2113T,0.308"
X-3671,DNAJC5,80331.0,Amp5,5.43
X-3671,DNHD1,144132.0,MutNovel,"R1873S,0.364"
X-3671,DNMT3B,1789.0,Amp5,6.32
X-3671,DOCK5,80005.0,Del0.8,0.71
X-3671,DOCK8,81704.0,Del0.8,0.72
X-3671,DOK2,9046.0,Del0.8,0.72
X-3671,DPH3P1,100132911.0,Amp5,5.43
X-3671,DPYSL2,1808.0,Del0.8,0.72
X-3671,DRD4,1815.0,MutNovel,"S284G,1.000"
X-3671,DSE,29940.0,MutNovel,"G873-,0.625"
X-3671,DSG2,1829.0,MutNovel,"A781S,1.000"
X-3671,DSN1,79980.0,Amp5,6.87
X-3671,DTD1,92675.0,MutNovel,"R10W,0.228"
X-3671,DUOX1,53905.0,MutNovel,"L502P,1.000"
X-3671,DUSP15,128853.0,Amp5,6.32
X-3671,DUSP26,78986.0,Del0.8,0.71
X-3671,DUSP4,1846.0,Del0.8,0.7
X-3671,DYNC1H1,1778.0,Del0.8,0.74
X-3671,DYNLRB1,83658.0,Amp5,6.87
X-3671,E2F1,1869.0,Amp5,6.87
X-3671,EBF2,64641.0,Del0.8,0.72
X-3671,EDEM2,55741.0,Amp5,6.87
X-3671,EEF1A2,1917.0,Amp5,5.43
X-3671,EFHA2,286097.0,Del0.8,0.62
X-3671,EFNA3,1944.0,MutNovel,"GVGP70-,0.250"
X-3671,EGFL6,25975.0,MutNovel,"L508F,1.000"
X-3671,EGR3,1960.0,Del0.8,0.72
X-3671,EIF1AY,9086.0,Del0.8,0.16
X-3671,EIF2AK4,440275.0,MutNovel,"Q1186E,0.657"
X-3671,EIF2S2,8894.0,Amp5,6.87
X-3671,EIF3B,8662.0,MutNovel,"P80Q,0.530"
X-3671,EIF3I,8668.0,MutNovel,"V204M,0.528"
X-3671,EIF4EBP1,1978.0,Amp5,6.45
X-3671,EIF5,1983.0,Del0.8,0.74
X-3671,EIF6,3692.0,Amp5,6.87
X-3671,ELAVL2,1993.0,Del0.8,0.72
X-3671,ELFN1,392617.0,MutNovel,"R4H,0.667"
X-3671,ELP3,55140.0,Del0.8,0.7
X-3671,EMILIN2,84034.0,Del0.8,0.7
X-3671,EML1,2009.0,Del0.8,0.74
X-3671,ENOSF1,55556.0,Del0.8,0.7
X-3671,ENPP6,133121.0,Del0.8,0.7
X-3671,ENTPD4,9583.0,MutNovel,"R101P,1.000"
X-3671,ENTPD4,9583.0,Del0.8,0.72
X-3671,EPB41L1,2036.0,Amp5,6.87
X-3671,EPB49,2039.0,Del0.8,0.72
X-3671,EPHX2,2053.0,Del0.8,0.7
X-3671,ERGIC3,51614.0,Amp5,6.87
X-3671,ERI1,90459.0,Del0.8,0.71
X-3671,ERICH1,157697.0,Del0.8,0.77
X-3671,ERLIN2,11160.0,Amp5,6.45
X-3671,ERMP1,79956.0,Del0.8,0.69
X-3671,ESCO2,157570.0,Del0.8,0.7
X-3671,EVL,51466.0,Del0.8,0.74
X-3671,EXOC3L4,91828.0,Del0.8,0.74
X-3671,EXTL3,2137.0,Del0.8,0.7
X-3671,EYA2,2139.0,Amp5,5.94
X-3671,F12,2161.0,MutNovel,"C170G,1.000"
X-3671,FADS3,3995.0,MutNovel,"R85C,0.319"
X-3671,FAM105B,90268.0,MutNovel,"PAREAAAT21P,1.000"
X-3671,FAM114A1,92689.0,MutNovel,"P21R,0.424"
X-3671,FAM132B,,MutNovel,"H235Q,0.730"
X-3671,FAM154A,158297.0,Del0.8,0.71
X-3671,FAM160B2,64760.0,Del0.8,0.72
X-3671,FAM167A,83648.0,Del0.8,0.71
X-3671,FAM190A,401145.0,Del0.8,0.38
X-3671,FAM197Y2P,252946.0,Del0.8,0.18
X-3671,FAM21B,55747.0,MutNovel,"A803S,1.000"
X-3671,FAM22A,728118.0,MutNovel,"P560L,0.750"
X-3671,FAM22A,728118.0,MutNovel,"L563Q,1.000"
X-3671,FAM41AY1,340618.0,Del0.8,0.16
X-3671,FAM41AY1,340618.0,Del0.8,0.16
X-3671,FAM66E,100132103.0,Del0.8,0.43
X-3671,FAM75A6,389730.0,Del0.8,0.54
X-3671,FAM83C,128876.0,MutNovel,"E25K,0.382"
X-3671,FAM83C,128876.0,Amp5,6.87
X-3671,FAT1,2195.0,Del0.8,0.7
X-3671,FBXO16,157574.0,Del0.8,0.7
X-3671,FBXO25,26260.0,Del0.8,0.77
X-3671,FBXO8,26269.0,Del0.8,0.71
X-3671,FCGBP,8857.0,MutNovel,"V3195M,0.542"
X-3671,FDFT1,2222.0,Del0.8,0.71
X-3671,FER1L4,80307.0,Amp5,6.87
X-3671,FGF17,8822.0,Del0.8,0.72
X-3671,FGF20,26281.0,Del0.8,0.71
X-3671,FGFR1,2260.0,Amp8,18
X-3671,FGL1,2267.0,Del0.8,0.72
X-3671,FITM2,128486.0,Amp5,6.45
X-3671,FLJ10661,286042.0,Del0.8,0.71
X-3671,FLJ14107,80094.0,Del0.8,0.72
X-3671,FLJ16779,100192386.0,Amp5,5.43
X-3671,FLJ22184,80164.0,MutNovel,"I779L,0.898"
X-3671,FLJ35024,401491.0,Del0.8,0.69
X-3671,FLJ35282,441389.0,Del0.8,0.7
X-3671,FLJ35776,649446.0,Del0.8,0.7
X-3671,FLJ41200,401492.0,Del0.8,0.72
X-3671,FLNB,2317.0,MutNovel,"G2124E,1.000"
X-3671,FOXA2,3170.0,MutNovel,"A100P,0.244"
X-3671,FOXC1,2296.0,MutNovel,"M76I,0.667"
X-3671,FOXS1,2307.0,Amp5,6.32
X-3671,FREM1,158326.0,Del0.8,0.72
X-3671,FUT10,84750.0,Del0.8,0.71
X-3671,FUT5,2527.0,MutNovel,"E261K,1.000"
X-3671,FZD3,7976.0,Del0.8,0.7
X-3671,GATA4,2626.0,Del0.8,0.71
X-3671,GATA5,140628.0,Amp5,5.54
X-3671,GDAP1L1,78997.0,Amp5,6.45
X-3671,GDF5,8200.0,Amp5,6.87
X-3671,GFRA2,2675.0,Del0.8,0.72
X-3671,GGT7,2686.0,Amp5,6.87
X-3671,GHRH,2691.0,Amp5,6.36
X-3671,GIGYF2,26058.0,MutNovel,"PQ1231P,1.000"
X-3671,GINS1,9837.0,Amp5,5.62
X-3671,GLDC,2731.0,Del0.8,0.69
X-3671,GLIS3,169792.0,Del0.8,0.69
X-3671,GLIS3-AS1,84850.0,Del0.8,0.69
X-3671,GLRA3,8001.0,Del0.8,0.71
X-3671,GMEB2,26205.0,Amp5,5.43
X-3671,GNRH1,2796.0,Del0.8,0.71
X-3671,GOLGA2P2Y,84559.0,Del0.8,0.21
X-3671,GOLGA2P2Y,84559.0,Del0.8,0.16
X-3671,GOLGA8A,23015.0,MutNovel,"A400V,1.000"
X-3671,GOLGA8B,440270.0,MutNovel,"A400V,1.000"
X-3671,GOT1L1,137362.0,Amp5,6.45
X-3671,GPM6A,2823.0,Del0.8,0.69
X-3671,GPR124,25960.0,Amp5,6.45
X-3671,GPR68,8111.0,Del0.8,0.72
X-3671,GRB14,2888.0,MutKnownFunctional,"-297?,0.455"
X-3671,GRIN3B,116444.0,MutNovel,"Q907R,0.706"
X-3671,GSS,2937.0,Amp5,6.87
X-3671,GSTM1,2944.0,Del0.8,0.61
X-3671,GTF2E2,2961.0,Del0.8,0.7
X-3671,GTPBP5,26164.0,Amp5,5.54
X-3671,GTSF1L,149699.0,Amp5,6.45
X-3671,GYG2P1,352887.0,Del0.8,0.19
X-3671,HAR1A,768096.0,Amp5,5.43
X-3671,HAR1B,768097.0,Amp5,5.43
X-3671,HAUS6,54801.0,Del0.8,0.71
X-3671,HCK,3055.0,Amp5,6.32
X-3671,HDDC3,374659.0,MutNovel,"P27L,0.527"
X-3671,HELT,391723.0,Del0.8,0.7
X-3671,HES4,57801.0,MutNovel,"G7E,0.214"
X-3671,HHIPL1,84439.0,Del0.8,0.74
X-3671,HLA-DRB1,3123.0,MutNovel,"T186I,0.286"
X-3671,HLA-DRB5,3127.0,MutNovel,"A87E,1.000"
X-3671,HLA-G,3135.0,MutNovel,"I123Y,1.000"
X-3671,HLA-G,3135.0,MutNovel,"M309A,1.000"
X-3671,HM13,81502.0,Amp5,6.32
X-3671,HMBOX1,79618.0,Del0.8,0.7
X-3671,HMGB3P1,128872.0,Amp5,6.87
X-3671,HNF4A,3172.0,Amp5,6.45
X-3671,HPGD,3248.0,Del0.8,0.71
X-3671,HR,55806.0,Del0.8,0.72
X-3671,HRH3,11255.0,Amp5,5.54
X-3671,HSFY2,159119.0,Del0.8,0.16
X-3671,HSFY2,159119.0,Del0.8,0.16
X-3671,HSP90AA1,3320.0,Del0.8,0.74
X-3671,HSP90AA4P,3323.0,Del0.8,0.63
X-3671,HSPA1A,3303.0,MutNovel,"N499S,1.000"
X-3671,ID1,3397.0,Amp5,6.32
X-3671,IFNA1,3439.0,Del0.8,0.71
X-3671,IFNA10,3446.0,Del0.8,0.71
X-3671,IFNA13,3447.0,Del0.8,0.71
X-3671,IFNA14,3448.0,Del0.8,0.71
X-3671,IFNA16,3449.0,Del0.8,0.71
X-3671,IFNA17,3451.0,Del0.8,0.71
X-3671,IFNA2,3440.0,Del0.8,0.71
X-3671,IFNA21,3452.0,Del0.8,0.71
X-3671,IFNA22P,3453.0,Del0.8,0.71
X-3671,IFNA4,3441.0,Del0.8,0.71
X-3671,IFNA5,3442.0,Del0.8,0.71
X-3671,IFNA6,3443.0,Del0.8,0.71
X-3671,IFNA7,3444.0,Del0.8,0.71
X-3671,IFNA8,3445.0,Del0.8,0.71
X-3671,IFNB1,3456.0,Del0.8,0.71
X-3671,IFNE,338376.0,Del0.8,0.71
X-3671,IFNW1,3467.0,Del0.8,0.71
X-3671,IFT52,51098.0,Amp5,6.45
X-3671,IFT74,80173.0,Del0.8,0.72
X-3671,IL33,90865.0,Del0.8,0.69
X-3671,INF2,64423.0,Del0.8,0.74
X-3671,ING2,3622.0,Del0.8,0.7
X-3671,INSL4,3641.0,Del0.8,0.69
X-3671,INSL6,11172.0,Del0.8,0.69
X-3671,INTS10,55174.0,Del0.8,0.72
X-3671,INTS9,55756.0,Del0.8,0.7
X-3671,IRF2,3660.0,Del0.8,0.7
X-3671,IRGM,345611.0,Del0.8,0.8
X-3671,ITCH,83737.0,Amp5,6.87
X-3671,JAK2,3717.0,Del0.8,0.69
X-3671,JMJD1C,221037.0,MutNovel,"T490N,0.521"
X-3671,JPH2,57158.0,Amp5,6.45
X-3671,KBTBD11,9920.0,Del0.8,0.78
X-3671,KCNQ2,3785.0,Amp5,5.43
X-3671,KCNU1,157855.0,Del0.8,0.69
X-3671,KCNV2,169522.0,Del0.8,0.69
X-3671,KCTD9,54793.0,Del0.8,0.71
X-3671,KDM4C,23081.0,Del0.8,0.58
X-3671,KDM5D,8284.0,Del0.8,0.16
X-3671,KIAA0020,9933.0,Del0.8,0.69
X-3671,KIAA1324L,222223.0,MutNovel,"R4C,1.000"
X-3671,KIAA1430,57587.0,Del0.8,0.7
X-3671,KIAA1432,57589.0,Del0.8,0.69
X-3671,KIAA1456,57604.0,Del0.8,0.71
X-3671,KIAA1522,57648.0,MutNovel,"R1004W,0.445"
X-3671,KIAA1609,57707.0,MutNovel,"E105-,0.459"
X-3671,KIAA1967,57805.0,Del0.8,0.72
X-3671,KIAA2026,158358.0,Del0.8,0.69
X-3671,KIF11,3832.0,MutNovel,"A484T,0.369"
X-3671,KIF13B,23303.0,Del0.8,0.7
X-3671,KIF26A,26153.0,Del0.8,0.74
X-3671,KIF3B,9371.0,Amp5,6.32
X-3671,KLC1,3831.0,Del0.8,0.74
X-3671,KLHL9,55958.0,Del0.8,0.71
X-3671,L3MBTL1,26013.0,Amp5,6.45
X-3671,L3MBTL3,84456.0,MutNovel,"S256Y,1.000"
X-3671,LAMA5,3911.0,Amp5,5.54
X-3671,LAMC1,3915.0,MutNovel,"S1111C,0.439"
X-3671,LCE3C,353144.0,Del0.8,0.67
X-3671,LEPROTL1,23484.0,Del0.8,0.7
X-3671,LETM1,3954.0,MutNovel,"I4M,0.488"
X-3671,LETM2,137994.0,Amp8,21.41
X-3671,LGI3,203190.0,Del0.8,0.72
X-3671,LIME1,54923.0,Amp5,5.43
X-3671,LINC00028,140875.0,Amp5,6.32
X-3671,LINC00029,100144596.0,Amp5,5.43
X-3671,LINC00032,158035.0,Del0.8,0.72
X-3671,LINC00176,284739.0,Amp5,5.43
X-3671,LINC00208,83655.0,Del0.8,0.71
X-3671,LINC00221,338005.0,Del0.8,0.7
X-3671,LINC00239,145200.0,Del0.8,0.74
X-3671,LINC00266-1,140849.0,Amp5,5.43
X-3671,LINC00290,728081.0,Del0.8,0.7
X-3671,LINC00470,56651.0,Del0.8,0.7
X-3671,LINC00523,283601.0,Del0.8,0.74
X-3671,LNPEP,4012.0,MutNovel,"TE684T,0.833"
X-3671,LOC100127888,100127888.0,Amp5,5.54
X-3671,LOC100128071,100128071.0,MutNovel,"P31R,0.583"
X-3671,LOC100128993,100128993.0,Del0.8,0.72
X-3671,LOC100129345,100129345.0,Del0.8,0.74
X-3671,LOC100131496,100131496.0,Amp5,5.94
X-3671,LOC100132247,100132247.0,MutNovel,"K493N,0.286"
X-3671,LOC100132396,100132396.0,MutNovel,"V71E,1.000"
X-3671,LOC100132396,100132396.0,MutNovel,"K87T,1.000"
X-3671,LOC100132396,100132396.0,MutNovel,"M89T,1.000"
X-3671,LOC100144597,100144597.0,Amp5,5.43
X-3671,LOC100287015,100287015.0,Del0.8,0.72
X-3671,LOC100505783,100505783.0,Amp5,6.45
X-3671,LOC100505815,100505815.0,Amp5,5.43
X-3671,LOC100506229,100506229.0,Del0.8,0.7
X-3671,LOC100506422,100506422.0,Del0.8,0.72
X-3671,LOC100507156,100507156.0,Del0.8,0.72
X-3671,LOC100507341,100507341.0,Del0.8,0.7
X-3671,LOC100507369,,MutNovel,"L103V,0.667"
X-3671,LOC100507656,,MutNovel,"G636R,0.286"
X-3671,LOC100652791,100652791.0,Del0.8,0.72
X-3671,LOC100996256,,MutNovel,"T187P,0.647"
X-3671,LOC100996426,,MutNovel,"L50P,0.259"
X-3671,LOC100996426,,MutNovel,"R64Q,0.278"
X-3671,LOC100996426,,MutNovel,"H74P,0.444"
X-3671,LOC100996541,,MutNovel,"P226L,0.333"
X-3671,LOC145216,145216.0,Del0.8,0.74
X-3671,LOC149950,149950.0,Amp5,6.32
X-3671,LOC157273,157273.0,Del0.8,0.71
X-3671,LOC201477,201477.0,Del0.8,0.7
X-3671,LOC283710,283710.0,MutKnownFunctional,"-25,1.000"
X-3671,LOC285501,285501.0,Del0.8,0.69
X-3671,LOC286059,286059.0,Del0.8,0.72
X-3671,LOC286083,286083.0,Del0.8,0.77
X-3671,LOC286114,286114.0,Del0.8,0.72
X-3671,LOC286135,286135.0,Del0.8,0.7
X-3671,LOC339975,339975.0,Del0.8,0.74
X-3671,LOC340357,340357.0,Del0.8,0.71
X-3671,LOC349196,349196.0,Del0.8,0.72
X-3671,LOC389247,389247.0,Del0.8,0.7
X-3671,LOC389641,389641.0,Del0.8,0.72
X-3671,LOC389705,389705.0,Del0.8,0.72
X-3671,LOC401164,401164.0,Del0.8,0.74
X-3671,LOC554223,554223.0,MutNovel,"S181R,1.000"
X-3671,LOC63930,63930.0,Amp5,5.43
X-3671,LOC642441,,MutNovel,"L209S,0.250"
X-3671,LOC642799,,MutNovel,"H146Q,0.667"
X-3671,LOC647946,647946.0,Del0.8,0.54
X-3671,LOC647979,647979.0,Amp5,6.87
X-3671,LOC727896,727896.0,Del0.8,0.7
X-3671,LOC728024,728024.0,Amp5,6.45
X-3671,LOC728175,728175.0,Del0.8,0.7
X-3671,LOC728741,,MutNovel,"M238L,0.750"
X-3671,LOC728888,,MutNovel,"R931W,0.600"
X-3671,LOC731424,731424.0,Del0.8,0.7
X-3671,LOC79015,79015.0,Amp5,6.45
X-3671,LONRF1,91694.0,Del0.8,0.71
X-3671,LONRF3,79836.0,MutNovel,"A122G,1.000"
X-3671,LOXL2,4017.0,Del0.8,0.72
X-3671,LPIN2,9663.0,Del0.8,0.7
X-3671,LPL,4023.0,Del0.8,0.72
X-3671,LRFN2,57497.0,MutNovel,"T36I,0.704"
X-3671,LRIG3,121227.0,MutNovel,"HQ880Q,1.000"
X-3671,LRP2BP,55805.0,Del0.8,0.7
X-3671,LRRC19,64922.0,Del0.8,0.72
X-3671,LSM1,27257.0,Amp5,6.45
X-3671,LSM14B,149986.0,Amp5,5.54
X-3671,LZTS1,11178.0,Del0.8,0.72
X-3671,MACROD2,140733.0,Del0.8,0.69
X-3671,MACROD2-AS1,100379174.0,Del0.8,0.21
X-3671,MAGIX,79917.0,MutNovel,"G218W,0.321"
X-3671,MAK16,84549.0,Del0.8,0.71
X-3671,MANBAL,63905.0,Amp5,6.36
X-3671,MAP1LC3A,84557.0,Amp5,6.87
X-3671,MAPKAPK2,9261.0,MutNovel,"T25A,0.769"
X-3671,MAPRE1,22919.0,Amp5,6.32
X-3671,MARK3,4140.0,Del0.8,0.74
X-3671,MBOAT4,619373.0,Del0.8,0.7
X-3671,MC2R,4158.0,Del0.8,0.75
X-3671,MC4R,4160.0,Del0.8,0.69
X-3671,MC5R,4161.0,Del0.8,0.75
X-3671,MCIN,,MutNovel,"E286K,1.000"
X-3671,MCM3AP,8888.0,MutNovel,"V1576I,0.656"
X-3671,MCM9,254394.0,MutNovel,"P1075S,0.662"
X-3671,MCPH1,79648.0,Del0.8,0.72
X-3671,MDC1,9656.0,MutNovel,"A1986T,0.641"
X-3671,MED12,9968.0,MutNovel,"R1357H,0.568"
X-3671,MEG3,55384.0,Del0.8,0.74
X-3671,MEG8,79104.0,Del0.8,0.74
X-3671,METRN,79006.0,MutNovel,"R22H,0.453"
X-3671,METTL4,64863.0,Del0.8,0.7
X-3671,MFHAS1,9258.0,Del0.8,0.71
X-3671,MGC45800,90768.0,Del0.8,0.7
X-3671,MIPEP,4285.0,MutNovel,"R476H,0.222"
X-3671,MIR1-1,406904.0,Amp5,5.54
X-3671,MIR101-2,406894.0,Del0.8,0.69
X-3671,MIR1185-1,100302157.0,Del0.8,0.74
X-3671,MIR1185-2,100302209.0,Del0.8,0.74
X-3671,MIR1193,100422837.0,Del0.8,0.74
X-3671,MIR1197,100302250.0,Del0.8,0.74
X-3671,MIR124-1,406907.0,Del0.8,0.71
X-3671,MIR124-3,406909.0,Amp5,5.43
X-3671,MIR1247,100302145.0,Del0.8,0.74
X-3671,MIR1257,100302168.0,Amp5,5.54
X-3671,MIR127,406914.0,Del0.8,0.74
X-3671,MIR1305,100302270.0,Del0.8,0.7
X-3671,MIR1322,100302166.0,Del0.8,0.71
X-3671,MIR133A2,406923.0,Amp5,5.54
X-3671,MIR134,406924.0,Del0.8,0.74
X-3671,MIR136,406927.0,Del0.8,0.74
X-3671,MIR154,406946.0,Del0.8,0.74
X-3671,MIR1914,100302137.0,Amp5,5.43
X-3671,MIR203,406986.0,Del0.8,0.74
X-3671,MIR2392,100616495.0,Del0.8,0.74
X-3671,MIR299,407023.0,Del0.8,0.74
X-3671,MIR300,100126297.0,Del0.8,0.74
X-3671,MIR31,407035.0,Del0.8,0.71
X-3671,MIR3148,100422876.0,Del0.8,0.7
X-3671,MIR3152,100422869.0,Del0.8,0.71
X-3671,MIR3156-2,100422907.0,Del0.8,0.77
X-3671,MIR3193,100422904.0,Amp5,6.32
X-3671,MIR3196,100423014.0,Amp5,5.43
X-3671,MIR31HG,554202.0,Del0.8,0.71
X-3671,MIR320A,407037.0,Del0.8,0.72
X-3671,MIR323A,442897.0,Del0.8,0.74
X-3671,MIR323B,574410.0,Del0.8,0.74
X-3671,MIR329-1,574408.0,Del0.8,0.74
X-3671,MIR329-2,574409.0,Del0.8,0.74
X-3671,MIR337,442905.0,Del0.8,0.74
X-3671,MIR345,442910.0,Del0.8,0.74
X-3671,MIR3545,100616173.0,Del0.8,0.74
X-3671,MIR3616,100500814.0,Amp5,5.94
X-3671,MIR3622A,100500858.0,Del0.8,0.7
X-3671,MIR3622B,100500871.0,Del0.8,0.7
X-3671,MIR3646,100500813.0,Amp5,6.45
X-3671,MIR369,442914.0,Del0.8,0.74
X-3671,MIR376A1,494325.0,Del0.8,0.74
X-3671,MIR376A2,664615.0,Del0.8,0.74
X-3671,MIR376B,574435.0,Del0.8,0.74
X-3671,MIR376C,442913.0,Del0.8,0.74
X-3671,MIR377,494326.0,Del0.8,0.74
X-3671,MIR379,494328.0,Del0.8,0.74
X-3671,MIR380,494329.0,Del0.8,0.74
X-3671,MIR381,494330.0,Del0.8,0.74
X-3671,MIR382,494331.0,Del0.8,0.74
X-3671,MIR383,494332.0,Del0.8,0.72
X-3671,MIR3926-1,100500870.0,Del0.8,0.71
X-3671,MIR3926-2,100500838.0,Del0.8,0.71
X-3671,MIR3945,100500818.0,Del0.8,0.7
X-3671,MIR409,574413.0,Del0.8,0.74
X-3671,MIR410,574434.0,Del0.8,0.74
X-3671,MIR411,693121.0,Del0.8,0.74
X-3671,MIR412,574433.0,Del0.8,0.74
X-3671,MIR4276,100423042.0,Del0.8,0.71
X-3671,MIR4287,100422828.0,Del0.8,0.7
X-3671,MIR4288,100422903.0,Del0.8,0.7
X-3671,MIR4295,100422909.0,Del0.8,0.7
X-3671,MIR4309,100422954.0,Del0.8,0.74
X-3671,MIR431,574038.0,Del0.8,0.74
X-3671,MIR432,574451.0,Del0.8,0.74
X-3671,MIR4326,100422945.0,Amp5,5.43
X-3671,MIR433,574034.0,Del0.8,0.74
X-3671,MIR4473,100616229.0,Del0.8,0.71
X-3671,MIR4474,100616441.0,Del0.8,0.71
X-3671,MIR4659A,100616348.0,Del0.8,0.72
X-3671,MIR4659B,100616372.0,Del0.8,0.72
X-3671,MIR4660,100616350.0,Del0.8,0.71
X-3671,MIR4665,100616288.0,Del0.8,0.69
X-3671,MIR4710,100616300.0,Del0.8,0.74
X-3671,MIR4755,100616434.0,Amp5,6.87
X-3671,MIR4758,100616340.0,Amp5,5.54
X-3671,MIR485,574436.0,Del0.8,0.74
X-3671,MIR487A,619555.0,Del0.8,0.74
X-3671,MIR487B,664616.0,Del0.8,0.74
X-3671,MIR491,574444.0,Del0.8,0.71
X-3671,MIR493,574450.0,Del0.8,0.74
X-3671,MIR494,574452.0,Del0.8,0.74
X-3671,MIR495,574453.0,Del0.8,0.74
X-3671,MIR496,574454.0,Del0.8,0.74
X-3671,MIR499A,574501.0,Amp5,6.87
X-3671,MIR499B,100616134.0,Amp5,6.87
X-3671,MIR539,664612.0,Del0.8,0.74
X-3671,MIR541,100126308.0,Del0.8,0.74
X-3671,MIR543,100126335.0,Del0.8,0.74
X-3671,MIR548O2,100616190.0,Del0.8,0.7
X-3671,MIR596,693181.0,Del0.8,0.78
X-3671,MIR597,693182.0,Del0.8,0.71
X-3671,MIR598,693183.0,Del0.8,0.71
X-3671,MIR644A,693229.0,Amp5,6.87
X-3671,MIR647,693232.0,Amp5,5.43
X-3671,MIR654,724024.0,Del0.8,0.74
X-3671,MIR655,724025.0,Del0.8,0.74
X-3671,MIR656,724026.0,Del0.8,0.74
X-3671,MIR665,100126315.0,Del0.8,0.74
X-3671,MIR668,768214.0,Del0.8,0.74
X-3671,MIR758,768212.0,Del0.8,0.74
X-3671,MIR770,768222.0,Del0.8,0.74
X-3671,MIR889,100126345.0,Del0.8,0.74
X-3671,MIR941-1,100126329.0,Amp5,5.43
X-3671,MIR941-3,100126352.0,Amp5,5.43
X-3671,MKRN7P,7686.0,Amp5,5.94
X-3671,MLANA,2315.0,Del0.8,0.69
X-3671,MLF1IP,79682.0,Del0.8,0.7
X-3671,MLH1,4292.0,MutLikelyFunctional,"K618T,0.989"
X-3671,MLLT3,4300.0,Del0.8,0.71
X-3671,MMP24,10893.0,Amp5,6.87
X-3671,MOK,5891.0,Del0.8,0.74
X-3671,MPDZ,8777.0,Del0.8,0.72
X-3671,MPRIP,23164.0,MutNovel,"TS178T,1.000"
X-3671,MREG,55686.0,MutNovel,"T128S,0.345"
X-3671,MSR1,4481.0,Del0.8,0.71
X-3671,MSRA,4482.0,Del0.8,0.71
X-3671,MTAP,4507.0,Del0.8,0.71
X-3671,MTMR7,9108.0,Del0.8,0.72
X-3671,MTMR9,66036.0,Del0.8,0.71
X-3671,MTNR1A,4543.0,Del0.8,0.7
X-3671,MTRNR2L2,100462981.0,MutNovel,"S12L,1.000"
X-3671,MTUS1,57509.0,Del0.8,0.72
X-3671,MTX1,4580.0,MutNovel,"R402H,0.510"
X-3671,MUC12,10071.0,MutNovel,"L1735F,0.591"
X-3671,MUC12,10071.0,MutNovel,"S1741L,0.500"
X-3671,MUC12,10071.0,MutNovel,"V3487I,1.000"
X-3671,MUC12,10071.0,MutNovel,"T3643M,0.300"
X-3671,MUC12,10071.0,MutNovel,"S4095G,0.714"
X-3671,MUC12,10071.0,MutNovel,"T4363I,0.500"
X-3671,MUC12,10071.0,MutNovel,"L4568F,0.625"
X-3671,MUC17,140453.0,MutNovel,"S539R,0.500"
X-3671,MUC3A,,MutNovel,"F453S,1.000"
X-3671,MUC3A,,MutNovel,"E601Q,0.913"
X-3671,MUC3A,,MutNovel,"I736T,0.581"
X-3671,MUC6,4588.0,MutNovel,"M1648T,1.000"
X-3671,MXRA8,54587.0,MutNovel,"A41T,0.762"
X-3671,MYBL2,4605.0,Amp5,6.45
X-3671,MYH7B,57644.0,Amp5,6.87
X-3671,MYL12A,10627.0,Del0.8,0.7
X-3671,MYL12B,103910.0,Del0.8,0.7
X-3671,MYL9,10398.0,Amp5,6.87
X-3671,MYLK2,85366.0,Amp5,6.32
X-3671,MYO7A,4647.0,MutKnownFunctional,"-1172,1.000"
X-3671,MYOM1,8736.0,Del0.8,0.7
X-3671,MYOM2,9172.0,Del0.8,0.78
X-3671,MYT1,4661.0,Amp5,5.43
X-3671,NAT1,9.0,Del0.8,0.72
X-3671,NAT2,10.0,Del0.8,0.72
X-3671,NBEA,26960.0,MutNovel,"G411R,0.800"
X-3671,NBPF1,55672.0,MutNovel,"D712H,0.596"
X-3671,NBPF1,55672.0,MutNovel,"L377V,0.429"
X-3671,NBPF14,25832.0,MutNovel,"S524N,0.667"
X-3671,NBPF24,,MutNovel,"S583G,1.000"
X-3671,NCOA3,8202.0,Amp5,6.41
X-3671,NCOA6,23054.0,Amp5,6.87
X-3671,NCOR2,9612.0,MutNovel,"G1839GAAA,1.000"
X-3671,NCOR2,9612.0,MutNovel,"-511S,1.000"
X-3671,NCR3LG1,,MutNovel,"S414L,0.296"
X-3671,NCRNA00185,55410.0,Del0.8,0.16
X-3671,NDC80,10403.0,Del0.8,0.7
X-3671,NDRG3,57446.0,Amp5,6.87
X-3671,NECAB3,63941.0,Amp5,6.87
X-3671,NEFL,4747.0,Del0.8,0.71
X-3671,NEFM,4741.0,Del0.8,0.71
X-3671,NEIL2,252969.0,Del0.8,0.71
X-3671,NEIL3,55247.0,Del0.8,0.69
X-3671,NES,10763.0,MutNovel,"T1224A,0.667"
X-3671,NFIB,4781.0,Del0.8,0.72
X-3671,NFS1,9054.0,Amp5,6.87
X-3671,NKAIN4,128414.0,Amp5,5.43
X-3671,NKX2-6,137814.0,Del0.8,0.71
X-3671,NKX3-1,4824.0,Del0.8,0.71
X-3671,NLGN4Y,22829.0,Del0.8,0.71
X-3671,NPBWR2,2832.0,Amp5,5.43
X-3671,NPHP3,27031.0,MutNovel,"P10S,0.308"
X-3671,NPM2,10361.0,Del0.8,0.72
X-3671,NR1H2,7376.0,MutNovel,"-173Q,1.000"
X-3671,NRG1,3084.0,Del0.8,0.71
X-3671,NSD1,64324.0,MutNovel,"R1952W,1.000"
X-3671,NSMCE2,286053.0,MutNovel,"G13D,0.703"
X-3671,NUDT18,79873.0,Del0.8,0.72
X-3671,NUP62,23636.0,MutNovel,"-287A,0.388"
X-3671,NUP62,23636.0,MutNovel,"A279-,1.000"
X-3671,NXPE4,,MutNovel,"L105F,1.000"
X-3671,ODZ3,55714.0,Del0.8,0.7
X-3671,OGFR,11054.0,Amp5,5.43
X-3671,OPRL1,4987.0,Amp5,5.43
X-3671,OR10G9,219870.0,MutNovel,"KT3NA,1.000"
X-3671,OR4K2,390431.0,Del0.8,0.63
X-3671,OR4M1,441670.0,Del0.8,0.63
X-3671,OR4N2,390429.0,Del0.8,0.63
X-3671,OR4Q3,441669.0,Del0.8,0.63
X-3671,OR6T1,219874.0,MutNovel,"R122H,0.429"
X-3671,ORAI1,84876.0,MutNovel,"PP43-,1.000"
X-3671,ORC1,4998.0,MutNovel,"A197S,0.279"
X-3671,OSBPL2,9885.0,Amp5,5.54
X-3671,OVOS,,MutNovel,"Q421H,1.000"
X-3671,OVOS,,MutNovel,"V427L,1.000"
X-3671,OVOS,,MutNovel,"I478L,1.000"
X-3671,OVOS2,,MutNovel,"I898T,1.000"
X-3671,PABPC3,5042.0,MutKnownFunctional,"-299,0.500"
X-3671,PAPOLA,10914.0,Del0.8,0.72
X-3671,PARK2,5071.0,Del0.8,0.36
X-3671,PBK,55872.0,Del0.8,0.7
X-3671,PCDH11Y,83259.0,Del0.8,0.26
X-3671,PCM1,5108.0,MutNovel,"I1698L,1.000"
X-3671,PCM1,5108.0,Del0.8,0.72
X-3671,PCMTD2,55251.0,Amp5,5.43
X-3671,PDCD1LG2,80380.0,Del0.8,0.69
X-3671,PDCD2,5134.0,MutNovel,"P18L,0.680"
X-3671,PDE4A,5141.0,MutNovel,"A466T,0.270"
X-3671,PDGFRL,5157.0,Del0.8,0.72
X-3671,PDLIM2,64236.0,Del0.8,0.72
X-3671,PDLIM3,27295.0,Del0.8,0.7
X-3671,PDRG1,81572.0,Amp5,6.32
X-3671,PEBP4,157310.0,Del0.8,0.72
X-3671,PHF10,55274.0,MutNovel,"G24E,0.746"
X-3671,PHF20,51230.0,Amp5,6.87
X-3671,PHLDA1,22822.0,MutNovel,"QQ194Q,1.000"
X-3671,PHYHIP,9796.0,Del0.8,0.72
X-3671,PIEZO1,9780.0,MutNovel,"R1028H,0.707"
X-3671,PIF1,80119.0,MutNovel,"F77L,0.412"
X-3671,PIGQ,9091.0,MutNovel,"Q135H,0.482"
X-3671,PIGU,128869.0,Amp5,6.87
X-3671,PINX1,54984.0,Del0.8,0.71
X-3671,PIWIL2,55124.0,Del0.8,0.72
X-3671,PKIG,11142.0,Amp5,6.45
X-3671,PLAA,9373.0,Del0.8,0.72
X-3671,PLAGL2,5326.0,Amp5,6.32
X-3671,PLB1,151056.0,MutNovel,"L1453P,0.505"
X-3671,PLEKHN1,84069.0,MutNovel,"R397W,0.800"
X-3671,PLIN2,123.0,Del0.8,0.71
X-3671,PMAIP1,5366.0,Del0.8,0.69
X-3671,PNMA2,10687.0,Del0.8,0.72
X-3671,PNOC,5368.0,Del0.8,0.7
X-3671,POFUT1,23509.0,Amp5,6.32
X-3671,POLR3D,661.0,Del0.8,0.72
X-3671,PPAPDC1B,84513.0,Amp5,6.45
X-3671,PPAPDC2,403313.0,Del0.8,0.69
X-3671,PPDPF,79144.0,Amp5,5.43
X-3671,PPM1A,5494.0,MutNovel,"A411G,0.322"
X-3671,PPP1R13B,23368.0,Del0.8,0.74
X-3671,PPP1R3B,79660.0,Del0.8,0.71
X-3671,PPP2CB,5516.0,Del0.8,0.71
X-3671,PPP2R2A,5520.0,Del0.8,0.72
X-3671,PPP2R5C,5527.0,Del0.8,0.74
X-3671,PPP3CC,5533.0,Del0.8,0.72
X-3671,PRAMEF22,653606.0,Del0.8,0.78
X-3671,PRAMEF3,401940.0,Del0.8,0.78
X-3671,PRAMEF5,343068.0,Del0.8,0.78
X-3671,PRAMEF6,440561.0,Del0.8,0.78
X-3671,PRIC285,85441.0,Amp5,5.43
X-3671,PRKY,5616.0,Del0.8,0.18
X-3671,PROCR,10544.0,Amp5,6.87
X-3671,PROSC,11212.0,Amp5,6.45
X-3671,PRPF38A,84950.0,MutNovel,"R225L,0.512"
X-3671,PRPF6,24148.0,Amp5,5.43
X-3671,PRSS3,5646.0,MutNovel,"E88G,0.758"
X-3671,PRSS3,5646.0,MutNovel,"E88D,0.846"
X-3671,PRSS3,5646.0,MutNovel,"G200S,1.000"
X-3671,PRSS55,203074.0,Del0.8,0.71
X-3671,PRY,9081.0,Del0.8,0.16
X-3671,PRY,9081.0,Del0.8,0.16
X-3671,PRY2,442862.0,Del0.8,0.16
X-3671,PRY2,442862.0,Del0.8,0.16
X-3671,PSD3,23362.0,Del0.8,0.72
X-3671,PSIMCT-1,100101490.0,Amp5,6.32
X-3671,PSIP1,11168.0,Del0.8,0.72
X-3671,PSMA7,5688.0,Amp5,5.54
X-3671,PSMB7,5695.0,MutNovel,"A8D,1.000"
X-3671,PTK2B,2185.0,Del0.8,0.7
X-3671,PTK6,5753.0,MutKnownFunctional,"-246,0.258"
X-3671,PTK6,5753.0,Amp5,5.43
X-3671,PTPLAD2,401494.0,Del0.8,0.71
X-3671,PTPRD,5789.0,Del0.8,0.71
X-3671,PTPRT,11122.0,Amp5,5.21
X-3671,PURG,29942.0,Del0.8,0.71
X-3671,PXMP4,11264.0,Amp5,6.87
X-3671,PYGB,5834.0,Amp5,5.62
X-3671,R3HCC1,203069.0,Del0.8,0.72
X-3671,R3HDML,140902.0,Amp5,6.45
X-3671,RAB11FIP1,80223.0,Amp5,6.45
X-3671,RABGAP1L,9910.0,MutNovel,"P165S,0.529"
X-3671,RALY,22913.0,Amp5,6.87
X-3671,RANBP6,26953.0,Del0.8,0.69
X-3671,RBL1,5933.0,Amp5,5.17
X-3671,RBM10,8241.0,MutNovel,"R236W,0.995"
X-3671,RBM12,10137.0,Amp5,6.87
X-3671,RBM33,155435.0,MutNovel,"H636Q,0.314"
X-3671,RBM39,9584.0,Amp5,6.87
X-3671,RBMY1A3P,286557.0,Del0.8,0.18
X-3671,RBMY1B,378948.0,Del0.8,0.16
X-3671,RBMY1B,378948.0,Del0.8,0.16
X-3671,RBMY1E,378950.0,Del0.8,0.16
X-3671,RBMY1E,378950.0,Del0.8,0.16
X-3671,RBMY1F,159163.0,Del0.8,0.16
X-3671,RBMY1F,159163.0,Del0.8,0.16
X-3671,RBMY1J,378951.0,Del0.8,0.16
X-3671,RBMY1J,378951.0,Del0.8,0.16
X-3671,RBMY2EP,159125.0,Del0.8,0.16
X-3671,RBMY2FP,159162.0,Del0.8,0.16
X-3671,RBMY3AP,64593.0,Del0.8,0.19
X-3671,RBPMS,11030.0,Del0.8,0.7
X-3671,RCC1,1104.0,MutNovel,"L375P,0.460"
X-3671,RCL1,10171.0,Del0.8,0.69
X-3671,RCOR1,23186.0,Del0.8,0.74
X-3671,REEP4,80346.0,Del0.8,0.72
X-3671,REM1,28954.0,Amp5,6.32
X-3671,RFX3,5991.0,Del0.8,0.69
X-3671,RGS19,10287.0,Amp5,5.43
X-3671,RHOBTB2,23221.0,Del0.8,0.72
X-3671,RIN3,79890.0,MutNovel,"G967-,1.000"
X-3671,RLN1,6013.0,Del0.8,0.69
X-3671,RLN2,6019.0,Del0.8,0.69
X-3671,RNF122,79845.0,Del0.8,0.71
X-3671,RNF223,401934.0,MutNovel,"G38D,0.382"
X-3671,RNF5P1,286140.0,Amp8,15.03
X-3671,RNH1,6050.0,MutNovel,"N66S,0.635"
X-3671,RNMT,8731.0,Del0.8,0.75
X-3671,ROCK1P1,727758.0,Del0.8,0.7
X-3671,ROMO1,140823.0,Amp5,6.87
X-3671,RP1L1,94137.0,Del0.8,0.71
X-3671,RPN2,6185.0,Amp5,6.36
X-3671,RPS21,6227.0,Amp5,5.54
X-3671,RPS4Y1,6192.0,Del0.8,0.26
X-3671,RPS4Y2,140032.0,Del0.8,0.16
X-3671,RPS6,6194.0,Del0.8,0.71
X-3671,RPS6KA5,9252.0,Del0.8,0.72
X-3671,RRAGA,10670.0,Del0.8,0.71
X-3671,RREB1,6239.0,MutNovel,"D1531N,0.328"
X-3671,RTEL1,51750.0,Amp5,5.43
X-3671,RTEL1-TNFRSF6B,100533107.0,Amp5,5.43
X-3671,RTL1,388015.0,Del0.8,0.74
X-3671,RWDD4,201965.0,Del0.8,0.7
X-3671,SAFB2,9667.0,MutNovel,"R650P,0.224"
X-3671,SAMD10,140700.0,Amp5,5.43
X-3671,SAMHD1,25939.0,Amp5,6.87
X-3671,SCAND1,51282.0,Amp5,6.87
X-3671,SCARA3,51435.0,Del0.8,0.7
X-3671,SCARA5,286133.0,Del0.8,0.7
X-3671,SCARNA8,677776.0,Del0.8,0.71
X-3671,SEC16B,89866.0,MutNovel,"L458M,0.491"
X-3671,SERBP1,26135.0,MutNovel,"E263Q,0.526"
X-3671,SERINC2,347735.0,MutNovel,"-373Q,0.525"
X-3671,SERINC3,10955.0,Amp5,6.45
X-3671,SERPINE1,5054.0,MutNovel,"D320N,0.417"
X-3671,SETD3,84193.0,Del0.8,0.74
X-3671,SFTPC,6440.0,Del0.8,0.72
X-3671,SGCZ,137868.0,Del0.8,0.62
X-3671,SGK2,10110.0,Amp5,6.45
X-3671,SGK223,157285.0,Del0.8,0.71
X-3671,SH2D4A,63898.0,Del0.8,0.72
X-3671,SHPRH,257218.0,MutNovel,"K524E,0.429"
X-3671,SIVA1,10572.0,Del0.8,0.74
X-3671,SLA2,84174.0,Amp5,6.87
X-3671,SLAIN2,57606.0,MutNovel,"I266V,0.437"
X-3671,SLC13A3,64849.0,Amp5,5.94
X-3671,SLC17A9,63910.0,Amp5,5.43
X-3671,SLC18A1,6570.0,Del0.8,0.72
X-3671,SLC1A1,6505.0,Del0.8,0.69
X-3671,SLC24A2,25769.0,Del0.8,0.71
X-3671,SLC25A29,123096.0,Del0.8,0.74
X-3671,SLC25A37,51312.0,Del0.8,0.5
X-3671,SLC25A4,291.0,Del0.8,0.7
X-3671,SLC25A47,283600.0,Del0.8,0.74
X-3671,SLC28A1,9154.0,MutNovel,"L140LV,0.667"
X-3671,SLC2A10,81031.0,Amp5,5.94
X-3671,SLC2A4RG,56731.0,Amp5,5.43
X-3671,SLC35E2,9906.0,MutNovel,"R74W,0.571"
X-3671,SLC35G5,83650.0,Del0.8,0.71
X-3671,SLC39A14,23516.0,Del0.8,0.72
X-3671,SLC7A2,6542.0,Del0.8,0.72
X-3671,SLCO4A1,28231.0,Amp5,5.54
X-3671,SLED1,643036.0,Del0.8,0.7
X-3671,SMAD5,4090.0,MutKnownFunctional,"-439?,1.000"
X-3671,SMARCA2,6595.0,Del0.8,0.69
X-3671,SMCHD1,23347.0,Del0.8,0.7
X-3671,SMG1,23049.0,MutNovel,"I2717V,0.454"
X-3671,SNAPC3,6619.0,Del0.8,0.72
X-3671,SNORA11B,100124539.0,Del0.8,0.72
X-3671,SNORA28,677811.0,Del0.8,0.74
X-3671,SNORD113-1,767561.0,Del0.8,0.74
X-3671,SNORD113-2,767562.0,Del0.8,0.74
X-3671,SNORD113-4,767564.0,Del0.8,0.74
X-3671,SNORD113-5,767565.0,Del0.8,0.74
X-3671,SNORD113-6,767566.0,Del0.8,0.74
X-3671,SNORD113-7,767567.0,Del0.8,0.74
X-3671,SNORD113-9,767569.0,Del0.8,0.74
X-3671,SNORD114-1,767577.0,Del0.8,0.74
X-3671,SNORD114-10,767588.0,Del0.8,0.74
X-3671,SNORD114-11,767589.0,Del0.8,0.74
X-3671,SNORD114-12,767590.0,Del0.8,0.74
X-3671,SNORD114-13,767591.0,Del0.8,0.74
X-3671,SNORD114-14,767592.0,Del0.8,0.74
X-3671,SNORD114-15,767593.0,Del0.8,0.74
X-3671,SNORD114-16,767594.0,Del0.8,0.74
X-3671,SNORD114-17,767595.0,Del0.8,0.74
X-3671,SNORD114-18,767596.0,Del0.8,0.74
X-3671,SNORD114-19,767597.0,Del0.8,0.74
X-3671,SNORD114-2,767578.0,Del0.8,0.74
X-3671,SNORD114-20,767598.0,Del0.8,0.74
X-3671,SNORD114-21,767599.0,Del0.8,0.74
X-3671,SNORD114-22,767600.0,Del0.8,0.74
X-3671,SNORD114-23,767603.0,Del0.8,0.74
X-3671,SNORD114-24,767604.0,Del0.8,0.74
X-3671,SNORD114-25,767605.0,Del0.8,0.74
X-3671,SNORD114-26,767606.0,Del0.8,0.74
X-3671,SNORD114-27,767608.0,Del0.8,0.74
X-3671,SNORD114-28,767609.0,Del0.8,0.74
X-3671,SNORD114-29,767610.0,Del0.8,0.74
X-3671,SNORD114-3,767579.0,Del0.8,0.74
X-3671,SNORD114-30,767611.0,Del0.8,0.74
X-3671,SNORD114-31,767612.0,Del0.8,0.74
X-3671,SNORD114-4,767580.0,Del0.8,0.74
X-3671,SNORD114-5,767581.0,Del0.8,0.74
X-3671,SNORD114-6,767582.0,Del0.8,0.74
X-3671,SNORD114-7,767583.0,Del0.8,0.74
X-3671,SNORD114-8,767584.0,Del0.8,0.74
X-3671,SNORD114-9,767585.0,Del0.8,0.74
X-3671,SNTA1,6640.0,Amp5,6.87
X-3671,SNX25,83891.0,Del0.8,0.7
X-3671,SNX8,29886.0,MutNovel,"P8R,0.467"
X-3671,SORBS2,8470.0,Del0.8,0.75
X-3671,SORBS3,10174.0,Del0.8,0.72
X-3671,SOX18,54345.0,Amp5,5.43
X-3671,SOX7,83595.0,Del0.8,0.71
X-3671,SPAG4,6676.0,MutNovel,"M199T,0.369"
X-3671,SPAG4,6676.0,Amp5,6.87
X-3671,SPATA4,132851.0,Del0.8,0.69
X-3671,SPCS3,60559.0,Del0.8,0.69
X-3671,SPTBN1,6711.0,MutNovel,"R99S,0.363"
X-3671,SRC,6714.0,Amp5,6.36
X-3671,SRMS,6725.0,Amp5,5.43
X-3671,SRSF6,6431.0,Amp5,6.45
X-3671,SRY,6736.0,Del0.8,0.26
X-3671,SS18L1,26039.0,Amp5,5.54
X-3671,STAR,6770.0,Amp5,6.45
X-3671,STC1,6781.0,Del0.8,0.71
X-3671,STMN3,50861.0,Amp5,5.43
X-3671,STMN4,81551.0,Del0.8,0.7
X-3671,STOX2,56977.0,Del0.8,0.7
X-3671,SULF2,55959.0,Amp5,5.35
X-3671,SULT1A4,445329.0,MutNovel,"M220V,1.000"
X-3671,SVIL,6840.0,MutNovel,"N1403S,0.312"
X-3671,TAF1L,138474.0,MutKnownFunctional,"-665?,1.000"
X-3671,TAF4,6874.0,Amp5,5.54
X-3671,TAS2R43,259289.0,Del0.8,0.68
X-3671,TBP,6908.0,MutNovel,"-64Q,0.944"
X-3671,TCEA2,6919.0,Amp5,5.43
X-3671,TCFL5,10732.0,Amp5,5.43
X-3671,TDH,157739.0,Del0.8,0.71
X-3671,TDRD5,163589.0,MutNovel,"N752D,0.688"
X-3671,TDRD9,122402.0,Del0.8,0.74
X-3671,TECPR2,9895.0,Del0.8,0.74
X-3671,TEK,7010.0,Del0.8,0.72
X-3671,TEX15,56154.0,Del0.8,0.71
X-3671,TGIF1,7050.0,Del0.8,0.7
X-3671,TGIF2,60436.0,Amp5,6.87
X-3671,TGIF2-C20ORF24,100527943.0,Amp5,6.87
X-3671,TGIF2LY,90655.0,Del0.8,0.26
X-3671,THOC1,9984.0,Del0.8,0.7
X-3671,TICAM1,148022.0,MutNovel,"Y580C,0.327"
X-3671,TLN2,83660.0,MutNovel,"G1927S,0.600"
X-3671,TM9SF4,9777.0,Amp5,6.32
X-3671,TMBIM4,51643.0,MutKnownFunctional,"-174?,0.762"
X-3671,TMCO3,55002.0,MutNovel,"L334V,0.307"
X-3671,TMEM179,388021.0,Del0.8,0.74
X-3671,TMEM181,57583.0,MutNovel,"Q405K,0.261"
X-3671,TMEM183B,,MutNovel,"H197R,1.000"
X-3671,TMEM184A,202915.0,MutNovel,"G392GA,0.503"
X-3671,TMEM65,157378.0,MutNovel,"P44R,0.412"
X-3671,TMEM66,51669.0,Del0.8,0.7
X-3671,TMSB4Y,9087.0,Del0.8,0.19
X-3671,TNFAIP2,7127.0,MutNovel,"R586C,1.000"
X-3671,TNFAIP2,7127.0,Del0.8,0.74
X-3671,TNFRSF10A,8797.0,Del0.8,0.72
X-3671,TNFRSF10B,8795.0,Del0.8,0.72
X-3671,TNFRSF10C,8794.0,Del0.8,0.72
X-3671,TNFRSF10D,8793.0,Del0.8,0.72
X-3671,TNFRSF6B,8771.0,Amp5,5.43
X-3671,TNK2,10188.0,MutNovel,"A4D,0.667"
X-3671,TNKS,8658.0,Del0.8,0.71
X-3671,TOMM20,9804.0,MutNovel,"R37G,0.504"
X-3671,TONSL,4796.0,MutNovel,"P994S,0.347"
X-3671,TOX2,84969.0,Amp5,6.45
X-3671,TOX4,9878.0,MutNovel,"-429A,1.000"
X-3671,TP53,7157.0,MutKnownFunctional,"M237I,0.996"
X-3671,TP53INP2,58476.0,Amp5,6.87
X-3671,TP53RK,112858.0,Amp5,5.94
X-3671,TPD52L2,7165.0,Amp5,5.43
X-3671,TPD52L3,89882.0,Del0.8,0.69
X-3671,TPX2,22974.0,Amp5,6.32
X-3671,TRAF3,7187.0,Del0.8,0.74
X-3671,TRAP1,10131.0,MutNovel,"Y514C,0.508"
X-3671,TRAPPC11,60684.0,Del0.8,0.7
X-3671,TRAPPC5,126003.0,MutNovel,"R183W,0.686"
X-3671,TRIB1,10221.0,MutNovel,"S139L,0.675"
X-3671,TRIM35,23087.0,Del0.8,0.7
X-3671,TRIM49L1,729384.0,Del0.8,0.72
X-3671,TRIM49L1,729384.0,Del0.8,0.72
X-3671,TRIM64B,642446.0,Del0.8,0.72
X-3671,TRIML1,339976.0,Del0.8,0.74
X-3671,TRIML2,205860.0,Del0.8,0.74
X-3671,TRMT61A,115708.0,Del0.8,0.74
X-3671,TRPC4AP,26133.0,Amp5,6.87
X-3671,TSKS,60385.0,MutNovel,"EPEEKQ257-,0.467"
X-3671,TSPY1,7258.0,Del0.8,0.18
X-3671,TSPY2,64591.0,Del0.8,0.11
X-3671,TSPY26P,128854.0,Amp5,6.32
X-3671,TSPY3,728137.0,Del0.8,0.11
X-3671,TSPY4,728395.0,Del0.8,0.13
X-3671,TSPY8,728403.0,Del0.8,0.18
X-3671,TSPYL1,7259.0,MutNovel,"V176VW,1.000"
X-3671,TTC30B,150737.0,MutNovel,"P372S,0.722"
X-3671,TTC39B,158219.0,Del0.8,0.72
X-3671,TTI2,80185.0,Del0.8,0.71
X-3671,TTLL9,164395.0,Amp5,6.32
X-3671,TTPAL,79183.0,Amp5,6.45
X-3671,TTTY10,246119.0,Del0.8,0.16
X-3671,TTTY11,83866.0,Del0.8,0.18
X-3671,TTTY12,83867.0,Del0.8,0.18
X-3671,TTTY13,83868.0,Del0.8,0.16
X-3671,TTTY14,83869.0,Del0.8,0.16
X-3671,TTTY15,64595.0,Del0.8,0.19
X-3671,TTTY16,252948.0,Del0.8,0.18
X-3671,TTTY17A,252949.0,Del0.8,0.1
X-3671,TTTY17A,252949.0,Del0.8,0.06
X-3671,TTTY18,252950.0,Del0.8,0.18
X-3671,TTTY19,252952.0,Del0.8,0.18
X-3671,TTTY1B,100101116.0,Del0.8,0.11
X-3671,TTTY1B,100101116.0,Del0.8,0.19
X-3671,TTTY2,60439.0,Del0.8,0.19
X-3671,TTTY2,60439.0,Del0.8,0.11
X-3671,TTTY20,252951.0,Del0.8,0.18
X-3671,TTTY21,252953.0,Del0.8,0.11
X-3671,TTTY21,252953.0,Del0.8,0.19
X-3671,TTTY22,252954.0,Del0.8,0.19
X-3671,TTTY23,252955.0,Del0.8,0.19
X-3671,TTTY23,252955.0,Del0.8,0.11
X-3671,TTTY3,114760.0,Del0.8,0.16
X-3671,TTTY3,114760.0,Del0.8,0.1
X-3671,TTTY4,114761.0,Del0.8,0.1
X-3671,TTTY4,114761.0,Del0.8,0.06
X-3671,TTTY5,83863.0,Del0.8,0.16
X-3671,TTTY6,84672.0,Del0.8,0.16
X-3671,TTTY6,84672.0,Del0.8,0.16
X-3671,TTTY7,246122.0,Del0.8,0.19
X-3671,TTTY7,246122.0,Del0.8,0.11
X-3671,TTTY7B,100101120.0,Del0.8,0.19
X-3671,TTTY7B,100101120.0,Del0.8,0.11
X-3671,TTTY8,84673.0,Del0.8,0.19
X-3671,TTTY8,84673.0,Del0.8,0.11
X-3671,TTTY9A,83864.0,Del0.8,0.16
X-3671,TTTY9A,83864.0,Del0.8,0.16
X-3671,TUSC1,286319.0,Del0.8,0.72
X-3671,TUSC3,7991.0,Del0.8,0.71
X-3671,TXLNG2P,246126.0,Del0.8,0.16
X-3671,TYMS,7298.0,Del0.8,0.7
X-3671,TYRP1,7306.0,Del0.8,0.72
X-3671,UBXN8,7993.0,Del0.8,0.71
X-3671,UCKL1,54963.0,Amp5,5.43
X-3671,UCKL1-AS1,100113386.0,Amp5,5.43
X-3671,UFSP2,55325.0,Del0.8,0.7
X-3671,UHRF2,115426.0,Del0.8,0.69
X-3671,UNC5D,137970.0,Del0.8,0.69
X-3671,UPK3BL,,MutKnownFunctional,"-61?,0.207"
X-3671,UQCC,55245.0,Amp5,6.87
X-3671,USP14,9097.0,Del0.8,0.7
X-3671,USP54,159195.0,MutNovel,"S985Y,0.476"
X-3671,USP9Y,8287.0,Del0.8,0.19
X-3671,UTY,7404.0,Del0.8,0.19
X-3671,VCY,9084.0,Del0.8,0.19
X-3671,VCY,9084.0,Del0.8,0.19
X-3671,VDR,7421.0,MutNovel,"M156I,0.385"
X-3671,VEGFC,7424.0,Del0.8,0.69
X-3671,VEZF1,7716.0,MutNovel,"H355HN,0.506"
X-3671,VLDLR,7436.0,Del0.8,0.69
X-3671,VPS37A,137492.0,Del0.8,0.72
X-3671,VRK1,7443.0,Del0.8,0.72
X-3671,VRK2,7444.0,MutNovel,"K200R,0.617"
X-3671,WARS,7453.0,Del0.8,0.74
X-3671,WASH1,100287171.0,MutNovel,"P152A,0.314"
X-3671,WDPCP,51057.0,MutNovel,"R483G,0.250"
X-3671,WDR17,116966.0,Del0.8,0.69
X-3671,WDR20,91833.0,Del0.8,0.74
X-3671,WDR25,79446.0,Del0.8,0.74
X-3671,WDR75,84128.0,Amp5,5.5
X-3671,WHSC1L1,54904.0,Amp8,14.42
X-3671,WRN,7486.0,Del0.8,0.71
X-3671,WWC2,80014.0,Del0.8,0.7
X-3671,XKR5,389610.0,Del0.8,0.72
X-3671,XKR6,286046.0,Del0.8,0.71
X-3671,XKR7,343702.0,Amp5,6.32
X-3671,XKRY2,353515.0,Del0.8,0.16
X-3671,XKRY2,353515.0,Del0.8,0.16
X-3671,XPNPEP2,7512.0,MutNovel,"R439H,1.000"
X-3671,XPO7,23039.0,Del0.8,0.72
X-3671,XRCC3,7517.0,Del0.8,0.74
X-3671,XRN1,54464.0,MutNovel,"D1637H,0.745"
X-3671,YES1,7525.0,Del0.8,0.7
X-3671,YTHDF1,54915.0,Amp5,5.43
X-3671,YY1,7528.0,Del0.8,0.74
X-3671,ZBED6,100381270.0,MutNovel,"F781V,0.346"
X-3671,ZBTB42,100128927.0,Del0.8,0.74
X-3671,ZBTB46,140685.0,Amp5,5.43
X-3671,ZDHHC11,79844.0,MutNovel,"A305T,0.545"
X-3671,ZDHHC2,51201.0,Del0.8,0.72
X-3671,ZDHHC21,340481.0,Del0.8,0.72
X-3671,ZFP42,132625.0,Del0.8,0.74
X-3671,ZFY,7544.0,Del0.8,0.26
X-3671,ZFYVE21,79038.0,Del0.8,0.74
X-3671,ZGPAT,84619.0,Amp5,5.43
X-3671,ZMYND8,23613.0,Amp5,5.94
X-3671,ZNF334,55713.0,Amp5,5.94
X-3671,ZNF337,26152.0,MutNovel,"S143L,0.455"
X-3671,ZNF341,84905.0,Amp5,6.87
X-3671,ZNF384,171017.0,MutNovel,"QQ514Q,1.000"
X-3671,ZNF395,55893.0,Del0.8,0.7
X-3671,ZNF418,147686.0,MutNovel,"H297Q,0.667"
X-3671,ZNF441,126068.0,MutNovel,"T245I,0.303"
X-3671,ZNF444,55311.0,MutNovel,"R198Q,0.675"
X-3671,ZNF45,7596.0,MutKnownFunctional,"-151?,0.485"
X-3671,ZNF469,84627.0,MutNovel,"G3213D,0.727"
X-3671,ZNF512B,57473.0,Amp5,5.43
X-3671,ZNF518A,9849.0,MutNovel,"N1077S,0.389"
X-3671,ZNF596,169270.0,Del0.8,0.77
X-3671,ZNF703,80139.0,Amp5,6.45
X-3671,ZNF705A,440077.0,MutNovel,"M36T,1.000"
X-3671,ZNF705A,440077.0,MutNovel,"R67W,0.333"
X-3671,ZNF772,400720.0,MutNovel,"A4GP,0.667"
X-3671,ZNF839,55778.0,Del0.8,0.74
X-3671,ZNF844,284391.0,MutNovel,"R146C,0.543"
X-3671,ZNF860,344787.0,MutNovel,"E12G,0.500"
X-3671,ZNF860,344787.0,MutNovel,"H23R,0.364"
X-3671,ZNRF2,223082.0,MutNovel,"V87M,0.520"
X-3671,ZSWIM5,57643.0,MutNovel,"A160G,0.571"
X-3684,ABCA10,10349.0,MutKnownFunctional,"-1505,0.857"
X-3684,ABCD1,215.0,Del0.8,0.78
X-3684,ACSL4,2182.0,Del0.8,0.76
X-3684,ACTRT1,139741.0,Del0.8,0.78
X-3684,ADAM3A,1587.0,Del0.8,0.22
X-3684,ADAM5P,255926.0,Del0.8,0.75
X-3684,ADAM6,8755.0,Amp5,6.32
X-3684,ADRB3,155.0,Del0.8,0.76
X-3684,AFF2,2334.0,Del0.8,0.78
X-3684,AGAP4,119016.0,MutNovel,"S87N,0.750"
X-3684,AGAP8,728404.0,MutNovel,"R494G,0.245"
X-3684,AGPAT5,55326.0,Del0.8,0.78
X-3684,AGSK1,80154.0,Del0.8,0.7
X-3684,AGTR2,186.0,Del0.8,0.76
X-3684,AIFM1,9131.0,Del0.8,0.78
X-3684,AK3,50808.0,Del0.8,0.8
X-3684,AKAP14,158798.0,Del0.8,0.76
X-3684,ALG13,79868.0,Del0.8,0.76
X-3684,AMELY,266.0,Del0.8,0.3
X-3684,AMMECR1,9949.0,Del0.8,0.76
X-3684,AMOT,154796.0,Del0.8,0.76
X-3684,ANAPC1,64682.0,MutNovel,"V1034M,0.429"
X-3684,ANGPT2,285.0,Del0.8,0.78
X-3684,ANO9,338440.0,MutNovel,"P531L,1.000"
X-3684,APLN,8862.0,Del0.8,0.78
X-3684,ARHGAP36,158763.0,Del0.8,0.78
X-3684,ARHGAP4,393.0,Del0.8,0.78
X-3684,ARHGEF6,9459.0,Del0.8,0.78
X-3684,ARL13A,392509.0,Del0.8,0.79
X-3684,ARMCX1,51309.0,Del0.8,0.79
X-3684,ARMCX2,9823.0,Del0.8,0.79
X-3684,ARMCX3,51566.0,Del0.8,0.79
X-3684,ARMCX4,100131755.0,Del0.8,0.79
X-3684,ARMCX5,64860.0,Del0.8,0.79
X-3684,ARMCX5-GPRASP2,100528062.0,Del0.8,0.79
X-3684,ARMCX6,54470.0,Del0.8,0.79
X-3684,ASH2L,9070.0,Del0.8,0.76
X-3684,ATG4A,115201.0,Del0.8,0.76
X-3684,ATP11C,286410.0,Del0.8,0.78
X-3684,ATP1B4,23439.0,Del0.8,0.76
X-3684,ATP2B3,492.0,Del0.8,0.78
X-3684,ATP6AP1,537.0,Del0.8,0.78
X-3684,ATP6V1F,9296.0,MutNovel,"P73L,1.000"
X-3684,AVPR2,554.0,Del0.8,0.78
X-3684,BAG4,9530.0,Del0.8,0.76
X-3684,BCAP31,10134.0,Del0.8,0.78
X-3684,BCL2,596.0,Del0.8,0.68
X-3684,BCORL1,63035.0,Del0.8,0.78
X-3684,BCORP1,286554.0,Del0.8,0.3
X-3684,BEX1,55859.0,Del0.8,0.79
X-3684,BEX2,84707.0,Del0.8,0.79
X-3684,BEX4,56271.0,Del0.8,0.79
X-3684,BEX5,340542.0,Del0.8,0.79
X-3684,BGN,633.0,Del0.8,0.78
X-3684,BHLHB9,80823.0,Del0.8,0.79
X-3684,BMP6,654.0,MutNovel,"R28Q,1.000"
X-3684,BPY2B,442867.0,Del0.8,0.16
X-3684,BPY2B,442867.0,Del0.8,0.09
X-3684,BRCC3,79184.0,Del0.8,0.78
X-3684,BRF2,55290.0,Del0.8,0.76
X-3684,BRI3BP,140707.0,MutNovel,"-16LL,0.222"
X-3684,BRS3,680.0,Del0.8,0.78
X-3684,BTK,695.0,Del0.8,0.79
X-3684,C17orf59,54785.0,MutNovel,"E143D,1.000"
X-3684,C18orf21,83608.0,Amp8,8.4
X-3684,C1GALT1C1,29071.0,Del0.8,0.76
X-3684,CAPN6,827.0,Del0.8,0.76
X-3684,CBWD5,220869.0,MutNovel,"G106C,0.241"
X-3684,CCDC160,347475.0,Del0.8,0.78
X-3684,CCL3L1,6349.0,Del0.8,0.8
X-3684,CCL3L3,414062.0,Del0.8,0.8
X-3684,CCNB2,9133.0,MutNovel,"V170L,0.995"
X-3684,CD40LG,959.0,Del0.8,0.78
X-3684,CD99L2,83692.0,Del0.8,0.78
X-3684,CDC37L1,55664.0,Del0.8,0.8
X-3684,CDC42EP1,11135.0,MutNovel,"PAPAANPS253P,0.833"
X-3684,CDH24,64403.0,MutNovel,"P755S,0.500"
X-3684,CDR1,1038.0,Del0.8,0.78
X-3684,CDY1B,253175.0,Del0.8,0.24
X-3684,CDY1B,253175.0,Del0.8,0.3
X-3684,CDY2A,9426.0,Del0.8,0.3
X-3684,CDY2A,9426.0,Del0.8,0.3
X-3684,CDY2B,203611.0,Del0.8,0.3
X-3684,CDY2B,203611.0,Del0.8,0.3
X-3684,CEACAM3,1084.0,MutNovel,"G48V,0.778"
X-3684,CEACAM8,1088.0,MutNovel,"T171A,0.636"
X-3684,CEACAM8,1088.0,MutNovel,"N155K,0.727"
X-3684,CEACAM8,1088.0,MutNovel,"P145S,0.800"
X-3684,CENPI,2491.0,Del0.8,0.79
X-3684,CETN2,1069.0,Del0.8,0.78
X-3684,CHRDL1,91851.0,Del0.8,0.76
X-3684,CLDN2,9075.0,Del0.8,0.76
X-3684,CLDN23,137075.0,Del0.8,0.78
X-3684,CLIC2,1193.0,Del0.8,0.78
X-3684,CNGA2,1260.0,Del0.8,0.78
X-3684,COL4A5,1287.0,Del0.8,0.76
X-3684,COL4A6,1288.0,Del0.8,0.76
X-3684,CSAG1,158511.0,Del0.8,0.78
X-3684,CSAG2,728461.0,Del0.8,0.78
X-3684,CSAG2,728461.0,Del0.8,0.78
X-3684,CSAG3,389903.0,Del0.8,0.78
X-3684,CSAG3,389903.0,Del0.8,0.78
X-3684,CSPG4P1Y,114758.0,Del0.8,0.24
X-3684,CSPG4P1Y,114758.0,Del0.8,0.3
X-3684,CSTF2,1478.0,Del0.8,0.79
X-3684,CT45A1,541466.0,Del0.8,0.78
X-3684,CT45A2,728911.0,Del0.8,0.78
X-3684,CT45A3,441519.0,Del0.8,0.78
X-3684,CT45A4,441520.0,Del0.8,0.78
X-3684,CT45A4,441520.0,Del0.8,0.78
X-3684,CT45A5,441521.0,Del0.8,0.78
X-3684,CT45A6,541465.0,Del0.8,0.78
X-3684,CT47A1,728096.0,Del0.8,0.76
X-3684,CT47A10,728036.0,Del0.8,0.76
X-3684,CT47A6,728062.0,Del0.8,0.76
X-3684,CT47A7,653282.0,Del0.8,0.76
X-3684,CT47B1,643311.0,Del0.8,0.76
X-3684,CTAG1B,1485.0,Del0.8,0.78
X-3684,CTAG1B,1485.0,Del0.8,0.78
X-3684,CTAG2,30848.0,Del0.8,0.78
X-3684,CTAGE4,100128553.0,Amp5,5.21
X-3684,CTSA,5476.0,MutNovel,"L29-,0.896"
X-3684,CTSH,1512.0,MutNovel,"N310I,0.995"
X-3684,CUL4B,8450.0,Del0.8,0.76
X-3684,CXorf1,9142.0,Del0.8,0.78
X-3684,CXorf40A,91966.0,Del0.8,0.78
X-3684,CXorf40B,541578.0,Del0.8,0.78
X-3684,CXorf48,54967.0,Del0.8,0.78
X-3684,CXorf51A,100129239.0,Del0.8,0.78
X-3684,CXorf51A,100129239.0,Del0.8,0.78
X-3684,CXorf56,63932.0,Del0.8,0.76
X-3684,CXorf57,55086.0,Del0.8,0.76
X-3684,CXorf61,203413.0,Del0.8,0.76
X-3684,CXorf64,100130613.0,Del0.8,0.78
X-3684,CXorf66,347487.0,Del0.8,0.78
X-3684,CXorf68,100132963.0,Del0.8,0.78
X-3684,CXorf69,644538.0,Del0.8,0.78
X-3684,DAZ1,1617.0,Del0.8,0.3
X-3684,DAZ2,57055.0,Del0.8,0.19
X-3684,DAZ3,57054.0,Del0.8,0.16
X-3684,DAZ3,57054.0,Del0.8,0.09
X-3684,DAZ4,57135.0,Del0.8,0.2
X-3684,DAZ4,57135.0,Del0.8,0.14
X-3684,DCAF12L1,139170.0,Del0.8,0.78
X-3684,DCAF12L2,340578.0,Del0.8,0.78
X-3684,DCTN6,10671.0,Del0.8,0.76
X-3684,DCX,1641.0,Del0.8,0.76
X-3684,DDX18,8886.0,MutNovel,"KKK109-,0.220"
X-3684,DDX26B,203522.0,Del0.8,0.78
X-3684,DDX3Y,8653.0,Del0.8,0.3
X-3684,DEFA10P,449493.0,Del0.8,0.78
X-3684,DEFA1B,728358.0,Del0.8,0.78
X-3684,DEFA4,1669.0,Del0.8,0.78
X-3684,DEFA5,1670.0,Del0.8,0.78
X-3684,DEFA6,1671.0,Del0.8,0.78
X-3684,DEFB1,1672.0,Del0.8,0.78
X-3684,DEFB103A,414325.0,Del0.8,0.62
X-3684,DEFB103A,414325.0,Del0.8,0.62
X-3684,DEFB104B,503618.0,Del0.8,0.62
X-3684,DEFB104B,503618.0,Del0.8,0.62
X-3684,DEFB105B,504180.0,Del0.8,0.62
X-3684,DEFB105B,504180.0,Del0.8,0.62
X-3684,DEFB106B,503841.0,Del0.8,0.62
X-3684,DEFB106B,503841.0,Del0.8,0.62
X-3684,DEFB107A,245910.0,Del0.8,0.62
X-3684,DEFB107A,245910.0,Del0.8,0.62
X-3684,DEFB109P1B,641517.0,Del0.8,0.78
X-3684,DEFB4A,1673.0,Del0.8,0.62
X-3684,DEFB4B,100289462.0,Del0.8,0.62
X-3684,DEFT1P,170949.0,Del0.8,0.78
X-3684,DENND4B,9909.0,MutNovel,"QQQ908-,0.222"
X-3684,DENND4B,9909.0,MutNovel,"R39C,0.600"
X-3684,DIAPH2,1730.0,Del0.8,0.79
X-3684,DKC1,1736.0,Del0.8,0.78
X-3684,DKFZp686D0853,401613.0,Del0.8,0.76
X-3684,DNASE1L1,1774.0,Del0.8,0.78
X-3684,DOCK11,139818.0,Del0.8,0.76
X-3684,DPP7,29952.0,MutNovel,"I469-,0.436"
X-3684,DRP2,1821.0,Del0.8,0.79
X-3684,DSE,29940.0,MutNovel,"V276I,1.000"
X-3684,DTNA,1837.0,Amp8,10.06
X-3684,DUSP26,78986.0,Del0.8,0.75
X-3684,DUSP4,1846.0,Del0.8,0.76
X-3684,DUSP9,1852.0,Del0.8,0.78
X-3684,EIF1AY,9086.0,Del0.8,0.3
X-3684,EIF4EBP1,1978.0,Del0.8,0.76
X-3684,ELF4,2000.0,Del0.8,0.78
X-3684,ELP2,55250.0,Amp8,8.4
X-3684,ELP3,55140.0,Del0.8,0.76
X-3684,EMD,2010.0,Del0.8,0.78
X-3684,ENOX2,10495.0,Del0.8,0.78
X-3684,ERCC4,2072.0,MutNovel,"P696L,0.231"
X-3684,ERI1,90459.0,Del0.8,0.78
X-3684,ERLIN2,11160.0,Del0.8,0.76
X-3684,ESX1,80712.0,Del0.8,0.76
X-3684,ETFB,2109.0,MutKnownFunctional,"-93?,0.412"
X-3684,EXTL3,2137.0,Del0.8,0.76
X-3684,F8,2157.0,Del0.8,0.78
X-3684,F8A1,8263.0,Del0.8,0.78
X-3684,F8A1,8263.0,Del0.8,0.78
X-3684,F9,2158.0,Del0.8,0.78
X-3684,FAM122B,159090.0,Del0.8,0.78
X-3684,FAM122C,159091.0,Del0.8,0.78
X-3684,FAM127A,8933.0,Del0.8,0.78
X-3684,FAM127B,26071.0,Del0.8,0.78
X-3684,FAM127C,441518.0,Del0.8,0.78
X-3684,FAM133A,286499.0,Del0.8,0.79
X-3684,FAM168A,23201.0,MutNovel,"A33V,1.000"
X-3684,FAM197Y2P,252946.0,Del0.8,0.3
X-3684,FAM199X,139231.0,Del0.8,0.76
X-3684,FAM21A,387680.0,Del0.8,0.6
X-3684,FAM3A,60343.0,Del0.8,0.78
X-3684,FAM41AY1,340618.0,Del0.8,0.3
X-3684,FAM41AY1,340618.0,Del0.8,0.3
X-3684,FAM45B,55855.0,Del0.8,0.78
X-3684,FAM50A,9130.0,Del0.8,0.78
X-3684,FAM58A,92002.0,Del0.8,0.78
X-3684,FAM66E,100132103.0,Del0.8,0.78
X-3684,FAM70A,55026.0,Del0.8,0.76
X-3684,FATE1,89885.0,Del0.8,0.78
X-3684,FBRSL1,57666.0,MutNovel,"A293T,0.308"
X-3684,FBXO16,157574.0,Del0.8,0.76
X-3684,FCGBP,8857.0,MutNovel,"A2568T,0.245"
X-3684,FGF13,2258.0,Del0.8,0.78
X-3684,FHL1,2273.0,Del0.8,0.78
X-3684,FHOD3,80206.0,Amp8,8.4
X-3684,FLJ10661,286042.0,Del0.8,0.78
X-3684,FLNA,2316.0,Del0.8,0.78
X-3684,FMR1,2332.0,Del0.8,0.78
X-3684,FMR1-AS1,100126270.0,Del0.8,0.78
X-3684,FMR1NB,158521.0,Del0.8,0.78
X-3684,FRMD7,90167.0,Del0.8,0.78
X-3684,FUNDC2,65991.0,Del0.8,0.78
X-3684,FUT10,84750.0,Del0.8,0.75
X-3684,FUT5,2527.0,MutNovel,"A118T,1.000"
X-3684,FZD3,7976.0,Del0.8,0.76
X-3684,G6PD,2539.0,Del0.8,0.78
X-3684,GAB3,139716.0,Del0.8,0.78
X-3684,GABRA3,2556.0,Del0.8,0.78
X-3684,GABRE,2564.0,Del0.8,0.78
X-3684,GABRQ,55879.0,Del0.8,0.78
X-3684,GALNT1,2589.0,Amp8,8.4
X-3684,GDI1,2664.0,Del0.8,0.78
X-3684,GLA,2717.0,Del0.8,0.79
X-3684,GLIS3,169792.0,Del0.8,0.66
X-3684,GLIS3-AS1,84850.0,Del0.8,0.79
X-3684,GLRA4,441509.0,Del0.8,0.79
X-3684,GLUD2,2747.0,Del0.8,0.76
X-3684,GOLGA2P2Y,84559.0,Del0.8,0.24
X-3684,GOLGA2P2Y,84559.0,Del0.8,0.3
X-3684,GOT1L1,137362.0,Del0.8,0.76
X-3684,GPC3,2719.0,Del0.8,0.78
X-3684,GPC4,2239.0,Del0.8,0.78
X-3684,GPR101,83550.0,Del0.8,0.78
X-3684,GPR112,139378.0,Del0.8,0.78
X-3684,GPR119,139760.0,Del0.8,0.78
X-3684,GPR124,25960.0,Del0.8,0.76
X-3684,GPR50,9248.0,Del0.8,0.78
X-3684,GPRASP1,9737.0,Del0.8,0.79
X-3684,GPRASP2,114928.0,Del0.8,0.79
X-3684,GRIA3,2892.0,Del0.8,0.78
X-3684,GSTM1,2944.0,Del0.8,0.75
X-3684,GTF2E2,2961.0,Del0.8,0.76
X-3684,GTF2IRD2,84163.0,MutNovel,"R716C,0.900"
X-3684,GUCY2F,2986.0,Del0.8,0.76
X-3684,GYG2P1,352887.0,Del0.8,0.3
X-3684,H2AFB1,474382.0,Del0.8,0.78
X-3684,H2AFB1,474382.0,Del0.8,0.78
X-3684,H2BFXP,767811.0,Del0.8,0.79
X-3684,H2BFXP,767811.0,Del0.8,0.76
X-3684,HAUS7,55559.0,Del0.8,0.78
X-3684,HCFC1,3054.0,Del0.8,0.78
X-3684,HEXDC,284004.0,MutNovel,"S359G,1.000"
X-3684,HLA-B,3106.0,MutNovel,"A93R,1.000"
X-3684,HLA-DRB5,3127.0,Amp5,7.41
X-3684,HLA-DRB6,3128.0,Amp5,7.41
X-3684,HLA-G,3135.0,MutNovel,"S14L,0.375"
X-3684,HLA-G,3135.0,MutNovel,"M29I,0.208"
X-3684,HMBOX1,79618.0,Del0.8,0.76
X-3684,HMGB3,3149.0,Del0.8,0.78
X-3684,HNRNPH2,3188.0,Del0.8,0.79
X-3684,HPRT1,3251.0,Del0.8,0.78
X-3684,HS6ST2,90161.0,Del0.8,0.78
X-3684,HSFX2,100130086.0,Del0.8,0.78
X-3684,HSFX2,100130086.0,Del0.8,0.78
X-3684,HSFY2,159119.0,Del0.8,0.3
X-3684,HSFY2,159119.0,Del0.8,0.3
X-3684,HTATSF1,27336.0,Del0.8,0.78
X-3684,HTR2C,3358.0,Del0.8,0.76
X-3684,ICK,22858.0,MutNovel,"PSPLL369L,0.252"
X-3684,IDH3G,3421.0,Del0.8,0.78
X-3684,IDS,3423.0,Del0.8,0.78
X-3684,IGSF1,3547.0,Del0.8,0.78
X-3684,IKBKG,8517.0,Del0.8,0.78
X-3684,IL13RA1,3597.0,Del0.8,0.76
X-3684,IL13RA2,3598.0,Del0.8,0.76
X-3684,IL1RAPL2,26280.0,Del0.8,0.76
X-3684,IL9R,3581.0,Del0.8,0.78
X-3684,INO80C,125476.0,Amp8,8.4
X-3684,INTS9,55756.0,Del0.8,0.76
X-3684,IRAK1,3654.0,Del0.8,0.78
X-3684,IRS4,8471.0,Del0.8,0.76
X-3684,JAK2,3717.0,Del0.8,0.71
X-3684,KCNE1L,23630.0,Del0.8,0.76
X-3684,KCNU1,157855.0,Del0.8,0.74
X-3684,KDM5D,8284.0,Del0.8,0.3
X-3684,KIAA1210,57481.0,Del0.8,0.76
X-3684,KIAA1328,57536.0,Amp5,6.32
X-3684,KIF13B,23303.0,Del0.8,0.76
X-3684,KLHL13,90293.0,Del0.8,0.76
X-3684,KRAS,3845.0,MutKnownFunctional,"G12D,0.575"
X-3684,KRT14,3861.0,MutNovel,"A197V,0.750"
X-3684,L1CAM,3897.0,Del0.8,0.78
X-3684,LAGE3,8270.0,Del0.8,0.78
X-3684,LAMP2,3920.0,Del0.8,0.76
X-3684,LDOC1,23641.0,Del0.8,0.78
X-3684,LEPROTL1,23484.0,Del0.8,0.76
X-3684,LHFPL1,340596.0,Del0.8,0.76
X-3684,LINC00086,399668.0,Del0.8,0.78
X-3684,LINC00087,644596.0,Del0.8,0.78
X-3684,LINC00226,338004.0,Amp5,5.43
X-3684,LOC100128420,100128420.0,Del0.8,0.78
X-3684,LOC100129515,100129515.0,Del0.8,0.78
X-3684,LOC100129520,100129520.0,Del0.8,0.78
X-3684,LOC100129662,100129662.0,Del0.8,0.78
X-3684,LOC100131434,100131434.0,Del0.8,0.78
X-3684,LOC100132396,100132396.0,Del0.8,0.56
X-3684,LOC100272228,100272228.0,Del0.8,0.78
X-3684,LOC100287015,100287015.0,Del0.8,0.78
X-3684,LOC100287765,100287765.0,Del0.8,0.79
X-3684,LOC100506757,100506757.0,Del0.8,0.78
X-3684,LOC100507341,100507341.0,Del0.8,0.76
X-3684,LOC100507404,100507404.0,Del0.8,0.78
X-3684,LOC100507404,100507404.0,Del0.8,0.78
X-3684,LOC100652791,100652791.0,Del0.8,0.78
X-3684,LOC158696,158696.0,Del0.8,0.78
X-3684,LOC286135,286135.0,Del0.8,0.76
X-3684,LOC286437,286437.0,Del0.8,0.76
X-3684,LOC286467,286467.0,Del0.8,0.78
X-3684,LOC340544,340544.0,Del0.8,0.79
X-3684,LOC440297,440297.0,Del0.8,0.7
X-3684,LOC442459,442459.0,Del0.8,0.79
X-3684,LOC643486,643486.0,Del0.8,0.79
X-3684,LOC727849,727849.0,Del0.8,0.7
X-3684,LOC728024,728024.0,Del0.8,0.76
X-3684,LOC728377,728377.0,Amp5,5.21
X-3684,LONRF3,79836.0,Del0.8,0.76
X-3684,LRCH2,57631.0,Del0.8,0.76
X-3684,LSM1,27257.0,Del0.8,0.76
X-3684,LSR,51599.0,MutNovel,"G518GR,0.254"
X-3684,LUZP4,51213.0,Del0.8,0.76
X-3684,MAGEA1,4100.0,Del0.8,0.78
X-3684,MAGEA10,4109.0,Del0.8,0.78
X-3684,MAGEA10-MAGEA5,100533997.0,Del0.8,0.78
X-3684,MAGEA11,4110.0,Del0.8,0.78
X-3684,MAGEA12,4111.0,Del0.8,0.78
X-3684,MAGEA2,4101.0,Del0.8,0.78
X-3684,MAGEA2,4101.0,Del0.8,0.78
X-3684,MAGEA3,4102.0,Del0.8,0.78
X-3684,MAGEA4,4103.0,Del0.8,0.78
X-3684,MAGEA5,4104.0,Del0.8,0.78
X-3684,MAGEA6,4105.0,Del0.8,0.78
X-3684,MAGEA8,4107.0,Del0.8,0.78
X-3684,MAGEA9B,728269.0,Del0.8,0.78
X-3684,MAGEA9B,728269.0,Del0.8,0.78
X-3684,MAGEC1,9947.0,Del0.8,0.78
X-3684,MAGEC2,51438.0,Del0.8,0.78
X-3684,MAGEC3,139081.0,Del0.8,0.78
X-3684,MAK16,84549.0,Del0.8,0.75
X-3684,MAMLD1,10046.0,Del0.8,0.78
X-3684,MAP3K1,4214.0,MutNovel,"ST941S,0.850"
X-3684,MAP7D3,79649.0,Del0.8,0.78
X-3684,MAPRE2,10982.0,Amp8,8.4
X-3684,MBNL3,55796.0,Del0.8,0.78
X-3684,MBOAT4,619373.0,Del0.8,0.76
X-3684,MCF2,4168.0,Del0.8,0.78
X-3684,MCPH1,79648.0,Del0.8,0.78
X-3684,MCTS1,28985.0,Del0.8,0.76
X-3684,MECP2,4204.0,Del0.8,0.78
X-3684,MFHAS1,9258.0,Del0.8,0.78
X-3684,MGC16121,84848.0,Del0.8,0.78
X-3684,MID2,11043.0,Del0.8,0.76
X-3684,MIR101-2,406894.0,Del0.8,0.8
X-3684,MIR105-1,406897.0,Del0.8,0.78
X-3684,MIR105-2,406898.0,Del0.8,0.78
X-3684,MIR106A,406899.0,Del0.8,0.78
X-3684,MIR1184-1,100302111.0,Del0.8,0.78
X-3684,MIR1184-1,100302111.0,Del0.8,0.78
X-3684,MIR1264,100302251.0,Del0.8,0.76
X-3684,MIR1277,100302214.0,Del0.8,0.76
X-3684,MIR1298,100302153.0,Del0.8,0.76
X-3684,MIR187,406963.0,Amp8,8.4
X-3684,MIR18B,574033.0,Del0.8,0.78
X-3684,MIR1911,100302222.0,Del0.8,0.76
X-3684,MIR1912,100302144.0,Del0.8,0.76
X-3684,MIR19B2,406981.0,Del0.8,0.78
X-3684,MIR20B,574032.0,Del0.8,0.78
X-3684,MIR2114,100313839.0,Del0.8,0.78
X-3684,MIR3148,100422876.0,Del0.8,0.76
X-3684,MIR3202-1,100422987.0,Del0.8,0.78
X-3684,MIR3202-2,100422877.0,Del0.8,0.78
X-3684,MIR320D2,100302169.0,Del0.8,0.78
X-3684,MIR363,574031.0,Del0.8,0.78
X-3684,MIR3975,100616257.0,Amp8,8.4
X-3684,MIR3978,100616491.0,Del0.8,0.76
X-3684,MIR424,494336.0,Del0.8,0.78
X-3684,MIR4288,100422903.0,Del0.8,0.76
X-3684,MIR4329,100423009.0,Del0.8,0.76
X-3684,MIR4330,100422930.0,Del0.8,0.78
X-3684,MIR448,554212.0,Del0.8,0.76
X-3684,MIR450A1,554214.0,Del0.8,0.78
X-3684,MIR450A2,574505.0,Del0.8,0.78
X-3684,MIR450B,100126302.0,Del0.8,0.78
X-3684,MIR452,574412.0,Del0.8,0.78
X-3684,MIR4659A,100616348.0,Del0.8,0.78
X-3684,MIR4659B,100616372.0,Del0.8,0.78
X-3684,MIR4660,100616350.0,Del0.8,0.78
X-3684,MIR503,574506.0,Del0.8,0.78
X-3684,MIR504,574507.0,Del0.8,0.78
X-3684,MIR505,574508.0,Del0.8,0.78
X-3684,MIR506,574511.0,Del0.8,0.78
X-3684,MIR507,574512.0,Del0.8,0.78
X-3684,MIR508,574513.0,Del0.8,0.78
X-3684,MIR509-1,574514.0,Del0.8,0.78
X-3684,MIR510,574515.0,Del0.8,0.78
X-3684,MIR514A1,574516.0,Del0.8,0.78
X-3684,MIR514A2,574517.0,Del0.8,0.78
X-3684,MIR514B,100422847.0,Del0.8,0.78
X-3684,MIR542,664617.0,Del0.8,0.78
X-3684,MIR548I3,100302186.0,Del0.8,0.78
X-3684,MIR548O2,100616190.0,Del0.8,0.76
X-3684,MIR718,100313781.0,Del0.8,0.78
X-3684,MIR764,100313838.0,Del0.8,0.76
X-3684,MIR766,768218.0,Del0.8,0.76
X-3684,MIR767,768215.0,Del0.8,0.78
X-3684,MIR888,100126306.0,Del0.8,0.78
X-3684,MIR890,100126303.0,Del0.8,0.78
X-3684,MIR891A,100126341.0,Del0.8,0.78
X-3684,MIR891B,100126304.0,Del0.8,0.78
X-3684,MIR892A,100126342.0,Del0.8,0.78
X-3684,MIR892B,100126307.0,Del0.8,0.78
X-3684,MIR92A2,407049.0,Del0.8,0.78
X-3684,MIR934,100126324.0,Del0.8,0.78
X-3684,MLYCD,23417.0,MutNovel,"R11G,0.800"
X-3684,MMGT1,93380.0,Del0.8,0.78
X-3684,MOCOS,55034.0,Amp8,8.4
X-3684,MORC4,79710.0,Del0.8,0.76
X-3684,MORF4L2,9643.0,Del0.8,0.79
X-3684,MOSPD1,56180.0,Del0.8,0.78
X-3684,MPP1,4354.0,Del0.8,0.78
X-3684,MPRIP,23164.0,MutNovel,"TS178T,0.500"
X-3684,MRPS15,64960.0,MutNovel,"K207N,0.661"
X-3684,MSH2,4436.0,MutLikelyFunctional,"G322D,0.528"
X-3684,MST4,51765.0,Del0.8,0.78
X-3684,MTCH1,23787.0,MutNovel,"A16V,0.667"
X-3684,MTCP1,4515.0,Del0.8,0.78
X-3684,MTCP1NB,100272147.0,Del0.8,0.78
X-3684,MTM1,4534.0,Del0.8,0.78
X-3684,MTMR1,8776.0,Del0.8,0.78
X-3684,MUC12,10071.0,MutNovel,"T312I,0.385"
X-3684,MUC12,10071.0,MutNovel,"L324F,0.429"
X-3684,MUC12,10071.0,MutNovel,"S330L,0.400"
X-3684,MUC12,10071.0,MutNovel,"T340P,0.333"
X-3684,MUC12,10071.0,MutNovel,"LG1735FS,0.444"
X-3684,MUC12,10071.0,MutNovel,"S1741L,0.500"
X-3684,MUC12,10071.0,MutNovel,"E1768G,0.444"
X-3684,MUC12,10071.0,MutNovel,"T1770M,0.500"
X-3684,MUC12,10071.0,MutNovel,"T2707M,0.250"
X-3684,MUC12,10071.0,MutNovel,"A3474T,1.000"
X-3684,MUC12,10071.0,MutNovel,"T4363I,0.400"
X-3684,MUC12,10071.0,MutNovel,"LG4568FS,0.500"
X-3684,MUC2,4583.0,MutNovel,"T1504M,0.259"
X-3684,MUM1L1,139221.0,Del0.8,0.76
X-3684,MYO1D,4642.0,MutNovel,"R733H,0.997"
X-3684,NAA10,8260.0,Del0.8,0.78
X-3684,NAP1L3,4675.0,Del0.8,0.79
X-3684,NCOR2,9612.0,MutNovel,"G1839GAAA,0.458"
X-3684,NCRNA00185,55410.0,Del0.8,0.3
X-3684,NDUFA1,4694.0,Del0.8,0.76
X-3684,NEB,4703.0,MutNovel,"L8067F,0.400"
X-3684,NGFRAP1,27018.0,Del0.8,0.79
X-3684,NIT1,4817.0,MutNovel,"T2A,0.568"
X-3684,NKAP,79576.0,Del0.8,0.76
X-3684,NKAPP1,158801.0,Del0.8,0.76
X-3684,NKRF,55922.0,Del0.8,0.76
X-3684,NLGN4Y,22829.0,Del0.8,0.3
X-3684,NOC2L,26155.0,MutKnownFunctional,"-747,0.645"
X-3684,NOL10,79954.0,MutNovel,"I341V,0.585"
X-3684,NOL4,8715.0,Amp5,5.86
X-3684,NOP56,10528.0,MutNovel,"S554N,0.285"
X-3684,NOX1,27035.0,Del0.8,0.79
X-3684,NPIPL3,23117.0,MutNovel,"S797C,0.500"
X-3684,NR1H2,7376.0,MutNovel,"-173Q,0.494"
X-3684,NRG1,3084.0,Del0.8,0.77
X-3684,NRK,203447.0,Del0.8,0.76
X-3684,NSD1,64324.0,MutNovel,"K1434R,0.308"
X-3684,NSDHL,50814.0,Del0.8,0.78
X-3684,NUP62CL,54830.0,Del0.8,0.76
X-3684,NXF2,56001.0,Del0.8,0.79
X-3684,NXF2,56001.0,Del0.8,0.79
X-3684,NXF2B,728343.0,Del0.8,0.79
X-3684,NXF2B,728343.0,Del0.8,0.79
X-3684,NXF3,56000.0,Del0.8,0.79
X-3684,NXF4,55999.0,Del0.8,0.79
X-3684,NXF5,55998.0,Del0.8,0.79
X-3684,NXT2,55916.0,Del0.8,0.76
X-3684,OBSCN,84033.0,MutNovel,"R3025C,0.667"
X-3684,OCRL,4952.0,Del0.8,0.78
X-3684,ODZ1,10178.0,Del0.8,0.78
X-3684,OPN1LW,5956.0,Del0.8,0.78
X-3684,OPN1MW,2652.0,Del0.8,0.78
X-3684,OR13H1,347468.0,Del0.8,0.78
X-3684,OR2A42,402317.0,Amp5,5.21
X-3684,OR2A7,401427.0,Amp5,5.21
X-3684,OR2A9P,441295.0,Amp5,5.21
X-3684,OR2A9P,441295.0,Amp5,5.21
X-3684,ORAI1,84876.0,MutNovel,"PP43-,0.750"
X-3684,OTUD7B,56957.0,MutNovel,"KK552K,0.314"
X-3684,PAK3,5063.0,Del0.8,0.76
X-3684,PASD1,139135.0,Del0.8,0.78
X-3684,PCDH11X,27328.0,Del0.8,0.79
X-3684,PCDH11Y,83259.0,Del0.8,0.3
X-3684,PCDH19,57526.0,Del0.8,0.79
X-3684,PCNT,5116.0,MutNovel,"R2987W,0.542"
X-3684,PDPR,55066.0,MutNovel,"V217G,0.222"
X-3684,PDZD4,57595.0,Del0.8,0.78
X-3684,PGRMC1,10857.0,Del0.8,0.76
X-3684,PHF6,84295.0,Del0.8,0.78
X-3684,PHLDA1,22822.0,MutNovel,"QQ194Q,0.641"
X-3684,PHLDB3,653583.0,MutKnownFunctional,"E8*,0.407"
X-3684,PIEZO1,9780.0,MutNovel,"L1942V,0.319"
X-3684,PLAC1,10761.0,Del0.8,0.78
X-3684,PLCH1,23007.0,MutNovel,"R591Q,0.471"
X-3684,PLP1,5354.0,Del0.8,0.79
X-3684,PLS3,5358.0,Del0.8,0.76
X-3684,PLXNA3,55558.0,Del0.8,0.78
X-3684,PLXNB3,5365.0,Del0.8,0.78
X-3684,PNCK,139728.0,Del0.8,0.78
X-3684,PNMA3,29944.0,Del0.8,0.78
X-3684,PNMA5,114824.0,Del0.8,0.78
X-3684,PNMA6A,84968.0,Del0.8,0.78
X-3684,PNMA6A,84968.0,Del0.8,0.78
X-3684,PNMA6C,100287428.0,Del0.8,0.78
X-3684,PNMA6D,100287466.0,Del0.8,0.78
X-3684,PNMA6D,100287466.0,Del0.8,0.78
X-3684,PNOC,5368.0,Del0.8,0.76
X-3684,PPAPDC2,403313.0,Del0.8,0.8
X-3684,PPP1R3B,79660.0,Del0.8,0.78
X-3684,PPP2CB,5516.0,Del0.8,0.77
X-3684,PRKY,5616.0,Del0.8,0.3
X-3684,PROSC,11212.0,Del0.8,0.76
X-3684,PRPS1,5631.0,Del0.8,0.76
X-3684,PRRG3,79057.0,Del0.8,0.78
X-3684,PRY,9081.0,Del0.8,0.3
X-3684,PRY,9081.0,Del0.8,0.3
X-3684,PRY2,442862.0,Del0.8,0.3
X-3684,PRY2,442862.0,Del0.8,0.3
X-3684,PSAP,5660.0,MutNovel,"R424H,0.998"
X-3684,PSG3,5671.0,MutNovel,"R285K,1.000"
X-3684,PSMD10,5716.0,Del0.8,0.76
X-3684,PURG,29942.0,Del0.8,0.77
X-3684,RAB11FIP1,80223.0,Del0.8,0.76
X-3684,RAB33A,9363.0,Del0.8,0.78
X-3684,RAB39B,116442.0,Del0.8,0.78
X-3684,RAB40A,142684.0,Del0.8,0.79
X-3684,RAB40AL,282808.0,Del0.8,0.79
X-3684,RAB9B,51209.0,Del0.8,0.79
X-3684,RAP2C,57826.0,Del0.8,0.78
X-3684,RBM41,55285.0,Del0.8,0.76
X-3684,RBMX,27316.0,Del0.8,0.78
X-3684,RBMX2,51634.0,Del0.8,0.78
X-3684,RBMXL3,139804.0,Del0.8,0.76
X-3684,RBMY1A3P,286557.0,Del0.8,0.3
X-3684,RBMY1B,378948.0,Del0.8,0.3
X-3684,RBMY1B,378948.0,Del0.8,0.3
X-3684,RBMY1E,378950.0,Del0.8,0.3
X-3684,RBMY1E,378950.0,Del0.8,0.3
X-3684,RBMY1F,159163.0,Del0.8,0.3
X-3684,RBMY1F,159163.0,Del0.8,0.3
X-3684,RBMY1J,378951.0,Del0.8,0.3
X-3684,RBMY1J,378951.0,Del0.8,0.3
X-3684,RBMY2EP,159125.0,Del0.8,0.3
X-3684,RBMY2FP,159162.0,Del0.8,0.3
X-3684,RBMY3AP,64593.0,Del0.8,0.3
X-3684,RBPMS,11030.0,Del0.8,0.76
X-3684,RCL1,10171.0,Del0.8,0.8
X-3684,RENBP,5973.0,Del0.8,0.78
X-3684,RFX3,5991.0,Del0.8,0.79
X-3684,RGAG1,57529.0,Del0.8,0.76
X-3684,RHEB,6009.0,MutNovel,"Q52R,0.227"
X-3684,RHOXF1,158800.0,Del0.8,0.76
X-3684,RHOXF2B,727940.0,Del0.8,0.76
X-3684,RHOXF2B,727940.0,Del0.8,0.76
X-3684,RIMKLA,284716.0,MutNovel,"V291M,0.841"
X-3684,RIPK1,8737.0,MutNovel,"A569V,0.460"
X-3684,RIPPLY1,92129.0,Del0.8,0.76
X-3684,RNF113A,7737.0,Del0.8,0.76
X-3684,RNF122,79845.0,Del0.8,0.75
X-3684,RNF128,79589.0,Del0.8,0.76
X-3684,RP1-177G6.2,286411.0,Del0.8,0.78
X-3684,RPA4,29935.0,Del0.8,0.79
X-3684,RPL10,6134.0,Del0.8,0.78
X-3684,RPL36A,6173.0,Del0.8,0.79
X-3684,RPL36A-HNRNPH2,100529097.0,Del0.8,0.79
X-3684,RPL39,6170.0,Del0.8,0.76
X-3684,RPRD1A,55197.0,Amp8,8.4
X-3684,RPS17L,,MutNovel,"K72R,0.500"
X-3684,RPS4Y1,6192.0,Del0.8,0.3
X-3684,RPS4Y2,140032.0,Del0.8,0.3
X-3684,RTN4,57142.0,MutNovel,"P139L,0.487"
X-3684,SAGE1,55511.0,Del0.8,0.78
X-3684,SASH3,54440.0,Del0.8,0.78
X-3684,SCAPER,49855.0,Del0.8,0.49
X-3684,SCARA5,286133.0,Del0.8,0.64
X-3684,2014-09-06 00:00:00,23157.0,Del0.8,0.76
X-3684,SERINC2,347735.0,MutNovel,"-373Q,0.365"
X-3684,SERPINA7,6906.0,Del0.8,0.76
X-3684,SGK223,157285.0,Del0.8,0.78
X-3684,SH2D1A,4068.0,Del0.8,0.78
X-3684,SHROOM1,134549.0,MutNovel,"P104L,0.350"
X-3684,SI,6476.0,MutNovel,"S1400C,0.255"
X-3684,SLC10A3,8273.0,Del0.8,0.78
X-3684,SLC1A1,6505.0,Del0.8,0.8
X-3684,SLC25A14,9016.0,Del0.8,0.78
X-3684,SLC25A37,51312.0,Del0.8,0.67
X-3684,SLC25A43,203427.0,Del0.8,0.76
X-3684,SLC25A5,292.0,Del0.8,0.76
X-3684,SLC25A5-AS1,100303728.0,Del0.8,0.76
X-3684,SLC27A1,376497.0,MutNovel,"G365R,0.800"
X-3684,SLC30A5,64924.0,MutNovel,"R475W,0.360"
X-3684,SLC39A6,25800.0,Amp8,8.4
X-3684,SLC6A14,11254.0,Del0.8,0.76
X-3684,SLC6A8,6535.0,Del0.8,0.78
X-3684,SLC9A6,10479.0,Del0.8,0.78
X-3684,SLITRK2,84631.0,Del0.8,0.78
X-3684,SLITRK4,139065.0,Del0.8,0.78
X-3684,SMAD4,4089.0,MutNovel,"E330Q,0.983"
X-3684,SMARCA1,6594.0,Del0.8,0.78
X-3684,SNORA35,677816.0,Del0.8,0.76
X-3684,SNORA36A,677817.0,Del0.8,0.78
X-3684,SNORA56,677835.0,Del0.8,0.78
X-3684,SNORA69,26779.0,Del0.8,0.76
X-3684,SNORA70,26778.0,Del0.8,0.78
X-3684,SNORD61,26787.0,Del0.8,0.78
X-3684,SNORD96B,692226.0,Del0.8,0.76
X-3684,SNX5,27131.0,MutNovel,"R330Q,0.302"
X-3684,SORD,6652.0,MutNovel,"I61T,1.000"
X-3684,SOWAHD,347454.0,Del0.8,0.76
X-3684,SOX3,6658.0,Del0.8,0.78
X-3684,SPAG11A,653423.0,Del0.8,0.62
X-3684,SPAG11B,10407.0,Del0.8,0.62
X-3684,SPAG11B,10407.0,Del0.8,0.62
X-3684,SPANXA2,728712.0,Del0.8,0.78
X-3684,SPANXA2,728712.0,Del0.8,0.78
X-3684,SPANXA2-OT1,619455.0,Del0.8,0.78
X-3684,SPANXB1,728695.0,Del0.8,0.78
X-3684,SPANXC,64663.0,Del0.8,0.78
X-3684,SPANXN1,494118.0,Del0.8,0.78
X-3684,SPANXN2,494119.0,Del0.8,0.78
X-3684,SPANXN3,139067.0,Del0.8,0.78
X-3684,SPANXN4,441525.0,Del0.8,0.78
X-3684,SPRY3,10251.0,Del0.8,0.78
X-3684,SPTB,6710.0,MutNovel,"E685K,0.714"
X-3684,SRD5A1P1,6719.0,Del0.8,0.78
X-3684,SRPK3,26576.0,Del0.8,0.78
X-3684,SRPX2,27286.0,Del0.8,0.79
X-3684,SRY,6736.0,Del0.8,0.3
X-3684,SSR4,6748.0,Del0.8,0.78
X-3684,STAG2,10735.0,Del0.8,0.78
X-3684,STAR,6770.0,Del0.8,0.76
X-3684,SYTL4,94121.0,Del0.8,0.79
X-3684,TAF7L,54457.0,Del0.8,0.79
X-3684,TAZ,6901.0,Del0.8,0.78
X-3684,TBC1D3B,414059.0,Del0.8,0.8
X-3684,TBC1D3C,414060.0,Del0.8,0.8
X-3684,TBC1D5,9779.0,MutNovel,"S804N,0.288"
X-3684,TBC1D8B,54885.0,Del0.8,0.76
X-3684,TBL1Y,90665.0,Del0.8,0.3
X-3684,TCEAL1,9338.0,Del0.8,0.79
X-3684,TCEAL2,140597.0,Del0.8,0.79
X-3684,TCEAL3,85012.0,Del0.8,0.79
X-3684,TCEAL4,79921.0,Del0.8,0.79
X-3684,TCEAL5,340543.0,Del0.8,0.79
X-3684,TCEAL6,158931.0,Del0.8,0.79
X-3684,TCEAL7,56849.0,Del0.8,0.79
X-3684,TCEAL8,90843.0,Del0.8,0.79
X-3684,TCP10L2,401285.0,MutNovel,"E277D,1.000"
X-3684,TDGF1P3,6998.0,Del0.8,0.76
X-3684,TEX13A,56157.0,Del0.8,0.76
X-3684,TEX13B,56156.0,Del0.8,0.76
X-3684,TEX15,56154.0,Del0.8,0.77
X-3684,TEX28,1527.0,Del0.8,0.78
X-3684,TFDP3,51270.0,Del0.8,0.78
X-3684,TGIF2LY,90655.0,Del0.8,0.3
X-3684,THOC2,57187.0,Del0.8,0.78
X-3684,TIMM8A,1678.0,Del0.8,0.79
X-3684,TKTL1,8277.0,Del0.8,0.78
X-3684,TLK2,11011.0,MutNovel,"R262Q,0.250"
X-3684,TLN2,83660.0,MutNovel,"S731N,1.000"
X-3684,TMEM164,84187.0,Del0.8,0.76
X-3684,TMEM184A,202915.0,MutNovel,"G392GA,0.469"
X-3684,TMEM185A,84548.0,Del0.8,0.78
X-3684,TMEM187,8269.0,Del0.8,0.78
X-3684,TMEM31,203562.0,Del0.8,0.79
X-3684,TMEM35,59353.0,Del0.8,0.79
X-3684,TMEM66,51669.0,Del0.8,0.76
X-3684,TMLHE,55217.0,Del0.8,0.78
X-3684,TMSB15A,11013.0,Del0.8,0.79
X-3684,TMSB15B,286527.0,Del0.8,0.79
X-3684,TMSB4Y,9087.0,Del0.8,0.3
X-3684,TNMD,64102.0,Del0.8,0.79
X-3684,TP53,7157.0,MutLikelyFunctional,"L265P,1.000"
X-3684,TPCN1,53373.0,MutNovel,"V691M,0.504"
X-3684,TPGS2,25941.0,Amp8,8.4
X-3684,TPPP,11076.0,MutNovel,"R26W,0.333"
X-3684,TREX2,11219.0,Del0.8,0.78
X-3684,TRMT2B,79979.0,Del0.8,0.79
X-3684,TRPC5,7224.0,Del0.8,0.76
X-3684,TSC22D3,1831.0,Del0.8,0.76
X-3684,TSPAN6,7105.0,Del0.8,0.79
X-3684,TSPY1,7258.0,Del0.8,0.3
X-3684,TSPY2,64591.0,Del0.8,0.3
X-3684,TSPY3,728137.0,Del0.8,0.3
X-3684,TSPY4,728395.0,Del0.8,0.3
X-3684,TSPY8,728403.0,Del0.8,0.3
X-3684,TSPYL1,7259.0,MutNovel,"V176VW,0.808"
X-3684,TTI2,80185.0,Del0.8,0.75
X-3684,TTTY10,246119.0,Del0.8,0.3
X-3684,TTTY11,83866.0,Del0.8,0.3
X-3684,TTTY12,83867.0,Del0.8,0.3
X-3684,TTTY13,83868.0,Del0.8,0.3
X-3684,TTTY14,83869.0,Del0.8,0.3
X-3684,TTTY15,64595.0,Del0.8,0.3
X-3684,TTTY16,252948.0,Del0.8,0.3
X-3684,TTTY17A,252949.0,Del0.8,0.16
X-3684,TTTY17A,252949.0,Del0.8,0.24
X-3684,TTTY18,252950.0,Del0.8,0.3
X-3684,TTTY19,252952.0,Del0.8,0.3
X-3684,TTTY1B,100101116.0,Del0.8,0.3
X-3684,TTTY1B,100101116.0,Del0.8,0.3
X-3684,TTTY2,60439.0,Del0.8,0.3
X-3684,TTTY2,60439.0,Del0.8,0.3
X-3684,TTTY20,252951.0,Del0.8,0.3
X-3684,TTTY21,252953.0,Del0.8,0.3
X-3684,TTTY21,252953.0,Del0.8,0.3
X-3684,TTTY22,252954.0,Del0.8,0.3
X-3684,TTTY23,252955.0,Del0.8,0.3
X-3684,TTTY23,252955.0,Del0.8,0.3
X-3684,TTTY3,114760.0,Del0.8,0.24
X-3684,TTTY3,114760.0,Del0.8,0.3
X-3684,TTTY4,114761.0,Del0.8,0.09
X-3684,TTTY4,114761.0,Del0.8,0.16
X-3684,TTTY5,83863.0,Del0.8,0.3
X-3684,TTTY6,84672.0,Del0.8,0.3
X-3684,TTTY6,84672.0,Del0.8,0.3
X-3684,TTTY7,246122.0,Del0.8,0.3
X-3684,TTTY7,246122.0,Del0.8,0.3
X-3684,TTTY7B,100101120.0,Del0.8,0.3
X-3684,TTTY7B,100101120.0,Del0.8,0.3
X-3684,TTTY8,84673.0,Del0.8,0.3
X-3684,TTTY8,84673.0,Del0.8,0.3
X-3684,TTTY9A,83864.0,Del0.8,0.3
X-3684,TTTY9A,83864.0,Del0.8,0.3
X-3684,TXLNG2P,246126.0,Del0.8,0.3
X-3684,UBE2A,7319.0,Del0.8,0.76
X-3684,UBE2NL,389898.0,Del0.8,0.78
X-3684,UBL4A,8266.0,Del0.8,0.78
X-3684,UBR5,51366.0,MutNovel,"G2290V,0.265"
X-3684,UBXN8,7993.0,Del0.8,0.77
X-3684,UPF3B,65109.0,Del0.8,0.76
X-3684,USP26,83844.0,Del0.8,0.78
X-3684,USP9Y,8287.0,Del0.8,0.3
X-3684,UTP14A,10813.0,Del0.8,0.78
X-3684,UTY,7404.0,Del0.8,0.3
X-3684,VAMP7,6845.0,Del0.8,0.78
X-3684,VBP1,7411.0,Del0.8,0.78
X-3684,VCY,9084.0,Del0.8,0.3
X-3684,VCY,9084.0,Del0.8,0.3
X-3684,VGLL1,51442.0,Del0.8,0.78
X-3684,VMA21,203547.0,Del0.8,0.78
X-3684,VSIG1,340547.0,Del0.8,0.76
X-3684,VSIG10,54621.0,MutNovel,"TQPEVII349I,0.295"
X-3684,WBP5,51186.0,Del0.8,0.79
X-3684,WDR44,54521.0,Del0.8,0.76
X-3684,WDR47,22911.0,MutNovel,"PR551R,0.692"
X-3684,WRN,7486.0,Del0.8,0.77
X-3684,XIAP,331.0,Del0.8,0.78
X-3684,XKR5,389610.0,Del0.8,0.78
X-3684,XKRX,402415.0,Del0.8,0.79
X-3684,XKRY2,353515.0,Del0.8,0.3
X-3684,XKRY2,353515.0,Del0.8,0.3
X-3684,XPNPEP2,7512.0,Del0.8,0.78
X-3684,ZBTB33,10009.0,Del0.8,0.76
X-3684,ZBTB49,166793.0,MutKnownFunctional,"-725,0.280"
X-3684,ZCCHC12,170261.0,Del0.8,0.76
X-3684,ZCCHC16,340595.0,Del0.8,0.76
X-3684,ZCCHC18,644353.0,Del0.8,0.76
X-3684,ZCWPW1,55063.0,MutNovel,"P582S,0.909"
X-3684,ZDHHC9,51114.0,Del0.8,0.78
X-3684,ZFP92,139735.0,Del0.8,0.78
X-3684,ZFY,7544.0,Del0.8,0.3
X-3684,ZIC3,7547.0,Del0.8,0.78
X-3684,ZMAT1,84460.0,Del0.8,0.79
X-3684,ZNF185,7739.0,Del0.8,0.78
X-3684,ZNF197,10168.0,MutNovel,"S828R,1.000"
X-3684,ZNF24,7572.0,Amp8,8.4
X-3684,ZNF271,10778.0,Amp8,8.4
X-3684,ZNF275,10838.0,Del0.8,0.78
X-3684,ZNF280C,55609.0,Del0.8,0.78
X-3684,ZNF384,171017.0,MutNovel,"QQ514Q,0.376"
X-3684,ZNF395,55893.0,Del0.8,0.76
X-3684,ZNF396,252884.0,Amp8,8.4
X-3684,ZNF397,84307.0,Amp8,8.4
X-3684,ZNF449,203523.0,Del0.8,0.78
X-3684,ZNF703,80139.0,Del0.8,0.76
X-3684,ZNF75D,7626.0,Del0.8,0.78
X-3684,ZSCAN30,100101467.0,Amp8,8.4
X-3765,ADAM3A,1587.0,Del0.8,0.37
X-3765,ADAM5P,255926.0,Del0.8,0.72
X-3765,ADAMTSL5,339366.0,MutNovel,"D425G,0.480"
X-3765,AHNAK2,113146.0,MutNovel,"G2302E,0.333"
X-3765,AIM1L,55057.0,MutNovel,"R790C,0.550"
X-3765,ALAD,210.0,MutNovel,"R147C,1.000"
X-3765,ALDH7A1,501.0,MutNovel,"A8T,1.000"
X-3765,AMELY,266.0,Del0.8,0.45
X-3765,ANKRD36,375248.0,MutNovel,"T998S,0.250"
X-3765,AP3B1,8546.0,MutNovel,"KK803K,0.500"
X-3765,ARV1,64801.0,MutKnownFunctional,"-170?,0.533"
X-3765,ASAH1,427.0,MutNovel,"T269I,0.514"
X-3765,ASH1L,55870.0,MutNovel,"R2391C,0.241"
X-3765,B3GNTL1,146712.0,MutNovel,"W246F,0.400"
X-3765,B4GALNT3,283358.0,MutNovel,"R139G,0.435"
X-3765,BCORP1,286554.0,Del0.8,0.45
X-3765,BPY2B,442867.0,Del0.8,0.27
X-3765,BPY2B,442867.0,Del0.8,0.27
X-3765,BTNL3,10917.0,MutNovel,"P299L,0.350"
X-3765,BTNL9,153579.0,MutNovel,"H384Y,0.692"
X-3765,C12orf28,,MutNovel,"R96C,0.429"
X-3765,CADPS2,93664.0,MutNovel,"A160G,0.412"
X-3765,CCDC11,220136.0,Del0.8,0.77
X-3765,CCDC71L,168455.0,MutNovel,"P149S,0.400"
X-3765,CDC42EP1,11135.0,MutNovel,"PAPAANPS253P,0.250"
X-3765,CDY1B,253175.0,Del0.8,0.27
X-3765,CDY1B,253175.0,Del0.8,0.27
X-3765,CDY2A,9426.0,Del0.8,0.45
X-3765,CDY2A,9426.0,Del0.8,0.45
X-3765,CDY2B,203611.0,Del0.8,0.45
X-3765,CDY2B,203611.0,Del0.8,0.45
X-3765,CEACAM21,90273.0,MutNovel,"G17R,1.000"
X-3765,CEACAM3,1084.0,MutNovel,"G48V,0.667"
X-3765,CEACAM8,1088.0,MutNovel,"T171A,0.556"
X-3765,CEP290,80184.0,MutNovel,"K885I,0.625"
X-3765,CFHR1,3078.0,Amp5,5.24
X-3765,CFHR3,10878.0,Amp5,5.24
X-3765,CNDP2,55748.0,MutNovel,"K383N,0.395"
X-3765,CR1L,1379.0,MutNovel,"S29Y,1.000"
X-3765,CRIPAK,285464.0,MutNovel,"M122T,0.353"
X-3765,CRIPAK,285464.0,MutNovel,"H132A,0.667"
X-3765,CRIPAK,285464.0,MutNovel,"V164A,0.857"
X-3765,CSPG4P1Y,114758.0,Del0.8,0.27
X-3765,CSPG4P1Y,114758.0,Del0.8,0.27
X-3765,CTSA,5476.0,MutNovel,"L29-,0.435"
X-3765,CXXC1,30827.0,Del0.8,0.77
X-3765,CYBASC3,220002.0,MutNovel,"P253L,0.308"
X-3765,DAZ1,1617.0,Del0.8,0.27
X-3765,DAZ2,57055.0,Del0.8,0.27
X-3765,DAZ3,57054.0,Del0.8,0.27
X-3765,DAZ3,57054.0,Del0.8,0.27
X-3765,DAZ4,57135.0,Del0.8,0.27
X-3765,DAZ4,57135.0,Del0.8,0.27
X-3765,DCAF15,90379.0,MutNovel,"V187L,0.475"
X-3765,DDX3Y,8653.0,Del0.8,0.45
X-3765,DEM1,64789.0,MutKnownFunctional,"-344?,0.500"
X-3765,DPY19L2,283417.0,MutNovel,"M262V,1.000"
X-3765,DRAM2,128338.0,MutNovel,"A119S,0.508"
X-3765,DRD4,1815.0,MutNovel,"G272V,0.500"
X-3765,DST,667.0,MutNovel,"R1156L,0.263"
X-3765,DST,667.0,MutNovel,"K1154R,0.278"
X-3765,EIF1AY,9086.0,Del0.8,0.45
X-3765,ELAC1,55520.0,Del0.8,0.77
X-3765,FAM106A,80039.0,Del0.8,0.4
X-3765,FAM120C,54954.0,MutNovel,"R191Q,1.000"
X-3765,FAM189B,10712.0,MutKnownFunctional,"-25,0.500"
X-3765,FAM197Y2P,252946.0,Del0.8,0.45
X-3765,FAM21A,387680.0,Del0.8,0.68
X-3765,FAM41AY1,340618.0,Del0.8,0.45
X-3765,FAM41AY1,340618.0,Del0.8,0.45
X-3765,FAM83H,286077.0,MutNovel,"V706G,0.685"
X-3765,FBRSL1,57666.0,MutNovel,"A293T,0.619"
X-3765,FBXO38,81545.0,MutNovel,"L868V,0.400"
X-3765,FCGBP,8857.0,MutNovel,"R3142W,0.402"
X-3765,FIG4,9896.0,MutNovel,"S84L,0.278"
X-3765,FIZ1,84922.0,MutNovel,"L295R,0.462"
X-3765,FSD1L,83856.0,MutNovel,"G500W,0.833"
X-3765,GALK1,2584.0,MutNovel,"D385N,0.261"
X-3765,GAS8,2622.0,MutNovel,"E301K,0.536"
X-3765,GIGYF2,26058.0,MutNovel,"PQ1231P,1.000"
X-3765,GOLGA2P2Y,84559.0,Del0.8,0.27
X-3765,GOLGA2P2Y,84559.0,Del0.8,0.27
X-3765,GPRIN2,9721.0,MutNovel,"-238MRE,0.917"
X-3765,GRIN2D,2906.0,MutNovel,"V188L,0.543"
X-3765,GRIPAP1,56850.0,MutNovel,"R157H,1.000"
X-3765,GYG2P1,352887.0,Del0.8,0.45
X-3765,HES2,54626.0,MutNovel,"P139S,0.737"
X-3765,HMCN2,,MutNovel,"R2384L,1.000"
X-3765,HSFY2,159119.0,Del0.8,0.45
X-3765,HSFY2,159119.0,Del0.8,0.45
X-3765,IFT140,9742.0,MutNovel,"R1223T,0.539"
X-3765,IKBKG,8517.0,MutNovel,"D181N,1.000"
X-3765,KAT6B,23522.0,MutNovel,"N2067S,0.360"
X-3765,KAT8,84148.0,MutNovel,"P36A,0.419"
X-3765,KDM5D,8284.0,Del0.8,0.45
X-3765,KHNYN,23351.0,MutNovel,"D524G,0.718"
X-3765,KIF20B,9585.0,MutNovel,"L1062LKV,0.800"
X-3765,KRAS,3845.0,MutKnownFunctional,"G12D,0.921"
X-3765,KRI1,65095.0,MutNovel,"R328H,0.417"
X-3765,KRT5,3852.0,MutNovel,"K443E,0.444"
X-3765,LAMA3,3909.0,MutNovel,"H3167P,1.000"
X-3765,LENG9,94059.0,MutNovel,"A58G,0.500"
X-3765,LGALS9C,654346.0,Del0.8,0.4
X-3765,LLGL2,3993.0,MutNovel,"I169F,1.000"
X-3765,LOC100507607,,MutNovel,"V199D,1.000"
X-3765,LOC100996541,,MutNovel,"T350A,1.000"
X-3765,LOC728888,,MutNovel,"T373P,0.400"
X-3765,LOC728888,,MutNovel,"R168H,1.000"
X-3765,MAGEC1,9947.0,MutNovel,"E700V,0.625"
X-3765,MAP3K4,4216.0,MutNovel,"PA1189P,0.500"
X-3765,MAPK4,5596.0,Del0.8,0.77
X-3765,MBD1,4152.0,Del0.8,0.77
X-3765,MCM9,254394.0,MutNovel,"Q658H,0.267"
X-3765,MDC1,9656.0,MutNovel,"S1583F,0.284"
X-3765,ME2,4200.0,Del0.8,0.77
X-3765,MEX3C,51320.0,Del0.8,0.5
X-3765,MIR4320,100422865.0,Del0.8,0.77
X-3765,MLXIPL,51085.0,MutNovel,"S480L,0.556"
X-3765,MLYCD,23417.0,MutNovel,"G172E,0.500"
X-3765,MORC2,22880.0,MutNovel,"R580Q,0.354"
X-3765,MPZ,4359.0,MutNovel,"T94A,0.800"
X-3765,MRO,83876.0,Del0.8,0.77
X-3765,MTX2,10651.0,MutKnownFunctional,"-47?,0.579"
X-3765,MUC4,4585.0,MutNovel,"Q2605H,1.000"
X-3765,MUC5B,727897.0,MutNovel,"T3140S,0.523"
X-3765,MYBL2,4605.0,MutNovel,"P521L,0.201"
X-3765,MYO9B,4650.0,MutNovel,"D491N,0.423"
X-3765,NAPRT1,93100.0,MutNovel,"A274S,0.233"
X-3765,NCOA1,8648.0,MutKnownFunctional,"-298?,0.263"
X-3765,NCOR2,9612.0,MutNovel,"G1839GAAA,1.000"
X-3765,NCRNA00185,55410.0,Del0.8,0.45
X-3765,NLGN4Y,22829.0,Del0.8,0.45
X-3765,NUB1,51667.0,MutNovel,"A91V,0.533"
X-3765,NUP210,23225.0,MutNovel,"I1133M,0.540"
X-3765,OGFOD1,55239.0,MutNovel,"E289D,0.475"
X-3765,ORAI1,84876.0,MutNovel,"PP43-,1.000"
X-3765,PCDH11Y,83259.0,Del0.8,0.45
X-3765,PCGF3,10336.0,MutNovel,"R18C,0.326"
X-3765,PCSK9,255738.0,MutNovel,"-15L,0.492"
X-3765,PHLDA1,22822.0,MutNovel,"QQ194Q,1.000"
X-3765,PIEZO1,9780.0,MutNovel,"Q749E,0.312"
X-3765,PITRM1,10531.0,MutNovel,"K509M,0.286"
X-3765,PKN2,5586.0,MutNovel,"NL382N,0.500"
X-3765,PRKY,5616.0,Del0.8,0.45
X-3765,PRR14L,253143.0,MutNovel,"G1490S,0.389"
X-3765,PRY,9081.0,Del0.8,0.27
X-3765,PRY,9081.0,Del0.8,0.45
X-3765,PRY2,442862.0,Del0.8,0.45
X-3765,PRY2,442862.0,Del0.8,0.27
X-3765,PXN,5829.0,MutNovel,"V397I,0.640"
X-3765,RBMY1A3P,286557.0,Del0.8,0.45
X-3765,RBMY1B,378948.0,Del0.8,0.45
X-3765,RBMY1B,378948.0,Del0.8,0.45
X-3765,RBMY1E,378950.0,Del0.8,0.45
X-3765,RBMY1E,378950.0,Del0.8,0.45
X-3765,RBMY1F,159163.0,Del0.8,0.35
X-3765,RBMY1F,159163.0,Del0.8,0.45
X-3765,RBMY1J,378951.0,Del0.8,0.27
X-3765,RBMY1J,378951.0,Del0.8,0.45
X-3765,RBMY2EP,159125.0,Del0.8,0.45
X-3765,RBMY2FP,159162.0,Del0.8,0.45
X-3765,RBMY3AP,64593.0,Del0.8,0.45
X-3765,RIN3,79890.0,MutNovel,"G967-,1.000"
X-3765,RPS4Y1,6192.0,Del0.8,0.45
X-3765,RPS4Y2,140032.0,Del0.8,0.45
X-3765,SAAL1,113174.0,MutNovel,"G423D,0.702"
X-3765,SATB1,6304.0,MutNovel,"Q639HR,0.269"
X-3765,SBF1,6305.0,MutNovel,"V167M,0.225"
X-3765,SCAPER,49855.0,Del0.8,0.77
X-3765,SCRIB,23513.0,MutNovel,"L1536Q,0.225"
X-3765,SDCCAG8,10806.0,MutNovel,"A387T,0.353"
X-3765,SERINC2,347735.0,MutNovel,"-373Q,1.000"
X-3765,SGSM2,9905.0,MutNovel,"S440N,1.000"
X-3765,SKA1,220134.0,Del0.8,0.77
X-3765,SLC25A29,123096.0,MutNovel,"D90N,0.840"
X-3765,SLC35E2B,728661.0,MutNovel,"I283V,0.315"
X-3765,SLC38A10,124565.0,MutNovel,"G888S,1.000"
X-3765,SMAD4,4089.0,Del0.8,0.8
X-3765,SNRNP200,23020.0,MutNovel,"A2129S,0.329"
X-3765,SNUPN,10073.0,MutNovel,"G72E,0.213"
X-3765,SOCS4,122809.0,MutNovel,"D404G,0.217"
X-3765,SRA1,10011.0,MutNovel,"V110L,1.000"
X-3765,SRFBP1,153443.0,MutKnownFunctional,"-234?,0.400"
X-3765,SRY,6736.0,Del0.8,0.45
X-3765,STX19,415117.0,MutNovel,"V79G,0.419"
X-3765,SYT7,9066.0,MutNovel,"A140T,0.600"
X-3765,TBC1D22A,25771.0,MutNovel,"A98T,0.536"
X-3765,TBL1Y,90665.0,Del0.8,0.45
X-3765,TBX18,9096.0,MutNovel,"S8L,1.000"
X-3765,TCN2,6948.0,MutNovel,"A111T,0.240"
X-3765,TGIF2LY,90655.0,Del0.8,0.45
X-3765,TLK2,11011.0,MutNovel,"R262Q,0.226"
X-3765,TMBIM4,51643.0,MutKnownFunctional,"-174?,0.625"
X-3765,TMEM183A,92703.0,MutNovel,"R10M,0.454"
X-3765,TMEM184A,202915.0,MutNovel,"G392GA,0.497"
X-3765,TMPO,7112.0,MutNovel,"R150M,0.312"
X-3765,TMSB4Y,9087.0,Del0.8,0.45
X-3765,TNFAIP2,7127.0,MutNovel,"G301F,0.269"
X-3765,TNK1,8711.0,MutNovel,"S438L,0.205"
X-3765,TP53,7157.0,MutKnownFunctional,"R273H,1.000"
X-3765,TRPC6,7225.0,MutNovel,"N880K,0.435"
X-3765,TSPY1,7258.0,Del0.8,0.45
X-3765,TSPY2,64591.0,Del0.8,0.45
X-3765,TSPY3,728137.0,Del0.8,0.45
X-3765,TSPY4,728395.0,Del0.8,0.45
X-3765,TSPY8,728403.0,Del0.8,0.45
X-3765,TSPYL1,7259.0,MutNovel,"V176VW,1.000"
X-3765,TTTY10,246119.0,Del0.8,0.45
X-3765,TTTY11,83866.0,Del0.8,0.45
X-3765,TTTY12,83867.0,Del0.8,0.45
X-3765,TTTY13,83868.0,Del0.8,0.45
X-3765,TTTY14,83869.0,Del0.8,0.45
X-3765,TTTY15,64595.0,Del0.8,0.45
X-3765,TTTY16,252948.0,Del0.8,0.45
X-3765,TTTY17A,252949.0,Del0.8,0.27
X-3765,TTTY17A,252949.0,Del0.8,0.27
X-3765,TTTY18,252950.0,Del0.8,0.45
X-3765,TTTY19,252952.0,Del0.8,0.45
X-3765,TTTY1B,100101116.0,Del0.8,0.45
X-3765,TTTY1B,100101116.0,Del0.8,0.45
X-3765,TTTY2,60439.0,Del0.8,0.45
X-3765,TTTY2,60439.0,Del0.8,0.45
X-3765,TTTY20,252951.0,Del0.8,0.45
X-3765,TTTY21,252953.0,Del0.8,0.45
X-3765,TTTY21,252953.0,Del0.8,0.45
X-3765,TTTY22,252954.0,Del0.8,0.45
X-3765,TTTY23,252955.0,Del0.8,0.45
X-3765,TTTY23,252955.0,Del0.8,0.45
X-3765,TTTY3,114760.0,Del0.8,0.27
X-3765,TTTY3,114760.0,Del0.8,0.27
X-3765,TTTY4,114761.0,Del0.8,0.27
X-3765,TTTY4,114761.0,Del0.8,0.27
X-3765,TTTY5,83863.0,Del0.8,0.45
X-3765,TTTY6,84672.0,Del0.8,0.45
X-3765,TTTY6,84672.0,Del0.8,0.27
X-3765,TTTY7,246122.0,Del0.8,0.45
X-3765,TTTY7,246122.0,Del0.8,0.45
X-3765,TTTY7B,100101120.0,Del0.8,0.45
X-3765,TTTY7B,100101120.0,Del0.8,0.45
X-3765,TTTY8,84673.0,Del0.8,0.45
X-3765,TTTY8,84673.0,Del0.8,0.45
X-3765,TTTY9A,83864.0,Del0.8,0.45
X-3765,TTTY9A,83864.0,Del0.8,0.45
X-3765,TUBA1A,7846.0,MutNovel,"F244C,0.310"
X-3765,TUBB3,10381.0,MutNovel,"A446D,0.211"
X-3765,TUBE1,51175.0,MutNovel,"S4A,0.600"
X-3765,TXLNG2P,246126.0,Del0.8,0.45
X-3765,UBXN8,7993.0,MutNovel,"R84K,0.312"
X-3765,UNC13D,201294.0,MutNovel,"R966W,0.994"
X-3765,USP32P2,220594.0,Del0.8,0.4
X-3765,USP36,57602.0,MutNovel,"KKK958K,1.000"
X-3765,USP9Y,8287.0,Del0.8,0.45
X-3765,UTY,7404.0,Del0.8,0.45
X-3765,VCX3A,51481.0,MutNovel,"V186M,0.800"
X-3765,VCY,9084.0,Del0.8,0.45
X-3765,VCY,9084.0,Del0.8,0.45
X-3765,XKRY2,353515.0,Del0.8,0.45
X-3765,XKRY2,353515.0,Del0.8,0.45
X-3765,YEATS2,55689.0,MutNovel,"P1057S,0.267"
X-3765,ZDHHC11,79844.0,MutNovel,"A303D,1.000"
X-3765,ZFPM1,161882.0,MutNovel,"G649A,0.471"
X-3765,ZFY,7544.0,Del0.8,0.45
X-3765,ZNF233,353355.0,MutNovel,"Y194H,1.000"
X-3765,ZNF384,171017.0,MutNovel,"QQ514Q,1.000"
X-3765,ZNF394,84124.0,MutNovel,"E182G,0.214"
X-3765,ZNF585B,92285.0,MutNovel,"V763A,0.400"
X-3765,ZNF611,81856.0,MutNovel,"G339V,0.294"
X-3765,ZNF615,284370.0,MutNovel,"R543Q,0.556"
X-3765,ZNF780A,284323.0,MutNovel,"R177C,0.667"
X-3765,ZNF8,7554.0,MutNovel,"D451G,0.231"
X-3792,A4GALT,53947.0,MutNovel,"R225C,0.512"
X-3792,AASDH,132949.0,MutKnownFunctional,"-440,0.400"
X-3792,AASDH,132949.0,MutNovel,"G421V,0.800"
X-3792,ABCA7,10347.0,MutNovel,"RL1994CL,0.413"
X-3792,ABCC6,368.0,MutNovel,"V1463M,0.667"
X-3792,ABCD1,215.0,MutNovel,"TE693T,1.000"
X-3792,ABCD3,5825.0,MutNovel,"T619A,0.720"
X-3792,ABI2,10152.0,MutNovel,"R193C,0.688"
X-3792,ABLIM2,84448.0,MutNovel,"R375C,0.455"
X-3792,ACACB,32.0,MutNovel,"L1875M,0.714"
X-3792,ACE,1636.0,MutNovel,"P1180L,0.453"
X-3792,ACIN1,22985.0,MutNovel,"P123S,0.600"
X-3792,ACTR10,55860.0,MutNovel,"E328G,0.427"
X-3792,ACVR1,90.0,MutNovel,"K78N,0.429"
X-3792,ACVR2A,92.0,MutKnownFunctional,"-435,1.000"
X-3792,ADAMTS7,11173.0,MutNovel,"R1543H,1.000"
X-3792,ADD3,120.0,MutKnownFunctional,"-699,0.472"
X-3792,ADI1,55256.0,MutNovel,"I131F,0.268"
X-3792,ADRM1,11047.0,MutNovel,"N384S,0.215"
X-3792,AGAP3,116988.0,MutNovel,"A895D,0.526"
X-3792,AGAP5,729092.0,MutNovel,"R512H,0.500"
X-3792,AGRN,375790.0,MutNovel,"A895T,0.275"
X-3792,AGXT2L2,85007.0,MutNovel,"Y178C,0.205"
X-3792,AIM1L,55057.0,MutNovel,"P923L,0.737"
X-3792,AKAP13,11214.0,MutNovel,"L1433R,0.240"
X-3792,AKAP17A,8227.0,MutNovel,"G1662R,0.465"
X-3792,AKNA,80709.0,MutNovel,"T420M,0.333"
X-3792,ALDOA,226.0,MutNovel,"R255C,0.490"
X-3792,ALDOB,229.0,MutNovel,"A2T,0.529"
X-3792,ALOX12,239.0,MutNovel,"D79N,0.533"
X-3792,AMBRA1,55626.0,MutNovel,"Q573K,0.500"
X-3792,AMN,81693.0,MutNovel,"S21F,0.651"
X-3792,AMOT,154796.0,MutNovel,"R514H,1.000"
X-3792,AMOTL2,51421.0,MutNovel,"V11A,0.242"
X-3792,ANAPC2,29882.0,MutNovel,"R150Q,0.400"
X-3792,ANGPTL4,51129.0,MutNovel,"R186S,0.459"
X-3792,ANK3,288.0,MutNovel,"T633A,0.429"
X-3792,ANK3,288.0,MutNovel,"R483Q,0.800"
X-3792,ANKRD11,29123.0,MutNovel,"R1486Q,0.458"
X-3792,ANKRD17,26057.0,MutNovel,"P1926L,0.407"
X-3792,ANKRD36,375248.0,MutNovel,"T998S,0.250"
X-3792,ANKRD36,375248.0,MutNovel,"G1011R,0.333"
X-3792,ANKRD9,122416.0,MutNovel,"R155C,0.505"
X-3792,ANKZF1,55139.0,MutNovel,"R297H,0.565"
X-3792,ANXA11,311.0,MutNovel,"V183M,0.205"
X-3792,AP1M1,8907.0,MutNovel,"E177K,0.667"
X-3792,AP2B1,163.0,MutNovel,"L901M,0.298"
X-3792,AP3D1,8943.0,MutNovel,"H939Y,0.502"
X-3792,APBB1,322.0,MutNovel,"A586V,0.600"
X-3792,APBB3,10307.0,MutNovel,"V196M,0.619"
X-3792,APC,324.0,MutNovel,"AT1492VT,0.692"
X-3792,APC,324.0,MutKnownFunctional,"-1554,0.357"
X-3792,APOL3,80833.0,MutNovel,"R331Q,0.667"
X-3792,APP,351.0,MutNovel,"A701T,0.357"
X-3792,ARF3,377.0,MutNovel,"A112V,0.496"
X-3792,ARFGEF1,10565.0,MutNovel,"A806V,0.366"
X-3792,ARHGAP12,94134.0,MutNovel,"P449A,0.255"
X-3792,ARHGAP32,9743.0,MutNovel,"G1843R,0.526"
X-3792,ARHGAP33,115703.0,MutNovel,"S589R,0.667"
X-3792,ARHGAP5,394.0,MutKnownFunctional,"-190?,0.462"
X-3792,ARHGEF10L,55160.0,MutNovel,"T603M,0.342"
X-3792,ARHGEF3,50650.0,MutNovel,"N82S,0.364"
X-3792,ARHGEF4,50649.0,MutNovel,"R468W,0.412"
X-3792,ARHGEF5,7984.0,MutNovel,"R1160C,0.449"
X-3792,ARHGEF5,7984.0,MutNovel,"R1316C,0.273"
X-3792,ARID1A,8289.0,MutNovel,"R2236H,0.622"
X-3792,ARID4A,5926.0,MutKnownFunctional,"-420,0.778"
X-3792,ARIH2,10425.0,MutNovel,"A155V,0.270"
X-3792,ARNT,405.0,MutNovel,"S688L,0.714"
X-3792,ARNTL,406.0,MutNovel,"R216W,0.833"
X-3792,ARSJ,79642.0,MutKnownFunctional,"-579,0.583"
X-3792,ASB1,51665.0,MutNovel,"A135V,0.600"
X-3792,ASCC1,51008.0,MutNovel,"Q290R,0.443"
X-3792,ASH1L,55870.0,MutNovel,"G1993W,0.719"
X-3792,ASH2L,9070.0,MutNovel,"A126T,0.354"
X-3792,ASTE1,28990.0,MutNovel,"A320T,0.400"
X-3792,ASXL3,80816.0,MutNovel,"Q1183E,0.600"
X-3792,ATAD3A,55210.0,MutNovel,"E599Q,0.474"
X-3792,ATG13,9776.0,MutNovel,"R10I,0.231"
X-3792,ATG7,10533.0,MutNovel,"R481W,0.625"
X-3792,ATP1B1,481.0,MutNovel,"G280S,0.659"
X-3792,ATP5C1,509.0,MutNovel,"A166V,0.452"
X-3792,ATP5J2-PTCD1,100526740.0,MutNovel,"R108C,0.258"
X-3792,ATP6V1B2,526.0,MutNovel,"V439G,0.274"
X-3792,ATP6V1C2,245973.0,MutKnownFunctional,"-312,0.464"
X-3792,ATPBD4,89978.0,MutNovel,"T179P,0.560"
X-3792,ATR,545.0,MutNovel,"T1230A,1.000"
X-3792,ATXN1L,342371.0,MutNovel,"V547E,0.292"
X-3792,ATXN2L,11273.0,MutKnownFunctional,"-998,0.450"
X-3792,AXIN2,8313.0,MutKnownFunctional,"-688,0.526"
X-3792,B3GNT3,10331.0,MutNovel,"R123H,0.564"
X-3792,B4GALNT4,338707.0,MutNovel,"R674C,0.386"
X-3792,B4GALT2,8704.0,MutNovel,"D216G,0.287"
X-3792,BAHCC1,57597.0,MutNovel,"R2332H,0.800"
X-3792,BAI2,576.0,MutNovel,"T507M,0.571"
X-3792,BAIAP2L2,80115.0,MutNovel,"S401P,0.489"
X-3792,BAMBI,25805.0,MutNovel,"Y127H,0.647"
X-3792,BAX,581.0,MutKnownFunctional,"-38,1.000"
X-3792,BAZ2A,11176.0,MutNovel,"R1707H,0.276"
X-3792,BCAS3,54828.0,MutKnownFunctional,"E880*,0.444"
X-3792,BCKDHA,593.0,MutNovel,"R316W,0.428"
X-3792,BCL10,8915.0,MutKnownFunctional,"-46,0.355"
X-3792,BCL7B,9275.0,MutKnownFunctional,"-116,0.433"
X-3792,BCL7C,9274.0,MutKnownFunctional,"-206?,0.512"
X-3792,BCL9L,283149.0,MutKnownFunctional,"-483?,0.591"
X-3792,BCL9L,283149.0,MutNovel,"R391H,0.345"
X-3792,BCLAF1,9774.0,MutNovel,"S531R,0.304"
X-3792,BEST2,54831.0,MutNovel,"R60C,1.000"
X-3792,BHLHE41,79365.0,MutNovel,"D39H,0.400"
X-3792,BIRC6,57448.0,MutNovel,"L2485F,0.385"
X-3792,BIRC6,57448.0,MutNovel,"V3843I,0.565"
X-3792,BIRC6,57448.0,MutNovel,"E4603G,0.311"
X-3792,BLM,641.0,MutNovel,"D234N,0.571"
X-3792,BLMH,642.0,MutNovel,"N263D,0.235"
X-3792,BMP1,649.0,MutNovel,"T757A,0.525"
X-3792,BOD1L1,,MutNovel,"A2188T,0.538"
X-3792,BOP1,23246.0,MutNovel,"P188L,0.500"
X-3792,BRD3,8019.0,MutNovel,"P416S,0.608"
X-3792,BRD3,8019.0,MutKnownFunctional,"-24?,0.368"
X-3792,BRD4,23476.0,MutNovel,"V938-,0.783"
X-3792,BRD4,23476.0,MutNovel,"T847A,0.305"
X-3792,BRD4,23476.0,MutNovel,"V242M,0.488"
X-3792,BRIP1,83990.0,MutNovel,"R416Q,0.625"
X-3792,C10orf11,83938.0,MutNovel,"R179C,0.283"
X-3792,C10orf47,254427.0,MutNovel,"D394H,0.500"
X-3792,C11orf30,56946.0,MutNovel,"Q784R,0.400"
X-3792,C11orf54,28970.0,MutKnownFunctional,"-218,0.381"
X-3792,C11orf9,745.0,MutNovel,"G62R,0.449"
X-3792,C11orf9,745.0,MutNovel,"E210D,0.479"
X-3792,C12orf35,55196.0,MutKnownFunctional,"-245?,0.667"
X-3792,C14orf43,91748.0,MutKnownFunctional,"-313,1.000"
X-3792,C15orf39,56905.0,MutNovel,"P32S,0.345"
X-3792,C17orf85,55421.0,MutNovel,"M440T,0.466"
X-3792,C19orf57,79173.0,MutNovel,"G431D,1.000"
X-3792,C19orf57,79173.0,MutNovel,"D123N,0.750"
X-3792,C19orf76,199800.0,MutNovel,"R115H,0.667"
X-3792,C1orf112,55732.0,MutNovel,"L20S,0.667"
X-3792,C1orf131,128061.0,MutNovel,"I180S,0.368"
X-3792,C1orf86,199990.0,MutNovel,"T58K,0.562"
X-3792,C21orf2,755.0,MutNovel,"R63C,0.463"
X-3792,C21orf58,54058.0,MutNovel,"T203M,0.429"
X-3792,C2orf72,257407.0,MutNovel,"V33A,0.328"
X-3792,C2orf81,388963.0,MutNovel,"P404A,0.500"
X-3792,C5orf30,90355.0,MutNovel,"K147T,0.483"
X-3792,C5orf54,63920.0,MutNovel,"S580L,0.667"
X-3792,C6orf222,389384.0,MutKnownFunctional,"-568?,0.636"
X-3792,C6orf70,55780.0,MutNovel,"R576C,0.438"
X-3792,C9orf152,401546.0,MutNovel,"Q45H,0.329"
X-3792,C9orf172,389813.0,MutNovel,"R747C,0.455"
X-3792,C9orf24,84688.0,MutNovel,"M211T,0.833"
X-3792,C9orf72,203228.0,MutNovel,"S359G,0.421"
X-3792,CA12,771.0,MutNovel,"L118P,0.326"
X-3792,CABLES2,81928.0,MutNovel,"R45L,0.667"
X-3792,CACNA1D,776.0,MutNovel,"L2061P,0.667"
X-3792,CACNA1H,8912.0,MutKnownFunctional,"-683,0.364"
X-3792,CACNA1H,8912.0,MutNovel,"R1325Q,0.538"
X-3792,CACNA1H,8912.0,MutKnownFunctional,"-2051,0.453"
X-3792,CADPS,8618.0,MutNovel,"D380N,0.464"
X-3792,CAMSAP2,23271.0,MutNovel,"A180V,0.611"
X-3792,CAMSAP2,23271.0,MutNovel,"Q1187K,0.212"
X-3792,CARS,833.0,MutNovel,"R453Q,0.492"
X-3792,CARS,833.0,MutNovel,"A205V,0.292"
X-3792,CASC5,57082.0,MutNovel,"M898I,0.462"
X-3792,CASC5,57082.0,MutNovel,"P2192R,0.419"
X-3792,CASK,8573.0,MutNovel,"A128D,1.000"
X-3792,CASP1,834.0,MutNovel,"R371C,0.538"
X-3792,CASP9,842.0,MutNovel,"QQ221RR,0.235"
X-3792,CASZ1,54897.0,MutNovel,"A398T,0.714"
X-3792,CBWD1,55871.0,MutNovel,"Q327P,0.692"
X-3792,CCDC11,220136.0,MutNovel,"R257C,1.000"
X-3792,CCDC112,153733.0,MutNovel,"R319K,0.475"
X-3792,CCDC12,151903.0,MutNovel,"E69G,0.482"
X-3792,CCDC137,339230.0,MutNovel,"Q270H,0.564"
X-3792,CCDC157,550631.0,MutNovel,"R593W,0.750"
X-3792,CCDC64,92558.0,MutNovel,"R315C,0.475"
X-3792,CCDC66,285331.0,MutKnownFunctional,"-729,0.421"
X-3792,CCDC88B,283234.0,MutNovel,"R1422H,0.423"
X-3792,CCDC88C,440193.0,MutNovel,"E795V,0.235"
X-3792,CCDC91,55297.0,MutNovel,"R53H,0.483"
X-3792,CCNF,899.0,MutNovel,"A501T,0.377"
X-3792,CCNJL,79616.0,MutKnownFunctional,"-321,0.412"
X-3792,CD109,135228.0,MutNovel,"G78E,0.750"
X-3792,CD320,51293.0,MutNovel,"V190I,0.440"
X-3792,CDC123,8872.0,MutNovel,"P298S,0.448"
X-3792,CDC23,8697.0,MutNovel,"T333M,0.556"
X-3792,CDC25A,993.0,MutNovel,"A374V,0.227"
X-3792,CDC37,11140.0,MutNovel,"R32Q,0.504"
X-3792,CDC42BPG,55561.0,MutNovel,"R1191H,0.531"
X-3792,CDC42EP1,11135.0,MutKnownFunctional,"-5,0.490"
X-3792,CDC42SE1,56882.0,MutNovel,"KR21R,0.364"
X-3792,CDC45,8318.0,MutNovel,"E64V,0.556"
X-3792,CDCA4,55038.0,MutKnownFunctional,"-201,0.433"
X-3792,CDH23,64072.0,MutNovel,"R700H,0.333"
X-3792,CDK11B,984.0,MutNovel,"R648H,0.400"
X-3792,CDK13,8621.0,MutNovel,"R880C,0.214"
X-3792,CDK13,8621.0,MutNovel,"G1319D,0.278"
X-3792,CDK5RAP1,51654.0,MutNovel,"A430T,0.463"
X-3792,CDS2,8760.0,MutNovel,"P52L,0.474"
X-3792,CDT1,81620.0,MutNovel,"T44P,0.382"
X-3792,CDT1,81620.0,MutNovel,"EK355E,0.500"
X-3792,CEACAM8,1088.0,MutNovel,"NT173DA,0.429"
X-3792,CEACAM8,1088.0,MutNovel,"T171A,0.571"
X-3792,CEACAM8,1088.0,MutNovel,"A162V,0.667"
X-3792,CELSR2,1952.0,MutNovel,"R679W,0.500"
X-3792,CELSR2,1952.0,MutNovel,"D1316N,0.500"
X-3792,CENPN,55839.0,MutNovel,"I9T,0.585"
X-3792,CENPP,401541.0,MutNovel,"R263Q,0.500"
X-3792,CEP290,80184.0,MutNovel,"R1363Q,0.714"
X-3792,CEP89,84902.0,MutNovel,"A58V,0.529"
X-3792,CFHR1,3078.0,Amp5,7.11
X-3792,CFHR3,10878.0,Amp5,7.11
X-3792,CHD2,1106.0,MutKnownFunctional,"-172,0.412"
X-3792,CHD7,55636.0,MutNovel,"V110I,0.455"
X-3792,CHDH,55349.0,MutNovel,"K496R,0.472"
X-3792,CHEK2,11200.0,MutNovel,"R224H,0.267"
X-3792,CHIC2,26511.0,MutKnownFunctional,"R163*,0.365"
X-3792,CHMP4A,29082.0,MutNovel,"D225G,0.241"
X-3792,CIT,11113.0,MutNovel,"R743Q,0.600"
X-3792,CKAP5,9793.0,MutNovel,"R1453C,0.514"
X-3792,CKB,1152.0,MutNovel,"N124S,0.506"
X-3792,CLASP2,23122.0,MutKnownFunctional,"G1504*,0.338"
X-3792,CLCN2,1181.0,MutNovel,"W121C,0.680"
X-3792,CLDN23,137075.0,MutNovel,"V119I,0.467"
X-3792,CLDN23,137075.0,MutNovel,"V205A,0.633"
X-3792,CLMN,79789.0,MutNovel,"S921L,0.314"
X-3792,CLMN,79789.0,MutNovel,"A254T,0.560"
X-3792,CNOT1,23019.0,MutNovel,"H2282Y,0.482"
X-3792,CNOT4,4850.0,MutKnownFunctional,"W42*,0.400"
X-3792,CNOT6L,246175.0,MutNovel,"A469T,0.216"
X-3792,CNOT8,9337.0,MutNovel,"L233Q,0.220"
X-3792,CNTNAP1,8506.0,MutNovel,"G179D,0.583"
X-3792,COBLL1,22837.0,MutKnownFunctional,"-907,0.400"
X-3792,COL16A1,1307.0,MutKnownFunctional,"-1053,0.545"
X-3792,COL18A1,80781.0,MutNovel,"G1357C,0.487"
X-3792,COL18A1,80781.0,MutNovel,"A1434V,0.550"
X-3792,COL6A1,1291.0,MutNovel,"R433W,0.598"
X-3792,COMMD3,23412.0,MutNovel,"W130C,0.505"
X-3792,COPZ1,22818.0,MutNovel,"Y76F,0.519"
X-3792,COQ10B,80219.0,MutKnownFunctional,"R135*,0.233"
X-3792,COX6B2,125965.0,MutNovel,"P55H,0.242"
X-3792,CPEB2,132864.0,MutNovel,"P221Q,0.500"
X-3792,CPNE7,27132.0,MutNovel,"A435V,0.293"
X-3792,CPSF3L,54973.0,MutKnownFunctional,"-101,0.375"
X-3792,CPT2,1376.0,MutNovel,"A361T,0.224"
X-3792,CRIPAK,285464.0,MutNovel,"V164A,0.261"
X-3792,CRK,1398.0,MutNovel,"A195T,0.454"
X-3792,CRTAP,10491.0,MutNovel,"A90T,0.462"
X-3792,CRYBG3,,MutNovel,"A2772T,0.296"
X-3792,CRYZ,1429.0,MutNovel,"E277D,0.321"
X-3792,CSDE1,7812.0,MutNovel,"R332H,0.671"
X-3792,CSNK1A1,1452.0,MutNovel,"H75R,0.210"
X-3792,CSRNP1,64651.0,MutNovel,"R106H,0.357"
X-3792,CSRNP2,81566.0,MutNovel,"V430M,0.444"
X-3792,CSRNP2,81566.0,MutNovel,"R67C,0.400"
X-3792,CSTF2T,23283.0,MutNovel,"G266W,0.688"
X-3792,CTBP1,1487.0,MutNovel,"V401I,0.349"
X-3792,CTBP2,1488.0,MutNovel,"A863V,0.414"
X-3792,CTCF,10664.0,MutNovel,"R22I,0.440"
X-3792,CTSA,5476.0,MutNovel,"L29-,1.000"
X-3792,CTSA,5476.0,MutNovel,"V275M,0.565"
X-3792,CTU1,90353.0,MutKnownFunctional,"-205,0.500"
X-3792,CUEDC2,79004.0,MutNovel,"A226T,0.462"
X-3792,CUL9,23113.0,MutNovel,"R1063C,0.364"
X-3792,CUX1,1523.0,MutNovel,"A1247T,0.643"
X-3792,CWC15,51503.0,MutKnownFunctional,"-68,0.256"
X-3792,CXADR,1525.0,MutNovel,"R226H,0.500"
X-3792,CYB561D2,11068.0,MutNovel,"R82Q,0.230"
X-3792,CYB5A,1528.0,MutNovel,"A59T,0.256"
X-3792,CYFIP2,26999.0,MutNovel,"R805L,0.233"
X-3792,CYP2D6,1565.0,MutNovel,"A449D,0.288"
X-3792,CYTH1,9267.0,MutNovel,"E383K,0.234"
X-3792,DACT1,51339.0,MutNovel,"A647V,1.000"
X-3792,DAGLA,747.0,MutNovel,"V19I,0.417"
X-3792,DAPK3,1613.0,MutNovel,"E331A,0.524"
X-3792,DCP2,167227.0,MutNovel,"R242G,0.273"
X-3792,DCTN4,51164.0,MutNovel,"R283C,0.316"
X-3792,DCTPP1,79077.0,MutNovel,"G147V,0.508"
X-3792,DDR1,780.0,MutNovel,"R872W,0.536"
X-3792,DDX1,1653.0,MutNovel,"R499W,0.435"
X-3792,DDX52,11056.0,MutNovel,"E518D,0.238"
X-3792,DDX58,23586.0,MutNovel,"S743I,0.524"
X-3792,DECR1,1666.0,MutNovel,"A100T,0.265"
X-3792,DECR2,26063.0,MutNovel,"R170W,0.515"
X-3792,DENND4B,9909.0,MutNovel,"QQ909-,1.000"
X-3792,DENND5B,160518.0,MutNovel,"T92M,0.333"
X-3792,DEPDC1,55635.0,MutNovel,"K139E,0.571"
X-3792,DERL2,51009.0,MutNovel,"L72S,0.250"
X-3792,DES,1674.0,MutNovel,"V459I,0.564"
X-3792,DGAT1,8694.0,MutNovel,"R70C,0.347"
X-3792,DGKA,1606.0,MutNovel,"G227C,0.529"
X-3792,DGKA,1606.0,MutKnownFunctional,"-724,0.507"
X-3792,DGKQ,1609.0,MutNovel,"G899R,0.245"
X-3792,DHCR7,1717.0,MutNovel,"R367C,0.463"
X-3792,DHRS13,147015.0,MutNovel,"R140W,0.700"
X-3792,DHX37,57647.0,MutNovel,"A527V,0.292"
X-3792,DIAPH1,1729.0,MutNovel,"R1142W,0.412"
X-3792,DIAPH1,1729.0,MutNovel,"PPP616P,0.471"
X-3792,DIDO1,11083.0,MutNovel,"P1463L,0.568"
X-3792,DISP2,85455.0,MutNovel,"V778I,0.700"
X-3792,DKK4,27121.0,MutNovel,"T83A,0.600"
X-3792,DNAH2,146754.0,MutNovel,"V4313I,0.471"
X-3792,DNAH5,1767.0,MutNovel,"Q4497H,1.000"
X-3792,DNAJC11,55735.0,MutNovel,"K484N,0.382"
X-3792,DNAJC11,55735.0,MutKnownFunctional,"R122*,0.222"
X-3792,DNAJC13,23317.0,MutNovel,"F238I,0.625"
X-3792,DNAJC13,23317.0,MutNovel,"R1209H,0.320"
X-3792,DNAJC14,85406.0,MutNovel,"M469T,0.483"
X-3792,DNAJC8,22826.0,MutNovel,"T230M,0.872"
X-3792,DNMT1,1786.0,MutNovel,"R313Q,0.443"
X-3792,DOCK1,1793.0,MutNovel,"R1619W,0.535"
X-3792,DOCK5,80005.0,MutNovel,"A1857T,0.674"
X-3792,DOLK,22845.0,MutNovel,"A538V,0.344"
X-3792,DOPEY1,23033.0,MutNovel,"I1446V,0.300"
X-3792,DOT1L,84444.0,MutNovel,"D695Y,0.510"
X-3792,DPH1,1801.0,MutNovel,"G291D,0.380"
X-3792,DPH2,1802.0,MutNovel,"A480V,0.394"
X-3792,DPP4,1803.0,MutNovel,"Y416H,0.269"
X-3792,DPYSL2,1808.0,MutKnownFunctional,"Q32*,0.235"
X-3792,DSCC1,79075.0,MutNovel,"N339T,0.233"
X-3792,DSE,29940.0,MutNovel,"R123Q,0.400"
X-3792,DSP,1832.0,MutNovel,"T496M,0.527"
X-3792,DST,667.0,MutNovel,"A3815V,0.417"
X-3792,DTX3,196403.0,MutKnownFunctional,"-68,1.000"
X-3792,DUS1L,64118.0,MutNovel,"V158M,0.465"
X-3792,DUSP8,1850.0,MutKnownFunctional,"-602,0.484"
X-3792,DVL2,1856.0,MutKnownFunctional,"-601,0.281"
X-3792,DYNC1H1,1778.0,MutNovel,"R471C,0.800"
X-3792,DYNC1H1,1778.0,MutNovel,"A1381V,0.308"
X-3792,DYNC1H1,1778.0,MutNovel,"V3064I,0.568"
X-3792,DYNC1H1,1778.0,MutNovel,"Y3451C,0.450"
X-3792,E2F4,1874.0,MutNovel,"DSS306D,0.525"
X-3792,EBPL,84650.0,MutKnownFunctional,"-172,0.543"
X-3792,ECHDC3,79746.0,MutNovel,"A289V,0.600"
X-3792,ECI2,10455.0,MutNovel,"Y169H,0.309"
X-3792,EEF2,1938.0,MutNovel,"A364T,0.267"
X-3792,EFCAB4A,283229.0,MutKnownFunctional,"-20,0.400"
X-3792,EFHA1,221154.0,MutNovel,"Y160N,0.636"
X-3792,EGR1,1958.0,MutKnownFunctional,"-437,0.541"
X-3792,EHMT2,10919.0,MutNovel,"T886I,0.518"
X-3792,EHMT2,10919.0,MutNovel,"V475A,0.660"
X-3792,EIF2C2,27161.0,MutKnownFunctional,"R196*,0.435"
X-3792,EIF3C,8663.0,MutNovel,"A361T,0.462"
X-3792,EIF5B,9669.0,MutNovel,"T286N,0.507"
X-3792,EMC4,,MutNovel,"R62W,0.241"
X-3792,EML4,27436.0,MutNovel,"C311G,0.683"
X-3792,ENOSF1,55556.0,MutNovel,"K327KR,0.500"
X-3792,EP300,2033.0,MutNovel,"V435I,0.656"
X-3792,EPHA1,2041.0,MutNovel,"R929C,0.477"
X-3792,EPHB2,2048.0,MutNovel,"V103M,0.500"
X-3792,EPS15L1,58513.0,MutNovel,"T693M,0.544"
X-3792,ERBB3,2065.0,MutKnownFunctional,"-1302,0.518"
X-3792,ERF,2077.0,MutNovel,"G210S,0.497"
X-3792,ERGIC2,51290.0,MutNovel,"I339T,0.305"
X-3792,ERLIN2,11160.0,MutNovel,"V33A,0.355"
X-3792,ESCO2,157570.0,MutKnownFunctional,"-54,0.357"
X-3792,ESF1,51575.0,MutKnownFunctional,"-99,0.429"
X-3792,ETF1,2107.0,MutNovel,"R68C,0.545"
X-3792,EVPL,2125.0,MutNovel,"R1452W,0.208"
X-3792,EWSR1,2130.0,MutKnownFunctional,"-626,0.387"
X-3792,EXOSC9,5393.0,MutKnownFunctional,"-76,0.395"
X-3792,EXOSC9,5393.0,MutNovel,"R215H,0.221"
X-3792,FAF2,23197.0,MutNovel,"E323D,0.557"
X-3792,FAM110A,83541.0,MutKnownFunctional,"-221,0.246"
X-3792,FAM131C,348487.0,MutNovel,"G76D,0.286"
X-3792,FAM134A,79137.0,MutNovel,"L161M,0.259"
X-3792,FAM160A2,84067.0,MutNovel,"A239V,0.540"
X-3792,FAM174A,345757.0,MutNovel,"S27R,0.444"
X-3792,FAM197Y2P,252946.0,Del0.8,0.61
X-3792,FAM200B,285550.0,MutNovel,"K9Q,0.387"
X-3792,FAM219B,,MutKnownFunctional,"-57,0.263"
X-3792,FAM21B,55747.0,MutNovel,"A803S,1.000"
X-3792,FAM35A,54537.0,MutNovel,"G698C,0.485"
X-3792,FAM53C,51307.0,MutKnownFunctional,"R263*,0.564"
X-3792,FAM59B,150946.0,MutNovel,"Q407R,0.667"
X-3792,FAM63B,54629.0,MutNovel,"T291A,0.375"
X-3792,FAM83H,286077.0,MutNovel,"E1070D,0.237"
X-3792,FAM84B,157638.0,MutKnownFunctional,"-296,0.447"
X-3792,FASN,2194.0,MutNovel,"R1105Q,0.489"
X-3792,FASTKD5,60493.0,MutNovel,"L454P,0.333"
X-3792,FAT1,2195.0,MutNovel,"V1615I,0.440"
X-3792,FBRS,64319.0,MutNovel,"H336R,0.406"
X-3792,FBRS,64319.0,MutNovel,"R355C,0.221"
X-3792,FBRSL1,57666.0,MutNovel,"G516S,0.474"
X-3792,FBRSL1,57666.0,MutKnownFunctional,"-912,0.536"
X-3792,FBRSL1,57666.0,MutKnownFunctional,"-1022,0.500"
X-3792,FBXL6,26233.0,MutNovel,"P101T,0.202"
X-3792,FBXL6,26233.0,MutNovel,"K80N,0.671"
X-3792,FBXO31,79791.0,MutKnownFunctional,"-343,0.263"
X-3792,FBXO31,79791.0,MutKnownFunctional,"-24,0.258"
X-3792,FBXO34,55030.0,MutNovel,"R620C,0.555"
X-3792,FBXW7,55294.0,MutNovel,"P153H,0.273"
X-3792,FCHSD2,9873.0,MutNovel,"A684V,0.387"
X-3792,FGD1,2245.0,MutNovel,"A841T,0.500"
X-3792,FGFR4,2264.0,MutNovel,"R437C,0.211"
X-3792,FHDC1,85462.0,MutNovel,"R1062Q,0.286"
X-3792,FILIP1L,11259.0,MutNovel,"E1015A,0.500"
X-3792,FKBP5,2289.0,MutNovel,"S236N,0.316"
X-3792,FKBP7,51661.0,MutKnownFunctional,"-4,0.267"
X-3792,FKBP9,11328.0,MutNovel,"YH283Y,0.525"
X-3792,FLJ22184,80164.0,MutNovel,"A221T,0.417"
X-3792,FLOT1,10211.0,MutKnownFunctional,"-3,0.387"
X-3792,FNDC3A,22862.0,MutNovel,"M942L,0.535"
X-3792,FOSL2,2355.0,MutNovel,"R130W,0.463"
X-3792,FOXP1,27086.0,MutNovel,"Q118E,0.221"
X-3792,FOXQ1,94234.0,MutNovel,"V387G,0.357"
X-3792,FRMD8,83786.0,MutNovel,"R436H,0.419"
X-3792,FSCN1,6624.0,MutNovel,"R398H,0.394"
X-3792,FSCN2,25794.0,MutNovel,"P259T,0.900"
X-3792,FUT3,2525.0,MutNovel,"T325M,0.227"
X-3792,FUT5,2527.0,MutNovel,"E261K,0.556"
X-3792,G2E3,55632.0,MutKnownFunctional,"-592?,0.281"
X-3792,GABARAP,11337.0,MutNovel,"E112K,0.445"
X-3792,GABBR1,2550.0,MutNovel,"V42A,0.533"
X-3792,GABBR1,2550.0,MutKnownFunctional,"R98*,0.778"
X-3792,GALNT2,2590.0,MutNovel,"T286M,0.208"
X-3792,GALNTL4,374378.0,MutNovel,"D533G,0.543"
X-3792,GALNTL4,374378.0,MutNovel,"G500W,0.500"
X-3792,GANAB,23193.0,MutNovel,"R426Q,0.470"
X-3792,GBF1,8729.0,MutNovel,"R1690W,0.540"
X-3792,GBP3,2635.0,MutKnownFunctional,"-585,0.403"
X-3792,GCDH,2639.0,MutNovel,"R355H,0.370"
X-3792,GCN1L1,10985.0,MutNovel,"H2538R,0.318"
X-3792,GGT1,2678.0,MutNovel,"G86R,0.567"
X-3792,GIGYF2,26058.0,MutNovel,"E1137V,0.343"
X-3792,GIGYF2,26058.0,MutNovel,"PQ1231P,0.440"
X-3792,GIPC2,54810.0,MutNovel,"Y121H,1.000"
X-3792,GLCCI1,113263.0,MutNovel,"P437S,0.538"
X-3792,GLCCI1,113263.0,MutNovel,"T504M,0.278"
X-3792,GLG1,2734.0,MutNovel,"Y1182C,0.582"
X-3792,GLI2,2736.0,MutNovel,"R1387H,0.409"
X-3792,GLTSCR1,29998.0,MutKnownFunctional,"-935,0.500"
X-3792,GLTSCR2,29997.0,MutNovel,"A394V,0.329"
X-3792,GMEB2,26205.0,MutKnownFunctional,"-509,0.500"
X-3792,GMIP,51291.0,MutNovel,"T569M,0.516"
X-3792,GNAI2,2771.0,MutNovel,"A104T,0.517"
X-3792,GNB2L1,10399.0,MutNovel,"R317C,0.211"
X-3792,GNPDA1,10007.0,MutNovel,"E148A,0.365"
X-3792,GOLGA2,2801.0,MutKnownFunctional,"-989,0.488"
X-3792,GOLGB1,2804.0,MutNovel,"V3230I,0.662"
X-3792,GOLGB1,2804.0,MutKnownFunctional,"-2787,0.458"
X-3792,GPATCH8,23131.0,MutNovel,"G282V,0.462"
X-3792,GPBP1,65056.0,MutNovel,"S388T,0.263"
X-3792,GRAMD1B,57476.0,MutKnownFunctional,"R128*,0.438"
X-3792,GRID1,2894.0,MutNovel,"L751P,0.595"
X-3792,GRIN2B,2904.0,MutNovel,"R1100S,1.000"
X-3792,GSK3B,2932.0,MutNovel,"R332H,0.223"
X-3792,GSS,2937.0,MutNovel,"A161T,0.640"
X-3792,GTF2IRD1,9569.0,MutNovel,"R443Q,0.533"
X-3792,GTSE1,51512.0,MutNovel,"T411M,0.417"
X-3792,GUSB,2990.0,MutNovel,"V410M,0.337"
X-3792,GUSB,2990.0,MutNovel,"V250I,0.290"
X-3792,HDAC6,10013.0,MutNovel,"A390T,0.500"
X-3792,HDGFRP2,84717.0,MutNovel,"S165L,0.586"
X-3792,HDHD1,8226.0,Del0.8,0.43
X-3792,HDLBP,3069.0,MutNovel,"T671A,0.249"
X-3792,HEATR1,55127.0,MutNovel,"A893S,0.457"
X-3792,HELLS,3070.0,MutKnownFunctional,"K80*,0.231"
X-3792,HERC2,8924.0,MutNovel,"E3427G,0.513"
X-3792,HERC4,26091.0,MutNovel,"V204A,0.235"
X-3792,HES6,55502.0,MutKnownFunctional,"-175?,0.490"
X-3792,HEXA,3073.0,MutNovel,"R170Q,0.405"
X-3792,HFE,3077.0,MutNovel,"L167M,0.400"
X-3792,HGS,9146.0,MutNovel,"R36H,0.235"
X-3792,HIPK1,204851.0,MutNovel,"Y612C,0.342"
X-3792,HJURP,55355.0,MutNovel,"R403K,0.514"
X-3792,HKDC1,80201.0,MutNovel,"E693K,0.340"
X-3792,HLA-B,3106.0,MutNovel,"YT33ST,0.503"
X-3792,HLA-DMA,3108.0,MutNovel,"R81H,0.396"
X-3792,HLA-G,3135.0,MutNovel,"N175R,0.818"
X-3792,HMCN2,,MutNovel,"G228S,0.375"
X-3792,HMCN2,,MutNovel,"A3383T,0.321"
X-3792,HMCN2,,MutNovel,"H3496R,0.413"
X-3792,HMCN2,,MutNovel,"R3503C,0.522"
X-3792,HMHA1,23526.0,MutNovel,"R1138Q,0.489"
X-3792,HNRNPA3,220988.0,MutNovel,"M158T,0.456"
X-3792,HNRNPD,3184.0,MutNovel,"V19A,0.518"
X-3792,HNRNPM,4670.0,MutNovel,"R550H,0.502"
X-3792,HOMEZ,57594.0,MutNovel,"E537D,0.286"
X-3792,HOMEZ,57594.0,MutKnownFunctional,"-376,0.971"
X-3792,HOXA10,3206.0,MutNovel,"A233V,0.545"
X-3792,HPS4,89781.0,MutNovel,"A689V,0.474"
X-3792,HPS5,11234.0,MutNovel,"P112L,0.300"
X-3792,HPS6,79803.0,MutKnownFunctional,"-557,0.362"
X-3792,HR,55806.0,MutNovel,"P521A,0.231"
X-3792,HS1BP3,64342.0,MutNovel,"F392L,0.506"
X-3792,HSF4,3299.0,MutKnownFunctional,"-300,0.583"
X-3792,HSP90AA1,3320.0,MutNovel,"A751T,0.296"
X-3792,HSPA2,3306.0,MutNovel,"S403L,0.524"
X-3792,HSPG2,3339.0,MutNovel,"C3043Y,0.391"
X-3792,HTATSF1,27336.0,MutNovel,"R340H,1.000"
X-3792,HTRA1,5654.0,MutNovel,"A20V,0.806"
X-3792,HUWE1,10075.0,MutNovel,"R1996H,1.000"
X-3792,HYOU1,10525.0,MutNovel,"R217H,0.640"
X-3792,HYOU1,10525.0,MutNovel,"R193H,0.478"
X-3792,IARS,3376.0,MutNovel,"R453H,0.500"
X-3792,IFT172,26160.0,MutNovel,"A1311V,0.444"
X-3792,IGBP1,3476.0,MutNovel,"P281L,1.000"
X-3792,IGF1R,3480.0,MutNovel,"E1145K,0.458"
X-3792,IGF2R,3482.0,MutKnownFunctional,"R1473*,0.224"
X-3792,IMMP2L,83943.0,MutNovel,"N108I,0.263"
X-3792,IMMT,10989.0,MutNovel,"D400E,0.511"
X-3792,IMPA1,3612.0,MutNovel,"A322T,0.528"
X-3792,IMPA1,3612.0,MutNovel,"L113F,0.348"
X-3792,IMPDH2,3615.0,MutNovel,"R136W,0.478"
X-3792,INCENP,3619.0,MutNovel,"E757K,0.512"
X-3792,ING1,3621.0,MutNovel,"S333T,0.538"
X-3792,INO80B,83444.0,MutNovel,"A266T,0.579"
X-3792,INO80E,283899.0,MutKnownFunctional,"-209,0.895"
X-3792,INPP5A,3632.0,MutNovel,"T143M,0.368"
X-3792,INPPL1,3636.0,MutNovel,"R878C,0.361"
X-3792,INPPL1,3636.0,MutNovel,"A1136V,0.544"
X-3792,INTS10,55174.0,MutNovel,"T119M,0.457"
X-3792,INTS5,80789.0,MutNovel,"P457L,0.226"
X-3792,IQCC,55721.0,MutKnownFunctional,"-467?,0.643"
X-3792,IQGAP1,8826.0,MutNovel,"E251-,0.643"
X-3792,IRS2,8660.0,MutNovel,"A563V,0.442"
X-3792,ITCH,83737.0,MutNovel,"T504A,0.217"
X-3792,ITGB6,3694.0,MutNovel,"V772A,0.375"
X-3792,ITGB6,3694.0,MutNovel,"S98C,0.417"
X-3792,ITPKA,3706.0,MutNovel,"R314H,0.486"
X-3792,ITPKB,3707.0,MutNovel,"A253T,0.882"
X-3792,ITSN1,6453.0,MutKnownFunctional,"-156?,0.417"
X-3792,JARID2,3720.0,MutNovel,"G1075S,0.571"
X-3792,JMJD7-PLA2G4B,8681.0,MutNovel,"G490W,0.667"
X-3792,JMY,133746.0,MutNovel,"A712T,0.417"
X-3792,JUNB,3726.0,MutNovel,"G203W,0.500"
X-3792,JUND,3727.0,MutKnownFunctional,"-84,0.538"
X-3792,JUND,3727.0,MutNovel,"G17A,0.452"
X-3792,KANK1,23189.0,MutNovel,"W569C,0.389"
X-3792,KANSL1,,MutNovel,"R891Q,0.283"
X-3792,KANSL1,,MutKnownFunctional,"-179,0.389"
X-3792,KBTBD6,89890.0,MutNovel,"R582Q,0.625"
X-3792,KCTD1,284252.0,MutNovel,"V456I,0.308"
X-3792,KCTD14,65987.0,MutNovel,"R164Q,0.451"
X-3792,KDM2B,84678.0,MutNovel,"M221T,0.692"
X-3792,KDM3A,55818.0,MutNovel,"R262C,0.522"
X-3792,KDM4A,9682.0,MutNovel,"R110C,0.333"
X-3792,KDM5C,8242.0,MutNovel,"R313Q,1.000"
X-3792,KDM5D,8284.0,MutNovel,"R700H,1.000"
X-3792,KDM8,,MutNovel,"E340K,0.400"
X-3792,KDM8,,MutNovel,"Y388C,0.500"
X-3792,KIAA0100,9703.0,MutNovel,"V1391I,0.481"
X-3792,KIAA0513,9764.0,MutNovel,"R71C,0.400"
X-3792,KIAA0556,23247.0,MutNovel,"T1613M,0.393"
X-3792,KIAA0664,23277.0,MutNovel,"A1081T,0.473"
X-3792,KIAA0664,23277.0,MutNovel,"R207C,0.495"
X-3792,KIAA0922,23240.0,MutNovel,"S1379G,0.250"
X-3792,KIAA1211,57482.0,MutNovel,"Q866QK,0.400"
X-3792,KIAA1244,57221.0,MutNovel,"M913I,0.478"
X-3792,KIAA1429,25962.0,MutKnownFunctional,"R658*,0.429"
X-3792,KIAA1522,57648.0,MutKnownFunctional,"-569,0.631"
X-3792,KIAA1522,57648.0,MutNovel,"A933V,0.311"
X-3792,KIAA1967,57805.0,MutNovel,"T338M,0.524"
X-3792,KIAA2026,158358.0,MutNovel,"M1068R,0.429"
X-3792,KIF15,56992.0,MutNovel,"R463Q,0.750"
X-3792,KIF16B,55614.0,MutNovel,"EV1125V,0.435"
X-3792,KIF20A,10112.0,MutNovel,"T686A,0.487"
X-3792,KIF3A,11127.0,MutNovel,"R525C,0.714"
X-3792,KIFC3,3801.0,MutNovel,"R692Q,0.824"
X-3792,KIN,22944.0,MutNovel,"R379C,0.387"
X-3792,KLHL21,9903.0,MutNovel,"G570V,0.267"
X-3792,KLHL24,54800.0,MutNovel,"V318I,0.360"
X-3792,KNTC1,9735.0,MutKnownFunctional,"-1907,0.263"
X-3792,KPNA3,3839.0,MutNovel,"Y406C,0.256"
X-3792,KPTN,11133.0,MutNovel,"G122S,0.364"
X-3792,KRT80,144501.0,MutNovel,"S311P,0.312"
X-3792,LAMA5,3911.0,MutNovel,"P1506L,0.321"
X-3792,LAMA5,3911.0,MutKnownFunctional,"-115,0.611"
X-3792,LAMB1,3912.0,MutNovel,"T630A,0.561"
X-3792,LAMB1,3912.0,MutNovel,"R532W,0.273"
X-3792,LAMB2,3913.0,MutNovel,"R263Q,0.433"
X-3792,LARP1,23367.0,MutNovel,"R446H,0.598"
X-3792,LARP7,51574.0,MutKnownFunctional,"-409,1.000"
X-3792,LARP7,51574.0,MutKnownFunctional,"-590,0.870"
X-3792,LDLRAP1,26119.0,MutNovel,"S288L,0.329"
X-3792,LENG8,114823.0,MutNovel,"R490H,0.381"
X-3792,LGALS3,3958.0,MutNovel,"TG98PR,0.444"
X-3792,LIG3,3980.0,MutNovel,"A901D,0.444"
X-3792,LLGL2,3993.0,MutNovel,"S261N,0.498"
X-3792,LMAN2L,81562.0,MutNovel,"R181W,0.286"
X-3792,LMF2,91289.0,MutNovel,"R395W,0.550"
X-3792,LOC100287837,,MutNovel,"E5ER,0.667"
X-3792,LOC100506248,,MutNovel,"-66E,1.000"
X-3792,LOC100996485,,MutNovel,"S107R,0.475"
X-3792,LOC100996641,,MutNovel,"G66S,0.750"
X-3792,LOC441124,,MutKnownFunctional,"Q144*,0.640"
X-3792,LOC728741,,MutNovel,"R380W,0.375"
X-3792,LPXN,9404.0,MutNovel,"R319C,0.333"
X-3792,LRBA,987.0,MutNovel,"V1717M,0.340"
X-3792,LRFN3,79414.0,MutNovel,"P25L,0.615"
X-3792,LRIG1,26018.0,MutNovel,"R702H,0.619"
X-3792,LRIG2,9860.0,MutNovel,"R166H,0.789"
X-3792,LRP1B,53353.0,MutNovel,"G587V,0.625"
X-3792,LRP4,4038.0,MutNovel,"R478C,0.462"
X-3792,LRPAP1,4043.0,MutNovel,"P27L,0.724"
X-3792,LRRC24,441381.0,MutNovel,"A189T,0.426"
X-3792,LRRC45,201255.0,MutNovel,"Q590H,0.491"
X-3792,LRRC47,57470.0,MutNovel,"S433L,0.623"
X-3792,LSM14A,26065.0,MutNovel,"R276Q,0.755"
X-3792,LSR,51599.0,MutNovel,"G518GR,0.570"
X-3792,LTB4R2,56413.0,MutNovel,"A314T,0.308"
X-3792,LTBR,4055.0,MutNovel,"R184C,0.339"
X-3792,LTK,4058.0,MutNovel,"S718L,0.476"
X-3792,LY75,4065.0,MutNovel,"K1646E,0.257"
X-3792,LYN,4067.0,MutNovel,"P314L,0.494"
X-3792,LYRM5,144363.0,MutNovel,"A4V,0.438"
X-3792,LYST,1130.0,MutNovel,"Y2493H,0.462"
X-3792,LZTR1,8216.0,MutNovel,"R631W,0.474"
X-3792,MACC1,346389.0,MutNovel,"M276V,0.455"
X-3792,MAD1L1,8379.0,MutNovel,"R251W,0.273"
X-3792,MADD,8567.0,MutNovel,"R967C,0.410"
X-3792,MAP2K7,5609.0,MutNovel,"E216K,0.446"
X-3792,MAP2K7,5609.0,MutNovel,"R288H,0.721"
X-3792,MAP3K10,4294.0,MutNovel,"R823H,0.778"
X-3792,MAP3K5,4217.0,MutNovel,"Q259L,0.316"
X-3792,MAP3K8,1326.0,MutKnownFunctional,"-459,0.385"
X-3792,MAP7D1,55700.0,MutNovel,"R227W,0.664"
X-3792,MAPK15,225689.0,MutNovel,"L424P,0.308"
X-3792,MAPK15,225689.0,MutNovel,"G526R,0.727"
X-3792,MAPK7,5598.0,MutNovel,"A497T,0.541"
X-3792,MAPKAPK2,9261.0,MutNovel,"T25A,0.724"
X-3792,MARK2,2011.0,MutKnownFunctional,"R603*,0.255"
X-3792,MAST3,23031.0,MutNovel,"A532T,0.455"
X-3792,MBIP,51562.0,MutNovel,"G300E,0.413"
X-3792,MCF2L,23263.0,MutNovel,"A339T,0.609"
X-3792,MCF2L,23263.0,MutNovel,"R533W,0.353"
X-3792,MCPH1,79648.0,MutKnownFunctional,"-466,0.467"
X-3792,MED10,84246.0,MutKnownFunctional,"-130?,0.727"
X-3792,MED12,9968.0,MutNovel,"EQ2050E,1.000"
X-3792,MED13,9969.0,MutNovel,"L1283I,0.216"
X-3792,MED17,9440.0,MutNovel,"K17R,0.314"
X-3792,MED19,219541.0,MutNovel,"G98E,0.529"
X-3792,MED25,81857.0,MutNovel,"D741N,0.489"
X-3792,MEGF8,1954.0,MutNovel,"G703V,0.857"
X-3792,MESDC1,59274.0,MutNovel,"R152S,0.357"
X-3792,MESDC2,23184.0,MutKnownFunctional,"-211,0.483"
X-3792,METTL21A,151194.0,MutNovel,"LQ156Q,0.316"
X-3792,MEX3D,399664.0,MutNovel,"R627H,0.473"
X-3792,MEX3D,399664.0,MutKnownFunctional,"-512,0.444"
X-3792,MFHAS1,9258.0,MutNovel,"P720L,0.455"
X-3792,MFSD2A,84879.0,MutNovel,"G155S,0.645"
X-3792,MFSD6,54842.0,MutNovel,"R390Q,0.531"
X-3792,MFSD6L,162387.0,MutNovel,"D563Y,0.235"
X-3792,MGMT,4255.0,MutNovel,"G167V,0.750"
X-3792,MICALL2,79778.0,MutNovel,"T253M,0.237"
X-3792,MIR4767,100616467.0,Del0.8,0.43
X-3792,MIS18BP1,55320.0,MutNovel,"E154G,0.333"
X-3792,MLH3,27030.0,MutKnownFunctional,"-585,1.000"
X-3792,MLL2,8085.0,MutNovel,"L1070P,0.423"
X-3792,MLL3,58508.0,MutNovel,"A4316V,0.270"
X-3792,MLL3,58508.0,MutKnownFunctional,"-2797,0.625"
X-3792,MLL4,9757.0,MutNovel,"A1582V,0.315"
X-3792,MMAB,326625.0,MutNovel,"A181T,0.286"
X-3792,MMEL1,79258.0,MutNovel,"P368T,0.600"
X-3792,MMP15,4324.0,MutNovel,"R165H,0.531"
X-3792,MOCOS,55034.0,MutKnownFunctional,"Q822*,0.500"
X-3792,MOGS,7841.0,MutNovel,"A510T,0.504"
X-3792,MON1B,22879.0,MutNovel,"V340M,0.500"
X-3792,MPG,4350.0,MutNovel,"G148C,0.521"
X-3792,MPRIP,23164.0,MutNovel,"W49R,0.286"
X-3792,MPRIP,23164.0,MutNovel,"TS178T,1.000"
X-3792,MRC2,9902.0,MutNovel,"R1145C,0.500"
X-3792,MRI1,84245.0,MutKnownFunctional,"-328,0.579"
X-3792,MRPL19,9801.0,MutNovel,"Y273H,0.207"
X-3792,MRPL3,11222.0,MutNovel,"A185V,0.397"
X-3792,MRRF,92399.0,MutNovel,"V26I,0.368"
X-3792,MSH3,4437.0,MutNovel,"A61T,0.400"
X-3792,MTF1,4520.0,MutNovel,"N398I,0.476"
X-3792,MTHFD2,10797.0,MutNovel,"V95A,0.232"
X-3792,MTMR4,9110.0,MutNovel,"G167C,0.261"
X-3792,MTRR,4552.0,MutNovel,"H659R,0.205"
X-3792,MTSS1L,92154.0,MutNovel,"R110C,0.667"
X-3792,MTUS1,57509.0,MutNovel,"S647T,0.329"
X-3792,MUC12,10071.0,MutNovel,"S1638G,0.216"
X-3792,MUC12,10071.0,MutNovel,"L1735F,1.000"
X-3792,MUC12,10071.0,MutNovel,"S1741L,0.857"
X-3792,MUC12,10071.0,MutNovel,"S4095G,1.000"
X-3792,MUC12,10071.0,MutNovel,"T4363I,0.812"
X-3792,MUC12,10071.0,MutNovel,"T4391P,0.875"
X-3792,MUC12,10071.0,MutNovel,"L4568F,0.882"
X-3792,MUC12,10071.0,MutNovel,"E4601G,0.231"
X-3792,MUC12,10071.0,MutNovel,"T4603M,0.231"
X-3792,MUC2,4583.0,MutNovel,"G1622A,0.250"
X-3792,MUC3A,,MutNovel,"F453S,1.000"
X-3792,MUC3A,,MutNovel,"E601Q,0.623"
X-3792,MUC3A,,MutNovel,"I736T,0.580"
X-3792,MUC3A,,MutNovel,"R1028Q,0.537"
X-3792,MUC4,4585.0,MutKnownFunctional,"-4902,0.267"
X-3792,MUC4,4585.0,MutNovel,"S3749N,0.986"
X-3792,MUC5B,727897.0,MutNovel,"R75W,0.537"
X-3792,MUC5B,727897.0,MutNovel,"T4544M,0.487"
X-3792,MUC6,4588.0,MutNovel,"P2249L,0.574"
X-3792,MUC6,4588.0,MutNovel,"D62G,0.626"
X-3792,MUM1,84939.0,MutNovel,"A269T,0.534"
X-3792,MVP,9961.0,MutNovel,"E89D,0.541"
X-3792,MXD1,4084.0,MutNovel,"R142W,0.529"
X-3792,MYCBP2,23077.0,MutNovel,"D1230E,0.333"
X-3792,MYO10,4651.0,MutNovel,"P1369S,0.303"
X-3792,MYO10,4651.0,MutNovel,"I772T,0.588"
X-3792,MYO18A,399687.0,MutNovel,"R1593Q,0.386"
X-3792,MYO19,80179.0,MutNovel,"P897S,0.435"
X-3792,MYO1A,4640.0,MutKnownFunctional,"-1033,0.266"
X-3792,MYO5B,4645.0,MutNovel,"Y7C,0.465"
X-3792,MYO5C,55930.0,MutNovel,"A4T,0.500"
X-3792,MYO9B,4650.0,MutNovel,"A313T,0.394"
X-3792,MYPOP,339344.0,MutKnownFunctional,"-370,0.467"
X-3792,MYPOP,339344.0,MutKnownFunctional,"-117,0.556"
X-3792,NACC2,138151.0,MutKnownFunctional,"-564,0.500"
X-3792,NADK,65220.0,MutNovel,"T491M,0.311"
X-3792,NADK,65220.0,MutNovel,"T398M,0.758"
X-3792,NAT14,57106.0,MutNovel,"A147T,1.000"
X-3792,NBAS,51594.0,MutNovel,"R1914H,0.467"
X-3792,NBEAL2,23218.0,MutNovel,"L578P,0.273"
X-3792,NBEAL2,23218.0,MutKnownFunctional,"-1337,0.451"
X-3792,NBEAL2,23218.0,MutKnownFunctional,"-2044,0.513"
X-3792,NBPF9,400818.0,MutNovel,"Q184R,1.000"
X-3792,NCAPD3,23310.0,MutNovel,"L431I,0.294"
X-3792,NCBP1,4686.0,MutNovel,"R401H,0.257"
X-3792,NCOR1,9611.0,MutNovel,"M1767I,0.578"
X-3792,NCOR2,9612.0,MutNovel,"G1839GAAA,1.000"
X-3792,NCOR2,9612.0,MutNovel,"L666S,0.438"
X-3792,NCOR2,9612.0,MutNovel,"-511S,0.967"
X-3792,NDST2,8509.0,MutNovel,"R688W,0.533"
X-3792,NDST2,8509.0,MutNovel,"R328H,0.444"
X-3792,NDUFB1,4707.0,MutNovel,"G41D,0.297"
X-3792,NECAB3,63941.0,MutNovel,"P378L,0.577"
X-3792,NEDD8-MDP1,100528064.0,MutKnownFunctional,"R25*,0.294"
X-3792,NES,10763.0,MutNovel,"T693K,0.556"
X-3792,NF1,4763.0,MutNovel,"I2267M,0.525"
X-3792,NFE2L1,4779.0,MutNovel,"R180Q,0.480"
X-3792,NFKBIE,4794.0,MutNovel,"R311Q,0.471"
X-3792,NGRN,51335.0,MutNovel,"T24A,0.222"
X-3792,NHSL1,57224.0,MutNovel,"T1260M,0.546"
X-3792,NID1,4811.0,MutNovel,"P659S,0.769"
X-3792,NINL,22981.0,MutNovel,"T843I,1.000"
X-3792,NIT2,56954.0,MutNovel,"R157W,0.221"
X-3792,NKTR,4820.0,MutKnownFunctional,"-764,0.536"
X-3792,NLRC5,84166.0,MutNovel,"R1850G,0.208"
X-3792,NME1-NME2,654364.0,MutNovel,"R105C,0.540"
X-3792,NME7,29922.0,MutNovel,"A214V,0.246"
X-3792,NOL3,8996.0,MutNovel,"Q168R,0.452"
X-3792,NOLC1,9221.0,MutNovel,"P16H,0.278"
X-3792,NOP2,4839.0,MutNovel,"RR54R,0.500"
X-3792,NOTCH1,4851.0,MutNovel,"V1578L,0.548"
X-3792,NPAS2,4862.0,MutNovel,"A706T,0.399"
X-3792,NPHP4,261734.0,MutNovel,"L1073M,0.429"
X-3792,NPIPL3,23117.0,MutNovel,"C1076R,0.667"
X-3792,NPIPL3,23117.0,MutNovel,"P838T,0.857"
X-3792,NPTN,27020.0,MutNovel,"S20Y,0.242"
X-3792,NR1H2,7376.0,MutNovel,"-173Q,1.000"
X-3792,NR1H2,7376.0,MutNovel,"R416C,0.230"
X-3792,NR2C1,7181.0,MutNovel,"S55N,0.607"
X-3792,NR2C2,7182.0,MutKnownFunctional,"-580,0.452"
X-3792,NRAS,4893.0,MutNovel,"E132K,0.250"
X-3792,NRL,4901.0,MutNovel,"G230E,0.625"
X-3792,NSD1,64324.0,MutNovel,"R1471Q,0.464"
X-3792,NSRP1,84081.0,MutNovel,"R403Q,0.292"
X-3792,NT5C2,22978.0,MutNovel,"Y348H,0.204"
X-3792,NT5DC3,51559.0,MutKnownFunctional,"-535,0.750"
X-3792,NT5E,4907.0,MutNovel,"N143I,0.409"
X-3792,NUB1,51667.0,MutKnownFunctional,"-272,0.300"
X-3792,NUDT1,4521.0,MutNovel,"G81S,0.625"
X-3792,NUDT16,131870.0,MutNovel,"I45V,0.315"
X-3792,NUDT8,254552.0,MutNovel,"S133L,0.508"
X-3792,NUDT8,254552.0,MutNovel,"A32V,0.279"
X-3792,NUFIP2,57532.0,MutKnownFunctional,"-224,0.507"
X-3792,NUMA1,4926.0,MutNovel,"R1413W,0.308"
X-3792,NUMA1,4926.0,MutNovel,"R814C,0.494"
X-3792,NUP160,23279.0,MutNovel,"T218A,0.250"
X-3792,NUP188,23511.0,MutNovel,"T374A,0.429"
X-3792,NUP214,8021.0,MutNovel,"R1338W,0.343"
X-3792,OASL,8638.0,MutNovel,"L510R,0.223"
X-3792,OBSCN,84033.0,MutNovel,"G1365R,0.600"
X-3792,OBSCN,84033.0,MutNovel,"A5911P,0.357"
X-3792,OBSCN,84033.0,MutNovel,"T6603M,0.241"
X-3792,OPA3,80207.0,MutNovel,"Y49H,0.500"
X-3792,OR2T10,127069.0,Amp5,5.54
X-3792,OR2T11,127077.0,Amp5,5.54
X-3792,ORAI1,84876.0,MutNovel,"PP43-,1.000"
X-3792,OSBP2,23762.0,MutNovel,"R396H,0.286"
X-3792,OSBPL1A,114876.0,MutNovel,"A390D,0.625"
X-3792,OSBPL7,114881.0,MutNovel,"R247W,0.354"
X-3792,OSMR,9180.0,MutNovel,"K241N,0.469"
X-3792,OTUB2,78990.0,MutNovel,"T181M,0.261"
X-3792,OTUD7A,161725.0,MutNovel,"K569R,1.000"
X-3792,P2RY2,5029.0,MutNovel,"A329T,0.471"
X-3792,P4HTM,54681.0,MutNovel,"R215C,0.247"
X-3792,PABPN1,8106.0,MutKnownFunctional,"-307,0.588"
X-3792,PAFAH1B2,5049.0,MutNovel,"S161L,0.500"
X-3792,PAK2,5062.0,MutNovel,"P145H,0.214"
X-3792,PAK6,56924.0,MutNovel,"A306T,0.385"
X-3792,PAM,5066.0,MutNovel,"T157A,0.234"
X-3792,PAPSS1,9061.0,MutNovel,"A498T,0.579"
X-3792,PAPSS2,9060.0,MutNovel,"V322A,0.277"
X-3792,PARD3B,117583.0,MutNovel,"T775A,0.500"
X-3792,PARN,5073.0,MutNovel,"F419L,0.212"
X-3792,PARP10,84875.0,MutNovel,"R822H,0.478"
X-3792,PATZ1,23598.0,MutKnownFunctional,"-492,0.556"
X-3792,PAX8,7849.0,MutNovel,"R31H,1.000"
X-3792,PAXIP1,22976.0,MutNovel,"KK684K,0.500"
X-3792,PBRM1,55193.0,MutNovel,"R760H,0.348"
X-3792,PCBP4,57060.0,MutNovel,"T131M,0.529"
X-3792,PCCB,5096.0,MutNovel,"V461A,0.251"
X-3792,PCLO,27445.0,MutNovel,"A4279V,0.500"
X-3792,PCNT,5116.0,MutNovel,"R3221Q,0.449"
X-3792,PCNXL3,399909.0,MutNovel,"T787M,0.500"
X-3792,PCSK5,5125.0,MutNovel,"T624I,0.214"
X-3792,PDCL,5082.0,MutNovel,"T120S,0.205"
X-3792,PDE3A,5139.0,MutNovel,"R898H,0.463"
X-3792,PDE4DIP,9659.0,MutNovel,"A936T,0.647"
X-3792,PDK3,5165.0,MutNovel,"R378C,1.000"
X-3792,PDLIM5,10611.0,MutNovel,"A102T,0.444"
X-3792,PDLIM5,10611.0,MutNovel,"T145A,0.267"
X-3792,PDLIM5,10611.0,MutNovel,"A450T,0.348"
X-3792,PDLIM7,9260.0,MutNovel,"P157S,0.512"
X-3792,PDS5B,23047.0,MutKnownFunctional,"-1316,0.500"
X-3792,PFKL,5211.0,MutNovel,"A263T,0.557"
X-3792,PGAM5,192111.0,MutNovel,"L133F,0.242"
X-3792,PGM1,5236.0,MutNovel,"T571M,0.381"
X-3792,PGS1,9489.0,MutNovel,"R42G,0.361"
X-3792,PHACTR4,65979.0,MutKnownFunctional,"-61,0.385"
X-3792,PHC1,1911.0,MutNovel,"G135E,0.429"
X-3792,PHF14,9678.0,MutNovel,"V381I,0.538"
X-3792,PHF15,23338.0,MutNovel,"R772W,0.429"
X-3792,PHLDA1,22822.0,MutNovel,"QQ194Q,1.000"
X-3792,PHLDB3,653583.0,MutNovel,"R153W,0.652"
X-3792,PHRF1,57661.0,MutKnownFunctional,"R561*,0.405"
X-3792,PI4KA,5297.0,MutNovel,"K338E,0.421"
X-3792,PICK1,9463.0,MutNovel,"G381GE,0.467"
X-3792,PIGG,54872.0,MutNovel,"V802F,0.683"
X-3792,PIK3CA,5290.0,MutLikelyFunctional,"E545D,0.310"
X-3792,PION,54103.0,MutNovel,"S231R,0.333"
X-3792,PIP5K1B,8395.0,MutNovel,"L497V,0.571"
X-3792,PIP5K1C,23396.0,MutNovel,"V585M,0.613"
X-3792,PITPNC1,26207.0,MutNovel,"V290I,0.411"
X-3792,PITPNM1,9600.0,MutNovel,"R1075H,0.475"
X-3792,PITPNM3,83394.0,MutNovel,"A960V,0.409"
X-3792,PJA1,64219.0,MutNovel,"D362N,1.000"
X-3792,PKD1,5310.0,MutNovel,"E1811K,0.568"
X-3792,PKD1,5310.0,MutNovel,"A1302T,0.500"
X-3792,PKP3,11187.0,MutNovel,"V524M,0.492"
X-3792,PLAC8,51316.0,MutKnownFunctional,"-22,0.275"
X-3792,PLAGL2,5326.0,MutKnownFunctional,"-10,0.684"
X-3792,PLCE1,51196.0,MutNovel,"A2253T,0.333"
X-3792,PLEC,5339.0,MutNovel,"R1498Q,0.701"
X-3792,PLEKHH1,57475.0,MutNovel,"R1086C,0.533"
X-3792,PLEKHH3,79990.0,MutKnownFunctional,"-192,0.485"
X-3792,PLEKHM1,9842.0,MutNovel,"R156W,0.222"
X-3792,PLXNA1,5361.0,MutNovel,"A1262V,0.259"
X-3792,PLXNA2,5362.0,MutNovel,"V439I,0.909"
X-3792,PLXNB1,5364.0,MutNovel,"A906V,0.474"
X-3792,PLXNB2,23654.0,MutNovel,"G535R,0.500"
X-3792,PLXNB2,23654.0,MutNovel,"P80L,0.569"
X-3792,PML,5371.0,MutNovel,"H155R,0.311"
X-3792,PML,5371.0,MutNovel,"S597A,0.354"
X-3792,PMPCB,9512.0,MutNovel,"R90S,0.219"
X-3792,PNMA2,10687.0,MutNovel,"R247H,0.615"
X-3792,PNN,5411.0,MutNovel,"R91W,0.539"
X-3792,POFUT2,23275.0,MutKnownFunctional,"-53,0.429"
X-3792,POGK,57645.0,MutNovel,"G529V,0.215"
X-3792,POLD2,5425.0,MutNovel,"R176H,0.493"
X-3792,POLE2,5427.0,MutNovel,"F487S,0.235"
X-3792,POLR2A,5430.0,MutNovel,"E1011D,0.211"
X-3792,POLR3B,55703.0,MutNovel,"V556A,0.400"
X-3792,POLR3GL,84265.0,MutNovel,"E173V,0.717"
X-3792,POLRMT,5442.0,MutNovel,"A635V,0.595"
X-3792,POM121,9883.0,MutNovel,"T759M,0.593"
X-3792,PPARD,5467.0,MutNovel,"V279I,0.261"
X-3792,PPIL2,23759.0,MutNovel,"P193L,0.544"
X-3792,PPIL3,53938.0,MutNovel,"Y37C,0.203"
X-3792,PPME1,51400.0,MutNovel,"E257-,0.505"
X-3792,PPP1R12C,54776.0,MutNovel,"R538Q,0.301"
X-3792,PPP1R12C,54776.0,MutNovel,"P400L,0.741"
X-3792,PPP1R16A,84988.0,MutKnownFunctional,"-443,0.410"
X-3792,PPP1R37,284352.0,MutNovel,"R365C,0.504"
X-3792,PPP4R1,9989.0,MutNovel,"A791T,0.493"
X-3792,PPP6R2,9701.0,MutNovel,"G424R,0.519"
X-3792,PQLC1,80148.0,MutNovel,"D214G,0.233"
X-3792,PRIC285,85441.0,MutKnownFunctional,"W1945*,0.353"
X-3792,PRIC285,85441.0,MutNovel,"T312M,0.235"
X-3792,PRIC285,85441.0,MutNovel,"G133R,0.800"
X-3792,PRICKLE3,4007.0,MutNovel,"G319S,1.000"
X-3792,PRKAR1B,5575.0,MutNovel,"N88S,0.750"
X-3792,PRKAR1B,5575.0,MutNovel,"E11D,0.778"
X-3792,PROC,5624.0,MutNovel,"P177L,0.318"
X-3792,PRPF8,10594.0,MutNovel,"R165C,0.481"
X-3792,PRR11,55771.0,MutNovel,"R256W,0.655"
X-3792,PRRC2B,84726.0,MutKnownFunctional,"-728?,0.258"
X-3792,PRRC2C,23215.0,MutKnownFunctional,"-1513,0.519"
X-3792,PSAT1,29968.0,MutNovel,"G340D,0.333"
X-3792,PSMD12,5718.0,MutNovel,"D427G,0.272"
X-3792,PSMD9,5715.0,MutKnownFunctional,"-197,0.558"
X-3792,PSPH,5723.0,MutNovel,"Y212H,0.488"
X-3792,PTEN,5728.0,MutKnownFunctional,"R173H,0.439"
X-3792,PTEN,5728.0,MutLikelyFunctional,"-321,0.511"
X-3792,PTP4A3,11156.0,MutNovel,"V65I,0.742"
X-3792,PTPLB,201562.0,MutNovel,"M178T,0.329"
X-3792,PTPN18,26469.0,MutNovel,"D405N,0.300"
X-3792,PTPRS,5802.0,MutNovel,"N1737S,0.500"
X-3792,PTPRS,5802.0,MutNovel,"R1026H,0.333"
X-3792,PTPRU,10076.0,MutNovel,"R1028H,0.347"
X-3792,PTRF,284119.0,MutNovel,"R223C,0.308"
X-3792,PURA,5813.0,MutNovel,"R289W,0.345"
X-3792,PUS1,80324.0,MutNovel,"G330R,0.513"
X-3792,PUS7L,83448.0,MutNovel,"H391N,0.600"
X-3792,PVRL2,5819.0,MutNovel,"R3W,0.241"
X-3792,PYGO2,90780.0,MutNovel,"R334W,0.213"
X-3792,QKI,9444.0,MutNovel,"L113R,0.344"
X-3792,RAB21,23011.0,MutNovel,"G10A,0.778"
X-3792,RAB35,11021.0,MutNovel,"A2T,0.492"
X-3792,RAB3IL1,5866.0,MutNovel,"R171H,0.300"
X-3792,RAB5A,5868.0,MutNovel,"T7A,0.326"
X-3792,RAD21,5885.0,MutNovel,"R586Q,0.424"
X-3792,RAD51B,5890.0,MutNovel,"R307W,0.286"
X-3792,RAE1,8480.0,MutKnownFunctional,"-349,0.500"
X-3792,RAI1,10743.0,MutKnownFunctional,"-1033,0.500"
X-3792,RAI1,10743.0,MutKnownFunctional,"Q1485*,0.397"
X-3792,RALBP1,10928.0,MutNovel,"E543K,0.485"
X-3792,RALBP1,10928.0,MutNovel,"V589M,0.542"
X-3792,RANBP17,64901.0,MutNovel,"R557H,0.375"
X-3792,RAPGEF6,51735.0,MutNovel,"A938V,0.300"
X-3792,RAPH1,65059.0,MutKnownFunctional,"-837,0.556"
X-3792,RAPH1,65059.0,MutNovel,"S147P,0.278"
X-3792,RASA3,22821.0,MutNovel,"G694S,0.690"
X-3792,RBBP4,5928.0,MutNovel,"V418M,0.690"
X-3792,RBBP5,5929.0,MutNovel,"A422T,0.276"
X-3792,RBM10,8241.0,MutNovel,"E865K,0.995"
X-3792,RBM12B,389677.0,MutNovel,"ED825D,0.353"
X-3792,RBM19,9904.0,MutNovel,"S224L,0.786"
X-3792,RBM43,375287.0,MutKnownFunctional,"-136,0.700"
X-3792,RBP5,83758.0,MutNovel,"G80R,0.500"
X-3792,RCC2,55920.0,MutNovel,"R176Q,0.311"
X-3792,RCL1,10171.0,MutNovel,"F334L,0.288"
X-3792,RECQL5,9400.0,MutKnownFunctional,"-166,0.417"
X-3792,REEP4,80346.0,MutNovel,"M153T,0.476"
X-3792,RELB,5971.0,MutNovel,"R136H,0.612"
X-3792,RFNG,5986.0,MutNovel,"R76L,0.320"
X-3792,RFX3,5991.0,MutNovel,"T686A,1.000"
X-3792,RFX7,64864.0,MutKnownFunctional,"-304,0.500"
X-3792,RGL2,5863.0,MutKnownFunctional,"-203,0.462"
X-3792,RGS11,8786.0,MutNovel,"C336Y,0.208"
X-3792,RGS12,6002.0,MutNovel,"R583C,0.267"
X-3792,RGS12,6002.0,MutKnownFunctional,"-1176,0.500"
X-3792,RGS12,6002.0,MutKnownFunctional,"-1288,0.500"
X-3792,RGS16,6004.0,MutNovel,"E164K,0.824"
X-3792,RHOB,388.0,MutNovel,"G188D,0.294"
X-3792,RHOBTB2,23221.0,MutNovel,"G397R,0.219"
X-3792,RIC8A,60626.0,MutNovel,"A245T,0.209"
X-3792,RIF1,55183.0,MutNovel,"V2204I,0.315"
X-3792,RIN1,9610.0,MutNovel,"R464H,0.250"
X-3792,RIN3,79890.0,MutNovel,"G967-,1.000"
X-3792,RIOK1,83732.0,MutNovel,"R379W,0.267"
X-3792,RLF,6018.0,MutNovel,"M577V,0.667"
X-3792,RLIM,51132.0,MutNovel,"P316H,1.000"
X-3792,RND1,27289.0,MutNovel,"D75N,0.421"
X-3792,RNF111,54778.0,MutNovel,"S103L,0.618"
X-3792,RNF145,153830.0,MutKnownFunctional,"-29,0.821"
X-3792,RNF145,153830.0,MutNovel,"KK25K,0.740"
X-3792,RNF145,153830.0,MutKnownFunctional,"-25,0.989"
X-3792,RNF145,153830.0,MutNovel,"K25R,0.671"
X-3792,RNF43,54894.0,MutKnownFunctional,"-659,0.397"
X-3792,RNF43,54894.0,MutKnownFunctional,"-118,0.500"
X-3792,ROCK2,9475.0,MutNovel,"I640T,0.381"
X-3792,RPAP1,26015.0,MutNovel,"V1303M,0.327"
X-3792,RPAP2,79871.0,MutNovel,"T297A,0.850"
X-3792,RPL22,6146.0,MutNovel,"V72M,0.648"
X-3792,RPL22,6146.0,MutKnownFunctional,"-15,1.000"
X-3792,RPL28,6158.0,MutNovel,"D105G,0.520"
X-3792,RPS13,6207.0,MutNovel,"V150I,0.426"
X-3792,RPS3A,6189.0,MutNovel,"V22I,0.276"
X-3792,RPS6,6194.0,MutNovel,"K167E,0.259"
X-3792,RPS6KA5,9252.0,MutNovel,"D308G,0.500"
X-3792,RPS8,6202.0,MutNovel,"I79V,0.655"
X-3792,RRAGA,10670.0,MutNovel,"T4A,0.225"
X-3792,RSAD1,55316.0,MutNovel,"P63L,0.486"
X-3792,RTEL1,51750.0,MutNovel,"L612P,0.250"
X-3792,RTEL1,51750.0,MutNovel,"A1025V,0.575"
X-3792,RTN3,10313.0,MutKnownFunctional,"-190,0.418"
X-3792,RWDD1,51389.0,MutNovel,"L84F,0.270"
X-3792,SAFB,6294.0,MutNovel,"R639H,0.509"
X-3792,SASH1,23328.0,MutNovel,"R447H,0.444"
X-3792,SBF1,6305.0,MutNovel,"A1258V,0.253"
X-3792,SCAF4,57466.0,MutNovel,"P944L,0.269"
X-3792,SCPEP1,59342.0,MutNovel,"Q437K,0.467"
X-3792,SCRIB,23513.0,MutNovel,"R867C,0.360"
X-3792,SCRIB,23513.0,MutNovel,"L296H,0.224"
X-3792,SCYL2,55681.0,MutNovel,"P181L,0.234"
X-3792,SDCCAG3,10807.0,MutNovel,"L120P,0.468"
X-3792,SEC16A,9919.0,MutNovel,"A1205G,0.404"
X-3792,SEC24C,9632.0,MutNovel,"R546C,0.344"
X-3792,SEL1L3,23231.0,MutNovel,"R213H,0.565"
X-3792,SEMA3A,10371.0,MutNovel,"V327A,0.444"
X-3792,SEMA5A,9037.0,MutNovel,"V284A,0.600"
X-3792,2014-09-07 00:00:00,989.0,MutNovel,"R243H,0.464"
X-3792,2014-09-09 00:00:00,10801.0,MutNovel,"P273L,0.480"
X-3792,SERINC2,347735.0,MutNovel,"-373Q,1.000"
X-3792,SESN1,27244.0,MutNovel,"P170L,0.542"
X-3792,SET,6418.0,MutNovel,"P103T,0.520"
X-3792,SETD1B,23067.0,MutKnownFunctional,"-5,1.000"
X-3792,SETD8,387893.0,MutNovel,"EA14E,0.900"
X-3792,SETX,23064.0,MutNovel,"S2598N,0.272"
X-3792,SETX,23064.0,MutNovel,"L1544S,0.600"
X-3792,SEZ6L2,26470.0,MutNovel,"R428Q,0.254"
X-3792,SF3B1,23451.0,MutNovel,"R1259Q,0.276"
X-3792,SFI1,9814.0,MutNovel,"K204N,0.667"
X-3792,SFI1,9814.0,MutNovel,"A697T,0.250"
X-3792,SGK1,6446.0,MutNovel,"Q159H,0.718"
X-3792,SGOL2,151246.0,MutNovel,"E1232A,0.455"
X-3792,SGPL1,8879.0,MutNovel,"I99N,0.213"
X-3792,SH2B3,10019.0,MutNovel,"R226Q,0.250"
X-3792,SH2D3A,10045.0,MutNovel,"H154R,0.387"
X-3792,SH3TC1,54436.0,MutNovel,"R736W,0.231"
X-3792,SH3YL1,26751.0,MutNovel,"G56R,0.462"
X-3792,SHROOM1,134549.0,MutNovel,"R809H,0.542"
X-3792,SI,6476.0,MutNovel,"M1708T,0.742"
X-3792,SIDT1,54847.0,MutNovel,"V616I,0.400"
X-3792,SIK3,23387.0,MutNovel,"L242S,0.425"
X-3792,SIPA1L1,26037.0,MutNovel,"G1198R,0.306"
X-3792,SIRPA,140885.0,MutNovel,"R295Q,0.500"
X-3792,SKIV2L,6499.0,MutNovel,"T241I,0.471"
X-3792,SKIV2L2,23517.0,MutNovel,"A1013V,0.450"
X-3792,SLC16A14,151473.0,MutNovel,"G416E,0.269"
X-3792,SLC16A5,9121.0,MutNovel,"A418V,0.400"
X-3792,SLC19A1,6573.0,MutNovel,"A475T,0.220"
X-3792,SLC19A1,6573.0,MutNovel,"V83M,0.440"
X-3792,SLC22A23,63027.0,MutNovel,"G671D,0.308"
X-3792,SLC22A5,6584.0,MutNovel,"V175M,0.406"
X-3792,SLC24A6,80024.0,MutNovel,"N455D,0.257"
X-3792,SLC25A1,6576.0,MutNovel,"P3S,0.500"
X-3792,SLC25A12,8604.0,MutNovel,"R381C,0.586"
X-3792,SLC25A13,10165.0,MutNovel,"T286A,0.615"
X-3792,SLC25A17,10478.0,MutNovel,"D204N,0.443"
X-3792,SLC27A1,376497.0,MutNovel,"A554V,0.284"
X-3792,SLC27A4,10999.0,MutNovel,"P346L,0.366"
X-3792,SLC30A1,7779.0,MutNovel,"C469I,0.308"
X-3792,SLC30A9,10463.0,MutNovel,"R461Q,0.476"
X-3792,SLC35F5,80255.0,MutKnownFunctional,"-248,1.000"
X-3792,SLC37A1,54020.0,MutNovel,"A365V,0.293"
X-3792,SLC37A2,219855.0,MutNovel,"R177Q,0.727"
X-3792,SLC3A2,6520.0,MutKnownFunctional,"-299,0.930"
X-3792,SLC5A10,125206.0,MutNovel,"I209N,0.507"
X-3792,SLCO4A1,28231.0,MutNovel,"A309T,0.354"
X-3792,SLCO4A1,28231.0,MutNovel,"T566I,0.408"
X-3792,SLMAP,7871.0,MutNovel,"R20C,0.460"
X-3792,SMAD4,4089.0,MutKnownFunctional,"-30,0.380"
X-3792,SMAD5,4090.0,MutNovel,"Y276H,0.429"
X-3792,SMARCC1,6599.0,MutNovel,"R709H,0.454"
X-3792,SMC1A,8243.0,MutNovel,"I1020V,1.000"
X-3792,SMC4,10051.0,MutNovel,"A77V,0.259"
X-3792,SMC6,79677.0,MutKnownFunctional,"-409,0.455"
X-3792,SMG6,23293.0,MutNovel,"A198T,0.750"
X-3792,SMG6,23293.0,MutNovel,"A160T,0.500"
X-3792,SMYD3,64754.0,MutNovel,"R319Q,0.264"
X-3792,SNAPC4,6621.0,MutNovel,"S542RAA,0.348"
X-3792,SNED1,25992.0,MutNovel,"C1391Y,0.731"
X-3792,SNRNP200,23020.0,MutNovel,"R637Q,0.436"
X-3792,SNW1,22938.0,MutNovel,"I447T,0.513"
X-3792,SORBS3,10174.0,MutNovel,"D289N,0.690"
X-3792,SORBS3,10174.0,MutNovel,"S299F,0.355"
X-3792,SOS1,6654.0,MutNovel,"Y129C,0.281"
X-3792,SOS2,6655.0,MutNovel,"S238D,0.654"
X-3792,SOWAHA,134548.0,MutNovel,"R317Q,0.583"
X-3792,SP100,6672.0,MutNovel,"R838C,0.769"
X-3792,SPECC1L,23384.0,MutNovel,"P1001H,0.590"
X-3792,SPEF2,79925.0,MutNovel,"V350M,0.643"
X-3792,SPEG,10290.0,MutNovel,"L384P,0.291"
X-3792,SPNS1,83985.0,MutNovel,"D177N,0.567"
X-3792,SPNS2,124976.0,MutNovel,"R342C,0.510"
X-3792,SPNS3,201305.0,MutNovel,"A507T,0.450"
X-3792,SPON1,10418.0,MutNovel,"A766G,0.210"
X-3792,SPRR3,6707.0,MutNovel,"P86H,0.232"
X-3792,SPRY1,10252.0,MutNovel,"R292H,0.444"
X-3792,SPTB,6710.0,MutNovel,"E1927K,0.667"
X-3792,SRA1,10011.0,MutKnownFunctional,"R139*,0.346"
X-3792,SRCAP,10847.0,MutNovel,"A1781T,0.708"
X-3792,SRCAP,10847.0,MutKnownFunctional,"-1876,0.433"
X-3792,SRGAP2,23380.0,MutNovel,"G125S,0.211"
X-3792,SRGAP2,23380.0,MutNovel,"AS149VP,0.225"
X-3792,SRGAP3,9901.0,MutNovel,"R758W,0.333"
X-3792,SRP14,6727.0,MutNovel,"A116-,0.632"
X-3792,SRPR,6734.0,MutKnownFunctional,"-170,0.419"
X-3792,SRRM2,23524.0,MutNovel,"R1933C,0.539"
X-3792,SRRM2,23524.0,MutNovel,"S2619-,0.204"
X-3792,SRRT,51593.0,MutNovel,"S553L,0.768"
X-3792,SRSF3,6428.0,MutNovel,"R106-,0.493"
X-3792,SSB,6741.0,MutNovel,"DDEH367D,0.246"
X-3792,SSH1,54434.0,MutNovel,"II813I,0.692"
X-3792,ST5,6764.0,MutNovel,"R337W,0.605"
X-3792,STAC3,246329.0,MutNovel,"R108Q,0.667"
X-3792,STAMBPL1,57559.0,MutKnownFunctional,"-403,0.576"
X-3792,STARD3,10948.0,MutNovel,"T375M,0.484"
X-3792,STAU1,6780.0,MutKnownFunctional,"-87,0.466"
X-3792,STK10,6793.0,MutNovel,"A180V,0.391"
X-3792,STK24,8428.0,MutNovel,"P371H,0.236"
X-3792,STK24,8428.0,MutNovel,"S315L,0.568"
X-3792,STK24,8428.0,MutNovel,"V177M,0.232"
X-3792,STRN4,29888.0,MutNovel,"A7V,0.694"
X-3792,STS,412.0,Del0.8,0.43
X-3792,STX12,23673.0,MutNovel,"A172V,0.683"
X-3792,STX1A,6804.0,MutNovel,"A288T,0.283"
X-3792,STXBP5,134957.0,MutNovel,"Y1006C,0.283"
X-3792,STYX,6815.0,MutNovel,"S184T,0.303"
X-3792,SUCO,,MutNovel,"R1005Q,0.215"
X-3792,SUN1,23353.0,MutNovel,"P655L,0.641"
X-3792,SUPT5H,6829.0,MutNovel,"D983G,0.414"
X-3792,SURF6,6838.0,MutNovel,"R299C,0.254"
X-3792,SUV420H2,84787.0,MutNovel,"D16N,0.512"
X-3792,SUV420H2,84787.0,MutNovel,"S276N,0.300"
X-3792,SVIL,6840.0,MutNovel,"S1180I,0.467"
X-3792,SWT1,54823.0,MutNovel,"R241H,0.941"
X-3792,SYBU,55638.0,MutNovel,"R655H,0.744"
X-3792,SYK,6850.0,MutKnownFunctional,"-31?,0.792"
X-3792,SYNE4,,MutNovel,"P391S,0.224"
X-3792,SYNGR1,9145.0,MutNovel,"A78T,0.551"
X-3792,SYNJ2,8871.0,MutNovel,"G1266R,0.328"
X-3792,SYT13,57586.0,MutNovel,"E232K,0.636"
X-3792,TACC3,10460.0,MutKnownFunctional,"-393,0.395"
X-3792,TAF1B,9014.0,MutNovel,"K63-,0.300"
X-3792,TAF2,6873.0,MutNovel,"S107P,0.350"
X-3792,TANC1,85461.0,MutNovel,"R1246W,0.478"
X-3792,TAOK2,9344.0,MutNovel,"G421D,0.577"
X-3792,TAOK3,51347.0,MutNovel,"N568D,0.240"
X-3792,TATDN2,9797.0,MutNovel,"F84L,0.513"
X-3792,TBC1D14,57533.0,MutNovel,"S137L,0.240"
X-3792,TBC1D17,79735.0,MutNovel,"A54T,0.509"
X-3792,TBC1D17,79735.0,MutNovel,"A571T,0.553"
X-3792,TBC1D17,79735.0,MutNovel,"S604L,0.234"
X-3792,TBC1D23,55773.0,MutKnownFunctional,"-647,0.490"
X-3792,TBC1D9,23158.0,MutKnownFunctional,"-1245?,0.294"
X-3792,TBCB,1155.0,MutNovel,"S50F,0.493"
X-3792,TBL3,10607.0,MutNovel,"D709N,0.543"
X-3792,TBP,6908.0,MutNovel,"Q72-,0.579"
X-3792,TCF20,6942.0,MutNovel,"A68V,0.400"
X-3792,TCF25,22980.0,MutNovel,"T106M,0.356"
X-3792,TCF25,22980.0,MutNovel,"Q452R,0.636"
X-3792,TCF7L2,6934.0,MutKnownFunctional,"-465,1.000"
X-3792,TCHP,84260.0,MutNovel,"R186Q,0.536"
X-3792,TCOF1,6949.0,MutNovel,"P1359L,0.509"
X-3792,TDRD7,23424.0,MutNovel,"G292C,0.321"
X-3792,TEAD1,7003.0,MutNovel,"A135V,0.462"
X-3792,TET3,200424.0,MutNovel,"A335T,0.500"
X-3792,TFE3,7030.0,MutNovel,"V157I,1.000"
X-3792,TGFB1,7040.0,MutNovel,"R156C,0.524"
X-3792,TGFBR2,7048.0,MutKnownFunctional,"-150,0.818"
X-3792,TGIF2,60436.0,MutNovel,"V116A,0.438"
X-3792,THAP11,57215.0,MutNovel,"A216T,0.537"
X-3792,THAP5,168451.0,MutKnownFunctional,"-99,0.630"
X-3792,THUMPD1,55623.0,MutNovel,"Y200H,0.500"
X-3792,TIAF1,9220.0,MutKnownFunctional,"-54,0.239"
X-3792,TIGD7,91151.0,MutNovel,"A107V,0.667"
X-3792,TIMM50,92609.0,MutNovel,"Y247C,0.220"
X-3792,TIPIN,54962.0,MutNovel,"L195P,0.633"
X-3792,TKT,7086.0,MutNovel,"G139S,0.510"
X-3792,TLE1,7088.0,MutNovel,"G217E,0.512"
X-3792,TLE4,7091.0,MutNovel,"I495N,0.514"
X-3792,TLK2,11011.0,MutNovel,"S613T,0.276"
X-3792,TM4SF4,7104.0,MutNovel,"L42I,0.357"
X-3792,TM4SF5,9032.0,MutNovel,"A132V,0.625"
X-3792,TMEM129,92305.0,MutNovel,"R241W,0.368"
X-3792,TMEM150B,284417.0,MutNovel,"R113W,0.562"
X-3792,TMEM165,55858.0,MutNovel,"R206Q,0.404"
X-3792,TMEM184A,202915.0,MutNovel,"G392GA,0.609"
X-3792,TMEM189-UBE2V1,387522.0,MutNovel,"R215H,0.514"
X-3792,TMEM209,84928.0,MutNovel,"T93A,0.556"
X-3792,TMEM229B,161145.0,MutNovel,"R70H,0.417"
X-3792,TMEM238,388564.0,MutNovel,"G30V,0.570"
X-3792,TMEM38A,79041.0,MutNovel,"HD259H,0.846"
X-3792,TMEM44,93109.0,MutNovel,"A405V,0.290"
X-3792,TMEM48,55706.0,MutNovel,"R617Q,0.215"
X-3792,TMEM57,55219.0,MutNovel,"E616K,0.358"
X-3792,TMEM60,85025.0,MutKnownFunctional,"-77,0.385"
X-3792,TMEM63A,9725.0,MutKnownFunctional,"-45,0.595"
X-3792,TMEM64,169200.0,MutNovel,"N366S,0.312"
X-3792,TMEM87B,84910.0,MutNovel,"V8L,0.429"
X-3792,TMF1,7110.0,MutNovel,"A517V,0.573"
X-3792,TMF1,7110.0,MutNovel,"T215M,0.432"
X-3792,TNKS1BP1,85456.0,MutNovel,"G965C,0.491"
X-3792,TNPO2,30000.0,MutNovel,"L398P,0.455"
X-3792,TNRC18,84629.0,MutNovel,"R2441Q,0.328"
X-3792,TNRC18,84629.0,MutNovel,"I2428L,0.243"
X-3792,TNS3,64759.0,MutNovel,"R759W,0.667"
X-3792,TOMM70A,9868.0,MutNovel,"D311N,0.523"
X-3792,TOP3A,7156.0,MutNovel,"T294M,0.500"
X-3792,TOPORS,10210.0,MutNovel,"C478Y,0.297"
X-3792,TOX3,27324.0,MutNovel,"QQ451Q,0.455"
X-3792,TOX4,9878.0,MutNovel,"V617G,0.560"
X-3792,TP53BP1,7158.0,MutNovel,"T1927M,0.449"
X-3792,TPCN1,53373.0,MutNovel,"L189-,0.500"
X-3792,TPP2,7174.0,MutNovel,"T442M,0.564"
X-3792,TPR,7175.0,MutNovel,"R446C,0.660"
X-3792,TPRN,286262.0,MutNovel,"R704C,0.510"
X-3792,TPRN,286262.0,MutNovel,"EE614E,0.492"
X-3792,TPSG1,25823.0,MutNovel,"R212Q,0.552"
X-3792,TRAF3,7187.0,MutNovel,"V200M,0.245"
X-3792,TRAPPC10,7109.0,MutNovel,"S864N,0.431"
X-3792,TRIM13,10206.0,MutNovel,"R24W,0.544"
X-3792,TRIM26,7726.0,MutNovel,"W410C,0.404"
X-3792,TRIM27,5987.0,MutNovel,"P402T,0.548"
X-3792,TRIM35,23087.0,MutKnownFunctional,"-364,0.364"
X-3792,TRIM56,81844.0,MutNovel,"P214L,0.250"
X-3792,TRIM72,493829.0,MutNovel,"PF451P,0.571"
X-3792,TRMT10C,,MutKnownFunctional,"-128,0.494"
X-3792,TRMU,55687.0,MutKnownFunctional,"-292,0.400"
X-3792,TRNT1,51095.0,MutKnownFunctional,"-416,0.500"
X-3792,TRPM2,7226.0,MutNovel,"R1334C,0.471"
X-3792,TRPM7,54822.0,MutNovel,"F943L,0.222"
X-3792,TRPS1,7227.0,MutNovel,"T1266M,0.905"
X-3792,TRRAP,8295.0,MutNovel,"A2775V,0.360"
X-3792,TSG101,7251.0,MutNovel,"P192A,0.466"
X-3792,TSPY1,7258.0,Del0.8,0.61
X-3792,TSPY3,728137.0,Del0.8,0.61
X-3792,TSPY4,728395.0,Del0.8,0.61
X-3792,TSPY8,728403.0,Del0.8,0.61
X-3792,TSPYL1,7259.0,MutNovel,"V176VW,1.000"
X-3792,TTC17,55761.0,MutNovel,"R430C,0.507"
X-3792,TTC29,83894.0,MutNovel,"H122N,0.298"
X-3792,TTC5,91875.0,MutNovel,"R180H,0.364"
X-3792,TTC9,23508.0,MutKnownFunctional,"-93,0.263"
X-3792,TTK,7272.0,MutKnownFunctional,"-851,0.426"
X-3792,TTLL7,79739.0,MutKnownFunctional,"R443*,0.750"
X-3792,TUBGCP6,85378.0,MutNovel,"P1156S,0.311"
X-3792,TUBGCP6,85378.0,MutNovel,"V276M,0.591"
X-3792,TUFM,7284.0,MutNovel,"Y118H,0.261"
X-3792,TXNDC11,51061.0,MutKnownFunctional,"-932,0.500"
X-3792,TYRO3,7301.0,MutNovel,"R848W,0.500"
X-3792,UAP1L1,91373.0,MutNovel,"V79L,0.600"
X-3792,UBA1,7317.0,MutNovel,"R119W,1.000"
X-3792,UBE2E2,7325.0,MutNovel,"D171G,0.304"
X-3792,UBE3B,89910.0,MutNovel,"D58G,0.510"
X-3792,UBE3C,9690.0,MutNovel,"S176P,0.281"
X-3792,UBXN4,23190.0,MutNovel,"E243Q,0.518"
X-3792,UGT1A7,54577.0,MutNovel,"R333W,0.429"
X-3792,ULK3,25989.0,MutNovel,"R466C,0.237"
X-3792,URB1,9875.0,MutNovel,"M2177T,0.218"
X-3792,URB1,9875.0,MutNovel,"T1190M,0.605"
X-3792,URGCP,55665.0,MutNovel,"R445W,0.453"
X-3792,USF2,7392.0,MutNovel,"E305K,0.526"
X-3792,USP1,7398.0,MutKnownFunctional,"-660,0.421"
X-3792,USP11,8237.0,MutNovel,"A264V,0.529"
X-3792,USP19,10869.0,MutNovel,"T503A,0.438"
X-3792,USP35,57558.0,MutKnownFunctional,"-652?,0.357"
X-3792,USP36,57602.0,MutNovel,"KKK958K,0.500"
X-3792,USP39,10713.0,MutNovel,"C174R,0.528"
X-3792,USP42,84132.0,MutNovel,"P335H,0.231"
X-3792,USP42,84132.0,MutNovel,"R986G,0.571"
X-3792,UTP3,57050.0,MutNovel,"A107D,0.286"
X-3792,UTP6,55813.0,MutNovel,"A573V,0.540"
X-3792,UTP6,55813.0,MutNovel,"K197N,0.484"
X-3792,UTY,7404.0,MutNovel,"V551T,0.667"
X-3792,UTY,7404.0,MutNovel,"F550Y,0.667"
X-3792,UTY,7404.0,MutNovel,"SQ548AK,0.500"
X-3792,UTY,7404.0,MutNovel,"LE546SA,0.600"
X-3792,UTY,7404.0,MutNovel,"QL545LL,0.600"
X-3792,UTY,7404.0,MutNovel,"E544A,0.750"
X-3792,UTY,7404.0,MutNovel,"H541C,0.750"
X-3792,UTY,7404.0,MutKnownFunctional,"QK539K*,0.750"
X-3792,UTY,7404.0,MutKnownFunctional,"PA537Q*,0.750"
X-3792,UTY,7404.0,MutNovel,"NP536RT,0.750"
X-3792,UTY,7404.0,MutNovel,"L535S,0.750"
X-3792,UTY,7404.0,MutNovel,"DN533LY,0.750"
X-3792,UTY,7404.0,MutNovel,"N531H,0.800"
X-3792,UTY,7404.0,MutNovel,"L344F,1.000"
X-3792,UTY,7404.0,MutKnownFunctional,"C340*,1.000"
X-3792,UTY,7404.0,MutKnownFunctional,"A337*,1.000"
X-3792,UTY,7404.0,MutNovel,"EA312VI,0.667"
X-3792,UTY,7404.0,MutNovel,"SE311KK,0.667"
X-3792,UTY,7404.0,MutNovel,"K310W,0.667"
X-3792,UTY,7404.0,MutNovel,"D309C,0.667"
X-3792,UTY,7404.0,MutNovel,"L270V,1.000"
X-3792,UTY,7404.0,MutNovel,"G257E,0.750"
X-3792,UTY,7404.0,MutNovel,"H251R,0.500"
X-3792,UTY,7404.0,MutNovel,"M249L,0.500"
X-3792,UTY,7404.0,MutNovel,"L246S,0.500"
X-3792,UTY,7404.0,MutNovel,"Q244A,0.400"
X-3792,UTY,7404.0,MutNovel,"V242E,0.400"
X-3792,UTY,7404.0,MutNovel,"AF128GG,1.000"
X-3792,UTY,7404.0,MutNovel,"AA127KT,1.000"
X-3792,UTY,7404.0,MutNovel,"N126R,1.000"
X-3792,VARS2,57176.0,MutNovel,"R203H,0.530"
X-3792,VAV2,7410.0,MutNovel,"P163L,0.475"
X-3792,VCL,7414.0,MutNovel,"A1023T,0.423"
X-3792,VCP,7415.0,MutNovel,"L429F,0.464"
X-3792,VCPIP1,80124.0,MutNovel,"F638I,0.500"
X-3792,VEZT,55591.0,MutKnownFunctional,"-197,0.389"
X-3792,VIL1,7429.0,MutNovel,"M29L,0.208"
X-3792,VMA21,203547.0,MutNovel,"Y45F,0.556"
X-3792,VPRBP,9730.0,MutNovel,"V420I,0.250"
X-3792,VPS13A,23230.0,MutKnownFunctional,"-370,0.579"
X-3792,VPS13A,23230.0,MutNovel,"P1015L,0.444"
X-3792,VPS33A,65082.0,MutNovel,"Q191H,0.340"
X-3792,VPS35,55737.0,MutNovel,"Y439H,0.426"
X-3792,VPS37B,79720.0,MutNovel,"P280L,0.506"
X-3792,VPS37B,79720.0,MutKnownFunctional,"-210,0.437"
X-3792,VPS37D,155382.0,MutKnownFunctional,"-248,0.591"
X-3792,VPS41,27072.0,MutNovel,"D124V,0.226"
X-3792,VPS53,55275.0,MutNovel,"R287C,0.286"
X-3792,WBP1,23559.0,MutNovel,"G223S,0.577"
X-3792,WBP2,23558.0,MutNovel,"G151R,0.584"
X-3792,WBSCR16,81554.0,MutNovel,"A236T,0.467"
X-3792,WDFY3,23001.0,MutNovel,"T3150I,0.227"
X-3792,WDR33,55339.0,MutKnownFunctional,"-988,0.554"
X-3792,WDR55,54853.0,MutKnownFunctional,"-339,0.500"
X-3792,WDR77,79084.0,MutNovel,"S187I,0.794"
X-3792,WDR83OS,51398.0,MutNovel,"D30E,0.287"
X-3792,WEE1,7465.0,MutNovel,"A159V,0.707"
X-3792,WFS1,7466.0,MutNovel,"Y660C,0.387"
X-3792,WIPF2,147179.0,MutNovel,"R184W,0.267"
X-3792,WRNIP1,56897.0,MutNovel,"G150V,0.485"
X-3792,WRNIP1,56897.0,MutNovel,"A596T,0.513"
X-3792,WRNIP1,56897.0,MutNovel,"A621V,0.500"
X-3792,WWP2,11060.0,MutNovel,"T193M,0.391"
X-3792,WWTR1,25937.0,MutNovel,"P125S,0.300"
X-3792,XPO5,57510.0,MutNovel,"R613C,0.304"
X-3792,XYLT2,64132.0,MutKnownFunctional,"-526,0.462"
X-3792,YEATS2,55689.0,MutNovel,"R1231S,0.400"
X-3792,YLPM1,56252.0,MutNovel,"V260I,0.259"
X-3792,YTHDF3,253943.0,MutNovel,"S303R,0.258"
X-3792,ZAK,51776.0,MutKnownFunctional,"-18?,0.312"
X-3792,ZBED6,100381270.0,MutNovel,"V158I,0.817"
X-3792,ZBTB11,27107.0,MutKnownFunctional,"R667*,0.212"
X-3792,ZBTB38,253461.0,MutNovel,"D78V,0.261"
X-3792,ZBTB40,9923.0,MutNovel,"P1185L,0.333"
X-3792,ZBTB7C,201501.0,MutKnownFunctional,"-132,0.333"
X-3792,ZC3H14,79882.0,MutNovel,"D611N,0.422"
X-3792,ZC3H3,23144.0,MutNovel,"SS879S,0.381"
X-3792,ZCCHC14,23174.0,MutNovel,"S96N,0.286"
X-3792,ZCCHC2,54877.0,MutKnownFunctional,"-1167,0.606"
X-3792,ZCCHC7,84186.0,MutKnownFunctional,"-539,0.417"
X-3792,ZDHHC11,79844.0,MutNovel,"A303D,0.783"
X-3792,ZDHHC11B,,MutKnownFunctional,"R612*,0.303"
X-3792,ZDHHC8,29801.0,MutNovel,"R102C,0.525"
X-3792,ZFHX3,463.0,MutNovel,"A3282V,0.750"
X-3792,ZFP41,286128.0,MutNovel,"R104C,0.500"
X-3792,ZFP64,55734.0,MutNovel,"A278T,0.231"
X-3792,ZFP64,55734.0,MutNovel,"R331Q,0.294"
X-3792,ZFY,7544.0,MutNovel,"H112R,0.500"
X-3792,ZGPAT,84619.0,MutNovel,"R503H,0.562"
X-3792,ZMIZ1,57178.0,MutNovel,"R748H,0.400"
X-3792,ZMIZ2,83637.0,MutNovel,"G127S,0.215"
X-3792,ZNF131,7690.0,MutKnownFunctional,"-542,0.259"
X-3792,ZNF219,51222.0,MutNovel,"R632W,0.442"
X-3792,ZNF219,51222.0,MutNovel,"QPP233P,0.500"
X-3792,ZNF225,7768.0,MutNovel,"R531H,0.714"
X-3792,ZNF235,9310.0,MutNovel,"R551H,1.000"
X-3792,ZNF238,10472.0,MutNovel,"N277S,0.444"
X-3792,ZNF250,58500.0,MutNovel,"T353A,0.500"
X-3792,ZNF259,8882.0,MutNovel,"R459W,0.472"
X-3792,ZNF276,92822.0,MutNovel,"R561Q,0.431"
X-3792,ZNF292,23036.0,MutKnownFunctional,"-2046,0.316"
X-3792,ZNF292,23036.0,MutKnownFunctional,"-2086,0.459"
X-3792,ZNF292,23036.0,MutNovel,"L2131V,0.524"
X-3792,ZNF30,90075.0,MutNovel,"G491E,0.278"
X-3792,ZNF30,90075.0,MutKnownFunctional,"-619,0.500"
X-3792,ZNF33A,7581.0,MutNovel,"H403Q,0.519"
X-3792,ZNF365,22891.0,MutNovel,"V251A,0.341"
X-3792,ZNF365,22891.0,MutNovel,"M357I,0.222"
X-3792,ZNF365,22891.0,MutKnownFunctional,"-397,0.792"
X-3792,ZNF407,55628.0,MutNovel,"R428C,0.667"
X-3792,ZNF425,155054.0,MutNovel,"R424C,0.636"
X-3792,ZNF426,79088.0,MutKnownFunctional,"R113*,0.692"
X-3792,ZNF444,55311.0,MutNovel,"A139T,0.359"
X-3792,ZNF451,26036.0,MutNovel,"T577I,0.455"
X-3792,ZNF468,90333.0,MutNovel,"H461R,0.600"
X-3792,ZNF496,84838.0,MutNovel,"Q209H,0.907"
X-3792,ZNF496,84838.0,MutNovel,"P18S,0.292"
X-3792,ZNF503,84858.0,MutNovel,"GGG24G,1.000"
X-3792,ZNF562,54811.0,MutNovel,"I363T,0.385"
X-3792,ZNF592,9640.0,MutNovel,"P323T,0.564"
X-3792,ZNF596,169270.0,MutNovel,"K445N,0.500"
X-3792,ZNF609,23060.0,MutNovel,"S758I,0.364"
X-3792,ZNF639,51193.0,MutKnownFunctional,"-6,0.417"
X-3792,ZNF639,51193.0,MutNovel,"L275I,0.633"
X-3792,ZNF652,22834.0,MutNovel,"R460H,0.211"
X-3792,ZNF668,79759.0,MutKnownFunctional,"-538,0.500"
X-3792,ZNF70,7621.0,MutNovel,"R300W,1.000"
X-3792,ZNF701,55762.0,MutNovel,"R381C,0.800"
X-3792,ZNF764,92595.0,MutNovel,"A104S,0.333"
X-3792,ZNF775,285971.0,MutNovel,"P475L,0.857"
X-3792,ZNF805,390980.0,MutNovel,"R503W,0.714"
X-3792,ZNF91,7644.0,MutNovel,"R333H,0.286"
X-3792,ZNFX1,57169.0,MutNovel,"R946H,0.512"
X-3792,ZNHIT1,10467.0,MutNovel,"R114H,0.522"
X-3792,ZNRF2,223082.0,MutNovel,"D123DG,0.462"
X-3792,ZUFSP,221302.0,MutNovel,"N503S,0.443"
X-3792,ZZEF1,23140.0,MutNovel,"G1857R,0.500"
X-4087,A2LD1,87769.0,MutNovel,"P125L,0.319"
X-4087,ABCC3,8714.0,MutNovel,"S993T,0.471"
X-4087,ACOT1,641371.0,Del0.8,0.73
X-4087,ADCK5,203054.0,MutNovel,"R65H,0.312"
X-4087,ADNP2,22850.0,Del0.8,0.75
X-4087,AFF4,27125.0,MutNovel,"D383G,0.692"
X-4087,AGXT2L2,85007.0,Del0.8,0.73
X-4087,AKAP4,8852.0,Del0.8,0.73
X-4087,ALAS2,212.0,Del0.8,0.74
X-4087,AMELY,266.0,Del0.8,0.24
X-4087,APC,324.0,MutKnownFunctional,"R213*,0.333"
X-4087,APC,324.0,MutKnownFunctional,"-1462,0.556"
X-4087,APEH,327.0,MutNovel,"R688H,0.519"
X-4087,APEX2,27301.0,Del0.8,0.74
X-4087,ARHGEF5,7984.0,Amp5,5.66
X-4087,ATL2,64225.0,MutNovel,"R555C,0.291"
X-4087,BCORP1,286554.0,Del0.8,0.24
X-4087,BMP15,9210.0,Del0.8,0.73
X-4087,BPY2B,442867.0,Del0.8,0.24
X-4087,BPY2B,442867.0,Del0.8,0.24
X-4087,BRE,9577.0,MutNovel,"C129F,0.632"
X-4087,C14orf126,112487.0,MutNovel,"D28N,0.364"
X-4087,C15orf61,145853.0,MutNovel,"L40R,1.000"
X-4087,C16orf7,9605.0,MutNovel,"R113H,0.337"
X-4087,C17orf97,400566.0,MutNovel,"E230K,1.000"
X-4087,C1QTNF4,114900.0,MutNovel,"Q141H,1.000"
X-4087,C2orf27B,408029.0,MutNovel,"A16P,1.000"
X-4087,C5orf51,285636.0,MutNovel,"S222L,0.386"
X-4087,C9orf156,51531.0,MutNovel,"A139P,0.248"
X-4087,CCDC163P,126661.0,Del0.8,0.73
X-4087,CCNB3,85417.0,Del0.8,0.73
X-4087,CDC42EP1,11135.0,MutNovel,"PAPAANPS253P,0.920"
X-4087,CDY1B,253175.0,Del0.8,0.24
X-4087,CDY1B,253175.0,Del0.8,0.24
X-4087,CDY2A,9426.0,Del0.8,0.24
X-4087,CDY2A,9426.0,Del0.8,0.24
X-4087,CDY2B,203611.0,Del0.8,0.24
X-4087,CDY2B,203611.0,Del0.8,0.24
X-4087,CELSR1,9620.0,MutNovel,"R2208G,0.684"
X-4087,CELSR2,1952.0,MutNovel,"G2222R,0.531"
X-4087,CLK4,57396.0,Del0.8,0.73
X-4087,CMTM7,112616.0,MutNovel,"G21R,0.380"
X-4087,CNDP1,84735.0,MutKnownFunctional,"-16?,0.938"
X-4087,CNNM3,26505.0,MutNovel,"A158V,0.548"
X-4087,COL23A1,91522.0,Del0.8,0.73
X-4087,CRAMP1L,57585.0,MutNovel,"A68V,0.600"
X-4087,CREBZF,58487.0,MutNovel,"A206T,0.322"
X-4087,CSPG4P1Y,114758.0,Del0.8,0.24
X-4087,CSPG4P1Y,114758.0,Del0.8,0.24
X-4087,CTAGE4,100128553.0,Amp8,8.51
X-4087,CTDP1,9150.0,Del0.8,0.75
X-4087,DAB2IP,153090.0,MutNovel,"P996R,0.655"
X-4087,DACH1,1602.0,MutNovel,"GG82-,0.750"
X-4087,DAZ1,1617.0,Del0.8,0.24
X-4087,DAZ2,57055.0,Del0.8,0.24
X-4087,DAZ3,57054.0,Del0.8,0.24
X-4087,DAZ3,57054.0,Del0.8,0.24
X-4087,DAZ4,57135.0,Del0.8,0.24
X-4087,DAZ4,57135.0,Del0.8,0.24
X-4087,DDX3Y,8653.0,Del0.8,0.24
X-4087,DDX54,79039.0,MutNovel,"V85L,0.491"
X-4087,DGKK,139189.0,Del0.8,0.73
X-4087,DHCR7,1717.0,MutNovel,"R469P,0.621"
X-4087,DR1,1810.0,MutNovel,"G81D,0.649"
X-4087,DRD4,1815.0,MutNovel,"S284G,1.000"
X-4087,DTD1,92675.0,MutNovel,"R114H,0.999"
X-4087,EIF1AY,9086.0,Del0.8,0.24
X-4087,EOGT,,MutNovel,"V390F,0.559"
X-4087,EVX1,2128.0,MutNovel,"L73F,0.966"
X-4087,EXO1,9156.0,MutNovel,"R216C,0.686"
X-4087,FAM104B,90736.0,Del0.8,0.74
X-4087,FAM115A,9747.0,MutNovel,"I258T,0.571"
X-4087,FAM120C,54954.0,Del0.8,0.74
X-4087,FAM156A,29057.0,Del0.8,0.73
X-4087,FAM156A,29057.0,Del0.8,0.73
X-4087,FAM156B,727866.0,Del0.8,0.73
X-4087,FAM156B,727866.0,Del0.8,0.73
X-4087,FAM197Y2P,252946.0,Del0.8,0.24
X-4087,FAM41AY1,340618.0,Del0.8,0.24
X-4087,FAM41AY1,340618.0,Del0.8,0.24
X-4087,FBXO10,26267.0,MutNovel,"R300Q,0.696"
X-4087,FBXO33,254170.0,MutNovel,"QLRR34R,1.000"
X-4087,FGD1,2245.0,Del0.8,0.74
X-4087,FHIT,2272.0,Del0.8,0.63
X-4087,FLNC,2318.0,MutNovel,"R1762H,0.700"
X-4087,FOXR2,139628.0,Del0.8,0.74
X-4087,GIGYF2,26058.0,MutNovel,"PQ1231P,0.463"
X-4087,GLTP,51228.0,MutNovel,"D15E,0.505"
X-4087,GLUD2,2747.0,MutNovel,"L423M,1.000"
X-4087,GMCL1P1,64396.0,Del0.8,0.73
X-4087,GNL3L,54552.0,Del0.8,0.74
X-4087,GOLGA2P2Y,84559.0,Del0.8,0.24
X-4087,GOLGA2P2Y,84559.0,Del0.8,0.24
X-4087,GOLGA3,2802.0,MutNovel,"L23I,0.500"
X-4087,GPR173,54328.0,Del0.8,0.73
X-4087,GPRIN2,9721.0,MutNovel,"-238MRE,0.553"
X-4087,GRM6,2916.0,Del0.8,0.76
X-4087,GSPT2,23708.0,Del0.8,0.73
X-4087,GSTM1,2944.0,Del0.8,0.79
X-4087,GSTT1,2952.0,Del0.8,0.5
X-4087,GTF3C2,2976.0,MutNovel,"V708I,0.689"
X-4087,GYG2P1,352887.0,Del0.8,0.24
X-4087,HEATR7A,727957.0,MutNovel,"A512V,0.712"
X-4087,HIST2H2AA4,723790.0,MutNovel,"L86P,1.000"
X-4087,HLA-B,3106.0,MutNovel,"D201E,0.333"
X-4087,HLA-G,3135.0,MutNovel,"V255M,1.000"
X-4087,HMHA1,23526.0,MutNovel,"G711R,0.375"
X-4087,HNRNPAB,3182.0,Del0.8,0.73
X-4087,HSBP1L1,440498.0,Del0.8,0.75
X-4087,HSD17B10,3028.0,Del0.8,0.71
X-4087,HSFY2,159119.0,Del0.8,0.24
X-4087,HSFY2,159119.0,Del0.8,0.24
X-4087,HSPA4,3308.0,MutNovel,"D829F,0.329"
X-4087,HUWE1,10075.0,Del0.8,0.74
X-4087,IGFN1,91156.0,MutNovel,"V1916T,0.667"
X-4087,IGSF3,3321.0,MutNovel,"E1039D,0.685"
X-4087,IL1RAP,3556.0,MutNovel,"T283A,0.447"
X-4087,INTS7,25896.0,MutNovel,"A654T,0.667"
X-4087,ITGB7,3695.0,MutNovel,"E762D,0.389"
X-4087,ITIH6,347365.0,Del0.8,0.74
X-4087,JAG2,3714.0,MutNovel,"L17LW,0.619"
X-4087,KCNG2,26251.0,Del0.8,0.75
X-4087,KCNH8,131096.0,MutNovel,"R164W,0.512"
X-4087,KDM5C,8242.0,Del0.8,0.73
X-4087,KDM5D,8284.0,Del0.8,0.24
X-4087,KIAA1009,22832.0,MutNovel,"E379-,0.727"
X-4087,KIAA1549,57670.0,MutNovel,"G1641R,0.467"
X-4087,KIF4B,285643.0,MutNovel,"I114V,1.000"
X-4087,KIN,22944.0,MutNovel,"R150H,0.631"
X-4087,KRAS,3845.0,MutKnownFunctional,"G12D,0.727"
X-4087,KRT37,8688.0,MutNovel,"G209R,0.474"
X-4087,KRT5,3852.0,MutNovel,"N412D,0.800"
X-4087,LHX1,3975.0,MutNovel,"R207H,1.000"
X-4087,LMF1,64788.0,MutNovel,"H263Y,0.386"
X-4087,LOC100996481,,MutNovel,"Y287C,1.000"
X-4087,LOC391322,391322.0,Del0.8,0.5
X-4087,LOC441124,,MutNovel,"P110L,0.550"
X-4087,LOC646021,,MutNovel,"G158A,1.000"
X-4087,LOC728377,728377.0,Amp8,8.51
X-4087,LOC728888,,MutNovel,"P645A,0.667"
X-4087,LOXL2,4017.0,MutNovel,"V499L,0.800"
X-4087,LRP1,4035.0,MutNovel,"Y2302D,0.746"
X-4087,LSR,51599.0,MutNovel,"G518GR,0.779"
X-4087,MAGED1,9500.0,Del0.8,0.73
X-4087,MAGED2,10916.0,Del0.8,0.74
X-4087,MAGED4B,81557.0,Del0.8,0.73
X-4087,MAGED4B,81557.0,Del0.8,0.73
X-4087,MAGEH1,28986.0,Del0.8,0.74
X-4087,MAGI1,9223.0,MutNovel,"Q421HR,0.316"
X-4087,2014-03-09 00:00:00,92979.0,MutNovel,"G148A,0.656"
X-4087,MBD1,4152.0,MutNovel,"S563C,1.000"
X-4087,MCOLN1,57192.0,MutNovel,"S319P,0.979"
X-4087,MED24,9862.0,MutNovel,"R915C,0.543"
X-4087,MEF2A,4205.0,MutNovel,"QQ412-,0.222"
X-4087,METTL9,51108.0,MutNovel,"F280-,0.281"
X-4087,MEX3D,399664.0,MutNovel,"G509R,1.000"
X-4087,MIR4536-1,100616155.0,Del0.8,0.74
X-4087,MIR98,407054.0,Del0.8,0.74
X-4087,MIRLET7F2,406889.0,Del0.8,0.74
X-4087,MMACHC,25974.0,Del0.8,0.73
X-4087,MPRIP,23164.0,MutNovel,"TS178T,0.526"
X-4087,MRPS18C,51023.0,MutNovel,"P86S,0.469"
X-4087,MRPS22,56945.0,MutNovel,"E351K,0.480"
X-4087,MTRNR2L10,100463488.0,Del0.8,0.74
X-4087,MUC12,10071.0,MutNovel,"L4568F,1.000"
X-4087,MUC12,10071.0,MutNovel,"E4601G,1.000"
X-4087,MUC12,10071.0,MutNovel,"T4603M,1.000"
X-4087,MUC2,4583.0,MutNovel,"V2286G,0.455"
X-4087,MUC20,200958.0,MutNovel,"A54T,0.512"
X-4087,MYL5,4636.0,MutNovel,"R46Q,0.398"
X-4087,MYO6,4646.0,MutNovel,"KE993K,0.886"
X-4087,N4BP3,23138.0,Del0.8,0.73
X-4087,NBEAL1,65065.0,MutNovel,"K2650T,0.293"
X-4087,NBPF10,100132406.0,MutNovel,"G116W,1.000"
X-4087,NBPF10,100132406.0,MutNovel,"I1165F,0.390"
X-4087,NBPF10,100132406.0,MutNovel,"C3332G,0.585"
X-4087,NBPF14,25832.0,MutNovel,"S524N,0.714"
X-4087,NCL,4691.0,MutNovel,"D195E,0.717"
X-4087,NCOR2,9612.0,MutNovel,"G1839GAAA,0.365"
X-4087,NCRNA00185,55410.0,Del0.8,0.24
X-4087,NEB,4703.0,MutNovel,"L7952V,0.375"
X-4087,NEB,4703.0,MutNovel,"R5546H,0.548"
X-4087,NFE2L3,9603.0,MutNovel,"A149V,0.601"
X-4087,NHP2,55651.0,Del0.8,0.73
X-4087,NLGN4Y,22829.0,Del0.8,0.24
X-4087,NLRC5,84166.0,MutNovel,"G835S,0.375"
X-4087,NUDT10,170685.0,Del0.8,0.73
X-4087,NUDT11,55190.0,Del0.8,0.73
X-4087,OBSL1,23363.0,MutNovel,"G1570R,0.628"
X-4087,OR2A42,402317.0,Amp8,8.51
X-4087,OR2A42,402317.0,Amp8,8.51
X-4087,OR2A7,401427.0,Amp8,8.51
X-4087,OR2A9P,441295.0,Amp8,8.51
X-4087,OR2A9P,441295.0,Amp8,8.51
X-4087,ORAI1,84876.0,MutNovel,"PP43-,0.733"
X-4087,PABPC3,5042.0,MutNovel,"KG231-,0.333"
X-4087,PAGE2,203569.0,Del0.8,0.74
X-4087,PAGE2B,389860.0,Del0.8,0.74
X-4087,PAGE3,139793.0,Del0.8,0.74
X-4087,PAGE5,90737.0,Del0.8,0.74
X-4087,PALB2,79728.0,MutNovel,"I676T,0.667"
X-4087,PALB2,79728.0,MutNovel,"L581S,0.400"
X-4087,PARD6G,84552.0,Del0.8,0.75
X-4087,PCDH11Y,83259.0,Del0.8,0.4
X-4087,PFKFB1,5207.0,Del0.8,0.74
X-4087,PHF8,23133.0,Del0.8,0.74
X-4087,PHLDA1,22822.0,MutNovel,"QQ194Q,0.628"
X-4087,PKD1L1,168507.0,MutNovel,"R2514C,0.500"
X-4087,PPFIA1,8500.0,MutNovel,"I736V,0.677"
X-4087,PPIP5K2,23262.0,MutNovel,"T970M,0.360"
X-4087,PPP2R3B,28227.0,MutNovel,"P885L,1.000"
X-4087,PQLC1,80148.0,Del0.8,0.75
X-4087,PRDX1,5052.0,Del0.8,0.73
X-4087,PRKACB,5567.0,MutNovel,"G100C,0.547"
X-4087,PRKY,5616.0,Del0.8,0.24
X-4087,PRY,9081.0,Del0.8,0.24
X-4087,PRY,9081.0,Del0.8,0.24
X-4087,PRY2,442862.0,Del0.8,0.24
X-4087,PRY2,442862.0,Del0.8,0.24
X-4087,PTPN12,5782.0,MutNovel,"V362M,0.652"
X-4087,RAB11B,9230.0,MutNovel,"A143T,0.995"
X-4087,RALY,22913.0,MutNovel,"-231S,0.548"
X-4087,RASSF5,83593.0,MutNovel,"F280V,0.750"
X-4087,RBFA,79863.0,Del0.8,0.75
X-4087,RBMY1A3P,286557.0,Del0.8,0.24
X-4087,RBMY1B,378948.0,Del0.8,0.24
X-4087,RBMY1B,378948.0,Del0.8,0.24
X-4087,RBMY1E,378950.0,Del0.8,0.24
X-4087,RBMY1E,378950.0,Del0.8,0.24
X-4087,RBMY1F,159163.0,Del0.8,0.24
X-4087,RBMY1F,159163.0,Del0.8,0.24
X-4087,RBMY1J,378951.0,Del0.8,0.24
X-4087,RBMY1J,378951.0,Del0.8,0.24
X-4087,RBMY2EP,159125.0,Del0.8,0.24
X-4087,RBMY2FP,159162.0,Del0.8,0.24
X-4087,RBMY3AP,64593.0,Del0.8,0.24
X-4087,RGPD3,653489.0,MutNovel,"E929K,1.000"
X-4087,RGPD8,727851.0,MutNovel,"E928K,0.571"
X-4087,RIBC1,158787.0,Del0.8,0.71
X-4087,RIF1,55183.0,MutNovel,"C917Y,0.226"
X-4087,RMND5B,64777.0,Del0.8,0.73
X-4087,RPS24,6229.0,MutNovel,"M131N,1.000"
X-4087,RPS4Y1,6192.0,Del0.8,0.4
X-4087,RPS4Y2,140032.0,Del0.8,0.24
X-4087,RRAGB,10325.0,Del0.8,0.74
X-4087,RYR2,6262.0,MutNovel,"G1752S,1.000"
X-4087,SAMD1,90378.0,MutNovel,"P4A,0.278"
X-4087,SAMD4B,55095.0,MutNovel,"T405A,1.000"
X-4087,SCAPER,49855.0,Del0.8,0.73
X-4087,SERINC2,347735.0,MutNovel,"-373Q,0.786"
X-4087,SHROOM4,57477.0,Del0.8,0.73
X-4087,SIGLEC14,100049587.0,Del0.8,0.33
X-4087,SLC22A23,63027.0,MutNovel,"R411Q,1.000"
X-4087,SMC1A,8243.0,Del0.8,0.71
X-4087,SNORA11,677799.0,Del0.8,0.74
X-4087,SNORA11D,100124541.0,Del0.8,0.73
X-4087,SNORA11D,100124541.0,Del0.8,0.73
X-4087,SNORA11E,100124542.0,Del0.8,0.73
X-4087,SNORA11E,100124542.0,Del0.8,0.73
X-4087,SORD,6652.0,MutNovel,"D125N,0.437"
X-4087,SPANXN5,494197.0,Del0.8,0.73
X-4087,SPDYE5,442590.0,MutNovel,"P257L,0.364"
X-4087,SPTLC1,10558.0,MutNovel,"K465E,0.220"
X-4087,SRY,6736.0,Del0.8,0.4
X-4087,SSX2,6757.0,Del0.8,0.73
X-4087,SSX2,6757.0,Del0.8,0.73
X-4087,SSX2B,727837.0,Del0.8,0.73
X-4087,SSX2B,727837.0,Del0.8,0.73
X-4087,SSX7,280658.0,Del0.8,0.73
X-4087,SSX8,280659.0,Del0.8,0.73
X-4087,STK19,8859.0,MutNovel,"L339P,1.000"
X-4087,STS,412.0,Del0.8,0.62
X-4087,TBC1D12,23232.0,MutNovel,"G316D,0.750"
X-4087,TBC1D30,23329.0,MutNovel,"E690A,0.538"
X-4087,TBL1Y,90665.0,Del0.8,0.24
X-4087,TBP,6908.0,MutNovel,"-64Q,0.271"
X-4087,TEAD2,8463.0,MutNovel,"V351T,0.538"
X-4087,TGIF2LY,90655.0,Del0.8,0.4
X-4087,TLK2,11011.0,MutNovel,"R262Q,0.367"
X-4087,TMEM116,89894.0,MutNovel,"G180R,0.548"
X-4087,TMEM67,91147.0,MutNovel,"D396Y,0.219"
X-4087,TMEM80,283232.0,MutNovel,"A28V,0.233"
X-4087,TMSB4Y,9087.0,Del0.8,0.24
X-4087,TP53,7157.0,MutNovel,"K132R,0.988"
X-4087,TRABD,80305.0,MutNovel,"VVG292-,0.668"
X-4087,TRO,7216.0,Del0.8,0.74
X-4087,TSPY1,7258.0,Del0.8,0.24
X-4087,TSPY2,64591.0,Del0.8,0.24
X-4087,TSPY3,728137.0,Del0.8,0.24
X-4087,TSPY4,728395.0,Del0.8,0.24
X-4087,TSPY8,728403.0,Del0.8,0.24
X-4087,TSPYL1,7259.0,MutNovel,"V176VW,0.853"
X-4087,TSPYL2,64061.0,Del0.8,0.73
X-4087,TSR2,90121.0,Del0.8,0.74
X-4087,TTTY10,246119.0,Del0.8,0.24
X-4087,TTTY11,83866.0,Del0.8,0.24
X-4087,TTTY12,83867.0,Del0.8,0.24
X-4087,TTTY13,83868.0,Del0.8,0.24
X-4087,TTTY14,83869.0,Del0.8,0.24
X-4087,TTTY15,64595.0,Del0.8,0.24
X-4087,TTTY16,252948.0,Del0.8,0.24
X-4087,TTTY17A,252949.0,Del0.8,0.24
X-4087,TTTY17A,252949.0,Del0.8,0.24
X-4087,TTTY18,252950.0,Del0.8,0.24
X-4087,TTTY19,252952.0,Del0.8,0.24
X-4087,TTTY1B,100101116.0,Del0.8,0.24
X-4087,TTTY1B,100101116.0,Del0.8,0.24
X-4087,TTTY2,60439.0,Del0.8,0.24
X-4087,TTTY2,60439.0,Del0.8,0.24
X-4087,TTTY20,252951.0,Del0.8,0.24
X-4087,TTTY21,252953.0,Del0.8,0.24
X-4087,TTTY21,252953.0,Del0.8,0.24
X-4087,TTTY22,252954.0,Del0.8,0.24
X-4087,TTTY23,252955.0,Del0.8,0.24
X-4087,TTTY23,252955.0,Del0.8,0.24
X-4087,TTTY3,114760.0,Del0.8,0.24
X-4087,TTTY3,114760.0,Del0.8,0.24
X-4087,TTTY4,114761.0,Del0.8,0.24
X-4087,TTTY4,114761.0,Del0.8,0.24
X-4087,TTTY5,83863.0,Del0.8,0.24
X-4087,TTTY6,84672.0,Del0.8,0.24
X-4087,TTTY6,84672.0,Del0.8,0.24
X-4087,TTTY7,246122.0,Del0.8,0.24
X-4087,TTTY7,246122.0,Del0.8,0.24
X-4087,TTTY7B,100101120.0,Del0.8,0.24
X-4087,TTTY7B,100101120.0,Del0.8,0.24
X-4087,TTTY8,84673.0,Del0.8,0.24
X-4087,TTTY8,84673.0,Del0.8,0.24
X-4087,TTTY9A,83864.0,Del0.8,0.24
X-4087,TTTY9A,83864.0,Del0.8,0.24
X-4087,TUBA1A,7846.0,MutNovel,"L269E,0.375"
X-4087,TXLNG2P,246126.0,Del0.8,0.24
X-4087,TXNL4A,10907.0,Del0.8,0.75
X-4087,UGT2B10,7365.0,MutNovel,"A345T,0.455"
X-4087,UNC13D,201294.0,MutNovel,"W205L,0.700"
X-4087,USP24,23358.0,MutNovel,"T1485S,0.514"
X-4087,USP40,55230.0,MutNovel,"D1188-,0.302"
X-4087,USP51,158880.0,Del0.8,0.74
X-4087,USP9X,8239.0,MutKnownFunctional,"C749*,0.968"
X-4087,USP9Y,8287.0,Del0.8,0.24
X-4087,UTY,7404.0,Del0.8,0.24
X-4087,VCX,26609.0,Del0.8,0.66
X-4087,VCY,9084.0,Del0.8,0.24
X-4087,VCY,9084.0,Del0.8,0.24
X-4087,VPS13B,157680.0,MutNovel,"R1542H,0.537"
X-4087,VPS37D,155382.0,MutNovel,"R54C,0.250"
X-4087,WNK3,65267.0,Del0.8,0.74
X-4087,XAGE1A,653219.0,Del0.8,0.73
X-4087,XAGE1A,653219.0,Del0.8,0.73
X-4087,XAGE1C,653048.0,Del0.8,0.73
X-4087,XAGE1C,653048.0,Del0.8,0.73
X-4087,XAGE2,9502.0,Del0.8,0.73
X-4087,XAGE2,9502.0,Del0.8,0.73
X-4087,XAGE3,170626.0,Del0.8,0.73
X-4087,XAGE5,170627.0,Del0.8,0.73
X-4087,XKRY2,353515.0,Del0.8,0.24
X-4087,XKRY2,353515.0,Del0.8,0.24
X-4087,ZDHHC11,79844.0,MutNovel,"A303D,0.986"
X-4087,ZFP2,80108.0,Del0.8,0.76
X-4087,ZFY,7544.0,Del0.8,0.4
X-4087,ZNF302,55900.0,MutNovel,"S293C,0.429"
X-4087,ZNF347,84671.0,MutNovel,"A45L,1.000"
X-4087,ZNF354A,6940.0,Del0.8,0.73
X-4087,ZNF354B,117608.0,Del0.8,0.76
X-4087,ZNF354C,30832.0,Del0.8,0.76
X-4087,ZNF384,171017.0,MutNovel,"QQ514Q,0.315"
X-4087,ZNF454,285676.0,Del0.8,0.76
X-4087,ZNF692,55657.0,MutNovel,"M40I,0.618"
X-4087,ZNF696,79943.0,MutNovel,"L360M,0.260"
X-4087,ZNF879,345462.0,Del0.8,0.76
X-4087,ZNRF2,223082.0,MutNovel,"S60G,0.229"
X-4087,ZSCAN2,54993.0,MutNovel,"G466S,1.000"
X-4304,ABCA10,10349.0,MutKnownFunctional,"-1505,0.387"
X-4304,ABCF2,10061.0,Del0.8,0.76
X-4304,ABCF3,55324.0,MutNovel,"I557T,0.557"
X-4304,ABP1,26.0,Del0.8,0.69
X-4304,ACOT1,641371.0,Del0.8,0.53
X-4304,ACTR3B,57180.0,Del0.8,0.73
X-4304,ADH1A,124.0,Del0.8,0.7
X-4304,ADH1B,125.0,Del0.8,0.7
X-4304,ADH1C,126.0,Del0.8,0.7
X-4304,ADH4,127.0,Del0.8,0.7
X-4304,ADH5,128.0,Del0.8,0.7
X-4304,ADH6,130.0,Del0.8,0.7
X-4304,ADH7,131.0,Del0.8,0.7
X-4304,ALPP,250.0,MutNovel,"M6ML,0.642"
X-4304,AMELY,266.0,Del0.8,0.22
X-4304,AMIGO2,347902.0,MutNovel,"R245G,1.000"
X-4304,ANGPTL4,51129.0,MutNovel,"V123M,0.367"
X-4304,AP1G2,8906.0,MutNovel,"R760H,0.659"
X-4304,ARHGAP12,94134.0,MutNovel,"I129T,0.631"
X-4304,ARMC6,93436.0,MutNovel,"V323M,0.639"
X-4304,ASB10,136371.0,Del0.8,0.76
X-4304,ASPM,259266.0,MutNovel,"L1449S,0.308"
X-4304,ASXL2,55252.0,MutNovel,"D86E,0.875"
X-4304,ATG9B,285973.0,Del0.8,0.69
X-4304,AVPI1,60370.0,MutNovel,"R45H,0.342"
X-4304,BANK1,55024.0,MutNovel,"F315L,0.324"
X-4304,BCORP1,286554.0,Del0.8,0.22
X-4304,BMP8B,656.0,MutNovel,"G20E,0.467"
X-4304,BMS1,9790.0,MutNovel,"S552P,0.688"
X-4304,BMS1,9790.0,MutNovel,"Q858E,0.300"
X-4304,BPY2B,442867.0,Del0.8,0.22
X-4304,BPY2B,442867.0,Del0.8,0.22
X-4304,BZRAP1,9256.0,MutNovel,"S753G,0.429"
X-4304,C16orf59,80178.0,MutNovel,"L408P,0.357"
X-4304,C16orf88,400506.0,MutNovel,"A266V,0.419"
X-4304,C2CD4D,100191040.0,MutNovel,"L204V,0.889"
X-4304,C2orf74,339804.0,MutNovel,"L79V,0.973"
X-4304,C3orf67,200844.0,MutNovel,"D402N,0.846"
X-4304,C4orf17,84103.0,Del0.8,0.7
X-4304,C7orf33,202865.0,Del0.8,0.7
X-4304,CAD,790.0,MutNovel,"L1622M,0.479"
X-4304,CAPN9,10753.0,MutNovel,"P14L,0.358"
X-4304,CAPNS1,826.0,MutNovel,"S88P,0.631"
X-4304,CASP8AP2,9994.0,MutNovel,"S385F,0.714"
X-4304,CCP110,9738.0,MutNovel,"E423K,0.353"
X-4304,CCT7,10574.0,MutNovel,"R53K,0.569"
X-4304,CDCP1,64866.0,MutNovel,"L18M,0.227"
X-4304,CDKN2A,1029.0,MutKnownFunctional,"E120*,0.999"
X-4304,CDY1B,253175.0,Del0.8,0.22
X-4304,CDY1B,253175.0,Del0.8,0.22
X-4304,CDY2A,9426.0,Del0.8,0.22
X-4304,CDY2A,9426.0,Del0.8,0.22
X-4304,CDY2B,203611.0,Del0.8,0.22
X-4304,CDY2B,203611.0,Del0.8,0.22
X-4304,CEACAM8,1088.0,MutNovel,"T171A,1.000"
X-4304,CES1P1,51716.0,Del0.8,0.55
X-4304,CHD7,55636.0,MutNovel,"F2750L,0.308"
X-4304,CHPF2,54480.0,Del0.8,0.76
X-4304,CLIP2,7461.0,MutNovel,"A692T,0.789"
X-4304,CNOT1,23019.0,MutNovel,"E1328Q,0.544"
X-4304,CNTNAP3,79937.0,MutNovel,"A660S,0.950"
X-4304,COPB2,9276.0,MutNovel,"E240Q,0.267"
X-4304,CPSF1,29894.0,MutNovel,"R1438H,0.733"
X-4304,CRAMP1L,57585.0,Del0.8,0.74
X-4304,CSF1,1435.0,MutNovel,"S428N,0.667"
X-4304,CSPG4P1Y,114758.0,Del0.8,0.22
X-4304,CSPG4P1Y,114758.0,Del0.8,0.22
X-4304,CTIF,9811.0,MutNovel,"N254H,0.742"
X-4304,CTSA,5476.0,MutNovel,"L29-,0.488"
X-4304,CUL1,8454.0,Del0.8,0.7
X-4304,CXCL2,2920.0,MutNovel,"S90L,0.500"
X-4304,CXorf49,,MutNovel,"E495D,1.000"
X-4304,CXorf49,,MutNovel,"W489Q,1.000"
X-4304,CYP4F12,66002.0,MutNovel,"I136M,0.269"
X-4304,DAPP1,27071.0,Del0.8,0.7
X-4304,DAZ1,1617.0,Del0.8,0.22
X-4304,DAZ2,57055.0,Del0.8,0.22
X-4304,DAZ3,57054.0,Del0.8,0.22
X-4304,DAZ3,57054.0,Del0.8,0.22
X-4304,DAZ4,57135.0,Del0.8,0.22
X-4304,DAZ4,57135.0,Del0.8,0.22
X-4304,DCC,1630.0,Del0.8,0.35
X-4304,DDIT4L,115265.0,Del0.8,0.7
X-4304,DDX31,64794.0,MutNovel,"T314M,0.452"
X-4304,DDX3Y,8653.0,Del0.8,0.22
X-4304,DDX5,1655.0,MutNovel,"M584I,0.272"
X-4304,DDX51,317781.0,MutNovel,"E85K,0.974"
X-4304,DDX52,11056.0,MutNovel,"T92M,0.301"
X-4304,DIDO1,11083.0,MutNovel,"P869L,0.882"
X-4304,DISP2,85455.0,MutNovel,"R1057H,0.714"
X-4304,DLAT,1737.0,MutNovel,"P89L,0.566"
X-4304,DNAJB14,79982.0,Del0.8,0.7
X-4304,DUSP8,1850.0,MutNovel,"R563K,1.000"
X-4304,E2F1,1869.0,MutNovel,"C12S,0.236"
X-4304,ECM1,1893.0,MutNovel,"P430R,0.578"
X-4304,EGLN1,54583.0,MutNovel,"D4E,0.231"
X-4304,EHBP1L1,254102.0,MutNovel,"T454I,0.403"
X-4304,EIF1AY,9086.0,Del0.8,0.22
X-4304,EIF4E,1977.0,Del0.8,0.7
X-4304,ELAC1,55520.0,Del0.8,0.55
X-4304,EMCN,51705.0,Del0.8,0.7
X-4304,ENTPD2,954.0,MutNovel,"L96P,0.439"
X-4304,EPHA1,2041.0,MutNovel,"R170C,0.600"
X-4304,ERBB3,2065.0,MutKnownFunctional,"-1293,0.917"
X-4304,EWSR1,2130.0,MutNovel,"R568H,0.998"
X-4304,EXOC3L4,91828.0,MutNovel,"R660W,0.903"
X-4304,EZH2,2146.0,Del0.8,0.7
X-4304,FABP5P3,220832.0,Del0.8,0.73
X-4304,FAM126A,84668.0,MutNovel,"A447T,0.500"
X-4304,FAM192A,80011.0,MutNovel,"E108-,0.426"
X-4304,FAM197Y2P,252946.0,Del0.8,0.22
X-4304,FAM213B,127281.0,MutNovel,"P239L,0.311"
X-4304,FAM221A,,MutKnownFunctional,"R272*,0.383"
X-4304,FAM41AY1,340618.0,Del0.8,0.22
X-4304,FAM41AY1,340618.0,Del0.8,0.22
X-4304,FAM72D,728833.0,MutNovel,"R125Q,0.350"
X-4304,FAT1,2195.0,MutNovel,"A2620E,0.574"
X-4304,FKBP15,23307.0,MutNovel,"L794P,0.622"
X-4304,FLJ20021,90024.0,Del0.8,0.7
X-4304,FRAT1,10023.0,MutNovel,"A176S,0.625"
X-4304,GALNT11,63917.0,Del0.8,0.73
X-4304,GALNTL5,168391.0,Del0.8,0.73
X-4304,GBP1,2633.0,MutNovel,"L187P,0.458"
X-4304,GBX1,2636.0,Del0.8,0.76
X-4304,GEN1,348654.0,MutNovel,"T105R,0.463"
X-4304,GIGYF2,26058.0,MutNovel,"PQ1231P,0.762"
X-4304,GIMAP1,170575.0,Del0.8,0.69
X-4304,GIMAP1-GIMAP5,100527949.0,Del0.8,0.69
X-4304,GIMAP2,26157.0,Del0.8,0.69
X-4304,GIMAP5,55340.0,Del0.8,0.69
X-4304,GIMAP6,474344.0,Del0.8,0.69
X-4304,GLT8D2,83468.0,MutNovel,"I160V,1.000"
X-4304,GLYCTK,132158.0,MutNovel,"A26T,0.700"
X-4304,GMPPB,29925.0,MutNovel,"G377S,0.279"
X-4304,GOLGA2P2Y,84559.0,Del0.8,0.22
X-4304,GOLGA2P2Y,84559.0,Del0.8,0.22
X-4304,GPRASP1,9737.0,MutNovel,"A1316T,1.000"
X-4304,GPRIN1,114787.0,MutNovel,"G517R,0.600"
X-4304,GPRIN2,9721.0,MutNovel,"-238MRE,0.615"
X-4304,GRB7,2886.0,MutNovel,"R148H,0.659"
X-4304,GSTT1,2952.0,Del0.8,0.51
X-4304,GSTTP1,25774.0,Del0.8,0.51
X-4304,GTF2IRD2,84163.0,MutNovel,"F840L,0.333"
X-4304,GYG2P1,352887.0,Del0.8,0.22
X-4304,H2AFZ,3015.0,Del0.8,0.7
X-4304,HEXA,3073.0,MutNovel,"R413W,1.000"
X-4304,HIRA,7290.0,MutNovel,"A664S,1.000"
X-4304,HLA-DRB5,3127.0,Amp5,5.03
X-4304,HLA-DRB6,3128.0,Amp5,5.03
X-4304,HLA-G,3135.0,MutNovel,"V255M,0.684"
X-4304,HN1L,90861.0,Del0.8,0.74
X-4304,HNRNPCL1,343069.0,Del0.8,0.32
X-4304,HSFY2,159119.0,Del0.8,0.22
X-4304,HSFY2,159119.0,Del0.8,0.22
X-4304,HSPBP1,23640.0,MutNovel,"G160A,0.379"
X-4304,HTRA2,27429.0,MutNovel,"T215M,0.588"
X-4304,IL27RA,9466.0,MutNovel,"R357Q,0.692"
X-4304,IL6R,3570.0,MutNovel,"P157L,0.333"
X-4304,IQCG,84223.0,MutNovel,"L356S,0.495"
X-4304,IQSEC1,9922.0,MutNovel,"G273S,0.909"
X-4304,JMJD1C,221037.0,MutNovel,"R1072C,0.610"
X-4304,JRK,8629.0,MutNovel,"H540L,0.351"
X-4304,KCNH2,3757.0,Del0.8,0.69
X-4304,KCNQ4,9132.0,MutNovel,"T692S,0.375"
X-4304,KCP,375616.0,MutNovel,"R1196Q,0.623"
X-4304,KDM5D,8284.0,Del0.8,0.22
X-4304,KIAA0319L,79932.0,MutNovel,"T234A,0.609"
X-4304,KIAA0664,23277.0,MutNovel,"V915M,0.779"
X-4304,KIAA1217,56243.0,MutNovel,"A1934S,0.422"
X-4304,KIAA1549,57670.0,MutNovel,"A904T,0.286"
X-4304,KIF13A,63971.0,MutNovel,"A1329P,0.275"
X-4304,KIF14,9928.0,MutNovel,"G1557D,1.000"
X-4304,KIF1C,10749.0,MutNovel,"A1017T,0.581"
X-4304,KIF20A,10112.0,MutNovel,"D590H,0.506"
X-4304,KIF20B,9585.0,MutNovel,"L1062LKV,0.417"
X-4304,KLF16,83855.0,MutNovel,"A38T,0.857"
X-4304,KNTC1,9735.0,MutNovel,"L881V,1.000"
X-4304,KRAS,3845.0,MutKnownFunctional,"G12D,0.992"
X-4304,KRBA1,84626.0,Del0.8,0.7
X-4304,KRT14,3861.0,MutNovel,"S241N,0.500"
X-4304,KRT5,3852.0,MutNovel,"L449Q,0.600"
X-4304,KRT75,9119.0,MutNovel,"K245T,1.000"
X-4304,LAMA3,3909.0,MutNovel,"A2507T,0.228"
X-4304,LAMC2,3918.0,MutNovel,"T1101S,0.674"
X-4304,LAMTOR3,8649.0,Del0.8,0.7
X-4304,LCE3C,353144.0,Del0.8,0.21
X-4304,LGALS8,3964.0,MutNovel,"P68S,0.657"
X-4304,LIPT1,51601.0,MutNovel,"P70S,1.000"
X-4304,LMO7,4008.0,MutNovel,"E1083K,0.303"
X-4304,LOC100128822,100128822.0,Del0.8,0.73
X-4304,LOC100505817,100505817.0,Del0.8,0.73
X-4304,LOC100507053,100507053.0,Del0.8,0.7
X-4304,LOC155060,155060.0,Del0.8,0.7
X-4304,LOC256880,256880.0,Del0.8,0.7
X-4304,LOC391322,391322.0,Del0.8,0.51
X-4304,LOC400655,400655.0,Del0.8,0.73
X-4304,LOC727924,727924.0,Del0.8,0.74
X-4304,LPPR2,64748.0,MutNovel,"I251V,0.727"
X-4304,LRP1,4035.0,MutNovel,"R2178W,1.000"
X-4304,LRRC61,65999.0,MutNovel,"G89C,1.000"
X-4304,LTBP1,4052.0,MutNovel,"V308A,0.389"
X-4304,LYST,1130.0,MutNovel,"K2790Q,0.583"
X-4304,MAGEF1,64110.0,MutNovel,"P11Q,0.477"
X-4304,MAGI1,9223.0,MutNovel,"R895H,0.357"
X-4304,MAGI1,9223.0,MutNovel,"Q421HR,0.417"
X-4304,MAGI1,9223.0,MutNovel,"R83H,0.583"
X-4304,MAN2B2,23324.0,MutNovel,"G382R,0.596"
X-4304,MAP2K2,5605.0,MutNovel,"R179Q,0.684"
X-4304,MAP4K4,9448.0,MutNovel,"S593L,0.400"
X-4304,MCF2L2,23101.0,MutNovel,"I468L,0.333"
X-4304,MECOM,2122.0,MutNovel,"Y194H,0.500"
X-4304,METAP1,23173.0,Del0.8,0.7
X-4304,MEX3C,51320.0,Del0.8,0.22
X-4304,MFSD7,84179.0,MutNovel,"G413E,0.679"
X-4304,MIR3177,100423012.0,Del0.8,0.74
X-4304,MIR3684,100500867.0,Del0.8,0.7
X-4304,MIR548F3,100302159.0,Del0.8,0.7
X-4304,MIR548F4,100313895.0,Del0.8,0.7
X-4304,MIR548I4,100302191.0,Del0.8,0.7
X-4304,MIR548T,100422849.0,Del0.8,0.7
X-4304,MIR570,693155.0,Amp5,5.58
X-4304,MIR671,768213.0,Del0.8,0.76
X-4304,MIS18BP1,55320.0,MutNovel,"R356G,0.671"
X-4304,MLL3,58508.0,MutNovel,"G964D,1.000"
X-4304,MLL3,58508.0,Del0.8,0.73
X-4304,MMP7,4316.0,MutNovel,"I79T,0.554"
X-4304,MMS22L,253714.0,MutNovel,"N419D,0.643"
X-4304,MPP7,143098.0,MutNovel,"N553S,0.214"
X-4304,MPRIP,23164.0,MutNovel,"TS178T,0.524"
X-4304,MRPL13,28998.0,MutNovel,"V57I,0.668"
X-4304,MTTP,4547.0,Del0.8,0.7
X-4304,MUC20,200958.0,Amp5,5.58
X-4304,MUC5B,727897.0,MutNovel,"M3122T,0.429"
X-4304,MUTYH,4595.0,MutNovel,"G25D,0.569"
X-4304,MUTYH,4595.0,MutNovel,"P18L,0.537"
X-4304,NCKAP5,344148.0,MutNovel,"H1023L,1.000"
X-4304,NCOA3,8202.0,MutNovel,"Q1255-,0.342"
X-4304,NCOA6,23054.0,MutNovel,"P239R,0.739"
X-4304,NCOR2,9612.0,MutNovel,"G1839GAAA,0.355"
X-4304,NCRNA00185,55410.0,Del0.8,0.22
X-4304,NEIL1,79661.0,MutNovel,"E313V,1.000"
X-4304,NETO1,81832.0,Del0.8,0.73
X-4304,NLGN4Y,22829.0,Del0.8,0.22
X-4304,NOS3,4846.0,Del0.8,0.69
X-4304,NOXO1,124056.0,MutNovel,"R229P,0.429"
X-4304,NUB1,51667.0,Del0.8,0.76
X-4304,NUBP1,4682.0,MutNovel,"P147T,0.492"
X-4304,NUDT8,254552.0,MutNovel,"G69C,0.379"
X-4304,NUPR1L,,MutNovel,"M92R,1.000"
X-4304,OBSL1,23363.0,MutNovel,"A198E,1.000"
X-4304,ODF2L,57489.0,MutNovel,"I191M,0.758"
X-4304,OFD1,8481.0,MutNovel,"Q550H,0.346"
X-4304,OR2A12,346525.0,MutNovel,"M181T,1.000"
X-4304,OR4M2,390538.0,Del0.8,0.74
X-4304,OR4N3P,390539.0,Del0.8,0.74
X-4304,OR4N4,283694.0,Del0.8,0.74
X-4304,OR52N1,79473.0,Del0.8,0.62
X-4304,OR52N5,390075.0,Del0.8,0.2
X-4304,ORAI1,84876.0,MutNovel,"PP43-,0.776"
X-4304,P2RY6,5031.0,MutNovel,"R21C,0.593"
X-4304,PABPC3,5042.0,MutKnownFunctional,"-247GG?,0.400"
X-4304,PABPC3,5042.0,MutKnownFunctional,"-314,1.000"
X-4304,PAQR7,164091.0,MutNovel,"IL327MI,1.000"
X-4304,PCDH11Y,83259.0,Del0.8,0.39
X-4304,PCDHAC1,56135.0,MutNovel,"V747I,1.000"
X-4304,PCDHB14,56122.0,MutNovel,"S685L,0.571"
X-4304,PCNAP1,359806.0,Del0.8,0.7
X-4304,PCSK6,5046.0,MutNovel,"E460K,1.000"
X-4304,PDE5A,8654.0,MutNovel,"I774V,0.560"
X-4304,PDIA4,9601.0,Del0.8,0.7
X-4304,PHGR1,644844.0,MutNovel,"P53S,0.969"
X-4304,PHLDA1,22822.0,MutNovel,"V303I,1.000"
X-4304,PHLDA1,22822.0,MutNovel,"QQ194Q,0.552"
X-4304,PIK3CA,5290.0,MutKnownFunctional,"E542K,0.578"
X-4304,PIP4K2C,79837.0,MutNovel,"E157K,0.996"
X-4304,PLB1,151056.0,MutNovel,"T402A,0.550"
X-4304,PLXNB2,23654.0,MutNovel,"R463Q,1.000"
X-4304,PPP2R3B,28227.0,MutNovel,"R602H,0.571"
X-4304,PPP3CA,5530.0,Del0.8,0.7
X-4304,PRAMEF1,65121.0,Del0.8,0.46
X-4304,PRAMEF11,440560.0,Del0.8,0.32
X-4304,PRC1,9055.0,MutNovel,"M422I,1.000"
X-4304,PRCP,5547.0,MutNovel,"A281T,0.494"
X-4304,PRKAG2,51422.0,Del0.8,0.73
X-4304,PRKY,5616.0,Del0.8,0.22
X-4304,PRPF38A,84950.0,MutNovel,"R230H,0.654"
X-4304,PRSS1,5644.0,MutNovel,"T137M,0.368"
X-4304,PRY,9081.0,Del0.8,0.22
X-4304,PRY,9081.0,Del0.8,0.22
X-4304,PRY2,442862.0,Del0.8,0.22
X-4304,PRY2,442862.0,Del0.8,0.22
X-4304,PTCH1,5727.0,MutNovel,"R1303C,1.000"
X-4304,PTRH1,138428.0,MutNovel,"P214L,0.715"
X-4304,RANBP9,10048.0,MutNovel,"Q16HSK,0.226"
X-4304,RAP1GDS1,5910.0,Del0.8,0.7
X-4304,RASAL2,9462.0,MutNovel,"D808G,0.676"
X-4304,RBMY1A3P,286557.0,Del0.8,0.22
X-4304,RBMY1B,378948.0,Del0.8,0.22
X-4304,RBMY1B,378948.0,Del0.8,0.22
X-4304,RBMY1E,378950.0,Del0.8,0.22
X-4304,RBMY1E,378950.0,Del0.8,0.22
X-4304,RBMY1F,159163.0,Del0.8,0.22
X-4304,RBMY1F,159163.0,Del0.8,0.22
X-4304,RBMY1J,378951.0,Del0.8,0.22
X-4304,RBMY1J,378951.0,Del0.8,0.22
X-4304,RBMY2EP,159125.0,Del0.8,0.22
X-4304,RBMY2FP,159162.0,Del0.8,0.22
X-4304,RBMY3AP,64593.0,Del0.8,0.22
X-4304,REREP3,646396.0,Del0.8,0.74
X-4304,RGMB,285704.0,MutNovel,"P32Q,0.667"
X-4304,RHEB,6009.0,Del0.8,0.73
X-4304,RIN3,79890.0,MutNovel,"G967-,0.575"
X-4304,RNF213,57674.0,MutNovel,"R1507S,0.556"
X-4304,RPS4Y1,6192.0,Del0.8,0.39
X-4304,RPS4Y2,140032.0,Del0.8,0.22
X-4304,RREB1,6239.0,MutNovel,"G103R,0.286"
X-4304,RTTN,25914.0,MutNovel,"H1256L,0.308"
X-4304,RTTN,25914.0,MutNovel,"N1221K,0.478"
X-4304,SBNO2,22904.0,MutNovel,"R566Q,0.302"
X-4304,SCAPER,49855.0,Del0.8,0.5
X-4304,SCFD2,152579.0,MutNovel,"E469K,0.591"
X-4304,SEC23IP,11196.0,MutNovel,"V755M,0.565"
X-4304,SEC24A,10802.0,MutNovel,"R154C,0.389"
X-4304,SENP6,26054.0,MutNovel,"K778I,0.494"
X-4304,SETDB2,83852.0,MutNovel,"N46S,1.000"
X-4304,SGK223,157285.0,MutNovel,"C1154Y,1.000"
X-4304,SIGLEC15,284266.0,MutNovel,"D232N,0.429"
X-4304,SIK3,23387.0,MutNovel,"A264T,0.360"
X-4304,SIRT3,23410.0,MutNovel,"A134V,1.000"
X-4304,SLC7A6,9057.0,MutNovel,"A172V,0.444"
X-4304,SLFN5,162394.0,MutNovel,"K371I,0.722"
X-4304,SMAD4,4089.0,Del0.8,0.3
X-4304,SMARCD3,6604.0,Del0.8,0.76
X-4304,SOX9,6662.0,MutNovel,"N51K,0.319"
X-4304,SPAG5,10615.0,MutNovel,"N38S,0.618"
X-4304,SPATA5,166378.0,MutNovel,"P21S,0.333"
X-4304,SPIRE2,84501.0,MutNovel,"A14T,0.550"
X-4304,SRFBP1,153443.0,MutNovel,"G245V,0.567"
X-4304,SRRM2,23524.0,MutNovel,"L1033V,0.505"
X-4304,SRY,6736.0,Del0.8,0.39
X-4304,SSPO,23145.0,Del0.8,0.77
X-4304,ST3GAL5,8869.0,MutNovel,"D259N,0.500"
X-4304,SYNGR2,9144.0,MutNovel,"L21V,0.307"
X-4304,SYT17,51760.0,MutNovel,"R107Q,0.393"
X-4304,TBC1D10A,83874.0,MutNovel,"P434R,0.991"
X-4304,TBC1D2,55357.0,MutNovel,"E921K,0.250"
X-4304,TBL1Y,90665.0,Del0.8,0.22
X-4304,TGIF2LY,90655.0,Del0.8,0.39
X-4304,TIRAP,114609.0,MutNovel,"E132K,0.596"
X-4304,TLR6,10333.0,MutNovel,"G592V,0.429"
X-4304,TMEM139,135932.0,MutNovel,"I161V,0.318"
X-4304,TMEM161A,54929.0,MutNovel,"A65V,0.718"
X-4304,TMEM176A,55365.0,Del0.8,0.69
X-4304,TMEM176B,28959.0,Del0.8,0.69
X-4304,TMEM184A,202915.0,MutNovel,"G392GA,0.709"
X-4304,TMEM231,79583.0,MutNovel,"R44W,1.000"
X-4304,TMPRSS5,80975.0,MutNovel,"R387H,0.545"
X-4304,TMSB4Y,9087.0,Del0.8,0.22
X-4304,TNC,3371.0,MutNovel,"P1530L,0.733"
X-4304,TNFRSF10C,8794.0,MutNovel,"T199N,0.212"
X-4304,TNKS1BP1,85456.0,MutNovel,"V1521M,0.767"
X-4304,TP53,7157.0,MutKnownFunctional,"R282W,0.791"
X-4304,TP53,7157.0,MutLikelyFunctional,"P152L,0.400"
X-4304,TRPC4AP,26133.0,MutNovel,"S777C,0.715"
X-4304,TSPAN5,10098.0,Del0.8,0.7
X-4304,TSPY1,7258.0,Del0.8,0.22
X-4304,TSPY2,64591.0,Del0.8,0.22
X-4304,TSPY3,728137.0,Del0.8,0.22
X-4304,TSPY4,728395.0,Del0.8,0.22
X-4304,TSPY8,728403.0,Del0.8,0.22
X-4304,TSPYL1,7259.0,MutNovel,"V176VW,0.901"
X-4304,TSPYL2,64061.0,MutNovel,"A360V,1.000"
X-4304,TTTY10,246119.0,Del0.8,0.22
X-4304,TTTY11,83866.0,Del0.8,0.22
X-4304,TTTY12,83867.0,Del0.8,0.22
X-4304,TTTY13,83868.0,Del0.8,0.22
X-4304,TTTY14,83869.0,Del0.8,0.22
X-4304,TTTY15,64595.0,Del0.8,0.22
X-4304,TTTY16,252948.0,Del0.8,0.22
X-4304,TTTY17A,252949.0,Del0.8,0.22
X-4304,TTTY17A,252949.0,Del0.8,0.22
X-4304,TTTY18,252950.0,Del0.8,0.22
X-4304,TTTY19,252952.0,Del0.8,0.22
X-4304,TTTY1B,100101116.0,Del0.8,0.22
X-4304,TTTY1B,100101116.0,Del0.8,0.22
X-4304,TTTY2,60439.0,Del0.8,0.22
X-4304,TTTY2,60439.0,Del0.8,0.22
X-4304,TTTY20,252951.0,Del0.8,0.22
X-4304,TTTY21,252953.0,Del0.8,0.22
X-4304,TTTY21,252953.0,Del0.8,0.22
X-4304,TTTY22,252954.0,Del0.8,0.22
X-4304,TTTY23,252955.0,Del0.8,0.22
X-4304,TTTY23,252955.0,Del0.8,0.22
X-4304,TTTY3,114760.0,Del0.8,0.22
X-4304,TTTY3,114760.0,Del0.8,0.22
X-4304,TTTY4,114761.0,Del0.8,0.22
X-4304,TTTY4,114761.0,Del0.8,0.22
X-4304,TTTY5,83863.0,Del0.8,0.22
X-4304,TTTY6,84672.0,Del0.8,0.22
X-4304,TTTY6,84672.0,Del0.8,0.22
X-4304,TTTY7,246122.0,Del0.8,0.22
X-4304,TTTY7,246122.0,Del0.8,0.22
X-4304,TTTY7B,100101120.0,Del0.8,0.22
X-4304,TTTY7B,100101120.0,Del0.8,0.22
X-4304,TTTY8,84673.0,Del0.8,0.22
X-4304,TTTY8,84673.0,Del0.8,0.22
X-4304,TTTY9A,83864.0,Del0.8,0.22
X-4304,TTTY9A,83864.0,Del0.8,0.22
X-4304,TXLNG2P,246126.0,Del0.8,0.22
X-4304,UBASH3B,84959.0,MutNovel,"P277T,0.571"
X-4304,UBR4,23352.0,MutNovel,"K1060R,1.000"
X-4304,UQCRHL,440567.0,MutKnownFunctional,"-8,0.556"
X-4304,USP20,10868.0,MutNovel,"Y778F,0.846"
X-4304,USP36,57602.0,MutNovel,"KKK958K,0.239"
X-4304,USP42,84132.0,MutNovel,"R533L,0.818"
X-4304,USP9Y,8287.0,Del0.8,0.22
X-4304,UTY,7404.0,Del0.8,0.22
X-4304,UVRAG,7405.0,MutNovel,"V85M,0.404"
X-4304,VCY,9084.0,Del0.8,0.22
X-4304,VCY,9084.0,Del0.8,0.22
X-4304,VHL,7428.0,MutNovel,"R182K,0.714"
X-4304,VN1R1,57191.0,MutNovel,"Y286C,0.357"
X-4304,VPS8,23355.0,MutNovel,"D920H,0.411"
X-4304,WDR67,93594.0,MutNovel,"N678S,0.343"
X-4304,WDR86,349136.0,Del0.8,0.76
X-4304,XKRY2,353515.0,Del0.8,0.22
X-4304,XKRY2,353515.0,Del0.8,0.22
X-4304,XRCC2,7516.0,Del0.8,0.73
X-4304,ZC3H14,79882.0,MutNovel,"P96A,0.685"
X-4304,ZC3H18,124245.0,MutNovel,"R666Q,0.537"
X-4304,ZCCHC6,79670.0,MutNovel,"Q219H,0.429"
X-4304,ZFY,7544.0,Del0.8,0.39
X-4304,ZNF192,7745.0,MutNovel,"R313W,0.448"
X-4304,ZNF212,7988.0,Del0.8,0.7
X-4304,ZNF28,7576.0,MutNovel,"E639G,0.372"
X-4304,ZNF282,8427.0,Del0.8,0.7
X-4304,ZNF384,171017.0,MutNovel,"QQ514Q,0.293"
X-4304,ZNF398,57541.0,MutNovel,"G626D,1.000"
X-4304,ZNF398,57541.0,Del0.8,0.7
X-4304,ZNF425,155054.0,Del0.8,0.7
X-4304,ZNF467,168544.0,Del0.8,0.7
X-4304,ZNF498,221785.0,MutNovel,"R245G,0.320"
X-4304,ZNF598,90850.0,MutNovel,"R639Q,0.453"
X-4304,ZNF611,81856.0,MutNovel,"K68N,0.300"
X-4304,ZNF746,155061.0,Del0.8,0.7
X-4304,ZNF767,79970.0,Del0.8,0.7
X-4304,ZNF772,400720.0,MutNovel,"A4GP,0.600"
X-4304,ZNF777,27153.0,Del0.8,0.7
X-4304,ZNF782,158431.0,MutNovel,"P589R,0.850"
X-4304,ZNF783,100289678.0,Del0.8,0.7
X-4304,ZNF785,146540.0,MutNovel,"H330Q,0.526"
X-4304,ZNF786,136051.0,Del0.8,0.7
X-4304,ZNF8,7554.0,MutNovel,"S480F,0.778"
X-4304,ZNF879,345462.0,MutNovel,"D18H,1.000"
X-4304,ZSCAN18,65982.0,MutNovel,"P559R,1.000"
X-4454,ADAM3A,1587.0,Del0.8,0.38
X-4454,AGPAT5,55326.0,Del0.8,0.67
X-4454,AGRN,375790.0,MutNovel,"A1711V,0.988"
X-4454,AHNAK2,113146.0,MutNovel,"E1856V,0.667"
X-4454,AMELY,266.0,Del0.8,0.42
X-4454,ANKRD32,84250.0,MutNovel,"L978V,1.000"
X-4454,APC,324.0,MutKnownFunctional,"-1307,1.000"
X-4454,ARHGAP33,115703.0,MutNovel,"R599Q,0.682"
X-4454,ATAD1,84896.0,Del0.8,0.39
X-4454,ATP6V1F,9296.0,MutNovel,"P73L,0.667"
X-4454,BCL3,602.0,MutNovel,"R153W,0.283"
X-4454,BCORP1,286554.0,Del0.8,0.37
X-4454,BMP2K,55589.0,MutNovel,"Q486H,0.667"
X-4454,BMP8B,656.0,MutNovel,"G20E,1.000"
X-4454,BPY2B,442867.0,Del0.8,0.11
X-4454,BPY2B,442867.0,Del0.8,0.25
X-4454,BTN2A2,10385.0,MutNovel,"G447A,0.417"
X-4454,C3orf32,51066.0,MutNovel,"R323H,0.974"
X-4454,C7orf60,154743.0,MutNovel,"R285P,0.286"
X-4454,CABLES1,91768.0,MutNovel,"E178K,1.000"
X-4454,CABYR,26256.0,MutNovel,"A24G,1.000"
X-4454,CBWD6,644019.0,MutKnownFunctional,"-259?,0.250"
X-4454,CCDC159,126075.0,MutKnownFunctional,"W146*,0.586"
X-4454,CCDC80,151887.0,MutNovel,"E823Q,0.500"
X-4454,CCDC88C,440193.0,MutNovel,"P1935L,0.778"
X-4454,CCL3L1,6349.0,Del0.8,0.78
X-4454,CCL3L3,414062.0,Del0.8,0.78
X-4454,CCL4L1,9560.0,Del0.8,0.78
X-4454,CDC42EP1,11135.0,MutNovel,"PAPAANPS253P,1.000"
X-4454,CDY1B,253175.0,Del0.8,0.26
X-4454,CDY1B,253175.0,Del0.8,0.25
X-4454,CDY2A,9426.0,Del0.8,0.22
X-4454,CDY2A,9426.0,Del0.8,0.22
X-4454,CDY2B,203611.0,Del0.8,0.22
X-4454,CDY2B,203611.0,Del0.8,0.22
X-4454,CFL1P1,142913.0,Del0.8,0.39
X-4454,CHD7,55636.0,MutNovel,"D652E,0.316"
X-4454,CHMP1A,5119.0,MutNovel,"A222T,0.472"
X-4454,COL5A2,1290.0,MutNovel,"G964S,1.000"
X-4454,CPS1,1373.0,MutNovel,"E1346G,0.923"
X-4454,CRAMP1L,57585.0,MutNovel,"R1066Q,0.500"
X-4454,CRYBG3,,MutNovel,"V2024F,1.000"
X-4454,CSMD1,64478.0,Del0.8,0.43
X-4454,CSPG4P1Y,114758.0,Del0.8,0.26
X-4454,CSPG4P1Y,114758.0,Del0.8,0.25
X-4454,CTAGE5,4253.0,MutNovel,"I178T,0.327"
X-4454,D4S234E,27065.0,Del0.8,0.68
X-4454,DAZ1,1617.0,Del0.8,0.26
X-4454,DAZ2,57055.0,Del0.8,0.26
X-4454,DAZ3,57054.0,Del0.8,0.25
X-4454,DAZ3,57054.0,Del0.8,0.25
X-4454,DAZ4,57135.0,Del0.8,0.25
X-4454,DAZ4,57135.0,Del0.8,0.26
X-4454,DDX3Y,8653.0,Del0.8,0.39
X-4454,DEFA3,,MutNovel,"L4I,1.000"
X-4454,DENND4B,9909.0,MutNovel,"QQQ908-,0.207"
X-4454,DGKA,1606.0,MutNovel,"V153A,0.541"
X-4454,DGKD,8527.0,MutNovel,"T463A,0.250"
X-4454,DUSP16,80824.0,MutKnownFunctional,"E372*,0.679"
X-4454,EHF,26298.0,MutNovel,"G36S,0.700"
X-4454,EIF1AY,9086.0,Del0.8,0.37
X-4454,EXOSC6,118460.0,MutNovel,"R135P,0.500"
X-4454,F5,2153.0,MutNovel,"I1321L,0.267"
X-4454,FAM197Y2P,252946.0,Del0.8,0.39
X-4454,FAM41AY1,340618.0,Del0.8,0.22
X-4454,FAM41AY1,340618.0,Del0.8,0.22
X-4454,FAM83E,54854.0,MutNovel,"P331L,0.687"
X-4454,FAM86B2,653333.0,MutNovel,"Q264R,1.000"
X-4454,FGFR2,2263.0,MutNovel,"N403T,1.000"
X-4454,FSD1,79187.0,MutNovel,"A487T,1.000"
X-4454,FZD8,8325.0,MutNovel,"V241M,1.000"
X-4454,GABBR1,2550.0,MutNovel,"T537M,0.277"
X-4454,GFOD2,81577.0,MutNovel,"Y141H,0.613"
X-4454,GIGYF2,26058.0,MutNovel,"PQ1231P,0.483"
X-4454,GOLGA2P2Y,84559.0,Del0.8,0.26
X-4454,GOLGA2P2Y,84559.0,Del0.8,0.25
X-4454,GOT1,2805.0,MutNovel,"N389-,1.000"
X-4454,GPCPD1,56261.0,MutNovel,"I572S,1.000"
X-4454,GPR37,2861.0,MutNovel,"R244C,0.714"
X-4454,GPRIN2,9721.0,MutNovel,"-238MRE,0.500"
X-4454,GYG2P1,352887.0,Del0.8,0.39
X-4454,HLA-DRB1,3123.0,Amp5,5.94
X-4454,HLA-DRB5,3127.0,Amp5,5.94
X-4454,HLA-DRB6,3128.0,Amp5,5.94
X-4454,HLA-G,3135.0,MutNovel,"E138T,1.000"
X-4454,HLA-G,3135.0,MutNovel,"Y140F,1.000"
X-4454,HLA-G,3135.0,MutNovel,"R180S,0.850"
X-4454,HMBOX1,79618.0,Del0.8,0.71
X-4454,HMCN2,,MutNovel,"R2384H,0.400"
X-4454,HSFY2,159119.0,Del0.8,0.22
X-4454,HSFY2,159119.0,Del0.8,0.22
X-4454,HUS1,3364.0,MutNovel,"E229D,0.221"
X-4454,IBA57,200205.0,MutNovel,"P287L,0.311"
X-4454,IBTK,25998.0,MutNovel,"E1130Q,0.359"
X-4454,INPP5D,3635.0,MutNovel,"D296N,1.000"
X-4454,ITSN2,50618.0,MutNovel,"K1553-,0.333"
X-4454,KCTD2,23510.0,MutNovel,"T242I,1.000"
X-4454,KDM5D,8284.0,Del0.8,0.37
X-4454,KIAA0182,23199.0,MutNovel,"ERER342-,0.458"
X-4454,KIAA0368,23392.0,MutNovel,"R117P,0.714"
X-4454,KIF13B,23303.0,Del0.8,0.7
X-4454,KLLN,100144748.0,Del0.8,0.39
X-4454,KRAS,3845.0,MutKnownFunctional,"G12D,0.704"
X-4454,LCE3C,353144.0,Del0.8,0.32
X-4454,LIPE,3991.0,MutNovel,"KR497NG,0.211"
X-4454,LOC100132247,100132247.0,MutNovel,"R734I,0.667"
X-4454,LOC100507607,,MutNovel,"E320T,1.000"
X-4454,LOC100507607,,MutNovel,"R338H,1.000"
X-4454,LOC100509263,,MutNovel,"L223S,1.000"
X-4454,LOC100996543,,MutNovel,"L41P,1.000"
X-4454,LOXL2,4017.0,Del0.8,0.74
X-4454,LSR,51599.0,MutNovel,"G518GR,1.000"
X-4454,LTBP1,4052.0,MutNovel,"P204R,0.500"
X-4454,MACROD2,140733.0,MutNovel,"K20N,0.688"
X-4454,MBOAT1,154141.0,MutNovel,"P448T,0.328"
X-4454,MPRIP,23164.0,MutNovel,"TS178T,1.000"
X-4454,MSANTD1,,MutNovel,"P149L,1.000"
X-4454,MYO10,4651.0,MutNovel,"G1114C,0.580"
X-4454,MYO18A,399687.0,MutNovel,"G1634D,1.000"
X-4454,NAV2,89797.0,MutNovel,"V2082I,0.571"
X-4454,NCOR2,9612.0,MutNovel,"G1839GAAA,1.000"
X-4454,NCRNA00185,55410.0,Del0.8,0.37
X-4454,NKTR,4820.0,MutKnownFunctional,"-764?,0.278"
X-4454,NLGN4Y,22829.0,Del0.8,0.39
X-4454,NOD1,10392.0,MutNovel,"R499W,0.867"
X-4454,NPAT,4863.0,MutNovel,"T221S,0.556"
X-4454,NPIPL3,23117.0,MutNovel,"F885L,0.375"
X-4454,OR52N5,390075.0,Del0.8,0.72
X-4454,ORAI1,84876.0,MutNovel,"PP43-,1.000"
X-4454,PABPC3,5042.0,MutKnownFunctional,"-299,0.500"
X-4454,PAGE2B,389860.0,MutNovel,"E56K,0.750"
X-4454,PAPLN,89932.0,MutNovel,"V704M,0.571"
X-4454,PAPSS2,9060.0,Del0.8,0.75
X-4454,PARD6G,84552.0,MutNovel,"R347Q,1.000"
X-4454,PCDH11Y,83259.0,Del0.8,0.54
X-4454,PDGFB,5155.0,MutNovel,"V213G,0.400"
X-4454,PHLDA1,22822.0,MutNovel,"QQ194Q,1.000"
X-4454,PIEZO1,9780.0,MutNovel,"S2261G,0.586"
X-4454,PKD1,5310.0,MutNovel,"H2607L,0.250"
X-4454,PKD1,5310.0,MutNovel,"T1115V,0.250"
X-4454,PKD1,5310.0,MutNovel,"S730L,0.333"
X-4454,PKDCC,91461.0,MutNovel,"P102A,0.625"
X-4454,PLAG1,5324.0,MutNovel,"T162M,1.000"
X-4454,PML,5371.0,MutNovel,"R358H,0.559"
X-4454,PPOX,5498.0,MutNovel,"A150P,0.393"
X-4454,PRKY,5616.0,Del0.8,0.42
X-4454,PRY,9081.0,Del0.8,0.37
X-4454,PRY,9081.0,Del0.8,0.37
X-4454,PRY2,442862.0,Del0.8,0.37
X-4454,PRY2,442862.0,Del0.8,0.37
X-4454,RABGAP1L,9910.0,MutNovel,"I333V,0.441"
X-4454,RBKS,64080.0,MutNovel,"A203V,0.500"
X-4454,RBMY1A3P,286557.0,Del0.8,0.39
X-4454,RBMY1B,378948.0,Del0.8,0.37
X-4454,RBMY1B,378948.0,Del0.8,0.37
X-4454,RBMY1E,378950.0,Del0.8,0.37
X-4454,RBMY1E,378950.0,Del0.8,0.37
X-4454,RBMY1F,159163.0,Del0.8,0.37
X-4454,RBMY1F,159163.0,Del0.8,0.37
X-4454,RBMY1J,378951.0,Del0.8,0.37
X-4454,RBMY1J,378951.0,Del0.8,0.37
X-4454,RBMY2EP,159125.0,Del0.8,0.37
X-4454,RBMY2FP,159162.0,Del0.8,0.37
X-4454,RBMY3AP,64593.0,Del0.8,0.39
X-4454,RGPD8,727851.0,MutNovel,"E928K,1.000"
X-4454,RIN3,79890.0,MutNovel,"G967-,0.550"
X-4454,RNF126,55658.0,MutNovel,"I256M,0.733"
X-4454,RPS4Y1,6192.0,Del0.8,0.54
X-4454,RPS4Y2,140032.0,Del0.8,0.37
X-4454,RUSC2,9853.0,MutNovel,"P737L,0.800"
X-4454,SEH1L,81929.0,MutNovel,"P384A,0.221"
X-4454,SEH1L,81929.0,MutNovel,"V387L,0.254"
X-4454,SERINC2,347735.0,MutNovel,"-373Q,1.000"
X-4454,SLC28A2,9153.0,MutKnownFunctional,"-129?,1.000"
X-4454,SLC35C1,55343.0,MutKnownFunctional,"-256,0.453"
X-4454,SOWAHA,134548.0,MutNovel,"-4AAA,1.000"
X-4454,SRY,6736.0,Del0.8,0.54
X-4454,STK32B,55351.0,Del0.8,0.79
X-4454,STX18,53407.0,Del0.8,0.66
X-4454,TBC1D30,23329.0,MutNovel,"R116C,0.652"
X-4454,TBC1D3B,414059.0,Del0.8,0.78
X-4454,TBC1D3C,414060.0,Del0.8,0.78
X-4454,TBL1Y,90665.0,Del0.8,0.42
X-4454,TBX10,347853.0,MutNovel,"L305F,0.571"
X-4454,TGIF2LY,90655.0,Del0.8,0.54
X-4454,THAP8,199745.0,MutKnownFunctional,"-209,0.667"
X-4454,THAP9,79725.0,MutNovel,"V472L,0.381"
X-4454,TLK2,11011.0,MutNovel,"R262Q,0.353"
X-4454,TMEM129,92305.0,MutKnownFunctional,"-53?,1.000"
X-4454,TMEM184A,202915.0,MutNovel,"G392GA,0.549"
X-4454,TMEM30B,161291.0,MutNovel,"D66N,0.207"
X-4454,TMSB4Y,9087.0,Del0.8,0.39
X-4454,TP53,7157.0,MutKnownFunctional,"K120*,1.000"
X-4454,TRANK1,9881.0,MutNovel,"R2677W,1.000"
X-4454,TRMT1L,81627.0,MutNovel,"T234M,0.432"
X-4454,TRPM5,29850.0,MutNovel,"E791K,0.538"
X-4454,TSPAN10,83882.0,MutNovel,"R321C,1.000"
X-4454,TSPY1,7258.0,Del0.8,0.39
X-4454,TSPY2,64591.0,Del0.8,0.2
X-4454,TSPY3,728137.0,Del0.8,0.39
X-4454,TSPY4,728395.0,Del0.8,0.39
X-4454,TSPY8,728403.0,Del0.8,0.39
X-4454,TSPYL1,7259.0,MutNovel,"V176VW,1.000"
X-4454,TTBK1,84630.0,MutNovel,"P1233A,0.750"
X-4454,TTTY10,246119.0,Del0.8,0.37
X-4454,TTTY11,83866.0,Del0.8,0.39
X-4454,TTTY12,83867.0,Del0.8,0.39
X-4454,TTTY13,83868.0,Del0.8,0.37
X-4454,TTTY14,83869.0,Del0.8,0.37
X-4454,TTTY15,64595.0,Del0.8,0.39
X-4454,TTTY16,252948.0,Del0.8,0.39
X-4454,TTTY17A,252949.0,Del0.8,0.25
X-4454,TTTY17A,252949.0,Del0.8,0.14
X-4454,TTTY18,252950.0,Del0.8,0.39
X-4454,TTTY19,252952.0,Del0.8,0.39
X-4454,TTTY1B,100101116.0,Del0.8,0.2
X-4454,TTTY1B,100101116.0,Del0.8,0.39
X-4454,TTTY2,60439.0,Del0.8,0.2
X-4454,TTTY2,60439.0,Del0.8,0.39
X-4454,TTTY20,252951.0,Del0.8,0.39
X-4454,TTTY21,252953.0,Del0.8,0.39
X-4454,TTTY21,252953.0,Del0.8,0.42
X-4454,TTTY22,252954.0,Del0.8,0.39
X-4454,TTTY23,252955.0,Del0.8,0.39
X-4454,TTTY23,252955.0,Del0.8,0.2
X-4454,TTTY3,114760.0,Del0.8,0.25
X-4454,TTTY3,114760.0,Del0.8,0.26
X-4454,TTTY4,114761.0,Del0.8,0.25
X-4454,TTTY4,114761.0,Del0.8,0.14
X-4454,TTTY5,83863.0,Del0.8,0.37
X-4454,TTTY6,84672.0,Del0.8,0.37
X-4454,TTTY6,84672.0,Del0.8,0.37
X-4454,TTTY7,246122.0,Del0.8,0.39
X-4454,TTTY7,246122.0,Del0.8,0.42
X-4454,TTTY7B,100101120.0,Del0.8,0.39
X-4454,TTTY7B,100101120.0,Del0.8,0.42
X-4454,TTTY8,84673.0,Del0.8,0.42
X-4454,TTTY8,84673.0,Del0.8,0.39
X-4454,TTTY9A,83864.0,Del0.8,0.22
X-4454,TTTY9A,83864.0,Del0.8,0.22
X-4454,TXLNG2P,246126.0,Del0.8,0.37
X-4454,UBA7,7318.0,MutNovel,"C160G,1.000"
X-4454,UBAP2,55833.0,MutNovel,"I45V,0.227"
X-4454,UGT2B11,10720.0,MutNovel,"A346T,1.000"
X-4454,UMODL1,89766.0,MutNovel,"R1422H,0.263"
X-4454,USP34,9736.0,MutNovel,"L1761F,0.714"
X-4454,USP9Y,8287.0,Del0.8,0.39
X-4454,UTY,7404.0,Del0.8,0.39
X-4454,VCY,9084.0,Del0.8,0.39
X-4454,VCY,9084.0,Del0.8,0.39
X-4454,WASH1,100287171.0,MutNovel,"Y234C,0.300"
X-4454,WRAP73,49856.0,MutNovel,"A311T,1.000"
X-4454,XKRY2,353515.0,Del0.8,0.22
X-4454,XKRY2,353515.0,Del0.8,0.22
X-4454,XYLB,9942.0,MutNovel,"Q157R,1.000"
X-4454,ZDHHC11,79844.0,MutNovel,"A303D,0.379"
X-4454,ZDHHC4,55146.0,MutNovel,"D294V,0.329"
X-4454,ZFX,7543.0,MutNovel,"D491N,0.674"
X-4454,ZFY,7544.0,Del0.8,0.54
X-4454,ZNF189,7743.0,MutNovel,"Q446H,0.586"
X-4454,ZNF219,51222.0,MutNovel,"QPP233P,0.621"
X-4454,ZNF384,171017.0,MutNovel,"QQ514Q,1.000"
X-4454,ZNF57,126295.0,MutNovel,"K197R,0.233"
X-4454,ZNF717,100131827.0,MutNovel,"L801F,1.000"
X-4454,ZNF860,344787.0,MutNovel,"R3Y,0.571"
X-4454,ZNF860,344787.0,MutNovel,"E12G,0.571"
X-4454,ZNF860,344787.0,MutNovel,"H23R,0.667"
X-4454,ZNF92,168374.0,MutNovel,"G207D,0.800"
X-4484,61E3.4,,MutNovel,"I75V,0.940"
X-4484,A2LD1,87769.0,Amp5,6.06
X-4484,ABCC3,8714.0,MutNovel,"Q900H,0.664"
X-4484,ABCC4,10257.0,Amp5,6.06
X-4484,ABCD1,215.0,MutNovel,"A445V,1.000"
X-4484,ABHD13,84945.0,Amp5,6.06
X-4484,ACR,49.0,MutNovel,"C246F,0.800"
X-4484,ADPRHL1,113622.0,Amp5,6.06
X-4484,AKAP11,11215.0,Amp5,5.94
X-4484,ALG11,440138.0,Amp5,6.11
X-4484,ALG5,29880.0,Amp5,7.06
X-4484,ALOX5AP,241.0,Amp5,7.06
X-4484,ANKRD10,55608.0,Amp5,6.06
X-4484,ANKRD11,29123.0,MutNovel,"E190K,0.691"
X-4484,ANKRD26P3,100101938.0,Amp5,5.7
X-4484,ANKRD36,375248.0,MutNovel,"T998S,0.400"
X-4484,APC,324.0,MutKnownFunctional,"R213*,0.400"
X-4484,APC,324.0,MutKnownFunctional,"-1453,0.400"
X-4484,ARGLU1,55082.0,Amp5,6.06
X-4484,ARHGEF7,8874.0,Amp5,6.06
X-4484,ARL11,115761.0,Amp5,6.11
X-4484,ASMTL,8623.0,MutNovel,"S807L,0.476"
X-4484,ATP11A,23250.0,Amp5,6.06
X-4484,ATP12A,479.0,Amp5,5.98
X-4484,ATP4B,496.0,Amp5,6.06
X-4484,ATP5EP2,432369.0,Amp5,7.06
X-4484,ATP7B,540.0,Amp5,6.11
X-4484,ATP8A2,51761.0,Amp5,5.98
X-4484,ATXN8OS,6315.0,Amp5,6.45
X-4484,AZI1,22994.0,MutNovel,"R662C,0.500"
X-4484,B3GALTL,145173.0,Amp5,7.06
X-4484,BANP,54971.0,MutNovel,"Q399K,0.214"
X-4484,BASP1P1,646201.0,Amp5,6.02
X-4484,BIVM,54841.0,Amp5,6.06
X-4484,BIVM-ERCC5,100533467.0,Amp5,6.06
X-4484,BORA,79866.0,Amp5,6.02
X-4484,BRCA2,675.0,Amp5,7.06
X-4484,BTF3P11,690.0,Amp5,6.02
X-4484,BTN3A3,10384.0,MutNovel,"G421V,0.364"
X-4484,C13orf33,84935.0,Amp5,7.06
X-4484,C13orf35,400165.0,Amp5,6.06
X-4484,C1QTNF9,338872.0,Amp5,5.98
X-4484,C1QTNF9B,387911.0,Amp5,5.98
X-4484,C1QTNF9B-AS1,542767.0,Amp5,5.98
X-4484,C21orf58,54058.0,MutNovel,"H299PN,0.235"
X-4484,C6orf223,221416.0,MutNovel,"AA124-,0.233"
X-4484,CAB39L,81617.0,Amp5,6.11
X-4484,CALCOCO2,10241.0,MutNovel,"E70K,0.250"
X-4484,CARKD,55739.0,Amp5,6.06
X-4484,CARS2,79587.0,Amp5,6.06
X-4484,CBWD6,644019.0,MutKnownFunctional,"-259?,0.353"
X-4484,CCDC122,160857.0,Amp5,5.94
X-4484,CCDC144B,284047.0,Del0.8,0.62
X-4484,CCDC168,643677.0,Amp5,6.06
X-4484,CCDC169,728591.0,Amp5,7.06
X-4484,CCDC169-SOHLH2,100526761.0,Amp5,7.06
X-4484,CCDC17,149483.0,MutNovel,"A24P,0.667"
X-4484,CCDC70,83446.0,Amp5,6.11
X-4484,CCL3L1,6349.0,Del0.8,0.72
X-4484,CCL3L3,414062.0,Del0.8,0.72
X-4484,CCL4L1,9560.0,Del0.8,0.72
X-4484,CCNA1,8900.0,Amp5,7.06
X-4484,CCNE2,9134.0,MutNovel,"V213I,0.688"
X-4484,CDADC1,81602.0,Amp5,6.11
X-4484,CDC16,8881.0,Amp5,6.06
X-4484,CDK8,1024.0,Amp5,5.98
X-4484,CDKN1C,1028.0,MutNovel,"APVAV171V,0.455"
X-4484,CDX2,1045.0,Amp5,7.06
X-4484,CEACAM7,1087.0,MutNovel,"T172I,1.000"
X-4484,CEL,1056.0,MutNovel,"G603E,0.800"
X-4484,CEL,1056.0,MutNovel,"A604S,0.571"
X-4484,CEL,1056.0,MutNovel,"T707R,0.667"
X-4484,CENPJ,55835.0,Amp5,5.98
X-4484,CG030,116828.0,Amp5,7.06
X-4484,CHAMP1,283489.0,Amp5,6.06
X-4484,CKAP2,26586.0,Amp5,6.11
X-4484,CKAP4,10970.0,MutNovel,"R326H,1.000"
X-4484,CLDN10,9071.0,Amp5,6.06
X-4484,CLEC18B,497190.0,MutNovel,"R352C,0.600"
X-4484,CLEC18B,497190.0,MutNovel,"A174V,0.800"
X-4484,CLEC18C,283971.0,MutNovel,"A174V,0.667"
X-4484,CLN5,1203.0,Amp5,6.02
X-4484,CLYBL,171425.0,Amp5,6.06
X-4484,CNNM3,26505.0,MutNovel,"A158V,0.476"
X-4484,COG3,83548.0,Amp5,5.94
X-4484,COG6,57511.0,Amp5,7.21
X-4484,COL4A1,1282.0,Amp5,6.06
X-4484,COL4A2,1284.0,Amp5,6.06
X-4484,COMMD6,170622.0,Amp5,6.02
X-4484,CPB2,1361.0,Amp5,5.94
X-4484,CRIPAK,285464.0,MutNovel,"V164A,0.333"
X-4484,CRYBG3,,MutNovel,"G1683A,0.417"
X-4484,CRYL1,51084.0,Amp5,5.7
X-4484,CSAG2,728461.0,Del0.8,0.57
X-4484,CSAG3,389903.0,Del0.8,0.57
X-4484,CSNK1A1L,122011.0,Amp5,7.06
X-4484,CTAGE10P,220429.0,Amp5,6.11
X-4484,CTAGE11P,647288.0,Amp5,6.02
X-4484,CTSA,5476.0,MutNovel,"L29-,0.817"
X-4484,CUL4A,8451.0,Amp5,6.06
X-4484,CYSLTR2,57105.0,Amp5,6.11
X-4484,DACH1,1602.0,Amp5,6.45
X-4484,DAOA,267012.0,Amp5,6.06
X-4484,DAOA-AS1,282706.0,Amp5,6.06
X-4484,DCLK1,9201.0,Amp5,7.06
X-4484,DCT,1638.0,Amp5,6.06
X-4484,DCUN1D2,55208.0,Amp5,6.06
X-4484,DDR1,780.0,MutNovel,"L626V,0.489"
X-4484,DGKH,160851.0,Amp5,5.94
X-4484,DHRS12,79758.0,Amp5,6.11
X-4484,DIAPH3,81624.0,Amp5,6.06
X-4484,DIP2A,23181.0,MutNovel,"T1332N,0.452"
X-4484,DIS3,22894.0,Amp5,6.02
X-4484,DIS3L2,129563.0,MutNovel,"E366A,0.562"
X-4484,DLEU1,10301.0,Amp5,6.11
X-4484,DLEU2,8847.0,Amp5,6.11
X-4484,DLEU7,220107.0,Amp5,6.11
X-4484,DNAJC15,29103.0,Amp5,5.94
X-4484,DNAJC3,5611.0,Amp5,6.06
X-4484,DNHD1,144132.0,MutKnownFunctional,"Q3141*,0.733"
X-4484,DOCK6,57572.0,MutNovel,"R1965Q,0.348"
X-4484,DOCK9,23348.0,Amp5,6.06
X-4484,DSP,1832.0,MutNovel,"A2620V,0.504"
X-4484,DZIP1,22873.0,Amp5,6.06
X-4484,EBPL,84650.0,Amp5,6.11
X-4484,EDEM3,80267.0,MutNovel,"A17G,0.478"
X-4484,EDNRB,1910.0,Amp5,6.02
X-4484,EEF1DP3,196549.0,Amp5,7.06
X-4484,EFHA1,221154.0,Amp5,6.02
X-4484,EFNB2,1948.0,Amp5,6.06
X-4484,ELF1,1997.0,Amp5,7.21
X-4484,ENAH,55740.0,MutNovel,"R406W,0.630"
X-4484,ENOX1,55068.0,Amp5,5.94
X-4484,EPSTI1,94240.0,Amp5,5.94
X-4484,ERAL1,26284.0,MutNovel,"K371N,0.685"
X-4484,ERCC5,2073.0,Amp5,6.06
X-4484,ESD,2098.0,Amp5,5.94
X-4484,EXOSC8,11340.0,Amp5,7.06
X-4484,F10,2159.0,Amp5,6.06
X-4484,F7,2155.0,Amp5,6.06
X-4484,FAM106A,80039.0,Del0.8,0.37
X-4484,FAM123A,219287.0,Amp5,5.98
X-4484,FAM124A,220108.0,Amp5,6.11
X-4484,FAM155A,728215.0,Amp5,6.06
X-4484,FAM194B,220081.0,Amp5,5.94
X-4484,FAM200B,285550.0,MutNovel,"R459H,0.684"
X-4484,FAM48A,55578.0,Amp5,7.06
X-4484,FAM70B,348013.0,Amp5,6.06
X-4484,FAM75A6,389730.0,Del0.8,0.5
X-4484,FARP1,10160.0,Amp5,6.06
X-4484,FBXL3,26224.0,Amp5,6.02
X-4484,FGF14,2259.0,Amp5,6.06
X-4484,FGF14-IT1,283480.0,Amp5,6.06
X-4484,FGF9,2254.0,Amp5,6.02
X-4484,FKSG29,100131561.0,Amp5,6.06
X-4484,FLNB,2317.0,MutNovel,"T2104A,1.000"
X-4484,FLT1,2321.0,Amp5,7.06
X-4484,FLT3,2322.0,Amp5,7.06
X-4484,FNDC3A,22862.0,Amp5,6.11
X-4484,FNIP1,96459.0,MutNovel,"K575N,0.291"
X-4484,FOXO1,2308.0,Amp5,7.21
X-4484,FREM2,341640.0,Amp5,7.21
X-4484,FRY,10129.0,Amp5,7.06
X-4484,FUCA2,2519.0,MutNovel,"-22CC,0.276"
X-4484,GAS6,2621.0,Amp5,6.06
X-4484,GIGYF2,26058.0,MutNovel,"PQ1231P,0.593"
X-4484,GJA3,2700.0,Amp5,5.7
X-4484,GJB2,2706.0,Amp5,5.7
X-4484,GJB6,10804.0,Amp5,5.7
X-4484,GLT25D1,79709.0,MutNovel,"R357H,0.368"
X-4484,GOLGA2,2801.0,MutNovel,"D708E,0.263"
X-4484,GPC5,2262.0,Amp5,6.06
X-4484,GPC6,10082.0,Amp5,6.06
X-4484,GPR12,2835.0,Amp5,5.98
X-4484,GPR125,166647.0,MutNovel,"P955S,0.288"
X-4484,GPR18,2841.0,Amp5,6.06
X-4484,GPR180,160897.0,Amp5,6.06
X-4484,GPR183,1880.0,Amp5,6.06
X-4484,GPRIN2,9721.0,MutNovel,"-238MRE,0.600"
X-4484,GRHL2,79977.0,MutNovel,"S214N,0.580"
X-4484,GRIN2C,2905.0,MutNovel,"R286C,0.273"
X-4484,GRK1,6011.0,Amp5,6.06
X-4484,GRTP1,79774.0,Amp5,6.06
X-4484,GSTTP1,25774.0,Del0.8,0.76
X-4484,GSX1,219409.0,Amp5,7.06
X-4484,GTF2F2,2963.0,Amp5,5.94
X-4484,GTF3A,2971.0,Amp5,7.06
X-4484,GUCY1B2,2974.0,Amp5,6.11
X-4484,HDAC1,3065.0,MutNovel,"Y237F,0.518"
X-4484,HLA-B,3106.0,MutNovel,"R194G,0.324"
X-4484,HLA-DRB1,3123.0,MutNovel,"T186I,0.750"
X-4484,HLA-G,3135.0,MutNovel,"F219S,0.917"
X-4484,HMGB1,3146.0,Amp5,7.06
X-4484,HNRNPA1L2,144983.0,Amp5,6.11
X-4484,HS6ST3,266722.0,Amp5,6.06
X-4484,HSPH1,10808.0,Amp5,7.06
X-4484,HTR2A,3356.0,Amp5,5.94
X-4484,HTT,3064.0,MutNovel,"P180S,0.667"
X-4484,IFT88,8100.0,Amp5,5.7
X-4484,IGSF9,57549.0,MutNovel,"R1035Q,0.284"
X-4484,IKBIP,121457.0,MutNovel,"K325I,0.556"
X-4484,IL17D,53342.0,Amp5,5.7
X-4484,ILVBL,10994.0,MutNovel,"F169S,0.393"
X-4484,INF2,64423.0,MutNovel,"P426S,0.706"
X-4484,ING1,3621.0,Amp5,6.06
X-4484,INTS6,26512.0,Amp5,6.11
X-4484,IPO5,3843.0,Amp5,6.06
X-4484,IPO7,10527.0,MutNovel,"H982D,0.661"
X-4484,IRS2,8660.0,Amp5,6.06
X-4484,ITGB6,3694.0,MutNovel,"G441W,0.426"
X-4484,ITGBL1,9358.0,Amp5,6.06
X-4484,ITM2B,9445.0,Amp5,5.94
X-4484,KATNAL1,84056.0,Amp5,7.06
X-4484,KBTBD6,89890.0,Amp5,7.21
X-4484,KBTBD7,84078.0,Amp5,7.21
X-4484,KCNRG,283518.0,Amp5,6.11
X-4484,KCTD12,115207.0,Amp5,6.02
X-4484,KCTD4,386618.0,Amp5,5.94
X-4484,KDELC1,79070.0,Amp5,6.06
X-4484,KIAA0226L,80183.0,Amp5,5.94
X-4484,KIAA0391,9692.0,MutNovel,"F46S,0.489"
X-4484,KIAA0564,23078.0,Amp5,5.94
X-4484,KIAA1704,55425.0,Amp5,5.94
X-4484,KL,9365.0,Amp5,7.06
X-4484,KLF12,11278.0,Amp5,6.02
X-4484,KLF5,688.0,Amp5,6.02
X-4484,KLHL1,57626.0,Amp5,6.45
X-4484,KPNA3,3839.0,Amp5,6.11
X-4484,KRAS,3845.0,MutKnownFunctional,"G12A,1.000"
X-4484,KREMEN1,83999.0,MutNovel,"Y125H,0.255"
X-4484,LACC1,144811.0,Amp5,5.94
X-4484,LAMB2,3913.0,MutNovel,"L1307R,0.541"
X-4484,LAMP1,3916.0,Amp5,6.06
X-4484,LATS2,26524.0,Amp5,5.7
X-4484,LCP1,3936.0,Amp5,5.94
X-4484,LECT1,11061.0,Amp5,6.11
X-4484,LEPRE1,64175.0,MutNovel,"C123S,0.545"
X-4484,LGALS9B,284194.0,MutNovel,"V184M,1.000"
X-4484,LGALS9C,654346.0,Del0.8,0.37
X-4484,LHFP,10186.0,Amp5,7.21
X-4484,LIG4,3981.0,Amp5,6.06
X-4484,LINC00282,283521.0,Amp5,6.11
X-4484,LINC00284,121838.0,Amp5,5.94
X-4484,LINC00327,100506697.0,Amp5,5.98
X-4484,LINC00346,283487.0,Amp5,6.06
X-4484,LINC00347,338864.0,Amp5,6.02
X-4484,LINC00410,144776.0,Amp5,6.06
X-4484,LINC00421,100287114.0,Amp5,5.7
X-4484,LINC00426,100188949.0,Amp5,7.06
X-4484,LINC00442,348021.0,Amp5,5.7
X-4484,LINC00460,728192.0,Amp5,6.06
X-4484,LMO7,4008.0,Amp5,6.02
X-4484,LNX2,222484.0,Amp5,7.06
X-4484,LOC100506394,100506394.0,Amp5,6.06
X-4484,LOC100507240,100507240.0,Amp5,5.94
X-4484,LOC100996317,,MutNovel,"E211K,1.000"
X-4484,LOC100996687,,MutNovel,"F319L,1.000"
X-4484,LOC100996687,,MutNovel,"I310L,1.000"
X-4484,LOC283481,283481.0,Amp5,6.06
X-4484,LOC440131,440131.0,Amp5,7.06
X-4484,LOC554223,554223.0,MutNovel,"T110A,1.000"
X-4484,LOC554223,554223.0,MutNovel,"A117G,1.000"
X-4484,LOC727924,727924.0,Del0.8,0.56
X-4484,LPAR1,1902.0,MutNovel,"R114Q,0.308"
X-4484,LPAR6,10161.0,Amp5,6.11
X-4484,LRCH1,23143.0,Amp5,5.94
X-4484,LSR,51599.0,MutNovel,"T379R,0.435"
X-4484,LSR,51599.0,MutNovel,"G518GR,0.842"
X-4484,MAGEA12,4111.0,Del0.8,0.77
X-4484,MAGEA2,4101.0,Del0.8,0.57
X-4484,MAGEA6,4105.0,Del0.8,0.57
X-4484,MALL,7851.0,MutNovel,"Y95H,0.445"
X-4484,MAML1,9794.0,MutNovel,"S384C,0.535"
X-4484,MAP4K5,11183.0,MutNovel,"I105T,0.570"
X-4484,2014-03-03 00:00:00,115123.0,MutNovel,"P236L,0.496"
X-4484,MAU2,23383.0,MutNovel,"AAAAQ6A,0.238"
X-4484,MBNL2,10150.0,Amp5,6.06
X-4484,MBOAT7,79143.0,MutNovel,"P461H,0.497"
X-4484,MCF2L,23263.0,Amp5,6.06
X-4484,MCF2L-AS1,100289410.0,Amp5,6.06
X-4484,MED24,9862.0,MutNovel,"D607N,0.386"
X-4484,MED4,29079.0,Amp5,5.94
X-4484,METTL21C,196541.0,Amp5,6.06
X-4484,MIPEP,4285.0,Amp5,5.98
X-4484,MIR1297,100302187.0,Amp5,6.11
X-4484,MIR16-1,406950.0,Amp5,6.11
X-4484,MIR17HG,407975.0,Amp5,6.06
X-4484,MIR19B1,406980.0,Amp5,6.06
X-4484,MIR2276,100313842.0,Amp5,5.98
X-4484,MIR2681,100616110.0,Amp5,6.06
X-4484,MIR3169,100422973.0,Amp5,6.06
X-4484,MIR3170,100422881.0,Amp5,6.06
X-4484,MIR320D1,100313896.0,Amp5,7.21
X-4484,MIR3613,100500908.0,Amp5,6.11
X-4484,MIR3665,100500861.0,Amp5,6.02
X-4484,MIR4305,100422940.0,Amp5,7.21
X-4484,MIR4306,100422861.0,Amp5,6.06
X-4484,MIR4499,100616304.0,Amp5,5.7
X-4484,MIR4500,100616182.0,Amp5,6.06
X-4484,MIR4500HG,642345.0,Amp5,6.06
X-4484,MIR4703,100616423.0,Amp5,6.11
X-4484,MIR4705,100616239.0,Amp5,6.06
X-4484,MIR548AN,100616144.0,Amp5,6.06
X-4484,MIR548F5,100302239.0,Amp5,7.06
X-4484,MIR621,693206.0,Amp5,7.21
X-4484,MIR622,693207.0,Amp5,6.06
X-4484,MIR623,693208.0,Amp5,6.06
X-4484,MIR759,100313778.0,Amp5,6.11
X-4484,MLNR,2862.0,Amp5,6.11
X-4484,MPHOSPH8,54737.0,Amp5,5.7
X-4484,MPRIP,23164.0,MutNovel,"TS178T,0.557"
X-4484,MPST,4357.0,MutNovel,"S164Y,0.299"
X-4484,MRP63,78988.0,Amp5,5.7
X-4484,MRPS31,10240.0,Amp5,7.21
X-4484,MTIF3,219402.0,Amp5,7.06
X-4484,MTMR6,9107.0,Amp5,5.98
X-4484,MTRF1,9617.0,Amp5,7.21
X-4484,MTUS2,23281.0,Amp5,7.06
X-4484,MUC12,10071.0,MutNovel,"T312I,0.571"
X-4484,MUC12,10071.0,MutNovel,"L324F,0.682"
X-4484,MUC12,10071.0,MutNovel,"S330L,0.737"
X-4484,MUC12,10071.0,MutNovel,"T340P,0.750"
X-4484,MUC12,10071.0,MutNovel,"R855H,0.667"
X-4484,MUC12,10071.0,MutNovel,"R1077C,0.375"
X-4484,MUC12,10071.0,MutNovel,"R1165P,0.571"
X-4484,MUC12,10071.0,MutNovel,"E1323K,0.333"
X-4484,MUC12,10071.0,MutNovel,"LG1735FS,0.300"
X-4484,MUC12,10071.0,MutNovel,"S1741L,0.333"
X-4484,MUC12,10071.0,MutNovel,"E1768G,0.500"
X-4484,MUC12,10071.0,MutNovel,"T1770M,0.484"
X-4484,MUC12,10071.0,MutNovel,"A2229R,0.375"
X-4484,MUC12,10071.0,MutNovel,"S3413N,0.333"
X-4484,MUC12,10071.0,MutNovel,"T4363I,0.636"
X-4484,MUC12,10071.0,MutNovel,"L4568F,0.800"
X-4484,MUC12,10071.0,MutNovel,"E4601G,0.818"
X-4484,MUC12,10071.0,MutNovel,"T4603M,0.731"
X-4484,MUC20,200958.0,MutNovel,"F12-,0.257"
X-4484,MUC20,200958.0,MutNovel,"TEI256T,0.312"
X-4484,MYCBP2,23077.0,Amp5,6.02
X-4484,MYO16,23026.0,Amp5,6.06
X-4484,MZT1,440145.0,Amp5,6.02
X-4484,N4BP2L1,90634.0,Amp5,7.06
X-4484,N4BP2L2,10443.0,Amp5,7.06
X-4484,N6AMT2,221143.0,Amp5,5.7
X-4484,NAA16,79612.0,Amp5,7.21
X-4484,NACC2,138151.0,MutNovel,"I506M,0.500"
X-4484,NALCN,259232.0,Amp5,6.06
X-4484,NBEA,26960.0,Amp5,7.06
X-4484,NBPF1,55672.0,MutNovel,"G986E,0.333"
X-4484,NCOR2,9612.0,MutNovel,"G1839GAAA,0.609"
X-4484,NDFIP2,54602.0,Amp5,6.02
X-4484,NEK3,4752.0,Amp5,6.11
X-4484,NEK5,341676.0,Amp5,6.11
X-4484,NF1P2,440225.0,Del0.8,0.78
X-4484,NHLRC3,387921.0,Amp5,7.21
X-4484,NHSL1,57224.0,MutNovel,"P1465R,0.495"
X-4484,NIT1,4817.0,MutNovel,"T2A,0.345"
X-4484,NKTR,4820.0,MutNovel,"S673N,0.315"
X-4484,NPAT,4863.0,MutNovel,"P235T,0.375"
X-4484,NUDT15,55270.0,Amp5,5.94
X-4484,NUFIP1,26747.0,Amp5,5.94
X-4484,NUPL1,9818.0,Amp5,5.98
X-4484,NXF1,10482.0,MutNovel,"L214V,0.423"
X-4484,OBP2A,29991.0,MutNovel,"F90Y,0.750"
X-4484,OLFM4,10562.0,Amp5,6.11
X-4484,OR4F5,79501.0,Del0.8,0.55
X-4484,OR4M2,390538.0,Del0.8,0.56
X-4484,OR4N3P,390539.0,Del0.8,0.56
X-4484,OR4N4,283694.0,Del0.8,0.56
X-4484,OR52N5,390075.0,Del0.8,0.6
X-4484,OR7E156P,283491.0,Amp5,6.06
X-4484,OR7E37P,100506759.0,Amp5,5.94
X-4484,ORAI1,84876.0,MutNovel,"PP43-,0.929"
X-4484,OXGR1,27199.0,Amp5,6.06
X-4484,PABPC3,5042.0,MutKnownFunctional,"-336,0.375"
X-4484,PABPC3,5042.0,Amp5,5.98
X-4484,PALB2,79728.0,MutNovel,"G998R,0.369"
X-4484,PAN3,255967.0,Amp5,7.06
X-4484,PAN3-AS1,100288730.0,Amp5,7.06
X-4484,PARP3,10039.0,MutNovel,"R137Q,1.000"
X-4484,PARP4,143.0,Amp5,5.98
X-4484,PCCA,5095.0,Amp5,6.06
X-4484,PCDH17,27253.0,Amp5,6.06
X-4484,PCDH20,64881.0,Amp5,6.06
X-4484,PCDH8,5100.0,Amp5,6.11
X-4484,PCID2,55795.0,Amp5,6.06
X-4484,PCM1,5108.0,MutNovel,"P1127S,0.549"
X-4484,PDS5B,23047.0,Amp5,7.06
X-4484,PDX1,3651.0,Amp5,7.06
X-4484,PEA15,8682.0,MutNovel,"R101C,0.493"
X-4484,PFKFB2,5208.0,MutNovel,"N451K,0.351"
X-4484,PHF11,51131.0,Amp5,6.11
X-4484,PIAS2,9063.0,MutNovel,"S165G,1.000"
X-4484,PIBF1,10464.0,Amp5,6.02
X-4484,PMVK,10654.0,MutKnownFunctional,"-190,0.530"
X-4484,POLR1D,51082.0,Amp5,7.06
X-4484,POM121,9883.0,MutNovel,"Y756H,0.458"
X-4484,POMP,51371.0,Amp5,7.06
X-4484,POSTN,10631.0,Amp5,7.06
X-4484,POTEB,339010.0,Del0.8,0.78
X-4484,POU4F1,5457.0,Amp5,6.02
X-4484,PPL,5493.0,MutNovel,"P1362T,0.298"
X-4484,PREB,10113.0,MutNovel,"V302G,0.413"
X-4484,PRH1-PRR4,100533464.0,Del0.8,0.76
X-4484,PRHOXNB,646625.0,Amp5,7.06
X-4484,PROSER1,80209.0,Amp5,7.21
X-4484,PROZ,8858.0,Amp5,6.06
X-4484,PRR20B,729233.0,Amp5,6.11
X-4484,PRSS56,646960.0,MutNovel,"P599A,1.000"
X-4484,PSPC1,55269.0,Amp5,5.7
X-4484,PWP2,5822.0,MutNovel,"T746A,0.503"
X-4484,RAB20,55647.0,Amp5,6.06
X-4484,RAI1,10743.0,MutNovel,"QQQQ278-,0.435"
X-4484,RAP2A,5911.0,Amp5,6.06
X-4484,RASA3,22821.0,Amp5,6.06
X-4484,RASL11A,387496.0,Amp5,7.06
X-4484,RBM26,64062.0,Amp5,6.02
X-4484,RBM26-AS1,100505538.0,Amp5,6.02
X-4484,RCBTB1,55213.0,Amp5,6.11
X-4484,RCBTB2,1102.0,Amp5,6.11
X-4484,REREP3,646396.0,Del0.8,0.56
X-4484,RFC3,5983.0,Amp5,7.06
X-4484,RFX3,5991.0,Del0.8,0.78
X-4484,RFXAP,5994.0,Amp5,7.06
X-4484,RNASEH2B,79621.0,Amp5,6.11
X-4484,RNF113B,140432.0,Amp5,6.06
X-4484,RNF169,254225.0,MutNovel,"P75S,1.000"
X-4484,RNF17,56163.0,Amp5,5.98
X-4484,RNF219,79596.0,Amp5,6.02
X-4484,RNF6,6049.0,Amp5,5.98
X-4484,RNF8,9025.0,MutNovel,"K445T,0.286"
X-4484,RPL21,6144.0,Amp5,7.06
X-4484,RTN4R,65078.0,MutNovel,"V214M,0.571"
X-4484,RXFP2,122042.0,Amp5,7.06
X-4484,SACS,26278.0,Amp5,5.98
X-4484,SAMD4B,55095.0,MutNovel,"R161Q,0.462"
X-4484,SAP18,10284.0,Amp5,5.7
X-4484,SCAF4,57466.0,MutNovel,"P217A,0.486"
X-4484,SCEL,8796.0,Amp5,6.02
X-4484,SERINC2,347735.0,MutNovel,"-373Q,0.734"
X-4484,SERP2,387923.0,Amp5,5.94
X-4484,SERPINE3,647174.0,Amp5,6.11
X-4484,SERTM1,400120.0,Amp5,7.06
X-4484,SETD2,29072.0,MutKnownFunctional,"R2040*,1.000"
X-4484,SETDB2,83852.0,Amp5,6.11
X-4484,SETMAR,6419.0,MutKnownFunctional,"-600?,0.453"
X-4484,SGCG,6445.0,Amp5,5.98
X-4484,SHISA2,387914.0,Amp5,5.98
X-4484,SHROOM4,57477.0,MutNovel,"K1129Q,1.000"
X-4484,SIAH3,283514.0,Amp5,5.94
X-4484,SKA3,221150.0,Amp5,5.7
X-4484,SLAIN1,122060.0,Amp5,6.02
X-4484,SLC10A2,6555.0,Amp5,6.06
X-4484,SLC15A1,6564.0,Amp5,6.06
X-4484,SLC25A15,10166.0,Amp5,7.21
X-4484,SLC25A30,253512.0,Amp5,5.94
X-4484,SLC46A3,283537.0,Amp5,7.06
X-4484,SLC7A1,6541.0,Amp5,7.06
X-4484,SLITRK1,114798.0,Amp5,6.06
X-4484,SLITRK5,26050.0,Amp5,6.06
X-4484,SLITRK6,84189.0,Amp5,6.06
X-4484,SMAD4,4089.0,MutKnownFunctional,"G489*,1.000"
X-4484,SMAD9,4093.0,Amp5,7.06
X-4484,SMARCB1,6598.0,MutNovel,"R316W,0.354"
X-4484,SMURF1,57154.0,MutNovel,"F669L,0.419"
X-4484,SNAPC4,6621.0,MutNovel,"S542-,0.205"
X-4484,SNORA27,619499.0,Amp5,7.06
X-4484,SNORA31,677814.0,Amp5,5.94
X-4484,SNORD102,26771.0,Amp5,7.06
X-4484,SOHLH2,54937.0,Amp5,7.06
X-4484,SOX1,6656.0,Amp5,6.06
X-4484,SOX21,11166.0,Amp5,6.06
X-4484,SOX4,6659.0,MutNovel,"GGGH163-,0.348"
X-4484,SPACA7,122258.0,Amp5,6.06
X-4484,SPATA13,221178.0,Amp5,5.98
X-4484,SPDYE2L,,MutNovel,"T320M,1.000"
X-4484,SPERT,220082.0,Amp5,5.94
X-4484,SPG20,23111.0,Amp5,7.06
X-4484,SPG20OS,100507135.0,Amp5,7.06
X-4484,SPRY2,10253.0,Amp5,6.15
X-4484,SPRYD7,57213.0,Amp5,6.11
X-4484,ST13P4,145165.0,Amp5,6.11
X-4484,STARD13,90627.0,Amp5,7.06
X-4484,STAT5A,6776.0,MutNovel,"L746F,0.420"
X-4484,STK24,8428.0,Amp5,6.06
X-4484,STOML3,161003.0,Amp5,7.21
X-4484,SUCLA2,8803.0,Amp5,5.94
X-4484,SUGT1,10910.0,Amp5,6.11
X-4484,SUGT1P3,283507.0,Amp5,7.21
X-4484,SUPT6H,6830.0,MutNovel,"S78L,0.395"
X-4484,TBC1D3B,414059.0,Del0.8,0.72
X-4484,TBC1D3C,414060.0,Del0.8,0.72
X-4484,TBC1D4,9882.0,Amp5,6.02
X-4484,TCF20,6942.0,MutNovel,"QH322H,0.342"
X-4484,TCP10L2,401285.0,MutNovel,"E277D,1.000"
X-4484,TDRD3,81550.0,Amp5,6.06
X-4484,TFDP1,7027.0,Amp5,6.06
X-4484,TGDS,23483.0,Amp5,6.06
X-4484,THSD1,55901.0,Amp5,6.11
X-4484,TICAM1,148022.0,MutNovel,"E705A,0.343"
X-4484,TM9SF2,9375.0,Amp5,6.06
X-4484,TMCO3,55002.0,Amp5,6.06
X-4484,TMEM231,79583.0,MutNovel,"T334M,0.412"
X-4484,TMTC4,84899.0,Amp5,6.06
X-4484,TNFRSF19,55504.0,Amp5,5.98
X-4484,TNFSF11,8600.0,Amp5,5.94
X-4484,TNFSF13B,10673.0,Amp5,6.06
X-4484,TNIK,23043.0,MutNovel,"T805M,0.500"
X-4484,TNPO1,3842.0,MutNovel,"L515V,0.425"
X-4484,TOMM7,54543.0,MutNovel,"A8D,0.443"
X-4484,TP53,7157.0,MutKnownFunctional,"R273C,0.995"
X-4484,TPP2,7174.0,Amp5,6.06
X-4484,TPT1,7178.0,Amp5,5.94
X-4484,TPTE2,93492.0,Amp5,5.7
X-4484,TPTE2P1,646405.0,Amp5,5.98
X-4484,TPTE2P3,220115.0,Amp5,6.11
X-4484,TPTE2P6,374491.0,Amp5,5.98
X-4484,TRIM13,10206.0,Amp5,6.11
X-4484,TRIM15,89870.0,MutNovel,"S324N,0.452"
X-4484,TRIM73,,MutKnownFunctional,"R163*,1.000"
X-4484,TRMT2A,27037.0,MutKnownFunctional,"-599?,0.598"
X-4484,TRPC4,7223.0,Amp5,7.06
X-4484,TSC22D1,8848.0,Amp5,5.94
X-4484,TSPAN15,23555.0,MutNovel,"I121S,0.487"
X-4484,TSPYL1,7259.0,MutNovel,"V176VW,0.414"
X-4484,TUBA3C,7278.0,Amp5,5.7
X-4484,TUBGCP3,10426.0,Amp5,6.06
X-4484,UBAC2,337867.0,Amp5,6.06
X-4484,UBAC2-AS1,100289373.0,Amp5,6.06
X-4484,UBL3,5412.0,Amp5,7.06
X-4484,UCHL3,7347.0,Amp5,6.02
X-4484,UFM1,51569.0,Amp5,7.06
X-4484,UGGT2,55757.0,Amp5,6.06
X-4484,UPF3A,65110.0,Amp5,6.06
X-4484,USP12,219333.0,Amp5,5.98
X-4484,USP32P2,220594.0,Del0.8,0.37
X-4484,USP36,57602.0,MutNovel,"KKK958K,0.216"
X-4484,USPL1,10208.0,Amp5,7.06
X-4484,UTP14C,9724.0,Amp5,6.11
X-4484,UTY,7404.0,MutNovel,"Q1050T,0.222"
X-4484,UTY,7404.0,MutNovel,"VE1042SK,0.300"
X-4484,UTY,7404.0,MutNovel,"M1041K,0.300"
X-4484,UTY,7404.0,MutNovel,"N1038I,0.300"
X-4484,UTY,7404.0,MutKnownFunctional,"LK1021**,0.375"
X-4484,UTY,7404.0,MutNovel,"V1013R,0.500"
X-4484,UTY,7404.0,MutNovel,"PK1007HQ,0.333"
X-4484,UTY,7404.0,MutNovel,"N1006P,0.333"
X-4484,UTY,7404.0,MutNovel,"CT1004YL,0.467"
X-4484,UTY,7404.0,MutNovel,"FC1003TS,0.467"
X-4484,UTY,7404.0,MutNovel,"RQ587LV,0.212"
X-4484,UTY,7404.0,MutNovel,"S585F,0.207"
X-4484,UTY,7404.0,MutNovel,"T518L,0.348"
X-4484,UTY,7404.0,MutKnownFunctional,"I369*,0.514"
X-4484,UTY,7404.0,MutNovel,"W352R,0.364"
X-4484,UTY,7404.0,MutNovel,"A351E,0.429"
X-4484,UTY,7404.0,MutKnownFunctional,"AA349A*,0.412"
X-4484,UTY,7404.0,MutNovel,"HA348QT,0.333"
X-4484,UTY,7404.0,MutNovel,"H348P,0.429"
X-4484,UTY,7404.0,MutNovel,"M332K,0.667"
X-4484,UTY,7404.0,MutNovel,"N329L,0.500"
X-4484,UTY,7404.0,MutNovel,"YQ325TK,0.571"
X-4484,UTY,7404.0,MutNovel,"L324D,0.600"
X-4484,UTY,7404.0,MutNovel,"V323W,0.667"
X-4484,UTY,7404.0,MutNovel,"G322D,0.750"
X-4484,UTY,7404.0,MutNovel,"IG321SN,0.750"
X-4484,UTY,7404.0,MutNovel,"S320T,0.455"
X-4484,UTY,7404.0,MutKnownFunctional,"CS319*T,0.455"
X-4484,UTY,7404.0,MutKnownFunctional,"C319*,0.455"
X-4484,UTY,7404.0,MutKnownFunctional,"C319*,0.455"
X-4484,UTY,7404.0,MutNovel,"T317S,0.727"
X-4484,UTY,7404.0,MutNovel,"DT316ES,0.727"
X-4484,UTY,7404.0,MutNovel,"D316G,0.364"
X-4484,UTY,7404.0,MutNovel,"S314N,0.667"
X-4484,UTY,7404.0,MutNovel,"S314H,0.667"
X-4484,UTY,7404.0,MutNovel,"E312S,0.667"
X-4484,UTY,7404.0,MutNovel,"KS310RK,0.667"
X-4484,UTY,7404.0,MutKnownFunctional,"K310*,0.667"
X-4484,UTY,7404.0,MutKnownFunctional,"DK309S*,0.667"
X-4484,UTY,7404.0,MutNovel,"Q306R,0.333"
X-4484,UTY,7404.0,MutNovel,"RQ305SK,0.444"
X-4484,UTY,7404.0,MutKnownFunctional,"SY303*D,0.333"
X-4484,UTY,7404.0,MutNovel,"SI293RN,0.500"
X-4484,UTY,7404.0,MutNovel,"SS292KG,0.500"
X-4484,UTY,7404.0,MutNovel,"Y291L,0.500"
X-4484,UTY,7404.0,MutNovel,"GR288EQ,0.600"
X-4484,UTY,7404.0,MutNovel,"LG287HR,0.400"
X-4484,UTY,7404.0,MutKnownFunctional,"F286*,0.300"
X-4484,UTY,7404.0,MutNovel,"Y285N,0.250"
X-4484,UTY,7404.0,MutNovel,"I267M,0.400"
X-4484,UTY,7404.0,MutNovel,"I267G,0.400"
X-4484,UTY,7404.0,MutNovel,"A266V,0.400"
X-4484,UTY,7404.0,MutNovel,"S264R,0.250"
X-4484,UTY,7404.0,MutNovel,"S264I,0.250"
X-4484,UTY,7404.0,MutNovel,"T261S,0.300"
X-4484,UTY,7404.0,MutNovel,"H250R,0.286"
X-4484,UTY,7404.0,MutKnownFunctional,"FK174L*,0.217"
X-4484,UTY,7404.0,MutNovel,"G171V,0.400"
X-4484,UTY,7404.0,MutNovel,"G171M,0.400"
X-4484,UTY,7404.0,MutNovel,"R169V,0.263"
X-4484,UTY,7404.0,MutNovel,"AK163VV,0.357"
X-4484,UTY,7404.0,MutNovel,"A163P,0.467"
X-4484,UTY,7404.0,MutNovel,"RA162HP,0.467"
X-4484,UTY,7404.0,MutNovel,"C161A,0.385"
X-4484,UTY,7404.0,MutNovel,"F160L,0.400"
X-4484,UTY,7404.0,MutNovel,"SF159IL,0.400"
X-4484,UTY,7404.0,MutNovel,"P158L,0.400"
X-4484,UTY,7404.0,MutNovel,"D157N,0.444"
X-4484,UTY,7404.0,MutNovel,"Y155C,0.364"
X-4484,UTY,7404.0,MutNovel,"Q151H,0.273"
X-4484,UTY,7404.0,MutNovel,"Q151K,0.273"
X-4484,UTY,7404.0,MutNovel,"Q151K,0.273"
X-4484,UTY,7404.0,MutNovel,"F150S,0.364"
X-4484,UTY,7404.0,MutNovel,"F150T,0.364"
X-4484,UTY,7404.0,MutNovel,"F150I,0.300"
X-4484,UTY,7404.0,MutNovel,"W145R,0.286"
X-4484,UTY,7404.0,MutNovel,"E89Q,0.250"
X-4484,UTY,7404.0,MutNovel,"K87W,0.333"
X-4484,UTY,7404.0,MutKnownFunctional,"YE77*P,0.667"
X-4484,UTY,7404.0,MutNovel,"C76F,0.800"
X-4484,UTY,7404.0,MutNovel,"VR74GG,0.800"
X-4484,UTY,7404.0,MutNovel,"G71D,0.600"
X-4484,UTY,7404.0,MutNovel,"TV39CF,0.500"
X-4484,UTY,7404.0,MutNovel,"L38C,0.467"
X-4484,UTY,7404.0,MutNovel,"S37I,0.533"
X-4484,UTY,7404.0,MutNovel,"S35L,0.500"
X-4484,UTY,7404.0,MutNovel,"EE32AW,0.438"
X-4484,UTY,7404.0,MutKnownFunctional,"SE31R*,0.286"
X-4484,UTY,7404.0,MutNovel,"S31R,0.333"
X-4484,UTY,7404.0,MutNovel,"E30V,0.267"
X-4484,UTY,7404.0,MutNovel,"R29C,0.267"
X-4484,VPS28,51160.0,MutNovel,"A30S,0.300"
X-4484,VPS36,51028.0,Amp5,6.11
X-4484,WASF3,10810.0,Amp5,5.98
X-4484,WBP4,11193.0,Amp5,7.21
X-4484,WDFY2,115825.0,Amp5,6.11
X-4484,WIBG,84305.0,MutNovel,"G35R,0.519"
X-4484,WIZ,58525.0,MutNovel,"L720V,0.639"
X-4484,WNK1,65125.0,Del0.8,0.47
X-4484,XPO4,64328.0,Amp5,5.7
X-4484,ZAR1L,646799.0,Amp5,7.06
X-4484,ZC3H11A,9877.0,MutNovel,"V353G,0.512"
X-4484,ZC3H13,23091.0,Amp5,5.94
X-4484,ZDHHC20,253832.0,Amp5,6.02
X-4484,ZFYVE27,118813.0,MutNovel,"R369W,0.510"
X-4484,ZIC2,7546.0,Amp5,6.06
X-4484,ZIC5,85416.0,Amp5,6.06
X-4484,ZMYM2,7750.0,Amp5,5.7
X-4484,ZMYM5,9205.0,Amp5,5.7
X-4484,ZNF219,51222.0,MutNovel,"QPP233P,0.320"
X-4484,ZNF384,171017.0,MutNovel,"QQ514Q,0.500"
X-4484,ZNF385C,201181.0,MutNovel,"R24W,0.444"
X-4484,ZNF503,84858.0,MutNovel,"D154H,0.379"
X-4484,ZNF577,84765.0,MutNovel,"G182R,0.865"
X-4484,ZNF611,81856.0,MutNovel,"E4V,0.308"
X-4484,ZNF672,79894.0,MutNovel,"S22R,0.447"
X-4484,ZNF791,163049.0,MutNovel,"K354N,0.300"
X-4484,ZNF878,729747.0,MutKnownFunctional,"K243*,0.800"
X-4484,ZSWIM5,57643.0,MutNovel,"P142S,0.600"
X-5238,ALDH1B1,219.0,MutKnownFunctional,"-387,0.335"
X-5238,AMELY,266.0,Del0.8,0.22
X-5238,ANKRD36,375248.0,MutNovel,"T998S,0.206"
X-5238,APC,324.0,MutKnownFunctional,"-1373,0.309"
X-5238,APC,324.0,MutKnownFunctional,"-1556,0.592"
X-5238,ARVCF,421.0,MutNovel,"L809V,0.635"
X-5238,ASPM,259266.0,MutNovel,"H2513L,0.505"
X-5238,ATF7IP,55729.0,MutNovel,"N305S,0.492"
X-5238,ATP2B4,493.0,MutNovel,"R1095Q,0.551"
X-5238,ATP6V1F,9296.0,MutNovel,"P73L,0.857"
X-5238,ATP8A1,10396.0,MutNovel,"F755L,0.494"
X-5238,B3GNT3,10331.0,MutNovel,"F222L,0.407"
X-5238,BCOR,54880.0,MutNovel,"S1290Y,1.000"
X-5238,BCORP1,286554.0,Del0.8,0.22
X-5238,BLOC1S3,388552.0,MutNovel,"V160L,0.500"
X-5238,BPY2B,442867.0,Del0.8,0.22
X-5238,BPY2B,442867.0,Del0.8,0.22
X-5238,BRAF,673.0,MutKnownFunctional,"V600E,0.686"
X-5238,BRD7,29117.0,MutNovel,"V131I,0.488"
X-5238,C10orf2,56652.0,MutNovel,"R341C,0.409"
X-5238,C11orf24,53838.0,MutNovel,"P307R,0.402"
X-5238,C14orf38,729665.0,MutNovel,"I438V,1.000"
X-5238,C18orf56,494514.0,MutNovel,"R67G,0.990"
X-5238,C19orf33,64073.0,MutNovel,"K100-,0.270"
X-5238,C21orf58,54058.0,MutNovel,"H299PN,0.750"
X-5238,C4orf21,55345.0,MutKnownFunctional,"-581,0.278"
X-5238,CAPN12,147968.0,MutNovel,"R250H,0.769"
X-5238,CCDC74A,90557.0,MutNovel,"A227D,0.389"
X-5238,CCP110,9738.0,MutNovel,"K597I,0.571"
X-5238,CDY1B,253175.0,Del0.8,0.22
X-5238,CDY1B,253175.0,Del0.8,0.22
X-5238,CDY2A,9426.0,Del0.8,0.22
X-5238,CDY2A,9426.0,Del0.8,0.22
X-5238,CDY2B,203611.0,Del0.8,0.22
X-5238,CDY2B,203611.0,Del0.8,0.22
X-5238,CELSR3,1951.0,MutKnownFunctional,"R1229*,0.222"
X-5238,CIC,23152.0,MutNovel,"S362I,0.509"
X-5238,CKMT1A,548596.0,MutNovel,"R7C,0.300"
X-5238,CNTROB,116840.0,MutNovel,"R131W,0.505"
X-5238,CRIPAK,285464.0,MutNovel,"D163L,0.333"
X-5238,CSPG4P1Y,114758.0,Del0.8,0.22
X-5238,CSPG4P1Y,114758.0,Del0.8,0.22
X-5238,CTSA,5476.0,MutNovel,"L29-,0.914"
X-5238,CYB5R1,51706.0,MutNovel,"R196Q,0.504"
X-5238,CYBA,1535.0,MutNovel,"V92I,0.443"
X-5238,DAZ1,1617.0,Del0.8,0.22
X-5238,DAZ2,57055.0,Del0.8,0.22
X-5238,DAZ3,57054.0,Del0.8,0.22
X-5238,DAZ3,57054.0,Del0.8,0.22
X-5238,DAZ4,57135.0,Del0.8,0.22
X-5238,DAZ4,57135.0,Del0.8,0.22
X-5238,DDB1,1642.0,MutNovel,"G406D,0.510"
X-5238,DDX3Y,8653.0,Del0.8,0.22
X-5238,DEM1,64789.0,MutKnownFunctional,"-344?,0.654"
X-5238,DMBT1,1755.0,MutNovel,"P357S,0.453"
X-5238,DMBT1,1755.0,MutNovel,"P856Y,0.905"
X-5238,DMBT1,1755.0,MutNovel,"E1246K,0.353"
X-5238,DMBT1,1755.0,MutNovel,"E1375K,0.333"
X-5238,DMBT1,1755.0,MutNovel,"H1732S,0.260"
X-5238,DOK1,1796.0,MutNovel,"F119V,0.534"
X-5238,DSP,1832.0,MutNovel,"R1558L,0.996"
X-5238,DUSP28,285193.0,MutNovel,"PRAPGVAEL58P,0.263"
X-5238,EEA1,8411.0,MutNovel,"C1134R,0.505"
X-5238,EHD2,30846.0,MutNovel,"A542T,0.462"
X-5238,EIF1AY,9086.0,Del0.8,0.22
X-5238,EIF4EBP2,1979.0,MutNovel,"FS43F,0.361"
X-5238,EME2,197342.0,MutKnownFunctional,"-54,0.590"
X-5238,EPM2A,7957.0,MutKnownFunctional,"R241*,0.333"
X-5238,EXOSC4,54512.0,MutNovel,"Q10H,0.483"
X-5238,FAM106A,80039.0,Del0.8,0.74
X-5238,FAM117A,81558.0,MutNovel,"R187W,0.900"
X-5238,FAM197Y2P,252946.0,Del0.8,0.22
X-5238,FAM41AY1,340618.0,Del0.8,0.22
X-5238,FAM41AY1,340618.0,Del0.8,0.22
X-5238,FAM86A,196483.0,MutNovel,"G135S,0.481"
X-5238,FCGBP,8857.0,MutNovel,"V4469I,0.412"
X-5238,FCGBP,8857.0,MutNovel,"V3268I,0.262"
X-5238,FCGBP,8857.0,MutNovel,"G3264S,0.317"
X-5238,FCGBP,8857.0,MutNovel,"T2976A,0.750"
X-5238,FIG4,9896.0,MutNovel,"V95I,0.443"
X-5238,FLYWCH1,84256.0,MutNovel,"D481N,0.556"
X-5238,FOXJ2,55810.0,MutNovel,"V480M,0.535"
X-5238,FOXQ1,94234.0,MutNovel,"A332T,0.750"
X-5238,G0S2,50486.0,MutNovel,"L75F,0.333"
X-5238,GABRA4,2557.0,MutNovel,"Q378L,1.000"
X-5238,GJD3,125111.0,MutNovel,"H175Y,0.235"
X-5238,GNB2,2783.0,MutNovel,"A193S,0.633"
X-5238,GOLGA2P2Y,84559.0,Del0.8,0.22
X-5238,GOLGA2P2Y,84559.0,Del0.8,0.22
X-5238,GPRIN2,9721.0,MutNovel,"-238MRE,0.556"
X-5238,GYG2P1,352887.0,Del0.8,0.22
X-5238,HLA-DRB1,3123.0,Amp5,5.24
X-5238,HLA-DRB6,3128.0,Amp5,5.24
X-5238,HLA-F,3134.0,MutNovel,"R152S,1.000"
X-5238,HLA-F,3134.0,MutNovel,"V160A,1.000"
X-5238,HLA-F,3134.0,MutNovel,"E184Q,1.000"
X-5238,HLA-G,3135.0,MutNovel,"V36M,1.000"
X-5238,HLA-G,3135.0,MutNovel,"Y140L,1.000"
X-5238,HLA-G,3135.0,MutNovel,"T187P,1.000"
X-5238,HLA-G,3135.0,MutNovel,"G231S,1.000"
X-5238,HLA-G,3135.0,MutNovel,"A270S,0.800"
X-5238,HLA-G,3135.0,MutNovel,"E277Q,1.000"
X-5238,HMHA1,23526.0,MutNovel,"R722Q,0.557"
X-5238,HS6ST1,9394.0,MutNovel,"APGGRAPPD44D,0.500"
X-5238,HSFY2,159119.0,Del0.8,0.22
X-5238,HSFY2,159119.0,Del0.8,0.22
X-5238,IKBIP,121457.0,MutNovel,"G184D,0.407"
X-5238,ITGB1BP2,26548.0,MutNovel,"M61V,1.000"
X-5238,KAT8,84148.0,MutNovel,"P36A,0.462"
X-5238,KDM5D,8284.0,Del0.8,0.22
X-5238,KIAA1199,57214.0,MutNovel,"VK1356V,0.435"
X-5238,KIF20B,9585.0,MutNovel,"L1062LKV,0.497"
X-5238,LGALS9B,284194.0,MutNovel,"V184M,1.000"
X-5238,LGALS9C,654346.0,Del0.8,0.74
X-5238,LOC100132247,100132247.0,MutNovel,"A1031V,0.571"
X-5238,LOC100996276,,MutNovel,"D4H,1.000"
X-5238,LOC100996481,,MutNovel,"Y287C,1.000"
X-5238,LOC100996528,,MutNovel,"F176S,0.400"
X-5238,LOC554223,554223.0,MutNovel,"T110A,0.750"
X-5238,LOC554223,554223.0,MutNovel,"V175E,0.600"
X-5238,LRR1,122769.0,MutNovel,"L312F,0.444"
X-5238,LSR,51599.0,MutNovel,"G518GR,0.390"
X-5238,LTBP1,4052.0,MutNovel,"G1325R,0.535"
X-5238,MAP3K4,4216.0,MutNovel,"PA1189P,0.643"
X-5238,MATR3,9782.0,MutNovel,"G601D,0.667"
X-5238,MCM4,4173.0,MutNovel,"P325L,0.489"
X-5238,MEF2A,4205.0,MutNovel,"QQ412-,0.360"
X-5238,MET,4233.0,MutNovel,"E168D,0.353"
X-5238,MFSD12,126321.0,MutNovel,"S144T,0.506"
X-5238,MICAL3,57553.0,MutNovel,"H696R,0.471"
X-5238,MICALL1,85377.0,MutNovel,"G665S,0.383"
X-5238,MMP1,4312.0,MutNovel,"T122S,0.923"
X-5238,MPRIP,23164.0,MutNovel,"TS178T,0.319"
X-5238,MRPL38,64978.0,MutNovel,"R17Q,0.995"
X-5238,MSH6,2956.0,MutNovel,"R1095H,0.439"
X-5238,MUC12,10071.0,MutNovel,"T312I,0.300"
X-5238,MUC12,10071.0,MutNovel,"L324F,0.308"
X-5238,MUC12,10071.0,MutNovel,"S330L,0.400"
X-5238,MUC12,10071.0,MutNovel,"T340P,0.444"
X-5238,MUC12,10071.0,MutNovel,"R855H,1.000"
X-5238,MUC12,10071.0,MutNovel,"E1323K,0.571"
X-5238,MUC12,10071.0,MutNovel,"S1741L,1.000"
X-5238,MUC12,10071.0,MutNovel,"A2912T,0.500"
X-5238,MUC12,10071.0,MutNovel,"P3395T,0.333"
X-5238,MUC12,10071.0,MutNovel,"T4363I,0.389"
X-5238,MUC12,10071.0,MutNovel,"T4391P,0.778"
X-5238,MUC12,10071.0,MutNovel,"S4496N,0.625"
X-5238,MUC12,10071.0,MutNovel,"L4568F,0.789"
X-5238,MUC12,10071.0,MutNovel,"E4601G,0.226"
X-5238,MUC12,10071.0,MutNovel,"T4603M,0.235"
X-5238,MUC17,140453.0,MutNovel,"S861T,0.319"
X-5238,MUC17,140453.0,MutNovel,"V1540D,0.306"
X-5238,MUC17,140453.0,MutNovel,"T1686A,0.420"
X-5238,MUC4,4585.0,MutNovel,"A3785V,1.000"
X-5238,MUC4,4585.0,MutNovel,"Y981D,1.000"
X-5238,NAV2,89797.0,MutNovel,"L1672P,1.000"
X-5238,NBPF12,,MutNovel,"C482W,0.611"
X-5238,NCOR2,9612.0,MutNovel,"G1839GAAA,0.611"
X-5238,NCR3LG1,,MutNovel,"E363K,0.611"
X-5238,NCRNA00185,55410.0,Del0.8,0.22
X-5238,NFAT5,10725.0,MutNovel,"P875Q,0.549"
X-5238,NLGN4Y,22829.0,Del0.8,0.22
X-5238,NPIPL2,,MutKnownFunctional,"-348,0.750"
X-5238,NR1H2,7376.0,MutNovel,"-173Q,0.412"
X-5238,NUPL2,11097.0,MutNovel,"N236D,0.327"
X-5238,ORAI1,84876.0,MutNovel,"PP43-,0.800"
X-5238,OSGEPL1,64172.0,MutKnownFunctional,"-378?,0.324"
X-5238,PABPC3,5042.0,MutKnownFunctional,"-299,0.857"
X-5238,PCDH11Y,83259.0,Del0.8,0.37
X-5238,PCDHGA4,56111.0,MutNovel,"V255I,0.750"
X-5238,PCDHGA6,56109.0,MutNovel,"R607C,1.000"
X-5238,PCSK9,255738.0,MutNovel,"-15L,0.237"
X-5238,PDE6D,5147.0,MutNovel,"T124I,0.467"
X-5238,PFKFB3,5209.0,MutNovel,"D157E,0.503"
X-5238,PHIP,55023.0,MutNovel,"G353R,0.367"
X-5238,PHLDA1,22822.0,MutNovel,"QQ194Q,0.582"
X-5238,PIK3CA,5290.0,MutLikelyFunctional,"G118D,0.967"
X-5238,PIK3CA,5290.0,MutNovel,"D350G,1.000"
X-5238,PIK3CA,5290.0,MutNovel,"N1044K,1.000"
X-5238,PISD,23761.0,MutNovel,"R301Q,0.495"
X-5238,PKD1,5310.0,MutNovel,"G1640S,0.571"
X-5238,PKN1,5585.0,MutNovel,"G409V,0.485"
X-5238,PLEKHF1,79156.0,MutKnownFunctional,"E39*,1.000"
X-5238,PLEKHM1,9842.0,MutNovel,"P531S,0.603"
X-5238,PLXNA1,5361.0,MutNovel,"T1640M,0.462"
X-5238,PPIP5K2,23262.0,MutNovel,"A754S,0.286"
X-5238,PPP1R10,5514.0,MutNovel,"PGGP631P,0.935"
X-5238,PRKY,5616.0,Del0.8,0.22
X-5238,PRSS1,5644.0,MutNovel,"L14V,0.208"
X-5238,PRSS1,5644.0,MutNovel,"N29I,0.211"
X-5238,PRY,9081.0,Del0.8,0.22
X-5238,PRY,9081.0,Del0.8,0.22
X-5238,PRY2,442862.0,Del0.8,0.22
X-5238,PRY2,442862.0,Del0.8,0.22
X-5238,RBBP8,5932.0,MutNovel,"T315S,0.512"
X-5238,RBMY1A3P,286557.0,Del0.8,0.22
X-5238,RBMY1B,378948.0,Del0.8,0.22
X-5238,RBMY1B,378948.0,Del0.8,0.22
X-5238,RBMY1E,378950.0,Del0.8,0.22
X-5238,RBMY1E,378950.0,Del0.8,0.22
X-5238,RBMY1F,159163.0,Del0.8,0.22
X-5238,RBMY1F,159163.0,Del0.8,0.22
X-5238,RBMY1J,378951.0,Del0.8,0.22
X-5238,RBMY1J,378951.0,Del0.8,0.22
X-5238,RBMY2EP,159125.0,Del0.8,0.22
X-5238,RBMY2FP,159162.0,Del0.8,0.22
X-5238,RBMY3AP,64593.0,Del0.8,0.22
X-5238,RIN3,79890.0,MutNovel,"G967-,0.549"
X-5238,RPS4Y1,6192.0,Del0.8,0.37
X-5238,RPS4Y2,140032.0,Del0.8,0.22
X-5238,SCAMP1,9522.0,MutNovel,"S138Y,0.707"
X-5238,SENP1,29843.0,MutNovel,"L524V,0.424"
X-5238,SERINC2,347735.0,MutNovel,"-373Q,0.754"
X-5238,SGTA,6449.0,MutNovel,"D269N,0.480"
X-5238,SLC25A37,51312.0,Del0.8,0.72
X-5238,SLC26A11,284129.0,MutNovel,"L235F,0.381"
X-5238,SLC28A2,9153.0,MutKnownFunctional,"-129?,0.316"
X-5238,SLC35E2,9906.0,MutNovel,"V232I,0.350"
X-5238,SMAD4,4089.0,MutKnownFunctional,"Q534*,0.986"
X-5238,SPG11,80208.0,MutNovel,"L2193V,0.493"
X-5238,SRY,6736.0,Del0.8,0.37
X-5238,STX8,9482.0,MutNovel,"L40I,0.464"
X-5238,TAPT1,202018.0,MutNovel,"L263V,0.439"
X-5238,TBL1Y,90665.0,Del0.8,0.22
X-5238,TBP,6908.0,MutNovel,"-64Q,0.355"
X-5238,TEX264,51368.0,MutNovel,"T299A,0.416"
X-5238,TGIF2LY,90655.0,Del0.8,0.37
X-5238,TLCD2,727910.0,MutNovel,"Q65E,0.533"
X-5238,TLK2,11011.0,MutNovel,"R262Q,0.230"
X-5238,TMEM132B,114795.0,MutNovel,"T656A,1.000"
X-5238,TMEM184A,202915.0,MutNovel,"G392GA,0.231"
X-5238,TMSB4Y,9087.0,Del0.8,0.22
X-5238,TNS3,64759.0,MutNovel,"G394S,0.388"
X-5238,TOR4A,,MutNovel,"Q146P,0.450"
X-5238,TSPY1,7258.0,Del0.8,0.22
X-5238,TSPY10,,MutNovel,"D277C,1.000"
X-5238,TSPY10,,MutNovel,"LC276PV,1.000"
X-5238,TSPY10,,MutNovel,"CK277WA,1.000"
X-5238,TSPY10,,MutNovel,"D279H,1.000"
X-5238,TSPY10,,MutNovel,"LW280PP,1.000"
X-5238,TSPY10,,MutNovel,"WR281CA,1.000"
X-5238,TSPY10,,MutNovel,"N283I,1.000"
X-5238,TSPY10,,MutNovel,"LQ285QE,0.667"
X-5238,TSPY10,,MutNovel,"P293G,0.750"
X-5238,TSPY10,,MutNovel,"PE294NK,0.750"
X-5238,TSPY10,,MutNovel,"E295G,0.750"
X-5238,TSPY10,,MutNovel,"GT297VA,0.750"
X-5238,TSPY10,,MutNovel,"TS300LP,0.750"
X-5238,TSPY10,,MutNovel,"G302V,0.750"
X-5238,TSPY2,64591.0,Del0.8,0.22
X-5238,TSPY3,728137.0,Del0.8,0.22
X-5238,TSPY4,728395.0,Del0.8,0.22
X-5238,TSPY8,728403.0,Del0.8,0.22
X-5238,TTC21B,79809.0,MutNovel,"K810E,0.625"
X-5238,TTTY10,246119.0,Del0.8,0.22
X-5238,TTTY11,83866.0,Del0.8,0.22
X-5238,TTTY12,83867.0,Del0.8,0.22
X-5238,TTTY13,83868.0,Del0.8,0.22
X-5238,TTTY14,83869.0,Del0.8,0.22
X-5238,TTTY15,64595.0,Del0.8,0.22
X-5238,TTTY16,252948.0,Del0.8,0.22
X-5238,TTTY17A,252949.0,Del0.8,0.22
X-5238,TTTY17A,252949.0,Del0.8,0.22
X-5238,TTTY18,252950.0,Del0.8,0.22
X-5238,TTTY19,252952.0,Del0.8,0.22
X-5238,TTTY1B,100101116.0,Del0.8,0.22
X-5238,TTTY1B,100101116.0,Del0.8,0.22
X-5238,TTTY2,60439.0,Del0.8,0.22
X-5238,TTTY2,60439.0,Del0.8,0.22
X-5238,TTTY20,252951.0,Del0.8,0.22
X-5238,TTTY21,252953.0,Del0.8,0.22
X-5238,TTTY21,252953.0,Del0.8,0.22
X-5238,TTTY22,252954.0,Del0.8,0.22
X-5238,TTTY23,252955.0,Del0.8,0.22
X-5238,TTTY23,252955.0,Del0.8,0.22
X-5238,TTTY3,114760.0,Del0.8,0.22
X-5238,TTTY3,114760.0,Del0.8,0.22
X-5238,TTTY4,114761.0,Del0.8,0.22
X-5238,TTTY4,114761.0,Del0.8,0.22
X-5238,TTTY5,83863.0,Del0.8,0.22
X-5238,TTTY6,84672.0,Del0.8,0.22
X-5238,TTTY6,84672.0,Del0.8,0.22
X-5238,TTTY7,246122.0,Del0.8,0.22
X-5238,TTTY7,246122.0,Del0.8,0.22
X-5238,TTTY7B,100101120.0,Del0.8,0.22
X-5238,TTTY7B,100101120.0,Del0.8,0.22
X-5238,TTTY8,84673.0,Del0.8,0.22
X-5238,TTTY8,84673.0,Del0.8,0.22
X-5238,TTTY9A,83864.0,Del0.8,0.22
X-5238,TTTY9A,83864.0,Del0.8,0.22
X-5238,TXLNG2P,246126.0,Del0.8,0.22
X-5238,UBN2,254048.0,MutNovel,"S723L,0.258"
X-5238,UBR4,23352.0,MutNovel,"ED4467D,0.214"
X-5238,UNC13A,23025.0,MutNovel,"E1060Q,1.000"
X-5238,UPK3B,80761.0,MutNovel,"V125I,0.261"
X-5238,USP32P2,220594.0,Del0.8,0.74
X-5238,USP36,57602.0,MutNovel,"KKK958K,0.734"
X-5238,USP9Y,8287.0,Del0.8,0.22
X-5238,UTY,7404.0,Del0.8,0.22
X-5238,VCY,9084.0,Del0.8,0.22
X-5238,VCY,9084.0,Del0.8,0.22
X-5238,VEGFB,7423.0,MutNovel,"R44C,0.385"
X-5238,VMP1,81671.0,MutNovel,"F379S,0.481"
X-5238,VPS13C,54832.0,MutNovel,"M2999T,0.597"
X-5238,WBP5,51186.0,MutKnownFunctional,"L65*,0.995"
X-5238,XKRY2,353515.0,Del0.8,0.22
X-5238,XKRY2,353515.0,Del0.8,0.22
X-5238,ZDHHC11,79844.0,MutNovel,"A303D,0.900"
X-5238,ZFHX3,463.0,MutNovel,"C1093G,0.464"
X-5238,ZFPM1,161882.0,MutNovel,"VK202V,0.468"
X-5238,ZFY,7544.0,Del0.8,0.37
X-5238,ZNF384,171017.0,MutNovel,"QQ514Q,0.366"
X-5238,ZNF429,353088.0,MutKnownFunctional,"-527,0.269"
X-5238,ZNF439,90594.0,MutNovel,"K361R,1.000"
X-5238,ZNF439,90594.0,MutNovel,"R371T,1.000"
X-5238,ZNF563,147837.0,MutNovel,"G175R,0.321"
X-5238,ZNF844,284391.0,MutNovel,"C342R,0.514"
X-5254,ABCB10,23456.0,MutNovel,"L84P,0.556"
X-5254,ABCF1,23.0,MutNovel,"R525Q,0.485"
X-5254,ACR,49.0,MutNovel,"G217E,1.000"
X-5254,ADAM3A,1587.0,Del0.8,0.21
X-5254,ADAM5P,255926.0,Del0.8,0.52
X-5254,ADIPOR2,79602.0,Amp5,6.5
X-5254,ADNP2,22850.0,Del0.8,0.8
X-5254,AGRN,375790.0,MutNovel,"R4P,0.815"
X-5254,AGRN,375790.0,MutNovel,"T267M,0.246"
X-5254,AHR,196.0,MutNovel,"P669L,0.270"
X-5254,AKAP12,9590.0,MutNovel,"T1167K,0.500"
X-5254,AKAP3,10566.0,Amp8,9.13
X-5254,AKTIP,64400.0,Amp5,6.28
X-5254,ALPI,248.0,MutNovel,"R299L,0.286"
X-5254,ALPK2,115701.0,Del0.8,0.74
X-5254,ANKRD11,29123.0,MutNovel,"T1214I,0.258"
X-5254,ANKRD36,375248.0,MutNovel,"T998S,0.250"
X-5254,AP2A2,161.0,MutNovel,"R585W,0.318"
X-5254,APC,324.0,MutNovel,"G1116D,0.786"
X-5254,ARFGEF2,10564.0,MutNovel,"R1306Q,0.217"
X-5254,ARHGEF1,9138.0,MutNovel,"R316Q,0.762"
X-5254,ARMCX4,100131755.0,MutNovel,"A504T,1.000"
X-5254,ARMCX4,100131755.0,MutNovel,"G1583A,1.000"
X-5254,ASMTL,8623.0,MutNovel,"I507V,0.400"
X-5254,ATN1,1822.0,MutNovel,"Q488K,0.575"
X-5254,ATP7A,538.0,MutNovel,"R1461T,1.000"
X-5254,ATP8B1,5205.0,Del0.8,0.74
X-5254,ATP9B,374868.0,Del0.8,0.8
X-5254,BCL2,596.0,Del0.8,0.74
X-5254,BOD1L2,284257.0,Del0.8,0.74
X-5254,BPY2B,442867.0,Del0.8,0.79
X-5254,BPY2B,442867.0,Del0.8,0.79
X-5254,BRI3BP,140707.0,MutNovel,"-16LL,0.368"
X-5254,C12orf32,83695.0,Amp8,11.55
X-5254,C12orf4,57102.0,Amp8,9.13
X-5254,C12orf5,57103.0,Amp8,9.13
X-5254,C17orf58,284018.0,MutNovel,"R64C,0.321"
X-5254,C18orf26,284254.0,Del0.8,0.74
X-5254,C18orf54,162681.0,Del0.8,0.74
X-5254,C18orf62,284274.0,Del0.8,0.75
X-5254,C18orf63,644041.0,Del0.8,0.75
X-5254,C4orf21,55345.0,MutNovel,"G2030R,0.714"
X-5254,CACNA1C,775.0,Amp5,7.36
X-5254,CACNA2D4,93589.0,Amp5,6.5
X-5254,CACTIN,,MutNovel,"D526GAN,0.221"
X-5254,CACTIN,,MutNovel,"R452W,0.635"
X-5254,CASP5,838.0,MutNovel,"L236F,0.625"
X-5254,CBLN2,147381.0,Del0.8,0.75
X-5254,CCBE1,147372.0,Del0.8,0.74
X-5254,CCDC102B,79839.0,Del0.8,0.75
X-5254,CCDC11,220136.0,Del0.8,0.74
X-5254,CCDC66,285331.0,MutNovel,"S606SP,0.925"
X-5254,CCDC68,80323.0,Del0.8,0.74
X-5254,CCND2,894.0,Amp8,9.13
X-5254,CCNF,899.0,MutKnownFunctional,"-774,0.694"
X-5254,CCNL2,81669.0,MutNovel,"R503C,0.654"
X-5254,CD226,10666.0,Del0.8,0.75
X-5254,CDH17,1015.0,MutNovel,"P337T,0.724"
X-5254,CDH19,28513.0,Del0.8,0.75
X-5254,CDH20,28316.0,Del0.8,0.74
X-5254,CDH7,1005.0,Del0.8,0.75
X-5254,CDY1B,253175.0,Del0.8,0.79
X-5254,CDY1B,253175.0,Del0.8,0.79
X-5254,CEACAM1,634.0,MutNovel,"S96I,0.202"
X-5254,CEACAM3,1084.0,MutNovel,"T113I,0.375"
X-5254,CEACAM3,1084.0,MutNovel,"I117T,1.000"
X-5254,CELSR1,9620.0,MutNovel,"R72W,1.000"
X-5254,CEP164,22897.0,MutNovel,"P494T,0.333"
X-5254,CEP57,9702.0,MutNovel,"L199P,0.622"
X-5254,CHD9,80205.0,Amp5,6.87
X-5254,CNDP1,84735.0,Del0.8,0.75
X-5254,CNDP2,55748.0,Del0.8,0.75
X-5254,CPLX4,339302.0,Del0.8,0.74
X-5254,CR1L,1379.0,MutNovel,"L24M,1.000"
X-5254,CR1L,1379.0,MutNovel,"S29Y,1.000"
X-5254,CSDA,8531.0,MutNovel,"T14TP,0.532"
X-5254,CSPG4P1Y,114758.0,Del0.8,0.79
X-5254,CSPG4P1Y,114758.0,Del0.8,0.79
X-5254,CTDP1,9150.0,Del0.8,0.8
X-5254,CTSA,5476.0,MutNovel,"L29-,0.509"
X-5254,CWC27,10283.0,MutNovel,"R92H,0.662"
X-5254,CXXC1,30827.0,Del0.8,0.74
X-5254,CXorf40B,541578.0,MutNovel,"A112V,1.000"
X-5254,CYB5A,1528.0,Del0.8,0.75
X-5254,DAZ1,1617.0,Del0.8,0.79
X-5254,DAZ2,57055.0,Del0.8,0.79
X-5254,DAZ3,57054.0,Del0.8,0.79
X-5254,DAZ3,57054.0,Del0.8,0.79
X-5254,DAZ4,57135.0,Del0.8,0.79
X-5254,DAZ4,57135.0,Del0.8,0.79
X-5254,DCC,1630.0,Del0.8,0.74
X-5254,DCP1B,196513.0,Amp5,6.5
X-5254,DDX10,1662.0,MutNovel,"S780SDD,0.288"
X-5254,DHRSX,207063.0,MutNovel,"L637F,0.882"
X-5254,DHRSX,207063.0,MutNovel,"M597V,0.556"
X-5254,DLL1,28514.0,MutNovel,"D231E,0.383"
X-5254,DMBT1,1755.0,MutNovel,"P357S,0.500"
X-5254,DMBT1,1755.0,MutNovel,"V834A,0.324"
X-5254,DOCK6,57572.0,MutNovel,"V153F,0.300"
X-5254,DOK6,220164.0,Del0.8,0.75
X-5254,DSE,29940.0,MutNovel,"G873-,0.348"
X-5254,DSEL,92126.0,Del0.8,0.75
X-5254,DYRK4,8798.0,Amp8,9.13
X-5254,ECI1,1632.0,MutNovel,"A55V,0.738"
X-5254,EFCAB4B,84766.0,Amp8,12.38
X-5254,EIF1AY,9086.0,Del0.8,0.79
X-5254,ELAC1,55520.0,Del0.8,0.74
X-5254,EMC9,,MutKnownFunctional,"-207?,0.330"
X-5254,EPG5,57724.0,Del0.8,0.62
X-5254,EPRS,2058.0,MutNovel,"R303C,0.344"
X-5254,EPS8L2,64787.0,MutNovel,"V355I,0.681"
X-5254,ERC1,23085.0,Amp5,5.21
X-5254,F13A1,2162.0,MutNovel,"T573M,1.000"
X-5254,FAM105B,90268.0,MutNovel,"PAREAAAT21P,0.818"
X-5254,FAM123B,139285.0,MutNovel,"K292N,1.000"
X-5254,FAM132A,388581.0,MutNovel,"L261V,0.500"
X-5254,FAM161B,145483.0,MutNovel,"H46P,1.000"
X-5254,FAM176A,84141.0,MutKnownFunctional,"R33*,1.000"
X-5254,FAM21A,387680.0,MutNovel,"G444D,0.667"
X-5254,FAM21B,55747.0,MutNovel,"S481L,0.500"
X-5254,FAM69C,125704.0,Del0.8,0.75
X-5254,FAM86B1,85002.0,MutNovel,"V246M,0.321"
X-5254,FAM86B2,653333.0,MutNovel,"V280M,0.929"
X-5254,FAM86B2,653333.0,MutNovel,"W71S,0.833"
X-5254,FAM8A1,51439.0,MutNovel,"APGRPT49-,0.333"
X-5254,FBXL14,144699.0,Amp5,6.5
X-5254,FBXO15,201456.0,Del0.8,0.75
X-5254,FCGBP,8857.0,MutNovel,"A4607G,0.540"
X-5254,FECH,2235.0,Del0.8,0.74
X-5254,FGF23,8074.0,Amp8,9.13
X-5254,FGF6,2251.0,Amp8,9.13
X-5254,FKBP4,2288.0,Amp8,8.4
X-5254,FOSB,2354.0,MutNovel,"R159K,0.462"
X-5254,FOXM1,2305.0,Amp8,9.85
X-5254,FTO,79068.0,Amp5,6.28
X-5254,FUT5,2527.0,MutNovel,"E261K,0.739"
X-5254,FUT5,2527.0,MutNovel,"A118M,1.000"
X-5254,FZD2,2535.0,MutNovel,"R118H,0.607"
X-5254,GALNT8,26290.0,Amp8,9.13
X-5254,GALR1,2587.0,Del0.8,0.75
X-5254,GCH1,2643.0,MutNovel,"I121V,0.433"
X-5254,GIGYF2,26058.0,MutNovel,"PQ1231P,0.477"
X-5254,GLTSCR1,29998.0,MutNovel,"G91S,0.412"
X-5254,GLTSCR1,29998.0,MutNovel,"A1419T,0.772"
X-5254,GLTSCR2,29997.0,MutNovel,"D401A,0.264"
X-5254,GNG5,2787.0,MutNovel,"A8G,0.674"
X-5254,GOLGA2P2Y,84559.0,Del0.8,0.79
X-5254,GOLGA2P2Y,84559.0,Del0.8,0.79
X-5254,GOLGA8B,440270.0,MutNovel,"R81W,0.279"
X-5254,GPC2,221914.0,MutNovel,"G158R,1.000"
X-5254,GPR19,2842.0,MutKnownFunctional,"-370?,0.273"
X-5254,GPRIN2,9721.0,MutNovel,"-238MRE,0.415"
X-5254,GRAMD1C,54762.0,MutNovel,"L602F,0.531"
X-5254,GRP,2922.0,Del0.8,0.74
X-5254,GSPT1,2935.0,MutNovel,"GG15G,0.405"
X-5254,HLA-C,3107.0,MutNovel,"EW190DG,0.246"
X-5254,HLA-G,3135.0,MutNovel,"EE85DQ,1.000"
X-5254,HLA-G,3135.0,MutNovel,"T91I,0.857"
X-5254,HLA-G,3135.0,MutNovel,"W121R,1.000"
X-5254,HLA-G,3135.0,MutNovel,"W121M,1.000"
X-5254,HLA-G,3135.0,MutNovel,"N175R,1.000"
X-5254,HLA-G,3135.0,MutNovel,"K335N,1.000"
X-5254,HLA-G,3135.0,MutNovel,"D338G,0.571"
X-5254,HMCN2,,MutNovel,"R2384L,0.600"
X-5254,HMSD,284293.0,Del0.8,0.74
X-5254,HOXB3,3213.0,MutNovel,"G160S,0.815"
X-5254,HRCT1,646962.0,MutNovel,"LH100L,0.636"
X-5254,HSBP1L1,440498.0,Del0.8,0.8
X-5254,IARS,3376.0,MutNovel,"K164E,0.279"
X-5254,INPP5D,3635.0,MutNovel,"H476P,0.695"
X-5254,INTS2,57508.0,MutNovel,"P788R,0.250"
X-5254,IRF7,3665.0,MutNovel,"A272P,0.642"
X-5254,IRGM,345611.0,Del0.8,0.76
X-5254,ITFG2,55846.0,Amp8,8.4
X-5254,ITPK1,3705.0,MutNovel,"A220T,0.488"
X-5254,ITPKB,3707.0,MutKnownFunctional,"-653?,0.357"
X-5254,KCNA6,3742.0,Amp8,9.13
X-5254,KCNG2,26251.0,Del0.8,0.8
X-5254,KDSR,2531.0,Del0.8,0.74
X-5254,KHSRP,8570.0,MutNovel,"A17T,0.400"
X-5254,KIAA0430,9665.0,MutNovel,"N253S,0.211"
X-5254,KIAA1468,57614.0,Del0.8,0.74
X-5254,KIAA1731,85459.0,MutNovel,"T2124I,0.561"
X-5254,KIF19,124602.0,MutNovel,"R342Q,1.000"
X-5254,KIF4A,24137.0,MutNovel,"K524E,1.000"
X-5254,KRAS,3845.0,MutKnownFunctional,"Q61H,1.000"
X-5254,KRT2,3849.0,MutNovel,"L459Q,1.000"
X-5254,KRTAP5-10,387273.0,MutNovel,"G99C,1.000"
X-5254,KRTAP5-10,387273.0,MutNovel,"G103A,1.000"
X-5254,KRTAP5-2,440021.0,MutNovel,"R35C,0.429"
X-5254,LCE3C,353144.0,Del0.8,0.73
X-5254,LGALS9C,654346.0,MutNovel,"V15I,0.636"
X-5254,LINC00226,338004.0,Amp5,6.92
X-5254,LINC00305,221241.0,Del0.8,0.74
X-5254,LMAN1,3998.0,Del0.8,0.74
X-5254,LMF1,64788.0,MutNovel,"R17K,0.625"
X-5254,LOC100128071,100128071.0,MutNovel,"P31R,0.396"
X-5254,LOC100129480,100129480.0,MutNovel,"V163I,0.267"
X-5254,LOC100131094,100131094.0,MutNovel,"R141Q,0.862"
X-5254,LOC100131655,100131655.0,Del0.8,0.75
X-5254,LOC100132247,100132247.0,MutNovel,"Q790R,0.667"
X-5254,LOC100132247,100132247.0,MutNovel,"S1066L,0.300"
X-5254,LOC100271702,100271702.0,Amp5,6.5
X-5254,LOC100287225,100287225.0,Del0.8,0.74
X-5254,LOC100292680,100292680.0,Amp5,6.5
X-5254,LOC100505474,100505474.0,Del0.8,0.74
X-5254,LOC100505549,100505549.0,Del0.8,0.74
X-5254,LOC100505619,100505619.0,Amp5,6.23
X-5254,LOC100505776,100505776.0,Del0.8,0.75
X-5254,LOC100505817,100505817.0,Del0.8,0.75
X-5254,LOC100506127,,MutNovel,"H183Y,0.389"
X-5254,LOC100507424,100507424.0,Amp8,8.4
X-5254,LOC100507607,,MutNovel,"E475D,1.000"
X-5254,LOC100507607,,MutNovel,"E496D,1.000"
X-5254,LOC100507607,,MutNovel,"V527A,1.000"
X-5254,LOC283440,283440.0,Amp8,8.4
X-5254,LOC284276,284276.0,Del0.8,0.75
X-5254,LOC284294,284294.0,Del0.8,0.74
X-5254,LOC339298,339298.0,Del0.8,0.75
X-5254,LOC388276,388276.0,Amp5,6.23
X-5254,LOC390858,390858.0,Del0.8,0.74
X-5254,LOC400654,400654.0,Del0.8,0.74
X-5254,LOC400655,400655.0,Del0.8,0.75
X-5254,LOC400657,400657.0,Del0.8,0.75
X-5254,LOC554223,554223.0,MutNovel,"L135F,1.000"
X-5254,LOC643542,643542.0,Del0.8,0.75
X-5254,LOC643714,643714.0,Amp5,6.23
X-5254,LOC643802,643802.0,Amp5,6.28
X-5254,LONP2,83752.0,MutNovel,"R759W,0.688"
X-5254,LRP4,4038.0,MutNovel,"G333R,0.249"
X-5254,LRPPRC,10128.0,MutNovel,"N1322S,0.678"
X-5254,LRRC37A2,474170.0,MutNovel,"S1467L,0.750"
X-5254,LRTM2,654429.0,Amp5,6.5
X-5254,LSR,51599.0,MutNovel,"G518GR,0.586"
X-5254,LSR,51599.0,MutNovel,"R644P,0.272"
X-5254,MALT1,10892.0,Del0.8,0.74
X-5254,MAP3K4,4216.0,MutNovel,"PA1189P,0.609"
X-5254,MAPK4,5596.0,Del0.8,0.74
X-5254,MARCKS,4082.0,MutNovel,"E227D,0.419"
X-5254,MBD1,4152.0,Del0.8,0.74
X-5254,MBD2,8932.0,Del0.8,0.74
X-5254,MBP,4155.0,Del0.8,0.75
X-5254,MC4R,4160.0,Del0.8,0.74
X-5254,MCM9,254394.0,MutNovel,"E816D,0.371"
X-5254,MCTP2,55784.0,MutNovel,"R644H,0.407"
X-5254,ME2,4200.0,Del0.8,0.74
X-5254,MEF2A,4205.0,MutNovel,"Q412-,0.458"
X-5254,MEIS3,56917.0,MutKnownFunctional,"Y335*,0.364"
X-5254,MEX3C,51320.0,Del0.8,0.74
X-5254,MIER3,166968.0,MutNovel,"A545T,0.391"
X-5254,MIR122,406906.0,Del0.8,0.74
X-5254,MIR3591,100616357.0,Del0.8,0.74
X-5254,MIR3649,100500816.0,Amp5,6.5
X-5254,MIR4320,100422865.0,Del0.8,0.74
X-5254,MIR4529,100616290.0,Del0.8,0.74
X-5254,MOSPD1,56180.0,MutNovel,"V193M,1.000"
X-5254,MPRIP,23164.0,MutNovel,"TS178T,0.456"
X-5254,MRO,83876.0,Del0.8,0.74
X-5254,MTAP,4507.0,MutKnownFunctional,"-284,0.383"
X-5254,MTMR7,9108.0,MutNovel,"D572H,0.750"
X-5254,MUC1,4582.0,MutNovel,"S149L,0.208"
X-5254,MUC12,10071.0,MutNovel,"K1254T,0.667"
X-5254,MUC12,10071.0,MutNovel,"L1735F,0.247"
X-5254,MUC12,10071.0,MutNovel,"S1741L,0.249"
X-5254,MUC12,10071.0,MutNovel,"T2366P,0.750"
X-5254,MUC12,10071.0,MutNovel,"T3643M,0.644"
X-5254,MUC12,10071.0,MutNovel,"S4095G,1.000"
X-5254,MUC12,10071.0,MutNovel,"T4363I,0.730"
X-5254,MUC12,10071.0,MutNovel,"S4381L,0.520"
X-5254,MUC12,10071.0,MutNovel,"T4391P,0.500"
X-5254,MUC12,10071.0,MutNovel,"R4433L,0.750"
X-5254,MUC12,10071.0,MutNovel,"L4568F,0.842"
X-5254,MUC3A,,MutNovel,"S585I,0.429"
X-5254,MUC3A,,MutNovel,"G588R,0.400"
X-5254,MUC4,4585.0,MutNovel,"V4131L,1.000"
X-5254,MUC4,4585.0,MutNovel,"P4050T,1.000"
X-5254,MUC4,4585.0,MutNovel,"A4025V,1.000"
X-5254,MUC4,4585.0,MutNovel,"R3920H,1.000"
X-5254,MUC4,4585.0,MutNovel,"Q3165H,1.000"
X-5254,MUC5B,727897.0,MutNovel,"T2136M,0.800"
X-5254,MUC5B,727897.0,MutNovel,"T4544M,0.302"
X-5254,NARS,4677.0,Del0.8,0.74
X-5254,NBPF10,100132406.0,MutNovel,"I1165F,0.750"
X-5254,NBPF9,400818.0,MutNovel,"G580E,0.500"
X-5254,NCOR2,9612.0,MutNovel,"G1839GAAA,0.483"
X-5254,NDUFA9,4704.0,Amp8,9.13
X-5254,NEDD4L,23327.0,Del0.8,0.74
X-5254,NEK2,4751.0,MutNovel,"A173G,0.265"
X-5254,NETO1,81832.0,Del0.8,0.75
X-5254,NFATC1,4772.0,Del0.8,0.8
X-5254,NPC1,4864.0,MutNovel,"R1272H,0.335"
X-5254,NPC1L1,29881.0,MutNovel,"T1073A,0.600"
X-5254,NPHP3,27031.0,MutNovel,"A51L,0.500"
X-5254,NPIPL3,23117.0,MutNovel,"D1033G,0.800"
X-5254,NPIPL3,23117.0,MutNovel,"P787S,0.844"
X-5254,NPIPL3,23117.0,MutNovel,"R433H,0.500"
X-5254,NRIP2,83714.0,Amp8,8.4
X-5254,ONECUT2,9480.0,Del0.8,0.74
X-5254,OR52N1,79473.0,Del0.8,0.57
X-5254,OR52N5,390075.0,Del0.8,0.17
X-5254,ORAI1,84876.0,MutNovel,"PP43-,0.875"
X-5254,OVOS2,,MutNovel,"D261E,1.000"
X-5254,PARD6G,84552.0,Del0.8,0.8
X-5254,PARP11,57097.0,Amp8,16.56
X-5254,PDE4DIP,9659.0,MutNovel,"P2341L,0.444"
X-5254,PDX1,3651.0,MutNovel,"L238LP,0.704"
X-5254,PELP1,27043.0,MutNovel,"ED949D,0.399"
X-5254,PEX11A,8800.0,MutNovel,"S130P,0.286"
X-5254,PGBD3,267004.0,MutNovel,"T374A,0.375"
X-5254,PHLDA1,22822.0,MutNovel,"QQ194Q,0.479"
X-5254,PHLPP1,23239.0,Del0.8,0.74
X-5254,PIEZO1,9780.0,MutNovel,"I240V,0.657"
X-5254,PIGN,23556.0,Del0.8,0.74
X-5254,PKD1,5310.0,MutNovel,"R739E,1.000"
X-5254,PLBD1,79887.0,MutNovel,"V30L,1.000"
X-5254,PLIN5,440503.0,MutNovel,"C255R,0.667"
X-5254,PLTP,5360.0,MutNovel,"T170M,0.291"
X-5254,PMAIP1,5366.0,Del0.8,0.74
X-5254,POLG,5428.0,MutNovel,"Q45R,0.659"
X-5254,POLI,11201.0,Del0.8,0.74
X-5254,PPL,5493.0,MutNovel,"K513N,0.293"
X-5254,PPP1R15B,84919.0,MutNovel,"P73S,0.279"
X-5254,PPP2R3B,28227.0,MutKnownFunctional,"E667*,0.556"
X-5254,PPP2R3B,28227.0,MutNovel,"V567I,0.611"
X-5254,PQLC1,80148.0,Del0.8,0.8
X-5254,PRMT8,56341.0,Amp8,11.55
X-5254,PRR13,54458.0,MutNovel,"CP41C,0.828"
X-5254,PRRC2A,7916.0,MutNovel,"P2014L,0.457"
X-5254,PRSS1,5644.0,MutNovel,"L14V,1.000"
X-5254,PRSS1,5644.0,MutNovel,"N29I,0.800"
X-5254,PRY,9081.0,Del0.8,0.79
X-5254,PRY,9081.0,Del0.8,0.79
X-5254,PRY2,442862.0,Del0.8,0.79
X-5254,PRY2,442862.0,Del0.8,0.79
X-5254,PTEN,5728.0,MutNovel,"G251V,0.990"
X-5254,PTPRD,5789.0,MutNovel,"H783Q,1.000"
X-5254,RAB27B,5874.0,Del0.8,0.74
X-5254,RAB41,347517.0,MutKnownFunctional,"-204,0.857"
X-5254,RAD51AP1,10635.0,Amp8,9.13
X-5254,RANBP9,10048.0,MutNovel,"-11R,0.218"
X-5254,RAX,30062.0,Del0.8,0.74
X-5254,RBFA,79863.0,Del0.8,0.8
X-5254,RBL2,5934.0,Amp5,6.28
X-5254,RBMY1B,378948.0,Del0.8,0.79
X-5254,RBMY1B,378948.0,Del0.8,0.79
X-5254,RBMY1E,378950.0,Del0.8,0.79
X-5254,RBMY1E,378950.0,Del0.8,0.79
X-5254,RBMY1F,159163.0,Del0.8,0.79
X-5254,RBMY1F,159163.0,Del0.8,0.79
X-5254,RBMY1J,378951.0,Del0.8,0.79
X-5254,RBMY1J,378951.0,Del0.8,0.79
X-5254,RBMY2EP,159125.0,Del0.8,0.79
X-5254,RBMY2FP,159162.0,Del0.8,0.79
X-5254,RDBP,7936.0,MutNovel,"R255Q,0.614"
X-5254,REV3L,5980.0,MutNovel,"M2785V,0.443"
X-5254,RFFL,117584.0,MutNovel,"D65E,0.743"
X-5254,RFWD2,64326.0,MutNovel,"N714S,0.845"
X-5254,RIN3,79890.0,MutNovel,"G967-,0.224"
X-5254,RNF152,220441.0,Del0.8,0.74
X-5254,RPGRIP1L,23322.0,Amp5,6.28
X-5254,RPS4Y2,140032.0,Del0.8,0.79
X-5254,RTTN,25914.0,Del0.8,0.75
X-5254,SALL3,27164.0,Del0.8,0.8
X-5254,SAPCD2,,MutNovel,"R132W,0.629"
X-5254,SCG5,6447.0,MutNovel,"G20V,0.357"
X-5254,SEC11C,90701.0,Del0.8,0.74
X-5254,SENP6,26054.0,MutNovel,"R72H,0.596"
X-5254,SERINC2,347735.0,MutNovel,"-373Q,0.745"
X-5254,SERPINB10,5273.0,Del0.8,0.74
X-5254,SERPINB11,89778.0,Del0.8,0.74
X-5254,SERPINB12,89777.0,Del0.8,0.74
X-5254,SERPINB13,5275.0,Del0.8,0.74
X-5254,SERPINB2,5055.0,Del0.8,0.74
X-5254,SERPINB3,6317.0,Del0.8,0.74
X-5254,SERPINB4,6318.0,Del0.8,0.74
X-5254,SERPINB5,5268.0,Del0.8,0.74
X-5254,SERPINB7,8710.0,Del0.8,0.74
X-5254,SERPINB8,5271.0,Del0.8,0.74
X-5254,SIGLEC14,100049587.0,Del0.8,0.75
X-5254,SIGLEC15,284266.0,Del0.8,0.2
X-5254,SIRPB1,10326.0,Amp5,7.78
X-5254,SKA1,220134.0,Del0.8,0.74
X-5254,SLC14A1,6563.0,Del0.8,0.33
X-5254,SLC28A2,9153.0,MutKnownFunctional,"-129?,0.500"
X-5254,SMAD4,4089.0,Del0.8,0.74
X-5254,SMG1,23049.0,MutNovel,"S1358P,0.208"
X-5254,SMPD2,6610.0,MutNovel,"F326L,0.540"
X-5254,SNORA37,677819.0,Del0.8,0.74
X-5254,SNTB2,6645.0,MutNovel,"W19C,1.000"
X-5254,SNX17,9784.0,MutNovel,"I199T,0.388"
X-5254,SNX8,29886.0,MutNovel,"P8S,0.312"
X-5254,SOCS6,9306.0,Del0.8,0.75
X-5254,SPHK2,56848.0,MutNovel,"R179Q,0.831"
X-5254,SREBF2,6721.0,MutNovel,"T215M,1.000"
X-5254,SSSCA1,10534.0,MutNovel,"FS11F,0.591"
X-5254,ST8SIA3,51046.0,Del0.8,0.74
X-5254,STARD6,147323.0,Del0.8,0.74
X-5254,STEAP1,26872.0,MutNovel,"E34D,0.624"
X-5254,TAF15,8148.0,MutNovel,"Y531C,0.308"
X-5254,TAOK2,9344.0,MutNovel,"E793EA,0.557"
X-5254,TBP,6908.0,MutNovel,"-64Q,0.262"
X-5254,TBX3,6926.0,MutKnownFunctional,"-581,0.946"
X-5254,TCEAL1,9338.0,Del0.8,0.66
X-5254,TCEAL3,85012.0,Del0.8,0.66
X-5254,TCF4,6925.0,Del0.8,0.74
X-5254,TCIRG1,10312.0,MutNovel,"-759GL,0.463"
X-5254,TCP10L2,401285.0,MutNovel,"E277D,1.000"
X-5254,TEAD4,7004.0,Amp8,8
X-5254,TECPR1,25851.0,MutNovel,"G738V,0.528"
X-5254,TECPR2,9895.0,MutNovel,"Q1212H,0.531"
X-5254,TFIP11,24144.0,MutNovel,"L558F,0.536"
X-5254,TGS1,96764.0,MutNovel,"R105S,0.482"
X-5254,TIMM21,29090.0,Del0.8,0.75
X-5254,TMC5,79838.0,MutNovel,"N401S,0.746"
X-5254,TMEM183B,,MutKnownFunctional,"-236,0.455"
X-5254,TMEM184A,202915.0,MutNovel,"G392GA,0.795"
X-5254,TMEM209,84928.0,MutNovel,"S178G,0.444"
X-5254,TMEM88,92162.0,MutNovel,"Q70L,0.333"
X-5254,TMPRSS5,80975.0,MutKnownFunctional,"R46*,0.308"
X-5254,TMX3,54495.0,Del0.8,0.75
X-5254,TNFRSF11A,8792.0,Del0.8,0.74
X-5254,TOX3,27324.0,Amp5,6.23
X-5254,TP53,7157.0,MutLikelyFunctional,"E285K,0.335"
X-5254,TP53,7157.0,MutNovel,"H193Y,0.715"
X-5254,TRAPPC12,51112.0,MutNovel,"A244V,0.628"
X-5254,TSHZ1,10194.0,Del0.8,0.75
X-5254,TSPAN9,10867.0,Amp8,8
X-5254,TSPYL1,7259.0,MutNovel,"V176VW,0.867"
X-5254,TTTY10,246119.0,Del0.8,0.79
X-5254,TTTY13,83868.0,Del0.8,0.79
X-5254,TTTY17A,252949.0,Del0.8,0.79
X-5254,TTTY17A,252949.0,Del0.8,0.79
X-5254,TTTY3,114760.0,Del0.8,0.79
X-5254,TTTY3,114760.0,Del0.8,0.79
X-5254,TTTY4,114761.0,Del0.8,0.79
X-5254,TTTY4,114761.0,Del0.8,0.79
X-5254,TTTY5,83863.0,Del0.8,0.79
X-5254,TTTY6,84672.0,Del0.8,0.79
X-5254,TTTY6,84672.0,Del0.8,0.79
X-5254,TULP3,7289.0,Amp8,11.55
X-5254,TXNL1,9352.0,Del0.8,0.74
X-5254,TXNL4A,10907.0,Del0.8,0.8
X-5254,UBE2J2,118424.0,MutNovel,"W50C,0.571"
X-5254,UCKL1,54963.0,MutNovel,"A20T,0.632"
X-5254,UGT1A8,54576.0,MutNovel,"H53N,0.500"
X-5254,UTY,7404.0,MutNovel,"N1006P,0.500"
X-5254,UTY,7404.0,MutNovel,"CT1004YL,0.667"
X-5254,UTY,7404.0,MutNovel,"FC1003TS,0.667"
X-5254,UTY,7404.0,MutNovel,"HQ1001QT,0.667"
X-5254,UTY,7404.0,MutNovel,"N954P,0.722"
X-5254,UTY,7404.0,MutNovel,"N954H,0.778"
X-5254,UTY,7404.0,MutKnownFunctional,"SN953*H,0.778"
X-5254,UTY,7404.0,MutKnownFunctional,"Q510*,0.400"
X-5254,UTY,7404.0,MutNovel,"P508L,0.273"
X-5254,UTY,7404.0,MutNovel,"HP507SS,0.364"
X-5254,UTY,7404.0,MutNovel,"H506W,0.300"
X-5254,UTY,7404.0,MutNovel,"S505Q,0.300"
X-5254,UTY,7404.0,MutNovel,"L394P,0.857"
X-5254,UTY,7404.0,MutKnownFunctional,"I391*,0.778"
X-5254,UTY,7404.0,MutNovel,"RI390IF,0.875"
X-5254,UTY,7404.0,MutNovel,"A389S,0.778"
X-5254,UTY,7404.0,MutNovel,"LA387HH,0.889"
X-5254,UTY,7404.0,MutNovel,"L387V,1.000"
X-5254,UTY,7404.0,MutNovel,"S385G,1.000"
X-5254,UTY,7404.0,MutNovel,"NT383TS,0.917"
X-5254,UTY,7404.0,MutNovel,"S382T,0.909"
X-5254,UTY,7404.0,MutNovel,"RC380SS,0.833"
X-5254,UTY,7404.0,MutKnownFunctional,"SK378T*,0.833"
X-5254,UTY,7404.0,MutNovel,"R377L,0.769"
X-5254,UTY,7404.0,MutNovel,"A376L,0.833"
X-5254,UTY,7404.0,MutNovel,"N374L,0.786"
X-5254,UTY,7404.0,MutNovel,"YL372SA,0.667"
X-5254,UTY,7404.0,MutNovel,"CY371YN,0.692"
X-5254,UTY,7404.0,MutNovel,"K370F,0.615"
X-5254,UTY,7404.0,MutNovel,"I369C,0.571"
X-5254,UTY,7404.0,MutNovel,"QD366GH,0.562"
X-5254,UTY,7404.0,MutNovel,"P365R,0.529"
X-5254,UTY,7404.0,MutKnownFunctional,"NQ363S*,0.562"
X-5254,UTY,7404.0,MutNovel,"C362N,0.533"
X-5254,UTY,7404.0,MutNovel,"S361R,0.500"
X-5254,UTY,7404.0,MutKnownFunctional,"YE359Y*,0.429"
X-5254,UTY,7404.0,MutNovel,"L358T,0.429"
X-5254,UTY,7404.0,MutNovel,"G356S,0.429"
X-5254,UTY,7404.0,MutKnownFunctional,"DL354G*,0.385"
X-5254,UTY,7404.0,MutNovel,"MD353RN,0.357"
X-5254,UTY,7404.0,MutNovel,"W352Q,0.357"
X-5254,UTY,7404.0,MutNovel,"AA350ET,0.250"
X-5254,UTY,7404.0,MutNovel,"HA348QN,0.273"
X-5254,UTY,7404.0,MutNovel,"IC339MS,0.429"
X-5254,UTY,7404.0,MutNovel,"M332T,0.500"
X-5254,UTY,7404.0,MutKnownFunctional,"K310*,1.000"
X-5254,UTY,7404.0,MutNovel,"A300S,0.667"
X-5254,UTY,7404.0,MutKnownFunctional,"S292*,0.667"
X-5254,UTY,7404.0,MutNovel,"C290Y,0.667"
X-5254,UTY,7404.0,MutKnownFunctional,"GR288G*,0.667"
X-5254,UTY,7404.0,MutKnownFunctional,"G288*,0.667"
X-5254,UTY,7404.0,MutNovel,"Y285N,0.500"
X-5254,UTY,7404.0,MutNovel,"G281C,0.400"
X-5254,UTY,7404.0,MutNovel,"V242A,0.667"
X-5254,UTY,7404.0,MutNovel,"AT240QS,0.667"
X-5254,UTY,7404.0,MutNovel,"K239F,0.667"
X-5254,UTY,7404.0,MutNovel,"AQ236VK,0.667"
X-5254,UTY,7404.0,MutNovel,"P235S,0.667"
X-5254,UTY,7404.0,MutNovel,"N233T,0.667"
X-5254,UTY,7404.0,MutKnownFunctional,"TE231D*,0.667"
X-5254,UTY,7404.0,MutNovel,"LQ229FT,0.667"
X-5254,UTY,7404.0,MutNovel,"L229K,0.500"
X-5254,UTY,7404.0,MutNovel,"L228V,0.500"
X-5254,UTY,7404.0,MutKnownFunctional,"YE225*F,0.400"
X-5254,UTY,7404.0,MutNovel,"AY224VI,0.400"
X-5254,UTY,7404.0,MutNovel,"A224P,0.400"
X-5254,UTY,7404.0,MutNovel,"K222L,0.400"
X-5254,UTY,7404.0,MutNovel,"SA220LR,0.400"
X-5254,UTY,7404.0,MutNovel,"Y218N,0.500"
X-5254,UTY,7404.0,MutNovel,"Y218N,0.500"
X-5254,UTY,7404.0,MutNovel,"R216K,0.400"
X-5254,UTY,7404.0,MutNovel,"N201F,0.333"
X-5254,UTY,7404.0,MutNovel,"DC193EP,0.286"
X-5254,UTY,7404.0,MutNovel,"H186G,0.250"
X-5254,UTY,7404.0,MutNovel,"K181T,0.286"
X-5254,UTY,7404.0,MutNovel,"N177L,0.333"
X-5254,UTY,7404.0,MutNovel,"KV175NW,0.429"
X-5254,UTY,7404.0,MutKnownFunctional,"FK174W*,0.429"
X-5254,UTY,7404.0,MutNovel,"M173P,0.429"
X-5254,UTY,7404.0,MutNovel,"GL171VC,0.429"
X-5254,UTY,7404.0,MutNovel,"G171R,0.375"
X-5254,UTY,7404.0,MutNovel,"LR168FV,0.375"
X-5254,UTY,7404.0,MutNovel,"HL167QR,0.286"
X-5254,UTY,7404.0,MutNovel,"IH166EY,0.286"
X-5254,UTY,7404.0,MutNovel,"AK163VL,0.375"
X-5254,UTY,7404.0,MutNovel,"A163P,0.375"
X-5254,UTY,7404.0,MutNovel,"C161S,0.375"
X-5254,UTY,7404.0,MutNovel,"F129V,0.333"
X-5254,UTY,7404.0,MutNovel,"A127T,0.286"
X-5254,UTY,7404.0,MutNovel,"A121D,0.400"
X-5254,UTY,7404.0,MutNovel,"Y113D,0.333"
X-5254,UTY,7404.0,MutNovel,"LI80FR,0.375"
X-5254,UTY,7404.0,MutNovel,"Y77L,0.333"
X-5254,UTY,7404.0,MutNovel,"T66E,0.312"
X-5254,UTY,7404.0,MutNovel,"AL45RI,0.300"
X-5254,UTY,7404.0,MutNovel,"RE43SL,0.300"
X-5254,UTY,7404.0,MutNovel,"T39C,0.444"
X-5254,UTY,7404.0,MutNovel,"SL37IW,0.375"
X-5254,UTY,7404.0,MutNovel,"V36E,0.300"
X-5254,UTY,7404.0,MutNovel,"E34D,0.333"
X-5254,VASP,7408.0,MutNovel,"P186R,0.816"
X-5254,VPS13D,55187.0,MutNovel,"R389C,0.500"
X-5254,VPS4B,9525.0,Del0.8,0.74
X-5254,VWA1,64856.0,MutNovel,"A326P,0.547"
X-5254,WDR26,80232.0,MutNovel,"A37V,0.778"
X-5254,WDR48,57599.0,MutNovel,"P511L,0.291"
X-5254,WDR7,23335.0,Del0.8,0.74
X-5254,WEE1,7465.0,MutNovel,"V487L,0.646"
X-5254,WHSC1,7468.0,MutNovel,"L556V,0.652"
X-5254,WNT5B,81029.0,Amp5,6.5
X-5254,YTHDC2,64848.0,MutNovel,"D633E,0.450"
X-5254,ZADH2,284273.0,Del0.8,0.75
X-5254,ZCCHC12,170261.0,MutNovel,"I375V,1.000"
X-5254,ZCCHC2,54877.0,Del0.8,0.74
X-5254,ZKSCAN2,342357.0,MutNovel,"R189C,0.833"
X-5254,ZNF219,51222.0,MutNovel,"QPP233P,0.727"
X-5254,ZNF236,7776.0,Del0.8,0.75
X-5254,ZNF384,171017.0,MutNovel,"QQ514Q,0.395"
X-5254,ZNF407,55628.0,Del0.8,0.75
X-5254,ZNF516,9658.0,Del0.8,0.75
X-5254,ZNF532,55205.0,Del0.8,0.74
X-5254,ZSWIM5,57643.0,MutNovel,"P142S,1.000"
X-5254,ZZEF1,23140.0,MutNovel,"S1247C,0.464"
X-5307,ABCA5,23461.0,MutNovel,"A1478T,1.000"
X-5307,ABRA,137735.0,Amp5,5.24
X-5307,ADAM18,8749.0,Amp5,5.28
X-5307,ADAM2,2515.0,Amp5,5.28
X-5307,ADAM32,203102.0,Amp5,5.28
X-5307,ADAM3A,1587.0,Amp5,5.28
X-5307,ADAM5P,255926.0,Amp5,5.28
X-5307,ADAM9,8754.0,Amp5,5.28
X-5307,ADCK5,203054.0,Amp5,5.24
X-5307,ADCY8,114.0,Amp5,5.17
X-5307,ADHFE1,137872.0,Amp5,5.24
X-5307,ADRB3,155.0,Amp5,5.43
X-5307,AGAP5,729092.0,MutNovel,"K400Q,0.333"
X-5307,AGAP8,728404.0,MutNovel,"R610C,1.000"
X-5307,AGPAT6,137964.0,Amp5,5.28
X-5307,AHNAK2,113146.0,MutNovel,"K2789Q,0.304"
X-5307,AMELY,266.0,Del0.8,0.2
X-5307,ANGPT1,284.0,Amp5,5.24
X-5307,ANK1,286.0,Amp5,5.28
X-5307,ANKLE1,126549.0,MutNovel,"Q276E,0.646"
X-5307,ANKRD11,29123.0,MutNovel,"R2391H,0.224"
X-5307,ANKRD12,23253.0,MutKnownFunctional,"-867,0.211"
X-5307,ANKRD46,157567.0,Amp5,5.24
X-5307,ANXA13,312.0,Amp5,5.17
X-5307,AP3M2,10947.0,Amp5,5.28
X-5307,ARC,23237.0,Amp5,6.23
X-5307,ARFGEF1,10565.0,Amp5,5.24
X-5307,ARHGAP21,57584.0,MutNovel,"T602A,0.457"
X-5307,ARHGAP39,80728.0,Amp5,5.24
X-5307,ARIH2,10425.0,MutNovel,"V350M,0.468"
X-5307,ARMC1,55156.0,Amp5,5.24
X-5307,ART5,116969.0,MutNovel,"-25P,1.000"
X-5307,ARV1,64801.0,MutKnownFunctional,"-170?,0.281"
X-5307,ASAH1,427.0,Amp5,5.28
X-5307,ASAP1,50807.0,Amp5,5.17
X-5307,ASAP1-IT1,29065.0,Amp5,5.17
X-5307,ASH2L,9070.0,Amp5,5.43
X-5307,ASPH,444.0,Amp5,5.24
X-5307,ATAD2,29028.0,Amp5,5.17
X-5307,ATP6V0D2,245972.0,Amp5,5.35
X-5307,ATP6V1B2,526.0,Amp5,5.28
X-5307,ATP6V1C1,528.0,Amp5,5.24
X-5307,ATP6V1H,51606.0,Amp5,5.28
X-5307,AVEN,57099.0,MutNovel,"GGGGG41G,0.533"
X-5307,AZIN1,51582.0,Amp5,5.24
X-5307,BAALC,79870.0,Amp5,5.24
X-5307,BAG4,9530.0,Amp5,5.43
X-5307,BAI1,575.0,Amp5,6.23
X-5307,BBS10,79738.0,MutKnownFunctional,"-91?,1.000"
X-5307,BCORP1,286554.0,Del0.8,0.19
X-5307,BFSP1,631.0,MutNovel,"T638I,1.000"
X-5307,BHLHE22,27319.0,Amp5,5.24
X-5307,BMP6,654.0,MutNovel,"R28Q,0.379"
X-5307,BOP1,23246.0,MutNovel,"L470Q,0.750"
X-5307,BOP1,23246.0,MutNovel,"K339R,0.800"
X-5307,BOP1,23246.0,Amp5,6.77
X-5307,BPY2B,442867.0,Del0.8,0.07
X-5307,BPY2B,442867.0,Del0.8,0.12
X-5307,BREA2,286076.0,Amp5,6.77
X-5307,BRF2,55290.0,Amp5,5.43
X-5307,C10orf47,254427.0,MutNovel,"P323R,0.857"
X-5307,C21orf58,54058.0,MutNovel,"H299PN,0.434"
X-5307,C8orf22,492307.0,Amp5,5.28
X-5307,C8orf31,286122.0,Amp5,6.23
X-5307,C8orf33,65265.0,Amp5,5.24
X-5307,C8orf34,116328.0,Amp5,5.24
X-5307,C8orf37,157657.0,Amp5,5.24
X-5307,C8orf4,56892.0,Amp5,5.28
X-5307,C8orf40,114926.0,Amp5,5.28
X-5307,C8orf44,56260.0,Amp5,5.24
X-5307,C8orf44-SGK3,100533105.0,Amp5,5.24
X-5307,C8orf46,254778.0,Amp5,5.24
X-5307,C8orf47,203111.0,Amp5,5.24
X-5307,C8orf48,157773.0,Amp5,5.24
X-5307,C8orf56,157556.0,Amp5,5.24
X-5307,C8orf59,401466.0,Amp5,5.35
X-5307,C8orf73,642475.0,Amp5,6.77
X-5307,C8orf76,84933.0,Amp5,5.17
X-5307,C8orf82,414919.0,Amp5,5.24
X-5307,C8orf86,389649.0,Amp5,5.28
X-5307,CA1,759.0,Amp5,5.35
X-5307,CA13,377677.0,Amp5,5.35
X-5307,CA2,760.0,Amp5,5.35
X-5307,CA3,761.0,Amp5,5.35
X-5307,CA8,767.0,Amp5,5.24
X-5307,CALB1,793.0,Amp5,5.24
X-5307,CBS,875.0,MutNovel,"V180M,0.516"
X-5307,CCDC144A,9720.0,MutNovel,"Q1091R,1.000"
X-5307,CCDC166,100130274.0,Amp5,6.77
X-5307,CCNE2,9134.0,Amp5,5.24
X-5307,CD200,4345.0,MutNovel,"R286C,0.417"
X-5307,CDH17,1015.0,Amp5,5.24
X-5307,CDY1B,253175.0,Del0.8,0.12
X-5307,CDY1B,253175.0,Del0.8,0.12
X-5307,CDY2A,9426.0,Del0.8,0.11
X-5307,CDY2A,9426.0,Del0.8,0.11
X-5307,CDY2B,203611.0,Del0.8,0.11
X-5307,CDY2B,203611.0,Del0.8,0.11
X-5307,CEBPD,1052.0,Amp5,5.17
X-5307,CEP250,11190.0,MutNovel,"E1202M,0.618"
X-5307,CGREF1,10669.0,MutNovel,"T16A,0.518"
X-5307,CHCHD7,79145.0,Amp5,5.28
X-5307,CHD7,55636.0,Amp5,5.24
X-5307,CHEK2P2,646096.0,Del0.8,0.41
X-5307,CHMP4A,29082.0,MutNovel,"G9E,0.667"
X-5307,CHMP4C,92421.0,Amp5,5.35
X-5307,CHRAC1,54108.0,Amp5,5.21
X-5307,CHRNA6,8973.0,Amp5,5.28
X-5307,CHRNB3,1142.0,Amp5,5.28
X-5307,CHST9,83539.0,Del0.8,0.79
X-5307,CLVS1,157807.0,Amp5,5.24
X-5307,CNBD1,168975.0,Amp5,5.35
X-5307,CNGB3,54714.0,Amp5,5.35
X-5307,CNOT7,29883.0,Amp5,5.5
X-5307,CNTNAP3B,728577.0,MutNovel,"R689C,1.000"
X-5307,COL14A1,7373.0,Amp5,5.35
X-5307,COL22A1,169044.0,Amp5,5.21
X-5307,COLEC10,10584.0,Amp5,5.35
X-5307,COMMD5,28991.0,Amp5,5.24
X-5307,COPS5,10987.0,Amp5,5.24
X-5307,COX6C,1345.0,Amp5,5.24
X-5307,CPA6,57094.0,Amp5,5.24
X-5307,CPNE3,8895.0,Amp5,5.35
X-5307,CPSF1,29894.0,Amp5,5.24
X-5307,CRH,1392.0,Amp5,5.24
X-5307,CRISPLD1,83690.0,Amp5,5.35
X-5307,CSGALNACT1,55790.0,Amp5,5.28
X-5307,CSMD3,114788.0,Amp5,5.43
X-5307,CSNK1D,1453.0,MutNovel,"P345T,0.984"
X-5307,CSPG4,1464.0,MutNovel,"R365Q,0.600"
X-5307,CSPG4P1Y,114758.0,Del0.8,0.12
X-5307,CSPG4P1Y,114758.0,Del0.8,0.12
X-5307,CSPP1,79848.0,Amp5,5.24
X-5307,CTHRC1,115908.0,Amp5,5.24
X-5307,CTSA,5476.0,MutNovel,"L29-,1.000"
X-5307,CXADRP2,646243.0,Del0.8,0.56
X-5307,CYC1,1537.0,Amp5,6.77
X-5307,CYHR1,50626.0,Amp5,5.24
X-5307,CYP11B1,1584.0,Amp5,6.23
X-5307,CYP11B2,1585.0,Amp5,6.23
X-5307,CYP7A1,1581.0,Amp5,5.24
X-5307,CYP7B1,9420.0,Amp5,5.24
X-5307,DAZ1,1617.0,Del0.8,0.12
X-5307,DAZ2,57055.0,Del0.8,0.12
X-5307,DAZ3,57054.0,Del0.8,0.12
X-5307,DAZ3,57054.0,Del0.8,0.12
X-5307,DAZ4,57135.0,Del0.8,0.12
X-5307,DAZ4,57135.0,Del0.8,0.12
X-5307,DCAF13,25879.0,Amp5,5.24
X-5307,DCAF4L2,138009.0,Amp5,5.35
X-5307,DCAF5,8816.0,MutNovel,"D521G,1.000"
X-5307,DCHS1,8642.0,MutNovel,"V882M,0.400"
X-5307,DCSTAMP,81501.0,Amp5,5.24
X-5307,DCTN6,10671.0,Amp5,5.24
X-5307,DDHD2,23259.0,Amp5,5.43
X-5307,DDX3Y,8653.0,Del0.8,0.19
X-5307,DECR1,1666.0,Amp5,5.24
X-5307,DENND3,22898.0,Amp5,6.23
X-5307,DENND4B,9909.0,MutNovel,"QQQ908-,0.387"
X-5307,DENND5A,23258.0,MutNovel,"D798Y,0.247"
X-5307,DEPDC1,55635.0,MutKnownFunctional,"-401,1.000"
X-5307,DEPTOR,64798.0,Amp5,5.35
X-5307,DERL1,79139.0,Amp5,5.17
X-5307,DGAT1,8694.0,Amp5,6.77
X-5307,DHRS7B,25979.0,MutKnownFunctional,"-88,1.000"
X-5307,DHTKD1,55526.0,MutNovel,"E151Q,0.234"
X-5307,DHX33,56919.0,MutNovel,"Y250C,1.000"
X-5307,DKK4,27121.0,Amp5,5.28
X-5307,DLC1,10395.0,Amp5,5.24
X-5307,DMPK,1760.0,MutNovel,"R552Q,0.658"
X-5307,DNAJC5B,85479.0,Amp5,5.24
X-5307,DNMT3A,1788.0,MutNovel,"A380T,0.858"
X-5307,DOK2,9046.0,Amp5,5.28
X-5307,DPY19L4,286148.0,MutNovel,"E506K,0.273"
X-5307,DPY19L4,286148.0,Amp5,5.24
X-5307,DPYS,1807.0,Amp5,5.24
X-5307,DSCC1,79075.0,Amp5,5.35
X-5307,DUSP4,1846.0,Amp5,5.24
X-5307,E2F5,1875.0,Amp5,5.35
X-5307,EBAG9,9166.0,Amp5,5.24
X-5307,EED,8726.0,MutNovel,"Q221H,0.517"
X-5307,EEF1D,1936.0,Amp5,6.77
X-5307,EFHA2,286097.0,Amp5,5.5
X-5307,EFR3A,23167.0,Amp5,5.21
X-5307,EID3,493861.0,MutNovel,"E72I,1.000"
X-5307,EIF1AY,9086.0,Del0.8,0.19
X-5307,EIF2C2,27161.0,Amp5,5.21
X-5307,EIF3E,3646.0,Amp5,5.24
X-5307,EIF3H,8667.0,Amp5,5.43
X-5307,EIF4EBP1,1978.0,Amp5,5.43
X-5307,ENPP2,5168.0,Amp5,5.35
X-5307,ENY2,56943.0,Amp5,5.24
X-5307,EP400,57634.0,MutNovel,"Q2742E,0.300"
X-5307,EPPK1,83481.0,Amp5,6.77
X-5307,ERLIN2,11160.0,Amp5,5.43
X-5307,ESRP1,54845.0,Amp5,5.24
X-5307,EXOSC4,54512.0,Amp5,6.77
X-5307,EXT1,2131.0,Amp5,5.35
X-5307,EXTL3,2137.0,Amp5,5.24
X-5307,FABP12,646486.0,Amp5,5.35
X-5307,FABP4,2167.0,Amp5,5.35
X-5307,FABP5,2171.0,Amp5,5.35
X-5307,FABP9,646480.0,Amp5,5.35
X-5307,FAM110B,90362.0,Amp5,5.24
X-5307,FAM135B,51059.0,Amp5,5.21
X-5307,FAM150A,389658.0,Amp5,5.28
X-5307,FAM171B,165215.0,MutNovel,"-44QQ,0.636"
X-5307,FAM197Y2P,252946.0,Del0.8,0.19
X-5307,FAM203A,51236.0,Amp5,6.77
X-5307,FAM41AY1,340618.0,Del0.8,0.11
X-5307,FAM41AY1,340618.0,Del0.8,0.11
X-5307,FAM49B,51571.0,Amp5,5.17
X-5307,FAM82B,51115.0,Amp5,5.35
X-5307,FAM83A,84985.0,Amp5,5.17
X-5307,FAM83H,286077.0,Amp5,6.77
X-5307,FAM84B,157638.0,Amp5,5.17
X-5307,FAM91A1,157769.0,Amp5,5.17
X-5307,FAM92A1,137392.0,Amp5,5.24
X-5307,FBXL6,26233.0,Amp5,6.77
X-5307,FBXO32,114907.0,Amp5,5.17
X-5307,FBXO43,286151.0,Amp5,5.24
X-5307,FDX1L,112812.0,MutNovel,"S147L,0.696"
X-5307,FER1L6,654463.0,Amp5,5.17
X-5307,FER1L6-AS1,439941.0,Amp5,5.17
X-5307,FGF20,26281.0,Amp5,5.5
X-5307,FGL1,2267.0,Amp5,5.28
X-5307,FLJ39080,441355.0,Amp5,5.35
X-5307,FLJ42969,441374.0,Amp5,5.24
X-5307,FLJ43860,389690.0,Amp5,6.23
X-5307,FNTA,2339.0,Amp5,5.28
X-5307,FOXH1,8928.0,Amp5,5.24
X-5307,FZD6,8323.0,Amp5,5.24
X-5307,GDAP1,54332.0,Amp5,5.35
X-5307,GDF6,392255.0,Amp5,5.24
X-5307,GEM,2669.0,Amp5,5.24
X-5307,GFRA2,2675.0,Amp5,5.28
X-5307,GGH,8836.0,Amp5,5.24
X-5307,GIGYF2,26058.0,MutNovel,"PQ1231P,1.000"
X-5307,GINS4,84296.0,Amp5,5.28
X-5307,GLI4,2738.0,Amp5,6.77
X-5307,GLTSCR1,29998.0,MutNovel,"P796S,0.800"
X-5307,GML,2765.0,Amp5,6.23
X-5307,GNB3,2784.0,MutNovel,"V28I,0.631"
X-5307,GOLGA2P2Y,84559.0,Del0.8,0.12
X-5307,GOLGA2P2Y,84559.0,Del0.8,0.12
X-5307,GOLGA7,51125.0,Amp5,5.28
X-5307,GOLGA8B,440270.0,MutNovel,"P469G,0.500"
X-5307,GOT1L1,137362.0,Amp5,5.43
X-5307,GPAA1,8733.0,Amp5,6.77
X-5307,GPIHBP1,338328.0,Amp5,6.23
X-5307,GPR124,25960.0,Amp5,5.43
X-5307,GPR20,2843.0,Amp5,6.23
X-5307,GPRIN1,114787.0,MutNovel,"G858S,0.542"
X-5307,GPRIN2,9721.0,MutNovel,"-238MRE,0.533"
X-5307,GPT,2875.0,Amp5,5.24
X-5307,GRHL2,79977.0,Amp5,5.24
X-5307,GRINA,2907.0,Amp5,6.77
X-5307,GSDMC,56169.0,Amp5,5.17
X-5307,GSDMD,79792.0,Amp5,6.77
X-5307,GSR,2936.0,Amp5,5.24
X-5307,GSTT2,2953.0,Del0.8,0.71
X-5307,GSTTP1,25774.0,Del0.8,0.47
X-5307,GTF2E2,2961.0,Amp5,5.24
X-5307,GYG2P1,352887.0,Del0.8,0.19
X-5307,HAS2,3037.0,Amp5,5.35
X-5307,HAS2-AS1,594842.0,Amp5,5.35
X-5307,HCFC2,29915.0,MutKnownFunctional,"-307?,0.348"
X-5307,HCN2,610.0,MutNovel,"R76H,1.000"
X-5307,HCN2,610.0,MutNovel,"V723I,0.667"
X-5307,HEATR5A,25938.0,MutNovel,"R266K,0.977"
X-5307,HEATR7A,727957.0,Amp5,6.77
X-5307,HERC2P3,283755.0,Del0.8,0.59
X-5307,HEY1,23462.0,Amp5,5.35
X-5307,HGSNAT,138050.0,Amp5,5.28
X-5307,HHLA1,10086.0,Amp5,5.21
X-5307,HLA-B,3106.0,MutNovel,"A235T,0.535"
X-5307,HLA-B,3106.0,MutNovel,"Y33S,0.320"
X-5307,HLA-DRB1,3123.0,Amp5,7.21
X-5307,HLA-DRB5,3127.0,Amp5,5.03
X-5307,HLA-DRB6,3128.0,Amp5,7.21
X-5307,HMBOX1,79618.0,Amp5,5.24
X-5307,HNF4G,3174.0,Amp5,5.35
X-5307,HNRPLL,92906.0,MutNovel,"V365I,0.840"
X-5307,HOOK3,84376.0,Amp5,5.28
X-5307,HPYR1,93668.0,Amp5,5.21
X-5307,HRSP12,10247.0,Amp5,5.24
X-5307,HSF1,3297.0,Amp5,6.77
X-5307,HSFY2,159119.0,Del0.8,0.11
X-5307,HSFY2,159119.0,Del0.8,0.11
X-5307,HSPA1A,3303.0,MutNovel,"M122K,0.316"
X-5307,HSPB11,51668.0,MutNovel,"I105T,0.996"
X-5307,HTRA4,203100.0,Amp5,5.28
X-5307,IDO1,3620.0,Amp5,5.28
X-5307,IDO2,169355.0,Amp5,5.28
X-5307,IKBKB,3551.0,Amp5,5.28
X-5307,IL7,3574.0,Amp5,5.35
X-5307,IMPA1,3612.0,Amp5,5.35
X-5307,IMPAD1,54928.0,Amp5,5.28
X-5307,INTS1,26173.0,MutNovel,"P1691L,0.992"
X-5307,INTS10,55174.0,Amp5,5.28
X-5307,INTS8,55656.0,Amp5,5.24
X-5307,INTS9,55756.0,Amp5,5.24
X-5307,ISCU,23479.0,MutKnownFunctional,"F7*,0.250"
X-5307,JPH1,56704.0,Amp5,5.35
X-5307,JRK,8629.0,Amp5,6.23
X-5307,KAT6A,7994.0,Amp5,5.28
X-5307,KCNB2,9312.0,Amp5,5.35
X-5307,KCNC3,3748.0,MutNovel,"D63G,1.000"
X-5307,KCNK9,51305.0,Amp5,5.21
X-5307,KCNQ3,3786.0,Amp5,5.21
X-5307,KCNS2,3788.0,Amp5,5.24
X-5307,KCNU1,157855.0,Amp5,5.43
X-5307,KCNV1,27012.0,Amp5,5.24
X-5307,KDM5D,8284.0,Del0.8,0.19
X-5307,KHDRBS3,10656.0,Amp5,5.21
X-5307,KIAA0146,23514.0,Amp5,5.17
X-5307,KIAA0196,9897.0,Amp5,5.17
X-5307,KIAA1429,25962.0,Amp5,5.24
X-5307,KIAA1456,57604.0,Amp5,5.24
X-5307,KIAA1875,340390.0,Amp5,6.77
X-5307,KIF13B,23303.0,Amp5,5.24
X-5307,KIFC2,90990.0,Amp5,5.24
X-5307,KLC3,147700.0,MutNovel,"A317T,0.230"
X-5307,KLF10,7071.0,Amp5,5.24
X-5307,KLHL38,340359.0,Amp5,5.17
X-5307,KLRG2,346689.0,MutNovel,"P255S,0.296"
X-5307,KRT13,3860.0,MutNovel,"G84V,0.875"
X-5307,KRT6C,286887.0,MutNovel,"Y497L,0.375"
X-5307,KRT6C,286887.0,MutNovel,"G89S,0.300"
X-5307,LACTB2,51110.0,Amp5,5.31
X-5307,LAPTM4B,55353.0,Amp5,5.24
X-5307,LARP7,51574.0,MutNovel,"KE28K,0.743"
X-5307,LCE3C,353144.0,Del0.8,0.21
X-5307,LEPROTL1,23484.0,Amp5,5.24
X-5307,LETM2,137994.0,Amp5,5.43
X-5307,LINC00051,619434.0,Amp5,6.23
X-5307,LINC00226,338004.0,Amp5,6.41
X-5307,LINC00251,552859.0,Amp5,5.24
X-5307,LINC00293,497634.0,Amp5,5.17
X-5307,LINC00535,642924.0,Amp5,5.24
X-5307,LOC100127983,100127983.0,Amp5,5.24
X-5307,LOC100128338,100128338.0,Amp5,6.77
X-5307,LOC100128993,100128993.0,Amp5,5.28
X-5307,LOC100130155,100130155.0,Amp5,5.24
X-5307,LOC100130231,100130231.0,Amp5,5.17
X-5307,LOC100130298,100130298.0,Amp5,5.24
X-5307,LOC100130301,100130301.0,Amp5,5.35
X-5307,LOC100131726,100131726.0,Amp5,5.17
X-5307,LOC100132247,100132247.0,MutNovel,"S1066L,1.000"
X-5307,LOC100132891,100132891.0,Amp5,5.35
X-5307,LOC100133669,100133669.0,Amp5,6.23
X-5307,LOC100287846,100287846.0,Amp5,5.17
X-5307,LOC100288181,100288181.0,Amp5,6.23
X-5307,LOC100288748,100288748.0,Amp5,5.24
X-5307,LOC100499183,100499183.0,Amp5,5.24
X-5307,LOC100500773,100500773.0,Amp5,5.24
X-5307,LOC100505659,100505659.0,Amp5,5.24
X-5307,LOC100505676,100505676.0,Amp5,5.24
X-5307,LOC100505718,100505718.0,Amp5,5.24
X-5307,LOC100507117,100507117.0,Amp5,5.17
X-5307,LOC100507341,100507341.0,Amp5,5.24
X-5307,LOC100507632,100507632.0,Amp5,5.28
X-5307,LOC100616530,100616530.0,Amp5,5.24
X-5307,LOC100996301,,MutNovel,"G225A,1.000"
X-5307,LOC100996473,,MutKnownFunctional,"-60,0.727"
X-5307,LOC157381,157381.0,Amp5,5.17
X-5307,LOC286094,286094.0,Amp5,5.21
X-5307,LOC286114,286114.0,Amp5,5.28
X-5307,LOC286135,286135.0,Amp5,5.24
X-5307,LOC286177,286177.0,Amp5,5.24
X-5307,LOC286184,286184.0,Amp5,5.24
X-5307,LOC286186,286186.0,Amp5,5.24
X-5307,LOC286189,286189.0,Amp5,5.24
X-5307,LOC286190,286190.0,Amp5,5.31
X-5307,LOC348120,348120.0,Del0.8,0.4
X-5307,LOC392232,392232.0,Amp5,5.35
X-5307,LOC401463,401463.0,Amp5,5.24
X-5307,LOC646214,646214.0,Del0.8,0.56
X-5307,LOC727677,727677.0,Amp5,5.17
X-5307,LOC727924,727924.0,Del0.8,0.56
X-5307,LOC728024,728024.0,Amp5,5.43
X-5307,LOC728724,728724.0,Amp5,5.17
X-5307,LOC728888,,MutNovel,"G1064P,0.500"
X-5307,LOC729162,,MutKnownFunctional,"R44*,1.000"
X-5307,LOC729737,729737.0,Del0.8,0.72
X-5307,LOC731779,731779.0,Amp5,6.23
X-5307,LPL,4023.0,Amp5,5.28
X-5307,LRP12,29967.0,Amp5,5.24
X-5307,LRRC14,9684.0,Amp5,5.24
X-5307,LRRC24,441381.0,Amp5,5.24
X-5307,LRRC6,23639.0,Amp5,5.21
X-5307,LRRC69,100130742.0,Amp5,5.24
X-5307,LRRCC1,85444.0,Amp5,5.35
X-5307,LSM1,27257.0,Amp5,5.43
X-5307,LSR,51599.0,MutNovel,"G518GR,1.000"
X-5307,LY6D,8581.0,Amp5,6.23
X-5307,LY6E,4061.0,Amp5,6.23
X-5307,LY6H,4062.0,Amp5,6.23
X-5307,LY6K,54742.0,Amp5,6.23
X-5307,LY96,23643.0,Amp5,5.35
X-5307,LYN,4067.0,Amp5,5.28
X-5307,LYNX1,66004.0,Amp5,6.23
X-5307,LYPD2,137797.0,Amp5,6.23
X-5307,LYPLA1,10434.0,Amp5,5.28
X-5307,LZTS1,11178.0,Amp5,5.28
X-5307,MACROD2,140733.0,Del0.8,0.48
X-5307,MAF1,84232.0,Amp5,6.77
X-5307,MAFA,389692.0,Amp5,6.77
X-5307,MAL2,114569.0,Amp5,5.35
X-5307,MAP3K4,4216.0,MutNovel,"PA1189P,1.000"
X-5307,MAP4K4,9448.0,MutNovel,"P500L,0.675"
X-5307,MAPK15,225689.0,Amp5,6.77
X-5307,MATN2,4147.0,Amp5,5.24
X-5307,MBOAT4,619373.0,Amp5,5.24
X-5307,MCC,4163.0,MutNovel,"G23S,0.500"
X-5307,MED30,90390.0,Amp5,5.35
X-5307,MEF2A,4205.0,MutNovel,"QQ412-,0.565"
X-5307,MFSD3,113655.0,Amp5,5.24
X-5307,MIR1204,100302185.0,Amp5,5.17
X-5307,MIR1205,100302161.0,Amp5,5.17
X-5307,MIR1206,100302170.0,Amp5,5.17
X-5307,MIR1207,100302175.0,Amp5,5.17
X-5307,MIR1208,100302281.0,Amp5,5.17
X-5307,MIR1234,100302196.0,Amp5,5.24
X-5307,MIR124-2,406908.0,Amp5,5.24
X-5307,MIR2052,100302260.0,Amp5,5.35
X-5307,MIR2053,100302225.0,Amp5,5.43
X-5307,MIR30B,407030.0,Amp5,5.21
X-5307,MIR30D,407033.0,Amp5,5.21
X-5307,MIR3148,100422876.0,Amp5,5.24
X-5307,MIR3150A,100422964.0,Amp5,5.24
X-5307,MIR3150B,100500907.0,Amp5,5.24
X-5307,MIR3151,100422992.0,Amp5,5.24
X-5307,MIR3610,100500914.0,Amp5,5.43
X-5307,MIR378D2,100616169.0,Amp5,5.24
X-5307,MIR383,494332.0,Amp5,5.24
X-5307,MIR4469,100616115.0,Amp5,5.28
X-5307,MIR4470,100616484.0,Amp5,5.24
X-5307,MIR4471,100616451.0,Amp5,5.24
X-5307,MIR4472-1,100616268.0,Amp5,6.23
X-5307,MIR4661,100616245.0,Amp5,5.24
X-5307,MIR4663,100616260.0,Amp5,5.17
X-5307,MIR4664,100616318.0,Amp5,6.77
X-5307,MIR4675,100616383.0,Del0.8,0.6
X-5307,MIR486,619554.0,Amp5,5.28
X-5307,MIR548O2,100616190.0,Amp5,5.24
X-5307,MIR599,693184.0,Amp5,5.24
X-5307,MIR661,724031.0,Amp5,6.77
X-5307,MIR875,100126309.0,Amp5,5.24
X-5307,MIR937,100126338.0,Amp5,6.77
X-5307,MIR939,100126351.0,Amp5,5.24
X-5307,MMP16,4325.0,Amp5,5.35
X-5307,MORN3,283385.0,MutKnownFunctional,"-9?,0.350"
X-5307,MOS,4342.0,Amp5,5.28
X-5307,MPRIP,23164.0,MutNovel,"TS178T,1.000"
X-5307,MRPL13,28998.0,Amp5,5.35
X-5307,MRPL15,29088.0,Amp5,5.28
X-5307,MRPL55,128308.0,MutNovel,"A21V,0.500"
X-5307,MRPS28,28957.0,Amp5,5.35
X-5307,MSC,9242.0,Amp5,5.35
X-5307,MSR1,4481.0,Amp5,5.5
X-5307,MST1,4485.0,MutNovel,"R513G,0.222"
X-5307,MST1,4485.0,MutNovel,"R108H,0.455"
X-5307,MTBP,27085.0,Amp5,5.35
X-5307,MTDH,92140.0,Amp5,5.24
X-5307,MTERFD1,51001.0,Amp5,5.24
X-5307,MTFR1,9650.0,Amp5,5.24
X-5307,MTMR10,54893.0,MutNovel,"K24E,0.396"
X-5307,MTMR7,9108.0,Amp5,5.5
X-5307,MTSS1,9788.0,Amp5,5.17
X-5307,MTX1,4580.0,MutNovel,"F351L,0.358"
X-5307,MUC5B,727897.0,MutNovel,"R2086S,0.208"
X-5307,MUC5B,727897.0,MutNovel,"M2869T,0.875"
X-5307,MUC5B,727897.0,MutNovel,"STTTTP4620S,1.000"
X-5307,MXRA7,439921.0,MutNovel,"A13S,0.971"
X-5307,MYBL1,4603.0,Amp5,5.24
X-5307,MYC,4609.0,Amp5,5.17
X-5307,NACAP1,83955.0,Amp5,5.24
X-5307,NAPRT1,93100.0,Amp5,6.77
X-5307,NAT1,9.0,Amp5,5.28
X-5307,NAT2,10.0,Amp5,5.28
X-5307,NBEAP1,606.0,Del0.8,0.4
X-5307,NBN,4683.0,Amp5,5.24
X-5307,NBPF1,55672.0,MutNovel,"L608R,0.333"
X-5307,NBPF1,55672.0,MutNovel,"R104L,0.375"
X-5307,NBPF10,100132406.0,MutNovel,"S1389R,1.000"
X-5307,NBPF10,100132406.0,MutNovel,"G3070D,0.750"
X-5307,NBPF9,400818.0,MutNovel,"Q184R,0.229"
X-5307,NCALD,83988.0,Amp5,5.24
X-5307,NCOA2,10499.0,Amp5,5.31
X-5307,NCOR2,9612.0,MutNovel,"G1839GAAA,0.983"
X-5307,NCRNA00185,55410.0,Del0.8,0.19
X-5307,NDRG1,10397.0,Amp5,5.21
X-5307,NDUFB9,4715.0,Amp5,5.17
X-5307,NECAB1,64168.0,Amp5,5.24
X-5307,NEFH,4744.0,MutNovel,"KAKSPEKEE651K,0.506"
X-5307,NF1P2,440225.0,Del0.8,0.47
X-5307,NIPAL2,79815.0,Amp5,5.24
X-5307,NKAIN3,286183.0,Amp5,5.24
X-5307,NKX6-3,157848.0,Amp5,5.28
X-5307,NLGN4Y,22829.0,Del0.8,0.19
X-5307,NMNAT3,349565.0,MutNovel,"R146P,0.472"
X-5307,NOV,4856.0,Amp5,5.35
X-5307,NPBWR1,2831.0,Amp5,5.28
X-5307,NR1H2,7376.0,MutNovel,"-173Q,1.000"
X-5307,NRBP2,340371.0,Amp5,6.77
X-5307,NRG1,3084.0,Amp5,5.24
X-5307,NSMAF,8439.0,Amp5,5.24
X-5307,NSMCE2,286053.0,Amp5,5.17
X-5307,NUDCD1,84955.0,Amp5,5.24
X-5307,NUDT11,55190.0,MutKnownFunctional,"-1,1.000"
X-5307,OBP2A,29991.0,MutNovel,"F90Y,1.000"
X-5307,OC90,729330.0,Amp5,5.21
X-5307,ODF1,4956.0,Amp5,5.24
X-5307,ODF3B,440836.0,Del0.8,0.54
X-5307,OPLAH,26873.0,Amp5,6.77
X-5307,OPRK1,4986.0,Amp5,5.28
X-5307,OR4F5,79501.0,Del0.8,0.72
X-5307,OR4M2,390538.0,Del0.8,0.56
X-5307,OR4N3P,390539.0,Del0.8,0.56
X-5307,OR4N4,283694.0,Del0.8,0.56
X-5307,ORAI1,84876.0,MutNovel,"PP43-,1.000"
X-5307,OSGIN2,734.0,Amp5,5.24
X-5307,OSR2,116039.0,Amp5,5.24
X-5307,OTUD6B,51633.0,Amp5,5.24
X-5307,OVOS,,MutNovel,"Q421H,1.000"
X-5307,OVOS,,MutNovel,"V427L,0.353"
X-5307,OVOS,,MutNovel,"F444L,0.596"
X-5307,OVOS,,MutNovel,"I478L,0.600"
X-5307,OVOS,,MutNovel,"C536Y,0.500"
X-5307,OVOS,,MutNovel,"Q859K,1.000"
X-5307,OVOS,,MutNovel,"S989N,0.333"
X-5307,OVOS,,MutNovel,"P1125T,0.778"
X-5307,OXR1,55074.0,Amp5,5.24
X-5307,PABPC1,26986.0,Amp5,5.24
X-5307,PABPC3,5042.0,MutKnownFunctional,"-228,0.273"
X-5307,PABPC3,5042.0,MutKnownFunctional,"-612,0.462"
X-5307,PAG1,55824.0,Amp5,5.35
X-5307,PARP10,84875.0,Amp5,6.77
X-5307,PCAT1,100750225.0,Amp5,5.17
X-5307,PCDH11Y,83259.0,Del0.8,0.24
X-5307,PCM1,5108.0,Amp5,5.28
X-5307,PCMTD1,115294.0,Amp5,5.28
X-5307,PDE7A,5150.0,Amp5,5.24
X-5307,PDGFRL,5157.0,Amp5,5.5
X-5307,PDP1,54704.0,Amp5,5.24
X-5307,PENK,5179.0,Amp5,5.28
X-5307,PEX2,5828.0,Amp5,5.35
X-5307,PHF20L1,51105.0,Amp5,5.21
X-5307,PHLDA1,22822.0,MutNovel,"QQ194Q,1.000"
X-5307,PI15,51050.0,Amp5,5.35
X-5307,PIAS3,10401.0,MutNovel,"TL99M,0.409"
X-5307,PKHD1L1,93035.0,Amp5,5.24
X-5307,PKIA,5569.0,Amp5,5.35
X-5307,PLAG1,5324.0,Amp5,5.28
X-5307,PLAT,5327.0,Amp5,5.28
X-5307,PLCD4,84812.0,MutNovel,"R530C,0.828"
X-5307,PLEC,5339.0,Amp5,6.77
X-5307,PLEKHA2,59339.0,Amp5,5.28
X-5307,PLEKHF2,79666.0,Amp5,5.24
X-5307,PMP2,5375.0,Amp5,5.35
X-5307,POLB,5423.0,Amp5,5.28
X-5307,POLR2K,5440.0,Amp5,5.24
X-5307,POP1,10940.0,Amp5,5.24
X-5307,POTEA,340441.0,Amp5,5.28
X-5307,POTEB,339010.0,Del0.8,0.47
X-5307,POTEE,445582.0,MutNovel,"I803M,0.550"
X-5307,POU5F1B,5462.0,Amp5,5.17
X-5307,PPAPDC1B,84513.0,Amp5,5.43
X-5307,PPFIA3,8541.0,MutNovel,"A416V,0.476"
X-5307,PPP1R16A,84988.0,Amp5,5.24
X-5307,PPP1R42,286187.0,Amp5,5.24
X-5307,PPP2CB,5516.0,Amp5,5.24
X-5307,PRDM14,63978.0,Amp5,5.31
X-5307,PREX2,80243.0,Amp5,5.24
X-5307,PRKY,5616.0,Del0.8,0.2
X-5307,PROSC,11212.0,Amp5,5.43
X-5307,PRY,9081.0,Del0.8,0.19
X-5307,PRY,9081.0,Del0.8,0.12
X-5307,PRY2,442862.0,Del0.8,0.12
X-5307,PRY2,442862.0,Del0.8,0.19
X-5307,PSCA,8000.0,Amp5,6.23
X-5307,PSD3,23362.0,Amp5,5.28
X-5307,PSKH2,85481.0,Amp5,5.35
X-5307,PTDSS1,9791.0,Amp5,5.24
X-5307,PTK2,5747.0,Amp5,5.21
X-5307,PTP4A3,11156.0,Amp5,6.23
X-5307,PTTG3P,26255.0,Amp5,5.24
X-5307,PUF60,22827.0,Amp5,6.77
X-5307,PURG,29942.0,Amp5,5.24
X-5307,PVRIG,79037.0,MutNovel,"H23R,0.300"
X-5307,PVT1,5820.0,Amp5,5.17
X-5307,PXDNL,137902.0,Amp5,5.28
X-5307,PYCRL,65263.0,Amp5,6.77
X-5307,RAB11FIP1,80223.0,Amp5,5.43
X-5307,RAB2A,5862.0,Amp5,5.24
X-5307,RAD21,5885.0,Amp5,5.43
X-5307,RAD21-AS1,644660.0,Amp5,5.43
X-5307,RAD54B,25788.0,Amp5,5.24
X-5307,RAET1G,353091.0,MutNovel,"I114T,0.500"
X-5307,RALYL,138046.0,Amp5,5.35
X-5307,RB1CC1,9821.0,Amp5,5.28
X-5307,RBM12B,389677.0,Amp5,5.24
X-5307,RBMY1A3P,286557.0,Del0.8,0.19
X-5307,RBMY1B,378948.0,Del0.8,0.19
X-5307,RBMY1B,378948.0,Del0.8,0.19
X-5307,RBMY1E,378950.0,Del0.8,0.19
X-5307,RBMY1E,378950.0,Del0.8,0.19
X-5307,RBMY1F,159163.0,Del0.8,0.15
X-5307,RBMY1F,159163.0,Del0.8,0.19
X-5307,RBMY1J,378951.0,Del0.8,0.12
X-5307,RBMY1J,378951.0,Del0.8,0.19
X-5307,RBMY2EP,159125.0,Del0.8,0.19
X-5307,RBMY2FP,159162.0,Del0.8,0.19
X-5307,RBMY3AP,64593.0,Del0.8,0.19
X-5307,RBPMS,11030.0,Amp5,5.24
X-5307,RDH10,157506.0,Amp5,5.35
X-5307,RECQL4,9401.0,Amp5,5.24
X-5307,REREP3,646396.0,Del0.8,0.56
X-5307,REXO1L1,254958.0,Amp5,5.35
X-5307,REXO1L2P,100288527.0,Amp5,5.35
X-5307,REXO1L2P,100288527.0,Amp5,5.35
X-5307,RGL3,57139.0,MutNovel,"S48G,1.000"
X-5307,RGS20,8601.0,Amp5,5.28
X-5307,RGS22,26166.0,Amp5,5.24
X-5307,RHPN1,114822.0,Amp5,6.77
X-5307,RIMS2,9699.0,Amp5,5.24
X-5307,RIN3,79890.0,MutNovel,"G967-,1.000"
X-5307,RIPK2,8767.0,Amp5,5.24
X-5307,RNF139,11236.0,Amp5,5.17
X-5307,RNF170,81790.0,Amp5,5.28
X-5307,RNF19A,25897.0,Amp5,5.24
X-5307,RNF5P1,286140.0,Amp5,5.28
X-5307,ROBO1,6091.0,MutNovel,"F264S,0.226"
X-5307,RP1,6101.0,Amp5,5.28
X-5307,RPL30,6156.0,Amp5,5.24
X-5307,RPL7,6129.0,Amp5,5.35
X-5307,RPL8,6132.0,Amp5,5.24
X-5307,RPRD2,23248.0,MutNovel,"R729W,0.545"
X-5307,RPS20,6224.0,Amp5,5.28
X-5307,RPS4Y1,6192.0,Del0.8,0.24
X-5307,RPS4Y2,140032.0,Del0.8,0.19
X-5307,RRM2B,50484.0,Amp5,5.24
X-5307,RRS1,23212.0,Amp5,5.24
X-5307,RSPO2,340419.0,Amp5,5.24
X-5307,RUFY1,80230.0,MutNovel,"K460N,0.463"
X-5307,RUNX1T1,862.0,Amp5,5.24
X-5307,RYR3,6263.0,MutNovel,"LE4438L,1.000"
X-5307,SAMD12,401474.0,Amp5,5.35
X-5307,SAMD12-AS1,552860.0,Amp5,5.35
X-5307,SBF1P1,100133234.0,Amp5,5.28
X-5307,SCRIB,23513.0,Amp5,6.77
X-5307,SCRT1,83482.0,Amp5,6.77
X-5307,SCXA,100129885.0,Amp5,6.77
X-5307,SDC2,6383.0,Amp5,5.24
X-5307,SDCBP,6386.0,Amp5,5.24
X-5307,SDR16C5,195814.0,Amp5,5.28
X-5307,SERINC2,347735.0,MutNovel,"-373Q,1.000"
X-5307,SFRP1,6422.0,Amp5,5.28
X-5307,SGCZ,137868.0,Amp5,5.24
X-5307,SGK196,84197.0,Amp5,5.28
X-5307,SGK223,157285.0,MutNovel,"V130I,1.000"
X-5307,SGK3,23678.0,Amp5,5.24
X-5307,SGSM3,27352.0,MutNovel,"A209T,0.718"
X-5307,SH2D4A,63898.0,Amp5,5.28
X-5307,SHARPIN,81858.0,Amp5,6.77
X-5307,SLA,6503.0,Amp5,5.21
X-5307,SLC10A5,347051.0,Amp5,5.35
X-5307,SLC11A1,6556.0,MutNovel,"A505T,1.000"
X-5307,SLC15A4,121260.0,MutKnownFunctional,"-88,0.500"
X-5307,SLC18A1,6570.0,Amp5,5.28
X-5307,SLC20A2,6575.0,Amp5,5.28
X-5307,SLC22A31,146429.0,MutNovel,"P288H,0.307"
X-5307,SLC25A32,81034.0,Amp5,5.24
X-5307,SLC26A7,115111.0,Amp5,5.24
X-5307,SLC2A3,6515.0,MutNovel,"E482G,0.700"
X-5307,SLC30A8,169026.0,Amp5,5.43
X-5307,SLC39A4,55630.0,Amp5,5.24
X-5307,SLC45A4,57210.0,Amp5,6.23
X-5307,SLC7A13,157724.0,Amp5,5.35
X-5307,SLC7A2,6542.0,Amp5,5.5
X-5307,SLCO5A1,81796.0,Amp5,5.24
X-5307,SLURP1,57152.0,Amp5,6.23
X-5307,SNHG6,641638.0,Amp5,5.24
X-5307,SNORA72,26775.0,Amp5,5.24
X-5307,SNORD54,26795.0,Amp5,5.28
X-5307,SNORD87,641648.0,Amp5,5.24
X-5307,SNTB1,6641.0,Amp5,5.35
X-5307,SNTG1,54212.0,Amp5,5.28
X-5307,SNX16,64089.0,Amp5,5.35
X-5307,SNX31,169166.0,Amp5,5.24
X-5307,SOX17,64321.0,Amp5,5.28
X-5307,SPAG1,6674.0,Amp5,5.24
X-5307,SPARCL1,8404.0,MutNovel,"S240C,0.513"
X-5307,SPATC1,375686.0,Amp5,6.77
X-5307,SPDYE5,442590.0,MutNovel,"P257L,0.250"
X-5307,SPG20,23111.0,MutNovel,"K62E,1.000"
X-5307,SQLE,6713.0,Amp5,5.17
X-5307,SREBF1,6720.0,MutNovel,"P1021L,0.992"
X-5307,SRY,6736.0,Del0.8,0.24
X-5307,ST18,9705.0,Amp5,5.28
X-5307,ST3GAL1,6482.0,Amp5,5.21
X-5307,STAR,6770.0,Amp5,5.43
X-5307,STARD9,57519.0,MutNovel,"A672V,0.333"
X-5307,STAU2,27067.0,Amp5,5.35
X-5307,STK3,6788.0,Amp5,5.24
X-5307,STMN2,11075.0,Amp5,5.35
X-5307,SULF1,23213.0,Amp5,5.24
X-5307,SVOPL,136306.0,MutNovel,"T91K,1.000"
X-5307,SYBU,55638.0,Amp5,5.24
X-5307,TACC1,6867.0,Amp5,5.28
X-5307,TAF2,6873.0,Amp5,5.35
X-5307,TAG,404663.0,Del0.8,0.68
X-5307,TATDN1,83940.0,Amp5,5.17
X-5307,TBC1D30,23329.0,MutNovel,"P686L,1.000"
X-5307,TBL1Y,90665.0,Del0.8,0.2
X-5307,TBP,6908.0,MutNovel,"-64Q,1.000"
X-5307,TBP,6908.0,MutNovel,"Q72-,0.816"
X-5307,TBRG4,9238.0,MutNovel,"Q456H,1.000"
X-5307,TCEA1,6917.0,Amp5,5.28
X-5307,TCEB1,6921.0,Amp5,5.35
X-5307,TCERG1,10915.0,MutNovel,"QAQA210-,0.238"
X-5307,TCF24,100129654.0,Amp5,5.24
X-5307,TERF1,7013.0,Amp5,5.35
X-5307,TET2,54790.0,MutNovel,"T97A,0.609"
X-5307,TEX15,56154.0,Amp5,5.24
X-5307,TG,7038.0,Amp5,5.21
X-5307,TGIF2LY,90655.0,Del0.8,0.24
X-5307,TGS1,96764.0,Amp5,5.28
X-5307,THAP1,55145.0,Amp5,5.28
X-5307,TIGD5,84948.0,Amp5,6.77
X-5307,TM2D2,83877.0,Amp5,5.28
X-5307,TMBIM4,51643.0,MutKnownFunctional,"-174?,0.893"
X-5307,TMED10P1,286102.0,Amp5,5.24
X-5307,TMEM129,92305.0,MutKnownFunctional,"-316CR?,0.430"
X-5307,TMEM129,92305.0,MutNovel,"Q311H,0.389"
X-5307,TMEM183B,,MutNovel,"A80T,0.400"
X-5307,TMEM184A,202915.0,MutNovel,"G392GA,1.000"
X-5307,TMEM218,219854.0,MutNovel,"L12S,1.000"
X-5307,TMEM55A,55529.0,Amp5,5.24
X-5307,TMEM64,169200.0,Amp5,5.24
X-5307,TMEM65,157378.0,Amp5,5.17
X-5307,TMEM66,51669.0,Amp5,5.24
X-5307,TMEM67,91147.0,Amp5,5.24
X-5307,TMEM68,137695.0,Amp5,5.28
X-5307,TMEM70,54968.0,Amp5,5.35
X-5307,TMEM71,137835.0,Amp5,5.21
X-5307,TMEM74,157753.0,Amp5,5.24
X-5307,TMSB4Y,9087.0,Del0.8,0.19
X-5307,TNFRSF11B,4982.0,Amp5,5.35
X-5307,TONSL,4796.0,Amp5,5.24
X-5307,TOP1MT,116447.0,Amp5,6.77
X-5307,TOPORS,10210.0,MutNovel,"S1023L,0.382"
X-5307,TOX,9760.0,Amp5,5.24
X-5307,TP53,7157.0,MutLikelyFunctional,"S241F,1.000"
X-5307,TP53INP1,94241.0,Amp5,5.24
X-5307,TPD52,7163.0,Amp5,5.35
X-5307,TRAM1,23471.0,Amp5,5.31
X-5307,TRAPPC9,83696.0,Amp5,5.21
X-5307,TRHR,7201.0,Amp5,5.24
X-5307,TRIB1,10221.0,Amp5,5.17
X-5307,TRIM55,84675.0,Amp5,5.24
X-5307,TRIM8,81603.0,MutKnownFunctional,"-550,0.511"
X-5307,TRMT12,55039.0,Amp5,5.17
X-5307,TRPA1,8989.0,Amp5,5.35
X-5307,TRPS1,7227.0,Amp5,5.43
X-5307,TSNARE1,203062.0,Amp5,6.23
X-5307,TSPY1,7258.0,Del0.8,0.19
X-5307,TSPY2,64591.0,Del0.8,0.24
X-5307,TSPY3,728137.0,Del0.8,0.19
X-5307,TSPY4,728395.0,Del0.8,0.19
X-5307,TSPY8,728403.0,Del0.8,0.19
X-5307,TSPYL1,7259.0,MutNovel,"V176VW,1.000"
X-5307,TSPYL5,85453.0,Amp5,5.24
X-5307,TSTA3,7264.0,Amp5,6.77
X-5307,TTPA,7274.0,Amp5,5.24
X-5307,TTTY10,246119.0,Del0.8,0.19
X-5307,TTTY11,83866.0,Del0.8,0.19
X-5307,TTTY12,83867.0,Del0.8,0.19
X-5307,TTTY13,83868.0,Del0.8,0.19
X-5307,TTTY14,83869.0,Del0.8,0.19
X-5307,TTTY15,64595.0,Del0.8,0.19
X-5307,TTTY16,252948.0,Del0.8,0.19
X-5307,TTTY17A,252949.0,Del0.8,0.12
X-5307,TTTY17A,252949.0,Del0.8,0.12
X-5307,TTTY18,252950.0,Del0.8,0.19
X-5307,TTTY19,252952.0,Del0.8,0.19
X-5307,TTTY1B,100101116.0,Del0.8,0.1
X-5307,TTTY1B,100101116.0,Del0.8,0.19
X-5307,TTTY2,60439.0,Del0.8,0.19
X-5307,TTTY2,60439.0,Del0.8,0.1
X-5307,TTTY20,252951.0,Del0.8,0.19
X-5307,TTTY21,252953.0,Del0.8,0.2
X-5307,TTTY21,252953.0,Del0.8,0.19
X-5307,TTTY22,252954.0,Del0.8,0.19
X-5307,TTTY23,252955.0,Del0.8,0.19
X-5307,TTTY23,252955.0,Del0.8,0.24
X-5307,TTTY3,114760.0,Del0.8,0.12
X-5307,TTTY3,114760.0,Del0.8,0.12
X-5307,TTTY4,114761.0,Del0.8,0.12
X-5307,TTTY4,114761.0,Del0.8,0.07
X-5307,TTTY5,83863.0,Del0.8,0.19
X-5307,TTTY6,84672.0,Del0.8,0.19
X-5307,TTTY6,84672.0,Del0.8,0.12
X-5307,TTTY7,246122.0,Del0.8,0.2
X-5307,TTTY7,246122.0,Del0.8,0.19
X-5307,TTTY7B,100101120.0,Del0.8,0.19
X-5307,TTTY7B,100101120.0,Del0.8,0.2
X-5307,TTTY8,84673.0,Del0.8,0.2
X-5307,TTTY8,84673.0,Del0.8,0.19
X-5307,TTTY9A,83864.0,Del0.8,0.11
X-5307,TTTY9A,83864.0,Del0.8,0.11
X-5307,TUSC1,286319.0,MutNovel,"-48A,1.000"
X-5307,TXLNG2P,246126.0,Del0.8,0.19
X-5307,TYMP,1890.0,Del0.8,0.74
X-5307,UBE2W,55284.0,Amp5,5.35
X-5307,UBR5,51366.0,Amp5,5.24
X-5307,UBXN2B,137886.0,Amp5,5.24
X-5307,UBXN8,7993.0,Amp5,5.24
X-5307,UG0898H09,643763.0,Amp5,5.24
X-5307,UNC5D,137970.0,Amp5,5.43
X-5307,UQCRB,7381.0,Amp5,5.24
X-5307,USP36,57602.0,MutNovel,"KKK958K,1.000"
X-5307,USP9Y,8287.0,Del0.8,0.19
X-5307,UTP23,84294.0,Amp5,5.43
X-5307,UTRN,7402.0,MutNovel,"R1692C,1.000"
X-5307,UTY,7404.0,Del0.8,0.19
X-5307,VCPIP1,80124.0,Amp5,5.24
X-5307,VCY,9084.0,Del0.8,0.19
X-5307,VCY,9084.0,Del0.8,0.19
X-5307,VDAC3,7419.0,Amp5,5.28
X-5307,VPS13B,157680.0,Amp5,5.24
X-5307,VPS28,51160.0,Amp5,5.24
X-5307,VPS37A,137492.0,Amp5,5.5
X-5307,WASH1,100287171.0,MutNovel,"P321S,0.400"
X-5307,WBP4,11193.0,MutNovel,"A71G,1.000"
X-5307,WDR67,93594.0,Amp5,5.17
X-5307,WDYHV1,55093.0,Amp5,5.17
X-5307,WHSC1L1,54904.0,Amp5,5.43
X-5307,WHSC2,7469.0,MutNovel,"G58S,0.613"
X-5307,WISP1,8840.0,Amp5,5.21
X-5307,WRN,7486.0,Amp5,5.24
X-5307,WWP1,11059.0,Amp5,5.35
X-5307,XKR4,114786.0,Amp5,5.28
X-5307,XKR9,389668.0,Amp5,5.31
X-5307,XKRY2,353515.0,Del0.8,0.11
X-5307,XKRY2,353515.0,Del0.8,0.11
X-5307,YTHDF3,253943.0,Amp5,5.24
X-5307,YWHAZ,7534.0,Amp5,5.24
X-5307,ZBTB10,65986.0,Amp5,5.35
X-5307,ZC3H3,23144.0,Amp5,6.77
X-5307,ZDHHC2,51201.0,Amp5,5.5
X-5307,ZFAND1,79752.0,Amp5,5.35
X-5307,ZFAT,57623.0,Amp5,5.21
X-5307,ZFAT-AS1,594840.0,Amp5,5.21
X-5307,ZFHX4,79776.0,Amp5,5.35
X-5307,ZFP41,286128.0,Amp5,6.77
X-5307,ZFPM2,23414.0,Amp5,5.24
X-5307,ZFY,7544.0,Del0.8,0.24
X-5307,ZHX1,11244.0,Amp5,5.17
X-5307,ZHX1-C8ORF76,100533106.0,Amp5,5.17
X-5307,ZHX2,22882.0,Amp5,5.35
X-5307,ZMAT4,79698.0,Amp5,5.28
X-5307,ZNF140,7699.0,MutKnownFunctional,"R172*,1.000"
X-5307,ZNF141,7700.0,MutNovel,"D24A,0.268"
X-5307,ZNF16,7564.0,Amp5,5.24
X-5307,ZNF219,51222.0,MutNovel,"QPP233P,1.000"
X-5307,ZNF250,58500.0,MutNovel,"W120G,0.204"
X-5307,ZNF250,58500.0,Amp5,5.24
X-5307,ZNF251,90987.0,Amp5,5.24
X-5307,ZNF34,80778.0,Amp5,5.24
X-5307,ZNF384,171017.0,MutNovel,"QQ514Q,1.000"
X-5307,ZNF43,7594.0,MutNovel,"K114E,0.340"
X-5307,ZNF517,340385.0,Amp5,5.24
X-5307,ZNF572,137209.0,Amp5,5.17
X-5307,ZNF623,9831.0,Amp5,6.77
X-5307,ZNF696,79943.0,Amp5,6.77
X-5307,ZNF7,7553.0,Amp5,5.24
X-5307,ZNF703,80139.0,Amp5,5.43
X-5307,ZNF704,619279.0,Amp5,5.35
X-5307,ZNF706,51123.0,Amp5,5.24
X-5307,ZNF707,286075.0,Amp5,6.77
X-5307,ZNF806,,MutNovel,"G53S,1.000"
X-5307,ZNF880,400713.0,MutNovel,"R257Q,1.000"
X-5405,ABCA5,23461.0,MutNovel,"Q738R,0.621"
X-5405,ACOX3,8310.0,MutNovel,"P482L,0.351"
X-5405,ADAMTS9,56999.0,MutNovel,"E1358D,0.529"
X-5405,ADGB,,MutNovel,"G321R,0.750"
X-5405,AGAP6,414189.0,MutNovel,"P391L,0.562"
X-5405,AGAP6,414189.0,MutKnownFunctional,"E621*,0.333"
X-5405,AGRN,375790.0,MutNovel,"A889T,0.577"
X-5405,ANKRD36,375248.0,MutNovel,"T998S,0.231"
X-5405,APC,324.0,MutNovel,"V1352I,0.842"
X-5405,APC,324.0,MutKnownFunctional,"-1518,0.615"
X-5405,ARHGEF35,445328.0,MutNovel,"R51K,0.462"
X-5405,ATAD3B,83858.0,MutNovel,"P311S,0.314"
X-5405,ATAD3C,219293.0,MutNovel,"P136S,1.000"
X-5405,ATAD3C,219293.0,MutNovel,"V139A,1.000"
X-5405,ATP5D,513.0,MutNovel,"R9C,0.551"
X-5405,AVEN,57099.0,MutNovel,"G83D,0.816"
X-5405,BAG4,9530.0,MutKnownFunctional,"R237*,0.421"
X-5405,BAZ1B,9031.0,MutNovel,"N325H,0.588"
X-5405,BMP2K,55589.0,MutNovel,"-460Q,0.227"
X-5405,BRI3BP,140707.0,MutNovel,"G211GPSN,0.258"
X-5405,BTNL3,10917.0,MutNovel,"H311G,0.644"
X-5405,C10orf137,26098.0,MutNovel,"A628P,0.344"
X-5405,C11orf35,256329.0,MutKnownFunctional,"R178*,0.323"
X-5405,C7orf31,136895.0,MutNovel,"T197S,0.455"
X-5405,CALCOCO1,57658.0,MutNovel,"R568Q,0.462"
X-5405,CASZ1,54897.0,MutNovel,"P1738R,1.000"
X-5405,CBWD6,644019.0,MutKnownFunctional,"-259?,0.316"
X-5405,CCL23,6368.0,MutNovel,"A16V,1.000"
X-5405,CCL3L3,414062.0,MutNovel,"R69K,0.286"
X-5405,CCL3L3,414062.0,MutNovel,"F65L,1.000"
X-5405,CDK11B,984.0,MutNovel,"G284R,0.234"
X-5405,CEACAM8,1088.0,MutNovel,"N155K,0.273"
X-5405,CEP63,80254.0,MutNovel,"I162T,0.524"
X-5405,CNTROB,116840.0,MutNovel,"Q208P,0.359"
X-5405,COMMD1,150684.0,MutNovel,"N111I,0.482"
X-5405,CROCC,9696.0,MutNovel,"E1839K,0.364"
X-5405,CTAGE15P,441294.0,MutNovel,"S239N,0.500"
X-5405,CTSA,5476.0,MutNovel,"L29-,0.827"
X-5405,CTSB,1508.0,MutNovel,"P21S,0.460"
X-5405,CXorf40B,541578.0,MutNovel,"C53W,1.000"
X-5405,CYP3A5,1577.0,MutKnownFunctional,"-345?,0.210"
X-5405,DECR2,26063.0,MutNovel,"D11G,0.427"
X-5405,DHCR7,1717.0,MutNovel,"V275I,0.499"
X-5405,DIXDC1,85458.0,MutNovel,"G76S,0.545"
X-5405,DMXL1,1657.0,MutNovel,"N2463-,0.360"
X-5405,DNAJA3,9093.0,MutNovel,"A357T,0.495"
X-5405,DNPEP,23549.0,MutNovel,"A291R,0.439"
X-5405,EFCAB4B,84766.0,MutNovel,"L336F,0.453"
X-5405,ELMO3,79767.0,MutNovel,"R687H,0.499"
X-5405,EME2,197342.0,MutNovel,"E280A,0.621"
X-5405,FAM123B,139285.0,MutKnownFunctional,"E558*,1.000"
X-5405,FAM21C,253725.0,MutNovel,"M302V,1.000"
X-5405,FCGBP,8857.0,MutNovel,"G3043S,0.286"
X-5405,FCGBP,8857.0,MutNovel,"Q2719H,1.000"
X-5405,FCGBP,8857.0,MutNovel,"A2715V,0.944"
X-5405,FCGBP,8857.0,MutNovel,"D2025N,0.421"
X-5405,FCGBP,8857.0,MutNovel,"R1916H,0.333"
X-5405,FEZ2,9637.0,MutNovel,"A51V,0.400"
X-5405,FSIP2,401024.0,MutNovel,"K467E,0.273"
X-5405,FUT5,2527.0,MutNovel,"E261K,0.500"
X-5405,GANAB,23193.0,MutNovel,"G274S,0.474"
X-5405,GATAD1,57798.0,MutNovel,"H32Q,0.444"
X-5405,GIGYF2,26058.0,MutNovel,"K1036KQ,0.280"
X-5405,GIGYF2,26058.0,MutNovel,"PQ1231P,0.347"
X-5405,GOLGA2,2801.0,MutNovel,"D708E,0.333"
X-5405,GPRIN2,9721.0,MutNovel,"-238MRE,0.423"
X-5405,GTF2IRD2B,389524.0,MutNovel,"G211S,0.263"
X-5405,HLA-G,3135.0,MutNovel,"I123N,1.000"
X-5405,HRCT1,646962.0,MutNovel,"LH100L,0.316"
X-5405,HSPA6,3310.0,MutNovel,"G447V,0.500"
X-5405,ID1,3397.0,MutNovel,"GST6G,0.411"
X-5405,IGF1R,3480.0,MutNovel,"N1058S,1.000"
X-5405,INCENP,3619.0,MutNovel,"W650S,0.412"
X-5405,INSIG1,3638.0,MutNovel,"H5R,0.380"
X-5405,IQSEC1,9922.0,MutNovel,"A270S,0.500"
X-5405,KCNQ4,9132.0,MutNovel,"E130K,0.565"
X-5405,KIAA0146,23514.0,MutNovel,"G4D,0.343"
X-5405,KIAA1109,84162.0,MutNovel,"G4971E,0.477"
X-5405,KIAA1522,57648.0,MutNovel,"P602L,0.654"
X-5405,KIAA1671,85379.0,MutNovel,"V599I,0.750"
X-5405,KIAA2026,158358.0,MutNovel,"G1663D,0.600"
X-5405,KIF20B,9585.0,MutNovel,"L1062LKV,0.367"
X-5405,KIF26A,26153.0,MutNovel,"R1578Q,0.846"
X-5405,KRAS,3845.0,MutKnownFunctional,"G12A,0.541"
X-5405,KRT16,3868.0,MutNovel,"E246D,0.667"
X-5405,KRT79,338785.0,MutNovel,"R143K,1.000"
X-5405,L2HGDH,79944.0,MutKnownFunctional,"E462*,0.564"
X-5405,LEFTY1,10637.0,MutNovel,"R142Q,0.981"
X-5405,LEFTY2,7044.0,MutNovel,"K279E,0.875"
X-5405,LEFTY2,7044.0,MutNovel,"R66Q,1.000"
X-5405,LEMD1,93273.0,MutNovel,"R99H,0.360"
X-5405,LGALS9B,284194.0,MutNovel,"V126M,0.292"
X-5405,LOC100132247,100132247.0,MutNovel,"Q434P,0.429"
X-5405,LOC100507338,,MutNovel,"D222H,0.583"
X-5405,LOC100652901,,MutNovel,"G74V,1.000"
X-5405,LPAR2,9170.0,MutNovel,"R298Q,0.570"
X-5405,LSR,51599.0,MutNovel,"G518GR,0.489"
X-5405,LTC4S,4056.0,MutNovel,"A128T,1.000"
X-5405,MAP2K7,5609.0,MutNovel,"Y232H,0.554"
X-5405,MAP3K8,1326.0,MutNovel,"E407K,0.417"
X-5405,MAST2,23139.0,MutNovel,"C836S,0.563"
X-5405,MAST4,375449.0,MutNovel,"T1664M,0.455"
X-5405,MDM4,4194.0,MutNovel,"G411E,0.404"
X-5405,METRN,79006.0,MutNovel,"R274C,0.340"
X-5405,MGAT5,4249.0,MutNovel,"G572R,0.548"
X-5405,MKL2,57496.0,MutNovel,"S506L,0.750"
X-5405,MLL2,8085.0,MutNovel,"S4625L,0.500"
X-5405,MLX,6945.0,MutNovel,"P11S,0.527"
X-5405,MPRIP,23164.0,MutNovel,"TS178T,0.489"
X-5405,MRI1,84245.0,MutNovel,"Y178C,0.575"
X-5405,MRPL38,64978.0,MutNovel,"V175M,0.479"
X-5405,MRPL55,128308.0,MutNovel,"G39S,0.812"
X-5405,MTRF1L,54516.0,MutNovel,"T228I,0.453"
X-5405,MUC12,10071.0,MutNovel,"L324F,0.221"
X-5405,MUC12,10071.0,MutNovel,"R855H,0.925"
X-5405,MUC12,10071.0,MutNovel,"S914P,0.833"
X-5405,MUC12,10071.0,MutNovel,"T1150M,0.300"
X-5405,MUC12,10071.0,MutNovel,"E1323K,0.438"
X-5405,MUC12,10071.0,MutNovel,"T1832I,0.364"
X-5405,MUC12,10071.0,MutNovel,"T2130P,0.500"
X-5405,MUC12,10071.0,MutNovel,"R2216H,0.500"
X-5405,MUC12,10071.0,MutNovel,"P2219R,0.480"
X-5405,MUC12,10071.0,MutNovel,"S2297P,1.000"
X-5405,MUC12,10071.0,MutNovel,"T2577A,0.538"
X-5405,MUC12,10071.0,MutNovel,"T3087M,0.300"
X-5405,MUC12,10071.0,MutNovel,"E3405D,0.206"
X-5405,MUC12,10071.0,MutNovel,"R3773H,0.364"
X-5405,MUC12,10071.0,MutNovel,"P3776R,0.400"
X-5405,MUC12,10071.0,MutNovel,"T3790M,0.357"
X-5405,MUC12,10071.0,MutNovel,"P4115S,0.296"
X-5405,MUC12,10071.0,MutNovel,"T4363I,0.241"
X-5405,MUC12,10071.0,MutNovel,"LG4568FS,0.456"
X-5405,MUC4,4585.0,MutNovel,"AAPA5219A,0.357"
X-5405,MUC4,4585.0,MutNovel,"S4088P,1.000"
X-5405,MUC4,4585.0,MutNovel,"L4065I,0.967"
X-5405,MUC4,4585.0,MutNovel,"P3826L,0.824"
X-5405,MUC4,4585.0,MutNovel,"Q3693H,1.000"
X-5405,MUC4,4585.0,MutNovel,"V3657A,0.455"
X-5405,MUC4,4585.0,MutNovel,"A3590T,0.667"
X-5405,MUC4,4585.0,MutNovel,"D3581H,0.571"
X-5405,MUC4,4585.0,MutNovel,"G3068S,0.667"
X-5405,MUC4,4585.0,MutNovel,"P2754S,0.500"
X-5405,MUC4,4585.0,MutNovel,"T2750A,1.000"
X-5405,MUC4,4585.0,MutNovel,"E2149D,1.000"
X-5405,MUC4,4585.0,MutNovel,"A1350T,1.000"
X-5405,MVD,4597.0,MutNovel,"E62K,0.485"
X-5405,MYO9A,4649.0,MutNovel,"E2108A,1.000"
X-5405,NACA2,342538.0,MutNovel,"R144K,1.000"
X-5405,NBPF1,55672.0,MutNovel,"D712H,0.400"
X-5405,NBPF10,100132406.0,MutNovel,"I1165F,0.286"
X-5405,NBPF14,25832.0,MutNovel,"S539T,0.444"
X-5405,NBPF3,84224.0,MutNovel,"P484L,0.400"
X-5405,NBPF9,400818.0,MutNovel,"G514R,0.500"
X-5405,NCOA3,8202.0,MutNovel,"Q1264-,0.478"
X-5405,NCOR2,9612.0,MutNovel,"G1839GAAA,0.355"
X-5405,NFATC4,4776.0,MutNovel,"G430S,0.667"
X-5405,NOMO2,283820.0,MutNovel,"T653M,0.273"
X-5405,NPAT,4863.0,MutNovel,"K1288N,0.706"
X-5405,NR1H2,7376.0,MutNovel,"-173Q,0.464"
X-5405,OR2T33,391195.0,MutNovel,"T55R,1.000"
X-5405,ORAI1,84876.0,MutNovel,"PP43-,0.875"
X-5405,OSBPL11,114885.0,MutNovel,"N29K,0.488"
X-5405,OTUD4,54726.0,MutNovel,"K450R,0.487"
X-5405,OTUD7B,56957.0,MutNovel,"R832W,0.515"
X-5405,OXCT2,64064.0,MutNovel,"T499M,0.429"
X-5405,PDS5B,23047.0,MutNovel,"H716Q,0.488"
X-5405,PELP1,27043.0,MutNovel,"R479W,0.432"
X-5405,PEX11G,92960.0,MutKnownFunctional,"-213?,0.538"
X-5405,PHLDA1,22822.0,MutNovel,"QQ194Q,0.492"
X-5405,PLA2R1,22925.0,MutNovel,"K652N,0.273"
X-5405,PLP2,5355.0,MutNovel,"P10S,0.997"
X-5405,PMS2,5395.0,MutNovel,"R20W,0.571"
X-5405,POTEE,445582.0,MutNovel,"R816N,0.375"
X-5405,PPP1R12C,54776.0,MutNovel,"A44D,0.647"
X-5405,PPP2R3B,28227.0,MutNovel,"L589S,1.000"
X-5405,PRRC2B,84726.0,MutNovel,"R1147C,0.469"
X-5405,PRSS16,10279.0,MutNovel,"G430S,0.508"
X-5405,PSG1,5669.0,MutNovel,"R285K,1.000"
X-5405,PTEN,5728.0,MutLikelyFunctional,"R233*,0.500"
X-5405,PTEN,5728.0,MutLikelyFunctional,"-241?,0.400"
X-5405,PTPRF,5792.0,MutNovel,"E106D,0.506"
X-5405,QPRT,23475.0,MutNovel,"A119T,0.580"
X-5405,QSOX1,5768.0,MutNovel,"L18R,0.406"
X-5405,RAET1E,135250.0,MutNovel,"D174V,0.667"
X-5405,RAPGEFL1,51195.0,MutKnownFunctional,"-242,0.300"
X-5405,RBM10,8241.0,MutNovel,"S6P,1.000"
X-5405,RBM15,64783.0,MutNovel,"T603I,0.500"
X-5405,REPIN1,29803.0,MutNovel,"P271S,0.537"
X-5405,RGL1,23179.0,MutNovel,"V34A,0.500"
X-5405,RIF1,55183.0,MutNovel,"L1490P,0.475"
X-5405,RIN3,79890.0,MutNovel,"G967-,0.531"
X-5405,RNF223,401934.0,MutNovel,"P231R,1.000"
X-5405,RNF24,11237.0,MutNovel,"E88K,0.619"
X-5405,RPL14,9045.0,MutNovel,"GT148G,0.297"
X-5405,RPS24,6229.0,MutNovel,"M131N,1.000"
X-5405,SERINC2,347735.0,MutNovel,"-373Q,0.723"
X-5405,SF1,7536.0,MutNovel,"P102L,0.357"
X-5405,SFI1,9814.0,MutNovel,"AH578A,0.333"
X-5405,SH2D2A,9047.0,MutNovel,"G361V,0.417"
X-5405,SLC28A2,9153.0,MutKnownFunctional,"-129?,0.389"
X-5405,SMAD2,4087.0,MutKnownFunctional,"S464*,0.998"
X-5405,SNX29,92017.0,MutKnownFunctional,"P433*,1.000"
X-5405,SOS1,6654.0,MutLikelyFunctional,"R552K,0.489"
X-5405,SPEN,23013.0,MutNovel,"L1091A,0.367"
X-5405,SRPR,6734.0,MutNovel,"V341M,0.477"
X-5405,SRSF11,9295.0,MutNovel,"P326L,0.519"
X-5405,STXBP2,6813.0,MutNovel,"D108N,0.534"
X-5405,SUV420H1,51111.0,MutNovel,"G674S,0.545"
X-5405,TBRG1,84897.0,MutNovel,"L233LYI,0.367"
X-5405,TCEA3,6920.0,MutNovel,"R56C,0.419"
X-5405,TCF7L2,6934.0,MutNovel,"G7S,0.740"
X-5405,TCF7L2,6934.0,MutKnownFunctional,"R393*,0.258"
X-5405,THEM6,,MutNovel,"L59V,0.520"
X-5405,TIMM23,100287932.0,MutNovel,"A159V,0.521"
X-5405,TMC4,147798.0,MutNovel,"R126W,0.505"
X-5405,TMEM184A,202915.0,MutNovel,"G392GA,0.338"
X-5405,TNFRSF10C,8794.0,MutNovel,"T199N,0.538"
X-5405,TNFRSF10C,8794.0,MutNovel,"T214N,0.318"
X-5405,TNK2,10188.0,MutNovel,"L660P,0.423"
X-5405,TNRC18,84629.0,MutNovel,"S2680N,0.453"
X-5405,TNS4,84951.0,MutNovel,"E152K,0.576"
X-5405,TOM1L2,146691.0,MutNovel,"E458K,0.450"
X-5405,TSGA10,80705.0,MutKnownFunctional,"-227,0.278"
X-5405,TSPYL1,7259.0,MutNovel,"V176VW,0.874"
X-5405,UBE2A,7319.0,MutNovel,"R95C,0.997"
X-5405,UBE2J2,118424.0,MutNovel,"W50C,1.000"
X-5405,UBR4,23352.0,MutNovel,"V4535I,0.585"
X-5405,UGT2B15,7366.0,MutNovel,"T6M,0.821"
X-5405,UNC93B1,81622.0,MutNovel,"R589S,0.638"
X-5405,UTRN,7402.0,MutNovel,"Q2316R,0.391"
X-5405,UTY,7404.0,MutKnownFunctional,"FV1040**,0.231"
X-5405,UTY,7404.0,MutNovel,"IF1039TV,0.231"
X-5405,UTY,7404.0,MutNovel,"C1038W,0.231"
X-5405,UTY,7404.0,MutNovel,"NY1026PD,0.333"
X-5405,UTY,7404.0,MutNovel,"W1025L,0.333"
X-5405,UTY,7404.0,MutNovel,"NS1023IL,0.375"
X-5405,UTY,7404.0,MutNovel,"PN1022GY,0.375"
X-5405,UTY,7404.0,MutNovel,"L1021P,0.250"
X-5405,UTY,7404.0,MutNovel,"L1019T,0.250"
X-5405,UTY,7404.0,MutNovel,"H1018S,0.250"
X-5405,UTY,7404.0,MutNovel,"FS1016QT,0.250"
X-5405,UTY,7404.0,MutNovel,"R1015F,0.231"
X-5405,UTY,7404.0,MutNovel,"N1006P,0.294"
X-5405,UTY,7404.0,MutNovel,"CT1004YL,0.409"
X-5405,UTY,7404.0,MutNovel,"FC1003TS,0.435"
X-5405,UTY,7404.0,MutNovel,"HQ1001QT,0.455"
X-5405,UTY,7404.0,MutNovel,"Q545L,0.800"
X-5405,UTY,7404.0,MutKnownFunctional,"EQ544A*,0.929"
X-5405,UTY,7404.0,MutNovel,"N531H,0.667"
X-5405,UTY,7404.0,MutNovel,"A530G,0.688"
X-5405,UTY,7404.0,MutNovel,"A530G,0.750"
X-5405,UTY,7404.0,MutNovel,"A530R,0.750"
X-5405,UTY,7404.0,MutNovel,"RA529PR,0.750"
X-5405,UTY,7404.0,MutNovel,"R529G,0.619"
X-5405,UTY,7404.0,MutKnownFunctional,"EQ526A*,0.652"
X-5405,UTY,7404.0,MutNovel,"L525R,0.636"
X-5405,UTY,7404.0,MutKnownFunctional,"Q407*,0.333"
X-5405,UTY,7404.0,MutNovel,"L394P,0.625"
X-5405,UTY,7404.0,MutNovel,"RI390IF,0.611"
X-5405,UTY,7404.0,MutNovel,"A389S,0.588"
X-5405,UTY,7404.0,MutNovel,"A389S,0.588"
X-5405,UTY,7404.0,MutNovel,"L387V,0.722"
X-5405,UTY,7404.0,MutNovel,"S385G,0.647"
X-5405,UTY,7404.0,MutNovel,"NT383TS,0.714"
X-5405,UTY,7404.0,MutNovel,"R380S,0.667"
X-5405,UTY,7404.0,MutNovel,"A376L,0.630"
X-5405,UTY,7404.0,MutNovel,"N374L,0.621"
X-5405,UTY,7404.0,MutNovel,"CY371YN,0.594"
X-5405,UTY,7404.0,MutNovel,"I369C,0.543"
X-5405,UTY,7404.0,MutNovel,"D367H,0.559"
X-5405,UTY,7404.0,MutNovel,"QD366GH,0.559"
X-5405,UTY,7404.0,MutKnownFunctional,"NQ363S*,0.519"
X-5405,UTY,7404.0,MutNovel,"C362N,0.484"
X-5405,UTY,7404.0,MutKnownFunctional,"YE359Y*,0.406"
X-5405,UTY,7404.0,MutNovel,"L358T,0.300"
X-5405,UTY,7404.0,MutNovel,"G356S,0.321"
X-5405,UTY,7404.0,MutKnownFunctional,"DL354G*,0.333"
X-5405,UTY,7404.0,MutNovel,"MD353RN,0.286"
X-5405,UTY,7404.0,MutNovel,"W352Q,0.321"
X-5405,UTY,7404.0,MutNovel,"AA350ET,0.208"
X-5405,UTY,7404.0,MutNovel,"HA348QN,0.227"
X-5405,UTY,7404.0,MutNovel,"LD344CL,0.227"
X-5405,UTY,7404.0,MutNovel,"Q343V,0.318"
X-5405,UTY,7404.0,MutNovel,"V342A,0.346"
X-5405,UTY,7404.0,MutNovel,"AV341ES,0.346"
X-5405,UTY,7404.0,MutNovel,"CA340LP,0.235"
X-5405,UTY,7404.0,MutNovel,"Y338F,0.312"
X-5405,UTY,7404.0,MutNovel,"N329L,0.300"
X-5405,UTY,7404.0,MutNovel,"L324D,0.400"
X-5405,UTY,7404.0,MutNovel,"V323W,0.400"
X-5405,UTY,7404.0,MutNovel,"G322D,0.800"
X-5405,UTY,7404.0,MutNovel,"IG321SN,0.800"
X-5405,UTY,7404.0,MutNovel,"SE311KK,0.778"
X-5405,UTY,7404.0,MutNovel,"K310W,0.800"
X-5405,UTY,7404.0,MutNovel,"K310W,0.800"
X-5405,UTY,7404.0,MutNovel,"D309C,0.800"
X-5405,UTY,7404.0,MutNovel,"F286L,0.375"
X-5405,UTY,7404.0,MutNovel,"WY284YN,0.571"
X-5405,UTY,7404.0,MutNovel,"S283C,0.333"
X-5405,UTY,7404.0,MutNovel,"Q282A,0.500"
X-5405,UTY,7404.0,MutNovel,"SG280LC,0.400"
X-5405,UTY,7404.0,MutNovel,"N279R,0.400"
X-5405,UTY,7404.0,MutNovel,"DP277EA,0.500"
X-5405,UTY,7404.0,MutKnownFunctional,"EA275A*,0.500"
X-5405,UTY,7404.0,MutNovel,"LE274RQ,0.500"
X-5405,UTY,7404.0,MutNovel,"S273R,0.500"
X-5405,UTY,7404.0,MutNovel,"QK271HE,0.400"
X-5405,UTY,7404.0,MutKnownFunctional,"YL269*A,0.400"
X-5405,UTY,7404.0,MutNovel,"Y269I,0.400"
X-5405,UTY,7404.0,MutNovel,"I267T,0.500"
X-5405,UTY,7404.0,MutNovel,"S264R,0.429"
X-5405,UTY,7404.0,MutNovel,"S264I,0.429"
X-5405,UTY,7404.0,MutNovel,"T261S,0.333"
X-5405,UTY,7404.0,MutKnownFunctional,"W248*,0.333"
X-5405,UTY,7404.0,MutNovel,"LG246CS,0.333"
X-5405,UTY,7404.0,MutNovel,"Q245C,0.500"
X-5405,UTY,7404.0,MutNovel,"V242A,0.400"
X-5405,UTY,7404.0,MutNovel,"K239F,0.400"
X-5405,UTY,7404.0,MutNovel,"A236L,0.500"
X-5405,UTY,7404.0,MutNovel,"NL233KS,0.500"
X-5405,UTY,7404.0,MutNovel,"E232L,0.600"
X-5405,UTY,7404.0,MutNovel,"QT230PE,0.600"
X-5405,UTY,7404.0,MutNovel,"LQ229NK,0.500"
X-5405,UTY,7404.0,MutNovel,"L228R,0.429"
X-5405,UTY,7404.0,MutNovel,"EQ226FK,0.375"
X-5405,UTY,7404.0,MutNovel,"Y225M,0.375"
X-5405,UTY,7404.0,MutKnownFunctional,"CR161C*,0.429"
X-5405,UTY,7404.0,MutNovel,"Q151H,0.444"
X-5405,UTY,7404.0,MutNovel,"FQ150LK,0.444"
X-5405,UTY,7404.0,MutNovel,"A149S,0.500"
X-5405,UTY,7404.0,MutNovel,"A149T,0.667"
X-5405,UTY,7404.0,MutNovel,"KA148NT,0.667"
X-5405,UTY,7404.0,MutNovel,"AI146VF,0.556"
X-5405,UTY,7404.0,MutKnownFunctional,"W145*,0.500"
X-5405,UTY,7404.0,MutNovel,"W145R,0.556"
X-5405,UTY,7404.0,MutKnownFunctional,"Y140*,0.545"
X-5405,UTY,7404.0,MutNovel,"Y140S,0.545"
X-5405,UTY,7404.0,MutNovel,"W124R,0.625"
X-5405,UTY,7404.0,MutNovel,"D122L,0.571"
X-5405,UTY,7404.0,MutNovel,"QA120LN,0.500"
X-5405,UTY,7404.0,MutKnownFunctional,"LQ119F*,0.429"
X-5405,UTY,7404.0,MutNovel,"YS117LR,0.500"
X-5405,UTY,7404.0,MutNovel,"Y116L,0.571"
X-5405,UTY,7404.0,MutNovel,"QR114RS,0.500"
X-5405,UTY,7404.0,MutKnownFunctional,"YQ113G*,0.500"
X-5405,UTY,7404.0,MutNovel,"SA111WQ,0.571"
X-5405,UTY,7404.0,MutNovel,"LS110TT,0.500"
X-5405,WHSC1,7468.0,MutNovel,"P1343A,0.648"
X-5405,WNK2,65268.0,MutNovel,"A107T,0.769"
X-5405,XRRA1,143570.0,MutNovel,"S61R,0.375"
X-5405,ZBED6,100381270.0,MutNovel,"S194G,0.432"
X-5405,ZBED6,100381270.0,MutNovel,"A508V,0.321"
X-5405,ZBTB4,57659.0,MutKnownFunctional,"R727*,0.647"
X-5405,ZC3H12D,340152.0,MutNovel,"R319Q,0.667"
X-5405,ZDHHC11,79844.0,MutNovel,"A303D,0.725"
X-5405,ZFAT,57623.0,MutNovel,"P1239L,0.500"
X-5405,ZFP106,64397.0,MutNovel,"R758C,0.538"
X-5405,ZFP36L2,678.0,MutKnownFunctional,"-160?,0.400"
X-5405,ZFP36L2,678.0,MutKnownFunctional,"-37?,0.438"
X-5405,ZNF197,10168.0,MutNovel,"R753Q,0.500"
X-5405,ZNF219,51222.0,MutNovel,"QPP233P,0.245"
X-5405,ZNF384,171017.0,MutNovel,"QQ514Q,0.277"
X-5405,ZNF396,252884.0,MutKnownFunctional,"-249?,0.815"
X-5405,ZNF580,51157.0,MutNovel,"D116E,0.537"
X-5405,ZNF654,55279.0,MutNovel,"C201R,0.370"
X-5405,ZP3,7784.0,MutNovel,"S315P,0.244"
X-5421,AASDH,132949.0,MutKnownFunctional,"-440,0.273"
X-5421,AATK,9625.0,MutNovel,"A538T,0.516"
X-5421,ABCA12,26154.0,MutKnownFunctional,"-2202,0.453"
X-5421,ABCA12,26154.0,MutKnownFunctional,"-1671,0.783"
X-5421,ABCA12,26154.0,MutNovel,"I1044V,0.520"
X-5421,ABCA12,26154.0,MutNovel,"NI904I,0.297"
X-5421,ABCA5,23461.0,MutKnownFunctional,"-43,0.538"
X-5421,ABCC1,4363.0,MutNovel,"A1510T,0.538"
X-5421,ABCF1,23.0,MutNovel,"Y325C,0.828"
X-5421,ABHD15,116236.0,MutKnownFunctional,"-41,0.514"
X-5421,ABHD4,63874.0,MutKnownFunctional,"-78,0.432"
X-5421,ACO1,48.0,MutNovel,"E595K,0.520"
X-5421,ACOT11,26027.0,MutNovel,"A354V,0.441"
X-5421,ACOX3,8310.0,MutNovel,"R590W,0.523"
X-5421,ACSL1,2180.0,MutNovel,"A323T,0.471"
X-5421,ACTN1,87.0,MutNovel,"A725T,0.448"
X-5421,ACTR1B,10120.0,MutNovel,"R336Q,0.466"
X-5421,ACVR2A,92.0,MutKnownFunctional,"-435,0.903"
X-5421,ADAM8,101.0,MutNovel,"L121I,1.000"
X-5421,ADCY3,109.0,MutNovel,"G1104D,0.558"
X-5421,ADD3,120.0,MutNovel,"T86P,0.457"
X-5421,ADD3,120.0,MutKnownFunctional,"-699,0.501"
X-5421,ADNP,23394.0,MutKnownFunctional,"R225*,0.483"
X-5421,ADNP2,22850.0,MutKnownFunctional,"R873*,0.530"
X-5421,ADORA1,134.0,MutNovel,"I63T,0.556"
X-5421,AEBP2,121536.0,MutNovel,"R240C,0.374"
X-5421,AGA,175.0,MutNovel,"F141V,0.284"
X-5421,AGAP7,653268.0,MutNovel,"R528Q,1.000"
X-5421,AGAP8,728404.0,MutNovel,"S532T,0.700"
X-5421,AGPAT4,56895.0,MutKnownFunctional,"-303?,0.455"
X-5421,AGRN,375790.0,MutNovel,"R1739H,0.513"
X-5421,AHNAK2,113146.0,MutKnownFunctional,"-4148,0.364"
X-5421,AHNAK2,113146.0,MutNovel,"K3307E,0.410"
X-5421,AHNAK2,113146.0,MutNovel,"E3011D,0.708"
X-5421,AIFM3,150209.0,MutNovel,"R578C,0.316"
X-5421,AK8,158067.0,MutNovel,"E95D,0.692"
X-5421,AKAP11,11215.0,MutNovel,"TL1255T,0.300"
X-5421,AKAP17A,8227.0,MutNovel,"R1692Q,0.555"
X-5421,AKAP7,9465.0,MutKnownFunctional,"-77,0.318"
X-5421,AKAP8,10270.0,MutNovel,"A49T,0.496"
X-5421,AKAP9,10142.0,MutNovel,"A1479D,0.256"
X-5421,ALCAM,214.0,MutNovel,"V455I,0.426"
X-5421,ALDH18A1,5832.0,MutNovel,"A496T,0.558"
X-5421,ALDH1A1,216.0,MutNovel,"A258V,0.374"
X-5421,ALDH4A1,8659.0,MutNovel,"D461-,0.308"
X-5421,ALG1L2,644974.0,MutNovel,"F194L,0.500"
X-5421,AMELY,266.0,Del0.8,0.3
X-5421,AMMECR1,9949.0,MutNovel,"Q74K,1.000"
X-5421,AMMECR1L,83607.0,MutNovel,"A159V,0.440"
X-5421,AMPD2,271.0,MutNovel,"W648R,0.517"
X-5421,AMPD3,272.0,MutNovel,"D42G,0.456"
X-5421,AMPD3,272.0,MutNovel,"R411C,0.449"
X-5421,ANAPC2,29882.0,MutNovel,"R15L,0.529"
X-5421,ANKRD18A,253650.0,MutNovel,"R201G,0.222"
X-5421,ANKRD23,200539.0,MutKnownFunctional,"-92,0.333"
X-5421,ANKRD36,375248.0,MutNovel,"R515Q,0.350"
X-5421,ANKRD36,375248.0,MutNovel,"T998S,0.296"
X-5421,ANKRD36C,,MutKnownFunctional,"-1817,0.397"
X-5421,ANKRD52,283373.0,MutNovel,"S282L,0.401"
X-5421,APBA3,9546.0,MutNovel,"H385R,0.758"
X-5421,APC,324.0,MutNovel,"D1871G,0.569"
X-5421,APEX2,27301.0,MutNovel,"A420T,1.000"
X-5421,APLP1,333.0,MutNovel,"R379C,1.000"
X-5421,ARFGAP1,55738.0,MutNovel,"P313H,0.521"
X-5421,ARFGEF2,10564.0,MutNovel,"S785I,0.511"
X-5421,ARHGAP10,79658.0,MutNovel,"A718D,0.523"
X-5421,ARHGAP17,55114.0,MutKnownFunctional,"-814,0.368"
X-5421,ARHGAP18,93663.0,MutNovel,"R636H,0.523"
X-5421,ARHGAP29,9411.0,MutKnownFunctional,"-371,0.300"
X-5421,ARHGAP39,80728.0,MutNovel,"A717T,0.500"
X-5421,ARHGEF11,9826.0,MutNovel,"P575H,0.475"
X-5421,ARHGEF12,23365.0,MutNovel,"L493V,0.223"
X-5421,ARHGEF17,9828.0,MutNovel,"L1425M,0.625"
X-5421,ARHGEF26,26084.0,MutNovel,"A241T,0.300"
X-5421,ARHGEF40,55701.0,MutNovel,"Q1317QAFK,0.256"
X-5421,ARHGEF7,8874.0,MutNovel,"R691Q,0.449"
X-5421,ARID1A,8289.0,MutNovel,"A2237V,0.442"
X-5421,ARID4A,5926.0,MutNovel,"D45G,0.543"
X-5421,ARMC2,84071.0,MutNovel,"I864V,1.000"
X-5421,ARSE,415.0,MutNovel,"V300I,0.453"
X-5421,ARX,170302.0,MutNovel,"AA439-,0.857"
X-5421,ASCC2,84164.0,MutNovel,"Q583H,0.506"
X-5421,ASH1L,55870.0,MutKnownFunctional,"-2895,0.388"
X-5421,ASPHD1,253982.0,MutKnownFunctional,"R362*,0.404"
X-5421,ASXL1,171023.0,MutNovel,"E1102D,0.502"
X-5421,ATF5,22809.0,MutKnownFunctional,"-35,0.495"
X-5421,ATG2A,23130.0,MutNovel,"I791V,0.536"
X-5421,ATG9A,79065.0,MutNovel,"I295T,0.489"
X-5421,ATHL1,80162.0,MutNovel,"T39M,0.566"
X-5421,ATM,472.0,MutNovel,"D2721G,0.677"
X-5421,ATP1A1,476.0,MutNovel,"P836S,0.461"
X-5421,ATRN,8455.0,MutNovel,"W487R,0.638"
X-5421,ATXN2,6311.0,MutNovel,"R481H,0.529"
X-5421,AUTS2,26053.0,MutNovel,"S443R,0.500"
X-5421,AXIN1,8312.0,MutKnownFunctional,"-508,0.961"
X-5421,AXIN2,8313.0,MutKnownFunctional,"-405,0.353"
X-5421,B3GALNT1,8706.0,MutKnownFunctional,"-149,0.321"
X-5421,B3GALT4,8705.0,MutNovel,"E200D,0.382"
X-5421,B3GALTL,145173.0,MutNovel,"W344R,0.318"
X-5421,BAIAP2L2,80115.0,MutNovel,"PMT398-,0.339"
X-5421,BAZ1B,9031.0,MutNovel,"I1295T,0.471"
X-5421,BBC3,27113.0,MutNovel,"G36D,0.583"
X-5421,BCL2L13,23786.0,MutNovel,"I471V,0.543"
X-5421,BCL9,607.0,MutKnownFunctional,"-514,0.394"
X-5421,BCL9L,283149.0,MutKnownFunctional,"-1463,0.429"
X-5421,BCL9L,283149.0,MutKnownFunctional,"-1127,0.553"
X-5421,BCORP1,286554.0,Del0.8,0.3
X-5421,BIRC5,332.0,MutNovel,"P73T,0.546"
X-5421,BMP2,650.0,MutKnownFunctional,"R105*,0.638"
X-5421,BMPR2,659.0,MutKnownFunctional,"-581,0.826"
X-5421,BOD1L1,,MutNovel,"G2392R,0.521"
X-5421,BPTF,2186.0,MutNovel,"P965T,0.537"
X-5421,BPY2B,442867.0,Del0.8,0.1
X-5421,BPY2B,442867.0,Del0.8,0.17
X-5421,BRAF,673.0,MutKnownFunctional,"V600E,0.955"
X-5421,BRD3,8019.0,MutKnownFunctional,"-24,0.457"
X-5421,BTD,686.0,MutNovel,"G488D,0.500"
X-5421,BTNL8,79908.0,MutNovel,"G311R,0.423"
X-5421,C11orf30,56946.0,MutNovel,"A648T,0.458"
X-5421,C11orf41,25758.0,MutNovel,"Y1110C,0.545"
X-5421,C11orf57,55216.0,MutKnownFunctional,"-159,0.505"
X-5421,C12orf49,79794.0,MutKnownFunctional,"Q137*,0.303"
X-5421,C16orf7,9605.0,MutKnownFunctional,"R467*,0.558"
X-5421,C16orf7,9605.0,MutNovel,"P401S,0.622"
X-5421,C17orf85,55421.0,MutNovel,"S298A,0.475"
X-5421,C19orf52,90580.0,MutNovel,"A256V,0.298"
X-5421,C19orf55,148137.0,MutNovel,"P383S,0.600"
X-5421,C1orf198,84886.0,MutNovel,"R253H,0.490"
X-5421,C22orf28,51493.0,MutNovel,"H373R,0.492"
X-5421,C2orf72,257407.0,MutNovel,"P178A,0.556"
X-5421,C2orf81,388963.0,MutNovel,"S150L,0.467"
X-5421,C3orf26,84319.0,MutNovel,"D249V,0.469"
X-5421,C4orf33,132321.0,MutNovel,"E17A,0.432"
X-5421,C5orf4,10826.0,MutNovel,"A83V,0.692"
X-5421,C5orf42,65250.0,MutNovel,"V1375M,1.000"
X-5421,C6orf89,221477.0,MutKnownFunctional,"-58?,0.266"
X-5421,C8orf37,157657.0,MutNovel,"K79N,0.556"
X-5421,CACNA1H,8912.0,MutNovel,"Y1511C,1.000"
X-5421,CACTIN,,MutNovel,"Y411H,0.629"
X-5421,CADPS2,93664.0,MutNovel,"K801E,0.266"
X-5421,CAMKK2,10645.0,MutNovel,"L37M,0.672"
X-5421,CAMKK2,10645.0,MutKnownFunctional,"-17,0.519"
X-5421,CAMSAP3,57662.0,MutNovel,"E862K,0.510"
X-5421,CAMTA2,23125.0,MutKnownFunctional,"-889,0.341"
X-5421,CAND1,55832.0,MutKnownFunctional,"R103*,0.329"
X-5421,CAPN10,11132.0,MutNovel,"G195D,0.552"
X-5421,CAPN12,147968.0,MutNovel,"R196W,0.385"
X-5421,CAPRIN1,4076.0,MutNovel,"A364T,0.502"
X-5421,CARS2,79587.0,MutNovel,"M114V,0.549"
X-5421,CASC5,57082.0,MutNovel,"V1666I,0.612"
X-5421,CASD1,64921.0,MutKnownFunctional,"-773,0.662"
X-5421,CASKIN2,57513.0,MutKnownFunctional,"-728?,0.270"
X-5421,CASP16,,MutNovel,"Y62H,0.593"
X-5421,CBLB,868.0,MutNovel,"T398M,0.360"
X-5421,CBX8,57332.0,MutKnownFunctional,"-345,0.394"
X-5421,CBX8,57332.0,MutNovel,"G296C,0.447"
X-5421,CC2D1B,200014.0,MutNovel,"Y620C,0.411"
X-5421,CCDC108,255101.0,MutNovel,"A734T,0.500"
X-5421,CCDC11,220136.0,MutKnownFunctional,"-233,0.600"
X-5421,CCDC111,201973.0,MutKnownFunctional,"-444,0.407"
X-5421,CCDC127,133957.0,MutNovel,"A164T,0.489"
X-5421,CCDC149,91050.0,MutNovel,"T478M,0.482"
X-5421,CCDC66,285331.0,MutKnownFunctional,"-903,0.333"
X-5421,CCL23,6368.0,MutNovel,"K25N,1.000"
X-5421,CCL23,6368.0,MutNovel,"V23F,1.000"
X-5421,CCNB3,85417.0,MutNovel,"I810T,0.231"
X-5421,CCND1,595.0,MutNovel,"SY225S,0.423"
X-5421,CCR6,1235.0,MutNovel,"L213M,0.524"
X-5421,CCRN4L,25819.0,MutNovel,"P18L,0.529"
X-5421,CD101,9398.0,MutNovel,"V182I,1.000"
X-5421,CD81,975.0,MutNovel,"G229V,0.518"
X-5421,CD9,928.0,MutNovel,"V205M,0.523"
X-5421,CDA,978.0,MutNovel,"L43F,0.435"
X-5421,CDC42EP1,11135.0,MutNovel,"PAPAANPS253P,0.752"
X-5421,CDCA7L,55536.0,MutNovel,"A275V,0.643"
X-5421,CDCA7L,55536.0,MutNovel,"V58M,0.437"
X-5421,CDCP1,64866.0,MutNovel,"Q748H,0.502"
X-5421,CDH1,999.0,MutNovel,"S465F,0.489"
X-5421,CDH1,999.0,MutLikelyFunctional,"A592T,0.515"
X-5421,CDH24,64403.0,MutNovel,"P418L,0.233"
X-5421,CDK12,51755.0,MutNovel,"P1266S,0.530"
X-5421,CDK12,51755.0,MutKnownFunctional,"-1459,0.455"
X-5421,CDK3,1018.0,MutNovel,"A151T,0.560"
X-5421,CDK8,1024.0,MutNovel,"H88R,0.478"
X-5421,CDR2L,30850.0,MutNovel,"R390H,0.488"
X-5421,CDSN,1041.0,MutNovel,"G280D,0.638"
X-5421,CDT1,81620.0,MutNovel,"P244T,0.564"
X-5421,CDY1B,253175.0,Del0.8,0.3
X-5421,CDY1B,253175.0,Del0.8,0.26
X-5421,CDY2A,9426.0,Del0.8,0.3
X-5421,CDY2A,9426.0,Del0.8,0.3
X-5421,CDY2B,203611.0,Del0.8,0.3
X-5421,CDY2B,203611.0,Del0.8,0.3
X-5421,CDYL,9425.0,MutKnownFunctional,"-19?,0.373"
X-5421,CEACAM7,1087.0,MutNovel,"A118T,0.211"
X-5421,CELSR3,1951.0,MutKnownFunctional,"-2156,0.409"
X-5421,CENPE,1062.0,MutKnownFunctional,"-2272,0.314"
X-5421,CEP192,55125.0,MutKnownFunctional,"-2325,0.329"
X-5421,CEP70,80321.0,MutNovel,"S523R,0.540"
X-5421,CEP76,79959.0,MutNovel,"G163A,0.496"
X-5421,CEP76,79959.0,MutNovel,"E79D,0.516"
X-5421,CES1P1,51716.0,Del0.8,0.62
X-5421,CHCHD3,54927.0,MutNovel,"I111L,0.931"
X-5421,CHD2,1106.0,MutKnownFunctional,"-1389,0.410"
X-5421,CHD4,1108.0,MutNovel,"V1883A,0.492"
X-5421,CHD4,1108.0,MutNovel,"T349I,0.394"
X-5421,CHD6,84181.0,MutNovel,"P2523S,0.491"
X-5421,CHD8,57680.0,MutKnownFunctional,"-2371,0.395"
X-5421,CHMP2A,27243.0,MutNovel,"R31H,0.570"
X-5421,CHRNA10,57053.0,MutNovel,"R151C,1.000"
X-5421,CITED2,10370.0,MutNovel,"S118I,0.413"
X-5421,CLCN7,1186.0,MutNovel,"G254C,0.497"
X-5421,CLINT1,9685.0,MutNovel,"T494A,0.453"
X-5421,CLIP1,6249.0,MutNovel,"A352T,0.534"
X-5421,CLIP2,7461.0,MutNovel,"R188W,0.561"
X-5421,CLN3,1201.0,MutNovel,"W275R,0.471"
X-5421,CNOT1,23019.0,MutKnownFunctional,"-1543,0.818"
X-5421,CNOT10,25904.0,MutNovel,"P789L,0.405"
X-5421,CNTRL,11064.0,MutNovel,"R1051G,0.444"
X-5421,COL5A2,1290.0,MutNovel,"P1088H,1.000"
X-5421,COL7A1,1294.0,MutNovel,"A2534V,0.364"
X-5421,COPG1,,MutNovel,"E10D,0.534"
X-5421,COPS7B,64708.0,MutNovel,"A224T,0.434"
X-5421,CORO2A,7464.0,MutKnownFunctional,"-93,0.314"
X-5421,CPS1,1373.0,MutNovel,"R1007H,0.702"
X-5421,CREBBP,1387.0,MutKnownFunctional,"-1648,0.484"
X-5421,CRIPAK,285464.0,MutNovel,"V164A,0.727"
X-5421,CRTC1,23373.0,MutKnownFunctional,"-585,0.356"
X-5421,CS,1431.0,MutNovel,"A38T,0.525"
X-5421,CSDA,8531.0,MutNovel,"R337C,0.507"
X-5421,CSF1R,1436.0,MutNovel,"A614V,0.667"
X-5421,CSNK1G2,1455.0,MutNovel,"P357T,0.511"
X-5421,CSPG4P1Y,114758.0,Del0.8,0.3
X-5421,CSPG4P1Y,114758.0,Del0.8,0.26
X-5421,CSTF3,1479.0,MutNovel,"I137V,0.385"
X-5421,CTC1,80169.0,MutNovel,"A710T,0.471"
X-5421,CTDP1,9150.0,MutNovel,"A554V,0.571"
X-5421,CTNS,1497.0,MutNovel,"A212V,0.531"
X-5421,CTR9,9646.0,MutNovel,"D927G,0.502"
X-5421,CTSA,5476.0,MutNovel,"L29-,0.359"
X-5421,CTTN,2017.0,MutNovel,"A9T,0.418"
X-5421,CTTN,2017.0,MutNovel,"V127I,0.487"
X-5421,CWC27,10283.0,MutNovel,"A104V,0.491"
X-5421,DAAM1,23002.0,MutNovel,"S1030I,0.608"
X-5421,DAB2IP,153090.0,MutNovel,"K1067E,0.483"
X-5421,DAGLA,747.0,MutNovel,"R246Q,0.630"
X-5421,DAGLA,747.0,MutNovel,"R251C,0.607"
X-5421,DAPK1,1612.0,MutNovel,"R63Q,0.530"
X-5421,DAPK3,1613.0,MutNovel,"T406A,0.452"
X-5421,DAZ1,1617.0,Del0.8,0.3
X-5421,DAZ2,57055.0,Del0.8,0.19
X-5421,DAZ3,57054.0,Del0.8,0.1
X-5421,DAZ3,57054.0,Del0.8,0.17
X-5421,DAZ4,57135.0,Del0.8,0.14
X-5421,DAZ4,57135.0,Del0.8,0.2
X-5421,DAZAP1,26528.0,MutNovel,"R130M,0.491"
X-5421,DBF4,10926.0,MutKnownFunctional,"-23,0.652"
X-5421,DCDC2,51473.0,MutNovel,"S253C,0.219"
X-5421,DDX3Y,8653.0,Del0.8,0.3
X-5421,DDX55,57696.0,MutNovel,"I586T,0.541"
X-5421,DDX56,54606.0,MutNovel,"R144H,0.506"
X-5421,DENND4A,10260.0,MutNovel,"K1199N,0.692"
X-5421,DENND4A,10260.0,MutNovel,"N185I,0.500"
X-5421,DENND4B,9909.0,MutNovel,"QQQ908-,0.227"
X-5421,DEPDC5,9681.0,MutNovel,"R1583C,0.417"
X-5421,DEPDC7,91614.0,MutNovel,"D381N,0.429"
X-5421,DET1,55070.0,MutNovel,"L337P,0.500"
X-5421,DGCR6L,85359.0,MutNovel,"A12V,0.431"
X-5421,DGKQ,1609.0,MutNovel,"I797T,0.488"
X-5421,DGKQ,1609.0,MutNovel,"R480W,0.648"
X-5421,DHCR7,1717.0,MutNovel,"A133V,0.529"
X-5421,DHPS,1725.0,MutNovel,"M278T,0.595"
X-5421,DHX16,8449.0,MutKnownFunctional,"-933,0.359"
X-5421,DIP2B,57609.0,MutKnownFunctional,"-126?,0.291"
X-5421,DLAT,1737.0,MutKnownFunctional,"-112,0.308"
X-5421,DMXL2,23312.0,MutNovel,"L836P,0.417"
X-5421,DNA2,1763.0,MutNovel,"P942L,0.488"
X-5421,DNAH1,25981.0,MutNovel,"Q991R,0.467"
X-5421,DNAJC16,23341.0,MutKnownFunctional,"-125,0.462"
X-5421,DNAJC27,51277.0,MutNovel,"R192H,0.357"
X-5421,DNAJC3,5611.0,MutNovel,"K434E,0.448"
X-5421,DNHD1,144132.0,MutNovel,"T282P,0.571"
X-5421,DPEP1,1800.0,MutNovel,"L166I,0.453"
X-5421,DPF2,5977.0,MutKnownFunctional,"Q341*,0.211"
X-5421,DPP7,29952.0,MutKnownFunctional,"-441,0.298"
X-5421,DSC2,1824.0,MutKnownFunctional,"-896?,0.502"
X-5421,DUOXA1,90527.0,MutNovel,"S82G,0.750"
X-5421,DUSP16,80824.0,MutNovel,"A495T,0.456"
X-5421,DUSP4,1846.0,MutNovel,"E342D,0.469"
X-5421,DYRK2,8445.0,MutNovel,"K71E,0.560"
X-5421,E2F3,1871.0,MutNovel,"S341G,0.436"
X-5421,E2F4,1874.0,MutNovel,"S318N,0.521"
X-5421,EDEM1,9695.0,MutNovel,"A304V,0.533"
X-5421,EFCAB12,,MutKnownFunctional,"W550*,0.600"
X-5421,EFHC2,80258.0,MutNovel,"A622T,0.667"
X-5421,EHBP1L1,254102.0,MutNovel,"R50H,0.512"
X-5421,EHD2,30846.0,MutNovel,"P110S,0.588"
X-5421,EID3,493861.0,MutNovel,"S145N,1.000"
X-5421,EIF1AY,9086.0,Del0.8,0.3
X-5421,ELAVL1,1994.0,MutNovel,"P98L,0.483"
X-5421,ELL2,22936.0,MutKnownFunctional,"-472,0.252"
X-5421,ELP3,55140.0,MutNovel,"V64I,0.535"
X-5421,EMC10,,MutKnownFunctional,"-231,0.682"
X-5421,EML2,24139.0,MutNovel,"G357V,0.519"
X-5421,ENDOG,2021.0,MutNovel,"P53L,0.291"
X-5421,ENTPD6,955.0,MutNovel,"L326V,0.370"
X-5421,ENTPD7,57089.0,MutNovel,"S123R,0.436"
X-5421,EPHA10,284656.0,MutNovel,"C389W,0.818"
X-5421,EPHA3,2042.0,Del0.8,0.76
X-5421,EPRS,2058.0,MutNovel,"E855D,0.445"
X-5421,ERC1,23085.0,MutNovel,"N1083S,0.536"
X-5421,ERN2,10595.0,MutNovel,"FS755S,0.459"
X-5421,ESPL1,9700.0,MutNovel,"P1592L,0.508"
X-5421,ESRP2,80004.0,MutNovel,"S682I,0.498"
X-5421,ETS2,2114.0,MutNovel,"R581C,0.576"
X-5421,EVI5L,115704.0,MutNovel,"T599M,0.581"
X-5421,EVPL,2125.0,MutNovel,"R2030H,0.456"
X-5421,EVPL,2125.0,MutNovel,"L319P,0.510"
X-5421,EXD2,55218.0,MutNovel,"S119N,0.525"
X-5421,EXPH5,23086.0,MutKnownFunctional,"-1368,0.603"
X-5421,FAHD1,81889.0,MutNovel,"C82F,0.525"
X-5421,FAHD2B,151313.0,MutKnownFunctional,"-281,0.417"
X-5421,FAM102B,284611.0,MutNovel,"K3M,0.455"
X-5421,FAM122A,116224.0,MutKnownFunctional,"-236,0.472"
X-5421,FAM123B,139285.0,MutNovel,"G348D,1.000"
X-5421,FAM127A,8933.0,MutNovel,"G48C,1.000"
X-5421,FAM160B1,57700.0,MutNovel,"A374S,0.475"
X-5421,FAM197Y2P,252946.0,Del0.8,0.3
X-5421,FAM210A,125228.0,MutKnownFunctional,"-109,0.281"
X-5421,FAM210A,125228.0,MutKnownFunctional,"-97?,0.684"
X-5421,FAM41AY1,340618.0,Del0.8,0.3
X-5421,FAM41AY1,340618.0,Del0.8,0.3
X-5421,FAM49B,51571.0,MutNovel,"G60D,0.501"
X-5421,FAM59A,64762.0,MutKnownFunctional,"Q774*,0.311"
X-5421,FAM83G,644815.0,MutKnownFunctional,"-440,0.262"
X-5421,FAM83H,286077.0,MutNovel,"D624N,0.412"
X-5421,FAM83H,286077.0,MutNovel,"R409Q,0.641"
X-5421,FAM86DP,692099.0,Del0.8,0.33
X-5421,FANCI,55215.0,MutNovel,"E997D,0.452"
X-5421,FARP2,9855.0,MutNovel,"F593L,0.542"
X-5421,FAT1,2195.0,MutNovel,"W3810R,0.804"
X-5421,FBXL3,26224.0,MutKnownFunctional,"-295,0.552"
X-5421,FBXW7,55294.0,MutNovel,"G423V,0.490"
X-5421,FCGBP,8857.0,MutNovel,"A2568T,0.417"
X-5421,FCGBP,8857.0,MutNovel,"R1916H,0.500"
X-5421,FCHO1,23149.0,MutNovel,"E322-,0.237"
X-5421,FCHO1,23149.0,MutNovel,"A484S,0.500"
X-5421,FKBP4,2288.0,MutNovel,"A326V,0.560"
X-5421,FLNB,2317.0,MutNovel,"V1740A,0.470"
X-5421,FMN1,342184.0,MutNovel,"V582I,0.509"
X-5421,FMN1,342184.0,MutNovel,"P453T,0.304"
X-5421,FOPNL,123811.0,MutKnownFunctional,"-18,0.444"
X-5421,FOXD1,2297.0,MutNovel,"A88G,0.344"
X-5421,FOXO3,2309.0,MutNovel,"S505T,0.347"
X-5421,FRAS1,80144.0,MutNovel,"G1287C,0.933"
X-5421,FUT5,2527.0,MutNovel,"V283M,1.000"
X-5421,FZD2,2535.0,MutNovel,"E483K,1.000"
X-5421,FZD6,8323.0,MutNovel,"C24R,0.604"
X-5421,GAB1,2549.0,MutKnownFunctional,"-501,0.358"
X-5421,GABBR1,2550.0,MutNovel,"R666H,0.675"
X-5421,GABRA2,2555.0,MutNovel,"P167T,1.000"
X-5421,GABRB3,2562.0,MutKnownFunctional,"R194*,1.000"
X-5421,GADD45B,4616.0,MutKnownFunctional,"-38,0.270"
X-5421,GAL3ST2,64090.0,MutNovel,"A212T,0.417"
X-5421,GALNT11,63917.0,MutNovel,"R105C,0.918"
X-5421,GAPDHS,26330.0,MutNovel,"A304V,0.469"
X-5421,GARS,2617.0,MutNovel,"L533M,0.526"
X-5421,GAS6,2621.0,MutNovel,"L314R,0.499"
X-5421,GDAP2,54834.0,MutNovel,"T41A,0.362"
X-5421,GGA2,23062.0,MutNovel,"L26P,0.443"
X-5421,GIGYF1,64599.0,MutKnownFunctional,"-111,0.298"
X-5421,GIGYF2,26058.0,MutNovel,"R227C,0.459"
X-5421,GJA3,2700.0,MutNovel,"T390I,1.000"
X-5421,GLB1,2720.0,MutNovel,"N555S,0.474"
X-5421,GLB1L2,89944.0,MutNovel,"A210T,0.539"
X-5421,GLTSCR1,29998.0,MutKnownFunctional,"-935?,0.750"
X-5421,GLUD2,2747.0,MutNovel,"V374A,1.000"
X-5421,GMEB2,26205.0,MutNovel,"M305T,0.533"
X-5421,GMPPA,29926.0,MutNovel,"R134C,0.544"
X-5421,GNAI1,2770.0,MutNovel,"A326V,0.318"
X-5421,GNAL,2774.0,MutNovel,"P36PAL,0.688"
X-5421,GNB1,2782.0,MutNovel,"R283C,0.268"
X-5421,GNB1,2782.0,MutKnownFunctional,"G41*,0.257"
X-5421,GNPTG,84572.0,MutNovel,"S236R,0.483"
X-5421,GNS,2799.0,MutNovel,"D202G,0.465"
X-5421,GOLGA2P2Y,84559.0,Del0.8,0.3
X-5421,GOLGA2P2Y,84559.0,Del0.8,0.26
X-5421,GOLGA4,2803.0,MutKnownFunctional,"-1386,0.404"
X-5421,GOLGB1,2804.0,MutNovel,"T314A,0.527"
X-5421,GOLIM4,27333.0,MutNovel,"Q451E,0.538"
X-5421,GON4L,54856.0,MutNovel,"R1783Q,0.577"
X-5421,GP2,2813.0,MutNovel,"D370G,0.609"
X-5421,GPHN,10243.0,MutNovel,"T370A,0.722"
X-5421,GPI,2821.0,MutNovel,"A327T,0.529"
X-5421,GPR125,166647.0,MutNovel,"A906T,0.483"
X-5421,GPR153,387509.0,MutNovel,"R6W,0.278"
X-5421,GPR37,2861.0,MutNovel,"I277F,1.000"
X-5421,GPR39,2863.0,MutNovel,"N434T,0.471"
X-5421,GPR75,10936.0,MutNovel,"V43A,0.500"
X-5421,GPRIN2,9721.0,MutNovel,"-238MRE,0.800"
X-5421,GRIN2B,2904.0,MutNovel,"F1340V,0.818"
X-5421,GRIN2D,2906.0,MutNovel,"A1245V,0.556"
X-5421,GRIN3B,116444.0,MutNovel,"A882T,0.500"
X-5421,GRIN3B,116444.0,MutNovel,"E947K,1.000"
X-5421,GRIPAP1,56850.0,MutNovel,"S762F,0.986"
X-5421,GRK6,2870.0,MutNovel,"V289I,0.544"
X-5421,GSPT1,2935.0,MutNovel,"GG15G,0.243"
X-5421,GTF2H1,2965.0,MutNovel,"N264T,0.559"
X-5421,GTF2I,2969.0,MutNovel,"L587F,0.234"
X-5421,GTF2I,2969.0,MutNovel,"T707I,0.300"
X-5421,GTPBP5,26164.0,MutNovel,"W26L,0.423"
X-5421,GUK1,2987.0,MutKnownFunctional,"-212,0.413"
X-5421,GYG2P1,352887.0,Del0.8,0.3
X-5421,HBS1L,10767.0,MutNovel,"R579H,0.387"
X-5421,HDAC10,83933.0,MutNovel,"C663R,0.542"
X-5421,HDAC7,51564.0,MutKnownFunctional,"-807,0.297"
X-5421,HDHD2,84064.0,MutKnownFunctional,"-80,0.291"
X-5421,HEBP2,23593.0,MutNovel,"P9S,0.517"
X-5421,HECTD1,25831.0,MutNovel,"N2353S,0.523"
X-5421,HEMK1,51409.0,MutNovel,"A263T,0.534"
X-5421,HERC1,8925.0,MutNovel,"N2826S,0.391"
X-5421,HERC2,8924.0,MutNovel,"M1322I,0.302"
X-5421,HERPUD1,9709.0,MutNovel,"P212L,0.456"
X-5421,HINT1,3094.0,MutNovel,"A48V,0.530"
X-5421,HIP1R,9026.0,MutNovel,"E502V,0.352"
X-5421,HIP1R,9026.0,MutNovel,"H810R,0.503"
X-5421,HIVEP1,3096.0,MutNovel,"P888R,0.312"
X-5421,HK2,3099.0,MutNovel,"L750M,0.454"
X-5421,HLA-DRB5,3127.0,Amp5,5.24
X-5421,HLA-G,3135.0,MutNovel,"M49V,1.000"
X-5421,HLA-G,3135.0,MutNovel,"S112G,0.750"
X-5421,HMG20A,10363.0,MutNovel,"R261H,0.430"
X-5421,HOOK1,51361.0,MutNovel,"K268N,0.391"
X-5421,HOOK2,29911.0,MutNovel,"H584Y,0.481"
X-5421,HOXA5,3202.0,MutKnownFunctional,"-141,0.574"
X-5421,HOXB9,3219.0,MutNovel,"S92N,0.582"
X-5421,HOXC6,3223.0,MutNovel,"A177T,0.364"
X-5421,HOXD1,3231.0,MutNovel,"P66R,0.304"
X-5421,HRAS,3265.0,MutNovel,"R73H,0.480"
X-5421,HS6ST1,9394.0,MutNovel,"N248D,0.474"
X-5421,HS6ST2,90161.0,MutKnownFunctional,"-536,0.899"
X-5421,HSFY2,159119.0,Del0.8,0.3
X-5421,HSFY2,159119.0,Del0.8,0.3
X-5421,HSPA4L,22824.0,MutNovel,"R590K,0.446"
X-5421,HSPB1,3315.0,MutNovel,"T184A,0.506"
X-5421,HSPG2,3339.0,MutNovel,"R901H,0.600"
X-5421,HYOU1,10525.0,MutNovel,"R311C,0.481"
X-5421,IFNGR1,3459.0,MutNovel,"P431S,0.504"
X-5421,IGF1R,3480.0,MutKnownFunctional,"-402,0.333"
X-5421,IGF2BP2,10644.0,MutNovel,"A393T,0.625"
X-5421,IGFBP2,3485.0,MutNovel,"V67A,0.357"
X-5421,IHH,3549.0,MutNovel,"L404M,0.469"
X-5421,IK,3550.0,MutNovel,"R56H,0.528"
X-5421,IK,3550.0,MutNovel,"M266T,0.498"
X-5421,IKBKB,3551.0,MutNovel,"T735M,0.555"
X-5421,IL28RA,163702.0,MutNovel,"R6G,0.333"
X-5421,IL4R,3566.0,MutNovel,"V650A,0.498"
X-5421,INADL,10207.0,MutKnownFunctional,"-335,0.545"
X-5421,INADL,10207.0,MutNovel,"R1513W,0.438"
X-5421,ING1,3621.0,MutNovel,"R332H,0.559"
X-5421,INO80D,54891.0,MutNovel,"R553C,0.500"
X-5421,INPP4A,3631.0,MutNovel,"A921T,0.516"
X-5421,INPP5J,27124.0,MutNovel,"V422I,0.318"
X-5421,INPPL1,3636.0,MutNovel,"V426A,0.511"
X-5421,IPO4,79711.0,MutNovel,"A414V,0.509"
X-5421,IPO8,10526.0,MutNovel,"R89H,0.477"
X-5421,IQCD,115811.0,MutNovel,"L108M,0.600"
X-5421,IQSEC2,23096.0,MutNovel,"Q273H,0.900"
X-5421,IRAK4,51135.0,MutNovel,"A296V,0.482"
X-5421,IRF2,3660.0,MutNovel,"G270C,0.413"
X-5421,IRF2BPL,64207.0,MutKnownFunctional,"-195,0.381"
X-5421,IRS2,8660.0,MutNovel,"Y1014C,0.521"
X-5421,ITFG2,55846.0,MutNovel,"W382C,0.671"
X-5421,ITGAE,3682.0,MutNovel,"F1152L,0.463"
X-5421,ITPKB,3707.0,MutNovel,"G511D,0.654"
X-5421,ITPKC,80271.0,MutNovel,"G520V,0.496"
X-5421,ITPR3,3710.0,MutNovel,"V241M,0.484"
X-5421,JARID2,3720.0,MutKnownFunctional,"Q1095*,0.405"
X-5421,KANSL1,,MutNovel,"A1043V,0.433"
X-5421,KANSL1,,MutNovel,"R606Q,0.481"
X-5421,KANSL3,55683.0,MutNovel,"P206L,0.561"
X-5421,KAT2A,2648.0,MutNovel,"R770H,0.513"
X-5421,KAT2B,8850.0,MutNovel,"K664Q,0.565"
X-5421,KATNB1,10300.0,MutNovel,"H319R,0.503"
X-5421,KCNJ11,3767.0,MutNovel,"M88V,0.500"
X-5421,KCTD10,83892.0,MutNovel,"Y259H,0.475"
X-5421,KCTD10,83892.0,MutNovel,"R248W,0.507"
X-5421,KCTD5,54442.0,MutKnownFunctional,"-212,0.379"
X-5421,KCTD7,154881.0,MutNovel,"R153H,0.500"
X-5421,KDM3A,55818.0,MutNovel,"S871N,0.463"
X-5421,KDM3B,51780.0,MutKnownFunctional,"-1640,0.281"
X-5421,KDM5D,8284.0,Del0.8,0.3
X-5421,KIAA0182,23199.0,MutKnownFunctional,"-120,0.505"
X-5421,KIAA0182,23199.0,MutNovel,"R305C,0.444"
X-5421,KIAA0284,283638.0,MutNovel,"R72H,0.449"
X-5421,KIAA0284,283638.0,MutNovel,"A999T,0.469"
X-5421,KIAA0284,283638.0,MutNovel,"P1106S,0.508"
X-5421,KIAA0317,9870.0,MutNovel,"S608Y,0.421"
X-5421,KIAA0430,9665.0,MutNovel,"Q702R,0.507"
X-5421,KIAA0664,23277.0,MutNovel,"G836S,0.490"
X-5421,KIAA0664,23277.0,MutNovel,"A685T,0.511"
X-5421,KIAA0664,23277.0,MutNovel,"R516W,0.490"
X-5421,KIAA0664,23277.0,MutNovel,"R307H,0.522"
X-5421,KIAA1109,84162.0,MutKnownFunctional,"-1263,0.366"
X-5421,KIAA1199,57214.0,MutNovel,"S1094L,0.415"
X-5421,KIAA1328,57536.0,MutNovel,"S198I,0.500"
X-5421,KIAA1731,85459.0,MutNovel,"M847I,0.450"
X-5421,KIAA1804,84451.0,MutNovel,"R448Q,0.631"
X-5421,KIAA1841,84542.0,MutNovel,"I170M,0.395"
X-5421,KIAA1919,91749.0,MutKnownFunctional,"-199,0.346"
X-5421,KIAA1919,91749.0,MutNovel,"A229T,0.341"
X-5421,KIAA1967,57805.0,MutKnownFunctional,"-897,0.513"
X-5421,KIAA2018,205717.0,MutNovel,"KN1015N,0.906"
X-5421,KIF13B,23303.0,MutKnownFunctional,"-1558,0.327"
X-5421,KIF13B,23303.0,MutNovel,"D958N,0.232"
X-5421,KIF13B,23303.0,MutNovel,"A693V,0.266"
X-5421,KIF20B,9585.0,MutNovel,"L1062LKV,0.294"
X-5421,KIF21B,23046.0,MutNovel,"P1455H,0.600"
X-5421,KLC1,3831.0,MutNovel,"A297V,0.568"
X-5421,KLF4,9314.0,MutNovel,"P338L,0.448"
X-5421,KLHL7,55975.0,MutNovel,"N497S,0.597"
X-5421,KLK11,11012.0,MutNovel,"R260Q,0.543"
X-5421,KLK8,11202.0,MutNovel,"R72M,0.529"
X-5421,KNTC1,9735.0,MutNovel,"E628K,0.615"
X-5421,KPNA1,3836.0,MutNovel,"R204K,0.525"
X-5421,KRT5,3852.0,MutNovel,"L449Q,0.778"
X-5421,KRT5,3852.0,MutNovel,"N412D,0.429"
X-5421,KRT72,140807.0,MutNovel,"L317M,0.500"
X-5421,KSR2,283455.0,MutNovel,"P299H,0.667"
X-5421,LAMA5,3911.0,MutNovel,"W1370R,0.394"
X-5421,LAMA5,3911.0,MutNovel,"G1041D,0.220"
X-5421,LAMC1,3915.0,MutNovel,"A1260V,0.541"
X-5421,LARP7,51574.0,MutKnownFunctional,"-590,0.883"
X-5421,LCA5L,150082.0,MutKnownFunctional,"-278,0.545"
X-5421,LCE1D,353134.0,MutNovel,"R78H,1.000"
X-5421,LCE3C,353144.0,Del0.8,0.27
X-5421,LCMT1,51451.0,MutNovel,"M204T,0.409"
X-5421,LDOC1L,84247.0,MutNovel,"R68H,0.483"
X-5421,LENG1,79165.0,MutKnownFunctional,"-141,0.310"
X-5421,LENG8,114823.0,MutNovel,"H451R,0.500"
X-5421,LENG9,94059.0,MutNovel,"P36L,0.714"
X-5421,LHPP,64077.0,MutNovel,"V254M,0.500"
X-5421,LIMK2,3985.0,MutKnownFunctional,"-571?,0.310"
X-5421,LIPT1,51601.0,MutKnownFunctional,"-121,0.447"
X-5421,LIX1L,128077.0,MutNovel,"A75V,0.667"
X-5421,LMAN1,3998.0,MutNovel,"K507N,0.896"
X-5421,LMF1,64788.0,MutNovel,"G228E,0.344"
X-5421,LMNB1,4001.0,MutNovel,"R67S,0.567"
X-5421,LMO2,4005.0,MutNovel,"M177V,1.000"
X-5421,LMTK3,114783.0,MutNovel,"D858N,1.000"
X-5421,LNX2,222484.0,MutNovel,"SS16S,0.450"
X-5421,LOC100132247,100132247.0,MutNovel,"R617C,0.250"
X-5421,LOC100506504,,MutKnownFunctional,"-157,0.333"
X-5421,LOC100507656,,MutNovel,"K18R,0.500"
X-5421,LOC100652741,,MutKnownFunctional,"-158?,0.357"
X-5421,LOC100652741,,MutNovel,"H542R,0.619"
X-5421,LOC100996585,,MutNovel,"W148R,1.000"
X-5421,LOC642441,,MutNovel,"L209S,0.500"
X-5421,LOC728734,,MutNovel,"A273V,0.600"
X-5421,LOC728734,,MutNovel,"L285P,1.000"
X-5421,LOC81691,81691.0,MutNovel,"A31V,0.556"
X-5421,LPIN3,64900.0,MutNovel,"A696S,0.488"
X-5421,LRP4,4038.0,MutKnownFunctional,"-1835?,0.306"
X-5421,LRP8,7804.0,MutNovel,"G346S,0.573"
X-5421,LRRC36,55282.0,MutNovel,"L482I,1.000"
X-5421,LRRC37A,9884.0,MutNovel,"L1378P,1.000"
X-5421,LRRC56,115399.0,MutNovel,"R269H,0.357"
X-5421,LRRC8A,56262.0,MutNovel,"V4A,0.463"
X-5421,LRRC8D,55144.0,MutNovel,"E83D,0.525"
X-5421,LSG1,55341.0,MutNovel,"D193G,0.415"
X-5421,LSR,51599.0,MutNovel,"G518GR,0.847"
X-5421,LTBP3,4054.0,MutNovel,"T104M,0.517"
X-5421,LTN1,26046.0,MutKnownFunctional,"-582,0.667"
X-5421,LUC7L3,51747.0,MutKnownFunctional,"-198,0.302"
X-5421,LYSMD3,116068.0,MutNovel,"L104I,0.457"
X-5421,LYST,1130.0,MutNovel,"F1140I,0.556"
X-5421,LZTR1,8216.0,MutKnownFunctional,"-7?,0.417"
X-5421,MACF1,23499.0,MutKnownFunctional,"-405?,0.455"
X-5421,MACF1,23499.0,MutNovel,"R587Q,0.533"
X-5421,MACF1,23499.0,MutNovel,"R3734W,0.496"
X-5421,MACROD2,140733.0,Del0.8,0.57
X-5421,MACROD2-AS1,100379174.0,Del0.8,0.29
X-5421,MAFG,4097.0,MutNovel,"A127V,0.440"
X-5421,MAGIX,79917.0,MutNovel,"T182M,0.333"
X-5421,MAMDC4,158056.0,MutNovel,"R1095W,0.608"
X-5421,MAMSTR,284358.0,MutNovel,"P105H,0.600"
X-5421,MAN1A1,4121.0,MutNovel,"E491K,0.214"
X-5421,MAP2K2,5605.0,MutNovel,"A317T,0.497"
X-5421,MAP2K4,6416.0,MutNovel,"R287H,0.623"
X-5421,MAP2K4,6416.0,MutNovel,"K350N,0.536"
X-5421,MAP3K11,4296.0,MutNovel,"E421D,0.446"
X-5421,MAP3K4,4216.0,MutNovel,"R1524C,0.500"
X-5421,MAP3K6,9064.0,MutNovel,"D743E,0.479"
X-5421,MAP7D1,55700.0,MutKnownFunctional,"-34,0.516"
X-5421,MAPK6,5597.0,MutNovel,"G27C,0.479"
X-5421,MAPK7,5598.0,MutNovel,"A580T,0.468"
X-5421,MAPRE3,22924.0,MutKnownFunctional,"-179,0.303"
X-5421,MARCKS,4082.0,MutKnownFunctional,"-152,0.298"
X-5421,MASTL,84930.0,MutNovel,"N471D,0.517"
X-5421,MCF2L,23263.0,MutNovel,"A345T,0.750"
X-5421,MDC1,9656.0,MutNovel,"S1192R,0.435"
X-5421,MDC1,9656.0,MutNovel,"K1025-,0.222"
X-5421,MDN1,23195.0,MutKnownFunctional,"-4936,0.389"
X-5421,MDN1,23195.0,MutNovel,"C4192Y,0.479"
X-5421,MDN1,23195.0,MutNovel,"P3359T,0.522"
X-5421,ME3,10873.0,MutNovel,"M111R,0.500"
X-5421,MECR,51102.0,MutNovel,"V10G,0.545"
X-5421,MED13L,23389.0,MutNovel,"H428Y,0.429"
X-5421,MED16,10025.0,MutNovel,"P633L,0.434"
X-5421,MED19,219541.0,MutNovel,"D123G,0.405"
X-5421,MEF2A,4205.0,MutNovel,"M284T,0.543"
X-5421,MEGF8,1954.0,MutNovel,"R1091H,0.435"
X-5421,MESDC2,23184.0,MutKnownFunctional,"-211?,0.367"
X-5421,METTL21B,25895.0,MutNovel,"A179T,0.442"
X-5421,MFAP1,4236.0,MutKnownFunctional,"-359,0.269"
X-5421,MIA3,375056.0,MutNovel,"R92H,0.510"
X-5421,MIA3,375056.0,MutNovel,"D414E,0.319"
X-5421,MICAL1,64780.0,MutNovel,"A81V,0.495"
X-5421,MICAL3,57553.0,MutNovel,"R100H,0.463"
X-5421,MINK1,50488.0,MutNovel,"E663K,0.564"
X-5421,MINK1,50488.0,MutNovel,"M1041L,0.490"
X-5421,MKI67,4288.0,MutNovel,"D1345G,0.491"
X-5421,MLL5,55904.0,MutNovel,"S780I,0.354"
X-5421,MLLT4,4301.0,MutNovel,"A297T,0.516"
X-5421,MLLT4,4301.0,MutNovel,"A477V,0.386"
X-5421,MLPH,79083.0,MutNovel,"D194G,0.444"
X-5421,MLST8,64223.0,MutNovel,"M67T,0.503"
X-5421,MLXIP,22877.0,MutNovel,"P517L,0.507"
X-5421,MLYCD,23417.0,MutNovel,"R11G,0.625"
X-5421,MOB1B,92597.0,MutKnownFunctional,"-192,0.381"
X-5421,MOV10,4343.0,MutNovel,"R466C,0.583"
X-5421,MR1,3140.0,MutNovel,"V34I,0.342"
X-5421,MRI1,84245.0,MutNovel,"G362R,0.335"
X-5421,MRP63,78988.0,MutKnownFunctional,"-82?,0.466"
X-5421,MTBP,27085.0,MutNovel,"R728Q,0.514"
X-5421,MTMR14,64419.0,MutNovel,"A477D,0.446"
X-5421,MTUS1,57509.0,MutKnownFunctional,"-1223,0.554"
X-5421,MUC12,10071.0,MutNovel,"T2560M,1.000"
X-5421,MUC12,10071.0,MutNovel,"P3155S,0.241"
X-5421,MUC12,10071.0,MutNovel,"E4601G,0.429"
X-5421,MUC12,10071.0,MutNovel,"T4603M,0.500"
X-5421,MUC2,4583.0,MutNovel,"T1625A,0.502"
X-5421,MUC2,4583.0,MutNovel,"T1632S,0.350"
X-5421,MUC2,4583.0,MutNovel,"S1816T,0.599"
X-5421,MUC4,4585.0,MutNovel,"P2562H,0.750"
X-5421,MVD,4597.0,MutNovel,"S181I,0.443"
X-5421,MXD1,4084.0,MutKnownFunctional,"E25*,0.644"
X-5421,MXRA8,54587.0,MutKnownFunctional,"-301,0.565"
X-5421,MYH11,4629.0,MutNovel,"L1236M,0.571"
X-5421,MYH14,79784.0,MutNovel,"R1480S,0.549"
X-5421,MYH14,79784.0,MutNovel,"L1982P,0.550"
X-5421,MYH15,22989.0,MutNovel,"R1709H,0.733"
X-5421,MYH3,4621.0,MutNovel,"L1841M,1.000"
X-5421,MYH9,4627.0,MutNovel,"L1752R,0.490"
X-5421,MYLK,4638.0,MutNovel,"Q806H,0.250"
X-5421,MYLK,4638.0,MutNovel,"F35L,0.643"
X-5421,MYO18A,399687.0,MutNovel,"A1031T,0.540"
X-5421,MYO1A,4640.0,MutKnownFunctional,"-1033,0.843"
X-5421,MYO9A,4649.0,MutNovel,"R2187H,0.500"
X-5421,MYOM3,127294.0,MutNovel,"T1169M,0.438"
X-5421,MZF1,7593.0,MutNovel,"A263V,0.660"
X-5421,N4BP2L2,10443.0,MutNovel,"R106H,0.444"
X-5421,N6AMT1,29104.0,MutKnownFunctional,"-156,0.375"
X-5421,NAF1,92345.0,MutNovel,"L468I,0.654"
X-5421,NAPRT1,93100.0,MutNovel,"A527S,0.465"
X-5421,NBPF12,,MutNovel,"Q2399L,1.000"
X-5421,NCDN,23154.0,MutNovel,"A577V,0.365"
X-5421,NCKAP5L,57701.0,MutNovel,"A851T,0.636"
X-5421,NCOR2,9612.0,MutNovel,"G1839GAAA,0.564"
X-5421,NCOR2,9612.0,MutNovel,"G1146S,0.560"
X-5421,NCRNA00185,55410.0,Del0.8,0.3
X-5421,NDUFAF3,25915.0,MutNovel,"M58V,0.511"
X-5421,NEIL3,55247.0,MutNovel,"P293L,0.550"
X-5421,NEURL1B,54492.0,MutNovel,"A103V,0.545"
X-5421,NEURL4,84461.0,MutNovel,"V553M,0.443"
X-5421,NFIC,4782.0,MutNovel,"I209S,0.445"
X-5421,NIF3L1,60491.0,MutNovel,"R25C,0.478"
X-5421,NIN,51199.0,MutNovel,"R980M,0.500"
X-5421,NIPAL2,79815.0,MutNovel,"F301V,0.495"
X-5421,NIPBL,25836.0,MutKnownFunctional,"-601,0.305"
X-5421,NIT1,4817.0,MutNovel,"R261H,0.496"
X-5421,NKD1,85407.0,MutKnownFunctional,"-286,0.263"
X-5421,NLGN4Y,22829.0,Del0.8,0.3
X-5421,NME4,4833.0,MutKnownFunctional,"-157,0.479"
X-5421,NOD1,10392.0,MutKnownFunctional,"-516,0.333"
X-5421,NOL6,65083.0,MutNovel,"P120L,0.518"
X-5421,NOP56,10528.0,MutKnownFunctional,"-477,0.385"
X-5421,NOS2,4843.0,MutNovel,"A2V,0.558"
X-5421,NOTCH2,4853.0,MutNovel,"V2075L,0.319"
X-5421,NOV,4856.0,MutNovel,"A104V,0.588"
X-5421,NPAS1,4861.0,MutNovel,"G394R,0.286"
X-5421,NPAS1,4861.0,MutNovel,"G545S,0.571"
X-5421,NPAT,4863.0,MutKnownFunctional,"-1210,0.405"
X-5421,NPAT,4863.0,MutNovel,"P1046L,1.000"
X-5421,NPIPL3,23117.0,MutNovel,"E798K,0.816"
X-5421,NPNT,255743.0,MutNovel,"K76R,0.405"
X-5421,NR3C2,4306.0,MutNovel,"T865P,0.635"
X-5421,NRAP,4892.0,MutNovel,"R1597Q,0.818"
X-5421,NRIP1,8204.0,MutKnownFunctional,"-516?,0.466"
X-5421,NRP1,8829.0,MutNovel,"G280D,0.333"
X-5421,NSFL1C,55968.0,MutNovel,"T343A,0.486"
X-5421,NUDCD3,23386.0,MutNovel,"A149T,0.346"
X-5421,NUDT18,79873.0,MutNovel,"P276Q,0.544"
X-5421,NUMA1,4926.0,MutNovel,"G1890R,0.624"
X-5421,NUMBL,9253.0,MutNovel,"R293H,0.316"
X-5421,NUP98,4928.0,MutNovel,"D1364G,0.547"
X-5421,NXPE1,,MutNovel,"E340G,0.500"
X-5421,NYNRIN,57523.0,MutNovel,"A1211D,0.452"
X-5421,OPA1,4976.0,MutNovel,"W830L,0.540"
X-5421,OPLAH,26873.0,MutKnownFunctional,"-232,0.364"
X-5421,OR2T10,127069.0,Amp5,5.31
X-5421,OR2T34,127068.0,Amp5,5.31
X-5421,ORAI1,84876.0,MutNovel,"PP43-,0.808"
X-5421,ORC1,4998.0,MutNovel,"A645D,0.472"
X-5421,ORC3,23595.0,MutNovel,"K220N,0.704"
X-5421,OSBP2,23762.0,MutNovel,"R823L,0.633"
X-5421,OSBPL1A,114876.0,MutKnownFunctional,"-894,0.381"
X-5421,OSBPL1A,114876.0,MutNovel,"M603I,0.395"
X-5421,OSGEPL1,64172.0,MutNovel,"S397T,0.667"
X-5421,OTUD1,220213.0,MutKnownFunctional,"-262?,0.556"
X-5421,OXR1,55074.0,MutNovel,"L82I,0.512"
X-5421,OXSM,54995.0,MutKnownFunctional,"-178,0.262"
X-5421,P2RY2,5029.0,MutNovel,"V213I,0.394"
X-5421,PABPC3,5042.0,MutNovel,"KG231-,0.500"
X-5421,PAFAH2,5051.0,MutNovel,"E201D,0.542"
X-5421,PAK6,56924.0,MutKnownFunctional,"W40*,0.324"
X-5421,PALLD,23022.0,MutKnownFunctional,"-732,0.411"
X-5421,PAPD5,64282.0,MutNovel,"G35S,0.529"
X-5421,PAPD7,11044.0,MutNovel,"V265M,0.561"
X-5421,PARD3B,117583.0,MutNovel,"N292T,0.613"
X-5421,PARN,5073.0,MutNovel,"L397P,0.508"
X-5421,PARP1,142.0,MutNovel,"A709T,0.488"
X-5421,PARP3,10039.0,MutNovel,"H320L,0.573"
X-5421,PARVB,29780.0,MutNovel,"A214V,0.449"
X-5421,PCDH11Y,83259.0,Del0.8,0.3
X-5421,PCDHGA10,56106.0,MutKnownFunctional,"-823,0.600"
X-5421,PCDHGA7,56108.0,MutNovel,"V130I,1.000"
X-5421,PCM1,5108.0,MutNovel,"A323T,0.524"
X-5421,PCSK5,5125.0,MutNovel,"Q1167R,0.413"
X-5421,PDCD11,22984.0,MutNovel,"S1498I,0.522"
X-5421,PDE4DIP,9659.0,MutNovel,"L1592H,0.429"
X-5421,PFKFB3,5209.0,MutNovel,"V286M,0.425"
X-5421,PGBD4,161779.0,MutKnownFunctional,"-366,0.438"
X-5421,PGPEP1L,145814.0,MutKnownFunctional,"-165?,0.600"
X-5421,PGS1,9489.0,MutNovel,"P198L,0.516"
X-5421,PHACTR4,65979.0,MutKnownFunctional,"-61,0.400"
X-5421,PHB,5245.0,MutNovel,"A248T,0.521"
X-5421,PHC1,1911.0,MutNovel,"L701S,0.391"
X-5421,PHF11,51131.0,MutNovel,"A166T,0.474"
X-5421,PHF17,79960.0,MutNovel,"Q482H,0.220"
X-5421,PHF2,5253.0,MutKnownFunctional,"-490,0.382"
X-5421,PHF23,79142.0,MutNovel,"P290L,0.498"
X-5421,PHF7,51533.0,MutNovel,"I309M,0.547"
X-5421,PHGR1,644844.0,MutKnownFunctional,"-57,0.306"
X-5421,PHKB,5257.0,MutNovel,"Y53C,0.571"
X-5421,PHKB,5257.0,MutNovel,"Y975C,0.487"
X-5421,PHLDA1,22822.0,MutNovel,"PQL315L,0.265"
X-5421,PHLDA1,22822.0,MutNovel,"QQ194Q,0.507"
X-5421,PHLDA1,22822.0,MutKnownFunctional,"-46,0.450"
X-5421,PHLDB1,23187.0,MutNovel,"L130I,0.500"
X-5421,PIEZO1,9780.0,MutNovel,"F1000L,0.459"
X-5421,PIGQ,9091.0,MutNovel,"S731L,0.464"
X-5421,PIGX,54965.0,MutNovel,"T257I,0.478"
X-5421,PIK3C2B,5287.0,MutNovel,"FW955W,0.281"
X-5421,PIK3CA,5290.0,MutKnownFunctional,"E545G,0.512"
X-5421,PITPNM3,83394.0,MutNovel,"A960V,0.449"
X-5421,PKD1,5310.0,MutNovel,"V3062I,0.261"
X-5421,PKM,,MutNovel,"V37I,0.500"
X-5421,PLCG1,5335.0,MutNovel,"R270H,0.375"
X-5421,PLEC,5339.0,MutNovel,"I3426V,0.533"
X-5421,PLEKHA4,57664.0,MutNovel,"P725S,0.452"
X-5421,PLEKHA4,57664.0,MutNovel,"P607R,0.452"
X-5421,PLEKHG1,57480.0,MutNovel,"A73T,0.539"
X-5421,PLEKHG5,57449.0,MutNovel,"R99Q,0.333"
X-5421,PLEKHH1,57475.0,MutKnownFunctional,"-1331?,0.365"
X-5421,PLK1,5347.0,MutNovel,"R581C,0.503"
X-5421,PLTP,5360.0,MutNovel,"T342A,1.000"
X-5421,PLXNA3,55558.0,MutKnownFunctional,"-14,0.760"
X-5421,PML,5371.0,MutNovel,"V283M,0.504"
X-5421,PMP22,5376.0,MutNovel,"R159H,0.498"
X-5421,PMS2,5395.0,MutKnownFunctional,"-413,0.280"
X-5421,PNRC1,10957.0,MutKnownFunctional,"-249,0.420"
X-5421,POGLUT1,56983.0,MutNovel,"E112D,0.250"
X-5421,POLD1,5424.0,MutNovel,"G129R,0.504"
X-5421,POLD1,5424.0,MutNovel,"T993M,0.486"
X-5421,POLE,5426.0,MutKnownFunctional,"-697,0.390"
X-5421,POLG,5428.0,MutNovel,"M94V,0.440"
X-5421,POMGNT1,55624.0,MutNovel,"L669I,0.495"
X-5421,POMT2,29954.0,MutNovel,"L361H,0.489"
X-5421,PPARG,5468.0,MutNovel,"Q27P,0.400"
X-5421,PPARGC1A,10891.0,MutNovel,"E436D,0.800"
X-5421,PPFIA1,8500.0,MutNovel,"S547I,0.519"
X-5421,PPP1CB,5500.0,MutNovel,"R220C,0.441"
X-5421,PPP1R26,9858.0,MutKnownFunctional,"-323,0.480"
X-5421,PPP1R37,284352.0,MutNovel,"R459L,0.533"
X-5421,PPP2R5A,5525.0,MutNovel,"Y400C,0.523"
X-5421,PPP2R5A,5525.0,MutKnownFunctional,"-487?,0.381"
X-5421,PPRC1,23082.0,MutKnownFunctional,"-702,0.381"
X-5421,PPRC1,23082.0,MutNovel,"C1479W,0.651"
X-5421,PPRC1,23082.0,MutKnownFunctional,"-1507?,0.289"
X-5421,PRDM11,56981.0,MutNovel,"G361V,0.571"
X-5421,PRDM2,7799.0,MutKnownFunctional,"-1487,0.352"
X-5421,PRDM2,7799.0,MutKnownFunctional,"-1566,0.320"
X-5421,PREPL,9581.0,MutNovel,"T220A,0.567"
X-5421,PRIC285,85441.0,MutKnownFunctional,"-2206,0.268"
X-5421,PRKAB1,5564.0,MutKnownFunctional,"-85?,0.262"
X-5421,PRKCE,5581.0,MutNovel,"L44P,0.353"
X-5421,PRKCH,5583.0,MutNovel,"G120C,1.000"
X-5421,PRKDC,5591.0,MutNovel,"G1447D,0.434"
X-5421,PRKY,5616.0,Del0.8,0.3
X-5421,PRLR,5618.0,MutNovel,"P50S,0.571"
X-5421,PRMT1,3276.0,MutNovel,"L347M,0.486"
X-5421,PRNP,5621.0,MutNovel,"R148C,0.457"
X-5421,PRR12,57479.0,MutNovel,"T1718N,0.478"
X-5421,PRR14,78994.0,MutKnownFunctional,"-275,0.302"
X-5421,PRRG1,5638.0,MutKnownFunctional,"-132,0.821"
X-5421,PRY,9081.0,Del0.8,0.3
X-5421,PRY,9081.0,Del0.8,0.3
X-5421,PRY2,442862.0,Del0.8,0.3
X-5421,PRY2,442862.0,Del0.8,0.3
X-5421,PSD3,23362.0,MutNovel,"R342H,0.465"
X-5421,PSD4,23550.0,MutNovel,"A741V,0.522"
X-5421,PSMC2,5701.0,MutNovel,"A226V,0.667"
X-5421,PSME2,5721.0,MutNovel,"Y187C,0.478"
X-5421,PSORS1C1,170679.0,MutKnownFunctional,"-38?,0.500"
X-5421,PTBP3,9991.0,MutNovel,"S167R,0.467"
X-5421,PTCH1,5727.0,MutKnownFunctional,"-1202,0.368"
X-5421,PTGDR2,11251.0,MutNovel,"A228T,1.000"
X-5421,PTGS1,5742.0,MutNovel,"E338K,0.500"
X-5421,PTK2B,2185.0,MutNovel,"R266H,0.461"
X-5421,PTK6,5753.0,MutNovel,"G134R,0.534"
X-5421,PTOV1,53635.0,MutNovel,"L140P,0.508"
X-5421,PTPN14,5784.0,MutNovel,"A630T,0.524"
X-5421,PTPN20A,653129.0,MutNovel,"D114G,1.000"
X-5421,PTPN21,11099.0,MutNovel,"A762V,0.407"
X-5421,PTPRH,5794.0,MutNovel,"S992-,0.529"
X-5421,PTRF,284119.0,MutNovel,"A218T,0.372"
X-5421,PUM2,23369.0,MutNovel,"G254C,0.520"
X-5421,PYCR2,29920.0,MutNovel,"T171M,0.571"
X-5421,PYGO2,90780.0,MutKnownFunctional,"-150?,0.459"
X-5421,RAB11FIP1,80223.0,MutKnownFunctional,"-713?,0.267"
X-5421,RAB4B,53916.0,MutNovel,"R198W,0.525"
X-5421,RABGEF1,27342.0,MutNovel,"A182V,0.468"
X-5421,RAD54L2,23132.0,MutNovel,"R87H,0.304"
X-5421,RALGAPA2,57186.0,MutNovel,"P1487L,0.506"
X-5421,RALGAPA2,57186.0,MutKnownFunctional,"R99*,0.485"
X-5421,RALGAPB,57148.0,MutKnownFunctional,"-1454,0.487"
X-5421,RANBP9,10048.0,MutNovel,"QQQ12Q,0.237"
X-5421,RAPGEF2,9693.0,MutKnownFunctional,"-1084,0.250"
X-5421,RASGEF1B,153020.0,MutKnownFunctional,"R349*,0.333"
X-5421,RASL11A,387496.0,MutNovel,"P58Q,0.449"
X-5421,RASSF4,83937.0,MutNovel,"R45C,0.524"
X-5421,RBCK1,10616.0,MutKnownFunctional,"C509*,0.535"
X-5421,RBL1,5933.0,MutNovel,"A726T,0.491"
X-5421,RBL2,5934.0,MutNovel,"R697C,0.455"
X-5421,RBM15B,29890.0,MutNovel,"M389V,0.485"
X-5421,RBM43,375287.0,MutKnownFunctional,"-136,0.292"
X-5421,RBMY1A3P,286557.0,Del0.8,0.3
X-5421,RBMY1B,378948.0,Del0.8,0.3
X-5421,RBMY1B,378948.0,Del0.8,0.3
X-5421,RBMY1E,378950.0,Del0.8,0.3
X-5421,RBMY1E,378950.0,Del0.8,0.3
X-5421,RBMY1F,159163.0,Del0.8,0.3
X-5421,RBMY1F,159163.0,Del0.8,0.3
X-5421,RBMY1J,378951.0,Del0.8,0.3
X-5421,RBMY1J,378951.0,Del0.8,0.3
X-5421,RBMY2EP,159125.0,Del0.8,0.3
X-5421,RBMY2FP,159162.0,Del0.8,0.3
X-5421,RBMY3AP,64593.0,Del0.8,0.3
X-5421,RCBTB2,1102.0,MutNovel,"T362I,0.700"
X-5421,RCC1,1104.0,MutNovel,"K22N,0.541"
X-5421,RDH10,157506.0,MutNovel,"P285H,0.441"
X-5421,RERE,473.0,MutKnownFunctional,"-83,0.324"
X-5421,REXO1,57455.0,MutNovel,"L349I,0.394"
X-5421,RHBDF1,64285.0,MutNovel,"L814I,0.540"
X-5421,RIN1,9610.0,MutNovel,"R342H,0.509"
X-5421,RIN3,79890.0,MutNovel,"R930C,0.319"
X-5421,RIOK3,8780.0,MutNovel,"Q340P,0.529"
X-5421,RIOK3,8780.0,MutNovel,"G435D,0.526"
X-5421,RNF111,54778.0,MutKnownFunctional,"-633,0.545"
X-5421,RNF111,54778.0,MutKnownFunctional,"-888,0.366"
X-5421,RNF123,63891.0,MutKnownFunctional,"-283,0.250"
X-5421,RNF138,51444.0,MutNovel,"K41E,0.555"
X-5421,RNF145,153830.0,MutKnownFunctional,"-25,0.299"
X-5421,RNF146,81847.0,MutKnownFunctional,"-337,0.489"
X-5421,RNF169,254225.0,MutKnownFunctional,"E462*,0.568"
X-5421,RNF207,388591.0,MutNovel,"A574T,0.485"
X-5421,RNF213,57674.0,MutNovel,"N2674K,0.368"
X-5421,RNF213,57674.0,MutNovel,"A2743T,0.495"
X-5421,RNF220,55182.0,MutNovel,"E469D,0.500"
X-5421,RNF26,79102.0,MutKnownFunctional,"-423,0.468"
X-5421,RNF39,80352.0,MutNovel,"R322H,0.529"
X-5421,RNF39,80352.0,MutNovel,"G135D,0.650"
X-5421,RNF43,54894.0,MutKnownFunctional,"-659,0.890"
X-5421,ROCK1,6093.0,MutKnownFunctional,"-1307,0.308"
X-5421,ROCK1,6093.0,MutKnownFunctional,"-141,0.389"
X-5421,RPAP2,79871.0,MutKnownFunctional,"-56,0.566"
X-5421,RPF2,84154.0,MutKnownFunctional,"-304,0.293"
X-5421,RPL22,6146.0,MutKnownFunctional,"-15,0.690"
X-5421,RPL3,6122.0,MutNovel,"EG401G,0.540"
X-5421,RPLP1,6176.0,MutNovel,"A13T,0.491"
X-5421,RPP25L,,MutNovel,"G132D,0.481"
X-5421,RPRD2,23248.0,MutNovel,"R1355W,0.500"
X-5421,RPS4Y1,6192.0,Del0.8,0.3
X-5421,RPS4Y2,140032.0,Del0.8,0.3
X-5421,RPS5,6193.0,MutNovel,"R71C,0.524"
X-5421,RPUSD2,27079.0,MutNovel,"N198D,0.529"
X-5421,RREB1,6239.0,MutNovel,"G667D,0.446"
X-5421,RRP12,23223.0,MutNovel,"G1152D,0.484"
X-5421,RTN2,6253.0,MutNovel,"H515R,0.583"
X-5421,RWDD4,201965.0,MutNovel,"S23R,0.312"
X-5421,RYR2,6262.0,MutKnownFunctional,"-1744?,0.500"
X-5421,RYR2,6262.0,MutKnownFunctional,"-4737,0.357"
X-5421,S1PR4,8698.0,MutNovel,"R143H,0.364"
X-5421,SACS,26278.0,MutKnownFunctional,"-1717,0.500"
X-5421,SAMHD1,25939.0,MutNovel,"R226C,0.600"
X-5421,SAP25,100316904.0,MutKnownFunctional,"-133,0.291"
X-5421,SAP30L,79685.0,MutKnownFunctional,"-14,0.344"
X-5421,SCML2,10389.0,MutNovel,"I246S,1.000"
X-5421,SEC63,11231.0,MutKnownFunctional,"-535,0.677"
X-5421,SELENBP1,8991.0,MutNovel,"G395C,0.625"
X-5421,SEMA3B,7869.0,MutNovel,"V247M,0.494"
X-5421,SERINC2,347735.0,MutNovel,"-373Q,0.448"
X-5421,SERPINA6,866.0,MutKnownFunctional,"S343*,0.667"
X-5421,SETD1B,23067.0,MutKnownFunctional,"-5,0.786"
X-5421,SETD1B,23067.0,MutNovel,"AEE1054A,0.333"
X-5421,SETD1B,23067.0,MutNovel,"A1746T,0.526"
X-5421,SETD5,55209.0,MutNovel,"G69D,0.552"
X-5421,SETD5,55209.0,MutKnownFunctional,"-599,0.345"
X-5421,SETD7,80854.0,MutNovel,"A145S,0.541"
X-5421,SETDB1,9869.0,MutKnownFunctional,"-394?,0.370"
X-5421,SFSWAP,6433.0,MutNovel,"A990V,0.602"
X-5421,SFXN4,119559.0,MutNovel,"A169T,0.543"
X-5421,SGOL1,151648.0,MutNovel,"I526M,0.238"
X-5421,SH2D3A,10045.0,MutNovel,"A550V,0.500"
X-5421,SH3GLB1,51100.0,MutNovel,"R90H,0.501"
X-5421,SH3GLB2,56904.0,MutNovel,"R338C,0.522"
X-5421,SH3PXD2B,285590.0,MutNovel,"V160A,0.628"
X-5421,SH3TC1,54436.0,MutNovel,"T252A,0.500"
X-5421,SHANK3,85358.0,MutNovel,"A990V,0.636"
X-5421,SHPRH,257218.0,MutNovel,"W1443C,0.263"
X-5421,SHROOM1,134549.0,MutNovel,"P104L,0.548"
X-5421,SHROOM3,57619.0,MutNovel,"A175V,0.459"
X-5421,SIAH1,6477.0,MutNovel,"I278F,0.422"
X-5421,SIK3,23387.0,MutNovel,"R773C,0.458"
X-5421,SIPA1L1,26037.0,MutKnownFunctional,"-56?,0.453"
X-5421,SIPA1L1,26037.0,MutNovel,"T1330P,0.663"
X-5421,SIPA1L3,23094.0,MutKnownFunctional,"-311?,0.268"
X-5421,SIPA1L3,23094.0,MutNovel,"A632V,0.244"
X-5421,SIPA1L3,23094.0,MutNovel,"H717R,0.260"
X-5421,SIX5,147912.0,MutNovel,"V19A,0.833"
X-5421,SKAP2,8935.0,MutNovel,"A99T,0.444"
X-5421,SKIL,6498.0,MutNovel,"C166Y,0.486"
X-5421,SLC12A4,6560.0,MutNovel,"S67N,0.723"
X-5421,SLC12A6,9990.0,MutNovel,"R942W,0.500"
X-5421,SLC12A9,56996.0,MutNovel,"R367H,0.340"
X-5421,SLC12A9,56996.0,MutNovel,"S823G,0.640"
X-5421,SLC15A4,121260.0,MutNovel,"M484I,0.417"
X-5421,SLC24A1,9187.0,MutNovel,"P132Q,0.438"
X-5421,SLC25A29,123096.0,MutNovel,"A125T,0.537"
X-5421,SLC25A45,283130.0,MutKnownFunctional,"-262?,0.519"
X-5421,SLC25A51,,MutKnownFunctional,"-257,0.417"
X-5421,SLC26A3,1811.0,MutNovel,"R68W,0.234"
X-5421,SLC27A3,11000.0,MutNovel,"A526T,0.575"
X-5421,SLC27A3,11000.0,MutKnownFunctional,"-643,0.459"
X-5421,SLC27A4,10999.0,MutNovel,"P614L,0.496"
X-5421,SLC2A6,11182.0,MutKnownFunctional,"-147,0.455"
X-5421,SLC35B4,84912.0,MutNovel,"R26Q,0.625"
X-5421,SLC45A3,85414.0,MutNovel,"A221T,0.545"
X-5421,SLC6A14,11254.0,MutNovel,"L56V,0.798"
X-5421,SLC9A3R1,9368.0,MutNovel,"G223R,0.505"
X-5421,SLCO1B3,28234.0,MutNovel,"D687Y,0.288"
X-5421,SMAD6,4091.0,MutNovel,"A194V,0.214"
X-5421,SMAP1,60682.0,MutKnownFunctional,"-169,0.800"
X-5421,SMARCAD1,56916.0,MutNovel,"I852V,0.488"
X-5421,SMARCC2,6601.0,MutNovel,"A946V,0.457"
X-5421,SMC2,10592.0,MutNovel,"A709T,0.562"
X-5421,SMC6,79677.0,MutNovel,"V505I,0.904"
X-5421,SMC6,79677.0,MutKnownFunctional,"-410,0.276"
X-5421,SNAPC4,6621.0,MutNovel,"S542-,0.204"
X-5421,SNAPIN,23557.0,MutNovel,"G28W,0.469"
X-5421,SNX15,,MutNovel,"A290T,0.366"
X-5421,SOWAHA,134548.0,MutKnownFunctional,"-94,0.333"
X-5421,SOWAHC,65124.0,MutNovel,"N61S,0.338"
X-5421,SP1,6667.0,MutNovel,"S728R,0.519"
X-5421,SPEF2,79925.0,MutNovel,"Q7P,0.667"
X-5421,SPON2,10417.0,MutNovel,"D172N,0.600"
X-5421,SPTBN2,6712.0,MutNovel,"S2284N,0.483"
X-5421,SPTBN5,51332.0,MutNovel,"S3181N,1.000"
X-5421,SRP14,6727.0,MutNovel,"A116-,0.347"
X-5421,SRP54,6729.0,MutNovel,"D384G,0.536"
X-5421,SRP54,6729.0,MutNovel,"G475S,0.492"
X-5421,SRP68,6730.0,MutNovel,"P149H,0.512"
X-5421,SRRT,51593.0,MutKnownFunctional,"-102,0.327"
X-5421,SRY,6736.0,Del0.8,0.3
X-5421,SSBP4,170463.0,MutNovel,"A107T,0.444"
X-5421,ST6GALNAC6,30815.0,MutNovel,"V164M,0.400"
X-5421,STAMBPL1,57559.0,MutKnownFunctional,"-403,0.431"
X-5421,STAT1,6772.0,MutNovel,"V631A,0.853"
X-5421,STAT2,6773.0,MutKnownFunctional,"-489?,0.304"
X-5421,STAU2,27067.0,MutKnownFunctional,"-364,0.437"
X-5421,STK36,27148.0,MutNovel,"I35V,0.333"
X-5421,STX1A,6804.0,MutNovel,"R28C,0.508"
X-5421,SUPT16H,11198.0,MutKnownFunctional,"-1042,0.492"
X-5421,SUPT5H,6829.0,MutNovel,"R641H,0.467"
X-5421,SVIL,6840.0,MutNovel,"A1346V,0.442"
X-5421,SYNE1,23345.0,MutNovel,"Q7618R,0.667"
X-5421,SYNE2,23224.0,MutNovel,"Y1540H,0.562"
X-5421,SYNGAP1,8831.0,MutNovel,"P111T,0.500"
X-5421,SYNGAP1,8831.0,MutNovel,"H959N,0.710"
X-5421,SYNJ1,8867.0,MutKnownFunctional,"-1081?,0.333"
X-5421,SYNRG,11276.0,MutNovel,"A741V,0.621"
X-5421,TAB1,10454.0,MutNovel,"Y37H,0.494"
X-5421,TAF1D,79101.0,MutKnownFunctional,"-94,0.412"
X-5421,TAP2,6891.0,MutKnownFunctional,"R623*,0.218"
X-5421,TAP2,6891.0,MutKnownFunctional,"-75,0.785"
X-5421,TBC1D1,23216.0,MutNovel,"G644S,0.857"
X-5421,TBC1D30,23329.0,MutNovel,"I109T,0.667"
X-5421,TBCC,6903.0,MutNovel,"A87E,0.435"
X-5421,TBL1Y,90665.0,Del0.8,0.3
X-5421,TBL3,10607.0,MutNovel,"L508P,0.483"
X-5421,TBX3,6926.0,MutNovel,"A228T,0.300"
X-5421,TCF19,6941.0,MutKnownFunctional,"-22,0.385"
X-5421,TCF20,6942.0,MutNovel,"A890T,0.436"
X-5421,TCF3,6929.0,MutNovel,"L88P,0.418"
X-5421,TCF7L1,83439.0,MutKnownFunctional,"-460?,0.600"
X-5421,TCP11L1,55346.0,MutNovel,"A28T,0.391"
X-5421,TCTN2,79867.0,MutNovel,"T84A,0.655"
X-5421,TECPR2,9895.0,MutNovel,"I1105V,0.577"
X-5421,TESK1,7016.0,MutKnownFunctional,"-26,0.446"
X-5421,TET3,200424.0,MutNovel,"G930W,0.444"
X-5421,TFE3,7030.0,MutKnownFunctional,"-482?,0.767"
X-5421,TFRC,7037.0,MutNovel,"P249H,0.550"
X-5421,TGFBR2,7048.0,MutKnownFunctional,"-150,0.932"
X-5421,TGFBRAP1,9392.0,MutNovel,"G20D,0.485"
X-5421,TGIF2LY,90655.0,Del0.8,0.3
X-5421,TGS1,96764.0,MutNovel,"A752S,0.548"
X-5421,THOC5,8563.0,MutNovel,"R64M,0.443"
X-5421,TICRR,,MutNovel,"V998F,0.372"
X-5421,TIGD3,220359.0,MutNovel,"V133I,0.500"
X-5421,TIGD3,220359.0,MutNovel,"A349T,0.917"
X-5421,TIMMDC1,51300.0,MutNovel,"R186C,0.493"
X-5421,TLN2,83660.0,MutNovel,"D1992N,0.527"
X-5421,TMC4,147798.0,MutNovel,"A61V,0.487"
X-5421,TMC5,79838.0,MutNovel,"L544P,0.505"
X-5421,TMEM151A,256472.0,MutNovel,"R167H,1.000"
X-5421,TMEM161B,153396.0,MutKnownFunctional,"-178,0.375"
X-5421,TMEM164,84187.0,MutKnownFunctional,"-26,0.846"
X-5421,TMEM184A,202915.0,MutNovel,"G392GA,0.247"
X-5421,TMEM185B,79134.0,MutKnownFunctional,"-341,0.382"
X-5421,TMEM249,,MutNovel,"R63W,0.833"
X-5421,TMF1,7110.0,MutNovel,"A909T,0.481"
X-5421,TMLHE,55217.0,MutNovel,"R93C,1.000"
X-5421,TMPRSS4,56649.0,MutNovel,"D78G,0.456"
X-5421,TMPRSS4,56649.0,MutNovel,"W433C,0.480"
X-5421,TMSB4Y,9087.0,Del0.8,0.3
X-5421,TMTC4,84899.0,MutNovel,"Y304C,0.311"
X-5421,TMX4,56255.0,MutNovel,"A153T,0.411"
X-5421,TNF,7124.0,MutNovel,"P72H,0.375"
X-5421,TNFRSF11A,8792.0,MutNovel,"Q309R,0.605"
X-5421,TNFRSF25,8718.0,MutNovel,"P199S,0.571"
X-5421,TNK2,10188.0,MutKnownFunctional,"-710,0.354"
X-5421,TNK2,10188.0,MutKnownFunctional,"-571?,0.370"
X-5421,TNKS,8658.0,MutNovel,"A920T,0.571"
X-5421,TNRC18,84629.0,MutKnownFunctional,"R678*,0.317"
X-5421,TNRC18,84629.0,MutNovel,"P454L,0.691"
X-5421,TOP2A,7153.0,MutNovel,"Y695H,0.432"
X-5421,TOP2B,7155.0,MutKnownFunctional,"-1031,0.380"
X-5421,TOP3B,8940.0,MutNovel,"R835W,0.500"
X-5421,TP53,7157.0,MutKnownFunctional,"-382,0.274"
X-5421,TP53,7157.0,MutNovel,"R290C,0.539"
X-5421,TP53BP1,7158.0,MutNovel,"A1003V,0.359"
X-5421,TPRN,286262.0,MutNovel,"G105D,0.529"
X-5421,TRAK1,22906.0,MutNovel,"S180R,0.505"
X-5421,TRAPPC5,126003.0,MutNovel,"R64H,0.526"
X-5421,TRERF1,55809.0,MutNovel,"Q281P,0.579"
X-5421,TREX1,11277.0,MutNovel,"P116L,0.433"
X-5421,TRIM28,10155.0,MutNovel,"A560T,0.520"
X-5421,TRIM36,55521.0,MutNovel,"R84W,0.516"
X-5421,TRIM37,4591.0,MutKnownFunctional,"R686*,0.321"
X-5421,TRIM59,286827.0,MutKnownFunctional,"-202,0.451"
X-5421,TRIM65,201292.0,MutKnownFunctional,"Q403*,0.735"
X-5421,TRIP11,9321.0,MutKnownFunctional,"-308,0.406"
X-5421,TRIP12,9320.0,MutNovel,"R1309G,0.503"
X-5421,TRMT1,55621.0,MutKnownFunctional,"-648,0.487"
X-5421,TRMT61B,55006.0,MutNovel,"K473N,0.556"
X-5421,TRNAU1AP,54952.0,MutNovel,"KE255K,0.451"
X-5421,TRPM7,54822.0,MutNovel,"C16R,0.679"
X-5421,TSNARE1,203062.0,MutNovel,"R196Q,0.324"
X-5421,TSPY1,7258.0,Del0.8,0.3
X-5421,TSPY2,64591.0,Del0.8,0.3
X-5421,TSPY3,728137.0,Del0.8,0.3
X-5421,TSPY4,728395.0,Del0.8,0.3
X-5421,TSPY8,728403.0,Del0.8,0.3
X-5421,TSPYL1,7259.0,MutNovel,"V176VW,0.885"
X-5421,TTBK1,84630.0,MutNovel,"G1071D,0.615"
X-5421,TTK,7272.0,MutKnownFunctional,"-855,0.365"
X-5421,TTN,7273.0,MutKnownFunctional,"-23859,0.500"
X-5421,TTTY10,246119.0,Del0.8,0.3
X-5421,TTTY11,83866.0,Del0.8,0.3
X-5421,TTTY12,83867.0,Del0.8,0.3
X-5421,TTTY13,83868.0,Del0.8,0.3
X-5421,TTTY14,83869.0,Del0.8,0.3
X-5421,TTTY15,64595.0,Del0.8,0.3
X-5421,TTTY16,252948.0,Del0.8,0.3
X-5421,TTTY17A,252949.0,Del0.8,0.26
X-5421,TTTY17A,252949.0,Del0.8,0.3
X-5421,TTTY18,252950.0,Del0.8,0.3
X-5421,TTTY19,252952.0,Del0.8,0.3
X-5421,TTTY1B,100101116.0,Del0.8,0.3
X-5421,TTTY1B,100101116.0,Del0.8,0.3
X-5421,TTTY2,60439.0,Del0.8,0.3
X-5421,TTTY2,60439.0,Del0.8,0.3
X-5421,TTTY20,252951.0,Del0.8,0.3
X-5421,TTTY21,252953.0,Del0.8,0.3
X-5421,TTTY21,252953.0,Del0.8,0.3
X-5421,TTTY22,252954.0,Del0.8,0.3
X-5421,TTTY23,252955.0,Del0.8,0.3
X-5421,TTTY23,252955.0,Del0.8,0.3
X-5421,TTTY3,114760.0,Del0.8,0.26
X-5421,TTTY3,114760.0,Del0.8,0.3
X-5421,TTTY4,114761.0,Del0.8,0.1
X-5421,TTTY4,114761.0,Del0.8,0.17
X-5421,TTTY5,83863.0,Del0.8,0.3
X-5421,TTTY6,84672.0,Del0.8,0.3
X-5421,TTTY6,84672.0,Del0.8,0.3
X-5421,TTTY7,246122.0,Del0.8,0.3
X-5421,TTTY7,246122.0,Del0.8,0.3
X-5421,TTTY7B,100101120.0,Del0.8,0.3
X-5421,TTTY7B,100101120.0,Del0.8,0.3
X-5421,TTTY8,84673.0,Del0.8,0.3
X-5421,TTTY8,84673.0,Del0.8,0.3
X-5421,TTTY9A,83864.0,Del0.8,0.3
X-5421,TTTY9A,83864.0,Del0.8,0.3
X-5421,TUBGCP2,10844.0,MutNovel,"G171D,0.498"
X-5421,TULP4,56995.0,MutNovel,"L46P,0.375"
X-5421,TWF2,11344.0,MutNovel,"A56V,0.507"
X-5421,TXLNG2P,246126.0,Del0.8,0.3
X-5421,TXNIP,10628.0,MutNovel,"M335V,0.548"
X-5421,UBC,7316.0,MutNovel,"E168K,0.359"
X-5421,UBQLN2,29978.0,MutKnownFunctional,"-523,0.903"
X-5421,UBTF,7343.0,MutNovel,"D697N,0.418"
X-5421,UGT1A7,54577.0,MutNovel,"M91V,1.000"
X-5421,UHRF1,29128.0,MutNovel,"T802M,0.650"
X-5421,UMPS,7372.0,MutNovel,"I236T,0.478"
X-5421,UQCRC1,7384.0,MutNovel,"A297V,0.492"
X-5421,URB2,9816.0,MutNovel,"E1483K,0.432"
X-5421,URM1,81605.0,MutNovel,"M135L,0.867"
X-5421,USP11,8237.0,MutNovel,"R641C,1.000"
X-5421,USP13,8975.0,MutKnownFunctional,"-864,0.389"
X-5421,USP39,10713.0,MutNovel,"L167R,0.463"
X-5421,USP40,55230.0,MutKnownFunctional,"-1159,0.257"
X-5421,USP42,84132.0,MutKnownFunctional,"-1234,0.333"
X-5421,USP54,159195.0,MutKnownFunctional,"-726,0.395"
X-5421,USP9X,8239.0,MutKnownFunctional,"-1787,0.295"
X-5421,USP9Y,8287.0,Del0.8,0.3
X-5421,UTP15,84135.0,MutNovel,"I312M,0.513"
X-5421,UTY,7404.0,Del0.8,0.3
X-5421,UVSSA,,MutNovel,"R552C,0.484"
X-5421,VCY,9084.0,Del0.8,0.3
X-5421,VCY,9084.0,Del0.8,0.3
X-5421,VIPR1,7433.0,MutNovel,"M179T,0.423"
X-5421,VPRBP,9730.0,MutKnownFunctional,"-884,0.308"
X-5421,VPS39,23339.0,MutNovel,"T233A,0.520"
X-5421,VSIG8,391123.0,MutNovel,"G267S,1.000"
X-5421,WASL,8976.0,MutNovel,"P335H,0.718"
X-5421,WBP1,23559.0,MutKnownFunctional,"-138,0.441"
X-5421,WDFY3,23001.0,MutNovel,"A2524D,0.424"
X-5421,WDR19,57728.0,MutKnownFunctional,"-939,0.333"
X-5421,WDR35,57539.0,MutNovel,"V456M,0.450"
X-5421,WDR46,9277.0,MutNovel,"R215C,0.447"
X-5421,WDR52,55779.0,MutNovel,"L440V,0.647"
X-5421,WDR5B,54554.0,MutKnownFunctional,"-257,0.386"
X-5421,WDR6,11180.0,MutNovel,"A796T,0.479"
X-5421,WDR60,55112.0,MutKnownFunctional,"-525,0.586"
X-5421,WDR90,197335.0,MutNovel,"G470R,0.481"
X-5421,WNK1,65125.0,MutKnownFunctional,"-580,0.344"
X-5421,WNK2,65268.0,MutNovel,"T275M,0.404"
X-5421,WNK2,65268.0,MutNovel,"P645L,0.542"
X-5421,WNK4,65266.0,MutKnownFunctional,"-606,0.917"
X-5421,WNK4,65266.0,MutKnownFunctional,"-749,0.545"
X-5421,XDH,7498.0,MutNovel,"E1162D,0.577"
X-5421,XKR6,286046.0,MutKnownFunctional,"-205,0.442"
X-5421,XKRY2,353515.0,Del0.8,0.3
X-5421,XKRY2,353515.0,Del0.8,0.3
X-5421,XPO1,7514.0,MutNovel,"V696A,0.548"
X-5421,XRCC6BP1,91419.0,MutNovel,"R135H,0.465"
X-5421,XRN1,54464.0,MutNovel,"W9R,0.629"
X-5421,YPEL3,83719.0,MutNovel,"D73G,0.532"
X-5421,YY1AP1,55249.0,MutNovel,"E4V,0.500"
X-5421,ZACN,353174.0,MutNovel,"F297V,0.496"
X-5421,ZBED6,100381270.0,MutKnownFunctional,"-56,0.509"
X-5421,ZBTB1,22890.0,MutKnownFunctional,"-522,0.474"
X-5421,ZBTB41,360023.0,MutKnownFunctional,"-629,0.278"
X-5421,ZBTB42,100128927.0,MutNovel,"Q366R,0.527"
X-5421,ZBTB49,166793.0,MutNovel,"H585R,0.457"
X-5421,ZBTB7A,51341.0,MutNovel,"R531H,0.473"
X-5421,ZC3H11A,9877.0,MutKnownFunctional,"-125,0.468"
X-5421,ZC3H12B,340554.0,MutNovel,"A115V,1.000"
X-5421,ZC3H7B,23264.0,MutNovel,"L84P,0.404"
X-5421,ZC3HAV1L,92092.0,MutNovel,"A177T,0.982"
X-5421,ZCCHC7,84186.0,MutKnownFunctional,"-539,0.447"
X-5421,ZDHHC11,79844.0,MutNovel,"A303D,0.692"
X-5421,ZFY,7544.0,Del0.8,0.3
X-5421,ZFYVE19,84936.0,MutNovel,"V37A,0.455"
X-5421,ZFYVE26,23503.0,MutNovel,"R2083W,0.508"
X-5421,ZIC2,7546.0,MutKnownFunctional,"-476,0.269"
X-5421,ZKSCAN4,387032.0,MutNovel,"E123V,0.722"
X-5421,ZMYM2,7750.0,MutNovel,"I1149M,0.484"
X-5421,ZNF107,51427.0,MutNovel,"F12C,0.571"
X-5421,ZNF124,7678.0,MutKnownFunctional,"-277,0.424"
X-5421,ZNF195,7748.0,MutKnownFunctional,"-270,0.429"
X-5421,ZNF211,10520.0,MutNovel,"Q423R,0.459"
X-5421,ZNF253,56242.0,MutKnownFunctional,"-112,0.662"
X-5421,ZNF264,9422.0,MutNovel,"H305Y,0.407"
X-5421,ZNF275,10838.0,MutNovel,"R285C,1.000"
X-5421,ZNF283,284349.0,MutKnownFunctional,"-328,0.500"
X-5421,ZNF295,49854.0,MutNovel,"Q684R,0.476"
X-5421,ZNF3,7551.0,MutNovel,"K263E,0.342"
X-5421,ZNF311,282890.0,MutKnownFunctional,"-324,0.500"
X-5421,ZNF318,24149.0,MutKnownFunctional,"-1424,0.333"
X-5421,ZNF318,24149.0,MutNovel,"A590V,0.482"
X-5421,ZNF34,80778.0,MutKnownFunctional,"-222?,0.500"
X-5421,ZNF358,140467.0,MutKnownFunctional,"-130,0.594"
X-5421,ZNF396,252884.0,MutNovel,"K146T,0.529"
X-5421,ZNF416,55659.0,MutNovel,"R492M,0.394"
X-5421,ZNF462,58499.0,MutNovel,"S2377N,0.466"
X-5421,ZNF518A,9849.0,MutKnownFunctional,"-926,0.930"
X-5421,ZNF554,115196.0,MutKnownFunctional,"-291,0.531"
X-5421,ZNF567,163081.0,MutNovel,"H147P,0.647"
X-5421,ZNF585A,199704.0,MutNovel,"S281T,0.429"
X-5421,ZNF598,90850.0,MutNovel,"Q613E,0.510"
X-5421,ZNF600,162966.0,MutNovel,"P131H,0.547"
X-5421,ZNF609,23060.0,MutKnownFunctional,"-663,0.250"
X-5421,ZNF628,89887.0,MutNovel,"P151L,0.592"
X-5421,ZNF691,51058.0,MutNovel,"P198S,0.722"
X-5421,ZNF696,79943.0,MutNovel,"V286M,0.375"
X-5421,ZNF7,7553.0,MutKnownFunctional,"-229,0.512"
X-5421,ZNF708,7562.0,MutNovel,"A46D,0.400"
X-5421,ZNF763,284390.0,MutNovel,"A267S,0.625"
X-5421,ZNF827,152485.0,MutNovel,"S621T,0.333"
X-5421,ZNRF3,84133.0,MutKnownFunctional,"-280,0.574"
X-5421,ZNRF3,84133.0,MutNovel,"W323C,0.417"
X-5421,ZSCAN5D,,MutNovel,"A211D,0.750"
X-5421,ZSWIM6,57688.0,MutNovel,"T689M,0.435"
X-5421,ZUFSP,221302.0,MutNovel,"R457H,0.392"
X-5438,ABCA7,10347.0,MutKnownFunctional,"-708,0.571"
X-5438,ABCA7,10347.0,MutNovel,"R810C,0.333"
X-5438,ABCA7,10347.0,MutNovel,"A1960V,0.468"
X-5438,ABCB1,5243.0,MutNovel,"V597I,1.000"
X-5438,ABTB2,25841.0,MutNovel,"R357C,0.286"
X-5438,ACACA,31.0,MutNovel,"W1775C,0.444"
X-5438,ACIN1,22985.0,MutKnownFunctional,"-447,1.000"
X-5438,ACP6,51205.0,MutNovel,"A414T,0.574"
X-5438,ACSS2,55902.0,MutNovel,"Q147R,0.496"
X-5438,ACVR2A,92.0,MutNovel,"K95R,0.517"
X-5438,ACVR2A,92.0,MutKnownFunctional,"-435,1.000"
X-5438,ADAM10,102.0,MutNovel,"A252V,0.341"
X-5438,ADCK5,203054.0,MutNovel,"R72Q,0.562"
X-5438,ADNP2,22850.0,MutKnownFunctional,"-1044,0.510"
X-5438,AGAP3,116988.0,MutNovel,"L798P,0.552"
X-5438,AGAP6,414189.0,MutNovel,"G277R,0.486"
X-5438,AGAP7,653268.0,MutNovel,"K507N,0.750"
X-5438,AHDC1,27245.0,MutNovel,"C97Y,0.522"
X-5438,AHNAK,79026.0,MutNovel,"M754T,0.419"
X-5438,AHNAK2,113146.0,MutNovel,"A1095D,0.286"
X-5438,AHNAK2,113146.0,MutNovel,"E1085Q,0.394"
X-5438,AKR1C1,1645.0,MutNovel,"R47H,0.875"
X-5438,ALG9,79796.0,MutNovel,"R599H,0.439"
X-5438,ALS2CL,259173.0,MutNovel,"G445W,0.500"
X-5438,ALX3,257.0,MutNovel,"N222Y,0.688"
X-5438,AMELY,266.0,Del0.8,0.49
X-5438,AMIGO3,386724.0,MutNovel,"P27L,0.385"
X-5438,AMPD2,271.0,MutNovel,"R582C,0.472"
X-5438,ANAPC4,29945.0,MutNovel,"S622R,0.596"
X-5438,ANKRD11,29123.0,MutNovel,"K2453R,0.417"
X-5438,AP1B1,162.0,MutNovel,"P694H,0.416"
X-5438,AP1S1,1174.0,MutKnownFunctional,"-119,0.265"
X-5438,APOL3,80833.0,MutNovel,"A209V,0.462"
X-5438,ARHGAP23,57636.0,MutNovel,"A1234V,0.500"
X-5438,ARHGAP44,9912.0,MutNovel,"R791H,0.588"
X-5438,ARHGEF9,23229.0,MutNovel,"P474L,1.000"
X-5438,ARID4A,5926.0,MutNovel,"Q902R,0.533"
X-5438,ARID4B,51742.0,MutNovel,"D210H,0.571"
X-5438,ARMCX5-GPRASP2,100528062.0,MutNovel,"A573G,1.000"
X-5438,ARPC1A,10552.0,MutNovel,"K37R,0.500"
X-5438,ARPC3,10094.0,MutNovel,"A20T,0.437"
X-5438,ARSG,22901.0,MutNovel,"G141E,0.625"
X-5438,ARVCF,421.0,MutNovel,"V124A,0.556"
X-5438,ASCL2,430.0,MutNovel,"Q123R,0.636"
X-5438,ATE1,11101.0,MutNovel,"M406T,0.531"
X-5438,ATG16L1,55054.0,MutNovel,"A582V,0.571"
X-5438,ATP13A1,57130.0,MutNovel,"A739V,0.418"
X-5438,ATP5O,539.0,MutNovel,"C15Y,0.536"
X-5438,ATP6V1C2,245973.0,MutKnownFunctional,"-312,0.357"
X-5438,ATP7A,538.0,MutNovel,"H1070R,1.000"
X-5438,AVL9,23080.0,MutNovel,"T73A,0.419"
X-5438,AXIN1,8312.0,MutKnownFunctional,"-508,1.000"
X-5438,AXIN2,8313.0,MutKnownFunctional,"-665,0.408"
X-5438,AXIN2,8313.0,MutKnownFunctional,"-185,0.398"
X-5438,B3GALT6,126792.0,MutNovel,"L121P,0.500"
X-5438,B3GNT5,84002.0,MutKnownFunctional,"-23,0.421"
X-5438,B4GALNT3,283358.0,MutNovel,"F790S,0.545"
X-5438,BAP1,8314.0,MutNovel,"R545H,0.458"
X-5438,BBC3,27113.0,MutKnownFunctional,"-108,1.000"
X-5438,BCAM,4059.0,MutNovel,"R34H,0.636"
X-5438,BCL9L,283149.0,MutNovel,"GGV229V,0.737"
X-5438,BCORP1,286554.0,Del0.8,0.42
X-5438,BICD2,23299.0,MutNovel,"S608L,0.636"
X-5438,BIRC6,57448.0,MutNovel,"V2863I,0.412"
X-5438,BMP2K,55589.0,MutNovel,"S685C,0.769"
X-5438,BOD1L1,,MutNovel,"S1906N,0.615"
X-5438,BPY2B,442867.0,Del0.8,0.26
X-5438,BPY2B,442867.0,Del0.8,0.26
X-5438,BRAF,673.0,MutKnownFunctional,"V600E,0.455"
X-5438,BRD1,23774.0,MutNovel,"R543H,0.489"
X-5438,BRD3,8019.0,MutKnownFunctional,"-24?,0.533"
X-5438,C10orf137,26098.0,MutNovel,"V737A,0.429"
X-5438,C11orf57,55216.0,MutKnownFunctional,"-159,0.550"
X-5438,C12orf26,84190.0,MutNovel,"A229T,0.375"
X-5438,C12orf32,83695.0,MutNovel,"L16V,0.373"
X-5438,C14orf28,122525.0,MutKnownFunctional,"-29?,0.385"
X-5438,C14orf43,91748.0,MutKnownFunctional,"R180*,0.625"
X-5438,C17orf101,79701.0,MutNovel,"A47T,0.525"
X-5438,C19orf76,199800.0,MutNovel,"V144I,0.571"
X-5438,C1orf226,400793.0,MutNovel,"P220L,0.400"
X-5438,C21orf2,755.0,MutKnownFunctional,"-148,0.228"
X-5438,C21orf56,84221.0,MutNovel,"V242M,1.000"
X-5438,C3orf19,51244.0,MutKnownFunctional,"-450,0.489"
X-5438,C5orf45,51149.0,MutKnownFunctional,"W29*,0.635"
X-5438,C9orf3,84909.0,MutNovel,"L461I,0.600"
X-5438,C9orf9,11092.0,MutNovel,"A85V,0.444"
X-5438,CABLES1,91768.0,MutNovel,"P147L,0.600"
X-5438,CAMKK2,10645.0,MutNovel,"K538-,1.000"
X-5438,CAMSAP1,157922.0,MutNovel,"P236S,0.357"
X-5438,CAND1,55832.0,MutNovel,"P893S,0.494"
X-5438,CANT1,124583.0,MutNovel,"D354N,0.525"
X-5438,CASP4,837.0,MutNovel,"S316N,0.510"
X-5438,CAT,847.0,MutNovel,"R430W,0.540"
X-5438,CBX4,8535.0,MutNovel,"M168I,0.552"
X-5438,CCDC117,150275.0,MutNovel,"M133I,0.535"
X-5438,CCDC71L,168455.0,MutNovel,"K54R,0.457"
X-5438,CCNDBP1,23582.0,MutNovel,"P82Q,0.503"
X-5438,CCPG1,9236.0,MutKnownFunctional,"-730,0.509"
X-5438,CCZ1,51622.0,MutKnownFunctional,"-226?,0.263"
X-5438,CCZ1,51622.0,MutNovel,"L226F,0.714"
X-5438,CD74,972.0,MutNovel,"P100S,0.701"
X-5438,CD82,3732.0,MutNovel,"E207A,0.468"
X-5438,CD8B,926.0,MutNovel,"R51C,1.000"
X-5438,CDC27,996.0,MutNovel,"R322H,0.273"
X-5438,CDC37,11140.0,MutNovel,"G288S,0.488"
X-5438,CDHR1,92211.0,MutNovel,"A159V,0.875"
X-5438,CDK11B,984.0,MutNovel,"R450C,0.277"
X-5438,CDK16,5127.0,MutNovel,"R174C,0.398"
X-5438,CDY1B,253175.0,Del0.8,0.26
X-5438,CDY1B,253175.0,Del0.8,0.26
X-5438,CDY2A,9426.0,Del0.8,0.24
X-5438,CDY2A,9426.0,Del0.8,0.24
X-5438,CDY2B,203611.0,Del0.8,0.24
X-5438,CDY2B,203611.0,Del0.8,0.24
X-5438,CEACAM1,634.0,MutNovel,"T100I,0.205"
X-5438,CEACAM1,634.0,MutNovel,"N95Y,0.547"
X-5438,CEACAM3,1084.0,MutNovel,"G48V,0.286"
X-5438,CEP68,23177.0,MutNovel,"D287N,0.538"
X-5438,CHD4,1108.0,MutNovel,"KK54K,0.600"
X-5438,CHERP,10523.0,MutNovel,"R724Q,0.382"
X-5438,CHMP7,91782.0,MutNovel,"V177M,0.449"
X-5438,CHTF18,63922.0,MutKnownFunctional,"-478,0.353"
X-5438,CIB2,10518.0,MutNovel,"I59T,1.000"
X-5438,CKAP4,10970.0,MutNovel,"P525R,0.510"
X-5438,CLASP1,23332.0,MutNovel,"R1481C,0.769"
X-5438,CLCF1,23529.0,MutNovel,"P68H,0.487"
X-5438,CLPP,8192.0,MutNovel,"L6F,0.447"
X-5438,COBRA1,25920.0,MutNovel,"R139Q,0.568"
X-5438,COL9A2,1298.0,MutNovel,"Q189H,0.500"
X-5438,COQ2,27235.0,MutNovel,"M128V,0.398"
X-5438,CPS1,1373.0,MutNovel,"R1459Q,1.000"
X-5438,CRAT,1384.0,MutNovel,"R512H,0.721"
X-5438,CREBBP,1387.0,MutNovel,"G1355R,0.471"
X-5438,CRIPAK,285464.0,MutNovel,"M122T,0.273"
X-5438,CRIPAK,285464.0,MutNovel,"V164A,0.667"
X-5438,CSPG4P1Y,114758.0,Del0.8,0.26
X-5438,CSPG4P1Y,114758.0,Del0.8,0.26
X-5438,CTBP1,1487.0,MutNovel,"R151L,0.527"
X-5438,CTCF,10664.0,MutNovel,"T45M,0.636"
X-5438,CTDP1,9150.0,MutNovel,"P760L,0.455"
X-5438,CTNNA1,1495.0,MutNovel,"V583I,0.546"
X-5438,CTNNAL1,8727.0,MutNovel,"R345H,0.298"
X-5438,CTSA,5476.0,MutNovel,"L29-,1.000"
X-5438,CTU1,90353.0,MutNovel,"V53A,0.426"
X-5438,CUL9,23113.0,MutNovel,"R1995C,0.474"
X-5438,CYB561D2,11068.0,MutNovel,"C96Y,0.391"
X-5438,CYP4F12,66002.0,MutNovel,"AT15VM,0.479"
X-5438,DAPK1,1612.0,MutNovel,"L68P,0.312"
X-5438,DAPK1,1612.0,MutKnownFunctional,"-1272,0.347"
X-5438,DAZ1,1617.0,Del0.8,0.26
X-5438,DAZ2,57055.0,Del0.8,0.26
X-5438,DAZ3,57054.0,Del0.8,0.26
X-5438,DAZ3,57054.0,Del0.8,0.26
X-5438,DAZ4,57135.0,Del0.8,0.26
X-5438,DAZ4,57135.0,Del0.8,0.26
X-5438,DDX10,1662.0,MutNovel,"SD780S,0.593"
X-5438,DDX3Y,8653.0,Del0.8,0.42
X-5438,DEAF1,10522.0,MutNovel,"P365L,0.463"
X-5438,DENND1A,57706.0,MutNovel,"T905M,0.488"
X-5438,DENND1A,57706.0,MutNovel,"R564Q,0.440"
X-5438,DENND1B,163486.0,MutNovel,"G683R,0.600"
X-5438,DESI1,,MutNovel,"D15G,0.321"
X-5438,DHX15,1665.0,MutNovel,"S71I,0.505"
X-5438,DHX16,8449.0,MutKnownFunctional,"-1033,0.510"
X-5438,DHX34,9704.0,MutKnownFunctional,"-758,0.395"
X-5438,DHX36,170506.0,MutNovel,"V461D,0.530"
X-5438,DIS3L,115752.0,MutNovel,"R465H,0.432"
X-5438,DLL1,28514.0,MutNovel,"A453T,0.667"
X-5438,DMAP1,55929.0,MutNovel,"K27-,0.261"
X-5438,DMXL2,23312.0,MutNovel,"R2371Q,0.400"
X-5438,DNA2,1763.0,MutKnownFunctional,"-779,0.500"
X-5438,DNAH2,146754.0,MutNovel,"M3127I,0.750"
X-5438,DNAJA2,10294.0,MutNovel,"P362L,0.322"
X-5438,DNAJB1,3337.0,MutKnownFunctional,"-116?,0.519"
X-5438,DNASE1,1773.0,MutNovel,"T229M,0.737"
X-5438,DOCK1,1793.0,MutNovel,"M767T,0.277"
X-5438,DQX1,165545.0,MutNovel,"E534K,0.327"
X-5438,DVL2,1856.0,MutNovel,"E22A,0.667"
X-5438,DYNC1H1,1778.0,MutNovel,"T4218A,0.430"
X-5438,DZIP3,9666.0,MutNovel,"A1114V,0.429"
X-5438,E2F5,1875.0,MutNovel,"G18A,0.500"
X-5438,EBPL,84650.0,MutKnownFunctional,"-172,0.491"
X-5438,EFEMP2,30008.0,MutNovel,"V395I,0.455"
X-5438,EGFR,1956.0,MutNovel,"M600T,0.529"
X-5438,EHMT2,10919.0,MutKnownFunctional,"-1052,0.250"
X-5438,EIF1AY,9086.0,Del0.8,0.42
X-5438,EIF2D,1939.0,MutNovel,"N509I,0.459"
X-5438,EIF3B,8662.0,MutNovel,"R532K,0.588"
X-5438,EMC3,,MutNovel,"D245V,0.423"
X-5438,ENOX2,10495.0,MutNovel,"E172A,1.000"
X-5438,ENTPD2,954.0,MutNovel,"E178K,0.562"
X-5438,EPHB4,2050.0,MutNovel,"G519S,0.485"
X-5438,ERC1,23085.0,MutNovel,"R396C,0.333"
X-5438,ERMP1,79956.0,MutNovel,"R705W,0.417"
X-5438,ERO1LB,56605.0,MutNovel,"A263T,0.556"
X-5438,ESF1,51575.0,MutKnownFunctional,"-171,0.500"
X-5438,ESYT1,23344.0,MutNovel,"L562M,0.461"
X-5438,ETV3,2117.0,MutNovel,"R356Q,0.409"
X-5438,EXOC3L1,283849.0,MutNovel,"S503Y,0.636"
X-5438,EXOC3L4,91828.0,MutNovel,"R462K,0.231"
X-5438,FADS3,3995.0,MutNovel,"E113K,0.417"
X-5438,FAM111B,374393.0,MutKnownFunctional,"-269,1.000"
X-5438,FAM118B,79607.0,MutNovel,"RE332R,0.500"
X-5438,FAM120B,84498.0,MutNovel,"T643A,0.459"
X-5438,FAM126B,285172.0,MutNovel,"R447Q,0.636"
X-5438,FAM18B2-CDRT4,100533496.0,MutNovel,"T150R,0.350"
X-5438,FAM18B2-CDRT4,100533496.0,MutNovel,"S135P,0.350"
X-5438,FAM193A,8603.0,MutKnownFunctional,"-228,0.357"
X-5438,FAM197Y2P,252946.0,Del0.8,0.42
X-5438,FAM207A,85395.0,MutNovel,"R196Q,0.355"
X-5438,FAM211A,388341.0,MutNovel,"G308E,0.519"
X-5438,FAM40B,57464.0,MutNovel,"R315C,0.750"
X-5438,FAM41AY1,340618.0,Del0.8,0.24
X-5438,FAM41AY1,340618.0,Del0.8,0.24
X-5438,FAM82B,51115.0,MutNovel,"A25V,0.385"
X-5438,FANCM,57697.0,MutNovel,"R313H,1.000"
X-5438,FASN,2194.0,MutNovel,"P1416S,0.449"
X-5438,FAT1,2195.0,MutNovel,"V2828A,0.483"
X-5438,FBXL3,26224.0,MutKnownFunctional,"-295,0.500"
X-5438,FBXW11,23291.0,MutNovel,"R173C,0.733"
X-5438,FCGBP,8857.0,MutNovel,"G2205A,0.421"
X-5438,FCGBP,8857.0,MutNovel,"P1705L,0.886"
X-5438,FHDC1,85462.0,MutNovel,"R540H,1.000"
X-5438,FIGNL1,63979.0,MutKnownFunctional,"-350,0.368"
X-5438,FILIP1L,11259.0,MutKnownFunctional,"-749,0.833"
X-5438,FLJ22184,80164.0,MutNovel,"S136T,1.000"
X-5438,FLNC,2318.0,MutNovel,"S2626N,0.357"
X-5438,FLVCR2,55640.0,MutNovel,"E18K,0.429"
X-5438,FNDC3A,22862.0,MutNovel,"R193H,0.595"
X-5438,FOXRED2,80020.0,MutNovel,"T484A,0.360"
X-5438,FRMD8,83786.0,MutNovel,"G426S,0.605"
X-5438,FRRS1,391059.0,MutNovel,"K122E,0.429"
X-5438,FSIP2,401024.0,MutNovel,"T1796I,0.750"
X-5438,FUK,197258.0,MutNovel,"R754H,0.487"
X-5438,FURIN,5045.0,MutNovel,"C662F,0.774"
X-5438,FUT5,2527.0,MutNovel,"A118M,1.000"
X-5438,FUT6,2528.0,MutNovel,"R159C,0.588"
X-5438,GAK,2580.0,MutNovel,"P1260L,0.404"
X-5438,GAK,2580.0,MutNovel,"I82T,0.570"
X-5438,GAL3ST1,9514.0,MutNovel,"A39V,0.574"
X-5438,GAL3ST4,79690.0,MutNovel,"Q288K,0.400"
X-5438,GAS2L3,283431.0,MutNovel,"P602H,0.625"
X-5438,GAS8,2622.0,MutNovel,"R175W,0.348"
X-5438,GBAS,2631.0,MutNovel,"A8T,0.552"
X-5438,GCA,25801.0,MutNovel,"T189A,0.489"
X-5438,GCC1,79571.0,MutNovel,"E598K,0.405"
X-5438,GCFC2,6936.0,MutNovel,"R365H,0.303"
X-5438,GEN1,348654.0,MutNovel,"L660I,0.375"
X-5438,GIGYF2,26058.0,MutNovel,"PQ1231P,1.000"
X-5438,GIPC1,10755.0,MutNovel,"R244W,0.357"
X-5438,GLTSCR1,29998.0,MutNovel,"E1478K,0.625"
X-5438,GMEB1,10691.0,MutNovel,"G23W,0.600"
X-5438,GNA15,2769.0,MutNovel,"R184H,0.698"
X-5438,GNAL,2774.0,MutNovel,"P36PAL,1.000"
X-5438,GNS,2799.0,MutNovel,"C444R,0.395"
X-5438,GOLGA2P2Y,84559.0,Del0.8,0.26
X-5438,GOLGA2P2Y,84559.0,Del0.8,0.26
X-5438,GOLGA4,2803.0,MutNovel,"R483W,0.444"
X-5438,GPRIN2,9721.0,MutNovel,"-238MRE,1.000"
X-5438,GRAMD1B,57476.0,MutNovel,"A536G,0.429"
X-5438,GRINA,2907.0,MutNovel,"R306H,0.530"
X-5438,GRK5,2869.0,MutNovel,"G196S,0.312"
X-5438,GSDMD,79792.0,MutNovel,"L263F,0.539"
X-5438,GTDC2,,MutNovel,"P150S,0.589"
X-5438,GTF2H5,404672.0,MutNovel,"K31E,0.373"
X-5438,GYG2P1,352887.0,Del0.8,0.42
X-5438,HADH,3033.0,MutNovel,"A40T,0.400"
X-5438,HAUS3,79441.0,MutKnownFunctional,"-14,0.368"
X-5438,HAUS6,54801.0,MutNovel,"P868H,0.458"
X-5438,HBS1L,10767.0,MutNovel,"R421C,0.400"
X-5438,HCN2,610.0,MutNovel,"V308M,0.500"
X-5438,HDAC5,10014.0,MutNovel,"K487R,0.360"
X-5438,HEATR5B,54497.0,MutKnownFunctional,"-2072,0.417"
X-5438,HERC2,8924.0,MutNovel,"E1652K,0.238"
X-5438,HES4,57801.0,MutNovel,"A31T,0.453"
X-5438,HLA-A,3105.0,MutKnownFunctional,"-292?,0.714"
X-5438,HLA-C,3107.0,MutNovel,"EN197KN,0.308"
X-5438,HLA-G,3135.0,MutNovel,"S33C,1.000"
X-5438,HLA-G,3135.0,MutNovel,"E138D,1.000"
X-5438,HOMEZ,57594.0,MutKnownFunctional,"-376,0.466"
X-5438,HOXB7,3217.0,MutKnownFunctional,"-64?,0.512"
X-5438,HPS1,3257.0,MutNovel,"A589V,0.750"
X-5438,HSFY2,159119.0,Del0.8,0.24
X-5438,HSFY2,159119.0,Del0.8,0.24
X-5438,IGFALS,3483.0,MutNovel,"P536L,1.000"
X-5438,IL1R2,7850.0,MutNovel,"T105P,0.746"
X-5438,IMPDH1,3614.0,MutNovel,"G402S,0.633"
X-5438,INO80E,283899.0,MutKnownFunctional,"-209,1.000"
X-5438,INTS1,26173.0,MutNovel,"E810Q,0.409"
X-5438,IP6K2,51447.0,MutNovel,"V40I,0.500"
X-5438,IQSEC1,9922.0,MutNovel,"C246Y,0.722"
X-5438,IQSEC2,23096.0,MutKnownFunctional,"-283,0.316"
X-5438,IRF6,3664.0,MutNovel,"L3H,0.506"
X-5438,ITFG3,83986.0,MutNovel,"E10K,0.539"
X-5438,ITGB6,3694.0,MutNovel,"S91G,0.417"
X-5438,ITSN1,6453.0,MutNovel,"P1205T,0.346"
X-5438,JAG1,182.0,MutKnownFunctional,"C284*,0.202"
X-5438,KANK1,23189.0,MutKnownFunctional,"R282*,0.429"
X-5438,KCNC4,3749.0,MutNovel,"L130I,0.385"
X-5438,KCNH2,3757.0,MutNovel,"P451S,0.700"
X-5438,KCP,375616.0,MutKnownFunctional,"-1444?,0.727"
X-5438,KCTD21,283219.0,MutNovel,"L178F,0.556"
X-5438,KCTD7,154881.0,MutNovel,"T89M,0.429"
X-5438,KDM2B,84678.0,MutKnownFunctional,"-1051?,0.350"
X-5438,KDM5D,8284.0,Del0.8,0.42
X-5438,KIAA0100,9703.0,MutNovel,"F2231S,0.472"
X-5438,KIAA0240,23506.0,MutNovel,"R811C,0.600"
X-5438,KIAA1199,57214.0,MutNovel,"V1356A,0.441"
X-5438,KIAA1549,57670.0,MutNovel,"A904T,0.682"
X-5438,KIAA2018,205717.0,MutKnownFunctional,"-147,0.789"
X-5438,KIAA2018,205717.0,MutNovel,"G81R,0.615"
X-5438,KIF21B,23046.0,MutNovel,"V1480I,0.316"
X-5438,KLHL20,27252.0,MutNovel,"A126V,0.767"
X-5438,KLHL26,55295.0,MutKnownFunctional,"-575,0.500"
X-5438,KPNA5,3841.0,MutKnownFunctional,"-504?,1.000"
X-5438,KRT19,3880.0,MutNovel,"R365Q,0.545"
X-5438,KRT3,3850.0,MutNovel,"E450G,0.562"
X-5438,KRT8,3856.0,MutNovel,"A85T,0.489"
X-5438,KRTAP5-7,440050.0,MutNovel,"S55T,1.000"
X-5438,LAMC1,3915.0,MutNovel,"A536V,0.512"
X-5438,LATS1,9113.0,MutNovel,"A441T,0.609"
X-5438,LCE3C,353144.0,Del0.8,0.33
X-5438,LEMD2,221496.0,MutNovel,"G392E,0.496"
X-5438,LENG1,79165.0,MutNovel,"R254H,0.444"
X-5438,LEPREL2,10536.0,MutNovel,"R594G,0.970"
X-5438,LEPREL4,10609.0,MutKnownFunctional,"Q419*,0.512"
X-5438,LMTK2,22853.0,MutNovel,"V205I,0.316"
X-5438,LOC554223,554223.0,MutNovel,"Q96E,0.375"
X-5438,LOC554223,554223.0,MutNovel,"M144K,0.667"
X-5438,LONP1,9361.0,MutNovel,"G596C,0.521"
X-5438,LRCH3,84859.0,MutNovel,"R358C,0.690"
X-5438,LRFN3,79414.0,MutNovel,"C515R,0.342"
X-5438,LRP11,84918.0,MutNovel,"R312C,0.311"
X-5438,LRP11,84918.0,MutNovel,"L186F,0.459"
X-5438,LRP5,4041.0,MutNovel,"A1306V,0.504"
X-5438,LRP6,4040.0,MutNovel,"R553C,0.700"
X-5438,LRRC45,201255.0,MutNovel,"R536W,0.472"
X-5438,LRRC47,57470.0,MutNovel,"A222V,0.536"
X-5438,LRWD1,222229.0,MutNovel,"Q607R,0.670"
X-5438,LSR,51599.0,MutNovel,"G518GR,1.000"
X-5438,LUM,4060.0,MutNovel,"A175V,0.667"
X-5438,MACROD1,28992.0,MutNovel,"G208D,0.463"
X-5438,MAN2B1,4125.0,MutNovel,"R742H,0.565"
X-5438,MAP3K6,9064.0,MutNovel,"L202R,0.361"
X-5438,MAP4K3,8491.0,MutNovel,"G148C,0.462"
X-5438,MAP7D1,55700.0,MutKnownFunctional,"-34?,0.500"
X-5438,MAPK12,6300.0,MutNovel,"S2R,0.600"
X-5438,MARK2,2011.0,MutNovel,"R328Q,0.530"
X-5438,MAST3,23031.0,MutNovel,"P894T,0.750"
X-5438,MB21D2,151963.0,MutKnownFunctional,"-457?,0.312"
X-5438,MBD3,53615.0,MutNovel,"G55S,0.514"
X-5438,MBD4,8930.0,MutKnownFunctional,"-313?,0.300"
X-5438,MBNL2,10150.0,MutNovel,"R29H,0.455"
X-5438,MCAT,27349.0,MutNovel,"V278L,0.538"
X-5438,MCAT,27349.0,MutNovel,"R96C,0.570"
X-5438,MCM3,4172.0,MutNovel,"C171F,0.551"
X-5438,MCM9,254394.0,MutNovel,"R666W,0.700"
X-5438,MDK,4192.0,MutNovel,"T106I,0.406"
X-5438,ME3,10873.0,MutNovel,"V230I,0.614"
X-5438,MECOM,2122.0,MutNovel,"A653V,0.340"
X-5438,MED13L,23389.0,MutNovel,"K769E,0.382"
X-5438,MEGF8,1954.0,MutNovel,"R2190C,0.810"
X-5438,MEIS2,4212.0,MutNovel,"A63T,0.800"
X-5438,METRNL,284207.0,MutNovel,"A285V,0.319"
X-5438,METTL21B,25895.0,MutNovel,"D25H,0.538"
X-5438,METTL2A,339175.0,MutNovel,"D167G,0.259"
X-5438,METTL6,131965.0,MutNovel,"R12W,0.667"
X-5438,MIA3,375056.0,MutNovel,"L622F,0.722"
X-5438,MICALL1,85377.0,MutNovel,"H452R,0.460"
X-5438,MID1,4281.0,MutNovel,"H325R,0.250"
X-5438,MID2,11043.0,MutNovel,"A262S,1.000"
X-5438,MINK1,50488.0,MutKnownFunctional,"-1307,0.643"
X-5438,MKRN2,23609.0,MutNovel,"R275Q,0.437"
X-5438,MLL2,8085.0,MutNovel,"V1051I,0.455"
X-5438,MLL2,8085.0,MutNovel,"L483S,0.368"
X-5438,MLL4,9757.0,MutNovel,"D2066N,0.526"
X-5438,MMS22L,253714.0,MutNovel,"D834V,0.500"
X-5438,MOCOS,55034.0,MutKnownFunctional,"-783,0.480"
X-5438,MORN4,118812.0,MutNovel,"R17H,0.273"
X-5438,MPRIP,23164.0,MutNovel,"TSS178T,0.310"
X-5438,MRPL16,54948.0,MutNovel,"R192H,0.498"
X-5438,MRPS33,51650.0,MutKnownFunctional,"-105,0.455"
X-5438,MSTO1,55154.0,MutNovel,"C329Y,0.377"
X-5438,MTFP1,51537.0,MutNovel,"R116C,0.542"
X-5438,MTHFD1,4522.0,MutNovel,"R362C,0.487"
X-5438,MUC12,10071.0,MutNovel,"T312I,0.400"
X-5438,MUC12,10071.0,MutNovel,"L324F,0.455"
X-5438,MUC12,10071.0,MutNovel,"STP330LTT,0.625"
X-5438,MUC12,10071.0,MutNovel,"T340P,0.571"
X-5438,MUC12,10071.0,MutNovel,"R855H,0.750"
X-5438,MUC12,10071.0,MutNovel,"T2707M,0.214"
X-5438,MUC12,10071.0,MutNovel,"R3773H,0.385"
X-5438,MUC12,10071.0,MutNovel,"P3776R,0.333"
X-5438,MUC12,10071.0,MutNovel,"S4496N,0.308"
X-5438,MUC2,4583.0,MutNovel,"T1625S,0.273"
X-5438,MUC5AC,,MutNovel,"G1702S,0.353"
X-5438,MUC5B,727897.0,MutNovel,"P2333S,0.222"
X-5438,MUC5B,727897.0,MutNovel,"R2768P,0.286"
X-5438,MXRA8,54587.0,MutKnownFunctional,"-301,0.538"
X-5438,MYB,4602.0,MutNovel,"V76M,0.557"
X-5438,MYO1A,4640.0,MutKnownFunctional,"-1033,0.468"
X-5438,MYO5A,4644.0,MutNovel,"G753S,1.000"
X-5438,MYO5C,55930.0,MutNovel,"Q1429R,0.527"
X-5438,MYO7A,4647.0,MutNovel,"N1793S,0.235"
X-5438,NBEAL2,23218.0,MutNovel,"D356G,0.630"
X-5438,NBPF3,84224.0,MutNovel,"Q291K,0.483"
X-5438,NCOA7,135112.0,MutKnownFunctional,"-68,0.583"
X-5438,NCOR2,9612.0,MutNovel,"G1839GAAA,0.957"
X-5438,NCRNA00185,55410.0,Del0.8,0.42
X-5438,NDRG2,57447.0,MutNovel,"G248R,0.481"
X-5438,NEIL1,79661.0,MutNovel,"G207S,0.333"
X-5438,NEIL1,79661.0,MutNovel,"M354V,0.455"
X-5438,NEU4,129807.0,MutNovel,"P364H,0.571"
X-5438,NICN1,84276.0,MutNovel,"A68V,0.421"
X-5438,NLGN4Y,22829.0,Del0.8,0.42
X-5438,NOB1,28987.0,MutNovel,"L253M,0.545"
X-5438,NOL6,65083.0,MutKnownFunctional,"-639,0.533"
X-5438,NOTCH2,4853.0,MutNovel,"P227H,0.333"
X-5438,NOV,4856.0,MutNovel,"R247Q,0.522"
X-5438,NPIP,9284.0,MutNovel,"S61T,0.250"
X-5438,NPIPL3,23117.0,MutNovel,"R780L,0.727"
X-5438,NRIP1,8204.0,MutKnownFunctional,"-209,0.429"
X-5438,NSRP1,84081.0,MutKnownFunctional,"-84,0.467"
X-5438,NUP214,8021.0,MutNovel,"R242T,0.387"
X-5438,NYNRIN,57523.0,MutNovel,"Q1367R,0.636"
X-5438,OPTN,10133.0,MutKnownFunctional,"-24,0.436"
X-5438,OR4F5,79501.0,Del0.8,0.73
X-5438,OR52N1,79473.0,Del0.8,0.78
X-5438,OR52N5,390075.0,Del0.8,0.31
X-5438,ORAI1,84876.0,MutNovel,"PP43-,1.000"
X-5438,OSGIN2,734.0,MutNovel,"A303P,0.455"
X-5438,OSR1,130497.0,MutNovel,"R83H,0.875"
X-5438,OTUD7B,56957.0,MutNovel,"KK552K,0.583"
X-5438,OVCA2,124641.0,MutNovel,"G72C,0.398"
X-5438,OXER1,165140.0,MutKnownFunctional,"-77,1.000"
X-5438,PARD3,56288.0,MutNovel,"N375S,0.405"
X-5438,PAX6,5080.0,MutKnownFunctional,"-389,0.600"
X-5438,PCDH11Y,83259.0,Del0.8,0.49
X-5438,PCK2,5106.0,MutNovel,"TS402T,0.507"
X-5438,PCNT,5116.0,MutNovel,"R312W,0.273"
X-5438,PCNT,5116.0,MutNovel,"R1931C,0.545"
X-5438,PCSK6,5046.0,MutNovel,"L172S,1.000"
X-5438,PDCD10,11235.0,MutNovel,"A41T,0.477"
X-5438,PELI3,246330.0,MutNovel,"R186C,0.410"
X-5438,PELP1,27043.0,MutNovel,"K1075N,0.476"
X-5438,PES1,23481.0,MutNovel,"R24Q,0.476"
X-5438,PEX11G,92960.0,MutNovel,"V203M,0.364"
X-5438,PFAS,5198.0,MutNovel,"G328R,0.524"
X-5438,PHACTR4,65979.0,MutKnownFunctional,"-61,1.000"
X-5438,PHLDA1,22822.0,MutNovel,"QQ194Q,1.000"
X-5438,PHLPP2,23035.0,MutNovel,"EV1290V,0.615"
X-5438,PHTF1,10745.0,MutNovel,"S394A,0.567"
X-5438,PIEZO1,9780.0,MutNovel,"V2474M,0.560"
X-5438,PIK3C2A,5286.0,MutNovel,"H1433R,0.394"
X-5438,PINK1,65018.0,MutNovel,"R259I,0.365"
X-5438,PIP4K2C,79837.0,MutNovel,"V353I,0.586"
X-5438,PKD1,5310.0,MutNovel,"V3912M,0.438"
X-5438,PKD1,5310.0,MutNovel,"PR738HQ,1.000"
X-5438,PKN1,5585.0,MutNovel,"L168Q,0.537"
X-5438,PKN2,5586.0,MutNovel,"A355T,0.217"
X-5438,PKP4,8502.0,MutNovel,"R747M,0.485"
X-5438,PLCH2,9651.0,MutNovel,"R1341C,0.385"
X-5438,PLXNA1,5361.0,MutNovel,"DN91D,0.500"
X-5438,POLG,5428.0,MutNovel,"Q43R,0.548"
X-5438,POMT2,29954.0,MutNovel,"A237P,0.786"
X-5438,POP1,10940.0,MutNovel,"S291N,0.412"
X-5438,POTEF,728378.0,MutNovel,"M771I,1.000"
X-5438,POTEJ,,MutNovel,"I738L,1.000"
X-5438,PPFIBP1,8496.0,MutNovel,"M61T,0.294"
X-5438,PPP1R10,5514.0,MutNovel,"T200A,0.564"
X-5438,PPP1R13L,10848.0,MutNovel,"E199K,0.533"
X-5438,PPP1R21,129285.0,MutNovel,"R549H,0.667"
X-5438,PPP6R2,9701.0,MutNovel,"G226D,0.421"
X-5438,PPP6R2,9701.0,MutNovel,"E671D,0.471"
X-5438,PRB2,653247.0,MutNovel,"R109Q,0.304"
X-5438,PRIC285,85441.0,MutNovel,"A2519T,0.448"
X-5438,PRIC285,85441.0,MutNovel,"P772L,0.590"
X-5438,PRKY,5616.0,Del0.8,0.49
X-5438,PRPF8,10594.0,MutNovel,"H1024R,0.600"
X-5438,PRR12,57479.0,MutNovel,"R294W,1.000"
X-5438,PRSS12,8492.0,MutNovel,"R630W,0.429"
X-5438,PRY,9081.0,Del0.8,0.42
X-5438,PRY,9081.0,Del0.8,0.26
X-5438,PRY2,442862.0,Del0.8,0.26
X-5438,PRY2,442862.0,Del0.8,0.42
X-5438,PSME1,5720.0,MutNovel,"M247T,0.472"
X-5438,PTEN,5728.0,MutLikelyFunctional,"L25F,0.480"
X-5438,PTEN,5728.0,MutNovel,"P96L,0.489"
X-5438,PTK2B,2185.0,MutNovel,"R79Q,0.449"
X-5438,PTTG1,9232.0,MutNovel,"Q180H,0.512"
X-5438,PUM2,23369.0,MutNovel,"T184I,0.479"
X-5438,PUSL1,126789.0,MutNovel,"S84A,0.544"
X-5438,RAB3IP,117177.0,MutKnownFunctional,"-150,0.371"
X-5438,RAB40C,57799.0,MutNovel,"V63M,0.538"
X-5438,RAPH1,65059.0,MutNovel,"V797I,0.833"
X-5438,RBBP8,5932.0,MutKnownFunctional,"-355,0.438"
X-5438,RBM15B,29890.0,MutKnownFunctional,"-626?,0.479"
X-5438,RBM33,155435.0,MutNovel,"P840A,0.579"
X-5438,RBMY1A3P,286557.0,Del0.8,0.42
X-5438,RBMY1B,378948.0,Del0.8,0.42
X-5438,RBMY1B,378948.0,Del0.8,0.42
X-5438,RBMY1E,378950.0,Del0.8,0.42
X-5438,RBMY1E,378950.0,Del0.8,0.42
X-5438,RBMY1F,159163.0,Del0.8,0.33
X-5438,RBMY1F,159163.0,Del0.8,0.42
X-5438,RBMY1J,378951.0,Del0.8,0.42
X-5438,RBMY1J,378951.0,Del0.8,0.26
X-5438,RBMY2EP,159125.0,Del0.8,0.42
X-5438,RBMY2FP,159162.0,Del0.8,0.42
X-5438,RBMY3AP,64593.0,Del0.8,0.42
X-5438,RERE,473.0,MutKnownFunctional,"-83,0.409"
X-5438,REST,5978.0,MutNovel,"P744H,0.423"
X-5438,RFX1,5989.0,MutNovel,"G841S,0.588"
X-5438,RGL3,57139.0,MutNovel,"D666H,0.460"
X-5438,RHBDF1,64285.0,MutNovel,"I81N,0.493"
X-5438,RIN3,79890.0,MutNovel,"G967-,0.700"
X-5438,RING1,6015.0,MutKnownFunctional,"-171,0.257"
X-5438,RIPK3,11035.0,MutNovel,"G487A,0.626"
X-5438,RNASEH2B,79621.0,MutKnownFunctional,"-306,0.500"
X-5438,RNF103,7844.0,MutKnownFunctional,"-670,0.430"
X-5438,RNF145,153830.0,MutKnownFunctional,"-29,0.902"
X-5438,RNF145,153830.0,MutNovel,"KK25K,0.385"
X-5438,RNF145,153830.0,MutNovel,"K25R,0.270"
X-5438,RPS4Y1,6192.0,Del0.8,0.49
X-5438,RPS4Y2,140032.0,Del0.8,0.42
X-5438,RTN2,6253.0,MutNovel,"R87H,0.567"
X-5438,RTTN,25914.0,MutNovel,"A333V,0.600"
X-5438,RUSC1,23623.0,MutNovel,"H23Y,0.600"
X-5438,RUSC2,9853.0,MutNovel,"A973V,0.632"
X-5438,RXRA,6256.0,MutNovel,"R371C,0.455"
X-5438,SAMHD1,25939.0,MutNovel,"T44A,0.417"
X-5438,SCYL1,57410.0,MutNovel,"R207C,0.536"
X-5438,SEC23IP,11196.0,MutNovel,"P219L,0.413"
X-5438,SEMA3B,7869.0,MutNovel,"R93W,0.485"
X-5438,SEMA3B,7869.0,MutNovel,"R596H,0.457"
X-5438,SEMA4F,10505.0,MutNovel,"C273Y,0.500"
X-5438,SEPP1,6414.0,MutNovel,"H245Y,0.434"
X-5438,SERINC2,347735.0,MutNovel,"-373Q,0.607"
X-5438,SERPINB8,5271.0,MutNovel,"K312R,0.336"
X-5438,SESTD1,91404.0,MutNovel,"K540N,0.650"
X-5438,SETD1A,9739.0,MutNovel,"I875V,0.279"
X-5438,SF3A2,8175.0,MutKnownFunctional,"-296,0.588"
X-5438,SHROOM2,357.0,MutNovel,"R596C,1.000"
X-5438,SHROOM3,57619.0,MutNovel,"A1085T,0.570"
X-5438,SIDT2,51092.0,MutNovel,"L507M,0.519"
X-5438,SIK1,150094.0,MutNovel,"A687T,0.733"
X-5438,SIPA1L1,26037.0,MutNovel,"V1022I,0.613"
X-5438,SIRT1,23411.0,MutKnownFunctional,"-709,0.750"
X-5438,SLC15A3,51296.0,MutNovel,"T369M,0.435"
X-5438,SLC16A4,9122.0,MutKnownFunctional,"-475,0.578"
X-5438,SLC22A23,63027.0,MutNovel,"A327E,0.569"
X-5438,SLC25A39,51629.0,MutNovel,"R308L,0.504"
X-5438,SLC27A1,376497.0,MutNovel,"V36M,0.500"
X-5438,SLC30A6,55676.0,MutNovel,"P228L,0.609"
X-5438,SLC41A1,254428.0,MutNovel,"P212L,0.385"
X-5438,SLC5A3,6526.0,MutNovel,"P360H,0.304"
X-5438,SLC7A5,8140.0,MutNovel,"A153T,0.603"
X-5438,SLC9A8,23315.0,MutNovel,"R461W,0.638"
X-5438,SMARCA4,6597.0,MutNovel,"D779N,0.479"
X-5438,SMG1,23049.0,MutNovel,"D2896Y,0.593"
X-5438,SMG5,23381.0,MutKnownFunctional,"-961,0.503"
X-5438,SMG5,23381.0,MutNovel,"Q834H,0.431"
X-5438,SNRNP200,23020.0,MutNovel,"A1543T,0.498"
X-5438,SNX20,124460.0,MutNovel,"R178W,0.800"
X-5438,SNX33,257364.0,MutNovel,"S385R,0.824"
X-5438,SNX4,8723.0,MutNovel,"E343G,0.548"
X-5438,SOGA2,,MutNovel,"R712W,0.556"
X-5438,SORD,6652.0,MutNovel,"I61T,0.520"
X-5438,SORL1,6653.0,MutNovel,"A2184T,0.538"
X-5438,SPATA5L1,79029.0,MutNovel,"R573C,0.507"
X-5438,SPEN,23013.0,MutKnownFunctional,"-2579,0.500"
X-5438,SPEN,23013.0,MutNovel,"-3361QPA,0.368"
X-5438,SPIRE1,56907.0,MutNovel,"R627W,0.290"
X-5438,SPNS1,83985.0,MutNovel,"A171T,0.483"
X-5438,SPPL2B,56928.0,MutKnownFunctional,"-543,0.529"
X-5438,SPTBN2,6712.0,MutNovel,"R429C,0.567"
X-5438,SPTLC1,10558.0,MutNovel,"A461V,0.546"
X-5438,SRI,6717.0,MutNovel,"V164I,0.502"
X-5438,SRY,6736.0,Del0.8,0.49
X-5438,SSFA2,6744.0,MutNovel,"A1251V,0.445"
X-5438,STK17B,9262.0,MutNovel,"D357N,0.464"
X-5438,STK3,6788.0,MutNovel,"Q103H,0.640"
X-5438,STRC,161497.0,MutNovel,"T1565S,0.375"
X-5438,SUPT5H,6829.0,MutNovel,"R319H,0.438"
X-5438,SWT1,54823.0,MutNovel,"R302Q,0.400"
X-5438,SYNE2,23224.0,MutNovel,"R6726W,0.514"
X-5438,SYTL2,54843.0,MutNovel,"R485H,0.426"
X-5438,TAPT1,202018.0,MutNovel,"L136M,0.533"
X-5438,TBC1D1,23216.0,MutNovel,"R148C,0.632"
X-5438,TBC1D14,57533.0,MutNovel,"G134D,0.591"
X-5438,TBC1D22B,55633.0,MutNovel,"R425S,0.651"
X-5438,TBC1D23,55773.0,MutKnownFunctional,"-647,0.507"
X-5438,TBL1Y,90665.0,Del0.8,0.49
X-5438,TBXAS1,6916.0,MutNovel,"S145G,0.676"
X-5438,TBXAS1,6916.0,MutNovel,"Q509R,0.490"
X-5438,TDRD7,23424.0,MutNovel,"A528S,0.451"
X-5438,TECPR2,9895.0,MutNovel,"G1389S,0.571"
X-5438,TGFB1,7040.0,MutNovel,"R218C,0.474"
X-5438,TGIF2LY,90655.0,Del0.8,0.49
X-5438,THBS4,7060.0,MutNovel,"G768D,1.000"
X-5438,THOC6,79228.0,MutNovel,"V5L,0.384"
X-5438,TIGD1,200765.0,MutNovel,"N326D,0.500"
X-5438,TJAP1,93643.0,MutNovel,"R343C,0.421"
X-5438,TLN2,83660.0,MutNovel,"L1130P,0.281"
X-5438,TMCC2,9911.0,MutNovel,"R182C,1.000"
X-5438,TMEM109,79073.0,MutNovel,"A118T,0.469"
X-5438,TMEM141,85014.0,MutNovel,"D10E,0.502"
X-5438,TMEM180,79847.0,MutNovel,"R193C,0.941"
X-5438,TMEM184A,202915.0,MutNovel,"G392GA,1.000"
X-5438,TMEM187,8269.0,MutNovel,"R180C,0.228"
X-5438,TMEM209,84928.0,MutKnownFunctional,"-495,0.500"
X-5438,TMEM211,255349.0,MutNovel,"G56S,1.000"
X-5438,TMEM41A,90407.0,MutKnownFunctional,"-241,0.561"
X-5438,TMEM44,93109.0,MutNovel,"A65V,0.565"
X-5438,TMEM60,85025.0,MutKnownFunctional,"-77,0.549"
X-5438,TMEM97,27346.0,MutKnownFunctional,"-173,0.960"
X-5438,TMSB4Y,9087.0,Del0.8,0.42
X-5438,TNFAIP3,7128.0,MutNovel,"S471N,0.703"
X-5438,TNFAIP8,25816.0,MutNovel,"V57L,0.393"
X-5438,TNFSF9,8744.0,MutNovel,"G209D,0.414"
X-5438,TNK2,10188.0,MutKnownFunctional,"-710?,0.385"
X-5438,TNPO2,30000.0,MutNovel,"L68I,0.500"
X-5438,TNRC6A,27327.0,MutNovel,"P1806L,0.500"
X-5438,TNS3,64759.0,MutNovel,"V815I,0.500"
X-5438,TOP1,7150.0,MutNovel,"D79E,0.491"
X-5438,TOP2B,7155.0,MutNovel,"DD1382D,0.457"
X-5438,TOP3A,7156.0,MutNovel,"G673C,0.576"
X-5438,TPP2,7174.0,MutNovel,"A208V,0.424"
X-5438,TPR,7175.0,MutNovel,"V1776A,0.395"
X-5438,TRAF3IP2,10758.0,MutNovel,"V562M,0.403"
X-5438,TRAPPC10,7109.0,MutNovel,"A853V,0.500"
X-5438,TRIM3,10612.0,MutNovel,"M274I,0.703"
X-5438,TRIM38,10475.0,MutNovel,"R347C,0.455"
X-5438,TRIM56,81844.0,MutNovel,"R162Q,0.500"
X-5438,TRIOBP,11078.0,MutNovel,"T715I,1.000"
X-5438,TRIP11,9321.0,MutKnownFunctional,"-308?,0.294"
X-5438,TRRAP,8295.0,MutNovel,"V2929M,0.500"
X-5438,TSPY1,7258.0,Del0.8,0.42
X-5438,TSPY2,64591.0,Del0.8,0.49
X-5438,TSPY3,728137.0,Del0.8,0.42
X-5438,TSPY4,728395.0,Del0.8,0.42
X-5438,TSPY8,728403.0,Del0.8,0.42
X-5438,TSPYL1,7259.0,MutNovel,"V176VW,0.580"
X-5438,TTLL4,9654.0,MutNovel,"G355D,0.500"
X-5438,TTLL4,9654.0,MutNovel,"A852T,0.488"
X-5438,TTTY10,246119.0,Del0.8,0.42
X-5438,TTTY11,83866.0,Del0.8,0.42
X-5438,TTTY12,83867.0,Del0.8,0.42
X-5438,TTTY13,83868.0,Del0.8,0.42
X-5438,TTTY14,83869.0,Del0.8,0.42
X-5438,TTTY15,64595.0,Del0.8,0.42
X-5438,TTTY16,252948.0,Del0.8,0.42
X-5438,TTTY17A,252949.0,Del0.8,0.26
X-5438,TTTY17A,252949.0,Del0.8,0.26
X-5438,TTTY18,252950.0,Del0.8,0.42
X-5438,TTTY19,252952.0,Del0.8,0.42
X-5438,TTTY1B,100101116.0,Del0.8,0.49
X-5438,TTTY1B,100101116.0,Del0.8,0.42
X-5438,TTTY2,60439.0,Del0.8,0.42
X-5438,TTTY2,60439.0,Del0.8,0.49
X-5438,TTTY20,252951.0,Del0.8,0.42
X-5438,TTTY21,252953.0,Del0.8,0.42
X-5438,TTTY21,252953.0,Del0.8,0.49
X-5438,TTTY22,252954.0,Del0.8,0.42
X-5438,TTTY23,252955.0,Del0.8,0.49
X-5438,TTTY23,252955.0,Del0.8,0.42
X-5438,TTTY3,114760.0,Del0.8,0.26
X-5438,TTTY3,114760.0,Del0.8,0.26
X-5438,TTTY4,114761.0,Del0.8,0.26
X-5438,TTTY4,114761.0,Del0.8,0.26
X-5438,TTTY5,83863.0,Del0.8,0.42
X-5438,TTTY6,84672.0,Del0.8,0.42
X-5438,TTTY6,84672.0,Del0.8,0.26
X-5438,TTTY7,246122.0,Del0.8,0.42
X-5438,TTTY7,246122.0,Del0.8,0.49
X-5438,TTTY7B,100101120.0,Del0.8,0.42
X-5438,TTTY7B,100101120.0,Del0.8,0.49
X-5438,TTTY8,84673.0,Del0.8,0.42
X-5438,TTTY8,84673.0,Del0.8,0.49
X-5438,TTTY9A,83864.0,Del0.8,0.24
X-5438,TTTY9A,83864.0,Del0.8,0.24
X-5438,TUBGCP2,10844.0,MutNovel,"T634M,0.454"
X-5438,TUBGCP2,10844.0,MutNovel,"V261I,0.479"
X-5438,TXLNG2P,246126.0,Del0.8,0.42
X-5438,TXNDC5,81567.0,MutNovel,"A222S,0.444"
X-5438,UACA,55075.0,MutNovel,"K982E,0.451"
X-5438,UBA1,7317.0,MutNovel,"R581C,0.369"
X-5438,UBASH3B,84959.0,MutNovel,"G174S,0.407"
X-5438,UBN1,29855.0,MutNovel,"C38Y,0.382"
X-5438,UBQLN1,29979.0,MutNovel,"H97L,0.524"
X-5438,UBR5,51366.0,MutKnownFunctional,"-2120,0.394"
X-5438,UGT8,7368.0,MutNovel,"G313E,0.632"
X-5438,UNC13D,201294.0,MutNovel,"R1041H,0.338"
X-5438,UPF3A,65110.0,MutKnownFunctional,"-264,0.778"
X-5438,URGCP,55665.0,MutNovel,"R531L,0.462"
X-5438,USP19,10869.0,MutNovel,"L818P,0.575"
X-5438,USP36,57602.0,MutNovel,"KKK958K,1.000"
X-5438,USP9Y,8287.0,Del0.8,0.42
X-5438,UTY,7404.0,Del0.8,0.42
X-5438,VAV2,7410.0,MutNovel,"D39N,0.378"
X-5438,VCY,9084.0,Del0.8,0.42
X-5438,VCY,9084.0,Del0.8,0.42
X-5438,VGLL4,9686.0,MutNovel,"R202Q,0.438"
X-5438,VILL,50853.0,MutNovel,"R529C,0.494"
X-5438,VPS13D,55187.0,MutNovel,"R3585W,0.531"
X-5438,VPS26B,112936.0,MutNovel,"R300Q,0.558"
X-5438,VPS37B,79720.0,MutKnownFunctional,"-246,0.504"
X-5438,VPS37B,79720.0,MutKnownFunctional,"-210,0.556"
X-5438,VPS52,6293.0,MutNovel,"R498C,0.537"
X-5438,WDFY3,23001.0,MutNovel,"V2678M,0.500"
X-5438,WDHD1,11169.0,MutNovel,"R1083Q,0.455"
X-5438,WDHD1,11169.0,MutNovel,"G571V,0.263"
X-5438,WDR18,57418.0,MutNovel,"R399H,0.678"
X-5438,WDR36,134430.0,MutNovel,"A546T,0.618"
X-5438,WDR45L,56270.0,MutNovel,"A192T,0.447"
X-5438,WDR81,124997.0,MutNovel,"P687H,0.609"
X-5438,WDR90,197335.0,MutKnownFunctional,"-815?,0.367"
X-5438,WHAMM,123720.0,MutNovel,"G595C,0.494"
X-5438,WNK1,65125.0,MutNovel,"R2640Q,0.592"
X-5438,WWC1,23286.0,MutNovel,"R590W,0.491"
X-5438,WWP2,11060.0,MutNovel,"T801A,0.556"
X-5438,XKRY2,353515.0,Del0.8,0.24
X-5438,XKRY2,353515.0,Del0.8,0.24
X-5438,XRN1,54464.0,MutKnownFunctional,"-1120,1.000"
X-5438,XYLT2,64132.0,MutNovel,"G119C,0.500"
X-5438,YDJC,150223.0,MutNovel,"E97V,0.429"
X-5438,ZC3H13,23091.0,MutKnownFunctional,"-996,0.435"
X-5438,ZCCHC14,23174.0,MutNovel,"G798S,0.438"
X-5438,ZDHHC14,79683.0,MutNovel,"E443G,0.439"
X-5438,ZFHX3,463.0,MutNovel,"QQQ3202Q,0.429"
X-5438,ZFY,7544.0,Del0.8,0.49
X-5438,ZFYVE1,53349.0,MutNovel,"A608V,0.564"
X-5438,ZHX2,22882.0,MutNovel,"H317R,0.744"
X-5438,ZIC2,7546.0,MutNovel,"P111S,0.333"
X-5438,ZIC2,7546.0,MutNovel,"AH230A,0.263"
X-5438,ZMYM3,9203.0,MutNovel,"A487V,1.000"
X-5438,ZNF107,51427.0,MutNovel,"I283M,0.700"
X-5438,ZNF28,7576.0,MutNovel,"E639G,0.250"
X-5438,ZNF367,195828.0,MutNovel,"R330H,0.500"
X-5438,ZNF384,171017.0,MutNovel,"QQ514Q,0.500"
X-5438,ZNF451,26036.0,MutNovel,"L943R,0.526"
X-5438,ZNF473,25888.0,MutNovel,"W20L,0.733"
X-5438,ZNF638,27332.0,MutNovel,"D1545G,0.375"
X-5438,ZNF692,55657.0,MutNovel,"K464E,0.466"
X-5438,ZNF721,170960.0,MutNovel,"T791M,0.519"
X-5438,ZNF764,92595.0,MutNovel,"S27N,0.667"
X-5438,ZNF780A,284323.0,MutNovel,"L515V,0.800"
X-5438,ZNF785,146540.0,MutNovel,"A207T,0.429"
X-5438,ZNF791,163049.0,MutKnownFunctional,"-567,0.500"
X-5438,ZNF800,168850.0,MutKnownFunctional,"-441?,0.421"
X-5438,ZNF91,7644.0,MutNovel,"G85S,0.696"
X-5438,ZNRF2,223082.0,MutNovel,"D123DG,1.000"
X-5438,ZSCAN5A,79149.0,MutNovel,"G177C,0.417"
X-5441,AADAT,51166.0,MutNovel,"P76L,0.570"
X-5441,AASDH,132949.0,MutKnownFunctional,"-440,1.000"
X-5441,AATK,9625.0,MutNovel,"A460V,0.441"
X-5441,AATK,9625.0,MutNovel,"L230M,0.551"
X-5441,ABCA3,21.0,MutNovel,"R1484W,0.250"
X-5441,ABCA7,10347.0,MutNovel,"A521T,0.456"
X-5441,ABCA7,10347.0,MutNovel,"D1110N,0.404"
X-5441,ABCA7,10347.0,MutKnownFunctional,"-1419,0.419"
X-5441,ABCA9,10350.0,MutNovel,"P396T,1.000"
X-5441,ABCC1,4363.0,MutNovel,"R1173H,0.526"
X-5441,ABCC4,10257.0,MutNovel,"V963I,0.231"
X-5441,ABCC4,10257.0,MutNovel,"G624D,0.385"
X-5441,ABLIM1,3983.0,MutKnownFunctional,"R703*,0.239"
X-5441,ABP1,26.0,MutKnownFunctional,"-740,1.000"
X-5441,ABR,29.0,MutKnownFunctional,"-842,0.488"
X-5441,ABTB1,80325.0,MutNovel,"R392C,0.500"
X-5441,ABTB2,25841.0,MutNovel,"R437C,0.429"
X-5441,ACAT2,39.0,MutKnownFunctional,"-367,0.497"
X-5441,ACBD4,79777.0,MutNovel,"G52W,0.600"
X-5441,ACCS,84680.0,MutNovel,"G354S,1.000"
X-5441,ACE2,59272.0,MutNovel,"Q305H,0.996"
X-5441,ACOT11,26027.0,MutNovel,"V562M,0.545"
X-5441,ACP6,51205.0,MutNovel,"P394L,0.476"
X-5441,ACSF3,197322.0,MutNovel,"VR372MH,0.400"
X-5441,ACTR10,55860.0,MutKnownFunctional,"-333,0.507"
X-5441,ACTR3B,57180.0,MutNovel,"V271I,0.457"
X-5441,ACTR6,64431.0,MutNovel,"KG226K,0.429"
X-5441,ACVR1B,91.0,MutNovel,"R456Q,0.342"
X-5441,ACVR2A,92.0,MutKnownFunctional,"-435,1.000"
X-5441,ADAM22,53616.0,MutNovel,"C679Y,0.619"
X-5441,ADAM9,8754.0,MutNovel,"G698R,0.409"
X-5441,ADAMTS13,11093.0,MutNovel,"R636Q,0.667"
X-5441,ADAMTS14,140766.0,MutNovel,"A1134V,0.667"
X-5441,ADAMTS17,170691.0,MutNovel,"A407T,0.625"
X-5441,ADAT1,23536.0,MutNovel,"A276V,0.302"
X-5441,ADCK3,56997.0,MutNovel,"T46M,0.452"
X-5441,ADCY4,196883.0,MutNovel,"R356W,0.286"
X-5441,ADCY5,111.0,MutNovel,"R1038W,0.333"
X-5441,ADCY6,112.0,MutNovel,"V1093M,0.674"
X-5441,ADCY9,115.0,MutNovel,"E999K,0.733"
X-5441,ADD3,120.0,MutKnownFunctional,"-699,0.452"
X-5441,ADH1B,125.0,MutNovel,"V103I,1.000"
X-5441,ADH1B,125.0,MutNovel,"Y35H,1.000"
X-5441,ADH1B,125.0,MutNovel,"DV26EV,1.000"
X-5441,ADH1B,125.0,MutNovel,"V18L,1.000"
X-5441,ADK,132.0,MutNovel,"D303N,0.511"
X-5441,ADNP,23394.0,MutNovel,"R717H,0.560"
X-5441,ADRA2A,150.0,MutNovel,"R233H,0.432"
X-5441,ADRBK1,156.0,MutNovel,"R591W,0.604"
X-5441,ADSSL1,122622.0,MutNovel,"P433S,0.412"
X-5441,AFAP1L2,84632.0,MutNovel,"R683W,0.333"
X-5441,AFF4,27125.0,MutNovel,"R689Q,0.505"
X-5441,AGAP6,414189.0,MutNovel,"Q590L,0.492"
X-5441,AGAP8,728404.0,MutNovel,"S532T,0.727"
X-5441,AGPAT9,84803.0,MutNovel,"R152H,0.484"
X-5441,AGRN,375790.0,MutNovel,"T573M,0.529"
X-5441,AGRN,375790.0,MutKnownFunctional,"-999,0.430"
X-5441,AGRN,375790.0,MutKnownFunctional,"E1531*,0.526"
X-5441,AGT,183.0,MutKnownFunctional,"-430?,0.556"
X-5441,AGXT2L2,85007.0,MutNovel,"G358R,0.398"
X-5441,AHCY,191.0,MutNovel,"C79Y,0.548"
X-5441,AHCYL2,23382.0,MutNovel,"A36T,0.333"
X-5441,AHDC1,27245.0,MutNovel,"E410K,0.471"
X-5441,AHNAK2,113146.0,MutNovel,"A1650D,0.263"
X-5441,AHNAK2,113146.0,MutNovel,"E825D,0.458"
X-5441,AHNAK2,113146.0,MutNovel,"P539L,0.385"
X-5441,AHNAK2,113146.0,MutNovel,"E425D,0.440"
X-5441,AHRR,57491.0,MutNovel,"G612S,0.667"
X-5441,AIM1,202.0,MutNovel,"R1536H,0.432"
X-5441,AIM1L,55057.0,MutNovel,"D842N,0.534"
X-5441,AIM1L,55057.0,MutNovel,"EE832E,0.881"
X-5441,AIP,9049.0,MutNovel,"C78F,0.282"
X-5441,AIP,9049.0,MutNovel,"R314W,0.472"
X-5441,AKAP17A,8227.0,MutKnownFunctional,"-1025,0.459"
X-5441,AKAP17A,8227.0,MutNovel,"R1729W,0.471"
X-5441,AKAP8,10270.0,MutNovel,"A214T,0.574"
X-5441,AKAP9,10142.0,MutNovel,"D1239Y,0.212"
X-5441,AKNA,80709.0,MutNovel,"R1003W,0.521"
X-5441,AKNA,80709.0,MutNovel,"T302M,0.564"
X-5441,AKR1B15,441282.0,MutNovel,"V107L,0.615"
X-5441,AKR1C2,1646.0,MutNovel,"G45R,0.635"
X-5441,AKT1S1,84335.0,MutNovel,"G121C,0.469"
X-5441,AKTIP,64400.0,MutNovel,"V94I,0.554"
X-5441,ALDH1L2,160428.0,MutNovel,"Q226H,1.000"
X-5441,ALDH3A1,218.0,MutKnownFunctional,"-445,0.286"
X-5441,ALDH4A1,8659.0,MutNovel,"A131V,0.482"
X-5441,ALG13,79868.0,MutNovel,"A384V,0.988"
X-5441,ALKBH5,54890.0,MutNovel,"A41V,0.227"
X-5441,ALKBH7,84266.0,MutNovel,"R194Q,0.500"
X-5441,ALMS1,7840.0,MutKnownFunctional,"R2275*,0.214"
X-5441,ALOX5,240.0,MutNovel,"R521C,0.953"
X-5441,ALPI,248.0,MutKnownFunctional,"R425*,0.204"
X-5441,ALPK3,57538.0,MutNovel,"C365Y,1.000"
X-5441,AMMECR1L,83607.0,MutNovel,"T269M,0.519"
X-5441,ANKMY1,51281.0,MutKnownFunctional,"-598,0.410"
X-5441,ANKRD10,55608.0,MutNovel,"E335-,0.509"
X-5441,ANKRD11,29123.0,MutNovel,"R1631W,0.410"
X-5441,ANKRD11,29123.0,MutKnownFunctional,"-1103,0.481"
X-5441,ANKRD13D,338692.0,MutNovel,"V507I,0.410"
X-5441,ANKRD24,170961.0,MutNovel,"V1108M,1.000"
X-5441,ANKRD27,84079.0,MutNovel,"L316M,0.426"
X-5441,ANKRD52,283373.0,MutNovel,"T897M,0.577"
X-5441,ANO7,50636.0,MutNovel,"Q94H,0.760"
X-5441,ANO7,50636.0,MutNovel,"G421S,0.909"
X-5441,ANXA2,302.0,MutNovel,"R214W,0.510"
X-5441,ANXA6,309.0,MutNovel,"R411Q,0.263"
X-5441,AOC3,8639.0,MutNovel,"V701M,0.400"
X-5441,AP1AR,55435.0,MutNovel,"R225C,0.405"
X-5441,AP2A2,161.0,MutKnownFunctional,"-55,0.636"
X-5441,AP2A2,161.0,MutNovel,"R538C,0.549"
X-5441,AP2A2,161.0,MutKnownFunctional,"-668,1.000"
X-5441,APBB3,10307.0,MutNovel,"R330W,0.462"
X-5441,APC,324.0,MutKnownFunctional,"-1462,0.375"
X-5441,APITD1-CORT,100526739.0,MutNovel,"H14D,0.445"
X-5441,APITD1-CORT,100526739.0,MutKnownFunctional,"-140,0.375"
X-5441,APOB,338.0,MutNovel,"M432T,1.000"
X-5441,APOE,348.0,MutNovel,"A156T,0.600"
X-5441,APPBP2,10513.0,MutNovel,"R52C,0.480"
X-5441,ARAP1,116985.0,MutNovel,"R645C,0.522"
X-5441,ARFGEF2,10564.0,MutNovel,"A773V,0.205"
X-5441,ARHGAP23,57636.0,MutKnownFunctional,"-309,0.448"
X-5441,ARHGAP24,83478.0,MutKnownFunctional,"-725?,0.611"
X-5441,ARHGAP27,201176.0,MutNovel,"A75T,0.578"
X-5441,ARHGAP29,9411.0,MutKnownFunctional,"-371,0.455"
X-5441,ARHGAP5,394.0,MutNovel,"R1007H,0.516"
X-5441,ARHGDIG,398.0,MutNovel,"V199M,0.681"
X-5441,ARHGEF1,9138.0,MutNovel,"S389C,0.284"
X-5441,ARHGEF11,9826.0,MutNovel,"R979C,0.402"
X-5441,ARHGEF12,23365.0,MutNovel,"R1479C,0.512"
X-5441,ARHGEF17,9828.0,MutNovel,"T1775I,0.250"
X-5441,ARHGEF2,9181.0,MutKnownFunctional,"-828,0.255"
X-5441,ARHGEF5,7984.0,MutNovel,"L1548P,0.476"
X-5441,ARID1A,8289.0,MutKnownFunctional,"-615?,0.368"
X-5441,ARID1B,57492.0,MutNovel,"G246S,0.538"
X-5441,ARID1B,57492.0,MutNovel,"Q1810H,0.506"
X-5441,ARID1B,57492.0,MutNovel,"D1864N,0.389"
X-5441,ARID5B,84159.0,MutNovel,"P1076H,0.337"
X-5441,ARMC8,25852.0,MutKnownFunctional,"R495*,0.222"
X-5441,ARRB1,408.0,MutNovel,"P131L,0.581"
X-5441,ARRDC2,27106.0,MutNovel,"G267C,0.483"
X-5441,ARV1,64801.0,MutNovel,"D130G,0.500"
X-5441,ARV1,64801.0,MutKnownFunctional,"-170,1.000"
X-5441,ASB7,140460.0,MutNovel,"R134W,0.500"
X-5441,ASCC2,84164.0,MutNovel,"A581V,0.478"
X-5441,ASCC2,84164.0,MutNovel,"R509W,0.543"
X-5441,ASCC2,84164.0,MutNovel,"P44L,0.510"
X-5441,ASIC1,,MutNovel,"R166Q,0.318"
X-5441,ASNS,440.0,MutNovel,"A242V,0.502"
X-5441,ASPHD2,57168.0,MutNovel,"N264S,0.391"
X-5441,ASRGL1,80150.0,MutNovel,"V267M,0.636"
X-5441,ASTN2,23245.0,MutNovel,"A974D,0.429"
X-5441,ATAD1,84896.0,MutNovel,"A143V,0.469"
X-5441,ATF5,22809.0,MutKnownFunctional,"-84,0.583"
X-5441,ATG16L2,89849.0,MutKnownFunctional,"R323*,0.399"
X-5441,ATG2A,23130.0,MutNovel,"G1331E,0.476"
X-5441,ATG9A,79065.0,MutNovel,"R10H,0.511"
X-5441,ATL2,64225.0,MutNovel,"R555C,0.375"
X-5441,ATM,472.0,MutKnownFunctional,"-625,0.412"
X-5441,ATM,472.0,MutNovel,"A1079V,0.364"
X-5441,ATOH1,474.0,MutNovel,"P35Q,0.417"
X-5441,ATP10B,23120.0,MutNovel,"R905W,0.450"
X-5441,ATP11A,23250.0,MutNovel,"R781M,0.480"
X-5441,ATP2A1,487.0,MutNovel,"I633T,0.375"
X-5441,ATP2A2,488.0,MutNovel,"R750Q,0.416"
X-5441,ATP2B4,493.0,MutNovel,"G241E,0.290"
X-5441,ATP5A1,498.0,MutNovel,"G391R,0.444"
X-5441,ATP5C1,509.0,MutNovel,"A52V,0.506"
X-5441,ATP5J2-PTCD1,100526740.0,MutNovel,"P593L,0.415"
X-5441,ATP6V0A2,23545.0,MutNovel,"V611F,0.791"
X-5441,ATP6V1H,51606.0,MutNovel,"R210Q,0.538"
X-5441,ATP9A,10079.0,MutNovel,"R126Q,0.458"
X-5441,ATXN1,6310.0,MutNovel,"P624L,0.467"
X-5441,ATXN1,6310.0,MutNovel,"G56R,0.538"
X-5441,ATXN2,6311.0,MutNovel,"C556Y,0.370"
X-5441,ATXN7L2,127002.0,MutKnownFunctional,"-530,0.469"
X-5441,AURKA,6790.0,MutNovel,"R24H,0.465"
X-5441,AUTS2,26053.0,MutNovel,"R327C,0.397"
X-5441,AVL9,23080.0,MutNovel,"A477V,0.471"
X-5441,AXDND1,126859.0,MutNovel,"E994Q,0.369"
X-5441,AXIN1,8312.0,MutKnownFunctional,"-508,0.876"
X-5441,AXIN2,8313.0,MutNovel,"R834Q,0.561"
X-5441,AXIN2,8313.0,MutNovel,"G572D,0.333"
X-5441,AXIN2,8313.0,MutKnownFunctional,"-523?,0.542"
X-5441,AZI1,22994.0,MutNovel,"R925C,0.550"
X-5441,B3GALT5,10317.0,MutNovel,"D224N,0.231"
X-5441,B3GNT3,10331.0,MutNovel,"V98M,0.525"
X-5441,B4GALNT3,283358.0,MutNovel,"R700C,0.527"
X-5441,B4GALNT4,338707.0,MutNovel,"G957S,0.235"
X-5441,BACE1,23621.0,MutNovel,"A430V,0.380"
X-5441,BAG6,7917.0,MutNovel,"R353Q,0.908"
X-5441,BAHD1,22893.0,MutNovel,"R224W,0.412"
X-5441,BAIAP2L2,80115.0,MutNovel,"R454S,0.933"
X-5441,BAK1,578.0,MutNovel,"R88C,0.548"
X-5441,BANP,54971.0,MutNovel,"E413K,0.537"
X-5441,BAP1,8314.0,MutNovel,"P462H,0.575"
X-5441,BAP1,8314.0,MutNovel,"R213H,0.432"
X-5441,BAX,581.0,MutKnownFunctional,"-38,1.000"
X-5441,BAZ2A,11176.0,MutNovel,"R1187Q,0.516"
X-5441,BAZ2A,11176.0,MutNovel,"KM716M,0.425"
X-5441,BCAS4,55653.0,MutNovel,"G190R,0.419"
X-5441,BCKDK,10295.0,MutNovel,"V186I,0.450"
X-5441,BCL11A,53335.0,MutKnownFunctional,"-360?,0.367"
X-5441,BCL2L14,79370.0,MutNovel,"R156Q,0.529"
X-5441,BCL9,607.0,MutNovel,"S1115P,0.440"
X-5441,BCL9L,283149.0,MutKnownFunctional,"-1127?,0.500"
X-5441,BCL9L,283149.0,MutKnownFunctional,"-452,0.632"
X-5441,BDP1,55814.0,MutNovel,"S225R,0.607"
X-5441,BEND3,57673.0,MutNovel,"R561H,0.500"
X-5441,BEND3,57673.0,MutNovel,"G550S,0.472"
X-5441,BHLHA15,168620.0,MutNovel,"Y123C,0.512"
X-5441,BMP1,649.0,MutKnownFunctional,"R393*,0.222"
X-5441,BMP3,651.0,MutKnownFunctional,"-357,0.310"
X-5441,BMPR2,659.0,MutKnownFunctional,"-581,1.000"
X-5441,BOLA2,552900.0,MutNovel,"G58D,0.222"
X-5441,BOLA2B,,MutNovel,"G58D,0.600"
X-5441,BPTF,2186.0,MutNovel,"P798L,0.543"
X-5441,BRAT1,221927.0,MutKnownFunctional,"Q717*,0.361"
X-5441,BRAT1,221927.0,MutNovel,"S459N,0.518"
X-5441,BRCA1,672.0,MutKnownFunctional,"-110,0.421"
X-5441,BRCA2,675.0,MutKnownFunctional,"-3030,0.447"
X-5441,BRD1,23774.0,MutNovel,"G876D,0.525"
X-5441,BRD1,23774.0,MutNovel,"G409D,0.422"
X-5441,BRPF1,7862.0,MutNovel,"R439C,0.623"
X-5441,BRWD1,54014.0,MutKnownFunctional,"-2309,0.495"
X-5441,BRWD1,54014.0,MutNovel,"R709H,0.420"
X-5441,BST2,684.0,MutNovel,"A86V,0.445"
X-5441,BTBD7,55727.0,MutKnownFunctional,"-58,0.569"
X-5441,BTNL3,10917.0,MutKnownFunctional,"-398,0.732"
X-5441,BYSL,705.0,MutNovel,"M137V,0.416"
X-5441,BZW2,28969.0,MutNovel,"D70N,0.506"
X-5441,C10orf12,26148.0,MutKnownFunctional,"-63?,0.591"
X-5441,C10orf2,56652.0,MutNovel,"E525K,0.592"
X-5441,C10orf32,119032.0,MutNovel,"M56T,0.528"
X-5441,C10orf91,170393.0,MutNovel,"A106V,0.267"
X-5441,C10orf95,79946.0,MutKnownFunctional,"-180,0.510"
X-5441,C11orf57,55216.0,MutKnownFunctional,"-159,0.508"
X-5441,C11orf9,745.0,MutNovel,"R86C,0.458"
X-5441,C11orf9,745.0,MutNovel,"R872H,0.469"
X-5441,C11orf95,65998.0,MutNovel,"R416H,0.667"
X-5441,C12orf32,83695.0,MutNovel,"S51N,0.593"
X-5441,C12orf60,144608.0,MutNovel,"S125A,0.400"
X-5441,C14orf102,55051.0,MutNovel,"R109S,1.000"
X-5441,C14orf118,55668.0,MutNovel,"R167C,0.361"
X-5441,C14orf142,84520.0,MutNovel,"R95Q,0.457"
X-5441,C14orf43,91748.0,MutNovel,"R347C,0.379"
X-5441,C15orf39,56905.0,MutNovel,"R453W,0.578"
X-5441,C16orf13,84326.0,MutKnownFunctional,"-116,0.778"
X-5441,C16orf7,9605.0,MutKnownFunctional,"-485,0.500"
X-5441,C16orf7,9605.0,MutNovel,"V465A,0.525"
X-5441,C16orf7,9605.0,MutKnownFunctional,"-316,0.783"
X-5441,C16orf79,283870.0,MutNovel,"T65M,0.829"
X-5441,C17orf80,55028.0,MutNovel,"P358L,0.567"
X-5441,C17orf97,400566.0,MutNovel,"V151I,0.275"
X-5441,C17orf97,400566.0,MutNovel,"E230K,0.308"
X-5441,C19orf24,55009.0,MutNovel,"SF73S,0.498"
X-5441,C19orf66,55337.0,MutNovel,"V12I,0.495"
X-5441,C1RL,51279.0,MutKnownFunctional,"-435,0.495"
X-5441,C1orf135,79000.0,MutNovel,"G141D,0.521"
X-5441,C1orf144,26099.0,MutNovel,"S60N,0.528"
X-5441,C1orf216,127703.0,MutNovel,"L172S,0.361"
X-5441,C2,717.0,MutNovel,"A615V,0.277"
X-5441,C20orf151,140893.0,MutNovel,"G527C,0.429"
X-5441,C2CD2,25966.0,MutNovel,"Q107H,0.586"
X-5441,C2CD4D,100191040.0,MutNovel,"R102Q,0.592"
X-5441,C2orf55,343990.0,MutNovel,"R764W,0.571"
X-5441,C2orf55,343990.0,MutKnownFunctional,"-522,0.261"
X-5441,C2orf55,343990.0,MutNovel,"R433H,0.300"
X-5441,C5,727.0,MutNovel,"R32C,0.667"
X-5441,C5orf51,285636.0,MutNovel,"A242V,0.236"
X-5441,C5orf51,285636.0,MutKnownFunctional,"-266,0.408"
X-5441,C6orf222,389384.0,MutNovel,"R467Q,0.470"
X-5441,C6orf223,221416.0,MutNovel,"-124A,0.368"
X-5441,C6orf89,221477.0,MutKnownFunctional,"-58,0.492"
X-5441,C7orf50,84310.0,MutKnownFunctional,"-179,0.385"
X-5441,C9orf172,389813.0,MutNovel,"A619T,0.450"
X-5441,C9orf3,84909.0,MutNovel,"R189C,0.609"
X-5441,C9orf37,85026.0,MutNovel,"R128G,0.654"
X-5441,C9orf9,11092.0,MutNovel,"R131Q,0.455"
X-5441,CA14,23632.0,MutNovel,"P194S,0.375"
X-5441,CALML5,51806.0,MutNovel,"A86T,0.875"
X-5441,CAMSAP2,23271.0,MutKnownFunctional,"-1250?,0.364"
X-5441,CAMTA2,23125.0,MutKnownFunctional,"-889,0.406"
X-5441,CAMTA2,23125.0,MutNovel,"V775M,0.646"
X-5441,CARD9,64170.0,MutNovel,"A199V,0.579"
X-5441,CARS2,79587.0,MutNovel,"G51D,0.539"
X-5441,CASK,8573.0,MutKnownFunctional,"E902*,0.996"
X-5441,CASKIN2,57513.0,MutKnownFunctional,"-728,0.442"
X-5441,CASKIN2,57513.0,MutNovel,"A359T,0.482"
X-5441,CASP2,835.0,MutNovel,"A376T,0.476"
X-5441,CASP2,835.0,MutNovel,"H449Q,0.488"
X-5441,CASP5,838.0,MutKnownFunctional,"-81,0.765"
X-5441,CASP7,840.0,MutNovel,"R162H,0.556"
X-5441,CASP8AP2,9994.0,MutKnownFunctional,"-1915?,0.263"
X-5441,CAT,847.0,MutNovel,"R354C,0.473"
X-5441,CATSPERG,57828.0,MutNovel,"R138H,0.400"
X-5441,CBFA2T2,9139.0,MutKnownFunctional,"-551,0.500"
X-5441,CBLB,868.0,MutNovel,"R734W,0.469"
X-5441,CBLN3,643866.0,MutKnownFunctional,"-69,0.417"
X-5441,CBX4,8535.0,MutKnownFunctional,"-230,0.503"
X-5441,CBX8,57332.0,MutKnownFunctional,"-319?,0.447"
X-5441,CC2D1B,200014.0,MutNovel,"E136-,0.500"
X-5441,CCDC103,388389.0,MutNovel,"A150V,0.282"
X-5441,CCDC106,29903.0,MutNovel,"R280W,0.600"
X-5441,CCDC124,115098.0,MutNovel,"A14V,0.492"
X-5441,CCDC142,84865.0,MutNovel,"R522Q,0.655"
X-5441,CCDC149,91050.0,MutNovel,"L335I,0.464"
X-5441,CCDC15,80071.0,MutKnownFunctional,"R90*,0.778"
X-5441,CCDC157,550631.0,MutKnownFunctional,"Q232*,0.550"
X-5441,CCDC171,,MutNovel,"A545T,0.467"
X-5441,CCDC171,,MutNovel,"R1228Q,0.611"
X-5441,CCDC19,25790.0,MutNovel,"R424W,0.421"
X-5441,CCDC24,149473.0,MutKnownFunctional,"-253,0.506"
X-5441,CCDC40,55036.0,MutNovel,"R615H,0.529"
X-5441,CCDC43,124808.0,MutKnownFunctional,"-216,0.814"
X-5441,CCDC51,79714.0,MutNovel,"R165P,0.566"
X-5441,CCDC64B,146439.0,MutNovel,"R259Q,0.885"
X-5441,CCDC88C,440193.0,MutNovel,"P1623L,0.560"
X-5441,CCDC90A,63933.0,MutNovel,"T320A,0.478"
X-5441,CCDC97,90324.0,MutNovel,"R116H,0.387"
X-5441,CCND2,894.0,MutNovel,"R285W,0.349"
X-5441,CCPG1,9236.0,MutKnownFunctional,"-731?,0.521"
X-5441,CCPG1,9236.0,MutKnownFunctional,"-422,0.280"
X-5441,CCRN4L,25819.0,MutKnownFunctional,"-43,0.588"
X-5441,CCT2,10576.0,MutNovel,"A523V,0.468"
X-5441,CD2BP2,10421.0,MutNovel,"D54E,0.500"
X-5441,CDC14B,8555.0,MutNovel,"R272C,0.560"
X-5441,CDC16,8881.0,MutNovel,"H264R,0.498"
X-5441,CDC23,8697.0,MutNovel,"R551Q,0.482"
X-5441,CDC23,8697.0,MutNovel,"R330H,0.515"
X-5441,CDC25A,993.0,MutNovel,"R487W,0.536"
X-5441,CDC42BPB,9578.0,MutNovel,"R100Q,0.460"
X-5441,CDC42BPG,55561.0,MutNovel,"R1409H,0.473"
X-5441,CDC42EP1,11135.0,MutNovel,"PAPAANPS253P,1.000"
X-5441,CDC7,8317.0,MutKnownFunctional,"-28,0.421"
X-5441,CDCA2,157313.0,MutNovel,"V954I,0.644"
X-5441,CDCA7L,55536.0,MutNovel,"D362N,0.474"
X-5441,CDH24,64403.0,MutKnownFunctional,"-712,0.543"
X-5441,CDHR1,92211.0,MutNovel,"V494I,0.333"
X-5441,CDK10,8558.0,MutNovel,"R85Q,0.504"
X-5441,CDK11A,728642.0,MutNovel,"R132Q,0.700"
X-5441,CDK13,8621.0,MutNovel,"R434H,0.557"
X-5441,CDK13,8621.0,MutNovel,"R1251Q,0.515"
X-5441,CDK5RAP2,55755.0,MutNovel,"R1420Q,0.590"
X-5441,CDK5RAP2,55755.0,MutNovel,"P1188L,0.504"
X-5441,CDK9,1025.0,MutNovel,"R172W,0.515"
X-5441,CDKN1C,1028.0,MutNovel,"APVAV171V,0.833"
X-5441,CDRT1,374286.0,MutNovel,"R553Q,0.460"
X-5441,CDSN,1041.0,MutNovel,"T110M,0.457"
X-5441,CEACAM8,1088.0,MutNovel,"L203F,1.000"
X-5441,CEACAM8,1088.0,MutNovel,"S151N,0.667"
X-5441,CEACAM8,1088.0,MutNovel,"I149M,0.667"
X-5441,CECR5,27440.0,MutNovel,"G275D,0.524"
X-5441,CELSR1,9620.0,MutKnownFunctional,"-1602,0.526"
X-5441,CELSR2,1952.0,MutNovel,"P1536L,0.652"
X-5441,CENPB,1059.0,MutKnownFunctional,"-149,0.249"
X-5441,CENPC1,1060.0,MutNovel,"R526H,0.569"
X-5441,CENPT,80152.0,MutKnownFunctional,"-252,0.474"
X-5441,CEP192,55125.0,MutNovel,"T2177A,0.425"
X-5441,CEP290,80184.0,MutKnownFunctional,"-2290,0.500"
X-5441,CEP290,80184.0,MutNovel,"M239I,1.000"
X-5441,CERK,64781.0,MutKnownFunctional,"-476,0.532"
X-5441,CGREF1,10669.0,MutNovel,"R70Q,0.376"
X-5441,CHCHD2,51142.0,MutNovel,"G129D,0.476"
X-5441,CHD2,1106.0,MutKnownFunctional,"-172,0.504"
X-5441,CHD8,57680.0,MutNovel,"R1533C,0.537"
X-5441,CHD8,57680.0,MutNovel,"A468G,0.235"
X-5441,CHD9,80205.0,MutNovel,"R543C,0.500"
X-5441,CHD9,80205.0,MutNovel,"S1399P,0.444"
X-5441,CHD9,80205.0,MutNovel,"P2501L,0.518"
X-5441,CHDH,55349.0,MutNovel,"V527M,0.359"
X-5441,CHERP,10523.0,MutNovel,"P631L,0.427"
X-5441,CHM,1121.0,MutNovel,"R32Q,1.000"
X-5441,CHPF,79586.0,MutNovel,"A692V,0.522"
X-5441,CHST14,113189.0,MutNovel,"A30T,0.455"
X-5441,CIT,11113.0,MutNovel,"E1327K,0.548"
X-5441,CIZ1,25792.0,MutNovel,"P667S,0.411"
X-5441,CIZ1,25792.0,MutNovel,"P475S,0.470"
X-5441,CKB,1152.0,MutNovel,"C146Y,0.435"
X-5441,CLASP1,23332.0,MutNovel,"R142C,0.411"
X-5441,CLASRP,11129.0,MutNovel,"R528H,0.519"
X-5441,CLCC1,23155.0,MutKnownFunctional,"-427,0.204"
X-5441,CLCN3,1182.0,MutNovel,"V771M,0.209"
X-5441,CLCNKA,1187.0,MutNovel,"G57R,0.455"
X-5441,CLDN9,9080.0,MutKnownFunctional,"-178,1.000"
X-5441,CLIC1,1192.0,MutNovel,"E4Q,0.365"
X-5441,CLOCK,9575.0,MutKnownFunctional,"-123,0.867"
X-5441,CLP1,10978.0,MutNovel,"G77S,0.517"
X-5441,CLSTN1,22883.0,MutNovel,"G44S,0.492"
X-5441,CLSTN3,9746.0,MutNovel,"S337N,0.651"
X-5441,CLSTN3,9746.0,MutNovel,"P890H,0.276"
X-5441,CLTA,1211.0,MutNovel,"L246V,0.398"
X-5441,CLTCL1,8218.0,MutNovel,"R1453Q,0.333"
X-5441,CLU,1191.0,MutNovel,"R385Q,0.467"
X-5441,CMIP,80790.0,MutNovel,"R451H,0.536"
X-5441,CNGA1,1259.0,MutNovel,"V455A,0.571"
X-5441,CNNM4,26504.0,MutNovel,"E412K,0.534"
X-5441,CNOT1,23019.0,MutNovel,"F1543-,0.737"
X-5441,CNOT3,4849.0,MutNovel,"P328L,0.619"
X-5441,CNOT6,57472.0,MutNovel,"D370G,0.447"
X-5441,CNOT6L,246175.0,MutNovel,"M23I,0.510"
X-5441,CNPPD1,27013.0,MutNovel,"Q287H,0.526"
X-5441,CNPPD1,27013.0,MutKnownFunctional,"Q218*,0.553"
X-5441,CNTD2,79935.0,MutNovel,"D263H,0.729"
X-5441,CNTNAP1,8506.0,MutKnownFunctional,"R1226*,0.469"
X-5441,CNTRL,11064.0,MutNovel,"R2242C,0.486"
X-5441,CNTROB,116840.0,MutKnownFunctional,"-920,0.474"
X-5441,COG1,9382.0,MutKnownFunctional,"W974*,0.455"
X-5441,COIL,8161.0,MutNovel,"R410W,0.600"
X-5441,COIL,8161.0,MutKnownFunctional,"-304,0.455"
X-5441,COIL,8161.0,MutKnownFunctional,"-196,0.520"
X-5441,COL16A1,1307.0,MutNovel,"A1212T,0.433"
X-5441,COL16A1,1307.0,MutNovel,"A26T,0.241"
X-5441,COL18A1,80781.0,MutNovel,"G884A,0.923"
X-5441,COL1A1,1277.0,MutNovel,"R493H,0.538"
X-5441,COL27A1,85301.0,MutNovel,"P1528S,0.750"
X-5441,COL4A3BP,10087.0,MutNovel,"R286C,0.505"
X-5441,COL4A4,1286.0,MutNovel,"G960R,0.300"
X-5441,COL6A1,1291.0,MutNovel,"A492T,0.934"
X-5441,COL7A1,1294.0,MutKnownFunctional,"-2027,1.000"
X-5441,COMMD5,28991.0,MutNovel,"C218Y,0.452"
X-5441,COPS7A,50813.0,MutNovel,"R164C,0.492"
X-5441,COQ3,51805.0,MutKnownFunctional,"-366,0.484"
X-5441,COQ5,84274.0,MutNovel,"P104L,0.398"
X-5441,CORO1A,11151.0,MutNovel,"H341Y,0.625"
X-5441,CORO1B,57175.0,MutNovel,"A489V,0.586"
X-5441,CORO2A,7464.0,MutNovel,"S334Y,0.407"
X-5441,COX15,1355.0,MutNovel,"S98L,0.541"
X-5441,COX18,285521.0,MutNovel,"C165Y,0.497"
X-5441,CP,1356.0,MutNovel,"G650D,1.000"
X-5441,CPEB4,80315.0,MutNovel,"R318S,0.429"
X-5441,CPEB4,80315.0,MutNovel,"R642H,0.446"
X-5441,CPEB4,80315.0,MutNovel,"R727C,0.714"
X-5441,CPNE7,27132.0,MutNovel,"R66Q,0.393"
X-5441,CPS1,1373.0,MutNovel,"A1309T,0.517"
X-5441,CPT1B,1375.0,MutNovel,"V8M,0.603"
X-5441,CREB3L1,90993.0,MutNovel,"P134R,0.566"
X-5441,CREBBP,1387.0,MutNovel,"F1921L,0.222"
X-5441,CREBBP,1387.0,MutNovel,"S437T,0.308"
X-5441,CRELD2,79174.0,MutNovel,"S256L,0.318"
X-5441,CROCC,9696.0,MutKnownFunctional,"Q120*,0.643"
X-5441,CRY2,1408.0,MutNovel,"A281T,0.767"
X-5441,CRY2,1408.0,MutNovel,"A497T,0.330"
X-5441,CRYBA2,1412.0,MutNovel,"N104I,0.842"
X-5441,CRYL1,51084.0,MutNovel,"A45T,0.437"
X-5441,CSGALNACT1,55790.0,MutNovel,"M499I,0.605"
X-5441,CSNK1D,1453.0,MutNovel,"R168H,0.506"
X-5441,CSNK1G2,1455.0,MutNovel,"R231C,0.480"
X-5441,CSNK2A2,1459.0,MutNovel,"S150N,0.309"
X-5441,CSPG4,1464.0,MutNovel,"E2126D,0.800"
X-5441,CSPG4,1464.0,MutNovel,"P819S,1.000"
X-5441,CSPP1,79848.0,MutNovel,"A689V,0.405"
X-5441,CSRNP1,64651.0,MutNovel,"V414M,0.357"
X-5441,CTDSPL,10217.0,MutKnownFunctional,"-238,0.444"
X-5441,CTNNB1,1499.0,MutNovel,"A284D,0.583"
X-5441,CTR9,9646.0,MutNovel,"R839Q,0.599"
X-5441,CTSA,5476.0,MutNovel,"L29-,1.000"
X-5441,CTSB,1508.0,MutNovel,"G193S,0.528"
X-5441,CTSC,1075.0,MutNovel,"I87V,0.549"
X-5441,CTSL2,1515.0,MutNovel,"G156R,0.613"
X-5441,CTU2,348180.0,MutNovel,"S326F,0.400"
X-5441,CTU2,348180.0,MutNovel,"P429L,0.453"
X-5441,CUBN,8029.0,MutNovel,"A2131T,1.000"
X-5441,CUEDC1,404093.0,MutNovel,"N48H,0.412"
X-5441,CUL9,23113.0,MutNovel,"R1063H,0.387"
X-5441,CUX1,1523.0,MutNovel,"A780V,0.600"
X-5441,CWC22,57703.0,MutNovel,"N98S,0.537"
X-5441,CWC25,54883.0,MutNovel,"R45Q,0.549"
X-5441,CYB561D2,11068.0,MutNovel,"A127V,0.459"
X-5441,CYB5B,80777.0,MutKnownFunctional,"-114,0.262"
X-5441,CYFIP1,23191.0,MutNovel,"A834V,0.568"
X-5441,CYHR1,50626.0,MutKnownFunctional,"-144,0.519"
X-5441,CYP19A1,1588.0,MutNovel,"E176D,0.382"
X-5441,CYP27A1,1593.0,MutNovel,"I182V,0.545"
X-5441,DAAM1,23002.0,MutNovel,"G396D,0.260"
X-5441,DAB2IP,153090.0,MutNovel,"R216C,0.457"
X-5441,DAB2IP,153090.0,MutNovel,"R301C,0.540"
X-5441,DAB2IP,153090.0,MutNovel,"E706K,0.498"
X-5441,DAB2IP,153090.0,MutNovel,"P736L,0.454"
X-5441,DAB2IP,153090.0,MutNovel,"R973C,0.535"
X-5441,DAGLA,747.0,MutNovel,"A478T,0.385"
X-5441,DALRD3,55152.0,MutNovel,"P457L,0.496"
X-5441,DAPK1,1612.0,MutNovel,"R713M,0.517"
X-5441,DAPK1,1612.0,MutKnownFunctional,"-1272,0.506"
X-5441,DAXX,1616.0,MutNovel,"S695P,0.565"
X-5441,DAZAP1,26528.0,MutKnownFunctional,"-381,0.873"
X-5441,DBF4,10926.0,MutKnownFunctional,"R584*,0.583"
X-5441,DBNDD2,55861.0,MutNovel,"TS217T,0.506"
X-5441,DCAF10,79269.0,MutKnownFunctional,"R451*,0.568"
X-5441,DCBLD2,131566.0,MutNovel,"N155D,0.326"
X-5441,DCST2,127579.0,MutNovel,"D196N,0.438"
X-5441,DCTN2,10540.0,MutNovel,"E333K,0.519"
X-5441,DDC,1644.0,MutNovel,"A78T,0.367"
X-5441,DDIT4,54541.0,MutNovel,"A196V,0.410"
X-5441,DDR1,780.0,MutNovel,"V220M,0.540"
X-5441,DDR2,4921.0,MutNovel,"R668C,0.375"
X-5441,DDX1,1653.0,MutNovel,"V705A,0.480"
X-5441,DDX20,11218.0,MutNovel,"P30T,0.371"
X-5441,DDX21,9188.0,MutNovel,"R304H,0.504"
X-5441,DDX3Y,8653.0,MutNovel,"A613D,1.000"
X-5441,DDX5,1655.0,MutNovel,"E408D,0.432"
X-5441,DDX50,79009.0,MutKnownFunctional,"-207,0.396"
X-5441,DDX52,11056.0,MutNovel,"S129C,0.250"
X-5441,DDX52,11056.0,MutKnownFunctional,"-90,0.269"
X-5441,DEF8,54849.0,MutNovel,"P134T,0.559"
X-5441,DENND1A,57706.0,MutNovel,"T777M,0.558"
X-5441,DENND4B,9909.0,MutNovel,"QQQ908-,0.214"
X-5441,DENND5A,23258.0,MutNovel,"T1221I,0.867"
X-5441,DEPDC1B,55789.0,MutNovel,"V484A,0.462"
X-5441,DFFA,1676.0,MutNovel,"A35T,0.447"
X-5441,DGCR6,8214.0,MutKnownFunctional,"-159,0.509"
X-5441,DGKA,1606.0,MutKnownFunctional,"-724,0.472"
X-5441,DGKD,8527.0,MutKnownFunctional,"R1081*,0.551"
X-5441,DGKD,8527.0,MutNovel,"L1092F,0.658"
X-5441,DGKZ,8525.0,MutKnownFunctional,"-255,0.500"
X-5441,DHRS2,10202.0,MutNovel,"V292I,0.458"
X-5441,DHRS3,9249.0,MutKnownFunctional,"-303,0.416"
X-5441,DHRS9,10170.0,MutKnownFunctional,"-221,0.407"
X-5441,DHRSX,207063.0,MutNovel,"P346L,0.383"
X-5441,DHX16,8449.0,MutNovel,"R227W,0.502"
X-5441,DHX34,9704.0,MutKnownFunctional,"-1097,0.265"
X-5441,DHX36,170506.0,MutNovel,"V350-,0.491"
X-5441,DHX37,57647.0,MutKnownFunctional,"-1153,0.471"
X-5441,DHX37,57647.0,MutNovel,"L384V,0.485"
X-5441,DICER1,23405.0,MutNovel,"T806M,0.471"
X-5441,DIDO1,11083.0,MutKnownFunctional,"-1199?,0.468"
X-5441,DIO3,1735.0,MutNovel,"G238S,0.615"
X-5441,DIP2A,23181.0,MutNovel,"R1242C,0.508"
X-5441,DIS3L,115752.0,MutNovel,"P32H,0.528"
X-5441,DISP1,84976.0,MutNovel,"R1061C,0.375"
X-5441,DISP1,84976.0,MutNovel,"D1275N,0.481"
X-5441,DISP2,85455.0,MutKnownFunctional,"-724,0.562"
X-5441,DISP2,85455.0,MutKnownFunctional,"R1148*,0.389"
X-5441,DLG5,9231.0,MutNovel,"R595W,0.225"
X-5441,DLL1,28514.0,MutNovel,"A627T,0.700"
X-5441,DMBT1,1755.0,MutNovel,"V518M,0.487"
X-5441,DMBT1,1755.0,MutNovel,"S1095P,1.000"
X-5441,DMBT1,1755.0,MutNovel,"R1176W,0.833"
X-5441,DMBT1,1755.0,MutNovel,"S1224P,0.750"
X-5441,DMBT1,1755.0,MutNovel,"Q1227R,0.750"
X-5441,DMBT1,1755.0,MutNovel,"S1231T,0.800"
X-5441,DMBT1,1755.0,MutNovel,"R1305W,1.000"
X-5441,DMBT1,1755.0,MutNovel,"R1434W,0.889"
X-5441,DMKN,93099.0,MutNovel,"R434C,0.800"
X-5441,DMRT2,10655.0,MutNovel,"P41L,0.465"
X-5441,DMTF1,9988.0,MutKnownFunctional,"-413,0.483"
X-5441,DMXL1,1657.0,MutKnownFunctional,"W1000*,0.409"
X-5441,DMXL2,23312.0,MutKnownFunctional,"-2920?,0.450"
X-5441,DNA2,1763.0,MutKnownFunctional,"-779,0.412"
X-5441,DNAAF3,,MutNovel,"A357V,0.333"
X-5441,DNAH10,196385.0,MutKnownFunctional,"-2908,0.889"
X-5441,DNAH5,1767.0,MutNovel,"D2669N,1.000"
X-5441,DNAH7,56171.0,MutNovel,"V1559A,0.714"
X-5441,DNAJC1,64215.0,MutKnownFunctional,"-550?,0.471"
X-5441,DNAJC10,54431.0,MutNovel,"E752K,0.452"
X-5441,DND1,373863.0,MutNovel,"I62V,0.529"
X-5441,DNHD1,144132.0,MutNovel,"R2658W,0.677"
X-5441,DNHD1,144132.0,MutNovel,"R4558H,0.423"
X-5441,DNHD1,144132.0,MutNovel,"R4591H,0.385"
X-5441,DNMBP,23268.0,MutKnownFunctional,"R1527*,0.586"
X-5441,DNMT1,1786.0,MutNovel,"E578G,0.290"
X-5441,DNMT1,1786.0,MutNovel,"A356T,0.491"
X-5441,DNMT3A,1788.0,MutNovel,"R720H,0.364"
X-5441,DNMT3A,1788.0,MutNovel,"R326H,0.900"
X-5441,DNPEP,23549.0,MutNovel,"R114C,0.496"
X-5441,DOCK5,80005.0,MutNovel,"T1808A,0.456"
X-5441,DOCK6,57572.0,MutNovel,"N1844S,0.494"
X-5441,DONSON,29980.0,MutNovel,"S28R,0.550"
X-5441,DOPEY1,23033.0,MutNovel,"R2200H,0.728"
X-5441,DOT1L,84444.0,MutNovel,"S1520L,0.435"
X-5441,DPP9,91039.0,MutNovel,"V787I,0.791"
X-5441,DPP9,91039.0,MutNovel,"D42N,0.254"
X-5441,DQX1,165545.0,MutNovel,"T492I,0.550"
X-5441,DRAM1,55332.0,MutNovel,"A111T,0.407"
X-5441,DROSHA,29102.0,MutNovel,"P161Q,0.375"
X-5441,DRP2,1821.0,MutKnownFunctional,"R320*,1.000"
X-5441,DSCAML1,57453.0,MutNovel,"S1485N,1.000"
X-5441,DSCR3,10311.0,MutNovel,"T230M,0.621"
X-5441,DSG2,1829.0,MutNovel,"G752W,0.528"
X-5441,DSP,1832.0,MutKnownFunctional,"-1774,0.257"
X-5441,DSP,1832.0,MutNovel,"R2752W,0.308"
X-5441,DSP,1832.0,MutNovel,"G2840R,0.293"
X-5441,DTL,51514.0,MutKnownFunctional,"R678*,0.270"
X-5441,DTX2,113878.0,MutNovel,"A17V,0.536"
X-5441,DTX3L,151636.0,MutKnownFunctional,"G738*,0.426"
X-5441,DTYMK,1841.0,MutNovel,"E189D,0.496"
X-5441,DUOX1,53905.0,MutNovel,"R1248H,0.572"
X-5441,DUOX2,50506.0,MutNovel,"G578D,0.545"
X-5441,DUSP12,11266.0,MutNovel,"S22G,0.299"
X-5441,DUSP16,80824.0,MutNovel,"P144T,0.469"
X-5441,DVL1,1855.0,MutKnownFunctional,"-631,0.505"
X-5441,DVL2,1856.0,MutKnownFunctional,"-547?,0.256"
X-5441,DVL2,1856.0,MutNovel,"G191R,0.361"
X-5441,DVL3,1857.0,MutKnownFunctional,"-663,0.511"
X-5441,DYNC1H1,1778.0,MutNovel,"G4290R,0.806"
X-5441,DYRK4,8798.0,MutNovel,"A495V,0.494"
X-5441,DYSF,8291.0,MutNovel,"R2080L,0.429"
X-5441,EBNA1BP2,10969.0,MutNovel,"A113T,0.510"
X-5441,ECE1,1889.0,MutNovel,"R490Q,0.494"
X-5441,EDEM3,80267.0,MutNovel,"R283Q,0.451"
X-5441,EEF1D,1936.0,MutNovel,"P215L,0.415"
X-5441,EEF1E1,9521.0,MutNovel,"R144H,0.347"
X-5441,EFNA1,1942.0,MutNovel,"A167T,0.508"
X-5441,EHD4,30844.0,MutNovel,"V529M,0.532"
X-5441,EHMT2,10919.0,MutNovel,"R1053H,0.318"
X-5441,EHMT2,10919.0,MutNovel,"T975M,0.229"
X-5441,EHMT2,10919.0,MutNovel,"A875T,0.333"
X-5441,EIF2AK4,440275.0,MutNovel,"V439I,0.469"
X-5441,EIF2B4,8890.0,MutNovel,"KK69K,0.511"
X-5441,EIF2C1,26523.0,MutNovel,"P525L,0.361"
X-5441,EIF4G1,1981.0,MutNovel,"L953M,0.799"
X-5441,EIF4G3,8672.0,MutNovel,"I647V,0.596"
X-5441,ELAVL1,1994.0,MutNovel,"N282S,0.506"
X-5441,ELF1,1997.0,MutKnownFunctional,"-619,0.524"
X-5441,ELF4,2000.0,MutKnownFunctional,"-341,1.000"
X-5441,ELF4,2000.0,MutNovel,"T318M,1.000"
X-5441,ELK3,2004.0,MutNovel,"S216L,0.325"
X-5441,ELK4,2005.0,MutNovel,"I142M,0.542"
X-5441,ELMO3,79767.0,MutNovel,"R739H,0.568"
X-5441,ELP2,55250.0,MutNovel,"R184L,0.714"
X-5441,EMC3,,MutNovel,"E226A,0.449"
X-5441,ENO4,387712.0,MutNovel,"P604L,0.600"
X-5441,ENTPD4,9583.0,MutNovel,"R166Q,0.599"
X-5441,EP400,57634.0,MutNovel,"R810H,0.429"
X-5441,EPAS1,2034.0,MutKnownFunctional,"-631,1.000"
X-5441,EPB41L3,23136.0,MutNovel,"R407C,0.459"
X-5441,EPC1,80314.0,MutNovel,"S733G,0.504"
X-5441,EPHA10,284656.0,MutKnownFunctional,"-962,0.333"
X-5441,EPHA2,1969.0,MutNovel,"R861C,0.308"
X-5441,EPN1,29924.0,MutNovel,"A163T,0.823"
X-5441,EPPK1,83481.0,MutNovel,"V1194I,0.900"
X-5441,EPS8,2059.0,MutNovel,"A771V,0.473"
X-5441,EPS8L1,54869.0,MutKnownFunctional,"-719,0.254"
X-5441,EPS8L3,79574.0,MutKnownFunctional,"-274,0.364"
X-5441,ERBB2,2064.0,MutNovel,"T694M,0.435"
X-5441,ERBB2IP,55914.0,MutNovel,"R1076Q,0.466"
X-5441,ERBB3,2065.0,MutLikelyFunctional,"V104M,0.531"
X-5441,ERBB3,2065.0,MutNovel,"R475W,0.484"
X-5441,ERBB3,2065.0,MutNovel,"T1141A,0.472"
X-5441,ERCC6,2074.0,MutNovel,"S1264I,0.444"
X-5441,ESPL1,9700.0,MutNovel,"R1586W,0.492"
X-5441,ESYT3,83850.0,MutNovel,"R768Q,0.450"
X-5441,ESYT3,83850.0,MutNovel,"V773M,0.474"
X-5441,EVPL,2125.0,MutNovel,"R1195H,0.469"
X-5441,EVPL,2125.0,MutNovel,"R212Q,0.500"
X-5441,EWSR1,2130.0,MutKnownFunctional,"-279?,0.210"
X-5441,EWSR1,2130.0,MutNovel,"R577L,0.807"
X-5441,EXOC3L1,283849.0,MutNovel,"A332V,0.800"
X-5441,EXOC4,60412.0,MutNovel,"R56C,0.392"
X-5441,EXOC4,60412.0,MutNovel,"R325Q,0.593"
X-5441,EXOC6,54536.0,MutNovel,"L403S,0.495"
X-5441,EXOSC4,54512.0,MutNovel,"A197V,0.464"
X-5441,EXOSC9,5393.0,MutNovel,"R212Q,0.447"
X-5441,EXPH5,23086.0,MutNovel,"G470R,0.418"
X-5441,EXT1,2131.0,MutKnownFunctional,"-83,0.363"
X-5441,EXT2,2132.0,MutNovel,"L62I,0.492"
X-5441,EZR,7430.0,MutNovel,"R529W,0.486"
X-5441,FAHD2B,151313.0,MutKnownFunctional,"-281,0.492"
X-5441,FAHD2B,151313.0,MutKnownFunctional,"-210?,0.492"
X-5441,FAM105A,54491.0,MutNovel,"T8M,0.537"
X-5441,FAM109A,144717.0,MutKnownFunctional,"-236,0.429"
X-5441,FAM109B,150368.0,MutKnownFunctional,"-27?,0.507"
X-5441,FAM114A2,10827.0,MutNovel,"S171N,0.500"
X-5441,FAM120A,23196.0,MutNovel,"R967Q,0.518"
X-5441,FAM129B,64855.0,MutKnownFunctional,"R616*,0.522"
X-5441,FAM131B,9715.0,MutNovel,"A316V,0.900"
X-5441,FAM13A,10144.0,MutNovel,"P694T,0.492"
X-5441,FAM13B,51306.0,MutNovel,"S834P,0.533"
X-5441,FAM13C,220965.0,MutNovel,"R529W,1.000"
X-5441,FAM160A2,84067.0,MutNovel,"T778M,0.537"
X-5441,FAM160A2,84067.0,MutNovel,"R287Q,0.497"
X-5441,FAM161B,145483.0,MutNovel,"R402Q,0.269"
X-5441,FAM171A1,221061.0,MutNovel,"A284T,0.548"
X-5441,FAM189A2,9413.0,MutKnownFunctional,"-29,0.500"
X-5441,FAM193B,54540.0,MutNovel,"S327L,0.497"
X-5441,FAM207A,85395.0,MutNovel,"E153K,0.479"
X-5441,FAM20C,56975.0,MutNovel,"A310V,0.473"
X-5441,FAM214A,56204.0,MutKnownFunctional,"-681,0.435"
X-5441,FAM219A,,MutKnownFunctional,"-164,0.491"
X-5441,FAM21A,387680.0,MutNovel,"A1318T,1.000"
X-5441,FAM46C,54855.0,MutNovel,"R24Q,0.481"
X-5441,FAM50A,9130.0,MutNovel,"R109H,1.000"
X-5441,FAM57A,79850.0,MutNovel,"R205H,0.433"
X-5441,FAM60A,58516.0,MutKnownFunctional,"-73,0.296"
X-5441,FAM65A,79567.0,MutNovel,"P892T,0.409"
X-5441,FAM76B,143684.0,MutKnownFunctional,"-42?,0.235"
X-5441,FAM83E,54854.0,MutNovel,"T178M,0.497"
X-5441,FAM83F,113828.0,MutNovel,"R189Q,0.736"
X-5441,FAM83H,286077.0,MutNovel,"G595V,0.554"
X-5441,FANCA,2175.0,MutNovel,"C837Y,0.485"
X-5441,FANCD2,2177.0,MutNovel,"A582T,0.495"
X-5441,FANCI,55215.0,MutNovel,"H1204Q,0.758"
X-5441,FARS2,10667.0,MutNovel,"R68Q,0.577"
X-5441,FASTK,10922.0,MutKnownFunctional,"-338,0.255"
X-5441,FASTK,10922.0,MutNovel,"A111T,0.330"
X-5441,FASTKD2,22868.0,MutNovel,"D630Y,0.517"
X-5441,FAT1,2195.0,MutNovel,"E3176K,0.468"
X-5441,FAU,2197.0,MutNovel,"R114W,0.538"
X-5441,FBLIM1,54751.0,MutNovel,"P141S,0.517"
X-5441,FBRS,64319.0,MutNovel,"R257W,0.372"
X-5441,FBRSL1,57666.0,MutNovel,"G712D,0.476"
X-5441,FBRSL1,57666.0,MutKnownFunctional,"-963?,0.506"
X-5441,FBRSL1,57666.0,MutNovel,"PA991P,0.491"
X-5441,FBRSL1,57666.0,MutKnownFunctional,"-1000,0.566"
X-5441,FBXL19,54620.0,MutNovel,"R370Q,0.225"
X-5441,FBXL3,26224.0,MutKnownFunctional,"-295,0.500"
X-5441,FBXO34,55030.0,MutKnownFunctional,"-483?,0.471"
X-5441,FBXO46,23403.0,MutNovel,"V373M,0.494"
X-5441,FBXW10,10517.0,MutNovel,"V904A,0.600"
X-5441,FBXW11,23291.0,MutKnownFunctional,"W154*,0.221"
X-5441,FCAMR,83953.0,MutNovel,"EG324G,0.368"
X-5441,FCGBP,8857.0,MutNovel,"R3526G,1.000"
X-5441,FCGBP,8857.0,MutNovel,"A933D,0.535"
X-5441,FEM1B,10116.0,MutNovel,"L65I,0.360"
X-5441,FEN1,2237.0,MutNovel,"R19W,0.420"
X-5441,FERMT2,10979.0,MutNovel,"A481V,0.571"
X-5441,FGD3,89846.0,MutNovel,"G644S,0.500"
X-5441,FGF17,8822.0,MutNovel,"T92M,0.833"
X-5441,FGFBP3,143282.0,MutNovel,"A25V,0.600"
X-5441,FHOD1,29109.0,MutKnownFunctional,"-585,0.250"
X-5441,FIBP,9158.0,MutNovel,"R183H,0.435"
X-5441,FKBP4,2288.0,MutNovel,"R373W,0.480"
X-5441,FKBP8,23770.0,MutNovel,"R290C,0.427"
X-5441,FKBPL,63943.0,MutNovel,"G284D,0.371"
X-5441,FLAD1,80308.0,MutKnownFunctional,"-96,0.491"
X-5441,FLAD1,80308.0,MutNovel,"A510T,0.418"
X-5441,FLJ22184,80164.0,MutNovel,"A1079T,1.000"
X-5441,FLJ23152,401236.0,MutNovel,"R221K,0.273"
X-5441,FLNA,2316.0,MutNovel,"A1282T,1.000"
X-5441,FLNC,2318.0,MutNovel,"A1081T,0.462"
X-5441,FLNC,2318.0,MutNovel,"G1232R,0.432"
X-5441,FLRT3,23767.0,MutNovel,"T419S,0.562"
X-5441,FMOD,2331.0,MutNovel,"P243S,0.540"
X-5441,FNDC3B,64778.0,MutNovel,"R801M,0.456"
X-5441,FOCAD,,MutNovel,"L1020R,0.477"
X-5441,FOSL1,8061.0,MutKnownFunctional,"-231,0.500"
X-5441,FOSL2,2355.0,MutNovel,"LE159L,0.395"
X-5441,FOXA2,3170.0,MutNovel,"A276T,0.556"
X-5441,FOXA2,3170.0,MutNovel,"M43V,0.600"
X-5441,FOXK1,221937.0,MutNovel,"A311V,0.417"
X-5441,FOXM1,2305.0,MutKnownFunctional,"-708,0.509"
X-5441,FOXM1,2305.0,MutNovel,"P596L,0.476"
X-5441,FOXN3,1112.0,MutKnownFunctional,"-96,0.500"
X-5441,FRMD4A,55691.0,MutNovel,"T674M,0.714"
X-5441,FSCN2,25794.0,MutNovel,"R482H,0.351"
X-5441,FTSJD1,55783.0,MutKnownFunctional,"-551?,0.509"
X-5441,FTSJD2,23070.0,MutNovel,"V826I,0.412"
X-5441,FUCA2,2519.0,MutNovel,"R202W,0.452"
X-5441,FUT2,2524.0,MutNovel,"T65M,0.346"
X-5441,FUT5,2527.0,MutNovel,"I369K,0.833"
X-5441,FUT5,2527.0,MutNovel,"E261K,0.267"
X-5441,FUT5,2527.0,MutNovel,"A118M,0.556"
X-5441,FUT5,2527.0,MutNovel,"A118T,0.714"
X-5441,FXR2,9513.0,MutNovel,"R597Q,0.491"
X-5441,FYN,2534.0,MutNovel,"F353L,0.462"
X-5441,FZD3,7976.0,MutNovel,"R183C,0.667"
X-5441,FZD7,8324.0,MutKnownFunctional,"Q506*,0.558"
X-5441,G6PC3,92579.0,MutNovel,"A285V,0.429"
X-5441,GABBR1,2550.0,MutNovel,"R98Q,1.000"
X-5441,GAD1,2571.0,MutNovel,"N126K,0.412"
X-5441,GALNS,2588.0,MutNovel,"G387D,0.630"
X-5441,GALNT12,79695.0,MutNovel,"G51A,0.333"
X-5441,GALNT6,11226.0,MutNovel,"R389W,0.341"
X-5441,GALNTL4,374378.0,MutNovel,"R379W,0.410"
X-5441,GAN,8139.0,MutNovel,"R567H,0.324"
X-5441,GANAB,23193.0,MutNovel,"A628T,0.519"
X-5441,GARNL3,84253.0,MutNovel,"Y591C,0.786"
X-5441,GAS2,2620.0,MutNovel,"R251C,0.222"
X-5441,GAS2L3,283431.0,MutNovel,"A402T,0.467"
X-5441,GATAD2B,57459.0,MutNovel,"R424H,0.485"
X-5441,GATAD2B,57459.0,MutNovel,"T328M,0.598"
X-5441,GATAD2B,57459.0,MutNovel,"R10C,0.459"
X-5441,GATS,352954.0,MutNovel,"A111T,0.394"
X-5441,GBAS,2631.0,MutKnownFunctional,"W96*,0.365"
X-5441,GBF1,8729.0,MutNovel,"A1008T,0.348"
X-5441,GBF1,8729.0,MutNovel,"V1483M,0.510"
X-5441,GCFC2,6936.0,MutKnownFunctional,"-398,0.294"
X-5441,GCN1L1,10985.0,MutNovel,"S349L,0.448"
X-5441,GDI2,2665.0,MutNovel,"T394I,0.504"
X-5441,GEMIN4,50628.0,MutNovel,"A288V,0.521"
X-5441,GEMIN5,25929.0,MutNovel,"E1334A,0.360"
X-5441,GEMIN7,79760.0,MutNovel,"A117T,0.515"
X-5441,GFOD2,81577.0,MutNovel,"V217I,0.568"
X-5441,GGA2,23062.0,MutNovel,"R583W,0.526"
X-5441,GHITM,27069.0,MutNovel,"R55C,0.492"
X-5441,GID4,,MutNovel,"R35G,0.625"
X-5441,GIGYF1,64599.0,MutKnownFunctional,"-845,0.506"
X-5441,GIGYF1,64599.0,MutKnownFunctional,"-111,0.506"
X-5441,GIGYF2,26058.0,MutNovel,"PQ1231P,1.000"
X-5441,GINM1,,MutNovel,"L192I,0.473"
X-5441,GINS3,64785.0,MutNovel,"R187H,0.486"
X-5441,GIPC1,10755.0,MutKnownFunctional,"-50?,0.266"
X-5441,GLB1L,79411.0,MutNovel,"A598T,0.382"
X-5441,GLI2,2736.0,MutNovel,"P1056S,0.600"
X-5441,GLI3,2737.0,MutKnownFunctional,"-1291?,0.545"
X-5441,GLI3,2737.0,MutNovel,"V1045M,0.667"
X-5441,GLI3,2737.0,MutNovel,"F348V,0.600"
X-5441,GLT25D1,79709.0,MutNovel,"G72S,0.538"
X-5441,GLT8D1,55830.0,MutNovel,"R110W,0.498"
X-5441,GLT8D1,55830.0,MutNovel,"I70V,0.491"
X-5441,GLTSCR1,29998.0,MutNovel,"T274M,0.520"
X-5441,GLTSCR1,29998.0,MutKnownFunctional,"-624,0.588"
X-5441,GMCL1,64395.0,MutNovel,"G2R,0.392"
X-5441,GMIP,51291.0,MutNovel,"E574D,0.495"
X-5441,GMPR,2766.0,MutNovel,"A131V,0.500"
X-5441,GNAZ,2781.0,MutKnownFunctional,"-202?,0.438"
X-5441,GNG12,55970.0,MutKnownFunctional,"-68,0.437"
X-5441,GNPAT,8443.0,MutNovel,"R120Q,0.523"
X-5441,GNPTAB,79158.0,MutNovel,"P1041S,0.824"
X-5441,GNPTG,84572.0,MutKnownFunctional,"Q94*,0.279"
X-5441,GOLGA1,2800.0,MutNovel,"A14V,0.500"
X-5441,GOLGB1,2804.0,MutNovel,"R3243W,0.502"
X-5441,GON4L,54856.0,MutNovel,"ED2212D,0.489"
X-5441,GP1BA,2811.0,MutKnownFunctional,"-376,0.462"
X-5441,GPBP1L1,60313.0,MutNovel,"R448I,0.360"
X-5441,GPR108,56927.0,MutNovel,"R445Q,0.453"
X-5441,GPR108,56927.0,MutNovel,"G184S,0.447"
X-5441,GPR108,56927.0,MutNovel,"P145L,0.556"
X-5441,GPR132,29933.0,MutNovel,"R107H,1.000"
X-5441,GPR137,56834.0,MutNovel,"D312N,0.535"
X-5441,GPR137,56834.0,MutNovel,"R454C,0.544"
X-5441,GPR35,2859.0,MutNovel,"A169T,0.494"
X-5441,GPR39,2863.0,MutNovel,"A385T,0.507"
X-5441,GPR75-ASB3,,MutNovel,"R505H,0.541"
X-5441,GPR98,84059.0,MutNovel,"E3384K,1.000"
X-5441,GPRIN2,9721.0,MutNovel,"-238MRE,0.935"
X-5441,GPS2,2874.0,MutNovel,"E74-,0.500"
X-5441,GRAMD1A,57655.0,MutNovel,"R139H,0.529"
X-5441,GRAMD3,65983.0,MutNovel,"R319G,0.382"
X-5441,GRB2,2885.0,MutNovel,"R179W,0.472"
X-5441,GRB7,2886.0,MutNovel,"R83H,0.500"
X-5441,GRID2IP,392862.0,MutNovel,"R1144W,1.000"
X-5441,GRIN3B,116444.0,MutNovel,"H880N,0.800"
X-5441,GRIPAP1,56850.0,MutNovel,"G766V,1.000"
X-5441,GRIPAP1,56850.0,MutNovel,"R497Q,0.994"
X-5441,GRK6,2870.0,MutNovel,"R440H,0.539"
X-5441,GRWD1,83743.0,MutNovel,"L324F,0.448"
X-5441,GSN,2934.0,MutNovel,"A293V,0.512"
X-5441,GSN,2934.0,MutNovel,"R678C,0.510"
X-5441,GSTZ1,2954.0,MutNovel,"S10Y,0.527"
X-5441,GTF2F1,2962.0,MutNovel,"R101Q,0.554"
X-5441,GTF2IRD1,9569.0,MutNovel,"A62T,0.414"
X-5441,GTF2IRD2B,389524.0,MutNovel,"H252R,0.667"
X-5441,GTF2IRD2B,389524.0,MutNovel,"R434I,0.500"
X-5441,GTF3C2,2976.0,MutNovel,"R495Q,0.430"
X-5441,GTPBP2,54676.0,MutKnownFunctional,"-331,0.274"
X-5441,GTPBP3,84705.0,MutNovel,"R303W,0.548"
X-5441,GUSB,2990.0,MutNovel,"A8S,0.493"
X-5441,GXYLT1,283464.0,MutNovel,"R396H,0.593"
X-5441,H6PD,9563.0,MutNovel,"V399I,0.421"
X-5441,HADHB,3032.0,MutNovel,"T85M,0.463"
X-5441,HAUS3,79441.0,MutKnownFunctional,"-14,0.493"
X-5441,HCFC1,3054.0,MutNovel,"A1745V,1.000"
X-5441,HCFC1,3054.0,MutNovel,"C1357Y,1.000"
X-5441,HDAC1,3065.0,MutNovel,"V308I,0.532"
X-5441,HDAC5,10014.0,MutNovel,"A1067T,0.451"
X-5441,HDAC5,10014.0,MutNovel,"A1022T,0.547"
X-5441,HDAC9,9734.0,MutNovel,"R409Q,0.389"
X-5441,HDLBP,3069.0,MutNovel,"T14S,1.000"
X-5441,HEATR5A,25938.0,MutNovel,"R266K,0.466"
X-5441,HEATR5B,54497.0,MutNovel,"R1276H,0.543"
X-5441,HEATR5B,54497.0,MutNovel,"A376V,0.500"
X-5441,HERC2,8924.0,MutNovel,"R4545Q,0.570"
X-5441,HERC2,8924.0,MutNovel,"P1772L,0.225"
X-5441,HES2,54626.0,MutNovel,"P139S,0.476"
X-5441,HGD,3081.0,MutNovel,"R20L,0.431"
X-5441,HIPK1,204851.0,MutNovel,"V327A,0.213"
X-5441,HIST1H1E,3008.0,MutNovel,"P12A,0.250"
X-5441,HIST1H2AD,3013.0,MutNovel,"A71T,0.600"
X-5441,HIST1H4B,8366.0,MutNovel,"V82A,0.429"
X-5441,HIVEP1,3096.0,MutNovel,"T1374M,0.356"
X-5441,HLA-A,3105.0,MutNovel,"Q21E,0.308"
X-5441,HLA-A,3105.0,MutNovel,"IEQ76MER,0.800"
X-5441,HLA-A,3105.0,MutNovel,"R243W,0.348"
X-5441,HLA-A,3105.0,MutNovel,"D251H,0.308"
X-5441,HLA-B,3106.0,MutNovel,"S304P,0.684"
X-5441,HLA-B,3106.0,MutNovel,"YT33ST,0.995"
X-5441,HLA-E,3133.0,MutNovel,"G286V,0.453"
X-5441,HLA-G,3135.0,MutNovel,"L303Q,1.000"
X-5441,HMCN2,,MutNovel,"A1630T,1.000"
X-5441,HMG20A,10363.0,MutNovel,"R112W,0.542"
X-5441,HNRNPH2,3188.0,MutNovel,"T5M,1.000"
X-5441,HNRNPH3,3189.0,MutNovel,"R129H,0.486"
X-5441,HOOK2,29911.0,MutNovel,"R376Q,0.491"
X-5441,HOXB3,3213.0,MutKnownFunctional,"-34,0.594"
X-5441,HOXB9,3219.0,MutNovel,"N207D,0.304"
X-5441,HOXC10,3226.0,MutNovel,"A50V,0.778"
X-5441,HPS1,3257.0,MutNovel,"V111L,0.251"
X-5441,HPX,3263.0,MutNovel,"P342L,0.542"
X-5441,HS3ST1,9957.0,MutNovel,"G99D,0.508"
X-5441,HSD11B2,3291.0,MutNovel,"R279H,0.465"
X-5441,HSD17B12,51144.0,MutNovel,"A67T,0.500"
X-5441,HSD17B2,3294.0,MutNovel,"P119T,0.528"
X-5441,HSDL1,83693.0,MutNovel,"D113N,0.411"
X-5441,HSPA12A,259217.0,MutNovel,"R284W,0.381"
X-5441,HSPA1B,3304.0,MutNovel,"D206E,0.800"
X-5441,HTRA2,27429.0,MutKnownFunctional,"-114,0.500"
X-5441,HUWE1,10075.0,MutNovel,"R4334C,1.000"
X-5441,HYAL3,8372.0,MutNovel,"Q163H,0.381"
X-5441,HYOU1,10525.0,MutNovel,"C352Y,0.540"
X-5441,IARS2,55699.0,MutNovel,"T303M,0.547"
X-5441,ICAM3,3385.0,MutKnownFunctional,"-211,0.579"
X-5441,IDH3A,3419.0,MutNovel,"G94C,0.519"
X-5441,IER5,51278.0,MutNovel,"G157C,0.341"
X-5441,IFI27L2,83982.0,MutKnownFunctional,"-18?,0.510"
X-5441,IFIH1,64135.0,MutNovel,"R386C,0.354"
X-5441,IFRD1,3475.0,MutNovel,"A96V,0.730"
X-5441,IFT172,26160.0,MutNovel,"R1266W,0.267"
X-5441,IFT46,56912.0,MutNovel,"D257N,0.602"
X-5441,IFT74,80173.0,MutNovel,"R341K,0.348"
X-5441,IGF1R,3480.0,MutNovel,"T500M,0.449"
X-5441,IGF2R,3482.0,MutNovel,"A1074V,0.481"
X-5441,IGFALS,3483.0,MutNovel,"C580Y,0.808"
X-5441,IGHMBP2,3508.0,MutNovel,"G161D,0.531"
X-5441,IGSF3,3321.0,MutNovel,"A1144T,0.648"
X-5441,IGSF8,93185.0,MutKnownFunctional,"R525*,0.537"
X-5441,IGSF8,93185.0,MutKnownFunctional,"-160,0.465"
X-5441,IGSF9,57549.0,MutNovel,"R1154H,0.543"
X-5441,IL17RC,84818.0,MutNovel,"L108I,0.589"
X-5441,IL17RC,84818.0,MutNovel,"A133V,0.617"
X-5441,INCA1,388324.0,MutNovel,"R22Q,0.463"
X-5441,INCENP,3619.0,MutNovel,"T250M,0.588"
X-5441,ING1,3621.0,MutNovel,"L227P,0.495"
X-5441,INO80,54617.0,MutNovel,"E1263D,0.502"
X-5441,INO80,54617.0,MutNovel,"V595M,0.229"
X-5441,INO80B,83444.0,MutNovel,"P17L,0.540"
X-5441,INO80E,283899.0,MutKnownFunctional,"-12?,0.545"
X-5441,INPP5E,56623.0,MutNovel,"R486H,0.547"
X-5441,INSL4,3641.0,MutNovel,"M67I,0.455"
X-5441,INTS1,26173.0,MutNovel,"R2053Q,0.409"
X-5441,INTS1,26173.0,MutNovel,"E1825K,0.520"
X-5441,INTS1,26173.0,MutNovel,"E1742K,0.552"
X-5441,INTS1,26173.0,MutNovel,"G144R,0.869"
X-5441,INTS5,80789.0,MutNovel,"T488M,0.542"
X-5441,INTS6,26512.0,MutNovel,"S295L,0.438"
X-5441,IQCC,55721.0,MutKnownFunctional,"-467,0.488"
X-5441,IQCE,23288.0,MutNovel,"A667V,0.481"
X-5441,IQCH,64799.0,MutNovel,"R443H,0.294"
X-5441,IQGAP1,8826.0,MutNovel,"G1572R,0.908"
X-5441,IQSEC1,9922.0,MutNovel,"T348M,0.300"
X-5441,IQSEC1,9922.0,MutNovel,"R321W,0.538"
X-5441,IQSEC2,23096.0,MutNovel,"E312ER,1.000"
X-5441,IRF2BPL,64207.0,MutKnownFunctional,"-254,0.474"
X-5441,IRS2,8660.0,MutNovel,"AV701V,0.581"
X-5441,IRS2,8660.0,MutNovel,"R602W,0.427"
X-5441,ITFG3,83986.0,MutNovel,"P71S,0.354"
X-5441,ITGA6,3655.0,MutNovel,"T893M,0.278"
X-5441,ITGAV,3685.0,MutKnownFunctional,"-559,1.000"
X-5441,ITGB7,3695.0,MutNovel,"G302S,0.487"
X-5441,ITPK1,3705.0,MutNovel,"R353Q,0.548"
X-5441,ITPKA,3706.0,MutNovel,"R331H,0.395"
X-5441,ITPR1,3708.0,MutNovel,"S2710A,0.667"
X-5441,ITPR3,3710.0,MutNovel,"E408K,0.506"
X-5441,IWS1,55677.0,MutNovel,"N471T,0.531"
X-5441,JAG1,182.0,MutNovel,"G444D,0.456"
X-5441,JAK1,3716.0,MutKnownFunctional,"-860,1.000"
X-5441,JARID2,3720.0,MutNovel,"P122S,0.596"
X-5441,JMJD1C,221037.0,MutNovel,"G1766R,0.445"
X-5441,JMY,133746.0,MutNovel,"A96T,0.357"
X-5441,JMY,133746.0,MutNovel,"A230T,0.467"
X-5441,JMY,133746.0,MutNovel,"V454A,0.241"
X-5441,JPH1,56704.0,MutNovel,"A395V,0.467"
X-5441,JPH2,57158.0,MutNovel,"R342H,0.375"
X-5441,JUN,3725.0,MutKnownFunctional,"-37,0.403"
X-5441,JUND,3727.0,MutKnownFunctional,"-179?,0.496"
X-5441,KANSL1,,MutNovel,"G540R,0.429"
X-5441,KANSL3,55683.0,MutNovel,"K493-,0.543"
X-5441,KAT2A,2648.0,MutKnownFunctional,"-75,0.500"
X-5441,KAT6A,7994.0,MutNovel,"R878H,0.463"
X-5441,KBTBD3,143879.0,MutNovel,"I444K,0.375"
X-5441,KCNA10,3744.0,MutNovel,"R87Q,0.500"
X-5441,KCND1,3750.0,MutKnownFunctional,"-604,1.000"
X-5441,KCND3,3752.0,MutNovel,"T100M,0.531"
X-5441,KCNH8,131096.0,MutKnownFunctional,"-782,0.688"
X-5441,KCNJ12,3768.0,MutNovel,"I100V,0.600"
X-5441,KCNQ1,3784.0,MutNovel,"N386K,0.975"
X-5441,KCNQ2,3785.0,MutNovel,"S855L,0.308"
X-5441,KCNQ2,3785.0,MutKnownFunctional,"-732,0.462"
X-5441,KCP,375616.0,MutNovel,"A786V,0.500"
X-5441,KCTD11,147040.0,MutNovel,"R162H,0.658"
X-5441,KCTD18,130535.0,MutNovel,"V364A,0.487"
X-5441,KCTD3,51133.0,MutNovel,"A97V,0.340"
X-5441,KDM3B,51780.0,MutNovel,"Q370H,0.490"
X-5441,KDM4C,23081.0,MutNovel,"D1003Y,0.521"
X-5441,KDM5A,5927.0,MutNovel,"S1458C,0.379"
X-5441,KDM5B,10765.0,MutNovel,"W1319G,0.526"
X-5441,KDM5C,8242.0,MutNovel,"K1023N,1.000"
X-5441,KDM6B,23135.0,MutNovel,"V751VT,0.269"
X-5441,KDM6B,23135.0,MutNovel,"G1040R,0.487"
X-5441,KDM6B,23135.0,MutNovel,"E1240K,0.530"
X-5441,KEAP1,9817.0,MutNovel,"R447W,0.436"
X-5441,KHSRP,8570.0,MutNovel,"A687T,0.572"
X-5441,KHSRP,8570.0,MutNovel,"VPG591G,0.549"
X-5441,KHSRP,8570.0,MutNovel,"V591G,0.273"
X-5441,KIAA0141,9812.0,MutNovel,"P145T,0.548"
X-5441,KIAA0182,23199.0,MutKnownFunctional,"-120,0.571"
X-5441,KIAA0240,23506.0,MutNovel,"V417I,0.467"
X-5441,KIAA0284,283638.0,MutNovel,"R1206H,0.472"
X-5441,KIAA0355,9710.0,MutNovel,"G922R,0.382"
X-5441,KIAA0564,23078.0,MutNovel,"G9R,0.513"
X-5441,KIAA0922,23240.0,MutNovel,"R1103W,0.741"
X-5441,KIAA1009,22832.0,MutNovel,"I1074V,0.517"
X-5441,KIAA1109,84162.0,MutNovel,"R1571S,0.326"
X-5441,KIAA1191,57179.0,MutNovel,"R28H,0.527"
X-5441,KIAA1211,57482.0,MutNovel,"V591I,0.405"
X-5441,KIAA1522,57648.0,MutNovel,"R502H,0.526"
X-5441,KIAA1549,57670.0,MutNovel,"T937I,0.694"
X-5441,KIAA1731,85459.0,MutKnownFunctional,"-1629,0.433"
X-5441,KIAA1804,84451.0,MutNovel,"R766W,0.408"
X-5441,KIAA2018,205717.0,MutKnownFunctional,"-1016,1.000"
X-5441,KIAA2026,158358.0,MutKnownFunctional,"-729,0.938"
X-5441,KIDINS220,57498.0,MutNovel,"G1302S,0.486"
X-5441,KIF12,113220.0,MutNovel,"G196E,0.533"
X-5441,KIF13A,63971.0,MutNovel,"E1475D,0.581"
X-5441,KIF16B,55614.0,MutNovel,"E719K,0.494"
X-5441,KIF1B,23095.0,MutNovel,"Q1021H,0.420"
X-5441,KIF21B,23046.0,MutNovel,"A634V,0.250"
X-5441,KIF3B,9371.0,MutNovel,"R455W,0.576"
X-5441,KIRREL,55243.0,MutNovel,"A505T,0.504"
X-5441,KLF12,11278.0,MutNovel,"R185C,0.600"
X-5441,KLF16,83855.0,MutKnownFunctional,"-63,0.520"
X-5441,KLF2,10365.0,MutKnownFunctional,"-166,0.538"
X-5441,KLHDC5,57542.0,MutKnownFunctional,"-396,1.000"
X-5441,KLHL18,23276.0,MutNovel,"A558V,0.447"
X-5441,KLHL21,9903.0,MutNovel,"A462T,0.545"
X-5441,KLHL24,54800.0,MutNovel,"T339A,0.533"
X-5441,KLHL29,114818.0,MutNovel,"A325V,0.333"
X-5441,KLHL35,283212.0,MutNovel,"A440T,0.421"
X-5441,KNTC1,9735.0,MutKnownFunctional,"-1644,0.250"
X-5441,KPNA3,3839.0,MutNovel,"L227F,0.402"
X-5441,KPNA7,402569.0,MutNovel,"A67V,0.353"
X-5441,KPNB1,3837.0,MutNovel,"A29V,0.365"
X-5441,KRI1,65095.0,MutNovel,"KT562T,0.205"
X-5441,KRT12,3859.0,MutNovel,"R350H,0.722"
X-5441,KRT12,3859.0,MutKnownFunctional,"R144*,0.364"
X-5441,KRT15,3866.0,MutNovel,"R327H,0.458"
X-5441,KRT20,54474.0,MutNovel,"R348C,0.362"
X-5441,KRT3,3850.0,MutNovel,"H452R,0.667"
X-5441,KRT5,3852.0,MutNovel,"R10W,0.217"
X-5441,KRT84,3890.0,MutNovel,"Y465S,1.000"
X-5441,L2HGDH,79944.0,MutNovel,"R282W,0.375"
X-5441,L3MBTL2,83746.0,MutNovel,"R284Q,0.511"
X-5441,LAMA1,284217.0,MutNovel,"A2706T,0.750"
X-5441,LAMA5,3911.0,MutNovel,"V3530I,0.442"
X-5441,LAMA5,3911.0,MutKnownFunctional,"-2729,0.500"
X-5441,LAMA5,3911.0,MutNovel,"A1120T,0.333"
X-5441,LAMB2,3913.0,MutNovel,"R384C,0.550"
X-5441,LAMP1,3916.0,MutNovel,"G226S,0.508"
X-5441,LARP7,51574.0,MutKnownFunctional,"-590,0.845"
X-5441,LARS,51520.0,MutKnownFunctional,"R1127*,0.443"
X-5441,LATS1,9113.0,MutNovel,"I358V,0.451"
X-5441,LATS2,26524.0,MutNovel,"R209W,0.577"
X-5441,LCMT2,9836.0,MutKnownFunctional,"R471*,0.454"
X-5441,LCOR,84458.0,MutNovel,"G123R,0.692"
X-5441,LCOR,84458.0,MutNovel,"P334H,0.457"
X-5441,LDHD,197257.0,MutNovel,"D57N,0.386"
X-5441,LDOC1L,84247.0,MutNovel,"A212V,0.593"
X-5441,LGALS9,3965.0,MutNovel,"T355A,0.479"
X-5441,LGR6,59352.0,MutNovel,"A664T,0.631"
X-5441,LHFP,10186.0,MutNovel,"A180T,0.727"
X-5441,LIAS,11019.0,MutKnownFunctional,"-34,0.369"
X-5441,LIPE,3991.0,MutNovel,"T792M,0.500"
X-5441,LLGL1,3996.0,MutNovel,"V66M,0.538"
X-5441,LMF2,91289.0,MutNovel,"M20K,0.551"
X-5441,LMNB2,84823.0,MutNovel,"N389I,0.529"
X-5441,LMNB2,84823.0,MutNovel,"A19T,0.788"
X-5441,LMO7,4008.0,MutNovel,"R838H,0.869"
X-5441,LMTK2,22853.0,MutKnownFunctional,"-539,0.406"
X-5441,LMTK3,114783.0,MutKnownFunctional,"-1227,1.000"
X-5441,LOC100132247,100132247.0,MutNovel,"V655I,0.341"
X-5441,LOC100287178,,MutNovel,"S364T,1.000"
X-5441,LOC100507656,,MutNovel,"Y309C,0.500"
X-5441,LOC100507656,,MutNovel,"R277H,0.778"
X-5441,LOC100652741,,MutKnownFunctional,"-478?,0.489"
X-5441,LOC100996276,,MutNovel,"R93W,0.750"
X-5441,LOC100996358,,MutKnownFunctional,"-16,0.489"
X-5441,LOC100996473,,MutNovel,"S135C,0.500"
X-5441,LOC100996505,,MutNovel,"R3Q,0.490"
X-5441,LOC100996677,,MutKnownFunctional,"-38,0.643"
X-5441,LOC728047,,MutNovel,"E422D,1.000"
X-5441,LOC728763,,MutKnownFunctional,"-959,0.438"
X-5441,LOXL2,4017.0,MutNovel,"C138R,0.500"
X-5441,LPP,4026.0,MutNovel,"K461N,0.710"
X-5441,LRCH4,4034.0,MutNovel,"E199K,0.521"
X-5441,LRIG3,121227.0,MutNovel,"A620T,0.610"
X-5441,LRP1,4035.0,MutNovel,"A286V,0.595"
X-5441,LRP1,4035.0,MutNovel,"D1615N,0.619"
X-5441,LRP1,4035.0,MutNovel,"R2178W,0.516"
X-5441,LRP1,4035.0,MutNovel,"R3714H,0.258"
X-5441,LRP5,4041.0,MutNovel,"P360L,0.515"
X-5441,LRP6,4040.0,MutNovel,"R1574Q,0.511"
X-5441,LRP8,7804.0,MutNovel,"D190N,0.476"
X-5441,LRRC66,339977.0,MutKnownFunctional,"-408?,0.400"
X-5441,LRRC8C,84230.0,MutNovel,"R775Q,1.000"
X-5441,LRRK1,79705.0,MutNovel,"T175M,0.394"
X-5441,LSR,51599.0,MutNovel,"G518R,0.480"
X-5441,LSR,51599.0,MutNovel,"G518GR,1.000"
X-5441,LTN1,26046.0,MutKnownFunctional,"-582,0.875"
X-5441,LZTR1,8216.0,MutNovel,"R267H,0.630"
X-5441,LZTS2,84445.0,MutNovel,"R538W,0.444"
X-5441,MACF1,23499.0,MutNovel,"T2110I,0.789"
X-5441,MAFK,7975.0,MutNovel,"R83H,0.353"
X-5441,MAGED2,10916.0,MutNovel,"I298V,1.000"
X-5441,MAGI1,9223.0,MutKnownFunctional,"R678*,0.254"
X-5441,MALT1,10892.0,MutNovel,"C539Y,0.473"
X-5441,MAN1A1,4121.0,MutNovel,"N120S,0.442"
X-5441,MAP1S,55201.0,MutNovel,"R429H,0.539"
X-5441,MAP2K6,5608.0,MutNovel,"S235N,0.353"
X-5441,MAP3K1,4214.0,MutNovel,"R249C,0.589"
X-5441,MAP3K10,4294.0,MutNovel,"L46F,0.650"
X-5441,MAP3K11,4296.0,MutKnownFunctional,"-679,0.265"
X-5441,MAP3K11,4296.0,MutNovel,"R365C,0.759"
X-5441,MAP3K4,4216.0,MutNovel,"PA1189P,1.000"
X-5441,MAP3K8,1326.0,MutNovel,"R120C,0.500"
X-5441,MAP4K4,9448.0,MutNovel,"R816H,0.351"
X-5441,MAP7,9053.0,MutNovel,"H195N,0.576"
X-5441,MAPK3,5595.0,MutNovel,"R84H,0.504"
X-5441,MAPK3,5595.0,MutNovel,"P35S,0.429"
X-5441,MAPK7,5598.0,MutKnownFunctional,"-329,0.484"
X-5441,MAPK7,5598.0,MutNovel,"T594M,0.403"
X-5441,MAPK8IP1,9479.0,MutNovel,"R324W,0.636"
X-5441,2014-03-02 00:00:00,54996.0,MutNovel,"L312P,0.453"
X-5441,MARCKS,4082.0,MutKnownFunctional,"-152,0.357"
X-5441,MARK1,4139.0,MutNovel,"R620Q,1.000"
X-5441,MARK3,4140.0,MutNovel,"R34H,0.459"
X-5441,MARK4,57787.0,MutNovel,"R575Q,0.618"
X-5441,MARVELD1,83742.0,MutNovel,"A143T,0.500"
X-5441,MARVELD2,153562.0,MutNovel,"R10W,0.511"
X-5441,MAU2,23383.0,MutNovel,"V419I,0.500"
X-5441,MAZ,4150.0,MutNovel,"AAA435-,0.489"
X-5441,MBD4,8930.0,MutKnownFunctional,"-313,0.272"
X-5441,MBD5,55777.0,MutNovel,"A758V,0.458"
X-5441,MBD5,55777.0,MutNovel,"A802T,0.217"
X-5441,MBD6,114785.0,MutKnownFunctional,"-692,0.500"
X-5441,MBD6,114785.0,MutKnownFunctional,"-732,0.510"
X-5441,MBD6,114785.0,MutKnownFunctional,"-780,0.509"
X-5441,MBNL2,10150.0,MutNovel,"A308T,0.483"
X-5441,MCF2L,23263.0,MutNovel,"V113M,0.455"
X-5441,MCM3,4172.0,MutNovel,"R372Q,0.525"
X-5441,MCM3AP,8888.0,MutNovel,"A681V,0.557"
X-5441,MCM6,4175.0,MutNovel,"A50V,0.494"
X-5441,MCM7,4176.0,MutNovel,"R666C,0.418"
X-5441,MCPH1,79648.0,MutKnownFunctional,"-466,0.460"
X-5441,MDFI,4188.0,MutNovel,"G112S,0.622"
X-5441,MDN1,23195.0,MutNovel,"A3244V,0.441"
X-5441,MDN1,23195.0,MutNovel,"R1370W,0.565"
X-5441,MED10,84246.0,MutKnownFunctional,"-130,0.488"
X-5441,MED15,51586.0,MutNovel,"-251Q,0.410"
X-5441,MED16,10025.0,MutNovel,"V318M,0.527"
X-5441,MED23,9439.0,MutNovel,"D1292E,0.534"
X-5441,MED24,9862.0,MutNovel,"P789L,0.608"
X-5441,MED27,9442.0,MutNovel,"R168H,0.206"
X-5441,MEF2A,4205.0,MutNovel,"Q412-,1.000"
X-5441,MEGF8,1954.0,MutKnownFunctional,"-164,0.263"
X-5441,MEGF8,1954.0,MutNovel,"R2099H,0.806"
X-5441,MEGF8,1954.0,MutNovel,"A2157T,0.797"
X-5441,MEIS2,4212.0,MutNovel,"GA52AP,0.611"
X-5441,MEPCE,56257.0,MutKnownFunctional,"-143,0.750"
X-5441,MESDC1,59274.0,MutNovel,"A283V,0.496"
X-5441,MET,4233.0,MutNovel,"A411V,0.500"
X-5441,METAP2,10988.0,MutNovel,"R417C,0.566"
X-5441,MFI2,4241.0,MutNovel,"A342V,0.730"
X-5441,MFNG,4242.0,MutNovel,"D143N,0.480"
X-5441,MFNG,4242.0,MutNovel,"S92N,0.475"
X-5441,MFSD12,126321.0,MutNovel,"G141D,0.336"
X-5441,MGEA5,10724.0,MutKnownFunctional,"R586*,0.209"
X-5441,MGEA5,10724.0,MutNovel,"A403V,0.771"
X-5441,MIB2,142678.0,MutNovel,"R247H,0.744"
X-5441,MIB2,142678.0,MutNovel,"V796M,0.528"
X-5441,MIB2,142678.0,MutKnownFunctional,"-838,0.490"
X-5441,MIB2,142678.0,MutNovel,"P919L,0.626"
X-5441,MICAL1,64780.0,MutNovel,"R146C,0.433"
X-5441,MICAL3,57553.0,MutKnownFunctional,"-1768,0.391"
X-5441,MIDN,90007.0,MutNovel,"A267T,0.460"
X-5441,MIF4GD,57409.0,MutNovel,"R210C,0.519"
X-5441,MIS18BP1,55320.0,MutKnownFunctional,"-690,0.338"
X-5441,MIS18BP1,55320.0,MutNovel,"I683K,0.333"
X-5441,MIS18BP1,55320.0,MutKnownFunctional,"-157?,0.262"
X-5441,MKL1,57591.0,MutNovel,"P386H,0.314"
X-5441,MKL2,57496.0,MutNovel,"L969R,0.506"
X-5441,MLH3,27030.0,MutNovel,"V148L,0.226"
X-5441,MLKL,197259.0,MutNovel,"S187L,0.560"
X-5441,MLL,4297.0,MutNovel,"R2078H,0.312"
X-5441,MLL,4297.0,MutNovel,"R3906C,0.379"
X-5441,MLL2,8085.0,MutNovel,"R5002W,0.571"
X-5441,MLL2,8085.0,MutKnownFunctional,"R2471*,0.568"
X-5441,MLL2,8085.0,MutKnownFunctional,"-1235,0.423"
X-5441,MLL3,58508.0,MutNovel,"P2049H,0.467"
X-5441,MLL4,9757.0,MutKnownFunctional,"-947,0.385"
X-5441,MLL4,9757.0,MutKnownFunctional,"-1047,1.000"
X-5441,MLL4,9757.0,MutNovel,"V2666M,0.490"
X-5441,MLLT3,4300.0,MutNovel,"P353L,0.524"
X-5441,MLLT4,4301.0,MutNovel,"R899H,0.287"
X-5441,MLLT6,4302.0,MutNovel,"G786S,0.326"
X-5441,MLXIPL,51085.0,MutKnownFunctional,"-496,0.458"
X-5441,MMP15,4324.0,MutNovel,"D596G,0.233"
X-5441,MMP28,79148.0,MutNovel,"A267V,0.403"
X-5441,MON1A,84315.0,MutNovel,"R528C,0.418"
X-5441,MON1A,84315.0,MutNovel,"A477T,0.515"
X-5441,MOSPD1,56180.0,MutNovel,"Y201H,1.000"
X-5441,MPZL2,10205.0,MutNovel,"D93Y,0.492"
X-5441,MRC2,9902.0,MutNovel,"G1227R,0.500"
X-5441,MRPL14,64928.0,MutNovel,"R118Q,0.480"
X-5441,MRPL38,64978.0,MutNovel,"R17Q,0.423"
X-5441,MRPS28,28957.0,MutNovel,"A81T,0.475"
X-5441,MSH2,4436.0,MutKnownFunctional,"-693,1.000"
X-5441,MSH3,4437.0,MutKnownFunctional,"-381,0.250"
X-5441,MSH6,2956.0,MutKnownFunctional,"-1069,0.500"
X-5441,MSH6,2956.0,MutKnownFunctional,"-1085,1.000"
X-5441,MST1,4485.0,MutNovel,"G677D,0.887"
X-5441,MST1R,4486.0,MutNovel,"A1065V,0.485"
X-5441,MTHFR,4524.0,MutNovel,"G171S,0.620"
X-5441,MTOR,2475.0,MutKnownFunctional,"-766,0.421"
X-5441,MTSS1L,92154.0,MutNovel,"D226N,0.423"
X-5441,MUC12,10071.0,MutNovel,"L324F,0.667"
X-5441,MUC12,10071.0,MutNovel,"STP330LTT,0.571"
X-5441,MUC12,10071.0,MutNovel,"T340P,0.500"
X-5441,MUC12,10071.0,MutNovel,"R1077C,0.667"
X-5441,MUC12,10071.0,MutNovel,"E1768G,1.000"
X-5441,MUC12,10071.0,MutNovel,"T1770M,1.000"
X-5441,MUC12,10071.0,MutNovel,"P3457S,0.500"
X-5441,MUC12,10071.0,MutNovel,"S3522F,1.000"
X-5441,MUC12,10071.0,MutNovel,"T4363I,0.357"
X-5441,MUC12,10071.0,MutNovel,"S4496N,0.423"
X-5441,MUC12,10071.0,MutNovel,"T4500R,0.222"
X-5441,MUC12,10071.0,MutNovel,"E4601G,1.000"
X-5441,MUC12,10071.0,MutNovel,"T4603M,1.000"
X-5441,MUC12,10071.0,MutNovel,"P4844S,0.562"
X-5441,MUC13,56667.0,MutKnownFunctional,"-62?,1.000"
X-5441,MUC16,94025.0,MutNovel,"R14481W,0.600"
X-5441,MUC16,94025.0,MutNovel,"L14077P,0.500"
X-5441,MUC16,94025.0,MutNovel,"K12488E,1.000"
X-5441,MUC17,140453.0,MutNovel,"S861T,0.265"
X-5441,MUC17,140453.0,MutNovel,"EA1412GV,0.205"
X-5441,MUC17,140453.0,MutNovel,"T1686S,0.324"
X-5441,MUC2,4583.0,MutNovel,"P1448L,0.245"
X-5441,MUC2,4583.0,MutNovel,"T1625S,0.215"
X-5441,MUC4,4585.0,MutNovel,"R5392C,0.444"
X-5441,MUC4,4585.0,MutNovel,"V4131L,0.909"
X-5441,MUC4,4585.0,MutNovel,"P4050T,1.000"
X-5441,MUC4,4585.0,MutNovel,"D3797N,0.364"
X-5441,MUC4,4585.0,MutNovel,"P3554L,0.400"
X-5441,MUC4,4585.0,MutNovel,"L3425V,0.389"
X-5441,MUC4,4585.0,MutNovel,"A3321S,1.000"
X-5441,MUC4,4585.0,MutNovel,"Q2605H,1.000"
X-5441,MUC4,4585.0,MutNovel,"L1761P,0.422"
X-5441,MUC5B,727897.0,MutNovel,"S1496L,0.451"
X-5441,MUC5B,727897.0,MutNovel,"T2311A,0.224"
X-5441,MUC5B,727897.0,MutNovel,"P2333S,0.317"
X-5441,MUC5B,727897.0,MutNovel,"G3968R,0.315"
X-5441,MUC5B,727897.0,MutKnownFunctional,"-3972,0.437"
X-5441,MVP,9961.0,MutNovel,"V260M,0.524"
X-5441,MXD3,83463.0,MutNovel,"G193S,0.391"
X-5441,MXD3,83463.0,MutKnownFunctional,"-50?,0.393"
X-5441,MXRA8,54587.0,MutKnownFunctional,"-301,0.947"
X-5441,MYADML2,255275.0,MutNovel,"R112Q,0.500"
X-5441,MYBBP1A,10514.0,MutNovel,"A1192V,0.480"
X-5441,MYBL2,4605.0,MutNovel,"R491Q,0.504"
X-5441,MYD88,4615.0,MutNovel,"A158V,0.559"
X-5441,MYH11,4629.0,MutNovel,"H1197R,0.636"
X-5441,MYH9,4627.0,MutNovel,"R829W,0.472"
X-5441,MYH9,4627.0,MutNovel,"R234C,0.420"
X-5441,MYO19,80179.0,MutNovel,"T504I,0.540"
X-5441,MYO1A,4640.0,MutKnownFunctional,"-1033,1.000"
X-5441,MYO1A,4640.0,MutNovel,"K1033R,0.614"
X-5441,MYO1D,4642.0,MutNovel,"R488Q,0.508"
X-5441,MYO7A,4647.0,MutNovel,"A2132V,0.556"
X-5441,MYO7B,4648.0,MutNovel,"C1223Y,0.513"
X-5441,MYO9B,4650.0,MutKnownFunctional,"-636?,0.227"
X-5441,MYOM3,127294.0,MutNovel,"E415K,0.562"
X-5441,MYPOP,339344.0,MutKnownFunctional,"-370?,0.760"
X-5441,NAA25,80018.0,MutNovel,"R600M,0.473"
X-5441,NAA38,51691.0,MutNovel,"A80V,0.393"
X-5441,NAB1,4664.0,MutNovel,"R250W,0.488"
X-5441,NAB2,4665.0,MutNovel,"R183Q,0.488"
X-5441,NAB2,4665.0,MutNovel,"V516M,0.489"
X-5441,NABP1,,MutNovel,"N139K,0.212"
X-5441,NACC2,138151.0,MutKnownFunctional,"-564,0.367"
X-5441,NAIF1,203245.0,MutNovel,"T211M,0.526"
X-5441,NAIF1,203245.0,MutNovel,"E138K,0.468"
X-5441,NBAS,51594.0,MutNovel,"A651T,0.575"
X-5441,NBEAL1,65065.0,MutNovel,"G226S,0.308"
X-5441,NBEAL1,65065.0,MutNovel,"R2512S,0.559"
X-5441,NBEAL2,23218.0,MutKnownFunctional,"-1220,0.455"
X-5441,NBPF1,55672.0,MutNovel,"E604D,0.400"
X-5441,NBPF10,100132406.0,MutNovel,"F340S,0.214"
X-5441,NBPF10,100132406.0,MutNovel,"D3361V,0.455"
X-5441,NBPF9,400818.0,MutNovel,"R657H,0.457"
X-5441,NCAPD2,9918.0,MutNovel,"R401H,0.890"
X-5441,NCAPD3,23310.0,MutNovel,"ED1171D,0.902"
X-5441,NCBP1,4686.0,MutNovel,"R646H,0.554"
X-5441,NCKAP1,10787.0,MutNovel,"R349H,0.498"
X-5441,NCKAP5L,57701.0,MutNovel,"R1094W,0.500"
X-5441,NCKAP5L,57701.0,MutNovel,"G394S,0.762"
X-5441,NCKIPSD,51517.0,MutNovel,"R657C,0.584"
X-5441,NCLN,56926.0,MutNovel,"Q166H,0.555"
X-5441,NCOA3,8202.0,MutNovel,"Q1255-,1.000"
X-5441,NCOR1,9611.0,MutNovel,"A1238T,0.411"
X-5441,NCOR2,9612.0,MutNovel,"G1839GAAA,0.986"
X-5441,NCOR2,9612.0,MutNovel,"R1800W,0.456"
X-5441,NCOR2,9612.0,MutNovel,"-511S,0.976"
X-5441,NDNF,79625.0,MutNovel,"R364W,0.561"
X-5441,NDNL2,56160.0,MutNovel,"V77L,0.459"
X-5441,NDST2,8509.0,MutKnownFunctional,"-191,0.500"
X-5441,NDUFA10,4705.0,MutNovel,"R289H,0.447"
X-5441,NDUFV1,4723.0,MutNovel,"R449W,0.530"
X-5441,NEB,4703.0,MutNovel,"R7842H,0.348"
X-5441,NEB,4703.0,MutNovel,"A4004T,0.667"
X-5441,NEK1,4750.0,MutKnownFunctional,"-880,0.278"
X-5441,NEK8,284086.0,MutNovel,"G643D,0.467"
X-5441,NEK9,91754.0,MutNovel,"R637C,0.553"
X-5441,NFATC2IP,84901.0,MutNovel,"R230C,0.346"
X-5441,NFKB1,4790.0,MutNovel,"F228L,0.485"
X-5441,NFKB1,4790.0,MutNovel,"A655V,0.491"
X-5441,NFKB1,4790.0,MutNovel,"P753S,0.498"
X-5441,NFKB2,4791.0,MutNovel,"R172Q,0.702"
X-5441,NFXL1,152518.0,MutNovel,"R474S,0.512"
X-5441,NFYA,4800.0,MutNovel,"R305H,0.514"
X-5441,NIN,51199.0,MutNovel,"T1132M,0.571"
X-5441,NIPA1,123606.0,MutNovel,"V134I,0.427"
X-5441,NIPA2,81614.0,MutKnownFunctional,"-34,0.757"
X-5441,NIPBL,25836.0,MutKnownFunctional,"-749,0.440"
X-5441,NISCH,11188.0,MutKnownFunctional,"-1360,0.524"
X-5441,NKPD1,284353.0,MutNovel,"F731S,0.500"
X-5441,NLE1,54475.0,MutNovel,"R337W,0.491"
X-5441,NOC2L,26155.0,MutNovel,"R310W,0.414"
X-5441,NOL12,79159.0,MutNovel,"D99N,0.512"
X-5441,NOP56,10528.0,MutNovel,"D521V,0.482"
X-5441,NOTCH1,4851.0,MutNovel,"V2529I,0.276"
X-5441,NOTCH1,4851.0,MutNovel,"S2336N,0.548"
X-5441,NOTCH1,4851.0,MutNovel,"R2004C,0.531"
X-5441,NOTCH1,4851.0,MutNovel,"R1594Q,0.487"
X-5441,NPAT,4863.0,MutNovel,"P1046L,0.333"
X-5441,NPAT,4863.0,MutKnownFunctional,"-548,0.486"
X-5441,NPHP4,261734.0,MutNovel,"R906H,0.456"
X-5441,NR1H2,7376.0,MutNovel,"-173Q,1.000"
X-5441,NR2C2,7182.0,MutKnownFunctional,"-580,0.497"
X-5441,NRIP1,8204.0,MutNovel,"Y1054C,0.517"
X-5441,NRIP1,8204.0,MutKnownFunctional,"-728,0.445"
X-5441,NTN4,59277.0,MutNovel,"A161V,0.786"
X-5441,NUAK2,81788.0,MutNovel,"R370H,0.583"
X-5441,NUCB2,4925.0,MutNovel,"L401S,0.209"
X-5441,NUDCD3,23386.0,MutNovel,"V111F,0.483"
X-5441,NUMB,8650.0,MutNovel,"V538I,0.435"
X-5441,NUMBL,9253.0,MutNovel,"P563S,0.344"
X-5441,NUMBL,9253.0,MutNovel,"QQ441Q,0.533"
X-5441,NUP188,23511.0,MutNovel,"R1274W,0.529"
X-5441,NUP205,23165.0,MutNovel,"T1225I,0.524"
X-5441,NUP214,8021.0,MutKnownFunctional,"-524,0.278"
X-5441,NUP35,129401.0,MutNovel,"A32D,0.434"
X-5441,NUP62,23636.0,MutNovel,"S83L,0.426"
X-5441,NXPE1,,MutNovel,"S132N,0.500"
X-5441,NYNRIN,57523.0,MutNovel,"P352L,0.250"
X-5441,NYNRIN,57523.0,MutKnownFunctional,"-1504,0.370"
X-5441,OAZ3,51686.0,MutNovel,"G102D,1.000"
X-5441,OGDH,4967.0,MutNovel,"D363N,0.444"
X-5441,OGG1,4968.0,MutNovel,"R206H,0.439"
X-5441,OGG1,4968.0,MutNovel,"C323Y,0.231"
X-5441,OLFML2B,25903.0,MutNovel,"I724T,0.750"
X-5441,OPLAH,26873.0,MutNovel,"R1058C,0.711"
X-5441,OPLAH,26873.0,MutNovel,"G826D,0.467"
X-5441,ORAI1,84876.0,MutNovel,"PP43-,1.000"
X-5441,ORAI1,84876.0,MutNovel,"V183I,0.500"
X-5441,ORAI1,84876.0,MutNovel,"A256T,0.478"
X-5441,OSBPL10,114884.0,MutNovel,"R397H,0.492"
X-5441,OSBPL5,114879.0,MutNovel,"P193L,0.656"
X-5441,OSGEP,55644.0,MutKnownFunctional,"R50*,0.263"
X-5441,OSGIN1,29948.0,MutNovel,"R305C,0.611"
X-5441,OSGIN1,29948.0,MutKnownFunctional,"-458,0.546"
X-5441,OTUD7A,161725.0,MutNovel,"R478H,0.500"
X-5441,OXTR,5021.0,MutNovel,"A349T,0.600"
X-5441,P4HB,5034.0,MutNovel,"R300H,0.474"
X-5441,PABPC3,5042.0,MutKnownFunctional,"-296,1.000"
X-5441,PACS1,55690.0,MutNovel,"A792T,0.505"
X-5441,PACSIN3,29763.0,MutNovel,"R109W,0.333"
X-5441,PAF1,54623.0,MutNovel,"R367W,0.526"
X-5441,PAFAH1B1,5048.0,MutNovel,"R342C,0.537"
X-5441,PAK6,56924.0,MutNovel,"R228Q,0.368"
X-5441,PAK6,56924.0,MutNovel,"P314L,0.434"
X-5441,PALM2-AKAP2,445815.0,MutNovel,"-840EA,0.412"
X-5441,PANK4,55229.0,MutNovel,"A59T,0.561"
X-5441,PAPD5,64282.0,MutNovel,"R278Q,0.320"
X-5441,PAPD7,11044.0,MutKnownFunctional,"-528,0.235"
X-5441,PAPSS1,9061.0,MutNovel,"R223W,0.500"
X-5441,PAPSS2,9060.0,MutNovel,"P395H,0.401"
X-5441,PAQR3,152559.0,MutKnownFunctional,"-26,0.432"
X-5441,PARP11,57097.0,MutNovel,"C56R,0.737"
X-5441,PARP2,10038.0,MutNovel,"A415V,0.419"
X-5441,PARPBP,,MutNovel,"G504R,0.333"
X-5441,PBRM1,55193.0,MutNovel,"M566I,0.563"
X-5441,PBXIP1,57326.0,MutNovel,"V110M,0.487"
X-5441,PCBP2,5094.0,MutNovel,"S206N,0.577"
X-5441,PCCA,5095.0,MutNovel,"T595M,0.515"
X-5441,PCCB,5096.0,MutNovel,"P219S,0.570"
X-5441,PCDH20,64881.0,MutNovel,"L373M,0.353"
X-5441,PCDHB13,56123.0,MutNovel,"P674L,1.000"
X-5441,PCDHB14,56122.0,MutNovel,"T132A,0.625"
X-5441,PCK1,5105.0,MutNovel,"R253W,0.488"
X-5441,PCLO,27445.0,MutNovel,"V4904I,0.545"
X-5441,PCLO,27445.0,MutNovel,"T663I,0.333"
X-5441,PCMTD2,55251.0,MutKnownFunctional,"-263,0.481"
X-5441,PCNT,5116.0,MutNovel,"R2981W,0.645"
X-5441,PCNT,5116.0,MutKnownFunctional,"-3249,0.457"
X-5441,PCNXL3,399909.0,MutNovel,"R737C,0.353"
X-5441,PCSK6,5046.0,MutNovel,"A519V,0.448"
X-5441,PCSK7,9159.0,MutKnownFunctional,"-15,0.443"
X-5441,PDCD11,22984.0,MutNovel,"R792W,0.358"
X-5441,PDCD2,5134.0,MutNovel,"G55D,0.504"
X-5441,PDCD6IP,10015.0,MutNovel,"P351H,0.512"
X-5441,PDE4DIP,9659.0,MutNovel,"R1289W,0.263"
X-5441,PDGFRB,5159.0,MutNovel,"V582M,0.667"
X-5441,PDP2,57546.0,MutNovel,"R507S,0.508"
X-5441,PDS5B,23047.0,MutKnownFunctional,"-1316,0.443"
X-5441,PDSS1,23590.0,MutNovel,"S324P,0.519"
X-5441,PDX1,3651.0,MutNovel,"LP238L,0.789"
X-5441,PEBP1,5037.0,MutNovel,"V46I,0.448"
X-5441,PELO,53918.0,MutNovel,"R326W,0.513"
X-5441,PER1,5187.0,MutNovel,"R246W,0.474"
X-5441,PEX14,5195.0,MutNovel,"R310W,0.562"
X-5441,PEX2,5828.0,MutNovel,"A74V,0.528"
X-5441,PEX6,5190.0,MutNovel,"R860Q,0.475"
X-5441,PEX6,5190.0,MutNovel,"P132R,0.390"
X-5441,PFAS,5198.0,MutNovel,"G929R,0.545"
X-5441,PGAM5,192111.0,MutNovel,"A207T,0.492"
X-5441,PGBD3,267004.0,MutNovel,"V588I,0.524"
X-5441,PGLYRP4,57115.0,MutNovel,"R257Q,0.727"
X-5441,PHF14,9678.0,MutNovel,"D783G,0.894"
X-5441,PHF15,23338.0,MutNovel,"E490K,0.478"
X-5441,PHF20L1,51105.0,MutKnownFunctional,"R683*,0.500"
X-5441,PHF20L1,51105.0,MutKnownFunctional,"-824,0.469"
X-5441,PHF21A,51317.0,MutKnownFunctional,"-652,0.356"
X-5441,PHF23,79142.0,MutNovel,"R221W,0.502"
X-5441,PHGR1,644844.0,MutKnownFunctional,"-57,0.278"
X-5441,PHLDA1,22822.0,MutNovel,"QQ194Q,1.000"
X-5441,PHLPP1,23239.0,MutNovel,"R536W,0.695"
X-5441,PHLPP1,23239.0,MutNovel,"R560C,0.500"
X-5441,PHLPP1,23239.0,MutNovel,"T1339M,0.475"
X-5441,PI4K2B,55300.0,MutKnownFunctional,"-477,0.379"
X-5441,PI4KA,5297.0,MutNovel,"V803I,0.500"
X-5441,PI4KA,5297.0,MutNovel,"R423Q,0.471"
X-5441,PIAS2,9063.0,MutNovel,"Y289C,0.291"
X-5441,PIAS3,10401.0,MutKnownFunctional,"-116,0.421"
X-5441,PIBF1,10464.0,MutKnownFunctional,"R573*,0.262"
X-5441,PIDD,55367.0,MutNovel,"R878C,0.542"
X-5441,PIEZO1,9780.0,MutNovel,"A2395V,0.735"
X-5441,PIEZO1,9780.0,MutNovel,"V1238I,0.324"
X-5441,PIF1,80119.0,MutNovel,"R528H,0.543"
X-5441,PIGN,23556.0,MutNovel,"A219T,0.462"
X-5441,PIGR,5284.0,MutNovel,"E417K,0.971"
X-5441,PIH1D1,55011.0,MutNovel,"L141P,0.302"
X-5441,PIK3R2,5296.0,MutNovel,"G373R,0.504"
X-5441,PINK1,65018.0,MutNovel,"G448R,0.479"
X-5441,PINX1,54984.0,MutNovel,"KK324K,0.481"
X-5441,PIP4K2B,8396.0,MutNovel,"R107W,0.512"
X-5441,PIP5K1C,23396.0,MutNovel,"R214W,0.492"
X-5441,PISD,23761.0,MutNovel,"R102C,0.440"
X-5441,PITPNA,5306.0,MutNovel,"R219H,0.557"
X-5441,PITX1,5307.0,MutKnownFunctional,"-7?,0.515"
X-5441,PKD1,5310.0,MutNovel,"R3274H,0.789"
X-5441,PKD1,5310.0,MutNovel,"R1298H,0.256"
X-5441,PKD2,5311.0,MutNovel,"G854S,0.635"
X-5441,PKHD1,5314.0,MutNovel,"P3221L,0.357"
X-5441,PKHD1,5314.0,MutKnownFunctional,"R2942*,0.429"
X-5441,PKMYT1,9088.0,MutNovel,"V171M,0.787"
X-5441,PKN1,5585.0,MutNovel,"P327S,0.500"
X-5441,PKN1,5585.0,MutNovel,"E639K,0.400"
X-5441,PKP3,11187.0,MutNovel,"R217C,0.424"
X-5441,PLA2G3,50487.0,MutNovel,"Y83H,0.316"
X-5441,PLAGL2,5326.0,MutKnownFunctional,"-10?,0.257"
X-5441,PLCB3,5331.0,MutNovel,"R918H,0.250"
X-5441,PLCD1,5333.0,MutNovel,"P269H,0.619"
X-5441,PLCL2,23228.0,MutNovel,"P78S,0.633"
X-5441,PLCXD2,257068.0,MutNovel,"R276W,0.750"
X-5441,PLEC,5339.0,MutNovel,"R4178C,0.539"
X-5441,PLEC,5339.0,MutNovel,"A2311T,0.496"
X-5441,PLEC,5339.0,MutNovel,"GA1607RA,0.533"
X-5441,PLEKHA4,57664.0,MutNovel,"R424H,0.649"
X-5441,PLEKHA6,22874.0,MutKnownFunctional,"-328,0.250"
X-5441,PLEKHD1,400224.0,MutNovel,"R364H,0.280"
X-5441,PLEKHF1,79156.0,MutNovel,"P52L,0.617"
X-5441,PLEKHH1,57475.0,MutNovel,"R908C,0.468"
X-5441,PLEKHH3,79990.0,MutKnownFunctional,"-530,0.257"
X-5441,PLEKHH3,79990.0,MutNovel,"L308P,0.617"
X-5441,PLEKHN1,84069.0,MutKnownFunctional,"-321,0.255"
X-5441,PLEKHN1,84069.0,MutNovel,"P543L,0.365"
X-5441,PLEKHO2,80301.0,MutNovel,"E2D,0.741"
X-5441,PLEKHO2,80301.0,MutKnownFunctional,"-62,0.714"
X-5441,PLOD1,5351.0,MutNovel,"R442H,0.540"
X-5441,PLXNA1,5361.0,MutNovel,"T1640M,0.446"
X-5441,PLXNA2,5362.0,MutNovel,"K1261E,0.414"
X-5441,PLXNA2,5362.0,MutNovel,"V55I,0.562"
X-5441,PLXNA3,55558.0,MutNovel,"R1838H,1.000"
X-5441,PLXNB1,5364.0,MutKnownFunctional,"-179,0.513"
X-5441,PLXNB2,23654.0,MutNovel,"R123C,0.571"
X-5441,PLXNB2,23654.0,MutKnownFunctional,"-37,0.403"
X-5441,PLXNB3,5365.0,MutNovel,"V660M,1.000"
X-5441,PLXND1,23129.0,MutNovel,"A1891T,0.750"
X-5441,PMEL,6490.0,MutNovel,"V634I,0.615"
X-5441,PMPCB,9512.0,MutNovel,"R175C,0.496"
X-5441,PNPLA6,10908.0,MutNovel,"R1108W,0.457"
X-5441,PNRC1,10957.0,MutKnownFunctional,"-69,0.514"
X-5441,POC1B,282809.0,MutNovel,"N180D,0.563"
X-5441,PODNL1,79883.0,MutNovel,"R411H,0.750"
X-5441,POFUT2,23275.0,MutNovel,"R237C,0.467"
X-5441,POGK,57645.0,MutKnownFunctional,"-228,0.492"
X-5441,POLD1,5424.0,MutNovel,"R225C,0.766"
X-5441,POLG,5428.0,MutNovel,"K633T,0.393"
X-5441,POLG,5428.0,MutNovel,"RQ42Q,0.488"
X-5441,POLG,5428.0,MutNovel,"R42Q,0.209"
X-5441,POLR2A,5430.0,MutNovel,"A1091T,0.566"
X-5441,POLR2B,5431.0,MutNovel,"P398L,0.528"
X-5441,POLR2B,5431.0,MutNovel,"C696Y,0.446"
X-5441,POLR2C,5432.0,MutNovel,"R118Q,0.534"
X-5441,POLR2I,5438.0,MutNovel,"A94T,0.482"
X-5441,POLR3A,11128.0,MutNovel,"K1013E,0.548"
X-5441,POLRMT,5442.0,MutNovel,"R1034C,0.329"
X-5441,POLRMT,5442.0,MutNovel,"R1013C,0.567"
X-5441,POM121C,100101267.0,MutNovel,"G810S,0.458"
X-5441,POM121C,100101267.0,MutNovel,"V8L,0.469"
X-5441,POP1,10940.0,MutNovel,"V976F,0.293"
X-5441,POTEI,,MutNovel,"I803V,1.000"
X-5441,POU2F1,5451.0,MutKnownFunctional,"-696?,0.550"
X-5441,PPARGC1B,133522.0,MutNovel,"R683H,0.429"
X-5441,PPAT,5471.0,MutNovel,"R305H,0.421"
X-5441,PPFIA3,8541.0,MutNovel,"R489W,0.520"
X-5441,PPFIA3,8541.0,MutNovel,"R895H,0.524"
X-5441,PPIE,10450.0,MutNovel,"N295S,0.776"
X-5441,PPIF,10105.0,MutNovel,"A29T,0.550"
X-5441,PPIG,9360.0,MutNovel,"R235Q,0.528"
X-5441,PPL,5493.0,MutNovel,"E1635K,0.464"
X-5441,PPL,5493.0,MutNovel,"E1109K,0.521"
X-5441,PPL,5493.0,MutNovel,"R1022W,0.481"
X-5441,PPL,5493.0,MutKnownFunctional,"-454,0.250"
X-5441,PPME1,51400.0,MutNovel,"R228C,0.529"
X-5441,PPP1R10,5514.0,MutKnownFunctional,"-310,0.385"
X-5441,PPP1R10,5514.0,MutNovel,"R145H,0.331"
X-5441,PPP1R12A,4659.0,MutNovel,"T212M,0.470"
X-5441,PPP1R12B,4660.0,MutNovel,"T738M,0.533"
X-5441,PPP1R26,9858.0,MutNovel,"P874L,0.462"
X-5441,PPP1R3D,5509.0,MutNovel,"R214H,0.541"
X-5441,PPP1R3F,89801.0,MutNovel,"K644I,0.933"
X-5441,PPP1R3G,648791.0,MutNovel,"G322S,0.500"
X-5441,PPP6R1,22870.0,MutKnownFunctional,"-839,0.491"
X-5441,PPP6R1,22870.0,MutKnownFunctional,"-776,0.409"
X-5441,PRAM1,84106.0,MutNovel,"E248K,0.750"
X-5441,PRDM10,56980.0,MutNovel,"V241I,0.484"
X-5441,PRDM15,63977.0,MutNovel,"R800C,0.533"
X-5441,PRDM15,63977.0,MutNovel,"E665K,0.361"
X-5441,PRDM16,63976.0,MutNovel,"A1063T,0.500"
X-5441,PRDM2,7799.0,MutKnownFunctional,"-1436,0.500"
X-5441,PREX1,57580.0,MutNovel,"R653S,0.636"
X-5441,PRIC285,85441.0,MutNovel,"T1877M,0.439"
X-5441,PRIC285,85441.0,MutNovel,"R1357H,0.574"
X-5441,PRIC285,85441.0,MutNovel,"T1548M,0.600"
X-5441,PRIC285,85441.0,MutNovel,"R1494Q,0.480"
X-5441,PRIC285,85441.0,MutNovel,"A1040V,0.560"
X-5441,PRKCZ,5590.0,MutNovel,"A155T,0.481"
X-5441,PRKDC,5591.0,MutNovel,"T3421I,0.727"
X-5441,PRKDC,5591.0,MutNovel,"S1357R,0.643"
X-5441,PRMT1,3276.0,MutNovel,"R112C,0.431"
X-5441,PRMT2,3275.0,MutKnownFunctional,"-422?,1.000"
X-5441,PROM2,150696.0,MutNovel,"R810W,0.526"
X-5441,PRR12,57479.0,MutNovel,"R1120H,0.468"
X-5441,PRR14,78994.0,MutKnownFunctional,"-277,0.373"
X-5441,PRR14L,253143.0,MutNovel,"E408A,0.471"
X-5441,PRRC2A,7916.0,MutNovel,"R948L,0.496"
X-5441,PRRC2C,23215.0,MutNovel,"R1312Q,0.523"
X-5441,PRRG1,5638.0,MutKnownFunctional,"-132,1.000"
X-5441,PSMB7,5695.0,MutNovel,"R244W,0.522"
X-5441,PSMB8,5696.0,MutNovel,"R163Q,0.531"
X-5441,PSMD9,5715.0,MutKnownFunctional,"-195,0.443"
X-5441,PTBP1,5725.0,MutNovel,"S285N,0.428"
X-5441,PTEN,5728.0,MutNovel,"G208D,0.475"
X-5441,PTOV1,53635.0,MutKnownFunctional,"-414?,0.261"
X-5441,PTP4A3,11156.0,MutNovel,"T56M,0.480"
X-5441,PTPN14,5784.0,MutKnownFunctional,"-569,0.500"
X-5441,PTPN3,5774.0,MutNovel,"RA6HA,0.590"
X-5441,PTPN9,5780.0,MutNovel,"A47T,0.458"
X-5441,PTPRD,5789.0,MutNovel,"V702M,1.000"
X-5441,PTPRF,5792.0,MutNovel,"S1396Y,0.892"
X-5441,PTPRG,5793.0,MutNovel,"R271W,0.514"
X-5441,PTPRU,10076.0,MutNovel,"P1003L,0.458"
X-5441,PUM1,9698.0,MutNovel,"R1096C,0.553"
X-5441,PWP2,5822.0,MutNovel,"E265K,0.457"
X-5441,PWWP2B,170394.0,MutKnownFunctional,"-84,0.508"
X-5441,PXDN,7837.0,MutNovel,"V1288M,0.400"
X-5441,PXK,54899.0,MutNovel,"G578D,0.286"
X-5441,PXN,5829.0,MutNovel,"R430C,0.542"
X-5441,PYGL,5836.0,MutNovel,"G165V,0.443"
X-5441,QRICH2,84074.0,MutNovel,"R412H,0.500"
X-5441,QSOX2,169714.0,MutNovel,"R279W,0.488"
X-5441,RAB10,10890.0,MutNovel,"G19R,0.492"
X-5441,RAB11FIP2,22841.0,MutKnownFunctional,"-213?,0.295"
X-5441,RAB1A,5861.0,MutNovel,"T167M,0.470"
X-5441,RAB25,57111.0,MutNovel,"V123M,0.598"
X-5441,RAB3GAP2,25782.0,MutNovel,"K40R,0.239"
X-5441,RAB3IP,117177.0,MutKnownFunctional,"-130,0.509"
X-5441,RAB40C,57799.0,MutKnownFunctional,"-268,0.883"
X-5441,RAD52,5893.0,MutNovel,"F95C,0.357"
X-5441,RAD54L2,23132.0,MutNovel,"T1074M,0.570"
X-5441,RAET1G,353091.0,MutNovel,"I114T,0.455"
X-5441,RAI1,10743.0,MutNovel,"R1089Q,0.496"
X-5441,RAI1,10743.0,MutKnownFunctional,"-1294,0.462"
X-5441,RAI1,10743.0,MutNovel,"R1803H,0.521"
X-5441,RALGAPA1,253959.0,MutNovel,"P1355S,0.212"
X-5441,RALGPS1,9649.0,MutNovel,"R448Q,0.488"
X-5441,RALGPS1,9649.0,MutNovel,"R476W,0.459"
X-5441,RANBP2,5903.0,MutNovel,"R784K,0.368"
X-5441,RANBP2,5903.0,MutKnownFunctional,"-1293,0.408"
X-5441,RANGAP1,5905.0,MutNovel,"A187V,0.533"
X-5441,RANGAP1,5905.0,MutNovel,"R93W,0.445"
X-5441,RANGAP1,5905.0,MutKnownFunctional,"-21,0.407"
X-5441,RAP1GAP2,23108.0,MutNovel,"D719N,0.362"
X-5441,RASA4B,,MutNovel,"I300V,0.409"
X-5441,RASAL2,9462.0,MutNovel,"S841G,0.323"
X-5441,RBBP6,5930.0,MutKnownFunctional,"-1736?,0.378"
X-5441,RBFOX2,23543.0,MutNovel,"R259C,0.479"
X-5441,RBM10,8241.0,MutNovel,"S6P,1.000"
X-5441,RBM15B,29890.0,MutNovel,"R603H,0.332"
X-5441,RBM19,9904.0,MutNovel,"R935Q,0.462"
X-5441,RBM19,9904.0,MutNovel,"R387W,0.545"
X-5441,RBM22,55696.0,MutNovel,"T260M,0.545"
X-5441,RBM25,58517.0,MutNovel,"R431W,0.237"
X-5441,RBM25,58517.0,MutNovel,"A812V,0.711"
X-5441,RBM27,54439.0,MutNovel,"R190Q,0.776"
X-5441,RBM33,155435.0,MutNovel,"T394M,0.621"
X-5441,RBM38,55544.0,MutNovel,"A88V,0.508"
X-5441,RBM43,375287.0,MutKnownFunctional,"-136,0.917"
X-5441,RBMX,27316.0,MutNovel,"P301L,0.996"
X-5441,RC3H1,149041.0,MutNovel,"E336K,0.500"
X-5441,RC3H2,54542.0,MutNovel,"D210V,0.393"
X-5441,RCE1,9986.0,MutNovel,"M183I,0.462"
X-5441,RCOR3,55758.0,MutNovel,"R312H,0.433"
X-5441,RDBP,7936.0,MutKnownFunctional,"-6,0.515"
X-5441,RERE,473.0,MutNovel,"R1501H,0.516"
X-5441,RERE,473.0,MutNovel,"R1491H,0.586"
X-5441,RERE,473.0,MutNovel,"R1194Q,0.500"
X-5441,RFX1,5989.0,MutNovel,"A335T,0.500"
X-5441,RGL2,5863.0,MutKnownFunctional,"-203,0.391"
X-5441,RGS12,6002.0,MutKnownFunctional,"-1288,1.000"
X-5441,RHOBTB2,23221.0,MutNovel,"V40I,0.472"
X-5441,RHOBTB2,23221.0,MutNovel,"R483C,0.528"
X-5441,RHOD,29984.0,MutNovel,"R80C,0.465"
X-5441,RICTOR,253260.0,MutNovel,"R865C,0.556"
X-5441,RICTOR,253260.0,MutNovel,"R380H,0.750"
X-5441,RIF1,55183.0,MutKnownFunctional,"-1439,0.397"
X-5441,RINT1,60561.0,MutNovel,"M309I,0.593"
X-5441,RIOK1,83732.0,MutNovel,"V437L,0.265"
X-5441,RIOK3,8780.0,MutNovel,"V455D,0.466"
X-5441,RIPK4,54101.0,MutNovel,"R260H,0.402"
X-5441,RIT1,6016.0,MutNovel,"R103W,0.479"
X-5441,RNASEH1,246243.0,MutNovel,"V142I,0.476"
X-5441,RNASEL,6041.0,MutNovel,"T393M,0.500"
X-5441,RNF103,7844.0,MutNovel,"R195C,0.517"
X-5441,RNF115,27246.0,MutNovel,"A2T,0.356"
X-5441,RNF123,63891.0,MutNovel,"R843H,0.509"
X-5441,RNF126,55658.0,MutNovel,"A237V,0.520"
X-5441,RNF135,84282.0,MutNovel,"V188A,0.567"
X-5441,RNF145,153830.0,MutNovel,"T350M,0.478"
X-5441,RNF213,57674.0,MutNovel,"D717N,0.357"
X-5441,RNF213,57674.0,MutNovel,"G2328D,0.562"
X-5441,RNF216,54476.0,MutNovel,"G132S,0.421"
X-5441,RNF223,401934.0,MutKnownFunctional,"-232?,0.471"
X-5441,RNF4,6047.0,MutNovel,"S96L,0.413"
X-5441,RNF40,9810.0,MutNovel,"R604Q,0.439"
X-5441,RNF43,54894.0,MutNovel,"A463T,0.510"
X-5441,RNF44,22838.0,MutNovel,"R390W,0.494"
X-5441,RNPEP,6051.0,MutNovel,"A28V,0.638"
X-5441,RNPEPL1,57140.0,MutKnownFunctional,"-18,0.658"
X-5441,ROCK1,6093.0,MutNovel,"R1091H,0.697"
X-5441,ROCK2,9475.0,MutNovel,"R476H,0.457"
X-5441,RPAP1,26015.0,MutNovel,"V551M,0.534"
X-5441,RPL11,6135.0,MutNovel,"R90W,0.336"
X-5441,RPL28,6158.0,MutNovel,"R107C,0.500"
X-5441,RPN1,6184.0,MutNovel,"R406C,0.504"
X-5441,RPP40,10799.0,MutKnownFunctional,"-327,0.589"
X-5441,RPS17,6218.0,MutNovel,"R132W,0.636"
X-5441,RPS17L,,MutNovel,"R132W,0.688"
X-5441,RPS6,6194.0,MutNovel,"K249E,0.201"
X-5441,RPS6KC1,26750.0,MutNovel,"V315A,0.600"
X-5441,RPS6KC1,26750.0,MutNovel,"G1043E,0.505"
X-5441,RPTOR,57521.0,MutNovel,"G69D,0.600"
X-5441,RPTOR,57521.0,MutNovel,"R849C,0.406"
X-5441,RPTOR,57521.0,MutNovel,"P1036L,0.573"
X-5441,RPTOR,57521.0,MutNovel,"R1208W,0.482"
X-5441,RPTOR,57521.0,MutNovel,"R1300Q,0.532"
X-5441,RREB1,6239.0,MutNovel,"T351M,0.525"
X-5441,RREB1,6239.0,MutNovel,"T1099M,0.543"
X-5441,RRP12,23223.0,MutNovel,"R1005Q,0.556"
X-5441,RRP12,23223.0,MutNovel,"R997W,0.455"
X-5441,RSBN1L,222194.0,MutKnownFunctional,"-738?,0.543"
X-5441,RSG1,79363.0,MutNovel,"R188W,0.318"
X-5441,RTDR1,27156.0,MutKnownFunctional,"-126,0.667"
X-5441,RTKN2,219790.0,MutKnownFunctional,"-450,0.556"
X-5441,RTN3,10313.0,MutKnownFunctional,"-1028,0.495"
X-5441,RTN4R,65078.0,MutKnownFunctional,"-460?,0.491"
X-5441,RXRA,6256.0,MutNovel,"A344T,0.370"
X-5441,RYK,6259.0,MutNovel,"T189M,0.289"
X-5441,SAC3D1,29901.0,MutNovel,"T351M,0.582"
X-5441,SACS,26278.0,MutNovel,"P4178L,0.310"
X-5441,SACS,26278.0,MutKnownFunctional,"-1110,0.348"
X-5441,SACS,26278.0,MutNovel,"A617T,0.542"
X-5441,SACS,26278.0,MutKnownFunctional,"-254,0.559"
X-5441,SAFB2,9667.0,MutKnownFunctional,"-945,0.500"
X-5441,SAMHD1,25939.0,MutNovel,"R451C,0.750"
X-5441,SAP30L,79685.0,MutNovel,"D95N,0.532"
X-5441,SBF1,6305.0,MutNovel,"V513M,0.520"
X-5441,SCAF1,58506.0,MutKnownFunctional,"-1178,1.000"
X-5441,SCAF11,9169.0,MutNovel,"P718S,0.498"
X-5441,SCAF4,57466.0,MutKnownFunctional,"-652?,0.213"
X-5441,SCAP,22937.0,MutNovel,"L255P,0.246"
X-5441,SCARA3,51435.0,MutNovel,"S373N,0.636"
X-5441,SCD,6319.0,MutNovel,"T199M,0.561"
X-5441,SCRIB,23513.0,MutNovel,"R1564H,0.529"
X-5441,SCRIB,23513.0,MutKnownFunctional,"-965,0.415"
X-5441,SCYL1,57410.0,MutNovel,"C241Y,0.482"
X-5441,SCYL3,57147.0,MutKnownFunctional,"R84*,0.447"
X-5441,SDC1,6382.0,MutNovel,"K281-,0.511"
X-5441,SDC1,6382.0,MutNovel,"K281N,0.273"
X-5441,SDC3,9672.0,MutNovel,"R98H,0.487"
X-5441,SDF2L1,23753.0,MutNovel,"R156H,0.506"
X-5441,SDR42E1,93517.0,MutNovel,"C289Y,0.392"
X-5441,SELO,83642.0,MutNovel,"Q483R,0.245"
X-5441,SEMA4C,54910.0,MutNovel,"R410H,0.774"
X-5441,SEMA7A,8482.0,MutNovel,"V334I,0.563"
X-5441,SENP6,26054.0,MutKnownFunctional,"-578,0.407"
X-5441,SEPHS2,22928.0,MutNovel,"E445K,0.542"
X-5441,2014-09-08 00:00:00,23176.0,MutNovel,"P14Q,0.524"
X-5441,SERHL2,253190.0,MutNovel,"V246A,0.507"
X-5441,SERINC2,347735.0,MutKnownFunctional,"-30,0.500"
X-5441,SERINC2,347735.0,MutNovel,"-373Q,0.505"
X-5441,SESTD1,91404.0,MutNovel,"R223H,0.410"
X-5441,SETD1A,9739.0,MutNovel,"D589G,0.625"
X-5441,SETD1A,9739.0,MutNovel,"P1087T,0.605"
X-5441,SETD2,29072.0,MutNovel,"R1790Q,0.325"
X-5441,SETD2,29072.0,MutNovel,"R1625H,0.295"
X-5441,SF1,7536.0,MutNovel,"A658T,0.484"
X-5441,SF3A2,8175.0,MutKnownFunctional,"-281,0.503"
X-5441,SGK223,157285.0,MutNovel,"P1160T,0.409"
X-5441,SGSH,6448.0,MutNovel,"A30V,0.577"
X-5441,SH2B1,25970.0,MutKnownFunctional,"-473,0.541"
X-5441,SH2B2,10603.0,MutKnownFunctional,"-455,0.444"
X-5441,SH3GLB2,56904.0,MutNovel,"R145H,0.435"
X-5441,SH3TC1,54436.0,MutNovel,"A704V,0.444"
X-5441,SH3YL1,26751.0,MutNovel,"N8D,0.459"
X-5441,SHANK3,85358.0,MutKnownFunctional,"-1212?,0.812"
X-5441,SHB,6461.0,MutKnownFunctional,"-42?,0.509"
X-5441,SHMT2,6472.0,MutNovel,"R437H,0.478"
X-5441,SHROOM1,134549.0,MutKnownFunctional,"-675,0.366"
X-5441,SHROOM3,57619.0,MutNovel,"R1092H,0.377"
X-5441,SIDT2,51092.0,MutNovel,"A762V,0.496"
X-5441,SIK2,23235.0,MutNovel,"R113W,0.427"
X-5441,SIN3B,23309.0,MutKnownFunctional,"-775,0.391"
X-5441,SIPA1L1,26037.0,MutKnownFunctional,"-56,0.474"
X-5441,SKIL,6498.0,MutKnownFunctional,"-30,0.294"
X-5441,SLC12A7,10723.0,MutNovel,"A233T,0.483"
X-5441,SLC16A3,9123.0,MutNovel,"R226S,0.525"
X-5441,SLC19A1,6573.0,MutNovel,"V83M,0.505"
X-5441,SLC19A2,10560.0,MutNovel,"E337D,0.616"
X-5441,SLC20A1,6574.0,MutKnownFunctional,"-328,0.405"
X-5441,SLC20A1,6574.0,MutNovel,"G386S,0.745"
X-5441,SLC22A23,63027.0,MutNovel,"R638C,0.443"
X-5441,SLC22A5,6584.0,MutNovel,"R471H,0.541"
X-5441,SLC25A35,399512.0,MutKnownFunctional,"R245*,0.464"
X-5441,SLC26A6,65010.0,MutNovel,"G606S,0.622"
X-5441,SLC26A7,115111.0,MutNovel,"M56I,1.000"
X-5441,SLC27A1,376497.0,MutNovel,"A645T,0.500"
X-5441,SLC27A2,11001.0,MutNovel,"A82V,0.245"
X-5441,SLC2A10,81031.0,MutNovel,"A449T,0.340"
X-5441,SLC2A13,114134.0,MutNovel,"R264Q,0.422"
X-5441,SLC2A4,6517.0,MutNovel,"R416H,1.000"
X-5441,SLC33A1,9197.0,MutNovel,"I95L,0.372"
X-5441,SLC35A2,7355.0,MutNovel,"R55H,1.000"
X-5441,SLC35C1,55343.0,MutNovel,"T217M,0.486"
X-5441,SLC35C2,51006.0,MutNovel,"F123S,0.415"
X-5441,SLC35E1,79939.0,MutNovel,"R362W,0.458"
X-5441,SLC35E2B,728661.0,MutNovel,"V344I,0.272"
X-5441,SLC35E4,339665.0,MutNovel,"G200R,0.241"
X-5441,SLC38A10,124565.0,MutNovel,"FV166LG,0.463"
X-5441,SLC38A5,92745.0,MutNovel,"G199D,0.992"
X-5441,SLC39A13,91252.0,MutNovel,"A113T,0.518"
X-5441,SLC39A14,23516.0,MutNovel,"V163I,0.566"
X-5441,SLC3A2,6520.0,MutNovel,"R525W,0.498"
X-5441,SLC43A2,124935.0,MutNovel,"R416Q,0.523"
X-5441,SLC44A3,126969.0,MutNovel,"V105D,0.625"
X-5441,SLC6A19,340024.0,MutNovel,"A271T,0.500"
X-5441,SLC6A6,6533.0,MutKnownFunctional,"-390,0.614"
X-5441,SLC6A9,6536.0,MutNovel,"V442M,0.347"
X-5441,SLC7A5,8140.0,MutNovel,"V185M,0.512"
X-5441,SLC9A2,6549.0,MutKnownFunctional,"-746,0.619"
X-5441,SLC9A3,6550.0,MutNovel,"G412R,0.619"
X-5441,SLC9A5,6553.0,MutNovel,"L377I,0.400"
X-5441,SLC9A5,6553.0,MutNovel,"R836C,0.429"
X-5441,SLC9A7,84679.0,MutNovel,"A627T,1.000"
X-5441,SLC9A8,23315.0,MutNovel,"R568C,0.511"
X-5441,SLFN11,91607.0,MutNovel,"D642V,0.812"
X-5441,SLIT1,6585.0,MutNovel,"R624H,1.000"
X-5441,SLX4,84464.0,MutNovel,"R1062C,0.750"
X-5441,SMAD6,4091.0,MutNovel,"L229T,0.571"
X-5441,SMARCA2,6595.0,MutNovel,"L204V,0.462"
X-5441,SMARCA2,6595.0,MutNovel,"R504Q,0.439"
X-5441,SMARCA2,6595.0,MutNovel,"G608R,0.478"
X-5441,SMARCA2,6595.0,MutNovel,"P816L,0.526"
X-5441,SMARCA4,6597.0,MutNovel,"T794M,0.892"
X-5441,SMARCAL1,50485.0,MutNovel,"QK936Q,0.405"
X-5441,SMARCD2,6603.0,MutKnownFunctional,"-13,0.624"
X-5441,SMC6,79677.0,MutNovel,"A739G,0.209"
X-5441,SMCHD1,23347.0,MutNovel,"D231G,0.317"
X-5441,SMCR8,140775.0,MutNovel,"M166I,0.357"
X-5441,SMEK1,55671.0,MutKnownFunctional,"-159,0.504"
X-5441,SMG1,23049.0,MutKnownFunctional,"-1564,0.373"
X-5441,SMG8,55181.0,MutNovel,"AP670A,0.514"
X-5441,SMPD4,55627.0,MutNovel,"A396T,0.339"
X-5441,SMTN,6525.0,MutKnownFunctional,"-291,0.438"
X-5441,SMYD2,56950.0,MutNovel,"A114V,0.433"
X-5441,SMYD4,114826.0,MutNovel,"V485M,0.476"
X-5441,SMYD4,114826.0,MutNovel,"T368M,0.415"
X-5441,SNRNP70,6625.0,MutNovel,"R120W,0.547"
X-5441,SNTB1,6641.0,MutNovel,"Y498H,0.500"
X-5441,SNX19,399979.0,MutNovel,"S17C,0.600"
X-5441,SNX25,83891.0,MutKnownFunctional,"-636,0.407"
X-5441,SNX30,401548.0,MutNovel,"R402W,0.471"
X-5441,SNX8,29886.0,MutNovel,"Q379R,0.578"
X-5441,SOGA2,,MutNovel,"V857M,0.500"
X-5441,SOGA2,,MutKnownFunctional,"-893,0.444"
X-5441,SORBS1,10580.0,MutNovel,"R1220Q,0.560"
X-5441,SORL1,6653.0,MutKnownFunctional,"-2151,0.507"
X-5441,SOX4,6659.0,MutKnownFunctional,"-197,0.500"
X-5441,SOX4,6659.0,MutKnownFunctional,"-242,0.506"
X-5441,SOX7,83595.0,MutNovel,"R102H,0.750"
X-5441,SOX9,6662.0,MutNovel,"V77I,0.528"
X-5441,SOX9,6662.0,MutKnownFunctional,"-304,0.500"
X-5441,SP140L,93349.0,MutNovel,"R366W,0.568"
X-5441,SP5,389058.0,MutNovel,"-228A,0.375"
X-5441,SPATA2,9825.0,MutNovel,"P103Q,0.456"
X-5441,SPDEF,25803.0,MutNovel,"S229L,0.486"
X-5441,SPDYE6,729597.0,MutNovel,"R310H,0.279"
X-5441,SPEN,23013.0,MutNovel,"Q1538R,0.563"
X-5441,SPG11,80208.0,MutNovel,"R2229W,0.511"
X-5441,SPG7,6687.0,MutNovel,"R474W,0.262"
X-5441,SPG7,6687.0,MutNovel,"L493P,0.533"
X-5441,SPINK5,11005.0,MutNovel,"R853Q,0.667"
X-5441,SPINT1,6692.0,MutNovel,"R442H,0.372"
X-5441,SPINT1,6692.0,MutNovel,"G462C,0.354"
X-5441,SPINT2,10653.0,MutNovel,"R225W,0.269"
X-5441,SPPL2B,56928.0,MutNovel,"S330L,0.460"
X-5441,SPRR1B,6699.0,MutNovel,"H42Q,0.300"
X-5441,SPRR1B,6699.0,MutNovel,"V61I,0.222"
X-5441,SPTBN2,6712.0,MutNovel,"R1250W,0.500"
X-5441,SPTLC2,9517.0,MutNovel,"V494I,0.510"
X-5441,SRC,6714.0,MutNovel,"L401P,0.431"
X-5441,SRCAP,10847.0,MutNovel,"R1352Q,0.440"
X-5441,SRCAP,10847.0,MutKnownFunctional,"-2177,0.421"
X-5441,SRCAP,10847.0,MutNovel,"R2771W,0.509"
X-5441,SREBF2,6721.0,MutKnownFunctional,"Q1127*,0.278"
X-5441,SRGAP3,9901.0,MutNovel,"S1096L,0.333"
X-5441,SRR,63826.0,MutNovel,"D257G,0.453"
X-5441,SRRM2,23524.0,MutNovel,"T1939M,0.796"
X-5441,SRRT,51593.0,MutNovel,"P145A,0.473"
X-5441,SRSF10,10772.0,MutNovel,"R182W,0.400"
X-5441,SRSF4,6429.0,MutNovel,"R328C,0.498"
X-5441,SSH2,85464.0,MutNovel,"G681R,0.514"
X-5441,SSRP1,6749.0,MutNovel,"R517W,0.518"
X-5441,ST14,6768.0,MutNovel,"S3R,0.448"
X-5441,STAG1,10274.0,MutKnownFunctional,"R1206*,0.250"
X-5441,STAT1,6772.0,MutNovel,"P332L,0.623"
X-5441,STAT5A,6776.0,MutNovel,"G613R,0.400"
X-5441,STK11IP,114790.0,MutNovel,"A963V,0.543"
X-5441,STK17A,9263.0,MutNovel,"D357N,0.330"
X-5441,STK35,140901.0,MutKnownFunctional,"-118,0.491"
X-5441,STOML2,30968.0,MutNovel,"A290T,0.453"
X-5441,STRC,161497.0,MutNovel,"T1565S,0.304"
X-5441,STT3A,3703.0,MutNovel,"R656H,0.533"
X-5441,STT3B,201595.0,MutNovel,"R742H,0.484"
X-5441,STX2,2054.0,MutKnownFunctional,"-252,0.387"
X-5441,STX5,6811.0,MutNovel,"R207Q,0.524"
X-5441,STXBP1,6812.0,MutNovel,"R551C,0.611"
X-5441,SUGP2,10147.0,MutNovel,"R308W,0.464"
X-5441,SULF2,55959.0,MutNovel,"R518C,0.864"
X-5441,SUN2,25777.0,MutNovel,"A571T,0.513"
X-5441,SUN2,25777.0,MutNovel,"R360C,0.485"
X-5441,SUOX,6821.0,MutNovel,"A15T,0.475"
X-5441,SUPT3H,8464.0,MutNovel,"A241V,0.692"
X-5441,SUPT6H,6830.0,MutNovel,"E132D,0.529"
X-5441,SURF4,6836.0,MutNovel,"V217I,0.490"
X-5441,SUSD1,64420.0,MutNovel,"A746V,0.211"
X-5441,SUV420H2,84787.0,MutKnownFunctional,"-40,0.479"
X-5441,SVIL,6840.0,MutNovel,"R1356C,0.489"
X-5441,SVIL,6840.0,MutNovel,"G1138R,0.417"
X-5441,SYCE1L,100130958.0,MutNovel,"G21R,0.504"
X-5441,SYCP2,10388.0,MutNovel,"K795E,0.905"
X-5441,SYMPK,8189.0,MutNovel,"V1064I,0.534"
X-5441,SYNC,81493.0,MutNovel,"P27H,0.375"
X-5441,SYNE1,23345.0,MutNovel,"E8391D,0.333"
X-5441,SYNE1,23345.0,MutNovel,"M7587V,0.714"
X-5441,SYNJ2,8871.0,MutNovel,"T74M,0.444"
X-5441,SYNJ2,8871.0,MutNovel,"L842P,0.585"
X-5441,SYNJ2,8871.0,MutKnownFunctional,"-1111,0.556"
X-5441,SYT15,83849.0,MutKnownFunctional,"R381*,1.000"
X-5441,SYT17,51760.0,MutNovel,"R146Q,1.000"
X-5441,SZT2,23334.0,MutKnownFunctional,"-1201,0.391"
X-5441,SZT2,23334.0,MutNovel,"R1882W,0.410"
X-5441,SZT2,23334.0,MutNovel,"T2132M,0.459"
X-5441,TAB1,10454.0,MutKnownFunctional,"-431,0.454"
X-5441,TAF11,6882.0,MutNovel,"R126H,0.493"
X-5441,TAF1C,9013.0,MutKnownFunctional,"-707,0.488"
X-5441,TAF8,129685.0,MutNovel,"R113Q,0.643"
X-5441,TANC2,26115.0,MutNovel,"R1972Q,0.371"
X-5441,TAOK2,9344.0,MutNovel,"V898I,0.400"
X-5441,TAOK3,51347.0,MutKnownFunctional,"Q61*,0.560"
X-5441,TAX1BP1,8887.0,MutNovel,"S723R,0.494"
X-5441,TBC1D10B,26000.0,MutNovel,"P55L,0.392"
X-5441,TBC1D16,125058.0,MutNovel,"V46M,0.622"
X-5441,TBC1D2,55357.0,MutNovel,"G710S,0.465"
X-5441,TBC1D2,55357.0,MutNovel,"A352T,0.629"
X-5441,TBC1D20,128637.0,MutNovel,"R350W,0.216"
X-5441,TBC1D23,55773.0,MutKnownFunctional,"-647,0.500"
X-5441,TBC1D2B,23102.0,MutNovel,"Q537R,0.529"
X-5441,TBC1D30,23329.0,MutNovel,"R116H,0.214"
X-5441,TBC1D30,23329.0,MutNovel,"P564L,0.229"
X-5441,TBC1D3B,414059.0,MutNovel,"S248P,1.000"
X-5441,TBC1D4,9882.0,MutNovel,"R594W,0.435"
X-5441,TBC1D9B,23061.0,MutNovel,"T1174M,0.524"
X-5441,TBL1XR1,79718.0,MutNovel,"R513Q,0.500"
X-5441,TBL2,26608.0,MutNovel,"R325H,0.484"
X-5441,TBX3,6926.0,MutNovel,"S688L,0.345"
X-5441,TBX3,6926.0,MutKnownFunctional,"-498,0.500"
X-5441,TBX3,6926.0,MutNovel,"G426R,0.459"
X-5441,TC2N,123036.0,MutNovel,"M326T,0.244"
X-5441,TCEB3,6924.0,MutNovel,"R443Q,0.489"
X-5441,TCERG1,10915.0,MutNovel,"QAQA210-,0.600"
X-5441,TCERG1,10915.0,MutKnownFunctional,"R1095*,0.616"
X-5441,TCF19,6941.0,MutNovel,"P300S,0.492"
X-5441,TCF20,6942.0,MutNovel,"A1077T,0.582"
X-5441,TCF25,22980.0,MutNovel,"A532T,0.488"
X-5441,TCF3,6929.0,MutNovel,"P473L,0.460"
X-5441,TCIRG1,10312.0,MutNovel,"R253C,0.464"
X-5441,TCIRG1,10312.0,MutNovel,"H659R,0.361"
X-5441,TCIRG1,10312.0,MutNovel,"R660H,0.635"
X-5441,TDRD5,163589.0,MutNovel,"V1030M,0.312"
X-5441,TEAD2,8463.0,MutKnownFunctional,"-299,1.000"
X-5441,TENC1,23371.0,MutKnownFunctional,"-503,0.800"
X-5441,TENC1,23371.0,MutKnownFunctional,"-1032,0.500"
X-5441,TEP1,7011.0,MutKnownFunctional,"-1928,0.483"
X-5441,TERF2,7014.0,MutNovel,"M486V,0.476"
X-5441,TESC,54997.0,MutNovel,"G128S,1.000"
X-5441,TEX10,54881.0,MutNovel,"E283K,0.226"
X-5441,TEX2,55852.0,MutNovel,"S138L,0.452"
X-5441,TEX264,51368.0,MutNovel,"P126L,0.531"
X-5441,TFE3,7030.0,MutKnownFunctional,"-482?,1.000"
X-5441,TFEB,7942.0,MutNovel,"D474N,0.351"
X-5441,TGFB1I1,7041.0,MutNovel,"S137N,0.311"
X-5441,TGFBI,7045.0,MutNovel,"A659V,0.916"
X-5441,TGFBR2,7048.0,MutNovel,"E150G,0.396"
X-5441,TGFBR2,7048.0,MutNovel,"T231M,0.504"
X-5441,TGIF1,7050.0,MutNovel,"R106L,0.448"
X-5441,TGS1,96764.0,MutNovel,"R485C,0.443"
X-5441,THAP11,57215.0,MutNovel,"QQQQQQ114-,0.800"
X-5441,THAP11,57215.0,MutNovel,"S133P,0.446"
X-5441,THAP3,90326.0,MutKnownFunctional,"-194,0.493"
X-5441,THAP5,168451.0,MutKnownFunctional,"-99,0.623"
X-5441,THAP9,79725.0,MutKnownFunctional,"-339,0.471"
X-5441,THBS3,7059.0,MutKnownFunctional,"-915,0.492"
X-5441,THBS3,7059.0,MutNovel,"E103D,0.281"
X-5441,THBS4,7060.0,MutNovel,"V718I,0.500"
X-5441,THOP1,7064.0,MutNovel,"A12V,0.570"
X-5441,THRA,7067.0,MutNovel,"A348V,0.593"
X-5441,TICAM1,148022.0,MutNovel,"R123H,0.436"
X-5441,TIMM22,29928.0,MutNovel,"R147W,0.519"
X-5441,TIMM23,100287932.0,MutNovel,"R179Q,0.472"
X-5441,TIMP2,7077.0,MutNovel,"T91M,0.506"
X-5441,TIRAP,114609.0,MutNovel,"T148M,0.426"
X-5441,TJAP1,93643.0,MutNovel,"R444C,0.433"
X-5441,TJP1,7082.0,MutKnownFunctional,"R42*,0.318"
X-5441,TJP3,27134.0,MutNovel,"R391H,0.468"
X-5441,TLCD2,727910.0,MutNovel,"R36H,0.400"
X-5441,TLE1,7088.0,MutNovel,"V351I,0.441"
X-5441,TLN1,7094.0,MutNovel,"Q1458H,0.436"
X-5441,TLN2,83660.0,MutNovel,"A847T,0.480"
X-5441,TLR3,7098.0,MutKnownFunctional,"-814,0.509"
X-5441,TLR5,7100.0,MutNovel,"Y719H,0.364"
X-5441,TM2D3,80213.0,MutNovel,"R210W,0.367"
X-5441,TMBIM4,51643.0,MutKnownFunctional,"-174?,1.000"
X-5441,TMED2,10959.0,MutNovel,"A140V,0.478"
X-5441,TMED9,54732.0,MutNovel,"R186Q,0.486"
X-5441,TMEM132A,54972.0,MutNovel,"R565L,0.692"
X-5441,TMEM132A,54972.0,MutNovel,"T631M,0.778"
X-5441,TMEM138,51524.0,MutNovel,"V139I,0.408"
X-5441,TMEM139,135932.0,MutNovel,"A20T,0.422"
X-5441,TMEM175,84286.0,MutNovel,"V80I,0.534"
X-5441,TMEM177,80775.0,MutNovel,"A108T,0.456"
X-5441,TMEM184A,202915.0,MutNovel,"G392GA,0.510"
X-5441,TMEM19,55266.0,MutKnownFunctional,"-70,0.257"
X-5441,TMEM194A,23306.0,MutNovel,"L52P,0.427"
X-5441,TMEM194B,100131211.0,MutNovel,"Y339C,0.571"
X-5441,TMEM246,,MutKnownFunctional,"-99,0.497"
X-5441,TMEM38A,79041.0,MutNovel,"HD259H,0.219"
X-5441,TMEM38B,55151.0,MutNovel,"C66Y,0.421"
X-5441,TMEM57,55219.0,MutKnownFunctional,"-100,0.359"
X-5441,TMEM60,85025.0,MutKnownFunctional,"-77,1.000"
X-5441,TMEM87A,25963.0,MutNovel,"G49W,0.344"
X-5441,TMEM8A,58986.0,MutNovel,"V143I,0.819"
X-5441,TMEM92,162461.0,MutKnownFunctional,"-137,0.465"
X-5441,TMEM97,27346.0,MutKnownFunctional,"-173,0.507"
X-5441,TMPPE,643853.0,MutNovel,"A32T,0.308"
X-5441,TMX1,81542.0,MutNovel,"R212C,0.531"
X-5441,TNFAIP8L2-SCNM1,100534012.0,MutNovel,"S163I,0.522"
X-5441,TNFRSF1A,7132.0,MutNovel,"R409Q,0.421"
X-5441,TNFRSF6B,8771.0,MutKnownFunctional,"-52,0.430"
X-5441,TNFSF13B,10673.0,MutKnownFunctional,"-278,0.615"
X-5441,TNK2,10188.0,MutNovel,"R688W,0.409"
X-5441,TNK2,10188.0,MutNovel,"V562M,0.590"
X-5441,TNK2,10188.0,MutNovel,"R326H,0.500"
X-5441,TNKS,8658.0,MutNovel,"R1044Q,0.497"
X-5441,TNKS,8658.0,MutNovel,"V1154D,0.517"
X-5441,TNKS1BP1,85456.0,MutNovel,"G1242R,0.754"
X-5441,TNKS2,80351.0,MutKnownFunctional,"-191,0.250"
X-5441,TNPO1,3842.0,MutNovel,"R692Q,0.473"
X-5441,TNPO2,30000.0,MutNovel,"E359D,0.552"
X-5441,TNRC18,84629.0,MutKnownFunctional,"R1998*,0.411"
X-5441,TNRC18,84629.0,MutKnownFunctional,"-136?,0.490"
X-5441,TNRC6A,27327.0,MutKnownFunctional,"-185,0.560"
X-5441,TNRC6B,23112.0,MutNovel,"R107H,0.600"
X-5441,TNRC6B,23112.0,MutKnownFunctional,"-1506,0.265"
X-5441,TNRC6C,57690.0,MutNovel,"R1343Q,0.632"
X-5441,TNS1,7145.0,MutNovel,"L82I,0.500"
X-5441,TNS4,84951.0,MutNovel,"L704P,0.435"
X-5441,TNXB,7148.0,MutNovel,"E3213K,0.600"
X-5441,TNXB,7148.0,MutNovel,"R3209H,0.298"
X-5441,TNXB,7148.0,MutNovel,"R1476C,0.556"
X-5441,TNXB,7148.0,MutNovel,"L993P,0.235"
X-5441,TNXB,7148.0,MutNovel,"R959C,0.500"
X-5441,TOB2,10766.0,MutNovel,"R23C,0.433"
X-5441,TOLLIP,54472.0,MutNovel,"V5I,0.527"
X-5441,TONSL,4796.0,MutNovel,"H1154Y,0.427"
X-5441,TOR1AIP1,26092.0,MutNovel,"MT146TI,0.451"
X-5441,TOR2A,27433.0,MutNovel,"E136K,0.475"
X-5441,TOR4A,,MutNovel,"R245Q,0.680"
X-5441,TOX,9760.0,MutNovel,"K256-,0.278"
X-5441,TOX3,27324.0,MutNovel,"Q452RK,0.460"
X-5441,TOX4,9878.0,MutNovel,"R442Q,0.532"
X-5441,TP53BP1,7158.0,MutNovel,"A1751V,0.667"
X-5441,TPCN1,53373.0,MutNovel,"V809I,0.559"
X-5441,TPM4,7171.0,MutNovel,"H153Y,0.488"
X-5441,TPPP,11076.0,MutNovel,"A119V,0.393"
X-5441,TPR,7175.0,MutNovel,"G1921R,0.242"
X-5441,TPR,7175.0,MutNovel,"A1559V,0.485"
X-5441,TPRA1,131601.0,MutNovel,"V230M,0.550"
X-5441,TPRG1,285386.0,MutNovel,"R64Q,0.750"
X-5441,TRABD,80305.0,MutNovel,"V261I,0.579"
X-5441,TRAF7,84231.0,MutNovel,"R93H,0.765"
X-5441,TRAP1,10131.0,MutNovel,"E216D,0.787"
X-5441,TRAPPC10,7109.0,MutNovel,"V768I,0.480"
X-5441,TRAPPC5,126003.0,MutNovel,"R113C,0.546"
X-5441,TRAPPC8,22878.0,MutNovel,"E511G,0.469"
X-5441,TRAPPC9,83696.0,MutNovel,"E1128K,0.482"
X-5441,TRIB1,10221.0,MutNovel,"R184Q,0.451"
X-5441,TRIM11,81559.0,MutNovel,"T437M,0.494"
X-5441,TRIM16,10626.0,MutNovel,"T278I,0.517"
X-5441,TRIM23,373.0,MutNovel,"R238W,0.530"
X-5441,TRIM26,7726.0,MutKnownFunctional,"-282,0.479"
X-5441,TRIM3,10612.0,MutNovel,"D652N,0.417"
X-5441,TRIM34,53840.0,MutNovel,"V9I,0.526"
X-5441,TRIM34,53840.0,MutNovel,"N196S,0.552"
X-5441,TRIM37,4591.0,MutNovel,"A841V,0.503"
X-5441,TRIM41,90933.0,MutNovel,"R504H,0.591"
X-5441,TRIM47,91107.0,MutNovel,"R251H,0.617"
X-5441,TRIM56,81844.0,MutNovel,"R136H,0.465"
X-5441,TRIM72,493829.0,MutNovel,"A333V,0.433"
X-5441,TRIO,7204.0,MutNovel,"R662C,0.472"
X-5441,TRIO,7204.0,MutKnownFunctional,"-2473,0.472"
X-5441,TRIOBP,11078.0,MutNovel,"C1293Y,0.667"
X-5441,TRIOBP,11078.0,MutNovel,"A1523T,0.500"
X-5441,TRIP11,9321.0,MutNovel,"A59V,0.560"
X-5441,TRMT1,55621.0,MutKnownFunctional,"-271,0.489"
X-5441,TRMT2B,79979.0,MutKnownFunctional,"R438*,1.000"
X-5441,TRPM4,54795.0,MutNovel,"R1147C,0.204"
X-5441,TRPM5,29850.0,MutNovel,"R723C,0.582"
X-5441,TRPV1,7442.0,MutNovel,"C716Y,0.570"
X-5441,TRPV1,7442.0,MutNovel,"C391Y,0.560"
X-5441,TSC22D1,8848.0,MutNovel,"R915C,0.500"
X-5441,TSEN34,79042.0,MutNovel,"R279C,0.430"
X-5441,TSGA10,80705.0,MutNovel,"R125M,0.308"
X-5441,TSHZ1,10194.0,MutKnownFunctional,"-316,0.410"
X-5441,TSPAN31,6302.0,MutNovel,"G177D,0.318"
X-5441,TSPEAR,54084.0,MutNovel,"V91I,0.625"
X-5441,TSPYL1,7259.0,MutNovel,"V176VW,0.452"
X-5441,TSPYL4,23270.0,MutNovel,"R392C,0.571"
X-5441,TSSC1,7260.0,MutNovel,"Y39H,0.525"
X-5441,TST,7263.0,MutNovel,"M74V,0.496"
X-5441,TTC21B,79809.0,MutNovel,"R832C,0.442"
X-5441,TTC6,,MutNovel,"R227Q,0.429"
X-5441,TTK,7272.0,MutKnownFunctional,"-854,0.242"
X-5441,TTLL1,25809.0,MutNovel,"R162Q,0.486"
X-5441,TTLL10,254173.0,MutNovel,"F376L,0.784"
X-5441,TTLL10,254173.0,MutNovel,"K526N,0.429"
X-5441,TTLL10,254173.0,MutNovel,"R584H,0.750"
X-5441,TTLL5,23093.0,MutNovel,"R261W,0.348"
X-5441,TTN,7273.0,MutNovel,"R22274C,1.000"
X-5441,TTN,7273.0,MutNovel,"P16086L,0.667"
X-5441,TTPAL,79183.0,MutNovel,"E319K,0.566"
X-5441,TUBA1B,10376.0,MutNovel,"A58T,0.420"
X-5441,TUBGCP2,10844.0,MutNovel,"R823Q,0.421"
X-5441,TUBGCP6,85378.0,MutNovel,"A1714T,0.470"
X-5441,TXLNA,200081.0,MutNovel,"P541H,0.766"
X-5441,UBA3,9039.0,MutKnownFunctional,"-410,0.481"
X-5441,UBA6,55236.0,MutNovel,"T160I,0.509"
X-5441,UBAC2,337867.0,MutNovel,"R277H,0.472"
X-5441,UBAP2,55833.0,MutNovel,"S1095N,0.558"
X-5441,UBB,7314.0,MutKnownFunctional,"-188?,0.500"
X-5441,UBE2F,140739.0,MutNovel,"T3M,0.422"
X-5441,UBE2J2,118424.0,MutNovel,"T264M,0.455"
X-5441,UBE2K,3093.0,MutKnownFunctional,"-164,0.363"
X-5441,UBE2O,63893.0,MutNovel,"G797R,0.491"
X-5441,UBE2O,63893.0,MutNovel,"G237D,0.462"
X-5441,UBE2Q1,55585.0,MutNovel,"G272R,0.367"
X-5441,UBE3B,89910.0,MutNovel,"R17H,0.545"
X-5441,UBE3B,89910.0,MutNovel,"P983L,0.240"
X-5441,UBE4B,10277.0,MutNovel,"F195L,0.221"
X-5441,UBE4B,10277.0,MutNovel,"P490L,0.797"
X-5441,UBQLN4,56893.0,MutNovel,"P360L,0.476"
X-5441,UBR1,197131.0,MutNovel,"G1663R,0.559"
X-5441,UBR3,130507.0,MutNovel,"R1386C,0.523"
X-5441,UBR4,23352.0,MutNovel,"R4872W,0.601"
X-5441,UBR4,23352.0,MutNovel,"R258H,0.820"
X-5441,UBR5,51366.0,MutKnownFunctional,"-2120,0.353"
X-5441,UBR5,51366.0,MutNovel,"A1862T,0.787"
X-5441,UBXN11,91544.0,MutNovel,"P503PVP,0.923"
X-5441,UFL1,23376.0,MutNovel,"R160Q,0.696"
X-5441,UGCG,7357.0,MutKnownFunctional,"-363,0.511"
X-5441,UGDH,7358.0,MutNovel,"R427H,0.833"
X-5441,UHRF1BP1,54887.0,MutNovel,"T211M,0.500"
X-5441,UHRF1BP1L,23074.0,MutNovel,"R1393C,0.500"
X-5441,UHRF1BP1L,23074.0,MutNovel,"R1207Q,0.519"
X-5441,UNC119,9094.0,MutKnownFunctional,"-198,0.461"
X-5441,UNC45A,55898.0,MutNovel,"L422M,0.599"
X-5441,UNC45A,55898.0,MutNovel,"R768W,0.498"
X-5441,UNK,85451.0,MutNovel,"A731T,0.531"
X-5441,UPF3A,65110.0,MutKnownFunctional,"-264,0.857"
X-5441,URB2,9816.0,MutNovel,"R829C,0.460"
X-5441,USP12,219333.0,MutNovel,"A18T,0.532"
X-5441,USP15,9958.0,MutNovel,"V565M,0.543"
X-5441,USP20,10868.0,MutNovel,"P367L,0.500"
X-5441,USP28,57646.0,MutNovel,"E328K,0.422"
X-5441,USP34,9736.0,MutNovel,"G3488D,0.494"
X-5441,USP34,9736.0,MutNovel,"A3214V,0.450"
X-5441,USP34,9736.0,MutNovel,"R3109W,0.377"
X-5441,USP35,57558.0,MutKnownFunctional,"-652,0.368"
X-5441,USP35,57558.0,MutNovel,"R970W,0.625"
X-5441,USP36,57602.0,MutNovel,"KKK958K,0.528"
X-5441,USP4,7375.0,MutNovel,"R411W,0.422"
X-5441,USP42,84132.0,MutNovel,"V796I,0.474"
X-5441,USP42,84132.0,MutKnownFunctional,"-1234,0.512"
X-5441,USP5,8078.0,MutNovel,"R222C,0.472"
X-5441,USPL1,10208.0,MutNovel,"T254I,0.283"
X-5441,UTRN,7402.0,MutNovel,"R3348H,0.769"
X-5441,UVSSA,,MutNovel,"A499V,0.436"
X-5441,UVSSA,,MutNovel,"G558R,0.446"
X-5441,VAC14,55697.0,MutNovel,"R110C,0.490"
X-5441,VAMP1,6843.0,MutNovel,"A84V,0.421"
X-5441,VASN,114990.0,MutNovel,"R216C,0.860"
X-5441,VASN,114990.0,MutKnownFunctional,"-538,0.707"
X-5441,VAX2,25806.0,MutNovel,"A36V,0.500"
X-5441,VCL,7414.0,MutNovel,"R1107W,0.490"
X-5441,VGLL4,9686.0,MutNovel,"V170M,0.482"
X-5441,VMP1,81671.0,MutNovel,"Q253H,0.485"
X-5441,VPRBP,9730.0,MutKnownFunctional,"R802*,0.345"
X-5441,VPS13D,55187.0,MutNovel,"V2622I,0.462"
X-5441,VPS16,64601.0,MutNovel,"R275C,0.480"
X-5441,VPS18,57617.0,MutNovel,"A165T,0.407"
X-5441,VPS18,57617.0,MutKnownFunctional,"R517*,0.265"
X-5441,VPS37B,79720.0,MutKnownFunctional,"-210,1.000"
X-5441,VPS53,55275.0,MutNovel,"R39Q,0.442"
X-5441,VSIG10,54621.0,MutNovel,"EE473E,0.420"
X-5441,VWA5B1,127731.0,MutNovel,"P114L,1.000"
X-5441,VWCE,220001.0,MutNovel,"A82T,0.467"
X-5441,WARS,7453.0,MutNovel,"A95T,0.504"
X-5441,WBP1,23559.0,MutKnownFunctional,"-138,0.504"
X-5441,WBP1L,,MutNovel,"Y105C,0.562"
X-5441,WBP1L,,MutNovel,"R280Q,0.484"
X-5441,WBP2,23558.0,MutNovel,"M204V,0.479"
X-5441,WDFY3,23001.0,MutNovel,"P2469S,0.551"
X-5441,WDR19,57728.0,MutNovel,"R43H,0.622"
X-5441,WDR26,80232.0,MutNovel,"V404I,0.544"
X-5441,WDR26,80232.0,MutNovel,"T352M,0.478"
X-5441,WDR26,80232.0,MutNovel,"K118-,0.496"
X-5441,WDR36,134430.0,MutNovel,"S580N,0.575"
X-5441,WDR37,22884.0,MutNovel,"V272I,0.523"
X-5441,WDR55,54853.0,MutNovel,"L303I,0.436"
X-5441,WDR55,54853.0,MutKnownFunctional,"-339,0.507"
X-5441,WDR59,79726.0,MutNovel,"R315Q,0.567"
X-5441,WDR59,79726.0,MutNovel,"V42I,0.461"
X-5441,WDR6,11180.0,MutNovel,"L828P,0.325"
X-5441,WDR6,11180.0,MutKnownFunctional,"-835?,0.419"
X-5441,WDR70,55100.0,MutNovel,"R476H,0.437"
X-5441,WDR81,124997.0,MutNovel,"L150M,0.341"
X-5441,WDR81,124997.0,MutNovel,"R346W,0.396"
X-5441,WDR90,197335.0,MutNovel,"G1018D,0.285"
X-5441,WDR92,116143.0,MutKnownFunctional,"-239,0.500"
X-5441,WFS1,7466.0,MutNovel,"A255T,0.470"
X-5441,WHAMM,123720.0,MutKnownFunctional,"-376?,0.357"
X-5441,WIBG,84305.0,MutNovel,"A192V,0.449"
X-5441,WIPF2,147179.0,MutNovel,"R59W,0.386"
X-5441,WIPF2,147179.0,MutNovel,"I386V,0.411"
X-5441,WIPI2,26100.0,MutNovel,"A174V,0.512"
X-5441,WNK2,65268.0,MutNovel,"R1965W,0.512"
X-5441,WNK4,65266.0,MutNovel,"R275W,0.525"
X-5441,WNK4,65266.0,MutKnownFunctional,"-606,1.000"
X-5441,WNT16,51384.0,MutKnownFunctional,"-165,1.000"
X-5441,WNT9A,7483.0,MutNovel,"G35D,0.583"
X-5441,WTAP,9589.0,MutNovel,"Q201H,0.426"
X-5441,WWP2,11060.0,MutNovel,"T76M,0.403"
X-5441,XAB2,56949.0,MutNovel,"R125H,0.521"
X-5441,XPC,7508.0,MutNovel,"R597W,0.536"
X-5441,XPO4,64328.0,MutNovel,"R644C,0.500"
X-5441,XPO7,23039.0,MutNovel,"T436M,0.461"
X-5441,XPOT,11260.0,MutKnownFunctional,"-124,0.397"
X-5441,XRCC1,7515.0,MutNovel,"R148W,0.508"
X-5441,XRCC3,7517.0,MutNovel,"V184M,0.586"
X-5441,XRN1,54464.0,MutNovel,"D640Y,0.385"
X-5441,XYLT2,64132.0,MutKnownFunctional,"-526,0.393"
X-5441,XYLT2,64132.0,MutNovel,"P668L,0.854"
X-5441,YAP1,10413.0,MutNovel,"P7Q,0.541"
X-5441,YBX2,51087.0,MutKnownFunctional,"-80,0.538"
X-5441,YLPM1,56252.0,MutNovel,"R1737C,0.819"
X-5441,YOD1,55432.0,MutNovel,"R248C,0.532"
X-5441,YTHDF1,54915.0,MutNovel,"R550H,0.524"
X-5441,YWHAG,7532.0,MutNovel,"G174D,0.486"
X-5441,ZBTB10,65986.0,MutNovel,"G71C,0.417"
X-5441,ZBTB17,7709.0,MutNovel,"L493F,0.539"
X-5441,ZBTB22,9278.0,MutNovel,"R69W,0.396"
X-5441,ZBTB39,9880.0,MutNovel,"R645C,0.460"
X-5441,ZBTB43,23099.0,MutNovel,"R250H,0.486"
X-5441,ZBTB48,3104.0,MutNovel,"R614C,0.520"
X-5441,ZBTB49,166793.0,MutNovel,"R580Q,0.370"
X-5441,ZBTB7C,201501.0,MutKnownFunctional,"-132,0.778"
X-5441,ZBTB8A,653121.0,MutNovel,"R281Q,0.536"
X-5441,ZC3H12C,85463.0,MutNovel,"T536A,0.571"
X-5441,ZC3H4,23211.0,MutNovel,"R121K,0.483"
X-5441,ZC3H7B,23264.0,MutNovel,"A960V,0.510"
X-5441,ZCCHC14,23174.0,MutNovel,"S579L,0.471"
X-5441,ZCWPW1,55063.0,MutNovel,"R269W,1.000"
X-5441,ZDHHC11,79844.0,MutNovel,"A303D,0.580"
X-5441,ZDHHC14,79683.0,MutNovel,"G348R,0.530"
X-5441,ZDHHC5,25921.0,MutNovel,"D534N,0.740"
X-5441,ZDHHC5,25921.0,MutKnownFunctional,"R547*,0.228"
X-5441,ZDHHC7,55625.0,MutKnownFunctional,"-314,0.500"
X-5441,ZFAND4,93550.0,MutNovel,"A300T,1.000"
X-5441,ZFHX4,79776.0,MutNovel,"R1519Q,1.000"
X-5441,ZFP64,55734.0,MutNovel,"R511H,0.667"
X-5441,ZFYVE20,64145.0,MutNovel,"R528W,0.585"
X-5441,ZGLP1,100125288.0,MutNovel,"P116R,0.429"
X-5441,ZHX2,22882.0,MutNovel,"R314C,0.769"
X-5441,ZKSCAN4,387032.0,MutKnownFunctional,"-542,0.429"
X-5441,ZMIZ2,83637.0,MutNovel,"R634W,0.374"
X-5441,ZMYM2,7750.0,MutNovel,"D59V,0.430"
X-5441,ZMYM2,7750.0,MutNovel,"V1076I,0.594"
X-5441,ZMYM3,9203.0,MutKnownFunctional,"-84,1.000"
X-5441,ZMYM4,9202.0,MutKnownFunctional,"-345,0.455"
X-5441,ZMYND15,84225.0,MutNovel,"A27S,0.486"
X-5441,ZMYND8,23613.0,MutNovel,"T1074M,0.500"
X-5441,ZNF131,7690.0,MutNovel,"R222C,0.453"
X-5441,ZNF16,7564.0,MutNovel,"M169I,0.556"
X-5441,ZNF174,7727.0,MutNovel,"R68Q,0.848"
X-5441,ZNF181,339318.0,MutNovel,"R254C,0.410"
X-5441,ZNF193,7746.0,MutKnownFunctional,"-131,0.493"
X-5441,ZNF20,7568.0,MutNovel,"E256G,0.351"
X-5441,ZNF219,51222.0,MutNovel,"QPP233P,0.539"
X-5441,ZNF224,7767.0,MutNovel,"R192C,0.426"
X-5441,ZNF236,7776.0,MutNovel,"H1099L,0.316"
X-5441,ZNF236,7776.0,MutNovel,"T1133M,0.462"
X-5441,ZNF251,90987.0,MutNovel,"A131V,0.379"
X-5441,ZNF273,10793.0,MutKnownFunctional,"-151,0.714"
X-5441,ZNF276,92822.0,MutNovel,"WK419W,0.511"
X-5441,ZNF28,7576.0,MutNovel,"I319M,0.633"
X-5441,ZNF292,23036.0,MutKnownFunctional,"-518,0.515"
X-5441,ZNF354A,6940.0,MutNovel,"G500V,0.436"
X-5441,ZNF382,84911.0,MutNovel,"D11N,1.000"
X-5441,ZNF385C,201181.0,MutNovel,"T134M,0.458"
X-5441,ZNF395,55893.0,MutNovel,"A340VP,0.275"
X-5441,ZNF407,55628.0,MutKnownFunctional,"-1944,0.441"
X-5441,ZNF407,55628.0,MutNovel,"G2025R,0.583"
X-5441,ZNF414,84330.0,MutNovel,"R186C,0.476"
X-5441,ZNF418,147686.0,MutNovel,"H297Q,1.000"
X-5441,ZNF425,155054.0,MutNovel,"R272W,0.929"
X-5441,ZNF443,10224.0,MutNovel,"P377S,0.471"
X-5441,ZNF469,84627.0,MutNovel,"A1207V,0.857"
X-5441,ZNF473,25888.0,MutNovel,"G597V,0.457"
X-5441,ZNF497,162968.0,MutNovel,"P329T,0.579"
X-5441,ZNF517,340385.0,MutKnownFunctional,"-128,0.500"
X-5441,ZNF524,147807.0,MutKnownFunctional,"-56?,0.450"
X-5441,ZNF526,116115.0,MutNovel,"T495M,0.528"
X-5441,ZNF526,116115.0,MutNovel,"A559T,0.435"
X-5441,ZNF557,79230.0,MutNovel,"R271H,0.412"
X-5441,ZNF564,163050.0,MutNovel,"R264H,0.500"
X-5441,ZNF567,163081.0,MutKnownFunctional,"-219?,0.520"
X-5441,ZNF609,23060.0,MutNovel,"R124C,0.600"
X-5441,ZNF623,9831.0,MutNovel,"T359M,0.470"
X-5441,ZNF639,51193.0,MutNovel,"R17H,0.500"
X-5441,ZNF641,121274.0,MutNovel,"A336T,0.727"
X-5441,ZNF668,79759.0,MutNovel,"P136L,0.500"
X-5441,ZNF689,115509.0,MutNovel,"Q209K,0.316"
X-5441,ZNF696,79943.0,MutNovel,"C298R,0.488"
X-5441,ZNF701,55762.0,MutKnownFunctional,"-296,0.500"
X-5441,ZNF704,619279.0,MutNovel,"R221C,0.750"
X-5441,ZNF764,92595.0,MutKnownFunctional,"-167,0.632"
X-5441,ZNF784,147808.0,MutNovel,"AG188G,0.488"
X-5441,ZNF786,136051.0,MutNovel,"A324T,0.579"
X-5441,ZNF800,168850.0,MutKnownFunctional,"-441,0.478"
X-5441,ZNF808,388558.0,MutNovel,"R670C,0.400"
X-5441,ZNF83,55769.0,MutNovel,"G509R,0.642"
X-5441,ZNRF3,84133.0,MutNovel,"R149W,0.454"
X-5441,ZRANB1,54764.0,MutKnownFunctional,"-709,0.495"
X-5441,ZSWIM4,65249.0,MutKnownFunctional,"-3,0.545"
X-5441,ZUFSP,221302.0,MutNovel,"A96V,0.632"
X-5441,ZXDA,7789.0,MutNovel,"T732A,1.000"
X-5441,ZZEF1,23140.0,MutKnownFunctional,"-2491,0.280"
X-5441,ZZEF1,23140.0,MutNovel,"C2203Y,0.440"
X-5446,ABCA5,23461.0,MutNovel,"I871T,0.432"
X-5446,ACER2,340485.0,MutNovel,"R54C,0.600"
X-5446,ACOT1,641371.0,Del0.8,0.61
X-5446,ACR,49.0,MutNovel,"G217E,1.000"
X-5446,ACVR1,90.0,MutNovel,"V65I,0.693"
X-5446,ADAM18,8749.0,Del0.8,0.76
X-5446,ADAM2,2515.0,Del0.8,0.76
X-5446,ADAM22,53616.0,MutNovel,"G26V,1.000"
X-5446,ADAM32,203102.0,Del0.8,0.76
X-5446,ADAM3A,1587.0,Del0.8,0.76
X-5446,ADAM5P,255926.0,Del0.8,0.76
X-5446,ADAM9,8754.0,Del0.8,0.76
X-5446,ADARB2-AS1,642394.0,Del0.8,0.8
X-5446,ADRA1A,148.0,Del0.8,0.79
X-5446,AES,166.0,MutNovel,"A54V,1.000"
X-5446,AGAP10,,MutNovel,"D120E,0.667"
X-5446,AGPAT5,55326.0,Del0.8,0.79
X-5446,AIM1L,55057.0,MutNovel,"P1561L,0.672"
X-5446,ALG8,79053.0,MutNovel,"R451Q,0.263"
X-5446,ALPK1,80216.0,MutNovel,"L11P,0.706"
X-5446,AMELY,266.0,Del0.8,0.21
X-5446,AMIGO1,57463.0,MutNovel,"T317A,0.706"
X-5446,ANGPT2,285.0,Del0.8,0.79
X-5446,APC,324.0,MutKnownFunctional,"E918*,0.857"
X-5446,APC,324.0,MutKnownFunctional,"E1286*,0.667"
X-5446,APC,324.0,MutNovel,"E1317Q,0.400"
X-5446,APOBEC3F,200316.0,MutNovel,"P97L,0.235"
X-5446,AQP12B,653437.0,MutNovel,"H256R,0.444"
X-5446,ART5,116969.0,MutNovel,"-25P,1.000"
X-5446,ASMTL,8623.0,MutKnownFunctional,"Q721*,1.000"
X-5446,ASXL1,171023.0,Amp5,5.39
X-5446,ATG2B,55102.0,MutNovel,"W459L,0.615"
X-5446,ATP9A,10079.0,Amp5,5.03
X-5446,BCL2,596.0,MutNovel,"A32G,1.000"
X-5446,BCL2L1,598.0,Amp5,5.39
X-5446,BCL9,607.0,MutKnownFunctional,"-400?,0.353"
X-5446,BCORP1,286554.0,Del0.8,0.21
X-5446,BIRC6,57448.0,MutKnownFunctional,"-4720,0.506"
X-5446,BMP8B,656.0,MutNovel,"G20E,1.000"
X-5446,BPY2B,442867.0,Del0.8,0.12
X-5446,BPY2B,442867.0,Del0.8,0.07
X-5446,C15orf39,56905.0,MutNovel,"D740DPA,0.489"
X-5446,C17orf80,55028.0,MutNovel,"D609N,0.466"
X-5446,C20orf112,140688.0,Amp5,5.39
X-5446,C20orf160,140706.0,Amp5,5.39
X-5446,C20orf203,284805.0,Amp5,5.39
X-5446,C8orf48,157773.0,Del0.8,0.78
X-5446,C8orf86,389649.0,Del0.8,0.76
X-5446,CALCOCO2,10241.0,MutNovel,"Q312E,0.478"
X-5446,CALML4,91860.0,MutNovel,"R150W,0.494"
X-5446,CAPRIN2,65981.0,MutNovel,"L44V,0.324"
X-5446,CBWD6,644019.0,MutKnownFunctional,"-259?,0.370"
X-5446,CCDC87,55231.0,MutNovel,"R731W,1.000"
X-5446,CCL23,6368.0,MutNovel,"V3A,0.357"
X-5446,CCZ1,51622.0,MutNovel,"M367I,0.308"
X-5446,CDY1B,253175.0,Del0.8,0.21
X-5446,CDY1B,253175.0,Del0.8,0.12
X-5446,CDY2A,9426.0,Del0.8,0.21
X-5446,CDY2A,9426.0,Del0.8,0.21
X-5446,CDY2B,203611.0,Del0.8,0.21
X-5446,CDY2B,203611.0,Del0.8,0.21
X-5446,CEL,1056.0,MutNovel,"A692P,0.302"
X-5446,CHRNA2,1135.0,Del0.8,0.79
X-5446,CIT,11113.0,MutNovel,"R2000H,0.737"
X-5446,CLDN6,9074.0,MutNovel,"S53N,1.000"
X-5446,CNOT7,29883.0,Del0.8,0.79
X-5446,COL16A1,1307.0,MutNovel,"S1394T,0.352"
X-5446,COL27A1,85301.0,MutNovel,"P1602L,0.429"
X-5446,COMMD7,149951.0,Amp5,5.39
X-5446,CORO7,79585.0,MutNovel,"S307I,0.547"
X-5446,COX4I2,84701.0,Amp5,5.39
X-5446,CRIPAK,285464.0,MutNovel,"V164A,0.444"
X-5446,CSPG4P1Y,114758.0,Del0.8,0.29
X-5446,CSPG4P1Y,114758.0,Del0.8,0.21
X-5446,CTNNAL1,8727.0,MutNovel,"I325V,0.697"
X-5446,CTSA,5476.0,MutNovel,"L29-,1.000"
X-5446,CYP2C18,1562.0,MutNovel,"R478H,1.000"
X-5446,DAZ1,1617.0,Del0.8,0.21
X-5446,DAZ2,57055.0,Del0.8,0.13
X-5446,DAZ3,57054.0,Del0.8,0.12
X-5446,DAZ3,57054.0,Del0.8,0.07
X-5446,DAZ4,57135.0,Del0.8,0.1
X-5446,DAZ4,57135.0,Del0.8,0.14
X-5446,DDX3Y,8653.0,Del0.8,0.21
X-5446,DDX58,23586.0,MutKnownFunctional,"-864F?,0.545"
X-5446,DEFA4,1669.0,Del0.8,0.16
X-5446,DEFA6,1671.0,Del0.8,0.79
X-5446,DEFB1,1672.0,Del0.8,0.79
X-5446,DEFB103A,414325.0,Del0.8,0.67
X-5446,DEFB103A,414325.0,Del0.8,0.67
X-5446,DEFB104B,503618.0,Del0.8,0.67
X-5446,DEFB104B,503618.0,Del0.8,0.67
X-5446,DEFB105B,504180.0,Del0.8,0.67
X-5446,DEFB105B,504180.0,Del0.8,0.67
X-5446,DEFB106B,503841.0,Del0.8,0.67
X-5446,DEFB106B,503841.0,Del0.8,0.67
X-5446,DEFB107A,245910.0,Del0.8,0.67
X-5446,DEFB107A,245910.0,Del0.8,0.67
X-5446,DEFB109P1B,641517.0,Del0.8,0.62
X-5446,DEFB118,117285.0,Amp5,5.39
X-5446,DEFB119,245932.0,Amp5,5.39
X-5446,DEFB121,245934.0,Amp5,5.39
X-5446,DEFB122,245935.0,Amp5,5.39
X-5446,DEFB123,245936.0,Amp5,5.39
X-5446,DEFB124,245937.0,Amp5,5.39
X-5446,DEFB4B,100289462.0,Del0.8,0.67
X-5446,DENND4B,9909.0,MutNovel,"QQQ908-,0.357"
X-5446,DLC1,10395.0,Del0.8,0.78
X-5446,DNMT3B,1789.0,Amp5,5.39
X-5446,DPY19L2,283417.0,MutNovel,"M262V,1.000"
X-5446,DUSP15,128853.0,Amp5,5.39
X-5446,DUSP26,78986.0,Del0.8,0.77
X-5446,DUSP4,1846.0,Del0.8,0.78
X-5446,DYNC1H1,1778.0,MutNovel,"R3191W,0.308"
X-5446,DZIP3,9666.0,MutNovel,"L1189H,0.400"
X-5446,EBF2,64641.0,Del0.8,0.8
X-5446,ECHS1,1892.0,MutNovel,"I66T,0.996"
X-5446,EFHA2,286097.0,Del0.8,0.79
X-5446,EIF1AY,9086.0,Del0.8,0.21
X-5446,EIF3L,51386.0,MutNovel,"D22E,1.000"
X-5446,ENOSF1,55556.0,MutNovel,"M13T,1.000"
X-5446,ENOX2,10495.0,MutNovel,"Q586K,1.000"
X-5446,EPHX2,2053.0,Del0.8,0.79
X-5446,EXTL3,2137.0,MutNovel,"Q307H,1.000"
X-5446,FAM100A,124402.0,MutNovel,"A159D,0.486"
X-5446,FAM18B2-CDRT4,100533496.0,MutNovel,"T150R,0.250"
X-5446,FAM197Y2P,252946.0,Del0.8,0.21
X-5446,FAM41AY1,340618.0,Del0.8,0.21
X-5446,FAM41AY1,340618.0,Del0.8,0.21
X-5446,FAM66A,100133172.0,Del0.8,0.51
X-5446,FGF20,26281.0,Del0.8,0.79
X-5446,FLOT2,2319.0,MutNovel,"R127Q,0.498"
X-5446,FOXS1,2307.0,Amp5,5.39
X-5446,FSD1L,83856.0,MutNovel,"R107C,0.333"
X-5446,FUT10,84750.0,Del0.8,0.77
X-5446,FYTTD1,84248.0,MutNovel,"P248L,0.325"
X-5446,GIGYF2,26058.0,MutNovel,"PQ1231P,1.000"
X-5446,GOLGA2P2Y,84559.0,Del0.8,0.29
X-5446,GOLGA2P2Y,84559.0,Del0.8,0.21
X-5446,GOLGA5,9950.0,MutNovel,"I168M,0.286"
X-5446,GPRIN2,9721.0,MutNovel,"-238MRE,0.727"
X-5446,GPX1,2876.0,MutNovel,"A12P,0.717"
X-5446,GSTM1,2944.0,Del0.8,0.68
X-5446,GSTT1,2952.0,Del0.8,0.76
X-5446,GSTTP1,25774.0,Del0.8,0.76
X-5446,GTF2F1,2962.0,MutNovel,"P6A,1.000"
X-5446,GYG2P1,352887.0,Del0.8,0.21
X-5446,HCK,3055.0,Amp5,5.39
X-5446,HELQ,113510.0,MutNovel,"A498E,0.620"
X-5446,HLA-B,3106.0,MutNovel,"P129S,0.947"
X-5446,HLA-G,3135.0,MutNovel,"V76M,1.000"
X-5446,HLA-G,3135.0,MutNovel,"E277Q,0.545"
X-5446,HLA-G,3135.0,MutNovel,"E277Q,0.545"
X-5446,HLA-G,3135.0,MutKnownFunctional,"C283*,0.300"
X-5446,HM13,81502.0,Amp5,5.39
X-5446,HMBOX1,79618.0,Del0.8,0.71
X-5446,HMCN2,,MutNovel,"I2805T,0.667"
X-5446,HNRNPCL1,343069.0,MutNovel,"Q185K,1.000"
X-5446,HOXA13,3209.0,MutNovel,"P166T,1.000"
X-5446,HOXD10,3236.0,Del0.8,0.16
X-5446,HOXD11,3237.0,Del0.8,0.16
X-5446,HOXD12,3238.0,Del0.8,0.16
X-5446,HOXD13,3239.0,Del0.8,0.16
X-5446,HOXD8,3234.0,Del0.8,0.16
X-5446,HOXD9,3235.0,Del0.8,0.16
X-5446,HSFY2,159119.0,Del0.8,0.21
X-5446,HSFY2,159119.0,Del0.8,0.21
X-5446,HTRA4,203100.0,Del0.8,0.76
X-5446,ID1,3397.0,Amp5,5.39
X-5446,INTS12,57117.0,MutNovel,"G349A,0.479"
X-5446,IPO8,10526.0,MutNovel,"I677M,0.347"
X-5446,IRF3,3661.0,MutNovel,"R436C,0.773"
X-5446,KCNU1,157855.0,Del0.8,0.75
X-5446,KDM5D,8284.0,Del0.8,0.21
X-5446,KIAA1456,57604.0,Del0.8,0.78
X-5446,KIAA1715,80856.0,Del0.8,0.13
X-5446,KIF13B,23303.0,Del0.8,0.78
X-5446,KIF3B,9371.0,Amp5,5.39
X-5446,KRAS,3845.0,MutKnownFunctional,"G12D,0.679"
X-5446,KRT3,3850.0,MutNovel,"H452R,0.667"
X-5446,KRT80,144501.0,MutNovel,"Q354R,0.538"
X-5446,LAMA4,3910.0,MutNovel,"G1416E,1.000"
X-5446,LAMC1,3915.0,MutNovel,"E1072V,0.213"
X-5446,LDHD,197257.0,MutNovel,"T463M,0.544"
X-5446,LEFTY2,7044.0,MutNovel,"Q298R,0.500"
X-5446,LGALS9B,284194.0,MutNovel,"T152A,1.000"
X-5446,LINC00028,140875.0,Amp5,5.39
X-5446,LIX1L,128077.0,MutNovel,"R22Q,0.800"
X-5446,LOC100129480,100129480.0,MutNovel,"V83A,0.412"
X-5446,LOC100130705,100130705.0,MutNovel,"R3W,1.000"
X-5446,LOC100132396,100132396.0,Del0.8,0.74
X-5446,LOC100287015,100287015.0,Del0.8,0.79
X-5446,LOC100287063,,MutNovel,"W197C,0.750"
X-5446,LOC100652791,100652791.0,Del0.8,0.79
X-5446,LOC100996325,,MutNovel,"P74L,0.333"
X-5446,LOC149950,149950.0,Amp5,5.39
X-5446,LOC340357,340357.0,Del0.8,0.78
X-5446,LOC391322,391322.0,MutNovel,"N74V,0.500"
X-5446,LOC391322,391322.0,Del0.8,0.76
X-5446,LOC439994,439994.0,Del0.8,0.33
X-5446,LOC554223,554223.0,MutNovel,"V93A,0.667"
X-5446,LOC554223,554223.0,MutNovel,"T110A,1.000"
X-5446,LOC554223,554223.0,MutNovel,"Q131L,1.000"
X-5446,LOC554223,554223.0,MutNovel,"M144K,1.000"
X-5446,LOC728190,728190.0,Del0.8,0.67
X-5446,LOC731282,,MutNovel,"R143W,0.429"
X-5446,LONRF1,91694.0,Del0.8,0.78
X-5446,LRIG1,26018.0,MutNovel,"R224W,0.263"
X-5446,LRPPRC,10128.0,MutNovel,"L22V,0.725"
X-5446,LRRC37A,9884.0,MutNovel,"S1121R,0.875"
X-5446,LYSMD2,256586.0,MutNovel,"P6A,0.597"
X-5446,M6PR,4074.0,MutNovel,"N83K,0.358"
X-5446,MACROD2,140733.0,Del0.8,0.39
X-5446,MACROD2-AS1,100379174.0,Del0.8,0.21
X-5446,MAGI1,9223.0,MutNovel,"A394V,0.400"
X-5446,MAGIX,79917.0,MutNovel,"A102V,1.000"
X-5446,MAK16,84549.0,Del0.8,0.77
X-5446,MAP3K4,4216.0,MutNovel,"PA1189P,1.000"
X-5446,MAPK8IP3,23162.0,MutNovel,"E499G,0.214"
X-5446,MAPRE1,22919.0,Amp5,5.39
X-5446,MCPH1,79648.0,Del0.8,0.79
X-5446,MED15,51586.0,MutNovel,"-251Q,0.952"
X-5446,MEF2A,4205.0,MutNovel,"QQ412-,0.357"
X-5446,MIR3193,100422904.0,Amp5,5.39
X-5446,MIR383,494332.0,Del0.8,0.77
X-5446,MIR3926-1,100500870.0,Del0.8,0.78
X-5446,MIR3926-2,100500838.0,Del0.8,0.78
X-5446,MIR4659A,100616348.0,Del0.8,0.79
X-5446,MIR4659B,100616372.0,Del0.8,0.79
X-5446,MPRIP,23164.0,MutNovel,"TS178T,1.000"
X-5446,MSR1,4481.0,Del0.8,0.76
X-5446,MST1R,4486.0,MutNovel,"E705K,0.644"
X-5446,MTMR7,9108.0,Del0.8,0.79
X-5446,MUC12,10071.0,MutNovel,"L324F,0.750"
X-5446,MUC12,10071.0,MutNovel,"S330L,0.889"
X-5446,MUC12,10071.0,MutNovel,"STP330LTT,0.889"
X-5446,MUC12,10071.0,MutNovel,"T340P,0.600"
X-5446,MUC12,10071.0,MutNovel,"P345S,0.429"
X-5446,MUC12,10071.0,MutNovel,"T2707M,0.312"
X-5446,MUC12,10071.0,MutNovel,"E4601G,1.000"
X-5446,MUC12,10071.0,MutNovel,"T4603M,1.000"
X-5446,MYLK2,85366.0,Amp5,5.39
X-5446,NAALADL1,10004.0,MutNovel,"D39E,1.000"
X-5446,NASP,4678.0,MutNovel,"R661P,0.604"
X-5446,NAT8,9027.0,MutKnownFunctional,"Q168*,0.250"
X-5446,NAT8,9027.0,MutNovel,"M121T,0.429"
X-5446,NAT8,9027.0,MutNovel,"AE112GE,0.333"
X-5446,NAT8,9027.0,MutNovel,"R105C,0.214"
X-5446,NBPF9,400818.0,MutNovel,"Q184R,1.000"
X-5446,NCAPD2,9918.0,MutNovel,"R153Q,0.697"
X-5446,NCK2,8440.0,MutNovel,"K227N,0.319"
X-5446,NCOR2,9612.0,MutNovel,"G1839GAAA,1.000"
X-5446,NCRNA00185,55410.0,Del0.8,0.21
X-5446,NEDD4L,23327.0,Del0.8,0.55
X-5446,NEFL,4747.0,Del0.8,0.8
X-5446,NEFM,4741.0,Del0.8,0.8
X-5446,NLGN4Y,22829.0,Del0.8,0.21
X-5446,NOA1,84273.0,MutNovel,"R307H,0.584"
X-5446,NPAT,4863.0,MutNovel,"P1046L,1.000"
X-5446,NR1H2,7376.0,MutNovel,"-173Q,1.000"
X-5446,NR1I2,8856.0,MutNovel,"P33A,0.679"
X-5446,NR3C2,4306.0,MutNovel,"T768M,0.450"
X-5446,NRG1,3084.0,Del0.8,0.77
X-5446,NXF5,55998.0,MutNovel,"T154I,1.000"
X-5446,NXPE3,,MutNovel,"V479A,0.393"
X-5446,ORAI1,84876.0,MutNovel,"PP43-,1.000"
X-5446,PANX1,24145.0,MutNovel,"T294M,0.699"
X-5446,PARP10,84875.0,MutNovel,"R1009C,0.387"
X-5446,PCDH11Y,83259.0,Del0.8,0.35
X-5446,PCDHB2,56133.0,MutNovel,"S540F,0.750"
X-5446,PCDHB6,56130.0,MutNovel,"S536F,1.000"
X-5446,PCED1A,,MutNovel,"R405W,0.538"
X-5446,PCNXL2,80003.0,MutNovel,"R786Q,0.571"
X-5446,PDGFRL,5157.0,Del0.8,0.79
X-5446,PDRG1,81572.0,Amp5,5.39
X-5446,PDZK1,5174.0,MutNovel,"R99W,0.636"
X-5446,PGAP3,93210.0,MutNovel,"V77I,0.225"
X-5446,PHB,5245.0,MutNovel,"Q62K,0.223"
X-5446,PHLDA1,22822.0,MutNovel,"QQ194Q,1.000"
X-5446,PHLDB1,23187.0,MutNovel,"S908L,1.000"
X-5446,PIGQ,9091.0,MutNovel,"P659L,0.422"
X-5446,PKIG,11142.0,Amp5,5.35
X-5446,PLAGL2,5326.0,Amp5,5.39
X-5446,PLEKHA2,59339.0,Del0.8,0.76
X-5446,PLEKHA3,65977.0,MutNovel,"Q288L,0.259"
X-5446,POFUT1,23509.0,Amp5,5.39
X-5446,POLDIP2,26073.0,MutKnownFunctional,"-28?,1.000"
X-5446,POLDIP2,26073.0,MutNovel,"S28G,0.405"
X-5446,POLDIP2,26073.0,MutNovel,"Q27P,0.578"
X-5446,POLDIP2,26073.0,MutKnownFunctional,"-27?,0.929"
X-5446,PPP1R10,5514.0,MutNovel,"PGGP631P,1.000"
X-5446,PPP1R21,129285.0,MutNovel,"S746N,0.354"
X-5446,PPP2CB,5516.0,Del0.8,0.77
X-5446,PPP2R2A,5520.0,Del0.8,0.59
X-5446,PRKX,5613.0,MutNovel,"V43A,1.000"
X-5446,PRKY,5616.0,Del0.8,0.21
X-5446,PRY,9081.0,Del0.8,0.21
X-5446,PRY,9081.0,Del0.8,0.21
X-5446,PRY2,442862.0,Del0.8,0.21
X-5446,PRY2,442862.0,Del0.8,0.21
X-5446,PSIMCT-1,100101490.0,Amp5,5.39
X-5446,PTK2B,2185.0,Del0.8,0.79
X-5446,PURG,29942.0,Del0.8,0.77
X-5446,PVRL1,5818.0,MutNovel,"A355S,1.000"
X-5446,RBFOX1,54715.0,Del0.8,0.47
X-5446,RBM12,10137.0,MutNovel,"P835PAP,0.737"
X-5446,RBM47,54502.0,MutNovel,"A492T,0.476"
X-5446,RBMY1A3P,286557.0,Del0.8,0.21
X-5446,RBMY1B,378948.0,Del0.8,0.21
X-5446,RBMY1B,378948.0,Del0.8,0.21
X-5446,RBMY1E,378950.0,Del0.8,0.21
X-5446,RBMY1E,378950.0,Del0.8,0.21
X-5446,RBMY1F,159163.0,Del0.8,0.21
X-5446,RBMY1F,159163.0,Del0.8,0.21
X-5446,RBMY1J,378951.0,Del0.8,0.21
X-5446,RBMY1J,378951.0,Del0.8,0.21
X-5446,RBMY2EP,159125.0,Del0.8,0.21
X-5446,RBMY2FP,159162.0,Del0.8,0.21
X-5446,RBMY3AP,64593.0,Del0.8,0.21
X-5446,RECQL5,9400.0,MutNovel,"I641V,0.489"
X-5446,REM1,28954.0,Amp5,5.39
X-5446,REV1,51455.0,MutNovel,"V821M,0.224"
X-5446,RIN1,9610.0,MutNovel,"D315Y,0.314"
X-5446,RNF122,79845.0,Del0.8,0.77
X-5446,RNF212,285498.0,MutNovel,"R135W,0.327"
X-5446,RNF213,57674.0,MutNovel,"E2196D,0.500"
X-5446,RNF5P1,286140.0,Del0.8,0.76
X-5446,RPL14,9045.0,MutNovel,"TA149T,0.213"
X-5446,RPL14,9045.0,MutNovel,"A150T,0.332"
X-5446,RPS4Y1,6192.0,Del0.8,0.35
X-5446,RPS4Y2,140032.0,Del0.8,0.21
X-5446,SALL4,57167.0,Amp5,5.43
X-5446,SERINC2,347735.0,MutNovel,"-373Q,0.579"
X-5446,SERINC3,10955.0,Amp5,5.28
X-5446,SHD,56961.0,MutNovel,"A197P,1.000"
X-5446,SHROOM1,134549.0,MutNovel,"P104L,0.611"
X-5446,SLC38A6,145389.0,MutNovel,"A484V,0.650"
X-5446,SLC7A2,6542.0,Del0.8,0.79
X-5446,SMG5,23381.0,MutNovel,"L23F,0.355"
X-5446,SMPDL3B,27293.0,MutNovel,"R284W,0.307"
X-5446,SNX14,57231.0,MutNovel,"D126N,0.258"
X-5446,SOS2,6655.0,MutNovel,"Q798H,0.339"
X-5446,SPAG11A,653423.0,Del0.8,0.67
X-5446,SPAG11B,10407.0,Del0.8,0.67
X-5446,SPAG11B,10407.0,Del0.8,0.67
X-5446,SPATA18,132671.0,MutNovel,"T521M,0.364"
X-5446,SRRM2,23524.0,MutNovel,"V146I,0.493"
X-5446,SRY,6736.0,Del0.8,0.35
X-5446,STAG3,10734.0,MutNovel,"R287H,1.000"
X-5446,STMN4,81551.0,Del0.8,0.79
X-5446,TACC1,6867.0,Del0.8,0.76
X-5446,TAG,404663.0,Del0.8,0.8
X-5446,TBC1D9,23158.0,MutNovel,"R1141W,0.433"
X-5446,TBL1Y,90665.0,Del0.8,0.21
X-5446,TBP,6908.0,MutNovel,"-64Q,1.000"
X-5446,TBP,6908.0,MutNovel,"Q72-,0.927"
X-5446,TCP10L2,401285.0,MutNovel,"E277D,1.000"
X-5446,TEX15,56154.0,Del0.8,0.77
X-5446,TEX9,374618.0,MutKnownFunctional,"-229?,0.400"
X-5446,TGIF2LY,90655.0,Del0.8,0.35
X-5446,TM2D2,83877.0,Del0.8,0.76
X-5446,TM9SF4,9777.0,Amp5,5.39
X-5446,TMBIM4,51643.0,MutKnownFunctional,"-174?,0.844"
X-5446,TMEM184A,202915.0,MutNovel,"G392GA,1.000"
X-5446,TMEM198,130612.0,MutNovel,"D323H,1.000"
X-5446,TMEM63C,57156.0,MutNovel,"F58S,0.500"
X-5446,TMEM65,157378.0,MutNovel,"S187A,0.714"
X-5446,TMSB4Y,9087.0,Del0.8,0.21
X-5446,TOR4A,,MutNovel,"R246H,0.431"
X-5446,TP53,7157.0,MutNovel,"V274A,1.000"
X-5446,TPGS1,91978.0,MutNovel,"R264L,0.988"
X-5446,TPSAB1,7177.0,MutNovel,"T141A,1.000"
X-5446,TPX2,22974.0,Amp5,5.39
X-5446,TRIM32,22954.0,MutNovel,"R408H,0.709"
X-5446,TRIM35,23087.0,Del0.8,0.79
X-5446,TSPY1,7258.0,Del0.8,0.21
X-5446,TSPY2,64591.0,Del0.8,0.21
X-5446,TSPY26P,128854.0,Amp5,5.39
X-5446,TSPY3,728137.0,Del0.8,0.21
X-5446,TSPY4,728395.0,Del0.8,0.21
X-5446,TSPY8,728403.0,Del0.8,0.21
X-5446,TTI2,80185.0,Del0.8,0.77
X-5446,TTLL9,164395.0,Amp5,5.39
X-5446,TTTY10,246119.0,Del0.8,0.21
X-5446,TTTY11,83866.0,Del0.8,0.21
X-5446,TTTY12,83867.0,Del0.8,0.21
X-5446,TTTY13,83868.0,Del0.8,0.21
X-5446,TTTY14,83869.0,Del0.8,0.21
X-5446,TTTY15,64595.0,Del0.8,0.21
X-5446,TTTY16,252948.0,Del0.8,0.21
X-5446,TTTY17A,252949.0,Del0.8,0.21
X-5446,TTTY17A,252949.0,Del0.8,0.29
X-5446,TTTY18,252950.0,Del0.8,0.21
X-5446,TTTY19,252952.0,Del0.8,0.21
X-5446,TTTY1B,100101116.0,Del0.8,0.21
X-5446,TTTY1B,100101116.0,Del0.8,0.21
X-5446,TTTY2,60439.0,Del0.8,0.21
X-5446,TTTY2,60439.0,Del0.8,0.21
X-5446,TTTY20,252951.0,Del0.8,0.21
X-5446,TTTY21,252953.0,Del0.8,0.21
X-5446,TTTY21,252953.0,Del0.8,0.21
X-5446,TTTY22,252954.0,Del0.8,0.21
X-5446,TTTY23,252955.0,Del0.8,0.21
X-5446,TTTY23,252955.0,Del0.8,0.21
X-5446,TTTY3,114760.0,Del0.8,0.21
X-5446,TTTY3,114760.0,Del0.8,0.12
X-5446,TTTY4,114761.0,Del0.8,0.07
X-5446,TTTY4,114761.0,Del0.8,0.12
X-5446,TTTY5,83863.0,Del0.8,0.21
X-5446,TTTY6,84672.0,Del0.8,0.21
X-5446,TTTY6,84672.0,Del0.8,0.21
X-5446,TTTY7,246122.0,Del0.8,0.21
X-5446,TTTY7,246122.0,Del0.8,0.21
X-5446,TTTY7B,100101120.0,Del0.8,0.21
X-5446,TTTY7B,100101120.0,Del0.8,0.21
X-5446,TTTY8,84673.0,Del0.8,0.21
X-5446,TTTY8,84673.0,Del0.8,0.21
X-5446,TTTY9A,83864.0,Del0.8,0.21
X-5446,TTTY9A,83864.0,Del0.8,0.21
X-5446,TUSC3,7991.0,Del0.8,0.76
X-5446,TXLNG2P,246126.0,Del0.8,0.21
X-5446,UBXN8,7993.0,Del0.8,0.77
X-5446,UNC5D,137970.0,Del0.8,0.75
X-5446,UQCRC2,7385.0,MutNovel,"S275G,0.472"
X-5446,USP25,29761.0,MutNovel,"L791W,1.000"
X-5446,USP36,57602.0,MutNovel,"KKK958K,0.527"
X-5446,USP9Y,8287.0,Del0.8,0.21
X-5446,UTY,7404.0,Del0.8,0.21
X-5446,VCY,9084.0,Del0.8,0.21
X-5446,VCY,9084.0,Del0.8,0.21
X-5446,VPS37A,137492.0,Del0.8,0.79
X-5446,WDFY3,23001.0,MutNovel,"G1738D,0.438"
X-5446,WDR33,55339.0,MutNovel,"P711S,1.000"
X-5446,WFDC1,58189.0,MutNovel,"C104Y,0.750"
X-5446,WRN,7486.0,Del0.8,0.77
X-5446,XKR5,389610.0,Del0.8,0.79
X-5446,XKR7,343702.0,Amp5,5.39
X-5446,XKRY2,353515.0,Del0.8,0.21
X-5446,XKRY2,353515.0,Del0.8,0.21
X-5446,ZDHHC2,51201.0,Del0.8,0.79
X-5446,ZFP64,55734.0,Amp5,5.43
X-5446,ZFY,7544.0,Del0.8,0.35
X-5446,ZFYVE9,9372.0,MutNovel,"E653K,0.667"
X-5446,ZNF211,10520.0,MutNovel,"E247G,1.000"
X-5446,ZNF219,51222.0,MutNovel,"QPP233P,0.371"
X-5446,ZNF292,23036.0,MutNovel,"R2291C,0.786"
X-5446,ZNF384,171017.0,MutNovel,"QQ514Q,0.575"
X-5446,ZNF418,147686.0,MutNovel,"H297Q,1.000"
X-5446,ZNF445,353274.0,MutNovel,"R77W,0.500"
X-5446,ZNF592,9640.0,MutNovel,"V66M,0.413"
X-5446,ZNF627,199692.0,MutNovel,"K398E,0.989"
X-5446,ZNF629,23361.0,MutNovel,"N20S,0.353"
X-5446,ZNF695,57116.0,MutNovel,"S166L,0.419"
X-5446,ZNF780B,163131.0,MutNovel,"Y417H,0.556"
X-5446,ZNF860,344787.0,MutNovel,"RE3CE,0.400"
X-5446,ZNF860,344787.0,MutNovel,"E12G,0.364"
X-5446,ZNF860,344787.0,MutNovel,"H23R,0.500"
X-5494,ABCA2,20.0,MutNovel,"R2186H,0.210"
X-5494,ABCD3,5825.0,MutNovel,"G429D,0.557"
X-5494,ABHD16B,140701.0,Amp5,5.1
X-5494,ABRA,137735.0,Amp5,5.35
X-5494,ACAA2,10449.0,Amp8,20.68
X-5494,ACAD10,80724.0,MutNovel,"G202S,1.000"
X-5494,ACOT1,641371.0,Del0.8,0.55
X-5494,ACOT8,10005.0,Amp5,5.1
X-5494,ACSS2,55902.0,Amp5,5.17
X-5494,ACTR5,79913.0,Amp5,5.1
X-5494,ADA,100.0,Amp5,5.1
X-5494,ADAM18,8749.0,Amp5,5.39
X-5494,ADAM2,2515.0,Amp5,5.39
X-5494,ADCK5,203054.0,Amp5,5.74
X-5494,ADCY8,114.0,Amp5,5.31
X-5494,ADHFE1,137872.0,Amp5,5.35
X-5494,ADIG,149685.0,Amp5,5.1
X-5494,ADNP,23394.0,Amp5,5.1
X-5494,ADNP2,22850.0,Del0.8,0.72
X-5494,ADRM1,11047.0,Amp5,5.1
X-5494,AGRN,375790.0,MutNovel,"L17-,0.441"
X-5494,AHR,196.0,MutNovel,"P428S,0.422"
X-5494,AKAP17A,8227.0,Amp5,5.46
X-5494,ANGPT1,284.0,Amp5,5.35
X-5494,ANKRD36,375248.0,MutNovel,"G1079E,1.000"
X-5494,ANKRD46,157567.0,Amp5,5.35
X-5494,ANXA13,312.0,Amp5,5.35
X-5494,AP3M2,10947.0,Amp5,5.39
X-5494,APC,324.0,MutKnownFunctional,"R564*,0.360"
X-5494,APC,324.0,MutKnownFunctional,"-1301?,0.842"
X-5494,APCDD1L,164284.0,Amp5,5.1
X-5494,AQP4,361.0,Del0.8,0.72
X-5494,ARC,23237.0,Amp5,5.31
X-5494,ARFGAP1,55738.0,Amp5,5.1
X-5494,ARFGEF1,10565.0,Amp5,5.35
X-5494,ARFGEF2,10564.0,Amp5,5.1
X-5494,ARFRP1,10139.0,Amp5,5.1
X-5494,ARHGAP23,57636.0,MutNovel,"G366V,0.762"
X-5494,ARHGAP39,80728.0,Amp5,5.74
X-5494,ARHGAP40,343578.0,Amp5,5.1
X-5494,ARHGEF35,445328.0,MutNovel,"Q179R,0.405"
X-5494,ARHGEF5,7984.0,MutNovel,"P815A,0.203"
X-5494,ARID1B,57492.0,MutNovel,"A445AP,1.000"
X-5494,ARID4B,51742.0,MutNovel,"EE548E,0.368"
X-5494,ARMC1,55156.0,Amp5,5.35
X-5494,ARNTL2,56938.0,MutNovel,"R142C,1.000"
X-5494,ASAP1,50807.0,Amp5,5.31
X-5494,ASAP1-IT1,29065.0,Amp5,5.31
X-5494,ASMT,438.0,Amp5,5.46
X-5494,ASMTL,8623.0,Amp5,5.46
X-5494,ASMTL-AS1,80161.0,Amp5,5.46
X-5494,ASPH,444.0,Amp5,5.35
X-5494,ATAD2,29028.0,Amp5,5.35
X-5494,ATE1,11101.0,MutNovel,"D146V,0.466"
X-5494,ATP5E,514.0,Amp5,5.1
X-5494,ATP6V0D2,245972.0,Amp5,5.46
X-5494,ATP6V1C1,528.0,Amp5,5.35
X-5494,ATP6V1H,51606.0,Amp5,5.35
X-5494,ATP9A,10079.0,Amp5,5.1
X-5494,ATP9B,374868.0,Del0.8,0.72
X-5494,AURKA,6790.0,Amp5,5.1
X-5494,AZIN1,51582.0,Amp5,5.35
X-5494,B4GALT5,9334.0,Amp5,5.1
X-5494,BAALC,79870.0,Amp5,5.35
X-5494,BAI1,575.0,Amp5,5.31
X-5494,BCAS1,8537.0,Amp5,5.1
X-5494,BCAS4,55653.0,Amp5,5.1
X-5494,BHLHE22,27319.0,Amp5,5.35
X-5494,BHLHE23,128408.0,Amp5,5.1
X-5494,BIRC7,79444.0,Amp5,5.1
X-5494,BLCAP,10904.0,Amp5,5.17
X-5494,BMP7,655.0,Amp5,5.1
X-5494,BOP1,23246.0,Amp5,5.74
X-5494,BPI,671.0,Amp5,5.1
X-5494,BRD2,6046.0,MutNovel,"E499D,0.697"
X-5494,BREA2,286076.0,Amp5,5.74
X-5494,C11orf93,120376.0,MutNovel,"F17C,0.700"
X-5494,C18orf32,497661.0,Amp8,21.56
X-5494,C20orf11,54994.0,Amp5,5.1
X-5494,C20orf111,51526.0,Amp5,5.1
X-5494,C20orf118,140711.0,Amp5,5.17
X-5494,C20orf132,140699.0,Amp5,5.17
X-5494,C20orf151,140893.0,Amp5,5.1
X-5494,C20orf152,140894.0,Amp5,5.17
X-5494,C20orf166,128826.0,Amp5,5.1
X-5494,C20orf166-AS1,253868.0,Amp5,5.1
X-5494,C20orf173,140873.0,Amp5,5.17
X-5494,C20orf195,79025.0,Amp5,5.1
X-5494,C20orf197,284756.0,Amp5,5.1
X-5494,C20orf20,55257.0,Amp5,5.1
X-5494,C20orf201,198437.0,Amp5,5.1
X-5494,C20orf24,55969.0,Amp5,5.17
X-5494,C20orf4,25980.0,Amp5,5.17
X-5494,C20orf43,51507.0,Amp5,5.1
X-5494,C20orf85,128602.0,Amp5,5.1
X-5494,C21orf58,54058.0,MutNovel,"H299PN,0.294"
X-5494,C8orf22,492307.0,Amp5,5.35
X-5494,C8orf31,286122.0,Amp5,5.31
X-5494,C8orf33,65265.0,Amp5,5.74
X-5494,C8orf34,116328.0,Amp5,5.35
X-5494,C8orf37,157657.0,Amp5,5.35
X-5494,C8orf4,56892.0,Amp5,5.39
X-5494,C8orf40,114926.0,Amp5,5.39
X-5494,C8orf44,56260.0,Amp5,5.35
X-5494,C8orf44-SGK3,100533105.0,Amp5,5.35
X-5494,C8orf46,254778.0,Amp5,5.35
X-5494,C8orf47,203111.0,Amp5,5.35
X-5494,C8orf56,157556.0,Amp5,5.35
X-5494,C8orf59,401466.0,Amp5,5.46
X-5494,C8orf73,642475.0,Amp5,5.74
X-5494,C8orf76,84933.0,Amp5,5.35
X-5494,C8orf82,414919.0,Amp5,5.74
X-5494,C9orf142,286257.0,MutNovel,"V132L,0.700"
X-5494,CA1,759.0,Amp5,5.46
X-5494,CA13,377677.0,Amp5,5.46
X-5494,CA2,760.0,Amp5,5.46
X-5494,CA3,761.0,Amp5,5.46
X-5494,CA8,767.0,Amp5,5.35
X-5494,CA9,768.0,MutNovel,"GEEDLP79-,0.812"
X-5494,CABLES1,91768.0,MutNovel,"E178K,1.000"
X-5494,CABLES2,81928.0,Amp5,5.1
X-5494,CALB1,793.0,Amp5,5.39
X-5494,CAPN5,726.0,MutNovel,"S3L,0.317"
X-5494,CASS4,57091.0,Amp5,5.1
X-5494,CBLN4,140689.0,Amp5,5.1
X-5494,CBWD6,644019.0,MutKnownFunctional,"-259?,0.259"
X-5494,CBWD7,,MutNovel,"E146D,0.429"
X-5494,CCDC166,100130274.0,Amp5,5.74
X-5494,CCDC66,285331.0,MutNovel,"S606SP,1.000"
X-5494,CCNE2,9134.0,Amp5,5.35
X-5494,CD40,958.0,Amp5,5.1
X-5494,CD99,4267.0,Amp5,5.46
X-5494,CD99P1,401577.0,Amp5,5.46
X-5494,CDH17,1015.0,Amp5,5.39
X-5494,CDH2,1000.0,Del0.8,0.72
X-5494,CDH22,64405.0,Amp5,5.1
X-5494,CDH26,60437.0,Amp5,5.1
X-5494,CDH4,1002.0,Amp5,5.1
X-5494,CDX1,1044.0,MutNovel,"G143R,0.444"
X-5494,CEBPB,1051.0,Amp5,5.1
X-5494,CEBPD,1052.0,Amp5,5.35
X-5494,CELSR1,9620.0,MutNovel,"W397S,0.744"
X-5494,CELSR2,1952.0,MutNovel,"I2847N,0.569"
X-5494,CEP250,11190.0,Amp5,5.17
X-5494,CHCHD7,79145.0,Amp5,5.35
X-5494,CHD2,1106.0,MutKnownFunctional,"-1242?,0.796"
X-5494,CHD3,1107.0,MutNovel,"R1668W,0.992"
X-5494,CHD6,84181.0,MutNovel,"A2237G,0.371"
X-5494,CHD6,84181.0,Amp5,5.1
X-5494,CHD7,55636.0,Amp5,5.35
X-5494,CHMP4C,92421.0,Amp5,5.35
X-5494,CHPT1,56994.0,MutNovel,"L29P,1.000"
X-5494,CHRAC1,54108.0,Amp5,5.31
X-5494,CHRNA4,1137.0,Amp5,5.1
X-5494,CHRNA6,8973.0,Amp5,5.39
X-5494,CHRNB3,1142.0,Amp5,5.39
X-5494,CHST9,83539.0,Del0.8,0.72
X-5494,CHST9-AS1,147429.0,Del0.8,0.72
X-5494,CLK4,57396.0,MutKnownFunctional,"R221*,0.436"
X-5494,CLVS1,157807.0,Amp5,5.35
X-5494,CNBD1,168975.0,Amp5,5.46
X-5494,CNGB3,54714.0,Amp5,5.46
X-5494,COG7,91949.0,MutNovel,"V586M,0.520"
X-5494,COL14A1,7373.0,Amp5,5.43
X-5494,COL20A1,57642.0,Amp5,5.1
X-5494,COL22A1,169044.0,Amp5,5.31
X-5494,COL9A3,1299.0,Amp5,5.1
X-5494,COLEC10,10584.0,Amp5,5.43
X-5494,COMMD5,28991.0,Amp5,5.74
X-5494,COPS5,10987.0,Amp5,5.35
X-5494,COX6C,1345.0,Amp5,5.35
X-5494,CPA6,57094.0,Amp5,5.35
X-5494,CPNE1,8904.0,Amp5,5.17
X-5494,CPNE3,8895.0,Amp5,5.46
X-5494,CPSF1,29894.0,Amp5,5.74
X-5494,CRH,1392.0,Amp5,5.35
X-5494,CRIPAK,285464.0,MutNovel,"M153T,0.250"
X-5494,CRISPLD1,83690.0,Amp5,5.35
X-5494,CRLF2,64109.0,Amp5,5.46
X-5494,CSE1L,1434.0,Amp5,5.1
X-5494,CSF2RA,1438.0,Amp5,5.46
X-5494,CSMD3,114788.0,Amp5,5.46
X-5494,CSPP1,79848.0,Amp5,5.35
X-5494,CSTF1,1477.0,Amp5,5.1
X-5494,CTAGE4,100128553.0,Amp5,5.43
X-5494,CTCFL,140690.0,Amp5,5.1
X-5494,CTDP1,9150.0,Del0.8,0.72
X-5494,CTHRC1,115908.0,Amp5,5.35
X-5494,CTIF,9811.0,Amp8,21.56
X-5494,CTNNBL1,56259.0,Amp5,5.17
X-5494,CTSA,5476.0,MutNovel,"R283C,0.595"
X-5494,CTSA,5476.0,Amp5,5.1
X-5494,CTSZ,1522.0,Amp5,5.1
X-5494,CYC1,1537.0,Amp5,5.74
X-5494,CYHR1,50626.0,Amp5,5.74
X-5494,CYP11B1,1584.0,Amp5,5.31
X-5494,CYP11B2,1585.0,Amp5,5.31
X-5494,CYP24A1,1591.0,Amp5,5.1
X-5494,CYP7A1,1581.0,Amp5,5.35
X-5494,CYP7B1,9420.0,Amp5,5.35
X-5494,DACH1,1602.0,MutNovel,"GG82-,0.714"
X-5494,DBNDD2,55861.0,Amp5,5.1
X-5494,DCAF13,25879.0,Amp5,5.35
X-5494,DCAF4L2,138009.0,Amp5,5.46
X-5494,DCPS,28960.0,MutKnownFunctional,"E286*,0.669"
X-5494,DCSTAMP,81501.0,Amp5,5.35
X-5494,DDX27,55661.0,Amp5,5.1
X-5494,DECR1,1666.0,Amp5,5.39
X-5494,DEFB103A,414325.0,Del0.8,0.6
X-5494,DEFB103A,414325.0,Del0.8,0.37
X-5494,DEFB104B,503618.0,Del0.8,0.6
X-5494,DEFB104B,503618.0,Del0.8,0.37
X-5494,DEFB105B,504180.0,Del0.8,0.6
X-5494,DEFB105B,504180.0,Del0.8,0.37
X-5494,DEFB106B,503841.0,Del0.8,0.37
X-5494,DEFB106B,503841.0,Del0.8,0.6
X-5494,DEFB107A,245910.0,Del0.8,0.6
X-5494,DEFB107A,245910.0,Del0.8,0.37
X-5494,DEFB4A,1673.0,Del0.8,0.37
X-5494,DEFB4B,100289462.0,Del0.8,0.6
X-5494,DENND3,22898.0,Amp5,5.31
X-5494,DENND4B,9909.0,MutNovel,"QQQ908-,0.250"
X-5494,DEPTOR,64798.0,Amp5,5.43
X-5494,DERL1,79139.0,Amp5,5.35
X-5494,DGAT1,8694.0,Amp5,5.74
X-5494,DHRSX,207063.0,Amp5,5.46
X-5494,DHX35,60625.0,Amp5,5.1
X-5494,DIDO1,11083.0,Amp5,5.1
X-5494,DKK4,27121.0,Amp5,5.39
X-5494,DLGAP4,22839.0,Amp5,5.17
X-5494,DNAH14,127602.0,MutKnownFunctional,"IQ2169I*,0.571"
X-5494,DNAH6,1768.0,MutNovel,"I1365V,1.000"
X-5494,DNAJB1,3337.0,MutNovel,"M183I,0.257"
X-5494,DNAJC5,80331.0,Amp5,5.1
X-5494,DNAJC5B,85479.0,Amp5,5.35
X-5494,DNTTIP1,116092.0,Amp5,5.1
X-5494,DOK4,55715.0,MutNovel,"R115H,0.522"
X-5494,DOK5,55816.0,Amp5,5.1
X-5494,DPH3P1,100132911.0,Amp5,5.1
X-5494,DPM1,8813.0,Amp5,5.1
X-5494,DPY19L2,283417.0,MutNovel,"M262V,1.000"
X-5494,DPY19L4,286148.0,Amp5,5.35
X-5494,DPYS,1807.0,Amp5,5.35
X-5494,DSCC1,79075.0,Amp5,5.43
X-5494,DSN1,79980.0,Amp5,5.17
X-5494,DUOX1,53905.0,MutNovel,"L502P,1.000"
X-5494,DYM,54808.0,Amp8,21.56
X-5494,DYX1C1,161582.0,MutNovel,"S61C,0.500"
X-5494,E2F5,1875.0,Amp5,5.46
X-5494,EBAG9,9166.0,Amp5,5.35
X-5494,EDEM2,55741.0,Amp5,5.17
X-5494,EDN3,1908.0,Amp5,5.1
X-5494,EEF1A2,1917.0,Amp5,5.1
X-5494,EEF1D,1936.0,Amp5,5.74
X-5494,EEF2K,29904.0,MutNovel,"G449S,0.635"
X-5494,EFCAB1,79645.0,Amp5,5.35
X-5494,EFR3A,23167.0,Amp5,5.31
X-5494,EIF2AK1,27102.0,MutNovel,"C267R,0.536"
X-5494,EIF2C2,27161.0,Amp5,5.31
X-5494,EIF3E,3646.0,Amp5,5.35
X-5494,EIF3H,8667.0,Amp5,5.43
X-5494,EIF6,3692.0,Amp5,5.17
X-5494,ELMO2,63916.0,Amp5,5.1
X-5494,EMC1,,MutNovel,"E693Q,0.540"
X-5494,EME2,197342.0,MutKnownFunctional,"-202,0.389"
X-5494,EMILIN3,90187.0,Amp5,5.1
X-5494,ENPP2,5168.0,Amp5,5.43
X-5494,ENY2,56943.0,Amp5,5.35
X-5494,EOGT,,MutNovel,"Y69S,0.675"
X-5494,EPB41L1,2036.0,Amp5,5.17
X-5494,EPPK1,83481.0,Amp5,5.74
X-5494,ERGIC3,51614.0,Amp5,5.17
X-5494,ESRP1,54845.0,Amp5,5.35
X-5494,EXOSC4,54512.0,Amp5,5.74
X-5494,EXT1,2131.0,Amp5,5.43
X-5494,EYA1,2138.0,Amp5,5.35
X-5494,EYA2,2139.0,Amp5,5.1
X-5494,FABP12,646486.0,Amp5,5.35
X-5494,FABP4,2167.0,Amp5,5.35
X-5494,FABP5,2171.0,Amp5,5.35
X-5494,FABP9,646480.0,Amp5,5.35
X-5494,FAM110B,90362.0,Amp5,5.35
X-5494,FAM120C,54954.0,MutNovel,"P110RRP,1.000"
X-5494,FAM135B,51059.0,Amp5,5.31
X-5494,FAM150A,389658.0,Amp5,5.35
X-5494,FAM203A,51236.0,Amp5,5.74
X-5494,FAM209A,200232.0,Amp5,5.1
X-5494,FAM209B,388799.0,Amp5,5.1
X-5494,FAM210B,116151.0,Amp5,5.1
X-5494,FAM227A,,MutNovel,"H501Y,0.409"
X-5494,FAM49B,51571.0,Amp5,5.31
X-5494,FAM65C,140876.0,Amp5,5.1
X-5494,FAM66A,100133172.0,Del0.8,0.62
X-5494,FAM82B,51115.0,Amp5,5.46
X-5494,FAM83A,84985.0,Amp5,5.35
X-5494,FAM83C,128876.0,Amp5,5.17
X-5494,FAM83D,81610.0,Amp5,5.1
X-5494,FAM83H,286077.0,Amp5,5.74
X-5494,FAM84B,157638.0,Amp5,5.31
X-5494,FAM91A1,157769.0,Amp5,5.35
X-5494,FAM92A1,137392.0,Amp5,5.39
X-5494,FBXL6,26233.0,Amp5,5.74
X-5494,FBXO32,114907.0,Amp5,5.35
X-5494,FBXO43,286151.0,Amp5,5.35
X-5494,FCGBP,8857.0,MutNovel,"G3871R,0.600"
X-5494,FER1L4,80307.0,Amp5,5.17
X-5494,FER1L6,654463.0,Amp5,5.35
X-5494,FER1L6-AS1,439941.0,Amp5,5.35
X-5494,FHIT,2272.0,Del0.8,0.41
X-5494,FHL1,2273.0,MutNovel,"S51C,0.320"
X-5494,FITM2,128486.0,Amp5,5.1
X-5494,FLII,2314.0,MutNovel,"E957K,0.850"
X-5494,FLJ16779,100192386.0,Amp5,5.1
X-5494,FLJ39080,441355.0,Amp5,5.35
X-5494,FLJ42969,441374.0,Amp5,5.35
X-5494,FLJ43860,389690.0,Amp5,5.31
X-5494,FLNB,2317.0,MutNovel,"A2107T,0.568"
X-5494,FN1,2335.0,MutNovel,"V2278I,0.278"
X-5494,FNTA,2339.0,Amp5,5.39
X-5494,FOXH1,8928.0,Amp5,5.74
X-5494,FXN,2395.0,MutNovel,"R40C,0.612"
X-5494,FZD6,8323.0,Amp5,5.35
X-5494,GATA5,140628.0,Amp5,5.1
X-5494,GCNT7,140687.0,Amp5,5.1
X-5494,GDAP1,54332.0,Amp5,5.35
X-5494,GDAP1L1,78997.0,Amp5,5.1
X-5494,GDF5,8200.0,Amp5,5.17
X-5494,GDF6,392255.0,Amp5,5.35
X-5494,GEM,2669.0,Amp5,5.39
X-5494,GGH,8836.0,Amp5,5.35
X-5494,GGT7,2686.0,Amp5,5.17
X-5494,GHRH,2691.0,Amp5,5.17
X-5494,GIGYF2,26058.0,MutNovel,"PQ1231P,1.000"
X-5494,GJC2,57165.0,MutNovel,"R112C,1.000"
X-5494,GJD3,125111.0,MutNovel,"H175Y,0.429"
X-5494,GLI4,2738.0,Amp5,5.74
X-5494,GLTPD2,388323.0,MutNovel,"S180P,1.000"
X-5494,GLUD1,2746.0,MutNovel,"N392Y,0.504"
X-5494,GMEB2,26205.0,Amp5,5.1
X-5494,GML,2765.0,Amp5,5.31
X-5494,GNAS,2778.0,Amp5,5.1
X-5494,GNAS-AS1,149775.0,Amp5,5.1
X-5494,GPAA1,8733.0,Amp5,5.74
X-5494,GPR160,26996.0,MutKnownFunctional,"-211I?,0.719"
X-5494,GPR20,2843.0,Amp5,5.31
X-5494,GPR3,2827.0,MutNovel,"R300C,0.500"
X-5494,GPRIN2,9721.0,MutNovel,"-238MRE,0.500"
X-5494,GPT,2875.0,Amp5,5.74
X-5494,GRB14,2888.0,MutKnownFunctional,"-297?,0.385"
X-5494,GRHL2,79977.0,Amp5,5.35
X-5494,GRINA,2907.0,Amp5,5.74
X-5494,GSDMC,56169.0,Amp5,5.31
X-5494,GSDMD,79792.0,Amp5,5.74
X-5494,GSS,2937.0,Amp5,5.17
X-5494,GSTM1,2944.0,Del0.8,0.78
X-5494,GSTT1,2952.0,Del0.8,0.53
X-5494,GTPBP5,26164.0,Amp5,5.1
X-5494,GTPBP6,8225.0,Amp5,5.46
X-5494,GTSF1L,149699.0,Amp5,5.1
X-5494,GZMH,2999.0,MutNovel,"P94A,0.333"
X-5494,HAR1A,768096.0,Amp5,5.1
X-5494,HAR1B,768097.0,Amp5,5.1
X-5494,HAS2,3037.0,Amp5,5.43
X-5494,HAS2-AS1,594842.0,Amp5,5.43
X-5494,HEATR7A,727957.0,Amp5,5.74
X-5494,HEY1,23462.0,Amp5,5.35
X-5494,HGSNAT,138050.0,Amp5,5.39
X-5494,HHLA1,10086.0,Amp5,5.31
X-5494,HIF1AN,55662.0,MutNovel,"E262K,0.516"
X-5494,HLA-B,3106.0,MutNovel,"R169L,0.455"
X-5494,HMCN2,,MutNovel,"H3496R,0.729"
X-5494,HMGB3P1,128872.0,Amp5,5.17
X-5494,HNF4A,3172.0,Amp5,5.1
X-5494,HNF4G,3174.0,Amp5,5.35
X-5494,HOOK3,84376.0,Amp5,5.39
X-5494,HPYR1,93668.0,Amp5,5.31
X-5494,HRH3,11255.0,Amp5,5.1
X-5494,HRSP12,10247.0,Amp5,5.35
X-5494,HSBP1L1,440498.0,Del0.8,0.72
X-5494,HSF1,3297.0,Amp5,5.74
X-5494,HSPA14,51182.0,MutNovel,"T220A,0.203"
X-5494,HSPA1A,3303.0,MutNovel,"V18L,0.429"
X-5494,HSPA1B,3304.0,MutNovel,"N141S,0.600"
X-5494,IDO1,3620.0,Amp5,5.39
X-5494,IDO2,169355.0,Amp5,5.39
X-5494,IFT52,51098.0,Amp5,5.1
X-5494,IGFBP2,3485.0,MutNovel,"L17LLPP,1.000"
X-5494,IKBKB,3551.0,Amp5,5.39
X-5494,IL1RL2,8808.0,MutNovel,"I438V,1.000"
X-5494,IL3RA,3563.0,Amp5,5.46
X-5494,IL7,3574.0,Amp5,5.35
X-5494,IMPA1,3612.0,Amp5,5.35
X-5494,IMPAD1,54928.0,Amp5,5.35
X-5494,INF2,64423.0,MutNovel,"TPP420T,1.000"
X-5494,INPP4B,8821.0,MutNovel,"R142Q,0.417"
X-5494,INTS8,55656.0,Amp5,5.35
X-5494,JPH1,56704.0,Amp5,5.35
X-5494,JPH2,57158.0,Amp5,5.1
X-5494,JRK,8629.0,Amp5,5.31
X-5494,KAT6A,7994.0,Amp5,5.39
X-5494,KCNB1,3745.0,Amp5,5.1
X-5494,KCNB2,9312.0,Amp5,5.35
X-5494,KCNG1,3755.0,Amp5,5.1
X-5494,KCNG2,26251.0,Del0.8,0.72
X-5494,KCNK15,60598.0,Amp5,5.1
X-5494,KCNK9,51305.0,Amp5,5.31
X-5494,KCNQ1,3784.0,MutNovel,"P73T,0.777"
X-5494,KCNQ2,3785.0,Amp5,5.1
X-5494,KCNQ3,3786.0,Amp5,5.31
X-5494,KCNS1,3787.0,Amp5,5.1
X-5494,KCNS2,3788.0,Amp5,5.35
X-5494,KCNV1,27012.0,Amp5,5.35
X-5494,KCTD1,284252.0,Del0.8,0.69
X-5494,KDM1A,23028.0,MutNovel,"G46S,0.446"
X-5494,KHDRBS3,10656.0,Amp5,5.31
X-5494,KIAA0146,23514.0,Amp5,5.35
X-5494,KIAA0196,9897.0,Amp5,5.35
X-5494,KIAA0368,23392.0,MutNovel,"Q1729E,0.300"
X-5494,KIAA1211,57482.0,MutNovel,"A742V,0.594"
X-5494,KIAA1609,57707.0,MutNovel,"S42C,0.500"
X-5494,KIAA1731,85459.0,MutNovel,"P638L,0.676"
X-5494,KIAA1755,85449.0,Amp5,5.1
X-5494,KIAA1875,340390.0,Amp5,5.74
X-5494,KIF20B,9585.0,MutNovel,"L1062LKV,1.000"
X-5494,KIFC2,90990.0,Amp5,5.74
X-5494,KIT,3815.0,MutNovel,"P754S,1.000"
X-5494,KLF10,7071.0,Amp5,5.35
X-5494,KLHL38,340359.0,Amp5,5.35
X-5494,KLRC1,3821.0,MutNovel,"H101Q,1.000"
X-5494,KRT78,196374.0,MutNovel,"N136I,1.000"
X-5494,L3MBTL1,26013.0,Amp5,5.1
X-5494,LACTB2,51110.0,Amp5,5.35
X-5494,LAMA5,3911.0,Amp5,5.1
X-5494,LAPTM4B,55353.0,Amp5,5.35
X-5494,LBP,3929.0,Amp5,5.1
X-5494,LCE3C,353144.0,Del0.8,0.12
X-5494,LDHB,3945.0,MutNovel,"A46T,0.357"
X-5494,LIME1,54923.0,Amp5,5.1
X-5494,LINC00029,100144596.0,Amp5,5.1
X-5494,LINC00051,619434.0,Amp5,5.31
X-5494,LINC00102,100359394.0,Amp5,5.46
X-5494,LINC00176,284739.0,Amp5,5.1
X-5494,LINC00251,552859.0,Amp5,5.35
X-5494,LINC00266-1,140849.0,Amp5,5.1
X-5494,LINC00293,497634.0,Amp5,5.35
X-5494,LINC00494,284749.0,Amp5,5.1
X-5494,LINC00535,642924.0,Amp5,5.39
X-5494,LIPG,9388.0,Amp8,26.91
X-5494,LOC100127888,100127888.0,Amp5,5.1
X-5494,LOC100127983,100127983.0,Amp5,5.39
X-5494,LOC100128338,100128338.0,Amp5,5.74
X-5494,LOC100130155,100130155.0,Amp5,5.35
X-5494,LOC100130231,100130231.0,Amp5,5.31
X-5494,LOC100130298,100130298.0,Amp5,5.35
X-5494,LOC100130301,100130301.0,Amp5,5.35
X-5494,LOC100131496,100131496.0,Amp5,5.1
X-5494,LOC100131726,100131726.0,Amp5,5.35
X-5494,LOC100132891,100132891.0,Amp5,5.35
X-5494,LOC100133669,100133669.0,Amp5,5.31
X-5494,LOC100144597,100144597.0,Amp5,5.1
X-5494,LOC100287792,100287792.0,Amp5,5.17
X-5494,LOC100287846,100287846.0,Amp5,5.35
X-5494,LOC100288181,100288181.0,Amp5,5.31
X-5494,LOC100288748,100288748.0,Amp5,5.35
X-5494,LOC100499183,100499183.0,Amp5,5.35
X-5494,LOC100500773,100500773.0,Amp5,5.35
X-5494,LOC100505659,100505659.0,Amp5,5.35
X-5494,LOC100505676,100505676.0,Amp5,5.35
X-5494,LOC100505718,100505718.0,Amp5,5.35
X-5494,LOC100505783,100505783.0,Amp5,5.1
X-5494,LOC100505815,100505815.0,Amp5,5.1
X-5494,LOC100506384,100506384.0,Amp5,5.1
X-5494,LOC100507117,100507117.0,Amp5,5.31
X-5494,LOC100507632,100507632.0,Amp5,5.35
X-5494,LOC100507651,100507651.0,Amp5,5.35
X-5494,LOC100616530,100616530.0,Amp5,5.35
X-5494,LOC100996574,,MutKnownFunctional,"-147?,0.545"
X-5494,LOC149773,149773.0,Amp5,5.1
X-5494,LOC157381,157381.0,Amp5,5.35
X-5494,LOC284751,284751.0,Amp5,5.1
X-5494,LOC286094,286094.0,Amp5,5.31
X-5494,LOC286177,286177.0,Amp5,5.35
X-5494,LOC286184,286184.0,Amp5,5.35
X-5494,LOC286186,286186.0,Amp5,5.35
X-5494,LOC286189,286189.0,Amp5,5.35
X-5494,LOC286190,286190.0,Amp5,5.35
X-5494,LOC339568,339568.0,Amp5,5.1
X-5494,LOC388796,388796.0,Amp5,5.1
X-5494,LOC391322,391322.0,Del0.8,0.53
X-5494,LOC392232,392232.0,Amp5,5.35
X-5494,LOC401463,401463.0,Amp5,5.35
X-5494,LOC63930,63930.0,Amp5,5.1
X-5494,LOC647979,647979.0,Amp5,5.17
X-5494,LOC727677,727677.0,Amp5,5.31
X-5494,LOC727924,727924.0,Del0.8,0.73
X-5494,LOC728377,728377.0,Amp5,5.43
X-5494,LOC728606,728606.0,Del0.8,0.69
X-5494,LOC728724,728724.0,Amp5,5.31
X-5494,LOC728888,,MutNovel,"L86F,0.667"
X-5494,LOC728888,,MutNovel,"V84L,0.667"
X-5494,LOC728888,,MutNovel,"T69R,0.333"
X-5494,LOC728888,,MutNovel,"I63S,0.250"
X-5494,LOC731779,731779.0,Amp5,5.31
X-5494,LOC79015,79015.0,Amp5,5.1
X-5494,LPIN3,64900.0,Amp5,5.1
X-5494,LRBA,987.0,MutNovel,"T2694S,0.494"
X-5494,LRP12,29967.0,Amp5,5.35
X-5494,LRRC14,9684.0,Amp5,5.74
X-5494,LRRC24,441381.0,Amp5,5.74
X-5494,LRRC37A3,374819.0,MutNovel,"E271D,1.000"
X-5494,LRRC6,23639.0,Amp5,5.31
X-5494,LRRC66,339977.0,MutKnownFunctional,"-408?,0.261"
X-5494,LRRC69,100130742.0,Amp5,5.39
X-5494,LRRCC1,85444.0,Amp5,5.46
X-5494,LSM14B,149986.0,Amp5,5.1
X-5494,LSR,51599.0,MutNovel,"G518GR,1.000"
X-5494,LY6D,8581.0,Amp5,5.31
X-5494,LY6E,4061.0,Amp5,5.31
X-5494,LY6H,4062.0,Amp5,5.31
X-5494,LY6K,54742.0,Amp5,5.31
X-5494,LY96,23643.0,Amp5,5.35
X-5494,LYN,4067.0,MutNovel,"I227V,0.759"
X-5494,LYN,4067.0,Amp5,5.35
X-5494,LYNX1,66004.0,Amp5,5.31
X-5494,LYPD2,137797.0,Amp5,5.31
X-5494,LYPLA1,10434.0,Amp5,5.35
X-5494,MAF1,84232.0,Amp5,5.74
X-5494,MAFA,389692.0,Amp5,5.74
X-5494,MAFB,9935.0,Amp5,5.1
X-5494,MAGI1,9223.0,MutNovel,"S255T,0.317"
X-5494,MAL2,114569.0,Amp5,5.43
X-5494,MANBAL,63905.0,Amp5,5.17
X-5494,MAP3K4,4216.0,MutNovel,"PA1189P,1.000"
X-5494,MAPK15,225689.0,Amp5,5.74
X-5494,MATN2,4147.0,Amp5,5.35
X-5494,MATN4,8785.0,Amp5,5.1
X-5494,MC3R,4159.0,Amp5,5.1
X-5494,MCM4,4173.0,Amp5,5.35
X-5494,MED30,90390.0,Amp5,5.43
X-5494,MET,4233.0,MutKnownFunctional,"T1010I,1.000"
X-5494,METTL23,124512.0,MutNovel,"LP91L,0.724"
X-5494,MFSD3,113655.0,Amp5,5.74
X-5494,MGAM,8972.0,MutNovel,"T630A,1.000"
X-5494,MIR1-1,406904.0,Amp5,5.1
X-5494,MIR1204,100302185.0,Amp5,5.31
X-5494,MIR1205,100302161.0,Amp5,5.31
X-5494,MIR1206,100302170.0,Amp5,5.31
X-5494,MIR1207,100302175.0,Amp5,5.31
X-5494,MIR1208,100302281.0,Amp5,5.31
X-5494,MIR1234,100302196.0,Amp5,5.74
X-5494,MIR124-2,406908.0,Amp5,5.35
X-5494,MIR124-3,406909.0,Amp5,5.1
X-5494,MIR1257,100302168.0,Amp5,5.1
X-5494,MIR133A2,406923.0,Amp5,5.1
X-5494,MIR1539,100302257.0,Amp8,21.56
X-5494,MIR1914,100302137.0,Amp5,5.1
X-5494,MIR2052,100302260.0,Amp5,5.35
X-5494,MIR2053,100302225.0,Amp5,5.46
X-5494,MIR296,407022.0,Amp5,5.1
X-5494,MIR298,100126296.0,Amp5,5.1
X-5494,MIR302F,100302131.0,Del0.8,0.72
X-5494,MIR30B,407030.0,Amp5,5.31
X-5494,MIR30D,407033.0,Amp5,5.31
X-5494,MIR3150A,100422964.0,Amp5,5.35
X-5494,MIR3150B,100500907.0,Amp5,5.35
X-5494,MIR3151,100422992.0,Amp5,5.35
X-5494,MIR3194,100422889.0,Amp5,5.1
X-5494,MIR3196,100423014.0,Amp5,5.1
X-5494,MIR3610,100500914.0,Amp5,5.43
X-5494,MIR3616,100500814.0,Amp5,5.1
X-5494,MIR3646,100500813.0,Amp5,5.1
X-5494,MIR3690,100500894.0,Amp5,5.46
X-5494,MIR378D2,100616169.0,Amp5,5.39
X-5494,MIR4320,100422865.0,Amp8,20.68
X-5494,MIR4325,100422883.0,Amp5,5.1
X-5494,MIR4326,100422945.0,Amp5,5.1
X-5494,MIR4469,100616115.0,Amp5,5.39
X-5494,MIR4470,100616484.0,Amp5,5.35
X-5494,MIR4471,100616451.0,Amp5,5.35
X-5494,MIR4472-1,100616268.0,Amp5,5.31
X-5494,MIR4532,100616353.0,Amp5,5.1
X-5494,MIR4533,100616362.0,Amp5,5.1
X-5494,MIR4661,100616245.0,Amp5,5.39
X-5494,MIR4663,100616260.0,Amp5,5.35
X-5494,MIR4664,100616318.0,Amp5,5.74
X-5494,MIR4743,100616366.0,Amp8,21.56
X-5494,MIR4744,100616420.0,Amp8,21.56
X-5494,MIR4756,100616225.0,Amp5,5.1
X-5494,MIR4758,100616340.0,Amp5,5.1
X-5494,MIR499A,574501.0,Amp5,5.17
X-5494,MIR499B,100616134.0,Amp5,5.17
X-5494,MIR5095,100616458.0,Amp5,5.1
X-5494,MIR599,693184.0,Amp5,5.35
X-5494,MIR645,693230.0,Amp5,5.1
X-5494,MIR647,693232.0,Amp5,5.1
X-5494,MIR661,724031.0,Amp5,5.74
X-5494,MIR875,100126309.0,Amp5,5.35
X-5494,MIR937,100126338.0,Amp5,5.74
X-5494,MIR939,100126351.0,Amp5,5.74
X-5494,MIR941-1,100126329.0,Amp5,5.1
X-5494,MIR941-3,100126352.0,Amp5,5.1
X-5494,MKRN7P,7686.0,Amp5,5.1
X-5494,MLLT6,4302.0,MutNovel,"A327T,0.220"
X-5494,MLYCD,23417.0,MutNovel,"R11G,0.471"
X-5494,MME,4311.0,MutNovel,"Y195C,0.687"
X-5494,MMP16,4325.0,Amp5,5.46
X-5494,MMP24,10893.0,Amp5,5.17
X-5494,MMP9,4318.0,Amp5,5.1
X-5494,MOCS3,27304.0,Amp5,5.1
X-5494,MOS,4342.0,Amp5,5.35
X-5494,MPRIP,23164.0,MutNovel,"TS178T,1.000"
X-5494,MRPL13,28998.0,Amp5,5.43
X-5494,MRPL15,29088.0,Amp5,5.35
X-5494,MRPS28,28957.0,Amp5,5.35
X-5494,MSC,9242.0,Amp5,5.35
X-5494,MTBP,27085.0,Amp5,5.43
X-5494,MTDH,92140.0,Amp5,5.35
X-5494,MTERFD1,51001.0,Amp5,5.35
X-5494,MTFR1,9650.0,Amp5,5.35
X-5494,MTMR11,10903.0,MutKnownFunctional,"R398*,0.387"
X-5494,MTRNR2L3,100462983.0,Amp5,5.1
X-5494,MTSS1,9788.0,Amp5,5.35
X-5494,MUC12,10071.0,MutNovel,"E4601G,0.500"
X-5494,MUC12,10071.0,MutNovel,"T4603M,0.500"
X-5494,MUC20,200958.0,MutNovel,"A192V,0.429"
X-5494,MYBL1,4603.0,Amp5,5.35
X-5494,MYBL2,4605.0,Amp5,5.1
X-5494,MYC,4609.0,Amp5,5.31
X-5494,MYH7B,57644.0,Amp5,5.17
X-5494,MYL9,10398.0,Amp5,5.17
X-5494,MYO5B,4645.0,Amp5,5.31
X-5494,MYT1,4661.0,Amp5,5.1
X-5494,NACAP1,83955.0,Amp5,5.35
X-5494,NAPRT1,93100.0,Amp5,5.74
X-5494,NBN,4683.0,Amp5,5.39
X-5494,NBPF10,100132406.0,MutNovel,"Q325R,0.240"
X-5494,NBPF11,200030.0,MutNovel,"D45R,0.750"
X-5494,NBPF14,25832.0,MutNovel,"R261G,0.214"
X-5494,NCALD,83988.0,Amp5,5.35
X-5494,NCL,4691.0,MutNovel,"DDE249E,1.000"
X-5494,NCL,4691.0,MutNovel,"DDD248D,1.000"
X-5494,NCL,4691.0,MutNovel,"D249E,0.911"
X-5494,NCOA2,10499.0,Amp5,5.35
X-5494,NCOA3,8202.0,MutNovel,"Q1255-,0.457"
X-5494,NCOA3,8202.0,Amp5,5.1
X-5494,NCOA5,57727.0,Amp5,5.1
X-5494,NCOA6,23054.0,Amp5,5.17
X-5494,NCOR2,9612.0,MutNovel,"G1839GAAA,0.947"
X-5494,NCOR2,9612.0,MutNovel,"-511SS,1.000"
X-5494,NDNL2,56160.0,MutNovel,"S81N,0.371"
X-5494,NDRG1,10397.0,Amp5,5.31
X-5494,NDRG3,57446.0,Amp5,5.17
X-5494,NDUFB9,4715.0,Amp5,5.35
X-5494,NDUFS8,4728.0,MutNovel,"R57C,0.675"
X-5494,NECAB1,64168.0,Amp5,5.39
X-5494,NEURL2,140825.0,Amp5,5.1
X-5494,NFATC1,4772.0,Del0.8,0.72
X-5494,NFATC2,4773.0,Amp5,5.1
X-5494,NFS1,9054.0,Amp5,5.17
X-5494,NFYB,4801.0,MutNovel,"I151T,0.316"
X-5494,NIPAL2,79815.0,Amp5,5.35
X-5494,NKAIN3,286183.0,Amp5,5.35
X-5494,NKAIN4,128414.0,Amp5,5.1
X-5494,NLRP6,171389.0,MutNovel,"G585S,0.640"
X-5494,NNAT,4826.0,Amp5,5.17
X-5494,NOV,4856.0,Amp5,5.43
X-5494,NPBWR1,2831.0,Amp5,5.35
X-5494,NPBWR2,2832.0,Amp5,5.1
X-5494,NPEPL1,79716.0,Amp5,5.1
X-5494,NRBP2,340371.0,Amp5,5.74
X-5494,NSMAF,8439.0,Amp5,5.35
X-5494,NSMCE2,286053.0,Amp5,5.35
X-5494,NTSR1,4923.0,Amp5,5.1
X-5494,NUDCD1,84955.0,Amp5,5.35
X-5494,OC90,729330.0,Amp5,5.31
X-5494,ODF1,4956.0,Amp5,5.35
X-5494,OFD1,8481.0,MutNovel,"N938I,1.000"
X-5494,OGFR,11054.0,Amp5,5.1
X-5494,OPLAH,26873.0,Amp5,5.74
X-5494,OPRK1,4986.0,Amp5,5.35
X-5494,OPRL1,4987.0,Amp5,5.1
X-5494,OR2A42,402317.0,Amp5,5.43
X-5494,OR2A42,402317.0,Amp5,5.43
X-5494,OR2A7,401427.0,Amp5,5.43
X-5494,OR2A9P,441295.0,Amp5,5.43
X-5494,OR2A9P,441295.0,Amp5,5.43
X-5494,OR4M2,390538.0,Del0.8,0.73
X-5494,OR4N3P,390539.0,Del0.8,0.73
X-5494,OR4N4,283694.0,Del0.8,0.73
X-5494,OR52N5,390075.0,Del0.8,0.79
X-5494,ORAI1,84876.0,MutNovel,"PP43-,1.000"
X-5494,OSBPL2,9885.0,Amp5,5.1
X-5494,OSGIN2,734.0,Amp5,5.39
X-5494,OSR2,116039.0,Amp5,5.35
X-5494,OTUD6B,51633.0,Amp5,5.39
X-5494,OVOS,,MutNovel,"Q421H,1.000"
X-5494,OVOS,,MutNovel,"V427L,1.000"
X-5494,OXR1,55074.0,Amp5,5.35
X-5494,P2RY8,286530.0,Amp5,5.46
X-5494,PABPC1,26986.0,Amp5,5.35
X-5494,PABPC1L,80336.0,Amp5,5.1
X-5494,PABPC3,5042.0,MutNovel,"KG231-,0.259"
X-5494,PABPC3,5042.0,MutNovel,"RS331R,0.286"
X-5494,PABPC3,5042.0,MutNovel,"V455P,1.000"
X-5494,PABPC3,5042.0,MutKnownFunctional,"-615,0.500"
X-5494,PAG1,55824.0,Amp5,5.35
X-5494,PAK4,10298.0,MutNovel,"P105L,0.505"
X-5494,PALB2,79728.0,MutNovel,"S310G,0.531"
X-5494,PARD6B,84612.0,Amp5,5.1
X-5494,PARD6G,84552.0,Del0.8,0.72
X-5494,PARP10,84875.0,Amp5,5.74
X-5494,PCAT1,100750225.0,Amp5,5.31
X-5494,PCDHA1,56147.0,MutNovel,"E55D,1.000"
X-5494,PCDHA2,56146.0,MutNovel,"G72R,1.000"
X-5494,PCIF1,63935.0,Amp5,5.1
X-5494,PCK1,5105.0,Amp5,5.1
X-5494,PCMTD1,115294.0,Amp5,5.35
X-5494,PCMTD2,55251.0,Amp5,5.1
X-5494,PCSK5,5125.0,MutNovel,"G1447R,0.808"
X-5494,PDE7A,5150.0,Amp5,5.35
X-5494,PDLIM7,9260.0,MutNovel,"K287R,0.471"
X-5494,PDP1,54704.0,Amp5,5.39
X-5494,PENK,5179.0,Amp5,5.35
X-5494,PEX2,5828.0,Amp5,5.35
X-5494,PFDN4,5203.0,Amp5,5.1
X-5494,PHACTR3,116154.0,Amp5,5.1
X-5494,PHF20,51230.0,Amp5,5.17
X-5494,PHF20L1,51105.0,Amp5,5.31
X-5494,PHLDA1,22822.0,MutNovel,"QQ194Q,1.000"
X-5494,PHLPP2,23035.0,MutNovel,"T900M,0.750"
X-5494,PI15,51050.0,Amp5,5.35
X-5494,PI3,5266.0,Amp5,5.1
X-5494,PI4K2B,55300.0,MutNovel,"E322K,0.457"
X-5494,PIGT,51604.0,Amp5,5.1
X-5494,PKHD1L1,93035.0,Amp5,5.35
X-5494,PKIA,5569.0,Amp5,5.35
X-5494,PKIG,11142.0,Amp5,5.1
X-5494,PKN2,5586.0,MutNovel,"NL382N,0.509"
X-5494,PLAG1,5324.0,Amp5,5.35
X-5494,PLAT,5327.0,Amp5,5.39
X-5494,PLCG1,5335.0,Amp5,5.1
X-5494,PLCXD1,55344.0,Amp5,5.46
X-5494,PLEC,5339.0,Amp5,5.74
X-5494,PLEKHF2,79666.0,Amp5,5.35
X-5494,PLEKHG6,55200.0,MutNovel,"R348Q,1.000"
X-5494,PLTP,5360.0,Amp5,5.1
X-5494,PLXNA2,5362.0,MutNovel,"K640R,0.455"
X-5494,PMEPA1,56937.0,Amp5,5.1
X-5494,PMP2,5375.0,Amp5,5.35
X-5494,POGZ,23126.0,MutNovel,"R1039H,0.461"
X-5494,POLB,5423.0,Amp5,5.39
X-5494,POLR2K,5440.0,Amp5,5.35
X-5494,POP1,10940.0,Amp5,5.35
X-5494,POTEA,340441.0,Amp5,5.39
X-5494,POU5F1B,5462.0,Amp5,5.31
X-5494,PPDPF,79144.0,Amp5,5.1
X-5494,PPP1R16A,84988.0,Amp5,5.74
X-5494,PPP1R16B,26051.0,Amp5,5.1
X-5494,PPP1R3D,5509.0,Amp5,5.1
X-5494,PPP1R42,286187.0,Amp5,5.35
X-5494,PPP2R3B,28227.0,Amp5,5.46
X-5494,PPP2R3B-AS1,283981.0,Amp5,5.46
X-5494,PPP4R1L,55370.0,Amp5,5.1
X-5494,PQLC1,80148.0,Del0.8,0.72
X-5494,PRDM14,63978.0,Amp5,5.35
X-5494,PREX1,57580.0,Amp5,5.1
X-5494,PREX2,80243.0,Amp5,5.35
X-5494,PRIC285,85441.0,Amp5,5.1
X-5494,PRKDC,5591.0,Amp5,5.35
X-5494,PROCR,10544.0,Amp5,5.17
X-5494,PROM1,8842.0,MutNovel,"G240R,0.892"
X-5494,PRPF6,24148.0,Amp5,5.1
X-5494,PRSS12,8492.0,MutNovel,"H297R,1.000"
X-5494,PRSS56,646960.0,MutNovel,"P599A,1.000"
X-5494,PSCA,8000.0,Amp5,5.31
X-5494,PSKH2,85481.0,Amp5,5.46
X-5494,PSMA7,5688.0,Amp5,5.1
X-5494,PSMA8,143471.0,Del0.8,0.69
X-5494,PSMB10,5699.0,MutNovel,"V139M,0.516"
X-5494,PTDSS1,9791.0,Amp5,5.35
X-5494,PTGIS,5740.0,Amp5,5.1
X-5494,PTK2,5747.0,Amp5,5.31
X-5494,PTK6,5753.0,Amp5,5.1
X-5494,PTP4A3,11156.0,Amp5,5.31
X-5494,PTPN1,5770.0,Amp5,5.1
X-5494,PTPRT,11122.0,Amp5,5.1
X-5494,PTTG3P,26255.0,Amp5,5.35
X-5494,PUF60,22827.0,Amp5,5.74
X-5494,PVT1,5820.0,Amp5,5.31
X-5494,PXDNL,137902.0,Amp5,5.35
X-5494,PYCRL,65263.0,Amp5,5.74
X-5494,R3HDML,140902.0,Amp5,5.1
X-5494,RAB22A,57403.0,Amp5,5.1
X-5494,RAB2A,5862.0,Amp5,5.35
X-5494,RAD21,5885.0,Amp5,5.43
X-5494,RAD21-AS1,644660.0,Amp5,5.43
X-5494,RAD54B,25788.0,Amp5,5.39
X-5494,RAE1,8480.0,Amp5,5.1
X-5494,RALGAPB,57148.0,Amp5,5.1
X-5494,RALYL,138046.0,Amp5,5.46
X-5494,RB1CC1,9821.0,Amp5,5.35
X-5494,RBFA,79863.0,Del0.8,0.72
X-5494,RBL1,5933.0,Amp5,5.17
X-5494,RBM10,8241.0,MutNovel,"G799R,1.000"
X-5494,RBM12,10137.0,Amp5,5.17
X-5494,RBM12B,389677.0,Amp5,5.39
X-5494,RBM38,55544.0,Amp5,5.1
X-5494,RBM39,9584.0,Amp5,5.17
X-5494,RBPJL,11317.0,Amp5,5.1
X-5494,RDH10,157506.0,Amp5,5.35
X-5494,RECQL4,9401.0,Amp5,5.74
X-5494,REREP3,646396.0,Del0.8,0.73
X-5494,REXO1L1,254958.0,Amp5,5.46
X-5494,REXO1L2P,100288527.0,Amp5,5.46
X-5494,REXO1L2P,100288527.0,Amp5,5.46
X-5494,RFPL4A,342931.0,Del0.8,0.77
X-5494,RGS19,10287.0,Amp5,5.1
X-5494,RGS20,8601.0,Amp5,5.35
X-5494,RGS22,26166.0,Amp5,5.35
X-5494,RHPN1,114822.0,Amp5,5.74
X-5494,RIMS2,9699.0,Amp5,5.35
X-5494,RIMS4,140730.0,Amp5,5.1
X-5494,RIN3,79890.0,MutNovel,"G967-,1.000"
X-5494,RIPK2,8767.0,Amp5,5.39
X-5494,RNF114,55905.0,Amp5,5.1
X-5494,RNF139,11236.0,Amp5,5.35
X-5494,RNF170,81790.0,Amp5,5.39
X-5494,RNF19A,25897.0,Amp5,5.35
X-5494,RNF8,9025.0,MutNovel,"A443T,0.328"
X-5494,ROMO1,140823.0,Amp5,5.17
X-5494,RP1,6101.0,Amp5,5.35
X-5494,RPL17,6139.0,Amp8,21.56
X-5494,RPL17-C18ORF32,100526842.0,Amp8,21.56
X-5494,RPL30,6156.0,Amp5,5.35
X-5494,RPL7,6129.0,MutNovel,"M64V,0.229"
X-5494,RPL7,6129.0,Amp5,5.35
X-5494,RPL8,6132.0,Amp5,5.74
X-5494,RPN2,6185.0,Amp5,5.17
X-5494,RPRD1B,58490.0,Amp5,5.17
X-5494,RPS20,6224.0,Amp5,5.35
X-5494,RPS21,6227.0,Amp5,5.1
X-5494,RPS4Y2,140032.0,MutNovel,"L153V,1.000"
X-5494,RRM2B,50484.0,Amp5,5.35
X-5494,RRS1,23212.0,Amp5,5.35
X-5494,RSPO2,340419.0,Amp5,5.35
X-5494,RTEL1,51750.0,Amp5,5.1
X-5494,RTEL1-TNFRSF6B,100533107.0,Amp5,5.1
X-5494,RUNX1T1,862.0,Amp5,5.39
X-5494,SALL3,27164.0,Del0.8,0.72
X-5494,SALL4,57167.0,Amp5,5.1
X-5494,SAMD10,140700.0,Amp5,5.1
X-5494,SAMD12,401474.0,Amp5,5.43
X-5494,SAMD12-AS1,552860.0,Amp5,5.43
X-5494,SAMHD1,25939.0,Amp5,5.17
X-5494,SBF1P1,100133234.0,Amp5,5.35
X-5494,SCAF4,57466.0,MutNovel,"PQ959P,0.500"
X-5494,SCAND1,51282.0,Amp5,5.17
X-5494,SCAPER,49855.0,Del0.8,0.57
X-5494,SCARNA17,677769.0,Amp8,20.68
X-5494,SCRIB,23513.0,Amp5,5.74
X-5494,SCRT1,83482.0,Amp5,5.74
X-5494,SCXA,100129885.0,Amp5,5.74
X-5494,SDC2,6383.0,Amp5,5.35
X-5494,SDC3,9672.0,MutNovel,"E228K,0.491"
X-5494,SDC4,6385.0,Amp5,5.1
X-5494,SDCBP,6386.0,Amp5,5.35
X-5494,SDR16C5,195814.0,Amp5,5.35
X-5494,SEMA4D,10507.0,MutNovel,"P588L,0.349"
X-5494,SEMG1,6406.0,Amp5,5.1
X-5494,SEMG2,6407.0,Amp5,5.1
X-5494,SERINC2,347735.0,MutNovel,"-373Q,1.000"
X-5494,SERINC3,10955.0,Amp5,5.1
X-5494,SERPINF1,5176.0,MutNovel,"R106Q,0.981"
X-5494,SFRP1,6422.0,Amp5,5.5
X-5494,SGK196,84197.0,Amp5,5.39
X-5494,SGK2,10110.0,Amp5,5.1
X-5494,SGK3,23678.0,Amp5,5.35
X-5494,SHARPIN,81858.0,Amp5,5.74
X-5494,SHOX,6473.0,Amp5,5.46
X-5494,SIRT2,22933.0,MutNovel,"R75C,0.453"
X-5494,SKIV2L,6499.0,MutNovel,"-255S,1.000"
X-5494,SLA,6503.0,Amp5,5.31
X-5494,SLA2,84174.0,Amp5,5.17
X-5494,SLC10A5,347051.0,Amp5,5.35
X-5494,SLC12A5,57468.0,Amp5,5.1
X-5494,SLC13A3,64849.0,Amp5,5.1
X-5494,SLC17A9,63910.0,Amp5,5.1
X-5494,SLC20A2,6575.0,Amp5,5.39
X-5494,SLC25A32,81034.0,Amp5,5.35
X-5494,SLC25A6,293.0,Amp5,5.46
X-5494,SLC26A7,115111.0,Amp5,5.39
X-5494,SLC2A10,81031.0,Amp5,5.1
X-5494,SLC2A4RG,56731.0,Amp5,5.1
X-5494,SLC30A8,169026.0,Amp5,5.43
X-5494,SLC32A1,140679.0,Amp5,5.1
X-5494,SLC35C2,51006.0,Amp5,5.1
X-5494,SLC39A4,55630.0,Amp5,5.74
X-5494,SLC45A4,57210.0,Amp5,5.31
X-5494,SLC5A6,8884.0,MutNovel,"V33L,0.996"
X-5494,SLC7A13,157724.0,Amp5,5.46
X-5494,SLC9A8,23315.0,Amp5,5.1
X-5494,SLC9C1,,MutNovel,"E287A,0.750"
X-5494,SLCO4A1,28231.0,Amp5,5.1
X-5494,SLCO5A1,81796.0,Amp5,5.17
X-5494,SLMO2,51012.0,Amp5,5.1
X-5494,SLMO2-ATP5E,100533975.0,Amp5,5.1
X-5494,SLPI,6590.0,Amp5,5.1
X-5494,SLURP1,57152.0,Amp5,5.31
X-5494,SMAD2,4087.0,Amp8,21.56
X-5494,SMAD7,4092.0,Amp8,21.56
X-5494,SNAI1,6615.0,Amp5,5.1
X-5494,SNAI2,6591.0,Amp5,5.35
X-5494,SNHG11,128439.0,Amp5,5.1
X-5494,SNHG6,641638.0,Amp5,5.35
X-5494,SNORA39,677821.0,Amp5,5.1
X-5494,SNORA71A,26777.0,Amp5,5.1
X-5494,SNORA71B,26776.0,Amp5,5.1
X-5494,SNORA71C,677839.0,Amp5,5.1
X-5494,SNORA71D,677840.0,Amp5,5.1
X-5494,SNORA72,26775.0,Amp5,5.35
X-5494,SNORD12,692057.0,Amp5,5.1
X-5494,SNORD12B,100113393.0,Amp5,5.1
X-5494,SNORD12C,26765.0,Amp5,5.1
X-5494,SNORD54,26795.0,Amp5,5.35
X-5494,SNORD58A,26791.0,Amp8,21.56
X-5494,SNORD58B,26790.0,Amp8,21.56
X-5494,SNORD58C,100124516.0,Amp8,21.56
X-5494,SNORD87,641648.0,Amp5,5.35
X-5494,SNTB1,6641.0,Amp5,5.43
X-5494,SNTG1,54212.0,Amp5,5.35
X-5494,SNX16,64089.0,Amp5,5.35
X-5494,SNX21,90203.0,Amp5,5.1
X-5494,SNX31,169166.0,Amp5,5.35
X-5494,SOX17,64321.0,Amp5,5.35
X-5494,SOX18,54345.0,Amp5,5.1
X-5494,SPAG1,6674.0,Amp5,5.35
X-5494,SPAG11A,653423.0,Del0.8,0.37
X-5494,SPAG11B,10407.0,Del0.8,0.6
X-5494,SPAG11B,10407.0,Del0.8,0.37
X-5494,SPAG4,6676.0,Amp5,5.17
X-5494,SPATA2,9825.0,Amp5,5.1
X-5494,SPATA25,128497.0,Amp5,5.1
X-5494,SPATC1,375686.0,Amp5,5.74
X-5494,SPINLW1,57119.0,Amp5,5.1
X-5494,SPINLW1-WFDC6,100526773.0,Amp5,5.1
X-5494,SPINT3,10816.0,Amp5,5.1
X-5494,SPINT4,391253.0,Amp5,5.1
X-5494,SPO11,23626.0,Amp5,5.1
X-5494,SPTBN2,6712.0,MutNovel,"E1982K,0.725"
X-5494,SPTLC3,55304.0,MutNovel,"A435V,0.479"
X-5494,SQLE,6713.0,Amp5,5.35
X-5494,SRC,6714.0,Amp5,5.17
X-5494,SRCAP,10847.0,MutNovel,"T933M,0.569"
X-5494,SRMS,6725.0,Amp5,5.1
X-5494,SRRM2,23524.0,MutNovel,"S212N,0.510"
X-5494,SRRT,51593.0,MutNovel,"A245G,0.466"
X-5494,SRSF6,6431.0,Amp5,5.1
X-5494,SS18,6760.0,Del0.8,0.69
X-5494,SS18L1,26039.0,Amp5,5.1
X-5494,ST18,9705.0,Amp5,5.35
X-5494,ST3GAL1,6482.0,Amp5,5.31
X-5494,STAU1,6780.0,Amp5,5.1
X-5494,STAU2,27067.0,Amp5,5.35
X-5494,STK3,6788.0,Amp5,5.35
X-5494,STK4,6789.0,Amp5,5.1
X-5494,STMN2,11075.0,Amp5,5.35
X-5494,STMN3,50861.0,Amp5,5.1
X-5494,STRC,161497.0,MutNovel,"T1565S,0.643"
X-5494,STX16,8675.0,Amp5,5.1
X-5494,SULF1,23213.0,Amp5,5.17
X-5494,SULF2,55959.0,Amp5,5.1
X-5494,SUMF1,285362.0,MutNovel,"P252S,0.476"
X-5494,SUMO1P1,391257.0,Amp5,5.1
X-5494,SYBU,55638.0,Amp5,5.35
X-5494,SYCP2,10388.0,Amp5,5.1
X-5494,SYS1,90196.0,Amp5,5.1
X-5494,SYS1-DBNDD2,767557.0,Amp5,5.1
X-5494,SYT17,51760.0,MutNovel,"R93C,0.471"
X-5494,TAF1L,138474.0,MutKnownFunctional,"-665?,1.000"
X-5494,TAF2,6873.0,Amp5,5.43
X-5494,TAF4,6874.0,Amp5,5.1
X-5494,TAF4B,6875.0,Del0.8,0.69
X-5494,TAG,404663.0,Del0.8,0.67
X-5494,TATDN1,83940.0,Amp5,5.35
X-5494,TBP,6908.0,MutNovel,"-64Q,1.000"
X-5494,TCEA1,6917.0,Amp5,5.35
X-5494,TCEA2,6919.0,Amp5,5.1
X-5494,TCEB1,6921.0,Amp5,5.35
X-5494,TCF24,100129654.0,Amp5,5.35
X-5494,TCF3,6929.0,MutNovel,"P96L,0.342"
X-5494,TCFL5,10732.0,Amp5,5.1
X-5494,TERF1,7013.0,Amp5,5.35
X-5494,TFAP2C,7022.0,Amp5,5.1
X-5494,TG,7038.0,Amp5,5.31
X-5494,TGIF2,60436.0,Amp5,5.17
X-5494,TGIF2-C20ORF24,100527943.0,Amp5,5.17
X-5494,TGS1,96764.0,Amp5,5.35
X-5494,TH1L,51497.0,Amp5,5.1
X-5494,THAP1,55145.0,Amp5,5.39
X-5494,TIGD5,84948.0,Amp5,5.74
X-5494,TLK2,11011.0,MutNovel,"R262Q,0.317"
X-5494,TMBIM4,51643.0,MutKnownFunctional,"-174?,0.800"
X-5494,TMED10P1,286102.0,Amp5,5.74
X-5494,TMEM184A,202915.0,MutNovel,"G392GA,1.000"
X-5494,TMEM189,387521.0,Amp5,5.1
X-5494,TMEM189-UBE2V1,387522.0,Amp5,5.1
X-5494,TMEM55A,55529.0,Amp5,5.39
X-5494,TMEM64,169200.0,Amp5,5.39
X-5494,TMEM65,157378.0,Amp5,5.35
X-5494,TMEM67,91147.0,Amp5,5.39
X-5494,TMEM68,137695.0,Amp5,5.35
X-5494,TMEM70,54968.0,Amp5,5.35
X-5494,TMEM71,137835.0,Amp5,5.31
X-5494,TMEM74,157753.0,Amp5,5.35
X-5494,TMLHE,55217.0,Del0.8,0.77
X-5494,TNFRSF11B,4982.0,Amp5,5.43
X-5494,TNFRSF6B,8771.0,Amp5,5.1
X-5494,TNNC2,7125.0,Amp5,5.1
X-5494,TNXB,7148.0,MutNovel,"M4002T,1.000"
X-5494,TOMM34,10953.0,Amp5,5.1
X-5494,TONSL,4796.0,Amp5,5.74
X-5494,TOP1,7150.0,Amp5,5.1
X-5494,TOP1MT,116447.0,Amp5,5.74
X-5494,TOX,9760.0,Amp5,5.35
X-5494,TOX2,84969.0,Amp5,5.1
X-5494,TP53,7157.0,MutKnownFunctional,"G245S,0.992"
X-5494,TP53INP1,94241.0,Amp5,5.35
X-5494,TP53INP2,58476.0,Amp5,5.17
X-5494,TP53RK,112858.0,Amp5,5.1
X-5494,TP53TG5,27296.0,Amp5,5.1
X-5494,TPD52,7163.0,Amp5,5.35
X-5494,TPD52L2,7165.0,Amp5,5.1
X-5494,TPRG1L,127262.0,MutNovel,"R67G,0.443"
X-5494,TRAM1,23471.0,Amp5,5.35
X-5494,TRAPPC9,83696.0,Amp5,5.31
X-5494,TRHR,7201.0,Amp5,5.35
X-5494,TRIB1,10221.0,Amp5,5.35
X-5494,TRIM55,84675.0,Amp5,5.35
X-5494,TRMT12,55039.0,Amp5,5.35
X-5494,TRPA1,8989.0,Amp5,5.35
X-5494,TRPC4AP,26133.0,Amp5,5.17
X-5494,TRPM6,140803.0,MutNovel,"R689C,0.276"
X-5494,TRPS1,7227.0,Amp5,5.43
X-5494,TSNARE1,203062.0,Amp5,5.31
X-5494,TSPYL2,64061.0,MutNovel,"S182N,0.345"
X-5494,TSPYL5,85453.0,Amp5,5.35
X-5494,TSTA3,7264.0,Amp5,5.74
X-5494,TTI1,9675.0,Amp5,5.17
X-5494,TTPA,7274.0,Amp5,5.35
X-5494,TTPAL,79183.0,Amp5,5.1
X-5494,TUBB1,81027.0,Amp5,5.1
X-5494,TXNL4A,10907.0,Del0.8,0.72
X-5494,UBE2C,11065.0,Amp5,5.1
X-5494,UBE2V1,7335.0,Amp5,5.1
X-5494,UBE2V2,7336.0,Amp5,5.35
X-5494,UBE2W,55284.0,Amp5,5.35
X-5494,UBR5,51366.0,Amp5,5.35
X-5494,UBXN2B,137886.0,Amp5,5.35
X-5494,UCKL1,54963.0,Amp5,5.1
X-5494,UCKL1-AS1,100113386.0,Amp5,5.1
X-5494,UG0898H09,643763.0,Amp5,5.35
X-5494,UQCC,55245.0,Amp5,5.17
X-5494,UQCRB,7381.0,Amp5,5.35
X-5494,USH1C,10083.0,MutKnownFunctional,"-652,0.407"
X-5494,USP20,10868.0,MutNovel,"L11F,0.654"
X-5494,UTP23,84294.0,Amp5,5.43
X-5494,UTY,7404.0,MutNovel,"AR1078LR,0.435"
X-5494,UTY,7404.0,MutNovel,"H1077P,0.417"
X-5494,UTY,7404.0,MutNovel,"SH1075HD,0.423"
X-5494,UTY,7404.0,MutNovel,"V1074H,0.444"
X-5494,UTY,7404.0,MutNovel,"G1073C,0.444"
X-5494,UTY,7404.0,MutNovel,"GI1070AG,0.429"
X-5494,UTY,7404.0,MutNovel,"AG1069DR,0.429"
X-5494,UTY,7404.0,MutKnownFunctional,"S1068*,0.429"
X-5494,UTY,7404.0,MutNovel,"SQ1066LA,0.448"
X-5494,UTY,7404.0,MutNovel,"S1066T,0.448"
X-5494,UTY,7404.0,MutNovel,"GG1059VR,0.406"
X-5494,UTY,7404.0,MutNovel,"S1058D,0.406"
X-5494,UTY,7404.0,MutNovel,"LL1055GL,0.343"
X-5494,UTY,7404.0,MutNovel,"E1054L,0.333"
X-5494,UTY,7404.0,MutNovel,"C1052P,0.323"
X-5494,UTY,7404.0,MutNovel,"QA1050RL,0.258"
X-5494,UTY,7404.0,MutNovel,"V1048H,0.231"
X-5494,UTY,7404.0,MutNovel,"FH1045YY,0.231"
X-5494,UTY,7404.0,MutNovel,"QP330HT,0.302"
X-5494,UTY,7404.0,MutNovel,"QN328LL,0.215"
X-5494,UTY,7404.0,MutKnownFunctional,"Q328*,0.406"
X-5494,UTY,7404.0,MutKnownFunctional,"QQ327Q*,0.406"
X-5494,UTY,7404.0,MutNovel,"YQ325TK,0.255"
X-5494,UTY,7404.0,MutNovel,"G322D,0.471"
X-5494,UTY,7404.0,MutNovel,"IG321SN,0.471"
X-5494,UTY,7404.0,MutNovel,"E312I,0.658"
X-5494,UTY,7404.0,MutNovel,"E312I,0.658"
X-5494,UTY,7404.0,MutNovel,"KS310RK,0.611"
X-5494,UTY,7404.0,MutKnownFunctional,"K310*,0.653"
X-5494,UTY,7404.0,MutKnownFunctional,"DK309V*,0.653"
X-5494,UTY,7404.0,MutKnownFunctional,"G288*,0.620"
X-5494,UTY,7404.0,MutNovel,"SG280LC,0.562"
X-5494,UTY,7404.0,MutNovel,"A276E,0.594"
X-5494,UTY,7404.0,MutKnownFunctional,"EA275A*,0.594"
X-5494,UTY,7404.0,MutNovel,"LE274RQ,0.507"
X-5494,UTY,7404.0,MutNovel,"I267M,0.487"
X-5494,UTY,7404.0,MutNovel,"I267R,0.487"
X-5494,UTY,7404.0,MutNovel,"SY264RG,0.568"
X-5494,UTY,7404.0,MutNovel,"T261C,0.354"
X-5494,UTY,7404.0,MutNovel,"A260S,0.494"
X-5494,UTY,7404.0,MutNovel,"KA259VS,0.494"
X-5494,UTY,7404.0,MutNovel,"D258V,0.300"
X-5494,UTY,7404.0,MutNovel,"D258I,0.300"
X-5494,UTY,7404.0,MutNovel,"VG256DR,0.305"
X-5494,UTY,7404.0,MutNovel,"V256K,0.351"
X-5494,UTY,7404.0,MutNovel,"D254V,0.381"
X-5494,UTY,7404.0,MutNovel,"D254I,0.381"
X-5494,UTY,7404.0,MutNovel,"HH250QV,0.366"
X-5494,UTY,7404.0,MutNovel,"MH249IN,0.349"
X-5494,UTY,7404.0,MutNovel,"M249G,0.465"
X-5494,UTY,7404.0,MutNovel,"W248T,0.300"
X-5494,UTY,7404.0,MutNovel,"GW247VR,0.347"
X-5494,UTY,7404.0,MutNovel,"QQ244IE,0.402"
X-5494,UTY,7404.0,MutNovel,"L243R,0.245"
X-5494,UTY,7404.0,MutNovel,"V242A,0.384"
X-5494,UTY,7404.0,MutNovel,"V238Q,0.283"
X-5494,UTY,7404.0,MutNovel,"A236V,0.306"
X-5494,UTY,7404.0,MutNovel,"A236L,0.306"
X-5494,UTY,7404.0,MutNovel,"LQ229NK,0.235"
X-5494,UTY,7404.0,MutNovel,"EQ226FK,0.270"
X-5494,UTY,7404.0,MutNovel,"Y225M,0.291"
X-5494,UTY,7404.0,MutNovel,"K222N,0.289"
X-5494,UTY,7404.0,MutNovel,"K222L,0.289"
X-5494,UTY,7404.0,MutNovel,"Y218N,0.218"
X-5494,UTY,7404.0,MutNovel,"A163P,0.227"
X-5494,UTY,7404.0,MutNovel,"YV155WI,0.413"
X-5494,UTY,7404.0,MutNovel,"L154S,0.472"
X-5494,UTY,7404.0,MutNovel,"Q151H,0.480"
X-5494,UTY,7404.0,MutNovel,"Y116H,0.506"
X-5494,VAPB,9217.0,Amp5,5.1
X-5494,VCPIP1,80124.0,Amp5,5.35
X-5494,VDAC3,7419.0,Amp5,5.39
X-5494,VPS13B,157680.0,Amp5,5.35
X-5494,VPS28,51160.0,Amp5,5.74
X-5494,VSTM2L,128434.0,Amp5,5.17
X-5494,VWDE,221806.0,MutNovel,"C1570W,1.000"
X-5494,WDR67,93594.0,Amp5,5.35
X-5494,WDYHV1,55093.0,Amp5,5.35
X-5494,WFDC10A,140832.0,Amp5,5.1
X-5494,WFDC10B,280664.0,Amp5,5.1
X-5494,WFDC11,259239.0,Amp5,5.1
X-5494,WFDC12,128488.0,Amp5,5.1
X-5494,WFDC13,164237.0,Amp5,5.1
X-5494,WFDC2,10406.0,Amp5,5.1
X-5494,WFDC3,140686.0,Amp5,5.1
X-5494,WFDC5,149708.0,Amp5,5.1
X-5494,WFDC6,140870.0,Amp5,5.1
X-5494,WFDC8,90199.0,Amp5,5.1
X-5494,WFDC9,259240.0,Amp5,5.1
X-5494,WISP1,8840.0,Amp5,5.31
X-5494,WISP2,8839.0,Amp5,5.1
X-5494,WWP1,11059.0,Amp5,5.46
X-5494,XGPY2,100132596.0,Amp5,5.46
X-5494,XKR4,114786.0,Amp5,5.35
X-5494,XKR9,389668.0,Amp5,5.35
X-5494,YTHDF1,54915.0,Amp5,5.1
X-5494,YTHDF3,253943.0,Amp5,5.35
X-5494,YWHAB,7529.0,Amp5,5.1
X-5494,YWHAZ,7534.0,Amp5,5.35
X-5494,ZBED1,9189.0,Amp5,5.46
X-5494,ZBP1,81030.0,MutNovel,"S390L,0.667"
X-5494,ZBP1,81030.0,Amp5,5.1
X-5494,ZBTB10,65986.0,Amp5,5.35
X-5494,ZBTB46,140685.0,Amp5,5.1
X-5494,ZBTB7C,201501.0,Amp8,21.56
X-5494,ZC3H3,23144.0,Amp5,5.74
X-5494,ZDHHC11,79844.0,MutNovel,"A303D,0.327"
X-5494,ZFAND1,79752.0,Amp5,5.35
X-5494,ZFAT,57623.0,Amp5,5.31
X-5494,ZFAT-AS1,594840.0,Amp5,5.31
X-5494,ZFHX4,79776.0,Amp5,5.35
X-5494,ZFP41,286128.0,Amp5,5.74
X-5494,ZFP64,55734.0,Amp5,5.1
X-5494,ZFPM2,23414.0,Amp5,5.35
X-5494,ZGPAT,84619.0,Amp5,5.1
X-5494,ZHX1,11244.0,Amp5,5.35
X-5494,ZHX1-C8ORF76,100533106.0,Amp5,5.35
X-5494,ZHX2,22882.0,Amp5,5.35
X-5494,ZHX3,23051.0,Amp5,5.1
X-5494,ZMAT4,79698.0,Amp5,5.5
X-5494,ZMYND8,23613.0,Amp5,5.1
X-5494,ZNF16,7564.0,Amp5,5.74
X-5494,ZNF217,7764.0,MutNovel,"Q346E,0.735"
X-5494,ZNF217,7764.0,Amp5,5.1
X-5494,ZNF236,7776.0,MutNovel,"S1290L,0.406"
X-5494,ZNF250,58500.0,Amp5,5.74
X-5494,ZNF251,90987.0,Amp5,5.74
X-5494,ZNF318,24149.0,MutNovel,"R84P,1.000"
X-5494,ZNF334,55713.0,Amp5,5.1
X-5494,ZNF335,63925.0,Amp5,5.1
X-5494,ZNF34,80778.0,Amp5,5.74
X-5494,ZNF512B,57473.0,Amp5,5.1
X-5494,ZNF517,340385.0,Amp5,5.74
X-5494,ZNF521,25925.0,Del0.8,0.69
X-5494,ZNF572,137209.0,Amp5,5.35
X-5494,ZNF623,9831.0,Amp5,5.74
X-5494,ZNF696,79943.0,Amp5,5.74
X-5494,ZNF7,7553.0,Amp5,5.74
X-5494,ZNF704,619279.0,Amp5,5.35
X-5494,ZNF706,51123.0,Amp5,5.35
X-5494,ZNF707,286075.0,Amp5,5.74
X-5494,ZNF717,100131827.0,MutNovel,"K798R,1.000"
X-5494,ZNF831,128611.0,Amp5,5.1
X-5494,ZNFX1,57169.0,Amp5,5.1
X-5494,ZNFX1-AS1,441951.0,Amp5,5.1
X-5494,ZRANB1,54764.0,MutKnownFunctional,"-709?,0.471"
X-5494,ZSWIM1,90204.0,Amp5,5.1
X-5494,ZSWIM3,140831.0,MutNovel,"R320H,0.587"
X-5494,ZSWIM3,140831.0,Amp5,5.1
X-5495,61E3.4,,MutNovel,"T1161K,0.667"
X-5495,61E3.4,,MutNovel,"T1103K,0.667"
X-5495,AAGAB,79719.0,MutKnownFunctional,"-290,0.278"
X-5495,AARS,16.0,MutNovel,"M370T,0.536"
X-5495,AARS2,57505.0,MutKnownFunctional,"-869,0.220"
X-5495,AATK,9625.0,MutNovel,"G462S,0.538"
X-5495,ABCA7,10347.0,MutNovel,"A205V,0.680"
X-5495,ABCB4,5244.0,MutNovel,"G1261D,1.000"
X-5495,ABCB6,10058.0,MutKnownFunctional,"-101,0.500"
X-5495,ABCB8,11194.0,MutNovel,"V111L,0.475"
X-5495,ABCB8,11194.0,MutNovel,"A141V,0.509"
X-5495,ABCB8,11194.0,MutNovel,"A264V,0.502"
X-5495,ABHD12,26090.0,MutNovel,"A348T,0.574"
X-5495,ABLIM2,84448.0,MutNovel,"R65Q,0.276"
X-5495,ABO,28.0,MutNovel,"H99C,0.739"
X-5495,ACAA1,30.0,MutNovel,"N392S,0.532"
X-5495,ACAD10,80724.0,MutNovel,"A1031T,0.469"
X-5495,ACAD8,27034.0,MutNovel,"A329T,0.497"
X-5495,ACAP3,116983.0,MutNovel,"A382T,0.416"
X-5495,ACE2,59272.0,MutNovel,"N638S,1.000"
X-5495,ACIN1,22985.0,MutKnownFunctional,"-447,0.444"
X-5495,ACOT11,26027.0,MutNovel,"A199T,0.478"
X-5495,ACSF3,197322.0,MutKnownFunctional,"-574,0.528"
X-5495,ACVR2A,92.0,MutKnownFunctional,"-435,1.000"
X-5495,ADAL,161823.0,MutNovel,"D218G,0.778"
X-5495,ADAM19,8728.0,MutNovel,"Q576R,0.706"
X-5495,ADAP2,55803.0,MutNovel,"R325H,0.312"
X-5495,ADCK4,79934.0,MutNovel,"D250N,0.431"
X-5495,ADCY4,196883.0,MutNovel,"Y481C,0.267"
X-5495,ADD3,120.0,MutKnownFunctional,"-699,0.731"
X-5495,ADNP,23394.0,MutKnownFunctional,"-1016,0.495"
X-5495,ADNP,23394.0,MutNovel,"P131L,0.426"
X-5495,ADNP2,22850.0,MutKnownFunctional,"-322,0.530"
X-5495,ADNP2,22850.0,MutNovel,"E988K,0.602"
X-5495,ADO,84890.0,MutNovel,"P187L,0.558"
X-5495,AGRN,375790.0,MutNovel,"T258I,0.628"
X-5495,AGRN,375790.0,MutKnownFunctional,"-796,0.455"
X-5495,AGRN,375790.0,MutKnownFunctional,"-999?,0.352"
X-5495,AGRN,375790.0,MutNovel,"V1430M,0.452"
X-5495,AGTRAP,57085.0,MutNovel,"I93T,0.602"
X-5495,AHDC1,27245.0,MutKnownFunctional,"-374,0.553"
X-5495,AHNAK,79026.0,MutNovel,"D4207G,0.236"
X-5495,AHNAK,79026.0,MutNovel,"A401V,0.473"
X-5495,AKAP11,11215.0,MutNovel,"G1082V,0.466"
X-5495,AKAP13,11214.0,MutNovel,"R1672S,0.581"
X-5495,AKAP17A,8227.0,MutKnownFunctional,"-1521,0.502"
X-5495,AKD1,221264.0,MutNovel,"L79W,0.476"
X-5495,AKD1,221264.0,MutNovel,"M78T,0.471"
X-5495,AKNA,80709.0,MutNovel,"V193I,0.415"
X-5495,AKR1A1,10327.0,MutNovel,"A181P,0.492"
X-5495,ALDH1L2,160428.0,MutNovel,"R714Q,0.667"
X-5495,ALG13,79868.0,MutKnownFunctional,"-1096,1.000"
X-5495,ALKBH8,91801.0,MutNovel,"K419E,0.467"
X-5495,ALPK1,80216.0,MutKnownFunctional,"-1150,0.556"
X-5495,ALS2,57679.0,MutNovel,"R1139Q,0.559"
X-5495,ALS2CL,259173.0,MutNovel,"L332M,0.397"
X-5495,ALS2CR8,79800.0,MutKnownFunctional,"-297,0.625"
X-5495,ANK3,288.0,MutNovel,"A1428V,0.396"
X-5495,ANKDD1A,348094.0,MutNovel,"R417W,0.400"
X-5495,ANKH,56172.0,MutNovel,"A93V,0.496"
X-5495,ANKIB1,54467.0,MutNovel,"G1010V,0.482"
X-5495,ANKRD11,29123.0,MutNovel,"A2223V,0.538"
X-5495,ANKRD12,23253.0,MutKnownFunctional,"-650,0.421"
X-5495,ANKRD12,23253.0,MutNovel,"A1722V,0.500"
X-5495,ANKRD12,23253.0,MutKnownFunctional,"-1844,0.421"
X-5495,ANKRD13A,88455.0,MutNovel,"V67M,0.475"
X-5495,ANKRD36,375248.0,MutNovel,"T998S,0.212"
X-5495,ANKRD36,375248.0,MutNovel,"L1245P,0.667"
X-5495,ANKRD50,57182.0,MutNovel,"R782H,0.576"
X-5495,ANKZF1,55139.0,MutKnownFunctional,"-229,0.482"
X-5495,AP2A2,161.0,MutKnownFunctional,"-55,0.556"
X-5495,AP3D1,8943.0,MutNovel,"R652C,0.540"
X-5495,AP4B1,10717.0,MutNovel,"A140V,0.513"
X-5495,AP4M1,9179.0,MutNovel,"L230S,0.276"
X-5495,APAF1,317.0,MutNovel,"R228C,0.318"
X-5495,APBA3,9546.0,MutKnownFunctional,"-430,0.250"
X-5495,APBB2,323.0,MutKnownFunctional,"R740*,0.467"
X-5495,APBB3,10307.0,MutNovel,"R428Q,0.458"
X-5495,APBB3,10307.0,MutNovel,"R389H,0.476"
X-5495,APC,324.0,MutKnownFunctional,"-1270?,0.488"
X-5495,APC,324.0,MutKnownFunctional,"-1554?,0.615"
X-5495,APC,324.0,MutNovel,"P1602H,0.421"
X-5495,APH1A,51107.0,MutNovel,"V78A,0.591"
X-5495,APOBR,55911.0,MutNovel,"L6V,0.409"
X-5495,AQP11,282679.0,MutKnownFunctional,"-109,0.474"
X-5495,ARAP2,116984.0,MutNovel,"L425S,0.442"
X-5495,ARFGAP3,26286.0,MutNovel,"E257A,0.846"
X-5495,ARFRP1,10139.0,MutNovel,"G95S,0.442"
X-5495,ARHGAP35,2909.0,MutKnownFunctional,"-937,0.250"
X-5495,ARHGAP39,80728.0,MutNovel,"P535T,0.317"
X-5495,ARHGAP4,393.0,MutNovel,"A761T,0.996"
X-5495,ARHGAP44,9912.0,MutNovel,"D521N,1.000"
X-5495,ARHGAP5,394.0,MutKnownFunctional,"-890,0.293"
X-5495,ARHGEF11,9826.0,MutNovel,"R954W,0.507"
X-5495,ARHGEF12,23365.0,MutNovel,"R301Q,0.463"
X-5495,ARHGEF16,27237.0,MutKnownFunctional,"-28,0.377"
X-5495,ARHGEF26,26084.0,MutNovel,"F203S,0.350"
X-5495,ARHGEF40,55701.0,MutKnownFunctional,"-1485,0.739"
X-5495,ARID5B,84159.0,MutNovel,"P538S,0.465"
X-5495,ARIH1,25820.0,MutNovel,"E19-,0.400"
X-5495,ARIH2,10425.0,MutNovel,"L424M,0.556"
X-5495,ARL9,132946.0,MutNovel,"Q117L,0.667"
X-5495,ARMC8,25852.0,MutKnownFunctional,"R495*,0.232"
X-5495,ARSB,411.0,MutNovel,"V512M,0.778"
X-5495,ARV1,64801.0,MutKnownFunctional,"-170,0.341"
X-5495,ARVCF,421.0,MutKnownFunctional,"-937,0.562"
X-5495,ARVCF,421.0,MutNovel,"V374M,0.420"
X-5495,ASCC3,10973.0,MutNovel,"A1690V,0.525"
X-5495,ASH1L,55870.0,MutKnownFunctional,"-1793?,0.460"
X-5495,ASPSCR1,79058.0,MutNovel,"R457W,0.409"
X-5495,ATAD2,29028.0,MutNovel,"D280E,0.215"
X-5495,ATG7,10533.0,MutNovel,"L251I,0.519"
X-5495,ATG9A,79065.0,MutNovel,"P176L,0.587"
X-5495,ATL3,25923.0,MutNovel,"G506D,0.477"
X-5495,ATM,472.0,MutNovel,"R2060C,0.615"
X-5495,ATMIN,23300.0,MutNovel,"V521I,0.464"
X-5495,ATN1,1822.0,MutNovel,"A1145T,0.470"
X-5495,ATP10B,23120.0,MutNovel,"L213I,0.480"
X-5495,ATP13A2,23400.0,MutKnownFunctional,"-73,0.500"
X-5495,ATP13A3,79572.0,MutKnownFunctional,"-1027,0.250"
X-5495,ATP2A1,487.0,MutNovel,"R615H,0.333"
X-5495,ATP2A3,489.0,MutNovel,"V146I,0.436"
X-5495,ATP6V1C2,245973.0,MutKnownFunctional,"-312,0.474"
X-5495,ATP8A1,10396.0,MutNovel,"E783V,0.489"
X-5495,ATXN1L,342371.0,MutNovel,"A70V,0.519"
X-5495,AUTS2,26053.0,MutNovel,"S1125SHH,0.400"
X-5495,AVPI1,60370.0,MutNovel,"S88L,0.579"
X-5495,AXIN2,8313.0,MutNovel,"A417V,0.337"
X-5495,AZIN1,51582.0,MutNovel,"M313V,0.520"
X-5495,B3GALT4,8705.0,MutNovel,"T330M,0.555"
X-5495,B3GALT6,126792.0,MutKnownFunctional,"-194,0.500"
X-5495,B3GNT4,79369.0,MutNovel,"P376H,0.571"
X-5495,B4GALNT3,283358.0,MutKnownFunctional,"-376?,0.381"
X-5495,B4GALT2,8704.0,MutKnownFunctional,"-34,0.492"
X-5495,BABAM1,29086.0,MutNovel,"A322D,0.577"
X-5495,BAD,572.0,MutNovel,"H50R,0.570"
X-5495,BAHCC1,57597.0,MutKnownFunctional,"-1231,0.529"
X-5495,BAIAP2L1,55971.0,MutNovel,"S172T,0.560"
X-5495,BAIAP2L2,80115.0,MutNovel,"C136Y,0.414"
X-5495,BAX,581.0,MutKnownFunctional,"-38,0.430"
X-5495,BBX,56987.0,MutKnownFunctional,"-694,0.625"
X-5495,BCAR1,9564.0,MutNovel,"K107R,0.450"
X-5495,BCL2L1,598.0,MutNovel,"A93G,0.524"
X-5495,BCL6,604.0,MutNovel,"G570S,0.417"
X-5495,BCL9,607.0,MutKnownFunctional,"-514,0.560"
X-5495,BCL9,607.0,MutNovel,"G1278D,0.414"
X-5495,BCL9L,283149.0,MutNovel,"P969L,0.737"
X-5495,BCL9L,283149.0,MutKnownFunctional,"-382,0.297"
X-5495,BCL9L,283149.0,MutNovel,"A358T,0.732"
X-5495,BCORL1,63035.0,MutKnownFunctional,"-1679,1.000"
X-5495,BECN1,8678.0,MutNovel,"T29M,0.510"
X-5495,BFAR,51283.0,MutNovel,"T226M,0.513"
X-5495,BIRC3,330.0,MutNovel,"L346I,0.433"
X-5495,BMP8A,353500.0,MutNovel,"A140V,1.000"
X-5495,BMS1,9790.0,MutNovel,"P1196L,0.538"
X-5495,BOD1L1,,MutKnownFunctional,"-316,0.296"
X-5495,BRCA2,675.0,MutNovel,"P389L,0.429"
X-5495,BRD1,23774.0,MutNovel,"A518T,0.484"
X-5495,BRD2,6046.0,MutKnownFunctional,"-594,0.372"
X-5495,BRD3,8019.0,MutNovel,"A429V,0.611"
X-5495,BRD3,8019.0,MutKnownFunctional,"-24,1.000"
X-5495,BRWD1,54014.0,MutNovel,"A1485V,0.409"
X-5495,BSCL2,26580.0,MutNovel,"P122L,0.447"
X-5495,BTN2A1,11120.0,MutNovel,"R179S,0.465"
X-5495,BTN2A2,10385.0,MutKnownFunctional,"-292,0.529"
X-5495,BYSL,705.0,MutNovel,"A17V,0.537"
X-5495,C10orf11,83938.0,MutNovel,"L132F,0.714"
X-5495,C10orf12,26148.0,MutNovel,"A312T,0.421"
X-5495,C11orf58,10944.0,MutKnownFunctional,"R68*,0.226"
X-5495,C11orf80,79703.0,MutNovel,"T110A,0.333"
X-5495,C11orf95,65998.0,MutKnownFunctional,"-328,0.500"
X-5495,C12orf32,83695.0,MutKnownFunctional,"-4,0.370"
X-5495,C14orf43,91748.0,MutKnownFunctional,"-1025,0.600"
X-5495,C16orf59,80178.0,MutNovel,"P404S,0.489"
X-5495,C16orf7,9605.0,MutNovel,"P230R,0.605"
X-5495,C16orf88,400506.0,MutNovel,"KI217I,0.244"
X-5495,C17orf107,100130311.0,MutNovel,"A109V,1.000"
X-5495,C18orf8,29919.0,MutNovel,"L10M,0.490"
X-5495,C19orf66,55337.0,MutKnownFunctional,"-187,0.625"
X-5495,C19orf68,,MutNovel,"R335L,0.579"
X-5495,C19orf76,199800.0,MutNovel,"L12P,0.353"
X-5495,C1RL,51279.0,MutKnownFunctional,"-351,0.577"
X-5495,C1orf112,55732.0,MutNovel,"D145G,0.594"
X-5495,C20orf112,140688.0,MutKnownFunctional,"-376?,0.254"
X-5495,C20orf118,140711.0,MutNovel,"G129C,0.667"
X-5495,C20orf194,25943.0,MutNovel,"H614Y,0.619"
X-5495,C22orf29,79680.0,MutNovel,"D44N,0.647"
X-5495,C2CD4B,388125.0,MutNovel,"P17Q,0.391"
X-5495,C2orf42,54980.0,MutNovel,"K335R,0.500"
X-5495,C2orf56,55471.0,MutNovel,"R78L,0.397"
X-5495,C2orf69,205327.0,MutNovel,"N200S,0.593"
X-5495,C5orf22,55322.0,MutNovel,"A232D,0.551"
X-5495,C6orf211,79624.0,MutNovel,"L419P,0.484"
X-5495,C6orf223,221416.0,MutNovel,"AA124-,0.500"
X-5495,C6orf70,55780.0,MutKnownFunctional,"-268?,0.464"
X-5495,C6orf70,55780.0,MutNovel,"R513H,0.407"
X-5495,CA9,768.0,MutNovel,"L83P,0.205"
X-5495,CAD,790.0,MutNovel,"R129W,0.719"
X-5495,CALU,813.0,MutKnownFunctional,"Q287*,0.428"
X-5495,CAMKK1,84254.0,MutNovel,"H305Y,0.425"
X-5495,CAMTA2,23125.0,MutKnownFunctional,"-889,0.506"
X-5495,CAMTA2,23125.0,MutKnownFunctional,"-493,0.727"
X-5495,CAPN10,11132.0,MutNovel,"R54W,0.373"
X-5495,CAPN14,440854.0,MutNovel,"P66S,0.688"
X-5495,CARD14,79092.0,MutNovel,"E398D,0.600"
X-5495,CARS,833.0,MutNovel,"E795V,0.436"
X-5495,CASKIN2,57513.0,MutKnownFunctional,"R972*,0.308"
X-5495,CASP5,838.0,MutKnownFunctional,"-80,0.533"
X-5495,CASP8,841.0,MutKnownFunctional,"-390,0.268"
X-5495,CAT,847.0,MutNovel,"A520V,0.460"
X-5495,CBWD2,150472.0,MutNovel,"R234T,0.511"
X-5495,CBWD6,644019.0,MutKnownFunctional,"-259?,0.290"
X-5495,CBX2,84733.0,MutKnownFunctional,"-326,0.476"
X-5495,CBX4,8535.0,MutNovel,"H400-,0.485"
X-5495,CCDC103,388389.0,MutNovel,"R61Q,0.737"
X-5495,CCDC130,81576.0,MutNovel,"R297W,0.500"
X-5495,CCDC137,339230.0,MutNovel,"R177Q,0.492"
X-5495,CCDC25,55246.0,MutNovel,"R153C,0.529"
X-5495,CCDC28A,25901.0,MutKnownFunctional,"-115,0.516"
X-5495,CCDC59,29080.0,MutNovel,"N216K,0.478"
X-5495,CCDC66,285331.0,MutNovel,"S606SP,1.000"
X-5495,CCDC71,64925.0,MutNovel,"R434Q,0.441"
X-5495,CCDC71L,168455.0,MutKnownFunctional,"-112,0.538"
X-5495,CCDC73,493860.0,MutKnownFunctional,"-1075,0.750"
X-5495,CCDC84,338657.0,MutNovel,"E141G,0.547"
X-5495,CCDC88C,440193.0,MutNovel,"N1201K,0.449"
X-5495,CCDC97,90324.0,MutNovel,"R151H,0.457"
X-5495,CCDC99,54908.0,MutNovel,"A540T,0.529"
X-5495,CCNB2,9133.0,MutKnownFunctional,"R32*,0.441"
X-5495,CCNE1,898.0,MutNovel,"A169T,0.531"
X-5495,CCNT1,904.0,MutNovel,"R254H,0.395"
X-5495,CCT6A,908.0,MutNovel,"A106V,0.929"
X-5495,CCT6B,10693.0,MutKnownFunctional,"G330*,0.295"
X-5495,CD164,8763.0,MutNovel,"R157Q,0.455"
X-5495,CD4,920.0,MutNovel,"R79C,0.333"
X-5495,CD97,976.0,MutNovel,"R238C,0.488"
X-5495,CDC20,991.0,MutNovel,"R270Q,0.516"
X-5495,CDC42BPG,55561.0,MutNovel,"T1041M,0.606"
X-5495,CDC7,8317.0,MutKnownFunctional,"-28,0.260"
X-5495,CDHR5,53841.0,MutKnownFunctional,"-553,0.489"
X-5495,CDK1,983.0,MutKnownFunctional,"-33,0.469"
X-5495,CDK11B,984.0,MutNovel,"R116W,0.600"
X-5495,CDK13,8621.0,MutNovel,"V1284I,0.500"
X-5495,CDK17,5128.0,MutNovel,"A149V,0.444"
X-5495,CDK2AP1,8099.0,MutNovel,"T109M,0.518"
X-5495,CDK5,1020.0,MutNovel,"P291L,0.228"
X-5495,CDR2,1039.0,MutKnownFunctional,"-413,0.540"
X-5495,CDSN,1041.0,MutNovel,"T312I,0.700"
X-5495,CEACAM19,56971.0,MutNovel,"V100M,0.667"
X-5495,CEACAM3,1084.0,MutNovel,"G48V,0.600"
X-5495,CEACAM8,1088.0,MutNovel,"N155K,0.286"
X-5495,CEBPA,1050.0,MutNovel,"-197TR,0.417"
X-5495,CEBPA,1050.0,MutNovel,"PP188P,0.426"
X-5495,CEBPA,1050.0,MutNovel,"C56Y,0.491"
X-5495,CEL,1056.0,MutKnownFunctional,"-593,0.750"
X-5495,CELSR1,9620.0,MutNovel,"D526A,0.714"
X-5495,CELSR3,1951.0,MutNovel,"P1680H,0.267"
X-5495,CENPF,1063.0,MutNovel,"M1297V,0.590"
X-5495,CENPT,80152.0,MutNovel,"EG340G,0.498"
X-5495,CENPV,201161.0,MutNovel,"E113A,0.490"
X-5495,CEP164,22897.0,MutKnownFunctional,"-113,1.000"
X-5495,CEP192,55125.0,MutNovel,"N1334D,0.511"
X-5495,CEP250,11190.0,MutKnownFunctional,"R1636*,0.405"
X-5495,CEP350,9857.0,MutNovel,"R349Q,0.538"
X-5495,CEP72,55722.0,MutNovel,"S309A,0.476"
X-5495,CEP85,64793.0,MutNovel,"R395H,0.446"
X-5495,CERS5,91012.0,MutNovel,"C75H,0.500"
X-5495,CES2,8824.0,MutNovel,"A220T,0.506"
X-5495,CHD3,1107.0,MutNovel,"P298S,0.750"
X-5495,CHD3,1107.0,MutKnownFunctional,"-597,0.500"
X-5495,CHD3,1107.0,MutNovel,"V1335M,0.671"
X-5495,CHD3,1107.0,MutNovel,"R1394Q,0.641"
X-5495,CHD6,84181.0,MutNovel,"R379H,0.421"
X-5495,CHD7,55636.0,MutKnownFunctional,"-649,0.467"
X-5495,CHD7,55636.0,MutKnownFunctional,"-717,0.875"
X-5495,CHDH,55349.0,MutNovel,"R251H,0.515"
X-5495,CHERP,10523.0,MutNovel,"R799W,0.532"
X-5495,CHKA,1119.0,MutNovel,"PLP68P,1.000"
X-5495,CHRM3,1131.0,MutKnownFunctional,"-565,0.467"
X-5495,CHST5,23563.0,MutNovel,"L210F,0.578"
X-5495,CHTF18,63922.0,MutNovel,"R476Q,0.472"
X-5495,CIC,23152.0,MutNovel,"A429V,0.523"
X-5495,CIRH1A,84916.0,MutNovel,"V510I,0.544"
X-5495,CIT,11113.0,MutKnownFunctional,"-2056,0.667"
X-5495,CITED1,4435.0,MutNovel,"M27I,1.000"
X-5495,CKB,1152.0,MutNovel,"S4-,0.458"
X-5495,CKMT2,1160.0,MutNovel,"R77H,0.443"
X-5495,CLCA4,22802.0,MutNovel,"P93L,0.420"
X-5495,CLCN1,1180.0,MutNovel,"T736I,0.769"
X-5495,CLCN7,1186.0,MutNovel,"R762W,0.492"
X-5495,CLCN7,1186.0,MutNovel,"L352M,0.549"
X-5495,CLIC5,53405.0,MutNovel,"T323S,0.445"
X-5495,CNOT4,4850.0,MutNovel,"V106I,0.282"
X-5495,CNTLN,54875.0,MutNovel,"I290S,0.714"
X-5495,COBL,23242.0,MutNovel,"T1222M,0.450"
X-5495,COG3,83548.0,MutNovel,"R574K,0.455"
X-5495,COIL,8161.0,MutKnownFunctional,"-196,1.000"
X-5495,COL16A1,1307.0,MutNovel,"Q1068R,0.417"
X-5495,COL4A3BP,10087.0,MutNovel,"D101N,0.491"
X-5495,COQ10A,93058.0,MutNovel,"S192L,0.368"
X-5495,COX10,1352.0,MutKnownFunctional,"-339,0.494"
X-5495,CPE,1363.0,MutNovel,"G6D,1.000"
X-5495,CPEB2,132864.0,MutNovel,"P527H,0.250"
X-5495,CPNE2,221184.0,MutNovel,"I438T,0.586"
X-5495,CPT1B,1375.0,MutNovel,"G652W,0.500"
X-5495,CREB3L4,148327.0,MutNovel,"V343I,0.493"
X-5495,CRELD1,78987.0,MutNovel,"T380M,0.440"
X-5495,CRIM1,51232.0,MutNovel,"Y245C,0.422"
X-5495,CROCC,9696.0,MutNovel,"R1118Q,0.487"
X-5495,CRYBG3,,MutNovel,"P1160S,0.500"
X-5495,CTNND1,1500.0,MutNovel,"R510W,0.462"
X-5495,CTR9,9646.0,MutNovel,"R999H,0.593"
X-5495,CTSA,5476.0,MutNovel,"L29-,0.208"
X-5495,CTSK,1513.0,MutNovel,"M211I,0.660"
X-5495,CTU2,348180.0,MutNovel,"A441D,0.473"
X-5495,CUX1,1523.0,MutNovel,"A1460T,0.600"
X-5495,CWC22,57703.0,MutNovel,"D120V,0.537"
X-5495,CX3CL1,6376.0,MutNovel,"V326I,0.583"
X-5495,CXXC1,30827.0,MutNovel,"G430S,0.472"
X-5495,CXXC1,30827.0,MutNovel,"Q156H,0.508"
X-5495,CYB561,1534.0,MutNovel,"A209V,0.508"
X-5495,CYFIP2,26999.0,MutNovel,"R395Q,0.533"
X-5495,CYP2W1,54905.0,MutNovel,"D189E,0.750"
X-5495,DAPK3,1613.0,MutNovel,"A358T,0.527"
X-5495,DAPK3,1613.0,MutNovel,"R294Q,0.548"
X-5495,DCP1B,196513.0,MutNovel,"Q252H,0.595"
X-5495,DCTD,1635.0,MutNovel,"A100V,0.482"
X-5495,DDHD1,80821.0,MutNovel,"V841A,0.647"
X-5495,DDN,23109.0,MutNovel,"A457V,0.467"
X-5495,DDX11,1663.0,MutNovel,"T403M,0.506"
X-5495,DDX17,10521.0,MutNovel,"R372H,0.348"
X-5495,DDX18,8886.0,MutNovel,"P503L,0.534"
X-5495,DDX52,11056.0,MutKnownFunctional,"-90,0.278"
X-5495,DEDD,9191.0,MutNovel,"R198W,0.524"
X-5495,DEF6,50619.0,MutNovel,"Q379H,0.590"
X-5495,DENND1A,57706.0,MutNovel,"V734I,0.500"
X-5495,DENND1C,79958.0,MutKnownFunctional,"-479,0.500"
X-5495,DENND3,22898.0,MutNovel,"C529Y,0.379"
X-5495,DGCR6,8214.0,MutNovel,"Q81QRL,0.534"
X-5495,DGCR8,54487.0,MutNovel,"G306R,0.480"
X-5495,DGKE,8526.0,MutKnownFunctional,"R435*,0.529"
X-5495,DGKQ,1609.0,MutNovel,"A709T,0.570"
X-5495,DHX30,22907.0,MutNovel,"P324L,0.516"
X-5495,DHX34,9704.0,MutNovel,"LEE966L,0.609"
X-5495,DHX34,9704.0,MutNovel,"G1028D,0.362"
X-5495,DHX58,79132.0,MutNovel,"G566C,0.593"
X-5495,DICER1,23405.0,MutNovel,"L1571V,0.438"
X-5495,DIDO1,11083.0,MutNovel,"P1975L,0.571"
X-5495,DIO3,1735.0,MutNovel,"V184I,0.562"
X-5495,DIP2A,23181.0,MutNovel,"V1029E,0.463"
X-5495,DLG1,1739.0,MutNovel,"Q124H,0.421"
X-5495,DLG5,9231.0,MutNovel,"R782C,0.203"
X-5495,DMPK,1760.0,MutNovel,"V607D,0.583"
X-5495,DMXL2,23312.0,MutNovel,"S1288P,0.576"
X-5495,DNAH6,1768.0,MutNovel,"R3292H,0.273"
X-5495,DNAJC22,79962.0,MutNovel,"K3N,0.479"
X-5495,DNAJC8,22826.0,MutNovel,"I30V,0.575"
X-5495,DNHD1,144132.0,MutNovel,"S3729P,0.600"
X-5495,DNTTIP2,30836.0,MutKnownFunctional,"-747,0.524"
X-5495,DOCK6,57572.0,MutNovel,"P179L,0.540"
X-5495,DOK1,1796.0,MutNovel,"P105R,0.460"
X-5495,DOPEY2,9980.0,MutNovel,"S272Y,0.526"
X-5495,DOPEY2,9980.0,MutNovel,"E1083K,0.489"
X-5495,DPEP1,1800.0,MutNovel,"Y157H,0.635"
X-5495,DPP3,10072.0,MutNovel,"A582T,0.520"
X-5495,DPP7,29952.0,MutNovel,"A85T,0.386"
X-5495,DROSHA,29102.0,MutNovel,"H109Y,0.550"
X-5495,DSG4,147409.0,MutNovel,"T743M,0.571"
X-5495,DUOX2,50506.0,MutNovel,"L1157P,0.530"
X-5495,DUS3L,56931.0,MutNovel,"R573H,0.458"
X-5495,DUSP1,1843.0,MutNovel,"G100D,0.573"
X-5495,DUSP18,150290.0,MutNovel,"A35T,0.447"
X-5495,DUSP8,1850.0,MutKnownFunctional,"-602,0.484"
X-5495,DUSP8,1850.0,MutNovel,"S103N,0.506"
X-5495,DVL2,1856.0,MutKnownFunctional,"-601?,0.393"
X-5495,DYRK1B,9149.0,MutNovel,"R410H,0.631"
X-5495,DYRK1B,9149.0,MutNovel,"K140T,0.478"
X-5495,E2F3,1871.0,MutNovel,"T68I,0.273"
X-5495,E2F4,1874.0,MutNovel,"DSS306D,0.461"
X-5495,E2F7,144455.0,MutKnownFunctional,"-729,0.480"
X-5495,E2F7,144455.0,MutNovel,"E418G,0.765"
X-5495,EARS2,124454.0,MutNovel,"P419T,0.421"
X-5495,ECH1,1891.0,MutNovel,"A181T,0.526"
X-5495,EDC4,23644.0,MutNovel,"G896D,0.598"
X-5495,EEF1G,1937.0,MutNovel,"A74T,0.415"
X-5495,EEFSEC,60678.0,MutNovel,"G453E,0.539"
X-5495,EEFSEC,60678.0,MutNovel,"R551W,0.508"
X-5495,EFNA2,1943.0,MutNovel,"A78V,0.488"
X-5495,EGFL7,51162.0,MutNovel,"E140K,0.573"
X-5495,EHBP1L1,254102.0,MutNovel,"T454I,0.422"
X-5495,EHBP1L1,254102.0,MutNovel,"S1123P,0.542"
X-5495,EHMT1,79813.0,MutNovel,"A50T,0.517"
X-5495,EIF3H,8667.0,MutNovel,"S3C,0.533"
X-5495,ELK4,2005.0,MutKnownFunctional,"-359,0.417"
X-5495,ELOVL1,64834.0,MutNovel,"R263C,0.476"
X-5495,EML6,400954.0,MutNovel,"R362H,0.800"
X-5495,ENDOG,2021.0,MutNovel,"P87L,0.520"
X-5495,ENTPD7,57089.0,MutNovel,"T75I,0.429"
X-5495,EP400,57634.0,MutNovel,"G499W,0.857"
X-5495,EP400,57634.0,MutNovel,"G2272R,0.414"
X-5495,EPB41L1,2036.0,MutNovel,"P521H,0.406"
X-5495,EPC2,26122.0,MutNovel,"A410V,0.578"
X-5495,EPG5,57724.0,MutNovel,"L2288I,0.500"
X-5495,EPHA1,2041.0,MutNovel,"G180D,0.393"
X-5495,EPHB3,2049.0,MutNovel,"QK976Q,0.489"
X-5495,EPHB4,2050.0,MutNovel,"T487S,0.454"
X-5495,EPN1,29924.0,MutNovel,"P457L,0.233"
X-5495,EPPK1,83481.0,MutNovel,"R746H,0.447"
X-5495,EPS15,2060.0,MutNovel,"D705N,0.483"
X-5495,ERBB3,2065.0,MutNovel,"R475W,0.787"
X-5495,ERBB3,2065.0,MutNovel,"S1234Y,0.738"
X-5495,ERCC1,2067.0,MutNovel,"Y215H,0.527"
X-5495,ERF,2077.0,MutNovel,"P461H,0.514"
X-5495,ESAM,90952.0,MutNovel,"K143E,0.538"
X-5495,ESYT1,23344.0,MutNovel,"R372H,0.225"
X-5495,ESYT3,83850.0,MutNovel,"M707V,0.542"
X-5495,ETHE1,23474.0,MutNovel,"D196N,0.522"
X-5495,ETV6,2120.0,MutNovel,"F417I,0.498"
X-5495,EVI2B,2124.0,MutKnownFunctional,"-198,0.488"
X-5495,EVPL,2125.0,MutNovel,"R1559C,0.444"
X-5495,EXD2,55218.0,MutNovel,"E92K,0.621"
X-5495,EXOC1,55763.0,MutKnownFunctional,"-751,0.257"
X-5495,EXOC7,23265.0,MutNovel,"T603I,0.537"
X-5495,EXT1,2131.0,MutNovel,"L724F,0.516"
X-5495,FAAH,2166.0,MutNovel,"A548V,0.569"
X-5495,FAF1,11124.0,MutNovel,"A521V,0.448"
X-5495,FAHD2B,151313.0,MutKnownFunctional,"-281,0.575"
X-5495,FAM111B,374393.0,MutKnownFunctional,"-269?,0.418"
X-5495,FAM116A,201627.0,MutNovel,"R584W,0.376"
X-5495,FAM120B,84498.0,MutNovel,"R858Q,0.361"
X-5495,FAM178A,55719.0,MutKnownFunctional,"-22,0.455"
X-5495,FAM188A,80013.0,MutNovel,"N349D,0.411"
X-5495,FAM188A,80013.0,MutNovel,"E200K,0.551"
X-5495,FAM190A,401145.0,MutKnownFunctional,"Q717*,0.571"
X-5495,FAM20B,9917.0,MutNovel,"S303G,0.470"
X-5495,FAM20C,56975.0,MutNovel,"N564V,0.445"
X-5495,FAM211A,388341.0,MutNovel,"G171E,0.577"
X-5495,FAM214B,80256.0,MutNovel,"R308Q,0.288"
X-5495,FAM216A,,MutKnownFunctional,"-175,0.211"
X-5495,FAM219A,,MutKnownFunctional,"-164,1.000"
X-5495,FAM222A,,MutNovel,"A263T,0.800"
X-5495,FAM222B,,MutNovel,"A417V,0.500"
X-5495,FAM53C,51307.0,MutNovel,"R229H,0.437"
X-5495,FAM63A,55793.0,MutNovel,"R299H,0.407"
X-5495,FAM72A,729533.0,MutNovel,"Q107H,0.481"
X-5495,FAM82A1,151393.0,MutNovel,"Y449C,0.545"
X-5495,FAM82A2,55177.0,MutNovel,"R93H,0.506"
X-5495,FAM83G,644815.0,MutNovel,"P385Q,0.536"
X-5495,FAM8A1,51439.0,MutKnownFunctional,"-390?,0.510"
X-5495,FAM96A,84191.0,MutNovel,"N145T,0.538"
X-5495,FAN1,22909.0,MutKnownFunctional,"-24,0.600"
X-5495,FANCE,2178.0,MutNovel,"A490T,0.464"
X-5495,FANCI,55215.0,MutNovel,"L631F,0.815"
X-5495,FASTKD3,79072.0,MutNovel,"V323M,0.578"
X-5495,FBRS,64319.0,MutNovel,"P439L,0.566"
X-5495,FBXL16,146330.0,MutNovel,"L476H,0.214"
X-5495,FBXL18,80028.0,MutNovel,"C587Y,0.406"
X-5495,FBXL19,54620.0,MutNovel,"R355Q,0.453"
X-5495,FBXO22,26263.0,MutNovel,"S14T,0.524"
X-5495,FBXO46,23403.0,MutNovel,"R316W,0.434"
X-5495,FBXO6,26270.0,MutNovel,"P201T,0.570"
X-5495,FBXW5,54461.0,MutNovel,"R555H,0.532"
X-5495,FBXW7,55294.0,MutKnownFunctional,"R367*,0.294"
X-5495,FBXW8,26259.0,MutNovel,"P387S,0.556"
X-5495,FBXW8,26259.0,MutNovel,"R423C,0.400"
X-5495,FCGBP,8857.0,MutNovel,"V2841I,0.547"
X-5495,FCGBP,8857.0,MutNovel,"R1916H,0.750"
X-5495,FCGBP,8857.0,MutNovel,"L1389P,0.500"
X-5495,FEZF1,389549.0,MutNovel,"C304Y,0.667"
X-5495,FGD4,121512.0,MutNovel,"D361G,0.418"
X-5495,FHL1,2273.0,MutNovel,"G48S,1.000"
X-5495,FHOD1,29109.0,MutKnownFunctional,"-585,0.500"
X-5495,FKBP5,2289.0,MutNovel,"I408L,0.379"
X-5495,FKBP8,23770.0,MutNovel,"R290C,0.617"
X-5495,FKRP,79147.0,MutNovel,"Y182C,0.714"
X-5495,FKTN,2218.0,MutNovel,"K60T,0.778"
X-5495,FLOT2,2319.0,MutNovel,"V103I,0.500"
X-5495,FMO5,2330.0,MutNovel,"E258G,0.219"
X-5495,FNIP1,96459.0,MutKnownFunctional,"-732,0.291"
X-5495,FOSL2,2355.0,MutNovel,"L261P,0.560"
X-5495,FOXA3,3171.0,MutNovel,"S87G,0.545"
X-5495,FOXN3,1112.0,MutKnownFunctional,"-116,0.371"
X-5495,FOXO3,2309.0,MutNovel,"R154Q,0.394"
X-5495,FRAT2,23401.0,MutNovel,"D58H,0.510"
X-5495,FSBP,,MutNovel,"I287V,0.519"
X-5495,FSCN2,25794.0,MutNovel,"R446W,0.688"
X-5495,FSTL3,10272.0,MutNovel,"R178W,0.646"
X-5495,FTO,79068.0,MutNovel,"L140F,0.432"
X-5495,FUT5,2527.0,MutNovel,"T169I,0.667"
X-5495,FXYD3,5349.0,MutNovel,"N84S,0.492"
X-5495,G6PC3,92579.0,MutNovel,"V190L,0.486"
X-5495,GALNT11,63917.0,MutNovel,"A260T,0.528"
X-5495,GALNT12,79695.0,MutNovel,"T491M,0.525"
X-5495,GAR1,54433.0,MutNovel,"P101T,0.462"
X-5495,GAS6,2621.0,MutNovel,"R594S,0.482"
X-5495,GAS6,2621.0,MutNovel,"R514H,0.385"
X-5495,GBF1,8729.0,MutNovel,"M375T,0.481"
X-5495,GBP3,2635.0,MutNovel,"T117A,0.469"
X-5495,GCFC2,6936.0,MutKnownFunctional,"-623,0.556"
X-5495,GDPD5,81544.0,MutNovel,"Q192H,0.235"
X-5495,GEM,2669.0,MutNovel,"R45H,0.602"
X-5495,GFI1,2672.0,MutNovel,"S186G,0.464"
X-5495,GIGYF1,64599.0,MutNovel,"G1024R,0.490"
X-5495,GIPC1,10755.0,MutKnownFunctional,"-50?,0.259"
X-5495,GLB1L,79411.0,MutNovel,"H634Y,0.660"
X-5495,GLB1L2,89944.0,MutNovel,"G46V,0.410"
X-5495,GLG1,2734.0,MutNovel,"T224M,0.558"
X-5495,GLT25D1,79709.0,MutNovel,"P132L,0.442"
X-5495,GLT25D1,79709.0,MutNovel,"R354Q,0.492"
X-5495,GLYR1,84656.0,MutKnownFunctional,"-380,1.000"
X-5495,GMIP,51291.0,MutNovel,"E846K,0.567"
X-5495,GNPAT,8443.0,MutNovel,"R211C,0.423"
X-5495,GNPDA1,10007.0,MutNovel,"R23L,0.502"
X-5495,GOLGA3,2802.0,MutNovel,"K168E,0.485"
X-5495,GOLGA4,2803.0,MutNovel,"V2216I,0.486"
X-5495,GOLGA8B,440270.0,MutKnownFunctional,"-527,1.000"
X-5495,GOLGB1,2804.0,MutNovel,"A289D,0.431"
X-5495,GON4L,54856.0,MutNovel,"E1523G,0.354"
X-5495,GP1BA,2811.0,MutKnownFunctional,"W246*,0.500"
X-5495,GP6,51206.0,MutNovel,"R137Q,1.000"
X-5495,GPATCH8,23131.0,MutNovel,"V264I,0.481"
X-5495,GPI,2821.0,MutNovel,"G292R,0.473"
X-5495,GPKOW,27238.0,MutNovel,"R270Q,1.000"
X-5495,GPN1,11321.0,MutNovel,"R289C,0.461"
X-5495,GPR125,166647.0,MutNovel,"V515M,0.459"
X-5495,GPR137,56834.0,MutNovel,"T370M,0.492"
X-5495,GPR161,23432.0,MutKnownFunctional,"-517,0.692"
X-5495,GPR56,9289.0,MutNovel,"A155T,0.514"
X-5495,GPR75,10936.0,MutNovel,"V63I,0.556"
X-5495,GPR89A,653519.0,MutNovel,"L443F,0.500"
X-5495,GPRIN1,114787.0,MutNovel,"T225M,0.241"
X-5495,GPSM3,63940.0,MutNovel,"R46H,0.583"
X-5495,GPX2,2877.0,MutKnownFunctional,"-104,0.452"
X-5495,GSDMD,79792.0,MutNovel,"D228Y,0.505"
X-5495,GSK3B,2932.0,MutNovel,"R418C,0.418"
X-5495,GSK3B,2932.0,MutKnownFunctional,"-353,0.462"
X-5495,GSTO1,9446.0,MutNovel,"R39C,0.504"
X-5495,GTF3A,2971.0,MutNovel,"S88I,0.613"
X-5495,HAGH,3029.0,MutKnownFunctional,"-213,0.383"
X-5495,HARBI1,283254.0,MutNovel,"I182L,0.586"
X-5495,HCFC1,3054.0,MutNovel,"H258Q,1.000"
X-5495,HCN3,57657.0,MutNovel,"P124L,0.455"
X-5495,HDAC4,9759.0,MutNovel,"G315S,0.500"
X-5495,HDAC5,10014.0,MutNovel,"A1084V,0.569"
X-5495,HDAC5,10014.0,MutNovel,"E836K,0.483"
X-5495,HDAC6,10013.0,MutKnownFunctional,"-1145,1.000"
X-5495,HDAC6,10013.0,MutNovel,"L1146V,0.800"
X-5495,HDGFRP2,84717.0,MutNovel,"R343W,0.495"
X-5495,HEATR2,54919.0,MutNovel,"E26D,0.552"
X-5495,HEATR3,55027.0,MutNovel,"L89R,0.500"
X-5495,HEATR4,399671.0,MutNovel,"S229P,0.800"
X-5495,HEATR5B,54497.0,MutNovel,"V1827I,0.394"
X-5495,HECA,51696.0,MutKnownFunctional,"-333,0.261"
X-5495,HECTD1,25831.0,MutNovel,"R1264H,0.484"
X-5495,HELLS,3070.0,MutNovel,"R66C,0.404"
X-5495,HENMT1,113802.0,MutNovel,"S60P,0.243"
X-5495,HEPH,9843.0,MutKnownFunctional,"R1194*,1.000"
X-5495,HERC2,8924.0,MutNovel,"A4108V,0.518"
X-5495,HERC2,8924.0,MutKnownFunctional,"R1376*,0.267"
X-5495,HERC2,8924.0,MutNovel,"R1059C,0.487"
X-5495,HERC4,26091.0,MutNovel,"I811T,0.554"
X-5495,HES2,54626.0,MutNovel,"P139S,1.000"
X-5495,HGS,9146.0,MutNovel,"V371M,0.707"
X-5495,HGS,9146.0,MutKnownFunctional,"-481,0.213"
X-5495,HIVEP1,3096.0,MutNovel,"P561L,0.357"
X-5495,HIVEP2,3097.0,MutNovel,"G1956R,0.588"
X-5495,HIVEP2,3097.0,MutNovel,"S1320L,0.389"
X-5495,HIVEP2,3097.0,MutKnownFunctional,"-927,0.463"
X-5495,HLA-A,3105.0,MutNovel,"I312L,0.260"
X-5495,HLA-B,3106.0,MutNovel,"E197K,0.444"
X-5495,HLA-G,3135.0,MutNovel,"F219S,0.750"
X-5495,HLA-G,3135.0,MutNovel,"D247E,0.750"
X-5495,HMGCR,3156.0,MutNovel,"R598H,0.512"
X-5495,HMHA1,23526.0,MutNovel,"A140T,0.889"
X-5495,HNRNPA3,220988.0,MutNovel,"K99R,0.636"
X-5495,HNRNPR,10236.0,MutNovel,"K303T,0.225"
X-5495,HOOK1,51361.0,MutNovel,"R431Q,0.502"
X-5495,HOOK2,29911.0,MutNovel,"D412N,0.495"
X-5495,HOXB3,3213.0,MutKnownFunctional,"-34,0.529"
X-5495,HOXB4,3214.0,MutNovel,"R191G,0.342"
X-5495,HPS1,3257.0,MutKnownFunctional,"-324,1.000"
X-5495,HRCT1,646962.0,MutNovel,"H104P,0.500"
X-5495,HSD17B4,3295.0,MutNovel,"L747M,0.395"
X-5495,HSF1,3297.0,MutNovel,"D356E,0.521"
X-5495,HSF2,3298.0,MutNovel,"P526H,0.571"
X-5495,HSF4,3299.0,MutKnownFunctional,"-300,0.800"
X-5495,HSPA1A,3303.0,MutNovel,"G203D,0.667"
X-5495,HSPG2,3339.0,MutNovel,"R2577W,0.500"
X-5495,HSPG2,3339.0,MutNovel,"P2153H,0.444"
X-5495,HTATSF1,27336.0,MutNovel,"D749N,1.000"
X-5495,HTT,3064.0,MutNovel,"S860T,0.537"
X-5495,HUWE1,10075.0,MutNovel,"P1831H,1.000"
X-5495,HUWE1,10075.0,MutNovel,"T1672A,1.000"
X-5495,HYAL2,8692.0,MutNovel,"A322T,0.217"
X-5495,HYOU1,10525.0,MutNovel,"S763Y,0.884"
X-5495,ICA1,3382.0,MutNovel,"A115V,0.504"
X-5495,IFI27L2,83982.0,MutNovel,"A35V,0.536"
X-5495,IFITM10,402778.0,MutKnownFunctional,"-225,0.503"
X-5495,IFITM3,10410.0,MutNovel,"A110T,0.246"
X-5495,IFRD2,7866.0,MutNovel,"T182M,0.573"
X-5495,IFT122,55764.0,MutKnownFunctional,"W1237*,0.297"
X-5495,IFT172,26160.0,MutNovel,"E1054K,0.425"
X-5495,IFT172,26160.0,MutNovel,"W860R,0.481"
X-5495,IFT74,80173.0,MutNovel,"K117N,0.328"
X-5495,IGF2BP3,10643.0,MutNovel,"I539T,0.500"
X-5495,IGF2R,3482.0,MutNovel,"R226Q,0.517"
X-5495,IGF2R,3482.0,MutNovel,"IF1329I,0.490"
X-5495,IGFLR1,79713.0,MutNovel,"P159L,0.440"
X-5495,IL17RB,55540.0,MutKnownFunctional,"-170,0.500"
X-5495,IL17RD,54756.0,MutNovel,"A314T,0.545"
X-5495,IL1RL2,8808.0,MutNovel,"C22Y,0.692"
X-5495,IL20RA,53832.0,MutNovel,"M269V,0.381"
X-5495,IL28RA,163702.0,MutKnownFunctional,"-464,0.456"
X-5495,IL28RA,163702.0,MutNovel,"D336G,0.579"
X-5495,IL6ST,3572.0,MutNovel,"A698V,0.385"
X-5495,ILF2,3608.0,MutNovel,"R270C,0.386"
X-5495,ILVBL,10994.0,MutNovel,"R337H,0.492"
X-5495,IMMT,10989.0,MutNovel,"R205H,0.494"
X-5495,INO80E,283899.0,MutKnownFunctional,"-12,0.507"
X-5495,INO80E,283899.0,MutKnownFunctional,"-209,1.000"
X-5495,INPP5F,22876.0,MutNovel,"I624V,0.500"
X-5495,INPPL1,3636.0,MutKnownFunctional,"-1066?,0.469"
X-5495,INSR,3643.0,MutNovel,"E722A,0.569"
X-5495,INTS5,80789.0,MutNovel,"L882P,0.504"
X-5495,INTS5,80789.0,MutNovel,"P283H,0.451"
X-5495,INTS9,55756.0,MutNovel,"I227M,0.567"
X-5495,IQGAP3,128239.0,MutNovel,"A719V,0.464"
X-5495,IQSEC1,9922.0,MutNovel,"A213T,0.684"
X-5495,IQSEC1,9922.0,MutNovel,"T207N,0.682"
X-5495,IQSEC2,23096.0,MutNovel,"V900I,1.000"
X-5495,IRAK1,3654.0,MutKnownFunctional,"-540,1.000"
X-5495,IRF2,3660.0,MutKnownFunctional,"-167,1.000"
X-5495,IRF2BP1,26145.0,MutKnownFunctional,"-123,0.516"
X-5495,IRF8,3394.0,MutNovel,"A197V,0.504"
X-5495,IRS2,8660.0,MutNovel,"Q842R,0.550"
X-5495,ISX,91464.0,MutNovel,"T104I,0.490"
X-5495,ITGA2,3673.0,MutNovel,"L725M,0.642"
X-5495,ITGA3,3675.0,MutNovel,"R143H,0.537"
X-5495,ITGA9,3680.0,MutNovel,"K114N,0.444"
X-5495,ITGB4,3691.0,MutNovel,"P835A,0.462"
X-5495,ITPRIPL2,162073.0,MutNovel,"R204H,0.415"
X-5495,ITSN2,50618.0,MutNovel,"V512G,0.534"
X-5495,JAG2,3714.0,MutKnownFunctional,"-618,0.400"
X-5495,JAK1,3716.0,MutKnownFunctional,"-339,0.278"
X-5495,JARID2,3720.0,MutNovel,"A271T,0.568"
X-5495,JARID2,3720.0,MutNovel,"A579T,0.409"
X-5495,JPH1,56704.0,MutNovel,"V143M,0.605"
X-5495,JUND,3727.0,MutNovel,"AA159A,0.397"
X-5495,KANK1,23189.0,MutNovel,"V357I,0.500"
X-5495,KARS,3735.0,MutNovel,"R206W,0.516"
X-5495,KAT6A,7994.0,MutNovel,"R867H,0.558"
X-5495,KAT6B,23522.0,MutNovel,"S1693N,0.466"
X-5495,KBTBD11,9920.0,MutNovel,"V272A,0.800"
X-5495,KBTBD6,89890.0,MutNovel,"A139V,0.700"
X-5495,KCNN4,3783.0,MutNovel,"H375R,0.645"
X-5495,KCNN4,3783.0,MutNovel,"A184V,0.391"
X-5495,KCTD17,79734.0,MutNovel,"R145C,0.659"
X-5495,KCTD2,23510.0,MutNovel,"T198M,0.557"
X-5495,KDM5A,5927.0,MutNovel,"T104A,0.589"
X-5495,KDM6B,23135.0,MutNovel,"VT751V,0.263"
X-5495,KDM6B,23135.0,MutKnownFunctional,"-1673,0.647"
X-5495,KIAA0182,23199.0,MutKnownFunctional,"-120?,0.500"
X-5495,KIAA0182,23199.0,MutNovel,"E344G,0.348"
X-5495,KIAA0182,23199.0,MutNovel,"T838M,0.432"
X-5495,KIAA0195,9772.0,MutKnownFunctional,"-788?,0.479"
X-5495,KIAA0195,9772.0,MutKnownFunctional,"-892,0.513"
X-5495,KIAA0195,9772.0,MutKnownFunctional,"C1131*,0.493"
X-5495,KIAA0232,9778.0,MutNovel,"I275T,0.394"
X-5495,KIAA0232,9778.0,MutNovel,"D515G,0.603"
X-5495,KIAA0355,9710.0,MutNovel,"S290G,0.500"
X-5495,KIAA0430,9665.0,MutNovel,"L1389I,0.528"
X-5495,KIAA0430,9665.0,MutNovel,"A846V,0.500"
X-5495,KIAA0528,9847.0,MutKnownFunctional,"-675,0.259"
X-5495,KIAA0556,23247.0,MutNovel,"L222P,0.425"
X-5495,KIAA0586,9786.0,MutNovel,"I589F,0.500"
X-5495,KIAA0664,23277.0,MutNovel,"I401V,0.496"
X-5495,KIAA0913,23053.0,MutNovel,"S1156P,0.524"
X-5495,KIAA1009,22832.0,MutKnownFunctional,"-406?,0.333"
X-5495,KIAA1024,23251.0,MutNovel,"M306L,0.600"
X-5495,KIAA1109,84162.0,MutNovel,"R4279C,0.441"
X-5495,KIAA1109,84162.0,MutKnownFunctional,"-4892,0.554"
X-5495,KIAA1217,56243.0,MutKnownFunctional,"-1280,0.432"
X-5495,KIAA1244,57221.0,MutNovel,"V1017L,0.217"
X-5495,KIAA1432,57589.0,MutNovel,"A1214T,0.547"
X-5495,KIAA1522,57648.0,MutNovel,"S173P,0.502"
X-5495,KIAA1549,57670.0,MutNovel,"R1342C,0.534"
X-5495,KIAA1609,57707.0,MutNovel,"G305S,0.511"
X-5495,KIAA1919,91749.0,MutNovel,"P146L,0.636"
X-5495,KIAA1967,57805.0,MutNovel,"L759I,0.466"
X-5495,KIAA2013,90231.0,MutNovel,"T552M,0.594"
X-5495,KIAA2018,205717.0,MutKnownFunctional,"-147?,0.591"
X-5495,KIAA2026,158358.0,MutKnownFunctional,"-729,0.643"
X-5495,KIDINS220,57498.0,MutNovel,"Y440C,0.417"
X-5495,KIF13B,23303.0,MutNovel,"A224T,0.808"
X-5495,KIF16B,55614.0,MutNovel,"E954-,0.490"
X-5495,KIF1B,23095.0,MutNovel,"V479A,0.597"
X-5495,KIF1C,10749.0,MutNovel,"R936H,0.204"
X-5495,KIF20B,9585.0,MutNovel,"L1062LKV,0.250"
X-5495,KIF7,374654.0,MutNovel,"R1151H,0.353"
X-5495,KIF7,374654.0,MutKnownFunctional,"-570,0.636"
X-5495,KIRREL,55243.0,MutNovel,"T170M,0.464"
X-5495,KLC1,3831.0,MutNovel,"A617T,0.228"
X-5495,KLC2,64837.0,MutNovel,"R101C,0.424"
X-5495,KLC4,89953.0,MutNovel,"P310H,0.409"
X-5495,KLF11,8462.0,MutNovel,"R474W,0.537"
X-5495,KLF5,688.0,MutNovel,"H109Y,0.464"
X-5495,KLHDC3,116138.0,MutNovel,"R95W,0.378"
X-5495,KLHDC4,54758.0,MutNovel,"Y447C,0.486"
X-5495,KLHDC5,57542.0,MutKnownFunctional,"-396,0.496"
X-5495,KLHL18,23276.0,MutNovel,"A126T,0.536"
X-5495,KLHL24,54800.0,MutNovel,"G551R,0.439"
X-5495,KLHL9,55958.0,MutNovel,"A529T,0.510"
X-5495,KNTC1,9735.0,MutNovel,"A1368T,0.514"
X-5495,KPNA1,3836.0,MutNovel,"V376M,0.493"
X-5495,KRAS,3845.0,MutNovel,"T20M,0.561"
X-5495,KREMEN2,79412.0,MutNovel,"P389L,0.632"
X-5495,KRI1,65095.0,MutNovel,"V534A,0.376"
X-5495,KRR1,11103.0,MutKnownFunctional,"-381,0.533"
X-5495,KRT2,3849.0,MutNovel,"L456M,1.000"
X-5495,KRT23,25984.0,MutNovel,"R373W,0.205"
X-5495,KRT23,25984.0,MutNovel,"H16Q,0.632"
X-5495,KRT79,338785.0,MutNovel,"T118M,0.500"
X-5495,L3MBTL1,26013.0,MutNovel,"V445M,0.938"
X-5495,LAMA2,3908.0,MutNovel,"E2500K,1.000"
X-5495,LAMA3,3909.0,MutNovel,"R2446W,0.519"
X-5495,LAMA5,3911.0,MutNovel,"F2885V,0.545"
X-5495,LAMA5,3911.0,MutNovel,"R1851W,0.441"
X-5495,LAMC2,3918.0,MutNovel,"A972V,0.510"
X-5495,LATS1,9113.0,MutKnownFunctional,"-662?,0.405"
X-5495,LATS2,26524.0,MutNovel,"A300T,0.500"
X-5495,LCOR,84458.0,MutKnownFunctional,"-14,0.500"
X-5495,LCOR,84458.0,MutNovel,"A234S,0.571"
X-5495,LDB1,8861.0,MutKnownFunctional,"-342,0.530"
X-5495,LDLRAD3,143458.0,MutKnownFunctional,"-325,0.444"
X-5495,LEPRE1,64175.0,MutNovel,"E27D,0.421"
X-5495,LETMD1,25875.0,MutKnownFunctional,"-39,0.481"
X-5495,LGMN,5641.0,MutNovel,"V67I,0.474"
X-5495,LGR5,8549.0,MutKnownFunctional,"-21,0.508"
X-5495,LHFPL2,10184.0,MutNovel,"T195A,0.371"
X-5495,LIAS,11019.0,MutKnownFunctional,"-34,0.255"
X-5495,LIG4,3981.0,MutNovel,"S764G,0.564"
X-5495,LINGO1,84894.0,MutNovel,"T266A,0.521"
X-5495,LINGO1,84894.0,MutNovel,"V138I,0.553"
X-5495,LIX1L,128077.0,MutNovel,"A71T,0.400"
X-5495,LLGL2,3993.0,MutNovel,"E753K,0.552"
X-5495,LOC100132247,100132247.0,MutNovel,"S1109T,0.500"
X-5495,LOC100506562,,MutNovel,"A105T,0.667"
X-5495,LOC100507607,,MutNovel,"V199D,1.000"
X-5495,LOC100507656,,MutNovel,"C297R,0.500"
X-5495,LOC100652741,,MutNovel,"SF753S,0.500"
X-5495,LOC100996584,,MutNovel,"P18L,0.719"
X-5495,LOC642778,,MutNovel,"R140K,0.429"
X-5495,LOH12CR1,118426.0,MutNovel,"P22H,0.773"
X-5495,LPHN1,22859.0,MutNovel,"N721H,0.467"
X-5495,LRFN4,78999.0,MutNovel,"E628K,0.549"
X-5495,LRP1,4035.0,MutNovel,"A2362V,0.700"
X-5495,LRP11,84918.0,MutNovel,"P369L,0.424"
X-5495,LRP3,4037.0,MutNovel,"A349V,0.273"
X-5495,LRRC36,55282.0,MutNovel,"P517H,1.000"
X-5495,LRRC45,201255.0,MutNovel,"R550C,0.461"
X-5495,LRRC66,339977.0,MutNovel,"A597T,0.500"
X-5495,LRRC8D,55144.0,MutNovel,"R588W,0.467"
X-5495,LRRK1,79705.0,MutNovel,"S1858N,0.555"
X-5495,LTBP1,4052.0,MutNovel,"Y896C,0.462"
X-5495,LTBP4,8425.0,MutNovel,"T1237A,0.571"
X-5495,LTBP4,8425.0,MutNovel,"A1470T,0.423"
X-5495,LTN1,26046.0,MutKnownFunctional,"-559,0.353"
X-5495,LYAR,55646.0,MutNovel,"S53R,0.528"
X-5495,LYN,4067.0,MutNovel,"R25H,0.661"
X-5495,LYRM4,57128.0,MutNovel,"I83T,0.421"
X-5495,LZTR1,8216.0,MutNovel,"R466W,0.546"
X-5495,M6PR,4074.0,MutNovel,"R161C,0.484"
X-5495,MAGI1,9223.0,MutNovel,"V984A,0.214"
X-5495,MAMDC4,158056.0,MutNovel,"R825W,0.377"
X-5495,MAML3,55534.0,MutNovel,"P995L,0.475"
X-5495,MAN1A2,10905.0,MutNovel,"A135T,0.422"
X-5495,MAN2B1,4125.0,MutNovel,"A462V,0.485"
X-5495,MAP3K10,4294.0,MutNovel,"R730C,0.636"
X-5495,MAP3K14,9020.0,MutNovel,"K461R,0.458"
X-5495,MAP3K4,4216.0,MutKnownFunctional,"-158,0.595"
X-5495,MAP3K6,9064.0,MutNovel,"T209A,0.576"
X-5495,MAP3K9,4293.0,MutNovel,"R482W,0.432"
X-5495,MAP4K4,9448.0,MutNovel,"S666F,0.478"
X-5495,MAP7,9053.0,MutNovel,"R328Q,0.561"
X-5495,MAP7D1,55700.0,MutKnownFunctional,"-34,0.591"
X-5495,MAPK3,5595.0,MutNovel,"R278Q,0.429"
X-5495,MAPK8,5599.0,MutNovel,"M200T,0.508"
X-5495,MAPT,4137.0,MutNovel,"R577H,0.818"
X-5495,2014-03-09 00:00:00,92979.0,MutNovel,"P42H,0.536"
X-5495,MARCKS,4082.0,MutNovel,"G62S,0.560"
X-5495,MARCKS,4082.0,MutKnownFunctional,"-152,0.707"
X-5495,MARCKSL1,65108.0,MutNovel,"G32D,0.524"
X-5495,MARK2,2011.0,MutNovel,"S633C,0.470"
X-5495,MARK4,57787.0,MutNovel,"R345W,0.533"
X-5495,MARVELD3,91862.0,MutKnownFunctional,"-314,0.564"
X-5495,MAST2,23139.0,MutNovel,"R929H,0.522"
X-5495,MAU2,23383.0,MutNovel,"R229H,0.440"
X-5495,MAX,4149.0,MutNovel,"R60Q,0.474"
X-5495,MBD6,114785.0,MutNovel,"S139P,0.505"
X-5495,MBD6,114785.0,MutKnownFunctional,"-692?,0.619"
X-5495,MBD6,114785.0,MutKnownFunctional,"-732,0.527"
X-5495,MCF2L,23263.0,MutNovel,"A486V,0.737"
X-5495,MCF2L,23263.0,MutNovel,"A1043V,0.600"
X-5495,MCM2,4171.0,MutNovel,"R295H,0.484"
X-5495,MCM3AP,8888.0,MutKnownFunctional,"-973,0.248"
X-5495,MCM7,4176.0,MutNovel,"S392P,0.492"
X-5495,MCM9,254394.0,MutNovel,"R811M,0.494"
X-5495,MCOLN3,55283.0,MutKnownFunctional,"-46?,0.625"
X-5495,MCTP2,55784.0,MutKnownFunctional,"Y496*,0.325"
X-5495,MED23,9439.0,MutNovel,"R872H,0.438"
X-5495,MED25,81857.0,MutNovel,"G560E,0.852"
X-5495,MEF2A,4205.0,MutNovel,"QQ412-,0.909"
X-5495,MEF2A,4205.0,MutNovel,"QQQP420Q,0.923"
X-5495,MEF2BNB,729991.0,MutNovel,"V87M,0.546"
X-5495,MEGF6,1953.0,MutKnownFunctional,"-1440,0.488"
X-5495,MEGF8,1954.0,MutKnownFunctional,"-2074,0.583"
X-5495,MEGF8,1954.0,MutNovel,"A2493G,1.000"
X-5495,MEN1,4221.0,MutNovel,"V201A,0.468"
X-5495,MESDC1,59274.0,MutNovel,"A238V,0.473"
X-5495,MESDC2,23184.0,MutKnownFunctional,"-225?,0.500"
X-5495,MESP2,145873.0,MutNovel,"G181V,1.000"
X-5495,MEX3D,399664.0,MutKnownFunctional,"-576,0.505"
X-5495,MFSD9,84804.0,MutNovel,"K230T,0.459"
X-5495,MGA,23269.0,MutNovel,"C1342Y,0.917"
X-5495,MICA,100507436.0,MutKnownFunctional,"-318LL?,1.000"
X-5495,MICAL1,64780.0,MutNovel,"A100T,0.650"
X-5495,MKI67,4288.0,MutNovel,"D2817G,0.807"
X-5495,MLF1IP,79682.0,MutNovel,"T381M,0.996"
X-5495,MLL2,8085.0,MutKnownFunctional,"R2915*,0.448"
X-5495,MLL2,8085.0,MutNovel,"V1382I,0.564"
X-5495,MLL2,8085.0,MutNovel,"R625H,0.440"
X-5495,MLL3,58508.0,MutKnownFunctional,"-2797?,0.500"
X-5495,MLL4,9757.0,MutKnownFunctional,"R297*,0.412"
X-5495,MLL4,9757.0,MutNovel,"T1026M,0.519"
X-5495,MLL5,55904.0,MutNovel,"A62V,0.533"
X-5495,MLLT6,4302.0,MutNovel,"V100M,0.457"
X-5495,MMEL1,79258.0,MutNovel,"S283L,0.333"
X-5495,MMP28,79148.0,MutKnownFunctional,"-371,0.417"
X-5495,MMS22L,253714.0,MutNovel,"C780Y,0.450"
X-5495,MMS22L,253714.0,MutNovel,"N419D,0.368"
X-5495,MPHOSPH10,10199.0,MutNovel,"R586C,0.486"
X-5495,MPRIP,23164.0,MutNovel,"G48S,0.493"
X-5495,MPRIP,23164.0,MutNovel,"TS178T,1.000"
X-5495,MPRIP,23164.0,MutKnownFunctional,"-351,1.000"
X-5495,MRI1,84245.0,MutKnownFunctional,"-328,0.638"
X-5495,MRPL18,29074.0,MutNovel,"L10W,1.000"
X-5495,MRPL4,51073.0,MutNovel,"E119D,0.462"
X-5495,MSH2,4436.0,MutNovel,"G164E,0.798"
X-5495,MSL3,10943.0,MutNovel,"PS3P,1.000"
X-5495,MST4,51765.0,MutNovel,"C392Y,1.000"
X-5495,MTBP,27085.0,MutNovel,"T831I,0.398"
X-5495,MTIF2,4528.0,MutNovel,"D459V,0.406"
X-5495,MTMR8,55613.0,MutNovel,"S333N,1.000"
X-5495,MTSS1L,92154.0,MutKnownFunctional,"-719,0.787"
X-5495,MTSS1L,92154.0,MutKnownFunctional,"-559,0.505"
X-5495,MUC12,10071.0,MutNovel,"S1787R,1.000"
X-5495,MUC12,10071.0,MutNovel,"T3389I,1.000"
X-5495,MUC12,10071.0,MutNovel,"D3396E,1.000"
X-5495,MUC12,10071.0,MutNovel,"T3643M,1.000"
X-5495,MUC12,10071.0,MutNovel,"V3800I,1.000"
X-5495,MUC12,10071.0,MutNovel,"S4359I,0.500"
X-5495,MUC12,10071.0,MutNovel,"T4363I,0.417"
X-5495,MUC12,10071.0,MutNovel,"L4568F,1.000"
X-5495,MUC13,56667.0,MutNovel,"F62S,0.220"
X-5495,MUC17,140453.0,MutNovel,"T589P,0.502"
X-5495,MUC17,140453.0,MutNovel,"S861T,0.452"
X-5495,MUC17,140453.0,MutNovel,"IP1401MT,0.262"
X-5495,MUC17,140453.0,MutNovel,"E1412G,0.264"
X-5495,MUC17,140453.0,MutNovel,"I1519M,0.222"
X-5495,MUC17,140453.0,MutNovel,"V1540D,0.269"
X-5495,MUC17,140453.0,MutNovel,"E1676D,0.237"
X-5495,MUC17,140453.0,MutNovel,"T1686A,0.679"
X-5495,MUC17,140453.0,MutNovel,"T2190K,0.206"
X-5495,MUC17,140453.0,MutNovel,"A3012T,0.516"
X-5495,MUC6,4588.0,MutNovel,"A1471S,1.000"
X-5495,MXRA5,25878.0,MutNovel,"A730V,1.000"
X-5495,MXRA8,54587.0,MutKnownFunctional,"-300,0.491"
X-5495,MYBBP1A,10514.0,MutNovel,"T1227M,0.462"
X-5495,MYCBP,26292.0,MutNovel,"R66H,0.524"
X-5495,MYEOV,26579.0,MutNovel,"L302H,0.375"
X-5495,MYH10,4628.0,MutKnownFunctional,"-1962,0.529"
X-5495,MYH10,4628.0,MutNovel,"R1502Q,0.444"
X-5495,MYH10,4628.0,MutNovel,"A388V,0.812"
X-5495,MYH11,4629.0,MutNovel,"E1258A,0.489"
X-5495,MYH14,79784.0,MutNovel,"R1867C,0.472"
X-5495,MYO10,4651.0,MutNovel,"GDY1087D,0.491"
X-5495,MYO18A,399687.0,MutNovel,"R1601W,0.452"
X-5495,MYO18A,399687.0,MutNovel,"A856V,0.528"
X-5495,MYO1A,4640.0,MutNovel,"P866H,0.712"
X-5495,MYO5B,4645.0,MutNovel,"Q1735R,0.580"
X-5495,MYO5B,4645.0,MutNovel,"A176D,0.518"
X-5495,MYO5C,55930.0,MutNovel,"R768C,0.543"
X-5495,MYPOP,339344.0,MutKnownFunctional,"-370,0.667"
X-5495,MYSM1,114803.0,MutNovel,"R434C,0.515"
X-5495,MYSM1,114803.0,MutKnownFunctional,"-188,0.450"
X-5495,MZF1,7593.0,MutNovel,"Q720H,0.654"
X-5495,MZF1,7593.0,MutNovel,"G325C,0.415"
X-5495,N4BP2L2,10443.0,MutNovel,"N449K,0.514"
X-5495,NAF1,92345.0,MutNovel,"F287L,1.000"
X-5495,NAGA,4668.0,MutNovel,"Y169C,0.407"
X-5495,NAGPA,51172.0,MutKnownFunctional,"-324,0.253"
X-5495,NAPEPLD,222236.0,MutKnownFunctional,"-297,0.250"
X-5495,NARFL,64428.0,MutNovel,"E355K,0.505"
X-5495,NAT9,26151.0,MutNovel,"C115Y,0.473"
X-5495,NBAS,51594.0,MutNovel,"M1743V,0.645"
X-5495,NBEAL2,23218.0,MutNovel,"G787C,0.456"
X-5495,NBPF1,55672.0,MutNovel,"N213Y,0.333"
X-5495,NBPF3,84224.0,MutNovel,"H213Y,0.818"
X-5495,NCKAP1,10787.0,MutNovel,"T888I,0.581"
X-5495,NCKAP5L,57701.0,MutNovel,"R897Q,0.667"
X-5495,NCLN,56926.0,MutNovel,"A118V,0.542"
X-5495,NCOA1,8648.0,MutNovel,"P1309S,0.514"
X-5495,NCOA3,8202.0,MutNovel,"P1366S,0.531"
X-5495,NCOR2,9612.0,MutNovel,"G1839GAAA,1.000"
X-5495,NCOR2,9612.0,MutNovel,"A1764T,0.346"
X-5495,NCOR2,9612.0,MutNovel,"-511SSS,0.941"
X-5495,NDST1,3340.0,MutNovel,"R468H,0.508"
X-5495,NDST2,8509.0,MutNovel,"S358L,0.494"
X-5495,NDST2,8509.0,MutNovel,"A298V,0.542"
X-5495,NDST2,8509.0,MutNovel,"R73Q,0.574"
X-5495,NDUFAF5,,MutNovel,"N223H,0.452"
X-5495,NDUFC1,4717.0,MutNovel,"V44I,0.480"
X-5495,NEDD9,4739.0,MutNovel,"A316T,0.582"
X-5495,NEIL1,79661.0,MutKnownFunctional,"-187,0.700"
X-5495,NF1,4763.0,MutKnownFunctional,"R416*,0.238"
X-5495,NFE2L3,9603.0,MutNovel,"A56P,0.544"
X-5495,NFKBIA,4792.0,MutNovel,"Q278R,0.530"
X-5495,NFKBID,84807.0,MutNovel,"G129R,0.417"
X-5495,NGDN,25983.0,MutNovel,"R306Q,0.428"
X-5495,NHS,4810.0,MutNovel,"R248Q,1.000"
X-5495,NIN,51199.0,MutNovel,"G303D,0.300"
X-5495,NIPAL3,57185.0,MutNovel,"V23I,0.414"
X-5495,NIT2,56954.0,MutNovel,"R195W,0.559"
X-5495,NKD1,85407.0,MutKnownFunctional,"-286?,0.500"
X-5495,NKTR,4820.0,MutKnownFunctional,"-614,0.491"
X-5495,NKTR,4820.0,MutKnownFunctional,"-764,0.341"
X-5495,NMT2,9397.0,MutNovel,"T408M,0.463"
X-5495,NONO,4841.0,MutKnownFunctional,"-242,1.000"
X-5495,NOTCH1,4851.0,MutNovel,"D1808N,0.444"
X-5495,NOV,4856.0,MutNovel,"A343T,0.800"
X-5495,NPHP4,261734.0,MutNovel,"R512Q,0.273"
X-5495,NR0B2,8431.0,MutNovel,"R213C,0.667"
X-5495,NR1H2,7376.0,MutNovel,"G129R,0.463"
X-5495,NR2F2,7026.0,MutKnownFunctional,"Q19*,0.575"
X-5495,NRM,11270.0,MutKnownFunctional,"-201,0.505"
X-5495,NRSN2,80023.0,MutNovel,"R104Q,1.000"
X-5495,NSRP1,84081.0,MutNovel,"A519V,0.509"
X-5495,NSUN5,55695.0,MutNovel,"R457W,0.502"
X-5495,NSUN5,55695.0,MutNovel,"A268T,0.477"
X-5495,NSUN6,221078.0,MutKnownFunctional,"-459?,0.397"
X-5495,NT5C3,51251.0,MutNovel,"V11M,0.586"
X-5495,NUAK2,81788.0,MutNovel,"N222S,0.242"
X-5495,NUDT16P1,152195.0,Del0.8,0.77
X-5495,NUFIP1,26747.0,MutKnownFunctional,"-176,0.257"
X-5495,NUMA1,4926.0,MutNovel,"L88P,0.575"
X-5495,NUP188,23511.0,MutNovel,"M439V,0.454"
X-5495,NXPH4,11247.0,MutKnownFunctional,"-84?,0.463"
X-5495,NYNRIN,57523.0,MutKnownFunctional,"-1375,0.579"
X-5495,OAS3,4940.0,MutNovel,"H264Y,0.556"
X-5495,OBSCN,84033.0,MutNovel,"Y1108N,0.500"
X-5495,OBSCN,84033.0,MutNovel,"A2828T,0.429"
X-5495,OBSCN,84033.0,MutNovel,"A7699T,0.481"
X-5495,OMA1,115209.0,MutNovel,"V121I,0.417"
X-5495,OPLAH,26873.0,MutNovel,"A1034T,0.543"
X-5495,OPLAH,26873.0,MutNovel,"G683V,0.474"
X-5495,OPLAH,26873.0,MutNovel,"I245T,0.470"
X-5495,OPLAH,26873.0,MutNovel,"V21I,0.463"
X-5495,ORAI1,84876.0,MutNovel,"PP43-,1.000"
X-5495,OSGEP,55644.0,MutNovel,"D72N,0.507"
X-5495,OTUB2,78990.0,MutNovel,"N100D,0.667"
X-5495,OTUD4,54726.0,MutNovel,"K110R,0.405"
X-5495,PABPC1L,80336.0,MutNovel,"G53D,0.382"
X-5495,PACS2,23241.0,MutNovel,"V20M,0.440"
X-5495,PAK6,56924.0,MutNovel,"V522A,0.530"
X-5495,PAN2,9924.0,MutNovel,"R582W,0.504"
X-5495,PANX1,24145.0,MutNovel,"V259M,0.605"
X-5495,PAOX,196743.0,MutNovel,"R495H,0.567"
X-5495,PAPD4,167153.0,MutNovel,"E151D,0.445"
X-5495,PATL1,219988.0,MutNovel,"R542H,0.480"
X-5495,PAXIP1,22976.0,MutKnownFunctional,"-246,0.404"
X-5495,PCCB,5096.0,MutNovel,"G51D,0.572"
X-5495,PCIF1,63935.0,MutNovel,"R400H,0.522"
X-5495,PCMTD1,115294.0,MutKnownFunctional,"-279,0.431"
X-5495,PCMTD1,115294.0,MutNovel,"M97T,0.640"
X-5495,PCNT,5116.0,MutNovel,"E920K,0.375"
X-5495,PCNXL3,399909.0,MutNovel,"T364M,0.625"
X-5495,PDCD11,22984.0,MutNovel,"R1590C,0.468"
X-5495,PDE3A,5139.0,MutNovel,"Y814H,0.417"
X-5495,PDE4DIP,9659.0,MutNovel,"A1368V,0.421"
X-5495,PDIA5,10954.0,MutNovel,"A179V,0.532"
X-5495,PDK2,5164.0,MutNovel,"T51A,0.471"
X-5495,PDK3,5165.0,MutKnownFunctional,"-300,1.000"
X-5495,PDS5B,23047.0,MutKnownFunctional,"-722,0.364"
X-5495,PDZRN3,23024.0,MutNovel,"R990W,0.667"
X-5495,PER2,8864.0,MutKnownFunctional,"-791,0.418"
X-5495,PEX13,5194.0,MutNovel,"I394F,0.497"
X-5495,PGM5,5239.0,MutNovel,"V473M,1.000"
X-5495,PHACTR4,65979.0,MutKnownFunctional,"-61,0.957"
X-5495,PHC1,1911.0,MutNovel,"A424V,0.750"
X-5495,PHF10,55274.0,MutKnownFunctional,"-483?,0.512"
X-5495,PHF20L1,51105.0,MutKnownFunctional,"-532,0.467"
X-5495,PHF3,23469.0,MutNovel,"S50N,0.750"
X-5495,PHF8,23133.0,MutNovel,"L762M,0.988"
X-5495,PHLDA1,22822.0,MutNovel,"QQ194Q,1.000"
X-5495,PI4KA,5297.0,MutNovel,"C485Y,0.547"
X-5495,PI4KB,5298.0,MutNovel,"G50R,0.433"
X-5495,PIAS4,51588.0,MutNovel,"E235D,0.529"
X-5495,PIBF1,10464.0,MutKnownFunctional,"-9,0.594"
X-5495,PIEZO1,9780.0,MutNovel,"E1879G,0.453"
X-5495,PIEZO1,9780.0,MutNovel,"R1299H,0.480"
X-5495,PIEZO1,9780.0,MutNovel,"G970S,0.613"
X-5495,PIEZO1,9780.0,MutNovel,"D757GN,0.217"
X-5495,PIEZO1,9780.0,MutNovel,"T175M,0.482"
X-5495,PIGV,55650.0,MutNovel,"P293L,0.547"
X-5495,PIGW,284098.0,MutNovel,"S386G,0.484"
X-5495,PIK3AP1,118788.0,MutNovel,"I679V,0.525"
X-5495,PIK3C2B,5287.0,MutNovel,"R640H,0.351"
X-5495,PIK3C2B,5287.0,MutNovel,"A606T,0.415"
X-5495,PIK3CA,5290.0,MutNovel,"G1049S,0.400"
X-5495,PILRB,29990.0,MutNovel,"L147V,0.478"
X-5495,PIP4K2A,5305.0,MutNovel,"A383V,0.480"
X-5495,PITPNM2,57605.0,MutNovel,"M372V,0.482"
X-5495,PITPNM2,57605.0,MutNovel,"S337L,0.568"
X-5495,PKD1,5310.0,MutNovel,"A2727S,0.483"
X-5495,PKM,,MutNovel,"V414M,0.432"
X-5495,PKP2,5318.0,MutNovel,"R635Q,0.458"
X-5495,PLAGL2,5326.0,MutKnownFunctional,"-10?,0.453"
X-5495,PLBD1,79887.0,MutNovel,"L297S,0.518"
X-5495,PLCG2,5336.0,MutNovel,"S110N,0.500"
X-5495,PLEC,5339.0,MutNovel,"A2803V,0.563"
X-5495,PLEKHA6,22874.0,MutNovel,"E814K,0.692"
X-5495,PLEKHA7,144100.0,MutKnownFunctional,"-161,0.469"
X-5495,PLEKHG3,26030.0,MutNovel,"R154W,0.500"
X-5495,PLEKHM1,9842.0,MutKnownFunctional,"-1042,0.500"
X-5495,PLEKHO2,80301.0,MutNovel,"V265A,0.630"
X-5495,PLK1,5347.0,MutNovel,"R456H,0.484"
X-5495,PLOD2,5352.0,MutKnownFunctional,"-675,0.512"
X-5495,PLXNA2,5362.0,MutNovel,"E1202K,0.452"
X-5495,PLXNA3,55558.0,MutNovel,"R64Q,1.000"
X-5495,PLXNB2,23654.0,MutNovel,"S1570N,0.247"
X-5495,PLXNB2,23654.0,MutNovel,"R1541H,0.528"
X-5495,PLXND1,23129.0,MutNovel,"V1425I,0.648"
X-5495,PLXND1,23129.0,MutNovel,"G217D,0.294"
X-5495,PML,5371.0,MutKnownFunctional,"-550,0.405"
X-5495,PMM1,5372.0,MutNovel,"E194D,0.540"
X-5495,PNISR,25957.0,MutKnownFunctional,"-497,0.420"
X-5495,PNKP,11284.0,MutNovel,"R431C,0.556"
X-5495,PODXL2,50512.0,MutNovel,"R470C,0.571"
X-5495,POF1B,79983.0,MutNovel,"R528W,0.976"
X-5495,POLD1,5424.0,MutNovel,"V556I,0.411"
X-5495,POLR2A,5430.0,MutNovel,"R382H,0.455"
X-5495,POLR2I,5438.0,MutNovel,"F11S,0.541"
X-5495,POLR3GL,84265.0,MutNovel,"A103V,0.421"
X-5495,POLRMT,5442.0,MutNovel,"T673M,0.686"
X-5495,POP5,51367.0,MutNovel,"R93H,0.341"
X-5495,POTEF,728378.0,MutNovel,"T844A,1.000"
X-5495,POTEI,,MutNovel,"I822V,0.800"
X-5495,POU5F1,5460.0,MutKnownFunctional,"R295*,0.462"
X-5495,PPFIA3,8541.0,MutNovel,"R173Q,0.524"
X-5495,PPFIA4,8497.0,MutNovel,"P679T,0.600"
X-5495,PPIL2,23759.0,MutNovel,"C304R,0.433"
X-5495,PPIP5K2,23262.0,MutKnownFunctional,"-1215,0.393"
X-5495,PPM1D,8493.0,MutNovel,"A347T,0.462"
X-5495,PPP1R26,9858.0,MutKnownFunctional,"-1142,0.494"
X-5495,PPP6R2,9701.0,MutNovel,"G97S,0.566"
X-5495,PRC1,9055.0,MutNovel,"I243T,0.474"
X-5495,PRCP,5547.0,MutNovel,"A475T,0.496"
X-5495,PRDM15,63977.0,MutNovel,"Q1216R,0.500"
X-5495,PRDM2,7799.0,MutKnownFunctional,"-1424,0.369"
X-5495,PRDM2,7799.0,MutKnownFunctional,"-1487,0.425"
X-5495,PRDM4,11108.0,MutNovel,"G341D,0.517"
X-5495,PRDM8,56978.0,MutNovel,"Q217E,0.580"
X-5495,PREX1,57580.0,MutNovel,"T1402M,0.625"
X-5495,PRIC285,85441.0,MutNovel,"R1977Q,0.788"
X-5495,PRIC285,85441.0,MutNovel,"R1644C,0.231"
X-5495,PRKCH,5583.0,MutNovel,"H172Y,0.750"
X-5495,PRKCI,5584.0,MutKnownFunctional,"-273?,1.000"
X-5495,PROM1,8842.0,MutKnownFunctional,"-566,0.254"
X-5495,PRPF18,8559.0,MutNovel,"G317E,0.508"
X-5495,PRPF4B,8899.0,MutKnownFunctional,"-44?,0.510"
X-5495,PRR12,57479.0,MutKnownFunctional,"-406,0.381"
X-5495,PRR12,57479.0,MutNovel,"R1207Q,0.537"
X-5495,PRR14L,253143.0,MutNovel,"E1339K,0.500"
X-5495,PRR3,80742.0,MutNovel,"R99C,0.600"
X-5495,PRR5L,79899.0,MutNovel,"R240W,0.464"
X-5495,PRRG1,5638.0,MutKnownFunctional,"-132?,1.000"
X-5495,PRRT1,80863.0,MutNovel,"R250C,1.000"
X-5495,PRRT4,401399.0,MutNovel,"R827H,0.750"
X-5495,PRSS36,146547.0,MutKnownFunctional,"-680,0.692"
X-5495,PRSS54,221191.0,MutNovel,"G40S,1.000"
X-5495,PSCA,8000.0,MutNovel,"T51I,0.500"
X-5495,PSD4,23550.0,MutNovel,"E997D,0.516"
X-5495,PSME4,23198.0,MutNovel,"A1027D,0.464"
X-5495,PSORS1C2,170680.0,MutNovel,"P84S,1.000"
X-5495,PSPC1,55269.0,MutNovel,"P47T,0.488"
X-5495,PTCH1,5727.0,MutKnownFunctional,"-1202,0.394"
X-5495,PTDSS1,9791.0,MutNovel,"M294I,0.490"
X-5495,PTDSS2,81490.0,MutNovel,"T75M,0.480"
X-5495,PTPN20A,653129.0,MutNovel,"E99K,1.000"
X-5495,PTPN21,11099.0,MutNovel,"A762T,0.640"
X-5495,PTPRB,5787.0,MutNovel,"P1943L,0.450"
X-5495,PTPRD,5789.0,MutNovel,"A1391V,0.500"
X-5495,PTPRF,5792.0,MutNovel,"R63H,0.506"
X-5495,PTPRF,5792.0,MutNovel,"P732H,0.463"
X-5495,PTPRJ,5795.0,MutNovel,"R495Q,0.316"
X-5495,PTPRU,10076.0,MutNovel,"S42N,0.609"
X-5495,PTPRU,10076.0,MutNovel,"R1028H,0.459"
X-5495,PTRF,284119.0,MutNovel,"R329H,0.506"
X-5495,PVRL2,5819.0,MutNovel,"R230Q,0.514"
X-5495,PVRL2,5819.0,MutKnownFunctional,"-365?,0.458"
X-5495,PVRL2,5819.0,MutNovel,"-438E,0.218"
X-5495,PVRL3,25945.0,MutKnownFunctional,"R483*,0.692"
X-5495,PWWP2B,170394.0,MutNovel,"S183C,0.538"
X-5495,PXDN,7837.0,MutKnownFunctional,"-1453,0.583"
X-5495,PYCR1,5831.0,MutNovel,"A316V,0.484"
X-5495,PYGO2,90780.0,MutKnownFunctional,"-150,0.801"
X-5495,QPRT,23475.0,MutNovel,"A184V,0.333"
X-5495,RAB28,9364.0,MutNovel,"A86T,0.394"
X-5495,RAB28,9364.0,MutNovel,"Y84H,0.404"
X-5495,RAB40A,142684.0,MutNovel,"T244I,1.000"
X-5495,RAD51C,5889.0,MutNovel,"R24G,0.380"
X-5495,RAD54L,8438.0,MutNovel,"L312R,0.341"
X-5495,RAF1,5894.0,MutNovel,"R398L,0.453"
X-5495,RAF1,5894.0,MutNovel,"R318W,0.472"
X-5495,RAF1,5894.0,MutNovel,"S259P,0.546"
X-5495,RAI1,10743.0,MutNovel,"R999W,0.523"
X-5495,RAI1,10743.0,MutKnownFunctional,"-1033,0.510"
X-5495,RAI1,10743.0,MutNovel,"P1735S,0.227"
X-5495,RAI14,26064.0,MutNovel,"G166V,0.385"
X-5495,RANBP2,5903.0,MutNovel,"R176C,0.500"
X-5495,RANBP2,5903.0,MutNovel,"D2010Y,0.487"
X-5495,RAPGEF4,11069.0,MutNovel,"R517H,0.818"
X-5495,RAPH1,65059.0,MutKnownFunctional,"R1175*,0.403"
X-5495,RAPH1,65059.0,MutKnownFunctional,"-765,0.842"
X-5495,RAPH1,65059.0,MutNovel,"R229C,0.617"
X-5495,RARG,5916.0,MutNovel,"A394T,0.631"
X-5495,RARG,5916.0,MutKnownFunctional,"-8,0.727"
X-5495,RASA1,5921.0,MutKnownFunctional,"R679*,0.297"
X-5495,RASL10A,10633.0,MutKnownFunctional,"-194,1.000"
X-5495,RBBP8,5932.0,MutNovel,"I222V,0.228"
X-5495,RBBP8,5932.0,MutNovel,"D226G,0.248"
X-5495,RBM15,64783.0,MutKnownFunctional,"R487*,0.543"
X-5495,RBM15B,29890.0,MutKnownFunctional,"-841,0.504"
X-5495,RBM23,55147.0,MutNovel,"A390VP,0.965"
X-5495,RBM42,79171.0,MutNovel,"L192I,0.524"
X-5495,RBM48,84060.0,MutNovel,"R284C,0.439"
X-5495,RCAN3,11123.0,MutNovel,"E185D,0.255"
X-5495,RCN2,5955.0,MutNovel,"W119C,0.522"
X-5495,RECQL5,9400.0,MutNovel,"R441Q,0.600"
X-5495,RELA,5970.0,MutNovel,"A258T,0.500"
X-5495,RELB,5971.0,MutNovel,"I333T,0.506"
X-5495,REM2,161253.0,MutNovel,"V125M,0.312"
X-5495,RET,5979.0,MutNovel,"R969W,0.600"
X-5495,REV1,51455.0,MutNovel,"A312D,0.347"
X-5495,REV3L,5980.0,MutKnownFunctional,"-1059,0.364"
X-5495,RFXANK,8625.0,MutNovel,"V203M,0.446"
X-5495,RGNEF,64283.0,MutNovel,"S470G,0.526"
X-5495,RGNEF,64283.0,MutNovel,"A533V,0.630"
X-5495,RGS12,6002.0,MutKnownFunctional,"-1176,0.500"
X-5495,RHBDD3,25807.0,MutNovel,"A348T,0.493"
X-5495,RHOBTB2,23221.0,MutNovel,"A549V,0.557"
X-5495,RHOBTB3,22836.0,MutNovel,"A237V,0.570"
X-5495,RHOG,391.0,MutNovel,"A27T,0.506"
X-5495,RHPN1,114822.0,MutNovel,"S589L,0.622"
X-5495,RICTOR,253260.0,MutNovel,"A786D,0.500"
X-5495,RIF1,55183.0,MutNovel,"P2394S,0.419"
X-5495,RIPK1,8737.0,MutNovel,"V297I,0.418"
X-5495,RLF,6018.0,MutNovel,"H1676L,0.531"
X-5495,RND1,27289.0,MutNovel,"R213C,0.326"
X-5495,RNF103,7844.0,MutNovel,"A418T,0.478"
X-5495,RNF111,54778.0,MutKnownFunctional,"Q492*,0.545"
X-5495,RNF111,54778.0,MutKnownFunctional,"-707,0.643"
X-5495,RNF121,55298.0,MutKnownFunctional,"-271,0.506"
X-5495,RNF145,153830.0,MutKnownFunctional,"-29,0.957"
X-5495,RNF145,153830.0,MutNovel,"K26E,0.277"
X-5495,RNF146,81847.0,MutNovel,"A258S,0.473"
X-5495,RNF19A,25897.0,MutNovel,"R182W,0.530"
X-5495,RNF207,388591.0,MutNovel,"T381M,0.667"
X-5495,RNF215,200312.0,MutNovel,"V296M,0.644"
X-5495,RNF43,54894.0,MutKnownFunctional,"-659,0.422"
X-5495,RNF6,6049.0,MutKnownFunctional,"-593,0.512"
X-5495,RPA1,6117.0,MutNovel,"R234Q,0.496"
X-5495,RPL13,6137.0,MutNovel,"Y120N,0.607"
X-5495,RPL22,6146.0,MutKnownFunctional,"-89,0.593"
X-5495,RPL22,6146.0,MutKnownFunctional,"-15,0.395"
X-5495,RPL24,6152.0,MutKnownFunctional,"-117?,0.420"
X-5495,RPL7L1,285855.0,MutNovel,"C207Y,0.494"
X-5495,RPLP0,6175.0,MutNovel,"R62C,0.447"
X-5495,RPP25L,,MutKnownFunctional,"-140,0.518"
X-5495,RPP40,10799.0,MutKnownFunctional,"-327,0.580"
X-5495,RPS6KA3,6197.0,MutKnownFunctional,"-735,1.000"
X-5495,RPS7,6201.0,MutNovel,"R81C,0.524"
X-5495,RPS8,6202.0,MutNovel,"A118V,0.456"
X-5495,RPUSD4,84881.0,MutNovel,"A3V,0.219"
X-5495,RRP36,88745.0,MutNovel,"AGARRPR14A,0.367"
X-5495,RRP8,23378.0,MutNovel,"R455H,0.543"
X-5495,RSL1D1,26156.0,MutKnownFunctional,"-449,0.471"
X-5495,RUSC1,23623.0,MutNovel,"Q833H,0.522"
X-5495,RUSC2,9853.0,MutNovel,"A1223V,0.444"
X-5495,RUVBL1,8607.0,MutNovel,"R249W,0.535"
X-5495,RUVBL2,10856.0,MutNovel,"E458K,0.494"
X-5495,RWDD1,51389.0,MutNovel,"Q90L,0.486"
X-5495,RXFP4,339403.0,MutNovel,"Y46H,0.400"
X-5495,RXRB,6257.0,MutNovel,"G291R,0.312"
X-5495,RYR2,6262.0,MutNovel,"I2826T,0.429"
X-5495,SACS,26278.0,MutKnownFunctional,"-1717,0.583"
X-5495,SAFB2,9667.0,MutKnownFunctional,"-945,0.504"
X-5495,SAMD9,54809.0,MutKnownFunctional,"-1549,0.421"
X-5495,SASH1,23328.0,MutNovel,"P632S,0.533"
X-5495,SBF1,6305.0,MutNovel,"R1039Q,0.498"
X-5495,SBNO2,22904.0,MutNovel,"A1012V,0.442"
X-5495,SBNO2,22904.0,MutNovel,"V682I,0.472"
X-5495,SCAF1,58506.0,MutNovel,"A473T,0.532"
X-5495,SCAF1,58506.0,MutNovel,"R572RRS,0.500"
X-5495,SCIN,85477.0,MutNovel,"E562K,0.773"
X-5495,SCPEP1,59342.0,MutNovel,"T188I,0.476"
X-5495,SCRIB,23513.0,MutNovel,"D1023N,0.598"
X-5495,SCRIB,23513.0,MutNovel,"A440V,0.534"
X-5495,SCYL1,57410.0,MutNovel,"P715H,0.580"
X-5495,SEC23IP,11196.0,MutNovel,"V755M,0.449"
X-5495,SEC24A,10802.0,MutNovel,"R154C,0.422"
X-5495,SEC31A,22872.0,MutKnownFunctional,"-462,1.000"
X-5495,SEL1L3,23231.0,MutNovel,"T724M,0.448"
X-5495,SEMA4B,10509.0,MutNovel,"G678R,0.518"
X-5495,2014-09-05 00:00:00,,MutNovel,"A191T,0.875"
X-5495,SETD1A,9739.0,MutNovel,"A769V,0.490"
X-5495,SETD1A,9739.0,MutNovel,"P1222S,0.382"
X-5495,SETD1B,23067.0,MutKnownFunctional,"-456,0.468"
X-5495,SETD1B,23067.0,MutNovel,"R1596Q,0.484"
X-5495,SETD2,29072.0,MutKnownFunctional,"-1350,0.375"
X-5495,SETD5,55209.0,MutNovel,"R757C,0.503"
X-5495,SETDB1,9869.0,MutKnownFunctional,"-394,0.688"
X-5495,SETX,23064.0,MutKnownFunctional,"-1748?,0.393"
X-5495,SF1,7536.0,MutNovel,"P556L,0.459"
X-5495,SF1,7536.0,MutNovel,"R303P,0.528"
X-5495,SH2D4A,63898.0,MutNovel,"S159L,0.480"
X-5495,SH3PXD2A,9644.0,MutKnownFunctional,"-500,0.500"
X-5495,SH3PXD2B,285590.0,MutNovel,"A309V,0.400"
X-5495,SH3TC1,54436.0,MutNovel,"E1087K,0.722"
X-5495,SHANK3,85358.0,MutNovel,"A162T,0.636"
X-5495,SHANK3,85358.0,MutKnownFunctional,"-1212,0.464"
X-5495,SHARPIN,81858.0,MutNovel,"P307Q,0.532"
X-5495,SHB,6461.0,MutNovel,"I482T,0.446"
X-5495,SHB,6461.0,MutNovel,"R107C,0.603"
X-5495,SHD,56961.0,MutNovel,"A197P,1.000"
X-5495,SHH,6469.0,MutNovel,"G290D,0.846"
X-5495,SHMT2,6472.0,MutNovel,"A223D,0.488"
X-5495,SIK3,23387.0,MutNovel,"R237C,0.516"
X-5495,SIPA1L2,57568.0,MutKnownFunctional,"-1053,0.421"
X-5495,SIPA1L3,23094.0,MutNovel,"P479S,0.404"
X-5495,SIPA1L3,23094.0,MutNovel,"A1357V,0.333"
X-5495,SIVA1,10572.0,MutKnownFunctional,"-137,0.504"
X-5495,SKIV2L,6499.0,MutNovel,"T1073A,0.457"
X-5495,SLC16A14,151473.0,MutNovel,"L346V,0.875"
X-5495,SLC1A5,6510.0,MutNovel,"S493I,0.543"
X-5495,SLC25A3,5250.0,MutNovel,"R161H,0.456"
X-5495,SLC25A44,9673.0,MutNovel,"R247Q,0.422"
X-5495,SLC25A45,283130.0,MutKnownFunctional,"-110,0.714"
X-5495,SLC26A6,65010.0,MutNovel,"G371S,0.438"
X-5495,SLC2A4RG,56731.0,MutNovel,"T213M,0.414"
X-5495,SLC35C2,51006.0,MutNovel,"G149R,0.485"
X-5495,SLC35D3,340146.0,MutNovel,"V333M,0.286"
X-5495,SLC35F5,80255.0,MutKnownFunctional,"-248,0.462"
X-5495,SLC39A7,7922.0,MutNovel,"R382C,0.300"
X-5495,SLC41A3,54946.0,MutNovel,"R26W,0.444"
X-5495,SLC4A7,9497.0,MutNovel,"R62H,0.500"
X-5495,SLC52A1,,MutNovel,"S154G,0.875"
X-5495,SLC9A1,6548.0,MutNovel,"R180W,0.459"
X-5495,SLCO1B7,338821.0,MutNovel,"K354R,1.000"
X-5495,SLFNL1,200172.0,MutNovel,"F297L,0.438"
X-5495,SLX4,84464.0,MutNovel,"P715L,0.455"
X-5495,SLX4,84464.0,MutNovel,"R460C,0.571"
X-5495,SMAD3,4088.0,MutNovel,"R420H,0.522"
X-5495,SMARCA2,6595.0,MutNovel,"A1201V,0.448"
X-5495,SMARCA5,8467.0,MutNovel,"R862C,0.458"
X-5495,SMARCAL1,50485.0,MutNovel,"G245D,0.237"
X-5495,SMARCC1,6599.0,MutNovel,"P708H,0.463"
X-5495,SMC1A,8243.0,MutNovel,"R1123Q,0.988"
X-5495,SMC4,10051.0,MutNovel,"N1278D,0.282"
X-5495,SMG1,23049.0,MutNovel,"V3486I,0.493"
X-5495,SMPD3,55512.0,MutNovel,"R339W,0.467"
X-5495,SND1,27044.0,MutNovel,"R910C,0.474"
X-5495,SNRNP200,23020.0,MutNovel,"P1128H,0.524"
X-5495,SNRNP27,11017.0,MutKnownFunctional,"R44*,0.209"
X-5495,SNRNP70,6625.0,MutNovel,"A108V,0.418"
X-5495,SNX18,112574.0,MutNovel,"L108M,0.333"
X-5495,SNX25,83891.0,MutKnownFunctional,"-636,0.889"
X-5495,SOCS6,9306.0,MutNovel,"R238W,0.462"
X-5495,SOLH,6650.0,MutKnownFunctional,"-252,0.381"
X-5495,SON,6651.0,MutNovel,"M721T,0.492"
X-5495,SON,6651.0,MutNovel,"R2230W,0.442"
X-5495,SORL1,6653.0,MutNovel,"R729Q,0.586"
X-5495,SOS2,6655.0,MutNovel,"P237H,0.422"
X-5495,SP3,6670.0,MutNovel,"G294R,0.540"
X-5495,SP6,80320.0,MutKnownFunctional,"-154,0.426"
X-5495,SPATA5L1,79029.0,MutKnownFunctional,"-716,0.461"
X-5495,SPATA7,55812.0,MutNovel,"I332T,0.281"
X-5495,SPATC1,375686.0,MutNovel,"A146V,1.000"
X-5495,SPECC1,92521.0,MutNovel,"R884C,0.573"
X-5495,SPG11,80208.0,MutNovel,"R2240H,0.488"
X-5495,SPG7,6687.0,MutNovel,"A149V,0.514"
X-5495,SPHK2,56848.0,MutNovel,"C597Y,0.390"
X-5495,SPTAN1,6709.0,MutNovel,"S280P,0.472"
X-5495,SPTB,6710.0,MutNovel,"E1822G,0.750"
X-5495,SPTBN1,6711.0,MutNovel,"R972W,0.552"
X-5495,SPTY2D1,144108.0,MutNovel,"R369G,0.381"
X-5495,SRCAP,10847.0,MutNovel,"T302M,0.520"
X-5495,SRCAP,10847.0,MutNovel,"A748V,0.377"
X-5495,SRPR,6734.0,MutKnownFunctional,"-170?,0.355"
X-5495,SRXN1,140809.0,MutKnownFunctional,"-18?,0.483"
X-5495,SSH1,54434.0,MutKnownFunctional,"R144*,0.395"
X-5495,SSH2,85464.0,MutKnownFunctional,"-1408,0.464"
X-5495,ST20,400410.0,MutNovel,"G62D,0.526"
X-5495,ST5,6764.0,MutNovel,"L802R,0.733"
X-5495,ST7,7982.0,MutNovel,"T465M,0.472"
X-5495,ST7L,54879.0,MutNovel,"A224T,0.364"
X-5495,STAP2,55620.0,MutNovel,"V234M,0.554"
X-5495,STAT6,6778.0,MutKnownFunctional,"-281,0.288"
X-5495,STAU2,27067.0,MutKnownFunctional,"-364,0.390"
X-5495,STEAP3,55240.0,MutNovel,"R69C,0.478"
X-5495,STK11,6794.0,MutNovel,"R384W,0.618"
X-5495,STT3B,201595.0,MutNovel,"P775H,0.449"
X-5495,STX2,2054.0,MutKnownFunctional,"-252,0.286"
X-5495,STYXL1,51657.0,MutNovel,"D154N,0.505"
X-5495,SUCLG2,8801.0,MutNovel,"D63G,0.448"
X-5495,SUCO,,MutNovel,"Q1144R,0.469"
X-5495,SULT1C3,442038.0,MutKnownFunctional,"-12,0.421"
X-5495,SUPT6H,6830.0,MutNovel,"R551Q,0.509"
X-5495,SUV420H2,84787.0,MutNovel,"R266W,0.317"
X-5495,SVIL,6840.0,MutKnownFunctional,"-1862,1.000"
X-5495,SWAP70,23075.0,MutKnownFunctional,"-572,0.461"
X-5495,SYNE2,23224.0,MutNovel,"G6525C,0.341"
X-5495,SZT2,23334.0,MutKnownFunctional,"-2249,0.375"
X-5495,TAB3,257397.0,MutNovel,"P135A,1.000"
X-5495,TACC2,10579.0,MutNovel,"A2178D,0.486"
X-5495,TACR2,6865.0,MutNovel,"L199R,0.400"
X-5495,TADA2A,6871.0,MutKnownFunctional,"-137,0.433"
X-5495,TAF15,8148.0,MutKnownFunctional,"-528,0.372"
X-5495,TAF1C,9013.0,MutKnownFunctional,"-454,0.385"
X-5495,TAF1C,9013.0,MutNovel,"R357C,0.376"
X-5495,TAF3,83860.0,MutKnownFunctional,"-486,0.381"
X-5495,TAF7,6879.0,MutNovel,"R52H,0.441"
X-5495,TANK,10010.0,MutNovel,"M154I,0.456"
X-5495,TAOK2,9344.0,MutKnownFunctional,"-750,0.506"
X-5495,TAOK2,9344.0,MutKnownFunctional,"-1020,0.522"
X-5495,TAP1,6890.0,MutKnownFunctional,"-784,0.860"
X-5495,TAP1,6890.0,MutNovel,"R124H,0.808"
X-5495,TAPBP,6892.0,MutKnownFunctional,"-338,0.618"
X-5495,TAPBP,6892.0,MutKnownFunctional,"-187?,0.444"
X-5495,TAPBPL,55080.0,MutNovel,"I94V,0.525"
X-5495,TARBP1,6894.0,MutNovel,"L1448H,0.494"
X-5495,TBC1D10A,83874.0,MutNovel,"P434R,0.461"
X-5495,TBC1D23,55773.0,MutKnownFunctional,"-647,0.500"
X-5495,TBC1D3,729873.0,MutNovel,"V3M,0.259"
X-5495,TBCK,93627.0,MutNovel,"R800W,0.700"
X-5495,TBP,6908.0,MutNovel,"-64Q,0.286"
X-5495,TCEB3,6924.0,MutNovel,"EK327E,0.489"
X-5495,TCF12,6938.0,MutKnownFunctional,"-676,0.488"
X-5495,TCF25,22980.0,MutNovel,"P459H,0.253"
X-5495,TCF7L2,6934.0,MutKnownFunctional,"-198,0.250"
X-5495,TCF7L2,6934.0,MutKnownFunctional,"-465,0.564"
X-5495,TCIRG1,10312.0,MutKnownFunctional,"-252?,0.500"
X-5495,TELO2,9894.0,MutNovel,"L737P,0.460"
X-5495,TENC1,23371.0,MutNovel,"S476N,0.488"
X-5495,TERF1,7013.0,MutNovel,"R268M,0.565"
X-5495,TFE3,7030.0,MutKnownFunctional,"-482,1.000"
X-5495,TFIP11,24144.0,MutNovel,"R752Q,0.547"
X-5495,TGFBR2,7048.0,MutKnownFunctional,"-150,0.982"
X-5495,THAP4,51078.0,MutNovel,"A162T,0.592"
X-5495,THAP5,168451.0,MutKnownFunctional,"-99,0.506"
X-5495,THBS1,7057.0,MutNovel,"S670I,0.508"
X-5495,THG1L,54974.0,MutKnownFunctional,"-114,0.279"
X-5495,THOC2,57187.0,MutNovel,"K473N,1.000"
X-5495,THOP1,7064.0,MutNovel,"T261M,0.512"
X-5495,THOP1,7064.0,MutNovel,"E685D,0.568"
X-5495,TIMELESS,8914.0,MutNovel,"R333C,0.603"
X-5495,TKT,7086.0,MutNovel,"P111L,0.462"
X-5495,TLN1,7094.0,MutNovel,"T1704I,0.504"
X-5495,TLN2,83660.0,MutNovel,"E545K,0.543"
X-5495,TLR2,7097.0,MutNovel,"K714E,1.000"
X-5495,TMBIM4,51643.0,MutKnownFunctional,"-174?,0.562"
X-5495,TMCO4,255104.0,MutNovel,"P26Q,0.438"
X-5495,TMED8,283578.0,MutKnownFunctional,"-15?,0.462"
X-5495,TMEM123,114908.0,MutNovel,"S69N,0.478"
X-5495,TMEM150A,129303.0,MutNovel,"H135R,0.472"
X-5495,TMEM178A,,MutKnownFunctional,"R153*,0.522"
X-5495,TMEM184A,202915.0,MutNovel,"G392GA,0.453"
X-5495,TMEM185A,84548.0,MutNovel,"R31H,1.000"
X-5495,TMEM185B,79134.0,MutKnownFunctional,"-341,0.589"
X-5495,TMEM2,23670.0,MutNovel,"A772V,0.597"
X-5495,TMEM2,23670.0,MutNovel,"I667V,0.330"
X-5495,TMEM216,51259.0,MutNovel,"L114R,0.551"
X-5495,TMEM246,,MutKnownFunctional,"-99,0.520"
X-5495,TMEM30B,161291.0,MutNovel,"D349E,0.364"
X-5495,TMEM41B,440026.0,MutKnownFunctional,"-285,0.510"
X-5495,TMEM57,55219.0,MutNovel,"W99C,0.274"
X-5495,TMEM57,55219.0,MutKnownFunctional,"-100,0.274"
X-5495,TMEM60,85025.0,MutKnownFunctional,"-77,0.500"
X-5495,TMEM86B,255043.0,MutNovel,"A192T,0.512"
X-5495,TMLHE,55217.0,MutNovel,"T340M,1.000"
X-5495,TMX2,51075.0,MutNovel,"T126M,0.453"
X-5495,TNFRSF11B,4982.0,MutNovel,"V104M,0.667"
X-5495,TNK2,10188.0,MutKnownFunctional,"-710,0.581"
X-5495,TNKS,8658.0,MutKnownFunctional,"R1200*,0.205"
X-5495,TNKS1BP1,85456.0,MutNovel,"V1521M,0.527"
X-5495,TNMD,64102.0,MutNovel,"T124P,1.000"
X-5495,TNRC18,84629.0,MutNovel,"A2020T,0.481"
X-5495,TNRC6B,23112.0,MutKnownFunctional,"-544?,0.471"
X-5495,TNRC6B,23112.0,MutNovel,"L1320LQQ,0.600"
X-5495,TNRC6C,57690.0,MutNovel,"M1087V,0.857"
X-5495,TONSL,4796.0,MutKnownFunctional,"-821,0.447"
X-5495,TOP3A,7156.0,MutKnownFunctional,"-43,0.500"
X-5495,TP53BP1,7158.0,MutNovel,"A1738T,0.462"
X-5495,TP53TG3,24150.0,Del0.8,0.66
X-5495,TP53TG3B,729355.0,Del0.8,0.66
X-5495,TPD52,7163.0,MutNovel,"Q76H,0.514"
X-5495,TPO,7173.0,MutNovel,"W671R,1.000"
X-5495,TPRA1,131601.0,MutNovel,"R367H,0.476"
X-5495,TPRA1,131601.0,MutKnownFunctional,"-320,0.510"
X-5495,TRAF2,7186.0,MutNovel,"QK340Q,0.495"
X-5495,TRAP1,10131.0,MutNovel,"A409T,0.494"
X-5495,TRAPPC9,83696.0,MutNovel,"G614E,0.477"
X-5495,TRAPPC9,83696.0,MutNovel,"T533M,0.417"
X-5495,TRIB1,10221.0,MutNovel,"Q70H,0.380"
X-5495,TRIM11,81559.0,MutKnownFunctional,"-358,0.490"
X-5495,TRIM35,23087.0,MutKnownFunctional,"-364,0.500"
X-5495,TRIM44,54765.0,MutNovel,"R42C,0.520"
X-5495,TRIM62,55223.0,MutKnownFunctional,"-337,0.357"
X-5495,TRIP11,9321.0,MutKnownFunctional,"-708,0.500"
X-5495,TRIP12,9320.0,MutKnownFunctional,"Q764*,0.228"
X-5495,TRMT10A,,MutNovel,"A8T,0.562"
X-5495,TRMT10C,,MutKnownFunctional,"-128,0.486"
X-5495,TRNAU1AP,54952.0,MutNovel,"R124Q,0.492"
X-5495,TSC1,7248.0,MutNovel,"V25M,0.621"
X-5495,TSC2,7249.0,MutNovel,"R718C,0.486"
X-5495,TSPYL1,7259.0,MutNovel,"V176VW,1.000"
X-5495,TSSK3,81629.0,MutNovel,"R63G,0.508"
X-5495,TTC17,55761.0,MutNovel,"R733C,0.504"
X-5495,TTC17,55761.0,MutNovel,"A1077S,0.510"
X-5495,TTC3,7267.0,MutNovel,"L574I,0.564"
X-5495,TTC30A,92104.0,MutNovel,"N596S,0.462"
X-5495,TTC31,64427.0,MutNovel,"R96S,0.420"
X-5495,TTC37,9652.0,MutNovel,"T171R,0.660"
X-5495,TTC40,54777.0,MutNovel,"A433V,0.667"
X-5495,TTI1,9675.0,MutKnownFunctional,"-924?,0.312"
X-5495,TTK,7272.0,MutKnownFunctional,"-851,0.422"
X-5495,TTLL1,25809.0,MutNovel,"R198C,0.429"
X-5495,TTLL3,26140.0,MutNovel,"L43P,1.000"
X-5495,TUBB3,10381.0,MutNovel,"A206V,0.442"
X-5495,TUBE1,51175.0,MutNovel,"A110T,0.767"
X-5495,TUBG1,7283.0,MutKnownFunctional,"-352,0.779"
X-5495,TUBGCP6,85378.0,MutNovel,"P1452H,0.562"
X-5495,TXNDC5,81567.0,MutNovel,"C92R,0.472"
X-5495,TYK2,7297.0,MutNovel,"M708V,0.518"
X-5495,TYK2,7297.0,MutNovel,"P247S,0.227"
X-5495,UACA,55075.0,MutNovel,"S419N,0.480"
X-5495,UAP1L1,91373.0,MutNovel,"V79L,0.400"
X-5495,UAP1L1,91373.0,MutKnownFunctional,"-287,0.431"
X-5495,UBA6,55236.0,MutNovel,"C231Y,0.430"
X-5495,UBE3A,7337.0,MutNovel,"R35H,0.524"
X-5495,UBTD1,80019.0,MutNovel,"R33W,0.545"
X-5495,UCK2,7371.0,MutNovel,"A217D,0.449"
X-5495,UFL1,23376.0,MutNovel,"T531M,0.398"
X-5495,UGGT2,55757.0,MutNovel,"P222L,0.403"
X-5495,UGT1A6,54578.0,MutNovel,"N114S,0.478"
X-5495,UGT2B17,7367.0,Del0.8,0.47
X-5495,UHRF1,29128.0,MutNovel,"RE640R,0.620"
X-5495,ULK1,8408.0,MutKnownFunctional,"-573,0.256"
X-5495,UNC45A,55898.0,MutNovel,"V560M,0.522"
X-5495,UNKL,64718.0,MutNovel,"A259T,0.667"
X-5495,UPF2,26019.0,MutKnownFunctional,"-293,0.265"
X-5495,UQCRC1,7384.0,MutNovel,"P141L,0.440"
X-5495,URB1,9875.0,MutNovel,"L1452I,0.345"
X-5495,USF2,7392.0,MutNovel,"E319K,0.472"
X-5495,USMG5,84833.0,MutNovel,"T52P,0.307"
X-5495,USP19,10869.0,MutNovel,"A648T,0.534"
X-5495,USP20,10868.0,MutKnownFunctional,"-408,0.472"
X-5495,USP22,23326.0,MutNovel,"E346K,0.508"
X-5495,USP31,57478.0,MutNovel,"V1107M,0.457"
X-5495,USP32,84669.0,MutKnownFunctional,"R902*,0.212"
X-5495,USP34,9736.0,MutNovel,"V836I,0.446"
X-5495,USP36,57602.0,MutNovel,"R967Q,0.503"
X-5495,USP4,7375.0,MutNovel,"E353D,0.467"
X-5495,USP42,84132.0,MutKnownFunctional,"-1234,0.405"
X-5495,USP6NL,9712.0,MutNovel,"G418S,0.407"
X-5495,UTP23,84294.0,MutKnownFunctional,"-225?,0.500"
X-5495,UTY,7404.0,MutNovel,"PP1010IS,0.333"
X-5495,UTY,7404.0,MutKnownFunctional,"PP1008Q*,0.286"
X-5495,UTY,7404.0,MutKnownFunctional,"LQ1006*K,0.429"
X-5495,UTY,7404.0,MutNovel,"S1005L,0.571"
X-5495,UTY,7404.0,MutNovel,"S1004G,0.429"
X-5495,UTY,7404.0,MutNovel,"CD1001EN,0.429"
X-5495,UTY,7404.0,MutNovel,"QW999HK,0.429"
X-5495,UTY,7404.0,MutNovel,"Q999K,0.500"
X-5495,UTY,7404.0,MutNovel,"G997H,0.500"
X-5495,UTY,7404.0,MutNovel,"A996S,0.400"
X-5495,UTY,7404.0,MutNovel,"CT1004YL,0.273"
X-5495,UTY,7404.0,MutNovel,"FC1003TS,0.308"
X-5495,UTY,7404.0,MutNovel,"HQ1001QT,0.308"
X-5495,UTY,7404.0,MutNovel,"L535C,0.562"
X-5495,UTY,7404.0,MutKnownFunctional,"L535*,0.600"
X-5495,UTY,7404.0,MutNovel,"L535R,0.600"
X-5495,UTY,7404.0,MutNovel,"LQ522WK,0.333"
X-5495,UTY,7404.0,MutKnownFunctional,"L522*,0.375"
X-5495,UTY,7404.0,MutNovel,"KL521TR,0.375"
X-5495,UTY,7404.0,MutKnownFunctional,"QK520H*,0.353"
X-5495,UTY,7404.0,MutNovel,"Q520H,0.474"
X-5495,UTY,7404.0,MutNovel,"Q520R,0.474"
X-5495,UTY,7404.0,MutNovel,"P519T,0.444"
X-5495,UTY,7404.0,MutNovel,"TP518IT,0.444"
X-5495,UTY,7404.0,MutNovel,"CL516WH,0.250"
X-5495,UTY,7404.0,MutNovel,"C516I,0.235"
X-5495,UTY,7404.0,MutNovel,"Y513F,0.222"
X-5495,UTY,7404.0,MutNovel,"QV511RL,0.438"
X-5495,UTY,7404.0,MutNovel,"Q510R,0.438"
X-5495,UTY,7404.0,MutNovel,"Q510R,0.467"
X-5495,UTY,7404.0,MutNovel,"Q510W,0.467"
X-5495,UTY,7404.0,MutNovel,"PV508FL,0.412"
X-5495,UTY,7404.0,MutNovel,"HH506QS,0.375"
X-5495,UTY,7404.0,MutKnownFunctional,"SH505*C,0.471"
X-5495,UTY,7404.0,MutNovel,"LS504RP,0.412"
X-5495,UTY,7404.0,MutNovel,"QS502PF,0.474"
X-5495,UTY,7404.0,MutNovel,"Q502K,0.429"
X-5495,UTY,7404.0,MutNovel,"G501K,0.550"
X-5495,UTY,7404.0,MutNovel,"N497Y,0.409"
X-5495,UTY,7404.0,MutNovel,"D496P,0.522"
X-5495,UTY,7404.0,MutNovel,"NG493WS,0.364"
X-5495,UTY,7404.0,MutNovel,"R390L,0.364"
X-5495,UTY,7404.0,MutNovel,"A389S,0.455"
X-5495,UTY,7404.0,MutNovel,"A389S,0.455"
X-5495,UTY,7404.0,MutNovel,"L387V,0.478"
X-5495,UTY,7404.0,MutNovel,"S385G,0.435"
X-5495,UTY,7404.0,MutNovel,"NT383TS,0.480"
X-5495,UTY,7404.0,MutNovel,"S382T,0.375"
X-5495,UTY,7404.0,MutNovel,"C381S,0.321"
X-5495,UTY,7404.0,MutNovel,"R380S,0.414"
X-5495,UTY,7404.0,MutKnownFunctional,"SK378T*,0.370"
X-5495,UTY,7404.0,MutNovel,"A376L,0.414"
X-5495,UTY,7404.0,MutNovel,"N374L,0.355"
X-5495,UTY,7404.0,MutNovel,"YL372SA,0.310"
X-5495,UTY,7404.0,MutNovel,"CY371YN,0.387"
X-5495,UTY,7404.0,MutNovel,"I369C,0.382"
X-5495,UTY,7404.0,MutNovel,"QD366GH,0.333"
X-5495,UTY,7404.0,MutNovel,"P365R,0.286"
X-5495,UTY,7404.0,MutKnownFunctional,"NQ363S*,0.276"
X-5495,UTY,7404.0,MutNovel,"C362N,0.290"
X-5495,UTY,7404.0,MutKnownFunctional,"YE359Y*,0.290"
X-5495,UTY,7404.0,MutNovel,"L358T,0.290"
X-5495,UTY,7404.0,MutNovel,"G356S,0.312"
X-5495,UTY,7404.0,MutKnownFunctional,"DL354G*,0.303"
X-5495,UTY,7404.0,MutNovel,"MD353RN,0.281"
X-5495,UTY,7404.0,MutNovel,"W352Q,0.333"
X-5495,UTY,7404.0,MutNovel,"HA348QN,0.269"
X-5495,UTY,7404.0,MutNovel,"IC339MS,0.250"
X-5495,UTY,7404.0,MutNovel,"QA336RK,0.294"
X-5495,UTY,7404.0,MutNovel,"Q336E,0.294"
X-5495,UTY,7404.0,MutNovel,"M332K,0.333"
X-5495,UTY,7404.0,MutKnownFunctional,"Q330*,0.333"
X-5495,UTY,7404.0,MutKnownFunctional,"Q328*,0.375"
X-5495,UTY,7404.0,MutKnownFunctional,"QQ327Q*,0.375"
X-5495,UTY,7404.0,MutKnownFunctional,"QQ327G*,0.375"
X-5495,UTY,7404.0,MutNovel,"Q326I,0.286"
X-5495,UTY,7404.0,MutNovel,"L324T,0.308"
X-5495,UTY,7404.0,MutNovel,"V323A,0.300"
X-5495,UTY,7404.0,MutNovel,"G322D,0.400"
X-5495,UTY,7404.0,MutNovel,"IG321SN,0.400"
X-5495,UTY,7404.0,MutNovel,"EA312VI,0.500"
X-5495,UTY,7404.0,MutNovel,"SE311KK,0.625"
X-5495,UTY,7404.0,MutNovel,"K310W,0.625"
X-5495,UTY,7404.0,MutNovel,"K310W,0.625"
X-5495,UTY,7404.0,MutNovel,"D309G,0.714"
X-5495,UTY,7404.0,MutNovel,"QS306LT,0.714"
X-5495,UTY,7404.0,MutKnownFunctional,"SY303*D,0.500"
X-5495,UTY,7404.0,MutKnownFunctional,"R289*,0.692"
X-5495,UTY,7404.0,MutNovel,"L287I,0.667"
X-5495,UTY,7404.0,MutNovel,"FL286LI,0.667"
X-5495,UTY,7404.0,MutNovel,"Y285T,0.300"
X-5495,UTY,7404.0,MutNovel,"Y285N,0.636"
X-5495,UTY,7404.0,MutNovel,"WY284SN,0.636"
X-5495,UTY,7404.0,MutNovel,"S283F,0.500"
X-5495,UTY,7404.0,MutNovel,"Q282A,0.444"
X-5495,UTY,7404.0,MutNovel,"NS279KL,0.500"
X-5495,UTY,7404.0,MutNovel,"N279S,0.357"
X-5495,UTY,7404.0,MutNovel,"DP277EA,0.400"
X-5495,UTY,7404.0,MutKnownFunctional,"EA275A*,0.400"
X-5495,UTY,7404.0,MutNovel,"LE274RQ,0.400"
X-5495,UTY,7404.0,MutNovel,"S273R,0.455"
X-5495,UTY,7404.0,MutNovel,"QK271HE,0.333"
X-5495,UTY,7404.0,MutKnownFunctional,"YL269*A,0.385"
X-5495,UTY,7404.0,MutNovel,"Y269F,0.429"
X-5495,UTY,7404.0,MutNovel,"Y269I,0.429"
X-5495,UTY,7404.0,MutNovel,"I267T,0.385"
X-5495,UTY,7404.0,MutNovel,"KE262SS,0.333"
X-5495,UTY,7404.0,MutNovel,"K262E,0.286"
X-5495,UTY,7404.0,MutNovel,"KA259VS,0.267"
X-5495,UTY,7404.0,MutNovel,"D258P,0.214"
X-5495,UTY,7404.0,MutNovel,"L229K,0.250"
X-5495,UTY,7404.0,MutKnownFunctional,"YK180Y*,0.214"
X-5495,UTY,7404.0,MutNovel,"TD178NI,0.250"
X-5495,UTY,7404.0,MutNovel,"KV175FL,0.214"
X-5495,UTY,7404.0,MutNovel,"H167C,0.231"
X-5495,UTY,7404.0,MutNovel,"E165F,0.267"
X-5495,UTY,7404.0,MutNovel,"K164V,0.250"
X-5495,UTY,7404.0,MutNovel,"AK163VV,0.250"
X-5495,UTY,7404.0,MutNovel,"A163P,0.357"
X-5495,UTY,7404.0,MutNovel,"RA162HP,0.357"
X-5495,UTY,7404.0,MutNovel,"C161A,0.250"
X-5495,UTY,7404.0,MutNovel,"F160L,0.308"
X-5495,UTY,7404.0,MutNovel,"SF159IL,0.308"
X-5495,UTY,7404.0,MutKnownFunctional,"YV155*T,0.308"
X-5495,UTY,7404.0,MutNovel,"L154P,0.333"
X-5495,UTY,7404.0,MutNovel,"Q151H,0.500"
X-5495,UTY,7404.0,MutNovel,"Q151K,0.357"
X-5495,UTY,7404.0,MutNovel,"Q151K,0.357"
X-5495,UTY,7404.0,MutNovel,"F150S,0.231"
X-5495,UTY,7404.0,MutNovel,"F150T,0.231"
X-5495,UTY,7404.0,MutNovel,"F150I,0.500"
X-5495,UTY,7404.0,MutNovel,"A149S,0.455"
X-5495,UTY,7404.0,MutNovel,"W145R,0.636"
X-5495,UTY,7404.0,MutNovel,"YN140SH,0.833"
X-5495,UTY,7404.0,MutNovel,"FY138LL,0.818"
X-5495,UTY,7404.0,MutNovel,"F138S,0.667"
X-5495,UTY,7404.0,MutNovel,"F138T,0.667"
X-5495,UTY,7404.0,MutKnownFunctional,"YF137*I,0.250"
X-5495,UTY,7404.0,MutNovel,"L135P,0.875"
X-5495,UTY,7404.0,MutNovel,"G134C,0.750"
X-5495,UTY,7404.0,MutKnownFunctional,"YG131*L,0.875"
X-5495,UTY,7404.0,MutNovel,"L130S,0.857"
X-5495,UTY,7404.0,MutNovel,"AF128GG,0.857"
X-5495,UTY,7404.0,MutNovel,"AA127KT,0.900"
X-5495,UTY,7404.0,MutNovel,"N126R,0.857"
X-5495,UTY,7404.0,MutKnownFunctional,"YW123*R,0.833"
X-5495,UTY,7404.0,MutNovel,"D122L,0.800"
X-5495,UTY,7404.0,MutNovel,"QA120LN,0.818"
X-5495,UTY,7404.0,MutKnownFunctional,"LQ119F*,0.778"
X-5495,UTY,7404.0,MutNovel,"YS117LR,0.750"
X-5495,UTY,7404.0,MutKnownFunctional,"Y116*,0.700"
X-5495,UTY,7404.0,MutNovel,"Y116L,0.700"
X-5495,UTY,7404.0,MutNovel,"QR114RS,0.556"
X-5495,UTY,7404.0,MutKnownFunctional,"YQ113G*,0.500"
X-5495,UTY,7404.0,MutNovel,"SA111WQ,0.500"
X-5495,UTY,7404.0,MutNovel,"LS110TT,0.500"
X-5495,UTY,7404.0,MutNovel,"F54C,0.211"
X-5495,UTY,7404.0,MutNovel,"T39C,0.211"
X-5495,VAV3,10451.0,MutNovel,"S783N,0.875"
X-5495,VEZF1,7716.0,MutNovel,"T387A,0.471"
X-5495,VEZT,55591.0,MutKnownFunctional,"-71,0.450"
X-5495,VPS37B,79720.0,MutKnownFunctional,"-210,0.516"
X-5495,VPS4A,27183.0,MutNovel,"R161Q,0.466"
X-5495,VPS8,23355.0,MutNovel,"R548Q,0.609"
X-5495,VTI1A,143187.0,MutNovel,"L104P,0.500"
X-5495,WBP1,23559.0,MutKnownFunctional,"-138?,0.453"
X-5495,WBP1,23559.0,MutKnownFunctional,"-184,0.416"
X-5495,WBP1L,,MutNovel,"A222D,0.570"
X-5495,WDHD1,11169.0,MutNovel,"F1115S,0.379"
X-5495,WDR25,79446.0,MutNovel,"R465Q,0.291"
X-5495,WDR33,55339.0,MutNovel,"P15T,0.531"
X-5495,WDR35,57539.0,MutNovel,"Y937C,0.286"
X-5495,WDR4,10785.0,MutNovel,"V332M,0.500"
X-5495,WDR55,54853.0,MutKnownFunctional,"-339,0.458"
X-5495,WDR59,79726.0,MutNovel,"P343L,0.510"
X-5495,WDR60,55112.0,MutNovel,"T546M,0.443"
X-5495,WDR85,92715.0,MutNovel,"R251W,0.489"
X-5495,WDR90,197335.0,MutNovel,"S1004I,0.446"
X-5495,WDR91,29062.0,MutNovel,"R476H,0.623"
X-5495,WHSC1L1,54904.0,MutNovel,"G1213S,0.571"
X-5495,WIBG,84305.0,MutNovel,"A192V,0.474"
X-5495,WIPF3,644150.0,MutNovel,"S478P,0.766"
X-5495,WIPI2,26100.0,MutNovel,"T150M,0.522"
X-5495,WLS,79971.0,MutKnownFunctional,"-1?,0.494"
X-5495,WNK1,65125.0,MutNovel,"G2599R,0.482"
X-5495,WNK2,65268.0,MutNovel,"T1208M,0.574"
X-5495,WNK2,65268.0,MutNovel,"R1790Q,0.523"
X-5495,WNK2,65268.0,MutNovel,"K2215E,0.468"
X-5495,WNK4,65266.0,MutKnownFunctional,"-606,1.000"
X-5495,WNK4,65266.0,MutKnownFunctional,"-608,0.855"
X-5495,WWP1,11059.0,MutNovel,"A130T,0.538"
X-5495,XDH,7498.0,MutNovel,"T1011L,0.440"
X-5495,XDH,7498.0,MutNovel,"I892M,0.530"
X-5495,XPA,7507.0,MutNovel,"A54V,0.562"
X-5495,XPO4,64328.0,MutKnownFunctional,"-995?,0.423"
X-5495,XPO4,64328.0,MutNovel,"R384Q,0.500"
X-5495,XPOT,11260.0,MutKnownFunctional,"-124,0.472"
X-5495,XPOT,11260.0,MutNovel,"S365L,0.612"
X-5495,YBX2,51087.0,MutNovel,"P80Q,0.538"
X-5495,YES1,7525.0,MutNovel,"R199H,0.496"
X-5495,YPEL3,83719.0,MutNovel,"A66T,0.593"
X-5495,ZAR1,326340.0,MutNovel,"R235W,0.667"
X-5495,ZBED4,9889.0,MutKnownFunctional,"-20,0.540"
X-5495,ZBTB1,22890.0,MutKnownFunctional,"-380,0.482"
X-5495,ZBTB1,22890.0,MutKnownFunctional,"-522,0.508"
X-5495,ZBTB3,79842.0,MutKnownFunctional,"-42,0.714"
X-5495,ZBTB34,403341.0,MutNovel,"A325S,0.733"
X-5495,ZBTB37,84614.0,MutNovel,"R44W,1.000"
X-5495,ZBTB38,253461.0,MutKnownFunctional,"-147,0.403"
X-5495,ZBTB5,9925.0,MutKnownFunctional,"-129,0.500"
X-5495,ZBTB7B,51043.0,MutNovel,"ND420N,0.500"
X-5495,ZBTB8A,653121.0,MutNovel,"R361H,0.521"
X-5495,ZC3H11A,9877.0,MutNovel,"G92D,0.508"
X-5495,ZC3H12A,80149.0,MutNovel,"R338H,0.512"
X-5495,ZC3H12C,85463.0,MutNovel,"S523N,0.588"
X-5495,ZC3H13,23091.0,MutNovel,"R749W,0.745"
X-5495,ZC3H13,23091.0,MutKnownFunctional,"-693,0.250"
X-5495,ZC3H14,79882.0,MutNovel,"P335H,0.530"
X-5495,ZC3H4,23211.0,MutKnownFunctional,"-1158,0.632"
X-5495,ZC3H6,376940.0,MutKnownFunctional,"-966,0.476"
X-5495,ZCCHC7,84186.0,MutKnownFunctional,"-539,0.450"
X-5495,ZCCHC9,84240.0,MutNovel,"V238I,0.569"
X-5495,ZDBF2,57683.0,MutNovel,"R2138C,0.571"
X-5495,ZDHHC11,79844.0,MutNovel,"A303D,0.759"
X-5495,ZDHHC11,79844.0,MutNovel,"V193I,0.457"
X-5495,ZDHHC13,54503.0,MutNovel,"A36V,0.692"
X-5495,ZFP36L2,678.0,MutKnownFunctional,"-406,0.407"
X-5495,ZFP64,55734.0,MutNovel,"R229Q,0.547"
X-5495,ZFX,7543.0,MutKnownFunctional,"-687,0.579"
X-5495,ZFYVE1,53349.0,MutNovel,"R536W,0.525"
X-5495,ZFYVE16,9765.0,MutKnownFunctional,"-147,0.400"
X-5495,ZFYVE19,84936.0,MutKnownFunctional,"S105*,0.441"
X-5495,ZFYVE26,23503.0,MutNovel,"R2483H,0.313"
X-5495,ZHX3,23051.0,MutKnownFunctional,"-199,0.450"
X-5495,ZMYM3,9203.0,MutKnownFunctional,"-84,1.000"
X-5495,ZMYM4,9202.0,MutNovel,"R1528M,0.562"
X-5495,ZNF124,7678.0,MutKnownFunctional,"-277,0.500"
X-5495,ZNF205,7755.0,MutNovel,"R516H,0.505"
X-5495,ZNF213,7760.0,MutNovel,"G99E,0.568"
X-5495,ZNF223,7766.0,MutKnownFunctional,"-447,0.724"
X-5495,ZNF227,7770.0,MutNovel,"R455Q,0.264"
X-5495,ZNF236,7776.0,MutNovel,"R1684L,0.500"
X-5495,ZNF238,10472.0,MutNovel,"V418M,0.537"
X-5495,ZNF259,8882.0,MutNovel,"D406E,0.519"
X-5495,ZNF263,10127.0,MutNovel,"R325Q,0.472"
X-5495,ZNF286A,57335.0,MutNovel,"A51V,0.400"
X-5495,ZNF292,23036.0,MutNovel,"S1338P,0.456"
X-5495,ZNF311,282890.0,MutNovel,"R487M,0.412"
X-5495,ZNF324B,388569.0,MutNovel,"G431C,0.500"
X-5495,ZNF326,284695.0,MutNovel,"G39D,0.600"
X-5495,ZNF33A,7581.0,MutKnownFunctional,"-727?,0.598"
X-5495,ZNF341,84905.0,MutKnownFunctional,"-158,0.485"
X-5495,ZNF341,84905.0,MutKnownFunctional,"-205,0.522"
X-5495,ZNF41,7592.0,MutNovel,"R651H,1.000"
X-5495,ZNF417,147687.0,MutNovel,"Y329C,0.294"
X-5495,ZNF439,90594.0,MutNovel,"C272Y,0.667"
X-5495,ZNF439,90594.0,MutNovel,"K361R,0.500"
X-5495,ZNF439,90594.0,MutNovel,"R371T,0.583"
X-5495,ZNF445,353274.0,MutNovel,"L258M,0.583"
X-5495,ZNF446,55663.0,MutNovel,"W212R,0.520"
X-5495,ZNF446,55663.0,MutNovel,"G364W,0.386"
X-5495,ZNF48,197407.0,MutNovel,"R323Q,0.464"
X-5495,ZNF497,162968.0,MutNovel,"S368T,0.583"
X-5495,ZNF502,91392.0,MutNovel,"R117H,0.517"
X-5495,ZNF516,9658.0,MutNovel,"R541H,1.000"
X-5495,ZNF517,340385.0,MutKnownFunctional,"-128?,0.480"
X-5495,ZNF518A,9849.0,MutKnownFunctional,"-926,1.000"
X-5495,ZNF518A,9849.0,MutKnownFunctional,"-1105,0.430"
X-5495,ZNF585B,92285.0,MutNovel,"R318C,0.538"
X-5495,ZNF598,90850.0,MutNovel,"R183H,0.484"
X-5495,ZNF600,162966.0,MutNovel,"T340R,0.435"
X-5495,ZNF600,162966.0,MutNovel,"Q125H,0.578"
X-5495,ZNF628,89887.0,MutKnownFunctional,"-769,0.625"
X-5495,ZNF628,89887.0,MutNovel,"V951I,0.532"
X-5495,ZNF641,121274.0,MutNovel,"R281M,0.727"
X-5495,ZNF644,84146.0,MutKnownFunctional,"-537,0.400"
X-5495,ZNF646,9726.0,MutNovel,"R1278W,0.343"
X-5495,ZNF652,22834.0,MutKnownFunctional,"-298,0.417"
X-5495,ZNF692,55657.0,MutKnownFunctional,"-246,0.492"
X-5495,ZNF703,80139.0,MutKnownFunctional,"-520,0.524"
X-5495,ZNF717,100131827.0,MutNovel,"R726W,1.000"
X-5495,ZNF721,170960.0,MutNovel,"A537T,0.212"
X-5495,ZNF721,170960.0,MutNovel,"V533E,0.222"
X-5495,ZNF74,7625.0,MutNovel,"R372C,0.407"
X-5495,ZNF746,155061.0,MutNovel,"G495D,0.643"
X-5495,ZNF827,152485.0,MutNovel,"C850F,0.605"
X-5495,ZNF837,116412.0,MutNovel,"A323T,0.583"
X-5495,ZNF839,55778.0,MutKnownFunctional,"-512,0.370"
X-5495,ZSCAN20,7579.0,MutNovel,"A839D,1.000"
X-5495,ZSWIM5,57643.0,MutNovel,"P735H,0.652"
X-5495,ZZEF1,23140.0,MutNovel,"R2817G,0.441"
X-5563,ABCA1,19.0,MutNovel,"R230C,1.000"
X-5563,ACR,49.0,MutNovel,"G217E,1.000"
X-5563,AIM2,9447.0,MutNovel,"T343P,0.275"
X-5563,AKR1C1,1645.0,MutNovel,"E77G,0.304"
X-5563,ALDH1L1,10840.0,MutNovel,"R426C,0.255"
X-5563,ALDH3A2,224.0,MutNovel,"I45F,0.456"
X-5563,ALDH7A1,501.0,MutNovel,"A8T,1.000"
X-5563,AMDHD2,51005.0,MutNovel,"T357M,0.398"
X-5563,AMELY,266.0,Del0.8,0.33
X-5563,ANKRD11,29123.0,MutNovel,"R1195K,0.542"
X-5563,ANKRD36,375248.0,MutNovel,"T998S,0.211"
X-5563,APC,324.0,MutKnownFunctional,"E1322*,0.786"
X-5563,APC,324.0,MutKnownFunctional,"E1379*,0.273"
X-5563,ARV1,64801.0,MutKnownFunctional,"-170?,0.299"
X-5563,ATP13A3,79572.0,MutNovel,"G1024S,0.447"
X-5563,ATP2A3,489.0,MutNovel,"A884V,0.465"
X-5563,AXIN2,8313.0,MutKnownFunctional,"E29*,0.209"
X-5563,B4GALT3,8703.0,MutNovel,"R329Q,0.565"
X-5563,BCORP1,286554.0,Del0.8,0.32
X-5563,BCR,613.0,MutNovel,"K1041N,0.492"
X-5563,BPY2B,442867.0,Del0.8,0.19
X-5563,BPY2B,442867.0,Del0.8,0.11
X-5563,BRIP1,83990.0,MutNovel,"A1159T,0.438"
X-5563,BSCL2,26580.0,MutNovel,"N293K,0.547"
X-5563,C10orf47,254427.0,MutNovel,"P323R,0.632"
X-5563,C12orf4,57102.0,MutNovel,"V30L,0.392"
X-5563,C15orf40,123207.0,MutNovel,"I128V,1.000"
X-5563,C1RL,51279.0,MutNovel,"D444E,0.299"
X-5563,C1orf86,199990.0,MutNovel,"T58K,0.667"
X-5563,C4BPB,725.0,MutKnownFunctional,"-200,0.205"
X-5563,CA9,768.0,MutNovel,"GEEDLP79-,1.000"
X-5563,CA9,768.0,MutNovel,"G79R,0.377"
X-5563,CA9,768.0,MutNovel,"L83P,0.770"
X-5563,CDC42EP1,11135.0,MutNovel,"PAPAANPS253P,1.000"
X-5563,CDY1B,253175.0,Del0.8,0.32
X-5563,CDY1B,253175.0,Del0.8,0.19
X-5563,CDY2A,9426.0,Del0.8,0.32
X-5563,CDY2A,9426.0,Del0.8,0.32
X-5563,CDY2B,203611.0,Del0.8,0.32
X-5563,CDY2B,203611.0,Del0.8,0.32
X-5563,CEACAM3,1084.0,MutNovel,"I117T,1.000"
X-5563,CEACAM3,1084.0,MutNovel,"Q123H,0.778"
X-5563,CEACAM6,4680.0,MutNovel,"Q123H,0.241"
X-5563,CEACAM8,1088.0,MutNovel,"T171A,1.000"
X-5563,CFTR,1080.0,MutNovel,"IF507I,0.504"
X-5563,CHD4,1108.0,MutNovel,"P685S,0.284"
X-5563,CIC,23152.0,MutNovel,"R428P,0.490"
X-5563,CKMT1A,548596.0,MutNovel,"N254M,0.333"
X-5563,CNOT1,23019.0,MutNovel,"G735C,0.368"
X-5563,CPOX,1371.0,MutNovel,"G71C,0.585"
X-5563,CRIPAK,285464.0,MutNovel,"P173R,0.500"
X-5563,CSPG4P1Y,114758.0,Del0.8,0.4
X-5563,CSPG4P1Y,114758.0,Del0.8,0.32
X-5563,CTSA,5476.0,MutNovel,"L29-,1.000"
X-5563,DAXX,1616.0,MutNovel,"P296S,0.510"
X-5563,DAZ1,1617.0,Del0.8,0.32
X-5563,DAZ2,57055.0,Del0.8,0.21
X-5563,DAZ3,57054.0,Del0.8,0.11
X-5563,DAZ3,57054.0,Del0.8,0.19
X-5563,DAZ4,57135.0,Del0.8,0.15
X-5563,DAZ4,57135.0,Del0.8,0.22
X-5563,DCP1B,196513.0,MutNovel,"L165F,0.349"
X-5563,DDX3Y,8653.0,Del0.8,0.32
X-5563,DENND4B,9909.0,MutNovel,"QQQ908-,0.800"
X-5563,DMBT1,1755.0,MutNovel,"V2396I,0.552"
X-5563,DMWD,1762.0,MutNovel,"G535R,0.500"
X-5563,DNAJB7,150353.0,MutKnownFunctional,"-55?,0.765"
X-5563,ECI1,1632.0,MutNovel,"G107S,0.538"
X-5563,EIF1AY,9086.0,Del0.8,0.32
X-5563,ELF3,1999.0,MutKnownFunctional,"-142?,0.508"
X-5563,ELF3,1999.0,MutKnownFunctional,"-177?,0.368"
X-5563,EMP2,2013.0,MutNovel,"E33A,0.450"
X-5563,EPS8L2,64787.0,MutNovel,"R305Q,0.414"
X-5563,EPSTI1,94240.0,MutNovel,"R226G,0.848"
X-5563,FAM160B2,64760.0,MutNovel,"G145A,0.600"
X-5563,FAM189A1,23359.0,MutNovel,"G426E,0.455"
X-5563,FAM197Y2P,252946.0,Del0.8,0.33
X-5563,FAM41AY1,340618.0,Del0.8,0.32
X-5563,FAM41AY1,340618.0,Del0.8,0.32
X-5563,FAM46A,55603.0,MutNovel,"E80Q,0.530"
X-5563,FAM83H,286077.0,MutNovel,"T718M,0.556"
X-5563,FANCM,57697.0,MutKnownFunctional,"-1333?,0.474"
X-5563,FBF1,85302.0,MutNovel,"R645W,0.714"
X-5563,FBXL13,222235.0,MutNovel,"K127R,0.600"
X-5563,FBXO2,26232.0,MutNovel,"D34N,1.000"
X-5563,FCAMR,83953.0,MutNovel,"V382A,0.769"
X-5563,FCGBP,8857.0,MutNovel,"V4469I,0.375"
X-5563,FCGBP,8857.0,MutNovel,"G3305R,0.435"
X-5563,FCGBP,8857.0,MutNovel,"V3268I,0.692"
X-5563,FCHSD1,89848.0,MutKnownFunctional,"-445,0.522"
X-5563,FLNA,2316.0,MutNovel,"R1725C,1.000"
X-5563,FLNC,2318.0,MutNovel,"A1792V,0.375"
X-5563,FLVCR1,28982.0,MutNovel,"N133T,0.382"
X-5563,FUT5,2527.0,MutNovel,"R340Q,1.000"
X-5563,FUT5,2527.0,MutNovel,"A118M,1.000"
X-5563,GALNT12,79695.0,MutNovel,"G46R,1.000"
X-5563,GFOD1,54438.0,MutNovel,"G85S,0.667"
X-5563,GIGYF2,26058.0,MutNovel,"PQ1231P,0.269"
X-5563,GK,2710.0,MutNovel,"E34K,1.000"
X-5563,GOLGA2P2Y,84559.0,Del0.8,0.32
X-5563,GOLGA2P2Y,84559.0,Del0.8,0.4
X-5563,GPRIN2,9721.0,MutNovel,"-238MRE,0.917"
X-5563,GPT,2875.0,MutNovel,"D135N,0.526"
X-5563,GTPBP2,54676.0,MutNovel,"R488C,0.525"
X-5563,GYG2P1,352887.0,Del0.8,0.32
X-5563,HACL1,26061.0,MutNovel,"G526E,0.575"
X-5563,HAS2,3037.0,MutKnownFunctional,"R69*,0.462"
X-5563,HCFC2,29915.0,MutKnownFunctional,"-307?,0.375"
X-5563,HDGFRP2,84717.0,MutNovel,"E625K,0.478"
X-5563,HEPACAM2,253012.0,MutNovel,"R298H,0.580"
X-5563,HERC2,8924.0,MutNovel,"R4305H,0.488"
X-5563,HLA-G,3135.0,MutNovel,"M49V,1.000"
X-5563,HOXB4,3214.0,MutNovel,"P131L,0.417"
X-5563,HS6ST1,9394.0,MutKnownFunctional,"R185*,0.500"
X-5563,HSFY2,159119.0,Del0.8,0.32
X-5563,HSFY2,159119.0,Del0.8,0.32
X-5563,HSPA8,3312.0,MutNovel,"K507R,0.510"
X-5563,HUWE1,10075.0,MutNovel,"P1723T,1.000"
X-5563,IL13RA1,3597.0,MutNovel,"C173Y,1.000"
X-5563,ING5,84289.0,MutNovel,"V93L,0.511"
X-5563,INPP5J,27124.0,MutNovel,"C160W,0.583"
X-5563,JAK1,3716.0,MutNovel,"V1064I,0.296"
X-5563,KDELC1,79070.0,MutNovel,"L164M,0.438"
X-5563,KDM5D,8284.0,Del0.8,0.32
X-5563,KNTC1,9735.0,MutNovel,"R2020H,0.308"
X-5563,KRAS,3845.0,MutKnownFunctional,"G12D,0.703"
X-5563,KRT5,3852.0,MutNovel,"N412D,0.429"
X-5563,LAMP1,3916.0,MutNovel,"S335C,0.478"
X-5563,LGALS9C,654346.0,Del0.8,0.62
X-5563,LIG4,3981.0,MutNovel,"V818I,0.333"
X-5563,LIN37,55957.0,MutNovel,"S202E,0.305"
X-5563,LOC100132287,100132287.0,Amp5,5.21
X-5563,LOC100133331,100133331.0,Amp5,5.21
X-5563,LOC100996481,,MutNovel,"L286P,1.000"
X-5563,LSR,51599.0,MutNovel,"G518GR,0.518"
X-5563,LTBP1,4052.0,MutNovel,"M1497V,0.471"
X-5563,LTK,4058.0,MutNovel,"T584N,0.250"
X-5563,MAD1L1,8379.0,MutNovel,"R59C,0.500"
X-5563,MAGEF1,64110.0,MutNovel,"K94T,0.480"
X-5563,MAP3K4,4216.0,MutNovel,"PA1189P,1.000"
X-5563,MAST3,23031.0,MutNovel,"D123Y,1.000"
X-5563,MBOAT2,129642.0,MutKnownFunctional,"Q507*,0.500"
X-5563,MED1,5469.0,MutNovel,"Q519H,0.520"
X-5563,MED15,51586.0,MutNovel,"-251Q,0.400"
X-5563,MEX3D,399664.0,MutNovel,"G509R,0.722"
X-5563,MFN1,55669.0,MutNovel,"Y40C,0.603"
X-5563,MPRIP,23164.0,MutNovel,"TSS178T,0.444"
X-5563,MST1,4485.0,MutNovel,"R513G,0.211"
X-5563,MT1E,4493.0,MutNovel,"V49I,1.000"
X-5563,MT1E,4493.0,MutNovel,"C57S,0.750"
X-5563,MTMR4,9110.0,MutNovel,"D1010G,0.544"
X-5563,MUC12,10071.0,MutNovel,"T312I,0.667"
X-5563,MUC12,10071.0,MutNovel,"L324F,1.000"
X-5563,MUC12,10071.0,MutNovel,"S330L,1.000"
X-5563,MUC12,10071.0,MutNovel,"T340P,1.000"
X-5563,MUC12,10071.0,MutNovel,"T2103A,0.750"
X-5563,MUC12,10071.0,MutNovel,"A2871T,0.400"
X-5563,MUC12,10071.0,MutNovel,"E4601G,1.000"
X-5563,MUC12,10071.0,MutNovel,"T4603M,1.000"
X-5563,NBEAL2,23218.0,MutNovel,"A2728V,0.531"
X-5563,NBPF12,,MutNovel,"L3013V,0.923"
X-5563,NCKAP5L,57701.0,MutNovel,"G723A,0.500"
X-5563,NCOA2,10499.0,MutNovel,"L766F,0.520"
X-5563,NCOR2,9612.0,MutNovel,"G1839GAAA,0.979"
X-5563,NCOR2,9612.0,MutNovel,"-511S,0.824"
X-5563,NCRNA00185,55410.0,Del0.8,0.32
X-5563,NFASC,23114.0,MutNovel,"A503T,0.515"
X-5563,NKTR,4820.0,MutNovel,"E1174D,0.616"
X-5563,NLGN4Y,22829.0,Del0.8,0.32
X-5563,NOC2L,26155.0,MutNovel,"V279L,1.000"
X-5563,NR1H2,7376.0,MutNovel,"-173Q,1.000"
X-5563,OR4F29,729759.0,Amp5,5.21
X-5563,ORAI1,84876.0,MutNovel,"PP43-,1.000"
X-5563,OTUD4,54726.0,MutNovel,"K486E,0.436"
X-5563,PCDH11Y,83259.0,Del0.8,0.54
X-5563,PCDHB10,56126.0,MutNovel,"R536L,0.353"
X-5563,PCDHB2,56133.0,MutNovel,"N420NIT,1.000"
X-5563,PCDHB7,56129.0,MutNovel,"L426F,1.000"
X-5563,PCDHGB2,56103.0,MutNovel,"R12P,1.000"
X-5563,PCIF1,63935.0,MutNovel,"S8R,1.000"
X-5563,PCNXL2,80003.0,MutKnownFunctional,"E1554*,0.400"
X-5563,PCSK9,255738.0,MutNovel,"-15L,0.208"
X-5563,PDE8A,5151.0,MutNovel,"R368C,0.519"
X-5563,PFAS,5198.0,MutNovel,"T307A,0.533"
X-5563,PHLDA1,22822.0,MutNovel,"QQ194Q,1.000"
X-5563,PIK3CA,5290.0,MutLikelyFunctional,"R88Q,0.559"
X-5563,PIK3CA,5290.0,MutKnownFunctional,"E542K,0.597"
X-5563,PIKFYVE,200576.0,MutNovel,"S1713T,0.429"
X-5563,PLEC,5339.0,MutNovel,"R2121C,0.562"
X-5563,PLEKHG4,25894.0,MutNovel,"R530H,0.621"
X-5563,PMEPA1,56937.0,MutNovel,"C24S,1.000"
X-5563,PNPLA6,10908.0,MutNovel,"R194Q,0.385"
X-5563,PPP1R2,5504.0,MutNovel,"S192F,0.488"
X-5563,PPP1R37,284352.0,MutNovel,"D425N,0.569"
X-5563,PRKY,5616.0,Del0.8,0.33
X-5563,PRRC2A,7916.0,MutNovel,"R1169C,0.444"
X-5563,PRSS1,5644.0,MutNovel,"L14V,0.900"
X-5563,PRSS1,5644.0,MutNovel,"N29I,0.800"
X-5563,PRSS1,5644.0,MutNovel,"Q98K,0.571"
X-5563,PRSS1,5644.0,MutNovel,"S181N,0.875"
X-5563,PRY,9081.0,Del0.8,0.32
X-5563,PRY,9081.0,Del0.8,0.32
X-5563,PRY2,442862.0,Del0.8,0.32
X-5563,PRY2,442862.0,Del0.8,0.32
X-5563,PTCHD4,,MutNovel,"G303A,0.250"
X-5563,PTPRJ,5795.0,MutNovel,"C35Y,0.528"
X-5563,PVRL3,25945.0,MutNovel,"I182V,0.673"
X-5563,RBMY1A3P,286557.0,Del0.8,0.33
X-5563,RBMY1B,378948.0,Del0.8,0.32
X-5563,RBMY1B,378948.0,Del0.8,0.32
X-5563,RBMY1E,378950.0,Del0.8,0.32
X-5563,RBMY1E,378950.0,Del0.8,0.32
X-5563,RBMY1F,159163.0,Del0.8,0.32
X-5563,RBMY1F,159163.0,Del0.8,0.32
X-5563,RBMY1J,378951.0,Del0.8,0.32
X-5563,RBMY1J,378951.0,Del0.8,0.32
X-5563,RBMY2EP,159125.0,Del0.8,0.32
X-5563,RBMY2FP,159162.0,Del0.8,0.32
X-5563,RBMY3AP,64593.0,Del0.8,0.32
X-5563,RIN3,79890.0,MutNovel,"G967-,0.227"
X-5563,RNASEL,6041.0,MutNovel,"I358F,0.526"
X-5563,RPGRIP1L,23322.0,MutNovel,"A168V,0.292"
X-5563,RPS4Y1,6192.0,Del0.8,0.54
X-5563,RPS4Y2,140032.0,Del0.8,0.32
X-5563,RYR2,6262.0,MutNovel,"Y4705H,0.348"
X-5563,SDCCAG8,10806.0,MutNovel,"L315S,0.393"
X-5563,SERINC2,347735.0,MutNovel,"-373Q,1.000"
X-5563,SF3A2,8175.0,MutNovel,"P162L,0.536"
X-5563,SHH,6469.0,MutNovel,"P454L,0.579"
X-5563,SIPA1L2,57568.0,MutNovel,"I852T,0.500"
X-5563,SLC15A2,6565.0,MutNovel,"R301K,0.500"
X-5563,SLC28A2,9153.0,MutKnownFunctional,"-129?,0.421"
X-5563,SLCO1B1,10599.0,MutNovel,"S231A,0.333"
X-5563,SLCO1B1,10599.0,MutNovel,"M233I,0.375"
X-5563,SLK,9748.0,MutNovel,"R1143H,0.508"
X-5563,SMAD4,4089.0,MutNovel,"P91R,0.464"
X-5563,SMAD5,4090.0,MutKnownFunctional,"-438?,1.000"
X-5563,SNTA1,6640.0,MutNovel,"P74L,1.000"
X-5563,SPRR2B,6701.0,MutNovel,"P38S,1.000"
X-5563,SRGAP1,57522.0,MutNovel,"H640Y,0.600"
X-5563,SRY,6736.0,Del0.8,0.54
X-5563,STAT3,6774.0,MutNovel,"V338I,0.534"
X-5563,SUV420H1,51111.0,MutNovel,"E589Q,0.485"
X-5563,SYNPO,11346.0,MutNovel,"V628M,0.843"
X-5563,TBL1Y,90665.0,Del0.8,0.33
X-5563,TBP,6908.0,MutNovel,"-64Q,0.969"
X-5563,TGIF2LY,90655.0,Del0.8,0.54
X-5563,TINAGL1,64129.0,MutNovel,"T384M,0.415"
X-5563,TMBIM4,51643.0,MutKnownFunctional,"-174?,0.963"
X-5563,TMEM184A,202915.0,MutNovel,"G392GA,0.468"
X-5563,TMEM43,79188.0,MutNovel,"D270G,0.522"
X-5563,TMEM87B,84910.0,MutNovel,"V8L,0.459"
X-5563,TMEM8B,51754.0,MutNovel,"C384F,0.600"
X-5563,TMPRSS2,7113.0,MutNovel,"G8R,0.462"
X-5563,TMSB4Y,9087.0,Del0.8,0.32
X-5563,TNC,3371.0,MutKnownFunctional,"R900*,1.000"
X-5563,TOMM20L,387990.0,MutNovel,"T59R,0.667"
X-5563,TSC2,7249.0,MutNovel,"D1406N,0.523"
X-5563,TSPY1,7258.0,Del0.8,0.33
X-5563,TSPY2,64591.0,Del0.8,0.33
X-5563,TSPY3,728137.0,Del0.8,0.2
X-5563,TSPY4,728395.0,Del0.8,0.23
X-5563,TSPY8,728403.0,Del0.8,0.33
X-5563,TSPYL1,7259.0,MutNovel,"V176VW,0.489"
X-5563,TTC17,55761.0,MutNovel,"V5E,0.412"
X-5563,TTC17,55761.0,MutNovel,"D209N,0.329"
X-5563,TTC37,9652.0,MutNovel,"D694H,0.846"
X-5563,TTTY10,246119.0,Del0.8,0.32
X-5563,TTTY11,83866.0,Del0.8,0.33
X-5563,TTTY12,83867.0,Del0.8,0.33
X-5563,TTTY13,83868.0,Del0.8,0.32
X-5563,TTTY14,83869.0,Del0.8,0.32
X-5563,TTTY15,64595.0,Del0.8,0.32
X-5563,TTTY16,252948.0,Del0.8,0.33
X-5563,TTTY17A,252949.0,Del0.8,0.4
X-5563,TTTY17A,252949.0,Del0.8,0.32
X-5563,TTTY18,252950.0,Del0.8,0.33
X-5563,TTTY19,252952.0,Del0.8,0.33
X-5563,TTTY1B,100101116.0,Del0.8,0.32
X-5563,TTTY1B,100101116.0,Del0.8,0.33
X-5563,TTTY2,60439.0,Del0.8,0.33
X-5563,TTTY2,60439.0,Del0.8,0.32
X-5563,TTTY20,252951.0,Del0.8,0.33
X-5563,TTTY21,252953.0,Del0.8,0.33
X-5563,TTTY21,252953.0,Del0.8,0.32
X-5563,TTTY22,252954.0,Del0.8,0.32
X-5563,TTTY23,252955.0,Del0.8,0.32
X-5563,TTTY23,252955.0,Del0.8,0.33
X-5563,TTTY3,114760.0,Del0.8,0.32
X-5563,TTTY3,114760.0,Del0.8,0.19
X-5563,TTTY4,114761.0,Del0.8,0.11
X-5563,TTTY4,114761.0,Del0.8,0.19
X-5563,TTTY5,83863.0,Del0.8,0.32
X-5563,TTTY6,84672.0,Del0.8,0.32
X-5563,TTTY6,84672.0,Del0.8,0.32
X-5563,TTTY7,246122.0,Del0.8,0.33
X-5563,TTTY7,246122.0,Del0.8,0.32
X-5563,TTTY7B,100101120.0,Del0.8,0.33
X-5563,TTTY7B,100101120.0,Del0.8,0.32
X-5563,TTTY8,84673.0,Del0.8,0.33
X-5563,TTTY8,84673.0,Del0.8,0.32
X-5563,TTTY9A,83864.0,Del0.8,0.32
X-5563,TTTY9A,83864.0,Del0.8,0.32
X-5563,TXLNG2P,246126.0,Del0.8,0.32
X-5563,UBXN6,80700.0,MutNovel,"R323Q,0.599"
X-5563,ULK1,8408.0,MutNovel,"G345S,0.655"
X-5563,ULK3,25989.0,MutNovel,"R188Q,0.491"
X-5563,ULK3,25989.0,MutNovel,"A114V,0.418"
X-5563,UNKL,64718.0,MutNovel,"G456S,0.500"
X-5563,USP36,57602.0,MutNovel,"KKK958K,1.000"
X-5563,USP45,85015.0,MutKnownFunctional,"-336,0.889"
X-5563,USP9Y,8287.0,Del0.8,0.32
X-5563,UTY,7404.0,Del0.8,0.32
X-5563,VCY,9084.0,Del0.8,0.32
X-5563,VCY,9084.0,Del0.8,0.32
X-5563,VPS37C,55048.0,MutNovel,"T3M,0.372"
X-5563,WBP2,23558.0,MutNovel,"M204V,0.544"
X-5563,XCR1,2829.0,MutNovel,"V187I,1.000"
X-5563,XKRY2,353515.0,Del0.8,0.32
X-5563,XKRY2,353515.0,Del0.8,0.32
X-5563,ZFC3H1,196441.0,MutNovel,"E1004K,0.290"
X-5563,ZFP36L2,678.0,MutNovel,"R188G,0.462"
X-5563,ZFY,7544.0,Del0.8,0.54
X-5563,ZNF124,7678.0,MutNovel,"S12L,0.565"
X-5563,ZNF19,7567.0,MutNovel,"G213A,0.500"
X-5563,ZNF200,7752.0,MutNovel,"H386R,0.600"
X-5563,ZNF322,79692.0,MutNovel,"R23Q,0.684"
X-5563,ZNF384,171017.0,MutNovel,"QQ514Q,1.000"
X-5563,ZNF532,55205.0,MutKnownFunctional,"-654?,0.312"
X-5563,ZNF777,27153.0,MutNovel,"S10L,0.419"
X-5578,ABCA10,10349.0,Amp8,9.99
X-5578,ABCA6,23460.0,Amp8,46.85
X-5578,ABCA8,10351.0,Amp8,43.71
X-5578,ABCA9,10350.0,Amp8,33.36
X-5578,ACE2,59272.0,Del0.8,0.67
X-5578,ACO2,50.0,MutNovel,"V118A,0.357"
X-5578,ACOT1,641371.0,MutNovel,"R124P,0.455"
X-5578,ACOT9,23597.0,Del0.8,0.71
X-5578,ADAM3A,1587.0,Del0.8,0.36
X-5578,ADAM5P,255926.0,Del0.8,0.5
X-5578,AGTRAP,57085.0,MutNovel,"L38V,0.366"
X-5578,AKAP4,8852.0,Del0.8,0.75
X-5578,ALAS2,212.0,Del0.8,0.74
X-5578,AMELX,265.0,Del0.8,0.67
X-5578,AP1S2,8905.0,Del0.8,0.69
X-5578,AP3B2,8120.0,MutNovel,"K547M,1.000"
X-5578,AP4S1,11154.0,Amp8,41.36
X-5578,APC,324.0,MutKnownFunctional,"-1493,1.000"
X-5578,APEX2,27301.0,Del0.8,0.74
X-5578,APOO,79135.0,Del0.8,0.71
X-5578,APTX,54840.0,MutNovel,"W20C,1.000"
X-5578,AR,367.0,Del0.8,0.76
X-5578,ARAF,369.0,Del0.8,0.75
X-5578,ARHGAP6,395.0,Del0.8,0.67
X-5578,ARHGEF9,23229.0,Del0.8,0.74
X-5578,ARMCX3,51566.0,MutNovel,"P177L,0.493"
X-5578,ARR3,407.0,Del0.8,0.76
X-5578,ARSD,414.0,Del0.8,0.75
X-5578,ARSE,415.0,Del0.8,0.75
X-5578,ARSF,416.0,Del0.8,0.75
X-5578,ARSH,347527.0,Del0.8,0.75
X-5578,ARV1,64801.0,MutKnownFunctional,"-170?,0.387"
X-5578,ARX,170302.0,Del0.8,0.71
X-5578,ASB11,140456.0,Del0.8,0.67
X-5578,ASB12,142689.0,Del0.8,0.76
X-5578,ASB9,140462.0,Del0.8,0.67
X-5578,ASXL1,171023.0,MutKnownFunctional,"-643,0.692"
X-5578,ATP5L2,267020.0,MutNovel,"L74V,0.750"
X-5578,ATP6AP1,537.0,MutNovel,"G239E,0.996"
X-5578,ATP6AP2,10159.0,Del0.8,0.71
X-5578,ATXN3L,92552.0,Del0.8,0.67
X-5578,AWAT1,158833.0,Del0.8,0.76
X-5578,AWAT2,158835.0,Del0.8,0.76
X-5578,BCAS1,8537.0,Amp5,5.06
X-5578,BCL6,604.0,MutNovel,"E302G,0.304"
X-5578,BCOR,54880.0,Del0.8,0.71
X-5578,BECN1,8678.0,MutNovel,"G401S,0.212"
X-5578,BEND2,139105.0,Del0.8,0.68
X-5578,BMX,660.0,Del0.8,0.67
X-5578,BTBD7,55727.0,MutNovel,"L339F,0.643"
X-5578,C14orf126,112487.0,Amp8,42.22
X-5578,C16orf95,100506581.0,MutNovel,"R151H,0.633"
X-5578,CA5B,11238.0,Del0.8,0.69
X-5578,CACNA1F,778.0,Del0.8,0.75
X-5578,CACNA1G,8913.0,Amp5,6.87
X-5578,CALCOCO2,10241.0,MutNovel,"E70K,0.429"
X-5578,CAMSAP1,157922.0,MutNovel,"P1370A,0.238"
X-5578,CARD10,29775.0,MutNovel,"R184S,1.000"
X-5578,CASK,8573.0,Del0.8,0.71
X-5578,CBWD6,644019.0,MutKnownFunctional,"-259?,0.611"
X-5578,CCDC114,93233.0,MutNovel,"H559Y,1.000"
X-5578,CCDC120,90060.0,Del0.8,0.75
X-5578,CCDC22,28952.0,Del0.8,0.75
X-5578,CCDC88C,440193.0,MutNovel,"D1057G,0.769"
X-5578,CCNB3,85417.0,Del0.8,0.75
X-5578,CDC27,996.0,Amp8,9.13
X-5578,CDC42BPG,55561.0,MutNovel,"R1054Q,0.522"
X-5578,CDC42EP1,11135.0,MutNovel,"PAPAANPS253P,1.000"
X-5578,CDK16,5127.0,Del0.8,0.75
X-5578,CDKL5,6792.0,Del0.8,0.68
X-5578,CENPF,1063.0,MutNovel,"L2667F,0.462"
X-5578,CFP,5199.0,Del0.8,0.75
X-5578,CHST7,56548.0,Del0.8,0.75
X-5578,CLCN4,1183.0,Del0.8,0.73
X-5578,CLCN5,1184.0,Del0.8,0.75
X-5578,CLEC18B,497190.0,MutNovel,"R352C,1.000"
X-5578,CLIC1,1192.0,MutNovel,"E4Q,0.363"
X-5578,CLTC,1213.0,Amp8,15.14
X-5578,CNDP1,84735.0,MutNovel,"V15VL,1.000"
X-5578,CNKSR2,22866.0,Del0.8,0.71
X-5578,COCH,1690.0,Amp8,40.79
X-5578,CRIPAK,285464.0,MutNovel,"P173R,0.262"
X-5578,CRYGC,1420.0,MutNovel,"Y51C,1.000"
X-5578,CTPS2,56474.0,Del0.8,0.68
X-5578,CTSA,5476.0,MutNovel,"L29-,1.000"
X-5578,CXXC1P1,392459.0,Del0.8,0.75
X-5578,CXorf21,80231.0,Del0.8,0.71
X-5578,CXorf22,170063.0,Del0.8,0.71
X-5578,CXorf23,256643.0,Del0.8,0.71
X-5578,CXorf27,25763.0,Del0.8,0.71
X-5578,CXorf28,100129464.0,Del0.8,0.75
X-5578,CXorf30,645090.0,Del0.8,0.71
X-5578,CXorf36,79742.0,Del0.8,0.75
X-5578,CXorf38,159013.0,Del0.8,0.71
X-5578,CXorf58,254158.0,Del0.8,0.71
X-5578,CXorf59,286464.0,Del0.8,0.71
X-5578,CXorf65,158830.0,Del0.8,0.76
X-5578,CYBB,1536.0,Del0.8,0.71
X-5578,DCAF8L1,139425.0,Del0.8,0.71
X-5578,DCAF8L2,347442.0,Del0.8,0.71
X-5578,DDX3X,1654.0,Del0.8,0.71
X-5578,DDX53,168400.0,Del0.8,0.71
X-5578,DENND4B,9909.0,MutNovel,"QQQ908-,0.474"
X-5578,DGAT2L6,347516.0,Del0.8,0.76
X-5578,DGKK,139189.0,Del0.8,0.75
X-5578,DLG3,1741.0,Del0.8,0.76
X-5578,DMD,1756.0,Del0.8,0.71
X-5578,DNLZ,728489.0,MutNovel,"PAAALGR57R,0.283"
X-5578,DOPEY1,23033.0,MutKnownFunctional,"-728?,0.312"
X-5578,DRD4,1815.0,MutNovel,"A281P,0.462"
X-5578,DRD4,1815.0,MutNovel,"S284G,0.333"
X-5578,DUSP21,63904.0,Del0.8,0.75
X-5578,DYNLT3,6990.0,Del0.8,0.71
X-5578,E2F5,1875.0,MutNovel,"G18A,0.700"
X-5578,EBP,10682.0,Del0.8,0.75
X-5578,EDA,1896.0,Del0.8,0.76
X-5578,EDA2R,60401.0,Del0.8,0.76
X-5578,EFHC2,80258.0,Del0.8,0.71
X-5578,EFNB1,1947.0,Del0.8,0.76
X-5578,EGFL6,25975.0,Del0.8,0.67
X-5578,EIF1AX,1964.0,Del0.8,0.71
X-5578,EIF2S3,1968.0,Del0.8,0.71
X-5578,ELK1,2002.0,Del0.8,0.75
X-5578,EPN3,55040.0,Amp8,22.63
X-5578,ERAS,3266.0,Del0.8,0.75
X-5578,ERBB2,2064.0,Amp8,25.11
X-5578,EVL,51466.0,MutNovel,"V52I,0.429"
X-5578,EXOSC1,51013.0,MutNovel,"H157P,0.627"
X-5578,FAM104B,90736.0,Del0.8,0.74
X-5578,FAM120C,54954.0,Del0.8,0.74
X-5578,FAM123B,139285.0,Del0.8,0.76
X-5578,FAM131A,131408.0,MutNovel,"R63S,0.833"
X-5578,FAM155B,27112.0,Del0.8,0.76
X-5578,FAM156A,29057.0,Del0.8,0.74
X-5578,FAM156A,29057.0,Del0.8,0.74
X-5578,FAM156B,727866.0,Del0.8,0.74
X-5578,FAM156B,727866.0,Del0.8,0.74
X-5578,FAM160A2,84067.0,Del0.8,0.78
X-5578,FAM47A,158724.0,Del0.8,0.71
X-5578,FAM47B,170062.0,Del0.8,0.71
X-5578,FAM47C,442444.0,Del0.8,0.71
X-5578,FAM48B1,100130302.0,Del0.8,0.71
X-5578,FAM48B2,170067.0,Del0.8,0.71
X-5578,FAM83D,81610.0,MutKnownFunctional,"E56*,0.278"
X-5578,FAM9A,171482.0,Del0.8,0.73
X-5578,FAM9B,171483.0,Del0.8,0.73
X-5578,FAM9C,171484.0,Del0.8,0.67
X-5578,FANCB,2187.0,Del0.8,0.67
X-5578,FBXO18,84893.0,MutNovel,"V854I,0.223"
X-5578,FGD1,2245.0,Del0.8,0.74
X-5578,FIGF,2277.0,Del0.8,0.67
X-5578,FOXO4,4303.0,Del0.8,0.76
X-5578,FOXP3,50943.0,Del0.8,0.75
X-5578,FRMD8P1,83957.0,Del0.8,0.76
X-5578,FRMPD4,9758.0,Del0.8,0.67
X-5578,FSIP2,401024.0,MutNovel,"R337F,1.000"
X-5578,FTHL17,53940.0,Del0.8,0.71
X-5578,FTSJ1,24140.0,Del0.8,0.75
X-5578,FUNDC1,139341.0,Del0.8,0.71
X-5578,G2E3,55632.0,Amp8,61.82
X-5578,GAGE1,2543.0,Del0.8,0.75
X-5578,GAGE10,643832.0,Del0.8,0.75
X-5578,GAGE12D,100132399.0,Del0.8,0.75
X-5578,GAGE12F,100008586.0,Del0.8,0.75
X-5578,GAGE12J,729396.0,Del0.8,0.75
X-5578,GAGE13,645051.0,Del0.8,0.75
X-5578,GAGE2A,729447.0,Del0.8,0.75
X-5578,GAGE2B,645037.0,Del0.8,0.75
X-5578,GAGE2C,2574.0,Del0.8,0.75
X-5578,GAGE2D,729408.0,Del0.8,0.75
X-5578,GAGE2E,26749.0,Del0.8,0.75
X-5578,GATA1,2623.0,Del0.8,0.75
X-5578,GBA3,57733.0,MutNovel,"R432Q,0.800"
X-5578,GDPD2,54857.0,Del0.8,0.76
X-5578,GEMIN8,54960.0,Del0.8,0.67
X-5578,GIGYF2,26058.0,MutNovel,"PQ1231P,0.630"
X-5578,GJB1,2705.0,Del0.8,0.76
X-5578,GK,2710.0,Del0.8,0.71
X-5578,GLOD5,392465.0,Del0.8,0.75
X-5578,GLRA2,2742.0,Del0.8,0.67
X-5578,GNL3L,54552.0,Del0.8,0.74
X-5578,GOLGA2,2801.0,MutNovel,"R976H,0.352"
X-5578,GPKOW,27238.0,Del0.8,0.75
X-5578,GPM6B,2824.0,Del0.8,0.67
X-5578,GPR143,4935.0,Del0.8,0.73
X-5578,GPR173,54328.0,Del0.8,0.74
X-5578,GPR33,2856.0,Amp8,42.22
X-5578,GPR34,2857.0,Del0.8,0.71
X-5578,GPR64,10149.0,Del0.8,0.68
X-5578,GPR82,27197.0,Del0.8,0.71
X-5578,GPRIN2,9721.0,MutNovel,"-238MRE,0.778"
X-5578,GRB7,2886.0,Amp8,38.85
X-5578,GRIPAP1,56850.0,Del0.8,0.75
X-5578,GRPR,2925.0,Del0.8,0.69
X-5578,GSPT2,23708.0,Del0.8,0.74
X-5578,GYG2,8908.0,Del0.8,0.75
X-5578,HCAR1,27198.0,MutNovel,"P254S,0.444"
X-5578,HCCS,3052.0,Del0.8,0.67
X-5578,HDAC6,10013.0,Del0.8,0.75
X-5578,HDHD1,8226.0,Del0.8,0.67
X-5578,HEATR5A,25938.0,Amp8,48.5
X-5578,HEATR6,63897.0,Amp8,40.22
X-5578,HECTD1,25831.0,Amp8,41.36
X-5578,HEPH,9843.0,Del0.8,0.76
X-5578,HIST2H2AA4,723790.0,MutNovel,"M52V,0.889"
X-5578,HLA-DRB5,3127.0,MutNovel,"K41I,1.000"
X-5578,HOXB8,3218.0,MutNovel,"R150L,0.235"
X-5578,HSD17B10,3028.0,Del0.8,0.74
X-5578,HUWE1,10075.0,Del0.8,0.74
X-5578,IGBP1,3476.0,Del0.8,0.76
X-5578,IKZF3,22806.0,Amp8,9.58
X-5578,IL1RAP,3556.0,MutNovel,"Y121H,0.308"
X-5578,IL1RAP,3556.0,MutNovel,"P470S,0.400"
X-5578,IL1RAPL1,11141.0,Del0.8,0.71
X-5578,IL2RG,3561.0,Del0.8,0.76
X-5578,INE1,8552.0,Del0.8,0.75
X-5578,INE2,8551.0,Del0.8,0.69
X-5578,INGX,27160.0,Del0.8,0.76
X-5578,IQSEC2,23096.0,Del0.8,0.74
X-5578,IREB2,3658.0,MutNovel,"M64L,0.853"
X-5578,ITGB1BP2,26548.0,Del0.8,0.76
X-5578,ITGB4,3691.0,MutNovel,"H522N,0.756"
X-5578,ITIH6,347365.0,Del0.8,0.74
X-5578,KAL1,3730.0,Del0.8,0.73
X-5578,KCND1,3750.0,Del0.8,0.75
X-5578,KDM5C,8242.0,Del0.8,0.74
X-5578,KDM6A,7403.0,Del0.8,0.75
X-5578,KIAA0947,23379.0,MutNovel,"T1248R,0.543"
X-5578,KIAA1199,57214.0,MutNovel,"VK1356V,0.252"
X-5578,KIF4A,24137.0,Del0.8,0.76
X-5578,KLHL15,80311.0,Del0.8,0.71
X-5578,KLHL34,257240.0,Del0.8,0.71
X-5578,KRT7,3855.0,MutNovel,"S38I,1.000"
X-5578,KRT84,3890.0,MutNovel,"R467S,1.000"
X-5578,KRT84,3890.0,MutNovel,"G457A,1.000"
X-5578,LANCL3,347404.0,Del0.8,0.71
X-5578,LAS1L,81887.0,Del0.8,0.76
X-5578,LAT,27040.0,MutNovel,"G26V,0.740"
X-5578,LGALS9B,284194.0,MutNovel,"V184M,1.000"
X-5578,LGALS9C,654346.0,Del0.8,0.45
X-5578,LOC100132831,100132831.0,Del0.8,0.71
X-5578,LOC100133123,100133123.0,Del0.8,0.67
X-5578,LOC100133957,100133957.0,Del0.8,0.75
X-5578,LOC100288814,100288814.0,Del0.8,0.73
X-5578,LOC100506071,100506071.0,Amp8,40.79
X-5578,LOC100996274,,MutNovel,"L435P,1.000"
X-5578,LOC158572,158572.0,Del0.8,0.75
X-5578,LOC286442,286442.0,Del0.8,0.71
X-5578,LOC347411,347411.0,Del0.8,0.71
X-5578,LOC389906,389906.0,Del0.8,0.75
X-5578,LOC401588,401588.0,Del0.8,0.75
X-5578,LOC645638,645638.0,Amp8,40.22
X-5578,LOC653653,653653.0,Amp8,40.22
X-5578,LOC728888,,MutNovel,"E116Q,0.667"
X-5578,LOC729609,729609.0,Del0.8,0.71
X-5578,LOC92249,92249.0,Del0.8,0.74
X-5578,LRRC66,339977.0,MutNovel,"H789D,0.667"
X-5578,LRRC8B,23507.0,MutNovel,"R599C,0.733"
X-5578,LSM14A,26065.0,MutNovel,"A161E,1.000"
X-5578,LSR,51599.0,MutNovel,"G518R,0.344"
X-5578,LSR,51599.0,MutNovel,"G518GR,1.000"
X-5578,MAGEB1,4112.0,Del0.8,0.71
X-5578,MAGEB10,139422.0,Del0.8,0.71
X-5578,MAGEB16,139604.0,Del0.8,0.71
X-5578,MAGEB18,286514.0,Del0.8,0.71
X-5578,MAGEB2,4113.0,Del0.8,0.71
X-5578,MAGEB3,4114.0,Del0.8,0.71
X-5578,MAGEB4,4115.0,Del0.8,0.71
X-5578,MAGEB6,158809.0,Del0.8,0.71
X-5578,MAGED1,9500.0,Del0.8,0.74
X-5578,MAGED2,10916.0,Del0.8,0.74
X-5578,MAGED4B,81557.0,Del0.8,0.74
X-5578,MAGED4B,81557.0,Del0.8,0.74
X-5578,MAGI1,9223.0,MutNovel,"S255T,0.500"
X-5578,MAGIX,79917.0,Del0.8,0.75
X-5578,MANSC1,54682.0,MutKnownFunctional,"S58*,1.000"
X-5578,MAOA,4128.0,Del0.8,0.71
X-5578,MAOB,4129.0,Del0.8,0.71
X-5578,MAP3K4,4216.0,MutNovel,"PA1189P,1.000"
X-5578,MAP7D2,256714.0,Del0.8,0.71
X-5578,MAZ,4150.0,MutNovel,"P135L,0.439"
X-5578,MBTPS2,51360.0,Del0.8,0.71
X-5578,MED1,5469.0,MutNovel,"R22W,0.588"
X-5578,MED12,9968.0,Del0.8,0.76
X-5578,MED13,9969.0,MutNovel,"A408G,0.404"
X-5578,MED14,9282.0,MutNovel,"P1137L,0.393"
X-5578,MED14,9282.0,Del0.8,0.71
X-5578,MEIS3,56917.0,MutNovel,"S374T,1.000"
X-5578,MID1,4281.0,Del0.8,0.73
X-5578,MID1IP1,58526.0,Del0.8,0.71
X-5578,MIEN1,84299.0,Amp8,38.85
X-5578,MIR1468,100302115.0,Del0.8,0.74
X-5578,MIR188,406964.0,Del0.8,0.75
X-5578,MIR21,406991.0,Amp8,40.22
X-5578,MIR221,407006.0,Del0.8,0.75
X-5578,MIR222,407007.0,Del0.8,0.75
X-5578,MIR223,407008.0,Del0.8,0.76
X-5578,MIR23C,100500809.0,Del0.8,0.71
X-5578,MIR362,574030.0,Del0.8,0.75
X-5578,MIR4524A,100616316.0,Amp8,46.85
X-5578,MIR4737,100616210.0,Amp8,40.22
X-5578,MIR4756,100616225.0,Amp5,5.06
X-5578,MIR4767,100616467.0,Del0.8,0.67
X-5578,MIR4768,100616249.0,Del0.8,0.68
X-5578,MIR4769,100616147.0,Del0.8,0.75
X-5578,MIR4770,100616373.0,Del0.8,0.75
X-5578,MIR500A,574502.0,Del0.8,0.75
X-5578,MIR500B,100422911.0,Del0.8,0.75
X-5578,MIR501,574503.0,Del0.8,0.75
X-5578,MIR502,574504.0,Del0.8,0.75
X-5578,MIR532,693124.0,Del0.8,0.75
X-5578,MIR624,693209.0,Amp8,41.36
X-5578,MIR651,723779.0,Del0.8,0.67
X-5578,MIR660,724030.0,Del0.8,0.75
X-5578,MIR676,100500887.0,Del0.8,0.76
X-5578,MIR98,407054.0,Del0.8,0.74
X-5578,MIRLET7F2,406889.0,Del0.8,0.74
X-5578,MLH1,4292.0,MutLikelyFunctional,"K618T,0.311"
X-5578,MOSPD2,158747.0,Del0.8,0.67
X-5578,MRPL1,65008.0,MutNovel,"I203M,0.391"
X-5578,MRPS18B,28973.0,MutNovel,"T8N,0.385"
X-5578,MSL3,10943.0,Del0.8,0.67
X-5578,MSN,4478.0,Del0.8,0.76
X-5578,MTMR8,55613.0,Del0.8,0.76
X-5578,MTRNR2L10,100463488.0,Del0.8,0.74
X-5578,MTRNR2L2,100462981.0,MutNovel,"S12L,0.667"
X-5578,MUC3A,,MutNovel,"E461K,1.000"
X-5578,MXRA5,25878.0,Del0.8,0.75
X-5578,MYCBPAP,84073.0,Amp5,6.82
X-5578,MYCL1,4610.0,MutNovel,"A5G,0.857"
X-5578,MYH14,79784.0,MutNovel,"Q1438K,0.996"
X-5578,MYL4,4635.0,Amp8,9
X-5578,MYO10,4651.0,MutNovel,"R892H,0.542"
X-5578,NAB1,4664.0,MutNovel,"A29D,0.754"
X-5578,NCOA3,8202.0,MutNovel,"Q1255-,0.500"
X-5578,NCOR2,9612.0,MutNovel,"G1839GAAA,0.941"
X-5578,NCOR2,9612.0,MutNovel,"-511S,0.923"
X-5578,NDP,4693.0,Del0.8,0.71
X-5578,NDUFB11,54539.0,Del0.8,0.75
X-5578,NFATC4,4776.0,MutNovel,"S933N,0.741"
X-5578,NHS,4810.0,Del0.8,0.68
X-5578,NLGN3,54413.0,Del0.8,0.76
X-5578,NLGN4X,57502.0,Del0.8,0.75
X-5578,NOC3L,64318.0,MutNovel,"M92I,0.720"
X-5578,NONO,4841.0,Del0.8,0.76
X-5578,NR0B1,190.0,Del0.8,0.71
X-5578,NUBP1,4682.0,MutNovel,"R210Q,0.525"
X-5578,NUBPL,80224.0,Amp8,48.17
X-5578,NUDT10,170685.0,Del0.8,0.74
X-5578,NUDT11,55190.0,Del0.8,0.74
X-5578,NYX,60506.0,Del0.8,0.71
X-5578,OFD1,8481.0,Del0.8,0.67
X-5578,OGT,8473.0,Del0.8,0.76
X-5578,OPHN1,4983.0,Del0.8,0.76
X-5578,ORAI1,84876.0,MutNovel,"PP43-,1.000"
X-5578,OS9,10956.0,MutNovel,"R486W,0.992"
X-5578,OTC,5009.0,Del0.8,0.71
X-5578,OTUD5,55593.0,Del0.8,0.75
X-5578,OTUD6A,139562.0,Del0.8,0.76
X-5578,P2RY4,5030.0,Del0.8,0.76
X-5578,PAGE1,8712.0,Del0.8,0.75
X-5578,PAGE2,203569.0,Del0.8,0.74
X-5578,PAGE2B,389860.0,Del0.8,0.74
X-5578,PAGE4,9506.0,Del0.8,0.75
X-5578,PCDHGA4,56111.0,MutNovel,"L711Q,0.875"
X-5578,PCDHGB2,56103.0,MutNovel,"R526C,0.294"
X-5578,PCSK1N,27344.0,Del0.8,0.75
X-5578,PCYT1B,9468.0,Del0.8,0.71
X-5578,PDHA1,5160.0,Del0.8,0.68
X-5578,PDK3,5165.0,Del0.8,0.71
X-5578,PDZD11,51248.0,Del0.8,0.76
X-5578,PFKFB1,5207.0,Del0.8,0.74
X-5578,PGAP3,93210.0,Amp8,28.84
X-5578,PHEX,5251.0,Del0.8,0.71
X-5578,PHF16,9767.0,Del0.8,0.75
X-5578,PHF8,23133.0,Del0.8,0.74
X-5578,PHKA2,5256.0,Del0.8,0.68
X-5578,PHLDA1,22822.0,MutNovel,"QQ194Q,1.000"
X-5578,PIGA,5277.0,Del0.8,0.67
X-5578,PIM2,11040.0,Del0.8,0.75
X-5578,PIR,8544.0,Del0.8,0.67
X-5578,PIR-FIGF,100532742.0,Del0.8,0.67
X-5578,PJA1,64219.0,Del0.8,0.76
X-5578,PLA2G4A,5321.0,MutNovel,"L496V,0.328"
X-5578,PLP2,5355.0,Del0.8,0.75
X-5578,PNMT,5409.0,Amp8,28.84
X-5578,PNPLA4,8228.0,Del0.8,0.67
X-5578,POLA1,5422.0,Del0.8,0.71
X-5578,PORCN,64840.0,Del0.8,0.75
X-5578,POTEE,445582.0,MutNovel,"V5I,1.000"
X-5578,POTEE,445582.0,MutNovel,"L192V,0.500"
X-5578,PPEF1,5475.0,Del0.8,0.68
X-5578,PPP1R2P9,80316.0,Del0.8,0.71
X-5578,PPP1R3F,89801.0,Del0.8,0.75
X-5578,PQBP1,10084.0,Del0.8,0.75
X-5578,PRAF2,11230.0,Del0.8,0.75
X-5578,PRDX4,10549.0,Del0.8,0.71
X-5578,PRICKLE3,4007.0,Del0.8,0.75
X-5578,PRKX,5613.0,Del0.8,0.75
X-5578,PRPS2,5634.0,Del0.8,0.67
X-5578,PRRG1,5638.0,MutNovel,"Q75R,1.000"
X-5578,PRRG1,5638.0,Del0.8,0.71
X-5578,PRSS56,646960.0,MutNovel,"P599A,0.815"
X-5578,PTCHD1,139411.0,Del0.8,0.71
X-5578,PTRH2,51651.0,Amp8,27.1
X-5578,QTRT1,81890.0,MutNovel,"R80K,1.000"
X-5578,RAB11FIP3,9727.0,MutNovel,"H655R,0.672"
X-5578,RAB41,347517.0,Del0.8,0.76
X-5578,RAB9A,9367.0,Del0.8,0.67
X-5578,RAI2,10742.0,Del0.8,0.68
X-5578,RASA4B,,MutNovel,"Y685C,0.500"
X-5578,RBBP7,5931.0,Del0.8,0.68
X-5578,RBM10,8241.0,Del0.8,0.75
X-5578,RBM3,5935.0,Del0.8,0.75
X-5578,REPS2,9185.0,Del0.8,0.68
X-5578,RFC1,5981.0,MutNovel,"G633S,0.255"
X-5578,RGN,9104.0,Del0.8,0.75
X-5578,RIBC1,158787.0,Del0.8,0.74
X-5578,RIN3,79890.0,MutNovel,"G967-,1.000"
X-5578,RNF31,55072.0,MutNovel,"P631A,0.283"
X-5578,RNFT1,51136.0,Amp8,40.22
X-5578,RNPC3,55599.0,MutNovel,"E375G,0.250"
X-5578,RP2,6102.0,Del0.8,0.75
X-5578,RPGR,6103.0,Del0.8,0.71
X-5578,RPS6KA3,6197.0,Del0.8,0.71
X-5578,RPS6KB1,6198.0,Amp8,40.22
X-5578,RS1,6247.0,Del0.8,0.68
X-5578,RSF1,51773.0,MutNovel,"S1223T,0.240"
X-5578,S100G,795.0,Del0.8,0.68
X-5578,SCARNA23,677773.0,Del0.8,0.71
X-5578,SCARNA9L,100158262.0,Del0.8,0.71
X-5578,SCFD1,23256.0,Amp8,47.5
X-5578,SCML1,6322.0,Del0.8,0.68
X-5578,SCML2,10389.0,Del0.8,0.68
X-5578,SEC31A,22872.0,MutKnownFunctional,"-462?,0.250"
X-5578,SERINC2,347735.0,MutNovel,"-373Q,0.606"
X-5578,SETD1B,23067.0,MutNovel,"R1759H,1.000"
X-5578,SH3KBP1,30011.0,Del0.8,0.71
X-5578,SHROOM1,134549.0,MutNovel,"P104L,0.364"
X-5578,SHROOM2,357.0,Del0.8,0.73
X-5578,SHROOM4,57477.0,Del0.8,0.75
X-5578,SIGLEC14,100049587.0,Del0.8,0.56
X-5578,SLC25A20,788.0,Del0.8,0.54
X-5578,SLC34A3,142680.0,MutNovel,"L526-,0.611"
X-5578,SLC35A2,7355.0,Del0.8,0.75
X-5578,SLC38A5,92745.0,Del0.8,0.75
X-5578,SLC7A3,84889.0,Del0.8,0.76
X-5578,SLC9A7,84679.0,Del0.8,0.75
X-5578,SMC1A,8243.0,Del0.8,0.74
X-5578,SMEK3P,139420.0,Del0.8,0.71
X-5578,SMPX,23676.0,Del0.8,0.71
X-5578,SMS,6611.0,Del0.8,0.71
X-5578,SNORA11,677799.0,Del0.8,0.74
X-5578,SNORA11C,100124540.0,Del0.8,0.75
X-5578,SNORA11D,100124541.0,Del0.8,0.74
X-5578,SNORA11D,100124541.0,Del0.8,0.74
X-5578,SNORA11E,100124542.0,Del0.8,0.74
X-5578,SNORA11E,100124542.0,Del0.8,0.74
X-5578,SNX12,29934.0,Del0.8,0.76
X-5578,SNX27,81609.0,MutNovel,"T504M,0.455"
X-5578,SPACA5,389852.0,Del0.8,0.75
X-5578,SPANXN5,494197.0,Del0.8,0.74
X-5578,SPATA20,64847.0,Amp8,22.63
X-5578,SPIN4,139886.0,Del0.8,0.74
X-5578,SRPX,8406.0,Del0.8,0.71
X-5578,SSX1,6756.0,Del0.8,0.75
X-5578,SSX2,6757.0,Del0.8,0.74
X-5578,SSX2,6757.0,Del0.8,0.74
X-5578,SSX2B,727837.0,Del0.8,0.74
X-5578,SSX2B,727837.0,Del0.8,0.74
X-5578,SSX3,10214.0,Del0.8,0.75
X-5578,SSX4,6759.0,Del0.8,0.75
X-5578,SSX4,6759.0,Del0.8,0.75
X-5578,SSX5,6758.0,Del0.8,0.75
X-5578,SSX6,280657.0,Del0.8,0.75
X-5578,SSX7,280658.0,Del0.8,0.74
X-5578,SSX8,280659.0,Del0.8,0.74
X-5578,STARD3,10948.0,Amp5,7.78
X-5578,STARD8,9754.0,Del0.8,0.76
X-5578,STRN3,29966.0,Amp8,51.98
X-5578,STS,412.0,Del0.8,0.67
X-5578,SUV39H1,6839.0,Del0.8,0.75
X-5578,SVIP,258010.0,MutNovel,"G65R,0.311"
X-5578,SYAP1,94056.0,Del0.8,0.68
X-5578,SYN1,6853.0,Del0.8,0.75
X-5578,SYP,6855.0,Del0.8,0.75
X-5578,SYTL5,94122.0,Del0.8,0.71
X-5578,TAB3,257397.0,Del0.8,0.71
X-5578,TAF1,6872.0,Del0.8,0.76
X-5578,TBC1D25,4943.0,Del0.8,0.75
X-5578,TBC1D3P1-DHX40P1,653645.0,Amp8,40.22
X-5578,TBL1X,6907.0,Del0.8,0.73
X-5578,TBP,6908.0,MutNovel,"-64Q,1.000"
X-5578,TCAP,8557.0,Amp8,28.84
X-5578,TCEANC,170082.0,Del0.8,0.67
X-5578,TEX11,56159.0,Del0.8,0.76
X-5578,TFE3,7030.0,Del0.8,0.75
X-5578,TIMM17B,10245.0,Del0.8,0.75
X-5578,TIMP1,7076.0,Del0.8,0.75
X-5578,TJP2,9414.0,MutNovel,"L408V,0.445"
X-5578,TLK2,11011.0,MutNovel,"R262Q,0.226"
X-5578,TLN2,83660.0,MutNovel,"D520N,1.000"
X-5578,TLR7,51284.0,Del0.8,0.67
X-5578,TLR8,51311.0,Del0.8,0.67
X-5578,TLR8-AS1,349408.0,Del0.8,0.67
X-5578,TMBIM4,51643.0,MutKnownFunctional,"-174?,0.619"
X-5578,TMCC1,23023.0,MutNovel,"A364T,0.205"
X-5578,TMEM27,57393.0,Del0.8,0.67
X-5578,TMEM47,83604.0,Del0.8,0.71
X-5578,TMSB4X,7114.0,Del0.8,0.67
X-5578,TP53,7157.0,MutNovel,"E271K,1.000"
X-5578,TRAPPC2,6399.0,Del0.8,0.67
X-5578,TRO,7216.0,Del0.8,0.74
X-5578,TSPAN7,7102.0,Del0.8,0.71
X-5578,TSPYL1,7259.0,MutNovel,"V176VW,0.832"
X-5578,TSPYL2,64061.0,Del0.8,0.74
X-5578,TSR2,90121.0,Del0.8,0.74
X-5578,TUBD1,51174.0,Amp8,40.22
X-5578,TXLNG,55787.0,Del0.8,0.68
X-5578,UBA1,7317.0,Del0.8,0.75
X-5578,UROS,7390.0,MutNovel,"G57R,0.354"
X-5578,USP11,8237.0,Del0.8,0.75
X-5578,USP27X,389856.0,Del0.8,0.75
X-5578,USP36,57602.0,MutNovel,"KKK958K,1.000"
X-5578,USP9X,8239.0,Del0.8,0.71
X-5578,UTY,7404.0,MutNovel,"G1070T,0.214"
X-5578,UTY,7404.0,MutKnownFunctional,"S1068*,0.214"
X-5578,UTY,7404.0,MutNovel,"SQ1066LA,0.231"
X-5578,UTY,7404.0,MutNovel,"S1066T,0.222"
X-5578,UTY,7404.0,MutNovel,"S1058D,0.250"
X-5578,UTY,7404.0,MutNovel,"LL1055GL,0.207"
X-5578,UTY,7404.0,MutNovel,"E1054L,0.207"
X-5578,UTY,7404.0,MutNovel,"QA1050RL,0.208"
X-5578,UTY,7404.0,MutNovel,"Q1050R,0.304"
X-5578,UTY,7404.0,MutNovel,"Q1050R,0.304"
X-5578,UTY,7404.0,MutNovel,"V1048H,0.227"
X-5578,UTY,7404.0,MutNovel,"FH1045YY,0.273"
X-5578,UTY,7404.0,MutKnownFunctional,"FV1040**,0.278"
X-5578,UTY,7404.0,MutNovel,"IF1039TV,0.235"
X-5578,UTY,7404.0,MutNovel,"I925Q,0.250"
X-5578,UTY,7404.0,MutNovel,"T922Q,0.263"
X-5578,UTY,7404.0,MutNovel,"S921Y,0.278"
X-5578,UTY,7404.0,MutKnownFunctional,"HR919Q*,0.250"
X-5578,UTY,7404.0,MutNovel,"S918N,0.222"
X-5578,UTY,7404.0,MutNovel,"LA916KP,0.216"
X-5578,UTY,7404.0,MutNovel,"P915E,0.211"
X-5578,UTY,7404.0,MutNovel,"DL913GA,0.225"
X-5578,UTY,7404.0,MutNovel,"VD912HY,0.231"
X-5578,UTY,7404.0,MutNovel,"K911I,0.243"
X-5578,UTY,7404.0,MutNovel,"T910S,0.216"
X-5578,UTY,7404.0,MutKnownFunctional,"QK539Q*,0.786"
X-5578,UTY,7404.0,MutKnownFunctional,"PA537Q*,0.786"
X-5578,UTY,7404.0,MutNovel,"NP536RT,0.786"
X-5578,UTY,7404.0,MutNovel,"L535S,0.786"
X-5578,UTY,7404.0,MutNovel,"DN533LY,0.692"
X-5578,UTY,7404.0,MutNovel,"IC339MS,0.636"
X-5578,UTY,7404.0,MutKnownFunctional,"A337*,0.600"
X-5578,UTY,7404.0,MutKnownFunctional,"L335*,0.400"
X-5578,UTY,7404.0,MutNovel,"D333G,0.429"
X-5578,UTY,7404.0,MutNovel,"M332I,0.500"
X-5578,UTY,7404.0,MutNovel,"Q327K,0.667"
X-5578,UTY,7404.0,MutNovel,"Q326H,0.667"
X-5578,UTY,7404.0,MutKnownFunctional,"YQ325*S,0.667"
X-5578,UTY,7404.0,MutNovel,"L324T,1.000"
X-5578,UTY,7404.0,MutNovel,"V323L,0.667"
X-5578,UTY,7404.0,MutNovel,"G322C,0.500"
X-5578,UTY,7404.0,MutNovel,"T317Q,0.500"
X-5578,UTY,7404.0,MutNovel,"SA314KK,0.429"
X-5578,UTY,7404.0,MutNovel,"E312I,0.444"
X-5578,UTY,7404.0,MutKnownFunctional,"G288*,0.375"
X-5578,UTY,7404.0,MutKnownFunctional,"YF285*V,0.375"
X-5578,UTY,7404.0,MutNovel,"SW283YV,0.400"
X-5578,UTY,7404.0,MutNovel,"S280G,0.500"
X-5578,UTY,7404.0,MutNovel,"DP277TS,0.400"
X-5578,UTY,7404.0,MutNovel,"A276D,0.625"
X-5578,UTY,7404.0,MutNovel,"A276Y,0.625"
X-5578,UTY,7404.0,MutNovel,"E275P,0.333"
X-5578,UTY,7404.0,MutNovel,"L274T,0.500"
X-5578,UTY,7404.0,MutNovel,"S273H,0.500"
X-5578,UTY,7404.0,MutNovel,"Q271H,0.375"
X-5578,UTY,7404.0,MutNovel,"Q271R,0.375"
X-5578,UTY,7404.0,MutNovel,"Q271R,0.429"
X-5578,UTY,7404.0,MutNovel,"LQ270PR,0.429"
X-5578,UTY,7404.0,MutNovel,"L270V,0.429"
X-5578,UTY,7404.0,MutKnownFunctional,"YL269*V,0.429"
X-5578,UTY,7404.0,MutNovel,"Q268P,0.500"
X-5578,UTY,7404.0,MutNovel,"I267M,0.500"
X-5578,UTY,7404.0,MutNovel,"I267R,0.500"
X-5578,UTY,7404.0,MutNovel,"I267V,0.500"
X-5578,UTY,7404.0,MutNovel,"AI266LV,0.500"
X-5578,UTY,7404.0,MutNovel,"Y265G,0.600"
X-5578,UTY,7404.0,MutNovel,"E263D,0.429"
X-5578,UTY,7404.0,MutNovel,"E263V,0.429"
X-5578,UTY,7404.0,MutNovel,"E263I,0.400"
X-5578,UTY,7404.0,MutNovel,"T261S,0.571"
X-5578,UTY,7404.0,MutNovel,"AT260VS,0.571"
X-5578,UTY,7404.0,MutNovel,"L255V,0.500"
X-5578,UTY,7404.0,MutNovel,"HN251QS,0.750"
X-5578,UTY,7404.0,MutNovel,"H251L,0.750"
X-5578,UTY,7404.0,MutNovel,"WM248SW,0.600"
X-5578,UTY,7404.0,MutNovel,"LG246CS,0.500"
X-5578,UTY,7404.0,MutNovel,"Q245C,0.500"
X-5578,UTY,7404.0,MutNovel,"Q244I,0.556"
X-5578,UTY,7404.0,MutNovel,"Q244I,0.556"
X-5578,UTY,7404.0,MutNovel,"V242A,0.500"
X-5578,UTY,7404.0,MutNovel,"T241S,0.400"
X-5578,UTY,7404.0,MutNovel,"KA239NQ,0.545"
X-5578,UTY,7404.0,MutNovel,"VK238DL,0.400"
X-5578,UTY,7404.0,MutNovel,"V238L,0.400"
X-5578,UTY,7404.0,MutNovel,"A236L,0.400"
X-5578,UTY,7404.0,MutNovel,"NL233KS,0.444"
X-5578,UTY,7404.0,MutNovel,"E232L,0.364"
X-5578,UTY,7404.0,MutNovel,"QT230PE,0.455"
X-5578,UTY,7404.0,MutNovel,"LQ229NK,0.455"
X-5578,UTY,7404.0,MutNovel,"L228R,0.400"
X-5578,UTY,7404.0,MutNovel,"EQ226FK,0.500"
X-5578,UTY,7404.0,MutNovel,"Y225M,0.500"
X-5578,UTY,7404.0,MutNovel,"A224L,0.500"
X-5578,UTY,7404.0,MutNovel,"K222L,0.500"
X-5578,UTY,7404.0,MutNovel,"SA220LR,0.500"
X-5578,UTY,7404.0,MutNovel,"Y218I,0.429"
X-5578,UTY,7404.0,MutNovel,"K217E,0.429"
X-5578,UTY,7404.0,MutNovel,"L172I,0.214"
X-5578,UTY,7404.0,MutNovel,"L170N,0.231"
X-5578,UTY,7404.0,MutNovel,"R169I,0.250"
X-5578,UTY,7404.0,MutNovel,"H167W,0.250"
X-5578,UTY,7404.0,MutNovel,"EI165DS,0.273"
X-5578,UTY,7404.0,MutKnownFunctional,"KE164I*,0.250"
X-5578,UTY,7404.0,MutNovel,"AK163VV,0.333"
X-5578,UTY,7404.0,MutNovel,"A163P,0.308"
X-5578,UTY,7404.0,MutNovel,"RA162HP,0.308"
X-5578,UTY,7404.0,MutNovel,"C161P,0.250"
X-5578,UTY,7404.0,MutNovel,"F160H,0.250"
X-5578,UTY,7404.0,MutNovel,"F160L,0.333"
X-5578,UTY,7404.0,MutKnownFunctional,"DP157D*,0.400"
X-5578,UTY,7404.0,MutNovel,"VD156AS,0.375"
X-5578,UTY,7404.0,MutNovel,"YV155RI,0.375"
X-5578,UTY,7404.0,MutNovel,"L154S,0.500"
X-5578,UTY,7404.0,MutNovel,"Q151H,0.500"
X-5578,UTY,7404.0,MutNovel,"Q151K,0.500"
X-5578,UTY,7404.0,MutNovel,"Q151K,0.500"
X-5578,UTY,7404.0,MutNovel,"F150I,0.500"
X-5578,UTY,7404.0,MutNovel,"A149S,0.571"
X-5578,UTY,7404.0,MutNovel,"I147F,0.571"
X-5578,UTY,7404.0,MutKnownFunctional,"W145*,0.429"
X-5578,UTY,7404.0,MutNovel,"W145R,0.571"
X-5578,UTY,7404.0,MutNovel,"YN140SH,0.778"
X-5578,UTY,7404.0,MutNovel,"FY138LL,0.750"
X-5578,UTY,7404.0,MutNovel,"F138S,0.500"
X-5578,UTY,7404.0,MutNovel,"F138T,0.500"
X-5578,UTY,7404.0,MutKnownFunctional,"YF137*I,0.300"
X-5578,UTY,7404.0,MutNovel,"Y116H,0.600"
X-5578,UTY,7404.0,MutNovel,"E85R,0.400"
X-5578,UTY,7404.0,MutNovel,"GF55VL,0.217"
X-5578,UTY,7404.0,MutNovel,"G48P,0.222"
X-5578,UTY,7404.0,MutNovel,"G47V,0.235"
X-5578,UTY,7404.0,MutNovel,"AL45RI,0.294"
X-5578,UTY,7404.0,MutNovel,"RE43IL,0.312"
X-5578,UTY,7404.0,MutNovel,"TV39CF,0.429"
X-5578,UTY,7404.0,MutNovel,"L38C,0.462"
X-5578,UTY,7404.0,MutNovel,"S37I,0.462"
X-5578,UTY,7404.0,MutNovel,"EE32AW,0.375"
X-5578,UTY,7404.0,MutKnownFunctional,"SE31S*,0.375"
X-5578,UTY,7404.0,MutNovel,"E30V,0.375"
X-5578,UTY,7404.0,MutNovel,"R29C,0.375"
X-5578,UTY,7404.0,MutKnownFunctional,"KA26N*,0.294"
X-5578,UTY,7404.0,MutNovel,"GK25LE,0.278"
X-5578,UTY,7404.0,MutNovel,"DE17EL,0.211"
X-5578,UXT,8409.0,Del0.8,0.75
X-5578,VCX,26609.0,Del0.8,0.67
X-5578,VCX2,51480.0,Del0.8,0.67
X-5578,VCX3A,51481.0,Del0.8,0.75
X-5578,VCX3B,425054.0,Del0.8,0.73
X-5578,VENTXP1,139538.0,Del0.8,0.71
X-5578,VMP1,81671.0,Amp8,40.22
X-5578,VSIG4,11326.0,Del0.8,0.76
X-5578,WARS,7453.0,MutNovel,"L208Q,0.622"
X-5578,WAS,7454.0,Del0.8,0.75
X-5578,WDR13,64743.0,Del0.8,0.75
X-5578,WDR45,11152.0,Del0.8,0.75
X-5578,WDR81,124997.0,MutNovel,"D1160N,1.000"
X-5578,WDR81,124997.0,MutNovel,"G1200A,1.000"
X-5578,WNK2,65268.0,MutNovel,"P793L,0.424"
X-5578,WNK3,65267.0,Del0.8,0.74
X-5578,WWC3,55841.0,Del0.8,0.73
X-5578,XAGE1A,653219.0,Del0.8,0.74
X-5578,XAGE1A,653219.0,Del0.8,0.74
X-5578,XAGE1C,653048.0,Del0.8,0.74
X-5578,XAGE1C,653048.0,Del0.8,0.74
X-5578,XAGE2,9502.0,Del0.8,0.74
X-5578,XAGE2,9502.0,Del0.8,0.74
X-5578,XAGE3,170626.0,Del0.8,0.74
X-5578,XAGE5,170627.0,Del0.8,0.74
X-5578,XK,7504.0,Del0.8,0.71
X-5578,YIPF6,286451.0,Del0.8,0.76
X-5578,YY2,404281.0,Del0.8,0.71
X-5578,ZC3H12B,340554.0,Del0.8,0.76
X-5578,ZC4H2,55906.0,Del0.8,0.76
X-5578,ZDHHC11,79844.0,MutNovel,"A303D,0.820"
X-5578,ZFPM1,161882.0,MutNovel,"A441T,0.237"
X-5578,ZFX,7543.0,Del0.8,0.71
X-5578,ZGPAT,84619.0,MutNovel,"T144S,0.527"
X-5578,ZMYM3,9203.0,Del0.8,0.76
X-5578,ZNF157,7712.0,Del0.8,0.75
X-5578,ZNF182,7569.0,Del0.8,0.75
X-5578,ZNF219,51222.0,MutNovel,"QPP233P,0.737"
X-5578,ZNF384,171017.0,MutNovel,"QQ514Q,1.000"
X-5578,ZNF41,7592.0,Del0.8,0.75
X-5578,ZNF418,147686.0,MutNovel,"Q303H,1.000"
X-5578,ZNF418,147686.0,MutNovel,"G299R,1.000"
X-5578,ZNF418,147686.0,MutNovel,"G292V,1.000"
X-5578,ZNF486,90649.0,MutKnownFunctional,"-368,1.000"
X-5578,ZNF630,57232.0,Del0.8,0.75
X-5578,ZNF645,158506.0,Del0.8,0.71
X-5578,ZNF673,55634.0,Del0.8,0.75
X-5578,ZNF674,641339.0,Del0.8,0.75
X-5578,ZNF709,163051.0,MutNovel,"C254G,1.000"
X-5578,ZNF81,347344.0,Del0.8,0.75
X-5578,ZRSR2,8233.0,Del0.8,0.69
X-5594,ABI1,10006.0,MutNovel,"P418-,0.273"
X-5594,ACOT1,641371.0,Del0.8,0.58
X-5594,ACR,49.0,MutNovel,"G217E,1.000"
X-5594,ACVR1B,91.0,MutNovel,"T202I,0.300"
X-5594,ADAM3A,1587.0,Del0.8,0.63
X-5594,AHNAK,79026.0,MutNovel,"G5852R,0.211"
X-5594,AKR1B10,57016.0,MutNovel,"A245T,0.458"
X-5594,ALPK3,57538.0,MutNovel,"S1650R,0.833"
X-5594,ANAPC1,64682.0,MutNovel,"R1110C,0.364"
X-5594,ANKRD32,84250.0,MutNovel,"R117C,0.500"
X-5594,ANKRD36,375248.0,MutNovel,"T998S,0.400"
X-5594,AP3D1,8943.0,MutNovel,"S369F,0.217"
X-5594,APC,324.0,MutKnownFunctional,"R1450*,0.667"
X-5594,ARHGEF2,9181.0,MutNovel,"K472R,0.366"
X-5594,ARHGEF35,445328.0,MutNovel,"Q179R,0.556"
X-5594,ATAD3A,55210.0,MutNovel,"W110R,1.000"
X-5594,ATHL1,80162.0,MutNovel,"V298I,0.201"
X-5594,BRCA1,672.0,MutNovel,"S378R,0.429"
X-5594,C11orf41,25758.0,MutNovel,"R1100W,1.000"
X-5594,C2orf63,130162.0,MutNovel,"F361L,0.400"
X-5594,C3orf37,56941.0,MutNovel,"P264L,0.471"
X-5594,C9orf85,138241.0,MutKnownFunctional,"-35,0.470"
X-5594,CABLES1,91768.0,MutNovel,"Q142R,0.833"
X-5594,CBWD7,,MutKnownFunctional,"-124?,0.600"
X-5594,CBWD7,,MutNovel,"E146D,0.571"
X-5594,CDC42EP1,11135.0,MutNovel,"PAPAANPS253P,0.755"
X-5594,CDHR5,53841.0,MutNovel,"G537R,0.551"
X-5594,CEACAM1,634.0,MutNovel,"T100I,0.261"
X-5594,CEP350,9857.0,MutNovel,"D2877V,0.258"
X-5594,CHD4,1108.0,MutNovel,"L1857P,0.995"
X-5594,CNOT10,25904.0,MutNovel,"R450C,0.404"
X-5594,CTAGE6P,340307.0,Amp5,6.5
X-5594,CTSA,5476.0,MutNovel,"L29-,0.915"
X-5594,CUEDC1,404093.0,MutNovel,"L193R,0.368"
X-5594,CYHR1,50626.0,MutNovel,"A172V,0.796"
X-5594,DDX51,317781.0,MutNovel,"P20S,0.500"
X-5594,DHX30,22907.0,MutNovel,"K105-,0.238"
X-5594,DNAJA3,9093.0,MutNovel,"I354V,0.379"
X-5594,DONSON,29980.0,MutNovel,"A174V,0.586"
X-5594,DUSP8,1850.0,MutNovel,"-460VP,0.583"
X-5594,E2F4,1874.0,MutNovel,"I268V,0.308"
X-5594,ELMOD2,255520.0,MutNovel,"I3V,0.355"
X-5594,ETFB,2109.0,MutKnownFunctional,"-93?,0.700"
X-5594,EXOC2,55770.0,MutNovel,"E765A,0.268"
X-5594,FAHD2B,151313.0,MutNovel,"W93R,0.222"
X-5594,FAM106A,80039.0,Del0.8,0.44
X-5594,FAM83D,81610.0,MutNovel,"R168C,0.297"
X-5594,FAM86B1,85002.0,MutNovel,"V215M,0.429"
X-5594,FBXO31,79791.0,MutNovel,"L299F,0.455"
X-5594,FNDC1,84624.0,MutNovel,"ATTRRTT1471A,0.714"
X-5594,GIGYF2,26058.0,MutNovel,"PQ1231P,0.450"
X-5594,GLE1,2733.0,MutNovel,"L633V,0.261"
X-5594,GLI2,2736.0,MutNovel,"P1433L,1.000"
X-5594,GLYCTK,132158.0,MutNovel,"T199N,0.563"
X-5594,GOLGA3,2802.0,MutNovel,"R980Q,0.600"
X-5594,GPR126,57211.0,MutNovel,"E731Q,0.353"
X-5594,GPR137B,7107.0,MutNovel,"N26H,0.455"
X-5594,HCFC2,29915.0,MutKnownFunctional,"-307?,0.375"
X-5594,HLA-G,3135.0,MutNovel,"R180Q,1.000"
X-5594,HLA-G,3135.0,MutNovel,"K335N,1.000"
X-5594,HMGN5,79366.0,MutNovel,"Q137K,0.472"
X-5594,HOXB6,3216.0,MutNovel,"T13A,0.459"
X-5594,HRCT1,646962.0,MutNovel,"LH100L,0.833"
X-5594,IFI16,3428.0,MutNovel,"T550P,0.333"
X-5594,IFT20,90410.0,MutNovel,"D98N,0.345"
X-5594,IMPA2,3613.0,MutNovel,"A22E,0.433"
X-5594,IST1,9798.0,MutNovel,"MP236-,0.202"
X-5594,KCP,375616.0,MutNovel,"P1136S,0.308"
X-5594,KIAA0391,9692.0,MutKnownFunctional,"-83?,0.265"
X-5594,KIAA2018,205717.0,MutNovel,"P222L,0.333"
X-5594,KIF20B,9585.0,MutNovel,"L1062LKV,0.256"
X-5594,KLHDC4,54758.0,MutNovel,"A426T,0.537"
X-5594,KRAS,3845.0,MutKnownFunctional,"G12S,0.949"
X-5594,LCE3C,353144.0,Del0.8,0.22
X-5594,LGALS7,3963.0,MutNovel,"R15H,1.000"
X-5594,LGALS9C,654346.0,Del0.8,0.44
X-5594,LOC100996693,,MutNovel,"R108Q,0.467"
X-5594,LOC728888,,MutNovel,"A1078C,0.857"
X-5594,LOXL3,84695.0,MutNovel,"T707K,0.429"
X-5594,LPXN,9404.0,MutNovel,"R18H,0.455"
X-5594,LRPPRC,10128.0,MutNovel,"A37S,0.549"
X-5594,LSR,51599.0,MutNovel,"G518GR,0.811"
X-5594,LUC7L,55692.0,MutNovel,"R243C,0.660"
X-5594,MAP3K4,4216.0,MutNovel,"PA1189P,0.333"
X-5594,MAPKAP1,79109.0,MutNovel,"D22N,0.202"
X-5594,MLL2,8085.0,MutNovel,"K4832N,1.000"
X-5594,MOGS,7841.0,MutNovel,"R601Q,0.247"
X-5594,MPRIP,23164.0,MutNovel,"TS178T,0.273"
X-5594,MUC5B,727897.0,MutNovel,"R2292H,1.000"
X-5594,MUC5B,727897.0,MutNovel,"V2574A,1.000"
X-5594,MUC5B,727897.0,MutNovel,"T3883M,1.000"
X-5594,MUC5B,727897.0,MutNovel,"T3952N,0.600"
X-5594,MUC5B,727897.0,MutNovel,"TTA4096T,1.000"
X-5594,MUC5B,727897.0,MutNovel,"R4106H,1.000"
X-5594,MUC5B,727897.0,MutNovel,"M4239T,0.667"
X-5594,MUC5B,727897.0,MutNovel,"A5273P,0.694"
X-5594,NCOR2,9612.0,MutNovel,"G1839GAAA,0.556"
X-5594,NR1H2,7376.0,MutNovel,"-173Q,0.569"
X-5594,NSUN2,54888.0,MutNovel,"S155T,0.211"
X-5594,NUBP2,10101.0,MutNovel,"K28E,0.258"
X-5594,ORAI1,84876.0,MutNovel,"PP43-,0.868"
X-5594,PALLD,23022.0,MutNovel,"E780D,0.256"
X-5594,PATZ1,23598.0,MutNovel,"R3P,0.538"
X-5594,PDE5A,8654.0,MutNovel,"T322I,0.308"
X-5594,PDIA5,10954.0,MutNovel,"H307Q,0.247"
X-5594,PHF17,79960.0,MutNovel,"A816P,0.286"
X-5594,PHLDA1,22822.0,MutNovel,"QQ194Q,0.486"
X-5594,PI3,5266.0,MutNovel,"D57N,0.515"
X-5594,PKN1,5585.0,MutNovel,"S572N,0.681"
X-5594,PNPLA8,50640.0,MutNovel,"R662H,0.536"
X-5594,PRDM2,7799.0,MutKnownFunctional,"R1396*,0.615"
X-5594,PRKRIR,5612.0,MutNovel,"R696Q,0.286"
X-5594,PRPF40A,55660.0,MutNovel,"R744C,0.494"
X-5594,PRR24,255783.0,MutNovel,"R2P,0.800"
X-5594,PRSS1,5644.0,MutNovel,"L14V,1.000"
X-5594,PRSS1,5644.0,MutNovel,"N29I,1.000"
X-5594,PTAR1,375743.0,MutNovel,"A278T,1.000"
X-5594,RIMS3,9783.0,MutNovel,"R19Q,1.000"
X-5594,RIN3,79890.0,MutNovel,"G967-,0.645"
X-5594,RTN3,10313.0,MutNovel,"M224V,0.325"
X-5594,SASS6,163786.0,MutNovel,"I115V,0.667"
X-5594,SCT,6343.0,MutNovel,"P109S,0.667"
X-5594,SEC24D,9871.0,MutNovel,"V7M,0.909"
X-5594,SERINC2,347735.0,MutNovel,"-373Q,0.735"
X-5594,SGOL1,151648.0,MutNovel,"L68S,0.350"
X-5594,SLC26A11,284129.0,MutNovel,"T426M,0.387"
X-5594,SLC2A13,114134.0,MutNovel,"F72I,1.000"
X-5594,SLC38A6,145389.0,MutNovel,"P458L,0.500"
X-5594,SLX1A,548593.0,MutNovel,"R92S,0.333"
X-5594,SPATA18,132671.0,MutNovel,"S227L,1.000"
X-5594,TBC1D25,4943.0,MutNovel,"P16S,0.750"
X-5594,TBC1D30,23329.0,MutNovel,"N215S,1.000"
X-5594,TBC1D9,23158.0,MutNovel,"S1166L,0.625"
X-5594,TM9SF1,10548.0,MutNovel,"W208L,0.243"
X-5594,TMEM132B,114795.0,MutNovel,"T656A,1.000"
X-5594,TMEM177,80775.0,MutNovel,"R147C,0.426"
X-5594,TMEM184A,202915.0,MutNovel,"G392GA,0.442"
X-5594,TNPO2,30000.0,MutNovel,"R822C,0.410"
X-5594,TP53,7157.0,MutKnownFunctional,"R213*,1.000"
X-5594,TPCN1,53373.0,MutNovel,"A136T,0.818"
X-5594,TPPP,11076.0,MutNovel,"R127Q,0.240"
X-5594,TRAK1,22906.0,MutNovel,"D627N,0.466"
X-5594,TSC22D4,81628.0,MutNovel,"S292G,0.365"
X-5594,TSPYL1,7259.0,MutNovel,"V176VW,0.901"
X-5594,UBR5,51366.0,MutKnownFunctional,"-2120?,0.260"
X-5594,USP32P2,220594.0,Del0.8,0.44
X-5594,UTY,7404.0,MutNovel,"AR1078LR,0.500"
X-5594,UTY,7404.0,MutNovel,"H1077P,0.500"
X-5594,UTY,7404.0,MutNovel,"SH1075HD,0.500"
X-5594,UTY,7404.0,MutNovel,"V1074H,0.500"
X-5594,UTY,7404.0,MutNovel,"G1073C,0.571"
X-5594,UTY,7404.0,MutNovel,"GI1070AG,0.571"
X-5594,UTY,7404.0,MutNovel,"AG1069DR,0.571"
X-5594,UTY,7404.0,MutKnownFunctional,"S1068*,0.571"
X-5594,UTY,7404.0,MutNovel,"S1066T,0.571"
X-5594,UTY,7404.0,MutNovel,"GG1059VR,0.571"
X-5594,UTY,7404.0,MutNovel,"S1058D,0.500"
X-5594,UTY,7404.0,MutNovel,"LL1055GL,0.429"
X-5594,UTY,7404.0,MutNovel,"E1054L,0.429"
X-5594,UTY,7404.0,MutNovel,"DP1057EI,0.259"
X-5594,UTY,7404.0,MutNovel,"WD1056SY,0.259"
X-5594,UTY,7404.0,MutNovel,"N1055G,0.280"
X-5594,UTY,7404.0,MutKnownFunctional,"DE1053C*,0.269"
X-5594,UTY,7404.0,MutKnownFunctional,"QP1050P*,0.261"
X-5594,UTY,7404.0,MutNovel,"LQ1049NK,0.316"
X-5594,UTY,7404.0,MutNovel,"QL1047HS,0.316"
X-5594,UTY,7404.0,MutNovel,"K1031F,0.400"
X-5594,UTY,7404.0,MutNovel,"T1030S,0.400"
X-5594,UTY,7404.0,MutNovel,"K992Q,0.286"
X-5594,UTY,7404.0,MutNovel,"P968S,0.765"
X-5594,UTY,7404.0,MutNovel,"VS596AV,0.222"
X-5594,UTY,7404.0,MutNovel,"RV595TL,0.250"
X-5594,UTY,7404.0,MutNovel,"T594K,0.250"
X-5594,UTY,7404.0,MutNovel,"AL592GR,0.211"
X-5594,UTY,7404.0,MutKnownFunctional,"GA591*S,0.211"
X-5594,UTY,7404.0,MutNovel,"H590T,0.222"
X-5594,UTY,7404.0,MutNovel,"QP588LR,0.222"
X-5594,UTY,7404.0,MutNovel,"N586L,0.217"
X-5594,UTY,7404.0,MutNovel,"Y359N,0.389"
X-5594,UTY,7404.0,MutNovel,"L358T,0.471"
X-5594,UTY,7404.0,MutNovel,"T357G,0.444"
X-5594,UTY,7404.0,MutNovel,"D354G,0.389"
X-5594,UTY,7404.0,MutNovel,"MD353RS,0.444"
X-5594,UTY,7404.0,MutNovel,"W352Q,0.444"
X-5594,UTY,7404.0,MutNovel,"AA350ET,0.333"
X-5594,UTY,7404.0,MutNovel,"HA348QN,0.429"
X-5594,UTY,7404.0,MutNovel,"IC339MS,0.571"
X-5594,UTY,7404.0,MutNovel,"S293N,0.667"
X-5594,UTY,7404.0,MutNovel,"Y291F,0.667"
X-5594,UTY,7404.0,MutKnownFunctional,"GR288G*,0.667"
X-5594,UTY,7404.0,MutKnownFunctional,"G288*,0.667"
X-5594,UTY,7404.0,MutNovel,"Y285N,0.667"
X-5594,UTY,7404.0,MutNovel,"QS282HA,0.667"
X-5594,UTY,7404.0,MutNovel,"S280F,0.667"
X-5594,UTY,7404.0,MutNovel,"A276Y,0.500"
X-5594,UTY,7404.0,MutNovel,"E275Q,0.500"
X-5594,UTY,7404.0,MutNovel,"L270V,0.500"
X-5594,UTY,7404.0,MutNovel,"I267M,0.500"
X-5594,UTY,7404.0,MutNovel,"Y265G,0.400"
X-5594,UTY,7404.0,MutNovel,"M253I,0.500"
X-5594,UTY,7404.0,MutNovel,"WM248PL,0.600"
X-5594,UTY,7404.0,MutNovel,"G247D,0.667"
X-5594,UTY,7404.0,MutNovel,"LG246CS,0.833"
X-5594,UTY,7404.0,MutNovel,"Q245C,0.800"
X-5594,UTY,7404.0,MutNovel,"Q244I,1.000"
X-5594,UTY,7404.0,MutNovel,"V242A,1.000"
X-5594,UTY,7404.0,MutNovel,"AT240QS,1.000"
X-5594,UTY,7404.0,MutNovel,"K239F,0.800"
X-5594,UTY,7404.0,MutNovel,"AQ236VK,0.800"
X-5594,UTY,7404.0,MutNovel,"P235S,1.000"
X-5594,UTY,7404.0,MutNovel,"N233T,1.000"
X-5594,UTY,7404.0,MutKnownFunctional,"TE231D*,1.000"
X-5594,UTY,7404.0,MutNovel,"LQ229FT,1.000"
X-5594,UTY,7404.0,MutNovel,"L229K,1.000"
X-5594,UTY,7404.0,MutNovel,"L228V,0.800"
X-5594,UTY,7404.0,MutKnownFunctional,"YE225*F,1.000"
X-5594,UTY,7404.0,MutNovel,"AY224VI,1.000"
X-5594,UTY,7404.0,MutNovel,"A224P,1.000"
X-5594,UTY,7404.0,MutNovel,"K222L,1.000"
X-5594,UTY,7404.0,MutNovel,"SA220LR,1.000"
X-5594,UTY,7404.0,MutNovel,"VD156EY,0.333"
X-5594,UTY,7404.0,MutNovel,"Y155R,0.444"
X-5594,UTY,7404.0,MutNovel,"A127D,0.400"
X-5594,UTY,7404.0,MutNovel,"QA120LN,0.333"
X-5594,UTY,7404.0,MutNovel,"L119N,0.333"
X-5594,UTY,7404.0,MutNovel,"Y116L,0.333"
X-5594,UTY,7404.0,MutKnownFunctional,"YQ113G*,0.333"
X-5594,UTY,7404.0,MutNovel,"SA111WQ,0.333"
X-5594,UTY,7404.0,MutNovel,"LS110TT,0.333"
X-5594,UTY,7404.0,MutNovel,"S107A,0.222"
X-5594,UTY,7404.0,MutNovel,"ED104RH,0.286"
X-5594,UTY,7404.0,MutKnownFunctional,"LL101*M,0.333"
X-5594,UTY,7404.0,MutNovel,"N100S,0.286"
X-5594,UTY,7404.0,MutNovel,"HF98QA,0.286"
X-5594,UTY,7404.0,MutNovel,"H98D,0.333"
X-5594,UTY,7404.0,MutNovel,"L96G,0.500"
X-5594,UTY,7404.0,MutNovel,"TV39CF,0.400"
X-5594,UTY,7404.0,MutNovel,"L38C,0.400"
X-5594,UTY,7404.0,MutNovel,"S37I,0.400"
X-5594,UTY,7404.0,MutNovel,"S35L,0.333"
X-5594,WDR67,93594.0,MutNovel,"E628K,0.762"
X-5594,WNK1,65125.0,Del0.8,0.77
X-5594,WNK4,65266.0,MutNovel,"G947V,0.520"
X-5594,XRCC4,7518.0,MutNovel,"A316G,0.558"
X-5594,YTHDC1,91746.0,MutNovel,"P537T,0.387"
X-5594,ZNF219,51222.0,MutNovel,"QPP233P,0.750"
X-5594,ZNF384,171017.0,MutNovel,"QQ514Q,0.376"
X-5594,ZNF439,90594.0,MutNovel,"R371T,0.778"
X-5693,AAK1,22848.0,MutNovel,"A732S,1.000"
X-5693,AASDH,132949.0,MutKnownFunctional,"-440,0.333"
X-5693,ABCB5,340273.0,MutNovel,"V1225L,0.483"
X-5693,ABCG1,9619.0,Del0.8,0.64
X-5693,ABI1,10006.0,Del0.8,0.68
X-5693,ABI3,51225.0,MutNovel,"P295L,0.804"
X-5693,ACADM,34.0,Amp5,6.41
X-5693,ACADSB,36.0,MutNovel,"G288E,0.545"
X-5693,ACAT2,39.0,Amp5,5.78
X-5693,ACBD7,414149.0,Del0.8,0.68
X-5693,ACER2,340485.0,Del0.8,0.73
X-5693,ACTR3B,57180.0,MutNovel,"S354N,0.630"
X-5693,ACTR3BP5,399746.0,Amp5,5.74
X-5693,ADAM12,8038.0,MutNovel,"E659G,0.460"
X-5693,ADAM28,10863.0,Del0.8,0.66
X-5693,ADAM7,8756.0,Del0.8,0.66
X-5693,ADAM9,8754.0,MutNovel,"R288W,0.848"
X-5693,ADAMDEC1,27299.0,Del0.8,0.66
X-5693,ADAMTS6,11174.0,MutNovel,"G1050R,0.309"
X-5693,ADAMTSL1,92949.0,Del0.8,0.73
X-5693,ADAMTSL2,9719.0,MutNovel,"R677L,0.450"
X-5693,ADARB2,105.0,Del0.8,0.65
X-5693,ADARB2-AS1,642394.0,Del0.8,0.65
X-5693,ADAT2,134637.0,Amp5,5.9
X-5693,ADRA1A,148.0,Del0.8,0.64
X-5693,AES,166.0,MutNovel,"P218S,0.242"
X-5693,AGAP3,116988.0,MutNovel,"L441M,0.420"
X-5693,AGAP4,119016.0,MutNovel,"S87N,0.500"
X-5693,AGGF1,55109.0,MutNovel,"V302D,0.249"
X-5693,AGPAT5,55326.0,Del0.8,0.71
X-5693,AGXT,189.0,Del0.8,0.69
X-5693,AHDC1,27245.0,MutKnownFunctional,"-586?,0.500"
X-5693,AIG1,51390.0,Amp5,5.9
X-5693,AK2,204.0,MutNovel,"A230T,0.639"
X-5693,AK5,26289.0,Amp5,5.06
X-5693,AKAP12,9590.0,Amp5,5.78
X-5693,AKR1C1,1645.0,Del0.8,0.69
X-5693,AKR1C2,1646.0,Del0.8,0.69
X-5693,AKR1C3,8644.0,Del0.8,0.69
X-5693,AKR1C4,1109.0,Del0.8,0.69
X-5693,AKR1CL1,340811.0,Del0.8,0.69
X-5693,AKR1E2,83592.0,Del0.8,0.69
X-5693,ALDH1B1,219.0,MutKnownFunctional,"-387,1.000"
X-5693,ALDH6A1,4329.0,MutNovel,"V178G,0.418"
X-5693,ALPK1,80216.0,MutNovel,"E943D,1.000"
X-5693,ALS2,57679.0,MutNovel,"D59Y,0.510"
X-5693,AMELY,266.0,Del0.8,0.19
X-5693,ANGPT2,285.0,Del0.8,0.71
X-5693,ANKRD16,54522.0,Del0.8,0.66
X-5693,ANKRD30A,91074.0,Amp5,5.74
X-5693,ANKRD52,283373.0,MutNovel,"A363S,0.256"
X-5693,ANO7,50636.0,Del0.8,0.69
X-5693,AP3B2,8120.0,MutNovel,"S259P,1.000"
X-5693,APBB1IP,54518.0,Del0.8,0.68
X-5693,APBB3,10307.0,MutNovel,"R283W,0.206"
X-5693,APCDD1L,164284.0,Amp5,5.24
X-5693,AQP12A,375318.0,Del0.8,0.69
X-5693,AQP12B,653437.0,Del0.8,0.69
X-5693,ARAP3,64411.0,MutNovel,"R959Q,0.292"
X-5693,ARAP3,64411.0,MutNovel,"T287M,0.375"
X-5693,ARHGAP12,94134.0,Amp5,6.28
X-5693,ARHGAP21,57584.0,Del0.8,0.69
X-5693,ARHGEF10,9639.0,Del0.8,0.71
X-5693,ARID1B,57492.0,Amp5,5.78
X-5693,ARL13B,200894.0,Amp5,6.02
X-5693,ARL5B,221079.0,Del0.8,0.69
X-5693,ARMC3,219681.0,Del0.8,0.69
X-5693,ARMCX1,51309.0,MutNovel,"A161V,1.000"
X-5693,ARSJ,79642.0,MutKnownFunctional,"-579,0.944"
X-5693,ASAH1,427.0,Del0.8,0.68
X-5693,ASB13,79754.0,Del0.8,0.66
X-5693,ASB17,127247.0,Amp5,6.41
X-5693,ASB2,51676.0,MutNovel,"R59C,1.000"
X-5693,ASCC3,10973.0,MutNovel,"R518C,0.330"
X-5693,ASCC3,10973.0,Amp5,5.21
X-5693,ASIC2,,MutNovel,"R46L,1.000"
X-5693,ASXL1,171023.0,MutKnownFunctional,"-643,1.000"
X-5693,ATG3,64422.0,MutNovel,"V269A,0.528"
X-5693,ATG4B,23192.0,Del0.8,0.77
X-5693,ATP13A1,57130.0,MutNovel,"V732M,0.444"
X-5693,ATP2A1,487.0,MutNovel,"A112T,0.600"
X-5693,ATP5C1,509.0,Del0.8,0.68
X-5693,ATP5E,514.0,Amp5,5.24
X-5693,ATP6V1B2,526.0,Del0.8,0.68
X-5693,ATRX,546.0,MutKnownFunctional,"-152,1.000"
X-5693,ATXN7,6314.0,MutNovel,"S302P,0.627"
X-5693,AURKA,6790.0,Amp5,5.66
X-5693,AVL9,23080.0,MutNovel,"P37S,0.492"
X-5693,BCAS1,8537.0,Amp5,6.36
X-5693,BCL7C,9274.0,MutNovel,"D94V,0.553"
X-5693,BCORL1,63035.0,MutNovel,"T551N,1.000"
X-5693,BCORP1,286554.0,Del0.8,0.19
X-5693,BEND7,222389.0,Del0.8,0.68
X-5693,BICD2,23299.0,MutNovel,"N201S,1.000"
X-5693,BIN3,55909.0,Del0.8,0.66
X-5693,BMI1,648.0,Del0.8,0.69
X-5693,BMP6,654.0,MutNovel,"R28Q,1.000"
X-5693,BMP7,655.0,Amp5,5.24
X-5693,BMS1,9790.0,MutNovel,"R874I,0.440"
X-5693,BNC2,54796.0,Del0.8,0.8
X-5693,BNIP3L,665.0,Del0.8,0.69
X-5693,BOK,666.0,Del0.8,0.77
X-5693,BOK-AS1,100379249.0,Del0.8,0.6
X-5693,BPTF,2186.0,MutNovel,"G2904C,0.327"
X-5693,BPY2B,442867.0,Del0.8,0.12
X-5693,BPY2B,442867.0,Del0.8,0.07
X-5693,BSCL2,26580.0,MutNovel,"S207C,0.466"
X-5693,BTG3,10950.0,MutNovel,"R268H,0.419"
X-5693,BTNL3,10917.0,Del0.8,0.8
X-5693,BTNL8,79908.0,Del0.8,0.51
X-5693,C10orf108,414235.0,Del0.8,0.65
X-5693,C10orf111,221060.0,Del0.8,0.68
X-5693,C10orf113,387638.0,Del0.8,0.69
X-5693,C10orf114,399726.0,Del0.8,0.69
X-5693,C10orf12,26148.0,MutNovel,"F499I,0.385"
X-5693,C10orf47,254427.0,Del0.8,0.68
X-5693,C10orf67,256815.0,Del0.8,0.69
X-5693,C12orf55,,MutNovel,"T386N,0.400"
X-5693,C16orf3,750.0,Del0.8,0.17
X-5693,C16orf59,80178.0,MutKnownFunctional,"-336,0.424"
X-5693,C16orf74,404550.0,MutKnownFunctional,"-43,1.000"
X-5693,C1QL3,389941.0,Del0.8,0.68
X-5693,C1orf27,54953.0,MutNovel,"T381I,0.379"
X-5693,C20orf43,51507.0,Amp5,5.66
X-5693,C20orf85,128602.0,Amp5,5.24
X-5693,C21orf128,150147.0,Del0.8,0.62
X-5693,C21orf58,54058.0,MutNovel,"H299PN,1.000"
X-5693,C2CD2,25966.0,Del0.8,0.58
X-5693,C2CD3,26005.0,MutNovel,"S916Y,0.449"
X-5693,C2orf54,79919.0,Del0.8,0.69
X-5693,C2orf56,55471.0,MutNovel,"D239G,0.442"
X-5693,C3orf38,285237.0,Amp8,15.89
X-5693,C6orf211,79624.0,Amp5,5.78
X-5693,C6orf72,116254.0,Amp5,5.78
X-5693,C6orf99,100130967.0,Amp5,5.78
X-5693,C7orf13,129790.0,Del0.8,0.65
X-5693,C7orf26,79034.0,MutKnownFunctional,"-403,0.591"
X-5693,C7orf43,55262.0,MutNovel,"L528I,0.550"
X-5693,C8orf48,157773.0,Del0.8,0.68
X-5693,C8orf58,541565.0,Del0.8,0.66
X-5693,CABIN1,23523.0,MutNovel,"L1901V,1.000"
X-5693,CACNB2,783.0,Del0.8,0.69
X-5693,CADM2,253559.0,Amp8,17.03
X-5693,CALCOCO2,10241.0,MutNovel,"E70K,0.833"
X-5693,CALML3,810.0,Del0.8,0.66
X-5693,CALML5,51806.0,Del0.8,0.66
X-5693,CAMK1D,57118.0,Del0.8,0.68
X-5693,CAPN10,11132.0,Del0.8,0.69
X-5693,CAPN5,726.0,MutNovel,"L31I,0.383"
X-5693,CASP7,840.0,MutNovel,"P72Q,0.241"
X-5693,CASS4,57091.0,Amp5,5.66
X-5693,CBLN4,140689.0,Amp5,5.66
X-5693,CCDC149,91050.0,MutNovel,"V6I,0.444"
X-5693,CCDC25,55246.0,Del0.8,0.64
X-5693,CCDC3,83643.0,Del0.8,0.68
X-5693,CCDC40,55036.0,MutNovel,"D350N,0.269"
X-5693,CCDC57,284001.0,MutNovel,"A258T,0.448"
X-5693,CCDC90B,60492.0,MutNovel,"G14C,0.245"
X-5693,CCNC,892.0,Amp5,5.21
X-5693,CCNK,8812.0,MutKnownFunctional,"-462?,0.414"
X-5693,CCNY,219771.0,Amp5,5.74
X-5693,CCSAP,,MutNovel,"G71A,0.400"
X-5693,CCT5,22948.0,MutNovel,"C440G,0.440"
X-5693,CDC123,8872.0,Del0.8,0.68
X-5693,CDCA2,157313.0,Del0.8,0.68
X-5693,CDNF,441549.0,Del0.8,0.68
X-5693,CDY1B,253175.0,Del0.8,0.19
X-5693,CDY1B,253175.0,Del0.8,0.12
X-5693,CDY2A,9426.0,Del0.8,0.19
X-5693,CDY2A,9426.0,Del0.8,0.19
X-5693,CDY2B,203611.0,Del0.8,0.19
X-5693,CDY2B,203611.0,Del0.8,0.19
X-5693,CELA2A,63036.0,MutNovel,"G96S,1.000"
X-5693,CELF2,10659.0,Del0.8,0.68
X-5693,CELSR1,9620.0,MutNovel,"N2371D,1.000"
X-5693,CEP152,22995.0,MutNovel,"R1634C,0.456"
X-5693,CEP72,55722.0,MutNovel,"R121H,0.458"
X-5693,CFLAR,8837.0,MutKnownFunctional,"E265*,0.304"
X-5693,CGGBP1,8545.0,Amp8,15.89
X-5693,CHCHD6,84303.0,MutNovel,"F14V,1.000"
X-5693,CHD2,1106.0,MutKnownFunctional,"-1242?,0.750"
X-5693,CHD3,1107.0,MutNovel,"-81P,1.000"
X-5693,CHD6,84181.0,MutNovel,"G1757R,0.361"
X-5693,CHL1,10752.0,Del0.8,0.62
X-5693,CHMP2A,27243.0,Del0.8,0.73
X-5693,CHMP2B,25978.0,Amp8,15.89
X-5693,CHMP7,91782.0,Del0.8,0.66
X-5693,CHRNA2,1135.0,Del0.8,0.64
X-5693,CIT,11113.0,MutNovel,"G1504V,0.427"
X-5693,CKAP2,26586.0,MutNovel,"A615T,0.444"
X-5693,CLCN3,1182.0,MutNovel,"E170K,1.000"
X-5693,CLDN20,49861.0,Amp5,5.78
X-5693,CLDN23,137075.0,Del0.8,0.7
X-5693,CLDN4,1364.0,MutKnownFunctional,"-178,0.534"
X-5693,CLEC18B,497190.0,MutNovel,"D307N,1.000"
X-5693,CLEC2B,9976.0,MutNovel,"L34F,1.000"
X-5693,CLK2,1196.0,MutKnownFunctional,"-118,0.261"
X-5693,CLN8,2055.0,Del0.8,0.71
X-5693,CLOCK,9575.0,MutKnownFunctional,"-123,0.284"
X-5693,CLU,1191.0,Del0.8,0.64
X-5693,CNKSR3,154043.0,Amp5,5.78
X-5693,CNOT1,23019.0,MutKnownFunctional,"-1543,1.000"
X-5693,CNOT7,29883.0,Del0.8,0.68
X-5693,CNPY1,285888.0,Del0.8,0.65
X-5693,CNTN3,5067.0,Amp5,5.62
X-5693,CNTN6,27255.0,Del0.8,0.62
X-5693,COBLL1,22837.0,MutNovel,"A13T,0.462"
X-5693,COG5,10466.0,MutNovel,"G143R,0.264"
X-5693,COL4A1,1282.0,MutNovel,"G1366A,0.309"
X-5693,COL6A2,1292.0,MutNovel,"R889W,0.236"
X-5693,COL7A1,1294.0,MutKnownFunctional,"-1376,1.000"
X-5693,COMMD3,23412.0,Del0.8,0.69
X-5693,COMMD3-BMI1,100532731.0,Del0.8,0.69
X-5693,COPZ2,51226.0,MutKnownFunctional,"-6?,1.000"
X-5693,COQ3,51805.0,Amp5,5.21
X-5693,CPD,1362.0,MutNovel,"D312G,0.466"
X-5693,CRAMP1L,57585.0,MutNovel,"A68V,0.400"
X-5693,CREM,1390.0,Amp5,5.74
X-5693,CSGALNACT1,55790.0,Del0.8,0.68
X-5693,CSPG4P1Y,114758.0,Del0.8,0.19
X-5693,CSPG4P1Y,114758.0,Del0.8,0.24
X-5693,CSTF1,1477.0,Amp5,5.66
X-5693,CTCFL,140690.0,Amp5,5.24
X-5693,CTSA,5476.0,MutNovel,"L29-,0.445"
X-5693,CTSZ,1522.0,Amp5,5.24
X-5693,CUBN,8029.0,Del0.8,0.68
X-5693,CUX1,1523.0,MutNovel,"K832R,0.303"
X-5693,CWC22,57703.0,MutNovel,"S571G,0.444"
X-5693,CWC27,10283.0,MutNovel,"A369S,0.509"
X-5693,CXXC11,285093.0,Del0.8,0.77
X-5693,CYP24A1,1591.0,Amp5,6.36
X-5693,D2HGDH,728294.0,Del0.8,0.77
X-5693,DAAM1,23002.0,MutNovel,"P422T,0.256"
X-5693,DACT3,147906.0,MutNovel,"R386H,1.000"
X-5693,DAZ1,1617.0,Del0.8,0.19
X-5693,DAZ2,57055.0,Del0.8,0.13
X-5693,DAZ3,57054.0,Del0.8,0.07
X-5693,DAZ3,57054.0,Del0.8,0.12
X-5693,DAZ4,57135.0,Del0.8,0.1
X-5693,DAZ4,57135.0,Del0.8,0.13
X-5693,DCAF8,50717.0,MutNovel,"A348T,0.333"
X-5693,DCAF8L1,139425.0,Amp5,6.15
X-5693,DCAF8L2,347442.0,Amp5,6.15
X-5693,DCLRE1C,64421.0,Del0.8,0.68
X-5693,DCTN6,10671.0,Del0.8,0.64
X-5693,DDX23,9416.0,MutNovel,"R726H,0.240"
X-5693,DDX3Y,8653.0,Del0.8,0.19
X-5693,DEFA10P,449493.0,Del0.8,0.71
X-5693,DEFA1B,728358.0,Del0.8,0.71
X-5693,DEFA4,1669.0,Del0.8,0.71
X-5693,DEFA5,1670.0,Del0.8,0.71
X-5693,DEFA6,1671.0,Del0.8,0.71
X-5693,DEFB1,1672.0,Del0.8,0.71
X-5693,DEFB103A,414325.0,Del0.8,0.39
X-5693,DEFB103A,414325.0,Del0.8,0.24
X-5693,DEFB104B,503618.0,Del0.8,0.39
X-5693,DEFB104B,503618.0,Del0.8,0.24
X-5693,DEFB105B,504180.0,Del0.8,0.39
X-5693,DEFB105B,504180.0,Del0.8,0.24
X-5693,DEFB106B,503841.0,Del0.8,0.24
X-5693,DEFB106B,503841.0,Del0.8,0.39
X-5693,DEFB107A,245910.0,Del0.8,0.39
X-5693,DEFB107A,245910.0,Del0.8,0.24
X-5693,DEFB4A,1673.0,Del0.8,0.24
X-5693,DEFB4B,100289462.0,Del0.8,0.39
X-5693,DEFT1P,170949.0,Del0.8,0.71
X-5693,DENND4C,55667.0,Del0.8,0.73
X-5693,DGCR2,9993.0,MutNovel,"P498L,0.463"
X-5693,DHFRL1,200895.0,Amp5,6.02
X-5693,DHTKD1,55526.0,Del0.8,0.68
X-5693,DHX8,1659.0,MutNovel,"G551R,0.468"
X-5693,DIP2C,22982.0,Del0.8,0.65
X-5693,DLC1,10395.0,Del0.8,0.68
X-5693,DLGAP2,9228.0,Del0.8,0.71
X-5693,DMD,1756.0,Amp5,6.82
X-5693,DNAH10,196385.0,MutNovel,"A4172V,0.235"
X-5693,DNAJB4,11080.0,Amp5,5.06
X-5693,DNAJB6,10049.0,Del0.8,0.57
X-5693,DNAJC1,64215.0,Del0.8,0.69
X-5693,DNAJC10,54431.0,MutNovel,"N452S,0.495"
X-5693,DNLZ,728489.0,MutNovel,"P170H,0.538"
X-5693,DOCK5,80005.0,MutNovel,"Q563H,1.000"
X-5693,DOCK5,80005.0,Del0.8,0.68
X-5693,DOK2,9046.0,Del0.8,0.64
X-5693,DOK5,55816.0,Amp5,5.66
X-5693,DOPEY2,9980.0,MutNovel,"P923H,0.551"
X-5693,DPYSL2,1808.0,Del0.8,0.69
X-5693,DTYMK,1841.0,Del0.8,0.77
X-5693,DUOXA1,90527.0,MutNovel,"N125D,0.207"
X-5693,DUOXA2,405753.0,MutNovel,"N109H,0.667"
X-5693,DUS4L,11062.0,MutKnownFunctional,"-176,0.222"
X-5693,DUSP22,56940.0,Del0.8,0.64
X-5693,DUSP28,285193.0,Del0.8,0.69
X-5693,DUSP4,1846.0,Del0.8,0.64
X-5693,DYNLT1,6993.0,Amp5,5.78
X-5693,E2F3,1871.0,MutNovel,"H338Q,0.406"
X-5693,E2F4,1874.0,MutNovel,"D306DSSS,1.000"
X-5693,E4F1,1877.0,MutNovel,"D668G,0.490"
X-5693,EBF2,64641.0,Del0.8,0.69
X-5693,EBLN1,340900.0,Del0.8,0.69
X-5693,ECHDC3,79746.0,Del0.8,0.68
X-5693,EDN3,1908.0,Amp5,5.24
X-5693,EEF2K,29904.0,MutNovel,"E190K,0.618"
X-5693,EFHA2,286097.0,Del0.8,0.68
X-5693,EFTUD1,79631.0,MutNovel,"T750M,0.269"
X-5693,EGR3,1960.0,Del0.8,0.66
X-5693,EHBP1L1,254102.0,MutNovel,"F1102L,0.504"
X-5693,EHD1,10938.0,MutNovel,"L207P,0.482"
X-5693,EHMT1,79813.0,MutKnownFunctional,"R1116*,0.244"
X-5693,EIF1AY,9086.0,Del0.8,0.19
X-5693,ELP3,55140.0,Del0.8,0.64
X-5693,ELTD1,64123.0,Amp5,5.06
X-5693,EML3,256364.0,MutNovel,"R487Q,0.555"
X-5693,EN2,2020.0,Del0.8,0.65
X-5693,ENKUR,219670.0,Del0.8,0.69
X-5693,ENTPD4,9583.0,Del0.8,0.66
X-5693,EPB49,2039.0,Del0.8,0.64
X-5693,EPHA3,2042.0,Amp8,12.55
X-5693,EPHX2,2053.0,Del0.8,0.64
X-5693,EPM2A,7957.0,Amp5,5.78
X-5693,ERCC4,2072.0,MutKnownFunctional,"R292*,0.259"
X-5693,ERI1,90459.0,Del0.8,0.7
X-5693,ESCO2,157570.0,Del0.8,0.64
X-5693,ESR1,2099.0,Amp5,5.78
X-5693,ESYT2,57488.0,Del0.8,0.75
X-5693,EXOC4,60412.0,MutNovel,"V815A,0.607"
X-5693,EXOC7,23265.0,MutNovel,"R52C,0.350"
X-5693,EXOSC10,5394.0,MutKnownFunctional,"-1?,0.452"
X-5693,EXT2,2132.0,MutNovel,"C333Y,0.233"
X-5693,EXTL3,2137.0,Del0.8,0.64
X-5693,EZR,7430.0,Amp5,5.78
X-5693,FAM105B,90268.0,MutNovel,"P324H,0.559"
X-5693,FAM107B,83641.0,Del0.8,0.68
X-5693,FAM110A,83541.0,MutNovel,"S253L,1.000"
X-5693,FAM115A,9747.0,MutNovel,"I258T,0.263"
X-5693,FAM120A,23196.0,MutNovel,"P969A,0.470"
X-5693,FAM154A,158297.0,Del0.8,0.73
X-5693,FAM160B2,64760.0,Del0.8,0.64
X-5693,FAM171A1,221061.0,Del0.8,0.68
X-5693,FAM171B,165215.0,MutNovel,"-50Q,1.000"
X-5693,FAM188A,80013.0,Del0.8,0.68
X-5693,FAM196B,100131897.0,MutNovel,"R450H,0.625"
X-5693,FAM197Y2P,252946.0,Del0.8,0.19
X-5693,FAM208B,54906.0,Del0.8,0.66
X-5693,FAM209A,200232.0,Amp5,5.66
X-5693,FAM209B,388799.0,Amp5,5.66
X-5693,FAM210B,116151.0,Amp5,5.66
X-5693,FAM21A,387680.0,Del0.8,0.52
X-5693,FAM41AY1,340618.0,Del0.8,0.19
X-5693,FAM41AY1,340618.0,Del0.8,0.19
X-5693,FAM59B,150946.0,MutNovel,"F615S,1.000"
X-5693,FAM66D,100132923.0,Del0.8,0.54
X-5693,FAM73A,374986.0,Amp5,5.06
X-5693,FAM86B1,85002.0,Del0.8,0.54
X-5693,FAM86DP,692099.0,Amp8,24.25
X-5693,FAM98A,25940.0,MutNovel,"G335C,0.228"
X-5693,FARP2,9855.0,Del0.8,0.69
X-5693,FBN2,2201.0,MutNovel,"R5W,0.449"
X-5693,FBXL19,54620.0,MutNovel,"R551W,0.507"
X-5693,FBXL3,26224.0,MutKnownFunctional,"-295,0.639"
X-5693,FBXL4,26235.0,Amp5,5.21
X-5693,FBXO16,157574.0,Del0.8,0.64
X-5693,FBXO18,84893.0,Del0.8,0.66
X-5693,FBXO25,26260.0,MutNovel,"R14P,1.000"
X-5693,FBXO25,26260.0,MutNovel,"R83H,1.000"
X-5693,FBXO30,84085.0,Amp5,5.78
X-5693,FBXO5,26271.0,Amp5,5.78
X-5693,FBXW8,26259.0,MutNovel,"R82P,0.559"
X-5693,FGF17,8822.0,Del0.8,0.64
X-5693,FGF20,26281.0,Del0.8,0.68
X-5693,FGL1,2267.0,Del0.8,0.68
X-5693,FIGNL1,63979.0,MutKnownFunctional,"-309,0.762"
X-5693,FLG,2312.0,MutNovel,"A3647T,0.571"
X-5693,FLJ10661,286042.0,Del0.8,0.7
X-5693,FLJ14107,80094.0,Del0.8,0.66
X-5693,FLJ45983,399717.0,Del0.8,0.68
X-5693,FLRT2,23768.0,MutKnownFunctional,"-13,0.742"
X-5693,FMN2,56776.0,MutNovel,"R1544Q,0.667"
X-5693,FMNL3,91010.0,MutNovel,"L217I,0.215"
X-5693,FNDC1,84624.0,Amp5,5.78
X-5693,FOCAD,,MutNovel,"P443H,1.000"
X-5693,FOLR2,2350.0,MutNovel,"Q112R,1.000"
X-5693,FOXD1,2297.0,MutNovel,"AGRRR382-,0.892"
X-5693,FRAT2,23401.0,MutNovel,"A56T,0.429"
X-5693,FRMD4A,55691.0,MutNovel,"D746-,1.000"
X-5693,FRMD4A,55691.0,Del0.8,0.68
X-5693,FTHL17,53940.0,Amp5,7.52
X-5693,FTSJD1,55783.0,MutKnownFunctional,"-347,0.400"
X-5693,FTSJD1,55783.0,MutNovel,"D239V,0.489"
X-5693,FTSJD2,23070.0,MutNovel,"R672W,0.309"
X-5693,FUBP1,8880.0,Amp5,5.06
X-5693,FUCA2,2519.0,Amp5,5.9
X-5693,FXR1,8087.0,MutKnownFunctional,"-122?,1.000"
X-5693,FZD3,7976.0,Del0.8,0.64
X-5693,FZD8,8325.0,Amp5,5.74
X-5693,GAD2,2572.0,Del0.8,0.68
X-5693,GAL3ST2,64090.0,Del0.8,0.77
X-5693,GAS8,2622.0,Del0.8,0.45
X-5693,GATA3,2625.0,Del0.8,0.68
X-5693,GATC,283459.0,MutKnownFunctional,"-117?,0.365"
X-5693,GBE1,2632.0,Amp8,18
X-5693,GCNT7,140687.0,Amp5,5.66
X-5693,GDI2,2665.0,Del0.8,0.66
X-5693,GIPC2,54810.0,Amp5,5.06
X-5693,GJD4,219770.0,Amp5,5.74
X-5693,GK,2710.0,Amp5,7.52
X-5693,GLI1,2735.0,MutKnownFunctional,"-272,0.750"
X-5693,GLIS2,84662.0,MutKnownFunctional,"-395,0.500"
X-5693,GNAS,2778.0,Amp5,5.24
X-5693,GNAS-AS1,149775.0,Amp5,5.24
X-5693,GNRH1,2796.0,Del0.8,0.68
X-5693,GOLGA2P2Y,84559.0,Del0.8,0.24
X-5693,GOLGA2P2Y,84559.0,Del0.8,0.19
X-5693,GOLPH3,64083.0,MutNovel,"R212C,0.297"
X-5693,GPANK1,7918.0,MutKnownFunctional,"-267?,0.500"
X-5693,GPC1,2817.0,Del0.8,0.7
X-5693,GPC3,2719.0,MutNovel,"C265Y,0.439"
X-5693,GPR108,56927.0,MutNovel,"R245W,0.468"
X-5693,GPR126,57211.0,Amp5,5.9
X-5693,GPR158,57512.0,Del0.8,0.78
X-5693,GPR35,2859.0,Del0.8,0.69
X-5693,GPR52,9293.0,Del0.8,0.6
X-5693,GRIK2,2898.0,Amp5,5.21
X-5693,GRIN2A,2903.0,MutNovel,"A1276G,0.577"
X-5693,GRM1,2911.0,Amp5,5.78
X-5693,GSTTP1,25774.0,Del0.8,0.64
X-5693,GTF2E2,2961.0,Del0.8,0.64
X-5693,GTF2H5,404672.0,Amp5,5.78
X-5693,GTF3C5,9328.0,MutNovel,"L395P,0.378"
X-5693,GTPBP2,54676.0,MutNovel,"F82V,0.709"
X-5693,GTPBP4,23560.0,Del0.8,0.65
X-5693,GYG2P1,352887.0,Del0.8,0.19
X-5693,HAND2,9464.0,MutKnownFunctional,"-83?,1.000"
X-5693,HAUS6,54801.0,Del0.8,0.73
X-5693,HDLBP,3069.0,Del0.8,0.69
X-5693,HIPK2,28996.0,MutNovel,"E200K,0.571"
X-5693,HIVEP2,3097.0,Amp5,5.9
X-5693,HLA-G,3135.0,MutNovel,"A34T,1.000"
X-5693,HMBOX1,79618.0,Del0.8,0.64
X-5693,HNMT,3176.0,MutKnownFunctional,"Q134*,0.261"
X-5693,HNRNPH2,3188.0,MutNovel,"D373V,1.000"
X-5693,HR,55806.0,Del0.8,0.64
X-5693,HSD17B7P2,158160.0,Amp5,5.74
X-5693,HSFY2,159119.0,Del0.8,0.19
X-5693,HSFY2,159119.0,Del0.8,0.19
X-5693,HSPA14,51182.0,Del0.8,0.68
X-5693,HSPG2,3339.0,MutNovel,"Y757S,0.584"
X-5693,HTR1F,3355.0,Amp8,15.89
X-5693,HYMAI,57061.0,Amp5,5.9
X-5693,IDI1,3422.0,Del0.8,0.65
X-5693,IDI2,91734.0,Del0.8,0.65
X-5693,IDI2-AS1,55853.0,Del0.8,0.65
X-5693,IFI44,10561.0,Amp5,5.06
X-5693,IFI44L,10964.0,Amp5,5.06
X-5693,IFIT1,3434.0,MutNovel,"R262Q,1.000"
X-5693,IGF2R,3482.0,Amp5,5.78
X-5693,IGHMBP2,3508.0,MutNovel,"V599M,0.517"
X-5693,IL15RA,3601.0,Del0.8,0.66
X-5693,IL1RAPL1,11141.0,Amp5,6.15
X-5693,IL2RA,3559.0,Del0.8,0.66
X-5693,ING5,84289.0,Del0.8,0.77
X-5693,INO80E,283899.0,MutKnownFunctional,"-209,0.432"
X-5693,INPP5F,22876.0,MutNovel,"R199Q,0.293"
X-5693,INSIG1,3638.0,Del0.8,0.63
X-5693,INTS10,55174.0,Del0.8,0.68
X-5693,INTS9,55756.0,Del0.8,0.64
X-5693,IPCEF1,26034.0,Amp5,5.78
X-5693,IPO4,79711.0,MutNovel,"I298T,0.623"
X-5693,IRF3,3661.0,MutNovel,"A63T,1.000"
X-5693,IRS1,3667.0,MutNovel,"R373H,0.289"
X-5693,ITGA11,22801.0,MutNovel,"I879T,0.530"
X-5693,ITGA8,8516.0,Del0.8,0.68
X-5693,ITIH2,3698.0,Del0.8,0.68
X-5693,ITIH5,80760.0,Del0.8,0.68
X-5693,IYD,389434.0,Amp5,5.78
X-5693,KAT6A,7994.0,MutNovel,"P1675HP,0.205"
X-5693,KATNA1,11104.0,Amp5,5.78
X-5693,KBTBD11,9920.0,Del0.8,0.71
X-5693,KCTD9,54793.0,Del0.8,0.68
X-5693,KDM5D,8284.0,Del0.8,0.19
X-5693,KIAA0196,9897.0,MutKnownFunctional,"-276,1.000"
X-5693,KIAA0528,9847.0,MutNovel,"R461C,0.647"
X-5693,KIAA1109,84162.0,MutNovel,"S2657P,1.000"
X-5693,KIAA1217,56243.0,Del0.8,0.69
X-5693,KIAA1456,57604.0,Del0.8,0.68
X-5693,KIAA1586,57691.0,MutNovel,"A58T,0.414"
X-5693,KIAA1919,91749.0,MutKnownFunctional,"-199,0.867"
X-5693,KIAA1967,57805.0,Del0.8,0.66
X-5693,KIAA2018,205717.0,MutKnownFunctional,"-1016,1.000"
X-5693,KIF13B,23303.0,Del0.8,0.64
X-5693,KIF1A,547.0,Del0.8,0.69
X-5693,KIF27,55582.0,MutNovel,"R860Q,1.000"
X-5693,KIF4A,24137.0,MutNovel,"Y933C,1.000"
X-5693,KIF7,374654.0,MutNovel,"A324T,0.380"
X-5693,KIN,22944.0,Del0.8,0.68
X-5693,KLF16,83855.0,MutNovel,"G211S,0.579"
X-5693,KLF6,1316.0,Del0.8,0.69
X-5693,KRT8,3856.0,MutNovel,"T215A,0.364"
X-5693,LARP4B,23185.0,Del0.8,0.65
X-5693,LARS,51520.0,MutNovel,"L874M,0.476"
X-5693,LATS1,9113.0,Amp5,5.78
X-5693,LEPROTL1,23484.0,MutKnownFunctional,"G105*,1.000"
X-5693,LEPROTL1,23484.0,Del0.8,0.64
X-5693,LGALS3,3958.0,MutNovel,"P83H,0.504"
X-5693,LGI3,203190.0,Del0.8,0.64
X-5693,LHX2,9355.0,MutNovel,"R130H,0.659"
X-5693,LIN54,132660.0,MutNovel,"L102P,0.330"
X-5693,LINC00111,54090.0,Del0.8,0.66
X-5693,LINC00112,54089.0,Del0.8,0.66
X-5693,LINC00200,399706.0,Del0.8,0.65
X-5693,LINC00202,387644.0,Del0.8,0.68
X-5693,LINC00244,64433.0,Del0.8,0.65
X-5693,LINC00264,645528.0,Del0.8,0.68
X-5693,LINC00479,150135.0,Del0.8,0.66
X-5693,LIPE,3991.0,MutNovel,"T306I,1.000"
X-5693,LMBR1,64327.0,Del0.8,0.65
X-5693,LMF2,91289.0,MutNovel,"L415P,0.478"
X-5693,LOC100128098,100128098.0,Del0.8,0.68
X-5693,LOC100128176,100128176.0,Amp5,5.78
X-5693,LOC100128993,100128993.0,Del0.8,0.68
X-5693,LOC100129055,100129055.0,Amp5,5.74
X-5693,LOC100129213,100129213.0,Del0.8,0.69
X-5693,LOC100129518,100129518.0,Amp5,5.78
X-5693,LOC100130015,100130015.0,Del0.8,0.48
X-5693,LOC100130992,100130992.0,Del0.8,0.69
X-5693,LOC100131691,100131691.0,Del0.8,0.73
X-5693,LOC100132396,100132396.0,Del0.8,0.48
X-5693,LOC100192204,100192204.0,Del0.8,0.68
X-5693,LOC100216001,100216001.0,Del0.8,0.69
X-5693,LOC100287015,100287015.0,Del0.8,0.71
X-5693,LOC100499489,100499489.0,Del0.8,0.69
X-5693,LOC100506384,100506384.0,Amp5,5.24
X-5693,LOC100506585,100506585.0,Del0.8,0.65
X-5693,LOC100507034,100507034.0,Del0.8,0.69
X-5693,LOC100507127,100507127.0,Del0.8,0.68
X-5693,LOC100507156,100507156.0,Del0.8,0.66
X-5693,LOC100507341,100507341.0,Del0.8,0.64
X-5693,LOC100507489,100507489.0,Amp5,5.9
X-5693,LOC100507557,100507557.0,Amp5,5.78
X-5693,LOC100652739,100652739.0,Amp5,5.78
X-5693,LOC100652791,100652791.0,Del0.8,0.71
X-5693,LOC100996441,,MutNovel,"T132R,1.000"
X-5693,LOC100996441,,MutNovel,"F126L,1.000"
X-5693,LOC149773,149773.0,Amp5,5.24
X-5693,LOC150935,150935.0,Del0.8,0.7
X-5693,LOC153910,153910.0,Amp5,5.9
X-5693,LOC154822,154822.0,Del0.8,0.75
X-5693,LOC157273,157273.0,Del0.8,0.7
X-5693,LOC200772,200772.0,Del0.8,0.69
X-5693,LOC219731,219731.0,Del0.8,0.68
X-5693,LOC254312,254312.0,Del0.8,0.68
X-5693,LOC255025,255025.0,Amp5,7.73
X-5693,LOC282980,282980.0,Del0.8,0.65
X-5693,LOC283070,283070.0,Del0.8,0.68
X-5693,LOC285740,285740.0,Amp5,5.9
X-5693,LOC285889,285889.0,Del0.8,0.65
X-5693,LOC286059,286059.0,Del0.8,0.66
X-5693,LOC286083,286083.0,Del0.8,0.71
X-5693,LOC286114,286114.0,Del0.8,0.68
X-5693,LOC286135,286135.0,Del0.8,0.64
X-5693,LOC338588,338588.0,Del0.8,0.69
X-5693,LOC340357,340357.0,Del0.8,0.68
X-5693,LOC389641,389641.0,Del0.8,0.66
X-5693,LOC392196,392196.0,Del0.8,0.54
X-5693,LOC399708,399708.0,Del0.8,0.65
X-5693,LOC399715,399715.0,Del0.8,0.66
X-5693,LOC399744,399744.0,Amp5,5.74
X-5693,LOC401074,401074.0,Amp8,13.09
X-5693,LOC439949,439949.0,Del0.8,0.68
X-5693,LOC440970,440970.0,Amp8,12.47
X-5693,LOC441124,,MutNovel,"P110L,0.681"
X-5693,LOC554223,554223.0,MutNovel,"S187R,0.818"
X-5693,LOC643699,,MutNovel,"V493I,0.400"
X-5693,LOC645249,645249.0,Del0.8,0.65
X-5693,LOC728012,728012.0,Amp5,5.21
X-5693,LOC728047,,MutNovel,"E566V,1.000"
X-5693,LOC728728,,MutNovel,"P4H,0.714"
X-5693,LOC728728,,MutNovel,"T21I,0.636"
X-5693,LOC728728,,MutNovel,"H103P,0.615"
X-5693,LOC729176,729176.0,Amp5,5.78
X-5693,LOC729603,729603.0,Amp5,5.78
X-5693,LOC731789,731789.0,Del0.8,0.68
X-5693,LONRF1,91694.0,Del0.8,0.68
X-5693,LOXL2,4017.0,Del0.8,0.66
X-5693,LPA,4018.0,Amp5,5.35
X-5693,LPAL2,80350.0,Amp5,5.78
X-5693,LPHN2,23266.0,MutNovel,"A949V,0.275"
X-5693,LPIN1,23175.0,MutKnownFunctional,"-136?,0.269"
X-5693,LPL,4023.0,Del0.8,0.68
X-5693,LRIF1,55791.0,MutKnownFunctional,"-129,1.000"
X-5693,LRP11,84918.0,Amp5,5.78
X-5693,LRRC37A,9884.0,MutNovel,"S1121R,1.000"
X-5693,LRRFIP2,9209.0,Del0.8,0.61
X-5693,LTBP3,4054.0,MutNovel,"L35LW,0.500"
X-5693,LTV1,84946.0,Amp5,5.9
X-5693,LYAR,55646.0,MutNovel,"L354F,0.663"
X-5693,LZTS1,11178.0,Del0.8,0.68
X-5693,MADCAM1,8174.0,MutNovel,"E187A,0.800"
X-5693,MADCAM1,8174.0,MutNovel,"P262Q,0.571"
X-5693,MAGEB1,4112.0,Amp5,6.15
X-5693,MAGEB10,139422.0,Amp5,6.15
X-5693,MAGEB2,4113.0,Amp5,6.15
X-5693,MAGEB3,4114.0,Amp5,6.15
X-5693,MAGEB4,4115.0,Amp5,6.15
X-5693,MAMSTR,284358.0,MutKnownFunctional,"-162?,1.000"
X-5693,MANSC4,100287284.0,MutNovel,"I224F,1.000"
X-5693,MAP1A,4130.0,MutNovel,"P2485A,0.367"
X-5693,MAP1LC3C,440738.0,MutNovel,"T100A,0.400"
X-5693,MAP3K4,4216.0,MutNovel,"PA1189P,1.000"
X-5693,MAPK14,1432.0,MutNovel,"F59S,0.604"
X-5693,MAS1,4142.0,Amp5,5.78
X-5693,MAST4,375449.0,MutNovel,"L95LP,0.433"
X-5693,MAZ,4150.0,MutKnownFunctional,"-11?,0.492"
X-5693,MBOAT4,619373.0,Del0.8,0.64
X-5693,MC3R,4159.0,Amp5,5.66
X-5693,MCHR2,84539.0,Amp5,5.21
X-5693,MCL1,4170.0,MutKnownFunctional,"-19?,0.396"
X-5693,MCM10,55388.0,Del0.8,0.68
X-5693,MCM9,254394.0,MutNovel,"D715V,0.397"
X-5693,MCPH1,79648.0,Del0.8,0.71
X-5693,MEGF10,84466.0,MutNovel,"Y1030C,0.870"
X-5693,MEIG1,644890.0,Del0.8,0.68
X-5693,MEOX2,4223.0,MutNovel,"HH76H,0.933"
X-5693,MESP2,145873.0,MutNovel,"G187R,0.875"
X-5693,METTL15,196074.0,MutNovel,"R397C,0.276"
X-5693,MFHAS1,9258.0,Del0.8,0.7
X-5693,MFSD7,84179.0,MutNovel,"E490K,0.440"
X-5693,MGC27382,149047.0,Amp5,5.06
X-5693,MGC2752,65996.0,Del0.8,0.73
X-5693,MIR124-1,406907.0,Del0.8,0.7
X-5693,MIR1265,100302116.0,Del0.8,0.68
X-5693,MIR1324,100302212.0,Amp8,13.09
X-5693,MIR149,406941.0,Del0.8,0.7
X-5693,MIR153-2,406945.0,Del0.8,0.65
X-5693,MIR1915,100302129.0,Del0.8,0.69
X-5693,MIR2467,100616360.0,Del0.8,0.7
X-5693,MIR296,407022.0,Amp5,5.24
X-5693,MIR298,100126296.0,Amp5,5.24
X-5693,MIR3148,100422876.0,Del0.8,0.64
X-5693,MIR3152,100422869.0,Del0.8,0.73
X-5693,MIR3155A,100422989.0,Del0.8,0.66
X-5693,MIR3155B,100628560.0,Del0.8,0.66
X-5693,MIR320A,407037.0,Del0.8,0.66
X-5693,MIR3622A,100500858.0,Del0.8,0.64
X-5693,MIR3622B,100500871.0,Del0.8,0.64
X-5693,MIR3692,100500899.0,Amp5,5.78
X-5693,MIR383,494332.0,Del0.8,0.72
X-5693,MIR3918,100500851.0,Amp5,5.78
X-5693,MIR3926-1,100500870.0,Del0.8,0.68
X-5693,MIR3926-2,100500838.0,Del0.8,0.68
X-5693,MIR4269,100423043.0,Del0.8,0.7
X-5693,MIR4273,100422955.0,Amp8,13.09
X-5693,MIR4287,100422828.0,Del0.8,0.64
X-5693,MIR4288,100422903.0,Del0.8,0.64
X-5693,MIR4325,100422883.0,Amp5,5.24
X-5693,MIR4466,100616154.0,Amp5,5.78
X-5693,MIR4473,100616229.0,Del0.8,0.73
X-5693,MIR4480,100616151.0,Del0.8,0.68
X-5693,MIR4532,100616353.0,Amp5,5.24
X-5693,MIR4659A,100616348.0,Del0.8,0.71
X-5693,MIR4659B,100616372.0,Del0.8,0.71
X-5693,MIR4660,100616350.0,Del0.8,0.7
X-5693,MIR4675,100616383.0,Del0.8,0.69
X-5693,MIR4756,100616225.0,Amp5,6.36
X-5693,MIR4786,100616417.0,Del0.8,0.7
X-5693,MIR4795,100616161.0,Amp8,15.89
X-5693,MIR5095,100616458.0,Amp5,5.24
X-5693,MIR548O2,100616190.0,Del0.8,0.64
X-5693,MIR595,693180.0,Del0.8,0.75
X-5693,MIR596,693181.0,Del0.8,0.71
X-5693,MIR597,693182.0,Del0.8,0.7
X-5693,MIR603,693188.0,Del0.8,0.69
X-5693,MKI67,4288.0,MutNovel,"M2387I,0.264"
X-5693,MKI67IP,84365.0,MutNovel,"G232C,0.278"
X-5693,MLH1,4292.0,Del0.8,0.62
X-5693,MLL2,8085.0,MutNovel,"S831L,0.467"
X-5693,MLL2,8085.0,MutNovel,"P505H,0.454"
X-5693,MLL4,9757.0,MutKnownFunctional,"E1403*,0.224"
X-5693,MLLT10,8028.0,Del0.8,0.69
X-5693,MLXIP,22877.0,MutNovel,"R863Q,0.517"
X-5693,MNX1,3110.0,Del0.8,0.65
X-5693,MPHOSPH9,10198.0,MutNovel,"G117C,0.570"
X-5693,MRI1,84245.0,MutNovel,"R249H,0.222"
X-5693,MRPL18,29074.0,Amp5,5.78
X-5693,MSH4,4438.0,Amp5,6.41
X-5693,MSR1,4481.0,Del0.8,0.72
X-5693,MSRA,4482.0,Del0.8,0.6
X-5693,MSRB2,22921.0,Del0.8,0.69
X-5693,MT1B,4490.0,MutNovel,"Q46H,1.000"
X-5693,MT1H,4496.0,MutNovel,"K23E,1.000"
X-5693,MTA1,9112.0,MutNovel,"R598C,0.627"
X-5693,MTERFD2,130916.0,Del0.8,0.69
X-5693,MTHFD1L,25902.0,Amp5,5.78
X-5693,MTMR7,9108.0,Del0.8,0.68
X-5693,MTRF1L,54516.0,Amp5,5.78
X-5693,MTRNR2L3,100462983.0,Amp5,5.24
X-5693,MTRNR2L7,100288485.0,Amp5,5.74
X-5693,MTUS1,57509.0,Del0.8,0.68
X-5693,MYCT1,80177.0,Amp5,5.78
X-5693,MYEOV2,150678.0,Del0.8,0.7
X-5693,MYH7B,57644.0,MutNovel,"A1381T,1.000"
X-5693,MYO3A,53904.0,Del0.8,0.68
X-5693,MYOM2,9172.0,Del0.8,0.71
X-5693,MZF1,7593.0,Del0.8,0.73
X-5693,NACA2,342538.0,MutNovel,"R144K,1.000"
X-5693,NADK,65220.0,MutNovel,"V166A,0.625"
X-5693,NAT1,9.0,Del0.8,0.68
X-5693,NAT2,10.0,Del0.8,0.68
X-5693,NBPF12,,MutNovel,"R41K,0.500"
X-5693,NBPF14,25832.0,MutNovel,"Q660K,0.500"
X-5693,NCAPG2,54892.0,Del0.8,0.75
X-5693,NCOR2,9612.0,MutNovel,"G1839GAAA,0.977"
X-5693,NCRNA00185,55410.0,Del0.8,0.19
X-5693,NDUFA10,4705.0,Del0.8,0.7
X-5693,NDUFV3,4731.0,Del0.8,0.66
X-5693,NEBL,10529.0,Del0.8,0.69
X-5693,NEFL,4747.0,Del0.8,0.66
X-5693,NEFM,4741.0,Del0.8,0.66
X-5693,NEK8,284086.0,MutNovel,"L369I,1.000"
X-5693,NET1,10276.0,Del0.8,0.66
X-5693,NEU4,129807.0,Del0.8,0.77
X-5693,NEXN,91624.0,Amp5,5.06
X-5693,NFYC,4802.0,MutNovel,"T166A,0.293"
X-5693,NINL,22981.0,MutNovel,"S135N,1.000"
X-5693,NKX2-6,137814.0,Del0.8,0.66
X-5693,NKX3-1,4824.0,Del0.8,0.66
X-5693,NLGN2,57555.0,MutNovel,"V66I,0.409"
X-5693,NLGN4Y,22829.0,Del0.8,0.19
X-5693,NLRX1,79671.0,MutNovel,"G756D,1.000"
X-5693,NMBR,4829.0,Amp5,5.9
X-5693,NMT2,9397.0,Del0.8,0.68
X-5693,NOM1,64434.0,Del0.8,0.65
X-5693,NOX3,50508.0,Amp5,5.78
X-5693,NPAS2,4862.0,MutKnownFunctional,"-582,0.269"
X-5693,NPC1,4864.0,MutNovel,"V621A,0.232"
X-5693,NPEPL1,79716.0,Amp5,5.24
X-5693,NPIPL3,23117.0,MutNovel,"R369S,0.259"
X-5693,NPM2,10361.0,Del0.8,0.64
X-5693,NR0B1,190.0,Amp5,6.15
X-5693,NRF1,4899.0,MutNovel,"M477T,0.219"
X-5693,NRG1,3084.0,Del0.8,0.66
X-5693,NSUN3,63899.0,Amp5,6.02
X-5693,NSUN6,221078.0,Del0.8,0.69
X-5693,NUDT18,79873.0,Del0.8,0.64
X-5693,NUDT5,11164.0,Del0.8,0.68
X-5693,NUDT7,283927.0,MutKnownFunctional,"-205,1.000"
X-5693,NUFIP1,26747.0,MutNovel,"L74I,1.000"
X-5693,NUP43,348995.0,Amp5,5.78
X-5693,OCRL,4952.0,MutNovel,"R886H,1.000"
X-5693,OLAH,55301.0,Del0.8,0.68
X-5693,OPRM1,4988.0,Amp5,5.78
X-5693,OPTC,26254.0,MutNovel,"L83I,0.750"
X-5693,OPTN,10133.0,Del0.8,0.68
X-5693,OR2T8,343172.0,MutNovel,"A221S,1.000"
X-5693,OR6B2,389090.0,Del0.8,0.7
X-5693,OR6B3,150681.0,Del0.8,0.7
X-5693,ORAI1,84876.0,MutNovel,"PP43-,1.000"
X-5693,ORAI3,93129.0,MutNovel,"R28G,0.451"
X-5693,OSBPL8,114882.0,MutNovel,"R433H,0.427"
X-5693,OSTCP1,202459.0,Amp5,5.78
X-5693,OTOS,150677.0,Del0.8,0.7
X-5693,OTUD1,220213.0,Del0.8,0.69
X-5693,PABPC3,5042.0,MutKnownFunctional,"-246,0.727"
X-5693,PABPC3,5042.0,MutKnownFunctional,"-299,0.600"
X-5693,PABPC3,5042.0,MutKnownFunctional,"-336,0.571"
X-5693,PABPC3,5042.0,MutNovel,"Y377H,1.000"
X-5693,PAQR4,124222.0,MutNovel,"A256T,0.564"
X-5693,PARD3,56288.0,Amp5,5.03
X-5693,PARD6A,50855.0,MutNovel,"H161Y,0.238"
X-5693,PARP10,84875.0,MutNovel,"G967D,1.000"
X-5693,PASK,23178.0,Del0.8,0.69
X-5693,PBK,55872.0,Del0.8,0.64
X-5693,PBXIP1,57326.0,MutNovel,"H729R,0.750"
X-5693,PCCA,5095.0,MutNovel,"R230H,0.429"
X-5693,PCDH11Y,83259.0,Del0.8,0.28
X-5693,PCDHGB2,56103.0,MutNovel,"D447N,0.273"
X-5693,PCK1,5105.0,Amp5,5.24
X-5693,PCM1,5108.0,Del0.8,0.68
X-5693,PCMT1,5110.0,Amp5,5.78
X-5693,PCNXL3,399909.0,MutNovel,"T321I,0.204"
X-5693,PCNXL3,399909.0,MutNovel,"R1519W,0.476"
X-5693,PDCD1,5133.0,Del0.8,0.77
X-5693,PDCD2L,84306.0,MutNovel,"Q261R,0.593"
X-5693,PDCD7,10081.0,MutNovel,"A157T,0.356"
X-5693,PDE7A,5150.0,MutNovel,"A410T,0.255"
X-5693,PDE9A,5152.0,Del0.8,0.66
X-5693,PDGFRL,5157.0,Del0.8,0.68
X-5693,PDLIM2,64236.0,Del0.8,0.66
X-5693,PDSS1,23590.0,Del0.8,0.68
X-5693,PEBP4,157310.0,Del0.8,0.66
X-5693,PEX3,8504.0,Amp5,5.9
X-5693,PFDN4,5203.0,Amp5,6.36
X-5693,PFKFB3,5209.0,MutNovel,"R99Q,1.000"
X-5693,PFKFB3,5209.0,Del0.8,0.66
X-5693,PFKP,5214.0,Del0.8,0.69
X-5693,PHACTR2,9749.0,Amp5,5.9
X-5693,PHACTR3,116154.0,Amp5,5.24
X-5693,PHLDA1,22822.0,MutNovel,"QQ194Q,1.000"
X-5693,PHYH,5264.0,Del0.8,0.68
X-5693,PIGK,10026.0,Amp5,5.06
X-5693,PIK3CA,5290.0,MutNovel,"R693H,0.988"
X-5693,PIM1,5292.0,MutNovel,"R31H,0.623"
X-5693,PIP4K2A,5305.0,Del0.8,0.69
X-5693,PITRM1,10531.0,Del0.8,0.69
X-5693,PIWIL2,55124.0,Del0.8,0.66
X-5693,PKN2,5586.0,MutKnownFunctional,"-7?,1.000"
X-5693,PLAGL1,5325.0,Amp5,5.9
X-5693,PLD6,201164.0,MutNovel,"W174R,0.356"
X-5693,PLEKHA2,59339.0,MutNovel,"R335W,0.635"
X-5693,PLEKHG1,57480.0,Amp5,5.78
X-5693,PLIN2,123.0,Del0.8,0.73
X-5693,PLK4,10733.0,MutNovel,"P164S,0.246"
X-5693,PLXDC2,84898.0,Del0.8,0.69
X-5693,PMEPA1,56937.0,Amp5,5.24
X-5693,PNISR,25957.0,Amp5,5.21
X-5693,PNLDC1,154197.0,Amp5,5.78
X-5693,PNLIPRP3,119548.0,MutNovel,"K154N,0.800"
X-5693,PNMA2,10687.0,Del0.8,0.69
X-5693,PNOC,5368.0,Del0.8,0.64
X-5693,POFUT2,23275.0,MutNovel,"R254M,0.357"
X-5693,POLR3D,661.0,Del0.8,0.66
X-5693,POM121,9883.0,MutNovel,"T468M,0.263"
X-5693,POM121,9883.0,MutNovel,"VF798V,0.511"
X-5693,POU1F1,5449.0,Amp8,15.89
X-5693,POU3F2,5454.0,Amp5,5.21
X-5693,PP14571,100130449.0,Del0.8,0.7
X-5693,PPIAL4G,644591.0,MutNovel,"S95P,1.000"
X-5693,PPIL4,85313.0,Amp5,5.78
X-5693,PPP1R14C,81706.0,Amp5,5.78
X-5693,PPP1R37,284352.0,MutNovel,"A600S,1.000"
X-5693,PPP1R3B,79660.0,Del0.8,0.7
X-5693,PPP1R3D,5509.0,Amp5,5.24
X-5693,PPP1R7,5510.0,Del0.8,0.69
X-5693,PPP2CB,5516.0,Del0.8,0.66
X-5693,PPP2R2A,5520.0,Del0.8,0.69
X-5693,PPP2R3C,55012.0,MutKnownFunctional,"-23?,1.000"
X-5693,PPP3CC,5533.0,Del0.8,0.66
X-5693,PPP4R1L,55370.0,Amp5,5.24
X-5693,PRDM13,59336.0,Amp5,5.21
X-5693,PRDM15,63977.0,Del0.8,0.66
X-5693,PRDM7,11105.0,Del0.8,0.23
X-5693,PRKCQ,5588.0,Del0.8,0.68
X-5693,PRKY,5616.0,Del0.8,0.19
X-5693,PRMT7,54496.0,MutNovel,"D680N,0.314"
X-5693,PROS1,5627.0,Amp5,6.02
X-5693,PRPF18,8559.0,Del0.8,0.68
X-5693,PRR21,643905.0,Del0.8,0.7
X-5693,PRSS55,203074.0,Del0.8,0.68
X-5693,PRTFDC1,56952.0,Del0.8,0.69
X-5693,PRX,57716.0,MutNovel,"K446N,0.312"
X-5693,PRY,9081.0,Del0.8,0.19
X-5693,PRY,9081.0,Del0.8,0.19
X-5693,PRY2,442862.0,Del0.8,0.19
X-5693,PRY2,442862.0,Del0.8,0.19
X-5693,PSD3,23362.0,Del0.8,0.68
X-5693,PSG6,5675.0,MutNovel,"T14K,0.286"
X-5693,PSMA4,5685.0,MutNovel,"K205I,0.524"
X-5693,PTCH1,5727.0,MutKnownFunctional,"-38,0.545"
X-5693,PTER,9317.0,Del0.8,0.68
X-5693,PTF1A,256297.0,Del0.8,0.69
X-5693,PTGFR,5737.0,Amp5,5.06
X-5693,PTK2B,2185.0,Del0.8,0.64
X-5693,PTOV1,53635.0,MutNovel,"G70S,1.000"
X-5693,PTPLA,9200.0,Del0.8,0.68
X-5693,PTPN12,5782.0,MutNovel,"V500I,0.244"
X-5693,PTPRM,5797.0,MutNovel,"D378Y,1.000"
X-5693,PTPRN2,5799.0,Del0.8,0.7
X-5693,PURG,29942.0,Del0.8,0.66
X-5693,PVRIG,79037.0,MutNovel,"P151L,0.333"
X-5693,PYCR1,5831.0,MutNovel,"R112Q,0.996"
X-5693,R3HCC1,203069.0,Del0.8,0.66
X-5693,RAB22A,57403.0,Amp5,5.24
X-5693,RAB32,10981.0,Amp5,5.78
X-5693,RABGGTB,5876.0,Amp5,6.41
X-5693,RADIL,55698.0,MutNovel,"R821TLAG,0.450"
X-5693,RADIL,55698.0,MutNovel,"N790S,0.434"
X-5693,RAE1,8480.0,Amp5,5.24
X-5693,RAET1E,135250.0,Amp5,5.78
X-5693,RAET1G,353091.0,Amp5,5.78
X-5693,RAET1K,646024.0,Amp5,5.78
X-5693,RAET1L,154064.0,Amp5,5.78
X-5693,RAI1,10743.0,MutKnownFunctional,"-1033,0.423"
X-5693,RANBP10,57610.0,MutNovel,"V127I,0.718"
X-5693,RBM17,84991.0,Del0.8,0.66
X-5693,RBM33,155435.0,Del0.8,0.65
X-5693,RBM38,55544.0,Amp5,5.24
X-5693,RBMY1A3P,286557.0,Del0.8,0.19
X-5693,RBMY1B,378948.0,Del0.8,0.19
X-5693,RBMY1B,378948.0,Del0.8,0.19
X-5693,RBMY1E,378950.0,Del0.8,0.19
X-5693,RBMY1E,378950.0,Del0.8,0.19
X-5693,RBMY1F,159163.0,Del0.8,0.19
X-5693,RBMY1F,159163.0,Del0.8,0.19
X-5693,RBMY1J,378951.0,Del0.8,0.19
X-5693,RBMY1J,378951.0,Del0.8,0.19
X-5693,RBMY2EP,159125.0,Del0.8,0.19
X-5693,RBMY2FP,159162.0,Del0.8,0.19
X-5693,RBMY3AP,64593.0,Del0.8,0.19
X-5693,RBPMS,11030.0,Del0.8,0.64
X-5693,RCAN1,1827.0,MutNovel,"E15Q,0.355"
X-5693,REEP4,80346.0,Del0.8,0.64
X-5693,RETSAT,54884.0,MutNovel,"P557H,1.000"
X-5693,REXO1,57455.0,MutNovel,"P566L,0.204"
X-5693,RGL1,23179.0,MutNovel,"T451I,0.211"
X-5693,RGS17,26575.0,Amp5,5.78
X-5693,RHD,6007.0,MutNovel,"L121M,1.000"
X-5693,RHOBTB2,23221.0,Del0.8,0.66
X-5693,RIMBP3,85376.0,MutNovel,"C1170F,1.000"
X-5693,RIN3,79890.0,MutNovel,"G967-,1.000"
X-5693,RIPK4,54101.0,Del0.8,0.66
X-5693,RMND1,55005.0,MutNovel,"G221C,0.247"
X-5693,RMND1,55005.0,Amp5,5.78
X-5693,RNF103,7844.0,MutKnownFunctional,"-670,1.000"
X-5693,RNF169,254225.0,MutNovel,"P75S,0.520"
X-5693,RNF32,140545.0,Del0.8,0.65
X-5693,RNPEPL1,57140.0,Del0.8,0.69
X-5693,ROBO1,6091.0,Amp8,20.53
X-5693,ROBO2,6092.0,Amp8,20.53
X-5693,ROCK1P1,727758.0,Del0.8,0.28
X-5693,RPL5,6125.0,MutNovel,"R279Q,1.000"
X-5693,RPP38,10557.0,Del0.8,0.68
X-5693,RPS4Y1,6192.0,Del0.8,0.28
X-5693,RPS4Y2,140032.0,Del0.8,0.19
X-5693,RPS6,6194.0,Del0.8,0.73
X-5693,RPS6KA4,8986.0,MutKnownFunctional,"-770,0.544"
X-5693,RRAGA,10670.0,Del0.8,0.73
X-5693,RSPH1,89765.0,Del0.8,0.64
X-5693,RSPH3,83861.0,Amp5,5.78
X-5693,RSU1,6251.0,Del0.8,0.68
X-5693,SAMD5,389432.0,Amp5,5.78
X-5693,SARM1,23098.0,MutNovel,"W183R,1.000"
X-5693,SASH1,23328.0,Amp5,5.78
X-5693,SATB2,23314.0,MutNovel,"L264M,0.480"
X-5693,SCAF8,22828.0,Amp5,5.78
X-5693,SCARA3,51435.0,Del0.8,0.64
X-5693,SCARA5,286133.0,Del0.8,0.64
X-5693,SCARNA8,677776.0,Del0.8,0.73
X-5693,SCN1A,6323.0,MutNovel,"V901I,0.833"
X-5693,SEC31A,22872.0,MutNovel,"S981N,0.936"
X-5693,SEC31A,22872.0,MutKnownFunctional,"-462,1.000"
X-5693,SEC61A2,55176.0,Del0.8,0.68
X-5693,SEH1L,81929.0,MutNovel,"V90I,0.423"
X-5693,SEMA4C,54910.0,MutNovel,"G169C,0.490"
X-5693,SEPHS1,22929.0,Del0.8,0.68
X-5693,2014-09-02 00:00:00,4735.0,Del0.8,0.69
X-5693,SEPT7L,285961.0,Amp5,5.74
X-5693,SERAC1,84947.0,Amp5,5.78
X-5693,SERHL2,253190.0,MutNovel,"H168Q,1.000"
X-5693,SERINC2,347735.0,MutNovel,"-373Q,0.932"
X-5693,SETD1A,9739.0,MutNovel,"D1378DS,0.407"
X-5693,SF3A1,10291.0,MutNovel,"P558A,0.460"
X-5693,SF3B5,83443.0,Amp5,5.9
X-5693,SFMBT2,57713.0,Del0.8,0.68
X-5693,SFTA1P,207107.0,Del0.8,0.68
X-5693,SFTPC,6440.0,Del0.8,0.64
X-5693,SGK223,157285.0,Del0.8,0.7
X-5693,SGSM2,9905.0,MutNovel,"R617H,0.635"
X-5693,SH2D4A,63898.0,Del0.8,0.68
X-5693,SHH,6469.0,Del0.8,0.65
X-5693,SHKBP1,92799.0,MutNovel,"P413L,1.000"
X-5693,SHPRH,257218.0,Amp5,5.78
X-5693,SHROOM1,134549.0,MutNovel,"R768Q,0.614"
X-5693,SIM1,6492.0,Amp5,5.21
X-5693,SIRPG,55423.0,MutNovel,"M34V,1.000"
X-5693,SKAP2,8935.0,MutNovel,"R126C,0.482"
X-5693,SKOR1,390598.0,MutNovel,"L455I,1.000"
X-5693,SLC16A2,6567.0,MutKnownFunctional,"-134?,1.000"
X-5693,SLC17A7,57030.0,MutNovel,"K378R,1.000"
X-5693,SLC18A1,6570.0,Del0.8,0.68
X-5693,SLC22A1,6580.0,Amp5,5.78
X-5693,SLC22A2,6582.0,Amp5,5.78
X-5693,SLC22A3,6581.0,Amp5,5.78
X-5693,SLC24A2,25769.0,Del0.8,0.73
X-5693,SLC25A35,399512.0,MutNovel,"G91D,0.308"
X-5693,SLC25A37,51312.0,Del0.8,0.66
X-5693,SLC25A46,91137.0,MutNovel,"H202R,0.519"
X-5693,SLC26A2,1836.0,MutNovel,"A229V,0.205"
X-5693,SLC27A5,10998.0,Del0.8,0.73
X-5693,SLC37A1,54020.0,Del0.8,0.51
X-5693,SLC37A2,219855.0,MutNovel,"L292F,0.533"
X-5693,SLC39A1,27173.0,MutNovel,"F75L,0.345"
X-5693,SLC39A12,221074.0,Del0.8,0.69
X-5693,SLC39A14,23516.0,Del0.8,0.66
X-5693,SLC4A2,6522.0,MutNovel,"S813N,0.587"
X-5693,SLC7A2,6542.0,Del0.8,0.68
X-5693,SLC9A3R1,9368.0,MutNovel,"EK68E,0.264"
X-5693,SLC9A5,6553.0,MutNovel,"N654T,0.340"
X-5693,SLMO2,51012.0,Amp5,5.24
X-5693,SLMO2-ATP5E,100533975.0,Amp5,5.24
X-5693,SMCR8,140775.0,MutKnownFunctional,"-603,0.504"
X-5693,SMEK3P,139420.0,Amp5,6.15
X-5693,SNED1,25992.0,Del0.8,0.69
X-5693,SNIP1,79753.0,MutNovel,"A42D,0.591"
X-5693,SNORA20,677806.0,Amp5,5.78
X-5693,SNORA29,677812.0,Amp5,5.78
X-5693,SNORD45A,26805.0,Amp5,6.41
X-5693,SNORD45B,26804.0,Amp5,6.41
X-5693,SNORD45C,692085.0,Amp5,6.41
X-5693,SNX9,51429.0,Amp5,5.78
X-5693,SOD2,6648.0,Amp5,5.78
X-5693,SOGA2,,MutNovel,"RAARE602-,1.000"
X-5693,SORBS3,10174.0,Del0.8,0.66
X-5693,SPAG11A,653423.0,Del0.8,0.24
X-5693,SPAG11B,10407.0,Del0.8,0.24
X-5693,SPAG11B,10407.0,Del0.8,0.39
X-5693,SPAG6,9576.0,Del0.8,0.69
X-5693,SPO11,23626.0,Amp5,5.24
X-5693,SRCAP,10847.0,MutNovel,"L1969P,0.259"
X-5693,SREK1IP1,285672.0,MutKnownFunctional,"-91,0.857"
X-5693,SRGAP3,9901.0,MutNovel,"R758W,1.000"
X-5693,SRPK1,6732.0,MutNovel,"A623V,0.295"
X-5693,SRY,6736.0,Del0.8,0.28
X-5693,SSBP2,23635.0,MutNovel,"G222D,0.423"
X-5693,ST13,6767.0,MutNovel,"R188W,0.398"
X-5693,ST6GALNAC3,256435.0,Amp5,5.94
X-5693,ST6GALNAC5,81849.0,Amp5,5.06
X-5693,ST8SIA6,338596.0,Del0.8,0.68
X-5693,STAM,8027.0,Del0.8,0.68
X-5693,STAT2,6773.0,MutNovel,"G825C,0.480"
X-5693,STC1,6781.0,Del0.8,0.66
X-5693,STK25,10494.0,Del0.8,0.69
X-5693,STMN4,81551.0,Del0.8,0.64
X-5693,STX11,8676.0,Amp5,5.9
X-5693,STX16,8675.0,Amp5,5.24
X-5693,STX19,415117.0,Amp5,6.02
X-5693,STXBP5,134957.0,Amp5,5.78
X-5693,SUMO1P1,391257.0,Amp5,6.36
X-5693,SUMO4,387082.0,Amp5,5.78
X-5693,SUPT5H,6829.0,MutNovel,"T768M,0.437"
X-5693,SUV39H2,79723.0,Del0.8,0.68
X-5693,SUV420H2,84787.0,MutKnownFunctional,"-379?,0.375"
X-5693,SYCP2,10388.0,Amp5,5.24
X-5693,SYNE1,23345.0,MutNovel,"V6898I,0.771"
X-5693,SYNE1,23345.0,Amp5,5.78
X-5693,SYNJ2,8871.0,Amp5,5.78
X-5693,SYTL3,94120.0,Amp5,5.78
X-5693,TAB2,23118.0,Amp5,5.78
X-5693,TAB3,257397.0,Amp5,7.52
X-5693,TAF3,83860.0,Del0.8,0.68
X-5693,TAGAP,117289.0,Amp5,5.78
X-5693,TBC1D1,23216.0,MutNovel,"G869V,0.436"
X-5693,TBC1D2,55357.0,MutNovel,"A338V,0.278"
X-5693,TBC1D8,11138.0,MutNovel,"I1027N,0.354"
X-5693,TBL1Y,90665.0,Del0.8,0.19
X-5693,TBL3,10607.0,MutNovel,"Q365H,0.532"
X-5693,TBP,6908.0,MutNovel,"-64Q,1.000"
X-5693,TCP1,6950.0,Amp5,5.78
X-5693,TERF2,7014.0,MutNovel,"F61L,0.240"
X-5693,TEX15,56154.0,Del0.8,0.66
X-5693,TFAP2C,7022.0,Amp5,5.24
X-5693,TFB1M,51106.0,Amp5,5.78
X-5693,TFF1,7031.0,Del0.8,0.64
X-5693,TFF2,7032.0,Del0.8,0.64
X-5693,TFF3,7033.0,Del0.8,0.64
X-5693,TGIF2LY,90655.0,Del0.8,0.28
X-5693,TH1L,51497.0,Amp5,5.24
X-5693,THAP4,51078.0,Del0.8,0.77
X-5693,THNSL1,79896.0,Del0.8,0.69
X-5693,TIAM2,26230.0,Amp5,5.78
X-5693,TICAM1,148022.0,MutNovel,"R411L,0.341"
X-5693,TIMM44,10469.0,MutNovel,"S239T,0.241"
X-5693,TJP2,9414.0,MutNovel,"R599W,0.528"
X-5693,TLCD2,727910.0,MutNovel,"R248L,1.000"
X-5693,TMBIM4,51643.0,MutKnownFunctional,"-174?,0.861"
X-5693,TMEM181,57583.0,Amp5,5.78
X-5693,TMEM196,256130.0,MutNovel,"L144M,0.867"
X-5693,TMEM230,,MutNovel,"R68H,0.298"
X-5693,TMEM236,653567.0,Del0.8,0.68
X-5693,TMEM242,729515.0,Amp5,5.78
X-5693,TMEM59,9528.0,MutNovel,"P292T,0.312"
X-5693,TMEM66,51669.0,Del0.8,0.64
X-5693,TMPRSS3,64699.0,Del0.8,0.64
X-5693,TMPRSS6,164656.0,MutNovel,"E585D,1.000"
X-5693,TMSB4Y,9087.0,Del0.8,0.19
X-5693,TNFAIP6,7130.0,MutKnownFunctional,"-278,1.000"
X-5693,TNFRSF10A,8797.0,Del0.8,0.66
X-5693,TNFRSF10B,8795.0,Del0.8,0.66
X-5693,TNFRSF10C,8794.0,Del0.8,0.66
X-5693,TNFRSF10D,8793.0,Del0.8,0.66
X-5693,TNK2,10188.0,MutNovel,"P853H,0.473"
X-5693,TNKS,8658.0,Del0.8,0.7
X-5693,TP53,7157.0,MutKnownFunctional,"R175H,0.996"
X-5693,TRA2A,29896.0,MutNovel,"Y268C,0.249"
X-5693,TRADD,8717.0,MutNovel,"S29L,0.288"
X-5693,TRAPPC11,60684.0,MutNovel,"S627G,1.000"
X-5693,TRDMT1,1787.0,Del0.8,0.68
X-5693,TRIM28,10155.0,Del0.8,0.73
X-5693,TRIM3,10612.0,MutNovel,"P69S,0.240"
X-5693,TRIM35,23087.0,Del0.8,0.64
X-5693,TRMT2B,79979.0,MutKnownFunctional,"-322?,1.000"
X-5693,TRPV1,7442.0,MutNovel,"L631M,0.676"
X-5693,TRRAP,8295.0,MutNovel,"R1216W,0.464"
X-5693,TSHZ2,128553.0,Amp5,5.94
X-5693,TSPY1,7258.0,Del0.8,0.19
X-5693,TSPY2,64591.0,Del0.8,0.19
X-5693,TSPY3,728137.0,Del0.8,0.19
X-5693,TSPY4,728395.0,Del0.8,0.19
X-5693,TSPY8,728403.0,Del0.8,0.19
X-5693,TTC21B,79809.0,MutNovel,"N86D,0.444"
X-5693,TTC39B,158219.0,MutNovel,"G118R,1.000"
X-5693,TTTY10,246119.0,Del0.8,0.19
X-5693,TTTY11,83866.0,Del0.8,0.19
X-5693,TTTY12,83867.0,Del0.8,0.19
X-5693,TTTY13,83868.0,Del0.8,0.19
X-5693,TTTY14,83869.0,Del0.8,0.19
X-5693,TTTY15,64595.0,Del0.8,0.19
X-5693,TTTY16,252948.0,Del0.8,0.19
X-5693,TTTY17A,252949.0,Del0.8,0.12
X-5693,TTTY17A,252949.0,Del0.8,0.24
X-5693,TTTY18,252950.0,Del0.8,0.19
X-5693,TTTY19,252952.0,Del0.8,0.19
X-5693,TTTY1B,100101116.0,Del0.8,0.19
X-5693,TTTY1B,100101116.0,Del0.8,0.19
X-5693,TTTY2,60439.0,Del0.8,0.19
X-5693,TTTY2,60439.0,Del0.8,0.19
X-5693,TTTY20,252951.0,Del0.8,0.19
X-5693,TTTY21,252953.0,Del0.8,0.19
X-5693,TTTY21,252953.0,Del0.8,0.19
X-5693,TTTY22,252954.0,Del0.8,0.19
X-5693,TTTY23,252955.0,Del0.8,0.19
X-5693,TTTY23,252955.0,Del0.8,0.19
X-5693,TTTY3,114760.0,Del0.8,0.19
X-5693,TTTY3,114760.0,Del0.8,0.12
X-5693,TTTY4,114761.0,Del0.8,0.12
X-5693,TTTY4,114761.0,Del0.8,0.07
X-5693,TTTY5,83863.0,Del0.8,0.19
X-5693,TTTY6,84672.0,Del0.8,0.19
X-5693,TTTY6,84672.0,Del0.8,0.19
X-5693,TTTY7,246122.0,Del0.8,0.19
X-5693,TTTY7,246122.0,Del0.8,0.19
X-5693,TTTY7B,100101120.0,Del0.8,0.19
X-5693,TTTY7B,100101120.0,Del0.8,0.19
X-5693,TTTY8,84673.0,Del0.8,0.19
X-5693,TTTY8,84673.0,Del0.8,0.19
X-5693,TTTY9A,83864.0,Del0.8,0.19
X-5693,TTTY9A,83864.0,Del0.8,0.19
X-5693,TUBAL3,79861.0,Del0.8,0.66
X-5693,TUBB1,81027.0,Amp5,5.24
X-5693,TUBB2A,7280.0,MutNovel,"K297G,1.000"
X-5693,TUBB2B,347733.0,MutNovel,"A314P,1.000"
X-5693,TUBB2B,347733.0,MutNovel,"K297G,1.000"
X-5693,TUBGCP6,85378.0,MutNovel,"S891P,0.247"
X-5693,TUFM,7284.0,MutNovel,"R165Q,0.447"
X-5693,TULP4,56995.0,MutNovel,"E208D,0.284"
X-5693,TULP4,56995.0,Amp5,5.78
X-5693,TUSC3,7991.0,Del0.8,0.72
X-5693,TXLNG2P,246126.0,Del0.8,0.19
X-5693,TXNDC11,51061.0,MutNovel,"V107I,0.211"
X-5693,TXNDC5,81567.0,MutNovel,"-47R,0.489"
X-5693,TYK2,7297.0,MutNovel,"M115L,0.224"
X-5693,UBAC1,10422.0,MutNovel,"Y134H,0.248"
X-5693,UBASH3A,53347.0,Del0.8,0.64
X-5693,UBE2C,11065.0,MutKnownFunctional,"E154*,0.752"
X-5693,UBE2M,9040.0,Del0.8,0.73
X-5693,UBE3C,9690.0,Del0.8,0.65
X-5693,UBE4B,10277.0,MutNovel,"R102H,0.394"
X-5693,UBXN8,7993.0,Del0.8,0.66
X-5693,UCMA,221044.0,Del0.8,0.68
X-5693,UCN3,114131.0,Del0.8,0.66
X-5693,UGT2B28,54490.0,Del0.8,0.24
X-5693,ULBP1,80329.0,Amp5,5.78
X-5693,ULBP2,80328.0,Amp5,5.78
X-5693,ULBP3,79465.0,Amp5,5.78
X-5693,UMODL1,89766.0,Del0.8,0.62
X-5693,UPF2,26019.0,Del0.8,0.68
X-5693,USP17L2,377630.0,Del0.8,0.54
X-5693,USP33,23032.0,Amp5,5.06
X-5693,USP36,57602.0,MutNovel,"KKK958K,1.000"
X-5693,USP45,85015.0,Amp5,5.21
X-5693,USP6NL,9712.0,Del0.8,0.68
X-5693,USP9Y,8287.0,Del0.8,0.19
X-5693,UST,10090.0,Amp5,5.78
X-5693,UTRN,7402.0,Amp5,5.9
X-5693,UTY,7404.0,Del0.8,0.19
X-5693,VAPB,9217.0,Amp5,5.24
X-5693,VCY,9084.0,Del0.8,0.19
X-5693,VCY,9084.0,Del0.8,0.19
X-5693,VGLL3,389136.0,Amp8,15.89
X-5693,VIM,7431.0,Del0.8,0.68
X-5693,VIP,7432.0,Amp5,5.78
X-5693,VIPR2,7434.0,Del0.8,0.75
X-5693,VPS37A,137492.0,Del0.8,0.68
X-5693,VTA1,51534.0,Amp5,5.9
X-5693,VWCE,220001.0,MutKnownFunctional,"Q800*,0.286"
X-5693,WDR37,22884.0,Del0.8,0.65
X-5693,WDR4,10785.0,Del0.8,0.66
X-5693,WDR59,79726.0,Del0.8,0.39
X-5693,WDR60,55112.0,Del0.8,0.75
X-5693,WDR96,80217.0,MutNovel,"A1461E,0.714"
X-5693,WRN,7486.0,Del0.8,0.66
X-5693,WTAP,9589.0,Amp5,5.78
X-5693,XKR5,389610.0,Del0.8,0.71
X-5693,XKRY2,353515.0,Del0.8,0.19
X-5693,XKRY2,353515.0,Del0.8,0.19
X-5693,XPO5,57510.0,MutNovel,"P346Q,0.712"
X-5693,XPO7,23039.0,Del0.8,0.64
X-5693,XPR1,9213.0,MutNovel,"L282P,0.693"
X-5693,XRRA1,143570.0,MutNovel,"K683E,0.267"
X-5693,XYLT1,64131.0,MutNovel,"A115S,0.536"
X-5693,YBX1,4904.0,MutNovel,"Y197C,0.412"
X-5693,ZBP1,81030.0,Amp5,5.24
X-5693,ZBTB2,57621.0,Amp5,5.78
X-5693,ZBTB25,7597.0,MutNovel,"R360Q,0.240"
X-5693,ZBTB38,253461.0,MutNovel,"N1180S,1.000"
X-5693,ZBTB4,57659.0,MutKnownFunctional,"-585,0.597"
X-5693,ZBTB45,84878.0,Del0.8,0.73
X-5693,ZC2HC1A,,MutNovel,"P111T,0.264"
X-5693,ZC3H12D,340152.0,Amp5,5.78
X-5693,ZDHHC14,79683.0,Amp5,5.78
X-5693,ZDHHC2,51201.0,Del0.8,0.68
X-5693,ZFP64,55734.0,Amp5,5.62
X-5693,ZFY,7544.0,Del0.8,0.28
X-5693,ZMYM1,79830.0,MutKnownFunctional,"-457?,0.494"
X-5693,ZMYND11,10771.0,Del0.8,0.65
X-5693,ZNF10,7556.0,MutNovel,"S275N,1.000"
X-5693,ZNF217,7764.0,Amp5,6.36
X-5693,ZNF248,57209.0,Amp5,5.74
X-5693,ZNF25,219749.0,Amp5,5.74
X-5693,ZNF295,49854.0,Del0.8,0.62
X-5693,ZNF295-AS1,150142.0,Del0.8,0.62
X-5693,ZNF335,63925.0,MutNovel,"A1064V,0.208"
X-5693,ZNF33A,7581.0,Amp5,5.74
X-5693,ZNF367,195828.0,MutNovel,"P19RP,1.000"
X-5693,ZNF37A,7587.0,Amp5,5.74
X-5693,ZNF384,171017.0,MutNovel,"QQ514Q,1.000"
X-5693,ZNF395,55893.0,Del0.8,0.64
X-5693,ZNF425,155054.0,MutKnownFunctional,"-723,0.333"
X-5693,ZNF512B,57473.0,MutNovel,"R709W,0.788"
X-5693,ZNF512B,57473.0,MutNovel,"SM371L,0.562"
X-5693,ZNF512B,57473.0,MutNovel,"S371A,0.543"
X-5693,ZNF540,163255.0,MutKnownFunctional,"-279,1.000"
X-5693,ZNF574,64763.0,MutNovel,"Y276C,1.000"
X-5693,ZNF585B,92285.0,MutNovel,"N525D,1.000"
X-5693,ZNF654,55279.0,Amp8,15.89
X-5693,ZNF672,79894.0,MutNovel,"A59V,0.246"
X-5693,ZNF7,7553.0,MutNovel,"R427H,0.439"
X-5693,ZNF705D,728957.0,Del0.8,0.54
X-5693,ZNF717,100131827.0,Amp8,18.38
X-5693,ZNF766,90321.0,MutNovel,"K331R,1.000"
X-5693,ZNF768,79724.0,MutNovel,"R309H,0.265"
X-5693,ZNF775,285971.0,MutNovel,"A526V,0.345"
X-5693,ZNF831,128611.0,Amp5,5.24
X-5693,ZNF862,643641.0,MutKnownFunctional,"-269,0.408"
X-5693,ZNF865,100507290.0,MutNovel,"A510V,0.800"
X-5693,ZSWIM4,65249.0,MutNovel,"R102H,0.583"
X-5693,ZZZ3,26009.0,Amp5,5.06
X-2781,ABCC1,4363.0,MutNovel,"V41M,0.414"
X-2781,ACE,1636.0,MutNovel,"G1235W,0.486"
X-2781,ACE,1636.0,MutNovel,"R1290W,0.391"
X-2781,ACP2,53.0,MutNovel,"R86RSG,0.307"
X-2781,ACR,49.0,MutNovel,"G217E,1.000"
X-2781,ACSL1,2180.0,MutNovel,"Y458C,0.634"
X-2781,ACTR6,64431.0,MutNovel,"H312Y,0.498"
X-2781,ACVR2A,92.0,MutKnownFunctional,"-435,0.438"
X-2781,ADAM15,8751.0,MutNovel,"G515R,0.298"
X-2781,ADCY4,196883.0,MutKnownFunctional,"Q826*,0.964"
X-2781,AGBL2,79841.0,MutKnownFunctional,"-476,0.417"
X-2781,AK7,122481.0,MutNovel,"TEEEE50T,0.417"
X-2781,AKAP12,9590.0,MutNovel,"E1531EEE,0.862"
X-2781,AKAP12,9590.0,MutNovel,"T1717A,0.462"
X-2781,AKNA,80709.0,MutNovel,"G365V,0.359"
X-2781,ALMS1,7840.0,MutKnownFunctional,"-1604?,0.750"
X-2781,ALPK1,80216.0,MutNovel,"V547A,0.464"
X-2781,ALS2CL,259173.0,MutNovel,"E62D,0.623"
X-2781,AMELY,266.0,Del0.8,0.18
X-2781,AMIGO2,347902.0,MutNovel,"T428A,0.496"
X-2781,ANAPC2,29882.0,MutNovel,"Q245H,0.421"
X-2781,ANKFY1,51479.0,MutNovel,"A1064V,0.426"
X-2781,ANKRD26,22852.0,MutKnownFunctional,"-1659,0.700"
X-2781,ANKRD36,375248.0,MutNovel,"P1505L,0.375"
X-2781,ANLN,54443.0,MutNovel,"R1053H,0.322"
X-2781,ANPEP,290.0,MutNovel,"A245V,0.571"
X-2781,ANXA11,311.0,MutNovel,"P168L,1.000"
X-2781,ANXA2,302.0,MutNovel,"V221A,0.551"
X-2781,APOO,79135.0,MutNovel,"V9L,0.243"
X-2781,APRT,353.0,MutKnownFunctional,"-176,0.501"
X-2781,AR,367.0,MutNovel,"Q58L,1.000"
X-2781,ARAF,369.0,MutKnownFunctional,"-258?,0.796"
X-2781,ARHGAP12,94134.0,MutNovel,"M78I,0.400"
X-2781,ARHGAP17,55114.0,MutNovel,"L29P,0.512"
X-2781,ARHGAP33,115703.0,MutNovel,"A875T,0.357"
X-2781,ARHGAP35,2909.0,MutNovel,"R638G,0.743"
X-2781,ARHGEF17,9828.0,MutKnownFunctional,"R1923*,0.411"
X-2781,ARHGEF37,389337.0,MutNovel,"Y558H,0.512"
X-2781,ARHGEF37,389337.0,MutNovel,"G626D,0.417"
X-2781,ARID1A,8289.0,MutKnownFunctional,"-1848?,0.863"
X-2781,ARID3B,10620.0,MutNovel,"G214S,0.536"
X-2781,ARMC6,93436.0,MutNovel,"A392T,0.528"
X-2781,ARVCF,421.0,MutNovel,"R400W,0.293"
X-2781,AS3MT,57412.0,MutNovel,"S24W,0.465"
X-2781,ASAH1,427.0,MutNovel,"Y400C,0.496"
X-2781,ASAP3,55616.0,MutKnownFunctional,"-860?,0.476"
X-2781,ASH1L,55870.0,MutNovel,"Q2054L,0.671"
X-2781,ASTE1,28990.0,MutKnownFunctional,"-632,0.364"
X-2781,ATF4,468.0,MutKnownFunctional,"-134?,0.352"
X-2781,ATG4C,84938.0,MutNovel,"M279V,1.000"
X-2781,ATG5,9474.0,MutNovel,"M60I,0.503"
X-2781,ATP13A2,23400.0,MutKnownFunctional,"-73,0.951"
X-2781,ATP13A4,84239.0,MutNovel,"I121T,0.667"
X-2781,ATP2A1,487.0,MutKnownFunctional,"-569,0.625"
X-2781,ATP5SL,55101.0,MutNovel,"A181V,0.525"
X-2781,ATP6AP1L,92270.0,MutNovel,"R62C,0.778"
X-2781,ATP6V0C,527.0,MutNovel,"A15T,0.463"
X-2781,ATP6V0D1,9114.0,MutNovel,"A148V,0.513"
X-2781,ATXN1L,342371.0,MutKnownFunctional,"-245,0.525"
X-2781,ATXN2,6311.0,MutNovel,"H1082Y,0.355"
X-2781,AUTS2,26053.0,MutNovel,"SH1125S,0.225"
X-2781,B3GALNT1,8706.0,MutNovel,"M50I,0.505"
X-2781,B3GNT9,84752.0,MutNovel,"G108S,0.786"
X-2781,B4GALNT4,338707.0,MutNovel,"KL14K,0.300"
X-2781,BARX1,56033.0,MutNovel,"A48T,0.375"
X-2781,BASP1,10409.0,MutNovel,"G138R,0.545"
X-2781,BBS5,129880.0,MutNovel,"R82M,0.400"
X-2781,BCL9,607.0,MutKnownFunctional,"-514,0.296"
X-2781,BCORP1,286554.0,Del0.8,0.18
X-2781,BEND3,57673.0,MutKnownFunctional,"-265,0.462"
X-2781,BICD2,23299.0,MutNovel,"R473H,0.632"
X-2781,BMS1,9790.0,MutKnownFunctional,"-594,0.212"
X-2781,BPTF,2186.0,MutNovel,"H2618Y,0.468"
X-2781,BPY2B,442867.0,Del0.8,0.18
X-2781,BPY2B,442867.0,Del0.8,0.18
X-2781,BRD3,8019.0,MutKnownFunctional,"-24,0.464"
X-2781,BRIP1,83990.0,MutNovel,"C175R,0.500"
X-2781,BRWD1,54014.0,MutKnownFunctional,"-2309,0.490"
X-2781,BRWD3,254065.0,MutNovel,"M727V,0.941"
X-2781,BTBD7,55727.0,MutKnownFunctional,"-1012,0.523"
X-2781,BTBD7,55727.0,MutNovel,"R521Q,0.483"
X-2781,BUB1,699.0,MutNovel,"T213M,0.340"
X-2781,BYSL,705.0,MutNovel,"R388C,0.523"
X-2781,C12orf51,283450.0,MutKnownFunctional,"-3108,0.583"
X-2781,C15orf61,145853.0,MutNovel,"K94E,0.509"
X-2781,C16orf7,9605.0,MutKnownFunctional,"-504,0.461"
X-2781,C19orf47,126526.0,MutNovel,"S30N,0.556"
X-2781,C1orf130,400746.0,MutNovel,"V97I,0.396"
X-2781,C2orf69,205327.0,MutNovel,"P61H,0.577"
X-2781,C7orf43,55262.0,MutNovel,"T136I,0.340"
X-2781,C9orf172,389813.0,MutNovel,"A602V,0.286"
X-2781,CA3,761.0,MutNovel,"R137C,0.571"
X-2781,CAMSAP2,23271.0,MutNovel,"S1293P,0.317"
X-2781,CANX,821.0,MutNovel,"P481L,0.513"
X-2781,CAPN10,11132.0,MutNovel,"A51V,0.479"
X-2781,CAPN14,440854.0,MutNovel,"D432N,0.778"
X-2781,CARS,833.0,MutNovel,"EA570A,0.605"
X-2781,CBS,875.0,MutNovel,"T493M,0.707"
X-2781,CBX2,84733.0,MutNovel,"P196L,0.452"
X-2781,CCDC114,93233.0,MutNovel,"M407T,0.508"
X-2781,CCDC22,28952.0,MutNovel,"A398V,1.000"
X-2781,CCDC30,728621.0,MutKnownFunctional,"-15,0.778"
X-2781,CCDC43,124808.0,MutKnownFunctional,"-216,0.433"
X-2781,CCDC65,85478.0,MutNovel,"Y461H,0.507"
X-2781,CCDC9,26093.0,MutNovel,"D145N,0.493"
X-2781,CCNF,899.0,MutNovel,"A448T,0.529"
X-2781,CD276,80381.0,MutNovel,"M147T,0.384"
X-2781,CD63,967.0,MutNovel,"I157T,0.495"
X-2781,CD96,10225.0,MutNovel,"V420A,0.593"
X-2781,CDAN1,146059.0,MutNovel,"P653L,0.523"
X-2781,CDK12,51755.0,MutKnownFunctional,"-1269?,0.340"
X-2781,CDK8,1024.0,MutNovel,"G28D,0.342"
X-2781,CDKN1C,1028.0,MutNovel,"APVAV171V,0.346"
X-2781,CDS2,8760.0,MutNovel,"Q411R,0.581"
X-2781,CDY1B,253175.0,Del0.8,0.18
X-2781,CDY1B,253175.0,Del0.8,0.18
X-2781,CDY2A,9426.0,Del0.8,0.18
X-2781,CDY2A,9426.0,Del0.8,0.18
X-2781,CDY2B,203611.0,Del0.8,0.18
X-2781,CDY2B,203611.0,Del0.8,0.18
X-2781,CEACAM7,1087.0,MutNovel,"T172I,0.267"
X-2781,CEL,1056.0,MutKnownFunctional,"-575,0.500"
X-2781,CENPJ,55835.0,MutNovel,"P716L,0.684"
X-2781,CES3,23491.0,MutNovel,"A542V,0.400"
X-2781,CFHR1,3078.0,Amp5,5.98
X-2781,CFHR3,10878.0,Amp5,5.98
X-2781,CHD3,1107.0,MutNovel,"E8-,0.625"
X-2781,CHD3,1107.0,MutKnownFunctional,"-597,0.256"
X-2781,CHD6,84181.0,MutNovel,"A177T,0.486"
X-2781,CHD7,55636.0,MutKnownFunctional,"-640?,0.261"
X-2781,CHD7,55636.0,MutKnownFunctional,"-2587,0.663"
X-2781,CHD8,57680.0,MutNovel,"R1092C,0.488"
X-2781,CHRNE,1145.0,MutNovel,"W205R,1.000"
X-2781,CKAP2,26586.0,MutKnownFunctional,"-604,0.390"
X-2781,CKMT2,1160.0,MutKnownFunctional,"-418,0.714"
X-2781,CLCC1,23155.0,MutNovel,"Y100C,0.582"
X-2781,CLCF1,23529.0,MutNovel,"L3P,0.560"
X-2781,CLN6,54982.0,MutNovel,"A12T,0.593"
X-2781,CNNM3,26505.0,MutNovel,"L64-,0.462"
X-2781,CNOT1,23019.0,MutNovel,"F1543-,0.462"
X-2781,CNOT3,4849.0,MutKnownFunctional,"-243,0.267"
X-2781,CNTNAP1,8506.0,MutNovel,"R285L,0.385"
X-2781,CNTNAP1,8506.0,MutNovel,"SF810S,0.652"
X-2781,COBLL1,22837.0,MutNovel,"A1055V,0.280"
X-2781,COL14A1,7373.0,MutNovel,"G1739D,0.727"
X-2781,COL16A1,1307.0,MutNovel,"G396D,1.000"
X-2781,COL5A2,1290.0,MutNovel,"G1212D,0.412"
X-2781,COPS3,8533.0,MutNovel,"L148H,0.459"
X-2781,COX15,1355.0,MutNovel,"R327W,0.508"
X-2781,CPEB2,132864.0,MutKnownFunctional,"-987,0.390"
X-2781,CPLX1,10815.0,MutNovel,"E110V,0.588"
X-2781,CPSF1,29894.0,MutNovel,"S705N,0.297"
X-2781,CRIPAK,285464.0,MutNovel,"V164A,0.750"
X-2781,CRTC2,200186.0,MutNovel,"G614W,0.320"
X-2781,CSPG4P1Y,114758.0,Del0.8,0.18
X-2781,CSPG4P1Y,114758.0,Del0.8,0.18
X-2781,CTSA,5476.0,MutNovel,"L29-,0.418"
X-2781,CUEDC1,404093.0,MutKnownFunctional,"-31,0.367"
X-2781,CUL9,23113.0,MutNovel,"R2011C,0.463"
X-2781,CXXC5,51523.0,MutKnownFunctional,"-55,0.514"
X-2781,CYP24A1,1591.0,MutNovel,"S8N,0.750"
X-2781,DACT2,168002.0,MutNovel,"T38K,0.600"
X-2781,DAZ1,1617.0,Del0.8,0.18
X-2781,DAZ2,57055.0,Del0.8,0.18
X-2781,DAZ3,57054.0,Del0.8,0.18
X-2781,DAZ3,57054.0,Del0.8,0.18
X-2781,DAZ4,57135.0,Del0.8,0.18
X-2781,DAZ4,57135.0,Del0.8,0.18
X-2781,DBNDD1,79007.0,MutNovel,"V67I,0.514"
X-2781,DDR1,780.0,MutNovel,"R332Q,0.475"
X-2781,DDX20,11218.0,MutNovel,"I364V,0.488"
X-2781,DDX3Y,8653.0,Del0.8,0.18
X-2781,DDX42,11325.0,MutNovel,"P201S,0.601"
X-2781,DDX51,317781.0,MutNovel,"A237V,0.576"
X-2781,DDX54,79039.0,MutNovel,"K94-,0.369"
X-2781,DENND4C,55667.0,MutNovel,"C7Y,0.778"
X-2781,DGKA,1606.0,MutKnownFunctional,"-724,0.371"
X-2781,DHRSX,207063.0,MutNovel,"G503S,0.522"
X-2781,DHX15,1665.0,MutNovel,"R44S,0.452"
X-2781,DHX37,57647.0,MutNovel,"E163D,0.603"
X-2781,DNAJB2,3300.0,MutNovel,"R25H,0.448"
X-2781,DNM2,1785.0,MutNovel,"S805L,0.514"
X-2781,DNMT3B,1789.0,MutNovel,"D73N,0.550"
X-2781,DOCK3,1795.0,MutNovel,"R116C,1.000"
X-2781,DONSON,29980.0,MutNovel,"I145S,0.418"
X-2781,DROSHA,29102.0,MutNovel,"C538Y,0.782"
X-2781,DSG3,1830.0,MutNovel,"R997H,0.500"
X-2781,DTWD1,56986.0,MutKnownFunctional,"-157,0.341"
X-2781,DUSP8,1850.0,MutNovel,"G522R,0.605"
X-2781,DYRK2,8445.0,MutKnownFunctional,"-453,0.496"
X-2781,E2F5,1875.0,MutNovel,"G18A,1.000"
X-2781,E2F7,144455.0,MutNovel,"S692L,0.556"
X-2781,EFCAB4B,84766.0,MutNovel,"P478S,0.400"
X-2781,EIF1AY,9086.0,Del0.8,0.18
X-2781,EIF3A,8661.0,MutNovel,"R140C,0.470"
X-2781,EIF3J,8669.0,MutNovel,"R119W,0.439"
X-2781,EIF4G1,1981.0,MutNovel,"R710L,0.486"
X-2781,EML3,256364.0,MutNovel,"G118R,0.480"
X-2781,ENDOV,284131.0,MutNovel,"V101A,0.778"
X-2781,ENGASE,64772.0,MutNovel,"E53D,0.529"
X-2781,ENPP3,5169.0,MutNovel,"P442H,0.329"
X-2781,ENTPD3,956.0,MutNovel,"R292W,0.611"
X-2781,EPHA2,1969.0,MutNovel,"R950W,1.000"
X-2781,ERLEC1,27248.0,MutNovel,"R285M,0.513"
X-2781,ERLIN2,11160.0,MutKnownFunctional,"-340,0.560"
X-2781,ERN2,10595.0,MutKnownFunctional,"-222,0.374"
X-2781,ERO1L,30001.0,MutNovel,"T52I,0.427"
X-2781,ESR1,2099.0,MutNovel,"S463P,0.486"
X-2781,ESRRG,2104.0,MutNovel,"F378S,0.444"
X-2781,ETV5,2119.0,MutNovel,"A382V,0.606"
X-2781,EXOC6B,23233.0,MutNovel,"R650H,0.524"
X-2781,EXOC6B,23233.0,MutNovel,"D273V,0.214"
X-2781,EXOSC6,118460.0,MutNovel,"R135P,0.486"
X-2781,EXT1,2131.0,MutNovel,"N189T,0.594"
X-2781,EZR,7430.0,MutNovel,"M341I,0.477"
X-2781,F2RL1,2150.0,MutNovel,"R381G,0.482"
X-2781,FAIM,55179.0,MutKnownFunctional,"-33,0.387"
X-2781,FAM111B,374393.0,MutKnownFunctional,"-269,0.389"
X-2781,FAM115A,9747.0,MutNovel,"R765W,0.214"
X-2781,FAM117B,150864.0,MutKnownFunctional,"-380,0.458"
X-2781,FAM173A,65990.0,MutNovel,"L32S,1.000"
X-2781,FAM193A,8603.0,MutNovel,"Q757R,0.295"
X-2781,FAM197Y2P,252946.0,Del0.8,0.18
X-2781,FAM208B,54906.0,MutNovel,"E70D,0.500"
X-2781,FAM41AY1,340618.0,Del0.8,0.18
X-2781,FAM41AY1,340618.0,Del0.8,0.18
X-2781,FAM98C,147965.0,MutKnownFunctional,"-315,0.496"
X-2781,FAT1,2195.0,MutNovel,"G1194D,0.591"
X-2781,FBLIM1,54751.0,MutNovel,"S61N,0.483"
X-2781,FBRSL1,57666.0,MutNovel,"N330S,0.534"
X-2781,FBXO10,26267.0,MutNovel,"I313T,0.727"
X-2781,FBXW4,6468.0,MutNovel,"S338N,0.287"
X-2781,FCGBP,8857.0,MutNovel,"S1249Y,0.500"
X-2781,FCRL2,79368.0,MutNovel,"P389S,0.217"
X-2781,FDXACB1,91893.0,MutNovel,"R575S,0.542"
X-2781,FICD,11153.0,MutNovel,"D398N,0.526"
X-2781,FKBP6,8468.0,MutNovel,"G10V,0.375"
X-2781,FN1,2335.0,MutNovel,"P910L,0.312"
X-2781,FNBP1,23048.0,MutNovel,"R179C,0.577"
X-2781,FNBP1,23048.0,MutNovel,"A103V,0.500"
X-2781,FNBP1L,54874.0,MutNovel,"A191V,0.652"
X-2781,FNIP2,57600.0,MutNovel,"A673T,0.500"
X-2781,FOLH1,2346.0,MutNovel,"M169I,0.364"
X-2781,FOLR1,2348.0,MutNovel,"A249T,0.447"
X-2781,FOXC2,2303.0,MutKnownFunctional,"-106?,0.909"
X-2781,FREM1,158326.0,MutNovel,"A398T,0.471"
X-2781,FREM2,341640.0,MutNovel,"Y2643C,0.462"
X-2781,FRMD6,122786.0,MutNovel,"C46Y,0.500"
X-2781,FUT1,2523.0,MutKnownFunctional,"-51,0.429"
X-2781,FXR1,8087.0,MutNovel,"R453Q,0.520"
X-2781,GALC,2581.0,MutNovel,"C322Y,0.535"
X-2781,GALM,130589.0,MutNovel,"Y298N,0.459"
X-2781,GALNT7,51809.0,MutNovel,"I521V,0.467"
X-2781,GATM,2628.0,MutNovel,"R197M,0.333"
X-2781,GCDH,2639.0,MutNovel,"R234Q,0.624"
X-2781,GCN1L1,10985.0,MutKnownFunctional,"-14,0.717"
X-2781,GEMIN5,25929.0,MutNovel,"K1012R,0.452"
X-2781,GFM2,84340.0,MutKnownFunctional,"-335,0.268"
X-2781,GGT6,124975.0,MutNovel,"A264T,0.505"
X-2781,GIGYF2,26058.0,MutNovel,"PQ1231P,0.340"
X-2781,GIPC1,10755.0,MutNovel,"L211I,0.481"
X-2781,GJA1,2697.0,MutNovel,"R202H,0.571"
X-2781,GLCCI1,113263.0,MutNovel,"K464I,0.397"
X-2781,GLIS2,84662.0,MutKnownFunctional,"-334,0.533"
X-2781,GLTSCR1,29998.0,MutKnownFunctional,"-935?,0.423"
X-2781,GLUD2,2747.0,MutKnownFunctional,"-180,0.615"
X-2781,GMIP,51291.0,MutNovel,"P341S,0.481"
X-2781,GMNN,51053.0,MutNovel,"A142T,0.504"
X-2781,GNG12,55970.0,MutKnownFunctional,"-68,0.411"
X-2781,GOLGA2,2801.0,MutKnownFunctional,"-989,0.416"
X-2781,GOLGA2P2Y,84559.0,Del0.8,0.18
X-2781,GOLGA2P2Y,84559.0,Del0.8,0.18
X-2781,GOLGA8B,440270.0,Del0.8,0.7
X-2781,GOT1,2805.0,MutNovel,"V212I,0.522"
X-2781,GPBP1L1,60313.0,MutKnownFunctional,"-54,0.870"
X-2781,GPR153,387509.0,MutNovel,"L93I,1.000"
X-2781,GPX3,2878.0,MutNovel,"Q86H,0.503"
X-2781,GREB1,9687.0,MutNovel,"F1478V,0.436"
X-2781,GRIP1,23426.0,MutNovel,"S438G,0.436"
X-2781,GSPT1,2935.0,MutNovel,"GG15G,0.224"
X-2781,GSR,2936.0,MutNovel,"F447I,0.440"
X-2781,GTDC2,,MutKnownFunctional,"-413,0.333"
X-2781,GTF2F1,2962.0,MutNovel,"L432R,0.227"
X-2781,GYG2P1,352887.0,Del0.8,0.18
X-2781,GYLTL1B,120071.0,MutNovel,"L16LL,0.291"
X-2781,HAUS3,79441.0,MutKnownFunctional,"-14,0.475"
X-2781,HCK,3055.0,MutKnownFunctional,"-1?,0.455"
X-2781,HEATR1,55127.0,MutNovel,"A1332V,0.333"
X-2781,HHLA3,11147.0,MutNovel,"L57V,1.000"
X-2781,HIST1H3B,8358.0,MutNovel,"A22V,0.750"
X-2781,HIVEP1,3096.0,MutNovel,"A510V,0.600"
X-2781,HIVEP2,3097.0,MutNovel,"A1734V,0.658"
X-2781,HLA-B,3106.0,MutNovel,"A235T,0.384"
X-2781,HLA-DRB1,3123.0,Amp5,5.78
X-2781,HLA-DRB5,3127.0,Amp5,5.78
X-2781,HLA-DRB6,3128.0,Amp5,5.78
X-2781,HLA-G,3135.0,MutNovel,"G25R,0.300"
X-2781,HLX,3142.0,MutNovel,"V79A,1.000"
X-2781,HNF4G,3174.0,MutNovel,"L209W,0.571"
X-2781,HNRNPCL1,343069.0,MutNovel,"P253L,1.000"
X-2781,HNRNPUL1,11100.0,MutKnownFunctional,"-634,0.471"
X-2781,HOXA1,3198.0,MutNovel,"A195T,1.000"
X-2781,HOXC12,3228.0,MutNovel,"N176K,0.818"
X-2781,HPS1,3257.0,MutNovel,"R590C,0.651"
X-2781,HSFY2,159119.0,Del0.8,0.18
X-2781,HSFY2,159119.0,Del0.8,0.18
X-2781,HSPA8,3312.0,MutNovel,"Q279H,0.480"
X-2781,HSPB1,3315.0,MutNovel,"L99P,0.443"
X-2781,HTT,3064.0,MutNovel,"E2718A,0.461"
X-2781,IBA57,200205.0,MutNovel,"A141T,0.646"
X-2781,IFT140,9742.0,MutNovel,"G857S,1.000"
X-2781,IGF2BP3,10643.0,MutNovel,"R290C,0.340"
X-2781,IGFN1,91156.0,MutNovel,"Y2982H,0.667"
X-2781,IL11,3589.0,MutKnownFunctional,"-180?,0.857"
X-2781,IL1R2,7850.0,MutKnownFunctional,"-50,0.533"
X-2781,ILK,3611.0,MutNovel,"D2-,0.372"
X-2781,IMP4,92856.0,MutNovel,"F191L,0.532"
X-2781,INCA1,388324.0,MutNovel,"P35H,0.765"
X-2781,INF2,64423.0,MutNovel,"Q296R,0.624"
X-2781,INPP4B,8821.0,MutNovel,"V704M,0.536"
X-2781,INSR,3643.0,MutNovel,"D766N,0.857"
X-2781,INTS5,80789.0,MutNovel,"R165H,0.536"
X-2781,INVS,27130.0,MutNovel,"N1033S,0.458"
X-2781,IPO8,10526.0,MutNovel,"I177M,0.424"
X-2781,IRAK1,3654.0,MutNovel,"N281K,0.995"
X-2781,IRF2BPL,64207.0,MutNovel,"L603M,0.542"
X-2781,ISYNA1,51477.0,MutNovel,"H548Y,0.430"
X-2781,ITGA6,3655.0,MutNovel,"L1029F,0.291"
X-2781,ITSN1,6453.0,MutNovel,"N849K,0.500"
X-2781,JAK1,3716.0,MutKnownFunctional,"-339,0.625"
X-2781,KAT2A,2648.0,MutNovel,"M184I,0.512"
X-2781,KCNH3,23416.0,MutNovel,"L616P,0.504"
X-2781,KDELC2,143888.0,MutNovel,"W35S,0.417"
X-2781,KDM5A,5927.0,MutKnownFunctional,"-1199?,0.280"
X-2781,KDM5D,8284.0,Del0.8,0.18
X-2781,KDM6B,23135.0,MutNovel,"R927Q,0.453"
X-2781,KIAA0125,9834.0,Amp8,8.88
X-2781,KIAA0319,9856.0,MutNovel,"E246Q,0.800"
X-2781,KIAA0913,23053.0,MutNovel,"T1612M,0.481"
X-2781,KIAA0913,23053.0,MutKnownFunctional,"-1685,0.478"
X-2781,KIAA1199,57214.0,MutNovel,"V930I,0.429"
X-2781,KIAA1199,57214.0,MutNovel,"V1174A,0.647"
X-2781,KIAA1217,56243.0,MutNovel,"K1043N,0.503"
X-2781,KIAA1429,25962.0,MutNovel,"V1550A,0.698"
X-2781,KIAA1429,25962.0,MutKnownFunctional,"G473*,0.326"
X-2781,KIF21B,23046.0,MutNovel,"T89M,0.500"
X-2781,KLF4,9314.0,MutNovel,"A438V,0.510"
X-2781,KNTC1,9735.0,MutNovel,"S1034N,0.318"
X-2781,KRAS,3845.0,MutKnownFunctional,"G12D,0.576"
X-2781,KRT80,144501.0,MutKnownFunctional,"Q406*,0.469"
X-2781,LAMA5,3911.0,MutNovel,"CDPHTGRC2124C,0.230"
X-2781,LAMB3,3914.0,MutNovel,"R737H,0.322"
X-2781,LAMB3,3914.0,MutNovel,"C47Y,0.266"
X-2781,LCMT2,9836.0,MutNovel,"N272K,0.333"
X-2781,LDLR,3949.0,MutNovel,"A151T,0.505"
X-2781,LEFTY2,7044.0,MutNovel,"K279E,0.783"
X-2781,LEFTY2,7044.0,MutNovel,"E24G,1.000"
X-2781,LINC00226,338004.0,Amp5,5.54
X-2781,LIPG,9388.0,MutNovel,"A340T,0.390"
X-2781,LMNA,4000.0,MutNovel,"M464T,0.297"
X-2781,LMNB1,4001.0,MutNovel,"G130D,0.554"
X-2781,LOC100288332,,MutNovel,"D279V,0.349"
X-2781,LOC730183,,MutNovel,"P41Q,0.421"
X-2781,LPIN3,64900.0,MutKnownFunctional,"-110,0.316"
X-2781,LPPR3,79948.0,MutNovel,"EE471E,0.462"
X-2781,LRP4,4038.0,MutNovel,"H1723R,0.475"
X-2781,LRRC1,55227.0,MutNovel,"W8R,0.673"
X-2781,LRRC66,339977.0,MutNovel,"K275E,0.571"
X-2781,LSR,51599.0,MutNovel,"G518GR,0.466"
X-2781,MACF1,23499.0,MutNovel,"L1789P,1.000"
X-2781,MAD1L1,8379.0,MutNovel,"Q370R,0.295"
X-2781,MAGEA6,4105.0,MutNovel,"K211R,0.999"
X-2781,MAP3K1,4214.0,MutNovel,"ST941S,0.692"
X-2781,MAP3K4,4216.0,MutNovel,"PA1189P,0.679"
X-2781,MAPKBP1,23005.0,MutNovel,"P1390A,0.588"
X-2781,MAST1,22983.0,MutNovel,"G1126V,0.500"
X-2781,MAST4,375449.0,MutNovel,"L95LP,0.438"
X-2781,MATN2,4147.0,MutNovel,"D768N,0.308"
X-2781,MBD1,4152.0,MutNovel,"R173C,0.369"
X-2781,MBD6,114785.0,MutKnownFunctional,"-780,0.405"
X-2781,MBP,4155.0,MutNovel,"R69H,0.474"
X-2781,MDH1B,130752.0,MutNovel,"I136V,0.462"
X-2781,MED15,51586.0,MutNovel,"-251Q,0.268"
X-2781,MEN1,4221.0,MutNovel,"L409I,0.489"
X-2781,METTL16,79066.0,MutNovel,"G266W,0.375"
X-2781,METTL21D,79609.0,MutNovel,"V27A,0.433"
X-2781,METTL9,51108.0,MutNovel,"D213G,0.468"
X-2781,MFSD2A,84879.0,MutNovel,"F450C,0.642"
X-2781,MFSD7,84179.0,MutNovel,"P183S,0.750"
X-2781,MICAL1,64780.0,MutNovel,"R660C,0.526"
X-2781,MICAL2,9645.0,MutNovel,"K1060E,0.396"
X-2781,MICALCL,84953.0,MutNovel,"A236T,0.625"
X-2781,MIS18A,54069.0,MutNovel,"A75V,0.568"
X-2781,MLL3,58508.0,MutKnownFunctional,"-2797,0.303"
X-2781,MLL5,55904.0,MutNovel,"V1790I,0.678"
X-2781,MMACHC,25974.0,MutNovel,"V23F,1.000"
X-2781,MMP17,4326.0,MutNovel,"P22PLLS,0.714"
X-2781,MMP25,64386.0,MutKnownFunctional,"-461,0.412"
X-2781,MOCS3,27304.0,MutNovel,"G94D,0.379"
X-2781,MPRIP,23164.0,MutNovel,"TS178T,0.551"
X-2781,MPRIP,23164.0,MutKnownFunctional,"-351,0.286"
X-2781,MPV17L2,84769.0,MutKnownFunctional,"-163?,0.308"
X-2781,MRPL35,51318.0,MutNovel,"I16T,0.454"
X-2781,MST1R,4486.0,MutNovel,"M1135I,0.504"
X-2781,MTFMT,123263.0,MutNovel,"P151L,0.574"
X-2781,MTHFD2,10797.0,MutKnownFunctional,"-328,0.402"
X-2781,MTIF2,4528.0,MutNovel,"Q607R,0.469"
X-2781,MUC16,94025.0,MutNovel,"T10070I,0.333"
X-2781,MUC16,94025.0,MutNovel,"S8714G,0.750"
X-2781,MX1,4599.0,MutNovel,"S634G,0.537"
X-2781,MXRA7,439921.0,MutNovel,"D203N,0.362"
X-2781,MYL6B,140465.0,MutNovel,"P50S,0.519"
X-2781,MYO19,80179.0,MutNovel,"PDSP683P,0.428"
X-2781,MYO1C,4641.0,MutNovel,"K776T,0.540"
X-2781,MYO5C,55930.0,MutNovel,"R1495Q,0.383"
X-2781,N4BP1,9683.0,MutNovel,"A692V,0.468"
X-2781,N6AMT2,221143.0,MutNovel,"Y203H,0.524"
X-2781,NAGPA,51172.0,MutNovel,"R42H,0.600"
X-2781,NAP1L5,266812.0,MutNovel,"G136E,1.000"
X-2781,NBEAL2,23218.0,MutNovel,"G1375S,0.496"
X-2781,NBPF10,100132406.0,MutNovel,"A276V,0.278"
X-2781,NBPF14,25832.0,MutNovel,"Q153K,0.400"
X-2781,NCOR2,9612.0,MutNovel,"G1839GAAA,0.617"
X-2781,NCOR2,9612.0,MutNovel,"C1503Y,0.507"
X-2781,NCRNA00185,55410.0,Del0.8,0.18
X-2781,NEK8,284086.0,MutNovel,"I412V,0.217"
X-2781,NEURL1B,54492.0,MutNovel,"T460A,0.464"
X-2781,NFKB2,4791.0,MutNovel,"M185I,0.482"
X-2781,NIPAL2,79815.0,MutNovel,"Y200C,0.654"
X-2781,NKTR,4820.0,MutNovel,"V1122M,0.433"
X-2781,NLGN4Y,22829.0,Del0.8,0.18
X-2781,NLRX1,79671.0,MutKnownFunctional,"-886,0.583"
X-2781,NMNAT2,23057.0,MutNovel,"I221N,1.000"
X-2781,NOD2,64127.0,MutNovel,"V816I,1.000"
X-2781,NOTCH1,4851.0,MutNovel,"T1602A,0.485"
X-2781,NOTUM,147111.0,MutNovel,"G359D,0.500"
X-2781,NPAT,4863.0,MutNovel,"G154S,0.600"
X-2781,NPR2,4882.0,MutNovel,"G923S,0.367"
X-2781,NPRL3,8131.0,MutNovel,"TT531T,0.851"
X-2781,NR1H2,7376.0,MutNovel,"-173Q,0.446"
X-2781,NR2C1,7181.0,MutNovel,"Y392C,0.235"
X-2781,NSUN7,79730.0,MutNovel,"N3K,0.407"
X-2781,OBSCN,84033.0,MutNovel,"Q5430R,0.519"
X-2781,OCA2,4948.0,MutNovel,"V300A,0.667"
X-2781,OGDHL,55753.0,MutNovel,"A880T,0.493"
X-2781,OPRK1,4986.0,MutNovel,"G13Y,0.250"
X-2781,OR2T10,127069.0,Amp5,5.82
X-2781,OR2T34,127068.0,Amp5,5.82
X-2781,ORAI1,84876.0,MutNovel,"PP43-,0.742"
X-2781,OXA1L,5018.0,MutKnownFunctional,"R458*,0.532"
X-2781,OXGR1,27199.0,MutNovel,"V46M,0.625"
X-2781,PARD3B,117583.0,MutNovel,"I215M,0.375"
X-2781,PAX6,5080.0,MutKnownFunctional,"-389,0.263"
X-2781,PC,5091.0,MutNovel,"P537L,0.393"
X-2781,PC,5091.0,MutNovel,"E338-,0.375"
X-2781,PCDH1,5097.0,MutNovel,"C1202Y,0.453"
X-2781,PCDH1,5097.0,MutNovel,"A264T,0.682"
X-2781,PCDH11Y,83259.0,Del0.8,0.31
X-2781,PCNT,5116.0,MutNovel,"P3250T,0.486"
X-2781,PCNXL2,80003.0,MutNovel,"L871F,0.375"
X-2781,PCSK7,9159.0,MutKnownFunctional,"-649,0.324"
X-2781,PCSK7,9159.0,MutNovel,"V168M,0.350"
X-2781,PCSK9,255738.0,MutNovel,"A390T,1.000"
X-2781,PDCD5,9141.0,MutNovel,"A15V,0.486"
X-2781,PDE4D,5144.0,MutNovel,"T776A,0.516"
X-2781,PDE8A,5151.0,MutNovel,"Q757R,0.506"
X-2781,PDK1,5163.0,MutNovel,"W113G,0.517"
X-2781,PDS5B,23047.0,MutKnownFunctional,"-1316,0.321"
X-2781,PDS5B,23047.0,MutKnownFunctional,"-1387,0.297"
X-2781,PEAK1,79834.0,MutNovel,"D1410V,0.333"
X-2781,PFKM,5213.0,MutNovel,"R324C,0.574"
X-2781,PFKP,5214.0,MutNovel,"T294M,0.528"
X-2781,PHACTR4,65979.0,MutKnownFunctional,"-61,0.648"
X-2781,PHF14,9678.0,MutNovel,"K307N,0.333"
X-2781,PHF15,23338.0,MutNovel,"KPP605K,0.661"
X-2781,PHF20L1,51105.0,MutKnownFunctional,"-296,0.289"
X-2781,PHLDA1,22822.0,MutNovel,"QQ194Q,0.485"
X-2781,PHTF2,57157.0,MutNovel,"R313C,0.613"
X-2781,PI4KA,5297.0,MutNovel,"A2010V,0.362"
X-2781,PIAS4,51588.0,MutNovel,"T149I,0.538"
X-2781,PIEZO1,9780.0,MutNovel,"G1019S,0.426"
X-2781,PIGO,84720.0,MutNovel,"A249T,0.473"
X-2781,PIK3CA,5290.0,MutKnownFunctional,"R38H,0.667"
X-2781,PIK3CA,5290.0,MutKnownFunctional,"M1043I,0.475"
X-2781,PIM3,415116.0,MutNovel,"P282L,0.534"
X-2781,PKD1,5310.0,MutNovel,"P630L,0.312"
X-2781,PKP2,5318.0,MutNovel,"S385T,0.611"
X-2781,PLA2G3,50487.0,MutNovel,"H453Y,0.569"
X-2781,PLCB3,5331.0,MutNovel,"R154H,0.456"
X-2781,PLCB3,5331.0,MutNovel,"A436T,0.505"
X-2781,PLCE1,51196.0,MutKnownFunctional,"R1246*,0.276"
X-2781,PLEC,5339.0,MutNovel,"R2556C,0.393"
X-2781,PLEC,5339.0,MutNovel,"A2495V,0.570"
X-2781,PLEKHG1,57480.0,MutNovel,"V563M,0.405"
X-2781,PLEKHG3,26030.0,MutNovel,"V258M,0.533"
X-2781,PLEKHH3,79990.0,MutKnownFunctional,"-319?,0.347"
X-2781,PLEKHH3,79990.0,MutKnownFunctional,"-192,0.455"
X-2781,PLEKHO2,80301.0,MutNovel,"E2D,1.000"
X-2781,PLK1S1,55857.0,MutNovel,"R613Q,0.444"
X-2781,PNMA1,9240.0,MutNovel,"Q288R,0.524"
X-2781,POGK,57645.0,MutNovel,"Q504R,0.282"
X-2781,POGK,57645.0,MutNovel,"G566V,0.317"
X-2781,POLG,5428.0,MutNovel,"I1224T,0.519"
X-2781,POLR1B,84172.0,MutNovel,"L606M,0.512"
X-2781,POLR2J3,548644.0,MutNovel,"P53L,0.216"
X-2781,POTEF,728378.0,MutNovel,"T844A,0.429"
X-2781,POTEJ,,MutNovel,"I1020T,1.000"
X-2781,POU2F1,5451.0,MutNovel,"A553V,0.357"
X-2781,PPP1R13B,23368.0,MutNovel,"S491I,0.444"
X-2781,PPP1R13L,10848.0,MutNovel,"T796A,0.416"
X-2781,PPP1R13L,10848.0,MutNovel,"A575V,0.423"
X-2781,PPP1R26,9858.0,MutNovel,"R1175M,0.269"
X-2781,PPP6R3,55291.0,MutNovel,"E234K,0.531"
X-2781,PPRC1,23082.0,MutKnownFunctional,"-1304?,0.270"
X-2781,PRAMEF2,65122.0,Del0.8,0.55
X-2781,PRDM2,7799.0,MutKnownFunctional,"-1487,0.817"
X-2781,PRKCI,5584.0,MutNovel,"D56G,0.453"
X-2781,PRKY,5616.0,Del0.8,0.18
X-2781,PRPF8,10594.0,MutNovel,"K606N,0.459"
X-2781,PRY,9081.0,Del0.8,0.18
X-2781,PRY,9081.0,Del0.8,0.18
X-2781,PRY2,442862.0,Del0.8,0.18
X-2781,PRY2,442862.0,Del0.8,0.18
X-2781,PSMA7,5688.0,MutNovel,"R109H,0.483"
X-2781,PSME1,5720.0,MutNovel,"T245N,0.235"
X-2781,PTEN,5728.0,MutLikelyFunctional,"-247?,0.969"
X-2781,PTK2B,2185.0,MutNovel,"R698H,0.452"
X-2781,PTPRS,5802.0,MutKnownFunctional,"-1729,0.304"
X-2781,PUS7,54517.0,MutKnownFunctional,"-645?,0.409"
X-2781,PYGO2,90780.0,MutKnownFunctional,"-150?,0.325"
X-2781,RAB11FIP1,80223.0,MutKnownFunctional,"-1129,0.282"
X-2781,RABL5,64792.0,MutNovel,"R158Q,0.358"
X-2781,RAD51,5888.0,MutNovel,"T140A,0.435"
X-2781,RAD51D,5892.0,MutNovel,"P292H,0.587"
X-2781,RAD54L,8438.0,MutNovel,"SSD512N,0.471"
X-2781,RAET1L,154064.0,MutNovel,"A214T,0.385"
X-2781,RANBP2,5903.0,MutKnownFunctional,"-3112,0.493"
X-2781,RANBP6,26953.0,MutNovel,"L633P,0.437"
X-2781,RAP1GAP2,23108.0,MutKnownFunctional,"-223?,0.245"
X-2781,RARA,5914.0,MutKnownFunctional,"-427,0.333"
X-2781,RASSF2,9770.0,MutNovel,"P132H,1.000"
X-2781,RBM22,55696.0,MutNovel,"P339R,0.375"
X-2781,RBM39,9584.0,MutNovel,"T353I,0.543"
X-2781,RBMY1A3P,286557.0,Del0.8,0.18
X-2781,RBMY1B,378948.0,Del0.8,0.18
X-2781,RBMY1B,378948.0,Del0.8,0.18
X-2781,RBMY1E,378950.0,Del0.8,0.18
X-2781,RBMY1E,378950.0,Del0.8,0.18
X-2781,RBMY1F,159163.0,Del0.8,0.18
X-2781,RBMY1F,159163.0,Del0.8,0.18
X-2781,RBMY1J,378951.0,Del0.8,0.18
X-2781,RBMY1J,378951.0,Del0.8,0.18
X-2781,RBMY2EP,159125.0,Del0.8,0.18
X-2781,RBMY2FP,159162.0,Del0.8,0.18
X-2781,RBMY3AP,64593.0,Del0.8,0.18
X-2781,RECQL,5965.0,MutNovel,"A67T,0.514"
X-2781,REM2,161253.0,MutNovel,"R200Q,0.500"
X-2781,REPIN1,29803.0,MutKnownFunctional,"-427,0.562"
X-2781,REXO1,57455.0,MutNovel,"S265N,0.466"
X-2781,RFC5,5985.0,MutNovel,"L41P,0.500"
X-2781,RFX2,5990.0,MutNovel,"N542D,0.417"
X-2781,RGS3,5998.0,MutNovel,"A1067V,0.500"
X-2781,RIN3,79890.0,MutNovel,"G967-,0.429"
X-2781,RNF145,153830.0,MutKnownFunctional,"-29,0.281"
X-2781,RNF170,81790.0,MutKnownFunctional,"-189,0.493"
X-2781,RNF19B,127544.0,MutNovel,"A430V,1.000"
X-2781,RNF19B,127544.0,MutNovel,"Q62P,1.000"
X-2781,RNF213,57674.0,MutNovel,"T1705K,0.800"
X-2781,RNF31,55072.0,MutNovel,"G502C,0.579"
X-2781,ROBO2,6092.0,MutNovel,"R138Q,0.556"
X-2781,ROCK1,6093.0,MutNovel,"M228T,0.271"
X-2781,RPAIN,84268.0,MutNovel,"S58T,0.440"
X-2781,RPL22,6146.0,MutKnownFunctional,"-15,0.735"
X-2781,RPL30,6156.0,MutNovel,"L48P,0.704"
X-2781,RPP25,54913.0,MutNovel,"K6N,0.585"
X-2781,RPRD2,23248.0,MutNovel,"T990M,0.353"
X-2781,RPS4Y1,6192.0,Del0.8,0.31
X-2781,RPS4Y2,140032.0,Del0.8,0.18
X-2781,RRAGA,10670.0,MutNovel,"K236I,0.953"
X-2781,RREB1,6239.0,MutKnownFunctional,"-1500,0.380"
X-2781,RSBN1,54665.0,MutNovel,"R571H,0.417"
X-2781,RTDR1,27156.0,MutNovel,"R338Q,1.000"
X-2781,RTN3,10313.0,MutNovel,"C458R,0.750"
X-2781,S1PR2,9294.0,MutNovel,"V87I,0.520"
X-2781,SAT1,6303.0,MutNovel,"KR141K,0.796"
X-2781,SBF2,81846.0,MutNovel,"T1364A,0.544"
X-2781,SCAPER,49855.0,Del0.8,0.59
X-2781,SDAD1,55153.0,MutNovel,"A544T,0.544"
X-2781,SEC14L1,6397.0,MutNovel,"V608A,0.520"
X-2781,SEC24B,10427.0,MutNovel,"P542H,0.542"
X-2781,SEC24C,9632.0,MutKnownFunctional,"-138,0.302"
X-2781,SECISBP2L,9728.0,MutNovel,"G721C,0.500"
X-2781,SEL1L3,23231.0,MutNovel,"R486C,0.486"
X-2781,SEMA3B,7869.0,MutNovel,"C310R,0.609"
X-2781,SERINC2,347735.0,MutNovel,"-373Q,0.630"
X-2781,SETD1B,23067.0,MutKnownFunctional,"-5,0.400"
X-2781,SETDB1,9869.0,MutNovel,"Q273R,0.443"
X-2781,SFXN2,118980.0,MutKnownFunctional,"-12?,0.348"
X-2781,SFXN5,94097.0,MutNovel,"R283C,0.571"
X-2781,SH2B2,10603.0,MutNovel,"A242V,0.833"
X-2781,SHB,6461.0,MutNovel,"S165N,0.438"
X-2781,SHB,6461.0,MutKnownFunctional,"-42,0.315"
X-2781,SIPA1L1,26037.0,MutNovel,"T624I,0.470"
X-2781,SIPA1L1,26037.0,MutNovel,"R740K,0.509"
X-2781,SIPA1L2,57568.0,MutNovel,"D131N,0.300"
X-2781,SIRT6,51548.0,MutNovel,"L289M,0.375"
X-2781,SKIV2L,6499.0,MutKnownFunctional,"-814,0.316"
X-2781,SLAIN2,57606.0,MutNovel,"WE123W,0.255"
X-2781,SLC12A2,6558.0,MutNovel,"AAAAAA98-,0.463"
X-2781,SLC23A3,151295.0,MutNovel,"S491N,0.235"
X-2781,SLC25A29,123096.0,MutNovel,"T162M,0.583"
X-2781,SLC35F3,148641.0,MutNovel,"A106V,0.750"
X-2781,SLC7A6,9057.0,MutNovel,"I204T,0.515"
X-2781,SLC9A4,389015.0,MutNovel,"V220M,0.594"
X-2781,SMC2,10592.0,MutNovel,"R482C,0.379"
X-2781,SMC4,10051.0,MutNovel,"T188M,0.526"
X-2781,SNTB2,6645.0,MutNovel,"L278W,0.353"
X-2781,SNX25,83891.0,MutNovel,"S189G,0.571"
X-2781,SOX9,6662.0,MutKnownFunctional,"-21,0.283"
X-2781,SPATA20,64847.0,MutNovel,"K798R,0.450"
X-2781,SPDEF,25803.0,MutNovel,"T50M,0.511"
X-2781,SPEF2,79925.0,MutNovel,"L1276F,0.273"
X-2781,SPG7,6687.0,MutNovel,"H492Y,0.460"
X-2781,SPNS2,124976.0,MutNovel,"R65G,0.533"
X-2781,SQLE,6713.0,MutNovel,"T9N,0.723"
X-2781,SRCAP,10847.0,MutNovel,"R954C,0.565"
X-2781,SRRM2,23524.0,MutKnownFunctional,"-1815,0.298"
X-2781,SRY,6736.0,Del0.8,0.31
X-2781,STAT2,6773.0,MutNovel,"G254R,0.590"
X-2781,STAT5B,6777.0,MutKnownFunctional,"-368?,0.321"
X-2781,STC2,8614.0,MutKnownFunctional,"-204,0.282"
X-2781,STK40,83931.0,MutNovel,"R298Q,1.000"
X-2781,STRADA,92335.0,MutNovel,"R215H,0.471"
X-2781,STX3,6809.0,MutNovel,"R92W,0.471"
X-2781,SUV420H2,84787.0,MutKnownFunctional,"R336*,0.549"
X-2781,SVIL,6840.0,MutNovel,"V82I,0.217"
X-2781,SYNE2,23224.0,MutNovel,"R2021T,0.667"
X-2781,SYNE2,23224.0,MutNovel,"I3801M,0.357"
X-2781,SYNGR1,9145.0,MutKnownFunctional,"-54?,0.505"
X-2781,SYNJ2,8871.0,MutNovel,"S374G,0.714"
X-2781,SYTL1,84958.0,MutNovel,"R459C,0.996"
X-2781,TACC2,10579.0,MutNovel,"L756P,0.444"
X-2781,TACC2,10579.0,MutKnownFunctional,"-2147,0.371"
X-2781,TACC3,10460.0,MutNovel,"P95T,0.518"
X-2781,TAF1,6872.0,MutNovel,"V338M,1.000"
X-2781,TAF5L,27097.0,MutNovel,"T465I,0.417"
X-2781,TANC1,85461.0,MutNovel,"R1608H,0.525"
X-2781,TARS2,80222.0,MutNovel,"A149V,0.279"
X-2781,TBC1D10B,26000.0,MutKnownFunctional,"-18,0.545"
X-2781,TBC1D23,55773.0,MutKnownFunctional,"-647,0.286"
X-2781,TBL1Y,90665.0,Del0.8,0.18
X-2781,TCF19,6941.0,MutKnownFunctional,"-22,0.446"
X-2781,TCF20,6942.0,MutKnownFunctional,"-1942,0.722"
X-2781,TET3,200424.0,MutKnownFunctional,"-1481,0.385"
X-2781,TFAP2E,339488.0,MutNovel,"L197I,1.000"
X-2781,TFE3,7030.0,MutKnownFunctional,"-482,0.889"
X-2781,TFF2,7032.0,MutNovel,"R104W,0.500"
X-2781,TGFBRAP1,9392.0,MutNovel,"M104T,0.765"
X-2781,TGIF2LY,90655.0,Del0.8,0.31
X-2781,THBS3,7059.0,MutKnownFunctional,"-915,0.392"
X-2781,THBS3,7059.0,MutKnownFunctional,"-501,0.261"
X-2781,THUMPD3,25917.0,MutNovel,"S62P,0.500"
X-2781,TICAM1,148022.0,MutNovel,"R606Q,0.495"
X-2781,TIGD5,84948.0,MutNovel,"F425L,0.718"
X-2781,TLN2,83660.0,MutNovel,"S771N,0.571"
X-2781,TLN2,83660.0,MutNovel,"A835D,0.714"
X-2781,TLR1,7096.0,MutNovel,"I460V,0.308"
X-2781,TMEM126A,84233.0,MutNovel,"Y38S,0.435"
X-2781,TMEM184A,202915.0,MutNovel,"G392GA,0.803"
X-2781,TMEM230,,MutKnownFunctional,"R58*,1.000"
X-2781,TMEM232,642987.0,MutNovel,"F579V,0.429"
X-2781,TMSB4Y,9087.0,Del0.8,0.18
X-2781,TNRC18,84629.0,MutNovel,"E2930K,0.355"
X-2781,TNS4,84951.0,MutNovel,"Y664C,0.571"
X-2781,TP53BP2,7159.0,MutKnownFunctional,"-92,0.267"
X-2781,TPM1,7168.0,MutNovel,"R101C,0.579"
X-2781,TPM4,7171.0,MutNovel,"R182P,0.523"
X-2781,TRIM35,23087.0,MutKnownFunctional,"-364,0.304"
X-2781,TRIM44,54765.0,MutNovel,"G209D,0.538"
X-2781,TRIM65,201292.0,MutNovel,"A390V,0.517"
X-2781,TRIM66,9866.0,MutKnownFunctional,"R34*,0.500"
X-2781,TRIO,7204.0,MutNovel,"P1461L,0.629"
X-2781,TRIP12,9320.0,MutNovel,"K1079N,0.418"
X-2781,TRMT1,55621.0,MutNovel,"S452N,0.534"
X-2781,TRMT1,55621.0,MutNovel,"H288R,0.472"
X-2781,TRMT10C,,MutKnownFunctional,"-128,0.601"
X-2781,TSC1,7248.0,MutNovel,"H1139Q,0.406"
X-2781,TSPY1,7258.0,Del0.8,0.18
X-2781,TSPY2,64591.0,Del0.8,0.18
X-2781,TSPY3,728137.0,Del0.8,0.18
X-2781,TSPY4,728395.0,Del0.8,0.18
X-2781,TSPY8,728403.0,Del0.8,0.18
X-2781,TTC37,9652.0,MutNovel,"C329Y,0.583"
X-2781,TTLL10,254173.0,MutNovel,"G166R,0.733"
X-2781,TTTY10,246119.0,Del0.8,0.18
X-2781,TTTY11,83866.0,Del0.8,0.18
X-2781,TTTY12,83867.0,Del0.8,0.18
X-2781,TTTY13,83868.0,Del0.8,0.18
X-2781,TTTY14,83869.0,Del0.8,0.18
X-2781,TTTY15,64595.0,Del0.8,0.18
X-2781,TTTY16,252948.0,Del0.8,0.18
X-2781,TTTY17A,252949.0,Del0.8,0.18
X-2781,TTTY17A,252949.0,Del0.8,0.18
X-2781,TTTY18,252950.0,Del0.8,0.18
X-2781,TTTY19,252952.0,Del0.8,0.18
X-2781,TTTY1B,100101116.0,Del0.8,0.18
X-2781,TTTY1B,100101116.0,Del0.8,0.18
X-2781,TTTY2,60439.0,Del0.8,0.18
X-2781,TTTY2,60439.0,Del0.8,0.18
X-2781,TTTY20,252951.0,Del0.8,0.18
X-2781,TTTY21,252953.0,Del0.8,0.18
X-2781,TTTY21,252953.0,Del0.8,0.18
X-2781,TTTY22,252954.0,Del0.8,0.18
X-2781,TTTY23,252955.0,Del0.8,0.18
X-2781,TTTY23,252955.0,Del0.8,0.18
X-2781,TTTY3,114760.0,Del0.8,0.18
X-2781,TTTY3,114760.0,Del0.8,0.18
X-2781,TTTY4,114761.0,Del0.8,0.18
X-2781,TTTY4,114761.0,Del0.8,0.18
X-2781,TTTY5,83863.0,Del0.8,0.18
X-2781,TTTY6,84672.0,Del0.8,0.18
X-2781,TTTY6,84672.0,Del0.8,0.18
X-2781,TTTY7,246122.0,Del0.8,0.18
X-2781,TTTY7,246122.0,Del0.8,0.18
X-2781,TTTY7B,100101120.0,Del0.8,0.18
X-2781,TTTY7B,100101120.0,Del0.8,0.18
X-2781,TTTY8,84673.0,Del0.8,0.18
X-2781,TTTY8,84673.0,Del0.8,0.18
X-2781,TTTY9A,83864.0,Del0.8,0.18
X-2781,TTTY9A,83864.0,Del0.8,0.18
X-2781,TUBGCP6,85378.0,MutNovel,"P1611H,0.446"
X-2781,TUT1,64852.0,MutNovel,"G694E,0.461"
X-2781,TXLNG2P,246126.0,Del0.8,0.18
X-2781,TYRO3,7301.0,MutNovel,"I346K,0.415"
X-2781,UBR4,23352.0,MutKnownFunctional,"-2802,0.267"
X-2781,UGT2B11,10720.0,MutNovel,"A346T,1.000"
X-2781,UHRF1BP1L,23074.0,MutNovel,"A599V,0.263"
X-2781,ULK1,8408.0,MutNovel,"A178V,0.464"
X-2781,UNC13B,10497.0,MutNovel,"C515Y,0.581"
X-2781,UNC93A,54346.0,MutNovel,"G205D,0.750"
X-2781,UNKL,64718.0,MutNovel,"G319R,1.000"
X-2781,UPF2,26019.0,MutNovel,"R383H,0.535"
X-2781,UPK3B,80761.0,MutNovel,"R284Q,0.880"
X-2781,UQCRFS1,7386.0,MutNovel,"V137A,0.452"
X-2781,USH1G,124590.0,MutNovel,"A40T,0.385"
X-2781,USP11,8237.0,MutKnownFunctional,"W243*,0.857"
X-2781,USP32,84669.0,MutNovel,"R1128W,0.485"
X-2781,USP35,57558.0,MutKnownFunctional,"-652,0.321"
X-2781,USP36,57602.0,MutNovel,"KKK958K,0.507"
X-2781,USP9X,8239.0,MutKnownFunctional,"-1366,0.212"
X-2781,USP9Y,8287.0,Del0.8,0.18
X-2781,UTY,7404.0,Del0.8,0.18
X-2781,VAX2,25806.0,MutKnownFunctional,"-238,0.396"
X-2781,VCY,9084.0,Del0.8,0.18
X-2781,VCY,9084.0,Del0.8,0.18
X-2781,VEGFA,7422.0,MutNovel,"M284T,0.456"
X-2781,VPS13A,23230.0,MutNovel,"Q1053E,0.508"
X-2781,VPS13B,157680.0,MutNovel,"I1776V,0.500"
X-2781,VPS37B,79720.0,MutKnownFunctional,"-210,0.431"
X-2781,VSIG10L,147645.0,MutNovel,"SL*866*,0.333"
X-2781,VSIG10L,147645.0,MutNovel,"P414L,0.333"
X-2781,VWA5B2,90113.0,MutNovel,"T909I,0.714"
X-2781,WASL,8976.0,MutNovel,"Q398R,0.291"
X-2781,WBP1,23559.0,MutKnownFunctional,"W57*,0.469"
X-2781,WDFY3,23001.0,MutNovel,"N21S,0.462"
X-2781,WDR37,22884.0,MutKnownFunctional,"R430*,0.458"
X-2781,WDR49,151790.0,MutNovel,"V386M,0.818"
X-2781,WDR55,54853.0,MutKnownFunctional,"-339,0.375"
X-2781,WFDC10B,280664.0,MutNovel,"S56G,0.429"
X-2781,WNK2,65268.0,MutNovel,"A853V,0.412"
X-2781,WNK4,65266.0,MutKnownFunctional,"-606,0.545"
X-2781,WNT5A,7474.0,MutNovel,"C162R,0.833"
X-2781,XBP1,7494.0,MutNovel,"P15L,0.496"
X-2781,XKR8,55113.0,MutNovel,"A285T,1.000"
X-2781,XKRY2,353515.0,Del0.8,0.18
X-2781,XKRY2,353515.0,Del0.8,0.18
X-2781,XPO1,7514.0,MutNovel,"R14P,0.458"
X-2781,XPO4,64328.0,MutNovel,"D625Y,0.812"
X-2781,YBX1,4904.0,MutNovel,"R156C,0.999"
X-2781,ZBTB4,57659.0,MutKnownFunctional,"-686,0.329"
X-2781,ZC3H11A,9877.0,MutKnownFunctional,"-9,0.354"
X-2781,ZC3H14,79882.0,MutNovel,"A444V,0.646"
X-2781,ZC4H2,55906.0,MutNovel,"E174G,1.000"
X-2781,ZFHX3,463.0,MutKnownFunctional,"-2332,0.306"
X-2781,ZFHX3,463.0,MutKnownFunctional,"-1899,0.641"
X-2781,ZFHX4,79776.0,MutNovel,"S314G,1.000"
X-2781,ZFP106,64397.0,MutKnownFunctional,"-482,0.625"
X-2781,ZFP41,286128.0,MutNovel,"G74V,0.778"
X-2781,ZFY,7544.0,Del0.8,0.31
X-2781,ZHX2,22882.0,MutNovel,"G723W,0.312"
X-2781,ZNF124,7678.0,MutNovel,"R244H,0.508"
X-2781,ZNF131,7690.0,MutNovel,"A332V,0.203"
X-2781,ZNF155,7711.0,MutNovel,"H489Q,0.606"
X-2781,ZNF213,7760.0,MutNovel,"R393H,0.473"
X-2781,ZNF219,51222.0,MutNovel,"QPP233P,0.323"
X-2781,ZNF230,7773.0,MutKnownFunctional,"-470?,0.375"
X-2781,ZNF239,8187.0,MutNovel,"Q87R,0.385"
X-2781,ZNF28,7576.0,MutNovel,"S200L,0.478"
X-2781,ZNF282,8427.0,MutNovel,"A492V,0.692"
X-2781,ZNF292,23036.0,MutKnownFunctional,"-2249,0.421"
X-2781,ZNF30,90075.0,MutNovel,"Q124R,0.625"
X-2781,ZNF343,79175.0,MutNovel,"Q154H,0.312"
X-2781,ZNF35,7584.0,MutKnownFunctional,"R382*,0.400"
X-2781,ZNF396,252884.0,MutNovel,"E128D,0.400"
X-2781,ZNF397,84307.0,MutNovel,"A495V,0.429"
X-2781,ZNF407,55628.0,MutNovel,"I869V,0.625"
X-2781,ZNF451,26036.0,MutNovel,"R514H,0.543"
X-2781,ZNF513,130557.0,MutKnownFunctional,"-351?,0.427"
X-2781,ZNF518B,85460.0,MutNovel,"P746L,0.458"
X-2781,ZNF555,148254.0,MutNovel,"L91P,0.636"
X-2781,ZNF609,23060.0,MutNovel,"S1287G,0.519"
X-2781,ZNF628,89887.0,MutNovel,"A33T,0.355"
X-2781,ZNF628,89887.0,MutNovel,"Y176C,0.462"
X-2781,ZNF643,65243.0,MutNovel,"H381R,1.000"
X-2781,ZNF658,26149.0,MutNovel,"S976C,0.667"
X-2781,ZNF670,93474.0,MutNovel,"G269R,0.414"
X-2781,ZNF672,79894.0,MutNovel,"R118W,0.333"
X-2781,ZNF678,339500.0,MutKnownFunctional,"-104?,0.312"
X-2781,ZNF687,57592.0,MutNovel,"MK982M,0.551"
X-2781,ZNF704,619279.0,MutKnownFunctional,"-18,0.579"
X-2781,ZNF750,79755.0,MutNovel,"A579V,0.558"
X-2781,ZNF76,7629.0,MutNovel,"S348N,0.564"
X-2781,ZNF845,91664.0,MutNovel,"I320V,0.545"
X-2781,ZNF862,643641.0,MutNovel,"A489V,0.235"
X-2781,ZNF880,400713.0,MutNovel,"R257Q,1.000"
X-2781,ZRANB1,54764.0,MutNovel,"A604G,0.550"
X-2781,ZSWIM5,57643.0,MutNovel,"R1126C,1.000"
X-2781,ZZEF1,23140.0,MutNovel,"R1347H,0.435"
X-2793,ABCB10,23456.0,MutNovel,"L84P,0.281"
X-2793,ADCY3,109.0,MutNovel,"L1027F,0.504"
X-2793,ADCY3,109.0,MutNovel,"R705K,0.503"
X-2793,AFAP1L1,134265.0,MutNovel,"S713R,1.000"
X-2793,AGPS,8540.0,MutNovel,"R39W,0.553"
X-2793,AHDC1,27245.0,MutNovel,"SF1091F,0.333"
X-2793,AHNAK2,113146.0,MutNovel,"L3496V,0.522"
X-2793,AHNAK2,113146.0,MutNovel,"K2170G,0.292"
X-2793,AHNAK2,113146.0,MutNovel,"A1323T,0.439"
X-2793,AHNAK2,113146.0,MutNovel,"V1321L,0.500"
X-2793,ALMS1,7840.0,MutNovel,"E958K,0.511"
X-2793,AMELY,266.0,Del0.8,0.28
X-2793,AMOT,154796.0,MutNovel,"P321S,0.989"
X-2793,ANGEL2,90806.0,MutNovel,"I304V,0.423"
X-2793,ANKRD9,122416.0,MutNovel,"P115L,0.417"
X-2793,ANKS1B,56899.0,Del0.8,0.74
X-2793,AP1M1,8907.0,Amp5,6.54
X-2793,ARHGAP35,2909.0,MutKnownFunctional,"-193,0.637"
X-2793,ARHGEF38,54848.0,MutNovel,"E753K,0.408"
X-2793,ARHGEF7,8874.0,MutNovel,"Q91E,0.800"
X-2793,ARNTL,406.0,Amp5,5.74
X-2793,ARRB1,408.0,MutNovel,"T370M,1.000"
X-2793,ART5,116969.0,MutNovel,"-25P,0.850"
X-2793,ASAP1,50807.0,Amp5,5.35
X-2793,ASPM,259266.0,MutNovel,"I1375V,0.517"
X-2793,ASPN,54829.0,MutNovel,"E52VMK,0.400"
X-2793,ASTE1,28990.0,MutNovel,"G657A,0.878"
X-2793,ATM,472.0,MutNovel,"P1054R,1.000"
X-2793,ATP8B1,5205.0,MutNovel,"T1204R,1.000"
X-2793,BAIAP3,8938.0,MutNovel,"S974T,0.765"
X-2793,BARD1,580.0,MutNovel,"K349R,0.592"
X-2793,BAZ2A,11176.0,MutNovel,"P1575S,0.715"
X-2793,BCL2L1,598.0,Amp8,9.85
X-2793,BCORP1,286554.0,Del0.8,0.26
X-2793,BPNT1,10380.0,MutNovel,"V113M,0.603"
X-2793,BPY2B,442867.0,Del0.8,0.19
X-2793,BPY2B,442867.0,Del0.8,0.14
X-2793,BTBD10,84280.0,Amp5,5.74
X-2793,C10orf95,79946.0,MutNovel,"R82K,0.250"
X-2793,C18orf25,147339.0,MutNovel,"Q380H,0.435"
X-2793,C19orf47,126526.0,MutNovel,"V169I,0.690"
X-2793,C20orf160,140706.0,Amp8,9.85
X-2793,C21orf2,755.0,MutNovel,"A167T,1.000"
X-2793,C21orf58,54058.0,MutNovel,"H299PN,0.625"
X-2793,C2CD4D,100191040.0,Amp5,5.17
X-2793,CALU,813.0,MutNovel,"K92E,0.754"
X-2793,CCT5,22948.0,MutNovel,"D153N,0.595"
X-2793,CDH1,999.0,MutNovel,"S853L,1.000"
X-2793,CDH1,999.0,Del0.8,0.79
X-2793,CDH3,1001.0,Del0.8,0.79
X-2793,CDK11B,984.0,MutNovel,"G284R,0.262"
X-2793,CDKN1A,1026.0,MutNovel,"R86W,0.512"
X-2793,CDY1B,253175.0,Del0.8,0.26
X-2793,CDY1B,253175.0,Del0.8,0.19
X-2793,CDY2A,9426.0,Del0.8,0.26
X-2793,CDY2A,9426.0,Del0.8,0.26
X-2793,CDY2B,203611.0,Del0.8,0.26
X-2793,CDY2B,203611.0,Del0.8,0.26
X-2793,CELF3,11189.0,Amp5,5.17
X-2793,CELSR1,9620.0,MutNovel,"TSSRT2962T,0.812"
X-2793,CGN,57530.0,MutNovel,"T288A,0.693"
X-2793,CGN,57530.0,Amp5,5.17
X-2793,CGNL1,84952.0,MutNovel,"R843W,0.988"
X-2793,CHAD,1101.0,MutNovel,"L6I,1.000"
X-2793,CHST8,64377.0,MutNovel,"G140A,0.556"
X-2793,CHTF8,54921.0,Del0.8,0.79
X-2793,CIRH1A,84916.0,Del0.8,0.79
X-2793,CITED4,163732.0,MutNovel,"E9D,0.268"
X-2793,CKMT2,1160.0,MutNovel,"E184K,0.800"
X-2793,CNTNAP3,79937.0,MutNovel,"N1097S,1.000"
X-2793,COX4I2,84701.0,Amp8,9.85
X-2793,CPZ,8532.0,MutNovel,"EK399E,0.668"
X-2793,CRYBG3,,MutNovel,"F18L,1.000"
X-2793,CSF3R,1441.0,MutNovel,"G687E,1.000"
X-2793,CSPG4P1Y,114758.0,Del0.8,0.26
X-2793,CSPG4P1Y,114758.0,Del0.8,0.19
X-2793,CSTB,1476.0,MutNovel,"K56R,1.000"
X-2793,CTSA,5476.0,MutNovel,"L29-,0.898"
X-2793,CYFIP1,23191.0,MutNovel,"E9K,1.000"
X-2793,CYP2D6,1565.0,MutNovel,"G373S,1.000"
X-2793,CYTH4,27128.0,MutNovel,"S240C,1.000"
X-2793,DACT2,168002.0,MutNovel,"A73S,0.429"
X-2793,DAZ1,1617.0,Del0.8,0.26
X-2793,DAZ2,57055.0,Del0.8,0.23
X-2793,DAZ3,57054.0,Del0.8,0.12
X-2793,DAZ3,57054.0,Del0.8,0.22
X-2793,DAZ4,57135.0,Del0.8,0.21
X-2793,DAZ4,57135.0,Del0.8,0.17
X-2793,DDT,1652.0,Del0.8,0.75
X-2793,DDTL,100037417.0,Del0.8,0.75
X-2793,DDX3Y,8653.0,Del0.8,0.26
X-2793,DEFB123,245936.0,Amp5,6.41
X-2793,DEFB124,245937.0,Amp8,9.85
X-2793,DENND1B,163486.0,MutNovel,"F593L,0.450"
X-2793,DENND4B,9909.0,MutNovel,"QQQ908-,0.223"
X-2793,DERL1,79139.0,Amp8,8.4
X-2793,DES,1674.0,MutNovel,"V459I,0.497"
X-2793,DHRSX,207063.0,MutKnownFunctional,"R673*,0.455"
X-2793,DMD,1756.0,MutNovel,"K1814I,1.000"
X-2793,DNAH17,8632.0,MutNovel,"R851A,0.714"
X-2793,DOCK1,1793.0,MutNovel,"K42N,0.320"
X-2793,DSE,29940.0,MutNovel,"G873-,0.269"
X-2793,DUS2L,54920.0,Del0.8,0.79
X-2793,DUSP15,128853.0,Amp8,9.85
X-2793,EEF2K,29904.0,MutNovel,"T254M,0.634"
X-2793,EFEMP2,30008.0,MutNovel,"S137C,1.000"
X-2793,EHMT1,79813.0,MutNovel,"P628L,0.420"
X-2793,EIF1AY,9086.0,Del0.8,0.26
X-2793,EIF2B4,8890.0,MutNovel,"A87T,0.551"
X-2793,EMC10,,MutNovel,"R71Q,0.360"
X-2793,EP400,57634.0,MutNovel,"Q2727E,0.902"
X-2793,EPB41,2035.0,MutNovel,"C212Y,0.634"
X-2793,EPG5,57724.0,MutNovel,"-16RP,0.714"
X-2793,EPHB4,2050.0,MutNovel,"R328W,0.322"
X-2793,EPRS,2058.0,MutNovel,"I30V,0.497"
X-2793,ERCC2,2068.0,MutNovel,"S408G,0.598"
X-2793,ESRP2,80004.0,Del0.8,0.79
X-2793,EVC2,132884.0,MutNovel,"G296S,0.625"
X-2793,EWSR1,2130.0,MutNovel,"P507T,0.998"
X-2793,FAM123B,139285.0,MutNovel,"K292N,1.000"
X-2793,FAM131C,348487.0,MutNovel,"P214L,0.333"
X-2793,FAM171B,165215.0,MutNovel,"-50Q,0.341"
X-2793,FAM197Y2P,252946.0,Del0.8,0.05
X-2793,FAM21A,387680.0,MutNovel,"S464L,1.000"
X-2793,FAM32A,26017.0,Amp5,6.54
X-2793,FAM41AY1,340618.0,Del0.8,0.26
X-2793,FAM41AY1,340618.0,Del0.8,0.26
X-2793,FAM75A6,389730.0,Del0.8,0.64
X-2793,FAM86B2,653333.0,MutNovel,"V280M,1.000"
X-2793,FAM86B2,653333.0,MutNovel,"V249L,0.667"
X-2793,FCGBP,8857.0,MutNovel,"N3926T,0.611"
X-2793,FCGBP,8857.0,MutNovel,"D2273E,1.000"
X-2793,FECH,2235.0,Del0.8,0.77
X-2793,FLG,2312.0,MutNovel,"G3557A,0.500"
X-2793,FLG,2312.0,MutNovel,"G691E,0.667"
X-2793,FN3K,64122.0,Amp5,5.28
X-2793,FN3KRP,79672.0,Amp5,5.28
X-2793,FOXI3,344167.0,MutKnownFunctional,"-101?,1.000"
X-2793,FOXS1,2307.0,Amp8,9.85
X-2793,FREM1,158326.0,MutNovel,"T1231A,1.000"
X-2793,FREM1,158326.0,MutNovel,"A9V,1.000"
X-2793,FRRS1L,,MutNovel,"R51A,1.000"
X-2793,GIGYF2,26058.0,MutNovel,"PQ1231P,0.747"
X-2793,GLI3,2737.0,MutNovel,"S912N,0.441"
X-2793,GLTSCR1,29998.0,MutNovel,"P1333S,0.731"
X-2793,GNA12,2768.0,MutNovel,"A53V,0.555"
X-2793,GNPTAB,79158.0,MutNovel,"K270E,0.914"
X-2793,GOLGA2P2Y,84559.0,Del0.8,0.19
X-2793,GOLGA2P2Y,84559.0,Del0.8,0.26
X-2793,GOLGA6C,653641.0,MutNovel,"Q505E,1.000"
X-2793,GOLGA6L1,283767.0,Del0.8,0.8
X-2793,GOLGA8DP,100132979.0,Del0.8,0.8
X-2793,GOLGB1,2804.0,MutNovel,"I1249V,0.803"
X-2793,GPR124,25960.0,MutNovel,"V449M,0.369"
X-2793,GPR137C,283554.0,MutNovel,"S27G,0.818"
X-2793,GPRIN2,9721.0,MutNovel,"-238MRE,0.381"
X-2793,GRIA2,2891.0,MutNovel,"V848A,1.000"
X-2793,GSTT1,2952.0,Amp5,5.43
X-2793,GSTT2,2953.0,Del0.8,0.75
X-2793,GSTT2,2953.0,Del0.8,0.75
X-2793,GSTTP1,25774.0,Amp5,5.43
X-2793,GTF3A,2971.0,MutNovel,"P34S,0.435"
X-2793,GTF3C1,2975.0,MutNovel,"T1682I,0.233"
X-2793,GYG2P1,352887.0,Del0.8,0.26
X-2793,HAS3,3038.0,Del0.8,0.79
X-2793,HCK,3055.0,Amp8,9.85
X-2793,HDC,3067.0,MutNovel,"N100S,1.000"
X-2793,HEATR7A,727957.0,MutNovel,"P409L,0.789"
X-2793,HGC6.3,100128124.0,MutNovel,"P80L,0.500"
X-2793,HGC6.3,100128124.0,MutNovel,"Q52P,0.429"
X-2793,HIC1,3090.0,MutNovel,"P370A,0.955"
X-2793,HLA-C,3107.0,MutNovel,"EW190DG,0.292"
X-2793,HLA-G,3135.0,MutNovel,"F10V,1.000"
X-2793,HM13,81502.0,Amp8,9.85
X-2793,HMCN1,83872.0,MutNovel,"N1936S,0.461"
X-2793,HSD11B1L,374875.0,MutNovel,"L79I,1.000"
X-2793,HSFY2,159119.0,Del0.8,0.26
X-2793,HSFY2,159119.0,Del0.8,0.26
X-2793,HSPG2,3339.0,MutNovel,"G4194V,0.555"
X-2793,ID1,3397.0,Amp8,9.85
X-2793,IDH1,3417.0,MutNovel,"V71I,0.511"
X-2793,IER5,51278.0,MutNovel,"V168T,0.378"
X-2793,IGFN1,91156.0,MutNovel,"M2188I,0.342"
X-2793,IGSF3,3321.0,MutNovel,"G1018R,0.244"
X-2793,INA,9118.0,MutNovel,"D73E,0.561"
X-2793,IRF2BP2,359948.0,MutNovel,"-99S,0.385"
X-2793,ISYNA1,51477.0,MutNovel,"V330M,0.231"
X-2793,JARID2,3720.0,MutNovel,"K324E,0.354"
X-2793,JPH2,57158.0,MutNovel,"A214V,1.000"
X-2793,KCNC3,3748.0,MutNovel,"Q41H,0.714"
X-2793,KCP,375616.0,MutNovel,"R613P,0.629"
X-2793,KDM5D,8284.0,Del0.8,0.26
X-2793,KIAA0513,9764.0,MutNovel,"P198S,1.000"
X-2793,KIAA2013,90231.0,MutNovel,"S379C,0.492"
X-2793,KLF2,10365.0,Amp5,6.54
X-2793,LDLRAP1,26119.0,MutNovel,"V75L,0.526"
X-2793,LINC00028,140875.0,Amp8,9.85
X-2793,LINGO4,339398.0,Amp5,5.17
X-2793,LOC100132111,100132111.0,Amp5,5.17
X-2793,LOC100505549,100505549.0,Del0.8,0.77
X-2793,LOC100506305,100506305.0,Amp5,5.74
X-2793,LOC100506504,,MutNovel,"P93L,0.621"
X-2793,LOC388210,,MutNovel,"G1399R,1.000"
X-2793,LOC391322,391322.0,Amp5,5.43
X-2793,LOC642643,,MutNovel,"E124G,1.000"
X-2793,LOC643669,643669.0,MutNovel,"E77K,0.714"
X-2793,LOC653125,,MutNovel,"G60D,1.000"
X-2793,LOC654433,654433.0,Amp5,5.03
X-2793,LOC728741,,MutNovel,"P231A,0.700"
X-2793,LRFN1,57622.0,MutNovel,"D499G,0.581"
X-2793,LRIG3,121227.0,MutNovel,"R983W,0.697"
X-2793,LSR,51599.0,MutNovel,"G518GR,0.833"
X-2793,MAGEB6,158809.0,MutNovel,"S97T,1.000"
X-2793,MAGEB6,158809.0,MutNovel,"A100V,1.000"
X-2793,MAGED4B,81557.0,MutNovel,"T711R,1.000"
X-2793,MAGI1,9223.0,MutNovel,"K223N,0.333"
X-2793,MAP3K4,4216.0,MutNovel,"T523I,0.206"
X-2793,MAP3K4,4216.0,MutNovel,"PA1189P,0.455"
X-2793,MAPKAPK2,9261.0,MutNovel,"T25A,0.688"
X-2793,MARK4,57787.0,MutNovel,"G562S,0.380"
X-2793,MBNL1,4154.0,MutNovel,"N214S,0.250"
X-2793,MC4R,4160.0,Del0.8,0.78
X-2793,MEF2A,4205.0,MutNovel,"Q412-,0.222"
X-2793,METTL2B,55798.0,MutNovel,"P155L,0.681"
X-2793,MGAT5B,146664.0,MutNovel,"R683Q,0.474"
X-2793,MIR1204,100302185.0,Amp5,6.11
X-2793,MIR3193,100422904.0,Amp8,9.85
X-2793,MIR554,693139.0,Amp5,5.17
X-2793,MIS18BP1,55320.0,MutNovel,"L868V,0.404"
X-2793,MIXL1,83881.0,MutNovel,"A53P,1.000"
X-2793,MN1,4330.0,MutNovel,"QQQ544Q,0.429"
X-2793,MPRIP,23164.0,MutNovel,"TS178T,0.545"
X-2793,MPV17L,255027.0,MutNovel,"E191K,0.600"
X-2793,MRPL9,65005.0,Amp5,5.17
X-2793,MTOR,2475.0,MutNovel,"N2071H,0.525"
X-2793,MUC16,94025.0,MutNovel,"E12604K,0.208"
X-2793,MUC2,4583.0,MutNovel,"T1625S,0.286"
X-2793,MUC6,4588.0,MutNovel,"A1471S,0.444"
X-2793,MX2,4600.0,MutNovel,"F36L,1.000"
X-2793,MXRA8,54587.0,MutNovel,"A41T,0.570"
X-2793,MYC,4609.0,Amp5,6.11
X-2793,MYLK2,85366.0,Amp8,9.85
X-2793,NANOS1,340719.0,MutNovel,"GALGP94G,0.389"
X-2793,NARS,4677.0,Del0.8,0.77
X-2793,NBPF1,55672.0,MutNovel,"D712H,0.328"
X-2793,NBPF1,55672.0,MutNovel,"L648V,0.296"
X-2793,NBPF1,55672.0,MutNovel,"L648V,0.296"
X-2793,NBPF1,55672.0,MutNovel,"L377V,0.357"
X-2793,NBPF1,55672.0,MutNovel,"L377V,0.357"
X-2793,NBPF10,100132406.0,MutNovel,"E3182D,0.300"
X-2793,NBPF10,100132406.0,MutNovel,"E3426D,0.328"
X-2793,NBPF11,200030.0,MutNovel,"P61S,0.417"
X-2793,NBPF14,25832.0,MutNovel,"S524N,0.250"
X-2793,NBPF15,284565.0,MutNovel,"V176A,0.571"
X-2793,NBPF9,400818.0,MutNovel,"Q184R,1.000"
X-2793,NBPF9,400818.0,MutNovel,"G580E,0.600"
X-2793,NCOA3,8202.0,MutNovel,"Q1255-,0.282"
X-2793,NCOR2,9612.0,MutNovel,"G1839GAAA,0.590"
X-2793,NCRNA00185,55410.0,Del0.8,0.26
X-2793,NFATC3,4775.0,Del0.8,0.79
X-2793,NKD1,85407.0,MutNovel,"C112Y,0.479"
X-2793,NLGN4Y,22829.0,Del0.8,0.26
X-2793,NOMO2,283820.0,MutNovel,"V580M,0.400"
X-2793,NPAS3,64067.0,MutNovel,"S619R,0.588"
X-2793,NPIPL3,23117.0,MutNovel,"R433H,0.778"
X-2793,NR1H2,7376.0,MutNovel,"-173Q,0.505"
X-2793,NRK,203447.0,MutNovel,"P789S,1.000"
X-2793,NUDT11,55190.0,MutKnownFunctional,"-1,0.375"
X-2793,OAZ3,51686.0,Amp5,5.17
X-2793,ODF3B,440836.0,Del0.8,0.72
X-2793,ONECUT2,9480.0,Del0.8,0.77
X-2793,OR11H12,440153.0,MutNovel,"R199L,1.000"
X-2793,OR4M2,390538.0,Del0.8,0.8
X-2793,OR4N3P,390539.0,Del0.8,0.8
X-2793,OR4N4,283694.0,Del0.8,0.8
X-2793,ORAI1,84876.0,MutNovel,"PP43-,0.609"
X-2793,OSGEP,55644.0,MutNovel,"G281R,0.725"
X-2793,OSMR,9180.0,MutNovel,"N292K,0.609"
X-2793,OTOG,,MutNovel,"M1935T,1.000"
X-2793,OXA1L,5018.0,MutNovel,"R242Q,0.354"
X-2793,P4HA2,8974.0,MutNovel,"A357S,0.661"
X-2793,PAFAH2,5051.0,MutNovel,"I225V,0.441"
X-2793,PARP9,83666.0,MutNovel,"II641I,0.709"
X-2793,PAX8,7849.0,MutNovel,"A189T,0.393"
X-2793,PCDH11Y,83259.0,Del0.8,0.42
X-2793,PCDHGA2,56113.0,MutNovel,"R65C,0.333"
X-2793,PDRG1,81572.0,Amp8,9.85
X-2793,PDZD7,79955.0,MutNovel,"H711R,0.400"
X-2793,PELI3,246330.0,MutNovel,"L92V,1.000"
X-2793,PILRA,29992.0,MutNovel,"L274V,0.500"
X-2793,PINX1,54984.0,MutNovel,"KK324K,0.355"
X-2793,PKD1,5310.0,MutNovel,"G737S,0.407"
X-2793,PKP2,5318.0,MutNovel,"S329R,0.333"
X-2793,PKP4,8502.0,MutNovel,"L1052V,0.391"
X-2793,PLA2G15,23659.0,Del0.8,0.79
X-2793,PLAGL2,5326.0,Amp8,9.85
X-2793,PLEC,5339.0,MutNovel,"R2718W,0.396"
X-2793,PMS2,5395.0,MutKnownFunctional,"-729,0.270"
X-2793,PMS2,5395.0,MutNovel,"T728A,0.333"
X-2793,PNPLA7,375775.0,MutNovel,"S996P,0.667"
X-2793,POFUT1,23509.0,Amp8,9.85
X-2793,POGZ,23126.0,Amp5,5.17
X-2793,POLE4,56655.0,MutNovel,"M1MA,0.547"
X-2793,POM121,9883.0,MutNovel,"A422T,0.778"
X-2793,PPAPDC3,84814.0,MutNovel,"R19Q,1.000"
X-2793,PPM1D,8493.0,MutKnownFunctional,"R458*,1.000"
X-2793,PPP4R1,9989.0,MutNovel,"V29A,0.542"
X-2793,PRKY,5616.0,Del0.8,0.28
X-2793,PRMT6,55170.0,MutNovel,"L9V,0.533"
X-2793,PRMT7,54496.0,Del0.8,0.79
X-2793,PRRG2,5639.0,MutNovel,"P192L,0.818"
X-2793,PRRT4,401399.0,MutNovel,"A478P,1.000"
X-2793,PRX,57716.0,MutNovel,"M510T,0.354"
X-2793,PRY,9081.0,Del0.8,0.26
X-2793,PRY,9081.0,Del0.8,0.26
X-2793,PRY2,442862.0,Del0.8,0.26
X-2793,PRY2,442862.0,Del0.8,0.26
X-2793,PSIMCT-1,100101490.0,Amp8,9.85
X-2793,PSMB4,5692.0,Amp5,5.17
X-2793,PTCHD2,57540.0,MutNovel,"R901C,1.000"
X-2793,PTH,5741.0,Amp5,5.74
X-2793,PTPN7,5778.0,MutKnownFunctional,"Q73*,0.750"
X-2793,PVT1,5820.0,Amp5,5.13
X-2793,RAB40B,10966.0,Amp5,5.28
X-2793,RABGGTA,5875.0,MutNovel,"P523S,0.321"
X-2793,RALYL,138046.0,Amp5,5.43
X-2793,RASA1,5921.0,MutKnownFunctional,"W317*,0.257"
X-2793,RASSF10,644943.0,Amp5,5.74
X-2793,RBM10,8241.0,MutNovel,"S6P,1.000"
X-2793,RBM23,55147.0,MutNovel,"R75C,0.318"
X-2793,RBMY1A3P,286557.0,Del0.8,0.28
X-2793,RBMY1B,378948.0,Del0.8,0.26
X-2793,RBMY1B,378948.0,Del0.8,0.26
X-2793,RBMY1E,378950.0,Del0.8,0.26
X-2793,RBMY1E,378950.0,Del0.8,0.26
X-2793,RBMY1F,159163.0,Del0.8,0.26
X-2793,RBMY1F,159163.0,Del0.8,0.26
X-2793,RBMY1J,378951.0,Del0.8,0.26
X-2793,RBMY1J,378951.0,Del0.8,0.26
X-2793,RBMY2EP,159125.0,Del0.8,0.26
X-2793,RBMY2FP,159162.0,Del0.8,0.26
X-2793,RBMY3AP,64593.0,Del0.8,0.26
X-2793,REM1,28954.0,Amp8,9.85
X-2793,REREP3,646396.0,Del0.8,0.8
X-2793,REST,5978.0,MutNovel,"I747M,0.205"
X-2793,RHPN1,114822.0,MutNovel,"R528Q,0.446"
X-2793,RIIAD1,284485.0,Amp5,5.17
X-2793,RIN3,79890.0,MutNovel,"G967-,0.356"
X-2793,RNF152,220441.0,Del0.8,0.79
X-2793,RNF167,26001.0,MutKnownFunctional,"-346,0.963"
X-2793,ROCK1,6093.0,MutNovel,"L941F,0.383"
X-2793,RORC,6097.0,Amp5,5.17
X-2793,RP1L1,94137.0,MutNovel,"E1340G,1.000"
X-2793,RPE,6120.0,MutNovel,"N215T,0.525"
X-2793,RPL14,9045.0,MutNovel,"T149TA,0.582"
X-2793,RPS4Y1,6192.0,Del0.8,0.42
X-2793,RPS4Y2,140032.0,Del0.8,0.26
X-2793,RPS6KA1,6195.0,MutNovel,"P11A,0.412"
X-2793,RSPH10B,,MutNovel,"S567I,1.000"
X-2793,RTL1,388015.0,MutNovel,"E152EK,0.455"
X-2793,S100A10,6281.0,Amp5,5.17
X-2793,S100A11,6282.0,Amp5,5.17
X-2793,SALL1,6299.0,MutNovel,"R1195Q,0.312"
X-2793,SAMD5,389432.0,MutNovel,"L56P,0.364"
X-2793,SCAPER,49855.0,Del0.8,0.59
X-2793,SCN1A,6323.0,MutNovel,"Q1193H,0.429"
X-2793,SCPEP1,59342.0,MutNovel,"R6W,1.000"
X-2793,SCUBE2,57758.0,MutNovel,"T231I,1.000"
X-2793,SCUBE2,57758.0,MutNovel,"LP22P,1.000"
X-2793,SDC3,9672.0,MutNovel,"GAGAG16G,0.286"
X-2793,SEC24B,10427.0,MutNovel,"P427R,0.310"
X-2793,SELENBP1,8991.0,Amp5,5.17
X-2793,SERINC2,347735.0,MutNovel,"-373Q,0.744"
X-2793,SH2D4A,63898.0,MutNovel,"T15S,0.273"
X-2793,SLC35E3,55508.0,MutNovel,"TF125T,0.580"
X-2793,SLC7A6,9057.0,Del0.8,0.79
X-2793,SLC7A6OS,84138.0,Del0.8,0.79
X-2793,SLU7,10569.0,MutNovel,"R573C,0.530"
X-2793,SMPD3,55512.0,Del0.8,0.79
X-2793,SNAPC4,6621.0,MutNovel,"S542-,0.391"
X-2793,SNTB1,6641.0,MutNovel,"A7T,0.400"
X-2793,SNX27,81609.0,Amp5,5.17
X-2793,SPAG17,200162.0,MutKnownFunctional,"-1607?,0.333"
X-2793,SPRN,503542.0,MutNovel,"A4T,0.455"
X-2793,SRY,6736.0,Del0.8,0.42
X-2793,ST8SIA3,51046.0,Del0.8,0.77
X-2793,STXBP5,134957.0,MutNovel,"S429R,0.528"
X-2793,SYNE2,23224.0,MutNovel,"P1291L,0.556"
X-2793,TBC1D3B,414059.0,Del0.8,0.71
X-2793,TBL1Y,90665.0,Del0.8,0.28
X-2793,TBP,6908.0,MutNovel,"-64Q,0.250"
X-2793,TCF20,6942.0,MutNovel,"Q1608E,1.000"
X-2793,TCHHL1,126637.0,Amp5,5.17
X-2793,TDRKH,11022.0,Amp5,5.17
X-2793,TGIF2LY,90655.0,Del0.8,0.42
X-2793,THEM4,117145.0,Amp5,5.17
X-2793,THEM5,284486.0,Amp5,5.17
X-2793,TICRR,,MutNovel,"K195N,1.000"
X-2793,TM9SF4,9777.0,Amp8,9.85
X-2793,TMCO7,79613.0,Del0.8,0.79
X-2793,TMEM131,23505.0,MutNovel,"T142A,0.538"
X-2793,TMEM64,169200.0,MutNovel,"P42Q,0.391"
X-2793,TMSB4Y,9087.0,Del0.8,0.26
X-2793,TMUB1,83590.0,MutNovel,"Q216P,0.743"
X-2793,TNRC18,84629.0,MutNovel,"S2621YP,0.221"
X-2793,TP53,7157.0,MutNovel,"N239D,1.000"
X-2793,TPX2,22974.0,Amp8,9.85
X-2793,TRIM64C,646754.0,MutNovel,"V177R,1.000"
X-2793,TRIM64C,646754.0,MutNovel,"Q155R,1.000"
X-2793,TRIOBP,11078.0,MutNovel,"P639R,0.700"
X-2793,TRIOBP,11078.0,MutNovel,"R726Q,1.000"
X-2793,TSPY1,7258.0,Del0.8,0.05
X-2793,TSPY2,64591.0,Del0.8,0.12
X-2793,TSPY26P,128854.0,Amp8,9.85
X-2793,TSPY3,728137.0,Del0.8,0.05
X-2793,TSPY4,728395.0,Del0.8,0.05
X-2793,TSPY8,728403.0,Del0.8,0.05
X-2793,TSPYL1,7259.0,MutNovel,"V176VW,0.849"
X-2793,TTC16,158248.0,MutNovel,"L233S,1.000"
X-2793,TTLL9,164395.0,Amp8,9.85
X-2793,TTTY10,246119.0,Del0.8,0.26
X-2793,TTTY11,83866.0,Del0.8,0.28
X-2793,TTTY12,83867.0,Del0.8,0.28
X-2793,TTTY13,83868.0,Del0.8,0.26
X-2793,TTTY14,83869.0,Del0.8,0.26
X-2793,TTTY15,64595.0,Del0.8,0.26
X-2793,TTTY16,252948.0,Del0.8,0.28
X-2793,TTTY17A,252949.0,Del0.8,0.14
X-2793,TTTY17A,252949.0,Del0.8,0.19
X-2793,TTTY18,252950.0,Del0.8,0.28
X-2793,TTTY19,252952.0,Del0.8,0.28
X-2793,TTTY1B,100101116.0,Del0.8,0.12
X-2793,TTTY1B,100101116.0,Del0.8,0.26
X-2793,TTTY2,60439.0,Del0.8,0.26
X-2793,TTTY2,60439.0,Del0.8,0.19
X-2793,TTTY20,252951.0,Del0.8,0.12
X-2793,TTTY21,252953.0,Del0.8,0.28
X-2793,TTTY21,252953.0,Del0.8,0.26
X-2793,TTTY22,252954.0,Del0.8,0.26
X-2793,TTTY23,252955.0,Del0.8,0.26
X-2793,TTTY23,252955.0,Del0.8,0.12
X-2793,TTTY3,114760.0,Del0.8,0.26
X-2793,TTTY3,114760.0,Del0.8,0.19
X-2793,TTTY4,114761.0,Del0.8,0.14
X-2793,TTTY4,114761.0,Del0.8,0.19
X-2793,TTTY5,83863.0,Del0.8,0.26
X-2793,TTTY6,84672.0,Del0.8,0.26
X-2793,TTTY6,84672.0,Del0.8,0.26
X-2793,TTTY7,246122.0,Del0.8,0.26
X-2793,TTTY7,246122.0,Del0.8,0.28
X-2793,TTTY7B,100101120.0,Del0.8,0.26
X-2793,TTTY7B,100101120.0,Del0.8,0.28
X-2793,TTTY8,84673.0,Del0.8,0.26
X-2793,TTTY8,84673.0,Del0.8,0.28
X-2793,TTTY9A,83864.0,Del0.8,0.26
X-2793,TTTY9A,83864.0,Del0.8,0.26
X-2793,TUFT1,7286.0,Amp5,5.17
X-2793,TULP3,7289.0,MutKnownFunctional,"G471*,0.486"
X-2793,TXLNG2P,246126.0,Del0.8,0.26
X-2793,UQCRFS1,7386.0,MutNovel,"G240R,0.299"
X-2793,USP9Y,8287.0,Del0.8,0.26
X-2793,UTY,7404.0,Del0.8,0.26
X-2793,VCX,26609.0,MutNovel,"V160M,1.000"
X-2793,VCX3A,51481.0,MutNovel,"V186M,0.727"
X-2793,VCY,9084.0,Del0.8,0.26
X-2793,VCY,9084.0,Del0.8,0.26
X-2793,WASH1,100287171.0,MutNovel,"E132L,0.400"
X-2793,WDR45L,56270.0,Amp5,5.28
X-2793,WDR67,93594.0,Amp5,6.19
X-2793,WNK2,65268.0,MutNovel,"G1599E,0.678"
X-2793,WRN,7486.0,MutNovel,"R711Q,0.658"
X-2793,WWOX,51741.0,Del0.8,0.8
X-2793,XKR7,343702.0,Amp8,9.85
X-2793,XKRY2,353515.0,Del0.8,0.26
X-2793,XKRY2,353515.0,Del0.8,0.26
X-2793,ZAK,51776.0,MutNovel,"P251R,0.560"
X-2793,ZBED3,84327.0,MutNovel,"R58H,0.362"
X-2793,ZBED3,84327.0,MutNovel,"P33PRR,0.479"
X-2793,ZC3H4,23211.0,MutNovel,"T1201R,0.380"
X-2793,ZCCHC2,54877.0,Del0.8,0.73
X-2793,ZDHHC11,79844.0,MutNovel,"A303D,0.548"
X-2793,ZFP106,64397.0,MutNovel,"S146R,1.000"
X-2793,ZFP90,146198.0,Del0.8,0.79
X-2793,ZFPM1,161882.0,MutNovel,"VK202V,0.625"
X-2793,ZFY,7544.0,Del0.8,0.42
X-2793,ZHX2,22882.0,Amp8,8.4
X-2793,ZNF167,55888.0,MutNovel,"R111G,0.708"
X-2793,ZNF208,7757.0,MutNovel,"E1083K,0.214"
X-2793,ZNF224,7767.0,MutNovel,"D599V,0.675"
X-2793,ZNF384,171017.0,MutNovel,"QQ514Q,0.394"
X-2793,ZNF398,57541.0,MutKnownFunctional,"-620,0.481"
X-2793,ZNF416,55659.0,MutNovel,"C552R,0.375"
X-2793,ZNF419,79744.0,MutNovel,"A212G,0.690"
X-2793,ZNF471,57573.0,MutNovel,"E512D,0.414"
X-2793,ZNF552,79818.0,MutNovel,"V151D,0.231"
X-2793,ZNF658,26149.0,MutNovel,"P97L,0.870"
X-2793,ZNF677,342926.0,MutNovel,"H570Y,0.667"
X-2793,ZNF721,170960.0,MutNovel,"C531Y,0.692"
X-2793,ZNF730,,MutNovel,"R497K,0.211"
X-2793,ZNF732,654254.0,MutNovel,"V77M,1.000"
X-2793,ZNF777,27153.0,MutNovel,"G629S,0.798"
X-2793,ZNF814,730051.0,MutNovel,"Y772H,0.227"
X-2793,ZNF814,730051.0,MutNovel,"Y772H,0.227"
X-2793,ZRANB1,54764.0,MutKnownFunctional,"-709?,0.426"
X-2793,ZXDA,7789.0,MutNovel,"P47L,1.000"
X-2880,AATK,9625.0,MutNovel,"A1332T,1.000"
X-2880,ABTB1,80325.0,MutNovel,"R392H,0.535"
X-2880,ACAA1,30.0,MutNovel,"T253A,0.347"
X-2880,ACE2,59272.0,Amp5,5.17
X-2880,ACER2,340485.0,Del0.8,0.71
X-2880,ACO1,48.0,Del0.8,0.72
X-2880,ACOT1,641371.0,Del0.8,0.63
X-2880,ACOT9,23597.0,Amp5,5.13
X-2880,ACTL8,81569.0,Del0.8,0.74
X-2880,ADAM18,8749.0,Amp5,7.62
X-2880,ADAM2,2515.0,Amp5,7.62
X-2880,ADAM32,203102.0,Amp5,7.62
X-2880,ADAM3A,1587.0,Amp5,7.62
X-2880,ADAM5P,255926.0,Amp5,7.62
X-2880,ADAM9,8754.0,Amp5,7.62
X-2880,ADAMTS12,81792.0,Amp5,5.86
X-2880,ADAMTS17,170691.0,Amp5,5.66
X-2880,ADAMTSL1,92949.0,Del0.8,0.71
X-2880,ADCY8,114.0,Amp5,5.58
X-2880,ADRB3,155.0,Amp5,5.82
X-2880,AGFG1,3267.0,Amp5,5.31
X-2880,AGPAT6,137964.0,Amp5,6.96
X-2880,AHCY,191.0,MutNovel,"V304M,0.307"
X-2880,AK3,50808.0,Del0.8,0.7
X-2880,AKR7A2,8574.0,Del0.8,0.78
X-2880,AKR7A3,22977.0,Del0.8,0.78
X-2880,AKR7L,246181.0,Del0.8,0.78
X-2880,ALDH1A3,220.0,Amp5,5.66
X-2880,ALDH1B1,219.0,Del0.8,0.75
X-2880,ALDH4A1,8659.0,Del0.8,0.78
X-2880,AMACR,23600.0,Amp5,5.86
X-2880,AMELX,265.0,Amp5,5.03
X-2880,AMELY,266.0,Del0.8,0.21
X-2880,ANAPC4,29945.0,Del0.8,0.69
X-2880,ANK1,286.0,Amp5,6.96
X-2880,ANKH,56172.0,Amp5,5.24
X-2880,ANKRD32,84250.0,MutNovel,"N818S,0.392"
X-2880,ANKRD36,375248.0,MutNovel,"P891S,0.231"
X-2880,ANKRD36,375248.0,MutNovel,"T998S,0.250"
X-2880,ANXA13,312.0,Amp5,5.9
X-2880,AP1S3,130340.0,Amp5,5.31
X-2880,AP3M2,10947.0,Amp5,6.96
X-2880,APOO,79135.0,Amp5,5.13
X-2880,ARAP2,116984.0,Del0.8,0.62
X-2880,ARCN1,372.0,MutNovel,"C441Y,1.000"
X-2880,ARFIP1,27236.0,MutKnownFunctional,"-199?,1.000"
X-2880,ARHGDIG,398.0,Del0.8,0.73
X-2880,ARHGEF10L,55160.0,Del0.8,0.74
X-2880,ARL14,80117.0,Amp5,7.36
X-2880,ARRDC4,91947.0,Amp5,5.66
X-2880,ART5,116969.0,MutNovel,"-25P,0.812"
X-2880,ASAP1,50807.0,Amp5,5.58
X-2880,ASAP1-IT1,29065.0,Amp5,5.58
X-2880,ASB11,140456.0,Amp5,5.17
X-2880,ASB7,140460.0,Amp5,5.66
X-2880,ASB9,140462.0,Amp5,5.17
X-2880,ASB9P1,728619.0,Amp5,5.66
X-2880,ASH2L,9070.0,Amp5,5.82
X-2880,ATAD2,29028.0,Amp5,5.9
X-2880,ATP13A5,344905.0,Amp5,5.74
X-2880,ATP6V1A,523.0,Amp5,5.5
X-2880,ATP8A1,10396.0,Del0.8,0.67
X-2880,ATXN3L,92552.0,Amp5,5.7
X-2880,AXIN1,8312.0,Del0.8,0.73
X-2880,B3GALNT1,8706.0,Amp5,7.36
X-2880,BACH1,571.0,MutKnownFunctional,"R562*,0.522"
X-2880,BAG4,9530.0,Amp5,5.82
X-2880,BARHL2,343472.0,Del0.8,0.64
X-2880,BCAR1,9564.0,MutNovel,"Q309R,0.824"
X-2880,BCHE,590.0,MutNovel,"P519L,0.361"
X-2880,BCHE,590.0,Amp8,8
X-2880,BCORP1,286554.0,Del0.8,0.19
X-2880,BEND4,389206.0,Del0.8,0.67
X-2880,BLM,641.0,Amp5,5.7
X-2880,BMP5,653.0,MutNovel,"K223R,0.364"
X-2880,BMX,660.0,Amp5,5.17
X-2880,BNC2,54796.0,Del0.8,0.71
X-2880,BOC,91653.0,MutNovel,"A550V,0.282"
X-2880,BOC,91653.0,Amp5,5.43
X-2880,BPTF,2186.0,MutNovel,"M2149V,1.000"
X-2880,BPY2B,442867.0,Del0.8,0.12
X-2880,BPY2B,442867.0,Del0.8,0.07
X-2880,BRF2,55290.0,Amp5,5.82
X-2880,C10orf108,414235.0,Del0.8,0.72
X-2880,C11orf68,83638.0,MutNovel,"A230V,0.348"
X-2880,C14orf126,112487.0,MutNovel,"D28N,0.347"
X-2880,C14orf80,283643.0,MutKnownFunctional,"-373,0.379"
X-2880,C15orf32,145858.0,Amp5,5.66
X-2880,C1D,10438.0,Amp5,6.06
X-2880,C1QTNF3,114899.0,Amp5,5.86
X-2880,C20orf118,140711.0,Amp5,5.21
X-2880,C21orf58,54058.0,MutNovel,"H299PN,0.262"
X-2880,C2orf83,56918.0,Amp5,5.31
X-2880,C4orf34,201895.0,MutNovel,"G90A,0.595"
X-2880,C4orf52,389203.0,Del0.8,0.68
X-2880,C5orf22,55322.0,Amp5,5.06
X-2880,C5orf27,202299.0,Amp5,6.41
X-2880,C5orf28,64417.0,Amp5,6.15
X-2880,C5orf30,90355.0,Amp5,7.16
X-2880,C5orf34,375444.0,Amp5,6.15
X-2880,C5orf51,285636.0,Amp5,7.89
X-2880,C6,729.0,Amp5,5.9
X-2880,C7,730.0,Amp5,5.9
X-2880,C8orf4,56892.0,Amp5,7.62
X-2880,C8orf40,114926.0,Amp8,9.25
X-2880,C8orf76,84933.0,Amp5,5.9
X-2880,C8orf86,389649.0,Amp5,7.62
X-2880,C9,735.0,Amp5,6.19
X-2880,C9orf11,54586.0,Del0.8,0.73
X-2880,C9orf123,90871.0,Del0.8,0.68
X-2880,C9orf53,51198.0,Del0.8,0.67
X-2880,C9orf66,157983.0,Del0.8,0.72
X-2880,C9orf72,203228.0,Del0.8,0.73
X-2880,CABYR,26256.0,Amp5,5.62
X-2880,CACNA2D2,9254.0,MutNovel,"L54F,0.625"
X-2880,CADM2,253559.0,Amp5,6.11
X-2880,CAMK2N1,55450.0,Del0.8,0.79
X-2880,CAPZB,832.0,Del0.8,0.78
X-2880,CARD6,84674.0,Amp5,5.9
X-2880,CASKIN1,57524.0,MutNovel,"A1381D,1.000"
X-2880,CBFA2T2,9139.0,MutNovel,"A8T,0.667"
X-2880,CBWD5,220869.0,MutNovel,"W100R,0.278"
X-2880,CCBL2,56267.0,Del0.8,0.63
X-2880,CCDC117,150275.0,MutNovel,"T137A,0.500"
X-2880,CCDC149,91050.0,Del0.8,0.67
X-2880,CCDC152,100129792.0,Amp5,7.89
X-2880,CCKAR,886.0,Del0.8,0.68
X-2880,CCL20,6364.0,Amp5,5.31
X-2880,CCL28,56477.0,Amp5,6.15
X-2880,CCNH,902.0,Amp5,6.96
X-2880,CD274,29126.0,Del0.8,0.71
X-2880,CDA,978.0,Del0.8,0.79
X-2880,CDC37L1,55664.0,Del0.8,0.7
X-2880,CDC7,8317.0,Del0.8,0.74
X-2880,CDH18,1016.0,Amp5,6.32
X-2880,CDH6,1004.0,Amp5,5.06
X-2880,CDH9,1007.0,Amp5,5.31
X-2880,CDKN2A,1029.0,Del0.8,0.67
X-2880,CDY1B,253175.0,Del0.8,0.12
X-2880,CDY1B,253175.0,Del0.8,0.19
X-2880,CDY2A,9426.0,Del0.8,0.21
X-2880,CDY2A,9426.0,Del0.8,0.21
X-2880,CDY2B,203611.0,Del0.8,0.21
X-2880,CDY2B,203611.0,Del0.8,0.21
X-2880,CEL,1056.0,MutNovel,"A692P,0.417"
X-2880,CER1,9350.0,Del0.8,0.71
X-2880,CERS3,204219.0,Amp5,5.66
X-2880,CHD2,1106.0,Amp5,5.66
X-2880,CHMP2B,25978.0,Amp8,8.51
X-2880,CHRAC1,54108.0,Amp5,5.58
X-2880,CHRNA6,8973.0,Amp8,9.25
X-2880,CHRNB3,1142.0,Amp8,9.25
X-2880,CHSY1,22856.0,Amp5,5.66
X-2880,CLASP1,23332.0,MutNovel,"P622L,0.289"
X-2880,CLCN4,1183.0,Amp5,6.15
X-2880,CLU,1191.0,MutNovel,"E236D,1.000"
X-2880,CNKSR2,22866.0,Amp5,5.24
X-2880,CNTLN,54875.0,Del0.8,0.71
X-2880,CNTN4,152330.0,MutNovel,"N954K,0.357"
X-2880,CNTNAP1,8506.0,MutNovel,"W652R,1.000"
X-2880,COL14A1,7373.0,Amp5,5.31
X-2880,COL18A1,80781.0,MutNovel,"P824S,0.531"
X-2880,COL22A1,169044.0,Amp5,5.58
X-2880,COL4A3,1285.0,Amp5,5.31
X-2880,COL4A4,1286.0,Amp5,5.31
X-2880,COLEC10,10584.0,Amp5,5.06
X-2880,COX7C,1350.0,Amp5,5.98
X-2880,CPD,1362.0,MutNovel,"R1154H,1.000"
X-2880,CRISPLD1,83690.0,MutNovel,"R6Q,0.269"
X-2880,CROCC,9696.0,Del0.8,0.66
X-2880,CRTC3,64784.0,Amp5,5.7
X-2880,CRYBG3,,MutNovel,"T1907A,0.625"
X-2880,CSPG4P1Y,114758.0,Del0.8,0.28
X-2880,CSPG4P1Y,114758.0,Del0.8,0.19
X-2880,CTSA,5476.0,MutNovel,"L29-,0.949"
X-2880,CUL3,8452.0,Amp5,5.31
X-2880,CXXC1,30827.0,MutNovel,"K191R,0.563"
X-2880,CXorf58,254158.0,Amp5,5.13
X-2880,DAB2,1601.0,Amp5,6.19
X-2880,DAZ1,1617.0,Del0.8,0.19
X-2880,DAZ2,57055.0,Del0.8,0.13
X-2880,DAZ3,57054.0,Del0.8,0.07
X-2880,DAZ3,57054.0,Del0.8,0.12
X-2880,DAZ4,57135.0,Del0.8,0.1
X-2880,DAZ4,57135.0,Del0.8,0.14
X-2880,DBIL5P,100131454.0,Del0.8,0.71
X-2880,DCAF10,79269.0,Del0.8,0.75
X-2880,DCAF4L1,285429.0,Del0.8,0.67
X-2880,DCAF8L2,347442.0,Amp5,5.46
X-2880,DCTD,1635.0,MutKnownFunctional,"E135*,1.000"
X-2880,DDHD2,23259.0,Amp5,5.82
X-2880,DDX3Y,8653.0,Del0.8,0.21
X-2880,DDX53,168400.0,Amp5,5.13
X-2880,DDX58,23586.0,Del0.8,0.72
X-2880,DENND1B,163486.0,MutNovel,"N63Y,0.600"
X-2880,DENND3,22898.0,Amp5,5.58
X-2880,DENND4B,9909.0,MutNovel,"QQQ908-,0.274"
X-2880,DENND4C,55667.0,Del0.8,0.71
X-2880,DEPTOR,64798.0,Amp5,5.31
X-2880,DERL1,79139.0,Amp5,5.9
X-2880,DHRS2,10202.0,MutNovel,"Q102R,0.750"
X-2880,DHX15,1665.0,Del0.8,0.67
X-2880,DHX9,1660.0,MutNovel,"L988V,0.345"
X-2880,DIP2C,22982.0,Del0.8,0.72
X-2880,DKK4,27121.0,Amp8,9.25
X-2880,DMRT1,1761.0,Del0.8,0.73
X-2880,DMRT2,10655.0,MutNovel,"T106S,1.000"
X-2880,DMRT2,10655.0,Del0.8,0.73
X-2880,DMRT3,58524.0,Del0.8,0.73
X-2880,DMRTA1,63951.0,Del0.8,0.73
X-2880,DMXL1,1657.0,MutNovel,"Q2163E,0.429"
X-2880,DNM1P46,196968.0,Amp5,5.66
X-2880,DOCK10,55619.0,Amp5,5.31
X-2880,DOCK8,81704.0,Del0.8,0.72
X-2880,DOK1,1796.0,MutNovel,"Q390E,0.329"
X-2880,DROSHA,29102.0,Amp5,5.06
X-2880,DSCC1,79075.0,Amp5,5.31
X-2880,DSN1,79980.0,Amp5,5.21
X-2880,DTHD1,401124.0,Del0.8,0.69
X-2880,DTX2,113878.0,MutNovel,"T421A,0.207"
X-2880,DYNLRB1,83658.0,Del0.8,0.76
X-2880,ECE1,1889.0,Del0.8,0.77
X-2880,EFNA5,1946.0,Amp5,7.31
X-2880,EFR3A,23167.0,Amp5,5.58
X-2880,EIF1AY,9086.0,Del0.8,0.19
X-2880,EIF2C2,27161.0,Amp5,5.58
X-2880,EIF2S3,1968.0,Amp5,5.13
X-2880,EIF3H,8667.0,Amp5,5.06
X-2880,EIF4EBP1,1978.0,Amp5,5.82
X-2880,EIF4G3,8672.0,Del0.8,0.73
X-2880,ELAVL2,1993.0,Del0.8,0.73
X-2880,ELF4,2000.0,MutNovel,"V57I,1.000"
X-2880,ELL2,22936.0,Amp5,6.41
X-2880,ENO4,387712.0,MutNovel,"L605P,0.833"
X-2880,ENPP2,5168.0,Amp5,5.31
X-2880,EPHA2,1969.0,MutNovel,"P63L,0.500"
X-2880,ERBB4,2066.0,Del0.8,0.53
X-2880,ERLIN2,11160.0,Amp5,5.82
X-2880,ESCO1,114799.0,MutKnownFunctional,"-205?,0.259"
X-2880,EXOSC3,51010.0,Del0.8,0.75
X-2880,EXT1,2131.0,Amp5,5.06
X-2880,FADD,8772.0,MutNovel,"E61D,0.426"
X-2880,FAM124B,79843.0,Amp5,5.31
X-2880,FAM131A,131408.0,MutNovel,"R63S,1.000"
X-2880,FAM135B,51059.0,Amp5,5.58
X-2880,FAM169B,283777.0,Amp5,5.66
X-2880,FAM171B,165215.0,MutNovel,"-44Q,0.548"
X-2880,FAM174B,400451.0,Amp5,5.66
X-2880,FAM197Y2P,252946.0,Del0.8,0.21
X-2880,FAM201A,158228.0,Del0.8,0.71
X-2880,FAM21C,253725.0,MutNovel,"K1199R,0.739"
X-2880,FAM41AY1,340618.0,Del0.8,0.21
X-2880,FAM41AY1,340618.0,Del0.8,0.21
X-2880,FAM43B,163933.0,Del0.8,0.79
X-2880,FAM48B1,100130302.0,Amp5,5.13
X-2880,FAM48B2,170067.0,Amp5,5.13
X-2880,FAM49B,51571.0,Amp5,5.58
X-2880,FAM57A,79850.0,Del0.8,0.71
X-2880,FAM83A,84985.0,Amp5,5.9
X-2880,FAM84B,157638.0,Amp5,5.7
X-2880,FAM91A1,157769.0,Amp5,5.9
X-2880,FAM9C,171484.0,Amp5,5.7
X-2880,FBXL17,64839.0,Amp8,8.82
X-2880,FBXO32,114907.0,Amp5,5.9
X-2880,FBXO4,26272.0,Amp5,7.89
X-2880,FBXO48,554251.0,MutNovel,"R102K,1.000"
X-2880,FDX1,2230.0,Amp5,6.54
X-2880,FER1L6,654463.0,Amp5,5.9
X-2880,FER1L6-AS1,439941.0,Amp5,5.9
X-2880,FES,2242.0,Amp5,5.7
X-2880,FGF10,2255.0,Amp5,5.66
X-2880,FGFR1,2260.0,Amp5,7.62
X-2880,FIGF,2277.0,Amp5,5.17
X-2880,FLAD1,80308.0,MutNovel,"G216S,0.391"
X-2880,FLG,2312.0,MutNovel,"H980D,0.556"
X-2880,FLJ27354,400761.0,Del0.8,0.65
X-2880,FLJ35024,401491.0,Del0.8,0.73
X-2880,FLJ35282,441389.0,Del0.8,0.73
X-2880,FLJ41200,401492.0,Del0.8,0.72
X-2880,FLJ42289,388182.0,Amp5,5.66
X-2880,FNTA,2339.0,Amp8,9.25
X-2880,FREM1,158326.0,Del0.8,0.71
X-2880,FRMD4A,55691.0,MutNovel,"S393Y,1.000"
X-2880,FRMPD1,22844.0,Del0.8,0.75
X-2880,FURIN,5045.0,Amp5,5.7
X-2880,FYB,2533.0,Amp5,5.21
X-2880,GALNT12,79695.0,MutNovel,"G46R,1.000"
X-2880,GBP1,2633.0,Del0.8,0.59
X-2880,GBP1P1,400759.0,Del0.8,0.63
X-2880,GBP2,2634.0,Del0.8,0.59
X-2880,GBP3,2635.0,Del0.8,0.78
X-2880,GBP4,115361.0,Del0.8,0.59
X-2880,GBP5,115362.0,Del0.8,0.76
X-2880,GBP6,163351.0,Del0.8,0.63
X-2880,GBP7,388646.0,Del0.8,0.59
X-2880,GEMIN4,50628.0,Del0.8,0.71
X-2880,GEMIN8P4,492303.0,Del0.8,0.68
X-2880,GET4,51608.0,MutNovel,"L326V,0.243"
X-2880,GGA3,23163.0,MutNovel,"L577V,1.000"
X-2880,GHR,2690.0,Amp5,7.89
X-2880,GIGYF2,26058.0,MutNovel,"PQ1231P,0.766"
X-2880,GIN1,54826.0,MutNovel,"V305G,0.857"
X-2880,GIN1,54826.0,Amp5,7.16
X-2880,GINS4,84296.0,Amp5,6.96
X-2880,GJC2,57165.0,Del0.8,0.77
X-2880,GLDC,2731.0,Del0.8,0.67
X-2880,GLIS3,169792.0,Del0.8,0.7
X-2880,GLIS3-AS1,84850.0,Del0.8,0.7
X-2880,GLOD4,51031.0,Del0.8,0.71
X-2880,GLRX,2745.0,Amp5,6.41
X-2880,GNL3,26354.0,MutKnownFunctional,"Q525*,0.678"
X-2880,GOLGA2,2801.0,MutNovel,"D708E,0.250"
X-2880,GOLGA2P2Y,84559.0,Del0.8,0.19
X-2880,GOLGA2P2Y,84559.0,Del0.8,0.28
X-2880,GOLGA7,51125.0,Amp5,6.96
X-2880,GOLPH3,64083.0,Amp5,6.63
X-2880,GOT1L1,137362.0,Amp5,5.82
X-2880,GPAM,57678.0,MutNovel,"H714R,0.677"
X-2880,GPR124,25960.0,Amp5,5.82
X-2880,GPR125,166647.0,MutNovel,"P18R,1.000"
X-2880,GRXCR1,389207.0,Del0.8,0.64
X-2880,GSDMC,56169.0,Amp5,5.58
X-2880,GSTM1,2944.0,Del0.8,0.67
X-2880,GSTT1,2952.0,Amp5,5.54
X-2880,GSTTP1,25774.0,Amp5,5.54
X-2880,GTF2B,2959.0,Del0.8,0.63
X-2880,GTF2IRD2,84163.0,MutNovel,"I557T,0.600"
X-2880,GTPBP4,23560.0,Del0.8,0.72
X-2880,GUK1,2987.0,Del0.8,0.77
X-2880,GYG2P1,352887.0,Del0.8,0.21
X-2880,HAS2,3037.0,Amp5,5.31
X-2880,HAS2-AS1,594842.0,Amp5,5.31
X-2880,HAUS6,54801.0,Del0.8,0.71
X-2880,HBA1,3039.0,Del0.8,0.73
X-2880,HBA2,3040.0,Del0.8,0.73
X-2880,HBM,3042.0,Del0.8,0.73
X-2880,HBQ1,3049.0,Del0.8,0.73
X-2880,HBZ,3050.0,Del0.8,0.73
X-2880,HCN3,57657.0,MutNovel,"R46K,0.545"
X-2880,HDDC3,374659.0,Amp5,5.7
X-2880,HDHD1,8226.0,Amp5,5.86
X-2880,HEATR5A,25938.0,MutNovel,"G929A,0.500"
X-2880,HEATR7B2,133558.0,Amp5,5.9
X-2880,HGC6.3,100128124.0,MutNovel,"V104A,0.235"
X-2880,HGSNAT,138050.0,Amp8,9.25
X-2880,HHLA1,10086.0,Amp5,5.58
X-2880,HLA-DRB5,3127.0,Amp8,9.19
X-2880,HLA-DRB6,3128.0,Amp8,9.19
X-2880,HMGCS1,3157.0,Amp5,6.15
X-2880,HOOK3,84376.0,Amp8,9.25
X-2880,HP1BP3,50809.0,Del0.8,0.7
X-2880,HPYR1,93668.0,Amp5,5.58
X-2880,HRASLS,57110.0,Amp5,5.74
X-2880,HRH4,59340.0,Amp5,5.78
X-2880,HSFY2,159119.0,Del0.8,0.08
X-2880,HSFY2,159119.0,Del0.8,0.21
X-2880,HSPA1B,3304.0,MutNovel,"K328Q,1.000"
X-2880,HTR6,3362.0,Del0.8,0.77
X-2880,HTRA4,203100.0,Amp5,7.62
X-2880,HYDIN,54768.0,MutNovel,"K2140N,0.286"
X-2880,IBA57,200205.0,Del0.8,0.77
X-2880,IDE,3416.0,MutNovel,"D935E,0.780"
X-2880,IDI1,3422.0,Del0.8,0.72
X-2880,IDI2,91734.0,Del0.8,0.72
X-2880,IDI2-AS1,55853.0,Del0.8,0.72
X-2880,IDO1,3620.0,Amp5,7.62
X-2880,IDO2,169355.0,Amp5,7.62
X-2880,IFFO2,126917.0,Del0.8,0.78
X-2880,IFNA1,3439.0,Del0.8,0.67
X-2880,IFNA10,3446.0,Del0.8,0.67
X-2880,IFNA13,3447.0,Del0.8,0.67
X-2880,IFNA14,3448.0,Del0.8,0.67
X-2880,IFNA16,3449.0,Del0.8,0.67
X-2880,IFNA17,3451.0,Del0.8,0.67
X-2880,IFNA2,3440.0,Del0.8,0.67
X-2880,IFNA21,3452.0,Del0.8,0.67
X-2880,IFNA22P,3453.0,Del0.8,0.67
X-2880,IFNA4,3441.0,Del0.8,0.67
X-2880,IFNA5,3442.0,Del0.8,0.67
X-2880,IFNA6,3443.0,Del0.8,0.67
X-2880,IFNA7,3444.0,Del0.8,0.67
X-2880,IFNA8,3445.0,Del0.8,0.67
X-2880,IFNB1,3456.0,Del0.8,0.67
X-2880,IFNE,338376.0,Del0.8,0.67
X-2880,IFNK,56832.0,Del0.8,0.73
X-2880,IFNW1,3467.0,Del0.8,0.67
X-2880,IFT74,80173.0,Del0.8,0.73
X-2880,IGF1R,3480.0,Amp5,5.66
X-2880,IGFBPL1,347252.0,Del0.8,0.75
X-2880,IGFN1,91156.0,MutNovel,"R2027W,0.589"
X-2880,IGSF21,84966.0,Del0.8,0.78
X-2880,IKBKB,3551.0,Amp5,6.06
X-2880,IL17RA,23765.0,MutNovel,"R620W,0.875"
X-2880,IL1R1,3554.0,MutNovel,"A111V,0.500"
X-2880,IL33,90865.0,Del0.8,0.67
X-2880,IMPACT,55364.0,Amp5,5.78
X-2880,INSL4,3641.0,Del0.8,0.71
X-2880,INSL6,11172.0,Del0.8,0.71
X-2880,IRS1,3667.0,Amp5,5.31
X-2880,ITCH,83737.0,Del0.8,0.76
X-2880,ITFG3,83986.0,Del0.8,0.73
X-2880,JAK2,3717.0,Del0.8,0.72
X-2880,KALRN,8997.0,MutNovel,"V2348F,0.516"
X-2880,KAT6A,7994.0,Amp5,6.96
X-2880,KCNK9,51305.0,Amp5,5.58
X-2880,KCNQ3,3786.0,Amp5,5.58
X-2880,KCNV2,169522.0,Del0.8,0.73
X-2880,KCTD6,200845.0,MutNovel,"T204M,0.296"
X-2880,KDM3B,51780.0,MutNovel,"A5T,0.786"
X-2880,KDM4C,23081.0,Del0.8,0.68
X-2880,KDM5D,8284.0,Del0.8,0.19
X-2880,KHDRBS3,10656.0,Amp5,5.58
X-2880,KIAA0020,9933.0,Del0.8,0.73
X-2880,KIAA0196,9897.0,Amp5,5.9
X-2880,KIAA2018,205717.0,Amp5,6.77
X-2880,KIF21A,55605.0,MutNovel,"T50A,0.455"
X-2880,KLC2,64837.0,MutNovel,"P575R,0.366"
X-2880,KLHDC7A,127707.0,Del0.8,0.78
X-2880,KLHL15,80311.0,Amp5,5.13
X-2880,KLHL34,257240.0,Amp5,5.24
X-2880,KLHL38,340359.0,Amp5,5.9
X-2880,KLHL9,55958.0,Del0.8,0.67
X-2880,KPNA4,3840.0,Amp5,7.36
X-2880,KRT10,3858.0,MutNovel,"G514A,0.636"
X-2880,KRT10,3858.0,MutNovel,"G510S,0.500"
X-2880,LARP4B,23185.0,Del0.8,0.8
X-2880,LETM2,137994.0,Amp8,9.45
X-2880,LGI2,55203.0,Del0.8,0.67
X-2880,LIG1,3978.0,MutNovel,"R627W,0.580"
X-2880,LILRB4,11006.0,Del0.8,0.78
X-2880,LINC00032,158035.0,Del0.8,0.73
X-2880,LINC00200,399706.0,Del0.8,0.72
X-2880,LINC00461,645323.0,Amp5,6.02
X-2880,LINGO2,158038.0,Del0.8,0.27
X-2880,LINS,55180.0,Amp5,5.66
X-2880,LOC100129250,100129250.0,Del0.8,0.72
X-2880,LOC100130231,100130231.0,Amp5,5.9
X-2880,LOC100131496,100131496.0,Amp5,5.54
X-2880,LOC100131726,100131726.0,Amp5,5.9
X-2880,LOC100132247,100132247.0,MutNovel,"V308L,1.000"
X-2880,LOC100132356,100132356.0,Amp5,6.06
X-2880,LOC100133123,100133123.0,Amp5,5.7
X-2880,LOC100134368,100134368.0,Del0.8,0.73
X-2880,LOC100144604,100144604.0,Amp5,5.66
X-2880,LOC100506422,100506422.0,Del0.8,0.73
X-2880,LOC100506548,100506548.0,Amp5,5.9
X-2880,LOC100506730,100506730.0,Del0.8,0.78
X-2880,LOC100506801,100506801.0,Del0.8,0.77
X-2880,LOC100507117,100507117.0,Amp5,5.58
X-2880,LOC100507217,100507217.0,Amp5,5.66
X-2880,LOC100507472,100507472.0,Amp5,5.66
X-2880,LOC100996394,,MutNovel,"I305T,0.857"
X-2880,LOC100996641,,MutNovel,"D89N,0.944"
X-2880,LOC145820,145820.0,Amp5,5.66
X-2880,LOC153684,153684.0,Amp5,6.06
X-2880,LOC157381,157381.0,Amp5,5.9
X-2880,LOC285540,285540.0,Del0.8,0.67
X-2880,LOC286094,286094.0,Amp5,5.58
X-2880,LOC339505,339505.0,Del0.8,0.79
X-2880,LOC340113,340113.0,Amp5,5.86
X-2880,LOC389705,389705.0,Del0.8,0.71
X-2880,LOC391322,391322.0,Amp5,5.54
X-2880,LOC400456,400456.0,Amp5,5.66
X-2880,LOC643401,643401.0,Amp5,5.31
X-2880,LOC647107,647107.0,Amp5,7.94
X-2880,LOC648987,648987.0,Amp5,6.06
X-2880,LOC727677,727677.0,Amp5,5.7
X-2880,LOC728024,728024.0,Amp5,5.82
X-2880,LOC728724,728724.0,Amp5,5.58
X-2880,LOC728888,,MutNovel,"P855A,0.273"
X-2880,LOC91948,91948.0,Amp5,5.66
X-2880,LRIF1,55791.0,MutNovel,"M220V,0.600"
X-2880,LRRC19,64922.0,Del0.8,0.73
X-2880,LRRC28,123355.0,Amp5,5.66
X-2880,LRRC6,23639.0,Amp5,5.58
X-2880,LRRC8B,23507.0,Del0.8,0.65
X-2880,LRRC8C,84230.0,Del0.8,0.65
X-2880,LRRC8D,55144.0,Del0.8,0.58
X-2880,LRRCC1,85444.0,Amp5,5.82
X-2880,LRRK1,79705.0,Amp5,5.66
X-2880,LRRN3,54674.0,Del0.8,0.66
X-2880,LSAMP-AS3,285194.0,Del0.8,0.64
X-2880,LSM1,27257.0,Amp5,5.82
X-2880,LSR,51599.0,MutNovel,"G518GR,0.833"
X-2880,LUC7L,55692.0,Del0.8,0.73
X-2880,LYSMD4,145748.0,Amp5,5.66
X-2880,MAGEB10,139422.0,Amp5,5.46
X-2880,MAGED4,,MutNovel,"G325A,1.000"
X-2880,MAL2,114569.0,Amp5,5.31
X-2880,MAN2A2,4122.0,Amp5,5.7
X-2880,2014-03-02 00:00:00,54996.0,MutNovel,"E249K,0.268"
X-2880,MASTL,84930.0,MutNovel,"E472K,1.000"
X-2880,MATN2,4147.0,MutNovel,"K357Q,0.600"
X-2880,MBTPS2,51360.0,Amp5,5.94
X-2880,MCTP2,55784.0,Amp5,5.66
X-2880,MDN1,23195.0,MutNovel,"L1896V,0.667"
X-2880,MED30,90390.0,Amp5,5.06
X-2880,MEF2A,4205.0,MutNovel,"Q412-,0.243"
X-2880,MEF2A,4205.0,Amp5,5.66
X-2880,MEF2C,4208.0,Amp5,5.58
X-2880,MEOX2,4223.0,MutNovel,"HH76H,0.534"
X-2880,MFF,56947.0,Amp5,5.31
X-2880,MGC2889,84789.0,Amp5,5.74
X-2880,MIR101-2,406894.0,Del0.8,0.7
X-2880,MIR1204,100302185.0,Amp5,5.7
X-2880,MIR1205,100302161.0,Amp5,5.7
X-2880,MIR1206,100302170.0,Amp5,5.7
X-2880,MIR1207,100302175.0,Amp8,11.08
X-2880,MIR1208,100302281.0,Amp8,11.08
X-2880,MIR1469,100302258.0,Amp5,5.66
X-2880,MIR30B,407030.0,Amp5,5.58
X-2880,MIR30D,407033.0,Amp5,5.58
X-2880,MIR31,407035.0,Del0.8,0.67
X-2880,MIR3152,100422869.0,Del0.8,0.71
X-2880,MIR3175,100422995.0,Amp5,5.66
X-2880,MIR31HG,554202.0,Del0.8,0.67
X-2880,MIR320C2,100302195.0,Amp5,5.62
X-2880,MIR3607,100500805.0,Amp5,5.98
X-2880,MIR3610,100500914.0,Amp5,5.06
X-2880,MIR3616,100500814.0,Amp5,5.54
X-2880,MIR4275,100422937.0,Del0.8,0.67
X-2880,MIR4279,100422874.0,Amp5,5.74
X-2880,MIR4280,100422887.0,Amp5,5.98
X-2880,MIR4439,100616207.0,Amp5,5.31
X-2880,MIR4446,100616476.0,Amp5,6.77
X-2880,MIR4469,100616115.0,Amp8,9.25
X-2880,MIR4473,100616229.0,Del0.8,0.67
X-2880,MIR4474,100616441.0,Del0.8,0.67
X-2880,MIR4637,100616271.0,Amp5,6.15
X-2880,MIR4663,100616260.0,Amp5,5.9
X-2880,MIR4665,100616288.0,Del0.8,0.55
X-2880,MIR4695,100616120.0,Del0.8,0.78
X-2880,MIR4714,100616432.0,Amp5,5.66
X-2880,MIR4767,100616467.0,Amp5,5.86
X-2880,MIR4770,100616373.0,Amp5,5.9
X-2880,MIR4789,100616395.0,Amp5,5.24
X-2880,MIR4795,100616161.0,Amp8,8.51
X-2880,MIR4801,100616435.0,Del0.8,0.62
X-2880,MIR486,619554.0,Amp5,6.96
X-2880,MIR491,574444.0,Del0.8,0.67
X-2880,MIR573,693158.0,Del0.8,0.67
X-2880,MIR644A,693229.0,Del0.8,0.76
X-2880,MIR873,100126316.0,Del0.8,0.2
X-2880,MIR876,100126310.0,Del0.8,0.2
X-2880,MIR9-2,407047.0,Amp5,6.02
X-2880,MLL,4297.0,MutNovel,"E502K,1.000"
X-2880,MLL3,58508.0,MutKnownFunctional,"-2797?,0.350"
X-2880,MLLT3,4300.0,Del0.8,0.67
X-2880,MLLT6,4302.0,MutNovel,"Q969R,1.000"
X-2880,MOB3B,79817.0,Del0.8,0.73
X-2880,MON1B,22879.0,MutNovel,"T535M,0.235"
X-2880,MPDZ,8777.0,Del0.8,0.72
X-2880,MRPL13,28998.0,Amp5,5.31
X-2880,MRPL28,10573.0,Del0.8,0.73
X-2880,MRPL44,65080.0,Amp5,5.31
X-2880,MRTO4,51154.0,Del0.8,0.78
X-2880,MSL3,10943.0,Amp5,5.13
X-2880,MSX2,4488.0,MutNovel,"R162C,0.571"
X-2880,MTAP,4507.0,Del0.8,0.67
X-2880,MTBP,27085.0,Amp5,5.31
X-2880,MTMR12,54545.0,Amp5,5.9
X-2880,MTSS1,9788.0,Amp5,5.9
X-2880,MUL1,79594.0,Del0.8,0.79
X-2880,MYC,4609.0,Amp5,5.7
X-2880,MYO18B,84700.0,MutNovel,"G2306R,0.727"
X-2880,NAA50,80218.0,Amp5,6.77
X-2880,NAALADL2,254827.0,Amp5,5.24
X-2880,NACA2,342538.0,MutNovel,"V215M,1.000"
X-2880,NBL1,4681.0,Del0.8,0.77
X-2880,NBR1,4077.0,MutNovel,"N864K,0.274"
X-2880,NCOA3,8202.0,Amp5,5.54
X-2880,NCOR2,9612.0,MutNovel,"G1839GAAA,0.606"
X-2880,NCRNA00185,55410.0,Del0.8,0.19
X-2880,NDRG1,10397.0,Amp5,5.58
X-2880,NDUFA11,126328.0,MutNovel,"V5F,0.992"
X-2880,NDUFB6,4712.0,Del0.8,0.72
X-2880,NDUFB9,4715.0,Amp5,5.9
X-2880,NEB,4703.0,MutNovel,"L7952V,0.333"
X-2880,NEB,4703.0,MutNovel,"R5546H,0.211"
X-2880,NEFL,4747.0,MutNovel,"G395S,1.000"
X-2880,NEK11,79858.0,MutNovel,"A584V,1.000"
X-2880,NEURL4,84461.0,MutNovel,"P295A,0.321"
X-2880,NFIB,4781.0,Del0.8,0.71
X-2880,NIM1,167359.0,Amp5,5.43
X-2880,NKX6-3,157848.0,Amp5,6.96
X-2880,NLGN4X,57502.0,Amp5,5.9
X-2880,NLGN4Y,22829.0,Del0.8,0.21
X-2880,NMD3,51068.0,Amp5,7.36
X-2880,NME4,4833.0,Del0.8,0.73
X-2880,NNT,23530.0,Amp5,6.15
X-2880,NOV,4856.0,Amp5,5.31
X-2880,NPEPPS,9520.0,MutNovel,"T199A,0.246"
X-2880,NPR3,4883.0,Amp5,5.86
X-2880,NPRL3,8131.0,Del0.8,0.73
X-2880,NR2F2,7026.0,Amp5,5.66
X-2880,NRG2,9542.0,MutNovel,"A809S,0.500"
X-2880,NSMCE2,286053.0,Amp5,5.9
X-2880,NT5DC2,64943.0,MutNovel,"Q53R,0.355"
X-2880,NUDT11,55190.0,MutKnownFunctional,"-1,0.500"
X-2880,NUP155,9631.0,Amp5,5.86
X-2880,NUP210L,91181.0,MutNovel,"M1641T,1.000"
X-2880,NXN,64359.0,Del0.8,0.73
X-2880,NYAP2,57624.0,Amp5,5.31
X-2880,OC90,729330.0,Amp5,5.58
X-2880,OR4F15,390649.0,Amp5,5.66
X-2880,OR4F4,26682.0,Amp5,5.66
X-2880,OR4F6,390648.0,Amp5,5.66
X-2880,ORAI1,84876.0,MutNovel,"PP43-,0.700"
X-2880,OSBPL11,114885.0,Amp5,7.46
X-2880,OSBPL1A,114876.0,Amp5,5.31
X-2880,OTOL1,131149.0,Amp5,7.36
X-2880,OTUD3,23252.0,Del0.8,0.79
X-2880,OXCT1,5019.0,Amp5,7.89
X-2880,PAIP1,10605.0,Amp5,6.15
X-2880,PAM,5066.0,Amp5,6.5
X-2880,PANK2,80025.0,MutNovel,"T289A,0.679"
X-2880,PATL1,219988.0,MutNovel,"D399Y,1.000"
X-2880,PAX7,5081.0,Del0.8,0.78
X-2880,PCAT1,100750225.0,Amp5,5.7
X-2880,PCDH11Y,83259.0,Del0.8,0.38
X-2880,PCDH7,5099.0,Del0.8,0.67
X-2880,PCDHB4,56131.0,MutNovel,"A500T,0.500"
X-2880,PCSK6,5046.0,Amp5,5.66
X-2880,PDCD1LG2,80380.0,Del0.8,0.71
X-2880,PDE4DIP,9659.0,MutNovel,"T2297A,0.353"
X-2880,PDIA2,64714.0,Del0.8,0.73
X-2880,PDK3,5165.0,Amp5,5.13
X-2880,PELP1,27043.0,MutNovel,"R365W,1.000"
X-2880,PGPEP1L,145814.0,Amp5,5.66
X-2880,PHC2,1912.0,MutNovel,"A129V,1.000"
X-2880,PHEX,5251.0,Amp5,6.77
X-2880,PHF20L1,51105.0,Amp5,5.58
X-2880,PHLDA1,22822.0,MutNovel,"QQ194Q,0.561"
X-2880,PHOX2B,8929.0,Del0.8,0.67
X-2880,PI4K2B,55300.0,Del0.8,0.67
X-2880,PIGA,5277.0,Amp5,5.17
X-2880,PINK1,65018.0,Del0.8,0.79
X-2880,PIR,8544.0,Amp5,5.17
X-2880,PIR-FIGF,100532742.0,Amp5,5.17
X-2880,PKN2,5586.0,Del0.8,0.63
X-2880,PLA2G2A,5320.0,Del0.8,0.79
X-2880,PLA2G2C,391013.0,Del0.8,0.79
X-2880,PLA2G2D,26279.0,Del0.8,0.79
X-2880,PLA2G2E,30814.0,Del0.8,0.79
X-2880,PLA2G2F,64600.0,Del0.8,0.79
X-2880,PLA2G5,5322.0,Del0.8,0.79
X-2880,PLAA,9373.0,Del0.8,0.73
X-2880,PLAT,5327.0,Amp5,6.96
X-2880,PLCXD3,345557.0,Amp5,5.9
X-2880,PLEKHA2,59339.0,Amp5,7.62
X-2880,PLEKHF1,79156.0,MutNovel,"R47G,0.444"
X-2880,PLIN2,123.0,Del0.8,0.71
X-2880,PNKP,11284.0,MutNovel,"P200H,0.447"
X-2880,PNPLA4,8228.0,Amp5,5.86
X-2880,POLB,5423.0,Amp5,7.01
X-2880,POLR2J2,246721.0,MutNovel,"F10L,0.350"
X-2880,POLR3K,51728.0,Del0.8,0.66
X-2880,POTEA,340441.0,Amp8,9.25
X-2880,POU1F1,5449.0,Amp8,8.51
X-2880,POU5F1B,5462.0,Amp5,5.7
X-2880,PPAPDC1B,84513.0,Amp5,5.82
X-2880,PPAPDC2,403313.0,Del0.8,0.7
X-2880,PPARGC1A,10891.0,Del0.8,0.67
X-2880,PPIP5K2,23262.0,Amp5,7.16
X-2880,PPM1L,151742.0,Amp5,7.36
X-2880,PQBP1,10084.0,MutNovel,"E25K,0.498"
X-2880,PQLC2,54896.0,Del0.8,0.78
X-2880,PRC1,9055.0,Amp5,5.7
X-2880,PRDM9,56979.0,Amp5,6.11
X-2880,PRDX4,10549.0,Amp5,5.13
X-2880,PRKAA1,5562.0,Amp5,5.9
X-2880,PRKY,5616.0,Del0.8,0.21
X-2880,PROSC,11212.0,Amp5,5.82
X-2880,PRPS2,5634.0,Amp5,5.7
X-2880,PRY,9081.0,Del0.8,0.19
X-2880,PRY,9081.0,Del0.8,0.19
X-2880,PRY2,442862.0,Del0.8,0.19
X-2880,PRY2,442862.0,Del0.8,0.19
X-2880,PSIP1,11168.0,Del0.8,0.71
X-2880,PTCHD1,139411.0,Amp5,5.13
X-2880,PTDSS1,9791.0,MutNovel,"P318A,0.252"
X-2880,PTGER4,5734.0,Amp5,5.9
X-2880,PTK2,5747.0,Amp5,5.58
X-2880,PTPLAD2,401494.0,Del0.8,0.67
X-2880,PTPRD,5789.0,Del0.8,0.66
X-2880,PTX3,5806.0,MutNovel,"A151T,1.000"
X-2880,PVT1,5820.0,Amp5,7.94
X-2880,RAB11FIP1,80223.0,Amp5,5.82
X-2880,RABEP1,9135.0,MutNovel,"A252G,0.674"
X-2880,RABL2A,11159.0,MutKnownFunctional,"-77,0.438"
X-2880,RAD21,5885.0,Amp5,5.06
X-2880,RAD21-AS1,644660.0,Amp5,5.06
X-2880,RANBP2,5903.0,MutNovel,"A238T,0.286"
X-2880,RANBP6,26953.0,Del0.8,0.55
X-2880,RASA1,5921.0,Amp5,6.45
X-2880,RASA4,10156.0,MutNovel,"T606M,0.800"
X-2880,RBM6,10180.0,MutKnownFunctional,"-101,0.567"
X-2880,RBMXL1,494115.0,Del0.8,0.63
X-2880,RBMXL2,27288.0,MutNovel,"T134A,1.000"
X-2880,RBMY1A3P,286557.0,Del0.8,0.21
X-2880,RBMY1B,378948.0,Del0.8,0.19
X-2880,RBMY1B,378948.0,Del0.8,0.19
X-2880,RBMY1E,378950.0,Del0.8,0.19
X-2880,RBMY1E,378950.0,Del0.8,0.19
X-2880,RBMY1F,159163.0,Del0.8,0.19
X-2880,RBMY1F,159163.0,Del0.8,0.19
X-2880,RBMY1J,378951.0,Del0.8,0.19
X-2880,RBMY1J,378951.0,Del0.8,0.19
X-2880,RBMY2EP,159125.0,Del0.8,0.19
X-2880,RBMY2FP,159162.0,Del0.8,0.19
X-2880,RBMY3AP,64593.0,Del0.8,0.21
X-2880,RBPJ,3516.0,Del0.8,0.68
X-2880,RCCD1,91433.0,Amp5,5.7
X-2880,RCL1,10171.0,Del0.8,0.7
X-2880,RDX,5962.0,Amp8,8.94
X-2880,RECK,8434.0,MutKnownFunctional,"Q933*,0.378"
X-2880,REST,5978.0,MutNovel,"Q746K,0.958"
X-2880,RFX3,5991.0,Del0.8,0.7
X-2880,RGMA,56963.0,Amp5,5.66
X-2880,RGS11,8786.0,Del0.8,0.73
X-2880,RHBDD1,84236.0,Amp5,5.31
X-2880,RHD,6007.0,Del0.8,0.52
X-2880,RHOBTB3,22836.0,Amp5,6.41
X-2880,RIN3,79890.0,MutNovel,"G967-,0.583"
X-2880,RIPK1,8737.0,MutNovel,"A569V,0.500"
X-2880,RIPK1,8737.0,MutNovel,"S610F,0.420"
X-2880,RLN1,6013.0,Del0.8,0.71
X-2880,RLN2,6019.0,Del0.8,0.71
X-2880,RNF139,11236.0,Amp5,5.9
X-2880,RNF170,81790.0,Amp8,9.25
X-2880,RNF186,54546.0,Del0.8,0.79
X-2880,RNF5P1,286140.0,Amp5,7.62
X-2880,RNMTL1,55178.0,Del0.8,0.71
X-2880,RPL37,6167.0,Amp5,5.9
X-2880,RPS4Y1,6192.0,Del0.8,0.38
X-2880,RPS4Y2,140032.0,Del0.8,0.19
X-2880,RPS6,6194.0,Del0.8,0.71
X-2880,RRAGA,10670.0,Del0.8,0.71
X-2880,RRM2B,50484.0,Amp5,5.1
X-2880,RUFY1,80230.0,MutKnownFunctional,"R368*,0.403"
X-2880,RXFP3,51289.0,Amp5,5.86
X-2880,SAMD12,401474.0,Amp5,5.06
X-2880,SAMD12-AS1,552860.0,Amp5,5.06
X-2880,SAMHD1,25939.0,Amp5,5.21
X-2880,SAT1,6303.0,Amp5,5.13
X-2880,SBF2,81846.0,MutNovel,"R356Q,1.000"
X-2880,SCARNA7,677767.0,Amp5,7.36
X-2880,SCARNA8,677776.0,Del0.8,0.71
X-2880,SCN9A,6335.0,MutNovel,"I1901M,0.750"
X-2880,SEL1L3,23231.0,Del0.8,0.68
X-2880,SEPP1,6414.0,Amp5,7.89
X-2880,SEPSECS,51091.0,Del0.8,0.67
X-2880,SERINC2,347735.0,MutNovel,"-373Q,0.688"
X-2880,SERINC3,10955.0,Amp5,5.1
X-2880,SERPINE2,5270.0,Amp5,5.31
X-2880,SFRP1,6422.0,Amp5,6.96
X-2880,SGK196,84197.0,Amp8,9.25
X-2880,SH2D5,400745.0,Del0.8,0.7
X-2880,SH3GL2,6456.0,Del0.8,0.71
X-2880,SHB,6461.0,Del0.8,0.75
X-2880,SHISA3,152573.0,Del0.8,0.67
X-2880,SI,6476.0,Amp5,7.62
X-2880,SIDT1,54847.0,Amp5,6.77
X-2880,SLA,6503.0,Amp5,5.58
X-2880,SLC19A3,80704.0,Amp5,5.31
X-2880,SLC1A1,6505.0,Del0.8,0.7
X-2880,SLC20A2,6575.0,Amp8,9.25
X-2880,SLC24A2,25769.0,Del0.8,0.71
X-2880,SLC25A1,6576.0,MutNovel,"A5V,0.357"
X-2880,SLC25A30,253512.0,MutNovel,"M76I,0.333"
X-2880,SLC26A1,10861.0,MutNovel,"L359V,0.800"
X-2880,SLC26A6,65010.0,MutNovel,"A273P,0.702"
X-2880,SLC2A4,6517.0,MutNovel,"R282H,1.000"
X-2880,SLC30A8,169026.0,Amp5,5.06
X-2880,SLC30A9,10463.0,Del0.8,0.67
X-2880,SLC34A2,10568.0,Del0.8,0.69
X-2880,SLC45A2,51151.0,Amp5,5.86
X-2880,SLC45A4,57210.0,Amp5,5.58
X-2880,SLCO3A1,28232.0,Amp5,5.7
X-2880,SLCO4C1,353189.0,Amp5,7.31
X-2880,SLCO6A1,133482.0,Amp5,7.31
X-2880,SLITRK3,22865.0,Amp5,7.62
X-2880,SMARCA2,6595.0,Del0.8,0.73
X-2880,SMARCAL1,50485.0,MutNovel,"G239R,0.203"
X-2880,SMEK3P,139420.0,Amp5,5.46
X-2880,SMPX,23676.0,Amp5,5.24
X-2880,SMS,6611.0,Amp5,6.77
X-2880,SNAPC3,6619.0,Del0.8,0.71
X-2880,SNORD72,619564.0,Amp5,5.9
X-2880,SNRNP25,79622.0,Del0.8,0.66
X-2880,SNRPA1,6627.0,Amp5,5.66
X-2880,SNTB1,6641.0,Amp5,5.31
X-2880,SNX4,8723.0,Amp5,7.46
X-2880,SOCS6,9306.0,MutNovel,"S421T,0.615"
X-2880,SOD3,6649.0,Del0.8,0.67
X-2880,SPATA8,145946.0,Amp5,5.66
X-2880,SPCS1,28972.0,MutNovel,"L25P,0.351"
X-2880,SPEN,23013.0,MutNovel,"A1321T,0.731"
X-2880,SPICE1,152185.0,Amp5,6.77
X-2880,SPTSSB,165679.0,Amp5,7.36
X-2880,SQLE,6713.0,Amp5,5.9
X-2880,SRGAP2,23380.0,MutNovel,"T44R,0.308"
X-2880,SRY,6736.0,Del0.8,0.38
X-2880,ST3GAL1,6482.0,Amp5,5.58
X-2880,ST8SIA2,8128.0,Amp5,5.66
X-2880,ST8SIA4,7903.0,Amp5,7.31
X-2880,STAR,6770.0,Amp5,5.82
X-2880,STIM2,57620.0,Del0.8,0.65
X-2880,STS,412.0,Amp5,5.86
X-2880,SUPT3H,8464.0,MutNovel,"M33V,0.407"
X-2880,SV2B,9899.0,Amp5,5.7
X-2880,SYNM,23336.0,Amp5,5.66
X-2880,TACC1,6867.0,Amp5,7.62
X-2880,TAF1L,138474.0,Del0.8,0.72
X-2880,TAF2,6873.0,Amp5,5.31
X-2880,TARDBP,23435.0,MutNovel,"S347P,0.344"
X-2880,TARS,6897.0,Amp5,5.86
X-2880,TARSL2,123283.0,Amp5,5.66
X-2880,TAS1R2,80834.0,Del0.8,0.78
X-2880,TATDN1,83940.0,Amp5,5.9
X-2880,TBC1D19,55296.0,Del0.8,0.68
X-2880,TBL1Y,90665.0,Del0.8,0.21
X-2880,TBP,6908.0,MutNovel,"-64Q,0.326"
X-2880,TEK,7010.0,Del0.8,0.73
X-2880,TFIP11,24144.0,MutNovel,"R70Q,0.338"
X-2880,TG,7038.0,Amp5,5.58
X-2880,TGIF2LY,90655.0,Del0.8,0.38
X-2880,THAP1,55145.0,Amp8,9.25
X-2880,TINAGL1,64129.0,MutNovel,"P101L,0.667"
X-2880,TJAP1,93643.0,MutNovel,"R444L,0.545"
X-2880,TLL2,7093.0,MutNovel,"T142S,1.000"
X-2880,TLR7,51284.0,Amp5,5.7
X-2880,TLR8,51311.0,Amp5,5.7
X-2880,TLR8-AS1,349408.0,Amp5,5.7
X-2880,TM2D2,83877.0,Amp5,7.62
X-2880,TM2D3,80213.0,Amp5,5.66
X-2880,TM4SF20,79853.0,Amp5,5.31
X-2880,TMCO4,255104.0,Del0.8,0.67
X-2880,TMEM161B,153396.0,Amp5,6.02
X-2880,TMEM194B,100131211.0,MutNovel,"L164V,0.273"
X-2880,TMEM215,401498.0,Del0.8,0.72
X-2880,TMEM33,55161.0,Del0.8,0.67
X-2880,TMEM65,157378.0,Amp5,5.9
X-2880,TMEM71,137835.0,Amp5,5.58
X-2880,TMEM8A,58986.0,Del0.8,0.73
X-2880,TMSB4X,7114.0,Amp5,5.7
X-2880,TMSB4Y,9087.0,Del0.8,0.21
X-2880,TNFRSF11B,4982.0,Amp5,5.06
X-2880,TNRC6B,23112.0,MutNovel,"M993T,1.000"
X-2880,TOPORS,10210.0,Del0.8,0.72
X-2880,TPD52L3,89882.0,Del0.8,0.67
X-2880,TRAPPC9,83696.0,Amp5,5.58
X-2880,TRIB1,10221.0,Amp5,5.9
X-2880,TRIM43B,653192.0,MutNovel,"D136H,0.500"
X-2880,TRMT12,55039.0,Amp5,5.9
X-2880,TSPY1,7258.0,Del0.8,0.21
X-2880,TSPY2,64591.0,Del0.8,0.21
X-2880,TSPY3,728137.0,Del0.8,0.21
X-2880,TSPY4,728395.0,Del0.8,0.21
X-2880,TSPY8,728403.0,Del0.8,0.21
X-2880,TSPYL1,7259.0,MutNovel,"V176VW,0.901"
X-2880,TTC23,64927.0,Amp5,5.66
X-2880,TTC33,23548.0,Amp5,5.9
X-2880,TTC39B,158219.0,Del0.8,0.71
X-2880,TTTY10,246119.0,Del0.8,0.19
X-2880,TTTY11,83866.0,Del0.8,0.21
X-2880,TTTY12,83867.0,Del0.8,0.21
X-2880,TTTY13,83868.0,Del0.8,0.19
X-2880,TTTY14,83869.0,Del0.8,0.19
X-2880,TTTY15,64595.0,Del0.8,0.21
X-2880,TTTY16,252948.0,Del0.8,0.21
X-2880,TTTY17A,252949.0,Del0.8,0.28
X-2880,TTTY17A,252949.0,Del0.8,0.12
X-2880,TTTY18,252950.0,Del0.8,0.21
X-2880,TTTY19,252952.0,Del0.8,0.21
X-2880,TTTY1B,100101116.0,Del0.8,0.21
X-2880,TTTY1B,100101116.0,Del0.8,0.21
X-2880,TTTY2,60439.0,Del0.8,0.21
X-2880,TTTY2,60439.0,Del0.8,0.21
X-2880,TTTY20,252951.0,Del0.8,0.21
X-2880,TTTY21,252953.0,Del0.8,0.21
X-2880,TTTY21,252953.0,Del0.8,0.21
X-2880,TTTY22,252954.0,Del0.8,0.21
X-2880,TTTY23,252955.0,Del0.8,0.21
X-2880,TTTY23,252955.0,Del0.8,0.21
X-2880,TTTY3,114760.0,Del0.8,0.19
X-2880,TTTY3,114760.0,Del0.8,0.12
X-2880,TTTY4,114761.0,Del0.8,0.07
X-2880,TTTY4,114761.0,Del0.8,0.12
X-2880,TTTY5,83863.0,Del0.8,0.19
X-2880,TTTY6,84672.0,Del0.8,0.19
X-2880,TTTY6,84672.0,Del0.8,0.19
X-2880,TTTY7,246122.0,Del0.8,0.21
X-2880,TTTY7,246122.0,Del0.8,0.21
X-2880,TTTY7B,100101120.0,Del0.8,0.21
X-2880,TTTY7B,100101120.0,Del0.8,0.21
X-2880,TTTY8,84673.0,Del0.8,0.21
X-2880,TTTY8,84673.0,Del0.8,0.21
X-2880,TTTY9A,83864.0,Del0.8,0.21
X-2880,TTTY9A,83864.0,Del0.8,0.08
X-2880,TUSC1,286319.0,Del0.8,0.73
X-2880,TXLNG2P,246126.0,Del0.8,0.19
X-2880,TYRP1,7306.0,Del0.8,0.72
X-2880,UBR2,23304.0,MutNovel,"Y39S,0.684"
X-2880,UBR4,23352.0,Del0.8,0.78
X-2880,UBXN10,127733.0,Del0.8,0.79
X-2880,UHRF2,115426.0,Del0.8,0.67
X-2880,UNC45A,55898.0,Amp5,5.7
X-2880,UNC5D,137970.0,Amp5,7.11
X-2880,USP36,57602.0,MutNovel,"KKK958K,0.717"
X-2880,USP48,84196.0,Del0.8,0.75
X-2880,USP9Y,8287.0,Del0.8,0.21
X-2880,UTP23,84294.0,Amp5,5.06
X-2880,UTY,7404.0,Del0.8,0.21
X-2880,VCX,26609.0,Amp5,5.86
X-2880,VCX3A,51481.0,Amp5,5.9
X-2880,VCX3B,425054.0,MutNovel,"V180L,0.333"
X-2880,VCY,9084.0,Del0.8,0.21
X-2880,VCY,9084.0,Del0.8,0.21
X-2880,VDAC3,7419.0,Amp8,9.25
X-2880,VGLL3,389136.0,Amp8,8.51
X-2880,VHL,7428.0,MutNovel,"P25L,0.368"
X-2880,VLDLR,7436.0,Del0.8,0.73
X-2880,VPS33B,26276.0,Amp5,5.7
X-2880,VWA5B1,127731.0,Del0.8,0.79
X-2880,WASF2,10163.0,MutNovel,"PP399P,0.706"
X-2880,WDFY1,57590.0,Amp5,5.31
X-2880,WDR12,55759.0,MutNovel,"T339M,0.239"
X-2880,WDR37,22884.0,Del0.8,0.72
X-2880,WDR52,55779.0,Amp5,6.77
X-2880,WDR67,93594.0,Amp5,5.9
X-2880,WDR92,116143.0,Amp5,6.06
X-2880,WDYHV1,55093.0,Amp5,5.9
X-2880,WHSC1L1,54904.0,Amp8,9.32
X-2880,WISP1,8840.0,Amp5,5.58
X-2880,WWC3,55841.0,Amp5,5.46
X-2880,XK,7504.0,Amp5,5.39
X-2880,XKRY2,353515.0,Del0.8,0.21
X-2880,XKRY2,353515.0,Del0.8,0.21
X-2880,YY2,404281.0,Amp5,6.77
X-2880,ZBTB40,9923.0,Del0.8,0.75
X-2880,ZC3H12C,85463.0,Amp5,6.11
X-2880,ZCCHC4,29063.0,Del0.8,0.69
X-2880,ZDHHC11,79844.0,MutNovel,"A303D,0.750"
X-2880,ZDHHC21,340481.0,Del0.8,0.71
X-2880,ZFAT,57623.0,Amp5,5.58
X-2880,ZFAT-AS1,594840.0,Amp5,5.58
X-2880,ZFR,51663.0,Amp5,5.24
X-2880,ZFX,7543.0,Amp5,5.13
X-2880,ZFY,7544.0,Del0.8,0.38
X-2880,ZHX1,11244.0,Amp5,5.9
X-2880,ZHX1-C8ORF76,100533106.0,Amp5,5.9
X-2880,ZHX2,22882.0,Amp5,5.9
X-2880,ZIC4,84107.0,MutNovel,"N68S,0.311"
X-2880,ZMAT4,79698.0,Amp5,6.06
X-2880,ZMYND10,51364.0,MutNovel,"Q350K,0.500"
X-2880,ZMYND11,10771.0,Del0.8,0.72
X-2880,ZMYND8,23613.0,Amp5,5.54
X-2880,ZNF131,7690.0,Amp5,6.06
X-2880,ZNF148,7707.0,Amp5,5.66
X-2880,ZNF154,7710.0,MutNovel,"W25R,1.000"
X-2880,ZNF217,7764.0,Amp5,5.46
X-2880,ZNF326,284695.0,Del0.8,0.68
X-2880,ZNF345,25850.0,Amp5,5.21
X-2880,ZNF384,171017.0,MutNovel,"QQ514Q,0.388"
X-2880,ZNF418,147686.0,MutNovel,"S122I,0.900"
X-2880,ZNF568,374900.0,Amp5,5.21
X-2880,ZNF572,137209.0,Amp5,5.9
X-2880,ZNF587,84914.0,MutNovel,"S530A,0.556"
X-2880,ZNF607,84775.0,MutNovel,"G485D,0.216"
X-2880,ZNF644,84146.0,Del0.8,0.64
X-2880,ZNF645,158506.0,Amp5,6.77
X-2880,ZNF703,80139.0,Amp5,5.82
X-2880,ZNF790,388536.0,Amp5,5.21
X-2880,ZNF829,374899.0,Amp5,5.21
X-2914,61E3.4,,MutNovel,"E150K,0.253"
X-2914,AATK,9625.0,MutNovel,"P1331PRP,0.338"
X-2914,ABCC11,85320.0,MutNovel,"R1233T,1.000"
X-2914,ACLY,47.0,MutNovel,"R1078M,0.514"
X-2914,ADIPOR2,79602.0,MutNovel,"P15A,0.314"
X-2914,ADSL,158.0,MutNovel,"R83C,0.494"
X-2914,AGAP11,119385.0,MutNovel,"L158F,0.350"
X-2914,AGAP4,119016.0,MutNovel,"S87N,0.714"
X-2914,AGAP7,653268.0,MutNovel,"R494G,0.750"
X-2914,AHNAK2,113146.0,MutNovel,"L712S,1.000"
X-2914,AKAP17A,8227.0,MutNovel,"G1615A,0.422"
X-2914,ALG1L2,644974.0,MutNovel,"R191G,1.000"
X-2914,AMELY,266.0,Del0.8,0.15
X-2914,ANKRD30A,91074.0,Amp5,5.66
X-2914,ANKRD62,,MutNovel,"I506T,1.000"
X-2914,ANKRD62,,MutNovel,"N547T,1.000"
X-2914,ANKRD62,,MutNovel,"R553K,1.000"
X-2914,APC,324.0,MutNovel,"S26R,0.500"
X-2914,APC,324.0,MutNovel,"K1454E,0.276"
X-2914,AQP12B,653437.0,MutNovel,"T129M,0.306"
X-2914,ARMC3,219681.0,MutNovel,"A138S,1.000"
X-2914,ASMTL,8623.0,MutNovel,"R777Q,0.692"
X-2914,ASXL1,171023.0,MutKnownFunctional,"-594,0.311"
X-2914,ATAD3B,83858.0,MutNovel,"S216A,0.218"
X-2914,ATAD3C,219293.0,MutNovel,"A199T,0.667"
X-2914,ATM,472.0,MutNovel,"R2832C,0.448"
X-2914,BAZ2A,11176.0,MutNovel,"S1750L,0.669"
X-2914,BCL6,604.0,MutNovel,"P80S,0.317"
X-2914,BCORL1,63035.0,MutNovel,"-320PV,0.794"
X-2914,BCORP1,286554.0,Del0.8,0.15
X-2914,BLZF1,8548.0,MutNovel,"R241C,0.689"
X-2914,BPY2B,442867.0,Del0.8,0.05
X-2914,BPY2B,442867.0,Del0.8,0.09
X-2914,C10orf108,414235.0,Del0.8,0.11
X-2914,C14orf80,283643.0,MutNovel,"P65L,0.377"
X-2914,C16orf74,404550.0,MutNovel,"SSS19-,0.278"
X-2914,C17orf96,100170841.0,MutNovel,"G117R,0.435"
X-2914,C6orf1,221491.0,MutKnownFunctional,"-113?,0.505"
X-2914,C6orf132,647024.0,MutNovel,"A414V,0.615"
X-2914,C6orf163,206412.0,MutNovel,"G259W,0.524"
X-2914,C7orf26,79034.0,MutNovel,"P38S,0.582"
X-2914,C8orf58,541565.0,MutNovel,"W246G,0.404"
X-2914,CABLES2,81928.0,MutNovel,"A188V,0.413"
X-2914,CARD9,64170.0,MutNovel,"F465L,0.656"
X-2914,CATSPER2,117155.0,MutNovel,"I124V,0.500"
X-2914,CCDC144A,9720.0,MutNovel,"P1333S,0.333"
X-2914,CCDC85B,11007.0,MutNovel,"G156V,0.450"
X-2914,CCNB3,85417.0,MutNovel,"V1186M,1.000"
X-2914,CCNY,219771.0,Amp5,5.66
X-2914,CDH26,60437.0,MutKnownFunctional,"-504?,0.281"
X-2914,CDT1,81620.0,MutNovel,"T44P,0.650"
X-2914,CDY1B,253175.0,Del0.8,0.15
X-2914,CDY1B,253175.0,Del0.8,0.12
X-2914,CDY2A,9426.0,Del0.8,0.15
X-2914,CDY2A,9426.0,Del0.8,0.15
X-2914,CDY2B,203611.0,Del0.8,0.15
X-2914,CDY2B,203611.0,Del0.8,0.15
X-2914,CEBPA,1050.0,MutNovel,"P231L,0.538"
X-2914,CEP164,22897.0,MutNovel,"T335A,0.358"
X-2914,CEP192,55125.0,MutNovel,"L111F,0.633"
X-2914,CHERP,10523.0,MutNovel,"QQQ334Q,0.304"
X-2914,CHMP2B,25978.0,MutNovel,"K72Q,0.469"
X-2914,CLSTN1,22883.0,MutNovel,"R778Q,0.500"
X-2914,CNOT2,4848.0,MutNovel,"G115R,0.434"
X-2914,CNTNAP3B,728577.0,MutNovel,"F312S,1.000"
X-2914,COL4A3BP,10087.0,MutNovel,"G124C,0.577"
X-2914,CRELD2,79174.0,MutNovel,"P13S,0.763"
X-2914,CREM,1390.0,Amp5,5.66
X-2914,CRLF1,9244.0,MutNovel,"LL25L,0.400"
X-2914,CSPG4P1Y,114758.0,Del0.8,0.12
X-2914,CSPG4P1Y,114758.0,Del0.8,0.15
X-2914,CTR9,9646.0,MutNovel,"S1151L,0.310"
X-2914,CTSA,5476.0,MutNovel,"L29-,0.882"
X-2914,CUL2,8453.0,Amp5,5.66
X-2914,DACH1,1602.0,MutNovel,"GG82-,0.357"
X-2914,DAZ1,1617.0,Del0.8,0.15
X-2914,DAZ2,57055.0,Del0.8,0.1
X-2914,DAZ3,57054.0,Del0.8,0.09
X-2914,DAZ3,57054.0,Del0.8,0.05
X-2914,DAZ4,57135.0,Del0.8,0.07
X-2914,DAZ4,57135.0,Del0.8,0.1
X-2914,DAZAP2,9802.0,MutNovel,"L149F,0.209"
X-2914,DDX11,1663.0,MutNovel,"A347D,0.568"
X-2914,DDX3Y,8653.0,Del0.8,0.15
X-2914,DHRSX,207063.0,MutNovel,"K988I,0.833"
X-2914,DHRSX,207063.0,MutNovel,"P802S,0.574"
X-2914,DHRSX,207063.0,MutNovel,"R577H,0.612"
X-2914,DHTKD1,55526.0,Amp8,8.17
X-2914,DIP2C,22982.0,Del0.8,0.17
X-2914,DNHD1,144132.0,MutNovel,"L2987P,0.500"
X-2914,DNLZ,728489.0,MutNovel,"T4P,0.677"
X-2914,DNTTIP2,30836.0,MutNovel,"EE521E,0.419"
X-2914,EFCAB4A,283229.0,MutNovel,"R264C,0.654"
X-2914,EFCAB6,64800.0,MutNovel,"I761T,0.714"
X-2914,EFHD1,80303.0,MutNovel,"A31V,0.440"
X-2914,EGFL6,25975.0,MutNovel,"L508F,1.000"
X-2914,EID2,163126.0,MutNovel,"P54R,0.452"
X-2914,EIF1AY,9086.0,Del0.8,0.15
X-2914,EML2,24139.0,MutNovel,"M234I,0.309"
X-2914,EPCAM,4072.0,MutNovel,"M115T,0.334"
X-2914,ERI2,112479.0,MutNovel,"T70I,0.625"
X-2914,EXT1,2131.0,MutNovel,"P476S,0.509"
X-2914,FAM190A,401145.0,MutNovel,"IE482I,0.458"
X-2914,FAM193A,8603.0,MutNovel,"V298A,0.464"
X-2914,FAM197Y2P,252946.0,Del0.8,0.15
X-2914,FAM220A,,MutKnownFunctional,"-88,0.434"
X-2914,FAM35A,54537.0,MutNovel,"E544K,0.422"
X-2914,FAM41AY1,340618.0,Del0.8,0.15
X-2914,FAM41AY1,340618.0,Del0.8,0.15
X-2914,FAM82A1,151393.0,MutNovel,"N141Y,0.396"
X-2914,FAM86B2,653333.0,MutNovel,"R285S,0.711"
X-2914,FCGBP,8857.0,MutNovel,"T1949I,1.000"
X-2914,FDX1L,112812.0,MutNovel,"G8E,0.889"
X-2914,FER1L6,654463.0,MutNovel,"L238S,0.600"
X-2914,FIZ1,84922.0,MutNovel,"V302L,0.477"
X-2914,FOLH1,2346.0,MutNovel,"LH5H,1.000"
X-2914,FOXD2,2306.0,MutNovel,"A331G,0.458"
X-2914,FSIP2,401024.0,MutNovel,"K467E,0.545"
X-2914,FUK,197258.0,MutNovel,"P116S,0.456"
X-2914,FUS,2521.0,MutNovel,"-223G,0.206"
X-2914,FZD8,8325.0,Amp5,5.66
X-2914,GIGYF2,26058.0,MutNovel,"PQ1231P,0.231"
X-2914,GJD4,219770.0,Amp5,5.66
X-2914,GLIS3,169792.0,MutNovel,"M8I,0.769"
X-2914,GOLGA2,2801.0,MutNovel,"EEA714A,0.395"
X-2914,GOLGA2,2801.0,MutNovel,"E710D,0.212"
X-2914,GOLGA2P2Y,84559.0,Del0.8,0.15
X-2914,GOLGA2P2Y,84559.0,Del0.8,0.12
X-2914,GOLGA6L10,647042.0,MutNovel,"L347M,0.600"
X-2914,GOLGA8B,440270.0,MutNovel,"R81W,0.288"
X-2914,GON4L,54856.0,MutNovel,"R1592C,0.385"
X-2914,GPR116,221395.0,MutNovel,"N1315S,0.600"
X-2914,GPR116,221395.0,MutKnownFunctional,"W1269*,0.667"
X-2914,GPR116,221395.0,MutNovel,"I1262S,0.500"
X-2914,GPR137C,283554.0,MutNovel,"S27G,1.000"
X-2914,GPRIN1,114787.0,MutNovel,"A622V,0.536"
X-2914,GRB7,2886.0,MutNovel,"V298M,0.466"
X-2914,GRID2IP,392862.0,MutNovel,"P753L,0.857"
X-2914,GYG2P1,352887.0,Del0.8,0.15
X-2914,HEATR7A,727957.0,MutNovel,"R1100H,0.750"
X-2914,HIST1H4E,8367.0,MutNovel,"R79C,0.462"
X-2914,HLA-C,3107.0,MutNovel,"EW190DG,0.451"
X-2914,HLA-DPB1,3115.0,MutNovel,"G113V,0.800"
X-2914,HLA-DRB5,3127.0,MutNovel,"A87E,0.429"
X-2914,HLA-G,3135.0,MutNovel,"F10V,1.000"
X-2914,HMGXB3,22993.0,MutNovel,"P601S,0.471"
X-2914,HOXA10,3206.0,MutNovel,"P122S,0.292"
X-2914,HSFY2,159119.0,Del0.8,0.15
X-2914,HSFY2,159119.0,Del0.8,0.15
X-2914,HSPG2,3339.0,MutNovel,"C816F,0.371"
X-2914,INTS1,26173.0,MutNovel,"K370R,0.683"
X-2914,IRS2,8660.0,MutNovel,"N28KT,0.263"
X-2914,ITPKB,3707.0,MutNovel,"E198K,0.291"
X-2914,KAT5,10524.0,MutNovel,"A209T,0.419"
X-2914,KDM5D,8284.0,Del0.8,0.15
X-2914,KIAA0586,9786.0,MutNovel,"P1109A,0.450"
X-2914,KIAA1217,56243.0,MutNovel,"A1626T,0.235"
X-2914,KIF20B,9585.0,MutNovel,"L1062LKV,0.410"
X-2914,KIF3C,3797.0,MutNovel,"G283S,0.714"
X-2914,KLF14,136259.0,MutNovel,"H47P,1.000"
X-2914,KRAS,3845.0,MutKnownFunctional,"G12D,0.653"
X-2914,KRBA1,84626.0,MutNovel,"G222W,0.315"
X-2914,KRT81,3887.0,MutNovel,"A462V,0.625"
X-2914,LAD1,3898.0,MutNovel,"L161F,0.316"
X-2914,LAMA5,3911.0,MutNovel,"PARG69P,0.420"
X-2914,LARP4B,23185.0,Del0.8,0.28
X-2914,LCE3C,353144.0,Del0.8,0.15
X-2914,LGALS1,3956.0,MutNovel,"D27A,0.625"
X-2914,LOC100129520,100129520.0,MutNovel,"K938N,1.000"
X-2914,LOC100130451,100130451.0,MutNovel,"A61T,1.000"
X-2914,LOC100130705,100130705.0,MutNovel,"P142L,0.526"
X-2914,LOC100132247,100132247.0,MutNovel,"FHPQL595F,0.231"
X-2914,LOC100132859,,MutNovel,"Q119E,0.400"
X-2914,LOC100287482,100287482.0,MutNovel,"A39T,0.293"
X-2914,LOC100507607,,MutNovel,"V538A,1.000"
X-2914,LOC100507656,,MutNovel,"S620N,0.571"
X-2914,LOC100996439,,MutNovel,"D551H,1.000"
X-2914,LOC256021,,MutNovel,"M76V,0.714"
X-2914,LOC653125,,MutNovel,"D491H,0.769"
X-2914,LOC728047,,MutNovel,"C488G,0.786"
X-2914,LOC728734,,MutNovel,"V421A,1.000"
X-2914,LPCAT3,10162.0,MutNovel,"L361I,0.321"
X-2914,LRIF1,55791.0,MutNovel,"T331I,1.000"
X-2914,LRRC39,127495.0,MutNovel,"EE295E,0.286"
X-2914,LRRC4C,57689.0,MutNovel,"E502K,0.615"
X-2914,LSR,51599.0,MutNovel,"G518GR,0.427"
X-2914,LZTR1,8216.0,MutKnownFunctional,"E431*,0.481"
X-2914,MAP3K4,4216.0,MutNovel,"PA1189P,0.438"
X-2914,MASTL,84930.0,MutNovel,"N505I,1.000"
X-2914,MCM9,254394.0,MutNovel,"P1075S,0.525"
X-2914,MCOLN3,55283.0,MutNovel,"D237E,0.568"
X-2914,MDM1,56890.0,MutNovel,"S29F,0.429"
X-2914,MEF2A,4205.0,MutNovel,"-412QQ,0.208"
X-2914,MEOX2,4223.0,MutNovel,"HH76H,0.444"
X-2914,MGP,4256.0,MutNovel,"E81G,0.525"
X-2914,MIB2,142678.0,MutNovel,"A1002G,0.487"
X-2914,MMEL1,79258.0,MutNovel,"A392S,0.636"
X-2914,MPRIP,23164.0,MutNovel,"TS178T,0.485"
X-2914,MTFMT,123263.0,MutNovel,"R266C,0.369"
X-2914,MTRNR2L7,100288485.0,Amp5,5.66
X-2914,MUC20,200958.0,MutNovel,"F12-,0.355"
X-2914,MUC20,200958.0,MutNovel,"P231L,0.295"
X-2914,MUC20,200958.0,MutNovel,"T276M,0.444"
X-2914,MUC4,4585.0,MutNovel,"L4065I,0.778"
X-2914,MUC4,4585.0,MutNovel,"HA3997QT,0.667"
X-2914,MUC4,4585.0,MutNovel,"A2569L,1.000"
X-2914,MUC4,4585.0,MutNovel,"P1120T,0.545"
X-2914,MXRA5,25878.0,MutNovel,"G250S,1.000"
X-2914,MXRA8,54587.0,MutNovel,"R71H,0.650"
X-2914,MYEOV,26579.0,MutNovel,"V128M,0.360"
X-2914,MYO7B,4648.0,MutNovel,"R1758Q,0.667"
X-2914,MYO9A,4649.0,MutNovel,"R2525K,0.396"
X-2914,NADK,65220.0,MutNovel,"T113I,0.429"
X-2914,NAGPA,51172.0,MutNovel,"G508A,0.434"
X-2914,NAIP,4671.0,MutKnownFunctional,"-419,0.350"
X-2914,NBPF10,100132406.0,MutNovel,"P1272R,0.625"
X-2914,NBPF14,25832.0,MutNovel,"P873T,0.245"
X-2914,NBPF14,25832.0,MutNovel,"S844G,0.429"
X-2914,NBPF14,25832.0,MutNovel,"S524N,0.444"
X-2914,NBPF14,25832.0,MutNovel,"D74N,0.600"
X-2914,NBPF14,25832.0,MutNovel,"R41K,0.375"
X-2914,NBPF9,400818.0,MutNovel,"H337R,0.227"
X-2914,NBPF9,400818.0,MutNovel,"V346M,0.211"
X-2914,NCOA3,8202.0,MutNovel,"Q1264-,0.400"
X-2914,NCOR2,9612.0,MutNovel,"G1839GAAA,0.316"
X-2914,NCRNA00185,55410.0,Del0.8,0.15
X-2914,NETO2,81831.0,MutNovel,"A431T,0.250"
X-2914,NLGN4Y,22829.0,Del0.8,0.15
X-2914,NPIPL2,,MutNovel,"A340V,0.219"
X-2914,NR1H2,7376.0,MutNovel,"-173Q,0.764"
X-2914,NUP62,23636.0,MutNovel,"A465T,0.535"
X-2914,ODZ4,26011.0,MutNovel,"A229T,0.727"
X-2914,OR52N1,79473.0,Del0.8,0.47
X-2914,OR52N5,390075.0,Del0.8,0.11
X-2914,ORAI1,84876.0,MutNovel,"PP43-,0.789"
X-2914,OSBP,5007.0,MutNovel,"A62S,0.500"
X-2914,OSBPL10,114884.0,MutNovel,"V611I,0.453"
X-2914,OXCT2,64064.0,MutNovel,"T499M,0.857"
X-2914,PABPC3,5042.0,MutKnownFunctional,"-336,0.500"
X-2914,PARK7,11315.0,MutNovel,"S85C,0.481"
X-2914,PCDH11Y,83259.0,Del0.8,0.27
X-2914,PCDHB8,56128.0,MutNovel,"S414C,0.500"
X-2914,PDE4DIP,9659.0,MutNovel,"P2341L,0.370"
X-2914,PDE4DIP,9659.0,MutNovel,"I1502L,0.333"
X-2914,PDE4DIP,9659.0,MutNovel,"I1498V,0.400"
X-2914,PDF,64146.0,MutNovel,"E91Q,0.593"
X-2914,PHLDA1,22822.0,MutNovel,"QQ194Q,0.533"
X-2914,PIDD,55367.0,MutKnownFunctional,"Q87*,0.550"
X-2914,PIK3R2,5296.0,MutNovel,"A233P,0.364"
X-2914,PKD1,5310.0,MutNovel,"D962H,0.219"
X-2914,PLXNA1,5361.0,MutNovel,"L1213F,0.492"
X-2914,POLL,27343.0,MutNovel,"T221R,0.400"
X-2914,POLRMT,5442.0,MutNovel,"-747TC,0.432"
X-2914,POTEF,728378.0,MutNovel,"T995A,1.000"
X-2914,POTEF,728378.0,MutNovel,"H896R,1.000"
X-2914,PPARD,5467.0,MutNovel,"R147Q,0.603"
X-2914,PRDM11,56981.0,MutNovel,"G1170R,0.509"
X-2914,PRKY,5616.0,Del0.8,0.15
X-2914,PRMT6,55170.0,MutNovel,"D334H,0.389"
X-2914,PRRC2B,84726.0,MutNovel,"G894R,0.497"
X-2914,PRRT4,401399.0,MutNovel,"P783L,0.300"
X-2914,PRY,9081.0,Del0.8,0.15
X-2914,PRY,9081.0,Del0.8,0.15
X-2914,PRY2,442862.0,Del0.8,0.15
X-2914,PRY2,442862.0,Del0.8,0.15
X-2914,RABL2A,11159.0,MutKnownFunctional,"-77,0.338"
X-2914,RASSF8,11228.0,MutNovel,"A274T,0.778"
X-2914,RBM10,8241.0,MutNovel,"S6P,1.000"
X-2914,RBMY1A3P,286557.0,Del0.8,0.15
X-2914,RBMY1B,378948.0,Del0.8,0.15
X-2914,RBMY1B,378948.0,Del0.8,0.15
X-2914,RBMY1E,378950.0,Del0.8,0.15
X-2914,RBMY1E,378950.0,Del0.8,0.15
X-2914,RBMY1F,159163.0,Del0.8,0.15
X-2914,RBMY1F,159163.0,Del0.8,0.15
X-2914,RBMY1J,378951.0,Del0.8,0.15
X-2914,RBMY1J,378951.0,Del0.8,0.15
X-2914,RBMY2EP,159125.0,Del0.8,0.15
X-2914,RBMY2FP,159162.0,Del0.8,0.15
X-2914,RBMY3AP,64593.0,Del0.8,0.15
X-2914,RECQL4,9401.0,MutNovel,"S92L,0.513"
X-2914,RIN3,79890.0,MutNovel,"G967-,0.545"
X-2914,RPAP1,26015.0,MutNovel,"D1225H,0.661"
X-2914,RPS4Y1,6192.0,Del0.8,0.27
X-2914,RPS4Y2,140032.0,Del0.8,0.15
X-2914,RSPH10B2,728194.0,MutNovel,"Y548C,0.800"
X-2914,SASS6,163786.0,MutNovel,"S298F,0.727"
X-2914,SDHAF2,54949.0,MutNovel,"R18G,0.383"
X-2914,SEC61A2,55176.0,Amp5,5.82
X-2914,SELO,83642.0,MutNovel,"A2V,0.538"
X-2914,SEMA3A,10371.0,MutNovel,"V458I,0.308"
X-2914,SERINC2,347735.0,MutNovel,"-373Q,0.765"
X-2914,SERPINB8,5271.0,MutNovel,"R342I,0.444"
X-2914,SHISA8,440829.0,MutNovel,"A320V,0.667"
X-2914,SLC3A2,6520.0,MutNovel,"I87T,0.308"
X-2914,SMARCA2,6595.0,MutNovel,"Q223K,0.462"
X-2914,SMPD4,55627.0,MutNovel,"R334G,0.223"
X-2914,SNRNP40,9410.0,MutNovel,"R265Q,0.493"
X-2914,SORBS2,8470.0,MutNovel,"P179L,0.523"
X-2914,SPEG,10290.0,MutNovel,"R1643L,1.000"
X-2914,SRY,6736.0,Del0.8,0.27
X-2914,SUCLA2,8803.0,MutNovel,"V13M,0.417"
X-2914,SULT1A4,445329.0,MutNovel,"M220V,1.000"
X-2914,SYNGR2,9144.0,MutNovel,"A28S,0.467"
X-2914,SYNGR2,9144.0,MutNovel,"A90V,0.454"
X-2914,TARS,6897.0,MutNovel,"R722H,0.514"
X-2914,TARSL2,123283.0,MutKnownFunctional,"Q469*,0.559"
X-2914,TBL1Y,90665.0,Del0.8,0.15
X-2914,TBP,6908.0,MutNovel,"-64Q,0.291"
X-2914,TERT,7015.0,MutNovel,"R446S,0.400"
X-2914,TGIF2LY,90655.0,Del0.8,0.27
X-2914,THEGL,,MutNovel,"R368H,1.000"
X-2914,TLK2,11011.0,MutNovel,"R262Q,0.290"
X-2914,TMEM117,84216.0,MutNovel,"V343M,0.690"
X-2914,TMEM238,388564.0,MutNovel,"A28V,0.395"
X-2914,TMEM9B,56674.0,MutNovel,"I146T,0.505"
X-2914,TMSB4Y,9087.0,Del0.8,0.15
X-2914,TOX4,9878.0,MutNovel,"-429A,0.332"
X-2914,TRIM16,10626.0,MutNovel,"S308L,0.520"
X-2914,TRIM17,51127.0,MutKnownFunctional,"-326?,0.536"
X-2914,TRIO,7204.0,MutNovel,"P2456L,0.388"
X-2914,TRIOBP,11078.0,MutNovel,"T501R,0.214"
X-2914,TSHZ3,57616.0,MutNovel,"T436S,1.000"
X-2914,TSPY1,7258.0,Del0.8,0.15
X-2914,TSPY2,64591.0,Del0.8,0.15
X-2914,TSPY3,728137.0,Del0.8,0.15
X-2914,TSPY4,728395.0,Del0.8,0.15
X-2914,TSPY8,728403.0,Del0.8,0.15
X-2914,TSPYL1,7259.0,MutNovel,"V176VW,0.887"
X-2914,TTC28,23331.0,MutNovel,"L832V,0.536"
X-2914,TTC30A,92104.0,MutNovel,"NR537KR,0.244"
X-2914,TTLL10,254173.0,MutNovel,"R610C,0.625"
X-2914,TTTY10,246119.0,Del0.8,0.15
X-2914,TTTY11,83866.0,Del0.8,0.15
X-2914,TTTY12,83867.0,Del0.8,0.15
X-2914,TTTY13,83868.0,Del0.8,0.15
X-2914,TTTY14,83869.0,Del0.8,0.15
X-2914,TTTY15,64595.0,Del0.8,0.15
X-2914,TTTY16,252948.0,Del0.8,0.15
X-2914,TTTY17A,252949.0,Del0.8,0.09
X-2914,TTTY17A,252949.0,Del0.8,0.12
X-2914,TTTY18,252950.0,Del0.8,0.15
X-2914,TTTY19,252952.0,Del0.8,0.15
X-2914,TTTY1B,100101116.0,Del0.8,0.15
X-2914,TTTY1B,100101116.0,Del0.8,0.15
X-2914,TTTY2,60439.0,Del0.8,0.15
X-2914,TTTY2,60439.0,Del0.8,0.15
X-2914,TTTY20,252951.0,Del0.8,0.15
X-2914,TTTY21,252953.0,Del0.8,0.15
X-2914,TTTY21,252953.0,Del0.8,0.15
X-2914,TTTY22,252954.0,Del0.8,0.15
X-2914,TTTY23,252955.0,Del0.8,0.15
X-2914,TTTY23,252955.0,Del0.8,0.15
X-2914,TTTY3,114760.0,Del0.8,0.15
X-2914,TTTY3,114760.0,Del0.8,0.12
X-2914,TTTY4,114761.0,Del0.8,0.09
X-2914,TTTY4,114761.0,Del0.8,0.05
X-2914,TTTY5,83863.0,Del0.8,0.15
X-2914,TTTY6,84672.0,Del0.8,0.15
X-2914,TTTY6,84672.0,Del0.8,0.15
X-2914,TTTY7,246122.0,Del0.8,0.15
X-2914,TTTY7,246122.0,Del0.8,0.15
X-2914,TTTY7B,100101120.0,Del0.8,0.15
X-2914,TTTY7B,100101120.0,Del0.8,0.15
X-2914,TTTY8,84673.0,Del0.8,0.15
X-2914,TTTY8,84673.0,Del0.8,0.15
X-2914,TTTY9A,83864.0,Del0.8,0.15
X-2914,TTTY9A,83864.0,Del0.8,0.15
X-2914,TUBB8,347688.0,MutNovel,"Q134H,0.714"
X-2914,TUBB8,347688.0,Del0.8,0.76
X-2914,TXLNG2P,246126.0,Del0.8,0.15
X-2914,UAP1L1,91373.0,MutNovel,"V79L,1.000"
X-2914,UBE2J2,118424.0,MutNovel,"W50C,1.000"
X-2914,UGT2B28,54490.0,Del0.8,0.23
X-2914,UPF2,26019.0,Amp5,5.82
X-2914,UPK3B,80761.0,MutNovel,"V101F,0.571"
X-2914,USP9Y,8287.0,Del0.8,0.15
X-2914,UTY,7404.0,Del0.8,0.15
X-2914,VCX,26609.0,MutNovel,"L164P,0.750"
X-2914,VCX3A,51481.0,MutNovel,"L154P,0.400"
X-2914,VCY,9084.0,Del0.8,0.15
X-2914,VCY,9084.0,Del0.8,0.15
X-2914,VKORC1,79001.0,MutNovel,"R35Q,0.465"
X-2914,VWF,7450.0,MutNovel,"C1879R,0.400"
X-2914,VWF,7450.0,MutNovel,"G1874R,0.353"
X-2914,VWF,7450.0,MutNovel,"R1853Q,0.263"
X-2914,WDR81,124997.0,MutNovel,"T623M,0.538"
X-2914,WDR83,84292.0,MutNovel,"V175M,0.525"
X-2914,WLS,79971.0,MutNovel,"L263F,0.437"
X-2914,XKRY2,353515.0,Del0.8,0.15
X-2914,XKRY2,353515.0,Del0.8,0.15
X-2914,XPC,7508.0,MutNovel,"R14G,0.412"
X-2914,ZC3HAV1,56829.0,MutNovel,"G453S,0.382"
X-2914,ZDHHC11,79844.0,MutNovel,"A303D,0.400"
X-2914,ZFP37,7539.0,MutKnownFunctional,"-161?,0.250"
X-2914,ZFY,7544.0,Del0.8,0.27
X-2914,ZKSCAN3,80317.0,MutNovel,"E56G,0.286"
X-2914,ZMYM6,9204.0,MutNovel,"A367E,0.500"
X-2914,ZMYND11,10771.0,Del0.8,0.14
X-2914,ZNF155,7711.0,MutKnownFunctional,"-322,0.447"
X-2914,ZNF248,57209.0,Amp5,5.66
X-2914,ZNF354A,6940.0,MutNovel,"-354P,0.409"
X-2914,ZNF438,220929.0,MutNovel,"V5I,0.283"
X-2914,ZNF439,90594.0,MutKnownFunctional,"-177,0.919"
X-2914,ZNF474,133923.0,MutKnownFunctional,"-317,1.000"
X-2914,ZNF598,90850.0,MutNovel,"S564G,0.479"
X-2914,ZNF600,162966.0,MutKnownFunctional,"-645,0.351"
X-2914,ZNF703,80139.0,MutNovel,"S505SA,0.305"
X-2914,ZRSR2,8233.0,MutNovel,"-439SR,0.220"
X-2983,A4GNT,51146.0,Amp5,6.02
X-2983,AADAC,13.0,Amp5,5.31
X-2983,AADACL2,344752.0,Amp5,5.31
X-2983,ABCA3,21.0,MutNovel,"D1465N,0.528"
X-2983,ABCB8,11194.0,MutNovel,"V111L,0.674"
X-2983,ABCF1,23.0,MutNovel,"G18R,0.386"
X-2983,ABHD15,116236.0,MutNovel,"K75Q,0.500"
X-2983,ACPL2,92370.0,Amp5,5.31
X-2983,ACTR3C,653857.0,MutNovel,"A21V,0.400"
X-2983,ADAMTS12,81792.0,Amp5,7.16
X-2983,ADAMTS16,170690.0,Amp5,7.06
X-2983,ADCY2,108.0,Amp5,7.06
X-2983,AGAP1,116987.0,MutNovel,"T213A,1.000"
X-2983,AGTR1,185.0,Amp5,5.31
X-2983,AGXT2,64902.0,Amp5,7.21
X-2983,AHNAK2,113146.0,MutNovel,"K3472R,0.253"
X-2983,AHNAK2,113146.0,MutNovel,"E3029Q,1.000"
X-2983,AHNAK2,113146.0,MutNovel,"S2042F,1.000"
X-2983,AHRR,57491.0,Amp5,6.59
X-2983,AKAP17A,8227.0,MutNovel,"A1531T,0.417"
X-2983,ALDH1L1,10840.0,MutNovel,"T209I,1.000"
X-2983,ALKBH8,91801.0,MutNovel,"P607R,0.471"
X-2983,AMACR,23600.0,Amp5,7.16
X-2983,AMELY,266.0,Del0.8,0.39
X-2983,ANKH,56172.0,Amp5,7.06
X-2983,ANKRD11,29123.0,MutNovel,"P2290S,0.542"
X-2983,ANKRD11,29123.0,MutNovel,"K1889E,0.409"
X-2983,ANKRD33B,651746.0,Amp5,7.06
X-2983,ANKRD52,283373.0,MutNovel,"H759Y,0.438"
X-2983,ANKUB1,389161.0,Amp5,5.31
X-2983,ARFGAP2,84364.0,MutNovel,"D346N,0.685"
X-2983,ARHGEF12,23365.0,MutNovel,"G735V,0.616"
X-2983,ARHGEF26,26084.0,Amp5,5.31
X-2983,ARHGEF26-AS1,100507524.0,Amp5,5.31
X-2983,ARID2,196528.0,MutNovel,"V1503I,0.481"
X-2983,ARL14,80117.0,Amp5,5.28
X-2983,ARMC8,25852.0,Amp5,6.02
X-2983,ART5,116969.0,MutNovel,"-25P,1.000"
X-2983,ASPM,259266.0,MutNovel,"A3185P,0.573"
X-2983,ASPM,259266.0,MutNovel,"G1837D,0.870"
X-2983,ATP1B3,483.0,Amp5,5.31
X-2983,ATP2B4,493.0,MutNovel,"D646N,0.620"
X-2983,ATP5B,506.0,MutNovel,"Y230F,0.527"
X-2983,ATR,545.0,MutNovel,"T64A,1.000"
X-2983,ATR,545.0,Amp5,5.31
X-2983,ATXN1,6310.0,MutNovel,"D714N,0.529"
X-2983,AVIL,10677.0,MutNovel,"K204E,0.333"
X-2983,B3GALNT1,8706.0,Amp5,5.28
X-2983,BASP1,10409.0,Amp5,7.06
X-2983,BCORP1,286554.0,Del0.8,0.39
X-2983,BORA,79866.0,MutNovel,"A377T,0.613"
X-2983,BPESC1,60467.0,Amp5,5.31
X-2983,BPY2B,442867.0,Del0.8,0.39
X-2983,BPY2B,442867.0,Del0.8,0.39
X-2983,BRIX1,55299.0,Amp5,7.21
X-2983,BTN3A1,11119.0,MutNovel,"I104T,0.889"
X-2983,BUD13,84811.0,MutNovel,"R35C,0.603"
X-2983,C10orf137,26098.0,MutNovel,"R862I,0.509"
X-2983,C18orf8,29919.0,MutNovel,"D5N,1.000"
X-2983,C1QTNF3,114899.0,Amp5,7.16
X-2983,C2orf65,130951.0,MutNovel,"FS49S,1.000"
X-2983,C3orf33,285315.0,Amp5,5.31
X-2983,C3orf55,152078.0,Amp5,5.31
X-2983,C3orf58,205428.0,Amp5,5.31
X-2983,C3orf72,401089.0,Amp5,6.02
X-2983,C3orf79,152118.0,Amp5,5.31
X-2983,C3orf80,401097.0,Amp5,5.28
X-2983,C5orf22,55322.0,Amp5,7.16
X-2983,C5orf28,64417.0,Amp5,7.21
X-2983,C5orf34,375444.0,Amp5,7.21
X-2983,C5orf38,153571.0,Amp5,7.06
X-2983,C5orf42,65250.0,Amp5,7.21
X-2983,C5orf49,134121.0,Amp5,7.06
X-2983,C5orf51,285636.0,Amp5,7.21
X-2983,C5orf55,116349.0,Amp5,6.59
X-2983,C6,729.0,Amp5,7.21
X-2983,C6orf223,221416.0,MutNovel,"-124AA,0.385"
X-2983,C7,730.0,Amp5,7.21
X-2983,C7orf10,79783.0,MutNovel,"G457R,1.000"
X-2983,C9,735.0,Amp5,7.21
X-2983,C9orf169,375791.0,MutNovel,"D2E,0.353"
X-2983,CAPN10,11132.0,MutNovel,"S351L,1.000"
X-2983,CAPSL,133690.0,Amp5,7.21
X-2983,CARD6,84674.0,Amp5,7.21
X-2983,CASKIN2,57513.0,MutNovel,"T939M,0.551"
X-2983,CBX2,84733.0,MutNovel,"M260V,1.000"
X-2983,CBX8,57332.0,MutNovel,"G325V,0.315"
X-2983,CCDC127,133957.0,Amp5,6.59
X-2983,CCDC152,100129792.0,Amp5,7.21
X-2983,CCDC170,,MutNovel,"R32P,1.000"
X-2983,CCL28,56477.0,Amp5,7.21
X-2983,CCNL1,57018.0,Amp5,5.31
X-2983,CCT5,22948.0,Amp5,7.06
X-2983,CD109,135228.0,MutNovel,"Y224C,0.583"
X-2983,CD109,135228.0,MutNovel,"I286T,1.000"
X-2983,CDC16,8881.0,Del0.8,0.71
X-2983,CDC25C,995.0,MutNovel,"G167A,0.524"
X-2983,CDC42EP4,23580.0,MutNovel,"P261S,0.530"
X-2983,CDH10,1008.0,Amp5,7.16
X-2983,CDH12,1010.0,Amp5,7.16
X-2983,CDH18,1016.0,Amp5,7.06
X-2983,CDH6,1004.0,Amp5,7.16
X-2983,CDH9,1007.0,Amp5,7.16
X-2983,CDKAL1,54901.0,MutNovel,"Y452F,0.326"
X-2983,CDY1B,253175.0,Del0.8,0.39
X-2983,CDY1B,253175.0,Del0.8,0.39
X-2983,CDY2A,9426.0,Del0.8,0.39
X-2983,CDY2A,9426.0,Del0.8,0.39
X-2983,CDY2B,203611.0,Del0.8,0.39
X-2983,CDY2B,203611.0,Del0.8,0.39
X-2983,CEACAM5,1048.0,MutNovel,"Q137P,0.275"
X-2983,CEACAM7,1087.0,MutNovel,"T172A,0.276"
X-2983,CEACAM8,1088.0,MutNovel,"R198M,0.800"
X-2983,CEACAM8,1088.0,MutNovel,"T171A,0.857"
X-2983,CEACAM8,1088.0,MutNovel,"N155K,1.000"
X-2983,CEP70,80321.0,Amp5,6.02
X-2983,CEP72,55722.0,Amp5,6.59
X-2983,CEP97,79598.0,MutNovel,"I238T,0.560"
X-2983,CFI,3426.0,MutNovel,"H95Y,0.953"
X-2983,CHAMP1,283489.0,Del0.8,0.71
X-2983,CHST12,55501.0,MutNovel,"A286P,0.383"
X-2983,CHST2,9435.0,Amp5,5.31
X-2983,CITED4,163732.0,MutNovel,"E9D,0.243"
X-2983,CLDN18,51208.0,Amp5,6.02
X-2983,CLPTM1L,81037.0,Amp5,6.68
X-2983,CLRN1,7401.0,Amp5,5.31
X-2983,CLRN1-AS1,116933.0,Amp5,5.31
X-2983,CLSTN2,64084.0,Amp5,5.31
X-2983,CMBL,134147.0,Amp5,7.06
X-2983,CNDP1,84735.0,MutNovel,"V15VL,0.929"
X-2983,CNTNAP3,79937.0,MutNovel,"P435T,0.364"
X-2983,COL1A1,1277.0,MutNovel,"A669T,0.383"
X-2983,COL27A1,85301.0,MutNovel,"P705S,0.857"
X-2983,COMMD2,51122.0,Amp5,5.31
X-2983,COPB2,9276.0,Amp5,5.31
X-2983,CP,1356.0,Amp5,5.31
X-2983,CPA3,1359.0,Amp5,5.31
X-2983,CPB1,1360.0,Amp5,5.31
X-2983,CREBBP,1387.0,MutNovel,"A254T,0.545"
X-2983,CROCC,9696.0,MutNovel,"R1154H,1.000"
X-2983,CSPG4P1Y,114758.0,Del0.8,0.39
X-2983,CSPG4P1Y,114758.0,Del0.8,0.39
X-2983,CSRP2BP,57325.0,MutNovel,"W710G,0.537"
X-2983,CTAGE5,4253.0,MutNovel,"R338I,1.000"
X-2983,CTDP1,9150.0,MutNovel,"E403K,0.390"
X-2983,CTNND2,1501.0,Amp5,7.06
X-2983,CUL9,23113.0,MutNovel,"G1239V,0.625"
X-2983,CYP2J2,1573.0,MutNovel,"V113M,0.786"
X-2983,D2HGDH,728294.0,MutNovel,"V485I,1.000"
X-2983,DAB2,1601.0,Amp5,7.21
X-2983,DALRD3,55152.0,MutNovel,"G23S,0.439"
X-2983,DAP,1611.0,Amp5,7.06
X-2983,DAZ1,1617.0,Del0.8,0.39
X-2983,DAZ2,57055.0,Del0.8,0.39
X-2983,DAZ3,57054.0,Del0.8,0.39
X-2983,DAZ3,57054.0,Del0.8,0.39
X-2983,DAZ4,57135.0,Del0.8,0.39
X-2983,DAZ4,57135.0,Del0.8,0.39
X-2983,DBR1,51163.0,Amp5,6.02
X-2983,DDO,8528.0,MutNovel,"T99I,1.000"
X-2983,DDX3Y,8653.0,Del0.8,0.39
X-2983,DDX54,79039.0,MutNovel,"G701R,0.580"
X-2983,DEFB109P1B,641517.0,Del0.8,0.31
X-2983,DENND1B,163486.0,MutNovel,"M755K,0.385"
X-2983,DENND4C,55667.0,MutNovel,"Q1570E,0.271"
X-2983,DHRSX,207063.0,MutNovel,"K779G,0.417"
X-2983,DHX36,170506.0,Amp5,5.31
X-2983,DHX40,79665.0,MutNovel,"E297Q,0.477"
X-2983,DIDO1,11083.0,MutNovel,"N787S,0.581"
X-2983,DNAH5,1767.0,Amp5,7.06
X-2983,DNAJC14,85406.0,MutNovel,"R515W,0.496"
X-2983,DNAJC2,27000.0,MutNovel,"K426Q,1.000"
X-2983,DNAJC21,134218.0,Amp5,7.21
X-2983,DNHD1,144132.0,MutNovel,"A3414V,0.818"
X-2983,DPCR1,135656.0,MutNovel,"K155R,0.324"
X-2983,DROSHA,29102.0,Amp5,7.16
X-2983,DST,667.0,MutNovel,"R3042Q,0.366"
X-2983,DZIP1L,199221.0,Amp5,6.02
X-2983,EFCAB4A,283229.0,MutNovel,"A85T,0.564"
X-2983,EGFLAM,133584.0,Amp5,7.21
X-2983,EIF1AY,9086.0,Del0.8,0.39
X-2983,EIF2A,83939.0,Amp5,5.31
X-2983,EIF5B,9669.0,MutNovel,"R1055K,1.000"
X-2983,EML5,161436.0,MutNovel,"I633V,1.000"
X-2983,ENDOG,2021.0,MutNovel,"E102K,0.418"
X-2983,ENOX1,55068.0,MutNovel,"E499K,0.263"
X-2983,ENTPD2,954.0,MutNovel,"A339T,0.577"
X-2983,EPB41L2,2037.0,MutNovel,"S987L,0.242"
X-2983,EPS8L1,54869.0,MutNovel,"R682H,0.298"
X-2983,ERCC6,2074.0,MutNovel,"Q854H,1.000"
X-2983,ESAM,90952.0,MutNovel,"Q32K,0.643"
X-2983,ESYT3,83850.0,Amp5,6.02
X-2983,EXOC3,11336.0,Amp5,6.59
X-2983,FAIM,55179.0,Amp5,6.02
X-2983,FAM105A,54491.0,MutNovel,"S6N,1.000"
X-2983,FAM105A,54491.0,Amp5,7.06
X-2983,FAM105B,90268.0,Amp5,7.06
X-2983,FAM120A,23196.0,MutNovel,"R1104H,0.550"
X-2983,FAM134B,54463.0,Amp5,7.06
X-2983,FAM151A,338094.0,MutNovel,"S433G,0.679"
X-2983,FAM173B,134145.0,Amp5,7.06
X-2983,FAM178A,55719.0,MutNovel,"G402S,0.414"
X-2983,FAM194A,131831.0,Amp5,5.31
X-2983,FAM197Y2P,252946.0,Del0.8,0.39
X-2983,FAM199X,139231.0,MutNovel,"D95N,0.336"
X-2983,FAM27A,548321.0,Amp5,5.35
X-2983,FAM35A,54537.0,MutNovel,"T297I,0.476"
X-2983,FAM41AY1,340618.0,Del0.8,0.39
X-2983,FAM41AY1,340618.0,Del0.8,0.39
X-2983,FAM66E,100132103.0,Del0.8,0.66
X-2983,FASTKD3,79072.0,Amp5,7.06
X-2983,FBXL5,26234.0,MutNovel,"S300F,0.991"
X-2983,FBXL7,23194.0,Amp5,7.06
X-2983,FBXO4,26272.0,Amp5,7.21
X-2983,FGF10,2255.0,Amp5,7.21
X-2983,FLJ33360,401172.0,Amp5,7.06
X-2983,FLYWCH1,84256.0,MutNovel,"E100K,0.636"
X-2983,FMNL3,91010.0,MutNovel,"S754F,0.519"
X-2983,FOXL2,668.0,Amp5,6.02
X-2983,FRAT1,10023.0,MutNovel,"L133I,0.909"
X-2983,FRS3,10817.0,MutNovel,"P137R,0.556"
X-2983,FUS,2521.0,MutNovel,"P455L,0.547"
X-2983,FYB,2533.0,Amp5,7.21
X-2983,GAS6,2621.0,MutNovel,"R514H,0.643"
X-2983,GAS8,2622.0,MutNovel,"S136T,0.673"
X-2983,GDNF,2668.0,Amp5,7.21
X-2983,GDPGP1,,MutNovel,"A47V,0.839"
X-2983,GHR,2690.0,Amp5,7.21
X-2983,GK5,256356.0,Amp5,5.31
X-2983,GLUD2,2747.0,MutNovel,"L423M,1.000"
X-2983,GMPS,8833.0,Amp5,5.31
X-2983,GOLGA2P2Y,84559.0,Del0.8,0.39
X-2983,GOLGA2P2Y,84559.0,Del0.8,0.39
X-2983,GOLGA8J,,MutNovel,"E457D,1.000"
X-2983,GOLPH3,64083.0,Amp5,7.16
X-2983,GPNMB,10457.0,MutNovel,"C425S,0.450"
X-2983,GPR149,344758.0,Amp5,5.31
X-2983,GPR156,165829.0,MutNovel,"F805S,1.000"
X-2983,GPR171,29909.0,Amp5,5.31
X-2983,GPR87,53836.0,Amp5,5.31
X-2983,GRK7,131890.0,Amp5,5.31
X-2983,GUSBP1,728411.0,Amp5,7.16
X-2983,GYG1,2992.0,Amp5,5.31
X-2983,GYG2P1,352887.0,Del0.8,0.39
X-2983,HCN1,348980.0,Amp5,7.21
X-2983,HDAC5,10014.0,MutNovel,"A63V,0.579"
X-2983,HEATR7B2,133558.0,Amp5,7.21
X-2983,HLA-A,3105.0,MutNovel,"V3I,0.485"
X-2983,HLA-A,3105.0,MutNovel,"I312L,0.653"
X-2983,HLA-DRB5,3127.0,Amp5,5.94
X-2983,HLA-DRB6,3128.0,Amp5,5.94
X-2983,HLTF,6596.0,Amp5,5.31
X-2983,HMGCS1,3157.0,Amp5,7.21
X-2983,HNRNPCL1,343069.0,MutNovel,"Q185K,1.000"
X-2983,HNRNPM,4670.0,MutNovel,"R591C,0.997"
X-2983,HOXD11,3237.0,MutNovel,"G245D,1.000"
X-2983,HPGD,3248.0,MutNovel,"D221V,1.000"
X-2983,HPS3,84343.0,Amp5,5.31
X-2983,HSFY2,159119.0,Del0.8,0.39
X-2983,HSFY2,159119.0,Del0.8,0.39
X-2983,HYI,81888.0,MutNovel,"R253Q,0.732"
X-2983,ICT1,3396.0,MutNovel,"T37I,0.500"
X-2983,IFI44L,10964.0,MutNovel,"T8I,0.941"
X-2983,IFT80,57560.0,Amp5,5.28
X-2983,IGF1,3479.0,MutNovel,"A115V,0.600"
X-2983,IGFN1,91156.0,MutNovel,"S1537H,0.750"
X-2983,IGSF10,285313.0,Amp5,5.31
X-2983,IL12A,3592.0,Amp5,5.28
X-2983,IL20RB,53833.0,Amp5,5.74
X-2983,IL7R,3575.0,Amp5,7.21
X-2983,IMMP2L,83943.0,Del0.8,0.74
X-2983,ING5,84289.0,MutNovel,"E48K,1.000"
X-2983,INPP5J,27124.0,MutNovel,"R178H,0.957"
X-2983,IQCJ,654502.0,Amp5,5.28
X-2983,IQCJ-SCHIP1,100505385.0,Amp5,5.28
X-2983,IRF2,3660.0,MutNovel,"E258K,1.000"
X-2983,IRX1,79192.0,Amp5,7.06
X-2983,IRX2,153572.0,Amp5,7.06
X-2983,IRX4,50805.0,Amp5,6.68
X-2983,JHDM1D,80853.0,MutNovel,"H154R,0.353"
X-2983,JMJD1C,221037.0,MutNovel,"V1575A,0.486"
X-2983,KCNAB1,7881.0,Amp5,5.31
X-2983,KCNJ12,3768.0,MutNovel,"P156L,0.800"
X-2983,KCNJ12,3768.0,MutNovel,"E430G,1.000"
X-2983,KDM5D,8284.0,Del0.8,0.39
X-2983,KDM6B,23135.0,MutNovel,"P1082L,0.358"
X-2983,KIAA0664,23277.0,MutNovel,"I401V,0.338"
X-2983,KIAA0947,23379.0,MutNovel,"V282M,0.834"
X-2983,KIAA0947,23379.0,Amp5,7.06
X-2983,KIAA1024,23251.0,MutNovel,"S33F,0.300"
X-2983,KIAA2026,158358.0,MutNovel,"E976D,0.230"
X-2983,KIAA2026,158358.0,MutNovel,"G25A,0.273"
X-2983,KIF16B,55614.0,MutNovel,"E1068K,0.246"
X-2983,KIF20B,9585.0,MutNovel,"L1062LKV,0.266"
X-2983,KIF24,347240.0,MutNovel,"H991Y,0.227"
X-2983,KIF26B,55083.0,MutNovel,"Q368R,0.643"
X-2983,KIF26B,55083.0,MutNovel,"M1369V,0.552"
X-2983,KIF27,55582.0,MutNovel,"C567Y,0.500"
X-2983,KIR2DL1,3802.0,MutNovel,"P21T,1.000"
X-2983,KIR2DL3,3804.0,MutNovel,"V9A,1.000"
X-2983,KIR2DL3,3804.0,MutNovel,"P21T,1.000"
X-2983,KLF16,83855.0,MutNovel,"A244T,1.000"
X-2983,KPNA4,3840.0,Amp5,5.28
X-2983,KRT14,3861.0,MutNovel,"T308S,0.931"
X-2983,KRT14,3861.0,MutNovel,"E304D,0.929"
X-2983,KRT14,3861.0,MutNovel,"V117A,0.800"
X-2983,KRT3,3850.0,MutNovel,"H452R,0.300"
X-2983,KRT5,3852.0,MutNovel,"R239L,0.636"
X-2983,KRT5,3852.0,MutNovel,"K194N,0.467"
X-2983,KRT6C,286887.0,MutNovel,"K189N,0.500"
X-2983,KRT6C,286887.0,MutNovel,"A87G,0.625"
X-2983,KRTAP5-7,440050.0,MutNovel,"S55T,1.000"
X-2983,LAMA5,3911.0,MutNovel,"V3440L,0.413"
X-2983,LCK,3932.0,MutNovel,"R455Q,0.375"
X-2983,LEKR1,389170.0,Amp5,5.31
X-2983,LIFR,3977.0,Amp5,7.21
X-2983,LMBRD2,92255.0,Amp5,7.21
X-2983,LMO7,4008.0,MutNovel,"S904F,0.549"
X-2983,LMTK3,114783.0,MutNovel,"A1164S,0.769"
X-2983,LOC100132356,100132356.0,Amp5,7.21
X-2983,LOC100289361,100289361.0,Amp5,5.31
X-2983,LOC100498859,100498859.0,Amp5,5.31
X-2983,LOC100505738,100505738.0,Amp5,7.06
X-2983,LOC100505806,100505806.0,Amp5,7.06
X-2983,LOC100506548,100506548.0,Amp5,7.21
X-2983,LOC100506688,100506688.0,Amp5,6.92
X-2983,LOC100507389,100507389.0,Amp5,5.31
X-2983,LOC100507537,100507537.0,Amp5,5.31
X-2983,LOC100996612,,MutNovel,"R5T,1.000"
X-2983,LOC153684,153684.0,Amp5,7.21
X-2983,LOC201651,201651.0,Amp5,5.31
X-2983,LOC255167,255167.0,Amp5,7.06
X-2983,LOC283710,283710.0,MutKnownFunctional,"-26,0.667"
X-2983,LOC285577,285577.0,Amp5,7.06
X-2983,LOC285692,285692.0,Amp5,7.06
X-2983,LOC285696,285696.0,Amp5,7.06
X-2983,LOC339894,339894.0,Amp5,5.31
X-2983,LOC340094,340094.0,Amp5,7.06
X-2983,LOC340107,340107.0,Amp5,7.16
X-2983,LOC340113,340113.0,Amp5,7.16
X-2983,LOC401093,401093.0,Amp5,5.31
X-2983,LOC401177,401177.0,Amp5,7.06
X-2983,LOC442132,442132.0,Amp5,7.06
X-2983,LOC642441,,MutNovel,"G237R,0.750"
X-2983,LOC643401,643401.0,Amp5,7.16
X-2983,LOC646903,646903.0,Amp5,5.31
X-2983,LOC648987,648987.0,Amp5,7.21
X-2983,LOC728613,728613.0,Amp5,6.68
X-2983,LOC729506,729506.0,Amp5,7.06
X-2983,LOC730091,730091.0,Amp5,5.31
X-2983,LOC732265,,MutNovel,"K110E,1.000"
X-2983,LPCAT1,79888.0,Amp5,6.68
X-2983,LRRC14B,389257.0,Amp5,6.59
X-2983,LRRN3,54674.0,Del0.8,0.41
X-2983,LXN,56925.0,Amp5,5.28
X-2983,MAFB,9935.0,MutNovel,"H131Q,0.259"
X-2983,MAN1C1,57134.0,MutNovel,"A347T,0.647"
X-2983,MAP2K7,5609.0,MutNovel,"M137L,0.362"
X-2983,MAP4K2,5871.0,MutNovel,"Q334H,0.652"
X-2983,2014-03-02 00:00:00,54996.0,MutNovel,"A31T,0.750"
X-2983,2014-03-11 00:00:00,441061.0,Amp5,7.06
X-2983,2014-03-06 00:00:00,10299.0,Amp5,7.06
X-2983,MASP2,10747.0,MutNovel,"T576I,1.000"
X-2983,MBNL1,4154.0,Amp5,5.31
X-2983,MDM2,4193.0,MutNovel,"R185Q,0.554"
X-2983,MED10,84246.0,Amp5,7.06
X-2983,MED12L,116931.0,Amp5,5.31
X-2983,MEF2A,4205.0,MutNovel,"QQ412-,0.300"
X-2983,MFSD1,64747.0,Amp5,5.28
X-2983,MFSD9,84804.0,MutNovel,"E222D,0.973"
X-2983,MICB,4277.0,MutNovel,"V34G,0.208"
X-2983,MIPEP,4285.0,MutNovel,"P526S,0.624"
X-2983,MIR15B,406949.0,Amp5,5.28
X-2983,MIR16-2,406951.0,Amp5,5.28
X-2983,MIR3650,100500824.0,Amp5,7.21
X-2983,MIR3919,100500803.0,Amp5,5.28
X-2983,MIR4277,100422966.0,Amp5,6.68
X-2983,MIR4278,100422999.0,Amp5,7.06
X-2983,MIR4279,100422874.0,Amp5,7.16
X-2983,MIR4454,100616234.0,Amp5,7.06
X-2983,MIR4456,100616381.0,Amp5,6.59
X-2983,MIR4457,100616235.0,Amp5,6.68
X-2983,MIR4458,100616142.0,Amp5,7.06
X-2983,MIR4635,100616479.0,Amp5,6.92
X-2983,MIR4636,100616326.0,Amp5,7.06
X-2983,MIR4637,100616271.0,Amp5,7.06
X-2983,MIR548H2,100313773.0,Amp5,5.31
X-2983,MIR580,693165.0,Amp5,7.21
X-2983,MKI67,4288.0,MutNovel,"T2750M,0.489"
X-2983,MLF1,4291.0,Amp5,5.31
X-2983,MLH1,4292.0,MutLikelyFunctional,"V384D,0.646"
X-2983,MLL3,58508.0,MutNovel,"S4300P,0.362"
X-2983,MLL3,58508.0,MutKnownFunctional,"-2797?,0.294"
X-2983,MME,4311.0,Amp5,5.31
X-2983,MPRIP,23164.0,MutNovel,"TS178T,0.520"
X-2983,MRAS,22808.0,Amp5,6.02
X-2983,MRPL36,64979.0,Amp5,6.68
X-2983,MRPS18B,28973.0,MutNovel,"L193R,0.607"
X-2983,MRPS22,56945.0,Amp5,5.31
X-2983,MRPS30,10884.0,Amp5,7.21
X-2983,MSL2,55167.0,Amp5,5.74
X-2983,MTHFD1L,25902.0,MutNovel,"D969H,0.386"
X-2983,MTMR12,54545.0,Amp5,7.16
X-2983,MTMR3,8897.0,MutNovel,"N1084S,1.000"
X-2983,MTRR,4552.0,Amp5,7.06
X-2983,MUC4,4585.0,MutNovel,"A3785V,1.000"
X-2983,MUC4,4585.0,MutNovel,"T3588S,0.714"
X-2983,MUC4,4585.0,MutNovel,"V2963D,0.286"
X-2983,MUC4,4585.0,MutNovel,"A2393V,0.455"
X-2983,MUC4,4585.0,MutNovel,"P2386H,0.235"
X-2983,MUC4,4585.0,MutNovel,"A2249V,0.385"
X-2983,MUC4,4585.0,MutNovel,"L2081V,1.000"
X-2983,MUC5AC,,MutNovel,"V106M,0.313"
X-2983,MXD4,10608.0,MutNovel,"R124H,1.000"
X-2983,MYCN,4613.0,MutNovel,"A184S,0.667"
X-2983,MYO10,4651.0,Amp5,7.06
X-2983,MYO7A,4647.0,MutNovel,"L1167H,0.800"
X-2983,NAA25,80018.0,MutNovel,"Q380R,0.439"
X-2983,NADKD1,133686.0,Amp5,7.21
X-2983,NADSYN1,55191.0,MutNovel,"D187N,0.652"
X-2983,NCK1,4690.0,Amp5,5.74
X-2983,NCOR2,9612.0,MutNovel,"G1839GAAA,0.510"
X-2983,NCOR2,9612.0,MutNovel,"P985L,0.585"
X-2983,NCRNA00185,55410.0,Del0.8,0.39
X-2983,NDUFA12,55967.0,MutNovel,"N72S,0.497"
X-2983,NDUFS6,4726.0,Amp5,6.68
X-2983,NDUFV1,4723.0,MutNovel,"R52S,0.457"
X-2983,NEDD4,4734.0,MutNovel,"Q60R,0.885"
X-2983,NEDD4L,23327.0,MutNovel,"E666V,1.000"
X-2983,NIM1,167359.0,Amp5,7.21
X-2983,NIPBL,25836.0,Amp5,7.21
X-2983,NKD2,85409.0,Amp5,6.92
X-2983,NLGN4Y,22829.0,Del0.8,0.39
X-2983,NLRX1,79671.0,MutNovel,"R571W,0.600"
X-2983,NMD3,51068.0,Amp5,5.28
X-2983,NME9,347736.0,Amp5,6.02
X-2983,NMNAT3,349565.0,Amp5,5.31
X-2983,NNT,23530.0,Amp5,7.21
X-2983,NOP2,4839.0,MutKnownFunctional,"-818?,0.505"
X-2983,NPR3,4883.0,Amp5,7.16
X-2983,NQO2,4835.0,MutNovel,"V184A,0.497"
X-2983,NR1H2,7376.0,MutNovel,"-173Q,0.591"
X-2983,NRM,11270.0,MutNovel,"I8M,0.625"
X-2983,NSUN2,54888.0,Amp5,7.06
X-2983,NUP133,55746.0,MutNovel,"Q737R,0.780"
X-2983,NUP155,9631.0,Amp5,7.21
X-2983,OBSCN,84033.0,MutNovel,"Y2896C,0.833"
X-2983,OGDH,4967.0,MutNovel,"Q232R,0.381"
X-2983,ORAI1,84876.0,MutNovel,"PP43-,0.810"
X-2983,OSBPL5,114879.0,MutNovel,"K182R,0.573"
X-2983,OSMR,9180.0,Amp5,7.21
X-2983,OTOL1,131149.0,Amp5,5.28
X-2983,OVCA2,124641.0,MutNovel,"T201P,0.578"
X-2983,OXCT1,5019.0,Amp5,7.21
X-2983,P2RY1,5028.0,Amp5,5.31
X-2983,P2RY12,64805.0,Amp5,5.31
X-2983,P2RY13,53829.0,Amp5,5.31
X-2983,P2RY14,9934.0,Amp5,5.31
X-2983,PA2G4P4,647033.0,Amp5,5.31
X-2983,PAIP1,10605.0,Amp5,7.21
X-2983,PAPD7,11044.0,MutNovel,"V111I,0.284"
X-2983,PAPD7,11044.0,Amp5,7.06
X-2983,PAQR9,344838.0,Amp5,5.31
X-2983,PARP4,143.0,MutNovel,"L173P,0.680"
X-2983,PARVB,29780.0,MutNovel,"K118E,1.000"
X-2983,PCCB,5096.0,Amp5,5.74
X-2983,PCDH11Y,83259.0,Del0.8,0.39
X-2983,PCDHA11,56138.0,MutNovel,"S372G,0.556"
X-2983,PCDHAC1,56135.0,MutNovel,"E106Q,0.433"
X-2983,PCDHAC1,56135.0,MutNovel,"S733L,0.463"
X-2983,PCOLCE2,26577.0,Amp5,5.31
X-2983,PDCD6,10016.0,Amp5,6.59
X-2983,PDZD2,23037.0,Amp5,7.16
X-2983,PER1,5187.0,MutNovel,"R820Q,0.514"
X-2983,PEX6,5190.0,MutNovel,"A956V,0.296"
X-2983,PFAS,5198.0,MutNovel,"D909N,0.491"
X-2983,PFN2,5217.0,Amp5,5.31
X-2983,PHGR1,644844.0,MutNovel,"P53S,0.974"
X-2983,PHLDA1,22822.0,MutNovel,"QQ194Q,0.522"
X-2983,PIEZO1,9780.0,MutNovel,"Q562E,0.500"
X-2983,PIK3C2B,5287.0,MutNovel,"P573S,0.267"
X-2983,PIK3CB,5291.0,Amp5,6.02
X-2983,PIP5K1B,8395.0,MutNovel,"K14R,0.477"
X-2983,PISRT1,140464.0,Amp5,5.31
X-2983,PKD1,5310.0,MutNovel,"S843P,0.538"
X-2983,PKP1,5317.0,MutNovel,"M46L,0.963"
X-2983,PLA2G6,8398.0,MutNovel,"R677C,1.000"
X-2983,PLCH1,23007.0,Amp5,5.31
X-2983,PLCXD3,345557.0,Amp5,7.21
X-2983,PLEKHA6,22874.0,MutNovel,"I969T,1.000"
X-2983,PLEKHG4B,153478.0,Amp5,6.59
X-2983,PLEKHM1,9842.0,MutNovel,"A677T,0.548"
X-2983,PLK1S1,55857.0,MutNovel,"S321P,0.302"
X-2983,PLOD2,5352.0,Amp5,5.31
X-2983,PLS1,5357.0,Amp5,5.31
X-2983,PLSCR1,5359.0,Amp5,5.31
X-2983,PLSCR2,57047.0,Amp5,5.31
X-2983,PLSCR4,57088.0,Amp5,5.31
X-2983,PLSCR5,389158.0,Amp5,5.31
X-2983,PLXNA3,55558.0,MutNovel,"R328W,1.000"
X-2983,PMCHL1,5369.0,Amp5,7.16
X-2983,PNMA2,10687.0,MutNovel,"E177Q,1.000"
X-2983,POLR1C,9533.0,MutNovel,"I68T,0.341"
X-2983,PP7080,25845.0,Amp5,6.59
X-2983,PPL,5493.0,MutNovel,"R253H,0.682"
X-2983,PPM1L,151742.0,Amp5,5.28
X-2983,PPP1R16A,84988.0,MutNovel,"L99V,1.000"
X-2983,PPP2R3A,5523.0,Amp5,5.74
X-2983,PRDM9,56979.0,Amp5,7.16
X-2983,PRIC285,85441.0,MutNovel,"D1149N,0.600"
X-2983,PRKAA1,5562.0,Amp5,7.21
X-2983,PRKY,5616.0,Del0.8,0.39
X-2983,PRLR,5618.0,Amp5,7.21
X-2983,PRMT2,3275.0,MutNovel,"S273L,0.500"
X-2983,PRR12,57479.0,MutNovel,"G977A,0.286"
X-2983,PRR23A,729627.0,Amp5,6.02
X-2983,PRR23B,389151.0,Amp5,6.02
X-2983,PRRG2,5639.0,MutNovel,"PP167-,0.617"
X-2983,PRSS16,10279.0,MutNovel,"S402F,0.410"
X-2983,PRY,9081.0,Del0.8,0.39
X-2983,PRY,9081.0,Del0.8,0.39
X-2983,PRY2,442862.0,Del0.8,0.39
X-2983,PRY2,442862.0,Del0.8,0.39
X-2983,PTGER4,5734.0,Amp5,7.21
X-2983,PTPN11,5781.0,MutNovel,"T411M,0.453"
X-2983,PTPRK,5796.0,MutNovel,"I287V,0.688"
X-2983,PTPRN2,5799.0,MutNovel,"P678S,0.220"
X-2983,PTX3,5806.0,Amp5,5.31
X-2983,PVRL4,81607.0,MutNovel,"V295M,0.407"
X-2983,R3HCC1L,,MutNovel,"D362H,0.581"
X-2983,RAD1,5810.0,Amp5,7.21
X-2983,RAI14,26064.0,Amp5,7.21
X-2983,RANBP3L,202151.0,Amp5,7.21
X-2983,RAP2B,5912.0,Amp5,5.31
X-2983,RAPGEF6,51735.0,MutNovel,"I425V,0.692"
X-2983,RAPGEF6,51735.0,MutNovel,"P4S,0.444"
X-2983,RARRES1,5918.0,Amp5,5.28
X-2983,RASA2,5922.0,Amp5,5.31
X-2983,RBM39,9584.0,MutNovel,"R89Q,0.519"
X-2983,RBMXL1,494115.0,MutNovel,"S330N,0.417"
X-2983,RBMY1A3P,286557.0,Del0.8,0.39
X-2983,RBMY1B,378948.0,Del0.8,0.39
X-2983,RBMY1B,378948.0,Del0.8,0.39
X-2983,RBMY1E,378950.0,Del0.8,0.39
X-2983,RBMY1E,378950.0,Del0.8,0.39
X-2983,RBMY1F,159163.0,Del0.8,0.39
X-2983,RBMY1F,159163.0,Del0.8,0.39
X-2983,RBMY1J,378951.0,Del0.8,0.39
X-2983,RBMY1J,378951.0,Del0.8,0.39
X-2983,RBMY2EP,159125.0,Del0.8,0.39
X-2983,RBMY2FP,159162.0,Del0.8,0.39
X-2983,RBMY3AP,64593.0,Del0.8,0.39
X-2983,RBP1,5947.0,Amp5,5.31
X-2983,RBP2,5948.0,Amp5,5.31
X-2983,RCN2,5955.0,MutKnownFunctional,"-206,0.500"
X-2983,RGS3,5998.0,MutNovel,"V531L,0.529"
X-2983,RHOBTB1,9886.0,MutNovel,"H468D,0.280"
X-2983,RICTOR,253260.0,Amp5,7.21
X-2983,RIN3,79890.0,MutNovel,"G967-,0.700"
X-2983,RNASEL,6041.0,MutNovel,"K627Q,0.222"
X-2983,RNF13,11342.0,Amp5,5.31
X-2983,RNF39,80352.0,MutNovel,"V416L,0.436"
X-2983,RNF39,80352.0,MutNovel,"Y216F,0.737"
X-2983,RNF7,9616.0,Amp5,5.31
X-2983,ROPN1L,83853.0,Amp5,7.06
X-2983,RPL22,6146.0,MutNovel,"E30D,1.000"
X-2983,RPL37,6167.0,Amp5,7.21
X-2983,RPS4Y1,6192.0,Del0.8,0.39
X-2983,RPS4Y2,140032.0,Del0.8,0.39
X-2983,RSRC1,51319.0,Amp5,5.31
X-2983,RXFP3,51289.0,Amp5,7.16
X-2983,SAPCD2,,MutNovel,"G386W,0.618"
X-2983,SBF1,6305.0,MutNovel,"V1205L,1.000"
X-2983,SCARNA7,677767.0,Amp5,5.28
X-2983,SCHIP1,29970.0,Amp5,5.28
X-2983,SDCCAG8,10806.0,MutNovel,"E348Q,0.500"
X-2983,SDHA,6389.0,Amp5,6.59
X-2983,SDHAP3,728609.0,Amp5,6.68
X-2983,SELT,51714.0,Amp5,5.31
X-2983,SEMA5A,9037.0,Amp5,7.06
X-2983,SEPP1,6414.0,Amp5,7.21
X-2983,SERGEF,26297.0,MutNovel,"E9G,0.500"
X-2983,SERINC2,347735.0,MutNovel,"-373Q,0.759"
X-2983,SERP1,27230.0,Amp5,5.31
X-2983,SFI1,9814.0,MutNovel,"E117K,1.000"
X-2983,SGK223,157285.0,MutNovel,"P464S,1.000"
X-2983,SH3PXD2B,285590.0,MutNovel,"P774L,0.532"
X-2983,SHOX2,6474.0,Amp5,5.31
X-2983,SHROOM2,357.0,MutNovel,"A353V,1.000"
X-2983,SHROOM2,357.0,MutNovel,"R830Q,1.000"
X-2983,SIAH2,6478.0,Amp5,5.31
X-2983,SIRPG,55423.0,MutNovel,"M34V,1.000"
X-2983,SKP2,6502.0,Amp5,7.21
X-2983,SLC12A7,10723.0,Amp5,6.92
X-2983,SLC1A1,6505.0,MutNovel,"E469Q,0.723"
X-2983,SLC1A3,6507.0,Amp5,7.21
X-2983,SLC22A15,55356.0,MutKnownFunctional,"-116?,0.250"
X-2983,SLC24A1,9187.0,MutNovel,"Q788H,0.944"
X-2983,SLC24A6,80024.0,MutNovel,"L294V,0.536"
X-2983,SLC25A36,55186.0,Amp5,5.31
X-2983,SLC33A1,9197.0,Amp5,5.31
X-2983,SLC45A2,51151.0,Amp5,7.16
X-2983,SLC6A18,348932.0,Amp5,6.92
X-2983,SLC6A19,340024.0,Amp5,6.92
X-2983,SLC6A3,6531.0,Amp5,6.68
X-2983,SLC7A11,23657.0,MutNovel,"A137V,0.449"
X-2983,SLC9A3,6550.0,Amp5,6.59
X-2983,SLC9A9,285195.0,Amp5,5.31
X-2983,SMC4,10051.0,Amp5,5.28
X-2983,SMTN,6525.0,MutNovel,"A203V,1.000"
X-2983,SNORD123,100113384.0,Amp5,7.06
X-2983,SNORD72,619564.0,Amp5,7.21
X-2983,SORBS2,8470.0,MutNovel,"R267W,1.000"
X-2983,SOX14,8403.0,Amp5,6.02
X-2983,SPATS2,65244.0,MutNovel,"I267T,0.436"
X-2983,SPEF2,79925.0,Amp5,7.21
X-2983,SPIRE2,84501.0,MutNovel,"R255H,0.574"
X-2983,SPPL2A,84888.0,MutNovel,"Q4H,0.949"
X-2983,SPPL2B,56928.0,MutKnownFunctional,"-275?,0.977"
X-2983,SPSB4,92369.0,Amp5,5.31
X-2983,SPTSSB,165679.0,Amp5,5.28
X-2983,SRD5A1,6715.0,Amp5,7.06
X-2983,SRRM5,100170229.0,MutNovel,"R130H,0.750"
X-2983,SRY,6736.0,Del0.8,0.39
X-2983,SSR3,6747.0,Amp5,5.31
X-2983,STAG1,10274.0,Amp5,5.74
X-2983,STK11,6794.0,MutNovel,"L290P,1.000"
X-2983,STRN,6801.0,MutNovel,"E210Q,0.524"
X-2983,SUB1,10923.0,Amp5,7.16
X-2983,SUCNR1,56670.0,Amp5,5.31
X-2983,SYNC,81493.0,MutNovel,"N391K,0.650"
X-2983,SYNJ2,8871.0,MutNovel,"Q1222H,0.579"
X-2983,SYT17,51760.0,MutNovel,"C23S,1.000"
X-2983,SZT2,23334.0,MutNovel,"S2059A,0.568"
X-2983,TACC2,10579.0,MutNovel,"T2810M,0.578"
X-2983,TAG,404663.0,Amp5,7.06
X-2983,TARS,6897.0,Amp5,7.16
X-2983,TAS1R3,83756.0,MutNovel,"G219S,1.000"
X-2983,TAS2R1,50834.0,Amp5,7.06
X-2983,TAX1BP1,8887.0,MutNovel,"C328R,0.588"
X-2983,TBC1D10B,26000.0,MutKnownFunctional,"R635*,0.493"
X-2983,TBC1D13,54662.0,MutNovel,"V172M,0.541"
X-2983,TBC1D30,23329.0,MutNovel,"S756R,0.528"
X-2983,TBL1Y,90665.0,Del0.8,0.39
X-2983,TBP,6908.0,MutNovel,"-64Q,0.205"
X-2983,TEP1,7011.0,MutNovel,"K63N,1.000"
X-2983,TFDP2,7029.0,Amp5,5.31
X-2983,TGIF2LY,90655.0,Del0.8,0.39
X-2983,TIPARP,25976.0,Amp5,5.31
X-2983,TIPARP-AS1,100287227.0,Amp5,5.31
X-2983,TLE6,79816.0,MutNovel,"R409W,1.000"
X-2983,TM4SF1,4071.0,Amp5,5.31
X-2983,TM4SF18,116441.0,Amp5,5.31
X-2983,TM4SF4,7104.0,Amp5,5.31
X-2983,TMEM14E,645843.0,Amp5,5.31
X-2983,TMEM184A,202915.0,MutNovel,"G392GA,0.251"
X-2983,TMSB4Y,9087.0,Del0.8,0.39
X-2983,TNRC18,84629.0,MutNovel,"S1177L,0.427"
X-2983,TNXB,7148.0,MutNovel,"E2652K,0.733"
X-2983,TP53,7157.0,MutNovel,"P34T,0.639"
X-2983,TP53I13,90313.0,MutNovel,"R221T,0.409"
X-2983,TPP1,1200.0,MutNovel,"R175H,0.726"
X-2983,TPPP,11076.0,Amp5,6.59
X-2983,TRIM15,89870.0,MutNovel,"T207S,0.541"
X-2983,TRIM31,11074.0,MutNovel,"L187F,0.536"
X-2983,TRIM31,11074.0,MutNovel,"E175D,0.555"
X-2983,TRIM31,11074.0,MutNovel,"Q5H,0.668"
X-2983,TRIM37,4591.0,MutNovel,"S697L,0.361"
X-2983,TRIM42,287015.0,Amp5,5.31
X-2983,TRIM59,286827.0,Amp5,5.28
X-2983,TRIM62,55223.0,MutNovel,"R217C,0.417"
X-2983,TRIO,7204.0,Amp5,7.06
X-2983,TRIP13,9319.0,Amp5,6.92
X-2983,TRPC1,7220.0,Amp5,5.31
X-2983,TRPV6,55503.0,MutNovel,"A650V,0.423"
X-2983,TRRAP,8295.0,MutNovel,"K1008N,1.000"
X-2983,TSC22D1,8848.0,MutNovel,"L563F,0.296"
X-2983,TSC22D2,9819.0,Amp5,5.31
X-2983,TSHZ2,128553.0,MutKnownFunctional,"W168*,0.476"
X-2983,TSPY1,7258.0,Del0.8,0.39
X-2983,TSPY2,64591.0,Del0.8,0.39
X-2983,TSPY3,728137.0,Del0.8,0.39
X-2983,TSPY4,728395.0,Del0.8,0.39
X-2983,TSPY8,728403.0,Del0.8,0.39
X-2983,TSPYL1,7259.0,MutNovel,"V176VW,0.909"
X-2983,TSPYL2,64061.0,MutNovel,"R205K,1.000"
X-2983,TTC23L,153657.0,Amp5,7.21
X-2983,TTC33,23548.0,MutNovel,"E220K,0.216"
X-2983,TTC33,23548.0,Amp5,7.21
X-2983,TTTY10,246119.0,Del0.8,0.39
X-2983,TTTY11,83866.0,Del0.8,0.39
X-2983,TTTY12,83867.0,Del0.8,0.39
X-2983,TTTY13,83868.0,Del0.8,0.39
X-2983,TTTY14,83869.0,Del0.8,0.39
X-2983,TTTY15,64595.0,Del0.8,0.39
X-2983,TTTY16,252948.0,Del0.8,0.39
X-2983,TTTY17A,252949.0,Del0.8,0.39
X-2983,TTTY17A,252949.0,Del0.8,0.39
X-2983,TTTY18,252950.0,Del0.8,0.39
X-2983,TTTY19,252952.0,Del0.8,0.39
X-2983,TTTY1B,100101116.0,Del0.8,0.39
X-2983,TTTY1B,100101116.0,Del0.8,0.39
X-2983,TTTY2,60439.0,Del0.8,0.39
X-2983,TTTY2,60439.0,Del0.8,0.39
X-2983,TTTY20,252951.0,Del0.8,0.39
X-2983,TTTY21,252953.0,Del0.8,0.39
X-2983,TTTY21,252953.0,Del0.8,0.39
X-2983,TTTY22,252954.0,Del0.8,0.39
X-2983,TTTY23,252955.0,Del0.8,0.39
X-2983,TTTY23,252955.0,Del0.8,0.39
X-2983,TTTY3,114760.0,Del0.8,0.39
X-2983,TTTY3,114760.0,Del0.8,0.39
X-2983,TTTY4,114761.0,Del0.8,0.39
X-2983,TTTY4,114761.0,Del0.8,0.39
X-2983,TTTY5,83863.0,Del0.8,0.39
X-2983,TTTY6,84672.0,Del0.8,0.39
X-2983,TTTY6,84672.0,Del0.8,0.39
X-2983,TTTY7,246122.0,Del0.8,0.39
X-2983,TTTY7,246122.0,Del0.8,0.39
X-2983,TTTY7B,100101120.0,Del0.8,0.39
X-2983,TTTY7B,100101120.0,Del0.8,0.39
X-2983,TTTY8,84673.0,Del0.8,0.39
X-2983,TTTY8,84673.0,Del0.8,0.39
X-2983,TTTY9A,83864.0,Del0.8,0.39
X-2983,TTTY9A,83864.0,Del0.8,0.39
X-2983,TXLNG2P,246126.0,Del0.8,0.39
X-2983,U2SURP,23350.0,Amp5,5.31
X-2983,UBE2QL1,134111.0,Amp5,7.06
X-2983,UGT3A1,133688.0,Amp5,7.21
X-2983,UGT3A2,167127.0,Amp5,7.21
X-2983,UNK,85451.0,MutNovel,"Q44H,0.625"
X-2983,UPF3A,65110.0,Del0.8,0.71
X-2983,USP19,10869.0,MutNovel,"N1202D,0.361"
X-2983,USP19,10869.0,MutNovel,"D151V,0.575"
X-2983,USP36,57602.0,MutNovel,"KKK958K,0.390"
X-2983,USP44,84101.0,MutNovel,"P602S,0.750"
X-2983,USP9Y,8287.0,Del0.8,0.39
X-2983,UTY,7404.0,Del0.8,0.39
X-2983,VCP,7415.0,MutNovel,"R83W,0.744"
X-2983,VCY,9084.0,Del0.8,0.39
X-2983,VCY,9084.0,Del0.8,0.39
X-2983,VEPH1,79674.0,Amp5,5.31
X-2983,VWA7,80737.0,MutNovel,"G639R,0.842"
X-2983,WASH1,100287171.0,MutNovel,"R122K,0.333"
X-2983,WDR45,11152.0,MutNovel,"S128F,0.993"
X-2983,WDR60,55112.0,MutNovel,"R149C,0.558"
X-2983,WDR70,55100.0,Amp5,7.21
X-2983,WRN,7486.0,MutNovel,"L628V,1.000"
X-2983,WWTR1,25937.0,Amp5,5.31
X-2983,WWTR1-AS1,100128025.0,Amp5,5.31
X-2983,XKRY2,353515.0,Del0.8,0.39
X-2983,XKRY2,353515.0,Del0.8,0.39
X-2983,XRN1,54464.0,Amp5,5.31
X-2983,YY1AP1,55249.0,MutNovel,"S83P,0.769"
X-2983,ZBTB38,253461.0,Amp5,5.31
X-2983,ZCCHC11,23318.0,MutNovel,"N740I,0.412"
X-2983,ZDHHC11,79844.0,MutNovel,"A303D,0.417"
X-2983,ZFR,51663.0,Amp5,7.16
X-2983,ZFY,7544.0,Del0.8,0.39
X-2983,ZIC1,7545.0,Amp5,5.31
X-2983,ZIC4,84107.0,Amp5,5.31
X-2983,ZNF131,7690.0,Amp5,7.21
X-2983,ZNF234,10780.0,MutNovel,"C657Y,0.308"
X-2983,ZNF33B,7582.0,MutNovel,"S260L,1.000"
X-2983,ZNF384,171017.0,MutNovel,"QQ514Q,0.412"
X-2983,ZNF418,147686.0,MutNovel,"H297Q,0.750"
X-2983,ZNF544,27300.0,MutKnownFunctional,"-690V?,0.403"
X-2983,ZNF550,162972.0,MutNovel,"A310P,0.695"
X-2983,ZNF598,90850.0,MutNovel,"R876P,0.597"
X-2983,ZNF598,90850.0,MutNovel,"R683H,0.462"
X-2983,ZNF622,90441.0,Amp5,7.06
X-2983,ZNF687,57592.0,MutNovel,"G1103V,0.376"
X-2983,ZNF763,284390.0,MutNovel,"V212F,1.000"
X-2983,ZNF764,92595.0,MutNovel,"F404L,0.300"
X-2983,ZNF799,90576.0,MutNovel,"H337Y,0.286"
X-3200,AASDH,132949.0,MutKnownFunctional,"-440,0.357"
X-3200,AASDHPPT,60496.0,MutKnownFunctional,"-307,0.595"
X-3200,ABCA2,20.0,MutNovel,"R2093L,0.304"
X-3200,ABCB9,23457.0,MutNovel,"P758S,0.316"
X-3200,ABCC10,89845.0,MutNovel,"I1024F,0.458"
X-3200,ABCD3,5825.0,MutNovel,"H638Y,0.484"
X-3200,ACSF2,80221.0,MutNovel,"D373N,0.420"
X-3200,ACSL5,51703.0,MutNovel,"L311M,0.331"
X-3200,ACTN1,87.0,MutNovel,"Q787R,0.482"
X-3200,ACTR8,93973.0,MutNovel,"M559I,0.430"
X-3200,ACVR1C,130399.0,MutNovel,"L295P,1.000"
X-3200,ADAM33,80332.0,MutNovel,"T596A,0.444"
X-3200,ADAM8,101.0,MutKnownFunctional,"-427,0.395"
X-3200,ADAMTS6,11174.0,MutNovel,"C1000G,0.462"
X-3200,ADAMTSL4,54507.0,MutNovel,"P858T,0.688"
X-3200,ADAR,103.0,MutNovel,"R892H,0.206"
X-3200,ADCK3,56997.0,MutNovel,"D396G,0.341"
X-3200,ADD1,118.0,MutNovel,"K763-,0.372"
X-3200,ADIPOR1,51094.0,MutNovel,"D331G,0.261"
X-3200,ADO,84890.0,MutNovel,"R62H,0.377"
X-3200,ADRA2A,150.0,MutNovel,"C132R,0.267"
X-3200,ADSSL1,122622.0,MutNovel,"G113S,0.538"
X-3200,AEN,64782.0,MutNovel,"T120M,0.526"
X-3200,AFF1,4299.0,MutKnownFunctional,"-577,0.300"
X-3200,AGAP7,653268.0,MutNovel,"D338N,1.000"
X-3200,AGAP7,653268.0,MutNovel,"L327S,0.667"
X-3200,AGPAT6,137964.0,MutKnownFunctional,"-118,0.299"
X-3200,AHRR,57491.0,MutNovel,"L118P,0.667"
X-3200,AKAP13,11214.0,MutNovel,"M452T,0.750"
X-3200,AKAP17A,8227.0,MutNovel,"P1562S,0.476"
X-3200,ALG10,84920.0,MutKnownFunctional,"-144,0.462"
X-3200,ALPK3,57538.0,MutNovel,"V231M,0.875"
X-3200,ALS2CL,259173.0,MutNovel,"R598H,0.464"
X-3200,AMBRA1,55626.0,MutNovel,"M1178V,0.483"
X-3200,AMELY,266.0,Del0.8,0.33
X-3200,ANAPC4,29945.0,MutKnownFunctional,"-208,0.485"
X-3200,ANK3,288.0,MutNovel,"A909V,0.246"
X-3200,ANK3,288.0,MutNovel,"T142M,0.231"
X-3200,ANKFY1,51479.0,MutNovel,"E90K,0.414"
X-3200,ANKLE2,23141.0,MutNovel,"R314W,0.604"
X-3200,ANKRD11,29123.0,MutKnownFunctional,"-277?,0.235"
X-3200,ANO8,57719.0,MutNovel,"A841V,0.321"
X-3200,AP1G2,8906.0,MutKnownFunctional,"-755,0.376"
X-3200,AP2A2,161.0,MutNovel,"C267R,0.487"
X-3200,AP4E1,23431.0,MutNovel,"T559P,0.600"
X-3200,AP5Z1,,MutNovel,"I305V,0.434"
X-3200,APOBEC3F,200316.0,MutNovel,"C219R,0.449"
X-3200,ARFGEF1,10565.0,MutKnownFunctional,"-1169,0.323"
X-3200,ARHGAP17,55114.0,MutKnownFunctional,"-814,0.430"
X-3200,ARHGAP23,57636.0,MutNovel,"S556G,0.476"
X-3200,ARHGAP27,201176.0,MutNovel,"R383H,0.276"
X-3200,ARHGEF1,9138.0,MutKnownFunctional,"-377,0.382"
X-3200,ARHGEF17,9828.0,MutNovel,"M605T,0.447"
X-3200,ARHGEF25,115557.0,MutNovel,"A495T,0.632"
X-3200,ARID1A,8289.0,MutKnownFunctional,"-771,0.419"
X-3200,ARID1A,8289.0,MutKnownFunctional,"W1073*,0.559"
X-3200,ARMC7,79637.0,MutNovel,"AG97A,0.384"
X-3200,ARRDC4,91947.0,MutNovel,"P275A,0.520"
X-3200,ARRDC4,91947.0,MutNovel,"V289L,0.647"
X-3200,ASB16,92591.0,MutNovel,"A252T,0.455"
X-3200,ASIC2,,MutNovel,"R46L,1.000"
X-3200,ASMTL,8623.0,MutKnownFunctional,"R1235*,1.000"
X-3200,ASPM,259266.0,MutNovel,"A3256V,0.215"
X-3200,ASRGL1,80150.0,MutNovel,"L307F,0.395"
X-3200,ASTE1,28990.0,MutKnownFunctional,"-631,0.342"
X-3200,ATAD2B,54454.0,MutNovel,"V189I,0.875"
X-3200,ATAD3C,219293.0,MutNovel,"Y98F,0.500"
X-3200,ATG2A,23130.0,MutNovel,"D460G,0.514"
X-3200,ATHL1,80162.0,MutNovel,"M565V,0.423"
X-3200,ATHL1,80162.0,MutNovel,"A566T,0.581"
X-3200,ATP2C2,9914.0,MutNovel,"L242I,0.597"
X-3200,ATXN1,6310.0,MutKnownFunctional,"-651,0.500"
X-3200,ATXN1L,342371.0,MutKnownFunctional,"-501?,0.348"
X-3200,ATXN7,6314.0,MutKnownFunctional,"-778,0.521"
X-3200,ATXN7L2,127002.0,MutNovel,"L285P,0.562"
X-3200,AUTS2,26053.0,MutNovel,"SH1125S,0.474"
X-3200,AVEN,57099.0,MutNovel,"GGGGG41G,0.300"
X-3200,B3GALT4,8705.0,MutNovel,"A312V,0.385"
X-3200,B3GNT1,11041.0,MutKnownFunctional,"-390,0.422"
X-3200,BAZ2B,29994.0,MutNovel,"R746H,0.513"
X-3200,BCAR1,9564.0,MutKnownFunctional,"-705,0.399"
X-3200,BCORP1,286554.0,Del0.8,0.31
X-3200,BCR,613.0,MutNovel,"A1104G,0.261"
X-3200,BLM,641.0,MutKnownFunctional,"-512,0.316"
X-3200,BMP2K,55589.0,MutNovel,"H487-,0.333"
X-3200,BMP4,652.0,MutNovel,"I99V,0.574"
X-3200,BOD1L1,,MutKnownFunctional,"-1586,0.286"
X-3200,BPY2B,442867.0,Del0.8,0.31
X-3200,BPY2B,442867.0,Del0.8,0.31
X-3200,BRPF3,27154.0,MutNovel,"L1030P,0.471"
X-3200,BRWD3,254065.0,MutNovel,"R981M,1.000"
X-3200,BUB1B,701.0,MutKnownFunctional,"-298,0.313"
X-3200,C11orf82,220042.0,MutNovel,"A819V,0.642"
X-3200,C11orf95,65998.0,MutKnownFunctional,"-328,0.457"
X-3200,C14orf43,91748.0,MutKnownFunctional,"-313,0.438"
X-3200,C15orf23,90417.0,MutNovel,"D65N,0.358"
X-3200,C16orf46,123775.0,MutNovel,"S162I,0.750"
X-3200,C16orf59,80178.0,MutNovel,"A4T,0.562"
X-3200,C16orf7,9605.0,MutKnownFunctional,"-316,0.892"
X-3200,C18orf25,147339.0,MutNovel,"N157S,0.344"
X-3200,C19orf71,100128569.0,MutNovel,"R10W,0.516"
X-3200,C1orf198,84886.0,MutKnownFunctional,"-280,0.270"
X-3200,C21orf58,54058.0,MutNovel,"H299PN,0.532"
X-3200,C2CD2,25966.0,MutNovel,"E660D,0.421"
X-3200,C2orf63,130162.0,MutNovel,"G520V,0.516"
X-3200,C3orf19,51244.0,MutKnownFunctional,"-301,0.341"
X-3200,C3orf58,205428.0,MutNovel,"V88M,0.333"
X-3200,C5orf42,65250.0,MutNovel,"V1836I,0.450"
X-3200,C5orf54,63920.0,MutNovel,"F412C,0.480"
X-3200,C6orf170,221322.0,MutNovel,"A485T,0.667"
X-3200,C6orf89,221477.0,MutKnownFunctional,"-58,0.412"
X-3200,C7orf25,79020.0,MutKnownFunctional,"-384,0.468"
X-3200,C7orf53,286006.0,MutKnownFunctional,"-78,0.316"
X-3200,C9orf96,169436.0,MutNovel,"D130E,0.667"
X-3200,CABYR,26256.0,MutKnownFunctional,"-343,0.330"
X-3200,CADM4,199731.0,MutNovel,"L11Q,0.203"
X-3200,CAMKK2,10645.0,MutKnownFunctional,"-537,0.472"
X-3200,CAMKK2,10645.0,MutNovel,"S86F,0.426"
X-3200,CAMTA2,23125.0,MutKnownFunctional,"-889,0.398"
X-3200,CANT1,124583.0,MutNovel,"N174H,0.278"
X-3200,CARD10,29775.0,MutKnownFunctional,"-526?,0.263"
X-3200,CARD10,29775.0,MutKnownFunctional,"-526?,0.263"
X-3200,CASP8AP2,9994.0,MutNovel,"T509A,0.444"
X-3200,CASP8AP2,9994.0,MutKnownFunctional,"-1807?,0.396"
X-3200,CBLL1,79872.0,MutNovel,"H190R,0.417"
X-3200,CBWD6,644019.0,MutKnownFunctional,"-259?,0.297"
X-3200,CBX2,84733.0,MutNovel,"P477S,0.529"
X-3200,CCDC104,112942.0,MutNovel,"A252V,0.476"
X-3200,CCDC112,153733.0,MutKnownFunctional,"-376,0.209"
X-3200,CCDC114,93233.0,MutNovel,"E203D,0.474"
X-3200,CCDC159,126075.0,MutNovel,"L39P,0.537"
X-3200,CCDC40,55036.0,MutKnownFunctional,"-259,0.273"
X-3200,CCDC6,8030.0,MutNovel,"A21V,0.500"
X-3200,CCDC88C,440193.0,MutNovel,"R1054Q,0.404"
X-3200,CCND1,595.0,MutNovel,"P287H,0.565"
X-3200,CCNE1,898.0,MutNovel,"T341M,0.647"
X-3200,CD160,11126.0,Amp5,5.35
X-3200,CD74,972.0,MutNovel,"M193T,0.522"
X-3200,CDC42EP1,11135.0,MutNovel,"PAPAANPS253P,0.205"
X-3200,CDC73,79577.0,Amp5,5.62
X-3200,CDH1,999.0,MutLikelyFunctional,"A592T,0.437"
X-3200,CDK1,983.0,MutNovel,"V105A,0.356"
X-3200,CDK13,8621.0,MutNovel,"C900G,0.468"
X-3200,CDK20,23552.0,MutKnownFunctional,"-319,0.547"
X-3200,CDY1B,253175.0,Del0.8,0.31
X-3200,CDY1B,253175.0,Del0.8,0.31
X-3200,CDY2A,9426.0,Del0.8,0.31
X-3200,CDY2A,9426.0,Del0.8,0.31
X-3200,CDY2B,203611.0,Del0.8,0.31
X-3200,CDY2B,203611.0,Del0.8,0.31
X-3200,CELSR1,9620.0,MutNovel,"M847T,0.400"
X-3200,CEP164,22897.0,MutKnownFunctional,"-113,0.286"
X-3200,CEP250,11190.0,MutNovel,"I2110V,0.419"
X-3200,CEP95,90799.0,MutKnownFunctional,"-16,0.597"
X-3200,CHAMP1,283489.0,MutKnownFunctional,"-670,0.519"
X-3200,CHD7,55636.0,MutNovel,"R947Q,0.632"
X-3200,CHMP7,91782.0,MutNovel,"E29A,0.235"
X-3200,CHRNA3,1136.0,MutNovel,"R477H,0.375"
X-3200,CHRNA3,1136.0,MutNovel,"A11T,1.000"
X-3200,CHRNA9,55584.0,MutNovel,"V249I,0.250"
X-3200,CHTOP,26097.0,MutNovel,"Y239C,0.249"
X-3200,CLEC3B,7123.0,MutNovel,"S95N,0.500"
X-3200,CNKSR1,10256.0,MutNovel,"R603C,0.485"
X-3200,CNOT1,23019.0,MutNovel,"D1076E,0.486"
X-3200,CNOT6L,246175.0,MutNovel,"Q296R,0.514"
X-3200,CNPY4,245812.0,MutKnownFunctional,"-12,0.305"
X-3200,CNST,163882.0,MutNovel,"Q500R,0.279"
X-3200,CNTRL,11064.0,MutKnownFunctional,"-1456,0.333"
X-3200,COBL,23242.0,MutKnownFunctional,"-1094,0.318"
X-3200,COG4,25839.0,MutNovel,"V258E,0.445"
X-3200,COL4A3BP,10087.0,MutNovel,"M378V,0.800"
X-3200,COPS6,10980.0,MutNovel,"T207A,0.496"
X-3200,COX10,1352.0,MutNovel,"V356M,0.452"
X-3200,COX5A,9377.0,MutNovel,"R55H,0.423"
X-3200,CPD,1362.0,MutNovel,"P229T,0.250"
X-3200,CRIM1,51232.0,MutNovel,"A764V,0.714"
X-3200,CRIPAK,285464.0,MutNovel,"V164A,0.622"
X-3200,CRYBG3,,MutNovel,"Q468R,0.500"
X-3200,CSNK2A1,1457.0,MutNovel,"V192D,0.481"
X-3200,CSPG4P1Y,114758.0,Del0.8,0.31
X-3200,CSPG4P1Y,114758.0,Del0.8,0.31
X-3200,CSTF2T,23283.0,MutNovel,"K248N,0.278"
X-3200,CTBP1,1487.0,MutNovel,"R192W,0.469"
X-3200,CTC1,80169.0,MutKnownFunctional,"-944,0.453"
X-3200,CTNNB1,1499.0,MutNovel,"D32N,0.503"
X-3200,CTNND1,1500.0,MutNovel,"R599H,0.512"
X-3200,CTSA,5476.0,MutNovel,"L29-,0.876"
X-3200,CTSB,1508.0,MutNovel,"V249A,0.538"
X-3200,CUL9,23113.0,MutNovel,"S150G,0.538"
X-3200,CWC25,54883.0,MutNovel,"P138S,0.490"
X-3200,CXXC1,30827.0,MutKnownFunctional,"-572,0.470"
X-3200,CXXC5,51523.0,MutNovel,"V127M,0.269"
X-3200,CYFIP1,23191.0,MutNovel,"G397C,0.344"
X-3200,CYP26B1,56603.0,MutNovel,"A193V,0.667"
X-3200,DALRD3,55152.0,MutNovel,"V516I,0.524"
X-3200,DAPK2,23604.0,MutNovel,"R330S,0.422"
X-3200,DAZ1,1617.0,Del0.8,0.31
X-3200,DAZ2,57055.0,Del0.8,0.31
X-3200,DAZ3,57054.0,Del0.8,0.31
X-3200,DAZ3,57054.0,Del0.8,0.31
X-3200,DAZ4,57135.0,Del0.8,0.31
X-3200,DAZ4,57135.0,Del0.8,0.31
X-3200,DAZAP1,26528.0,MutKnownFunctional,"-381,0.408"
X-3200,DCAF17,80067.0,MutKnownFunctional,"-408,1.000"
X-3200,DCP2,167227.0,MutNovel,"Y175H,0.619"
X-3200,DCUN1D3,123879.0,MutNovel,"N54S,0.679"
X-3200,DDX19A,55308.0,MutNovel,"R298H,0.316"
X-3200,DDX21,9188.0,MutNovel,"H322N,0.356"
X-3200,DDX3Y,8653.0,Del0.8,0.31
X-3200,DEAF1,10522.0,MutNovel,"V442A,0.536"
X-3200,DENND4B,9909.0,MutNovel,"QQQ908-,0.561"
X-3200,DENND4C,55667.0,MutNovel,"Q366R,0.474"
X-3200,DENND5A,23258.0,MutNovel,"Y568C,0.569"
X-3200,DENND5B,160518.0,MutNovel,"T118I,0.750"
X-3200,DEPDC1,55635.0,MutNovel,"I127V,0.533"
X-3200,DGKD,8527.0,MutNovel,"R887Q,0.543"
X-3200,DGKZ,8525.0,MutNovel,"S863G,0.815"
X-3200,DHX57,90957.0,MutNovel,"G809V,0.577"
X-3200,DIAPH2,1730.0,MutNovel,"A145D,1.000"
X-3200,DIDO1,11083.0,MutKnownFunctional,"-1344,0.354"
X-3200,DMXL1,1657.0,MutNovel,"R265H,0.516"
X-3200,DMXL1,1657.0,MutNovel,"V950A,0.579"
X-3200,DNA2,1763.0,MutKnownFunctional,"-779,0.275"
X-3200,DNAJA2,10294.0,MutNovel,"R75Q,0.497"
X-3200,DNAJA3,9093.0,MutNovel,"I376T,0.433"
X-3200,DNAJB12,54788.0,MutNovel,"R266M,0.356"
X-3200,DNAJB2,3300.0,MutNovel,"T180S,0.458"
X-3200,DNAJC10,54431.0,MutNovel,"A212T,0.461"
X-3200,DNASE1L1,1774.0,MutNovel,"C236R,0.994"
X-3200,DNHD1,144132.0,MutNovel,"QQ3166HK,0.520"
X-3200,DNM1,1759.0,MutNovel,"R256Q,0.583"
X-3200,DNM2,1785.0,MutNovel,"M680V,0.549"
X-3200,DOCK4,9732.0,MutKnownFunctional,"-1902,0.333"
X-3200,DOCK8,81704.0,MutNovel,"M1627I,0.579"
X-3200,DOCK9,23348.0,MutNovel,"W1657L,0.333"
X-3200,DOK3,79930.0,MutNovel,"R167H,0.250"
X-3200,DOK4,55715.0,MutNovel,"S256P,0.496"
X-3200,DRG1,4733.0,MutNovel,"R66Q,0.483"
X-3200,DSP,1832.0,MutNovel,"L1713M,0.472"
X-3200,DTX3,196403.0,MutNovel,"Q288H,0.468"
X-3200,DUOX1,53905.0,MutNovel,"P1247L,0.454"
X-3200,DUOXA1,90527.0,MutNovel,"A89T,0.210"
X-3200,DUOXA2,405753.0,MutNovel,"F190L,0.290"
X-3200,DUSP2,1844.0,MutNovel,"G134R,0.550"
X-3200,DUSP3,1845.0,MutNovel,"S24N,0.576"
X-3200,DYX1C1,161582.0,MutKnownFunctional,"-175,0.776"
X-3200,DZIP3,9666.0,MutNovel,"T522S,0.571"
X-3200,DZIP3,9666.0,MutNovel,"K532R,0.526"
X-3200,ECI1,1632.0,MutNovel,"K255E,0.272"
X-3200,EEF1D,1936.0,MutNovel,"N530D,0.509"
X-3200,EEF2K,29904.0,MutNovel,"R670S,0.511"
X-3200,EEFSEC,60678.0,MutNovel,"Y486C,0.575"
X-3200,EFHD1,80303.0,MutNovel,"L6R,0.667"
X-3200,EHBP1,23301.0,MutNovel,"TE1109T,0.365"
X-3200,EHMT2,10919.0,MutKnownFunctional,"-855,0.328"
X-3200,EIF1AY,9086.0,Del0.8,0.31
X-3200,EIF4A2,1974.0,MutNovel,"I407M,0.541"
X-3200,EIF4G1,1981.0,MutNovel,"A459T,0.435"
X-3200,ELF1,1997.0,MutKnownFunctional,"-572,0.435"
X-3200,EMC10,,MutKnownFunctional,"-231,0.434"
X-3200,ENC1,8507.0,MutKnownFunctional,"-407,0.460"
X-3200,ENPP3,5169.0,MutNovel,"E505Q,0.524"
X-3200,EPHA1,2041.0,MutNovel,"E947G,0.479"
X-3200,EPHA4,2043.0,MutNovel,"R91Q,0.800"
X-3200,EPHA8,2046.0,MutNovel,"G719V,1.000"
X-3200,EPN1,29924.0,MutNovel,"V602A,0.444"
X-3200,EPS8L2,64787.0,MutKnownFunctional,"-469?,0.344"
X-3200,EPS8L3,79574.0,MutKnownFunctional,"Q284*,0.421"
X-3200,ERBB2IP,55914.0,MutNovel,"H587R,0.577"
X-3200,ERBB2IP,55914.0,MutNovel,"HC1315H,0.511"
X-3200,ERCC1,2067.0,MutNovel,"L263R,0.452"
X-3200,ERI2,112479.0,MutNovel,"V81F,0.260"
X-3200,ESCO2,157570.0,MutNovel,"L285S,0.567"
X-3200,ESPN,83715.0,MutNovel,"P648L,0.420"
X-3200,EXTL3,2137.0,MutNovel,"V226I,0.214"
X-3200,EXTL3,2137.0,MutKnownFunctional,"-571?,0.360"
X-3200,FAHD2A,51011.0,MutKnownFunctional,"-279,0.257"
X-3200,FAM111B,374393.0,MutKnownFunctional,"-269,0.409"
X-3200,FAM111B,374393.0,MutNovel,"H727R,0.424"
X-3200,FAM160B1,57700.0,MutNovel,"L370R,0.333"
X-3200,FAM18B2,201158.0,MutNovel,"P265S,0.333"
X-3200,FAM197Y2P,252946.0,Del0.8,0.33
X-3200,FAM40A,85369.0,MutNovel,"M244T,0.417"
X-3200,FAM41AY1,340618.0,Del0.8,0.31
X-3200,FAM41AY1,340618.0,Del0.8,0.31
X-3200,FAM45A,,MutNovel,"E317D,0.256"
X-3200,FAM46B,115572.0,MutNovel,"R338H,0.818"
X-3200,FAM76B,143684.0,MutNovel,"Q25P,0.500"
X-3200,FAM83H,286077.0,MutNovel,"A1042V,0.478"
X-3200,FAM98A,25940.0,MutKnownFunctional,"-133,0.421"
X-3200,FANCA,2175.0,MutNovel,"A537T,0.526"
X-3200,FANCI,55215.0,MutNovel,"L996P,0.550"
X-3200,FASN,2194.0,MutNovel,"T2183A,0.528"
X-3200,FASTKD1,79675.0,MutNovel,"A61D,0.341"
X-3200,FBN2,2201.0,MutNovel,"K2772R,0.656"
X-3200,FBRSL1,57666.0,MutNovel,"R114H,0.569"
X-3200,FBXL14,144699.0,MutNovel,"R342C,0.615"
X-3200,FBXL16,146330.0,MutNovel,"V127M,0.600"
X-3200,FEM1C,56929.0,MutNovel,"E572K,0.543"
X-3200,FGF11,2256.0,MutNovel,"P23S,0.375"
X-3200,FLNB,2317.0,MutNovel,"S2626I,0.444"
X-3200,FLYWCH1,84256.0,MutKnownFunctional,"-59?,0.509"
X-3200,FLYWCH1,84256.0,MutNovel,"A174T,0.444"
X-3200,FNBP4,23360.0,MutNovel,"T56A,0.504"
X-3200,FOXM1,2305.0,MutKnownFunctional,"-708,0.479"
X-3200,FRS3,10817.0,MutNovel,"N401D,0.696"
X-3200,FSCN2,25794.0,MutNovel,"E160K,0.852"
X-3200,FTSJ3,117246.0,MutNovel,"V457M,0.321"
X-3200,GALNT12,79695.0,MutNovel,"G46R,0.423"
X-3200,GALNT3,2591.0,MutNovel,"R479C,0.522"
X-3200,GANC,2595.0,MutKnownFunctional,"R664*,0.407"
X-3200,GAPDH,2597.0,MutNovel,"D39A,0.503"
X-3200,GARNL3,84253.0,MutNovel,"S598N,0.500"
X-3200,GATM,2628.0,MutNovel,"T307A,0.543"
X-3200,GBP1,2633.0,MutNovel,"Y144C,0.500"
X-3200,GDF9,2661.0,MutKnownFunctional,"-156,0.833"
X-3200,GIGYF2,26058.0,MutNovel,"PQ1231P,0.500"
X-3200,GLTPD1,80772.0,MutNovel,"V13I,0.544"
X-3200,GLTSCR1,29998.0,MutKnownFunctional,"-827,0.667"
X-3200,GOLGA2,2801.0,MutNovel,"A716E,0.344"
X-3200,GOLGA2P2Y,84559.0,Del0.8,0.31
X-3200,GOLGA2P2Y,84559.0,Del0.8,0.31
X-3200,GOLGA8B,440270.0,MutNovel,"S502N,0.231"
X-3200,GOLIM4,27333.0,MutKnownFunctional,"-631,0.466"
X-3200,GON4L,54856.0,MutNovel,"V2162A,0.258"
X-3200,GP1BA,2811.0,MutKnownFunctional,"-478,0.261"
X-3200,GPR89A,653519.0,Amp5,5.35
X-3200,GPR98,84059.0,MutKnownFunctional,"Q4851*,0.462"
X-3200,GPRIN1,114787.0,MutKnownFunctional,"-137,0.692"
X-3200,GRIN2D,2906.0,MutNovel,"P931S,0.231"
X-3200,GRK4,2868.0,MutKnownFunctional,"-219,0.556"
X-3200,GSC,145258.0,MutNovel,"V131A,0.800"
X-3200,GTF3C3,9330.0,MutNovel,"R461H,0.870"
X-3200,GYG2P1,352887.0,Del0.8,0.31
X-3200,GYLTL1B,120071.0,MutKnownFunctional,"-426,0.368"
X-3200,HAUS3,79441.0,MutKnownFunctional,"-14,0.458"
X-3200,HCFC1,3054.0,MutNovel,"D1462N,0.885"
X-3200,HERC2,8924.0,MutNovel,"L2597P,0.452"
X-3200,HGC6.3,100128124.0,MutNovel,"T137P,0.344"
X-3200,HGC6.3,100128124.0,MutNovel,"V104A,0.511"
X-3200,HGC6.3,100128124.0,MutNovel,"P88S,0.357"
X-3200,HGSNAT,138050.0,MutNovel,"A229T,0.526"
X-3200,HJURP,55355.0,MutNovel,"I434N,0.515"
X-3200,HK1,3098.0,MutNovel,"G530D,0.282"
X-3200,HLA-G,3135.0,MutNovel,"T187P,1.000"
X-3200,HMCN1,83872.0,MutNovel,"R4623W,0.367"
X-3200,HMHA1,23526.0,MutNovel,"R505W,0.304"
X-3200,HNRNPA0,10949.0,MutNovel,"G227AG,0.282"
X-3200,HNRNPC,3183.0,MutNovel,"K284E,0.521"
X-3200,HNRNPH2,3188.0,MutNovel,"M293T,0.995"
X-3200,HNRNPUL2,221092.0,MutNovel,"R649C,0.498"
X-3200,HNRNPUL2,221092.0,MutNovel,"R17L,0.489"
X-3200,HOOK2,29911.0,MutNovel,"R514L,0.531"
X-3200,HOXB8,3218.0,MutNovel,"G124C,1.000"
X-3200,HS3ST6,64711.0,MutNovel,"L164P,0.880"
X-3200,HSFY2,159119.0,Del0.8,0.31
X-3200,HSFY2,159119.0,Del0.8,0.31
X-3200,HSPG2,3339.0,MutNovel,"L1314M,0.642"
X-3200,HUWE1,10075.0,MutNovel,"R4286C,1.000"
X-3200,ICMT,23463.0,MutNovel,"P230T,0.571"
X-3200,IDH3G,3421.0,MutNovel,"R389Q,0.586"
X-3200,IDUA,3425.0,MutNovel,"H425Y,0.437"
X-3200,IFNGR2,3460.0,MutNovel,"L13F,0.510"
X-3200,IFRD2,7866.0,MutNovel,"D20N,0.258"
X-3200,IFT122,55764.0,MutNovel,"R2G,0.429"
X-3200,IFT74,80173.0,MutNovel,"T443I,0.494"
X-3200,IGF1R,3480.0,MutNovel,"R1095K,0.746"
X-3200,IGSF10,285313.0,MutNovel,"M1552T,0.500"
X-3200,IGSF3,3321.0,MutNovel,"D1041G,0.444"
X-3200,IKBIP,121457.0,MutNovel,"L143V,0.557"
X-3200,IL12RB2,3595.0,MutNovel,"T409S,1.000"
X-3200,IMMP1L,196294.0,MutNovel,"G31V,0.410"
X-3200,INCENP,3619.0,MutNovel,"V120F,0.486"
X-3200,ING1,3621.0,MutNovel,"FS85F,0.500"
X-3200,INPP4A,3631.0,MutNovel,"G688S,0.417"
X-3200,INPP4A,3631.0,MutNovel,"V770M,0.815"
X-3200,INPP5F,22876.0,MutNovel,"I121T,0.472"
X-3200,INPP5F,22876.0,MutNovel,"PS1057P,0.556"
X-3200,INPP5J,27124.0,MutNovel,"Q626H,0.564"
X-3200,INTS1,26173.0,MutNovel,"V744I,0.453"
X-3200,INVS,27130.0,MutNovel,"K91N,0.447"
X-3200,IQSEC2,23096.0,MutKnownFunctional,"-1413,0.357"
X-3200,IRF2,3660.0,MutNovel,"R7C,0.537"
X-3200,ITGA9,3680.0,MutNovel,"N1034K,0.378"
X-3200,ITGB4,3691.0,MutNovel,"H602R,0.552"
X-3200,ITPR2,3709.0,MutNovel,"S1176N,0.500"
X-3200,JSRP1,126306.0,MutNovel,"P111L,0.389"
X-3200,KCNMA1,3778.0,MutNovel,"R1097C,0.386"
X-3200,KCNQ1,3784.0,MutNovel,"R591C,0.750"
X-3200,KCNRG,283518.0,MutKnownFunctional,"-100,0.523"
X-3200,KCTD1,284252.0,MutNovel,"Q67R,0.667"
X-3200,KCTD6,200845.0,MutNovel,"C104R,0.231"
X-3200,KDM1A,23028.0,MutNovel,"R632H,0.202"
X-3200,KDM4C,23081.0,MutNovel,"A1036T,0.492"
X-3200,KDM5A,5927.0,MutKnownFunctional,"R266*,0.500"
X-3200,KDM5D,8284.0,Del0.8,0.31
X-3200,KHDRBS1,10657.0,MutNovel,"A55V,0.463"
X-3200,KIAA0182,23199.0,MutKnownFunctional,"-120,0.439"
X-3200,KIAA0232,9778.0,MutNovel,"H446Y,0.500"
X-3200,KIAA0368,23392.0,MutNovel,"P114Q,0.600"
X-3200,KIAA0513,9764.0,MutNovel,"Q397R,0.545"
X-3200,KIAA0556,23247.0,MutNovel,"S1596N,0.508"
X-3200,KIAA0913,23053.0,MutKnownFunctional,"-1685,0.578"
X-3200,KIAA0947,23379.0,MutNovel,"G1092C,0.579"
X-3200,KIAA1109,84162.0,MutKnownFunctional,"-3755,0.286"
X-3200,KIAA1328,57536.0,MutNovel,"A35T,0.350"
X-3200,KIAA1804,84451.0,MutKnownFunctional,"W593*,0.389"
X-3200,KIAA1919,91749.0,MutKnownFunctional,"-199,0.714"
X-3200,KIAA1967,57805.0,MutNovel,"S64G,0.485"
X-3200,KIAA2013,90231.0,MutNovel,"R21L,0.551"
X-3200,KIAA2026,158358.0,MutNovel,"T1586A,0.494"
X-3200,KIDINS220,57498.0,MutNovel,"R1744M,0.425"
X-3200,KIF11,3832.0,MutNovel,"T507A,0.374"
X-3200,KIF1A,547.0,MutNovel,"S1674G,0.400"
X-3200,KIF2A,3796.0,MutNovel,"Q178H,0.511"
X-3200,KIT,3815.0,MutNovel,"G102S,0.292"
X-3200,KLF2,10365.0,MutKnownFunctional,"-166,0.471"
X-3200,KLHL17,339451.0,MutKnownFunctional,"-582,0.401"
X-3200,KPNA2,3838.0,MutNovel,"A11T,0.328"
X-3200,KRCC1,51315.0,MutKnownFunctional,"-183,0.422"
X-3200,KRT6A,3853.0,MutNovel,"E165A,0.286"
X-3200,KYNU,8942.0,MutNovel,"D459V,0.583"
X-3200,LAMB1,3912.0,MutNovel,"K1688N,0.405"
X-3200,LAMC2,3918.0,MutNovel,"G1110D,0.379"
X-3200,LARP7,51574.0,MutKnownFunctional,"-590,0.383"
X-3200,LCE3B,353143.0,Del0.8,0.43
X-3200,LCE3C,353144.0,Del0.8,0.43
X-3200,LDLR,3949.0,MutNovel,"N819S,0.268"
X-3200,LETM2,137994.0,MutNovel,"L182P,0.538"
X-3200,LGMN,5641.0,MutNovel,"M173T,0.458"
X-3200,LGR5,8549.0,MutKnownFunctional,"-376?,0.217"
X-3200,LHX4,89884.0,MutNovel,"G357W,0.600"
X-3200,LIF,3976.0,MutNovel,"A130V,0.420"
X-3200,LIMA1,51474.0,MutNovel,"D182E,0.517"
X-3200,LIPH,200879.0,MutNovel,"P293S,0.733"
X-3200,LLGL1,3996.0,MutNovel,"F6L,0.320"
X-3200,LMNB2,84823.0,MutNovel,"V412I,0.645"
X-3200,LOC100506248,,MutNovel,"-66E,1.000"
X-3200,LOC100652741,,MutKnownFunctional,"-478?,0.355"
X-3200,LOC100996412,,MutNovel,"F14L,0.600"
X-3200,LOC100996516,,MutKnownFunctional,"-235,0.458"
X-3200,LOC644634,,MutNovel,"P159S,1.000"
X-3200,LPHN1,22859.0,MutNovel,"P1412S,0.462"
X-3200,LRP1,4035.0,MutKnownFunctional,"-4249,0.261"
X-3200,LRP12,29967.0,MutKnownFunctional,"-447,0.269"
X-3200,LRP5,4041.0,MutNovel,"V1410A,0.458"
X-3200,LRP6,4040.0,MutNovel,"W506R,0.571"
X-3200,LRRC16B,90668.0,MutKnownFunctional,"-939,0.266"
X-3200,LRRC17,10234.0,MutKnownFunctional,"-422,0.423"
X-3200,LRRC37A,9884.0,MutNovel,"T167I,1.000"
X-3200,LRRC37A,9884.0,MutNovel,"S1121R,1.000"
X-3200,LRRC37A,9884.0,MutNovel,"L1378P,1.000"
X-3200,LRRC41,10489.0,MutNovel,"Q152R,0.451"
X-3200,LSR,51599.0,MutNovel,"G518GR,0.851"
X-3200,LTBP2,4053.0,MutNovel,"A216T,0.800"
X-3200,LTN1,26046.0,MutKnownFunctional,"-582,0.882"
X-3200,LUC7L3,51747.0,MutNovel,"G103C,0.515"
X-3200,MAP1B,4131.0,MutNovel,"E2026D,0.431"
X-3200,MAP3K1,4214.0,MutNovel,"ST941S,0.614"
X-3200,MAP3K12,7786.0,MutNovel,"A88T,0.625"
X-3200,MAP3K4,4216.0,MutNovel,"PA1189P,0.480"
X-3200,MAP3K6,9064.0,MutNovel,"T1173A,0.426"
X-3200,MAP6D1,79929.0,MutNovel,"A46T,0.667"
X-3200,MAP7D1,55700.0,MutNovel,"L237M,0.401"
X-3200,MAPK8IP1,9479.0,MutNovel,"V412I,0.211"
X-3200,MAPK9,5601.0,MutNovel,"I356V,0.453"
X-3200,MAPRE3,22924.0,MutKnownFunctional,"-179,0.375"
X-3200,2014-03-05 00:00:00,54708.0,MutNovel,"Q258R,0.329"
X-3200,MARCKS,4082.0,MutKnownFunctional,"-152,0.800"
X-3200,MARK3,4140.0,MutNovel,"FV319F,0.380"
X-3200,MAST3,23031.0,MutNovel,"K876R,0.407"
X-3200,MAT2A,4144.0,MutNovel,"R292C,0.497"
X-3200,MBD1,4152.0,MutKnownFunctional,"-471,0.299"
X-3200,MBD6,114785.0,MutKnownFunctional,"-780,0.402"
X-3200,MCAM,4162.0,MutNovel,"V76M,0.273"
X-3200,MCF2L,23263.0,MutNovel,"D1122N,0.394"
X-3200,MDN1,23195.0,MutKnownFunctional,"-5469,0.344"
X-3200,MED14,9282.0,MutNovel,"S1051R,0.224"
X-3200,MED15,51586.0,MutNovel,"Q251-,0.318"
X-3200,MED23,9439.0,MutNovel,"S1176N,0.547"
X-3200,MED23,9439.0,MutNovel,"R296C,0.514"
X-3200,MED23,9439.0,MutNovel,"R95G,0.558"
X-3200,MEF2A,4205.0,MutNovel,"QQ412-,0.225"
X-3200,MEGF8,1954.0,MutNovel,"V258A,0.400"
X-3200,MEGF8,1954.0,MutNovel,"R2200H,0.483"
X-3200,MESDC1,59274.0,MutNovel,"R208H,0.522"
X-3200,MESDC2,23184.0,MutKnownFunctional,"-211,0.384"
X-3200,MEX3C,51320.0,MutNovel,"D137N,0.684"
X-3200,MFHAS1,9258.0,MutNovel,"A566V,0.565"
X-3200,MGAT4B,11282.0,MutNovel,"V150M,0.521"
X-3200,MIB1,57534.0,MutKnownFunctional,"-826,0.368"
X-3200,MINPP1,9562.0,MutNovel,"Y447H,0.388"
X-3200,MLL2,8085.0,MutNovel,"S2298G,0.375"
X-3200,MLL2,8085.0,MutKnownFunctional,"-1235,0.323"
X-3200,MLL3,58508.0,MutKnownFunctional,"-2797,0.500"
X-3200,MLL4,9757.0,MutKnownFunctional,"-215,0.434"
X-3200,MOV10,4343.0,MutNovel,"A477G,0.552"
X-3200,MPLKIP,,MutNovel,"Y54D,0.549"
X-3200,MPRIP,23164.0,MutNovel,"TS178T,0.274"
X-3200,MPRIP,23164.0,MutNovel,"A232V,0.493"
X-3200,MPRIP,23164.0,MutNovel,"T929M,0.464"
X-3200,MSH3,4437.0,MutKnownFunctional,"-381,0.917"
X-3200,MSH6,2956.0,MutKnownFunctional,"-1085,0.473"
X-3200,MSH6,2956.0,MutKnownFunctional,"-1102,0.504"
X-3200,MSS51,,MutNovel,"M415V,0.302"
X-3200,MTERFD1,51001.0,MutNovel,"V164M,0.450"
X-3200,MTMR4,9110.0,MutNovel,"Q1184R,0.497"
X-3200,MTR,4548.0,MutNovel,"I374T,0.355"
X-3200,MUC1,4582.0,MutNovel,"G205S,0.811"
X-3200,MUC16,94025.0,MutNovel,"I10583V,0.769"
X-3200,MUM1,84939.0,MutNovel,"R341C,0.546"
X-3200,MVP,9961.0,MutNovel,"A125V,0.595"
X-3200,MXD3,83463.0,MutKnownFunctional,"-50,0.285"
X-3200,MYBBP1A,10514.0,MutNovel,"R396Q,0.504"
X-3200,MYBL1,4603.0,MutNovel,"Q650R,0.462"
X-3200,MYCBP2,23077.0,MutNovel,"D3713N,0.500"
X-3200,MYH14,79784.0,MutNovel,"D541G,0.698"
X-3200,MYO18A,399687.0,MutKnownFunctional,"-22,0.378"
X-3200,MYO3B,140469.0,MutNovel,"I620V,0.750"
X-3200,MYO3B,140469.0,MutNovel,"F1107I,0.429"
X-3200,N4BP2L1,90634.0,MutNovel,"A223T,0.432"
X-3200,N4BP2L1,90634.0,MutNovel,"D90G,0.467"
X-3200,NAV2,89797.0,MutNovel,"T2264P,0.523"
X-3200,NBPF10,100132406.0,MutNovel,"I1165F,0.281"
X-3200,NBPF15,284565.0,MutNovel,"R121H,1.000"
X-3200,NBPF16,728936.0,MutNovel,"K571M,0.667"
X-3200,NCOA3,8202.0,MutNovel,"Q1255-,0.422"
X-3200,NCOA4,8031.0,MutNovel,"PS495P,0.449"
X-3200,NCOR2,9612.0,MutNovel,"G1839GAAA,0.545"
X-3200,NCRNA00185,55410.0,Del0.8,0.31
X-3200,NDE1,54820.0,MutNovel,"S291F,0.523"
X-3200,NDUFS8,4728.0,MutNovel,"Y152C,0.517"
X-3200,NDUFV3,4731.0,MutNovel,"R26G,0.462"
X-3200,NEIL3,55247.0,MutNovel,"R498H,0.458"
X-3200,NELL2,4753.0,MutNovel,"E503G,1.000"
X-3200,NEURL4,84461.0,MutNovel,"A500V,0.571"
X-3200,NFYB,4801.0,MutNovel,"L134P,0.458"
X-3200,NINL,22981.0,MutNovel,"A928T,0.547"
X-3200,NIPBL,25836.0,MutNovel,"S2184P,0.233"
X-3200,NIT1,4817.0,MutNovel,"L5P,0.219"
X-3200,NKTR,4820.0,MutKnownFunctional,"-614?,0.353"
X-3200,NLGN4Y,22829.0,Del0.8,0.31
X-3200,NLRP2,55655.0,MutNovel,"A390V,1.000"
X-3200,NOB1,28987.0,MutNovel,"R388Q,0.215"
X-3200,NOP2,4839.0,MutNovel,"Q609R,0.375"
X-3200,NOP56,10528.0,MutNovel,"A460V,0.488"
X-3200,NOTCH2,4853.0,MutNovel,"D1760N,0.585"
X-3200,NOTCH3,4854.0,MutKnownFunctional,"-2118?,0.413"
X-3200,NPEPPS,9520.0,MutKnownFunctional,"-611,0.347"
X-3200,NR1H2,7376.0,MutNovel,"-173Q,0.408"
X-3200,NRG2,9542.0,MutNovel,"GPG667G,0.292"
X-3200,NSD1,64324.0,MutNovel,"R1877H,0.487"
X-3200,NSD1,64324.0,MutNovel,"R1914C,0.356"
X-3200,NT5C2,22978.0,MutNovel,"Y348C,0.329"
X-3200,NUDT13,25961.0,MutKnownFunctional,"Y260*,0.378"
X-3200,NUDT22,84304.0,MutNovel,"T129R,0.513"
X-3200,OAZ1,4946.0,MutNovel,"T107A,0.264"
X-3200,OPA1,4976.0,MutNovel,"VSRSIYH36V,0.318"
X-3200,OR2T10,127069.0,Amp5,7.21
X-3200,OR2T11,127077.0,Amp5,7.21
X-3200,OR2T34,127068.0,Amp5,7.21
X-3200,ORAI1,84876.0,MutNovel,"PP43-,0.733"
X-3200,OSBP,5007.0,MutNovel,"T332I,0.577"
X-3200,OSBPL2,9885.0,MutKnownFunctional,"-179,0.389"
X-3200,OSBPL3,26031.0,MutKnownFunctional,"-93,0.308"
X-3200,OSBPL7,114881.0,MutNovel,"G688D,0.415"
X-3200,P2RY8,286530.0,MutNovel,"V1424I,0.600"
X-3200,P4HTM,54681.0,MutKnownFunctional,"-414,0.579"
X-3200,PA2G4,5036.0,MutKnownFunctional,"-370,0.356"
X-3200,PALM3,342979.0,MutNovel,"D604N,0.526"
X-3200,PALMD,54873.0,MutNovel,"I551T,0.604"
X-3200,PARP3,10039.0,MutNovel,"R31G,0.440"
X-3200,PAWR,5074.0,MutNovel,"P103S,0.317"
X-3200,PAX2,5076.0,MutKnownFunctional,"-395,0.887"
X-3200,PBLD,64081.0,MutNovel,"D132A,0.375"
X-3200,PCCA,5095.0,MutNovel,"A187T,0.390"
X-3200,PCDH11Y,83259.0,Del0.8,0.33
X-3200,PCGF2,7703.0,MutNovel,"K148-,0.350"
X-3200,PCK2,5106.0,MutNovel,"T42I,0.515"
X-3200,PCNXL3,399909.0,MutNovel,"T291M,0.581"
X-3200,PCOLCE,5118.0,MutNovel,"E415D,0.472"
X-3200,PCSK9,255738.0,MutNovel,"-15L,0.667"
X-3200,PCYT2,5833.0,MutNovel,"V54I,0.464"
X-3200,PDGFC,56034.0,MutKnownFunctional,"-178,0.340"
X-3200,PDLIM1,9124.0,MutNovel,"S170N,0.356"
X-3200,PDXDC1,23042.0,MutNovel,"M463T,0.510"
X-3200,PDZK1,5174.0,Amp5,5.35
X-3200,PER2,8864.0,MutKnownFunctional,"-316,0.346"
X-3200,PER2,8864.0,MutNovel,"A212T,0.478"
X-3200,PER3,8863.0,MutNovel,"T618M,0.615"
X-3200,PEX16,9409.0,MutNovel,"P153L,0.357"
X-3200,PEX19,5824.0,MutNovel,"N284D,0.232"
X-3200,PFKP,5214.0,MutNovel,"A428G,0.382"
X-3200,PGBD1,84547.0,MutNovel,"S401N,0.462"
X-3200,PGBD2,267002.0,MutNovel,"S416G,0.289"
X-3200,PGBD4,161779.0,MutNovel,"C566R,0.357"
X-3200,PHF3,23469.0,MutKnownFunctional,"-577,0.625"
X-3200,PHLDA1,22822.0,MutNovel,"QQ194Q,0.526"
X-3200,PHRF1,57661.0,MutNovel,"E827K,0.529"
X-3200,PIAS2,9063.0,MutKnownFunctional,"-557,0.606"
X-3200,PIEZO1,9780.0,MutNovel,"R365Q,0.458"
X-3200,PIGB,9488.0,MutNovel,"P241H,0.512"
X-3200,PIGM,93183.0,MutNovel,"L158I,0.206"
X-3200,PIK3CB,5291.0,MutNovel,"I458T,0.208"
X-3200,PIK3R1,5295.0,MutKnownFunctional,"-447,0.280"
X-3200,PKD2,5311.0,MutKnownFunctional,"-718,0.410"
X-3200,PLAA,9373.0,MutNovel,"I551K,0.552"
X-3200,PLAGL1,5325.0,MutKnownFunctional,"-383,1.000"
X-3200,PLAGL2,5326.0,MutNovel,"G440S,0.518"
X-3200,PLEC,5339.0,MutKnownFunctional,"R307*,0.375"
X-3200,PLEC,5339.0,MutNovel,"T19A,0.238"
X-3200,PLEKHA3,65977.0,MutNovel,"A87T,0.254"
X-3200,PLEKHH2,130271.0,MutNovel,"Y709H,0.296"
X-3200,PLIN4,729359.0,MutNovel,"T543I,0.273"
X-3200,PLIN4,729359.0,MutNovel,"N530T,0.273"
X-3200,PLIN4,729359.0,MutNovel,"S527G,0.333"
X-3200,PLXNA1,5361.0,MutKnownFunctional,"-1016,0.400"
X-3200,PLXNB1,5364.0,MutNovel,"S437I,0.482"
X-3200,PNO1,56902.0,MutNovel,"T124I,0.536"
X-3200,PNPLA2,57104.0,MutNovel,"P327T,0.530"
X-3200,POLG,5428.0,MutNovel,"P436S,0.480"
X-3200,POLL,27343.0,MutNovel,"A249V,0.267"
X-3200,POU4F1,5457.0,MutNovel,"HQ108Q,0.294"
X-3200,PPP2R3A,5523.0,MutNovel,"Q392R,0.455"
X-3200,PPP2R5D,5528.0,MutNovel,"R514W,0.239"
X-3200,PPP4R1,9989.0,MutKnownFunctional,"-707,0.390"
X-3200,PPP4R1,9989.0,MutNovel,"A271V,0.412"
X-3200,PRKCD,5580.0,MutNovel,"G501R,0.383"
X-3200,PRKCSH,5589.0,MutNovel,"E329-,0.453"
X-3200,PRKY,5616.0,Del0.8,0.33
X-3200,PROX1,5629.0,MutNovel,"M591V,0.400"
X-3200,PRPF38A,84950.0,MutNovel,"L141S,0.461"
X-3200,PRPF40B,25766.0,MutNovel,"F17L,0.333"
X-3200,PRPF4B,8899.0,MutKnownFunctional,"-44,0.349"
X-3200,PRRC2A,7916.0,MutKnownFunctional,"-1683,0.257"
X-3200,PRRC2B,84726.0,MutNovel,"L165F,0.469"
X-3200,PRRC2B,84726.0,MutNovel,"W674R,0.478"
X-3200,PRRX1,5396.0,MutNovel,"I224V,0.253"
X-3200,PRX,57716.0,MutNovel,"R897Q,0.500"
X-3200,PRY,9081.0,Del0.8,0.31
X-3200,PRY,9081.0,Del0.8,0.31
X-3200,PRY2,442862.0,Del0.8,0.31
X-3200,PRY2,442862.0,Del0.8,0.31
X-3200,PSMD1,5707.0,MutNovel,"V473I,0.463"
X-3200,PSME4,23198.0,MutNovel,"S336N,0.444"
X-3200,PTBP1,5725.0,MutNovel,"D2E,0.489"
X-3200,PTBP1,5725.0,MutNovel,"A343T,0.209"
X-3200,PTDSS1,9791.0,MutNovel,"Y149C,0.507"
X-3200,PTK2B,2185.0,MutNovel,"Y265C,0.500"
X-3200,PTPRG,5793.0,MutNovel,"A244T,0.583"
X-3200,PVRIG,79037.0,MutNovel,"V48A,0.286"
X-3200,PWP2,5822.0,MutNovel,"G907-,0.402"
X-3200,PWWP2B,170394.0,MutKnownFunctional,"-84,0.360"
X-3200,PWWP2B,170394.0,MutKnownFunctional,"-102,0.281"
X-3200,PYCR2,29920.0,MutNovel,"A207T,0.243"
X-3200,PYGO2,90780.0,MutKnownFunctional,"-150,0.304"
X-3200,QRICH2,84074.0,MutNovel,"A1412V,0.475"
X-3200,QSER1,79832.0,MutNovel,"H695R,0.538"
X-3200,QSER1,79832.0,MutKnownFunctional,"-1695,0.423"
X-3200,QSOX1,5768.0,MutNovel,"A657T,0.228"
X-3200,RAB39B,116442.0,MutNovel,"E203D,0.800"
X-3200,RADIL,55698.0,MutNovel,"V803I,0.714"
X-3200,RAF1,5894.0,MutNovel,"P261R,0.396"
X-3200,RALGAPA1,253959.0,MutNovel,"M1745T,0.575"
X-3200,RALGDS,5900.0,MutNovel,"R459S,0.487"
X-3200,RAPH1,65059.0,MutKnownFunctional,"-719,0.417"
X-3200,RARG,5916.0,MutKnownFunctional,"-8,0.429"
X-3200,RBBP5,5929.0,MutNovel,"V287L,0.250"
X-3200,RBM18,92400.0,MutKnownFunctional,"-177,0.514"
X-3200,RBM19,9904.0,MutNovel,"Q602E,0.453"
X-3200,RBM6,10180.0,MutNovel,"R477Q,0.445"
X-3200,RBMY1A3P,286557.0,Del0.8,0.33
X-3200,RBMY1B,378948.0,Del0.8,0.31
X-3200,RBMY1B,378948.0,Del0.8,0.31
X-3200,RBMY1E,378950.0,Del0.8,0.31
X-3200,RBMY1E,378950.0,Del0.8,0.31
X-3200,RBMY1F,159163.0,Del0.8,0.31
X-3200,RBMY1F,159163.0,Del0.8,0.31
X-3200,RBMY1J,378951.0,Del0.8,0.31
X-3200,RBMY1J,378951.0,Del0.8,0.31
X-3200,RBMY2EP,159125.0,Del0.8,0.31
X-3200,RBMY2FP,159162.0,Del0.8,0.31
X-3200,RBMY3AP,64593.0,Del0.8,0.31
X-3200,RCL1,10171.0,MutNovel,"Q4R,0.214"
X-3200,REXO2,25996.0,MutNovel,"A40T,0.566"
X-3200,RFX3,5991.0,MutNovel,"A101T,0.474"
X-3200,RGL2,5863.0,MutKnownFunctional,"-218,0.412"
X-3200,RGL2,5863.0,MutKnownFunctional,"-203,0.406"
X-3200,RGL2,5863.0,MutKnownFunctional,"-15,0.511"
X-3200,RGS12,6002.0,MutNovel,"A591S,0.521"
X-3200,RGS12,6002.0,MutKnownFunctional,"-1176,0.307"
X-3200,RGS12,6002.0,MutKnownFunctional,"-1288?,0.292"
X-3200,RHOBTB1,9886.0,MutNovel,"V591L,0.440"
X-3200,RIBC1,158787.0,MutKnownFunctional,"-4,0.500"
X-3200,RIF1,55183.0,MutNovel,"T2014M,0.400"
X-3200,RIN2,54453.0,MutNovel,"L136W,0.529"
X-3200,RIN3,79890.0,MutNovel,"G967-,0.857"
X-3200,RING1,6015.0,MutKnownFunctional,"-171,0.457"
X-3200,RMND5B,64777.0,MutKnownFunctional,"-8,0.447"
X-3200,RNASEH2B,79621.0,MutKnownFunctional,"-306,0.286"
X-3200,RNF112,7732.0,MutNovel,"Y305C,0.333"
X-3200,RNF169,254225.0,MutNovel,"P74S,0.333"
X-3200,RNF39,80352.0,MutNovel,"G77R,0.364"
X-3200,RNF6,6049.0,MutKnownFunctional,"-593,0.408"
X-3200,RNFT1,51136.0,MutNovel,"G102D,0.617"
X-3200,RNPEPL1,57140.0,MutNovel,"S375G,0.511"
X-3200,ROCK1,6093.0,MutKnownFunctional,"-1307,0.283"
X-3200,RPL14,9045.0,MutNovel,"TAAA149T,0.398"
X-3200,RPL22,6146.0,MutKnownFunctional,"-15,0.320"
X-3200,RPL29,6159.0,MutNovel,"P86L,0.520"
X-3200,RPN1,6184.0,MutNovel,"Y341C,0.535"
X-3200,RPRD2,23248.0,MutNovel,"I720V,0.236"
X-3200,RPS4Y1,6192.0,Del0.8,0.33
X-3200,RPS4Y2,140032.0,Del0.8,0.31
X-3200,RTEL1,51750.0,MutNovel,"GE794G,0.463"
X-3200,RTN4R,65078.0,MutNovel,"R61C,0.500"
X-3200,SACM1L,22908.0,MutKnownFunctional,"-564,0.469"
X-3200,SALL4,57167.0,MutKnownFunctional,"-995,0.469"
X-3200,SAMD1,90378.0,MutNovel,"Y31C,0.250"
X-3200,SAP130,79595.0,MutNovel,"G1069E,0.556"
X-3200,SAP30L,79685.0,MutKnownFunctional,"-14,0.281"
X-3200,SCAF4,57466.0,MutKnownFunctional,"-250,0.254"
X-3200,SCAP,22937.0,MutNovel,"E923K,0.471"
X-3200,SCO1,6341.0,MutNovel,"T101K,0.518"
X-3200,SDF2,6388.0,MutNovel,"V3A,0.632"
X-3200,SDSL,113675.0,MutNovel,"S153N,0.471"
X-3200,SEC23A,10484.0,MutNovel,"Q152R,0.474"
X-3200,SEC24A,10802.0,MutNovel,"A905T,0.488"
X-3200,SEMA4C,54910.0,MutNovel,"P560H,0.235"
X-3200,SERINC2,347735.0,MutNovel,"-373Q,0.283"
X-3200,SETD1B,23067.0,MutNovel,"A1500T,0.371"
X-3200,SFPQ,6421.0,MutNovel,"Y488H,0.513"
X-3200,SGOL1,151648.0,MutNovel,"V447I,0.506"
X-3200,SGOL2,151246.0,MutKnownFunctional,"-641,0.268"
X-3200,SH3BP1,23616.0,MutNovel,"Y209C,0.528"
X-3200,SH3BP5L,80851.0,MutNovel,"V180A,0.212"
X-3200,SH3GLB2,56904.0,MutKnownFunctional,"-333?,0.359"
X-3200,SH3PXD2A,9644.0,MutNovel,"A937S,0.464"
X-3200,SHANK3,85358.0,MutNovel,"R1317H,0.519"
X-3200,SHPK,23729.0,MutNovel,"L366R,0.470"
X-3200,SHPRH,257218.0,MutNovel,"I620F,0.364"
X-3200,SHROOM4,57477.0,MutNovel,"T981I,1.000"
X-3200,SIL1,64374.0,MutNovel,"L206F,0.479"
X-3200,SIPA1L2,57568.0,MutKnownFunctional,"E136*,0.202"
X-3200,SIX5,147912.0,MutKnownFunctional,"-17,0.414"
X-3200,SKI,6497.0,MutNovel,"R645W,0.500"
X-3200,SLC12A2,6558.0,MutNovel,"AA96-,0.308"
X-3200,SLC13A4,26266.0,MutNovel,"R107C,1.000"
X-3200,SLC15A4,121260.0,MutNovel,"Y531H,0.305"
X-3200,SLC16A14,151473.0,MutNovel,"A160T,0.769"
X-3200,SLC16A4,9122.0,MutKnownFunctional,"-475,0.485"
X-3200,SLC25A23,79085.0,MutNovel,"L307P,0.370"
X-3200,SLC25A4,291.0,MutNovel,"N74D,0.504"
X-3200,SLC25A46,91137.0,MutNovel,"-84G,0.276"
X-3200,SLC26A1,10861.0,MutNovel,"Y284H,0.250"
X-3200,SLC26A11,284129.0,MutNovel,"R284Q,0.603"
X-3200,SLC2A1,6513.0,MutNovel,"K256V,0.350"
X-3200,SLC2A9,56606.0,MutNovel,"P253L,0.636"
X-3200,SLC31A1,1317.0,MutNovel,"V62A,0.538"
X-3200,SLC34A2,10568.0,MutNovel,"S438L,0.467"
X-3200,SLC35F5,80255.0,MutKnownFunctional,"-248?,0.259"
X-3200,SLC39A3,29985.0,MutNovel,"G161D,0.338"
X-3200,SLC40A1,30061.0,MutKnownFunctional,"L384*,0.418"
X-3200,SLC44A3,126969.0,MutNovel,"G393W,0.314"
X-3200,SLC4A3,6508.0,MutKnownFunctional,"-155,0.456"
X-3200,SLC6A2,6530.0,MutKnownFunctional,"-194?,0.392"
X-3200,SLC6A20,54716.0,MutNovel,"G164R,0.364"
X-3200,SLMAP,7871.0,MutNovel,"I241M,0.681"
X-3200,SMARCAL1,50485.0,MutNovel,"L519P,0.471"
X-3200,SMC6,79677.0,MutKnownFunctional,"-410,0.347"
X-3200,SMCR8,140775.0,MutNovel,"Y16H,0.545"
X-3200,SMTN,6525.0,MutNovel,"R85H,0.402"
X-3200,SNAPC4,6621.0,MutNovel,"S542-,0.286"
X-3200,SNX1,6642.0,MutNovel,"Y552C,0.419"
X-3200,SNX25,83891.0,MutKnownFunctional,"-636,0.297"
X-3200,SNX7,51375.0,MutKnownFunctional,"-29,0.273"
X-3200,SOGA1,,MutNovel,"S1140N,0.382"
X-3200,SOLH,6650.0,MutNovel,"QE134Q,0.312"
X-3200,SON,6651.0,MutNovel,"SEQ223-,0.371"
X-3200,SPATA2,9825.0,MutNovel,"R349Q,0.348"
X-3200,SPEG,10290.0,MutNovel,"S1367N,0.556"
X-3200,SPIRE1,56907.0,MutNovel,"I45T,1.000"
X-3200,SPON2,10417.0,MutNovel,"S193N,0.414"
X-3200,SPOP,8405.0,MutKnownFunctional,"-367,0.529"
X-3200,SPTBN2,6712.0,MutNovel,"R1686Q,0.549"
X-3200,SPTBN2,6712.0,MutNovel,"R47H,0.207"
X-3200,SRCAP,10847.0,MutNovel,"R986W,0.347"
X-3200,SRD5A2,6716.0,MutKnownFunctional,"-30?,0.941"
X-3200,SREBF2,6721.0,MutNovel,"A233V,0.458"
X-3200,SRI,6717.0,MutNovel,"Q181R,0.456"
X-3200,SRRM2,23524.0,MutNovel,"P1464S,0.395"
X-3200,SRY,6736.0,Del0.8,0.33
X-3200,SSBP2,23635.0,MutKnownFunctional,"-51,0.312"
X-3200,SSBP3,23648.0,MutNovel,"A233T,0.243"
X-3200,SSPO,23145.0,MutNovel,"A3914T,0.444"
X-3200,STAG3,10734.0,MutNovel,"M301V,0.800"
X-3200,STARD5,80765.0,MutNovel,"A106T,0.500"
X-3200,STARD7,56910.0,MutNovel,"Q183R,0.483"
X-3200,STAU2,27067.0,MutKnownFunctional,"-364,0.271"
X-3200,STK3,6788.0,MutNovel,"Q440R,0.543"
X-3200,STK36,27148.0,MutNovel,"R1236Q,0.398"
X-3200,STK40,83931.0,MutNovel,"A426V,0.509"
X-3200,STUB1,10273.0,MutNovel,"A292V,0.474"
X-3200,STX12,23673.0,MutNovel,"S166N,0.411"
X-3200,SUCO,,MutNovel,"M706V,0.280"
X-3200,SULT1A1,6817.0,MutKnownFunctional,"Q32*,0.518"
X-3200,SUPT16H,11198.0,MutNovel,"T828A,0.475"
X-3200,SYDE1,85360.0,MutNovel,"T511A,0.524"
X-3200,SYNE2,23224.0,MutNovel,"A3655V,0.500"
X-3200,SYNJ2,8871.0,MutKnownFunctional,"-1111,0.389"
X-3200,SYT11,23208.0,MutNovel,"P9S,0.224"
X-3200,SZT2,23334.0,MutNovel,"R283H,0.556"
X-3200,TACC2,10579.0,MutNovel,"T1212A,0.423"
X-3200,TACSTD2,4070.0,MutNovel,"T122M,0.554"
X-3200,TAF1,6872.0,MutNovel,"R1082C,0.569"
X-3200,TAF1,6872.0,MutNovel,"R1358H,1.000"
X-3200,TAF1C,9013.0,MutKnownFunctional,"-534,0.517"
X-3200,TAOK2,9344.0,MutKnownFunctional,"-1020,0.413"
X-3200,TAP2,6891.0,MutKnownFunctional,"Q388*,0.368"
X-3200,TAPBP,6892.0,MutNovel,"C382Y,0.404"
X-3200,TARS,6897.0,MutNovel,"R722H,0.519"
X-3200,TAS1R3,83756.0,MutNovel,"P17H,0.630"
X-3200,TBC1D19,55296.0,MutNovel,"L456S,0.512"
X-3200,TBC1D2B,23102.0,MutNovel,"S155P,0.474"
X-3200,TBC1D5,9779.0,MutNovel,"R676C,0.250"
X-3200,TBL1X,6907.0,MutNovel,"R146W,0.448"
X-3200,TBL1Y,90665.0,Del0.8,0.33
X-3200,TBX3,6926.0,MutKnownFunctional,"-472,0.349"
X-3200,TCF20,6942.0,MutNovel,"C1328F,0.463"
X-3200,TCF4,6925.0,MutNovel,"E668G,0.571"
X-3200,TCF7L2,6934.0,MutNovel,"P109T,0.475"
X-3200,TCHH,7062.0,MutNovel,"C1110Y,0.214"
X-3200,TECPR1,25851.0,MutNovel,"F895L,0.493"
X-3200,TESK1,7016.0,MutKnownFunctional,"-368,0.519"
X-3200,TESK2,10420.0,MutNovel,"D206N,0.318"
X-3200,TET1,80312.0,MutNovel,"G2016S,0.400"
X-3200,TFEB,7942.0,MutNovel,"QQ40Q,0.400"
X-3200,TGFBR3,7049.0,MutNovel,"P402L,0.750"
X-3200,TGIF2LY,90655.0,Del0.8,0.33
X-3200,THADA,63892.0,MutNovel,"Q1409R,0.562"
X-3200,TICRR,,MutNovel,"N291S,0.217"
X-3200,TIFA,92610.0,MutKnownFunctional,"R51*,0.582"
X-3200,TJP1,7082.0,MutNovel,"S1655G,0.533"
X-3200,TJP3,27134.0,MutNovel,"Y700H,0.455"
X-3200,TLE1,7088.0,MutNovel,"H132L,0.505"
X-3200,TLN1,7094.0,MutNovel,"A667V,0.542"
X-3200,TMA16,,MutKnownFunctional,"-13,0.275"
X-3200,TMEM109,79073.0,MutNovel,"F96L,0.500"
X-3200,TMEM161A,54929.0,MutNovel,"A477T,0.506"
X-3200,TMEM184A,202915.0,MutNovel,"G392GA,0.339"
X-3200,TMEM184A,202915.0,MutKnownFunctional,"-26?,0.350"
X-3200,TMEM238,388564.0,MutNovel,"G85D,0.266"
X-3200,TMEM38B,55151.0,MutNovel,"A271T,0.652"
X-3200,TMEM41B,440026.0,MutNovel,"F209L,0.508"
X-3200,TMEM5,10329.0,MutNovel,"D355G,0.247"
X-3200,TMEM57,55219.0,MutKnownFunctional,"-100,0.404"
X-3200,TMEM97,27346.0,MutNovel,"R163W,0.416"
X-3200,TMSB4Y,9087.0,Del0.8,0.31
X-3200,TNFAIP1,7126.0,MutNovel,"R44W,0.460"
X-3200,TNFAIP2,7127.0,MutNovel,"AK27A,0.293"
X-3200,TNFRSF1A,7132.0,MutNovel,"P289H,0.515"
X-3200,TNFSF13,8741.0,MutNovel,"A26V,0.467"
X-3200,TNK2,10188.0,MutKnownFunctional,"W847*,0.544"
X-3200,TNK2,10188.0,MutKnownFunctional,"-710,0.420"
X-3200,TNKS2,80351.0,MutKnownFunctional,"-619,0.257"
X-3200,TNPO3,23534.0,MutNovel,"R54W,0.459"
X-3200,TOP2B,7155.0,MutNovel,"R178C,0.482"
X-3200,TPP1,1200.0,MutKnownFunctional,"-435?,0.254"
X-3200,TRAF3IP2,10758.0,MutNovel,"I290S,0.445"
X-3200,TRAF4,9618.0,MutNovel,"P381A,0.202"
X-3200,TRAF6,7189.0,MutNovel,"R431C,0.727"
X-3200,TRAPPC4,51399.0,MutNovel,"R171Q,0.603"
X-3200,TRIM2,23321.0,MutNovel,"I616V,0.301"
X-3200,TRIM25,7706.0,MutNovel,"I342T,0.588"
X-3200,TRIM66,9866.0,MutNovel,"P1072H,0.258"
X-3200,TRIM73,,MutNovel,"M210T,0.371"
X-3200,TRIO,7204.0,MutNovel,"R1587H,0.488"
X-3200,TRPM5,29850.0,MutKnownFunctional,"-1042,0.583"
X-3200,TSPY1,7258.0,Del0.8,0.33
X-3200,TSPY2,64591.0,Del0.8,0.33
X-3200,TSPY3,728137.0,Del0.8,0.33
X-3200,TSPY4,728395.0,Del0.8,0.33
X-3200,TSPY8,728403.0,Del0.8,0.33
X-3200,TSPYL1,7259.0,MutNovel,"G433R,0.282"
X-3200,TSPYL1,7259.0,MutNovel,"V176VW,0.426"
X-3200,TTC28,23331.0,MutKnownFunctional,"-1976,0.433"
X-3200,TTF2,8458.0,MutNovel,"S889G,0.422"
X-3200,TTN,7273.0,MutNovel,"I13716V,0.613"
X-3200,TTTY10,246119.0,Del0.8,0.31
X-3200,TTTY11,83866.0,Del0.8,0.33
X-3200,TTTY12,83867.0,Del0.8,0.33
X-3200,TTTY13,83868.0,Del0.8,0.31
X-3200,TTTY14,83869.0,Del0.8,0.31
X-3200,TTTY15,64595.0,Del0.8,0.31
X-3200,TTTY16,252948.0,Del0.8,0.33
X-3200,TTTY17A,252949.0,Del0.8,0.31
X-3200,TTTY17A,252949.0,Del0.8,0.31
X-3200,TTTY18,252950.0,Del0.8,0.33
X-3200,TTTY19,252952.0,Del0.8,0.33
X-3200,TTTY1B,100101116.0,Del0.8,0.33
X-3200,TTTY1B,100101116.0,Del0.8,0.31
X-3200,TTTY2,60439.0,Del0.8,0.31
X-3200,TTTY2,60439.0,Del0.8,0.33
X-3200,TTTY20,252951.0,Del0.8,0.33
X-3200,TTTY21,252953.0,Del0.8,0.31
X-3200,TTTY21,252953.0,Del0.8,0.33
X-3200,TTTY22,252954.0,Del0.8,0.31
X-3200,TTTY23,252955.0,Del0.8,0.31
X-3200,TTTY23,252955.0,Del0.8,0.33
X-3200,TTTY3,114760.0,Del0.8,0.31
X-3200,TTTY3,114760.0,Del0.8,0.31
X-3200,TTTY4,114761.0,Del0.8,0.31
X-3200,TTTY4,114761.0,Del0.8,0.31
X-3200,TTTY5,83863.0,Del0.8,0.31
X-3200,TTTY6,84672.0,Del0.8,0.31
X-3200,TTTY6,84672.0,Del0.8,0.31
X-3200,TTTY7,246122.0,Del0.8,0.33
X-3200,TTTY7,246122.0,Del0.8,0.31
X-3200,TTTY7B,100101120.0,Del0.8,0.33
X-3200,TTTY7B,100101120.0,Del0.8,0.31
X-3200,TTTY8,84673.0,Del0.8,0.33
X-3200,TTTY8,84673.0,Del0.8,0.31
X-3200,TTTY9A,83864.0,Del0.8,0.31
X-3200,TTTY9A,83864.0,Del0.8,0.31
X-3200,TUBB8,347688.0,MutKnownFunctional,"Y281*,1.000"
X-3200,TUBB8,347688.0,MutNovel,"R276Q,1.000"
X-3200,TUBB8,347688.0,MutNovel,"V179M,0.500"
X-3200,TUBB8,347688.0,MutNovel,"L152H,0.500"
X-3200,TUBB8,347688.0,MutNovel,"G109V,1.000"
X-3200,TUBG2,27175.0,MutNovel,"A403T,0.380"
X-3200,TUSC1,286319.0,MutNovel,"-48A,0.396"
X-3200,TXLNG2P,246126.0,Del0.8,0.31
X-3200,U2SURP,23350.0,MutNovel,"A593V,0.526"
X-3200,UBAP1,51271.0,MutNovel,"L67P,0.404"
X-3200,UBN2,254048.0,MutNovel,"T258I,0.375"
X-3200,UBR4,23352.0,MutNovel,"E3196K,0.545"
X-3200,UGCG,7357.0,MutNovel,"R379H,0.515"
X-3200,UHRF1BP1L,23074.0,MutNovel,"M1137I,0.522"
X-3200,UPF2,26019.0,MutNovel,"Y201C,0.316"
X-3200,USP19,10869.0,MutNovel,"R914H,0.444"
X-3200,USP35,57558.0,MutKnownFunctional,"-652,0.286"
X-3200,USP36,57602.0,MutNovel,"KKK958K,0.725"
X-3200,USP47,55031.0,MutKnownFunctional,"-1031,0.263"
X-3200,USP49,25862.0,MutNovel,"T203I,0.389"
X-3200,USP5,8078.0,MutNovel,"R415Q,0.478"
X-3200,USP51,158880.0,MutNovel,"R229C,1.000"
X-3200,USP7,7874.0,MutNovel,"Q879R,0.428"
X-3200,USP9X,8239.0,MutKnownFunctional,"-1674,0.444"
X-3200,USP9Y,8287.0,Del0.8,0.31
X-3200,UTP20,27340.0,MutNovel,"A1997T,0.500"
X-3200,UTRN,7402.0,MutNovel,"R3082G,0.250"
X-3200,UTY,7404.0,Del0.8,0.31
X-3200,VCPIP1,80124.0,MutNovel,"Y925C,0.455"
X-3200,VCY,9084.0,Del0.8,0.31
X-3200,VCY,9084.0,Del0.8,0.31
X-3200,VEZF1,7716.0,MutNovel,"Q11R,0.349"
X-3200,VEZT,55591.0,MutNovel,"K85R,0.521"
X-3200,VPS13B,157680.0,MutNovel,"D2582N,0.385"
X-3200,VPS41,27072.0,MutNovel,"K424E,0.463"
X-3200,VWA5B2,90113.0,MutNovel,"R745C,0.889"
X-3200,WAPAL,23063.0,MutNovel,"M1155T,0.295"
X-3200,WBP11,51729.0,MutKnownFunctional,"-520?,0.312"
X-3200,WBP4,11193.0,MutNovel,"K250N,0.500"
X-3200,WDR55,54853.0,MutKnownFunctional,"-339,0.455"
X-3200,WDR5B,54554.0,MutNovel,"L278P,0.420"
X-3200,WDR62,284403.0,MutNovel,"I518F,0.425"
X-3200,WDR74,54663.0,MutNovel,"L317V,0.539"
X-3200,WFS1,7466.0,MutKnownFunctional,"W678*,0.419"
X-3200,WHSC1,7468.0,MutNovel,"T931M,0.463"
X-3200,WNK2,65268.0,MutKnownFunctional,"Q1133*,0.262"
X-3200,WNT16,51384.0,MutNovel,"A317T,0.750"
X-3200,WSB2,55884.0,MutNovel,"A112T,0.209"
X-3200,WWP1,11059.0,MutNovel,"H820R,0.488"
X-3200,XKRY2,353515.0,Del0.8,0.31
X-3200,XKRY2,353515.0,Del0.8,0.31
X-3200,XPNPEP1,7511.0,MutNovel,"D195N,0.407"
X-3200,XPOT,11260.0,MutNovel,"Q272R,0.561"
X-3200,XRN1,54464.0,MutNovel,"R1177C,0.341"
X-3200,YDJC,150223.0,MutNovel,"L322I,0.492"
X-3200,YME1L1,10730.0,MutNovel,"K209R,0.344"
X-3200,YRDC,79693.0,MutNovel,"A84V,0.506"
X-3200,ZBTB2,57621.0,MutKnownFunctional,"-340,0.366"
X-3200,ZBTB39,9880.0,MutNovel,"A551T,0.714"
X-3200,ZC3H13,23091.0,MutKnownFunctional,"-693,0.304"
X-3200,ZC3HAV1,56829.0,MutNovel,"V211M,0.650"
X-3200,ZFHX3,463.0,MutNovel,"L2751F,0.600"
X-3200,ZFHX3,463.0,MutKnownFunctional,"Q2557*,0.308"
X-3200,ZFP28,140612.0,MutKnownFunctional,"-81,0.633"
X-3200,ZFP82,284406.0,MutNovel,"S407L,0.500"
X-3200,ZFPM1,161882.0,MutNovel,"Q556QGA,0.500"
X-3200,ZFR,51663.0,MutKnownFunctional,"-613?,0.514"
X-3200,ZFY,7544.0,Del0.8,0.33
X-3200,ZMIZ2,83637.0,MutKnownFunctional,"-735,0.417"
X-3200,ZMYM2,7750.0,MutKnownFunctional,"-1042,0.312"
X-3200,ZMYM2,7750.0,MutNovel,"E1284G,0.386"
X-3200,ZNF16,7564.0,MutKnownFunctional,"-310,0.395"
X-3200,ZNF219,51222.0,MutNovel,"QPP233P,0.421"
X-3200,ZNF234,10780.0,MutKnownFunctional,"R644*,0.536"
X-3200,ZNF282,8427.0,MutNovel,"P666L,0.549"
X-3200,ZNF350,59348.0,MutNovel,"Q452P,0.333"
X-3200,ZNF350,59348.0,MutNovel,"V418F,0.489"
X-3200,ZNF384,171017.0,MutNovel,"QQQQ512Q,0.202"
X-3200,ZNF419,79744.0,MutNovel,"R194M,0.263"
X-3200,ZNF445,353274.0,MutNovel,"R20Q,0.333"
X-3200,ZNF497,162968.0,MutNovel,"G354D,0.640"
X-3200,ZNF528,84436.0,MutKnownFunctional,"-316,0.250"
X-3200,ZNF574,64763.0,MutNovel,"R792W,0.512"
X-3200,ZNF598,90850.0,MutKnownFunctional,"-805,0.438"
X-3200,ZNF616,90317.0,MutNovel,"T488A,0.526"
X-3200,ZNF639,51193.0,MutNovel,"H340Y,0.245"
X-3200,ZNF668,79759.0,MutKnownFunctional,"-538?,0.465"
X-3200,ZNF682,91120.0,MutNovel,"M176I,0.652"
X-3200,ZNF71,58491.0,MutNovel,"R483H,0.516"
X-3200,ZNF730,,MutNovel,"S296F,1.000"
X-3200,ZNF766,90321.0,MutNovel,"G85D,0.318"
X-3200,ZNF774,342132.0,MutNovel,"D218N,0.385"
X-3200,ZNF776,284309.0,MutKnownFunctional,"-8,0.387"
X-3200,ZNF789,285989.0,MutNovel,"N353S,0.255"
X-3200,ZNF800,168850.0,MutNovel,"R267Q,0.419"
X-3200,ZNF805,390980.0,MutNovel,"H188N,0.444"
X-3200,ZNF808,388558.0,MutNovel,"C373Y,0.438"
X-3200,ZNF83,55769.0,MutNovel,"G105D,0.368"
X-3200,ZNF841,284371.0,MutNovel,"A220T,0.479"
X-3200,ZSCAN2,54993.0,MutNovel,"M441V,0.250"
X-3274,ABCB6,10058.0,MutNovel,"Q501E,0.651"
X-3274,ACOXL,55289.0,Del0.8,0.76
X-3274,ADCK5,203054.0,Amp5,5.58
X-3274,AGAP4,119016.0,MutNovel,"D205E,0.600"
X-3274,AKAP11,11215.0,Del0.8,0.75
X-3274,ALDH4A1,8659.0,MutNovel,"R10L,0.400"
X-3274,ALG11,440138.0,Del0.8,0.77
X-3274,ALG5,29880.0,Del0.8,0.77
X-3274,ALOX5AP,241.0,Del0.8,0.77
X-3274,AMELY,266.0,Del0.8,0.21
X-3274,ANKRD26P3,100101938.0,Del0.8,0.78
X-3274,ANKRD36,375248.0,MutNovel,"T998S,0.212"
X-3274,ANKRD36C,,MutNovel,"P647S,0.500"
X-3274,ANXA3,306.0,Del0.8,0.72
X-3274,ARC,23237.0,Amp5,5.66
X-3274,ARHGAP39,80728.0,Amp5,5.58
X-3274,ARL11,115761.0,Del0.8,0.77
X-3274,ART5,116969.0,MutNovel,"-25P,0.740"
X-3274,ASH2L,9070.0,MutNovel,"E11D,1.000"
X-3274,ATP12A,479.0,Del0.8,0.77
X-3274,ATP5EP2,432369.0,Del0.8,0.77
X-3274,ATP7B,540.0,Del0.8,0.77
X-3274,ATP8A2,51761.0,Del0.8,0.77
X-3274,AZI2,64343.0,MutNovel,"L243Q,0.467"
X-3274,B3GALTL,145173.0,Del0.8,0.77
X-3274,B3GNTL1,146712.0,MutNovel,"G83A,1.000"
X-3274,B3GNTL1,146712.0,Del0.8,0.78
X-3274,BACH1,571.0,MutNovel,"P268L,0.351"
X-3274,BAI1,575.0,Amp5,5.66
X-3274,BASP1P1,646201.0,Del0.8,0.78
X-3274,BCL2L11,10018.0,Del0.8,0.76
X-3274,BCORP1,286554.0,Del0.8,0.21
X-3274,BOP1,23246.0,MutNovel,"K339R,1.000"
X-3274,BOP1,23246.0,Amp5,5.58
X-3274,BPY2B,442867.0,Del0.8,0.21
X-3274,BPY2B,442867.0,Del0.8,0.21
X-3274,BRCA2,675.0,Del0.8,0.77
X-3274,BREA2,286076.0,Amp5,5.58
X-3274,C13orf33,84935.0,Del0.8,0.77
X-3274,C19orf68,,MutNovel,"Q469H,0.409"
X-3274,C1QTNF9,338872.0,Del0.8,0.77
X-3274,C1QTNF9B,387911.0,Del0.8,0.77
X-3274,C1QTNF9B-AS1,542767.0,Del0.8,0.77
X-3274,C8orf31,286122.0,Amp5,5.66
X-3274,C8orf33,65265.0,Amp5,5.58
X-3274,C8orf73,642475.0,Amp5,5.58
X-3274,C8orf82,414919.0,Amp5,5.58
X-3274,CAB39L,81617.0,Del0.8,0.77
X-3274,CALB1,793.0,Amp5,5.43
X-3274,CCDC122,160857.0,Del0.8,0.75
X-3274,CCDC166,100130274.0,Amp5,5.58
X-3274,CCDC169,728591.0,Del0.8,0.77
X-3274,CCDC169-SOHLH2,100526761.0,Del0.8,0.77
X-3274,CCDC70,83446.0,Del0.8,0.77
X-3274,CCNA1,8900.0,Del0.8,0.77
X-3274,CD53,963.0,MutNovel,"N38K,0.333"
X-3274,CDADC1,81602.0,Del0.8,0.77
X-3274,CDH17,1015.0,Amp5,5.43
X-3274,CDK8,1024.0,Del0.8,0.77
X-3274,CDX2,1045.0,Del0.8,0.77
X-3274,CDY1B,253175.0,Del0.8,0.21
X-3274,CDY1B,253175.0,Del0.8,0.21
X-3274,CDY2A,9426.0,Del0.8,0.21
X-3274,CDY2A,9426.0,Del0.8,0.21
X-3274,CDY2B,203611.0,Del0.8,0.21
X-3274,CDY2B,203611.0,Del0.8,0.21
X-3274,CEBPB,1051.0,MutNovel,"Y210H,0.552"
X-3274,CENPJ,55835.0,Del0.8,0.77
X-3274,CEP95,90799.0,MutNovel,"H264R,1.000"
X-3274,CFHR1,3078.0,Amp5,5.39
X-3274,CFHR3,10878.0,Amp5,5.39
X-3274,CG030,116828.0,Del0.8,0.77
X-3274,CHRFAM7A,89832.0,Del0.8,0.73
X-3274,CITED4,163732.0,MutNovel,"S181F,0.343"
X-3274,CKAP2,26586.0,Del0.8,0.77
X-3274,CNTNAP3,79937.0,MutNovel,"P435T,0.375"
X-3274,CNTNAP3B,728577.0,MutNovel,"G1195R,1.000"
X-3274,COG3,83548.0,Del0.8,0.75
X-3274,COG6,57511.0,Del0.8,0.75
X-3274,COMMD5,28991.0,Amp5,5.58
X-3274,CPB2,1361.0,Del0.8,0.75
X-3274,CPSF1,29894.0,Amp5,5.58
X-3274,CRYL1,51084.0,Del0.8,0.78
X-3274,CSNK1A1L,122011.0,Del0.8,0.77
X-3274,CSPG4P1Y,114758.0,Del0.8,0.21
X-3274,CSPG4P1Y,114758.0,Del0.8,0.21
X-3274,CTAGE10P,220429.0,Del0.8,0.77
X-3274,CTAGE4,100128553.0,Amp5,5.24
X-3274,CTSA,5476.0,MutNovel,"L29-,0.440"
X-3274,CTSW,1521.0,MutNovel,"A251V,1.000"
X-3274,CYC1,1537.0,Amp5,5.58
X-3274,CYHR1,50626.0,Amp5,5.58
X-3274,CYP11B1,1584.0,Amp5,5.66
X-3274,CYP11B2,1585.0,Amp5,5.66
X-3274,CYP2A7,1549.0,MutNovel,"R30K,1.000"
X-3274,CYP2D6,1565.0,MutKnownFunctional,"-259,0.769"
X-3274,CYSLTR2,57105.0,Del0.8,0.77
X-3274,DACH1,1602.0,MutNovel,"GG82-,1.000"
X-3274,DAZ1,1617.0,Del0.8,0.21
X-3274,DAZ2,57055.0,Del0.8,0.21
X-3274,DAZ3,57054.0,Del0.8,0.21
X-3274,DAZ3,57054.0,Del0.8,0.21
X-3274,DAZ4,57135.0,Del0.8,0.21
X-3274,DAZ4,57135.0,Del0.8,0.21
X-3274,DCLK1,9201.0,Del0.8,0.77
X-3274,DDIT4L,115265.0,MutKnownFunctional,"-180,0.928"
X-3274,DDX3Y,8653.0,Del0.8,0.21
X-3274,DECR1,1666.0,Amp5,5.43
X-3274,DEFB109P1B,641517.0,Amp5,5.1
X-3274,DEFB126,81623.0,MutKnownFunctional,"-53,1.000"
X-3274,DENND4B,9909.0,MutNovel,"QQQ908-,0.548"
X-3274,DGAT1,8694.0,Amp5,5.58
X-3274,DGKH,160851.0,Del0.8,0.75
X-3274,DHRS12,79758.0,Del0.8,0.77
X-3274,DIAPH3,81624.0,Del0.8,0.78
X-3274,DISP1,84976.0,MutNovel,"M437V,0.947"
X-3274,DLEU1,10301.0,Del0.8,0.77
X-3274,DLEU2,8847.0,Del0.8,0.77
X-3274,DLEU7,220107.0,Del0.8,0.77
X-3274,DMXL2,23312.0,MutNovel,"V1361A,1.000"
X-3274,DNAJC15,29103.0,Del0.8,0.75
X-3274,DNER,92737.0,MutNovel,"P41S,1.000"
X-3274,DRD4,1815.0,MutNovel,"G268C,0.250"
X-3274,DTD1,92675.0,MutNovel,"Q6L,0.284"
X-3274,EBPL,84650.0,Del0.8,0.77
X-3274,EEF1D,1936.0,Amp5,5.58
X-3274,EEF1DP3,196549.0,Del0.8,0.77
X-3274,EFHA1,221154.0,Del0.8,0.78
X-3274,EGFLAM,133584.0,MutNovel,"L591P,0.421"
X-3274,EIF1AY,9086.0,Del0.8,0.21
X-3274,ELF1,1997.0,Del0.8,0.75
X-3274,EMR1,2015.0,Del0.8,0.77
X-3274,EMR4P,326342.0,Del0.8,0.77
X-3274,ENOX1,55068.0,Del0.8,0.75
X-3274,EPDR1,54749.0,MutNovel,"G34E,0.667"
X-3274,EPHB6,2051.0,MutNovel,"S166F,0.460"
X-3274,EPN2,22905.0,MutNovel,"G430D,1.000"
X-3274,EPPK1,83481.0,Amp5,5.58
X-3274,EPSTI1,94240.0,Del0.8,0.75
X-3274,ESD,2098.0,Del0.8,0.75
X-3274,ESRP1,54845.0,Amp5,6.28
X-3274,EXOSC4,54512.0,Amp5,5.58
X-3274,EXOSC8,11340.0,Del0.8,0.77
X-3274,FAM106A,80039.0,Del0.8,0.54
X-3274,FAM123A,219287.0,Del0.8,0.77
X-3274,FAM124A,220108.0,Del0.8,0.77
X-3274,FAM188B,84182.0,MutNovel,"Q350K,0.361"
X-3274,FAM194B,220081.0,Del0.8,0.75
X-3274,FAM197Y2P,252946.0,Del0.8,0.21
X-3274,FAM203A,51236.0,Amp5,5.58
X-3274,FAM204A,63877.0,MutNovel,"P142L,0.677"
X-3274,FAM41AY1,340618.0,Del0.8,0.21
X-3274,FAM41AY1,340618.0,Del0.8,0.21
X-3274,FAM48A,55578.0,Del0.8,0.77
X-3274,FAM74A4,401508.0,Del0.8,0.65
X-3274,FAM83H,286077.0,Amp5,5.58
X-3274,FAM86B2,653333.0,MutNovel,"T134S,0.400"
X-3274,FAM92A1,137392.0,Amp5,5.43
X-3274,FBLN7,129804.0,Del0.8,0.73
X-3274,FBRSL1,57666.0,MutNovel,"A293T,0.561"
X-3274,FBXL6,26233.0,Amp5,5.58
X-3274,FBXW8,26259.0,MutNovel,"P387L,0.278"
X-3274,FCHO2,115548.0,MutNovel,"T523A,1.000"
X-3274,FGF9,2254.0,Del0.8,0.78
X-3274,FLJ25758,497049.0,Del0.8,0.77
X-3274,FLT1,2321.0,Del0.8,0.77
X-3274,FLT3,2322.0,Del0.8,0.77
X-3274,FNDC3A,22862.0,Del0.8,0.77
X-3274,FOXH1,8928.0,Amp5,5.58
X-3274,FOXO1,2308.0,Del0.8,0.75
X-3274,FREM2,341640.0,Del0.8,0.77
X-3274,FRY,10129.0,Del0.8,0.77
X-3274,GALE,2582.0,MutNovel,"F226C,0.597"
X-3274,GALNTL4,374378.0,MutNovel,"R539W,0.613"
X-3274,GCDH,2639.0,MutNovel,"S98L,0.367"
X-3274,GCFC1,94104.0,MutNovel,"EV118V,0.222"
X-3274,GDF5,8200.0,MutNovel,"N356K,0.636"
X-3274,GEM,2669.0,Amp5,5.43
X-3274,GHITM,27069.0,MutNovel,"G282S,0.368"
X-3274,GIGYF2,26058.0,MutNovel,"PQ1231P,0.630"
X-3274,GJA3,2700.0,Del0.8,0.78
X-3274,GJB2,2706.0,Del0.8,0.78
X-3274,GJB6,10804.0,Del0.8,0.78
X-3274,GLI4,2738.0,Amp5,5.58
X-3274,GML,2765.0,Amp5,5.66
X-3274,GOLGA2P2Y,84559.0,Del0.8,0.21
X-3274,GOLGA2P2Y,84559.0,Del0.8,0.21
X-3274,GPAA1,8733.0,Amp5,5.58
X-3274,GPR12,2835.0,Del0.8,0.77
X-3274,GPS1,2873.0,MutNovel,"A296T,0.995"
X-3274,GPT,2875.0,Amp5,5.58
X-3274,GRID2IP,392862.0,MutNovel,"P751Q,1.000"
X-3274,GRINA,2907.0,Amp5,5.58
X-3274,GSDMD,79792.0,Amp5,5.58
X-3274,GSX1,219409.0,Del0.8,0.77
X-3274,GTF2F2,2963.0,Del0.8,0.75
X-3274,GTF3A,2971.0,Del0.8,0.77
X-3274,GUCY1B2,2974.0,Del0.8,0.77
X-3274,GYG2P1,352887.0,Del0.8,0.21
X-3274,HADHB,3032.0,MutNovel,"K181T,0.651"
X-3274,HEATR7A,727957.0,Amp5,5.58
X-3274,HHAT,55733.0,MutNovel,"G4E,0.800"
X-3274,HIC1,3090.0,MutNovel,"GGG160-,0.636"
X-3274,HLA-DQB2,3120.0,MutNovel,"D162G,0.509"
X-3274,HMGB1,3146.0,Del0.8,0.77
X-3274,HMGCS2,3158.0,MutNovel,"K342N,0.857"
X-3274,HN1L,90861.0,MutNovel,"V78M,0.997"
X-3274,HNRNPA1L2,144983.0,Del0.8,0.77
X-3274,HNRNPCL1,343069.0,MutNovel,"P253L,1.000"
X-3274,HOXA13,3209.0,MutNovel,"V16I,0.450"
X-3274,HSF1,3297.0,Amp5,5.58
X-3274,HSFY2,159119.0,Del0.8,0.21
X-3274,HSFY2,159119.0,Del0.8,0.21
X-3274,HSPA1A,3303.0,MutNovel,"I119T,0.364"
X-3274,HSPH1,10808.0,Del0.8,0.77
X-3274,HTR2A,3356.0,Del0.8,0.75
X-3274,IFT88,8100.0,Del0.8,0.78
X-3274,IL17D,53342.0,Del0.8,0.78
X-3274,INSL3,3640.0,MutNovel,"F88L,1.000"
X-3274,INSR,3643.0,Del0.8,0.77
X-3274,INTS6,26512.0,Del0.8,0.77
X-3274,IRF2BP2,359948.0,MutNovel,"-99S,0.254"
X-3274,ITM2B,9445.0,Del0.8,0.77
X-3274,JRK,8629.0,Amp5,5.66
X-3274,KATNAL1,84056.0,Del0.8,0.77
X-3274,KBTBD6,89890.0,Del0.8,0.75
X-3274,KBTBD7,84078.0,Del0.8,0.75
X-3274,KCNIP4,80333.0,MutNovel,"R31H,1.000"
X-3274,KCNRG,283518.0,Del0.8,0.77
X-3274,KCTD4,386618.0,Del0.8,0.75
X-3274,KDM5D,8284.0,Del0.8,0.21
X-3274,KGFLP1,387628.0,Del0.8,0.65
X-3274,KIAA0226L,80183.0,Del0.8,0.75
X-3274,KIAA0564,23078.0,Del0.8,0.75
X-3274,KIAA1429,25962.0,Amp5,5.58
X-3274,KIAA1704,55425.0,Del0.8,0.75
X-3274,KIAA1875,340390.0,Amp5,5.58
X-3274,KIAA2026,158358.0,MutNovel,"N1800Y,1.000"
X-3274,KIF14,9928.0,MutNovel,"R1539H,0.468"
X-3274,KIFC2,90990.0,Amp5,5.58
X-3274,KL,9365.0,Del0.8,0.77
X-3274,KLHDC3,116138.0,MutNovel,"T82A,0.654"
X-3274,KPNA3,3839.0,Del0.8,0.77
X-3274,KRT6A,3853.0,MutNovel,"E165A,0.453"
X-3274,LACC1,144811.0,Del0.8,0.75
X-3274,LATS2,26524.0,Del0.8,0.78
X-3274,LCP1,3936.0,Del0.8,0.75
X-3274,LECT1,11061.0,Del0.8,0.77
X-3274,LGALS9C,654346.0,Del0.8,0.33
X-3274,LHFP,10186.0,Del0.8,0.75
X-3274,LINC00282,283521.0,Del0.8,0.77
X-3274,LINC00284,121838.0,Del0.8,0.75
X-3274,LINC00327,100506697.0,Del0.8,0.77
X-3274,LINC00421,100287114.0,Del0.8,0.78
X-3274,LINC00426,100188949.0,Del0.8,0.77
X-3274,LINC00442,348021.0,Del0.8,0.78
X-3274,LINC00535,642924.0,Amp5,5.43
X-3274,LNX2,222484.0,Del0.8,0.77
X-3274,LOC100127983,100127983.0,Amp5,5.43
X-3274,LOC100128338,100128338.0,Amp5,5.58
X-3274,LOC100133669,100133669.0,Amp5,5.66
X-3274,LOC100288181,100288181.0,Amp5,5.66
X-3274,LOC100288748,100288748.0,Amp5,7.84
X-3274,LOC100505679,100505679.0,Del0.8,0.77
X-3274,LOC100507240,100507240.0,Del0.8,0.75
X-3274,LOC349196,349196.0,Amp5,5.1
X-3274,LOC388152,388152.0,Del0.8,0.77
X-3274,LOC440131,440131.0,Del0.8,0.77
X-3274,LOC440300,440300.0,Del0.8,0.77
X-3274,LOC728377,728377.0,Amp5,5.24
X-3274,LOC728888,,MutNovel,"R395H,1.000"
X-3274,LOC728888,,MutNovel,"T373P,0.667"
X-3274,LOC729162,,MutNovel,"L4S,0.938"
X-3274,LPAR6,10161.0,Del0.8,0.77
X-3274,LRCH1,23143.0,Del0.8,0.75
X-3274,LRRC14,9684.0,Amp5,5.58
X-3274,LRRC24,441381.0,MutNovel,"PQQP369P,0.273"
X-3274,LRRC24,441381.0,Amp5,5.58
X-3274,LRRC69,100130742.0,Amp5,5.43
X-3274,LSR,51599.0,MutNovel,"G518GR,0.815"
X-3274,LY6D,8581.0,Amp5,5.66
X-3274,LY6E,4061.0,Amp5,5.66
X-3274,LY6H,4062.0,Amp5,5.66
X-3274,LY6K,54742.0,Amp5,5.66
X-3274,LYNX1,66004.0,Amp5,5.66
X-3274,LYPD2,137797.0,Amp5,5.66
X-3274,MAF1,84232.0,Amp5,5.58
X-3274,MAFA,389692.0,Amp5,5.58
X-3274,MAP3K4,4216.0,MutNovel,"PA1189P,0.241"
X-3274,MAPK15,225689.0,Amp5,5.58
X-3274,MBD3L2,125997.0,Del0.8,0.77
X-3274,MBD3L3,653657.0,Del0.8,0.77
X-3274,MBD3L4,653656.0,Del0.8,0.77
X-3274,MBD3L5,284428.0,Del0.8,0.77
X-3274,MCM9,254394.0,MutNovel,"Q658H,0.250"
X-3274,MED4,29079.0,Del0.8,0.77
X-3274,MEF2A,4205.0,MutNovel,"QQ412-,0.288"
X-3274,MEOX2,4223.0,MutNovel,"HH76H,0.833"
X-3274,MERTK,10461.0,Del0.8,0.73
X-3274,METRNL,284207.0,Del0.8,0.78
X-3274,MFAP3,4238.0,MutNovel,"N87D,1.000"
X-3274,MFSD3,113655.0,Amp5,5.58
X-3274,MIPEP,4285.0,Del0.8,0.77
X-3274,MIR1204,100302185.0,Amp8,10.2
X-3274,MIR1234,100302196.0,Amp5,5.58
X-3274,MIR1297,100302187.0,Del0.8,0.77
X-3274,MIR16-1,406950.0,Del0.8,0.77
X-3274,MIR205HG,642587.0,MutNovel,"P29S,0.319"
X-3274,MIR2276,100313842.0,Del0.8,0.77
X-3274,MIR3169,100422973.0,Del0.8,0.78
X-3274,MIR320D1,100313896.0,Del0.8,0.75
X-3274,MIR3613,100500908.0,Del0.8,0.77
X-3274,MIR378D2,100616169.0,Amp5,5.43
X-3274,MIR4305,100422940.0,Del0.8,0.75
X-3274,MIR4499,100616304.0,Del0.8,0.78
X-3274,MIR4661,100616245.0,Amp5,5.43
X-3274,MIR4664,100616318.0,Amp5,5.58
X-3274,MIR4703,100616423.0,Del0.8,0.77
X-3274,MIR548F5,100302239.0,Del0.8,0.77
X-3274,MIR621,693206.0,Del0.8,0.75
X-3274,MIR661,724031.0,Amp5,5.58
X-3274,MIR759,100313778.0,Del0.8,0.77
X-3274,MIR937,100126338.0,Amp5,5.58
X-3274,MIR939,100126351.0,Amp5,5.58
X-3274,MLNR,2862.0,Del0.8,0.77
X-3274,MLPH,79083.0,MutNovel,"D55H,0.778"
X-3274,MLPH,79083.0,MutNovel,"E461A,0.600"
X-3274,MOB3A,126308.0,MutNovel,"P143L,1.000"
X-3274,MOCS2,4338.0,MutNovel,"L19F,0.507"
X-3274,MPHOSPH8,54737.0,Del0.8,0.78
X-3274,MPRIP,23164.0,MutNovel,"TS178T,0.468"
X-3274,MRP63,78988.0,Del0.8,0.78
X-3274,MRPS31,10240.0,Del0.8,0.75
X-3274,MT1B,4490.0,MutNovel,"A42S,0.429"
X-3274,MTIF3,219402.0,Del0.8,0.77
X-3274,MTMR6,9107.0,Del0.8,0.77
X-3274,MTMR9,66036.0,MutNovel,"P23L,0.706"
X-3274,MTRF1,9617.0,Del0.8,0.75
X-3274,MTUS2,23281.0,Del0.8,0.77
X-3274,MUC1,4582.0,MutNovel,"G205S,0.600"
X-3274,MYC,4609.0,Amp8,10.2
X-3274,MYO5B,4645.0,MutNovel,"L732F,0.826"
X-3274,MYO7A,4647.0,MutKnownFunctional,"-1172,1.000"
X-3274,N4BP2L1,90634.0,Del0.8,0.77
X-3274,N4BP2L2,10443.0,Del0.8,0.77
X-3274,N6AMT2,221143.0,Del0.8,0.78
X-3274,NAA16,79612.0,Del0.8,0.75
X-3274,NAALADL1,10004.0,MutKnownFunctional,"-31?,0.556"
X-3274,NAPRT1,93100.0,Amp5,5.58
X-3274,NBEA,26960.0,Del0.8,0.77
X-3274,NBN,4683.0,Amp5,5.43
X-3274,NBPF10,100132406.0,MutNovel,"G2507E,1.000"
X-3274,NBPF9,400818.0,MutNovel,"Q184R,1.000"
X-3274,NCOR2,9612.0,MutNovel,"G1839GAAA,0.355"
X-3274,NCRNA00185,55410.0,Del0.8,0.21
X-3274,NECAB1,64168.0,Amp5,5.43
X-3274,NEK3,4752.0,Del0.8,0.77
X-3274,NEK5,341676.0,Del0.8,0.77
X-3274,NFIA,4774.0,MutNovel,"I421M,0.595"
X-3274,NHLRC1,378884.0,MutNovel,"G274R,0.321"
X-3274,NHLRC3,387921.0,Del0.8,0.77
X-3274,NLGN4Y,22829.0,Del0.8,0.21
X-3274,NOMO1,23420.0,MutNovel,"K458N,1.000"
X-3274,NPIP,9284.0,MutNovel,"S267P,0.267"
X-3274,NRBP2,340371.0,Amp5,5.58
X-3274,NTF4,4909.0,MutNovel,"A86S,0.591"
X-3274,NUDT11,55190.0,MutKnownFunctional,"-1,0.556"
X-3274,NUDT15,55270.0,Del0.8,0.77
X-3274,NUFIP1,26747.0,Del0.8,0.75
X-3274,NUP62,23636.0,MutNovel,"G10R,0.591"
X-3274,NUPL1,9818.0,Del0.8,0.77
X-3274,NYNRIN,57523.0,MutNovel,"L940F,0.238"
X-3274,OLFM4,10562.0,Del0.8,0.77
X-3274,OPLAH,26873.0,Amp5,5.58
X-3274,OR2A42,402317.0,Amp5,5.24
X-3274,OR2A42,402317.0,Amp5,5.24
X-3274,OR2A7,401427.0,Amp5,5.24
X-3274,OR2A9P,441295.0,Amp5,5.24
X-3274,OR2A9P,441295.0,Amp5,5.24
X-3274,OR2T10,127069.0,Amp5,5.31
X-3274,OR2T11,127077.0,Amp5,5.31
X-3274,OR2T34,127068.0,Amp5,5.31
X-3274,OR7E37P,100506759.0,Del0.8,0.75
X-3274,ORAI1,84876.0,MutNovel,"PP43-,0.786"
X-3274,OSGIN2,734.0,Amp5,5.43
X-3274,OTOG,,MutNovel,"L1548F,1.000"
X-3274,OTUD6B,51633.0,Amp5,5.43
X-3274,PABPC3,5042.0,MutKnownFunctional,"-299,0.429"
X-3274,PABPC3,5042.0,MutNovel,"K312R,0.364"
X-3274,PABPC3,5042.0,Del0.8,0.77
X-3274,PAN3,255967.0,Del0.8,0.77
X-3274,PAN3-AS1,100288730.0,Del0.8,0.77
X-3274,PARP10,84875.0,Amp5,5.58
X-3274,PARP4,143.0,Del0.8,0.77
X-3274,PCDH11Y,83259.0,Del0.8,0.35
X-3274,PCDH17,27253.0,Del0.8,0.78
X-3274,PCDH20,64881.0,Del0.8,0.78
X-3274,PCDH8,5100.0,Del0.8,0.77
X-3274,PCDHA8,56140.0,Del0.8,0.6
X-3274,PCDHA9,9752.0,Del0.8,0.46
X-3274,PCM1,5108.0,MutNovel,"I1698L,0.998"
X-3274,PDP1,54704.0,Amp5,5.43
X-3274,PDS5B,23047.0,Del0.8,0.77
X-3274,PDX1,3651.0,Del0.8,0.77
X-3274,PDXDC1,23042.0,MutKnownFunctional,"R712*,0.568"
X-3274,PGPEP1L,145814.0,MutKnownFunctional,"-165?,1.000"
X-3274,PHF11,51131.0,Del0.8,0.77
X-3274,PHLDA1,22822.0,MutNovel,"QQ194Q,0.627"
X-3274,PIK3R1,5295.0,MutNovel,"KL448K,0.821"
X-3274,PIP4K2A,5305.0,MutNovel,"V167G,0.647"
X-3274,PLCB4,5332.0,MutNovel,"Q618K,0.418"
X-3274,PLEC,5339.0,Amp5,5.58
X-3274,PLEKHB2,55041.0,MutNovel,"R111P,0.295"
X-3274,PLEKHO2,80301.0,MutNovel,"E2D,1.000"
X-3274,PLIN4,729359.0,MutNovel,"T543I,0.214"
X-3274,PLIN4,729359.0,MutNovel,"N530T,0.273"
X-3274,PLIN4,729359.0,MutNovel,"S527G,0.273"
X-3274,POLR1D,51082.0,Del0.8,0.77
X-3274,POM121L8P,29797.0,Del0.8,0.58
X-3274,POMP,51371.0,Del0.8,0.77
X-3274,POSTN,10631.0,Del0.8,0.77
X-3274,PPP1R16A,84988.0,Amp5,5.58
X-3274,PPP2R3B,28227.0,MutNovel,"L912P,0.375"
X-3274,PRHOXNB,646625.0,Del0.8,0.77
X-3274,PRKY,5616.0,Del0.8,0.21
X-3274,PROSER1,80209.0,Del0.8,0.77
X-3274,PRY,9081.0,Del0.8,0.21
X-3274,PRY,9081.0,Del0.8,0.21
X-3274,PRY2,442862.0,Del0.8,0.21
X-3274,PRY2,442862.0,Del0.8,0.21
X-3274,PSCA,8000.0,Amp5,5.66
X-3274,PSD3,23362.0,MutNovel,"R292C,0.650"
X-3274,PSPC1,55269.0,Del0.8,0.78
X-3274,PTPN14,5784.0,MutNovel,"M649I,0.375"
X-3274,PUF60,22827.0,Amp5,5.58
X-3274,PYCRL,65263.0,Amp5,5.58
X-3274,RAD54B,25788.0,Amp5,6.68
X-3274,RASA1,5921.0,MutNovel,"P50L,0.688"
X-3274,RASL11A,387496.0,Del0.8,0.77
X-3274,RB1,5925.0,Del0.8,0.77
X-3274,RBM12B,389677.0,Amp5,5.43
X-3274,RBMY1A3P,286557.0,Del0.8,0.21
X-3274,RBMY1B,378948.0,Del0.8,0.21
X-3274,RBMY1B,378948.0,Del0.8,0.21
X-3274,RBMY1E,378950.0,Del0.8,0.21
X-3274,RBMY1E,378950.0,Del0.8,0.21
X-3274,RBMY1F,159163.0,Del0.8,0.21
X-3274,RBMY1F,159163.0,Del0.8,0.21
X-3274,RBMY1J,378951.0,Del0.8,0.21
X-3274,RBMY1J,378951.0,Del0.8,0.21
X-3274,RBMY2EP,159125.0,Del0.8,0.21
X-3274,RBMY2FP,159162.0,Del0.8,0.21
X-3274,RBMY3AP,64593.0,Del0.8,0.21
X-3274,RCBTB1,55213.0,Del0.8,0.77
X-3274,RCBTB2,1102.0,Del0.8,0.77
X-3274,RCN1,5954.0,MutNovel,"E304G,0.348"
X-3274,RECQL4,9401.0,Amp5,5.58
X-3274,RELN,5649.0,MutNovel,"L2057V,1.000"
X-3274,RFC3,5983.0,Del0.8,0.77
X-3274,RFXAP,5994.0,Del0.8,0.77
X-3274,RGPD1,400966.0,MutNovel,"R1378H,1.000"
X-3274,RHBDL2,54933.0,MutNovel,"S246F,0.778"
X-3274,RHPN1,114822.0,Amp5,5.58
X-3274,RIN3,79890.0,MutNovel,"G967-,0.519"
X-3274,RIPK2,8767.0,Amp5,5.43
X-3274,RNASEH2B,79621.0,Del0.8,0.77
X-3274,RNF17,56163.0,Del0.8,0.77
X-3274,RNF180,285671.0,MutNovel,"S230N,1.000"
X-3274,RNF6,6049.0,Del0.8,0.77
X-3274,RPL21,6144.0,Del0.8,0.77
X-3274,RPL8,6132.0,Amp5,5.58
X-3274,RPS4Y1,6192.0,Del0.8,0.35
X-3274,RPS4Y2,140032.0,Del0.8,0.21
X-3274,RTL1,388015.0,MutNovel,"R1108Q,0.464"
X-3274,RUNX1T1,862.0,Amp5,5.43
X-3274,RXFP2,122042.0,Del0.8,0.77
X-3274,RYR2,6262.0,MutNovel,"A3382V,1.000"
X-3274,SACS,26278.0,Del0.8,0.77
X-3274,SAP18,10284.0,Del0.8,0.78
X-3274,SCAPER,49855.0,Del0.8,0.52
X-3274,SCNN1A,6337.0,MutNovel,"D452N,1.000"
X-3274,SCRIB,23513.0,Amp5,5.58
X-3274,SCRT1,83482.0,Amp5,5.58
X-3274,SCXA,100129885.0,Amp5,5.58
X-3274,SEC14L6,730005.0,MutNovel,"A151G,1.000"
X-3274,SERINC2,347735.0,MutNovel,"-373Q,0.720"
X-3274,SERP2,387923.0,Del0.8,0.75
X-3274,SERPINE3,647174.0,Del0.8,0.77
X-3274,SERTM1,400120.0,Del0.8,0.77
X-3274,SETDB2,83852.0,Del0.8,0.77
X-3274,SFRP4,6424.0,MutNovel,"C101F,0.500"
X-3274,SGCG,6445.0,Del0.8,0.77
X-3274,SHARPIN,81858.0,Amp5,5.58
X-3274,SHISA2,387914.0,Del0.8,0.77
X-3274,SIAH3,283514.0,Del0.8,0.75
X-3274,SKA3,221150.0,Del0.8,0.78
X-3274,SLC25A15,10166.0,Del0.8,0.75
X-3274,SLC25A30,253512.0,Del0.8,0.75
X-3274,SLC26A7,115111.0,Amp5,5.43
X-3274,SLC28A2,9153.0,MutKnownFunctional,"-129?,0.714"
X-3274,SLC2A10,81031.0,Amp5,5.24
X-3274,SLC39A4,55630.0,Amp5,5.58
X-3274,SLC46A3,283537.0,Del0.8,0.77
X-3274,SLC4A7,9497.0,MutNovel,"Y951C,0.423"
X-3274,SLC6A8,6535.0,MutNovel,"V622L,0.999"
X-3274,SLC7A1,6541.0,Del0.8,0.77
X-3274,SLURP1,57152.0,Amp5,5.66
X-3274,SMAD4,4089.0,MutNovel,"K45N,0.219"
X-3274,SMAD9,4093.0,Del0.8,0.77
X-3274,SNORA27,619499.0,Del0.8,0.77
X-3274,SNORA31,677814.0,Del0.8,0.75
X-3274,SNORD102,26771.0,Del0.8,0.77
X-3274,SOHLH2,54937.0,Del0.8,0.77
X-3274,SOX17,64321.0,Amp8,9.85
X-3274,SPATA13,221178.0,Del0.8,0.77
X-3274,SPATC1,375686.0,Amp5,5.58
X-3274,SPERT,220082.0,Del0.8,0.75
X-3274,SPG20,23111.0,Del0.8,0.77
X-3274,SPG20OS,100507135.0,Del0.8,0.77
X-3274,SPINK5,11005.0,MutNovel,"Q267R,1.000"
X-3274,SPRNP1,399833.0,Amp5,5.35
X-3274,SPRYD7,57213.0,Del0.8,0.77
X-3274,SPTY2D1,144108.0,MutNovel,"KR107R,0.625"
X-3274,SRY,6736.0,Del0.8,0.35
X-3274,ST13P4,145165.0,Del0.8,0.77
X-3274,STARD13,90627.0,Del0.8,0.77
X-3274,STAT2,6773.0,MutNovel,"G825C,0.592"
X-3274,STOML3,161003.0,Del0.8,0.77
X-3274,STX10,8677.0,MutKnownFunctional,"-246,0.515"
X-3274,STYK1,55359.0,MutNovel,"L378W,1.000"
X-3274,SUCLA2,8803.0,Del0.8,0.77
X-3274,SUGT1,10910.0,Del0.8,0.77
X-3274,SUGT1P3,283507.0,Del0.8,0.75
X-3274,SYCE1,93426.0,Amp5,5.35
X-3274,SYT16,83851.0,MutNovel,"R603C,0.333"
X-3274,TAF2,6873.0,MutNovel,"V950L,0.734"
X-3274,TAS2R43,259289.0,Del0.8,0.71
X-3274,TBKBP1,9755.0,MutNovel,"A356V,1.000"
X-3274,TBL1Y,90665.0,Del0.8,0.21
X-3274,TBP,6908.0,MutNovel,"-64Q,0.353"
X-3274,TCTN2,79867.0,MutKnownFunctional,"-684,0.294"
X-3274,TDRD3,81550.0,Del0.8,0.78
X-3274,TET1,80312.0,MutNovel,"R1532W,0.426"
X-3274,TFG,10342.0,MutNovel,"R400G,0.406"
X-3274,TGIF2LY,90655.0,Del0.8,0.35
X-3274,THSD1,55901.0,Del0.8,0.77
X-3274,TIGD5,84948.0,Amp5,5.58
X-3274,TJP3,27134.0,MutNovel,"A723V,1.000"
X-3274,TMCO7,79613.0,MutNovel,"C199F,1.000"
X-3274,TMED10P1,286102.0,Amp5,5.58
X-3274,TMEM184A,202915.0,MutNovel,"G392GA,0.684"
X-3274,TMEM55A,55529.0,Amp5,5.43
X-3274,TMEM64,169200.0,Amp5,5.43
X-3274,TMEM67,91147.0,Amp5,5.43
X-3274,TMEM87B,84910.0,Del0.8,0.73
X-3274,TMSB4Y,9087.0,Del0.8,0.21
X-3274,TMTC2,160335.0,MutNovel,"A78G,0.257"
X-3274,TNFAIP3,7128.0,MutNovel,"A225V,0.762"
X-3274,TNFRSF19,55504.0,Del0.8,0.77
X-3274,TNFSF11,8600.0,Del0.8,0.75
X-3274,TONSL,4796.0,Amp5,5.58
X-3274,TOP1MT,116447.0,Amp5,5.58
X-3274,TP53,7157.0,MutKnownFunctional,"R273H,1.000"
X-3274,TP53BP1,7158.0,MutNovel,"PIP454P,0.974"
X-3274,TP53RK,112858.0,Amp5,5.24
X-3274,TPT1,7178.0,Del0.8,0.75
X-3274,TPTE2,93492.0,Del0.8,0.78
X-3274,TPTE2P1,646405.0,Del0.8,0.77
X-3274,TPTE2P3,220115.0,Del0.8,0.77
X-3274,TPTE2P6,374491.0,Del0.8,0.77
X-3274,TRIM13,10206.0,Del0.8,0.77
X-3274,TRIM45,80263.0,MutNovel,"V12L,0.366"
X-3274,TRPC4,7223.0,Del0.8,0.77
X-3274,TRPV6,55503.0,MutNovel,"P380A,0.259"
X-3274,TSC22D1,8848.0,Del0.8,0.75
X-3274,TSEN54,283989.0,MutNovel,"M1MEP,0.208"
X-3274,TSNARE1,203062.0,Amp5,5.06
X-3274,TSPY1,7258.0,Del0.8,0.21
X-3274,TSPY2,64591.0,Del0.8,0.21
X-3274,TSPY3,728137.0,Del0.8,0.21
X-3274,TSPY4,728395.0,Del0.8,0.21
X-3274,TSPY8,728403.0,Del0.8,0.21
X-3274,TSPYL1,7259.0,MutNovel,"V176VW,0.207"
X-3274,TSTA3,7264.0,Amp5,5.58
X-3274,TTTY10,246119.0,Del0.8,0.21
X-3274,TTTY11,83866.0,Del0.8,0.21
X-3274,TTTY12,83867.0,Del0.8,0.21
X-3274,TTTY13,83868.0,Del0.8,0.21
X-3274,TTTY14,83869.0,Del0.8,0.21
X-3274,TTTY15,64595.0,Del0.8,0.21
X-3274,TTTY16,252948.0,Del0.8,0.21
X-3274,TTTY17A,252949.0,Del0.8,0.21
X-3274,TTTY17A,252949.0,Del0.8,0.21
X-3274,TTTY18,252950.0,Del0.8,0.21
X-3274,TTTY19,252952.0,Del0.8,0.21
X-3274,TTTY1B,100101116.0,Del0.8,0.21
X-3274,TTTY1B,100101116.0,Del0.8,0.21
X-3274,TTTY2,60439.0,Del0.8,0.21
X-3274,TTTY2,60439.0,Del0.8,0.21
X-3274,TTTY20,252951.0,Del0.8,0.21
X-3274,TTTY21,252953.0,Del0.8,0.21
X-3274,TTTY21,252953.0,Del0.8,0.21
X-3274,TTTY22,252954.0,Del0.8,0.21
X-3274,TTTY23,252955.0,Del0.8,0.21
X-3274,TTTY23,252955.0,Del0.8,0.21
X-3274,TTTY3,114760.0,Del0.8,0.21
X-3274,TTTY3,114760.0,Del0.8,0.21
X-3274,TTTY4,114761.0,Del0.8,0.21
X-3274,TTTY4,114761.0,Del0.8,0.21
X-3274,TTTY5,83863.0,Del0.8,0.21
X-3274,TTTY6,84672.0,Del0.8,0.21
X-3274,TTTY6,84672.0,Del0.8,0.21
X-3274,TTTY7,246122.0,Del0.8,0.21
X-3274,TTTY7,246122.0,Del0.8,0.21
X-3274,TTTY7B,100101120.0,Del0.8,0.21
X-3274,TTTY7B,100101120.0,Del0.8,0.21
X-3274,TTTY8,84673.0,Del0.8,0.21
X-3274,TTTY8,84673.0,Del0.8,0.21
X-3274,TTTY9A,83864.0,Del0.8,0.21
X-3274,TTTY9A,83864.0,Del0.8,0.21
X-3274,TUBA3C,7278.0,Del0.8,0.78
X-3274,TXLNG2P,246126.0,Del0.8,0.21
X-3274,UBL3,5412.0,Del0.8,0.77
X-3274,UFM1,51569.0,Del0.8,0.77
X-3274,UGT2B17,7367.0,Del0.8,0.58
X-3274,ULK4P1,89838.0,Del0.8,0.73
X-3274,ULK4P3,89837.0,Del0.8,0.73
X-3274,UQCRHL,440567.0,MutKnownFunctional,"-91,0.250"
X-3274,USP12,219333.0,Del0.8,0.77
X-3274,USP32P2,220594.0,Del0.8,0.54
X-3274,USP9Y,8287.0,Del0.8,0.21
X-3274,USPL1,10208.0,Del0.8,0.77
X-3274,UTP14C,9724.0,Del0.8,0.77
X-3274,UTY,7404.0,Del0.8,0.21
X-3274,VAV1,7409.0,Del0.8,0.77
X-3274,VCX,26609.0,MutNovel,"V140M,0.333"
X-3274,VCY,9084.0,Del0.8,0.21
X-3274,VCY,9084.0,Del0.8,0.21
X-3274,VGLL3,389136.0,MutNovel,"T286I,0.833"
X-3274,VPS28,51160.0,Amp5,5.58
X-3274,VPS36,51028.0,Del0.8,0.77
X-3274,WASF3,10810.0,Del0.8,0.77
X-3274,WBP4,11193.0,Del0.8,0.75
X-3274,WDFY2,115825.0,Del0.8,0.77
X-3274,XKR5,389610.0,MutNovel,"H373R,0.400"
X-3274,XKRY2,353515.0,Del0.8,0.21
X-3274,XKRY2,353515.0,Del0.8,0.21
X-3274,XPO4,64328.0,Del0.8,0.78
X-3274,ZAR1L,646799.0,Del0.8,0.77
X-3274,ZC3H13,23091.0,Del0.8,0.75
X-3274,ZC3H3,23144.0,Amp5,5.58
X-3274,ZC3H6,376940.0,Del0.8,0.73
X-3274,ZC3H8,84524.0,Del0.8,0.73
X-3274,ZDHHC20,253832.0,Del0.8,0.78
X-3274,ZFP41,286128.0,Amp5,5.58
X-3274,ZFPM1,161882.0,MutNovel,"E444A,1.000"
X-3274,ZFY,7544.0,Del0.8,0.35
X-3274,ZMYM2,7750.0,Del0.8,0.78
X-3274,ZMYM5,9205.0,Del0.8,0.78
X-3274,ZNF16,7564.0,Amp5,5.58
X-3274,ZNF17,7565.0,MutNovel,"H352Y,0.211"
X-3274,ZNF250,58500.0,Amp5,5.58
X-3274,ZNF251,90987.0,Amp5,5.58
X-3274,ZNF282,8427.0,MutNovel,"G473R,0.667"
X-3274,ZNF34,80778.0,Amp5,5.58
X-3274,ZNF382,84911.0,MutKnownFunctional,"-107?,0.296"
X-3274,ZNF497,162968.0,MutNovel,"S368T,1.000"
X-3274,ZNF507,22847.0,MutNovel,"A405V,0.447"
X-3274,ZNF517,340385.0,Amp5,5.58
X-3274,ZNF557,79230.0,Del0.8,0.77
X-3274,ZNF570,148268.0,MutNovel,"L293M,0.286"
X-3274,ZNF616,90317.0,MutNovel,"R764G,0.448"
X-3274,ZNF623,9831.0,Amp5,5.58
X-3274,ZNF629,23361.0,MutNovel,"P345T,0.607"
X-3274,ZNF696,79943.0,Amp5,5.58
X-3274,ZNF7,7553.0,Amp5,5.58
X-3274,ZNF705D,728957.0,MutNovel,"K87T,1.000"
X-3274,ZNF705D,728957.0,MutNovel,"A100P,1.000"
X-3274,ZNF707,286075.0,Amp5,5.58
X-3274,ZNF730,,MutNovel,"T412I,0.692"
X-3274,ZNF750,79755.0,Del0.8,0.78
X-3736,ACAN,176.0,MutNovel,"D1371E,1.000"
X-3736,ACAN,176.0,MutNovel,"D1390E,0.500"
X-3736,ACAN,176.0,MutNovel,"T1403A,0.600"
X-3736,ACSS2,55902.0,MutNovel,"W29S,0.549"
X-3736,ADAM18,8749.0,Del0.8,0.75
X-3736,ADAM2,2515.0,Del0.8,0.75
X-3736,ADAM32,203102.0,Del0.8,0.75
X-3736,ADAM3A,1587.0,Del0.8,0.18
X-3736,ADAM5P,255926.0,Del0.8,0.33
X-3736,ADAM9,8754.0,Del0.8,0.75
X-3736,ADD1,118.0,MutNovel,"K691E,0.998"
X-3736,ADRB3,155.0,Del0.8,0.75
X-3736,AGAP7,653268.0,MutNovel,"R528Q,1.000"
X-3736,AGAP8,728404.0,MutNovel,"S532T,1.000"
X-3736,AGL,178.0,MutNovel,"K1077Q,0.474"
X-3736,AGPAT6,137964.0,Del0.8,0.75
X-3736,AHNAK2,113146.0,MutNovel,"S3660M,0.500"
X-3736,AMELY,266.0,Del0.8,0.19
X-3736,ANAPC1,64682.0,MutNovel,"R1114Q,0.300"
X-3736,ANKRD36,375248.0,MutNovel,"T998S,0.216"
X-3736,AP1G2,8906.0,MutNovel,"A633D,0.403"
X-3736,AP3B1,8546.0,MutNovel,"G920W,0.681"
X-3736,ARHGEF26,26084.0,MutNovel,"R675K,0.381"
X-3736,ARL6IP4,51329.0,MutNovel,"K78R,0.522"
X-3736,ARMC5,79798.0,MutNovel,"Y697C,0.667"
X-3736,ARMC6,93436.0,MutNovel,"V409M,0.694"
X-3736,ART5,116969.0,MutNovel,"-25P,1.000"
X-3736,ASH2L,9070.0,Del0.8,0.75
X-3736,ASPN,54829.0,MutNovel,"DE51E,0.560"
X-3736,ASS1,445.0,MutNovel,"V103M,0.995"
X-3736,ATP5F1,515.0,MutNovel,"L127R,0.503"
X-3736,ATXN1,6310.0,MutNovel,"P231L,1.000"
X-3736,BAG4,9530.0,Del0.8,0.75
X-3736,BCORP1,286554.0,Del0.8,0.19
X-3736,BMPR2,659.0,MutNovel,"V166A,0.290"
X-3736,BPY2B,442867.0,Del0.8,0.19
X-3736,BPY2B,442867.0,Del0.8,0.19
X-3736,BRF2,55290.0,Del0.8,0.75
X-3736,C16orf86,388284.0,MutNovel,"Y199D,1.000"
X-3736,C19orf47,126526.0,MutNovel,"E228Q,0.656"
X-3736,C7orf61,402573.0,MutKnownFunctional,"-29?,0.286"
X-3736,C8orf4,56892.0,Del0.8,0.75
X-3736,C8orf86,389649.0,Del0.8,0.75
X-3736,CAMTA1,23261.0,MutNovel,"R1179G,0.750"
X-3736,CARD14,79092.0,MutNovel,"D728A,0.429"
X-3736,CBFA2T2,9139.0,MutNovel,"I137T,0.583"
X-3736,CBWD6,644019.0,MutKnownFunctional,"-259?,0.262"
X-3736,CCDC117,150275.0,MutNovel,"N98S,0.635"
X-3736,CDC42BPA,8476.0,MutNovel,"R1198C,0.502"
X-3736,CDC42EP1,11135.0,MutNovel,"PAPAANPS253P,0.303"
X-3736,CDY1B,253175.0,Del0.8,0.19
X-3736,CDY1B,253175.0,Del0.8,0.19
X-3736,CDY2A,9426.0,Del0.8,0.19
X-3736,CDY2A,9426.0,Del0.8,0.19
X-3736,CDY2B,203611.0,Del0.8,0.19
X-3736,CDY2B,203611.0,Del0.8,0.19
X-3736,CFHR1,3078.0,Amp5,5.03
X-3736,CFHR2,3080.0,MutNovel,"E147G,1.000"
X-3736,CFHR3,10878.0,MutNovel,"NS108KS,0.667"
X-3736,CFHR3,10878.0,MutNovel,"E111D,0.429"
X-3736,CFHR3,10878.0,MutNovel,"G119A,0.500"
X-3736,CFHR3,10878.0,Amp5,5.03
X-3736,CFHR4,10877.0,MutNovel,"S489P,1.000"
X-3736,CILP2,148113.0,MutNovel,"R301Q,0.307"
X-3736,CLASRP,11129.0,MutNovel,"R466W,0.355"
X-3736,CNNM3,26505.0,MutNovel,"R541Q,0.657"
X-3736,COL22A1,169044.0,MutNovel,"G1453V,0.272"
X-3736,CPEB2,132864.0,MutNovel,"A371T,1.000"
X-3736,CRAMP1L,57585.0,MutNovel,"A68V,0.800"
X-3736,CRIPAK,285464.0,MutNovel,"P142R,0.667"
X-3736,CRIPAK,285464.0,MutNovel,"V164A,1.000"
X-3736,CSPG4P1Y,114758.0,Del0.8,0.19
X-3736,CSPG4P1Y,114758.0,Del0.8,0.19
X-3736,CTSA,5476.0,MutNovel,"L29-,0.864"
X-3736,CUL7,9820.0,MutNovel,"P1055L,0.779"
X-3736,CYB5R4,51167.0,MutNovel,"G77D,0.691"
X-3736,DAZ1,1617.0,Del0.8,0.19
X-3736,DAZ2,57055.0,Del0.8,0.19
X-3736,DAZ3,57054.0,Del0.8,0.19
X-3736,DAZ3,57054.0,Del0.8,0.19
X-3736,DAZ4,57135.0,Del0.8,0.19
X-3736,DAZ4,57135.0,Del0.8,0.19
X-3736,DCHS1,8642.0,MutNovel,"G1040R,1.000"
X-3736,DCHS2,54798.0,MutKnownFunctional,"-1365,0.520"
X-3736,DDX3Y,8653.0,Del0.8,0.19
X-3736,DDX43,55510.0,MutNovel,"Y449C,0.513"
X-3736,DDX46,9879.0,MutNovel,"R48K,0.355"
X-3736,DNAJC10,54431.0,MutNovel,"P71L,0.663"
X-3736,DROSHA,29102.0,MutNovel,"E993K,0.378"
X-3736,DYNC2H1,79659.0,MutNovel,"S1785Y,1.000"
X-3736,DYRK1A,1859.0,MutKnownFunctional,"-233,0.475"
X-3736,EGFR,1956.0,MutNovel,"A611T,0.494"
X-3736,EIF1AY,9086.0,Del0.8,0.19
X-3736,EIF4EBP1,1978.0,Del0.8,0.75
X-3736,ENOX1,55068.0,MutNovel,"L195F,1.000"
X-3736,EP400,57634.0,MutNovel,"E428-,0.216"
X-3736,EP400,57634.0,MutNovel,"Q2727E,0.596"
X-3736,EPAS1,2034.0,MutNovel,"T324M,0.667"
X-3736,ERCC4,2072.0,MutNovel,"G159S,0.707"
X-3736,ERLIN2,11160.0,Del0.8,0.75
X-3736,FAM106A,80039.0,Del0.8,0.43
X-3736,FAM171B,165215.0,MutNovel,"-50Q,0.447"
X-3736,FAM197Y2P,252946.0,Del0.8,0.19
X-3736,FAM41AY1,340618.0,Del0.8,0.19
X-3736,FAM41AY1,340618.0,Del0.8,0.19
X-3736,FAM49A,81553.0,MutNovel,"M182T,0.433"
X-3736,FAM74A4,401508.0,Del0.8,0.66
X-3736,FASTKD3,79072.0,MutKnownFunctional,"-600?,0.455"
X-3736,FBXL20,84961.0,MutNovel,"L98V,0.500"
X-3736,FGFR1,2260.0,Del0.8,0.75
X-3736,FIBP,9158.0,MutNovel,"V307M,0.996"
X-3736,FRAS1,80144.0,MutNovel,"D3793H,1.000"
X-3736,FRG2C,,MutNovel,"Q93R,1.000"
X-3736,FRG2C,,MutNovel,"D109Y,1.000"
X-3736,FRG2C,,MutNovel,"N120S,1.000"
X-3736,GAGE2D,729408.0,MutNovel,"M96V,0.444"
X-3736,GALT,2592.0,MutNovel,"R148W,0.987"
X-3736,GATAD2A,54815.0,MutNovel,"H89P,0.652"
X-3736,GBAS,2631.0,MutNovel,"A8T,0.406"
X-3736,GCC2,9648.0,MutNovel,"N1065S,0.337"
X-3736,GDF1,2657.0,MutNovel,"A157GP,0.585"
X-3736,GIGYF2,26058.0,MutNovel,"PQ1231P,0.402"
X-3736,GINS4,84296.0,Del0.8,0.75
X-3736,GLUD2,2747.0,MutNovel,"V374A,1.000"
X-3736,GOLGA2P2Y,84559.0,Del0.8,0.19
X-3736,GOLGA2P2Y,84559.0,Del0.8,0.19
X-3736,GOLGA7,51125.0,Del0.8,0.75
X-3736,GOLGA8J,,MutNovel,"R331H,1.000"
X-3736,GOT1L1,137362.0,Del0.8,0.75
X-3736,GPR124,25960.0,Del0.8,0.75
X-3736,GPR161,23432.0,MutKnownFunctional,"-18?,0.312"
X-3736,GTPBP10,85865.0,MutNovel,"G205V,0.502"
X-3736,GYG2P1,352887.0,Del0.8,0.19
X-3736,HERC2,8924.0,MutKnownFunctional,"-1381,0.214"
X-3736,HLA-C,3107.0,Del0.8,0.64
X-3736,HNRNPK,3190.0,MutNovel,"D460H,0.386"
X-3736,HNRNPUL1,11100.0,MutNovel,"R490P,0.348"
X-3736,HSFY2,159119.0,Del0.8,0.19
X-3736,HSFY2,159119.0,Del0.8,0.19
X-3736,HSPA1A,3303.0,MutNovel,"Q601K,0.500"
X-3736,HSPA1B,3304.0,MutNovel,"T158A,0.444"
X-3736,HSPG2,3339.0,MutNovel,"A2739S,0.655"
X-3736,HSPH1,10808.0,MutNovel,"L828S,1.000"
X-3736,HTRA3,94031.0,MutNovel,"G405A,1.000"
X-3736,HTRA4,203100.0,Del0.8,0.75
X-3736,IDO1,3620.0,Del0.8,0.75
X-3736,IDO2,169355.0,Del0.8,0.75
X-3736,IGSF3,3321.0,MutNovel,"T456M,0.457"
X-3736,INTS5,80789.0,MutNovel,"A683V,1.000"
X-3736,KCNU1,157855.0,Del0.8,0.73
X-3736,KDM5D,8284.0,Del0.8,0.19
X-3736,KGFLP1,387628.0,Del0.8,0.66
X-3736,KIAA1644,85352.0,MutNovel,"PRPGQRAP156P,0.400"
X-3736,KIAA2018,205717.0,MutNovel,"R1549Q,0.659"
X-3736,KRT222,125113.0,Del0.8,0.15
X-3736,KRT24,192666.0,Del0.8,0.15
X-3736,LCE1D,353134.0,Del0.8,0.3
X-3736,LCE3B,353143.0,Del0.8,0.74
X-3736,LCE3C,353144.0,Del0.8,0.24
X-3736,LETM2,137994.0,Del0.8,0.75
X-3736,LGALS9C,654346.0,Del0.8,0.43
X-3736,LOC100506123,100506123.0,Del0.8,0.65
X-3736,LOC100996439,,MutNovel,"A526V,0.455"
X-3736,LOC642778,,MutNovel,"R140K,0.538"
X-3736,LOC728024,728024.0,Del0.8,0.75
X-3736,LSM1,27257.0,Del0.8,0.75
X-3736,MAGEA1,4100.0,MutNovel,"A63T,0.918"
X-3736,MAGEL2,54551.0,MutNovel,"A463P,0.605"
X-3736,MAN1C1,57134.0,MutNovel,"E93K,0.384"
X-3736,MAP3K1,4214.0,MutNovel,"ST941S,0.789"
X-3736,MEOX2,4223.0,MutNovel,"HH76H,0.293"
X-3736,MGAM,8972.0,Del0.8,0.7
X-3736,MGRN1,23295.0,MutNovel,"R530Q,0.672"
X-3736,MID2,11043.0,MutNovel,"R88W,1.000"
X-3736,MIR486,619554.0,Del0.8,0.75
X-3736,MUC6,4588.0,MutNovel,"A1471S,1.000"
X-3736,MYNN,55892.0,MutNovel,"L218M,0.490"
X-3736,NBAS,51594.0,MutNovel,"P454T,0.361"
X-3736,NBPF10,100132406.0,MutNovel,"R54K,0.250"
X-3736,NBPF10,100132406.0,MutNovel,"I921F,0.750"
X-3736,NBPF10,100132406.0,MutNovel,"I1165F,0.426"
X-3736,NBPF10,100132406.0,MutNovel,"G3070D,0.789"
X-3736,NBPF14,25832.0,MutNovel,"S524G,0.244"
X-3736,NBPF9,400818.0,MutNovel,"R97G,0.220"
X-3736,NCAM1,4684.0,MutNovel,"R609H,0.994"
X-3736,NCAPD3,23310.0,MutNovel,"G6S,0.995"
X-3736,NCOA3,8202.0,MutNovel,"Q1255-,0.306"
X-3736,NCOR2,9612.0,MutNovel,"G1839GAAA,0.328"
X-3736,NCRNA00185,55410.0,Del0.8,0.19
X-3736,NKX6-3,157848.0,Del0.8,0.75
X-3736,NLGN4Y,22829.0,Del0.8,0.19
X-3736,NLK,51701.0,MutNovel,"A117T,1.000"
X-3736,NPHP4,261734.0,MutNovel,"G1112D,0.662"
X-3736,NR1H2,7376.0,MutNovel,"-173Q,0.547"
X-3736,NRAS,4893.0,MutKnownFunctional,"Q61K,0.941"
X-3736,NRD1,4898.0,MutNovel,"L312W,0.563"
X-3736,OR4F5,79501.0,Del0.8,0.42
X-3736,OR8B3,390271.0,MutNovel,"V34I,1.000"
X-3736,ORAI1,84876.0,MutNovel,"PP43-,0.812"
X-3736,ORM2,5005.0,MutNovel,"R38Q,1.000"
X-3736,OTUD3,23252.0,MutNovel,"R37G,0.638"
X-3736,PALM3,342979.0,MutNovel,"D604N,0.376"
X-3736,PCDH11Y,83259.0,Del0.8,0.19
X-3736,PCNXL3,399909.0,MutNovel,"E1659K,0.996"
X-3736,PHLDA1,22822.0,MutNovel,"QQ194Q,0.607"
X-3736,PHLDA1,22822.0,MutKnownFunctional,"E44*,0.667"
X-3736,PIK3R1,5295.0,MutNovel,"TRDQ576T,0.499"
X-3736,PLEKHA2,59339.0,Del0.8,0.75
X-3736,POLI,11201.0,MutNovel,"G526D,0.312"
X-3736,PPAPDC1B,84513.0,Del0.8,0.75
X-3736,PPM1F,9647.0,MutNovel,"R388C,0.303"
X-3736,PRKY,5616.0,Del0.8,0.19
X-3736,PROSAPIP1,,MutNovel,"D559E,0.273"
X-3736,PROSC,11212.0,Del0.8,0.75
X-3736,PRR19,284338.0,MutNovel,"P103A,0.216"
X-3736,PRY,9081.0,Del0.8,0.19
X-3736,PRY,9081.0,Del0.8,0.19
X-3736,PRY2,442862.0,Del0.8,0.19
X-3736,PRY2,442862.0,Del0.8,0.19
X-3736,PTEN,5728.0,MutLikelyFunctional,"-278,0.973"
X-3736,PTPN9,5780.0,MutNovel,"TVSRMRTQR546R,0.368"
X-3736,PTRF,284119.0,MutNovel,"R294Q,0.999"
X-3736,QRFPR,84109.0,Del0.8,0.62
X-3736,RAB11FIP1,80223.0,Del0.8,0.75
X-3736,RAD50,10111.0,MutNovel,"R391S,0.343"
X-3736,RBMY1A3P,286557.0,Del0.8,0.19
X-3736,RBMY1B,378948.0,Del0.8,0.19
X-3736,RBMY1B,378948.0,Del0.8,0.19
X-3736,RBMY1E,378950.0,Del0.8,0.19
X-3736,RBMY1E,378950.0,Del0.8,0.19
X-3736,RBMY1F,159163.0,Del0.8,0.19
X-3736,RBMY1F,159163.0,Del0.8,0.19
X-3736,RBMY1J,378951.0,Del0.8,0.19
X-3736,RBMY1J,378951.0,Del0.8,0.19
X-3736,RBMY2EP,159125.0,Del0.8,0.19
X-3736,RBMY2FP,159162.0,Del0.8,0.19
X-3736,RBMY3AP,64593.0,Del0.8,0.19
X-3736,RNF5P1,286140.0,Del0.8,0.75
X-3736,RPS4Y1,6192.0,Del0.8,0.19
X-3736,RPS4Y2,140032.0,Del0.8,0.19
X-3736,RPS6KA4,8986.0,MutNovel,"E503V,0.359"
X-3736,SERINC2,347735.0,MutNovel,"-373Q,0.700"
X-3736,SFRP1,6422.0,Del0.8,0.75
X-3736,SGCD,6444.0,MutNovel,"T256M,0.742"
X-3736,SH3PXD2B,285590.0,MutNovel,"K555N,0.317"
X-3736,SHPK,23729.0,MutNovel,"R40H,1.000"
X-3736,SIRT7,51547.0,MutNovel,"G229E,0.476"
X-3736,SLC25A12,8604.0,MutNovel,"L332R,0.265"
X-3736,SLC2A14,144195.0,MutNovel,"V287G,0.429"
X-3736,SLC44A3,126969.0,MutKnownFunctional,"S608*,0.520"
X-3736,SNAPC2,6618.0,MutNovel,"E303K,0.397"
X-3736,SNX24,28966.0,MutNovel,"R103Q,0.291"
X-3736,SPANXA2,728712.0,Del0.8,0.72
X-3736,SPANXA2,728712.0,Del0.8,0.72
X-3736,SRRM2,23524.0,MutNovel,"S1064L,0.644"
X-3736,SRXN1,140809.0,MutNovel,"Q29R,0.362"
X-3736,SRY,6736.0,Del0.8,0.19
X-3736,SSC5D,284297.0,MutNovel,"P1305A,0.522"
X-3736,SSX6,280657.0,Del0.8,0.66
X-3736,STAR,6770.0,Del0.8,0.75
X-3736,STT3B,201595.0,MutNovel,"V557I,0.997"
X-3736,TACC1,6867.0,Del0.8,0.75
X-3736,TAF1,6872.0,MutNovel,"V1009A,0.990"
X-3736,TBL1Y,90665.0,Del0.8,0.19
X-3736,TBP,6908.0,MutNovel,"-64Q,0.299"
X-3736,TET1,80312.0,MutKnownFunctional,"-20?,0.300"
X-3736,TGIF2LY,90655.0,Del0.8,0.19
X-3736,TICRR,,MutNovel,"R1012Q,0.679"
X-3736,TM2D2,83877.0,Del0.8,0.75
X-3736,TMEM183B,,MutKnownFunctional,"-116?,0.517"
X-3736,TMEM200C,645369.0,MutNovel,"AAAAA226A,0.383"
X-3736,TMSB4Y,9087.0,Del0.8,0.19
X-3736,TNRC18,84629.0,MutNovel,"A1783V,0.524"
X-3736,TNRC6A,27327.0,MutNovel,"W1919L,0.712"
X-3736,TP53,7157.0,MutKnownFunctional,"R282G,1.000"
X-3736,TPTE2P3,220115.0,Del0.8,0.74
X-3736,TRRAP,8295.0,MutNovel,"R2921W,0.607"
X-3736,TSPY1,7258.0,Del0.8,0.19
X-3736,TSPY2,64591.0,Del0.8,0.19
X-3736,TSPY3,728137.0,Del0.8,0.19
X-3736,TSPY4,728395.0,Del0.8,0.19
X-3736,TSPY8,728403.0,Del0.8,0.19
X-3736,TSPYL1,7259.0,MutNovel,"V176VW,0.840"
X-3736,TTTY10,246119.0,Del0.8,0.19
X-3736,TTTY11,83866.0,Del0.8,0.19
X-3736,TTTY12,83867.0,Del0.8,0.19
X-3736,TTTY13,83868.0,Del0.8,0.19
X-3736,TTTY14,83869.0,Del0.8,0.19
X-3736,TTTY15,64595.0,Del0.8,0.19
X-3736,TTTY16,252948.0,Del0.8,0.19
X-3736,TTTY17A,252949.0,Del0.8,0.19
X-3736,TTTY17A,252949.0,Del0.8,0.19
X-3736,TTTY18,252950.0,Del0.8,0.19
X-3736,TTTY19,252952.0,Del0.8,0.19
X-3736,TTTY1B,100101116.0,Del0.8,0.19
X-3736,TTTY1B,100101116.0,Del0.8,0.19
X-3736,TTTY2,60439.0,Del0.8,0.19
X-3736,TTTY2,60439.0,Del0.8,0.19
X-3736,TTTY20,252951.0,Del0.8,0.19
X-3736,TTTY21,252953.0,Del0.8,0.19
X-3736,TTTY21,252953.0,Del0.8,0.19
X-3736,TTTY22,252954.0,Del0.8,0.19
X-3736,TTTY23,252955.0,Del0.8,0.19
X-3736,TTTY23,252955.0,Del0.8,0.19
X-3736,TTTY3,114760.0,Del0.8,0.19
X-3736,TTTY3,114760.0,Del0.8,0.19
X-3736,TTTY4,114761.0,Del0.8,0.19
X-3736,TTTY4,114761.0,Del0.8,0.19
X-3736,TTTY5,83863.0,Del0.8,0.19
X-3736,TTTY6,84672.0,Del0.8,0.19
X-3736,TTTY6,84672.0,Del0.8,0.19
X-3736,TTTY7,246122.0,Del0.8,0.19
X-3736,TTTY7,246122.0,Del0.8,0.19
X-3736,TTTY7B,100101120.0,Del0.8,0.19
X-3736,TTTY7B,100101120.0,Del0.8,0.19
X-3736,TTTY8,84673.0,Del0.8,0.19
X-3736,TTTY8,84673.0,Del0.8,0.19
X-3736,TTTY9A,83864.0,Del0.8,0.19
X-3736,TTTY9A,83864.0,Del0.8,0.19
X-3736,TXLNG2P,246126.0,Del0.8,0.19
X-3736,UGT2B17,7367.0,Del0.8,0.38
X-3736,UGT2B28,54490.0,Del0.8,0.29
X-3736,USP32P2,220594.0,Del0.8,0.43
X-3736,USP9Y,8287.0,Del0.8,0.19
X-3736,UTY,7404.0,Del0.8,0.19
X-3736,VCAN,1462.0,MutNovel,"W2974C,0.657"
X-3736,VCX3A,51481.0,MutNovel,"V120M,1.000"
X-3736,VCX3B,425054.0,MutNovel,"E159Q,0.308"
X-3736,VCY,9084.0,Del0.8,0.19
X-3736,VCY,9084.0,Del0.8,0.19
X-3736,WASF1,8936.0,MutNovel,"P275S,0.814"
X-3736,WASH1,100287171.0,MutNovel,"Y234C,0.273"
X-3736,WDR59,79726.0,MutNovel,"I174V,0.632"
X-3736,WHSC1L1,54904.0,Del0.8,0.75
X-3736,WRN,7486.0,MutNovel,"L528M,0.250"
X-3736,XKRY2,353515.0,Del0.8,0.19
X-3736,XKRY2,353515.0,Del0.8,0.19
X-3736,YLPM1,56252.0,MutNovel,"K1632N,0.321"
X-3736,ZCCHC4,29063.0,MutNovel,"T275A,1.000"
X-3736,ZFHX3,463.0,MutNovel,"G3517D,0.750"
X-3736,ZFHX3,463.0,MutNovel,"QQQ3202Q,0.281"
X-3736,ZFY,7544.0,Del0.8,0.19
X-3736,ZMAT4,79698.0,Del0.8,0.75
X-3736,ZMIZ2,83637.0,MutNovel,"G746V,0.532"
X-3736,ZNF121,7675.0,MutNovel,"E89A,0.394"
X-3736,ZNF212,7988.0,MutNovel,"E73K,0.470"
X-3736,ZNF219,51222.0,MutNovel,"QPP233P,0.757"
X-3736,ZNF280D,54816.0,MutNovel,"E195K,0.300"
X-3736,ZNF335,63925.0,MutNovel,"P171S,0.466"
X-3736,ZNF451,26036.0,MutNovel,"S35R,0.725"
X-3736,ZNF519,162655.0,MutNovel,"P291S,0.391"
X-3736,ZNF526,116115.0,MutNovel,"P433S,0.359"
X-3736,ZNF586,54807.0,MutNovel,"A216D,0.586"
X-3736,ZNF628,89887.0,MutNovel,"E292D,0.500"
X-3736,ZNF630,57232.0,Del0.8,0.66
X-3736,ZNF703,80139.0,Del0.8,0.75
X-3736,ZNF792,126375.0,MutKnownFunctional,"R461*,0.900"
X-3888,61E3.4,,MutNovel,"G1083S,0.571"
X-3888,61E3.4,,MutNovel,"H168R,0.471"
X-3888,AATF,26574.0,Amp5,7.31
X-3888,ABCA13,154664.0,Amp5,5.35
X-3888,ABCB5,340273.0,Amp5,6.41
X-3888,ACACA,31.0,Amp5,7.31
X-3888,ACE,1636.0,Amp8,16.8
X-3888,ACSF2,80221.0,Amp5,5.94
X-3888,AGAP4,119016.0,MutNovel,"S87N,0.750"
X-3888,AGAP7,653268.0,MutNovel,"R489H,1.000"
X-3888,AGAP8,728404.0,MutNovel,"R494G,0.223"
X-3888,AGR2,10551.0,Amp5,6.41
X-3888,AGR3,155465.0,Amp5,6.41
X-3888,AHR,196.0,Amp5,6.41
X-3888,ALDOC,230.0,Amp5,5.7
X-3888,ALPK2,115701.0,Amp5,5.03
X-3888,AMELY,266.0,Del0.8,0.68
X-3888,AMZ2P1,201283.0,Amp8,10.56
X-3888,ANKMY2,57037.0,Amp5,6.41
X-3888,ANKRD36,375248.0,MutNovel,"T998S,0.353"
X-3888,ANKRD36C,,MutNovel,"H1082N,0.833"
X-3888,ANKRD36C,,MutNovel,"E888V,0.750"
X-3888,AP3B1,8546.0,MutNovel,"I362S,0.705"
X-3888,APOH,350.0,Amp8,10.56
X-3888,ARHGAP23,57636.0,Amp5,5.1
X-3888,ARHGAP35,2909.0,MutKnownFunctional,"E398*,1.000"
X-3888,ARL5C,390790.0,Amp5,7.67
X-3888,ARMCX2,9823.0,MutNovel,"I524L,1.000"
X-3888,ASXL1,171023.0,MutNovel,"N986S,0.262"
X-3888,AVEN,57099.0,MutNovel,"GGGGG41G,0.875"
X-3888,AXIN2,8313.0,Amp8,10.56
X-3888,BCAS3,54828.0,Amp5,5.78
X-3888,BCORP1,286554.0,Del0.8,0.57
X-3888,BPTF,2186.0,Amp8,11.88
X-3888,BPY2B,442867.0,Del0.8,0.57
X-3888,BPY2B,442867.0,Del0.8,0.57
X-3888,BRIP1,83990.0,Amp8,16.8
X-3888,BTBD19,149478.0,MutNovel,"V94F,0.455"
X-3888,BZW2,28969.0,Amp5,6.41
X-3888,C14orf126,112487.0,MutNovel,"D28N,0.318"
X-3888,C17orf102,400591.0,Amp5,5.9
X-3888,C17orf108,201229.0,Amp5,5.7
X-3888,C17orf58,284018.0,Amp8,11.88
X-3888,C17orf72,92340.0,Amp8,10.56
X-3888,C17orf78,284099.0,Amp5,7.31
X-3888,C17orf82,388407.0,Amp8,16.8
X-3888,C17orf98,388381.0,Amp5,7.67
X-3888,C1GALT1,56913.0,MutNovel,"F65L,0.628"
X-3888,C20orf151,140893.0,MutNovel,"R135W,1.000"
X-3888,C2CD4A,145741.0,MutNovel,"R225G,0.521"
X-3888,C7orf57,136288.0,Amp5,5.35
X-3888,C7orf65,401335.0,Amp5,5.35
X-3888,C7orf69,80099.0,Amp5,5.35
X-3888,C7orf72,100130988.0,Amp5,5.35
X-3888,C9orf116,138162.0,MutNovel,"T49N,0.576"
X-3888,CA10,56934.0,Amp8,22.47
X-3888,CACNB1,782.0,Amp5,7.67
X-3888,CACNG1,786.0,Amp5,6.73
X-3888,CACNG4,27092.0,Amp5,6.73
X-3888,CACNG5,27091.0,Amp5,6.73
X-3888,CAPN2,824.0,MutNovel,"L655F,0.525"
X-3888,CASC3,22794.0,Amp5,7.67
X-3888,CCBE1,147372.0,Amp5,5.03
X-3888,CCDC126,90693.0,Amp5,6.41
X-3888,CCDC47,57003.0,Amp8,10.56
X-3888,CCL1,6346.0,Amp5,5.9
X-3888,CCL11,6356.0,Amp5,5.9
X-3888,CCL13,6357.0,Amp5,5.9
X-3888,CCL2,6347.0,Amp5,5.9
X-3888,CCL7,6354.0,Amp5,5.9
X-3888,CCL8,6355.0,Amp5,5.9
X-3888,CCT6A,908.0,Amp5,7.73
X-3888,CD79B,974.0,Amp8,10.56
X-3888,CDC14C,168448.0,Amp5,5.35
X-3888,CDCA7L,55536.0,Amp5,6.41
X-3888,CDK12,51755.0,Amp5,7.67
X-3888,CDY1B,253175.0,Del0.8,0.57
X-3888,CDY1B,253175.0,Del0.8,0.57
X-3888,CDY2A,9426.0,Del0.8,0.57
X-3888,CDY2A,9426.0,Del0.8,0.57
X-3888,CDY2B,203611.0,Del0.8,0.57
X-3888,CDY2B,203611.0,Del0.8,0.57
X-3888,CEP112,201134.0,Amp8,10.56
X-3888,CEP95,90799.0,Amp8,10.56
X-3888,CFHR1,3078.0,Amp5,5.58
X-3888,CFHR3,10878.0,Amp5,5.58
X-3888,CHCHD2,51142.0,Amp5,7.73
X-3888,CHST15,51363.0,MutKnownFunctional,"-456,0.714"
X-3888,CLK2P,1197.0,Amp5,6.41
X-3888,CNNM3,26505.0,MutNovel,"S595L,0.452"
X-3888,CNTF,1270.0,MutNovel,"R136H,1.000"
X-3888,COBL,23242.0,Amp5,5.35
X-3888,CPLX4,339302.0,Amp5,5.03
X-3888,CRTAC1,55118.0,MutNovel,"R436W,1.000"
X-3888,CSF3,1440.0,Amp5,7.67
X-3888,CSH1,1442.0,Amp8,10.56
X-3888,CSH2,1443.0,Amp8,10.56
X-3888,CSHL1,1444.0,Amp8,10.56
X-3888,CSPG4P1Y,114758.0,Del0.8,0.57
X-3888,CSPG4P1Y,114758.0,Del0.8,0.57
X-3888,CSRNP1,64651.0,MutNovel,"R78W,0.772"
X-3888,CTNND1,1500.0,MutNovel,"V580A,0.336"
X-3888,CTSA,5476.0,MutNovel,"L29-,0.920"
X-3888,CWC25,54883.0,Amp5,5.24
X-3888,CYB561,1534.0,Amp8,16.8
X-3888,CYCS,54205.0,MutNovel,"I59M,0.698"
X-3888,CYCS,54205.0,Amp5,6.41
X-3888,CYS1,192668.0,MutNovel,"R35L,0.684"
X-3888,DAZ1,1617.0,Del0.8,0.57
X-3888,DAZ2,57055.0,Del0.8,0.57
X-3888,DAZ3,57054.0,Del0.8,0.57
X-3888,DAZ3,57054.0,Del0.8,0.57
X-3888,DAZ4,57135.0,Del0.8,0.57
X-3888,DAZ4,57135.0,Del0.8,0.57
X-3888,DCAF7,10238.0,Amp8,16.8
X-3888,DDB1,1642.0,MutNovel,"P223A,0.673"
X-3888,DDC,1644.0,Amp5,5.35
X-3888,DDX3Y,8653.0,Del0.8,0.57
X-3888,DDX42,11325.0,Amp8,10.56
X-3888,DDX5,1655.0,Amp8,10.56
X-3888,DDX52,11056.0,Amp5,7.31
X-3888,DEFB103A,414325.0,Del0.8,0.51
X-3888,DEFB104B,503618.0,Del0.8,0.51
X-3888,DEFB106B,503841.0,Del0.8,0.7
X-3888,DENND4B,9909.0,MutNovel,"QQQ908-,0.303"
X-3888,DFNA5,1687.0,Amp5,6.41
X-3888,DNAH11,8701.0,Amp5,6.41
X-3888,DOCK3,1795.0,MutNovel,"L1324F,0.500"
X-3888,DUSP14,11072.0,Amp5,7.31
X-3888,DYNC1I1,1780.0,MutNovel,"I490V,0.700"
X-3888,EFCAB3,146779.0,Amp8,16.8
X-3888,EGFR,1956.0,Amp8,12.38
X-3888,EIF1AY,9086.0,Del0.8,0.57
X-3888,EIF2B2,8892.0,MutNovel,"K179R,0.282"
X-3888,ELMOD3,84173.0,MutNovel,"N275I,0.284"
X-3888,EML6,400954.0,MutNovel,"I1398M,1.000"
X-3888,ENGASE,64772.0,MutNovel,"S591N,1.000"
X-3888,ERBB2,2064.0,Amp5,7.67
X-3888,ERN1,2081.0,Amp8,10.56
X-3888,FAM126A,84668.0,Amp5,6.41
X-3888,FAM171B,165215.0,MutNovel,"-50Q,0.636"
X-3888,FAM197Y2P,252946.0,Del0.8,0.68
X-3888,FAM20C,56975.0,MutNovel,"E385K,0.895"
X-3888,FAM41AY1,340618.0,Del0.8,0.57
X-3888,FAM41AY1,340618.0,Del0.8,0.57
X-3888,FANCM,57697.0,MutNovel,"S1917N,0.344"
X-3888,FBXL20,84961.0,Amp5,7.67
X-3888,FBXO47,494188.0,Amp5,7.67
X-3888,FERD3L,222894.0,Amp5,6.41
X-3888,FFAR3,2865.0,Del0.8,0.74
X-3888,FIGNL1,63979.0,Amp5,5.35
X-3888,FKBP9L,360132.0,Amp8,12.38
X-3888,FOXN1,8456.0,Amp5,5.7
X-3888,FTSJ3,117246.0,Amp8,10.56
X-3888,GAR1,54433.0,MutNovel,"R160Q,0.285"
X-3888,GBAS,2631.0,Amp8,12.38
X-3888,GH1,2688.0,Amp8,10.56
X-3888,GH2,2689.0,Amp8,10.56
X-3888,GIGYF2,26058.0,MutNovel,"PQ1231P,0.236"
X-3888,GNA13,10672.0,Amp8,10.56
X-3888,GOLGA2P2Y,84559.0,Del0.8,0.57
X-3888,GOLGA2P2Y,84559.0,Del0.8,0.57
X-3888,GPNMB,10457.0,Amp5,6.41
X-3888,GPR179,440435.0,Amp5,7.31
X-3888,GPRC5B,51704.0,MutNovel,"T24S,1.000"
X-3888,GRB10,2887.0,Amp5,5.35
X-3888,GRB7,2886.0,Amp5,7.67
X-3888,GRP,2922.0,Amp5,5.03
X-3888,GSDMA,284110.0,Amp5,7.67
X-3888,GSDMB,55876.0,Amp5,7.67
X-3888,GYG2P1,352887.0,Del0.8,0.57
X-3888,HDAC9,9734.0,Amp5,6.41
X-3888,HELZ,9931.0,Amp5,6.73
X-3888,HLA-G,3135.0,MutNovel,"G231S,0.444"
X-3888,HLA-G,3135.0,MutNovel,"V255M,1.000"
X-3888,HLA-G,3135.0,MutKnownFunctional,"-278,0.533"
X-3888,HNF1B,6928.0,Amp5,7.31
X-3888,HOMER2,9455.0,MutNovel,"Q210R,0.353"
X-3888,HOPX,84525.0,MutNovel,"R78H,0.324"
X-3888,HSFY2,159119.0,Del0.8,0.57
X-3888,HSFY2,159119.0,Del0.8,0.57
X-3888,HSPA1A,3303.0,MutNovel,"M122K,0.500"
X-3888,HSPA1A,3303.0,MutNovel,"N141K,0.571"
X-3888,HSPA1L,3305.0,MutNovel,"S241D,1.000"
X-3888,HUS1,3364.0,Amp5,5.35
X-3888,ICAM2,3384.0,Amp8,10.56
X-3888,IER5L,389792.0,MutNovel,"S279Y,0.472"
X-3888,IFIT1B,439996.0,MutNovel,"A150L,1.000"
X-3888,IFT20,90410.0,Amp5,5.7
X-3888,IGF2BP3,10643.0,Amp5,6.41
X-3888,IKZF1,10320.0,Amp5,5.35
X-3888,IKZF3,22806.0,Amp5,7.67
X-3888,IL6,3569.0,Amp5,6.41
X-3888,INTS2,57508.0,Amp8,16.8
X-3888,IRF2BP2,359948.0,MutNovel,"P118S,0.585"
X-3888,ISPD,729920.0,Amp5,5.31
X-3888,ITGB8,3696.0,Amp5,6.41
X-3888,JDP2,122953.0,MutNovel,"P9T,0.714"
X-3888,KCNH6,81033.0,Amp8,16.8
X-3888,KDM3B,51780.0,MutNovel,"A5T,0.600"
X-3888,KDM5D,8284.0,Del0.8,0.57
X-3888,KIAA0100,9703.0,Amp5,5.7
X-3888,KIAA0125,9834.0,Amp5,6.77
X-3888,KIAA0146,23514.0,MutNovel,"G4D,0.643"
X-3888,KLC3,147700.0,MutNovel,"R427C,0.990"
X-3888,KLHL7,55975.0,Amp5,6.41
X-3888,KPNA2,3838.0,Amp8,11.88
X-3888,KRT18P55,284085.0,Amp5,5.7
X-3888,KSR1,8844.0,Amp5,5.7
X-3888,LANCL2,55915.0,Amp8,12.38
X-3888,LASP1,3927.0,Amp5,7.67
X-3888,LGALS9,3965.0,Amp5,5.7
X-3888,LHX1,3975.0,Amp5,7.31
X-3888,LIMD2,80774.0,Amp8,10.56
X-3888,LINC00525,84847.0,Amp5,5.35
X-3888,LMAN1,3998.0,Amp5,5.03
X-3888,LOC100129427,100129427.0,Amp5,5.35
X-3888,LOC100131347,100131347.0,Amp5,7.67
X-3888,LOC100132247,100132247.0,MutNovel,"S1066L,0.571"
X-3888,LOC100499466,100499466.0,Amp8,11.88
X-3888,LOC100505576,100505576.0,Amp5,7.67
X-3888,LOC100506025,100506025.0,Amp5,6.41
X-3888,LOC100506178,100506178.0,Amp5,6.41
X-3888,LOC100507338,,MutNovel,"G146R,1.000"
X-3888,LOC100996606,,MutNovel,"P326L,0.750"
X-3888,LOC146880,146880.0,Amp8,10.56
X-3888,LOC152225,152225.0,Amp5,6.54
X-3888,LOC284100,284100.0,Amp5,7.31
X-3888,LOC388210,,MutNovel,"C338Y,1.000"
X-3888,LOC390858,390858.0,Amp5,5.03
X-3888,LOC440434,440434.0,Amp5,7.31
X-3888,LOC729162,,MutNovel,"L4S,0.600"
X-3888,LOC729420,,MutNovel,"V62I,1.000"
X-3888,LRRC37A3,374819.0,Amp8,10.56
X-3888,LRRC3C,100505591.0,Amp5,7.67
X-3888,LRRC72,100506049.0,Amp5,6.41
X-3888,MACC1,346389.0,Amp5,6.41
X-3888,MALT1,10892.0,Amp5,5.03
X-3888,MAP3K3,4215.0,Amp8,13.36
X-3888,MAP3K4,4216.0,MutNovel,"PA1189P,0.769"
X-3888,2014-03-10 00:00:00,162333.0,Amp8,16.8
X-3888,MBTD1,54799.0,Amp8,13
X-3888,MC4R,4160.0,Amp5,7.31
X-3888,MDC1,9656.0,MutNovel,"P965T,0.909"
X-3888,ME2,4200.0,MutNovel,"R354W,1.000"
X-3888,MED1,5469.0,Amp5,7.67
X-3888,MED13,9969.0,Amp8,16.8
X-3888,MED24,9862.0,Amp5,7.67
X-3888,METTL2A,339175.0,Amp8,16.8
X-3888,MFAP3,4238.0,MutNovel,"R292W,0.726"
X-3888,MGA,23269.0,MutNovel,"P22S,0.476"
X-3888,MIEN1,84299.0,Amp5,7.67
X-3888,MILR1,284021.0,Amp8,10.56
X-3888,MIR122,406906.0,Amp5,5.03
X-3888,MIR2909,100422969.0,Amp5,7.31
X-3888,MIR3064,100616387.0,Amp8,10.56
X-3888,MIR3146,100422967.0,Amp5,6.41
X-3888,MIR3591,100616357.0,Amp5,5.03
X-3888,MIR4315-1,100423004.0,Amp5,5.17
X-3888,MIR4522,100616277.0,Amp5,5.7
X-3888,MIR4723,100616388.0,Amp5,5.7
X-3888,MIR4727,100616416.0,Amp5,7.67
X-3888,MIR4728,100616132.0,Amp5,7.67
X-3888,MIR5047,100616408.0,Amp8,10.56
X-3888,MIR548W,100422923.0,Amp8,16.8
X-3888,MIR634,693219.0,Amp5,6.73
X-3888,MPP6,51678.0,Amp5,6.41
X-3888,MRC2,9902.0,Amp8,16.8
X-3888,MRPL45,84311.0,Amp5,7.31
X-3888,MRPS17,51373.0,Amp8,12.38
X-3888,MSL1,339287.0,Amp5,7.67
X-3888,MUC20,200958.0,Amp5,5.7
X-3888,MUC22,100507679.0,MutNovel,"T1129S,1.000"
X-3888,MYO7A,4647.0,MutKnownFunctional,"-1172,1.000"
X-3888,NACA2,342538.0,Amp8,16.8
X-3888,NCOR2,9612.0,MutNovel,"G1839GAAA,0.367"
X-3888,NCRNA00185,55410.0,Del0.8,0.57
X-3888,NDUFA10,4705.0,MutNovel,"G82S,0.291"
X-3888,NEK8,284086.0,Amp5,5.7
X-3888,NEUROD2,4761.0,Amp5,7.67
X-3888,NLGN1,22871.0,Amp5,5.24
X-3888,NLGN4Y,22829.0,Del0.8,0.57
X-3888,NLK,51701.0,Amp5,5.7
X-3888,NME1,4830.0,Amp8,13
X-3888,NME1-NME2,654364.0,Amp8,13
X-3888,NME2,4831.0,Amp8,13
X-3888,NOL11,25926.0,Amp5,6.73
X-3888,NOS2,4843.0,Amp5,5.7
X-3888,NPIPL3,23117.0,MutNovel,"G1031S,0.400"
X-3888,NPIPL3,23117.0,MutNovel,"G587R,0.382"
X-3888,NPY,4852.0,Amp5,6.41
X-3888,NR1D1,9572.0,Amp5,7.67
X-3888,NUPL2,11097.0,Amp5,6.41
X-3888,OR4F5,79501.0,Del0.8,0.73
X-3888,ORAI1,84876.0,MutNovel,"PP43-,0.891"
X-3888,ORMDL3,94103.0,Amp5,7.67
X-3888,OSBPL3,26031.0,Amp5,6.41
X-3888,OTUD7B,56957.0,MutNovel,"KK552K,0.395"
X-3888,P2RX6,9127.0,MutNovel,"R37W,1.000"
X-3888,PABPC3,5042.0,MutKnownFunctional,"-299,0.857"
X-3888,PCDH11Y,83259.0,Del0.8,0.68
X-3888,PECAM1,5175.0,Amp8,10.56
X-3888,PEMT,10400.0,MutNovel,"P47A,0.531"
X-3888,PGAP3,93210.0,Amp5,7.67
X-3888,PHKA2,5256.0,MutNovel,"W554L,1.000"
X-3888,PHKG1,5260.0,MutNovel,"R138G,0.375"
X-3888,PHKG1,5260.0,Amp5,7.73
X-3888,PHLDA1,22822.0,MutNovel,"QQ194Q,0.530"
X-3888,PIGS,94005.0,Amp5,5.7
X-3888,PITPNC1,26207.0,Amp5,6.73
X-3888,PKD1L1,168507.0,Amp5,5.35
X-3888,PKD2,5311.0,MutNovel,"S125L,0.519"
X-3888,PLEKHM1P,440456.0,Amp8,10.56
X-3888,PLXDC1,57125.0,Amp5,7.67
X-3888,PMAIP1,5366.0,Amp5,5.03
X-3888,PNMT,5409.0,Amp5,7.67
X-3888,POLDIP2,26073.0,Amp5,5.7
X-3888,POLG2,11232.0,Amp8,10.56
X-3888,POM121L12,285877.0,Amp5,5.35
X-3888,PPP1R1B,84152.0,Amp5,7.67
X-3888,PPY2,23614.0,Amp5,5.7
X-3888,PRKCA,5578.0,Amp8,8.46
X-3888,PRKY,5616.0,Del0.8,0.68
X-3888,PROCA1,147011.0,Amp5,5.7
X-3888,PRPS1L1,221823.0,Amp5,6.41
X-3888,PRY,9081.0,Del0.8,0.57
X-3888,PRY,9081.0,Del0.8,0.57
X-3888,PRY2,442862.0,Del0.8,0.57
X-3888,PRY2,442862.0,Del0.8,0.57
X-3888,PSG1,5669.0,MutNovel,"K14T,1.000"
X-3888,PSG1,5669.0,MutNovel,"R12L,1.000"
X-3888,PSG1,5669.0,MutNovel,"T3P,1.000"
X-3888,PSG8,440533.0,MutNovel,"P30L,0.833"
X-3888,PSG8,440533.0,MutNovel,"R12L,1.000"
X-3888,PSG9,5678.0,MutNovel,"R12L,0.444"
X-3888,PSG9,5678.0,MutNovel,"S8P,0.375"
X-3888,PSG9,5678.0,MutNovel,"P5S,0.429"
X-3888,PSMC5,5705.0,Amp8,10.56
X-3888,PSMD12,5718.0,Amp5,6.73
X-3888,PSMD3,5709.0,Amp5,7.67
X-3888,PSPH,5723.0,Amp8,12.38
X-3888,PYY2,23615.0,Amp5,5.7
X-3888,RAB34,83871.0,Amp5,5.7
X-3888,RAP1GDS1,5910.0,MutNovel,"S172A,0.726"
X-3888,RAPGEF5,9771.0,Amp5,6.41
X-3888,RAPGEFL1,51195.0,Amp5,7.67
X-3888,RAX,30062.0,Amp5,5.03
X-3888,RBBP6,5930.0,MutNovel,"V17I,0.710"
X-3888,RBMY1A3P,286557.0,Del0.8,0.68
X-3888,RBMY1B,378948.0,Del0.8,0.57
X-3888,RBMY1B,378948.0,Del0.8,0.57
X-3888,RBMY1E,378950.0,Del0.8,0.57
X-3888,RBMY1E,378950.0,Del0.8,0.57
X-3888,RBMY1F,159163.0,Del0.8,0.57
X-3888,RBMY1F,159163.0,Del0.8,0.57
X-3888,RBMY1J,378951.0,Del0.8,0.57
X-3888,RBMY1J,378951.0,Del0.8,0.57
X-3888,RBMY2EP,159125.0,Del0.8,0.57
X-3888,RBMY2FP,159162.0,Del0.8,0.57
X-3888,RBMY3AP,64593.0,Del0.8,0.57
X-3888,RGPD8,727851.0,MutNovel,"I1499T,1.000"
X-3888,RGS9,8787.0,Amp8,10.56
X-3888,RNF213,57674.0,MutNovel,"A3573T,0.998"
X-3888,RNF213,57674.0,MutNovel,"L4095-,0.946"
X-3888,RPL19,6143.0,Amp5,7.67
X-3888,RPL23,9349.0,Amp5,7.67
X-3888,RPL23A,6147.0,Amp5,5.7
X-3888,RPL23P8,222901.0,Amp5,6.41
X-3888,RPS2P32,256355.0,Amp5,6.41
X-3888,RPS4Y1,6192.0,Del0.8,0.68
X-3888,RPS4Y2,140032.0,Del0.8,0.57
X-3888,SACS,26278.0,MutNovel,"L407I,1.000"
X-3888,SARM1,23098.0,Amp5,5.7
X-3888,SCAF11,9169.0,MutNovel,"QE1179Q,0.434"
X-3888,SCFD1,23256.0,MutNovel,"T8TAA,0.467"
X-3888,SCN4A,6329.0,Amp8,10.56
X-3888,SDF2,6388.0,Amp5,5.7
X-3888,SEBOX,645832.0,Amp5,5.7
X-3888,SEC11C,90701.0,Amp5,5.03
X-3888,SEC61G,23480.0,Amp8,12.38
X-3888,2014-09-14 00:00:00,346288.0,Amp8,12.38
X-3888,SERINC2,347735.0,MutNovel,"-373Q,0.771"
X-3888,SERINC3,10955.0,MutNovel,"G94V,0.219"
X-3888,SERPINA5,5104.0,MutNovel,"P159R,0.750"
X-3888,SFN,2810.0,MutNovel,"A154V,0.227"
X-3888,SGK494,124923.0,Amp5,5.7
X-3888,SH2B3,10019.0,MutNovel,"R43C,0.714"
X-3888,SIRPB1,10326.0,MutNovel,"S357L,0.977"
X-3888,SLC10A5,347051.0,MutNovel,"S23L,0.250"
X-3888,SLC13A2,9058.0,Amp5,5.7
X-3888,SLC46A1,113235.0,Amp5,5.7
X-3888,SLC6A12,6539.0,MutNovel,"S473N,0.248"
X-3888,SLX4,84464.0,MutNovel,"A1623V,1.000"
X-3888,SMAD6,4091.0,MutNovel,"P65R,0.634"
X-3888,SMARCD2,6603.0,Amp8,10.56
X-3888,SMG1,23049.0,MutNovel,"E1893K,0.222"
X-3888,SMURF2,64750.0,Amp8,10.56
X-3888,SNORA15,677803.0,Amp5,7.73
X-3888,SNORA21,619505.0,Amp5,7.67
X-3888,SNORA38B,100124536.0,Amp5,6.73
X-3888,SNORA76,677842.0,Amp8,10.56
X-3888,SNORD104,692227.0,Amp8,10.56
X-3888,SNORD124,100113390.0,Amp5,7.67
X-3888,SNORD42A,26809.0,Amp5,5.7
X-3888,SNORD42B,26808.0,Amp5,5.7
X-3888,SNORD4A,26773.0,Amp5,5.7
X-3888,SNORD4B,26772.0,Amp5,5.7
X-3888,SNORD93,692210.0,Amp5,6.41
X-3888,SNX13,23161.0,Amp5,6.41
X-3888,SNX25,83891.0,MutNovel,"N438S,0.645"
X-3888,SOCS7,30837.0,Amp5,7.31
X-3888,SOSTDC1,25928.0,Amp5,6.41
X-3888,SOX4,6659.0,MutKnownFunctional,"S381*,0.327"
X-3888,SP4,6671.0,Amp5,6.41
X-3888,SP8,221833.0,Amp5,6.41
X-3888,SPAG11B,10407.0,Del0.8,0.51
X-3888,SPAG5,10615.0,Amp5,5.7
X-3888,SPAG5-AS1,100506436.0,Amp5,5.7
X-3888,SPAG9,9043.0,Amp5,7.46
X-3888,SPRTN,,MutNovel,"S373L,0.361"
X-3888,SRY,6736.0,Del0.8,0.68
X-3888,SSSCA1,10534.0,MutNovel,"A89T,0.313"
X-3888,STAC2,342667.0,Amp5,7.67
X-3888,STARD3,10948.0,Amp5,7.67
X-3888,STEAP1B,256227.0,Amp5,6.41
X-3888,STK31,56164.0,Amp5,6.41
X-3888,STRADA,92335.0,Amp8,10.56
X-3888,STX3,6809.0,MutNovel,"T42S,0.680"
X-3888,SUMF2,25870.0,Amp5,7.73
X-3888,SUN3,256979.0,Amp5,5.35
X-3888,SUPT6H,6830.0,Amp5,5.7
X-3888,SYNRG,11276.0,Amp5,7.31
X-3888,TACO1,51204.0,Amp8,16.8
X-3888,TADA2A,6871.0,Amp5,7.31
X-3888,TANC2,26115.0,Amp8,16.8
X-3888,TBC1D3,729873.0,Amp5,7.31
X-3888,TBC1D3,729873.0,Amp5,7.31
X-3888,TBC1D3P2,440452.0,Amp8,16.8
X-3888,TBC1D3P5,440419.0,Amp5,5.7
X-3888,TBL1X,6907.0,MutNovel,"D559Y,0.622"
X-3888,TBL1Y,90665.0,Del0.8,0.68
X-3888,TBX2,6909.0,Amp8,16.8
X-3888,TBX4,9496.0,Amp8,16.8
X-3888,TCAM1P,146771.0,Amp8,10.56
X-3888,TCAP,8557.0,Amp5,7.67
X-3888,TEX2,55852.0,Amp8,10.56
X-3888,TGIF2LY,90655.0,Del0.8,0.68
X-3888,THOC3,84321.0,MutNovel,"D128H,0.386"
X-3888,THRA,7067.0,Amp5,7.67
X-3888,TIGD6,81789.0,MutNovel,"A61S,0.396"
X-3888,TLCD1,116238.0,Amp5,5.7
X-3888,TLK2,11011.0,Amp8,16.8
X-3888,TMEM132E,124842.0,Amp5,5.9
X-3888,TMEM173,340061.0,MutNovel,"R180Q,0.703"
X-3888,TMEM184A,202915.0,MutNovel,"G392GA,0.433"
X-3888,TMEM196,256130.0,Amp5,6.41
X-3888,TMEM199,147007.0,Amp5,5.7
X-3888,TMEM97,27346.0,Amp5,5.7
X-3888,TMSB4Y,9087.0,Del0.8,0.57
X-3888,TNFAIP1,7126.0,Amp5,5.7
X-3888,TOMM7,54543.0,Amp5,6.41
X-3888,TP53,7157.0,MutLikelyFunctional,"V143M,1.000"
X-3888,TRA2A,29896.0,Amp5,6.41
X-3888,TRAF4,9618.0,Amp5,5.7
X-3888,TSPAN13,27075.0,Amp5,6.41
X-3888,TSPY1,7258.0,Del0.8,0.68
X-3888,TSPY2,64591.0,Del0.8,0.68
X-3888,TSPY3,728137.0,Del0.8,0.68
X-3888,TSPY4,728395.0,Del0.8,0.68
X-3888,TSPY8,728403.0,Del0.8,0.68
X-3888,TSPYL1,7259.0,MutNovel,"V176VW,0.391"
X-3888,TTTY10,246119.0,Del0.8,0.57
X-3888,TTTY11,83866.0,Del0.8,0.68
X-3888,TTTY12,83867.0,Del0.8,0.68
X-3888,TTTY13,83868.0,Del0.8,0.57
X-3888,TTTY14,83869.0,Del0.8,0.57
X-3888,TTTY15,64595.0,Del0.8,0.57
X-3888,TTTY16,252948.0,Del0.8,0.68
X-3888,TTTY17A,252949.0,Del0.8,0.57
X-3888,TTTY17A,252949.0,Del0.8,0.57
X-3888,TTTY18,252950.0,Del0.8,0.68
X-3888,TTTY19,252952.0,Del0.8,0.68
X-3888,TTTY1B,100101116.0,Del0.8,0.68
X-3888,TTTY1B,100101116.0,Del0.8,0.57
X-3888,TTTY2,60439.0,Del0.8,0.68
X-3888,TTTY2,60439.0,Del0.8,0.57
X-3888,TTTY20,252951.0,Del0.8,0.68
X-3888,TTTY21,252953.0,Del0.8,0.68
X-3888,TTTY21,252953.0,Del0.8,0.57
X-3888,TTTY22,252954.0,Del0.8,0.57
X-3888,TTTY23,252955.0,Del0.8,0.57
X-3888,TTTY23,252955.0,Del0.8,0.68
X-3888,TTTY3,114760.0,Del0.8,0.57
X-3888,TTTY3,114760.0,Del0.8,0.57
X-3888,TTTY4,114761.0,Del0.8,0.57
X-3888,TTTY4,114761.0,Del0.8,0.57
X-3888,TTTY5,83863.0,Del0.8,0.57
X-3888,TTTY6,84672.0,Del0.8,0.57
X-3888,TTTY6,84672.0,Del0.8,0.57
X-3888,TTTY7,246122.0,Del0.8,0.57
X-3888,TTTY7,246122.0,Del0.8,0.68
X-3888,TTTY7B,100101120.0,Del0.8,0.57
X-3888,TTTY7B,100101120.0,Del0.8,0.68
X-3888,TTTY8,84673.0,Del0.8,0.57
X-3888,TTTY8,84673.0,Del0.8,0.68
X-3888,TTTY9A,83864.0,Del0.8,0.57
X-3888,TTTY9A,83864.0,Del0.8,0.57
X-3888,TWIST1,7291.0,Amp5,6.41
X-3888,TWISTNB,221830.0,Amp5,6.41
X-3888,TXLNG2P,246126.0,Del0.8,0.57
X-3888,UBN2,254048.0,MutNovel,"P97L,0.600"
X-3888,UGT2B15,7366.0,MutNovel,"T6M,1.000"
X-3888,UNC119,9094.0,Amp5,5.7
X-3888,UPP1,7378.0,Amp5,5.35
X-3888,USP9Y,8287.0,Del0.8,0.57
X-3888,UTP18,51096.0,Amp8,13
X-3888,UTY,7404.0,Del0.8,0.57
X-3888,VCY,9084.0,Del0.8,0.57
X-3888,VCY,9084.0,Del0.8,0.57
X-3888,VOPP1,81552.0,Amp8,12.38
X-3888,VPS16,64601.0,MutNovel,"Q606R,0.364"
X-3888,VTN,7448.0,Amp5,5.7
X-3888,VWC2,375567.0,Amp5,5.35
X-3888,WIPF2,147179.0,Amp5,7.67
X-3888,WSB1,26118.0,Amp5,5.7
X-3888,XKRY2,353515.0,Del0.8,0.57
X-3888,XKRY2,353515.0,Del0.8,0.57
X-3888,ZC3H7B,23264.0,MutNovel,"G957R,0.547"
X-3888,ZFP36L2,678.0,MutNovel,"Q401HSSR,0.221"
X-3888,ZFY,7544.0,Del0.8,0.68
X-3888,ZNF197,10168.0,MutKnownFunctional,"-447,0.250"
X-3888,ZNF219,51222.0,MutNovel,"QPP233P,0.375"
X-3888,ZNF221,7638.0,MutKnownFunctional,"K148*,1.000"
X-3888,ZNF239,8187.0,MutNovel,"H229P,0.815"
X-3888,ZNF395,55893.0,MutNovel,"E266K,1.000"
X-3888,ZNF532,55205.0,Amp5,5.03
X-3888,ZNF587B,,MutNovel,"C272Y,1.000"
X-3888,ZNF713,349075.0,Amp8,12.38
X-3888,ZNF717,100131827.0,MutNovel,"P450L,1.000"
X-3888,ZPBP,11055.0,Amp5,5.35
X-3888,ZPBP2,124626.0,Amp5,7.67
X-3888,ZPLD1,131368.0,Amp5,5.31
X-3966,AAED1,,MutNovel,"P4L,0.833"
X-3966,ABCC5,10057.0,MutNovel,"F1088L,0.562"
X-3966,ACTB,60.0,MutNovel,"T203M,0.522"
X-3966,AGAP6,414189.0,MutNovel,"P391L,0.367"
X-3966,AGAP6,414189.0,MutKnownFunctional,"E621*,0.520"
X-3966,AGAP8,728404.0,MutNovel,"P322S,0.579"
X-3966,AKNAD1,254268.0,MutKnownFunctional,"-227?,0.278"
X-3966,AMELY,266.0,Del0.8,0.32
X-3966,ANKRD36,375248.0,MutNovel,"A475T,0.408"
X-3966,ANKS1A,23294.0,MutNovel,"V435I,0.283"
X-3966,AP1G2,8906.0,MutKnownFunctional,"-244?,0.350"
X-3966,AP3B1,8546.0,MutNovel,"KK803K,0.302"
X-3966,AP3M2,10947.0,MutNovel,"D92E,0.610"
X-3966,ARHGEF18,23370.0,MutNovel,"G680W,0.519"
X-3966,ARID1A,8289.0,MutKnownFunctional,"-676,1.000"
X-3966,ATXN1L,342371.0,MutNovel,"P189Q,0.475"
X-3966,ATXN7L1,222255.0,MutNovel,"G724S,0.636"
X-3966,AVEN,57099.0,MutNovel,"GGGGG41G,0.333"
X-3966,B4GALNT4,338707.0,MutNovel,"R539G,0.463"
X-3966,BCORP1,286554.0,Del0.8,0.27
X-3966,BMP6,654.0,MutNovel,"R28Q,1.000"
X-3966,BPY2B,442867.0,Del0.8,0.2
X-3966,BPY2B,442867.0,Del0.8,0.14
X-3966,BRPF3,27154.0,MutNovel,"G109D,0.537"
X-3966,BTAF1,9044.0,MutNovel,"P524S,0.521"
X-3966,BTN3A3,10384.0,MutNovel,"G421V,0.333"
X-3966,C14orf169,79697.0,MutNovel,"LRRR164-,0.346"
X-3966,C1QTNF9B,387911.0,MutNovel,"M301V,1.000"
X-3966,C20orf24,55969.0,MutKnownFunctional,"-122,0.800"
X-3966,C20orf24,55969.0,MutNovel,"T124A,0.800"
X-3966,C21orf58,54058.0,MutNovel,"H299PN,0.613"
X-3966,C5orf54,63920.0,MutKnownFunctional,"Q93*,0.467"
X-3966,C6orf223,221416.0,MutNovel,"-124AA,0.202"
X-3966,C8orf44,56260.0,MutKnownFunctional,"R70*,0.559"
X-3966,C9orf142,286257.0,MutNovel,"G14D,0.402"
X-3966,CACNA1E,777.0,MutNovel,"V1019M,0.237"
X-3966,CACNA1E,777.0,MutNovel,"G1244A,0.556"
X-3966,CASC5,57082.0,MutNovel,"R102Q,1.000"
X-3966,CCDC137,339230.0,MutNovel,"M227I,0.498"
X-3966,CCDC148,130940.0,MutNovel,"Q299H,0.600"
X-3966,CCDC61,729440.0,MutNovel,"R344C,0.500"
X-3966,CCND1,595.0,MutNovel,"DVRDV289-,0.449"
X-3966,CDK11A,728642.0,MutNovel,"L399S,1.000"
X-3966,CDK11B,984.0,MutNovel,"G284R,0.366"
X-3966,CDKN2A,1029.0,MutKnownFunctional,"Y129*,1.000"
X-3966,CDKN2A,1029.0,MutNovel,"A127S,1.000"
X-3966,CDY1B,253175.0,Del0.8,0.27
X-3966,CDY1B,253175.0,Del0.8,0.2
X-3966,CDY2A,9426.0,Del0.8,0.27
X-3966,CDY2A,9426.0,Del0.8,0.27
X-3966,CDY2B,203611.0,Del0.8,0.27
X-3966,CDY2B,203611.0,Del0.8,0.27
X-3966,CFHR1,3078.0,Amp5,5.31
X-3966,CFHR3,10878.0,Amp5,5.13
X-3966,CHST15,51363.0,MutKnownFunctional,"-456,0.716"
X-3966,CIC,23152.0,MutNovel,"P123L,0.534"
X-3966,CLCN7,1186.0,MutNovel,"P199L,0.529"
X-3966,CLCNKB,1188.0,Del0.8,0.78
X-3966,CNNM2,54805.0,MutNovel,"L180R,0.389"
X-3966,COQ5,84274.0,MutNovel,"MS86S,0.551"
X-3966,CROCC,9696.0,MutNovel,"R92C,0.437"
X-3966,CSPG4P1Y,114758.0,Del0.8,0.27
X-3966,CSPG4P1Y,114758.0,Del0.8,0.2
X-3966,CST3,1471.0,MutNovel,"D66N,0.468"
X-3966,CTNNB1,1499.0,MutNovel,"ATT39A,0.460"
X-3966,CTNNB1,1499.0,MutNovel,"S45A,0.462"
X-3966,CTSA,5476.0,MutNovel,"L29-,0.927"
X-3966,CTSE,1510.0,MutNovel,"Y128C,0.444"
X-3966,CTSK,1513.0,MutKnownFunctional,"-64,0.474"
X-3966,CTTNBP2,83992.0,MutNovel,"V628I,0.442"
X-3966,CYP3A5,1577.0,MutKnownFunctional,"-345?,0.300"
X-3966,DAXX,1616.0,MutNovel,"N5K,0.320"
X-3966,DAZ1,1617.0,Del0.8,0.27
X-3966,DAZ2,57055.0,Del0.8,0.24
X-3966,DAZ3,57054.0,Del0.8,0.23
X-3966,DAZ3,57054.0,Del0.8,0.2
X-3966,DAZ4,57135.0,Del0.8,0.22
X-3966,DAZ4,57135.0,Del0.8,0.24
X-3966,DDX3Y,8653.0,Del0.8,0.27
X-3966,DDX56,54606.0,MutNovel,"E402-,0.435"
X-3966,DECR2,26063.0,MutNovel,"D137Y,0.471"
X-3966,DGKK,139189.0,MutKnownFunctional,"-1020?,1.000"
X-3966,DHX34,9704.0,MutNovel,"L966LE,0.333"
X-3966,DLGAP5,9787.0,MutNovel,"P840T,0.538"
X-3966,DMRTA1,63951.0,MutNovel,"A138V,0.400"
X-3966,DPEP1,1800.0,MutNovel,"R96Q,0.500"
X-3966,DPY19L3,147991.0,MutNovel,"E90K,0.600"
X-3966,DSG4,147409.0,MutNovel,"F859L,0.526"
X-3966,DUOXA2,405753.0,MutNovel,"Y156P,0.750"
X-3966,EFTUD1,79631.0,MutNovel,"V198A,0.409"
X-3966,EIF1AY,9086.0,Del0.8,0.27
X-3966,ELP2,55250.0,MutNovel,"C637R,0.541"
X-3966,EME2,197342.0,MutNovel,"R263Q,0.423"
X-3966,EPPK1,83481.0,MutNovel,"V1422M,0.980"
X-3966,EXOC8,149371.0,MutNovel,"M5MRW,0.250"
X-3966,EXOSC9,5393.0,MutNovel,"A87G,0.426"
X-3966,FAM100B,283991.0,MutNovel,"R138H,0.497"
X-3966,FAM131C,348487.0,Del0.8,0.78
X-3966,FAM197Y2P,252946.0,Del0.8,0.05
X-3966,FAM200B,285550.0,MutNovel,"R279C,0.462"
X-3966,FAM21A,387680.0,MutNovel,"G444D,1.000"
X-3966,FAM21B,55747.0,MutNovel,"S481L,0.909"
X-3966,FAM22A,728118.0,MutNovel,"L563Q,0.722"
X-3966,FAM41AY1,340618.0,Del0.8,0.27
X-3966,FAM41AY1,340618.0,Del0.8,0.27
X-3966,FAM83H,286077.0,MutNovel,"E535D,0.602"
X-3966,FBXL17,64839.0,MutNovel,"A278V,0.304"
X-3966,FBXO15,201456.0,MutKnownFunctional,"-232?,0.250"
X-3966,FLG,2312.0,MutNovel,"R1299E,0.444"
X-3966,FLJ45513,729220.0,MutKnownFunctional,"-42,0.818"
X-3966,FOXD1,2297.0,MutNovel,"A88G,0.455"
X-3966,FOXL2,668.0,MutNovel,"A179G,1.000"
X-3966,FOXN3,1112.0,MutNovel,"GSEG379G,0.404"
X-3966,GIGYF2,26058.0,MutNovel,"PQ1231P,0.762"
X-3966,GJC2,57165.0,MutNovel,"P316L,0.818"
X-3966,GJD3,125111.0,MutNovel,"Q112P,0.429"
X-3966,GLTSCR2,29997.0,MutNovel,"D401A,0.533"
X-3966,GNPTG,84572.0,MutNovel,"S68L,0.476"
X-3966,GOLGA2P2Y,84559.0,Del0.8,0.2
X-3966,GOLGA2P2Y,84559.0,Del0.8,0.27
X-3966,GOLGA8A,23015.0,MutNovel,"E122D,0.333"
X-3966,GOLGA8B,440270.0,MutNovel,"E122D,0.269"
X-3966,GPAT2,150763.0,MutNovel,"R692C,0.231"
X-3966,GPR50,9248.0,MutNovel,"PTTGH501P,0.916"
X-3966,GRAMD2,196996.0,MutNovel,"R166Q,0.333"
X-3966,GSTM1,2944.0,MutNovel,"S210T,1.000"
X-3966,GSTT1,2952.0,Amp8,8.63
X-3966,GTF2IRD2B,389524.0,MutNovel,"N514H,0.333"
X-3966,GYG2P1,352887.0,Del0.8,0.27
X-3966,HERC1,8925.0,MutNovel,"R4444Q,0.440"
X-3966,HLA-B,3106.0,MutNovel,"A73G,1.000"
X-3966,HMGXB3,22993.0,MutNovel,"S985R,0.564"
X-3966,HNRNPCL1,343069.0,MutNovel,"Q185K,1.000"
X-3966,HPS5,11234.0,MutNovel,"S1038R,0.476"
X-3966,HSFY2,159119.0,Del0.8,0.27
X-3966,HSFY2,159119.0,Del0.8,0.27
X-3966,HSPA1A,3303.0,MutNovel,"EQ600DK,0.346"
X-3966,IER5,51278.0,MutNovel,"L239F,0.581"
X-3966,INTS8,55656.0,MutNovel,"P873L,0.717"
X-3966,JUNB,3726.0,MutNovel,"AGG121-,0.476"
X-3966,KARS,3735.0,MutNovel,"M497V,0.525"
X-3966,KDM5D,8284.0,Del0.8,0.27
X-3966,KIAA0825,285600.0,MutKnownFunctional,"-189?,0.455"
X-3966,KIAA1033,23325.0,MutNovel,"H507Q,0.489"
X-3966,KIAA2018,205717.0,MutNovel,"QQQQQQ1468Q,0.750"
X-3966,KIAA2026,158358.0,MutNovel,"L2072F,0.481"
X-3966,KIF20B,9585.0,MutNovel,"L1062LKV,0.349"
X-3966,KREMEN1,83999.0,MutNovel,"G487R,0.633"
X-3966,KRT10,3858.0,MutNovel,"G533S,0.380"
X-3966,KRT25,147183.0,MutNovel,"A336T,0.400"
X-3966,KSR2,283455.0,MutNovel,"I868T,0.500"
X-3966,LCE3C,353144.0,Del0.8,0.35
X-3966,LENG9,94059.0,MutNovel,"R307G,0.500"
X-3966,LOC100128326,,MutNovel,"P26L,0.333"
X-3966,LOC100132247,100132247.0,MutNovel,"R536H,0.256"
X-3966,LOC100132247,100132247.0,MutNovel,"I583T,0.273"
X-3966,LOC100132731,,MutNovel,"KK507K,0.854"
X-3966,LOC100507338,,MutNovel,"D222H,0.583"
X-3966,LOC100507369,,MutNovel,"S182N,1.000"
X-3966,LOC339862,,MutKnownFunctional,"-39,0.278"
X-3966,LOC391322,391322.0,Amp8,8.63
X-3966,LOC391764,,MutNovel,"S194L,0.667"
X-3966,LOC391766,,MutNovel,"R82S,1.000"
X-3966,LOC440292,,MutNovel,"K190E,1.000"
X-3966,LOC728741,,MutNovel,"R380W,0.462"
X-3966,LOC728888,,MutNovel,"R931W,0.857"
X-3966,LONP1,9361.0,MutNovel,"E706K,0.521"
X-3966,LRRK2,120892.0,MutNovel,"R2477W,0.498"
X-3966,LSR,51599.0,MutNovel,"G518GR,0.447"
X-3966,MAML3,55534.0,MutNovel,"G58R,0.400"
X-3966,MAP3K4,4216.0,MutNovel,"PA1189P,0.534"
X-3966,MARCKS,4082.0,MutNovel,"P250L,0.411"
X-3966,MBD2,8932.0,MutNovel,"G115S,0.500"
X-3966,MEGF8,1954.0,MutNovel,"R937Q,0.651"
X-3966,MGAM,8972.0,MutNovel,"R1304H,1.000"
X-3966,MICA,100507436.0,MutKnownFunctional,"-318LL?,0.276"
X-3966,MIPEP,4285.0,MutNovel,"A16S,0.543"
X-3966,MPRIP,23164.0,MutNovel,"TS178T,0.279"
X-3966,MRPS2,51116.0,MutNovel,"H247L,0.510"
X-3966,MSTO1,55154.0,MutNovel,"A94T,0.250"
X-3966,NAAA,27163.0,MutNovel,"A21G,0.448"
X-3966,NACAD,23148.0,MutNovel,"V641A,1.000"
X-3966,NBPF1,55672.0,MutNovel,"G986E,0.265"
X-3966,NBPF1,55672.0,MutNovel,"R656W,0.263"
X-3966,NBPF1,55672.0,MutNovel,"R385W,0.508"
X-3966,NBPF12,,MutNovel,"H486Q,0.579"
X-3966,NBPF12,,MutNovel,"P896S,1.000"
X-3966,NBPF12,,MutNovel,"P2003S,0.889"
X-3966,NBPF14,25832.0,MutNovel,"D679S,0.308"
X-3966,NBPF9,400818.0,MutNovel,"Q184R,1.000"
X-3966,NCOA3,8202.0,MutNovel,"Q1255-,0.275"
X-3966,NCOR2,9612.0,MutNovel,"G1839GAAA,0.535"
X-3966,NCR3LG1,,MutNovel,"R324Q,0.389"
X-3966,NCRNA00185,55410.0,Del0.8,0.27
X-3966,NLGN4Y,22829.0,Del0.8,0.27
X-3966,NOP2,4839.0,MutNovel,"Q609R,0.667"
X-3966,NPIPL3,23117.0,MutNovel,"R433H,0.636"
X-3966,NPIPL3,23117.0,MutNovel,"E306Q,0.615"
X-3966,NR1H2,7376.0,MutNovel,"-173Q,0.813"
X-3966,OGT,8473.0,MutNovel,"-111HYR,0.793"
X-3966,ORAI1,84876.0,MutNovel,"PP43-,0.722"
X-3966,PAXIP1,22976.0,MutNovel,"Q457RK,0.317"
X-3966,PCDH11Y,83259.0,Del0.8,0.32
X-3966,PCMTD2,55251.0,MutNovel,"P143S,0.554"
X-3966,PHLDA1,22822.0,MutNovel,"QQ194Q,0.524"
X-3966,PIK3CA,5290.0,MutKnownFunctional,"H1047R,1.000"
X-3966,PKP2,5318.0,MutNovel,"G75R,0.381"
X-3966,PLCL2,23228.0,MutNovel,"P86S,0.519"
X-3966,PMS2,5395.0,MutNovel,"T728A,0.202"
X-3966,POLH,5429.0,MutNovel,"P73R,0.383"
X-3966,POTEF,728378.0,MutNovel,"M771I,0.750"
X-3966,POTEJ,,MutNovel,"I738L,1.000"
X-3966,PPARD,5467.0,MutNovel,"A292S,0.698"
X-3966,PPIAL4G,644591.0,MutNovel,"Q24L,1.000"
X-3966,PPP2R3B,28227.0,MutNovel,"R602P,0.333"
X-3966,PPP2R3B,28227.0,MutNovel,"L589S,0.385"
X-3966,PPP2R3B,28227.0,MutNovel,"V241M,0.506"
X-3966,PRAMEF1,65121.0,MutNovel,"A372G,1.000"
X-3966,PRAMEF11,440560.0,MutNovel,"R228H,0.833"
X-3966,PRAMEF13,400736.0,MutNovel,"R265G,0.500"
X-3966,PRAMEF6,440561.0,MutNovel,"H94C,1.000"
X-3966,PRB4,5545.0,MutNovel,"P116H,0.667"
X-3966,PRB4,5545.0,MutNovel,"T113P,0.636"
X-3966,PRKY,5616.0,Del0.8,0.32
X-3966,PRY,9081.0,Del0.8,0.27
X-3966,PRY,9081.0,Del0.8,0.27
X-3966,PRY2,442862.0,Del0.8,0.27
X-3966,PRY2,442862.0,Del0.8,0.27
X-3966,PTGDR2,11251.0,MutNovel,"R343RA,0.289"
X-3966,RAB3IP,117177.0,MutKnownFunctional,"-2,0.261"
X-3966,RBMY1A3P,286557.0,Del0.8,0.32
X-3966,RBMY1B,378948.0,Del0.8,0.27
X-3966,RBMY1B,378948.0,Del0.8,0.27
X-3966,RBMY1E,378950.0,Del0.8,0.27
X-3966,RBMY1E,378950.0,Del0.8,0.27
X-3966,RBMY1F,159163.0,Del0.8,0.27
X-3966,RBMY1F,159163.0,Del0.8,0.27
X-3966,RBMY1J,378951.0,Del0.8,0.27
X-3966,RBMY1J,378951.0,Del0.8,0.27
X-3966,RBMY2EP,159125.0,Del0.8,0.27
X-3966,RBMY2FP,159162.0,Del0.8,0.27
X-3966,RBMY3AP,64593.0,Del0.8,0.27
X-3966,RCBTB2,1102.0,MutKnownFunctional,"-100?,0.263"
X-3966,RGMB,285704.0,MutNovel,"H18Q,0.538"
X-3966,RGMB,285704.0,MutNovel,"S343T,0.487"
X-3966,RNF166,115992.0,MutNovel,"V44A,0.600"
X-3966,ROR2,4920.0,MutNovel,"R3W,0.867"
X-3966,RPS4Y1,6192.0,Del0.8,0.32
X-3966,RPS4Y2,140032.0,Del0.8,0.27
X-3966,RRP7A,27341.0,MutNovel,"R48Q,0.357"
X-3966,SERINC2,347735.0,MutNovel,"-373Q,0.711"
X-3966,SETD2,29072.0,MutNovel,"S708P,0.583"
X-3966,SGSM2,9905.0,MutNovel,"QE805Q,0.512"
X-3966,SH3D21,79729.0,MutNovel,"E101K,1.000"
X-3966,SLC38A10,124565.0,MutNovel,"D481Y,0.494"
X-3966,SLC44A1,23446.0,MutNovel,"M209I,0.473"
X-3966,SOCS1,8651.0,MutNovel,"Q210H,0.474"
X-3966,SOCS7,30837.0,MutNovel,"E179EQ,0.211"
X-3966,SPTAN1,6709.0,MutNovel,"A2028T,0.522"
X-3966,SRY,6736.0,Del0.8,0.32
X-3966,TBL1Y,90665.0,Del0.8,0.32
X-3966,TBP,6908.0,MutNovel,"-64Q,0.343"
X-3966,TBX1,6899.0,MutNovel,"G350D,0.333"
X-3966,TDGF1,6997.0,MutNovel,"P68L,0.210"
X-3966,TGIF2LY,90655.0,Del0.8,0.32
X-3966,THOP1,7064.0,MutNovel,"S635G,0.483"
X-3966,TMCC2,9911.0,MutNovel,"G174S,0.812"
X-3966,TMEM109,79073.0,MutNovel,"R221C,0.535"
X-3966,TMEM183B,,MutKnownFunctional,"-116?,0.533"
X-3966,TMEM184A,202915.0,MutNovel,"G392GA,0.425"
X-3966,TMEM191B,728229.0,MutNovel,"F159FY,1.000"
X-3966,TMSB4Y,9087.0,Del0.8,0.27
X-3966,TRIM35,23087.0,MutNovel,"R42C,0.652"
X-3966,TRIM43,129868.0,MutNovel,"H127Y,0.312"
X-3966,TRIM43,129868.0,MutNovel,"G162R,0.235"
X-3966,TRIM43,129868.0,MutNovel,"L245F,0.381"
X-3966,TRIM43,129868.0,MutNovel,"S257P,0.500"
X-3966,TRIM43,129868.0,MutNovel,"F293C,0.778"
X-3966,TRIM43B,653192.0,MutNovel,"L168W,0.887"
X-3966,TRIM43B,653192.0,MutNovel,"D136H,0.785"
X-3966,TRIM43B,653192.0,MutNovel,"T14A,0.818"
X-3966,TRIM49C,,MutNovel,"I28T,0.250"
X-3966,TRIM49C,,MutNovel,"Q184E,0.833"
X-3966,TRIM49C,,MutNovel,"P187A,0.667"
X-3966,TRIM49L1,729384.0,MutNovel,"V151A,1.000"
X-3966,TRIM49L1,729384.0,MutNovel,"V160M,1.000"
X-3966,TRIM49L1,729384.0,MutNovel,"T163A,1.000"
X-3966,TRIM51,,MutNovel,"C152W,1.000"
X-3966,TRIM51,,MutNovel,"F248L,1.000"
X-3966,TRIOBP,11078.0,MutNovel,"T501R,0.208"
X-3966,TRPA1,8989.0,MutNovel,"E981K,0.300"
X-3966,TSPY1,7258.0,Del0.8,0.05
X-3966,TSPY2,64591.0,Del0.8,0.32
X-3966,TSPY3,728137.0,Del0.8,0.05
X-3966,TSPY4,728395.0,Del0.8,0.05
X-3966,TSPY8,728403.0,Del0.8,0.05
X-3966,TSPYL1,7259.0,MutNovel,"V176VW,0.834"
X-3966,TTC36,143941.0,MutNovel,"R96Q,0.714"
X-3966,TTC36,143941.0,MutNovel,"G117R,0.438"
X-3966,TTTY10,246119.0,Del0.8,0.27
X-3966,TTTY11,83866.0,Del0.8,0.32
X-3966,TTTY12,83867.0,Del0.8,0.32
X-3966,TTTY13,83868.0,Del0.8,0.27
X-3966,TTTY14,83869.0,Del0.8,0.27
X-3966,TTTY15,64595.0,Del0.8,0.27
X-3966,TTTY16,252948.0,Del0.8,0.32
X-3966,TTTY17A,252949.0,Del0.8,0.14
X-3966,TTTY17A,252949.0,Del0.8,0.2
X-3966,TTTY18,252950.0,Del0.8,0.32
X-3966,TTTY19,252952.0,Del0.8,0.32
X-3966,TTTY1B,100101116.0,Del0.8,0.32
X-3966,TTTY1B,100101116.0,Del0.8,0.27
X-3966,TTTY2,60439.0,Del0.8,0.27
X-3966,TTTY2,60439.0,Del0.8,0.32
X-3966,TTTY20,252951.0,Del0.8,0.13
X-3966,TTTY21,252953.0,Del0.8,0.32
X-3966,TTTY21,252953.0,Del0.8,0.27
X-3966,TTTY22,252954.0,Del0.8,0.27
X-3966,TTTY23,252955.0,Del0.8,0.27
X-3966,TTTY23,252955.0,Del0.8,0.32
X-3966,TTTY3,114760.0,Del0.8,0.27
X-3966,TTTY3,114760.0,Del0.8,0.2
X-3966,TTTY4,114761.0,Del0.8,0.14
X-3966,TTTY4,114761.0,Del0.8,0.2
X-3966,TTTY5,83863.0,Del0.8,0.27
X-3966,TTTY6,84672.0,Del0.8,0.27
X-3966,TTTY6,84672.0,Del0.8,0.27
X-3966,TTTY7,246122.0,Del0.8,0.27
X-3966,TTTY7,246122.0,Del0.8,0.32
X-3966,TTTY7B,100101120.0,Del0.8,0.27
X-3966,TTTY7B,100101120.0,Del0.8,0.32
X-3966,TTTY8,84673.0,Del0.8,0.27
X-3966,TTTY8,84673.0,Del0.8,0.32
X-3966,TTTY9A,83864.0,Del0.8,0.27
X-3966,TTTY9A,83864.0,Del0.8,0.27
X-3966,TWISTNB,221830.0,MutNovel,"KK281K,0.433"
X-3966,TXLNG2P,246126.0,Del0.8,0.27
X-3966,UAP1L1,91373.0,MutNovel,"V79L,0.600"
X-3966,UBA7,7318.0,MutNovel,"V230M,0.375"
X-3966,UBAP2,55833.0,MutNovel,"K659E,0.523"
X-3966,UBR2,23304.0,MutNovel,"G1653E,0.641"
X-3966,UNC13D,201294.0,MutNovel,"E193K,0.750"
X-3966,UPK3B,80761.0,MutNovel,"G180C,0.600"
X-3966,USP41,,MutNovel,"M141V,0.529"
X-3966,USP9Y,8287.0,Del0.8,0.27
X-3966,UTY,7404.0,Del0.8,0.27
X-3966,VCX,26609.0,MutNovel,"A70G,1.000"
X-3966,VCY,9084.0,Del0.8,0.27
X-3966,VCY,9084.0,Del0.8,0.27
X-3966,VPS51,,MutNovel,"A168T,0.509"
X-3966,WDR19,57728.0,MutNovel,"P1275A,0.525"
X-3966,WDR52,55779.0,MutNovel,"G718R,0.675"
X-3966,WNK2,65268.0,MutNovel,"N493S,0.926"
X-3966,XKRY2,353515.0,Del0.8,0.27
X-3966,XKRY2,353515.0,Del0.8,0.27
X-3966,ZFHX3,463.0,MutNovel,"PPPP2047P,0.600"
X-3966,ZFY,7544.0,Del0.8,0.32
X-3966,ZNF140,7699.0,MutNovel,"K91E,0.341"
X-3966,ZNF367,195828.0,MutNovel,"P113Q,0.550"
X-3966,ZNF384,171017.0,MutNovel,"QQ514Q,0.419"
X-3966,ZNF417,147687.0,MutNovel,"Y329C,0.292"
X-3966,ZNF467,168544.0,MutNovel,"V475I,0.500"
X-3966,ZNF568,374900.0,MutNovel,"M22I,0.258"
X-3966,ZNF623,9831.0,MutKnownFunctional,"-536,0.331"
X-3966,ZNF814,730051.0,MutNovel,"R708I,0.325"
X-3966,ZNF816-ZNF321P,100529240.0,MutNovel,"T89R,0.350"
X-3966,ZNF837,116412.0,MutNovel,"G359V,0.619"
X-3966,ZP3,7784.0,MutNovel,"S315P,0.285"
X-3966,ZRANB1,54764.0,MutKnownFunctional,"-709?,0.367"
X-4367,ABRA,137735.0,Amp5,5.28
X-4367,ADAM18,8749.0,Amp5,5.39
X-4367,ADAM2,2515.0,Amp5,5.39
X-4367,ADAM32,203102.0,Amp5,5.39
X-4367,ADAM3A,1587.0,Amp5,5.39
X-4367,ADAM5P,255926.0,Amp5,5.39
X-4367,ADAM9,8754.0,Amp5,5.39
X-4367,ADAMTS5,11096.0,MutNovel,"A662V,0.254"
X-4367,ADAMTS7,11173.0,MutNovel,"P126L,1.000"
X-4367,ADCY8,114.0,Amp5,7.73
X-4367,ADCY9,115.0,Amp5,5.03
X-4367,ADHFE1,137872.0,Amp5,5.31
X-4367,AGPAT6,137964.0,Amp5,5.39
X-4367,AHNAK2,113146.0,MutNovel,"P2392Q,0.562"
X-4367,ALG1,56052.0,Amp5,5.03
X-4367,AMELY,266.0,Del0.8,0.51
X-4367,ANGPT1,284.0,Amp5,5.28
X-4367,ANK1,286.0,Amp5,5.39
X-4367,ANKRD36,375248.0,MutNovel,"T998S,0.318"
X-4367,ANKRD36,375248.0,MutNovel,"D1014Y,0.250"
X-4367,ANKRD46,157567.0,Amp5,5.28
X-4367,ANKRD50,57182.0,MutNovel,"K286E,0.207"
X-4367,ANKS3,124401.0,Amp5,5.03
X-4367,ANKS6,203286.0,MutNovel,"A835T,0.429"
X-4367,ANO1,55107.0,MutNovel,"A358T,1.000"
X-4367,ANXA13,312.0,Amp5,5.28
X-4367,AP3M2,10947.0,Amp5,5.39
X-4367,APOD,347.0,Amp5,6.63
X-4367,ARFGEF1,10565.0,Amp5,5.31
X-4367,ARHGEF5,7984.0,MutNovel,"E214K,0.344"
X-4367,ARMC1,55156.0,Amp5,5.31
X-4367,ARMCX4,100131755.0,MutNovel,"G763S,1.000"
X-4367,ASAP1,50807.0,Amp5,7.73
X-4367,ASAP1-IT1,29065.0,Amp5,7.73
X-4367,ASPH,444.0,Amp5,5.31
X-4367,ATAD2,29028.0,Amp5,5.28
X-4367,ATG2A,23130.0,Amp5,5.74
X-4367,ATP6V0D2,245972.0,Amp5,5.31
X-4367,ATP6V1C1,528.0,Amp5,5.28
X-4367,ATP6V1H,51606.0,Amp5,5.31
X-4367,AZIN1,51582.0,Amp5,5.28
X-4367,BAALC,79870.0,Amp5,5.28
X-4367,BATF2,116071.0,Amp5,5.74
X-4367,BCORP1,286554.0,Del0.8,0.44
X-4367,BHLHE22,27319.0,Amp5,5.31
X-4367,BOP1,23246.0,MutNovel,"K339R,1.000"
X-4367,BPY2B,442867.0,Del0.8,0.29
X-4367,BPY2B,442867.0,Del0.8,0.29
X-4367,C11orf85,283129.0,Amp5,5.74
X-4367,C16orf13,84326.0,MutKnownFunctional,"Y21*,1.000"
X-4367,C16orf5,29965.0,Amp5,5.03
X-4367,C16orf62,57020.0,MutNovel,"V913I,0.683"
X-4367,C16orf71,146562.0,Amp5,5.03
X-4367,C16orf89,146556.0,Amp5,5.03
X-4367,C16orf96,342346.0,Amp5,5.03
X-4367,C7orf61,402573.0,MutKnownFunctional,"-29?,0.357"
X-4367,C8orf22,492307.0,Amp5,5.39
X-4367,C8orf34,116328.0,Amp5,5.31
X-4367,C8orf37,157657.0,Amp5,5.28
X-4367,C8orf4,56892.0,Amp5,5.39
X-4367,C8orf40,114926.0,Amp5,5.39
X-4367,C8orf44,56260.0,Amp5,5.31
X-4367,C8orf44-SGK3,100533105.0,Amp5,5.31
X-4367,C8orf46,254778.0,Amp5,5.31
X-4367,C8orf47,203111.0,Amp5,5.28
X-4367,C8orf56,157556.0,Amp5,5.28
X-4367,C8orf59,401466.0,Amp5,5.31
X-4367,C8orf76,84933.0,Amp5,5.28
X-4367,C8orf86,389649.0,Amp5,5.39
X-4367,CA1,759.0,Amp5,5.31
X-4367,CA13,377677.0,Amp5,5.31
X-4367,CA2,760.0,Amp5,5.31
X-4367,CA3,761.0,Amp5,5.31
X-4367,CA8,767.0,Amp5,5.31
X-4367,CALB1,793.0,Amp5,5.31
X-4367,CAMKK2,10645.0,MutNovel,"M354V,0.648"
X-4367,CBLB,868.0,MutNovel,"D803E,0.453"
X-4367,CBWD3,445571.0,MutNovel,"L207F,0.400"
X-4367,CBX4,8535.0,MutNovel,"V505A,0.238"
X-4367,CCDC6,8030.0,MutNovel,"E139-,0.476"
X-4367,CCNE2,9134.0,Amp5,5.28
X-4367,CDC42BPG,55561.0,Amp5,5.74
X-4367,CDC42EP1,11135.0,MutNovel,"PAPAANPS253P,1.000"
X-4367,CDH17,1015.0,Amp5,5.31
X-4367,CDKN1C,1028.0,MutNovel,"APVAV171V,1.000"
X-4367,CDY1B,253175.0,Del0.8,0.29
X-4367,CDY1B,253175.0,Del0.8,0.29
X-4367,CDY2A,9426.0,Del0.8,0.26
X-4367,CDY2A,9426.0,Del0.8,0.26
X-4367,CDY2B,203611.0,Del0.8,0.26
X-4367,CDY2B,203611.0,Del0.8,0.26
X-4367,CEBPD,1052.0,Amp5,5.39
X-4367,CEL,1056.0,MutNovel,"V414I,1.000"
X-4367,CHCHD7,79145.0,Amp5,5.31
X-4367,CHD2,1106.0,MutKnownFunctional,"-1242?,0.783"
X-4367,CHD4,1108.0,MutLikelyFunctional,"R975H,0.356"
X-4367,CHD7,55636.0,Amp5,5.31
X-4367,CHMP4C,92421.0,Amp5,5.31
X-4367,CHRAC1,54108.0,Amp5,5.35
X-4367,CHRNA6,8973.0,Amp5,5.39
X-4367,CHRNB3,1142.0,Amp5,5.39
X-4367,CLVS1,157807.0,Amp5,5.31
X-4367,CNBD1,168975.0,Amp5,5.31
X-4367,CNGB3,54714.0,Amp5,5.31
X-4367,COL14A1,7373.0,Amp5,5.39
X-4367,COL22A1,169044.0,Amp5,6.45
X-4367,COLEC10,10584.0,Amp5,5.39
X-4367,COPS3,8533.0,MutNovel,"T76M,0.492"
X-4367,COPS5,10987.0,Amp5,5.31
X-4367,CORO7,79585.0,Amp5,5.03
X-4367,CORO7-PAM16,100529144.0,Amp5,5.03
X-4367,COX6C,1345.0,Amp5,5.28
X-4367,CPA6,57094.0,Amp5,5.31
X-4367,CPNE3,8895.0,Amp5,5.31
X-4367,CRAMP1L,57585.0,MutNovel,"N126I,1.000"
X-4367,CRH,1392.0,Amp5,5.31
X-4367,CRISPLD1,83690.0,Amp5,5.31
X-4367,CSMD3,114788.0,Amp5,5.39
X-4367,CSPG4P1Y,114758.0,Del0.8,0.29
X-4367,CSPG4P1Y,114758.0,Del0.8,0.29
X-4367,CSPP1,79848.0,Amp5,5.31
X-4367,CTHRC1,115908.0,Amp5,5.28
X-4367,CTSA,5476.0,MutNovel,"L29-,1.000"
X-4367,CYP2D6,1565.0,MutNovel,"K281-,1.000"
X-4367,CYP7A1,1581.0,Amp5,5.31
X-4367,CYP7B1,9420.0,Amp5,5.31
X-4367,DAZ1,1617.0,Del0.8,0.29
X-4367,DAZ2,57055.0,Del0.8,0.29
X-4367,DAZ3,57054.0,Del0.8,0.29
X-4367,DAZ3,57054.0,Del0.8,0.29
X-4367,DAZ4,57135.0,Del0.8,0.29
X-4367,DAZ4,57135.0,Del0.8,0.29
X-4367,DCAF13,25879.0,Amp5,5.28
X-4367,DCAF4L2,138009.0,Amp5,5.31
X-4367,DCP1A,55802.0,MutNovel,"SAI482I,1.000"
X-4367,DCPS,28960.0,MutNovel,"S72SGD,0.636"
X-4367,DCSTAMP,81501.0,Amp5,5.28
X-4367,DDHD2,23259.0,Amp5,5.39
X-4367,DDX3Y,8653.0,Del0.8,0.45
X-4367,DECR1,1666.0,Amp5,5.31
X-4367,DEGS2,123099.0,MutNovel,"K125T,0.500"
X-4367,DENND3,22898.0,Amp5,5.35
X-4367,DEPTOR,64798.0,Amp5,5.39
X-4367,DERL1,79139.0,Amp5,5.28
X-4367,DIP2A,23181.0,MutNovel,"I782M,0.248"
X-4367,DKK4,27121.0,Amp5,5.39
X-4367,DMPK,1760.0,MutNovel,"T544M,1.000"
X-4367,DNAJA3,9093.0,Amp5,5.03
X-4367,DNAJC5B,85479.0,Amp5,5.31
X-4367,DPY19L4,286148.0,Amp5,5.28
X-4367,DPYS,1807.0,Amp5,5.28
X-4367,DSCC1,79075.0,Amp5,5.39
X-4367,E2F5,1875.0,Amp5,5.31
X-4367,EBAG9,9166.0,Amp5,5.28
X-4367,EDEM1,9695.0,MutNovel,"W22L,0.278"
X-4367,EFCAB1,79645.0,Amp5,5.39
X-4367,EFR3A,23167.0,Amp5,7.73
X-4367,EHD1,10938.0,Amp5,5.74
X-4367,EIF1AY,9086.0,Del0.8,0.44
X-4367,EIF2C2,27161.0,Amp5,5.35
X-4367,EIF3E,3646.0,Amp5,5.28
X-4367,EIF3H,8667.0,Amp5,5.39
X-4367,ENPP2,5168.0,Amp5,5.39
X-4367,ENTPD3,956.0,MutNovel,"S100C,0.365"
X-4367,ENY2,56943.0,Amp5,5.28
X-4367,ESPN,83715.0,MutNovel,"M244T,0.500"
X-4367,ESRP1,54845.0,Amp5,5.28
X-4367,EXOC4,60412.0,MutNovel,"V498I,0.561"
X-4367,EXT1,2131.0,Amp5,5.39
X-4367,EYA1,2138.0,Amp5,5.31
X-4367,FABP12,646486.0,Amp5,5.31
X-4367,FABP4,2167.0,Amp5,5.31
X-4367,FABP5,2171.0,Amp5,5.31
X-4367,FABP9,646480.0,Amp5,5.31
X-4367,FAM100A,124402.0,Amp5,5.03
X-4367,FAM110B,90362.0,Amp5,5.31
X-4367,FAM115A,9747.0,MutNovel,"Q655K,0.209"
X-4367,FAM135B,51059.0,Amp5,7.78
X-4367,FAM150A,389658.0,Amp5,5.31
X-4367,FAM157A,728262.0,MutNovel,"A346T,0.727"
X-4367,FAM186A,121006.0,MutNovel,"Q2316E,1.000"
X-4367,FAM197Y2P,252946.0,Del0.8,0.45
X-4367,FAM41AY1,340618.0,Del0.8,0.26
X-4367,FAM41AY1,340618.0,Del0.8,0.26
X-4367,FAM49B,51571.0,Amp5,7.73
X-4367,FAM59B,150946.0,MutNovel,"Q407R,0.429"
X-4367,FAM75C1,441452.0,MutNovel,"I1012V,1.000"
X-4367,FAM75C2,645961.0,MutNovel,"I1006V,0.857"
X-4367,FAM82B,51115.0,Amp5,5.31
X-4367,FAM83A,84985.0,Amp5,5.28
X-4367,FAM84B,157638.0,Amp5,7.73
X-4367,FAM86A,196483.0,Amp5,5.03
X-4367,FAM91A1,157769.0,Amp5,5.28
X-4367,FAM92A1,137392.0,Amp5,5.31
X-4367,FBXO32,114907.0,Amp5,5.28
X-4367,FBXO43,286151.0,Amp5,5.28
X-4367,FBXW7,55294.0,MutKnownFunctional,"R479Q,0.651"
X-4367,FDFT1,2222.0,MutNovel,"I366V,1.000"
X-4367,FER1L6,654463.0,Amp5,6.41
X-4367,FER1L6-AS1,439941.0,Amp5,7.73
X-4367,FGFR1,2260.0,Amp5,5.39
X-4367,FGFR3,2261.0,MutNovel,"F384L,1.000"
X-4367,FIG4,9896.0,MutNovel,"V269F,0.718"
X-4367,FLJ39080,441355.0,Amp5,5.31
X-4367,FLJ42969,441374.0,Amp5,5.28
X-4367,FLJ43860,389690.0,Amp5,5.35
X-4367,FNTA,2339.0,Amp5,5.39
X-4367,FRS3,10817.0,MutNovel,"M466V,0.226"
X-4367,FSD1L,83856.0,MutNovel,"A48T,0.857"
X-4367,FSIP2,401024.0,MutNovel,"V3685D,0.500"
X-4367,FUS,2521.0,MutNovel,"R251G,0.382"
X-4367,FZD6,8323.0,Amp5,5.28
X-4367,G3BP1,10146.0,MutNovel,"P163S,0.534"
X-4367,GBA2,57704.0,MutNovel,"A235G,0.366"
X-4367,GDAP1,54332.0,Amp5,5.31
X-4367,GDF6,392255.0,Amp5,5.28
X-4367,GEM,2669.0,Amp5,5.31
X-4367,GGH,8836.0,Amp5,5.31
X-4367,GINS4,84296.0,Amp5,5.39
X-4367,GLIS2,84662.0,Amp5,5.03
X-4367,GLYR1,84656.0,MutNovel,"E243D,0.207"
X-4367,GLYR1,84656.0,Amp5,5.03
X-4367,GOLGA2P2Y,84559.0,Del0.8,0.29
X-4367,GOLGA2P2Y,84559.0,Del0.8,0.29
X-4367,GOLGA6L10,647042.0,MutNovel,"R336Q,1.000"
X-4367,GOLGA6L3,,MutNovel,"C230R,0.400"
X-4367,GOLGA7,51125.0,Amp5,5.39
X-4367,GOLGA8B,440270.0,MutNovel,"D493N,0.413"
X-4367,GON4L,54856.0,MutNovel,"V1075M,0.212"
X-4367,GPHA2,170589.0,Amp5,5.74
X-4367,GPR128,84873.0,MutNovel,"I257L,0.353"
X-4367,GPR20,2843.0,Amp5,5.35
X-4367,GPRIN2,9721.0,MutNovel,"-238MRE,0.385"
X-4367,GRHL2,79977.0,Amp5,5.28
X-4367,GRM8,2918.0,MutNovel,"R343Q,0.286"
X-4367,GSDMC,56169.0,Amp5,7.73
X-4367,GYG2P1,352887.0,Del0.8,0.45
X-4367,HEY1,23462.0,Amp5,5.31
X-4367,HGSNAT,138050.0,Amp5,5.39
X-4367,HHLA1,10086.0,Amp5,7.73
X-4367,HLA-DRB1,3123.0,MutNovel,"H141Y,0.571"
X-4367,HLA-DRB5,3127.0,MutNovel,"K41I,1.000"
X-4367,HMOX2,3163.0,Amp5,5.03
X-4367,HNF4G,3174.0,Amp5,5.31
X-4367,HOOK3,84376.0,Amp5,5.39
X-4367,HPYR1,93668.0,Amp5,7.73
X-4367,HRSP12,10247.0,Amp5,5.28
X-4367,HSFY2,159119.0,Del0.8,0.26
X-4367,HSFY2,159119.0,Del0.8,0.26
X-4367,HSPG2,3339.0,MutNovel,"D2305N,1.000"
X-4367,HTRA4,203100.0,Amp5,5.39
X-4367,HUWE1,10075.0,MutNovel,"T2859A,1.000"
X-4367,IDO1,3620.0,Amp5,5.39
X-4367,IDO2,169355.0,Amp5,5.39
X-4367,IGF1R,3480.0,MutNovel,"G1330S,0.546"
X-4367,IKBKB,3551.0,Amp5,5.39
X-4367,IL7,3574.0,Amp5,5.31
X-4367,IMPA1,3612.0,Amp5,5.31
X-4367,IMPAD1,54928.0,Amp5,5.31
X-4367,INPP1,3628.0,MutNovel,"Y159F,0.640"
X-4367,INTS8,55656.0,Amp5,5.28
X-4367,JPH1,56704.0,Amp5,5.31
X-4367,KAT6A,7994.0,Amp5,5.39
X-4367,KCNB2,9312.0,Amp5,5.31
X-4367,KCNK9,51305.0,Amp5,5.35
X-4367,KCNQ3,3786.0,Amp5,7.73
X-4367,KCNS2,3788.0,Amp5,5.28
X-4367,KCNT2,343450.0,MutNovel,"L616F,0.400"
X-4367,KCNV1,27012.0,Amp5,5.28
X-4367,KDM5D,8284.0,Del0.8,0.44
X-4367,KHDRBS3,10656.0,Amp5,7.73
X-4367,KIAA0146,23514.0,Amp5,5.39
X-4367,KIAA0196,9897.0,Amp5,7.73
X-4367,KIAA1033,23325.0,MutNovel,"V901I,0.614"
X-4367,KIF1B,23095.0,MutNovel,"A360P,0.436"
X-4367,KIF20B,9585.0,MutNovel,"L1062LKV,0.438"
X-4367,KLF10,7071.0,Amp5,5.28
X-4367,KLHL2,11275.0,MutNovel,"E92G,0.300"
X-4367,KLHL38,340359.0,Amp5,5.28
X-4367,KRBOX1,100506243.0,MutNovel,"T9A,0.523"
X-4367,LACTB2,51110.0,Amp5,5.31
X-4367,LAD1,3898.0,MutNovel,"L161F,0.438"
X-4367,LAMB2,3913.0,MutKnownFunctional,"R1562*,0.226"
X-4367,LAPTM4B,55353.0,Amp5,5.28
X-4367,LBH,81606.0,MutNovel,"M28V,0.453"
X-4367,LETM2,137994.0,Amp5,5.39
X-4367,LINC00251,552859.0,Amp5,5.31
X-4367,LINC00293,497634.0,Amp5,5.39
X-4367,LINC00535,642924.0,Amp5,5.31
X-4367,LOC100127983,100127983.0,Amp5,5.31
X-4367,LOC100130155,100130155.0,Amp5,5.31
X-4367,LOC100130231,100130231.0,Amp5,7.73
X-4367,LOC100130298,100130298.0,Amp5,5.31
X-4367,LOC100130301,100130301.0,Amp5,5.31
X-4367,LOC100131726,100131726.0,Amp5,5.28
X-4367,LOC100132247,100132247.0,MutNovel,"Q790R,1.000"
X-4367,LOC100132891,100132891.0,Amp5,5.31
X-4367,LOC100287846,100287846.0,Amp5,5.39
X-4367,LOC100288332,,MutNovel,"R140K,0.667"
X-4367,LOC100288748,100288748.0,Amp5,5.28
X-4367,LOC100499183,100499183.0,Amp5,5.28
X-4367,LOC100500773,100500773.0,Amp5,5.28
X-4367,LOC100505659,100505659.0,Amp5,5.31
X-4367,LOC100505676,100505676.0,Amp5,5.31
X-4367,LOC100505718,100505718.0,Amp5,5.31
X-4367,LOC100506533,,MutNovel,"A21T,0.333"
X-4367,LOC100507117,100507117.0,Amp5,7.73
X-4367,LOC100507501,100507501.0,Amp5,5.03
X-4367,LOC100507632,100507632.0,Amp5,5.31
X-4367,LOC100507651,100507651.0,Amp5,5.31
X-4367,LOC100616530,100616530.0,Amp5,5.28
X-4367,LOC100652741,,MutNovel,"L997R,1.000"
X-4367,LOC100996693,,MutNovel,"P51T,1.000"
X-4367,LOC157381,157381.0,Amp5,7.73
X-4367,LOC286094,286094.0,Amp5,7.73
X-4367,LOC286177,286177.0,Amp5,5.31
X-4367,LOC286184,286184.0,Amp5,5.31
X-4367,LOC286186,286186.0,Amp5,5.31
X-4367,LOC286189,286189.0,Amp5,5.31
X-4367,LOC286190,286190.0,Amp5,5.31
X-4367,LOC392232,392232.0,Amp5,5.31
X-4367,LOC401463,401463.0,Amp5,5.31
X-4367,LOC440335,440335.0,Amp5,5.03
X-4367,LOC727677,727677.0,Amp5,7.73
X-4367,LOC728724,728724.0,Amp5,7.73
X-4367,LOC728734,,MutNovel,"P257T,1.000"
X-4367,LOC728741,,MutNovel,"Q29E,0.333"
X-4367,LOC731779,731779.0,Amp5,5.35
X-4367,LPCAT3,10162.0,MutNovel,"A398S,0.361"
X-4367,LRP12,29967.0,Amp5,5.28
X-4367,LRRC6,23639.0,Amp5,7.73
X-4367,LRRC69,100130742.0,Amp5,5.31
X-4367,LRRCC1,85444.0,Amp5,5.31
X-4367,LSR,51599.0,MutNovel,"G518R,0.233"
X-4367,LSR,51599.0,MutNovel,"G518GR,1.000"
X-4367,LTBP3,4054.0,MutNovel,"L35LCW,1.000"
X-4367,LY96,23643.0,Amp5,5.31
X-4367,LYN,4067.0,Amp5,5.31
X-4367,LYPLA1,10434.0,Amp5,5.31
X-4367,MACROD1,28992.0,MutNovel,"P26L,0.900"
X-4367,MAL2,114569.0,Amp5,5.39
X-4367,MAP3K4,4216.0,MutNovel,"PA1189P,1.000"
X-4367,MAP4K2,5871.0,Amp5,5.74
X-4367,MAST3,23031.0,MutNovel,"I951V,1.000"
X-4367,MATN2,4147.0,Amp5,5.28
X-4367,MBTPS1,8720.0,MutNovel,"I609M,1.000"
X-4367,MCM4,4173.0,Amp5,5.39
X-4367,MCPH1,79648.0,MutNovel,"M652L,1.000"
X-4367,MED30,90390.0,Amp5,5.39
X-4367,MEF2A,4205.0,MutNovel,"Q412-,0.500"
X-4367,MEIS3,56917.0,MutNovel,"A382G,0.444"
X-4367,MEN1,4221.0,Amp5,5.74
X-4367,METTL9,51108.0,MutNovel,"K223N,0.393"
X-4367,MGRN1,23295.0,Amp5,5.03
X-4367,MIB1,57534.0,MutNovel,"G64V,0.406"
X-4367,MIR1204,100302185.0,Amp5,7.73
X-4367,MIR1205,100302161.0,Amp5,7.73
X-4367,MIR1206,100302170.0,Amp5,7.73
X-4367,MIR1207,100302175.0,Amp5,7.73
X-4367,MIR1208,100302281.0,Amp5,7.73
X-4367,MIR124-2,406908.0,Amp5,5.31
X-4367,MIR192,406967.0,Amp5,5.74
X-4367,MIR194-2,406970.0,Amp5,5.74
X-4367,MIR2052,100302260.0,Amp5,5.31
X-4367,MIR2053,100302225.0,Amp5,5.39
X-4367,MIR218-1,407000.0,Del0.8,0.52
X-4367,MIR30B,407030.0,Amp5,7.73
X-4367,MIR30D,407033.0,Amp5,7.73
X-4367,MIR3150A,100422964.0,Amp5,5.28
X-4367,MIR3150B,100500907.0,Amp5,5.28
X-4367,MIR3151,100422992.0,Amp5,5.28
X-4367,MIR3610,100500914.0,Amp5,5.39
X-4367,MIR378D2,100616169.0,Amp5,5.31
X-4367,MIR4469,100616115.0,Amp5,5.39
X-4367,MIR4470,100616484.0,Amp5,5.31
X-4367,MIR4471,100616451.0,Amp5,5.28
X-4367,MIR4661,100616245.0,Amp5,5.31
X-4367,MIR4663,100616260.0,Amp5,5.28
X-4367,MIR486,619554.0,Amp5,5.39
X-4367,MIR570,693155.0,Amp5,6.63
X-4367,MIR599,693184.0,Amp5,5.28
X-4367,MIR875,100126309.0,Amp5,5.28
X-4367,MLPH,79083.0,MutNovel,"H589Q,0.250"
X-4367,MMP11,4320.0,MutNovel,"R116W,0.430"
X-4367,MMP16,4325.0,Amp5,5.31
X-4367,MMP3,4314.0,MutNovel,"G155E,1.000"
X-4367,MMP3,4314.0,MutNovel,"V134I,1.000"
X-4367,MOS,4342.0,Amp5,5.31
X-4367,MPRIP,23164.0,MutNovel,"TS178T,1.000"
X-4367,MRPL13,28998.0,Amp5,5.39
X-4367,MRPL15,29088.0,Amp5,5.31
X-4367,MRPS28,28957.0,Amp5,5.31
X-4367,MSC,9242.0,Amp5,5.31
X-4367,MTBP,27085.0,Amp5,5.39
X-4367,MTDH,92140.0,Amp5,5.28
X-4367,MTERFD1,51001.0,Amp5,5.28
X-4367,MTFR1,9650.0,Amp5,5.31
X-4367,MTSS1,9788.0,Amp5,7.73
X-4367,MUC20,200958.0,Amp5,6.63
X-4367,MUC4,4585.0,MutNovel,"V4131L,1.000"
X-4367,MUC4,4585.0,MutNovel,"Q4125H,1.000"
X-4367,MUC4,4585.0,MutNovel,"T4118P,1.000"
X-4367,MUC4,4585.0,MutNovel,"P4050T,1.000"
X-4367,MUC4,4585.0,MutNovel,"A3038T,0.500"
X-4367,MYBL1,4603.0,Amp5,5.31
X-4367,MYC,4609.0,Amp5,7.73
X-4367,NACAP1,83955.0,Amp5,5.28
X-4367,NAGPA,51172.0,Amp5,5.03
X-4367,NBN,4683.0,Amp5,5.31
X-4367,NBPF10,100132406.0,MutNovel,"R3484C,0.208"
X-4367,NBPF15,284565.0,MutNovel,"I481T,0.667"
X-4367,NCALD,83988.0,Amp5,5.28
X-4367,NCOA2,10499.0,Amp5,5.31
X-4367,NCOA3,8202.0,MutNovel,"Q1255-,1.000"
X-4367,NCOR2,9612.0,MutNovel,"G1839GAAA,1.000"
X-4367,NCRNA00185,55410.0,Del0.8,0.44
X-4367,NDRG1,10397.0,Amp5,7.73
X-4367,NDUFB9,4715.0,Amp5,7.73
X-4367,NECAB1,64168.0,Amp5,5.31
X-4367,NEFH,4744.0,MutNovel,"KAKSPEKEE651K,0.408"
X-4367,NFE2L3,9603.0,MutNovel,"A149V,0.521"
X-4367,NIPAL2,79815.0,Amp5,5.28
X-4367,NKAIN3,286183.0,Amp5,5.31
X-4367,NKX6-3,157848.0,Amp5,5.39
X-4367,NLGN4Y,22829.0,Del0.8,0.45
X-4367,NMRAL1,57407.0,Amp5,5.03
X-4367,NOC3L,64318.0,MutNovel,"S731F,0.550"
X-4367,NOTCH3,4854.0,MutNovel,"P120R,0.651"
X-4367,NOV,4856.0,Amp5,5.39
X-4367,NPBWR1,2831.0,Amp5,5.31
X-4367,NPIPL3,23117.0,MutNovel,"R1004Q,0.211"
X-4367,NPIPL3,23117.0,MutNovel,"L438F,0.833"
X-4367,NR1H2,7376.0,MutNovel,"-173Q,1.000"
X-4367,NRXN2,9379.0,Amp5,5.74
X-4367,NSMAF,8439.0,Amp5,5.31
X-4367,NSMCE2,286053.0,Amp5,7.73
X-4367,NUBP1,4682.0,MutNovel,"N214S,0.322"
X-4367,NUDCD1,84955.0,Amp5,5.28
X-4367,NUDT16L1,84309.0,Amp5,5.03
X-4367,NVL,4931.0,MutNovel,"S853P,0.446"
X-4367,OC90,729330.0,Amp5,7.73
X-4367,ODF1,4956.0,Amp5,5.28
X-4367,OPRK1,4986.0,Amp5,5.31
X-4367,ORAI1,84876.0,MutNovel,"PP43-,1.000"
X-4367,OSGIN2,734.0,Amp5,5.31
X-4367,OSR2,116039.0,Amp5,5.28
X-4367,OTUD6B,51633.0,Amp5,5.31
X-4367,OXR1,55074.0,Amp5,5.28
X-4367,PABPC1,26986.0,Amp5,5.28
X-4367,PABPC3,5042.0,MutKnownFunctional,"-299,0.909"
X-4367,PABPC3,5042.0,MutNovel,"F337L,0.417"
X-4367,PACRGL,133015.0,Del0.8,0.44
X-4367,PAG1,55824.0,Amp5,5.31
X-4367,PAM16,51025.0,Amp5,5.03
X-4367,PAN2,9924.0,MutNovel,"V283I,0.220"
X-4367,PCAT1,100750225.0,Amp5,7.73
X-4367,PCDH11Y,83259.0,Del0.8,0.51
X-4367,PCDHGA1,56114.0,MutNovel,"Y753F,1.000"
X-4367,PCMTD1,115294.0,Amp5,5.31
X-4367,PDE7A,5150.0,Amp5,5.31
X-4367,PDP1,54704.0,Amp5,5.31
X-4367,PENK,5179.0,Amp5,5.31
X-4367,PEX2,5828.0,Amp5,5.31
X-4367,PGM3,5238.0,MutNovel,"Q16R,0.714"
X-4367,PHF20L1,51105.0,Amp5,7.73
X-4367,PHIP,55023.0,MutKnownFunctional,"G1014*,0.433"
X-4367,PHLDA1,22822.0,MutNovel,"QQ194Q,1.000"
X-4367,PI15,51050.0,Amp5,5.31
X-4367,PIK3CA,5290.0,MutLikelyFunctional,"N345S,0.649"
X-4367,PIK3CA,5290.0,MutLikelyFunctional,"E545Q,0.693"
X-4367,PKHD1L1,93035.0,Amp5,5.28
X-4367,PKIA,5569.0,Amp5,5.31
X-4367,PLAG1,5324.0,Amp5,5.31
X-4367,PLAT,5327.0,Amp5,5.39
X-4367,PLEKHA2,59339.0,Amp5,5.39
X-4367,PLEKHF2,79666.0,Amp5,5.28
X-4367,PLEKHH2,130271.0,MutNovel,"L1248V,0.397"
X-4367,PMP2,5375.0,Amp5,5.31
X-4367,PNPO,55163.0,MutNovel,"G144A,1.000"
X-4367,POLB,5423.0,Amp5,5.39
X-4367,POLR2K,5440.0,Amp5,5.28
X-4367,POP1,10940.0,Amp5,5.28
X-4367,POTEA,340441.0,Amp5,5.39
X-4367,POU5F1B,5462.0,Amp5,7.73
X-4367,PPAPDC1B,84513.0,Amp5,5.39
X-4367,PPL,5493.0,Amp5,5.03
X-4367,PPP1R2,5504.0,Amp5,6.63
X-4367,PPP1R42,286187.0,Amp5,5.31
X-4367,PPP2R5B,5526.0,Amp5,5.74
X-4367,PRDM14,63978.0,Amp5,5.31
X-4367,PREX2,80243.0,Amp5,5.31
X-4367,PRKDC,5591.0,Amp5,5.39
X-4367,PRKY,5616.0,Del0.8,0.51
X-4367,PRY,9081.0,Del0.8,0.29
X-4367,PRY,9081.0,Del0.8,0.44
X-4367,PRY2,442862.0,Del0.8,0.29
X-4367,PRY2,442862.0,Del0.8,0.44
X-4367,PSKH2,85481.0,Amp5,5.31
X-4367,PTDSS1,9791.0,Amp5,5.28
X-4367,PTK2,5747.0,Amp5,5.35
X-4367,PTP4A3,11156.0,Amp5,5.35
X-4367,PTPRA,5786.0,MutNovel,"T100K,0.333"
X-4367,PTTG3P,26255.0,Amp5,5.31
X-4367,PVT1,5820.0,Amp5,7.73
X-4367,PXDNL,137902.0,Amp5,5.31
X-4367,PYGM,5837.0,Amp5,5.74
X-4367,QTRT1,81890.0,MutKnownFunctional,"-324AQ?,0.800"
X-4367,RAB27A,5873.0,MutNovel,"A76V,0.968"
X-4367,RAB2A,5862.0,Amp5,5.31
X-4367,RAD21,5885.0,Amp5,5.39
X-4367,RAD21-AS1,644660.0,Amp5,5.39
X-4367,RAD54B,25788.0,Amp5,5.31
X-4367,RALYL,138046.0,Amp5,5.31
X-4367,RASAL1,8437.0,MutKnownFunctional,"K399*,0.232"
X-4367,RASGRP2,10235.0,Amp5,5.74
X-4367,RASSF1,11186.0,MutNovel,"R271W,0.482"
X-4367,RB1CC1,9821.0,Amp5,5.31
X-4367,RBM12B,389677.0,Amp5,5.31
X-4367,RBMY1A3P,286557.0,Del0.8,0.45
X-4367,RBMY1B,378948.0,Del0.8,0.44
X-4367,RBMY1B,378948.0,Del0.8,0.44
X-4367,RBMY1E,378950.0,Del0.8,0.44
X-4367,RBMY1E,378950.0,Del0.8,0.44
X-4367,RBMY1F,159163.0,Del0.8,0.44
X-4367,RBMY1F,159163.0,Del0.8,0.36
X-4367,RBMY1J,378951.0,Del0.8,0.44
X-4367,RBMY1J,378951.0,Del0.8,0.29
X-4367,RBMY2EP,159125.0,Del0.8,0.44
X-4367,RBMY2FP,159162.0,Del0.8,0.44
X-4367,RBMY3AP,64593.0,Del0.8,0.45
X-4367,RDH10,157506.0,Amp5,5.31
X-4367,REV3L,5980.0,MutNovel,"V1274A,0.267"
X-4367,REXO1L1,254958.0,Amp5,5.31
X-4367,REXO1L2P,100288527.0,Amp5,5.31
X-4367,REXO1L2P,100288527.0,Amp5,5.31
X-4367,RGPD8,727851.0,MutNovel,"E928K,0.300"
X-4367,RGS20,8601.0,Amp5,5.31
X-4367,RGS22,26166.0,Amp5,5.28
X-4367,RGS6,9628.0,MutNovel,"W119R,1.000"
X-4367,RIMS2,9699.0,Amp5,5.28
X-4367,RIN3,79890.0,MutNovel,"G967-,1.000"
X-4367,RING1,6015.0,MutNovel,"G177R,0.229"
X-4367,RIPK1,8737.0,MutNovel,"L60V,0.467"
X-4367,RIPK2,8767.0,Amp5,5.31
X-4367,RNF139,11236.0,Amp5,7.73
X-4367,RNF170,81790.0,Amp5,5.39
X-4367,RNF19A,25897.0,Amp5,5.28
X-4367,RNF5P1,286140.0,Amp5,5.39
X-4367,ROGDI,79641.0,Amp5,5.03
X-4367,RP1,6101.0,Amp5,5.31
X-4367,RPL30,6156.0,Amp5,5.28
X-4367,RPL7,6129.0,Amp5,5.31
X-4367,RPS20,6224.0,Amp5,5.31
X-4367,RPS4Y1,6192.0,Del0.8,0.51
X-4367,RPS4Y2,140032.0,Del0.8,0.44
X-4367,RRM2B,50484.0,Amp5,5.28
X-4367,RRN3,54700.0,Amp5,5.31
X-4367,RRP7A,27341.0,MutNovel,"D161Y,0.460"
X-4367,RRS1,23212.0,Amp5,5.31
X-4367,RSPO2,340419.0,Amp5,5.28
X-4367,RTN4,57142.0,MutNovel,"VLE54-,0.276"
X-4367,RUNX1T1,862.0,Amp5,5.31
X-4367,SAMD12,401474.0,Amp5,5.39
X-4367,SAMD12-AS1,552860.0,Amp5,5.39
X-4367,SAMD9,54809.0,MutNovel,"V1146F,0.667"
X-4367,SBF1P1,100133234.0,Amp5,5.31
X-4367,SCAPER,49855.0,Del0.8,0.73
X-4367,SCPEP1,59342.0,MutNovel,"C62W,0.307"
X-4367,SDC2,6383.0,Amp5,5.28
X-4367,SDCBP,6386.0,Amp5,5.31
X-4367,SDHAP2,727956.0,Amp5,6.63
X-4367,SDR16C5,195814.0,Amp5,5.31
X-4367,SEC14L5,9717.0,Amp5,5.03
X-4367,2014-09-12 00:00:00,124404.0,Amp5,5.03
X-4367,SERINC2,347735.0,MutNovel,"-373Q,0.573"
X-4367,SF1,7536.0,Amp5,5.74
X-4367,SFRP1,6422.0,Amp5,5.39
X-4367,SGK196,84197.0,Amp5,5.39
X-4367,SGK3,23678.0,Amp5,5.31
X-4367,SIL1,64374.0,MutNovel,"R331C,0.435"
X-4367,SLA,6503.0,Amp5,7.73
X-4367,SLC10A5,347051.0,Amp5,5.31
X-4367,SLC20A2,6575.0,Amp5,5.39
X-4367,SLC22A12,116085.0,Amp5,5.74
X-4367,SLC25A32,81034.0,Amp5,5.28
X-4367,SLC26A7,115111.0,Amp5,5.31
X-4367,SLC2A3,6515.0,MutNovel,"E482G,0.429"
X-4367,SLC30A8,169026.0,Amp5,5.39
X-4367,SLC36A1,206358.0,MutNovel,"L324F,0.417"
X-4367,SLC45A4,57210.0,Amp5,5.35
X-4367,SLC5A3,6526.0,MutNovel,"R610G,0.310"
X-4367,SLC7A13,157724.0,Amp5,5.31
X-4367,SLCO5A1,81796.0,Amp5,5.31
X-4367,SLIT2,9353.0,Del0.8,0.6
X-4367,SLIT2-IT1,100505893.0,Del0.8,0.52
X-4367,SMEK2,57223.0,MutNovel,"V391I,0.254"
X-4367,SNAI2,6591.0,Amp5,5.39
X-4367,SNAPC4,6621.0,MutNovel,"S542-,0.368"
X-4367,SNHG6,641638.0,Amp5,5.31
X-4367,SNORA72,26775.0,Amp5,5.28
X-4367,SNORD54,26795.0,Amp5,5.31
X-4367,SNORD87,641648.0,Amp5,5.31
X-4367,SNTB1,6641.0,Amp5,5.39
X-4367,SNX16,64089.0,Amp5,5.31
X-4367,SNX31,169166.0,Amp5,5.28
X-4367,SOCS2,8835.0,MutNovel,"S18N,0.500"
X-4367,SON,6651.0,MutNovel,"E2117G,0.222"
X-4367,SOX17,64321.0,Amp5,5.31
X-4367,SPAG1,6674.0,Amp5,5.28
X-4367,SQLE,6713.0,Amp5,7.73
X-4367,SRD5A2,6716.0,MutKnownFunctional,"-30?,1.000"
X-4367,SRL,6345.0,Amp5,5.03
X-4367,SRY,6736.0,Del0.8,0.51
X-4367,ST18,9705.0,Amp5,5.31
X-4367,ST3GAL1,6482.0,Amp5,7.73
X-4367,STAU2,27067.0,Amp5,5.31
X-4367,STK11IP,114790.0,MutNovel,"S415C,0.569"
X-4367,STK3,6788.0,Amp5,5.28
X-4367,STMN2,11075.0,Amp5,5.31
X-4367,STX4,6810.0,MutNovel,"E174D,0.532"
X-4367,SULF1,23213.0,Amp5,5.31
X-4367,SYBU,55638.0,Amp5,5.28
X-4367,TACC1,6867.0,Amp5,5.39
X-4367,TAF2,6873.0,Amp5,5.39
X-4367,TAMM41,132001.0,MutNovel,"P40L,0.319"
X-4367,TATDN1,83940.0,Amp5,7.73
X-4367,TBC1D30,23329.0,MutNovel,"A654V,0.500"
X-4367,TBL1Y,90665.0,Del0.8,0.51
X-4367,TBP,6908.0,MutNovel,"-64Q,1.000"
X-4367,TCEA1,6917.0,Amp5,5.31
X-4367,TCEB1,6921.0,Amp5,5.31
X-4367,TCF24,100129654.0,Amp5,5.31
X-4367,TERF1,7013.0,Amp5,5.31
X-4367,TFAP4,7023.0,Amp5,5.03
X-4367,TG,7038.0,Amp5,7.73
X-4367,TGIF2LY,90655.0,Del0.8,0.51
X-4367,TGS1,96764.0,Amp5,5.31
X-4367,THAP1,55145.0,Amp5,5.39
X-4367,THSD4,79875.0,MutNovel,"S922G,1.000"
X-4367,TIAM1,7074.0,MutNovel,"R258W,0.857"
X-4367,TM2D2,83877.0,Amp5,5.39
X-4367,TMBIM4,51643.0,MutKnownFunctional,"-174?,0.628"
X-4367,TMEM184A,202915.0,MutNovel,"G392GA,1.000"
X-4367,TMEM214,54867.0,MutNovel,"H630Q,0.426"
X-4367,TMEM55A,55529.0,Amp5,5.31
X-4367,TMEM64,169200.0,Amp5,5.31
X-4367,TMEM65,157378.0,Amp5,7.73
X-4367,TMEM67,91147.0,Amp5,5.31
X-4367,TMEM68,137695.0,Amp5,5.31
X-4367,TMEM70,54968.0,Amp5,5.31
X-4367,TMEM71,137835.0,Amp5,7.73
X-4367,TMEM74,157753.0,Amp5,5.28
X-4367,TMPRSS13,84000.0,MutNovel,"Q58G,0.211"
X-4367,TMSB4Y,9087.0,Del0.8,0.45
X-4367,TNFRSF11B,4982.0,Amp5,5.39
X-4367,TNRC18,84629.0,MutNovel,"L426P,0.583"
X-4367,TOP2A,7153.0,MutNovel,"L810V,0.537"
X-4367,TOX,9760.0,Amp5,5.31
X-4367,TP53,7157.0,MutLikelyFunctional,"H193R,0.750"
X-4367,TP53INP1,94241.0,Amp5,5.28
X-4367,TPD52,7163.0,Amp5,5.31
X-4367,TRAF7,84231.0,MutNovel,"E349K,1.000"
X-4367,TRAM1,23471.0,Amp5,5.31
X-4367,TRAPPC9,83696.0,Amp5,5.35
X-4367,TRHR,7201.0,Amp5,5.28
X-4367,TRIB1,10221.0,Amp5,7.73
X-4367,TRIM27,5987.0,MutNovel,"A234T,0.534"
X-4367,TRIM55,84675.0,Amp5,5.31
X-4367,TRMT12,55039.0,Amp5,7.73
X-4367,TRPA1,8989.0,Amp5,5.31
X-4367,TRPS1,7227.0,Amp5,5.39
X-4367,TSPY1,7258.0,Del0.8,0.45
X-4367,TSPY2,64591.0,Del0.8,0.51
X-4367,TSPY3,728137.0,Del0.8,0.45
X-4367,TSPY4,728395.0,Del0.8,0.45
X-4367,TSPY8,728403.0,Del0.8,0.45
X-4367,TSPYL5,85453.0,Amp5,5.28
X-4367,TTC14,151613.0,MutKnownFunctional,"-738,0.247"
X-4367,TTC29,83894.0,MutNovel,"R95T,1.000"
X-4367,TTC34,100287898.0,MutNovel,"EL436DL,0.500"
X-4367,TTPA,7274.0,Amp5,5.31
X-4367,TTTY10,246119.0,Del0.8,0.44
X-4367,TTTY11,83866.0,Del0.8,0.45
X-4367,TTTY12,83867.0,Del0.8,0.45
X-4367,TTTY13,83868.0,Del0.8,0.44
X-4367,TTTY14,83869.0,Del0.8,0.44
X-4367,TTTY15,64595.0,Del0.8,0.45
X-4367,TTTY16,252948.0,Del0.8,0.45
X-4367,TTTY17A,252949.0,Del0.8,0.29
X-4367,TTTY17A,252949.0,Del0.8,0.29
X-4367,TTTY18,252950.0,Del0.8,0.45
X-4367,TTTY19,252952.0,Del0.8,0.45
X-4367,TTTY1B,100101116.0,Del0.8,0.51
X-4367,TTTY1B,100101116.0,Del0.8,0.45
X-4367,TTTY2,60439.0,Del0.8,0.45
X-4367,TTTY2,60439.0,Del0.8,0.51
X-4367,TTTY20,252951.0,Del0.8,0.45
X-4367,TTTY21,252953.0,Del0.8,0.51
X-4367,TTTY21,252953.0,Del0.8,0.45
X-4367,TTTY22,252954.0,Del0.8,0.45
X-4367,TTTY23,252955.0,Del0.8,0.45
X-4367,TTTY23,252955.0,Del0.8,0.51
X-4367,TTTY3,114760.0,Del0.8,0.29
X-4367,TTTY3,114760.0,Del0.8,0.29
X-4367,TTTY4,114761.0,Del0.8,0.29
X-4367,TTTY4,114761.0,Del0.8,0.29
X-4367,TTTY5,83863.0,Del0.8,0.44
X-4367,TTTY6,84672.0,Del0.8,0.44
X-4367,TTTY6,84672.0,Del0.8,0.29
X-4367,TTTY7,246122.0,Del0.8,0.51
X-4367,TTTY7,246122.0,Del0.8,0.45
X-4367,TTTY7B,100101120.0,Del0.8,0.51
X-4367,TTTY7B,100101120.0,Del0.8,0.45
X-4367,TTTY8,84673.0,Del0.8,0.45
X-4367,TTTY8,84673.0,Del0.8,0.51
X-4367,TTTY9A,83864.0,Del0.8,0.26
X-4367,TTTY9A,83864.0,Del0.8,0.26
X-4367,TXLNG2P,246126.0,Del0.8,0.44
X-4367,UBE2V2,7336.0,Amp5,5.39
X-4367,UBE2W,55284.0,Amp5,5.31
X-4367,UBN1,29855.0,Amp5,5.03
X-4367,UBR5,51366.0,Amp5,5.28
X-4367,UBXN2B,137886.0,Amp5,5.31
X-4367,UG0898H09,643763.0,Amp5,5.31
X-4367,UGT2B28,54490.0,Del0.8,0.7
X-4367,UPK3BL,,MutNovel,"T64M,0.273"
X-4367,UQCRB,7381.0,Amp5,5.28
X-4367,URB1,9875.0,MutNovel,"V1360M,0.697"
X-4367,USP9Y,8287.0,Del0.8,0.45
X-4367,UTP23,84294.0,Amp5,5.39
X-4367,UTY,7404.0,Del0.8,0.45
X-4367,VASN,114990.0,Amp5,5.03
X-4367,VCPIP1,80124.0,Amp5,5.31
X-4367,VCY,9084.0,Del0.8,0.45
X-4367,VCY,9084.0,Del0.8,0.45
X-4367,VDAC3,7419.0,Amp5,5.39
X-4367,VPS13B,157680.0,Amp5,5.28
X-4367,VPS13D,55187.0,MutNovel,"R1588K,1.000"
X-4367,WDR67,93594.0,Amp5,5.28
X-4367,WDYHV1,55093.0,Amp5,5.28
X-4367,WHSC1,7468.0,MutNovel,"G1310E,0.991"
X-4367,WHSC1L1,54904.0,Amp5,5.39
X-4367,WISP1,8840.0,Amp5,7.73
X-4367,WNT2B,7482.0,MutNovel,"V376I,0.333"
X-4367,WWP1,11059.0,Amp5,5.31
X-4367,XKR4,114786.0,MutNovel,"V541L,0.800"
X-4367,XKR4,114786.0,Amp5,5.31
X-4367,XKR9,389668.0,Amp5,5.31
X-4367,XKRY2,353515.0,Del0.8,0.26
X-4367,XKRY2,353515.0,Del0.8,0.26
X-4367,YTHDF3,253943.0,Amp5,5.31
X-4367,YWHAZ,7534.0,Amp5,5.28
X-4367,ZBTB10,65986.0,Amp5,5.31
X-4367,ZFAND1,79752.0,Amp5,5.31
X-4367,ZFAT,57623.0,Amp5,7.73
X-4367,ZFAT-AS1,594840.0,Amp5,7.73
X-4367,ZFHX2,85446.0,MutNovel,"V1111F,0.750"
X-4367,ZFHX2,85446.0,MutNovel,"M588V,1.000"
X-4367,ZFHX4,79776.0,Amp5,5.31
X-4367,ZFPM2,23414.0,Amp5,5.28
X-4367,ZFY,7544.0,Del0.8,0.51
X-4367,ZFYVE26,23503.0,MutNovel,"S634F,0.600"
X-4367,ZHX1,11244.0,Amp5,5.28
X-4367,ZHX1-C8ORF76,100533106.0,Amp5,5.28
X-4367,ZHX2,22882.0,Amp5,5.28
X-4367,ZMAT4,79698.0,Amp5,5.39
X-4367,ZNF141,7700.0,MutNovel,"D24A,0.208"
X-4367,ZNF165,7718.0,MutNovel,"E200K,0.460"
X-4367,ZNF267,10308.0,MutNovel,"R672K,0.395"
X-4367,ZNF384,171017.0,MutNovel,"QQ514Q,1.000"
X-4367,ZNF500,26048.0,Amp5,5.03
X-4367,ZNF572,137209.0,Amp5,7.73
X-4367,ZNF622,90441.0,MutNovel,"Q322R,0.302"
X-4367,ZNF704,619279.0,Amp5,5.31
X-4367,ZNF706,51123.0,Amp5,5.28
X-4367,ZNF726,730087.0,MutNovel,"L34S,1.000"
X-4367,ZW10,9183.0,MutNovel,"Q695L,0.733"
X-4653,ACE2,59272.0,Del0.8,0.68
X-4653,ACER2,340485.0,Del0.8,0.75
X-4653,ACO1,48.0,Del0.8,0.71
X-4653,ACTN4,81.0,Amp5,5.1
X-4653,ACTRT1,139741.0,Del0.8,0.68
X-4653,ACY3,91703.0,Amp5,6.28
X-4653,ADAMTS7,11173.0,MutNovel,"P593L,1.000"
X-4653,ADAMTSL1,92949.0,Del0.8,0.75
X-4653,ADCK4,79934.0,Amp5,6.06
X-4653,ADCY9,115.0,Del0.8,0.77
X-4653,AFG3L2,10939.0,Del0.8,0.77
X-4653,AGAP1,116987.0,MutNovel,"A570G,0.250"
X-4653,AGAP6,414189.0,MutNovel,"P391L,0.514"
X-4653,AGAP6,414189.0,MutKnownFunctional,"E621*,0.648"
X-4653,AK3,50808.0,Del0.8,0.74
X-4653,AKAP17A,8227.0,Del0.8,0.72
X-4653,ALDOA,226.0,Amp5,6.19
X-4653,ALG1,56052.0,Del0.8,0.77
X-4653,ALG10,84920.0,MutKnownFunctional,"-465,0.478"
X-4653,ALKBH6,84964.0,Amp5,5.94
X-4653,ALKBH7,84266.0,MutNovel,"R60C,0.454"
X-4653,AMELX,265.0,Del0.8,0.68
X-4653,AMELY,266.0,Del0.8,0.18
X-4653,AMH,268.0,MutNovel,"P352S,0.574"
X-4653,ANKRD12,23253.0,Del0.8,0.73
X-4653,ANKRD27,84079.0,Amp5,7.52
X-4653,ANKRD30B,374860.0,Del0.8,0.8
X-4653,ANKRD32,84250.0,Del0.8,0.66
X-4653,ANKS3,124401.0,Del0.8,0.77
X-4653,ANO9,338440.0,Del0.8,0.74
X-4653,AP1S2,8905.0,Del0.8,0.69
X-4653,AP2A2,161.0,Del0.8,0.74
X-4653,AP2S1,1175.0,Amp5,5.58
X-4653,APLP1,333.0,Amp5,5.94
X-4653,APOC1,341.0,Amp5,5.21
X-4653,APOC1P1,342.0,Amp5,5.21
X-4653,APOC2,344.0,Amp5,5.21
X-4653,APOC4-APOC2,100533990.0,Amp5,5.21
X-4653,APOE,348.0,Amp5,5.21
X-4653,ARFGEF1,10565.0,MutNovel,"A108P,0.286"
X-4653,ARHGAP12,94134.0,MutNovel,"N155D,0.364"
X-4653,ARHGAP23,57636.0,MutNovel,"G366V,1.000"
X-4653,ARHGAP33,115703.0,Amp5,5.94
X-4653,ARHGAP35,2909.0,MutNovel,"L1404S,0.779"
X-4653,ARHGAP6,395.0,Del0.8,0.68
X-4653,ARHGEF1,9138.0,Amp5,5.1
X-4653,ARSD,414.0,Del0.8,0.72
X-4653,ARSE,415.0,Del0.8,0.72
X-4653,ARSF,416.0,Del0.8,0.72
X-4653,ARSH,347527.0,Del0.8,0.72
X-4653,ART5,116969.0,MutNovel,"-25P,1.000"
X-4653,ASB11,140456.0,Del0.8,0.68
X-4653,ASB9,140462.0,Del0.8,0.68
X-4653,ASMT,438.0,Del0.8,0.72
X-4653,ASMTL,8623.0,Del0.8,0.72
X-4653,ASMTL-AS1,80161.0,Del0.8,0.72
X-4653,ATHL1,80162.0,Del0.8,0.74
X-4653,ATP1A3,478.0,Amp5,5.1
X-4653,ATP2A2,488.0,MutNovel,"I889M,0.309"
X-4653,ATP4A,495.0,Amp5,5.94
X-4653,ATP5SL,55101.0,Amp5,5.1
X-4653,ATP8B5P,158381.0,Del0.8,0.72
X-4653,ATXN3L,92552.0,Del0.8,0.68
X-4653,AXL,558.0,Amp5,5.1
X-4653,AZI2,64343.0,Del0.8,0.73
X-4653,B3GNT8,374907.0,Amp5,5.1
X-4653,B4GALNT4,338707.0,Del0.8,0.74
X-4653,B9D2,80776.0,Amp5,5.1
X-4653,BCAM,4059.0,Amp5,5.21
X-4653,BCKDHA,593.0,Amp5,5.1
X-4653,BCL3,602.0,Amp5,5.21
X-4653,BCORP1,286554.0,Del0.8,0.18
X-4653,BEND2,139105.0,Del0.8,0.69
X-4653,BET1L,51272.0,Del0.8,0.74
X-4653,BLOC1S3,388552.0,Amp5,5.21
X-4653,BMX,660.0,Del0.8,0.68
X-4653,BNC2,54796.0,Del0.8,0.75
X-4653,BOLA2,552900.0,Amp5,6.19
X-4653,BPY2B,442867.0,Del0.8,0.1
X-4653,BPY2B,442867.0,Del0.8,0.06
X-4653,BRD4,23476.0,MutNovel,"H1049Q,0.294"
X-4653,BRSK2,9024.0,Del0.8,0.74
X-4653,C11orf35,256329.0,Del0.8,0.74
X-4653,C16orf5,29965.0,Del0.8,0.77
X-4653,C16orf71,146562.0,Del0.8,0.77
X-4653,C16orf89,146556.0,Del0.8,0.77
X-4653,C16orf92,146378.0,Amp5,6.19
X-4653,C16orf96,342346.0,Del0.8,0.77
X-4653,C18orf1,753.0,Del0.8,0.74
X-4653,C19orf12,83636.0,Amp5,7.21
X-4653,C19orf33,64073.0,Amp5,5.1
X-4653,C19orf40,91442.0,Amp5,7.52
X-4653,C19orf54,284325.0,Amp5,6.06
X-4653,C19orf55,148137.0,Amp5,5.94
X-4653,C19orf69,100170765.0,Amp5,5.1
X-4653,C4orf48,401115.0,Amp8,9
X-4653,C9orf11,54586.0,Del0.8,0.74
X-4653,C9orf123,90871.0,Del0.8,0.75
X-4653,C9orf131,138724.0,Del0.8,0.72
X-4653,C9orf53,51198.0,Del0.8,0.71
X-4653,C9orf66,157983.0,Del0.8,0.73
X-4653,C9orf72,203228.0,Del0.8,0.74
X-4653,CA5B,11238.0,Del0.8,0.69
X-4653,CAD,790.0,MutNovel,"N1560S,0.594"
X-4653,CADM4,199731.0,Amp5,5.21
X-4653,CALM3,808.0,Amp5,5.58
X-4653,CAPN12,147968.0,Amp5,5.1
X-4653,CAPNS1,826.0,Amp5,5.94
X-4653,CATSPERG,57828.0,Amp5,5.1
X-4653,CBLC,23624.0,Amp5,5.21
X-4653,CBWD1,55871.0,Del0.8,0.73
X-4653,CCDC144B,284047.0,Del0.8,0.67
X-4653,CCDC61,729440.0,Amp5,5.31
X-4653,CCDC64B,146439.0,Del0.8,0.75
X-4653,CCDC8,83987.0,Amp5,5.31
X-4653,CCDC97,90324.0,Amp5,5.1
X-4653,CCIN,881.0,Del0.8,0.75
X-4653,CCNB1IP1,57820.0,MutNovel,"K215N,0.700"
X-4653,CCNE1,898.0,Amp5,6.15
X-4653,CD151,977.0,Del0.8,0.74
X-4653,CD177,57126.0,Amp5,5.21
X-4653,CD22,933.0,Amp5,5.94
X-4653,CD274,29126.0,Del0.8,0.7
X-4653,CD2BP2,10421.0,Amp5,6.19
X-4653,CD3EAP,10849.0,Amp8,8.28
X-4653,CD72,971.0,Del0.8,0.72
X-4653,CD79A,973.0,Amp5,5.1
X-4653,CD99,4267.0,Del0.8,0.72
X-4653,CD99P1,401577.0,Del0.8,0.72
X-4653,CDC37L1,55664.0,Del0.8,0.74
X-4653,CDC42EP1,11135.0,MutNovel,"PAPAANPS253P,1.000"
X-4653,CDCA7,83879.0,MutNovel,"R223H,0.349"
X-4653,CDHR5,53841.0,Del0.8,0.74
X-4653,CDKL5,6792.0,Del0.8,0.69
X-4653,CDKN2A,1029.0,Del0.8,0.71
X-4653,CDY1B,253175.0,Del0.8,0.18
X-4653,CDY1B,253175.0,Del0.8,0.13
X-4653,CDY2A,9426.0,Del0.8,0.18
X-4653,CDY2A,9426.0,Del0.8,0.18
X-4653,CDY2B,203611.0,Del0.8,0.18
X-4653,CDY2B,203611.0,Del0.8,0.18
X-4653,CEACAM1,634.0,Amp5,5.1
X-4653,CEACAM16,388551.0,Amp5,5.21
X-4653,CEACAM19,56971.0,Amp5,5.21
X-4653,CEACAM20,125931.0,Amp5,5.21
X-4653,CEACAM21,90273.0,Amp5,5.1
X-4653,CEACAM22P,388550.0,Amp5,5.21
X-4653,CEACAM3,1084.0,Amp5,5.1
X-4653,CEACAM4,1089.0,Amp5,5.1
X-4653,CEACAM5,1048.0,Amp5,5.1
X-4653,CEACAM6,4680.0,Amp5,5.1
X-4653,CEACAM7,1087.0,Amp5,5.1
X-4653,CEACAM8,1088.0,Amp5,5.1
X-4653,CEL,1056.0,MutKnownFunctional,"-681?,0.750"
X-4653,CEND1,51286.0,Del0.8,0.74
X-4653,CEP128,145508.0,Del0.8,0.66
X-4653,CEP89,84902.0,Amp5,7.52
X-4653,CER1,9350.0,Del0.8,0.75
X-4653,CHD4,1108.0,MutNovel,"I1109N,0.454"
X-4653,CHID1,66005.0,Del0.8,0.74
X-4653,CHMP1B,57132.0,Del0.8,0.71
X-4653,CIC,23152.0,Amp5,5.1
X-4653,CIDEA,1149.0,Del0.8,0.77
X-4653,CKM,1158.0,Amp8,8.28
X-4653,CLASRP,11129.0,Amp5,5.21
X-4653,CLCF1,23529.0,MutNovel,"Q210H,0.577"
X-4653,CLCN4,1183.0,Del0.8,0.68
X-4653,CLCNKB,1188.0,MutNovel,"H480D,0.514"
X-4653,CLDN6,9074.0,Del0.8,0.75
X-4653,CLDN9,9080.0,Del0.8,0.75
X-4653,CLEC18C,283971.0,MutNovel,"R352C,1.000"
X-4653,CLIP3,25999.0,Amp5,5.94
X-4653,CLPTM1,1209.0,Amp5,5.21
X-4653,CLTA,1211.0,Del0.8,0.75
X-4653,CNDP1,84735.0,MutNovel,"V15VL,1.000"
X-4653,CNFN,84518.0,Amp5,5.1
X-4653,CNGA1,1259.0,Amp5,6.06
X-4653,CNKSR2,22866.0,Del0.8,0.71
X-4653,CNTLN,54875.0,Del0.8,0.75
X-4653,CNTNAP2,26047.0,Del0.8,0.26
X-4653,COG4,25839.0,MutNovel,"T699A,0.363"
X-4653,CORO1A,11151.0,Amp5,6.19
X-4653,CORO7,79585.0,Del0.8,0.77
X-4653,CORO7-PAM16,100529144.0,Del0.8,0.77
X-4653,COX6B1,1340.0,Amp5,5.94
X-4653,COX7A1,1346.0,Amp5,5.94
X-4653,CREBBP,1387.0,Del0.8,0.77
X-4653,CRIPAK,285464.0,MutNovel,"V164A,0.800"
X-4653,CRLF2,64109.0,Del0.8,0.72
X-4653,CSF2RA,1438.0,Del0.8,0.72
X-4653,CSPG4P1Y,114758.0,Del0.8,0.13
X-4653,CSPG4P1Y,114758.0,Del0.8,0.18
X-4653,CTPS2,56474.0,Del0.8,0.69
X-4653,CTRL,1506.0,MutNovel,"S94L,0.571"
X-4653,CTSA,5476.0,MutNovel,"L29-,0.542"
X-4653,CTSD,1509.0,Del0.8,0.74
X-4653,CXADRP3,440224.0,Del0.8,0.8
X-4653,CXCL17,284340.0,Amp5,5.1
X-4653,CXorf23,256643.0,Del0.8,0.69
X-4653,CXorf28,100129464.0,Del0.8,0.72
X-4653,CXorf64,100130613.0,Del0.8,0.31
X-4653,CYP2A13,1553.0,Amp5,5.1
X-4653,CYP2A6,1548.0,Amp5,6.06
X-4653,CYP2A7,1549.0,Amp5,6.06
X-4653,CYP2B6,1555.0,Amp5,6.06
X-4653,CYP2B7P1,1556.0,Amp5,6.06
X-4653,CYP2F1,1572.0,Amp5,5.1
X-4653,CYP2G1P,22952.0,Amp5,6.06
X-4653,CYP2S1,29785.0,Amp5,5.1
X-4653,DACT3,147906.0,Amp5,5.58
X-4653,DAZ1,1617.0,Del0.8,0.18
X-4653,DAZ2,57055.0,Del0.8,0.11
X-4653,DAZ3,57054.0,Del0.8,0.1
X-4653,DAZ3,57054.0,Del0.8,0.06
X-4653,DAZ4,57135.0,Del0.8,0.12
X-4653,DAZ4,57135.0,Del0.8,0.09
X-4653,DCTPP1,79077.0,Amp8,13.09
X-4653,DDX3Y,8653.0,Del0.8,0.18
X-4653,DDX53,168400.0,Del0.8,0.71
X-4653,DDX58,23586.0,Del0.8,0.71
X-4653,DEAF1,10522.0,Del0.8,0.74
X-4653,DEDD2,162989.0,Amp5,5.1
X-4653,DEFB4A,1673.0,Del0.8,0.69
X-4653,DENND4B,9909.0,MutNovel,"QQQ908-,0.308"
X-4653,DENND4C,55667.0,Del0.8,0.75
X-4653,DGKK,139189.0,MutKnownFunctional,"-1020?,1.000"
X-4653,DGUOK,1716.0,MutNovel,"A3G,0.992"
X-4653,DHRSX,207063.0,Del0.8,0.72
X-4653,DKFZp434J0226,93429.0,Amp5,5.31
X-4653,DKFZp566F0947,94023.0,Amp5,6.15
X-4653,DMKN,93099.0,Amp5,5.94
X-4653,DMPK,1760.0,Amp5,5.31
X-4653,DMRT1,1761.0,Del0.8,0.73
X-4653,DMRT2,10655.0,Del0.8,0.73
X-4653,DMRT3,58524.0,Del0.8,0.73
X-4653,DMRTA1,63951.0,Del0.8,0.74
X-4653,DMRTB1,63948.0,Amp5,5.03
X-4653,DMRTC2,63946.0,Amp5,5.1
X-4653,DMWD,1762.0,Amp5,5.31
X-4653,DNAJA3,9093.0,Del0.8,0.77
X-4653,DNAJB5,25822.0,Del0.8,0.72
X-4653,DNASE1,1773.0,Del0.8,0.77
X-4653,DOC2A,8448.0,Amp5,6.19
X-4653,DOCK8,81704.0,Del0.8,0.73
X-4653,DPF1,8193.0,Amp5,5.1
X-4653,DPY19L3,147991.0,Amp5,7.52
X-4653,DRD4,1815.0,MutNovel,"S284G,1.000"
X-4653,DRD4,1815.0,Del0.8,0.74
X-4653,DUSP8,1850.0,Del0.8,0.74
X-4653,DYNC2H1,79659.0,MutNovel,"D3863N,0.250"
X-4653,ECH1,1891.0,Amp5,5.1
X-4653,EFCAB4A,283229.0,Del0.8,0.74
X-4653,EGFL6,25975.0,Del0.8,0.68
X-4653,EGLN2,112398.0,Amp5,6.06
X-4653,EIF1AX,1964.0,Del0.8,0.69
X-4653,EIF1AY,9086.0,Del0.8,0.18
X-4653,EIF3K,27335.0,Amp5,5.1
X-4653,ELAVL2,1993.0,Del0.8,0.74
X-4653,EML2,24139.0,Amp8,8.28
X-4653,EPHB4,2050.0,MutNovel,"L528V,1.000"
X-4653,EPS8L2,64787.0,Del0.8,0.74
X-4653,ERCC1,2067.0,Amp8,8.28
X-4653,ERCC2,2068.0,Amp8,8.28
X-4653,ERF,2077.0,Amp5,5.1
X-4653,ERMP1,79956.0,Del0.8,0.7
X-4653,ETHE1,23474.0,Amp5,5.21
X-4653,ETV2,2116.0,Amp5,5.94
X-4653,EXOC3L2,90332.0,Amp5,6.59
X-4653,EXOSC3,51010.0,Del0.8,0.73
X-4653,EXOSC5,56915.0,Amp5,5.1
X-4653,FAM100A,124402.0,Del0.8,0.77
X-4653,FAM106A,80039.0,Del0.8,0.33
X-4653,FAM154A,158297.0,Del0.8,0.75
X-4653,FAM166B,730112.0,Del0.8,0.72
X-4653,FAM187B,148109.0,Amp5,5.94
X-4653,FAM197Y2P,252946.0,Del0.8,0.18
X-4653,FAM203A,51236.0,MutKnownFunctional,"R316*,0.600"
X-4653,FAM210A,125228.0,Del0.8,0.74
X-4653,FAM214B,80256.0,Del0.8,0.72
X-4653,FAM41AY1,340618.0,Del0.8,0.18
X-4653,FAM41AY1,340618.0,Del0.8,0.18
X-4653,FAM53A,152877.0,Amp5,6.02
X-4653,FAM57B,83723.0,Amp5,6.19
X-4653,FAM75A6,389730.0,MutNovel,"R623G,1.000"
X-4653,FAM86A,196483.0,Del0.8,0.77
X-4653,FAM98C,147965.0,Amp5,5.1
X-4653,FAM99A,387742.0,Del0.8,0.74
X-4653,FAM99B,100132464.0,Del0.8,0.74
X-4653,FAM9A,171482.0,Del0.8,0.68
X-4653,FAM9B,171483.0,Del0.8,0.68
X-4653,FAM9C,171484.0,Del0.8,0.68
X-4653,FANCB,2187.0,Del0.8,0.68
X-4653,FANCG,2189.0,Del0.8,0.72
X-4653,FAT4,79633.0,MutNovel,"R4423W,0.455"
X-4653,FBRSL1,57666.0,MutNovel,"S336R,0.208"
X-4653,FBXO17,115290.0,Amp5,5.1
X-4653,FBXO27,126433.0,Amp5,5.1
X-4653,FBXO46,23403.0,Amp5,5.31
X-4653,FFAR1,2864.0,Amp5,5.94
X-4653,FFAR2,2867.0,Amp5,5.94
X-4653,FFAR3,2865.0,Amp5,5.94
X-4653,FGFR3,2261.0,Amp5,6.54
X-4653,FIGF,2277.0,Del0.8,0.68
X-4653,FKRP,79147.0,Amp5,5.58
X-4653,FLJ35024,401491.0,Del0.8,0.73
X-4653,FLJ35282,441389.0,Del0.8,0.74
X-4653,FLJ39639,283876.0,Del0.8,0.75
X-4653,FLJ41200,401492.0,Del0.8,0.75
X-4653,FLYWCH1,84256.0,Del0.8,0.75
X-4653,FLYWCH2,114984.0,Del0.8,0.75
X-4653,FOSB,2354.0,Amp8,8.28
X-4653,FOXA3,3171.0,Amp5,5.31
X-4653,FOXD4,2298.0,Del0.8,0.73
X-4653,FREM1,158326.0,Del0.8,0.75
X-4653,FRMPD1,22844.0,Del0.8,0.73
X-4653,FRMPD4,9758.0,Del0.8,0.68
X-4653,FRYL,285527.0,Amp5,5.17
X-4653,FXYD1,5348.0,Amp5,6.06
X-4653,FXYD7,53822.0,Amp5,6.06
X-4653,GAPDHS,26330.0,Amp5,5.94
X-4653,GAS8,2622.0,MutNovel,"R278H,0.655"
X-4653,GDPD3,79153.0,Amp5,6.19
X-4653,GEMIN7,79760.0,Amp5,5.21
X-4653,GEMIN8,54960.0,Del0.8,0.68
X-4653,GGN,199720.0,Amp5,5.1
X-4653,GIGYF2,26058.0,MutNovel,"PQ1231P,1.000"
X-4653,GIPR,2696.0,Amp5,5.31
X-4653,GLDC,2731.0,Del0.8,0.7
X-4653,GLIPR2,152007.0,Del0.8,0.75
X-4653,GLIS2,84662.0,Del0.8,0.77
X-4653,GLIS3,169792.0,Del0.8,0.7
X-4653,GLIS3-AS1,84850.0,Del0.8,0.7
X-4653,GLRA2,2742.0,Del0.8,0.68
X-4653,GLYR1,84656.0,Del0.8,0.77
X-4653,GMEB2,26205.0,Amp5,5.9
X-4653,GMFG,9535.0,Amp5,5.1
X-4653,GNA12,2768.0,MutNovel,"R41H,0.469"
X-4653,GNAL,2774.0,Del0.8,0.71
X-4653,GNE,10020.0,Del0.8,0.75
X-4653,GNG8,94235.0,Amp5,5.58
X-4653,GOLGA2P2Y,84559.0,Del0.8,0.13
X-4653,GOLGA2P2Y,84559.0,Del0.8,0.18
X-4653,GPM6B,2824.0,Del0.8,0.68
X-4653,GPR125,166647.0,MutNovel,"D726N,0.736"
X-4653,GPR137C,283554.0,MutNovel,"S27G,0.667"
X-4653,GPR143,4935.0,Del0.8,0.68
X-4653,GPR4,2828.0,Amp8,8.28
X-4653,GPR64,10149.0,Del0.8,0.69
X-4653,GRHPR,9380.0,Del0.8,0.68
X-4653,GRIK5,2901.0,Amp5,5.1
X-4653,GRIN2B,2904.0,MutNovel,"T514I,1.000"
X-4653,GRPR,2925.0,Del0.8,0.69
X-4653,GSK3A,2931.0,Amp5,5.1
X-4653,GSTT1,2952.0,Del0.8,0.42
X-4653,GTF2IRD2,84163.0,MutNovel,"R716C,1.000"
X-4653,GTPBP6,8225.0,Del0.8,0.72
X-4653,GYG2,8908.0,Del0.8,0.72
X-4653,GYG2P1,352887.0,Del0.8,0.18
X-4653,HAMP,57817.0,Amp5,5.94
X-4653,HAUS3,79441.0,Amp5,5.21
X-4653,HAUS5,23354.0,Amp5,5.94
X-4653,HAUS6,54801.0,Del0.8,0.75
X-4653,HCCS,3052.0,Del0.8,0.68
X-4653,HCFC1R1,54985.0,Del0.8,0.75
X-4653,HCST,10870.0,Amp5,5.94
X-4653,HDHD1,8226.0,Del0.8,0.69
X-4653,HERC2,8924.0,MutNovel,"E2145V,1.000"
X-4653,HIF3A,64344.0,Amp5,5.31
X-4653,HIRIP3,8479.0,Amp5,6.19
X-4653,HKR1,284459.0,Amp5,5.78
X-4653,HLA-DQB2,3120.0,MutNovel,"K33E,1.000"
X-4653,HLA-DQB2,3120.0,MutNovel,"A28G,1.000"
X-4653,HLA-DRB1,3123.0,MutNovel,"A103L,0.375"
X-4653,HLA-DRB1,3123.0,MutNovel,"D86S,0.750"
X-4653,HMOX2,3163.0,Del0.8,0.77
X-4653,HNRNPL,3191.0,MutNovel,"E10D,0.873"
X-4653,HNRNPL,3191.0,Amp5,5.1
X-4653,HNRNPUL1,11100.0,Amp5,5.1
X-4653,HOXD8,3234.0,MutNovel,"A70AHP,0.833"
X-4653,HRAS,3265.0,Del0.8,0.74
X-4653,HRCT1,646962.0,Del0.8,0.75
X-4653,HSFY2,159119.0,Del0.8,0.18
X-4653,HSFY2,159119.0,Del0.8,0.18
X-4653,HSPB6,126393.0,Amp5,5.94
X-4653,HUWE1,10075.0,MutNovel,"A2019T,1.000"
X-4653,IFITM1,8519.0,Del0.8,0.74
X-4653,IFITM10,402778.0,Del0.8,0.74
X-4653,IFITM2,10581.0,Del0.8,0.74
X-4653,IFITM3,10410.0,Del0.8,0.74
X-4653,IFITM5,387733.0,Del0.8,0.74
X-4653,IFNA1,3439.0,Del0.8,0.71
X-4653,IFNA10,3446.0,Del0.8,0.71
X-4653,IFNA13,3447.0,Del0.8,0.71
X-4653,IFNA14,3448.0,Del0.8,0.71
X-4653,IFNA16,3449.0,Del0.8,0.71
X-4653,IFNA17,3451.0,Del0.8,0.71
X-4653,IFNA2,3440.0,Del0.8,0.71
X-4653,IFNA21,3452.0,Del0.8,0.71
X-4653,IFNA22P,3453.0,Del0.8,0.71
X-4653,IFNA4,3441.0,Del0.8,0.71
X-4653,IFNA5,3442.0,Del0.8,0.71
X-4653,IFNA6,3443.0,Del0.8,0.71
X-4653,IFNA7,3444.0,Del0.8,0.71
X-4653,IFNA8,3445.0,Del0.8,0.71
X-4653,IFNB1,3456.0,Del0.8,0.71
X-4653,IFNE,338376.0,Del0.8,0.71
X-4653,IFNK,56832.0,Del0.8,0.74
X-4653,IFNW1,3467.0,Del0.8,0.71
X-4653,IFT74,80173.0,Del0.8,0.74
X-4653,IGF2,3481.0,Del0.8,0.73
X-4653,IGF2-AS,51214.0,Del0.8,0.73
X-4653,IGFL1,374918.0,Amp5,5.31
X-4653,IGFL2,147920.0,Amp5,5.31
X-4653,IGFL3,388555.0,Amp5,5.31
X-4653,IGFL4,444882.0,Amp5,5.31
X-4653,IGFLR1,79713.0,Amp5,5.94
X-4653,IGSF23,147710.0,Amp5,5.21
X-4653,IL28A,282616.0,Amp5,5.1
X-4653,IL28B,282617.0,Amp5,5.1
X-4653,IL28RA,163702.0,MutNovel,"R6G,1.000"
X-4653,IL29,282618.0,Amp5,5.1
X-4653,IL32,9235.0,Del0.8,0.75
X-4653,IL33,90865.0,Del0.8,0.7
X-4653,IL3RA,3563.0,Del0.8,0.72
X-4653,IMMP2L,83943.0,MutNovel,"A34T,1.000"
X-4653,IMPA2,3613.0,Del0.8,0.77
X-4653,INE2,8551.0,Del0.8,0.69
X-4653,INO80E,283899.0,Amp5,6.19
X-4653,INS,3630.0,Del0.8,0.73
X-4653,INS-IGF2,723961.0,Del0.8,0.73
X-4653,INSL4,3641.0,Del0.8,0.7
X-4653,INSL6,11172.0,Del0.8,0.7
X-4653,IRF2BP1,26145.0,Amp5,5.31
X-4653,IRF2BP2,359948.0,MutNovel,"-99S,0.771"
X-4653,IRF7,3665.0,Del0.8,0.74
X-4653,IRGC,56269.0,Amp5,5.21
X-4653,IRGQ,126298.0,Amp5,5.21
X-4653,ITGAL,3683.0,Amp5,6.23
X-4653,ITPKC,80271.0,Amp5,6.06
X-4653,JAK2,3717.0,Del0.8,0.53
X-4653,JUNB,3726.0,MutNovel,"R89S,0.346"
X-4653,KAL1,3730.0,Del0.8,0.68
X-4653,KCNK6,9424.0,Amp5,5.1
X-4653,KCNN4,3783.0,Amp5,5.21
X-4653,KCNV2,169522.0,Del0.8,0.73
X-4653,KDELC2,143888.0,MutNovel,"R3C,0.471"
X-4653,KDM4C,23081.0,Del0.8,0.7
X-4653,KDM5D,8284.0,Del0.8,0.18
X-4653,KIAA1045,23349.0,Del0.8,0.72
X-4653,KIAA1432,57589.0,Del0.8,0.7
X-4653,KIAA2026,158358.0,Del0.8,0.7
X-4653,KIF20B,9585.0,MutNovel,"L1062LKV,1.000"
X-4653,KIF24,347240.0,Del0.8,0.7
X-4653,KIRREL2,84063.0,Amp5,5.94
X-4653,KLC3,147700.0,Amp8,8.28
X-4653,KLHL34,257240.0,Del0.8,0.71
X-4653,KLHL9,55958.0,Del0.8,0.71
X-4653,KREMEN2,79412.0,Del0.8,0.75
X-4653,KRTAP5-1,387264.0,Del0.8,0.74
X-4653,KRTAP5-2,440021.0,Del0.8,0.74
X-4653,KRTAP5-3,387266.0,Del0.8,0.74
X-4653,KRTAP5-4,387267.0,Del0.8,0.74
X-4653,KRTAP5-5,439915.0,Del0.8,0.74
X-4653,KRTAP5-6,440023.0,Del0.8,0.74
X-4653,KRTDAP,388533.0,Amp5,5.94
X-4653,LCE3C,353144.0,Del0.8,0.16
X-4653,LETM1,3954.0,Amp8,9
X-4653,LGALS4,3960.0,Amp5,5.1
X-4653,LGALS7,3963.0,Amp5,5.1
X-4653,LGALS7B,653499.0,Amp5,5.1
X-4653,LGALS9C,654346.0,Del0.8,0.33
X-4653,LIN37,55957.0,Amp5,5.94
X-4653,LINC00032,158035.0,Del0.8,0.74
X-4653,LINC00102,100359394.0,Del0.8,0.72
X-4653,LINC00266-1,140849.0,Del0.8,0.63
X-4653,LINC00514,283875.0,Del0.8,0.75
X-4653,LINGO2,158038.0,Del0.8,0.74
X-4653,LIPE,3991.0,Amp5,5.1
X-4653,LOC100128682,100128682.0,Amp5,5.94
X-4653,LOC100129250,100129250.0,Del0.8,0.71
X-4653,LOC100130480,100130480.0,Del0.8,0.77
X-4653,LOC100133123,100133123.0,Del0.8,0.68
X-4653,LOC100192426,100192426.0,Del0.8,0.73
X-4653,LOC100287177,100287177.0,Amp8,8.28
X-4653,LOC100288122,100288122.0,Del0.8,0.74
X-4653,LOC100288568,,MutNovel,"A128P,1.000"
X-4653,LOC100288568,,MutNovel,"H197Y,0.415"
X-4653,LOC100288814,100288814.0,Del0.8,0.68
X-4653,LOC100379224,100379224.0,Amp5,5.21
X-4653,LOC100505495,100505495.0,Amp5,5.1
X-4653,LOC100505622,100505622.0,Amp5,5.1
X-4653,LOC100505715,100505715.0,Amp5,5.21
X-4653,LOC100505781,,MutNovel,"G74S,1.000"
X-4653,LOC100505835,100505835.0,Amp5,6.15
X-4653,LOC100506012,100506012.0,Amp5,5.58
X-4653,LOC100506422,100506422.0,Del0.8,0.74
X-4653,LOC100506469,100506469.0,Amp5,5.94
X-4653,LOC100507433,100507433.0,Amp5,5.78
X-4653,LOC100507501,100507501.0,Del0.8,0.77
X-4653,LOC143666,143666.0,Del0.8,0.74
X-4653,LOC148145,148145.0,Amp5,6.15
X-4653,LOC148189,148189.0,Amp5,7.41
X-4653,LOC158376,158376.0,Del0.8,0.75
X-4653,LOC255512,255512.0,Del0.8,0.74
X-4653,LOC284395,284395.0,Amp5,5.24
X-4653,LOC284412,284412.0,Amp5,5.78
X-4653,LOC338651,338651.0,Del0.8,0.74
X-4653,LOC388152,388152.0,Del0.8,0.71
X-4653,LOC388242,388242.0,Amp5,6.19
X-4653,LOC388553,388553.0,Amp5,5.31
X-4653,LOC389705,389705.0,Del0.8,0.75
X-4653,LOC389906,389906.0,Del0.8,0.72
X-4653,LOC390940,390940.0,Amp5,5.21
X-4653,LOC391322,391322.0,Del0.8,0.42
X-4653,LOC402160,402160.0,Amp5,5.21
X-4653,LOC440335,440335.0,Del0.8,0.77
X-4653,LOC595101,595101.0,Amp5,6.19
X-4653,LOC606724,606724.0,Amp5,6.19
X-4653,LOC613037,613037.0,Amp5,6.19
X-4653,LOC643669,643669.0,Amp5,5.1
X-4653,LOC644189,644189.0,Amp5,5.78
X-4653,LOC644554,644554.0,Amp5,5.78
X-4653,LOC728752,728752.0,Amp5,5.78
X-4653,LOC729609,729609.0,Del0.8,0.69
X-4653,LRFN1,57622.0,Amp5,5.1
X-4653,LRFN3,79414.0,Amp5,5.94
X-4653,LRIG2,9860.0,MutNovel,"S935C,0.500"
X-4653,LRP5,4041.0,MutNovel,"A606V,0.556"
X-4653,LRRC19,64922.0,Del0.8,0.74
X-4653,LRRC30,339291.0,Del0.8,0.73
X-4653,LRRC45,201255.0,MutNovel,"G51S,0.478"
X-4653,LRRC56,115399.0,Del0.8,0.74
X-4653,LSP1,4046.0,Del0.8,0.74
X-4653,LSR,51599.0,MutNovel,"G518GR,1.000"
X-4653,LSR,51599.0,Amp5,5.94
X-4653,LTBP4,8425.0,Amp5,6.06
X-4653,LYPD3,27076.0,Amp5,5.21
X-4653,LYPD4,147719.0,Amp5,5.1
X-4653,LYPD5,284348.0,Amp5,5.21
X-4653,MAG,4099.0,Amp5,5.94
X-4653,MAGED4B,81557.0,MutNovel,"T711R,0.833"
X-4653,MAN2A1,4124.0,MutNovel,"L306V,1.000"
X-4653,MAP3K15,389840.0,Del0.8,0.69
X-4653,MAP4K1,11184.0,Amp5,5.1
X-4653,MAP7D2,256714.0,Del0.8,0.69
X-4653,MAPK3,5595.0,Amp5,6.19
X-4653,MARK4,57787.0,Amp8,8.28
X-4653,MBTPS2,51360.0,Del0.8,0.71
X-4653,MC2R,4158.0,Del0.8,0.74
X-4653,MC5R,4161.0,Del0.8,0.74
X-4653,MCM9,254394.0,MutNovel,"T924A,0.448"
X-4653,MED29,55588.0,Amp5,6.59
X-4653,MEFV,4210.0,Del0.8,0.75
X-4653,MEGF8,1954.0,Amp5,5.1
X-4653,MGC3771,81854.0,Del0.8,0.75
X-4653,MGC45800,90768.0,Del0.8,0.76
X-4653,MGRN1,23295.0,Del0.8,0.77
X-4653,MIA,8190.0,Amp5,6.06
X-4653,MIA-RAB4B,100529262.0,Amp5,6.06
X-4653,MID1,4281.0,Del0.8,0.68
X-4653,MIR101-2,406894.0,Del0.8,0.74
X-4653,MIR1305,100302270.0,Del0.8,0.76
X-4653,MIR137,406928.0,Del0.8,0.77
X-4653,MIR210,406992.0,Del0.8,0.74
X-4653,MIR210HG,100506211.0,Del0.8,0.74
X-4653,MIR2277,100313887.0,Del0.8,0.66
X-4653,MIR23C,100500809.0,Del0.8,0.69
X-4653,MIR2682,100616452.0,Del0.8,0.77
X-4653,MIR31,407035.0,Del0.8,0.71
X-4653,MIR3152,100422869.0,Del0.8,0.75
X-4653,MIR3156-2,100422907.0,Del0.8,0.8
X-4653,MIR31HG,554202.0,Del0.8,0.71
X-4653,MIR320E,100422913.0,Amp5,5.58
X-4653,MIR330,442902.0,Amp8,8.28
X-4653,MIR3690,100500894.0,Del0.8,0.72
X-4653,MIR4298,100423021.0,Del0.8,0.74
X-4653,MIR4317,100422840.0,Del0.8,0.77
X-4653,MIR4323,100422980.0,Amp5,5.1
X-4653,MIR4526,100616130.0,Del0.8,0.74
X-4653,MIR4530,100616163.0,Amp5,6.59
X-4653,MIR4531,100616355.0,Amp5,5.21
X-4653,MIR4665,100616288.0,Del0.8,0.7
X-4653,MIR4667,100616214.0,Del0.8,0.72
X-4653,MIR4686,100616126.0,Del0.8,0.73
X-4653,MIR4767,100616467.0,Del0.8,0.69
X-4653,MIR4768,100616249.0,Del0.8,0.69
X-4653,MIR4770,100616373.0,Del0.8,0.69
X-4653,MIR4800,100616358.0,Amp5,5.21
X-4653,MIR483,619552.0,Del0.8,0.73
X-4653,MIR548F4,100313895.0,Del0.8,0.73
X-4653,MIR548I4,100302191.0,Del0.8,0.55
X-4653,MIR642A,693227.0,Amp5,5.31
X-4653,MIR642B,100500845.0,Amp5,5.31
X-4653,MIR651,723779.0,Del0.8,0.69
X-4653,MIR769,768217.0,Amp5,5.31
X-4653,MIR873,100126316.0,Del0.8,0.74
X-4653,MIR876,100126310.0,Del0.8,0.74
X-4653,MIR943,100126332.0,Amp8,9
X-4653,MLANA,2315.0,Del0.8,0.7
X-4653,MLL3,58508.0,MutNovel,"L291F,0.400"
X-4653,MLL4,9757.0,Amp5,5.94
X-4653,MLYCD,23417.0,MutNovel,"R11G,0.692"
X-4653,MMP25,64386.0,Del0.8,0.75
X-4653,MOB2,81532.0,Del0.8,0.74
X-4653,MOB3B,79817.0,Del0.8,0.74
X-4653,MOSPD2,158747.0,Del0.8,0.68
X-4653,MPDZ,8777.0,Del0.8,0.75
X-4653,MPPE1,65258.0,Del0.8,0.71
X-4653,MPRIP,23164.0,MutNovel,"TS178T,1.000"
X-4653,MRPL23,6150.0,Del0.8,0.6
X-4653,MRPS12,6183.0,Amp5,5.1
X-4653,MSL3,10943.0,Del0.8,0.68
X-4653,MTAP,4507.0,Del0.8,0.71
X-4653,MTRNR2L4,100463285.0,Del0.8,0.75
X-4653,MUC2,4583.0,Del0.8,0.74
X-4653,MUC5B,727897.0,Del0.8,0.74
X-4653,MUC6,4588.0,Del0.8,0.74
X-4653,MXD4,10608.0,Amp5,5.21
X-4653,MXRA5,25878.0,Del0.8,0.72
X-4653,MYLPF,29895.0,Amp8,9
X-4653,MYPOP,339344.0,Amp5,5.31
X-4653,NAGPA,51172.0,Del0.8,0.77
X-4653,NANOS2,339345.0,Amp5,5.31
X-4653,NAT8L,339983.0,Amp5,5.21
X-4653,NCCRP1,342897.0,Amp5,5.1
X-4653,NCRNA00185,55410.0,Del0.8,0.18
X-4653,NDUFB6,4712.0,Del0.8,0.71
X-4653,NDUFV2,4729.0,Del0.8,0.73
X-4653,NFIB,4781.0,Del0.8,0.75
X-4653,NFKBIB,4793.0,Amp5,5.1
X-4653,NFKBID,84807.0,Amp5,5.94
X-4653,NFXL1,152518.0,Amp5,5.24
X-4653,NHS,4810.0,Del0.8,0.69
X-4653,NIPAL1,152519.0,Amp5,6.06
X-4653,NKPD1,284353.0,Amp5,5.21
X-4653,NLGN4X,57502.0,Del0.8,0.69
X-4653,NLGN4Y,22829.0,Del0.8,0.18
X-4653,NLRP6,171389.0,Del0.8,0.74
X-4653,NMRAL1,57407.0,Del0.8,0.77
X-4653,NOVA2,4858.0,Amp5,5.31
X-4653,NPEPPS,9520.0,MutNovel,"T199A,0.241"
X-4653,NPHS1,4868.0,Amp5,5.94
X-4653,NPIPL2,,MutNovel,"G14E,0.500"
X-4653,NUDT11,55190.0,MutKnownFunctional,"-1,1.000"
X-4653,NUDT16L1,84309.0,Del0.8,0.77
X-4653,NUDT19,390916.0,Amp5,7.52
X-4653,NUDT2,318.0,Del0.8,0.7
X-4653,NUDT8,254552.0,Amp5,6.28
X-4653,NUMBL,9253.0,Amp5,6.06
X-4653,ODF3,113746.0,Del0.8,0.74
X-4653,OFD1,8481.0,Del0.8,0.68
X-4653,OPA3,80207.0,Amp8,8.28
X-4653,OPN1LW,5956.0,Del0.8,0.51
X-4653,OPN1MW,2652.0,Del0.8,0.51
X-4653,OR1F1,4992.0,Del0.8,0.75
X-4653,OR1F2P,26184.0,Del0.8,0.75
X-4653,OR2C1,4993.0,Del0.8,0.75
X-4653,OR2S2,56656.0,Del0.8,0.75
X-4653,ORAI1,84876.0,MutNovel,"PP43-,1.000"
X-4653,P2RY8,286530.0,Del0.8,0.72
X-4653,PAF1,54623.0,Amp5,6.59
X-4653,PAFAH1B3,5050.0,Amp5,5.1
X-4653,PAK4,10298.0,Amp5,5.1
X-4653,PAM16,51025.0,Del0.8,0.77
X-4653,PAPL,390928.0,Amp5,5.1
X-4653,PAQR4,124222.0,Del0.8,0.75
X-4653,PARK2,5071.0,Del0.8,0.76
X-4653,PCCB,5096.0,MutNovel,"GI427G,0.817"
X-4653,PCDH11X,27328.0,Del0.8,0.63
X-4653,PCDH11Y,83259.0,Del0.8,0.26
X-4653,PCDH15,65217.0,Del0.8,0.78
X-4653,PCDHA10,56139.0,MutNovel,"G71R,1.000"
X-4653,PCDHB2,56133.0,MutNovel,"H437Y,0.263"
X-4653,PCDHB2,56133.0,MutNovel,"D448N,0.357"
X-4653,PDCD1LG2,80380.0,Del0.8,0.7
X-4653,PDCD5,9141.0,Amp5,7.52
X-4653,PDDC1,347862.0,Del0.8,0.74
X-4653,PDHA1,5160.0,Del0.8,0.69
X-4653,PGLYRP1,8993.0,Amp5,5.31
X-4653,PHACTR4,65979.0,MutKnownFunctional,"-61?,0.583"
X-4653,PHEX,5251.0,Del0.8,0.71
X-4653,PHKA2,5256.0,Del0.8,0.69
X-4653,PHLDA1,22822.0,MutNovel,"QQ194Q,1.000"
X-4653,PHLDB3,653583.0,Amp5,5.21
X-4653,PHRF1,57661.0,Del0.8,0.74
X-4653,PHYH,5264.0,MutNovel,"-338I,0.557"
X-4653,PIDD,55367.0,Del0.8,0.74
X-4653,PIGA,5277.0,Del0.8,0.68
X-4653,PIGO,84720.0,Del0.8,0.72
X-4653,PINX1,54984.0,MutNovel,"R32W,1.000"
X-4653,PIR,8544.0,Del0.8,0.68
X-4653,PIR-FIGF,100532742.0,Del0.8,0.68
X-4653,PKMYT1,9088.0,Del0.8,0.75
X-4653,PKN2,5586.0,MutNovel,"NL382N,0.793"
X-4653,PKP3,11187.0,Del0.8,0.74
X-4653,PLAA,9373.0,Del0.8,0.74
X-4653,PLAUR,5329.0,Amp5,5.21
X-4653,PLCXD1,55344.0,Del0.8,0.72
X-4653,PLEKHF1,79156.0,Amp8,8.46
X-4653,PLEKHG2,64857.0,Amp5,6.59
X-4653,PLIN2,123.0,Del0.8,0.75
X-4653,PLXNB2,23654.0,MutNovel,"G934S,0.367"
X-4653,PNMAL1,55228.0,Amp5,5.58
X-4653,PNMAL2,57469.0,Amp5,5.58
X-4653,PNPLA2,57104.0,Del0.8,0.74
X-4653,PNPLA4,8228.0,Del0.8,0.69
X-4653,POLN,353497.0,Amp5,5.21
X-4653,POLR1E,64425.0,Del0.8,0.68
X-4653,POLR2I,5438.0,Amp5,5.94
X-4653,POLR2L,5441.0,Del0.8,0.74
X-4653,POP4,10775.0,Amp8,8.46
X-4653,POTEC,388468.0,Del0.8,0.8
X-4653,POU2F2,5452.0,Amp5,5.1
X-4653,POU5F2,134187.0,Del0.8,0.66
X-4653,PPAPDC2,403313.0,Del0.8,0.74
X-4653,PPEF1,5475.0,Del0.8,0.69
X-4653,PPIL4,85313.0,MutNovel,"R468I,0.365"
X-4653,PPL,5493.0,Del0.8,0.77
X-4653,PPM1F,9647.0,MutNovel,"E111K,0.306"
X-4653,PPM1N,147699.0,Amp8,8.28
X-4653,PPP1R13L,10848.0,Amp8,8.28
X-4653,PPP1R14A,94274.0,Amp5,5.1
X-4653,PPP1R37,284352.0,Amp5,5.21
X-4653,PPP2R3B,28227.0,Del0.8,0.72
X-4653,PPP2R3B-AS1,283981.0,Del0.8,0.72
X-4653,PPP4C,5531.0,Amp5,6.19
X-4653,PPP4R1,9989.0,Del0.8,0.73
X-4653,PPP5C,5536.0,Amp5,5.31
X-4653,PRG1,23574.0,Amp5,5.21
X-4653,PRIC285,85441.0,Amp5,5.9
X-4653,PRKCZ,5590.0,MutNovel,"I539N,0.526"
X-4653,PRKD2,25865.0,Amp5,5.58
X-4653,PRKX,5613.0,Del0.8,0.72
X-4653,PRKY,5616.0,Del0.8,0.18
X-4653,PRM1,5619.0,Del0.8,0.74
X-4653,PRM2,5620.0,Del0.8,0.74
X-4653,PRM3,58531.0,Del0.8,0.74
X-4653,PRODH2,58510.0,Amp5,5.94
X-4653,PRPS2,5634.0,Del0.8,0.68
X-4653,PRR19,284338.0,Amp5,5.1
X-4653,PRSS22,64063.0,Del0.8,0.75
X-4653,PRY,9081.0,Del0.8,0.18
X-4653,PRY,9081.0,Del0.8,0.18
X-4653,PRY2,442862.0,Del0.8,0.18
X-4653,PRY2,442862.0,Del0.8,0.18
X-4653,PSENEN,55851.0,Amp5,5.94
X-4653,PSG9,5678.0,Amp5,5.21
X-4653,PSIP1,11168.0,Del0.8,0.75
X-4653,PSMD13,5719.0,Del0.8,0.74
X-4653,PSMD8,5714.0,Amp5,5.1
X-4653,PTCHD1,139411.0,Del0.8,0.71
X-4653,PTDSS2,81490.0,Del0.8,0.74
X-4653,PTGIR,5739.0,Amp5,5.58
X-4653,PTPRD,5789.0,Del0.8,0.35
X-4653,PTPRM,5797.0,Del0.8,0.64
X-4653,PVR,5817.0,Amp5,5.21
X-4653,PVRL2,5819.0,Amp5,5.21
X-4653,QPCTL,54814.0,Amp5,5.31
X-4653,RAB12,201475.0,Del0.8,0.73
X-4653,RAB31,11031.0,Del0.8,0.73
X-4653,RAB4B,53916.0,Amp5,6.06
X-4653,RAB4B-EGLN2,100529264.0,Amp5,6.06
X-4653,RAB9A,9367.0,Del0.8,0.68
X-4653,RABAC1,10567.0,Amp5,5.1
X-4653,RAD50,10111.0,MutNovel,"I449T,0.694"
X-4653,RAI2,10742.0,Del0.8,0.69
X-4653,RALBP1,10928.0,Del0.8,0.73
X-4653,RANBP6,26953.0,Del0.8,0.7
X-4653,RASGRP4,115727.0,Amp5,5.1
X-4653,RASSF4,83937.0,MutNovel,"I169V,0.511"
X-4653,RASSF7,8045.0,Del0.8,0.74
X-4653,RBBP7,5931.0,Del0.8,0.69
X-4653,RBFOX1,54715.0,Del0.8,0.66
X-4653,RBM12B,389677.0,MutNovel,"R462Q,0.826"
X-4653,RBM42,79171.0,Amp5,5.94
X-4653,RBMY1A3P,286557.0,Del0.8,0.18
X-4653,RBMY1B,378948.0,Del0.8,0.18
X-4653,RBMY1B,378948.0,Del0.8,0.18
X-4653,RBMY1E,378950.0,Del0.8,0.18
X-4653,RBMY1E,378950.0,Del0.8,0.18
X-4653,RBMY1F,159163.0,Del0.8,0.18
X-4653,RBMY1F,159163.0,Del0.8,0.18
X-4653,RBMY1J,378951.0,Del0.8,0.18
X-4653,RBMY1J,378951.0,Del0.8,0.18
X-4653,RBMY2EP,159125.0,Del0.8,0.18
X-4653,RBMY2FP,159162.0,Del0.8,0.18
X-4653,RBMY3AP,64593.0,Del0.8,0.18
X-4653,RCL1,10171.0,Del0.8,0.74
X-4653,RECK,8434.0,Del0.8,0.75
X-4653,RELB,5971.0,Amp5,5.21
X-4653,REPS2,9185.0,Del0.8,0.69
X-4653,RFX3,5991.0,Del0.8,0.7
X-4653,RGMB,285704.0,MutNovel,"R21G,1.000"
X-4653,RGS9BP,388531.0,Amp5,7.52
X-4653,RHPN2,85415.0,Amp5,7.52
X-4653,RIC8A,60626.0,Del0.8,0.74
X-4653,RINL,126432.0,Amp5,5.1
X-4653,RLN1,6013.0,Del0.8,0.7
X-4653,RLN2,6019.0,Del0.8,0.7
X-4653,RMI2,116028.0,Del0.8,0.74
X-4653,RNF38,152006.0,Del0.8,0.75
X-4653,RNF4,6047.0,Amp5,5.21
X-4653,RNH1,6050.0,Del0.8,0.74
X-4653,RNMT,8731.0,Del0.8,0.74
X-4653,ROGDI,79641.0,Del0.8,0.77
X-4653,RPL3,6122.0,MutNovel,"N328D,0.259"
X-4653,RPLP2,6181.0,Del0.8,0.74
X-4653,RPS16,6217.0,Amp5,6.59
X-4653,RPS19,6223.0,Amp5,5.1
X-4653,RPS4Y1,6192.0,Del0.8,0.26
X-4653,RPS4Y2,140032.0,Del0.8,0.18
X-4653,RPS6,6194.0,Del0.8,0.75
X-4653,RPS6KA3,6197.0,Del0.8,0.69
X-4653,RPTOR,57521.0,MutNovel,"R348G,0.429"
X-4653,RRAGA,10670.0,Del0.8,0.75
X-4653,RS1,6247.0,Del0.8,0.69
X-4653,RSPH6A,81492.0,Amp5,5.31
X-4653,RTN2,6253.0,Amp8,8.28
X-4653,RUSC2,9853.0,Del0.8,0.72
X-4653,RYR1,6261.0,Amp5,5.1
X-4653,RYR3,6263.0,MutNovel,"V3994L,0.600"
X-4653,S100G,795.0,Del0.8,0.69
X-4653,SAMD4B,55095.0,Amp5,6.59
X-4653,SAP130,79595.0,MutNovel,"T388A,0.286"
X-4653,SARS2,54938.0,Amp5,5.1
X-4653,SBK1,388228.0,MutNovel,"E320K,1.000"
X-4653,SBSN,374897.0,Amp5,5.94
X-4653,SCARNA22,677770.0,Amp8,9
X-4653,SCARNA8,677776.0,Del0.8,0.75
X-4653,SCARNA9L,100158262.0,Del0.8,0.69
X-4653,SCML1,6322.0,Del0.8,0.69
X-4653,SCML2,10389.0,Del0.8,0.69
X-4653,SCT,6343.0,Del0.8,0.74
X-4653,SDHAF1,644096.0,Amp5,5.94
X-4653,SDHD,6392.0,MutLikelyFunctional,"H145N,0.305"
X-4653,SEC14L5,9717.0,Del0.8,0.77
X-4653,SEC23IP,11196.0,MutNovel,"T376N,0.434"
X-4653,SEMA3F,6405.0,MutNovel,"R68C,0.744"
X-4653,SENP6,26054.0,MutNovel,"Q895R,0.539"
X-4653,SEPHS2,22928.0,Amp8,8
X-4653,2014-09-01 00:00:00,1731.0,Amp8,13.09
X-4653,2014-09-12 00:00:00,124404.0,Del0.8,0.77
X-4653,SERINC2,347735.0,MutNovel,"-373Q,1.000"
X-4653,SH3GL2,6456.0,Del0.8,0.75
X-4653,SH3KBP1,30011.0,Del0.8,0.69
X-4653,SHKBP1,92799.0,Amp5,6.06
X-4653,SHOX,6473.0,Del0.8,0.72
X-4653,SHROOM2,357.0,Del0.8,0.68
X-4653,SIGIRR,59307.0,Del0.8,0.74
X-4653,SIPA1L3,23094.0,Amp5,5.1
X-4653,SIRT2,22933.0,Amp5,5.1
X-4653,SIRT3,23410.0,Del0.8,0.74
X-4653,SIX5,147912.0,Amp5,5.31
X-4653,SLAIN2,57606.0,Amp5,6.06
X-4653,SLBP,7884.0,Amp8,8.57
X-4653,SLC10A4,201780.0,Amp5,6.06
X-4653,SLC12A5,57468.0,MutNovel,"G41A,1.000"
X-4653,SLC1A1,6505.0,Del0.8,0.58
X-4653,SLC1A5,6510.0,Amp5,5.58
X-4653,SLC24A2,25769.0,Del0.8,0.75
X-4653,SLC25A22,79751.0,Del0.8,0.74
X-4653,SLC25A6,293.0,Del0.8,0.72
X-4653,SLC7A9,11136.0,Amp5,7.52
X-4653,SLMO1,10650.0,Del0.8,0.77
X-4653,SLX1A,548593.0,Amp5,6.19
X-4653,SLX1A-SULT1A3,100526830.0,Amp5,6.19
X-4653,SLX4,84464.0,Del0.8,0.77
X-4653,SMARCA2,6595.0,Del0.8,0.73
X-4653,SMG1,23049.0,MutNovel,"L1397V,0.667"
X-4653,SMG1,23049.0,MutNovel,"S1379G,0.500"
X-4653,SMG9,56006.0,Amp5,5.21
X-4653,SMPD4,55627.0,MutKnownFunctional,"-866,0.496"
X-4653,SMPD4,55627.0,MutNovel,"P866A,0.516"
X-4653,SMPX,23676.0,Del0.8,0.71
X-4653,SMS,6611.0,Del0.8,0.71
X-4653,SNAPC3,6619.0,Del0.8,0.75
X-4653,SNAR-E,100170220.0,Amp5,5.58
X-4653,SNORA52,619565.0,Del0.8,0.74
X-4653,SNRNP40,9410.0,MutNovel,"F125L,0.388"
X-4653,SNRPA,6626.0,Amp5,6.06
X-4653,SNRPD2,6633.0,Amp5,5.31
X-4653,SOBP,55084.0,MutNovel,"A338S,0.273"
X-4653,SOCS1,8651.0,Del0.8,0.74
X-4653,SOLH,6650.0,MutNovel,"R1018C,0.990"
X-4653,SPINT2,10653.0,Amp5,5.1
X-4653,SPRED3,399473.0,Amp5,5.1
X-4653,SPRTN,,MutNovel,"Y182C,0.750"
X-4653,SPTBN4,57731.0,Amp5,5.66
X-4653,SRL,6345.0,Del0.8,0.77
X-4653,SRRM5,100170229.0,Amp5,5.21
X-4653,SRY,6736.0,Del0.8,0.26
X-4653,ST6GALNAC4,27090.0,MutNovel,"R285S,0.510"
X-4653,STK33,65975.0,MutNovel,"S504SGF,1.000"
X-4653,STMN3,50861.0,Amp5,5.9
X-4653,STMN4,81551.0,MutNovel,"K171R,1.000"
X-4653,STOML2,30968.0,Del0.8,0.72
X-4653,STRN4,29888.0,Amp5,5.58
X-4653,STS,412.0,Del0.8,0.69
X-4653,SUCLG1,8802.0,MutNovel,"I168M,0.457"
X-4653,SULT1A4,445329.0,Amp5,6.19
X-4653,SUPT5H,6829.0,Amp5,5.74
X-4653,SYAP1,94056.0,Del0.8,0.69
X-4653,SYCN,342898.0,Amp5,5.1
X-4653,SYMPK,8189.0,Amp5,5.31
X-4653,SYNGR1,9145.0,MutNovel,"G163V,0.286"
X-4653,SYNRG,11276.0,MutNovel,"M60I,0.364"
X-4653,SYT8,90019.0,Del0.8,0.74
X-4653,TACC3,10460.0,Amp8,8.57
X-4653,TAF1L,138474.0,Del0.8,0.71
X-4653,TALDO1,6888.0,Del0.8,0.74
X-4653,TAOK2,9344.0,Amp5,6.19
X-4653,TBC1D10B,26000.0,Amp5,6.19
X-4653,TBCB,1155.0,Amp5,5.94
X-4653,TBL1X,6907.0,Del0.8,0.68
X-4653,TBL1Y,90665.0,Del0.8,0.18
X-4653,TBP,6908.0,MutNovel,"-64Q,1.000"
X-4653,TBX10,347853.0,Amp5,6.28
X-4653,TBX6,6911.0,Amp5,6.19
X-4653,TCEANC,170082.0,Del0.8,0.68
X-4653,TDRD12,91646.0,Amp5,7.52
X-4653,TEC,7006.0,Amp5,6.06
X-4653,TEK,7010.0,Del0.8,0.74
X-4653,TESK1,7016.0,Del0.8,0.72
X-4653,TEX101,83639.0,Amp5,5.21
X-4653,TEX28,1527.0,Del0.8,0.51
X-4653,TFAP4,7023.0,Del0.8,0.77
X-4653,TGFB1,7040.0,Amp5,5.1
X-4653,TGIF2LY,90655.0,Del0.8,0.26
X-4653,TH,7054.0,Del0.8,0.73
X-4653,THAP8,199745.0,Amp5,5.94
X-4653,THEG5,100507527.0,Amp5,7.52
X-4653,THOC6,79228.0,Del0.8,0.75
X-4653,TIGD7,91151.0,Del0.8,0.75
X-4653,TKT,7086.0,MutNovel,"P483Q,0.305"
X-4653,TLR7,51284.0,Del0.8,0.68
X-4653,TLR8,51311.0,Del0.8,0.68
X-4653,TLR8-AS1,349408.0,Del0.8,0.68
X-4653,TMEM129,92305.0,Amp8,8.57
X-4653,TMEM132A,54972.0,MutNovel,"S339N,0.484"
X-4653,TMEM145,284339.0,Amp5,5.1
X-4653,TMEM147,10430.0,Amp5,5.94
X-4653,TMEM219,124446.0,Amp5,6.19
X-4653,TMEM27,57393.0,Del0.8,0.68
X-4653,TMEM48,55706.0,Amp5,5.58
X-4653,TMEM80,283232.0,Del0.8,0.74
X-4653,TMEM91,641649.0,Amp5,5.1
X-4653,TMSB4X,7114.0,Del0.8,0.68
X-4653,TMSB4Y,9087.0,Del0.8,0.18
X-4653,TNFAIP6,7130.0,MutKnownFunctional,"-278,0.438"
X-4653,TNFRSF12A,51330.0,Del0.8,0.75
X-4653,TNNI2,7136.0,Del0.8,0.74
X-4653,TNP2,7142.0,Del0.8,0.74
X-4653,TOLLIP,54472.0,Del0.8,0.74
X-4653,TOMM40,10452.0,Amp5,5.21
X-4653,TOMM5,401505.0,Del0.8,0.73
X-4653,TOP1MT,116447.0,MutNovel,"V3E,0.615"
X-4653,TOPORS,10210.0,Del0.8,0.71
X-4653,TP53,7157.0,MutNovel,"Y205N,1.000"
X-4653,TPD52L3,89882.0,Del0.8,0.7
X-4653,TRAK1,22906.0,MutKnownFunctional,"E123*,0.438"
X-4653,TRAP1,10131.0,Del0.8,0.77
X-4653,TRAPPC2,6399.0,Del0.8,0.68
X-4653,TRAPPC6A,79090.0,Amp5,5.21
X-4653,TSHR,7253.0,Del0.8,0.66
X-4653,TSHZ3,57616.0,Amp5,6.15
X-4653,TSPAN4,7106.0,Del0.8,0.74
X-4653,TSPY1,7258.0,Del0.8,0.18
X-4653,TSPY2,64591.0,Del0.8,0.18
X-4653,TSPY3,728137.0,Del0.8,0.18
X-4653,TSPY4,728395.0,Del0.8,0.18
X-4653,TSPY8,728403.0,Del0.8,0.18
X-4653,TSPYL1,7259.0,MutNovel,"V176VW,1.000"
X-4653,TTC21A,199223.0,MutNovel,"G1242R,0.448"
X-4653,TTC39B,158219.0,Del0.8,0.75
X-4653,TTC40,54777.0,MutNovel,"R669W,1.000"
X-4653,TTC7B,145567.0,MutNovel,"S196C,0.444"
X-4653,TTTY10,246119.0,Del0.8,0.18
X-4653,TTTY11,83866.0,Del0.8,0.18
X-4653,TTTY12,83867.0,Del0.8,0.18
X-4653,TTTY13,83868.0,Del0.8,0.18
X-4653,TTTY14,83869.0,Del0.8,0.18
X-4653,TTTY15,64595.0,Del0.8,0.18
X-4653,TTTY16,252948.0,Del0.8,0.18
X-4653,TTTY17A,252949.0,Del0.8,0.18
X-4653,TTTY17A,252949.0,Del0.8,0.13
X-4653,TTTY18,252950.0,Del0.8,0.18
X-4653,TTTY19,252952.0,Del0.8,0.18
X-4653,TTTY1B,100101116.0,Del0.8,0.18
X-4653,TTTY1B,100101116.0,Del0.8,0.18
X-4653,TTTY2,60439.0,Del0.8,0.18
X-4653,TTTY2,60439.0,Del0.8,0.18
X-4653,TTTY20,252951.0,Del0.8,0.18
X-4653,TTTY21,252953.0,Del0.8,0.18
X-4653,TTTY21,252953.0,Del0.8,0.18
X-4653,TTTY22,252954.0,Del0.8,0.18
X-4653,TTTY23,252955.0,Del0.8,0.18
X-4653,TTTY23,252955.0,Del0.8,0.18
X-4653,TTTY3,114760.0,Del0.8,0.18
X-4653,TTTY3,114760.0,Del0.8,0.13
X-4653,TTTY4,114761.0,Del0.8,0.1
X-4653,TTTY4,114761.0,Del0.8,0.06
X-4653,TTTY5,83863.0,Del0.8,0.18
X-4653,TTTY6,84672.0,Del0.8,0.18
X-4653,TTTY6,84672.0,Del0.8,0.18
X-4653,TTTY7,246122.0,Del0.8,0.18
X-4653,TTTY7,246122.0,Del0.8,0.18
X-4653,TTTY7B,100101120.0,Del0.8,0.18
X-4653,TTTY7B,100101120.0,Del0.8,0.18
X-4653,TTTY8,84673.0,Del0.8,0.18
X-4653,TTTY8,84673.0,Del0.8,0.18
X-4653,TTTY9A,83864.0,Del0.8,0.18
X-4653,TTTY9A,83864.0,Del0.8,0.18
X-4653,TUBB6,84617.0,Del0.8,0.77
X-4653,TUSC1,286319.0,Del0.8,0.74
X-4653,TWSG1,57045.0,Del0.8,0.73
X-4653,TXK,7294.0,Amp5,6.06
X-4653,TXLNG,55787.0,Del0.8,0.69
X-4653,TXLNG2P,246126.0,Del0.8,0.18
X-4653,TXNDC2,84203.0,Del0.8,0.73
X-4653,TYROBP,7305.0,Amp5,5.94
X-4653,TYRP1,7306.0,Del0.8,0.75
X-4653,U2AF1L4,199746.0,Amp5,5.94
X-4653,UBN1,29855.0,Del0.8,0.77
X-4653,UHRF2,115426.0,Del0.8,0.7
X-4653,UNC13B,10497.0,Del0.8,0.72
X-4653,UPK1A,11045.0,Amp5,5.94
X-4653,UQCRFS1,7386.0,Amp5,6.15
X-4653,URI1,8725.0,Amp5,6.15
X-4653,USF2,7392.0,Amp5,5.94
X-4653,USP32P2,220594.0,Del0.8,0.33
X-4653,USP35,57558.0,MutNovel,"R819W,0.333"
X-4653,USP36,57602.0,MutNovel,"D717N,0.333"
X-4653,USP48,84196.0,MutNovel,"S363F,0.468"
X-4653,USP48,84196.0,MutNovel,"E324D,0.447"
X-4653,USP9Y,8287.0,Del0.8,0.18
X-4653,UTY,7404.0,Del0.8,0.18
X-4653,VAPA,9218.0,Del0.8,0.73
X-4653,VASN,114990.0,Del0.8,0.77
X-4653,VASP,7408.0,Amp8,8.28
X-4653,VCP,7415.0,Del0.8,0.72
X-4653,VCX,26609.0,Del0.8,0.69
X-4653,VCX2,51480.0,Del0.8,0.69
X-4653,VCX3A,51481.0,Del0.8,0.69
X-4653,VCX3B,425054.0,Del0.8,0.68
X-4653,VCY,9084.0,Del0.8,0.18
X-4653,VCY,9084.0,Del0.8,0.18
X-4653,VLDLR,7436.0,Del0.8,0.73
X-4653,VSTM2B,342865.0,Amp5,6.11
X-4653,WDR62,284403.0,Amp5,5.94
X-4653,WDR87,83889.0,Amp5,5.1
X-4653,WHSC1,7468.0,Amp8,9
X-4653,WHSC2,7469.0,Amp8,9
X-4653,WWC3,55841.0,Del0.8,0.68
X-4653,XG,7499.0,Del0.8,0.72
X-4653,XGPY2,100132596.0,Del0.8,0.72
X-4653,XKRY2,353515.0,Del0.8,0.18
X-4653,XKRY2,353515.0,Del0.8,0.18
X-4653,XRCC1,7515.0,Amp5,5.21
X-4653,YIF1B,90522.0,Amp5,5.1
X-4653,YPEL3,83719.0,Amp5,6.19
X-4653,YY2,404281.0,Del0.8,0.71
X-4653,ZAR1,326340.0,Amp5,6.06
X-4653,ZBED1,9189.0,Del0.8,0.72
X-4653,ZBTB32,27033.0,Amp5,5.94
X-4653,ZBTB5,9925.0,Del0.8,0.68
X-4653,ZCWPW2,152098.0,Del0.8,0.73
X-4653,ZDHHC21,340481.0,Del0.8,0.75
X-4653,ZFP112,7771.0,Amp5,5.21
X-4653,ZFP30,22835.0,Amp5,5.78
X-4653,ZFP36,7538.0,Amp5,6.59
X-4653,ZFP82,284406.0,Amp5,5.78
X-4653,ZFY,7544.0,Del0.8,0.26
X-4653,ZFYVE28,57732.0,MutNovel,"G258R,1.000"
X-4653,ZFYVE28,57732.0,Amp5,5.21
X-4653,ZNF138,7697.0,MutNovel,"M98T,0.714"
X-4653,ZNF146,7705.0,Amp5,5.94
X-4653,ZNF155,7711.0,Amp5,5.21
X-4653,ZNF174,7727.0,Del0.8,0.75
X-4653,ZNF180,7733.0,Amp5,5.21
X-4653,ZNF200,7752.0,Del0.8,0.75
X-4653,ZNF205,7755.0,Del0.8,0.75
X-4653,ZNF213,7760.0,Del0.8,0.75
X-4653,ZNF219,51222.0,MutNovel,"QPP233P,1.000"
X-4653,ZNF221,7638.0,Amp5,5.21
X-4653,ZNF222,7673.0,Amp5,5.21
X-4653,ZNF223,7766.0,Amp5,5.21
X-4653,ZNF224,7767.0,Amp5,5.21
X-4653,ZNF225,7768.0,Amp5,5.21
X-4653,ZNF226,7769.0,Amp5,5.21
X-4653,ZNF227,7770.0,Amp5,5.21
X-4653,ZNF229,7772.0,Amp5,5.21
X-4653,ZNF230,7773.0,Amp5,5.21
X-4653,ZNF233,353355.0,Amp5,5.21
X-4653,ZNF234,10780.0,Amp5,5.21
X-4653,ZNF235,9310.0,Amp5,5.21
X-4653,ZNF260,339324.0,Amp5,5.78
X-4653,ZNF263,10127.0,Del0.8,0.75
X-4653,ZNF28,7576.0,MutNovel,"I431V,0.722"
X-4653,ZNF283,284349.0,Amp5,5.21
X-4653,ZNF284,342909.0,Amp5,5.21
X-4653,ZNF285,26974.0,Amp5,5.21
X-4653,ZNF296,162979.0,Amp5,5.21
X-4653,ZNF345,25850.0,Amp5,5.78
X-4653,ZNF382,84911.0,Amp5,5.78
X-4653,ZNF383,163087.0,Amp5,5.78
X-4653,ZNF404,342908.0,Amp5,5.21
X-4653,ZNF420,147923.0,Amp5,5.78
X-4653,ZNF428,126299.0,Amp5,5.21
X-4653,ZNF434,54925.0,Del0.8,0.75
X-4653,ZNF45,7596.0,Amp5,5.21
X-4653,ZNF461,92283.0,Amp5,5.78
X-4653,ZNF48,197407.0,Amp8,13.09
X-4653,ZNF497,162968.0,MutNovel,"G354D,0.500"
X-4653,ZNF500,26048.0,Del0.8,0.77
X-4653,ZNF507,22847.0,Amp5,7.52
X-4653,ZNF526,116115.0,Amp5,5.1
X-4653,ZNF527,84503.0,Amp5,5.78
X-4653,ZNF529,57711.0,Amp5,5.78
X-4653,ZNF536,9745.0,Amp5,6.15
X-4653,ZNF540,163255.0,Amp5,5.78
X-4653,ZNF565,147929.0,Amp5,5.94
X-4653,ZNF566,84924.0,Amp5,5.78
X-4653,ZNF567,163081.0,Amp5,5.78
X-4653,ZNF568,374900.0,Amp5,5.78
X-4653,ZNF569,148266.0,Amp5,5.78
X-4653,ZNF570,148268.0,Amp5,5.78
X-4653,ZNF571,51276.0,Amp5,5.78
X-4653,ZNF573,126231.0,Amp5,5.78
X-4653,ZNF574,64763.0,Amp5,5.1
X-4653,ZNF575,284346.0,Amp5,5.21
X-4653,ZNF576,79177.0,Amp5,5.21
X-4653,ZNF585A,199704.0,Amp5,5.78
X-4653,ZNF585B,92285.0,Amp5,5.78
X-4653,ZNF607,84775.0,Amp5,5.78
X-4653,ZNF645,158506.0,Del0.8,0.71
X-4653,ZNF75A,7627.0,Del0.8,0.75
X-4653,ZNF771,51333.0,Amp8,13.09
X-4653,ZNF781,163115.0,Amp5,5.78
X-4653,ZNF790,388536.0,Amp5,5.78
X-4653,ZNF793,390927.0,Amp5,5.78
X-4653,ZNF829,374899.0,Amp5,5.78
X-4653,ZNF850,342892.0,Amp5,5.78
X-4653,ZRSR2,8233.0,Del0.8,0.69
X-4653,ZSCAN10,84891.0,Del0.8,0.75
X-1169,A1BG,1.0,Amp8,11.39
X-1169,A1BG-AS1,503538.0,Amp8,11.39
X-1169,AASDH,132949.0,MutNovel,"F582V,0.524"
X-1169,ABCA5,23461.0,MutNovel,"T642I,0.783"
X-1169,ACADM,34.0,MutNovel,"F325C,0.316"
X-1169,ACSF3,197322.0,MutNovel,"K566T,0.972"
X-1169,ACTN4,81.0,Amp5,7.89
X-1169,ACY3,91703.0,Amp8,8.17
X-1169,ADCK4,79934.0,Amp5,5.9
X-1169,ADCK5,203054.0,MutNovel,"D360E,0.437"
X-1169,ADD3,120.0,MutNovel,"C228Y,1.000"
X-1169,AFTPH,54812.0,MutNovel,"S778F,0.483"
X-1169,AGAP8,728404.0,MutNovel,"R610C,0.750"
X-1169,AHI1,54806.0,MutNovel,"R710T,0.880"
X-1169,AIM1L,55057.0,MutNovel,"R790C,0.625"
X-1169,AIM1L,55057.0,MutNovel,"D539A,1.000"
X-1169,AIM2,9447.0,MutKnownFunctional,"-343?,0.381"
X-1169,AIP,9049.0,Amp8,12.73
X-1169,AKT2,208.0,Amp5,5.9
X-1169,ALDH3B1,221.0,Amp8,8.17
X-1169,ALDH3B2,222.0,Amp8,8.17
X-1169,ALDH4A1,8659.0,MutNovel,"W295S,0.500"
X-1169,ANKRD65,441869.0,MutNovel,"G200V,0.550"
X-1169,ANKRD65,441869.0,MutNovel,"R129H,0.500"
X-1169,ANO1,55107.0,Amp8,11
X-1169,AP1M2,10053.0,MutNovel,"M395I,0.578"
X-1169,ARAP1,116985.0,Amp5,5.74
X-1169,ARAP3,64411.0,MutNovel,"R590Q,0.525"
X-1169,ARHGEF17,9828.0,MutNovel,"R479C,0.607"
X-1169,ARHGEF18,23370.0,MutNovel,"A1015T,0.267"
X-1169,ARHGEF40,55701.0,MutNovel,"K650E,0.714"
X-1169,ARVCF,421.0,MutNovel,"L463R,0.500"
X-1169,ATAD3A,55210.0,MutNovel,"W110R,0.375"
X-1169,ATG16L2,89849.0,Amp5,5.74
X-1169,AURKC,6795.0,Amp8,11.24
X-1169,BIRC8,112401.0,Amp5,6.15
X-1169,BLVRB,645.0,Amp5,5.9
X-1169,BRPF1,7862.0,MutNovel,"T968A,0.634"
X-1169,BRSK1,84446.0,Amp5,5.43
X-1169,C11orf24,53838.0,Amp8,8.17
X-1169,C19orf18,147685.0,Amp8,11.24
X-1169,C19orf33,64073.0,Amp5,5.5
X-1169,C19orf47,126526.0,Amp5,5.9
X-1169,C19orf54,284325.0,Amp5,5.9
X-1169,C19orf66,55337.0,MutNovel,"R75Q,0.772"
X-1169,C1orf135,79000.0,MutNovel,"L39F,0.375"
X-1169,C2CD4C,126567.0,MutNovel,"T300M,0.800"
X-1169,C2orf16,84226.0,MutNovel,"RH1773SN,0.667"
X-1169,C2orf54,79919.0,MutNovel,"R28Q,0.607"
X-1169,CABP2,51475.0,Amp8,12.73
X-1169,CABP4,57010.0,Amp5,5.13
X-1169,CANX,821.0,MutNovel,"E19K,0.506"
X-1169,CAPN12,147968.0,Amp5,7.89
X-1169,CATSPERG,57828.0,Amp5,5.5
X-1169,CBWD1,55871.0,MutNovel,"C110Y,0.609"
X-1169,CCDC106,29903.0,Amp5,5.43
X-1169,CCDC88A,55704.0,MutNovel,"E594D,0.500"
X-1169,CCND1,595.0,Amp8,11
X-1169,CCNI,10983.0,MutNovel,"A203T,0.505"
X-1169,CDC42EP5,148170.0,Amp5,6.92
X-1169,CDH24,64403.0,MutNovel,"A364T,0.205"
X-1169,CDK13,8621.0,MutNovel,"F856C,0.593"
X-1169,CDK2AP2,10263.0,Amp8,12.73
X-1169,CDKN2A,1029.0,MutNovel,"V59E,0.823"
X-1169,CEP78,84131.0,MutNovel,"E474D,0.692"
X-1169,CFHR1,3078.0,Amp5,5.62
X-1169,CFHR3,10878.0,Amp5,5.98
X-1169,CGB8,94115.0,MutNovel,"R30H,0.238"
X-1169,CGB8,94115.0,MutNovel,"K22R,0.222"
X-1169,CHEK2,11200.0,MutNovel,"R389G,0.449"
X-1169,CHKA,1119.0,Amp8,8.17
X-1169,CHMP2A,27243.0,Amp8,12.04
X-1169,CLASRP,11129.0,MutNovel,"I100T,0.829"
X-1169,CLC,1178.0,Amp5,5.9
X-1169,CLPB,81570.0,Amp5,5.74
X-1169,CNOT1,23019.0,MutNovel,"R2311W,0.292"
X-1169,CNTD2,79935.0,Amp5,5.9
X-1169,COL22A1,169044.0,MutNovel,"P1449L,1.000"
X-1169,COX6B2,125965.0,Amp5,5.43
X-1169,CPT1A,1374.0,Amp8,11
X-1169,CTSE,1510.0,MutNovel,"A17T,0.857"
X-1169,CTTN,2017.0,Amp5,5.74
X-1169,CXorf38,159013.0,MutNovel,"P105S,1.000"
X-1169,CYP2A13,1553.0,Amp5,5.9
X-1169,CYP2A6,1548.0,Amp5,5.9
X-1169,CYP2A7,1549.0,Amp5,5.9
X-1169,CYP2B6,1555.0,Amp5,5.9
X-1169,CYP2B7P1,1556.0,Amp5,5.9
X-1169,CYP2G1P,22952.0,Amp5,5.9
X-1169,DDAH1,23576.0,MutNovel,"V166A,0.667"
X-1169,DDB2,1643.0,MutNovel,"R47K,0.640"
X-1169,DEFB108B,245911.0,Amp5,5.74
X-1169,DENND4B,9909.0,MutNovel,"QQQ908-,0.593"
X-1169,DHCR7,1717.0,Amp5,5.74
X-1169,DLG3,1741.0,MutNovel,"I388L,1.000"
X-1169,DLL3,10683.0,Amp5,5.9
X-1169,DNAJA4,55466.0,MutNovel,"K102R,0.594"
X-1169,DNAJC1,64215.0,MutNovel,"I242T,0.730"
X-1169,DNAJC2,27000.0,MutNovel,"F164V,0.548"
X-1169,DOC2GP,390213.0,Amp8,8.17
X-1169,DPF1,8193.0,Amp5,5.5
X-1169,DPP7,29952.0,MutNovel,"A187T,0.309"
X-1169,DPP9,91039.0,MutNovel,"E364V,0.679"
X-1169,DPRX,503834.0,Amp5,6.15
X-1169,DUOXA2,405753.0,MutNovel,"F90L,0.353"
X-1169,DUOXA2,405753.0,MutNovel,"N109H,0.211"
X-1169,DUXA,503835.0,Amp8,11.24
X-1169,DVL1,1855.0,MutNovel,"W363C,0.448"
X-1169,DYRK1B,9149.0,Amp5,5.9
X-1169,ECH1,1891.0,Amp5,7.89
X-1169,EFCAB4B,84766.0,MutNovel,"S554F,0.375"
X-1169,EGLN2,112398.0,Amp5,5.9
X-1169,EID2,163126.0,Amp5,5.9
X-1169,EID2B,126272.0,Amp5,5.9
X-1169,EIF3K,27335.0,Amp5,5.5
X-1169,EIF4G1,1981.0,MutNovel,"G693C,0.297"
X-1169,EMD,2010.0,MutNovel,"N91K,1.000"
X-1169,EPB41L5,57669.0,MutNovel,"D51V,0.422"
X-1169,EPN1,29924.0,Amp5,5.43
X-1169,EPS8L1,54869.0,MutNovel,"L333M,0.907"
X-1169,EPS8L1,54869.0,Amp5,5.43
X-1169,ERBB3,2065.0,MutNovel,"E332K,0.481"
X-1169,ERCC2,2068.0,MutNovel,"E86Q,0.828"
X-1169,ERF,2077.0,MutNovel,"P335S,0.828"
X-1169,ERI1,90459.0,MutNovel,"R23L,0.233"
X-1169,FADD,8772.0,Amp8,11
X-1169,FAM171B,165215.0,MutNovel,"-50Q,0.455"
X-1169,FAM71E2,284418.0,Amp5,5.43
X-1169,FAM72D,728833.0,MutNovel,"A52T,0.429"
X-1169,FAM83B,222584.0,MutNovel,"Q479K,0.795"
X-1169,FAM83H,286077.0,MutNovel,"G599GTTA,0.219"
X-1169,FAM86C1,55199.0,Amp5,5.74
X-1169,FAM86C2P,645332.0,Amp8,8.17
X-1169,FAM98C,147965.0,Amp5,5.5
X-1169,FBL,2091.0,Amp5,5.9
X-1169,FBXO17,115290.0,Amp5,7.89
X-1169,FBXO22,26263.0,MutNovel,"E9K,0.517"
X-1169,FBXO27,126433.0,Amp5,7.89
X-1169,FCAR,2204.0,Amp5,6.92
X-1169,FCGBP,8857.0,Amp5,5.9
X-1169,FGF19,9965.0,Amp8,11
X-1169,FGF3,2248.0,Amp8,11
X-1169,FGF4,2249.0,Amp8,11
X-1169,FIGN,55137.0,MutNovel,"L275M,1.000"
X-1169,FIGNL1,63979.0,MutKnownFunctional,"-507,0.408"
X-1169,FIZ1,84922.0,Amp5,5.43
X-1169,FKBP1AP1,2282.0,Amp8,11.24
X-1169,FLJ42102,399923.0,Amp5,5.74
X-1169,FOLR1,2348.0,Amp5,5.74
X-1169,FOLR2,2350.0,Amp5,5.74
X-1169,FOLR3,2352.0,Amp5,5.74
X-1169,FTO,79068.0,MutKnownFunctional,"Y106*,0.286"
X-1169,FXN,2395.0,MutNovel,"T119M,0.680"
X-1169,GAL,51083.0,Amp8,11
X-1169,GALNT5,11227.0,MutNovel,"H131Q,0.935"
X-1169,GALP,85569.0,Amp5,5.24
X-1169,GAS6,2621.0,MutNovel,"L188F,0.453"
X-1169,GCSH,2653.0,MutNovel,"A18V,0.333"
X-1169,GGN,199720.0,Amp5,5.5
X-1169,GIGYF2,26058.0,MutNovel,"PQ1231P,0.725"
X-1169,GIN1,54826.0,MutNovel,"N260S,0.533"
X-1169,GLB1,2720.0,MutNovel,"L379F,0.667"
X-1169,GMFG,9535.0,Amp5,5.9
X-1169,GP6,51206.0,Amp5,5.43
X-1169,GRSF1,2926.0,MutNovel,"A88V,0.552"
X-1169,GSTP1,2950.0,Amp8,8.17
X-1169,GSTT1,2952.0,Amp5,6.73
X-1169,GSTTP1,25774.0,Amp5,6.73
X-1169,HDAC11,79885.0,MutNovel,"E94K,0.698"
X-1169,HIPK4,147746.0,Amp5,5.9
X-1169,HLA-B,3106.0,MutNovel,"A235T,0.373"
X-1169,HLA-H,3136.0,Del0.8,0.68
X-1169,HN1L,90861.0,MutNovel,"I71N,0.317"
X-1169,HNRNPL,3191.0,Amp5,7.89
X-1169,HRAS,3265.0,MutNovel,"P167S,0.274"
X-1169,HRAS,3265.0,MutKnownFunctional,"Q61R,0.835"
X-1169,HRNR,388697.0,MutNovel,"H2628R,1.000"
X-1169,HRNR,388697.0,MutNovel,"R1704Q,0.545"
X-1169,HSPBP1,23640.0,Amp5,5.43
X-1169,IGF2R,3482.0,MutNovel,"E525K,0.783"
X-1169,IGFN1,91156.0,MutNovel,"G2346V,0.960"
X-1169,IGHMBP2,3508.0,Amp8,11
X-1169,IL11,3589.0,Amp5,5.43
X-1169,IL17RC,84818.0,MutNovel,"ACFDRLL703A,0.452"
X-1169,IL18BP,10068.0,Amp5,5.74
X-1169,IL28A,282616.0,Amp5,5.9
X-1169,IL28B,282617.0,Amp5,5.9
X-1169,IL29,282618.0,Amp5,5.9
X-1169,INCENP,3619.0,MutNovel,"S202L,0.508"
X-1169,INF2,64423.0,MutNovel,"C484Y,0.756"
X-1169,INPPL1,3636.0,Amp5,5.74
X-1169,IP6K2,51447.0,MutNovel,"S18F,0.260"
X-1169,IQGAP3,128239.0,MutNovel,"S1050N,0.437"
X-1169,IREB2,3658.0,MutNovel,"I542L,0.603"
X-1169,ISOC2,79763.0,Amp5,5.43
X-1169,ITPKC,80271.0,Amp5,5.9
X-1169,KANSL1L,,MutNovel,"F45S,0.533"
X-1169,KAT2A,2648.0,MutNovel,"R790L,0.358"
X-1169,KCNK6,9424.0,Amp5,5.5
X-1169,KDM3B,51780.0,MutNovel,"A5T,0.692"
X-1169,KHK,3795.0,MutNovel,"G271E,0.714"
X-1169,KHNYN,23351.0,MutNovel,"TFV567M,0.214"
X-1169,KIF3A,11127.0,MutNovel,"I345S,0.552"
X-1169,KIR2DL1,3802.0,Amp5,6.92
X-1169,KIR2DL3,3804.0,Amp5,6.92
X-1169,KIR2DL4,3805.0,Amp5,6.92
X-1169,KIR2DS4,3809.0,Amp5,6.92
X-1169,KIR3DL1,3811.0,Amp5,6.92
X-1169,KIR3DL2,3812.0,Amp5,6.92
X-1169,KIR3DL3,115653.0,Amp5,6.92
X-1169,KIR3DX1,90011.0,Amp5,6.92
X-1169,KRT10,3858.0,MutNovel,"HGGG487-,0.632"
X-1169,KRT12,3859.0,MutNovel,"T245A,1.000"
X-1169,KRT6C,286887.0,MutNovel,"Y497L,0.273"
X-1169,KRT6C,286887.0,MutNovel,"DL248EF,0.375"
X-1169,KRT6C,286887.0,MutNovel,"A87G,0.417"
X-1169,KRT6C,286887.0,MutNovel,"G43C,0.333"
X-1169,KRT75,9119.0,MutNovel,"I440T,1.000"
X-1169,KRT84,3890.0,MutNovel,"K359Q,1.000"
X-1169,KRT9,3857.0,MutNovel,"G124A,1.000"
X-1169,KRTAP5-10,387273.0,Amp5,5.74
X-1169,KRTAP5-11,440051.0,Amp5,5.74
X-1169,KRTAP5-7,440050.0,Amp5,5.74
X-1169,KRTAP5-8,57830.0,Amp5,5.74
X-1169,KRTAP5-9,3846.0,Amp5,5.74
X-1169,LAIR2,3904.0,Amp5,6.92
X-1169,LAMTOR1,55004.0,Amp5,5.74
X-1169,LENG8,114823.0,Amp5,6.92
X-1169,LENG9,94059.0,Amp5,6.92
X-1169,LEUTX,342900.0,Amp5,5.9
X-1169,LGALS13,29124.0,Amp5,5.9
X-1169,LGALS14,56891.0,Amp5,5.9
X-1169,LGALS16,148003.0,Amp5,5.9
X-1169,LGALS17A,400696.0,Amp5,5.9
X-1169,LGALS4,3960.0,Amp5,7.89
X-1169,LGALS7,3963.0,Amp5,7.89
X-1169,LGALS7B,653499.0,Amp5,7.89
X-1169,LILRA1,11024.0,Amp5,6.92
X-1169,LILRA2,11027.0,Amp5,6.92
X-1169,LILRB1,10859.0,Amp5,6.92
X-1169,LILRB4,11006.0,Amp5,6.92
X-1169,LILRP2,79166.0,Amp5,6.92
X-1169,LINS,55180.0,MutNovel,"P427S,0.412"
X-1169,LMNB2,84823.0,MutNovel,"A19T,0.367"
X-1169,LOC100128398,100128398.0,Amp5,5.17
X-1169,LOC100129216,100129216.0,Amp5,5.74
X-1169,LOC100129935,100129935.0,Amp5,5.9
X-1169,LOC100131691,100131691.0,Amp5,5.82
X-1169,LOC100133315,100133315.0,Amp5,5.74
X-1169,LOC100631378,100631378.0,Amp5,5.5
X-1169,LOC147670,147670.0,Amp5,6.96
X-1169,LOC284379,284379.0,Amp5,6.15
X-1169,LOC386758,386758.0,Amp5,5.24
X-1169,LOC391322,391322.0,Amp5,6.73
X-1169,LOC643669,643669.0,Amp5,7.89
X-1169,LOC644554,644554.0,Amp5,5.5
X-1169,LOC646862,646862.0,Amp8,11.39
X-1169,LRFN1,57622.0,Amp5,5.9
X-1169,LRP11,84918.0,MutNovel,"L186F,0.202"
X-1169,LRP5,4041.0,Amp8,8.17
X-1169,LRRFIP1,9208.0,MutNovel,"A226T,0.528"
X-1169,LRTOMT,220074.0,Amp5,5.74
X-1169,LSR,51599.0,MutNovel,"G518GR,0.853"
X-1169,LTBP4,8425.0,MutNovel,"S812L,0.903"
X-1169,LTBP4,8425.0,Amp5,5.9
X-1169,LUZP1,7798.0,MutKnownFunctional,"-400,0.442"
X-1169,MAP3K10,4294.0,Amp5,5.9
X-1169,MAP3K12,7786.0,MutNovel,"E621D,0.658"
X-1169,MAP3K4,4216.0,MutNovel,"PA1189P,0.727"
X-1169,MAP4K1,11184.0,Amp5,5.5
X-1169,MAPK11,5600.0,MutNovel,"T333M,0.540"
X-1169,MCF2L,23263.0,MutNovel,"V104M,0.500"
X-1169,MECOM,2122.0,MutNovel,"R924K,0.741"
X-1169,MED29,55588.0,Amp5,5.9
X-1169,MGA,23269.0,MutNovel,"Q705L,0.375"
X-1169,MIA,8190.0,Amp5,5.9
X-1169,MIA-RAB4B,100529262.0,Amp5,5.9
X-1169,MIMT1,100073347.0,Amp5,6.96
X-1169,MIR1283-1,100302265.0,Amp5,6.15
X-1169,MIR1283-2,100302205.0,Amp5,6.15
X-1169,MIR1323,100302255.0,Amp5,6.15
X-1169,MIR139,406931.0,Amp5,5.74
X-1169,MIR3165,100422953.0,Amp5,5.74
X-1169,MIR3664,100500844.0,Amp5,5.74
X-1169,MIR371A,442916.0,Amp5,6.15
X-1169,MIR371B,100616185.0,Amp5,6.15
X-1169,MIR373,442918.0,Amp5,6.15
X-1169,MIR4530,100616163.0,Amp5,5.9
X-1169,MIR4691,100616403.0,Amp8,8.17
X-1169,MIR4692,100616410.0,Amp5,5.74
X-1169,MIR4754,100616168.0,Amp8,11.39
X-1169,MIR498,574460.0,Amp5,6.15
X-1169,MIR512-2,574459.0,Amp5,6.15
X-1169,MIR515-1,574462.0,Amp5,6.15
X-1169,MIR516A1,574498.0,Amp5,6.15
X-1169,MIR516A2,574499.0,Amp5,6.15
X-1169,MIR516B1,574490.0,Amp5,6.15
X-1169,MIR516B2,574485.0,Amp5,6.15
X-1169,MIR517A,574479.0,Amp5,6.15
X-1169,MIR517B,574483.0,Amp5,6.15
X-1169,MIR517C,574492.0,Amp5,6.15
X-1169,MIR518A1,574488.0,Amp5,6.15
X-1169,MIR518A2,574491.0,Amp5,6.15
X-1169,MIR518B,574474.0,Amp5,6.15
X-1169,MIR518C,574477.0,Amp5,6.15
X-1169,MIR518D,574489.0,Amp5,6.15
X-1169,MIR518E,574487.0,Amp5,6.15
X-1169,MIR518F,574472.0,Amp5,6.15
X-1169,MIR519A1,574496.0,Amp5,6.15
X-1169,MIR519A2,574500.0,Amp5,6.15
X-1169,MIR519B,574469.0,Amp5,6.15
X-1169,MIR519C,574466.0,Amp5,6.15
X-1169,MIR519D,574480.0,Amp5,6.15
X-1169,MIR519E,574463.0,Amp5,6.15
X-1169,MIR520A,574467.0,Amp5,6.15
X-1169,MIR520B,574473.0,Amp5,6.15
X-1169,MIR520C,574476.0,Amp5,6.15
X-1169,MIR520D,574482.0,Amp5,6.15
X-1169,MIR520E,574461.0,Amp5,6.15
X-1169,MIR520F,574464.0,Amp5,6.15
X-1169,MIR520G,574484.0,Amp5,6.15
X-1169,MIR520H,574493.0,Amp5,6.15
X-1169,MIR521-1,574494.0,Amp5,6.15
X-1169,MIR521-2,574481.0,Amp5,6.15
X-1169,MIR522,574495.0,Amp5,6.15
X-1169,MIR523,574471.0,Amp5,6.15
X-1169,MIR524,574478.0,Amp5,6.15
X-1169,MIR525,574470.0,Amp5,6.15
X-1169,MIR526A1,574475.0,Amp5,6.15
X-1169,MIR526A2,574486.0,Amp5,6.15
X-1169,MIR526B,574468.0,Amp5,6.15
X-1169,MIR527,574497.0,Amp5,6.15
X-1169,MIR548K,100313770.0,Amp8,11
X-1169,MIR641,693226.0,Amp5,5.9
X-1169,MLL3,58508.0,MutNovel,"G4179V,0.472"
X-1169,MNAT1,4331.0,MutNovel,"M122V,0.271"
X-1169,MPHOSPH10,10199.0,MutNovel,"R24G,0.507"
X-1169,MRGPRD,116512.0,Amp8,11
X-1169,MRGPRF,116535.0,Amp8,11
X-1169,MRPL21,219927.0,Amp8,11
X-1169,MRPS12,6183.0,Amp5,7.89
X-1169,MSH2,4436.0,MutLikelyFunctional,"G322D,0.431"
X-1169,MTL5,9633.0,Amp8,11
X-1169,MUC1,4582.0,MutNovel,"G205S,0.210"
X-1169,MUC5AC,,MutNovel,"L701V,0.750"
X-1169,MYCBP2,23077.0,MutNovel,"F3957L,0.375"
X-1169,MYEOV,26579.0,Amp8,11
X-1169,MZF1,7593.0,MutNovel,"P170H,0.454"
X-1169,MZF1,7593.0,Amp5,5.82
X-1169,NADSYN1,55191.0,Amp5,5.74
X-1169,NANOS1,340719.0,MutNovel,"P34T,1.000"
X-1169,NAT14,57106.0,Amp5,5.43
X-1169,NBPF14,25832.0,MutNovel,"E513K,1.000"
X-1169,NCCRP1,342897.0,Amp5,5.9
X-1169,NCOR2,9612.0,MutNovel,"G1839GAAA,0.432"
X-1169,NCR1,9437.0,Amp5,6.92
X-1169,NDUFS8,4728.0,Amp8,8.17
X-1169,NDUFV1,4723.0,Amp8,8.17
X-1169,NFKBIB,4793.0,Amp5,7.89
X-1169,NLRP11,204801.0,Amp5,6.41
X-1169,NLRP13,126204.0,Amp5,5.24
X-1169,NLRP2,55655.0,Amp5,5.43
X-1169,NLRP4,147945.0,Amp5,5.24
X-1169,NLRP5,126206.0,Amp5,5.24
X-1169,NLRP7,199713.0,Amp5,6.11
X-1169,NLRP8,126205.0,Amp5,5.24
X-1169,NLRP9,338321.0,Amp5,5.43
X-1169,NPHP3,27031.0,MutNovel,"L418R,0.333"
X-1169,NR1D1,9572.0,MutNovel,"C48Y,0.413"
X-1169,NUDC,10726.0,MutNovel,"R71P,0.562"
X-1169,NUDT8,254552.0,Amp8,8.17
X-1169,NUMA1,4926.0,Amp5,5.74
X-1169,NUMBL,9253.0,Amp5,5.9
X-1169,NUSAP1,51203.0,MutNovel,"S285L,0.378"
X-1169,ODZ3,55714.0,MutNovel,"Q731K,1.000"
X-1169,OR2T10,127069.0,Amp5,5.03
X-1169,OR2T29,343563.0,Amp5,5.03
X-1169,OR2T34,127068.0,Amp5,5.03
X-1169,OR52N5,390075.0,Del0.8,0.7
X-1169,ORAI1,84876.0,MutNovel,"PP43-,0.667"
X-1169,ORAOV1,220064.0,Amp8,11
X-1169,OSMR,9180.0,MutNovel,"P593S,0.349"
X-1169,OVOS,,MutNovel,"V1113M,0.286"
X-1169,PAF1,54623.0,Amp5,5.9
X-1169,PAK4,10298.0,Amp5,7.89
X-1169,PAPL,390928.0,Amp5,7.89
X-1169,PCDHB10,56126.0,MutNovel,"E611K,0.750"
X-1169,PDE2A,5138.0,Amp5,5.74
X-1169,PEG3,5178.0,Amp5,6.96
X-1169,PEG3-AS1,100169890.0,Amp5,6.96
X-1169,PELO,53918.0,MutNovel,"E304Q,0.500"
X-1169,PHF8,23133.0,MutNovel,"T122M,1.000"
X-1169,PHLDA1,22822.0,MutNovel,"QQ194Q,0.528"
X-1169,PHOX2A,401.0,Amp5,5.74
X-1169,PIK3C2A,5286.0,MutKnownFunctional,"-275,0.667"
X-1169,PIP5K1A,8394.0,MutNovel,"S11L,0.513"
X-1169,PITPNM1,9600.0,Amp8,12.73
X-1169,PKD1,5310.0,MutNovel,"I3367V,0.227"
X-1169,PLA2G15,23659.0,MutNovel,"F223V,0.444"
X-1169,PLD1,5337.0,MutNovel,"D648Y,0.218"
X-1169,PLD3,23646.0,Amp5,5.9
X-1169,PLEKHG2,64857.0,Amp5,5.9
X-1169,POLG2,11232.0,MutNovel,"A150V,0.348"
X-1169,POLQ,10721.0,MutNovel,"E2429K,0.286"
X-1169,POM121,9883.0,MutNovel,"A593T,0.250"
X-1169,POM121,9883.0,MutNovel,"Y756H,0.250"
X-1169,PPFIA1,8500.0,Amp5,7.94
X-1169,PPP1R12C,54776.0,Amp5,5.43
X-1169,PPP1R14A,94274.0,Amp5,5.5
X-1169,PPP6R1,22870.0,Amp5,5.43
X-1169,PPP6R3,55291.0,Amp8,9.45
X-1169,PRB1,5542.0,MutNovel,"R149Q,1.000"
X-1169,PRB2,653247.0,MutNovel,"R109Q,0.273"
X-1169,PRKAB1,5564.0,MutKnownFunctional,"Y125*,0.213"
X-1169,PRKCA,5578.0,MutNovel,"F49L,0.235"
X-1169,PRPF38B,55119.0,MutNovel,"R447Q,0.282"
X-1169,PRX,57716.0,Amp5,5.9
X-1169,PSMC1,5700.0,MutNovel,"Q242H,0.218"
X-1169,PSMC4,5704.0,Amp5,5.9
X-1169,PSMD8,5714.0,Amp5,5.5
X-1169,PTK2,5747.0,MutNovel,"S465N,0.511"
X-1169,PTPRH,5794.0,Amp5,5.43
X-1169,PUM2,23369.0,MutNovel,"I663L,0.578"
X-1169,QRSL1,55278.0,MutNovel,"N338S,0.209"
X-1169,RAB33B,83452.0,MutNovel,"A22V,0.320"
X-1169,RAB4B,53916.0,Amp5,5.9
X-1169,RAB4B-EGLN2,100529264.0,Amp5,5.9
X-1169,RABL2B,11158.0,MutNovel,"S85I,0.491"
X-1169,RABL6,,MutNovel,"C246G,0.800"
X-1169,RASGRP4,115727.0,Amp5,5.5
X-1169,RASIP1,54922.0,MutNovel,"G743R,1.000"
X-1169,RCCD1,91433.0,MutNovel,"Q19H,0.625"
X-1169,RCCD1,91433.0,MutNovel,"E93Q,0.385"
X-1169,RDH13,112724.0,Amp5,5.43
X-1169,REEP6,92840.0,MutNovel,"L120P,0.298"
X-1169,RFPL4A,342931.0,Amp5,5.43
X-1169,RHD,6007.0,Del0.8,0.51
X-1169,RHOBTB3,22836.0,MutNovel,"EGIQL160V,0.288"
X-1169,RIN3,79890.0,MutNovel,"G967-,0.417"
X-1169,RINL,126432.0,Amp5,7.89
X-1169,RNASEL,6041.0,MutNovel,"L430F,0.403"
X-1169,RNF121,55298.0,Amp5,5.74
X-1169,RPL28,6158.0,Amp5,5.43
X-1169,RPS16,6217.0,Amp5,5.9
X-1169,RPS5,6193.0,Amp8,11.39
X-1169,RTN3,10313.0,MutNovel,"K746N,0.857"
X-1169,RYR1,6261.0,Amp5,5.5
X-1169,S100A7A,338324.0,MutNovel,"G25D,0.778"
X-1169,S100A7A,338324.0,MutNovel,"E28D,0.909"
X-1169,S100A7A,338324.0,MutNovel,"I52T,0.750"
X-1169,SAMD4B,55095.0,Amp5,5.9
X-1169,SARS2,54938.0,Amp5,7.89
X-1169,SASH1,23328.0,MutNovel,"E732Q,0.479"
X-1169,SBK2,646643.0,Amp5,5.43
X-1169,SBNO1,55206.0,MutNovel,"D30N,0.760"
X-1169,SCARB2,950.0,MutNovel,"P88L,0.460"
X-1169,SCUBE2,57758.0,MutNovel,"L25P,1.000"
X-1169,SCUBE2,57758.0,MutNovel,"LP22P,0.750"
X-1169,SELV,348303.0,Amp5,5.9
X-1169,SERHL2,253190.0,MutNovel,"H168Q,0.750"
X-1169,SERINC2,347735.0,MutNovel,"-373Q,0.772"
X-1169,SERTAD1,29950.0,Amp5,5.9
X-1169,SERTAD3,29946.0,Amp5,5.9
X-1169,SGK110,100130827.0,Amp5,5.43
X-1169,SHANK2,22941.0,Amp5,5.74
X-1169,SHISA7,729956.0,Amp5,5.43
X-1169,SHKBP1,92799.0,Amp5,5.9
X-1169,SIPA1L3,23094.0,Amp5,5.5
X-1169,SIRT2,22933.0,Amp5,7.89
X-1169,SLC10A6,345274.0,MutNovel,"P360T,0.500"
X-1169,SLC25A12,8604.0,MutNovel,"R414W,0.528"
X-1169,SLC27A5,10998.0,Amp8,12.04
X-1169,SLC30A1,7779.0,MutKnownFunctional,"-233?,0.643"
X-1169,SMC2,10592.0,MutNovel,"H660P,0.633"
X-1169,SMC3,9126.0,MutNovel,"M718I,1.000"
X-1169,SMG5,23381.0,MutNovel,"R753W,0.368"
X-1169,SNRPA,6626.0,Amp5,5.9
X-1169,SPINT2,10653.0,Amp5,5.5
X-1169,SPRED3,399473.0,Amp5,5.5
X-1169,SPRR2F,6705.0,MutNovel,"P38S,0.333"
X-1169,SPTBN4,57731.0,Amp5,5.9
X-1169,SSC5D,284297.0,Amp5,5.43
X-1169,ST3GAL2,6483.0,MutNovel,"R142C,0.400"
X-1169,STARD10,10809.0,Amp5,5.74
X-1169,SUPT5H,6829.0,Amp5,5.9
X-1169,SUV420H1,51111.0,Amp8,8.17
X-1169,SUV420H2,84787.0,Amp5,5.43
X-1169,SYCN,342898.0,Amp5,5.9
X-1169,SYT5,6861.0,Amp5,5.43
X-1169,TACC1,6867.0,MutNovel,"E556K,0.477"
X-1169,TBP,6908.0,MutNovel,"-64Q,0.314"
X-1169,TBRG4,9238.0,MutNovel,"P68L,0.497"
X-1169,TBX10,347853.0,Amp8,8.17
X-1169,TCF19,6941.0,MutNovel,"S226C,0.568"
X-1169,TCIRG1,10312.0,Amp8,8.17
X-1169,TEP1,7011.0,MutNovel,"R505Q,0.391"
X-1169,TET3,200424.0,MutNovel,"I464F,0.439"
X-1169,THAP11,57215.0,MutNovel,"E87Q,0.350"
X-1169,TIMELESS,8914.0,MutKnownFunctional,"E1178*,0.405"
X-1169,TIMM50,92609.0,Amp5,5.9
X-1169,TJP3,27134.0,MutNovel,"P127T,0.689"
X-1169,TLE4,7091.0,MutNovel,"V591I,0.286"
X-1169,TMEM134,80194.0,Amp8,12.73
X-1169,TMEM150B,284417.0,Amp5,5.43
X-1169,TMEM184A,202915.0,MutNovel,"G392GA,0.829"
X-1169,TMEM190,147744.0,Amp5,5.43
X-1169,TMEM238,388564.0,Amp5,5.43
X-1169,TMEM86B,255043.0,Amp5,5.43
X-1169,TNC,3371.0,MutNovel,"N166S,0.300"
X-1169,TNNI3,7137.0,Amp5,5.43
X-1169,TNNT1,7138.0,Amp5,5.43
X-1169,TNPO1,3842.0,MutNovel,"L325V,0.628"
X-1169,TP53,7157.0,MutNovel,"R248G,0.733"
X-1169,TPCN2,219931.0,Amp8,11
X-1169,TRA2A,29896.0,MutNovel,"R15H,0.247"
X-1169,TRAPPC2P1,10597.0,Amp8,11.24
X-1169,TRIM21,6737.0,MutNovel,"Q198H,0.415"
X-1169,TRIM28,10155.0,Amp8,12.04
X-1169,TRIM45,80263.0,MutNovel,"R127S,0.441"
X-1169,TRPV6,55503.0,MutNovel,"R699W,0.533"
X-1169,TSPYL1,7259.0,MutNovel,"V176VW,0.912"
X-1169,TTC33,23548.0,MutNovel,"T251K,0.346"
X-1169,TTC9B,148014.0,Amp5,5.9
X-1169,TTLL4,9654.0,MutNovel,"S251P,0.605"
X-1169,TTYH1,57348.0,Amp5,6.92
X-1169,U2AF2,11338.0,Amp5,5.43
X-1169,UBE2M,9040.0,Amp8,12.04
X-1169,UBE2S,27338.0,Amp5,5.43
X-1169,UBE3B,89910.0,MutNovel,"R1016W,0.512"
X-1169,UBR2,23304.0,MutNovel,"N746K,0.604"
X-1169,UGT2B17,7367.0,Del0.8,0.66
X-1169,UNC93B1,81622.0,Amp8,8.17
X-1169,USP29,57663.0,Amp8,11.24
X-1169,USP36,57602.0,MutNovel,"KKK958K,0.489"
X-1169,UTY,7404.0,MutNovel,"QA1050RL,1.000"
X-1169,UTY,7404.0,MutNovel,"Q1050K,1.000"
X-1169,UTY,7404.0,MutNovel,"V1048H,1.000"
X-1169,UTY,7404.0,MutKnownFunctional,"FV1040**,0.667"
X-1169,UTY,7404.0,MutNovel,"P1010L,0.286"
X-1169,UTY,7404.0,MutNovel,"P968S,0.462"
X-1169,UTY,7404.0,MutNovel,"RP966SV,0.538"
X-1169,UTY,7404.0,MutNovel,"P965V,0.500"
X-1169,UTY,7404.0,MutNovel,"P964N,0.400"
X-1169,UTY,7404.0,MutNovel,"PP963IT,0.467"
X-1169,UTY,7404.0,MutNovel,"C962S,0.462"
X-1169,UTY,7404.0,MutNovel,"C962S,0.538"
X-1169,UTY,7404.0,MutNovel,"Q542K,0.462"
X-1169,UTY,7404.0,MutKnownFunctional,"Q510*,0.308"
X-1169,UTY,7404.0,MutNovel,"P508L,0.250"
X-1169,UTY,7404.0,MutNovel,"HP507SS,0.333"
X-1169,UTY,7404.0,MutNovel,"H506W,0.333"
X-1169,UTY,7404.0,MutNovel,"S505Q,0.308"
X-1169,UTY,7404.0,MutNovel,"N497S,0.533"
X-1169,UTY,7404.0,MutNovel,"DN496AC,0.533"
X-1169,UTY,7404.0,MutNovel,"NG493WS,0.538"
X-1169,UTY,7404.0,MutNovel,"HA348QT,0.278"
X-1169,UTY,7404.0,MutNovel,"H348A,0.353"
X-1169,UTY,7404.0,MutNovel,"G347T,0.250"
X-1169,UTY,7404.0,MutNovel,"LD344FL,0.250"
X-1169,UTY,7404.0,MutNovel,"QL343HW,0.267"
X-1169,UTY,7404.0,MutNovel,"Q343E,0.286"
X-1169,UTY,7404.0,MutNovel,"IC339MS,0.250"
X-1169,UTY,7404.0,MutNovel,"IS302PT,0.333"
X-1169,UTY,7404.0,MutNovel,"F301S,0.333"
X-1169,UTY,7404.0,MutNovel,"QD298HF,0.333"
X-1169,UTY,7404.0,MutNovel,"Q298E,0.333"
X-1169,UTY,7404.0,MutNovel,"GK295VA,0.333"
X-1169,UTY,7404.0,MutNovel,"IG294MR,0.333"
X-1169,UTY,7404.0,MutNovel,"S293Q,0.333"
X-1169,UTY,7404.0,MutNovel,"S292Q,0.429"
X-1169,UTY,7404.0,MutNovel,"CY290SD,0.400"
X-1169,UTY,7404.0,MutNovel,"R289S,0.400"
X-1169,UTY,7404.0,MutKnownFunctional,"GR288G*,0.571"
X-1169,UTY,7404.0,MutKnownFunctional,"LG287L*,0.571"
X-1169,UTY,7404.0,MutKnownFunctional,"YF285*V,0.600"
X-1169,UTY,7404.0,MutNovel,"W284G,0.750"
X-1169,UTY,7404.0,MutNovel,"Q282E,0.667"
X-1169,UTY,7404.0,MutNovel,"A276D,0.800"
X-1169,UTY,7404.0,MutNovel,"EA275DY,0.800"
X-1169,UTY,7404.0,MutNovel,"E275A,0.667"
X-1169,UTY,7404.0,MutNovel,"S273H,0.667"
X-1169,UTY,7404.0,MutNovel,"Q271H,0.400"
X-1169,UTY,7404.0,MutNovel,"Q271R,0.400"
X-1169,UTY,7404.0,MutNovel,"Q271R,0.500"
X-1169,UTY,7404.0,MutNovel,"I267M,0.500"
X-1169,UTY,7404.0,MutNovel,"I267R,0.500"
X-1169,UTY,7404.0,MutNovel,"I267V,0.500"
X-1169,UTY,7404.0,MutNovel,"S264I,0.667"
X-1169,UTY,7404.0,MutNovel,"VG256DR,0.500"
X-1169,UTY,7404.0,MutNovel,"V256Q,0.600"
X-1169,UTY,7404.0,MutNovel,"DL254VL,0.500"
X-1169,UTY,7404.0,MutNovel,"HH250LV,0.400"
X-1169,UTY,7404.0,MutNovel,"MH249IN,0.333"
X-1169,UTY,7404.0,MutNovel,"WM248CG,0.571"
X-1169,UTY,7404.0,MutNovel,"GW247VR,0.500"
X-1169,UTY,7404.0,MutNovel,"QQ244LV,0.400"
X-1169,UTY,7404.0,MutNovel,"LQ243RK,0.400"
X-1169,UTY,7404.0,MutNovel,"T241H,0.500"
X-1169,UTY,7404.0,MutNovel,"KA239NP,0.500"
X-1169,UTY,7404.0,MutNovel,"L234R,0.333"
X-1169,UTY,7404.0,MutNovel,"T68A,0.250"
X-1169,UTY,7404.0,MutNovel,"L53C,0.400"
X-1169,UTY,7404.0,MutNovel,"L46I,0.667"
X-1169,VN1R1,57191.0,MutNovel,"M230V,0.357"
X-1169,VN1R1,57191.0,Amp8,11.24
X-1169,VPS33B,26276.0,MutNovel,"V55I,0.538"
X-1169,VPS35,55737.0,MutNovel,"V335L,0.394"
X-1169,WDR6,11180.0,MutNovel,"V125A,0.709"
X-1169,WDR87,83889.0,Amp5,5.5
X-1169,WEE1,7465.0,MutNovel,"A326D,0.386"
X-1169,WFS1,7466.0,MutNovel,"K135M,0.489"
X-1169,XPOT,11260.0,MutNovel,"D887G,0.477"
X-1169,YIF1B,90522.0,Amp5,5.5
X-1169,ZBTB45,84878.0,Amp8,12.04
X-1169,ZFP36,7538.0,Amp5,5.9
X-1169,ZFYVE1,53349.0,MutNovel,"V482I,0.698"
X-1169,ZIK1,284307.0,Amp8,11.24
X-1169,ZIM2,23619.0,Amp5,6.96
X-1169,ZIM3,114026.0,Amp8,11.24
X-1169,ZMYND10,51364.0,MutNovel,"I103V,1.000"
X-1169,ZNF132,7691.0,Amp5,6.87
X-1169,ZNF134,7693.0,Amp8,11.24
X-1169,ZNF135,7694.0,Amp8,11.39
X-1169,ZNF154,7710.0,MutNovel,"Y189H,0.750"
X-1169,ZNF154,7710.0,Amp8,11.24
X-1169,ZNF17,7565.0,Amp8,11.24
X-1169,ZNF211,10520.0,Amp8,11.24
X-1169,ZNF219,51222.0,MutNovel,"QPP233P,0.214"
X-1169,ZNF256,10172.0,Amp8,11.24
X-1169,ZNF264,9422.0,Amp8,11.24
X-1169,ZNF274,10782.0,Amp8,11.39
X-1169,ZNF282,8427.0,MutNovel,"G473R,1.000"
X-1169,ZNF302,55900.0,MutNovel,"I88N,0.250"
X-1169,ZNF304,57343.0,Amp8,11.24
X-1169,ZNF324,25799.0,Amp8,12.04
X-1169,ZNF324B,388569.0,Amp8,12.04
X-1169,ZNF329,79673.0,Amp8,11.39
X-1169,ZNF331,55422.0,Amp5,6.15
X-1169,ZNF33B,7582.0,MutKnownFunctional,"-380,0.833"
X-1169,ZNF384,171017.0,MutNovel,"QQ514Q,0.397"
X-1169,ZNF416,55659.0,Amp8,11.24
X-1169,ZNF417,147687.0,Amp8,11.24
X-1169,ZNF418,147686.0,Amp8,11.24
X-1169,ZNF419,79744.0,Amp8,11.24
X-1169,ZNF444,55311.0,Amp5,5.24
X-1169,ZNF446,55663.0,Amp8,12.04
X-1169,ZNF460,10794.0,Amp8,11.24
X-1169,ZNF484,83744.0,MutNovel,"L149Q,0.625"
X-1169,ZNF497,162968.0,Amp8,11.39
X-1169,ZNF524,147807.0,Amp5,5.43
X-1169,ZNF525,170958.0,Amp5,6.15
X-1169,ZNF530,348327.0,Amp8,11.24
X-1169,ZNF542,147947.0,Amp5,5.24
X-1169,ZNF543,125919.0,Amp8,11.24
X-1169,ZNF544,27300.0,Amp8,11.39
X-1169,ZNF546,339327.0,Amp5,5.9
X-1169,ZNF547,284306.0,Amp8,11.24
X-1169,ZNF548,147694.0,Amp8,11.24
X-1169,ZNF549,256051.0,Amp8,11.24
X-1169,ZNF550,162972.0,Amp8,11.24
X-1169,ZNF551,90233.0,Amp8,11.24
X-1169,ZNF552,79818.0,Amp8,11.24
X-1169,ZNF579,163033.0,Amp5,5.43
X-1169,ZNF580,51157.0,Amp5,5.43
X-1169,ZNF581,51545.0,Amp5,5.43
X-1169,ZNF582,147948.0,Amp5,5.24
X-1169,ZNF583,147949.0,Amp5,5.24
X-1169,ZNF584,201514.0,Amp8,11.39
X-1169,ZNF586,54807.0,Amp8,11.24
X-1169,ZNF587,84914.0,Amp8,11.24
X-1169,ZNF606,80095.0,Amp5,7.62
X-1169,ZNF628,89887.0,Amp5,5.43
X-1169,ZNF671,79891.0,Amp8,11.24
X-1169,ZNF749,388567.0,Amp8,11.24
X-1169,ZNF76,7629.0,MutNovel,"H100Y,0.363"
X-1169,ZNF761,388561.0,Amp5,6.15
X-1169,ZNF765,91661.0,Amp5,6.15
X-1169,ZNF770,54989.0,MutNovel,"H493D,0.464"
X-1169,ZNF772,400720.0,Amp8,11.24
X-1169,ZNF773,374928.0,Amp8,11.24
X-1169,ZNF776,284309.0,Amp8,11.24
X-1169,ZNF780A,284323.0,Amp5,5.9
X-1169,ZNF780B,163131.0,Amp5,5.9
X-1169,ZNF784,147808.0,Amp5,5.43
X-1169,ZNF787,126208.0,Amp5,5.24
X-1169,ZNF8,7554.0,Amp8,11.39
X-1169,ZNF805,390980.0,Amp8,11.24
X-1169,ZNF813,126017.0,Amp5,6.15
X-1169,ZNF814,730051.0,Amp8,11.24
X-1169,ZNF835,90485.0,Amp5,6.96
X-1169,ZNF837,116412.0,Amp8,11.39
X-1169,ZNF845,91664.0,Amp5,6.15
X-1169,ZNF865,100507290.0,Amp5,5.43
X-1169,ZSCAN1,284312.0,Amp8,11.39
X-1169,ZSCAN18,65982.0,Amp8,11.39
X-1169,ZSCAN22,342945.0,Amp8,11.39
X-1169,ZSCAN4,201516.0,Amp8,11.24
X-1169,ZSCAN5A,79149.0,Amp5,5.24
X-1169,ZSCAN5B,342933.0,Amp5,5.24
X-1169,ZZEF1,23140.0,MutNovel,"W1250S,0.364"
X-1337,ABHD16A,7920.0,MutNovel,"R524W,0.596"
X-1337,ACHE,43.0,MutKnownFunctional,"-599,0.946"
X-1337,ACSL3,2181.0,MutNovel,"S337N,0.621"
X-1337,ACTL8,81569.0,MutNovel,"V277A,1.000"
X-1337,ADAM3A,1587.0,Del0.8,0.58
X-1337,ADAM5P,255926.0,Del0.8,0.6
X-1337,AHNAK,79026.0,MutNovel,"G3165V,0.739"
X-1337,AKR1C4,1109.0,MutNovel,"V150A,0.400"
X-1337,ANKRD36,375248.0,MutNovel,"V1073L,1.000"
X-1337,ANKRD36,375248.0,MutNovel,"Y1082N,1.000"
X-1337,ANP32B,10541.0,MutNovel,"LD218L,0.463"
X-1337,AP1M2,10053.0,MutNovel,"A405T,0.681"
X-1337,ARHGAP21,57584.0,MutNovel,"R1799Q,0.327"
X-1337,ARV1,64801.0,MutKnownFunctional,"-170?,0.261"
X-1337,ATG2A,23130.0,MutNovel,"R1777H,0.306"
X-1337,C19orf6,91304.0,MutNovel,"V331I,0.311"
X-1337,CALCOCO2,10241.0,MutNovel,"N289S,0.345"
X-1337,CAPG,822.0,MutNovel,"R149H,0.304"
X-1337,CARD11,84433.0,MutNovel,"P651T,0.260"
X-1337,CCDC153,283152.0,Del0.8,0.78
X-1337,CD2AP,23607.0,MutNovel,"N103H,0.692"
X-1337,CDKN2A,1029.0,MutNovel,"LEAGALP32P,1.000"
X-1337,CNO,55330.0,MutNovel,"S6L,1.000"
X-1337,CYP3A5,1577.0,MutKnownFunctional,"-30?,1.000"
X-1337,DCAF4,26094.0,MutNovel,"H369D,0.438"
X-1337,DMBT1,1755.0,MutNovel,"P357S,1.000"
X-1337,DMBT1,1755.0,MutNovel,"P856Y,1.000"
X-1337,DMBT1,1755.0,MutNovel,"H1732S,0.500"
X-1337,DPAGT1,1798.0,MutKnownFunctional,"-233?,0.250"
X-1337,DUSP6,1848.0,MutNovel,"L36M,0.900"
X-1337,EFCAB7,84455.0,MutNovel,"R97S,0.429"
X-1337,EHBP1L1,254102.0,MutNovel,"R827G,0.324"
X-1337,ETV4,2118.0,MutNovel,"P102L,0.275"
X-1337,FAHD2B,151313.0,MutNovel,"A12V,0.667"
X-1337,FAM86DP,692099.0,Del0.8,0.66
X-1337,FAM98C,147965.0,MutNovel,"L231F,0.562"
X-1337,FBP2,8789.0,MutNovel,"A296V,1.000"
X-1337,FOXQ1,94234.0,MutKnownFunctional,"-1?,0.761"
X-1337,GXYLT1,283464.0,MutNovel,"M277L,0.400"
X-1337,HEATR5A,25938.0,MutNovel,"C1743S,1.000"
X-1337,HYAL3,8372.0,MutNovel,"H232R,1.000"
X-1337,IFNGR1,3459.0,MutNovel,"E164K,0.318"
X-1337,INF2,64423.0,MutKnownFunctional,"-1245,1.000"
X-1337,INPP5K,51763.0,MutNovel,"R234G,1.000"
X-1337,ISCU,23479.0,MutNovel,"A4P,0.571"
X-1337,ITSN2,50618.0,MutNovel,"M1135V,0.273"
X-1337,KRAS,3845.0,MutKnownFunctional,"G12R,0.611"
X-1337,LACE1,246269.0,MutNovel,"H73Y,0.333"
X-1337,LSR,51599.0,MutNovel,"G518GR,0.760"
X-1337,LZTS2,84445.0,MutNovel,"AS187A,0.500"
X-1337,MAP4,4134.0,MutNovel,"H1135R,1.000"
X-1337,MED15,51586.0,MutNovel,"-251Q,1.000"
X-1337,MPRIP,23164.0,MutNovel,"TS178T,0.625"
X-1337,MSANTD2,,MutNovel,"D193E,0.500"
X-1337,MTIF2,4528.0,MutNovel,"T143R,0.257"
X-1337,MUC1,4582.0,MutNovel,"G205S,0.383"
X-1337,NAA25,80018.0,MutNovel,"P323S,0.600"
X-1337,NBPF12,,MutNovel,"L3013V,0.417"
X-1337,NCOR2,9612.0,MutNovel,"G1839GAAA,1.000"
X-1337,NKIRAS1,28512.0,Del0.8,0.69
X-1337,NOM1,64434.0,MutNovel,"K682Q,0.857"
X-1337,NPIPL3,23117.0,MutNovel,"G587R,0.429"
X-1337,ORAI1,84876.0,MutNovel,"PP43-,1.000"
X-1337,PABPC3,5042.0,MutNovel,"D209E,0.500"
X-1337,PABPC3,5042.0,MutKnownFunctional,"-231,0.800"
X-1337,PATZ1,23598.0,MutNovel,"A509T,0.333"
X-1337,PHLDA1,22822.0,MutNovel,"QQ194Q,1.000"
X-1337,PITPNM3,83394.0,MutNovel,"G145R,1.000"
X-1337,PLEKHG2,64857.0,MutNovel,"S1246F,0.474"
X-1337,PLEKHM1,9842.0,MutNovel,"P641S,0.214"
X-1337,POMZP3,22932.0,MutNovel,"L8V,0.500"
X-1337,PRKCI,5584.0,MutKnownFunctional,"W70*,0.238"
X-1337,PRKDC,5591.0,MutNovel,"A3282T,0.500"
X-1337,RAD51C,5889.0,MutNovel,"T5A,1.000"
X-1337,RALGAPB,57148.0,MutNovel,"E277D,0.500"
X-1337,RALY,22913.0,MutNovel,"-231S,1.000"
X-1337,RBM12,10137.0,MutNovel,"P835PAP,0.390"
X-1337,RPL15,6138.0,Del0.8,0.69
X-1337,SEH1L,81929.0,MutNovel,"Y375C,0.655"
X-1337,SEH1L,81929.0,MutNovel,"P384A,0.697"
X-1337,SEH1L,81929.0,MutNovel,"V387L,0.718"
X-1337,SEH1L,81929.0,MutNovel,"R406A,0.551"
X-1337,SHISA4,149345.0,MutNovel,"Y113H,0.250"
X-1337,SMPD4,55627.0,MutNovel,"S752P,0.561"
X-1337,SORD,6652.0,MutNovel,"A253T,0.990"
X-1337,SPDYE6,729597.0,MutNovel,"R305C,1.000"
X-1337,SYNE2,23224.0,MutNovel,"R6780Q,0.971"
X-1337,TAMM41,132001.0,MutNovel,"P40L,1.000"
X-1337,TARSL2,123283.0,MutNovel,"E481K,0.800"
X-1337,TBP,6908.0,MutNovel,"-64Q,1.000"
X-1337,THADA,63892.0,MutNovel,"S1340-,0.750"
X-1337,TIMM50,92609.0,MutNovel,"R448C,0.674"
X-1337,TMBIM4,51643.0,MutKnownFunctional,"-174?,1.000"
X-1337,TP53,7157.0,MutKnownFunctional,"E349*,1.000"
X-1337,TPCN2,219931.0,MutNovel,"P214L,0.500"
X-1337,TPGS1,91978.0,MutNovel,"R263W,0.552"
X-1337,TRMT1,55621.0,MutKnownFunctional,"-648?,0.821"
X-1337,UBN1,29855.0,MutNovel,"N902D,0.548"
X-1337,UPF1,5976.0,MutNovel,"M1061T,0.750"
X-1337,ZDHHC11,79844.0,MutNovel,"A305T,1.000"
X-1337,ZFPM1,161882.0,MutNovel,"Q296R,0.602"
X-1337,ZNF347,84671.0,MutNovel,"A45L,0.750"
X-1337,ZNF384,171017.0,MutNovel,"QQ514Q,1.000"
X-1337,ZNF628,89887.0,MutNovel,"E292D,0.833"
X-1337,ZRANB1,54764.0,MutKnownFunctional,"-709?,0.618"
X-1337,ZXDA,7789.0,MutNovel,"T562M,0.500"
X-1381,ABCC6,368.0,MutNovel,"L1197P,0.357"
X-1381,ACACB,32.0,MutNovel,"R526Q,0.571"
X-1381,ACR,49.0,MutNovel,"G217E,1.000"
X-1381,ACTR10,55860.0,Del0.8,0.72
X-1381,ADAM6,8755.0,Amp5,5.74
X-1381,ADI1,55256.0,MutNovel,"G27A,0.286"
X-1381,AGAP4,119016.0,MutNovel,"S87N,1.000"
X-1381,AGAP8,728404.0,MutNovel,"G601S,1.000"
X-1381,AHNAK,79026.0,MutNovel,"I1548T,0.633"
X-1381,AHRR,57491.0,Amp5,5.21
X-1381,AKAP8,10270.0,MutNovel,"L625V,0.300"
X-1381,ALPK3,57538.0,MutNovel,"D838A,0.429"
X-1381,AMELY,266.0,Del0.8,0.39
X-1381,ANKRD12,23253.0,MutNovel,"I1414N,1.000"
X-1381,ANKRD20A4,728747.0,MutNovel,"N354D,1.000"
X-1381,ANKRD20A4,728747.0,MutNovel,"M646R,1.000"
X-1381,ANKRD36,375248.0,MutNovel,"T998S,0.211"
X-1381,ARHGEF40,55701.0,MutNovel,"P726R,1.000"
X-1381,ARHGEF5,7984.0,MutNovel,"W885R,0.500"
X-1381,ATP10A,57194.0,MutNovel,"P35A,0.545"
X-1381,AUTS2,26053.0,MutNovel,"R1196P,0.500"
X-1381,BAP1,8314.0,MutKnownFunctional,"-117,0.976"
X-1381,BCORP1,286554.0,Del0.8,0.39
X-1381,BCR,613.0,MutNovel,"A1104G,0.206"
X-1381,BMP2K,55589.0,MutNovel,"Q486H,0.545"
X-1381,BPY2B,442867.0,Del0.8,0.39
X-1381,BPY2B,442867.0,Del0.8,0.39
X-1381,BYSL,705.0,MutNovel,"G366W,0.364"
X-1381,C14orf142,84520.0,Del0.8,0.8
X-1381,C17orf59,54785.0,MutNovel,"E45D,0.312"
X-1381,C1QTNF3,114899.0,MutNovel,"R168Q,0.724"
X-1381,C1orf52,148423.0,MutNovel,"A14V,0.674"
X-1381,C5orf55,116349.0,Amp5,5.21
X-1381,C9orf142,286257.0,MutNovel,"L160F,0.840"
X-1381,C9orf91,203197.0,MutNovel,"I95V,0.875"
X-1381,CALB2,794.0,MutNovel,"Q183R,0.440"
X-1381,CAND1,55832.0,MutNovel,"S1221F,0.443"
X-1381,CCDC127,133957.0,Amp5,5.21
X-1381,CCDC153,283152.0,Del0.8,0.68
X-1381,CCDC47,57003.0,MutNovel,"R236W,0.585"
X-1381,CCT4,10575.0,MutNovel,"Q138K,0.613"
X-1381,CDY1B,253175.0,Del0.8,0.39
X-1381,CDY1B,253175.0,Del0.8,0.39
X-1381,CDY2A,9426.0,Del0.8,0.39
X-1381,CDY2A,9426.0,Del0.8,0.39
X-1381,CDY2B,203611.0,Del0.8,0.39
X-1381,CDY2B,203611.0,Del0.8,0.39
X-1381,CEP72,55722.0,Amp5,5.21
X-1381,CHKB,1120.0,MutNovel,"D302V,0.541"
X-1381,CKAP5,9793.0,MutNovel,"G1141V,0.491"
X-1381,CLCC1,23155.0,MutNovel,"A154V,0.586"
X-1381,CNTNAP3,79937.0,MutNovel,"R771Q,0.750"
X-1381,CNTNAP3B,728577.0,MutNovel,"G1007A,0.375"
X-1381,CNTNAP3B,728577.0,MutNovel,"R1214W,0.667"
X-1381,COPZ2,51226.0,MutKnownFunctional,"-23?,0.480"
X-1381,CORO1B,57175.0,MutNovel,"R325W,0.483"
X-1381,CRYBG3,,MutNovel,"D2713N,0.312"
X-1381,CSPG4P1Y,114758.0,Del0.8,0.39
X-1381,CSPG4P1Y,114758.0,Del0.8,0.39
X-1381,CUL9,23113.0,MutNovel,"R1335C,0.583"
X-1381,DAZ1,1617.0,Del0.8,0.39
X-1381,DAZ2,57055.0,Del0.8,0.39
X-1381,DAZ3,57054.0,Del0.8,0.39
X-1381,DAZ3,57054.0,Del0.8,0.39
X-1381,DAZ4,57135.0,Del0.8,0.39
X-1381,DAZ4,57135.0,Del0.8,0.39
X-1381,DDX3Y,8653.0,Del0.8,0.39
X-1381,EFHD1,80303.0,MutNovel,"A31V,1.000"
X-1381,EIF1AY,9086.0,Del0.8,0.39
X-1381,EIF4EBP1,1978.0,Del0.8,0.8
X-1381,ENDOV,284131.0,MutKnownFunctional,"Q21*,0.307"
X-1381,ENTPD2,954.0,MutNovel,"E178K,0.287"
X-1381,EP400,57634.0,MutNovel,"Q2810P,0.529"
X-1381,EXOC3,11336.0,Amp5,5.21
X-1381,FAM176B,55194.0,MutNovel,"DDE78E,0.401"
X-1381,FAM197Y2P,252946.0,Del0.8,0.39
X-1381,FAM40A,85369.0,MutNovel,"M96T,0.294"
X-1381,FAM41AY1,340618.0,Del0.8,0.39
X-1381,FAM41AY1,340618.0,Del0.8,0.39
X-1381,FBRS,64319.0,MutNovel,"PRG450-,0.298"
X-1381,FDX1,2230.0,MutNovel,"G5R,0.500"
X-1381,FGF10,2255.0,Amp5,5.28
X-1381,FLG,2312.0,MutNovel,"S3665T,0.486"
X-1381,FSCN2,25794.0,MutNovel,"G165R,0.400"
X-1381,FZR1,51343.0,MutNovel,"R63M,0.627"
X-1381,GFAP,2670.0,MutNovel,"E237A,0.889"
X-1381,GGT1,2678.0,MutNovel,"A42T,0.338"
X-1381,GGT1,2678.0,MutNovel,"K52E,0.415"
X-1381,GLIS2,84662.0,MutNovel,"G460S,0.500"
X-1381,GOLGA2P2Y,84559.0,Del0.8,0.39
X-1381,GOLGA2P2Y,84559.0,Del0.8,0.39
X-1381,GPATCH1,55094.0,MutNovel,"L476P,0.227"
X-1381,GPR116,221395.0,MutNovel,"N1315S,0.833"
X-1381,GPR116,221395.0,MutKnownFunctional,"W1269*,1.000"
X-1381,GPR116,221395.0,MutNovel,"I1262S,1.000"
X-1381,GSTT1,2952.0,Amp5,5.82
X-1381,GSTTP1,25774.0,Amp5,5.82
X-1381,GSTTP2,653399.0,Amp5,5.82
X-1381,GTF2E2,2961.0,Del0.8,0.79
X-1381,GYG2P1,352887.0,Del0.8,0.39
X-1381,HEATR7B1,,MutNovel,"VKN1611V,0.662"
X-1381,HIST2H3D,653604.0,MutNovel,"R129S,1.000"
X-1381,HLA-DRB1,3123.0,Amp5,5.5
X-1381,HLA-DRB5,3127.0,Amp5,5.5
X-1381,HLA-DRB6,3128.0,Amp5,5.5
X-1381,HSFY2,159119.0,Del0.8,0.39
X-1381,HSFY2,159119.0,Del0.8,0.39
X-1381,HSPG2,3339.0,MutNovel,"L2767H,0.500"
X-1381,IFT46,56912.0,Del0.8,0.75
X-1381,INADL,10207.0,MutNovel,"T1676I,0.296"
X-1381,ITCH,83737.0,MutNovel,"W65R,0.368"
X-1381,KDM3B,51780.0,MutNovel,"R1063W,0.682"
X-1381,KDM5D,8284.0,Del0.8,0.39
X-1381,KIAA0125,9834.0,Amp5,5.74
X-1381,KIR2DL1,3802.0,Amp5,6.54
X-1381,KIR2DL4,3805.0,Amp5,6.54
X-1381,KIR2DS4,3809.0,Amp5,6.54
X-1381,KIR3DL1,3811.0,Amp5,6.54
X-1381,LCE3C,353144.0,Del0.8,0.58
X-1381,LCLAT1,253558.0,MutNovel,"F111Y,0.444"
X-1381,LEO1,123169.0,MutNovel,"S66G,0.405"
X-1381,LGALS9C,654346.0,Del0.8,0.71
X-1381,LOC100132247,100132247.0,MutNovel,"K1111E,0.571"
X-1381,LOC100132287,100132287.0,Amp5,5.9
X-1381,LOC100133331,100133331.0,Amp5,5.9
X-1381,LOC100507341,100507341.0,Del0.8,0.79
X-1381,LOC100996489,,MutNovel,"F145C,1.000"
X-1381,LOC100996489,,MutNovel,"V148L,1.000"
X-1381,LOC100996489,,MutNovel,"C154W,1.000"
X-1381,LOC391322,391322.0,Amp5,5.82
X-1381,LOC643699,,MutNovel,"L497P,1.000"
X-1381,LOC728047,,MutNovel,"S324A,1.000"
X-1381,LOC728888,,MutNovel,"L86F,0.812"
X-1381,LOC728888,,MutNovel,"V84L,0.789"
X-1381,LOC728888,,MutNovel,"I79T,0.750"
X-1381,LOC728888,,MutNovel,"I75L,0.652"
X-1381,LOC728888,,MutNovel,"T69R,0.640"
X-1381,LOC728888,,MutNovel,"I63S,0.471"
X-1381,LRRC14B,389257.0,Amp5,5.21
X-1381,LSR,51599.0,MutNovel,"G518GR,0.739"
X-1381,LTBP4,8425.0,MutNovel,"G134E,0.571"
X-1381,MAK16,84549.0,Del0.8,0.77
X-1381,MAPK13,5603.0,MutNovel,"P306L,0.647"
X-1381,MAPK8IP3,23162.0,MutNovel,"S512P,0.648"
X-1381,MARK2,2011.0,MutNovel,"I84T,0.677"
X-1381,MDN1,23195.0,MutNovel,"E3700D,0.556"
X-1381,MDN1,23195.0,MutNovel,"I3626V,0.900"
X-1381,MED25,81857.0,MutNovel,"Q638K,0.439"
X-1381,MIR4456,100616381.0,Amp5,5.21
X-1381,MIR4708,100616176.0,Del0.8,0.76
X-1381,MOAP1,64112.0,Del0.8,0.8
X-1381,MPDZ,8777.0,MutNovel,"L1493F,0.840"
X-1381,MRPL50,54534.0,MutNovel,"E142G,0.281"
X-1381,MSH2,4436.0,MutLikelyFunctional,"G322D,0.312"
X-1381,MYO1D,4642.0,MutNovel,"M22I,0.545"
X-1381,NBPF11,200030.0,MutKnownFunctional,"E231*,0.326"
X-1381,NCRNA00185,55410.0,Del0.8,0.39
X-1381,NEURL2,140825.0,MutNovel,"M213L,0.400"
X-1381,NFIL3,4783.0,MutNovel,"G206E,0.753"
X-1381,NIP7,51388.0,MutKnownFunctional,"-40,0.500"
X-1381,NLGN1,22871.0,MutNovel,"T718A,0.765"
X-1381,NLGN4Y,22829.0,Del0.8,0.39
X-1381,NMT2,9397.0,MutNovel,"Y119H,0.810"
X-1381,OBSCN,84033.0,MutNovel,"K3042Q,1.000"
X-1381,OR4C6,219432.0,Del0.8,0.54
X-1381,OR4F29,729759.0,Amp5,5.9
X-1381,OR4F4,26682.0,Amp5,5.03
X-1381,OR4P4,81300.0,Del0.8,0.54
X-1381,OR4S2,219431.0,Del0.8,0.54
X-1381,ORAI1,84876.0,MutNovel,"PP43-,1.000"
X-1381,OSBPL7,114881.0,MutNovel,"R791H,0.489"
X-1381,OVCA2,124641.0,MutKnownFunctional,"-66?,0.581"
X-1381,PCDH11Y,83259.0,Del0.8,0.39
X-1381,PCNT,5116.0,MutNovel,"G136S,0.211"
X-1381,PDCD6,10016.0,Amp5,5.21
X-1381,PDE1C,5137.0,MutNovel,"R261H,1.000"
X-1381,PEG3,5178.0,Amp5,5.5
X-1381,PEG3-AS1,100169890.0,Amp5,5.5
X-1381,PGBD1,84547.0,MutNovel,"R317C,0.344"
X-1381,PGLYRP1,8993.0,MutNovel,"Y83H,0.333"
X-1381,PI4KA,5297.0,MutNovel,"R906H,0.523"
X-1381,PIEZO1,9780.0,MutNovel,"Q532E,0.393"
X-1381,PLEKHA3,65977.0,MutNovel,"D141Y,0.509"
X-1381,PLEKHA6,22874.0,MutNovel,"V551G,0.320"
X-1381,PLEKHG4B,153478.0,Amp5,5.21
X-1381,POLDIP2,26073.0,MutNovel,"Q27P,0.500"
X-1381,POLR1A,25885.0,MutNovel,"F1346L,0.315"
X-1381,POMZP3,22932.0,MutNovel,"T102K,0.302"
X-1381,POTEF,728378.0,MutNovel,"E817V,1.000"
X-1381,POTEI,,MutNovel,"I803M,1.000"
X-1381,PP7080,25845.0,Amp5,5.21
X-1381,PPP1R10,5514.0,MutNovel,"PGGP631P,0.341"
X-1381,PRKAR2A,5576.0,Del0.8,0.77
X-1381,PRKY,5616.0,Del0.8,0.39
X-1381,PRY,9081.0,Del0.8,0.39
X-1381,PRY,9081.0,Del0.8,0.39
X-1381,PRY2,442862.0,Del0.8,0.39
X-1381,PRY2,442862.0,Del0.8,0.39
X-1381,PSIP1,11168.0,MutNovel,"EG278G,0.648"
X-1381,PTMS,5763.0,MutNovel,"N98K,0.481"
X-1381,PTPN11,5781.0,MutNovel,"S34I,0.532"
X-1381,PTPRN,5798.0,MutNovel,"A729V,0.824"
X-1381,PVRIG,79037.0,MutNovel,"C147S,1.000"
X-1381,RABL2B,11158.0,MutKnownFunctional,"-75,0.287"
X-1381,RALY,22913.0,MutNovel,"-231S,0.212"
X-1381,RB1,5925.0,MutNovel,"G38D,0.571"
X-1381,RBMY1A3P,286557.0,Del0.8,0.39
X-1381,RBMY1B,378948.0,Del0.8,0.39
X-1381,RBMY1B,378948.0,Del0.8,0.39
X-1381,RBMY1E,378950.0,Del0.8,0.39
X-1381,RBMY1E,378950.0,Del0.8,0.39
X-1381,RBMY1F,159163.0,Del0.8,0.39
X-1381,RBMY1F,159163.0,Del0.8,0.39
X-1381,RBMY1J,378951.0,Del0.8,0.39
X-1381,RBMY1J,378951.0,Del0.8,0.39
X-1381,RBMY2EP,159125.0,Del0.8,0.39
X-1381,RBMY2FP,159162.0,Del0.8,0.39
X-1381,RBMY3AP,64593.0,Del0.8,0.39
X-1381,RBPMS,11030.0,Del0.8,0.79
X-1381,RCAN1,1827.0,MutNovel,"V79L,0.407"
X-1381,RCBTB1,55213.0,MutNovel,"E438K,0.348"
X-1381,RIN3,79890.0,MutNovel,"G967-,0.350"
X-1381,RLIM,51132.0,MutKnownFunctional,"-440,1.000"
X-1381,RNF122,79845.0,Del0.8,0.77
X-1381,RPIA,22934.0,MutKnownFunctional,"Q2*,0.611"
X-1381,RPS4Y1,6192.0,Del0.8,0.39
X-1381,RPS4Y2,140032.0,Del0.8,0.39
X-1381,RTN2,6253.0,MutNovel,"E134K,0.737"
X-1381,SDCBP2,27111.0,MutNovel,"I109T,0.333"
X-1381,SDHA,6389.0,Amp5,5.21
X-1381,SERINC2,347735.0,MutNovel,"-373Q,0.654"
X-1381,SETD2,29072.0,MutKnownFunctional,"E2032*,1.000"
X-1381,SETMAR,6419.0,Del0.8,0.71
X-1381,SIPA1L3,23094.0,MutNovel,"I549F,0.435"
X-1381,SIRPB1,10326.0,MutNovel,"Q162E,1.000"
X-1381,SIRPB1,10326.0,MutNovel,"A157V,1.000"
X-1381,SKIL,6498.0,MutNovel,"V598G,0.591"
X-1381,SLC24A6,80024.0,MutKnownFunctional,"-554,0.352"
X-1381,SLC25A51,,MutNovel,"R82C,0.250"
X-1381,SLC28A1,9154.0,MutNovel,"L140LV,0.392"
X-1381,SLC31A2,1318.0,MutNovel,"H4Y,0.353"
X-1381,SLC37A4,2542.0,MutKnownFunctional,"R377*,0.419"
X-1381,SLC48A1,55652.0,MutNovel,"P106H,0.230"
X-1381,SLC9A3,6550.0,Amp5,5.21
X-1381,SNRNP70,6625.0,MutNovel,"R231RDR,0.358"
X-1381,SOLH,6650.0,MutNovel,"R970H,0.342"
X-1381,SRRM2,23524.0,MutNovel,"S637G,0.432"
X-1381,SRY,6736.0,Del0.8,0.39
X-1381,TBC1D24,57465.0,MutKnownFunctional,"-22,0.763"
X-1381,TBL1Y,90665.0,Del0.8,0.39
X-1381,TCN1,6947.0,MutNovel,"M295L,0.500"
X-1381,TGIF2LY,90655.0,Del0.8,0.39
X-1381,THBS1,7057.0,MutNovel,"R228G,0.370"
X-1381,TLN1,7094.0,MutNovel,"T190M,0.286"
X-1381,TMEM178B,,MutNovel,"S98N,0.500"
X-1381,TMSB4Y,9087.0,Del0.8,0.39
X-1381,TPPP,11076.0,Amp5,5.21
X-1381,TRAF6,7189.0,MutNovel,"C182F,0.286"
X-1381,TRAPPC12,51112.0,MutNovel,"Q327E,0.239"
X-1381,TRAPPC12,51112.0,MutNovel,"D346N,0.232"
X-1381,TRIM56,81844.0,MutNovel,"N225K,0.600"
X-1381,TRMU,55687.0,MutNovel,"E44D,0.527"
X-1381,TSPY1,7258.0,Del0.8,0.39
X-1381,TSPY2,64591.0,Del0.8,0.39
X-1381,TSPY3,728137.0,Del0.8,0.39
X-1381,TSPY4,728395.0,Del0.8,0.39
X-1381,TSPY8,728403.0,Del0.8,0.39
X-1381,TSPYL1,7259.0,MutNovel,"V176VW,0.893"
X-1381,TTI2,80185.0,Del0.8,0.77
X-1381,TTTY10,246119.0,Del0.8,0.39
X-1381,TTTY11,83866.0,Del0.8,0.39
X-1381,TTTY12,83867.0,Del0.8,0.39
X-1381,TTTY13,83868.0,Del0.8,0.39
X-1381,TTTY14,83869.0,Del0.8,0.39
X-1381,TTTY15,64595.0,Del0.8,0.39
X-1381,TTTY16,252948.0,Del0.8,0.39
X-1381,TTTY17A,252949.0,Del0.8,0.39
X-1381,TTTY17A,252949.0,Del0.8,0.39
X-1381,TTTY18,252950.0,Del0.8,0.39
X-1381,TTTY19,252952.0,Del0.8,0.39
X-1381,TTTY1B,100101116.0,Del0.8,0.39
X-1381,TTTY1B,100101116.0,Del0.8,0.39
X-1381,TTTY2,60439.0,Del0.8,0.39
X-1381,TTTY2,60439.0,Del0.8,0.39
X-1381,TTTY20,252951.0,Del0.8,0.39
X-1381,TTTY21,252953.0,Del0.8,0.39
X-1381,TTTY21,252953.0,Del0.8,0.39
X-1381,TTTY22,252954.0,Del0.8,0.39
X-1381,TTTY23,252955.0,Del0.8,0.39
X-1381,TTTY23,252955.0,Del0.8,0.39
X-1381,TTTY3,114760.0,Del0.8,0.39
X-1381,TTTY3,114760.0,Del0.8,0.39
X-1381,TTTY4,114761.0,Del0.8,0.39
X-1381,TTTY4,114761.0,Del0.8,0.39
X-1381,TTTY5,83863.0,Del0.8,0.39
X-1381,TTTY6,84672.0,Del0.8,0.39
X-1381,TTTY6,84672.0,Del0.8,0.39
X-1381,TTTY7,246122.0,Del0.8,0.39
X-1381,TTTY7,246122.0,Del0.8,0.39
X-1381,TTTY7B,100101120.0,Del0.8,0.39
X-1381,TTTY7B,100101120.0,Del0.8,0.39
X-1381,TTTY8,84673.0,Del0.8,0.39
X-1381,TTTY8,84673.0,Del0.8,0.39
X-1381,TTTY9A,83864.0,Del0.8,0.39
X-1381,TTTY9A,83864.0,Del0.8,0.39
X-1381,TXLNG2P,246126.0,Del0.8,0.39
X-1381,UBXN8,7993.0,Del0.8,0.67
X-1381,UGT2B4,7363.0,MutNovel,"A442V,1.000"
X-1381,USP36,57602.0,MutNovel,"KKK958K,0.464"
X-1381,USP9Y,8287.0,Del0.8,0.39
X-1381,UTY,7404.0,Del0.8,0.39
X-1381,VCY,9084.0,Del0.8,0.39
X-1381,VCY,9084.0,Del0.8,0.39
X-1381,XKRY2,353515.0,Del0.8,0.39
X-1381,XKRY2,353515.0,Del0.8,0.39
X-1381,ZC3H12D,340152.0,MutNovel,"E416K,1.000"
X-1381,ZDHHC11,79844.0,MutNovel,"A303D,0.625"
X-1381,ZFY,7544.0,Del0.8,0.39
X-1381,ZNF117,51351.0,MutNovel,"S457F,0.276"
X-1381,ZNF282,8427.0,MutNovel,"G473R,0.643"
X-1381,ZNF398,57541.0,MutNovel,"P286PA,0.341"
X-1381,ZNF551,90233.0,MutNovel,"K84R,0.600"
X-1473,AARD,,MutNovel,"Q92H,0.500"
X-1473,AGAP9,642517.0,MutNovel,"M202T,1.000"
X-1473,AIFM2,84883.0,MutNovel,"F66L,0.525"
X-1473,ALMS1,7840.0,MutNovel,"G4012S,0.597"
X-1473,ARHGEF35,445328.0,MutNovel,"E298Q,0.500"
X-1473,ATP10A,57194.0,MutNovel,"S1347F,0.489"
X-1473,BAHD1,22893.0,MutNovel,"S615N,0.444"
X-1473,BRCA1,672.0,MutNovel,"N916H,0.357"
X-1473,BRD2,6046.0,MutNovel,"A49C,0.511"
X-1473,BRD2,6046.0,MutNovel,"E718K,0.480"
X-1473,C11orf68,83638.0,MutKnownFunctional,"-204,0.339"
X-1473,C1QL4,338761.0,MutNovel,"E59K,0.550"
X-1473,C1orf86,199990.0,MutNovel,"T58K,1.000"
X-1473,C6orf57,135154.0,MutNovel,"R22T,0.508"
X-1473,CALD1,800.0,MutNovel,"RE318R,0.588"
X-1473,CCPG1,9236.0,MutNovel,"F734C,0.526"
X-1473,CCT4,10575.0,MutNovel,"A6T,0.486"
X-1473,CDC42EP1,11135.0,MutNovel,"PAPAANPS253P,0.211"
X-1473,CDCA7L,55536.0,MutKnownFunctional,"-107,0.529"
X-1473,CLPTM1L,81037.0,MutNovel,"E528K,0.353"
X-1473,CNDP2,55748.0,MutNovel,"V352I,0.995"
X-1473,CNOT10,25904.0,MutNovel,"N325K,1.000"
X-1473,CNTNAP3B,728577.0,MutNovel,"G1206W,0.333"
X-1473,DBR1,51163.0,MutKnownFunctional,"-360,0.246"
X-1473,DDX58,23586.0,MutNovel,"A76T,1.000"
X-1473,DENND4B,9909.0,MutNovel,"QQQ908-,0.217"
X-1473,DMBT1,1755.0,MutNovel,"P856Y,1.000"
X-1473,DMBT1,1755.0,MutNovel,"H1732S,1.000"
X-1473,DMXL2,23312.0,MutNovel,"D1794H,0.222"
X-1473,DNHD1,144132.0,MutNovel,"Q3024H,0.400"
X-1473,DNHD1,144132.0,MutNovel,"G4668E,0.824"
X-1473,DPP10,57628.0,MutNovel,"D316E,0.500"
X-1473,EPHA7,2045.0,MutNovel,"C276F,0.461"
X-1473,ERCC2,2068.0,MutNovel,"V230I,1.000"
X-1473,ETV3,2117.0,MutNovel,"G14D,0.333"
X-1473,EVC2,132884.0,MutNovel,"P41H,0.667"
X-1473,EXOSC5,56915.0,MutNovel,"A137T,0.463"
X-1473,FAM115C,285966.0,MutNovel,"C311R,1.000"
X-1473,FAM131A,131408.0,MutNovel,"R63S,0.407"
X-1473,FAM157A,728262.0,MutNovel,"G362D,1.000"
X-1473,FAM21C,253725.0,MutNovel,"S468C,1.000"
X-1473,FBXO4,26272.0,MutNovel,"M181I,0.542"
X-1473,FBXO46,23403.0,MutNovel,"G42D,1.000"
X-1473,FLJ22184,80164.0,MutNovel,"P963S,0.875"
X-1473,GGT1,2678.0,MutNovel,"D377V,0.973"
X-1473,GGTLC2,91227.0,MutNovel,"D75N,1.000"
X-1473,GIGYF2,26058.0,MutNovel,"PQ1231P,0.714"
X-1473,GNB5,10681.0,MutNovel,"G235R,0.397"
X-1473,GOLGA3,2802.0,MutNovel,"A909T,0.454"
X-1473,GPX4,2879.0,MutNovel,"C130R,0.502"
X-1473,HECA,51696.0,MutKnownFunctional,"-222?,0.357"
X-1473,HIST1H2BN,8341.0,MutNovel,"N68S,0.357"
X-1473,HLA-F,3134.0,MutNovel,"T199R,0.232"
X-1473,HMGXB3,22993.0,MutNovel,"I1251T,0.704"
X-1473,HNRNPU,3192.0,MutNovel,"G141R,0.597"
X-1473,HUWE1,10075.0,MutNovel,"G4011E,0.996"
X-1473,INPP5F,22876.0,MutNovel,"PS1057P,0.500"
X-1473,KDM6B,23135.0,MutNovel,"S909Y,0.553"
X-1473,KIAA1429,25962.0,MutNovel,"L1119V,0.504"
X-1473,KIAA1468,57614.0,MutKnownFunctional,"-1134?,1.000"
X-1473,KRT17,3872.0,MutNovel,"N210S,0.367"
X-1473,KRT6A,3853.0,MutNovel,"Q357R,1.000"
X-1473,KRT81,3887.0,MutNovel,"G398A,0.429"
X-1473,KRT81,3887.0,MutNovel,"S362A,0.455"
X-1473,KRT85,3891.0,MutNovel,"G415A,1.000"
X-1473,KRT85,3891.0,MutNovel,"R344Q,1.000"
X-1473,KRT85,3891.0,MutNovel,"S316P,1.000"
X-1473,KRT85,3891.0,MutNovel,"A308V,1.000"
X-1473,KRT85,3891.0,MutNovel,"D301V,1.000"
X-1473,KRT86,3892.0,MutNovel,"G398A,0.800"
X-1473,LIMCH1,22998.0,MutNovel,"G558R,0.682"
X-1473,LLGL1,3996.0,MutNovel,"A745V,0.466"
X-1473,LOC100996607,,MutNovel,"N507K,1.000"
X-1473,LOC642799,,MutNovel,"H146Q,1.000"
X-1473,LOC728888,,MutNovel,"G1064P,0.750"
X-1473,LOC728888,,MutNovel,"P603R,0.500"
X-1473,LONRF1,91694.0,MutNovel,"P11Q,0.800"
X-1473,LRRC14B,389257.0,MutNovel,"L396P,0.500"
X-1473,LRRC39,127495.0,MutKnownFunctional,"-329,0.485"
X-1473,LRRC56,115399.0,MutNovel,"S444L,0.500"
X-1473,LRRC7,57554.0,MutNovel,"S796R,0.733"
X-1473,LSR,51599.0,MutNovel,"G518GR,0.448"
X-1473,MAP1B,4131.0,MutNovel,"N1148K,0.800"
X-1473,MAP3K4,4216.0,MutNovel,"PA1189P,0.818"
X-1473,MAST3,23031.0,MutNovel,"S946T,0.655"
X-1473,MCC,4163.0,MutNovel,"A514T,0.667"
X-1473,MED12,9968.0,MutNovel,"R605Q,1.000"
X-1473,MED24,9862.0,MutNovel,"L64V,0.525"
X-1473,MGAT1,4245.0,MutNovel,"S443R,0.302"
X-1473,MMP24,10893.0,MutKnownFunctional,"Q525*,0.588"
X-1473,MPRIP,23164.0,MutNovel,"TS178T,0.509"
X-1473,MRPS11,64963.0,MutNovel,"E50D,0.496"
X-1473,NBEA,26960.0,MutNovel,"G411R,0.429"
X-1473,NBPF9,400818.0,MutNovel,"Q184R,0.750"
X-1473,NCOR2,9612.0,MutNovel,"G1839GAAA,0.615"
X-1473,NF2,4771.0,MutKnownFunctional,"E108*,1.000"
X-1473,NFAT5,10725.0,MutNovel,"S58P,0.400"
X-1473,NFATC3,4775.0,MutNovel,"D39G,1.000"
X-1473,NIPA1,123606.0,MutNovel,"V266A,0.242"
X-1473,NKPD1,284353.0,MutNovel,"V79I,1.000"
X-1473,NR4A3,8013.0,MutNovel,"R6S,1.000"
X-1473,NRD1,4898.0,MutNovel,"T231S,0.250"
X-1473,NRG2,9542.0,MutNovel,"GPG667G,0.600"
X-1473,ORAI1,84876.0,MutNovel,"PP43-,0.920"
X-1473,PBRM1,55193.0,MutKnownFunctional,"L568*,1.000"
X-1473,PCBD1,5092.0,MutNovel,"Q56R,0.563"
X-1473,PCDHB10,56126.0,MutNovel,"G532S,0.203"
X-1473,PCDHB4,56131.0,MutNovel,"A507T,0.389"
X-1473,PCDHB4,56131.0,MutNovel,"G531S,0.667"
X-1473,PCNXL4,,MutNovel,"L937F,1.000"
X-1473,PDCD11,22984.0,MutKnownFunctional,"-1843?,0.419"
X-1473,PDE4D,5144.0,MutNovel,"E315D,0.354"
X-1473,PDZK1,5174.0,MutNovel,"Y328D,0.375"
X-1473,PFKL,5211.0,MutNovel,"V284F,0.523"
X-1473,PGK1,5230.0,MutNovel,"N225K,1.000"
X-1473,PHF1,5252.0,MutNovel,"P337S,0.506"
X-1473,PHLDA1,22822.0,MutNovel,"QQ194Q,0.607"
X-1473,PIEZO1,9780.0,MutNovel,"A327V,1.000"
X-1473,PIK3CA,5290.0,MutKnownFunctional,"E542K,0.441"
X-1473,PLEC,5339.0,MutNovel,"R1688C,0.468"
X-1473,PLEC,5339.0,MutNovel,"D1026G,0.454"
X-1473,PMS2,5395.0,MutNovel,"S586Y,0.524"
X-1473,POLE4,56655.0,MutNovel,"P27A,0.510"
X-1473,POLR3B,55703.0,MutNovel,"Y710C,0.517"
X-1473,PRIC285,85441.0,MutNovel,"R464C,0.750"
X-1473,PRSS3,5646.0,MutNovel,"T124S,0.800"
X-1473,PSMB2,5690.0,MutNovel,"Q8K,0.991"
X-1473,PTPN21,11099.0,MutNovel,"Q501K,0.278"
X-1473,QDPR,5860.0,MutNovel,"L132R,0.284"
X-1473,RAB11FIP4,84440.0,MutNovel,"K302E,0.545"
X-1473,RBM45,129831.0,MutNovel,"L459P,0.513"
X-1473,RCC2,55920.0,MutNovel,"G33C,1.000"
X-1473,RIN3,79890.0,MutNovel,"G967-,0.500"
X-1473,RNPC3,55599.0,MutNovel,"E237K,0.565"
X-1473,RPGRIP1L,23322.0,MutNovel,"V1260I,1.000"
X-1473,SARS2,54938.0,MutNovel,"G515GCLG,0.286"
X-1473,SCAF4,57466.0,MutKnownFunctional,"-120?,0.269"
X-1473,SEC23B,10483.0,MutKnownFunctional,"-757?,0.471"
X-1473,SEH1L,81929.0,MutNovel,"V387L,0.216"
X-1473,SERINC2,347735.0,MutNovel,"-373Q,0.697"
X-1473,SGSM3,27352.0,MutKnownFunctional,"-1,0.362"
X-1473,SHMT1,6470.0,MutNovel,"R263Q,0.515"
X-1473,SHPK,23729.0,MutNovel,"M468T,0.557"
X-1473,SIRT2,22933.0,MutNovel,"L252M,0.498"
X-1473,SLC23A3,151295.0,MutNovel,"G185A,0.632"
X-1473,SLC28A1,9154.0,MutNovel,"L140LV,0.949"
X-1473,SLC2A12,154091.0,MutNovel,"A540E,0.545"
X-1473,SLC2A8,29988.0,MutNovel,"L98P,0.409"
X-1473,SLC52A3,,MutNovel,"P294L,0.471"
X-1473,SNX7,51375.0,MutNovel,"E23K,0.442"
X-1473,SOS1,6654.0,MutKnownFunctional,"Y155*,0.552"
X-1473,SUSD4,55061.0,MutNovel,"Q18L,0.286"
X-1473,TAS2R20,259295.0,MutNovel,"H120Y,1.000"
X-1473,TBP,6908.0,MutNovel,"-64Q,0.415"
X-1473,TCP11L1,55346.0,MutKnownFunctional,"-168,0.212"
X-1473,TMCO6,55374.0,MutNovel,"A433T,0.547"
X-1473,TMEM184A,202915.0,MutNovel,"G392GA,0.308"
X-1473,TNXB,7148.0,MutNovel,"S1276P,0.667"
X-1473,TOP3A,7156.0,MutNovel,"G571V,0.453"
X-1473,TRIM66,9866.0,MutNovel,"Q477E,1.000"
X-1473,TSFM,10102.0,MutNovel,"V328I,0.530"
X-1473,TSHZ1,10194.0,MutKnownFunctional,"Q441*,0.990"
X-1473,TSPYL1,7259.0,MutNovel,"V176VW,0.873"
X-1473,TXNDC11,51061.0,MutNovel,"C424Y,0.520"
X-1473,UBR5,51366.0,MutNovel,"G1984S,0.638"
X-1473,VHL,7428.0,MutKnownFunctional,"-193,0.857"
X-1473,VPS13B,157680.0,MutNovel,"H3291R,0.450"
X-1473,VPS13C,54832.0,MutNovel,"K3626N,0.587"
X-1473,WDFY3,23001.0,MutNovel,"V1785D,1.000"
X-1473,WIPF2,147179.0,MutNovel,"K415I,0.528"
X-1473,WNK4,65266.0,MutNovel,"Q472E,0.714"
X-1473,ZHX3,23051.0,MutNovel,"R847Q,0.677"
X-1473,ZNF100,163227.0,MutNovel,"F242Y,0.600"
X-1473,ZNF135,7694.0,MutKnownFunctional,"-309Q?,0.875"
X-1473,ZNF219,51222.0,MutNovel,"QPP233P,0.708"
X-1473,ZNF384,171017.0,MutNovel,"QQ514Q,0.414"
X-1473,ZNF507,22847.0,MutNovel,"D142L,0.444"
X-1473,ZNF614,80110.0,MutNovel,"T336I,0.231"
X-1473,ZXDC,79364.0,MutNovel,"A126V,0.471"
X-1473,ZZEF1,23140.0,MutNovel,"P1610L,0.500"
X-1569,ABCC2,1244.0,MutNovel,"E944V,0.800"
X-1569,ABR,29.0,MutNovel,"N431D,0.279"
X-1569,ACACA,31.0,MutNovel,"S2323L,0.442"
X-1569,ACBD5,91452.0,MutNovel,"L458P,0.241"
X-1569,ACIN1,22985.0,MutNovel,"P1228S,1.000"
X-1569,ACTR1A,10121.0,MutNovel,"Y242C,0.458"
X-1569,ADAM32,203102.0,MutNovel,"C549Y,0.300"
X-1569,ADAMTS1,9510.0,MutNovel,"N630S,0.542"
X-1569,ADNP2,22850.0,MutNovel,"LPAGQMT449L,0.714"
X-1569,ADNP2,22850.0,MutNovel,"F779V,0.387"
X-1569,AFF4,27125.0,MutNovel,"A1093V,0.288"
X-1569,AGRN,375790.0,MutNovel,"A323T,0.362"
X-1569,AHNAK2,113146.0,MutNovel,"D2947G,0.579"
X-1569,AKAP11,11215.0,MutNovel,"L1202S,0.444"
X-1569,AKT1,207.0,MutNovel,"R206G,0.422"
X-1569,ALG5,29880.0,MutNovel,"K178R,0.252"
X-1569,ALMS1,7840.0,MutNovel,"E3988Q,0.538"
X-1569,ALPK1,80216.0,MutNovel,"F1218L,0.211"
X-1569,ALS2CL,259173.0,MutNovel,"V241L,0.929"
X-1569,AMH,268.0,MutNovel,"P253L,0.457"
X-1569,ANXA2,302.0,MutKnownFunctional,"Y345*,0.206"
X-1569,AP1G2,8906.0,MutKnownFunctional,"-449,0.433"
X-1569,AP3S1,1176.0,MutNovel,"I5T,0.333"
X-1569,APC,324.0,MutNovel,"N2691K,0.348"
X-1569,APP,351.0,MutNovel,"Q767H,0.523"
X-1569,ARFGEF2,10564.0,MutNovel,"H1136R,0.647"
X-1569,ARHGAP29,9411.0,MutNovel,"Q1159L,0.684"
X-1569,ARID2,196528.0,MutNovel,"I1390M,0.286"
X-1569,ARL1,400.0,MutNovel,"Y58C,0.522"
X-1569,ARMC5,79798.0,MutNovel,"I155M,0.333"
X-1569,ARMCX4,100131755.0,MutNovel,"T37S,1.000"
X-1569,ASMTL,8623.0,MutNovel,"A440V,0.283"
X-1569,ATF6B,1388.0,MutNovel,"M5I,0.400"
X-1569,ATF7IP,55729.0,MutNovel,"L602S,0.389"
X-1569,ATG16L2,89849.0,MutNovel,"Q141R,0.800"
X-1569,ATL1,51062.0,MutNovel,"Q517P,0.875"
X-1569,ATP13A2,23400.0,MutNovel,"P474S,0.307"
X-1569,ATP1A3,478.0,MutNovel,"Y58C,0.273"
X-1569,ATP9B,374868.0,MutNovel,"P456T,0.769"
X-1569,AXIN1,8312.0,MutNovel,"G289C,0.242"
X-1569,B3GNT8,374907.0,MutNovel,"T103A,0.750"
X-1569,B4GALT2,8704.0,MutKnownFunctional,"-34,0.288"
X-1569,BAG6,7917.0,MutNovel,"L179S,0.301"
X-1569,BAHD1,22893.0,MutNovel,"L221P,0.286"
X-1569,BAP1,8314.0,MutKnownFunctional,"-180,0.969"
X-1569,BCORL1,63035.0,MutKnownFunctional,"-1679,0.769"
X-1569,BICD2,23299.0,MutNovel,"T649A,0.667"
X-1569,BIRC5,332.0,MutNovel,"A108T,0.275"
X-1569,BIRC6,57448.0,MutNovel,"G322A,0.750"
X-1569,BLZF1,8548.0,MutNovel,"T11I,0.346"
X-1569,BMPR2,659.0,MutNovel,"G897D,0.640"
X-1569,BNIP3,664.0,MutKnownFunctional,"-195,0.547"
X-1569,BPGM,669.0,MutNovel,"R172M,0.375"
X-1569,BPGM,669.0,MutNovel,"R179L,0.435"
X-1569,BTBD10,84280.0,MutNovel,"Q82P,0.420"
X-1569,C12orf35,55196.0,MutNovel,"V1472M,0.500"
X-1569,C16orf59,80178.0,MutNovel,"P289L,0.242"
X-1569,C16orf62,57020.0,MutNovel,"S147P,0.400"
X-1569,C19orf26,255057.0,MutNovel,"S200P,0.286"
X-1569,C1S,716.0,MutKnownFunctional,"E467*,0.359"
X-1569,C1orf201,90529.0,MutNovel,"R17H,0.292"
X-1569,C21orf7,56911.0,MutNovel,"V135A,0.826"
X-1569,C21orf7,56911.0,MutNovel,"Y169C,0.263"
X-1569,C3orf78,440957.0,MutNovel,"Y63H,0.263"
X-1569,C4orf21,55345.0,MutNovel,"S266L,1.000"
X-1569,C4orf27,54969.0,MutNovel,"N183D,0.273"
X-1569,C5orf62,85027.0,MutNovel,"S36L,0.643"
X-1569,C8orf37,157657.0,MutNovel,"E190G,0.571"
X-1569,C9orf53,51198.0,Del0.8,0.39
X-1569,CA2,760.0,MutNovel,"N67D,0.488"
X-1569,CACNB1,782.0,MutNovel,"L352H,0.242"
X-1569,CALHM2,51063.0,MutNovel,"R89Q,0.417"
X-1569,CAPN2,824.0,MutNovel,"R474C,0.236"
X-1569,CARS,833.0,MutNovel,"E743A,0.440"
X-1569,CAT,847.0,MutNovel,"V35A,0.214"
X-1569,CBX2,84733.0,MutKnownFunctional,"Q354*,0.538"
X-1569,CC2D1B,200014.0,MutNovel,"E136-,0.500"
X-1569,CCDC146,57639.0,MutNovel,"K474R,0.400"
X-1569,CCDC80,151887.0,MutNovel,"K571-,0.279"
X-1569,CCR6,1235.0,MutNovel,"V242M,1.000"
X-1569,CDK12,51755.0,MutNovel,"Q1216R,0.473"
X-1569,CDKN1A,1026.0,MutKnownFunctional,"-34,0.419"
X-1569,CDKN2A,1029.0,Del0.8,0.39
X-1569,CDKN2B,1030.0,Del0.8,0.5
X-1569,CELSR1,9620.0,MutNovel,"D327E,0.455"
X-1569,CENPB,1059.0,MutKnownFunctional,"-149?,0.304"
X-1569,CENPC1,1060.0,MutNovel,"I816T,0.367"
X-1569,CEP112,201134.0,MutNovel,"I94V,0.600"
X-1569,CFL1,1072.0,MutNovel,"K127Q,0.366"
X-1569,CHAMP1,283489.0,MutKnownFunctional,"-284,0.278"
X-1569,CHFR,55743.0,MutNovel,"A144S,1.000"
X-1569,CHPF2,54480.0,MutNovel,"S282L,0.311"
X-1569,CHST15,51363.0,MutNovel,"M491T,0.368"
X-1569,CHTF18,63922.0,MutNovel,"R211L,0.581"
X-1569,CLDND1,56650.0,MutNovel,"Y158C,1.000"
X-1569,CNDP2,55748.0,MutNovel,"L243P,0.539"
X-1569,COL6A1,1291.0,MutNovel,"T710A,0.235"
X-1569,COX7B,1349.0,MutNovel,"M21T,0.207"
X-1569,CPSF2,53981.0,MutNovel,"V263A,0.552"
X-1569,CRBN,51185.0,MutNovel,"R373W,0.325"
X-1569,CREBBP,1387.0,MutNovel,"V1998M,0.400"
X-1569,CRIPAK,285464.0,MutNovel,"V164A,0.571"
X-1569,CRLF3,51379.0,MutNovel,"D108V,0.619"
X-1569,CRTAP,10491.0,MutNovel,"K149R,1.000"
X-1569,CSE1L,1434.0,MutNovel,"T132S,0.250"
X-1569,CSNK1G3,1456.0,MutNovel,"D427N,0.439"
X-1569,CTNNBL1,56259.0,MutNovel,"H516R,0.221"
X-1569,CTSO,1519.0,MutNovel,"A82V,0.545"
X-1569,CUL3,8452.0,MutNovel,"A567D,0.993"
X-1569,CUL7,9820.0,MutNovel,"Y663H,0.322"
X-1569,CUL9,23113.0,MutNovel,"Q210L,0.500"
X-1569,DAXX,1616.0,MutNovel,"R194S,0.288"
X-1569,DCAF6,55827.0,MutNovel,"A651V,0.645"
X-1569,DDHD2,23259.0,MutNovel,"A461V,0.344"
X-1569,DDX18,8886.0,MutNovel,"T319A,0.365"
X-1569,DDX54,79039.0,MutNovel,"G38R,0.833"
X-1569,DENND5A,23258.0,MutNovel,"F1218L,0.287"
X-1569,DHX15,1665.0,MutNovel,"L354-,0.533"
X-1569,DHX30,22907.0,MutNovel,"P33H,0.429"
X-1569,DHX8,1659.0,MutNovel,"G551R,0.423"
X-1569,DIDO1,11083.0,MutKnownFunctional,"-396?,0.346"
X-1569,DLG5,9231.0,MutNovel,"D1419G,0.455"
X-1569,DNAJC6,9829.0,MutNovel,"L556P,1.000"
X-1569,DNMT3A,1788.0,MutNovel,"K630N,0.400"
X-1569,DNTTIP2,30836.0,MutNovel,"L443P,0.255"
X-1569,DOCK1,1793.0,MutNovel,"Y988C,0.371"
X-1569,DOCK9,23348.0,MutNovel,"L1104I,0.550"
X-1569,DONSON,29980.0,MutNovel,"I561V,0.231"
X-1569,DOPEY1,23033.0,MutKnownFunctional,"-2459?,0.388"
X-1569,DPY19L3,147991.0,MutNovel,"I292M,0.286"
X-1569,DSCAML1,57453.0,MutNovel,"V542M,0.600"
X-1569,DSG2,1829.0,MutNovel,"S172N,0.435"
X-1569,DYNC1H1,1778.0,MutNovel,"A271V,0.571"
X-1569,DYSF,8291.0,MutNovel,"L707P,0.500"
X-1569,E2F5,1875.0,MutNovel,"A69V,0.500"
X-1569,ECHDC3,79746.0,MutNovel,"R40W,1.000"
X-1569,EIF2AK1,27102.0,MutNovel,"D393E,0.482"
X-1569,EIF2AK1,27102.0,MutNovel,"V211A,0.251"
X-1569,ELL,8178.0,MutNovel,"A185V,0.500"
X-1569,ELP3,55140.0,MutNovel,"K265M,0.614"
X-1569,EML3,256364.0,MutNovel,"RHYR299R,0.533"
X-1569,ENO3,2027.0,MutNovel,"D13Y,0.400"
X-1569,EPC2,26122.0,MutKnownFunctional,"-67,0.464"
X-1569,EPHB2,2048.0,MutNovel,"R729Q,0.381"
X-1569,EPHB3,2049.0,MutNovel,"A866T,0.667"
X-1569,ESCO1,114799.0,MutNovel,"-130L,1.000"
X-1569,ESRP2,80004.0,MutNovel,"S218R,0.333"
X-1569,EXOSC1,51013.0,MutNovel,"R123P,0.453"
X-1569,EXOSC6,118460.0,MutNovel,"R135P,1.000"
X-1569,FAM100A,124402.0,MutNovel,"H137P,0.444"
X-1569,FAM116B,414918.0,Del0.8,0.38
X-1569,FAM65A,79567.0,MutNovel,"R466Q,0.320"
X-1569,FBN2,2201.0,MutNovel,"Y1960C,0.241"
X-1569,FBRSL1,57666.0,MutNovel,"A293T,0.556"
X-1569,FBXW2,26190.0,MutNovel,"D110G,0.356"
X-1569,FGFR3,2261.0,MutNovel,"R196C,0.571"
X-1569,FGGY,55277.0,MutNovel,"K560R,0.714"
X-1569,FLJ22184,80164.0,MutNovel,"R1129C,0.692"
X-1569,FNDC3B,64778.0,MutNovel,"R665H,0.376"
X-1569,FOXRED2,80020.0,MutNovel,"R407C,0.438"
X-1569,FRYL,285527.0,MutNovel,"T2858A,0.294"
X-1569,GAB2,9846.0,MutNovel,"T534A,0.259"
X-1569,GAS2L1,10634.0,MutKnownFunctional,"-651,0.429"
X-1569,GGT1,2678.0,MutNovel,"A42T,1.000"
X-1569,GGT1,2678.0,MutNovel,"K52E,1.000"
X-1569,GLA,2717.0,MutNovel,"Y88C,0.527"
X-1569,GNA13,10672.0,MutNovel,"I366V,0.350"
X-1569,GNB2,2783.0,MutNovel,"L51I,0.209"
X-1569,GNL3L,54552.0,MutNovel,"K288T,1.000"
X-1569,GOLGA3,2802.0,MutNovel,"R1262Q,0.327"
X-1569,GOLGA8H,,MutNovel,"R257S,1.000"
X-1569,GOLIM4,27333.0,MutNovel,"N589K,0.395"
X-1569,GORASP1,64689.0,MutNovel,"V63A,0.417"
X-1569,GPBP1L1,60313.0,MutNovel,"Y235F,0.372"
X-1569,GPR126,57211.0,MutNovel,"I698V,0.317"
X-1569,GPRIN2,9721.0,MutNovel,"-238MRE,0.375"
X-1569,GRIP2,80852.0,MutNovel,"S359L,1.000"
X-1569,GTF2B,2959.0,MutKnownFunctional,"-213,0.259"
X-1569,GTF3C2,2976.0,MutNovel,"R362C,0.230"
X-1569,GTF3C3,9330.0,MutNovel,"EEE108E,0.333"
X-1569,GTPBP8,29083.0,MutNovel,"T265A,0.300"
X-1569,H6PD,9563.0,MutNovel,"A369V,1.000"
X-1569,HBS1L,10767.0,MutNovel,"A611V,0.243"
X-1569,HDLBP,3069.0,MutNovel,"K1071R,0.340"
X-1569,HEG1,57493.0,MutNovel,"R31Q,1.000"
X-1569,HERC1,8925.0,MutNovel,"R4591C,0.273"
X-1569,HERC3,8916.0,MutNovel,"S837R,0.400"
X-1569,HHEX,3087.0,MutNovel,"S237L,0.455"
X-1569,HIF1A,3091.0,MutKnownFunctional,"-191,1.000"
X-1569,HINT1,3094.0,MutNovel,"I31T,0.641"
X-1569,HIVEP1,3096.0,MutNovel,"Q1059R,0.375"
X-1569,HLA-DRB6,3128.0,Amp5,5.58
X-1569,HLA-G,3135.0,MutNovel,"I123Y,0.500"
X-1569,HR,55806.0,MutNovel,"R1095W,0.500"
X-1569,HSPH1,10808.0,MutNovel,"H329L,0.246"
X-1569,HTRA3,94031.0,MutNovel,"AI298A,0.846"
X-1569,ICA1,3382.0,MutNovel,"T319A,0.357"
X-1569,IDUA,3425.0,MutNovel,"G84S,0.652"
X-1569,IFT122,55764.0,MutNovel,"R413C,0.222"
X-1569,IFT74,80173.0,MutNovel,"Y129C,0.500"
X-1569,INF2,64423.0,MutNovel,"P1091T,0.436"
X-1569,INPPL1,3636.0,MutNovel,"F469V,0.343"
X-1569,INSIG2,51141.0,MutNovel,"D126E,0.206"
X-1569,INTS9,55756.0,MutNovel,"L308P,0.478"
X-1569,JUN,3725.0,MutNovel,"L98P,0.279"
X-1569,JUNB,3726.0,MutKnownFunctional,"-125,0.267"
X-1569,KCNIP2,30819.0,MutNovel,"K270T,1.000"
X-1569,KCNK6,9424.0,MutNovel,"T133A,0.522"
X-1569,KCNK6,9424.0,MutNovel,"T133G,0.522"
X-1569,KIAA0141,9812.0,MutNovel,"V115A,0.368"
X-1569,KIAA0284,283638.0,MutNovel,"R296W,1.000"
X-1569,KIAA0391,9692.0,MutKnownFunctional,"-83,0.333"
X-1569,KIAA0754,643314.0,MutNovel,"V108A,0.250"
X-1569,KIAA1217,56243.0,MutNovel,"L354P,0.296"
X-1569,KIF11,3832.0,MutNovel,"Q842H,0.371"
X-1569,KIF11,3832.0,MutNovel,"C854Y,0.623"
X-1569,KIF20B,9585.0,MutNovel,"L1062LKV,0.444"
X-1569,KIF21A,55605.0,MutNovel,"P1149H,0.341"
X-1569,KIF27,55582.0,MutNovel,"L739P,0.429"
X-1569,KIFAP3,22920.0,MutNovel,"D5G,0.429"
X-1569,KIFC2,90990.0,MutNovel,"R732C,0.500"
X-1569,KLHL29,114818.0,MutNovel,"E584K,0.615"
X-1569,KPNA3,3839.0,MutNovel,"Q320R,0.271"
X-1569,LARP6,55323.0,MutNovel,"N122S,0.343"
X-1569,LCE3C,353144.0,Del0.8,0.47
X-1569,LIPC,3990.0,MutNovel,"V140M,0.500"
X-1569,LOC100132247,100132247.0,MutNovel,"LPSAP355L,0.222"
X-1569,LOC100132247,100132247.0,MutNovel,"P1098R,1.000"
X-1569,LOC100506310,,MutNovel,"R528K,0.333"
X-1569,LPAR2,9170.0,MutNovel,"K31N,0.296"
X-1569,LPCAT1,79888.0,MutNovel,"E283-,0.431"
X-1569,LRCH4,4034.0,MutNovel,"P290L,0.361"
X-1569,LRP1,4035.0,MutNovel,"C493R,0.750"
X-1569,LRRFIP2,9209.0,Del0.8,0.26
X-1569,LRRK1,79705.0,MutNovel,"H350Y,0.500"
X-1569,LSM12,124801.0,MutNovel,"L159P,0.481"
X-1569,MAML1,9794.0,MutKnownFunctional,"Q457*,0.286"
X-1569,2014-03-06 00:00:00,10299.0,MutNovel,"W784R,0.984"
X-1569,MCM10,55388.0,MutNovel,"I226M,0.875"
X-1569,MCM2,4171.0,MutKnownFunctional,"-896,0.347"
X-1569,MESDC1,59274.0,MutNovel,"M293T,0.245"
X-1569,MGAT3,4248.0,MutNovel,"R382C,1.000"
X-1569,MGST1,4257.0,MutKnownFunctional,"-133,0.475"
X-1569,MKKS,8195.0,MutNovel,"T19A,0.394"
X-1569,MKL1,57591.0,MutKnownFunctional,"-905?,0.810"
X-1569,MLH1,4292.0,Del0.8,0.56
X-1569,MLLT10,8028.0,MutNovel,"L375P,0.471"
X-1569,MLST8,64223.0,MutNovel,"E49D,0.225"
X-1569,MRC2,9902.0,MutNovel,"F840V,0.860"
X-1569,MVK,4598.0,MutNovel,"L246I,0.564"
X-1569,MYCBP2,23077.0,MutNovel,"S4375T,0.468"
X-1569,MYLIP,29116.0,MutNovel,"N22S,0.500"
X-1569,MYO5A,4644.0,MutNovel,"V1855I,0.238"
X-1569,MYO5A,4644.0,MutNovel,"H1566R,0.264"
X-1569,NADK,65220.0,MutNovel,"D29N,0.232"
X-1569,NBPF1,55672.0,MutNovel,"N21S,0.667"
X-1569,NCAPD2,9918.0,MutNovel,"F131L,0.224"
X-1569,NCBP1,4686.0,MutNovel,"S422R,0.212"
X-1569,NCOA3,8202.0,MutNovel,"Q1255K,0.429"
X-1569,NCOA3,8202.0,MutNovel,"Q1256K,0.571"
X-1569,NF2,4771.0,MutKnownFunctional,"R466*,1.000"
X-1569,NFU1,27247.0,MutNovel,"V169A,0.247"
X-1569,NID2,22795.0,MutKnownFunctional,"-1284,1.000"
X-1569,NIPA2,81614.0,MutNovel,"E335VK,0.433"
X-1569,NOTCH3,4854.0,MutNovel,"R1526C,0.278"
X-1569,NPC2,10577.0,MutNovel,"V148A,0.371"
X-1569,NR1H2,7376.0,MutNovel,"-173Q,0.770"
X-1569,NTAN1,123803.0,MutNovel,"Y178C,0.446"
X-1569,NUDT14,256281.0,MutNovel,"R72C,1.000"
X-1569,NUMBL,9253.0,MutKnownFunctional,"R415*,0.395"
X-1569,NUP98,4928.0,MutNovel,"T983A,0.290"
X-1569,OAS2,4939.0,MutNovel,"G643C,0.462"
X-1569,OPTN,10133.0,MutNovel,"N549S,0.244"
X-1569,ORAI1,84876.0,MutNovel,"PP43-,0.857"
X-1569,OSBPL5,114879.0,MutNovel,"H833R,0.344"
X-1569,OTUB1,55611.0,MutNovel,"R262L,0.313"
X-1569,PANX2,56666.0,MutNovel,"V452M,0.545"
X-1569,PCBP1,5093.0,MutNovel,"Q326H,0.290"
X-1569,PCDH12,51294.0,MutNovel,"V345A,0.667"
X-1569,PCDHB2,56133.0,MutNovel,"N420NIT,0.280"
X-1569,PCDHB7,56129.0,MutNovel,"L426F,0.500"
X-1569,PCOLCE,5118.0,MutNovel,"G168R,0.636"
X-1569,PDLIM2,64236.0,MutNovel,"R601W,0.227"
X-1569,PDLIM5,10611.0,MutNovel,"K71T,0.382"
X-1569,PGM2,55276.0,MutNovel,"A121T,0.346"
X-1569,PHC2,1912.0,MutNovel,"R739H,0.360"
X-1569,PHF14,9678.0,MutNovel,"I360T,0.202"
X-1569,PHF20,51230.0,MutNovel,"K922T,0.261"
X-1569,PHKB,5257.0,MutNovel,"I998N,0.782"
X-1569,PHKG1,5260.0,MutNovel,"M245T,0.500"
X-1569,PHLDA1,22822.0,MutNovel,"QQ194Q,0.312"
X-1569,PIGW,284098.0,MutNovel,"E227G,0.259"
X-1569,PIGY,84992.0,MutNovel,"I51M,0.272"
X-1569,PITRM1,10531.0,MutNovel,"I583V,0.262"
X-1569,PKN2,5586.0,MutNovel,"I638V,0.419"
X-1569,PLEKHA4,57664.0,MutNovel,"Y131H,0.300"
X-1569,PLEKHO2,80301.0,MutNovel,"Q100R,0.442"
X-1569,PLXNB2,23654.0,Del0.8,0.38
X-1569,PNMA2,10687.0,MutNovel,"K90E,0.261"
X-1569,PNPT1,87178.0,MutNovel,"K718E,0.520"
X-1569,PODXL,5420.0,MutNovel,"E426G,0.431"
X-1569,POLA2,23649.0,MutNovel,"L57H,0.393"
X-1569,POLG,5428.0,MutNovel,"T1204A,0.238"
X-1569,POLR3B,55703.0,MutNovel,"L708P,0.273"
X-1569,POM121C,100101267.0,MutNovel,"L195M,0.218"
X-1569,PPIE,10450.0,MutNovel,"D98G,0.331"
X-1569,PPM1D,8493.0,MutNovel,"MK547M,0.450"
X-1569,PPP2R1A,5518.0,MutNovel,"A300V,0.272"
X-1569,PPP6R2,9701.0,Del0.8,0.7
X-1569,PRIC285,85441.0,MutNovel,"C2567R,0.304"
X-1569,PRICKLE1,144165.0,MutNovel,"Y561H,0.550"
X-1569,PRKAR2A,5576.0,MutNovel,"Q24E,1.000"
X-1569,PRPF40A,55660.0,MutNovel,"K867R,0.331"
X-1569,PRR11,55771.0,MutKnownFunctional,"-20,0.370"
X-1569,PRRC2A,7916.0,MutNovel,"D94G,0.239"
X-1569,PRRC2B,84726.0,MutNovel,"Q2179R,0.377"
X-1569,PRSS27,83886.0,MutNovel,"A284T,0.444"
X-1569,PTPRD,5789.0,Del0.8,0.74
X-1569,PTPRK,5796.0,MutNovel,"S1081G,0.320"
X-1569,PUM2,23369.0,MutNovel,"Y768H,0.491"
X-1569,RAB8B,51762.0,MutKnownFunctional,"-162,0.579"
X-1569,RABIF,5877.0,MutNovel,"G15D,0.360"
X-1569,RAPGEF2,9693.0,MutNovel,"L713H,0.357"
X-1569,RASSF7,8045.0,MutKnownFunctional,"R187*,0.533"
X-1569,RBBP6,5930.0,MutNovel,"H1456R,0.261"
X-1569,RBPJ,3516.0,MutNovel,"E342D,0.353"
X-1569,RERE,473.0,MutNovel,"M1289V,0.500"
X-1569,REST,5978.0,MutNovel,"M731T,0.364"
X-1569,RGS12,6002.0,MutNovel,"A456T,0.500"
X-1569,RIN1,9610.0,MutNovel,"G728W,0.324"
X-1569,RMI2,116028.0,MutNovel,"C116R,0.462"
X-1569,RNF38,152006.0,MutNovel,"T499A,0.412"
X-1569,ROGDI,79641.0,MutNovel,"T202M,0.315"
X-1569,RPGRIP1L,23322.0,MutNovel,"K353E,1.000"
X-1569,RPP30,10556.0,MutNovel,"D101N,0.285"
X-1569,RPRD2,23248.0,MutNovel,"I85T,0.500"
X-1569,RPRD2,23248.0,MutNovel,"R298Q,0.750"
X-1569,RPRD2,23248.0,MutKnownFunctional,"-1396?,0.278"
X-1569,RPS6KA5,9252.0,MutNovel,"G215E,1.000"
X-1569,RWDD2B,10069.0,MutNovel,"T303I,0.211"
X-1569,SAE1,10055.0,MutNovel,"Y294H,0.267"
X-1569,SECISBP2L,9728.0,MutNovel,"N796S,0.286"
X-1569,SEMA5A,9037.0,MutNovel,"N1040I,1.000"
X-1569,SEPN1,57190.0,MutNovel,"P164S,0.606"
X-1569,SERBP1,26135.0,MutNovel,"E213K,0.340"
X-1569,SERINC2,347735.0,MutNovel,"-373Q,0.648"
X-1569,SH2D3A,10045.0,MutNovel,"E533G,0.263"
X-1569,SH3BP1,23616.0,MutNovel,"E699D,1.000"
X-1569,SH3KBP1,30011.0,MutNovel,"G163D,1.000"
X-1569,SHROOM3,57619.0,MutNovel,"T1154A,1.000"
X-1569,SIAH1,6477.0,MutNovel,"M180T,0.655"
X-1569,SIRPB1,10326.0,MutNovel,"D130T,1.000"
X-1569,SIRPB1,10326.0,MutNovel,"E39D,0.500"
X-1569,SLC12A8,84561.0,MutNovel,"P266L,0.250"
X-1569,SLC24A5,283652.0,MutKnownFunctional,"-452,0.507"
X-1569,SLC37A1,54020.0,MutNovel,"R123C,0.444"
X-1569,SLC45A3,85414.0,MutNovel,"A333T,1.000"
X-1569,SLC46A3,283537.0,MutNovel,"T145A,0.700"
X-1569,SLC6A6,6533.0,MutKnownFunctional,"-390,0.885"
X-1569,SLFN11,91607.0,MutNovel,"G846D,0.553"
X-1569,SMG5,23381.0,MutNovel,"R463H,0.622"
X-1569,SNX5,27131.0,MutNovel,"K328E,0.255"
X-1569,SNX5,27131.0,MutNovel,"K52R,0.214"
X-1569,SOCS1,8651.0,MutNovel,"Q210H,0.500"
X-1569,SOX13,9580.0,MutNovel,"N451S,0.480"
X-1569,SP100,6672.0,MutKnownFunctional,"-345,1.000"
X-1569,SPATS2,65244.0,MutNovel,"H318R,0.589"
X-1569,SPEN,23013.0,MutNovel,"L2679P,0.457"
X-1569,SPPL2B,56928.0,MutNovel,"P126R,0.250"
X-1569,SPPL3,121665.0,MutNovel,"P127L,0.277"
X-1569,SSC5D,284297.0,MutNovel,"R479Q,1.000"
X-1569,STAMBP,10617.0,MutNovel,"H163R,0.290"
X-1569,STARD9,57519.0,MutNovel,"R3970S,1.000"
X-1569,STK24,8428.0,MutNovel,"I136T,0.351"
X-1569,SVIL,6840.0,MutNovel,"FW1815W,0.405"
X-1569,SYNRG,11276.0,MutNovel,"Y514H,0.333"
X-1569,TBRG1,84897.0,MutNovel,"G196V,0.796"
X-1569,TCOF1,6949.0,MutNovel,"E1002G,0.312"
X-1569,TGDS,23483.0,MutKnownFunctional,"-309?,0.256"
X-1569,THAP4,51078.0,MutNovel,"R122E,0.742"
X-1569,THG1L,54974.0,MutNovel,"F118S,0.224"
X-1569,THOP1,7064.0,MutNovel,"A570T,0.202"
X-1569,TIGD1,200765.0,MutNovel,"M542T,0.227"
X-1569,TM2D3,80213.0,MutNovel,"M145T,0.432"
X-1569,TMEM132A,54972.0,MutNovel,"V387A,0.397"
X-1569,TMEM184C,55751.0,MutKnownFunctional,"-294,0.674"
X-1569,TMEM185A,84548.0,MutKnownFunctional,"-124,0.373"
X-1569,TMEM98,26022.0,MutNovel,"R28S,0.714"
X-1569,TNS3,64759.0,MutNovel,"H1077R,0.308"
X-1569,TNXB,7148.0,MutNovel,"M4002T,0.375"
X-1569,TOP1,7150.0,MutNovel,"Y211H,0.231"
X-1569,TPSD1,23430.0,MutNovel,"S10N,1.000"
X-1569,TRIB3,57761.0,MutNovel,"G91C,0.213"
X-1569,TRIM28,10155.0,MutNovel,"P590L,0.434"
X-1569,TRIM39,56658.0,MutNovel,"P493S,0.246"
X-1569,TRRAP,8295.0,MutNovel,"T1995M,0.476"
X-1569,TSC2,7249.0,MutNovel,"N859S,0.330"
X-1569,TSPYL1,7259.0,MutNovel,"V176VW,0.816"
X-1569,TTC3,7267.0,MutKnownFunctional,"-1562,0.351"
X-1569,TTC4,7268.0,MutNovel,"K37N,0.333"
X-1569,TUSC1,286319.0,MutNovel,"R108H,1.000"
X-1569,UBR2,23304.0,MutNovel,"E858A,0.429"
X-1569,UNK,85451.0,MutNovel,"E170K,0.478"
X-1569,UNKL,64718.0,MutNovel,"G456S,0.500"
X-1569,USP16,10600.0,MutNovel,"S300N,0.423"
X-1569,USP25,29761.0,MutNovel,"A610V,0.431"
X-1569,USP34,9736.0,MutNovel,"H3303Y,0.373"
X-1569,USP7,7874.0,MutNovel,"A965G,0.687"
X-1569,UTRN,7402.0,MutNovel,"G1719V,0.500"
X-1569,UTY,7404.0,MutNovel,"H1373R,0.435"
X-1569,UTY,7404.0,MutNovel,"H1077P,1.000"
X-1569,UTY,7404.0,MutNovel,"SH1075HD,1.000"
X-1569,UTY,7404.0,MutNovel,"V1074H,1.000"
X-1569,UTY,7404.0,MutNovel,"G1073C,1.000"
X-1569,UTY,7404.0,MutNovel,"GI1070AG,1.000"
X-1569,UTY,7404.0,MutNovel,"AG1069DR,1.000"
X-1569,UTY,7404.0,MutKnownFunctional,"S1068*,1.000"
X-1569,UTY,7404.0,MutNovel,"S1066T,1.000"
X-1569,UTY,7404.0,MutNovel,"L1061P,1.000"
X-1569,UTY,7404.0,MutNovel,"GG1059VR,1.000"
X-1569,UTY,7404.0,MutNovel,"S1058D,1.000"
X-1569,UTY,7404.0,MutNovel,"LL1055GL,1.000"
X-1569,UTY,7404.0,MutNovel,"E1054L,1.000"
X-1569,UTY,7404.0,MutNovel,"C1052P,1.000"
X-1569,UTY,7404.0,MutNovel,"QA1050RL,1.000"
X-1569,UTY,7404.0,MutNovel,"Q1050K,1.000"
X-1569,UTY,7404.0,MutNovel,"H1046S,1.000"
X-1569,UTY,7404.0,MutNovel,"F1045I,1.000"
X-1569,UTY,7404.0,MutNovel,"ET1042DG,0.667"
X-1569,UTY,7404.0,MutNovel,"VE1041CK,0.667"
X-1569,UTY,7404.0,MutKnownFunctional,"F1040*,0.667"
X-1569,UTY,7404.0,MutNovel,"P998V,0.667"
X-1569,UTY,7404.0,MutNovel,"N571T,0.286"
X-1569,UTY,7404.0,MutNovel,"HQ541RK,1.000"
X-1569,UTY,7404.0,MutNovel,"NG493WS,0.400"
X-1569,UTY,7404.0,MutNovel,"R390L,0.400"
X-1569,UTY,7404.0,MutNovel,"A389S,0.455"
X-1569,UTY,7404.0,MutNovel,"A389S,0.455"
X-1569,UTY,7404.0,MutNovel,"LA387HH,0.364"
X-1569,UTY,7404.0,MutNovel,"L387V,0.455"
X-1569,UTY,7404.0,MutNovel,"S385G,0.455"
X-1569,UTY,7404.0,MutNovel,"NT383TS,0.500"
X-1569,UTY,7404.0,MutNovel,"S382T,0.462"
X-1569,UTY,7404.0,MutNovel,"C381S,0.462"
X-1569,UTY,7404.0,MutNovel,"R380S,0.538"
X-1569,UTY,7404.0,MutKnownFunctional,"SK378T*,0.455"
X-1569,UTY,7404.0,MutNovel,"R377L,0.417"
X-1569,UTY,7404.0,MutNovel,"A376L,0.538"
X-1569,UTY,7404.0,MutNovel,"N374L,0.571"
X-1569,UTY,7404.0,MutNovel,"YL372SA,0.583"
X-1569,UTY,7404.0,MutNovel,"CY371YN,0.667"
X-1569,UTY,7404.0,MutNovel,"K370F,0.583"
X-1569,UTY,7404.0,MutNovel,"I369C,0.667"
X-1569,UTY,7404.0,MutNovel,"D367H,0.636"
X-1569,UTY,7404.0,MutNovel,"QD366GH,0.636"
X-1569,UTY,7404.0,MutNovel,"P365R,0.600"
X-1569,UTY,7404.0,MutKnownFunctional,"NQ363S*,0.667"
X-1569,UTY,7404.0,MutNovel,"C362N,0.625"
X-1569,UTY,7404.0,MutNovel,"S361R,0.714"
X-1569,UTY,7404.0,MutKnownFunctional,"YE359Y*,0.714"
X-1569,UTY,7404.0,MutNovel,"L358T,0.714"
X-1569,UTY,7404.0,MutNovel,"G356S,0.714"
X-1569,UTY,7404.0,MutKnownFunctional,"DL354G*,0.714"
X-1569,UTY,7404.0,MutNovel,"MD353RN,0.571"
X-1569,UTY,7404.0,MutNovel,"W352Q,0.500"
X-1569,UTY,7404.0,MutNovel,"AA350ET,0.500"
X-1569,UTY,7404.0,MutNovel,"HA348QN,0.500"
X-1569,UTY,7404.0,MutNovel,"SS292KG,1.000"
X-1569,UTY,7404.0,MutNovel,"CY290WL,1.000"
X-1569,UTY,7404.0,MutNovel,"C290N,1.000"
X-1569,UTY,7404.0,MutNovel,"E275P,1.000"
X-1569,UTY,7404.0,MutKnownFunctional,"SL273*R,1.000"
X-1569,UTY,7404.0,MutNovel,"S273P,1.000"
X-1569,UTY,7404.0,MutNovel,"Q271A,0.800"
X-1569,UTY,7404.0,MutNovel,"L270V,1.000"
X-1569,UTY,7404.0,MutNovel,"G171M,0.400"
X-1569,UTY,7404.0,MutNovel,"HL167QR,0.400"
X-1569,UTY,7404.0,MutNovel,"IH166EY,0.500"
X-1569,UTY,7404.0,MutNovel,"AK163VL,0.600"
X-1569,UTY,7404.0,MutNovel,"A163P,0.667"
X-1569,UTY,7404.0,MutNovel,"C161S,0.800"
X-1569,UTY,7404.0,MutNovel,"WK124CW,0.500"
X-1569,UTY,7404.0,MutNovel,"KA108NP,0.667"
X-1569,UTY,7404.0,MutNovel,"L102R,0.500"
X-1569,UTY,7404.0,MutNovel,"T68A,0.417"
X-1569,VHL,7428.0,MutKnownFunctional,"Q132*,1.000"
X-1569,VPS13C,54832.0,MutNovel,"S2303C,0.600"
X-1569,VPS13D,55187.0,MutNovel,"S1899A,0.667"
X-1569,VPS13D,55187.0,MutNovel,"L3687V,0.353"
X-1569,VWCE,220001.0,MutNovel,"T896M,0.667"
X-1569,WASH1,100287171.0,MutNovel,"P321S,0.667"
X-1569,WDHD1,11169.0,MutNovel,"T848A,1.000"
X-1569,WDR41,55255.0,MutNovel,"T391A,0.252"
X-1569,WDR81,124997.0,MutNovel,"K960E,0.240"
X-1569,WDR82,80335.0,MutNovel,"L47R,0.406"
X-1569,WHSC1,7468.0,MutNovel,"F1039L,0.688"
X-1569,XPO1,7514.0,MutNovel,"L724H,0.223"
X-1569,XPOT,11260.0,MutNovel,"S659G,0.231"
X-1569,YLPM1,56252.0,MutNovel,"G1523C,1.000"
X-1569,ZCCHC7,84186.0,MutKnownFunctional,"-539,0.625"
X-1569,ZDHHC1,29800.0,MutNovel,"L70P,0.273"
X-1569,ZER1,10444.0,MutKnownFunctional,"-726?,0.288"
X-1569,ZFC3H1,196441.0,MutNovel,"P1821T,0.258"
X-1569,ZGPAT,84619.0,MutNovel,"T283A,0.317"
X-1569,ZHX1,11244.0,MutNovel,"I221V,0.375"
X-1569,ZMYM2,7750.0,MutNovel,"S926G,0.265"
X-1569,ZMYM2,7750.0,MutKnownFunctional,"-1042,0.261"
X-1569,ZNF217,7764.0,MutNovel,"M147T,0.258"
X-1569,ZNF335,63925.0,MutNovel,"I1274N,0.440"
X-1569,ZNF335,63925.0,MutNovel,"I133V,0.391"
X-1569,ZNF341,84905.0,MutNovel,"C570F,1.000"
X-1569,ZNF350,59348.0,MutNovel,"Q119H,0.750"
X-1569,ZNF407,55628.0,MutNovel,"L1762P,0.375"
X-1569,ZNF415,55786.0,MutNovel,"N471D,0.750"
X-1569,ZNF416,55659.0,MutKnownFunctional,"R392*,0.333"
X-1569,ZNF486,90649.0,MutNovel,"R39M,0.750"
X-1569,ZNF642,339559.0,MutKnownFunctional,"Q240*,0.682"
X-1569,ZRANB1,54764.0,MutNovel,"F496L,0.290"
X-1569,ZSCAN2,54993.0,MutNovel,"E67G,0.750"
X-1569,ZSCAN29,146050.0,MutNovel,"T16N,0.429"
X-1569,ZWILCH,55055.0,MutNovel,"K176E,0.423"
X-1678,ACOT1,641371.0,Del0.8,0.74
X-1678,ACSM2A,123876.0,MutNovel,"N463D,1.000"
X-1678,ACSM2B,348158.0,MutNovel,"I96V,1.000"
X-1678,ACTR3B,57180.0,MutNovel,"R250W,0.340"
X-1678,ACY1,95.0,MutNovel,"V35G,1.000"
X-1678,ADRM1,11047.0,MutNovel,"I270S,0.393"
X-1678,AFAP1L1,134265.0,MutNovel,"Y251H,0.400"
X-1678,AGAP4,119016.0,MutNovel,"S87N,0.500"
X-1678,AGAP8,728404.0,MutNovel,"S532T,0.625"
X-1678,AKR1C4,1109.0,MutNovel,"V150A,1.000"
X-1678,ALDH7A1,501.0,MutNovel,"A8T,1.000"
X-1678,ALOX12,239.0,MutNovel,"V22L,0.793"
X-1678,AMELY,266.0,Del0.8,0.28
X-1678,ANKRD20A4,728747.0,MutNovel,"N354D,1.000"
X-1678,ANKRD20A4,728747.0,MutNovel,"M646R,1.000"
X-1678,ANKRD36C,,MutNovel,"R786W,0.727"
X-1678,ARHGEF11,9826.0,MutNovel,"I163V,0.582"
X-1678,ATAD3B,83858.0,MutNovel,"F274Y,1.000"
X-1678,ATM,472.0,MutNovel,"D1853V,0.603"
X-1678,ATMIN,23300.0,MutNovel,"T382I,0.281"
X-1678,ATP6V1F,9296.0,MutNovel,"P73L,0.600"
X-1678,BAHCC1,57597.0,MutNovel,"Q2511P,0.600"
X-1678,BANP,54971.0,MutNovel,"F297Y,0.467"
X-1678,BCORP1,286554.0,Del0.8,0.28
X-1678,BPY2B,442867.0,Del0.8,0.28
X-1678,BPY2B,442867.0,Del0.8,0.28
X-1678,C10orf68,79741.0,MutNovel,"R195C,1.000"
X-1678,C4A,720.0,MutNovel,"S347Y,1.000"
X-1678,C4B,721.0,MutNovel,"S347Y,1.000"
X-1678,C5orf42,65250.0,MutNovel,"E1435G,0.375"
X-1678,CAMKK2,10645.0,MutNovel,"A352V,0.344"
X-1678,CAPN3,825.0,MutNovel,"M326V,0.737"
X-1678,CARD10,29775.0,MutNovel,"M122T,0.310"
X-1678,CASS4,57091.0,MutKnownFunctional,"-302?,0.273"
X-1678,CDC42EP1,11135.0,MutNovel,"PAPAANPS253P,0.429"
X-1678,CDCA2,157313.0,MutNovel,"D352N,1.000"
X-1678,CDY1B,253175.0,Del0.8,0.28
X-1678,CDY1B,253175.0,Del0.8,0.28
X-1678,CDY2A,9426.0,Del0.8,0.28
X-1678,CDY2A,9426.0,Del0.8,0.28
X-1678,CDY2B,203611.0,Del0.8,0.28
X-1678,CDY2B,203611.0,Del0.8,0.28
X-1678,CERS6,253782.0,MutNovel,"L143F,0.516"
X-1678,CFHR1,3078.0,Amp5,6.28
X-1678,CFHR3,10878.0,Amp5,6.28
X-1678,CHST15,51363.0,MutKnownFunctional,"-456,0.650"
X-1678,CLEC18B,497190.0,MutNovel,"T173A,0.205"
X-1678,CLEC18C,283971.0,MutNovel,"R185G,0.438"
X-1678,CNTNAP3,79937.0,MutNovel,"F1173L,1.000"
X-1678,CNTNAP3,79937.0,MutNovel,"R771Q,1.000"
X-1678,CNTNAP3,79937.0,MutNovel,"R414S,1.000"
X-1678,CNTNAP3B,728577.0,MutKnownFunctional,"-533,1.000"
X-1678,CNTNAP3B,728577.0,MutNovel,"R1214W,1.000"
X-1678,CPSF6,11052.0,MutNovel,"R238H,0.273"
X-1678,CSPG4P1Y,114758.0,Del0.8,0.28
X-1678,CSPG4P1Y,114758.0,Del0.8,0.28
X-1678,CTAGE4,100128553.0,Amp5,6.23
X-1678,CTBP2,1488.0,MutNovel,"T626A,0.556"
X-1678,CTSA,5476.0,MutNovel,"L29-,0.294"
X-1678,CTTNBP2,83992.0,MutNovel,"H1590D,0.362"
X-1678,CYP2D6,1565.0,MutKnownFunctional,"-259,0.857"
X-1678,DAZ1,1617.0,Del0.8,0.28
X-1678,DAZ2,57055.0,Del0.8,0.28
X-1678,DAZ3,57054.0,Del0.8,0.28
X-1678,DAZ3,57054.0,Del0.8,0.28
X-1678,DAZ4,57135.0,Del0.8,0.28
X-1678,DAZ4,57135.0,Del0.8,0.28
X-1678,DDC,1644.0,MutNovel,"D473N,0.609"
X-1678,DDX3X,1654.0,MutNovel,"L457M,1.000"
X-1678,DDX3Y,8653.0,Del0.8,0.28
X-1678,DDX54,79039.0,MutNovel,"G6R,0.816"
X-1678,DENND4B,9909.0,MutNovel,"QQQ908-,0.597"
X-1678,DHRSX,207063.0,MutNovel,"K689G,0.375"
X-1678,DNASE1L2,1775.0,MutNovel,"R5Q,0.250"
X-1678,DPY19L2,283417.0,MutNovel,"I312V,0.667"
X-1678,DYNC2H1,79659.0,MutKnownFunctional,"E2061*,0.250"
X-1678,DZIP1,22873.0,MutNovel,"S849N,0.684"
X-1678,EBF4,57593.0,MutNovel,"V487M,0.531"
X-1678,EEF2K,29904.0,MutNovel,"T254M,0.614"
X-1678,EIF1AY,9086.0,Del0.8,0.28
X-1678,EPHA2,1969.0,MutNovel,"S790A,1.000"
X-1678,FAM171A1,221061.0,MutNovel,"I561L,0.321"
X-1678,FAM197Y2P,252946.0,Del0.8,0.28
X-1678,FAM27E3,,MutNovel,"T68S,0.500"
X-1678,FAM41AY1,340618.0,Del0.8,0.28
X-1678,FAM41AY1,340618.0,Del0.8,0.28
X-1678,FAM75A6,389730.0,Del0.8,0.69
X-1678,FAM90A1,55138.0,Amp5,5.58
X-1678,FANCI,55215.0,MutKnownFunctional,"Q672*,0.476"
X-1678,FBRS,64319.0,MutNovel,"A326T,0.439"
X-1678,FGA,2243.0,MutNovel,"R573C,0.612"
X-1678,FGFR3,2261.0,MutNovel,"G335R,0.343"
X-1678,FMO4,2329.0,MutNovel,"L211H,0.570"
X-1678,FUT5,2527.0,MutNovel,"E261K,0.833"
X-1678,GAS8,2622.0,MutNovel,"R278H,0.727"
X-1678,GLI3,2737.0,MutNovel,"M775L,0.682"
X-1678,GNAL,2774.0,MutNovel,"P36L,0.312"
X-1678,GNAL,2774.0,MutNovel,"P36PAL,0.688"
X-1678,GOLGA2P2Y,84559.0,Del0.8,0.28
X-1678,GOLGA2P2Y,84559.0,Del0.8,0.28
X-1678,GOLGA6L2,,MutNovel,"N54H,1.000"
X-1678,GON4L,54856.0,MutNovel,"T527M,0.420"
X-1678,GPR116,221395.0,MutNovel,"T1327N,1.000"
X-1678,GPR116,221395.0,MutNovel,"N1315S,1.000"
X-1678,GPR116,221395.0,MutKnownFunctional,"W1269*,1.000"
X-1678,GPR116,221395.0,MutNovel,"I1262S,1.000"
X-1678,GPR116,221395.0,MutNovel,"I1250V,1.000"
X-1678,GSTT1,2952.0,Amp5,5.78
X-1678,GYG2P1,352887.0,Del0.8,0.28
X-1678,HDAC7,51564.0,MutNovel,"A648G,0.213"
X-1678,HERC2,8924.0,MutNovel,"R61G,0.250"
X-1678,HLA-DQA2,3118.0,MutNovel,"F238L,1.000"
X-1678,HLA-DQB1,3119.0,MutNovel,"Q85L,1.000"
X-1678,HLA-DRB1,3123.0,MutNovel,"V209L,0.815"
X-1678,HLA-DRB5,3127.0,MutNovel,"F55Y,0.857"
X-1678,HLA-DRB5,3127.0,MutNovel,"Y42F,0.986"
X-1678,HMCN2,,MutNovel,"W3399S,1.000"
X-1678,HSFY2,159119.0,Del0.8,0.28
X-1678,HSFY2,159119.0,Del0.8,0.28
X-1678,IARS,3376.0,MutNovel,"Q202R,1.000"
X-1678,IFIT5,24138.0,MutNovel,"N306S,0.541"
X-1678,IL18R1,8809.0,MutNovel,"K514N,0.368"
X-1678,KDM5C,8242.0,MutKnownFunctional,"-199,0.911"
X-1678,KDM5D,8284.0,Del0.8,0.28
X-1678,KIAA0240,23506.0,MutNovel,"A377E,0.417"
X-1678,KIAA0368,23392.0,MutNovel,"R117P,1.000"
X-1678,KIAA0913,23053.0,MutNovel,"P1842L,0.518"
X-1678,KIAA0930,23313.0,MutNovel,"L407Q,0.340"
X-1678,KIAA1109,84162.0,MutNovel,"I2451T,0.683"
X-1678,KIF20B,9585.0,MutNovel,"L1062LKV,0.545"
X-1678,KYNU,8942.0,MutNovel,"S345G,0.320"
X-1678,LCE3C,353144.0,Del0.8,0.36
X-1678,LEMD3,23592.0,MutNovel,"A5T,0.214"
X-1678,LOC100127983,100127983.0,MutNovel,"E35K,0.270"
X-1678,LOC100287119,,MutNovel,"Q83H,1.000"
X-1678,LOC100505679,100505679.0,MutNovel,"E109D,0.667"
X-1678,LOC100996433,,MutNovel,"E20K,0.542"
X-1678,LOC100996433,,MutNovel,"S55C,0.235"
X-1678,LOC100996433,,MutNovel,"R80S,0.440"
X-1678,LOC391322,391322.0,Amp5,5.78
X-1678,LOC643699,,MutNovel,"L497P,0.941"
X-1678,LOC728047,,MutNovel,"S324A,1.000"
X-1678,LOC728734,,MutNovel,"S79T,1.000"
X-1678,LTBP3,4054.0,MutNovel,"A1182V,0.653"
X-1678,MAGEF1,64110.0,MutNovel,"G256E,0.498"
X-1678,MAN2B2,23324.0,MutNovel,"R81Q,0.637"
X-1678,MAP1B,4131.0,MutNovel,"E1482K,0.567"
X-1678,MAP3K11,4296.0,MutKnownFunctional,"-616,0.512"
X-1678,MAPK15,225689.0,MutNovel,"L424P,0.508"
X-1678,2014-03-07 00:00:00,64844.0,MutNovel,"R281S,0.558"
X-1678,MEF2A,4205.0,MutNovel,"QQ412-,0.269"
X-1678,MPDZ,8777.0,MutNovel,"G1019R,1.000"
X-1678,MPND,84954.0,MutNovel,"R164W,0.727"
X-1678,MPRIP,23164.0,MutNovel,"TS178T,0.581"
X-1678,MTHFD1L,25902.0,MutNovel,"A615V,0.522"
X-1678,MYO1D,4642.0,MutNovel,"D468Y,0.625"
X-1678,NBPF1,55672.0,MutNovel,"S853G,0.400"
X-1678,NBPF1,55672.0,MutNovel,"P675L,0.500"
X-1678,NBPF10,100132406.0,MutNovel,"E125Q,0.364"
X-1678,NBPF11,200030.0,MutNovel,"D119H,0.483"
X-1678,NBPF14,25832.0,MutNovel,"I861G,1.000"
X-1678,NBPF9,400818.0,MutNovel,"Q184R,1.000"
X-1678,NCOR2,9612.0,MutNovel,"G1839GAAA,0.563"
X-1678,NCRNA00185,55410.0,Del0.8,0.28
X-1678,NEB,4703.0,MutNovel,"P8083A,0.217"
X-1678,NIT2,56954.0,MutNovel,"P134L,0.996"
X-1678,NLGN4Y,22829.0,Del0.8,0.28
X-1678,NLRX1,79671.0,MutNovel,"V518L,0.374"
X-1678,NOMO2,283820.0,MutNovel,"D490N,1.000"
X-1678,NR1H2,7376.0,MutNovel,"-173Q,0.581"
X-1678,NUDT16L1,84309.0,MutNovel,"KQ10K,0.308"
X-1678,NUMB,8650.0,MutNovel,"KQM211-,0.394"
X-1678,OBSCN,84033.0,MutNovel,"V888A,0.205"
X-1678,OBSCN,84033.0,MutKnownFunctional,"-3395,0.316"
X-1678,OPA1,4976.0,MutNovel,"T280A,0.534"
X-1678,OR2A7,401427.0,Amp5,6.23
X-1678,OR2A9P,441295.0,Amp5,6.23
X-1678,ORAI1,84876.0,MutNovel,"PP43-,0.714"
X-1678,PAK1,5058.0,MutNovel,"R272W,0.332"
X-1678,PAPSS1,9061.0,MutKnownFunctional,"R590*,0.601"
X-1678,PBRM1,55193.0,MutKnownFunctional,"-390?,0.857"
X-1678,PCDH11Y,83259.0,Del0.8,0.28
X-1678,PDE5A,8654.0,MutNovel,"D844G,0.333"
X-1678,PEAK1,79834.0,MutNovel,"M245T,0.696"
X-1678,PEX6,5190.0,MutNovel,"A79P,0.333"
X-1678,PHLDA1,22822.0,MutNovel,"QQ194Q,0.515"
X-1678,PHLPP2,23035.0,MutNovel,"G1039C,0.654"
X-1678,PLEC,5339.0,MutNovel,"A2590S,0.488"
X-1678,PRKY,5616.0,Del0.8,0.28
X-1678,PRRT2,112476.0,MutNovel,"L38P,0.357"
X-1678,PRY,9081.0,Del0.8,0.28
X-1678,PRY,9081.0,Del0.8,0.28
X-1678,PRY2,442862.0,Del0.8,0.28
X-1678,PRY2,442862.0,Del0.8,0.28
X-1678,PTCHD3,374308.0,MutKnownFunctional,"-308?,0.833"
X-1678,RANBP17,64901.0,MutNovel,"V218I,1.000"
X-1678,RBMY1A3P,286557.0,Del0.8,0.28
X-1678,RBMY1B,378948.0,Del0.8,0.28
X-1678,RBMY1B,378948.0,Del0.8,0.28
X-1678,RBMY1E,378950.0,Del0.8,0.28
X-1678,RBMY1E,378950.0,Del0.8,0.28
X-1678,RBMY1F,159163.0,Del0.8,0.28
X-1678,RBMY1F,159163.0,Del0.8,0.28
X-1678,RBMY1J,378951.0,Del0.8,0.28
X-1678,RBMY1J,378951.0,Del0.8,0.28
X-1678,RBMY2EP,159125.0,Del0.8,0.28
X-1678,RBMY2FP,159162.0,Del0.8,0.28
X-1678,RBMY3AP,64593.0,Del0.8,0.28
X-1678,RECQL4,9401.0,MutNovel,"D712N,0.400"
X-1678,RIN3,79890.0,MutNovel,"G967-,0.412"
X-1678,RNF168,165918.0,MutNovel,"P209A,0.538"
X-1678,RPL28,6158.0,MutNovel,"E70Q,0.841"
X-1678,RPS4Y1,6192.0,Del0.8,0.28
X-1678,RPS4Y2,140032.0,Del0.8,0.28
X-1678,RTN4R,65078.0,MutNovel,"Q211R,0.607"
X-1678,RUFY2,55680.0,MutKnownFunctional,"-153?,0.259"
X-1678,SACS,26278.0,MutNovel,"H1769R,0.261"
X-1678,SACS,26278.0,MutNovel,"P204L,0.533"
X-1678,SCAMP5,192683.0,MutKnownFunctional,"Q222*,0.609"
X-1678,SCAPER,49855.0,Del0.8,0.71
X-1678,SERHL2,253190.0,MutNovel,"H168Q,0.312"
X-1678,SERINC2,347735.0,MutNovel,"-373Q,0.711"
X-1678,SESN1,27244.0,MutNovel,"A10V,0.625"
X-1678,SFR1,119392.0,MutNovel,"R180I,0.718"
X-1678,SHH,6469.0,MutNovel,"K250T,0.516"
X-1678,SIRPB1,10326.0,MutNovel,"H351C,0.667"
X-1678,SIRPG,55423.0,MutNovel,"G73A,0.667"
X-1678,SIRPG,55423.0,MutNovel,"M34V,0.833"
X-1678,SLC15A4,121260.0,MutNovel,"D562G,0.719"
X-1678,SLC19A2,10560.0,MutNovel,"Y160C,0.556"
X-1678,SLC25A33,84275.0,MutNovel,"R276C,1.000"
X-1678,SLC28A1,9154.0,MutNovel,"L140LV,0.567"
X-1678,SLC38A10,124565.0,MutNovel,"E453T,0.620"
X-1678,SPAG1,6674.0,MutNovel,"I472V,0.500"
X-1678,SPATA18,132671.0,MutNovel,"S227L,0.348"
X-1678,SPHK2,56848.0,MutKnownFunctional,"-419R?,0.538"
X-1678,SPNS2,124976.0,MutNovel,"T74A,0.214"
X-1678,SPRTN,,MutKnownFunctional,"Q26*,0.429"
X-1678,SRY,6736.0,Del0.8,0.28
X-1678,STARD9,57519.0,MutNovel,"Q3265R,0.607"
X-1678,STK36,27148.0,MutKnownFunctional,"-636,0.538"
X-1678,SYNE1,23345.0,MutNovel,"V3841I,0.385"
X-1678,TBL1Y,90665.0,Del0.8,0.28
X-1678,TBP,6908.0,MutNovel,"-64Q,0.300"
X-1678,TGIF2LY,90655.0,Del0.8,0.28
X-1678,TJP1,7082.0,MutNovel,"H1110R,0.632"
X-1678,TLK2,11011.0,MutNovel,"R262Q,0.397"
X-1678,TMEM192,201931.0,MutNovel,"A174V,0.674"
X-1678,TMEM41B,440026.0,MutNovel,"V101L,0.764"
X-1678,TMSB4Y,9087.0,Del0.8,0.28
X-1678,TNFAIP6,7130.0,MutKnownFunctional,"-278,0.342"
X-1678,TRPC7,57113.0,MutNovel,"G702R,1.000"
X-1678,TSC1,7248.0,MutNovel,"D123H,1.000"
X-1678,TSPY1,7258.0,Del0.8,0.28
X-1678,TSPY2,64591.0,Del0.8,0.28
X-1678,TSPY3,728137.0,Del0.8,0.28
X-1678,TSPY4,728395.0,Del0.8,0.28
X-1678,TSPY8,728403.0,Del0.8,0.28
X-1678,TSPYL1,7259.0,MutNovel,"V176VW,0.906"
X-1678,TTTY10,246119.0,Del0.8,0.28
X-1678,TTTY11,83866.0,Del0.8,0.28
X-1678,TTTY12,83867.0,Del0.8,0.28
X-1678,TTTY13,83868.0,Del0.8,0.28
X-1678,TTTY14,83869.0,Del0.8,0.28
X-1678,TTTY15,64595.0,Del0.8,0.28
X-1678,TTTY16,252948.0,Del0.8,0.28
X-1678,TTTY17A,252949.0,Del0.8,0.28
X-1678,TTTY17A,252949.0,Del0.8,0.28
X-1678,TTTY18,252950.0,Del0.8,0.28
X-1678,TTTY19,252952.0,Del0.8,0.28
X-1678,TTTY1B,100101116.0,Del0.8,0.28
X-1678,TTTY1B,100101116.0,Del0.8,0.28
X-1678,TTTY2,60439.0,Del0.8,0.28
X-1678,TTTY2,60439.0,Del0.8,0.28
X-1678,TTTY20,252951.0,Del0.8,0.28
X-1678,TTTY21,252953.0,Del0.8,0.28
X-1678,TTTY21,252953.0,Del0.8,0.28
X-1678,TTTY22,252954.0,Del0.8,0.28
X-1678,TTTY23,252955.0,Del0.8,0.28
X-1678,TTTY23,252955.0,Del0.8,0.28
X-1678,TTTY3,114760.0,Del0.8,0.28
X-1678,TTTY3,114760.0,Del0.8,0.28
X-1678,TTTY4,114761.0,Del0.8,0.28
X-1678,TTTY4,114761.0,Del0.8,0.28
X-1678,TTTY5,83863.0,Del0.8,0.28
X-1678,TTTY6,84672.0,Del0.8,0.28
X-1678,TTTY6,84672.0,Del0.8,0.28
X-1678,TTTY7,246122.0,Del0.8,0.28
X-1678,TTTY7,246122.0,Del0.8,0.28
X-1678,TTTY7B,100101120.0,Del0.8,0.28
X-1678,TTTY7B,100101120.0,Del0.8,0.28
X-1678,TTTY8,84673.0,Del0.8,0.28
X-1678,TTTY8,84673.0,Del0.8,0.28
X-1678,TTTY9A,83864.0,Del0.8,0.28
X-1678,TTTY9A,83864.0,Del0.8,0.28
X-1678,TUBGCP2,10844.0,MutNovel,"S225P,0.208"
X-1678,TUBGCP3,10426.0,MutNovel,"I747S,0.436"
X-1678,TXLNG2P,246126.0,Del0.8,0.28
X-1678,TXNRD3,114112.0,MutNovel,"R26Q,1.000"
X-1678,UGT2B11,10720.0,MutNovel,"A346T,1.000"
X-1678,UPP1,7378.0,MutNovel,"P102L,0.426"
X-1678,USP36,57602.0,MutNovel,"KKK958K,0.694"
X-1678,USP6NL,9712.0,MutNovel,"R438G,0.235"
X-1678,USP9Y,8287.0,Del0.8,0.28
X-1678,UTP6,55813.0,MutNovel,"M205R,0.708"
X-1678,UTY,7404.0,Del0.8,0.28
X-1678,VCY,9084.0,Del0.8,0.28
X-1678,VCY,9084.0,Del0.8,0.28
X-1678,VHL,7428.0,MutKnownFunctional,"S65W,1.000"
X-1678,VSIG10L,147645.0,MutNovel,"SL*866*,0.700"
X-1678,WDR43,23160.0,MutNovel,"R71W,0.528"
X-1678,WIZ,58525.0,MutNovel,"R684H,0.630"
X-1678,XKRY2,353515.0,Del0.8,0.28
X-1678,XKRY2,353515.0,Del0.8,0.28
X-1678,ZAK,51776.0,MutNovel,"I397N,0.615"
X-1678,ZBTB38,253461.0,MutNovel,"S188N,0.466"
X-1678,ZFAT,57623.0,MutNovel,"L598S,0.667"
X-1678,ZFY,7544.0,Del0.8,0.28
X-1678,ZNF219,51222.0,MutNovel,"QPP233P,0.392"
X-1678,ZNF283,284349.0,MutNovel,"K348E,0.286"
X-1678,ZNF564,163050.0,MutKnownFunctional,"-351,0.636"
X-1678,ZNF578,147660.0,MutNovel,"H3Y,1.000"
X-1678,ZNHIT2,741.0,MutKnownFunctional,"-303,0.458"
X-2207,ABCA2,20.0,MutNovel,"V813M,0.266"
X-2207,ABCA6,23460.0,MutNovel,"L269P,0.719"
X-2207,ABCC5,10057.0,MutKnownFunctional,"Y397*,0.296"
X-2207,ABL1,25.0,MutNovel,"EK374E,0.400"
X-2207,ACAT2,39.0,Del0.8,0.79
X-2207,ACHE,43.0,MutNovel,"P4L,0.562"
X-2207,ACSM2A,123876.0,MutNovel,"N463D,1.000"
X-2207,ACSM2B,348158.0,MutNovel,"I96V,1.000"
X-2207,ADARB1,104.0,MutNovel,"R714H,1.000"
X-2207,AGXT2,64902.0,MutNovel,"R103I,0.216"
X-2207,AIFM1,9131.0,MutNovel,"T52A,1.000"
X-2207,AJAP1,55966.0,MutNovel,"G22R,0.667"
X-2207,AKT1,207.0,MutNovel,"R465H,0.504"
X-2207,ALAD,210.0,MutNovel,"P167Q,0.301"
X-2207,ALG8,79053.0,MutNovel,"T8A,1.000"
X-2207,ALOX12,239.0,MutNovel,"A93V,0.431"
X-2207,ALPPL2,251.0,MutNovel,"K157Q,1.000"
X-2207,AMELY,266.0,Del0.8,0.25
X-2207,ANKRD36,375248.0,MutNovel,"P857L,1.000"
X-2207,ANLN,54443.0,MutNovel,"D600H,0.472"
X-2207,ANO8,57719.0,MutNovel,"S1229G,0.556"
X-2207,ANO8,57719.0,MutNovel,"R128C,0.583"
X-2207,AP4E1,23431.0,MutNovel,"V321M,0.625"
X-2207,APBB1,322.0,MutNovel,"R389C,0.495"
X-2207,ARAP2,116984.0,MutNovel,"N1153K,0.571"
X-2207,ARID1A,8289.0,MutKnownFunctional,"-1848,1.000"
X-2207,ARIH1,25820.0,MutNovel,"A470V,0.523"
X-2207,ARL10,285598.0,MutNovel,"V181I,0.364"
X-2207,ARPC3,10094.0,MutNovel,"G30V,0.726"
X-2207,ASH2L,9070.0,MutNovel,"A40T,0.212"
X-2207,ASMTL,8623.0,MutNovel,"M1274V,0.400"
X-2207,ASPG,374569.0,MutNovel,"L240P,1.000"
X-2207,ASPM,259266.0,Amp5,5.43
X-2207,ASTE1,28990.0,MutKnownFunctional,"-632,0.467"
X-2207,ASXL1,171023.0,MutKnownFunctional,"-643,0.351"
X-2207,ATP6V1E1,529.0,MutNovel,"K138Q,0.672"
X-2207,ATXN1L,342371.0,MutNovel,"S652N,0.737"
X-2207,B3GALT2,8707.0,Amp5,5.06
X-2207,BACH1,571.0,MutNovel,"R564S,0.650"
X-2207,BAI1,575.0,MutNovel,"R865H,0.517"
X-2207,BCL9L,283149.0,MutKnownFunctional,"-1127,0.544"
X-2207,BCLAF1,9774.0,MutKnownFunctional,"-880,0.500"
X-2207,BCORP1,286554.0,Del0.8,0.25
X-2207,BDH2,56898.0,MutNovel,"S137N,0.445"
X-2207,BDP1,55814.0,MutNovel,"G732V,0.267"
X-2207,BMP2K,55589.0,MutNovel,"-460Q,0.395"
X-2207,BOD1L1,,MutKnownFunctional,"-236?,0.316"
X-2207,BPY2B,442867.0,Del0.8,0.25
X-2207,BPY2B,442867.0,Del0.8,0.25
X-2207,BRWD1,54014.0,MutNovel,"S726I,0.321"
X-2207,BTRC,8945.0,MutKnownFunctional,"-592,0.358"
X-2207,C10orf118,55088.0,MutNovel,"E77G,0.389"
X-2207,C14orf182,283551.0,MutKnownFunctional,"Q105*,0.400"
X-2207,C15orf52,388115.0,MutNovel,"V472I,0.429"
X-2207,C16orf93,90835.0,MutNovel,"L293F,0.253"
X-2207,C19orf68,,MutNovel,"V147M,0.350"
X-2207,C1QL4,338761.0,MutNovel,"R109H,1.000"
X-2207,C1QTNF2,114898.0,MutKnownFunctional,"-162,0.368"
X-2207,C1orf27,54953.0,Amp5,5.06
X-2207,C1orf88,128344.0,MutNovel,"K174R,0.429"
X-2207,C6orf99,100130967.0,Del0.8,0.79
X-2207,C8orf59,401466.0,MutNovel,"-90LM,1.000"
X-2207,CALHM2,51063.0,MutNovel,"T142M,0.500"
X-2207,CAPN10,11132.0,MutNovel,"S406L,0.528"
X-2207,CAPN7,23473.0,MutNovel,"F13V,0.619"
X-2207,CASKIN1,57524.0,MutNovel,"T1317M,0.500"
X-2207,CASP8AP2,9994.0,MutKnownFunctional,"-1128?,0.533"
X-2207,CASS4,57091.0,MutNovel,"A682V,0.591"
X-2207,CASZ1,54897.0,MutNovel,"A1545T,0.364"
X-2207,CCDC40,55036.0,MutNovel,"R718Q,0.219"
X-2207,CCDC43,124808.0,MutKnownFunctional,"-216?,0.384"
X-2207,CCDC85C,317762.0,MutNovel,"L250S,0.489"
X-2207,CCHCR1,54535.0,MutKnownFunctional,"-447,0.270"
X-2207,CCRN4L,25819.0,MutNovel,"N409K,0.367"
X-2207,CD160,11126.0,Amp5,6.11
X-2207,CDC42EP1,11135.0,MutNovel,"PAPAANPS253P,0.386"
X-2207,CDC42EP5,148170.0,MutKnownFunctional,"-131,0.255"
X-2207,CDC73,79577.0,Amp5,5.06
X-2207,CDY1B,253175.0,Del0.8,0.25
X-2207,CDY1B,253175.0,Del0.8,0.25
X-2207,CDY2A,9426.0,Del0.8,0.25
X-2207,CDY2A,9426.0,Del0.8,0.25
X-2207,CDY2B,203611.0,Del0.8,0.25
X-2207,CDY2B,203611.0,Del0.8,0.25
X-2207,CEP350,9857.0,MutNovel,"R253Q,0.238"
X-2207,CFH,3075.0,Amp5,5.06
X-2207,CFHR1,3078.0,Amp8,10.63
X-2207,CFHR2,3080.0,Amp5,5.43
X-2207,CFHR3,10878.0,Amp8,10.63
X-2207,CFHR4,10877.0,Amp5,5.43
X-2207,CFHR5,81494.0,Amp5,5.43
X-2207,CHD8,57680.0,MutNovel,"E2542D,0.484"
X-2207,CHFR,55743.0,MutNovel,"H655N,0.261"
X-2207,CHRM3,1131.0,MutNovel,"G85S,0.667"
X-2207,CHRM4,1132.0,MutNovel,"V115A,1.000"
X-2207,CHST13,166012.0,MutNovel,"G147S,0.345"
X-2207,CHST15,51363.0,MutKnownFunctional,"-456,1.000"
X-2207,CLCNKB,1188.0,MutNovel,"M427I,0.963"
X-2207,CLEC18B,497190.0,MutNovel,"T173A,0.957"
X-2207,CLEC18C,283971.0,MutNovel,"R185G,0.667"
X-2207,CLSTN3,9746.0,MutNovel,"S333L,0.310"
X-2207,CLTC,1213.0,MutNovel,"A569D,0.339"
X-2207,CNDP1,84735.0,MutNovel,"V15VL,1.000"
X-2207,CNTNAP3B,728577.0,MutNovel,"G1206W,0.667"
X-2207,COBLL1,22837.0,MutKnownFunctional,"-907,0.409"
X-2207,COL18A1,80781.0,MutKnownFunctional,"-1489?,0.266"
X-2207,COL22A1,169044.0,MutNovel,"A430T,0.467"
X-2207,COPZ2,51226.0,MutKnownFunctional,"-6?,1.000"
X-2207,CPEB2,132864.0,MutNovel,"G380A,0.545"
X-2207,CRELD2,79174.0,MutNovel,"S344A,0.414"
X-2207,CRYBG3,,MutNovel,"G1629V,0.522"
X-2207,CSPG4P1Y,114758.0,Del0.8,0.25
X-2207,CSPG4P1Y,114758.0,Del0.8,0.25
X-2207,CYB5D2,124936.0,MutNovel,"E140D,0.688"
X-2207,CYB5R1,51706.0,MutNovel,"T55M,0.650"
X-2207,CYS1,192668.0,MutNovel,"P87L,0.882"
X-2207,CYS1,192668.0,MutNovel,"V45L,0.917"
X-2207,D2HGDH,728294.0,MutNovel,"R15G,0.438"
X-2207,DAGLA,747.0,MutNovel,"T853M,0.357"
X-2207,DAPK1,1612.0,MutNovel,"N292S,0.437"
X-2207,DAZ1,1617.0,Del0.8,0.25
X-2207,DAZ2,57055.0,Del0.8,0.25
X-2207,DAZ3,57054.0,Del0.8,0.25
X-2207,DAZ3,57054.0,Del0.8,0.25
X-2207,DAZ4,57135.0,Del0.8,0.25
X-2207,DAZ4,57135.0,Del0.8,0.25
X-2207,DDX21,9188.0,MutNovel,"S751N,0.724"
X-2207,DDX3Y,8653.0,Del0.8,0.25
X-2207,DHX34,9704.0,MutNovel,"A114T,0.245"
X-2207,DICER1,23405.0,MutNovel,"G258V,0.769"
X-2207,DIP2C,22982.0,MutNovel,"G784R,0.208"
X-2207,DIRAS2,54769.0,MutNovel,"E95D,0.449"
X-2207,DLGAP5,9787.0,MutNovel,"IL359-,0.250"
X-2207,DMWD,1762.0,MutKnownFunctional,"-456?,0.382"
X-2207,DNA2,1763.0,MutKnownFunctional,"-779,0.387"
X-2207,DNAL4,10126.0,MutNovel,"A53T,0.340"
X-2207,DTWD2,285605.0,MutNovel,"R32G,0.846"
X-2207,DYNLT1,6993.0,Del0.8,0.79
X-2207,EEF1G,1937.0,MutKnownFunctional,"R348*,0.327"
X-2207,EIF1AY,9086.0,Del0.8,0.25
X-2207,ELF2,1998.0,MutNovel,"P9L,0.476"
X-2207,ELMO3,79767.0,MutNovel,"A512T,0.270"
X-2207,EMX1,2016.0,MutNovel,"T44A,0.333"
X-2207,EMX1,2016.0,MutNovel,"V177M,0.393"
X-2207,ENAH,55740.0,MutNovel,"R240W,0.218"
X-2207,ENC1,8507.0,MutNovel,"R180T,0.238"
X-2207,ERBB2IP,55914.0,MutKnownFunctional,"-1348,0.509"
X-2207,ESPNL,339768.0,MutNovel,"P705A,0.444"
X-2207,EVPL,2125.0,MutNovel,"R1999C,0.333"
X-2207,EWSR1,2130.0,MutNovel,"R495C,0.345"
X-2207,EZR,7430.0,Del0.8,0.79
X-2207,F13B,2165.0,Amp5,5.43
X-2207,FAHD1,81889.0,MutNovel,"K113-,0.261"
X-2207,FAM115C,285966.0,MutNovel,"S403P,1.000"
X-2207,FAM120C,54954.0,MutNovel,"D539E,0.467"
X-2207,FAM120C,54954.0,MutNovel,"P106L,0.833"
X-2207,FAM124B,79843.0,MutKnownFunctional,"E452*,1.000"
X-2207,FAM134C,162427.0,MutNovel,"R464M,0.381"
X-2207,FAM153B,202134.0,MutNovel,"I107T,1.000"
X-2207,FAM161A,84140.0,MutNovel,"N656ND,0.500"
X-2207,FAM168B,130074.0,MutNovel,"T187I,0.400"
X-2207,FAM197Y2P,252946.0,Del0.8,0.25
X-2207,FAM211B,388886.0,MutNovel,"P256S,0.282"
X-2207,FAM22A,728118.0,MutNovel,"D659E,1.000"
X-2207,FAM41AY1,340618.0,Del0.8,0.25
X-2207,FAM41AY1,340618.0,Del0.8,0.25
X-2207,FAM59B,150946.0,MutNovel,"R101M,0.444"
X-2207,FAM59B,150946.0,MutNovel,"Q407R,1.000"
X-2207,FAM5C,339479.0,Amp5,5.06
X-2207,FAM76B,143684.0,MutNovel,"Q285R,0.417"
X-2207,FBRSL1,57666.0,MutNovel,"G935S,0.394"
X-2207,FBXO11,80204.0,MutNovel,"PP45P,0.409"
X-2207,FBXO42,54455.0,MutKnownFunctional,"-525,0.517"
X-2207,FBXW5,54461.0,MutNovel,"R454W,0.301"
X-2207,FILIP1L,11259.0,MutNovel,"R321L,0.379"
X-2207,FKRP,79147.0,MutNovel,"T179A,0.381"
X-2207,FLG,2312.0,MutNovel,"E3222Q,0.500"
X-2207,FLNB,2317.0,MutKnownFunctional,"-2618,0.500"
X-2207,FLOT1,10211.0,MutNovel,"Y292S,0.486"
X-2207,FMN2,56776.0,Amp5,5.62
X-2207,FNDC1,84624.0,Del0.8,0.79
X-2207,FUT8,2530.0,MutNovel,"R318Q,0.454"
X-2207,FZD5,7855.0,MutKnownFunctional,"-180,0.468"
X-2207,GGT2,,MutNovel,"L460P,0.625"
X-2207,GGT2,,MutNovel,"P216L,0.714"
X-2207,GIGYF2,26058.0,MutNovel,"PQ1231P,0.512"
X-2207,GK,2710.0,MutNovel,"G359D,1.000"
X-2207,GLRX2,51022.0,Amp5,5.06
X-2207,GLTSCR1,29998.0,MutKnownFunctional,"-935,0.780"
X-2207,GNPTAB,79158.0,MutKnownFunctional,"-750?,0.367"
X-2207,GOLGA2P2Y,84559.0,Del0.8,0.25
X-2207,GOLGA2P2Y,84559.0,Del0.8,0.25
X-2207,GOLGB1,2804.0,MutNovel,"N1632D,0.342"
X-2207,GPRASP1,9737.0,MutKnownFunctional,"-775,0.333"
X-2207,GPRIN2,9721.0,MutNovel,"-238MRE,0.286"
X-2207,GRIN2C,2905.0,MutNovel,"G1219V,0.667"
X-2207,GRM7,2917.0,Del0.8,0.78
X-2207,GTF2H5,404672.0,Del0.8,0.79
X-2207,GYG2P1,352887.0,Del0.8,0.25
X-2207,GYS1,2997.0,MutNovel,"N374S,0.516"
X-2207,HARBI1,283254.0,MutNovel,"I5T,0.389"
X-2207,HBS1L,10767.0,MutKnownFunctional,"-627,0.368"
X-2207,HDLBP,3069.0,MutNovel,"V816L,0.468"
X-2207,HEATR7A,727957.0,MutNovel,"V988M,0.459"
X-2207,HEATR7A,727957.0,MutNovel,"E1625K,0.556"
X-2207,HLA-DQB2,3120.0,MutNovel,"Q153R,1.000"
X-2207,HLA-DRB5,3127.0,Amp5,6.02
X-2207,HLA-DRB6,3128.0,Amp5,6.02
X-2207,HMCN1,83872.0,Amp5,5.06
X-2207,HOXA3,3200.0,MutKnownFunctional,"-100,0.529"
X-2207,HOXB2,3212.0,MutNovel,"A213V,0.341"
X-2207,HOXC11,3227.0,MutKnownFunctional,"-249,0.224"
X-2207,HOXC4,3221.0,MutNovel,"R207C,0.375"
X-2207,HPN,3249.0,MutNovel,"Q224R,0.224"
X-2207,HPS6,79803.0,MutNovel,"G444D,0.690"
X-2207,HSFY2,159119.0,Del0.8,0.25
X-2207,HSFY2,159119.0,Del0.8,0.25
X-2207,HSPA12A,259217.0,MutNovel,"S269T,0.316"
X-2207,HSPA1A,3303.0,MutNovel,"G484C,0.333"
X-2207,HSPB9,94086.0,MutNovel,"G62C,0.292"
X-2207,ICA1,3382.0,MutNovel,"N309S,0.463"
X-2207,IDE,3416.0,MutKnownFunctional,"-37,0.745"
X-2207,IGF2BP3,10643.0,MutKnownFunctional,"Q167*,0.404"
X-2207,IGF2R,3482.0,Del0.8,0.79
X-2207,IGFN1,91156.0,MutNovel,"G1703R,0.418"
X-2207,IGFN1,91156.0,MutNovel,"S2651F,0.449"
X-2207,IST1,9798.0,MutNovel,"MP236-,0.601"
X-2207,ITGA1,3672.0,MutNovel,"Y49N,0.656"
X-2207,ITGAE,3682.0,MutNovel,"V1115I,0.313"
X-2207,ITPK1,3705.0,MutNovel,"A346V,0.482"
X-2207,KAT8,84148.0,MutNovel,"P36A,0.234"
X-2207,KAT8,84148.0,MutNovel,"R136H,0.337"
X-2207,KCNK9,51305.0,MutNovel,"E130K,0.204"
X-2207,KCNT2,343450.0,Amp5,5.06
X-2207,KDM3A,55818.0,MutNovel,"L12F,0.561"
X-2207,KDM5D,8284.0,Del0.8,0.25
X-2207,KIAA0391,9692.0,MutKnownFunctional,"-83?,0.253"
X-2207,KIAA1009,22832.0,MutNovel,"K1252E,0.600"
X-2207,KIAA1033,23325.0,MutKnownFunctional,"-6,0.275"
X-2207,KIAA1033,23325.0,MutNovel,"H746Y,0.718"
X-2207,KIAA1109,84162.0,MutNovel,"R1347Q,0.417"
X-2207,KIDINS220,57498.0,MutNovel,"T620I,0.500"
X-2207,KIF1C,10749.0,MutNovel,"S583P,0.644"
X-2207,KIF20A,10112.0,MutNovel,"LD545L,0.434"
X-2207,KIFC2,90990.0,MutNovel,"R442C,0.452"
X-2207,KLF4,9314.0,MutNovel,"S254A,0.500"
X-2207,KLHL15,80311.0,MutNovel,"H214L,0.400"
X-2207,KLHL2,11275.0,MutNovel,"E92G,0.227"
X-2207,KRT10,3858.0,MutNovel,"HGGG487-,1.000"
X-2207,KRT8,3856.0,MutNovel,"T159M,0.687"
X-2207,KRTAP1-5,83895.0,MutKnownFunctional,"-132,1.000"
X-2207,KRTAP2-2,728279.0,MutNovel,"F10L,1.000"
X-2207,KXD1,79036.0,MutNovel,"R37C,0.264"
X-2207,LARP7,51574.0,MutKnownFunctional,"-590,0.503"
X-2207,LCE1E,353135.0,Amp5,7.11
X-2207,LCE3C,353144.0,Amp5,7.57
X-2207,LIMS2,55679.0,MutNovel,"S102Y,0.778"
X-2207,LMF1,64788.0,MutKnownFunctional,"Q96*,0.233"
X-2207,LOC100129518,100129518.0,Del0.8,0.79
X-2207,LOC100132900,,MutKnownFunctional,"R90*,0.286"
X-2207,LOC440704,440704.0,Amp5,5.06
X-2207,LOC653720,,MutNovel,"S626L,1.000"
X-2207,LOC729603,729603.0,Del0.8,0.79
X-2207,LRWD1,222229.0,MutNovel,"R72H,0.233"
X-2207,LSR,51599.0,MutNovel,"G518GR,0.867"
X-2207,MACC1,346389.0,MutNovel,"P442S,0.682"
X-2207,MAGI1,9223.0,MutKnownFunctional,"-1446?,0.500"
X-2207,MAP4K1,11184.0,MutNovel,"V711M,0.400"
X-2207,MAPK10,5602.0,MutNovel,"D150N,0.667"
X-2207,MAPKBP1,23005.0,MutNovel,"A1127V,0.406"
X-2207,MAS1,4142.0,Del0.8,0.79
X-2207,MATN3,4148.0,MutNovel,"R92H,0.774"
X-2207,MBD2,8932.0,MutNovel,"C111G,0.667"
X-2207,MBOAT7,79143.0,MutNovel,"W395C,0.444"
X-2207,MBOAT7,79143.0,MutNovel,"T109M,0.278"
X-2207,MCM3AP,8888.0,MutNovel,"R906C,0.358"
X-2207,MCM3AP,8888.0,MutNovel,"Y720C,0.345"
X-2207,MEA1,4201.0,MutNovel,"EG120G,0.495"
X-2207,MED13L,23389.0,MutNovel,"A1676T,0.407"
X-2207,MED16,10025.0,MutNovel,"R472Q,0.252"
X-2207,MEF2A,4205.0,MutNovel,"QQQP420Q,0.459"
X-2207,MEGF8,1954.0,MutNovel,"R2528Q,0.241"
X-2207,MEN1,4221.0,MutKnownFunctional,"-521,0.482"
X-2207,METTL18,92342.0,MutNovel,"L55V,0.537"
X-2207,MFSD5,84975.0,MutNovel,"A83T,0.444"
X-2207,MGLL,11343.0,MutNovel,"T48A,0.340"
X-2207,MICA,100507436.0,MutNovel,"W267R,0.589"
X-2207,MIR1278,100302163.0,Amp5,5.06
X-2207,MIR3692,100500899.0,Del0.8,0.79
X-2207,MIR3918,100500851.0,Del0.8,0.79
X-2207,MIR4735,100616363.0,Amp5,5.06
X-2207,MIR548F1,100302192.0,Amp5,5.06
X-2207,MKS1,54903.0,MutNovel,"SY372Y,0.600"
X-2207,MLH1,4292.0,MutKnownFunctional,"-703,1.000"
X-2207,MLL2,8085.0,MutKnownFunctional,"-4628,0.704"
X-2207,MORC4,79710.0,MutNovel,"R199H,0.439"
X-2207,MPRIP,23164.0,MutNovel,"TS178T,1.000"
X-2207,MRPL18,29074.0,Del0.8,0.79
X-2207,MSLN,10232.0,MutKnownFunctional,"W281*,0.500"
X-2207,MTOR,2475.0,MutNovel,"S2328T,1.000"
X-2207,MUC1,4582.0,MutNovel,"P182L,0.577"
X-2207,MX1,4599.0,MutNovel,"S566Y,0.300"
X-2207,MYLK,4638.0,MutNovel,"G1623D,0.392"
X-2207,MYO15A,51168.0,MutNovel,"V2541L,0.500"
X-2207,MYO15A,51168.0,MutNovel,"L2542P,0.750"
X-2207,MYO19,80179.0,MutNovel,"F924C,0.681"
X-2207,MYSM1,114803.0,MutKnownFunctional,"-738?,0.409"
X-2207,NAIP,4671.0,MutNovel,"A390T,0.368"
X-2207,NBPF1,55672.0,MutNovel,"Q764K,0.410"
X-2207,NBPF14,25832.0,MutNovel,"P64L,0.900"
X-2207,NCOR2,9612.0,MutNovel,"G1839GAAA,0.977"
X-2207,NCR3LG1,,MutNovel,"D150E,1.000"
X-2207,NCRNA00185,55410.0,Del0.8,0.25
X-2207,NEURL4,84461.0,MutNovel,"R520C,0.243"
X-2207,NEURL4,84461.0,MutNovel,"A251V,0.352"
X-2207,NFKBIZ,64332.0,MutNovel,"F35L,0.764"
X-2207,NID2,22795.0,MutNovel,"L1287P,0.875"
X-2207,NLGN3,54413.0,MutNovel,"L627M,0.583"
X-2207,NLGN4Y,22829.0,Del0.8,0.25
X-2207,NOVA1,4857.0,MutNovel,"L85P,0.531"
X-2207,NR1H2,7376.0,MutNovel,"-173Q,1.000"
X-2207,NR2F6,2063.0,MutNovel,"W216A,0.414"
X-2207,NUDT19,390916.0,MutNovel,"G23D,0.500"
X-2207,NUP210,23225.0,MutNovel,"C53R,1.000"
X-2207,OBSCN,84033.0,MutNovel,"V7855M,0.308"
X-2207,OCLM,10896.0,Amp5,5.06
X-2207,ODF2,4957.0,MutNovel,"P118S,0.616"
X-2207,OGFR,11054.0,MutNovel,"GD39-,0.496"
X-2207,OR2T10,127069.0,Amp5,7.36
X-2207,OR2T11,127077.0,Amp5,7.36
X-2207,OR2T29,343563.0,Amp5,7.36
X-2207,OR2T34,127068.0,Amp5,7.36
X-2207,OR4C6,219432.0,Del0.8,0.35
X-2207,OR4F5,79501.0,Del0.8,0.72
X-2207,OR4P4,81300.0,Del0.8,0.35
X-2207,OR4S2,219431.0,Del0.8,0.35
X-2207,ORAI1,84876.0,MutNovel,"PP43-,1.000"
X-2207,OSTCP1,202459.0,Del0.8,0.79
X-2207,OSTM1,28962.0,MutNovel,"L244F,0.463"
X-2207,OTUD6B,51633.0,MutNovel,"S310L,0.239"
X-2207,P2RY1,5028.0,MutNovel,"S23W,0.521"
X-2207,PAPD7,11044.0,MutKnownFunctional,"-528,0.216"
X-2207,PARP10,84875.0,MutKnownFunctional,"-692,0.408"
X-2207,PCDH11Y,83259.0,Del0.8,0.25
X-2207,PCDHB11,56125.0,MutNovel,"Q659H,1.000"
X-2207,PCDHB14,56122.0,MutNovel,"E581K,0.364"
X-2207,PCDP1,200373.0,MutNovel,"V146I,0.549"
X-2207,PCNX,22990.0,MutNovel,"N96D,0.545"
X-2207,PCYOX1L,78991.0,MutNovel,"P435Q,0.320"
X-2207,PDC,5132.0,Amp5,5.06
X-2207,PDCD11,22984.0,MutNovel,"F23L,0.350"
X-2207,PDSS1,23590.0,MutNovel,"V287A,0.375"
X-2207,PDZK1,5174.0,Amp5,6.11
X-2207,PEAK1,79834.0,MutNovel,"S1442A,0.444"
X-2207,PEAK1,79834.0,MutNovel,"T455I,0.364"
X-2207,PEPD,5184.0,MutNovel,"H420R,0.203"
X-2207,PHACTR4,65979.0,MutKnownFunctional,"-61?,0.388"
X-2207,PHLDA1,22822.0,MutNovel,"QQ194Q,1.000"
X-2207,PHLDB3,653583.0,MutNovel,"R562C,0.636"
X-2207,PIEZO1,9780.0,MutNovel,"P2510L,0.691"
X-2207,PIGQ,9091.0,MutNovel,"T156A,0.719"
X-2207,PIK3CB,5291.0,MutNovel,"N305D,0.331"
X-2207,PITPNM2,57605.0,MutNovel,"I1297V,0.631"
X-2207,PKD1,5310.0,MutNovel,"R1436Q,0.339"
X-2207,PLA2G4A,5321.0,Amp5,5.06
X-2207,PLD4,122618.0,MutNovel,"A245T,0.667"
X-2207,PLEC,5339.0,MutNovel,"A1961T,0.600"
X-2207,PLEKHA4,57664.0,MutNovel,"E667K,0.316"
X-2207,PLEKHB2,55041.0,MutNovel,"L217M,0.568"
X-2207,PNLDC1,154197.0,Del0.8,0.79
X-2207,PNPLA6,10908.0,MutNovel,"A462T,0.519"
X-2207,POLR2A,5430.0,MutKnownFunctional,"-5,0.361"
X-2207,POTEE,445582.0,MutNovel,"I803M,1.000"
X-2207,POTEI,,MutNovel,"C965S,1.000"
X-2207,PPM1D,8493.0,MutNovel,"S570P,0.312"
X-2207,PPP2R5B,5526.0,MutNovel,"G18R,0.521"
X-2207,PRG4,10216.0,Amp5,5.06
X-2207,PRKY,5616.0,Del0.8,0.25
X-2207,PRR22,163154.0,MutNovel,"G153R,0.522"
X-2207,PRR7,80758.0,MutNovel,"V274A,0.297"
X-2207,PRRT2,112476.0,MutNovel,"L38P,0.467"
X-2207,PRSS27,83886.0,MutNovel,"G231S,0.909"
X-2207,PRY,9081.0,Del0.8,0.25
X-2207,PRY,9081.0,Del0.8,0.25
X-2207,PRY2,442862.0,Del0.8,0.25
X-2207,PRY2,442862.0,Del0.8,0.25
X-2207,PTCH1,5727.0,MutNovel,"R1442W,0.593"
X-2207,PTEN,5728.0,MutLikelyFunctional,"-265,0.496"
X-2207,PTER,9317.0,MutNovel,"H28Y,0.246"
X-2207,PTGS2,5743.0,Amp5,5.06
X-2207,PYGO2,90780.0,MutKnownFunctional,"-150?,0.455"
X-2207,QSOX2,169714.0,MutKnownFunctional,"-631,0.386"
X-2207,RAD54L2,23132.0,MutNovel,"I302S,0.400"
X-2207,RAE1,8480.0,MutNovel,"T287A,0.203"
X-2207,RALGAPA2,57186.0,MutNovel,"G1871R,0.491"
X-2207,RANBP3,8498.0,MutNovel,"R42Q,0.375"
X-2207,RBBP7,5931.0,MutNovel,"P308L,0.440"
X-2207,RBCK1,10616.0,MutNovel,"D2G,0.492"
X-2207,RBM33,155435.0,MutNovel,"P389L,0.446"
X-2207,RBM5,10181.0,MutKnownFunctional,"R115*,0.333"
X-2207,RBMY1A3P,286557.0,Del0.8,0.25
X-2207,RBMY1B,378948.0,Del0.8,0.25
X-2207,RBMY1B,378948.0,Del0.8,0.25
X-2207,RBMY1E,378950.0,Del0.8,0.25
X-2207,RBMY1E,378950.0,Del0.8,0.25
X-2207,RBMY1F,159163.0,Del0.8,0.25
X-2207,RBMY1F,159163.0,Del0.8,0.25
X-2207,RBMY1J,378951.0,Del0.8,0.25
X-2207,RBMY1J,378951.0,Del0.8,0.25
X-2207,RBMY2EP,159125.0,Del0.8,0.25
X-2207,RBMY2FP,159162.0,Del0.8,0.25
X-2207,RBMY3AP,64593.0,Del0.8,0.25
X-2207,RCC1,1104.0,MutNovel,"R237H,1.000"
X-2207,RGS1,5996.0,Amp5,5.06
X-2207,RGS13,6003.0,Amp5,5.06
X-2207,RGS18,64407.0,Amp5,5.06
X-2207,RGS2,5997.0,Amp5,5.06
X-2207,RGS21,431704.0,Amp5,5.06
X-2207,RHD,6007.0,Del0.8,0.53
X-2207,RHPN1,114822.0,MutNovel,"A537T,0.232"
X-2207,RIF1,55183.0,MutNovel,"R1217W,0.467"
X-2207,RNF115,27246.0,Amp5,5.1
X-2207,ROCK2,9475.0,MutNovel,"D424V,0.258"
X-2207,RPAP2,79871.0,MutKnownFunctional,"-593,0.429"
X-2207,RPL22,6146.0,MutKnownFunctional,"-15,1.000"
X-2207,RPS4Y1,6192.0,Del0.8,0.25
X-2207,RPS4Y2,140032.0,Del0.8,0.25
X-2207,RRP36,88745.0,MutNovel,"AGARRPR14A,0.212"
X-2207,RSPH3,83861.0,Del0.8,0.79
X-2207,SAMD9L,219285.0,MutKnownFunctional,"-1516,0.381"
X-2207,SC5DL,6309.0,MutKnownFunctional,"-11,0.471"
X-2207,SCP2,6342.0,MutNovel,"R105C,0.506"
X-2207,SCRN2,90507.0,MutNovel,"R189H,0.339"
X-2207,SEC16A,9919.0,MutNovel,"P1011Q,0.253"
X-2207,SEC23IP,11196.0,MutNovel,"G97R,0.553"
X-2207,SEL1L3,23231.0,MutNovel,"A1097T,0.524"
X-2207,SEMA3D,223117.0,MutNovel,"A379T,0.667"
X-2207,SEMA4B,10509.0,MutNovel,"A244T,0.560"
X-2207,SERAC1,84947.0,Del0.8,0.79
X-2207,SERINC2,347735.0,MutNovel,"-373Q,1.000"
X-2207,SFN,2810.0,MutNovel,"LI218L,0.455"
X-2207,SFSWAP,6433.0,MutNovel,"L679F,0.346"
X-2207,SGK1,6446.0,MutNovel,"FS450S,0.494"
X-2207,SHANK3,85358.0,MutKnownFunctional,"-1212?,0.275"
X-2207,SHKBP1,92799.0,MutNovel,"DL362D,0.204"
X-2207,SIK1,150094.0,MutNovel,"P364H,0.735"
X-2207,SIRPB1,10326.0,MutNovel,"H351C,0.231"
X-2207,SIRPB1,10326.0,MutNovel,"Q162E,0.986"
X-2207,SIRPB1,10326.0,MutNovel,"A157V,0.991"
X-2207,SIRPD,128646.0,MutNovel,"R103H,0.286"
X-2207,SKIV2L,6499.0,MutNovel,"V485M,0.377"
X-2207,SLC22A1,6580.0,Del0.8,0.79
X-2207,SLC22A4,6583.0,MutNovel,"I400V,0.295"
X-2207,SLC28A1,9154.0,MutNovel,"L140LV,1.000"
X-2207,SLC30A9,10463.0,MutNovel,"R225H,0.508"
X-2207,SLC9A1,6548.0,MutNovel,"F490-,0.333"
X-2207,SLFN13,146857.0,MutNovel,"Y225H,0.256"
X-2207,SLFN13,146857.0,MutNovel,"L204P,0.370"
X-2207,SMARCA2,6595.0,MutNovel,"R346L,0.333"
X-2207,SMARCC2,6601.0,MutNovel,"R641H,0.287"
X-2207,SNAPC4,6621.0,MutKnownFunctional,"-1292,0.443"
X-2207,SNAPC4,6621.0,MutNovel,"S542-,0.394"
X-2207,SNORA20,677806.0,Del0.8,0.79
X-2207,SNORA29,677812.0,Del0.8,0.79
X-2207,SNX9,51429.0,Del0.8,0.79
X-2207,SOD2,6648.0,Del0.8,0.79
X-2207,SORBS1,10580.0,MutNovel,"V820A,0.318"
X-2207,SORL1,6653.0,MutNovel,"G546S,0.576"
X-2207,SPAG8,26206.0,MutNovel,"T229A,1.000"
X-2207,SPATA2L,124044.0,MutNovel,"R131H,0.287"
X-2207,SPEF2,79925.0,MutNovel,"R1123G,0.333"
X-2207,SPIN2B,474343.0,MutNovel,"V76L,0.308"
X-2207,SPIRE2,84501.0,MutKnownFunctional,"-55,0.444"
X-2207,SPNS2,124976.0,MutNovel,"T74A,0.310"
X-2207,SRPX2,27286.0,MutNovel,"R430H,1.000"
X-2207,SRY,6736.0,Del0.8,0.25
X-2207,STK36,27148.0,MutNovel,"R730H,0.566"
X-2207,SYNJ2,8871.0,MutNovel,"K5R,0.571"
X-2207,SYNJ2,8871.0,Del0.8,0.79
X-2207,SYTL3,94120.0,Del0.8,0.79
X-2207,SYTL4,94121.0,MutNovel,"ED311D,0.412"
X-2207,TAGAP,117289.0,Del0.8,0.79
X-2207,TBL1Y,90665.0,Del0.8,0.25
X-2207,TBP,6908.0,MutNovel,"-64Q,1.000"
X-2207,TCP1,6950.0,Del0.8,0.79
X-2207,TENC1,23371.0,MutNovel,"S69L,0.318"
X-2207,TF,7018.0,MutNovel,"G562V,0.571"
X-2207,TFCP2,7024.0,MutNovel,"V19A,0.390"
X-2207,TFRC,7037.0,MutNovel,"A166T,0.336"
X-2207,TGFBR2,7048.0,MutKnownFunctional,"-150,0.611"
X-2207,TGIF2LY,90655.0,Del0.8,0.25
X-2207,THRAP3,9967.0,MutNovel,"D859G,1.000"
X-2207,THRAP3,9967.0,MutNovel,"T954A,1.000"
X-2207,TLK2,11011.0,MutNovel,"R262Q,0.240"
X-2207,TMEM161B,153396.0,MutNovel,"T131A,0.644"
X-2207,TMEM181,57583.0,Del0.8,0.79
X-2207,TMEM184A,202915.0,MutNovel,"G392GA,0.207"
X-2207,TMEM238,388564.0,MutNovel,"G92R,0.506"
X-2207,TMSB4Y,9087.0,Del0.8,0.25
X-2207,TMTC2,160335.0,MutNovel,"G568S,0.312"
X-2207,TNFRSF10A,8797.0,MutNovel,"E319D,0.349"
X-2207,TPR,7175.0,Amp5,5.06
X-2207,TRAPPC12,51112.0,MutNovel,"V153I,0.470"
X-2207,TRIB3,57761.0,MutNovel,"A10V,0.456"
X-2207,TRIM22,10346.0,MutNovel,"G208C,0.485"
X-2207,TRIM35,23087.0,MutNovel,"E222K,0.220"
X-2207,TRIM41,90933.0,MutNovel,"A443V,0.328"
X-2207,TRIOBP,11078.0,MutNovel,"-26GGG,1.000"
X-2207,TRIP12,9320.0,MutNovel,"L1676M,0.518"
X-2207,TRMT61B,55006.0,MutNovel,"T145S,0.352"
X-2207,TROVE2,6738.0,Amp5,5.06
X-2207,TRPS1,7227.0,MutNovel,"R803H,0.368"
X-2207,TRRAP,8295.0,MutNovel,"A2714V,0.439"
X-2207,TSPY1,7258.0,Del0.8,0.25
X-2207,TSPY2,64591.0,Del0.8,0.25
X-2207,TSPY3,728137.0,Del0.8,0.25
X-2207,TSPY4,728395.0,Del0.8,0.25
X-2207,TSPY8,728403.0,Del0.8,0.25
X-2207,TSPYL1,7259.0,MutNovel,"V176VW,0.484"
X-2207,TTTY10,246119.0,Del0.8,0.25
X-2207,TTTY11,83866.0,Del0.8,0.25
X-2207,TTTY12,83867.0,Del0.8,0.25
X-2207,TTTY13,83868.0,Del0.8,0.25
X-2207,TTTY14,83869.0,Del0.8,0.25
X-2207,TTTY15,64595.0,Del0.8,0.25
X-2207,TTTY16,252948.0,Del0.8,0.25
X-2207,TTTY17A,252949.0,Del0.8,0.25
X-2207,TTTY17A,252949.0,Del0.8,0.25
X-2207,TTTY18,252950.0,Del0.8,0.25
X-2207,TTTY19,252952.0,Del0.8,0.25
X-2207,TTTY1B,100101116.0,Del0.8,0.25
X-2207,TTTY1B,100101116.0,Del0.8,0.25
X-2207,TTTY2,60439.0,Del0.8,0.25
X-2207,TTTY2,60439.0,Del0.8,0.25
X-2207,TTTY20,252951.0,Del0.8,0.25
X-2207,TTTY21,252953.0,Del0.8,0.25
X-2207,TTTY21,252953.0,Del0.8,0.25
X-2207,TTTY22,252954.0,Del0.8,0.25
X-2207,TTTY23,252955.0,Del0.8,0.25
X-2207,TTTY23,252955.0,Del0.8,0.25
X-2207,TTTY3,114760.0,Del0.8,0.25
X-2207,TTTY3,114760.0,Del0.8,0.25
X-2207,TTTY4,114761.0,Del0.8,0.25
X-2207,TTTY4,114761.0,Del0.8,0.25
X-2207,TTTY5,83863.0,Del0.8,0.25
X-2207,TTTY6,84672.0,Del0.8,0.25
X-2207,TTTY6,84672.0,Del0.8,0.25
X-2207,TTTY7,246122.0,Del0.8,0.25
X-2207,TTTY7,246122.0,Del0.8,0.25
X-2207,TTTY7B,100101120.0,Del0.8,0.25
X-2207,TTTY7B,100101120.0,Del0.8,0.25
X-2207,TTTY8,84673.0,Del0.8,0.25
X-2207,TTTY8,84673.0,Del0.8,0.25
X-2207,TTTY9A,83864.0,Del0.8,0.25
X-2207,TTTY9A,83864.0,Del0.8,0.25
X-2207,TULP3,7289.0,MutNovel,"R468H,0.390"
X-2207,TULP4,56995.0,Del0.8,0.79
X-2207,TWISTNB,221830.0,MutKnownFunctional,"-308,0.484"
X-2207,TXLNG2P,246126.0,Del0.8,0.25
X-2207,UBE4A,9354.0,MutNovel,"E910K,0.523"
X-2207,UBR4,23352.0,MutNovel,"ED4467D,1.000"
X-2207,UBR4,23352.0,MutNovel,"E4467D,0.526"
X-2207,UCHL5,51377.0,Amp5,5.06
X-2207,UFL1,23376.0,MutNovel,"K351I,0.571"
X-2207,UGT2B10,7365.0,MutNovel,"R250G,1.000"
X-2207,UGT2B11,10720.0,MutNovel,"A346T,1.000"
X-2207,UGT2B17,7367.0,Del0.8,0.7
X-2207,USP36,57602.0,MutNovel,"KKK958K,1.000"
X-2207,USP5,8078.0,MutNovel,"P19S,0.329"
X-2207,USP9Y,8287.0,Del0.8,0.25
X-2207,UTY,7404.0,Del0.8,0.25
X-2207,VCY,9084.0,Del0.8,0.25
X-2207,VCY,9084.0,Del0.8,0.25
X-2207,VGLL4,9686.0,MutNovel,"V170M,0.505"
X-2207,VHL,7428.0,MutNovel,"IF75I,1.000"
X-2207,VPS11,55823.0,MutNovel,"L376S,0.556"
X-2207,WBP1,23559.0,MutKnownFunctional,"-138?,0.254"
X-2207,WBP2NL,164684.0,MutNovel,"P166S,0.333"
X-2207,WDR11,55717.0,MutNovel,"S607P,0.432"
X-2207,WDR37,22884.0,MutKnownFunctional,"R26*,0.396"
X-2207,WTAP,9589.0,Del0.8,0.79
X-2207,XKRY2,353515.0,Del0.8,0.25
X-2207,XKRY2,353515.0,Del0.8,0.25
X-2207,ZBTB41,360023.0,Amp5,5.43
X-2207,ZBTB7B,51043.0,MutNovel,"P506L,0.668"
X-2207,ZFP36L2,678.0,MutKnownFunctional,"-144,0.533"
X-2207,ZFPM1,161882.0,MutNovel,"H259Y,0.692"
X-2207,ZFY,7544.0,Del0.8,0.25
X-2207,ZNF142,7701.0,MutNovel,"R170C,0.472"
X-2207,ZNF219,51222.0,MutNovel,"QPP233P,0.508"
X-2207,ZNF284,342909.0,MutNovel,"L582P,0.211"
X-2207,ZNF330,27309.0,MutNovel,"S310R,0.532"
X-2207,ZNF382,84911.0,MutKnownFunctional,"-459,0.355"
X-2207,ZNF419,79744.0,MutNovel,"G26S,0.489"
X-2207,ZNF43,7594.0,MutKnownFunctional,"-129,0.489"
X-2207,ZNF496,84838.0,MutNovel,"R72W,0.359"
X-2207,ZNF552,79818.0,MutNovel,"K145R,0.429"
X-2207,ZNF570,148268.0,MutNovel,"S312I,0.325"
X-2207,ZNF623,9831.0,MutNovel,"V502I,0.284"
X-2207,ZNF668,79759.0,MutNovel,"R579P,0.682"
X-2207,ZNF736,728927.0,MutNovel,"D93N,0.800"
X-2207,ZNF775,285971.0,MutNovel,"H156Q,0.310"
X-2207,ZNF775,285971.0,MutKnownFunctional,"W259*,0.318"
X-2207,ZNF777,27153.0,MutNovel,"T180M,0.327"
X-2207,ZNF787,126208.0,MutNovel,"A254V,0.235"
X-2347,ABCD1,215.0,MutNovel,"T14R,1.000"
X-2347,ACOT1,641371.0,Amp5,5.54
X-2347,ACSM2A,123876.0,MutNovel,"N463D,1.000"
X-2347,ACSM2B,348158.0,MutNovel,"I96V,1.000"
X-2347,AGAP8,728404.0,MutNovel,"R610C,1.000"
X-2347,AMELY,266.0,Del0.8,0.36
X-2347,ANKRD17,26057.0,MutNovel,"L407I,0.949"
X-2347,APOBEC3B,9582.0,Del0.8,0.6
X-2347,AR,367.0,MutNovel,"P392S,1.000"
X-2347,ARAP3,64411.0,MutNovel,"R1222S,0.467"
X-2347,ATAD3B,83858.0,MutNovel,"G54C,0.607"
X-2347,ATP6V1A,523.0,MutNovel,"E485-,0.485"
X-2347,ATP6V1F,9296.0,MutNovel,"P73L,0.536"
X-2347,BCORP1,286554.0,Del0.8,0.32
X-2347,BPY2B,442867.0,Del0.8,0.32
X-2347,BPY2B,442867.0,Del0.8,0.32
X-2347,C4B,721.0,MutNovel,"S347Y,0.875"
X-2347,C6orf47,57827.0,MutNovel,"E72Q,0.540"
X-2347,CBWD6,644019.0,MutKnownFunctional,"-259?,0.400"
X-2347,CDK5RAP1,51654.0,MutNovel,"N322D,0.538"
X-2347,CDKN2A,1029.0,MutKnownFunctional,"W110*,1.000"
X-2347,CDRT15,146822.0,MutNovel,"R149G,1.000"
X-2347,CDY1B,253175.0,Del0.8,0.32
X-2347,CDY1B,253175.0,Del0.8,0.32
X-2347,CDY2A,9426.0,Del0.8,0.32
X-2347,CDY2A,9426.0,Del0.8,0.32
X-2347,CDY2B,203611.0,Del0.8,0.32
X-2347,CDY2B,203611.0,Del0.8,0.32
X-2347,CFHR1,3078.0,Amp5,6.63
X-2347,CFHR3,10878.0,Amp5,6.63
X-2347,CIDEC,63924.0,MutNovel,"R56Q,1.000"
X-2347,CLEC18A,348174.0,MutNovel,"I360T,0.333"
X-2347,CLEC18C,283971.0,MutNovel,"R185G,0.443"
X-2347,CNTNAP3B,728577.0,MutNovel,"G1206W,1.000"
X-2347,COBL,23242.0,MutNovel,"T794P,0.329"
X-2347,CSPG4P1Y,114758.0,Del0.8,0.32
X-2347,CSPG4P1Y,114758.0,Del0.8,0.32
X-2347,CTAGE4,100128553.0,Amp5,5.66
X-2347,CTDSPL,10217.0,Del0.8,0.68
X-2347,CUL5,8065.0,MutNovel,"S220L,0.333"
X-2347,DAZ1,1617.0,Del0.8,0.32
X-2347,DAZ2,57055.0,Del0.8,0.32
X-2347,DAZ3,57054.0,Del0.8,0.32
X-2347,DAZ3,57054.0,Del0.8,0.32
X-2347,DAZ4,57135.0,Del0.8,0.32
X-2347,DAZ4,57135.0,Del0.8,0.32
X-2347,DCAF10,79269.0,MutNovel,"T244I,1.000"
X-2347,DDX3Y,8653.0,Del0.8,0.32
X-2347,DEM1,64789.0,MutKnownFunctional,"-344?,0.478"
X-2347,DHTKD1,55526.0,MutNovel,"A2G,0.417"
X-2347,DISP1,84976.0,MutNovel,"L381P,0.286"
X-2347,DPP6,1804.0,MutNovel,"G64D,1.000"
X-2347,EIF1AY,9086.0,Del0.8,0.32
X-2347,EPHA5,2044.0,Del0.8,0.74
X-2347,ERLEC1,27248.0,MutNovel,"I259V,0.452"
X-2347,FAM153A,285596.0,MutNovel,"V186G,1.000"
X-2347,FAM193B,54540.0,MutNovel,"E610K,0.406"
X-2347,FAM194A,131831.0,MutNovel,"E76D,1.000"
X-2347,FAM197Y2P,252946.0,Del0.8,0.18
X-2347,FAM41AY1,340618.0,Del0.8,0.32
X-2347,FAM41AY1,340618.0,Del0.8,0.32
X-2347,FAM71E2,284418.0,MutNovel,"Q778R,1.000"
X-2347,FAM86B2,653333.0,MutNovel,"D300S,1.000"
X-2347,FAM86DP,692099.0,Del0.8,0.56
X-2347,FGFR1,2260.0,MutNovel,"D824N,1.000"
X-2347,FRG1,2483.0,MutNovel,"I180V,0.214"
X-2347,GDPGP1,,MutNovel,"R275W,0.412"
X-2347,GGA3,23163.0,MutNovel,"V341M,0.552"
X-2347,GGT2,,MutNovel,"L460P,0.224"
X-2347,GGT2,,MutNovel,"L51S,1.000"
X-2347,GIGYF2,26058.0,MutNovel,"PQ1231P,0.548"
X-2347,GOLGA2P2Y,84559.0,Del0.8,0.32
X-2347,GOLGA2P2Y,84559.0,Del0.8,0.32
X-2347,GOLGA8J,,MutNovel,"A474S,1.000"
X-2347,GPR125,166647.0,MutNovel,"P18R,1.000"
X-2347,GPR19,2842.0,MutKnownFunctional,"-370?,0.278"
X-2347,GSK3A,2931.0,MutNovel,"G3V,0.507"
X-2347,GUCY1A3,2982.0,MutNovel,"K627I,1.000"
X-2347,GYG2P1,352887.0,Del0.8,0.32
X-2347,HDAC6,10013.0,MutNovel,"L508S,1.000"
X-2347,HERC2,8924.0,MutNovel,"E4556K,0.425"
X-2347,HERC2,8924.0,MutNovel,"R2762G,0.405"
X-2347,HLA-A,3105.0,MutNovel,"A16F,0.250"
X-2347,HLA-DQA2,3118.0,MutNovel,"H42Y,1.000"
X-2347,HLA-DQA2,3118.0,MutNovel,"T64R,1.000"
X-2347,HLA-DQB2,3120.0,MutNovel,"D162G,0.824"
X-2347,HLA-DRB1,3123.0,MutNovel,"Q99E,1.000"
X-2347,HLA-G,3135.0,MutNovel,"S28F,0.509"
X-2347,HMGB2,3148.0,MutNovel,"ED197D,0.646"
X-2347,HSFY2,159119.0,Del0.8,0.32
X-2347,HSFY2,159119.0,Del0.8,0.32
X-2347,IGFN1,91156.0,MutNovel,"R2027W,0.800"
X-2347,KDM5D,8284.0,Del0.8,0.32
X-2347,KIN,22944.0,MutKnownFunctional,"S236*,0.208"
X-2347,LAMA3,3909.0,MutNovel,"V2767A,0.518"
X-2347,LEPR,3953.0,MutNovel,"Y354C,0.600"
X-2347,LOC100505679,100505679.0,MutNovel,"E109D,0.375"
X-2347,LOC100996607,,MutNovel,"R279W,0.750"
X-2347,LOC642441,,MutNovel,"R182S,1.000"
X-2347,LOC643669,643669.0,MutNovel,"T68S,0.500"
X-2347,LOC643699,,MutNovel,"L497P,0.800"
X-2347,LOC653125,,MutNovel,"P78L,0.429"
X-2347,LOC728047,,MutNovel,"E566V,0.875"
X-2347,LOC728377,728377.0,Amp5,5.66
X-2347,LRP5,4041.0,MutNovel,"T880N,0.538"
X-2347,LSR,51599.0,MutNovel,"G518GR,0.812"
X-2347,MAP2K2,5605.0,MutKnownFunctional,"-244,0.220"
X-2347,MAP3K4,4216.0,MutNovel,"PA1189P,0.625"
X-2347,MFSD4,148808.0,MutKnownFunctional,"S496*,0.660"
X-2347,MOV10,4343.0,MutNovel,"G193S,0.347"
X-2347,MPRIP,23164.0,MutNovel,"TS178T,0.587"
X-2347,MRPL38,64978.0,MutNovel,"R17Q,0.513"
X-2347,MTOR,2475.0,MutNovel,"S2215F,1.000"
X-2347,MYO19,80179.0,MutNovel,"S652G,0.419"
X-2347,MYO7A,4647.0,MutNovel,"H1897N,0.549"
X-2347,NACAD,23148.0,MutNovel,"G833D,0.429"
X-2347,NBPF1,55672.0,MutNovel,"R114W,0.333"
X-2347,NBPF12,,MutNovel,"SF3004RL,0.750"
X-2347,NCOR2,9612.0,MutNovel,"G1839GAAA,0.551"
X-2347,NCRNA00185,55410.0,Del0.8,0.32
X-2347,NEB,4703.0,MutNovel,"P8083A,0.270"
X-2347,NHSL1,57224.0,MutNovel,"D121G,1.000"
X-2347,NLGN4Y,22829.0,Del0.8,0.32
X-2347,OR2A42,402317.0,Amp5,5.66
X-2347,OR2A42,402317.0,Amp5,5.66
X-2347,OR2A7,401427.0,Amp5,5.66
X-2347,OR2A9P,441295.0,Amp5,5.66
X-2347,OR2A9P,441295.0,Amp5,5.66
X-2347,OR2T10,127069.0,Amp5,5.43
X-2347,OR2T34,127068.0,Amp5,5.43
X-2347,ORAI1,84876.0,MutNovel,"PP43-,0.630"
X-2347,PANK2,80025.0,MutNovel,"H290R,0.638"
X-2347,PBRM1,55193.0,MutKnownFunctional,"Q1273*,0.833"
X-2347,PCDH11Y,83259.0,Del0.8,0.36
X-2347,PCDHB4,56131.0,MutNovel,"G531S,0.500"
X-2347,PCDHGA10,56106.0,MutNovel,"L142Q,0.500"
X-2347,PHKA2,5256.0,MutKnownFunctional,"-154?,0.971"
X-2347,PHLDA1,22822.0,MutNovel,"QQ194Q,0.632"
X-2347,PHLPP1,23239.0,MutNovel,"F291V,1.000"
X-2347,PKN2,5586.0,MutNovel,"NL382N,0.305"
X-2347,PLCE1,51196.0,MutNovel,"D254G,0.567"
X-2347,PLXNA1,5361.0,MutKnownFunctional,"Q1875*,0.556"
X-2347,PNP,4860.0,MutNovel,"N3K,0.982"
X-2347,PRKY,5616.0,Del0.8,0.36
X-2347,PRY,9081.0,Del0.8,0.32
X-2347,PRY,9081.0,Del0.8,0.32
X-2347,PRY2,442862.0,Del0.8,0.32
X-2347,PRY2,442862.0,Del0.8,0.32
X-2347,PSME4,23198.0,MutNovel,"R1810Q,0.466"
X-2347,PTPRE,5791.0,MutNovel,"M86L,0.658"
X-2347,PXDN,7837.0,MutNovel,"G1229D,0.688"
X-2347,QSOX1,5768.0,MutNovel,"S257F,0.356"
X-2347,R3HDM1,23518.0,MutNovel,"P777L,0.400"
X-2347,RAB5B,5869.0,MutNovel,"G190-,0.397"
X-2347,RALGAPA1,253959.0,MutNovel,"V1812L,1.000"
X-2347,RBMY1A3P,286557.0,Del0.8,0.36
X-2347,RBMY1B,378948.0,Del0.8,0.32
X-2347,RBMY1B,378948.0,Del0.8,0.32
X-2347,RBMY1E,378950.0,Del0.8,0.32
X-2347,RBMY1E,378950.0,Del0.8,0.32
X-2347,RBMY1F,159163.0,Del0.8,0.32
X-2347,RBMY1F,159163.0,Del0.8,0.32
X-2347,RBMY1J,378951.0,Del0.8,0.32
X-2347,RBMY1J,378951.0,Del0.8,0.32
X-2347,RBMY2EP,159125.0,Del0.8,0.32
X-2347,RBMY2FP,159162.0,Del0.8,0.32
X-2347,RBMY3AP,64593.0,Del0.8,0.32
X-2347,RIN1,9610.0,MutNovel,"R51W,0.385"
X-2347,RNPEPL1,57140.0,MutNovel,"P207L,0.544"
X-2347,RPS4Y1,6192.0,Del0.8,0.36
X-2347,RPS4Y2,140032.0,Del0.8,0.32
X-2347,SERINC2,347735.0,MutNovel,"-373Q,0.727"
X-2347,SHANK3,85358.0,MutNovel,"S645L,1.000"
X-2347,SHPK,23729.0,MutNovel,"A464T,0.393"
X-2347,SHROOM3,57619.0,MutNovel,"P1330T,1.000"
X-2347,SIGIRR,59307.0,MutKnownFunctional,"E353*,0.274"
X-2347,SIK3,23387.0,MutNovel,"D424V,0.567"
X-2347,SIPA1,6494.0,MutNovel,"R740Q,0.290"
X-2347,SKIV2L,6499.0,MutNovel,"R606C,0.468"
X-2347,SLC4A3,6508.0,MutNovel,"P911A,0.571"
X-2347,SOX12,6666.0,MutNovel,"A212T,0.458"
X-2347,SREBF2,6721.0,MutNovel,"D508Y,0.967"
X-2347,SRPK2,6733.0,MutNovel,"R453Q,0.289"
X-2347,SRY,6736.0,Del0.8,0.36
X-2347,SZT2,23334.0,MutNovel,"R179W,0.588"
X-2347,TBC1D3C,414060.0,MutNovel,"D17H,1.000"
X-2347,TBL1Y,90665.0,Del0.8,0.36
X-2347,TGIF2LY,90655.0,Del0.8,0.36
X-2347,TMED1,11018.0,MutNovel,"A52P,0.444"
X-2347,TMEM184A,202915.0,MutNovel,"G392GA,0.871"
X-2347,TMSB4Y,9087.0,Del0.8,0.32
X-2347,TNRC6A,27327.0,MutKnownFunctional,"-186?,0.273"
X-2347,TNXB,7148.0,MutNovel,"S4175N,1.000"
X-2347,TNXB,7148.0,MutNovel,"D4172N,1.000"
X-2347,TNXB,7148.0,MutNovel,"R4117H,0.750"
X-2347,TRAF2,7186.0,MutNovel,"R199W,0.981"
X-2347,TSGA10,80705.0,MutNovel,"E444K,0.667"
X-2347,TSPY1,7258.0,Del0.8,0.18
X-2347,TSPY2,64591.0,Del0.8,0.36
X-2347,TSPY3,728137.0,Del0.8,0.18
X-2347,TSPY4,728395.0,Del0.8,0.18
X-2347,TSPY8,728403.0,Del0.8,0.18
X-2347,TSPYL1,7259.0,MutNovel,"V176VW,0.848"
X-2347,TTF2,8458.0,MutNovel,"E354Q,0.500"
X-2347,TTLL6,284076.0,MutNovel,"I773M,0.429"
X-2347,TTTY10,246119.0,Del0.8,0.32
X-2347,TTTY11,83866.0,Del0.8,0.36
X-2347,TTTY12,83867.0,Del0.8,0.36
X-2347,TTTY13,83868.0,Del0.8,0.32
X-2347,TTTY14,83869.0,Del0.8,0.32
X-2347,TTTY15,64595.0,Del0.8,0.32
X-2347,TTTY16,252948.0,Del0.8,0.36
X-2347,TTTY17A,252949.0,Del0.8,0.32
X-2347,TTTY17A,252949.0,Del0.8,0.32
X-2347,TTTY18,252950.0,Del0.8,0.36
X-2347,TTTY19,252952.0,Del0.8,0.36
X-2347,TTTY1B,100101116.0,Del0.8,0.32
X-2347,TTTY1B,100101116.0,Del0.8,0.36
X-2347,TTTY2,60439.0,Del0.8,0.32
X-2347,TTTY2,60439.0,Del0.8,0.36
X-2347,TTTY20,252951.0,Del0.8,0.18
X-2347,TTTY21,252953.0,Del0.8,0.36
X-2347,TTTY21,252953.0,Del0.8,0.32
X-2347,TTTY22,252954.0,Del0.8,0.32
X-2347,TTTY23,252955.0,Del0.8,0.32
X-2347,TTTY23,252955.0,Del0.8,0.36
X-2347,TTTY3,114760.0,Del0.8,0.32
X-2347,TTTY3,114760.0,Del0.8,0.32
X-2347,TTTY4,114761.0,Del0.8,0.32
X-2347,TTTY4,114761.0,Del0.8,0.32
X-2347,TTTY5,83863.0,Del0.8,0.32
X-2347,TTTY6,84672.0,Del0.8,0.32
X-2347,TTTY6,84672.0,Del0.8,0.32
X-2347,TTTY7,246122.0,Del0.8,0.36
X-2347,TTTY7,246122.0,Del0.8,0.32
X-2347,TTTY7B,100101120.0,Del0.8,0.36
X-2347,TTTY7B,100101120.0,Del0.8,0.32
X-2347,TTTY8,84673.0,Del0.8,0.32
X-2347,TTTY8,84673.0,Del0.8,0.36
X-2347,TTTY9A,83864.0,Del0.8,0.32
X-2347,TTTY9A,83864.0,Del0.8,0.32
X-2347,TXLNG2P,246126.0,Del0.8,0.32
X-2347,UGGT1,56886.0,MutNovel,"A611T,0.560"
X-2347,UGT2B10,7365.0,MutNovel,"R250G,1.000"
X-2347,USP36,57602.0,MutNovel,"KKK958K,0.353"
X-2347,USP42,84132.0,MutNovel,"R990S,0.229"
X-2347,USP9X,8239.0,MutNovel,"I1969V,0.548"
X-2347,USP9Y,8287.0,Del0.8,0.32
X-2347,UTY,7404.0,Del0.8,0.32
X-2347,VCY,9084.0,Del0.8,0.32
X-2347,VCY,9084.0,Del0.8,0.32
X-2347,WDR90,197335.0,MutNovel,"P1102S,0.509"
X-2347,WLS,79971.0,MutNovel,"R218Q,0.684"
X-2347,XKRY2,353515.0,Del0.8,0.32
X-2347,XKRY2,353515.0,Del0.8,0.32
X-2347,ZBTB10,65986.0,MutNovel,"S36L,1.000"
X-2347,ZER1,10444.0,MutKnownFunctional,"-767?,0.964"
X-2347,ZFY,7544.0,Del0.8,0.36
X-2347,ZNF280D,54816.0,MutNovel,"N566I,0.515"
X-2347,ZNF74,7625.0,MutNovel,"A120V,1.000"
X-2347,ZNF790,388536.0,MutNovel,"P505T,0.312"
X-2347,ZNF83,55769.0,MutNovel,"R469P,0.575"
X-2347,ZNF90,7643.0,MutKnownFunctional,"-300,0.429"
X-2347,ZP3,7784.0,MutNovel,"N350K,0.440"
X-2597,61E3.4,,MutNovel,"N43S,0.222"
X-2597,ACSL3,2181.0,MutNovel,"Y94C,0.923"
X-2597,ADAM33,80332.0,Amp5,5.21
X-2597,ADCY4,196883.0,MutNovel,"R437W,1.000"
X-2597,ADRA1D,146.0,Amp5,5.21
X-2597,AGAP6,414189.0,MutNovel,"P103L,0.300"
X-2597,AKAP9,10142.0,MutNovel,"S3580T,0.759"
X-2597,ALS2,57679.0,MutNovel,"L1285V,0.500"
X-2597,ANGPT4,51378.0,Amp5,5.21
X-2597,ANKRD27,84079.0,Amp5,5.31
X-2597,ANKRD5,63926.0,Amp5,5.21
X-2597,AP1B1,162.0,MutNovel,"L779V,0.974"
X-2597,APOM,55937.0,MutNovel,"R143S,0.579"
X-2597,ARPC1B,10095.0,MutNovel,"R216H,0.734"
X-2597,ASXL1,171023.0,MutNovel,"N986S,0.674"
X-2597,ATP10D,57205.0,MutNovel,"Y401H,0.667"
X-2597,ATRN,8455.0,Amp5,5.21
X-2597,AVP,551.0,Amp5,5.21
X-2597,BANF2,140836.0,Amp5,5.13
X-2597,BFSP1,631.0,Amp5,5.13
X-2597,BIRC2,329.0,MutNovel,"R507I,0.480"
X-2597,BIRC6,57448.0,MutNovel,"C2355R,1.000"
X-2597,BMP2,650.0,Amp5,5.21
X-2597,BRPF3,27154.0,MutNovel,"A1127S,0.545"
X-2597,BTBD3,22903.0,Amp5,5.21
X-2597,BUB1,699.0,MutNovel,"F75L,0.524"
X-2597,C14orf126,112487.0,MutNovel,"D28N,0.500"
X-2597,C19orf12,83636.0,Amp5,5.31
X-2597,C19orf40,91442.0,Amp5,5.31
X-2597,C20orf141,128653.0,Amp5,5.21
X-2597,C20orf194,25943.0,Amp5,5.21
X-2597,C20orf196,149840.0,Amp5,5.21
X-2597,C20orf202,400831.0,Amp5,5.21
X-2597,C20orf26,26074.0,Amp5,5.13
X-2597,C20orf27,54976.0,Amp5,5.21
X-2597,C20orf72,92667.0,Amp5,5.13
X-2597,C20orf79,140856.0,Amp5,5.13
X-2597,C20orf94,128710.0,Amp5,5.21
X-2597,C20orf96,140680.0,Amp5,5.21
X-2597,CALU,813.0,MutNovel,"A316S,0.330"
X-2597,CAST,831.0,MutNovel,"P472S,1.000"
X-2597,CCNE1,898.0,Amp5,5.31
X-2597,CDC25B,994.0,Amp5,5.21
X-2597,CDS2,8760.0,Amp5,5.21
X-2597,CEBPA,1050.0,Amp5,5.31
X-2597,CEBPG,1054.0,Amp5,5.31
X-2597,CENPB,1059.0,Amp5,5.21
X-2597,CEP89,84902.0,Amp5,5.31
X-2597,CETP,1071.0,MutNovel,"D131N,0.241"
X-2597,CHGB,1114.0,Amp5,5.21
X-2597,CHST8,64377.0,Amp5,5.31
X-2597,CHSY1,22856.0,MutNovel,"V225M,1.000"
X-2597,CMBL,134147.0,MutNovel,"V180D,0.367"
X-2597,CNO,55330.0,MutKnownFunctional,"-200,0.324"
X-2597,CNPY4,245812.0,MutKnownFunctional,"-152,0.355"
X-2597,COL6A3,1293.0,MutNovel,"L1500V,0.712"
X-2597,CPXM1,56265.0,Amp5,5.21
X-2597,CRLS1,54675.0,Amp5,5.21
X-2597,CRNKL1,51340.0,Amp5,5.13
X-2597,CSNK2A1,1457.0,Amp5,5.21
X-2597,CSRP2BP,57325.0,Amp5,5.13
X-2597,CTBP1,1487.0,MutNovel,"P308S,0.543"
X-2597,CTSA,5476.0,MutNovel,"L29-,0.385"
X-2597,DALRD3,55152.0,MutNovel,"L383V,0.423"
X-2597,DCAF4,26094.0,MutNovel,"A168G,1.000"
X-2597,DCAF8,50717.0,MutNovel,"V118I,0.458"
X-2597,DDRGK1,65992.0,Amp5,5.21
X-2597,DEFB125,245938.0,Amp5,5.21
X-2597,DEFB126,81623.0,Amp5,5.21
X-2597,DEFB127,140850.0,Amp5,5.21
X-2597,DEFB128,245939.0,Amp5,5.21
X-2597,DEFB129,140881.0,Amp5,5.21
X-2597,DEFB132,400830.0,Amp5,5.21
X-2597,DKFZp566F0947,94023.0,Amp5,5.31
X-2597,DPEP1,1800.0,MutNovel,"V13I,1.000"
X-2597,DPY19L3,147991.0,Amp5,5.31
X-2597,DSTN,11034.0,Amp5,5.13
X-2597,DTD1,92675.0,Amp5,5.13
X-2597,DTX3,196403.0,MutNovel,"N17I,0.980"
X-2597,DTYMK,1841.0,MutNovel,"V193L,0.239"
X-2597,DZANK1,55184.0,Amp5,5.13
X-2597,DZANK1-AS1,440757.0,Amp5,5.13
X-2597,EBF4,57593.0,Amp5,5.21
X-2597,ESF1,51575.0,Amp5,5.21
X-2597,FAM110A,83541.0,Amp5,5.21
X-2597,FAM188B,84182.0,MutNovel,"S437A,0.875"
X-2597,FARS2,10667.0,MutNovel,"P361L,0.537"
X-2597,FASTKD5,60493.0,Amp5,5.21
X-2597,FBXL12,54850.0,MutNovel,"C31S,0.469"
X-2597,FDX1,2230.0,MutNovel,"R41P,0.667"
X-2597,FERMT1,55612.0,Amp5,5.21
X-2597,FILIP1L,11259.0,MutNovel,"K1061I,1.000"
X-2597,FKBP1A,2280.0,Amp5,5.21
X-2597,FKBP1A-SDCBP2,100528031.0,Amp5,5.21
X-2597,FKTN,2218.0,MutKnownFunctional,"E373*,0.429"
X-2597,FLRT3,23767.0,Amp5,5.21
X-2597,FLT1,2321.0,MutNovel,"T568M,1.000"
X-2597,GALNTL1,57452.0,MutNovel,"R280W,1.000"
X-2597,GBE1,2632.0,MutNovel,"I176K,1.000"
X-2597,GFRA4,64096.0,Amp5,5.21
X-2597,GMCL1,64395.0,MutNovel,"N386S,0.500"
X-2597,GNRH2,2797.0,Amp5,5.21
X-2597,GPATCH1,55094.0,Amp5,5.31
X-2597,GPCPD1,56261.0,Amp5,5.21
X-2597,HAO1,54363.0,Amp5,5.21
X-2597,HGC6.3,100128124.0,MutNovel,"Q38L,1.000"
X-2597,HIC1,3090.0,MutNovel,"P646S,1.000"
X-2597,HIST3H2A,92815.0,MutNovel,"R100G,0.259"
X-2597,HLA-DRB5,3127.0,Amp5,7.01
X-2597,HLA-G,3135.0,MutNovel,"G231S,1.000"
X-2597,HLA-G,3135.0,MutNovel,"K334E,1.000"
X-2597,HSPA12B,116835.0,Amp5,5.21
X-2597,HSPC072,29075.0,Amp5,5.13
X-2597,IDH3B,3420.0,Amp5,5.21
X-2597,INSM1,3642.0,Amp5,5.13
X-2597,ISM1,140862.0,Amp5,5.21
X-2597,ITGAV,3685.0,MutNovel,"G917R,0.455"
X-2597,ITGB3BP,23421.0,MutKnownFunctional,"-191,0.333"
X-2597,ITPA,3704.0,Amp5,5.21
X-2597,JAG1,182.0,Amp5,5.21
X-2597,KALRN,8997.0,MutNovel,"T1627S,1.000"
X-2597,KCTD15,79047.0,Amp5,5.31
X-2597,KIF16B,55614.0,Amp5,5.13
X-2597,LAMC1,3915.0,MutNovel,"G929R,0.567"
X-2597,LAMP5,24141.0,Amp5,5.21
X-2597,LCE3C,353144.0,Del0.8,0.57
X-2597,LEPRE1,64175.0,MutNovel,"C698W,0.500"
X-2597,LINC00493,388789.0,Amp5,5.13
X-2597,LOC100130264,100130264.0,Amp5,5.13
X-2597,LOC100131208,100131208.0,Amp5,5.21
X-2597,LOC100270804,100270804.0,Amp5,5.13
X-2597,LOC100289473,100289473.0,Amp5,5.21
X-2597,LOC100505536,100505536.0,Amp5,5.21
X-2597,LOC100505835,100505835.0,Amp5,5.31
X-2597,LOC100507495,100507495.0,Amp5,5.21
X-2597,LOC100507629,100507629.0,Amp5,5.21
X-2597,LOC148145,148145.0,Amp5,5.31
X-2597,LOC148189,148189.0,Amp5,5.31
X-2597,LOC149837,149837.0,Amp5,5.21
X-2597,LOC284395,284395.0,Amp5,5.31
X-2597,LOC339593,339593.0,Amp5,5.21
X-2597,LOC643406,643406.0,Amp5,5.21
X-2597,LOC728228,728228.0,Amp5,5.21
X-2597,LOC80054,80054.0,Amp5,5.31
X-2597,LRP3,4037.0,Amp5,5.31
X-2597,LRRC16A,55604.0,MutNovel,"S1245Y,0.412"
X-2597,LRRN4,164312.0,Amp5,5.21
X-2597,LSM14B,149986.0,MutNovel,"F255L,0.248"
X-2597,LSM4,25804.0,MutNovel,"R62H,0.482"
X-2597,MACROD2-AS1,100379174.0,Amp5,5.13
X-2597,MARK4,57787.0,MutNovel,"P503S,0.414"
X-2597,MAST2,23139.0,MutNovel,"T1066I,0.541"
X-2597,MAST2,23139.0,MutNovel,"G1321R,0.592"
X-2597,MAVS,57506.0,Amp5,5.21
X-2597,MCM8,84515.0,Amp5,5.21
X-2597,MEN1,4221.0,MutNovel,"R280G,1.000"
X-2597,MEOX2,4223.0,MutNovel,"HH76H,0.220"
X-2597,MIR103A2,406896.0,Amp5,5.21
X-2597,MIR103B2,100302282.0,Amp5,5.21
X-2597,MIR1292,100302138.0,Amp5,5.21
X-2597,MIR3192,100422875.0,Amp5,5.13
X-2597,MKKS,8195.0,Amp5,5.21
X-2597,MLF1IP,79682.0,MutKnownFunctional,"E270*,0.212"
X-2597,MLH3,27030.0,MutNovel,"M921T,1.000"
X-2597,MOAP1,64112.0,MutNovel,"D245Y,1.000"
X-2597,MPRIP,23164.0,MutNovel,"TS178T,0.290"
X-2597,MRPS26,64949.0,Amp5,5.21
X-2597,MYO19,80179.0,MutNovel,"I128T,1.000"
X-2597,NAA20,51126.0,Amp5,5.13
X-2597,NBPF14,25832.0,MutNovel,"R617K,0.321"
X-2597,NOP56,10528.0,Amp5,5.21
X-2597,NRSN2,80023.0,Amp5,5.21
X-2597,NSFL1C,55968.0,Amp5,5.21
X-2597,NUDT19,390916.0,Amp5,5.31
X-2597,NUP210,23225.0,MutNovel,"I1187V,1.000"
X-2597,OTOR,56914.0,Amp5,5.13
X-2597,OVOL2,58495.0,Amp5,5.13
X-2597,OXT,5020.0,Amp5,5.21
X-2597,PAK7,57144.0,Amp5,5.21
X-2597,PANK2,80025.0,Amp5,5.21
X-2597,PARP8,79668.0,MutNovel,"D392N,1.000"
X-2597,PCBP4,57060.0,MutNovel,"AKSTSGGT312-,0.897"
X-2597,PCNA,5111.0,Amp5,5.21
X-2597,PCNA-AS1,100302739.0,Amp5,5.21
X-2597,PCSK2,5126.0,Amp5,5.13
X-2597,PDCD5,9141.0,Amp5,5.31
X-2597,PDGFRB,5159.0,MutNovel,"FL864L,0.542"
X-2597,PDYN,5173.0,Amp5,5.21
X-2597,PEPD,5184.0,Amp5,5.31
X-2597,PET117,100303755.0,Amp5,5.13
X-2597,PKD1,5310.0,MutNovel,"M1092T,0.400"
X-2597,PLCB1,23236.0,Amp5,5.21
X-2597,PLCB4,5332.0,Amp5,5.21
X-2597,PLEC,5339.0,MutNovel,"S3643N,0.284"
X-2597,PLEKHF1,79156.0,Amp5,5.31
X-2597,PLK1S1,55857.0,Amp5,5.13
X-2597,PMM2,5373.0,MutNovel,"Q177H,0.538"
X-2597,POLQ,10721.0,MutNovel,"E2406D,0.500"
X-2597,POLR3F,10621.0,Amp5,5.13
X-2597,POP4,10775.0,Amp5,5.31
X-2597,POPDC3,64208.0,MutNovel,"R225L,1.000"
X-2597,PPM1F,9647.0,MutNovel,"M63I,1.000"
X-2597,PRKD2,25865.0,MutNovel,"S832T,0.536"
X-2597,PRND,23627.0,Amp5,5.21
X-2597,PRNP,5621.0,Amp5,5.21
X-2597,PRNT,149830.0,Amp5,5.21
X-2597,PROKR2,128674.0,Amp5,5.21
X-2597,PSMF1,9491.0,Amp5,5.21
X-2597,PTPRA,5786.0,Amp5,5.21
X-2597,RAD21L1,642636.0,Amp5,5.21
X-2597,RAD54B,25788.0,MutNovel,"K226Q,0.444"
X-2597,RALA,5898.0,MutNovel,"V92I,0.704"
X-2597,RALGAPA2,57186.0,Amp5,5.13
X-2597,RASSF2,9770.0,Amp5,5.21
X-2597,RBBP9,10741.0,Amp5,5.13
X-2597,RBCK1,10616.0,Amp5,5.21
X-2597,RGS9BP,388531.0,Amp5,5.31
X-2597,RHPN2,85415.0,Amp5,5.31
X-2597,RIN2,54453.0,Amp5,5.13
X-2597,RIPK1,8737.0,MutNovel,"N545T,0.564"
X-2597,RNF24,11237.0,Amp5,5.21
X-2597,RPGRIP1L,23322.0,MutNovel,"R1171Q,0.500"
X-2597,RRBP1,6238.0,Amp5,5.13
X-2597,RSPO4,343637.0,Amp5,5.21
X-2597,S100A3,6274.0,MutKnownFunctional,"-70,0.500"
X-2597,SCFD1,23256.0,MutNovel,"D79H,0.978"
X-2597,SCRT2,85508.0,Amp5,5.21
X-2597,SDCBP2,27111.0,Amp5,5.21
X-2597,SEC23B,10483.0,Amp5,5.13
X-2597,SEL1L2,80343.0,Amp5,5.21
X-2597,SERINC2,347735.0,MutNovel,"-373Q,0.733"
X-2597,SIGLEC1,6614.0,Amp5,5.21
X-2597,SIRPA,140885.0,Amp5,5.21
X-2597,SIRPB1,10326.0,Amp5,5.21
X-2597,SIRPB2,284759.0,Amp5,5.21
X-2597,SIRPD,128646.0,Amp5,5.21
X-2597,SIRPG,55423.0,Amp5,5.21
X-2597,SLC23A2,9962.0,Amp5,5.21
X-2597,SLC24A3,57419.0,Amp5,5.13
X-2597,SLC25A13,10165.0,MutNovel,"V474I,0.695"
X-2597,SLC25A15,10166.0,MutKnownFunctional,"Y266*,0.958"
X-2597,SLC26A10,65012.0,MutNovel,"S311L,1.000"
X-2597,SLC4A11,83959.0,Amp5,5.21
X-2597,SLC7A10,56301.0,Amp5,5.31
X-2597,SLC7A9,11136.0,Amp5,5.31
X-2597,SMOX,54498.0,Amp5,5.21
X-2597,SNAP25,6616.0,Amp5,5.21
X-2597,SNORA51,677831.0,Amp5,5.21
X-2597,SNORD110,692213.0,Amp5,5.21
X-2597,SNORD119,100113378.0,Amp5,5.21
X-2597,SNORD17,692086.0,Amp5,5.13
X-2597,SNORD56,26793.0,Amp5,5.21
X-2597,SNPH,9751.0,Amp5,5.21
X-2597,SNRPB,6628.0,Amp5,5.21
X-2597,SNRPB2,6629.0,Amp5,5.13
X-2597,SNX5,27131.0,Amp5,5.13
X-2597,SOCS1,8651.0,MutNovel,"Q210H,0.500"
X-2597,SORT1,6272.0,MutNovel,"Y657C,0.444"
X-2597,SOX12,6666.0,Amp5,5.21
X-2597,SPEF1,25876.0,Amp5,5.21
X-2597,SPTLC3,55304.0,Amp5,5.21
X-2597,SRXN1,140809.0,Amp5,5.21
X-2597,SSU72,29101.0,MutNovel,"R29Q,0.378"
X-2597,STK35,140901.0,Amp5,5.21
X-2597,TASP1,55617.0,Amp5,5.21
X-2597,TBC1D20,128637.0,Amp5,5.21
X-2597,TCF15,6939.0,Amp5,5.21
X-2597,TCF25,22980.0,MutNovel,"R332Q,1.000"
X-2597,TDRD12,91646.0,Amp5,5.31
X-2597,TGM3,7053.0,Amp5,5.21
X-2597,TGM6,343641.0,Amp5,5.21
X-2597,THEG5,100507527.0,Amp5,5.31
X-2597,THEM4,117145.0,MutNovel,"A226V,0.377"
X-2597,TMC2,117532.0,Amp5,5.21
X-2597,TMEM239,100288797.0,Amp5,5.21
X-2597,TMEM74B,55321.0,Amp5,5.21
X-2597,TMX4,56255.0,Amp5,5.21
X-2597,TP53,7157.0,MutNovel,"D259Y,1.000"
X-2597,TRIB3,57761.0,Amp5,5.21
X-2597,TRMT6,51605.0,Amp5,5.21
X-2597,TRPC6,7225.0,MutNovel,"Y659C,0.542"
X-2597,TSHZ3,57616.0,Amp5,5.31
X-2597,TUBGCP6,85378.0,MutNovel,"Y1506H,1.000"
X-2597,TWF2,11344.0,MutKnownFunctional,"-85,1.000"
X-2597,UBOX5,22888.0,Amp5,5.21
X-2597,UQCRFS1,7386.0,Amp5,5.31
X-2597,URI1,8725.0,Amp5,5.31
X-2597,USP32,84669.0,MutNovel,"P1395S,1.000"
X-2597,UTY,7404.0,MutNovel,"S955R,1.000"
X-2597,UTY,7404.0,MutNovel,"S585F,0.333"
X-2597,UTY,7404.0,MutKnownFunctional,"NQ363S*,0.600"
X-2597,UTY,7404.0,MutNovel,"C362N,0.600"
X-2597,UTY,7404.0,MutNovel,"S361R,0.600"
X-2597,UTY,7404.0,MutKnownFunctional,"YE359Y*,0.600"
X-2597,UTY,7404.0,MutNovel,"L358T,0.600"
X-2597,UTY,7404.0,MutNovel,"G356S,0.600"
X-2597,UTY,7404.0,MutKnownFunctional,"DL354G*,0.600"
X-2597,UTY,7404.0,MutNovel,"MD353RN,0.500"
X-2597,UTY,7404.0,MutNovel,"W352Q,0.500"
X-2597,UTY,7404.0,MutNovel,"AA350ET,0.500"
X-2597,UTY,7404.0,MutNovel,"IL81RG,1.000"
X-2597,UTY,7404.0,MutNovel,"ES78DD,1.000"
X-2597,UTY,7404.0,MutKnownFunctional,"YE77*P,1.000"
X-2597,UTY,7404.0,MutNovel,"C76F,1.000"
X-2597,UTY,7404.0,MutNovel,"VR74GG,1.000"
X-2597,UTY,7404.0,MutNovel,"T68A,1.000"
X-2597,VPS16,64601.0,Amp5,5.21
X-2597,VSTM2B,342865.0,Amp5,5.31
X-2597,WDR47,22911.0,MutNovel,"PR551R,0.400"
X-2597,WDR88,126248.0,Amp5,5.31
X-2597,ZCCHC3,85364.0,Amp5,5.21
X-2597,ZNF133,7692.0,Amp5,5.13
X-2597,ZNF343,79175.0,Amp5,5.21
X-2597,ZNF507,22847.0,Amp5,5.31
X-2597,ZNF517,340385.0,MutNovel,"R476C,0.600"
X-2597,ZNF526,116115.0,MutKnownFunctional,"-197,0.533"
X-2597,ZNF536,9745.0,Amp5,5.31
X-2863,ACOT1,641371.0,Del0.8,0.75
X-2863,ACSM2A,123876.0,MutNovel,"N463D,1.000"
X-2863,ADM2,79924.0,MutNovel,"R123C,0.295"
X-2863,AHSA2,130872.0,MutKnownFunctional,"-36,0.317"
X-2863,AIM1,202.0,Amp8,23.75
X-2863,AKAP10,11216.0,MutNovel,"D455N,0.529"
X-2863,ALS2,57679.0,MutNovel,"A1034V,0.730"
X-2863,AMELY,266.0,Del0.8,0.78
X-2863,AMOTL2,51421.0,MutNovel,"G198A,0.511"
X-2863,ANKRD18B,441459.0,MutNovel,"H655Y,1.000"
X-2863,ANKRD18B,441459.0,MutNovel,"W664R,1.000"
X-2863,ANKRD18B,441459.0,MutNovel,"I675S,1.000"
X-2863,ANKRD36,375248.0,MutNovel,"T998S,0.209"
X-2863,ANKRD36C,,MutNovel,"G1620R,0.371"
X-2863,ANKRD36C,,MutNovel,"P1026Q,1.000"
X-2863,APBB1IP,54518.0,MutNovel,"-600P,0.318"
X-2863,ARAP2,116984.0,MutKnownFunctional,"-1047?,0.611"
X-2863,ARHGAP5,394.0,MutNovel,"R9H,1.000"
X-2863,ARHGEF35,445328.0,MutNovel,"A26T,0.500"
X-2863,ARID4B,51742.0,MutNovel,"EE548E,0.229"
X-2863,ART5,116969.0,MutNovel,"-25P,0.793"
X-2863,ASMTL,8623.0,MutNovel,"E187K,0.721"
X-2863,ATG2A,23130.0,MutNovel,"D854N,0.615"
X-2863,ATG5,9474.0,Amp8,23.92
X-2863,ATP5A1,498.0,MutNovel,"R16W,0.682"
X-2863,ATP5SL,55101.0,MutNovel,"H87R,0.471"
X-2863,ATRN,8455.0,MutNovel,"G1103V,0.412"
X-2863,BCORP1,286554.0,Del0.8,0.78
X-2863,BEND3,57673.0,Amp8,23.43
X-2863,BMP8B,656.0,MutNovel,"G20E,0.750"
X-2863,BPTF,2186.0,MutNovel,"E2808G,0.450"
X-2863,BPY2B,442867.0,Del0.8,0.74
X-2863,BPY2B,442867.0,Del0.8,0.74
X-2863,BVES,11149.0,Amp8,20.97
X-2863,C15orf39,56905.0,MutNovel,"P379H,0.786"
X-2863,C15orf41,84529.0,MutNovel,"I263S,0.421"
X-2863,C16orf57,79650.0,MutNovel,"G182E,0.364"
X-2863,C20orf196,149840.0,MutNovel,"A74T,0.296"
X-2863,C6orf203,51250.0,Amp8,23.43
X-2863,CASC4,113201.0,MutNovel,"V386I,0.500"
X-2863,CBS,875.0,MutNovel,"R439Q,0.324"
X-2863,CCDC66,285331.0,MutNovel,"S606SP,1.000"
X-2863,CCNG1,900.0,MutNovel,"E55K,0.707"
X-2863,CCSAP,,MutNovel,"P257L,0.613"
X-2863,CD109,135228.0,MutNovel,"L7R,0.641"
X-2863,CDC42EP1,11135.0,MutNovel,"P123L,0.356"
X-2863,CDCA2,157313.0,MutNovel,"N491K,0.394"
X-2863,CDY1B,253175.0,Del0.8,0.74
X-2863,CDY1B,253175.0,Del0.8,0.74
X-2863,CDY2A,9426.0,Del0.8,0.78
X-2863,CDY2A,9426.0,Del0.8,0.78
X-2863,CDY2B,203611.0,Del0.8,0.78
X-2863,CDY2B,203611.0,Del0.8,0.78
X-2863,CIC,23152.0,MutNovel,"S1044P,0.491"
X-2863,CLEC18A,348174.0,MutNovel,"T148S,0.213"
X-2863,CLEC18A,348174.0,MutNovel,"L411H,0.429"
X-2863,CLEC18A,348174.0,MutNovel,"D421N,0.308"
X-2863,CLEC18C,283971.0,MutNovel,"T148S,0.250"
X-2863,CNTNAP3,79937.0,MutNovel,"E173D,1.000"
X-2863,COL12A1,1303.0,MutNovel,"R936G,0.333"
X-2863,COL18A1,80781.0,MutKnownFunctional,"-1355,0.264"
X-2863,COPB2,9276.0,MutNovel,"R254C,0.372"
X-2863,CRYBG3,,MutNovel,"A928T,0.591"
X-2863,CRYL1,51084.0,MutNovel,"E86A,0.267"
X-2863,CSPG4P1Y,114758.0,Del0.8,0.74
X-2863,CSPG4P1Y,114758.0,Del0.8,0.74
X-2863,CTSA,5476.0,MutNovel,"L29-,0.862"
X-2863,DAZ1,1617.0,Del0.8,0.74
X-2863,DAZ2,57055.0,Del0.8,0.74
X-2863,DAZ3,57054.0,Del0.8,0.74
X-2863,DAZ3,57054.0,Del0.8,0.74
X-2863,DAZ4,57135.0,Del0.8,0.74
X-2863,DAZ4,57135.0,Del0.8,0.74
X-2863,DDX11,1663.0,MutNovel,"R728H,0.515"
X-2863,DDX3Y,8653.0,Del0.8,0.78
X-2863,DGKQ,1609.0,MutNovel,"V780M,1.000"
X-2863,EIF1AY,9086.0,Del0.8,0.74
X-2863,ELFN1,392617.0,MutNovel,"R240C,0.658"
X-2863,ENPP1,5167.0,MutNovel,"S631L,0.722"
X-2863,FAM131A,131408.0,MutNovel,"R63S,0.710"
X-2863,FAM197Y2P,252946.0,Del0.8,0.78
X-2863,FAM211B,388886.0,MutNovel,"G14A,0.778"
X-2863,FAM41AY1,340618.0,Del0.8,0.78
X-2863,FAM41AY1,340618.0,Del0.8,0.78
X-2863,FARSB,10056.0,MutNovel,"I213F,0.642"
X-2863,FBRSL1,57666.0,MutNovel,"S977A,0.500"
X-2863,FOCAD,,MutNovel,"L986Q,1.000"
X-2863,FRYL,285527.0,MutNovel,"S889A,1.000"
X-2863,FRYL,285527.0,MutNovel,"Y297F,1.000"
X-2863,FUK,197258.0,MutNovel,"D254H,0.457"
X-2863,FURIN,5045.0,MutNovel,"A371V,0.292"
X-2863,G3BP1,10146.0,MutNovel,"E152V,0.516"
X-2863,GOLGA2P2Y,84559.0,Del0.8,0.74
X-2863,GOLGA2P2Y,84559.0,Del0.8,0.74
X-2863,GOLGA6L2,,MutNovel,"N54H,1.000"
X-2863,GPRIN2,9721.0,MutNovel,"-238MRE,0.346"
X-2863,GRB14,2888.0,MutKnownFunctional,"-297?,0.255"
X-2863,GRB7,2886.0,MutNovel,"G337A,0.467"
X-2863,GYG2P1,352887.0,Del0.8,0.78
X-2863,HEATR7A,727957.0,MutNovel,"C804R,0.364"
X-2863,HEG1,57493.0,MutNovel,"R31Q,1.000"
X-2863,HIST3H2A,92815.0,MutNovel,"R100G,0.400"
X-2863,HIST3H2A,92815.0,MutNovel,"A67G,1.000"
X-2863,HLA-DRB5,3127.0,MutNovel,"A87E,1.000"
X-2863,HLA-G,3135.0,MutNovel,"G231S,1.000"
X-2863,HMGN1,3150.0,MutNovel,"K95R,0.324"
X-2863,HOXA1,3198.0,MutNovel,"HH71H,0.714"
X-2863,HSFY2,159119.0,Del0.8,0.78
X-2863,HSFY2,159119.0,Del0.8,0.78
X-2863,IBTK,25998.0,MutKnownFunctional,"-433,0.206"
X-2863,ILK,3611.0,MutNovel,"R161H,0.557"
X-2863,INCENP,3619.0,MutNovel,"R707Q,0.424"
X-2863,KAT8,84148.0,MutNovel,"P36A,0.362"
X-2863,KCNMB4,27345.0,MutNovel,"T164S,0.526"
X-2863,KDM3B,51780.0,MutNovel,"A5T,0.667"
X-2863,KDM5D,8284.0,Del0.8,0.78
X-2863,KIAA0913,23053.0,MutNovel,"N1353T,0.569"
X-2863,KIF16B,55614.0,MutNovel,"R781H,0.594"
X-2863,KIF20B,9585.0,MutNovel,"L1062LKV,0.294"
X-2863,KIF21A,55605.0,MutNovel,"L1040M,0.438"
X-2863,KLHL20,27252.0,MutNovel,"R442W,0.577"
X-2863,KRTAP2-2,728279.0,MutNovel,"F10L,1.000"
X-2863,LACC1,144811.0,MutNovel,"V151I,0.208"
X-2863,LCMT2,9836.0,MutNovel,"A123V,0.333"
X-2863,LIN28B,389421.0,Amp8,30.7
X-2863,LOC100287313,,MutNovel,"R104H,0.583"
X-2863,LOC100422737,100422737.0,Amp8,20.68
X-2863,LOC643699,,MutNovel,"L497P,0.833"
X-2863,LOC728888,,MutNovel,"G1064P,0.444"
X-2863,LOC730268,,MutNovel,"V398A,0.714"
X-2863,LOC730268,,MutNovel,"Q698P,0.400"
X-2863,LRIG2,9860.0,MutNovel,"T607M,0.500"
X-2863,LRRC37B,114659.0,MutNovel,"P304T,0.457"
X-2863,LSR,51599.0,MutNovel,"G518GR,0.796"
X-2863,MCEE,84693.0,MutKnownFunctional,"-140,0.552"
X-2863,MCU,90550.0,MutNovel,"R16RGG,0.316"
X-2863,MICAL3,57553.0,MutNovel,"D1008GN,0.538"
X-2863,MID1,4281.0,MutNovel,"E294K,1.000"
X-2863,MLL2,8085.0,MutNovel,"V4706L,0.579"
X-2863,MPRIP,23164.0,MutNovel,"TS178T,0.438"
X-2863,MRPL38,64978.0,MutNovel,"P34R,0.476"
X-2863,MYLIP,29116.0,MutNovel,"H325Q,0.350"
X-2863,NBPF1,55672.0,MutNovel,"L377V,0.250"
X-2863,NBPF12,,MutNovel,"R603Q,0.467"
X-2863,NBPF12,,MutNovel,"L3013V,0.939"
X-2863,NCOR2,9612.0,MutNovel,"G1839GAAA,0.333"
X-2863,NCRNA00185,55410.0,Del0.8,0.78
X-2863,NFATC1,4772.0,MutNovel,"G92S,0.278"
X-2863,NFKBIB,4793.0,MutNovel,"R224W,0.490"
X-2863,NFKBIZ,64332.0,MutKnownFunctional,"-107,0.300"
X-2863,NIN,51199.0,MutNovel,"C869R,1.000"
X-2863,NLGN4Y,22829.0,Del0.8,0.78
X-2863,NOL10,79954.0,MutNovel,"R167Q,0.333"
X-2863,NR1H2,7376.0,MutNovel,"-173Q,0.385"
X-2863,NUP107,57122.0,MutNovel,"T90M,0.473"
X-2863,ORAI1,84876.0,MutNovel,"PP43-,0.733"
X-2863,PARD3B,117583.0,MutNovel,"R1094P,0.250"
X-2863,PARP12,64761.0,MutNovel,"A573T,0.203"
X-2863,PBRM1,55193.0,MutKnownFunctional,"R335*,1.000"
X-2863,PCCB,5096.0,MutNovel,"N556Y,0.554"
X-2863,PCDH11Y,83259.0,Del0.8,0.78
X-2863,PDE4DIP,9659.0,MutNovel,"R524H,0.346"
X-2863,PDSS2,57107.0,Amp5,6.77
X-2863,PEX26,55670.0,MutNovel,"G212V,0.560"
X-2863,PHC3,80012.0,MutNovel,"I207V,0.696"
X-2863,PHF3,23469.0,MutNovel,"E907G,0.352"
X-2863,PHLDA1,22822.0,MutNovel,"QQ194Q,0.553"
X-2863,PIF1,80119.0,MutNovel,"P109S,1.000"
X-2863,PLEC,5339.0,MutNovel,"R943H,0.455"
X-2863,PLEKHF1,79156.0,MutNovel,"S187W,1.000"
X-2863,POMZP3,22932.0,MutNovel,"L8V,0.219"
X-2863,POPDC3,64208.0,Amp8,20.97
X-2863,PPP2R5C,5527.0,MutNovel,"Q80R,1.000"
X-2863,PRDM1,639.0,Amp8,22.47
X-2863,PREP,5550.0,Amp8,20.97
X-2863,PRKY,5616.0,Del0.8,0.78
X-2863,PRODH,5625.0,MutNovel,"N488S,0.429"
X-2863,PRPF39,55015.0,MutNovel,"S62R,1.000"
X-2863,PRRC2C,23215.0,MutNovel,"S2380F,0.389"
X-2863,PRY,9081.0,Del0.8,0.74
X-2863,PRY,9081.0,Del0.8,0.74
X-2863,PRY2,442862.0,Del0.8,0.74
X-2863,PRY2,442862.0,Del0.8,0.74
X-2863,QRSL1,55278.0,Amp8,23.92
X-2863,RAB3GAP1,22930.0,MutNovel,"A841P,0.664"
X-2863,RABGAP1,23637.0,MutNovel,"T1002M,1.000"
X-2863,RASA4,10156.0,MutNovel,"R165W,0.667"
X-2863,RBM15,64783.0,MutKnownFunctional,"-595?,0.667"
X-2863,RBMY1A3P,286557.0,Del0.8,0.78
X-2863,RBMY1B,378948.0,Del0.8,0.74
X-2863,RBMY1B,378948.0,Del0.8,0.74
X-2863,RBMY1E,378950.0,Del0.8,0.74
X-2863,RBMY1E,378950.0,Del0.8,0.74
X-2863,RBMY1F,159163.0,Del0.8,0.74
X-2863,RBMY1F,159163.0,Del0.8,0.74
X-2863,RBMY1J,378951.0,Del0.8,0.74
X-2863,RBMY1J,378951.0,Del0.8,0.74
X-2863,RBMY2EP,159125.0,Del0.8,0.74
X-2863,RBMY2FP,159162.0,Del0.8,0.74
X-2863,RBMY3AP,64593.0,Del0.8,0.78
X-2863,RELN,5649.0,MutNovel,"V3365I,0.455"
X-2863,RICTOR,253260.0,MutNovel,"E1038D,0.417"
X-2863,RNASET2,8635.0,MutNovel,"I101L,0.415"
X-2863,RNMT,8731.0,MutNovel,"R164H,0.623"
X-2863,RPS4Y1,6192.0,Del0.8,0.78
X-2863,RPS4Y2,140032.0,Del0.8,0.74
X-2863,RPS7,6201.0,MutKnownFunctional,"-183?,0.442"
X-2863,RTN4IP1,84816.0,Amp8,21.41
X-2863,SAPCD1,,MutNovel,"F35C,0.618"
X-2863,SERINC2,347735.0,MutNovel,"-373Q,0.680"
X-2863,SF3B3,23450.0,MutNovel,"V335I,0.555"
X-2863,SNAPC4,6621.0,MutNovel,"S542-,0.583"
X-2863,SORBS3,10174.0,MutNovel,"S30Y,0.522"
X-2863,SRY,6736.0,Del0.8,0.78
X-2863,ST3GAL1,6482.0,MutNovel,"H279Y,0.521"
X-2863,ST5,6764.0,MutNovel,"L151F,0.564"
X-2863,STAG3,10734.0,MutNovel,"V104A,0.600"
X-2863,TADA2A,6871.0,MutNovel,"L286F,0.371"
X-2863,TBL1Y,90665.0,Del0.8,0.78
X-2863,TGIF2LY,90655.0,Del0.8,0.78
X-2863,THAP11,57215.0,MutNovel,"QQQQ104-,0.255"
X-2863,THNSL1,79896.0,MutKnownFunctional,"-244,0.474"
X-2863,THUMPD1,55623.0,MutKnownFunctional,"-106,0.253"
X-2863,TLN1,7094.0,MutNovel,"R1214W,1.000"
X-2863,TMCC1,23023.0,MutNovel,"D69E,0.731"
X-2863,TMEM184A,202915.0,MutNovel,"G392GA,0.219"
X-2863,TMEM57,55219.0,MutNovel,"E535D,0.369"
X-2863,TMSB4Y,9087.0,Del0.8,0.78
X-2863,TNFAIP6,7130.0,MutKnownFunctional,"-278,0.375"
X-2863,TNRC18,84629.0,MutNovel,"P337L,0.724"
X-2863,TNRC18,84629.0,MutNovel,"R261C,0.757"
X-2863,TP53,7157.0,MutLikelyFunctional,"R273G,1.000"
X-2863,TRIM16L,147166.0,MutNovel,"D234N,0.528"
X-2863,TRIM73,,MutNovel,"M210T,0.667"
X-2863,TRIOBP,11078.0,MutNovel,"T266P,0.833"
X-2863,TSC1,7248.0,MutNovel,"P1058T,1.000"
X-2863,TSC1,7248.0,MutNovel,"G443V,1.000"
X-2863,TSNARE1,203062.0,MutKnownFunctional,"K441*,0.310"
X-2863,TSPY1,7258.0,Del0.8,0.78
X-2863,TSPY2,64591.0,Del0.8,0.78
X-2863,TSPY3,728137.0,Del0.8,0.78
X-2863,TSPY4,728395.0,Del0.8,0.78
X-2863,TSPY8,728403.0,Del0.8,0.78
X-2863,TSPYL1,7259.0,MutNovel,"V176VW,0.848"
X-2863,TTTY10,246119.0,Del0.8,0.74
X-2863,TTTY11,83866.0,Del0.8,0.78
X-2863,TTTY12,83867.0,Del0.8,0.78
X-2863,TTTY13,83868.0,Del0.8,0.74
X-2863,TTTY14,83869.0,Del0.8,0.78
X-2863,TTTY15,64595.0,Del0.8,0.78
X-2863,TTTY16,252948.0,Del0.8,0.78
X-2863,TTTY17A,252949.0,Del0.8,0.74
X-2863,TTTY17A,252949.0,Del0.8,0.74
X-2863,TTTY18,252950.0,Del0.8,0.78
X-2863,TTTY19,252952.0,Del0.8,0.78
X-2863,TTTY1B,100101116.0,Del0.8,0.78
X-2863,TTTY1B,100101116.0,Del0.8,0.78
X-2863,TTTY2,60439.0,Del0.8,0.78
X-2863,TTTY2,60439.0,Del0.8,0.78
X-2863,TTTY20,252951.0,Del0.8,0.78
X-2863,TTTY21,252953.0,Del0.8,0.78
X-2863,TTTY21,252953.0,Del0.8,0.78
X-2863,TTTY22,252954.0,Del0.8,0.78
X-2863,TTTY23,252955.0,Del0.8,0.78
X-2863,TTTY23,252955.0,Del0.8,0.78
X-2863,TTTY3,114760.0,Del0.8,0.74
X-2863,TTTY3,114760.0,Del0.8,0.74
X-2863,TTTY4,114761.0,Del0.8,0.74
X-2863,TTTY4,114761.0,Del0.8,0.74
X-2863,TTTY5,83863.0,Del0.8,0.74
X-2863,TTTY6,84672.0,Del0.8,0.74
X-2863,TTTY6,84672.0,Del0.8,0.74
X-2863,TTTY7,246122.0,Del0.8,0.78
X-2863,TTTY7,246122.0,Del0.8,0.78
X-2863,TTTY7B,100101120.0,Del0.8,0.78
X-2863,TTTY7B,100101120.0,Del0.8,0.78
X-2863,TTTY8,84673.0,Del0.8,0.78
X-2863,TTTY8,84673.0,Del0.8,0.78
X-2863,TTTY9A,83864.0,Del0.8,0.78
X-2863,TTTY9A,83864.0,Del0.8,0.78
X-2863,TXLNG2P,246126.0,Del0.8,0.78
X-2863,USO1,8615.0,MutNovel,"V163I,1.000"
X-2863,USP12,219333.0,MutNovel,"N162Y,0.703"
X-2863,USP36,57602.0,MutNovel,"KKK958K,0.350"
X-2863,USP9Y,8287.0,Del0.8,0.78
X-2863,UTY,7404.0,MutNovel,"LL1055GL,0.600"
X-2863,UTY,7404.0,MutNovel,"E1054L,0.600"
X-2863,UTY,7404.0,MutNovel,"C1052P,0.667"
X-2863,UTY,7404.0,MutNovel,"QA1050RL,0.667"
X-2863,UTY,7404.0,MutNovel,"Q1050K,0.800"
X-2863,UTY,7404.0,MutNovel,"V1048H,0.800"
X-2863,UTY,7404.0,MutKnownFunctional,"FV1040**,0.500"
X-2863,UTY,7404.0,MutNovel,"IF1039TV,0.429"
X-2863,UTY,7404.0,MutNovel,"C1038W,0.429"
X-2863,UTY,7404.0,MutNovel,"NY1026PD,0.333"
X-2863,UTY,7404.0,MutNovel,"W1025L,0.333"
X-2863,UTY,7404.0,MutNovel,"NS1023IL,0.300"
X-2863,UTY,7404.0,MutNovel,"PN1022GY,0.250"
X-2863,UTY,7404.0,MutNovel,"L1021P,0.250"
X-2863,UTY,7404.0,MutNovel,"P968Y,0.480"
X-2863,UTY,7404.0,MutNovel,"RP966SV,0.458"
X-2863,UTY,7404.0,MutNovel,"P965V,0.522"
X-2863,UTY,7404.0,MutNovel,"CP962TT,0.500"
X-2863,UTY,7404.0,MutNovel,"K961L,0.522"
X-2863,UTY,7404.0,MutNovel,"L959P,0.591"
X-2863,UTY,7404.0,MutNovel,"I957Y,0.522"
X-2863,UTY,7404.0,MutNovel,"SC955KI,0.500"
X-2863,UTY,7404.0,MutNovel,"NS954PR,0.500"
X-2863,UTY,7404.0,MutKnownFunctional,"S953*,0.474"
X-2863,UTY,7404.0,MutNovel,"GL951FM,0.458"
X-2863,UTY,7404.0,MutNovel,"KN949NA,0.478"
X-2863,UTY,7404.0,MutNovel,"K949P,0.500"
X-2863,UTY,7404.0,MutNovel,"PG947SS,0.556"
X-2863,UTY,7404.0,MutNovel,"N946T,0.579"
X-2863,UTY,7404.0,MutNovel,"T518L,0.571"
X-2863,UTY,7404.0,MutNovel,"CL516WQ,0.467"
X-2863,UTY,7404.0,MutNovel,"S378L,0.529"
X-2863,UTY,7404.0,MutKnownFunctional,"IK369I*,0.474"
X-2863,UTY,7404.0,MutKnownFunctional,"I369*,0.526"
X-2863,UTY,7404.0,MutNovel,"L344F,0.562"
X-2863,UTY,7404.0,MutNovel,"IC339MS,0.583"
X-2863,UTY,7404.0,MutNovel,"L274M,0.500"
X-2863,UTY,7404.0,MutNovel,"I267M,0.500"
X-2863,UTY,7404.0,MutNovel,"DV152GI,0.364"
X-2863,UTY,7404.0,MutNovel,"QD151LC,0.455"
X-2863,UTY,7404.0,MutNovel,"FQ150LK,0.364"
X-2863,UTY,7404.0,MutNovel,"A149S,0.333"
X-2863,UTY,7404.0,MutNovel,"HW144QR,0.250"
X-2863,UTY,7404.0,MutNovel,"H144Q,0.333"
X-2863,UTY,7404.0,MutNovel,"H144G,0.333"
X-2863,UTY,7404.0,MutNovel,"LS110TT,0.385"
X-2863,UTY,7404.0,MutNovel,"KA108NP,0.417"
X-2863,UTY,7404.0,MutNovel,"K108N,0.500"
X-2863,UTY,7404.0,MutNovel,"K108S,0.500"
X-2863,UTY,7404.0,MutNovel,"L102R,0.417"
X-2863,UTY,7404.0,MutNovel,"F92S,0.231"
X-2863,UTY,7404.0,MutNovel,"K87W,0.273"
X-2863,UTY,7404.0,MutNovel,"G86A,0.333"
X-2863,UTY,7404.0,MutNovel,"G86P,0.333"
X-2863,UTY,7404.0,MutNovel,"A84G,0.273"
X-2863,UTY,7404.0,MutNovel,"IL81RG,0.308"
X-2863,UTY,7404.0,MutNovel,"ES78DD,0.214"
X-2863,UTY,7404.0,MutKnownFunctional,"YE77*P,0.231"
X-2863,UTY,7404.0,Del0.8,0.78
X-2863,VCY,9084.0,Del0.8,0.78
X-2863,VCY,9084.0,Del0.8,0.78
X-2863,VHL,7428.0,MutLikelyFunctional,"H115N,1.000"
X-2863,WDR4,10785.0,MutNovel,"G352A,0.333"
X-2863,XKRY2,353515.0,Del0.8,0.78
X-2863,XKRY2,353515.0,Del0.8,0.78
X-2863,XPC,7508.0,MutNovel,"R485M,1.000"
X-2863,ZBED6,100381270.0,MutNovel,"A707T,0.310"
X-2863,ZBTB3,79842.0,MutKnownFunctional,"-42?,0.353"
X-2863,ZFY,7544.0,Del0.8,0.78
X-2863,ZFYVE27,118813.0,MutNovel,"R369W,0.385"
X-2863,ZNF384,171017.0,MutNovel,"QQ514Q,0.516"
X-2863,ZNF578,147660.0,MutNovel,"H3Y,1.000"
X-2863,ZNF837,116412.0,MutNovel,"C365F,0.444"
X-2863,ZSCAN29,146050.0,MutNovel,"D234Y,0.364"
X-2967,61E3.4,,MutNovel,"P388L,1.000"
X-2967,AACS,65985.0,MutNovel,"A169V,0.400"
X-2967,ACOT1,641371.0,Del0.8,0.65
X-2967,ACSM2A,123876.0,MutNovel,"N463D,1.000"
X-2967,ACSM2B,348158.0,MutNovel,"I96V,1.000"
X-2967,ADAM3A,1587.0,Del0.8,0.33
X-2967,ADAM5P,255926.0,Del0.8,0.7
X-2967,AFTPH,54812.0,MutNovel,"D571H,0.400"
X-2967,AGAP8,728404.0,MutNovel,"R610C,0.714"
X-2967,AGAP8,728404.0,MutNovel,"E561D,0.600"
X-2967,AGER,177.0,MutNovel,"G90R,0.355"
X-2967,AGGF1,55109.0,MutNovel,"G390S,0.556"
X-2967,AHCYL2,23382.0,MutKnownFunctional,"R198*,0.667"
X-2967,AMELY,266.0,Del0.8,0.33
X-2967,ANAPC1,64682.0,MutNovel,"V552A,0.231"
X-2967,ANKRD27,84079.0,MutNovel,"A945P,0.437"
X-2967,ANKRD36,375248.0,MutNovel,"T998S,0.217"
X-2967,APOD,347.0,Del0.8,0.76
X-2967,APP,351.0,MutNovel,"T269N,0.483"
X-2967,ARHGAP35,2909.0,MutKnownFunctional,"-367,0.517"
X-2967,ASAP2,8853.0,MutNovel,"D284E,0.692"
X-2967,ASNSD1,54529.0,MutNovel,"L456F,0.705"
X-2967,B2M,567.0,MutKnownFunctional,"S40*,0.983"
X-2967,BCORP1,286554.0,Del0.8,0.3
X-2967,BCR,613.0,MutNovel,"A1104G,0.391"
X-2967,BPY2B,442867.0,Del0.8,0.2
X-2967,BPY2B,442867.0,Del0.8,0.2
X-2967,BTN2A2,10385.0,MutNovel,"R351W,0.651"
X-2967,C20orf112,140688.0,MutKnownFunctional,"-265Q?,0.318"
X-2967,C21orf58,54058.0,MutNovel,"H299PN,0.412"
X-2967,C22orf29,79680.0,MutKnownFunctional,"K268*,0.438"
X-2967,C3,718.0,MutNovel,"L795F,0.600"
X-2967,C9orf53,51198.0,Del0.8,0.46
X-2967,CAMTA1,23261.0,MutKnownFunctional,"-1587?,0.269"
X-2967,CC2D1B,200014.0,MutNovel,"EEE95E,0.455"
X-2967,CCDC66,285331.0,MutKnownFunctional,"-233?,0.353"
X-2967,CCDC66,285331.0,MutNovel,"S606SP,1.000"
X-2967,CCR1,1230.0,MutNovel,"I261V,1.000"
X-2967,CDC42EP1,11135.0,MutNovel,"PAPAANPS253P,0.478"
X-2967,CDK11A,728642.0,MutNovel,"A155S,0.209"
X-2967,CDKN2A,1029.0,Del0.8,0.46
X-2967,CDKN2B,1030.0,Del0.8,0.62
X-2967,CDY1B,253175.0,Del0.8,0.2
X-2967,CDY1B,253175.0,Del0.8,0.2
X-2967,CDY2A,9426.0,Del0.8,0.18
X-2967,CDY2A,9426.0,Del0.8,0.18
X-2967,CDY2B,203611.0,Del0.8,0.18
X-2967,CDY2B,203611.0,Del0.8,0.18
X-2967,CEBPG,1054.0,MutNovel,"K77R,0.456"
X-2967,CFHR1,3078.0,Amp8,8.34
X-2967,CFHR3,10878.0,Amp8,8.34
X-2967,CHEK2,11200.0,MutKnownFunctional,"-410,0.471"
X-2967,CHI3L2,1117.0,MutNovel,"L98I,0.656"
X-2967,CHTOP,26097.0,MutNovel,"P245A,0.531"
X-2967,CNTNAP3B,728577.0,MutNovel,"R1214W,1.000"
X-2967,COG4,25839.0,MutNovel,"F335Y,0.410"
X-2967,COL4A2,1284.0,MutNovel,"G1453E,0.676"
X-2967,CSPG4P1Y,114758.0,Del0.8,0.2
X-2967,CSPG4P1Y,114758.0,Del0.8,0.2
X-2967,DAZ1,1617.0,Del0.8,0.2
X-2967,DAZ2,57055.0,Del0.8,0.2
X-2967,DAZ3,57054.0,Del0.8,0.2
X-2967,DAZ3,57054.0,Del0.8,0.2
X-2967,DAZ4,57135.0,Del0.8,0.2
X-2967,DAZ4,57135.0,Del0.8,0.2
X-2967,DCPS,28960.0,MutNovel,"S72SGD,0.778"
X-2967,DDX20,11218.0,MutNovel,"M421-,0.434"
X-2967,DDX3Y,8653.0,Del0.8,0.33
X-2967,DLG1,1739.0,MutNovel,"R652Q,1.000"
X-2967,DMRT1,1761.0,Del0.8,0.36
X-2967,DMRT2,10655.0,Del0.8,0.36
X-2967,DMRT3,58524.0,Del0.8,0.36
X-2967,DMRTA1,63951.0,Del0.8,0.24
X-2967,DNAH1,25981.0,MutNovel,"L3793V,1.000"
X-2967,DNHD1,144132.0,MutNovel,"G2206K,0.400"
X-2967,DONSON,29980.0,MutNovel,"M368L,0.458"
X-2967,DPH1,1801.0,MutNovel,"P206S,0.402"
X-2967,DPP9,91039.0,MutNovel,"V787I,0.644"
X-2967,DYNLRB1,83658.0,MutNovel,"I50T,0.390"
X-2967,ECH1,1891.0,MutNovel,"G132V,0.270"
X-2967,EIF1AY,9086.0,Del0.8,0.3
X-2967,EIF4B,1975.0,MutNovel,"S311T,0.369"
X-2967,EMC2,,MutNovel,"C75Y,0.455"
X-2967,FAM120A,23196.0,MutNovel,"L365V,1.000"
X-2967,FAM125B,89853.0,MutNovel,"I151L,1.000"
X-2967,FAM13A,10144.0,MutKnownFunctional,"R495*,0.453"
X-2967,FAM153A,285596.0,MutNovel,"V186G,0.987"
X-2967,FAM153B,202134.0,MutNovel,"L145F,1.000"
X-2967,FAM153B,202134.0,MutNovel,"V186G,1.000"
X-2967,FAM153B,202134.0,MutNovel,"P208L,1.000"
X-2967,FAM153B,202134.0,MutNovel,"G222E,0.500"
X-2967,FAM197Y2P,252946.0,Del0.8,0.33
X-2967,FAM41AY1,340618.0,Del0.8,0.18
X-2967,FAM41AY1,340618.0,Del0.8,0.18
X-2967,FAM45A,,MutNovel,"R325G,0.649"
X-2967,FAM86DP,692099.0,Del0.8,0.57
X-2967,FCGBP,8857.0,MutNovel,"E4275K,0.667"
X-2967,FEM1B,10116.0,MutNovel,"D356N,1.000"
X-2967,FKBP9,11328.0,MutNovel,"N119S,0.221"
X-2967,FKBP9,11328.0,MutKnownFunctional,"Y193*,0.236"
X-2967,FKBP9,11328.0,MutNovel,"R301Q,0.215"
X-2967,GOLGA2P2Y,84559.0,Del0.8,0.2
X-2967,GOLGA2P2Y,84559.0,Del0.8,0.2
X-2967,GOLGA6L4,,MutNovel,"A103T,1.000"
X-2967,GOLGA8J,,MutNovel,"R331H,0.750"
X-2967,GOLGA8J,,MutNovel,"R473H,1.000"
X-2967,GYG2P1,352887.0,Del0.8,0.33
X-2967,H2AFB3,,MutNovel,"R40L,1.000"
X-2967,HGC6.3,100128124.0,MutNovel,"G155E,0.300"
X-2967,HGC6.3,100128124.0,MutNovel,"S119F,0.500"
X-2967,HGC6.3,100128124.0,MutNovel,"M114V,0.400"
X-2967,HGC6.3,100128124.0,MutNovel,"V104A,0.391"
X-2967,HGC6.3,100128124.0,MutNovel,"P102S,0.552"
X-2967,HGC6.3,100128124.0,MutNovel,"P80L,0.204"
X-2967,HGC6.3,100128124.0,MutNovel,"Q38L,1.000"
X-2967,HLA-B,3106.0,MutNovel,"D138H,0.272"
X-2967,HLA-DQB2,3120.0,MutNovel,"D162G,0.444"
X-2967,HNRNPL,3191.0,MutNovel,"L251R,0.211"
X-2967,HSFY2,159119.0,Del0.8,0.18
X-2967,HSFY2,159119.0,Del0.8,0.18
X-2967,IFNE,338376.0,Del0.8,0.47
X-2967,IGDCC4,57722.0,MutNovel,"D5N,1.000"
X-2967,IQSEC1,9922.0,MutNovel,"I939L,1.000"
X-2967,ITFG1,81533.0,MutNovel,"A509T,0.684"
X-2967,ITGB8,3696.0,MutNovel,"C612G,0.547"
X-2967,KDM5D,8284.0,Del0.8,0.3
X-2967,KIAA0556,23247.0,MutNovel,"E247K,0.800"
X-2967,KIAA0664,23277.0,MutNovel,"I1240L,0.634"
X-2967,KLF3,51274.0,MutNovel,"V9L,0.609"
X-2967,KLHL2,11275.0,MutNovel,"E92G,0.224"
X-2967,LCE3C,353144.0,Del0.8,0.29
X-2967,LOC100505781,,MutNovel,"R104A,0.500"
X-2967,LOC100996575,,MutKnownFunctional,"-221,0.351"
X-2967,LOC100996689,,MutNovel,"R232C,0.500"
X-2967,LOC642441,,MutNovel,"S249P,0.583"
X-2967,LOC642778,,MutNovel,"R140K,0.667"
X-2967,LOC643699,,MutNovel,"L497P,1.000"
X-2967,LSR,51599.0,MutNovel,"G518GR,0.438"
X-2967,LTV1,84946.0,MutNovel,"N280H,0.735"
X-2967,MAGT1,84061.0,MutNovel,"R182Q,1.000"
X-2967,MAN2A2,4122.0,MutNovel,"A119T,1.000"
X-2967,MARS,4141.0,MutNovel,"V444L,0.600"
X-2967,MCTP1,79772.0,MutNovel,"D492N,0.900"
X-2967,MED12,9968.0,MutNovel,"S70N,1.000"
X-2967,MEF2A,4205.0,MutNovel,"QQ412-,0.383"
X-2967,MGAT4C,25834.0,MutNovel,"D336E,0.600"
X-2967,MIR31,407035.0,Del0.8,0.54
X-2967,MIR31HG,554202.0,Del0.8,0.45
X-2967,MOXD1,26002.0,MutNovel,"V546L,0.292"
X-2967,MPRIP,23164.0,MutNovel,"TS178T,0.262"
X-2967,MTAP,4507.0,Del0.8,0.4
X-2967,NAALADL2,254827.0,MutNovel,"Q518K,0.500"
X-2967,NACAD,23148.0,MutNovel,"D27N,0.600"
X-2967,NBPF12,,MutNovel,"I338L,0.867"
X-2967,NBPF14,25832.0,MutNovel,"G485E,0.471"
X-2967,NCOR2,9612.0,MutNovel,"G1839GAAA,0.434"
X-2967,NCRNA00185,55410.0,Del0.8,0.3
X-2967,NFE2L3,9603.0,MutNovel,"G294V,0.524"
X-2967,NFE2L3,9603.0,MutNovel,"N296I,0.514"
X-2967,NFKB1,4790.0,MutNovel,"V631F,0.452"
X-2967,NLGN4Y,22829.0,Del0.8,0.33
X-2967,NOV,4856.0,MutNovel,"F291Y,0.310"
X-2967,NPIPL3,23117.0,MutNovel,"C1076R,0.500"
X-2967,NR1H2,7376.0,MutNovel,"-173Q,0.449"
X-2967,NTHL1,4913.0,MutNovel,"R65H,0.500"
X-2967,OGFR,11054.0,MutNovel,"R605S,0.274"
X-2967,OR13A1,79290.0,MutNovel,"S105L,0.429"
X-2967,OR2T10,127069.0,Amp5,7.41
X-2967,OR2T11,127077.0,Amp5,5.31
X-2967,OR2T34,127068.0,Amp5,7.41
X-2967,OTUD1,220213.0,MutNovel,"P277Q,0.565"
X-2967,PCDH11Y,83259.0,Del0.8,0.33
X-2967,PHLDA1,22822.0,MutNovel,"QQ194Q,0.478"
X-2967,PKD1,5310.0,MutNovel,"C259Y,0.667"
X-2967,PKP4,8502.0,MutKnownFunctional,"-793,0.313"
X-2967,POTEE,445582.0,MutNovel,"L192V,1.000"
X-2967,PPIAL4G,644591.0,MutNovel,"Q24L,1.000"
X-2967,PRKCDBP,112464.0,MutNovel,"R49T,0.470"
X-2967,PRKY,5616.0,Del0.8,0.33
X-2967,PRR12,57479.0,MutNovel,"P1475T,0.400"
X-2967,PRY,9081.0,Del0.8,0.3
X-2967,PRY,9081.0,Del0.8,0.3
X-2967,PRY2,442862.0,Del0.8,0.3
X-2967,PRY2,442862.0,Del0.8,0.3
X-2967,RANBP6,26953.0,MutNovel,"R278K,1.000"
X-2967,RANBP9,10048.0,MutNovel,"-11R,0.600"
X-2967,RBMY1A3P,286557.0,Del0.8,0.33
X-2967,RBMY1B,378948.0,Del0.8,0.3
X-2967,RBMY1B,378948.0,Del0.8,0.3
X-2967,RBMY1E,378950.0,Del0.8,0.3
X-2967,RBMY1E,378950.0,Del0.8,0.3
X-2967,RBMY1F,159163.0,Del0.8,0.3
X-2967,RBMY1F,159163.0,Del0.8,0.3
X-2967,RBMY1J,378951.0,Del0.8,0.3
X-2967,RBMY1J,378951.0,Del0.8,0.3
X-2967,RBMY2EP,159125.0,Del0.8,0.3
X-2967,RBMY2FP,159162.0,Del0.8,0.3
X-2967,RBMY3AP,64593.0,Del0.8,0.33
X-2967,RIN3,79890.0,MutNovel,"G967-,0.743"
X-2967,RNF10,9921.0,MutNovel,"G33E,0.659"
X-2967,RNF149,284996.0,MutNovel,"F227C,0.449"
X-2967,RPS4Y1,6192.0,Del0.8,0.33
X-2967,RPS4Y2,140032.0,Del0.8,0.3
X-2967,RRP15,51018.0,MutKnownFunctional,"-272,1.000"
X-2967,SCAF8,22828.0,MutNovel,"I66N,0.727"
X-2967,SCAMP4,113178.0,MutNovel,"R91Q,0.611"
X-2967,SCAPER,49855.0,Del0.8,0.72
X-2967,SDHAP2,727956.0,Del0.8,0.76
X-2967,SECISBP2,79048.0,MutNovel,"D716E,1.000"
X-2967,SERINC2,347735.0,MutNovel,"-373Q,0.746"
X-2967,SESN1,27244.0,MutNovel,"A10V,0.750"
X-2967,SFI1,9814.0,MutNovel,"R766Q,0.422"
X-2967,SGK1,6446.0,MutNovel,"L311M,0.308"
X-2967,SIRPB1,10326.0,Amp5,7.16
X-2967,SMARCA2,6595.0,Del0.8,0.37
X-2967,SOGA1,,MutNovel,"E1277Q,0.556"
X-2967,SRY,6736.0,Del0.8,0.33
X-2967,STK11IP,114790.0,MutNovel,"K512N,0.389"
X-2967,SUN1,23353.0,MutNovel,"T342M,0.505"
X-2967,SYMPK,8189.0,MutNovel,"S992N,0.459"
X-2967,SYNPO,11346.0,MutNovel,"E778K,0.881"
X-2967,TBC1D20,128637.0,MutNovel,"R354G,0.256"
X-2967,TBC1D3G,654341.0,MutNovel,"P358Q,1.000"
X-2967,TBL1Y,90665.0,Del0.8,0.33
X-2967,TEKT4,150483.0,MutNovel,"E385Q,0.231"
X-2967,TEKT4,150483.0,MutNovel,"R424C,0.300"
X-2967,TGIF2LY,90655.0,Del0.8,0.33
X-2967,THRB,7068.0,MutNovel,"W14R,1.000"
X-2967,TLCD2,727910.0,MutNovel,"R177H,0.583"
X-2967,TLR2,7097.0,MutKnownFunctional,"Y647*,0.774"
X-2967,TMEM179B,374395.0,MutNovel,"I98V,0.551"
X-2967,TMEM183A,92703.0,MutNovel,"R10M,0.719"
X-2967,TMEM184A,202915.0,MutNovel,"G392GA,0.833"
X-2967,TMEM185B,79134.0,MutKnownFunctional,"S147*,0.267"
X-2967,TMEM249,,MutNovel,"E82L,1.000"
X-2967,TMEM44,93109.0,MutNovel,"D475Y,0.502"
X-2967,TMEM62,80021.0,MutKnownFunctional,"-367,0.947"
X-2967,TMSB4Y,9087.0,Del0.8,0.33
X-2967,TNRC6A,27327.0,MutKnownFunctional,"-506?,0.424"
X-2967,TRMT44,,MutNovel,"V385F,0.556"
X-2967,TRPV1,7442.0,MutNovel,"F136L,0.586"
X-2967,TSC2,7249.0,MutNovel,"S1530L,0.360"
X-2967,TSPY1,7258.0,Del0.8,0.33
X-2967,TSPY2,64591.0,Del0.8,0.33
X-2967,TSPY3,728137.0,Del0.8,0.33
X-2967,TSPY4,728395.0,Del0.8,0.33
X-2967,TSPY8,728403.0,Del0.8,0.33
X-2967,TSPYL1,7259.0,MutNovel,"V176VW,0.867"
X-2967,TTTY10,246119.0,Del0.8,0.3
X-2967,TTTY11,83866.0,Del0.8,0.33
X-2967,TTTY12,83867.0,Del0.8,0.33
X-2967,TTTY13,83868.0,Del0.8,0.3
X-2967,TTTY14,83869.0,Del0.8,0.3
X-2967,TTTY15,64595.0,Del0.8,0.33
X-2967,TTTY16,252948.0,Del0.8,0.33
X-2967,TTTY17A,252949.0,Del0.8,0.2
X-2967,TTTY17A,252949.0,Del0.8,0.11
X-2967,TTTY18,252950.0,Del0.8,0.33
X-2967,TTTY19,252952.0,Del0.8,0.33
X-2967,TTTY1B,100101116.0,Del0.8,0.33
X-2967,TTTY1B,100101116.0,Del0.8,0.13
X-2967,TTTY2,60439.0,Del0.8,0.33
X-2967,TTTY2,60439.0,Del0.8,0.13
X-2967,TTTY20,252951.0,Del0.8,0.33
X-2967,TTTY21,252953.0,Del0.8,0.13
X-2967,TTTY21,252953.0,Del0.8,0.33
X-2967,TTTY22,252954.0,Del0.8,0.21
X-2967,TTTY23,252955.0,Del0.8,0.33
X-2967,TTTY23,252955.0,Del0.8,0.33
X-2967,TTTY3,114760.0,Del0.8,0.2
X-2967,TTTY3,114760.0,Del0.8,0.2
X-2967,TTTY4,114761.0,Del0.8,0.2
X-2967,TTTY4,114761.0,Del0.8,0.2
X-2967,TTTY5,83863.0,Del0.8,0.3
X-2967,TTTY6,84672.0,Del0.8,0.3
X-2967,TTTY6,84672.0,Del0.8,0.3
X-2967,TTTY7,246122.0,Del0.8,0.13
X-2967,TTTY7,246122.0,Del0.8,0.33
X-2967,TTTY7B,100101120.0,Del0.8,0.13
X-2967,TTTY7B,100101120.0,Del0.8,0.33
X-2967,TTTY8,84673.0,Del0.8,0.21
X-2967,TTTY8,84673.0,Del0.8,0.33
X-2967,TTTY9A,83864.0,Del0.8,0.18
X-2967,TTTY9A,83864.0,Del0.8,0.18
X-2967,TUSC1,286319.0,MutNovel,"-48A,0.800"
X-2967,TXLNG2P,246126.0,Del0.8,0.3
X-2967,UGT2B10,7365.0,MutNovel,"R250G,1.000"
X-2967,UGT2B10,7365.0,MutNovel,"F269L,1.000"
X-2967,UGT2B28,54490.0,Del0.8,0.45
X-2967,USP36,57602.0,MutNovel,"KKK958K,0.520"
X-2967,USP9Y,8287.0,Del0.8,0.33
X-2967,UTY,7404.0,Del0.8,0.33
X-2967,VCY,9084.0,Del0.8,0.33
X-2967,VCY,9084.0,Del0.8,0.33
X-2967,VHL,7428.0,MutNovel,"VI74V,1.000"
X-2967,VPS33A,65082.0,MutNovel,"A3V,0.500"
X-2967,WDR11,55717.0,MutNovel,"P950L,0.712"
X-2967,WHSC1L1,54904.0,MutNovel,"Q432E,0.635"
X-2967,XKRY2,353515.0,Del0.8,0.18
X-2967,XKRY2,353515.0,Del0.8,0.18
X-2967,ZBED3,84327.0,MutNovel,"A179G,0.789"
X-2967,ZBTB40,9923.0,MutKnownFunctional,"S252*,1.000"
X-2967,ZFHX2,85446.0,MutNovel,"Q1136H,0.429"
X-2967,ZFP36,7538.0,MutNovel,"S192N,0.543"
X-2967,ZFPM1,161882.0,MutNovel,"VK202V,0.643"
X-2967,ZFY,7544.0,Del0.8,0.33
X-2967,ZMYND8,23613.0,MutNovel,"D448G,0.250"
X-2967,ZNF304,57343.0,MutNovel,"F540I,0.476"
X-2967,ZNF334,55713.0,MutNovel,"R456G,0.603"
X-2967,ZNF384,171017.0,MutNovel,"QQ514Q,0.378"
X-2967,ZNF506,440515.0,MutKnownFunctional,"-366,0.467"
X-2967,ZNF551,90233.0,MutNovel,"Y38C,0.400"
X-2967,ZNF610,162963.0,MutNovel,"E6K,0.250"
X-2967,ZNF846,162993.0,MutKnownFunctional,"-177,0.385"
X-3083,ADAM19,8728.0,MutNovel,"A7P,1.000"
X-3083,ADAM2,2515.0,Amp5,5.17
X-3083,ADAM28,10863.0,Del0.8,0.67
X-3083,ADAM32,203102.0,Del0.8,0.66
X-3083,ADAM3A,1587.0,Del0.8,0.66
X-3083,ADAM5P,255926.0,Del0.8,0.66
X-3083,ADAM7,8756.0,Del0.8,0.67
X-3083,ADAM9,8754.0,Del0.8,0.66
X-3083,ADAMDEC1,27299.0,Del0.8,0.67
X-3083,ADRA1A,148.0,Del0.8,0.66
X-3083,AEBP1,165.0,MutNovel,"I747S,0.875"
X-3083,AGPAT5,55326.0,Del0.8,0.68
X-3083,AGRN,375790.0,MutNovel,"G1320R,0.356"
X-3083,AMELY,266.0,Del0.8,0.22
X-3083,ANGPT2,285.0,Del0.8,0.68
X-3083,APEH,327.0,MutNovel,"V613M,0.617"
X-3083,ARHGEF10,9639.0,Del0.8,0.67
X-3083,ASAH1,427.0,Del0.8,0.69
X-3083,ATP6V1B2,526.0,Del0.8,0.67
X-3083,AVEN,57099.0,MutNovel,"GGGGG41G,0.667"
X-3083,BCORP1,286554.0,Del0.8,0.22
X-3083,BIN3,55909.0,Del0.8,0.67
X-3083,BLK,640.0,Del0.8,0.68
X-3083,BMP1,649.0,Del0.8,0.67
X-3083,BMP4,652.0,MutNovel,"D387H,1.000"
X-3083,BNIP3L,665.0,Del0.8,0.67
X-3083,BPY2B,442867.0,Del0.8,0.22
X-3083,BPY2B,442867.0,Del0.8,0.22
X-3083,BTG3,10950.0,Amp8,9.19
X-3083,C10orf25,220979.0,Del0.8,0.75
X-3083,C21orf37,100505929.0,Amp8,9.19
X-3083,C21orf91,54149.0,Amp8,9.19
X-3083,C21orf91-OT1,246312.0,Amp8,9.19
X-3083,C8orf12,83656.0,Del0.8,0.68
X-3083,C8orf4,56892.0,Amp5,5.17
X-3083,C8orf42,157695.0,Del0.8,0.69
X-3083,C8orf48,157773.0,Del0.8,0.67
X-3083,C8orf58,541565.0,Del0.8,0.67
X-3083,C8orf74,203076.0,Del0.8,0.68
X-3083,C9orf53,51198.0,Del0.8,0.22
X-3083,C9orf66,157983.0,Del0.8,0.43
X-3083,CBWD1,55871.0,MutNovel,"A199I,0.333"
X-3083,CBWD1,55871.0,MutNovel,"S115N,0.917"
X-3083,CCAR1,55749.0,MutKnownFunctional,"-925,0.931"
X-3083,CCDC144B,284047.0,Del0.8,0.73
X-3083,CCDC25,55246.0,Del0.8,0.66
X-3083,CCL3L3,414062.0,MutNovel,"F65L,1.000"
X-3083,CDC42EP1,11135.0,MutNovel,"PAPAANPS253P,0.238"
X-3083,CDCA2,157313.0,Del0.8,0.67
X-3083,CDKN2A,1029.0,Del0.8,0.22
X-3083,CDKN2B,1030.0,Del0.8,0.4
X-3083,CDY1B,253175.0,Del0.8,0.22
X-3083,CDY1B,253175.0,Del0.8,0.22
X-3083,CDY2A,9426.0,Del0.8,0.22
X-3083,CDY2A,9426.0,Del0.8,0.22
X-3083,CDY2B,203611.0,Del0.8,0.22
X-3083,CDY2B,203611.0,Del0.8,0.22
X-3083,CELSR2,1952.0,MutNovel,"A1114V,0.667"
X-3083,CHD9,80205.0,MutNovel,"S2440C,0.556"
X-3083,CHMP7,91782.0,Del0.8,0.67
X-3083,CHODL-AS1,54075.0,Amp8,9.19
X-3083,CHRNA2,1135.0,Del0.8,0.66
X-3083,CHUK,1147.0,MutKnownFunctional,"S356*,1.000"
X-3083,CLDN23,137075.0,Del0.8,0.68
X-3083,CLN8,2055.0,Del0.8,0.67
X-3083,CLU,1191.0,Del0.8,0.66
X-3083,CNOT7,29883.0,Del0.8,0.69
X-3083,CREBBP,1387.0,MutNovel,"S893L,1.000"
X-3083,CSAG3,389903.0,MutNovel,"A63T,1.000"
X-3083,CSNK1E,1454.0,MutNovel,"F150L,0.386"
X-3083,CSPG4P1Y,114758.0,Del0.8,0.22
X-3083,CSPG4P1Y,114758.0,Del0.8,0.22
X-3083,CTAGE4,100128553.0,Amp5,5.98
X-3083,CTNS,1497.0,MutNovel,"L356M,0.217"
X-3083,CTSA,5476.0,MutNovel,"L29-,0.454"
X-3083,CTSB,1508.0,Del0.8,0.68
X-3083,CXADR,1525.0,Amp8,9.19
X-3083,DAZ1,1617.0,Del0.8,0.22
X-3083,DAZ2,57055.0,Del0.8,0.22
X-3083,DAZ3,57054.0,Del0.8,0.22
X-3083,DAZ3,57054.0,Del0.8,0.22
X-3083,DAZ4,57135.0,Del0.8,0.22
X-3083,DAZ4,57135.0,Del0.8,0.22
X-3083,DCTN6,10671.0,Del0.8,0.66
X-3083,DCUN1D4,23142.0,MutNovel,"D171N,0.583"
X-3083,DDX17,10521.0,MutNovel,"R254K,0.306"
X-3083,DDX3Y,8653.0,Del0.8,0.22
X-3083,DEFA10P,449493.0,Del0.8,0.68
X-3083,DEFA1B,728358.0,Del0.8,0.68
X-3083,DEFA4,1669.0,Del0.8,0.68
X-3083,DEFA5,1670.0,Del0.8,0.68
X-3083,DEFA6,1671.0,Del0.8,0.68
X-3083,DEFB1,1672.0,Del0.8,0.68
X-3083,DEFB103A,414325.0,Del0.8,0.68
X-3083,DEFB103A,414325.0,Del0.8,0.68
X-3083,DEFB104B,503618.0,Del0.8,0.68
X-3083,DEFB104B,503618.0,Del0.8,0.68
X-3083,DEFB105B,504180.0,Del0.8,0.68
X-3083,DEFB105B,504180.0,Del0.8,0.68
X-3083,DEFB106B,503841.0,Del0.8,0.68
X-3083,DEFB106B,503841.0,Del0.8,0.68
X-3083,DEFB107A,245910.0,Del0.8,0.68
X-3083,DEFB107A,245910.0,Del0.8,0.68
X-3083,DEFB109P1B,641517.0,Del0.8,0.68
X-3083,DEFB109P1B,641517.0,Del0.8,0.68
X-3083,DEFB130,245940.0,Del0.8,0.68
X-3083,DEFB134,613211.0,Del0.8,0.68
X-3083,DEFB135,613209.0,Del0.8,0.68
X-3083,DEFB136,613210.0,Del0.8,0.68
X-3083,DEFB4A,1673.0,Del0.8,0.68
X-3083,DEFB4B,100289462.0,Del0.8,0.68
X-3083,DEFT1P,170949.0,Del0.8,0.68
X-3083,DENND4B,9909.0,MutNovel,"QQQ908-,0.486"
X-3083,DLC1,10395.0,Del0.8,0.67
X-3083,DLGAP2,9228.0,Del0.8,0.67
X-3083,DMRTA1,63951.0,Del0.8,0.18
X-3083,DNAJC22,79962.0,MutNovel,"H166R,1.000"
X-3083,DOCK5,80005.0,Del0.8,0.67
X-3083,DOCK8,81704.0,Del0.8,0.2
X-3083,DOK2,9046.0,Del0.8,0.67
X-3083,DPP8,54878.0,MutNovel,"P414L,0.556"
X-3083,DPYSL2,1808.0,Del0.8,0.67
X-3083,DUSP26,78986.0,Del0.8,0.66
X-3083,DUSP4,1846.0,Del0.8,0.66
X-3083,DVL1,1855.0,MutNovel,"R223Q,0.447"
X-3083,EBF2,64641.0,Del0.8,0.67
X-3083,EFHA2,286097.0,Del0.8,0.69
X-3083,EGR3,1960.0,Del0.8,0.67
X-3083,EHBP1L1,254102.0,MutNovel,"R1254Q,1.000"
X-3083,EIF1AY,9086.0,Del0.8,0.22
X-3083,ELAVL2,1993.0,Del0.8,0.27
X-3083,ELP3,55140.0,Del0.8,0.66
X-3083,ENTPD4,9583.0,Del0.8,0.67
X-3083,EPB49,2039.0,Del0.8,0.67
X-3083,EPHX2,2053.0,Del0.8,0.66
X-3083,ERI1,90459.0,Del0.8,0.68
X-3083,ERICH1,157697.0,Del0.8,0.67
X-3083,ESCO2,157570.0,Del0.8,0.66
X-3083,EXTL3,2137.0,Del0.8,0.66
X-3083,FAM106A,80039.0,Del0.8,0.44
X-3083,FAM120C,54954.0,MutNovel,"P110RRP,0.875"
X-3083,FAM160B2,64760.0,Del0.8,0.67
X-3083,FAM167A,83648.0,Del0.8,0.68
X-3083,FAM197Y2P,252946.0,Del0.8,0.22
X-3083,FAM41AY1,340618.0,Del0.8,0.22
X-3083,FAM41AY1,340618.0,Del0.8,0.22
X-3083,FAM66B,100128890.0,Del0.8,0.68
X-3083,FAM66D,100132923.0,Del0.8,0.68
X-3083,FAM66E,100132103.0,Del0.8,0.68
X-3083,FAM86B1,85002.0,Del0.8,0.68
X-3083,FBRSL1,57666.0,MutNovel,"GLGRER882G,0.700"
X-3083,FBXO16,157574.0,Del0.8,0.66
X-3083,FBXO25,26260.0,Del0.8,0.69
X-3083,FDFT1,2222.0,Del0.8,0.68
X-3083,FGF17,8822.0,Del0.8,0.67
X-3083,FGF20,26281.0,Del0.8,0.69
X-3083,FGL1,2267.0,Del0.8,0.69
X-3083,FLJ10661,286042.0,Del0.8,0.68
X-3083,FLJ14107,80094.0,Del0.8,0.67
X-3083,FUT10,84750.0,Del0.8,0.66
X-3083,FZD3,7976.0,Del0.8,0.66
X-3083,GATA4,2626.0,Del0.8,0.68
X-3083,GFRA2,2675.0,Del0.8,0.67
X-3083,GNRH1,2796.0,Del0.8,0.67
X-3083,GOLGA2P2Y,84559.0,Del0.8,0.22
X-3083,GOLGA2P2Y,84559.0,Del0.8,0.22
X-3083,GPRIN1,114787.0,MutNovel,"V822I,1.000"
X-3083,GSR,2936.0,Del0.8,0.66
X-3083,GTF2E2,2961.0,Del0.8,0.66
X-3083,GYG2P1,352887.0,Del0.8,0.22
X-3083,HIPK2,28996.0,MutNovel,"Q918H,0.556"
X-3083,HMBOX1,79618.0,Del0.8,0.66
X-3083,HMOX1,3162.0,MutNovel,"K22T,0.333"
X-3083,HMOX2,3163.0,MutNovel,"LQF296L,0.979"
X-3083,HNRNPCL1,343069.0,MutNovel,"A218D,1.000"
X-3083,HNRNPCL1,343069.0,MutNovel,"V215M,1.000"
X-3083,HR,55806.0,Del0.8,0.67
X-3083,HRAS,3265.0,MutKnownFunctional,"G13R,1.000"
X-3083,HSFY2,159119.0,Del0.8,0.22
X-3083,HSFY2,159119.0,Del0.8,0.22
X-3083,HTRA4,203100.0,Del0.8,0.66
X-3083,HYI,81888.0,MutNovel,"L145F,0.304"
X-3083,IARS2,55699.0,MutNovel,"L544F,0.305"
X-3083,IDO1,3620.0,Amp5,5.17
X-3083,IDO2,169355.0,Amp5,5.17
X-3083,IGHMBP2,3508.0,Amp5,6.77
X-3083,IL9R,3581.0,Del0.8,0.62
X-3083,ILF2,3608.0,MutNovel,"K328N,0.651"
X-3083,INTS10,55174.0,Del0.8,0.67
X-3083,INTS9,55756.0,Del0.8,0.66
X-3083,KANK1,23189.0,Del0.8,0.22
X-3083,KBTBD10,10324.0,MutNovel,"L139Q,0.902"
X-3083,KBTBD11,9920.0,Del0.8,0.67
X-3083,KCNU1,157855.0,Amp8,10.27
X-3083,KCTD9,54793.0,Del0.8,0.67
X-3083,KDM5D,8284.0,Del0.8,0.22
X-3083,KDM6A,7403.0,Del0.8,0.51
X-3083,KIAA1456,57604.0,Del0.8,0.67
X-3083,KIAA1967,57805.0,Del0.8,0.67
X-3083,KIF13B,23303.0,Del0.8,0.66
X-3083,KLHL35,283212.0,MutNovel,"R472W,1.000"
X-3083,KRT36,8689.0,MutNovel,"R371Q,0.667"
X-3083,KRTAP19-8,728299.0,Amp8,9.45
X-3083,LAD1,3898.0,MutNovel,"L161F,0.701"
X-3083,LAMA5,3911.0,MutNovel,"P2334L,0.355"
X-3083,LCE3C,353144.0,Del0.8,0.17
X-3083,LDOC1,23641.0,Del0.8,0.21
X-3083,LEPROTL1,23484.0,Del0.8,0.66
X-3083,LGALS9C,654346.0,Del0.8,0.44
X-3083,LGI3,203190.0,Del0.8,0.67
X-3083,LINC00208,83655.0,Del0.8,0.68
X-3083,LOC100128993,100128993.0,Del0.8,0.69
X-3083,LOC100132396,100132396.0,Del0.8,0.68
X-3083,LOC100132858,,MutNovel,"G354D,1.000"
X-3083,LOC100287015,100287015.0,Del0.8,0.68
X-3083,LOC100507156,100507156.0,Del0.8,0.67
X-3083,LOC100507341,100507341.0,Del0.8,0.66
X-3083,LOC100652791,100652791.0,Del0.8,0.68
X-3083,LOC157273,157273.0,Del0.8,0.68
X-3083,LOC286059,286059.0,Del0.8,0.11
X-3083,LOC286083,286083.0,Del0.8,0.67
X-3083,LOC286114,286114.0,Del0.8,0.67
X-3083,LOC286135,286135.0,Del0.8,0.66
X-3083,LOC340357,340357.0,Del0.8,0.67
X-3083,LOC349196,349196.0,Del0.8,0.68
X-3083,LOC389641,389641.0,Del0.8,0.67
X-3083,LOC392196,392196.0,Del0.8,0.68
X-3083,LOC728323,728323.0,Del0.8,0.32
X-3083,LOC728377,728377.0,Amp5,5.98
X-3083,LOC728888,,MutNovel,"P317L,0.625"
X-3083,LONRF1,91694.0,Del0.8,0.67
X-3083,LOXL2,4017.0,Del0.8,0.67
X-3083,LPL,4023.0,Del0.8,0.67
X-3083,LSR,51599.0,MutNovel,"G518GR,0.768"
X-3083,LZTS1,11178.0,Del0.8,0.67
X-3083,MAGEC3,139081.0,Del0.8,0.68
X-3083,MAK16,84549.0,Del0.8,0.66
X-3083,MANBA,4126.0,MutNovel,"L100F,0.716"
X-3083,MAP3K5,4217.0,MutNovel,"D988ET,0.529"
X-3083,MAPK8IP2,23542.0,MutNovel,"A378G,0.500"
X-3083,MBOAT4,619373.0,Del0.8,0.66
X-3083,MCPH1,79648.0,Del0.8,0.68
X-3083,MECOM,2122.0,MutNovel,"N973D,0.408"
X-3083,MEF2A,4205.0,MutNovel,"Q412-,0.263"
X-3083,MFHAS1,9258.0,Del0.8,0.68
X-3083,MFSD2A,84879.0,MutNovel,"V43A,0.444"
X-3083,MIR124-1,406907.0,Del0.8,0.68
X-3083,MIR1322,100302166.0,Del0.8,0.68
X-3083,MIR3148,100422876.0,Del0.8,0.66
X-3083,MIR31HG,554202.0,Del0.8,0.59
X-3083,MIR320A,407037.0,Del0.8,0.67
X-3083,MIR320D2,100302169.0,Del0.8,0.22
X-3083,MIR3622A,100500858.0,Del0.8,0.66
X-3083,MIR3622B,100500871.0,Del0.8,0.66
X-3083,MIR383,494332.0,Del0.8,0.67
X-3083,MIR3926-1,100500870.0,Del0.8,0.67
X-3083,MIR3926-2,100500838.0,Del0.8,0.67
X-3083,MIR4287,100422828.0,Del0.8,0.66
X-3083,MIR4288,100422903.0,Del0.8,0.66
X-3083,MIR4659A,100616348.0,Del0.8,0.68
X-3083,MIR4659B,100616372.0,Del0.8,0.68
X-3083,MIR4660,100616350.0,Del0.8,0.68
X-3083,MIR548I3,100302186.0,Del0.8,0.68
X-3083,MIR548O2,100616190.0,Del0.8,0.66
X-3083,MIR596,693181.0,Del0.8,0.67
X-3083,MIR597,693182.0,Del0.8,0.68
X-3083,MIR598,693183.0,Del0.8,0.68
X-3083,MLL,4297.0,MutNovel,"R2707Q,1.000"
X-3083,MPRIP,23164.0,MutNovel,"TS178T,0.519"
X-3083,MRGPRD,116512.0,Amp5,6.77
X-3083,MRGPRF,116535.0,Amp5,6.77
X-3083,MRPL21,219927.0,Amp5,6.77
X-3083,MSR1,4481.0,Del0.8,0.67
X-3083,MSRA,4482.0,Del0.8,0.68
X-3083,MTAP,4507.0,Del0.8,0.32
X-3083,MTMR7,9108.0,Del0.8,0.69
X-3083,MTMR9,66036.0,Del0.8,0.68
X-3083,MTUS1,57509.0,Del0.8,0.69
X-3083,MYOM2,9172.0,Del0.8,0.67
X-3083,NAB1,4664.0,Del0.8,0.19
X-3083,NAF1,92345.0,MutNovel,"P90L,0.345"
X-3083,NAT1,9.0,Del0.8,0.69
X-3083,NAT2,10.0,Del0.8,0.69
X-3083,NBPF10,100132406.0,MutNovel,"V841F,1.000"
X-3083,NBR1,4077.0,MutKnownFunctional,"Y944*,0.524"
X-3083,NCBP1,4686.0,MutNovel,"R673Q,1.000"
X-3083,NCOR2,9612.0,MutNovel,"-511S,0.219"
X-3083,NCRNA00185,55410.0,Del0.8,0.22
X-3083,NEFL,4747.0,Del0.8,0.67
X-3083,NEFM,4741.0,Del0.8,0.67
X-3083,NEIL2,252969.0,Del0.8,0.68
X-3083,NKX2-6,137814.0,Del0.8,0.67
X-3083,NKX3-1,4824.0,Del0.8,0.67
X-3083,NLGN4Y,22829.0,Del0.8,0.22
X-3083,NPM2,10361.0,Del0.8,0.67
X-3083,NR1H2,7376.0,MutNovel,"-173Q,0.335"
X-3083,NRG1,3084.0,Del0.8,0.66
X-3083,NUDT18,79873.0,Del0.8,0.67
X-3083,OAS3,4940.0,MutNovel,"R30W,0.528"
X-3083,OASL,8638.0,MutNovel,"S402N,0.688"
X-3083,OR2A42,402317.0,Amp5,5.98
X-3083,OR2A42,402317.0,Amp5,5.98
X-3083,OR2A7,401427.0,Amp5,5.98
X-3083,OR2A9P,441295.0,Amp5,5.98
X-3083,OR2A9P,441295.0,Amp5,5.98
X-3083,OR4C6,219432.0,Del0.8,0.34
X-3083,OR4F21,441308.0,Del0.8,0.69
X-3083,OR4P4,81300.0,Del0.8,0.34
X-3083,OR4S2,219431.0,Del0.8,0.34
X-3083,ORAI1,84876.0,MutNovel,"PP43-,0.676"
X-3083,P4HA1,5033.0,MutNovel,"L488V,0.998"
X-3083,PACS2,23241.0,MutNovel,"A257V,0.277"
X-3083,PBK,55872.0,Del0.8,0.66
X-3083,PCDH11Y,83259.0,Del0.8,0.22
X-3083,PCDHA10,56139.0,Del0.8,0.54
X-3083,PCDHA8,56140.0,Del0.8,0.67
X-3083,PCDHA9,9752.0,Del0.8,0.47
X-3083,PCDHB15,56121.0,MutNovel,"V722L,0.318"
X-3083,PCDHB2,56133.0,MutNovel,"Q487R,0.375"
X-3083,PCDHB4,56131.0,MutNovel,"G531S,0.357"
X-3083,PCM1,5108.0,Del0.8,0.69
X-3083,PCMT1,5110.0,MutNovel,"D168H,0.302"
X-3083,PDGFRL,5157.0,Del0.8,0.69
X-3083,PDLIM2,64236.0,Del0.8,0.67
X-3083,PEBP4,157310.0,Del0.8,0.38
X-3083,PGM3,5238.0,MutNovel,"H549Y,0.288"
X-3083,PHLDA1,22822.0,MutNovel,"QQ194Q,0.504"
X-3083,PHYHIP,9796.0,Del0.8,0.67
X-3083,PIEZO1,9780.0,MutNovel,"R1462Q,0.701"
X-3083,PIGY,84992.0,MutNovel,"S23L,0.308"
X-3083,PINX1,54984.0,Del0.8,0.68
X-3083,PIP5K1A,8394.0,MutNovel,"M543I,0.248"
X-3083,PIWIL2,55124.0,Del0.8,0.67
X-3083,PKNOX1,5316.0,MutNovel,"V265I,0.644"
X-3083,PLAC8,51316.0,MutNovel,"V9G,0.796"
X-3083,PLEKHA2,59339.0,Del0.8,0.66
X-3083,PLIN3,10226.0,MutNovel,"I56V,0.342"
X-3083,PLIN4,729359.0,MutNovel,"G714D,0.250"
X-3083,PNMA2,10687.0,Del0.8,0.67
X-3083,PNOC,5368.0,Del0.8,0.66
X-3083,POLR3D,661.0,Del0.8,0.67
X-3083,POM121L8P,29797.0,Del0.8,0.57
X-3083,PPP1R3B,79660.0,Del0.8,0.68
X-3083,PPP2CB,5516.0,Del0.8,0.66
X-3083,PPP2R2A,5520.0,Del0.8,0.67
X-3083,PPP3CC,5533.0,Del0.8,0.67
X-3083,PRIC285,85441.0,MutNovel,"E436G,0.375"
X-3083,PRKCZ,5590.0,MutNovel,"R15C,0.333"
X-3083,PRKY,5616.0,Del0.8,0.22
X-3083,PRMT7,54496.0,MutNovel,"P10L,0.697"
X-3083,PRODH,5625.0,MutNovel,"E296Q,1.000"
X-3083,PRSS55,203074.0,Del0.8,0.68
X-3083,PRY,9081.0,Del0.8,0.22
X-3083,PRY,9081.0,Del0.8,0.22
X-3083,PRY2,442862.0,Del0.8,0.22
X-3083,PRY2,442862.0,Del0.8,0.22
X-3083,PSD3,23362.0,Del0.8,0.69
X-3083,PTK2,5747.0,MutNovel,"E658K,0.796"
X-3083,PTK2B,2185.0,Del0.8,0.66
X-3083,PTPN18,26469.0,MutNovel,"E81Q,0.216"
X-3083,PURG,29942.0,Del0.8,0.66
X-3083,R3HCC1,203069.0,Del0.8,0.67
X-3083,RAB19,401409.0,MutNovel,"A192V,0.818"
X-3083,RABL2B,11158.0,MutNovel,"P8L,0.333"
X-3083,RANBP6,26953.0,MutNovel,"V154G,1.000"
X-3083,RASD2,23551.0,MutNovel,"R38L,1.000"
X-3083,RBMY1A3P,286557.0,Del0.8,0.22
X-3083,RBMY1B,378948.0,Del0.8,0.22
X-3083,RBMY1B,378948.0,Del0.8,0.22
X-3083,RBMY1E,378950.0,Del0.8,0.22
X-3083,RBMY1E,378950.0,Del0.8,0.22
X-3083,RBMY1F,159163.0,Del0.8,0.22
X-3083,RBMY1F,159163.0,Del0.8,0.22
X-3083,RBMY1J,378951.0,Del0.8,0.22
X-3083,RBMY1J,378951.0,Del0.8,0.22
X-3083,RBMY2EP,159125.0,Del0.8,0.22
X-3083,RBMY2FP,159162.0,Del0.8,0.22
X-3083,RBMY3AP,64593.0,Del0.8,0.22
X-3083,RBPMS,11030.0,Del0.8,0.66
X-3083,RC3H1,149041.0,MutNovel,"G921S,0.417"
X-3083,REEP4,80346.0,Del0.8,0.67
X-3083,REV1,51455.0,MutNovel,"V172I,0.275"
X-3083,RHOBTB2,23221.0,Del0.8,0.19
X-3083,RNF122,79845.0,Del0.8,0.66
X-3083,RP1-177G6.2,286411.0,Del0.8,0.17
X-3083,RP1L1,94137.0,Del0.8,0.68
X-3083,RPL23AP53,644128.0,Del0.8,0.69
X-3083,RPS4Y1,6192.0,Del0.8,0.22
X-3083,RPS4Y2,140032.0,Del0.8,0.22
X-3083,RPS6KA1,6195.0,MutKnownFunctional,"Q5*,0.468"
X-3083,SAFB2,9667.0,MutNovel,"L409V,0.400"
X-3083,SCAF4,57466.0,Amp8,9.45
X-3083,SCARA3,51435.0,Del0.8,0.66
X-3083,SCARA5,286133.0,Del0.8,0.66
X-3083,SCUBE2,57758.0,MutNovel,"LP22P,0.556"
X-3083,SERINC2,347735.0,MutNovel,"-373Q,0.577"
X-3083,SFTPC,6440.0,Del0.8,0.67
X-3083,SGCZ,137868.0,Del0.8,0.67
X-3083,SGK223,157285.0,Del0.8,0.68
X-3083,SH2D4A,63898.0,Del0.8,0.69
X-3083,SHANK3,85358.0,MutNovel,"P1637L,0.333"
X-3083,SIK1,150094.0,MutNovel,"R47Q,0.507"
X-3083,SLAMF9,89886.0,MutNovel,"K59N,0.333"
X-3083,SLC18A1,6570.0,Del0.8,0.67
X-3083,SLC25A37,51312.0,Del0.8,0.67
X-3083,SLC35E2B,728661.0,MutNovel,"R188W,0.235"
X-3083,SLC35G5,83650.0,Del0.8,0.68
X-3083,SLC39A14,23516.0,Del0.8,0.67
X-3083,SLC44A1,23446.0,MutNovel,"V575I,1.000"
X-3083,SLC7A2,6542.0,Del0.8,0.69
X-3083,SLCO1B1,10599.0,MutNovel,"S231A,1.000"
X-3083,SLCO1B1,10599.0,MutNovel,"M233I,1.000"
X-3083,SLCO1B1,10599.0,MutNovel,"F329L,1.000"
X-3083,SLCO1B1,10599.0,MutNovel,"MF340IL,1.000"
X-3083,SMARCD2,6603.0,MutNovel,"A24V,0.348"
X-3083,SNAPC4,6621.0,MutNovel,"S542-,0.455"
X-3083,SOD1,6647.0,Amp8,9.45
X-3083,SORBS3,10174.0,Del0.8,0.67
X-3083,SOX7,83595.0,Del0.8,0.68
X-3083,SPAG11A,653423.0,Del0.8,0.68
X-3083,SPAG11B,10407.0,Del0.8,0.68
X-3083,SPAG11B,10407.0,Del0.8,0.68
X-3083,SPANXA2,728712.0,Del0.8,0.2
X-3083,SPANXA2,728712.0,Del0.8,0.2
X-3083,SPANXA2-OT1,619455.0,Del0.8,0.2
X-3083,SPANXB1,728695.0,Del0.8,0.22
X-3083,SPANXC,64663.0,Del0.8,0.21
X-3083,SPRY3,10251.0,Del0.8,0.14
X-3083,SRY,6736.0,Del0.8,0.22
X-3083,STC1,6781.0,Del0.8,0.67
X-3083,STMN4,81551.0,Del0.8,0.66
X-3083,TACC1,6867.0,Del0.8,0.66
X-3083,TBL1Y,90665.0,Del0.8,0.22
X-3083,TBP,6908.0,MutNovel,"-64Q,0.227"
X-3083,TDH,157739.0,Del0.8,0.68
X-3083,TEX15,56154.0,Del0.8,0.66
X-3083,TGIF2LY,90655.0,Del0.8,0.22
X-3083,TIAM1,7074.0,Amp8,9.45
X-3083,TM2D2,83877.0,Del0.8,0.66
X-3083,TMEM184A,202915.0,MutNovel,"G392GA,0.246"
X-3083,TMEM184C,55751.0,MutNovel,"D328H,0.712"
X-3083,TMEM2,23670.0,MutNovel,"G839S,1.000"
X-3083,TMEM54,113452.0,MutNovel,"I76T,0.657"
X-3083,TMEM66,51669.0,Del0.8,0.66
X-3083,TMSB4Y,9087.0,Del0.8,0.22
X-3083,TNFRSF10A,8797.0,Del0.8,0.67
X-3083,TNFRSF10B,8795.0,Del0.8,0.19
X-3083,TNFRSF10C,8794.0,Del0.8,0.11
X-3083,TNFRSF10D,8793.0,Del0.8,0.16
X-3083,TNKS,8658.0,Del0.8,0.68
X-3083,TOR4A,,MutNovel,"R246H,1.000"
X-3083,TOX2,84969.0,MutNovel,"-390P,0.300"
X-3083,TP53,7157.0,MutKnownFunctional,"E285*,1.000"
X-3083,TRAPPC12,51112.0,MutNovel,"H690P,0.721"
X-3083,TRIM35,23087.0,Del0.8,0.66
X-3083,TSPO,706.0,MutNovel,"R135H,0.402"
X-3083,TSPY1,7258.0,Del0.8,0.22
X-3083,TSPY2,64591.0,Del0.8,0.22
X-3083,TSPY3,728137.0,Del0.8,0.22
X-3083,TSPY4,728395.0,Del0.8,0.22
X-3083,TSPY8,728403.0,Del0.8,0.22
X-3083,TTC37,9652.0,MutNovel,"R569K,1.000"
X-3083,TTI2,80185.0,Del0.8,0.66
X-3083,TTN,7273.0,MutNovel,"I22347F,0.400"
X-3083,TTTY10,246119.0,Del0.8,0.22
X-3083,TTTY11,83866.0,Del0.8,0.22
X-3083,TTTY12,83867.0,Del0.8,0.22
X-3083,TTTY13,83868.0,Del0.8,0.22
X-3083,TTTY14,83869.0,Del0.8,0.22
X-3083,TTTY15,64595.0,Del0.8,0.22
X-3083,TTTY16,252948.0,Del0.8,0.22
X-3083,TTTY17A,252949.0,Del0.8,0.22
X-3083,TTTY17A,252949.0,Del0.8,0.22
X-3083,TTTY18,252950.0,Del0.8,0.22
X-3083,TTTY19,252952.0,Del0.8,0.22
X-3083,TTTY1B,100101116.0,Del0.8,0.22
X-3083,TTTY1B,100101116.0,Del0.8,0.22
X-3083,TTTY2,60439.0,Del0.8,0.22
X-3083,TTTY2,60439.0,Del0.8,0.22
X-3083,TTTY20,252951.0,Del0.8,0.22
X-3083,TTTY21,252953.0,Del0.8,0.22
X-3083,TTTY21,252953.0,Del0.8,0.22
X-3083,TTTY22,252954.0,Del0.8,0.22
X-3083,TTTY23,252955.0,Del0.8,0.22
X-3083,TTTY23,252955.0,Del0.8,0.22
X-3083,TTTY3,114760.0,Del0.8,0.22
X-3083,TTTY3,114760.0,Del0.8,0.22
X-3083,TTTY4,114761.0,Del0.8,0.22
X-3083,TTTY4,114761.0,Del0.8,0.22
X-3083,TTTY5,83863.0,Del0.8,0.22
X-3083,TTTY6,84672.0,Del0.8,0.22
X-3083,TTTY6,84672.0,Del0.8,0.22
X-3083,TTTY7,246122.0,Del0.8,0.22
X-3083,TTTY7,246122.0,Del0.8,0.22
X-3083,TTTY7B,100101120.0,Del0.8,0.22
X-3083,TTTY7B,100101120.0,Del0.8,0.22
X-3083,TTTY8,84673.0,Del0.8,0.22
X-3083,TTTY8,84673.0,Del0.8,0.22
X-3083,TTTY9A,83864.0,Del0.8,0.22
X-3083,TTTY9A,83864.0,Del0.8,0.22
X-3083,TTYH2,94015.0,MutNovel,"I61L,0.429"
X-3083,TUSC3,7991.0,Del0.8,0.67
X-3083,TXLNG2P,246126.0,Del0.8,0.22
X-3083,TXNDC5,81567.0,MutNovel,"AD46D,0.583"
X-3083,UBE2NL,389898.0,Del0.8,0.2
X-3083,UBXN8,7993.0,Del0.8,0.66
X-3083,UNC5D,137970.0,Amp5,5.78
X-3083,UNG,7374.0,MutNovel,"R219C,0.659"
X-3083,USP17L2,377630.0,Del0.8,0.68
X-3083,USP32P2,220594.0,Del0.8,0.44
X-3083,USP9Y,8287.0,Del0.8,0.22
X-3083,USPL1,10208.0,MutNovel,"Y146C,0.368"
X-3083,UTY,7404.0,Del0.8,0.22
X-3083,VAMP7,6845.0,Del0.8,0.62
X-3083,VCY,9084.0,Del0.8,0.22
X-3083,VCY,9084.0,Del0.8,0.22
X-3083,VPS37A,137492.0,Del0.8,0.69
X-3083,WRN,7486.0,Del0.8,0.66
X-3083,WRNIP1,56897.0,MutNovel,"D184E,0.676"
X-3083,XKR5,389610.0,Del0.8,0.68
X-3083,XKR6,286046.0,Del0.8,0.68
X-3083,XKRY2,353515.0,Del0.8,0.22
X-3083,XKRY2,353515.0,Del0.8,0.22
X-3083,XPO7,23039.0,Del0.8,0.67
X-3083,ZDHHC2,51201.0,Del0.8,0.69
X-3083,ZFP28,140612.0,MutKnownFunctional,"Q802*,0.385"
X-3083,ZFY,7544.0,Del0.8,0.22
X-3083,ZNF132,7691.0,MutNovel,"L558F,0.208"
X-3083,ZNF22,7570.0,Del0.8,0.75
X-3083,ZNF335,63925.0,MutNovel,"T578M,0.595"
X-3083,ZNF395,55893.0,Del0.8,0.66
X-3083,ZNF419,79744.0,MutNovel,"K457R,0.369"
X-3083,ZNF596,169270.0,Del0.8,0.69
X-3083,ZNF610,162963.0,MutNovel,"E6K,0.429"
X-3083,ZNF665,79788.0,MutNovel,"N190V,0.375"
X-3083,ZNF705D,728957.0,Del0.8,0.68
X-3083,ZNF705G,100131980.0,Del0.8,0.68
X-3083,ZNF728,,MutNovel,"S79P,1.000"
X-3083,ZNF728,,MutNovel,"V76G,1.000"
X-3083,ZNF776,284309.0,MutNovel,"L98F,0.438"
X-3083,ZNRF2,223082.0,MutNovel,"D123DG,0.400"
X-3629,ABLIM1,3983.0,MutNovel,"S651A,0.447"
X-3629,ACSM2A,123876.0,MutNovel,"N463D,1.000"
X-3629,ACSM2B,348158.0,MutNovel,"I96V,1.000"
X-3629,ADAM3A,1587.0,Del0.8,0.48
X-3629,ADAM5P,255926.0,Del0.8,0.75
X-3629,ADPRH,141.0,MutNovel,"V154A,0.305"
X-3629,AGAP7,653268.0,MutNovel,"R494Q,0.571"
X-3629,AGAP8,728404.0,MutKnownFunctional,"-593,0.824"
X-3629,AGAP8,728404.0,MutNovel,"E591D,0.778"
X-3629,AHNAK2,113146.0,MutNovel,"H1223Q,1.000"
X-3629,AIM2,9447.0,MutKnownFunctional,"-343?,0.400"
X-3629,BAIAP2L2,80115.0,MutNovel,"GGA324A,0.433"
X-3629,BECN1,8678.0,MutNovel,"L99V,0.536"
X-3629,BRD7,29117.0,MutNovel,"G69E,0.507"
X-3629,C14orf126,112487.0,MutNovel,"D28N,0.500"
X-3629,C16orf74,404550.0,MutNovel,"SS20-,0.242"
X-3629,C16orf95,100506581.0,MutNovel,"C131Y,0.577"
X-3629,C17orf53,78995.0,MutNovel,"E605K,0.857"
X-3629,C1orf159,54991.0,MutNovel,"A187T,0.504"
X-3629,C4A,720.0,MutNovel,"P478L,1.000"
X-3629,C4orf6,10141.0,MutKnownFunctional,"-20?,0.889"
X-3629,CBR1,873.0,MutNovel,"L19F,0.631"
X-3629,CCDC17,149483.0,MutKnownFunctional,"Q62*,0.300"
X-3629,CD97,976.0,MutNovel,"F464Y,0.518"
X-3629,CDH1,999.0,MutLikelyFunctional,"A592T,0.531"
X-3629,CDK6,1021.0,MutNovel,"V234M,0.625"
X-3629,CDKN2B,1030.0,Del0.8,0.69
X-3629,CFHR3,10878.0,MutNovel,"NS108KS,0.500"
X-3629,CFHR3,10878.0,MutNovel,"E111D,0.333"
X-3629,CIC,23152.0,MutNovel,"I209M,0.507"
X-3629,CLCN7,1186.0,MutNovel,"F174S,0.510"
X-3629,CNNM3,26505.0,MutNovel,"A158V,0.818"
X-3629,CNTNAP3,79937.0,MutNovel,"F1173L,1.000"
X-3629,CNTNAP3,79937.0,MutNovel,"Q789K,1.000"
X-3629,CNTNAP3,79937.0,MutNovel,"R786C,1.000"
X-3629,CNTNAP3,79937.0,MutNovel,"A777D,1.000"
X-3629,CNTNAP3,79937.0,MutNovel,"R771Q,1.000"
X-3629,CNTNAP3,79937.0,MutNovel,"R414S,1.000"
X-3629,CNTNAP3B,728577.0,MutKnownFunctional,"-533,1.000"
X-3629,CNTNAP3B,728577.0,MutNovel,"R1214W,1.000"
X-3629,CNTNAP3B,728577.0,MutNovel,"V1230A,1.000"
X-3629,COL4A2,1284.0,MutNovel,"R1662C,0.418"
X-3629,DCLRE1C,64421.0,MutNovel,"P367T,0.321"
X-3629,DCST2,127579.0,MutNovel,"Q711R,0.500"
X-3629,DHX34,9704.0,MutNovel,"A492AGRT,0.250"
X-3629,DNAAF3,,MutNovel,"N320S,0.467"
X-3629,DNAH6,1768.0,MutNovel,"S2012Y,1.000"
X-3629,DUSP22,56940.0,Del0.8,0.67
X-3629,ECI2,10455.0,MutNovel,"K55R,1.000"
X-3629,ERGIC2,51290.0,MutNovel,"S271F,0.466"
X-3629,ESF1,51575.0,MutNovel,"I217T,1.000"
X-3629,FAM153A,285596.0,MutNovel,"C44R,1.000"
X-3629,FBXO21,23014.0,MutNovel,"E613A,0.487"
X-3629,FBXW9,84261.0,MutKnownFunctional,"Q358*,0.328"
X-3629,FLJ22184,80164.0,MutNovel,"P967S,0.667"
X-3629,FMNL1,752.0,MutNovel,"G1082S,0.636"
X-3629,FRG1,2483.0,MutKnownFunctional,"-190?,0.501"
X-3629,GIGYF2,26058.0,MutNovel,"PQ1231P,0.680"
X-3629,GNS,2799.0,MutNovel,"S21F,0.377"
X-3629,GOLGA6L2,,MutNovel,"M545IW,0.600"
X-3629,GOLGA6L2,,MutNovel,"N54H,0.750"
X-3629,GOLGA8B,440270.0,MutNovel,"D493N,0.333"
X-3629,GOLGA8H,,MutNovel,"K328N,1.000"
X-3629,GOLGA8H,,MutNovel,"R331H,0.800"
X-3629,GOLGA8H,,MutNovel,"Q337R,1.000"
X-3629,GPR176,11245.0,MutNovel,"I138V,0.312"
X-3629,GPRIN2,9721.0,MutNovel,"-238MRE,0.314"
X-3629,GSTT1,2952.0,Amp5,5.86
X-3629,GTF3C1,2975.0,MutNovel,"Q862E,0.506"
X-3629,HERC2,8924.0,MutNovel,"D318Y,0.208"
X-3629,HIP1R,9026.0,MutNovel,"L237P,0.480"
X-3629,HLA-DRB1,3123.0,MutNovel,"Q99E,0.958"
X-3629,HLA-DRB5,3127.0,MutNovel,"R218S,0.250"
X-3629,HLA-DRB5,3127.0,MutNovel,"R100E,1.000"
X-3629,HMGXB3,22993.0,MutNovel,"M178L,0.625"
X-3629,IFIT1B,439996.0,MutNovel,"Y256C,1.000"
X-3629,IFT172,26160.0,MutNovel,"R846L,0.462"
X-3629,IQSEC2,23096.0,MutNovel,"A1402T,1.000"
X-3629,JAK2,3717.0,Del0.8,0.78
X-3629,KIAA0368,23392.0,MutNovel,"K1548N,0.600"
X-3629,KIF5B,3799.0,MutNovel,"D852Y,0.520"
X-3629,LGALS9C,654346.0,Del0.8,0.64
X-3629,LIPE,3991.0,MutNovel,"R479W,0.278"
X-3629,LOC100132247,100132247.0,MutNovel,"S1066L,0.444"
X-3629,LOC100996304,,MutNovel,"Q270R,0.800"
X-3629,LOC100996556,,MutNovel,"S131R,1.000"
X-3629,LOC391322,391322.0,Amp5,5.86
X-3629,LOC441124,,MutNovel,"P110L,0.513"
X-3629,LOC643699,,MutNovel,"L497P,1.000"
X-3629,LOC645202,,MutNovel,"Q99K,1.000"
X-3629,LRRN2,10446.0,MutNovel,"S136P,0.571"
X-3629,LSR,51599.0,MutNovel,"G518GR,0.834"
X-3629,LTBP3,4054.0,MutNovel,"L35LCW,0.333"
X-3629,MAP1A,4130.0,MutNovel,"E157K,1.000"
X-3629,MATR3,9782.0,MutNovel,"S74T,0.417"
X-3629,MEFV,4210.0,MutNovel,"V734G,0.750"
X-3629,MIEN1,84299.0,MutNovel,"E41K,0.534"
X-3629,MIS18BP1,55320.0,MutKnownFunctional,"-157?,0.375"
X-3629,MLL2,8085.0,MutNovel,"D4667E,0.612"
X-3629,MMP19,4327.0,MutNovel,"F133I,0.773"
X-3629,NBPF10,100132406.0,MutNovel,"G2792S,0.500"
X-3629,NCOA3,8202.0,MutNovel,"Q1255-,0.405"
X-3629,NCOR2,9612.0,MutNovel,"G1839GAAA,0.512"
X-3629,NFE2L1,4779.0,MutNovel,"T249M,0.325"
X-3629,NIPA2,81614.0,MutNovel,"E335VK,0.427"
X-3629,NOL9,79707.0,MutNovel,"C43Y,0.500"
X-3629,NR1H2,7376.0,MutNovel,"-173Q,0.426"
X-3629,NUP93,9688.0,MutNovel,"C209G,0.473"
X-3629,PARG,8505.0,MutNovel,"A584T,0.229"
X-3629,PCDH11Y,83259.0,Del0.8,0.58
X-3629,PGBD5,79605.0,MutNovel,"A96S,0.520"
X-3629,PHACTR3,116154.0,MutNovel,"V12L,0.833"
X-3629,PHLDA1,22822.0,MutNovel,"QQ194Q,0.480"
X-3629,PKD1,5310.0,MutNovel,"L4019F,0.464"
X-3629,PKLR,5313.0,MutNovel,"A526T,0.453"
X-3629,PSMB10,5699.0,MutNovel,"Q18P,0.468"
X-3629,RILP,83547.0,MutNovel,"E389K,1.000"
X-3629,RPTOR,57521.0,MutNovel,"V1215M,0.569"
X-3629,SAMD15,161394.0,MutNovel,"V325I,1.000"
X-3629,SELO,83642.0,MutNovel,"E100D,0.565"
X-3629,SERINC2,347735.0,MutNovel,"-373Q,0.660"
X-3629,SFPQ,6421.0,MutNovel,"QPPPHP86P,0.213"
X-3629,SLC25A12,8604.0,MutNovel,"D511E,0.561"
X-3629,SLC28A1,9154.0,MutNovel,"L140LV,0.488"
X-3629,SLC9A3R1,9368.0,MutNovel,"G223R,0.527"
X-3629,SMG1,23049.0,MutNovel,"H784P,0.500"
X-3629,SOCS5,9655.0,MutNovel,"S56I,0.532"
X-3629,SPAG8,26206.0,MutNovel,"GSGPG182G,0.714"
X-3629,SPDYE2L,,MutNovel,"T320M,0.750"
X-3629,TANC1,85461.0,MutNovel,"R337Q,0.444"
X-3629,TLK2,11011.0,MutNovel,"R262Q,0.252"
X-3629,TMEM184A,202915.0,MutNovel,"G392GA,0.415"
X-3629,TMTC3,160418.0,MutNovel,"K420Q,0.467"
X-3629,TNFAIP6,7130.0,MutKnownFunctional,"-278,0.469"
X-3629,TSPY2,64591.0,Del0.8,0.66
X-3629,TTTY1B,100101116.0,Del0.8,0.64
X-3629,TTTY1B,100101116.0,Del0.8,0.66
X-3629,TTTY2,60439.0,Del0.8,0.64
X-3629,TTTY2,60439.0,Del0.8,0.66
X-3629,TTTY21,252953.0,Del0.8,0.66
X-3629,TTTY21,252953.0,Del0.8,0.64
X-3629,TTTY22,252954.0,Del0.8,0.64
X-3629,TTTY23,252955.0,Del0.8,0.64
X-3629,TTTY23,252955.0,Del0.8,0.66
X-3629,TTTY7,246122.0,Del0.8,0.66
X-3629,TTTY7,246122.0,Del0.8,0.64
X-3629,TTTY7B,100101120.0,Del0.8,0.66
X-3629,TTTY7B,100101120.0,Del0.8,0.64
X-3629,TTTY8,84673.0,Del0.8,0.66
X-3629,TTTY8,84673.0,Del0.8,0.64
X-3629,TULP4,56995.0,MutNovel,"R992H,1.000"
X-3629,UGT2B10,7365.0,MutNovel,"R250G,1.000"
X-3629,USP34,9736.0,MutNovel,"N3107D,0.500"
X-3629,USP36,57602.0,MutNovel,"KKK958K,0.749"
X-3629,UTY,7404.0,MutNovel,"AR1078LR,0.500"
X-3629,UTY,7404.0,MutNovel,"H1077P,0.500"
X-3629,UTY,7404.0,MutNovel,"SH1075HD,0.500"
X-3629,UTY,7404.0,MutNovel,"V1074H,0.400"
X-3629,UTY,7404.0,MutNovel,"G1073C,0.455"
X-3629,UTY,7404.0,MutNovel,"GI1070AG,0.455"
X-3629,UTY,7404.0,MutNovel,"AG1069DR,0.455"
X-3629,UTY,7404.0,MutKnownFunctional,"S1068*,0.500"
X-3629,UTY,7404.0,MutNovel,"SQ1066LA,0.500"
X-3629,UTY,7404.0,MutNovel,"S1066T,0.538"
X-3629,UTY,7404.0,MutNovel,"L1061T,0.500"
X-3629,UTY,7404.0,MutNovel,"G1060P,0.571"
X-3629,UTY,7404.0,MutNovel,"SG1058YS,0.533"
X-3629,UTY,7404.0,MutNovel,"S1058A,0.533"
X-3629,UTY,7404.0,MutNovel,"L1056S,0.500"
X-3629,UTY,7404.0,MutNovel,"EL1054VG,0.471"
X-3629,UTY,7404.0,MutNovel,"E1054Q,0.412"
X-3629,UTY,7404.0,MutNovel,"AC1051LR,0.444"
X-3629,UTY,7404.0,MutNovel,"Q1050R,0.389"
X-3629,UTY,7404.0,MutNovel,"Q1050R,0.438"
X-3629,UTY,7404.0,MutNovel,"Q1050R,0.438"
X-3629,UTY,7404.0,MutNovel,"V1048H,0.375"
X-3629,UTY,7404.0,MutNovel,"FH1045YY,0.400"
X-3629,UTY,7404.0,MutKnownFunctional,"FV1040**,0.333"
X-3629,UTY,7404.0,MutNovel,"IF1039TV,0.333"
X-3629,UTY,7404.0,MutNovel,"C1038W,0.385"
X-3629,UTY,7404.0,MutNovel,"NY1026PD,0.308"
X-3629,UTY,7404.0,MutNovel,"W1025L,0.273"
X-3629,UTY,7404.0,MutNovel,"A351E,0.408"
X-3629,UTY,7404.0,MutKnownFunctional,"AA349A*,0.372"
X-3629,UTY,7404.0,MutNovel,"D345V,0.412"
X-3629,UTY,7404.0,MutNovel,"LD344CL,0.412"
X-3629,UTY,7404.0,MutNovel,"Q343V,0.375"
X-3629,UTY,7404.0,MutNovel,"V342A,0.448"
X-3629,UTY,7404.0,MutNovel,"AV341ES,0.448"
X-3629,UTY,7404.0,MutKnownFunctional,"CA340*T,0.393"
X-3629,UTY,7404.0,MutNovel,"Q327K,0.250"
X-3629,UTY,7404.0,MutKnownFunctional,"Y325*,0.364"
X-3629,UTY,7404.0,MutNovel,"Y325T,0.364"
X-3629,UTY,7404.0,MutNovel,"Y325N,0.417"
X-3629,UTY,7404.0,MutNovel,"Y325N,0.417"
X-3629,UTY,7404.0,MutKnownFunctional,"L324*,0.364"
X-3629,UTY,7404.0,MutNovel,"V323L,0.300"
X-3629,UTY,7404.0,MutNovel,"G322D,0.438"
X-3629,UTY,7404.0,MutNovel,"I321R,0.421"
X-3629,UTY,7404.0,MutNovel,"S320T,0.474"
X-3629,UTY,7404.0,MutKnownFunctional,"CS319*T,0.474"
X-3629,UTY,7404.0,MutKnownFunctional,"C319*,0.238"
X-3629,UTY,7404.0,MutKnownFunctional,"C319*,0.238"
X-3629,UTY,7404.0,MutNovel,"EA312DI,0.375"
X-3629,UTY,7404.0,MutNovel,"E312I,0.579"
X-3629,UTY,7404.0,MutNovel,"KS310RK,0.526"
X-3629,UTY,7404.0,MutKnownFunctional,"K310*,0.579"
X-3629,UTY,7404.0,MutKnownFunctional,"DK309G*,0.579"
X-3629,UTY,7404.0,MutNovel,"Y304F,0.429"
X-3629,UTY,7404.0,MutKnownFunctional,"LG287Q*,0.333"
X-3629,UTY,7404.0,MutKnownFunctional,"F286*,0.250"
X-3629,UTY,7404.0,MutNovel,"F286L,0.294"
X-3629,UTY,7404.0,MutNovel,"Y285N,0.533"
X-3629,UTY,7404.0,MutNovel,"QS282HV,0.353"
X-3629,UTY,7404.0,MutNovel,"Q282L,0.300"
X-3629,UTY,7404.0,MutNovel,"NS279RL,0.500"
X-3629,UTY,7404.0,MutNovel,"AD276YN,0.500"
X-3629,UTY,7404.0,MutNovel,"E275P,0.312"
X-3629,UTY,7404.0,MutNovel,"LE274FQ,0.500"
X-3629,UTY,7404.0,MutNovel,"S273Y,0.417"
X-3629,UTY,7404.0,MutNovel,"Q271A,0.385"
X-3629,UTY,7404.0,MutNovel,"YL269RV,0.450"
X-3629,UTY,7404.0,MutNovel,"A266F,0.438"
X-3629,UTY,7404.0,MutNovel,"S264T,0.467"
X-3629,UTY,7404.0,MutNovel,"KE262TK,0.455"
X-3629,UTY,7404.0,MutNovel,"T261S,0.357"
X-3629,UTY,7404.0,MutNovel,"AT260VS,0.357"
X-3629,UTY,7404.0,MutNovel,"K259R,0.278"
X-3629,UTY,7404.0,MutNovel,"GD257AH,0.235"
X-3629,UTY,7404.0,MutNovel,"V256D,0.389"
X-3629,UTY,7404.0,MutNovel,"H251L,0.333"
X-3629,UTY,7404.0,MutNovel,"WM248SW,0.375"
X-3629,UTY,7404.0,MutNovel,"W248R,0.400"
X-3629,UTY,7404.0,MutNovel,"LG246CS,0.263"
X-3629,UTY,7404.0,MutNovel,"Q245C,0.250"
X-3629,UTY,7404.0,MutNovel,"Q244I,0.278"
X-3629,UTY,7404.0,MutNovel,"V242A,0.263"
X-3629,UTY,7404.0,MutNovel,"AT240QS,0.273"
X-3629,UTY,7404.0,MutNovel,"AQ236VK,0.258"
X-3629,UTY,7404.0,MutNovel,"N233T,0.257"
X-3629,UTY,7404.0,MutNovel,"LQ229FT,0.250"
X-3629,UTY,7404.0,MutNovel,"AY224VI,0.281"
X-3629,UTY,7404.0,MutNovel,"K222N,0.257"
X-3629,UTY,7404.0,MutNovel,"K222L,0.257"
X-3629,UTY,7404.0,MutNovel,"KY217NN,0.229"
X-3629,UTY,7404.0,MutNovel,"Y116H,0.556"
X-3629,UTY,7404.0,MutNovel,"F54C,0.326"
X-3629,UTY,7404.0,MutNovel,"F54S,0.326"
X-3629,UTY,7404.0,MutNovel,"AL45RI,0.289"
X-3629,UTY,7404.0,MutNovel,"RE43KL,0.267"
X-3629,UTY,7404.0,MutNovel,"T39C,0.242"
X-3629,VHL,7428.0,MutKnownFunctional,"-141?,0.986"
X-3629,ZCCHC14,23174.0,MutNovel,"L462-,0.373"
X-3629,ZNF212,7988.0,MutNovel,"P231L,0.627"
X-3629,ZNF295,49854.0,MutNovel,"S348R,0.386"
X-3629,ZNF318,24149.0,MutNovel,"R84P,1.000"
X-3629,ZNF384,171017.0,MutNovel,"QQ514Q,0.232"
X-3629,ZNF438,220929.0,MutNovel,"Q657R,0.645"
X-3629,ZNF513,130557.0,MutKnownFunctional,"-347?,0.355"
X-3629,ZNF658,26149.0,MutNovel,"S976C,0.333"
X-3629,ZNF772,400720.0,MutNovel,"A4GP,0.526"
X-3629,ZNF783,100289678.0,MutNovel,"T337R,0.505"
X-3629,ZNF800,168850.0,MutNovel,"L523F,0.507"
X-3629,ZNF808,388558.0,MutNovel,"A187S,0.500"
X-3629,ZNRF2,223082.0,MutNovel,"D123DG,0.381"
X-3629,ZRANB1,54764.0,MutKnownFunctional,"-709?,0.375"
X-3717,ACP6,51205.0,MutNovel,"A37G,1.000"
X-3717,ACSM2A,123876.0,MutNovel,"N463D,1.000"
X-3717,ADAM3A,1587.0,Del0.8,0.66
X-3717,AFTPH,54812.0,MutNovel,"K240R,0.500"
X-3717,AGXT2L2,85007.0,MutNovel,"R237L,0.274"
X-3717,AIM1,202.0,MutNovel,"S141T,1.000"
X-3717,ALDH5A1,7915.0,MutNovel,"P435S,1.000"
X-3717,ALMS1,7840.0,MutKnownFunctional,"-3639,0.500"
X-3717,ALMS1,7840.0,MutNovel,"H3641D,0.472"
X-3717,AMELY,266.0,Del0.8,0.67
X-3717,ANKRD24,170961.0,MutNovel,"E807Q,0.500"
X-3717,ARAP1,116985.0,MutNovel,"S428F,1.000"
X-3717,ARFGEF1,10565.0,MutNovel,"Y566F,1.000"
X-3717,ARHGAP27,201176.0,MutNovel,"P222L,1.000"
X-3717,ATP7A,538.0,MutNovel,"H1485Y,0.531"
X-3717,BCLAF1,9774.0,MutNovel,"K734N,0.432"
X-3717,BCORP1,286554.0,Del0.8,0.6
X-3717,BEX5,340542.0,MutNovel,"R80S,1.000"
X-3717,BIRC6,57448.0,MutNovel,"Q2776H,0.609"
X-3717,BPY2B,442867.0,Del0.8,0.6
X-3717,BPY2B,442867.0,Del0.8,0.6
X-3717,C1orf21,81563.0,MutNovel,"G110R,0.987"
X-3717,C21orf58,54058.0,MutNovel,"H299PN,1.000"
X-3717,C2orf16,84226.0,MutNovel,"S687C,0.421"
X-3717,CCDC93,54520.0,MutNovel,"D379G,0.333"
X-3717,CDC42EP1,11135.0,MutNovel,"PAPAANPS253P,1.000"
X-3717,CDY1B,253175.0,Del0.8,0.6
X-3717,CDY1B,253175.0,Del0.8,0.6
X-3717,CDY2A,9426.0,Del0.8,0.6
X-3717,CDY2A,9426.0,Del0.8,0.6
X-3717,CDY2B,203611.0,Del0.8,0.6
X-3717,CDY2B,203611.0,Del0.8,0.6
X-3717,CHD1,1105.0,MutNovel,"T291S,0.250"
X-3717,CHPT1,56994.0,MutNovel,"T77S,0.460"
X-3717,CHRM3,1131.0,MutNovel,"L74S,1.000"
X-3717,CHST15,51363.0,MutKnownFunctional,"-456,1.000"
X-3717,CLCF1,23529.0,MutNovel,"K189R,1.000"
X-3717,CLEC16A,23274.0,MutNovel,"A903T,1.000"
X-3717,CNTNAP3,79937.0,MutNovel,"A1204E,0.625"
X-3717,CNTNAP3B,728577.0,MutNovel,"G1195R,0.800"
X-3717,COG8,84342.0,MutNovel,"E64G,1.000"
X-3717,COL4A1,1282.0,MutNovel,"Q1334R,1.000"
X-3717,COL6A3,1293.0,MutNovel,"G345A,0.992"
X-3717,CSPG4P1Y,114758.0,Del0.8,0.6
X-3717,CSPG4P1Y,114758.0,Del0.8,0.6
X-3717,CT45A2,728911.0,Del0.8,0.58
X-3717,CT45A4,441520.0,Del0.8,0.58
X-3717,CTAGE4,100128553.0,Amp5,7.36
X-3717,CTSA,5476.0,MutNovel,"L29-,1.000"
X-3717,CYB5R4,51167.0,MutNovel,"A161V,1.000"
X-3717,DAZ1,1617.0,Del0.8,0.6
X-3717,DAZ2,57055.0,Del0.8,0.6
X-3717,DAZ3,57054.0,Del0.8,0.6
X-3717,DAZ3,57054.0,Del0.8,0.6
X-3717,DAZ4,57135.0,Del0.8,0.6
X-3717,DAZ4,57135.0,Del0.8,0.6
X-3717,DDX21,9188.0,MutNovel,"M139L,0.571"
X-3717,DDX3Y,8653.0,Del0.8,0.6
X-3717,DENND4B,9909.0,MutNovel,"QQQ908-,1.000"
X-3717,DGAT2,84649.0,MutNovel,"Q51E,1.000"
X-3717,DGKQ,1609.0,MutNovel,"P27L,1.000"
X-3717,DHRSX,207063.0,MutNovel,"R751H,1.000"
X-3717,DPY19L2,283417.0,MutNovel,"R290C,0.467"
X-3717,DROSHA,29102.0,MutNovel,"D432E,0.610"
X-3717,EEFSEC,60678.0,MutNovel,"R326W,1.000"
X-3717,EID3,493861.0,MutNovel,"E34-,0.562"
X-3717,EIF1AY,9086.0,Del0.8,0.6
X-3717,FAM120B,84498.0,MutNovel,"S405T,0.254"
X-3717,FAM197Y2P,252946.0,Del0.8,0.14
X-3717,FAM210B,116151.0,MutNovel,"V14A,0.640"
X-3717,FAM26E,254228.0,MutNovel,"T161S,0.280"
X-3717,FAM41AY1,340618.0,Del0.8,0.6
X-3717,FAM41AY1,340618.0,Del0.8,0.6
X-3717,FAM90A1,55138.0,Amp5,5.7
X-3717,FANCA,2175.0,MutNovel,"S199R,1.000"
X-3717,FBL,2091.0,MutNovel,"G32R,0.742"
X-3717,FBN1,2200.0,MutNovel,"N1902D,0.545"
X-3717,FLRT3,23767.0,Del0.8,0.62
X-3717,GCC2,9648.0,MutNovel,"S1000P,0.760"
X-3717,GCH1,2643.0,MutNovel,"P23L,1.000"
X-3717,GIGYF2,26058.0,MutNovel,"PQ1231P,0.250"
X-3717,GOLGA2P2Y,84559.0,Del0.8,0.6
X-3717,GOLGA2P2Y,84559.0,Del0.8,0.6
X-3717,GOLGA6L2,,MutNovel,"N54H,0.400"
X-3717,GOLGA8H,,MutNovel,"L311V,1.000"
X-3717,GOLIM4,27333.0,Del0.8,0.62
X-3717,GPRIN1,114787.0,MutNovel,"F886C,0.610"
X-3717,GSTK1,373156.0,MutNovel,"L59I,0.237"
X-3717,GTF3C2,2976.0,MutNovel,"G144S,0.685"
X-3717,GYG2P1,352887.0,Del0.8,0.6
X-3717,HEATR7A,727957.0,MutNovel,"C804R,1.000"
X-3717,HLA-C,3107.0,MutNovel,"D33S,1.000"
X-3717,HLA-G,3135.0,MutNovel,"L303Q,1.000"
X-3717,HLA-G,3135.0,MutNovel,"M309A,1.000"
X-3717,HMHA1,23526.0,MutNovel,"C748Y,0.880"
X-3717,HOXA13,3209.0,MutNovel,"P166T,0.667"
X-3717,HSFY2,159119.0,Del0.8,0.6
X-3717,HSFY2,159119.0,Del0.8,0.6
X-3717,KDM5D,8284.0,Del0.8,0.6
X-3717,LAMA3,3909.0,MutNovel,"M2391R,1.000"
X-3717,LCE3C,353144.0,Del0.8,0.7
X-3717,LMNA,4000.0,MutNovel,"A244V,0.544"
X-3717,LOC100996250,,MutNovel,"G399R,1.000"
X-3717,LOC100996433,,MutNovel,"G45A,0.333"
X-3717,LOC100996433,,MutNovel,"R94C,0.222"
X-3717,LOC100996433,,MutNovel,"G98A,0.333"
X-3717,LOC100996433,,MutNovel,"A125T,0.353"
X-3717,LOC100996433,,MutNovel,"R253C,0.500"
X-3717,LOC642799,,MutNovel,"L271F,0.750"
X-3717,LOC646168,646168.0,Del0.8,0.62
X-3717,LOC728377,728377.0,Amp5,7.36
X-3717,LOC728888,,MutNovel,"P603R,1.000"
X-3717,LOC728888,,MutNovel,"A542V,0.429"
X-3717,LSR,51599.0,MutNovel,"G518GR,0.747"
X-3717,LTBP3,4054.0,MutNovel,"L35LW,0.818"
X-3717,LYST,1130.0,MutNovel,"N3113S,1.000"
X-3717,MACROD1,28992.0,MutNovel,"S261L,1.000"
X-3717,MAP1B,4131.0,MutNovel,"T1270I,0.625"
X-3717,MARK3,4140.0,MutNovel,"R695H,0.996"
X-3717,MEF2A,4205.0,MutNovel,"QQ412-,1.000"
X-3717,MEOX2,4223.0,MutNovel,"HH76H,0.923"
X-3717,MICALL2,79778.0,MutNovel,"G347R,0.413"
X-3717,MPRIP,23164.0,MutNovel,"TS178T,1.000"
X-3717,MRPL32,64983.0,MutNovel,"S14F,0.640"
X-3717,MXRA7,439921.0,MutNovel,"E36G,1.000"
X-3717,NBPF16,728936.0,MutNovel,"D606E,1.000"
X-3717,NCOR2,9612.0,MutNovel,"G1839GAAA,0.969"
X-3717,NCOR2,9612.0,MutNovel,"-511S,0.860"
X-3717,NCRNA00185,55410.0,Del0.8,0.6
X-3717,NEK3,4752.0,MutNovel,"S302G,1.000"
X-3717,NLGN4Y,22829.0,Del0.8,0.6
X-3717,NR1H2,7376.0,MutNovel,"-173Q,1.000"
X-3717,NUDT11,55190.0,MutKnownFunctional,"-1,1.000"
X-3717,NUP37,79023.0,MutNovel,"I282F,0.874"
X-3717,NUPR1L,,MutNovel,"M92L,1.000"
X-3717,OR2A42,402317.0,Amp5,7.36
X-3717,OR2A42,402317.0,Amp5,7.36
X-3717,OR2A7,401427.0,Amp5,7.36
X-3717,OR2A9P,441295.0,Amp5,7.36
X-3717,OR2A9P,441295.0,Amp5,7.36
X-3717,ORAI1,84876.0,MutNovel,"PP43-,1.000"
X-3717,PA2G4,5036.0,MutNovel,"D95N,0.372"
X-3717,PARL,55486.0,MutNovel,"V185I,0.995"
X-3717,PARP12,64761.0,MutNovel,"S491F,0.378"
X-3717,PBRM1,55193.0,MutKnownFunctional,"-1191,1.000"
X-3717,PCDHB2,56133.0,MutNovel,"G534S,0.231"
X-3717,PCDHB2,56133.0,MutNovel,"S540F,0.500"
X-3717,PCDHB4,56131.0,MutNovel,"A507T,0.300"
X-3717,PCDHB4,56131.0,MutNovel,"G531S,0.480"
X-3717,PCDHB6,56130.0,MutNovel,"S524A,0.234"
X-3717,PCDHB6,56130.0,MutNovel,"G530S,0.274"
X-3717,PCF11,51585.0,MutNovel,"G1016S,1.000"
X-3717,PDCD10,11235.0,Del0.8,0.62
X-3717,PHLDA1,22822.0,MutNovel,"Y351C,0.496"
X-3717,PHLDA1,22822.0,MutNovel,"QQ194Q,1.000"
X-3717,PHLDB3,653583.0,MutNovel,"S245R,0.473"
X-3717,PIK3R3,8503.0,MutNovel,"R266H,1.000"
X-3717,PNPLA8,50640.0,MutNovel,"H37R,0.480"
X-3717,PODXL,5420.0,MutNovel,"L236V,0.375"
X-3717,POLE,5426.0,MutNovel,"F119L,0.522"
X-3717,POLQ,10721.0,MutNovel,"V486A,1.000"
X-3717,POM121,9883.0,MutNovel,"Y756H,0.525"
X-3717,POM121L8P,29797.0,Del0.8,0.7
X-3717,POMGNT1,55624.0,MutNovel,"N633H,1.000"
X-3717,POR,5447.0,MutNovel,"D344N,0.228"
X-3717,PPFIA2,8499.0,MutNovel,"P777-,0.571"
X-3717,PPIB,5479.0,MutNovel,"K209R,0.538"
X-3717,PRKDC,5591.0,MutNovel,"I2312T,0.959"
X-3717,PRKY,5616.0,Del0.8,0.67
X-3717,PRY,9081.0,Del0.8,0.6
X-3717,PRY,9081.0,Del0.8,0.6
X-3717,PRY2,442862.0,Del0.8,0.6
X-3717,PRY2,442862.0,Del0.8,0.6
X-3717,PTEN,5728.0,MutLikelyFunctional,"E242*,1.000"
X-3717,PTPN11,5781.0,MutNovel,"T411M,0.574"
X-3717,QRICH2,84074.0,MutNovel,"P608S,1.000"
X-3717,RBMY1A3P,286557.0,Del0.8,0.67
X-3717,RBMY1B,378948.0,Del0.8,0.6
X-3717,RBMY1B,378948.0,Del0.8,0.6
X-3717,RBMY1E,378950.0,Del0.8,0.6
X-3717,RBMY1E,378950.0,Del0.8,0.6
X-3717,RBMY1F,159163.0,Del0.8,0.6
X-3717,RBMY1F,159163.0,Del0.8,0.6
X-3717,RBMY1J,378951.0,Del0.8,0.6
X-3717,RBMY1J,378951.0,Del0.8,0.6
X-3717,RBMY2EP,159125.0,Del0.8,0.6
X-3717,RBMY2FP,159162.0,Del0.8,0.6
X-3717,RBMY3AP,64593.0,Del0.8,0.6
X-3717,RICTOR,253260.0,MutNovel,"V1258A,1.000"
X-3717,RNASEH2A,10535.0,MutNovel,"V164D,0.680"
X-3717,RPGR,6103.0,MutNovel,"R323H,0.750"
X-3717,RPS4Y2,140032.0,Del0.8,0.6
X-3717,RYR2,6262.0,MutNovel,"R1051C,1.000"
X-3717,SERPINI1,5274.0,Del0.8,0.62
X-3717,SF1,7536.0,MutNovel,"R365W,1.000"
X-3717,SFRP1,6422.0,MutNovel,"P79S,1.000"
X-3717,SGCE,8910.0,MutKnownFunctional,"-404,0.509"
X-3717,SLC25A29,123096.0,MutKnownFunctional,"-91,1.000"
X-3717,SLC28A1,9154.0,MutNovel,"L140LV,0.438"
X-3717,SMURF1,57154.0,MutNovel,"V531G,0.367"
X-3717,SON,6651.0,MutNovel,"R2401H,0.498"
X-3717,SRP14,6727.0,MutNovel,"A116AQ,0.379"
X-3717,SRSF4,6429.0,MutNovel,"K217N,1.000"
X-3717,STRN4,29888.0,MutNovel,"R200C,0.538"
X-3717,SYS1,90196.0,MutNovel,"V25G,0.550"
X-3717,TBL1Y,90665.0,Del0.8,0.67
X-3717,TBP,6908.0,MutNovel,"-64Q,1.000"
X-3717,TBRG4,9238.0,MutNovel,"E435K,0.627"
X-3717,TCF4,6925.0,MutNovel,"S749L,0.667"
X-3717,TCOF1,6949.0,MutNovel,"P1015A,0.343"
X-3717,TMBIM4,51643.0,MutKnownFunctional,"-174?,0.900"
X-3717,TMEM184A,202915.0,MutNovel,"G392GA,1.000"
X-3717,TMSB4Y,9087.0,Del0.8,0.6
X-3717,TNFAIP6,7130.0,MutKnownFunctional,"-278,1.000"
X-3717,TSPAN33,340348.0,MutNovel,"D139H,0.204"
X-3717,TSPY1,7258.0,Del0.8,0.14
X-3717,TSPY2,64591.0,Del0.8,0.31
X-3717,TSPY3,728137.0,Del0.8,0.14
X-3717,TSPY4,728395.0,Del0.8,0.14
X-3717,TSPY8,728403.0,Del0.8,0.14
X-3717,TTC17,55761.0,MutNovel,"T507S,0.380"
X-3717,TTTY10,246119.0,Del0.8,0.6
X-3717,TTTY11,83866.0,Del0.8,0.67
X-3717,TTTY12,83867.0,Del0.8,0.67
X-3717,TTTY13,83868.0,Del0.8,0.6
X-3717,TTTY14,83869.0,Del0.8,0.6
X-3717,TTTY15,64595.0,Del0.8,0.6
X-3717,TTTY16,252948.0,Del0.8,0.67
X-3717,TTTY17A,252949.0,Del0.8,0.6
X-3717,TTTY17A,252949.0,Del0.8,0.6
X-3717,TTTY18,252950.0,Del0.8,0.67
X-3717,TTTY19,252952.0,Del0.8,0.67
X-3717,TTTY1B,100101116.0,Del0.8,0.31
X-3717,TTTY1B,100101116.0,Del0.8,0.6
X-3717,TTTY2,60439.0,Del0.8,0.6
X-3717,TTTY2,60439.0,Del0.8,0.45
X-3717,TTTY20,252951.0,Del0.8,0.3
X-3717,TTTY21,252953.0,Del0.8,0.67
X-3717,TTTY21,252953.0,Del0.8,0.6
X-3717,TTTY22,252954.0,Del0.8,0.6
X-3717,TTTY23,252955.0,Del0.8,0.6
X-3717,TTTY23,252955.0,Del0.8,0.31
X-3717,TTTY3,114760.0,Del0.8,0.6
X-3717,TTTY3,114760.0,Del0.8,0.6
X-3717,TTTY4,114761.0,Del0.8,0.6
X-3717,TTTY4,114761.0,Del0.8,0.6
X-3717,TTTY5,83863.0,Del0.8,0.6
X-3717,TTTY6,84672.0,Del0.8,0.6
X-3717,TTTY6,84672.0,Del0.8,0.6
X-3717,TTTY7,246122.0,Del0.8,0.67
X-3717,TTTY7,246122.0,Del0.8,0.6
X-3717,TTTY7B,100101120.0,Del0.8,0.67
X-3717,TTTY7B,100101120.0,Del0.8,0.6
X-3717,TTTY8,84673.0,Del0.8,0.6
X-3717,TTTY8,84673.0,Del0.8,0.67
X-3717,TTTY9A,83864.0,Del0.8,0.6
X-3717,TTTY9A,83864.0,Del0.8,0.6
X-3717,TXLNG2P,246126.0,Del0.8,0.6
X-3717,UPF2,26019.0,MutNovel,"A109T,1.000"
X-3717,USP16,10600.0,MutNovel,"I633V,0.525"
X-3717,USP36,57602.0,MutNovel,"KKK958K,1.000"
X-3717,USP9Y,8287.0,Del0.8,0.6
X-3717,UTY,7404.0,Del0.8,0.6
X-3717,VCY,9084.0,Del0.8,0.6
X-3717,VCY,9084.0,Del0.8,0.6
X-3717,VHL,7428.0,MutLikelyFunctional,"L89R,1.000"
X-3717,VSIG10L,147645.0,MutNovel,"A789V,0.439"
X-3717,WWTR1,25937.0,MutNovel,"P327L,1.000"
X-3717,XKRY2,353515.0,Del0.8,0.6
X-3717,XKRY2,353515.0,Del0.8,0.6
X-3717,YES1,7525.0,MutNovel,"S58P,1.000"
X-3717,YLPM1,56252.0,MutNovel,"P1556R,1.000"
X-3717,ZBED3,84327.0,MutNovel,"A179G,0.429"
X-3717,ZCCHC6,79670.0,MutNovel,"R235Q,1.000"
X-3717,ZMPSTE24,10269.0,MutKnownFunctional,"-359?,0.278"
X-3717,ZNF225,7768.0,MutNovel,"G406R,0.348"
X-3717,ZNF384,171017.0,MutNovel,"QQ514Q,0.494"
X-3717,ZNF786,136051.0,MutKnownFunctional,"-494,0.780"
X-3717,ZNF816-ZNF321P,100529240.0,MutNovel,"S138I,0.513"
X-3717,ZNF860,344787.0,MutNovel,"R3Y,0.400"
X-3829,ACTN1,87.0,MutNovel,"E335D,0.325"
X-3829,ADC,113451.0,MutNovel,"V383G,0.277"
X-3829,AMY1A,276.0,Amp5,5.86
X-3829,AMY1A,276.0,Amp5,5.86
X-3829,ANAPC1,64682.0,MutNovel,"R1110C,0.281"
X-3829,ARFGAP1,55738.0,MutNovel,"H147L,0.355"
X-3829,ARHGEF5,7984.0,Del0.8,0.72
X-3829,ASIC2,,MutNovel,"R46L,0.444"
X-3829,ASPN,54829.0,MutNovel,"DE51E,0.357"
X-3829,ATG4C,84938.0,MutNovel,"C319R,0.336"
X-3829,AVEN,57099.0,MutNovel,"GGGGG41G,0.318"
X-3829,AVL9,23080.0,MutNovel,"R506W,0.515"
X-3829,BARX2,8538.0,MutNovel,"D263G,0.444"
X-3829,BAZ2B,29994.0,MutNovel,"N874S,0.368"
X-3829,BCOR,54880.0,MutNovel,"P930R,1.000"
X-3829,C17orf100,388327.0,Del0.8,0.75
X-3829,C21orf58,54058.0,MutNovel,"H299PN,0.217"
X-3829,CAMSAP2,23271.0,MutNovel,"A944T,0.522"
X-3829,CCDC134,79879.0,MutNovel,"V126M,1.000"
X-3829,CDC42EP1,11135.0,MutNovel,"PAPAANPS253P,0.714"
X-3829,CFHR3,10878.0,MutNovel,"Y69H,0.750"
X-3829,CNTF,1270.0,MutNovel,"H106Y,0.333"
X-3829,CNTNAP3B,728577.0,MutKnownFunctional,"-533,0.857"
X-3829,COBL,23242.0,MutNovel,"R782Q,0.412"
X-3829,COPB1,1315.0,MutNovel,"Q215P,0.338"
X-3829,CPA4,51200.0,MutNovel,"I136S,0.580"
X-3829,CPSF7,79869.0,MutNovel,"T30I,0.663"
X-3829,CRIPAK,285464.0,MutNovel,"R126H,0.204"
X-3829,CRIPAK,285464.0,MutNovel,"V164A,0.380"
X-3829,CSAD,51380.0,MutNovel,"D84N,0.356"
X-3829,CSDA,8531.0,MutNovel,"R224H,0.998"
X-3829,CTAGE4,100128553.0,Del0.8,0.62
X-3829,CTSA,5476.0,MutNovel,"L29-,0.264"
X-3829,DEFB103A,414325.0,Del0.8,0.73
X-3829,DEFB103A,414325.0,Del0.8,0.73
X-3829,DEFB104B,503618.0,Del0.8,0.73
X-3829,DEFB104B,503618.0,Del0.8,0.73
X-3829,DEFB105B,504180.0,Del0.8,0.73
X-3829,DEFB105B,504180.0,Del0.8,0.73
X-3829,DEFB106B,503841.0,Del0.8,0.73
X-3829,DEFB106B,503841.0,Del0.8,0.73
X-3829,DEFB107A,245910.0,Del0.8,0.73
X-3829,DEFB107A,245910.0,Del0.8,0.73
X-3829,DEFB4A,1673.0,Del0.8,0.73
X-3829,DEFB4B,100289462.0,Del0.8,0.73
X-3829,DHRS4,10901.0,MutNovel,"A118V,0.328"
X-3829,DIABLO,56616.0,MutNovel,"E223V,0.552"
X-3829,DNAH1,25981.0,MutNovel,"P348T,1.000"
X-3829,DNAJC9,23234.0,MutNovel,"G82R,0.651"
X-3829,DOCK6,57572.0,MutNovel,"M1504L,0.684"
X-3829,EMC4,,MutNovel,"R29M,0.426"
X-3829,ERBB2IP,55914.0,MutNovel,"I165V,0.359"
X-3829,EXD3,54932.0,MutNovel,"P591L,0.571"
X-3829,EXOSC6,118460.0,MutNovel,"R135P,0.586"
X-3829,FAM189A2,9413.0,MutNovel,"P322L,0.643"
X-3829,FAM74A4,401508.0,Del0.8,0.52
X-3829,FAM75A5,727905.0,Del0.8,0.78
X-3829,FICD,11153.0,MutNovel,"V253M,0.464"
X-3829,FNDC4,64838.0,MutNovel,"T30M,1.000"
X-3829,FRYL,285527.0,MutNovel,"R973H,0.774"
X-3829,GABRR2,2570.0,MutNovel,"T260S,0.472"
X-3829,GALNT11,63917.0,Del0.8,0.78
X-3829,GBF1,8729.0,MutNovel,"I13M,0.447"
X-3829,GIGYF2,26058.0,MutNovel,"PQ1231P,0.742"
X-3829,GNG11,2791.0,Amp5,6.59
X-3829,GOLGA8J,,MutNovel,"A474S,1.000"
X-3829,GRIP2,80852.0,MutKnownFunctional,"-437?,1.000"
X-3829,HEPACAM2,253012.0,Amp5,5.7
X-3829,HERC5,51191.0,MutKnownFunctional,"-216?,0.417"
X-3829,HLA-DRB1,3123.0,MutNovel,"Q99E,1.000"
X-3829,HLA-DRB5,3127.0,MutNovel,"R100E,1.000"
X-3829,HMGXB3,22993.0,MutNovel,"Q212L,0.672"
X-3829,HNRNPAB,3182.0,MutNovel,"DQINASK58E,0.296"
X-3829,HRCT1,646962.0,MutNovel,"P106H,1.000"
X-3829,HRNR,388697.0,MutNovel,"L1722S,0.429"
X-3829,IGFN1,91156.0,MutNovel,"G3564S,1.000"
X-3829,INPP5F,22876.0,MutNovel,"PS1057P,0.473"
X-3829,INTS1,26173.0,MutNovel,"D1183N,0.241"
X-3829,KAT6B,23522.0,MutNovel,"EE1355-,0.385"
X-3829,KGFLP1,387628.0,Del0.8,0.52
X-3829,KIAA0564,23078.0,MutNovel,"I1656L,0.458"
X-3829,KIAA0907,22889.0,MutNovel,"L398F,0.307"
X-3829,KIF20B,9585.0,MutNovel,"L1062LKV,0.347"
X-3829,LMBR1L,55716.0,MutNovel,"M168V,0.500"
X-3829,LOC100132247,100132247.0,MutNovel,"V1103A,0.571"
X-3829,LOC100289187,100289187.0,Amp5,5.66
X-3829,LOC100505781,,MutKnownFunctional,"R55*,1.000"
X-3829,LOC100505781,,MutNovel,"A52T,1.000"
X-3829,LOC154761,154761.0,Del0.8,0.65
X-3829,LOC642441,,MutNovel,"W153R,0.750"
X-3829,LOC728377,728377.0,Del0.8,0.62
X-3829,LOC728888,,MutNovel,"NI453I,0.217"
X-3829,LRRC1,55227.0,MutNovel,"D441Y,0.662"
X-3829,LRRC8A,56262.0,MutNovel,"R148H,0.258"
X-3829,LSR,51599.0,MutNovel,"G518GR,0.833"
X-3829,MAGED4B,81557.0,MutNovel,"T711R,1.000"
X-3829,MAN2B2,23324.0,MutNovel,"P304Q,0.657"
X-3829,MANBA,4126.0,MutNovel,"W290S,0.327"
X-3829,MAP3K4,4216.0,MutNovel,"PA1189P,0.778"
X-3829,MED31,51003.0,Del0.8,0.75
X-3829,MEF2A,4205.0,MutNovel,"QQ412-,0.242"
X-3829,MEPCE,56257.0,MutNovel,"P16R,0.417"
X-3829,MIR4652,100616206.0,Amp5,5.06
X-3829,MPP7,143098.0,MutNovel,"D156G,0.233"
X-3829,MTX1,4580.0,MutNovel,"F351L,0.314"
X-3829,MYL10,93408.0,Amp5,5.17
X-3829,N4BP1,9683.0,MutNovel,"I622L,0.380"
X-3829,NACC2,138151.0,MutNovel,"M470L,0.600"
X-3829,NBPF10,100132406.0,MutNovel,"G1531E,1.000"
X-3829,NBPF10,100132406.0,MutNovel,"G2507E,0.667"
X-3829,NBPF15,284565.0,MutNovel,"R110K,0.750"
X-3829,NBPF16,728936.0,MutNovel,"N124S,0.375"
X-3829,NBPF9,400818.0,MutNovel,"R499G,0.400"
X-3829,NCOA3,8202.0,MutNovel,"Q1255-,0.208"
X-3829,NCOR2,9612.0,MutNovel,"G1839GAAA,0.550"
X-3829,NF2,4771.0,MutNovel,"E231Q,0.332"
X-3829,NIT2,56954.0,MutNovel,"V242L,0.315"
X-3829,NOP2,4839.0,MutNovel,"RR54R,0.508"
X-3829,NPIPL3,23117.0,MutNovel,"R1004G,0.429"
X-3829,NR1H2,7376.0,MutNovel,"-173Q,0.437"
X-3829,NUP88,4927.0,MutNovel,"T158S,0.203"
X-3829,NVL,4931.0,MutNovel,"S853P,0.512"
X-3829,OPRL1,4987.0,MutKnownFunctional,"-210,0.548"
X-3829,OR2A42,402317.0,Del0.8,0.62
X-3829,OR2A42,402317.0,Del0.8,0.62
X-3829,OR2A7,401427.0,Del0.8,0.62
X-3829,OR2A9P,441295.0,Del0.8,0.62
X-3829,OR2A9P,441295.0,Del0.8,0.62
X-3829,OR4N4,283694.0,Del0.8,0.41
X-3829,ORAI1,84876.0,MutNovel,"PP43-,0.714"
X-3829,ORC1,4998.0,MutNovel,"A372P,0.211"
X-3829,PADI1,29943.0,MutNovel,"V265I,1.000"
X-3829,PARG,8505.0,MutNovel,"I761V,0.707"
X-3829,PBX1,5087.0,MutNovel,"Q96L,0.458"
X-3829,PCDHB12,56124.0,MutNovel,"D446N,0.350"
X-3829,PCDHB5,26167.0,MutNovel,"R651C,0.688"
X-3829,PDE7A,5150.0,MutNovel,"R91C,0.617"
X-3829,PDLIM5,10611.0,MutNovel,"R513W,0.430"
X-3829,PDZD8,118987.0,MutNovel,"R228K,0.827"
X-3829,PHLDA1,22822.0,MutNovel,"QQ194Q,0.537"
X-3829,PKM,,MutKnownFunctional,"S5*,0.606"
X-3829,POT1,25913.0,MutNovel,"F62V,0.492"
X-3829,POTEE,445582.0,MutNovel,"N869Y,1.000"
X-3829,PRKD1,5587.0,MutNovel,"G32GPG,0.286"
X-3829,PRKD3,23683.0,MutNovel,"T74A,0.711"
X-3829,PROX1,5629.0,MutNovel,"L552F,0.357"
X-3829,PRSS3,5646.0,MutNovel,"A119G,0.375"
X-3829,PRSS3,5646.0,MutNovel,"T124S,0.375"
X-3829,PRSS3,5646.0,MutNovel,"K136E,0.429"
X-3829,PTEN,5728.0,MutLikelyFunctional,"R335*,0.620"
X-3829,PTPN20A,653129.0,MutNovel,"D114G,1.000"
X-3829,RABL5,64792.0,Amp5,5.5
X-3829,RASSF5,83593.0,MutNovel,"A48E,0.583"
X-3829,RBMS3,27303.0,MutNovel,"S344W,0.339"
X-3829,RCBTB2,1102.0,MutNovel,"T362I,0.389"
X-3829,RECQL5,9400.0,MutNovel,"R565H,0.662"
X-3829,REV3L,5980.0,MutNovel,"P2047L,0.621"
X-3829,RIN3,79890.0,MutNovel,"G967-,0.529"
X-3829,RNF135,84282.0,MutNovel,"A15G,0.231"
X-3829,RNF39,80352.0,MutNovel,"I400N,0.789"
X-3829,RPN1,6184.0,MutNovel,"P207S,0.336"
X-3829,RREB1,6239.0,MutKnownFunctional,"-1048,0.257"
X-3829,RRNAD1,51093.0,MutNovel,"Q16R,0.438"
X-3829,SAMD1,90378.0,MutNovel,"P4A,0.395"
X-3829,SBNO1,55206.0,MutNovel,"D731E,0.444"
X-3829,SCAND3,114821.0,MutNovel,"P157S,0.421"
X-3829,SDK1,221935.0,MutNovel,"A1828V,0.485"
X-3829,SEC16A,9919.0,MutNovel,"Q1803P,0.712"
X-3829,SECISBP2,79048.0,MutNovel,"Q520P,0.356"
X-3829,SERINC2,347735.0,MutNovel,"-373Q,0.781"
X-3829,SETD2,29072.0,MutKnownFunctional,"-1717,0.974"
X-3829,SGSM3,27352.0,MutKnownFunctional,"W684*,0.994"
X-3829,SIL1,64374.0,MutKnownFunctional,"-359,0.489"
X-3829,SKIV2L2,23517.0,MutNovel,"-58NNG,0.440"
X-3829,SLC38A6,145389.0,MutNovel,"P458L,0.723"
X-3829,SLC45A3,85414.0,MutNovel,"S497I,0.438"
X-3829,SLFN11,91607.0,MutNovel,"E762K,0.494"
X-3829,SMEK2,57223.0,MutNovel,"A342V,0.618"
X-3829,SNAPC4,6621.0,MutNovel,"S542-,0.417"
X-3829,SOX12,6666.0,MutNovel,"A212T,0.557"
X-3829,SOX13,9580.0,MutNovel,"P322S,0.429"
X-3829,SOX13,9580.0,MutKnownFunctional,"-534?,0.240"
X-3829,SPAG11A,653423.0,Del0.8,0.73
X-3829,SPAG11B,10407.0,Del0.8,0.73
X-3829,SPAG11B,10407.0,Del0.8,0.73
X-3829,SPSB1,80176.0,MutNovel,"D231N,0.237"
X-3829,SPTBN2,6712.0,MutNovel,"C607R,1.000"
X-3829,SRCAP,10847.0,MutNovel,"L1780V,0.484"
X-3829,SYMPK,8189.0,MutNovel,"R206C,0.206"
X-3829,TBC1D9,23158.0,MutKnownFunctional,"-1153,0.517"
X-3829,TBP,6908.0,MutNovel,"-64Q,0.256"
X-3829,TJP1,7082.0,MutNovel,"S1209Y,0.469"
X-3829,TMEM59,9528.0,MutNovel,"D88E,0.253"
X-3829,TNRC18,84629.0,MutNovel,"S2653F,0.556"
X-3829,TP53,7157.0,MutLikelyFunctional,"R290H,1.000"
X-3829,TP53,7157.0,MutKnownFunctional,"M237I,1.000"
X-3829,TPR,7175.0,MutNovel,"D256A,0.376"
X-3829,TPTE,7179.0,Del0.8,0.78
X-3829,TRIM65,201292.0,MutNovel,"R42Q,0.358"
X-3829,TRMT2A,27037.0,MutNovel,"V172A,0.500"
X-3829,TSPYL1,7259.0,MutNovel,"V176VW,0.260"
X-3829,TTC30B,150737.0,MutKnownFunctional,"-591,0.531"
X-3829,TTF1,7270.0,MutNovel,"R184M,0.471"
X-3829,TUBGCP2,10844.0,MutNovel,"S225P,0.294"
X-3829,TXNDC17,84817.0,Del0.8,0.75
X-3829,UBE2L3,7332.0,MutNovel,"V85D,0.511"
X-3829,UGT2B10,7365.0,MutNovel,"R250G,1.000"
X-3829,ULBP3,79465.0,MutNovel,"G27W,0.625"
X-3829,UNKL,64718.0,MutNovel,"S391G,0.429"
X-3829,USP12,219333.0,MutNovel,"G40A,0.481"
X-3829,USP36,57602.0,MutNovel,"KKK958K,0.701"
X-3829,VHL,7428.0,MutLikelyFunctional,"W88R,1.000"
X-3829,WISP2,8839.0,MutNovel,"S135I,0.500"
X-3829,YEATS2,55689.0,MutNovel,"A725S,0.235"
X-3829,YIPF2,78992.0,MutNovel,"I98M,0.355"
X-3829,ZBED5,58486.0,MutNovel,"F616V,0.229"
X-3829,ZBED5,58486.0,MutNovel,"D544V,0.400"
X-3829,ZBED6,100381270.0,MutNovel,"P9R,0.525"
X-3829,ZBTB39,9880.0,MutNovel,"S401Y,0.294"
X-3829,ZMYM3,9203.0,MutNovel,"Q1176H,0.345"
X-3829,ZNF219,51222.0,MutNovel,"QPP233P,0.202"
X-3829,ZNF274,10782.0,MutNovel,"A575V,0.414"
X-3829,ZNF37A,7587.0,MutNovel,"K175T,0.450"
X-3829,ZNF445,353274.0,MutNovel,"R48G,1.000"
X-3829,ZNF708,7562.0,MutKnownFunctional,"S321*,0.283"
X-3829,ZNF728,,MutNovel,"V248I,1.000"
X-3829,ZSWIM5,57643.0,MutNovel,"P142S,0.842"
X-3829,ZSWIM6,57688.0,MutNovel,"V930I,0.596"
X-3829,ZXDA,7789.0,MutNovel,"G296V,1.000"
X-4073,AATK,9625.0,MutNovel,"R793S,0.609"
X-4073,ABCA13,154664.0,MutNovel,"V2921L,0.625"
X-4073,ABHD14B,84836.0,MutKnownFunctional,"-105?,0.450"
X-4073,ABL1,25.0,MutKnownFunctional,"-729?,0.865"
X-4073,ACSM2A,123876.0,MutNovel,"N463D,0.996"
X-4073,ADAMTSL5,339366.0,MutNovel,"R64Q,0.692"
X-4073,AFAP1,60312.0,MutNovel,"Q53H,0.567"
X-4073,AGAP10,,MutNovel,"S134P,0.600"
X-4073,AGAP5,729092.0,MutNovel,"S134P,0.345"
X-4073,AGAP7,653268.0,MutNovel,"R484H,1.000"
X-4073,AMPD2,271.0,MutNovel,"V559I,0.416"
X-4073,ANKRD17,26057.0,MutNovel,"T1022M,1.000"
X-4073,ANKRD36,375248.0,MutNovel,"T998S,0.333"
X-4073,ANKRD9,122416.0,MutNovel,"R131C,0.524"
X-4073,APLP2,334.0,MutNovel,"E222D,0.240"
X-4073,APOBEC3A,200315.0,MutNovel,"D167C,0.750"
X-4073,APOBEC3B,9582.0,MutNovel,"F341I,1.000"
X-4073,APOBEC3B,9582.0,MutNovel,"Y343H,1.000"
X-4073,APOPT1,84334.0,MutNovel,"R48K,0.494"
X-4073,AR,367.0,MutNovel,"LQQ57L,0.889"
X-4073,ARHGAP35,2909.0,MutNovel,"R327H,0.552"
X-4073,ARHGAP39,80728.0,MutNovel,"Y866C,0.533"
X-4073,ARHGAP40,343578.0,MutNovel,"R26Q,0.612"
X-4073,ART5,116969.0,MutNovel,"-25P,1.000"
X-4073,ATM,472.0,MutNovel,"Q1128R,0.481"
X-4073,BACH1,571.0,MutNovel,"R564S,0.500"
X-4073,BDP1,55814.0,MutNovel,"T270K,0.550"
X-4073,BIRC6,57448.0,MutNovel,"V57L,0.583"
X-4073,BRI3,25798.0,MutKnownFunctional,"-98?,0.423"
X-4073,BTBD16,118663.0,MutKnownFunctional,"-504,0.368"
X-4073,C11orf95,65998.0,MutNovel,"P493S,0.760"
X-4073,C12orf26,84190.0,MutNovel,"A452V,0.208"
X-4073,C14orf38,729665.0,MutNovel,"T790I,0.357"
X-4073,C17orf51,339263.0,MutKnownFunctional,"-34?,0.792"
X-4073,C19orf55,148137.0,MutNovel,"R337W,0.580"
X-4073,C2CD4C,126567.0,MutNovel,"P270L,1.000"
X-4073,C2orf81,388963.0,MutNovel,"P404A,0.469"
X-4073,C6orf132,647024.0,MutNovel,"A414V,0.500"
X-4073,CABLES1,91768.0,MutNovel,"P39R,1.000"
X-4073,CAND1,55832.0,MutNovel,"S5L,0.253"
X-4073,CAPN5,726.0,MutNovel,"T480S,0.443"
X-4073,CCDC74A,90557.0,MutKnownFunctional,"-118L?,0.788"
X-4073,CCDC74A,90557.0,MutNovel,"P127R,0.417"
X-4073,CCDC74B,91409.0,MutNovel,"P127R,0.517"
X-4073,CCDC80,151887.0,MutNovel,"N558K,0.649"
X-4073,CDC37,11140.0,MutNovel,"V199A,0.555"
X-4073,CELSR1,9620.0,MutNovel,"R72W,1.000"
X-4073,CENPV,201161.0,MutNovel,"A26APRP,0.408"
X-4073,CHID1,66005.0,MutNovel,"D183N,0.448"
X-4073,CITED4,163732.0,MutNovel,"E9D,0.483"
X-4073,CKAP4,10970.0,MutNovel,"G77-,0.477"
X-4073,CLEC18B,497190.0,MutNovel,"D307N,0.400"
X-4073,CNTNAP1,8506.0,MutNovel,"R621Q,0.797"
X-4073,CNTNAP3,79937.0,MutNovel,"A1230V,1.000"
X-4073,COL11A2,1302.0,MutNovel,"E767G,0.364"
X-4073,COL18A1,80781.0,MutNovel,"FL1081F,0.500"
X-4073,COL22A1,169044.0,MutNovel,"P704L,0.942"
X-4073,COPZ2,51226.0,MutKnownFunctional,"-6?,1.000"
X-4073,CPEB2,132864.0,MutNovel,"P221Q,0.419"
X-4073,CRYBG3,,MutNovel,"D1721H,0.750"
X-4073,CSRP2BP,57325.0,MutNovel,"V309L,0.456"
X-4073,CTSA,5476.0,MutNovel,"L29-,1.000"
X-4073,CYFIP2,26999.0,MutNovel,"I1164M,0.450"
X-4073,D2HGDH,728294.0,MutNovel,"R26W,0.535"
X-4073,DEGS2,123099.0,MutNovel,"D197N,0.457"
X-4073,DNAH10,196385.0,MutNovel,"E175G,1.000"
X-4073,DOCK6,57572.0,MutNovel,"R2005H,0.496"
X-4073,DPEP1,1800.0,MutNovel,"V263L,0.500"
X-4073,DPP4,1803.0,MutNovel,"K190R,0.528"
X-4073,DPP4,1803.0,MutNovel,"I107V,0.450"
X-4073,DSC2,1824.0,MutNovel,"NG11KR,1.000"
X-4073,DST,667.0,MutKnownFunctional,"-2388,0.500"
X-4073,DUSP4,1846.0,MutNovel,"T188N,0.659"
X-4073,EGLN1,54583.0,MutNovel,"A96V,0.435"
X-4073,EIF4H,7458.0,MutNovel,"L190F,0.320"
X-4073,FADS1,3992.0,MutNovel,"C13S,0.500"
X-4073,FAM135B,51059.0,MutNovel,"F182S,0.400"
X-4073,FAM171B,165215.0,MutNovel,"-50Q,0.759"
X-4073,FAM186B,84070.0,MutNovel,"G452V,0.333"
X-4073,FAM21B,55747.0,MutNovel,"S481L,0.789"
X-4073,FAM22A,728118.0,MutNovel,"L563Q,0.500"
X-4073,FAM69B,138311.0,MutNovel,"WK422W,1.000"
X-4073,FAM86B2,653333.0,MutNovel,"D242E,0.312"
X-4073,FIGF,2277.0,MutNovel,"ED212D,1.000"
X-4073,FKRP,79147.0,MutNovel,"V300M,0.512"
X-4073,FOXE1,2304.0,MutNovel,"AA169-,1.000"
X-4073,GALM,130589.0,MutNovel,"D199V,0.539"
X-4073,GIGYF2,26058.0,MutNovel,"PQ1231P,0.500"
X-4073,GLTSCR2,29997.0,MutNovel,"D401A,0.520"
X-4073,GNL1,2794.0,MutKnownFunctional,"-521,0.518"
X-4073,GOLGA4,2803.0,MutNovel,"L317V,0.538"
X-4073,GOLGA8B,440270.0,MutNovel,"K354E,0.500"
X-4073,GPR116,221395.0,MutKnownFunctional,"W1269*,1.000"
X-4073,GPR89A,653519.0,MutNovel,"L194P,0.421"
X-4073,GTF2IRD2B,389524.0,MutNovel,"G211S,0.415"
X-4073,HERC2,8924.0,MutNovel,"P2445R,0.591"
X-4073,HERC2,8924.0,MutNovel,"A2439D,0.556"
X-4073,HGSNAT,138050.0,MutNovel,"T508A,0.435"
X-4073,HLA-DQB2,3120.0,MutNovel,"D162G,0.786"
X-4073,HLA-DRB1,3123.0,MutNovel,"M20S,0.333"
X-4073,HLA-DRB1,3123.0,MutNovel,"MT12IA,0.333"
X-4073,HLA-DRB5,3127.0,MutNovel,"A87E,0.583"
X-4073,HNRNPD,3184.0,MutNovel,"F6L,1.000"
X-4073,HRNR,388697.0,MutNovel,"R2466H,0.500"
X-4073,HYDIN,54768.0,MutNovel,"V1717M,0.212"
X-4073,ICMT,23463.0,MutNovel,"A5G,1.000"
X-4073,IDE,3416.0,MutNovel,"R765Q,0.471"
X-4073,IDUA,3425.0,MutNovel,"P528A,0.365"
X-4073,IFI44,10561.0,MutNovel,"K73N,0.500"
X-4073,IFT52,51098.0,MutNovel,"E345D,0.562"
X-4073,IP6K2,51447.0,MutNovel,"S18F,0.573"
X-4073,IRF2BPL,64207.0,MutNovel,"QQQ107Q,0.462"
X-4073,ISYNA1,51477.0,MutNovel,"P167Q,0.456"
X-4073,ITGA10,8515.0,MutNovel,"L852P,1.000"
X-4073,ITGA3,3675.0,MutNovel,"L578W,0.228"
X-4073,ITM2A,9452.0,MutNovel,"VPV128V,1.000"
X-4073,ITPK1,3705.0,MutNovel,"G390S,0.538"
X-4073,KCP,375616.0,MutKnownFunctional,"-1004?,0.503"
X-4073,KDM6B,23135.0,MutNovel,"QKEH976-,0.205"
X-4073,KIAA0040,9674.0,MutNovel,"H19Y,0.400"
X-4073,KIAA0146,23514.0,MutNovel,"G4D,0.370"
X-4073,KIAA0430,9665.0,MutNovel,"A1601G,0.504"
X-4073,KIAA0825,285600.0,MutNovel,"H316P,0.333"
X-4073,KIAA1324L,222223.0,MutNovel,"R4C,0.600"
X-4073,KIF20B,9585.0,MutNovel,"L1062LKV,0.538"
X-4073,KRBA1,84626.0,MutNovel,"A641Y,0.444"
X-4073,LAMA5,3911.0,MutNovel,"T709M,0.486"
X-4073,LOC100128071,100128071.0,MutNovel,"P31R,1.000"
X-4073,LOC100130451,100130451.0,MutNovel,"A61T,1.000"
X-4073,LOC100506688,100506688.0,MutKnownFunctional,"E51*,0.273"
X-4073,LOC100996439,,MutNovel,"P20S,1.000"
X-4073,LOC728888,,MutNovel,"R931W,0.625"
X-4073,LRRC37A,9884.0,MutNovel,"V1450M,0.455"
X-4073,LRRC37A3,374819.0,MutNovel,"P1371L,0.748"
X-4073,LSR,51599.0,MutNovel,"G518GR,0.508"
X-4073,LTN1,26046.0,MutNovel,"EE1474E,0.364"
X-4073,MAP3K4,4216.0,MutNovel,"PA1189P,1.000"
X-4073,MDGA1,266727.0,MutNovel,"C560R,0.237"
X-4073,MEF2A,4205.0,MutNovel,"Q412-,0.429"
X-4073,METTL24,,MutNovel,"P59S,0.600"
X-4073,MFI2,4241.0,MutNovel,"A437G,1.000"
X-4073,MGRN1,23295.0,MutNovel,"G422S,0.448"
X-4073,MICB,4277.0,MutNovel,"Y59C,0.375"
X-4073,MICB,4277.0,MutNovel,"R64C,0.400"
X-4073,MLL3,58508.0,MutKnownFunctional,"-2797?,0.264"
X-4073,MPRIP,23164.0,MutNovel,"TS178T,1.000"
X-4073,MTA3,57504.0,MutNovel,"I56T,0.528"
X-4073,MTRNR2L2,100462981.0,MutNovel,"S12L,1.000"
X-4073,MUC20,200958.0,MutNovel,"T276M,0.452"
X-4073,MXRA7,439921.0,MutNovel,"E36G,1.000"
X-4073,NBPF10,100132406.0,MutNovel,"A48S,0.258"
X-4073,NBPF10,100132406.0,MutNovel,"G1141R,0.500"
X-4073,NBPF10,100132406.0,MutNovel,"S1467C,0.667"
X-4073,NBPF10,100132406.0,MutNovel,"R3193K,1.000"
X-4073,NBPF12,,MutNovel,"H486Q,0.636"
X-4073,NBPF12,,MutNovel,"E622K,0.630"
X-4073,NBPF16,728936.0,MutNovel,"Q416E,1.000"
X-4073,NBPF16,728936.0,MutNovel,"G457V,0.967"
X-4073,NBPF9,400818.0,MutNovel,"H337R,0.278"
X-4073,NCOA3,8202.0,MutNovel,"Q1264-,1.000"
X-4073,NCOA7,135112.0,MutNovel,"N46H,0.411"
X-4073,NCOR2,9612.0,MutNovel,"G1839GAAA,1.000"
X-4073,NCOR2,9612.0,MutNovel,"-511S,0.714"
X-4073,NFE2L2,4780.0,MutLikelyFunctional,"R34G,0.740"
X-4073,NHSL1,57224.0,MutNovel,"S747G,0.606"
X-4073,NID1,4811.0,MutNovel,"N682S,0.389"
X-4073,NOP2,4839.0,MutNovel,"RR54R,0.242"
X-4073,NPIPL3,23117.0,MutNovel,"P845L,0.762"
X-4073,NPIPL3,23117.0,MutNovel,"R433H,0.727"
X-4073,NR1H2,7376.0,MutNovel,"-173Q,1.000"
X-4073,NRG2,9542.0,MutNovel,"GPG667G,0.643"
X-4073,NUDCD3,23386.0,MutNovel,"E123I,0.628"
X-4073,NUDT11,55190.0,MutKnownFunctional,"-1,1.000"
X-4073,NUP155,9631.0,MutNovel,"L1250I,0.517"
X-4073,OGFR,11054.0,MutNovel,"E46Q,0.569"
X-4073,ORAI1,84876.0,MutNovel,"PP43-,1.000"
X-4073,P2RY8,286530.0,MutNovel,"A1633V,1.000"
X-4073,P2RY8,286530.0,MutNovel,"L1526V,1.000"
X-4073,P2RY8,286530.0,MutKnownFunctional,"-1417,0.800"
X-4073,PACSIN1,29993.0,MutNovel,"G345D,0.482"
X-4073,PALM3,342979.0,MutNovel,"V31L,0.556"
X-4073,PAOX,196743.0,MutNovel,"S347L,0.329"
X-4073,PBX3,5090.0,MutNovel,"L184R,1.000"
X-4073,PDE3B,5140.0,MutNovel,"G238R,0.545"
X-4073,PDLIM5,10611.0,MutNovel,"A102T,1.000"
X-4073,PGBD1,84547.0,MutNovel,"L422V,0.616"
X-4073,PHLDA1,22822.0,MutNovel,"QQ194Q,1.000"
X-4073,PKD1,5310.0,MutNovel,"F4008L,0.422"
X-4073,PKD1,5310.0,MutNovel,"MH1092IY,0.297"
X-4073,PKD1,5310.0,MutNovel,"L56P,0.221"
X-4073,PKD1,5310.0,MutNovel,"P26R,0.286"
X-4073,PLCB3,5331.0,MutNovel,"E1197D,0.472"
X-4073,PLEKHG2,64857.0,MutNovel,"R844C,0.545"
X-4073,PLIN4,729359.0,MutNovel,"N332S,0.471"
X-4073,POLE4,56655.0,MutNovel,"M1MA,0.500"
X-4073,POLG,5428.0,MutNovel,"Q53RSK,0.571"
X-4073,POLL,27343.0,MutNovel,"H290R,0.422"
X-4073,PPP2R4,5524.0,MutNovel,"R99C,1.000"
X-4073,PRDM11,56981.0,MutNovel,"T1171M,0.412"
X-4073,PRR24,255783.0,MutNovel,"G138E,0.514"
X-4073,PRX,57716.0,MutNovel,"T99S,0.609"
X-4073,PSORS1C1,170679.0,MutKnownFunctional,"-38?,0.500"
X-4073,PTPRJ,5795.0,MutNovel,"L96V,0.447"
X-4073,RAB19,401409.0,MutNovel,"I168T,0.692"
X-4073,RAD54L,8438.0,MutNovel,"E648D,0.453"
X-4073,RASA4B,,MutNovel,"R334L,0.213"
X-4073,RETSAT,54884.0,MutNovel,"H284R,0.492"
X-4073,RFX7,64864.0,MutNovel,"L74V,0.380"
X-4073,RHBDF1,64285.0,MutNovel,"E293D,0.489"
X-4073,RIF1,55183.0,MutNovel,"EIC1837G,0.526"
X-4073,RIN3,79890.0,MutNovel,"G967-,1.000"
X-4073,RNF115,27246.0,MutNovel,"E3G,0.420"
X-4073,RNF123,63891.0,MutNovel,"L286P,0.357"
X-4073,RPA3,6119.0,MutNovel,"A75T,0.679"
X-4073,RPGR,6103.0,MutNovel,"E732K,1.000"
X-4073,SAV1,60485.0,MutNovel,"Y133C,0.575"
X-4073,SCFD1,23256.0,MutNovel,"T8TA,0.407"
X-4073,SEC23A,10484.0,MutNovel,"V301M,0.520"
X-4073,SFSWAP,6433.0,MutNovel,"R812L,1.000"
X-4073,SH2B2,10603.0,MutNovel,"G525S,0.682"
X-4073,SHANK2,22941.0,MutKnownFunctional,"R1764*,0.568"
X-4073,SIRPG,55423.0,MutNovel,"M34V,1.000"
X-4073,SLC47A1,55244.0,MutKnownFunctional,"-551?,0.417"
X-4073,SLC9B1,150159.0,MutNovel,"R412Q,0.750"
X-4073,SLIT1,6585.0,MutNovel,"S1484L,0.750"
X-4073,SMCR8,140775.0,MutNovel,"R397K,0.514"
X-4073,SPATA7,55812.0,MutNovel,"Q95R,0.604"
X-4073,SPOPL,339745.0,MutNovel,"S62T,0.540"
X-4073,SPTBN1,6711.0,MutNovel,"R839W,0.508"
X-4073,TACC2,10579.0,MutNovel,"K2303E,0.440"
X-4073,TACC3,10460.0,MutNovel,"G389R,0.500"
X-4073,TBP,6908.0,MutNovel,"-64Q,1.000"
X-4073,TBRG4,9238.0,MutKnownFunctional,"-11,0.235"
X-4073,TEKT4,150483.0,MutNovel,"R424C,1.000"
X-4073,TLR6,10333.0,MutNovel,"G592V,0.500"
X-4073,TMBIM4,51643.0,MutKnownFunctional,"-174?,0.758"
X-4073,TMEM184A,202915.0,MutNovel,"G392GA,1.000"
X-4073,TNFRSF10A,8797.0,MutNovel,"N156T,0.457"
X-4073,TP53BP2,7159.0,MutNovel,"I96V,0.481"
X-4073,TRIM24,8805.0,MutNovel,"R975S,0.368"
X-4073,TSPYL1,7259.0,MutNovel,"V176VW,1.000"
X-4073,TTC22,55001.0,MutNovel,"G382R,0.378"
X-4073,TTPAL,79183.0,MutNovel,"G276S,0.520"
X-4073,UBXN11,91544.0,MutNovel,"G492S,1.000"
X-4073,UNKL,64718.0,MutNovel,"G348A,0.550"
X-4073,URB1,9875.0,MutNovel,"L1564P,0.397"
X-4073,WWTR1,25937.0,MutNovel,"D119N,0.570"
X-4073,XPNPEP3,63929.0,MutNovel,"Q32R,1.000"
X-4073,ZC3HAV1,56829.0,MutNovel,"H700Q,0.547"
X-4073,ZFYVE9,9372.0,MutNovel,"N3S,0.395"
X-4073,ZNF219,51222.0,MutNovel,"QPP233P,0.483"
X-4073,ZNF30,90075.0,MutNovel,"Q124R,0.512"
X-4073,ZNF382,84911.0,MutKnownFunctional,"-107?,0.385"
X-4073,ZNF384,171017.0,MutNovel,"QQ514Q,1.000"
X-4073,ZNF623,9831.0,MutKnownFunctional,"-536,0.516"
X-4073,ZNF730,,MutNovel,"S296F,0.750"
X-4073,ZNF765,91661.0,MutNovel,"V251I,0.267"
X-4073,ZNF799,90576.0,MutNovel,"D41G,0.276"
X-4073,ZNF837,116412.0,MutNovel,"K370R,0.250"
X-4073,ZSCAN12,9753.0,MutNovel,"F478L,0.466"
X-4073,ZWINT,11130.0,MutNovel,"A232VRP,0.490"
X-4073,ZXDA,7789.0,MutNovel,"P47L,1.000"
X-4536,ABCA10,10349.0,MutKnownFunctional,"-1505,0.289"
X-4536,ACBD4,79777.0,MutNovel,"G290S,0.514"
X-4536,ACSF3,197322.0,MutNovel,"R65C,0.520"
X-4536,ADHFE1,137872.0,MutKnownFunctional,"-104,0.583"
X-4536,ADM,133.0,MutNovel,"Y95H,0.512"
X-4536,AHNAK,79026.0,MutNovel,"D3469E,0.439"
X-4536,AKR1C4,1109.0,MutNovel,"E77G,1.000"
X-4536,AKR7A2,8574.0,MutNovel,"I273T,0.507"
X-4536,ALPK3,57538.0,MutNovel,"G1796D,0.640"
X-4536,AP4E1,23431.0,MutNovel,"H1107P,0.500"
X-4536,ARHGAP32,9743.0,MutNovel,"H1493R,0.486"
X-4536,ARHGEF17,9828.0,MutNovel,"R2015Q,0.444"
X-4536,ARID1A,8289.0,MutNovel,"P965A,0.265"
X-4536,ARID1A,8289.0,MutNovel,"L2199R,0.646"
X-4536,ARV1,64801.0,MutKnownFunctional,"-170?,0.275"
X-4536,ATG14,22863.0,MutNovel,"N131S,0.500"
X-4536,ATP2B4,493.0,MutNovel,"F382V,0.410"
X-4536,ATR,545.0,MutNovel,"L1237I,0.400"
X-4536,BAG1,573.0,MutNovel,"H155Q,0.297"
X-4536,BMP2K,55589.0,MutNovel,"Q486H,0.333"
X-4536,BMP2K,55589.0,MutNovel,"N773S,0.750"
X-4536,C10orf47,254427.0,MutNovel,"P323R,0.625"
X-4536,C12orf35,55196.0,MutKnownFunctional,"-970,0.263"
X-4536,C14orf169,79697.0,MutNovel,"I426M,0.607"
X-4536,C16orf95,100506581.0,MutNovel,"C131Y,0.400"
X-4536,C21orf58,54058.0,MutNovel,"H299PN,0.556"
X-4536,C3,718.0,MutNovel,"S749G,0.585"
X-4536,C3orf23,285343.0,MutNovel,"D315N,0.348"
X-4536,C6orf228,221710.0,MutNovel,"A76T,0.244"
X-4536,C8orf73,642475.0,MutNovel,"P15L,0.706"
X-4536,C9orf41,138199.0,MutNovel,"V368A,0.421"
X-4536,CATSPERB,79820.0,MutNovel,"Y313D,0.667"
X-4536,CCDC51,79714.0,MutNovel,"T78R,0.368"
X-4536,CCRN4L,25819.0,MutNovel,"P18L,0.833"
X-4536,CCZ1B,221960.0,MutNovel,"M201I,0.600"
X-4536,CD40,958.0,MutNovel,"P188S,0.591"
X-4536,CDC42EP1,11135.0,MutNovel,"PAPAANPS253P,1.000"
X-4536,CDH1,999.0,MutLikelyFunctional,"A592T,0.472"
X-4536,CPSF2,53981.0,MutNovel,"M154V,0.413"
X-4536,CROT,54677.0,MutNovel,"G64R,0.846"
X-4536,CSRP2BP,57325.0,MutNovel,"G216V,0.410"
X-4536,CTNNA1,1495.0,MutNovel,"V688M,0.437"
X-4536,CTRL,1506.0,MutNovel,"T196A,0.412"
X-4536,CTSA,5476.0,MutNovel,"L29-,1.000"
X-4536,CWH43,80157.0,MutKnownFunctional,"-532,0.500"
X-4536,CYP3A5,1577.0,MutNovel,"G26E,0.458"
X-4536,CYTH3,9265.0,MutNovel,"F384L,0.625"
X-4536,DDR1,780.0,MutNovel,"A425T,0.492"
X-4536,DDX17,10521.0,MutNovel,"R465S,0.468"
X-4536,DDX24,57062.0,MutNovel,"N354K,0.396"
X-4536,DENND4B,9909.0,MutNovel,"QQQ908-,0.263"
X-4536,DHCR24,1718.0,MutNovel,"Y475C,0.472"
X-4536,DHRS2,10202.0,MutNovel,"I52V,0.498"
X-4536,DHRS3,9249.0,MutNovel,"G26E,0.396"
X-4536,DLAT,1737.0,MutNovel,"T347S,0.434"
X-4536,DLG5,9231.0,MutNovel,"A1824T,0.488"
X-4536,DMTF1,9988.0,MutNovel,"G743D,0.448"
X-4536,DNAAF2,55172.0,MutNovel,"T535I,0.452"
X-4536,ECT2,1894.0,MutNovel,"F166C,0.344"
X-4536,EEF1A1,1915.0,MutNovel,"K64N,0.676"
X-4536,EEFSEC,60678.0,MutNovel,"S28N,0.694"
X-4536,EFNB1,1947.0,MutNovel,"Y73C,1.000"
X-4536,ELMO3,79767.0,MutNovel,"R111Q,0.508"
X-4536,ENTHD2,,MutNovel,"A478D,0.459"
X-4536,EPN1,29924.0,MutNovel,"T598P,0.424"
X-4536,ERCC2,2068.0,MutNovel,"N238S,0.590"
X-4536,ETHE1,23474.0,MutNovel,"S93F,0.527"
X-4536,ETV6,2120.0,MutNovel,"R399H,0.411"
X-4536,EVX1,2128.0,MutNovel,"H276HLP,0.333"
X-4536,FAM115A,9747.0,MutNovel,"V635L,0.372"
X-4536,FAM115C,285966.0,MutNovel,"T72A,1.000"
X-4536,FAM59B,150946.0,MutNovel,"G498S,0.692"
X-4536,FAM82A2,55177.0,MutNovel,"A12T,0.465"
X-4536,FAM82B,51115.0,MutNovel,"F13L,0.490"
X-4536,FBRS,64319.0,MutNovel,"GS195G,0.410"
X-4536,FBRS,64319.0,MutNovel,"S196R,0.266"
X-4536,FBXO38,81545.0,MutNovel,"NGS835N,0.491"
X-4536,FBXW4,6468.0,MutNovel,"R246G,0.500"
X-4536,FLNA,2316.0,MutNovel,"I1971F,0.980"
X-4536,FLNB,2317.0,MutNovel,"T2141A,0.518"
X-4536,FZD5,7855.0,MutNovel,"A18G,0.459"
X-4536,GCDH,2639.0,MutNovel,"L245F,0.642"
X-4536,GIGYF2,26058.0,MutNovel,"PQ1231P,1.000"
X-4536,GNB1L,54584.0,MutKnownFunctional,"Q141*,0.250"
X-4536,GOLGA8A,23015.0,MutNovel,"E337G,0.600"
X-4536,GPX4,2879.0,MutNovel,"G4R,0.314"
X-4536,GRSF1,2926.0,MutNovel,"R220W,0.441"
X-4536,HERC2,8924.0,MutNovel,"S1791G,0.611"
X-4536,HRAS,3265.0,MutKnownFunctional,"Q61R,0.474"
X-4536,HRAS,3265.0,MutNovel,"V45I,0.490"
X-4536,ICAM3,3385.0,MutNovel,"E380K,0.667"
X-4536,INO80,54617.0,MutNovel,"R337C,0.667"
X-4536,IPO7,10527.0,MutNovel,"T112A,0.460"
X-4536,IRF2BPL,64207.0,MutNovel,"QQ114Q,0.576"
X-4536,ITGA2,3673.0,MutNovel,"L129F,0.520"
X-4536,KDM5C,8242.0,MutNovel,"P1472S,0.967"
X-4536,KIAA0100,9703.0,MutNovel,"D1385E,0.498"
X-4536,KIF13A,63971.0,MutNovel,"G484V,0.259"
X-4536,KIF20B,9585.0,MutNovel,"I456M,0.333"
X-4536,KRT16,3868.0,MutNovel,"R155W,0.395"
X-4536,KRT16,3868.0,MutNovel,"R150H,0.364"
X-4536,KRT16,3868.0,MutNovel,"A92T,0.353"
X-4536,KRT16,3868.0,MutNovel,"S76IG,0.500"
X-4536,KRT75,9119.0,MutNovel,"K245T,1.000"
X-4536,LAMC2,3918.0,MutNovel,"S773N,0.533"
X-4536,LILRB4,11006.0,MutNovel,"G381R,1.000"
X-4536,LOC100132247,100132247.0,MutNovel,"V1048M,1.000"
X-4536,LOC100132247,100132247.0,MutNovel,"V1077M,0.727"
X-4536,LOC100996358,,MutNovel,"D75E,0.443"
X-4536,LOC100996693,,MutNovel,"V109S,0.533"
X-4536,LRRC56,115399.0,MutNovel,"R244W,0.267"
X-4536,LSR,51599.0,MutNovel,"G518GR,0.495"
X-4536,LUZP1,7798.0,MutNovel,"G380R,0.407"
X-4536,LYPD6B,130576.0,MutNovel,"A47L,0.500"
X-4536,MAP3K4,4216.0,MutNovel,"PA1189P,1.000"
X-4536,MAST2,23139.0,MutNovel,"P12S,1.000"
X-4536,MCF2L,23263.0,MutNovel,"E463Q,0.458"
X-4536,MCRS1,10445.0,MutNovel,"P126QPP,0.425"
X-4536,MED13,9969.0,MutNovel,"D1269G,0.585"
X-4536,MED15,51586.0,MutNovel,"-251Q,0.250"
X-4536,MEN1,4221.0,MutNovel,"R92G,0.416"
X-4536,MFHAS1,9258.0,MutNovel,"V575L,0.500"
X-4536,MIR205HG,642587.0,MutNovel,"A88V,0.400"
X-4536,MLL2,8085.0,MutNovel,"QQQQ3738Q,0.391"
X-4536,MLL2,8085.0,MutNovel,"E3237G,0.250"
X-4536,MLLT10,8028.0,MutNovel,"MK18M,0.500"
X-4536,MLST8,64223.0,MutNovel,"S183N,0.600"
X-4536,MMP17,4326.0,MutNovel,"T602M,0.280"
X-4536,MPG,4350.0,MutNovel,"V158M,0.458"
X-4536,MPRIP,23164.0,MutNovel,"TS178T,0.231"
X-4536,MRPS34,65993.0,MutNovel,"L25P,0.534"
X-4536,MUC20,200958.0,MutNovel,"T331I,0.422"
X-4536,MUC6,4588.0,MutNovel,"P1971L,0.375"
X-4536,MYBBP1A,10514.0,MutNovel,"Q909P,0.490"
X-4536,MYO5B,4645.0,MutNovel,"S1626R,0.477"
X-4536,MYSM1,114803.0,MutNovel,"L217S,0.750"
X-4536,N4BP3,23138.0,MutNovel,"QRRLRKEL330Q,0.246"
X-4536,NBPF12,,MutNovel,"I338L,0.667"
X-4536,NCOA3,8202.0,MutNovel,"Q1255-,0.750"
X-4536,NCOR2,9612.0,MutNovel,"G1839GAAA,1.000"
X-4536,NDUFB1,4707.0,MutNovel,"P31S,0.525"
X-4536,NHLRC2,374354.0,MutKnownFunctional,"G625*,0.556"
X-4536,NKD2,85409.0,MutNovel,"HH439-,0.426"
X-4536,NNT,23530.0,MutNovel,"R959W,0.367"
X-4536,NOTCH1,4851.0,MutNovel,"A683T,0.475"
X-4536,NOXA1,10811.0,MutKnownFunctional,"-251,0.211"
X-4536,NR1H2,7376.0,MutNovel,"-173Q,0.500"
X-4536,NUP93,9688.0,MutNovel,"T367M,0.410"
X-4536,ORAI1,84876.0,MutNovel,"PP43-,1.000"
X-4536,OSBPL11,114885.0,MutNovel,"G496E,0.667"
X-4536,PABPC3,5042.0,MutNovel,"P191T,1.000"
X-4536,PABPC3,5042.0,MutNovel,"F335V,0.400"
X-4536,PDE4D,5144.0,MutNovel,"Q771E,0.462"
X-4536,PHACTR4,65979.0,MutKnownFunctional,"-61?,0.368"
X-4536,PHLDA1,22822.0,MutNovel,"QQ194Q,1.000"
X-4536,PIGN,23556.0,MutNovel,"H153R,0.488"
X-4536,PIK3C3,5289.0,MutNovel,"Q643K,0.500"
X-4536,PITRM1,10531.0,MutNovel,"A911T,0.406"
X-4536,PLEKHM2,23207.0,MutNovel,"R354H,0.511"
X-4536,PLOD3,8985.0,MutNovel,"S209C,0.431"
X-4536,POGZ,23126.0,MutNovel,"PGSTMPVRP214P,0.390"
X-4536,POLR2A,5430.0,MutNovel,"V1374M,0.527"
X-4536,POTEI,,MutNovel,"A814V,1.000"
X-4536,PPM1A,5494.0,MutNovel,"K376N,0.420"
X-4536,PPP1R13L,10848.0,MutNovel,"P355L,0.611"
X-4536,PPRC1,23082.0,MutNovel,"T942M,0.393"
X-4536,PRDM4,11108.0,MutNovel,"K560R,0.446"
X-4536,PRKCZ,5590.0,MutNovel,"M188R,0.468"
X-4536,PRRC2C,23215.0,MutNovel,"R1699G,0.521"
X-4536,PTK2,5747.0,MutNovel,"DKG307G,0.357"
X-4536,R3HCC1L,,MutNovel,"M17V,0.368"
X-4536,RALGAPA2,57186.0,MutNovel,"I85V,0.500"
X-4536,RAVER1,125950.0,MutNovel,"G695D,0.512"
X-4536,RBFOX2,23543.0,MutNovel,"P99S,0.538"
X-4536,RBM39,9584.0,MutNovel,"D331H,0.474"
X-4536,RETSAT,54884.0,MutNovel,"E473-,0.468"
X-4536,RFT1,91869.0,MutNovel,"L20R,0.208"
X-4536,RGL3,57139.0,MutNovel,"S136T,0.373"
X-4536,RHOBTB2,23221.0,MutNovel,"R56H,0.747"
X-4536,RIN3,79890.0,MutNovel,"G967-,0.448"
X-4536,RNASEH2B,79621.0,MutNovel,"K275R,0.507"
X-4536,RNF44,22838.0,MutNovel,"G78R,0.589"
X-4536,RPL26,6154.0,MutNovel,"V55F,0.430"
X-4536,RRP15,51018.0,MutNovel,"K156N,0.434"
X-4536,RSC1A1,6248.0,MutNovel,"A370G,0.381"
X-4536,SASS6,163786.0,MutNovel,"E370D,0.462"
X-4536,SCNN1B,6338.0,MutNovel,"W529S,0.425"
X-4536,SCUBE2,57758.0,MutNovel,"L25P,0.355"
X-4536,SCUBE2,57758.0,MutNovel,"LP22P,1.000"
X-4536,SCUBE2,57758.0,MutNovel,"L22P,0.417"
X-4536,SEC16A,9919.0,MutNovel,"P1670R,0.532"
X-4536,SEMA6A,57556.0,MutNovel,"P364H,0.531"
X-4536,SERINC2,347735.0,MutNovel,"-373Q,1.000"
X-4536,SFT2D1,113402.0,MutNovel,"S139G,0.464"
X-4536,SH3RF1,57630.0,MutNovel,"S102G,0.343"
X-4536,SH3TC1,54436.0,MutNovel,"V603A,0.431"
X-4536,SHPRH,257218.0,MutNovel,"I198M,0.429"
X-4536,SIPA1L3,23094.0,MutNovel,"V297A,0.480"
X-4536,SLC1A5,6510.0,MutNovel,"R246Q,0.498"
X-4536,SLC22A18AS,5003.0,MutNovel,"P222L,0.667"
X-4536,SLC22A18AS,5003.0,MutNovel,"T200I,0.625"
X-4536,SLC25A17,10478.0,MutNovel,"Q224K,0.424"
X-4536,SLC25A36,55186.0,MutNovel,"A54T,0.500"
X-4536,SMCHD1,23347.0,MutNovel,"D88G,0.750"
X-4536,SMG8,55181.0,MutNovel,"CT359WP,0.521"
X-4536,SOCS3,9021.0,MutNovel,"T208S,0.517"
X-4536,SREK1,140890.0,MutNovel,"T116A,0.465"
X-4536,SRF,6722.0,MutNovel,"D223N,0.508"
X-4536,SSB,6741.0,MutNovel,"K341N,0.531"
X-4536,SSH2,85464.0,MutNovel,"E880Q,0.308"
X-4536,STK10,6793.0,MutNovel,"V331M,0.485"
X-4536,SYNJ1,8867.0,MutNovel,"G449D,0.800"
X-4536,SYT8,90019.0,MutNovel,"S131N,0.554"
X-4536,TAF4,6874.0,MutNovel,"I1064T,0.471"
X-4536,TBC1D12,23232.0,MutNovel,"E211K,0.500"
X-4536,TBP,6908.0,MutNovel,"-64Q,1.000"
X-4536,TECPR2,9895.0,MutNovel,"S1394I,0.652"
X-4536,TIGD5,84948.0,MutNovel,"E189K,0.829"
X-4536,TMEM184A,202915.0,MutNovel,"G392GA,0.266"
X-4536,TMEM70,54968.0,MutNovel,"R229H,0.568"
X-4536,TNFRSF21,27242.0,MutNovel,"H341R,0.528"
X-4536,TNRC6B,23112.0,MutNovel,"G1258E,0.407"
X-4536,TRAPPC10,7109.0,MutNovel,"S632N,0.440"
X-4536,TSPYL1,7259.0,MutNovel,"V176VW,0.507"
X-4536,TTC3,7267.0,MutNovel,"P1332L,0.466"
X-4536,TUBA1A,7846.0,MutNovel,"F244C,0.289"
X-4536,TWISTNB,221830.0,MutKnownFunctional,"-308,0.400"
X-4536,UBC,7316.0,MutNovel,"P627A,0.410"
X-4536,UBE4A,9354.0,MutNovel,"R836C,0.456"
X-4536,UBR7,55148.0,MutNovel,"R10Q,0.308"
X-4536,UPK3B,80761.0,MutNovel,"R284Q,0.465"
X-4536,USP40,55230.0,MutNovel,"V873I,0.519"
X-4536,USP8,9101.0,MutNovel,"Q532H,0.584"
X-4536,UTP20,27340.0,MutNovel,"L1409F,0.529"
X-4536,UTY,7404.0,MutNovel,"GG1059VR,0.231"
X-4536,UTY,7404.0,MutNovel,"S1058D,0.231"
X-4536,UTY,7404.0,MutNovel,"LL1055GL,0.214"
X-4536,UTY,7404.0,MutNovel,"C1052P,0.214"
X-4536,UTY,7404.0,MutNovel,"QA1050RL,0.231"
X-4536,UTY,7404.0,MutNovel,"W352R,0.650"
X-4536,UTY,7404.0,MutNovel,"A351E,0.750"
X-4536,UTY,7404.0,MutKnownFunctional,"A350*,0.765"
X-4536,UTY,7404.0,MutKnownFunctional,"AA349A*,0.765"
X-4536,UTY,7404.0,MutNovel,"HA348PT,0.722"
X-4536,UTY,7404.0,MutNovel,"YI338SV,0.583"
X-4536,UTY,7404.0,MutNovel,"E312D,0.500"
X-4536,UTY,7404.0,MutNovel,"K310R,0.500"
X-4536,UTY,7404.0,MutNovel,"F301V,0.429"
X-4536,UTY,7404.0,MutNovel,"KA259VS,0.375"
X-4536,UTY,7404.0,MutNovel,"D258P,0.375"
X-4536,UTY,7404.0,MutNovel,"VG256WR,0.375"
X-4536,UTY,7404.0,MutNovel,"DL254VA,0.375"
X-4536,UTY,7404.0,MutNovel,"M253L,0.333"
X-4536,UTY,7404.0,MutNovel,"HN251QR,0.500"
X-4536,UTY,7404.0,MutNovel,"HH250RS,0.333"
X-4536,UTY,7404.0,MutNovel,"MH249KD,0.333"
X-4536,UTY,7404.0,MutNovel,"KA239NQ,0.286"
X-4536,UTY,7404.0,MutNovel,"VK238DL,0.250"
X-4536,UTY,7404.0,MutNovel,"V238L,0.267"
X-4536,UTY,7404.0,MutNovel,"A236L,0.267"
X-4536,UTY,7404.0,MutNovel,"NL233KS,0.250"
X-4536,UTY,7404.0,MutNovel,"E232L,0.235"
X-4536,UTY,7404.0,MutNovel,"QT230PE,0.294"
X-4536,UTY,7404.0,MutNovel,"LQ229NK,0.235"
X-4536,UTY,7404.0,MutNovel,"L228R,0.235"
X-4536,UTY,7404.0,MutNovel,"EQ226FK,0.235"
X-4536,UTY,7404.0,MutNovel,"Y225M,0.235"
X-4536,UTY,7404.0,MutNovel,"A224L,0.235"
X-4536,UTY,7404.0,MutNovel,"E203G,0.250"
X-4536,UTY,7404.0,MutNovel,"V156E,0.667"
X-4536,UTY,7404.0,MutNovel,"F129V,1.000"
X-4536,UTY,7404.0,MutNovel,"A127T,0.667"
X-4536,UTY,7404.0,MutNovel,"WK124CW,0.500"
X-4536,UTY,7404.0,MutNovel,"Y116H,0.429"
X-4536,UTY,7404.0,MutNovel,"VR74GG,0.333"
X-4536,UTY,7404.0,MutNovel,"AL45RI,0.471"
X-4536,UTY,7404.0,MutNovel,"RE43IL,0.500"
X-4536,UTY,7404.0,MutNovel,"T39C,0.412"
X-4536,UTY,7404.0,MutNovel,"L38W,0.286"
X-4536,UTY,7404.0,MutNovel,"SL37IL,0.471"
X-4536,UTY,7404.0,MutNovel,"V36T,0.250"
X-4536,UTY,7404.0,MutNovel,"E34G,0.231"
X-4536,UTY,7404.0,MutKnownFunctional,"EE32E*,0.250"
X-4536,UTY,7404.0,MutNovel,"S31D,0.250"
X-4536,UTY,7404.0,MutNovel,"R29L,0.429"
X-4536,UTY,7404.0,MutNovel,"S28A,0.214"
X-4536,UTY,7404.0,MutKnownFunctional,"AS27*G,0.375"
X-4536,UTY,7404.0,MutNovel,"MA22IK,0.294"
X-4536,UTY,7404.0,MutNovel,"KM21TL,0.263"
X-4536,UTY,7404.0,MutNovel,"K20T,0.235"
X-4536,UVSSA,,MutNovel,"L227F,0.500"
X-4536,VPRBP,9730.0,MutNovel,"E1413Q,0.639"
X-4536,VPS13A,23230.0,MutNovel,"Y922H,0.421"
X-4536,VRK3,51231.0,MutNovel,"S92P,0.411"
X-4536,WDR5B,54554.0,MutNovel,"S95Y,0.390"
X-4536,WDR6,11180.0,MutNovel,"L923F,0.427"
X-4536,WDR90,197335.0,MutNovel,"G635S,0.500"
X-4536,WRNIP1,56897.0,MutNovel,"GDGD170-,0.294"
X-4536,YY1,7528.0,MutNovel,"GHHH69G,0.429"
X-4536,ZFP161,7541.0,MutNovel,"E352K,0.355"
X-4536,ZFYVE21,79038.0,MutNovel,"T211M,0.541"
X-4536,ZNF193,7746.0,MutNovel,"T71P,0.478"
X-4536,ZNF219,51222.0,MutNovel,"QPP233P,0.493"
X-4536,ZNF266,10781.0,MutNovel,"C326F,0.308"
X-4536,ZNF302,55900.0,MutNovel,"C318S,0.577"
X-4536,ZNF384,171017.0,MutNovel,"QQ514Q,0.222"
X-4536,ZNF446,55663.0,MutNovel,"G401E,0.532"
X-4536,ZNF610,162963.0,MutNovel,"Y179H,0.400"
X-4536,ZNRF3,84133.0,MutNovel,"A430T,0.500"
X-5374,ABI1,10006.0,MutNovel,"S183C,0.484"
X-5374,ACTR10,55860.0,MutNovel,"R371H,0.329"
X-5374,AGAP8,728404.0,MutNovel,"G601S,1.000"
X-5374,AKAP1,8165.0,MutNovel,"L587F,0.699"
X-5374,AKNA,80709.0,MutNovel,"A230V,0.476"
X-5374,AMELY,266.0,Del0.8,0.37
X-5374,ANKRD16,54522.0,MutNovel,"E253K,0.338"
X-5374,ANKRD20A1,,MutNovel,"V295I,1.000"
X-5374,ANKRD20A1,,MutNovel,"N322D,1.000"
X-5374,ANKRD36,375248.0,MutNovel,"T998S,0.267"
X-5374,ANPEP,290.0,MutNovel,"R442C,0.364"
X-5374,ARHGAP23,57636.0,MutNovel,"R632C,0.364"
X-5374,ASB16,92591.0,MutNovel,"A316V,0.737"
X-5374,ATXN7,6314.0,MutNovel,"N848S,1.000"
X-5374,B3GALNT2,148789.0,MutNovel,"D392H,0.333"
X-5374,BAHCC1,57597.0,MutNovel,"G1532A,0.423"
X-5374,BCL6B,255877.0,MutNovel,"V349A,1.000"
X-5374,BCORP1,286554.0,Del0.8,0.35
X-5374,BPY2B,442867.0,Del0.8,0.21
X-5374,BPY2B,442867.0,Del0.8,0.21
X-5374,BRI3BP,140707.0,MutNovel,"G211GPSN,0.214"
X-5374,C14orf101,54916.0,MutNovel,"G50R,0.909"
X-5374,C17orf53,78995.0,MutNovel,"H571R,0.633"
X-5374,C17orf70,80233.0,MutNovel,"P387L,0.564"
X-5374,C17orf97,400566.0,MutNovel,"E260K,1.000"
X-5374,C1orf228,339541.0,MutNovel,"R324H,0.500"
X-5374,C3orf67,200844.0,MutNovel,"E159K,1.000"
X-5374,C5orf65,389333.0,MutNovel,"S260R,1.000"
X-5374,C6orf223,221416.0,MutNovel,"AA124-,0.500"
X-5374,CASKIN1,57524.0,MutNovel,"A1006T,0.500"
X-5374,CBFB,865.0,MutNovel,"W113C,0.489"
X-5374,CCDC15,80071.0,MutNovel,"H82Q,0.375"
X-5374,CCDC66,285331.0,MutNovel,"S606SP,1.000"
X-5374,CD55,1604.0,MutNovel,"T307I,0.505"
X-5374,CDC42EP1,11135.0,MutNovel,"PAPAANPS253P,0.261"
X-5374,CDK1,983.0,MutNovel,"F82L,0.291"
X-5374,CDK5RAP3,80279.0,MutNovel,"V207M,0.420"
X-5374,CDY1B,253175.0,Del0.8,0.21
X-5374,CDY1B,253175.0,Del0.8,0.21
X-5374,CDY2A,9426.0,Del0.8,0.2
X-5374,CDY2A,9426.0,Del0.8,0.2
X-5374,CDY2B,203611.0,Del0.8,0.2
X-5374,CDY2B,203611.0,Del0.8,0.2
X-5374,CEL,1056.0,MutNovel,"I488T,0.857"
X-5374,CEP350,9857.0,MutNovel,"R1344H,0.412"
X-5374,CEP78,84131.0,MutNovel,"V426L,0.367"
X-5374,CFHR3,10878.0,MutNovel,"NS108KS,1.000"
X-5374,CFHR3,10878.0,MutNovel,"E111D,1.000"
X-5374,CFHR3,10878.0,MutNovel,"G119A,0.667"
X-5374,CHM,1121.0,MutNovel,"K248T,1.000"
X-5374,CHP1,,MutNovel,"R81C,0.364"
X-5374,CHST15,51363.0,MutKnownFunctional,"-456,1.000"
X-5374,CLPX,10845.0,MutNovel,"F533V,0.672"
X-5374,COL27A1,85301.0,MutNovel,"R986W,0.485"
X-5374,CRIPAK,285464.0,MutNovel,"P173R,0.220"
X-5374,CROT,54677.0,MutNovel,"L20F,0.475"
X-5374,CSE1L,1434.0,MutNovel,"N41K,0.777"
X-5374,CSPG4P1Y,114758.0,Del0.8,0.21
X-5374,CSPG4P1Y,114758.0,Del0.8,0.21
X-5374,CTAGE4,100128553.0,Amp5,6.92
X-5374,CTIF,9811.0,MutNovel,"G335R,1.000"
X-5374,CTSA,5476.0,MutNovel,"L29-,0.589"
X-5374,CYS1,192668.0,MutNovel,"R35L,0.769"
X-5374,DAZ1,1617.0,Del0.8,0.21
X-5374,DAZ2,57055.0,Del0.8,0.21
X-5374,DAZ3,57054.0,Del0.8,0.21
X-5374,DAZ3,57054.0,Del0.8,0.21
X-5374,DAZ4,57135.0,Del0.8,0.21
X-5374,DAZ4,57135.0,Del0.8,0.21
X-5374,DCBLD1,285761.0,MutNovel,"T457R,0.483"
X-5374,DCPS,28960.0,MutNovel,"S72SGD,0.429"
X-5374,DDX3Y,8653.0,Del0.8,0.36
X-5374,DERL2,51009.0,MutNovel,"S17R,1.000"
X-5374,DIAPH1,1729.0,MutNovel,"P703A,0.923"
X-5374,DOCK5,80005.0,MutNovel,"H899Q,0.421"
X-5374,E4F1,1877.0,MutNovel,"P419L,0.337"
X-5374,EIF1AY,9086.0,Del0.8,0.35
X-5374,EP400,57634.0,MutNovel,"-2728QQ,0.800"
X-5374,EPHA2,1969.0,MutNovel,"E403K,0.218"
X-5374,EPHA6,285220.0,MutNovel,"P69T,0.295"
X-5374,EPHA6,285220.0,MutNovel,"K577E,0.231"
X-5374,ERVV-1,147664.0,MutKnownFunctional,"-261?,0.455"
X-5374,FAM106A,80039.0,Del0.8,0.5
X-5374,FAM153A,285596.0,MutNovel,"C44R,1.000"
X-5374,FAM153B,202134.0,MutNovel,"I107T,1.000"
X-5374,FAM197Y2P,252946.0,Del0.8,0.33
X-5374,FAM214B,80256.0,MutNovel,"R504C,0.522"
X-5374,FAM41AY1,340618.0,Del0.8,0.2
X-5374,FAM41AY1,340618.0,Del0.8,0.2
X-5374,FAN1,22909.0,MutNovel,"T278S,0.292"
X-5374,FARP1,10160.0,MutNovel,"V347I,0.977"
X-5374,FBLN1,2192.0,MutNovel,"E416K,0.624"
X-5374,FRMD6,122786.0,MutNovel,"D444G,0.611"
X-5374,FUS,2521.0,MutNovel,"GG223-,0.607"
X-5374,GALNT2,2590.0,MutNovel,"V16L,0.432"
X-5374,GIGYF2,26058.0,MutNovel,"PQ1231P,0.213"
X-5374,GNA14,9630.0,MutNovel,"L25F,1.000"
X-5374,GOLGA2P2Y,84559.0,Del0.8,0.21
X-5374,GOLGA2P2Y,84559.0,Del0.8,0.21
X-5374,GOLGA6L2,,MutNovel,"N54H,1.000"
X-5374,GOLGA8J,,MutNovel,"R331H,0.833"
X-5374,GOLGA8J,,MutNovel,"R473H,1.000"
X-5374,GSTT1,2952.0,Del0.8,0.55
X-5374,GSTTP2,653399.0,Del0.8,0.8
X-5374,GYG2P1,352887.0,Del0.8,0.36
X-5374,HIF3A,64344.0,MutNovel,"P626S,0.562"
X-5374,HLA-DPB1,3115.0,MutNovel,"F74Y,0.800"
X-5374,HLA-DPB1,3115.0,MutNovel,"Y87H,0.667"
X-5374,HSFY2,159119.0,Del0.8,0.2
X-5374,HSFY2,159119.0,Del0.8,0.2
X-5374,HSPG2,3339.0,MutKnownFunctional,"R502*,0.500"
X-5374,IGF2R,3482.0,MutNovel,"C1646Y,0.417"
X-5374,IGSF8,93185.0,MutNovel,"R337C,0.638"
X-5374,ITGA3,3675.0,MutNovel,"N167S,0.592"
X-5374,ITGB3,3690.0,MutNovel,"P433A,0.846"
X-5374,KCP,375616.0,MutNovel,"P1136S,0.506"
X-5374,KDM5D,8284.0,Del0.8,0.35
X-5374,KIAA1009,22832.0,MutKnownFunctional,"Q1256*,0.208"
X-5374,KIAA1324L,222223.0,MutNovel,"E111K,0.632"
X-5374,KIAA1407,57577.0,MutKnownFunctional,"-415,0.710"
X-5374,KIAA1586,57691.0,MutKnownFunctional,"-696,0.778"
X-5374,KIAA1731,85459.0,MutNovel,"K1517E,0.229"
X-5374,KIF22,3835.0,MutNovel,"L429R,0.527"
X-5374,KIF27,55582.0,MutKnownFunctional,"-726?,0.278"
X-5374,LGALS9C,654346.0,Del0.8,0.5
X-5374,LIN7B,64130.0,MutNovel,"R121Q,0.275"
X-5374,LOC100132859,,MutNovel,"A52T,1.000"
X-5374,LOC100132859,,MutKnownFunctional,"R55*,1.000"
X-5374,LOC100505679,100505679.0,Del0.8,0.78
X-5374,LOC100652741,,MutNovel,"G213S,0.235"
X-5374,LOC100996607,,MutNovel,"G457R,1.000"
X-5374,LOC388152,388152.0,Del0.8,0.78
X-5374,LOC391322,391322.0,Del0.8,0.55
X-5374,LOC440300,440300.0,Del0.8,0.78
X-5374,LOC642799,,MutNovel,"H146Q,0.750"
X-5374,LOC653720,,MutNovel,"E380Q,1.000"
X-5374,LOC653720,,MutKnownFunctional,"W154*,1.000"
X-5374,LOC728377,728377.0,Amp5,6.92
X-5374,LOC728888,,MutKnownFunctional,"S874*,0.357"
X-5374,LRRC8A,56262.0,MutNovel,"R492H,0.422"
X-5374,MAFA,389692.0,MutNovel,"G347C,1.000"
X-5374,MAGI1,9223.0,MutNovel,"E401D,0.571"
X-5374,MAML2,84441.0,MutNovel,"M393V,0.438"
X-5374,MAN2C1,4123.0,MutNovel,"V627I,0.313"
X-5374,MAP1B,4131.0,MutNovel,"D1935G,0.879"
X-5374,MEF2A,4205.0,MutNovel,"Q412-,0.263"
X-5374,MEGF8,1954.0,MutNovel,"G289S,0.780"
X-5374,MEOX2,4223.0,MutNovel,"HH76H,0.507"
X-5374,METTL18,92342.0,MutNovel,"Y218C,0.657"
X-5374,MFAP3,4238.0,MutNovel,"I130F,0.213"
X-5374,MFNG,4242.0,MutNovel,"G290S,0.750"
X-5374,MIER2,54531.0,MutKnownFunctional,"SE534S*,0.384"
X-5374,MLL3,58508.0,MutNovel,"L596V,0.667"
X-5374,MOCS3,27304.0,MutNovel,"H75L,0.773"
X-5374,MPRIP,23164.0,MutNovel,"TS178T,1.000"
X-5374,MRPL38,64978.0,MutNovel,"E227K,0.671"
X-5374,MRPL46,26589.0,MutNovel,"G228R,0.668"
X-5374,MTCH1,23787.0,MutNovel,"A16V,0.471"
X-5374,MTF1,4520.0,MutNovel,"T394I,0.857"
X-5374,MYO1G,64005.0,MutNovel,"R880H,0.738"
X-5374,MYO9B,4650.0,MutNovel,"T2145A,0.701"
X-5374,NBPF1,55672.0,MutNovel,"A29P,0.222"
X-5374,NCOR2,9612.0,MutNovel,"G1839GAAA,1.000"
X-5374,NCOR2,9612.0,MutNovel,"-511S,0.963"
X-5374,NCRNA00185,55410.0,Del0.8,0.35
X-5374,NEK3,4752.0,MutNovel,"A18V,1.000"
X-5374,NIN,51199.0,MutNovel,"T662M,0.407"
X-5374,NLGN4Y,22829.0,Del0.8,0.36
X-5374,NR2E1,7101.0,MutNovel,"S158N,0.740"
X-5374,NRG2,9542.0,MutNovel,"G675GPG,0.909"
X-5374,NUPR1L,,MutNovel,"M92L,1.000"
X-5374,OIP5,11339.0,MutNovel,"R17Q,0.593"
X-5374,OR2A42,402317.0,Amp5,6.92
X-5374,OR2A42,402317.0,Amp5,6.92
X-5374,OR2A7,401427.0,Amp5,6.92
X-5374,OR2A9P,441295.0,Amp5,6.92
X-5374,OR2A9P,441295.0,Amp5,6.92
X-5374,ORAI1,84876.0,MutNovel,"PP43-,1.000"
X-5374,PABPC3,5042.0,MutKnownFunctional,"-239,0.545"
X-5374,PARP1,142.0,MutNovel,"A278S,0.376"
X-5374,PBRM1,55193.0,MutNovel,"V1139D,1.000"
X-5374,PCDH11Y,83259.0,Del0.8,0.47
X-5374,PCDHB4,56131.0,MutNovel,"G531S,0.583"
X-5374,PCF11,51585.0,MutNovel,"T628A,0.496"
X-5374,PCNT,5116.0,MutNovel,"P2274S,0.511"
X-5374,PDK2,5164.0,MutNovel,"D355N,0.740"
X-5374,PHLDA1,22822.0,MutNovel,"QQ194Q,1.000"
X-5374,PIH1D1,55011.0,MutNovel,"V245M,0.615"
X-5374,PLCD4,84812.0,MutNovel,"R549L,0.354"
X-5374,PLIN2,123.0,MutNovel,"P74R,0.453"
X-5374,PLIN4,729359.0,MutNovel,"N827K,0.250"
X-5374,PLSCR3,57048.0,MutNovel,"P47T,0.991"
X-5374,PPAP2B,8613.0,MutNovel,"T117M,0.575"
X-5374,PRIC285,85441.0,MutNovel,"E2013K,0.425"
X-5374,PRKY,5616.0,Del0.8,0.37
X-5374,PRY,9081.0,Del0.8,0.21
X-5374,PRY,9081.0,Del0.8,0.35
X-5374,PRY2,442862.0,Del0.8,0.21
X-5374,PRY2,442862.0,Del0.8,0.35
X-5374,PTEN,5728.0,MutLikelyFunctional,"-138,1.000"
X-5374,PTGES,9536.0,MutNovel,"P56R,0.514"
X-5374,PTGIS,5740.0,MutNovel,"E161K,0.996"
X-5374,PTPN3,5774.0,MutNovel,"E777K,0.503"
X-5374,PTPRB,5787.0,MutNovel,"R1100C,0.474"
X-5374,PTPRO,5800.0,MutNovel,"D285H,0.396"
X-5374,RBMY1A3P,286557.0,Del0.8,0.33
X-5374,RBMY1B,378948.0,Del0.8,0.35
X-5374,RBMY1B,378948.0,Del0.8,0.35
X-5374,RBMY1E,378950.0,Del0.8,0.35
X-5374,RBMY1E,378950.0,Del0.8,0.35
X-5374,RBMY1F,159163.0,Del0.8,0.27
X-5374,RBMY1F,159163.0,Del0.8,0.35
X-5374,RBMY1J,378951.0,Del0.8,0.21
X-5374,RBMY1J,378951.0,Del0.8,0.35
X-5374,RBMY2EP,159125.0,Del0.8,0.35
X-5374,RBMY2FP,159162.0,Del0.8,0.35
X-5374,RBMY3AP,64593.0,Del0.8,0.36
X-5374,RIN3,79890.0,MutNovel,"G967-,0.786"
X-5374,RNF169,254225.0,MutNovel,"P75S,0.667"
X-5374,ROM1,6094.0,MutNovel,"P60T,0.489"
X-5374,RPS4Y1,6192.0,Del0.8,0.47
X-5374,RPS4Y2,140032.0,Del0.8,0.35
X-5374,SALL1,6299.0,MutNovel,"S159-,0.391"
X-5374,SCAPER,49855.0,Del0.8,0.76
X-5374,SCARA3,51435.0,MutNovel,"T247A,0.278"
X-5374,SECISBP2,79048.0,MutNovel,"A805V,0.493"
X-5374,SERINC2,347735.0,MutNovel,"-373Q,1.000"
X-5374,SETD2,29072.0,Del0.8,0.5
X-5374,SH3BP1,23616.0,MutNovel,"K70T,0.269"
X-5374,SHF,90525.0,MutNovel,"S273N,0.500"
X-5374,SHF,90525.0,MutNovel,"P270S,0.500"
X-5374,SLC28A1,9154.0,MutNovel,"L140LV,0.500"
X-5374,SLC37A1,54020.0,MutNovel,"N356H,0.435"
X-5374,SMO,6608.0,MutNovel,"G16GL,0.375"
X-5374,SMTN,6525.0,MutNovel,"E276K,0.638"
X-5374,SPATA13,221178.0,MutNovel,"A1175V,0.971"
X-5374,SPATA2,9825.0,MutNovel,"G426R,0.339"
X-5374,SRY,6736.0,Del0.8,0.47
X-5374,SUV420H2,84787.0,MutNovel,"Q388E,0.627"
X-5374,SYT13,57586.0,MutNovel,"C388Y,0.733"
X-5374,TBC1D2,55357.0,MutNovel,"E921K,0.448"
X-5374,TBL1Y,90665.0,Del0.8,0.37
X-5374,TBP,6908.0,MutNovel,"-64Q,1.000"
X-5374,TECPR2,9895.0,MutNovel,"S1129Y,0.548"
X-5374,TGIF2LY,90655.0,Del0.8,0.47
X-5374,THBS1,7057.0,MutNovel,"Y729D,0.382"
X-5374,TLK2,11011.0,MutNovel,"R262Q,0.235"
X-5374,TMBIM4,51643.0,MutKnownFunctional,"-174?,0.879"
X-5374,TMEM132B,114795.0,MutNovel,"T656A,0.600"
X-5374,TMEM184A,202915.0,MutNovel,"E403Q,0.514"
X-5374,TMEM199,147007.0,MutNovel,"L208V,0.446"
X-5374,TMSB4Y,9087.0,Del0.8,0.36
X-5374,TNC,3371.0,MutNovel,"E810Q,0.441"
X-5374,TP53,7157.0,MutNovel,"C135S,0.991"
X-5374,TP53BP1,7158.0,MutNovel,"G1565R,0.422"
X-5374,TPP2,7174.0,MutNovel,"A766V,1.000"
X-5374,TPST2,8459.0,MutNovel,"R63H,0.647"
X-5374,TRIM66,9866.0,MutNovel,"P483L,0.214"
X-5374,TRMT44,,MutKnownFunctional,"Q67*,0.500"
X-5374,TSPY1,7258.0,Del0.8,0.33
X-5374,TSPY2,64591.0,Del0.8,0.47
X-5374,TSPY3,728137.0,Del0.8,0.21
X-5374,TSPY4,728395.0,Del0.8,0.24
X-5374,TSPY8,728403.0,Del0.8,0.33
X-5374,TSPYL1,7259.0,MutNovel,"V176VW,0.494"
X-5374,TTTY10,246119.0,Del0.8,0.35
X-5374,TTTY11,83866.0,Del0.8,0.33
X-5374,TTTY12,83867.0,Del0.8,0.33
X-5374,TTTY13,83868.0,Del0.8,0.35
X-5374,TTTY14,83869.0,Del0.8,0.35
X-5374,TTTY15,64595.0,Del0.8,0.36
X-5374,TTTY16,252948.0,Del0.8,0.33
X-5374,TTTY17A,252949.0,Del0.8,0.21
X-5374,TTTY17A,252949.0,Del0.8,0.21
X-5374,TTTY18,252950.0,Del0.8,0.33
X-5374,TTTY19,252952.0,Del0.8,0.33
X-5374,TTTY1B,100101116.0,Del0.8,0.18
X-5374,TTTY1B,100101116.0,Del0.8,0.36
X-5374,TTTY2,60439.0,Del0.8,0.18
X-5374,TTTY2,60439.0,Del0.8,0.36
X-5374,TTTY20,252951.0,Del0.8,0.33
X-5374,TTTY21,252953.0,Del0.8,0.36
X-5374,TTTY21,252953.0,Del0.8,0.37
X-5374,TTTY22,252954.0,Del0.8,0.36
X-5374,TTTY23,252955.0,Del0.8,0.36
X-5374,TTTY23,252955.0,Del0.8,0.47
X-5374,TTTY3,114760.0,Del0.8,0.21
X-5374,TTTY3,114760.0,Del0.8,0.21
X-5374,TTTY4,114761.0,Del0.8,0.21
X-5374,TTTY4,114761.0,Del0.8,0.21
X-5374,TTTY5,83863.0,Del0.8,0.35
X-5374,TTTY6,84672.0,Del0.8,0.21
X-5374,TTTY6,84672.0,Del0.8,0.35
X-5374,TTTY7,246122.0,Del0.8,0.37
X-5374,TTTY7,246122.0,Del0.8,0.36
X-5374,TTTY7B,100101120.0,Del0.8,0.37
X-5374,TTTY7B,100101120.0,Del0.8,0.36
X-5374,TTTY8,84673.0,Del0.8,0.37
X-5374,TTTY8,84673.0,Del0.8,0.36
X-5374,TTTY9A,83864.0,Del0.8,0.2
X-5374,TTTY9A,83864.0,Del0.8,0.2
X-5374,TUSC1,286319.0,MutNovel,"-48A,0.443"
X-5374,TXLNG2P,246126.0,Del0.8,0.35
X-5374,UBAP2L,9898.0,MutNovel,"G189E,0.541"
X-5374,UNC45A,55898.0,MutNovel,"D627E,0.351"
X-5374,URB1,9875.0,MutNovel,"R1931K,0.356"
X-5374,USP32P2,220594.0,Del0.8,0.5
X-5374,USP5,8078.0,MutNovel,"E466K,0.509"
X-5374,USP9Y,8287.0,Del0.8,0.36
X-5374,UTY,7404.0,Del0.8,0.36
X-5374,VARS,7407.0,MutNovel,"V1040M,0.444"
X-5374,VCY,9084.0,Del0.8,0.36
X-5374,VCY,9084.0,Del0.8,0.36
X-5374,VPS41,27072.0,MutNovel,"D226G,0.247"
X-5374,WDR59,79726.0,MutNovel,"E824K,0.449"
X-5374,WDR81,124997.0,MutNovel,"L825F,1.000"
X-5374,XBP1,7494.0,MutNovel,"A5GP,0.631"
X-5374,XBP1,7494.0,MutNovel,"A5GP,0.631"
X-5374,XBP1,7494.0,MutNovel,"V4A,0.424"
X-5374,XKRY2,353515.0,Del0.8,0.2
X-5374,XKRY2,353515.0,Del0.8,0.2
X-5374,ZDHHC1,29800.0,MutNovel,"M86I,0.254"
X-5374,ZFHX3,463.0,MutNovel,"QQQ3202Q,0.421"
X-5374,ZFY,7544.0,Del0.8,0.47
X-5374,ZNF12,7559.0,MutNovel,"F446L,0.508"
X-5374,ZNF175,7728.0,MutNovel,"T330R,0.476"
X-5374,ZNF253,56242.0,MutNovel,"H302Q,0.700"
X-5374,ZNF384,171017.0,MutNovel,"QQ514Q,1.000"
X-5374,ZNF688,146542.0,MutNovel,"T163I,0.544"
X-5739,ACOT1,641371.0,Del0.8,0.51
X-5739,ACSM2A,123876.0,MutNovel,"N463D,1.000"
X-5739,ACSM2B,348158.0,MutNovel,"I96V,1.000"
X-5739,ADAM3A,1587.0,Del0.8,0.2
X-5739,ADAM5P,255926.0,Del0.8,0.45
X-5739,ADAMTS9,56999.0,MutNovel,"P1167S,1.000"
X-5739,ADCYAP1,116.0,Del0.8,0.75
X-5739,AHNAK2,113146.0,MutNovel,"S2042F,0.600"
X-5739,ALG1L2,644974.0,MutNovel,"I129T,1.000"
X-5739,ALG1L2,644974.0,MutNovel,"D147G,1.000"
X-5739,AMELY,266.0,Del0.8,0.25
X-5739,ANKRD12,23253.0,Del0.8,0.74
X-5739,ANKRD20A3,441425.0,MutNovel,"L73W,1.000"
X-5739,ANKRD36,375248.0,MutNovel,"T998S,0.234"
X-5739,APCDD1,147495.0,Del0.8,0.74
X-5739,APOLD1,81575.0,MutNovel,"E252Q,0.525"
X-5739,ARHGAP28,79822.0,Del0.8,0.75
X-5739,ARHGEF10,9639.0,MutNovel,"R338T,1.000"
X-5739,ARID2,196528.0,MutNovel,"V1469I,0.530"
X-5739,ATL1,51062.0,Del0.8,0.21
X-5739,ATM,472.0,MutNovel,"R805L,1.000"
X-5739,ATP1B2,482.0,Del0.8,0.69
X-5739,ATP2A1,487.0,MutNovel,"E121K,0.600"
X-5739,ATP5S,27109.0,Del0.8,0.23
X-5739,ATP6V1E1,529.0,Del0.8,0.76
X-5739,AVEN,57099.0,MutNovel,"GGGGG41G,0.529"
X-5739,B4GALNT4,338707.0,MutNovel,"F426Y,0.488"
X-5739,BAHCC1,57597.0,MutNovel,"A1805S,0.600"
X-5739,BAP1,8314.0,MutKnownFunctional,"-300,1.000"
X-5739,BARX1,56033.0,MutNovel,"A48T,0.667"
X-5739,BCAR1,9564.0,MutNovel,"E405K,1.000"
X-5739,BCL2L13,23786.0,Del0.8,0.76
X-5739,BCL9,607.0,MutNovel,"V1071M,0.417"
X-5739,BCORP1,286554.0,Del0.8,0.21
X-5739,BPY2B,442867.0,Del0.8,0.07
X-5739,BPY2B,442867.0,Del0.8,0.12
X-5739,C18orf42,642597.0,Del0.8,0.75
X-5739,C18orf56,494514.0,Del0.8,0.75
X-5739,C21orf56,84221.0,MutNovel,"G64R,1.000"
X-5739,C21orf58,54058.0,MutNovel,"H299PN,0.600"
X-5739,C2orf69,205327.0,MutNovel,"N200S,0.605"
X-5739,C3orf15,89876.0,MutNovel,"E491A,0.385"
X-5739,C6orf223,221416.0,MutNovel,"-124AA,0.228"
X-5739,CBX3P2,645158.0,Del0.8,0.75
X-5739,CCDC71L,168455.0,MutNovel,"P149S,0.788"
X-5739,CDCA7,83879.0,MutNovel,"R239Q,0.571"
X-5739,CDK1,983.0,MutNovel,"I142V,0.367"
X-5739,CDK5R2,8941.0,MutNovel,"A10V,1.000"
X-5739,CDKL1,8814.0,Del0.8,0.23
X-5739,CDKN2A,1029.0,Del0.8,0.64
X-5739,CDKN2B,1030.0,Del0.8,0.43
X-5739,CDY1B,253175.0,Del0.8,0.16
X-5739,CDY1B,253175.0,Del0.8,0.21
X-5739,CDY2A,9426.0,Del0.8,0.21
X-5739,CDY2A,9426.0,Del0.8,0.21
X-5739,CDY2B,203611.0,Del0.8,0.21
X-5739,CDY2B,203611.0,Del0.8,0.21
X-5739,CETN1,1068.0,Del0.8,0.75
X-5739,CHMP6,79643.0,MutNovel,"S175C,0.547"
X-5739,CHODL,140578.0,MutNovel,"I101L,0.778"
X-5739,CHST15,51363.0,MutKnownFunctional,"-456,1.000"
X-5739,CLUL1,27098.0,Del0.8,0.75
X-5739,CNTNAP3,79937.0,MutNovel,"A1230V,0.286"
X-5739,COLEC12,81035.0,Del0.8,0.75
X-5739,COPZ2,51226.0,MutKnownFunctional,"-6?,1.000"
X-5739,CREBL2,1389.0,MutNovel,"E95Q,0.374"
X-5739,CSPG4P1Y,114758.0,Del0.8,0.21
X-5739,CSPG4P1Y,114758.0,Del0.8,0.16
X-5739,CTAGE4,100128553.0,Amp5,5.62
X-5739,CTSA,5476.0,MutNovel,"L29-,0.503"
X-5739,CYP3A5,1577.0,MutNovel,"L453V,0.346"
X-5739,CYP3A5,1577.0,MutNovel,"R161M,0.579"
X-5739,DAZ1,1617.0,Del0.8,0.21
X-5739,DAZ2,57055.0,Del0.8,0.13
X-5739,DAZ3,57054.0,Del0.8,0.12
X-5739,DAZ3,57054.0,Del0.8,0.07
X-5739,DAZ4,57135.0,Del0.8,0.1
X-5739,DAZ4,57135.0,Del0.8,0.15
X-5739,DCDC5,100506627.0,MutNovel,"N363S,1.000"
X-5739,DDX10,1662.0,MutNovel,"G9A,1.000"
X-5739,DDX3Y,8653.0,Del0.8,0.21
X-5739,DDX58,23586.0,MutNovel,"N354S,1.000"
X-5739,DLAT,1737.0,MutNovel,"D371Y,1.000"
X-5739,DLGAP1,9229.0,Del0.8,0.75
X-5739,DNAH7,56171.0,MutKnownFunctional,"-2309?,0.556"
X-5739,DOCK10,55619.0,MutNovel,"Q1402H,1.000"
X-5739,DPP6,1804.0,MutNovel,"G64D,1.000"
X-5739,DPY19L1,23333.0,MutNovel,"S240C,0.701"
X-5739,DUOX1,53905.0,MutNovel,"R194G,0.286"
X-5739,EFR3B,22979.0,MutNovel,"A310V,1.000"
X-5739,EIF1AY,9086.0,Del0.8,0.21
X-5739,EME2,197342.0,MutKnownFunctional,"-54,0.268"
X-5739,EMILIN2,84034.0,Del0.8,0.75
X-5739,ENOSF1,55556.0,Del0.8,0.75
X-5739,EPB41L3,23136.0,Del0.8,0.75
X-5739,EPHA1,2041.0,MutNovel,"P697T,0.500"
X-5739,FAM117A,81558.0,MutNovel,"N266Y,0.583"
X-5739,FAM120C,54954.0,MutNovel,"P110RRP,1.000"
X-5739,FAM171B,165215.0,MutNovel,"-44Q,1.000"
X-5739,FAM18B2-CDRT4,100533496.0,MutNovel,"S135P,0.227"
X-5739,FAM197Y2P,252946.0,Del0.8,0.21
X-5739,FAM210A,125228.0,Del0.8,0.77
X-5739,FAM41AY1,340618.0,Del0.8,0.21
X-5739,FAM41AY1,340618.0,Del0.8,0.21
X-5739,FLJ35776,649446.0,Del0.8,0.75
X-5739,FLOT2,2319.0,MutNovel,"V183M,0.332"
X-5739,FOXD1,2297.0,MutNovel,"A83V,0.500"
X-5739,GBP2,2634.0,MutNovel,"K527N,0.453"
X-5739,GCC2,9648.0,MutNovel,"E626G,0.441"
X-5739,GGT2,,MutNovel,"P381L,1.000"
X-5739,GOLGA2P2Y,84559.0,Del0.8,0.21
X-5739,GOLGA2P2Y,84559.0,Del0.8,0.16
X-5739,GOLGA8H,,MutNovel,"P78L,0.750"
X-5739,GOLGA8H,,MutNovel,"L311V,1.000"
X-5739,GOLGA8J,,MutNovel,"R331H,1.000"
X-5739,GPRIN2,9721.0,MutNovel,"-238MRE,0.731"
X-5739,GTPBP6,8225.0,Amp8,12.73
X-5739,GUF1,60558.0,MutNovel,"P517L,0.331"
X-5739,GYG2P1,352887.0,Del0.8,0.21
X-5739,HBS1L,10767.0,MutNovel,"V506I,0.667"
X-5739,HCN2,610.0,MutNovel,"R76H,1.000"
X-5739,HDGFRP2,84717.0,MutNovel,"A238T,0.990"
X-5739,HIVEP1,3096.0,MutNovel,"Q2389E,0.582"
X-5739,HLA-DRB1,3123.0,MutNovel,"T210M,0.429"
X-5739,HSFY2,159119.0,Del0.8,0.21
X-5739,HSFY2,159119.0,Del0.8,0.21
X-5739,HSP90AA1,3320.0,Del0.8,0.74
X-5739,HSPA1B,3304.0,MutNovel,"F150I,0.667"
X-5739,IGSF8,93185.0,MutNovel,"R173C,0.557"
X-5739,ISCU,23479.0,MutNovel,"A4P,0.446"
X-5739,ITPK1,3705.0,Del0.8,0.77
X-5739,JMJD1C,221037.0,MutNovel,"I917V,0.702"
X-5739,KCNH3,23416.0,MutNovel,"G916S,0.514"
X-5739,KDM4A,9682.0,Del0.8,0.75
X-5739,KDM5D,8284.0,Del0.8,0.21
X-5739,KIAA1244,57221.0,MutNovel,"M1557V,0.650"
X-5739,KIF20B,9585.0,MutNovel,"L1062LKV,0.218"
X-5739,KLC4,89953.0,MutNovel,"T44I,0.611"
X-5739,KRBA1,84626.0,MutNovel,"E533Q,0.497"
X-5739,L2HGDH,79944.0,Del0.8,0.55
X-5739,L3MBTL4,91133.0,Del0.8,0.75
X-5739,LAD1,3898.0,MutNovel,"R35C,0.452"
X-5739,LAMA1,284217.0,Del0.8,0.75
X-5739,LCLAT1,253558.0,MutNovel,"R287Q,0.557"
X-5739,LINC00221,338005.0,Del0.8,0.72
X-5739,LINC00470,56651.0,Del0.8,0.75
X-5739,LINC00526,147525.0,Del0.8,0.75
X-5739,LLGL2,3993.0,MutNovel,"R658H,0.595"
X-5739,LOC100130480,100130480.0,Del0.8,0.75
X-5739,LOC100192426,100192426.0,Del0.8,0.73
X-5739,LOC100288122,100288122.0,Del0.8,0.77
X-5739,LOC100652740,,MutNovel,"P140H,0.818"
X-5739,LOC100652901,,MutNovel,"R116K,0.667"
X-5739,LOC100996470,,MutNovel,"H89N,1.000"
X-5739,LOC201477,201477.0,Del0.8,0.75
X-5739,LOC284215,284215.0,Del0.8,0.75
X-5739,LOC339290,339290.0,Del0.8,0.75
X-5739,LOC400643,400643.0,Del0.8,0.75
X-5739,LOC554223,554223.0,MutNovel,"R147E,0.308"
X-5739,LOC643699,,MutNovel,"R457W,0.286"
X-5739,LOC645355,645355.0,Del0.8,0.75
X-5739,LOC646021,,MutNovel,"H174Y,1.000"
X-5739,LOC727896,727896.0,Del0.8,0.75
X-5739,LOC728377,728377.0,Amp5,5.62
X-5739,LONP1,9361.0,MutNovel,"L24V,1.000"
X-5739,LPIN2,9663.0,Del0.8,0.75
X-5739,LRBA,987.0,MutNovel,"M759L,0.562"
X-5739,LRRC30,339291.0,Del0.8,0.75
X-5739,LRRK2,120892.0,MutNovel,"L1914H,0.453"
X-5739,LSR,51599.0,MutNovel,"G518GR,1.000"
X-5739,MAGEL2,54551.0,MutNovel,"Q525R,0.333"
X-5739,MAP3K4,4216.0,MutNovel,"PA1189P,1.000"
X-5739,MAP4K5,11183.0,Del0.8,0.29
X-5739,MC2R,4158.0,Del0.8,0.77
X-5739,MC5R,4161.0,Del0.8,0.77
X-5739,MDC1,9656.0,MutNovel,"N1233S,0.207"
X-5739,MED15,51586.0,MutNovel,"-251Q,0.217"
X-5739,MEF2D,4209.0,MutNovel,"R447H,0.603"
X-5739,MEPCE,56257.0,MutNovel,"P16R,0.492"
X-5739,METTL4,64863.0,Del0.8,0.75
X-5739,MICAL3,57553.0,MutNovel,"E116D,0.744"
X-5739,MIR3976,100616244.0,Del0.8,0.75
X-5739,MIR4317,100422840.0,Del0.8,0.75
X-5739,MIR4526,100616130.0,Del0.8,0.77
X-5739,MIR4708,100616176.0,Del0.8,0.77
X-5739,MPP1,4354.0,MutKnownFunctional,"Q408*,0.938"
X-5739,MPRIP,23164.0,MutNovel,"TS178T,1.000"
X-5739,MTX1,4580.0,MutNovel,"F351L,0.534"
X-5739,MXRA7,439921.0,MutNovel,"E36G,0.793"
X-5739,MYL12A,10627.0,Del0.8,0.75
X-5739,MYL12B,103910.0,Del0.8,0.75
X-5739,MYOM1,8736.0,Del0.8,0.75
X-5739,MZF1,7593.0,MutNovel,"F440I,0.650"
X-5739,NAPG,8774.0,Del0.8,0.74
X-5739,NBPF10,100132406.0,MutNovel,"E14A,0.261"
X-5739,NBPF10,100132406.0,MutNovel,"R36V,0.375"
X-5739,NCOR2,9612.0,MutNovel,"G1839GAAA,1.000"
X-5739,NCRNA00185,55410.0,Del0.8,0.21
X-5739,NDC80,10403.0,Del0.8,0.75
X-5739,NDUFV2,4729.0,Del0.8,0.74
X-5739,NFKB1,4790.0,MutNovel,"M133T,0.490"
X-5739,NLGN4Y,22829.0,Del0.8,0.21
X-5739,NOMO1,23420.0,MutNovel,"D402V,0.733"
X-5739,NR1H2,7376.0,MutNovel,"-173Q,0.990"
X-5739,NR1H2,7376.0,MutNovel,"I281F,0.316"
X-5739,NYNRIN,57523.0,MutNovel,"E420M,1.000"
X-5739,OR2A42,402317.0,Amp5,5.62
X-5739,OR2A42,402317.0,Amp5,5.62
X-5739,OR2A7,401427.0,Amp5,5.62
X-5739,OR2A9P,441295.0,Amp5,5.62
X-5739,OR2A9P,441295.0,Amp5,5.62
X-5739,ORAI1,84876.0,MutNovel,"PP43-,1.000"
X-5739,OXR1,55074.0,MutNovel,"R35H,1.000"
X-5739,PATE2,399967.0,Del0.8,0.56
X-5739,PATE3,100169851.0,Del0.8,0.24
X-5739,PCDH11Y,83259.0,Del0.8,0.32
X-5739,PCDHB2,56133.0,MutKnownFunctional,"G277*,0.727"
X-5739,PCDHB2,56133.0,MutNovel,"N420NIT,0.417"
X-5739,PCDHB7,56129.0,MutNovel,"L426F,0.500"
X-5739,PCDHB7,56129.0,MutNovel,"R633C,0.357"
X-5739,PCDHGB4,8641.0,MutNovel,"LPV14L,0.467"
X-5739,PCM1,5108.0,MutNovel,"I1698L,1.000"
X-5739,PHLDA1,22822.0,MutNovel,"QQ194Q,1.000"
X-5739,PIEZO1,9780.0,MutNovel,"Q749E,0.667"
X-5739,PITRM1,10531.0,MutNovel,"L77S,0.684"
X-5739,PKD1P1,339044.0,Del0.8,0.79
X-5739,PLCXD1,55344.0,Amp8,12.73
X-5739,PLEKHG2,64857.0,MutNovel,"R781Q,0.703"
X-5739,PMPCB,9512.0,MutNovel,"R28Q,0.520"
X-5739,POLH,5429.0,MutNovel,"E198K,0.213"
X-5739,PPA1,5464.0,MutNovel,"Y193C,0.584"
X-5739,PPP2R3B,28227.0,Amp8,12.73
X-5739,PPP2R3B-AS1,283981.0,Amp8,12.73
X-5739,PPP2R5B,5526.0,MutNovel,"S144I,1.000"
X-5739,PPP4R1,9989.0,Del0.8,0.74
X-5739,PRB1,5542.0,Del0.8,0.72
X-5739,PRDM4,11108.0,MutNovel,"S114C,0.568"
X-5739,PRKY,5616.0,Del0.8,0.25
X-5739,PRPSAP1,5635.0,MutNovel,"K205T,0.337"
X-5739,PRY,9081.0,Del0.8,0.21
X-5739,PRY,9081.0,Del0.8,0.21
X-5739,PRY2,442862.0,Del0.8,0.21
X-5739,PRY2,442862.0,Del0.8,0.21
X-5739,RAB10,10890.0,MutNovel,"S197I,0.528"
X-5739,RAB12,201475.0,Del0.8,0.74
X-5739,RAB31,11031.0,Del0.8,0.74
X-5739,RALBP1,10928.0,Del0.8,0.74
X-5739,RBMY1A3P,286557.0,Del0.8,0.21
X-5739,RBMY1B,378948.0,Del0.8,0.21
X-5739,RBMY1B,378948.0,Del0.8,0.21
X-5739,RBMY1E,378950.0,Del0.8,0.21
X-5739,RBMY1E,378950.0,Del0.8,0.21
X-5739,RBMY1F,159163.0,Del0.8,0.21
X-5739,RBMY1F,159163.0,Del0.8,0.21
X-5739,RBMY1J,378951.0,Del0.8,0.21
X-5739,RBMY1J,378951.0,Del0.8,0.21
X-5739,RBMY2EP,159125.0,Del0.8,0.21
X-5739,RBMY2FP,159162.0,Del0.8,0.21
X-5739,RBMY3AP,64593.0,Del0.8,0.21
X-5739,RELN,5649.0,MutNovel,"R3431H,0.632"
X-5739,RIN3,79890.0,MutNovel,"G967-,1.000"
X-5739,RNMT,8731.0,Del0.8,0.77
X-5739,ROCK1P1,727758.0,Del0.8,0.75
X-5739,RPS4Y1,6192.0,Del0.8,0.32
X-5739,RPS4Y2,140032.0,Del0.8,0.21
X-5739,SARDH,1757.0,MutNovel,"V747A,1.000"
X-5739,SAV1,60485.0,Del0.8,0.44
X-5739,SDK1,221935.0,Del0.8,0.48
X-5739,SEC16B,89866.0,MutKnownFunctional,"-164K?,0.500"
X-5739,SERINC2,347735.0,MutNovel,"-373Q,1.000"
X-5739,SERPINA1,5265.0,MutNovel,"L65P,1.000"
X-5739,SHOX,6473.0,Amp5,6.5
X-5739,SIPA1L1,26037.0,MutNovel,"V1769A,1.000"
X-5739,SLC2A3,6515.0,Amp5,5.39
X-5739,SLC37A3,84255.0,MutNovel,"L447V,0.578"
X-5739,SMAD5,4090.0,MutNovel,"D428Y,0.407"
X-5739,SMCHD1,23347.0,Del0.8,0.75
X-5739,SORBS1,10580.0,MutNovel,"S472A,1.000"
X-5739,SPRY4,81848.0,MutNovel,"A256T,0.634"
X-5739,SRY,6736.0,Del0.8,0.32
X-5739,STK10,6793.0,MutNovel,"E727K,0.217"
X-5739,TANC1,85461.0,MutNovel,"L56M,0.667"
X-5739,TAS2R43,259289.0,MutNovel,"Q217E,1.000"
X-5739,TAX1BP3,30851.0,MutNovel,"T51M,0.371"
X-5739,TBC1D1,23216.0,MutNovel,"G564S,0.228"
X-5739,TBL1Y,90665.0,Del0.8,0.25
X-5739,TBP,6908.0,MutNovel,"-64Q,1.000"
X-5739,TFAM,7019.0,MutNovel,"S48C,0.295"
X-5739,TG,7038.0,MutNovel,"I963M,0.625"
X-5739,TGIF1,7050.0,Del0.8,0.75
X-5739,TGIF2LY,90655.0,Del0.8,0.32
X-5739,THOC1,9984.0,Del0.8,0.75
X-5739,TIGD1,200765.0,MutNovel,"R531K,1.000"
X-5739,TLE6,79816.0,MutNovel,"L417V,1.000"
X-5739,TLK2,11011.0,MutNovel,"R262Q,0.229"
X-5739,TMBIM4,51643.0,MutKnownFunctional,"-174?,0.808"
X-5739,TMEM132E,124842.0,MutNovel,"G329R,0.333"
X-5739,TMEM200C,645369.0,Del0.8,0.75
X-5739,TMSB4Y,9087.0,Del0.8,0.21
X-5739,TNPO3,23534.0,MutNovel,"F62C,0.422"
X-5739,TNRC6C,57690.0,MutNovel,"N1063K,0.400"
X-5739,TP53,7157.0,Del0.8,0.58
X-5739,TRIM48,79097.0,Del0.8,0.73
X-5739,TRIM8,81603.0,MutNovel,"G449D,0.705"
X-5739,TSPY1,7258.0,Del0.8,0.21
X-5739,TSPY2,64591.0,Del0.8,0.12
X-5739,TSPY3,728137.0,Del0.8,0.21
X-5739,TSPY4,728395.0,Del0.8,0.21
X-5739,TSPY8,728403.0,Del0.8,0.21
X-5739,TSPYL1,7259.0,MutNovel,"V176VW,0.638"
X-5739,TTTY10,246119.0,Del0.8,0.21
X-5739,TTTY11,83866.0,Del0.8,0.21
X-5739,TTTY12,83867.0,Del0.8,0.21
X-5739,TTTY13,83868.0,Del0.8,0.21
X-5739,TTTY14,83869.0,Del0.8,0.21
X-5739,TTTY15,64595.0,Del0.8,0.21
X-5739,TTTY16,252948.0,Del0.8,0.21
X-5739,TTTY17A,252949.0,Del0.8,0.16
X-5739,TTTY17A,252949.0,Del0.8,0.21
X-5739,TTTY18,252950.0,Del0.8,0.21
X-5739,TTTY19,252952.0,Del0.8,0.21
X-5739,TTTY1B,100101116.0,Del0.8,0.12
X-5739,TTTY1B,100101116.0,Del0.8,0.21
X-5739,TTTY2,60439.0,Del0.8,0.12
X-5739,TTTY2,60439.0,Del0.8,0.21
X-5739,TTTY20,252951.0,Del0.8,0.21
X-5739,TTTY21,252953.0,Del0.8,0.25
X-5739,TTTY21,252953.0,Del0.8,0.21
X-5739,TTTY22,252954.0,Del0.8,0.21
X-5739,TTTY23,252955.0,Del0.8,0.21
X-5739,TTTY23,252955.0,Del0.8,0.12
X-5739,TTTY3,114760.0,Del0.8,0.16
X-5739,TTTY3,114760.0,Del0.8,0.21
X-5739,TTTY4,114761.0,Del0.8,0.12
X-5739,TTTY4,114761.0,Del0.8,0.07
X-5739,TTTY5,83863.0,Del0.8,0.21
X-5739,TTTY6,84672.0,Del0.8,0.21
X-5739,TTTY6,84672.0,Del0.8,0.21
X-5739,TTTY7,246122.0,Del0.8,0.25
X-5739,TTTY7,246122.0,Del0.8,0.21
X-5739,TTTY7B,100101120.0,Del0.8,0.21
X-5739,TTTY7B,100101120.0,Del0.8,0.25
X-5739,TTTY8,84673.0,Del0.8,0.25
X-5739,TTTY8,84673.0,Del0.8,0.21
X-5739,TTTY9A,83864.0,Del0.8,0.21
X-5739,TTTY9A,83864.0,Del0.8,0.21
X-5739,TWSG1,57045.0,Del0.8,0.74
X-5739,TXLNG2P,246126.0,Del0.8,0.21
X-5739,TXNDC2,84203.0,Del0.8,0.74
X-5739,TYMS,7298.0,Del0.8,0.75
X-5739,UNC13B,10497.0,MutNovel,"K1581Q,1.000"
X-5739,URB1,9875.0,MutNovel,"K365T,0.500"
X-5739,USP14,9097.0,Del0.8,0.75
X-5739,USP36,57602.0,MutNovel,"KKK958K,1.000"
X-5739,USP9Y,8287.0,Del0.8,0.21
X-5739,UTRN,7402.0,MutNovel,"D1357G,0.552"
X-5739,UTY,7404.0,Del0.8,0.21
X-5739,VAPA,9218.0,Del0.8,0.74
X-5739,VCY,9084.0,Del0.8,0.21
X-5739,VCY,9084.0,Del0.8,0.21
X-5739,VHL,7428.0,MutKnownFunctional,"S68*,1.000"
X-5739,VSIG10L,147645.0,MutNovel,"R615P,0.488"
X-5739,WDR20,91833.0,Del0.8,0.57
X-5739,WDR36,134430.0,MutNovel,"T722P,0.534"
X-5739,XKRY2,353515.0,Del0.8,0.21
X-5739,XKRY2,353515.0,Del0.8,0.21
X-5739,XYLT1,64131.0,Del0.8,0.71
X-5739,YES1,7525.0,Del0.8,0.75
X-5739,YME1L1,10730.0,MutNovel,"L95V,0.556"
X-5739,ZDHHC11,79844.0,MutNovel,"A303D,0.833"
X-5739,ZEB1,6935.0,MutNovel,"D32H,0.571"
X-5739,ZFP161,7541.0,Del0.8,0.75
X-5739,ZFP3,124961.0,Del0.8,0.57
X-5739,ZFY,7544.0,Del0.8,0.32
X-5739,ZIC5,85416.0,MutNovel,"V22E,0.412"
X-5739,ZMAT1,84460.0,MutNovel,"G637R,1.000"
X-5739,ZMYND15,84225.0,MutNovel,"I512L,1.000"
X-5739,ZNF219,51222.0,MutNovel,"QPP233P,1.000"
X-5739,ZNF232,7775.0,Del0.8,0.56
X-5739,ZNF282,8427.0,MutNovel,"G473R,0.429"
X-5739,ZNF407,55628.0,MutNovel,"E1261K,0.400"
X-5739,ZNF608,57507.0,MutNovel,"T1462M,0.587"
X-5739,ZNF772,400720.0,MutNovel,"A4GP,1.000"
X-5739,ZRANB1,54764.0,MutKnownFunctional,"-709?,0.593"
X-5739,ZXDB,158586.0,MutNovel,"G206R,0.333"
X-1156,ACACB,32.0,MutKnownFunctional,"E1559*,0.213"
X-1156,ACP6,51205.0,Amp5,7.16
X-1156,ACSL3,2181.0,MutNovel,"R496I,0.579"
X-1156,ACTL8,81569.0,MutNovel,"R164H,0.889"
X-1156,ADAM15,8751.0,Amp5,6.41
X-1156,ADAM17,6868.0,MutNovel,"L318P,0.289"
X-1156,ADAM29,11086.0,Del0.8,0.77
X-1156,ADAMTS20,80070.0,MutNovel,"S1024I,0.400"
X-1156,ADAMTS4,9507.0,Amp5,6.32
X-1156,ADAMTS7,11173.0,MutNovel,"R370P,1.000"
X-1156,ADAMTSL4,54507.0,Amp5,6.32
X-1156,ADAP1,11033.0,Amp5,6.28
X-1156,ADAR,103.0,Amp5,6.41
X-1156,ADARB2,105.0,MutNovel,"G265V,1.000"
X-1156,ADCY10,55811.0,Amp5,6.32
X-1156,AFF2,2334.0,MutNovel,"P849T,1.000"
X-1156,AFTPH,54812.0,MutNovel,"P447S,0.294"
X-1156,AGAP8,728404.0,MutNovel,"R610C,1.000"
X-1156,AGAP9,642517.0,MutNovel,"C25F,0.667"
X-1156,AGRN,375790.0,MutNovel,"P59Q,0.280"
X-1156,AGRN,375790.0,MutNovel,"G1560C,0.740"
X-1156,AHDC1,27245.0,MutNovel,"TS1251AA,0.213"
X-1156,AHNAK,79026.0,MutKnownFunctional,"-5826,0.472"
X-1156,AHNAK,79026.0,MutNovel,"R3924Q,0.458"
X-1156,AIM2,9447.0,Amp5,6.87
X-1156,AKR7A2P1,246182.0,Del0.8,0.71
X-1156,ALDH9A1,223.0,Amp5,6.32
X-1156,AMELY,266.0,Del0.8,0.17
X-1156,AMOT,154796.0,MutNovel,"R99G,1.000"
X-1156,AMZ1,155185.0,Amp5,5.13
X-1156,ANK1,286.0,MutNovel,"Q1166K,0.500"
X-1156,ANKRD34A,284615.0,Amp5,7.16
X-1156,ANKRD35,148741.0,Amp5,7.16
X-1156,ANKRD36,375248.0,MutNovel,"T998S,0.353"
X-1156,ANKRD36BP1,84832.0,Amp5,6.32
X-1156,ANP32E,81611.0,Amp5,6.32
X-1156,ANXA2P1,303.0,Del0.8,0.76
X-1156,ANXA9,8416.0,Amp5,5.98
X-1156,APCS,325.0,Amp5,6.87
X-1156,APH1A,51107.0,Amp5,6.32
X-1156,APOA1BP,128240.0,Amp5,7.26
X-1156,APOA2,336.0,Amp5,6.32
X-1156,APOB,338.0,MutNovel,"T3754I,0.676"
X-1156,AQP10,89872.0,Amp5,6.41
X-1156,ARFIP1,27236.0,Del0.8,0.76
X-1156,ARHGAP22,58504.0,MutNovel,"V38M,1.000"
X-1156,ARHGAP23,57636.0,MutNovel,"A391S,0.533"
X-1156,ARHGAP30,257106.0,Amp5,6.32
X-1156,ARHGEF10,9639.0,MutKnownFunctional,"Y937*,0.484"
X-1156,ARHGEF11,9826.0,Amp5,7.26
X-1156,ARHGEF2,9181.0,Amp5,7.26
X-1156,ARID5B,84159.0,MutKnownFunctional,"-863,1.000"
X-1156,ARL4A,10124.0,Amp5,5.28
X-1156,ARNT,405.0,Amp5,5.98
X-1156,ART5,116969.0,MutNovel,"-25P,1.000"
X-1156,ASH1L,55870.0,Amp5,6.41
X-1156,ATF6,22926.0,Amp5,6.32
X-1156,ATP1A2,477.0,Amp5,6.87
X-1156,ATP1A4,480.0,Amp5,6.87
X-1156,ATP1B1,481.0,Amp5,6.32
X-1156,ATP5H,10476.0,MutNovel,"A59D,0.457"
X-1156,ATP8B2,57198.0,Amp5,6.41
X-1156,B4GALNT4,338707.0,MutNovel,"R234S,0.620"
X-1156,B4GALT3,8703.0,Amp5,6.32
X-1156,BCAN,63827.0,Amp5,7.26
X-1156,BCL9,607.0,Amp5,7.16
X-1156,BCORP1,286554.0,Del0.8,0.17
X-1156,BGLAP,632.0,Amp5,7.26
X-1156,BLZF1,8548.0,Amp5,6.28
X-1156,BMP1,649.0,MutNovel,"K966E,0.532"
X-1156,BNC2,54796.0,MutNovel,"P520T,1.000"
X-1156,BNIPL,149428.0,Amp5,5.98
X-1156,BOLA1,51027.0,Amp5,6.32
X-1156,BPY2B,442867.0,Del0.8,0.14
X-1156,BPY2B,442867.0,Del0.8,0.11
X-1156,BRAT1,221927.0,Amp5,5.13
X-1156,BRCA2,675.0,MutNovel,"R2787H,0.297"
X-1156,BRD9,65980.0,Amp5,5.21
X-1156,BRP44,25874.0,Amp5,6.32
X-1156,BRSK1,84446.0,MutNovel,"A548S,0.419"
X-1156,C12orf26,84190.0,MutNovel,"A365P,0.273"
X-1156,C16orf57,79650.0,MutNovel,"G182E,0.417"
X-1156,C1orf105,92346.0,Amp5,5.24
X-1156,C1orf110,339512.0,Amp5,6.32
X-1156,C1orf111,284680.0,Amp5,6.32
X-1156,C1orf112,55732.0,MutNovel,"I281L,0.231"
X-1156,C1orf112,55732.0,Amp5,6.15
X-1156,C1orf114,57821.0,Amp5,6.28
X-1156,C1orf129,80133.0,Amp5,6.15
X-1156,C1orf174,339448.0,MutNovel,"S157F,0.348"
X-1156,C1orf182,128229.0,Amp5,7.26
X-1156,C1orf189,388701.0,Amp5,6.41
X-1156,C1orf192,257177.0,Amp5,6.32
X-1156,C1orf204,284677.0,Amp5,6.87
X-1156,C1orf226,400793.0,Amp5,6.32
X-1156,C1orf43,25912.0,Amp5,6.41
X-1156,C1orf51,148523.0,Amp5,6.32
X-1156,C1orf54,79630.0,Amp5,6.32
X-1156,C1orf56,54964.0,Amp5,5.98
X-1156,C1orf61,10485.0,Amp5,7.26
X-1156,C1orf68,100129271.0,Amp5,6.63
X-1156,C1orf85,112770.0,Amp5,7.26
X-1156,C21orf15,54094.0,Del0.8,0.33
X-1156,C2CD4D,100191040.0,Amp5,7.84
X-1156,C2orf16,84226.0,MutNovel,"R1781S,0.667"
X-1156,C4A,720.0,MutNovel,"A1068S,0.290"
X-1156,C4B,721.0,MutNovel,"G1073D,1.000"
X-1156,C4orf27,54969.0,Del0.8,0.77
X-1156,C7,730.0,MutNovel,"A484E,0.294"
X-1156,C7orf50,84310.0,Amp5,6.28
X-1156,CA14,23632.0,Amp5,6.32
X-1156,CACNA1A,773.0,MutNovel,"QQ2324-,1.000"
X-1156,CACNA1C,775.0,MutNovel,"V1424A,0.590"
X-1156,CADM3,57863.0,Amp5,6.87
X-1156,CANX,821.0,MutNovel,"W5F,0.367"
X-1156,CARD11,84433.0,Amp5,5.13
X-1156,CARS2,79587.0,MutKnownFunctional,"-561?,0.739"
X-1156,CASKIN2,57513.0,MutNovel,"P882L,0.441"
X-1156,CASQ1,844.0,Amp5,6.87
X-1156,CBLC,23624.0,MutNovel,"G406C,0.652"
X-1156,CBR4,84869.0,Del0.8,0.77
X-1156,CCDC107,203260.0,MutKnownFunctional,"Q116*,1.000"
X-1156,CCDC19,25790.0,Amp5,6.87
X-1156,CCDC88B,283234.0,MutNovel,"L900I,0.333"
X-1156,CCNK,8812.0,MutNovel,"P536S,0.514"
X-1156,CCT3,7203.0,Amp5,7.26
X-1156,CCZ1B,221960.0,Amp5,6.68
X-1156,CD160,11126.0,Amp5,7.16
X-1156,CD1A,909.0,Amp5,6.96
X-1156,CD1B,910.0,Amp5,6.96
X-1156,CD1C,911.0,Amp5,6.96
X-1156,CD1D,912.0,Amp5,6.96
X-1156,CD1E,913.0,Amp5,6.96
X-1156,CD244,51744.0,Amp5,6.32
X-1156,CD247,919.0,Amp5,6.32
X-1156,CD48,962.0,Amp5,6.32
X-1156,CD5L,922.0,Amp5,6.96
X-1156,CD84,8832.0,Amp5,6.32
X-1156,CDC42EP1,11135.0,MutNovel,"PAPAANPS253P,1.000"
X-1156,CDC42SE1,56882.0,Amp5,5.98
X-1156,CDKN2A,1029.0,MutKnownFunctional,"-38?,1.000"
X-1156,CDY1B,253175.0,Del0.8,0.17
X-1156,CDY1B,253175.0,Del0.8,0.14
X-1156,CDY2A,9426.0,Del0.8,0.17
X-1156,CDY2A,9426.0,Del0.8,0.17
X-1156,CDY2B,203611.0,Del0.8,0.17
X-1156,CDY2B,203611.0,Del0.8,0.17
X-1156,CEBPD,1052.0,MutKnownFunctional,"E26*,0.594"
X-1156,CELF3,11189.0,Amp5,7.84
X-1156,CEP164,22897.0,MutNovel,"LG214L,0.500"
X-1156,CEP170,9859.0,MutKnownFunctional,"Q444*,1.000"
X-1156,CEP95,90799.0,MutNovel,"P336S,0.491"
X-1156,CERS2,29956.0,Amp5,5.98
X-1156,CFC1,,MutNovel,"A145T,0.500"
X-1156,CFHR1,3078.0,Amp5,5.06
X-1156,CFHR3,10878.0,Amp5,6.82
X-1156,CGN,57530.0,Amp5,5.98
X-1156,CHD1L,9557.0,Amp5,7.16
X-1156,CHD7,55636.0,MutNovel,"I2572F,0.333"
X-1156,CHRNB2,1141.0,Amp5,6.41
X-1156,CHST12,55501.0,Amp5,5.13
X-1156,CHTOP,26097.0,Amp5,6.59
X-1156,CKS1B,1163.0,Amp5,6.41
X-1156,CLASRP,11129.0,MutNovel,"RSRSW418R,0.235"
X-1156,CLCN3,1182.0,Del0.8,0.77
X-1156,CLCNKA,1187.0,MutNovel,"TE577AK,0.750"
X-1156,CLEC16A,23274.0,MutNovel,"R558G,0.244"
X-1156,CLK2,1196.0,Amp5,6.41
X-1156,CLPTM1L,81037.0,Amp5,5.21
X-1156,CNTNAP3B,728577.0,MutNovel,"G1163D,0.900"
X-1156,CNTNAP4,85445.0,MutNovel,"T975A,0.333"
X-1156,COL11A2,1302.0,MutNovel,"P938L,1.000"
X-1156,COL1A2,1278.0,MutNovel,"G1304V,0.532"
X-1156,COL6A3,1293.0,MutNovel,"V2586I,0.741"
X-1156,COPA,1314.0,Amp5,6.87
X-1156,COX19,90639.0,Amp5,6.28
X-1156,CPED1,,MutNovel,"G627W,0.483"
X-1156,CRABP1,1381.0,MutNovel,"E91D,1.000"
X-1156,CRABP2,1382.0,Amp5,7.26
X-1156,CRCT1,54544.0,Amp5,6.5
X-1156,CREB3L4,148327.0,Amp5,6.59
X-1156,CREG1,8804.0,Amp5,6.32
X-1156,CREG2,200407.0,MutNovel,"P96Q,0.636"
X-1156,CRNN,49860.0,Amp5,6.5
X-1156,CRP,1401.0,Amp5,6.87
X-1156,CRTC2,200186.0,Amp5,6.59
X-1156,CSPG4P1Y,114758.0,Del0.8,0.14
X-1156,CSPG4P1Y,114758.0,Del0.8,0.17
X-1156,CT45A1,541466.0,Del0.8,0.56
X-1156,CT45A2,728911.0,Del0.8,0.56
X-1156,CT45A3,441519.0,MutKnownFunctional,"R175*,0.556"
X-1156,CT45A4,441520.0,Del0.8,0.56
X-1156,CTSA,5476.0,MutNovel,"L29-,0.411"
X-1156,CTSK,1513.0,Amp5,5.98
X-1156,CTSS,1520.0,Amp5,7.21
X-1156,CYCSP52,360155.0,Amp5,7.26
X-1156,CYP2C8,1558.0,MutNovel,"N90D,1.000"
X-1156,CYP2W1,54905.0,Amp5,6.28
X-1156,DAP3,7818.0,Amp5,7.67
X-1156,DARC,2532.0,Amp5,6.87
X-1156,DAZ1,1617.0,Del0.8,0.17
X-1156,DAZ2,57055.0,Del0.8,0.14
X-1156,DAZ3,57054.0,Del0.8,0.14
X-1156,DAZ3,57054.0,Del0.8,0.11
X-1156,DAZ4,57135.0,Del0.8,0.15
X-1156,DAZ4,57135.0,Del0.8,0.13
X-1156,DCAF12L2,340578.0,MutNovel,"H328Q,0.667"
X-1156,DCAF13,25879.0,MutNovel,"R541G,0.524"
X-1156,DCAF4L2,138009.0,MutNovel,"P319A,0.490"
X-1156,DCAF6,55827.0,Amp5,6.32
X-1156,DCAF8,50717.0,Amp5,6.87
X-1156,DCLK2,166614.0,MutNovel,"R609Q,0.583"
X-1156,DCST1,149095.0,Amp5,6.41
X-1156,DCST2,127579.0,Amp5,6.41
X-1156,DDR2,4921.0,Amp5,6.32
X-1156,DDX3Y,8653.0,Del0.8,0.17
X-1156,DEDD,9191.0,Amp5,6.32
X-1156,DENND4B,9909.0,Amp5,6.59
X-1156,DFFA,1676.0,MutNovel,"A120V,0.657"
X-1156,DGKB,1607.0,Amp5,5.28
X-1156,DHX30,22907.0,MutNovel,"EG551DC,0.456"
X-1156,DIO2,1734.0,MutNovel,"T56N,0.429"
X-1156,DIS3L2,129563.0,MutNovel,"K405E,0.675"
X-1156,DKFZP434I0714,54553.0,Del0.8,0.76
X-1156,DLC1,10395.0,MutNovel,"S377C,0.400"
X-1156,DLL1,28514.0,MutKnownFunctional,"E586*,0.222"
X-1156,DLX6,1750.0,MutNovel,"Q44QP,1.000"
X-1156,DNM3,26052.0,Amp5,5.24
X-1156,DNM3OS,100628315.0,Amp5,5.24
X-1156,DNMT1,1786.0,MutNovel,"L1263M,0.461"
X-1156,DOPEY2,9980.0,MutNovel,"R747K,1.000"
X-1156,DPM3,54344.0,Amp5,6.41
X-1156,DPT,1805.0,Amp5,6.32
X-1156,DUSP12,11266.0,Amp5,6.32
X-1156,DUSP23,54935.0,Amp5,6.87
X-1156,DUSP27,92235.0,Amp5,6.32
X-1156,DUT,1854.0,MutNovel,"E232D,0.687"
X-1156,DYRK1A,1859.0,MutNovel,"P12R,1.000"
X-1156,DZIP1L,199221.0,MutNovel,"H577R,0.939"
X-1156,ECM1,1893.0,Amp5,6.32
X-1156,EDEM1,9695.0,MutNovel,"A471D,0.740"
X-1156,EFNA1,1942.0,Amp5,6.41
X-1156,EFNA3,1944.0,Amp5,6.41
X-1156,EFNA4,1945.0,Amp5,6.41
X-1156,EHBP1,23301.0,MutNovel,"Q1037H,0.362"
X-1156,EHBP1,23301.0,MutNovel,"D1190H,0.326"
X-1156,EIF1AY,9086.0,Del0.8,0.17
X-1156,EIF3B,8662.0,Amp5,5.13
X-1156,ELFN1,392617.0,Amp5,5.5
X-1156,ENOX1,55068.0,MutNovel,"M608I,0.478"
X-1156,ENSA,2029.0,Amp5,6.32
X-1156,ERAP1,51752.0,MutKnownFunctional,"Y549*,1.000"
X-1156,ERCC2,2068.0,MutNovel,"E27D,0.633"
X-1156,ERVK13-1,100507321.0,Amp5,7.26
X-1156,ETF1,2107.0,MutNovel,"Q397P,0.996"
X-1156,ETV1,2115.0,Amp5,5.28
X-1156,ETV3,2117.0,Amp5,7.26
X-1156,ETV3L,440695.0,Amp5,7.26
X-1156,EXOC4,60412.0,MutNovel,"I635N,0.277"
X-1156,F11R,50848.0,Amp5,6.32
X-1156,F2,2147.0,MutNovel,"A79T,0.600"
X-1156,F5,2153.0,Amp5,6.28
X-1156,FAM105B,90268.0,MutNovel,"R124L,0.598"
X-1156,FAM106A,80039.0,Del0.8,0.59
X-1156,FAM171B,165215.0,MutNovel,"-44QQ,1.000"
X-1156,FAM189B,10712.0,Amp5,6.41
X-1156,FAM197Y2P,252946.0,Del0.8,0.17
X-1156,FAM20C,56975.0,Amp5,6.28
X-1156,FAM41AY1,340618.0,Del0.8,0.17
X-1156,FAM41AY1,340618.0,Del0.8,0.17
X-1156,FAM63A,55793.0,Amp5,5.98
X-1156,FAM78B,149297.0,Amp5,6.32
X-1156,FASLG,356.0,Amp5,5.24
X-1156,FASN,2194.0,MutNovel,"R512C,0.503"
X-1156,FBXO38,81545.0,MutNovel,"NGS835N,1.000"
X-1156,FCER1A,2205.0,Amp5,6.87
X-1156,FCER1G,2207.0,Amp5,6.32
X-1156,FCGR1A,2209.0,Amp5,6.32
X-1156,FCGR1C,100132417.0,Amp5,5.21
X-1156,FCGR2A,2212.0,Amp5,6.32
X-1156,FCGR2B,2213.0,Amp5,6.32
X-1156,FCGR2C,9103.0,Amp5,6.32
X-1156,FCGR3A,2214.0,Amp5,6.32
X-1156,FCGR3B,2215.0,Amp5,6.32
X-1156,FCRL1,115350.0,Amp5,6.96
X-1156,FCRL2,79368.0,Amp5,6.96
X-1156,FCRL3,115352.0,Amp5,6.96
X-1156,FCRL4,83417.0,Amp5,6.96
X-1156,FCRL5,83416.0,Amp5,5.39
X-1156,FCRL6,343413.0,Amp5,6.87
X-1156,FCRLA,84824.0,Amp5,6.32
X-1156,FCRLB,127943.0,Amp5,6.32
X-1156,FDFT1,2222.0,MutNovel,"R379Q,0.512"
X-1156,FDPS,2224.0,Amp5,6.41
X-1156,FGF11,2256.0,MutKnownFunctional,"-175,1.000"
X-1156,FGL1,2267.0,MutNovel,"VI71LV,0.333"
X-1156,FHDC1,85462.0,Del0.8,0.76
X-1156,FLAD1,80308.0,Amp5,6.41
X-1156,FLG,2312.0,Amp5,6.5
X-1156,FLG2,388698.0,Amp5,6.5
X-1156,FLJ39739,388685.0,Amp5,7.16
X-1156,FLJ44511,441307.0,Amp5,6.28
X-1156,FMO1,2326.0,Amp5,6.15
X-1156,FMO2,2327.0,Amp5,6.15
X-1156,FMO3,2328.0,Amp5,6.15
X-1156,FMO4,2329.0,Amp5,6.15
X-1156,FMO5,2330.0,Amp5,7.16
X-1156,FMO6P,388714.0,Amp5,6.15
X-1156,FMO9P,116123.0,Amp5,6.32
X-1156,FOLH1,2346.0,MutKnownFunctional,"R440*,0.273"
X-1156,FOXD4,2298.0,MutNovel,"P172L,0.682"
X-1156,FOXD4L3,286380.0,MutNovel,"AP254PP,0.750"
X-1156,FOXP1,27086.0,MutNovel,"E397K,0.584"
X-1156,FRMPD4,9758.0,MutKnownFunctional,"E1236*,1.000"
X-1156,FTHL17,53940.0,MutNovel,"Q11K,0.431"
X-1156,FTSJ2,29960.0,Amp5,5.13
X-1156,GABPB2,126626.0,Amp5,5.98
X-1156,GAL3ST4,79690.0,MutNovel,"F424L,0.300"
X-1156,GATAD2B,57459.0,Amp5,6.59
X-1156,GBA,2629.0,Amp5,6.41
X-1156,GBAP1,2630.0,Amp5,6.41
X-1156,GEM,2669.0,MutNovel,"R77L,0.480"
X-1156,GET4,51608.0,Amp5,6.28
X-1156,GGCT,79017.0,MutNovel,"G54C,0.530"
X-1156,GIGYF2,26058.0,MutNovel,"PQ1231P,1.000"
X-1156,GINS1,9837.0,MutNovel,"M140I,0.550"
X-1156,GIPC1,10755.0,MutNovel,"R307W,0.541"
X-1156,GJA5,2702.0,Amp5,7.16
X-1156,GJA8,2703.0,Amp5,7.16
X-1156,GLI1,2735.0,MutNovel,"G434V,1.000"
X-1156,GNA12,2768.0,Amp5,5.13
X-1156,GNRHR2,114814.0,Amp5,7.16
X-1156,GOLGA2P2Y,84559.0,Del0.8,0.14
X-1156,GOLGA2P2Y,84559.0,Del0.8,0.17
X-1156,GOLGA5,9950.0,MutNovel,"R105T,0.519"
X-1156,GOLPH3L,55204.0,Amp5,7.41
X-1156,GON4L,54856.0,Amp5,6.36
X-1156,GORAB,92344.0,Amp5,6.15
X-1156,GPA33,10223.0,Amp5,6.32
X-1156,GPATCH4,54865.0,Amp5,7.26
X-1156,GPER,2852.0,Amp5,6.28
X-1156,GPR116,221395.0,MutKnownFunctional,"W1269*,0.750"
X-1156,GPR124,25960.0,MutNovel,"N118I,0.512"
X-1156,GPR146,115330.0,Amp5,6.28
X-1156,GPR161,23432.0,Amp5,6.32
X-1156,GPR27,2850.0,MutNovel,"V200F,0.569"
X-1156,GPR89A,653519.0,Amp5,7.16
X-1156,GPR89B,51463.0,Amp5,7.16
X-1156,GPR89C,728932.0,Amp5,7.16
X-1156,GPRASP1,9737.0,MutNovel,"T124I,1.000"
X-1156,GREB1L,80000.0,MutNovel,"G465C,0.500"
X-1156,GRM2,2912.0,MutNovel,"G849V,0.600"
X-1156,GRPEL1,80273.0,MutNovel,"M146I,0.496"
X-1156,GSTM1,2944.0,MutNovel,"V160A,1.000"
X-1156,GYG2P1,352887.0,Del0.8,0.17
X-1156,HACE1,57531.0,MutNovel,"V230I,0.220"
X-1156,HAPLN2,60484.0,Amp5,7.26
X-1156,HAVCR1,26762.0,MutNovel,"MT158TT,1.000"
X-1156,HAX1,10456.0,Amp5,6.41
X-1156,HCN2,610.0,MutNovel,"R76H,1.000"
X-1156,HCN3,57657.0,Amp5,6.41
X-1156,HDAC5,10014.0,MutNovel,"D619N,0.519"
X-1156,HDGF,3068.0,Amp5,7.26
X-1156,HEATR2,54919.0,Amp5,6.28
X-1156,HERC2,8924.0,MutNovel,"E4092K,0.632"
X-1156,HES1,3280.0,MutNovel,"C203S,0.219"
X-1156,HFE2,148738.0,Amp5,5.21
X-1156,HIST2H2AA4,723790.0,Amp5,6.32
X-1156,HIST2H2AA4,723790.0,Amp5,6.32
X-1156,HIST2H2AB,317772.0,Amp5,6.32
X-1156,HIST2H2AC,8338.0,Amp5,6.32
X-1156,HIST2H2BC,337873.0,Amp5,6.32
X-1156,HIST2H2BE,8349.0,Amp5,6.32
X-1156,HIST2H2BF,440689.0,Amp5,5.94
X-1156,HIST2H3A,333932.0,Amp5,6.32
X-1156,HIST2H3A,333932.0,Amp5,6.32
X-1156,HIST2H3D,653604.0,Amp5,6.32
X-1156,HIST2H4A,8370.0,Amp5,6.32
X-1156,HIST2H4A,8370.0,Amp5,6.32
X-1156,HIST2H4B,554313.0,Amp5,6.32
X-1156,HIST2H4B,554313.0,Amp5,6.32
X-1156,HLA-C,3107.0,MutNovel,"Q56L,0.248"
X-1156,HLA-DRB1,3123.0,MutNovel,"T186I,0.667"
X-1156,HLA-F,3134.0,MutNovel,"HA137DA,0.250"
X-1156,HLA-G,3135.0,MutNovel,"I123S,1.000"
X-1156,HLA-G,3135.0,MutNovel,"T187E,1.000"
X-1156,HMSD,284293.0,Del0.8,0.8
X-1156,HORMAD1,84072.0,Amp8,8.69
X-1156,HOXB4,3214.0,MutNovel,"Q63P,0.714"
X-1156,HOXD8,3234.0,MutNovel,"A70AHP,0.404"
X-1156,HRNR,388697.0,Amp5,7.84
X-1156,HSD17B7,51478.0,Amp5,6.32
X-1156,HSFY2,159119.0,Del0.8,0.17
X-1156,HSFY2,159119.0,Del0.8,0.17
X-1156,HSPA6,3310.0,Amp5,6.32
X-1156,HSPA7,3311.0,Amp5,6.32
X-1156,HTT,3064.0,MutNovel,"M633V,0.519"
X-1156,IFI16,3428.0,Amp5,6.87
X-1156,IGSF8,93185.0,Amp5,6.87
X-1156,IGSF9,57549.0,Amp5,6.87
X-1156,IL6R,3570.0,Amp5,6.41
X-1156,ILDR2,387597.0,Amp5,6.32
X-1156,ILF2,3608.0,Amp5,6.59
X-1156,INSRR,3645.0,Amp5,7.26
X-1156,INTS1,26173.0,MutNovel,"V2189L,0.356"
X-1156,INTS1,26173.0,Amp5,6.28
X-1156,INTS3,65123.0,Amp5,6.59
X-1156,IPP,3652.0,MutNovel,"K577N,0.750"
X-1156,IQCE,23288.0,Amp5,5.13
X-1156,IQGAP3,128239.0,Amp5,7.26
X-1156,IRF2,3660.0,MutNovel,"R328Q,0.993"
X-1156,ISG20L2,81875.0,Amp5,7.26
X-1156,ISOC2,79763.0,MutNovel,"R160W,0.338"
X-1156,ITGA10,8515.0,Amp5,7.16
X-1156,ITLN1,55600.0,Amp5,6.32
X-1156,ITLN2,142683.0,Amp5,6.32
X-1156,IVL,3713.0,Amp5,6.59
X-1156,JAK3,3718.0,MutNovel,"P151R,1.000"
X-1156,JPH1,56704.0,MutNovel,"G192S,0.417"
X-1156,JTB,10899.0,Amp5,6.59
X-1156,KANSL1L,,MutNovel,"R762L,0.229"
X-1156,KCNA6,3742.0,MutNovel,"L151V,0.417"
X-1156,KCNC3,3748.0,MutNovel,"D63G,1.000"
X-1156,KCNH3,23416.0,MutNovel,"Y302S,0.547"
X-1156,KCNJ10,3766.0,Amp5,6.87
X-1156,KCNJ9,3765.0,Amp5,6.87
X-1156,KCNN3,3782.0,Amp5,6.41
X-1156,KCTD5,54442.0,Amp5,5.03
X-1156,KDM5D,8284.0,Del0.8,0.17
X-1156,KDR,3791.0,MutNovel,"Q472K,0.833"
X-1156,KIAA0232,9778.0,MutNovel,"L1315F,0.615"
X-1156,KIAA0564,23078.0,MutNovel,"G1572A,0.341"
X-1156,KIAA0907,22889.0,Amp5,7.26
X-1156,KIAA0922,23240.0,MutNovel,"V1418A,1.000"
X-1156,KIAA0922,23240.0,Del0.8,0.76
X-1156,KIAA1009,22832.0,MutNovel,"Q1227H,0.463"
X-1156,KIAA1009,22832.0,MutNovel,"L1140S,0.397"
X-1156,KIAA1430,57587.0,Del0.8,0.69
X-1156,KIAA1908,114796.0,Amp5,6.28
X-1156,KIF3A,11127.0,MutNovel,"D527Y,1.000"
X-1156,KIF4A,24137.0,MutNovel,"D127Y,1.000"
X-1156,KIFAP3,22920.0,Amp5,6.15
X-1156,KIR2DL4,3805.0,Amp5,5.82
X-1156,KIRREL,55243.0,Amp5,6.96
X-1156,KLHDC9,126823.0,Amp5,6.32
X-1156,KLK10,5655.0,MutKnownFunctional,"-276,1.000"
X-1156,KLK8,11202.0,MutNovel,"D276H,0.595"
X-1156,KPRP,448834.0,Amp5,6.63
X-1156,KRAS,3845.0,MutKnownFunctional,"G12C,0.527"
X-1156,KRIT1,889.0,MutNovel,"V278A,0.467"
X-1156,KRTCAP2,200185.0,Amp5,6.41
X-1156,L1CAM,3897.0,MutNovel,"D565E,1.000"
X-1156,LAMA1,284217.0,MutNovel,"G1070C,0.639"
X-1156,LAMA5,3911.0,MutNovel,"V1027L,0.718"
X-1156,LAMTOR2,28956.0,Amp5,7.26
X-1156,LBH,81606.0,MutNovel,"E84D,0.578"
X-1156,LCE1A,353131.0,Amp5,6.59
X-1156,LCE1B,353132.0,Amp5,6.59
X-1156,LCE1C,353133.0,Amp5,6.59
X-1156,LCE1E,353135.0,Amp5,6.63
X-1156,LCE1F,353137.0,Amp5,6.63
X-1156,LCE2A,353139.0,Amp5,6.63
X-1156,LCE2B,26239.0,Amp5,6.63
X-1156,LCE2C,353140.0,Amp5,6.63
X-1156,LCE2D,353141.0,Amp5,6.63
X-1156,LCE3A,353142.0,Amp5,6.63
X-1156,LCE3B,353143.0,Amp5,6.63
X-1156,LCE3C,353144.0,Amp8,11.16
X-1156,LCE3D,84648.0,Amp5,6.5
X-1156,LCE3E,353145.0,Amp5,6.5
X-1156,LCE4A,199834.0,Amp5,6.63
X-1156,LCE5A,254910.0,Amp5,6.5
X-1156,LCE6A,448835.0,Amp5,6.59
X-1156,LELP1,149018.0,Amp5,6.59
X-1156,LENEP,55891.0,Amp5,6.41
X-1156,LFNG,3955.0,Amp5,5.13
X-1156,LGALS9C,654346.0,Del0.8,0.59
X-1156,LINC00305,221241.0,Del0.8,0.8
X-1156,LINGO4,339398.0,Amp5,7.84
X-1156,LIX1L,128077.0,Amp5,7.16
X-1156,LMNA,4000.0,Amp5,7.26
X-1156,LMX1A,4009.0,Amp5,6.32
X-1156,LOC100131257,100131257.0,Amp5,5.82
X-1156,LOC100131825,100131825.0,Amp5,6.87
X-1156,LOC100132111,100132111.0,Amp5,7.84
X-1156,LOC100287837,,MutNovel,"E5ER,0.474"
X-1156,LOC100288524,100288524.0,Amp5,6.28
X-1156,LOC100289211,100289211.0,Amp5,7.16
X-1156,LOC100505633,100505633.0,Amp5,6.87
X-1156,LOC100505666,100505666.0,Amp5,6.41
X-1156,LOC100505795,100505795.0,Amp5,6.32
X-1156,LOC100505918,100505918.0,Amp5,6.32
X-1156,LOC100506688,100506688.0,Amp5,5.21
X-1156,LOC100507338,,MutNovel,"I108V,0.645"
X-1156,LOC100996516,,MutKnownFunctional,"-235?,0.312"
X-1156,LOC100996702,,MutNovel,"E27K,1.000"
X-1156,LOC100996702,,MutKnownFunctional,"-24,1.000"
X-1156,LOC284294,284294.0,Del0.8,0.8
X-1156,LOC284688,284688.0,Amp5,6.15
X-1156,LOC388692,388692.0,Amp5,7.31
X-1156,LOC400654,400654.0,Del0.8,0.8
X-1156,LOC400794,400794.0,Amp5,6.32
X-1156,LOC440700,440700.0,Amp5,6.32
X-1156,LOC442497,442497.0,Amp5,6.28
X-1156,LOC642441,,MutNovel,"L209S,0.217"
X-1156,LOC642441,,MutNovel,"W153R,1.000"
X-1156,LOC642643,,MutNovel,"SR56FP,1.000"
X-1156,LOC646268,646268.0,Amp5,6.96
X-1156,LOC728989,728989.0,Amp5,7.16
X-1156,LOC730256,,MutKnownFunctional,"-60?,0.875"
X-1156,LONRF2,164832.0,MutNovel,"E381K,0.273"
X-1156,LOR,4014.0,Amp5,6.59
X-1156,LPCAT1,79888.0,Amp5,5.21
X-1156,LRFN5,145581.0,MutNovel,"L476M,0.583"
X-1156,LRFN5,145581.0,MutNovel,"P630S,0.400"
X-1156,LRIF1,55791.0,MutNovel,"P730T,0.564"
X-1156,LRRC37A,9884.0,MutNovel,"S1121R,0.800"
X-1156,LRRC43,254050.0,MutNovel,"P334T,0.579"
X-1156,LRRC4C,57689.0,MutKnownFunctional,"E152*,0.708"
X-1156,LRRC52,440699.0,Amp5,6.32
X-1156,LRRC71,149499.0,Amp5,7.26
X-1156,LSR,51599.0,MutNovel,"G518GR,1.000"
X-1156,LY9,4063.0,Amp5,6.32
X-1156,LYSMD1,388695.0,Amp5,5.98
X-1156,MAD1L1,8379.0,Amp5,5.5
X-1156,MAEL,84944.0,Amp5,6.32
X-1156,MAFK,7975.0,Amp5,6.28
X-1156,MAN2A1,4124.0,MutKnownFunctional,"G123*,1.000"
X-1156,MBNL2,10150.0,MutNovel,"V154F,0.500"
X-1156,MCHR1,2847.0,MutNovel,"M206T,1.000"
X-1156,MCL1,4170.0,Amp5,6.32
X-1156,MCM2,4171.0,MutNovel,"P14R,0.276"
X-1156,MCPH1,79648.0,MutNovel,"S376G,0.517"
X-1156,MEF2A,4205.0,MutNovel,"Q412-,1.000"
X-1156,MEF2D,4209.0,Amp5,7.26
X-1156,METTL11B,149281.0,Amp5,6.15
X-1156,METTL13,51603.0,Amp5,5.24
X-1156,METTL18,92342.0,MutKnownFunctional,"K286*,0.500"
X-1156,METTL18,92342.0,Amp5,6.15
X-1156,MEX3A,92312.0,Amp5,7.26
X-1156,MEX3D,399664.0,MutNovel,"F459LTS,1.000"
X-1156,MEX3D,399664.0,MutNovel,"V443A,0.371"
X-1156,MGC4473,79100.0,Amp5,6.32
X-1156,MGST3,4259.0,Amp5,6.32
X-1156,MICALL2,79778.0,Amp5,6.28
X-1156,MIR1295A,100302178.0,Amp5,6.15
X-1156,MIR190B,100126346.0,Amp5,6.41
X-1156,MIR3119-1,100422839.0,Amp5,6.15
X-1156,MIR3119-2,100423010.0,Amp5,6.15
X-1156,MIR3120,100422882.0,Amp5,5.24
X-1156,MIR3140,100422896.0,Del0.8,0.76
X-1156,MIR339,442907.0,Amp5,6.28
X-1156,MIR3658,100500832.0,Amp5,6.32
X-1156,MIR4257,100422997.0,Amp5,6.32
X-1156,MIR4258,100423020.0,Amp5,6.41
X-1156,MIR4457,100616235.0,Amp5,5.21
X-1156,MIR4635,100616479.0,Amp5,5.21
X-1156,MIR4648,100616116.0,Amp5,5.13
X-1156,MIR4654,100616386.0,Amp5,6.32
X-1156,MIR4655,100616160.0,Amp5,6.82
X-1156,MIR554,693139.0,Amp5,5.98
X-1156,MIR555,693140.0,Amp5,6.41
X-1156,MIR556,693141.0,Amp5,6.32
X-1156,MIR557,693142.0,Amp5,6.32
X-1156,MIR765,768220.0,Amp5,7.26
X-1156,MIR9-1,407046.0,Amp5,7.26
X-1156,MIR921,100126349.0,Amp5,6.32
X-1156,MIR92B,693235.0,Amp5,6.41
X-1156,MLLT11,10962.0,Amp5,5.98
X-1156,MMP2,4313.0,MutNovel,"D384Y,0.414"
X-1156,MND1,84057.0,Del0.8,0.76
X-1156,MNDA,4332.0,Amp5,6.82
X-1156,MOGS,7841.0,MutKnownFunctional,"-748,0.420"
X-1156,MPRIP,23164.0,MutNovel,"TS178T,1.000"
X-1156,MPZ,4359.0,Amp5,6.32
X-1156,MPZL1,9019.0,Amp5,6.32
X-1156,MRGPRF,116535.0,MutNovel,"P268S,0.296"
X-1156,MRM1,79922.0,MutNovel,"K347T,0.615"
X-1156,MRPL24,79590.0,Amp5,7.26
X-1156,MRPL9,65005.0,Amp5,7.84
X-1156,MRPS21,54460.0,Amp5,6.32
X-1156,MSTO1,55154.0,Amp5,6.41
X-1156,MSTO2P,100129405.0,Amp5,5.94
X-1156,MT1M,4499.0,MutNovel,"N56K,0.551"
X-1156,MTMR11,10903.0,Amp5,6.32
X-1156,MTRNR2L5,100463289.0,Del0.8,0.63
X-1156,MTX1,4580.0,Amp5,6.41
X-1156,MUC1,4582.0,Amp5,6.41
X-1156,MUT,4594.0,MutNovel,"M430I,0.298"
X-1156,MYH14,79784.0,MutNovel,"K1506T,0.565"
X-1156,MYO3A,53904.0,MutNovel,"W97C,1.000"
X-1156,MYO5C,55930.0,MutNovel,"I1345T,1.000"
X-1156,MYOC,4653.0,Amp5,6.15
X-1156,NARS2,79731.0,MutNovel,"F242L,0.455"
X-1156,NBPF10,100132406.0,MutNovel,"I1165F,0.308"
X-1156,NBPF10,100132406.0,Amp5,5.21
X-1156,NBPF11,200030.0,Amp5,7.16
X-1156,NBPF14,25832.0,Amp5,7.16
X-1156,NBPF15,284565.0,Amp5,5.94
X-1156,NBPF16,728936.0,MutNovel,"E125Q,0.667"
X-1156,NCAPH,23397.0,MutNovel,"K640E,0.684"
X-1156,NCOA3,8202.0,MutNovel,"Q1255-,0.368"
X-1156,NCOR2,9612.0,MutNovel,"G1839GAAA,1.000"
X-1156,NCOR2,9612.0,MutNovel,"-511S,0.981"
X-1156,NCRNA00185,55410.0,Del0.8,0.17
X-1156,NCSTN,23385.0,Amp5,6.87
X-1156,NDUFA11,126328.0,MutNovel,"G107I,1.000"
X-1156,NDUFA4,4697.0,Amp5,5.28
X-1156,NDUFS2,4720.0,Amp5,6.32
X-1156,NEB,4703.0,MutNovel,"R8281Q,0.500"
X-1156,NEK1,4750.0,Del0.8,0.77
X-1156,NES,10763.0,Amp5,7.26
X-1156,NF1,4763.0,MutNovel,"H1626R,0.517"
X-1156,NFIC,4782.0,MutNovel,"S276C,1.000"
X-1156,NHLH1,4807.0,Amp5,6.87
X-1156,NIT1,4817.0,Amp5,6.32
X-1156,NKAIN1,79570.0,Del0.8,0.77
X-1156,NKD2,85409.0,Amp5,5.21
X-1156,NKX2-4,644524.0,MutNovel,"H180Q,0.394"
X-1156,NLGN4Y,22829.0,Del0.8,0.17
X-1156,NLRC5,84166.0,MutNovel,"G835S,0.526"
X-1156,NOL9,79707.0,MutNovel,"SG58AC,0.383"
X-1156,NOMO2,283820.0,MutNovel,"V580M,0.222"
X-1156,NOS1AP,9722.0,Amp5,6.32
X-1156,NOTCH2NL,388677.0,Amp5,5.21
X-1156,NOVA1,4857.0,MutKnownFunctional,"-470,0.270"
X-1156,NPAS3,64067.0,MutNovel,"D202Y,0.786"
X-1156,NPR1,4881.0,Amp5,6.59
X-1156,NR1I3,9970.0,Amp5,6.32
X-1156,NTRK1,4914.0,Amp5,7.26
X-1156,NUDT1,4521.0,Amp5,5.13
X-1156,NUDT11,55190.0,MutKnownFunctional,"-1,1.000"
X-1156,NUDT17,200035.0,Amp5,7.16
X-1156,NUDT19,390916.0,MutNovel,"H304P,0.529"
X-1156,NUF2,83540.0,Amp5,6.32
X-1156,NUP210L,91181.0,Amp5,5.66
X-1156,NXF1,10482.0,MutNovel,"R91C,0.417"
X-1156,NYNRIN,57523.0,MutNovel,"P391H,0.590"
X-1156,OAZ3,51686.0,Amp5,7.84
X-1156,OBP2A,29991.0,MutNovel,"L98F,1.000"
X-1156,ODZ3,55714.0,MutKnownFunctional,"-2444,0.397"
X-1156,OFCC1,,MutNovel,"H421R,1.000"
X-1156,OGFR,11054.0,MutNovel,"R328P,0.568"
X-1156,OLFML2B,25903.0,Amp5,6.32
X-1156,OR10J1,26476.0,Amp5,6.87
X-1156,OR10J3,441911.0,Amp5,6.87
X-1156,OR10J5,127385.0,Amp5,6.87
X-1156,OR10K1,391109.0,Amp5,6.96
X-1156,OR10K2,391107.0,Amp5,6.96
X-1156,OR10R2,343406.0,Amp5,6.96
X-1156,OR10T2,128360.0,Amp5,6.96
X-1156,OR10X1,128367.0,Amp5,6.82
X-1156,OR10Z1,128368.0,Amp5,6.82
X-1156,OR6K2,81448.0,Amp5,6.82
X-1156,OR6K3,391114.0,Amp5,6.82
X-1156,OR6K6,128371.0,Amp5,6.82
X-1156,OR6N1,128372.0,Amp5,6.82
X-1156,OR6N2,81442.0,Amp5,6.82
X-1156,OR6P1,128366.0,Amp5,6.82
X-1156,ORAI1,84876.0,MutNovel,"PP43-,1.000"
X-1156,OTUD7B,56957.0,Amp5,6.32
X-1156,OXER1,165140.0,MutNovel,"H84Q,0.286"
X-1156,PALM2-AKAP2,445815.0,MutNovel,"-840EA,1.000"
X-1156,PAOX,196743.0,MutNovel,"G109C,1.000"
X-1156,PAQR6,79957.0,Amp5,7.26
X-1156,PBX1,5087.0,Amp5,6.32
X-1156,PBXIP1,57326.0,Amp5,6.41
X-1156,PCDH11Y,83259.0,Del0.8,0.17
X-1156,PCDHA2,56146.0,MutNovel,"F622L,1.000"
X-1156,PCDHA7,56141.0,MutNovel,"E55D,1.000"
X-1156,PCDHA9,9752.0,MutNovel,"E55D,0.889"
X-1156,PCDHB2,56133.0,MutNovel,"D448N,0.274"
X-1156,PCDHB3,56132.0,MutNovel,"K434E,0.273"
X-1156,PCDHGA6,56109.0,MutNovel,"V182L,1.000"
X-1156,PCIF1,63935.0,MutNovel,"W49L,0.602"
X-1156,PCP4L1,654790.0,Amp5,6.32
X-1156,PCYT2,5833.0,MutNovel,"P183L,0.486"
X-1156,PDCD7,10081.0,MutNovel,"A157T,0.615"
X-1156,PDE3A,5139.0,MutNovel,"A216S,0.595"
X-1156,PDE4DIP,9659.0,MutNovel,"P2341L,0.500"
X-1156,PDE4DIP,9659.0,MutNovel,"T2297A,0.545"
X-1156,PDE4DIP,9659.0,MutNovel,"A2257V,0.727"
X-1156,PDGFA,5154.0,Amp5,6.28
X-1156,PDIA3P,171423.0,Amp5,7.16
X-1156,PDP1,54704.0,MutNovel,"V439L,0.588"
X-1156,PDZK1,5174.0,Amp5,7.16
X-1156,PDZK1P1,728939.0,Amp5,7.16
X-1156,PEA15,8682.0,Amp5,6.87
X-1156,PEAR1,375033.0,Amp5,7.26
X-1156,PER4,168741.0,Amp5,5.28
X-1156,PEX11B,8799.0,Amp5,7.16
X-1156,PEX19,5824.0,Amp5,6.87
X-1156,PFDN2,5202.0,Amp5,6.32
X-1156,PGLYRP1,8993.0,MutNovel,"Y83H,1.000"
X-1156,PGLYRP3,114771.0,Amp5,6.59
X-1156,PGLYRP4,57115.0,Amp5,6.59
X-1156,PHF14,9678.0,Amp5,5.28
X-1156,PHLDA1,22822.0,MutNovel,"QQ194Q,1.000"
X-1156,PI4KB,5298.0,Amp5,5.98
X-1156,PIAS3,10401.0,Amp5,7.16
X-1156,PIEZO1,9780.0,MutNovel,"R1462Q,0.462"
X-1156,PIEZO2,63895.0,MutNovel,"E2104K,0.448"
X-1156,PIGC,5279.0,Amp5,5.24
X-1156,PIGM,93183.0,Amp5,6.87
X-1156,PIP5K1A,8394.0,Amp5,5.98
X-1156,PIP5K1B,8395.0,MutNovel,"R257Q,1.000"
X-1156,PKLR,5313.0,Amp5,6.41
X-1156,PKNOX2,63876.0,MutNovel,"E442-,0.368"
X-1156,PLCXD2,257068.0,MutNovel,"S61R,1.000"
X-1156,PLEKHO1,51177.0,Amp5,6.32
X-1156,PMF1,11243.0,Amp5,7.26
X-1156,PMF1-BGLAP,100527963.0,Amp5,7.26
X-1156,PML,5371.0,MutNovel,"HPANAQE704-,0.419"
X-1156,PMVK,10654.0,Amp5,6.41
X-1156,PNPLA7,375775.0,MutNovel,"S867R,1.000"
X-1156,PODXL,5420.0,MutNovel,"V53D,0.502"
X-1156,POGK,57645.0,Amp5,6.32
X-1156,POGZ,23126.0,Amp5,5.98
X-1156,POLD1,5424.0,MutNovel,"T756A,0.274"
X-1156,POLR3B,55703.0,MutNovel,"L727W,0.506"
X-1156,POLR3C,10623.0,Amp5,7.16
X-1156,POLR3GL,84265.0,Amp5,6.11
X-1156,POM121L8P,29797.0,Del0.8,0.57
X-1156,POTEE,445582.0,MutNovel,"I803V,0.647"
X-1156,POU2F1,5451.0,Amp5,6.32
X-1156,POU5F1P4,645682.0,Amp5,6.41
X-1156,PPIAL4B,653505.0,Amp5,5.1
X-1156,PPIAL4D,645142.0,Amp5,7.16
X-1156,PPOX,5498.0,Amp5,6.32
X-1156,PPP1R21,129285.0,MutNovel,"V241L,0.289"
X-1156,PRAME,23532.0,MutNovel,"C388V,0.582"
X-1156,PRAME,23532.0,MutKnownFunctional,"-387?,0.610"
X-1156,PRCC,5546.0,Amp5,7.26
X-1156,PRDM2,7799.0,MutNovel,"R1537C,0.649"
X-1156,PREX1,57580.0,MutNovel,"N1101K,0.621"
X-1156,PRKAB2,5565.0,Amp5,7.16
X-1156,PRKAR1B,5575.0,Amp5,6.28
X-1156,PRKDC,5591.0,MutNovel,"I544V,0.385"
X-1156,PRKY,5616.0,Del0.8,0.17
X-1156,PRPF3,9129.0,Amp5,6.32
X-1156,PRR9,574414.0,Amp5,6.59
X-1156,PRRC2C,23215.0,Amp5,6.15
X-1156,PRRX1,5396.0,Amp5,6.15
X-1156,PRUNE,58497.0,Amp5,5.98
X-1156,PRY,9081.0,Del0.8,0.17
X-1156,PRY,9081.0,Del0.8,0.17
X-1156,PRY2,442862.0,Del0.8,0.17
X-1156,PRY2,442862.0,Del0.8,0.17
X-1156,PSMB4,5692.0,Amp5,5.98
X-1156,PSMD4,5710.0,Amp5,5.98
X-1156,PSMG3,84262.0,Amp5,6.28
X-1156,PTK2B,2185.0,MutNovel,"G414V,0.500"
X-1156,PTPRD,5789.0,MutNovel,"G1122V,1.000"
X-1156,PTPRN,5798.0,MutNovel,"R350L,0.328"
X-1156,PVRL3,25945.0,MutNovel,"V541E,0.220"
X-1156,PVRL4,81607.0,Amp5,6.32
X-1156,PYGO2,90780.0,Amp5,6.41
X-1156,PYHIN1,149628.0,Amp5,6.87
X-1156,PZP,5858.0,MutNovel,"G1090R,1.000"
X-1156,RAB13,5872.0,Amp5,6.59
X-1156,RAB25,57111.0,Amp5,7.26
X-1156,RAB40C,57799.0,MutNovel,"K16Q,0.222"
X-1156,RAC3,5881.0,MutNovel,"D76Y,0.398"
X-1156,RAG1,5896.0,MutNovel,"V762F,0.357"
X-1156,RAMP1,10267.0,MutNovel,"S141C,0.297"
X-1156,RBM14,10432.0,MutKnownFunctional,"-27,0.500"
X-1156,RBM6,10180.0,MutNovel,"T667I,0.475"
X-1156,RBM8A,9939.0,Amp5,7.16
X-1156,RBMY1A3P,286557.0,Del0.8,0.17
X-1156,RBMY1B,378948.0,Del0.8,0.17
X-1156,RBMY1B,378948.0,Del0.8,0.17
X-1156,RBMY1E,378950.0,Del0.8,0.17
X-1156,RBMY1E,378950.0,Del0.8,0.17
X-1156,RBMY1F,159163.0,Del0.8,0.17
X-1156,RBMY1F,159163.0,Del0.8,0.17
X-1156,RBMY1J,378951.0,Del0.8,0.17
X-1156,RBMY1J,378951.0,Del0.8,0.17
X-1156,RBMY2EP,159125.0,Del0.8,0.17
X-1156,RBMY2FP,159162.0,Del0.8,0.17
X-1156,RBMY3AP,64593.0,Del0.8,0.17
X-1156,RCSD1,92241.0,Amp5,6.32
X-1156,RFWD2,64326.0,MutNovel,"C91F,0.731"
X-1156,RFX5,5993.0,Amp5,5.98
X-1156,RGS4,5999.0,Amp5,6.32
X-1156,RGS5,8490.0,Amp5,6.32
X-1156,RHBG,57127.0,Amp5,7.26
X-1156,RHD,6007.0,Del0.8,0.31
X-1156,RIIAD1,284485.0,Amp5,7.84
X-1156,RIN3,79890.0,MutNovel,"G967-,1.000"
X-1156,RIT1,6016.0,Amp5,7.26
X-1156,RNF115,27246.0,Amp5,7.16
X-1156,RNF25,64320.0,MutNovel,"G36A,0.301"
X-1156,RORC,6097.0,Amp5,7.84
X-1156,RPL31P11,641311.0,Amp5,6.32
X-1156,RPRD2,23248.0,Amp5,6.32
X-1156,RPS27,6232.0,Amp5,6.59
X-1156,RPS4Y1,6192.0,Del0.8,0.19
X-1156,RPS4Y2,140032.0,Del0.8,0.17
X-1156,RPS6KA6,27330.0,MutNovel,"Q571H,1.000"
X-1156,RPTN,126638.0,Amp5,7.84
X-1156,RRN3,54700.0,MutNovel,"M325V,0.768"
X-1156,RRNAD1,51093.0,Amp5,7.26
X-1156,RSF1,51773.0,MutNovel,"C944F,0.607"
X-1156,RUSC1,23623.0,Amp5,6.41
X-1156,RUSC1-AS1,284618.0,Amp5,6.41
X-1156,RXFP4,339403.0,Amp5,7.26
X-1156,RXRG,6258.0,Amp5,6.32
X-1156,S100A1,6271.0,Amp5,6.59
X-1156,S100A10,6281.0,Amp5,7.84
X-1156,S100A11,6282.0,Amp5,7.84
X-1156,S100A12,6283.0,Amp5,6.59
X-1156,S100A13,6284.0,Amp5,6.59
X-1156,S100A14,57402.0,Amp5,6.59
X-1156,S100A16,140576.0,Amp5,6.59
X-1156,S100A2,6273.0,Amp5,6.59
X-1156,S100A3,6274.0,Amp5,6.59
X-1156,S100A4,6275.0,Amp5,6.59
X-1156,S100A5,6276.0,Amp5,6.59
X-1156,S100A6,6277.0,Amp5,6.59
X-1156,S100A7,6278.0,Amp5,6.59
X-1156,S100A7A,338324.0,Amp5,6.59
X-1156,S100A7L2,645922.0,Amp5,6.59
X-1156,S100A8,6279.0,Amp5,6.59
X-1156,S100A9,6280.0,Amp5,6.59
X-1156,SACS,26278.0,MutNovel,"R4448L,0.657"
X-1156,SACS,26278.0,MutNovel,"K722M,0.681"
X-1156,SCAF4,57466.0,MutKnownFunctional,"-120?,0.438"
X-1156,SCAMP3,10067.0,Amp5,6.41
X-1156,SCARNA3,677679.0,Amp8,8.63
X-1156,SCARNA4,677771.0,Amp5,7.26
X-1156,SCIN,85477.0,Amp5,5.28
X-1156,SCN8A,6334.0,MutNovel,"V283L,1.000"
X-1156,SCNM1,79005.0,Amp5,5.98
X-1156,SCYL3,57147.0,Amp5,6.15
X-1156,SDHAP3,728609.0,Amp5,5.21
X-1156,SDHC,6391.0,Amp5,6.32
X-1156,SEC24C,9632.0,MutNovel,"A62T,0.995"
X-1156,SELE,6401.0,Amp5,6.28
X-1156,SELENBP1,8991.0,Amp5,5.98
X-1156,SELL,6402.0,Amp5,6.28
X-1156,SELP,6403.0,Amp5,6.28
X-1156,SEMA4A,64218.0,Amp5,7.26
X-1156,SEMA5A,9037.0,MutNovel,"G982V,0.312"
X-1156,SEMA6C,10500.0,Amp5,5.98
X-1156,SEMA6D,80031.0,MutNovel,"T935N,0.875"
X-1156,SENP3,26168.0,MutNovel,"K436Q,0.667"
X-1156,SENP6,26054.0,MutNovel,"R500Q,0.664"
X-1156,SERHL2,253190.0,MutNovel,"H168Q,1.000"
X-1156,SERPINB10,5273.0,Del0.8,0.8
X-1156,SERPINB11,89778.0,Del0.8,0.8
X-1156,SERPINB2,5055.0,Del0.8,0.8
X-1156,SERPINB7,8710.0,Del0.8,0.8
X-1156,SERPINB8,5271.0,Del0.8,0.8
X-1156,SETDB1,9869.0,Amp5,5.98
X-1156,SF3B4,10262.0,Amp5,6.32
X-1156,SFT2D2,375035.0,Amp5,6.32
X-1156,SGOL2,151246.0,MutNovel,"Y924H,0.280"
X-1156,SH2D1B,117157.0,Amp5,6.32
X-1156,SH2D2A,9047.0,Amp5,7.26
X-1156,SH3GL1,6455.0,MutNovel,"E318Q,1.000"
X-1156,SH3RF1,57630.0,Del0.8,0.77
X-1156,SHC1,6464.0,Amp5,6.41
X-1156,SHE,126669.0,Amp5,6.41
X-1156,SIN3A,25942.0,MutNovel,"S464L,1.000"
X-1156,SLAMF1,6504.0,Amp5,6.32
X-1156,SLAMF6,114836.0,Amp5,6.32
X-1156,SLAMF7,57823.0,Amp5,6.32
X-1156,SLAMF8,56833.0,Amp5,6.87
X-1156,SLAMF9,89886.0,Amp5,6.87
X-1156,SLC12A7,10723.0,Amp5,5.21
X-1156,SLC16A1,6566.0,Del0.8,0.75
X-1156,SLC18B1,,MutNovel,"G412V,0.277"
X-1156,SLC19A2,10560.0,Amp5,6.28
X-1156,SLC25A44,9673.0,Amp5,7.26
X-1156,SLC27A3,11000.0,Amp5,6.59
X-1156,SLC27A5,10998.0,MutNovel,"Q614R,0.647"
X-1156,SLC2A3,6515.0,MutNovel,"A299V,0.210"
X-1156,SLC39A1,27173.0,Amp5,6.59
X-1156,SLC41A3,54946.0,MutNovel,"G450V,0.287"
X-1156,SLC50A1,55974.0,Amp5,6.41
X-1156,SLC6A18,348932.0,Amp5,5.21
X-1156,SLC6A19,340024.0,Amp5,5.21
X-1156,SLC6A3,6531.0,Amp5,5.21
X-1156,SLC6A6,6533.0,MutNovel,"T28M,0.380"
X-1156,SLCO2B1,11309.0,MutNovel,"P135L,0.333"
X-1156,SMARCA4,6597.0,MutKnownFunctional,"E536*,1.000"
X-1156,SMCP,4184.0,Amp5,6.59
X-1156,SMG1,23049.0,MutNovel,"D2949N,0.333"
X-1156,SMG5,23381.0,Amp5,7.26
X-1156,SNAPIN,23557.0,Amp5,6.59
X-1156,SNORA42,677823.0,Amp5,7.26
X-1156,SNRNP200,23020.0,MutNovel,"N968S,0.336"
X-1156,SNX25,83891.0,Del0.8,0.7
X-1156,SNX27,81609.0,Amp5,6.82
X-1156,SNX5,27131.0,MutNovel,"L198R,0.347"
X-1156,SNX8,29886.0,Amp5,5.13
X-1156,SOLH,6650.0,MutNovel,"P258L,0.751"
X-1156,SORCS2,57537.0,MutNovel,"M766I,0.571"
X-1156,SORCS2,57537.0,MutNovel,"V794M,0.444"
X-1156,SOX17,64321.0,MutNovel,"D347Y,0.500"
X-1156,SP4,6671.0,MutNovel,"N450H,0.528"
X-1156,SP4,6671.0,MutNovel,"Q453P,0.545"
X-1156,SPANXC,64663.0,MutNovel,"L80D,1.000"
X-1156,SPATA24,202051.0,MutNovel,"G192W,1.000"
X-1156,SPATA6,54558.0,MutNovel,"S175L,0.602"
X-1156,SPDYE6,729597.0,MutNovel,"R305C,0.275"
X-1156,SPRR1A,6698.0,Amp5,6.59
X-1156,SPRR1B,6699.0,Amp5,6.59
X-1156,SPRR2A,6700.0,Amp5,6.59
X-1156,SPRR2B,6701.0,Amp5,6.59
X-1156,SPRR2C,6702.0,Amp5,6.59
X-1156,SPRR2D,6703.0,Amp5,6.59
X-1156,SPRR2E,6704.0,Amp5,6.59
X-1156,SPRR2F,6705.0,Amp5,6.59
X-1156,SPRR2G,6706.0,Amp5,6.59
X-1156,SPRR3,6707.0,Amp5,6.59
X-1156,SPRR4,163778.0,Amp5,6.59
X-1156,SPTA1,6708.0,Amp5,6.82
X-1156,SRCIN1,80725.0,MutNovel,"T1141S,0.583"
X-1156,SRY,6736.0,Del0.8,0.19
X-1156,SSFA2,6744.0,MutNovel,"H426L,0.344"
X-1156,SSR2,6746.0,Amp5,7.26
X-1156,ST6GAL1,6480.0,MutNovel,"V16F,0.622"
X-1156,ST8SIA5,29906.0,MutNovel,"N169K,0.429"
X-1156,STAG3,10734.0,MutNovel,"E736V,0.661"
X-1156,STK11,6794.0,MutNovel,"G163V,1.000"
X-1156,STOX1,219736.0,MutKnownFunctional,"E692*,1.000"
X-1156,STRN,6801.0,MutNovel,"L77R,0.417"
X-1156,STRN3,29966.0,MutNovel,"R321W,0.494"
X-1156,SULF1,23213.0,MutNovel,"S426T,0.550"
X-1156,SUMO1P3,474338.0,Amp5,6.87
X-1156,SUN1,23353.0,Amp5,6.28
X-1156,SV2A,9900.0,Amp5,6.32
X-1156,SYT11,23208.0,Amp5,7.26
X-1156,TADA1,117143.0,Amp5,6.32
X-1156,TAGLN2,8407.0,Amp5,6.87
X-1156,TARS2,80222.0,Amp5,6.32
X-1156,TBL1Y,90665.0,Del0.8,0.17
X-1156,TBP,6908.0,MutNovel,"-64Q,0.493"
X-1156,TBP,6908.0,MutNovel,"-75Q,0.531"
X-1156,TBX19,9095.0,Amp5,6.32
X-1156,TCHH,7062.0,Amp5,7.84
X-1156,TCHHL1,126637.0,Amp5,7.84
X-1156,TCTN3,26123.0,MutNovel,"T316A,1.000"
X-1156,TDRD10,126668.0,Amp5,6.41
X-1156,TDRKH,11022.0,Amp5,7.84
X-1156,TEP1,7011.0,MutNovel,"P1495L,0.462"
X-1156,TERT,7015.0,Amp5,5.21
X-1156,TFAMP1,260341.0,Amp5,6.28
X-1156,TGIF2LX,90316.0,MutNovel,"R107L,1.000"
X-1156,TGIF2LY,90655.0,Del0.8,0.17
X-1156,THBS3,7059.0,Amp5,6.41
X-1156,THEM4,117145.0,Amp5,7.84
X-1156,THEM5,284486.0,Amp5,7.84
X-1156,THSD7A,221981.0,Amp5,5.28
X-1156,TICAM2,353376.0,MutNovel,"A93S,1.000"
X-1156,TIGD4,201798.0,Del0.8,0.76
X-1156,TIPRL,261726.0,Amp5,6.32
X-1156,TLL1,7092.0,MutNovel,"H810R,1.000"
X-1156,TMBIM4,51643.0,MutKnownFunctional,"-174?,0.962"
X-1156,TMCO1,54499.0,Amp5,6.32
X-1156,TMEM106B,54664.0,Amp5,5.28
X-1156,TMEM154,201799.0,Del0.8,0.76
X-1156,TMEM184A,202915.0,Amp5,6.28
X-1156,TMEM19,55266.0,MutNovel,"I35V,0.627"
X-1156,TMEM63C,57156.0,MutNovel,"T767N,0.235"
X-1156,TMEM79,84283.0,Amp5,7.26
X-1156,TMOD4,29765.0,Amp5,5.98
X-1156,TMPRSS2,7113.0,MutNovel,"G8R,1.000"
X-1156,TMSB4Y,9087.0,Del0.8,0.17
X-1156,TNFAIP8L2,79626.0,Amp5,5.98
X-1156,TNFAIP8L2-SCNM1,100534012.0,Amp5,5.98
X-1156,TNFRSF9,3604.0,MutNovel,"G150W,0.286"
X-1156,TNFSF18,8995.0,Amp5,5.24
X-1156,TOMM40L,84134.0,Amp5,6.32
X-1156,TOP1P1,7151.0,Amp5,6.15
X-1156,TOX2,84969.0,MutNovel,"-390P,0.211"
X-1156,TOX4,9878.0,MutNovel,"L284V,0.281"
X-1156,TP53,7157.0,MutLikelyFunctional,"R337C,0.996"
X-1156,TPM3,7170.0,Amp5,6.41
X-1156,TRIM2,23321.0,Del0.8,0.76
X-1156,TRIM46,80128.0,Amp5,6.41
X-1156,TRIM54,57159.0,MutNovel,"K172R,0.400"
X-1156,TRIP13,9319.0,Amp5,5.21
X-1156,TSPY1,7258.0,Del0.8,0.17
X-1156,TSPY2,64591.0,Del0.8,0.17
X-1156,TSPY3,728137.0,Del0.8,0.17
X-1156,TSPY4,728395.0,Del0.8,0.17
X-1156,TSPY8,728403.0,Del0.8,0.17
X-1156,TSTD1,100131187.0,Amp5,6.32
X-1156,TTC24,164118.0,Amp5,7.26
X-1156,TTC8,123016.0,MutNovel,"R443L,0.551"
X-1156,TTLL7,79739.0,MutNovel,"QD182HY,0.500"
X-1156,TTTY10,246119.0,Del0.8,0.17
X-1156,TTTY11,83866.0,Del0.8,0.17
X-1156,TTTY12,83867.0,Del0.8,0.17
X-1156,TTTY13,83868.0,Del0.8,0.17
X-1156,TTTY14,83869.0,Del0.8,0.17
X-1156,TTTY15,64595.0,Del0.8,0.17
X-1156,TTTY16,252948.0,Del0.8,0.17
X-1156,TTTY17A,252949.0,Del0.8,0.14
X-1156,TTTY17A,252949.0,Del0.8,0.11
X-1156,TTTY18,252950.0,Del0.8,0.17
X-1156,TTTY19,252952.0,Del0.8,0.17
X-1156,TTTY1B,100101116.0,Del0.8,0.17
X-1156,TTTY1B,100101116.0,Del0.8,0.17
X-1156,TTTY2,60439.0,Del0.8,0.17
X-1156,TTTY2,60439.0,Del0.8,0.17
X-1156,TTTY20,252951.0,Del0.8,0.17
X-1156,TTTY21,252953.0,Del0.8,0.17
X-1156,TTTY21,252953.0,Del0.8,0.17
X-1156,TTTY22,252954.0,Del0.8,0.17
X-1156,TTTY23,252955.0,Del0.8,0.17
X-1156,TTTY23,252955.0,Del0.8,0.17
X-1156,TTTY3,114760.0,Del0.8,0.14
X-1156,TTTY3,114760.0,Del0.8,0.17
X-1156,TTTY4,114761.0,Del0.8,0.11
X-1156,TTTY4,114761.0,Del0.8,0.14
X-1156,TTTY5,83863.0,Del0.8,0.17
X-1156,TTTY6,84672.0,Del0.8,0.17
X-1156,TTTY6,84672.0,Del0.8,0.17
X-1156,TTTY7,246122.0,Del0.8,0.17
X-1156,TTTY7,246122.0,Del0.8,0.17
X-1156,TTTY7B,100101120.0,Del0.8,0.17
X-1156,TTTY7B,100101120.0,Del0.8,0.17
X-1156,TTTY8,84673.0,Del0.8,0.17
X-1156,TTTY8,84673.0,Del0.8,0.17
X-1156,TTTY9A,83864.0,Del0.8,0.17
X-1156,TTTY9A,83864.0,Del0.8,0.17
X-1156,TTYH3,80727.0,Amp5,5.13
X-1156,TUBGCP6,85378.0,MutNovel,"P1048A,0.394"
X-1156,TUFT1,7286.0,Amp5,5.98
X-1156,TXLNG2P,246126.0,Del0.8,0.17
X-1156,TXNIP,10628.0,Amp5,5.21
X-1156,TYRO3,7301.0,MutNovel,"D801H,0.270"
X-1156,UAP1,6675.0,Amp5,6.32
X-1156,UBAP2L,9898.0,Amp5,6.41
X-1156,UBE2Q1,55585.0,Amp5,6.41
X-1156,UBE3D,,MutNovel,"Q275H,0.548"
X-1156,UBQLN4,56893.0,Amp5,7.26
X-1156,UCK2,7371.0,MutNovel,"R169T,0.907"
X-1156,UCK2,7371.0,Amp5,6.32
X-1156,UFC1,51506.0,Amp5,6.32
X-1156,UHMK1,127933.0,Amp5,6.32
X-1156,UHRF1BP1,54887.0,MutKnownFunctional,"G111*,1.000"
X-1156,UNC5C,8633.0,MutNovel,"T267K,0.400"
X-1156,UNCX,340260.0,Amp5,6.28
X-1156,USF1,7391.0,Amp5,6.32
X-1156,USP21,27005.0,Amp5,6.32
X-1156,USP31,57478.0,MutNovel,"R584H,0.679"
X-1156,USP32P2,220594.0,Del0.8,0.59
X-1156,USP33,23032.0,MutNovel,"D763Y,0.320"
X-1156,USP48,84196.0,Del0.8,0.79
X-1156,USP9Y,8287.0,Del0.8,0.17
X-1156,UTP14C,9724.0,MutNovel,"I702T,0.707"
X-1156,UTY,7404.0,Del0.8,0.17
X-1156,VAMP4,8674.0,Amp5,6.15
X-1156,VANGL2,57216.0,Amp5,6.32
X-1156,VCX,26609.0,MutNovel,"A70G,1.000"
X-1156,VCX3A,51481.0,MutNovel,"V140M,0.535"
X-1156,VCX3B,425054.0,MutNovel,"V190M,0.219"
X-1156,VCY,9084.0,Del0.8,0.17
X-1156,VCY,9084.0,Del0.8,0.17
X-1156,VHLL,391104.0,Amp5,7.26
X-1156,VPS28,51160.0,MutNovel,"I89M,0.478"
X-1156,VPS45,11311.0,Amp5,6.32
X-1156,VPS72,6944.0,Amp5,5.98
X-1156,VSIG8,391123.0,Amp5,6.87
X-1156,VWDE,221806.0,Amp5,5.28
X-1156,WDR33,55339.0,MutNovel,"G244D,0.260"
X-1156,WDR88,126248.0,MutNovel,"I213L,1.000"
X-1156,WHAMM,123720.0,MutNovel,"P171L,1.000"
X-1156,WNK3,65267.0,MutNovel,"K710M,1.000"
X-1156,WTIP,126374.0,MutNovel,"E70K,0.462"
X-1156,XAGE1E,,MutNovel,"S42G,0.250"
X-1156,XCL1,6375.0,Amp5,6.32
X-1156,XCL2,6846.0,Amp5,6.32
X-1156,XKRY2,353515.0,Del0.8,0.17
X-1156,XKRY2,353515.0,Del0.8,0.17
X-1156,XRN1,54464.0,MutNovel,"R1044L,0.280"
X-1156,YY1AP1,55249.0,Amp8,8.22
X-1156,ZBTB10,65986.0,MutNovel,"S36L,0.318"
X-1156,ZBTB7B,51043.0,Amp5,6.41
X-1156,ZEB1,6935.0,MutNovel,"P370T,1.000"
X-1156,ZEB2,9839.0,MutNovel,"R185P,0.208"
X-1156,ZFAND2A,90637.0,Amp5,6.28
X-1156,ZFAND4,93550.0,MutNovel,"D511N,1.000"
X-1156,ZFAT,57623.0,MutNovel,"G1040V,0.714"
X-1156,ZFC3H1,196441.0,MutNovel,"S757A,0.765"
X-1156,ZFHX4,79776.0,MutKnownFunctional,"Y3286*,0.538"
X-1156,ZFY,7544.0,Del0.8,0.19
X-1156,ZNF221,7638.0,MutNovel,"R404T,0.600"
X-1156,ZNF230,7773.0,MutNovel,"D121H,0.277"
X-1156,ZNF329,79673.0,MutNovel,"E536D,0.617"
X-1156,ZNF384,171017.0,MutNovel,"QQ514Q,0.246"
X-1156,ZNF470,388566.0,MutKnownFunctional,"-290,0.468"
X-1156,ZNF497,162968.0,MutNovel,"E428K,0.450"
X-1156,ZNF546,339327.0,MutNovel,"S296T,0.500"
X-1156,ZNF618,114991.0,MutNovel,"E749Q,0.436"
X-1156,ZNF687,57592.0,Amp5,5.98
X-1156,ZNF74,7625.0,MutKnownFunctional,"E74*,0.579"
X-1156,ZNF75D,7626.0,MutNovel,"D399Y,1.000"
X-1156,ZNF772,400720.0,MutNovel,"A4GP,0.571"
X-1156,ZNF831,128611.0,MutNovel,"E568Q,0.750"
X-1156,ZRANB2,9406.0,MutNovel,"K72I,0.635"
X-1172,A4GALT,53947.0,MutNovel,"W184C,0.435"
X-1172,ABCA5,23461.0,MutNovel,"D418V,0.633"
X-1172,ABCC1,4363.0,MutNovel,"W445L,0.498"
X-1172,ACBD6,84320.0,Amp5,5.31
X-1172,ACE,1636.0,MutNovel,"E58D,0.636"
X-1172,ACE2,59272.0,Del0.8,0.79
X-1172,ACOT1,641371.0,Del0.8,0.71
X-1172,ACVR1,90.0,MutNovel,"E45D,0.505"
X-1172,ADAMTS7,11173.0,MutNovel,"R1178M,0.500"
X-1172,ADAMTSL3,57188.0,MutNovel,"E735K,0.538"
X-1172,ADCY1,107.0,MutNovel,"E883K,0.333"
X-1172,ADH1B,125.0,MutNovel,"V103I,0.312"
X-1172,ADM,133.0,MutNovel,"P159Q,0.353"
X-1172,ADRA1D,146.0,MutNovel,"L359I,0.566"
X-1172,ADRA1D,146.0,MutNovel,"S31G,0.400"
X-1172,ADRBK2,157.0,MutNovel,"G387R,0.370"
X-1172,AFF2,2334.0,MutNovel,"P655H,1.000"
X-1172,AFMID,125061.0,Amp5,6.02
X-1172,AFP,174.0,MutNovel,"N348S,0.556"
X-1172,AGAP3,116988.0,MutNovel,"A268S,0.480"
X-1172,AGAP9,642517.0,MutNovel,"P240T,0.385"
X-1172,AHCYL2,23382.0,MutNovel,"G602V,0.542"
X-1172,AHNAK,79026.0,MutNovel,"S4278Y,0.623"
X-1172,AHNAK2,113146.0,MutKnownFunctional,"E3440*,1.000"
X-1172,AHNAK2,113146.0,MutNovel,"A147S,0.600"
X-1172,AKAP17A,8227.0,MutNovel,"R1657L,1.000"
X-1172,AKAP17A,8227.0,Del0.8,0.8
X-1172,AKAP8L,26993.0,MutNovel,"V420L,0.279"
X-1172,AKR1A1,10327.0,MutKnownFunctional,"G65*,0.304"
X-1172,ALKBH1,8846.0,MutKnownFunctional,"E297*,0.729"
X-1172,ALOX5,240.0,MutNovel,"G420D,0.643"
X-1172,ALPK1,80216.0,MutNovel,"G705V,0.718"
X-1172,AMELX,265.0,Del0.8,0.79
X-1172,AMELY,266.0,Del0.8,0.3
X-1172,AMOT,154796.0,MutNovel,"D831Y,1.000"
X-1172,AMY2B,280.0,MutNovel,"G253C,0.370"
X-1172,ANK2,287.0,MutNovel,"V927L,0.268"
X-1172,ANKRD29,147463.0,Amp8,20.11
X-1172,ANKRD36,375248.0,MutNovel,"T998S,0.233"
X-1172,ANKRD44,91526.0,MutNovel,"Y248C,0.286"
X-1172,ANKRD49,54851.0,MutNovel,"V156L,0.475"
X-1172,ANKRD5,63926.0,MutNovel,"V696L,0.468"
X-1172,ANP32B,10541.0,MutKnownFunctional,"E212*,0.242"
X-1172,AP1S2,8905.0,Del0.8,0.79
X-1172,AP2A1,160.0,MutNovel,"F484C,0.336"
X-1172,AP3B1,8546.0,MutNovel,"P662L,1.000"
X-1172,APC,324.0,MutNovel,"R283P,1.000"
X-1172,APOBEC3F,200316.0,MutNovel,"R132S,0.611"
X-1172,APOBEC4,403314.0,Amp5,5.31
X-1172,AQP4,361.0,Amp8,10.78
X-1172,ARFGAP3,26286.0,MutNovel,"T125I,0.461"
X-1172,ARFGEF1,10565.0,MutNovel,"A765T,0.703"
X-1172,ARFGEF1,10565.0,MutNovel,"V624F,0.331"
X-1172,ARHGAP35,2909.0,MutKnownFunctional,"-1149,0.396"
X-1172,ARHGAP6,395.0,Del0.8,0.79
X-1172,ARID1A,8289.0,MutKnownFunctional,"Y195*,0.425"
X-1172,ARPC1A,10552.0,MutKnownFunctional,"W355*,0.459"
X-1172,ARPC5,10092.0,Amp5,5.31
X-1172,ARSD,414.0,Del0.8,0.8
X-1172,ARSE,415.0,Del0.8,0.8
X-1172,ARSF,416.0,Del0.8,0.8
X-1172,ARSH,347527.0,Del0.8,0.8
X-1172,ARV1,64801.0,MutKnownFunctional,"-170?,0.412"
X-1172,ARVCF,421.0,MutNovel,"M320I,0.571"
X-1172,ARX,170302.0,Del0.8,0.8
X-1172,ASAP2,8853.0,MutNovel,"H590Y,0.485"
X-1172,ASB11,140456.0,Del0.8,0.79
X-1172,ASB9,140462.0,Del0.8,0.79
X-1172,ASH1L,55870.0,MutNovel,"P870Q,0.614"
X-1172,ASL,435.0,MutNovel,"V190L,0.693"
X-1172,ASMT,438.0,Del0.8,0.8
X-1172,ASMTL,8623.0,Del0.8,0.8
X-1172,ASMTL-AS1,80161.0,Del0.8,0.8
X-1172,ASXL1,171023.0,MutNovel,"V1364F,0.526"
X-1172,ATF1,466.0,MutNovel,"S7N,0.295"
X-1172,ATG9B,285973.0,MutKnownFunctional,"W820*,0.565"
X-1172,ATM,472.0,MutNovel,"D1853V,0.581"
X-1172,ATP10D,57205.0,MutNovel,"Q222H,1.000"
X-1172,ATP11A,23250.0,MutNovel,"A288S,1.000"
X-1172,ATP5O,539.0,MutNovel,"E174K,1.000"
X-1172,ATP6V0A2,23545.0,MutNovel,"G53C,0.697"
X-1172,ATR,545.0,MutNovel,"A1403S,0.470"
X-1172,ATXN3L,92552.0,Del0.8,0.79
X-1172,B4GALT6,9331.0,Amp5,5.31
X-1172,BAHD1,22893.0,MutNovel,"P288H,1.000"
X-1172,BAI1,575.0,MutNovel,"Q714H,0.600"
X-1172,BAI2,576.0,MutKnownFunctional,"-497,0.417"
X-1172,BCAR1,9564.0,MutNovel,"P429L,0.730"
X-1172,BCORP1,286554.0,Del0.8,0.3
X-1172,BDP1,55814.0,MutNovel,"K433N,1.000"
X-1172,BECN1,8678.0,MutNovel,"P84T,0.395"
X-1172,BEND2,139105.0,Del0.8,0.78
X-1172,BICC1,80114.0,MutNovel,"S688C,0.500"
X-1172,BIRC5,332.0,Amp5,6.02
X-1172,BIRC6,57448.0,MutNovel,"C4601F,0.504"
X-1172,BMX,660.0,Del0.8,0.79
X-1172,BNC1,646.0,MutNovel,"T38S,0.500"
X-1172,BOC,91653.0,MutNovel,"T100N,0.300"
X-1172,BPY2B,442867.0,Del0.8,0.27
X-1172,BPY2B,442867.0,Del0.8,0.17
X-1172,BRD9,65980.0,MutNovel,"E17D,0.566"
X-1172,BRF1,2972.0,MutNovel,"E489V,0.593"
X-1172,BTNL8,79908.0,MutNovel,"G311R,1.000"
X-1172,C10orf47,254427.0,MutNovel,"P297T,0.630"
X-1172,C11orf70,85016.0,MutKnownFunctional,"K199*,0.222"
X-1172,C11orf82,220042.0,MutNovel,"G48V,0.298"
X-1172,C12orf56,115749.0,MutNovel,"S15R,0.571"
X-1172,C14orf80,283643.0,Amp5,5.28
X-1172,C16orf62,57020.0,MutNovel,"Q636H,0.504"
X-1172,C17orf89,284184.0,MutNovel,"R34T,0.520"
X-1172,C17orf97,400566.0,MutNovel,"E230D,1.000"
X-1172,C17orf97,400566.0,MutNovel,"H326Y,1.000"
X-1172,C17orf99,100141515.0,Amp5,6.02
X-1172,C18orf8,29919.0,Amp8,20.11
X-1172,C19orf38,255809.0,MutNovel,"P18L,1.000"
X-1172,C1QTNF6,114904.0,MutNovel,"E254D,0.455"
X-1172,C1orf21,81563.0,Amp5,5.31
X-1172,C1orf27,54953.0,Amp5,7.01
X-1172,C20orf111,51526.0,MutNovel,"S104G,0.464"
X-1172,C20orf194,25943.0,MutNovel,"V152A,0.516"
X-1172,C20orf26,26074.0,MutNovel,"K299N,1.000"
X-1172,C4orf33,132321.0,MutNovel,"V14L,0.250"
X-1172,C6,729.0,MutNovel,"H795N,0.333"
X-1172,C7,730.0,MutNovel,"G383C,1.000"
X-1172,C9orf174,100499483.0,MutNovel,"K674T,0.533"
X-1172,CA5B,11238.0,MutNovel,"D257Y,1.000"
X-1172,CA5B,11238.0,Del0.8,0.79
X-1172,CA5BP1,340591.0,Del0.8,0.79
X-1172,CABLES1,91768.0,Amp8,20.11
X-1172,CABYR,26256.0,Amp8,20.11
X-1172,CACNA2D3,55799.0,MutNovel,"S913I,1.000"
X-1172,CAPRIN2,65981.0,MutNovel,"R944G,0.762"
X-1172,CBLB,868.0,MutKnownFunctional,"R699*,0.253"
X-1172,CBLB,868.0,MutNovel,"V467F,0.654"
X-1172,CD1D,912.0,MutNovel,"G46C,0.906"
X-1172,CD302,9936.0,MutNovel,"S27C,0.585"
X-1172,CD99,4267.0,Del0.8,0.8
X-1172,CD99P1,401577.0,Del0.8,0.8
X-1172,CDC42EP1,11135.0,MutNovel,"PAPAANPS253P,1.000"
X-1172,CDHR2,54825.0,MutNovel,"Q3K,1.000"
X-1172,CDKL5,6792.0,Del0.8,0.78
X-1172,CDRT1,374286.0,MutNovel,"G492S,0.889"
X-1172,CDY1B,253175.0,Del0.8,0.27
X-1172,CDY1B,253175.0,Del0.8,0.3
X-1172,CDY2A,9426.0,Del0.8,0.3
X-1172,CDY2A,9426.0,Del0.8,0.3
X-1172,CDY2B,203611.0,Del0.8,0.3
X-1172,CDY2B,203611.0,Del0.8,0.3
X-1172,CEACAM3,1084.0,Amp8,15.67
X-1172,CEACAM4,1089.0,Amp5,5.13
X-1172,CEACAM5,1048.0,Amp8,16.91
X-1172,CEACAM6,4680.0,Amp8,25.28
X-1172,CEACAM7,1087.0,Amp8,16.91
X-1172,CEACAM8,1088.0,MutNovel,"D61H,1.000"
X-1172,CEL,1056.0,MutNovel,"E581K,0.600"
X-1172,CELSR1,9620.0,MutNovel,"Q506E,0.254"
X-1172,CENPE,1062.0,MutNovel,"L2469Q,0.277"
X-1172,CENPF,1063.0,MutNovel,"M1464I,0.628"
X-1172,CEP164,22897.0,MutKnownFunctional,"E733*,0.938"
X-1172,CEP290,80184.0,MutNovel,"D2426N,0.701"
X-1172,CFHR1,3078.0,Amp5,6.41
X-1172,CFHR3,10878.0,Amp5,6.41
X-1172,CFHR5,81494.0,MutNovel,"M86L,0.750"
X-1172,CFHR5,81494.0,MutNovel,"S88F,0.667"
X-1172,CFL2,1073.0,MutKnownFunctional,"K144*,0.280"
X-1172,CGNL1,84952.0,MutNovel,"G365W,1.000"
X-1172,CHD1L,9557.0,MutNovel,"R842L,0.590"
X-1172,CHD2,1106.0,MutKnownFunctional,"-1242?,0.762"
X-1172,CHI3L2,1117.0,MutNovel,"A165T,0.333"
X-1172,CHKB,1120.0,MutNovel,"A13V,0.361"
X-1172,CHRAC1,54108.0,MutNovel,"Q54E,0.521"
X-1172,CHRFAM7A,89832.0,Del0.8,0.59
X-1172,CHRNB4,1143.0,MutNovel,"R219L,1.000"
X-1172,CHST7,56548.0,MutNovel,"R391L,1.000"
X-1172,CHST9,83539.0,Amp5,7.01
X-1172,CHST9-AS1,147429.0,Amp8,8.69
X-1172,CHTF18,63922.0,MutNovel,"E267V,0.351"
X-1172,CITED2,10370.0,Del0.8,0.69
X-1172,CKAP4,10970.0,MutNovel,"P497L,0.312"
X-1172,CLASP2,23122.0,MutKnownFunctional,"E27*,1.000"
X-1172,CLCA1,1179.0,MutNovel,"D40E,0.480"
X-1172,CLCN4,1183.0,Del0.8,0.79
X-1172,CLCN7,1186.0,MutNovel,"I83M,0.415"
X-1172,CLK1,1195.0,MutNovel,"K325N,0.486"
X-1172,CNKSR2,22866.0,Del0.8,0.78
X-1172,CNTN5,53942.0,MutNovel,"G404W,0.800"
X-1172,CNTNAP3B,728577.0,MutNovel,"G1195R,0.714"
X-1172,COL11A2,1302.0,MutNovel,"R537K,1.000"
X-1172,COL17A1,1308.0,MutNovel,"Q1431E,0.476"
X-1172,CORO2A,7464.0,MutNovel,"E460Q,0.465"
X-1172,CPSF3L,54973.0,MutNovel,"H100R,0.427"
X-1172,CRB1,23418.0,MutNovel,"T238N,0.800"
X-1172,CREB3L2,64764.0,MutNovel,"G278V,0.452"
X-1172,CRIP1,1396.0,Amp5,5.28
X-1172,CRIP2,1397.0,Amp5,5.28
X-1172,CRLF2,64109.0,Del0.8,0.8
X-1172,CRMP1,1400.0,MutNovel,"S340R,1.000"
X-1172,CROCC,9696.0,MutNovel,"T1832I,0.583"
X-1172,CROT,54677.0,MutNovel,"M189L,0.316"
X-1172,CRYBG3,,MutNovel,"V1283F,0.507"
X-1172,CRYBG3,,MutNovel,"D2028Y,0.598"
X-1172,CRYL1,51084.0,MutNovel,"D98Y,1.000"
X-1172,CSF2RA,1438.0,Del0.8,0.8
X-1172,CSPG4,1464.0,MutNovel,"V2049M,0.529"
X-1172,CSPG4P1Y,114758.0,Del0.8,0.27
X-1172,CSPG4P1Y,114758.0,Del0.8,0.3
X-1172,CSRNP1,64651.0,MutNovel,"A114S,1.000"
X-1172,CTAGE1,64693.0,Amp8,10.56
X-1172,CTNNAL1,8727.0,MutNovel,"E304V,0.464"
X-1172,CTSA,5476.0,MutNovel,"L29-,0.265"
X-1172,CUL5,8065.0,MutNovel,"I134V,0.487"
X-1172,CUL9,23113.0,MutNovel,"A141P,1.000"
X-1172,CWF19L2,143884.0,MutNovel,"V157F,0.400"
X-1172,CXCL12,6387.0,MutNovel,"G90W,1.000"
X-1172,CXorf23,256643.0,Del0.8,0.78
X-1172,CXorf28,100129464.0,Del0.8,0.8
X-1172,CYBRD1,79901.0,MutNovel,"M116I,0.549"
X-1172,CYLD,1540.0,MutNovel,"D882Y,0.625"
X-1172,CYP2J2,1573.0,MutNovel,"S352C,0.588"
X-1172,DACH1,1602.0,MutNovel,"GG82-,1.000"
X-1172,DAZ1,1617.0,Del0.8,0.3
X-1172,DAZ2,57055.0,Del0.8,0.29
X-1172,DAZ3,57054.0,Del0.8,0.28
X-1172,DAZ3,57054.0,Del0.8,0.27
X-1172,DAZ4,57135.0,Del0.8,0.28
X-1172,DAZ4,57135.0,Del0.8,0.29
X-1172,DCAF8L1,139425.0,Del0.8,0.8
X-1172,DCAF8L2,347442.0,Del0.8,0.8
X-1172,DCDC1,341019.0,MutNovel,"V192L,0.800"
X-1172,DCHS2,54798.0,MutNovel,"P78L,0.625"
X-1172,DCN,1634.0,MutNovel,"K105N,0.560"
X-1172,DCTN1,1639.0,MutNovel,"G205V,0.472"
X-1172,DDHD1,80821.0,MutNovel,"S224I,0.450"
X-1172,DDX20,11218.0,MutNovel,"N823K,0.264"
X-1172,DDX3Y,8653.0,Del0.8,0.3
X-1172,DDX41,51428.0,MutKnownFunctional,"E245*,0.220"
X-1172,DDX53,168400.0,Del0.8,0.78
X-1172,DENND4B,9909.0,MutNovel,"QQQ908-,0.368"
X-1172,DEPDC5,9681.0,MutNovel,"QA289HS,0.737"
X-1172,DHRS9,10170.0,MutNovel,"S274N,0.506"
X-1172,DHRSX,207063.0,Del0.8,0.8
X-1172,DHX34,9704.0,MutNovel,"T607I,0.348"
X-1172,DHX34,9704.0,MutNovel,"A698T,0.325"
X-1172,DHX34,9704.0,MutKnownFunctional,"-1055,0.290"
X-1172,DHX9,1660.0,Amp5,5.31
X-1172,DKFZP564C196,284649.0,Amp5,5.31
X-1172,DLG5,9231.0,MutNovel,"A1007T,0.528"
X-1172,DLL1,28514.0,MutNovel,"Y173F,1.000"
X-1172,DMBT1,1755.0,MutNovel,"S1095P,1.000"
X-1172,DMBT1,1755.0,MutNovel,"S1224P,0.941"
X-1172,DMBT1,1755.0,MutNovel,"Q1227R,1.000"
X-1172,DMBT1,1755.0,MutNovel,"S1231T,1.000"
X-1172,DMBT1,1755.0,MutNovel,"R1305W,1.000"
X-1172,DMBT1,1755.0,MutNovel,"R1434W,1.000"
X-1172,DNAH11,8701.0,MutNovel,"S3550F,1.000"
X-1172,DNAJC13,23317.0,MutNovel,"G416W,0.483"
X-1172,DPY19L3,147991.0,MutNovel,"E621D,0.326"
X-1172,DPY19L4,286148.0,MutNovel,"N132Y,0.400"
X-1172,DSC1,1823.0,Amp5,5.31
X-1172,DSC2,1824.0,Amp5,5.31
X-1172,DSC3,1825.0,Amp5,5.31
X-1172,DSG1,1828.0,Amp5,5.31
X-1172,DSG2,1829.0,Amp5,5.31
X-1172,DSG3,1830.0,Amp5,5.31
X-1172,DSG4,147409.0,Amp5,5.31
X-1172,DTNA,1837.0,MutNovel,"H680Q,0.394"
X-1172,DYNC1I2,1781.0,MutNovel,"A377S,0.498"
X-1172,DYNC2H1,79659.0,MutNovel,"V2555L,0.357"
X-1172,E2F8,79733.0,MutNovel,"E564A,0.846"
X-1172,EDEM3,80267.0,Amp5,5.31
X-1172,EEA1,8411.0,MutNovel,"S421G,0.360"
X-1172,EGFL6,25975.0,Del0.8,0.79
X-1172,EIF1AX,1964.0,Del0.8,0.78
X-1172,EIF1AY,9086.0,Del0.8,0.3
X-1172,EIF2S3,1968.0,Del0.8,0.8
X-1172,EIF4G1,1981.0,MutNovel,"G1058A,0.544"
X-1172,EIF5,1983.0,MutNovel,"T133R,0.605"
X-1172,EP400,57634.0,MutNovel,"-2728QQQ,0.403"
X-1172,EPHA3,2042.0,Del0.8,0.8
X-1172,ERCC6,2074.0,MutNovel,"K1352M,0.615"
X-1172,FAM122A,116224.0,MutNovel,"S254F,0.455"
X-1172,FAM129A,116496.0,Amp5,6.11
X-1172,FAM160A1,729830.0,MutNovel,"S148N,0.367"
X-1172,FAM171B,165215.0,MutNovel,"-50Q,0.800"
X-1172,FAM171B,165215.0,MutNovel,"G261V,0.395"
X-1172,FAM179B,23116.0,MutNovel,"D723Y,0.591"
X-1172,FAM197Y2P,252946.0,Del0.8,0.3
X-1172,FAM21B,55747.0,MutNovel,"V1197M,1.000"
X-1172,FAM41AY1,340618.0,Del0.8,0.3
X-1172,FAM41AY1,340618.0,Del0.8,0.3
X-1172,FAM48B1,100130302.0,Del0.8,0.8
X-1172,FAM48B2,170067.0,Del0.8,0.8
X-1172,FAM75A6,389730.0,Amp5,5.21
X-1172,FAM9A,171482.0,Del0.8,0.79
X-1172,FAM9B,171483.0,Del0.8,0.79
X-1172,FAM9C,171484.0,Del0.8,0.79
X-1172,FANCB,2187.0,Del0.8,0.79
X-1172,FANCM,57697.0,MutKnownFunctional,"G727*,0.583"
X-1172,FAP,2191.0,MutNovel,"G373V,0.539"
X-1172,FASN,2194.0,MutNovel,"V1453L,0.512"
X-1172,FAT1,2195.0,MutNovel,"G3702V,0.234"
X-1172,FAT3,120114.0,MutNovel,"T3463N,0.667"
X-1172,FAT4,79633.0,MutNovel,"Y2877C,0.333"
X-1172,FAT4,79633.0,MutNovel,"V3464I,0.684"
X-1172,FBRSL1,57666.0,MutNovel,"A293T,0.348"
X-1172,FBXO15,201456.0,MutNovel,"Y153F,1.000"
X-1172,FBXO21,23014.0,MutNovel,"R331K,0.826"
X-1172,FBXO38,81545.0,MutNovel,"NGS835N,1.000"
X-1172,FBXW10,10517.0,MutNovel,"G492S,0.778"
X-1172,FBXW7,55294.0,MutNovel,"Y545F,0.769"
X-1172,FCGBP,8857.0,MutNovel,"G4088V,0.600"
X-1172,FCGBP,8857.0,MutNovel,"V3110F,0.941"
X-1172,FCGBP,8857.0,MutNovel,"R1916H,0.259"
X-1172,FCHO1,23149.0,MutNovel,"S595R,1.000"
X-1172,FER1L6,654463.0,MutNovel,"T1513S,0.219"
X-1172,FHOD3,80206.0,MutNovel,"K964N,0.480"
X-1172,FIGF,2277.0,Del0.8,0.79
X-1172,FLG,2312.0,MutNovel,"R1674S,0.500"
X-1172,FN3K,64122.0,MutNovel,"D183Y,0.506"
X-1172,FOSB,2354.0,MutNovel,"Y97C,0.487"
X-1172,FOXJ2,55810.0,MutNovel,"A33S,0.645"
X-1172,FOXK1,221937.0,MutNovel,"A639S,0.631"
X-1172,FOXL1,2300.0,MutNovel,"A154S,0.857"
X-1172,FRAS1,80144.0,MutNovel,"Q2662K,0.652"
X-1172,FRMPD4,9758.0,Del0.8,0.79
X-1172,FTH1,2495.0,MutNovel,"V153G,0.240"
X-1172,FTSJD2,23070.0,MutNovel,"C423G,0.242"
X-1172,FUBP3,8939.0,MutNovel,"G65V,0.411"
X-1172,FYCO1,79443.0,MutNovel,"G946S,0.604"
X-1172,FZD1,8321.0,Amp5,5.13
X-1172,FZD4,8322.0,MutNovel,"V103M,0.455"
X-1172,GALNT1,2589.0,Amp5,7.01
X-1172,GALNT14,79623.0,MutNovel,"L153F,0.410"
X-1172,GARS,2617.0,MutNovel,"Y566C,0.570"
X-1172,GATA3,2625.0,MutNovel,"H79N,0.438"
X-1172,GATA6,2627.0,Amp8,10.56
X-1172,GC,2638.0,MutNovel,"V195I,0.327"
X-1172,GEMIN8,54960.0,Del0.8,0.79
X-1172,GFOD2,81577.0,MutNovel,"C166Y,0.299"
X-1172,GFPT1,2673.0,MutNovel,"W96L,0.512"
X-1172,GGA1,26088.0,MutNovel,"R49L,0.396"
X-1172,GGN,199720.0,MutNovel,"A330E,0.714"
X-1172,GGT1,2678.0,MutNovel,"G86A,0.684"
X-1172,GHR,2690.0,MutKnownFunctional,"Y203*,0.245"
X-1172,GIGYF2,26058.0,MutNovel,"G582V,0.526"
X-1172,GIGYF2,26058.0,MutNovel,"PQ1231P,0.463"
X-1172,GLB1,2720.0,MutNovel,"P664S,0.996"
X-1172,GLRA2,2742.0,Del0.8,0.79
X-1172,GLT25D2,23127.0,Amp5,5.31
X-1172,GLUL,2752.0,MutNovel,"C163F,0.812"
X-1172,GLUL,2752.0,Amp5,5.31
X-1172,GNRHR,2798.0,MutNovel,"P246H,0.800"
X-1172,GOLGA2P2Y,84559.0,Del0.8,0.3
X-1172,GOLGA2P2Y,84559.0,Del0.8,0.27
X-1172,GPATCH8,23131.0,MutNovel,"S510C,0.440"
X-1172,GPM6B,2824.0,Del0.8,0.79
X-1172,GPR143,4935.0,Del0.8,0.79
X-1172,GPR64,10149.0,Del0.8,0.78
X-1172,GPR75-ASB3,,MutNovel,"W469C,0.476"
X-1172,GPR98,84059.0,MutKnownFunctional,"-588?,0.353"
X-1172,GRB7,2886.0,MutNovel,"A142S,0.577"
X-1172,GREB1,9687.0,MutNovel,"S1520N,0.545"
X-1172,GREB1L,80000.0,MutNovel,"A1581D,0.212"
X-1172,GRIK2,2898.0,MutNovel,"R543S,1.000"
X-1172,GRIK5,2901.0,MutNovel,"Y427N,0.857"
X-1172,GRIN2D,2906.0,MutNovel,"P1210S,0.357"
X-1172,GSR,2936.0,MutNovel,"A34T,1.000"
X-1172,GSTZ1,2954.0,MutNovel,"G151D,0.727"
X-1172,GTF2IRD2B,389524.0,MutNovel,"D672Y,0.600"
X-1172,GTPBP3,84705.0,MutNovel,"V202L,0.361"
X-1172,GTPBP6,8225.0,Del0.8,0.8
X-1172,GYG2,8908.0,Del0.8,0.8
X-1172,GYG2P1,352887.0,Del0.8,0.3
X-1172,HAVCR1,26762.0,MutNovel,"MT158TT,0.621"
X-1172,HCCS,3052.0,Del0.8,0.79
X-1172,HCG4B,80868.0,Del0.8,0.5
X-1172,HCN4,10021.0,MutNovel,"G423S,1.000"
X-1172,HDAC4,9759.0,MutKnownFunctional,"Q496*,0.317"
X-1172,HDAC9,9734.0,MutKnownFunctional,"E604*,0.273"
X-1172,HDDC3,374659.0,MutNovel,"D66Y,0.585"
X-1172,HDHD1,8226.0,Del0.8,0.8
X-1172,HEATR6,63897.0,MutNovel,"R1069W,0.716"
X-1172,HECW1,23072.0,MutNovel,"R562L,0.714"
X-1172,HEG1,57493.0,MutNovel,"L23LW,0.449"
X-1172,HIST1H2AG,8969.0,MutNovel,"N90H,1.000"
X-1172,HIST2H2BE,8349.0,MutNovel,"T123N,0.385"
X-1172,HLA-A,3105.0,MutNovel,"R243Q,0.948"
X-1172,HLA-DRB5,3127.0,MutNovel,"V114A,1.000"
X-1172,HLA-G,3135.0,MutNovel,"M49V,1.000"
X-1172,HLA-G,3135.0,MutNovel,"W121M,1.000"
X-1172,HLA-G,3135.0,MutNovel,"I123F,1.000"
X-1172,HLA-H,3136.0,Del0.8,0.5
X-1172,HMCN1,83872.0,MutNovel,"Y1596F,0.772"
X-1172,HMCN1,83872.0,Amp5,7.01
X-1172,HNRNPL,3191.0,MutNovel,"R107S,0.375"
X-1172,HOXC6,3223.0,MutNovel,"E173K,0.533"
X-1172,HR,55806.0,MutNovel,"L830Q,1.000"
X-1172,HRH4,59340.0,Amp8,18.38
X-1172,HSD17B13,345275.0,MutNovel,"L104V,0.750"
X-1172,HSD17B2,3294.0,MutNovel,"R247K,0.348"
X-1172,HSD17B7,51478.0,MutNovel,"A24V,0.702"
X-1172,HSFY2,159119.0,Del0.8,0.3
X-1172,HSFY2,159119.0,Del0.8,0.3
X-1172,HSPB1,3315.0,MutNovel,"L99P,0.379"
X-1172,HTR1F,3355.0,MutNovel,"G32W,1.000"
X-1172,IARS,3376.0,MutNovel,"P227L,0.507"
X-1172,ICT1,3396.0,MutNovel,"D149G,0.632"
X-1172,IFI44,10561.0,MutNovel,"R264S,0.670"
X-1172,IGF2R,3482.0,MutNovel,"T1357M,1.000"
X-1172,IGFALS,3483.0,MutNovel,"W469R,0.636"
X-1172,IGHMBP2,3508.0,MutNovel,"V252L,0.467"
X-1172,IGSF10,285313.0,MutNovel,"I55M,0.417"
X-1172,IL1RAP,3556.0,MutNovel,"R86L,0.588"
X-1172,IL1RAPL1,11141.0,Del0.8,0.8
X-1172,IL3RA,3563.0,Del0.8,0.8
X-1172,IMPACT,55364.0,Amp8,18.38
X-1172,INE2,8551.0,Del0.8,0.79
X-1172,INSM1,3642.0,MutNovel,"Q394E,0.540"
X-1172,IPO13,9670.0,MutNovel,"G78V,0.662"
X-1172,IQGAP3,128239.0,MutNovel,"W783C,0.483"
X-1172,IQSEC1,9922.0,MutNovel,"R1055H,1.000"
X-1172,ISX,91464.0,MutNovel,"P149T,0.667"
X-1172,ITGA4,3676.0,MutNovel,"D757G,0.592"
X-1172,ITGB8,3696.0,MutNovel,"F237Y,0.636"
X-1172,IVNS1ABP,10625.0,Amp5,7.01
X-1172,JAKMIP3,282973.0,MutNovel,"E695V,0.545"
X-1172,JHDM1D,80853.0,MutNovel,"W807C,0.347"
X-1172,JKAMP,51528.0,MutNovel,"A308P,0.658"
X-1172,KAL1,3730.0,Del0.8,0.79
X-1172,KANK4,163782.0,MutNovel,"A142T,0.625"
X-1172,KBTBD7,84078.0,MutKnownFunctional,"-210?,1.000"
X-1172,KCNB2,9312.0,MutNovel,"T376K,0.375"
X-1172,KCNH1,3756.0,MutNovel,"K724N,0.667"
X-1172,KCNH2,3757.0,MutNovel,"H703L,0.500"
X-1172,KCTD1,284252.0,Amp8,13.74
X-1172,KDM5D,8284.0,Del0.8,0.3
X-1172,KEAP1,9817.0,MutNovel,"E242V,1.000"
X-1172,KIAA0100,9703.0,MutNovel,"P725L,0.747"
X-1172,KIAA0284,283638.0,MutNovel,"T1071I,0.636"
X-1172,KIAA0319L,79932.0,MutNovel,"Q274H,0.694"
X-1172,KIAA0564,23078.0,MutNovel,"M198I,1.000"
X-1172,KIAA0664,23277.0,MutNovel,"S799T,1.000"
X-1172,KIAA0825,285600.0,MutNovel,"E1274Q,1.000"
X-1172,KIAA0913,23053.0,MutNovel,"R502M,0.401"
X-1172,KIAA1211,57482.0,MutNovel,"G368V,0.500"
X-1172,KIF20B,9585.0,MutNovel,"L1062LKV,0.500"
X-1172,KIF3B,9371.0,MutKnownFunctional,"R654*,0.248"
X-1172,KIR2DL4,3805.0,Amp5,5.1
X-1172,KIR2DS4,3809.0,Amp5,5.1
X-1172,KIR3DL1,3811.0,Amp5,5.1
X-1172,KIRREL,55243.0,MutNovel,"A505S,0.357"
X-1172,KLHL12,59349.0,MutNovel,"S64I,0.572"
X-1172,KLHL15,80311.0,Del0.8,0.8
X-1172,KLHL34,257240.0,Del0.8,0.78
X-1172,KRAS,3845.0,MutKnownFunctional,"G12R,0.755"
X-1172,KRT17,3872.0,MutNovel,"E184D,0.961"
X-1172,L3MBTL1,26013.0,MutNovel,"G587R,0.226"
X-1172,LAMA2,3908.0,Del0.8,0.75
X-1172,LAMA3,3909.0,Amp8,20.11
X-1172,LAMA5,3911.0,MutNovel,"A10S,0.683"
X-1172,LAMB1,3912.0,MutNovel,"P866H,0.395"
X-1172,LAMB2,3913.0,MutNovel,"A1343P,0.502"
X-1172,LAMB2,3913.0,MutNovel,"G528A,1.000"
X-1172,LAMC1,3915.0,Amp5,5.31
X-1172,LAMC2,3918.0,Amp5,5.31
X-1172,LATS2,26524.0,MutNovel,"D1070H,1.000"
X-1172,LCAT,3931.0,MutNovel,"R423C,0.714"
X-1172,LCT,3938.0,MutNovel,"I362V,0.429"
X-1172,LEF1,51176.0,MutKnownFunctional,"R364*,0.235"
X-1172,LIMS3-LOC440895,100271835.0,Amp5,5.13
X-1172,LINC00102,100359394.0,Del0.8,0.8
X-1172,LINC00272,388719.0,Amp5,5.31
X-1172,LOC100131096,100131096.0,Amp5,6.02
X-1172,LOC100133123,100133123.0,Del0.8,0.79
X-1172,LOC100287837,,MutNovel,"A333T,0.333"
X-1172,LOC100287837,,MutNovel,"E5ER,0.611"
X-1172,LOC100288079,100288079.0,Amp5,7.01
X-1172,LOC100288814,100288814.0,Del0.8,0.79
X-1172,LOC100507203,100507203.0,MutNovel,"R90C,1.000"
X-1172,LOC100507334,100507334.0,Amp5,5.13
X-1172,LOC100652740,,MutNovel,"P140H,1.000"
X-1172,LOC100652741,,MutKnownFunctional,"E577*,0.412"
X-1172,LOC100652770,100652770.0,Amp5,5.31
X-1172,LOC100996481,,MutNovel,"L286P,1.000"
X-1172,LOC100996607,,MutNovel,"R279W,1.000"
X-1172,LOC151009,151009.0,Amp5,5.13
X-1172,LOC284648,284648.0,Amp5,5.31
X-1172,LOC389906,389906.0,Del0.8,0.8
X-1172,LOC400655,400655.0,Del0.8,0.62
X-1172,LOC728606,728606.0,Amp8,10.78
X-1172,LOC728888,,MutNovel,"R931W,0.706"
X-1172,LOC729609,729609.0,Del0.8,0.78
X-1172,LOC729950,729950.0,Amp8,18.38
X-1172,LPPR4,9890.0,MutNovel,"S711R,0.400"
X-1172,LRP1,4035.0,MutNovel,"R4058L,0.407"
X-1172,LRP12,29967.0,MutNovel,"G364V,0.530"
X-1172,LRP1B,53353.0,MutNovel,"C3880F,0.444"
X-1172,LRP1B,53353.0,MutNovel,"L3521F,0.316"
X-1172,LRP5,4041.0,MutNovel,"S1035I,0.336"
X-1172,LRP5,4041.0,MutNovel,"Q1087R,0.672"
X-1172,LRRC32,2615.0,MutNovel,"Q394H,0.500"
X-1172,LRRC37A3,374819.0,MutNovel,"T1626A,0.636"
X-1172,LRRTM4,80059.0,MutNovel,"Q409K,0.667"
X-1172,LSR,51599.0,MutNovel,"G518GR,0.897"
X-1172,LTBP4,8425.0,MutNovel,"H850Y,0.326"
X-1172,MAGEB10,139422.0,Del0.8,0.8
X-1172,MAGEB18,286514.0,Del0.8,0.8
X-1172,MAGEB2,4113.0,Del0.8,0.8
X-1172,MAGEB3,4114.0,Del0.8,0.8
X-1172,MAGEB6,158809.0,Del0.8,0.8
X-1172,MAGI1,9223.0,MutNovel,"DS254VT,1.000"
X-1172,MAP3K15,389840.0,Del0.8,0.78
X-1172,MAP3K7,6885.0,MutNovel,"L81V,1.000"
X-1172,MAP7D1,55700.0,MutNovel,"P35S,0.589"
X-1172,MAP7D2,256714.0,MutNovel,"G722V,1.000"
X-1172,MAP7D2,256714.0,Del0.8,0.78
X-1172,MAU2,23383.0,MutNovel,"AAQAA8-,1.000"
X-1172,MBD5,55777.0,MutNovel,"G4V,0.527"
X-1172,MBTPS2,51360.0,Del0.8,0.78
X-1172,ME2,4200.0,MutKnownFunctional,"E237*,1.000"
X-1172,MED12,9968.0,MutNovel,"R1859C,1.000"
X-1172,MED13,9969.0,MutNovel,"Q220H,0.643"
X-1172,MED15,51586.0,MutNovel,"V20I,0.453"
X-1172,MFAP3L,9848.0,MutNovel,"K381N,0.333"
X-1172,MFSD12,126321.0,MutKnownFunctional,"W39*,1.000"
X-1172,MFSD5,84975.0,MutKnownFunctional,"-489,0.374"
X-1172,MID1,4281.0,MutNovel,"A26S,1.000"
X-1172,MID1,4281.0,Del0.8,0.79
X-1172,MID2,11043.0,MutNovel,"I137F,0.619"
X-1172,MIDN,90007.0,MutNovel,"C20G,1.000"
X-1172,MIR1-2,406905.0,Amp8,10.56
X-1172,MIR133A1,406922.0,Amp8,10.56
X-1172,MIR137,406928.0,Amp5,5.31
X-1172,MIR23C,100500809.0,Del0.8,0.78
X-1172,MIR2682,100616452.0,Amp5,5.31
X-1172,MIR302F,100302131.0,Amp5,5.31
X-1172,MIR3121,100423032.0,Amp8,9.92
X-1172,MIR320C2,100302195.0,Amp8,20.11
X-1172,MIR3690,100500894.0,Del0.8,0.8
X-1172,MIR3975,100616257.0,Amp5,7.01
X-1172,MIR4741,100616139.0,Amp8,10.56
X-1172,MIR4767,100616467.0,Del0.8,0.8
X-1172,MIR4768,100616249.0,Del0.8,0.78
X-1172,MIR4770,100616373.0,Del0.8,0.8
X-1172,MIR548F1,100302192.0,Amp5,7.01
X-1172,MIR651,723779.0,Del0.8,0.8
X-1172,MKL2,57496.0,MutNovel,"L763F,0.545"
X-1172,MLL2,8085.0,MutKnownFunctional,"-3221,0.642"
X-1172,MLL4,9757.0,MutNovel,"P2138L,0.669"
X-1172,MLLT4,4301.0,MutNovel,"S1292N,1.000"
X-1172,MMP17,4326.0,MutNovel,"G36S,1.000"
X-1172,MOSPD2,158747.0,Del0.8,0.79
X-1172,MRPL54,116541.0,MutNovel,"G102C,1.000"
X-1172,MSL3,10943.0,Del0.8,0.79
X-1172,MTOR,2475.0,MutNovel,"Q2524H,0.608"
X-1172,MUC2,4583.0,MutNovel,"C2350F,0.573"
X-1172,MUS81,80198.0,MutNovel,"R355Q,0.310"
X-1172,MUS81,80198.0,MutNovel,"C451R,0.319"
X-1172,MUTYH,4595.0,MutNovel,"D271Y,0.399"
X-1172,MXRA5,25878.0,Del0.8,0.8
X-1172,MYO5A,4644.0,MutNovel,"M1289I,1.000"
X-1172,MYRIP,25924.0,MutKnownFunctional,"S182*,1.000"
X-1172,NAA15,80155.0,MutKnownFunctional,"Q142*,0.289"
X-1172,NBEA,26960.0,MutNovel,"W652S,0.955"
X-1172,NBEAL2,23218.0,MutNovel,"R958P,1.000"
X-1172,NBPF1,55672.0,MutNovel,"S853G,0.333"
X-1172,NBPF16,728936.0,MutNovel,"D237N,0.208"
X-1172,NCAPH,23397.0,MutNovel,"G385V,0.509"
X-1172,NCF2,4688.0,Amp5,5.31
X-1172,NCOA6,23054.0,MutNovel,"Q285H,0.450"
X-1172,NCOR2,9612.0,MutNovel,"G1839GAAA,1.000"
X-1172,NCRNA00185,55410.0,Del0.8,0.3
X-1172,NHS,4810.0,Del0.8,0.78
X-1172,NID1,4811.0,MutNovel,"T512N,1.000"
X-1172,NKX2-4,644524.0,MutNovel,"G73D,0.557"
X-1172,NLGN4X,57502.0,Del0.8,0.8
X-1172,NLGN4Y,22829.0,Del0.8,0.3
X-1172,NLRP11,204801.0,MutNovel,"L703I,0.706"
X-1172,NMNAT2,23057.0,Amp5,5.31
X-1172,NOMO1,23420.0,MutNovel,"R611L,0.508"
X-1172,NPAS2,4862.0,MutKnownFunctional,"-718,0.510"
X-1172,NPAS3,64067.0,MutNovel,"T717S,0.667"
X-1172,NPC1,4864.0,Amp8,20.11
X-1172,NPL,80896.0,Amp5,5.31
X-1172,NR1H3,10062.0,MutNovel,"E84G,0.288"
X-1172,NRP2,8828.0,MutNovel,"T595A,0.625"
X-1172,NSMCE1,197370.0,MutNovel,"V10I,0.483"
X-1172,NUDT11,55190.0,MutKnownFunctional,"-1,1.000"
X-1172,NUDT9,53343.0,MutNovel,"L161F,0.301"
X-1172,NUMB,8650.0,MutNovel,"I475V,0.340"
X-1172,NUP160,23279.0,MutNovel,"R1091C,0.507"
X-1172,NUP160,23279.0,MutNovel,"G563W,0.276"
X-1172,NUP98,4928.0,MutNovel,"P1222S,0.330"
X-1172,OCLM,10896.0,Amp5,7.01
X-1172,OFD1,8481.0,Del0.8,0.79
X-1172,OPHN1,4983.0,MutNovel,"R454W,1.000"
X-1172,OPHN1,4983.0,Amp5,6.68
X-1172,ORAI1,84876.0,MutNovel,"PP43-,1.000"
X-1172,OSBP,5007.0,MutKnownFunctional,"E796*,0.275"
X-1172,OSBPL1A,114876.0,Amp8,17.51
X-1172,OSTF1,26578.0,MutNovel,"A161S,0.388"
X-1172,OTX1,5013.0,MutNovel,"H281P,0.500"
X-1172,P2RY10,27334.0,MutNovel,"T173A,1.000"
X-1172,P2RY8,286530.0,Del0.8,0.8
X-1172,PALM3,342979.0,MutNovel,"A645S,1.000"
X-1172,PAPD7,11044.0,MutNovel,"Y42H,0.544"
X-1172,PARP8,79668.0,MutNovel,"S121G,1.000"
X-1172,PCDH10,57575.0,MutNovel,"A351S,0.500"
X-1172,PCDH11Y,83259.0,Del0.8,0.3
X-1172,PCDHA13,56136.0,MutNovel,"M770L,1.000"
X-1172,PCDHA4,56144.0,MutNovel,"L528V,0.667"
X-1172,PCDHA6,56142.0,MutNovel,"R623S,1.000"
X-1172,PCDHA7,56141.0,MutNovel,"S536T,0.857"
X-1172,PCDHB7,56129.0,MutNovel,"R652C,0.375"
X-1172,PCDHB8,56128.0,MutNovel,"D635E,0.950"
X-1172,PCYT1B,9468.0,Del0.8,0.8
X-1172,PDC,5132.0,Amp5,7.01
X-1172,PDHA1,5160.0,Del0.8,0.78
X-1172,PDK3,5165.0,Del0.8,0.8
X-1172,PDP1,54704.0,MutNovel,"M494I,0.368"
X-1172,PDZRN3,23024.0,MutNovel,"W719R,1.000"
X-1172,PEAK1,79834.0,MutKnownFunctional,"Q1369*,0.556"
X-1172,PGLYRP1,8993.0,MutNovel,"T176K,1.000"
X-1172,PHEX,5251.0,Del0.8,0.78
X-1172,PHKA2,5256.0,Del0.8,0.78
X-1172,PHLDA1,22822.0,MutNovel,"P209L,0.483"
X-1172,PHLDA1,22822.0,MutNovel,"QQ194Q,1.000"
X-1172,PHLDB2,90102.0,MutNovel,"S81I,0.333"
X-1172,PI15,51050.0,MutNovel,"A212P,0.632"
X-1172,PI4KA,5297.0,MutNovel,"K320M,0.505"
X-1172,PIGA,5277.0,Del0.8,0.79
X-1172,PIGN,23556.0,MutNovel,"V536M,1.000"
X-1172,PIKFYVE,200576.0,MutNovel,"T283S,0.672"
X-1172,PIKFYVE,200576.0,MutKnownFunctional,"S1622*,0.368"
X-1172,PIM3,415116.0,MutKnownFunctional,"E127*,0.500"
X-1172,PIR,8544.0,Del0.8,0.79
X-1172,PIR-FIGF,100532742.0,Del0.8,0.79
X-1172,PITPNA,5306.0,MutNovel,"C191F,0.995"
X-1172,PKN2,5586.0,MutNovel,"NL382N,0.281"
X-1172,PKP4,8502.0,MutNovel,"R712W,0.482"
X-1172,PLA2G4A,5321.0,Amp5,7.41
X-1172,PLA2G6,8398.0,MutNovel,"A634S,0.583"
X-1172,PLCB2,5330.0,MutNovel,"L989M,1.000"
X-1172,PLCE1,51196.0,MutNovel,"R729L,0.531"
X-1172,PLCXD1,55344.0,Del0.8,0.8
X-1172,PLCXD2,257068.0,MutNovel,"A108T,0.471"
X-1172,PLD3,23646.0,MutNovel,"M279V,0.687"
X-1172,PLEKHA6,22874.0,MutNovel,"G261W,0.426"
X-1172,PLEKHG2,64857.0,MutNovel,"K804N,0.766"
X-1172,PLK1S1,55857.0,MutNovel,"Y16C,0.386"
X-1172,PLXNA1,5361.0,MutNovel,"R1330L,0.494"
X-1172,PLXNC1,10154.0,MutNovel,"C606F,0.591"
X-1172,PNPLA3,80339.0,MutKnownFunctional,"-21,0.571"
X-1172,PNPLA4,8228.0,Del0.8,0.8
X-1172,POLA1,5422.0,Del0.8,0.8
X-1172,POLD1,5424.0,MutNovel,"Q69H,0.331"
X-1172,POLQ,10721.0,MutNovel,"KK1024K,0.571"
X-1172,POLR3A,11128.0,MutNovel,"P740L,0.447"
X-1172,POU2F1,5451.0,MutNovel,"T249M,0.364"
X-1172,PPEF1,5475.0,Del0.8,0.78
X-1172,PPFIA4,8497.0,MutNovel,"D75Y,0.542"
X-1172,PPP2R3B,28227.0,Del0.8,0.8
X-1172,PPP2R3B-AS1,283981.0,Del0.8,0.8
X-1172,PPRC1,23082.0,MutNovel,"G545V,0.486"
X-1172,PRDM5,11107.0,MutKnownFunctional,"Q135*,0.290"
X-1172,PRDX4,10549.0,Del0.8,0.78
X-1172,PREX1,57580.0,MutNovel,"C1206S,0.368"
X-1172,PRG4,10216.0,MutNovel,"P121R,1.000"
X-1172,PRG4,10216.0,MutNovel,"T423N,0.900"
X-1172,PRG4,10216.0,Amp5,7.01
X-1172,PRIC285,85441.0,MutNovel,"E1058D,0.375"
X-1172,PRKX,5613.0,Del0.8,0.8
X-1172,PRKY,5616.0,Del0.8,0.3
X-1172,PROC,5624.0,MutKnownFunctional,"C120*,0.667"
X-1172,PRPF6,24148.0,MutNovel,"H865Q,0.472"
X-1172,PRPS2,5634.0,Del0.8,0.79
X-1172,PRUNE2,158471.0,MutNovel,"I1624L,0.364"
X-1172,PRY,9081.0,Del0.8,0.3
X-1172,PRY,9081.0,Del0.8,0.3
X-1172,PRY2,442862.0,Del0.8,0.3
X-1172,PRY2,442862.0,Del0.8,0.3
X-1172,PSMA8,143471.0,Amp8,8.22
X-1172,PTCH1,5727.0,MutNovel,"P1315V,0.435"
X-1172,PTCH1,5727.0,MutNovel,"SS1007FC,0.577"
X-1172,PTCHD1,139411.0,Del0.8,0.78
X-1172,PTGS2,5743.0,Amp8,12.21
X-1172,PTPN18,26469.0,MutNovel,"R143W,0.270"
X-1172,PTPRD,5789.0,Del0.8,0.63
X-1172,PTPRF,5792.0,MutNovel,"M1639I,0.374"
X-1172,PTPRG,5793.0,MutNovel,"G36W,1.000"
X-1172,PVRL1,5818.0,MutNovel,"K61N,1.000"
X-1172,PYHIN1,149628.0,MutNovel,"P57R,1.000"
X-1172,PZP,5858.0,MutNovel,"G1090R,1.000"
X-1172,RAB11FIP4,84440.0,MutNovel,"T306K,0.889"
X-1172,RAB7L1,8934.0,MutNovel,"D180N,0.290"
X-1172,RAB9A,9367.0,Del0.8,0.79
X-1172,RABEP1,9135.0,MutNovel,"M174I,1.000"
X-1172,RAD21,5885.0,MutNovel,"E553D,0.492"
X-1172,RAD23A,5886.0,MutNovel,"G263D,0.269"
X-1172,RAI1,10743.0,MutNovel,"QQQ278-,1.000"
X-1172,RAI2,10742.0,Del0.8,0.78
X-1172,RALGAPB,57148.0,MutNovel,"G1171V,0.515"
X-1172,RANGAP1,5905.0,MutNovel,"E388K,0.430"
X-1172,RAVER2,55225.0,MutNovel,"A119T,0.637"
X-1172,RBBP8,5932.0,Amp8,10.56
X-1172,RBM10,8241.0,MutNovel,"D365Y,1.000"
X-1172,RBMY1A3P,286557.0,Del0.8,0.3
X-1172,RBMY1B,378948.0,Del0.8,0.3
X-1172,RBMY1B,378948.0,Del0.8,0.3
X-1172,RBMY1E,378950.0,Del0.8,0.3
X-1172,RBMY1E,378950.0,Del0.8,0.3
X-1172,RBMY1F,159163.0,Del0.8,0.3
X-1172,RBMY1F,159163.0,Del0.8,0.3
X-1172,RBMY1J,378951.0,Del0.8,0.3
X-1172,RBMY1J,378951.0,Del0.8,0.3
X-1172,RBMY2EP,159125.0,Del0.8,0.3
X-1172,RBMY2FP,159162.0,Del0.8,0.3
X-1172,RBMY3AP,64593.0,Del0.8,0.3
X-1172,RCL1,10171.0,MutNovel,"Q181R,1.000"
X-1172,REG1A,5967.0,MutNovel,"S143I,0.456"
X-1172,REXO1,57455.0,MutNovel,"G490V,1.000"
X-1172,RFNG,5986.0,MutNovel,"R233W,0.449"
X-1172,RGL1,23179.0,MutNovel,"I179F,0.868"
X-1172,RGL1,23179.0,Amp5,5.31
X-1172,RGS16,6004.0,Amp5,5.31
X-1172,RGS4,5999.0,MutKnownFunctional,"E258*,0.572"
X-1172,RGS8,85397.0,Amp5,5.31
X-1172,RGSL1,353299.0,Amp5,5.31
X-1172,RIOK3,8780.0,Amp8,20.11
X-1172,RIPK2,8767.0,Amp5,5.17
X-1172,RNASEL,6041.0,Amp5,5.31
X-1172,RNF169,254225.0,MutNovel,"E425D,0.649"
X-1172,RNF2,6045.0,Amp5,7.01
X-1172,RNF43,54894.0,MutNovel,"A629P,0.286"
X-1172,RPGRIP1L,23322.0,MutNovel,"P1243L,0.743"
X-1172,RPS4Y1,6192.0,Del0.8,0.3
X-1172,RPS4Y2,140032.0,Del0.8,0.3
X-1172,RPS6KA3,6197.0,Del0.8,0.78
X-1172,RS1,6247.0,Del0.8,0.78
X-1172,RTKN2,219790.0,MutNovel,"V535L,0.591"
X-1172,SALL4,57167.0,MutNovel,"P833L,0.451"
X-1172,SAMD9,54809.0,MutNovel,"K1522N,0.576"
X-1172,SAMD9L,219285.0,MutNovel,"G346R,0.222"
X-1172,SBNO2,22904.0,MutNovel,"G283R,1.000"
X-1172,SCARNA23,677773.0,Del0.8,0.8
X-1172,SCARNA9L,100158262.0,Del0.8,0.78
X-1172,SCML1,6322.0,Del0.8,0.78
X-1172,SCML2,10389.0,Del0.8,0.78
X-1172,SCN1B,6324.0,MutNovel,"V139F,0.750"
X-1172,SCN2A,6326.0,MutNovel,"K1644R,0.316"
X-1172,SCN9A,6335.0,MutNovel,"G616V,0.457"
X-1172,SCPEP1,59342.0,MutNovel,"E342Q,0.375"
X-1172,SEC22A,26984.0,MutKnownFunctional,"Q120*,0.280"
X-1172,SEC23B,10483.0,MutNovel,"E711D,0.540"
X-1172,SEC24A,10802.0,MutNovel,"S47F,1.000"
X-1172,SERINC2,347735.0,MutNovel,"-373Q,0.773"
X-1172,SERINC3,10955.0,MutNovel,"W186S,0.444"
X-1172,SERPINB3,6317.0,MutNovel,"D97N,1.000"
X-1172,SERPINB4,6318.0,MutNovel,"P31H,1.000"
X-1172,SETD2,29072.0,MutKnownFunctional,"-1447,1.000"
X-1172,SF3B3,23450.0,MutNovel,"G964R,0.679"
X-1172,SH3KBP1,30011.0,Del0.8,0.78
X-1172,SHCBP1,79801.0,MutNovel,"G379L,0.306"
X-1172,SHCBP1L,81626.0,Amp5,5.31
X-1172,SHOX,6473.0,Del0.8,0.8
X-1172,SHROOM2,357.0,Del0.8,0.79
X-1172,SI,6476.0,MutNovel,"R159G,0.667"
X-1172,SIGLEC10,89790.0,MutNovel,"P305T,0.500"
X-1172,SIK2,23235.0,MutKnownFunctional,"E97*,1.000"
X-1172,SIPA1L3,23094.0,MutNovel,"Q211H,0.357"
X-1172,SIRPA,140885.0,MutNovel,"T330I,0.623"
X-1172,SLC12A8,84561.0,MutNovel,"A438S,0.465"
X-1172,SLC15A1,6564.0,MutKnownFunctional,"W304*,1.000"
X-1172,SLC23A3,151295.0,MutNovel,"S159C,0.475"
X-1172,SLC25A6,293.0,Del0.8,0.8
X-1172,SLC27A4,10999.0,MutNovel,"H191L,0.491"
X-1172,SLC29A3,55315.0,MutNovel,"G450V,0.553"
X-1172,SLC29A4,222962.0,MutNovel,"L83V,0.366"
X-1172,SLC2A13,114134.0,MutNovel,"G177R,0.465"
X-1172,SLC35F1,222553.0,MutKnownFunctional,"Y297*,1.000"
X-1172,SLC9A5,6553.0,MutNovel,"V140M,0.875"
X-1172,SLCO5A1,81796.0,MutNovel,"R193L,0.625"
X-1172,SLITRK2,84631.0,MutNovel,"D532Y,1.000"
X-1172,SLMAP,7871.0,MutNovel,"G805R,1.000"
X-1172,SMEK3P,139420.0,Del0.8,0.8
X-1172,SMG5,23381.0,MutNovel,"R640C,0.583"
X-1172,SMG7,9887.0,Amp5,5.31
X-1172,SMPX,23676.0,Del0.8,0.78
X-1172,SMS,6611.0,Del0.8,0.78
X-1172,SNAPC4,6621.0,MutNovel,"H1067R,0.625"
X-1172,SORL1,6653.0,MutNovel,"Q1630H,1.000"
X-1172,SPAG1,6674.0,MutNovel,"G447V,0.550"
X-1172,SPATA18,132671.0,MutNovel,"L465F,0.533"
X-1172,SPECC1L,23384.0,MutNovel,"S973F,0.561"
X-1172,SPEG,10290.0,MutNovel,"Q1605H,0.565"
X-1172,SPEG,10290.0,MutNovel,"S1772C,0.440"
X-1172,SPEG,10290.0,MutNovel,"S2047G,0.357"
X-1172,SPEG,10290.0,MutNovel,"P2584Q,0.710"
X-1172,SPG11,80208.0,MutNovel,"Q1400E,1.000"
X-1172,SPG11,80208.0,MutNovel,"R1294I,1.000"
X-1172,SPIRE2,84501.0,MutNovel,"Q190H,0.787"
X-1172,SPOCD1,90853.0,MutNovel,"D782N,0.750"
X-1172,SPRED2,200734.0,MutKnownFunctional,"C365*,0.474"
X-1172,SPTSSB,165679.0,MutNovel,"A43P,0.750"
X-1172,SRCAP,10847.0,MutNovel,"R1098L,0.511"
X-1172,SRCAP,10847.0,MutKnownFunctional,"-2718?,0.536"
X-1172,SRRM2,23524.0,MutNovel,"R1758S,0.544"
X-1172,SRY,6736.0,Del0.8,0.3
X-1172,SS18,6760.0,Amp8,8.22
X-1172,STAG2,10735.0,MutNovel,"R1066W,0.988"
X-1172,STK31,56164.0,MutNovel,"K633T,0.824"
X-1172,STS,412.0,MutNovel,"W455C,1.000"
X-1172,STS,412.0,Del0.8,0.8
X-1172,SUZ12,23512.0,MutNovel,"V71M,0.647"
X-1172,SWT1,54823.0,Amp5,7.01
X-1172,SYNE2,23224.0,MutNovel,"G4746V,0.561"
X-1172,SYNGR2,9144.0,Amp5,6.02
X-1172,SYNPO2,171024.0,MutNovel,"P708T,0.462"
X-1172,SZT2,23334.0,MutNovel,"H2166R,0.610"
X-1172,TAF15,8148.0,MutNovel,"D421N,0.312"
X-1172,TAF4B,6875.0,Amp8,11.16
X-1172,TASP1,55617.0,MutNovel,"W173L,0.404"
X-1172,TBC1D10B,26000.0,MutNovel,"PTGTP149P,0.358"
X-1172,TBC1D10B,26000.0,MutNovel,"APAPA79A,0.548"
X-1172,TBL1X,6907.0,Del0.8,0.79
X-1172,TBL1Y,90665.0,Del0.8,0.3
X-1172,TBP,6908.0,MutNovel,"-64QQQ,0.947"
X-1172,TCEANC,170082.0,Del0.8,0.79
X-1172,TCP11L2,255394.0,MutNovel,"K386M,0.444"
X-1172,TEDDM1,127670.0,Amp5,5.31
X-1172,TELO2,9894.0,MutNovel,"G270R,0.336"
X-1172,TET2,54790.0,MutNovel,"P474L,0.646"
X-1172,TET2,54790.0,MutNovel,"R1167M,0.310"
X-1172,TET3,200424.0,MutNovel,"Q244H,0.443"
X-1172,TEX10,54881.0,MutNovel,"P127H,0.453"
X-1172,TEX15,56154.0,MutNovel,"L997I,1.000"
X-1172,TFAP2E,339488.0,MutNovel,"G394A,0.588"
X-1172,TFF2,7032.0,MutKnownFunctional,"C101*,1.000"
X-1172,TFIP11,24144.0,MutKnownFunctional,"E746*,0.431"
X-1172,TGIF2LY,90655.0,Del0.8,0.3
X-1172,TK1,7083.0,Amp5,6.02
X-1172,TLR7,51284.0,Del0.8,0.79
X-1172,TLR8,51311.0,Del0.8,0.79
X-1172,TLR8-AS1,349408.0,Del0.8,0.79
X-1172,TMC6,11322.0,Amp5,6.02
X-1172,TMC8,147138.0,Amp5,6.02
X-1172,TMCO4,255104.0,MutNovel,"L81F,0.353"
X-1172,TMEM121,80757.0,MutNovel,"A258S,0.704"
X-1172,TMEM121,80757.0,Amp5,5.28
X-1172,TMEM168,64418.0,MutNovel,"D587E,1.000"
X-1172,TMEM175,84286.0,MutNovel,"A42G,1.000"
X-1172,TMEM184A,202915.0,MutNovel,"G392GA,0.466"
X-1172,TMEM235,283999.0,Amp5,6.02
X-1172,TMEM241,85019.0,Amp8,20.11
X-1172,TMEM27,57393.0,Del0.8,0.79
X-1172,TMEM86B,255043.0,MutNovel,"P119S,0.311"
X-1172,TMSB4X,7114.0,Del0.8,0.79
X-1172,TMSB4Y,9087.0,Del0.8,0.3
X-1172,TMX3,54495.0,MutKnownFunctional,"E173*,1.000"
X-1172,TNFAIP6,7130.0,MutNovel,"G62V,0.476"
X-1172,TNPO1,3842.0,MutNovel,"N635Y,1.000"
X-1172,TNRC18,84629.0,MutNovel,"A458S,0.374"
X-1172,TOP1,7150.0,MutNovel,"H35P,0.502"
X-1172,TOP2B,7155.0,MutNovel,"A1186S,0.996"
X-1172,TOX2,84969.0,MutNovel,"-390P,0.395"
X-1172,TP53,7157.0,MutKnownFunctional,"M237I,1.000"
X-1172,TPM1,7168.0,MutNovel,"K233N,0.472"
X-1172,TPR,7175.0,Amp5,7.01
X-1172,TRABD2B,,MutNovel,"G355W,0.500"
X-1172,TRAF1,7185.0,MutNovel,"E171K,0.600"
X-1172,TRAF1,7185.0,MutNovel,"R72Q,0.429"
X-1172,TRAPPC12,51112.0,MutNovel,"A51P,0.536"
X-1172,TRAPPC2,6399.0,Del0.8,0.79
X-1172,TRAPPC8,22878.0,MutNovel,"R1228I,0.730"
X-1172,TRIM54,57159.0,MutNovel,"K210E,0.500"
X-1172,TRIM56,81844.0,MutNovel,"A176S,0.492"
X-1172,TRIO,7204.0,MutNovel,"Q1826H,0.410"
X-1172,TRMT1L,81627.0,Amp5,7.01
X-1172,TROAP,10024.0,MutNovel,"R4W,0.661"
X-1172,TRPA1,8989.0,MutNovel,"T516K,0.752"
X-1172,TRPC4,7223.0,MutNovel,"N9K,1.000"
X-1172,TRRAP,8295.0,MutNovel,"C2667F,0.472"
X-1172,TSEN15,116461.0,Amp5,5.31
X-1172,TSG101,7251.0,MutNovel,"Y390S,0.719"
X-1172,TSHZ3,57616.0,MutNovel,"T246N,0.800"
X-1172,TSPY1,7258.0,Del0.8,0.3
X-1172,TSPY2,64591.0,Del0.8,0.3
X-1172,TSPY3,728137.0,Del0.8,0.3
X-1172,TSPY4,728395.0,Del0.8,0.3
X-1172,TSPY8,728403.0,Del0.8,0.3
X-1172,TSPYL1,7259.0,MutNovel,"V176VW,1.000"
X-1172,TTBK1,84630.0,MutNovel,"S955R,1.000"
X-1172,TTC23,64927.0,MutNovel,"A268S,0.468"
X-1172,TTC39C,125488.0,Amp8,20.11
X-1172,TTLL6,284076.0,MutNovel,"W199R,0.822"
X-1172,TTN,7273.0,MutKnownFunctional,"Y31686*,0.643"
X-1172,TTN,7273.0,MutNovel,"V24259G,1.000"
X-1172,TTN,7273.0,MutNovel,"S18836Y,1.000"
X-1172,TTR,7276.0,Amp5,5.31
X-1172,TTTY10,246119.0,Del0.8,0.3
X-1172,TTTY11,83866.0,Del0.8,0.3
X-1172,TTTY12,83867.0,Del0.8,0.3
X-1172,TTTY13,83868.0,Del0.8,0.3
X-1172,TTTY14,83869.0,Del0.8,0.3
X-1172,TTTY15,64595.0,Del0.8,0.3
X-1172,TTTY16,252948.0,Del0.8,0.3
X-1172,TTTY17A,252949.0,Del0.8,0.3
X-1172,TTTY17A,252949.0,Del0.8,0.27
X-1172,TTTY18,252950.0,Del0.8,0.3
X-1172,TTTY19,252952.0,Del0.8,0.3
X-1172,TTTY1B,100101116.0,Del0.8,0.3
X-1172,TTTY1B,100101116.0,Del0.8,0.3
X-1172,TTTY2,60439.0,Del0.8,0.3
X-1172,TTTY2,60439.0,Del0.8,0.3
X-1172,TTTY20,252951.0,Del0.8,0.3
X-1172,TTTY21,252953.0,Del0.8,0.3
X-1172,TTTY21,252953.0,Del0.8,0.3
X-1172,TTTY22,252954.0,Del0.8,0.3
X-1172,TTTY23,252955.0,Del0.8,0.3
X-1172,TTTY23,252955.0,Del0.8,0.3
X-1172,TTTY3,114760.0,Del0.8,0.3
X-1172,TTTY3,114760.0,Del0.8,0.27
X-1172,TTTY4,114761.0,Del0.8,0.3
X-1172,TTTY4,114761.0,Del0.8,0.27
X-1172,TTTY5,83863.0,Del0.8,0.3
X-1172,TTTY6,84672.0,Del0.8,0.3
X-1172,TTTY6,84672.0,Del0.8,0.3
X-1172,TTTY7,246122.0,Del0.8,0.3
X-1172,TTTY7,246122.0,Del0.8,0.3
X-1172,TTTY7B,100101120.0,Del0.8,0.3
X-1172,TTTY7B,100101120.0,Del0.8,0.3
X-1172,TTTY8,84673.0,Del0.8,0.3
X-1172,TTTY8,84673.0,Del0.8,0.3
X-1172,TTTY9A,83864.0,Del0.8,0.3
X-1172,TTTY9A,83864.0,Del0.8,0.3
X-1172,TUBA1B,10376.0,MutNovel,"A12S,0.277"
X-1172,TUBGCP2,10844.0,MutNovel,"A619S,0.543"
X-1172,TULP4,56995.0,MutNovel,"S1406F,1.000"
X-1172,TXLNG2P,246126.0,Del0.8,0.3
X-1172,UCKL1,54963.0,MutNovel,"D453H,0.210"
X-1172,UGT1A3,54659.0,MutNovel,"G259R,0.321"
X-1172,UGT1A9,54600.0,MutNovel,"L173R,0.220"
X-1172,ULK1,8408.0,MutNovel,"R529L,0.563"
X-1172,UMPS,7372.0,MutNovel,"A7V,0.532"
X-1172,UNC45A,55898.0,MutNovel,"D537Y,0.581"
X-1172,UPF1,5976.0,MutNovel,"K593E,0.213"
X-1172,USO1,8615.0,MutNovel,"E835Q,0.593"
X-1172,USP13,8975.0,MutNovel,"G342C,0.513"
X-1172,USP20,10868.0,MutNovel,"G318V,0.483"
X-1172,USP28,57646.0,MutNovel,"G80E,1.000"
X-1172,USP35,57558.0,MutNovel,"R153L,0.308"
X-1172,USP5,8078.0,MutNovel,"V659L,0.502"
X-1172,USP9Y,8287.0,Del0.8,0.3
X-1172,UTY,7404.0,Del0.8,0.3
X-1172,VCAN,1462.0,MutNovel,"G1733S,1.000"
X-1172,VCAN,1462.0,MutNovel,"G2970R,1.000"
X-1172,VCPIP1,80124.0,MutNovel,"R818L,0.522"
X-1172,VCPIP1,80124.0,MutNovel,"G360S,0.583"
X-1172,VCX,26609.0,Del0.8,0.8
X-1172,VCX2,51480.0,Del0.8,0.8
X-1172,VCX3A,51481.0,Del0.8,0.8
X-1172,VCX3B,425054.0,Del0.8,0.79
X-1172,VCY,9084.0,Del0.8,0.3
X-1172,VCY,9084.0,Del0.8,0.3
X-1172,VENTXP1,139538.0,Del0.8,0.8
X-1172,VHL,7428.0,MutNovel,"P25L,1.000"
X-1172,VPS13A,23230.0,MutNovel,"K489N,0.435"
X-1172,VPS13B,157680.0,MutKnownFunctional,"K3122*,0.422"
X-1172,VWA7,80737.0,MutNovel,"N331D,1.000"
X-1172,WDR59,79726.0,MutNovel,"Q301H,0.705"
X-1172,WDR90,197335.0,MutNovel,"G1503S,0.514"
X-1172,WWC1,23286.0,MutNovel,"G332W,1.000"
X-1172,WWC3,55841.0,Del0.8,0.79
X-1172,XG,7499.0,Del0.8,0.8
X-1172,XGPY2,100132596.0,Del0.8,0.8
X-1172,XKRY2,353515.0,Del0.8,0.3
X-1172,XKRY2,353515.0,Del0.8,0.3
X-1172,XPR1,9213.0,Amp5,5.94
X-1172,XRCC1,7515.0,MutNovel,"N570I,0.638"
X-1172,XXYLT1,152002.0,MutNovel,"R361S,0.537"
X-1172,XYLT2,64132.0,MutNovel,"R12W,0.681"
X-1172,YIPF6,286451.0,Amp8,8.69
X-1172,YTHDF1,54915.0,MutNovel,"G272V,0.512"
X-1172,YY2,404281.0,Del0.8,0.78
X-1172,ZAK,51776.0,MutNovel,"I397N,0.439"
X-1172,ZBED1,9189.0,Del0.8,0.8
X-1172,ZCCHC2,54877.0,MutNovel,"S465Y,1.000"
X-1172,ZDBF2,57683.0,MutNovel,"A2109E,0.543"
X-1172,ZDHHC13,54503.0,MutNovel,"P185S,0.733"
X-1172,ZFAT,57623.0,MutNovel,"Q1234H,0.271"
X-1172,ZFHX2,85446.0,MutNovel,"R1504P,0.375"
X-1172,ZFHX3,463.0,MutNovel,"G3517D,0.583"
X-1172,ZFHX3,463.0,MutNovel,"G131V,0.273"
X-1172,ZFHX4,79776.0,MutNovel,"Q2467E,1.000"
X-1172,ZFX,7543.0,Del0.8,0.8
X-1172,ZFY,7544.0,Del0.8,0.3
X-1172,ZNF155,7711.0,MutNovel,"K269R,0.667"
X-1172,ZNF187,7741.0,MutNovel,"P49S,1.000"
X-1172,ZNF189,7743.0,MutNovel,"Q419R,0.551"
X-1172,ZNF192,7745.0,MutNovel,"I394V,1.000"
X-1172,ZNF215,7762.0,MutNovel,"C467F,0.692"
X-1172,ZNF217,7764.0,MutNovel,"D1045V,0.349"
X-1172,ZNF239,8187.0,MutNovel,"C433R,0.423"
X-1172,ZNF280D,54816.0,MutNovel,"R476L,1.000"
X-1172,ZNF286A,57335.0,MutNovel,"C440G,1.000"
X-1172,ZNF318,24149.0,MutNovel,"R2242M,0.523"
X-1172,ZNF384,171017.0,MutNovel,"QQ514Q,1.000"
X-1172,ZNF396,252884.0,MutNovel,"W80C,0.600"
X-1172,ZNF521,25925.0,Amp8,18.38
X-1172,ZNF558,148156.0,MutKnownFunctional,"E205*,1.000"
X-1172,ZNF605,100289635.0,MutNovel,"G570V,0.538"
X-1172,ZNF645,158506.0,Del0.8,0.78
X-1172,ZNF713,349075.0,MutKnownFunctional,"K148*,0.533"
X-1172,ZNF749,388567.0,MutNovel,"C443F,0.538"
X-1172,ZNF787,126208.0,MutNovel,"K44T,0.690"
X-1172,ZNF789,285989.0,MutNovel,"R174K,0.333"
X-1172,ZNF827,152485.0,MutNovel,"A858S,0.600"
X-1172,ZRANB1,54764.0,MutKnownFunctional,"-709?,0.500"
X-1172,ZRSR2,8233.0,Del0.8,0.79
X-1172,ZSCAN29,146050.0,MutNovel,"C739R,1.000"
X-1172,ZUFSP,221302.0,MutNovel,"D376Y,0.955"
X-1323,ABCB7,22.0,Del0.8,0.74
X-1323,ABCC10,89845.0,MutNovel,"C238R,0.375"
X-1323,ABRA,137735.0,Amp8,8.82
X-1323,ACE2,59272.0,Del0.8,0.75
X-1323,ACOT1,641371.0,Del0.8,0.68
X-1323,ACOT9,23597.0,Del0.8,0.75
X-1323,ACRC,93953.0,Del0.8,0.74
X-1323,ACSF2,80221.0,MutNovel,"R393Q,1.000"
X-1323,ACSL4,2182.0,Del0.8,0.75
X-1323,ACTRT1,139741.0,Del0.8,0.75
X-1323,ADAM18,8749.0,Del0.8,0.76
X-1323,ADAM2,2515.0,Del0.8,0.76
X-1323,ADAM32,203102.0,Del0.8,0.75
X-1323,ADAM3A,1587.0,Del0.8,0.3
X-1323,ADAM5P,255926.0,Del0.8,0.47
X-1323,ADAM6,8755.0,Amp5,5.24
X-1323,ADAM9,8754.0,Del0.8,0.75
X-1323,ADCK5,203054.0,Amp8,8.11
X-1323,ADCY8,114.0,Amp8,8.75
X-1323,ADHFE1,137872.0,Amp5,7.94
X-1323,ADRA1A,148.0,Del0.8,0.79
X-1323,ADRB3,155.0,Del0.8,0.77
X-1323,AFF2,2334.0,Del0.8,0.75
X-1323,AGPAT6,137964.0,Del0.8,0.76
X-1323,AGTR2,186.0,Del0.8,0.75
X-1323,AIFM1,9131.0,Del0.8,0.75
X-1323,AKAP13,11214.0,MutNovel,"L2655V,0.314"
X-1323,AKAP14,158798.0,Del0.8,0.75
X-1323,AKAP4,8852.0,Del0.8,0.74
X-1323,ALAS2,212.0,Del0.8,0.74
X-1323,ALG13,79868.0,Del0.8,0.75
X-1323,AMELX,265.0,Del0.8,0.75
X-1323,AMMECR1,9949.0,Del0.8,0.75
X-1323,AMOT,154796.0,Del0.8,0.75
X-1323,ANGPT1,284.0,Amp8,8.82
X-1323,ANKRD18A,253650.0,MutNovel,"R249Q,0.750"
X-1323,ANKRD36,375248.0,MutNovel,"T998S,0.267"
X-1323,ANKRD46,157567.0,Amp8,8.22
X-1323,ANXA13,312.0,Amp8,8.75
X-1323,AP1S1,1174.0,MutNovel,"F95L,0.371"
X-1323,AP1S2,8905.0,Del0.8,0.75
X-1323,APEX2,27301.0,Del0.8,0.74
X-1323,APLN,8862.0,Del0.8,0.75
X-1323,APOO,79135.0,Del0.8,0.75
X-1323,APOOL,139322.0,Del0.8,0.74
X-1323,AR,367.0,Del0.8,0.74
X-1323,ARAF,369.0,Del0.8,0.74
X-1323,ARC,23237.0,Amp8,8.75
X-1323,ARFGEF1,10565.0,Amp5,7.94
X-1323,ARHGAP36,158763.0,Del0.8,0.75
X-1323,ARHGAP39,80728.0,Amp8,8.11
X-1323,ARHGAP6,395.0,Del0.8,0.75
X-1323,ARHGEF6,9459.0,Del0.8,0.75
X-1323,ARHGEF9,23229.0,Del0.8,0.74
X-1323,ARID2,196528.0,MutNovel,"RG1068R,0.297"
X-1323,ARL13A,392509.0,Del0.8,0.75
X-1323,ARMC1,55156.0,Amp5,7.94
X-1323,ARMCX1,51309.0,Del0.8,0.75
X-1323,ARMCX2,9823.0,Del0.8,0.75
X-1323,ARMCX3,51566.0,Del0.8,0.75
X-1323,ARMCX4,100131755.0,Del0.8,0.75
X-1323,ARMCX5,64860.0,Del0.8,0.75
X-1323,ARMCX5-GPRASP2,100528062.0,Del0.8,0.75
X-1323,ARMCX6,54470.0,Del0.8,0.75
X-1323,ARR3,407.0,Del0.8,0.74
X-1323,ARSD,414.0,Del0.8,0.75
X-1323,ARSE,415.0,Del0.8,0.75
X-1323,ARSF,416.0,Del0.8,0.75
X-1323,ARSH,347527.0,Del0.8,0.75
X-1323,ARX,170302.0,Del0.8,0.75
X-1323,ASAP1,50807.0,Amp8,8.75
X-1323,ASAP1-IT1,29065.0,Amp8,8.75
X-1323,ASB11,140456.0,Del0.8,0.75
X-1323,ASB12,142689.0,Del0.8,0.74
X-1323,ASB9,140462.0,Del0.8,0.75
X-1323,ASH2L,9070.0,Del0.8,0.77
X-1323,ASPH,444.0,Amp5,7.94
X-1323,ATAD2,29028.0,Amp8,8.75
X-1323,ATAD3B,83858.0,MutNovel,"G54C,0.220"
X-1323,ATG4A,115201.0,Del0.8,0.75
X-1323,ATP11C,286410.0,Del0.8,0.75
X-1323,ATP1B4,23439.0,Del0.8,0.75
X-1323,ATP6AP2,10159.0,Del0.8,0.74
X-1323,ATP6V0D2,245972.0,Amp8,8.82
X-1323,ATP6V1C1,528.0,Amp8,8.82
X-1323,ATP6V1F,9296.0,MutNovel,"P73L,0.600"
X-1323,ATP6V1H,51606.0,Amp5,7.94
X-1323,ATP7A,538.0,Del0.8,0.74
X-1323,ATRN,8455.0,MutNovel,"W431L,0.222"
X-1323,ATRX,546.0,Del0.8,0.74
X-1323,ATXN3L,92552.0,Del0.8,0.75
X-1323,AWAT1,158833.0,Del0.8,0.74
X-1323,AWAT2,158835.0,Del0.8,0.74
X-1323,AZIN1,51582.0,Amp8,8.22
X-1323,B4GALT7,11285.0,MutNovel,"W90R,0.967"
X-1323,BAALC,79870.0,Amp8,8.82
X-1323,BAG4,9530.0,Del0.8,0.77
X-1323,BAI1,575.0,Amp8,8.75
X-1323,BAIAP2L2,80115.0,MutNovel,"P398S,0.222"
X-1323,BARX1,56033.0,MutNovel,"A48T,0.408"
X-1323,BCAS3,54828.0,MutNovel,"V315I,0.438"
X-1323,BCL2L12,83596.0,MutNovel,"D334G,1.000"
X-1323,BCOR,54880.0,Del0.8,0.74
X-1323,BCORL1,63035.0,Del0.8,0.75
X-1323,BCYRN1,618.0,Del0.8,0.74
X-1323,BEND2,139105.0,Del0.8,0.75
X-1323,BEX1,55859.0,Del0.8,0.75
X-1323,BEX2,84707.0,Del0.8,0.75
X-1323,BEX4,56271.0,Del0.8,0.75
X-1323,BEX5,340542.0,Del0.8,0.75
X-1323,BHLHB9,80823.0,Del0.8,0.75
X-1323,BHLHE22,27319.0,Amp5,7.94
X-1323,BMP15,9210.0,Del0.8,0.74
X-1323,BMX,660.0,Del0.8,0.75
X-1323,BNIP3L,665.0,Del0.8,0.8
X-1323,BOK,666.0,MutNovel,"V191G,0.239"
X-1323,BOP1,23246.0,Amp8,8.11
X-1323,BPHL,670.0,MutNovel,"K257M,0.341"
X-1323,BRAF,673.0,MutLikelyFunctional,"D594N,0.778"
X-1323,BREA2,286076.0,Amp8,8.11
X-1323,BRF2,55290.0,Del0.8,0.77
X-1323,BRS3,680.0,Del0.8,0.75
X-1323,BRWD3,254065.0,Del0.8,0.74
X-1323,BTK,695.0,Del0.8,0.75
X-1323,C11orf86,254439.0,MutNovel,"R89W,0.203"
X-1323,C16orf3,750.0,MutNovel,"V60I,0.429"
X-1323,C1GALT1C1,29071.0,Del0.8,0.75
X-1323,C3orf17,25871.0,MutNovel,"V28M,0.618"
X-1323,C7orf49,78996.0,MutNovel,"E144GK,0.208"
X-1323,C8orf22,492307.0,Amp5,7.94
X-1323,C8orf31,286122.0,Amp8,8.75
X-1323,C8orf33,65265.0,Amp8,8.11
X-1323,C8orf34,116328.0,Amp5,7.94
X-1323,C8orf37,157657.0,Amp8,8.22
X-1323,C8orf4,56892.0,Del0.8,0.76
X-1323,C8orf44,56260.0,Amp5,7.94
X-1323,C8orf44-SGK3,100533105.0,Amp5,7.94
X-1323,C8orf46,254778.0,Amp5,7.94
X-1323,C8orf47,203111.0,Amp8,8.22
X-1323,C8orf56,157556.0,Amp8,8.82
X-1323,C8orf59,401466.0,Amp8,8.82
X-1323,C8orf73,642475.0,Amp8,8.11
X-1323,C8orf76,84933.0,Amp8,8.75
X-1323,C8orf82,414919.0,Amp8,8.11
X-1323,C8orf86,389649.0,Del0.8,0.75
X-1323,CA1,759.0,Amp8,8.82
X-1323,CA13,377677.0,Amp8,8.82
X-1323,CA2,760.0,Amp8,8.82
X-1323,CA3,761.0,Amp8,8.82
X-1323,CA5B,11238.0,Del0.8,0.75
X-1323,CA5BP1,340591.0,Del0.8,0.75
X-1323,CA8,767.0,Amp5,7.94
X-1323,CACNA1F,778.0,Del0.8,0.74
X-1323,CALB1,793.0,Amp8,8.82
X-1323,CAPN6,827.0,Del0.8,0.75
X-1323,CASK,8573.0,Del0.8,0.74
X-1323,CCDC120,90060.0,Del0.8,0.74
X-1323,CCDC142,84865.0,MutNovel,"G38S,0.287"
X-1323,CCDC160,347475.0,Del0.8,0.75
X-1323,CCDC166,100130274.0,Amp8,8.11
X-1323,CCDC22,28952.0,Del0.8,0.74
X-1323,CCDC25,55246.0,Del0.8,0.79
X-1323,CCNB3,85417.0,Del0.8,0.74
X-1323,CCNE2,9134.0,Amp8,8.22
X-1323,CD40LG,959.0,Del0.8,0.75
X-1323,CD99,4267.0,Del0.8,0.75
X-1323,CD99P1,401577.0,Del0.8,0.75
X-1323,CDCA2,157313.0,Del0.8,0.77
X-1323,CDH17,1015.0,Amp8,8.57
X-1323,CDK13,8621.0,MutNovel,"T670R,1.000"
X-1323,CDK16,5127.0,Del0.8,0.74
X-1323,CDK6,1021.0,MutNovel,"P217S,0.267"
X-1323,CDKL5,6792.0,Del0.8,0.75
X-1323,CDR1,1038.0,Del0.8,0.75
X-1323,CDX4,1046.0,Del0.8,0.74
X-1323,CEBPD,1052.0,Amp5,7.94
X-1323,CENPI,2491.0,Del0.8,0.75
X-1323,CES1P1,51716.0,Del0.8,0.68
X-1323,CFHR3,10878.0,Amp5,6.06
X-1323,CFP,5199.0,Del0.8,0.74
X-1323,CHCHD7,79145.0,Amp5,7.94
X-1323,CHD7,55636.0,Amp5,7.94
X-1323,CHIC1,53344.0,Del0.8,0.74
X-1323,CHM,1121.0,Del0.8,0.74
X-1323,CHMP4C,92421.0,Amp8,8.82
X-1323,CHRAC1,54108.0,Amp8,8.75
X-1323,CHRDL1,91851.0,Del0.8,0.75
X-1323,CHRNA2,1135.0,Del0.8,0.79
X-1323,CHST7,56548.0,Del0.8,0.74
X-1323,CITED1,4435.0,Del0.8,0.74
X-1323,CLCN4,1183.0,Del0.8,0.75
X-1323,CLCN5,1184.0,Del0.8,0.74
X-1323,CLDN2,9075.0,Del0.8,0.75
X-1323,CLU,1191.0,Del0.8,0.79
X-1323,CLVS1,157807.0,Amp5,7.94
X-1323,CNBD1,168975.0,Amp8,8.82
X-1323,CNBP,7555.0,MutNovel,"D112G,0.309"
X-1323,CNGB3,54714.0,Amp8,8.82
X-1323,CNKSR2,22866.0,Del0.8,0.75
X-1323,CNTNAP1,8506.0,MutNovel,"R1058S,1.000"
X-1323,COL14A1,7373.0,Amp8,8.75
X-1323,COL22A1,169044.0,Amp8,8.75
X-1323,COL4A5,1287.0,Del0.8,0.75
X-1323,COL4A6,1288.0,Del0.8,0.75
X-1323,COLEC10,10584.0,Amp8,8.75
X-1323,COMMD5,28991.0,Amp8,8.11
X-1323,COPS5,10987.0,Amp5,7.94
X-1323,COX6C,1345.0,Amp8,8.22
X-1323,COX7B,1349.0,Del0.8,0.74
X-1323,CPA6,57094.0,Amp5,7.94
X-1323,CPNE3,8895.0,Amp8,8.82
X-1323,CPSF1,29894.0,Amp8,8.11
X-1323,CPXCR1,53336.0,Del0.8,0.74
X-1323,CRAMP1L,57585.0,MutNovel,"A68V,0.619"
X-1323,CREM,1390.0,MutNovel,"S62I,1.000"
X-1323,CRH,1392.0,Amp5,7.94
X-1323,CRIP2,1397.0,MutNovel,"P41H,0.345"
X-1323,CRISPLD1,83690.0,Amp8,9.13
X-1323,CSMD3,114788.0,Amp8,8.75
X-1323,CSPP1,79848.0,Amp5,7.94
X-1323,CSTF2,1478.0,Del0.8,0.75
X-1323,CT45A1,541466.0,Del0.8,0.75
X-1323,CT45A2,728911.0,Del0.8,0.75
X-1323,CT45A3,441519.0,Del0.8,0.75
X-1323,CT45A4,441520.0,Del0.8,0.75
X-1323,CT45A4,441520.0,Del0.8,0.75
X-1323,CT45A5,441521.0,Del0.8,0.75
X-1323,CT45A6,541465.0,Del0.8,0.75
X-1323,CT47A1,728096.0,Del0.8,0.75
X-1323,CT47A10,728036.0,Del0.8,0.75
X-1323,CT47A6,728062.0,Del0.8,0.75
X-1323,CT47A7,653282.0,Del0.8,0.75
X-1323,CT47B1,643311.0,Del0.8,0.75
X-1323,CTHRC1,115908.0,Amp8,8.82
X-1323,CTPS2,56474.0,Del0.8,0.75
X-1323,CTSA,5476.0,MutNovel,"L29-,0.234"
X-1323,CUL4B,8450.0,Del0.8,0.75
X-1323,CXCR3,2833.0,Del0.8,0.74
X-1323,CXXC1P1,392459.0,Del0.8,0.74
X-1323,CXorf1,9142.0,Del0.8,0.75
X-1323,CXorf21,80231.0,Del0.8,0.75
X-1323,CXorf22,170063.0,Del0.8,0.74
X-1323,CXorf23,256643.0,Del0.8,0.75
X-1323,CXorf26,51260.0,Del0.8,0.74
X-1323,CXorf27,25763.0,Del0.8,0.74
X-1323,CXorf28,100129464.0,Del0.8,0.75
X-1323,CXorf30,645090.0,Del0.8,0.74
X-1323,CXorf36,79742.0,Del0.8,0.74
X-1323,CXorf38,159013.0,Del0.8,0.74
X-1323,CXorf48,54967.0,Del0.8,0.75
X-1323,CXorf49B,100132994.0,Del0.8,0.74
X-1323,CXorf49B,100132994.0,Del0.8,0.74
X-1323,CXorf51A,100129239.0,Del0.8,0.75
X-1323,CXorf51A,100129239.0,Del0.8,0.75
X-1323,CXorf56,63932.0,Del0.8,0.75
X-1323,CXorf57,55086.0,Del0.8,0.75
X-1323,CXorf58,254158.0,Del0.8,0.75
X-1323,CXorf59,286464.0,Del0.8,0.74
X-1323,CXorf61,203413.0,Del0.8,0.75
X-1323,CXorf64,100130613.0,Del0.8,0.75
X-1323,CXorf65,158830.0,Del0.8,0.74
X-1323,CXorf66,347487.0,Del0.8,0.75
X-1323,CXorf69,644538.0,Del0.8,0.75
X-1323,CYBB,1536.0,Del0.8,0.74
X-1323,CYC1,1537.0,Amp8,8.11
X-1323,CYHR1,50626.0,Amp8,8.11
X-1323,CYLC1,1538.0,Del0.8,0.74
X-1323,CYP11B1,1584.0,Amp8,8.75
X-1323,CYP11B2,1585.0,Amp8,8.75
X-1323,CYP4F8,11283.0,MutNovel,"R12G,1.000"
X-1323,CYP7A1,1581.0,Amp5,7.94
X-1323,CYP7B1,9420.0,Amp5,7.94
X-1323,CYSLTR1,10800.0,Del0.8,0.74
X-1323,DACH2,117154.0,Del0.8,0.74
X-1323,DCAF12L1,139170.0,Del0.8,0.75
X-1323,DCAF12L2,340578.0,Del0.8,0.75
X-1323,DCAF13,25879.0,Amp8,8.82
X-1323,DCAF4L2,138009.0,Amp8,8.82
X-1323,DCAF8L1,139425.0,Del0.8,0.75
X-1323,DCAF8L2,347442.0,Del0.8,0.75
X-1323,DCP1A,55802.0,MutNovel,"SAI482I,1.000"
X-1323,DCSTAMP,81501.0,Amp8,8.82
X-1323,DCTN6,10671.0,Del0.8,0.75
X-1323,DCX,1641.0,Del0.8,0.75
X-1323,DDX18,8886.0,MutNovel,"KKK109-,0.230"
X-1323,DDX26B,203522.0,Del0.8,0.75
X-1323,DDX3X,1654.0,Del0.8,0.74
X-1323,DDX3Y,8653.0,Del0.8,0.79
X-1323,DDX41,51428.0,MutNovel,"K181N,1.000"
X-1323,DDX53,168400.0,Del0.8,0.75
X-1323,DECR1,1666.0,Amp8,8.82
X-1323,DENND3,22898.0,Amp8,8.75
X-1323,DEPTOR,64798.0,Amp8,8.75
X-1323,DERL1,79139.0,Amp8,8.75
X-1323,DGAT1,8694.0,Amp8,8.11
X-1323,DGAT2L6,347516.0,Del0.8,0.74
X-1323,DGKK,139189.0,Del0.8,0.74
X-1323,DHRSX,207063.0,Del0.8,0.75
X-1323,DIAPH2,1730.0,Del0.8,0.75
X-1323,DIP2C,22982.0,MutNovel,"W577L,0.667"
X-1323,DKFZp686D0853,401613.0,Del0.8,0.75
X-1323,DLG3,1741.0,Del0.8,0.74
X-1323,DMD,1756.0,Del0.8,0.75
X-1323,DMRTC1B,728656.0,Del0.8,0.74
X-1323,DMRTC1B,728656.0,Del0.8,0.74
X-1323,DNAJC5B,85479.0,Amp5,7.94
X-1323,DNMT1,1786.0,MutNovel,"T343K,0.394"
X-1323,DNMT3B,1789.0,MutNovel,"Q182R,0.360"
X-1323,DOCK11,139818.0,Del0.8,0.75
X-1323,DOCK5,80005.0,Del0.8,0.77
X-1323,DPY19L4,286148.0,Amp8,8.22
X-1323,DPYS,1807.0,Amp8,8.82
X-1323,DPYSL2,1808.0,Del0.8,0.8
X-1323,DRP2,1821.0,Del0.8,0.75
X-1323,DSCC1,79075.0,Amp8,8.75
X-1323,DUSP21,63904.0,Del0.8,0.74
X-1323,DUSP26,78986.0,Del0.8,0.76
X-1323,DUSP4,1846.0,Del0.8,0.79
X-1323,DYNLT3,6990.0,Del0.8,0.74
X-1323,E2F5,1875.0,Amp8,8.82
X-1323,EBAG9,9166.0,Amp8,8.82
X-1323,EBF2,64641.0,Del0.8,0.8
X-1323,EBP,10682.0,Del0.8,0.74
X-1323,EDA,1896.0,Del0.8,0.74
X-1323,EDA2R,60401.0,Del0.8,0.74
X-1323,EEF1D,1936.0,Amp8,8.11
X-1323,EFCAB1,79645.0,Amp5,7.94
X-1323,EFHC2,80258.0,Del0.8,0.74
X-1323,EFNB1,1947.0,Del0.8,0.74
X-1323,EFR3A,23167.0,Amp8,8.75
X-1323,EGFL6,25975.0,Del0.8,0.75
X-1323,EIF1AX,1964.0,Del0.8,0.75
X-1323,EIF2C2,27161.0,Amp8,8.75
X-1323,EIF2S3,1968.0,Del0.8,0.75
X-1323,EIF3E,3646.0,Amp8,8.82
X-1323,EIF3H,8667.0,Amp8,8.75
X-1323,EIF4EBP1,1978.0,Del0.8,0.77
X-1323,ELF4,2000.0,Del0.8,0.75
X-1323,ELK1,2002.0,Del0.8,0.74
X-1323,ELP3,55140.0,Del0.8,0.79
X-1323,ENOX2,10495.0,Del0.8,0.75
X-1323,ENPP2,5168.0,Amp8,8.75
X-1323,ENY2,56943.0,Amp8,8.82
X-1323,EPHX2,2053.0,Del0.8,0.79
X-1323,EPPK1,83481.0,MutNovel,"R2239H,0.233"
X-1323,EPPK1,83481.0,Amp8,8.11
X-1323,ERAS,3266.0,Del0.8,0.74
X-1323,ERCC6L,54821.0,Del0.8,0.74
X-1323,ERLIN2,11160.0,Del0.8,0.77
X-1323,ESCO2,157570.0,Del0.8,0.79
X-1323,ESRP1,54845.0,Amp8,8.22
X-1323,ESX1,80712.0,Del0.8,0.75
X-1323,ETS2,2114.0,MutNovel,"A156G,0.636"
X-1323,EXOSC4,54512.0,Amp8,8.11
X-1323,EXT1,2131.0,Amp8,8.75
X-1323,EXTL3,2137.0,Del0.8,0.79
X-1323,F9,2158.0,Del0.8,0.75
X-1323,FAAH2,158584.0,Del0.8,0.74
X-1323,FABP12,646486.0,Amp8,8.82
X-1323,FABP4,2167.0,Amp8,8.82
X-1323,FABP5,2171.0,Amp8,8.82
X-1323,FABP9,646480.0,Amp8,8.82
X-1323,FAM104B,90736.0,Del0.8,0.74
X-1323,FAM110B,90362.0,Amp5,7.94
X-1323,FAM118B,79607.0,MutNovel,"E22K,0.528"
X-1323,FAM120C,54954.0,Del0.8,0.74
X-1323,FAM122B,159090.0,Del0.8,0.75
X-1323,FAM122C,159091.0,Del0.8,0.75
X-1323,FAM123B,139285.0,Del0.8,0.74
X-1323,FAM127A,8933.0,Del0.8,0.75
X-1323,FAM127B,26071.0,Del0.8,0.75
X-1323,FAM127C,441518.0,Del0.8,0.75
X-1323,FAM133A,286499.0,Del0.8,0.75
X-1323,FAM135B,51059.0,Amp8,8.75
X-1323,FAM150A,389658.0,Amp5,7.94
X-1323,FAM155B,27112.0,Del0.8,0.74
X-1323,FAM156A,29057.0,Del0.8,0.74
X-1323,FAM156A,29057.0,Del0.8,0.74
X-1323,FAM156B,727866.0,Del0.8,0.74
X-1323,FAM156B,727866.0,Del0.8,0.74
X-1323,FAM157A,728262.0,MutNovel,"E319Q,0.429"
X-1323,FAM171B,165215.0,MutNovel,"-44QQ,0.417"
X-1323,FAM199X,139231.0,Del0.8,0.75
X-1323,FAM203A,51236.0,Amp8,8.11
X-1323,FAM21A,387680.0,MutNovel,"D376E,1.000"
X-1323,FAM45B,55855.0,Del0.8,0.75
X-1323,FAM46D,169966.0,Del0.8,0.74
X-1323,FAM47A,158724.0,Del0.8,0.74
X-1323,FAM47B,170062.0,Del0.8,0.74
X-1323,FAM47C,442444.0,Del0.8,0.74
X-1323,FAM48B1,100130302.0,Del0.8,0.75
X-1323,FAM48B2,170067.0,Del0.8,0.75
X-1323,FAM49B,51571.0,Amp8,8.75
X-1323,FAM70A,55026.0,Del0.8,0.75
X-1323,FAM82B,51115.0,Amp8,8.82
X-1323,FAM83A,84985.0,Amp8,8.75
X-1323,FAM83H,286077.0,Amp8,8.11
X-1323,FAM84B,157638.0,Amp8,8.75
X-1323,FAM91A1,157769.0,Amp8,8.75
X-1323,FAM92A1,137392.0,Amp8,8.57
X-1323,FAM98B,283742.0,MutNovel,"GGG417-,0.500"
X-1323,FAM9A,171482.0,Del0.8,0.75
X-1323,FAM9B,171483.0,Del0.8,0.75
X-1323,FAM9C,171484.0,Del0.8,0.75
X-1323,FANCB,2187.0,Del0.8,0.75
X-1323,FBXL6,26233.0,Amp8,8.11
X-1323,FBXO16,157574.0,Del0.8,0.79
X-1323,FBXO32,114907.0,Amp8,8.75
X-1323,FBXO43,286151.0,Amp8,8.22
X-1323,FER1L6,654463.0,Amp8,8.75
X-1323,FER1L6-AS1,439941.0,Amp8,8.75
X-1323,FFAR3,2865.0,Del0.8,0.26
X-1323,FGD1,2245.0,Del0.8,0.74
X-1323,FGF13,2258.0,Del0.8,0.75
X-1323,FGF16,8823.0,Del0.8,0.74
X-1323,FHL1,2273.0,Del0.8,0.75
X-1323,FIGF,2277.0,Del0.8,0.75
X-1323,FLJ39080,441355.0,Amp8,9.13
X-1323,FLJ42969,441374.0,Amp8,8.22
X-1323,FLJ43860,389690.0,Amp8,8.75
X-1323,FLJ44635,392490.0,Del0.8,0.74
X-1323,FMR1,2332.0,Del0.8,0.75
X-1323,FMR1-AS1,100126270.0,Del0.8,0.75
X-1323,FMR1NB,158521.0,Del0.8,0.75
X-1323,FOXH1,8928.0,Amp8,8.11
X-1323,FOXO4,4303.0,MutNovel,"M466I,0.333"
X-1323,FOXO4,4303.0,Del0.8,0.74
X-1323,FOXP3,50943.0,Del0.8,0.74
X-1323,FOXR2,139628.0,Del0.8,0.74
X-1323,FRMD7,90167.0,Del0.8,0.75
X-1323,FRMD8P1,83957.0,Del0.8,0.74
X-1323,FRMPD4,9758.0,Del0.8,0.75
X-1323,FTHL17,53940.0,Del0.8,0.75
X-1323,FTSJ1,24140.0,Del0.8,0.74
X-1323,FTX,100302692.0,Del0.8,0.74
X-1323,FUNDC1,139341.0,Del0.8,0.74
X-1323,FUT10,84750.0,Del0.8,0.76
X-1323,FZD3,7976.0,Del0.8,0.79
X-1323,FZD6,8323.0,Amp8,8.82
X-1323,GAGE1,2543.0,Del0.8,0.74
X-1323,GAGE10,643832.0,Del0.8,0.74
X-1323,GAGE12D,100132399.0,Del0.8,0.74
X-1323,GAGE12F,100008586.0,Del0.8,0.74
X-1323,GAGE12J,729396.0,Del0.8,0.74
X-1323,GAGE13,645051.0,Del0.8,0.74
X-1323,GAGE2A,729447.0,Del0.8,0.74
X-1323,GAGE2B,645037.0,Del0.8,0.74
X-1323,GAGE2C,2574.0,Del0.8,0.74
X-1323,GAGE2D,729408.0,Del0.8,0.74
X-1323,GAGE2E,26749.0,Del0.8,0.74
X-1323,GATA1,2623.0,Del0.8,0.74
X-1323,GDAP1,54332.0,Amp8,9.13
X-1323,GDF6,392255.0,Amp8,8.22
X-1323,GDPD2,54857.0,Del0.8,0.74
X-1323,GEM,2669.0,Amp8,8.57
X-1323,GEMIN8,54960.0,Del0.8,0.75
X-1323,GGH,8836.0,Amp5,7.94
X-1323,GHITM,27069.0,MutNovel,"M307L,0.652"
X-1323,GINS4,84296.0,Del0.8,0.76
X-1323,GJB1,2705.0,Del0.8,0.74
X-1323,GK,2710.0,Del0.8,0.75
X-1323,GLA,2717.0,Del0.8,0.75
X-1323,GLI4,2738.0,Amp8,8.11
X-1323,GLOD5,392465.0,Del0.8,0.74
X-1323,GLRA2,2742.0,Del0.8,0.75
X-1323,GLRA4,441509.0,Del0.8,0.75
X-1323,GLUD2,2747.0,Del0.8,0.75
X-1323,GML,2765.0,Amp8,8.75
X-1323,GMPS,8833.0,MutNovel,"S244G,0.655"
X-1323,GNL3L,54552.0,Del0.8,0.74
X-1323,GNRH1,2796.0,Del0.8,0.77
X-1323,GOLGA7,51125.0,Del0.8,0.76
X-1323,GOT1L1,137362.0,Del0.8,0.77
X-1323,GPAA1,8733.0,Amp8,8.11
X-1323,GPC3,2719.0,Del0.8,0.75
X-1323,GPC4,2239.0,Del0.8,0.75
X-1323,GPIHBP1,338328.0,Amp8,8.75
X-1323,GPKOW,27238.0,Del0.8,0.74
X-1323,GPM6B,2824.0,Del0.8,0.75
X-1323,GPR101,83550.0,Del0.8,0.75
X-1323,GPR112,139378.0,Del0.8,0.75
X-1323,GPR119,139760.0,Del0.8,0.75
X-1323,GPR124,25960.0,Del0.8,0.77
X-1323,GPR143,4935.0,Del0.8,0.75
X-1323,GPR173,54328.0,Del0.8,0.74
X-1323,GPR174,84636.0,Del0.8,0.74
X-1323,GPR20,2843.0,Amp8,8.75
X-1323,GPR34,2857.0,Del0.8,0.74
X-1323,GPR64,10149.0,Del0.8,0.75
X-1323,GPR82,27197.0,Del0.8,0.74
X-1323,GPRASP1,9737.0,Del0.8,0.75
X-1323,GPRASP2,114928.0,Del0.8,0.75
X-1323,GPT,2875.0,Amp8,8.11
X-1323,GRHL2,79977.0,Amp8,8.22
X-1323,GRIA3,2892.0,Del0.8,0.75
X-1323,GRIN1,2902.0,MutNovel,"R915H,1.000"
X-1323,GRINA,2907.0,Amp8,8.11
X-1323,GRIPAP1,56850.0,Del0.8,0.74
X-1323,GRPR,2925.0,Del0.8,0.75
X-1323,GSDMC,56169.0,Amp8,8.75
X-1323,GSDMD,79792.0,Amp8,8.11
X-1323,GSPT2,23708.0,Del0.8,0.74
X-1323,GTF2E2,2961.0,Del0.8,0.75
X-1323,GUCY2F,2986.0,Del0.8,0.75
X-1323,GYG2,8908.0,Del0.8,0.75
X-1323,GYG2P1,352887.0,Del0.8,0.79
X-1323,H2BFM,286436.0,Del0.8,0.75
X-1323,H2BFWT,158983.0,Del0.8,0.75
X-1323,H2BFXP,767811.0,Del0.8,0.75
X-1323,H2BFXP,767811.0,Del0.8,0.75
X-1323,HAS2,3037.0,Amp8,8.75
X-1323,HAS2-AS1,594842.0,Amp8,8.75
X-1323,HCCS,3052.0,Del0.8,0.75
X-1323,HCG4B,80868.0,Del0.8,0.75
X-1323,HDAC6,10013.0,Del0.8,0.74
X-1323,HDAC8,55869.0,Del0.8,0.74
X-1323,HDHD1,8226.0,Del0.8,0.75
X-1323,HDX,139324.0,Del0.8,0.74
X-1323,HEATR3,55027.0,MutNovel,"A229V,1.000"
X-1323,HEATR7A,727957.0,Amp8,8.11
X-1323,HEPH,9843.0,Del0.8,0.74
X-1323,HEY1,23462.0,Amp8,9.13
X-1323,HHLA1,10086.0,Amp8,8.75
X-1323,HLA-B,3106.0,MutNovel,"A329V,1.000"
X-1323,HLA-B,3106.0,MutNovel,"A235T,0.674"
X-1323,HLA-B,3106.0,MutNovel,"Y33S,0.500"
X-1323,HMBOX1,79618.0,Del0.8,0.79
X-1323,HMGN5,79366.0,Del0.8,0.74
X-1323,HNF4G,3174.0,Amp8,9.13
X-1323,HNRNPH2,3188.0,Del0.8,0.75
X-1323,HPRT1,3251.0,Del0.8,0.75
X-1323,HPYR1,93668.0,Amp8,8.75
X-1323,HRSP12,10247.0,Amp8,8.22
X-1323,HS6ST2,90161.0,Del0.8,0.75
X-1323,HSD17B10,3028.0,Del0.8,0.74
X-1323,HSF1,3297.0,Amp8,8.11
X-1323,HSPA1A,3303.0,MutNovel,"I427D,0.474"
X-1323,HTATSF1,27336.0,Del0.8,0.75
X-1323,HTR2C,3358.0,Del0.8,0.75
X-1323,HTRA4,203100.0,Del0.8,0.75
X-1323,HUWE1,10075.0,Del0.8,0.74
X-1323,IDO1,3620.0,Del0.8,0.76
X-1323,IDO2,169355.0,Del0.8,0.76
X-1323,IER5,51278.0,MutNovel,"P89S,0.463"
X-1323,IGBP1,3476.0,Del0.8,0.74
X-1323,IGSF1,3547.0,Del0.8,0.75
X-1323,IL13RA1,3597.0,Del0.8,0.75
X-1323,IL13RA2,3598.0,Del0.8,0.75
X-1323,IL1RAPL1,11141.0,Del0.8,0.75
X-1323,IL1RAPL2,26280.0,Del0.8,0.75
X-1323,IL2RG,3561.0,Del0.8,0.74
X-1323,IL7,3574.0,Amp8,9.13
X-1323,IMPA1,3612.0,Amp8,8.82
X-1323,IMPAD1,54928.0,Amp5,7.94
X-1323,INE1,8552.0,Del0.8,0.74
X-1323,INE2,8551.0,Del0.8,0.75
X-1323,INGX,27160.0,Del0.8,0.74
X-1323,INTS8,55656.0,Amp8,8.22
X-1323,INTS9,55756.0,Del0.8,0.79
X-1323,IQSEC2,23096.0,Del0.8,0.74
X-1323,IRF2BP2,359948.0,MutNovel,"P118S,0.545"
X-1323,IRF2BP2,359948.0,MutNovel,"-99S,0.447"
X-1323,IRS4,8471.0,Del0.8,0.75
X-1323,ISOC1,51015.0,MutNovel,"I257F,1.000"
X-1323,ITGB1BP2,26548.0,Del0.8,0.74
X-1323,ITIH6,347365.0,Del0.8,0.74
X-1323,ITM2A,9452.0,Del0.8,0.74
X-1323,ITPRIPL2,162073.0,MutNovel,"T296A,0.375"
X-1323,JPH1,56704.0,Amp8,9.13
X-1323,JPX,554203.0,Del0.8,0.74
X-1323,JRK,8629.0,Amp8,8.75
X-1323,JUP,3728.0,MutNovel,"R265C,0.994"
X-1323,KAL1,3730.0,Del0.8,0.75
X-1323,KCNB2,9312.0,Amp5,5.28
X-1323,KCND1,3750.0,Del0.8,0.74
X-1323,KCNE1L,23630.0,Del0.8,0.75
X-1323,KCNK9,51305.0,Amp8,8.75
X-1323,KCNQ3,3786.0,Amp8,8.75
X-1323,KCNS2,3788.0,Amp8,8.22
X-1323,KCNU1,157855.0,Del0.8,0.76
X-1323,KCNV1,27012.0,Amp8,8.82
X-1323,KCTD9,54793.0,Del0.8,0.77
X-1323,KDM5C,8242.0,Del0.8,0.74
X-1323,KDM6A,7403.0,Del0.8,0.74
X-1323,KEAP1,9817.0,MutKnownFunctional,"E496*,1.000"
X-1323,KHDRBS3,10656.0,Amp8,8.75
X-1323,KIAA0125,9834.0,Amp5,5.24
X-1323,KIAA0146,23514.0,Amp5,7.94
X-1323,KIAA0196,9897.0,Amp8,8.75
X-1323,KIAA0284,283638.0,MutNovel,"M1020V,0.776"
X-1323,KIAA1210,57481.0,Del0.8,0.75
X-1323,KIAA1429,25962.0,Amp5,6.96
X-1323,KIAA1875,340390.0,Amp8,8.11
X-1323,KIAA2022,340533.0,Del0.8,0.74
X-1323,KIAA2026,158358.0,MutNovel,"G620V,0.434"
X-1323,KIF13B,23303.0,Del0.8,0.79
X-1323,KIF4A,24137.0,Del0.8,0.74
X-1323,KIFC2,90990.0,Amp8,8.11
X-1323,KLF10,7071.0,Amp8,8.22
X-1323,KLF8,11279.0,Del0.8,0.74
X-1323,KLHL13,90293.0,Del0.8,0.75
X-1323,KLHL15,80311.0,Del0.8,0.75
X-1323,KLHL34,257240.0,Del0.8,0.75
X-1323,KLHL38,340359.0,Amp8,8.75
X-1323,KLHL4,56062.0,Del0.8,0.74
X-1323,LAMP2,3920.0,Del0.8,0.75
X-1323,LANCL3,347404.0,Del0.8,0.74
X-1323,LAPTM4B,55353.0,Amp8,8.22
X-1323,LAS1L,81887.0,Del0.8,0.74
X-1323,LCE1E,353135.0,Amp5,5.24
X-1323,LDOC1,23641.0,Del0.8,0.75
X-1323,LEPROTL1,23484.0,Del0.8,0.75
X-1323,LETM2,137994.0,Del0.8,0.61
X-1323,LHFPL1,340596.0,Del0.8,0.75
X-1323,LINC00051,619434.0,Amp8,8.75
X-1323,LINC00086,399668.0,Del0.8,0.75
X-1323,LINC00087,644596.0,Del0.8,0.75
X-1323,LINC00102,100359394.0,Del0.8,0.75
X-1323,LINC00251,552859.0,Amp5,7.94
X-1323,LINC00293,497634.0,Amp5,7.94
X-1323,LINC00535,642924.0,Amp8,8.57
X-1323,LOC100127983,100127983.0,Amp8,8.82
X-1323,LOC100128338,100128338.0,Amp8,8.11
X-1323,LOC100128420,100128420.0,Del0.8,0.75
X-1323,LOC100129407,100129407.0,Del0.8,0.74
X-1323,LOC100129407,100129407.0,Del0.8,0.74
X-1323,LOC100129515,100129515.0,Del0.8,0.75
X-1323,LOC100129520,100129520.0,Del0.8,0.75
X-1323,LOC100129662,100129662.0,Del0.8,0.75
X-1323,LOC100130155,100130155.0,Amp5,7.94
X-1323,LOC100130231,100130231.0,Amp8,8.75
X-1323,LOC100130298,100130298.0,Amp5,7.94
X-1323,LOC100130301,100130301.0,Amp5,5.28
X-1323,LOC100131726,100131726.0,Amp8,8.75
X-1323,LOC100132741,100132741.0,Del0.8,0.74
X-1323,LOC100132831,100132831.0,Del0.8,0.74
X-1323,LOC100132891,100132891.0,Amp5,5.28
X-1323,LOC100133123,100133123.0,Del0.8,0.75
X-1323,LOC100133669,100133669.0,Amp8,8.75
X-1323,LOC100133957,100133957.0,Del0.8,0.74
X-1323,LOC100287765,100287765.0,Del0.8,0.75
X-1323,LOC100287846,100287846.0,Amp5,7.94
X-1323,LOC100288181,100288181.0,Amp8,8.75
X-1323,LOC100288748,100288748.0,Amp8,8.22
X-1323,LOC100288814,100288814.0,Del0.8,0.75
X-1323,LOC100499183,100499183.0,Amp8,8.82
X-1323,LOC100500773,100500773.0,Amp8,8.22
X-1323,LOC100505659,100505659.0,Amp5,7.94
X-1323,LOC100505676,100505676.0,Amp5,7.94
X-1323,LOC100505718,100505718.0,Amp5,6.45
X-1323,LOC100506757,100506757.0,Del0.8,0.75
X-1323,LOC100507117,100507117.0,Amp8,8.75
X-1323,LOC100507341,100507341.0,Del0.8,0.75
X-1323,LOC100507632,100507632.0,Amp5,7.94
X-1323,LOC100507651,100507651.0,Amp5,7.94
X-1323,LOC100616530,100616530.0,Amp8,8.22
X-1323,LOC157381,157381.0,Amp8,8.75
X-1323,LOC158572,158572.0,Del0.8,0.74
X-1323,LOC158696,158696.0,Del0.8,0.75
X-1323,LOC286094,286094.0,Amp8,8.75
X-1323,LOC286135,286135.0,Del0.8,0.75
X-1323,LOC286177,286177.0,Amp5,7.94
X-1323,LOC286184,286184.0,Amp5,7.94
X-1323,LOC286186,286186.0,Amp5,7.94
X-1323,LOC286189,286189.0,Amp5,7.94
X-1323,LOC286437,286437.0,Del0.8,0.75
X-1323,LOC286442,286442.0,Del0.8,0.74
X-1323,LOC286467,286467.0,Del0.8,0.75
X-1323,LOC340544,340544.0,Del0.8,0.75
X-1323,LOC347411,347411.0,Del0.8,0.74
X-1323,LOC389906,389906.0,Del0.8,0.75
X-1323,LOC392232,392232.0,Amp5,5.28
X-1323,LOC401463,401463.0,Amp5,7.94
X-1323,LOC401588,401588.0,Del0.8,0.74
X-1323,LOC442459,442459.0,Del0.8,0.75
X-1323,LOC550643,550643.0,Del0.8,0.74
X-1323,LOC643486,643486.0,Del0.8,0.75
X-1323,LOC727677,727677.0,Amp8,8.75
X-1323,LOC728024,728024.0,Del0.8,0.77
X-1323,LOC728724,728724.0,Amp8,8.75
X-1323,LOC729609,729609.0,Del0.8,0.75
X-1323,LOC731779,731779.0,Amp8,8.75
X-1323,LOC92249,92249.0,Del0.8,0.74
X-1323,LONRF3,79836.0,Del0.8,0.75
X-1323,LPAR4,2846.0,Del0.8,0.74
X-1323,LRCH2,57631.0,Del0.8,0.75
X-1323,LRP1,4035.0,MutNovel,"D3211DY,0.409"
X-1323,LRP12,29967.0,Amp8,8.82
X-1323,LRRC14,9684.0,Amp8,8.11
X-1323,LRRC24,441381.0,Amp8,8.11
X-1323,LRRC6,23639.0,Amp8,8.75
X-1323,LRRC69,100130742.0,Amp8,8.82
X-1323,LRRCC1,85444.0,Amp8,8.82
X-1323,LSM1,27257.0,Del0.8,0.77
X-1323,LSR,51599.0,MutNovel,"G518GR,0.840"
X-1323,LUZP4,51213.0,Del0.8,0.75
X-1323,LY6D,8581.0,Amp8,8.75
X-1323,LY6E,4061.0,Amp8,8.75
X-1323,LY6H,4062.0,Amp8,8.75
X-1323,LY6K,54742.0,Amp8,8.75
X-1323,LY96,23643.0,Amp5,5.28
X-1323,LYN,4067.0,Amp5,7.94
X-1323,LYNX1,66004.0,Amp8,8.75
X-1323,LYPD2,137797.0,Amp8,8.75
X-1323,LYPLA1,10434.0,Amp5,7.94
X-1323,MACROD1,28992.0,MutNovel,"A68P,0.889"
X-1323,MAF1,84232.0,Amp8,8.11
X-1323,MAFA,389692.0,Amp8,8.11
X-1323,MAGEB1,4112.0,Del0.8,0.75
X-1323,MAGEB10,139422.0,Del0.8,0.75
X-1323,MAGEB16,139604.0,Del0.8,0.74
X-1323,MAGEB18,286514.0,Del0.8,0.75
X-1323,MAGEB2,4113.0,Del0.8,0.75
X-1323,MAGEB3,4114.0,Del0.8,0.75
X-1323,MAGEB4,4115.0,Del0.8,0.75
X-1323,MAGEB6,158809.0,Del0.8,0.75
X-1323,MAGEC1,9947.0,Del0.8,0.75
X-1323,MAGEC2,51438.0,Del0.8,0.75
X-1323,MAGEC3,139081.0,Del0.8,0.75
X-1323,MAGED1,9500.0,Del0.8,0.74
X-1323,MAGED2,10916.0,Del0.8,0.74
X-1323,MAGED4B,81557.0,Del0.8,0.74
X-1323,MAGED4B,81557.0,Del0.8,0.74
X-1323,MAGEE1,57692.0,Del0.8,0.74
X-1323,MAGEE2,139599.0,Del0.8,0.74
X-1323,MAGEH1,28986.0,Del0.8,0.74
X-1323,MAGIX,79917.0,Del0.8,0.74
X-1323,MAGT1,84061.0,Del0.8,0.74
X-1323,MAK16,84549.0,Del0.8,0.76
X-1323,MAL2,114569.0,Amp8,8.75
X-1323,MAOA,4128.0,Del0.8,0.74
X-1323,MAOB,4129.0,Del0.8,0.74
X-1323,MAP3K1,4214.0,MutNovel,"ST941S,0.727"
X-1323,MAP3K15,389840.0,Del0.8,0.75
X-1323,MAP7D2,256714.0,Del0.8,0.75
X-1323,MAP7D3,79649.0,Del0.8,0.75
X-1323,MAPK15,225689.0,Amp8,8.11
X-1323,MATN2,4147.0,Amp8,8.22
X-1323,MBNL3,55796.0,Del0.8,0.75
X-1323,MBOAT4,619373.0,Del0.8,0.75
X-1323,MBTPS2,51360.0,Del0.8,0.75
X-1323,MCF2,4168.0,Del0.8,0.75
X-1323,MCM4,4173.0,Amp5,7.94
X-1323,MCTS1,28985.0,Del0.8,0.75
X-1323,MED12,9968.0,Del0.8,0.74
X-1323,MED14,9282.0,Del0.8,0.74
X-1323,MED30,90390.0,Amp8,8.75
X-1323,METTL10,399818.0,MutKnownFunctional,"R233*,0.833"
X-1323,MFSD3,113655.0,Amp8,8.11
X-1323,MGC16121,84848.0,Del0.8,0.75
X-1323,MID1,4281.0,Del0.8,0.75
X-1323,MID1IP1,58526.0,Del0.8,0.74
X-1323,MID2,11043.0,Del0.8,0.75
X-1323,MIR106A,406899.0,Del0.8,0.75
X-1323,MIR1204,100302185.0,Amp8,8.75
X-1323,MIR1205,100302161.0,Amp8,8.75
X-1323,MIR1206,100302170.0,Amp8,8.75
X-1323,MIR1207,100302175.0,Amp8,8.75
X-1323,MIR1208,100302281.0,Amp8,8.75
X-1323,MIR1234,100302196.0,Amp8,8.11
X-1323,MIR124-2,406908.0,Amp5,7.94
X-1323,MIR1256,100302155.0,Del0.8,0.75
X-1323,MIR1264,100302251.0,Del0.8,0.75
X-1323,MIR1277,100302214.0,Del0.8,0.75
X-1323,MIR1298,100302153.0,Del0.8,0.75
X-1323,MIR1468,100302115.0,Del0.8,0.74
X-1323,MIR188,406964.0,Del0.8,0.74
X-1323,MIR18B,574033.0,Del0.8,0.75
X-1323,MIR1911,100302222.0,Del0.8,0.75
X-1323,MIR1912,100302144.0,Del0.8,0.75
X-1323,MIR19B2,406981.0,Del0.8,0.75
X-1323,MIR2052,100302260.0,Amp8,9.13
X-1323,MIR2053,100302225.0,Amp8,8.75
X-1323,MIR20B,574032.0,Del0.8,0.75
X-1323,MIR221,407006.0,Del0.8,0.74
X-1323,MIR222,407007.0,Del0.8,0.74
X-1323,MIR223,407008.0,Del0.8,0.74
X-1323,MIR23C,100500809.0,Del0.8,0.75
X-1323,MIR30B,407030.0,Amp8,8.75
X-1323,MIR30D,407033.0,Amp8,8.75
X-1323,MIR3148,100422876.0,Del0.8,0.75
X-1323,MIR3150A,100422964.0,Amp8,8.22
X-1323,MIR3150B,100500907.0,Amp8,8.22
X-1323,MIR3151,100422992.0,Amp8,8.82
X-1323,MIR3160-1,100422827.0,Amp5,5.28
X-1323,MIR3160-2,100422825.0,Amp5,5.28
X-1323,MIR320D2,100302169.0,Del0.8,0.75
X-1323,MIR3610,100500914.0,Amp8,8.75
X-1323,MIR362,574030.0,Del0.8,0.74
X-1323,MIR3622A,100500858.0,Del0.8,0.79
X-1323,MIR3622B,100500871.0,Del0.8,0.79
X-1323,MIR363,574031.0,Del0.8,0.75
X-1323,MIR374A,442919.0,Del0.8,0.74
X-1323,MIR374B,100126317.0,Del0.8,0.74
X-1323,MIR374C,100500807.0,Del0.8,0.74
X-1323,MIR378D2,100616169.0,Amp8,8.57
X-1323,MIR384,494333.0,Del0.8,0.74
X-1323,MIR3978,100616491.0,Del0.8,0.75
X-1323,MIR421,693122.0,Del0.8,0.74
X-1323,MIR424,494336.0,Del0.8,0.75
X-1323,MIR4287,100422828.0,Del0.8,0.79
X-1323,MIR4288,100422903.0,Del0.8,0.79
X-1323,MIR4328,100422932.0,Del0.8,0.74
X-1323,MIR4329,100423009.0,Del0.8,0.75
X-1323,MIR4470,100616484.0,Amp5,7.94
X-1323,MIR4471,100616451.0,Amp8,8.22
X-1323,MIR4472-1,100616268.0,Amp8,8.75
X-1323,MIR448,554212.0,Del0.8,0.75
X-1323,MIR450A1,554214.0,Del0.8,0.75
X-1323,MIR450A2,574505.0,Del0.8,0.75
X-1323,MIR450B,100126302.0,Del0.8,0.75
X-1323,MIR4536-1,100616155.0,Del0.8,0.74
X-1323,MIR4661,100616245.0,Amp8,8.82
X-1323,MIR4663,100616260.0,Amp8,8.75
X-1323,MIR4664,100616318.0,Amp8,8.11
X-1323,MIR4767,100616467.0,Del0.8,0.75
X-1323,MIR4768,100616249.0,Del0.8,0.75
X-1323,MIR4769,100616147.0,Del0.8,0.74
X-1323,MIR4770,100616373.0,Del0.8,0.75
X-1323,MIR486,619554.0,Del0.8,0.76
X-1323,MIR500A,574502.0,Del0.8,0.74
X-1323,MIR500B,100422911.0,Del0.8,0.74
X-1323,MIR501,574503.0,Del0.8,0.74
X-1323,MIR502,574504.0,Del0.8,0.74
X-1323,MIR503,574506.0,Del0.8,0.75
X-1323,MIR504,574507.0,Del0.8,0.75
X-1323,MIR505,574508.0,Del0.8,0.75
X-1323,MIR506,574511.0,Del0.8,0.75
X-1323,MIR507,574512.0,Del0.8,0.75
X-1323,MIR508,574513.0,Del0.8,0.75
X-1323,MIR509-1,574514.0,Del0.8,0.75
X-1323,MIR510,574515.0,Del0.8,0.75
X-1323,MIR514A1,574516.0,Del0.8,0.75
X-1323,MIR514A2,574517.0,Del0.8,0.75
X-1323,MIR514B,100422847.0,Del0.8,0.75
X-1323,MIR532,693124.0,Del0.8,0.74
X-1323,MIR542,664617.0,Del0.8,0.75
X-1323,MIR545,664614.0,Del0.8,0.74
X-1323,MIR548O2,100616190.0,Del0.8,0.75
X-1323,MIR599,693184.0,Amp8,8.22
X-1323,MIR651,723779.0,Del0.8,0.75
X-1323,MIR660,724030.0,Del0.8,0.74
X-1323,MIR661,724031.0,Amp8,8.11
X-1323,MIR676,100500887.0,Del0.8,0.74
X-1323,MIR764,100313838.0,Del0.8,0.75
X-1323,MIR766,768218.0,Del0.8,0.75
X-1323,MIR875,100126309.0,Amp8,8.22
X-1323,MIR888,100126306.0,Del0.8,0.75
X-1323,MIR890,100126303.0,Del0.8,0.75
X-1323,MIR891A,100126341.0,Del0.8,0.75
X-1323,MIR891B,100126304.0,Del0.8,0.75
X-1323,MIR892A,100126342.0,Del0.8,0.75
X-1323,MIR892B,100126307.0,Del0.8,0.75
X-1323,MIR92A2,407049.0,Del0.8,0.75
X-1323,MIR934,100126324.0,Del0.8,0.75
X-1323,MIR937,100126338.0,Amp8,8.11
X-1323,MIR939,100126351.0,Amp8,8.11
X-1323,MIR98,407054.0,Del0.8,0.74
X-1323,MIRLET7F2,406889.0,Del0.8,0.74
X-1323,MLL2,8085.0,MutNovel,"P1131L,0.418"
X-1323,MMGT1,93380.0,Del0.8,0.75
X-1323,MMP16,4325.0,Amp8,8.82
X-1323,MORC4,79710.0,Del0.8,0.75
X-1323,MORF4L2,9643.0,Del0.8,0.75
X-1323,MOS,4342.0,Amp5,7.94
X-1323,MOSPD1,56180.0,Del0.8,0.75
X-1323,MOSPD2,158747.0,Del0.8,0.75
X-1323,MPRIP,23164.0,MutNovel,"TS178T,0.583"
X-1323,MRPL13,28998.0,Amp8,8.75
X-1323,MRPL15,29088.0,Amp5,7.94
X-1323,MRPS28,28957.0,Amp8,9.13
X-1323,MSC,9242.0,Amp5,5.28
X-1323,MSH2,4436.0,MutLikelyFunctional,"G322D,0.300"
X-1323,MSL3,10943.0,Del0.8,0.75
X-1323,MSN,4478.0,Del0.8,0.74
X-1323,MST4,51765.0,Del0.8,0.75
X-1323,MTBP,27085.0,Amp8,8.75
X-1323,MTDH,92140.0,Amp8,8.22
X-1323,MTERFD1,51001.0,Amp8,8.22
X-1323,MTFR1,9650.0,Amp5,7.94
X-1323,MTMR8,55613.0,Del0.8,0.74
X-1323,MTRNR2L10,100463488.0,Del0.8,0.74
X-1323,MTSS1,9788.0,Amp8,8.75
X-1323,MTX1,4580.0,MutNovel,"F351L,0.382"
X-1323,MUC16,94025.0,MutNovel,"V6272L,1.000"
X-1323,MUC6,4588.0,MutNovel,"N1772K,1.000"
X-1323,MUM1L1,139221.0,Del0.8,0.75
X-1323,MXRA5,25878.0,Del0.8,0.75
X-1323,MYBL1,4603.0,Amp5,7.94
X-1323,MYC,4609.0,Amp8,8.75
X-1323,NACAP1,83955.0,Amp8,8.22
X-1323,NAP1L2,4674.0,Del0.8,0.74
X-1323,NAP1L3,4675.0,Del0.8,0.75
X-1323,NAP1L6,645996.0,Del0.8,0.74
X-1323,NAPRT1,93100.0,Amp8,8.11
X-1323,NBN,4683.0,Amp8,8.82
X-1323,NBPF9,400818.0,MutNovel,"R97G,0.400"
X-1323,NCALD,83988.0,Amp8,8.22
X-1323,NCOA2,10499.0,Amp5,5.5
X-1323,NCOA3,8202.0,MutNovel,"Q1255-,0.344"
X-1323,NCOR2,9612.0,MutNovel,"G1839GAAA,0.488"
X-1323,NDP,4693.0,Del0.8,0.74
X-1323,NDRG1,10397.0,Amp8,8.75
X-1323,NDUFA1,4694.0,Del0.8,0.75
X-1323,NDUFB11,54539.0,Del0.8,0.74
X-1323,NDUFB9,4715.0,Amp8,8.75
X-1323,NECAB1,64168.0,Amp8,8.82
X-1323,NEURL4,84461.0,MutNovel,"E1354D,1.000"
X-1323,NFATC2,4773.0,MutNovel,"P847S,0.400"
X-1323,NGFRAP1,27018.0,Del0.8,0.75
X-1323,NHS,4810.0,Del0.8,0.75
X-1323,NHSL2,340527.0,Del0.8,0.74
X-1323,NIPAL2,79815.0,Amp8,8.22
X-1323,NKAIN3,286183.0,Amp5,7.94
X-1323,NKAP,79576.0,Del0.8,0.75
X-1323,NKAPP1,158801.0,Del0.8,0.75
X-1323,NKRF,55922.0,Del0.8,0.75
X-1323,NKX6-3,157848.0,Del0.8,0.76
X-1323,NLGN3,54413.0,Del0.8,0.74
X-1323,NLGN4X,57502.0,Del0.8,0.75
X-1323,NLGN4Y,22829.0,Del0.8,0.79
X-1323,NONO,4841.0,Del0.8,0.74
X-1323,NOV,4856.0,Amp8,8.75
X-1323,NOX1,27035.0,Del0.8,0.75
X-1323,NPBWR1,2831.0,Amp5,7.94
X-1323,NR0B1,190.0,Del0.8,0.75
X-1323,NRBP2,340371.0,Amp8,8.11
X-1323,NRG1,3084.0,Del0.8,0.76
X-1323,NRK,203447.0,Del0.8,0.75
X-1323,NSMAF,8439.0,Amp5,7.94
X-1323,NSMCE2,286053.0,Amp8,8.75
X-1323,NUDCD1,84955.0,Amp8,8.82
X-1323,NUDT10,170685.0,Del0.8,0.74
X-1323,NUDT11,55190.0,Del0.8,0.74
X-1323,NUP62CL,54830.0,Del0.8,0.75
X-1323,NXF2,56001.0,Del0.8,0.75
X-1323,NXF2,56001.0,Del0.8,0.75
X-1323,NXF2B,728343.0,Del0.8,0.75
X-1323,NXF2B,728343.0,Del0.8,0.75
X-1323,NXF3,56000.0,Del0.8,0.75
X-1323,NXF4,55999.0,Del0.8,0.75
X-1323,NXF5,55998.0,Del0.8,0.75
X-1323,NXT2,55916.0,Del0.8,0.75
X-1323,NYX,60506.0,Del0.8,0.74
X-1323,OBSCN,84033.0,MutNovel,"L6020M,0.286"
X-1323,OC90,729330.0,Amp8,8.75
X-1323,OCRL,4952.0,Del0.8,0.75
X-1323,ODF1,4956.0,Amp8,8.22
X-1323,ODZ1,10178.0,Del0.8,0.75
X-1323,OFD1,8481.0,Del0.8,0.75
X-1323,OGT,8473.0,MutNovel,"A719G,0.900"
X-1323,OGT,8473.0,Del0.8,0.74
X-1323,OPHN1,4983.0,Del0.8,0.74
X-1323,OPLAH,26873.0,Amp8,8.11
X-1323,OPRK1,4986.0,Amp5,7.94
X-1323,OR13H1,347468.0,Del0.8,0.75
X-1323,OR2T10,127069.0,Amp5,5.78
X-1323,OR2T11,127077.0,Amp5,5.78
X-1323,OR2T29,343563.0,Amp5,5.78
X-1323,OR2T34,127068.0,Amp5,5.78
X-1323,OR2T35,403244.0,Amp5,5.78
X-1323,ORAI1,84876.0,MutNovel,"PP43-,0.833"
X-1323,OSGIN2,734.0,Amp8,8.82
X-1323,OSR2,116039.0,Amp8,8.22
X-1323,OTC,5009.0,Del0.8,0.74
X-1323,OTUD5,55593.0,Del0.8,0.74
X-1323,OTUD6A,139562.0,Del0.8,0.74
X-1323,OTUD6B,51633.0,Amp8,8.82
X-1323,OXR1,55074.0,Amp8,8.82
X-1323,P2RY10,27334.0,Del0.8,0.74
X-1323,P2RY4,5030.0,Del0.8,0.74
X-1323,PABPC1,26986.0,Amp8,8.22
X-1323,PABPC1L2A,340529.0,Del0.8,0.74
X-1323,PABPC1L2B,645974.0,Del0.8,0.74
X-1323,PABPC5,140886.0,Del0.8,0.74
X-1323,PAG1,55824.0,Amp8,8.82
X-1323,PAGE1,8712.0,Del0.8,0.74
X-1323,PAGE2,203569.0,Del0.8,0.74
X-1323,PAGE2B,389860.0,Del0.8,0.74
X-1323,PAGE3,139793.0,Del0.8,0.74
X-1323,PAGE4,9506.0,Del0.8,0.74
X-1323,PAGE5,90737.0,Del0.8,0.74
X-1323,PAK3,5063.0,Del0.8,0.75
X-1323,PALM3,342979.0,MutNovel,"D604N,1.000"
X-1323,PALMD,54873.0,MutNovel,"P325Q,0.667"
X-1323,PARP10,84875.0,Amp8,8.11
X-1323,PBK,55872.0,Del0.8,0.79
X-1323,PCAT1,100750225.0,Amp8,8.75
X-1323,PCDH11X,27328.0,Del0.8,0.75
X-1323,PCDH19,57526.0,Del0.8,0.75
X-1323,PCMTD1,115294.0,Amp5,7.94
X-1323,PCSK1N,27344.0,Del0.8,0.74
X-1323,PCYT1B,9468.0,Del0.8,0.75
X-1323,PDE7A,5150.0,Amp5,7.94
X-1323,PDHA1,5160.0,Del0.8,0.75
X-1323,PDK3,5165.0,Del0.8,0.75
X-1323,PDP1,54704.0,Amp8,8.57
X-1323,PDZD11,51248.0,Del0.8,0.74
X-1323,PENK,5179.0,Amp5,7.94
X-1323,PEX2,5828.0,Amp8,9.13
X-1323,PFKFB1,5207.0,Del0.8,0.74
X-1323,PGAM4,441531.0,Del0.8,0.74
X-1323,PGK1,5230.0,Del0.8,0.74
X-1323,PGRMC1,10857.0,Del0.8,0.75
X-1323,PHEX,5251.0,Del0.8,0.75
X-1323,PHF16,9767.0,Del0.8,0.74
X-1323,PHF20L1,51105.0,Amp8,8.75
X-1323,PHF6,84295.0,Del0.8,0.75
X-1323,PHF8,23133.0,Del0.8,0.74
X-1323,PHKA1,5255.0,Del0.8,0.74
X-1323,PHKA2,5256.0,Del0.8,0.75
X-1323,PHLDA1,22822.0,MutNovel,"QQ194Q,0.700"
X-1323,PI15,51050.0,Amp8,9.13
X-1323,PIGA,5277.0,Del0.8,0.75
X-1323,PIM2,11040.0,Del0.8,0.74
X-1323,PIN4,5303.0,Del0.8,0.74
X-1323,PIR,8544.0,Del0.8,0.75
X-1323,PIR-FIGF,100532742.0,Del0.8,0.75
X-1323,PJA1,64219.0,Del0.8,0.74
X-1323,PKHD1L1,93035.0,Amp8,8.82
X-1323,PKIA,5569.0,Amp8,9.13
X-1323,PKM,,MutKnownFunctional,"W3*,0.714"
X-1323,PLAC1,10761.0,Del0.8,0.75
X-1323,PLAG1,5324.0,Amp5,7.94
X-1323,PLCB1,23236.0,MutNovel,"E1145V,0.590"
X-1323,PLEC,5339.0,Amp8,8.11
X-1323,PLEKHA2,59339.0,Del0.8,0.75
X-1323,PLEKHF2,79666.0,Amp8,8.22
X-1323,PLP1,5354.0,Del0.8,0.75
X-1323,PLP2,5355.0,Del0.8,0.74
X-1323,PLS3,5358.0,Del0.8,0.75
X-1323,PLXNB2,23654.0,MutNovel,"G1418V,0.968"
X-1323,PMP2,5375.0,Amp8,8.82
X-1323,PNMA2,10687.0,Del0.8,0.8
X-1323,PNOC,5368.0,Del0.8,0.79
X-1323,PNPLA4,8228.0,Del0.8,0.75
X-1323,POF1B,79983.0,Del0.8,0.74
X-1323,POGK,57645.0,MutNovel,"S108F,0.471"
X-1323,POLA1,5422.0,Del0.8,0.75
X-1323,POLR2K,5440.0,Amp8,8.22
X-1323,POLR2M,81488.0,MutNovel,"A61G,0.765"
X-1323,POP1,10940.0,Amp8,8.22
X-1323,PORCN,64840.0,Del0.8,0.74
X-1323,POT1,25913.0,MutNovel,"V174L,1.000"
X-1323,POU3F4,5456.0,Del0.8,0.74
X-1323,POU5F1B,5462.0,Amp8,8.75
X-1323,PPAPDC1B,84513.0,Del0.8,0.61
X-1323,PPEF1,5475.0,Del0.8,0.75
X-1323,PPP1R16A,84988.0,Amp8,8.11
X-1323,PPP1R2P9,80316.0,Del0.8,0.74
X-1323,PPP1R37,284352.0,MutNovel,"L366F,1.000"
X-1323,PPP1R3F,89801.0,Del0.8,0.74
X-1323,PPP1R42,286187.0,Amp5,7.94
X-1323,PPP2CB,5516.0,Del0.8,0.76
X-1323,PPP2R2A,5520.0,Del0.8,0.8
X-1323,PPP2R3B,28227.0,MutNovel,"R37L,1.000"
X-1323,PQBP1,10084.0,Del0.8,0.74
X-1323,PRAF2,11230.0,Del0.8,0.74
X-1323,PRDX4,10549.0,Del0.8,0.75
X-1323,PREP,5550.0,MutNovel,"R245H,0.917"
X-1323,PREX2,80243.0,Amp5,7.94
X-1323,PRICKLE3,4007.0,Del0.8,0.74
X-1323,PRKDC,5591.0,Amp5,7.94
X-1323,PRKX,5613.0,Del0.8,0.75
X-1323,PROSC,11212.0,Del0.8,0.77
X-1323,PRPS1,5631.0,Del0.8,0.75
X-1323,PRPS2,5634.0,Del0.8,0.75
X-1323,PRRG1,5638.0,Del0.8,0.74
X-1323,PSCA,8000.0,Amp8,8.75
X-1323,PSKH2,85481.0,Amp8,8.82
X-1323,PSMD10,5716.0,Del0.8,0.75
X-1323,PTAR1,375743.0,MutNovel,"Q402R,1.000"
X-1323,PTCHD1,139411.0,Del0.8,0.75
X-1323,PTDSS1,9791.0,Amp8,8.22
X-1323,PTK2,5747.0,Amp8,8.75
X-1323,PTK2B,2185.0,Del0.8,0.79
X-1323,PTP4A3,11156.0,Amp8,8.75
X-1323,PTTG3P,26255.0,Amp5,7.94
X-1323,PUF60,22827.0,Amp8,8.11
X-1323,PUM2,23369.0,MutNovel,"E188K,0.684"
X-1323,PURG,29942.0,Del0.8,0.76
X-1323,PVT1,5820.0,Amp8,8.75
X-1323,PXDNL,137902.0,Amp5,7.94
X-1323,PYCRL,65263.0,Amp8,8.11
X-1323,QRICH1,54870.0,MutNovel,"Y558N,0.417"
X-1323,RAB11FIP1,80223.0,Del0.8,0.77
X-1323,RAB2A,5862.0,Amp5,7.94
X-1323,RAB33A,9363.0,Del0.8,0.75
X-1323,RAB40A,142684.0,Del0.8,0.75
X-1323,RAB40AL,282808.0,Del0.8,0.75
X-1323,RAB41,347517.0,Del0.8,0.74
X-1323,RAB9A,9367.0,Del0.8,0.75
X-1323,RAB9B,51209.0,Del0.8,0.75
X-1323,RAD21,5885.0,Amp8,8.75
X-1323,RAD21-AS1,644660.0,Amp8,8.75
X-1323,RAD54B,25788.0,Amp8,8.57
X-1323,RAI2,10742.0,Del0.8,0.75
X-1323,RALYL,138046.0,Amp8,8.82
X-1323,RAP2C,57826.0,Del0.8,0.75
X-1323,RB1CC1,9821.0,Amp5,7.94
X-1323,RBBP7,5931.0,Del0.8,0.75
X-1323,RBM10,8241.0,Del0.8,0.74
X-1323,RBM12B,389677.0,Amp8,8.57
X-1323,RBM27,54439.0,MutNovel,"N648S,1.000"
X-1323,RBM3,5935.0,Del0.8,0.74
X-1323,RBM41,55285.0,Del0.8,0.75
X-1323,RBMX,27316.0,Del0.8,0.75
X-1323,RBMX2,51634.0,Del0.8,0.75
X-1323,RBMXL3,139804.0,Del0.8,0.75
X-1323,RBMY3AP,64593.0,Del0.8,0.58
X-1323,RBPMS,11030.0,Del0.8,0.75
X-1323,RDH10,157506.0,Amp5,5.28
X-1323,RECQL4,9401.0,Amp8,8.11
X-1323,REPS2,9185.0,Del0.8,0.75
X-1323,REXO1L1,254958.0,Amp8,8.82
X-1323,REXO1L2P,100288527.0,Amp8,8.82
X-1323,REXO1L2P,100288527.0,Amp8,8.82
X-1323,RGAG1,57529.0,Del0.8,0.75
X-1323,RGAG4,340526.0,Del0.8,0.74
X-1323,RGN,9104.0,Del0.8,0.74
X-1323,RGS20,8601.0,Amp5,7.94
X-1323,RGS22,26166.0,Amp8,8.22
X-1323,RHOXF1,158800.0,Del0.8,0.75
X-1323,RHOXF2B,727940.0,Del0.8,0.75
X-1323,RHOXF2B,727940.0,Del0.8,0.75
X-1323,RHPN1,114822.0,Amp8,8.11
X-1323,RIBC1,158787.0,Del0.8,0.74
X-1323,RIMS2,9699.0,Amp8,8.82
X-1323,RIPK2,8767.0,Amp8,8.82
X-1323,RIPPLY1,92129.0,Del0.8,0.75
X-1323,RLIM,51132.0,Del0.8,0.74
X-1323,RNF113A,7737.0,Del0.8,0.75
X-1323,RNF122,79845.0,Del0.8,0.76
X-1323,RNF128,79589.0,Del0.8,0.75
X-1323,RNF139,11236.0,Amp8,8.75
X-1323,RNF19A,25897.0,Amp8,8.22
X-1323,RNF5P1,286140.0,Del0.8,0.75
X-1323,RP1,6101.0,Amp5,7.94
X-1323,RP1-177G6.2,286411.0,Del0.8,0.75
X-1323,RP2,6102.0,Del0.8,0.74
X-1323,RPA4,29935.0,Del0.8,0.75
X-1323,RPGR,6103.0,Del0.8,0.74
X-1323,RPL30,6156.0,Amp8,8.22
X-1323,RPL36A,6173.0,Del0.8,0.75
X-1323,RPL36A-HNRNPH2,100529097.0,Del0.8,0.75
X-1323,RPL39,6170.0,Del0.8,0.75
X-1323,RPL7,6129.0,Amp5,5.28
X-1323,RPL8,6132.0,Amp8,8.11
X-1323,RPS20,6224.0,Amp5,7.94
X-1323,RPS26P11,441502.0,Del0.8,0.74
X-1323,RPS4X,6191.0,Del0.8,0.74
X-1323,RPS4Y1,6192.0,Del0.8,0.27
X-1323,RPS6KA3,6197.0,Del0.8,0.75
X-1323,RPS6KA6,27330.0,Del0.8,0.74
X-1323,RRAGB,10325.0,Del0.8,0.74
X-1323,RRM2B,50484.0,Amp8,8.22
X-1323,RRS1,23212.0,Amp5,7.94
X-1323,RS1,6247.0,Del0.8,0.75
X-1323,RSPO2,340419.0,Amp8,8.82
X-1323,RUNX1T1,862.0,Amp8,9.25
X-1323,S100G,795.0,Del0.8,0.75
X-1323,SAGE1,55511.0,Del0.8,0.75
X-1323,SAMD12,401474.0,Amp8,8.75
X-1323,SAMD12-AS1,552860.0,Amp8,8.75
X-1323,SASH3,54440.0,Del0.8,0.75
X-1323,SAT1,6303.0,Del0.8,0.75
X-1323,SATL1,340562.0,Del0.8,0.74
X-1323,SBF1P1,100133234.0,Amp5,7.94
X-1323,SCARA3,51435.0,Del0.8,0.79
X-1323,SCARA5,286133.0,Del0.8,0.79
X-1323,SCARNA23,677773.0,Del0.8,0.75
X-1323,SCARNA9L,100158262.0,Del0.8,0.75
X-1323,SCML1,6322.0,Del0.8,0.75
X-1323,SCML2,10389.0,Del0.8,0.75
X-1323,SCN8A,6334.0,MutNovel,"Y620N,1.000"
X-1323,SCRIB,23513.0,Amp8,8.11
X-1323,SCRT1,83482.0,Amp8,8.11
X-1323,SCXA,100129885.0,Amp8,8.11
X-1323,SDC2,6383.0,Amp8,8.22
X-1323,SDCBP,6386.0,Amp5,7.94
X-1323,SDR16C5,195814.0,Amp5,7.94
X-1323,SEMA3C,10512.0,MutNovel,"A207V,0.286"
X-1323,SENP6,26054.0,MutNovel,"T248I,1.000"
X-1323,2014-09-06 00:00:00,23157.0,Del0.8,0.75
X-1323,SERINC2,347735.0,MutNovel,"-373Q,0.806"
X-1323,SERPINA7,6906.0,Del0.8,0.75
X-1323,SFRP1,6422.0,Del0.8,0.76
X-1323,SGK3,23678.0,Amp5,7.94
X-1323,SH2D1A,4068.0,Del0.8,0.75
X-1323,SH3BGRL,6451.0,Del0.8,0.74
X-1323,SH3KBP1,30011.0,Del0.8,0.75
X-1323,SHARPIN,81858.0,Amp8,8.11
X-1323,SHROOM2,357.0,Del0.8,0.75
X-1323,SHROOM4,57477.0,Del0.8,0.74
X-1323,SIGLEC14,100049587.0,Del0.8,0.41
X-1323,SLA,6503.0,Amp8,8.75
X-1323,SLC10A5,347051.0,Amp8,8.82
X-1323,SLC16A2,6567.0,Del0.8,0.74
X-1323,SLC25A12,8604.0,MutNovel,"K55N,0.262"
X-1323,SLC25A14,9016.0,Del0.8,0.75
X-1323,SLC25A32,81034.0,Amp8,8.82
X-1323,SLC25A43,203427.0,Del0.8,0.75
X-1323,SLC25A5,292.0,Del0.8,0.75
X-1323,SLC25A5-AS1,100303728.0,Del0.8,0.75
X-1323,SLC26A11,284129.0,MutNovel,"E500D,0.585"
X-1323,SLC26A7,115111.0,Amp8,8.82
X-1323,SLC30A8,169026.0,Amp8,8.75
X-1323,SLC30A9,10463.0,MutNovel,"S123L,0.500"
X-1323,SLC35A2,7355.0,Del0.8,0.74
X-1323,SLC38A5,92745.0,Del0.8,0.74
X-1323,SLC39A4,55630.0,Amp8,8.11
X-1323,SLC45A4,57210.0,Amp8,8.75
X-1323,SLC4A7,9497.0,MutNovel,"F234S,1.000"
X-1323,SLC6A14,11254.0,Del0.8,0.75
X-1323,SLC7A13,157724.0,Amp8,8.82
X-1323,SLC7A3,84889.0,Del0.8,0.74
X-1323,SLC9A6,10479.0,Del0.8,0.75
X-1323,SLC9A7,84679.0,Del0.8,0.74
X-1323,SLITRK2,84631.0,Del0.8,0.75
X-1323,SLITRK4,139065.0,Del0.8,0.75
X-1323,SLURP1,57152.0,Amp8,8.75
X-1323,SMARCA1,6594.0,Del0.8,0.75
X-1323,SMARCD2,6603.0,MutNovel,"L424V,0.559"
X-1323,SMC1A,8243.0,Del0.8,0.74
X-1323,SMEK3P,139420.0,Del0.8,0.75
X-1323,SMG8,55181.0,MutKnownFunctional,"-871?,1.000"
X-1323,SMPX,23676.0,Del0.8,0.75
X-1323,SMS,6611.0,Del0.8,0.75
X-1323,SNAI2,6591.0,Amp5,7.94
X-1323,SNAPC4,6621.0,MutNovel,"T1329P,0.346"
X-1323,SNHG6,641638.0,Amp5,7.94
X-1323,SNORA11,677799.0,Del0.8,0.74
X-1323,SNORA11C,100124540.0,Del0.8,0.74
X-1323,SNORA11D,100124541.0,Del0.8,0.74
X-1323,SNORA11D,100124541.0,Del0.8,0.74
X-1323,SNORA11E,100124542.0,Del0.8,0.74
X-1323,SNORA11E,100124542.0,Del0.8,0.74
X-1323,SNORA35,677816.0,Del0.8,0.75
X-1323,SNORA69,26779.0,Del0.8,0.75
X-1323,SNORA72,26775.0,Amp8,8.22
X-1323,SNORD54,26795.0,Amp5,7.94
X-1323,SNORD61,26787.0,Del0.8,0.75
X-1323,SNORD87,641648.0,Amp5,7.94
X-1323,SNORD96B,692226.0,Del0.8,0.75
X-1323,SNTB1,6641.0,Amp8,8.75
X-1323,SNTG1,54212.0,Amp5,7.94
X-1323,SNX12,29934.0,Del0.8,0.74
X-1323,SNX16,64089.0,Amp8,8.82
X-1323,SNX31,169166.0,Amp8,8.22
X-1323,SOWAHD,347454.0,Del0.8,0.75
X-1323,SOX17,64321.0,Amp5,7.94
X-1323,SOX3,6658.0,Del0.8,0.75
X-1323,SPACA5,389852.0,Del0.8,0.74
X-1323,SPAG1,6674.0,Amp8,8.22
X-1323,SPANXA2,728712.0,Del0.8,0.75
X-1323,SPANXA2,728712.0,Del0.8,0.75
X-1323,SPANXA2-OT1,619455.0,Del0.8,0.75
X-1323,SPANXB1,728695.0,Del0.8,0.75
X-1323,SPANXC,64663.0,Del0.8,0.75
X-1323,SPANXN1,494118.0,Del0.8,0.75
X-1323,SPANXN2,494119.0,Del0.8,0.75
X-1323,SPANXN3,139067.0,Del0.8,0.75
X-1323,SPANXN4,441525.0,Del0.8,0.75
X-1323,SPANXN5,494197.0,Del0.8,0.74
X-1323,SPATC1,375686.0,Amp8,8.11
X-1323,SPIN2A,54466.0,Del0.8,0.74
X-1323,SPIN2B,474343.0,Del0.8,0.74
X-1323,SPIN3,169981.0,Del0.8,0.74
X-1323,SPIN4,139886.0,Del0.8,0.74
X-1323,SQLE,6713.0,Amp8,8.75
X-1323,SRD5A1P1,6719.0,Del0.8,0.75
X-1323,SRPX,8406.0,Del0.8,0.74
X-1323,SRPX2,27286.0,MutNovel,"E68K,1.000"
X-1323,SRPX2,27286.0,Del0.8,0.75
X-1323,SRSF7,6432.0,MutKnownFunctional,"-224,0.549"
X-1323,SRY,6736.0,Del0.8,0.27
X-1323,SSX1,6756.0,Del0.8,0.74
X-1323,SSX2,6757.0,Del0.8,0.74
X-1323,SSX2,6757.0,Del0.8,0.74
X-1323,SSX2B,727837.0,Del0.8,0.74
X-1323,SSX2B,727837.0,Del0.8,0.74
X-1323,SSX3,10214.0,Del0.8,0.74
X-1323,SSX4,6759.0,Del0.8,0.74
X-1323,SSX4,6759.0,Del0.8,0.74
X-1323,SSX5,6758.0,Del0.8,0.74
X-1323,SSX6,280657.0,Del0.8,0.74
X-1323,SSX7,280658.0,Del0.8,0.74
X-1323,SSX8,280659.0,Del0.8,0.74
X-1323,ST18,9705.0,Amp5,7.94
X-1323,ST3GAL1,6482.0,Amp8,8.75
X-1323,STAG2,10735.0,Del0.8,0.75
X-1323,STAR,6770.0,Del0.8,0.77
X-1323,STARD8,9754.0,Del0.8,0.74
X-1323,STAU2,27067.0,Amp5,5.28
X-1323,STK3,6788.0,Amp8,8.22
X-1323,STMN2,11075.0,Amp8,9.13
X-1323,STMN4,81551.0,Del0.8,0.79
X-1323,STS,412.0,Del0.8,0.75
X-1323,SULF1,23213.0,Amp5,5.24
X-1323,SUV39H1,6839.0,Del0.8,0.74
X-1323,SYAP1,94056.0,Del0.8,0.75
X-1323,SYBU,55638.0,Amp8,8.82
X-1323,SYN1,6853.0,Del0.8,0.74
X-1323,SYNE2,23224.0,MutNovel,"C2355Y,0.500"
X-1323,SYP,6855.0,Del0.8,0.74
X-1323,SYT7,9066.0,MutNovel,"A140T,0.244"
X-1323,SYTL4,94121.0,Del0.8,0.75
X-1323,SYTL5,94122.0,Del0.8,0.74
X-1323,TAB3,257397.0,Del0.8,0.75
X-1323,TACC1,6867.0,Del0.8,0.75
X-1323,TAF1,6872.0,Del0.8,0.74
X-1323,TAF2,6873.0,MutNovel,"R187G,1.000"
X-1323,TAF2,6873.0,Amp8,8.75
X-1323,TAF7L,54457.0,Del0.8,0.75
X-1323,TAF9B,51616.0,Del0.8,0.74
X-1323,TATDN1,83940.0,Amp8,8.75
X-1323,TBC1D25,4943.0,Del0.8,0.74
X-1323,TBC1D8B,54885.0,Del0.8,0.75
X-1323,TBL1X,6907.0,Del0.8,0.75
X-1323,TBP,6908.0,MutNovel,"-64Q,0.400"
X-1323,TBX22,50945.0,Del0.8,0.74
X-1323,TCEA1,6917.0,Amp5,7.94
X-1323,TCEAL1,9338.0,Del0.8,0.75
X-1323,TCEAL2,140597.0,Del0.8,0.75
X-1323,TCEAL3,85012.0,Del0.8,0.75
X-1323,TCEAL4,79921.0,Del0.8,0.75
X-1323,TCEAL5,340543.0,Del0.8,0.75
X-1323,TCEAL6,158931.0,Del0.8,0.75
X-1323,TCEAL7,56849.0,Del0.8,0.75
X-1323,TCEAL8,90843.0,Del0.8,0.75
X-1323,TCEANC,170082.0,Del0.8,0.75
X-1323,TCEB1,6921.0,Amp5,5.28
X-1323,TCF24,100129654.0,Amp5,7.94
X-1323,TDGF1P3,6998.0,Del0.8,0.75
X-1323,TERF1,7013.0,Amp5,5.28
X-1323,TEX11,56159.0,Del0.8,0.74
X-1323,TEX13A,56157.0,Del0.8,0.75
X-1323,TEX13B,56156.0,Del0.8,0.75
X-1323,TEX15,56154.0,Del0.8,0.76
X-1323,TFDP3,51270.0,Del0.8,0.75
X-1323,TFE3,7030.0,Del0.8,0.74
X-1323,TG,7038.0,Amp8,8.75
X-1323,TGIF2LX,90316.0,Del0.8,0.74
X-1323,TGIF2LY,90655.0,Del0.8,0.27
X-1323,TGS1,96764.0,Amp5,7.94
X-1323,THOC2,57187.0,Del0.8,0.75
X-1323,TIGD5,84948.0,Amp8,8.11
X-1323,TIMM17B,10245.0,Del0.8,0.74
X-1323,TIMM8A,1678.0,Del0.8,0.75
X-1323,TIMP1,7076.0,Del0.8,0.74
X-1323,TLR7,51284.0,Del0.8,0.75
X-1323,TLR8,51311.0,Del0.8,0.75
X-1323,TLR8-AS1,349408.0,Del0.8,0.75
X-1323,TM2D2,83877.0,Del0.8,0.75
X-1323,TMED10P1,286102.0,Amp8,8.11
X-1323,TMEM164,84187.0,Del0.8,0.75
X-1323,TMEM184A,202915.0,MutNovel,"G392GA,0.718"
X-1323,TMEM27,57393.0,Del0.8,0.75
X-1323,TMEM31,203562.0,Del0.8,0.75
X-1323,TMEM35,59353.0,Del0.8,0.75
X-1323,TMEM47,83604.0,Del0.8,0.74
X-1323,TMEM55A,55529.0,Amp8,8.82
X-1323,TMEM64,169200.0,Amp8,8.82
X-1323,TMEM65,157378.0,Amp8,8.75
X-1323,TMEM66,51669.0,Del0.8,0.75
X-1323,TMEM67,91147.0,Amp8,8.57
X-1323,TMEM68,137695.0,Amp5,7.94
X-1323,TMEM70,54968.0,Amp5,5.28
X-1323,TMEM71,137835.0,Amp8,8.75
X-1323,TMEM74,157753.0,Amp8,8.82
X-1323,TMSB15A,11013.0,Del0.8,0.75
X-1323,TMSB15B,286527.0,Del0.8,0.75
X-1323,TMSB4X,7114.0,Del0.8,0.75
X-1323,TMSB4Y,9087.0,Del0.8,0.79
X-1323,TNFRSF11B,4982.0,Amp8,8.75
X-1323,TNMD,64102.0,Del0.8,0.75
X-1323,TONSL,4796.0,Amp8,8.11
X-1323,TOP1MT,116447.0,Amp8,8.11
X-1323,TOX,9760.0,Amp5,7.94
X-1323,TP53INP1,94241.0,Amp8,8.22
X-1323,TPD52,7163.0,Amp8,9.13
X-1323,TRAPPC2,6399.0,Del0.8,0.75
X-1323,TRAPPC9,83696.0,Amp8,8.75
X-1323,TRHR,7201.0,Amp8,8.82
X-1323,TRIB1,10221.0,Amp8,8.75
X-1323,TRIM28,10155.0,MutNovel,"N773K,0.525"
X-1323,TRIM35,23087.0,Del0.8,0.79
X-1323,TRIM55,84675.0,Amp5,7.94
X-1323,TRMT12,55039.0,Amp8,8.75
X-1323,TRMT2B,79979.0,Del0.8,0.75
X-1323,TRO,7216.0,Del0.8,0.74
X-1323,TRPA1,8989.0,Amp5,5.28
X-1323,TRPC5,7224.0,Del0.8,0.75
X-1323,TRPS1,7227.0,Amp8,8.75
X-1323,TSC22D3,1831.0,Del0.8,0.75
X-1323,TSIX,9383.0,Del0.8,0.74
X-1323,TSNARE1,203062.0,Amp8,8.75
X-1323,TSPAN6,7105.0,Del0.8,0.75
X-1323,TSPAN7,7102.0,Del0.8,0.74
X-1323,TSPYL1,7259.0,MutNovel,"V176VW,0.863"
X-1323,TSPYL2,64061.0,Del0.8,0.74
X-1323,TSPYL5,85453.0,Amp8,8.22
X-1323,TSR2,90121.0,Del0.8,0.74
X-1323,TSTA3,7264.0,Amp8,8.11
X-1323,TTC3P1,286495.0,Del0.8,0.74
X-1323,TTI2,80185.0,Del0.8,0.76
X-1323,TTPA,7274.0,Amp5,7.94
X-1323,TTTY15,64595.0,Del0.8,0.79
X-1323,TTTY1B,100101116.0,Del0.8,0.58
X-1323,TTTY2,60439.0,Del0.8,0.58
X-1323,TTTY21,252953.0,Del0.8,0.58
X-1323,TTTY22,252954.0,Del0.8,0.58
X-1323,TTTY23,252955.0,Del0.8,0.58
X-1323,TTTY7,246122.0,Del0.8,0.58
X-1323,TTTY7B,100101120.0,Del0.8,0.58
X-1323,TTTY8,84673.0,Del0.8,0.58
X-1323,TXLNG,55787.0,Del0.8,0.75
X-1323,UBA1,7317.0,Del0.8,0.74
X-1323,UBE2A,7319.0,Del0.8,0.75
X-1323,UBE2DNL,100131816.0,Del0.8,0.74
X-1323,UBE2NL,389898.0,Del0.8,0.75
X-1323,UBE2V2,7336.0,Amp5,7.94
X-1323,UBE2W,55284.0,Amp5,5.28
X-1323,UBQLN2,29978.0,Del0.8,0.74
X-1323,UBR5,51366.0,Amp8,8.22
X-1323,UBXN2B,137886.0,Amp5,7.94
X-1323,UBXN8,7993.0,Del0.8,0.76
X-1323,UG0898H09,643763.0,Amp5,7.94
X-1323,UGT2B28,54490.0,Del0.8,0.33
X-1323,UNC13B,10497.0,MutNovel,"R1255S,0.577"
X-1323,UNC5D,137970.0,Del0.8,0.76
X-1323,UPF3B,65109.0,Del0.8,0.75
X-1323,UPRT,139596.0,Del0.8,0.74
X-1323,UQCRB,7381.0,Amp8,8.22
X-1323,UQCRBP1,442454.0,Del0.8,0.74
X-1323,USP11,8237.0,Del0.8,0.74
X-1323,USP26,83844.0,Del0.8,0.75
X-1323,USP27X,389856.0,Del0.8,0.74
X-1323,USP51,158880.0,Del0.8,0.74
X-1323,USP9X,8239.0,Del0.8,0.74
X-1323,USP9Y,8287.0,MutNovel,"I277T,1.000"
X-1323,USP9Y,8287.0,Del0.8,0.79
X-1323,UTP14A,10813.0,Del0.8,0.75
X-1323,UTP23,84294.0,Amp8,8.75
X-1323,UTY,7404.0,MutNovel,"NY1026PD,1.000"
X-1323,UTY,7404.0,MutNovel,"W1025L,1.000"
X-1323,UTY,7404.0,MutNovel,"NS1023IL,1.000"
X-1323,UTY,7404.0,MutNovel,"PN1022GY,1.000"
X-1323,UTY,7404.0,MutNovel,"L1021P,1.000"
X-1323,UTY,7404.0,MutNovel,"L1019T,1.000"
X-1323,UTY,7404.0,MutNovel,"H1018S,1.000"
X-1323,UTY,7404.0,MutNovel,"FS1016QT,1.000"
X-1323,UTY,7404.0,MutNovel,"R1015F,1.000"
X-1323,UTY,7404.0,MutNovel,"G1012W,1.000"
X-1323,UTY,7404.0,MutNovel,"P1010I,1.000"
X-1323,UTY,7404.0,MutNovel,"P1008Q,0.667"
X-1323,UTY,7404.0,MutNovel,"LQ1006RK,0.667"
X-1323,UTY,7404.0,MutNovel,"T1012Q,1.000"
X-1323,UTY,7404.0,MutNovel,"P1010L,1.000"
X-1323,UTY,7404.0,MutNovel,"K1008P,1.000"
X-1323,UTY,7404.0,MutNovel,"NP1006TI,1.000"
X-1323,UTY,7404.0,MutNovel,"H1001Q,1.000"
X-1323,UTY,7404.0,MutNovel,"S548A,0.333"
X-1323,UTY,7404.0,MutKnownFunctional,"EQ526A*,0.375"
X-1323,UTY,7404.0,MutNovel,"L525R,0.444"
X-1323,UTY,7404.0,MutKnownFunctional,"IK369I*,0.750"
X-1323,UTY,7404.0,MutNovel,"C362S,0.600"
X-1323,UTY,7404.0,MutNovel,"SC361WS,0.600"
X-1323,UTY,7404.0,MutNovel,"D354S,0.400"
X-1323,UTY,7404.0,MutNovel,"D277Y,1.000"
X-1323,UTY,7404.0,MutNovel,"L274M,1.000"
X-1323,UTY,7404.0,MutNovel,"SY264IH,0.667"
X-1323,UTY,7404.0,MutNovel,"E263F,0.667"
X-1323,UTY,7404.0,MutNovel,"K259T,0.667"
X-1323,UTY,7404.0,MutNovel,"VG256HR,0.667"
X-1323,UTY,7404.0,MutNovel,"HH250LV,0.667"
X-1323,UTY,7404.0,MutNovel,"MH249GN,0.667"
X-1323,UTY,7404.0,MutNovel,"W248T,0.667"
X-1323,UTY,7404.0,MutNovel,"G247V,0.667"
X-1323,UTY,7404.0,MutNovel,"F129V,1.000"
X-1323,UTY,7404.0,MutNovel,"A127T,1.000"
X-1323,UTY,7404.0,MutNovel,"W124N,0.500"
X-1323,UTY,7404.0,MutNovel,"A121D,0.500"
X-1323,UTY,7404.0,MutNovel,"DF91EL,0.500"
X-1323,UTY,7404.0,MutNovel,"K87W,0.750"
X-1323,UTY,7404.0,MutNovel,"G86P,0.750"
X-1323,UTY,7404.0,MutNovel,"A84G,0.800"
X-1323,UTY,7404.0,MutNovel,"IL81RG,0.800"
X-1323,UTY,7404.0,MutNovel,"LI80SL,1.000"
X-1323,UTY,7404.0,MutNovel,"ES78DD,1.000"
X-1323,UTY,7404.0,MutKnownFunctional,"YE77*P,0.875"
X-1323,UTY,7404.0,MutNovel,"C76F,0.889"
X-1323,UTY,7404.0,MutNovel,"VR74GG,0.800"
X-1323,UTY,7404.0,MutNovel,"A64G,0.500"
X-1323,UTY,7404.0,Del0.8,0.79
X-1323,UXT,8409.0,Del0.8,0.74
X-1323,VANGL1,81839.0,MutNovel,"E141A,0.571"
X-1323,VCPIP1,80124.0,Amp5,7.94
X-1323,VCX,26609.0,Del0.8,0.75
X-1323,VCX2,51480.0,Del0.8,0.75
X-1323,VCX3A,51481.0,Del0.8,0.75
X-1323,VCX3B,425054.0,Del0.8,0.75
X-1323,VCY,9084.0,Del0.8,0.79
X-1323,VCY,9084.0,Del0.8,0.79
X-1323,VENTXP1,139538.0,Del0.8,0.75
X-1323,VGLL1,51442.0,Del0.8,0.75
X-1323,VPS13B,157680.0,Amp8,8.22
X-1323,VPS28,51160.0,Amp8,8.11
X-1323,VSIG1,340547.0,Del0.8,0.75
X-1323,VSIG4,11326.0,Del0.8,0.74
X-1323,WAS,7454.0,Del0.8,0.74
X-1323,WBP5,51186.0,Del0.8,0.75
X-1323,WDR13,64743.0,Del0.8,0.74
X-1323,WDR44,54521.0,Del0.8,0.75
X-1323,WDR45,11152.0,Del0.8,0.74
X-1323,WDR67,93594.0,Amp8,8.75
X-1323,WDYHV1,55093.0,Amp8,8.75
X-1323,WHSC1L1,54904.0,Del0.8,0.61
X-1323,WISP1,8840.0,Amp8,8.75
X-1323,WNK1,65125.0,MutNovel,"G2288C,0.516"
X-1323,WNK3,65267.0,Del0.8,0.74
X-1323,WRN,7486.0,Del0.8,0.76
X-1323,WWC3,55841.0,Del0.8,0.75
X-1323,WWP1,11059.0,Amp8,8.82
X-1323,XAGE1A,653219.0,Del0.8,0.74
X-1323,XAGE1A,653219.0,Del0.8,0.74
X-1323,XAGE1C,653048.0,Del0.8,0.74
X-1323,XAGE1C,653048.0,Del0.8,0.74
X-1323,XAGE2,9502.0,Del0.8,0.74
X-1323,XAGE2,9502.0,Del0.8,0.74
X-1323,XAGE3,170626.0,Del0.8,0.74
X-1323,XAGE5,170627.0,Del0.8,0.74
X-1323,XG,7499.0,Del0.8,0.75
X-1323,XGPY2,100132596.0,Del0.8,0.75
X-1323,XIAP,331.0,Del0.8,0.75
X-1323,XIST,7503.0,Del0.8,0.74
X-1323,XK,7504.0,Del0.8,0.74
X-1323,XKR4,114786.0,Amp5,7.94
X-1323,XKRX,402415.0,Del0.8,0.75
X-1323,XPNPEP2,7512.0,Del0.8,0.75
X-1323,YIPF6,286451.0,Del0.8,0.74
X-1323,YTHDF3,253943.0,Amp5,7.94
X-1323,YWHAZ,7534.0,Amp8,8.22
X-1323,YY2,404281.0,Del0.8,0.75
X-1323,ZBED1,9189.0,Del0.8,0.75
X-1323,ZBTB10,65986.0,Amp8,8.82
X-1323,ZBTB33,10009.0,Del0.8,0.75
X-1323,ZC3H12B,340554.0,Del0.8,0.74
X-1323,ZC3H3,23144.0,Amp8,8.11
X-1323,ZC4H2,55906.0,Del0.8,0.74
X-1323,ZCCHC12,170261.0,Del0.8,0.75
X-1323,ZCCHC13,389874.0,Del0.8,0.74
X-1323,ZCCHC16,340595.0,Del0.8,0.75
X-1323,ZCCHC18,644353.0,Del0.8,0.75
X-1323,ZCCHC5,203430.0,Del0.8,0.74
X-1323,ZDHHC15,158866.0,Del0.8,0.74
X-1323,ZDHHC9,51114.0,Del0.8,0.75
X-1323,ZFAND1,79752.0,Amp8,8.82
X-1323,ZFAT,57623.0,Amp8,8.75
X-1323,ZFAT-AS1,594840.0,Amp8,8.75
X-1323,ZFHX4,79776.0,Amp8,9.13
X-1323,ZFP41,286128.0,Amp8,8.11
X-1323,ZFPM2,23414.0,Amp8,8.82
X-1323,ZFX,7543.0,Del0.8,0.75
X-1323,ZFY,7544.0,Del0.8,0.27
X-1323,ZHX1,11244.0,Amp8,8.75
X-1323,ZHX1-C8ORF76,100533106.0,Amp8,8.75
X-1323,ZHX2,22882.0,Amp8,8.75
X-1323,ZIC3,7547.0,Del0.8,0.75
X-1323,ZMAT1,84460.0,Del0.8,0.75
X-1323,ZMAT4,79698.0,Del0.8,0.76
X-1323,ZMYM3,9203.0,Del0.8,0.74
X-1323,ZNF157,7712.0,Del0.8,0.74
X-1323,ZNF16,7564.0,Amp8,8.11
X-1323,ZNF182,7569.0,Del0.8,0.74
X-1323,ZNF250,58500.0,Amp8,8.11
X-1323,ZNF251,90987.0,Amp8,8.11
X-1323,ZNF280C,55609.0,Del0.8,0.75
X-1323,ZNF281,23528.0,MutNovel,"T82A,0.605"
X-1323,ZNF34,80778.0,Amp8,8.11
X-1323,ZNF384,171017.0,MutNovel,"QQ514Q,0.474"
X-1323,ZNF395,55893.0,Del0.8,0.79
X-1323,ZNF41,7592.0,Del0.8,0.74
X-1323,ZNF418,147686.0,MutNovel,"E387K,0.333"
X-1323,ZNF449,203523.0,Del0.8,0.75
X-1323,ZNF517,340385.0,Amp8,8.11
X-1323,ZNF572,137209.0,Amp8,8.75
X-1323,ZNF623,9831.0,Amp8,8.11
X-1323,ZNF630,57232.0,Del0.8,0.74
X-1323,ZNF645,158506.0,Del0.8,0.75
X-1323,ZNF673,55634.0,Del0.8,0.74
X-1323,ZNF674,641339.0,Del0.8,0.74
X-1323,ZNF696,79943.0,Amp8,8.11
X-1323,ZNF7,7553.0,Amp8,8.11
X-1323,ZNF703,80139.0,Del0.8,0.77
X-1323,ZNF704,619279.0,Amp8,8.82
X-1323,ZNF706,51123.0,Amp8,8.22
X-1323,ZNF707,286075.0,Amp8,8.11
X-1323,ZNF711,7552.0,Del0.8,0.74
X-1323,ZNF75D,7626.0,Del0.8,0.75
X-1323,ZNF761,388561.0,MutNovel,"Q551K,1.000"
X-1323,ZNF81,347344.0,Del0.8,0.74
X-1323,ZRSR2,8233.0,Del0.8,0.75
X-1323,ZXDA,7789.0,Del0.8,0.74
X-1323,ZXDB,158586.0,Del0.8,0.74
X-1367,A4GNT,51146.0,Amp5,5.17
X-1367,ABCA13,154664.0,MutNovel,"V3115I,0.296"
X-1367,ABCF2,10061.0,MutNovel,"R354Q,0.980"
X-1367,ACAD11,84129.0,MutNovel,"E141K,0.875"
X-1367,ACCS,84680.0,MutNovel,"P488A,0.292"
X-1367,ACOT1,641371.0,Amp5,6.19
X-1367,ACTL6A,86.0,Amp8,12.13
X-1367,ADAM9,8754.0,Amp5,5.06
X-1367,ADHFE1,137872.0,Amp5,6.36
X-1367,AHNAK,79026.0,MutNovel,"R149L,0.464"
X-1367,AIFM3,150209.0,MutNovel,"M181Q,0.259"
X-1367,AKR1E2,83592.0,MutNovel,"L253W,0.359"
X-1367,ALDH9A1,223.0,MutNovel,"K298T,0.202"
X-1367,ALS2,57679.0,MutNovel,"T729A,1.000"
X-1367,AMDHD2,51005.0,MutNovel,"Q124E,0.405"
X-1367,AMELY,266.0,Del0.8,0.25
X-1367,ANKRD46,157567.0,Amp5,7.11
X-1367,AP5B1,,MutNovel,"E152V,1.000"
X-1367,APBA2,321.0,MutKnownFunctional,"Q381*,1.000"
X-1367,APC,324.0,MutNovel,"Q2646E,0.600"
X-1367,APOL4,80832.0,MutNovel,"S10N,0.529"
X-1367,ARFGEF1,10565.0,Amp5,6.36
X-1367,ARHGAP33,115703.0,MutNovel,"G816W,0.643"
X-1367,ARHGEF26,26084.0,Amp5,5.78
X-1367,ARHGEF26-AS1,100507524.0,Amp5,5.78
X-1367,ARMC8,25852.0,Amp5,5.17
X-1367,ATG7,10533.0,MutNovel,"L161F,0.300"
X-1367,ATP11B,23200.0,Amp8,14.03
X-1367,ATP2A3,489.0,MutNovel,"R674H,1.000"
X-1367,ATP6V1C1,528.0,Amp5,6.54
X-1367,ATP6V1H,51606.0,MutNovel,"N225I,0.430"
X-1367,ATPIF1,93974.0,MutNovel,"K82-,0.448"
X-1367,ATXN7,6314.0,MutNovel,"N151K,0.583"
X-1367,AZIN1,51582.0,Amp5,6.54
X-1367,B3GNT5,84002.0,Amp8,14.03
X-1367,B3GNTL1,146712.0,MutNovel,"G217D,0.545"
X-1367,BAALC,79870.0,Amp5,6.54
X-1367,BAX,581.0,MutNovel,"L25V,0.391"
X-1367,BAZ2B,29994.0,MutNovel,"M1485V,0.444"
X-1367,BCKDHA,593.0,MutNovel,"R280C,0.282"
X-1367,BCORP1,286554.0,Del0.8,0.25
X-1367,BMS1,9790.0,MutNovel,"E585K,0.281"
X-1367,BPESC1,60467.0,Amp5,5.17
X-1367,BPY2B,442867.0,Del0.8,0.25
X-1367,BPY2B,442867.0,Del0.8,0.25
X-1367,BRD8,10902.0,MutNovel,"K276R,0.375"
X-1367,BTAF1,9044.0,MutNovel,"G120V,0.500"
X-1367,C11orf9,745.0,MutNovel,"P179S,1.000"
X-1367,C14orf118,55668.0,MutNovel,"D70Y,0.600"
X-1367,C16orf93,90835.0,MutNovel,"V163M,0.500"
X-1367,C17orf28,283987.0,MutNovel,"G126V,1.000"
X-1367,C19orf43,79002.0,MutNovel,"G12C,1.000"
X-1367,C1orf172,126695.0,MutNovel,"R101C,0.471"
X-1367,C1orf182,128229.0,MutNovel,"K60R,0.714"
X-1367,C3orf55,152078.0,Amp8,9.06
X-1367,C3orf72,401089.0,Amp5,5.17
X-1367,C3orf79,152118.0,Amp5,5.78
X-1367,C6orf203,51250.0,MutNovel,"R232W,0.562"
X-1367,C8orf44,56260.0,Amp5,6.36
X-1367,C8orf44-SGK3,100533105.0,Amp5,6.36
X-1367,C8orf46,254778.0,Amp5,6.36
X-1367,C8orf56,157556.0,Amp5,6.54
X-1367,C8orf86,389649.0,Amp5,5.06
X-1367,CACHD1,57685.0,MutNovel,"T24A,0.600"
X-1367,CACNA1I,8911.0,MutNovel,"V1250E,0.800"
X-1367,CACNA2D1,781.0,MutNovel,"E949Q,1.000"
X-1367,CACNA2D3,55799.0,MutNovel,"Q1046H,0.450"
X-1367,CAPN10,11132.0,MutNovel,"K415N,0.636"
X-1367,CBX6,23466.0,MutNovel,"A395P,0.500"
X-1367,CCDC39,339829.0,Amp8,12.13
X-1367,CCNL1,57018.0,Amp8,9.06
X-1367,CD163L1,283316.0,MutNovel,"C1284F,0.480"
X-1367,CD163L1,283316.0,MutNovel,"H139Y,0.417"
X-1367,CDC42EP1,11135.0,MutNovel,"PAPAANPS253P,0.750"
X-1367,CDC73,79577.0,Amp5,6.32
X-1367,CDK18,5129.0,Amp5,5.1
X-1367,CDS1,1040.0,MutNovel,"L192R,0.367"
X-1367,CDY1B,253175.0,Del0.8,0.25
X-1367,CDY1B,253175.0,Del0.8,0.25
X-1367,CDY2A,9426.0,Del0.8,0.25
X-1367,CDY2A,9426.0,Del0.8,0.25
X-1367,CDY2B,203611.0,Del0.8,0.25
X-1367,CDY2B,203611.0,Del0.8,0.25
X-1367,CENPJ,55835.0,MutNovel,"D251N,0.692"
X-1367,CEP70,80321.0,Amp5,5.17
X-1367,CEP78,84131.0,MutNovel,"S647I,0.286"
X-1367,CFHR1,3078.0,Amp5,5.66
X-1367,CFHR3,10878.0,Amp5,7.26
X-1367,CHD3,1107.0,MutNovel,"S1101Y,0.512"
X-1367,CHD6,84181.0,MutNovel,"V538M,0.250"
X-1367,CHEK2,11200.0,MutNovel,"G219E,0.688"
X-1367,CLDN18,51208.0,Amp5,5.17
X-1367,CLSTN2,64084.0,Amp5,6.36
X-1367,CLTC,1213.0,MutNovel,"N964S,1.000"
X-1367,CNGB1,1258.0,MutNovel,"D826G,1.000"
X-1367,CNPPD1,27013.0,MutNovel,"T13A,0.333"
X-1367,COBL,23242.0,Amp5,5.13
X-1367,COG1,9382.0,MutNovel,"K656T,0.326"
X-1367,COG3,83548.0,MutNovel,"Q703L,0.353"
X-1367,COL7A1,1294.0,MutNovel,"Y930C,0.656"
X-1367,COPB2,9276.0,Amp5,5.17
X-1367,COPS5,10987.0,Amp5,6.36
X-1367,COX6C,1345.0,Amp5,7.11
X-1367,CPA6,57094.0,Amp5,5.13
X-1367,CSPG4P1Y,114758.0,Del0.8,0.25
X-1367,CSPG4P1Y,114758.0,Del0.8,0.25
X-1367,CSPP1,79848.0,Amp5,6.36
X-1367,CSTF3,1479.0,MutNovel,"I391M,0.462"
X-1367,CTAGE4,100128553.0,Del0.8,0.73
X-1367,CTDSPL2,51496.0,MutKnownFunctional,"R450*,0.313"
X-1367,CTHRC1,115908.0,Amp5,6.54
X-1367,CWF19L1,55280.0,MutNovel,"Y201C,0.468"
X-1367,CXorf23,256643.0,MutNovel,"P631L,1.000"
X-1367,DAZ1,1617.0,Del0.8,0.25
X-1367,DAZ2,57055.0,Del0.8,0.25
X-1367,DAZ3,57054.0,Del0.8,0.25
X-1367,DAZ3,57054.0,Del0.8,0.25
X-1367,DAZ4,57135.0,Del0.8,0.25
X-1367,DAZ4,57135.0,Del0.8,0.25
X-1367,DBF4,10926.0,MutNovel,"Q395K,0.484"
X-1367,DBR1,51163.0,Amp5,5.17
X-1367,DCAF13,25879.0,Amp5,6.54
X-1367,DCUN1D1,54165.0,Amp8,14.03
X-1367,DDX3Y,8653.0,Del0.8,0.25
X-1367,DDX50,79009.0,MutNovel,"W7S,0.714"
X-1367,DHODH,1723.0,MutNovel,"R231H,0.478"
X-1367,DHX36,170506.0,Amp5,5.78
X-1367,DLAT,1737.0,MutNovel,"P170S,0.705"
X-1367,DLG3,1741.0,MutNovel,"R516F,0.559"
X-1367,DNAJC19,131118.0,Amp8,12.13
X-1367,DNASE1L3,1776.0,MutNovel,"V175E,0.333"
X-1367,DNHD1,144132.0,MutNovel,"Q2841H,1.000"
X-1367,DZIP1L,199221.0,Amp5,5.17
X-1367,ECT2,1894.0,Amp8,9.99
X-1367,EHBP1,23301.0,MutNovel,"T675S,0.581"
X-1367,EIF1AY,9086.0,Del0.8,0.25
X-1367,EIF3H,8667.0,MutNovel,"A12T,0.645"
X-1367,EIF5A2,56648.0,Amp5,7.73
X-1367,ELMO1,9844.0,MutNovel,"D167H,0.333"
X-1367,EP300,2033.0,MutNovel,"Q2266-,0.211"
X-1367,ERBB2,2064.0,MutNovel,"T27P,1.000"
X-1367,ERBB2,2064.0,MutNovel,"II654MV,0.356"
X-1367,ERCC2,2068.0,MutNovel,"R636G,0.538"
X-1367,ESYT3,83850.0,Amp5,5.17
X-1367,ETV3L,440695.0,Amp5,6.06
X-1367,FAIM,55179.0,Amp5,5.17
X-1367,FAM131C,348487.0,MutNovel,"S87F,0.643"
X-1367,FAM131C,348487.0,MutNovel,"R74C,0.556"
X-1367,FAM172A,83989.0,MutNovel,"R366Q,0.976"
X-1367,FAM197Y2P,252946.0,Del0.8,0.25
X-1367,FAM41AY1,340618.0,Del0.8,0.25
X-1367,FAM41AY1,340618.0,Del0.8,0.25
X-1367,FBN2,2201.0,MutNovel,"H2303Q,1.000"
X-1367,FBXO43,286151.0,Amp5,7.11
X-1367,FEM1A,55527.0,MutNovel,"G283R,1.000"
X-1367,FFAR3,2865.0,Del0.8,0.56
X-1367,FLJ42969,441374.0,Amp5,6.54
X-1367,FLJ46066,401103.0,Amp8,14.03
X-1367,FNDC3A,22862.0,MutNovel,"H108R,0.500"
X-1367,FNDC3B,64778.0,Amp5,7.73
X-1367,FOXL2,668.0,Amp5,5.17
X-1367,FXR1,8087.0,Amp8,12.13
X-1367,FYCO1,79443.0,MutNovel,"E489D,0.571"
X-1367,FZD6,8323.0,Amp5,6.54
X-1367,GABRP,2568.0,MutNovel,"L107P,1.000"
X-1367,GALNT1,2589.0,MutNovel,"W129C,0.377"
X-1367,GEMIN5,25929.0,MutNovel,"E595Q,0.429"
X-1367,GHSR,2693.0,Amp5,7.73
X-1367,GIN1,54826.0,MutNovel,"Q287E,0.692"
X-1367,GLT1D1,144423.0,MutNovel,"R102T,0.350"
X-1367,GMPS,8833.0,Amp5,5.62
X-1367,GNB4,59345.0,Amp8,12.13
X-1367,GOLGA2P2Y,84559.0,Del0.8,0.25
X-1367,GOLGA2P2Y,84559.0,Del0.8,0.25
X-1367,GPLD1,2822.0,MutNovel,"V834I,0.333"
X-1367,GPR149,344758.0,Amp5,5.78
X-1367,GPR155,151556.0,MutNovel,"Q197E,1.000"
X-1367,GRHL2,79977.0,Amp5,6.54
X-1367,GSTT1,2952.0,Amp5,6.15
X-1367,GTF2F2,2963.0,MutNovel,"R117P,0.455"
X-1367,GTF2H2,2966.0,Del0.8,0.66
X-1367,GTF3C2,2976.0,MutNovel,"R244L,0.388"
X-1367,GTF3C3,9330.0,MutNovel,"M472T,0.404"
X-1367,GUSB,2990.0,MutNovel,"V601L,0.233"
X-1367,GYG2P1,352887.0,Del0.8,0.25
X-1367,HAPLN3,145864.0,MutNovel,"A214V,0.294"
X-1367,HAUS5,23354.0,MutNovel,"C349F,0.333"
X-1367,HERC3,8916.0,MutNovel,"K599E,0.667"
X-1367,HHIPL2,79802.0,MutKnownFunctional,"LE328F*,1.000"
X-1367,HIPK1,204851.0,MutNovel,"G310C,0.550"
X-1367,HNRNPCL1,343069.0,Del0.8,0.71
X-1367,HOXD9,3235.0,MutNovel,"R289G,1.000"
X-1367,HS6ST3,266722.0,MutNovel,"H269Y,0.375"
X-1367,HSFY2,159119.0,Del0.8,0.25
X-1367,HSFY2,159119.0,Del0.8,0.25
X-1367,HTRA4,203100.0,Amp5,5.06
X-1367,HYDIN,54768.0,MutNovel,"H3869R,1.000"
X-1367,HYOU1,10525.0,MutNovel,"S64F,0.328"
X-1367,IGF2R,3482.0,MutNovel,"V1452F,0.326"
X-1367,IL20RB,53833.0,Amp5,5.17
X-1367,ING5,84289.0,MutNovel,"E108Q,0.625"
X-1367,INSR,3643.0,MutNovel,"D1014Y,0.500"
X-1367,IRGM,345611.0,Del0.8,0.8
X-1367,ISG20,3669.0,MutNovel,"V15G,0.652"
X-1367,KCNAB1,7881.0,Amp5,7.16
X-1367,KCNK2,3776.0,MutNovel,"W332C,1.000"
X-1367,KCNMB2,10242.0,Amp8,12.38
X-1367,KCNMB3,27094.0,Amp8,12.13
X-1367,KDM5D,8284.0,Del0.8,0.25
X-1367,KIAA0100,9703.0,MutNovel,"Q35L,1.000"
X-1367,KIAA1522,57648.0,MutNovel,"R391H,0.364"
X-1367,KIFAP3,22920.0,MutNovel,"G765V,0.909"
X-1367,KIFC1,3833.0,MutNovel,"F314L,0.312"
X-1367,KIT,3815.0,MutNovel,"V530I,0.314"
X-1367,KLF10,7071.0,Amp5,6.54
X-1367,KLHL24,54800.0,MutNovel,"D30H,0.214"
X-1367,KLHL6,89857.0,Amp8,14.03
X-1367,KLK6,5653.0,MutNovel,"L112Q,0.593"
X-1367,LAMP3,27074.0,Amp8,14.03
X-1367,LARP4,113251.0,MutNovel,"Q695H,0.265"
X-1367,LEKR1,389170.0,Amp8,9.06
X-1367,LETMD1,25875.0,MutNovel,"R32L,0.750"
X-1367,LGALS3BP,3959.0,MutNovel,"Q433E,0.330"
X-1367,LGALS9B,284194.0,MutNovel,"V184M,1.000"
X-1367,LGR4,55366.0,MutNovel,"N805K,0.449"
X-1367,LIG1,3978.0,MutNovel,"F695L,0.500"
X-1367,LIME1,54923.0,MutNovel,"Q223R,0.500"
X-1367,LMNA,4000.0,MutNovel,"R397H,0.214"
X-1367,LOC100498859,100498859.0,Amp8,9.06
X-1367,LOC100499183,100499183.0,Amp5,6.54
X-1367,LOC100505676,100505676.0,Amp5,6.36
X-1367,LOC100505687,100505687.0,Amp8,14.03
X-1367,LOC100507537,100507537.0,Amp5,5.78
X-1367,LOC339894,339894.0,Amp8,9.06
X-1367,LOC391322,391322.0,Amp5,6.15
X-1367,LOC647859,647859.0,Del0.8,0.66
X-1367,LOC728377,728377.0,Del0.8,0.73
X-1367,LOC730091,730091.0,Amp8,9.06
X-1367,LOC81691,81691.0,MutNovel,"P43A,0.500"
X-1367,LRRC32,2615.0,MutNovel,"D542H,0.400"
X-1367,LRRCC1,85444.0,MutNovel,"K412R,0.267"
X-1367,LSR,51599.0,MutNovel,"G518GR,0.642"
X-1367,LTBP2,4053.0,MutNovel,"G496S,0.688"
X-1367,MAP3K5,4217.0,MutNovel,"Q1279E,0.490"
X-1367,MCCC1,56922.0,Amp8,14.03
X-1367,MCF2L2,23101.0,Amp8,14.03
X-1367,METTL13,51603.0,MutNovel,"K447N,0.786"
X-1367,METTL17,64745.0,MutNovel,"T278S,0.446"
X-1367,METTL6,131965.0,MutNovel,"P273L,0.353"
X-1367,METTL7A,25840.0,MutNovel,"K219Q,0.806"
X-1367,MFN1,55669.0,Amp8,12.13
X-1367,MICAL3,57553.0,MutNovel,"D331Y,0.556"
X-1367,MIR3151,100422992.0,Amp5,6.54
X-1367,MIR4471,100616451.0,Amp5,7.11
X-1367,MIR4761,100616414.0,Amp5,6.36
X-1367,MIR4789,100616395.0,Amp8,12.38
X-1367,MIR569,693154.0,Amp5,7.73
X-1367,MLLT6,4302.0,MutNovel,"A327T,1.000"
X-1367,MME,4311.0,Amp5,5.78
X-1367,MMP15,4324.0,MutNovel,"G308C,1.000"
X-1367,MRAS,22808.0,Amp5,5.17
X-1367,MRPL47,57129.0,Amp8,12.13
X-1367,MRPS22,56945.0,Amp5,5.17
X-1367,MST1,4485.0,MutNovel,"R513G,0.231"
X-1367,MTHFD1L,25902.0,MutNovel,"R820W,0.535"
X-1367,MTOR,2475.0,MutNovel,"E575K,0.667"
X-1367,MUC16,94025.0,MutNovel,"T10714N,1.000"
X-1367,MXRA5,25878.0,MutNovel,"R2336K,0.460"
X-1367,MYBL1,4603.0,Amp5,6.36
X-1367,MYO10,4651.0,Amp5,5.17
X-1367,MYO6,4646.0,MutNovel,"D385G,0.513"
X-1367,NAALADL2,254827.0,Amp8,10.48
X-1367,NACAP1,83955.0,Amp5,6.54
X-1367,NACC1,112939.0,MutKnownFunctional,"E455*,1.000"
X-1367,NAIP,4671.0,Del0.8,0.66
X-1367,NCALD,83988.0,Amp5,6.54
X-1367,NCAPD2,9918.0,MutNovel,"M619V,0.230"
X-1367,NCEH1,57552.0,Amp5,7.73
X-1367,NCK1,4690.0,Amp5,5.17
X-1367,NCRNA00185,55410.0,Del0.8,0.25
X-1367,NDUFB5,4711.0,Amp8,12.13
X-1367,NEDD4L,23327.0,MutNovel,"Q239H,1.000"
X-1367,NLGN1,22871.0,Amp8,10.85
X-1367,NLGN4Y,22829.0,Del0.8,0.25
X-1367,NME9,347736.0,Amp5,5.17
X-1367,NMNAT3,349565.0,Amp5,5.17
X-1367,NOTCH2,4853.0,MutNovel,"W1983C,0.645"
X-1367,NRP1,8829.0,MutNovel,"E567Q,0.422"
X-1367,NUFIP1,26747.0,MutNovel,"A237T,0.298"
X-1367,NXPE3,,MutNovel,"K99N,0.312"
X-1367,ODF1,4956.0,Amp5,6.54
X-1367,OFCC1,,MutNovel,"N541S,1.000"
X-1367,OFCC1,,MutKnownFunctional,"Y525*,1.000"
X-1367,OFCC1,,MutNovel,"P450L,1.000"
X-1367,OPRK1,4986.0,MutNovel,"I85N,1.000"
X-1367,OPTN,10133.0,MutNovel,"P37Q,0.800"
X-1367,OR2A42,402317.0,Del0.8,0.73
X-1367,OR2A42,402317.0,Del0.8,0.73
X-1367,OR2A7,401427.0,Del0.8,0.73
X-1367,OR2A9P,441295.0,Del0.8,0.73
X-1367,OR2A9P,441295.0,Del0.8,0.73
X-1367,OR2T10,127069.0,Del0.8,0.75
X-1367,OR2T11,127077.0,Del0.8,0.75
X-1367,OR2T35,403244.0,Del0.8,0.75
X-1367,OR4F5,79501.0,Del0.8,0.79
X-1367,OSBPL2,9885.0,MutNovel,"E427G,0.269"
X-1367,OSBPL7,114881.0,MutNovel,"S282F,0.429"
X-1367,OTUD7B,56957.0,MutNovel,"V290L,0.776"
X-1367,PA2G4P4,647033.0,Amp8,9.06
X-1367,PABPC1,26986.0,Amp5,6.54
X-1367,PABPC3,5042.0,MutKnownFunctional,"-231,0.429"
X-1367,PABPC3,5042.0,MutNovel,"Y377H,1.000"
X-1367,PAWR,5074.0,MutNovel,"N257Y,0.269"
X-1367,PCDH11Y,83259.0,Del0.8,0.36
X-1367,PCNXL3,399909.0,MutNovel,"A1065V,0.698"
X-1367,PEG10,23089.0,MutNovel,"A142S,0.821"
X-1367,PELP1,27043.0,MutNovel,"EE895E,0.853"
X-1367,PEX5L,51555.0,Amp8,12.13
X-1367,PGM5P2,595135.0,Amp5,6.59
X-1367,PHLDA1,22822.0,MutNovel,"QQ194Q,0.533"
X-1367,PI4KA,5297.0,MutNovel,"L165F,0.609"
X-1367,PIK3AP1,118788.0,MutNovel,"E500D,0.538"
X-1367,PIK3CA,5290.0,Amp8,15.35
X-1367,PIK3CB,5291.0,Amp5,5.17
X-1367,PISRT1,140464.0,Amp5,5.17
X-1367,PLCH1,23007.0,Amp5,5.78
X-1367,PLD1,5337.0,Amp5,7.73
X-1367,PLEKHA2,59339.0,Amp5,5.06
X-1367,PNPLA6,10908.0,MutNovel,"P1368T,0.969"
X-1367,POLR2K,5440.0,Amp5,7.11
X-1367,POM121,9883.0,MutNovel,"F799FS,0.286"
X-1367,PPIB,5479.0,MutNovel,"K186Q,0.650"
X-1367,PPP1R26,9858.0,MutNovel,"D826H,0.500"
X-1367,PPP1R42,286187.0,Amp5,6.36
X-1367,PRAMEF1,65121.0,Del0.8,0.71
X-1367,PRAMEF11,440560.0,Del0.8,0.71
X-1367,PRKAB1,5564.0,MutNovel,"P79S,0.321"
X-1367,PRKCH,5583.0,MutKnownFunctional,"-612?,0.321"
X-1367,PRKY,5616.0,Del0.8,0.25
X-1367,PRMT10,90826.0,MutNovel,"I674M,0.333"
X-1367,PRPSAP1,5635.0,MutNovel,"F128V,0.993"
X-1367,PRR23A,729627.0,Amp5,5.17
X-1367,PRR23B,389151.0,Amp5,5.17
X-1367,PRR23C,389152.0,Amp5,5.17
X-1367,PRY,9081.0,Del0.8,0.25
X-1367,PRY,9081.0,Del0.8,0.25
X-1367,PRY2,442862.0,Del0.8,0.25
X-1367,PRY2,442862.0,Del0.8,0.25
X-1367,PTK2B,2185.0,MutNovel,"L331F,0.391"
X-1367,PTTG3P,26255.0,Amp5,6.36
X-1367,PTX3,5806.0,Amp8,9.06
X-1367,RAB8A,4218.0,MutNovel,"T75A,0.971"
X-1367,RALGPS1,9649.0,MutNovel,"E287K,0.267"
X-1367,RAP2B,5912.0,Amp5,5.78
X-1367,RBMY1A3P,286557.0,Del0.8,0.25
X-1367,RBMY1B,378948.0,Del0.8,0.25
X-1367,RBMY1B,378948.0,Del0.8,0.25
X-1367,RBMY1E,378950.0,Del0.8,0.25
X-1367,RBMY1E,378950.0,Del0.8,0.25
X-1367,RBMY1F,159163.0,Del0.8,0.25
X-1367,RBMY1F,159163.0,Del0.8,0.25
X-1367,RBMY1J,378951.0,Del0.8,0.25
X-1367,RBMY1J,378951.0,Del0.8,0.25
X-1367,RBMY2EP,159125.0,Del0.8,0.25
X-1367,RBMY2FP,159162.0,Del0.8,0.25
X-1367,RBMY3AP,64593.0,Del0.8,0.25
X-1367,RBP1,5947.0,Amp5,5.17
X-1367,RBP2,5948.0,Amp5,5.17
X-1367,RC3H1,149041.0,MutNovel,"G656F,0.750"
X-1367,RC3H1,149041.0,Amp5,5.13
X-1367,RDBP,7936.0,MutNovel,"K82N,0.267"
X-1367,RGS22,26166.0,Amp5,7.11
X-1367,RHBDF1,64285.0,MutNovel,"C555Y,0.571"
X-1367,RNF19A,25897.0,Amp5,7.11
X-1367,RNF5P1,286140.0,Amp5,5.06
X-1367,RNGTT,8732.0,MutNovel,"R470H,0.500"
X-1367,RPL13A,23521.0,MutNovel,"M175V,0.448"
X-1367,RPS4Y1,6192.0,Del0.8,0.36
X-1367,RPS4Y2,140032.0,Del0.8,0.25
X-1367,RRM2B,50484.0,Amp5,6.54
X-1367,RRS1,23212.0,Amp5,6.36
X-1367,RUNX1,861.0,Del0.8,0.76
X-1367,RUNX1-IT1,80215.0,Del0.8,0.4
X-1367,SAMD1,90378.0,MutNovel,"S247R,0.588"
X-1367,SCN2A,6326.0,MutNovel,"V251F,0.500"
X-1367,SCN2A,6326.0,MutNovel,"K905G,0.333"
X-1367,SCN2A,6326.0,MutNovel,"Y1674C,0.375"
X-1367,SEC23IP,11196.0,MutNovel,"R460L,0.697"
X-1367,SEC31A,22872.0,MutNovel,"G141S,0.484"
X-1367,SERINC2,347735.0,MutNovel,"-373Q,0.650"
X-1367,SFT2D2,375035.0,MutNovel,"K3M,0.844"
X-1367,SFXN5,94097.0,MutKnownFunctional,"-256,0.667"
X-1367,SGK3,23678.0,Amp5,6.36
X-1367,SH3TC1,54436.0,MutNovel,"G367C,1.000"
X-1367,SHMT2,6472.0,MutNovel,"N329K,0.234"
X-1367,SIPA1L1,26037.0,MutNovel,"D32Y,0.500"
X-1367,SLC11A1,6556.0,MutNovel,"F449L,0.500"
X-1367,SLC25A23,79085.0,MutNovel,"I446F,1.000"
X-1367,SLC25A32,81034.0,Amp5,6.54
X-1367,SLC26A6,65010.0,MutNovel,"T683S,0.455"
X-1367,SLC2A2,6514.0,Amp5,7.73
X-1367,SLC33A1,9197.0,Amp5,5.62
X-1367,SLC35D1,23169.0,MutNovel,"P111Q,0.625"
X-1367,SLC38A6,145389.0,MutNovel,"S50L,0.478"
X-1367,SLC38A6,145389.0,MutNovel,"A484V,0.381"
X-1367,SMARCC2,6601.0,MutNovel,"N1134T,0.468"
X-1367,SMC5,23137.0,MutNovel,"P29R,1.000"
X-1367,SMG8,55181.0,MutNovel,"F633V,0.367"
X-1367,SNHG6,641638.0,Amp5,6.36
X-1367,SNORD87,641648.0,Amp5,6.36
X-1367,SNX25,83891.0,MutNovel,"V351L,0.667"
X-1367,SNX31,169166.0,Amp8,8.51
X-1367,SOX14,8403.0,Amp5,5.17
X-1367,SOX2,6657.0,Amp8,14.03
X-1367,SOX2-OT,347689.0,Amp8,14.03
X-1367,SPAG1,6674.0,MutNovel,"N275R,0.300"
X-1367,SPAG1,6674.0,Amp5,7.11
X-1367,SPATA16,83893.0,Amp5,7.78
X-1367,SPATA18,132671.0,MutNovel,"R290H,1.000"
X-1367,SRY,6736.0,Del0.8,0.36
X-1367,SSR3,6747.0,Amp8,9.06
X-1367,ST7,7982.0,Amp5,5.66
X-1367,ST7-AS1,93653.0,Amp5,5.66
X-1367,ST7-AS2,93654.0,Amp5,5.66
X-1367,ST7-OT3,93655.0,Amp5,5.66
X-1367,ST7-OT4,338069.0,Amp5,5.66
X-1367,STAG3,10734.0,MutNovel,"V104A,1.000"
X-1367,STRC,161497.0,MutNovel,"L1345M,0.333"
X-1367,STXBP3,6814.0,MutNovel,"G30E,0.640"
X-1367,STXBP3,6814.0,MutNovel,"D222Y,0.514"
X-1367,SUGT1,10910.0,MutNovel,"A138V,0.525"
X-1367,SULT1A4,445329.0,MutNovel,"M220V,1.000"
X-1367,SVIL,6840.0,MutNovel,"E949D,0.209"
X-1367,SYNE2,23224.0,MutNovel,"W3447L,0.667"
X-1367,SYNJ2,8871.0,MutNovel,"K528M,0.625"
X-1367,TAB3,257397.0,MutNovel,"Q286E,1.000"
X-1367,TACC1,6867.0,Amp5,5.06
X-1367,TAF15,8148.0,MutNovel,"D440Y,0.967"
X-1367,TBL1XR1,79718.0,Amp8,8.88
X-1367,TBL1Y,90665.0,Del0.8,0.25
X-1367,TBX19,9095.0,MutNovel,"G245S,0.571"
X-1367,TCF24,100129654.0,Amp5,6.36
X-1367,TGIF2LY,90655.0,Del0.8,0.36
X-1367,THEM5,284486.0,Amp5,5.1
X-1367,THOP1,7064.0,MutNovel,"K168N,0.489"
X-1367,TIGD1,200765.0,MutNovel,"R96L,0.708"
X-1367,TIPARP,25976.0,Amp8,9.06
X-1367,TIPARP-AS1,100287227.0,Amp8,9.06
X-1367,TM2D2,83877.0,Amp5,5.06
X-1367,TMEM117,84216.0,MutNovel,"G134W,0.855"
X-1367,TMEM176A,55365.0,Del0.8,0.78
X-1367,TMEM176B,28959.0,Del0.8,0.78
X-1367,TMEM2,23670.0,MutNovel,"A986V,1.000"
X-1367,TMEM212,389177.0,Amp5,7.73
X-1367,TMSB4Y,9087.0,Del0.8,0.25
X-1367,TNFSF10,8743.0,Amp5,7.73
X-1367,TNIK,23043.0,Amp5,7.73
X-1367,TP53,7157.0,MutKnownFunctional,"K351*,1.000"
X-1367,TRANK1,9881.0,MutNovel,"R1673G,0.750"
X-1367,TRIM32,22954.0,MutNovel,"R166W,1.000"
X-1367,TRIM42,287015.0,Amp5,7.73
X-1367,TRIO,7204.0,MutNovel,"A1203P,0.575"
X-1367,TRIP11,9321.0,MutNovel,"Q503H,0.556"
X-1367,TSC2,7249.0,MutNovel,"R477G,0.814"
X-1367,TSPY1,7258.0,Del0.8,0.25
X-1367,TSPY2,64591.0,Del0.8,0.25
X-1367,TSPY3,728137.0,Del0.8,0.25
X-1367,TSPY4,728395.0,Del0.8,0.25
X-1367,TSPY8,728403.0,Del0.8,0.25
X-1367,TSR1,55720.0,MutNovel,"P6L,1.000"
X-1367,TTC14,151613.0,Amp8,12.13
X-1367,TTTY10,246119.0,Del0.8,0.25
X-1367,TTTY11,83866.0,Del0.8,0.25
X-1367,TTTY12,83867.0,Del0.8,0.25
X-1367,TTTY13,83868.0,Del0.8,0.25
X-1367,TTTY14,83869.0,Del0.8,0.25
X-1367,TTTY15,64595.0,Del0.8,0.25
X-1367,TTTY16,252948.0,Del0.8,0.25
X-1367,TTTY17A,252949.0,Del0.8,0.25
X-1367,TTTY17A,252949.0,Del0.8,0.25
X-1367,TTTY18,252950.0,Del0.8,0.25
X-1367,TTTY19,252952.0,Del0.8,0.25
X-1367,TTTY1B,100101116.0,Del0.8,0.25
X-1367,TTTY1B,100101116.0,Del0.8,0.25
X-1367,TTTY2,60439.0,Del0.8,0.25
X-1367,TTTY2,60439.0,Del0.8,0.25
X-1367,TTTY20,252951.0,Del0.8,0.25
X-1367,TTTY21,252953.0,Del0.8,0.25
X-1367,TTTY21,252953.0,Del0.8,0.25
X-1367,TTTY22,252954.0,Del0.8,0.25
X-1367,TTTY23,252955.0,Del0.8,0.25
X-1367,TTTY23,252955.0,Del0.8,0.25
X-1367,TTTY3,114760.0,Del0.8,0.25
X-1367,TTTY3,114760.0,Del0.8,0.25
X-1367,TTTY4,114761.0,Del0.8,0.25
X-1367,TTTY4,114761.0,Del0.8,0.25
X-1367,TTTY5,83863.0,Del0.8,0.25
X-1367,TTTY6,84672.0,Del0.8,0.25
X-1367,TTTY6,84672.0,Del0.8,0.25
X-1367,TTTY7,246122.0,Del0.8,0.25
X-1367,TTTY7,246122.0,Del0.8,0.25
X-1367,TTTY7B,100101120.0,Del0.8,0.25
X-1367,TTTY7B,100101120.0,Del0.8,0.25
X-1367,TTTY8,84673.0,Del0.8,0.25
X-1367,TTTY8,84673.0,Del0.8,0.25
X-1367,TTTY9A,83864.0,Del0.8,0.25
X-1367,TTTY9A,83864.0,Del0.8,0.25
X-1367,TXLNG2P,246126.0,Del0.8,0.25
X-1367,TXNDC5,81567.0,MutKnownFunctional,"E367*,0.284"
X-1367,UBE2C,11065.0,MutNovel,"N106I,0.644"
X-1367,UBOX5,22888.0,MutNovel,"T387I,0.800"
X-1367,UBQLNL,143630.0,MutNovel,"S448I,1.000"
X-1367,UBR5,51366.0,Amp5,6.54
X-1367,UBXN6,80700.0,MutNovel,"R356P,0.438"
X-1367,USP13,8975.0,Amp8,12.13
X-1367,USP4,7375.0,MutNovel,"F919S,0.485"
X-1367,USP9Y,8287.0,Del0.8,0.25
X-1367,UTY,7404.0,Del0.8,0.25
X-1367,VCPIP1,80124.0,Amp5,6.36
X-1367,VCY,9084.0,Del0.8,0.25
X-1367,VCY,9084.0,Del0.8,0.25
X-1367,VEPH1,79674.0,Amp8,9.06
X-1367,VPS13B,157680.0,Amp5,5.21
X-1367,VPS51,,MutNovel,"Q487H,0.488"
X-1367,VWC2,375567.0,Amp5,5.17
X-1367,WDFY1,57590.0,MutNovel,"F95L,0.611"
X-1367,WNT2,7472.0,Amp5,6.77
X-1367,WWC3,55841.0,MutNovel,"R1003H,1.000"
X-1367,XKRY2,353515.0,Del0.8,0.25
X-1367,XKRY2,353515.0,Del0.8,0.25
X-1367,YWHAZ,7534.0,Amp5,6.54
X-1367,ZBTB41,360023.0,MutNovel,"Q699E,0.296"
X-1367,ZBTB7C,201501.0,MutNovel,"T458R,1.000"
X-1367,ZCCHC8,55596.0,MutNovel,"S424I,0.717"
X-1367,ZDHHC11,79844.0,MutNovel,"A303D,0.333"
X-1367,ZFP36,7538.0,MutNovel,"D230A,0.280"
X-1367,ZFY,7544.0,Del0.8,0.36
X-1367,ZKSCAN2,342357.0,MutNovel,"Q159P,0.667"
X-1367,ZMAT3,64393.0,Amp8,12.38
X-1367,ZNF187,7741.0,MutNovel,"S312I,0.680"
X-1367,ZNF219,51222.0,MutNovel,"QPP233P,0.370"
X-1367,ZNF274,10782.0,MutNovel,"L635F,0.890"
X-1367,ZNF598,90850.0,MutNovel,"P488S,0.500"
X-1367,ZNF609,23060.0,MutNovel,"I36V,0.636"
X-1367,ZNF639,51193.0,Amp8,12.13
X-1367,ZNF703,80139.0,MutNovel,"S395G,0.750"
X-1367,ZNF706,51123.0,Amp5,6.54
X-1367,ZNF812,729648.0,MutKnownFunctional,"-404,0.833"
X-1367,ZSWIM6,57688.0,MutNovel,"E370K,0.500"
X-1367,ZXDC,79364.0,MutNovel,"L492P,0.831"
X-1442,AARS2,57505.0,Amp5,6.28
X-1442,ABCB1,5243.0,MutNovel,"D574H,0.994"
X-1442,ABCC10,89845.0,Amp5,6.28
X-1442,ABCC4,10257.0,Amp5,5.1
X-1442,ABRA,137735.0,Amp5,5.5
X-1442,ACOT1,641371.0,Del0.8,0.79
X-1442,ACTR3B,57180.0,MutNovel,"R250W,0.311"
X-1442,ADAM6,8755.0,Amp5,6.11
X-1442,ADAP1,11033.0,MutNovel,"A243T,0.407"
X-1442,ADCK5,203054.0,Amp5,5.62
X-1442,ADCY8,114.0,Amp5,5.62
X-1442,ADHFE1,137872.0,Amp5,5.9
X-1442,AGL,178.0,MutNovel,"Q547L,0.378"
X-1442,AIM1L,55057.0,MutNovel,"R790C,0.833"
X-1442,ALG1L,200810.0,MutNovel,"M84T,1.000"
X-1442,ALG1L,200810.0,MutNovel,"V76A,1.000"
X-1442,AMELY,266.0,Del0.8,0.3
X-1442,ANGPT1,284.0,Amp5,5.5
X-1442,ANKRD20A1,,MutNovel,"S312P,1.000"
X-1442,ANKRD20A1,,MutNovel,"N322D,1.000"
X-1442,ANKRD36,375248.0,MutNovel,"T998S,0.298"
X-1442,ANKRD46,157567.0,Amp5,5.5
X-1442,ANXA13,312.0,Amp5,5.62
X-1442,APC,324.0,MutKnownFunctional,"S713*,1.000"
X-1442,APITD1-CORT,100526739.0,MutNovel,"Q35R,0.667"
X-1442,APOBEC2,10930.0,Amp5,6.28
X-1442,ARC,23237.0,Amp5,5.62
X-1442,ARFGEF1,10565.0,Amp5,5.9
X-1442,ARHGAP35,2909.0,MutNovel,"P593S,0.428"
X-1442,ARHGAP39,80728.0,Amp5,5.62
X-1442,ARHGEF40,55701.0,MutNovel,"Q784K,0.765"
X-1442,ARMC1,55156.0,Amp5,5.9
X-1442,ASAP1,50807.0,Amp5,5.62
X-1442,ASAP1-IT1,29065.0,Amp5,5.62
X-1442,ASPH,444.0,MutNovel,"L590S,0.786"
X-1442,ASPH,444.0,Amp5,5.1
X-1442,ATAD2,29028.0,Amp5,5.62
X-1442,ATF4,468.0,MutNovel,"A328V,0.626"
X-1442,ATP6V0CP3,442211.0,Amp5,6.28
X-1442,ATP6V0D2,245972.0,Amp5,5.9
X-1442,ATP6V1C1,528.0,Amp5,5.5
X-1442,ATP6V1H,51606.0,Amp5,5.1
X-1442,AZIN1,51582.0,Amp5,5.5
X-1442,BAALC,79870.0,Amp5,5.5
X-1442,BAI1,575.0,Amp5,5.62
X-1442,BCOR,54880.0,MutNovel,"G513R,1.000"
X-1442,BCORP1,286554.0,Del0.8,0.28
X-1442,BHLHE22,27319.0,Amp5,5.9
X-1442,BIRC6,57448.0,MutNovel,"C4065Y,0.498"
X-1442,BLOC1S3,388552.0,MutNovel,"V160L,0.333"
X-1442,BOP1,23246.0,MutNovel,"L470Q,0.500"
X-1442,BOP1,23246.0,Amp5,5.62
X-1442,BORA,79866.0,Amp5,5.06
X-1442,BPY2B,442867.0,Del0.8,0.28
X-1442,BPY2B,442867.0,Del0.8,0.28
X-1442,BREA2,286076.0,Amp5,5.62
X-1442,BTF3P11,690.0,Amp5,5.06
X-1442,BYSL,705.0,Amp5,6.28
X-1442,C12orf10,60314.0,MutNovel,"E186K,0.489"
X-1442,C17orf97,400566.0,MutNovel,"E230K,1.000"
X-1442,C17orf97,400566.0,MutNovel,"E350K,0.207"
X-1442,C19orf68,,MutNovel,"Q469H,0.455"
X-1442,C1QTNF5,114902.0,MutNovel,"R127H,0.600"
X-1442,C21orf58,54058.0,MutNovel,"H299PN,0.733"
X-1442,C6orf108,10591.0,Amp5,6.28
X-1442,C6orf130,221443.0,Amp5,6.28
X-1442,C6orf132,647024.0,Amp5,6.28
X-1442,C6orf141,135398.0,Amp5,6.82
X-1442,C6orf223,221416.0,Amp5,6.28
X-1442,C6orf226,441150.0,Amp5,6.28
X-1442,C8orf22,492307.0,Amp5,5.1
X-1442,C8orf31,286122.0,Amp5,5.62
X-1442,C8orf33,65265.0,Amp5,5.62
X-1442,C8orf34,116328.0,Amp5,5.9
X-1442,C8orf37,157657.0,Amp5,5.5
X-1442,C8orf44,56260.0,Amp5,5.9
X-1442,C8orf44-SGK3,100533105.0,Amp5,5.9
X-1442,C8orf46,254778.0,Amp5,5.9
X-1442,C8orf47,203111.0,Amp5,5.5
X-1442,C8orf56,157556.0,Amp5,5.5
X-1442,C8orf59,401466.0,Amp5,5.9
X-1442,C8orf73,642475.0,Amp5,5.62
X-1442,C8orf76,84933.0,Amp5,5.62
X-1442,C8orf82,414919.0,Amp5,5.62
X-1442,CA1,759.0,Amp5,5.9
X-1442,CA13,377677.0,Amp5,5.9
X-1442,CA2,760.0,Amp5,5.9
X-1442,CA3,761.0,Amp5,5.9
X-1442,CA8,767.0,Amp5,5.1
X-1442,CALB1,793.0,Amp5,5.9
X-1442,CAPN11,11131.0,Amp5,6.28
X-1442,CARD10,29775.0,MutNovel,"P939A,0.423"
X-1442,CARM1,10498.0,MutNovel,"K227N,0.375"
X-1442,CBWD6,644019.0,MutKnownFunctional,"-259?,0.277"
X-1442,CCDC166,100130274.0,Amp5,5.62
X-1442,CCND3,896.0,Amp5,6.28
X-1442,CCNE2,9134.0,Amp5,5.5
X-1442,CD2AP,23607.0,Amp5,6.28
X-1442,CDC42EP1,11135.0,MutNovel,"PAPAANPS253P,0.267"
X-1442,CDC5L,988.0,Amp5,6.28
X-1442,CDH17,1015.0,Amp5,5.9
X-1442,CDK13,8621.0,MutNovel,"R196L,1.000"
X-1442,CDKN2D,1032.0,MutNovel,"D71Y,0.610"
X-1442,CDY1B,253175.0,Del0.8,0.28
X-1442,CDY1B,253175.0,Del0.8,0.28
X-1442,CDY2A,9426.0,Del0.8,0.28
X-1442,CDY2A,9426.0,Del0.8,0.28
X-1442,CDY2B,203611.0,Del0.8,0.28
X-1442,CDY2B,203611.0,Del0.8,0.28
X-1442,CEBPD,1052.0,Amp5,5.1
X-1442,CENPQ,55166.0,Amp5,6.82
X-1442,CEP85,64793.0,MutNovel,"A374V,0.447"
X-1442,CFHR1,3078.0,Amp5,5.66
X-1442,CFHR3,10878.0,Amp5,7.06
X-1442,CHCHD7,79145.0,Amp5,5.1
X-1442,CHD7,55636.0,Amp5,5.1
X-1442,CHMP4C,92421.0,Amp5,5.9
X-1442,CHRAC1,54108.0,Amp5,5.62
X-1442,CIRH1A,84916.0,MutNovel,"T298K,1.000"
X-1442,CITED4,163732.0,MutNovel,"I137S,0.364"
X-1442,CLDN10,9071.0,Amp5,5.1
X-1442,CLIC5,53405.0,Amp5,6.28
X-1442,CLN5,1203.0,Amp5,5.06
X-1442,CLVS1,157807.0,Amp5,5.1
X-1442,CLYBL,171425.0,Amp5,5.1
X-1442,CNBD1,168975.0,Amp5,5.9
X-1442,CNGB3,54714.0,Amp5,5.9
X-1442,CNO,55330.0,MutNovel,"R63H,1.000"
X-1442,CNPY3,10695.0,Amp5,6.28
X-1442,CNTNAP1,8506.0,MutNovel,"R331H,0.625"
X-1442,COL14A1,7373.0,Amp5,5.62
X-1442,COL22A1,169044.0,Amp5,5.62
X-1442,COLEC10,10584.0,Amp5,5.62
X-1442,COMMD5,28991.0,Amp5,5.62
X-1442,COMMD6,170622.0,Amp5,5.06
X-1442,COPS5,10987.0,Amp5,5.9
X-1442,COX6C,1345.0,Amp5,5.5
X-1442,CPA6,57094.0,Amp5,5.9
X-1442,CPNE3,8895.0,Amp5,5.9
X-1442,CPSF1,29894.0,Amp5,5.62
X-1442,CRH,1392.0,Amp5,5.9
X-1442,CRIP3,401262.0,Amp5,6.28
X-1442,CRISP1,167.0,Amp5,6.82
X-1442,CRISP2,7180.0,Amp5,6.82
X-1442,CRISP3,10321.0,Amp5,6.82
X-1442,CRISPLD1,83690.0,Amp5,5.9
X-1442,CSMD3,114788.0,Amp5,5.62
X-1442,CSPG4P1Y,114758.0,Del0.8,0.28
X-1442,CSPG4P1Y,114758.0,Del0.8,0.28
X-1442,CSPP1,79848.0,Amp5,5.9
X-1442,CSTF2,1478.0,MutNovel,"A439V,0.997"
X-1442,CTAGE11P,647288.0,Amp5,5.06
X-1442,CTHRC1,115908.0,Amp5,5.5
X-1442,CTSA,5476.0,MutNovel,"L29-,0.544"
X-1442,CUL7,9820.0,Amp5,6.28
X-1442,CUL9,23113.0,Amp5,6.28
X-1442,CYC1,1537.0,Amp5,5.62
X-1442,CYHR1,50626.0,Amp5,5.62
X-1442,CYP11B1,1584.0,Amp5,5.62
X-1442,CYP11B2,1585.0,Amp5,5.62
X-1442,CYP39A1,51302.0,Amp5,6.28
X-1442,CYP7A1,1581.0,Amp5,5.1
X-1442,CYP7B1,9420.0,Amp5,5.9
X-1442,DAZ1,1617.0,Del0.8,0.28
X-1442,DAZ2,57055.0,Del0.8,0.28
X-1442,DAZ3,57054.0,Del0.8,0.28
X-1442,DAZ3,57054.0,Del0.8,0.28
X-1442,DAZ4,57135.0,Del0.8,0.28
X-1442,DAZ4,57135.0,Del0.8,0.28
X-1442,DCAF13,25879.0,Amp5,5.5
X-1442,DCAF4L2,138009.0,Amp5,5.9
X-1442,DCSTAMP,81501.0,Amp5,5.5
X-1442,DCT,1638.0,Amp5,5.1
X-1442,DDIT4L,115265.0,MutKnownFunctional,"-180,1.000"
X-1442,DDX3Y,8653.0,Del0.8,0.28
X-1442,DDX51,317781.0,MutNovel,"R337G,0.447"
X-1442,DECR1,1666.0,Amp5,5.9
X-1442,DEFB110,245913.0,Amp5,6.82
X-1442,DEFB112,245915.0,Amp5,6.82
X-1442,DEFB113,245927.0,Amp5,6.82
X-1442,DEFB114,245928.0,Amp5,6.82
X-1442,DEFB133,403339.0,Amp5,6.82
X-1442,DENND3,22898.0,Amp5,5.62
X-1442,DENND4B,9909.0,MutNovel,"QQQ908-,0.317"
X-1442,DEPTOR,64798.0,Amp5,5.62
X-1442,DERL1,79139.0,Amp5,5.62
X-1442,DGAT1,8694.0,Amp5,5.62
X-1442,DIDO1,11083.0,MutNovel,"P1792S,0.365"
X-1442,DIS3,22894.0,MutNovel,"L767F,0.347"
X-1442,DIS3,22894.0,Amp5,5.06
X-1442,DLK2,65989.0,Amp5,6.28
X-1442,DNAJC3,5611.0,Amp5,5.1
X-1442,DNAJC5B,85479.0,Amp5,5.9
X-1442,DOCK9,23348.0,Amp5,5.1
X-1442,DOPEY2,9980.0,MutNovel,"G1151W,0.362"
X-1442,DPY19L4,286148.0,Amp5,5.5
X-1442,DPYS,1807.0,Amp5,5.5
X-1442,DSCC1,79075.0,Amp5,5.62
X-1442,DYNC1LI2,1783.0,MutNovel,"H250R,0.262"
X-1442,DZIP1,22873.0,Amp5,5.1
X-1442,E2F5,1875.0,Amp5,5.9
X-1442,EBAG9,9166.0,Amp5,5.5
X-1442,EDNRB,1910.0,Amp5,5.06
X-1442,EEF1D,1936.0,Amp5,5.62
X-1442,EEF2,1938.0,MutNovel,"A338G,0.277"
X-1442,EFCAB1,79645.0,Amp5,5.1
X-1442,EFHC1,114327.0,Amp5,6.82
X-1442,EFR3A,23167.0,Amp5,5.62
X-1442,EIF1AY,9086.0,Del0.8,0.28
X-1442,EIF2C2,27161.0,Amp5,5.62
X-1442,EIF3E,3646.0,Amp5,5.5
X-1442,EIF3H,8667.0,Amp5,5.62
X-1442,ELOVL5,60481.0,Amp5,6.82
X-1442,ENPP2,5168.0,Amp5,5.62
X-1442,ENPP4,22875.0,Amp5,6.28
X-1442,ENPP5,59084.0,Amp5,6.28
X-1442,ENY2,56943.0,Amp5,5.5
X-1442,EPHA2,1969.0,MutKnownFunctional,"E470*,0.284"
X-1442,EPPK1,83481.0,Amp5,5.62
X-1442,EPS8L2,64787.0,MutNovel,"E552K,0.640"
X-1442,ESRP1,54845.0,Amp5,5.5
X-1442,ETV4,2118.0,MutNovel,"E228Q,0.347"
X-1442,EVL,51466.0,MutNovel,"G120S,0.643"
X-1442,EXOC2,55770.0,Amp5,5.03
X-1442,EXOSC4,54512.0,Amp5,5.62
X-1442,EXT1,2131.0,Amp5,5.62
X-1442,EYA1,2138.0,Amp5,5.9
X-1442,FABP12,646486.0,Amp5,5.9
X-1442,FABP4,2167.0,Amp5,5.9
X-1442,FABP5,2171.0,Amp5,5.9
X-1442,FABP9,646480.0,Amp5,5.9
X-1442,FAM110B,90362.0,Amp5,5.1
X-1442,FAM135B,51059.0,Amp5,5.62
X-1442,FAM149B1,317662.0,MutNovel,"I226V,0.548"
X-1442,FAM150A,389658.0,Amp5,5.1
X-1442,FAM189A2,9413.0,MutNovel,"A287S,0.800"
X-1442,FAM197Y2P,252946.0,Del0.8,0.3
X-1442,FAM203A,51236.0,Amp5,5.62
X-1442,FAM21B,55747.0,MutNovel,"V1197M,1.000"
X-1442,FAM21C,253725.0,MutNovel,"S468C,1.000"
X-1442,FAM41AY1,340618.0,Del0.8,0.28
X-1442,FAM41AY1,340618.0,Del0.8,0.28
X-1442,FAM49B,51571.0,Amp5,5.62
X-1442,FAM59B,150946.0,MutNovel,"R786Q,0.538"
X-1442,FAM82B,51115.0,Amp5,5.9
X-1442,FAM83A,84985.0,Amp5,5.62
X-1442,FAM83B,222584.0,Amp5,5.58
X-1442,FAM83H,286077.0,Amp5,5.62
X-1442,FAM84B,157638.0,Amp5,5.62
X-1442,FAM91A1,157769.0,Amp5,5.62
X-1442,FAM92A1,137392.0,Amp5,5.9
X-1442,FAM98A,25940.0,MutNovel,"H413Q,0.484"
X-1442,FARP1,10160.0,Amp5,5.1
X-1442,FBXL3,26224.0,Amp5,5.06
X-1442,FBXL6,26233.0,Amp5,5.62
X-1442,FBXO32,114907.0,Amp5,5.62
X-1442,FBXO43,286151.0,Amp5,5.5
X-1442,FBXO9,26268.0,Amp5,6.82
X-1442,FCHSD1,89848.0,MutNovel,"S77R,1.000"
X-1442,FER1L6,654463.0,Amp5,5.62
X-1442,FER1L6-AS1,439941.0,Amp5,5.62
X-1442,FGFBP3,143282.0,MutNovel,"S60N,1.000"
X-1442,FKSG29,100131561.0,Amp5,5.1
X-1442,FLJ39080,441355.0,Amp5,5.9
X-1442,FLJ42969,441374.0,Amp5,5.5
X-1442,FLJ43860,389690.0,Amp5,5.62
X-1442,FOXF2,2295.0,Amp5,5.03
X-1442,FOXH1,8928.0,Amp5,5.62
X-1442,FOXP4,116113.0,Amp5,6.28
X-1442,FOXQ1,94234.0,Amp5,5.03
X-1442,FRS3,10817.0,Amp5,6.28
X-1442,FZD6,8323.0,Amp5,5.5
X-1442,GCLC,2729.0,Amp5,6.82
X-1442,GCM1,8521.0,Amp5,6.82
X-1442,GDAP1,54332.0,Amp5,5.9
X-1442,GDF6,392255.0,Amp5,5.5
X-1442,GEM,2669.0,Amp5,5.9
X-1442,GGH,8836.0,Amp5,5.9
X-1442,GGTLC2,91227.0,MutNovel,"A52T,1.000"
X-1442,GIGYF1,64599.0,MutNovel,"S367N,0.387"
X-1442,GIT2,9815.0,MutNovel,"S499C,0.545"
X-1442,GK,2710.0,MutNovel,"V123I,1.000"
X-1442,GLI4,2738.0,Amp5,5.62
X-1442,GLRX3,10539.0,MutNovel,"G309V,0.996"
X-1442,GLTSCR1,29998.0,MutNovel,"S1547Y,0.509"
X-1442,GLYATL3,389396.0,Amp5,6.82
X-1442,GML,2765.0,Amp5,5.62
X-1442,GNMT,27232.0,Amp5,6.28
X-1442,GOLGA2P2Y,84559.0,Del0.8,0.28
X-1442,GOLGA2P2Y,84559.0,Del0.8,0.28
X-1442,GPAA1,8733.0,Amp5,5.62
X-1442,GPBP1,65056.0,MutNovel,"N337S,0.549"
X-1442,GPC5,2262.0,Amp5,5.1
X-1442,GPC6,10082.0,Amp5,5.1
X-1442,GPIHBP1,338328.0,Amp5,5.62
X-1442,GPR110,266977.0,Amp5,6.28
X-1442,GPR111,222611.0,Amp5,6.28
X-1442,GPR115,221393.0,Amp5,6.28
X-1442,GPR116,221395.0,Amp5,6.28
X-1442,GPR18,2841.0,Amp5,5.1
X-1442,GPR180,160897.0,Amp5,5.1
X-1442,GPR183,1880.0,Amp5,5.1
X-1442,GPR20,2843.0,Amp5,5.62
X-1442,GPT,2875.0,Amp5,5.62
X-1442,GRHL2,79977.0,Amp5,5.5
X-1442,GRINA,2907.0,Amp5,5.62
X-1442,GSDMC,56169.0,Amp5,5.62
X-1442,GSDMD,79792.0,Amp5,5.62
X-1442,GSTA1,2938.0,Amp5,6.82
X-1442,GSTA2,2939.0,Amp5,6.82
X-1442,GSTA3,2940.0,Amp5,6.82
X-1442,GSTA4,2941.0,Amp5,6.82
X-1442,GSTA5,221357.0,Amp5,6.82
X-1442,GSTA7P,730152.0,Amp5,6.82
X-1442,GTPBP2,54676.0,Amp5,6.28
X-1442,GUCA1A,2978.0,Amp5,6.28
X-1442,GUCA1B,2979.0,Amp5,6.28
X-1442,GYG2P1,352887.0,Del0.8,0.28
X-1442,HAS2,3037.0,Amp5,5.62
X-1442,HAS2-AS1,594842.0,Amp5,5.62
X-1442,HDAC4,9759.0,MutNovel,"G546W,0.889"
X-1442,HEATR7A,727957.0,Amp5,5.62
X-1442,HEXIM2,124790.0,MutNovel,"Q236L,0.250"
X-1442,HEY1,23462.0,Amp5,5.9
X-1442,HHLA1,10086.0,Amp5,5.62
X-1442,HIST1H2BF,8343.0,MutNovel,"L107S,1.000"
X-1442,HLA-G,3135.0,MutKnownFunctional,"-278,0.750"
X-1442,HNF4G,3174.0,Amp5,5.9
X-1442,HPYR1,93668.0,Amp5,5.62
X-1442,HRSP12,10247.0,Amp5,5.5
X-1442,HS6ST3,266722.0,Amp5,5.1
X-1442,HSF1,3297.0,Amp5,5.62
X-1442,HSFY2,159119.0,Del0.8,0.28
X-1442,HSFY2,159119.0,Del0.8,0.28
X-1442,HSP90AB1,3326.0,Amp5,6.28
X-1442,HSPG2,3339.0,MutNovel,"S2932F,0.455"
X-1442,HUS1B,135458.0,Amp5,5.03
X-1442,ICK,22858.0,Amp5,6.82
X-1442,IL17A,3605.0,Amp5,6.82
X-1442,IL17F,112744.0,Amp5,6.82
X-1442,IL7,3574.0,Amp5,5.9
X-1442,IMPA1,3612.0,Amp5,5.9
X-1442,IMPAD1,54928.0,Amp5,5.1
X-1442,INTS8,55656.0,Amp5,5.5
X-1442,IPO5,3843.0,Amp5,5.1
X-1442,IRF4,3662.0,Amp5,5.03
X-1442,JPH1,56704.0,Amp5,5.9
X-1442,JRK,8629.0,Amp5,5.62
X-1442,KCNB1,3745.0,MutNovel,"G617E,0.375"
X-1442,KCNB2,9312.0,Amp5,5.9
X-1442,KCNK9,51305.0,Amp5,5.62
X-1442,KCNQ3,3786.0,Amp5,5.62
X-1442,KCNS2,3788.0,Amp5,5.5
X-1442,KCNV1,27012.0,Amp5,5.5
X-1442,KCTD12,115207.0,Amp5,5.06
X-1442,KDM2A,22992.0,MutNovel,"R1093H,0.558"
X-1442,KDM5D,8284.0,Del0.8,0.28
X-1442,KHDRBS3,10656.0,Amp5,5.62
X-1442,KIAA0125,9834.0,Amp5,6.11
X-1442,KIAA0146,23514.0,Amp5,5.1
X-1442,KIAA0196,9897.0,Amp5,5.62
X-1442,KIAA0240,23506.0,Amp5,6.28
X-1442,KIAA1875,340390.0,Amp5,5.62
X-1442,KIFC2,90990.0,Amp5,5.62
X-1442,KLC4,89953.0,Amp5,6.28
X-1442,KLF10,7071.0,Amp5,5.5
X-1442,KLF12,11278.0,Amp5,5.06
X-1442,KLF5,688.0,Amp5,5.06
X-1442,KLHDC3,116138.0,Amp5,6.28
X-1442,KLHL31,401265.0,Amp5,6.82
X-1442,KLHL38,340359.0,Amp5,5.62
X-1442,KRAS,3845.0,MutKnownFunctional,"G12C,0.587"
X-1442,LACTB2,51110.0,Amp5,5.9
X-1442,LAPTM4B,55353.0,Amp5,5.5
X-1442,LILRB3,11025.0,MutNovel,"Y400R,0.625"
X-1442,LILRB3,11025.0,MutNovel,"H61D,1.000"
X-1442,LINC00051,619434.0,Amp5,5.62
X-1442,LINC00251,552859.0,Amp5,5.9
X-1442,LINC00293,497634.0,Amp5,5.1
X-1442,LINC00347,338864.0,Amp5,5.06
X-1442,LINC00410,144776.0,Amp5,5.1
X-1442,LINC00535,642924.0,Amp5,5.9
X-1442,LMO7,4008.0,Amp5,5.06
X-1442,LOC100127983,100127983.0,Amp5,5.9
X-1442,LOC100128338,100128338.0,Amp5,5.62
X-1442,LOC100130155,100130155.0,Amp5,5.9
X-1442,LOC100130231,100130231.0,Amp5,5.62
X-1442,LOC100130298,100130298.0,Amp5,5.1
X-1442,LOC100130301,100130301.0,Amp5,5.9
X-1442,LOC100131726,100131726.0,Amp5,5.62
X-1442,LOC100132247,100132247.0,MutNovel,"P737L,0.400"
X-1442,LOC100132354,100132354.0,Amp5,6.28
X-1442,LOC100132891,100132891.0,Amp5,5.9
X-1442,LOC100133669,100133669.0,Amp5,5.62
X-1442,LOC100287718,100287718.0,Amp5,6.28
X-1442,LOC100287846,100287846.0,Amp5,5.1
X-1442,LOC100288181,100288181.0,Amp5,5.62
X-1442,LOC100288748,100288748.0,Amp5,5.5
X-1442,LOC100499183,100499183.0,Amp5,5.5
X-1442,LOC100500773,100500773.0,Amp5,5.5
X-1442,LOC100505659,100505659.0,Amp5,5.9
X-1442,LOC100505676,100505676.0,Amp5,5.9
X-1442,LOC100505718,100505718.0,Amp5,5.9
X-1442,LOC100507117,100507117.0,Amp5,5.62
X-1442,LOC100507632,100507632.0,Amp5,5.1
X-1442,LOC100507651,100507651.0,Amp5,5.1
X-1442,LOC100616530,100616530.0,Amp5,5.5
X-1442,LOC157381,157381.0,Amp5,5.62
X-1442,LOC285768,285768.0,Amp5,5.03
X-1442,LOC286094,286094.0,Amp5,5.62
X-1442,LOC286177,286177.0,Amp5,5.1
X-1442,LOC286184,286184.0,Amp5,5.9
X-1442,LOC286186,286186.0,Amp5,5.9
X-1442,LOC286189,286189.0,Amp5,5.9
X-1442,LOC286190,286190.0,Amp5,5.9
X-1442,LOC392232,392232.0,Amp5,5.9
X-1442,LOC401463,401463.0,Amp5,5.9
X-1442,LOC441124,,MutNovel,"P110L,0.667"
X-1442,LOC727677,727677.0,Amp5,5.62
X-1442,LOC728724,728724.0,Amp5,5.62
X-1442,LOC728888,,MutNovel,"A1077V,0.500"
X-1442,LOC730101,730101.0,Amp5,6.82
X-1442,LOC731779,731779.0,Amp5,5.62
X-1442,LRFN1,57622.0,MutNovel,"W179R,0.300"
X-1442,LRP12,29967.0,Amp5,5.5
X-1442,LRRC1,55227.0,Amp5,6.82
X-1442,LRRC14,9684.0,Amp5,5.62
X-1442,LRRC24,441381.0,Amp5,5.62
X-1442,LRRC6,23639.0,Amp5,5.62
X-1442,LRRC69,100130742.0,Amp5,5.9
X-1442,LRRC73,221424.0,Amp5,6.28
X-1442,LRRCC1,85444.0,Amp5,5.9
X-1442,LRRK1,79705.0,MutNovel,"E1169D,1.000"
X-1442,LY6D,8581.0,Amp5,5.62
X-1442,LY6E,4061.0,Amp5,5.62
X-1442,LY6H,4062.0,Amp5,5.62
X-1442,LY6K,54742.0,Amp5,5.62
X-1442,LY96,23643.0,Amp5,5.9
X-1442,LYN,4067.0,Amp5,5.1
X-1442,LYNX1,66004.0,Amp5,5.62
X-1442,LYPD2,137797.0,Amp5,5.62
X-1442,LYPLA1,10434.0,Amp5,5.1
X-1442,LYST,1130.0,MutNovel,"M2557L,0.385"
X-1442,MAD2L1BP,9587.0,Amp5,6.28
X-1442,MAF1,84232.0,Amp5,5.62
X-1442,MAFA,389692.0,Amp5,5.62
X-1442,MAL2,114569.0,Amp5,5.62
X-1442,MAN2B1,4125.0,MutNovel,"A422S,0.651"
X-1442,MAPK15,225689.0,Amp5,5.62
X-1442,MATN2,4147.0,Amp5,5.5
X-1442,MBNL2,10150.0,Amp5,5.1
X-1442,MCM3,4172.0,Amp5,6.82
X-1442,MCM4,4173.0,Amp5,5.1
X-1442,MDFI,4188.0,Amp5,6.28
X-1442,MEA1,4201.0,Amp5,6.28
X-1442,MECOM,2122.0,MutNovel,"V343G,1.000"
X-1442,MED20,9477.0,Amp5,6.28
X-1442,MED30,90390.0,Amp5,5.62
X-1442,MEF2A,4205.0,MutNovel,"Q412-,0.341"
X-1442,MEP1A,4224.0,Amp5,6.28
X-1442,MFHAS1,9258.0,MutNovel,"A205S,1.000"
X-1442,MFSD3,113655.0,Amp5,5.62
X-1442,MIB2,142678.0,MutNovel,"R129W,0.304"
X-1442,MID1IP1,58526.0,MutNovel,"S123C,0.494"
X-1442,MIR1204,100302185.0,Amp5,5.62
X-1442,MIR1205,100302161.0,Amp5,5.62
X-1442,MIR1206,100302170.0,Amp5,5.62
X-1442,MIR1207,100302175.0,Amp5,5.62
X-1442,MIR1208,100302281.0,Amp5,5.62
X-1442,MIR1234,100302196.0,Amp5,5.62
X-1442,MIR124-2,406908.0,Amp5,5.9
X-1442,MIR133B,442890.0,Amp5,6.82
X-1442,MIR17HG,407975.0,Amp5,5.1
X-1442,MIR19B1,406980.0,Amp5,5.1
X-1442,MIR2052,100302260.0,Amp5,5.9
X-1442,MIR2053,100302225.0,Amp5,5.62
X-1442,MIR206,406989.0,Amp5,6.82
X-1442,MIR30B,407030.0,Amp5,5.62
X-1442,MIR30D,407033.0,Amp5,5.62
X-1442,MIR3150A,100422964.0,Amp5,5.5
X-1442,MIR3150B,100500907.0,Amp5,5.5
X-1442,MIR3151,100422992.0,Amp5,5.5
X-1442,MIR3170,100422881.0,Amp5,5.1
X-1442,MIR3610,100500914.0,Amp5,5.62
X-1442,MIR3665,100500861.0,Amp5,5.06
X-1442,MIR378D2,100616169.0,Amp5,5.9
X-1442,MIR4306,100422861.0,Amp5,5.1
X-1442,MIR4470,100616484.0,Amp5,5.1
X-1442,MIR4471,100616451.0,Amp5,5.5
X-1442,MIR4472-1,100616268.0,Amp5,5.62
X-1442,MIR4500,100616182.0,Amp5,5.1
X-1442,MIR4500HG,642345.0,Amp5,5.1
X-1442,MIR4641,100616178.0,Amp5,6.28
X-1442,MIR4642,100616352.0,Amp5,6.28
X-1442,MIR4647,100616124.0,Amp5,6.28
X-1442,MIR4661,100616245.0,Amp5,5.9
X-1442,MIR4663,100616260.0,Amp5,5.62
X-1442,MIR4664,100616318.0,Amp5,5.62
X-1442,MIR548AN,100616144.0,Amp5,5.1
X-1442,MIR586,693171.0,Amp5,6.28
X-1442,MIR599,693184.0,Amp5,5.5
X-1442,MIR622,693207.0,Amp5,5.1
X-1442,MIR623,693208.0,Amp5,5.1
X-1442,MIR661,724031.0,Amp5,5.62
X-1442,MIR875,100126309.0,Amp5,5.5
X-1442,MIR937,100126338.0,Amp5,5.62
X-1442,MIR939,100126351.0,Amp5,5.62
X-1442,MLIP,90523.0,Amp5,6.82
X-1442,MMP16,4325.0,Amp5,5.9
X-1442,MMP17,4326.0,MutNovel,"P24L,0.500"
X-1442,MORC4,79710.0,MutNovel,"V701I,1.000"
X-1442,MOS,4342.0,Amp5,5.1
X-1442,MPRIP,23164.0,MutNovel,"TS178T,0.305"
X-1442,MRPL13,28998.0,Amp5,5.62
X-1442,MRPL14,64928.0,Amp5,6.28
X-1442,MRPL15,29088.0,Amp5,5.1
X-1442,MRPL2,51069.0,Amp5,6.28
X-1442,MRPS10,55173.0,Amp5,6.28
X-1442,MRPS18A,55168.0,Amp5,6.28
X-1442,MRPS28,28957.0,Amp5,5.9
X-1442,MSC,9242.0,Amp5,5.9
X-1442,MTBP,27085.0,Amp5,5.62
X-1442,MTDH,92140.0,Amp5,5.5
X-1442,MTERFD1,51001.0,Amp5,5.5
X-1442,MTFR1,9650.0,Amp5,5.9
X-1442,MTR,4548.0,MutNovel,"V132I,0.783"
X-1442,MTR,4548.0,MutNovel,"K151R,0.623"
X-1442,MTSS1,9788.0,Amp5,5.62
X-1442,MUT,4594.0,Amp5,6.82
X-1442,MYBL1,4603.0,Amp5,5.9
X-1442,MYC,4609.0,Amp5,5.62
X-1442,MYCBP2,23077.0,Amp5,5.06
X-1442,MZT1,440145.0,Amp5,5.06
X-1442,NACAP1,83955.0,Amp5,5.5
X-1442,NAPRT1,93100.0,Amp5,5.62
X-1442,NBN,4683.0,Amp5,5.9
X-1442,NCALD,83988.0,Amp5,5.5
X-1442,NCOA2,10499.0,Amp5,5.9
X-1442,NCOR2,9612.0,MutNovel,"G1839GAAA,0.400"
X-1442,NCR2,9436.0,Amp5,6.28
X-1442,NCRNA00185,55410.0,Del0.8,0.28
X-1442,NDFIP2,54602.0,Amp5,5.06
X-1442,NDRG1,10397.0,Amp5,5.62
X-1442,NDUFB9,4715.0,Amp5,5.62
X-1442,NEB,4703.0,MutNovel,"M7916L,0.500"
X-1442,NECAB1,64168.0,Amp5,5.9
X-1442,NFKBIE,4794.0,Amp5,6.28
X-1442,NFYA,4800.0,Amp5,6.28
X-1442,NIPAL2,79815.0,Amp5,5.5
X-1442,NKAIN3,286183.0,Amp5,5.46
X-1442,NLGN4Y,22829.0,Del0.8,0.28
X-1442,NOM1,64434.0,MutNovel,"R32C,0.217"
X-1442,NOV,4856.0,Amp5,5.62
X-1442,NPBWR1,2831.0,Amp5,5.1
X-1442,NPIPL3,23117.0,MutNovel,"G587R,0.483"
X-1442,NR1H2,7376.0,MutNovel,"-173Q,0.534"
X-1442,NRBP2,340371.0,Amp5,5.62
X-1442,NSMAF,8439.0,Amp5,5.1
X-1442,NSMCE2,286053.0,Amp5,5.62
X-1442,NUDCD1,84955.0,Amp5,5.5
X-1442,NXN,64359.0,MutNovel,"I279F,0.346"
X-1442,OC90,729330.0,Amp5,5.62
X-1442,ODF1,4956.0,Amp5,5.5
X-1442,OGG1,4968.0,MutNovel,"G80A,1.000"
X-1442,OPHN1,4983.0,MutNovel,"A751S,1.000"
X-1442,OPLAH,26873.0,Amp5,5.62
X-1442,OPN5,221391.0,Amp5,6.28
X-1442,OPRK1,4986.0,Amp5,5.1
X-1442,ORAI1,84876.0,MutNovel,"PP43-,0.746"
X-1442,OSGIN2,734.0,Amp5,5.9
X-1442,OSR2,116039.0,Amp5,5.5
X-1442,OTUD6B,51633.0,Amp5,5.9
X-1442,OXGR1,27199.0,Amp5,5.1
X-1442,OXR1,55074.0,Amp5,5.5
X-1442,PABPC1,26986.0,Amp5,5.5
X-1442,PABPC3,5042.0,MutKnownFunctional,"-211,0.545"
X-1442,PABPC3,5042.0,MutNovel,"KG231-,0.429"
X-1442,PABPC3,5042.0,MutKnownFunctional,"-299,0.875"
X-1442,PABPC3,5042.0,MutKnownFunctional,"-324,0.389"
X-1442,PAG1,55824.0,Amp5,5.9
X-1442,PAQR8,85315.0,Amp5,6.82
X-1442,PARP10,84875.0,Amp5,5.62
X-1442,PCAT1,100750225.0,Amp5,5.62
X-1442,PCDH11Y,83259.0,Del0.8,0.3
X-1442,PCF11,51585.0,MutNovel,"R280C,0.468"
X-1442,PCMTD1,115294.0,Amp5,5.1
X-1442,PCSK9,255738.0,MutNovel,"-15L,0.305"
X-1442,PDE7A,5150.0,Amp5,5.9
X-1442,PDP1,54704.0,Amp5,5.9
X-1442,PELI2,57161.0,MutNovel,"N297S,1.000"
X-1442,PENK,5179.0,Amp5,5.1
X-1442,PEX16,9409.0,MutNovel,"G197E,0.508"
X-1442,PEX2,5828.0,Amp5,5.9
X-1442,PEX6,5190.0,Amp5,6.28
X-1442,PGC,5225.0,Amp5,6.28
X-1442,PGK2,5232.0,Amp5,6.82
X-1442,PHF20L1,51105.0,Amp5,5.62
X-1442,PHLDA1,22822.0,MutNovel,"QQ194Q,0.548"
X-1442,PI15,51050.0,Amp5,5.9
X-1442,PI4K2B,55300.0,MutNovel,"S78L,1.000"
X-1442,PI4KA,5297.0,MutNovel,"Q1096K,0.625"
X-1442,PIBF1,10464.0,Amp5,5.06
X-1442,PKD1,5310.0,MutNovel,"S2321G,0.273"
X-1442,PKHD1,5314.0,Amp5,6.82
X-1442,PKHD1L1,93035.0,Amp5,5.5
X-1442,PKIA,5569.0,Amp5,5.9
X-1442,PLA2G7,7941.0,Amp5,6.28
X-1442,PLAG1,5324.0,Amp5,5.1
X-1442,PLEC,5339.0,Amp5,5.62
X-1442,PLEKHA4,57664.0,MutNovel,"P165H,0.239"
X-1442,PLEKHF2,79666.0,Amp5,5.5
X-1442,PMP2,5375.0,Amp5,5.9
X-1442,POLG,5428.0,MutNovel,"QQQQ50Q,0.410"
X-1442,POLH,5429.0,Amp5,6.28
X-1442,POLR1C,9533.0,Amp5,6.28
X-1442,POLR2K,5440.0,Amp5,5.5
X-1442,POP1,10940.0,Amp5,5.5
X-1442,POT1,25913.0,MutNovel,"I96F,0.240"
X-1442,POU4F1,5457.0,Amp5,5.06
X-1442,POU5F1B,5462.0,Amp5,5.62
X-1442,PPP1R16A,84988.0,Amp5,5.62
X-1442,PPP1R42,286187.0,Amp5,5.9
X-1442,PPP2R5D,5528.0,Amp5,6.28
X-1442,PPP4R2,151987.0,MutKnownFunctional,"K89*,0.275"
X-1442,PRDM14,63978.0,Amp5,5.9
X-1442,PREX2,80243.0,Amp5,5.9
X-1442,PRICKLE4,29964.0,Amp5,6.28
X-1442,PRKDC,5591.0,Amp5,5.1
X-1442,PRKY,5616.0,Del0.8,0.3
X-1442,PRPF38B,55119.0,MutNovel,"R378Q,0.469"
X-1442,PRPH2,5961.0,Amp5,6.28
X-1442,PRR5,55615.0,MutNovel,"R259C,0.743"
X-1442,PRY,9081.0,Del0.8,0.28
X-1442,PRY,9081.0,Del0.8,0.28
X-1442,PRY2,442862.0,Del0.8,0.28
X-1442,PRY2,442862.0,Del0.8,0.28
X-1442,PSCA,8000.0,Amp5,5.62
X-1442,PSKH2,85481.0,Amp5,5.9
X-1442,PTCRA,171558.0,Amp5,6.28
X-1442,PTDSS1,9791.0,Amp5,5.5
X-1442,PTK2,5747.0,Amp5,5.62
X-1442,PTK7,5754.0,Amp5,6.28
X-1442,PTP4A3,11156.0,Amp5,5.62
X-1442,PTTG3P,26255.0,Amp5,5.9
X-1442,PUF60,22827.0,Amp5,5.62
X-1442,PVT1,5820.0,Amp5,5.62
X-1442,PXDNL,137902.0,Amp5,5.1
X-1442,PYCRL,65263.0,Amp5,5.62
X-1442,PZP,5858.0,MutNovel,"G1090R,1.000"
X-1442,RAB2A,5862.0,Amp5,5.1
X-1442,RAB5B,5869.0,MutNovel,"E161Q,0.480"
X-1442,RAD21,5885.0,Amp5,5.62
X-1442,RAD21-AS1,644660.0,Amp5,5.62
X-1442,RAD54B,25788.0,Amp5,5.9
X-1442,RALYL,138046.0,Amp5,5.9
X-1442,RAP2A,5911.0,Amp5,5.1
X-1442,RB1CC1,9821.0,Amp5,5.1
X-1442,RBM12B,389677.0,Amp5,5.9
X-1442,RBM19,9904.0,MutNovel,"K752E,0.232"
X-1442,RBM26,64062.0,Amp5,5.06
X-1442,RBM26-AS1,100505538.0,Amp5,5.06
X-1442,RBMY1A3P,286557.0,Del0.8,0.3
X-1442,RBMY1B,378948.0,Del0.8,0.28
X-1442,RBMY1B,378948.0,Del0.8,0.28
X-1442,RBMY1E,378950.0,Del0.8,0.28
X-1442,RBMY1E,378950.0,Del0.8,0.28
X-1442,RBMY1F,159163.0,Del0.8,0.28
X-1442,RBMY1F,159163.0,Del0.8,0.28
X-1442,RBMY1J,378951.0,Del0.8,0.28
X-1442,RBMY1J,378951.0,Del0.8,0.28
X-1442,RBMY2EP,159125.0,Del0.8,0.28
X-1442,RBMY2FP,159162.0,Del0.8,0.28
X-1442,RBMY3AP,64593.0,Del0.8,0.28
X-1442,RCAN2,10231.0,Amp5,6.28
X-1442,RDH10,157506.0,Amp5,5.9
X-1442,RECQL4,9401.0,MutNovel,"S611F,0.437"
X-1442,RECQL4,9401.0,Amp5,5.62
X-1442,REXO1L1,254958.0,Amp5,5.9
X-1442,REXO1L2P,100288527.0,Amp5,5.9
X-1442,REXO1L2P,100288527.0,Amp5,5.9
X-1442,RGS20,8601.0,Amp5,5.1
X-1442,RGS22,26166.0,Amp5,5.5
X-1442,RHAG,6005.0,Amp5,6.82
X-1442,RHPN1,114822.0,Amp5,5.62
X-1442,RIMS2,9699.0,Amp5,5.5
X-1442,RIPK2,8767.0,Amp5,5.9
X-1442,RNF113B,140432.0,Amp5,5.1
X-1442,RNF139,11236.0,Amp5,5.62
X-1442,RNF19A,25897.0,Amp5,5.5
X-1442,RNF219,79596.0,Amp5,5.06
X-1442,RP1,6101.0,Amp5,5.1
X-1442,RPL30,6156.0,Amp5,5.5
X-1442,RPL37,6167.0,MutNovel,"R21-,0.522"
X-1442,RPL7,6129.0,Amp5,5.9
X-1442,RPL7L1,285855.0,Amp5,6.28
X-1442,RPL8,6132.0,Amp5,5.62
X-1442,RPS20,6224.0,Amp5,5.1
X-1442,RPS4Y1,6192.0,Del0.8,0.3
X-1442,RPS4Y2,140032.0,Del0.8,0.28
X-1442,RRM2B,50484.0,Amp5,5.5
X-1442,RRP36,88745.0,Amp5,6.28
X-1442,RRS1,23212.0,Amp5,5.9
X-1442,RSPH9,221421.0,Amp5,6.28
X-1442,RSPO2,340419.0,Amp5,5.5
X-1442,RUNX1T1,862.0,Amp5,5.9
X-1442,RUNX2,860.0,Amp5,6.28
X-1442,SAMD12,401474.0,Amp5,5.62
X-1442,SAMD12-AS1,552860.0,Amp5,5.62
X-1442,SBF1P1,100133234.0,Amp5,5.1
X-1442,SCEL,8796.0,Amp5,5.06
X-1442,SCRIB,23513.0,Amp5,5.62
X-1442,SCRT1,83482.0,Amp5,5.62
X-1442,SCXA,100129885.0,Amp5,5.62
X-1442,SDC2,6383.0,Amp5,5.5
X-1442,SDCBP,6386.0,Amp5,5.1
X-1442,SDR16C5,195814.0,Amp5,5.1
X-1442,SEC23A,10484.0,MutNovel,"D50H,0.554"
X-1442,SERINC2,347735.0,MutNovel,"-373Q,0.805"
X-1442,SERPINB6,5269.0,MutNovel,"K98R,0.420"
X-1442,SF1,7536.0,MutKnownFunctional,"W549*,0.304"
X-1442,SGCE,8910.0,MutNovel,"M225V,0.694"
X-1442,SGK3,23678.0,Amp5,5.9
X-1442,SGK494,124923.0,MutNovel,"E233D,0.400"
X-1442,SHARPIN,81858.0,Amp5,5.62
X-1442,SHPK,23729.0,Del0.8,0.24
X-1442,SIRPB1,10326.0,MutNovel,"P352L,1.000"
X-1442,SIRPG,55423.0,MutNovel,"M34V,1.000"
X-1442,SLA,6503.0,Amp5,5.62
X-1442,SLAIN1,122060.0,Amp5,5.06
X-1442,SLC10A5,347051.0,Amp5,5.9
X-1442,SLC11A2,4891.0,MutNovel,"K376T,0.376"
X-1442,SLC15A1,6564.0,Amp5,5.1
X-1442,SLC22A7,10864.0,Amp5,6.28
X-1442,SLC25A27,9481.0,Amp5,6.28
X-1442,SLC25A32,81034.0,Amp5,5.5
X-1442,SLC26A7,115111.0,Amp5,5.9
X-1442,SLC29A1,2030.0,Amp5,6.28
X-1442,SLC2A4RG,56731.0,MutNovel,"A77V,0.773"
X-1442,SLC30A8,169026.0,Amp5,5.62
X-1442,SLC34A2,10568.0,MutKnownFunctional,"-592,0.949"
X-1442,SLC35B2,347734.0,Amp5,6.28
X-1442,SLC38A6,145389.0,MutNovel,"A484V,1.000"
X-1442,SLC39A3,29985.0,MutNovel,"A66S,0.608"
X-1442,SLC39A4,55630.0,Amp5,5.62
X-1442,SLC41A2,84102.0,MutNovel,"G550V,0.500"
X-1442,SLC45A4,57210.0,Amp5,5.62
X-1442,SLC7A13,157724.0,Amp5,5.9
X-1442,SLC7A8,23428.0,MutNovel,"I373L,0.333"
X-1442,SLC9A1,6548.0,MutNovel,"P705L,0.409"
X-1442,SLCO5A1,81796.0,Amp5,5.9
X-1442,SLITRK1,114798.0,Amp5,5.06
X-1442,SLITRK5,26050.0,Amp5,5.1
X-1442,SLITRK6,84189.0,Amp5,5.1
X-1442,SLURP1,57152.0,Amp5,5.62
X-1442,SNAI2,6591.0,Amp5,5.1
X-1442,SNAPC4,6621.0,MutNovel,"S542-,0.500"
X-1442,SNHG6,641638.0,Amp5,5.9
X-1442,SNORA72,26775.0,Amp5,5.5
X-1442,SNORD54,26795.0,Amp5,5.1
X-1442,SNORD87,641648.0,Amp5,5.9
X-1442,SNTB1,6641.0,Amp5,5.62
X-1442,SNTG1,54212.0,Amp5,5.1
X-1442,SNX16,64089.0,Amp5,5.9
X-1442,SNX19,399979.0,MutNovel,"P92R,0.210"
X-1442,SNX31,169166.0,Amp5,5.5
X-1442,SOWAHA,134548.0,MutNovel,"-4AAA,0.735"
X-1442,SOX17,64321.0,Amp5,5.1
X-1442,SOX21,11166.0,Amp5,5.1
X-1442,SPAG1,6674.0,Amp5,5.5
X-1442,SPATC1,375686.0,Amp5,5.62
X-1442,SPATS1,221409.0,Amp5,6.28
X-1442,SPCS1,28972.0,MutNovel,"S18C,0.960"
X-1442,SPRY2,10253.0,Amp5,5.06
X-1442,SQLE,6713.0,Amp5,5.62
X-1442,SRF,6722.0,Amp5,6.28
X-1442,SRPK1,6732.0,MutNovel,"N266K,0.525"
X-1442,SRY,6736.0,Del0.8,0.3
X-1442,ST18,9705.0,Amp5,5.1
X-1442,ST3GAL1,6482.0,Amp5,5.62
X-1442,STAU2,27067.0,Amp5,5.9
X-1442,STIL,6491.0,MutNovel,"K309E,0.511"
X-1442,STK24,8428.0,Amp5,5.1
X-1442,STK3,6788.0,Amp5,5.5
X-1442,STK39,27347.0,MutNovel,"APVTAAAA18A,1.000"
X-1442,STMN2,11075.0,Amp5,5.9
X-1442,SULF1,23213.0,Amp5,5.9
X-1442,SUPT3H,8464.0,Amp5,6.28
X-1442,SYBU,55638.0,Amp5,5.5
X-1442,SYNE2,23224.0,MutNovel,"S3901L,1.000"
X-1442,TAB1,10454.0,MutNovel,"G420R,0.304"
X-1442,TAF2,6873.0,Amp5,5.62
X-1442,TAF8,129685.0,Amp5,6.28
X-1442,TATDN1,83940.0,Amp5,5.62
X-1442,TBC1D3B,414059.0,MutNovel,"P406L,1.000"
X-1442,TBC1D3F,,MutNovel,"V480A,1.000"
X-1442,TBC1D3F,,MutNovel,"S484Y,1.000"
X-1442,TBC1D4,9882.0,Amp5,5.06
X-1442,TBCC,6903.0,Amp5,6.28
X-1442,TBL1Y,90665.0,Del0.8,0.3
X-1442,TCEA1,6917.0,Amp5,5.1
X-1442,TCEB1,6921.0,Amp5,5.9
X-1442,TCERG1,10915.0,MutNovel,"-206QA,0.238"
X-1442,TCF24,100129654.0,Amp5,5.9
X-1442,TCTE1,202500.0,Amp5,6.28
X-1442,TDRD6,221400.0,Amp5,6.28
X-1442,TDRKH,11022.0,MutNovel,"A492T,0.278"
X-1442,TERF1,7013.0,Amp5,5.9
X-1442,TESK1,7016.0,MutNovel,"R560Q,0.544"
X-1442,TFAP2B,7021.0,Amp5,6.82
X-1442,TFAP2D,83741.0,Amp5,6.82
X-1442,TFEB,7942.0,Amp5,6.28
X-1442,TFR2,7036.0,MutNovel,"G735S,0.289"
X-1442,TG,7038.0,Amp5,5.62
X-1442,TGDS,23483.0,Amp5,5.1
X-1442,TGIF2LY,90655.0,Del0.8,0.3
X-1442,TGS1,96764.0,Amp5,5.1
X-1442,TIGD5,84948.0,Amp5,5.62
X-1442,TINAG,27283.0,Amp5,6.82
X-1442,TJAP1,93643.0,Amp5,6.28
X-1442,TLK2,11011.0,MutNovel,"R262Q,0.308"
X-1442,TM2D1,83941.0,MutNovel,"W33G,0.438"
X-1442,TM9SF2,9375.0,Amp5,5.1
X-1442,TMED10P1,286102.0,Amp5,5.62
X-1442,TMEM14A,28978.0,Amp5,6.82
X-1442,TMEM151B,441151.0,Amp5,6.28
X-1442,TMEM183B,,MutKnownFunctional,"-116?,0.600"
X-1442,TMEM184A,202915.0,MutNovel,"G392GA,0.802"
X-1442,TMEM55A,55529.0,Amp5,5.9
X-1442,TMEM63B,55362.0,Amp5,6.28
X-1442,TMEM64,169200.0,Amp5,5.9
X-1442,TMEM65,157378.0,Amp5,5.62
X-1442,TMEM67,91147.0,Amp5,5.9
X-1442,TMEM68,137695.0,Amp5,5.1
X-1442,TMEM70,54968.0,Amp5,5.9
X-1442,TMEM71,137835.0,Amp5,5.62
X-1442,TMEM74,157753.0,Amp5,5.5
X-1442,TMSB4Y,9087.0,Del0.8,0.28
X-1442,TMUB2,79089.0,MutNovel,"R225H,0.335"
X-1442,TNFRSF11B,4982.0,Amp5,5.62
X-1442,TNFRSF1A,7132.0,MutNovel,"G21E,0.425"
X-1442,TNFRSF21,27242.0,Amp5,6.28
X-1442,TNRC18,84629.0,MutNovel,"D744E,0.286"
X-1442,TNS1,7145.0,MutNovel,"QQQP657P,0.600"
X-1442,TOMM6,100188893.0,Amp5,6.28
X-1442,TONSL,4796.0,Amp5,5.62
X-1442,TOP1MT,116447.0,Amp5,5.62
X-1442,TOX,9760.0,Amp5,5.1
X-1442,TP53,7157.0,MutLikelyFunctional,"R110L,1.000"
X-1442,TP53INP1,94241.0,Amp5,5.5
X-1442,TPCN1,53373.0,MutNovel,"M741I,0.544"
X-1442,TPD52,7163.0,Amp5,5.9
X-1442,TRAM1,23471.0,Amp5,5.9
X-1442,TRAM2,9697.0,Amp5,6.82
X-1442,TRAPPC9,83696.0,Amp5,5.62
X-1442,TREM1,54210.0,Amp5,6.28
X-1442,TREM2,54209.0,Amp5,6.28
X-1442,TREML1,340205.0,Amp5,6.28
X-1442,TREML2,79865.0,Amp5,6.28
X-1442,TREML4,285852.0,Amp5,6.28
X-1442,TRERF1,55809.0,Amp5,6.28
X-1442,TRHDE,29953.0,MutNovel,"W481L,1.000"
X-1442,TRHDE,29953.0,MutNovel,"V914M,0.889"
X-1442,TRHR,7201.0,Amp5,5.5
X-1442,TRIB1,10221.0,Amp5,5.62
X-1442,TRIM55,84675.0,Amp5,5.9
X-1442,TRMT12,55039.0,Amp5,5.62
X-1442,TRPA1,8989.0,Amp5,5.9
X-1442,TRPS1,7227.0,Amp5,5.62
X-1442,TSEN54,283989.0,MutNovel,"M1MEP,0.241"
X-1442,TSNARE1,203062.0,Amp5,5.62
X-1442,TSPO2,222642.0,Amp5,6.28
X-1442,TSPY1,7258.0,Del0.8,0.3
X-1442,TSPY2,64591.0,Del0.8,0.3
X-1442,TSPY3,728137.0,Del0.8,0.3
X-1442,TSPY4,728395.0,Del0.8,0.3
X-1442,TSPY8,728403.0,Del0.8,0.3
X-1442,TSPYL1,7259.0,MutNovel,"V176VW,0.857"
X-1442,TSPYL5,85453.0,Amp5,5.5
X-1442,TSTA3,7264.0,Amp5,5.62
X-1442,TTBK1,84630.0,Amp5,6.28
X-1442,TTBK2,146057.0,MutNovel,"Q124H,0.250"
X-1442,TTN,7273.0,MutNovel,"A12579T,0.545"
X-1442,TTN,7273.0,MutNovel,"A12417T,0.375"
X-1442,TTPA,7274.0,Amp5,5.9
X-1442,TTTY10,246119.0,Del0.8,0.28
X-1442,TTTY11,83866.0,Del0.8,0.3
X-1442,TTTY12,83867.0,Del0.8,0.3
X-1442,TTTY13,83868.0,Del0.8,0.28
X-1442,TTTY14,83869.0,Del0.8,0.28
X-1442,TTTY15,64595.0,Del0.8,0.28
X-1442,TTTY16,252948.0,Del0.8,0.3
X-1442,TTTY17A,252949.0,Del0.8,0.28
X-1442,TTTY17A,252949.0,Del0.8,0.28
X-1442,TTTY18,252950.0,Del0.8,0.3
X-1442,TTTY19,252952.0,Del0.8,0.3
X-1442,TTTY1B,100101116.0,Del0.8,0.3
X-1442,TTTY1B,100101116.0,Del0.8,0.28
X-1442,TTTY2,60439.0,Del0.8,0.28
X-1442,TTTY2,60439.0,Del0.8,0.3
X-1442,TTTY20,252951.0,Del0.8,0.3
X-1442,TTTY21,252953.0,Del0.8,0.28
X-1442,TTTY21,252953.0,Del0.8,0.3
X-1442,TTTY22,252954.0,Del0.8,0.28
X-1442,TTTY23,252955.0,Del0.8,0.28
X-1442,TTTY23,252955.0,Del0.8,0.3
X-1442,TTTY3,114760.0,Del0.8,0.28
X-1442,TTTY3,114760.0,Del0.8,0.28
X-1442,TTTY4,114761.0,Del0.8,0.28
X-1442,TTTY4,114761.0,Del0.8,0.28
X-1442,TTTY5,83863.0,Del0.8,0.28
X-1442,TTTY6,84672.0,Del0.8,0.28
X-1442,TTTY6,84672.0,Del0.8,0.28
X-1442,TTTY7,246122.0,Del0.8,0.28
X-1442,TTTY7,246122.0,Del0.8,0.3
X-1442,TTTY7B,100101120.0,Del0.8,0.28
X-1442,TTTY7B,100101120.0,Del0.8,0.3
X-1442,TTTY8,84673.0,Del0.8,0.3
X-1442,TTTY8,84673.0,Del0.8,0.28
X-1442,TTTY9A,83864.0,Del0.8,0.28
X-1442,TTTY9A,83864.0,Del0.8,0.28
X-1442,TUBA1A,7846.0,MutNovel,"F244C,0.232"
X-1442,TXLNG2P,246126.0,Del0.8,0.28
X-1442,TXNDC16,57544.0,MutNovel,"W719S,1.000"
X-1442,TYW1B,441250.0,MutNovel,"A491E,0.500"
X-1442,UBAC2,337867.0,Amp5,5.1
X-1442,UBAC2-AS1,100289373.0,Amp5,5.1
X-1442,UBE2V2,7336.0,Amp5,5.1
X-1442,UBE2W,55284.0,Amp5,5.9
X-1442,UBR2,23304.0,Amp5,6.28
X-1442,UBR3,130507.0,MutNovel,"E383D,0.532"
X-1442,UBR5,51366.0,Amp5,5.5
X-1442,UBXN2B,137886.0,Amp5,5.1
X-1442,UCHL3,7347.0,Amp5,5.06
X-1442,UG0898H09,643763.0,Amp5,5.9
X-1442,UGGT2,55757.0,Amp5,5.1
X-1442,UNC5CL,222643.0,Amp5,6.28
X-1442,UQCRB,7381.0,Amp5,5.5
X-1442,USP49,25862.0,Amp5,6.28
X-1442,USP9Y,8287.0,Del0.8,0.28
X-1442,UTP23,84294.0,Amp5,5.62
X-1442,UTY,7404.0,Del0.8,0.28
X-1442,VCPIP1,80124.0,Amp5,5.9
X-1442,VCY,9084.0,Del0.8,0.28
X-1442,VCY,9084.0,Del0.8,0.28
X-1442,VEGFA,7422.0,Amp5,6.28
X-1442,VPS13B,157680.0,Amp5,5.5
X-1442,VPS28,51160.0,Amp5,5.62
X-1442,WDR67,93594.0,Amp5,5.62
X-1442,WDR7,23335.0,MutNovel,"G370V,0.400"
X-1442,WDR90,197335.0,MutNovel,"P600L,1.000"
X-1442,WDYHV1,55093.0,Amp5,5.62
X-1442,WISP1,8840.0,Amp5,5.62
X-1442,WWP1,11059.0,Amp5,5.9
X-1442,XKR4,114786.0,Amp5,5.1
X-1442,XKR9,389668.0,Amp5,5.9
X-1442,XKRY2,353515.0,Del0.8,0.28
X-1442,XKRY2,353515.0,Del0.8,0.28
X-1442,XPO5,57510.0,Amp5,6.28
X-1442,YIPF3,25844.0,Amp5,6.28
X-1442,YTHDF3,253943.0,Amp5,5.9
X-1442,YWHAZ,7534.0,Amp5,5.5
X-1442,ZBTB10,65986.0,Amp5,5.9
X-1442,ZC3H3,23144.0,Amp5,5.62
X-1442,ZC4H2,55906.0,MutNovel,"M76I,1.000"
X-1442,ZDHHC11,79844.0,MutNovel,"A303D,0.417"
X-1442,ZFAND1,79752.0,Amp5,5.9
X-1442,ZFAT,57623.0,Amp5,5.62
X-1442,ZFAT-AS1,594840.0,Amp5,5.62
X-1442,ZFHX4,79776.0,MutKnownFunctional,"-1669,0.958"
X-1442,ZFHX4,79776.0,Amp5,5.9
X-1442,ZFP41,286128.0,Amp5,5.62
X-1442,ZFPM2,23414.0,Amp5,5.5
X-1442,ZFY,7544.0,Del0.8,0.3
X-1442,ZHX1,11244.0,Amp5,5.62
X-1442,ZHX1-C8ORF76,100533106.0,Amp5,5.62
X-1442,ZHX2,22882.0,Amp5,5.62
X-1442,ZIC2,7546.0,Amp5,5.1
X-1442,ZIC5,85416.0,Amp5,5.1
X-1442,ZNF16,7564.0,Amp5,5.62
X-1442,ZNF236,7776.0,MutKnownFunctional,"Q1074*,0.585"
X-1442,ZNF250,58500.0,Amp5,5.62
X-1442,ZNF251,90987.0,Amp5,5.62
X-1442,ZNF283,284349.0,MutKnownFunctional,"E540*,0.731"
X-1442,ZNF318,24149.0,Amp5,6.28
X-1442,ZNF34,80778.0,Amp5,5.62
X-1442,ZNF440,126070.0,MutNovel,"K287M,0.414"
X-1442,ZNF517,340385.0,Amp5,5.62
X-1442,ZNF530,348327.0,MutNovel,"H285P,0.455"
X-1442,ZNF540,163255.0,MutNovel,"K539Q,1.000"
X-1442,ZNF549,256051.0,MutNovel,"R625I,0.552"
X-1442,ZNF572,137209.0,Amp5,5.62
X-1442,ZNF623,9831.0,Amp5,5.62
X-1442,ZNF696,79943.0,Amp5,5.62
X-1442,ZNF7,7553.0,Amp5,5.62
X-1442,ZNF704,619279.0,Amp5,5.9
X-1442,ZNF706,51123.0,Amp5,5.5
X-1442,ZNF707,286075.0,Amp5,5.62
X-1442,ZNF71,58491.0,MutNovel,"I168V,0.229"
X-1442,ZNF772,400720.0,MutNovel,"A4GP,0.545"
X-1481,ACTN1,87.0,MutNovel,"A898S,0.312"
X-1481,ADAP1,11033.0,Amp5,5.24
X-1481,AGAP2,116986.0,Amp8,13.55
X-1481,AGAP6,414189.0,MutNovel,"G370R,0.412"
X-1481,AGAP6,414189.0,MutNovel,"P391L,0.457"
X-1481,AGAP6,414189.0,MutKnownFunctional,"E621*,0.391"
X-1481,ALS2CL,259173.0,MutNovel,"R341H,1.000"
X-1481,ALS2CR8,79800.0,MutNovel,"S627N,0.571"
X-1481,AMELY,266.0,Del0.8,0.37
X-1481,ANKH,56172.0,MutNovel,"P289T,0.212"
X-1481,ANKRD11,29123.0,MutNovel,"E2509D,0.527"
X-1481,ANKRD11,29123.0,MutNovel,"R2249H,0.455"
X-1481,ANKRD17,26057.0,MutNovel,"GGGGG101G,0.318"
X-1481,ARHGAP8,23779.0,MutNovel,"G102V,0.880"
X-1481,ARHGAP9,64333.0,Amp8,13.55
X-1481,ARHGEF25,115557.0,Amp8,13.55
X-1481,ARHGEF7,8874.0,MutNovel,"E84G,0.471"
X-1481,ARMC2,84071.0,MutNovel,"S182P,1.000"
X-1481,ATR,545.0,MutNovel,"G592E,0.500"
X-1481,AVIL,10677.0,Amp8,13.55
X-1481,B4GALNT1,2583.0,Amp8,13.55
X-1481,BCORP1,286554.0,Del0.8,0.37
X-1481,BEND3,57673.0,MutKnownFunctional,"-602,0.927"
X-1481,BHLHE41,79365.0,MutNovel,"A428T,1.000"
X-1481,BMP2K,55589.0,MutNovel,"Q460-,0.417"
X-1481,BPY2B,442867.0,Del0.8,0.37
X-1481,BPY2B,442867.0,Del0.8,0.37
X-1481,BRE,9577.0,MutNovel,"T144I,0.462"
X-1481,C10orf47,254427.0,MutNovel,"R378W,0.420"
X-1481,C11orf41,25758.0,MutNovel,"R1501L,0.452"
X-1481,C14orf129,51527.0,MutNovel,"S12I,0.364"
X-1481,C20orf72,92667.0,MutNovel,"M309V,0.712"
X-1481,C22orf39,128977.0,MutNovel,"A78T,0.800"
X-1481,C2orf43,60526.0,MutNovel,"H118Y,0.743"
X-1481,C4orf21,55345.0,MutNovel,"S104Y,1.000"
X-1481,C7orf50,84310.0,Amp5,5.24
X-1481,C8orf33,65265.0,Amp5,5.78
X-1481,C8orf44,56260.0,MutKnownFunctional,"R70*,0.700"
X-1481,C9orf40,55071.0,MutNovel,"G114D,0.269"
X-1481,CAMLG,819.0,MutNovel,"A5G,0.667"
X-1481,CASC4,113201.0,MutNovel,"Q83H,0.520"
X-1481,CASP3,836.0,MutNovel,"K53E,0.946"
X-1481,CBX3,11335.0,MutNovel,"A57T,0.366"
X-1481,CCDC102B,79839.0,MutNovel,"E197D,0.500"
X-1481,CCDC137,339230.0,MutNovel,"VE251V,0.864"
X-1481,CCDC64,92558.0,MutNovel,"E326Q,0.343"
X-1481,CDC42BPA,8476.0,MutNovel,"I744L,0.333"
X-1481,CDK4,1019.0,Amp8,13.55
X-1481,CDY1B,253175.0,Del0.8,0.37
X-1481,CDY1B,253175.0,Del0.8,0.37
X-1481,CDY2A,9426.0,Del0.8,0.37
X-1481,CDY2A,9426.0,Del0.8,0.37
X-1481,CDY2B,203611.0,Del0.8,0.37
X-1481,CDY2B,203611.0,Del0.8,0.37
X-1481,CEBPA,1050.0,MutNovel,"P231L,0.878"
X-1481,CENPJ,55835.0,MutNovel,"K1296N,1.000"
X-1481,CENPN,55839.0,MutNovel,"H79Y,0.667"
X-1481,CHD5,26038.0,MutNovel,"E1188Q,0.714"
X-1481,CKAP2,26586.0,MutNovel,"S364L,0.479"
X-1481,CLSTN2,64084.0,MutNovel,"S652R,0.500"
X-1481,COL1A2,1278.0,MutNovel,"G685C,1.000"
X-1481,COL5A3,50509.0,MutNovel,"G352V,0.548"
X-1481,COX19,90639.0,Amp5,5.24
X-1481,CREG2,200407.0,MutNovel,"R123S,0.529"
X-1481,CREG2,200407.0,MutNovel,"P96Q,0.531"
X-1481,CREG2,200407.0,MutNovel,"R8L,0.500"
X-1481,CRISPLD2,83716.0,MutNovel,"G102V,0.529"
X-1481,CRMP1,1400.0,MutNovel,"G100A,1.000"
X-1481,CRTAC1,55118.0,MutNovel,"R220W,0.615"
X-1481,CSNK2A1P,283106.0,MutNovel,"V5M,0.600"
X-1481,CSPG4P1Y,114758.0,Del0.8,0.37
X-1481,CSPG4P1Y,114758.0,Del0.8,0.37
X-1481,CTDSP2,10106.0,Amp8,13.55
X-1481,CXorf66,347487.0,Del0.8,0.76
X-1481,CYP27B1,1594.0,Amp8,13.55
X-1481,CYP2W1,54905.0,Amp5,5.24
X-1481,DARS2,55157.0,MutNovel,"A168G,0.321"
X-1481,DAZ1,1617.0,Del0.8,0.37
X-1481,DAZ2,57055.0,Del0.8,0.37
X-1481,DAZ3,57054.0,Del0.8,0.37
X-1481,DAZ3,57054.0,Del0.8,0.37
X-1481,DAZ4,57135.0,Del0.8,0.37
X-1481,DAZ4,57135.0,Del0.8,0.37
X-1481,DCTN2,10540.0,Amp8,13.55
X-1481,DDIT3,1649.0,Amp8,13.55
X-1481,DDOST,1650.0,MutNovel,"R297C,0.339"
X-1481,DDT,1652.0,Amp5,6.28
X-1481,DDTL,100037417.0,Amp5,6.28
X-1481,DDX28,55794.0,MutNovel,"Q142R,0.378"
X-1481,DDX3Y,8653.0,Del0.8,0.37
X-1481,DEF6,50619.0,MutNovel,"R521M,0.984"
X-1481,DFFA,1676.0,MutNovel,"S164T,0.337"
X-1481,DGCR6L,85359.0,Amp5,5.39
X-1481,DLX5,1749.0,MutNovel,"K158N,1.000"
X-1481,DMKN,93099.0,MutNovel,"GGSSGGSSG279G,0.355"
X-1481,DNAH5,1767.0,MutNovel,"S3415F,0.375"
X-1481,DNAJC13,23317.0,MutNovel,"D593G,0.516"
X-1481,DOPEY2,9980.0,Del0.8,0.75
X-1481,DSP,1832.0,MutNovel,"E1835V,0.251"
X-1481,DTX3,196403.0,Amp8,13.55
X-1481,DYNC2H1,79659.0,MutNovel,"V2610I,0.600"
X-1481,EGFR,1956.0,Amp8,13.74
X-1481,EIF1AY,9086.0,Del0.8,0.37
X-1481,EIF2AK4,440275.0,MutNovel,"E136D,0.586"
X-1481,EIF3CL,728689.0,MutNovel,"Q607H,1.000"
X-1481,EIF4G1,1981.0,MutNovel,"EGEA472E,0.232"
X-1481,EIF4G1,1981.0,MutNovel,"R900Q,0.335"
X-1481,ELFN1,392617.0,Amp5,5.24
X-1481,ERCC6L2,,MutNovel,"L695F,0.400"
X-1481,ERCC8,1161.0,MutNovel,"D227Y,1.000"
X-1481,ESYT3,83850.0,MutNovel,"D508V,0.800"
X-1481,EXOC3,11336.0,MutNovel,"M19I,0.376"
X-1481,F8A1,8263.0,MutNovel,"T329N,0.318"
X-1481,FAH,2184.0,MutNovel,"R25S,0.670"
X-1481,FAM108A1,81926.0,MutNovel,"S60L,0.456"
X-1481,FAM129B,64855.0,MutNovel,"GGG598G,0.728"
X-1481,FAM161B,145483.0,MutNovel,"H46P,1.000"
X-1481,FAM197Y2P,252946.0,Del0.8,0.37
X-1481,FAM20C,56975.0,Amp5,5.24
X-1481,FAM41AY1,340618.0,Del0.8,0.37
X-1481,FAM41AY1,340618.0,Del0.8,0.37
X-1481,FAM83B,222584.0,MutNovel,"G324V,1.000"
X-1481,FAM83H,286077.0,MutNovel,"A615P,0.661"
X-1481,FAM83H,286077.0,MutNovel,"A553V,0.366"
X-1481,FASN,2194.0,MutNovel,"V434L,1.000"
X-1481,FAT4,79633.0,MutNovel,"R1788L,1.000"
X-1481,FBN1,2200.0,MutNovel,"R1066W,0.364"
X-1481,FBXL19,54620.0,MutNovel,"E410D,0.700"
X-1481,FDFT1,2222.0,MutNovel,"LG243FR,0.979"
X-1481,FKBP9L,360132.0,Amp8,20.68
X-1481,FLG,2312.0,MutNovel,"L2224E,0.406"
X-1481,FLG,2312.0,MutNovel,"N1913R,0.219"
X-1481,FLG,2312.0,MutNovel,"R1299G,0.292"
X-1481,FLG,2312.0,MutNovel,"G929V,0.324"
X-1481,FLG,2312.0,MutNovel,"S522P,0.214"
X-1481,FLJ44511,441307.0,Amp5,5.24
X-1481,FLNB,2317.0,MutNovel,"V848G,0.472"
X-1481,FNBP4,23360.0,MutNovel,"K452E,0.208"
X-1481,FOXD1,2297.0,MutNovel,"A88G,1.000"
X-1481,FOXQ1,94234.0,MutNovel,"S105G,1.000"
X-1481,FRMD4A,55691.0,MutNovel,"Q404H,0.450"
X-1481,FYCO1,79443.0,MutKnownFunctional,"E714*,1.000"
X-1481,GAP43,2596.0,MutNovel,"E151K,0.667"
X-1481,GBP5,115362.0,MutNovel,"A499S,0.667"
X-1481,GET4,51608.0,Amp5,5.24
X-1481,GGA1,26088.0,MutNovel,"G72R,0.533"
X-1481,GLI1,2735.0,Amp8,13.55
X-1481,GOLGA2P2Y,84559.0,Del0.8,0.37
X-1481,GOLGA2P2Y,84559.0,Del0.8,0.37
X-1481,GPER,2852.0,Amp5,5.24
X-1481,GPR146,115330.0,Amp5,5.24
X-1481,GSTT1,2952.0,Amp8,12.04
X-1481,GSTT2,2953.0,Amp5,6.28
X-1481,GSTT2,2953.0,Amp5,5.1
X-1481,GSTTP1,25774.0,Amp8,12.04
X-1481,GSTTP2,653399.0,Amp5,6.87
X-1481,GYG2P1,352887.0,Del0.8,0.37
X-1481,HEATR2,54919.0,Amp5,5.24
X-1481,HERC2,8924.0,MutNovel,"V2532M,0.667"
X-1481,HLA-DRB1,3123.0,Amp8,8.94
X-1481,HLA-DRB5,3127.0,Amp8,8.94
X-1481,HLA-DRB6,3128.0,Amp8,8.94
X-1481,HLA-G,3135.0,MutNovel,"F10V,0.867"
X-1481,HSFY2,159119.0,Del0.8,0.37
X-1481,HSFY2,159119.0,Del0.8,0.37
X-1481,HYAL3,8372.0,MutNovel,"L225P,0.545"
X-1481,IGLL5,100423062.0,Amp5,6.63
X-1481,IL11RA,3590.0,MutNovel,"P25R,0.750"
X-1481,INHBC,3626.0,Amp8,13.55
X-1481,INHBE,83729.0,Amp8,13.55
X-1481,INTS1,26173.0,Amp5,5.24
X-1481,IQCE,23288.0,MutNovel,"W498C,0.746"
X-1481,IQGAP1,8826.0,MutNovel,"L969F,0.298"
X-1481,IRF7,3665.0,MutNovel,"G328S,0.283"
X-1481,ITGA1,3672.0,MutNovel,"Y489F,1.000"
X-1481,ITGB4,3691.0,MutNovel,"P918L,0.998"
X-1481,JUND,3727.0,MutNovel,"AGGA204A,0.247"
X-1481,KAT6A,7994.0,MutNovel,"R1734M,1.000"
X-1481,KCTD14,65987.0,MutNovel,"V168M,0.478"
X-1481,KDM3B,51780.0,MutNovel,"I1107V,1.000"
X-1481,KDM5D,8284.0,Del0.8,0.37
X-1481,KIAA0556,23247.0,MutNovel,"A1440S,0.378"
X-1481,KIAA0947,23379.0,MutNovel,"C653G,0.636"
X-1481,KIAA1908,114796.0,Amp5,5.24
X-1481,KIAA2013,90231.0,MutNovel,"L22F,0.385"
X-1481,KIF18A,81930.0,MutNovel,"K24E,0.526"
X-1481,KIF20B,9585.0,MutNovel,"L1062LKV,0.500"
X-1481,KIF5A,3798.0,Amp8,13.55
X-1481,KLK6,5653.0,MutNovel,"W213L,0.748"
X-1481,KREMEN2,79412.0,MutNovel,"C354Y,0.245"
X-1481,KRT33B,3884.0,MutNovel,"A270V,1.000"
X-1481,LANCL2,55915.0,Amp8,12.04
X-1481,LARP1,23367.0,MutNovel,"N702T,0.996"
X-1481,LATS2,26524.0,Del0.8,0.7
X-1481,LCE3C,353144.0,Del0.8,0.41
X-1481,LDB1,8861.0,MutNovel,"M338I,0.438"
X-1481,LGALS1,3956.0,MutNovel,"C3F,0.421"
X-1481,LGALS9C,654346.0,Del0.8,0.64
X-1481,LLGL2,3993.0,MutNovel,"T607P,0.667"
X-1481,LOC100128905,,MutNovel,"Q180R,1.000"
X-1481,LOC100129480,100129480.0,MutNovel,"V206D,1.000"
X-1481,LOC100130776,100130776.0,Amp8,13.55
X-1481,LOC100288524,100288524.0,Amp5,5.24
X-1481,LOC100506310,,MutNovel,"R515W,0.800"
X-1481,LOC100506844,100506844.0,Amp8,13.55
X-1481,LOC100996473,,MutKnownFunctional,"Q219*,0.300"
X-1481,LOC100996489,,MutNovel,"P61S,1.000"
X-1481,LOC150197,150197.0,Amp5,5.39
X-1481,LOC284865,284865.0,Amp5,5.39
X-1481,LOC285878,285878.0,Amp8,10.27
X-1481,LOC388849,388849.0,Amp5,5.39
X-1481,LOC388906,388906.0,Amp5,6.19
X-1481,LOC391322,391322.0,Amp8,12.04
X-1481,LOC442497,442497.0,Amp5,5.24
X-1481,LOC653125,,MutNovel,"A540T,1.000"
X-1481,LOC728888,,MutNovel,"P583T,0.429"
X-1481,LOXL1,4016.0,MutNovel,"VPPP260V,0.452"
X-1481,LRIG3,121227.0,Amp8,16.11
X-1481,LRP1,4035.0,Amp5,5.06
X-1481,LRP10,26020.0,MutNovel,"G128D,0.424"
X-1481,LRRK1,79705.0,MutNovel,"R67C,0.571"
X-1481,LRRK1,79705.0,MutNovel,"R1941Q,0.429"
X-1481,LSR,51599.0,MutKnownFunctional,"-23,0.558"
X-1481,LSR,51599.0,MutNovel,"G518GR,0.650"
X-1481,LY6D,8581.0,MutNovel,"T15K,0.227"
X-1481,MAFK,7975.0,Amp5,5.24
X-1481,MAGEF1,64110.0,MutNovel,"Y273C,0.333"
X-1481,MAP4K3,8491.0,MutNovel,"A159S,0.500"
X-1481,MAP4K5,11183.0,MutNovel,"G504C,0.533"
X-1481,MAPKAPK2,9261.0,MutNovel,"T25A,0.407"
X-1481,2014-03-09 00:00:00,92979.0,Amp8,13.55
X-1481,MARCKS,4082.0,MutNovel,"E227D,0.994"
X-1481,MARS,4141.0,Amp8,13.55
X-1481,MAVS,57506.0,MutNovel,"K331N,0.216"
X-1481,MBD3,53615.0,MutNovel,"E281-,0.326"
X-1481,MBD6,114785.0,Amp8,13.55
X-1481,MED16,10025.0,MutNovel,"S448N,0.438"
X-1481,MED29,55588.0,MutNovel,"S33F,0.750"
X-1481,METRN,79006.0,MutNovel,"R22H,0.242"
X-1481,METTL1,4234.0,Amp8,13.55
X-1481,METTL21B,25895.0,Amp8,13.55
X-1481,METTL3,56339.0,MutNovel,"R564Q,0.497"
X-1481,MGAT5,4249.0,MutNovel,"T288A,0.486"
X-1481,MICALL1,85377.0,MutNovel,"A165T,0.664"
X-1481,MICALL2,79778.0,Amp5,5.24
X-1481,MIR1228,100302201.0,Amp8,13.55
X-1481,MIR1286,100302118.0,Amp5,5.39
X-1481,MIR26A2,407016.0,Amp8,13.55
X-1481,MIR339,442907.0,Amp5,5.24
X-1481,MIR4655,100616160.0,Amp5,5.24
X-1481,MIR650,723778.0,Amp5,6.63
X-1481,MLL2,8085.0,MutNovel,"P919L,0.514"
X-1481,MLLT6,4302.0,MutNovel,"N897S,1.000"
X-1481,MREG,55686.0,MutNovel,"T62A,0.984"
X-1481,MTF1,4520.0,MutNovel,"H224L,0.450"
X-1481,MTHFSD,64779.0,MutNovel,"G214C,0.514"
X-1481,MTRF1,9617.0,MutNovel,"H34L,0.882"
X-1481,MUC16,94025.0,MutNovel,"S13577N,0.730"
X-1481,MUC16,94025.0,MutNovel,"R13342H,0.633"
X-1481,MUC4,4585.0,MutNovel,"HA4205QT,0.474"
X-1481,MUC4,4585.0,MutNovel,"L3638F,1.000"
X-1481,MUC4,4585.0,MutNovel,"Q3629H,1.000"
X-1481,MUC4,4585.0,MutNovel,"S3429D,0.217"
X-1481,MUC4,4585.0,MutNovel,"DA3317ET,0.857"
X-1481,MUC4,4585.0,MutNovel,"S2096P,0.381"
X-1481,MUC4,4585.0,MutNovel,"A1673V,0.417"
X-1481,MUC4,4585.0,MutNovel,"L1474P,0.429"
X-1481,MUC4,4585.0,MutNovel,"Q1469H,0.429"
X-1481,MUC4,4585.0,MutNovel,"V1038A,0.700"
X-1481,MXRA8,54587.0,MutNovel,"A41T,0.279"
X-1481,MYC,4609.0,MutNovel,"F130L,0.393"
X-1481,MYH14,79784.0,MutNovel,"D537N,0.710"
X-1481,N4BP2L2,10443.0,MutNovel,"W388L,1.000"
X-1481,NAA35,60560.0,MutNovel,"L387I,0.268"
X-1481,NAV1,89796.0,MutNovel,"E1638V,0.270"
X-1481,NCF1,653361.0,MutNovel,"R90H,0.500"
X-1481,NCOA6,23054.0,MutNovel,"L1189P,0.255"
X-1481,NCOR2,9612.0,MutNovel,"G1839GAAA,0.217"
X-1481,NCRNA00185,55410.0,Del0.8,0.37
X-1481,NDUFA4L2,56901.0,Amp8,13.55
X-1481,NKX2-8,26257.0,MutNovel,"Q36E,0.529"
X-1481,NLGN4Y,22829.0,Del0.8,0.37
X-1481,NOD2,64127.0,MutNovel,"Q270K,0.231"
X-1481,NOTCH2,4853.0,MutNovel,"A1955S,0.378"
X-1481,NR1H2,7376.0,MutNovel,"-173Q,0.789"
X-1481,NR3C1,2908.0,MutKnownFunctional,"E238*,1.000"
X-1481,NR4A1,3164.0,MutKnownFunctional,"Q487*,0.216"
X-1481,NXPE3,,MutNovel,"S419I,0.705"
X-1481,NXPH4,11247.0,Amp8,13.55
X-1481,NYNRIN,57523.0,MutNovel,"E780V,0.645"
X-1481,NYNRIN,57523.0,MutKnownFunctional,"E1598*,0.328"
X-1481,OBSCN,84033.0,MutNovel,"E6478K,0.576"
X-1481,ODZ4,26011.0,MutNovel,"R973Q,0.778"
X-1481,ORAI1,84876.0,MutNovel,"PP43-,0.960"
X-1481,OS9,10956.0,Amp8,13.55
X-1481,P2RY2,5029.0,MutKnownFunctional,"-212,0.521"
X-1481,PAIP2,51247.0,Del0.8,0.71
X-1481,PAPSS2,9060.0,MutNovel,"LE616L,0.600"
X-1481,PARP10,84875.0,MutNovel,"V11G,0.667"
X-1481,PC,5091.0,MutNovel,"H1099L,0.367"
X-1481,PCDH11Y,83259.0,Del0.8,0.37
X-1481,PCDHB10,56126.0,MutNovel,"G532S,0.368"
X-1481,PCDHB6,56130.0,MutNovel,"S524A,1.000"
X-1481,PCDHB6,56130.0,MutNovel,"G530S,1.000"
X-1481,PCLO,27445.0,MutNovel,"E1515D,1.000"
X-1481,PDCD5,9141.0,MutNovel,"S119F,0.700"
X-1481,PDGFA,5154.0,Amp5,5.24
X-1481,PDLIM5,10611.0,MutNovel,"R114C,1.000"
X-1481,PHLDA1,22822.0,MutNovel,"QQ194Q,0.296"
X-1481,PHLPP1,23239.0,MutNovel,"F291V,0.875"
X-1481,PIEZO1,9780.0,MutNovel,"G1629R,0.524"
X-1481,PIEZO1,9780.0,MutNovel,"I240V,0.509"
X-1481,PIK3C2G,5288.0,MutNovel,"I228T,0.400"
X-1481,PIK3CA,5290.0,MutLikelyFunctional,"E545D,0.446"
X-1481,PIK3CA,5290.0,Amp5,5.43
X-1481,PIP4K2C,79837.0,Amp8,13.55
X-1481,PKDREJ,10343.0,MutNovel,"H81R,1.000"
X-1481,PLEKHM2,23207.0,MutNovel,"A27P,0.378"
X-1481,POTEE,445582.0,MutNovel,"N869Y,1.000"
X-1481,PPP4R1,9989.0,MutNovel,"A127V,0.459"
X-1481,PRB1,5542.0,MutNovel,"R149Q,1.000"
X-1481,PRCC,5546.0,MutNovel,"Y344C,0.346"
X-1481,PRIC285,85441.0,MutNovel,"Q2630R,0.600"
X-1481,PRKAR1B,5575.0,Amp5,5.24
X-1481,PRKY,5616.0,Del0.8,0.37
X-1481,PRY,9081.0,Del0.8,0.37
X-1481,PRY,9081.0,Del0.8,0.37
X-1481,PRY2,442862.0,Del0.8,0.37
X-1481,PRY2,442862.0,Del0.8,0.37
X-1481,PSMG3,84262.0,Amp5,5.24
X-1481,PTOV1,53635.0,MutNovel,"A7D,0.727"
X-1481,R3HDM2,22864.0,Amp8,13.55
X-1481,RABL2A,11159.0,MutNovel,"V223A,0.600"
X-1481,RAET1G,353091.0,MutNovel,"V83G,0.292"
X-1481,RAET1L,154064.0,MutNovel,"S32A,1.000"
X-1481,RAG1,5896.0,MutNovel,"A69G,0.750"
X-1481,RALGAPA2,57186.0,MutNovel,"T921A,0.375"
X-1481,RALGAPA2,57186.0,MutNovel,"N848D,0.250"
X-1481,RANBP1,5902.0,Amp5,5.39
X-1481,RARA,5914.0,MutNovel,"P11L,1.000"
X-1481,RB1,5925.0,MutNovel,"AAA13-,1.000"
X-1481,RBM19,9904.0,MutNovel,"R782S,0.358"
X-1481,RBMY1A3P,286557.0,Del0.8,0.37
X-1481,RBMY1B,378948.0,Del0.8,0.37
X-1481,RBMY1B,378948.0,Del0.8,0.37
X-1481,RBMY1E,378950.0,Del0.8,0.37
X-1481,RBMY1E,378950.0,Del0.8,0.37
X-1481,RBMY1F,159163.0,Del0.8,0.37
X-1481,RBMY1F,159163.0,Del0.8,0.37
X-1481,RBMY1J,378951.0,Del0.8,0.37
X-1481,RBMY1J,378951.0,Del0.8,0.37
X-1481,RBMY2EP,159125.0,Del0.8,0.37
X-1481,RBMY2FP,159162.0,Del0.8,0.37
X-1481,RBMY3AP,64593.0,Del0.8,0.37
X-1481,REST,5978.0,MutKnownFunctional,"E346*,1.000"
X-1481,RFWD3,55159.0,MutNovel,"Y492C,0.596"
X-1481,RIN3,79890.0,MutNovel,"G967-,0.231"
X-1481,RNF19A,25897.0,MutNovel,"I838T,0.406"
X-1481,RPS4Y1,6192.0,Del0.8,0.37
X-1481,RPS4Y2,140032.0,Del0.8,0.37
X-1481,RRNAD1,51093.0,MutNovel,"S5T,0.402"
X-1481,RSF1,51773.0,MutNovel,"R427K,0.644"
X-1481,RTN4R,65078.0,Amp5,5.39
X-1481,SAMD1,90378.0,MutNovel,"A303V,0.489"
X-1481,SARDH,1757.0,MutNovel,"E618K,1.000"
X-1481,SCNN1A,6337.0,MutNovel,"V173I,0.805"
X-1481,SEC61G,23480.0,Amp8,15.67
X-1481,SERINC2,347735.0,MutNovel,"-373Q,0.412"
X-1481,SERPINB8,5271.0,MutNovel,"V194L,0.391"
X-1481,SETD8,387893.0,MutNovel,"H347P,0.431"
X-1481,SH3PXD2A,9644.0,MutNovel,"I60T,0.386"
X-1481,SHANK3,85358.0,MutNovel,"T987M,0.500"
X-1481,SHF,90525.0,MutNovel,"S273N,0.444"
X-1481,SHF,90525.0,MutNovel,"P270S,0.333"
X-1481,SHMT2,6472.0,Amp8,13.55
X-1481,SHROOM2,357.0,MutNovel,"Q389K,0.595"
X-1481,SHROOM3,57619.0,MutNovel,"V1818L,0.451"
X-1481,SIN3B,23309.0,MutNovel,"A1116V,0.385"
X-1481,SLC16A7,9194.0,Amp8,15.78
X-1481,SLC25A3,5250.0,MutNovel,"V22G,0.386"
X-1481,SLC26A10,65012.0,Amp8,13.55
X-1481,SLC27A1,376497.0,MutNovel,"L20V,1.000"
X-1481,SLX1A,548593.0,MutNovel,"R119C,0.250"
X-1481,SMARCA4,6597.0,MutNovel,"M27V,0.522"
X-1481,SMARCD1,6602.0,MutNovel,"W320L,0.328"
X-1481,SMC2,10592.0,MutNovel,"E186Q,0.320"
X-1481,SMYD5,10322.0,MutNovel,"T197P,0.286"
X-1481,SNAPIN,23557.0,MutNovel,"P19A,0.538"
X-1481,SNRPA,6626.0,MutNovel,"Q199K,0.598"
X-1481,SPIRE2,84501.0,MutNovel,"R545L,0.588"
X-1481,SREK1,140890.0,MutNovel,"S543I,0.964"
X-1481,SRGAP3,9901.0,MutNovel,"A725T,1.000"
X-1481,SRY,6736.0,Del0.8,0.37
X-1481,STAC3,246329.0,Amp8,13.55
X-1481,STAG2,10735.0,MutNovel,"P506R,0.464"
X-1481,STOML2,30968.0,MutNovel,"G303A,0.444"
X-1481,STOML2,30968.0,MutNovel,"S21F,0.333"
X-1481,SUN1,23353.0,Amp5,5.24
X-1481,SYNE2,23224.0,MutKnownFunctional,"E6327*,0.315"
X-1481,TBC1D24,57465.0,MutNovel,"M15I,0.682"
X-1481,TBKBP1,9755.0,MutNovel,"G330C,1.000"
X-1481,TBL1Y,90665.0,Del0.8,0.37
X-1481,TCEANC,170082.0,MutNovel,"R6C,0.667"
X-1481,TCF25,22980.0,MutNovel,"L399V,0.312"
X-1481,TCIRG1,10312.0,MutNovel,"-759GL,0.382"
X-1481,TET3,200424.0,MutNovel,"E152G,0.500"
X-1481,TFAMP1,260341.0,Amp5,5.24
X-1481,TGIF2LY,90655.0,Del0.8,0.37
X-1481,TJP2,9414.0,MutNovel,"E751K,1.000"
X-1481,TMBIM4,51643.0,MutNovel,"S216N,0.323"
X-1481,TMEM184A,202915.0,Amp5,5.24
X-1481,TMEM64,169200.0,MutNovel,"P42Q,0.400"
X-1481,TMSB4Y,9087.0,Del0.8,0.37
X-1481,TNFSF9,8744.0,MutNovel,"R202G,0.530"
X-1481,TNS3,64759.0,MutNovel,"F1134V,0.231"
X-1481,TP53,7157.0,MutKnownFunctional,"Y220C,0.992"
X-1481,TP53TG3,24150.0,Del0.8,0.66
X-1481,TP53TG3B,729355.0,Del0.8,0.66
X-1481,TRMT2A,27037.0,Amp5,5.39
X-1481,TSC1,7248.0,MutNovel,"Q527R,0.273"
X-1481,TSFM,10102.0,Amp8,13.55
X-1481,TSPAN31,6302.0,Amp8,13.55
X-1481,TSPY1,7258.0,Del0.8,0.37
X-1481,TSPY2,64591.0,Del0.8,0.37
X-1481,TSPY3,728137.0,Del0.8,0.37
X-1481,TSPY4,728395.0,Del0.8,0.37
X-1481,TSPY8,728403.0,Del0.8,0.37
X-1481,TSPYL1,7259.0,MutNovel,"V176VW,0.879"
X-1481,TSSC4,10078.0,MutNovel,"S265I,0.376"
X-1481,TTC17,55761.0,MutNovel,"D55Y,0.500"
X-1481,TTTY10,246119.0,Del0.8,0.37
X-1481,TTTY11,83866.0,Del0.8,0.37
X-1481,TTTY12,83867.0,Del0.8,0.37
X-1481,TTTY13,83868.0,Del0.8,0.37
X-1481,TTTY14,83869.0,Del0.8,0.37
X-1481,TTTY15,64595.0,Del0.8,0.37
X-1481,TTTY16,252948.0,Del0.8,0.37
X-1481,TTTY17A,252949.0,Del0.8,0.37
X-1481,TTTY17A,252949.0,Del0.8,0.37
X-1481,TTTY18,252950.0,Del0.8,0.37
X-1481,TTTY19,252952.0,Del0.8,0.37
X-1481,TTTY1B,100101116.0,Del0.8,0.37
X-1481,TTTY1B,100101116.0,Del0.8,0.37
X-1481,TTTY2,60439.0,Del0.8,0.37
X-1481,TTTY2,60439.0,Del0.8,0.37
X-1481,TTTY20,252951.0,Del0.8,0.37
X-1481,TTTY21,252953.0,Del0.8,0.37
X-1481,TTTY21,252953.0,Del0.8,0.37
X-1481,TTTY22,252954.0,Del0.8,0.37
X-1481,TTTY23,252955.0,Del0.8,0.37
X-1481,TTTY23,252955.0,Del0.8,0.37
X-1481,TTTY3,114760.0,Del0.8,0.37
X-1481,TTTY3,114760.0,Del0.8,0.37
X-1481,TTTY4,114761.0,Del0.8,0.37
X-1481,TTTY4,114761.0,Del0.8,0.37
X-1481,TTTY5,83863.0,Del0.8,0.37
X-1481,TTTY6,84672.0,Del0.8,0.37
X-1481,TTTY6,84672.0,Del0.8,0.37
X-1481,TTTY7,246122.0,Del0.8,0.37
X-1481,TTTY7,246122.0,Del0.8,0.37
X-1481,TTTY7B,100101120.0,Del0.8,0.37
X-1481,TTTY7B,100101120.0,Del0.8,0.37
X-1481,TTTY8,84673.0,Del0.8,0.37
X-1481,TTTY8,84673.0,Del0.8,0.37
X-1481,TTTY9A,83864.0,Del0.8,0.37
X-1481,TTTY9A,83864.0,Del0.8,0.37
X-1481,TXLNG2P,246126.0,Del0.8,0.37
X-1481,UAP1L1,91373.0,MutNovel,"V79L,1.000"
X-1481,UAP1L1,91373.0,MutNovel,"K125N,1.000"
X-1481,UGT2B28,54490.0,Del0.8,0.72
X-1481,ULBP2,80328.0,MutNovel,"V83G,0.837"
X-1481,UNC80,285175.0,MutNovel,"V1778E,0.312"
X-1481,UNCX,340260.0,Amp5,5.24
X-1481,USP21,27005.0,MutNovel,"R77H,0.279"
X-1481,USP9Y,8287.0,Del0.8,0.37
X-1481,UTY,7404.0,Del0.8,0.37
X-1481,VAMP4,8674.0,MutNovel,"R140H,0.292"
X-1481,VCY,9084.0,Del0.8,0.37
X-1481,VCY,9084.0,Del0.8,0.37
X-1481,VOPP1,81552.0,Amp8,15.78
X-1481,VSTM2A,222008.0,Amp8,10.27
X-1481,VSTM2L,128434.0,MutNovel,"A6S,0.833"
X-1481,VWA1,64856.0,MutNovel,"A326P,0.351"
X-1481,WDR81,124997.0,MutNovel,"P626L,0.939"
X-1481,WFS1,7466.0,MutNovel,"E462K,0.485"
X-1481,WNK2,65268.0,MutNovel,"A107T,1.000"
X-1481,XDH,7498.0,MutNovel,"V523I,0.545"
X-1481,XKRY2,353515.0,Del0.8,0.37
X-1481,XKRY2,353515.0,Del0.8,0.37
X-1481,XRCC6BP1,91419.0,Amp8,13.55
X-1481,ZC3H7A,29066.0,MutNovel,"S732N,0.297"
X-1481,ZDHHC8,29801.0,Amp5,5.39
X-1481,ZFAND2A,90637.0,Amp5,5.24
X-1481,ZFHX2,85446.0,MutNovel,"I304L,1.000"
X-1481,ZFY,7544.0,Del0.8,0.37
X-1481,ZNF226,7769.0,MutNovel,"E758D,0.364"
X-1481,ZNF385A,25946.0,MutNovel,"P18A,0.435"
X-1481,ZNF408,79797.0,MutNovel,"P647Q,0.493"
X-1481,ZNF469,84627.0,MutNovel,"P1777H,0.600"
X-1481,ZNF511,118472.0,MutNovel,"D52Y,0.402"
X-1481,ZNF615,284370.0,MutNovel,"K614R,0.900"
X-1481,ZNF653,115950.0,MutNovel,"AGIE384E,0.455"
X-1481,ZNF761,388561.0,MutNovel,"R603A,0.500"
X-1481,ZP3,7784.0,MutNovel,"S315P,0.714"
X-1499,ACOT1,641371.0,Del0.8,0.75
X-1499,ACR,49.0,MutNovel,"G217E,0.600"
X-1499,ADAM3A,1587.0,Del0.8,0.3
X-1499,ADAM5P,255926.0,Del0.8,0.7
X-1499,ADAM6,8755.0,Amp5,5.21
X-1499,ADC,113451.0,MutNovel,"V383G,0.312"
X-1499,ADCK3,56997.0,MutNovel,"R271H,0.641"
X-1499,ADNP2,22850.0,MutNovel,"S1108F,1.000"
X-1499,AHNAK2,113146.0,MutNovel,"L2911N,0.400"
X-1499,ALG12,79087.0,MutNovel,"N463S,0.991"
X-1499,ANK2,287.0,MutNovel,"P3520Q,0.329"
X-1499,APC,324.0,MutKnownFunctional,"Q767*,1.000"
X-1499,AQP4,361.0,Amp5,7.84
X-1499,ARL6IP4,51329.0,MutNovel,"G110V,0.410"
X-1499,ART5,116969.0,MutNovel,"-25P,0.821"
X-1499,ASB11,140456.0,Del0.8,0.68
X-1499,ATAD2,29028.0,MutNovel,"D935N,0.652"
X-1499,ATL2,64225.0,MutNovel,"T195S,0.480"
X-1499,BRWD1,54014.0,MutNovel,"L695P,0.371"
X-1499,C10orf137,26098.0,MutNovel,"N964K,0.357"
X-1499,C12orf53,196500.0,MutNovel,"G158R,1.000"
X-1499,C14orf37,145407.0,MutNovel,"Q664L,1.000"
X-1499,C16orf46,123775.0,MutNovel,"P378A,0.614"
X-1499,C17orf104,284071.0,MutNovel,"Q945P,0.216"
X-1499,C19orf26,255057.0,MutNovel,"TT17-,0.619"
X-1499,C19orf6,91304.0,MutNovel,"P468L,0.891"
X-1499,C1orf109,54955.0,MutKnownFunctional,"R180*,0.381"
X-1499,C2orf62,375307.0,MutNovel,"V88M,0.636"
X-1499,C3,718.0,MutNovel,"T1031R,0.818"
X-1499,CACNA1A,773.0,MutNovel,"QQ2330-,0.417"
X-1499,CAMK4,814.0,MutNovel,"R129K,1.000"
X-1499,CAMK4,814.0,MutNovel,"Q293E,1.000"
X-1499,CAPN1,823.0,MutNovel,"I5N,0.653"
X-1499,CAPN10,11132.0,MutNovel,"V612L,0.608"
X-1499,CASC5,57082.0,MutNovel,"D1099E,0.683"
X-1499,CASZ1,54897.0,MutNovel,"P1158R,0.667"
X-1499,CBWD3,445571.0,MutNovel,"K389Q,0.600"
X-1499,CBWD6,644019.0,MutKnownFunctional,"-259?,0.404"
X-1499,CCDC57,284001.0,MutNovel,"-122S,0.203"
X-1499,CD109,135228.0,MutNovel,"N513S,0.548"
X-1499,CD109,135228.0,MutNovel,"V1218L,0.455"
X-1499,CEP41,95681.0,MutNovel,"S288G,1.000"
X-1499,CES2,8824.0,MutNovel,"E567K,0.339"
X-1499,CHD3,1107.0,MutNovel,"-81P,0.625"
X-1499,CHFR,55743.0,MutNovel,"A361V,0.413"
X-1499,CHST9,83539.0,Amp5,6.87
X-1499,CHST9-AS1,147429.0,Amp5,6.87
X-1499,CLASRP,11129.0,MutNovel,"-423SR,0.756"
X-1499,CLEC16A,23274.0,MutNovel,"A903T,1.000"
X-1499,CLK1,1195.0,MutNovel,"R308G,0.489"
X-1499,CLK3,1198.0,MutNovel,"R210Q,0.617"
X-1499,COL25A1,84570.0,MutNovel,"Q146P,0.235"
X-1499,COL2A1,1280.0,MutNovel,"G1227R,0.714"
X-1499,COL4A6,1288.0,MutNovel,"W1598L,1.000"
X-1499,COL5A1,1289.0,MutNovel,"E330K,1.000"
X-1499,CPSF6,11052.0,MutNovel,"Y548F,0.673"
X-1499,CR1,1378.0,MutNovel,"P1641Q,0.600"
X-1499,CRIPAK,285464.0,MutNovel,"V164A,0.571"
X-1499,CRYL1,51084.0,Del0.8,0.72
X-1499,CSAG3,389903.0,MutNovel,"A63T,1.000"
X-1499,CSTF2,1478.0,MutNovel,"E293Q,0.975"
X-1499,CTAG1B,1485.0,MutNovel,"L156P,1.000"
X-1499,CTAG2,30848.0,MutNovel,"H173Y,1.000"
X-1499,CTNNA3,29119.0,Del0.8,0.5
X-1499,CTSA,5476.0,MutNovel,"L29-,0.329"
X-1499,CUBN,8029.0,MutNovel,"N2607Y,0.770"
X-1499,CYP4Z1,199974.0,MutNovel,"W356L,0.600"
X-1499,DENND4B,9909.0,MutNovel,"QQQ908-,0.306"
X-1499,DHRSX,207063.0,MutNovel,"G383R,1.000"
X-1499,DIP2A,23181.0,MutNovel,"V1498L,0.434"
X-1499,DLG1,1739.0,MutNovel,"S143L,1.000"
X-1499,DMD,1756.0,Del0.8,0.36
X-1499,DPYD,1806.0,MutNovel,"G196V,0.326"
X-1499,DTWD1,56986.0,MutNovel,"T208S,0.699"
X-1499,EFHD1,80303.0,MutNovel,"A31V,0.390"
X-1499,EGR3,1960.0,MutNovel,"P369T,0.730"
X-1499,EIF2S3,1968.0,Del0.8,0.62
X-1499,EIF3A,8661.0,MutNovel,"R210L,0.695"
X-1499,EOMES,8320.0,MutNovel,"-120AP,0.700"
X-1499,ERBB3,2065.0,MutNovel,"N353S,0.289"
X-1499,ETFDH,2110.0,MutNovel,"N602T,0.376"
X-1499,FAM132B,,MutNovel,"L237F,0.750"
X-1499,FAM160B2,64760.0,MutNovel,"T626I,0.684"
X-1499,FAM197Y3,,MutNovel,"G46D,0.600"
X-1499,FAM66B,100128890.0,Amp5,5.35
X-1499,FAM75A6,389730.0,Del0.8,0.75
X-1499,FAM75C1,441452.0,MutNovel,"I1012V,1.000"
X-1499,FAM86B1,85002.0,MutNovel,"Q230R,0.333"
X-1499,FAM8A1,51439.0,MutNovel,"I267T,0.595"
X-1499,FARS2,10667.0,MutNovel,"N115S,0.725"
X-1499,FAT4,79633.0,MutNovel,"V1577A,0.397"
X-1499,FAT4,79633.0,MutNovel,"G3524C,0.495"
X-1499,FBXW8,26259.0,MutNovel,"V262D,0.733"
X-1499,FDXR,2232.0,MutNovel,"A38V,0.346"
X-1499,FLG,2312.0,MutNovel,"H980D,0.385"
X-1499,FNDC1,84624.0,MutNovel,"ATTRRTT1471A,1.000"
X-1499,FRG2C,,MutNovel,"D109Y,0.500"
X-1499,FSD1,79187.0,MutKnownFunctional,"R484*,0.978"
X-1499,GAPVD1,26130.0,MutNovel,"KQ818K,0.857"
X-1499,GCFC2,6936.0,MutNovel,"A84T,0.522"
X-1499,GIGYF2,26058.0,MutNovel,"PQ1231P,0.705"
X-1499,GLI4,2738.0,MutNovel,"P159L,0.368"
X-1499,GPR125,166647.0,MutNovel,"P18R,1.000"
X-1499,GPRC5B,51704.0,MutKnownFunctional,"-112,1.000"
X-1499,GRIN2D,2906.0,MutNovel,"R872L,1.000"
X-1499,GSTM5,2949.0,MutNovel,"V29E,1.000"
X-1499,HBZ,3050.0,MutNovel,"D127A,0.333"
X-1499,HCN2,610.0,MutNovel,"S634R,1.000"
X-1499,HEATR1,55127.0,MutNovel,"SL482L,0.594"
X-1499,HGC6.3,100128124.0,MutNovel,"Q122P,0.421"
X-1499,HGC6.3,100128124.0,MutNovel,"P108Q,0.250"
X-1499,HGC6.3,100128124.0,MutNovel,"V104A,0.400"
X-1499,HGC6.3,100128124.0,MutNovel,"P102S,0.381"
X-1499,HGC6.3,100128124.0,MutNovel,"P88S,0.204"
X-1499,HGC6.3,100128124.0,MutNovel,"Q66P,0.203"
X-1499,HGC6.3,100128124.0,MutNovel,"Q38L,0.588"
X-1499,HIST2H2AC,8338.0,MutNovel,"I112V,0.500"
X-1499,HIST2H2AC,8338.0,MutNovel,"K119E,0.667"
X-1499,HMCN1,83872.0,MutNovel,"V4510F,0.400"
X-1499,HNRNPF,3185.0,MutNovel,"G277R,0.381"
X-1499,HOXA13,3209.0,MutNovel,"M273I,1.000"
X-1499,HPCAL4,51440.0,MutNovel,"L145F,0.833"
X-1499,HSPA13,6782.0,MutNovel,"V221F,0.327"
X-1499,HYDIN,54768.0,MutNovel,"H3869R,0.700"
X-1499,IRF2BP2,359948.0,MutNovel,"P118S,0.667"
X-1499,IRS2,8660.0,MutNovel,"G413W,0.385"
X-1499,ITPR2,3709.0,MutNovel,"A87S,0.620"
X-1499,ITSN2,50618.0,MutNovel,"Q1689E,0.444"
X-1499,KCTD1,284252.0,Amp5,7.84
X-1499,KDM4E,,MutNovel,"Q113R,1.000"
X-1499,KIAA0125,9834.0,Amp5,5.21
X-1499,KIAA0391,9692.0,MutNovel,"D224G,1.000"
X-1499,KIAA0586,9786.0,MutNovel,"S1364C,1.000"
X-1499,KIAA1522,57648.0,MutNovel,"V254I,0.271"
X-1499,KIF20B,9585.0,MutNovel,"L1062LKV,0.913"
X-1499,KIF5A,3798.0,MutNovel,"R855L,0.606"
X-1499,KLHL4,56062.0,MutNovel,"V473F,1.000"
X-1499,LATS2,26524.0,Del0.8,0.63
X-1499,LCE3B,353143.0,Del0.8,0.49
X-1499,LCE3C,353144.0,Del0.8,0.49
X-1499,LGALS9C,654346.0,Del0.8,0.31
X-1499,LMNB2,84823.0,MutNovel,"A19T,1.000"
X-1499,LOC100132247,100132247.0,MutNovel,"R555P,0.615"
X-1499,LOC100507369,,MutNovel,"T143S,0.267"
X-1499,LOC100653515,100653515.0,MutNovel,"F443L,1.000"
X-1499,LOC100996525,,MutNovel,"R410W,1.000"
X-1499,LOC100996543,,MutNovel,"L41P,0.267"
X-1499,LOC100996633,,MutNovel,"P6L,0.667"
X-1499,LOC391766,,MutNovel,"R82S,1.000"
X-1499,LOC391766,,MutNovel,"R114W,1.000"
X-1499,LOC642131,,MutNovel,"R110T,1.000"
X-1499,LOC642643,,MutNovel,"E124G,1.000"
X-1499,LOC728606,728606.0,Amp5,7.84
X-1499,LPHN3,23284.0,MutNovel,"V963M,0.386"
X-1499,LRFN5,145581.0,MutNovel,"S640F,1.000"
X-1499,LRIF1,55791.0,MutNovel,"T699I,0.734"
X-1499,MACROD1,28992.0,MutNovel,"F264I,0.976"
X-1499,MACROD2-AS1,100379174.0,Del0.8,0.24
X-1499,MADCAM1,8174.0,MutNovel,"D242N,0.375"
X-1499,MADCAM1,8174.0,MutNovel,"P262Q,0.343"
X-1499,MAP3K4,4216.0,MutNovel,"PA1189P,0.370"
X-1499,MCPH1,79648.0,MutNovel,"A440S,0.729"
X-1499,MDC1,9656.0,MutNovel,"P1177S,0.228"
X-1499,MDN1,23195.0,MutNovel,"A1619V,0.566"
X-1499,MED24,9862.0,MutNovel,"A808T,0.519"
X-1499,MEOX2,4223.0,MutNovel,"HH76H,0.508"
X-1499,MIR4756,100616225.0,Del0.8,0.75
X-1499,MIR4770,100616373.0,Del0.8,0.78
X-1499,MLL2,8085.0,MutNovel,"P846S,0.647"
X-1499,MMS22L,253714.0,MutNovel,"Y237C,0.515"
X-1499,MPRIP,23164.0,MutNovel,"TS178T,0.486"
X-1499,MSN,4478.0,MutNovel,"Y291C,0.999"
X-1499,MTX2,10651.0,MutNovel,"W163C,0.473"
X-1499,MUS81,80198.0,MutNovel,"G437E,0.387"
X-1499,MYADML2,255275.0,MutNovel,"R112Q,0.400"
X-1499,MYBL2,4605.0,MutNovel,"Y529F,0.512"
X-1499,MYT1,4661.0,MutKnownFunctional,"E764*,0.421"
X-1499,NAV3,89795.0,MutNovel,"P2161Q,1.000"
X-1499,NBPF10,100132406.0,MutNovel,"E125Q,0.292"
X-1499,NBPF9,400818.0,MutNovel,"R97G,0.212"
X-1499,NCOR2,9612.0,MutNovel,"G1839GAAA,0.344"
X-1499,NDN,4692.0,MutKnownFunctional,"R293*,0.399"
X-1499,NDUFS7,374291.0,MutNovel,"R205G,1.000"
X-1499,NEK10,152110.0,MutNovel,"I130T,1.000"
X-1499,NEK3,4752.0,MutNovel,"T339K,1.000"
X-1499,NLGN4X,57502.0,Del0.8,0.78
X-1499,NLRP2,55655.0,MutNovel,"T516A,1.000"
X-1499,NLRP7,199713.0,MutNovel,"F430S,1.000"
X-1499,NOTCH1,4851.0,MutNovel,"E989*,1.000"
X-1499,NOTCH1,4851.0,MutNovel,"G81D,1.000"
X-1499,NPIPL3,23117.0,MutNovel,"R433P,0.500"
X-1499,NPIPL3,23117.0,MutNovel,"V308L,0.261"
X-1499,NR1D1,9572.0,MutNovel,"R157C,0.442"
X-1499,NR1H2,7376.0,MutNovel,"-173Q,0.818"
X-1499,NTPCR,84284.0,MutNovel,"V185M,0.214"
X-1499,NVL,4931.0,MutNovel,"S853P,0.744"
X-1499,OBSCN,84033.0,MutNovel,"V1624A,0.261"
X-1499,OCA2,4948.0,MutNovel,"H552Q,0.309"
X-1499,OR8A1,390275.0,MutNovel,"R139G,0.500"
X-1499,ORAI1,84876.0,MutNovel,"PP43-,0.889"
X-1499,OVOS,,MutNovel,"R1319H,1.000"
X-1499,OXGR1,27199.0,MutNovel,"V46M,0.941"
X-1499,P2RY8,286530.0,MutNovel,"C1401S,0.600"
X-1499,PADI2,11240.0,MutNovel,"M616I,0.429"
X-1499,PCDH9,5101.0,MutNovel,"A413T,1.000"
X-1499,PCSK7,9159.0,MutNovel,"G123A,0.663"
X-1499,PCYT2,5833.0,MutNovel,"M284T,0.558"
X-1499,PDE4DIP,9659.0,MutNovel,"R590S,0.685"
X-1499,PHLDA1,22822.0,MutNovel,"QQ194Q,0.538"
X-1499,PHTF2,57157.0,MutNovel,"E71V,0.987"
X-1499,PLEC,5339.0,MutNovel,"A1293V,0.364"
X-1499,PLEKHG5,57449.0,MutNovel,"L962R,0.273"
X-1499,PLIN4,729359.0,MutNovel,"A883T,0.500"
X-1499,PODXL,5420.0,MutNovel,"L475F,1.000"
X-1499,POTEJ,,MutNovel,"K472E,1.000"
X-1499,POTEJ,,MutNovel,"W917R,1.000"
X-1499,POTEJ,,MutNovel,"A923V,1.000"
X-1499,PRDM9,56979.0,MutNovel,"T597S,1.000"
X-1499,PRRT3,285368.0,MutNovel,"R780L,1.000"
X-1499,PTH2R,5746.0,MutKnownFunctional,"S82*,0.500"
X-1499,PTPN14,5784.0,MutNovel,"H360P,0.690"
X-1499,PTPRU,10076.0,MutNovel,"G1093V,0.407"
X-1499,RAB3IL1,5866.0,MutNovel,"G306R,1.000"
X-1499,RAP1GAP2,23108.0,MutNovel,"R717C,0.991"
X-1499,RAPGEF2,9693.0,MutNovel,"D90Y,0.679"
X-1499,RASGEF1A,221002.0,MutNovel,"D66V,1.000"
X-1499,RBM20,282996.0,MutNovel,"A1052V,0.556"
X-1499,RFC3,5983.0,MutNovel,"K345R,0.451"
X-1499,RNF151,146310.0,MutNovel,"I242L,0.778"
X-1499,RNF43,54894.0,MutNovel,"A255V,0.390"
X-1499,RPAP2,79871.0,MutNovel,"S216T,0.288"
X-1499,RPL19,6143.0,MutNovel,"I184-,0.458"
X-1499,RPL3L,6123.0,MutNovel,"D149N,1.000"
X-1499,RPS17,6218.0,MutNovel,"V66G,0.500"
X-1499,RSPH4A,345895.0,MutNovel,"D655Y,0.517"
X-1499,SEMA3C,10512.0,MutKnownFunctional,"E614*,0.994"
X-1499,SERAC1,84947.0,MutKnownFunctional,"R525*,0.375"
X-1499,SETX,23064.0,MutNovel,"L57F,1.000"
X-1499,SF3A1,10291.0,MutNovel,"A615T,0.994"
X-1499,SGPL1,8879.0,MutNovel,"I386M,0.249"
X-1499,SIGLEC14,100049587.0,Del0.8,0.42
X-1499,SLC27A5,10998.0,MutNovel,"V376M,1.000"
X-1499,SLC39A7,7922.0,MutNovel,"G118V,0.516"
X-1499,SLC44A5,204962.0,MutNovel,"G360L,0.307"
X-1499,SLX4,84464.0,MutNovel,"V1257G,0.600"
X-1499,SMARCA4,6597.0,MutKnownFunctional,"-849?,0.875"
X-1499,SPG20,23111.0,MutNovel,"G641V,0.313"
X-1499,SPINT4,391253.0,Del0.8,0.33
X-1499,SPPL2B,56928.0,MutNovel,"V221L,1.000"
X-1499,SRCRB4D,136853.0,MutNovel,"G508C,1.000"
X-1499,SRGAP1,57522.0,MutNovel,"N998K,0.263"
X-1499,SSPO,23145.0,MutNovel,"H4620L,1.000"
X-1499,ST14,6768.0,MutNovel,"G688E,0.267"
X-1499,STAT2,6773.0,MutNovel,"G825C,0.275"
X-1499,SYNGAP1,8831.0,MutNovel,"I411F,0.543"
X-1499,SYT7,9066.0,MutNovel,"G141R,1.000"
X-1499,TACC2,10579.0,MutNovel,"M2780L,0.617"
X-1499,TAF3,83860.0,MutNovel,"K507M,0.356"
X-1499,TAF9B,51616.0,MutNovel,"R89T,0.995"
X-1499,TBC1D24,57465.0,MutNovel,"C156Y,1.000"
X-1499,TBC1D30,23329.0,MutNovel,"W91C,0.828"
X-1499,TBKBP1,9755.0,MutNovel,"A356V,1.000"
X-1499,TBX4,9496.0,MutNovel,"M189K,0.750"
X-1499,TCF19,6941.0,MutNovel,"P246L,0.388"
X-1499,TCF7L2,6934.0,MutNovel,"S419C,0.275"
X-1499,TCOF1,6949.0,MutNovel,"T856I,1.000"
X-1499,TEX10,54881.0,MutNovel,"I743V,0.997"
X-1499,THUMPD3,25917.0,MutNovel,"N232S,0.996"
X-1499,TMEM170A,124491.0,MutNovel,"T72I,0.655"
X-1499,TMEM74,157753.0,MutNovel,"S127T,0.881"
X-1499,TP53,7157.0,MutKnownFunctional,"K319*,1.000"
X-1499,TP53BP1,7158.0,MutNovel,"P450PL,0.360"
X-1499,TPBG,7162.0,MutNovel,"A11V,0.469"
X-1499,TRAM1L1,133022.0,MutNovel,"Y227N,0.619"
X-1499,TRIO,7204.0,MutNovel,"R877Q,0.375"
X-1499,TSPY10,,MutNovel,"H144Q,0.257"
X-1499,TSPY10,,MutNovel,"S275I,0.884"
X-1499,TSPY10,,MutNovel,"D277C,0.856"
X-1499,TSPYL1,7259.0,MutNovel,"V176VW,0.865"
X-1499,TSSK6,83983.0,MutNovel,"Y193N,1.000"
X-1499,TTN,7273.0,MutKnownFunctional,"W31729*,0.611"
X-1499,TTN,7273.0,MutNovel,"D16550Y,0.692"
X-1499,UBR1,197131.0,MutNovel,"E1596Q,0.621"
X-1499,UFM1,51569.0,Del0.8,0.79
X-1499,UNC13A,23025.0,MutNovel,"P699S,1.000"
X-1499,USO1,8615.0,MutNovel,"E744K,0.370"
X-1499,UTY,7404.0,MutNovel,"AR1078LR,0.250"
X-1499,UTY,7404.0,MutNovel,"SH1075HD,0.300"
X-1499,UTY,7404.0,MutNovel,"V1074H,0.300"
X-1499,UTY,7404.0,MutNovel,"G1073C,0.273"
X-1499,UTY,7404.0,MutNovel,"I1071G,0.300"
X-1499,UTY,7404.0,MutNovel,"AG1069DR,0.300"
X-1499,UTY,7404.0,MutKnownFunctional,"S1068*,0.300"
X-1499,UTY,7404.0,MutNovel,"S1066T,0.222"
X-1499,UTY,7404.0,MutNovel,"Y1027C,0.250"
X-1499,UTY,7404.0,MutNovel,"NY1026TG,0.250"
X-1499,UTY,7404.0,MutNovel,"N1037Y,0.286"
X-1499,UTY,7404.0,MutNovel,"VE1034AI,0.333"
X-1499,UTY,7404.0,MutNovel,"LV1033SL,0.333"
X-1499,UTY,7404.0,MutKnownFunctional,"TK1030M*,0.500"
X-1499,UTY,7404.0,MutKnownFunctional,"S1029*,0.500"
X-1499,UTY,7404.0,MutKnownFunctional,"LF1027*I,0.375"
X-1499,UTY,7404.0,MutNovel,"LG1025RK,0.333"
X-1499,UTY,7404.0,MutNovel,"L1025V,0.300"
X-1499,UTY,7404.0,MutNovel,"LD1023FH,0.300"
X-1499,UTY,7404.0,MutKnownFunctional,"LK1021**,0.300"
X-1499,UTY,7404.0,MutNovel,"PK1007HQ,0.364"
X-1499,UTY,7404.0,MutNovel,"N1006P,0.364"
X-1499,UTY,7404.0,MutNovel,"CT1004YL,0.538"
X-1499,UTY,7404.0,MutNovel,"FC1003TS,0.538"
X-1499,UTY,7404.0,MutNovel,"Q1002T,0.600"
X-1499,UTY,7404.0,MutNovel,"HQ1001QT,0.600"
X-1499,UTY,7404.0,MutNovel,"H1001N,0.611"
X-1499,UTY,7404.0,MutNovel,"F996L,0.524"
X-1499,UTY,7404.0,MutNovel,"QL343HW,0.400"
X-1499,UTY,7404.0,MutNovel,"A337G,0.407"
X-1499,UTY,7404.0,MutKnownFunctional,"A337*,0.407"
X-1499,UTY,7404.0,MutNovel,"L335T,0.312"
X-1499,UTY,7404.0,MutNovel,"D333E,0.333"
X-1499,UTY,7404.0,MutNovel,"D333G,0.333"
X-1499,UTY,7404.0,MutNovel,"D333R,0.333"
X-1499,UTY,7404.0,MutNovel,"M332T,0.364"
X-1499,UTY,7404.0,MutNovel,"M332P,0.364"
X-1499,UTY,7404.0,MutNovel,"QP330HA,0.333"
X-1499,UTY,7404.0,MutNovel,"QQ327HG,0.333"
X-1499,UTY,7404.0,MutNovel,"Q327K,0.455"
X-1499,UTY,7404.0,MutNovel,"QQ326AK,0.455"
X-1499,UTY,7404.0,MutKnownFunctional,"Y325*,0.500"
X-1499,UTY,7404.0,MutNovel,"Y325K,0.500"
X-1499,UTY,7404.0,MutNovel,"L324G,0.364"
X-1499,UTY,7404.0,MutNovel,"V323M,0.364"
X-1499,UTY,7404.0,MutNovel,"IG321MC,0.400"
X-1499,UTY,7404.0,MutNovel,"I321R,0.455"
X-1499,UTY,7404.0,MutNovel,"I321L,0.364"
X-1499,UTY,7404.0,MutNovel,"C319R,0.300"
X-1499,UTY,7404.0,MutNovel,"W318F,0.444"
X-1499,UTY,7404.0,MutNovel,"W318L,0.800"
X-1499,UTY,7404.0,MutNovel,"W318L,0.800"
X-1499,UTY,7404.0,MutNovel,"D316P,0.400"
X-1499,UTY,7404.0,MutNovel,"AD315NH,0.700"
X-1499,UTY,7404.0,MutNovel,"S314N,0.667"
X-1499,UTY,7404.0,MutNovel,"S314D,0.667"
X-1499,UTY,7404.0,MutNovel,"E312I,0.615"
X-1499,UTY,7404.0,MutNovel,"E312I,0.615"
X-1499,UTY,7404.0,MutNovel,"KS310RK,0.500"
X-1499,UTY,7404.0,MutKnownFunctional,"K310*,0.615"
X-1499,UTY,7404.0,MutKnownFunctional,"DK309E*,0.615"
X-1499,UTY,7404.0,MutNovel,"I308T,0.250"
X-1499,UTY,7404.0,MutNovel,"R305G,0.250"
X-1499,UTY,7404.0,MutKnownFunctional,"G288*,0.750"
X-1499,UTY,7404.0,MutKnownFunctional,"W284*,0.300"
X-1499,UTY,7404.0,MutNovel,"W284S,0.300"
X-1499,UTY,7404.0,MutNovel,"QS282HV,0.636"
X-1499,UTY,7404.0,MutNovel,"Q282A,0.750"
X-1499,UTY,7404.0,MutNovel,"Q282A,0.750"
X-1499,UTY,7404.0,MutNovel,"SG280LC,0.750"
X-1499,UTY,7404.0,MutNovel,"N279R,0.556"
X-1499,UTY,7404.0,MutNovel,"DP277EA,0.444"
X-1499,UTY,7404.0,MutNovel,"A276E,0.500"
X-1499,UTY,7404.0,MutKnownFunctional,"A276*,0.500"
X-1499,UTY,7404.0,MutKnownFunctional,"EA275A*,0.500"
X-1499,UTY,7404.0,MutNovel,"LE274RQ,0.417"
X-1499,UTY,7404.0,MutNovel,"S273R,0.417"
X-1499,UTY,7404.0,MutNovel,"Q271R,0.417"
X-1499,UTY,7404.0,MutNovel,"I267M,0.312"
X-1499,UTY,7404.0,MutNovel,"I267R,0.312"
X-1499,UTY,7404.0,MutNovel,"Y265C,0.294"
X-1499,UTY,7404.0,MutNovel,"SY264IR,0.562"
X-1499,UTY,7404.0,MutNovel,"E263D,0.412"
X-1499,UTY,7404.0,MutNovel,"E263V,0.412"
X-1499,UTY,7404.0,MutNovel,"E263L,0.438"
X-1499,UTY,7404.0,MutNovel,"T261S,0.263"
X-1499,UTY,7404.0,MutNovel,"A260Y,0.263"
X-1499,UTY,7404.0,MutNovel,"KA259TS,0.471"
X-1499,UTY,7404.0,MutNovel,"VG256DR,0.333"
X-1499,UTY,7404.0,MutNovel,"V256Q,0.400"
X-1499,UTY,7404.0,MutNovel,"DL254VL,0.353"
X-1499,UTY,7404.0,MutNovel,"HH250LV,0.350"
X-1499,UTY,7404.0,MutNovel,"MH249IN,0.333"
X-1499,UTY,7404.0,MutNovel,"WM248CG,0.417"
X-1499,UTY,7404.0,MutNovel,"GW247VT,0.292"
X-1499,UTY,7404.0,MutNovel,"Q245C,0.312"
X-1499,UTY,7404.0,MutNovel,"Q244I,0.368"
X-1499,UTY,7404.0,MutKnownFunctional,"LQ243*I,0.368"
X-1499,UTY,7404.0,MutNovel,"T241N,0.250"
X-1499,UTY,7404.0,MutNovel,"K239I,0.211"
X-1499,UTY,7404.0,MutNovel,"Q237K,0.222"
X-1499,UTY,7404.0,MutNovel,"FY138LL,0.545"
X-1499,UTY,7404.0,MutKnownFunctional,"YF137*A,0.522"
X-1499,UTY,7404.0,MutNovel,"Y137N,0.500"
X-1499,UTY,7404.0,MutNovel,"V136N,0.583"
X-1499,UTY,7404.0,MutNovel,"GL134VP,0.500"
X-1499,UTY,7404.0,MutNovel,"G134C,0.500"
X-1499,UTY,7404.0,MutKnownFunctional,"YG131*L,0.583"
X-1499,UTY,7404.0,MutNovel,"L130S,0.500"
X-1499,UTY,7404.0,MutNovel,"AF128GG,0.476"
X-1499,UTY,7404.0,MutNovel,"AA127KT,0.565"
X-1499,UTY,7404.0,MutNovel,"N126R,0.526"
X-1499,UTY,7404.0,MutNovel,"K125R,0.455"
X-1499,UTY,7404.0,MutNovel,"WK124CW,0.522"
X-1499,UTY,7404.0,MutKnownFunctional,"YW123*R,0.571"
X-1499,UTY,7404.0,MutNovel,"D122L,0.500"
X-1499,UTY,7404.0,MutNovel,"QA120LN,0.550"
X-1499,UTY,7404.0,MutKnownFunctional,"LQ119F*,0.471"
X-1499,UTY,7404.0,MutNovel,"YS117LR,0.471"
X-1499,UTY,7404.0,MutNovel,"Y116L,0.429"
X-1499,UTY,7404.0,MutNovel,"QR114RS,0.350"
X-1499,UTY,7404.0,MutKnownFunctional,"YQ113G*,0.350"
X-1499,UTY,7404.0,MutNovel,"SA111WQ,0.304"
X-1499,UTY,7404.0,MutNovel,"LS110TT,0.273"
X-1499,UTY,7404.0,MutNovel,"F56W,0.214"
X-1499,UTY,7404.0,MutNovel,"FG54LR,0.250"
X-1499,UTY,7404.0,MutNovel,"L53C,0.273"
X-1499,UTY,7404.0,MutNovel,"L46S,0.250"
X-1499,UTY,7404.0,MutNovel,"AL45RI,0.375"
X-1499,UTY,7404.0,MutNovel,"RE43IL,0.316"
X-1499,UTY,7404.0,MutNovel,"T39C,0.273"
X-1499,UTY,7404.0,MutNovel,"E30V,0.273"
X-1499,UTY,7404.0,MutNovel,"R29C,0.286"
X-1499,UTY,7404.0,MutNovel,"R29C,0.286"
X-1499,UTY,7404.0,MutKnownFunctional,"KA26N*,0.235"
X-1499,UTY,7404.0,MutNovel,"GK25LE,0.222"
X-1499,VCX3A,51481.0,Del0.8,0.78
X-1499,VCX3B,425054.0,MutNovel,"K40E,0.659"
X-1499,VCX3B,425054.0,MutNovel,"K43E,0.500"
X-1499,VCX3B,425054.0,MutNovel,"R47G,0.520"
X-1499,WDR33,55339.0,MutKnownFunctional,"Q573*,0.289"
X-1499,WWP2,11060.0,MutNovel,"T145S,0.556"
X-1499,XAGE1E,,MutNovel,"K24N,0.391"
X-1499,XKR9,389668.0,MutNovel,"M287L,0.602"
X-1499,XPO6,23214.0,MutNovel,"Q391E,0.674"
X-1499,YBX1,4904.0,MutNovel,"AAPP12A,0.738"
X-1499,ZBTB10,65986.0,MutNovel,"S36L,0.600"
X-1499,ZEB2,9839.0,MutNovel,"R318S,0.830"
X-1499,ZFHX3,463.0,MutNovel,"Q3204RK,0.390"
X-1499,ZFP106,64397.0,MutNovel,"E1511A,0.652"
X-1499,ZFY,7544.0,MutNovel,"T373S,1.000"
X-1499,ZNF227,7770.0,MutNovel,"N307S,1.000"
X-1499,ZNF268,10795.0,MutKnownFunctional,"G590*,0.712"
X-1499,ZNF302,55900.0,MutNovel,"R166S,1.000"
X-1499,ZNF33B,7582.0,MutNovel,"Q414E,0.642"
X-1499,ZNF384,171017.0,MutNovel,"QQ514Q,0.227"
X-1499,ZNF384,171017.0,MutNovel,"A494S,1.000"
X-1499,ZNF436,80818.0,MutKnownFunctional,"WG106C*,0.837"
X-1499,ZNF678,339500.0,MutKnownFunctional,"-15,0.264"
X-1499,ZNF705G,100131980.0,Amp5,6.77
X-1499,ZNF716,441234.0,MutNovel,"Q95K,1.000"
X-1499,ZNF730,,MutNovel,"T412I,1.000"
X-1499,ZNF835,90485.0,MutNovel,"S84R,1.000"
X-1499,ZNHIT2,741.0,MutNovel,"C188S,0.304"
X-1499,ZWILCH,55055.0,MutNovel,"I554T,0.324"
X-1586,AATK,9625.0,MutNovel,"A1332T,0.571"
X-1586,ABCA1,19.0,MutNovel,"E313D,1.000"
X-1586,ACOT1,641371.0,MutNovel,"P310S,0.300"
X-1586,ADAM18,8749.0,Amp5,5.62
X-1586,ADAM2,2515.0,Amp5,5.62
X-1586,ADAM32,203102.0,Amp5,5.62
X-1586,ADAM3A,1587.0,Amp5,5.62
X-1586,ADAM5P,255926.0,Amp5,5.62
X-1586,ADAM6,8755.0,Amp5,5.1
X-1586,ADAM9,8754.0,Amp5,5.62
X-1586,ADRB3,155.0,Amp5,6.68
X-1586,AGAP7,653268.0,MutNovel,"R494Q,1.000"
X-1586,AGRN,375790.0,MutNovel,"SGGGS1078S,0.232"
X-1586,AHNAK2,113146.0,MutNovel,"T1383A,1.000"
X-1586,AKR7A2,8574.0,MutNovel,"G94C,0.316"
X-1586,ALS2CL,259173.0,MutNovel,"T107A,0.917"
X-1586,AMELY,266.0,Del0.8,0.28
X-1586,ANKRD36,375248.0,MutNovel,"T998S,0.207"
X-1586,AP2A1,160.0,MutNovel,"V385L,0.619"
X-1586,APC,324.0,MutNovel,"R2530L,1.000"
X-1586,AQP4,361.0,MutNovel,"A120V,0.667"
X-1586,ARHGAP25,9938.0,MutNovel,"Q489E,0.882"
X-1586,ARHGEF19,128272.0,MutNovel,"Q10H,0.675"
X-1586,ARID1A,8289.0,MutKnownFunctional,"S744*,0.931"
X-1586,ARID1A,8289.0,MutNovel,"A747S,0.944"
X-1586,ASB6,140459.0,MutNovel,"A180V,1.000"
X-1586,ASH2L,9070.0,Amp5,6.68
X-1586,ASMTL,8623.0,MutNovel,"P1207R,1.000"
X-1586,ASPHD1,253982.0,MutNovel,"Q170QG,0.353"
X-1586,ASPHD1,253982.0,MutNovel,"-171G,0.353"
X-1586,ATAD1,84896.0,Del0.8,0.3
X-1586,BABAM1,29086.0,MutNovel,"K137N,0.595"
X-1586,BAG4,9530.0,Amp5,6.68
X-1586,BCORP1,286554.0,Del0.8,0.28
X-1586,BMI1,648.0,Del0.8,0.75
X-1586,BMP6,654.0,MutNovel,"R28Q,1.000"
X-1586,BPY2B,442867.0,Del0.8,0.28
X-1586,BPY2B,442867.0,Del0.8,0.28
X-1586,C10orf12,26148.0,MutNovel,"G770V,0.483"
X-1586,C21orf58,54058.0,MutNovel,"H299PN,0.353"
X-1586,C3orf38,285237.0,MutKnownFunctional,"E118*,0.311"
X-1586,C8orf4,56892.0,Amp5,5.62
X-1586,C8orf86,389649.0,Amp5,5.62
X-1586,CALML4,91860.0,MutNovel,"Q93R,0.750"
X-1586,CCDC144A,9720.0,MutNovel,"Q1091R,1.000"
X-1586,CDC14B,8555.0,MutNovel,"Y162C,1.000"
X-1586,CDC42EP1,11135.0,MutNovel,"PAPAANPS253P,0.562"
X-1586,CDY1B,253175.0,Del0.8,0.28
X-1586,CDY1B,253175.0,Del0.8,0.28
X-1586,CDY2A,9426.0,Del0.8,0.28
X-1586,CDY2A,9426.0,Del0.8,0.28
X-1586,CDY2B,203611.0,Del0.8,0.28
X-1586,CDY2B,203611.0,Del0.8,0.28
X-1586,CEACAM1,634.0,MutNovel,"T100I,0.325"
X-1586,CEACAM3,1084.0,MutNovel,"I117T,0.818"
X-1586,CFL1P1,142913.0,Del0.8,0.3
X-1586,CFL2,1073.0,MutNovel,"K92E,0.409"
X-1586,CHMP2B,25978.0,Amp5,5.78
X-1586,CHN1,1123.0,MutNovel,"R295I,0.644"
X-1586,CLPTM1L,81037.0,MutNovel,"L246V,0.364"
X-1586,COL11A2,1302.0,MutNovel,"R48Q,1.000"
X-1586,COMMD3,23412.0,Del0.8,0.75
X-1586,COMMD3-BMI1,100532731.0,Del0.8,0.75
X-1586,CPAMD8,27151.0,MutKnownFunctional,"-1142,0.385"
X-1586,CRNKL1,51340.0,MutNovel,"R52W,1.000"
X-1586,CRYM,1428.0,MutNovel,"A178T,0.400"
X-1586,CSPG4P1Y,114758.0,Del0.8,0.28
X-1586,CSPG4P1Y,114758.0,Del0.8,0.28
X-1586,CTSA,5476.0,MutNovel,"L29-,0.837"
X-1586,CYTH1,9267.0,MutNovel,"T257P,0.355"
X-1586,D2HGDH,728294.0,MutNovel,"A361V,0.312"
X-1586,DAZ1,1617.0,Del0.8,0.28
X-1586,DAZ2,57055.0,Del0.8,0.28
X-1586,DAZ3,57054.0,Del0.8,0.28
X-1586,DAZ3,57054.0,Del0.8,0.28
X-1586,DAZ4,57135.0,Del0.8,0.28
X-1586,DAZ4,57135.0,Del0.8,0.28
X-1586,DDAH1,23576.0,MutNovel,"P72Q,0.625"
X-1586,DDHD2,23259.0,Amp5,6.68
X-1586,DDI2,84301.0,MutNovel,"G347D,0.730"
X-1586,DDX3Y,8653.0,Del0.8,0.28
X-1586,DHRSX,207063.0,MutNovel,"K766R,0.364"
X-1586,DIP2A,23181.0,MutNovel,"G1434V,0.500"
X-1586,EBLN1,340900.0,Del0.8,0.75
X-1586,EIF1AY,9086.0,Del0.8,0.28
X-1586,EIF4EBP1,1978.0,Amp5,6.68
X-1586,ELP2,55250.0,MutNovel,"R184L,0.375"
X-1586,EPPK1,83481.0,MutNovel,"R2239H,0.231"
X-1586,ESR2,2100.0,MutNovel,"A427V,0.467"
X-1586,FAM115C,285966.0,MutNovel,"H787N,0.566"
X-1586,FAM134C,162427.0,MutNovel,"M98V,0.763"
X-1586,FAM171B,165215.0,MutNovel,"-50Q,0.417"
X-1586,FAM197Y2P,252946.0,Del0.8,0.28
X-1586,FAM41AY1,340618.0,Del0.8,0.28
X-1586,FAM41AY1,340618.0,Del0.8,0.28
X-1586,FAM86DP,692099.0,Del0.8,0.59
X-1586,FAM90A1,55138.0,Amp5,5.13
X-1586,FCHO2,115548.0,MutNovel,"M697V,1.000"
X-1586,GANC,2595.0,MutNovel,"T352R,0.545"
X-1586,GCFC2,6936.0,MutNovel,"R382G,0.580"
X-1586,GIGYF2,26058.0,MutNovel,"PQ1231P,0.611"
X-1586,GLCCI1,113263.0,MutNovel,"A100V,1.000"
X-1586,GLRX5,51218.0,MutNovel,"L5P,0.425"
X-1586,GOLGA2P2Y,84559.0,Del0.8,0.28
X-1586,GOLGA2P2Y,84559.0,Del0.8,0.28
X-1586,GOLGA8A,23015.0,MutNovel,"A531V,0.569"
X-1586,GOLGA8A,23015.0,MutNovel,"S57F,0.239"
X-1586,GOT1L1,137362.0,Amp5,6.68
X-1586,GRM3,2913.0,MutNovel,"F295Y,0.600"
X-1586,GSTT1,2952.0,Amp8,10.06
X-1586,GSTTP2,653399.0,Amp5,5.7
X-1586,GYG2P1,352887.0,Del0.8,0.28
X-1586,HAP1,9001.0,MutNovel,"E146K,0.750"
X-1586,HCG4B,80868.0,Del0.8,0.5
X-1586,HDAC10,83933.0,MutNovel,"C145S,1.000"
X-1586,HECTD1,25831.0,MutNovel,"A1560S,0.403"
X-1586,HECTD1,25831.0,MutNovel,"D1045E,0.323"
X-1586,HIST1H3C,8352.0,MutNovel,"K24E,1.000"
X-1586,HLA-F,3134.0,MutNovel,"Q289E,0.298"
X-1586,HLA-H,3136.0,Del0.8,0.5
X-1586,HNRNPCL1,343069.0,MutNovel,"P253L,1.000"
X-1586,HNRPDL,9987.0,MutNovel,"L42S,0.733"
X-1586,HRH1,3269.0,MutNovel,"A211P,1.000"
X-1586,HSF1,3297.0,MutNovel,"P361S,0.313"
X-1586,HSFY2,159119.0,Del0.8,0.28
X-1586,HSFY2,159119.0,Del0.8,0.28
X-1586,HSPA1A,3303.0,MutNovel,"M122K,0.333"
X-1586,HTRA4,203100.0,Amp5,5.62
X-1586,IDO1,3620.0,Amp5,5.62
X-1586,IDO2,169355.0,Amp5,5.62
X-1586,INPPL1,3636.0,MutNovel,"R90L,0.232"
X-1586,ITPKB,3707.0,MutNovel,"E388K,1.000"
X-1586,ITPR1,3708.0,MutNovel,"D2714E,1.000"
X-1586,KANSL1,,MutNovel,"P940L,0.744"
X-1586,KDM5D,8284.0,Del0.8,0.28
X-1586,KIAA0125,9834.0,Amp5,5.1
X-1586,KIAA0232,9778.0,MutNovel,"S356N,0.756"
X-1586,KIAA0895L,653319.0,MutNovel,"R79C,0.543"
X-1586,KIAA1522,57648.0,MutNovel,"P115L,0.584"
X-1586,KIAA1524,57650.0,MutNovel,"I439M,0.311"
X-1586,KIF20B,9585.0,MutNovel,"L1062LKV,1.000"
X-1586,KLLN,100144748.0,Del0.8,0.71
X-1586,KRT36,8689.0,MutNovel,"R371Q,0.800"
X-1586,KRT6C,286887.0,MutNovel,"A87G,0.533"
X-1586,KRT71,112802.0,MutNovel,"S420N,1.000"
X-1586,KRT78,196374.0,MutNovel,"Q372E,0.778"
X-1586,KRT78,196374.0,MutNovel,"Q372E,0.778"
X-1586,LAMA5,3911.0,MutKnownFunctional,"Y656*,0.400"
X-1586,LEPR,3953.0,MutNovel,"T43I,0.478"
X-1586,LETM1,3954.0,MutNovel,"R351Q,0.744"
X-1586,LETM2,137994.0,Amp5,6.68
X-1586,LGALS9B,284194.0,MutNovel,"V184M,0.750"
X-1586,LIPJ,142910.0,Del0.8,0.29
X-1586,LOC100130992,100130992.0,Del0.8,0.75
X-1586,LOC100499489,100499489.0,Del0.8,0.75
X-1586,LOC391322,391322.0,Amp8,10.06
X-1586,LOC401180,,MutNovel,"-133G,1.000"
X-1586,LOC642441,,MutNovel,"L209S,0.500"
X-1586,LOC642441,,MutNovel,"W153R,1.000"
X-1586,LOXL2,4017.0,MutNovel,"R338C,0.680"
X-1586,LPHN1,22859.0,MutNovel,"F368L,0.351"
X-1586,LPXN,9404.0,MutNovel,"Q37E,0.444"
X-1586,LRP1,4035.0,MutNovel,"V1653I,0.382"
X-1586,LSM1,27257.0,Amp5,6.68
X-1586,LSR,51599.0,MutNovel,"G518GR,0.764"
X-1586,MAGEA3,4102.0,MutNovel,"H249Y,0.750"
X-1586,MAP3K4,4216.0,MutNovel,"PA1189P,0.297"
X-1586,MIR4795,100616161.0,Amp5,5.78
X-1586,MKNK1,8569.0,MutNovel,"E334K,0.504"
X-1586,MRE11A,4361.0,MutKnownFunctional,"E345*,0.224"
X-1586,MSI2,124540.0,MutNovel,"V156L,0.319"
X-1586,MXRA5,25878.0,MutNovel,"S1181T,0.318"
X-1586,NBEA,26960.0,MutNovel,"V1795L,0.500"
X-1586,NCOR2,9612.0,MutNovel,"G1839GAAA,0.435"
X-1586,NCRNA00185,55410.0,Del0.8,0.28
X-1586,NDUFS6,4726.0,MutNovel,"R52T,0.674"
X-1586,NEK9,91754.0,MutNovel,"A464P,0.643"
X-1586,NEMF,9147.0,MutNovel,"K860N,0.315"
X-1586,NIPBL,25836.0,MutNovel,"P158R,0.490"
X-1586,NLGN4Y,22829.0,Del0.8,0.28
X-1586,NUDCD1,84955.0,MutNovel,"Y77C,0.307"
X-1586,NUP188,23511.0,MutNovel,"R685C,0.993"
X-1586,OBSL1,23363.0,MutNovel,"E442V,0.979"
X-1586,OR2T10,127069.0,Del0.8,0.5
X-1586,OR2T11,127077.0,Del0.8,0.5
X-1586,OR2T34,127068.0,Del0.8,0.5
X-1586,ORAI1,84876.0,MutNovel,"PP43-,0.750"
X-1586,PADI1,29943.0,MutNovel,"Y602F,0.429"
X-1586,PADI1,29943.0,MutNovel,"Q617R,0.583"
X-1586,PAPSS2,9060.0,Del0.8,0.3
X-1586,PCDH11Y,83259.0,Del0.8,0.28
X-1586,PFKFB3,5209.0,MutNovel,"M375V,0.609"
X-1586,PHLDA1,22822.0,MutNovel,"QQ194Q,0.435"
X-1586,PHLDB2,90102.0,MutNovel,"G361V,1.000"
X-1586,PIGG,54872.0,MutNovel,"G603C,0.657"
X-1586,PJA1,64219.0,MutNovel,"E318K,1.000"
X-1586,PLEC,5339.0,MutNovel,"A1519V,0.432"
X-1586,PLEKHA2,59339.0,Amp5,5.62
X-1586,PNPLA7,375775.0,MutNovel,"R109W,1.000"
X-1586,POU1F1,5449.0,Amp5,5.78
X-1586,PPAPDC1B,84513.0,Amp5,6.68
X-1586,PPM1D,8493.0,MutNovel,"L278F,0.569"
X-1586,PPP4R2,151987.0,MutNovel,"D58N,0.990"
X-1586,PRKY,5616.0,Del0.8,0.28
X-1586,PRR11,55771.0,MutNovel,"VT260-,0.617"
X-1586,PRY,9081.0,Del0.8,0.28
X-1586,PRY,9081.0,Del0.8,0.28
X-1586,PRY2,442862.0,Del0.8,0.28
X-1586,PRY2,442862.0,Del0.8,0.28
X-1586,PTEN,5728.0,Del0.8,0.59
X-1586,PVRL2,5819.0,MutNovel,"P20PL,0.521"
X-1586,PVRL2,5819.0,MutNovel,"V387VR,0.268"
X-1586,RAB11FIP1,80223.0,Amp5,5.7
X-1586,RAET1G,353091.0,MutNovel,"P76T,0.207"
X-1586,RANBP17,64901.0,Del0.8,0.65
X-1586,RASA1,5921.0,MutKnownFunctional,"-39,0.833"
X-1586,RBMY1A3P,286557.0,Del0.8,0.28
X-1586,RBMY1B,378948.0,Del0.8,0.28
X-1586,RBMY1B,378948.0,Del0.8,0.28
X-1586,RBMY1E,378950.0,Del0.8,0.28
X-1586,RBMY1E,378950.0,Del0.8,0.28
X-1586,RBMY1F,159163.0,Del0.8,0.28
X-1586,RBMY1F,159163.0,Del0.8,0.28
X-1586,RBMY1J,378951.0,Del0.8,0.28
X-1586,RBMY1J,378951.0,Del0.8,0.28
X-1586,RBMY2EP,159125.0,Del0.8,0.28
X-1586,RBMY2FP,159162.0,Del0.8,0.28
X-1586,RBMY3AP,64593.0,Del0.8,0.28
X-1586,RERE,473.0,MutNovel,"P775S,0.393"
X-1586,RNF5P1,286140.0,Amp5,5.62
X-1586,RNLS,55328.0,Del0.8,0.29
X-1586,RPS4Y1,6192.0,Del0.8,0.28
X-1586,RPS4Y2,140032.0,Del0.8,0.28
X-1586,RRP8,23378.0,MutNovel,"R252H,0.373"
X-1586,SERGEF,26297.0,MutNovel,"V155I,0.330"
X-1586,SERINC2,347735.0,MutNovel,"-373Q,0.674"
X-1586,SETD1B,23067.0,MutNovel,"A1534T,0.556"
X-1586,SGOL1,151648.0,MutKnownFunctional,"-325?,0.267"
X-1586,SH3BP2,6452.0,MutNovel,"P475A,0.203"
X-1586,SHANK2,22941.0,MutNovel,"P917L,1.000"
X-1586,SIK1,150094.0,MutNovel,"F292L,0.548"
X-1586,SIPA1L3,23094.0,MutNovel,"A999S,0.400"
X-1586,SLC22A5,6584.0,MutNovel,"D54H,0.667"
X-1586,SLC26A7,115111.0,MutNovel,"N482I,0.800"
X-1586,SLC4A1AP,22950.0,MutNovel,"G276V,0.345"
X-1586,SLC4A8,9498.0,MutNovel,"L457M,0.444"
X-1586,SLMO1,10650.0,MutNovel,"D85V,0.529"
X-1586,SMAD6,4091.0,MutNovel,"R162C,0.417"
X-1586,SMG1,23049.0,MutNovel,"H875L,0.444"
X-1586,SPAG6,9576.0,Del0.8,0.75
X-1586,SRY,6736.0,Del0.8,0.28
X-1586,STAR,6770.0,Amp5,6.68
X-1586,SULT1A1,6817.0,MutNovel,"C7Y,1.000"
X-1586,SYNE2,23224.0,MutNovel,"R4827H,0.326"
X-1586,SYNPR,132204.0,Del0.8,0.43
X-1586,SZT2,23334.0,MutNovel,"D206N,1.000"
X-1586,TACC1,6867.0,Amp5,5.62
X-1586,TARP,445347.0,MutNovel,"C96S,1.000"
X-1586,TBC1D8B,54885.0,MutNovel,"G625A,1.000"
X-1586,TBL1Y,90665.0,Del0.8,0.28
X-1586,TEKT4,150483.0,MutNovel,"R424C,1.000"
X-1586,TGIF2LY,90655.0,Del0.8,0.28
X-1586,THBS1,7057.0,MutNovel,"D80H,0.556"
X-1586,TLN2,83660.0,MutNovel,"K430T,1.000"
X-1586,TM2D2,83877.0,Amp5,5.62
X-1586,TMEM184A,202915.0,MutNovel,"G392GA,0.742"
X-1586,TMEM30B,161291.0,MutNovel,"D348V,0.280"
X-1586,TMEM30B,161291.0,MutNovel,"I34M,0.852"
X-1586,TMSB4Y,9087.0,Del0.8,0.28
X-1586,TP53,7157.0,MutLikelyFunctional,"H179R,1.000"
X-1586,TRIOBP,11078.0,MutKnownFunctional,"-766,0.672"
X-1586,TRMT10C,,MutNovel,"R185G,0.611"
X-1586,TRPV1,7442.0,MutNovel,"Y667S,1.000"
X-1586,TSPY1,7258.0,Del0.8,0.28
X-1586,TSPY2,64591.0,Del0.8,0.28
X-1586,TSPY3,728137.0,Del0.8,0.28
X-1586,TSPY4,728395.0,Del0.8,0.28
X-1586,TSPY8,728403.0,Del0.8,0.28
X-1586,TSPYL1,7259.0,MutNovel,"V176VW,0.851"
X-1586,TTN,7273.0,MutNovel,"G16267D,0.316"
X-1586,TTTY10,246119.0,Del0.8,0.28
X-1586,TTTY11,83866.0,Del0.8,0.28
X-1586,TTTY12,83867.0,Del0.8,0.28
X-1586,TTTY13,83868.0,Del0.8,0.28
X-1586,TTTY14,83869.0,Del0.8,0.28
X-1586,TTTY15,64595.0,Del0.8,0.28
X-1586,TTTY16,252948.0,Del0.8,0.28
X-1586,TTTY17A,252949.0,Del0.8,0.28
X-1586,TTTY17A,252949.0,Del0.8,0.28
X-1586,TTTY18,252950.0,Del0.8,0.28
X-1586,TTTY19,252952.0,Del0.8,0.28
X-1586,TTTY1B,100101116.0,Del0.8,0.28
X-1586,TTTY1B,100101116.0,Del0.8,0.28
X-1586,TTTY2,60439.0,Del0.8,0.28
X-1586,TTTY2,60439.0,Del0.8,0.28
X-1586,TTTY20,252951.0,Del0.8,0.28
X-1586,TTTY21,252953.0,Del0.8,0.28
X-1586,TTTY21,252953.0,Del0.8,0.28
X-1586,TTTY22,252954.0,Del0.8,0.28
X-1586,TTTY23,252955.0,Del0.8,0.28
X-1586,TTTY23,252955.0,Del0.8,0.28
X-1586,TTTY3,114760.0,Del0.8,0.28
X-1586,TTTY3,114760.0,Del0.8,0.28
X-1586,TTTY4,114761.0,Del0.8,0.28
X-1586,TTTY4,114761.0,Del0.8,0.28
X-1586,TTTY5,83863.0,Del0.8,0.28
X-1586,TTTY6,84672.0,Del0.8,0.28
X-1586,TTTY6,84672.0,Del0.8,0.28
X-1586,TTTY7,246122.0,Del0.8,0.28
X-1586,TTTY7,246122.0,Del0.8,0.28
X-1586,TTTY7B,100101120.0,Del0.8,0.28
X-1586,TTTY7B,100101120.0,Del0.8,0.28
X-1586,TTTY8,84673.0,Del0.8,0.28
X-1586,TTTY8,84673.0,Del0.8,0.28
X-1586,TTTY9A,83864.0,Del0.8,0.28
X-1586,TTTY9A,83864.0,Del0.8,0.28
X-1586,TUBB8,347688.0,MutNovel,"A185V,1.000"
X-1586,TXLNG2P,246126.0,Del0.8,0.28
X-1586,UBA1,7317.0,MutNovel,"S293N,0.732"
X-1586,UBE2Q1,55585.0,MutNovel,"G32V,1.000"
X-1586,UCHL1,7345.0,MutNovel,"M82T,0.492"
X-1586,UPK3B,80761.0,MutNovel,"R284Q,0.833"
X-1586,UQCRHL,440567.0,MutNovel,"VD27D,0.385"
X-1586,USP32,84669.0,MutNovel,"N1029S,0.329"
X-1586,USP36,57602.0,MutNovel,"KKK958K,0.548"
X-1586,USP9Y,8287.0,Del0.8,0.28
X-1586,UTY,7404.0,Del0.8,0.28
X-1586,VCY,9084.0,Del0.8,0.28
X-1586,VCY,9084.0,Del0.8,0.28
X-1586,VDR,7421.0,MutNovel,"L280P,0.375"
X-1586,VRK1,7443.0,MutNovel,"G199R,0.292"
X-1586,VRK3,51231.0,MutNovel,"E301D,0.448"
X-1586,WDHD1,11169.0,MutNovel,"R1053Q,0.292"
X-1586,WDR91,29062.0,MutNovel,"V55M,0.659"
X-1586,WHSC1L1,54904.0,Amp5,6.68
X-1586,XKRY2,353515.0,Del0.8,0.28
X-1586,XKRY2,353515.0,Del0.8,0.28
X-1586,YLPM1,56252.0,MutNovel,"P84T,0.750"
X-1586,ZDHHC11,79844.0,MutNovel,"A303D,0.837"
X-1586,ZFP112,7771.0,MutNovel,"H219L,0.556"
X-1586,ZFP112,7771.0,MutNovel,"H206N,0.667"
X-1586,ZFY,7544.0,Del0.8,0.28
X-1586,ZNF219,51222.0,MutNovel,"QPP233P,0.338"
X-1586,ZNF28,7576.0,MutNovel,"T630N,0.303"
X-1586,ZNF34,80778.0,MutNovel,"E48Q,0.439"
X-1586,ZNF419,79744.0,MutNovel,"H299L,0.325"
X-1586,ZNF462,58499.0,MutNovel,"K691M,1.000"
X-1586,ZNF468,90333.0,MutNovel,"N170K,0.442"
X-1586,ZNF473,25888.0,MutNovel,"R423W,0.386"
X-1586,ZNF516,9658.0,MutNovel,"G823S,0.844"
X-1586,ZNF655,79027.0,MutKnownFunctional,"-121,0.377"
X-1586,ZNF74,7625.0,MutKnownFunctional,"-503,0.228"
X-1658,AACS,65985.0,MutNovel,"R75G,0.821"
X-1658,AARD,,MutNovel,"Q92H,0.750"
X-1658,AATF,26574.0,MutNovel,"L248V,0.241"
X-1658,ABCA3,21.0,MutKnownFunctional,"E1671*,0.506"
X-1658,ABHD16B,140701.0,Amp5,7.46
X-1658,AGRN,375790.0,MutNovel,"W441R,0.637"
X-1658,AHCTF1,25909.0,MutNovel,"K2241N,0.204"
X-1658,AIM1L,55057.0,MutNovel,"E833GK,0.283"
X-1658,AMELY,266.0,Del0.8,0.4
X-1658,AMIGO1,57463.0,MutNovel,"R26T,0.333"
X-1658,ANKRD18A,253650.0,MutNovel,"N346D,0.429"
X-1658,ARFGAP1,55738.0,Amp5,5.24
X-1658,ARFRP1,10139.0,Amp5,6.28
X-1658,ARHGAP17,55114.0,MutNovel,"P624T,0.584"
X-1658,ARHGEF17,9828.0,MutNovel,"D1305V,0.714"
X-1658,ARID4A,5926.0,MutNovel,"D658H,0.429"
X-1658,ASL,435.0,MutNovel,"T352S,0.385"
X-1658,ATG14,22863.0,MutNovel,"M473T,0.581"
X-1658,ATG2A,23130.0,MutNovel,"P1272L,0.370"
X-1658,ATP10A,57194.0,MutNovel,"P35A,0.545"
X-1658,ATP2C1,27032.0,MutNovel,"I217V,0.513"
X-1658,ATP6V0B,533.0,MutNovel,"H132R,0.568"
X-1658,ATP6V0D1,9114.0,MutNovel,"D217H,0.256"
X-1658,BACE2,25825.0,MutNovel,"G198C,0.336"
X-1658,BCORP1,286554.0,Del0.8,0.4
X-1658,BIRC7,79444.0,Amp5,5.24
X-1658,BPY2B,442867.0,Del0.8,0.4
X-1658,BPY2B,442867.0,Del0.8,0.4
X-1658,BRD2,6046.0,MutNovel,"A49C,0.553"
X-1658,BSDC1,55108.0,MutNovel,"K402N,0.532"
X-1658,C10orf47,254427.0,MutNovel,"P323R,0.265"
X-1658,C16orf5,29965.0,MutNovel,"E131K,0.206"
X-1658,C17orf104,284071.0,MutNovel,"K912Q,0.429"
X-1658,C2,717.0,MutNovel,"W137L,0.305"
X-1658,C20orf195,79025.0,Amp5,5.24
X-1658,C20orf197,284756.0,Amp5,6.11
X-1658,C20orf201,198437.0,Amp5,7.46
X-1658,C7orf61,402573.0,MutKnownFunctional,"-29?,0.300"
X-1658,C8orf47,203111.0,MutNovel,"E128K,0.241"
X-1658,C9orf172,389813.0,MutNovel,"P633H,0.667"
X-1658,CAMLG,819.0,MutNovel,"R136T,0.222"
X-1658,CAMSAP1,157922.0,MutNovel,"M802I,0.533"
X-1658,CAMSAP2,23271.0,MutNovel,"A166G,0.625"
X-1658,CASKIN1,57524.0,MutNovel,"S633L,0.308"
X-1658,CCDC13,152206.0,MutNovel,"Q229H,0.500"
X-1658,CDH26,60437.0,Amp5,6.11
X-1658,CDK13,8621.0,MutNovel,"H1386Y,0.228"
X-1658,CDK7,1022.0,MutNovel,"K342N,0.475"
X-1658,CDKAL1,54901.0,MutNovel,"Q141E,0.419"
X-1658,CDKN2A,1029.0,Del0.8,0.53
X-1658,CDKN2B,1030.0,Del0.8,0.8
X-1658,CDY1B,253175.0,Del0.8,0.4
X-1658,CDY1B,253175.0,Del0.8,0.4
X-1658,CDY2A,9426.0,Del0.8,0.4
X-1658,CDY2A,9426.0,Del0.8,0.4
X-1658,CDY2B,203611.0,Del0.8,0.4
X-1658,CDY2B,203611.0,Del0.8,0.4
X-1658,CENPQ,55166.0,MutNovel,"E195Q,0.327"
X-1658,CEP350,9857.0,MutNovel,"E2095Q,0.318"
X-1658,CEPT1,10390.0,MutNovel,"E343K,0.408"
X-1658,CFHR1,3078.0,Amp5,7.52
X-1658,CFHR3,10878.0,Amp5,7.52
X-1658,CHAF1A,10036.0,MutNovel,"L256P,0.324"
X-1658,CHRNA3,1136.0,MutNovel,"G488V,0.345"
X-1658,CHRNA4,1137.0,Amp5,5.24
X-1658,CIT,11113.0,MutNovel,"D1111Y,0.857"
X-1658,CLDN23,137075.0,MutNovel,"T207A,0.556"
X-1658,CNDP2,55748.0,MutNovel,"K37N,0.512"
X-1658,CNOT1,23019.0,MutNovel,"S1877C,0.274"
X-1658,CNTROB,116840.0,MutNovel,"P63L,0.703"
X-1658,COL20A1,57642.0,Amp5,5.24
X-1658,COL5A2,1290.0,MutNovel,"A1422S,0.385"
X-1658,COMMD6,170622.0,Amp5,5.78
X-1658,CPEB2,132864.0,MutNovel,"D192H,1.000"
X-1658,CPT1B,1375.0,MutNovel,"IK264K,0.207"
X-1658,CRIPAK,285464.0,MutNovel,"V164A,0.229"
X-1658,CSPG4P1Y,114758.0,Del0.8,0.4
X-1658,CSPG4P1Y,114758.0,Del0.8,0.4
X-1658,CSTF2,1478.0,MutNovel,"D400N,0.279"
X-1658,CTAGE11P,647288.0,Amp5,5.78
X-1658,CTIF,9811.0,MutNovel,"S16N,0.550"
X-1658,CTSA,5476.0,MutNovel,"L29-,0.956"
X-1658,CUL2,8453.0,MutNovel,"D56Y,0.754"
X-1658,CUL7,9820.0,MutNovel,"E475-,0.419"
X-1658,CXCL1,2919.0,MutNovel,"R3P,0.828"
X-1658,DAZ1,1617.0,Del0.8,0.4
X-1658,DAZ2,57055.0,Del0.8,0.4
X-1658,DAZ3,57054.0,Del0.8,0.4
X-1658,DAZ3,57054.0,Del0.8,0.4
X-1658,DAZ4,57135.0,Del0.8,0.4
X-1658,DAZ4,57135.0,Del0.8,0.4
X-1658,DCP2,167227.0,MutNovel,"S317T,0.545"
X-1658,DDX3Y,8653.0,Del0.8,0.4
X-1658,DENND4B,9909.0,MutNovel,"QQQ908-,0.228"
X-1658,DNAH11,8701.0,MutNovel,"S2910R,0.263"
X-1658,DNAJC5,80331.0,Amp5,7.46
X-1658,DOCK9,23348.0,MutNovel,"R1575K,0.990"
X-1658,DPP9,91039.0,MutNovel,"E825K,0.699"
X-1658,DRAM2,128338.0,MutKnownFunctional,"Q231*,0.391"
X-1658,DSCAML1,57453.0,MutNovel,"K1533N,1.000"
X-1658,E2F5,1875.0,MutNovel,"G18A,0.364"
X-1658,EEF1A2,1917.0,Amp5,5.24
X-1658,EIF1AY,9086.0,Del0.8,0.4
X-1658,ENDOV,284131.0,MutNovel,"E11K,0.577"
X-1658,EPHA4,2043.0,MutNovel,"P985T,1.000"
X-1658,ERBB3,2065.0,MutNovel,"S846I,0.825"
X-1658,FAM197Y2P,252946.0,Del0.8,0.4
X-1658,FAM25G,,MutKnownFunctional,"E22*,1.000"
X-1658,FAM41AY1,340618.0,Del0.8,0.4
X-1658,FAM41AY1,340618.0,Del0.8,0.4
X-1658,FAM48A,55578.0,MutNovel,"R248L,1.000"
X-1658,FAM73B,84895.0,MutNovel,"S137G,0.456"
X-1658,FCHSD1,89848.0,MutNovel,"P676A,0.356"
X-1658,FHOD1,29109.0,MutNovel,"S661L,0.338"
X-1658,FIZ1,84922.0,MutNovel,"T273M,0.545"
X-1658,FLJ16779,100192386.0,Amp5,5.24
X-1658,FNBP4,23360.0,MutNovel,"I789M,0.479"
X-1658,FOXE1,2304.0,MutNovel,"AA169-,1.000"
X-1658,GAS8,2622.0,MutNovel,"R278H,0.611"
X-1658,GEMIN2,8487.0,MutNovel,"R185T,0.370"
X-1658,GFPT1,2673.0,MutNovel,"L528F,0.312"
X-1658,GLTSCR2,29997.0,MutNovel,"G4E,0.788"
X-1658,GMEB2,26205.0,Amp5,5.24
X-1658,GMPR2,51292.0,MutNovel,"E129D,0.453"
X-1658,GOLGA2P2Y,84559.0,Del0.8,0.4
X-1658,GOLGA2P2Y,84559.0,Del0.8,0.4
X-1658,GOLGA8H,,MutNovel,"L311V,1.000"
X-1658,GPRC5A,9052.0,MutNovel,"QE302Q,0.331"
X-1658,GPRIN2,9721.0,MutNovel,"-238MRE,0.421"
X-1658,GTF2IRD2,84163.0,MutNovel,"K721N,0.381"
X-1658,GYG2P1,352887.0,Del0.8,0.4
X-1658,HINT2,84681.0,MutNovel,"A51V,0.498"
X-1658,HIPK1,204851.0,MutNovel,"K165N,0.500"
X-1658,HLA-DRB1,3123.0,MutNovel,"Q99E,1.000"
X-1658,HLA-DRB5,3127.0,MutNovel,"R100E,1.000"
X-1658,HLA-G,3135.0,MutNovel,"T187P,0.993"
X-1658,HSFY2,159119.0,Del0.8,0.4
X-1658,HSFY2,159119.0,Del0.8,0.4
X-1658,HSPA1A,3303.0,MutNovel,"M122K,0.375"
X-1658,HSPA1L,3305.0,MutNovel,"L394R,0.250"
X-1658,HSPH1,10808.0,MutNovel,"E24D,0.656"
X-1658,IFT140,9742.0,MutNovel,"S574C,0.643"
X-1658,IFT57,55081.0,MutNovel,"A418S,0.635"
X-1658,INF2,64423.0,MutNovel,"A661T,0.313"
X-1658,ITGA11,22801.0,MutNovel,"E508K,0.667"
X-1658,ITGB7,3695.0,MutNovel,"S257L,0.971"
X-1658,JMJD6,23210.0,MutNovel,"W248R,0.499"
X-1658,KAT6B,23522.0,MutNovel,"S522Y,0.429"
X-1658,KBTBD2,25948.0,MutNovel,"I382M,0.286"
X-1658,KBTBD3,143879.0,MutNovel,"S159A,1.000"
X-1658,KCNJ12,3768.0,MutNovel,"I100V,0.698"
X-1658,KCNJ12,3768.0,MutNovel,"P156L,0.655"
X-1658,KCNJ12,3768.0,MutNovel,"E430G,0.669"
X-1658,KCNQ2,3785.0,Amp5,5.24
X-1658,KDM5D,8284.0,Del0.8,0.4
X-1658,KIAA0125,9834.0,Amp8,9.99
X-1658,KIAA0947,23379.0,MutNovel,"C531CS,0.414"
X-1658,KIAA1107,23285.0,MutNovel,"E1009Q,0.364"
X-1658,KIAA1731,85459.0,MutNovel,"R1533G,0.542"
X-1658,KIF2A,3796.0,Del0.8,0.78
X-1658,KIR3DL2,3812.0,MutNovel,"E158D,1.000"
X-1658,KLF13,51621.0,MutNovel,"A39V,0.259"
X-1658,KLF5,688.0,Amp5,6.59
X-1658,KPNA2,3838.0,MutNovel,"E411Q,0.249"
X-1658,KRT1,3848.0,MutNovel,"Q453K,1.000"
X-1658,KRT13,3860.0,MutNovel,"D131E,0.350"
X-1658,KRT2,3849.0,MutNovel,"E454Q,1.000"
X-1658,KRT3,3850.0,MutNovel,"N461K,1.000"
X-1658,KRT4,3851.0,MutNovel,"L253M,0.600"
X-1658,KRT6C,286887.0,MutNovel,"A87G,0.684"
X-1658,KRT9,3857.0,MutNovel,"R261H,0.208"
X-1658,LCE3B,353143.0,Del0.8,0.64
X-1658,LCE3C,353144.0,Del0.8,0.64
X-1658,LIME1,54923.0,Amp5,7.46
X-1658,LINC00176,284739.0,Amp5,7.46
X-1658,LINC00266-1,140849.0,Amp5,7.46
X-1658,LITAF,9516.0,MutNovel,"S144F,0.800"
X-1658,LMO7,4008.0,Amp5,5.78
X-1658,LOC100505815,100505815.0,Amp5,7.46
X-1658,LOC100507338,,MutNovel,"G146R,1.000"
X-1658,LOC100996274,,MutNovel,"L291P,1.000"
X-1658,LOC100996433,,MutNovel,"R80S,0.375"
X-1658,LOC653125,,MutNovel,"P78L,0.300"
X-1658,LPCAT4,254531.0,MutNovel,"Q68K,0.255"
X-1658,LSR,51599.0,MutNovel,"P423R,0.544"
X-1658,LSR,51599.0,MutNovel,"G518GR,0.778"
X-1658,MADD,8567.0,MutNovel,"F185L,0.658"
X-1658,MAGEC2,51438.0,MutNovel,"P295S,1.000"
X-1658,MAGI1,9223.0,MutNovel,"E835K,0.375"
X-1658,MAP3K4,4216.0,MutNovel,"PA1189P,0.722"
X-1658,MAP3K6,9064.0,MutKnownFunctional,"Q688*,0.338"
X-1658,MCAM,4162.0,MutNovel,"S547F,0.833"
X-1658,MEAF6,64769.0,MutNovel,"S146F,0.547"
X-1658,MED23,9439.0,MutNovel,"S1133N,0.474"
X-1658,MICAL3,57553.0,MutNovel,"E939Q,0.455"
X-1658,MIR1914,100302137.0,Amp5,7.46
X-1658,MIR3196,100423014.0,Amp5,5.24
X-1658,MIR4326,100422945.0,Amp5,5.24
X-1658,MIR647,693232.0,Amp5,7.46
X-1658,MIR941-1,100126329.0,Amp5,7.46
X-1658,MIR941-3,100126352.0,Amp5,7.46
X-1658,MLH1,4292.0,MutNovel,"I19M,0.514"
X-1658,MLL3,58508.0,MutKnownFunctional,"S3638*,1.000"
X-1658,MPP3,4356.0,MutKnownFunctional,"S494*,0.314"
X-1658,MPP3,4356.0,MutNovel,"R240W,0.286"
X-1658,MSLN,10232.0,MutNovel,"E456K,0.276"
X-1658,MTMR3,8897.0,MutNovel,"G862S,0.508"
X-1658,MTMR7,9108.0,MutNovel,"L605P,0.824"
X-1658,MUC16,94025.0,MutNovel,"G14388V,1.000"
X-1658,MUC16,94025.0,MutNovel,"S13501C,0.522"
X-1658,MUC4,4585.0,MutNovel,"G4174A,0.600"
X-1658,MUC4,4585.0,MutNovel,"IP2837MT,1.000"
X-1658,MUC5B,727897.0,MutNovel,"E1165Q,0.618"
X-1658,MXRA8,54587.0,MutNovel,"A41T,0.300"
X-1658,MYT1,4661.0,Amp5,7.46
X-1658,NAB1,4664.0,MutKnownFunctional,"S470*,0.227"
X-1658,NBN,4683.0,MutNovel,"S117F,0.204"
X-1658,NBPF10,100132406.0,MutNovel,"I1165F,0.202"
X-1658,NBPF10,100132406.0,MutNovel,"G1531E,1.000"
X-1658,NBPF12,,MutNovel,"R603Q,0.391"
X-1658,NBPF12,,MutNovel,"L3013V,0.351"
X-1658,NCOR2,9612.0,MutNovel,"G1839GAAA,0.670"
X-1658,NCRNA00185,55410.0,Del0.8,0.4
X-1658,NES,10763.0,MutNovel,"E1614Q,0.377"
X-1658,NEURL4,84461.0,MutNovel,"E1199Q,0.284"
X-1658,NFE2L2,4780.0,MutNovel,"S353T,0.267"
X-1658,NFKB2,4791.0,MutNovel,"P575S,0.397"
X-1658,NGLY1,55768.0,MutNovel,"L190V,0.331"
X-1658,NHLRC2,374354.0,MutNovel,"E397D,0.485"
X-1658,NKAIN4,128414.0,Amp5,5.24
X-1658,NLGN4Y,22829.0,Del0.8,0.4
X-1658,NLRC4,58484.0,MutNovel,"G1004R,0.293"
X-1658,NPAT,4863.0,MutNovel,"P1072S,1.000"
X-1658,NPBWR2,2832.0,Amp5,7.46
X-1658,NPIPL3,23117.0,MutNovel,"D1033G,0.500"
X-1658,NRG2,9542.0,MutNovel,"R768K,0.524"
X-1658,NRG2,9542.0,MutNovel,"GPG667G,0.368"
X-1658,OBSL1,23363.0,MutNovel,"E1132K,1.000"
X-1658,OPRL1,4987.0,Amp5,7.46
X-1658,ORAI1,84876.0,MutNovel,"PP43-,0.826"
X-1658,ORMDL3,94103.0,MutNovel,"V36L,0.496"
X-1658,OSGEPL1,64172.0,MutNovel,"E21Q,0.538"
X-1658,OTUD7B,56957.0,MutNovel,"KK552K,0.299"
X-1658,PABPC3,5042.0,MutNovel,"KG231-,0.714"
X-1658,PARP14,54625.0,MutNovel,"I1236M,0.224"
X-1658,PCDH11Y,83259.0,Del0.8,0.4
X-1658,PCDHB12,56124.0,MutNovel,"S375C,1.000"
X-1658,PCDHGA2,56113.0,MutNovel,"E583K,0.600"
X-1658,PCMTD2,55251.0,Amp5,7.46
X-1658,PDCD11,22984.0,MutNovel,"K1086N,0.558"
X-1658,PEPD,5184.0,MutNovel,"E79K,0.344"
X-1658,PHLDA1,22822.0,MutNovel,"QQ194Q,0.519"
X-1658,PIGM,93183.0,MutNovel,"D57N,0.247"
X-1658,PIK3C2A,5286.0,MutNovel,"C385G,0.333"
X-1658,PKD1,5310.0,MutNovel,"S2475F,0.750"
X-1658,PLEC,5339.0,MutNovel,"E2997D,0.638"
X-1658,PLEKHA6,22874.0,MutNovel,"R221S,0.515"
X-1658,PLEKHM1,9842.0,MutNovel,"Q1052H,0.455"
X-1658,PLSCR1,5359.0,MutNovel,"VYNQPV73V,0.321"
X-1658,PLXNA2,5362.0,MutNovel,"E1480K,0.381"
X-1658,POC1A,25886.0,MutNovel,"Q226H,0.600"
X-1658,POTEE,445582.0,MutNovel,"R816N,0.300"
X-1658,PPDPF,79144.0,Amp5,5.24
X-1658,PPIG,9360.0,MutNovel,"R308T,0.336"
X-1658,PPP1R15A,23645.0,MutNovel,"TE440T,0.639"
X-1658,PPP1R3D,5509.0,Amp5,6.11
X-1658,PPP1R9A,55607.0,MutNovel,"K1082N,0.273"
X-1658,PPP1R9B,84687.0,MutNovel,"R308G,0.211"
X-1658,PRIC285,85441.0,Amp5,5.24
X-1658,PRKY,5616.0,Del0.8,0.4
X-1658,PRMT3,10196.0,MutNovel,"H317L,0.676"
X-1658,PRPF6,24148.0,Amp5,7.46
X-1658,PRY,9081.0,Del0.8,0.4
X-1658,PRY,9081.0,Del0.8,0.4
X-1658,PRY2,442862.0,Del0.8,0.4
X-1658,PRY2,442862.0,Del0.8,0.4
X-1658,PTK6,5753.0,Amp5,5.24
X-1658,PTPN14,5784.0,MutNovel,"H360P,0.654"
X-1658,PYCR1,5831.0,MutNovel,"S34F,0.327"
X-1658,RARS,5917.0,MutNovel,"E553Q,0.228"
X-1658,RB1,5925.0,MutKnownFunctional,"Q504*,1.000"
X-1658,RBBP6,5930.0,MutNovel,"M808I,0.315"
X-1658,RBM10,8241.0,MutKnownFunctional,"E806*,1.000"
X-1658,RBM12B,389677.0,MutNovel,"W627R,0.453"
X-1658,RBM23,55147.0,MutNovel,"A390VP,0.280"
X-1658,RBM45,129831.0,MutNovel,"E133K,0.731"
X-1658,RBMY1A3P,286557.0,Del0.8,0.4
X-1658,RBMY1B,378948.0,Del0.8,0.4
X-1658,RBMY1B,378948.0,Del0.8,0.4
X-1658,RBMY1E,378950.0,Del0.8,0.4
X-1658,RBMY1E,378950.0,Del0.8,0.4
X-1658,RBMY1F,159163.0,Del0.8,0.4
X-1658,RBMY1F,159163.0,Del0.8,0.4
X-1658,RBMY1J,378951.0,Del0.8,0.4
X-1658,RBMY1J,378951.0,Del0.8,0.4
X-1658,RBMY2EP,159125.0,Del0.8,0.4
X-1658,RBMY2FP,159162.0,Del0.8,0.4
X-1658,RBMY3AP,64593.0,Del0.8,0.4
X-1658,RFX7,64864.0,MutNovel,"L1089V,0.256"
X-1658,RGS19,10287.0,Amp5,7.46
X-1658,RHBDD2,57414.0,MutNovel,"S344C,0.313"
X-1658,RHD,6007.0,Del0.8,0.64
X-1658,RIN3,79890.0,MutNovel,"G967-,0.618"
X-1658,RNASEK,,MutNovel,"R9C,0.625"
X-1658,RNF149,284996.0,MutNovel,"R104Q,0.450"
X-1658,RNF213,57674.0,MutNovel,"F1307L,0.615"
X-1658,RNF8,9025.0,MutNovel,"N428K,0.203"
X-1658,ROCK1,6093.0,MutNovel,"G1351E,0.336"
X-1658,RP1L1,94137.0,MutNovel,"E1975K,0.571"
X-1658,RPS4X,6191.0,MutNovel,"I192S,0.965"
X-1658,RPS4Y1,6192.0,Del0.8,0.4
X-1658,RPS4Y2,140032.0,Del0.8,0.4
X-1658,RTEL1,51750.0,Amp5,5.24
X-1658,RTEL1-TNFRSF6B,100533107.0,Amp5,5.24
X-1658,SAMD10,140700.0,Amp5,7.46
X-1658,SEC11C,90701.0,MutNovel,"R135T,0.560"
X-1658,SEC24B,10427.0,MutNovel,"P439A,0.385"
X-1658,SERINC2,347735.0,MutNovel,"-373Q,0.739"
X-1658,SHANK3,85358.0,MutNovel,"P1637L,0.607"
X-1658,SLC10A5,347051.0,MutNovel,"E41K,0.381"
X-1658,SLC12A7,10723.0,MutNovel,"G242V,0.327"
X-1658,SLC22A18AS,5003.0,MutNovel,"C171Y,0.287"
X-1658,SLC24A3,57419.0,MutNovel,"G571V,0.611"
X-1658,SLC2A4RG,56731.0,Amp5,7.46
X-1658,SLC5A1,6523.0,MutNovel,"A172T,0.581"
X-1658,SMPD4,55627.0,MutNovel,"D220N,0.273"
X-1658,SOX18,54345.0,Amp5,7.46
X-1658,SPEN,23013.0,MutNovel,"Y129C,0.917"
X-1658,SPRYD3,84926.0,MutNovel,"S215I,0.229"
X-1658,SRGAP2,23380.0,MutKnownFunctional,"E814*,0.273"
X-1658,SRMS,6725.0,Amp5,5.24
X-1658,SRY,6736.0,Del0.8,0.4
X-1658,ST13,6767.0,MutNovel,"E123Q,0.278"
X-1658,STAU1,6780.0,MutNovel,"I521M,0.542"
X-1658,STK11,6794.0,MutNovel,"S216Y,1.000"
X-1658,STK4,6789.0,MutNovel,"I370N,0.211"
X-1658,STMN3,50861.0,Amp5,5.24
X-1658,STRADA,92335.0,MutNovel,"E247D,0.378"
X-1658,SUPT3H,8464.0,MutNovel,"T58R,0.500"
X-1658,SUSD1,64420.0,MutNovel,"P558R,0.500"
X-1658,SWT1,54823.0,MutNovel,"C501R,1.000"
X-1658,SYCP2,10388.0,Amp5,6.11
X-1658,SYNE2,23224.0,MutNovel,"P6715L,0.468"
X-1658,SYNM,23336.0,MutNovel,"P266S,0.760"
X-1658,TBC1D16,125058.0,MutNovel,"V564I,0.417"
X-1658,TBC1D4,9882.0,Amp5,5.78
X-1658,TBL1Y,90665.0,Del0.8,0.4
X-1658,TCEA2,6919.0,Amp5,7.46
X-1658,TCTEX1D2,255758.0,MutNovel,"I5M,0.371"
X-1658,TDRD5,163589.0,MutNovel,"Q570H,0.875"
X-1658,TGIF2LY,90655.0,Del0.8,0.4
X-1658,THNSL2,55258.0,MutNovel,"Y3F,0.898"
X-1658,TLCD1,116238.0,MutNovel,"P7T,0.230"
X-1658,TLE1,7088.0,MutNovel,"A130P,0.537"
X-1658,TLR5,7100.0,MutNovel,"S570A,0.262"
X-1658,TMEM131,23505.0,MutNovel,"S1178L,0.500"
X-1658,TMEM8A,58986.0,MutNovel,"P245L,0.529"
X-1658,TMIE,259236.0,MutNovel,"K131E,0.243"
X-1658,TMIE,259236.0,MutNovel,"KD131N,0.239"
X-1658,TMSB4Y,9087.0,Del0.8,0.4
X-1658,TNFAIP6,7130.0,MutNovel,"S260C,0.800"
X-1658,TNFRSF6B,8771.0,Amp5,5.24
X-1658,TNXB,7148.0,MutNovel,"R4026W,0.277"
X-1658,TPD52L2,7165.0,Amp5,7.46
X-1658,TRIOBP,11078.0,MutNovel,"S1841F,0.236"
X-1658,TRIP11,9321.0,MutNovel,"V1638L,0.213"
X-1658,TSPAN12,23554.0,MutNovel,"Y115C,1.000"
X-1658,TSPY1,7258.0,Del0.8,0.4
X-1658,TSPY2,64591.0,Del0.8,0.4
X-1658,TSPY3,728137.0,Del0.8,0.4
X-1658,TSPY4,728395.0,Del0.8,0.4
X-1658,TSPY8,728403.0,Del0.8,0.4
X-1658,TSPYL1,7259.0,MutNovel,"V176VW,0.447"
X-1658,TTC39C,125488.0,MutNovel,"L551V,0.214"
X-1658,TTF1,7270.0,MutNovel,"E463K,0.302"
X-1658,TTTY10,246119.0,Del0.8,0.4
X-1658,TTTY11,83866.0,Del0.8,0.4
X-1658,TTTY12,83867.0,Del0.8,0.4
X-1658,TTTY13,83868.0,Del0.8,0.4
X-1658,TTTY14,83869.0,Del0.8,0.4
X-1658,TTTY15,64595.0,Del0.8,0.4
X-1658,TTTY16,252948.0,Del0.8,0.4
X-1658,TTTY17A,252949.0,Del0.8,0.4
X-1658,TTTY17A,252949.0,Del0.8,0.4
X-1658,TTTY18,252950.0,Del0.8,0.4
X-1658,TTTY19,252952.0,Del0.8,0.4
X-1658,TTTY1B,100101116.0,Del0.8,0.4
X-1658,TTTY1B,100101116.0,Del0.8,0.4
X-1658,TTTY2,60439.0,Del0.8,0.4
X-1658,TTTY2,60439.0,Del0.8,0.4
X-1658,TTTY20,252951.0,Del0.8,0.4
X-1658,TTTY21,252953.0,Del0.8,0.4
X-1658,TTTY21,252953.0,Del0.8,0.4
X-1658,TTTY22,252954.0,Del0.8,0.4
X-1658,TTTY23,252955.0,Del0.8,0.4
X-1658,TTTY23,252955.0,Del0.8,0.4
X-1658,TTTY3,114760.0,Del0.8,0.4
X-1658,TTTY3,114760.0,Del0.8,0.4
X-1658,TTTY4,114761.0,Del0.8,0.4
X-1658,TTTY4,114761.0,Del0.8,0.4
X-1658,TTTY5,83863.0,Del0.8,0.4
X-1658,TTTY6,84672.0,Del0.8,0.4
X-1658,TTTY6,84672.0,Del0.8,0.4
X-1658,TTTY7,246122.0,Del0.8,0.4
X-1658,TTTY7,246122.0,Del0.8,0.4
X-1658,TTTY7B,100101120.0,Del0.8,0.4
X-1658,TTTY7B,100101120.0,Del0.8,0.4
X-1658,TTTY8,84673.0,Del0.8,0.4
X-1658,TTTY8,84673.0,Del0.8,0.4
X-1658,TTTY9A,83864.0,Del0.8,0.4
X-1658,TTTY9A,83864.0,Del0.8,0.4
X-1658,TUBA1A,7846.0,MutNovel,"N300K,0.246"
X-1658,TXLNG2P,246126.0,Del0.8,0.4
X-1658,UCHL3,7347.0,Amp5,5.78
X-1658,UCKL1,54963.0,Amp5,7.46
X-1658,UCKL1-AS1,100113386.0,Amp5,7.46
X-1658,UQCRHL,440567.0,MutNovel,"E20GRK,0.294"
X-1658,USP20,10868.0,MutNovel,"D660H,0.360"
X-1658,USP34,9736.0,MutNovel,"N2181S,0.378"
X-1658,USP36,57602.0,MutNovel,"KKK958K,0.820"
X-1658,USP9X,8239.0,MutNovel,"G2056A,0.200"
X-1658,USP9Y,8287.0,Del0.8,0.4
X-1658,UTY,7404.0,Del0.8,0.4
X-1658,VAV2,7410.0,MutNovel,"Y444C,0.659"
X-1658,VCX3A,51481.0,MutNovel,"V130L,0.667"
X-1658,VCY,9084.0,Del0.8,0.4
X-1658,VCY,9084.0,Del0.8,0.4
X-1658,VPS13D,55187.0,MutNovel,"T1471I,0.700"
X-1658,WDR66,144406.0,MutNovel,"F288L,0.312"
X-1658,WFS1,7466.0,MutNovel,"N500S,0.237"
X-1658,WHSC1,7468.0,MutNovel,"P431S,0.232"
X-1658,WWP2,11060.0,MutNovel,"D147H,0.234"
X-1658,XKRY2,353515.0,Del0.8,0.4
X-1658,XKRY2,353515.0,Del0.8,0.4
X-1658,YTHDF1,54915.0,Amp5,5.24
X-1658,YTHDF2,51441.0,MutNovel,"M473I,0.438"
X-1658,ZBTB40,9923.0,MutNovel,"T418S,0.333"
X-1658,ZBTB46,140685.0,Amp5,7.46
X-1658,ZFHX4,79776.0,MutNovel,"V2649M,1.000"
X-1658,ZFP64,55734.0,MutNovel,"V460I,0.467"
X-1658,ZFY,7544.0,Del0.8,0.4
X-1658,ZGPAT,84619.0,Amp5,7.46
X-1658,ZMYM1,79830.0,MutKnownFunctional,"Q65*,0.500"
X-1658,ZNF181,339318.0,MutNovel,"E17Q,0.412"
X-1658,ZNF219,51222.0,MutNovel,"QPP233P,0.362"
X-1658,ZNF250,58500.0,MutNovel,"E470K,0.280"
X-1658,ZNF30,90075.0,MutNovel,"C602W,0.506"
X-1658,ZNF324,25799.0,MutNovel,"R190G,0.667"
X-1658,ZNF354B,117608.0,MutNovel,"Q399E,0.227"
X-1658,ZNF384,171017.0,MutNovel,"QQ514Q,0.543"
X-1658,ZNF418,147686.0,MutNovel,"E345G,1.000"
X-1658,ZNF418,147686.0,MutNovel,"E343Q,1.000"
X-1658,ZNF418,147686.0,MutNovel,"T337S,1.000"
X-1658,ZNF512B,57473.0,Amp5,7.46
X-1658,ZNF551,90233.0,MutNovel,"M401I,0.333"
X-1658,ZNF57,126295.0,MutNovel,"E7Q,1.000"
X-1658,ZNF609,23060.0,MutNovel,"E233Q,0.474"
X-1658,ZNF642,339559.0,MutNovel,"P68L,0.676"
X-1658,ZNF674,641339.0,MutNovel,"E494Q,0.800"
X-1658,ZNF772,400720.0,MutNovel,"A4GP,1.000"
X-1658,ZNF774,342132.0,MutNovel,"D428H,0.419"
X-1658,ZNF827,152485.0,MutNovel,"S967F,0.600"
X-1658,ZNF83,55769.0,MutNovel,"E34Q,0.291"
X-1658,ZNF888,,MutNovel,"G238A,0.324"
X-1658,ZRANB1,54764.0,MutKnownFunctional,"-709?,0.850"
X-1683,ABCD1,215.0,MutNovel,"D575H,0.649"
X-1683,ACRC,93953.0,MutNovel,"S228K,1.000"
X-1683,ADSS,159.0,MutNovel,"F79S,0.245"
X-1683,AKAP12,9590.0,MutNovel,"S1546T,0.668"
X-1683,ANAPC2,29882.0,MutNovel,"E719K,0.423"
X-1683,ANKRD40,91369.0,MutNovel,"N122D,0.459"
X-1683,ANO3,63982.0,MutNovel,"S100C,0.714"
X-1683,ARFGAP3,26286.0,MutNovel,"E198K,0.624"
X-1683,ASPM,259266.0,MutNovel,"H3408D,0.509"
X-1683,ATPAF1,64756.0,MutNovel,"L287P,0.505"
X-1683,BAG5,9529.0,MutNovel,"R238Q,0.370"
X-1683,BBS10,79738.0,MutNovel,"H302Y,0.450"
X-1683,BIRC2,329.0,MutNovel,"D372Y,0.982"
X-1683,BMPR1B,658.0,MutNovel,"D327E,0.643"
X-1683,BRI3BP,140707.0,MutNovel,"S117L,0.434"
X-1683,C9orf43,257169.0,MutNovel,"V389A,1.000"
X-1683,CAPRIN2,65981.0,MutNovel,"S784Y,0.286"
X-1683,CDC42EP4,23580.0,MutNovel,"E129Q,0.607"
X-1683,CDH11,1009.0,MutNovel,"T304A,0.333"
X-1683,CDH7,1005.0,MutNovel,"Q326H,1.000"
X-1683,CEP89,84902.0,MutNovel,"V159M,0.244"
X-1683,CLASP2,23122.0,MutNovel,"Y1303C,1.000"
X-1683,COL22A1,169044.0,MutNovel,"L378M,0.462"
X-1683,CPAMD8,27151.0,MutNovel,"G1127S,1.000"
X-1683,CRYBG3,,MutKnownFunctional,"-1767?,0.353"
X-1683,CSAD,51380.0,MutNovel,"A226S,1.000"
X-1683,CSE1L,1434.0,MutNovel,"R384S,0.325"
X-1683,CTC1,80169.0,MutNovel,"L642V,0.800"
X-1683,CXXC1P1,392459.0,Del0.8,0.73
X-1683,DNAH5,1767.0,MutNovel,"E466D,1.000"
X-1683,EGFR,1956.0,MutNovel,"S895I,0.593"
X-1683,EP300,2033.0,MutNovel,"N1511S,0.385"
X-1683,EPS15L1,58513.0,MutNovel,"F841S,0.571"
X-1683,ESYT2,57488.0,MutNovel,"M272R,0.230"
X-1683,FAM129B,64855.0,MutNovel,"M546V,0.311"
X-1683,FAM54B,56181.0,MutNovel,"R108H,0.429"
X-1683,FGA,2243.0,MutNovel,"L221I,1.000"
X-1683,FLNB,2317.0,MutNovel,"P889S,0.389"
X-1683,FREM1,158326.0,MutNovel,"R1907M,1.000"
X-1683,FRG1,2483.0,MutNovel,"D74N,0.416"
X-1683,GATSL3,652968.0,MutNovel,"T193M,0.562"
X-1683,GRB14,2888.0,MutKnownFunctional,"-297?,0.250"
X-1683,GTF2E1,2960.0,MutNovel,"A373D,0.857"
X-1683,HLA-DRB1,3123.0,Amp5,6.15
X-1683,HLA-DRB5,3127.0,Amp5,6.15
X-1683,HLA-DRB6,3128.0,Amp5,6.15
X-1683,HMG20A,10363.0,MutNovel,"E53K,1.000"
X-1683,HNRNPM,4670.0,MutNovel,"H135Q,0.988"
X-1683,HSD17B7,51478.0,MutNovel,"N332D,0.722"
X-1683,HSPA8,3312.0,MutNovel,"D234N,0.993"
X-1683,IFI44L,10964.0,MutNovel,"T52I,0.556"
X-1683,IMPA1,3612.0,MutNovel,"N91K,0.319"
X-1683,IPO8,10526.0,MutNovel,"T392A,0.698"
X-1683,IRAK4,51135.0,MutNovel,"E224D,0.227"
X-1683,ITGB4,3691.0,MutNovel,"R1728H,0.543"
X-1683,ITM2C,81618.0,MutNovel,"R229Q,0.394"
X-1683,KDM5C,8242.0,MutNovel,"R1481S,0.971"
X-1683,KIAA0564,23078.0,MutNovel,"M382V,1.000"
X-1683,KIAA1432,57589.0,MutNovel,"G542V,0.429"
X-1683,KIF5B,3799.0,MutNovel,"R50P,0.345"
X-1683,KPNA5,3841.0,MutNovel,"K481E,0.500"
X-1683,KRT78,196374.0,MutNovel,"N136I,1.000"
X-1683,LCE3C,353144.0,Del0.8,0.73
X-1683,LHFPL2,10184.0,MutNovel,"G182D,1.000"
X-1683,LOC728888,,MutNovel,"Q11R,1.000"
X-1683,LSR,51599.0,MutNovel,"G518GR,0.718"
X-1683,MAN2B1,4125.0,MutNovel,"A302S,1.000"
X-1683,MAST3,23031.0,MutNovel,"S747C,1.000"
X-1683,MEGF8,1954.0,MutNovel,"V1569L,1.000"
X-1683,MFHAS1,9258.0,MutNovel,"H609R,1.000"
X-1683,MIA3,375056.0,MutNovel,"R1499C,0.504"
X-1683,MICAL3,57553.0,MutNovel,"N477K,0.857"
X-1683,MIR4636,100616326.0,Amp5,5.7
X-1683,MLL2,8085.0,MutNovel,"P3668A,1.000"
X-1683,MLL3,58508.0,MutNovel,"L1548F,1.000"
X-1683,MUC12,10071.0,MutNovel,"L324F,0.500"
X-1683,MUC12,10071.0,MutNovel,"S330L,0.429"
X-1683,MUC12,10071.0,MutNovel,"E1768G,1.000"
X-1683,MUC12,10071.0,MutNovel,"T1770M,1.000"
X-1683,MUC12,10071.0,MutNovel,"LG4568FS,1.000"
X-1683,MUC3A,,MutNovel,"R485P,0.667"
X-1683,MUC3A,,MutNovel,"E601Q,0.833"
X-1683,MUC5AC,,MutNovel,"H1046L,0.847"
X-1683,MUC5B,727897.0,MutNovel,"P2333S,1.000"
X-1683,NBPF1,55672.0,MutNovel,"C910F,0.500"
X-1683,NT5DC3,51559.0,MutNovel,"K366T,0.545"
X-1683,NXPE2,,MutNovel,"Y36C,1.000"
X-1683,PARP1,142.0,MutNovel,"A475T,0.372"
X-1683,PCDHGA10,56106.0,MutNovel,"A586T,1.000"
X-1683,PDCD11,22984.0,MutNovel,"E1753Q,1.000"
X-1683,PIGO,84720.0,MutNovel,"I473M,0.357"
X-1683,PKD1L3,342372.0,MutNovel,"P896H,1.000"
X-1683,PLIN4,729359.0,MutNovel,"G1203S,1.000"
X-1683,PPIE,10450.0,MutNovel,"S306T,0.359"
X-1683,PPP2CA,5515.0,MutNovel,"P190S,0.549"
X-1683,PRKCI,5584.0,MutNovel,"R450G,0.226"
X-1683,PSMD12,5718.0,MutNovel,"G5V,0.560"
X-1683,PTPRH,5794.0,MutNovel,"V718A,1.000"
X-1683,RABL6,,MutNovel,"T482I,0.750"
X-1683,RAD23A,5886.0,MutNovel,"E162K,0.306"
X-1683,RBBP8,5932.0,MutNovel,"Q214H,0.304"
X-1683,RHD,6007.0,MutNovel,"G321E,1.000"
X-1683,RILPL2,196383.0,MutNovel,"P169L,0.875"
X-1683,ROS1,6098.0,MutNovel,"W1771L,0.750"
X-1683,ROS1,6098.0,MutNovel,"K1552N,0.698"
X-1683,RTN4R,65078.0,MutNovel,"E195K,0.571"
X-1683,SCIN,85477.0,MutNovel,"L450P,0.500"
X-1683,SERINC2,347735.0,MutNovel,"-373Q,0.563"
X-1683,SH3BP5,9467.0,MutNovel,"P331L,1.000"
X-1683,SLC25A51,,MutNovel,"P23T,0.400"
X-1683,SLFN11,91607.0,MutNovel,"T490I,1.000"
X-1683,SMARCA2,6595.0,MutNovel,"S1408C,0.500"
X-1683,SMUG1,23583.0,MutNovel,"R208Q,1.000"
X-1683,SPEG,10290.0,MutNovel,"G3176C,0.667"
X-1683,SRFBP1,153443.0,MutKnownFunctional,"-234?,0.333"
X-1683,STC2,8614.0,MutNovel,"A92S,0.333"
X-1683,STK11,6794.0,MutKnownFunctional,"Q220*,1.000"
X-1683,TAMM41,132001.0,MutNovel,"S74T,1.000"
X-1683,TCEANC,170082.0,MutNovel,"K206N,1.000"
X-1683,TEAD4,7004.0,MutNovel,"D301A,0.389"
X-1683,TINAG,27283.0,MutNovel,"N346K,0.500"
X-1683,TLE4,7091.0,MutNovel,"W728C,1.000"
X-1683,TMEM192,201931.0,MutNovel,"K211E,1.000"
X-1683,TMEM200A,114801.0,MutNovel,"R151L,0.778"
X-1683,TMEM38B,55151.0,MutNovel,"W5L,1.000"
X-1683,TP53,7157.0,MutLikelyFunctional,"P152L,1.000"
X-1683,TPTE,7179.0,MutNovel,"C338F,0.392"
X-1683,TPTE,7179.0,MutNovel,"T163N,0.792"
X-1683,TRIB2,28951.0,MutNovel,"R148T,0.316"
X-1683,TRIP11,9321.0,MutNovel,"K1521R,0.667"
X-1683,UBXN8,7993.0,MutKnownFunctional,"-207?,0.889"
X-1683,UBXN8,7993.0,MutKnownFunctional,"-208?,0.889"
X-1683,UFL1,23376.0,MutNovel,"R535H,0.468"
X-1683,VCX3A,51481.0,MutNovel,"V120M,0.300"
X-1683,VCX3A,51481.0,MutNovel,"L110M,1.000"
X-1683,VRK3,51231.0,MutNovel,"S336R,0.800"
X-1683,ZBTB1,22890.0,MutKnownFunctional,"-238,0.218"
X-1683,ZCWPW1,55063.0,MutNovel,"G516S,0.636"
X-1683,ZDHHC11,79844.0,MutNovel,"A303D,0.619"
X-1683,ZNF132,7691.0,MutNovel,"K690N,0.400"
X-1683,ZNF202,7753.0,MutNovel,"R459L,0.333"
X-1683,ZNF224,7767.0,MutNovel,"E475Q,0.278"
X-1683,ZNF268,10795.0,MutNovel,"F276I,0.429"
X-1683,ZNF518A,9849.0,MutNovel,"F1312S,1.000"
X-1683,ZNF675,171392.0,MutNovel,"E561D,1.000"
X-1683,ZNF703,80139.0,MutNovel,"K300R,1.000"
X-1683,ZNF708,7562.0,MutNovel,"G388E,0.273"
X-1683,ZYG11B,79699.0,MutNovel,"H592R,0.636"
X-1725,ABL1,25.0,MutNovel,"H220P,0.459"
X-1725,AKAP6,9472.0,MutNovel,"H1613Y,1.000"
X-1725,ALG11,440138.0,MutNovel,"H264R,0.600"
X-1725,ANKRD36,375248.0,MutNovel,"K1579T,0.667"
X-1725,ANKRD49,54851.0,MutNovel,"S158F,0.389"
X-1725,ARHGEF5,7984.0,MutNovel,"L889P,0.615"
X-1725,ARID5A,10865.0,MutNovel,"V139G,0.750"
X-1725,ARV1,64801.0,MutKnownFunctional,"-170?,0.267"
X-1725,ASMTL,8623.0,MutNovel,"L98Q,0.684"
X-1725,ASRGL1,80150.0,MutNovel,"G178E,0.500"
X-1725,ASTN2,23245.0,Del0.8,0.46
X-1725,ATP13A1,57130.0,MutNovel,"T913I,0.472"
X-1725,B3GAT1,27087.0,MutNovel,"R175H,1.000"
X-1725,BRD1,23774.0,MutNovel,"E514A,0.457"
X-1725,BZW1,9689.0,MutNovel,"R18C,0.667"
X-1725,C11orf48,79081.0,MutNovel,"G203S,0.435"
X-1725,C1orf112,55732.0,MutNovel,"F536S,0.625"
X-1725,C9orf53,51198.0,Del0.8,0.23
X-1725,CBL,867.0,MutNovel,"C692R,1.000"
X-1725,CDC42EP1,11135.0,MutNovel,"PAPAANPS253P,0.765"
X-1725,CDK5RAP2,55755.0,Del0.8,0.52
X-1725,CDKN2A,1029.0,Del0.8,0.23
X-1725,CDKN2B,1030.0,Del0.8,0.29
X-1725,CENPF,1063.0,Del0.8,0.15
X-1725,CGREF1,10669.0,MutNovel,"E266K,0.667"
X-1725,CHMP4C,92421.0,MutNovel,"F91S,0.456"
X-1725,CHTF18,63922.0,MutNovel,"E592G,0.750"
X-1725,CNTNAP3B,728577.0,MutNovel,"D1231-,0.833"
X-1725,COL8A2,1296.0,MutKnownFunctional,"Y605*,0.268"
X-1725,COPA,1314.0,MutNovel,"R431Q,0.356"
X-1725,CRIPAK,285464.0,MutNovel,"P173R,0.244"
X-1725,CST3,1471.0,MutNovel,"R96Q,0.469"
X-1725,CTNND2,1501.0,MutNovel,"P268Q,0.750"
X-1725,DBC1,1620.0,Del0.8,0.22
X-1725,DEDD2,162989.0,MutNovel,"R158W,0.429"
X-1725,DENND4B,9909.0,MutNovel,"T498M,0.512"
X-1725,DEPDC1B,55789.0,Del0.8,0.75
X-1725,DIS3L2,129563.0,MutNovel,"A736P,1.000"
X-1725,DRG1,4733.0,MutNovel,"P347S,0.447"
X-1725,DSC2,1824.0,MutKnownFunctional,"-896?,0.489"
X-1725,EFHD1,80303.0,MutNovel,"A31V,1.000"
X-1725,EFHD1,80303.0,MutNovel,"R216Q,0.980"
X-1725,EIF6,3692.0,MutNovel,"C15W,0.226"
X-1725,ERC1,23085.0,MutNovel,"D388H,0.444"
X-1725,ESRRG,2104.0,Del0.8,0.2
X-1725,FAM173A,65990.0,MutNovel,"L178F,0.517"
X-1725,FAXC,,MutNovel,"I259L,1.000"
X-1725,FMNL3,91010.0,MutNovel,"R943Q,0.474"
X-1725,FNDC1,84624.0,MutNovel,"ATTRRTT1471A,1.000"
X-1725,FNIP1,96459.0,MutNovel,"A1162T,0.333"
X-1725,GGH,8836.0,MutNovel,"S121I,0.344"
X-1725,GPATCH2,55105.0,Del0.8,0.31
X-1725,GSTM1,2944.0,Del0.8,0.67
X-1725,GTF2H2,2966.0,Del0.8,0.56
X-1725,HAX1,10456.0,MutNovel,"P202L,0.508"
X-1725,HES2,54626.0,MutNovel,"P139S,0.333"
X-1725,HRCT1,646962.0,MutNovel,"LH100L,0.900"
X-1725,HSPA1B,3304.0,MutKnownFunctional,"GE109V*,0.500"
X-1725,IDS,3423.0,MutNovel,"Y151F,1.000"
X-1725,IFNA1,3439.0,Del0.8,0.11
X-1725,IFNA10,3446.0,Del0.8,0.15
X-1725,IFNA13,3447.0,Del0.8,0.21
X-1725,IFNA14,3448.0,Del0.8,0.15
X-1725,IFNA16,3449.0,Del0.8,0.15
X-1725,IFNA17,3451.0,Del0.8,0.15
X-1725,IFNA2,3440.0,Del0.8,0.21
X-1725,IFNA21,3452.0,Del0.8,0.21
X-1725,IFNA22P,3453.0,Del0.8,0.15
X-1725,IFNA4,3441.0,Del0.8,0.08
X-1725,IFNA5,3442.0,Del0.8,0.17
X-1725,IFNA6,3443.0,Del0.8,0.39
X-1725,IFNA7,3444.0,Del0.8,0.15
X-1725,IFNA8,3445.0,Del0.8,0.21
X-1725,IFNE,338376.0,Del0.8,0.14
X-1725,IFNW1,3467.0,Del0.8,0.21
X-1725,INVS,27130.0,MutNovel,"T1063I,0.500"
X-1725,IPO7,10527.0,MutNovel,"T82S,0.404"
X-1725,ITGA7,3679.0,MutNovel,"T849M,0.451"
X-1725,KAT2A,2648.0,MutNovel,"K124E,0.500"
X-1725,KCNK2,3776.0,Del0.8,0.21
X-1725,KCTD3,51133.0,Del0.8,0.19
X-1725,KLHL9,55958.0,Del0.8,0.17
X-1725,KRT16,3868.0,MutNovel,"S76IG,0.218"
X-1725,LGALS1,3956.0,MutNovel,"C3F,0.317"
X-1725,LOC100996504,,MutNovel,"V179L,0.600"
X-1725,LOC440292,,MutNovel,"A231S,1.000"
X-1725,LOC647859,647859.0,Del0.8,0.56
X-1725,LRRC29,26231.0,MutNovel,"G68S,0.643"
X-1725,LSMD1,84316.0,MutNovel,"V3G,0.429"
X-1725,LSR,51599.0,MutNovel,"G518GR,0.817"
X-1725,LY6D,8581.0,MutNovel,"T15K,0.556"
X-1725,MAMLD1,10046.0,MutNovel,"A829V,1.000"
X-1725,MANBA,4126.0,MutNovel,"S712L,0.421"
X-1725,MAP3K6,9064.0,MutNovel,"R919Q,0.968"
X-1725,MAT2B,27430.0,MutNovel,"V20G,0.517"
X-1725,MIR147A,406939.0,Del0.8,0.22
X-1725,MIR31,407035.0,Del0.8,0.31
X-1725,MIR31HG,554202.0,Del0.8,0.2
X-1725,MIR4643,100616174.0,Del0.8,0.18
X-1725,MRPL30,51263.0,MutNovel,"I4V,0.680"
X-1725,MT1A,4489.0,MutNovel,"I49V,1.000"
X-1725,MTAP,4507.0,Del0.8,0.24
X-1725,NAIP,4671.0,Del0.8,0.56
X-1725,NCK1,4690.0,MutNovel,"G214E,0.433"
X-1725,NCOR2,9612.0,MutNovel,"G1839GAAA,0.308"
X-1725,NDUFS4,4724.0,MutNovel,"V172L,0.227"
X-1725,NPIPL3,23117.0,MutNovel,"P934L,1.000"
X-1725,NPIPL3,23117.0,MutNovel,"L438F,0.800"
X-1725,NR1D1,9572.0,MutNovel,"S23P,0.706"
X-1725,NR1H2,7376.0,MutNovel,"-173Q,0.407"
X-1725,NUPL1,9818.0,MutNovel,"T208N,0.419"
X-1725,OLFM4,10562.0,MutNovel,"K168N,0.482"
X-1725,ORAI1,84876.0,MutNovel,"PP43-,0.950"
X-1725,P2RY8,286530.0,MutNovel,"M992I,1.000"
X-1725,P2RY8,286530.0,MutNovel,"K925Q,1.000"
X-1725,P2RY8,286530.0,MutNovel,"G908E,1.000"
X-1725,P2RY8,286530.0,MutNovel,"Q810H,1.000"
X-1725,P2RY8,286530.0,MutKnownFunctional,"-587?,0.857"
X-1725,PCDHA1,56147.0,Del0.8,0.77
X-1725,PCDHA10,56139.0,Del0.8,0.59
X-1725,PCDHA2,56146.0,Del0.8,0.8
X-1725,PCDHA3,56145.0,Del0.8,0.8
X-1725,PCDHA4,56144.0,Del0.8,0.8
X-1725,PCDHA5,56143.0,Del0.8,0.8
X-1725,PCDHA6,56142.0,Del0.8,0.77
X-1725,PCDHA7,56141.0,Del0.8,0.8
X-1725,PCDHA8,56140.0,Del0.8,0.65
X-1725,PCDHA9,9752.0,Del0.8,0.55
X-1725,PCYOX1,51449.0,MutNovel,"L18V,1.000"
X-1725,PDK2,5164.0,MutNovel,"R194Q,0.583"
X-1725,PHF8,23133.0,MutNovel,"V902L,0.267"
X-1725,PHLDA1,22822.0,MutNovel,"QQ194Q,0.231"
X-1725,PIEZO1,9780.0,MutNovel,"P2510L,0.489"
X-1725,PLEKHG2,64857.0,MutNovel,"I790T,0.485"
X-1725,PLIN4,729359.0,MutNovel,"G296S,0.364"
X-1725,PMS2,5395.0,MutNovel,"K690Q,0.543"
X-1725,POMZP3,22932.0,MutKnownFunctional,"-133,0.400"
X-1725,PPP1R16B,26051.0,MutNovel,"K473Q,0.600"
X-1725,PRSS1,5644.0,MutNovel,"L14V,1.000"
X-1725,PRSS1,5644.0,MutNovel,"N29I,1.000"
X-1725,PSME4,23198.0,MutNovel,"K1493E,0.488"
X-1725,PTPN12,5782.0,Del0.8,0.33
X-1725,PTPN14,5784.0,Del0.8,0.22
X-1725,PTTG1,9232.0,MutNovel,"T3N,0.231"
X-1725,PVRL2,5819.0,MutNovel,"A413V,0.449"
X-1725,RAB15,376267.0,MutNovel,"W175G,0.464"
X-1725,RANBP17,64901.0,MutNovel,"L107V,0.400"
X-1725,RGPD8,727851.0,MutNovel,"D1451V,1.000"
X-1725,RNF213,57674.0,MutNovel,"T1705K,0.571"
X-1725,SERINC2,347735.0,MutNovel,"-373Q,0.660"
X-1725,SLC31A2,1318.0,MutKnownFunctional,"Y108*,0.364"
X-1725,SMG1,23049.0,MutNovel,"I1332V,0.500"
X-1725,SNORA70C,100124538.0,Del0.8,0.33
X-1725,SPDYE5,442590.0,MutNovel,"R335S,1.000"
X-1725,SPEG,10290.0,MutNovel,"S2047G,0.227"
X-1725,STX18,53407.0,MutNovel,"T217M,0.222"
X-1725,SYT7,9066.0,MutNovel,"A140T,0.333"
X-1725,TAF10,6881.0,MutNovel,"A31P,0.529"
X-1725,TEX2,55852.0,MutNovel,"Y484C,0.538"
X-1725,TLR4,7099.0,Del0.8,0.17
X-1725,TMEM181,57583.0,MutNovel,"V398A,0.473"
X-1725,TMEM221,100130519.0,MutNovel,"W110L,1.000"
X-1725,TRIM50,135892.0,MutNovel,"W13R,1.000"
X-1725,TRIM50,135892.0,MutNovel,"L8P,1.000"
X-1725,TRIM74,378108.0,MutNovel,"L8P,1.000"
X-1725,TSPYL1,7259.0,MutNovel,"V176VW,0.855"
X-1725,TTC40,54777.0,MutNovel,"T470N,1.000"
X-1725,UBE3B,89910.0,MutNovel,"V233I,0.455"
X-1725,UBXN11,91544.0,MutNovel,"P503PVP,1.000"
X-1725,UPK3BL,,MutNovel,"T119I,0.622"
X-1725,USH2A,7399.0,Del0.8,0.19
X-1725,UTY,7404.0,MutKnownFunctional,"SM928*W,0.333"
X-1725,UTY,7404.0,MutNovel,"S928P,0.353"
X-1725,UTY,7404.0,MutNovel,"L926A,0.412"
X-1725,UTY,7404.0,MutNovel,"I925H,0.412"
X-1725,UTY,7404.0,MutKnownFunctional,"SQ923S*,0.412"
X-1725,UTY,7404.0,MutNovel,"T922Q,0.400"
X-1725,UTY,7404.0,MutNovel,"S921Y,0.400"
X-1725,UTY,7404.0,MutNovel,"S918N,0.385"
X-1725,UTY,7404.0,MutNovel,"LA916KP,0.357"
X-1725,UTY,7404.0,MutNovel,"P915E,0.417"
X-1725,UTY,7404.0,MutNovel,"DL913GA,0.500"
X-1725,UTY,7404.0,MutNovel,"VD912HY,0.545"
X-1725,UTY,7404.0,MutNovel,"K911I,0.500"
X-1725,UTY,7404.0,MutNovel,"T910S,0.538"
X-1725,UTY,7404.0,MutNovel,"H541Y,0.400"
X-1725,UTY,7404.0,MutKnownFunctional,"EQ526A*,0.600"
X-1725,UTY,7404.0,MutNovel,"L525R,0.600"
X-1725,UTY,7404.0,MutKnownFunctional,"Q510*,0.556"
X-1725,UTY,7404.0,MutNovel,"P508L,0.400"
X-1725,UTY,7404.0,MutNovel,"HP507SS,0.500"
X-1725,UTY,7404.0,MutNovel,"H506W,0.375"
X-1725,UTY,7404.0,MutNovel,"S505Q,0.375"
X-1725,UTY,7404.0,MutNovel,"L504V,0.444"
X-1725,UTY,7404.0,MutNovel,"QS502PF,0.625"
X-1725,UTY,7404.0,MutNovel,"GQ501KK,0.500"
X-1725,UTY,7404.0,MutNovel,"G500V,0.444"
X-1725,UTY,7404.0,MutNovel,"N499C,0.500"
X-1725,UTY,7404.0,MutNovel,"DN496AC,0.556"
X-1725,UTY,7404.0,MutNovel,"D496H,0.556"
X-1725,UTY,7404.0,MutNovel,"N493R,0.500"
X-1725,UTY,7404.0,MutNovel,"N493C,0.556"
X-1725,UTY,7404.0,MutNovel,"I391M,0.636"
X-1725,UTY,7404.0,MutKnownFunctional,"I391*,0.636"
X-1725,UTY,7404.0,MutNovel,"RI390SF,0.727"
X-1725,UTY,7404.0,MutNovel,"R390S,0.818"
X-1725,UTY,7404.0,MutNovel,"R390I,0.818"
X-1725,UTY,7404.0,MutNovel,"AA388ET,0.600"
X-1725,UTY,7404.0,MutNovel,"LA387HH,0.778"
X-1725,UTY,7404.0,MutNovel,"L387V,0.750"
X-1725,UTY,7404.0,MutNovel,"S385C,0.750"
X-1725,UTY,7404.0,MutNovel,"N383K,0.800"
X-1725,UTY,7404.0,MutNovel,"N383T,0.800"
X-1725,UTY,7404.0,MutNovel,"S382C,0.364"
X-1725,UTY,7404.0,MutKnownFunctional,"CS381*C,0.364"
X-1725,UTY,7404.0,MutNovel,"R377S,0.583"
X-1725,UTY,7404.0,MutKnownFunctional,"AR376A*,0.636"
X-1725,UTY,7404.0,MutNovel,"A376V,0.750"
X-1725,UTY,7404.0,MutNovel,"A376L,0.833"
X-1725,UTY,7404.0,MutNovel,"N374Y,0.500"
X-1725,UTY,7404.0,MutNovel,"L373P,0.800"
X-1725,UTY,7404.0,MutNovel,"Y372N,0.875"
X-1725,UTY,7404.0,MutNovel,"CY371YN,0.875"
X-1725,UTY,7404.0,MutNovel,"K370F,0.667"
X-1725,UTY,7404.0,MutNovel,"QP364LS,0.375"
X-1725,UTY,7404.0,MutKnownFunctional,"NQ363T*,0.750"
X-1725,UTY,7404.0,MutNovel,"C362N,0.667"
X-1725,UTY,7404.0,MutNovel,"S361R,0.625"
X-1725,UTY,7404.0,MutKnownFunctional,"E360*,0.833"
X-1725,UTY,7404.0,MutKnownFunctional,"YE359Y*,0.833"
X-1725,UTY,7404.0,MutNovel,"DL354EA,0.667"
X-1725,UTY,7404.0,MutNovel,"MD353IY,0.750"
X-1725,UTY,7404.0,MutKnownFunctional,"W352*,0.750"
X-1725,UTY,7404.0,MutNovel,"A349D,0.667"
X-1725,UTY,7404.0,MutNovel,"Q343H,0.667"
X-1725,UTY,7404.0,MutNovel,"A11P,0.333"
X-1725,UTY,7404.0,MutNovel,"T9N,0.429"
X-1725,UTY,7404.0,MutNovel,"SL7RF,0.375"
X-1725,UTY,7404.0,MutNovel,"AV5GR,0.333"
X-1725,UTY,7404.0,MutNovel,"CA4LT,0.300"
X-1725,UTY,7404.0,MutNovel,"S3A,0.300"
X-1725,VWDE,221806.0,MutNovel,"E670K,0.667"
X-1725,YBX1,4904.0,MutNovel,"A46G,0.714"
X-1725,YOD1,55432.0,MutNovel,"Q24K,1.000"
X-1725,ZFP30,22835.0,MutNovel,"C440G,0.538"
X-1725,ZNF385A,25946.0,MutNovel,"P18A,0.500"
X-1725,ZNF516,9658.0,MutNovel,"K1105R,0.579"
X-1725,ZP3,7784.0,MutKnownFunctional,"-295,0.398"
X-1726,ABCB7,22.0,Del0.8,0.71
X-1726,ABI1,10006.0,MutNovel,"P368A,0.253"
X-1726,ACE2,59272.0,Del0.8,0.68
X-1726,ACOT1,641371.0,Del0.8,0.63
X-1726,ACOT9,23597.0,Del0.8,0.68
X-1726,ACRC,93953.0,Del0.8,0.71
X-1726,ADAM21,8747.0,MutNovel,"N600S,1.000"
X-1726,ADAM30,11085.0,Del0.8,0.72
X-1726,ADAM6,8755.0,Amp5,6.11
X-1726,ADARB2-AS1,642394.0,Del0.8,0.73
X-1726,ADORA3,140.0,Del0.8,0.71
X-1726,AGAP7,653268.0,MutNovel,"R494Q,0.833"
X-1726,AGAP7,653268.0,MutNovel,"D97E,0.500"
X-1726,AGAP8,728404.0,MutKnownFunctional,"-19?,0.737"
X-1726,AGBL4,84871.0,Del0.8,0.6
X-1726,AGMAT,79814.0,MutNovel,"G89R,1.000"
X-1726,AHCYL1,10768.0,Del0.8,0.75
X-1726,AKAP17A,8227.0,Del0.8,0.68
X-1726,AKAP4,8852.0,Del0.8,0.71
X-1726,AKAP8L,26993.0,MutNovel,"A23P,1.000"
X-1726,AKAP9,10142.0,MutNovel,"K691N,0.600"
X-1726,AKNAD1,254268.0,Del0.8,0.73
X-1726,AKR1C4,1109.0,MutNovel,"V150A,0.250"
X-1726,AKR7A2P1,246182.0,Del0.8,0.74
X-1726,ALAS2,212.0,Del0.8,0.71
X-1726,ALX3,257.0,Del0.8,0.75
X-1726,AMELX,265.0,Del0.8,0.68
X-1726,AMELY,266.0,Del0.8,0.25
X-1726,AMIGO1,57463.0,Del0.8,0.75
X-1726,AMPD1,270.0,Del0.8,0.74
X-1726,AMPD2,271.0,Del0.8,0.75
X-1726,AP1S2,8905.0,Del0.8,0.68
X-1726,AP4B1,10717.0,Del0.8,0.74
X-1726,APEX2,27301.0,Del0.8,0.71
X-1726,APOO,79135.0,Del0.8,0.68
X-1726,APOOL,139322.0,Del0.8,0.67
X-1726,AQP11,282679.0,MutKnownFunctional,"-92,1.000"
X-1726,AR,367.0,Del0.8,0.71
X-1726,ARAF,369.0,Del0.8,0.71
X-1726,ARHGAP12,94134.0,MutKnownFunctional,"E18*,0.774"
X-1726,ARHGAP33,115703.0,MutNovel,"G343W,0.419"
X-1726,ARHGAP6,395.0,Del0.8,0.68
X-1726,ARHGEF9,23229.0,Del0.8,0.71
X-1726,ARR3,407.0,Del0.8,0.71
X-1726,ARSD,414.0,Del0.8,0.68
X-1726,ARSE,415.0,Del0.8,0.68
X-1726,ARSF,416.0,Del0.8,0.68
X-1726,ARSH,347527.0,Del0.8,0.68
X-1726,ARX,170302.0,Del0.8,0.68
X-1726,ASB11,140456.0,Del0.8,0.68
X-1726,ASB12,142689.0,Del0.8,0.71
X-1726,ASB9,140462.0,Del0.8,0.68
X-1726,ASCL1,429.0,MutNovel,"A39T,1.000"
X-1726,ASMT,438.0,Del0.8,0.68
X-1726,ASMTL,8623.0,Del0.8,0.68
X-1726,ASMTL-AS1,80161.0,Del0.8,0.68
X-1726,ATM,472.0,MutNovel,"G134D,0.941"
X-1726,ATP1A1,476.0,Del0.8,0.74
X-1726,ATP1A1OS,84852.0,Del0.8,0.74
X-1726,ATP5F1,515.0,Del0.8,0.71
X-1726,ATP6AP2,10159.0,Del0.8,0.68
X-1726,ATP7A,538.0,Del0.8,0.67
X-1726,ATRX,546.0,Del0.8,0.67
X-1726,ATXN3L,92552.0,Del0.8,0.68
X-1726,ATXN7L2,127002.0,Del0.8,0.75
X-1726,AWAT1,158833.0,Del0.8,0.71
X-1726,AWAT2,158835.0,Del0.8,0.71
X-1726,BCAS2,10286.0,Del0.8,0.74
X-1726,BCL11A,53335.0,MutNovel,"R210L,0.467"
X-1726,BCL2L15,440603.0,Del0.8,0.74
X-1726,BCOR,54880.0,Del0.8,0.68
X-1726,BCORP1,286554.0,Del0.8,0.23
X-1726,BCYRN1,618.0,Del0.8,0.71
X-1726,BEND2,139105.0,Del0.8,0.68
X-1726,BMP15,9210.0,Del0.8,0.71
X-1726,BMX,660.0,Del0.8,0.68
X-1726,BPY2B,442867.0,Del0.8,0.23
X-1726,BPY2B,442867.0,Del0.8,0.23
X-1726,BRE,9577.0,MutNovel,"R23W,0.569"
X-1726,BRWD3,254065.0,Del0.8,0.67
X-1726,BTBD3,22903.0,MutNovel,"L319F,0.571"
X-1726,BTBD7,55727.0,MutNovel,"R1109M,0.434"
X-1726,BTD,686.0,MutNovel,"D113Y,1.000"
X-1726,C10orf108,414235.0,Del0.8,0.78
X-1726,C11orf41,25758.0,MutNovel,"I1260F,0.625"
X-1726,C11orf80,79703.0,MutNovel,"S512G,0.593"
X-1726,C16orf95,100506581.0,MutNovel,"R151H,0.774"
X-1726,C17orf80,55028.0,MutNovel,"G303E,1.000"
X-1726,C19orf54,284325.0,MutNovel,"W295L,0.479"
X-1726,C1orf162,128346.0,Del0.8,0.71
X-1726,C1orf88,128344.0,Del0.8,0.71
X-1726,C20orf112,140688.0,MutNovel,"P263T,0.387"
X-1726,C20orf96,140680.0,MutNovel,"S74I,0.548"
X-1726,C5,727.0,MutNovel,"C810R,0.550"
X-1726,CA5B,11238.0,Del0.8,0.68
X-1726,CA5BP1,340591.0,Del0.8,0.68
X-1726,CACNA1D,776.0,MutNovel,"G2092E,1.000"
X-1726,CACNA1F,778.0,Del0.8,0.71
X-1726,CAPZA1,829.0,Del0.8,0.74
X-1726,CASK,8573.0,Del0.8,0.68
X-1726,CASQ2,845.0,Del0.8,0.74
X-1726,CBWD6,644019.0,MutKnownFunctional,"-259?,0.508"
X-1726,CCDC120,90060.0,Del0.8,0.71
X-1726,CCDC22,28952.0,Del0.8,0.71
X-1726,CCDC3,83643.0,MutNovel,"R213H,1.000"
X-1726,CCDC61,729440.0,MutNovel,"E215G,0.488"
X-1726,CCDC74B,91409.0,MutNovel,"E281K,1.000"
X-1726,CCNB3,85417.0,Del0.8,0.71
X-1726,CCSAP,,MutNovel,"V232F,0.333"
X-1726,CCZ1,51622.0,MutNovel,"M367I,0.429"
X-1726,CCZ1,51622.0,MutNovel,"MS367IS,0.429"
X-1726,CD101,9398.0,Del0.8,0.71
X-1726,CD2,914.0,Del0.8,0.71
X-1726,CD53,963.0,Del0.8,0.74
X-1726,CD58,965.0,Del0.8,0.74
X-1726,CD99,4267.0,Del0.8,0.68
X-1726,CD99P1,401577.0,Del0.8,0.68
X-1726,CDC14A,8556.0,MutNovel,"A451P,0.773"
X-1726,CDC42EP1,11135.0,MutNovel,"PAPAANPS253P,0.660"
X-1726,CDK16,5127.0,Del0.8,0.71
X-1726,CDKL5,6792.0,Del0.8,0.68
X-1726,CDV3,55573.0,MutNovel,"I105V,0.255"
X-1726,CDX4,1046.0,Del0.8,0.71
X-1726,CDY1B,253175.0,Del0.8,0.23
X-1726,CDY1B,253175.0,Del0.8,0.23
X-1726,CDY2A,9426.0,Del0.8,0.25
X-1726,CDY2A,9426.0,Del0.8,0.25
X-1726,CDY2B,203611.0,Del0.8,0.25
X-1726,CDY2B,203611.0,Del0.8,0.25
X-1726,CEACAM19,56971.0,MutNovel,"S92C,0.417"
X-1726,CEACAM8,1088.0,MutNovel,"T171A,1.000"
X-1726,CELSR2,1952.0,Del0.8,0.75
X-1726,CEPT1,10390.0,Del0.8,0.72
X-1726,CERCAM,51148.0,MutNovel,"E283G,0.589"
X-1726,CERS1,10715.0,MutNovel,"R88W,1.000"
X-1726,CFP,5199.0,Del0.8,0.71
X-1726,CGNL1,84952.0,MutNovel,"C219S,0.600"
X-1726,CHI3L2,1117.0,Del0.8,0.72
X-1726,CHIC1,53344.0,Del0.8,0.71
X-1726,CHM,1121.0,Del0.8,0.67
X-1726,CHST7,56548.0,Del0.8,0.7
X-1726,CITED1,4435.0,Del0.8,0.71
X-1726,CLCC1,23155.0,Del0.8,0.7
X-1726,CLCN2,1181.0,MutNovel,"H573L,0.357"
X-1726,CLCN4,1183.0,Del0.8,0.68
X-1726,CLCN5,1184.0,Del0.8,0.71
X-1726,CLCNKA,1187.0,MutNovel,"T577D,0.833"
X-1726,CNKSR2,22866.0,Del0.8,0.68
X-1726,CNTN5,53942.0,MutNovel,"L121W,0.280"
X-1726,COBLL1,22837.0,MutNovel,"K837N,0.606"
X-1726,COX7B,1349.0,Del0.8,0.67
X-1726,CPM,1368.0,MutKnownFunctional,"E306*,1.000"
X-1726,CRLF2,64109.0,Del0.8,0.68
X-1726,CSDE1,7812.0,Del0.8,0.74
X-1726,CSF1,1435.0,Del0.8,0.75
X-1726,CSF2RA,1438.0,Del0.8,0.68
X-1726,CSMD1,64478.0,MutNovel,"D2684Y,1.000"
X-1726,CSPG4P1Y,114758.0,Del0.8,0.23
X-1726,CSPG4P1Y,114758.0,Del0.8,0.23
X-1726,CT45A1,541466.0,MutNovel,"R83G,0.750"
X-1726,CT45A3,441519.0,MutNovel,"S101N,0.600"
X-1726,CT45A6,541465.0,MutNovel,"R83G,1.000"
X-1726,CT45A6,541465.0,MutKnownFunctional,"-15,0.914"
X-1726,CTNNBL1,56259.0,MutNovel,"R58W,0.478"
X-1726,CTPS2,56474.0,Del0.8,0.68
X-1726,CTSA,5476.0,MutNovel,"L29-,0.907"
X-1726,CTSE,1510.0,MutNovel,"Y128C,0.500"
X-1726,CTTNBP2NL,55917.0,Del0.8,0.74
X-1726,CXCR3,2833.0,Del0.8,0.71
X-1726,CXXC1P1,392459.0,Del0.8,0.71
X-1726,CXorf21,80231.0,Del0.8,0.68
X-1726,CXorf22,170063.0,Del0.8,0.68
X-1726,CXorf23,256643.0,Del0.8,0.68
X-1726,CXorf26,51260.0,Del0.8,0.71
X-1726,CXorf27,25763.0,Del0.8,0.68
X-1726,CXorf28,100129464.0,Del0.8,0.68
X-1726,CXorf30,645090.0,Del0.8,0.68
X-1726,CXorf36,79742.0,Del0.8,0.7
X-1726,CXorf38,159013.0,Del0.8,0.68
X-1726,CXorf49B,100132994.0,Del0.8,0.71
X-1726,CXorf49B,100132994.0,Del0.8,0.71
X-1726,CXorf58,254158.0,Del0.8,0.68
X-1726,CXorf59,286464.0,Del0.8,0.68
X-1726,CXorf65,158830.0,Del0.8,0.71
X-1726,CYB561D1,284613.0,Del0.8,0.75
X-1726,CYBB,1536.0,Del0.8,0.68
X-1726,CYLC1,1538.0,Del0.8,0.67
X-1726,CYMP,643160.0,Del0.8,0.75
X-1726,CYP4F2,8529.0,MutNovel,"F123V,1.000"
X-1726,CYP4F2,8529.0,MutNovel,"A118V,1.000"
X-1726,CYSLTR1,10800.0,Del0.8,0.67
X-1726,DACH2,117154.0,Del0.8,0.67
X-1726,DAZ1,1617.0,Del0.8,0.23
X-1726,DAZ2,57055.0,Del0.8,0.23
X-1726,DAZ3,57054.0,Del0.8,0.23
X-1726,DAZ3,57054.0,Del0.8,0.23
X-1726,DAZ4,57135.0,Del0.8,0.23
X-1726,DAZ4,57135.0,Del0.8,0.23
X-1726,DCAF6,55827.0,MutNovel,"T319S,0.223"
X-1726,DCAF8L1,139425.0,Del0.8,0.68
X-1726,DCAF8L2,347442.0,Del0.8,0.68
X-1726,DCLRE1B,64858.0,Del0.8,0.74
X-1726,DDX20,11218.0,Del0.8,0.71
X-1726,DDX3X,1654.0,Del0.8,0.68
X-1726,DDX3Y,8653.0,Del0.8,0.25
X-1726,DDX50,79009.0,MutNovel,"T361I,0.439"
X-1726,DDX53,168400.0,Del0.8,0.68
X-1726,DDX56,54606.0,MutKnownFunctional,"E10*,0.320"
X-1726,DDX59,83479.0,MutNovel,"G80C,0.718"
X-1726,DEFB103A,414325.0,Del0.8,0.63
X-1726,DEFB103A,414325.0,Del0.8,0.63
X-1726,DEFB104B,503618.0,Del0.8,0.63
X-1726,DEFB104B,503618.0,Del0.8,0.63
X-1726,DEFB105B,504180.0,Del0.8,0.63
X-1726,DEFB105B,504180.0,Del0.8,0.63
X-1726,DEFB106B,503841.0,Del0.8,0.63
X-1726,DEFB106B,503841.0,Del0.8,0.63
X-1726,DEFB107A,245910.0,Del0.8,0.63
X-1726,DEFB107A,245910.0,Del0.8,0.63
X-1726,DEFB4A,1673.0,Del0.8,0.63
X-1726,DEFB4B,100289462.0,Del0.8,0.63
X-1726,DENND2C,163259.0,Del0.8,0.74
X-1726,DENND2D,79961.0,Del0.8,0.72
X-1726,DGAT2L6,347516.0,Del0.8,0.71
X-1726,DGKK,139189.0,Del0.8,0.71
X-1726,DHRSX,207063.0,Del0.8,0.68
X-1726,DICER1,23405.0,MutNovel,"D1636Y,0.537"
X-1726,DIP2C,22982.0,Del0.8,0.78
X-1726,DLG3,1741.0,Del0.8,0.71
X-1726,DMD,1756.0,Del0.8,0.68
X-1726,DMRTC1B,728656.0,Del0.8,0.71
X-1726,DMRTC1B,728656.0,Del0.8,0.71
X-1726,DMXL2,23312.0,MutNovel,"A2666T,0.211"
X-1726,DRAM2,128338.0,Del0.8,0.54
X-1726,DUSP21,63904.0,Del0.8,0.7
X-1726,DYNLT3,6990.0,Del0.8,0.68
X-1726,EBP,10682.0,Del0.8,0.71
X-1726,EDA,1896.0,Del0.8,0.71
X-1726,EDA2R,60401.0,Del0.8,0.71
X-1726,EFHC2,80258.0,Del0.8,0.7
X-1726,EFNB1,1947.0,Del0.8,0.71
X-1726,EGFL6,25975.0,Del0.8,0.68
X-1726,EIF1AX,1964.0,Del0.8,0.68
X-1726,EIF1AY,9086.0,Del0.8,0.23
X-1726,EIF2S3,1968.0,Del0.8,0.68
X-1726,EIF5B,9669.0,MutNovel,"R197K,0.389"
X-1726,ELK1,2002.0,Del0.8,0.71
X-1726,EMILIN2,84034.0,MutNovel,"E988V,0.750"
X-1726,EML4,27436.0,MutNovel,"C461F,0.467"
X-1726,EPS8L3,79574.0,Del0.8,0.75
X-1726,ERAS,3266.0,Del0.8,0.71
X-1726,ERCC6L,54821.0,Del0.8,0.71
X-1726,FAAH2,158584.0,Del0.8,0.71
X-1726,FAM102B,284611.0,Del0.8,0.73
X-1726,FAM104B,90736.0,Del0.8,0.71
X-1726,FAM120C,54954.0,Del0.8,0.71
X-1726,FAM123B,139285.0,Del0.8,0.71
X-1726,FAM155B,27112.0,Del0.8,0.71
X-1726,FAM156A,29057.0,Del0.8,0.71
X-1726,FAM156A,29057.0,Del0.8,0.71
X-1726,FAM156B,727866.0,Del0.8,0.71
X-1726,FAM156B,727866.0,Del0.8,0.71
X-1726,FAM179B,23116.0,MutNovel,"IQ219I,0.368"
X-1726,FAM197Y2P,252946.0,Del0.8,0.25
X-1726,FAM19A3,284467.0,Del0.8,0.74
X-1726,FAM212B,55924.0,Del0.8,0.71
X-1726,FAM40A,85369.0,Del0.8,0.75
X-1726,FAM41AY1,340618.0,Del0.8,0.25
X-1726,FAM41AY1,340618.0,Del0.8,0.25
X-1726,FAM46C,54855.0,Del0.8,0.71
X-1726,FAM46D,169966.0,Del0.8,0.67
X-1726,FAM47A,158724.0,Del0.8,0.68
X-1726,FAM47B,170062.0,Del0.8,0.68
X-1726,FAM47C,442444.0,Del0.8,0.68
X-1726,FAM48B1,100130302.0,Del0.8,0.68
X-1726,FAM48B2,170067.0,Del0.8,0.68
X-1726,FAM66D,100132923.0,Del0.8,0.65
X-1726,FAM86B1,85002.0,Del0.8,0.65
X-1726,FAM90A1,55138.0,Amp5,5.03
X-1726,FAM98B,283742.0,MutNovel,"G331D,0.442"
X-1726,FAM9A,171482.0,Del0.8,0.68
X-1726,FAM9B,171483.0,Del0.8,0.68
X-1726,FAM9C,171484.0,Del0.8,0.68
X-1726,FANCB,2187.0,Del0.8,0.68
X-1726,FBP1,2203.0,MutNovel,"L326V,0.479"
X-1726,FGD1,2245.0,Del0.8,0.71
X-1726,FGF16,8823.0,Del0.8,0.67
X-1726,FIGF,2277.0,Del0.8,0.68
X-1726,FLJ44635,392490.0,Del0.8,0.71
X-1726,FLOT1,10211.0,MutNovel,"R282W,0.239"
X-1726,FNDC7,163479.0,Del0.8,0.73
X-1726,FOXO4,4303.0,Del0.8,0.71
X-1726,FOXP3,50943.0,Del0.8,0.71
X-1726,FOXR2,139628.0,Del0.8,0.71
X-1726,FRMD8P1,83957.0,Del0.8,0.71
X-1726,FRMPD4,9758.0,Del0.8,0.68
X-1726,FTHL17,53940.0,Del0.8,0.68
X-1726,FTSJ1,24140.0,Del0.8,0.71
X-1726,FTX,100302692.0,Del0.8,0.71
X-1726,FUNDC1,139341.0,Del0.8,0.7
X-1726,GAGE1,2543.0,Del0.8,0.71
X-1726,GAGE10,643832.0,Del0.8,0.71
X-1726,GAGE12D,100132399.0,Del0.8,0.71
X-1726,GAGE12F,100008586.0,Del0.8,0.71
X-1726,GAGE12J,729396.0,Del0.8,0.71
X-1726,GAGE13,645051.0,Del0.8,0.71
X-1726,GAGE2A,729447.0,Del0.8,0.71
X-1726,GAGE2B,645037.0,Del0.8,0.71
X-1726,GAGE2C,2574.0,Del0.8,0.71
X-1726,GAGE2D,729408.0,Del0.8,0.71
X-1726,GAGE2E,26749.0,Del0.8,0.71
X-1726,GATA1,2623.0,Del0.8,0.71
X-1726,GDAP2,54834.0,Del0.8,0.71
X-1726,GDPD2,54857.0,Del0.8,0.71
X-1726,GEMIN8,54960.0,Del0.8,0.68
X-1726,GIGYF2,26058.0,MutNovel,"PQ1231P,0.812"
X-1726,GJB1,2705.0,Del0.8,0.71
X-1726,GK,2710.0,Del0.8,0.68
X-1726,GLOD5,392465.0,Del0.8,0.71
X-1726,GLRA2,2742.0,Del0.8,0.68
X-1726,GNAI3,2773.0,Del0.8,0.75
X-1726,GNAT2,2780.0,Del0.8,0.75
X-1726,GNL3L,54552.0,Del0.8,0.71
X-1726,GOLGA2P2Y,84559.0,Del0.8,0.23
X-1726,GOLGA2P2Y,84559.0,Del0.8,0.23
X-1726,GPKOW,27238.0,Del0.8,0.71
X-1726,GPM6B,2824.0,Del0.8,0.68
X-1726,GPR143,4935.0,Del0.8,0.68
X-1726,GPR173,54328.0,Del0.8,0.71
X-1726,GPR174,84636.0,Del0.8,0.67
X-1726,GPR34,2857.0,Del0.8,0.68
X-1726,GPR61,83873.0,Del0.8,0.75
X-1726,GPR64,10149.0,Del0.8,0.68
X-1726,GPR82,27197.0,Del0.8,0.68
X-1726,GPX3,2878.0,MutNovel,"Q86R,1.000"
X-1726,GRIPAP1,56850.0,Del0.8,0.71
X-1726,GRPR,2925.0,Del0.8,0.68
X-1726,GSPT2,23708.0,Del0.8,0.71
X-1726,GSTM1,2944.0,Del0.8,0.75
X-1726,GSTM2,2946.0,Del0.8,0.75
X-1726,GSTM3,2947.0,Del0.8,0.75
X-1726,GSTM4,2948.0,Del0.8,0.75
X-1726,GSTM5,2949.0,Del0.8,0.75
X-1726,GSTT1,2952.0,Amp5,5.17
X-1726,GSTTP1,25774.0,Amp5,5.17
X-1726,GTPBP4,23560.0,Del0.8,0.78
X-1726,GTPBP6,8225.0,Del0.8,0.68
X-1726,GYG2,8908.0,Del0.8,0.68
X-1726,GYG2P1,352887.0,Del0.8,0.25
X-1726,HADHB,3032.0,MutNovel,"L121P,0.410"
X-1726,HAO2,51179.0,Del0.8,0.71
X-1726,HBXIP,10542.0,Del0.8,0.75
X-1726,HCCS,3052.0,Del0.8,0.68
X-1726,HDAC6,10013.0,Del0.8,0.71
X-1726,HDAC8,55869.0,Del0.8,0.71
X-1726,HDHD1,8226.0,Del0.8,0.68
X-1726,HDX,139324.0,Del0.8,0.67
X-1726,HENMT1,113802.0,Del0.8,0.73
X-1726,HEPH,9843.0,Del0.8,0.71
X-1726,HIBADH,11112.0,MutNovel,"P64T,0.248"
X-1726,HIPK1,204851.0,Del0.8,0.74
X-1726,HMGCS2,3158.0,Del0.8,0.72
X-1726,HMGN5,79366.0,Del0.8,0.67
X-1726,HNRNPCL1,343069.0,Del0.8,0.4
X-1726,HSD17B10,3028.0,Del0.8,0.71
X-1726,HSD3B1,3283.0,Del0.8,0.71
X-1726,HSD3B2,3284.0,Del0.8,0.71
X-1726,HSD3BP4,128102.0,Del0.8,0.71
X-1726,HSFY2,159119.0,Del0.8,0.25
X-1726,HSFY2,159119.0,Del0.8,0.14
X-1726,HUWE1,10075.0,Del0.8,0.71
X-1726,HYDIN,54768.0,MutNovel,"S2046T,1.000"
X-1726,IDI1,3422.0,Del0.8,0.78
X-1726,IDI2,91734.0,Del0.8,0.78
X-1726,IDI2-AS1,55853.0,Del0.8,0.78
X-1726,IFI35,3430.0,MutKnownFunctional,"-180,0.625"
X-1726,IGBP1,3476.0,Del0.8,0.71
X-1726,IGSF3,3321.0,Del0.8,0.74
X-1726,IL1RAPL1,11141.0,Del0.8,0.68
X-1726,IL2RG,3561.0,Del0.8,0.71
X-1726,IL31RA,133396.0,MutNovel,"T386A,1.000"
X-1726,IL3RA,3563.0,Del0.8,0.68
X-1726,INE1,8552.0,Del0.8,0.71
X-1726,INE2,8551.0,Del0.8,0.68
X-1726,INGX,27160.0,Del0.8,0.71
X-1726,IPMK,253430.0,MutNovel,"Y168D,0.324"
X-1726,IPMK,253430.0,MutKnownFunctional,"-155?,0.372"
X-1726,IPMK,253430.0,MutNovel,"I147T,0.375"
X-1726,IQSEC2,23096.0,Del0.8,0.71
X-1726,IRF2,3660.0,MutNovel,"A52S,1.000"
X-1726,ITGB1BP2,26548.0,Del0.8,0.71
X-1726,ITIH6,347365.0,Del0.8,0.71
X-1726,ITM2A,9452.0,Del0.8,0.67
X-1726,JPX,554203.0,Del0.8,0.71
X-1726,KAL1,3730.0,Del0.8,0.68
X-1726,KAT6B,23522.0,MutNovel,"S2008I,0.414"
X-1726,KCNA10,3744.0,Del0.8,0.75
X-1726,KCNA2,3737.0,Del0.8,0.75
X-1726,KCNA3,3738.0,Del0.8,0.75
X-1726,KCNC4,3749.0,Del0.8,0.75
X-1726,KCND1,3750.0,Del0.8,0.71
X-1726,KCND3,3752.0,Del0.8,0.71
X-1726,KDM5C,8242.0,Del0.8,0.71
X-1726,KDM5D,8284.0,Del0.8,0.23
X-1726,KDM6A,7403.0,Del0.8,0.7
X-1726,KEAP1,9817.0,MutNovel,"S431F,0.998"
X-1726,KIAA0125,9834.0,Amp5,6.11
X-1726,KIAA0146,23514.0,MutNovel,"R3S,0.647"
X-1726,KIAA0368,23392.0,MutKnownFunctional,"E224*,0.712"
X-1726,KIAA1731,85459.0,MutNovel,"D1393N,0.615"
X-1726,KIAA2022,340533.0,Del0.8,0.71
X-1726,KIAA2026,158358.0,MutNovel,"P2025R,1.000"
X-1726,KIF15,56992.0,MutNovel,"E558A,1.000"
X-1726,KIF16B,55614.0,MutNovel,"G1083V,0.465"
X-1726,KIF20B,9585.0,MutNovel,"L1062LKV,0.310"
X-1726,KIF4A,24137.0,Del0.8,0.71
X-1726,KLF8,11279.0,Del0.8,0.71
X-1726,KLHL15,80311.0,Del0.8,0.68
X-1726,KLHL34,257240.0,Del0.8,0.68
X-1726,KLHL4,56062.0,Del0.8,0.67
X-1726,KRT17,3872.0,MutNovel,"A243S,0.994"
X-1726,KRT6C,286887.0,MutNovel,"E305V,0.275"
X-1726,KRT6C,286887.0,MutNovel,"A87G,0.600"
X-1726,KRT71,112802.0,MutNovel,"S299N,1.000"
X-1726,KRT75,9119.0,MutNovel,"I440T,1.000"
X-1726,KRT78,196374.0,MutNovel,"C422Y,0.590"
X-1726,LANCL3,347404.0,Del0.8,0.68
X-1726,LARP4B,23185.0,Del0.8,0.78
X-1726,LAS1L,81887.0,Del0.8,0.71
X-1726,LCA5,167691.0,MutNovel,"F609L,0.769"
X-1726,LCE3B,353143.0,Del0.8,0.39
X-1726,LCE3C,353144.0,Del0.8,0.39
X-1726,LETMD1,25875.0,MutNovel,"V148I,0.343"
X-1726,LIMA1,51474.0,MutNovel,"I97F,0.993"
X-1726,LINC00102,100359394.0,Del0.8,0.68
X-1726,LINC00200,399706.0,Del0.8,0.78
X-1726,LMTK2,22853.0,MutNovel,"E1049D,0.588"
X-1726,LOC100129269,100129269.0,Del0.8,0.71
X-1726,LOC100129407,100129407.0,Del0.8,0.71
X-1726,LOC100129407,100129407.0,Del0.8,0.71
X-1726,LOC100132247,100132247.0,MutNovel,"V1077M,0.333"
X-1726,LOC100132247,100132247.0,MutNovel,"A1117T,0.250"
X-1726,LOC100132396,100132396.0,Del0.8,0.68
X-1726,LOC100132741,100132741.0,Del0.8,0.71
X-1726,LOC100132831,100132831.0,Del0.8,0.68
X-1726,LOC100133123,100133123.0,Del0.8,0.68
X-1726,LOC100133957,100133957.0,Del0.8,0.71
X-1726,LOC100288332,,MutNovel,"L270V,1.000"
X-1726,LOC100288814,100288814.0,Del0.8,0.68
X-1726,LOC100422737,100422737.0,Del0.8,0.59
X-1726,LOC100506343,100506343.0,Del0.8,0.71
X-1726,LOC100996546,,MutNovel,"P115R,0.667"
X-1726,LOC158572,158572.0,Del0.8,0.71
X-1726,LOC286442,286442.0,Del0.8,0.68
X-1726,LOC347411,347411.0,Del0.8,0.68
X-1726,LOC389906,389906.0,Del0.8,0.68
X-1726,LOC391322,391322.0,Amp5,5.17
X-1726,LOC392196,392196.0,Del0.8,0.65
X-1726,LOC401588,401588.0,Del0.8,0.7
X-1726,LOC440600,440600.0,Del0.8,0.75
X-1726,LOC550643,550643.0,Del0.8,0.71
X-1726,LOC643441,643441.0,Del0.8,0.74
X-1726,LOC643699,,MutNovel,"H293Y,1.000"
X-1726,LOC644242,644242.0,Del0.8,0.72
X-1726,LOC646543,,MutNovel,"R95C,0.714"
X-1726,LOC653125,,MutNovel,"S550T,1.000"
X-1726,LOC728888,,MutNovel,"V1066M,0.333"
X-1726,LOC729609,729609.0,Del0.8,0.68
X-1726,LOC92249,92249.0,Del0.8,0.71
X-1726,LPAR4,2846.0,Del0.8,0.67
X-1726,LPHN3,23284.0,MutNovel,"N1292K,1.000"
X-1726,LPIN2,9663.0,MutNovel,"A416V,1.000"
X-1726,LRGUK,136332.0,MutNovel,"L354Q,0.400"
X-1726,LRIF1,55791.0,Del0.8,0.74
X-1726,LRIG2,9860.0,Del0.8,0.74
X-1726,LRPPRC,10128.0,MutNovel,"L22V,0.566"
X-1726,LRRC71,149499.0,MutNovel,"T343M,1.000"
X-1726,MAB21L3,126868.0,Del0.8,0.74
X-1726,MAGEA3,4102.0,MutNovel,"A28E,1.000"
X-1726,MAGEB1,4112.0,Del0.8,0.68
X-1726,MAGEB10,139422.0,Del0.8,0.68
X-1726,MAGEB16,139604.0,Del0.8,0.68
X-1726,MAGEB18,286514.0,Del0.8,0.68
X-1726,MAGEB2,4113.0,Del0.8,0.68
X-1726,MAGEB3,4114.0,Del0.8,0.68
X-1726,MAGEB4,4115.0,Del0.8,0.68
X-1726,MAGEB6,158809.0,Del0.8,0.68
X-1726,MAGED1,9500.0,Del0.8,0.71
X-1726,MAGED2,10916.0,Del0.8,0.71
X-1726,MAGED4B,81557.0,Del0.8,0.71
X-1726,MAGED4B,81557.0,Del0.8,0.71
X-1726,MAGEE1,57692.0,Del0.8,0.71
X-1726,MAGEE2,139599.0,Del0.8,0.71
X-1726,MAGEH1,28986.0,Del0.8,0.71
X-1726,MAGI3,260425.0,Del0.8,0.74
X-1726,MAGIX,79917.0,Del0.8,0.71
X-1726,MAGT1,84061.0,Del0.8,0.67
X-1726,MAN1A2,10905.0,Del0.8,0.71
X-1726,MAOA,4128.0,Del0.8,0.7
X-1726,MAOB,4129.0,Del0.8,0.7
X-1726,MAP3K15,389840.0,Del0.8,0.68
X-1726,MAP3K4,4216.0,MutNovel,"PA1189P,0.500"
X-1726,MAP7D2,256714.0,Del0.8,0.68
X-1726,MAPK8IP2,23542.0,MutNovel,"A378G,1.000"
X-1726,MAPKAP1,79109.0,MutNovel,"I10F,0.470"
X-1726,2014-03-02 00:00:00,54996.0,MutNovel,"F151S,0.442"
X-1726,MBTPS2,51360.0,Del0.8,0.68
X-1726,MED12,9968.0,Del0.8,0.71
X-1726,MED14,9282.0,Del0.8,0.68
X-1726,MFSD9,84804.0,MutKnownFunctional,"-127,0.444"
X-1726,MID1,4281.0,Del0.8,0.68
X-1726,MID1IP1,58526.0,Del0.8,0.68
X-1726,MIR1468,100302115.0,Del0.8,0.71
X-1726,MIR188,406964.0,Del0.8,0.71
X-1726,MIR197,406974.0,Del0.8,0.75
X-1726,MIR221,407006.0,Del0.8,0.7
X-1726,MIR222,407007.0,Del0.8,0.7
X-1726,MIR223,407008.0,Del0.8,0.71
X-1726,MIR23C,100500809.0,Del0.8,0.68
X-1726,MIR320B1,100302117.0,Del0.8,0.74
X-1726,MIR362,574030.0,Del0.8,0.71
X-1726,MIR3690,100500894.0,Del0.8,0.68
X-1726,MIR374A,442919.0,Del0.8,0.71
X-1726,MIR374B,100126317.0,Del0.8,0.71
X-1726,MIR374C,100500807.0,Del0.8,0.71
X-1726,MIR384,494333.0,Del0.8,0.67
X-1726,MIR421,693122.0,Del0.8,0.71
X-1726,MIR4256,100422976.0,Del0.8,0.74
X-1726,MIR4328,100422932.0,Del0.8,0.67
X-1726,MIR4536-1,100616155.0,Del0.8,0.71
X-1726,MIR4767,100616467.0,Del0.8,0.68
X-1726,MIR4768,100616249.0,Del0.8,0.68
X-1726,MIR4769,100616147.0,Del0.8,0.71
X-1726,MIR4770,100616373.0,Del0.8,0.68
X-1726,MIR500A,574502.0,Del0.8,0.71
X-1726,MIR500B,100422911.0,Del0.8,0.71
X-1726,MIR501,574503.0,Del0.8,0.71
X-1726,MIR502,574504.0,Del0.8,0.71
X-1726,MIR532,693124.0,Del0.8,0.71
X-1726,MIR545,664614.0,Del0.8,0.71
X-1726,MIR651,723779.0,Del0.8,0.68
X-1726,MIR660,724030.0,Del0.8,0.71
X-1726,MIR676,100500887.0,Del0.8,0.71
X-1726,MIR942,100126331.0,Del0.8,0.71
X-1726,MIR98,407054.0,Del0.8,0.71
X-1726,MIRLET7F2,406889.0,Del0.8,0.71
X-1726,MLL2,8085.0,MutKnownFunctional,"Q3796*,1.000"
X-1726,MLL3,58508.0,MutNovel,"C988V,0.308"
X-1726,MLL3,58508.0,MutNovel,"L291F,0.286"
X-1726,MLL4,9757.0,MutKnownFunctional,"Q864*,0.380"
X-1726,MOAP1,64112.0,MutKnownFunctional,"R205*,0.364"
X-1726,MOSPD2,158747.0,Del0.8,0.68
X-1726,MOV10,4343.0,Del0.8,0.74
X-1726,MPRIP,23164.0,MutNovel,"TS178T,0.537"
X-1726,MSL3,10943.0,Del0.8,0.68
X-1726,MSN,4478.0,Del0.8,0.71
X-1726,MTMR8,55613.0,Del0.8,0.71
X-1726,MTRNR2L10,100463488.0,Del0.8,0.71
X-1726,MUC16,94025.0,MutNovel,"L1239V,1.000"
X-1726,MUC4,4585.0,MutNovel,"S3800A,0.600"
X-1726,MUC4,4585.0,MutNovel,"P2752S,0.750"
X-1726,MXRA5,25878.0,Del0.8,0.68
X-1726,MYBPHL,343263.0,Del0.8,0.75
X-1726,MYO10,4651.0,MutNovel,"LD1333FY,0.429"
X-1726,NAP1L2,4674.0,Del0.8,0.71
X-1726,NAP1L6,645996.0,Del0.8,0.71
X-1726,NARF,26502.0,MutNovel,"I398L,0.998"
X-1726,NAT14,57106.0,MutNovel,"H5Q,0.498"
X-1726,NBPF1,55672.0,MutNovel,"C910R,0.351"
X-1726,NBPF1,55672.0,MutNovel,"S546L,0.280"
X-1726,NBPF10,100132406.0,MutNovel,"I1165F,0.269"
X-1726,NBPF4,148545.0,Del0.8,0.73
X-1726,NBPF6,653149.0,Del0.8,0.73
X-1726,NBPF7,343505.0,Del0.8,0.72
X-1726,NCAPG2,54892.0,MutNovel,"A735S,0.313"
X-1726,NCKAP5,344148.0,MutNovel,"E1746G,0.500"
X-1726,NCOR2,9612.0,MutNovel,"G1839GAAA,0.562"
X-1726,NCRNA00185,55410.0,Del0.8,0.23
X-1726,NDP,4693.0,Del0.8,0.7
X-1726,NDUFB11,54539.0,Del0.8,0.71
X-1726,NF1,4763.0,MutKnownFunctional,"E872*,0.846"
X-1726,NFATC3,4775.0,MutNovel,"S168C,0.273"
X-1726,NFKBIB,4793.0,MutNovel,"D318H,0.476"
X-1726,NGF,4803.0,Del0.8,0.74
X-1726,NHLH2,4808.0,Del0.8,0.74
X-1726,NHS,4810.0,Del0.8,0.68
X-1726,NHSL2,340527.0,Del0.8,0.71
X-1726,NIPBL,25836.0,MutNovel,"E1402Q,0.541"
X-1726,NLGN3,54413.0,Del0.8,0.71
X-1726,NLGN4X,57502.0,Del0.8,0.68
X-1726,NLGN4Y,22829.0,Del0.8,0.25
X-1726,NOMO2,283820.0,MutNovel,"V738L,0.452"
X-1726,NONO,4841.0,Del0.8,0.71
X-1726,NOTUM,147111.0,MutNovel,"P447T,1.000"
X-1726,NPBWR1,2831.0,MutNovel,"L226V,0.588"
X-1726,NPIPL3,23117.0,MutNovel,"G1116D,0.400"
X-1726,NPIPL3,23117.0,MutNovel,"R1105H,0.300"
X-1726,NR0B1,190.0,Del0.8,0.68
X-1726,NR1H2,7376.0,MutNovel,"-173Q,0.415"
X-1726,NRAS,4893.0,Del0.8,0.74
X-1726,NSF,4905.0,MutNovel,"L444P,0.614"
X-1726,NTRK2,4915.0,MutNovel,"P496T,0.500"
X-1726,NUDT10,170685.0,Del0.8,0.71
X-1726,NUDT11,55190.0,Del0.8,0.71
X-1726,NUP160,23279.0,MutNovel,"G1012D,0.697"
X-1726,NYX,60506.0,Del0.8,0.68
X-1726,OBSL1,23363.0,MutNovel,"R1102H,0.476"
X-1726,OFD1,8481.0,Del0.8,0.68
X-1726,OGT,8473.0,Del0.8,0.71
X-1726,OLFML3,56944.0,Del0.8,0.74
X-1726,OPHN1,4983.0,Del0.8,0.71
X-1726,OR52N5,390075.0,Del0.8,0.65
X-1726,ORAI1,84876.0,MutNovel,"PP43-,0.667"
X-1726,OSGIN1,29948.0,MutNovel,"Y72C,0.300"
X-1726,OTC,5009.0,Del0.8,0.68
X-1726,OTUD5,55593.0,Del0.8,0.71
X-1726,OTUD6A,139562.0,Del0.8,0.71
X-1726,OVGP1,5016.0,Del0.8,0.71
X-1726,P2RY10,27334.0,Del0.8,0.67
X-1726,P2RY4,5030.0,Del0.8,0.71
X-1726,P2RY8,286530.0,Del0.8,0.68
X-1726,PABPC1L2A,340529.0,Del0.8,0.71
X-1726,PABPC1L2B,645974.0,Del0.8,0.71
X-1726,PABPC3,5042.0,MutKnownFunctional,"-247GG?,0.455"
X-1726,PAGE1,8712.0,Del0.8,0.71
X-1726,PAGE2,203569.0,Del0.8,0.71
X-1726,PAGE2B,389860.0,Del0.8,0.71
X-1726,PAGE3,139793.0,Del0.8,0.71
X-1726,PAGE4,9506.0,Del0.8,0.71
X-1726,PAGE5,90737.0,Del0.8,0.71
X-1726,PCDH11Y,83259.0,Del0.8,0.25
X-1726,PCDH9,5101.0,MutNovel,"F173I,0.786"
X-1726,PCDHA10,56139.0,Del0.8,0.62
X-1726,PCDHA8,56140.0,Del0.8,0.69
X-1726,PCDHA9,9752.0,Del0.8,0.57
X-1726,PCDHB3,56132.0,MutNovel,"T657R,1.000"
X-1726,PCED1A,,MutNovel,"S7G,0.482"
X-1726,PCSK1N,27344.0,Del0.8,0.71
X-1726,PCYT1B,9468.0,Del0.8,0.68
X-1726,PDHA1,5160.0,Del0.8,0.68
X-1726,PDK3,5165.0,Del0.8,0.68
X-1726,PDSS1,23590.0,MutNovel,"G30V,0.259"
X-1726,PDZD11,51248.0,Del0.8,0.71
X-1726,PEG3,5178.0,MutNovel,"E1061K,1.000"
X-1726,PFKFB1,5207.0,Del0.8,0.71
X-1726,PGAM4,441531.0,Del0.8,0.67
X-1726,PGCP1,441897.0,Del0.8,0.71
X-1726,PGK1,5230.0,Del0.8,0.67
X-1726,PHEX,5251.0,Del0.8,0.68
X-1726,PHF8,23133.0,Del0.8,0.71
X-1726,PHGDH,26227.0,Del0.8,0.72
X-1726,PHKA1,5255.0,Del0.8,0.71
X-1726,PHKA2,5256.0,Del0.8,0.68
X-1726,PHLDA1,22822.0,MutNovel,"QQ194Q,0.647"
X-1726,PHTF1,10745.0,Del0.8,0.74
X-1726,PIGA,5277.0,Del0.8,0.68
X-1726,PIM2,11040.0,Del0.8,0.71
X-1726,PIN4,5303.0,Del0.8,0.71
X-1726,PIR,8544.0,Del0.8,0.68
X-1726,PIR-FIGF,100532742.0,Del0.8,0.68
X-1726,PJA1,64219.0,Del0.8,0.71
X-1726,PKD1,5310.0,MutNovel,"A3812G,0.271"
X-1726,PKN3,29941.0,MutNovel,"G568E,0.556"
X-1726,PLCXD1,55344.0,Del0.8,0.68
X-1726,PLP2,5355.0,Del0.8,0.71
X-1726,PLXNA1,5361.0,MutNovel,"T60K,0.534"
X-1726,PNPLA4,8228.0,Del0.8,0.68
X-1726,POF1B,79983.0,Del0.8,0.67
X-1726,POLA1,5422.0,Del0.8,0.68
X-1726,POLR1A,25885.0,MutNovel,"K845E,0.344"
X-1726,PORCN,64840.0,Del0.8,0.71
X-1726,POTEE,445582.0,MutNovel,"M657K,1.000"
X-1726,POU3F4,5456.0,Del0.8,0.67
X-1726,POU6F2,11281.0,MutNovel,"P77H,0.314"
X-1726,PPCDC,60490.0,MutNovel,"D72Y,0.333"
X-1726,PPEF1,5475.0,Del0.8,0.68
X-1726,PPM1J,333926.0,Del0.8,0.74
X-1726,PPP1R2P9,80316.0,Del0.8,0.68
X-1726,PPP1R3F,89801.0,Del0.8,0.71
X-1726,PPP2CB,5516.0,MutNovel,"R254Q,0.999"
X-1726,PPP2R3B,28227.0,Del0.8,0.68
X-1726,PPP2R3B-AS1,283981.0,Del0.8,0.68
X-1726,PQBP1,10084.0,Del0.8,0.71
X-1726,PRAF2,11230.0,Del0.8,0.71
X-1726,PRAMEF1,65121.0,Del0.8,0.41
X-1726,PRAMEF11,440560.0,Del0.8,0.4
X-1726,PRDX4,10549.0,Del0.8,0.68
X-1726,PRICKLE3,4007.0,Del0.8,0.71
X-1726,PRKX,5613.0,Del0.8,0.68
X-1726,PRKY,5616.0,Del0.8,0.25
X-1726,PROK1,84432.0,Del0.8,0.75
X-1726,PRPF38B,55119.0,Del0.8,0.73
X-1726,PRPS2,5634.0,Del0.8,0.68
X-1726,PRRG1,5638.0,Del0.8,0.68
X-1726,PRY,9081.0,Del0.8,0.23
X-1726,PRY,9081.0,Del0.8,0.23
X-1726,PRY2,442862.0,Del0.8,0.23
X-1726,PRY2,442862.0,Del0.8,0.23
X-1726,PSMA5,5686.0,Del0.8,0.75
X-1726,PSRC1,84722.0,Del0.8,0.75
X-1726,PTCHD1,139411.0,Del0.8,0.68
X-1726,PTGFRN,5738.0,Del0.8,0.71
X-1726,PTPN22,26191.0,Del0.8,0.74
X-1726,RAB41,347517.0,Del0.8,0.71
X-1726,RAB9A,9367.0,Del0.8,0.68
X-1726,RAG1,5896.0,MutNovel,"A101E,0.733"
X-1726,RAI2,10742.0,Del0.8,0.68
X-1726,RANBP17,64901.0,MutNovel,"F294C,1.000"
X-1726,RAP1A,5906.0,Del0.8,0.71
X-1726,RBBP7,5931.0,Del0.8,0.68
X-1726,RBM10,8241.0,Del0.8,0.71
X-1726,RBM15,64783.0,Del0.8,0.75
X-1726,RBM3,5935.0,Del0.8,0.71
X-1726,RBMY1A3P,286557.0,Del0.8,0.25
X-1726,RBMY1B,378948.0,Del0.8,0.23
X-1726,RBMY1B,378948.0,Del0.8,0.23
X-1726,RBMY1E,378950.0,Del0.8,0.23
X-1726,RBMY1E,378950.0,Del0.8,0.23
X-1726,RBMY1F,159163.0,Del0.8,0.23
X-1726,RBMY1F,159163.0,Del0.8,0.23
X-1726,RBMY1J,378951.0,Del0.8,0.23
X-1726,RBMY1J,378951.0,Del0.8,0.23
X-1726,RBMY2EP,159125.0,Del0.8,0.23
X-1726,RBMY2FP,159162.0,Del0.8,0.23
X-1726,RBMY3AP,64593.0,Del0.8,0.25
X-1726,REG4,83998.0,Del0.8,0.72
X-1726,REPS2,9185.0,Del0.8,0.68
X-1726,RGAG4,340526.0,Del0.8,0.71
X-1726,RGN,9104.0,Del0.8,0.71
X-1726,RHOC,389.0,Del0.8,0.74
X-1726,RIBC1,158787.0,Del0.8,0.71
X-1726,RIN3,79890.0,MutNovel,"G967-,0.591"
X-1726,RIPK3,11035.0,MutNovel,"Q337L,0.453"
X-1726,RLIM,51132.0,Del0.8,0.71
X-1726,RP11-165H20.1,149620.0,Del0.8,0.72
X-1726,RP2,6102.0,Del0.8,0.7
X-1726,RPGR,6103.0,MutNovel,"Q527-,1.000"
X-1726,RPGR,6103.0,Del0.8,0.68
X-1726,RPL10,6134.0,MutNovel,"R7G,0.998"
X-1726,RPS26P11,441502.0,Del0.8,0.71
X-1726,RPS4X,6191.0,Del0.8,0.71
X-1726,RPS4Y1,6192.0,Del0.8,0.25
X-1726,RPS4Y2,140032.0,Del0.8,0.23
X-1726,RPS6KA3,6197.0,Del0.8,0.68
X-1726,RPS6KA4,8986.0,MutNovel,"H470R,0.704"
X-1726,RPS6KA6,27330.0,Del0.8,0.67
X-1726,RRAGB,10325.0,Del0.8,0.71
X-1726,RS1,6247.0,Del0.8,0.68
X-1726,RSBN1,54665.0,Del0.8,0.74
X-1726,RXRA,6256.0,MutNovel,"M454I,0.516"
X-1726,S100G,795.0,Del0.8,0.68
X-1726,SARS,6301.0,Del0.8,0.75
X-1726,SAT1,6303.0,Del0.8,0.68
X-1726,SATL1,340562.0,Del0.8,0.67
X-1726,SCARNA23,677773.0,Del0.8,0.68
X-1726,SCARNA9L,100158262.0,Del0.8,0.68
X-1726,SCEL,8796.0,MutNovel,"T577A,0.342"
X-1726,SCML1,6322.0,Del0.8,0.68
X-1726,SCML2,10389.0,Del0.8,0.68
X-1726,SEC16B,89866.0,MutNovel,"H38Q,1.000"
X-1726,SEC22A,26984.0,MutNovel,"I178M,0.431"
X-1726,SENP7,57337.0,MutNovel,"S397C,0.422"
X-1726,SERHL2,253190.0,MutNovel,"I224V,0.205"
X-1726,SERINC2,347735.0,MutNovel,"-373Q,0.705"
X-1726,SERPINB4,6318.0,MutNovel,"W269R,0.860"
X-1726,SH3BGRL,6451.0,Del0.8,0.67
X-1726,SH3KBP1,30011.0,Del0.8,0.68
X-1726,SHB,6461.0,MutNovel,"G413R,0.264"
X-1726,SHOX,6473.0,Del0.8,0.68
X-1726,SHROOM2,357.0,Del0.8,0.68
X-1726,SHROOM4,57477.0,Del0.8,0.71
X-1726,SIGLEC14,100049587.0,Amp5,5.82
X-1726,SIKE1,80143.0,Del0.8,0.74
X-1726,SIPA1L1,26037.0,MutNovel,"R297C,0.587"
X-1726,SLC12A8,84561.0,MutNovel,"C534F,0.417"
X-1726,SLC16A2,6567.0,Del0.8,0.71
X-1726,SLC16A4,9122.0,Del0.8,0.75
X-1726,SLC22A15,55356.0,Del0.8,0.74
X-1726,SLC25A24,29957.0,Del0.8,0.52
X-1726,SLC25A6,293.0,Del0.8,0.68
X-1726,SLC35A2,7355.0,Del0.8,0.71
X-1726,SLC38A5,92745.0,Del0.8,0.71
X-1726,SLC39A4,55630.0,MutNovel,"A294T,0.533"
X-1726,SLC6A17,388662.0,Del0.8,0.75
X-1726,SLC7A3,84889.0,Del0.8,0.71
X-1726,SLC9A7,84679.0,Del0.8,0.7
X-1726,SLK,9748.0,MutNovel,"D32N,0.549"
X-1726,SMARCA4,6597.0,MutNovel,"M79V,0.988"
X-1726,SMC1A,8243.0,Del0.8,0.71
X-1726,SMEK3P,139420.0,Del0.8,0.68
X-1726,SMPX,23676.0,Del0.8,0.68
X-1726,SMS,6611.0,Del0.8,0.68
X-1726,SNAPC4,6621.0,MutNovel,"A854S,0.560"
X-1726,SNORA11,677799.0,Del0.8,0.71
X-1726,SNORA11C,100124540.0,Del0.8,0.71
X-1726,SNORA11D,100124541.0,Del0.8,0.71
X-1726,SNORA11D,100124541.0,Del0.8,0.71
X-1726,SNORA11E,100124542.0,Del0.8,0.71
X-1726,SNORA11E,100124542.0,Del0.8,0.71
X-1726,SNX12,29934.0,Del0.8,0.71
X-1726,SOCS1,8651.0,MutNovel,"R160C,0.364"
X-1726,SORT1,6272.0,Del0.8,0.75
X-1726,SOS1,6654.0,MutNovel,"D1243E,0.581"
X-1726,SOX12,6666.0,MutNovel,"A212T,0.488"
X-1726,SPACA5,389852.0,Del0.8,0.71
X-1726,SPAG11A,653423.0,Del0.8,0.63
X-1726,SPAG11B,10407.0,Del0.8,0.63
X-1726,SPAG11B,10407.0,Del0.8,0.63
X-1726,SPAG17,200162.0,Del0.8,0.71
X-1726,SPANXA1,,MutKnownFunctional,"-42?,0.682"
X-1726,SPANXN5,494197.0,Del0.8,0.71
X-1726,SPDYE5,442590.0,MutNovel,"L336F,0.400"
X-1726,SPG20,23111.0,MutNovel,"R264H,0.632"
X-1726,SPIN2A,54466.0,Del0.8,0.71
X-1726,SPIN2B,474343.0,Del0.8,0.71
X-1726,SPIN3,169981.0,Del0.8,0.71
X-1726,SPIN4,139886.0,Del0.8,0.71
X-1726,SRG7,642864.0,Del0.8,0.73
X-1726,SRPX,8406.0,Del0.8,0.68
X-1726,SRY,6736.0,Del0.8,0.25
X-1726,SSX1,6756.0,Del0.8,0.71
X-1726,SSX2,6757.0,Del0.8,0.71
X-1726,SSX2,6757.0,Del0.8,0.71
X-1726,SSX2B,727837.0,Del0.8,0.71
X-1726,SSX2B,727837.0,Del0.8,0.71
X-1726,SSX3,10214.0,Del0.8,0.71
X-1726,SSX4,6759.0,Del0.8,0.71
X-1726,SSX4,6759.0,Del0.8,0.71
X-1726,SSX5,6758.0,Del0.8,0.71
X-1726,SSX6,280657.0,Del0.8,0.71
X-1726,SSX7,280658.0,Del0.8,0.71
X-1726,SSX8,280659.0,Del0.8,0.71
X-1726,ST7L,54879.0,Del0.8,0.74
X-1726,ST8SIA1,6489.0,MutNovel,"A139T,0.667"
X-1726,STAG3,10734.0,MutNovel,"R287H,0.778"
X-1726,STARD3NL,83930.0,MutNovel,"H19R,0.324"
X-1726,STARD8,9754.0,Del0.8,0.71
X-1726,STS,412.0,Del0.8,0.68
X-1726,STXBP3,6814.0,Del0.8,0.73
X-1726,SUV39H1,6839.0,Del0.8,0.71
X-1726,SYAP1,94056.0,Del0.8,0.68
X-1726,SYCP1,6847.0,Del0.8,0.74
X-1726,SYMPK,8189.0,MutNovel,"QE21Q,0.463"
X-1726,SYN1,6853.0,Del0.8,0.71
X-1726,SYNDIG1,79953.0,MutNovel,"L74Q,0.340"
X-1726,SYP,6855.0,Del0.8,0.71
X-1726,SYPL2,284612.0,Del0.8,0.75
X-1726,SYT6,148281.0,Del0.8,0.74
X-1726,SYTL5,94122.0,Del0.8,0.68
X-1726,TAB3,257397.0,Del0.8,0.68
X-1726,TAF1,6872.0,Del0.8,0.71
X-1726,TAF9B,51616.0,Del0.8,0.67
X-1726,TBC1D25,4943.0,Del0.8,0.71
X-1726,TBL1X,6907.0,Del0.8,0.68
X-1726,TBL1Y,90665.0,Del0.8,0.25
X-1726,TBX15,6913.0,Del0.8,0.71
X-1726,TBX22,50945.0,Del0.8,0.67
X-1726,TBX3,6926.0,MutNovel,"A566T,1.000"
X-1726,TCEANC,170082.0,Del0.8,0.68
X-1726,TCEB3,6924.0,MutNovel,"P15S,1.000"
X-1726,TDRD5,163589.0,MutNovel,"Q995R,0.308"
X-1726,TEX11,56159.0,Del0.8,0.71
X-1726,TFE3,7030.0,Del0.8,0.71
X-1726,TGIF2LY,90655.0,Del0.8,0.25
X-1726,THBS1,7057.0,MutNovel,"V323I,0.647"
X-1726,TIMM17B,10245.0,Del0.8,0.71
X-1726,TIMP1,7076.0,Del0.8,0.71
X-1726,TLR7,51284.0,Del0.8,0.68
X-1726,TLR8,51311.0,Del0.8,0.68
X-1726,TLR8-AS1,349408.0,Del0.8,0.68
X-1726,TMEM138,51524.0,MutNovel,"R103L,0.280"
X-1726,TMEM184A,202915.0,MutNovel,"G392GA,0.264"
X-1726,TMEM27,57393.0,Del0.8,0.68
X-1726,TMEM47,83604.0,Del0.8,0.68
X-1726,TMSB4X,7114.0,Del0.8,0.68
X-1726,TMSB4Y,9087.0,Del0.8,0.25
X-1726,TNC,3371.0,MutNovel,"T40S,0.472"
X-1726,TRAPPC2,6399.0,Del0.8,0.68
X-1726,TRIM17,51127.0,MutNovel,"R72S,0.429"
X-1726,TRIM33,51592.0,Del0.8,0.74
X-1726,TRIM45,80263.0,Del0.8,0.71
X-1726,TRIM56,81844.0,MutNovel,"A568T,0.353"
X-1726,TRO,7216.0,Del0.8,0.71
X-1726,TSC22D1,8848.0,MutNovel,"D931Y,0.286"
X-1726,TSHB,7252.0,Del0.8,0.74
X-1726,TSIX,9383.0,Del0.8,0.71
X-1726,TSPAN2,10100.0,Del0.8,0.74
X-1726,TSPAN7,7102.0,Del0.8,0.68
X-1726,TSPY1,7258.0,Del0.8,0.25
X-1726,TSPY2,64591.0,Del0.8,0.25
X-1726,TSPY3,728137.0,Del0.8,0.25
X-1726,TSPY4,728395.0,Del0.8,0.25
X-1726,TSPY8,728403.0,Del0.8,0.25
X-1726,TSPYL1,7259.0,MutNovel,"V176VW,0.942"
X-1726,TSPYL2,64061.0,Del0.8,0.71
X-1726,TSR1,55720.0,MutNovel,"VG269G,0.910"
X-1726,TSR2,90121.0,Del0.8,0.71
X-1726,TTC3P1,286495.0,Del0.8,0.71
X-1726,TTF2,8458.0,Del0.8,0.71
X-1726,TTLL13,440307.0,MutNovel,"G364E,0.500"
X-1726,TTTY10,246119.0,Del0.8,0.23
X-1726,TTTY11,83866.0,Del0.8,0.25
X-1726,TTTY12,83867.0,Del0.8,0.25
X-1726,TTTY13,83868.0,Del0.8,0.23
X-1726,TTTY14,83869.0,Del0.8,0.23
X-1726,TTTY15,64595.0,Del0.8,0.25
X-1726,TTTY16,252948.0,Del0.8,0.25
X-1726,TTTY17A,252949.0,Del0.8,0.23
X-1726,TTTY17A,252949.0,Del0.8,0.23
X-1726,TTTY18,252950.0,Del0.8,0.25
X-1726,TTTY19,252952.0,Del0.8,0.25
X-1726,TTTY1B,100101116.0,Del0.8,0.25
X-1726,TTTY1B,100101116.0,Del0.8,0.25
X-1726,TTTY2,60439.0,Del0.8,0.25
X-1726,TTTY2,60439.0,Del0.8,0.25
X-1726,TTTY20,252951.0,Del0.8,0.25
X-1726,TTTY21,252953.0,Del0.8,0.25
X-1726,TTTY21,252953.0,Del0.8,0.25
X-1726,TTTY22,252954.0,Del0.8,0.25
X-1726,TTTY23,252955.0,Del0.8,0.25
X-1726,TTTY23,252955.0,Del0.8,0.25
X-1726,TTTY3,114760.0,Del0.8,0.23
X-1726,TTTY3,114760.0,Del0.8,0.23
X-1726,TTTY4,114761.0,Del0.8,0.23
X-1726,TTTY4,114761.0,Del0.8,0.23
X-1726,TTTY5,83863.0,Del0.8,0.23
X-1726,TTTY6,84672.0,Del0.8,0.23
X-1726,TTTY6,84672.0,Del0.8,0.23
X-1726,TTTY7,246122.0,Del0.8,0.25
X-1726,TTTY7,246122.0,Del0.8,0.25
X-1726,TTTY7B,100101120.0,Del0.8,0.25
X-1726,TTTY7B,100101120.0,Del0.8,0.25
X-1726,TTTY8,84673.0,Del0.8,0.25
X-1726,TTTY8,84673.0,Del0.8,0.25
X-1726,TTTY9A,83864.0,Del0.8,0.25
X-1726,TTTY9A,83864.0,Del0.8,0.07
X-1726,TXLNG,55787.0,Del0.8,0.68
X-1726,TXLNG2P,246126.0,Del0.8,0.23
X-1726,TYK2,7297.0,MutNovel,"I324V,1.000"
X-1726,UBA1,7317.0,Del0.8,0.71
X-1726,UBAP2L,9898.0,MutNovel,"H730R,0.241"
X-1726,UBE2DNL,100131816.0,Del0.8,0.67
X-1726,UBL4B,164153.0,Del0.8,0.75
X-1726,UBQLN2,29978.0,Del0.8,0.71
X-1726,UBR4,23352.0,MutNovel,"S566C,1.000"
X-1726,UGT2B28,54490.0,Del0.8,0.75
X-1726,ULBP2,80328.0,MutKnownFunctional,"-58,1.000"
X-1726,UPRT,139596.0,Del0.8,0.71
X-1726,UQCRBP1,442454.0,Del0.8,0.71
X-1726,USP11,8237.0,Del0.8,0.71
X-1726,USP17L2,377630.0,Del0.8,0.65
X-1726,USP19,10869.0,MutNovel,"G255C,1.000"
X-1726,USP27X,389856.0,Del0.8,0.71
X-1726,USP51,158880.0,Del0.8,0.71
X-1726,USP9X,8239.0,Del0.8,0.68
X-1726,USP9Y,8287.0,Del0.8,0.25
X-1726,UTY,7404.0,Del0.8,0.25
X-1726,UXT,8409.0,Del0.8,0.71
X-1726,VANGL1,81839.0,Del0.8,0.74
X-1726,VARS2,57176.0,MutNovel,"G329V,0.350"
X-1726,VCX,26609.0,Del0.8,0.68
X-1726,VCX2,51480.0,Del0.8,0.68
X-1726,VCX3A,51481.0,Del0.8,0.68
X-1726,VCX3B,425054.0,Del0.8,0.68
X-1726,VCY,9084.0,Del0.8,0.25
X-1726,VCY,9084.0,Del0.8,0.25
X-1726,VENTXP1,139538.0,Del0.8,0.68
X-1726,VSIG4,11326.0,Del0.8,0.71
X-1726,VTCN1,79679.0,Del0.8,0.71
X-1726,WARS2,10352.0,Del0.8,0.71
X-1726,WAS,7454.0,Del0.8,0.71
X-1726,WDR13,64743.0,Del0.8,0.71
X-1726,WDR3,10885.0,Del0.8,0.71
X-1726,WDR37,22884.0,Del0.8,0.78
X-1726,WDR45,11152.0,Del0.8,0.71
X-1726,WDR77,79084.0,Del0.8,0.71
X-1726,WNK3,65267.0,Del0.8,0.71
X-1726,WNT2B,7482.0,Del0.8,0.74
X-1726,WRNIP1,56897.0,MutNovel,"D184E,0.545"
X-1726,WWC3,55841.0,Del0.8,0.68
X-1726,XAGE1A,653219.0,Del0.8,0.71
X-1726,XAGE1A,653219.0,Del0.8,0.71
X-1726,XAGE1C,653048.0,Del0.8,0.71
X-1726,XAGE1C,653048.0,Del0.8,0.71
X-1726,XAGE2,9502.0,Del0.8,0.71
X-1726,XAGE2,9502.0,Del0.8,0.71
X-1726,XAGE3,170626.0,Del0.8,0.71
X-1726,XAGE5,170627.0,Del0.8,0.71
X-1726,XG,7499.0,Del0.8,0.68
X-1726,XGPY2,100132596.0,Del0.8,0.68
X-1726,XIST,7503.0,Del0.8,0.71
X-1726,XK,7504.0,Del0.8,0.68
X-1726,XKRY2,353515.0,Del0.8,0.25
X-1726,XKRY2,353515.0,Del0.8,0.25
X-1726,YIPF6,286451.0,Del0.8,0.71
X-1726,YY2,404281.0,Del0.8,0.68
X-1726,ZBED1,9189.0,Del0.8,0.68
X-1726,ZC3H12B,340554.0,Del0.8,0.71
X-1726,ZC4H2,55906.0,Del0.8,0.71
X-1726,ZCCHC13,389874.0,Del0.8,0.71
X-1726,ZCCHC5,203430.0,Del0.8,0.67
X-1726,ZDHHC15,158866.0,Del0.8,0.71
X-1726,ZFP36L2,678.0,MutNovel,"Q401HSSR,0.500"
X-1726,ZFX,7543.0,Del0.8,0.68
X-1726,ZFY,7544.0,Del0.8,0.25
X-1726,ZMYM3,9203.0,Del0.8,0.71
X-1726,ZMYND11,10771.0,Del0.8,0.78
X-1726,ZNF157,7712.0,Del0.8,0.71
X-1726,ZNF182,7569.0,Del0.8,0.71
X-1726,ZNF211,10520.0,MutNovel,"G142L,0.500"
X-1726,ZNF337,26152.0,MutNovel,"H478N,0.488"
X-1726,ZNF384,171017.0,MutNovel,"QQ514Q,0.443"
X-1726,ZNF41,7592.0,Del0.8,0.71
X-1726,ZNF571,51276.0,MutNovel,"G369R,0.575"
X-1726,ZNF630,57232.0,Del0.8,0.71
X-1726,ZNF645,158506.0,Del0.8,0.68
X-1726,ZNF673,55634.0,Del0.8,0.7
X-1726,ZNF674,641339.0,Del0.8,0.7
X-1726,ZNF697,90874.0,Del0.8,0.72
X-1726,ZNF705D,728957.0,Del0.8,0.65
X-1726,ZNF711,7552.0,Del0.8,0.67
X-1726,ZNF770,54989.0,MutNovel,"T424M,0.702"
X-1726,ZNF782,158431.0,MutNovel,"L230F,0.333"
X-1726,ZNF81,347344.0,Del0.8,0.71
X-1726,ZRSR2,8233.0,Del0.8,0.68
X-1726,ZXDA,7789.0,Del0.8,0.71
X-1726,ZXDB,158586.0,Del0.8,0.71
X-1755,AADAC,13.0,Amp5,6.36
X-1755,AADACL2,344752.0,Amp5,6.36
X-1755,AARS,16.0,MutNovel,"R912W,0.521"
X-1755,ABCB8,11194.0,MutNovel,"A694P,0.468"
X-1755,ABCC5,10057.0,Amp5,5.24
X-1755,ABCF3,55324.0,Amp5,5.24
X-1755,ACAP2,23527.0,Amp5,5.31
X-1755,ACOX3,8310.0,MutNovel,"E348K,0.613"
X-1755,ACTL6A,86.0,Amp5,5.24
X-1755,ADIPOQ,9370.0,Amp5,5.24
X-1755,AFP,174.0,MutNovel,"K535R,0.500"
X-1755,AGAP5,729092.0,MutNovel,"E614D,0.400"
X-1755,AGRN,375790.0,MutNovel,"P1280L,0.419"
X-1755,AGTR1,185.0,Amp5,6.36
X-1755,AHSG,197.0,Amp5,5.24
X-1755,ALG3,10195.0,Amp5,5.24
X-1755,ANKRD11,29123.0,MutNovel,"E2313K,0.471"
X-1755,ANKRD12,23253.0,MutNovel,"R302T,0.308"
X-1755,ANKRD18DP,348840.0,Amp5,5.17
X-1755,ANKUB1,389161.0,Amp5,6.36
X-1755,ANO1,55107.0,MutNovel,"V80I,0.571"
X-1755,ANTXR2,118429.0,MutNovel,"A42D,1.000"
X-1755,AP2M1,1173.0,Amp5,5.24
X-1755,APOD,347.0,Amp5,5.31
X-1755,ARHGAP11A,9824.0,MutNovel,"K279N,0.348"
X-1755,ARHGAP17,55114.0,MutNovel,"K243E,0.553"
X-1755,ARHGAP31,57514.0,MutNovel,"G534S,0.667"
X-1755,ARHGEF26,26084.0,Amp5,6.36
X-1755,ARHGEF26-AS1,100507524.0,Amp5,6.36
X-1755,ARHGEF35,445328.0,MutNovel,"E25K,0.667"
X-1755,ARHGEF5,7984.0,MutNovel,"L889P,0.471"
X-1755,ARL14,80117.0,Amp5,6.5
X-1755,ARRDC3,57561.0,MutNovel,"I397V,0.590"
X-1755,ASL,435.0,MutNovel,"L154V,0.574"
X-1755,ATE1,11101.0,MutNovel,"S365F,0.429"
X-1755,ATP11B,23200.0,Amp5,5.24
X-1755,ATP13A3,79572.0,Amp5,5.31
X-1755,ATP13A4,84239.0,Amp5,5.31
X-1755,ATP13A5,344905.0,Amp5,5.31
X-1755,ATP2C2,9914.0,MutNovel,"A679T,0.800"
X-1755,B3GALNT1,8706.0,Amp5,6.5
X-1755,B3GNT5,84002.0,Amp5,5.24
X-1755,B4GALNT4,338707.0,MutNovel,"F426Y,0.586"
X-1755,BAHCC1,57597.0,MutNovel,"V1356M,1.000"
X-1755,BAZ1A,11177.0,Amp5,5.13
X-1755,BAZ1B,9031.0,MutNovel,"K77R,0.465"
X-1755,BCAS3,54828.0,MutNovel,"H704R,0.453"
X-1755,BCHE,590.0,Amp5,6.41
X-1755,BCL2L11,10018.0,MutNovel,"R135S,0.338"
X-1755,BCL6,604.0,Amp5,5.24
X-1755,BDH1,622.0,Amp5,5.17
X-1755,BEST4,266675.0,MutNovel,"P405H,1.000"
X-1755,BMP6,654.0,MutNovel,"R28Q,1.000"
X-1755,BOP1,23246.0,MutNovel,"K339R,1.000"
X-1755,BRAT1,221927.0,MutNovel,"S437L,0.524"
X-1755,C10orf137,26098.0,MutNovel,"Y1034C,0.481"
X-1755,C10orf47,254427.0,MutNovel,"P323R,0.571"
X-1755,C11orf9,745.0,MutNovel,"S1068C,0.294"
X-1755,C16orf87,388272.0,MutKnownFunctional,"S47*,0.406"
X-1755,C20orf151,140893.0,MutNovel,"G609R,0.611"
X-1755,C21orf58,54058.0,MutNovel,"H299PN,0.400"
X-1755,C2CD4D,100191040.0,MutNovel,"A86S,0.786"
X-1755,C3orf33,285315.0,Amp5,6.36
X-1755,C3orf37,56941.0,MutNovel,"T330I,0.315"
X-1755,C3orf43,255798.0,Amp5,5.17
X-1755,C3orf55,152078.0,Amp5,6.36
X-1755,C3orf65,646600.0,Amp5,5.24
X-1755,C3orf70,285382.0,Amp5,5.24
X-1755,C3orf79,152118.0,Amp5,6.36
X-1755,C3orf80,401097.0,Amp5,6.5
X-1755,CACNB3,784.0,MutNovel,"E14K,0.537"
X-1755,CALML5,51806.0,MutNovel,"E137K,0.451"
X-1755,CAMK2N2,94032.0,Amp5,5.24
X-1755,CASZ1,54897.0,MutNovel,"S1224C,0.542"
X-1755,CCDC39,339829.0,Amp5,5.24
X-1755,CCDC50,152137.0,Amp5,5.24
X-1755,CCNL1,57018.0,Amp5,6.36
X-1755,CD58,965.0,MutNovel,"R168G,0.505"
X-1755,CD63,967.0,MutNovel,"V62I,0.499"
X-1755,CDC42EP1,11135.0,MutNovel,"PAPAANPS253P,0.371"
X-1755,CEP19,84984.0,Amp5,5.17
X-1755,CEP95,90799.0,MutKnownFunctional,"-657,0.250"
X-1755,CFHR1,3078.0,Amp5,5.1
X-1755,CFHR3,10878.0,Amp5,7.01
X-1755,CFL2,1073.0,Amp5,5.13
X-1755,CHD7,55636.0,MutNovel,"L1058F,0.444"
X-1755,CHD7,55636.0,MutNovel,"R1632C,0.346"
X-1755,CHD9,80205.0,MutNovel,"Q128E,0.400"
X-1755,CHTF18,63922.0,MutNovel,"P266L,0.540"
X-1755,CLCN2,1181.0,Amp5,5.24
X-1755,CLDN1,9076.0,Amp5,5.24
X-1755,CLDN11,5010.0,Amp5,6.41
X-1755,CLDN16,10686.0,Amp5,5.24
X-1755,CLEC14A,161198.0,Amp8,10.27
X-1755,CLRN1,7401.0,Amp5,6.36
X-1755,CLRN1-AS1,116933.0,Amp5,6.36
X-1755,CNTF,1270.0,MutNovel,"K133N,0.500"
X-1755,COMMD2,51122.0,Amp5,6.36
X-1755,COX18,285521.0,MutNovel,"S62L,0.333"
X-1755,CP,1356.0,Amp5,6.36
X-1755,CPA3,1359.0,Amp5,6.36
X-1755,CPB1,1360.0,Amp5,6.36
X-1755,CPN2,1370.0,Amp5,5.31
X-1755,CRYGS,1427.0,Amp5,5.24
X-1755,CYP4F2,8529.0,MutNovel,"R261H,0.800"
X-1755,DCHS1,8642.0,MutNovel,"A2926T,0.375"
X-1755,DCUN1D1,54165.0,Amp5,5.24
X-1755,DDX3X,1654.0,MutKnownFunctional,"S489*,0.963"
X-1755,DENND1C,79958.0,MutNovel,"K505N,0.487"
X-1755,DEXI,28955.0,MutNovel,"L10V,0.474"
X-1755,DGCR6,8214.0,MutNovel,"A95V,0.545"
X-1755,DGKG,1608.0,Amp5,5.24
X-1755,DHX36,170506.0,Amp5,6.36
X-1755,DLG1,1739.0,Amp5,5.17
X-1755,DNAJB11,51726.0,Amp5,5.24
X-1755,DNAJC19,131118.0,Amp5,5.24
X-1755,DOCK6,57572.0,MutNovel,"R1151C,0.447"
X-1755,DVL3,1857.0,Amp5,5.24
X-1755,DYRK1A,1859.0,MutNovel,"S494F,0.447"
X-1755,E2F2,1870.0,MutNovel,"Q384R,0.538"
X-1755,ECE2,9718.0,Amp5,5.24
X-1755,ECT2,1894.0,Amp5,6.41
X-1755,EGFEM1P,93556.0,Amp5,6.41
X-1755,EHHADH,1962.0,Amp5,5.24
X-1755,EIF2A,83939.0,Amp5,6.36
X-1755,EIF2B5,8893.0,Amp5,5.24
X-1755,EIF4A2,1974.0,Amp5,5.24
X-1755,EIF4G1,1981.0,Amp5,5.24
X-1755,EIF5A2,56648.0,Amp5,6.41
X-1755,EMILIN3,90187.0,MutNovel,"H55P,0.667"
X-1755,ENO1,2023.0,MutNovel,"M94I,0.505"
X-1755,EPHB3,2049.0,MutKnownFunctional,"Y68*,0.240"
X-1755,EPHB3,2049.0,Amp5,5.24
X-1755,ERBB2,2064.0,MutNovel,"D1058A,0.357"
X-1755,ETV5,2119.0,Amp5,5.24
X-1755,FAM106A,80039.0,Del0.8,0.65
X-1755,FAM131A,131408.0,Amp5,5.24
X-1755,FAM157A,728262.0,Amp5,5.17
X-1755,FAM194A,131831.0,Amp5,6.36
X-1755,FAM43A,131583.0,Amp5,5.31
X-1755,FAM8A1,51439.0,MutNovel,"Y141S,0.500"
X-1755,FBXL6,26233.0,MutNovel,"Y502N,0.466"
X-1755,FBXO32,114907.0,MutNovel,"L180P,0.557"
X-1755,FBXO45,200933.0,Amp5,5.17
X-1755,FETUB,26998.0,Amp5,5.24
X-1755,FGF12,2257.0,Amp5,5.21
X-1755,FLJ34208,401106.0,Amp5,5.31
X-1755,FLJ42393,401105.0,Amp5,5.24
X-1755,FLJ46066,401103.0,Amp5,5.24
X-1755,FNDC3B,64778.0,Amp5,6.41
X-1755,FOXA1,3169.0,Amp8,10.27
X-1755,FRAS1,80144.0,MutNovel,"A2663V,0.412"
X-1755,FTH1,2495.0,MutNovel,"S17L,0.490"
X-1755,FUT10,84750.0,MutNovel,"S308F,0.600"
X-1755,FXR1,8087.0,Amp5,5.24
X-1755,FYTTD1,84248.0,Amp5,5.17
X-1755,GAN,8139.0,MutNovel,"R479H,0.625"
X-1755,GAPVD1,26130.0,MutNovel,"N894S,0.375"
X-1755,GHSR,2693.0,Amp5,6.41
X-1755,GMNC,647309.0,Amp5,5.24
X-1755,GMPS,8833.0,Amp5,6.36
X-1755,GNB4,59345.0,Amp5,5.24
X-1755,GOLGA6L9,440295.0,MutNovel,"G72C,1.000"
X-1755,GOLIM4,27333.0,Amp5,6.41
X-1755,GP5,2814.0,Amp5,5.31
X-1755,GPR149,344758.0,Amp5,6.36
X-1755,GPR160,26996.0,Amp5,6.41
X-1755,GPR171,29909.0,Amp5,6.36
X-1755,GPR87,53836.0,Amp5,6.36
X-1755,GPR89A,653519.0,MutNovel,"R149Q,0.474"
X-1755,GRN,2896.0,MutNovel,"R101Q,0.501"
X-1755,GSTM5,2949.0,MutNovel,"N85S,0.983"
X-1755,GYG1,2992.0,Amp5,6.36
X-1755,HDAC6,10013.0,MutNovel,"S290F,1.000"
X-1755,HECTD1,25831.0,MutNovel,"M1583K,0.277"
X-1755,HES1,3280.0,Amp5,5.31
X-1755,HLA-G,3135.0,MutNovel,"Y195H,1.000"
X-1755,HLTF,6596.0,Amp5,6.36
X-1755,HPS3,84343.0,Amp5,6.36
X-1755,HR,55806.0,MutNovel,"R1095L,0.592"
X-1755,HRASLS,57110.0,Amp5,5.31
X-1755,HRG,3273.0,Amp5,5.24
X-1755,HSPA1A,3303.0,MutNovel,"M122K,0.500"
X-1755,HTR3C,170572.0,Amp5,5.24
X-1755,HTR3D,200909.0,Amp5,5.24
X-1755,HTR3E,285242.0,Amp5,5.24
X-1755,HUNK,30811.0,MutNovel,"Y61L,0.750"
X-1755,IFT80,57560.0,Amp5,6.5
X-1755,IFT81,28981.0,MutNovel,"G426S,0.457"
X-1755,IGF2BP2,10644.0,Amp5,5.24
X-1755,IGSF10,285313.0,Amp5,6.36
X-1755,IGSF3,3321.0,MutNovel,"D1041G,0.429"
X-1755,IL12A,3592.0,Amp5,6.5
X-1755,IL1RAP,3556.0,Amp5,5.24
X-1755,IL6ST,3572.0,MutNovel,"A628V,0.222"
X-1755,INADL,10207.0,MutNovel,"L251I,0.491"
X-1755,IQCG,84223.0,Amp5,5.17
X-1755,IQCJ,654502.0,Amp5,6.5
X-1755,IQCJ-SCHIP1,100505385.0,Amp5,6.5
X-1755,ITFG1,81533.0,MutNovel,"C578S,0.576"
X-1755,ITPRIPL1,150771.0,MutNovel,"E423D,0.531"
X-1755,JTB,10899.0,MutNovel,"E37K,0.254"
X-1755,KANSL1,,MutNovel,"R315W,0.212"
X-1755,KAT2A,2648.0,MutNovel,"K124E,0.314"
X-1755,KCMF1,56888.0,MutNovel,"S308A,0.482"
X-1755,KCNAB1,7881.0,Amp5,6.36
X-1755,KCNMB2,10242.0,Amp5,5.24
X-1755,KCNMB3,27094.0,Amp5,5.24
X-1755,KCNRG,283518.0,MutKnownFunctional,"-100,1.000"
X-1755,KIAA0226,9711.0,Amp5,5.17
X-1755,KIAA1143,57456.0,MutNovel,"V7I,0.400"
X-1755,KIAA1324L,222223.0,MutNovel,"E1017K,0.565"
X-1755,KIAA1324L,222223.0,MutNovel,"T564A,0.706"
X-1755,KIAA1407,57577.0,MutNovel,"P126L,0.889"
X-1755,KIAA1967,57805.0,MutNovel,"T454I,0.547"
X-1755,KIF20B,9585.0,MutNovel,"L1062LKV,0.519"
X-1755,KLHL24,54800.0,Amp5,5.24
X-1755,KLHL6,89857.0,Amp5,5.24
X-1755,KNG1,3827.0,Amp5,5.24
X-1755,KPNA4,3840.0,Amp5,6.5
X-1755,KRT6C,286887.0,MutNovel,"S348R,0.267"
X-1755,KRT6C,286887.0,MutNovel,"A155T,0.333"
X-1755,KRT83,3889.0,MutNovel,"G378E,1.000"
X-1755,KRT84,3890.0,MutNovel,"I113S,1.000"
X-1755,KRT84,3890.0,MutNovel,"A109G,1.000"
X-1755,KRT85,3891.0,MutNovel,"S316P,1.000"
X-1755,LAMA3,3909.0,MutNovel,"G1376R,1.000"
X-1755,LAMB3,3914.0,MutNovel,"A330T,0.453"
X-1755,LAMP3,27074.0,Amp5,5.24
X-1755,LEKR1,389170.0,Amp5,6.36
X-1755,LEPREL1,55214.0,Amp5,5.24
X-1755,LGALS9C,654346.0,Del0.8,0.39
X-1755,LIPH,200879.0,Amp5,5.24
X-1755,LMLN,89782.0,Amp5,5.17
X-1755,LOC100128023,100128023.0,Amp5,5.31
X-1755,LOC100128164,100128164.0,Amp5,6.41
X-1755,LOC100129794,100129794.0,Amp8,10.27
X-1755,LOC100131551,100131551.0,Amp5,5.31
X-1755,LOC100131635,100131635.0,Amp5,5.24
X-1755,LOC100288332,,MutNovel,"L270V,0.750"
X-1755,LOC100288332,,MutNovel,"R269C,1.000"
X-1755,LOC100498859,100498859.0,Amp5,6.36
X-1755,LOC100505687,100505687.0,Amp5,5.24
X-1755,LOC100507391,100507391.0,Amp5,5.31
X-1755,LOC100507537,100507537.0,Amp5,6.36
X-1755,LOC152217,152217.0,Amp5,5.17
X-1755,LOC201651,201651.0,Amp5,6.36
X-1755,LOC220729,220729.0,Amp5,5.17
X-1755,LOC253573,253573.0,Amp5,5.24
X-1755,LOC339894,339894.0,Amp5,6.36
X-1755,LOC344887,344887.0,Amp5,5.24
X-1755,LOC401093,401093.0,Amp5,6.36
X-1755,LOC401109,401109.0,Amp5,5.17
X-1755,LOC646168,646168.0,Amp5,6.41
X-1755,LOC646903,646903.0,Amp5,6.36
X-1755,LOC647107,647107.0,Amp5,6.59
X-1755,LOC647323,647323.0,Amp5,5.31
X-1755,LOC727924,727924.0,Del0.8,0.8
X-1755,LOC730091,730091.0,Amp5,6.36
X-1755,LPP,4026.0,Amp5,5.24
X-1755,LPP-AS2,339929.0,Amp5,5.24
X-1755,LRCH3,84859.0,Amp5,5.17
X-1755,LRP11,84918.0,MutNovel,"R106C,0.655"
X-1755,LRRC15,131578.0,Amp5,5.31
X-1755,LRRC24,441381.0,MutNovel,"A487G,0.514"
X-1755,LRRC31,79782.0,Amp5,6.41
X-1755,LRRC33,375387.0,Amp5,5.17
X-1755,LRRC34,151827.0,Amp5,6.41
X-1755,LRRIQ4,344657.0,Amp5,6.41
X-1755,LSG1,55341.0,Amp5,5.31
X-1755,LSR,51599.0,MutNovel,"G518GR,0.746"
X-1755,LXN,56925.0,Amp5,6.5
X-1755,MACF1,23499.0,MutNovel,"E1472Q,0.556"
X-1755,MAGEF1,64110.0,Amp5,5.24
X-1755,MALSU1,,MutNovel,"N105S,0.487"
X-1755,MAML1,9794.0,MutNovel,"R190H,0.500"
X-1755,MAP3K13,9175.0,Amp5,5.24
X-1755,MAP6D1,79929.0,Amp5,5.24
X-1755,MASP1,5648.0,Amp5,5.24
X-1755,MAZ,4150.0,MutNovel,"A160G,0.578"
X-1755,MB21D2,151963.0,Amp5,5.21
X-1755,MBD2,8932.0,MutNovel,"M213I,0.633"
X-1755,MBNL1,4154.0,Amp5,6.36
X-1755,MCCC1,56922.0,Amp5,5.24
X-1755,MCF2L2,23101.0,Amp5,5.24
X-1755,MCOLN1,57192.0,MutNovel,"G9A,0.667"
X-1755,MECOM,2122.0,Amp5,6.41
X-1755,MED12L,116931.0,Amp5,6.36
X-1755,MFI2,4241.0,Amp5,5.17
X-1755,MFI2-AS1,100507057.0,Amp5,5.17
X-1755,MFN1,55669.0,Amp5,5.24
X-1755,MFSD1,64747.0,Amp5,6.5
X-1755,MGC2889,84789.0,Amp5,5.31
X-1755,MIPOL1,145282.0,Amp8,10.27
X-1755,MIR1224,100187716.0,Amp5,5.24
X-1755,MIR15B,406949.0,Amp5,6.5
X-1755,MIR16-2,406951.0,Amp5,6.5
X-1755,MIR3919,100500803.0,Amp5,6.5
X-1755,MIR4316,100422851.0,Del0.8,0.4
X-1755,MIR4503,100616280.0,Amp8,10.27
X-1755,MIR4789,100616395.0,Amp5,6.41
X-1755,MIR4797,100616216.0,Amp5,5.17
X-1755,MIR548H2,100313773.0,Amp5,6.36
X-1755,MIR551B,693136.0,Amp5,6.41
X-1755,MIR569,693154.0,Amp5,6.41
X-1755,MIR570,693155.0,Amp5,5.31
X-1755,MIR922,100126321.0,Amp5,5.17
X-1755,MIR944,100126340.0,Amp5,5.24
X-1755,MLF1,4291.0,Amp5,6.36
X-1755,MLL2,8085.0,MutNovel,"E308Q,0.667"
X-1755,MME,4311.0,Amp5,6.36
X-1755,MRPL47,57129.0,Amp5,5.24
X-1755,MTUS1,57509.0,MutNovel,"H593N,0.483"
X-1755,MTX3,345778.0,MutNovel,"G185A,0.609"
X-1755,MUC20,200958.0,Amp5,5.17
X-1755,MUC4,4585.0,Amp5,5.17
X-1755,MYNN,55892.0,Amp5,6.41
X-1755,NAALADL2,254827.0,Amp5,5.78
X-1755,NBN,4683.0,MutNovel,"K627R,0.277"
X-1755,NCBP2,22916.0,Amp5,5.17
X-1755,NCEH1,57552.0,Amp5,6.41
X-1755,NCKIPSD,51517.0,MutNovel,"E72K,0.382"
X-1755,NDE1,54820.0,MutNovel,"N255T,0.457"
X-1755,NDST1,3340.0,MutNovel,"L620F,0.464"
X-1755,NDUFB5,4711.0,Amp5,5.24
X-1755,NDUFS1,4719.0,MutNovel,"K226N,0.485"
X-1755,NFATC1,4772.0,MutNovel,"E537Q,0.333"
X-1755,NFE2L2,4780.0,MutKnownFunctional,"E79K,0.434"
X-1755,NFIA,4774.0,MutNovel,"A390V,0.214"
X-1755,NFKB2,4791.0,MutNovel,"P387L,0.455"
X-1755,NLGN1,22871.0,Amp5,6.41
X-1755,NMD3,51068.0,Amp5,6.5
X-1755,NOL6,65083.0,MutKnownFunctional,"Y372*,0.294"
X-1755,NPIPL3,23117.0,MutNovel,"P786S,0.800"
X-1755,NR1H2,7376.0,MutNovel,"-173Q,0.347"
X-1755,NRTN,4902.0,MutNovel,"R91G,0.681"
X-1755,NRTN,4902.0,MutNovel,"A94E,0.652"
X-1755,NTPCR,84284.0,MutNovel,"G142V,0.456"
X-1755,OPA1,4976.0,Amp5,5.31
X-1755,OR2T10,127069.0,Amp5,5.13
X-1755,OR2T11,127077.0,Amp5,5.13
X-1755,OR2T34,127068.0,Amp5,5.13
X-1755,OR4M2,390538.0,Del0.8,0.42
X-1755,OR4N4,283694.0,Del0.8,0.42
X-1755,ORAI1,84876.0,MutNovel,"PP43-,1.000"
X-1755,OSR1,130497.0,MutNovel,"R136C,0.625"
X-1755,OSTN,344901.0,Amp5,5.24
X-1755,OSTalpha,200931.0,Amp5,5.17
X-1755,OTOL1,131149.0,Amp5,6.5
X-1755,OTOP3,347741.0,MutNovel,"R441S,0.400"
X-1755,OXA1L,5018.0,MutNovel,"Q389R,0.395"
X-1755,P2RY1,5028.0,Amp5,6.36
X-1755,P2RY12,64805.0,Amp5,6.36
X-1755,P2RY13,53829.0,Amp5,6.36
X-1755,P2RY14,9934.0,Amp5,6.36
X-1755,PA2G4P4,647033.0,Amp5,6.36
X-1755,PAFAH2,5051.0,MutNovel,"P264A,0.488"
X-1755,PAK2,5062.0,Amp5,5.17
X-1755,PARL,55486.0,Amp5,5.24
X-1755,PAX9,5083.0,Amp8,10.06
X-1755,PCDHGB2,56103.0,MutNovel,"D323V,1.000"
X-1755,PCYT1A,5130.0,Amp5,5.17
X-1755,PDCD10,11235.0,Amp5,6.41
X-1755,PER1,5187.0,MutNovel,"P899S,0.492"
X-1755,PEX5L,51555.0,Amp5,5.24
X-1755,PFN2,5217.0,Amp5,6.36
X-1755,PHC3,80012.0,Amp5,6.41
X-1755,PHF8,23133.0,Del0.8,0.75
X-1755,PIF1,80119.0,MutKnownFunctional,"E49*,0.615"
X-1755,PIGX,54965.0,Amp5,5.17
X-1755,PIGZ,80235.0,Amp5,5.17
X-1755,PIK3CA,5290.0,Amp5,5.24
X-1755,PLCH1,23007.0,Amp5,6.36
X-1755,PLD1,5337.0,Amp5,6.41
X-1755,PLEC,5339.0,MutNovel,"R2276C,0.615"
X-1755,PLOD2,5352.0,MutNovel,"I578T,0.327"
X-1755,PLSCR1,5359.0,Amp5,6.36
X-1755,PLSCR2,57047.0,Amp5,6.36
X-1755,PLSCR4,57088.0,Amp5,6.36
X-1755,PLSCR5,389158.0,Amp5,6.36
X-1755,POLR2H,5437.0,Amp5,5.24
X-1755,POM121C,100101267.0,MutNovel,"P694L,0.444"
X-1755,POM121C,100101267.0,MutNovel,"V8L,0.391"
X-1755,PPIL2,23759.0,MutNovel,"A238T,0.510"
X-1755,PPM1L,151742.0,Amp5,6.5
X-1755,PPOX,5498.0,MutNovel,"L446P,0.707"
X-1755,PPP1R2,5504.0,Amp5,5.31
X-1755,PRKCI,5584.0,Amp5,6.41
X-1755,PRPF4,9128.0,MutNovel,"R270Q,0.430"
X-1755,PSMD2,5708.0,Amp5,5.24
X-1755,PTGFRN,5738.0,MutNovel,"N44S,0.531"
X-1755,PTPN23,25930.0,MutNovel,"P1546A,0.627"
X-1755,PTX3,5806.0,Amp5,6.36
X-1755,PYDC2,152138.0,Amp5,5.24
X-1755,RAB11FIP5,26056.0,MutNovel,"K155-,0.484"
X-1755,RACGAP1,29127.0,MutNovel,"R306L,0.525"
X-1755,RAP2B,5912.0,Amp5,6.36
X-1755,RAPGEF2,9693.0,MutNovel,"N963S,0.524"
X-1755,RARRES1,5918.0,Amp5,6.5
X-1755,RFC4,5984.0,Amp5,5.24
X-1755,RHD,6007.0,Del0.8,0.64
X-1755,RIN1,9610.0,MutNovel,"E753Q,0.282"
X-1755,RNF126,55658.0,MutNovel,"T74M,1.000"
X-1755,RNF13,11342.0,Amp5,6.36
X-1755,RNF168,165918.0,Amp5,5.17
X-1755,RPL22L1,200916.0,Amp5,6.41
X-1755,RPL35A,6165.0,Amp5,5.17
X-1755,RPL39L,116832.0,Amp5,5.24
X-1755,RSRC1,51319.0,Amp5,6.36
X-1755,RTP1,132112.0,Amp5,5.24
X-1755,RTP2,344892.0,Amp5,5.24
X-1755,RTP4,64108.0,Amp5,5.24
X-1755,SAMD7,344658.0,Amp5,6.41
X-1755,SBF2,81846.0,MutNovel,"F919L,0.765"
X-1755,SCARNA7,677767.0,Amp5,6.5
X-1755,SCHIP1,29970.0,Amp5,6.5
X-1755,SCLY,51540.0,MutNovel,"K60T,0.588"
X-1755,SDHAP1,255812.0,Amp5,5.17
X-1755,SDHAP2,727956.0,Amp5,5.31
X-1755,SDK1,221935.0,MutNovel,"S58P,1.000"
X-1755,SDK1,221935.0,MutNovel,"A370T,0.562"
X-1755,SEC62,7095.0,Amp5,6.41
X-1755,SELT,51714.0,Amp5,6.36
X-1755,SEMA4B,10509.0,MutNovel,"A13P,0.362"
X-1755,SENP2,59343.0,Amp5,5.24
X-1755,SENP5,205564.0,Amp5,5.17
X-1755,SEPP1,6414.0,MutNovel,"L184P,1.000"
X-1755,2014-09-09 00:00:00,10801.0,Del0.8,0.68
X-1755,SERF2,10169.0,MutNovel,"V42I,0.450"
X-1755,SERINC2,347735.0,MutNovel,"-373Q,0.507"
X-1755,SERP1,27230.0,Amp5,6.36
X-1755,SERPINI1,5274.0,Amp5,6.41
X-1755,SERPINI2,5276.0,Amp5,6.41
X-1755,SHOX2,6474.0,Amp5,6.36
X-1755,SI,6476.0,Amp5,6.41
X-1755,SIAH2,6478.0,Amp5,6.36
X-1755,SIGIRR,59307.0,MutNovel,"R7G,0.590"
X-1755,SKIL,6498.0,Amp5,6.41
X-1755,SLC1A5,6510.0,MutNovel,"E444K,0.469"
X-1755,SLC25A21,89874.0,Amp8,12.04
X-1755,SLC2A2,6514.0,Amp5,6.41
X-1755,SLC33A1,9197.0,Amp5,6.36
X-1755,SLC7A14,57709.0,Amp5,6.41
X-1755,SLITRK3,22865.0,Amp5,6.41
X-1755,SMC4,10051.0,Amp5,6.5
X-1755,SMC5,23137.0,MutNovel,"K435R,0.455"
X-1755,SMG1,23049.0,MutNovel,"S850N,0.500"
X-1755,SMYD4,114826.0,MutNovel,"D362N,0.609"
X-1755,SNAR-I,100170222.0,Amp5,5.24
X-1755,SNORA4,619568.0,Amp5,5.24
X-1755,SNORA63,6043.0,Amp5,5.24
X-1755,SNORA81,677847.0,Amp5,5.24
X-1755,SNORD2,619567.0,Amp5,5.24
X-1755,SNORD66,692107.0,Amp5,5.24
X-1755,SNTA1,6640.0,MutNovel,"P273L,0.796"
X-1755,SNX6,58533.0,Amp8,9.19
X-1755,SOX12,6666.0,MutKnownFunctional,"E241*,0.362"
X-1755,SOX2,6657.0,Amp5,5.24
X-1755,SOX2-OT,347689.0,Amp5,5.24
X-1755,SPAG11A,653423.0,MutNovel,"R60W,1.000"
X-1755,SPANXA2,728712.0,Del0.8,0.55
X-1755,SPANXA2,728712.0,Del0.8,0.55
X-1755,SPATA16,83893.0,Amp5,6.41
X-1755,SPEN,23013.0,MutKnownFunctional,"K821*,0.477"
X-1755,SPRR2F,6705.0,MutNovel,"P38S,0.333"
X-1755,SPTSSA,171546.0,Amp8,10.78
X-1755,SPTSSB,165679.0,Amp5,6.5
X-1755,SREBF2,6721.0,MutKnownFunctional,"Q132*,0.376"
X-1755,SS18L1,26039.0,MutNovel,"Q300R,0.500"
X-1755,SSR3,6747.0,Amp5,6.36
X-1755,SST,6750.0,Amp5,5.24
X-1755,SSTR1,6751.0,Amp8,10.27
X-1755,ST6GAL1,6480.0,Amp5,5.24
X-1755,STK35,140901.0,MutNovel,"A132T,0.448"
X-1755,SUCNR1,56670.0,Amp5,6.36
X-1755,SULF2,55959.0,MutNovel,"T453M,0.857"
X-1755,SYNGAP1,8831.0,MutKnownFunctional,"W242*,0.579"
X-1755,SYT15,83849.0,MutNovel,"V367A,1.000"
X-1755,TAPT1,202018.0,MutNovel,"F135S,0.447"
X-1755,TBCCD1,55171.0,Amp5,5.24
X-1755,TBL1XR1,79718.0,Amp5,5.24
X-1755,TBRG1,84897.0,MutNovel,"T386R,0.550"
X-1755,TBX3,6926.0,MutNovel,"P433A,0.462"
X-1755,TCTEX1D2,255758.0,Amp5,5.17
X-1755,TERC,7012.0,Amp5,6.41
X-1755,TFRC,7037.0,Amp5,5.17
X-1755,THBS3,7059.0,MutNovel,"PGL763L,0.519"
X-1755,THPO,7066.0,Amp5,5.24
X-1755,TIPARP,25976.0,Amp5,6.36
X-1755,TIPARP-AS1,100287227.0,Amp5,6.36
X-1755,TM4SF1,4071.0,Amp5,6.36
X-1755,TM4SF18,116441.0,Amp5,6.36
X-1755,TM4SF19,116211.0,Amp5,5.17
X-1755,TM4SF19-TCTEX1D2,100534611.0,Amp5,5.17
X-1755,TM4SF4,7104.0,Amp5,6.36
X-1755,TMCC2,9911.0,MutNovel,"G400I,0.714"
X-1755,TMEM14E,645843.0,Amp5,6.36
X-1755,TMEM207,131920.0,Amp5,5.24
X-1755,TMEM212,389177.0,Amp5,6.41
X-1755,TMEM41A,90407.0,Amp5,5.24
X-1755,TMEM44,93109.0,Amp5,5.31
X-1755,TMEM70,54968.0,MutNovel,"S57L,0.565"
X-1755,TNFRSF10A,8797.0,MutNovel,"R282C,0.541"
X-1755,TNFSF10,8743.0,Amp5,6.41
X-1755,TNIK,23043.0,Amp5,6.41
X-1755,TNK2,10188.0,Amp5,5.17
X-1755,TNKS1BP1,85456.0,MutNovel,"E373K,0.541"
X-1755,TNRC18,84629.0,MutNovel,"P1668A,0.440"
X-1755,TP63,8626.0,Amp5,5.24
X-1755,TPRG1,285386.0,Amp5,5.24
X-1755,TRA2B,6434.0,Amp5,5.24
X-1755,TRIM59,286827.0,Amp5,6.5
X-1755,TRIOBP,11078.0,MutNovel,"K2163N,0.433"
X-1755,TRIOBP,11078.0,MutNovel,"E2169K,0.451"
X-1755,TRIOBP,11078.0,MutNovel,"E2239Q,0.353"
X-1755,TSC22D2,9819.0,Amp5,6.36
X-1755,TSPYL1,7259.0,MutNovel,"V176VW,0.486"
X-1755,TSR2,90121.0,MutNovel,"D168E,1.000"
X-1755,TTC14,151613.0,Amp5,5.24
X-1755,TTC37,9652.0,MutNovel,"K661N,0.488"
X-1755,TYW1B,441250.0,MutNovel,"N182D,0.429"
X-1755,UBXN7,26043.0,Amp5,5.17
X-1755,UGT1A9,54600.0,MutNovel,"N152A,1.000"
X-1755,USP13,8975.0,Amp5,5.24
X-1755,USP32P2,220594.0,Del0.8,0.65
X-1755,USP36,57602.0,MutNovel,"KKK958K,0.698"
X-1755,UTS2D,257313.0,Amp5,5.24
X-1755,UTY,7404.0,MutNovel,"GG1059VR,0.667"
X-1755,UTY,7404.0,MutNovel,"L1056S,1.000"
X-1755,UTY,7404.0,MutNovel,"EL1054VG,1.000"
X-1755,UTY,7404.0,MutNovel,"E1054Q,1.000"
X-1755,UTY,7404.0,MutNovel,"Q1050R,0.750"
X-1755,UTY,7404.0,MutNovel,"Q1050R,0.750"
X-1755,UTY,7404.0,MutNovel,"V1048H,0.500"
X-1755,UTY,7404.0,MutNovel,"HH1046QA,0.500"
X-1755,UTY,7404.0,MutNovel,"CI1038WL,0.500"
X-1755,UTY,7404.0,MutNovel,"P983R,0.364"
X-1755,UTY,7404.0,MutNovel,"P983S,0.538"
X-1755,UTY,7404.0,MutNovel,"C962S,0.778"
X-1755,UTY,7404.0,MutNovel,"K961Q,0.667"
X-1755,UTY,7404.0,MutNovel,"GL951DT,0.286"
X-1755,UTY,7404.0,MutNovel,"PL915QK,0.273"
X-1755,UTY,7404.0,MutNovel,"LP914AA,0.308"
X-1755,UTY,7404.0,MutKnownFunctional,"VD912V*,0.308"
X-1755,UTY,7404.0,MutNovel,"KV911IQ,0.308"
X-1755,UTY,7404.0,MutNovel,"QS907PF,0.250"
X-1755,UTY,7404.0,MutNovel,"SQ906NK,0.250"
X-1755,UTY,7404.0,MutNovel,"K905R,0.250"
X-1755,UTY,7404.0,MutNovel,"G904Q,0.227"
X-1755,UTY,7404.0,MutNovel,"GL902HL,0.250"
X-1755,UTY,7404.0,MutNovel,"E901S,0.250"
X-1755,UTY,7404.0,MutNovel,"H570Q,0.400"
X-1755,UTY,7404.0,MutNovel,"V561Y,0.429"
X-1755,UTY,7404.0,MutKnownFunctional,"K559*,0.571"
X-1755,UTY,7404.0,MutNovel,"MR556KS,0.556"
X-1755,UTY,7404.0,MutNovel,"M556L,0.625"
X-1755,UTY,7404.0,MutNovel,"Q555S,0.556"
X-1755,UTY,7404.0,MutKnownFunctional,"QQ554T*,0.667"
X-1755,UTY,7404.0,MutNovel,"LM552FS,0.625"
X-1755,UTY,7404.0,MutNovel,"VL551AQ,0.625"
X-1755,UTY,7404.0,MutNovel,"FV550YI,0.600"
X-1755,UTY,7404.0,MutNovel,"T518L,0.923"
X-1755,UTY,7404.0,MutKnownFunctional,"S505*,0.875"
X-1755,UTY,7404.0,MutNovel,"S505Q,0.938"
X-1755,UTY,7404.0,MutNovel,"P365R,0.800"
X-1755,UTY,7404.0,MutNovel,"Y359F,0.300"
X-1755,UTY,7404.0,MutNovel,"Y359I,0.300"
X-1755,UTY,7404.0,MutNovel,"G356C,0.700"
X-1755,UTY,7404.0,MutNovel,"W352R,0.375"
X-1755,UTY,7404.0,MutNovel,"A351S,0.500"
X-1755,UTY,7404.0,MutNovel,"HA348QT,0.375"
X-1755,UTY,7404.0,MutNovel,"H348P,0.429"
X-1755,UTY,7404.0,MutNovel,"H348A,0.667"
X-1755,UTY,7404.0,MutNovel,"DH345EN,0.667"
X-1755,UTY,7404.0,MutNovel,"QL343HW,0.600"
X-1755,UTY,7404.0,MutKnownFunctional,"CA340*Q,0.714"
X-1755,UTY,7404.0,MutNovel,"C340V,0.625"
X-1755,UTY,7404.0,MutKnownFunctional,"A337*,0.833"
X-1755,UTY,7404.0,MutNovel,"EA312VI,0.833"
X-1755,UTY,7404.0,MutNovel,"SE311KK,0.800"
X-1755,UTY,7404.0,MutNovel,"K310W,0.833"
X-1755,UTY,7404.0,MutNovel,"D309C,0.833"
X-1755,UTY,7404.0,MutNovel,"QS282PA,0.667"
X-1755,UTY,7404.0,MutNovel,"D179I,0.333"
X-1755,UTY,7404.0,MutNovel,"M173L,0.375"
X-1755,UTY,7404.0,MutNovel,"LM172WL,0.375"
X-1755,UTY,7404.0,MutNovel,"G171V,0.375"
X-1755,UTY,7404.0,MutNovel,"G171M,0.375"
X-1755,UTY,7404.0,MutNovel,"LR168CV,0.333"
X-1755,UTY,7404.0,MutNovel,"A163P,0.500"
X-1755,UTY,7404.0,MutNovel,"C161S,0.500"
X-1755,UTY,7404.0,MutNovel,"Y116H,0.500"
X-1755,UTY,7404.0,MutNovel,"L102R,0.455"
X-1755,UTY,7404.0,MutNovel,"R65K,0.300"
X-1755,UTY,7404.0,MutNovel,"A64G,0.273"
X-1755,UTY,7404.0,MutNovel,"F54C,0.500"
X-1755,UTY,7404.0,MutKnownFunctional,"SE31N*,0.333"
X-1755,UTY,7404.0,MutNovel,"ES30IG,0.333"
X-1755,UTY,7404.0,MutNovel,"R29L,0.333"
X-1755,UTY,7404.0,MutNovel,"AS27VA,0.333"
X-1755,UTY,7404.0,MutKnownFunctional,"DE17A*,0.500"
X-1755,UTY,7404.0,MutNovel,"G16Q,0.500"
X-1755,UTY,7404.0,MutNovel,"AF14GP,0.500"
X-1755,UTY,7404.0,MutNovel,"A14S,0.500"
X-1755,UTY,7404.0,MutNovel,"A12L,0.400"
X-1755,UTY,7404.0,MutNovel,"TA10CP,0.286"
X-1755,VEPH1,79674.0,Amp5,6.36
X-1755,VPS8,23355.0,Amp5,5.24
X-1755,VWA5B2,90113.0,Amp5,5.24
X-1755,WASH1,100287171.0,MutNovel,"T302THHQ,0.385"
X-1755,WDFY3,23001.0,MutNovel,"H2933Y,0.405"
X-1755,WDR47,22911.0,MutNovel,"E653K,0.469"
X-1755,WDR49,151790.0,Amp5,6.41
X-1755,WDR53,348793.0,Amp5,5.17
X-1755,WDR89,112840.0,MutNovel,"D199N,1.000"
X-1755,WRN,7486.0,MutNovel,"E535V,0.500"
X-1755,WRNIP1,56897.0,MutNovel,"GDGD170-,0.837"
X-1755,WWTR1,25937.0,Amp5,6.36
X-1755,WWTR1-AS1,100128025.0,Amp5,6.36
X-1755,XXYLT1,152002.0,Amp5,5.31
X-1755,YEATS2,55689.0,Amp5,5.24
X-1755,ZBBX,79740.0,Amp5,6.41
X-1755,ZCCHC14,23174.0,MutNovel,"T382P,0.818"
X-1755,ZCCHC14,23174.0,MutNovel,"R378P,0.400"
X-1755,ZDHHC11,79844.0,MutNovel,"A303D,0.294"
X-1755,ZDHHC19,131540.0,Amp5,5.17
X-1755,ZDHHC4,55146.0,MutNovel,"L327V,0.583"
X-1755,ZFP161,7541.0,MutNovel,"R384T,0.269"
X-1755,ZIC1,7545.0,Amp5,6.36
X-1755,ZIC4,84107.0,Amp5,6.36
X-1755,ZMAT3,64393.0,Amp5,5.24
X-1755,ZNF219,51222.0,MutNovel,"QPP233P,0.308"
X-1755,ZNF394,84124.0,MutNovel,"Q405R,0.519"
X-1755,ZNF431,170959.0,MutNovel,"N326K,0.300"
X-1755,ZNF516,9658.0,MutNovel,"P484L,0.273"
X-1755,ZNF530,348327.0,MutNovel,"E324D,0.333"
X-1755,ZNF569,148266.0,MutNovel,"S132C,0.429"
X-1755,ZNF606,80095.0,MutNovel,"Y345H,0.667"
X-1755,ZNF639,51193.0,Amp5,5.24
X-1755,ZNF749,388567.0,MutKnownFunctional,"-659,0.556"
X-1755,ZNF75D,7626.0,MutNovel,"I100V,1.000"
X-1755,ZNF765,91661.0,MutNovel,"I116S,0.571"
X-1755,ZNF850,342892.0,MutNovel,"E1062K,0.750"
X-1755,ZNF888,,MutNovel,"E603D,0.769"
X-1755,ZRANB1,54764.0,MutKnownFunctional,"-709?,0.388"
X-1787,AAGAB,79719.0,Amp5,6.36
X-1787,ACAD8,27034.0,MutNovel,"L299F,0.714"
X-1787,ACE2,59272.0,Del0.8,0.65
X-1787,ACOT9,23597.0,Del0.8,0.65
X-1787,ACSBG1,23205.0,Amp5,5.35
X-1787,ACTC1,70.0,Amp5,5.5
X-1787,ADAM18,8749.0,Del0.8,0.68
X-1787,ADAM2,2515.0,Del0.8,0.68
X-1787,ADAM28,10863.0,Del0.8,0.73
X-1787,ADAM32,203102.0,Del0.8,0.68
X-1787,ADAM3A,1587.0,Del0.8,0.68
X-1787,ADAM5P,255926.0,Del0.8,0.68
X-1787,ADAM7,8756.0,Del0.8,0.73
X-1787,ADAM9,8754.0,Del0.8,0.68
X-1787,ADAMDEC1,27299.0,Del0.8,0.73
X-1787,ADCK5,203054.0,MutNovel,"V466A,1.000"
X-1787,ADRA1A,148.0,Del0.8,0.71
X-1787,AGBL1,123624.0,Amp5,5.82
X-1787,AGPAT5,55326.0,Del0.8,0.72
X-1787,AHNAK2,113146.0,MutNovel,"L5645V,0.565"
X-1787,AKAP13,11214.0,Amp5,5.21
X-1787,ALDH1B1,219.0,Del0.8,0.77
X-1787,ALOX5AP,241.0,Del0.8,0.72
X-1787,AMELX,265.0,Del0.8,0.65
X-1787,AMELY,266.0,Del0.8,0.25
X-1787,ANGPT2,285.0,Del0.8,0.72
X-1787,ANKRD18A,253650.0,Del0.8,0.77
X-1787,ANKS3,124401.0,MutNovel,"R556W,1.000"
X-1787,ANP32A,8125.0,Amp5,6.36
X-1787,ANP32A-IT1,80035.0,Amp5,6.36
X-1787,ANXA11,311.0,MutNovel,"Q221R,0.494"
X-1787,ANXA2,302.0,Amp5,5.21
X-1787,AP1S2,8905.0,Del0.8,0.65
X-1787,AP3S2,10239.0,Amp8,9.32
X-1787,APOO,79135.0,Del0.8,0.65
X-1787,ARAF,369.0,Del0.8,0.76
X-1787,ARHGAP11A,9824.0,Amp5,6.45
X-1787,ARHGAP11B,89839.0,Amp5,6.41
X-1787,ARHGAP6,395.0,Del0.8,0.65
X-1787,ARHGEF10,9639.0,Del0.8,0.78
X-1787,ARSD,414.0,Del0.8,0.66
X-1787,ARSE,415.0,Del0.8,0.66
X-1787,ARSF,416.0,Del0.8,0.66
X-1787,ARSH,347527.0,Del0.8,0.66
X-1787,ARX,170302.0,Del0.8,0.65
X-1787,ASAH1,427.0,Del0.8,0.72
X-1787,ASB11,140456.0,Del0.8,0.65
X-1787,ASB9,140462.0,Del0.8,0.65
X-1787,ATP6AP2,10159.0,Del0.8,0.69
X-1787,ATP6V1B2,526.0,Del0.8,0.72
X-1787,ATXN3L,92552.0,Del0.8,0.65
X-1787,AVEN,57099.0,Amp5,5.24
X-1787,B3GALTL,145173.0,Del0.8,0.69
X-1787,B3GNT6,192134.0,MutNovel,"G331D,1.000"
X-1787,BCL2A1,597.0,Amp8,8.69
X-1787,BCOR,54880.0,Del0.8,0.69
X-1787,BCORP1,286554.0,Del0.8,0.25
X-1787,BEND2,139105.0,Del0.8,0.65
X-1787,BIN3,55909.0,Del0.8,0.73
X-1787,BLK,640.0,Del0.8,0.73
X-1787,BMX,660.0,Del0.8,0.65
X-1787,BNIP2,663.0,Amp5,5.21
X-1787,BNIP3L,665.0,Del0.8,0.74
X-1787,BPY2B,442867.0,Del0.8,0.25
X-1787,BPY2B,442867.0,Del0.8,0.25
X-1787,BRCA2,675.0,Del0.8,0.74
X-1787,BRD4,23476.0,Del0.8,0.69
X-1787,BRF2,55290.0,Del0.8,0.77
X-1787,C10orf57,,MutNovel,"K140T,0.611"
X-1787,C13orf33,84935.0,Del0.8,0.69
X-1787,C15orf29,79768.0,Amp5,5.24
X-1787,C15orf37,283687.0,Amp8,8.69
X-1787,C15orf44,81556.0,Amp5,5.62
X-1787,C15orf55,256646.0,Amp5,5.24
X-1787,C15orf61,145853.0,Amp5,6.36
X-1787,C15orf62,643338.0,Amp5,7.89
X-1787,C2CD4A,145741.0,Amp5,5.21
X-1787,C8orf12,83656.0,Del0.8,0.73
X-1787,C8orf4,56892.0,Del0.8,0.68
X-1787,C8orf40,114926.0,Del0.8,0.69
X-1787,C8orf48,157773.0,Del0.8,0.69
X-1787,C8orf58,541565.0,Del0.8,0.73
X-1787,C8orf74,203076.0,Del0.8,0.73
X-1787,C8orf86,389649.0,Del0.8,0.68
X-1787,C9orf53,51198.0,Del0.8,0.34
X-1787,CA5B,11238.0,Del0.8,0.65
X-1787,CA5BP1,340591.0,Del0.8,0.65
X-1787,CALML4,91860.0,Amp5,6.36
X-1787,CAND1,55832.0,MutNovel,"I596V,0.221"
X-1787,CASK,8573.0,Del0.8,0.69
X-1787,CCDC25,55246.0,Del0.8,0.71
X-1787,CD46,4179.0,MutNovel,"A353V,0.469"
X-1787,CD99,4267.0,Del0.8,0.66
X-1787,CD99P1,401577.0,Del0.8,0.66
X-1787,CDCA2,157313.0,Del0.8,0.74
X-1787,CDKL5,6792.0,Del0.8,0.65
X-1787,CDKN2A,1029.0,Del0.8,0.34
X-1787,CDKN2B,1030.0,Del0.8,0.4
X-1787,CDY1B,253175.0,Del0.8,0.25
X-1787,CDY1B,253175.0,Del0.8,0.25
X-1787,CDY2A,9426.0,Del0.8,0.25
X-1787,CDY2A,9426.0,Del0.8,0.25
X-1787,CDY2B,203611.0,Del0.8,0.25
X-1787,CDY2B,203611.0,Del0.8,0.25
X-1787,CFHR3,10878.0,Amp5,5.39
X-1787,CG030,116828.0,Del0.8,0.67
X-1787,CHMP7,91782.0,Del0.8,0.73
X-1787,CHRM5,1133.0,Amp5,5.24
X-1787,CHRNA2,1135.0,Del0.8,0.71
X-1787,CHRNA5,1138.0,MutKnownFunctional,"-292,0.720"
X-1787,CHRNA6,8973.0,Del0.8,0.69
X-1787,CHRNA7,1139.0,Amp5,5.82
X-1787,CHRNB3,1142.0,Del0.8,0.69
X-1787,CHST7,56548.0,Del0.8,0.69
X-1787,CIB2,10518.0,Amp5,5.35
X-1787,CLCN4,1183.0,Del0.8,0.65
X-1787,CLDN23,137075.0,Del0.8,0.73
X-1787,CLN6,54982.0,Amp5,6.36
X-1787,CLN8,2055.0,Del0.8,0.78
X-1787,CLU,1191.0,Del0.8,0.71
X-1787,CNKSR2,22866.0,Del0.8,0.65
X-1787,CNOT7,29883.0,Del0.8,0.72
X-1787,CNPY2,10330.0,MutNovel,"P75R,0.635"
X-1787,CNTNAP3,79937.0,Del0.8,0.77
X-1787,CORO2B,10391.0,Amp5,6.36
X-1787,CPNE7,27132.0,MutNovel,"R529Q,1.000"
X-1787,CRABP1,1381.0,Amp5,5.35
X-1787,CSGALNACT1,55790.0,Del0.8,0.72
X-1787,CSPG4P1Y,114758.0,Del0.8,0.25
X-1787,CSPG4P1Y,114758.0,Del0.8,0.25
X-1787,CTPS2,56474.0,Del0.8,0.65
X-1787,CTSB,1508.0,Del0.8,0.73
X-1787,CUL5,8065.0,MutNovel,"F450C,0.676"
X-1787,CXXC1P1,392459.0,Del0.8,0.72
X-1787,CXorf21,80231.0,Del0.8,0.65
X-1787,CXorf22,170063.0,Del0.8,0.65
X-1787,CXorf23,256643.0,Del0.8,0.65
X-1787,CXorf27,25763.0,Del0.8,0.65
X-1787,CXorf28,100129464.0,Del0.8,0.66
X-1787,CXorf30,645090.0,Del0.8,0.65
X-1787,CXorf36,79742.0,Del0.8,0.69
X-1787,CXorf38,159013.0,Del0.8,0.69
X-1787,CXorf58,254158.0,Del0.8,0.65
X-1787,CXorf59,286464.0,Del0.8,0.65
X-1787,CYBB,1536.0,Del0.8,0.65
X-1787,CYP2C18,1562.0,MutNovel,"R478H,0.833"
X-1787,DAG1,1605.0,MutNovel,"V656M,0.537"
X-1787,DAZ1,1617.0,Del0.8,0.25
X-1787,DAZ2,57055.0,Del0.8,0.25
X-1787,DAZ3,57054.0,Del0.8,0.25
X-1787,DAZ3,57054.0,Del0.8,0.25
X-1787,DAZ4,57135.0,Del0.8,0.25
X-1787,DAZ4,57135.0,Del0.8,0.25
X-1787,DCAF10,79269.0,Del0.8,0.77
X-1787,DCAF8L1,139425.0,Del0.8,0.65
X-1787,DCAF8L2,347442.0,Del0.8,0.65
X-1787,DCLK1,9201.0,Del0.8,0.71
X-1787,DCTN6,10671.0,Del0.8,0.71
X-1787,DDHD2,23259.0,Del0.8,0.71
X-1787,DDX3X,1654.0,Del0.8,0.69
X-1787,DDX3Y,8653.0,Del0.8,0.25
X-1787,DDX53,168400.0,Del0.8,0.65
X-1787,DEFA10P,449493.0,Del0.8,0.72
X-1787,DEFA1B,728358.0,Del0.8,0.72
X-1787,DEFA4,1669.0,Del0.8,0.72
X-1787,DEFA5,1670.0,Del0.8,0.72
X-1787,DEFA6,1671.0,Del0.8,0.72
X-1787,DEFB1,1672.0,Del0.8,0.72
X-1787,DEFB134,613211.0,Del0.8,0.73
X-1787,DEFB135,613209.0,Del0.8,0.73
X-1787,DEFB136,613210.0,Del0.8,0.73
X-1787,DEFT1P,170949.0,Del0.8,0.72
X-1787,DENND4A,10260.0,Amp5,5.62
X-1787,DHRS4L2,317749.0,MutNovel,"V133M,0.500"
X-1787,DHRSX,207063.0,Del0.8,0.66
X-1787,DIS3L,115752.0,Amp5,5.62
X-1787,DKK4,27121.0,Del0.8,0.69
X-1787,DLC1,10395.0,Del0.8,0.69
X-1787,DLGAP2,9228.0,Del0.8,0.78
X-1787,DMD,1756.0,Del0.8,0.65
X-1787,DMRTA1,63951.0,Del0.8,0.15
X-1787,DNAJA4,55466.0,Amp5,5.35
X-1787,DNAJC17,55192.0,Amp5,7.89
X-1787,DOCK5,80005.0,Del0.8,0.74
X-1787,DOK2,9046.0,Del0.8,0.72
X-1787,DPYSL2,1808.0,Del0.8,0.74
X-1787,DUSP21,63904.0,Del0.8,0.69
X-1787,DUSP26,78986.0,Del0.8,0.66
X-1787,DUSP4,1846.0,Del0.8,0.71
X-1787,DYNC1LI1,51143.0,MutNovel,"M152I,0.488"
X-1787,DYNLT3,6990.0,Del0.8,0.65
X-1787,EBF2,64641.0,Del0.8,0.74
X-1787,EEF1DP3,196549.0,Del0.8,0.69
X-1787,EEFSEC,60678.0,MutNovel,"K165R,0.238"
X-1787,EFHA2,286097.0,Del0.8,0.72
X-1787,EFHC2,80258.0,Del0.8,0.69
X-1787,EGFL6,25975.0,Del0.8,0.65
X-1787,EGR3,1960.0,Del0.8,0.73
X-1787,EIF1AX,1964.0,Del0.8,0.65
X-1787,EIF1AY,9086.0,Del0.8,0.25
X-1787,EIF2S3,1968.0,Del0.8,0.65
X-1787,EIF3D,8664.0,MutNovel,"R99T,0.345"
X-1787,ELK1,2002.0,Del0.8,0.72
X-1787,ELP3,55140.0,Del0.8,0.71
X-1787,ENTPD4,9583.0,Del0.8,0.73
X-1787,EPB49,2039.0,Del0.8,0.72
X-1787,EPHX2,2053.0,Del0.8,0.71
X-1787,EPHX3,79852.0,Del0.8,0.69
X-1787,ERI1,90459.0,Del0.8,0.73
X-1787,ERICH1,157697.0,Del0.8,0.74
X-1787,ERLIN2,11160.0,Del0.8,0.77
X-1787,ESCO2,157570.0,Del0.8,0.71
X-1787,EXOSC3,51010.0,Del0.8,0.77
X-1787,EXTL3,2137.0,Del0.8,0.71
X-1787,FAM106A,80039.0,Del0.8,0.53
X-1787,FAM111B,374393.0,MutKnownFunctional,"-269?,0.357"
X-1787,FAM160B2,64760.0,Del0.8,0.72
X-1787,FAM167A,83648.0,Del0.8,0.73
X-1787,FAM197Y2P,252946.0,Del0.8,0.25
X-1787,FAM201A,158228.0,Del0.8,0.77
X-1787,FAM41AY1,340618.0,Del0.8,0.25
X-1787,FAM41AY1,340618.0,Del0.8,0.25
X-1787,FAM47A,158724.0,Del0.8,0.65
X-1787,FAM47B,170062.0,Del0.8,0.65
X-1787,FAM47C,442444.0,Del0.8,0.65
X-1787,FAM48B1,100130302.0,Del0.8,0.65
X-1787,FAM48B2,170067.0,Del0.8,0.65
X-1787,FAM82A2,55177.0,Amp5,7.89
X-1787,FAM9A,171482.0,Del0.8,0.65
X-1787,FAM9B,171483.0,Del0.8,0.65
X-1787,FAM9C,171484.0,Del0.8,0.65
X-1787,FANCB,2187.0,Del0.8,0.65
X-1787,FASN,2194.0,MutNovel,"S730F,0.600"
X-1787,FBXO10,26267.0,Del0.8,0.77
X-1787,FBXO16,157574.0,Del0.8,0.71
X-1787,FDFT1,2222.0,Del0.8,0.73
X-1787,FEM1B,10116.0,Amp5,6.36
X-1787,FGF17,8822.0,Del0.8,0.72
X-1787,FGF20,26281.0,Del0.8,0.72
X-1787,FGFR1,2260.0,Del0.8,0.72
X-1787,FGL1,2267.0,Del0.8,0.72
X-1787,FIGF,2277.0,Del0.8,0.65
X-1787,FLJ14107,80094.0,Del0.8,0.73
X-1787,FLJ35282,441389.0,Del0.8,0.33
X-1787,FMN1,342184.0,Amp5,5.82
X-1787,FMNL1,752.0,MutNovel,"M238L,0.500"
X-1787,FNTA,2339.0,Del0.8,0.69
X-1787,FOXB1,27023.0,Amp5,5.21
X-1787,FRMPD1,22844.0,Del0.8,0.77
X-1787,FRMPD4,9758.0,Del0.8,0.65
X-1787,FRY,10129.0,Del0.8,0.69
X-1787,FTHL17,53940.0,Del0.8,0.65
X-1787,FUNDC1,139341.0,Del0.8,0.69
X-1787,FUT10,84750.0,Del0.8,0.66
X-1787,FZD3,7976.0,Del0.8,0.71
X-1787,GATA4,2626.0,Del0.8,0.73
X-1787,GCHFR,2644.0,Amp5,7.89
X-1787,GCNT3,9245.0,Amp5,5.21
X-1787,GEMIN8,54960.0,Del0.8,0.65
X-1787,GFRA2,2675.0,Del0.8,0.72
X-1787,GJD2,57369.0,Amp5,5.5
X-1787,GK,2710.0,Del0.8,0.65
X-1787,GLCE,26035.0,Amp5,6.36
X-1787,GLRA2,2742.0,Del0.8,0.65
X-1787,GNRH1,2796.0,Del0.8,0.74
X-1787,GOLGA2P2Y,84559.0,Del0.8,0.25
X-1787,GOLGA2P2Y,84559.0,Del0.8,0.25
X-1787,GOT1L1,137362.0,Del0.8,0.77
X-1787,GPM6B,2824.0,Del0.8,0.65
X-1787,GPR124,25960.0,Del0.8,0.77
X-1787,GPR143,4935.0,Del0.8,0.65
X-1787,GPR34,2857.0,Del0.8,0.69
X-1787,GPR64,10149.0,Del0.8,0.65
X-1787,GPR82,27197.0,Del0.8,0.69
X-1787,GREM1,26585.0,Amp5,6.45
X-1787,GRHPR,9380.0,Del0.8,0.77
X-1787,GRPR,2925.0,Del0.8,0.65
X-1787,GTF2A2,2958.0,Amp5,5.21
X-1787,GTF2E2,2961.0,Del0.8,0.71
X-1787,GTF2H2,2966.0,MutNovel,"S244G,0.493"
X-1787,GYG2,8908.0,Del0.8,0.66
X-1787,GYG2P1,352887.0,Del0.8,0.25
X-1787,HCCS,3052.0,Del0.8,0.65
X-1787,HDHD1,8226.0,Del0.8,0.66
X-1787,HGSNAT,138050.0,Del0.8,0.69
X-1787,HLA-DQA2,3118.0,MutNovel,"A16T,1.000"
X-1787,HMBOX1,79618.0,Del0.8,0.71
X-1787,HMG20A,10363.0,Amp5,5.35
X-1787,HMGB1,3146.0,Del0.8,0.72
X-1787,HOOK3,84376.0,Del0.8,0.69
X-1787,HR,55806.0,Del0.8,0.72
X-1787,HSFY2,159119.0,Del0.8,0.25
X-1787,HSFY2,159119.0,Del0.8,0.25
X-1787,HSPH1,10808.0,Del0.8,0.69
X-1787,HTRA4,203100.0,Del0.8,0.68
X-1787,IDH3A,3419.0,Amp5,5.35
X-1787,IDO1,3620.0,Del0.8,0.68
X-1787,IDO2,169355.0,Del0.8,0.68
X-1787,IGFBPL1,347252.0,Del0.8,0.77
X-1787,IL1RAPL1,11141.0,Del0.8,0.65
X-1787,INE2,8551.0,Del0.8,0.65
X-1787,INTS10,55174.0,Del0.8,0.72
X-1787,INTS9,55756.0,Del0.8,0.71
X-1787,IQCH,64799.0,Amp5,6.36
X-1787,ITGA11,22801.0,Amp5,6.36
X-1787,KAL1,3730.0,Del0.8,0.65
X-1787,KATNAL1,84056.0,Del0.8,0.72
X-1787,KBTBD11,9920.0,Del0.8,0.78
X-1787,KCTD9,54793.0,Del0.8,0.74
X-1787,KDM5D,8284.0,Del0.8,0.25
X-1787,KDM6A,7403.0,Del0.8,0.69
X-1787,KIAA1407,57577.0,MutNovel,"P913L,1.000"
X-1787,KIAA1456,57604.0,Del0.8,0.69
X-1787,KIAA1967,57805.0,Del0.8,0.73
X-1787,KIF13B,23303.0,Del0.8,0.71
X-1787,KIF1B,23095.0,MutNovel,"R1571W,0.500"
X-1787,KIF20B,9585.0,MutNovel,"L1062LKV,0.500"
X-1787,KIF23,9493.0,Amp5,6.36
X-1787,KL,9365.0,Del0.8,0.67
X-1787,KLHL15,80311.0,Del0.8,0.65
X-1787,KLHL25,64410.0,Amp5,6.59
X-1787,KLHL34,257240.0,Del0.8,0.65
X-1787,KRT14,3861.0,MutNovel,"A197V,1.000"
X-1787,KRT16,3868.0,MutNovel,"L372P,0.429"
X-1787,KRT16,3868.0,MutNovel,"R367C,0.462"
X-1787,KRT16,3868.0,MutNovel,"I241M,0.333"
X-1787,LANCL3,347404.0,Del0.8,0.65
X-1787,LAPTM4A,9741.0,MutNovel,"P196L,0.382"
X-1787,LEPROTL1,23484.0,Del0.8,0.71
X-1787,LETM2,137994.0,Del0.8,0.53
X-1787,LGALS9C,654346.0,Del0.8,0.53
X-1787,LGI3,203190.0,Del0.8,0.72
X-1787,LINC00102,100359394.0,Del0.8,0.66
X-1787,LINC00208,83655.0,Del0.8,0.73
X-1787,LINC00277,283673.0,Amp5,6.36
X-1787,LINC00426,100188949.0,Del0.8,0.72
X-1787,LINGO1,84894.0,Amp5,5.35
X-1787,LOC100128993,100128993.0,Del0.8,0.72
X-1787,LOC100132831,100132831.0,Del0.8,0.69
X-1787,LOC100133123,100133123.0,Del0.8,0.65
X-1787,LOC100133957,100133957.0,Del0.8,0.72
X-1787,LOC100287015,100287015.0,Del0.8,0.72
X-1787,LOC100288814,100288814.0,Del0.8,0.65
X-1787,LOC100506710,100506710.0,Del0.8,0.77
X-1787,LOC100507156,100507156.0,Del0.8,0.73
X-1787,LOC100507341,100507341.0,Del0.8,0.71
X-1787,LOC100652791,100652791.0,Del0.8,0.72
X-1787,LOC145837,145837.0,Amp5,6.36
X-1787,LOC157273,157273.0,Del0.8,0.73
X-1787,LOC253044,253044.0,Amp5,5.35
X-1787,LOC286059,286059.0,Del0.8,0.73
X-1787,LOC286083,286083.0,Del0.8,0.78
X-1787,LOC286114,286114.0,Del0.8,0.72
X-1787,LOC286135,286135.0,Del0.8,0.71
X-1787,LOC340357,340357.0,Del0.8,0.69
X-1787,LOC347411,347411.0,Del0.8,0.69
X-1787,LOC389641,389641.0,Del0.8,0.73
X-1787,LOC389906,389906.0,Del0.8,0.66
X-1787,LOC401588,401588.0,Del0.8,0.69
X-1787,LOC645752,645752.0,Amp5,5.35
X-1787,LOC728024,728024.0,Del0.8,0.77
X-1787,LOC729609,729609.0,Del0.8,0.65
X-1787,LOC91450,91450.0,Amp5,5.35
X-1787,LONRF1,91694.0,Del0.8,0.69
X-1787,LOXL2,4017.0,Del0.8,0.73
X-1787,LPCAT4,254531.0,Amp5,5.24
X-1787,LPL,4023.0,Del0.8,0.72
X-1787,LSR,51599.0,MutNovel,"G518GR,0.677"
X-1787,LZTS1,11178.0,Del0.8,0.72
X-1787,MAGEB1,4112.0,Del0.8,0.65
X-1787,MAGEB10,139422.0,Del0.8,0.65
X-1787,MAGEB16,139604.0,Del0.8,0.65
X-1787,MAGEB18,286514.0,Del0.8,0.65
X-1787,MAGEB2,4113.0,Del0.8,0.65
X-1787,MAGEB3,4114.0,Del0.8,0.65
X-1787,MAGEB4,4115.0,Del0.8,0.65
X-1787,MAGEB6,158809.0,Del0.8,0.65
X-1787,MAGED4B,81557.0,Del0.8,0.7
X-1787,MAGED4B,81557.0,Del0.8,0.7
X-1787,MAK16,84549.0,Del0.8,0.66
X-1787,MAN1A1,4121.0,MutNovel,"E491K,0.360"
X-1787,MAOA,4128.0,Del0.8,0.69
X-1787,MAOB,4129.0,Del0.8,0.69
X-1787,MAP2K5,5607.0,Amp5,6.36
X-1787,MAP3K11,4296.0,MutNovel,"G488S,0.654"
X-1787,MAP3K15,389840.0,Del0.8,0.65
X-1787,MAP7D2,256714.0,Del0.8,0.65
X-1787,MBOAT4,619373.0,Del0.8,0.71
X-1787,MBTPS2,51360.0,Del0.8,0.65
X-1787,MCM9,254394.0,MutNovel,"I473V,1.000"
X-1787,MCPH1,79648.0,Del0.8,0.72
X-1787,MED14,9282.0,Del0.8,0.69
X-1787,MEGF11,84465.0,Amp5,5.62
X-1787,MELK,9833.0,Del0.8,0.77
X-1787,METTL13,51603.0,MutNovel,"G504R,0.696"
X-1787,MFHAS1,9258.0,Del0.8,0.73
X-1787,MID1,4281.0,Del0.8,0.65
X-1787,MID1IP1,58526.0,Del0.8,0.7
X-1787,MIR124-1,406907.0,Del0.8,0.73
X-1787,MIR1276,100302121.0,Amp5,6.59
X-1787,MIR1322,100302166.0,Del0.8,0.73
X-1787,MIR221,407006.0,Del0.8,0.69
X-1787,MIR222,407007.0,Del0.8,0.69
X-1787,MIR23C,100500809.0,Del0.8,0.65
X-1787,MIR3148,100422876.0,Del0.8,0.71
X-1787,MIR320A,407037.0,Del0.8,0.73
X-1787,MIR3622A,100500858.0,Del0.8,0.71
X-1787,MIR3622B,100500871.0,Del0.8,0.71
X-1787,MIR383,494332.0,Del0.8,0.66
X-1787,MIR4287,100422828.0,Del0.8,0.71
X-1787,MIR4288,100422903.0,Del0.8,0.71
X-1787,MIR4311,100422905.0,Amp5,5.62
X-1787,MIR4312,100422971.0,Amp5,6.36
X-1787,MIR4469,100616115.0,Del0.8,0.69
X-1787,MIR4475,100616289.0,Del0.8,0.77
X-1787,MIR4476,100616456.0,Del0.8,0.77
X-1787,MIR4511,100616379.0,Amp5,5.62
X-1787,MIR4540,100616278.0,Del0.8,0.77
X-1787,MIR4659A,100616348.0,Del0.8,0.72
X-1787,MIR4659B,100616372.0,Del0.8,0.72
X-1787,MIR4660,100616350.0,Del0.8,0.73
X-1787,MIR4767,100616467.0,Del0.8,0.66
X-1787,MIR4768,100616249.0,Del0.8,0.65
X-1787,MIR4769,100616147.0,Del0.8,0.76
X-1787,MIR4770,100616373.0,Del0.8,0.66
X-1787,MIR548F5,100302239.0,Del0.8,0.71
X-1787,MIR548H4,100313884.0,Amp5,6.36
X-1787,MIR548O2,100616190.0,Del0.8,0.71
X-1787,MIR596,693181.0,Del0.8,0.78
X-1787,MIR597,693182.0,Del0.8,0.73
X-1787,MIR598,693183.0,Del0.8,0.73
X-1787,MIR651,723779.0,Del0.8,0.66
X-1787,MLL3,58508.0,MutNovel,"I4804L,0.245"
X-1787,MMP28,79148.0,MutNovel,"P208L,0.333"
X-1787,MOSPD2,158747.0,Del0.8,0.65
X-1787,MPRIP,23164.0,MutNovel,"TS178T,0.356"
X-1787,MRPL11,65003.0,MutNovel,"A8V,0.796"
X-1787,MRPL15,29088.0,MutKnownFunctional,"-67,0.268"
X-1787,MSL3,10943.0,Del0.8,0.65
X-1787,MSR1,4481.0,Del0.8,0.65
X-1787,MSRA,4482.0,Del0.8,0.73
X-1787,MTAP,4507.0,Del0.8,0.3
X-1787,MTMR7,9108.0,Del0.8,0.72
X-1787,MTMR9,66036.0,Del0.8,0.73
X-1787,MTUS1,57509.0,Del0.8,0.72
X-1787,MXRA5,25878.0,Del0.8,0.66
X-1787,MYO19,80179.0,MutNovel,"R375H,0.288"
X-1787,N4BP2L1,90634.0,Del0.8,0.67
X-1787,N4BP2L2,10443.0,Del0.8,0.67
X-1787,NARG2,79664.0,Amp5,5.21
X-1787,NAT1,9.0,Del0.8,0.72
X-1787,NAT2,10.0,Del0.8,0.72
X-1787,NBEA,26960.0,Del0.8,0.8
X-1787,NBPF10,100132406.0,MutNovel,"Q3467E,0.478"
X-1787,NCRNA00185,55410.0,Del0.8,0.25
X-1787,NDNL2,56160.0,Amp5,5.03
X-1787,NDP,4693.0,Del0.8,0.69
X-1787,NEFL,4747.0,Del0.8,0.73
X-1787,NEFM,4741.0,Del0.8,0.73
X-1787,NEIL2,252969.0,Del0.8,0.73
X-1787,NHS,4810.0,Del0.8,0.65
X-1787,NKX2-6,137814.0,Del0.8,0.73
X-1787,NKX3-1,4824.0,Del0.8,0.73
X-1787,NLGN4X,57502.0,Del0.8,0.66
X-1787,NLGN4Y,22829.0,Del0.8,0.25
X-1787,NOP10,55505.0,Amp5,5.24
X-1787,NOX5,79400.0,Amp5,6.36
X-1787,NPM2,10361.0,Del0.8,0.72
X-1787,NR0B1,190.0,Del0.8,0.65
X-1787,NRG1,3084.0,Del0.8,0.66
X-1787,NT5E,4907.0,MutNovel,"D168V,0.641"
X-1787,NUDT18,79873.0,Del0.8,0.72
X-1787,NUMA1,4926.0,MutNovel,"A1025V,0.566"
X-1787,NYX,60506.0,Del0.8,0.69
X-1787,ODF3B,440836.0,Del0.8,0.54
X-1787,OFD1,8481.0,Del0.8,0.65
X-1787,PAQR5,54852.0,Amp5,6.36
X-1787,PAX5,5079.0,Del0.8,0.77
X-1787,PBK,55872.0,Del0.8,0.71
X-1787,PCBD2,84105.0,MutNovel,"G20R,0.577"
X-1787,PCDH11Y,83259.0,Del0.8,0.25
X-1787,PCDHAC1,56135.0,MutNovel,"L707F,0.520"
X-1787,PCM1,5108.0,Del0.8,0.72
X-1787,PCYT1B,9468.0,Del0.8,0.65
X-1787,PDGFRL,5157.0,Del0.8,0.72
X-1787,PDHA1,5160.0,Del0.8,0.65
X-1787,PDK3,5165.0,Del0.8,0.65
X-1787,PDLIM2,64236.0,Del0.8,0.73
X-1787,PDS5B,23047.0,Del0.8,0.67
X-1787,PEAK1,79834.0,Amp5,5.35
X-1787,PEBP4,157310.0,Del0.8,0.73
X-1787,PGBD4,161779.0,Amp5,5.24
X-1787,PHEX,5251.0,Del0.8,0.65
X-1787,PHKA2,5256.0,Del0.8,0.65
X-1787,PHYHIP,9796.0,Del0.8,0.73
X-1787,PIAS1,8554.0,Amp5,6.36
X-1787,PIGA,5277.0,Del0.8,0.65
X-1787,PINX1,54984.0,Del0.8,0.73
X-1787,PIR,8544.0,Del0.8,0.65
X-1787,PIR-FIGF,100532742.0,Del0.8,0.65
X-1787,PIWIL2,55124.0,Del0.8,0.73
X-1787,PLEKHA2,59339.0,Del0.8,0.68
X-1787,PNMA2,10687.0,Del0.8,0.74
X-1787,PNOC,5368.0,Del0.8,0.71
X-1787,PNPLA4,8228.0,Del0.8,0.66
X-1787,POLA1,5422.0,Del0.8,0.65
X-1787,POLB,5423.0,Del0.8,0.69
X-1787,POLR1E,64425.0,Del0.8,0.77
X-1787,POLR3D,661.0,Del0.8,0.73
X-1787,POTEA,340441.0,Del0.8,0.69
X-1787,PPAPDC1B,84513.0,Del0.8,0.53
X-1787,PPARG,5468.0,MutNovel,"Q27P,0.667"
X-1787,PPEF1,5475.0,Del0.8,0.65
X-1787,PPIAL4A,,MutNovel,"D75G,1.000"
X-1787,PPIAL4D,645142.0,MutNovel,"R47G,1.000"
X-1787,PPP1R14D,54866.0,Amp5,7.89
X-1787,PPP1R2P9,80316.0,Del0.8,0.69
X-1787,PPP1R3B,79660.0,Del0.8,0.73
X-1787,PPP2CB,5516.0,Del0.8,0.66
X-1787,PPP2R2A,5520.0,Del0.8,0.74
X-1787,PPP3CC,5533.0,Del0.8,0.73
X-1787,PRDX4,10549.0,Del0.8,0.65
X-1787,PRKX,5613.0,Del0.8,0.66
X-1787,PRKY,5616.0,Del0.8,0.25
X-1787,PROSC,11212.0,Del0.8,0.77
X-1787,PRPS2,5634.0,Del0.8,0.65
X-1787,PRR14,78994.0,MutNovel,"T300S,1.000"
X-1787,PRRG1,5638.0,Del0.8,0.65
X-1787,PRSS55,203074.0,Del0.8,0.73
X-1787,PRY,9081.0,Del0.8,0.25
X-1787,PRY,9081.0,Del0.8,0.25
X-1787,PRY2,442862.0,Del0.8,0.25
X-1787,PRY2,442862.0,Del0.8,0.25
X-1787,PSD3,23362.0,Del0.8,0.72
X-1787,PTCHD1,139411.0,Del0.8,0.65
X-1787,PTK2B,2185.0,Del0.8,0.71
X-1787,PTPLAD1,51495.0,Amp5,5.62
X-1787,PURG,29942.0,Del0.8,0.66
X-1787,QRSL1,55278.0,MutNovel,"V258A,0.588"
X-1787,R3HCC1,203069.0,Del0.8,0.73
X-1787,RAB11A,8766.0,Amp5,5.62
X-1787,RAB11FIP1,80223.0,Del0.8,0.77
X-1787,RAB9A,9367.0,Del0.8,0.65
X-1787,RABGAP1L,9910.0,MutNovel,"K296Q,0.444"
X-1787,RAI2,10742.0,Del0.8,0.65
X-1787,RBBP7,5931.0,Del0.8,0.65
X-1787,RBM14,10432.0,MutNovel,"GSYGAQAA375G,0.276"
X-1787,RBMY1A3P,286557.0,Del0.8,0.25
X-1787,RBMY1B,378948.0,Del0.8,0.25
X-1787,RBMY1B,378948.0,Del0.8,0.25
X-1787,RBMY1E,378950.0,Del0.8,0.25
X-1787,RBMY1E,378950.0,Del0.8,0.25
X-1787,RBMY1F,159163.0,Del0.8,0.25
X-1787,RBMY1F,159163.0,Del0.8,0.25
X-1787,RBMY1J,378951.0,Del0.8,0.25
X-1787,RBMY1J,378951.0,Del0.8,0.25
X-1787,RBMY2EP,159125.0,Del0.8,0.25
X-1787,RBMY2FP,159162.0,Del0.8,0.25
X-1787,RBMY3AP,64593.0,Del0.8,0.25
X-1787,RBPMS,11030.0,Del0.8,0.71
X-1787,RECQL,5965.0,MutNovel,"G342D,0.463"
X-1787,REEP4,80346.0,Del0.8,0.72
X-1787,RENBP,5973.0,MutNovel,"A280D,1.000"
X-1787,REPS2,9185.0,Del0.8,0.65
X-1787,RFC3,5983.0,Del0.8,0.67
X-1787,RHOBTB2,23221.0,Del0.8,0.73
X-1787,RHOV,171177.0,Amp5,7.89
X-1787,RNF122,79845.0,Del0.8,0.66
X-1787,RNF170,81790.0,Del0.8,0.69
X-1787,RNF38,152006.0,Del0.8,0.73
X-1787,RNF5P1,286140.0,Del0.8,0.68
X-1787,RORA,6095.0,Amp5,5.21
X-1787,ROS1,6098.0,MutNovel,"L600F,1.000"
X-1787,RP1L1,94137.0,Del0.8,0.73
X-1787,RP2,6102.0,Del0.8,0.69
X-1787,RPGR,6103.0,Del0.8,0.65
X-1787,RPLP1,6176.0,Amp5,6.36
X-1787,RPS4Y1,6192.0,Del0.8,0.25
X-1787,RPS4Y2,140032.0,Del0.8,0.25
X-1787,RPS6KA3,6197.0,Del0.8,0.65
X-1787,RS1,6247.0,Del0.8,0.65
X-1787,RSF1,51773.0,MutNovel,"I517L,0.917"
X-1787,RXFP2,122042.0,Del0.8,0.69
X-1787,RYR3,6263.0,Amp5,5.24
X-1787,S100G,795.0,Del0.8,0.65
X-1787,SAT1,6303.0,Del0.8,0.65
X-1787,SCARA3,51435.0,Del0.8,0.71
X-1787,SCARA5,286133.0,Del0.8,0.71
X-1787,SCARNA14,692149.0,Amp5,5.62
X-1787,SCARNA23,677773.0,Del0.8,0.65
X-1787,SCARNA9L,100158262.0,Del0.8,0.65
X-1787,SCG5,6447.0,Amp5,6.45
X-1787,SCML1,6322.0,Del0.8,0.65
X-1787,SCML2,10389.0,Del0.8,0.65
X-1787,SEC63,11231.0,MutNovel,"E577D,0.316"
X-1787,SEPT5-GP1BB,100526833.0,Del0.8,0.78
X-1787,SERINC2,347735.0,MutNovel,"-373Q,0.339"
X-1787,SETX,23064.0,MutNovel,"V1658I,1.000"
X-1787,SFTPC,6440.0,Del0.8,0.72
X-1787,SGK196,84197.0,Del0.8,0.69
X-1787,SGK223,157285.0,Del0.8,0.73
X-1787,SH2D4A,63898.0,Del0.8,0.72
X-1787,SH2D7,646892.0,Amp5,5.35
X-1787,SH3KBP1,30011.0,Del0.8,0.65
X-1787,SHANK2,22941.0,MutKnownFunctional,"R1234*,0.600"
X-1787,SHB,6461.0,Del0.8,0.77
X-1787,SHROOM2,357.0,Del0.8,0.65
X-1787,SKOR1,390598.0,Amp5,6.36
X-1787,SLC12A6,9990.0,Amp5,5.24
X-1787,SLC18A1,6570.0,Del0.8,0.72
X-1787,SLC20A2,6575.0,Del0.8,0.69
X-1787,SLC24A1,9187.0,Amp5,5.62
X-1787,SLC25A37,51312.0,Del0.8,0.73
X-1787,SLC35G5,83650.0,Del0.8,0.73
X-1787,SLC39A14,23516.0,Del0.8,0.73
X-1787,SLC5A6,8884.0,MutNovel,"Q320H,0.680"
X-1787,SLC7A2,6542.0,Del0.8,0.72
X-1787,SLC9A7,84679.0,Del0.8,0.69
X-1787,SMAD3,4088.0,Amp5,6.36
X-1787,SMEK3P,139420.0,Del0.8,0.65
X-1787,SMPX,23676.0,Del0.8,0.65
X-1787,SMS,6611.0,Del0.8,0.65
X-1787,SNORA11C,100124540.0,Del0.8,0.76
X-1787,SNORA11D,100124541.0,Del0.8,0.7
X-1787,SNORA11D,100124541.0,Del0.8,0.7
X-1787,SNORA11E,100124542.0,Del0.8,0.7
X-1787,SNORA11E,100124542.0,Del0.8,0.7
X-1787,SOD1,6647.0,MutNovel,"N20S,0.530"
X-1787,SOHLH2,54937.0,Del0.8,0.71
X-1787,SORBS3,10174.0,Del0.8,0.73
X-1787,SOX7,83595.0,Del0.8,0.73
X-1787,SPACA5,389852.0,Del0.8,0.72
X-1787,SPESP1,246777.0,Amp5,6.36
X-1787,SPINT1,6692.0,Amp5,7.89
X-1787,SRPX,8406.0,Del0.8,0.65
X-1787,SRY,6736.0,Del0.8,0.25
X-1787,SSX1,6756.0,Del0.8,0.72
X-1787,SSX5,6758.0,Del0.8,0.72
X-1787,SSX6,280657.0,Del0.8,0.72
X-1787,ST20,400410.0,Amp5,6.15
X-1787,ST20-MTHFS,100528021.0,Amp5,6.15
X-1787,STARD13,90627.0,Del0.8,0.67
X-1787,STC1,6781.0,Del0.8,0.73
X-1787,STMN4,81551.0,Del0.8,0.71
X-1787,STS,412.0,Del0.8,0.66
X-1787,STX18,53407.0,MutNovel,"S283N,0.354"
X-1787,SYAP1,94056.0,Del0.8,0.65
X-1787,SYN1,6853.0,Del0.8,0.76
X-1787,SYTL5,94122.0,Del0.8,0.65
X-1787,TAB3,257397.0,Del0.8,0.65
X-1787,TACC1,6867.0,Del0.8,0.68
X-1787,TBC1D2B,23102.0,Amp5,5.35
X-1787,TBL1X,6907.0,Del0.8,0.65
X-1787,TBL1Y,90665.0,Del0.8,0.25
X-1787,TCEANC,170082.0,Del0.8,0.65
X-1787,TDH,157739.0,Del0.8,0.73
X-1787,TEX15,56154.0,Del0.8,0.66
X-1787,TGIF2LY,90655.0,Del0.8,0.25
X-1787,THAP1,55145.0,Del0.8,0.69
X-1787,TIMP1,7076.0,Del0.8,0.76
X-1787,TIPIN,54962.0,Amp5,5.62
X-1787,TJP1,7082.0,Amp5,5.03
X-1787,TLR7,51284.0,Del0.8,0.65
X-1787,TLR8,51311.0,Del0.8,0.65
X-1787,TLR8-AS1,349408.0,Del0.8,0.65
X-1787,TM2D2,83877.0,Del0.8,0.68
X-1787,TMC6,11322.0,MutNovel,"R204Q,0.286"
X-1787,TMEM136,219902.0,MutNovel,"R165C,0.706"
X-1787,TMEM27,57393.0,Del0.8,0.65
X-1787,TMEM47,83604.0,Del0.8,0.65
X-1787,TMEM66,51669.0,Del0.8,0.71
X-1787,TMSB4X,7114.0,Del0.8,0.65
X-1787,TMSB4Y,9087.0,Del0.8,0.25
X-1787,TMX4,56255.0,MutNovel,"R102C,1.000"
X-1787,TNFRSF10A,8797.0,Del0.8,0.73
X-1787,TNFRSF10B,8795.0,Del0.8,0.73
X-1787,TNFRSF10C,8794.0,Del0.8,0.73
X-1787,TNFRSF10D,8793.0,Del0.8,0.73
X-1787,TNKS,8658.0,Del0.8,0.73
X-1787,TOMM5,401505.0,Del0.8,0.77
X-1787,TP53,7157.0,MutLikelyFunctional,"H179R,1.000"
X-1787,TRAPPC2,6399.0,Del0.8,0.65
X-1787,TRIM35,23087.0,Del0.8,0.71
X-1787,TRIM38,10475.0,MutNovel,"R180Q,0.786"
X-1787,TSPAN7,7102.0,Del0.8,0.7
X-1787,TSPY1,7258.0,Del0.8,0.25
X-1787,TSPY2,64591.0,Del0.8,0.25
X-1787,TSPY3,728137.0,Del0.8,0.25
X-1787,TSPY4,728395.0,Del0.8,0.25
X-1787,TSPY8,728403.0,Del0.8,0.25
X-1787,TSPYL1,7259.0,MutNovel,"V176VW,0.867"
X-1787,TTI2,80185.0,Del0.8,0.66
X-1787,TTTY10,246119.0,Del0.8,0.25
X-1787,TTTY11,83866.0,Del0.8,0.25
X-1787,TTTY12,83867.0,Del0.8,0.25
X-1787,TTTY13,83868.0,Del0.8,0.25
X-1787,TTTY14,83869.0,Del0.8,0.25
X-1787,TTTY15,64595.0,Del0.8,0.25
X-1787,TTTY16,252948.0,Del0.8,0.25
X-1787,TTTY17A,252949.0,Del0.8,0.25
X-1787,TTTY17A,252949.0,Del0.8,0.25
X-1787,TTTY18,252950.0,Del0.8,0.25
X-1787,TTTY19,252952.0,Del0.8,0.25
X-1787,TTTY1B,100101116.0,Del0.8,0.25
X-1787,TTTY1B,100101116.0,Del0.8,0.25
X-1787,TTTY2,60439.0,Del0.8,0.25
X-1787,TTTY2,60439.0,Del0.8,0.25
X-1787,TTTY20,252951.0,Del0.8,0.25
X-1787,TTTY21,252953.0,Del0.8,0.25
X-1787,TTTY21,252953.0,Del0.8,0.25
X-1787,TTTY22,252954.0,Del0.8,0.25
X-1787,TTTY23,252955.0,Del0.8,0.25
X-1787,TTTY23,252955.0,Del0.8,0.25
X-1787,TTTY3,114760.0,Del0.8,0.25
X-1787,TTTY3,114760.0,Del0.8,0.25
X-1787,TTTY4,114761.0,Del0.8,0.25
X-1787,TTTY4,114761.0,Del0.8,0.25
X-1787,TTTY5,83863.0,Del0.8,0.25
X-1787,TTTY6,84672.0,Del0.8,0.25
X-1787,TTTY6,84672.0,Del0.8,0.25
X-1787,TTTY7,246122.0,Del0.8,0.25
X-1787,TTTY7,246122.0,Del0.8,0.25
X-1787,TTTY7B,100101120.0,Del0.8,0.25
X-1787,TTTY7B,100101120.0,Del0.8,0.25
X-1787,TTTY8,84673.0,Del0.8,0.25
X-1787,TTTY8,84673.0,Del0.8,0.25
X-1787,TTTY9A,83864.0,Del0.8,0.25
X-1787,TTTY9A,83864.0,Del0.8,0.25
X-1787,TUSC3,7991.0,Del0.8,0.65
X-1787,TXLNG,55787.0,Del0.8,0.65
X-1787,TXLNG2P,246126.0,Del0.8,0.25
X-1787,TYMP,1890.0,Del0.8,0.7
X-1787,UBXN8,7993.0,Del0.8,0.66
X-1787,UNC5D,137970.0,Del0.8,0.66
X-1787,UPK3BL,,MutNovel,"D182N,0.379"
X-1787,USP11,8237.0,Del0.8,0.76
X-1787,USP32P2,220594.0,Del0.8,0.53
X-1787,USP36,57602.0,MutNovel,"KKK958K,0.500"
X-1787,USP8,9101.0,MutNovel,"N818D,0.464"
X-1787,USP9X,8239.0,Del0.8,0.69
X-1787,USP9Y,8287.0,Del0.8,0.25
X-1787,USPL1,10208.0,Del0.8,0.72
X-1787,UTRN,7402.0,MutNovel,"I742F,0.818"
X-1787,UTY,7404.0,Del0.8,0.25
X-1787,UXT,8409.0,Del0.8,0.72
X-1787,VCP,7415.0,MutNovel,"G207S,0.208"
X-1787,VCX,26609.0,Del0.8,0.66
X-1787,VCX2,51480.0,Del0.8,0.66
X-1787,VCX3A,51481.0,Del0.8,0.66
X-1787,VCX3B,425054.0,Del0.8,0.65
X-1787,VCY,9084.0,Del0.8,0.25
X-1787,VCY,9084.0,Del0.8,0.25
X-1787,VDAC3,7419.0,Del0.8,0.69
X-1787,VENTXP1,139538.0,Del0.8,0.65
X-1787,VPS13C,54832.0,Amp5,5.21
X-1787,VPS18,57617.0,Amp5,7.89
X-1787,VPS37A,137492.0,Del0.8,0.72
X-1787,WDR61,80349.0,Amp5,5.35
X-1787,WDR90,197335.0,MutNovel,"R767N,1.000"
X-1787,WDR92,116143.0,MutNovel,"E50Q,0.733"
X-1787,WHSC1L1,54904.0,Del0.8,0.53
X-1787,WRN,7486.0,Del0.8,0.66
X-1787,WWC3,55841.0,Del0.8,0.65
X-1787,XDH,7498.0,MutNovel,"H885P,0.833"
X-1787,XG,7499.0,Del0.8,0.66
X-1787,XGPY2,100132596.0,Del0.8,0.66
X-1787,XK,7504.0,Del0.8,0.65
X-1787,XKR5,389610.0,Del0.8,0.72
X-1787,XKR6,286046.0,Del0.8,0.73
X-1787,XKRY2,353515.0,Del0.8,0.25
X-1787,XKRY2,353515.0,Del0.8,0.25
X-1787,XPO7,23039.0,Del0.8,0.72
X-1787,YY2,404281.0,Del0.8,0.65
X-1787,ZAR1L,646799.0,Del0.8,0.69
X-1787,ZBED1,9189.0,Del0.8,0.66
X-1787,ZBTB5,9925.0,Del0.8,0.77
X-1787,ZC3H13,23091.0,MutNovel,"V1527I,0.619"
X-1787,ZCCHC7,84186.0,Del0.8,0.77
X-1787,ZDHHC2,51201.0,Del0.8,0.72
X-1787,ZFX,7543.0,Del0.8,0.65
X-1787,ZFY,7544.0,Del0.8,0.25
X-1787,ZFYVE19,84936.0,Amp5,7.89
X-1787,ZKSCAN1,7586.0,MutNovel,"R58L,0.714"
X-1787,ZMAT4,79698.0,Del0.8,0.68
X-1787,ZNF157,7712.0,Del0.8,0.76
X-1787,ZNF182,7569.0,Del0.8,0.72
X-1787,ZNF383,163087.0,MutNovel,"T249A,0.400"
X-1787,ZNF395,55893.0,Del0.8,0.71
X-1787,ZNF41,7592.0,Del0.8,0.76
X-1787,ZNF630,57232.0,Del0.8,0.72
X-1787,ZNF645,158506.0,Del0.8,0.65
X-1787,ZNF673,55634.0,Del0.8,0.69
X-1787,ZNF674,641339.0,Del0.8,0.69
X-1787,ZNF703,80139.0,Del0.8,0.77
X-1787,ZNF763,284390.0,MutNovel,"G72E,1.000"
X-1787,ZNF81,347344.0,Del0.8,0.72
X-1787,ZRSR2,8233.0,Del0.8,0.65
X-1795,ACIN1,22985.0,MutNovel,"V500A,0.471"
X-1795,ADA,100.0,MutNovel,"R253W,0.403"
X-1795,ADAMTS14,140766.0,MutNovel,"R743K,1.000"
X-1795,ADCY8,114.0,Amp5,5.17
X-1795,ADRA2B,151.0,MutNovel,"E301ERRK,0.667"
X-1795,AFF4,27125.0,MutNovel,"I66M,1.000"
X-1795,AGTR1,185.0,Amp5,5.03
X-1795,AMACR,23600.0,MutNovel,"S52P,0.643"
X-1795,AMELY,266.0,Del0.8,0.19
X-1795,AMY1A,276.0,Del0.8,0.5
X-1795,ANXA10,11199.0,MutNovel,"V210G,0.800"
X-1795,APC,324.0,MutKnownFunctional,"G1499*,1.000"
X-1795,ARAP1,116985.0,MutNovel,"R1407C,0.682"
X-1795,ASAP1,50807.0,Amp5,5.17
X-1795,ASAP1-IT1,29065.0,Amp5,5.17
X-1795,ATG16L1,55054.0,MutNovel,"V288A,0.755"
X-1795,ATP6V0A2,23545.0,MutNovel,"H498N,0.475"
X-1795,BCL11B,64919.0,MutNovel,"G501C,0.323"
X-1795,BCORP1,286554.0,Del0.8,0.19
X-1795,BMS1,9790.0,MutNovel,"D766E,0.989"
X-1795,BMS1,9790.0,MutNovel,"D768E,0.989"
X-1795,BPGM,669.0,MutNovel,"L158F,0.529"
X-1795,BPY2B,442867.0,Del0.8,0.19
X-1795,BPY2B,442867.0,Del0.8,0.19
X-1795,BTBD11,121551.0,MutNovel,"N485K,0.962"
X-1795,C10orf47,254427.0,MutNovel,"R378W,1.000"
X-1795,C12orf51,283450.0,MutNovel,"P854S,0.500"
X-1795,C17orf75,64149.0,MutNovel,"L40H,0.453"
X-1795,C17orf97,400566.0,MutNovel,"P327I,0.263"
X-1795,C20orf24,55969.0,MutNovel,"R5G,0.347"
X-1795,C21orf33,8209.0,MutNovel,"E160Q,0.994"
X-1795,C2CD4A,145741.0,MutNovel,"R225G,0.467"
X-1795,C7orf25,79020.0,MutNovel,"K390N,0.463"
X-1795,CARD10,29775.0,MutNovel,"R142Q,0.765"
X-1795,CD44,960.0,MutNovel,"T567M,0.638"
X-1795,CDC42EP1,11135.0,MutNovel,"AANPPATT242A,0.280"
X-1795,CDC42EP1,11135.0,MutNovel,"PAPAANPS253P,0.281"
X-1795,CDKN2A,1029.0,MutKnownFunctional,"-15,0.938"
X-1795,CDY1B,253175.0,Del0.8,0.19
X-1795,CDY1B,253175.0,Del0.8,0.19
X-1795,CDY2A,9426.0,Del0.8,0.19
X-1795,CDY2A,9426.0,Del0.8,0.19
X-1795,CDY2B,203611.0,Del0.8,0.19
X-1795,CDY2B,203611.0,Del0.8,0.19
X-1795,CEBPA,1050.0,MutNovel,"G242S,0.363"
X-1795,CECR5,27440.0,MutNovel,"K124N,0.676"
X-1795,CELSR2,1952.0,MutNovel,"R570W,0.981"
X-1795,CENPC1,1060.0,MutNovel,"E94K,0.455"
X-1795,CEP104,9731.0,MutNovel,"R382G,0.378"
X-1795,CEP192,55125.0,MutNovel,"E459K,0.556"
X-1795,CERS5,91012.0,MutNovel,"P24T,0.433"
X-1795,CFHR1,3078.0,Amp5,5.86
X-1795,CFHR3,10878.0,Amp5,5.86
X-1795,CLASP2,23122.0,MutNovel,"V59G,0.600"
X-1795,CMTM7,112616.0,MutNovel,"C62S,1.000"
X-1795,CNIH3,149111.0,MutNovel,"F102I,0.289"
X-1795,CNNM1,26507.0,MutNovel,"E171K,1.000"
X-1795,CPA3,1359.0,Amp5,5.03
X-1795,CPB1,1360.0,Amp5,5.03
X-1795,CR2,1380.0,MutNovel,"R341C,1.000"
X-1795,CSMD3,114788.0,Amp5,5.21
X-1795,CSPG4P1Y,114758.0,Del0.8,0.19
X-1795,CSPG4P1Y,114758.0,Del0.8,0.19
X-1795,CUL9,23113.0,MutKnownFunctional,"-2230,0.239"
X-1795,CYP4F2,8529.0,MutNovel,"R488H,1.000"
X-1795,DAZ1,1617.0,Del0.8,0.19
X-1795,DAZ2,57055.0,Del0.8,0.19
X-1795,DAZ3,57054.0,Del0.8,0.19
X-1795,DAZ3,57054.0,Del0.8,0.19
X-1795,DAZ4,57135.0,Del0.8,0.19
X-1795,DAZ4,57135.0,Del0.8,0.19
X-1795,DCAF6,55827.0,MutNovel,"E180Q,0.435"
X-1795,DDX3Y,8653.0,Del0.8,0.19
X-1795,DDX49,54555.0,MutNovel,"V14L,0.263"
X-1795,DOPEY1,23033.0,MutNovel,"R2345Q,0.381"
X-1795,DSG3,1830.0,MutNovel,"T542A,0.498"
X-1795,DUSP3,1845.0,MutNovel,"C22W,0.320"
X-1795,E2F5,1875.0,MutNovel,"G18A,1.000"
X-1795,EFR3A,23167.0,Amp5,5.17
X-1795,EIF1AY,9086.0,Del0.8,0.19
X-1795,EP400,57634.0,MutNovel,"G822E,0.421"
X-1795,EPHB6,2051.0,MutNovel,"Q766R,0.414"
X-1795,ERGIC2,51290.0,MutNovel,"V22F,0.260"
X-1795,EZH1,2145.0,MutNovel,"N317S,0.319"
X-1795,EZH1,2145.0,MutNovel,"S205C,0.386"
X-1795,F8A1,8263.0,MutNovel,"T329N,0.203"
X-1795,FAM135B,51059.0,Amp5,5.43
X-1795,FAM13A,10144.0,MutNovel,"V830G,0.727"
X-1795,FAM153B,202134.0,MutNovel,"P208L,0.667"
X-1795,FAM157A,728262.0,MutNovel,"A346T,0.667"
X-1795,FAM157B,100132403.0,MutNovel,"K338R,1.000"
X-1795,FAM157B,100132403.0,MutNovel,"I382M,1.000"
X-1795,FAM197Y2P,252946.0,Del0.8,0.19
X-1795,FAM21A,387680.0,Del0.8,0.49
X-1795,FAM21B,55747.0,Del0.8,0.77
X-1795,FAM41AY1,340618.0,Del0.8,0.19
X-1795,FAM41AY1,340618.0,Del0.8,0.19
X-1795,FAM49B,51571.0,Amp5,5.17
X-1795,FBRSL1,57666.0,MutNovel,"GLGRER882G,0.481"
X-1795,FKBP3,2287.0,MutNovel,"R71C,0.235"
X-1795,FKBP6,8468.0,MutNovel,"R103Q,1.000"
X-1795,FKBP6,8468.0,MutNovel,"C123S,1.000"
X-1795,FRMD4A,55691.0,MutNovel,"AGGG816G,0.375"
X-1795,FRRS1L,,MutNovel,"R51A,1.000"
X-1795,GAA,2548.0,MutNovel,"S46P,0.340"
X-1795,GATAD2B,57459.0,MutNovel,"K147E,0.466"
X-1795,GGA1,26088.0,MutNovel,"M616V,0.491"
X-1795,GGT1,2678.0,MutNovel,"K52E,0.667"
X-1795,GMPS,8833.0,MutNovel,"I131V,0.375"
X-1795,GNPTAB,79158.0,MutNovel,"K749Q,1.000"
X-1795,GOLGA2P2Y,84559.0,Del0.8,0.19
X-1795,GOLGA2P2Y,84559.0,Del0.8,0.19
X-1795,GOLGB1,2804.0,MutNovel,"K2027N,0.349"
X-1795,GPR50,9248.0,MutNovel,"PTTGH501P,0.836"
X-1795,GRAMD3,65983.0,MutNovel,"S118P,0.267"
X-1795,GSDMC,56169.0,Amp5,5.17
X-1795,GSTM1,2944.0,Del0.8,0.5
X-1795,GSTT1,2952.0,Amp5,5.86
X-1795,GTF2H2,2966.0,Del0.8,0.73
X-1795,GTF2H2B,653238.0,Del0.8,0.73
X-1795,GTF2H2C,728340.0,Del0.8,0.73
X-1795,GUSBP3,653188.0,Del0.8,0.73
X-1795,GUSBP9,100049076.0,Del0.8,0.73
X-1795,GYG2P1,352887.0,Del0.8,0.19
X-1795,HEATR7A,727957.0,MutNovel,"P1048Q,0.789"
X-1795,HELZ,9931.0,MutNovel,"M824V,0.553"
X-1795,HELZ,9931.0,MutNovel,"R96W,0.560"
X-1795,HHLA1,10086.0,Amp5,5.17
X-1795,HLA-DQA2,3118.0,MutNovel,"H42Y,0.750"
X-1795,HLA-DQA2,3118.0,MutNovel,"T64R,0.750"
X-1795,HLA-DRB1,3123.0,MutNovel,"D86S,0.800"
X-1795,HLA-H,3136.0,Del0.8,0.61
X-1795,HPYR1,93668.0,Amp5,5.17
X-1795,HRNR,388697.0,MutNovel,"S2196P,0.667"
X-1795,HSFY2,159119.0,Del0.8,0.19
X-1795,HSFY2,159119.0,Del0.8,0.19
X-1795,HYDIN,54768.0,MutNovel,"R4868Q,1.000"
X-1795,IGLL5,100423062.0,MutNovel,"L27V,0.438"
X-1795,IKZF4,64375.0,Del0.8,0.6
X-1795,IL28RA,163702.0,MutKnownFunctional,"E70*,0.923"
X-1795,IPO13,9670.0,MutNovel,"A766V,0.988"
X-1795,ITPR1,3708.0,MutNovel,"D621N,1.000"
X-1795,JPH1,56704.0,MutNovel,"L218F,0.359"
X-1795,KCNQ3,3786.0,Amp5,5.17
X-1795,KDELC1,79070.0,MutNovel,"Y49C,0.524"
X-1795,KDM5D,8284.0,Del0.8,0.19
X-1795,KHDRBS3,10656.0,Amp5,6.73
X-1795,KIAA1467,57613.0,MutNovel,"R562K,0.233"
X-1795,KIAA1731,85459.0,MutKnownFunctional,"-2517,0.524"
X-1795,KIAA1919,91749.0,MutNovel,"L182Y,0.545"
X-1795,KIAA2026,158358.0,MutNovel,"L196F,1.000"
X-1795,KIRREL3,84623.0,MutNovel,"E516K,0.750"
X-1795,KPNB1,3837.0,MutNovel,"A865P,0.204"
X-1795,LAMA3,3909.0,MutNovel,"D2856N,0.476"
X-1795,LOC100170939,100170939.0,Del0.8,0.73
X-1795,LOC100272216,100272216.0,Del0.8,0.73
X-1795,LOC100506310,,MutNovel,"P534L,0.468"
X-1795,LOC100506801,100506801.0,Del0.8,0.67
X-1795,LOC100507117,100507117.0,Amp5,5.17
X-1795,LOC100652741,,MutNovel,"E184K,0.462"
X-1795,LOC100996301,,MutNovel,"A200P,1.000"
X-1795,LOC100996689,,MutNovel,"Q278E,0.280"
X-1795,LOC286094,286094.0,Amp5,6.73
X-1795,LOC391322,391322.0,Amp5,5.86
X-1795,LOC647859,647859.0,Del0.8,0.73
X-1795,LOC728724,728724.0,Amp5,5.17
X-1795,LRP11,84918.0,MutNovel,"R203W,0.645"
X-1795,LRRC6,23639.0,Amp5,5.17
X-1795,LSR,51599.0,MutNovel,"G518GR,0.292"
X-1795,LTV1,84946.0,MutNovel,"H22Q,0.695"
X-1795,MAFA,389692.0,MutNovel,"G347C,1.000"
X-1795,MAGEE1,57692.0,MutNovel,"R888P,1.000"
X-1795,MEX3D,399664.0,MutNovel,"G509R,0.623"
X-1795,MICALL1,85377.0,MutNovel,"E266K,0.512"
X-1795,MIR1204,100302185.0,Amp5,5.17
X-1795,MIR1205,100302161.0,Amp5,5.17
X-1795,MIR1206,100302170.0,Amp5,5.17
X-1795,MIR1207,100302175.0,Amp5,5.17
X-1795,MIR1208,100302281.0,Amp5,5.17
X-1795,MIR2053,100302225.0,Amp5,5.21
X-1795,MIR30B,407030.0,Amp5,5.17
X-1795,MIR30D,407033.0,Amp5,5.17
X-1795,MIS18BP1,55320.0,MutNovel,"SL52L,0.556"
X-1795,MTMR6,9107.0,MutNovel,"R496M,0.214"
X-1795,MUC6,4588.0,MutNovel,"T1902P,1.000"
X-1795,MYC,4609.0,Amp5,5.17
X-1795,MYO18A,399687.0,MutNovel,"I340N,0.558"
X-1795,NACAD,23148.0,MutNovel,"S667P,0.357"
X-1795,NAIP,4671.0,Del0.8,0.73
X-1795,NBPF12,,MutNovel,"I338L,0.500"
X-1795,NCRNA00185,55410.0,Del0.8,0.19
X-1795,NDRG1,10397.0,Amp5,5.17
X-1795,NEB,4703.0,MutNovel,"E3006K,0.750"
X-1795,NFE2L2,4780.0,MutNovel,"DEE77E,0.713"
X-1795,NKAIN2,154215.0,MutNovel,"E110A,0.424"
X-1795,NKPD1,284353.0,MutNovel,"S52F,1.000"
X-1795,NLGN4Y,22829.0,Del0.8,0.19
X-1795,NOL8,55035.0,MutNovel,"M603L,1.000"
X-1795,NOMO1,23420.0,MutNovel,"V445M,0.500"
X-1795,NOS2,4843.0,MutNovel,"G600S,0.667"
X-1795,NOTCH1,4851.0,MutNovel,"T1371P,0.345"
X-1795,NPEPL1,79716.0,MutNovel,"S90L,0.626"
X-1795,NR1H2,7376.0,MutNovel,"-173Q,0.619"
X-1795,OC90,729330.0,Amp5,5.17
X-1795,OGFR,11054.0,MutNovel,"D2-,0.553"
X-1795,ORAI1,84876.0,MutNovel,"PP43-,0.929"
X-1795,PACS1,55690.0,MutNovel,"A843V,0.362"
X-1795,PALB2,79728.0,MutNovel,"Q61H,0.250"
X-1795,PCDH11Y,83259.0,Del0.8,0.19
X-1795,PCDH17,27253.0,MutNovel,"A267T,0.444"
X-1795,PCDHB6,56130.0,MutNovel,"S524A,0.600"
X-1795,PCDHB6,56130.0,MutNovel,"G530S,0.600"
X-1795,PDHX,8050.0,MutNovel,"I324V,0.627"
X-1795,PHF20L1,51105.0,Amp5,5.17
X-1795,PHLDA1,22822.0,MutNovel,"QQ194Q,0.333"
X-1795,PIF1,80119.0,MutNovel,"P109S,0.444"
X-1795,PITPNM1,9600.0,MutNovel,"A517G,0.389"
X-1795,PLSCR1,5359.0,Amp5,5.03
X-1795,PLSCR5,389158.0,Amp5,5.03
X-1795,PMM2,5373.0,MutNovel,"V67G,0.440"
X-1795,PPAP2C,8612.0,MutNovel,"R102G,0.686"
X-1795,PRKY,5616.0,Del0.8,0.19
X-1795,PRSS3,5646.0,MutNovel,"P93S,0.462"
X-1795,PRY,9081.0,Del0.8,0.19
X-1795,PRY,9081.0,Del0.8,0.19
X-1795,PRY2,442862.0,Del0.8,0.19
X-1795,PRY2,442862.0,Del0.8,0.19
X-1795,PTGER4,5734.0,MutNovel,"M187L,0.533"
X-1795,PTPRZ1,5803.0,MutNovel,"L4P,0.511"
X-1795,PVRL4,81607.0,MutNovel,"A357S,0.401"
X-1795,PVT1,5820.0,Amp5,5.17
X-1795,PXMP2,5827.0,MutNovel,"Q24E,1.000"
X-1795,QTRTD1,79691.0,MutKnownFunctional,"E408*,0.651"
X-1795,RASA4,10156.0,MutNovel,"R165W,0.400"
X-1795,RASGRF2,5924.0,Del0.8,0.79
X-1795,RBMY1A3P,286557.0,Del0.8,0.19
X-1795,RBMY1B,378948.0,Del0.8,0.19
X-1795,RBMY1B,378948.0,Del0.8,0.19
X-1795,RBMY1E,378950.0,Del0.8,0.19
X-1795,RBMY1E,378950.0,Del0.8,0.19
X-1795,RBMY1F,159163.0,Del0.8,0.19
X-1795,RBMY1F,159163.0,Del0.8,0.19
X-1795,RBMY1J,378951.0,Del0.8,0.19
X-1795,RBMY1J,378951.0,Del0.8,0.19
X-1795,RBMY2EP,159125.0,Del0.8,0.19
X-1795,RBMY2FP,159162.0,Del0.8,0.19
X-1795,RBMY3AP,64593.0,Del0.8,0.19
X-1795,RPS26,6231.0,Del0.8,0.6
X-1795,RPS4Y1,6192.0,Del0.8,0.19
X-1795,RPS4Y2,140032.0,Del0.8,0.19
X-1795,SCAPER,49855.0,Del0.8,0.68
X-1795,SDK1,221935.0,MutNovel,"S58P,0.545"
X-1795,SEC16A,9919.0,MutNovel,"G421A,0.333"
X-1795,SEMA3E,9723.0,MutNovel,"Q704L,0.462"
X-1795,SERF1A,8293.0,Del0.8,0.73
X-1795,SIN3B,23309.0,MutNovel,"A1116V,0.471"
X-1795,SLA,6503.0,Amp5,5.17
X-1795,SLC25A38,54977.0,MutNovel,"Y162C,1.000"
X-1795,SLC25A39,51629.0,MutNovel,"R309K,0.241"
X-1795,SLC27A2,11001.0,MutNovel,"N305S,0.655"
X-1795,SLC35E2,9906.0,MutNovel,"V232I,0.214"
X-1795,SLC38A6,145389.0,MutNovel,"A484V,0.211"
X-1795,SLC5A1,6523.0,MutNovel,"A304G,0.429"
X-1795,SMA4,11039.0,Del0.8,0.73
X-1795,SMA5,11042.0,Del0.8,0.73
X-1795,SMARCC2,6601.0,MutNovel,"L876S,0.972"
X-1795,SMN1,6606.0,Del0.8,0.73
X-1795,SMN2,6607.0,Del0.8,0.73
X-1795,SNAP91,9892.0,MutNovel,"M729V,0.333"
X-1795,SPATA18,132671.0,MutNovel,"S227L,1.000"
X-1795,SRA1,10011.0,MutNovel,"V110L,0.833"
X-1795,SREBF2,6721.0,MutNovel,"G505R,0.255"
X-1795,SRY,6736.0,Del0.8,0.19
X-1795,ST3GAL1,6482.0,Amp5,5.17
X-1795,STX10,8677.0,MutKnownFunctional,"-246,0.679"
X-1795,STYXL1,51657.0,MutNovel,"N80S,0.527"
X-1795,SYCP2,10388.0,MutNovel,"I111V,1.000"
X-1795,SYNPO2,171024.0,MutNovel,"R340C,1.000"
X-1795,TAF10,6881.0,MutNovel,"P14T,0.384"
X-1795,TAF9,6880.0,MutNovel,"L162P,0.995"
X-1795,TBC1D10B,26000.0,MutNovel,"A209V,0.555"
X-1795,TBL1Y,90665.0,Del0.8,0.19
X-1795,TCF7L1,83439.0,MutNovel,"A296G,0.500"
X-1795,TG,7038.0,Amp5,5.17
X-1795,TGIF2LY,90655.0,Del0.8,0.19
X-1795,THOC5,8563.0,MutNovel,"D192Y,0.323"
X-1795,TMEM108,66000.0,MutNovel,"G287S,1.000"
X-1795,TMEM184A,202915.0,MutNovel,"G392GA,0.268"
X-1795,TMEM199,147007.0,MutNovel,"P27T,0.477"
X-1795,TMEM55B,90809.0,MutNovel,"L189R,0.502"
X-1795,TMEM71,137835.0,Amp5,5.17
X-1795,TMSB4Y,9087.0,Del0.8,0.19
X-1795,TP53,7157.0,MutKnownFunctional,"R273L,0.992"
X-1795,TRIM52,84851.0,MutKnownFunctional,"C23*,1.000"
X-1795,TRIM54,57159.0,MutNovel,"K172R,0.667"
X-1795,TRIOBP,11078.0,MutNovel,"T1091K,0.524"
X-1795,TRMT2A,27037.0,MutKnownFunctional,"-599?,0.548"
X-1795,TRPS1,7227.0,Amp5,6.45
X-1795,TSC22D1,8848.0,MutNovel,"D912H,0.480"
X-1795,TSC22D1,8848.0,MutNovel,"P61L,0.576"
X-1795,TSPAN15,23555.0,MutNovel,"V112M,0.562"
X-1795,TSPY1,7258.0,Del0.8,0.19
X-1795,TSPY2,64591.0,Del0.8,0.19
X-1795,TSPY3,728137.0,Del0.8,0.19
X-1795,TSPY4,728395.0,Del0.8,0.19
X-1795,TSPY8,728403.0,Del0.8,0.19
X-1795,TSPYL1,7259.0,MutNovel,"V176VW,0.609"
X-1795,TTC14,151613.0,MutNovel,"S603N,0.815"
X-1795,TTC6,,MutNovel,"ES408DS,0.667"
X-1795,TTI1,9675.0,MutNovel,"M586K,0.290"
X-1795,TTTY10,246119.0,Del0.8,0.19
X-1795,TTTY11,83866.0,Del0.8,0.19
X-1795,TTTY12,83867.0,Del0.8,0.19
X-1795,TTTY13,83868.0,Del0.8,0.19
X-1795,TTTY14,83869.0,Del0.8,0.19
X-1795,TTTY15,64595.0,Del0.8,0.19
X-1795,TTTY16,252948.0,Del0.8,0.19
X-1795,TTTY17A,252949.0,Del0.8,0.19
X-1795,TTTY17A,252949.0,Del0.8,0.19
X-1795,TTTY18,252950.0,Del0.8,0.19
X-1795,TTTY19,252952.0,Del0.8,0.19
X-1795,TTTY1B,100101116.0,Del0.8,0.19
X-1795,TTTY1B,100101116.0,Del0.8,0.19
X-1795,TTTY2,60439.0,Del0.8,0.19
X-1795,TTTY2,60439.0,Del0.8,0.19
X-1795,TTTY20,252951.0,Del0.8,0.19
X-1795,TTTY21,252953.0,Del0.8,0.19
X-1795,TTTY21,252953.0,Del0.8,0.19
X-1795,TTTY22,252954.0,Del0.8,0.19
X-1795,TTTY23,252955.0,Del0.8,0.19
X-1795,TTTY23,252955.0,Del0.8,0.19
X-1795,TTTY3,114760.0,Del0.8,0.19
X-1795,TTTY3,114760.0,Del0.8,0.19
X-1795,TTTY4,114761.0,Del0.8,0.19
X-1795,TTTY4,114761.0,Del0.8,0.19
X-1795,TTTY5,83863.0,Del0.8,0.19
X-1795,TTTY6,84672.0,Del0.8,0.19
X-1795,TTTY6,84672.0,Del0.8,0.19
X-1795,TTTY7,246122.0,Del0.8,0.19
X-1795,TTTY7,246122.0,Del0.8,0.19
X-1795,TTTY7B,100101120.0,Del0.8,0.19
X-1795,TTTY7B,100101120.0,Del0.8,0.19
X-1795,TTTY8,84673.0,Del0.8,0.19
X-1795,TTTY8,84673.0,Del0.8,0.19
X-1795,TTTY9A,83864.0,Del0.8,0.19
X-1795,TTTY9A,83864.0,Del0.8,0.19
X-1795,TUBB8,347688.0,MutNovel,"N52H,0.800"
X-1795,TXLNG2P,246126.0,Del0.8,0.19
X-1795,UAP1L1,91373.0,MutNovel,"A82P,0.300"
X-1795,UGT1A9,54600.0,MutNovel,"N152A,1.000"
X-1795,ULBP2,80328.0,MutNovel,"F185I,0.222"
X-1795,USP36,57602.0,MutNovel,"KKK958K,0.679"
X-1795,USP9Y,8287.0,Del0.8,0.19
X-1795,UTY,7404.0,Del0.8,0.19
X-1795,VCX3A,51481.0,MutNovel,"V186M,1.000"
X-1795,VCY,9084.0,Del0.8,0.19
X-1795,VCY,9084.0,Del0.8,0.19
X-1795,VPS13D,55187.0,MutKnownFunctional,"Y1253*,0.333"
X-1795,WISP1,8840.0,Amp5,5.17
X-1795,XKRY2,353515.0,Del0.8,0.19
X-1795,XKRY2,353515.0,Del0.8,0.19
X-1795,XPO7,23039.0,MutNovel,"I593V,0.486"
X-1795,ZC3H6,376940.0,MutNovel,"D1162V,0.412"
X-1795,ZDHHC11,79844.0,MutNovel,"A303D,0.375"
X-1795,ZFAT,57623.0,Amp5,5.17
X-1795,ZFAT-AS1,594840.0,Amp5,5.17
X-1795,ZFP161,7541.0,MutNovel,"R303S,0.523"
X-1795,ZFY,7544.0,Del0.8,0.19
X-1795,ZIC1,7545.0,Amp5,5.03
X-1795,ZIC4,84107.0,Amp5,5.03
X-1795,ZNF235,9310.0,MutNovel,"Q142E,0.500"
X-1795,ZNF292,23036.0,MutNovel,"I396T,0.333"
X-1795,ZNF385A,25946.0,MutNovel,"P18A,0.424"
X-1795,ZNF469,84627.0,MutNovel,"R3414T,0.833"
X-1795,ZNF547,284306.0,MutNovel,"I233V,1.000"
X-1795,ZNF772,400720.0,MutNovel,"A4GP,0.857"
X-1795,ZNHIT2,741.0,MutNovel,"R127Q,0.512"
X-1795,ZSWIM6,57688.0,MutNovel,"H971L,0.987"
X-1823,ACLY,47.0,MutNovel,"E300K,1.000"
X-1823,ADAM3A,1587.0,Del0.8,0.17
X-1823,ADAM5P,255926.0,Del0.8,0.49
X-1823,ADAMTS12,81792.0,Amp5,5.62
X-1823,ADAMTS16,170690.0,Amp5,5.62
X-1823,ADAT1,23536.0,MutNovel,"S169L,1.000"
X-1823,ADCY2,108.0,Amp5,5.62
X-1823,AGAP6,414189.0,MutNovel,"P682T,0.800"
X-1823,AGAP9,642517.0,MutNovel,"S216F,0.750"
X-1823,AGXT2,64902.0,Amp5,5.62
X-1823,AHRR,57491.0,Amp5,5.82
X-1823,AMACR,23600.0,Amp5,5.62
X-1823,AMELY,266.0,Del0.8,0.17
X-1823,ANAPC1,64682.0,MutNovel,"A1044V,0.433"
X-1823,ANAPC1,64682.0,MutNovel,"D957V,0.444"
X-1823,ANKH,56172.0,Amp5,5.62
X-1823,ANKRD33B,651746.0,Amp5,5.62
X-1823,ANKRD36,375248.0,MutNovel,"T998S,0.600"
X-1823,ANKS1A,23294.0,MutNovel,"H906L,1.000"
X-1823,APBB1IP,54518.0,MutNovel,"G323I,0.442"
X-1823,ARHGAP23,57636.0,MutNovel,"R918H,0.636"
X-1823,ARHGAP23,57636.0,MutNovel,"R928H,0.700"
X-1823,ARHGAP23,57636.0,MutNovel,"D1070G,0.375"
X-1823,ARL6,84100.0,MutNovel,"Y83C,0.667"
X-1823,ASCC2,84164.0,Amp5,6.15
X-1823,ASNA1,439.0,MutNovel,"G4V,1.000"
X-1823,ATP8A1,10396.0,MutNovel,"G894I,0.600"
X-1823,AXIN1,8312.0,MutNovel,"R647H,1.000"
X-1823,BASP1,10409.0,Amp5,5.62
X-1823,BCORP1,286554.0,Del0.8,0.17
X-1823,BEND3,57673.0,MutNovel,"A574S,1.000"
X-1823,BPY2B,442867.0,Del0.8,0.17
X-1823,BPY2B,442867.0,Del0.8,0.17
X-1823,BRD9,65980.0,Amp5,5.62
X-1823,BRIX1,55299.0,Amp5,5.62
X-1823,BRWD1,54014.0,MutNovel,"D2255N,1.000"
X-1823,BTNL8,79908.0,Del0.8,0.64
X-1823,C11orf95,65998.0,MutNovel,"Y104N,0.618"
X-1823,C12orf65,91574.0,MutKnownFunctional,"-163,0.316"
X-1823,C1QTNF3,114899.0,Amp5,5.62
X-1823,C1orf86,199990.0,MutNovel,"T58K,0.421"
X-1823,C5orf22,55322.0,Amp5,5.62
X-1823,C5orf28,64417.0,Amp5,6.11
X-1823,C5orf34,375444.0,Amp5,6.11
X-1823,C5orf38,153571.0,Amp5,5.62
X-1823,C5orf42,65250.0,Amp5,5.82
X-1823,C5orf49,134121.0,Amp5,5.62
X-1823,C5orf51,285636.0,Amp5,6.11
X-1823,C5orf55,116349.0,Amp5,5.82
X-1823,C6,729.0,Amp5,6.11
X-1823,C6orf118,168090.0,Del0.8,0.73
X-1823,C7,730.0,Amp5,6.11
X-1823,C9,735.0,Amp5,6.11
X-1823,CAPSL,133690.0,Amp5,5.62
X-1823,CARD6,84674.0,Amp5,6.11
X-1823,CASP14,23581.0,Amp5,6.5
X-1823,CASZ1,54897.0,MutNovel,"A946S,0.500"
X-1823,CCDC127,133957.0,Amp5,5.82
X-1823,CCDC152,100129792.0,Amp5,6.11
X-1823,CCDC157,550631.0,Amp5,6.15
X-1823,CCL28,56477.0,Amp5,6.11
X-1823,CCL3L1,6349.0,Del0.8,0.62
X-1823,CCL3L3,414062.0,Del0.8,0.62
X-1823,CCNB3,85417.0,MutNovel,"K846N,1.000"
X-1823,CCNJ,54619.0,MutNovel,"Q296R,0.571"
X-1823,CCT5,22948.0,Amp5,5.62
X-1823,CD300C,10871.0,MutNovel,"R118Q,1.000"
X-1823,CDH10,1008.0,Amp5,5.62
X-1823,CDH12,1010.0,Amp5,5.62
X-1823,CDH18,1016.0,Amp5,5.62
X-1823,CDH6,1004.0,Amp5,5.62
X-1823,CDH9,1007.0,Amp5,5.62
X-1823,CDK5RAP3,80279.0,MutNovel,"V21G,0.963"
X-1823,CDY1B,253175.0,Del0.8,0.17
X-1823,CDY1B,253175.0,Del0.8,0.17
X-1823,CDY2A,9426.0,Del0.8,0.17
X-1823,CDY2A,9426.0,Del0.8,0.17
X-1823,CDY2B,203611.0,Del0.8,0.17
X-1823,CDY2B,203611.0,Del0.8,0.17
X-1823,CEP350,9857.0,MutNovel,"E1762K,0.333"
X-1823,CEP72,55722.0,Amp5,5.82
X-1823,CES1P1,51716.0,Del0.8,0.51
X-1823,CFHR3,10878.0,Amp5,5.28
X-1823,CHEK2,11200.0,MutNovel,"H388R,1.000"
X-1823,CHST15,51363.0,MutKnownFunctional,"-456,0.538"
X-1823,CHUK,1147.0,MutNovel,"G6E,0.333"
X-1823,CITED4,163732.0,MutNovel,"I137S,0.600"
X-1823,CKS1B,1163.0,MutNovel,"W43L,0.472"
X-1823,CLCN7,1186.0,MutNovel,"Y497C,1.000"
X-1823,CLIP1,6249.0,MutNovel,"G89V,0.559"
X-1823,CLPTM1L,81037.0,Amp5,5.62
X-1823,CMBL,134147.0,Amp5,5.62
X-1823,CNTNAP3B,728577.0,Del0.8,0.6
X-1823,CRIPAK,285464.0,MutNovel,"V164A,0.857"
X-1823,CSPG4P1Y,114758.0,Del0.8,0.17
X-1823,CSPG4P1Y,114758.0,Del0.8,0.17
X-1823,CSPP1,79848.0,MutNovel,"T513A,0.607"
X-1823,CTNND2,1501.0,Amp5,5.62
X-1823,DAB2,1601.0,Amp5,6.11
X-1823,DAP,1611.0,Amp5,5.62
X-1823,DAZ1,1617.0,Del0.8,0.17
X-1823,DAZ2,57055.0,Del0.8,0.17
X-1823,DAZ3,57054.0,Del0.8,0.17
X-1823,DAZ3,57054.0,Del0.8,0.17
X-1823,DAZ4,57135.0,Del0.8,0.17
X-1823,DAZ4,57135.0,Del0.8,0.17
X-1823,DDIT4L,115265.0,MutKnownFunctional,"-180,0.973"
X-1823,DDX3Y,8653.0,Del0.8,0.17
X-1823,DGCR2,9993.0,MutNovel,"S514N,0.986"
X-1823,DHX9,1660.0,MutNovel,"V709L,0.474"
X-1823,DIDO1,11083.0,MutNovel,"E1574G,0.500"
X-1823,DNAH5,1767.0,Amp5,5.62
X-1823,DNAJA4,55466.0,MutNovel,"S108I,0.707"
X-1823,DNAJC21,134218.0,Amp5,5.62
X-1823,DROSHA,29102.0,Amp5,5.62
X-1823,EGFLAM,133584.0,Amp5,6.11
X-1823,EIF1AY,9086.0,Del0.8,0.17
X-1823,EIF2C4,192670.0,MutNovel,"R797H,1.000"
X-1823,EIF4G1,1981.0,MutNovel,"EGEA472E,0.322"
X-1823,EIF4G2,1982.0,MutNovel,"D329N,0.988"
X-1823,ERRFI1,54206.0,Amp5,7.16
X-1823,ERVV-1,147664.0,MutNovel,"P279A,1.000"
X-1823,ETV7,51513.0,MutNovel,"L308P,0.500"
X-1823,EXOC3,11336.0,Amp5,5.82
X-1823,FAHD2A,51011.0,MutNovel,"K18N,0.437"
X-1823,FAM105A,54491.0,Amp5,5.62
X-1823,FAM105B,90268.0,Amp5,5.62
X-1823,FAM117B,150864.0,MutNovel,"S414C,0.312"
X-1823,FAM129A,116496.0,MutNovel,"Q8K,0.333"
X-1823,FAM134B,54463.0,Amp5,5.62
X-1823,FAM171B,165215.0,MutNovel,"-44Q,0.474"
X-1823,FAM173B,134145.0,Amp5,5.62
X-1823,FAM197Y2P,252946.0,Del0.8,0.17
X-1823,FAM41AY1,340618.0,Del0.8,0.17
X-1823,FAM41AY1,340618.0,Del0.8,0.17
X-1823,FAM69C,125704.0,MutNovel,"R179C,1.000"
X-1823,FAM75A6,389730.0,Del0.8,0.43
X-1823,FASTKD3,79072.0,Amp5,5.62
X-1823,FBXL12,54850.0,MutNovel,"V38G,0.600"
X-1823,FBXL7,23194.0,Amp5,5.62
X-1823,FBXO3,26273.0,MutNovel,"M238L,0.584"
X-1823,FBXO4,26272.0,Amp5,6.11
X-1823,FEM1C,56929.0,MutNovel,"I578T,0.318"
X-1823,FGF10,2255.0,Amp5,6.11
X-1823,FHDC1,85462.0,MutNovel,"G78C,1.000"
X-1823,FLJ33360,401172.0,Amp5,5.62
X-1823,FMNL3,91010.0,MutNovel,"N60S,1.000"
X-1823,FUT10,84750.0,MutNovel,"D222Y,1.000"
X-1823,FYB,2533.0,Amp5,6.11
X-1823,GABPB1,2553.0,MutNovel,"E343V,0.750"
X-1823,GAL3ST1,9514.0,Amp5,6.15
X-1823,GALNTL6,442117.0,Del0.8,0.77
X-1823,GATA6,2627.0,MutNovel,"Y569C,1.000"
X-1823,GATSL3,652968.0,Amp5,6.15
X-1823,GDNF,2668.0,Amp5,6.11
X-1823,GEN1,348654.0,MutNovel,"S835I,0.227"
X-1823,GHR,2690.0,Amp5,6.11
X-1823,GLI3,2737.0,MutNovel,"D1094Y,0.438"
X-1823,GOLGA2P2Y,84559.0,Del0.8,0.17
X-1823,GOLGA2P2Y,84559.0,Del0.8,0.17
X-1823,GOLPH3,64083.0,Amp5,5.62
X-1823,GPR125,166647.0,MutNovel,"Y175F,0.478"
X-1823,GRB10,2887.0,MutNovel,"W493C,0.750"
X-1823,GSTM1,2944.0,Del0.8,0.75
X-1823,GTF2H2,2966.0,MutNovel,"C385Y,0.750"
X-1823,GUCY1A3,2982.0,MutNovel,"L159I,1.000"
X-1823,GUSBP1,728411.0,Amp5,5.62
X-1823,GYG2P1,352887.0,Del0.8,0.17
X-1823,H2AFX,3014.0,MutNovel,"K135N,0.479"
X-1823,HAGH,3029.0,MutNovel,"Q82H,0.983"
X-1823,HCN1,348980.0,Amp5,6.11
X-1823,HEATR2,54919.0,MutNovel,"R184S,0.372"
X-1823,HEATR7B2,133558.0,Amp5,6.11
X-1823,HERC4,26091.0,MutNovel,"N403S,0.450"
X-1823,HLA-DRB1,3123.0,MutNovel,"Y89P,0.714"
X-1823,HLA-H,3136.0,Del0.8,0.53
X-1823,HMGCS1,3157.0,Amp5,6.11
X-1823,HMMR,3161.0,MutNovel,"D515Y,0.969"
X-1823,HORMAD2,150280.0,Amp5,6.15
X-1823,HPS6,79803.0,MutNovel,"H354R,0.679"
X-1823,HSFY2,159119.0,Del0.8,0.17
X-1823,HSFY2,159119.0,Del0.8,0.17
X-1823,IGSF3,3321.0,MutNovel,"D1041G,0.429"
X-1823,IGSF3,3321.0,MutNovel,"M563I,0.400"
X-1823,IL17RA,23765.0,MutNovel,"Q216K,0.407"
X-1823,IL7R,3575.0,Amp5,5.62
X-1823,ILVBL,10994.0,Amp5,6.5
X-1823,IMMP1L,196294.0,MutNovel,"G90A,0.567"
X-1823,INTS1,26173.0,MutNovel,"R339Q,0.377"
X-1823,IPCEF1,26034.0,MutNovel,"P114S,1.000"
X-1823,IRX1,79192.0,Amp5,5.62
X-1823,IRX2,153572.0,Amp5,5.62
X-1823,IRX4,50805.0,Amp5,5.62
X-1823,ITGB6,3694.0,MutNovel,"A105V,1.000"
X-1823,ITPKC,80271.0,MutNovel,"K534M,1.000"
X-1823,KANSL1,,MutNovel,"S276I,0.375"
X-1823,KDM4C,23081.0,MutKnownFunctional,"Y277*,0.500"
X-1823,KDM5C,8242.0,MutNovel,"G97C,0.974"
X-1823,KDM5D,8284.0,Del0.8,0.17
X-1823,KGFLP2,654466.0,Del0.8,0.47
X-1823,KIAA0564,23078.0,MutNovel,"D493Y,1.000"
X-1823,KIAA0947,23379.0,Amp5,5.62
X-1823,KIAA2013,90231.0,MutNovel,"G226R,0.723"
X-1823,KIAA2018,205717.0,MutNovel,"Q1143L,0.545"
X-1823,KIFC2,90990.0,MutNovel,"R732C,0.429"
X-1823,KIN,22944.0,MutNovel,"S4L,0.588"
X-1823,KLHL21,9903.0,MutNovel,"A16S,0.562"
X-1823,KRT13,3860.0,MutNovel,"D131E,0.500"
X-1823,KRT73,319101.0,MutNovel,"Q158K,1.000"
X-1823,KRT82,3888.0,MutNovel,"I292V,1.000"
X-1823,LCP1,3936.0,MutNovel,"G621V,1.000"
X-1823,LGALS1,3956.0,MutNovel,"C3F,0.426"
X-1823,LGALS9C,654346.0,Del0.8,0.21
X-1823,LIF,3976.0,Amp5,6.15
X-1823,LIFR,3977.0,Amp5,6.11
X-1823,LINC00221,338005.0,Del0.8,0.61
X-1823,LIPE,3991.0,MutNovel,"Y496F,1.000"
X-1823,LMBRD2,92255.0,Amp5,5.82
X-1823,LOC100130301,100130301.0,Amp5,5.28
X-1823,LOC100132356,100132356.0,Amp5,6.11
X-1823,LOC100288332,,MutNovel,"L270V,0.500"
X-1823,LOC100288336,,MutNovel,"G337R,1.000"
X-1823,LOC100505738,100505738.0,Amp5,5.62
X-1823,LOC100505781,,MutNovel,"S110Y,1.000"
X-1823,LOC100505806,100505806.0,Amp5,5.62
X-1823,LOC100506548,100506548.0,Amp5,6.11
X-1823,LOC100506688,100506688.0,Amp5,5.62
X-1823,LOC100507472,100507472.0,Amp5,7.11
X-1823,LOC100996607,,MutNovel,"P555S,1.000"
X-1823,LOC153684,153684.0,Amp5,6.11
X-1823,LOC255167,255167.0,Amp5,5.62
X-1823,LOC285577,285577.0,Amp5,5.62
X-1823,LOC285692,285692.0,Amp5,5.62
X-1823,LOC285696,285696.0,Amp5,5.62
X-1823,LOC339666,339666.0,Amp5,5.24
X-1823,LOC340094,340094.0,Amp5,5.62
X-1823,LOC340107,340107.0,Amp5,5.62
X-1823,LOC340113,340113.0,Amp5,5.62
X-1823,LOC401177,401177.0,Amp5,5.62
X-1823,LOC440981,,MutNovel,"L113Q,0.600"
X-1823,LOC442132,442132.0,Amp5,5.62
X-1823,LOC643401,643401.0,Amp5,5.62
X-1823,LOC648987,648987.0,Amp5,6.11
X-1823,LOC728613,728613.0,Amp5,5.62
X-1823,LOC728715,,MutNovel,"A70G,0.229"
X-1823,LOC728715,,MutNovel,"P53T,0.375"
X-1823,LOC729506,729506.0,Amp5,5.62
X-1823,LPCAT1,79888.0,Amp5,5.62
X-1823,LRP2,4036.0,MutNovel,"L3097P,1.000"
X-1823,LRRC14B,389257.0,Amp5,5.82
X-1823,LRRC8B,23507.0,MutNovel,"L671M,0.569"
X-1823,LSR,51599.0,MutNovel,"G518GR,0.767"
X-1823,MAN1A2,10905.0,MutNovel,"R134L,0.523"
X-1823,MAP3K6,9064.0,MutNovel,"I818M,0.935"
X-1823,MAP4K2,5871.0,MutNovel,"N436S,0.370"
X-1823,2014-03-11 00:00:00,441061.0,Amp5,5.62
X-1823,2014-03-06 00:00:00,10299.0,Amp5,5.62
X-1823,MCTP2,55784.0,Amp5,5.28
X-1823,MDC1,9656.0,MutNovel,"E1550D,0.953"
X-1823,MDM1,56890.0,MutNovel,"D272N,0.500"
X-1823,MED10,84246.0,Amp5,5.62
X-1823,MGC21881,389741.0,Del0.8,0.47
X-1823,MIB1,57534.0,MutNovel,"G55S,1.000"
X-1823,MIB2,142678.0,MutNovel,"W397F,0.641"
X-1823,MIR3650,100500824.0,Amp5,6.11
X-1823,MIR3675,100500876.0,Del0.8,0.73
X-1823,MIR4277,100422966.0,Amp5,5.62
X-1823,MIR4278,100422999.0,Amp5,5.62
X-1823,MIR4279,100422874.0,Amp5,5.62
X-1823,MIR4454,100616234.0,Amp5,5.62
X-1823,MIR4456,100616381.0,Amp5,5.82
X-1823,MIR4457,100616235.0,Amp5,5.62
X-1823,MIR4458,100616142.0,Amp5,5.62
X-1823,MIR4635,100616479.0,Amp5,5.62
X-1823,MIR4636,100616326.0,Amp5,5.62
X-1823,MIR4637,100616271.0,Amp5,5.62
X-1823,MIR580,693165.0,Amp5,5.82
X-1823,MIS18BP1,55320.0,MutNovel,"SL52L,1.000"
X-1823,MKI67,4288.0,MutNovel,"H568R,0.417"
X-1823,MLIP,90523.0,Del0.8,0.78
X-1823,MR1,3140.0,MutNovel,"D125Y,0.667"
X-1823,MRPL36,64979.0,Amp5,5.62
X-1823,MRPS30,10884.0,Amp5,6.11
X-1823,MTFP1,51537.0,Amp5,6.15
X-1823,MTIF2,4528.0,MutNovel,"K153E,0.463"
X-1823,MTMR12,54545.0,Amp5,5.62
X-1823,MTMR3,8897.0,Amp5,6.15
X-1823,MTRR,4552.0,Amp5,5.62
X-1823,MTUS2,23281.0,MutNovel,"G1367W,1.000"
X-1823,MUC4,4585.0,MutNovel,"T3958A,0.750"
X-1823,MUC4,4585.0,MutNovel,"A3785V,0.421"
X-1823,MUC4,4585.0,MutNovel,"Q3629H,0.231"
X-1823,MUC4,4585.0,MutNovel,"IP2837MT,0.333"
X-1823,MUC4,4585.0,MutNovel,"Q2653H,1.000"
X-1823,MUC5B,727897.0,MutNovel,"A4567T,0.429"
X-1823,MYCBP2,23077.0,MutNovel,"G2431V,1.000"
X-1823,MYO10,4651.0,Amp5,5.62
X-1823,MYO9B,4650.0,MutNovel,"G1072D,1.000"
X-1823,MZF1,7593.0,MutKnownFunctional,"-93,0.909"
X-1823,NADKD1,133686.0,Amp5,5.82
X-1823,NBPF10,100132406.0,MutNovel,"F340S,0.375"
X-1823,NBPF11,200030.0,MutNovel,"D659N,1.000"
X-1823,NBPF16,728936.0,MutNovel,"A643T,0.500"
X-1823,NCRNA00185,55410.0,Del0.8,0.17
X-1823,NDUFS1,4719.0,MutNovel,"E605G,0.530"
X-1823,NDUFS6,4726.0,Amp5,5.62
X-1823,NEFH,4744.0,MutNovel,"E343K,1.000"
X-1823,NIM1,167359.0,Amp5,6.11
X-1823,NIPBL,25836.0,Amp5,5.82
X-1823,NKD1,85407.0,MutNovel,"D261Y,1.000"
X-1823,NKD2,85409.0,Amp5,5.62
X-1823,NLGN4Y,22829.0,Del0.8,0.17
X-1823,NNT,23530.0,Amp5,6.11
X-1823,NOTCH4,4855.0,MutNovel,"A1741T,1.000"
X-1823,NPC1,4864.0,MutNovel,"D37N,1.000"
X-1823,NPR3,4883.0,MutKnownFunctional,"E351*,0.500"
X-1823,NPR3,4883.0,Amp5,5.62
X-1823,NR1H2,7376.0,MutNovel,"-173Q,0.702"
X-1823,NR3C1,2908.0,MutNovel,"R478S,0.951"
X-1823,NSUN2,54888.0,Amp5,5.62
X-1823,NUP155,9631.0,Amp5,5.82
X-1823,NUP210,23225.0,MutNovel,"E1284K,1.000"
X-1823,OBP2B,29989.0,MutNovel,"P168L,0.333"
X-1823,OBP2B,29989.0,MutNovel,"R149H,0.212"
X-1823,OR1I1,126370.0,Amp5,6.5
X-1823,OR2A7,401427.0,MutNovel,"T253L,1.000"
X-1823,OR4F15,390649.0,Amp5,7.11
X-1823,OR4F4,26682.0,Amp5,7.11
X-1823,OR4F6,390648.0,Amp5,7.11
X-1823,ORAI1,84876.0,MutNovel,"PP43-,1.000"
X-1823,OS9,10956.0,MutNovel,"H127Y,0.542"
X-1823,OSBPL10,114884.0,MutNovel,"V682L,1.000"
X-1823,OSM,5008.0,Amp5,6.15
X-1823,OSMR,9180.0,Amp5,6.11
X-1823,OXCT1,5019.0,Amp5,6.11
X-1823,PABPC1L,80336.0,MutNovel,"G565R,0.362"
X-1823,PACRGL,133015.0,MutNovel,"K223M,0.462"
X-1823,PAIP1,10605.0,Amp5,6.11
X-1823,PAPD7,11044.0,Amp5,5.62
X-1823,PARK7,11315.0,Amp5,7.16
X-1823,PCDH11Y,83259.0,Del0.8,0.17
X-1823,PCDHB13,56123.0,MutNovel,"S4N,1.000"
X-1823,PCDHGA10,56106.0,MutNovel,"V419L,1.000"
X-1823,PCDHGB7,56099.0,MutNovel,"Q533H,1.000"
X-1823,PCIF1,63935.0,MutNovel,"S350L,0.426"
X-1823,PCM1,5108.0,MutNovel,"Q842L,1.000"
X-1823,PCNXL3,399909.0,MutNovel,"A343V,0.345"
X-1823,PCSK6,5046.0,Amp5,7.11
X-1823,PDCD6,10016.0,Amp5,5.82
X-1823,PDE8B,8622.0,MutNovel,"I540N,0.500"
X-1823,PDZD2,23037.0,Amp5,5.62
X-1823,PFDN5,5204.0,MutNovel,"P65L,0.478"
X-1823,PGLYRP2,114770.0,MutNovel,"T20K,1.000"
X-1823,PHC1,1911.0,MutNovel,"S81I,0.600"
X-1823,PHLDA1,22822.0,MutNovel,"QQ194Q,0.300"
X-1823,PIEZO1,9780.0,MutNovel,"T1510R,1.000"
X-1823,PJA2,9867.0,MutNovel,"E518G,0.569"
X-1823,PKD1,5310.0,MutNovel,"A1926V,1.000"
X-1823,PLAC4,191585.0,MutNovel,"R44P,0.287"
X-1823,PLAC4,191585.0,MutKnownFunctional,"-41,0.301"
X-1823,PLCXD3,345557.0,Amp5,6.11
X-1823,PLEKHG4B,153478.0,Amp5,5.82
X-1823,PMCHL1,5369.0,Amp5,5.62
X-1823,PNPT1,87178.0,MutNovel,"M543K,0.454"
X-1823,POLRMT,5442.0,MutNovel,"R790Q,1.000"
X-1823,PP7080,25845.0,Amp5,5.82
X-1823,PPARGC1A,10891.0,MutNovel,"T528I,0.558"
X-1823,PPFIA1,8500.0,MutNovel,"A331D,0.607"
X-1823,PPM1F,9647.0,MutNovel,"D364Y,0.308"
X-1823,PPP1R15A,23645.0,MutKnownFunctional,"R121*,0.931"
X-1823,PRB3,5544.0,MutNovel,"P240L,1.000"
X-1823,PRDM9,56979.0,Amp5,5.62
X-1823,PRKAA1,5562.0,Amp5,6.11
X-1823,PRKCI,5584.0,MutNovel,"A236S,0.526"
X-1823,PRKY,5616.0,Del0.8,0.17
X-1823,PRLR,5618.0,Amp5,5.62
X-1823,PRRC2C,23215.0,MutNovel,"N1458S,0.470"
X-1823,PRY,9081.0,Del0.8,0.17
X-1823,PRY,9081.0,Del0.8,0.17
X-1823,PRY2,442862.0,Del0.8,0.17
X-1823,PRY2,442862.0,Del0.8,0.17
X-1823,PTBP2,58155.0,MutNovel,"N143K,0.529"
X-1823,PTCH1,5727.0,MutNovel,"G1343W,1.000"
X-1823,PTGER4,5734.0,Amp5,6.11
X-1823,PUM1,9698.0,MutNovel,"I1150S,1.000"
X-1823,RAD1,5810.0,Amp5,5.62
X-1823,RAI14,26064.0,Amp5,5.62
X-1823,RALY,22913.0,MutNovel,"-231S,0.218"
X-1823,RANBP3L,202151.0,Amp5,5.82
X-1823,RASSF1,11186.0,MutKnownFunctional,"Y21*,0.250"
X-1823,RBMXL1,494115.0,MutNovel,"I40M,0.571"
X-1823,RBMY1A3P,286557.0,Del0.8,0.17
X-1823,RBMY1B,378948.0,Del0.8,0.17
X-1823,RBMY1B,378948.0,Del0.8,0.17
X-1823,RBMY1E,378950.0,Del0.8,0.17
X-1823,RBMY1E,378950.0,Del0.8,0.17
X-1823,RBMY1F,159163.0,Del0.8,0.17
X-1823,RBMY1F,159163.0,Del0.8,0.17
X-1823,RBMY1J,378951.0,Del0.8,0.17
X-1823,RBMY1J,378951.0,Del0.8,0.17
X-1823,RBMY2EP,159125.0,Del0.8,0.17
X-1823,RBMY2FP,159162.0,Del0.8,0.17
X-1823,RBMY3AP,64593.0,Del0.8,0.17
X-1823,RDH10,157506.0,Amp5,5.28
X-1823,RERE,473.0,Amp5,5.58
X-1823,RFPL3-AS1,10737.0,Amp5,5.24
X-1823,RHD,6007.0,Del0.8,0.38
X-1823,RICTOR,253260.0,Amp5,6.11
X-1823,RIF1,55183.0,MutNovel,"EVLTL525V,1.000"
X-1823,RIMBP2,23504.0,MutNovel,"A548S,0.600"
X-1823,RNF215,200312.0,Amp5,6.15
X-1823,RNF34,80196.0,MutNovel,"S49P,0.442"
X-1823,ROPN1L,83853.0,Amp5,5.62
X-1823,RPL37,6167.0,Amp5,6.11
X-1823,RPL7,6129.0,Amp5,5.28
X-1823,RPS4Y1,6192.0,Del0.8,0.17
X-1823,RPS4Y2,140032.0,Del0.8,0.17
X-1823,RXFP3,51289.0,Amp5,5.62
X-1823,SCLY,51540.0,MutNovel,"A223S,0.533"
X-1823,SDC4P,376844.0,Amp5,6.15
X-1823,SDHA,6389.0,Amp5,5.82
X-1823,SDHAP3,728609.0,Amp5,5.62
X-1823,SEC14L2,23541.0,Amp5,6.15
X-1823,SEC14L3,266629.0,Amp5,6.15
X-1823,SEC14L4,284904.0,Amp5,6.15
X-1823,SEC14L6,730005.0,Amp5,6.15
X-1823,SECISBP2L,9728.0,MutNovel,"A823V,0.750"
X-1823,SEMA3E,9723.0,MutNovel,"I202V,0.333"
X-1823,SEMA5A,9037.0,Amp5,5.62
X-1823,SEMA6A,57556.0,MutNovel,"G307R,1.000"
X-1823,SENP7,57337.0,MutNovel,"Q263H,0.385"
X-1823,SEPP1,6414.0,Amp5,6.11
X-1823,SERINC2,347735.0,MutNovel,"-373Q,0.545"
X-1823,SERPINF2,5345.0,MutNovel,"A62V,1.000"
X-1823,SETDB1,9869.0,MutKnownFunctional,"-1115?,0.222"
X-1823,SETMAR,6419.0,MutNovel,"I584V,1.000"
X-1823,SF3A1,10291.0,Amp5,6.15
X-1823,SH3PXD2A,9644.0,MutNovel,"F854I,0.620"
X-1823,SH3RF1,57630.0,MutNovel,"S673P,1.000"
X-1823,SKP2,6502.0,Amp5,5.82
X-1823,SLC12A7,10723.0,Amp5,5.62
X-1823,SLC1A3,6507.0,Amp5,5.82
X-1823,SLC25A16,8034.0,MutNovel,"G97S,0.294"
X-1823,SLC28A1,9154.0,MutNovel,"L140LV,0.684"
X-1823,SLC2A8,29988.0,MutNovel,"Y278F,0.962"
X-1823,SLC45A1,50651.0,Amp5,7.16
X-1823,SLC45A2,51151.0,Amp5,5.62
X-1823,SLC52A2,,MutNovel,"G351C,0.563"
X-1823,SLC6A18,348932.0,Amp5,5.62
X-1823,SLC6A19,340024.0,Amp5,5.62
X-1823,SLC6A3,6531.0,Amp5,5.62
X-1823,SLC9A3,6550.0,Amp5,5.82
X-1823,SMCHD1,23347.0,MutNovel,"R1409L,1.000"
X-1823,SMS,6611.0,MutNovel,"T291K,0.981"
X-1823,SNORD123,100113384.0,Amp5,5.62
X-1823,SNORD72,619564.0,Amp5,6.11
X-1823,SNRPA1,6627.0,Amp5,5.66
X-1823,SNX8,29886.0,MutNovel,"A361E,0.439"
X-1823,SOCS1,8651.0,MutNovel,"Q210H,0.337"
X-1823,SOCS5,9655.0,MutNovel,"P279S,0.290"
X-1823,SPDEF,25803.0,Del0.8,0.73
X-1823,SPEF2,79925.0,Amp5,5.62
X-1823,SRD5A1,6715.0,Amp5,5.62
X-1823,SRSF11,9295.0,MutNovel,"R363K,0.514"
X-1823,SRSF4,6429.0,MutNovel,"G97F,1.000"
X-1823,SRY,6736.0,Del0.8,0.17
X-1823,STAG1,10274.0,MutNovel,"H298R,0.583"
X-1823,STAU2,27067.0,Amp5,6.63
X-1823,STIM2,57620.0,MutNovel,"V149F,0.500"
X-1823,STK11,6794.0,MutNovel,"H168L,0.980"
X-1823,SUB1,10923.0,Amp5,5.62
X-1823,SUV420H2,84787.0,MutNovel,"V447G,0.667"
X-1823,SYCP2,10388.0,MutNovel,"N1164S,0.520"
X-1823,SYDE1,85360.0,Amp5,6.5
X-1823,SYMPK,8189.0,MutNovel,"G662W,1.000"
X-1823,SYT7,9066.0,MutNovel,"F279L,0.516"
X-1823,TACSTD2,4070.0,MutNovel,"R3P,0.615"
X-1823,TAG,404663.0,Amp5,5.62
X-1823,TARS,6897.0,Amp5,5.62
X-1823,TARSL2,123283.0,Amp5,7.11
X-1823,TAS2R1,50834.0,Amp5,5.62
X-1823,TBC1D10A,83874.0,Amp5,6.15
X-1823,TBC1D3B,414059.0,Del0.8,0.62
X-1823,TBC1D3C,414060.0,Del0.8,0.62
X-1823,TBL1Y,90665.0,Del0.8,0.17
X-1823,TCFL5,10732.0,MutNovel,"E452K,0.608"
X-1823,TERT,7015.0,Amp5,5.62
X-1823,TGFBR3,7049.0,MutNovel,"L602H,0.714"
X-1823,TGIF2LY,90655.0,Del0.8,0.17
X-1823,TICRR,,MutNovel,"R29H,0.667"
X-1823,TM2D3,80213.0,Amp5,7.11
X-1823,TMEM116,89894.0,MutNovel,"L45H,0.500"
X-1823,TMEM144,55314.0,MutNovel,"L29V,1.000"
X-1823,TMEM182,130827.0,MutNovel,"W57C,0.500"
X-1823,TMEM184A,202915.0,MutNovel,"G392GA,0.361"
X-1823,TMSB4Y,9087.0,Del0.8,0.17
X-1823,TNFAIP6,7130.0,MutNovel,"A190D,1.000"
X-1823,TNFRSF9,3604.0,Amp5,7.16
X-1823,TNK2,10188.0,MutNovel,"A981T,0.500"
X-1823,TP53,7157.0,MutNovel,"C135G,0.667"
X-1823,TPCN1,53373.0,MutNovel,"T68S,0.562"
X-1823,TPPP,11076.0,Amp5,5.82
X-1823,TRIM24,8805.0,MutNovel,"G617A,0.408"
X-1823,TRIM47,91107.0,MutNovel,"D598Y,1.000"
X-1823,TRIO,7204.0,Amp5,5.62
X-1823,TRIP13,9319.0,Amp5,5.62
X-1823,TRPM6,140803.0,Del0.8,0.38
X-1823,TSPY1,7258.0,Del0.8,0.17
X-1823,TSPY2,64591.0,Del0.8,0.17
X-1823,TSPY3,728137.0,Del0.8,0.17
X-1823,TSPY4,728395.0,Del0.8,0.17
X-1823,TSPY8,728403.0,Del0.8,0.17
X-1823,TSPYL1,7259.0,MutNovel,"L59P,0.667"
X-1823,TTC23L,153657.0,Amp5,5.62
X-1823,TTC33,23548.0,Amp5,6.11
X-1823,TTTY10,246119.0,Del0.8,0.17
X-1823,TTTY11,83866.0,Del0.8,0.17
X-1823,TTTY12,83867.0,Del0.8,0.17
X-1823,TTTY13,83868.0,Del0.8,0.17
X-1823,TTTY14,83869.0,Del0.8,0.17
X-1823,TTTY15,64595.0,Del0.8,0.17
X-1823,TTTY16,252948.0,Del0.8,0.17
X-1823,TTTY17A,252949.0,Del0.8,0.17
X-1823,TTTY17A,252949.0,Del0.8,0.17
X-1823,TTTY18,252950.0,Del0.8,0.17
X-1823,TTTY19,252952.0,Del0.8,0.17
X-1823,TTTY1B,100101116.0,Del0.8,0.17
X-1823,TTTY1B,100101116.0,Del0.8,0.17
X-1823,TTTY2,60439.0,Del0.8,0.17
X-1823,TTTY2,60439.0,Del0.8,0.17
X-1823,TTTY20,252951.0,Del0.8,0.17
X-1823,TTTY21,252953.0,Del0.8,0.17
X-1823,TTTY21,252953.0,Del0.8,0.17
X-1823,TTTY22,252954.0,Del0.8,0.17
X-1823,TTTY23,252955.0,Del0.8,0.17
X-1823,TTTY23,252955.0,Del0.8,0.17
X-1823,TTTY3,114760.0,Del0.8,0.17
X-1823,TTTY3,114760.0,Del0.8,0.17
X-1823,TTTY4,114761.0,Del0.8,0.17
X-1823,TTTY4,114761.0,Del0.8,0.17
X-1823,TTTY5,83863.0,Del0.8,0.17
X-1823,TTTY6,84672.0,Del0.8,0.17
X-1823,TTTY6,84672.0,Del0.8,0.17
X-1823,TTTY7,246122.0,Del0.8,0.17
X-1823,TTTY7,246122.0,Del0.8,0.17
X-1823,TTTY7B,100101120.0,Del0.8,0.17
X-1823,TTTY7B,100101120.0,Del0.8,0.17
X-1823,TTTY8,84673.0,Del0.8,0.17
X-1823,TTTY8,84673.0,Del0.8,0.17
X-1823,TTTY9A,83864.0,Del0.8,0.17
X-1823,TTTY9A,83864.0,Del0.8,0.17
X-1823,TXLNG2P,246126.0,Del0.8,0.17
X-1823,TYRO3,7301.0,MutNovel,"H608R,0.312"
X-1823,UBE2QL1,134111.0,Amp5,5.62
X-1823,UGT3A1,133688.0,Amp5,5.62
X-1823,UGT3A2,167127.0,Amp5,5.82
X-1823,UHRF1BP1,54887.0,MutNovel,"F365S,1.000"
X-1823,USP36,57602.0,MutNovel,"KKK958K,0.653"
X-1823,USP4,7375.0,MutNovel,"R40P,1.000"
X-1823,USP9Y,8287.0,Del0.8,0.17
X-1823,UTY,7404.0,Del0.8,0.17
X-1823,UVSSA,,MutKnownFunctional,"E400*,0.500"
X-1823,VCY,9084.0,Del0.8,0.17
X-1823,VCY,9084.0,Del0.8,0.17
X-1823,VHL,7428.0,MutNovel,"NI150KF,1.000"
X-1823,WDPCP,51057.0,MutNovel,"L146M,0.429"
X-1823,WDR36,134430.0,MutNovel,"V20L,1.000"
X-1823,WDR70,55100.0,Amp5,5.82
X-1823,XKRY2,353515.0,Del0.8,0.17
X-1823,XKRY2,353515.0,Del0.8,0.17
X-1823,XRN1,54464.0,MutNovel,"H1414L,0.474"
X-1823,YBX1,4904.0,MutNovel,"A46G,0.258"
X-1823,ZBTB38,253461.0,MutNovel,"M662V,0.392"
X-1823,ZCCHC2,54877.0,MutNovel,"C1055F,1.000"
X-1823,ZDHHC11,79844.0,MutNovel,"A303D,0.933"
X-1823,ZFAND4,93550.0,MutNovel,"S403L,0.667"
X-1823,ZFR,51663.0,Amp5,5.62
X-1823,ZFY,7544.0,Del0.8,0.17
X-1823,ZNF131,7690.0,Amp5,6.11
X-1823,ZNF259,8882.0,MutNovel,"E289Q,0.546"
X-1823,ZNF417,147687.0,MutNovel,"L575S,1.000"
X-1823,ZNF44,51710.0,MutNovel,"K187M,0.857"
X-1823,ZNF48,197407.0,MutNovel,"P523L,0.467"
X-1823,ZNF605,100289635.0,MutNovel,"W79L,1.000"
X-1823,ZNF622,90441.0,Amp5,5.62
X-1823,ZNF775,285971.0,MutNovel,"H125Q,0.778"
X-1823,ZNF827,152485.0,MutNovel,"G986C,1.000"
X-1823,ZNF862,643641.0,MutNovel,"E948D,0.727"
X-1823,ZRANB1,54764.0,MutKnownFunctional,"-709?,0.348"
X-1823,ZSWIM5,57643.0,MutNovel,"G724S,0.412"
X-1834,61E3.4,,MutNovel,"K338N,0.923"
X-1834,AASDH,132949.0,MutKnownFunctional,"-991,0.647"
X-1834,AASS,10157.0,MutNovel,"S628L,0.500"
X-1834,ABCA1,19.0,MutKnownFunctional,"K469*,1.000"
X-1834,ABCA12,26154.0,MutNovel,"T2304S,0.496"
X-1834,ABCA7,10347.0,MutNovel,"R989C,0.750"
X-1834,ABL1,25.0,MutNovel,"A47T,0.993"
X-1834,ACER1,125981.0,MutNovel,"S176F,0.769"
X-1834,ACOT1,641371.0,Del0.8,0.8
X-1834,ACP6,51205.0,MutNovel,"P105L,0.333"
X-1834,ACTA1,58.0,MutNovel,"T360S,1.000"
X-1834,ADAD2,161931.0,MutKnownFunctional,"W177*,0.684"
X-1834,ADAM6,8755.0,Amp5,5.43
X-1834,ADCK3,56997.0,MutNovel,"S136F,0.333"
X-1834,ADH7,131.0,MutNovel,"K373Q,0.579"
X-1834,ADIPOR2,79602.0,MutNovel,"P333L,0.562"
X-1834,AFAP1,60312.0,MutNovel,"G103E,0.449"
X-1834,AGA,175.0,MutNovel,"P239S,0.314"
X-1834,AGAP6,414189.0,MutNovel,"S260I,0.490"
X-1834,AHNAK,79026.0,MutNovel,"P3999S,0.474"
X-1834,AHR,196.0,MutKnownFunctional,"-826,0.503"
X-1834,AKAP13,11214.0,MutNovel,"E1726K,0.238"
X-1834,AKAP6,9472.0,MutNovel,"S1281F,1.000"
X-1834,ALDH3B1,221.0,MutKnownFunctional,"-301?,0.600"
X-1834,ALDH3B1,221.0,MutNovel,"R309H,0.429"
X-1834,ALS2CL,259173.0,MutNovel,"R907C,1.000"
X-1834,AMN1,196394.0,MutKnownFunctional,"K144*,0.241"
X-1834,AMPD1,270.0,Amp8,20.53
X-1834,ANKRD26,22852.0,MutNovel,"V1122A,0.625"
X-1834,ANKRD27,84079.0,MutNovel,"T648I,0.530"
X-1834,ANKRD36,375248.0,MutNovel,"T998S,0.667"
X-1834,ANO1,55107.0,Amp8,13.74
X-1834,ANPEP,290.0,MutNovel,"R305W,1.000"
X-1834,AP3D1,8943.0,MutNovel,"S688L,0.479"
X-1834,APBB2,323.0,MutNovel,"A374T,0.389"
X-1834,APC,324.0,MutNovel,"D1058G,0.692"
X-1834,APOBEC3G,60489.0,MutNovel,"P357L,0.339"
X-1834,ARAP1,116985.0,MutNovel,"L1017F,1.000"
X-1834,ARHGAP21,57584.0,MutNovel,"S1104L,0.548"
X-1834,ARHGAP21,57584.0,MutNovel,"K681E,0.537"
X-1834,ARHGEF1,9138.0,MutKnownFunctional,"E395*,0.334"
X-1834,ARHGEF35,445328.0,MutNovel,"E187Q,1.000"
X-1834,ARMCX4,100131755.0,MutNovel,"V1369I,1.000"
X-1834,ARMCX4,100131755.0,MutNovel,"G1992E,1.000"
X-1834,ARRB1,408.0,MutNovel,"R51W,1.000"
X-1834,ARSI,340075.0,MutNovel,"G202K,0.492"
X-1834,ASB16,92591.0,MutNovel,"K283R,0.533"
X-1834,ASB7,140460.0,MutNovel,"G150S,0.417"
X-1834,ASPHD2,57168.0,MutNovel,"M142I,0.275"
X-1834,ATAD5,79915.0,MutNovel,"S1431F,0.452"
X-1834,ATP2A3,489.0,MutNovel,"E109K,0.389"
X-1834,ATP2C2,9914.0,MutNovel,"E224K,0.554"
X-1834,ATP5D,513.0,MutNovel,"S100I,0.553"
X-1834,ATXN2L,11273.0,MutNovel,"P109L,0.487"
X-1834,AURKC,6795.0,MutNovel,"E91K,0.467"
X-1834,B4GALT5,9334.0,MutNovel,"P169S,0.463"
X-1834,BABAM1,29086.0,MutNovel,"S179F,0.428"
X-1834,BAI1,575.0,MutNovel,"R743W,0.590"
X-1834,BBX,56987.0,MutNovel,"R791I,0.553"
X-1834,BCL11B,64919.0,MutNovel,"P736S,0.542"
X-1834,BCL11B,64919.0,MutNovel,"P703S,0.235"
X-1834,BCL2L12,83596.0,MutNovel,"R3Q,0.558"
X-1834,BCL6,604.0,MutNovel,"E227K,0.648"
X-1834,BCOR,54880.0,MutNovel,"H358Y,1.000"
X-1834,BOC,91653.0,MutNovel,"Y508F,0.771"
X-1834,BOD1L1,,MutNovel,"D1036E,0.312"
X-1834,BRCA1,672.0,MutNovel,"P1315R,0.632"
X-1834,BRD3,8019.0,MutNovel,"G156S,1.000"
X-1834,BROX,148362.0,MutNovel,"A199L,0.472"
X-1834,BRWD3,254065.0,MutNovel,"E1145K,1.000"
X-1834,BTBD11,121551.0,MutNovel,"G458K,0.520"
X-1834,BTBD7,55727.0,MutNovel,"P346L,0.433"
X-1834,BTN3A3,10384.0,MutNovel,"P188S,0.283"
X-1834,C10orf12,26148.0,MutNovel,"D572N,0.333"
X-1834,C12orf35,55196.0,MutNovel,"P765S,0.605"
X-1834,C12orf51,283450.0,MutNovel,"V2483M,0.477"
X-1834,C15orf29,79768.0,MutNovel,"V237A,0.431"
X-1834,C18orf21,83608.0,MutNovel,"E198Q,0.525"
X-1834,C19orf68,,MutNovel,"E144K,0.478"
X-1834,C1orf116,79098.0,MutKnownFunctional,"-23?,0.614"
X-1834,C1orf144,26099.0,MutNovel,"E5K,0.493"
X-1834,C1orf162,128346.0,MutNovel,"L42F,0.500"
X-1834,C2orf47,79568.0,MutNovel,"F129L,0.464"
X-1834,C3,718.0,MutNovel,"E1629K,0.510"
X-1834,C5orf42,65250.0,MutNovel,"R1044H,0.556"
X-1834,C9orf53,51198.0,Del0.8,0.32
X-1834,CACNA1B,774.0,MutNovel,"S2295F,1.000"
X-1834,CALD1,800.0,MutNovel,"R337K,0.500"
X-1834,CALML4,91860.0,MutNovel,"L48F,0.344"
X-1834,CAMSAP3,57662.0,MutNovel,"S102F,0.615"
X-1834,CASC5,57082.0,MutNovel,"P2168S,0.596"
X-1834,CAST,831.0,MutNovel,"E639K,0.486"
X-1834,CCAR1,55749.0,MutNovel,"S85L,0.443"
X-1834,CCDC122,160857.0,MutNovel,"L209F,0.559"
X-1834,CCDC3,83643.0,MutNovel,"S97F,0.556"
X-1834,CCDC80,151887.0,MutNovel,"R746Q,0.487"
X-1834,CCDC87,55231.0,MutNovel,"E732K,0.634"
X-1834,CCDC87,55231.0,MutNovel,"S568L,0.539"
X-1834,CCND1,595.0,Amp8,13.74
X-1834,CCNT1,904.0,MutNovel,"S624F,0.530"
X-1834,CCNT1,904.0,MutNovel,"P365S,0.500"
X-1834,CD177,57126.0,MutNovel,"A261G,1.000"
X-1834,CDC42EP5,148170.0,MutNovel,"R18C,0.909"
X-1834,CDC7,8317.0,MutKnownFunctional,"-472,0.341"
X-1834,CDH11,1009.0,MutNovel,"D188N,0.554"
X-1834,CDH4,1002.0,MutNovel,"V708N,0.526"
X-1834,CDK1,983.0,MutNovel,"Y237C,0.478"
X-1834,CDKL5,6792.0,MutNovel,"P799L,1.000"
X-1834,CDKN2A,1029.0,Del0.8,0.32
X-1834,CDKN2B,1030.0,Del0.8,0.47
X-1834,CDKN2C,1031.0,MutNovel,"E99Q,0.552"
X-1834,CDR2L,30850.0,MutNovel,"A32G,0.375"
X-1834,CELF6,60677.0,MutNovel,"G420R,1.000"
X-1834,CELSR2,1952.0,MutNovel,"S1260F,0.502"
X-1834,CELSR2,1952.0,MutNovel,"G2005E,0.488"
X-1834,CEP112,201134.0,MutNovel,"S643L,0.349"
X-1834,CEP170,9859.0,MutNovel,"R1284P,0.451"
X-1834,CEP350,9857.0,MutKnownFunctional,"W31*,0.667"
X-1834,CHD3,1107.0,MutNovel,"P305S,0.600"
X-1834,CHERP,10523.0,MutNovel,"A862V,0.469"
X-1834,CHI3L2,1117.0,MutNovel,"E297K,0.650"
X-1834,CHRNA5,1138.0,MutKnownFunctional,"W236*,0.500"
X-1834,CNKSR1,10256.0,MutNovel,"P590L,0.446"
X-1834,COL11A2,1302.0,MutNovel,"P1268S,0.312"
X-1834,COL18A1,80781.0,MutNovel,"P409L,0.543"
X-1834,COL5A2,1290.0,MutNovel,"G1267K,0.512"
X-1834,COL5A2,1290.0,MutNovel,"P443L,0.508"
X-1834,COL5A3,50509.0,MutNovel,"P865S,0.543"
X-1834,COL9A2,1298.0,MutNovel,"G259D,0.494"
X-1834,CPSF1,29894.0,MutNovel,"E398K,0.520"
X-1834,CREBBP,1387.0,MutNovel,"L59F,0.525"
X-1834,CROCC,9696.0,MutNovel,"R1617W,0.402"
X-1834,CSDE1,7812.0,Amp8,19.56
X-1834,CSGALNACT2,55454.0,MutNovel,"P140L,0.486"
X-1834,CSPP1,79848.0,MutNovel,"V10L,0.714"
X-1834,CTBP1,1487.0,MutKnownFunctional,"Q157*,0.202"
X-1834,CTSA,5476.0,MutNovel,"L29-,0.808"
X-1834,CTTN,2017.0,Amp8,13.74
X-1834,CUL2,8453.0,MutNovel,"N507Y,0.464"
X-1834,DAPK2,23604.0,MutNovel,"R63W,1.000"
X-1834,DBNDD1,79007.0,MutNovel,"P66S,0.294"
X-1834,DCLRE1B,64858.0,MutNovel,"S356F,0.425"
X-1834,DCST2,127579.0,MutNovel,"A446V,0.400"
X-1834,DCTN2,10540.0,MutNovel,"P10L,0.474"
X-1834,DDR1,780.0,MutNovel,"K82E,0.608"
X-1834,DDX31,64794.0,MutNovel,"R72K,1.000"
X-1834,DDX42,11325.0,MutNovel,"P604L,0.401"
X-1834,DENND1B,163486.0,MutNovel,"R704K,0.650"
X-1834,DENND1B,163486.0,MutNovel,"Q695L,0.652"
X-1834,DENND2A,27147.0,MutNovel,"R848K,0.286"
X-1834,DENND2C,163259.0,Amp8,20.53
X-1834,DENND4B,9909.0,MutNovel,"E222K,0.396"
X-1834,DFFB,1677.0,MutNovel,"V284M,0.526"
X-1834,DGKD,8527.0,MutNovel,"E976K,0.549"
X-1834,DHFR,1719.0,MutNovel,"L90F,0.650"
X-1834,DIAPH1,1729.0,MutNovel,"S840F,0.494"
X-1834,DIDO1,11083.0,MutNovel,"G1508K,0.429"
X-1834,DISP2,85455.0,MutNovel,"S296L,0.316"
X-1834,DMXL2,23312.0,MutNovel,"H2245Y,1.000"
X-1834,DMXL2,23312.0,MutKnownFunctional,"Q2112*,0.444"
X-1834,DNAH1,25981.0,MutNovel,"L3872F,1.000"
X-1834,DNAH17,8632.0,MutNovel,"F1618L,0.592"
X-1834,DNAJB1,3337.0,MutNovel,"E223K,0.461"
X-1834,DNAJB12,54788.0,MutNovel,"G208S,0.589"
X-1834,DNAJC18,202052.0,MutNovel,"P185F,0.571"
X-1834,DOCK9,23348.0,MutNovel,"E1633G,0.281"
X-1834,DOPEY1,23033.0,MutNovel,"E1889K,0.344"
X-1834,DUOXA2,405753.0,MutNovel,"F90L,0.308"
X-1834,DUOXA2,405753.0,MutNovel,"N109H,0.385"
X-1834,DUOXA2,405753.0,MutNovel,"F190L,0.333"
X-1834,E2F3,1871.0,MutNovel,"E262Q,0.415"
X-1834,EHD2,30846.0,MutNovel,"R167C,0.545"
X-1834,EHD3,30845.0,MutNovel,"K315R,0.682"
X-1834,EIF4A2,1974.0,MutNovel,"R234P,0.269"
X-1834,EML1,2009.0,MutNovel,"S166G,0.520"
X-1834,ENC1,8507.0,MutNovel,"L246F,0.557"
X-1834,ENDOV,284131.0,MutNovel,"L124F,0.629"
X-1834,ENOSF1,55556.0,MutNovel,"E198V,0.310"
X-1834,EOMES,8320.0,MutNovel,"D459N,1.000"
X-1834,EPB41L4B,54566.0,MutNovel,"N376K,1.000"
X-1834,EPG5,57724.0,MutNovel,"G1113R,0.556"
X-1834,EPHA2,1969.0,MutNovel,"R560C,0.448"
X-1834,EPN1,29924.0,MutNovel,"L62F,0.316"
X-1834,ERCC6,2074.0,MutNovel,"L199F,0.690"
X-1834,ESR1,2099.0,MutNovel,"A289D,0.500"
X-1834,ETS1,2113.0,MutNovel,"L149F,1.000"
X-1834,EVC,2121.0,MutNovel,"G882R,0.417"
X-1834,EXTL2,2135.0,MutNovel,"T284I,0.507"
X-1834,FADD,8772.0,Amp8,13.74
X-1834,FAM106A,80039.0,Del0.8,0.57
X-1834,FAM120B,84498.0,MutKnownFunctional,"W892*,0.356"
X-1834,FAM134C,162427.0,MutNovel,"P331S,0.511"
X-1834,FAM160B2,64760.0,MutNovel,"E411K,1.000"
X-1834,FAM176B,55194.0,MutNovel,"D7N,0.648"
X-1834,FAM214A,56204.0,MutNovel,"S678F,0.530"
X-1834,FAM219A,,MutNovel,"E58K,1.000"
X-1834,FAM22D,728130.0,MutNovel,"P141L,1.000"
X-1834,FAM83C,128876.0,MutNovel,"D122G,0.630"
X-1834,FAM89B,23625.0,MutNovel,"H139Y,0.472"
X-1834,FANCL,55120.0,MutNovel,"W346L,0.472"
X-1834,FANCM,57697.0,MutNovel,"H1285R,0.500"
X-1834,FAT1,2195.0,MutNovel,"P1385S,0.481"
X-1834,FAT2,2196.0,MutKnownFunctional,"K3444*,0.243"
X-1834,FAT2,2196.0,MutNovel,"V244A,0.696"
X-1834,FBN2,2201.0,MutNovel,"D2253N,0.429"
X-1834,FBN2,2201.0,MutNovel,"P1795L,0.560"
X-1834,FBXO38,81545.0,MutNovel,"P186S,0.471"
X-1834,FBXW8,26259.0,MutNovel,"L589F,0.500"
X-1834,FDCSP,260436.0,MutNovel,"P80S,0.933"
X-1834,FGF19,9965.0,Amp8,13.74
X-1834,FGF3,2248.0,Amp8,13.74
X-1834,FGF4,2249.0,Amp8,13.74
X-1834,FLG,2312.0,MutNovel,"R2540W,0.384"
X-1834,FMO5,2330.0,MutNovel,"S509F,1.000"
X-1834,FN1,2335.0,MutNovel,"G1124R,0.491"
X-1834,FOCAD,,MutNovel,"E1103K,0.375"
X-1834,GAA,2548.0,MutNovel,"P194L,0.461"
X-1834,GADD45A,1647.0,MutNovel,"A111T,0.517"
X-1834,GAL3ST4,79690.0,MutNovel,"P219H,0.714"
X-1834,GAS8,2622.0,MutNovel,"E29K,0.359"
X-1834,GDA,9615.0,MutNovel,"N289S,1.000"
X-1834,GGT6,124975.0,MutNovel,"T163M,0.375"
X-1834,GLG1,2734.0,MutNovel,"C671Y,0.431"
X-1834,GNB4,59345.0,MutNovel,"D247N,0.727"
X-1834,GNE,10020.0,MutNovel,"G616R,1.000"
X-1834,GPAM,57678.0,MutNovel,"W676G,0.500"
X-1834,GPN1,11321.0,MutNovel,"A126V,0.632"
X-1834,GPR115,221393.0,MutNovel,"G522D,0.472"
X-1834,GPR126,57211.0,MutNovel,"H194Q,0.412"
X-1834,GPR158,57512.0,MutNovel,"P604S,1.000"
X-1834,GPRIN2,9721.0,MutNovel,"-238MRE,0.667"
X-1834,GRHL3,57822.0,MutNovel,"G92E,0.442"
X-1834,GSDMA,284110.0,MutNovel,"V250A,0.498"
X-1834,GTF2F1,2962.0,MutKnownFunctional,"R17*,0.563"
X-1834,GTF3C3,9330.0,MutNovel,"EEE108E,0.389"
X-1834,GUF1,60558.0,MutNovel,"L402Q,0.449"
X-1834,H3F3C,440093.0,MutKnownFunctional,"-79,1.000"
X-1834,HAPLN3,145864.0,MutNovel,"G40V,0.324"
X-1834,HARS,3035.0,MutKnownFunctional,"VR489V*,0.481"
X-1834,HARS2,23438.0,MutNovel,"G366K,0.543"
X-1834,HERC1,8925.0,MutNovel,"E2846K,0.417"
X-1834,HERC5,51191.0,MutNovel,"V75A,0.655"
X-1834,HIST1H1E,3008.0,MutNovel,"K139-,0.481"
X-1834,HIVEP2,3097.0,MutNovel,"S621L,0.500"
X-1834,HLA-DRB1,3123.0,Amp8,8.17
X-1834,HLA-DRB5,3127.0,Amp8,8.17
X-1834,HLA-DRB6,3128.0,Amp8,8.17
X-1834,HLA-G,3135.0,MutNovel,"M69K,1.000"
X-1834,HLA-G,3135.0,MutNovel,"W75R,1.000"
X-1834,HMGN1,3150.0,MutNovel,"E77K,0.480"
X-1834,HOMER3,9454.0,MutNovel,"R170Q,0.498"
X-1834,HSPB8,26353.0,MutNovel,"E127K,0.336"
X-1834,HSPBAP1,79663.0,MutNovel,"G166C,0.348"
X-1834,HTR7,3363.0,MutNovel,"S317F,0.653"
X-1834,IFIT3,3437.0,MutNovel,"M470K,0.486"
X-1834,IGFBP2,3485.0,MutNovel,"P249S,0.299"
X-1834,IGFN1,91156.0,MutNovel,"G1273C,0.458"
X-1834,IGFN1,91156.0,MutNovel,"G1703R,0.304"
X-1834,IMPA2,3613.0,MutNovel,"P3L,0.426"
X-1834,INTS4,92105.0,MutNovel,"P271S,0.944"
X-1834,INTS5,80789.0,MutNovel,"L885F,0.621"
X-1834,INTS5,80789.0,MutNovel,"R846C,0.554"
X-1834,IQGAP1,8826.0,MutNovel,"S482L,0.474"
X-1834,IQGAP1,8826.0,MutNovel,"G1243R,0.539"
X-1834,IRX4,50805.0,MutNovel,"G109R,0.534"
X-1834,ISPD,729920.0,MutNovel,"R268Q,0.733"
X-1834,ITCH,83737.0,MutNovel,"A276V,0.445"
X-1834,ITGAV,3685.0,MutNovel,"P962S,0.528"
X-1834,ITGB4,3691.0,MutNovel,"ML1116M,0.554"
X-1834,ITSN1,6453.0,MutNovel,"E911K,0.522"
X-1834,JHDM1D,80853.0,MutNovel,"G431E,0.416"
X-1834,KDM3A,55818.0,MutNovel,"R585Q,0.443"
X-1834,KDM4B,23030.0,MutNovel,"P977F,0.429"
X-1834,KDM4B,23030.0,MutNovel,"G1013E,0.487"
X-1834,KDM5B,10765.0,MutNovel,"F161L,0.373"
X-1834,KDM6B,23135.0,MutNovel,"S1335F,0.581"
X-1834,KDSR,2531.0,MutNovel,"G280E,0.624"
X-1834,KEAP1,9817.0,MutNovel,"I416F,0.465"
X-1834,KIAA0125,9834.0,Amp5,5.43
X-1834,KIAA0196,9897.0,MutNovel,"M690I,0.255"
X-1834,KIAA0240,23506.0,MutNovel,"P197S,0.429"
X-1834,KIAA0355,9710.0,MutNovel,"L791F,0.523"
X-1834,KIAA0564,23078.0,MutNovel,"P991M,0.386"
X-1834,KIAA0947,23379.0,MutKnownFunctional,"L530*,0.558"
X-1834,KIAA1109,84162.0,MutNovel,"R2361G,0.400"
X-1834,KIAA1731,85459.0,MutNovel,"I2006N,1.000"
X-1834,KIF18B,146909.0,MutNovel,"G769S,0.482"
X-1834,KIF20B,9585.0,MutNovel,"L1062LKV,0.339"
X-1834,KIF7,374654.0,MutNovel,"E152K,0.857"
X-1834,KIFC3,3801.0,MutNovel,"H325D,0.530"
X-1834,KLHL24,54800.0,MutNovel,"R60C,0.306"
X-1834,KRT1,3848.0,MutNovel,"E154K,0.678"
X-1834,KRT12,3859.0,MutNovel,"M263L,1.000"
X-1834,KRT12,3859.0,MutNovel,"N257K,1.000"
X-1834,KRT12,3859.0,MutNovel,"T245A,1.000"
X-1834,KRT12,3859.0,MutNovel,"D240V,1.000"
X-1834,KRT13,3860.0,MutNovel,"M390I,0.700"
X-1834,KRT13,3860.0,MutNovel,"D131E,0.725"
X-1834,KRT13,3860.0,MutNovel,"A130T,0.818"
X-1834,KRT13,3860.0,MutNovel,"E120D,0.968"
X-1834,KRT13,3860.0,MutNovel,"G84V,0.788"
X-1834,KRT19,3880.0,MutNovel,"K215R,0.507"
X-1834,KRT3,3850.0,MutNovel,"Y511C,0.857"
X-1834,KRT3,3850.0,MutNovel,"Y511S,0.857"
X-1834,KRT36,8689.0,MutNovel,"N373S,0.250"
X-1834,KRT36,8689.0,MutNovel,"R371Q,0.893"
X-1834,KRT7,3855.0,MutNovel,"G259S,0.692"
X-1834,KRT7,3855.0,MutNovel,"G259S,0.692"
X-1834,KRT7,3855.0,MutNovel,"S401Y,0.727"
X-1834,KRT74,121391.0,MutNovel,"S218N,0.600"
X-1834,KRT8,3856.0,MutNovel,"Q398L,0.250"
X-1834,KRT85,3891.0,MutNovel,"C290S,1.000"
X-1834,KSR1,8844.0,MutNovel,"P472L,0.590"
X-1834,LAD1,3898.0,MutNovel,"N317K,0.467"
X-1834,LCE3A,353142.0,MutNovel,"S78N,0.622"
X-1834,LCE3B,353143.0,MutNovel,"Q8K,0.800"
X-1834,LCE3B,353143.0,Del0.8,0.36
X-1834,LCE3C,353144.0,Del0.8,0.36
X-1834,LEPR,3953.0,MutNovel,"G575S,0.235"
X-1834,LGALS9C,654346.0,Del0.8,0.57
X-1834,LIG1,3978.0,MutNovel,"V302M,0.489"
X-1834,LIPE,3991.0,MutNovel,"KR497NG,0.500"
X-1834,LMCD1,29995.0,MutNovel,"D167N,1.000"
X-1834,LMF2,91289.0,MutKnownFunctional,"W625*,0.284"
X-1834,LNX2,222484.0,MutNovel,"S440R,0.500"
X-1834,LOC100996287,,MutNovel,"C136R,1.000"
X-1834,LOC100996287,,MutNovel,"R169W,1.000"
X-1834,LOC100996287,,MutNovel,"W192R,1.000"
X-1834,LOC100996287,,MutNovel,"V198A,1.000"
X-1834,LOC100996287,,MutNovel,"T204M,1.000"
X-1834,LOC728888,,MutNovel,"S606T,0.526"
X-1834,LOC728888,,MutNovel,"HD169QH,0.889"
X-1834,LPHN2,23266.0,MutKnownFunctional,"S1251*,0.432"
X-1834,LPIN2,9663.0,MutNovel,"G810R,0.421"
X-1834,LRFN3,79414.0,MutNovel,"E357K,0.525"
X-1834,LRP1,4035.0,MutNovel,"L1716H,0.447"
X-1834,LRP1,4035.0,MutNovel,"H2448L,0.561"
X-1834,LRP4,4038.0,MutNovel,"P1352S,0.400"
X-1834,LRRK1,79705.0,MutNovel,"P565S,0.594"
X-1834,LSM11,134353.0,MutNovel,"R228Q,0.429"
X-1834,LSM14B,149986.0,MutKnownFunctional,"R70*,0.437"
X-1834,LSR,51599.0,MutNovel,"G518GR,0.801"
X-1834,LSR,51599.0,MutNovel,"E601K,0.497"
X-1834,LYL1,4066.0,MutNovel,"S36L,0.333"
X-1834,MACF1,23499.0,MutNovel,"E104K,0.389"
X-1834,MAN2A1,4124.0,MutNovel,"S805N,0.520"
X-1834,MAP1S,55201.0,MutNovel,"P400L,0.533"
X-1834,MAP7D1,55700.0,MutNovel,"P551F,0.552"
X-1834,MAPRE3,22924.0,MutNovel,"D116N,0.385"
X-1834,MAST2,23139.0,MutNovel,"R169Q,0.514"
X-1834,MAST2,23139.0,MutNovel,"P1190L,0.431"
X-1834,MATN2,4147.0,MutNovel,"A45T,0.295"
X-1834,MBD1,4152.0,MutNovel,"P128S,0.516"
X-1834,MED15,51586.0,MutNovel,"-251Q,0.242"
X-1834,MED16,10025.0,MutNovel,"S202F,0.531"
X-1834,MED23,9439.0,MutNovel,"A236T,0.458"
X-1834,MED30,90390.0,MutNovel,"E119K,0.560"
X-1834,MED4,29079.0,MutKnownFunctional,"Q54*,0.402"
X-1834,MEF2D,4209.0,MutNovel,"S275F,0.421"
X-1834,MEIS1,4211.0,MutNovel,"G18D,0.667"
X-1834,MEN1,4221.0,MutNovel,"R176Q,0.556"
X-1834,METTL1,4234.0,MutNovel,"P229L,0.444"
X-1834,MFN1,55669.0,MutNovel,"G129E,0.312"
X-1834,MIOS,54468.0,MutNovel,"E407G,0.505"
X-1834,MIR4675,100616383.0,Del0.8,0.78
X-1834,MIR548K,100313770.0,Amp8,13.74
X-1834,MKI67,4288.0,MutNovel,"E2969K,0.364"
X-1834,MKI67,4288.0,MutKnownFunctional,"E2551*,0.323"
X-1834,MKI67,4288.0,MutNovel,"L1585V,0.626"
X-1834,MKLN1,4289.0,MutNovel,"F585L,0.486"
X-1834,MLL,4297.0,MutNovel,"S2223A,1.000"
X-1834,MLL2,8085.0,MutNovel,"S3538F,0.577"
X-1834,MMP3,4314.0,MutNovel,"G155E,1.000"
X-1834,MMP3,4314.0,MutNovel,"V134I,0.400"
X-1834,MPRIP,23164.0,MutNovel,"TS178T,0.500"
X-1834,MRPL44,65080.0,MutNovel,"P26S,0.485"
X-1834,MRPS34,65993.0,MutNovel,"R212K,0.551"
X-1834,MSANTD2,,MutNovel,"P36L,1.000"
X-1834,MSH5,4439.0,MutNovel,"E40K,0.500"
X-1834,MTERF,7978.0,MutNovel,"S354L,0.609"
X-1834,MTERFD1,51001.0,MutNovel,"E174K,0.658"
X-1834,MTFR1,9650.0,MutNovel,"E127K,0.675"
X-1834,MTHFD2L,441024.0,MutNovel,"G231E,0.400"
X-1834,MTIF3,219402.0,MutNovel,"Q84L,0.487"
X-1834,MTMR10,54893.0,MutNovel,"R426K,0.457"
X-1834,MTMR4,9110.0,MutNovel,"A267V,0.421"
X-1834,MTRF1,9617.0,MutNovel,"D393N,0.538"
X-1834,MUC20,200958.0,MutNovel,"V325I,0.333"
X-1834,MYCBP2,23077.0,MutNovel,"E4633K,0.542"
X-1834,MYCBPAP,84073.0,MutNovel,"G869E,0.667"
X-1834,MYEOV,26579.0,Amp8,11.96
X-1834,MYO5B,4645.0,MutNovel,"D1436N,0.522"
X-1834,MYO9B,4650.0,MutNovel,"Q1914E,0.502"
X-1834,NAB2,4665.0,MutKnownFunctional,"-46,0.440"
X-1834,NARF,26502.0,MutNovel,"P227S,0.585"
X-1834,NBPF10,100132406.0,MutNovel,"K56N,0.250"
X-1834,NBPF10,100132406.0,MutNovel,"A372T,0.400"
X-1834,NBPF10,100132406.0,MutNovel,"P784L,0.320"
X-1834,NBPF10,100132406.0,MutNovel,"P1028L,0.250"
X-1834,NBPF10,100132406.0,MutNovel,"P3470L,0.253"
X-1834,NBPF12,,MutNovel,"D440G,0.500"
X-1834,NBPF3,84224.0,MutNovel,"P342S,0.486"
X-1834,NBR1,4077.0,MutNovel,"E738K,0.490"
X-1834,NCAPG2,54892.0,MutNovel,"R1102K,0.579"
X-1834,NCOA5,57727.0,MutNovel,"S162I,0.519"
X-1834,NCOR2,9612.0,MutNovel,"G1839GAAA,0.345"
X-1834,NDUFA11,126328.0,MutNovel,"G47S,0.502"
X-1834,NETO2,81831.0,MutNovel,"S456F,0.316"
X-1834,NF1,4763.0,MutNovel,"G2716R,0.485"
X-1834,NFKBIZ,64332.0,MutNovel,"Q95K,0.288"
X-1834,NGDN,25983.0,MutNovel,"R129C,0.514"
X-1834,NHLRC2,374354.0,MutNovel,"G543E,0.310"
X-1834,NLN,57486.0,MutNovel,"P328L,0.766"
X-1834,NLRC4,58484.0,MutKnownFunctional,"Q940*,0.286"
X-1834,NOD1,10392.0,MutNovel,"N678S,0.607"
X-1834,NOL8,55035.0,MutNovel,"D848N,0.296"
X-1834,NOM1,64434.0,MutNovel,"S320F,0.468"
X-1834,NOTCH3,4854.0,MutNovel,"C1726Y,0.443"
X-1834,NOTCH4,4855.0,MutNovel,"G403E,1.000"
X-1834,NPC1,4864.0,MutNovel,"S824F,0.389"
X-1834,NPIPL2,,MutNovel,"HD91QH,1.000"
X-1834,NR1H2,7376.0,MutNovel,"-173Q,0.783"
X-1834,NRAS,4893.0,Amp8,17.03
X-1834,NSL1,25936.0,MutNovel,"P166L,0.375"
X-1834,NT5C2,22978.0,MutNovel,"M43I,0.224"
X-1834,NUP133,55746.0,MutNovel,"A667V,0.477"
X-1834,NUP153,9972.0,MutNovel,"R1473C,0.691"
X-1834,NUP35,129401.0,MutNovel,"S205F,0.373"
X-1834,OAS3,4940.0,MutNovel,"P751S,0.573"
X-1834,OCIAD1,54940.0,MutNovel,"I23M,0.508"
X-1834,OCLN,100506658.0,MutNovel,"V487G,0.630"
X-1834,ORAI1,84876.0,MutNovel,"PP43-,0.857"
X-1834,ORAOV1,220064.0,Amp8,13.74
X-1834,ORMDL3,94103.0,MutNovel,"H85Y,0.547"
X-1834,OSCP1,127700.0,MutNovel,"G234V,0.743"
X-1834,OTUB1,55611.0,MutNovel,"G89N,0.484"
X-1834,OVOS,,MutNovel,"R1253C,0.333"
X-1834,PABPC3,5042.0,MutNovel,"KG231-,0.750"
X-1834,PACSIN2,11252.0,MutKnownFunctional,"DQ334D*,0.230"
X-1834,PAPD4,167153.0,MutKnownFunctional,"R73*,0.443"
X-1834,PAQR5,54852.0,MutNovel,"N51S,0.595"
X-1834,PBX1,5087.0,MutNovel,"V367K,0.500"
X-1834,PCDHB12,56124.0,MutKnownFunctional,"Q528*,0.571"
X-1834,PCDHGA9,56107.0,MutNovel,"R65C,1.000"
X-1834,PCNXL4,,MutKnownFunctional,"W884*,0.584"
X-1834,PCSK9,255738.0,MutNovel,"-15L,0.205"
X-1834,PDHA1,5160.0,MutNovel,"P89L,0.996"
X-1834,PDPR,55066.0,MutNovel,"G846V,0.205"
X-1834,PDZD2,23037.0,MutNovel,"M2456I,0.480"
X-1834,PDZD8,118987.0,MutNovel,"R687C,0.516"
X-1834,PDZRN3,23024.0,Del0.8,0.65
X-1834,PELP1,27043.0,MutNovel,"T1063I,0.500"
X-1834,PFKL,5211.0,MutNovel,"T355I,0.465"
X-1834,PGBD5,79605.0,MutNovel,"K457T,0.639"
X-1834,PGM1,5236.0,MutNovel,"H279Y,0.407"
X-1834,PGP,283871.0,MutNovel,"R220P,0.433"
X-1834,PHGDH,26227.0,MutNovel,"T162N,0.455"
X-1834,PHLDA1,22822.0,MutNovel,"QQ194Q,0.580"
X-1834,PI4KA,5297.0,MutNovel,"P185S,0.733"
X-1834,PIAS1,8554.0,MutNovel,"S4N,0.381"
X-1834,PIAS2,9063.0,MutNovel,"V98M,0.290"
X-1834,PIEZO1,9780.0,MutNovel,"R1847K,0.406"
X-1834,PIK3CA,5290.0,MutKnownFunctional,"E545K,0.327"
X-1834,PIN1,5300.0,MutNovel,"S154F,0.582"
X-1834,PKD1,5310.0,MutNovel,"P731L,0.243"
X-1834,PKM,,MutNovel,"P408L,0.527"
X-1834,PLA2G4E,123745.0,MutNovel,"SE60LK,1.000"
X-1834,PLCG2,5336.0,MutNovel,"S1179F,0.362"
X-1834,PLSCR2,57047.0,MutNovel,"Q210E,0.800"
X-1834,PLSCR2,57047.0,MutNovel,"K208Q,0.800"
X-1834,PLSCR2,57047.0,MutNovel,"T203P,0.800"
X-1834,PLXNA1,5361.0,MutNovel,"A822V,0.290"
X-1834,PNPLA6,10908.0,MutNovel,"D611N,0.555"
X-1834,PODNL1,79883.0,MutNovel,"A450V,0.571"
X-1834,POLQ,10721.0,MutNovel,"L878F,0.773"
X-1834,POU3F1,5453.0,MutKnownFunctional,"Q273*,0.413"
X-1834,PPFIA1,8500.0,Amp8,13.74
X-1834,PPIE,10450.0,MutNovel,"R191C,0.482"
X-1834,PPP1R12B,4660.0,MutNovel,"P579T,0.571"
X-1834,PPP1R13B,23368.0,MutNovel,"P590H,0.465"
X-1834,PPP1R13L,10848.0,MutNovel,"T123I,0.463"
X-1834,PPP4R1,9989.0,MutNovel,"E508K,0.527"
X-1834,PPP4R4,57718.0,MutKnownFunctional,"R585*,0.257"
X-1834,PPP6R1,22870.0,MutNovel,"G258E,0.435"
X-1834,PRIC285,85441.0,MutNovel,"R2124Q,0.632"
X-1834,PRIC285,85441.0,MutNovel,"P1931L,0.363"
X-1834,PRIC285,85441.0,MutNovel,"A1073V,0.606"
X-1834,PRMT5,10419.0,MutNovel,"P294Y,0.470"
X-1834,PRMT7,54496.0,MutNovel,"G628C,0.500"
X-1834,PRR12,57479.0,MutNovel,"P1475T,0.889"
X-1834,PSG4,5672.0,MutKnownFunctional,"Q41*,1.000"
X-1834,PSMD6,9861.0,MutNovel,"A76T,1.000"
X-1834,PSMG2,56984.0,MutNovel,"S175F,0.543"
X-1834,PSPC1,55269.0,MutNovel,"R399C,0.215"
X-1834,PTPN14,5784.0,MutNovel,"H360P,0.644"
X-1834,PTPN18,26469.0,MutNovel,"A328P,0.375"
X-1834,PTPN21,11099.0,MutKnownFunctional,"E1129*,0.467"
X-1834,PTPN23,25930.0,MutNovel,"P1013L,1.000"
X-1834,PTPRB,5787.0,MutNovel,"D1063N,0.833"
X-1834,PTPRZ1,5803.0,MutNovel,"R2215G,0.504"
X-1834,PVRL4,81607.0,MutNovel,"P157L,0.533"
X-1834,RABL3,285282.0,MutNovel,"P217S,0.326"
X-1834,RABL6,,MutNovel,"C246G,1.000"
X-1834,RALGAPB,57148.0,MutNovel,"V860A,0.471"
X-1834,RAPGEF4,11069.0,MutNovel,"E303K,0.556"
X-1834,RARG,5916.0,MutNovel,"S289F,0.522"
X-1834,RASAL2,9462.0,MutNovel,"P142L,0.742"
X-1834,REXO1,57455.0,MutKnownFunctional,"L901*,0.439"
X-1834,REXO1,57455.0,MutNovel,"R678K,0.318"
X-1834,RFPL1,5988.0,MutNovel,"S224G,1.000"
X-1834,RFT1,91869.0,MutNovel,"G136E,0.986"
X-1834,RGPD2,,MutNovel,"S263N,1.000"
X-1834,RHBDF1,64285.0,MutNovel,"I461M,0.516"
X-1834,RHD,6007.0,Del0.8,0.57
X-1834,RIN2,54453.0,MutNovel,"S444N,0.483"
X-1834,RMI1,80010.0,MutNovel,"P124S,0.305"
X-1834,RMI2,116028.0,MutNovel,"S82L,0.467"
X-1834,RNASEK,,MutNovel,"P13L,0.262"
X-1834,RNF146,81847.0,MutNovel,"A96T,0.490"
X-1834,RNF220,55182.0,MutNovel,"S298L,0.625"
X-1834,ROCK1,6093.0,MutNovel,"R1120K,0.462"
X-1834,RPIA,22934.0,MutNovel,"R118S,0.394"
X-1834,RPS6KA1,6195.0,MutNovel,"R308Q,0.504"
X-1834,RPUSD2,27079.0,MutKnownFunctional,"W28*,0.558"
X-1834,RREB1,6239.0,MutNovel,"P1529L,0.302"
X-1834,S100A6,6277.0,MutNovel,"Y19F,0.407"
X-1834,SAMD4B,55095.0,MutNovel,"P670L,0.456"
X-1834,SAMD9,54809.0,MutNovel,"S548F,0.545"
X-1834,SBNO2,22904.0,MutNovel,"C595Y,0.520"
X-1834,SCAPER,49855.0,Del0.8,0.77
X-1834,SCLY,51540.0,MutNovel,"G270N,0.405"
X-1834,SCMH1,22955.0,MutNovel,"S570F,0.493"
X-1834,SCRIB,23513.0,MutNovel,"P1081F,0.521"
X-1834,SCRIB,23513.0,MutNovel,"I722F,0.227"
X-1834,SDCCAG3,10807.0,MutNovel,"P207L,0.994"
X-1834,SEC16B,89866.0,MutNovel,"G452E,0.826"
X-1834,SEC62,7095.0,MutNovel,"E154K,0.257"
X-1834,SEL1L,6400.0,MutNovel,"G196E,0.437"
X-1834,SENP3,26168.0,MutNovel,"E89K,0.438"
X-1834,SENP3,26168.0,MutNovel,"S114F,0.582"
X-1834,SENP7,57337.0,MutNovel,"P662F,0.719"
X-1834,SERINC2,347735.0,MutNovel,"-373Q,0.711"
X-1834,SERPINB4,6318.0,MutNovel,"T67A,0.500"
X-1834,SERPINE2,5270.0,MutNovel,"D330N,0.414"
X-1834,SESN1,27244.0,MutNovel,"P107S,0.471"
X-1834,SETBP1,26040.0,MutNovel,"MD220IN,0.400"
X-1834,SETD1B,23067.0,MutNovel,"E413K,0.676"
X-1834,SFT2D1,113402.0,MutNovel,"G10N,0.349"
X-1834,SGSM3,27352.0,MutNovel,"F40L,0.270"
X-1834,SGSM3,27352.0,MutNovel,"I509V,0.726"
X-1834,SH3BP4,23677.0,MutNovel,"K749E,0.458"
X-1834,SH3RF2,153769.0,MutNovel,"P364L,0.443"
X-1834,SH3RF3,344558.0,MutNovel,"E235K,0.737"
X-1834,SHROOM3,57619.0,MutNovel,"P1023L,0.727"
X-1834,SIKE1,80143.0,Amp8,19.56
X-1834,SKIV2L,6499.0,MutNovel,"P278S,0.660"
X-1834,SKP2,6502.0,MutNovel,"P93S,0.516"
X-1834,SLC12A9,56996.0,MutNovel,"L748P,0.494"
X-1834,SLC24A1,9187.0,MutNovel,"A119T,0.278"
X-1834,SLC38A6,145389.0,MutNovel,"A484V,0.435"
X-1834,SMAD6,4091.0,MutNovel,"G56S,1.000"
X-1834,SMARCA2,6595.0,MutNovel,"R1105C,1.000"
X-1834,SNAPC4,6621.0,MutNovel,"S835F,1.000"
X-1834,SNAPC4,6621.0,MutNovel,"S542-,0.625"
X-1834,SNX11,29916.0,MutKnownFunctional,"Q245*,0.567"
X-1834,SNX21,90203.0,MutNovel,"D339N,0.474"
X-1834,SNX29,92017.0,MutNovel,"N169S,0.552"
X-1834,SOAT1,6646.0,MutNovel,"P316S,0.351"
X-1834,SORBS3,10174.0,MutKnownFunctional,"-560,0.960"
X-1834,SP2,6668.0,MutNovel,"K523R,0.448"
X-1834,SPEN,23013.0,MutNovel,"S346F,0.449"
X-1834,SPERT,220082.0,MutNovel,"E395K,0.750"
X-1834,SPNS1,83985.0,MutNovel,"E164Q,0.533"
X-1834,SPNS2,124976.0,MutNovel,"T74A,0.400"
X-1834,SPTAN1,6709.0,MutKnownFunctional,"Q1052*,1.000"
X-1834,SPTBN1,6711.0,MutNovel,"L509V,0.529"
X-1834,SPTBN5,51332.0,MutNovel,"S1092N,0.632"
X-1834,SRD5A2,6716.0,MutKnownFunctional,"-30?,0.833"
X-1834,SRRM1,10250.0,MutNovel,"P714L,0.532"
X-1834,SRSF4,6429.0,MutNovel,"S194F,0.527"
X-1834,STAT5A,6776.0,MutNovel,"D500H,0.362"
X-1834,STRAP,11171.0,MutNovel,"G283N,0.311"
X-1834,STRN,6801.0,MutNovel,"R340K,0.561"
X-1834,STX1A,6804.0,MutNovel,"S200N,0.444"
X-1834,SUPT3H,8464.0,MutNovel,"R298K,0.722"
X-1834,SUSD4,55061.0,MutNovel,"K135N,0.615"
X-1834,SYT7,9066.0,MutNovel,"A140T,0.522"
X-1834,TACC2,10579.0,MutNovel,"E115K,0.231"
X-1834,TADA1,117143.0,MutNovel,"F43L,0.361"
X-1834,TAF5L,27097.0,MutNovel,"S59F,0.405"
X-1834,TAF7,6879.0,MutNovel,"L77S,0.511"
X-1834,TBC1D8,11138.0,MutNovel,"P399L,0.593"
X-1834,TBC1D9,23158.0,MutNovel,"R377K,0.500"
X-1834,TBL3,10607.0,MutNovel,"L211F,0.505"
X-1834,TBP,6908.0,MutNovel,"-64Q,0.235"
X-1834,TCEB3,6924.0,MutNovel,"P207S,0.442"
X-1834,TCTN1,79600.0,MutNovel,"L344F,0.511"
X-1834,TENC1,23371.0,MutKnownFunctional,"Q471*,0.294"
X-1834,TEX2,55852.0,MutNovel,"T290I,0.538"
X-1834,TFAP2C,7022.0,MutNovel,"A43T,0.584"
X-1834,THAP4,51078.0,MutNovel,"P285F,0.475"
X-1834,THSD7B,80731.0,MutNovel,"G361R,1.000"
X-1834,THSD7B,80731.0,MutNovel,"R1134K,1.000"
X-1834,TLE3,7090.0,MutNovel,"D239N,0.418"
X-1834,TLK1,9874.0,MutNovel,"E398K,0.526"
X-1834,TLR1,7096.0,MutNovel,"P461S,0.500"
X-1834,TLR6,10333.0,MutNovel,"M783I,0.519"
X-1834,TLX2,3196.0,MutNovel,"P62F,1.000"
X-1834,TM2D3,80213.0,MutNovel,"P69S,0.494"
X-1834,TMEM184A,202915.0,MutNovel,"G392GA,0.271"
X-1834,TMEM240,339453.0,MutNovel,"G121E,0.500"
X-1834,TMEM244,,MutNovel,"E43Q,1.000"
X-1834,TMEM42,131616.0,MutNovel,"F61L,1.000"
X-1834,TMTC2,160335.0,MutNovel,"D597N,1.000"
X-1834,TNK1,8711.0,MutNovel,"G231R,0.500"
X-1834,TOPBP1,11073.0,MutNovel,"P1230S,0.743"
X-1834,TP53,7157.0,MutNovel,"PH177RY,0.808"
X-1834,TP53BP2,7159.0,MutNovel,"P91S,0.451"
X-1834,TRAF7,84231.0,MutNovel,"F138L,0.508"
X-1834,TRIM22,10346.0,MutNovel,"E124K,0.484"
X-1834,TRIM37,4591.0,MutNovel,"P456A,0.517"
X-1834,TRIM65,201292.0,MutNovel,"G494S,0.334"
X-1834,TRIM69,140691.0,MutNovel,"E450Q,0.462"
X-1834,TRMT1,55621.0,MutNovel,"V156K,0.394"
X-1834,TRMT61A,115708.0,MutNovel,"G201E,0.408"
X-1834,TRRAP,8295.0,MutNovel,"Y892F,0.567"
X-1834,TRRAP,8295.0,MutNovel,"Q3628R,0.466"
X-1834,TSC22D4,81628.0,MutNovel,"R243Q,0.593"
X-1834,TSPYL1,7259.0,MutNovel,"V176VW,0.483"
X-1834,TSR1,55720.0,MutNovel,"V562I,0.494"
X-1834,TSTD2,158427.0,MutNovel,"P435L,1.000"
X-1834,TTC14,151613.0,MutNovel,"L266F,0.511"
X-1834,TTYH3,80727.0,MutNovel,"P306L,0.522"
X-1834,TXNL4A,10907.0,MutNovel,"R124C,0.451"
X-1834,TYMP,1890.0,MutKnownFunctional,"-18,0.317"
X-1834,TYRO3,7301.0,MutNovel,"D801N,0.625"
X-1834,TYW1,55253.0,MutNovel,"P3S,0.542"
X-1834,TYW3,127253.0,MutNovel,"G24S,0.440"
X-1834,UBE4B,10277.0,MutNovel,"R1191W,0.524"
X-1834,UBR4,23352.0,MutNovel,"E3245K,0.414"
X-1834,UCKL1,54963.0,MutNovel,"G403D,0.559"
X-1834,ULK2,9706.0,MutNovel,"P269L,0.585"
X-1834,ULK3,25989.0,MutNovel,"E424K,0.532"
X-1834,UNK,85451.0,MutNovel,"R77C,0.685"
X-1834,UNKL,64718.0,MutNovel,"A605V,0.410"
X-1834,UPRT,139596.0,MutNovel,"R142C,1.000"
X-1834,URB1,9875.0,MutNovel,"I1876N,0.626"
X-1834,USP32P2,220594.0,Del0.8,0.57
X-1834,USP36,57602.0,MutNovel,"KKK958K,0.738"
X-1834,UTP14C,9724.0,MutNovel,"I170T,0.545"
X-1834,UTY,7404.0,MutNovel,"NY1026PD,1.000"
X-1834,UTY,7404.0,MutNovel,"W1025L,1.000"
X-1834,UTY,7404.0,MutNovel,"NS1023IL,1.000"
X-1834,UTY,7404.0,MutNovel,"PN1022GY,1.000"
X-1834,UTY,7404.0,MutNovel,"L1021P,1.000"
X-1834,UTY,7404.0,MutNovel,"L1019T,1.000"
X-1834,UTY,7404.0,MutNovel,"H1018S,1.000"
X-1834,UTY,7404.0,MutNovel,"S1017T,0.667"
X-1834,UTY,7404.0,MutNovel,"F1013Y,1.000"
X-1834,UTY,7404.0,MutNovel,"CT1004YL,0.222"
X-1834,UTY,7404.0,MutNovel,"FC1003TS,0.222"
X-1834,UTY,7404.0,MutNovel,"HQ1001QT,0.278"
X-1834,UTY,7404.0,MutNovel,"H541W,0.684"
X-1834,UTY,7404.0,MutKnownFunctional,"PA537Q*,0.706"
X-1834,UTY,7404.0,MutNovel,"NP536RT,0.706"
X-1834,UTY,7404.0,MutNovel,"L535S,0.688"
X-1834,UTY,7404.0,MutNovel,"Q343E,0.294"
X-1834,UTY,7404.0,MutNovel,"I339G,0.214"
X-1834,UTY,7404.0,MutNovel,"MD332KL,0.333"
X-1834,UTY,7404.0,MutNovel,"PM331YV,0.429"
X-1834,UTY,7404.0,MutNovel,"NQ329IR,0.500"
X-1834,UTY,7404.0,MutNovel,"QN328LH,0.429"
X-1834,UTY,7404.0,MutNovel,"Q327K,0.571"
X-1834,UTY,7404.0,MutKnownFunctional,"Y325*,0.571"
X-1834,UTY,7404.0,MutNovel,"LY324FT,0.571"
X-1834,UTY,7404.0,MutNovel,"VL323GE,0.429"
X-1834,UTY,7404.0,MutNovel,"V323L,0.429"
X-1834,UTY,7404.0,MutNovel,"S289R,0.571"
X-1834,UTY,7404.0,MutNovel,"G322D,0.500"
X-1834,UTY,7404.0,MutNovel,"IG321SN,0.500"
X-1834,UTY,7404.0,MutNovel,"S320C,0.556"
X-1834,UTY,7404.0,MutNovel,"W318C,0.375"
X-1834,UTY,7404.0,MutNovel,"D316A,0.444"
X-1834,UTY,7404.0,MutNovel,"S314N,0.750"
X-1834,UTY,7404.0,MutNovel,"S314D,0.750"
X-1834,UTY,7404.0,MutNovel,"E312I,0.643"
X-1834,UTY,7404.0,MutNovel,"E312I,0.643"
X-1834,UTY,7404.0,MutNovel,"S311K,0.455"
X-1834,UTY,7404.0,MutKnownFunctional,"K310*,0.600"
X-1834,UTY,7404.0,MutKnownFunctional,"DK309S*,0.600"
X-1834,UTY,7404.0,MutNovel,"I308T,0.308"
X-1834,UTY,7404.0,MutNovel,"I308P,0.500"
X-1834,UTY,7404.0,MutNovel,"S307T,0.286"
X-1834,UTY,7404.0,MutNovel,"Q306H,0.286"
X-1834,UTY,7404.0,MutNovel,"Q306E,0.400"
X-1834,UTY,7404.0,MutNovel,"SY303NH,0.400"
X-1834,UTY,7404.0,MutNovel,"QD298HF,0.333"
X-1834,UTY,7404.0,MutNovel,"Q298E,0.300"
X-1834,UTY,7404.0,MutNovel,"S293K,0.333"
X-1834,UTY,7404.0,MutNovel,"S292P,0.333"
X-1834,UTY,7404.0,MutKnownFunctional,"C290*,0.250"
X-1834,UTY,7404.0,MutNovel,"RC289SH,0.500"
X-1834,UTY,7404.0,MutKnownFunctional,"R289*,0.545"
X-1834,UTY,7404.0,MutNovel,"G288S,0.500"
X-1834,UTY,7404.0,MutNovel,"G288S,0.500"
X-1834,UTY,7404.0,MutNovel,"WY284YN,0.250"
X-1834,UTY,7404.0,MutNovel,"S283C,0.286"
X-1834,UTY,7404.0,MutNovel,"Q282A,0.286"
X-1834,UTY,7404.0,MutNovel,"SG280LC,0.286"
X-1834,UTY,7404.0,MutNovel,"A276E,0.400"
X-1834,UTY,7404.0,MutKnownFunctional,"EA275A*,0.400"
X-1834,UTY,7404.0,MutNovel,"S273H,0.400"
X-1834,UTY,7404.0,MutNovel,"Q271H,0.333"
X-1834,UTY,7404.0,MutNovel,"Q268P,0.500"
X-1834,UTY,7404.0,MutNovel,"A266L,0.500"
X-1834,UTY,7404.0,MutNovel,"Y265T,0.500"
X-1834,UTY,7404.0,MutNovel,"E263N,0.400"
X-1834,UTY,7404.0,MutNovel,"T261R,0.286"
X-1834,UTY,7404.0,MutKnownFunctional,"T261*,0.286"
X-1834,UTY,7404.0,MutNovel,"T261S,0.429"
X-1834,UTY,7404.0,MutNovel,"AT260GS,0.429"
X-1834,UTY,7404.0,MutNovel,"GD257EN,0.429"
X-1834,UTY,7404.0,MutNovel,"G257K,0.500"
X-1834,UTY,7404.0,MutNovel,"V256I,0.500"
X-1834,UTY,7404.0,MutNovel,"LV255TI,0.500"
X-1834,UTY,7404.0,MutNovel,"D254F,0.400"
X-1834,UTY,7404.0,MutNovel,"HN251QL,0.400"
X-1834,UTY,7404.0,MutNovel,"HH250QD,0.500"
X-1834,UTY,7404.0,MutNovel,"M249R,0.500"
X-1834,UTY,7404.0,MutNovel,"G247D,0.333"
X-1834,UTY,7404.0,MutNovel,"LG246FS,0.429"
X-1834,UTY,7404.0,MutNovel,"Q244I,0.333"
X-1834,UTY,7404.0,MutNovel,"L243M,0.286"
X-1834,UTY,7404.0,MutNovel,"A240Q,0.333"
X-1834,UTY,7404.0,MutNovel,"K239I,0.333"
X-1834,UTY,7404.0,MutNovel,"A236V,0.333"
X-1834,UTY,7404.0,MutNovel,"LY154SD,0.500"
X-1834,UTY,7404.0,MutNovel,"F143V,0.500"
X-1834,UTY,7404.0,MutKnownFunctional,"YG131*L,0.500"
X-1834,UTY,7404.0,MutNovel,"L130S,0.500"
X-1834,UTY,7404.0,MutNovel,"AF128GG,0.800"
X-1834,UTY,7404.0,MutNovel,"AA127KT,1.000"
X-1834,UTY,7404.0,MutNovel,"N126R,1.000"
X-1834,UTY,7404.0,MutNovel,"T68A,0.273"
X-1834,UTY,7404.0,MutNovel,"R65K,0.273"
X-1834,UTY,7404.0,MutNovel,"A64G,0.273"
X-1834,UTY,7404.0,MutNovel,"F54C,0.250"
X-1834,UTY,7404.0,MutNovel,"L53C,0.333"
X-1834,UTY,7404.0,MutNovel,"M49N,0.250"
X-1834,UTY,7404.0,MutNovel,"M49Q,0.333"
X-1834,UTY,7404.0,MutNovel,"GM48AQ,0.333"
X-1834,UTY,7404.0,MutNovel,"G47V,0.364"
X-1834,UTY,7404.0,MutNovel,"AL45RI,0.333"
X-1834,UTY,7404.0,MutNovel,"RE43IL,0.364"
X-1834,UTY,7404.0,MutNovel,"TV39CF,0.333"
X-1834,UTY,7404.0,MutNovel,"L38C,0.357"
X-1834,UTY,7404.0,MutNovel,"S37I,0.385"
X-1834,UTY,7404.0,MutNovel,"S35L,0.333"
X-1834,UTY,7404.0,MutNovel,"S35L,0.417"
X-1834,UTY,7404.0,MutNovel,"EE32AW,0.333"
X-1834,UTY,7404.0,MutKnownFunctional,"SE31S*,0.273"
X-1834,UTY,7404.0,MutNovel,"E30V,0.333"
X-1834,UTY,7404.0,MutNovel,"R29C,0.300"
X-1834,UTY,7404.0,MutNovel,"A27E,0.222"
X-1834,VDR,7421.0,MutNovel,"V468E,0.510"
X-1834,VPS13B,157680.0,MutNovel,"S3705F,0.394"
X-1834,VPS37D,155382.0,MutNovel,"R212Q,0.600"
X-1834,VWF,7450.0,MutNovel,"P2628L,0.800"
X-1834,WASH1,100287171.0,MutNovel,"P152A,0.279"
X-1834,WDR7,23335.0,MutNovel,"S1246R,0.348"
X-1834,WWP1,11059.0,MutNovel,"W549C,0.662"
X-1834,WWP2,11060.0,MutNovel,"R496W,0.467"
X-1834,XBP1,7494.0,MutNovel,"V4A,0.438"
X-1834,XRCC5,7520.0,MutNovel,"K568N,0.531"
X-1834,ZBTB32,27033.0,MutNovel,"G80R,0.846"
X-1834,ZBTB38,253461.0,MutNovel,"H1084Y,0.272"
X-1834,ZBTB7A,51341.0,MutNovel,"G331E,0.493"
X-1834,ZBTB7B,51043.0,MutNovel,"A205V,0.574"
X-1834,ZC3H3,23144.0,MutNovel,"L189F,0.487"
X-1834,ZDHHC11,79844.0,MutNovel,"A303D,1.000"
X-1834,ZEB2,9839.0,MutNovel,"P783S,0.333"
X-1834,ZFC3H1,196441.0,MutNovel,"S1172L,0.469"
X-1834,ZFHX3,463.0,MutNovel,"P2234S,0.333"
X-1834,ZFP36L2,678.0,MutKnownFunctional,"K102*,0.645"
X-1834,ZHX2,22882.0,MutKnownFunctional,"Q70*,0.549"
X-1834,ZKSCAN1,7586.0,MutNovel,"P109L,0.391"
X-1834,ZMYND8,23613.0,MutNovel,"S485F,1.000"
X-1834,ZNF12,7559.0,MutNovel,"E354V,0.500"
X-1834,ZNF167,55888.0,MutNovel,"H601R,1.000"
X-1834,ZNF223,7766.0,MutNovel,"H310Y,0.630"
X-1834,ZNF253,56242.0,MutNovel,"P227V,0.400"
X-1834,ZNF274,10782.0,MutNovel,"L114F,0.509"
X-1834,ZNF292,23036.0,MutNovel,"E2501K,0.426"
X-1834,ZNF296,162979.0,MutNovel,"G60K,0.750"
X-1834,ZNF319,57567.0,MutNovel,"H450L,0.720"
X-1834,ZNF323,64288.0,MutKnownFunctional,"R61*,0.677"
X-1834,ZNF335,63925.0,MutNovel,"D1129N,0.435"
X-1834,ZNF335,63925.0,MutNovel,"S204F,0.412"
X-1834,ZNF384,171017.0,MutNovel,"QQ514Q,0.309"
X-1834,ZNF417,147687.0,MutNovel,"S416L,0.462"
X-1834,ZNF485,220992.0,MutNovel,"S172F,0.800"
X-1834,ZNF512B,57473.0,MutNovel,"E758D,0.588"
X-1834,ZNF527,84503.0,MutNovel,"M62I,0.692"
X-1834,ZNF530,348327.0,MutNovel,"R340C,0.538"
X-1834,ZNF530,348327.0,MutNovel,"S343N,0.429"
X-1834,ZNF532,55205.0,MutNovel,"P1139F,0.466"
X-1834,ZNF554,115196.0,MutNovel,"R391K,0.889"
X-1834,ZNF577,84765.0,MutNovel,"F32L,0.588"
X-1834,ZNF606,80095.0,MutNovel,"A27V,0.621"
X-1834,ZNF615,284370.0,MutNovel,"F476L,0.500"
X-1834,ZNF621,285268.0,MutNovel,"N94S,1.000"
X-1834,ZNF646,9726.0,MutNovel,"G252E,0.750"
X-1834,ZNF646,9726.0,MutNovel,"V1012M,0.367"
X-1834,ZNF707,286075.0,MutNovel,"P138S,0.592"
X-1834,ZNF76,7629.0,MutNovel,"E328K,0.602"
X-1834,ZNF787,126208.0,MutNovel,"A123V,0.431"
X-1834,ZP3,7784.0,MutNovel,"H203Y,0.393"
X-1834,ZXDA,7789.0,MutNovel,"P735L,1.000"
X-1834,ZYG11B,79699.0,MutNovel,"T41I,0.462"
X-1834,ZZEF1,23140.0,MutNovel,"A2483T,0.539"
X-1835,ABCA1,19.0,MutNovel,"N1975K,0.737"
X-1835,ABCB6,10058.0,MutNovel,"I349T,0.353"
X-1835,ABO,28.0,MutKnownFunctional,"C175*,0.495"
X-1835,ACCS,84680.0,MutNovel,"I98M,0.364"
X-1835,ACTR3B,57180.0,MutNovel,"R250W,0.247"
X-1835,ADAM22,53616.0,MutNovel,"D536N,0.321"
X-1835,ADAM6,8755.0,Amp5,6.11
X-1835,ADARB1,104.0,MutNovel,"S557C,0.524"
X-1835,ADNP2,22850.0,MutNovel,"S329C,0.238"
X-1835,ADPRHL2,54936.0,MutNovel,"A141S,0.270"
X-1835,AGAP7,653268.0,MutNovel,"R494Q,0.444"
X-1835,AGAP7,653268.0,MutNovel,"D97E,0.667"
X-1835,AHCYL2,23382.0,MutNovel,"I201V,0.541"
X-1835,AHNAK2,113146.0,MutKnownFunctional,"ME4264I*,0.362"
X-1835,AHNAK2,113146.0,MutKnownFunctional,"ME3274I*,0.500"
X-1835,AHNAK2,113146.0,MutKnownFunctional,"ME2119I*,1.000"
X-1835,AHNAK2,113146.0,MutNovel,"T1488A,1.000"
X-1835,AKAP11,11215.0,MutNovel,"TL1255T,0.979"
X-1835,AKAP12,9590.0,MutNovel,"R818T,1.000"
X-1835,ALDH4A1,8659.0,MutNovel,"A407E,0.263"
X-1835,ALG10,84920.0,Amp5,5.39
X-1835,ALKBH5,54890.0,MutNovel,"E178D,0.995"
X-1835,ALS2CL,259173.0,MutNovel,"R94C,0.523"
X-1835,AMELY,266.0,Del0.8,0.5
X-1835,AMN1,196394.0,Amp5,5.39
X-1835,ANKAR,150709.0,MutNovel,"P223Q,0.268"
X-1835,ANKRD36,375248.0,MutNovel,"T998S,0.348"
X-1835,ANKRD42,338699.0,MutNovel,"E387K,0.833"
X-1835,ANO9,338440.0,MutNovel,"S654I,0.293"
X-1835,ANP32A,8125.0,MutNovel,"E181K,0.316"
X-1835,ANXA11,311.0,MutNovel,"G332V,0.685"
X-1835,ASH1L,55870.0,MutNovel,"A1393P,0.455"
X-1835,ASH1L,55870.0,MutNovel,"D967V,0.403"
X-1835,ATR,545.0,MutNovel,"R2476H,0.599"
X-1835,AVEN,57099.0,MutNovel,"GGGGG41G,0.583"
X-1835,BCL9L,283149.0,MutNovel,"R593L,0.241"
X-1835,BCORP1,286554.0,Del0.8,0.5
X-1835,BICD1,636.0,Amp5,5.39
X-1835,BOD1L1,,MutKnownFunctional,"E1967*,0.545"
X-1835,BPY2B,442867.0,Del0.8,0.5
X-1835,BPY2B,442867.0,Del0.8,0.5
X-1835,BTAF1,9044.0,MutNovel,"D1658N,0.307"
X-1835,BUD13,84811.0,MutNovel,"R469C,0.522"
X-1835,C12orf35,55196.0,Amp5,5.39
X-1835,C12orf70,341346.0,MutNovel,"K213E,1.000"
X-1835,C18orf25,147339.0,MutKnownFunctional,"E68*,0.629"
X-1835,C19orf71,100128569.0,MutNovel,"W162C,1.000"
X-1835,C7orf61,402573.0,MutKnownFunctional,"-29?,0.250"
X-1835,CAPRIN2,65981.0,Amp5,5.39
X-1835,CARD16,114769.0,MutNovel,"H15R,1.000"
X-1835,CATSPERD,,MutNovel,"R753L,1.000"
X-1835,CD58,965.0,MutNovel,"R242S,0.685"
X-1835,CDK7,1022.0,MutNovel,"V192I,0.356"
X-1835,CDY1B,253175.0,Del0.8,0.5
X-1835,CDY1B,253175.0,Del0.8,0.5
X-1835,CDY2A,9426.0,Del0.8,0.5
X-1835,CDY2A,9426.0,Del0.8,0.5
X-1835,CDY2B,203611.0,Del0.8,0.5
X-1835,CDY2B,203611.0,Del0.8,0.5
X-1835,CELSR1,9620.0,MutNovel,"C139R,1.000"
X-1835,CEP68,23177.0,MutNovel,"D320N,0.243"
X-1835,CFHR1,3078.0,Amp5,7.16
X-1835,CFHR3,10878.0,Amp5,7.16
X-1835,CHST15,51363.0,MutKnownFunctional,"-456,0.811"
X-1835,CHSY1,22856.0,MutKnownFunctional,"-66,0.263"
X-1835,CHSY3,337876.0,MutNovel,"E504D,0.588"
X-1835,CLSTN3,9746.0,MutNovel,"E681D,1.000"
X-1835,CNGA1,1259.0,MutKnownFunctional,"E294*,0.333"
X-1835,CNKSR1,10256.0,MutNovel,"G168S,0.433"
X-1835,COL18A1,80781.0,MutNovel,"P336T,0.500"
X-1835,CPSF3,51692.0,MutNovel,"R594G,0.656"
X-1835,CR1L,1379.0,MutNovel,"S29Y,1.000"
X-1835,CROCC,9696.0,MutNovel,"R1898W,0.356"
X-1835,CSDA,8531.0,MutNovel,"PQYRP226P,0.865"
X-1835,CSPG4P1Y,114758.0,Del0.8,0.5
X-1835,CSPG4P1Y,114758.0,Del0.8,0.5
X-1835,DAZ1,1617.0,Del0.8,0.5
X-1835,DAZ2,57055.0,Del0.8,0.5
X-1835,DAZ3,57054.0,Del0.8,0.5
X-1835,DAZ3,57054.0,Del0.8,0.5
X-1835,DAZ4,57135.0,Del0.8,0.5
X-1835,DAZ4,57135.0,Del0.8,0.5
X-1835,DDN,23109.0,MutNovel,"R448C,1.000"
X-1835,DDX11,1663.0,Amp5,5.39
X-1835,DDX3Y,8653.0,Del0.8,0.5
X-1835,DDX41,51428.0,MutNovel,"V562M,0.705"
X-1835,DECR1,1666.0,MutNovel,"S104F,0.632"
X-1835,DENND5B,160518.0,Amp5,5.39
X-1835,DHRSX,207063.0,MutNovel,"K689G,0.212"
X-1835,DLG5,9231.0,MutNovel,"G1008W,0.651"
X-1835,DLGAP4,22839.0,MutNovel,"S654F,0.510"
X-1835,DLL1,28514.0,MutNovel,"D330N,1.000"
X-1835,DLL4,54567.0,MutNovel,"A144T,0.700"
X-1835,DMXL1,1657.0,MutKnownFunctional,"-1846,0.625"
X-1835,DMXL2,23312.0,MutNovel,"L2688I,0.270"
X-1835,DNAJB9,4189.0,MutNovel,"R204S,0.521"
X-1835,DNER,92737.0,MutNovel,"T259S,0.667"
X-1835,DNM1L,10059.0,Amp5,5.39
X-1835,DNMBP,23268.0,MutNovel,"S1351C,0.706"
X-1835,DPYD,1806.0,MutNovel,"N151D,0.312"
X-1835,DSC2,1824.0,MutNovel,"R810M,0.445"
X-1835,DSG4,147409.0,MutNovel,"A791E,1.000"
X-1835,EIF1AY,9086.0,Del0.8,0.5
X-1835,EML6,400954.0,MutNovel,"K1053I,0.429"
X-1835,ERGIC2,51290.0,Amp5,5.39
X-1835,EXOC3,11336.0,MutNovel,"G519V,0.360"
X-1835,EXOC3,11336.0,MutNovel,"G565V,0.330"
X-1835,EYS,346007.0,MutNovel,"Y2687D,0.444"
X-1835,FAM134A,79137.0,MutNovel,"G271R,0.621"
X-1835,FAM13A,10144.0,MutNovel,"G108V,0.300"
X-1835,FAM171B,165215.0,MutNovel,"-50Q,0.373"
X-1835,FAM197Y2P,252946.0,Del0.8,0.5
X-1835,FAM214B,80256.0,MutNovel,"G40E,0.605"
X-1835,FAM222B,,MutNovel,"T481S,0.680"
X-1835,FAM41AY1,340618.0,Del0.8,0.5
X-1835,FAM41AY1,340618.0,Del0.8,0.5
X-1835,FAM60A,58516.0,Amp5,5.39
X-1835,FAR2,55711.0,Amp5,5.39
X-1835,FGD4,121512.0,Amp5,5.39
X-1835,FIGNL1,63979.0,MutNovel,"E515A,0.395"
X-1835,FLJ13224,79857.0,Amp5,5.39
X-1835,FMNL1,752.0,MutNovel,"P549L,0.667"
X-1835,FOXD4L3,286380.0,MutNovel,"A254R,1.000"
X-1835,FUT5,2527.0,MutNovel,"E261K,0.969"
X-1835,FZD4,8322.0,MutNovel,"C121F,0.523"
X-1835,GABPB1,2553.0,MutNovel,"I24F,0.692"
X-1835,GABPB2,126626.0,MutNovel,"R92L,0.391"
X-1835,GALNT14,79623.0,MutNovel,"V44G,0.667"
X-1835,GCNT3,9245.0,MutNovel,"D353Y,0.500"
X-1835,GGT2,,MutNovel,"T555M,0.875"
X-1835,GGT2,,MutNovel,"R535W,0.750"
X-1835,GGT2,,MutNovel,"L460P,1.000"
X-1835,GIGYF2,26058.0,MutNovel,"PQ1231P,0.400"
X-1835,GJD3,125111.0,MutNovel,"H175Y,0.583"
X-1835,GLI3,2737.0,MutNovel,"T541K,0.317"
X-1835,GOLGA2P2Y,84559.0,Del0.8,0.5
X-1835,GOLGA2P2Y,84559.0,Del0.8,0.5
X-1835,GPRASP1,9737.0,MutNovel,"G436W,1.000"
X-1835,GRB14,2888.0,MutKnownFunctional,"-297?,0.302"
X-1835,GREB1L,80000.0,MutNovel,"R1607S,0.412"
X-1835,GSS,2937.0,MutNovel,"T51M,0.353"
X-1835,GSTT1,2952.0,Amp5,6.77
X-1835,GSTTP2,653399.0,Amp5,6.77
X-1835,GUF1,60558.0,MutNovel,"V498L,0.329"
X-1835,GYG2P1,352887.0,Del0.8,0.5
X-1835,H3F3C,440093.0,Amp5,5.39
X-1835,HBP1,26959.0,MutNovel,"K443N,0.478"
X-1835,HIAT1,64645.0,MutNovel,"L237F,0.335"
X-1835,HIST2H2AA4,723790.0,MutNovel,"A71P,0.750"
X-1835,HLA-F,3134.0,MutNovel,"A310T,0.444"
X-1835,HLA-G,3135.0,MutNovel,"V255M,0.692"
X-1835,HMGCS1,3157.0,MutNovel,"G57V,0.295"
X-1835,HNRNPL,3191.0,MutNovel,"D380Y,1.000"
X-1835,HSFY2,159119.0,Del0.8,0.5
X-1835,HSFY2,159119.0,Del0.8,0.5
X-1835,HSPA1A,3303.0,MutNovel,"I427A,0.474"
X-1835,HSPA6,3310.0,MutNovel,"M451I,0.214"
X-1835,ICK,22858.0,MutNovel,"PSPLL369L,0.820"
X-1835,IFFO2,126917.0,MutNovel,"G21C,0.750"
X-1835,IGFN1,91156.0,MutNovel,"G1703R,0.714"
X-1835,IKBKG,8517.0,MutNovel,"D181N,0.993"
X-1835,IL12RB2,3595.0,MutNovel,"E682G,0.857"
X-1835,IL17RA,23765.0,MutNovel,"F287L,0.480"
X-1835,IPO8,10526.0,Amp5,5.39
X-1835,IRF2BPL,64207.0,MutKnownFunctional,"E563*,0.396"
X-1835,ISM1,140862.0,MutNovel,"R254S,0.216"
X-1835,ITSN2,50618.0,MutNovel,"N761S,0.357"
X-1835,JHDM1D,80853.0,MutNovel,"T728A,0.389"
X-1835,KDM3B,51780.0,MutNovel,"A5T,0.619"
X-1835,KDM5D,8284.0,Del0.8,0.5
X-1835,KIAA0125,9834.0,Amp5,7.46
X-1835,KIAA0182,23199.0,MutKnownFunctional,"-120,0.887"
X-1835,KIAA1217,56243.0,MutNovel,"Q500H,0.623"
X-1835,KIAA1432,57589.0,MutNovel,"T254M,0.675"
X-1835,KIAA1432,57589.0,MutNovel,"G368D,0.757"
X-1835,KLF16,83855.0,MutNovel,"A38T,1.000"
X-1835,KRAS,3845.0,MutKnownFunctional,"G12V,1.000"
X-1835,KRT14,3861.0,MutNovel,"N123S,0.286"
X-1835,KRT14,3861.0,MutNovel,"N121H,0.333"
X-1835,KRT75,9119.0,MutNovel,"K422R,1.000"
X-1835,KSR1,8844.0,MutNovel,"E418V,0.675"
X-1835,LCE1E,353135.0,Amp5,6.59
X-1835,LIPE,3991.0,MutNovel,"KR497NG,0.211"
X-1835,LNX2,222484.0,MutNovel,"L479V,1.000"
X-1835,LOC100132900,,MutKnownFunctional,"-156,1.000"
X-1835,LOC100287314,100287314.0,Amp5,5.39
X-1835,LOC100996441,,MutNovel,"T159N,1.000"
X-1835,LOC391322,391322.0,Amp5,6.77
X-1835,LOX,4015.0,MutNovel,"G273R,0.600"
X-1835,LRRC37A,9884.0,MutNovel,"N1229S,1.000"
X-1835,LRRC37A,9884.0,MutNovel,"T1238S,1.000"
X-1835,LYSMD2,256586.0,MutNovel,"T80K,0.222"
X-1835,MAGI1,9223.0,MutNovel,"Q421HR,0.529"
X-1835,MAP3K4,4216.0,MutNovel,"PA1189P,0.706"
X-1835,MAPK8IP2,23542.0,MutNovel,"A378G,1.000"
X-1835,MDC1,9656.0,MutNovel,"P1069L,1.000"
X-1835,MED18,54797.0,MutNovel,"P10R,0.424"
X-1835,METTL20,254013.0,Amp5,5.39
X-1835,MIR4740,100616294.0,Amp5,6.19
X-1835,MLL3,58508.0,MutKnownFunctional,"-2797?,0.250"
X-1835,MMACHC,25974.0,MutNovel,"V23F,0.485"
X-1835,MPRIP,23164.0,MutNovel,"T92A,0.358"
X-1835,MTX1,4580.0,MutNovel,"F351L,0.413"
X-1835,MUC4,4585.0,MutNovel,"L4057A,1.000"
X-1835,MUC4,4585.0,MutNovel,"P4050H,1.000"
X-1835,MUC4,4585.0,MutNovel,"T4046A,1.000"
X-1835,MUC4,4585.0,MutNovel,"D4045H,0.944"
X-1835,MUC4,4585.0,MutNovel,"R3974P,1.000"
X-1835,MUC4,4585.0,MutNovel,"P3970H,0.500"
X-1835,MUC4,4585.0,MutNovel,"S3968P,0.333"
X-1835,MUC4,4585.0,MutNovel,"S3800A,0.714"
X-1835,MUC4,4585.0,MutNovel,"D3789H,1.000"
X-1835,MUC4,4585.0,MutNovel,"A3785V,0.950"
X-1835,MUC4,4585.0,MutNovel,"A3033I,0.750"
X-1835,MUC4,4585.0,MutNovel,"H3026P,0.882"
X-1835,MUC4,4585.0,MutNovel,"H3026A,0.882"
X-1835,MUC4,4585.0,MutNovel,"IP2837MT,1.000"
X-1835,MUC4,4585.0,MutNovel,"S2832P,1.000"
X-1835,MUC4,4585.0,MutNovel,"V2745S,1.000"
X-1835,MUC4,4585.0,MutNovel,"A2329V,0.600"
X-1835,MYH14,79784.0,MutNovel,"R862S,0.994"
X-1835,NAGLU,4669.0,MutNovel,"P118R,0.638"
X-1835,NBPF10,100132406.0,MutNovel,"V841F,0.625"
X-1835,NBPF15,284565.0,MutNovel,"C588Y,0.233"
X-1835,NBPF9,400818.0,MutNovel,"R97G,0.286"
X-1835,NCOR2,9612.0,MutNovel,"G1839GAAA,0.585"
X-1835,NCRNA00185,55410.0,Del0.8,0.5
X-1835,NDST2,8509.0,MutNovel,"R216L,0.204"
X-1835,NEB,4703.0,MutNovel,"N7811H,0.353"
X-1835,NLGN4Y,22829.0,Del0.8,0.5
X-1835,NNT,23530.0,MutNovel,"A679V,0.577"
X-1835,NPR2,4882.0,MutNovel,"R272W,0.364"
X-1835,NR1H2,7376.0,MutNovel,"-173Q,0.793"
X-1835,NRD1,4898.0,MutNovel,"EE150E,0.209"
X-1835,NUBPL,80224.0,MutNovel,"N238S,0.675"
X-1835,NUP205,23165.0,MutNovel,"T1127P,0.463"
X-1835,OGG1,4968.0,MutNovel,"K377R,0.207"
X-1835,OLFML2B,25903.0,MutNovel,"P434S,0.769"
X-1835,ORAI1,84876.0,MutNovel,"PP43-,0.741"
X-1835,OSBPL3,26031.0,MutNovel,"E44D,0.250"
X-1835,OVCH1,341350.0,Amp5,5.39
X-1835,PABPC3,5042.0,MutNovel,"KG231-,0.312"
X-1835,PABPC3,5042.0,MutKnownFunctional,"-239,0.303"
X-1835,PABPC3,5042.0,MutKnownFunctional,"-336,0.500"
X-1835,PABPC3,5042.0,MutKnownFunctional,"-336,0.500"
X-1835,PABPC3,5042.0,MutKnownFunctional,"-615,0.636"
X-1835,PABPC4,8761.0,MutNovel,"D152G,0.679"
X-1835,PACSIN3,29763.0,MutNovel,"S311R,0.378"
X-1835,PAPOLG,64895.0,MutNovel,"D11Y,0.400"
X-1835,PARP14,54625.0,MutNovel,"H1091L,0.856"
X-1835,PARP14,54625.0,MutNovel,"A1513S,0.875"
X-1835,PARP16,54956.0,MutNovel,"P133S,0.603"
X-1835,PAXIP1,22976.0,MutNovel,"A334S,0.674"
X-1835,PCDH11Y,83259.0,Del0.8,0.5
X-1835,PCDHB10,56126.0,MutNovel,"E684V,0.857"
X-1835,PCDHB12,56124.0,MutNovel,"Y488N,0.684"
X-1835,PCDHGB1,56104.0,MutNovel,"L628F,0.667"
X-1835,PCDHGB3,56102.0,MutNovel,"P741L,0.562"
X-1835,PGLYRP1,8993.0,MutNovel,"M125I,1.000"
X-1835,PHKG1,5260.0,MutNovel,"R181W,0.500"
X-1835,PHLDA1,22822.0,MutNovel,"QQ194Q,0.562"
X-1835,PHLPP2,23035.0,MutNovel,"D768N,0.292"
X-1835,PKP2,5318.0,Amp5,5.39
X-1835,PLEKHA8,84725.0,MutNovel,"I308F,0.404"
X-1835,PLEKHG4,25894.0,MutNovel,"A638S,1.000"
X-1835,PLEKHH2,130271.0,MutNovel,"V863D,0.584"
X-1835,PLEKHM1,9842.0,MutNovel,"E159K,0.629"
X-1835,PLSCR2,57047.0,MutNovel,"P79L,0.333"
X-1835,PMPCA,23203.0,MutNovel,"R370K,0.288"
X-1835,POLR2A,5430.0,MutNovel,"P1785S,0.319"
X-1835,POTEI,,MutNovel,"D725E,1.000"
X-1835,POU3F2,5454.0,MutNovel,"-142Q,0.269"
X-1835,PRDM16,63976.0,MutNovel,"E1067K,0.500"
X-1835,PRIC285,85441.0,MutNovel,"R1360Q,0.322"
X-1835,PRKCH,5583.0,MutNovel,"R13M,0.614"
X-1835,PRKY,5616.0,Del0.8,0.5
X-1835,PROSAPIP1,,MutNovel,"P314A,0.325"
X-1835,PRSS3,5646.0,MutNovel,"D61A,0.250"
X-1835,PRY,9081.0,Del0.8,0.5
X-1835,PRY,9081.0,Del0.8,0.5
X-1835,PRY2,442862.0,Del0.8,0.5
X-1835,PRY2,442862.0,Del0.8,0.5
X-1835,PTEN,5728.0,MutNovel,"I168V,0.298"
X-1835,PTPRE,5791.0,MutNovel,"V332M,0.359"
X-1835,PTPRF,5792.0,MutNovel,"V1598E,0.695"
X-1835,PTPRU,10076.0,MutNovel,"V1056I,0.548"
X-1835,RASA4,10156.0,MutNovel,"R165W,0.500"
X-1835,RBMY1A3P,286557.0,Del0.8,0.5
X-1835,RBMY1B,378948.0,Del0.8,0.5
X-1835,RBMY1B,378948.0,Del0.8,0.5
X-1835,RBMY1E,378950.0,Del0.8,0.5
X-1835,RBMY1E,378950.0,Del0.8,0.5
X-1835,RBMY1F,159163.0,Del0.8,0.5
X-1835,RBMY1F,159163.0,Del0.8,0.5
X-1835,RBMY1J,378951.0,Del0.8,0.5
X-1835,RBMY1J,378951.0,Del0.8,0.5
X-1835,RBMY2EP,159125.0,Del0.8,0.5
X-1835,RBMY2FP,159162.0,Del0.8,0.5
X-1835,RBMY3AP,64593.0,Del0.8,0.5
X-1835,REEP5,7905.0,MutNovel,"S2C,0.318"
X-1835,REST,5978.0,MutNovel,"I747M,0.442"
X-1835,RGS5,8490.0,MutNovel,"R173H,0.462"
X-1835,RNF169,254225.0,MutNovel,"P75S,0.400"
X-1835,RPL14,9045.0,MutNovel,"T149TA,0.535"
X-1835,RPS24,6229.0,MutNovel,"S156L,0.289"
X-1835,RPS4Y1,6192.0,Del0.8,0.5
X-1835,RPS4Y2,140032.0,Del0.8,0.5
X-1835,RREB1,6239.0,MutNovel,"T517M,1.000"
X-1835,RSPH1,89765.0,MutNovel,"S243G,0.483"
X-1835,RUNX1T1,862.0,MutNovel,"Q524K,0.340"
X-1835,SDK1,221935.0,MutNovel,"V487L,0.716"
X-1835,SEC16A,9919.0,MutNovel,"SGA369-,0.286"
X-1835,SECISBP2L,9728.0,MutNovel,"T933K,0.323"
X-1835,SEMA3B,7869.0,MutNovel,"R596L,0.386"
X-1835,SEMA5A,9037.0,MutNovel,"R493L,0.333"
X-1835,SERINC2,347735.0,MutNovel,"-373Q,0.741"
X-1835,SGCE,8910.0,MutNovel,"S432H,0.615"
X-1835,SH3PXD2B,285590.0,MutNovel,"A859S,0.360"
X-1835,SH3TC1,54436.0,MutNovel,"A306S,0.377"
X-1835,SHF,90525.0,MutNovel,"S273N,0.571"
X-1835,SHF,90525.0,MutNovel,"P270S,0.667"
X-1835,SHPRH,257218.0,MutNovel,"M234I,1.000"
X-1835,SIVA1,10572.0,MutNovel,"C153F,0.511"
X-1835,SLC12A2,6558.0,MutNovel,"AA96-,0.309"
X-1835,SLC41A2,84102.0,MutNovel,"P540R,0.263"
X-1835,SMARCA2,6595.0,MutNovel,"Q230P,1.000"
X-1835,SMARCA2,6595.0,MutNovel,"Q235P,0.750"
X-1835,SNAPC4,6621.0,MutNovel,"S542-,0.260"
X-1835,SOGA2,,MutNovel,"Q507H,1.000"
X-1835,SPRED2,200734.0,MutNovel,"V310L,0.760"
X-1835,SPTBN5,51332.0,MutNovel,"R347H,1.000"
X-1835,SRY,6736.0,Del0.8,0.5
X-1835,STOX1,219736.0,MutNovel,"S812R,0.420"
X-1835,SUV39H2,79723.0,MutNovel,"D307Y,0.250"
X-1835,SYNPO2L,79933.0,MutNovel,"E26G,1.000"
X-1835,SYT10,341359.0,Amp5,5.39
X-1835,TACSTD2,4070.0,MutNovel,"P266Q,0.346"
X-1835,TBC1D16,125058.0,MutNovel,"G199V,0.655"
X-1835,TBL1Y,90665.0,Del0.8,0.5
X-1835,TERF2,7014.0,MutNovel,"P279L,1.000"
X-1835,TGFBI,7045.0,MutNovel,"D221N,0.380"
X-1835,TGIF2LY,90655.0,Del0.8,0.5
X-1835,TGS1,96764.0,MutNovel,"K630M,0.678"
X-1835,THRAP3,9967.0,MutNovel,"R572L,0.618"
X-1835,TLE4,7091.0,MutNovel,"V550F,0.401"
X-1835,TLN2,83660.0,MutNovel,"L2360Q,0.333"
X-1835,TLR6,10333.0,MutNovel,"W621C,0.429"
X-1835,TMC5,79838.0,MutKnownFunctional,"E71*,0.995"
X-1835,TMC5,79838.0,MutNovel,"M376I,0.996"
X-1835,TMED4,222068.0,MutNovel,"E97G,0.548"
X-1835,TMEM184A,202915.0,MutNovel,"G392GA,0.209"
X-1835,TMEM201,199953.0,MutNovel,"G644V,0.353"
X-1835,TMEM39A,55254.0,MutNovel,"S340T,0.419"
X-1835,TMPO,7112.0,MutNovel,"R440M,1.000"
X-1835,TMSB4Y,9087.0,Del0.8,0.5
X-1835,TMTC1,83857.0,Amp5,5.39
X-1835,TNC,3371.0,MutNovel,"V1147M,0.749"
X-1835,TNK2,10188.0,MutNovel,"R829C,0.726"
X-1835,TP53,7157.0,MutNovel,"P190T,0.995"
X-1835,TRERF1,55809.0,MutNovel,"L390F,1.000"
X-1835,TRIB3,57761.0,MutNovel,"D263Y,0.332"
X-1835,TRPM7,54822.0,MutNovel,"A1027V,0.333"
X-1835,TSPAN11,441631.0,Amp5,5.39
X-1835,TSPY1,7258.0,Del0.8,0.5
X-1835,TSPY2,64591.0,Del0.8,0.5
X-1835,TSPY3,728137.0,Del0.8,0.5
X-1835,TSPY4,728395.0,Del0.8,0.5
X-1835,TSPY8,728403.0,Del0.8,0.5
X-1835,TTN,7273.0,MutNovel,"V23657L,1.000"
X-1835,TTTY10,246119.0,Del0.8,0.5
X-1835,TTTY11,83866.0,Del0.8,0.5
X-1835,TTTY12,83867.0,Del0.8,0.5
X-1835,TTTY13,83868.0,Del0.8,0.5
X-1835,TTTY14,83869.0,Del0.8,0.5
X-1835,TTTY15,64595.0,Del0.8,0.5
X-1835,TTTY16,252948.0,Del0.8,0.5
X-1835,TTTY17A,252949.0,Del0.8,0.5
X-1835,TTTY17A,252949.0,Del0.8,0.5
X-1835,TTTY18,252950.0,Del0.8,0.5
X-1835,TTTY19,252952.0,Del0.8,0.5
X-1835,TTTY1B,100101116.0,Del0.8,0.5
X-1835,TTTY1B,100101116.0,Del0.8,0.5
X-1835,TTTY2,60439.0,Del0.8,0.5
X-1835,TTTY2,60439.0,Del0.8,0.5
X-1835,TTTY20,252951.0,Del0.8,0.5
X-1835,TTTY21,252953.0,Del0.8,0.5
X-1835,TTTY21,252953.0,Del0.8,0.5
X-1835,TTTY22,252954.0,Del0.8,0.5
X-1835,TTTY23,252955.0,Del0.8,0.5
X-1835,TTTY23,252955.0,Del0.8,0.5
X-1835,TTTY3,114760.0,Del0.8,0.5
X-1835,TTTY3,114760.0,Del0.8,0.5
X-1835,TTTY4,114761.0,Del0.8,0.5
X-1835,TTTY4,114761.0,Del0.8,0.5
X-1835,TTTY5,83863.0,Del0.8,0.5
X-1835,TTTY6,84672.0,Del0.8,0.5
X-1835,TTTY6,84672.0,Del0.8,0.5
X-1835,TTTY7,246122.0,Del0.8,0.5
X-1835,TTTY7,246122.0,Del0.8,0.5
X-1835,TTTY7B,100101120.0,Del0.8,0.5
X-1835,TTTY7B,100101120.0,Del0.8,0.5
X-1835,TTTY8,84673.0,Del0.8,0.5
X-1835,TTTY8,84673.0,Del0.8,0.5
X-1835,TTTY9A,83864.0,Del0.8,0.5
X-1835,TTTY9A,83864.0,Del0.8,0.5
X-1835,TUBB8,347688.0,MutNovel,"A185V,0.733"
X-1835,TXLNG2P,246126.0,Del0.8,0.5
X-1835,UBE4B,10277.0,MutNovel,"F1017I,0.556"
X-1835,UNC13D,201294.0,MutNovel,"R966W,0.446"
X-1835,URI1,8725.0,MutNovel,"D306H,0.243"
X-1835,USP16,10600.0,MutNovel,"T407A,0.244"
X-1835,USP16,10600.0,MutNovel,"E523K,0.298"
X-1835,USP18,11274.0,MutNovel,"S186C,0.536"
X-1835,USP39,10713.0,MutNovel,"P68A,0.470"
X-1835,USP9Y,8287.0,Del0.8,0.5
X-1835,UTY,7404.0,Del0.8,0.5
X-1835,VCY,9084.0,Del0.8,0.5
X-1835,VCY,9084.0,Del0.8,0.5
X-1835,WHSC1,7468.0,MutNovel,"G696M,0.312"
X-1835,WTIP,126374.0,MutNovel,"E70K,1.000"
X-1835,XAGE1E,,MutNovel,"K24N,0.292"
X-1835,XKRY2,353515.0,Del0.8,0.5
X-1835,XKRY2,353515.0,Del0.8,0.5
X-1835,YARS2,51067.0,Amp5,5.39
X-1835,ZCCHC11,23318.0,MutNovel,"S864R,0.374"
X-1835,ZDHHC23,254887.0,MutKnownFunctional,"R390*,0.364"
X-1835,ZFAT,57623.0,MutNovel,"Q354P,0.274"
X-1835,ZFY,7544.0,Del0.8,0.5
X-1835,ZFYVE28,57732.0,MutNovel,"P81T,0.522"
X-1835,ZMYM4,9202.0,MutNovel,"G640S,0.437"
X-1835,ZNF167,55888.0,MutNovel,"G67V,0.286"
X-1835,ZNF213,7760.0,MutNovel,"R224Q,1.000"
X-1835,ZNF219,51222.0,MutNovel,"QPP233P,0.270"
X-1835,ZNF233,353355.0,MutNovel,"V93A,1.000"
X-1835,ZNF233,353355.0,MutNovel,"L98P,1.000"
X-1835,ZNF384,171017.0,MutNovel,"QQ514Q,0.470"
X-1835,ZNF496,84838.0,MutNovel,"Q554L,0.548"
X-1835,ZNF605,100289635.0,MutNovel,"P479L,0.625"
X-1835,ZNF609,23060.0,MutKnownFunctional,"K431*,0.656"
X-1835,ZNF728,,MutNovel,"A82P,1.000"
X-1835,ZNF728,,MutNovel,"S79P,1.000"
X-1835,ZNF728,,MutNovel,"V76G,1.000"
X-1835,ZNF732,654254.0,MutNovel,"L3P,0.857"
X-1835,ZNF790,388536.0,MutNovel,"C424S,0.677"
X-1835,ZNF93,81931.0,MutKnownFunctional,"-153,0.475"
X-1835,ZNFX1,57169.0,MutNovel,"H710L,0.670"
X-1865,AADAT,51166.0,Del0.8,0.65
X-1865,AASDH,132949.0,Amp5,5.74
X-1865,ABCB1,5243.0,Amp8,15.56
X-1865,ABCB4,5244.0,Amp8,15.56
X-1865,ABI2,10152.0,Amp8,8.11
X-1865,ACN9,57001.0,Amp5,6.41
X-1865,ADAL,161823.0,MutNovel,"G172V,0.857"
X-1865,ADAM22,53616.0,Amp8,15.56
X-1865,ADAM28,10863.0,Del0.8,0.67
X-1865,ADAM29,11086.0,Del0.8,0.64
X-1865,ADAM3A,1587.0,Del0.8,0.24
X-1865,ADAM5P,255926.0,Del0.8,0.61
X-1865,ADAM6,8755.0,Amp5,6.77
X-1865,ADAM7,8756.0,Del0.8,0.67
X-1865,ADAMDEC1,27299.0,Del0.8,0.67
X-1865,ADNP2,22850.0,Del0.8,0.67
X-1865,ADRA1A,148.0,Del0.8,0.66
X-1865,ADRA2B,151.0,MutNovel,"P309S,0.500"
X-1865,AGA,175.0,Del0.8,0.66
X-1865,AGPAT5,55326.0,Del0.8,0.67
X-1865,AHDC1,27245.0,MutNovel,"E730Q,0.524"
X-1865,ALMS1,7840.0,MutNovel,"N2444Y,0.267"
X-1865,ALS2CR8,79800.0,Amp8,12.82
X-1865,AMELY,266.0,Del0.8,0.2
X-1865,ANGPT2,285.0,Del0.8,0.67
X-1865,ANKIB1,54467.0,Amp8,8.82
X-1865,ANKRD13B,124930.0,MutNovel,"Y586F,1.000"
X-1865,ANTXR2,118429.0,MutNovel,"D475H,0.211"
X-1865,ANXA10,11199.0,Del0.8,0.65
X-1865,ANXA2P1,303.0,Del0.8,0.65
X-1865,ARFIP1,27236.0,Del0.8,0.65
X-1865,ARHGEF10,9639.0,Del0.8,0.7
X-1865,ARID1A,8289.0,MutNovel,"G864V,1.000"
X-1865,ARL9,132946.0,Amp5,5.74
X-1865,ARPC1A,10552.0,Amp5,7.26
X-1865,ARPC1B,10095.0,Amp5,7.26
X-1865,ASAH1,427.0,Del0.8,0.67
X-1865,ASB5,140458.0,Del0.8,0.65
X-1865,ASNS,440.0,Amp5,5.03
X-1865,ATP6V1B2,526.0,Del0.8,0.67
X-1865,ATRX,546.0,MutNovel,"D115E,0.455"
X-1865,BCCIP,56647.0,MutNovel,"R8P,0.206"
X-1865,BCORP1,286554.0,Del0.8,0.19
X-1865,BIN3,55909.0,Del0.8,0.67
X-1865,BLK,640.0,Del0.8,0.66
X-1865,BMP1,649.0,Del0.8,0.67
X-1865,BMPR2,659.0,Amp8,10.7
X-1865,BNIP3L,665.0,Del0.8,0.66
X-1865,BPTF,2186.0,MutNovel,"P78L,1.000"
X-1865,BPY2B,442867.0,Del0.8,0.19
X-1865,BPY2B,442867.0,Del0.8,0.19
X-1865,C19orf47,126526.0,MutNovel,"T255A,0.500"
X-1865,C2orf16,84226.0,MutNovel,"S1776I,0.667"
X-1865,C4orf27,54969.0,Del0.8,0.65
X-1865,C4orf45,152940.0,Del0.8,0.64
X-1865,C4orf46,201725.0,Del0.8,0.64
X-1865,C5orf42,65250.0,MutNovel,"P1206L,0.636"
X-1865,C5orf51,285636.0,Amp8,10.93
X-1865,C7orf23,79161.0,Amp8,18.9
X-1865,C7orf62,219557.0,Amp8,20.11
X-1865,C7orf63,79846.0,Amp5,7.11
X-1865,C8orf12,83656.0,Del0.8,0.66
X-1865,C8orf42,157695.0,Del0.8,0.73
X-1865,C8orf44,56260.0,MutKnownFunctional,"R70*,0.375"
X-1865,C8orf48,157773.0,Del0.8,0.67
X-1865,C8orf58,541565.0,Del0.8,0.67
X-1865,C8orf74,203076.0,Del0.8,0.66
X-1865,C9orf53,51198.0,Del0.8,0.28
X-1865,CBR4,84869.0,Del0.8,0.65
X-1865,CBWD6,644019.0,MutKnownFunctional,"-259?,0.306"
X-1865,CCDC25,55246.0,Del0.8,0.66
X-1865,CCT6A,908.0,Amp8,17.27
X-1865,CD28,940.0,Amp8,8.11
X-1865,CDCA2,157313.0,Del0.8,0.67
X-1865,CDH8,1006.0,MutNovel,"M68I,0.353"
X-1865,CDK14,5218.0,Amp5,7.11
X-1865,CDK6,1021.0,Amp8,8.82
X-1865,CDKN2A,1029.0,Del0.8,0.38
X-1865,CDY1B,253175.0,Del0.8,0.19
X-1865,CDY1B,253175.0,Del0.8,0.19
X-1865,CDY2A,9426.0,Del0.8,0.2
X-1865,CDY2A,9426.0,Del0.8,0.2
X-1865,CDY2B,203611.0,Del0.8,0.2
X-1865,CDY2B,203611.0,Del0.8,0.2
X-1865,CEP120,153241.0,MutNovel,"R72H,1.000"
X-1865,CEP44,80817.0,Del0.8,0.64
X-1865,CFH,3075.0,MutNovel,"G1094E,0.565"
X-1865,CFHR3,10878.0,Amp5,5.74
X-1865,CHCHD2,51142.0,Amp8,17.27
X-1865,CHMP7,91782.0,Del0.8,0.67
X-1865,CHPT1,56994.0,MutNovel,"P20L,0.857"
X-1865,CHRNA2,1135.0,Del0.8,0.66
X-1865,CHST15,51363.0,MutKnownFunctional,"-128?,0.472"
X-1865,CIT,11113.0,MutNovel,"E1795K,0.582"
X-1865,CLCN3,1182.0,Del0.8,0.65
X-1865,CLDN12,9069.0,Amp5,7.11
X-1865,CLDN23,137075.0,Del0.8,0.66
X-1865,CLK3,1198.0,MutNovel,"G30E,1.000"
X-1865,CLN8,2055.0,Del0.8,0.7
X-1865,CLU,1191.0,Del0.8,0.66
X-1865,CNOT7,29883.0,Del0.8,0.67
X-1865,COL4A6,1288.0,MutNovel,"A1577T,0.984"
X-1865,COQ9,57017.0,MutNovel,"A9P,1.000"
X-1865,CPE,1363.0,Del0.8,0.66
X-1865,CROT,54677.0,Amp8,15.56
X-1865,CSGALNACT1,55790.0,Del0.8,0.67
X-1865,CSPG4P1Y,114758.0,Del0.8,0.19
X-1865,CSPG4P1Y,114758.0,Del0.8,0.19
X-1865,CTAGE4,100128553.0,Del0.8,0.77
X-1865,CTSA,5476.0,MutNovel,"L29-,0.822"
X-1865,CTSB,1508.0,Del0.8,0.66
X-1865,CTSO,1519.0,Del0.8,0.65
X-1865,CYP20A1,57404.0,Amp8,8.11
X-1865,CYP4V2,285440.0,Del0.8,0.66
X-1865,CYP51A1,1595.0,Amp8,8.82
X-1865,DAZ1,1617.0,Del0.8,0.19
X-1865,DAZ2,57055.0,Del0.8,0.19
X-1865,DAZ3,57054.0,Del0.8,0.19
X-1865,DAZ3,57054.0,Del0.8,0.19
X-1865,DAZ4,57135.0,Del0.8,0.19
X-1865,DAZ4,57135.0,Del0.8,0.19
X-1865,DBF4,10926.0,Amp8,15.56
X-1865,DCHS2,54798.0,Del0.8,0.65
X-1865,DDX3Y,8653.0,Del0.8,0.2
X-1865,DDX60,55601.0,Del0.8,0.65
X-1865,DDX60L,91351.0,Del0.8,0.65
X-1865,DECR1,1666.0,MutNovel,"P158R,0.590"
X-1865,DEFA10P,449493.0,Del0.8,0.67
X-1865,DEFA1B,728358.0,Del0.8,0.67
X-1865,DEFA4,1669.0,Del0.8,0.67
X-1865,DEFA5,1670.0,Del0.8,0.67
X-1865,DEFA6,1671.0,Del0.8,0.67
X-1865,DEFB1,1672.0,Del0.8,0.67
X-1865,DEFB103A,414325.0,Del0.8,0.58
X-1865,DEFB103A,414325.0,Del0.8,0.58
X-1865,DEFB104B,503618.0,Del0.8,0.58
X-1865,DEFB104B,503618.0,Del0.8,0.58
X-1865,DEFB105B,504180.0,Del0.8,0.58
X-1865,DEFB105B,504180.0,Del0.8,0.58
X-1865,DEFB106B,503841.0,Del0.8,0.58
X-1865,DEFB106B,503841.0,Del0.8,0.58
X-1865,DEFB107A,245910.0,Del0.8,0.58
X-1865,DEFB107A,245910.0,Del0.8,0.58
X-1865,DEFB134,613211.0,Del0.8,0.66
X-1865,DEFB135,613209.0,Del0.8,0.66
X-1865,DEFB136,613210.0,Del0.8,0.66
X-1865,DEFB4A,1673.0,Del0.8,0.58
X-1865,DEFB4B,100289462.0,Del0.8,0.58
X-1865,DEFT1P,170949.0,Del0.8,0.67
X-1865,DGCR8,54487.0,MutKnownFunctional,"-171,0.473"
X-1865,DIAPH3,81624.0,MutNovel,"G40C,1.000"
X-1865,DKFZP434I0714,54553.0,Del0.8,0.65
X-1865,DKFZp434L192,222029.0,Amp8,24.42
X-1865,DLC1,10395.0,Del0.8,0.67
X-1865,DLGAP2,9228.0,Del0.8,0.7
X-1865,DLX5,1749.0,Amp5,5.43
X-1865,DLX6,1750.0,Amp5,5.43
X-1865,DLX6-AS1,285987.0,Amp5,5.43
X-1865,DMTF1,9988.0,Amp8,22.94
X-1865,DOCK5,80005.0,Del0.8,0.67
X-1865,DOK2,9046.0,Del0.8,0.67
X-1865,DOPEY1,23033.0,MutNovel,"E1593D,0.360"
X-1865,DPAGT1,1798.0,MutKnownFunctional,"-233?,0.254"
X-1865,DPPA2,151871.0,Amp5,5.54
X-1865,DPPA4,55211.0,Amp5,5.54
X-1865,DPY19L2P4,442523.0,Amp5,7.11
X-1865,DPYSL2,1808.0,Del0.8,0.66
X-1865,DUOXA2,405753.0,MutNovel,"Y126H,1.000"
X-1865,DUOXA2,405753.0,MutNovel,"Y156P,1.000"
X-1865,DUSP4,1846.0,Del0.8,0.66
X-1865,EBF2,64641.0,Del0.8,0.66
X-1865,EEF1DP3,196549.0,Del0.8,0.56
X-1865,EFHA2,286097.0,Del0.8,0.67
X-1865,EGFR,1956.0,Amp8,22.94
X-1865,EGR3,1960.0,Del0.8,0.67
X-1865,EIF1AY,9086.0,Del0.8,0.19
X-1865,ELMO3,79767.0,MutNovel,"T568S,0.637"
X-1865,ELP3,55140.0,Del0.8,0.66
X-1865,ENTPD4,9583.0,Del0.8,0.67
X-1865,EPB49,2039.0,Del0.8,0.67
X-1865,EPHX2,2053.0,Del0.8,0.66
X-1865,EPN1,29924.0,MutNovel,"A58T,0.500"
X-1865,ERAP1,51752.0,MutKnownFunctional,"-621,1.000"
X-1865,ERI1,90459.0,Del0.8,0.66
X-1865,ERICH1,157697.0,Del0.8,0.7
X-1865,ESCO2,157570.0,Del0.8,0.66
X-1865,ETFDH,2110.0,Del0.8,0.64
X-1865,EXT1,2131.0,MutNovel,"F333L,0.517"
X-1865,EXTL3,2137.0,Del0.8,0.66
X-1865,F11,2160.0,Del0.8,0.66
X-1865,FAM117B,150864.0,Amp8,10.7
X-1865,FAM133B,257415.0,Amp8,8.82
X-1865,FAM135A,57579.0,MutNovel,"N78S,0.808"
X-1865,FAM149A,25854.0,Del0.8,0.66
X-1865,FAM160A1,729830.0,Del0.8,0.65
X-1865,FAM160B2,64760.0,Del0.8,0.67
X-1865,FAM167A,83648.0,Del0.8,0.66
X-1865,FAM185A,222234.0,MutNovel,"V54I,0.286"
X-1865,FAM197Y2P,252946.0,Del0.8,0.2
X-1865,FAM198B,51313.0,Del0.8,0.64
X-1865,FAM41AY1,340618.0,Del0.8,0.2
X-1865,FAM41AY1,340618.0,Del0.8,0.2
X-1865,FAM63A,55793.0,MutNovel,"R484Q,0.474"
X-1865,FAM66D,100132923.0,Del0.8,0.66
X-1865,FARP2,9855.0,MutNovel,"P125L,1.000"
X-1865,FAT1,2195.0,Del0.8,0.66
X-1865,FBXO16,157574.0,Del0.8,0.66
X-1865,FBXO25,26260.0,Del0.8,0.73
X-1865,FBXO38,81545.0,MutNovel,"NGS835N,0.944"
X-1865,FBXO4,26272.0,Amp8,25.99
X-1865,FBXO8,26269.0,Del0.8,0.64
X-1865,FBXW7,55294.0,Del0.8,0.65
X-1865,FDFT1,2222.0,Del0.8,0.66
X-1865,FGA,2243.0,Del0.8,0.65
X-1865,FGB,2244.0,Del0.8,0.65
X-1865,FGF17,8822.0,Del0.8,0.67
X-1865,FGF20,26281.0,Del0.8,0.67
X-1865,FGG,2266.0,Del0.8,0.65
X-1865,FGL1,2267.0,Del0.8,0.67
X-1865,FHDC1,85462.0,Del0.8,0.65
X-1865,FKBP9,11328.0,MutNovel,"R301Q,0.280"
X-1865,FKBP9L,360132.0,Amp8,20.82
X-1865,FLJ10661,286042.0,Del0.8,0.66
X-1865,FLJ14107,80094.0,Del0.8,0.67
X-1865,FLJ25363,401082.0,Amp5,5.54
X-1865,FNIP2,57600.0,Del0.8,0.64
X-1865,FOCAD,,MutNovel,"H143N,1.000"
X-1865,FSD1,79187.0,MutNovel,"K42N,1.000"
X-1865,FSTL5,56884.0,Del0.8,0.66
X-1865,FUT1,2523.0,MutKnownFunctional,"Q276*,0.391"
X-1865,FZD1,8321.0,Amp5,7.11
X-1865,FZD3,7976.0,Del0.8,0.66
X-1865,GALNT7,51809.0,Del0.8,0.64
X-1865,GALNTL6,442117.0,Del0.8,0.64
X-1865,GATA4,2626.0,Del0.8,0.66
X-1865,GATAD1,57798.0,Amp8,8.82
X-1865,GBAS,2631.0,Amp8,26.91
X-1865,GFRA2,2675.0,Del0.8,0.67
X-1865,GHR,2690.0,Amp8,10.41
X-1865,GIGYF2,26058.0,MutNovel,"PQ1231P,0.800"
X-1865,GK3P,2713.0,Del0.8,0.66
X-1865,GLRA3,8001.0,Del0.8,0.64
X-1865,GLRB,2743.0,Del0.8,0.64
X-1865,GNRH1,2796.0,Del0.8,0.67
X-1865,GOLGA2P2Y,84559.0,Del0.8,0.19
X-1865,GOLGA2P2Y,84559.0,Del0.8,0.19
X-1865,GPRASP1,9737.0,MutNovel,"S1100C,1.000"
X-1865,GRIA2,2891.0,Del0.8,0.64
X-1865,GRM3,2913.0,Amp8,8.06
X-1865,GSTM1,2944.0,Del0.8,0.69
X-1865,GTF2IRD1,9569.0,MutNovel,"A44V,0.500"
X-1865,GTPBP10,85865.0,Amp5,7.11
X-1865,GUCY1A3,2982.0,Del0.8,0.65
X-1865,GUCY1B3,2983.0,Del0.8,0.65
X-1865,GYG2P1,352887.0,Del0.8,0.2
X-1865,HAND2,9464.0,Del0.8,0.64
X-1865,HES2,54626.0,MutNovel,"T77M,1.000"
X-1865,HLA-DQB1,3119.0,MutNovel,"R87P,1.000"
X-1865,HLA-DQB1,3119.0,MutNovel,"Q85L,1.000"
X-1865,HMBOX1,79618.0,Del0.8,0.66
X-1865,HMGB2,3148.0,Del0.8,0.64
X-1865,HOPX,84525.0,Amp5,5.74
X-1865,HPGD,3248.0,Del0.8,0.64
X-1865,HR,55806.0,Del0.8,0.67
X-1865,HSFY2,159119.0,Del0.8,0.2
X-1865,HSFY2,159119.0,Del0.8,0.12
X-1865,HSP90AA4P,3323.0,Del0.8,0.7
X-1865,HSP90AA6P,441051.0,Del0.8,0.65
X-1865,HSPA4L,22824.0,MutNovel,"D509N,0.278"
X-1865,ICA1L,130026.0,Amp8,10.7
X-1865,ICK,22858.0,MutNovel,"R590T,0.683"
X-1865,IFT81,28981.0,MutNovel,"S658N,0.568"
X-1865,IGFBP7,3490.0,Amp5,5.74
X-1865,IGLON5,402665.0,MutNovel,"M304L,0.667"
X-1865,INTS10,55174.0,Del0.8,0.67
X-1865,INTS3,65123.0,MutNovel,"I556V,0.506"
X-1865,INTS9,55756.0,Del0.8,0.66
X-1865,IQSEC2,23096.0,MutNovel,"E43K,0.895"
X-1865,JUP,3728.0,MutNovel,"R320H,0.296"
X-1865,KBTBD11,9920.0,Del0.8,0.7
X-1865,KCNK10,54207.0,MutNovel,"L203I,0.433"
X-1865,KCNMA1,3778.0,MutNovel,"S12G,0.789"
X-1865,KCTD9,54793.0,Del0.8,0.67
X-1865,KDM5B,10765.0,MutNovel,"E409Q,0.273"
X-1865,KDM5D,8284.0,Del0.8,0.19
X-1865,KIAA0125,9834.0,Amp5,6.77
X-1865,KIAA0922,23240.0,Del0.8,0.65
X-1865,KIAA1211,57482.0,Amp5,5.74
X-1865,KIAA1324L,222223.0,Amp8,10.41
X-1865,KIAA1456,57604.0,Del0.8,0.67
X-1865,KIAA1586,57691.0,MutKnownFunctional,"R422*,0.312"
X-1865,KIAA1967,57805.0,Del0.8,0.67
X-1865,KIF13B,23303.0,Del0.8,0.66
X-1865,KIF3C,3797.0,MutNovel,"E508K,0.744"
X-1865,KLHL2,11275.0,Del0.8,0.66
X-1865,KLKB1,3818.0,Del0.8,0.66
X-1865,KPNA7,402569.0,MutNovel,"L452V,0.667"
X-1865,KPNA7,402569.0,Amp5,7.26
X-1865,KRIT1,889.0,Amp8,8.82
X-1865,KRT36,8689.0,MutNovel,"R371Q,0.750"
X-1865,KRT6C,286887.0,MutNovel,"D153A,0.379"
X-1865,KRT83,3889.0,MutNovel,"G378E,1.000"
X-1865,KRT86,3892.0,MutNovel,"G373D,0.733"
X-1865,KRT86,3892.0,MutNovel,"K379R,0.842"
X-1865,LANCL2,55915.0,Amp8,22.94
X-1865,LGI3,203190.0,Del0.8,0.67
X-1865,LINC00208,83655.0,Del0.8,0.66
X-1865,LINC00226,338004.0,Amp5,5.35
X-1865,LOC100128993,100128993.0,Del0.8,0.67
X-1865,LOC100130849,100130849.0,Amp5,7.06
X-1865,LOC100132396,100132396.0,Del0.8,0.7
X-1865,LOC100287015,100287015.0,Del0.8,0.67
X-1865,LOC100287633,,MutNovel,"K82E,1.000"
X-1865,LOC100288332,,MutNovel,"D279V,0.968"
X-1865,LOC100505776,100505776.0,Del0.8,0.67
X-1865,LOC100505989,100505989.0,Del0.8,0.66
X-1865,LOC100506013,100506013.0,Del0.8,0.66
X-1865,LOC100506085,100506085.0,Del0.8,0.65
X-1865,LOC100506122,100506122.0,Del0.8,0.65
X-1865,LOC100507156,100507156.0,Del0.8,0.67
X-1865,LOC100652791,100652791.0,Del0.8,0.67
X-1865,LOC157273,157273.0,Del0.8,0.66
X-1865,LOC255130,255130.0,Amp5,5.74
X-1865,LOC285441,285441.0,Del0.8,0.66
X-1865,LOC285501,285501.0,Del0.8,0.65
X-1865,LOC286059,286059.0,Del0.8,0.67
X-1865,LOC286083,286083.0,Del0.8,0.7
X-1865,LOC286114,286114.0,Del0.8,0.67
X-1865,LOC286135,286135.0,Del0.8,0.66
X-1865,LOC339975,339975.0,Del0.8,0.66
X-1865,LOC340017,340017.0,Del0.8,0.64
X-1865,LOC340357,340357.0,Del0.8,0.67
X-1865,LOC389641,389641.0,Del0.8,0.67
X-1865,LOC392196,392196.0,Del0.8,0.66
X-1865,LOC401164,401164.0,Del0.8,0.69
X-1865,LOC650226,650226.0,Amp8,24.42
X-1865,LOC727677,727677.0,Amp5,6.02
X-1865,LOC728377,728377.0,Del0.8,0.77
X-1865,LONRF1,91694.0,Del0.8,0.67
X-1865,LOXL2,4017.0,Del0.8,0.67
X-1865,LPCAT4,254531.0,MutNovel,"P24S,0.824"
X-1865,LPL,4023.0,Del0.8,0.67
X-1865,LRAT,9227.0,Del0.8,0.65
X-1865,LRRD1,401387.0,Amp8,8.82
X-1865,LSR,51599.0,MutNovel,"G518GR,0.873"
X-1865,LZTS1,11178.0,Del0.8,0.67
X-1865,MAN2C1,4123.0,MutNovel,"D807H,0.744"
X-1865,MAP3K4,4216.0,MutNovel,"PA1189P,0.682"
X-1865,MAP7D2,256714.0,MutNovel,"N634S,1.000"
X-1865,MAP9,79884.0,Del0.8,0.65
X-1865,MARK1,4139.0,MutNovel,"Y323C,0.696"
X-1865,MCPH1,79648.0,Del0.8,0.67
X-1865,MFAP3L,9848.0,Del0.8,0.65
X-1865,MFHAS1,9258.0,Del0.8,0.66
X-1865,MGAM,8972.0,Del0.8,0.62
X-1865,MGC16142,84849.0,Amp8,8.82
X-1865,MGC72080,389538.0,Amp5,5.03
X-1865,MIR1204,100302185.0,Amp5,6.02
X-1865,MIR1205,100302161.0,Amp5,6.02
X-1865,MIR1206,100302170.0,Amp5,6.02
X-1865,MIR1207,100302175.0,Amp5,6.02
X-1865,MIR1208,100302281.0,Amp5,6.02
X-1865,MIR124-1,406907.0,Del0.8,0.66
X-1865,MIR1322,100302166.0,Del0.8,0.66
X-1865,MIR3140,100422896.0,Del0.8,0.65
X-1865,MIR3148,100422876.0,Del0.8,0.66
X-1865,MIR320A,407037.0,Del0.8,0.67
X-1865,MIR3622A,100500858.0,Del0.8,0.66
X-1865,MIR3622B,100500871.0,Del0.8,0.66
X-1865,MIR3688-1,100500881.0,Del0.8,0.64
X-1865,MIR3688-2,100616303.0,Del0.8,0.64
X-1865,MIR383,494332.0,Del0.8,0.67
X-1865,MIR4276,100423042.0,Del0.8,0.64
X-1865,MIR4283-1,100422917.0,Amp5,7.06
X-1865,MIR4287,100422828.0,Del0.8,0.66
X-1865,MIR4288,100422903.0,Del0.8,0.66
X-1865,MIR4423,100616481.0,Del0.8,0.65
X-1865,MIR4659A,100616348.0,Del0.8,0.67
X-1865,MIR4659B,100616372.0,Del0.8,0.67
X-1865,MIR4660,100616350.0,Del0.8,0.66
X-1865,MIR578,693163.0,Del0.8,0.66
X-1865,MIR596,693181.0,Del0.8,0.7
X-1865,MIR597,693182.0,Del0.8,0.66
X-1865,MIR598,693183.0,Del0.8,0.66
X-1865,MLL2,8085.0,MutKnownFunctional,"Q1435*,0.500"
X-1865,MND1,84057.0,Del0.8,0.65
X-1865,MRPS17,51373.0,Amp8,26.91
X-1865,MSMO1,6307.0,Del0.8,0.66
X-1865,MSR1,4481.0,Del0.8,0.67
X-1865,MSRA,4482.0,Del0.8,0.66
X-1865,MT1E,4493.0,MutNovel,"V49I,1.000"
X-1865,MTERF,7978.0,Amp5,7.11
X-1865,MTMR7,9108.0,Del0.8,0.67
X-1865,MTMR9,66036.0,Del0.8,0.66
X-1865,MTNR1A,4543.0,Del0.8,0.66
X-1865,MTUS1,57509.0,Del0.8,0.67
X-1865,MTX1,4580.0,MutNovel,"F351L,0.337"
X-1865,MTX2,10651.0,MutNovel,"Y128C,0.330"
X-1865,MYC,4609.0,Amp5,6.02
X-1865,MYH16,84176.0,Amp5,7.26
X-1865,NAA25,80018.0,MutNovel,"N604S,0.571"
X-1865,NACAD,23148.0,MutNovel,"A721F,0.500"
X-1865,NACC2,138151.0,MutNovel,"L419V,0.771"
X-1865,NAT1,9.0,Del0.8,0.67
X-1865,NAT2,10.0,Del0.8,0.67
X-1865,NBEAL1,65065.0,Amp8,9.19
X-1865,NBLA00301,79804.0,Del0.8,0.64
X-1865,NCALD,83988.0,MutNovel,"K96M,0.350"
X-1865,NCOR2,9612.0,MutNovel,"G1839GAAA,0.556"
X-1865,NCOR2,9612.0,MutNovel,"-511SS,0.240"
X-1865,NCRNA00185,55410.0,Del0.8,0.19
X-1865,NEFL,4747.0,Del0.8,0.67
X-1865,NEFM,4741.0,Del0.8,0.67
X-1865,NEIL2,252969.0,Del0.8,0.66
X-1865,NEIL3,55247.0,Del0.8,0.66
X-1865,NEK1,4750.0,Del0.8,0.65
X-1865,NFIC,4782.0,MutNovel,"E315G,0.968"
X-1865,NFXL1,152518.0,MutNovel,"A58V,0.314"
X-1865,NKX2-6,137814.0,Del0.8,0.67
X-1865,NKX3-1,4824.0,Del0.8,0.67
X-1865,NLGN4Y,22829.0,Del0.8,0.2
X-1865,NOA1,84273.0,Amp5,5.74
X-1865,NOB1,28987.0,MutNovel,"V63M,0.664"
X-1865,NOP58,51602.0,Amp8,10.7
X-1865,NPM2,10361.0,Del0.8,0.67
X-1865,NPY2R,4887.0,Del0.8,0.65
X-1865,NUDT11,55190.0,MutKnownFunctional,"-1,0.550"
X-1865,NUDT18,79873.0,Del0.8,0.67
X-1865,OCM2,4951.0,Amp5,5.03
X-1865,OR2A42,402317.0,Del0.8,0.77
X-1865,OR2A42,402317.0,Del0.8,0.77
X-1865,OR2A7,401427.0,Del0.8,0.77
X-1865,OR2A9P,441295.0,Del0.8,0.77
X-1865,OR2A9P,441295.0,Del0.8,0.77
X-1865,OR4C6,219432.0,Del0.8,0.23
X-1865,OR4P4,81300.0,Del0.8,0.35
X-1865,ORAI1,84876.0,MutNovel,"PP43-,0.857"
X-1865,OXA1L,5018.0,MutNovel,"R242Q,0.584"
X-1865,PAICS,10606.0,Amp5,5.74
X-1865,PALLD,23022.0,Del0.8,0.65
X-1865,PANX1,24145.0,MutNovel,"L139M,0.636"
X-1865,PARD6G,84552.0,Del0.8,0.67
X-1865,PARPBP,,MutNovel,"K556I,0.552"
X-1865,PBK,55872.0,Del0.8,0.66
X-1865,PCDH11Y,83259.0,Del0.8,0.2
X-1865,PCLO,27445.0,Amp5,6.68
X-1865,PCM1,5108.0,Del0.8,0.67
X-1865,PCNX,22990.0,MutNovel,"R1339Q,0.540"
X-1865,PCSK9,255738.0,MutNovel,"-15L,0.588"
X-1865,PDCD7,10081.0,MutNovel,"P114S,0.500"
X-1865,PDGFC,56034.0,Del0.8,0.64
X-1865,PDGFRL,5157.0,Del0.8,0.67
X-1865,PDLIM2,64236.0,Del0.8,0.67
X-1865,PDLIM3,27295.0,Del0.8,0.66
X-1865,PEBP4,157310.0,Del0.8,0.67
X-1865,PEG10,23089.0,MutNovel,"V6I,1.000"
X-1865,PET112,5188.0,Del0.8,0.65
X-1865,PEX1,5189.0,Amp8,8.82
X-1865,PGBD3,267004.0,MutNovel,"V261F,0.471"
X-1865,PHF19,26147.0,MutNovel,"I165T,0.857"
X-1865,PHF21A,51317.0,MutNovel,"Q181R,0.571"
X-1865,PHKG1,5260.0,Amp8,17.27
X-1865,PHLDA1,22822.0,MutNovel,"QQ194Q,0.530"
X-1865,PHYHIP,9796.0,Del0.8,0.67
X-1865,PIF1,80119.0,MutNovel,"A37V,0.321"
X-1865,PIGP,51227.0,MutNovel,"K20N,1.000"
X-1865,PINX1,54984.0,Del0.8,0.66
X-1865,PIWIL2,55124.0,Del0.8,0.67
X-1865,PLCB1,23236.0,MutNovel,"K172R,0.571"
X-1865,PLRG1,5356.0,Del0.8,0.65
X-1865,PNMA1,9240.0,MutNovel,"L152F,0.667"
X-1865,PNMA2,10687.0,Del0.8,0.66
X-1865,PNOC,5368.0,Del0.8,0.66
X-1865,POLR2B,5431.0,Amp5,5.74
X-1865,POLR3D,661.0,Del0.8,0.67
X-1865,POM121,9883.0,MutNovel,"A710T,0.531"
X-1865,POTEE,445582.0,MutNovel,"G546R,0.571"
X-1865,POTEF,728378.0,MutNovel,"D986G,1.000"
X-1865,POU5F1B,5462.0,Amp5,6.02
X-1865,PPAT,5471.0,Amp5,5.74
X-1865,PPFIA4,8497.0,MutNovel,"R323Q,0.765"
X-1865,PPIAL4G,644591.0,MutNovel,"S95P,1.000"
X-1865,PPID,5481.0,Del0.8,0.64
X-1865,PPP1R3B,79660.0,Del0.8,0.66
X-1865,PPP2R2A,5520.0,Del0.8,0.66
X-1865,PPP3CC,5533.0,Del0.8,0.67
X-1865,PRKY,5616.0,Del0.8,0.2
X-1865,PRR5,55615.0,MutNovel,"P368L,0.386"
X-1865,PRRC2A,7916.0,MutNovel,"G287V,0.381"
X-1865,PRSS48,345062.0,Del0.8,0.65
X-1865,PRSS55,203074.0,Del0.8,0.66
X-1865,PRY,9081.0,Del0.8,0.19
X-1865,PRY,9081.0,Del0.8,0.19
X-1865,PRY2,442862.0,Del0.8,0.19
X-1865,PRY2,442862.0,Del0.8,0.19
X-1865,PSD3,23362.0,Del0.8,0.67
X-1865,PSPH,5723.0,Amp8,21.56
X-1865,PTK2B,2185.0,Del0.8,0.66
X-1865,PTPRZ1,5803.0,MutNovel,"Y1797F,0.400"
X-1865,PUSL1,126789.0,MutNovel,"H171Y,1.000"
X-1865,PVT1,5820.0,Amp5,6.02
X-1865,R3HCC1,203069.0,Del0.8,0.67
X-1865,RAB3IL1,5866.0,MutNovel,"R353L,0.333"
X-1865,RAET1G,353091.0,MutNovel,"I114T,0.750"
X-1865,RAP2B,5912.0,MutNovel,"S66F,0.340"
X-1865,RAPGEF2,9693.0,Del0.8,0.64
X-1865,RAPH1,65059.0,Amp8,8.11
X-1865,RBBP8,5932.0,MutNovel,"R828K,0.632"
X-1865,RBFA,79863.0,Del0.8,0.67
X-1865,RBM46,166863.0,Del0.8,0.65
X-1865,RBM48,84060.0,Amp8,8.82
X-1865,RBMY1A3P,286557.0,Del0.8,0.2
X-1865,RBMY1B,378948.0,Del0.8,0.19
X-1865,RBMY1B,378948.0,Del0.8,0.19
X-1865,RBMY1E,378950.0,Del0.8,0.19
X-1865,RBMY1E,378950.0,Del0.8,0.19
X-1865,RBMY1F,159163.0,Del0.8,0.19
X-1865,RBMY1F,159163.0,Del0.8,0.19
X-1865,RBMY1J,378951.0,Del0.8,0.19
X-1865,RBMY1J,378951.0,Del0.8,0.19
X-1865,RBMY2EP,159125.0,Del0.8,0.19
X-1865,RBMY2FP,159162.0,Del0.8,0.19
X-1865,RBMY3AP,64593.0,Del0.8,0.2
X-1865,REEP4,80346.0,Del0.8,0.67
X-1865,REST,5978.0,Amp5,5.74
X-1865,RHOBTB2,23221.0,Del0.8,0.67
X-1865,RIN1,9610.0,MutNovel,"R454C,0.619"
X-1865,RIN3,79890.0,MutNovel,"G967-,0.333"
X-1865,RNF169,254225.0,MutNovel,"P75S,1.000"
X-1865,RNF175,285533.0,Del0.8,0.65
X-1865,RP1L1,94137.0,Del0.8,0.66
X-1865,RPL29P2,118432.0,Del0.8,0.19
X-1865,RPS4Y1,6192.0,Del0.8,0.2
X-1865,RPS4Y2,140032.0,Del0.8,0.19
X-1865,RUNDC3B,154661.0,Amp8,15.56
X-1865,RXFP1,59350.0,Del0.8,0.64
X-1865,S100A7A,338324.0,MutNovel,"G25D,0.300"
X-1865,SAP130,79595.0,MutNovel,"A227P,0.400"
X-1865,SAP30,8819.0,Del0.8,0.64
X-1865,SCAPER,49855.0,Del0.8,0.78
X-1865,SCARA3,51435.0,Del0.8,0.66
X-1865,SCARA5,286133.0,Del0.8,0.66
X-1865,SCP2,6342.0,MutNovel,"Y204D,1.000"
X-1865,SCRG1,11341.0,Del0.8,0.64
X-1865,SDR42E1,93517.0,MutNovel,"V347M,0.672"
X-1865,SEC31B,25956.0,MutNovel,"S351C,1.000"
X-1865,SEC61G,23480.0,Amp8,22.94
X-1865,SEMA3A,10371.0,Amp5,5.86
X-1865,SEMA3D,223117.0,Amp5,5.86
X-1865,SEMA3E,9723.0,Amp8,10.13
X-1865,SENP3,26168.0,MutNovel,"R157Q,1.000"
X-1865,2014-09-14 00:00:00,346288.0,Amp8,26.91
X-1865,SERINC1,57515.0,MutNovel,"D369G,0.278"
X-1865,SERINC2,347735.0,MutNovel,"-373Q,0.679"
X-1865,SETD1B,23067.0,MutNovel,"P367L,0.333"
X-1865,SFRP2,6423.0,Del0.8,0.65
X-1865,SFTPC,6440.0,Del0.8,0.67
X-1865,SGCZ,137868.0,Del0.8,0.67
X-1865,SGK223,157285.0,Del0.8,0.66
X-1865,SH2D4A,63898.0,Del0.8,0.67
X-1865,SH3RF1,57630.0,Del0.8,0.65
X-1865,SLC18A1,6570.0,Del0.8,0.67
X-1865,SLC25A37,51312.0,Del0.8,0.67
X-1865,SLC25A40,55972.0,Amp8,15.56
X-1865,SLC35G5,83650.0,Del0.8,0.66
X-1865,SLC39A14,23516.0,Del0.8,0.67
X-1865,SLC44A1,23446.0,MutNovel,"L542F,0.608"
X-1865,SLC7A2,6542.0,Del0.8,0.67
X-1865,SLCO1A2,6579.0,MutNovel,"S36T,0.357"
X-1865,SMCHD1,23347.0,MutNovel,"L1575P,0.321"
X-1865,SMG1,23049.0,MutNovel,"V3602L,0.443"
X-1865,SMYD3,64754.0,MutNovel,"C52F,0.586"
X-1865,SNAPC4,6621.0,MutNovel,"S542-,0.350"
X-1865,SNORA15,677803.0,Amp8,17.27
X-1865,SNORD11,692058.0,Amp8,10.7
X-1865,SNORD11B,100113392.0,Amp8,10.7
X-1865,SNORD70,692110.0,Amp8,10.7
X-1865,SNX7,51375.0,MutNovel,"P290L,0.652"
X-1865,SORBS2,8470.0,Del0.8,0.66
X-1865,SORBS3,10174.0,Del0.8,0.67
X-1865,SOX7,83595.0,Del0.8,0.66
X-1865,SPAG11A,653423.0,Del0.8,0.58
X-1865,SPAG11B,10407.0,Del0.8,0.58
X-1865,SPAG11B,10407.0,Del0.8,0.58
X-1865,SPATA4,132851.0,Del0.8,0.65
X-1865,SPCS3,60559.0,Del0.8,0.65
X-1865,SPINK2,6691.0,Amp5,5.74
X-1865,SPRR1A,6698.0,MutNovel,"T11I,0.250"
X-1865,SRI,6717.0,Amp8,15.56
X-1865,SRP72,6731.0,Amp5,5.74
X-1865,SRY,6736.0,Del0.8,0.2
X-1865,STC1,6781.0,Del0.8,0.67
X-1865,STEAP1,26872.0,Amp5,7.11
X-1865,STEAP2,261729.0,Amp5,7.11
X-1865,STEAP4,79689.0,Amp8,15.56
X-1865,STMN4,81551.0,Del0.8,0.66
X-1865,SUMF2,25870.0,Amp8,17.27
X-1865,SUMO1,7341.0,Amp8,10.7
X-1865,SUPT6H,6830.0,MutNovel,"P328R,0.389"
X-1865,TAC1,6863.0,Amp5,5.1
X-1865,TBC1D15,64786.0,MutKnownFunctional,"-189?,0.348"
X-1865,TBL1Y,90665.0,Del0.8,0.2
X-1865,TDH,157739.0,Del0.8,0.66
X-1865,TDO2,6999.0,Del0.8,0.65
X-1865,TGIF2LY,90655.0,Del0.8,0.2
X-1865,TIGD4,201798.0,Del0.8,0.65
X-1865,TKTL2,84076.0,Del0.8,0.63
X-1865,TLR2,7097.0,Del0.8,0.65
X-1865,TLR3,7098.0,Del0.8,0.66
X-1865,TMEM144,55314.0,Del0.8,0.64
X-1865,TMEM154,201799.0,Del0.8,0.65
X-1865,TMEM184A,202915.0,MutNovel,"G392GA,0.760"
X-1865,TMEM192,201931.0,Del0.8,0.66
X-1865,TMEM33,55161.0,MutNovel,"S198C,1.000"
X-1865,TMEM66,51669.0,Del0.8,0.66
X-1865,TMPRSS11D,9407.0,MutNovel,"P235T,0.380"
X-1865,TMSB4Y,9087.0,Del0.8,0.2
X-1865,TNFRSF10A,8797.0,Del0.8,0.67
X-1865,TNFRSF10B,8795.0,Del0.8,0.67
X-1865,TNFRSF10C,8794.0,Del0.8,0.67
X-1865,TNFRSF10D,8793.0,Del0.8,0.67
X-1865,TNKS,8658.0,Del0.8,0.66
X-1865,TP53,7157.0,MutKnownFunctional,"-145,1.000"
X-1865,TP53TG1,11257.0,Amp8,15.56
X-1865,TPP2,7174.0,MutNovel,"T58A,1.000"
X-1865,TRIM2,23321.0,Del0.8,0.65
X-1865,TRIM22,10346.0,MutNovel,"K364N,0.378"
X-1865,TRIM35,23087.0,Del0.8,0.66
X-1865,TRIM60,166655.0,Del0.8,0.66
X-1865,TRIM61,391712.0,Del0.8,0.66
X-1865,TRIML1,339976.0,Del0.8,0.68
X-1865,TRIML2,205860.0,Del0.8,0.68
X-1865,TRPM4,54795.0,MutNovel,"E580Q,0.250"
X-1865,TSPAN33,340348.0,MutNovel,"P64S,0.571"
X-1865,TSPY1,7258.0,Del0.8,0.2
X-1865,TSPY2,64591.0,Del0.8,0.2
X-1865,TSPY3,728137.0,Del0.8,0.2
X-1865,TSPY4,728395.0,Del0.8,0.2
X-1865,TSPY8,728403.0,Del0.8,0.2
X-1865,TTTY10,246119.0,Del0.8,0.19
X-1865,TTTY11,83866.0,Del0.8,0.2
X-1865,TTTY12,83867.0,Del0.8,0.2
X-1865,TTTY13,83868.0,Del0.8,0.19
X-1865,TTTY14,83869.0,Del0.8,0.19
X-1865,TTTY15,64595.0,Del0.8,0.2
X-1865,TTTY16,252948.0,Del0.8,0.2
X-1865,TTTY17A,252949.0,Del0.8,0.19
X-1865,TTTY17A,252949.0,Del0.8,0.19
X-1865,TTTY18,252950.0,Del0.8,0.2
X-1865,TTTY19,252952.0,Del0.8,0.2
X-1865,TTTY1B,100101116.0,Del0.8,0.2
X-1865,TTTY1B,100101116.0,Del0.8,0.2
X-1865,TTTY2,60439.0,Del0.8,0.2
X-1865,TTTY2,60439.0,Del0.8,0.2
X-1865,TTTY20,252951.0,Del0.8,0.2
X-1865,TTTY21,252953.0,Del0.8,0.2
X-1865,TTTY21,252953.0,Del0.8,0.2
X-1865,TTTY22,252954.0,Del0.8,0.2
X-1865,TTTY23,252955.0,Del0.8,0.2
X-1865,TTTY23,252955.0,Del0.8,0.2
X-1865,TTTY3,114760.0,Del0.8,0.19
X-1865,TTTY3,114760.0,Del0.8,0.19
X-1865,TTTY4,114761.0,Del0.8,0.19
X-1865,TTTY4,114761.0,Del0.8,0.19
X-1865,TTTY5,83863.0,Del0.8,0.19
X-1865,TTTY6,84672.0,Del0.8,0.19
X-1865,TTTY6,84672.0,Del0.8,0.19
X-1865,TTTY7,246122.0,Del0.8,0.2
X-1865,TTTY7,246122.0,Del0.8,0.2
X-1865,TTTY7B,100101120.0,Del0.8,0.2
X-1865,TTTY7B,100101120.0,Del0.8,0.2
X-1865,TTTY8,84673.0,Del0.8,0.2
X-1865,TTTY8,84673.0,Del0.8,0.2
X-1865,TTTY9A,83864.0,Del0.8,0.07
X-1865,TTTY9A,83864.0,Del0.8,0.2
X-1865,TUSC3,7991.0,Del0.8,0.67
X-1865,TXLNG2P,246126.0,Del0.8,0.19
X-1865,UBE2M,9040.0,MutNovel,"Q165H,0.690"
X-1865,UBE3B,89910.0,MutNovel,"C45G,0.433"
X-1865,UBXN8,7993.0,MutNovel,"K110I,0.619"
X-1865,UEVLD,55293.0,MutNovel,"G318A,0.339"
X-1865,UQCRC1,7384.0,MutNovel,"A434T,0.998"
X-1865,USP17L2,377630.0,Del0.8,0.66
X-1865,USP9Y,8287.0,Del0.8,0.2
X-1865,UTY,7404.0,Del0.8,0.2
X-1865,VCY,9084.0,Del0.8,0.2
X-1865,VCY,9084.0,Del0.8,0.2
X-1865,VEGFC,7424.0,Del0.8,0.65
X-1865,VOPP1,81552.0,Amp8,22.94
X-1865,VPS37A,137492.0,Del0.8,0.67
X-1865,VPS8,23355.0,MutNovel,"D76G,0.233"
X-1865,WDR12,55759.0,Amp8,10.7
X-1865,WIPF1,7456.0,MutNovel,"P144Q,0.373"
X-1865,XKR5,389610.0,Del0.8,0.67
X-1865,XKR6,286046.0,Del0.8,0.66
X-1865,XKRY2,353515.0,Del0.8,0.2
X-1865,XKRY2,353515.0,Del0.8,0.2
X-1865,XPO7,23039.0,Del0.8,0.67
X-1865,ZDHHC2,51201.0,Del0.8,0.67
X-1865,ZFC3H1,196441.0,MutNovel,"D814H,0.489"
X-1865,ZFP42,132625.0,Del0.8,0.66
X-1865,ZFY,7544.0,Del0.8,0.2
X-1865,ZNF167,55888.0,MutNovel,"R431G,1.000"
X-1865,ZNF219,51222.0,MutNovel,"QPP233P,0.309"
X-1865,ZNF277,11179.0,MutNovel,"D280N,0.500"
X-1865,ZNF33B,7582.0,MutNovel,"E662V,0.289"
X-1865,ZNF384,171017.0,MutNovel,"QQ514Q,0.391"
X-1865,ZNF395,55893.0,Del0.8,0.66
X-1865,ZNF43,7594.0,MutKnownFunctional,"-183,0.591"
X-1865,ZNF596,169270.0,Del0.8,0.73
X-1865,ZNF705D,728957.0,Del0.8,0.66
X-1865,ZNF713,349075.0,Amp8,26.91
X-1865,ZNF804B,219578.0,Amp8,17.75
X-1865,ZNF850,342892.0,MutNovel,"E1062K,1.000"
X-1865,ZRANB1,54764.0,MutKnownFunctional,"-709?,0.287"
X-1934,ABCA3,21.0,MutNovel,"G205W,0.571"
X-1934,ABCB8,11194.0,MutNovel,"V111L,1.000"
X-1934,ABCF1,23.0,MutNovel,"D476Y,0.550"
X-1934,ABHD16A,7920.0,MutNovel,"R460Q,0.485"
X-1934,ADAM11,4185.0,Amp5,6.28
X-1934,ADAM6,8755.0,Amp5,5.5
X-1934,ADAMTS4,9507.0,Amp5,6.92
X-1934,ADAMTS6,11174.0,MutNovel,"P310A,1.000"
X-1934,ADAMTS7,11173.0,MutNovel,"M1347T,1.000"
X-1934,ADAMTSL4,54507.0,Amp5,5.24
X-1934,ADAR,103.0,Amp5,6.68
X-1934,ADC,113451.0,MutNovel,"V431M,0.750"
X-1934,AGRN,375790.0,MutNovel,"V23L,0.444"
X-1934,AHNAK2,113146.0,MutKnownFunctional,"K2550*,0.400"
X-1934,AIM2,9447.0,Amp5,6.92
X-1934,ALDH3B1,221.0,MutNovel,"R383Q,0.396"
X-1934,ALG13,79868.0,MutNovel,"G972V,1.000"
X-1934,ALOX12B,242.0,MutNovel,"R170G,1.000"
X-1934,ALS2CR8,79800.0,MutNovel,"R142Q,1.000"
X-1934,AMBRA1,55626.0,MutNovel,"S397C,0.649"
X-1934,ANGPTL4,51129.0,MutNovel,"V324I,0.954"
X-1934,ANKHD1-EIF4EBP3,404734.0,MutNovel,"R2551Q,1.000"
X-1934,ANKMY1,51281.0,MutNovel,"D451V,0.462"
X-1934,ANKRD11,29123.0,MutNovel,"P2290S,0.333"
X-1934,ANKRD34A,284615.0,Amp5,6.45
X-1934,ANKRD35,148741.0,Amp5,6.45
X-1934,ANKRD36B,57730.0,MutNovel,"F495S,0.500"
X-1934,ANKRD36B,57730.0,MutNovel,"R30H,0.300"
X-1934,ANO6,196527.0,MutNovel,"E931K,0.442"
X-1934,ANP32E,81611.0,Amp5,5.24
X-1934,ANXA9,8416.0,Amp5,5.24
X-1934,APCS,325.0,Amp5,6.92
X-1934,APH1A,51107.0,Amp5,5.24
X-1934,APOA2,336.0,Amp5,6.92
X-1934,AQP10,89872.0,Amp5,6.68
X-1934,ARFGEF1,10565.0,MutNovel,"S1715F,0.360"
X-1934,ARHGAP30,257106.0,Amp5,6.92
X-1934,ARHGAP44,9912.0,MutNovel,"P732L,1.000"
X-1934,ARHGAP5,394.0,MutNovel,"L1058V,0.250"
X-1934,ARHGEF7,8874.0,MutNovel,"E84G,1.000"
X-1934,ARL6IP1,23204.0,MutNovel,"A2G,0.256"
X-1934,ARMC2,84071.0,MutNovel,"S129N,0.462"
X-1934,ARNT,405.0,Amp5,5.24
X-1934,ARSD,414.0,Del0.8,0.32
X-1934,ARSE,415.0,Del0.8,0.21
X-1934,ARSF,416.0,Del0.8,0.25
X-1934,ARSH,347527.0,Del0.8,0.39
X-1934,ASB8,140461.0,MutNovel,"R260C,0.506"
X-1934,ASPM,259266.0,MutNovel,"A2817S,0.500"
X-1934,ASXL1,171023.0,MutNovel,"P536L,0.402"
X-1934,ATAD3B,83858.0,MutNovel,"A296V,1.000"
X-1934,ATF7,11016.0,MutNovel,"N283S,0.367"
X-1934,ATG10,83734.0,MutNovel,"V219N,0.900"
X-1934,ATG2B,55102.0,MutNovel,"S974L,0.267"
X-1934,ATM,472.0,MutNovel,"A425P,0.750"
X-1934,ATMIN,23300.0,MutNovel,"V521I,0.688"
X-1934,ATP1A2,477.0,Amp5,6.92
X-1934,ATP1A4,480.0,Amp5,6.92
X-1934,ATP5G1,516.0,Amp5,5.31
X-1934,ATP6V1E1,529.0,MutNovel,"E35G,0.992"
X-1934,ATP8B2,57198.0,Amp5,6.68
X-1934,ATXN1L,342371.0,MutNovel,"R447I,0.661"
X-1934,AVIL,10677.0,MutNovel,"P238L,0.667"
X-1934,B4GALNT2,124872.0,Amp5,5.31
X-1934,B4GALT3,8703.0,Amp5,6.92
X-1934,BICC1,80114.0,MutNovel,"I185V,1.000"
X-1934,BMP8B,656.0,MutNovel,"G20E,0.714"
X-1934,BNIPL,149428.0,Amp5,5.24
X-1934,BOLA1,51027.0,Amp5,5.24
X-1934,BRWD1,54014.0,MutNovel,"T534I,0.273"
X-1934,C10orf12,26148.0,MutNovel,"V958M,1.000"
X-1934,C12orf26,84190.0,MutNovel,"D575Y,0.364"
X-1934,C14orf149,112849.0,MutNovel,"G105R,0.636"
X-1934,C14orf43,91748.0,MutNovel,"S69I,0.605"
X-1934,C17orf104,284071.0,Amp5,6.28
X-1934,C17orf70,80233.0,MutNovel,"P392A,0.990"
X-1934,C19orf33,64073.0,MutNovel,"K90R,0.571"
X-1934,C1orf189,388701.0,Amp5,6.68
X-1934,C1orf192,257177.0,Amp5,6.92
X-1934,C1orf204,284677.0,Amp5,6.92
X-1934,C1orf43,25912.0,Amp5,6.68
X-1934,C1orf51,148523.0,Amp5,5.24
X-1934,C1orf54,79630.0,Amp5,5.24
X-1934,C1orf56,54964.0,Amp5,5.24
X-1934,C2CD4D,100191040.0,Amp5,5.24
X-1934,C2orf28,51374.0,MutNovel,"E112D,0.722"
X-1934,C2orf81,388963.0,MutNovel,"T518I,0.769"
X-1934,C8orf33,65265.0,MutKnownFunctional,"G86*,0.672"
X-1934,C8orf48,157773.0,MutNovel,"S28L,1.000"
X-1934,C9orf53,51198.0,Del0.8,0.45
X-1934,C9orf66,157983.0,Del0.8,0.59
X-1934,CA14,23632.0,Amp5,5.24
X-1934,CADM3,57863.0,Amp5,6.92
X-1934,CALCOCO2,10241.0,Amp5,5.31
X-1934,CAMSAP1,157922.0,MutNovel,"R1302C,0.909"
X-1934,CAMTA2,23125.0,MutNovel,"C141W,0.600"
X-1934,CAPN7,23473.0,MutNovel,"A583S,1.000"
X-1934,CASQ1,844.0,Amp5,6.92
X-1934,CAST,831.0,MutNovel,"T23I,0.989"
X-1934,CBWD1,55871.0,MutNovel,"T179A,0.600"
X-1934,CBWD1,55871.0,Del0.8,0.59
X-1934,CC2D1B,200014.0,MutNovel,"R534L,0.419"
X-1934,CCDC132,55610.0,MutNovel,"V122A,1.000"
X-1934,CCDC19,25790.0,Amp5,6.92
X-1934,CCDC43,124808.0,Amp5,6.28
X-1934,CCDC56,28958.0,MutNovel,"A41G,0.682"
X-1934,CCDC66,285331.0,MutNovel,"S606SP,1.000"
X-1934,CCS,9973.0,MutNovel,"G101R,0.571"
X-1934,CD160,11126.0,Amp5,6.45
X-1934,CD1A,909.0,Amp5,6.77
X-1934,CD1B,910.0,Amp5,6.77
X-1934,CD1C,911.0,Amp5,6.77
X-1934,CD1D,912.0,Amp5,6.77
X-1934,CD1E,913.0,Amp5,6.77
X-1934,CD244,51744.0,Amp5,6.92
X-1934,CD3EAP,10849.0,MutNovel,"E198K,0.328"
X-1934,CD48,962.0,Amp5,6.92
X-1934,CD84,8832.0,Amp5,6.92
X-1934,CDC42SE1,56882.0,Amp5,5.24
X-1934,CDH19,28513.0,MutKnownFunctional,"L736*,0.478"
X-1934,CDKN2A,1029.0,Del0.8,0.45
X-1934,CDKN2B,1030.0,Del0.8,0.56
X-1934,CELF3,11189.0,Amp5,5.24
X-1934,CEMP1,752014.0,MutNovel,"K207N,0.231"
X-1934,CENPJ,55835.0,MutNovel,"D315-,0.833"
X-1934,CEP192,55125.0,MutNovel,"S1044F,0.500"
X-1934,CERS2,29956.0,Amp5,5.24
X-1934,CGN,57530.0,Amp5,5.24
X-1934,CHD6,84181.0,MutNovel,"G2631C,0.792"
X-1934,CHRFAM7A,89832.0,MutNovel,"Y143C,1.000"
X-1934,CHRFAM7A,89832.0,MutNovel,"A34T,0.950"
X-1934,CHRNB2,1141.0,Amp5,6.68
X-1934,CHST12,55501.0,MutNovel,"G14V,1.000"
X-1934,CHTOP,26097.0,Amp5,6.68
X-1934,CKAP4,10970.0,MutNovel,"S84SP,0.310"
X-1934,CKB,1152.0,MutNovel,"T47R,0.279"
X-1934,CLASRP,11129.0,MutNovel,"R375L,0.348"
X-1934,CLIC1,1192.0,MutNovel,"E102Q,0.455"
X-1934,CLMN,79789.0,MutNovel,"G787E,0.400"
X-1934,CLSTN1,22883.0,MutNovel,"Y918N,0.616"
X-1934,COL12A1,1303.0,MutNovel,"R1804W,0.405"
X-1934,COL27A1,85301.0,MutNovel,"G1291E,1.000"
X-1934,COPA,1314.0,Amp5,6.92
X-1934,COX11,1353.0,MutNovel,"R18G,0.455"
X-1934,CRCT1,54544.0,Amp5,5.24
X-1934,CREB3L4,148327.0,Amp5,6.68
X-1934,CRIPAK,285464.0,MutNovel,"P173R,0.269"
X-1934,CRNN,49860.0,Amp5,5.24
X-1934,CRP,1401.0,Amp5,6.92
X-1934,CRTC2,200186.0,Amp5,6.68
X-1934,CTAGE9,643854.0,MutNovel,"H766L,0.500"
X-1934,CTSK,1513.0,Amp5,5.24
X-1934,CTSS,1520.0,Amp5,5.24
X-1934,CUL7,9820.0,MutNovel,"T1717M,0.469"
X-1934,CUL9,23113.0,MutNovel,"R1348H,0.550"
X-1934,CXorf28,100129464.0,Del0.8,0.3
X-1934,CYB5RL,606495.0,MutNovel,"L99V,0.571"
X-1934,DARC,2532.0,Amp5,6.92
X-1934,DARS2,55157.0,MutNovel,"F162L,0.346"
X-1934,DBF4B,80174.0,Amp5,6.28
X-1934,DCAF8,50717.0,Amp5,6.92
X-1934,DEDD,9191.0,Amp5,6.92
X-1934,DEFB103A,414325.0,Del0.8,0.76
X-1934,DEFB103A,414325.0,Del0.8,0.76
X-1934,DEFB104B,503618.0,Del0.8,0.76
X-1934,DEFB104B,503618.0,Del0.8,0.76
X-1934,DEFB105B,504180.0,Del0.8,0.76
X-1934,DEFB105B,504180.0,Del0.8,0.76
X-1934,DEFB106B,503841.0,Del0.8,0.76
X-1934,DEFB106B,503841.0,Del0.8,0.76
X-1934,DEFB107A,245910.0,Del0.8,0.76
X-1934,DEFB107A,245910.0,Del0.8,0.76
X-1934,DEFB4A,1673.0,Del0.8,0.76
X-1934,DEFB4B,100289462.0,Del0.8,0.76
X-1934,DENND4B,9909.0,Amp5,6.68
X-1934,DEPDC7,91614.0,MutNovel,"I80L,0.831"
X-1934,DEPDC7,91614.0,MutNovel,"K120T,0.780"
X-1934,DMRT1,1761.0,Del0.8,0.25
X-1934,DMRT2,10655.0,Del0.8,0.32
X-1934,DMRT3,58524.0,Del0.8,0.32
X-1934,DMRTA1,63951.0,Del0.8,0.31
X-1934,DNTTIP1,116092.0,MutNovel,"V47G,0.438"
X-1934,DOCK8,81704.0,Del0.8,0.32
X-1934,DTYMK,1841.0,MutNovel,"H35Y,0.628"
X-1934,DUOX2,50506.0,MutNovel,"N476K,0.667"
X-1934,DUSP23,54935.0,Amp5,6.92
X-1934,DYNC2H1,79659.0,MutNovel,"W4259L,0.635"
X-1934,DYSF,8291.0,MutNovel,"G1381A,0.286"
X-1934,ECM1,1893.0,Amp5,5.24
X-1934,EEF1DP3,196549.0,Del0.8,0.51
X-1934,EFCAB13,,MutNovel,"L862V,1.000"
X-1934,EHMT1,79813.0,MutNovel,"A50T,1.000"
X-1934,EIF2C1,26523.0,MutNovel,"R88H,0.217"
X-1934,ELN,2006.0,MutNovel,"V411G,1.000"
X-1934,EML4,27436.0,MutNovel,"D375G,0.649"
X-1934,ENDOD1,23052.0,MutNovel,"R414W,0.391"
X-1934,ENSA,2029.0,Amp5,5.24
X-1934,EPB41,2035.0,MutNovel,"V184L,0.786"
X-1934,EPB41L2,2037.0,MutNovel,"V498F,0.258"
X-1934,ERC1,23085.0,MutNovel,"R97L,1.000"
X-1934,ERCC3,2071.0,MutNovel,"Q190H,0.637"
X-1934,ERF,2077.0,MutNovel,"SS371S,0.476"
X-1934,EVI5L,115704.0,MutNovel,"R155L,1.000"
X-1934,EXOC8,149371.0,MutKnownFunctional,"K362*,0.429"
X-1934,F11R,50848.0,Amp5,6.92
X-1934,FAM117B,150864.0,MutNovel,"R173C,0.333"
X-1934,FAM13A,10144.0,MutNovel,"V830G,0.875"
X-1934,FAM160A1,729830.0,MutNovel,"S838C,0.600"
X-1934,FAM160A2,84067.0,MutNovel,"P872L,0.270"
X-1934,FAM171A2,284069.0,Amp5,6.28
X-1934,FAM53B,9679.0,MutNovel,"E122K,1.000"
X-1934,FAM63A,55793.0,Amp5,5.24
X-1934,FAM9A,171482.0,Del0.8,0.22
X-1934,FAM9B,171483.0,Del0.8,0.27
X-1934,FANCI,55215.0,MutNovel,"S371G,0.291"
X-1934,FAT4,79633.0,MutNovel,"G4911A,0.455"
X-1934,FBXL19,54620.0,MutNovel,"R234Q,0.662"
X-1934,FCER1A,2205.0,Amp5,6.92
X-1934,FCER1G,2207.0,Amp5,6.92
X-1934,FCGR1A,2209.0,Amp5,5.24
X-1934,FCGR1C,100132417.0,Amp5,5.24
X-1934,FCRL6,343413.0,Amp5,6.92
X-1934,FGGY,55277.0,MutNovel,"W162C,0.400"
X-1934,FLG,2312.0,MutNovel,"G2202S,1.000"
X-1934,FLG,2312.0,Amp5,5.24
X-1934,FLG2,388698.0,Amp5,5.24
X-1934,FLJ35024,401491.0,Del0.8,0.28
X-1934,FLRT2,23768.0,MutNovel,"S317G,0.480"
X-1934,FLRT2,23768.0,MutNovel,"A544V,0.559"
X-1934,FNDC1,84624.0,MutNovel,"T438A,0.388"
X-1934,FNDC1,84624.0,MutNovel,"T732P,0.594"
X-1934,FNDC1,84624.0,MutNovel,"ATTRRTT1471A,0.281"
X-1934,FOXD4,2298.0,Del0.8,0.59
X-1934,FOXO1,2308.0,MutNovel,"D82N,1.000"
X-1934,FOXP4,116113.0,MutNovel,"E492Q,0.333"
X-1934,FRAS1,80144.0,MutNovel,"R3122W,0.583"
X-1934,FRMD6,122786.0,MutNovel,"R148Q,0.394"
X-1934,FZD2,2535.0,Amp5,6.28
X-1934,G6PC3,92579.0,Amp8,8.06
X-1934,GABPB2,126626.0,Amp5,5.24
X-1934,GANAB,23193.0,MutNovel,"I764M,0.508"
X-1934,GATAD2B,57459.0,Amp5,6.68
X-1934,GCN1L1,10985.0,MutNovel,"Q1317H,0.490"
X-1934,GFOD2,81577.0,MutNovel,"G288C,0.241"
X-1934,GIP,2695.0,Amp5,5.31
X-1934,GJC1,10052.0,Amp5,6.28
X-1934,GLIS1,148979.0,MutNovel,"A421V,0.607"
X-1934,GLIS3,169792.0,Del0.8,0.74
X-1934,GLIS3-AS1,84850.0,Del0.8,0.3
X-1934,GLTSCR1,29998.0,MutKnownFunctional,"-393,0.600"
X-1934,GNRHR2,114814.0,Amp5,6.45
X-1934,GOLGA5,9950.0,MutNovel,"A526T,0.316"
X-1934,GOLPH3L,55204.0,Amp5,5.24
X-1934,GPATCH8,23131.0,Amp5,6.28
X-1934,GPR89A,653519.0,Amp5,6.45
X-1934,GPR89C,728932.0,Amp5,5.62
X-1934,GPRC5C,55890.0,MutNovel,"S460L,1.000"
X-1934,GRN,2896.0,Amp5,6.28
X-1934,GSN,2934.0,MutNovel,"A7E,0.755"
X-1934,GYG2,8908.0,Del0.8,0.27
X-1934,HAX1,10456.0,Amp5,6.68
X-1934,HDAC5,10014.0,Amp5,5.54
X-1934,HDHD1,8226.0,Del0.8,0.23
X-1934,HELQ,113510.0,MutNovel,"V368M,0.400"
X-1934,HERC2,8924.0,MutNovel,"S2559G,0.239"
X-1934,HEY1,23462.0,Amp8,12.64
X-1934,HFE2,148738.0,Amp5,6.45
X-1934,HIBCH,26275.0,MutNovel,"F194L,0.655"
X-1934,HIST2H2AA4,723790.0,Amp5,5.24
X-1934,HIST2H2AA4,723790.0,Amp5,5.24
X-1934,HIST2H2AB,317772.0,Amp5,5.24
X-1934,HIST2H2AC,8338.0,Amp5,5.24
X-1934,HIST2H2BC,337873.0,Amp5,5.24
X-1934,HIST2H2BE,8349.0,Amp5,5.24
X-1934,HIST2H2BF,440689.0,Amp5,5.24
X-1934,HIST2H3A,333932.0,Amp5,5.24
X-1934,HIST2H3A,333932.0,Amp5,5.24
X-1934,HIST2H3D,653604.0,Amp5,5.24
X-1934,HIST2H4A,8370.0,Amp5,5.24
X-1934,HIST2H4A,8370.0,Amp5,5.24
X-1934,HIST2H4B,554313.0,Amp5,5.24
X-1934,HIST2H4B,554313.0,Amp5,5.24
X-1934,HLA-DQB1,3119.0,MutNovel,"R87P,0.350"
X-1934,HLA-DQB1,3119.0,MutNovel,"Q85L,0.438"
X-1934,HLA-DRB1,3123.0,MutNovel,"S208N,0.264"
X-1934,HLA-F,3134.0,MutNovel,"E110K,0.364"
X-1934,HLA-F,3134.0,MutNovel,"I215V,0.529"
X-1934,HNF4G,3174.0,Amp5,5.98
X-1934,HOOK3,84376.0,MutNovel,"T31N,1.000"
X-1934,HORMAD1,84072.0,Amp5,5.24
X-1934,HOXB1,3211.0,Amp5,5.31
X-1934,HOXB13,10481.0,Amp5,5.31
X-1934,HOXB2,3212.0,Amp5,5.31
X-1934,HOXB3,3213.0,Amp5,5.31
X-1934,HOXB4,3214.0,Amp5,5.31
X-1934,HOXB5,3215.0,Amp5,5.31
X-1934,HOXB6,3216.0,Amp5,5.31
X-1934,HOXB7,3217.0,Amp5,5.31
X-1934,HOXB8,3218.0,Amp5,5.31
X-1934,HOXB9,3219.0,Amp5,5.31
X-1934,HPS3,84343.0,MutNovel,"Q53R,0.786"
X-1934,HPS5,11234.0,MutNovel,"N819K,0.281"
X-1934,HRCT1,646962.0,MutNovel,"LH100L,0.857"
X-1934,HRNR,388697.0,Amp5,5.24
X-1934,HSPBP1,23640.0,MutNovel,"A158S,0.756"
X-1934,HTRA2,27429.0,MutNovel,"P33T,0.373"
X-1934,IFI16,3428.0,Amp5,6.15
X-1934,IFNA1,3439.0,Del0.8,0.15
X-1934,IFNA10,3446.0,Del0.8,0.34
X-1934,IFNA13,3447.0,Del0.8,0.32
X-1934,IFNA14,3448.0,Del0.8,0.34
X-1934,IFNA16,3449.0,Del0.8,0.34
X-1934,IFNA17,3451.0,Del0.8,0.34
X-1934,IFNA2,3440.0,Del0.8,0.32
X-1934,IFNA21,3452.0,Del0.8,0.31
X-1934,IFNA22P,3453.0,Del0.8,0.13
X-1934,IFNA4,3441.0,Del0.8,0.13
X-1934,IFNA6,3443.0,Del0.8,0.32
X-1934,IFNA7,3444.0,Del0.8,0.34
X-1934,IFNA8,3445.0,Del0.8,0.32
X-1934,IFNB1,3456.0,Del0.8,0.25
X-1934,IFNW1,3467.0,Del0.8,0.31
X-1934,IGF2BP1,10642.0,Amp5,5.31
X-1934,IGSF8,93185.0,Amp5,6.92
X-1934,IGSF9,57549.0,Amp5,6.92
X-1934,IKBKAP,8518.0,MutNovel,"H1159Y,1.000"
X-1934,IL6R,3570.0,Amp5,6.68
X-1934,ILF2,3608.0,Amp5,6.68
X-1934,INTS3,65123.0,Amp5,6.68
X-1934,IPO4,79711.0,MutNovel,"S737L,0.383"
X-1934,IRS1,3667.0,MutNovel,"Y800H,0.648"
X-1934,ITGA10,8515.0,Amp5,6.45
X-1934,ITGA2B,3674.0,Amp5,6.28
X-1934,ITGA7,3679.0,MutNovel,"H142Y,0.667"
X-1934,ITGB6,3694.0,MutNovel,"A415S,1.000"
X-1934,ITLN1,55600.0,Amp5,6.92
X-1934,ITLN2,142683.0,Amp5,6.92
X-1934,JAG1,182.0,MutNovel,"V45L,1.000"
X-1934,JTB,10899.0,Amp5,6.68
X-1934,KAL1,3730.0,Del0.8,0.3
X-1934,KANK1,23189.0,Del0.8,0.28
X-1934,KAT2A,2648.0,MutNovel,"K124E,0.217"
X-1934,KAT2B,8850.0,MutNovel,"K112E,0.273"
X-1934,KCNJ10,3766.0,Amp5,6.92
X-1934,KCNJ9,3765.0,Amp5,6.92
X-1934,KCNN3,3782.0,Amp5,5.54
X-1934,KCNV2,169522.0,Del0.8,0.33
X-1934,KIAA0020,9933.0,Del0.8,0.33
X-1934,KIAA0125,9834.0,Amp5,5.5
X-1934,KIAA0284,283638.0,MutNovel,"R1198P,0.344"
X-1934,KIAA1467,57613.0,MutNovel,"I622M,1.000"
X-1934,KIF13B,23303.0,MutNovel,"R960W,0.429"
X-1934,KIF27,55582.0,MutNovel,"E769G,1.000"
X-1934,KIF2B,84643.0,Amp8,10.93
X-1934,KIRREL,55243.0,Amp5,5.58
X-1934,KITLG,4254.0,MutNovel,"T54A,0.388"
X-1934,KLHDC2,23588.0,MutNovel,"Y153H,0.679"
X-1934,KLHDC9,126823.0,Amp5,6.92
X-1934,KLHL9,55958.0,Del0.8,0.32
X-1934,KRI1,65095.0,MutNovel,"V592G,0.393"
X-1934,KRT17,3872.0,MutNovel,"A124G,0.214"
X-1934,KTN1,3895.0,MutNovel,"N867S,0.629"
X-1934,LBR,3930.0,MutNovel,"A510T,0.509"
X-1934,LCE1B,353132.0,Amp5,6.63
X-1934,LCE1C,353133.0,Amp5,6.63
X-1934,LCE1D,353134.0,Amp5,6.63
X-1934,LCE1E,353135.0,Amp5,6.63
X-1934,LCE1F,353137.0,Amp5,6.63
X-1934,LCE3A,353142.0,Amp5,5.98
X-1934,LCE3B,353143.0,Del0.8,0.42
X-1934,LCE3C,353144.0,Del0.8,0.42
X-1934,LCE3D,84648.0,Amp5,5.24
X-1934,LCE3E,353145.0,Amp5,5.24
X-1934,LCE5A,254910.0,Amp5,5.24
X-1934,LELP1,149018.0,Amp8,9.71
X-1934,LIMD2,80774.0,MutNovel,"V54G,0.571"
X-1934,LINGO4,339398.0,Amp5,5.24
X-1934,LIX1L,128077.0,Amp5,6.45
X-1934,LOC100131825,100131825.0,Amp5,6.92
X-1934,LOC100132111,100132111.0,Amp5,5.24
X-1934,LOC100288332,,MutNovel,"L290F,0.636"
X-1934,LOC100505633,100505633.0,Amp5,6.92
X-1934,LOC100996575,,MutNovel,"Q67K,0.214"
X-1934,LOC388692,388692.0,Amp5,5.24
X-1934,LOC389906,389906.0,Del0.8,0.25
X-1934,LOC439994,439994.0,Del0.8,0.56
X-1934,LOC646268,646268.0,Amp5,6.77
X-1934,LOC727677,727677.0,Amp8,45.89
X-1934,LOC728855,728855.0,Amp5,5.24
X-1934,LOC728989,728989.0,Amp5,6.45
X-1934,LOR,4014.0,Amp8,9.71
X-1934,LRRC47,57470.0,MutNovel,"E216K,0.657"
X-1934,LSM12,124801.0,Amp8,8.06
X-1934,LY9,4063.0,Amp5,6.92
X-1934,LYSMD1,388695.0,Amp5,5.24
X-1934,MACF1,23499.0,MutNovel,"N2198Y,0.375"
X-1934,MAFF,23764.0,MutNovel,"C163S,1.000"
X-1934,MAGI1,9223.0,MutNovel,"A278S,1.000"
X-1934,MAP2,4133.0,MutNovel,"H1627R,0.333"
X-1934,MAP3K4,4216.0,MutNovel,"EPP24E,0.417"
X-1934,MAP7D1,55700.0,MutNovel,"S457F,0.644"
X-1934,MAPK8IP3,23162.0,MutNovel,"E482K,0.646"
X-1934,MAT2B,27430.0,MutNovel,"V20G,0.417"
X-1934,MCL1,4170.0,Amp5,5.24
X-1934,MCM3,4172.0,MutNovel,"R490H,0.478"
X-1934,MCM3AP,8888.0,MutNovel,"S556I,0.309"
X-1934,MCM6,4175.0,MutNovel,"K611R,0.696"
X-1934,MDM1,56890.0,MutKnownFunctional,"-17,0.357"
X-1934,ME1,4199.0,MutNovel,"EG320G,0.404"
X-1934,MEN1,4221.0,MutNovel,"R171Q,0.510"
X-1934,MIDN,90007.0,MutNovel,"R57L,1.000"
X-1934,MINK1,50488.0,MutNovel,"S341C,1.000"
X-1934,MIR10A,406902.0,Amp5,5.31
X-1934,MIR1204,100302185.0,Amp8,45.89
X-1934,MIR1205,100302161.0,Amp8,42.22
X-1934,MIR1206,100302170.0,Amp8,42.22
X-1934,MIR1207,100302175.0,Amp8,42.22
X-1934,MIR1208,100302281.0,Amp8,42.22
X-1934,MIR190B,100126346.0,Amp5,6.68
X-1934,MIR196A1,406972.0,Amp5,5.31
X-1934,MIR31,407035.0,Del0.8,0.66
X-1934,MIR3185,100422978.0,Amp5,5.31
X-1934,MIR31HG,554202.0,Del0.8,0.35
X-1934,MIR4257,100422997.0,Amp5,5.24
X-1934,MIR4473,100616229.0,Del0.8,0.6
X-1934,MIR4474,100616441.0,Del0.8,0.26
X-1934,MIR4767,100616467.0,Del0.8,0.23
X-1934,MIR4770,100616373.0,Del0.8,0.1
X-1934,MIR491,574444.0,Del0.8,0.26
X-1934,MIR554,693139.0,Amp5,5.24
X-1934,MIR651,723779.0,Del0.8,0.21
X-1934,MLL2,8085.0,MutNovel,"S609F,0.417"
X-1934,MLL4,9757.0,MutNovel,"A449S,0.857"
X-1934,MLL5,55904.0,MutNovel,"P1747A,0.977"
X-1934,MLLT11,10962.0,Amp5,5.24
X-1934,MLLT3,4300.0,Del0.8,0.36
X-1934,MMP15,4324.0,MutNovel,"R165H,0.400"
X-1934,MNDA,4332.0,Amp5,5.43
X-1934,MNT,4335.0,MutNovel,"N160S,0.962"
X-1934,MPDZ,8777.0,Del0.8,0.3
X-1934,MPZ,4359.0,Amp5,6.92
X-1934,MPZL2,10205.0,MutNovel,"V146A,0.577"
X-1934,MRPL9,65005.0,Amp5,5.24
X-1934,MRPS21,54460.0,Amp5,5.24
X-1934,MRPS28,28957.0,Amp8,9.65
X-1934,MSH6,2956.0,MutKnownFunctional,"-1356L?,0.584"
X-1934,MTAP,4507.0,Del0.8,0.3
X-1934,MTMR11,10903.0,MutKnownFunctional,"Y500*,0.273"
X-1934,MTMR11,10903.0,Amp5,5.24
X-1934,MTOR,2475.0,MutNovel,"G1822V,0.629"
X-1934,MTOR,2475.0,MutNovel,"R62H,0.700"
X-1934,MTX1,4580.0,MutNovel,"E412G,0.323"
X-1934,MUC1,4582.0,MutNovel,"V69I,0.889"
X-1934,MX1,4599.0,MutNovel,"V187G,0.632"
X-1934,MXRA5,25878.0,Del0.8,0.3
X-1934,MYC,4609.0,Amp8,45.89
X-1934,MYLK,4638.0,MutNovel,"R1743K,0.586"
X-1934,MYO10,4651.0,MutNovel,"R959Q,0.577"
X-1934,NBPF10,100132406.0,MutNovel,"I1165F,0.377"
X-1934,NBPF10,100132406.0,Amp5,6.45
X-1934,NBPF11,200030.0,Amp5,5.62
X-1934,NBPF9,400818.0,MutNovel,"R97G,0.300"
X-1934,NBPF9,400818.0,MutNovel,"Q184R,1.000"
X-1934,NBPF9,400818.0,MutNovel,"L638V,0.429"
X-1934,NCL,4691.0,MutNovel,"EDD259D,0.367"
X-1934,NCOA1,8648.0,MutNovel,"A839V,0.250"
X-1934,NCOR2,9612.0,MutNovel,"G1839GAAA,0.375"
X-1934,NCSTN,23385.0,Amp5,6.92
X-1934,NDUFS2,4720.0,Amp5,6.92
X-1934,NDUFS6,4726.0,MutNovel,"F119L,0.383"
X-1934,NES,10763.0,MutNovel,"R381C,0.865"
X-1934,NEURL4,84461.0,MutNovel,"M983R,0.294"
X-1934,NF2,4771.0,MutKnownFunctional,"Q111*,1.000"
X-1934,NFATC2,4773.0,MutNovel,"R522T,0.407"
X-1934,NFKBIL1,4795.0,MutKnownFunctional,"S202*,0.224"
X-1934,NHLH1,4807.0,Amp5,6.92
X-1934,NINL,22981.0,MutNovel,"G864V,0.667"
X-1934,NIT1,4817.0,Amp5,6.92
X-1934,NKD2,85409.0,MutNovel,"HHH439-,0.500"
X-1934,NLGN4X,57502.0,Del0.8,0.28
X-1934,NLRX1,79671.0,MutNovel,"R187Q,0.462"
X-1934,NOMO2,283820.0,MutNovel,"D490N,0.833"
X-1934,NOTCH2NL,388677.0,Amp5,6.45
X-1934,NPR1,4881.0,Amp5,6.68
X-1934,NR1I3,9970.0,Amp5,6.92
X-1934,NUDT17,200035.0,Amp5,6.45
X-1934,NUDT21,11051.0,MutNovel,"P14A,0.441"
X-1934,NUMA1,4926.0,MutNovel,"R983Q,0.500"
X-1934,NUP210L,91181.0,Amp5,6.68
X-1934,NUP43,348995.0,MutNovel,"T310A,0.357"
X-1934,OAZ3,51686.0,Amp5,5.24
X-1934,OPLAH,26873.0,MutNovel,"D271N,0.230"
X-1934,OR10J1,26476.0,Amp5,6.92
X-1934,OR10J3,441911.0,Amp5,6.92
X-1934,OR10J5,127385.0,Amp5,6.92
X-1934,OR2A7,401427.0,MutNovel,"G19V,0.375"
X-1934,OR4C6,219432.0,Del0.8,0.43
X-1934,OR4P4,81300.0,Del0.8,0.43
X-1934,OR4S2,219431.0,Del0.8,0.43
X-1934,OR6K3,391114.0,Amp5,5.43
X-1934,OR6K6,128371.0,Amp5,5.43
X-1934,OR6N1,128372.0,Amp5,5.43
X-1934,OR6N2,81442.0,Amp5,5.43
X-1934,ORAI1,84876.0,MutNovel,"PP43-,0.880"
X-1934,OSGEP,55644.0,MutNovel,"K198R,0.657"
X-1934,OSMR,9180.0,MutNovel,"G83E,0.645"
X-1934,OTUD7B,56957.0,Amp5,5.24
X-1934,P4HA2,8974.0,MutNovel,"L80V,0.986"
X-1934,PABPC4L,132430.0,MutNovel,"V293L,0.263"
X-1934,PAG1,55824.0,Amp5,6.92
X-1934,PARD3B,117583.0,MutNovel,"S611C,0.750"
X-1934,PARP14,54625.0,MutNovel,"E425Q,0.524"
X-1934,PAX9,5083.0,MutNovel,"G266C,0.368"
X-1934,PCDHB13,56123.0,MutNovel,"V163I,0.385"
X-1934,PCDHB13,56123.0,MutNovel,"G259C,1.000"
X-1934,PCDHB15,56121.0,MutNovel,"Y670S,0.333"
X-1934,PCDHB6,56130.0,MutNovel,"V639G,0.889"
X-1934,PCDHGB5,56101.0,MutNovel,"D335N,1.000"
X-1934,PCP4L1,654790.0,Amp5,6.92
X-1934,PCYOX1,51449.0,MutNovel,"I362L,0.365"
X-1934,PDHB,5162.0,MutNovel,"L250S,0.996"
X-1934,PDXP,57026.0,MutNovel,"A48G,1.000"
X-1934,PDZK1,5174.0,Amp5,6.45
X-1934,PDZK1P1,728939.0,Amp5,5.62
X-1934,PEA15,8682.0,Amp5,6.92
X-1934,PELP1,27043.0,MutNovel,"T854M,1.000"
X-1934,PER2,8864.0,MutNovel,"P1088L,0.316"
X-1934,PEX11B,8799.0,Amp5,6.45
X-1934,PEX19,5824.0,Amp5,6.92
X-1934,PEX2,5828.0,Amp5,5.58
X-1934,PFDN2,5202.0,Amp5,6.92
X-1934,PFKFB2,5208.0,MutNovel,"R286G,0.364"
X-1934,PGAM4,441531.0,MutNovel,"V63A,1.000"
X-1934,PGBD5,79605.0,MutNovel,"R369W,0.667"
X-1934,PGLYRP3,114771.0,Amp8,9.71
X-1934,PGLYRP4,57115.0,Amp5,6.68
X-1934,PHF2,5253.0,MutNovel,"P988S,0.500"
X-1934,PHLDA1,22822.0,MutNovel,"QQ194Q,0.321"
X-1934,PI4KB,5298.0,Amp5,5.24
X-1934,PIAS3,10401.0,Amp5,6.45
X-1934,PIDD,55367.0,MutNovel,"W447R,0.718"
X-1934,PIEZO1,9780.0,MutNovel,"G1908A,0.768"
X-1934,PIEZO1,9780.0,MutNovel,"E1582K,0.718"
X-1934,PIEZO2,63895.0,MutNovel,"G216C,0.698"
X-1934,PIGM,93183.0,Amp5,6.92
X-1934,PIP5K1A,8394.0,Amp5,5.24
X-1934,PKMYT1,9088.0,MutNovel,"E298K,0.649"
X-1934,PLEC,5339.0,MutNovel,"E1557D,0.217"
X-1934,PLEKHO1,51177.0,Amp5,5.24
X-1934,PNPLA4,8228.0,Del0.8,0.25
X-1934,POGZ,23126.0,Amp5,5.24
X-1934,POLR3C,10623.0,Amp5,6.45
X-1934,POLR3GL,84265.0,Amp5,6.45
X-1934,POM121C,100101267.0,MutNovel,"T882A,1.000"
X-1934,POP5,51367.0,MutNovel,"R93H,0.332"
X-1934,POU5F1,5460.0,MutNovel,"E238Q,1.000"
X-1934,POU5F1B,5462.0,Amp8,45.89
X-1934,PPAPDC1B,84513.0,MutNovel,"W160R,0.729"
X-1934,PPHLN1,51535.0,MutKnownFunctional,"Y27*,0.276"
X-1934,PPIAL4B,653505.0,Amp5,5.24
X-1934,PPIAL4C,653598.0,Amp5,5.24
X-1934,PPOX,5498.0,Amp5,6.92
X-1934,PPP1R35,221908.0,MutNovel,"R191P,0.526"
X-1934,PRAC,84366.0,Amp5,5.31
X-1934,PREP,5550.0,MutNovel,"V612F,0.259"
X-1934,PREP,5550.0,MutNovel,"S197G,0.481"
X-1934,PRKX,5613.0,Del0.8,0.28
X-1934,PRPF3,9129.0,Amp5,5.24
X-1934,PRPS1,5631.0,MutNovel,"S10R,0.347"
X-1934,PRR12,57479.0,MutNovel,"R410C,0.583"
X-1934,PRR9,574414.0,Amp8,9.71
X-1934,PRUNE,58497.0,Amp5,5.24
X-1934,PRUNE2,158471.0,MutNovel,"P791Q,1.000"
X-1934,PRX,57716.0,MutNovel,"E457K,0.767"
X-1934,PSD3,23362.0,MutNovel,"S289F,1.000"
X-1934,PSMB4,5692.0,Amp5,5.24
X-1934,PSMD4,5710.0,Amp5,5.24
X-1934,PTPLAD2,401494.0,Del0.8,0.25
X-1934,PTPRB,5787.0,MutNovel,"E2069D,0.760"
X-1934,PVRL4,81607.0,Amp5,6.92
X-1934,PVT1,5820.0,Amp8,16
X-1934,PXK,54899.0,MutNovel,"L391S,1.000"
X-1934,PYHIN1,149628.0,Amp5,5.43
X-1934,PYROXD2,84795.0,MutNovel,"R534C,1.000"
X-1934,PYROXD2,84795.0,MutNovel,"A13V,1.000"
X-1934,QSER1,79832.0,MutNovel,"T811S,0.629"
X-1934,RAB13,5872.0,Amp5,6.68
X-1934,RABGAP1L,9910.0,MutNovel,"SL72S,0.500"
X-1934,RBM8A,9939.0,Amp5,6.45
X-1934,RECK,8434.0,MutNovel,"R427W,1.000"
X-1934,RFX3,5991.0,Del0.8,0.23
X-1934,RFX5,5993.0,Amp5,5.24
X-1934,RGPD4,285190.0,MutNovel,"P991L,1.000"
X-1934,RHBDD3,25807.0,MutNovel,"R351L,0.968"
X-1934,RHOBTB3,22836.0,MutNovel,"H508R,0.991"
X-1934,RIC8B,55188.0,MutNovel,"I50L,0.294"
X-1934,RIF1,55183.0,MutNovel,"N1808S,0.409"
X-1934,RIIAD1,284485.0,Amp5,5.24
X-1934,RNF115,27246.0,Amp5,6.45
X-1934,RNF20,56254.0,MutNovel,"I48S,1.000"
X-1934,RORC,6097.0,Amp5,5.24
X-1934,RPGR,6103.0,MutNovel,"V490L,1.000"
X-1934,RPL37,6167.0,MutNovel,"A53D,0.317"
X-1934,RPRD2,23248.0,Amp5,5.24
X-1934,RPS27,6232.0,Amp5,6.68
X-1934,RPTN,126638.0,Amp5,5.24
X-1934,S100A1,6271.0,Amp5,6.68
X-1934,S100A10,6281.0,Amp5,5.24
X-1934,S100A11,6282.0,Amp5,5.24
X-1934,S100A12,6283.0,Amp5,6.68
X-1934,S100A13,6284.0,Amp5,6.68
X-1934,S100A14,57402.0,Amp5,6.68
X-1934,S100A16,140576.0,Amp5,6.68
X-1934,S100A2,6273.0,Amp5,6.68
X-1934,S100A3,6274.0,Amp5,6.68
X-1934,S100A4,6275.0,Amp5,6.68
X-1934,S100A5,6276.0,Amp5,6.68
X-1934,S100A6,6277.0,Amp5,6.68
X-1934,S100A7,6278.0,Amp5,6.68
X-1934,S100A7A,338324.0,Amp5,6.68
X-1934,S100A7L2,645922.0,Amp5,6.68
X-1934,S100A8,6279.0,Amp5,6.68
X-1934,S100A9,6280.0,Amp5,6.68
X-1934,SCNM1,79005.0,Amp5,5.24
X-1934,SCRIB,23513.0,MutNovel,"G667D,0.845"
X-1934,SDHC,6391.0,Amp5,6.92
X-1934,SEC22B,9554.0,Amp5,5.46
X-1934,SELENBP1,8991.0,Amp5,5.24
X-1934,SEMA4B,10509.0,MutNovel,"A13P,0.444"
X-1934,SEMA6C,10500.0,Amp5,5.24
X-1934,SERPINB8,5271.0,MutNovel,"R270T,0.633"
X-1934,SETD3,84193.0,MutNovel,"P80H,0.587"
X-1934,SETD6,79918.0,MutNovel,"H466R,0.367"
X-1934,SETDB1,9869.0,Amp5,5.24
X-1934,SF3B4,10262.0,Amp5,5.24
X-1934,SFMBT2,57713.0,MutNovel,"R107H,1.000"
X-1934,SGK494,124923.0,MutNovel,"L327V,1.000"
X-1934,SHANK3,85358.0,MutNovel,"G1470D,1.000"
X-1934,SHE,126669.0,Amp5,6.68
X-1934,SHMT1,6470.0,MutNovel,"V46I,1.000"
X-1934,SIPA1L3,23094.0,MutNovel,"H1594D,0.333"
X-1934,SLAMF1,6504.0,Amp5,6.92
X-1934,SLAMF6,114836.0,Amp5,6.92
X-1934,SLAMF7,57823.0,Amp5,6.92
X-1934,SLAMF8,56833.0,Amp5,6.92
X-1934,SLAMF9,89886.0,Amp5,6.92
X-1934,SLC16A14,151473.0,MutNovel,"G31R,0.553"
X-1934,SLC25A22,79751.0,MutNovel,"S237G,0.306"
X-1934,SLC25A37,51312.0,Del0.8,0.69
X-1934,SLC25A39,51629.0,Amp5,6.28
X-1934,SLC27A3,11000.0,Amp5,6.68
X-1934,SLC30A5,64924.0,MutNovel,"R329W,1.000"
X-1934,SLC39A1,27173.0,Amp5,6.68
X-1934,SLC4A4,8671.0,MutNovel,"D418Y,1.000"
X-1934,SLC52A3,,MutNovel,"L347F,1.000"
X-1934,SLC6A15,55117.0,MutNovel,"S165G,0.476"
X-1934,SLC6A6,6533.0,MutNovel,"E429K,1.000"
X-1934,SMARCA2,6595.0,Del0.8,0.5
X-1934,SMURF2,64750.0,MutNovel,"R15H,0.444"
X-1934,SNAPIN,23557.0,Amp5,6.68
X-1934,SNED1,25992.0,MutNovel,"I754G,0.400"
X-1934,SNF8,11267.0,Amp5,5.31
X-1934,SNX27,81609.0,Amp5,5.24
X-1934,SOGA1,,MutNovel,"N1133H,0.464"
X-1934,SOGA1,,MutNovel,"I270V,0.600"
X-1934,SON,6651.0,MutNovel,"M771V,0.605"
X-1934,SPAG11A,653423.0,Del0.8,0.76
X-1934,SPAG11B,10407.0,Del0.8,0.76
X-1934,SPAG11B,10407.0,Del0.8,0.76
X-1934,SPATA13,221178.0,MutNovel,"A106T,1.000"
X-1934,SPG11,80208.0,MutNovel,"L2095S,0.720"
X-1934,SPG21,51324.0,MutNovel,"D285N,0.338"
X-1934,SPNS2,124976.0,MutNovel,"A408S,1.000"
X-1934,SPRR2G,6706.0,Amp8,9.71
X-1934,SPTAN1,6709.0,MutKnownFunctional,"E477*,1.000"
X-1934,SRCAP,10847.0,MutNovel,"P2951A,0.340"
X-1934,STAG1,10274.0,MutNovel,"R564I,0.500"
X-1934,STAG1,10274.0,MutKnownFunctional,"R140*,0.375"
X-1934,STAT6,6778.0,MutNovel,"A47T,0.443"
X-1934,STK11,6794.0,Del0.8,0.6
X-1934,STMN2,11075.0,Amp8,12.64
X-1934,STS,412.0,Del0.8,0.27
X-1934,STX18,53407.0,MutNovel,"R54H,0.646"
X-1934,SUGP1,57794.0,MutNovel,"Q58L,1.000"
X-1934,SULT1A2,6799.0,MutNovel,"G212R,0.500"
X-1934,SULT1A2,6799.0,MutNovel,"K201E,0.667"
X-1934,SULT1A4,445329.0,MutNovel,"K201E,1.000"
X-1934,SUMO1P3,474338.0,Amp5,6.92
X-1934,SUPT6H,6830.0,MutNovel,"G881A,0.990"
X-1934,SURF2,6835.0,MutNovel,"H15Y,1.000"
X-1934,SV2A,9900.0,Amp5,5.24
X-1934,TAGLN2,8407.0,Amp5,6.92
X-1934,TARS2,80222.0,Amp5,5.24
X-1934,TBC1D2B,23102.0,MutNovel,"A4S,1.000"
X-1934,TBC1D3B,414059.0,Amp5,5.82
X-1934,TBX4,9496.0,MutNovel,"D374H,1.000"
X-1934,TCF19,6941.0,MutNovel,"R252G,0.443"
X-1934,TCF25,22980.0,MutNovel,"G533R,0.348"
X-1934,TCHH,7062.0,Amp5,5.24
X-1934,TCHHL1,126637.0,Amp5,5.24
X-1934,TDRD10,126668.0,Amp5,6.68
X-1934,TDRKH,11022.0,Amp5,5.24
X-1934,TFDP1,7027.0,MutNovel,"A306P,0.994"
X-1934,TGFBI,7045.0,MutNovel,"H438Y,0.973"
X-1934,THEM4,117145.0,Amp5,5.24
X-1934,THEM5,284486.0,Amp5,5.24
X-1934,THRAP3,9967.0,MutNovel,"N854S,0.658"
X-1934,TIGD1,200765.0,MutKnownFunctional,"L399*,0.400"
X-1934,TIMM44,10469.0,MutNovel,"R314Q,0.995"
X-1934,TMOD4,29765.0,Amp5,5.24
X-1934,TMPRSS3,64699.0,MutNovel,"G402W,0.400"
X-1934,TNFAIP8L2,79626.0,Amp5,5.24
X-1934,TNFAIP8L2-SCNM1,100534012.0,Amp5,5.24
X-1934,TNFRSF10A,8797.0,MutNovel,"L165F,1.000"
X-1934,TNFRSF21,27242.0,MutNovel,"R55H,0.471"
X-1934,TNS4,84951.0,MutKnownFunctional,"K660*,0.989"
X-1934,TOMM40L,84134.0,Amp5,6.92
X-1934,TP53,7157.0,MutNovel,"R158P,1.000"
X-1934,TPD52,7163.0,Amp8,9.65
X-1934,TPM3,7170.0,Amp5,6.68
X-1934,TRAM1L1,133022.0,MutNovel,"I200V,0.571"
X-1934,TRIB1,10221.0,MutNovel,"R107L,0.636"
X-1934,TRIM16L,147166.0,MutNovel,"P339A,1.000"
X-1934,TRIM49,57093.0,Del0.8,0.77
X-1934,TRIP11,9321.0,MutNovel,"E1387K,0.650"
X-1934,TRIP4,9325.0,MutNovel,"T395TGA,0.421"
X-1934,TSPYL1,7259.0,MutNovel,"V176VW,0.841"
X-1934,TSTD1,100131187.0,Amp5,6.92
X-1934,TTC17,55761.0,MutNovel,"A1045S,0.271"
X-1934,TTI1,9675.0,MutNovel,"V3G,0.312"
X-1934,TTLL6,284076.0,Amp5,5.31
X-1934,TUFT1,7286.0,Amp5,5.24
X-1934,TXNIP,10628.0,Amp5,6.45
X-1934,TYRP1,7306.0,Del0.8,0.34
X-1934,U2AF2,11338.0,MutNovel,"L11V,0.245"
X-1934,UBA5,79876.0,MutNovel,"M57V,0.327"
X-1934,UBAP2L,9898.0,Amp5,6.68
X-1934,UBE2C,11065.0,MutNovel,"N158K,0.371"
X-1934,UBE2Q1,55585.0,Amp5,6.68
X-1934,UBE2Z,65264.0,Amp5,5.31
X-1934,UBE3A,7337.0,MutNovel,"S100L,0.236"
X-1934,UBL7,84993.0,MutNovel,"L46H,0.665"
X-1934,UBXN2A,165324.0,MutNovel,"D83N,0.758"
X-1934,UFC1,51506.0,Amp5,6.92
X-1934,UGT2B28,54490.0,Amp5,6.68
X-1934,UNC13B,10497.0,MutNovel,"E980Q,0.857"
X-1934,UQCC,55245.0,MutNovel,"R253K,0.658"
X-1934,URB2,9816.0,MutKnownFunctional,"E318*,0.261"
X-1934,USF1,7391.0,Amp5,6.92
X-1934,USP21,27005.0,Amp5,6.92
X-1934,USP44,84101.0,MutNovel,"Q539R,0.667"
X-1934,UTY,7404.0,MutKnownFunctional,"LA916*H,0.429"
X-1934,UTY,7404.0,MutNovel,"PL915EI,0.429"
X-1934,UTY,7404.0,MutNovel,"DL913EA,0.429"
X-1934,UTY,7404.0,MutNovel,"VD912DC,0.429"
X-1934,UTY,7404.0,MutNovel,"KV911IL,0.429"
X-1934,UTY,7404.0,MutNovel,"QS907PF,0.429"
X-1934,UTY,7404.0,MutNovel,"SQ906NK,0.333"
X-1934,UTY,7404.0,MutNovel,"K905R,0.333"
X-1934,UTY,7404.0,MutNovel,"G904Q,0.333"
X-1934,UTY,7404.0,MutNovel,"GL902HL,0.444"
X-1934,UTY,7404.0,MutNovel,"E901S,0.455"
X-1934,UTY,7404.0,MutNovel,"NG899IL,0.455"
X-1934,UTY,7404.0,MutNovel,"VN898DH,0.455"
X-1934,UTY,7404.0,MutNovel,"T897F,0.385"
X-1934,UTY,7404.0,MutNovel,"H896L,0.333"
X-1934,UTY,7404.0,MutNovel,"HS892PF,0.333"
X-1934,UTY,7404.0,MutNovel,"S890N,0.333"
X-1934,UTY,7404.0,MutNovel,"SL887RY,0.300"
X-1934,UTY,7404.0,MutNovel,"NS883KP,0.333"
X-1934,UTY,7404.0,MutNovel,"IN882NS,0.333"
X-1934,UTY,7404.0,MutKnownFunctional,"SI881*L,0.333"
X-1934,UTY,7404.0,MutNovel,"QR879RE,0.375"
X-1934,UTY,7404.0,MutNovel,"Q879K,0.333"
X-1934,UTY,7404.0,MutNovel,"ST876LC,0.333"
X-1934,UTY,7404.0,MutNovel,"KS875SP,0.333"
X-1934,UTY,7404.0,MutNovel,"SP873YC,0.333"
X-1934,UTY,7404.0,MutKnownFunctional,"AT870A*,0.286"
X-1934,UTY,7404.0,MutNovel,"H541Y,0.500"
X-1934,UTY,7404.0,MutNovel,"NP536RT,0.500"
X-1934,UTY,7404.0,MutNovel,"L535S,0.500"
X-1934,UTY,7404.0,MutNovel,"DN533LY,0.500"
X-1934,UTY,7404.0,MutNovel,"R380P,0.400"
X-1934,UTY,7404.0,MutNovel,"A376V,0.500"
X-1934,UTY,7404.0,MutNovel,"I369F,0.500"
X-1934,UTY,7404.0,MutNovel,"D367H,0.500"
X-1934,UTY,7404.0,MutNovel,"N363T,0.667"
X-1934,UTY,7404.0,MutNovel,"TL357RI,0.667"
X-1934,UTY,7404.0,MutNovel,"D354G,0.667"
X-1934,UTY,7404.0,MutKnownFunctional,"W352*,0.667"
X-1934,UTY,7404.0,MutNovel,"H348Q,0.667"
X-1934,UTY,7404.0,MutNovel,"V6R,0.667"
X-1934,VANGL2,57216.0,Amp5,6.92
X-1934,VCX,26609.0,Del0.8,0.25
X-1934,VCX2,51480.0,Del0.8,0.21
X-1934,VCX3A,51481.0,Del0.8,0.26
X-1934,VCX3B,425054.0,Del0.8,0.22
X-1934,VEGFB,7423.0,MutNovel,"R184L,0.481"
X-1934,VIMP,,MutNovel,"Y36D,0.467"
X-1934,VLDLR,7436.0,Del0.8,0.28
X-1934,VPS45,11311.0,Amp5,5.24
X-1934,VPS72,6944.0,Amp5,5.24
X-1934,VSIG8,391123.0,Amp5,6.92
X-1934,VWA5A,4013.0,MutNovel,"S162C,0.391"
X-1934,WDR59,79726.0,MutNovel,"V115M,0.662"
X-1934,WIPI2,26100.0,MutKnownFunctional,"W43*,1.000"
X-1934,XG,7499.0,Del0.8,0.48
X-1934,YBX1,4904.0,MutNovel,"A46G,0.442"
X-1934,YEATS2,55689.0,MutNovel,"L946R,0.686"
X-1934,YLPM1,56252.0,MutNovel,"S11G,1.000"
X-1934,YTHDC1,91746.0,MutNovel,"Y540C,0.826"
X-1934,ZBTB10,65986.0,Amp8,9.65
X-1934,ZDHHC24,254359.0,MutNovel,"R252H,0.492"
X-1934,ZEB2,9839.0,MutNovel,"S741P,1.000"
X-1934,ZFHX4,79776.0,Amp5,5.58
X-1934,ZNF107,51427.0,MutNovel,"S508Y,1.000"
X-1934,ZNF134,7693.0,MutNovel,"S375I,0.667"
X-1934,ZNF213,7760.0,MutNovel,"D390N,0.258"
X-1934,ZNF268,10795.0,MutNovel,"A760T,0.543"
X-1934,ZNF276,92822.0,MutNovel,"D313H,0.704"
X-1934,ZNF335,63925.0,MutNovel,"V272A,0.250"
X-1934,ZNF418,147686.0,MutNovel,"G478E,0.286"
X-1934,ZNF429,353088.0,MutNovel,"Y130C,1.000"
X-1934,ZNF445,353274.0,MutNovel,"S813C,1.000"
X-1934,ZNF570,148268.0,MutNovel,"R342S,0.722"
X-1934,ZNF598,90850.0,MutNovel,"S358I,0.923"
X-1934,ZNF622,90441.0,MutNovel,"R416Q,0.592"
X-1934,ZNF630,57232.0,MutNovel,"H425R,1.000"
X-1934,ZNF638,27332.0,MutNovel,"E1771D,0.642"
X-1934,ZNF660,285349.0,MutNovel,"E235K,1.000"
X-1934,ZNF687,57592.0,Amp5,5.24
X-1934,ZNF692,55657.0,MutNovel,"E155K,0.426"
X-1934,ZNF695,57116.0,MutNovel,"R123C,0.667"
X-1934,ZNF704,619279.0,Amp8,8.17
X-1934,ZNF749,388567.0,MutNovel,"H372Q,0.875"
X-1934,ZNF776,284309.0,MutNovel,"G326W,0.759"
X-1934,ZNF90,7643.0,MutNovel,"R436C,1.000"
X-1979,ABCA13,154664.0,MutKnownFunctional,"-132?,0.353"
X-1979,ABHD2,11057.0,MutNovel,"T417M,0.696"
X-1979,ACBD3,64746.0,Amp5,6.11
X-1979,ADAM3A,1587.0,Del0.8,0.63
X-1979,ADAM6,8755.0,Amp5,5.24
X-1979,ADCK3,56997.0,Amp5,6.11
X-1979,ADRA1D,146.0,MutNovel,"S31G,0.875"
X-1979,AFMID,125061.0,MutNovel,"A56V,0.318"
X-1979,AHNAK2,113146.0,MutKnownFunctional,"E5692*,0.640"
X-1979,AHNAK2,113146.0,MutNovel,"S2042F,0.857"
X-1979,ALCAM,214.0,MutNovel,"T219S,0.504"
X-1979,ALOX12,239.0,MutNovel,"V72G,0.400"
X-1979,ALX3,257.0,MutNovel,"P40S,1.000"
X-1979,AMT,275.0,MutNovel,"C351W,0.250"
X-1979,ANKRD36BP2,645784.0,Amp5,7.16
X-1979,ANKS1A,23294.0,MutKnownFunctional,"S30*,0.400"
X-1979,ARF1,375.0,Amp5,6.02
X-1979,ARFGEF2,10564.0,MutNovel,"V1228L,0.404"
X-1979,ARHGEF40,55701.0,MutNovel,"L1189S,0.356"
X-1979,ARHGEF7,8874.0,MutNovel,"E84G,0.625"
X-1979,ARIH1,25820.0,MutNovel,"-79G,0.538"
X-1979,ARL6IP6,151188.0,MutNovel,"R25P,0.333"
X-1979,ASCL2,430.0,MutNovel,"Q123R,1.000"
X-1979,B4GALNT4,338707.0,MutNovel,"S908G,1.000"
X-1979,BARX1,56033.0,MutNovel,"A48T,1.000"
X-1979,BCHE,590.0,MutNovel,"W499C,0.222"
X-1979,BCORP1,286554.0,Del0.8,0.42
X-1979,BIRC6,57448.0,MutNovel,"T2610S,0.741"
X-1979,BMP8B,656.0,MutNovel,"G20E,1.000"
X-1979,BPY2B,442867.0,Del0.8,0.42
X-1979,BPY2B,442867.0,Del0.8,0.42
X-1979,BRWD3,254065.0,MutNovel,"G1017R,1.000"
X-1979,BTG2,7832.0,MutNovel,"P11L,0.766"
X-1979,C15orf39,56905.0,MutNovel,"A2S,1.000"
X-1979,C1orf35,79169.0,Amp5,6.02
X-1979,C1orf95,375057.0,Amp5,6.11
X-1979,CAPRIN2,65981.0,MutNovel,"E456Q,0.526"
X-1979,CBS,875.0,MutNovel,"E283K,1.000"
X-1979,CCDC120,90060.0,MutNovel,"L445F,1.000"
X-1979,CCDC18,343099.0,MutNovel,"H1030Y,0.769"
X-1979,CCDC8,83987.0,MutNovel,"R492L,1.000"
X-1979,CDC42EP1,11135.0,MutNovel,"PAPAANPS253P,0.871"
X-1979,CDY1B,253175.0,Del0.8,0.42
X-1979,CDY1B,253175.0,Del0.8,0.42
X-1979,CDY2A,9426.0,Del0.8,0.42
X-1979,CDY2A,9426.0,Del0.8,0.42
X-1979,CDY2B,203611.0,Del0.8,0.42
X-1979,CDY2B,203611.0,Del0.8,0.42
X-1979,CDYL,9425.0,MutNovel,"R286G,1.000"
X-1979,CEP70,80321.0,MutKnownFunctional,"E186*,0.280"
X-1979,CFHR1,3078.0,Amp5,5.06
X-1979,CFHR3,10878.0,Amp5,6.32
X-1979,CHPT1,56994.0,MutNovel,"S40W,0.357"
X-1979,CHST15,51363.0,MutNovel,"M491T,0.364"
X-1979,CLASP2,23122.0,MutNovel,"V59G,0.474"
X-1979,CLIP1,6249.0,MutNovel,"M319V,0.800"
X-1979,COL6A2,1292.0,MutNovel,"F789L,0.994"
X-1979,CPED1,,MutNovel,"K236T,0.833"
X-1979,CRIPAK,285464.0,MutNovel,"V100M,0.250"
X-1979,CRIPAK,285464.0,MutNovel,"V164A,0.500"
X-1979,CSPG4P1Y,114758.0,Del0.8,0.42
X-1979,CSPG4P1Y,114758.0,Del0.8,0.42
X-1979,CXCL11,6373.0,MutNovel,"L14F,0.750"
X-1979,DAAM1,23002.0,MutNovel,"R254G,0.582"
X-1979,DAB2IP,153090.0,MutNovel,"S36I,0.917"
X-1979,DAZ1,1617.0,Del0.8,0.42
X-1979,DAZ2,57055.0,Del0.8,0.42
X-1979,DAZ3,57054.0,Del0.8,0.42
X-1979,DAZ3,57054.0,Del0.8,0.42
X-1979,DAZ4,57135.0,Del0.8,0.42
X-1979,DAZ4,57135.0,Del0.8,0.42
X-1979,DDRGK1,65992.0,MutNovel,"K132N,0.483"
X-1979,DEFA4,1669.0,Del0.8,0.32
X-1979,DENND5B,160518.0,MutNovel,"G114A,0.333"
X-1979,DHRSX,207063.0,MutNovel,"K554E,0.353"
X-1979,DNMBP,23268.0,MutNovel,"Q425L,0.375"
X-1979,DOCK2,1794.0,MutNovel,"H346L,1.000"
X-1979,DYNC1I1,1780.0,MutNovel,"G475C,0.741"
X-1979,DYNC2H1,79659.0,MutNovel,"K1508R,1.000"
X-1979,EFCAB4B,84766.0,MutNovel,"R7-,0.500"
X-1979,EHMT1,79813.0,MutNovel,"L976R,0.991"
X-1979,EIF1AY,9086.0,Del0.8,0.42
X-1979,EIF2AK4,440275.0,MutNovel,"G3W,1.000"
X-1979,ENAH,55740.0,Amp5,6.11
X-1979,EPHX1,2052.0,Amp5,6.11
X-1979,EPM2AIP1,9852.0,MutNovel,"V294I,1.000"
X-1979,EXOC5,10640.0,MutNovel,"E408D,0.703"
X-1979,FAM117B,150864.0,MutNovel,"K501M,0.692"
X-1979,FAM13B,51306.0,MutNovel,"V745L,0.333"
X-1979,FAM41AY1,340618.0,Del0.8,0.42
X-1979,FAM41AY1,340618.0,Del0.8,0.42
X-1979,FAM49A,81553.0,MutNovel,"Y190F,0.600"
X-1979,FAM59B,150946.0,MutNovel,"Q407R,1.000"
X-1979,FAM83H,286077.0,MutNovel,"P809A,0.293"
X-1979,FAM86B2,653333.0,MutNovel,"R285S,1.000"
X-1979,FAM91A1,157769.0,MutNovel,"L417Q,0.994"
X-1979,FOXI3,344167.0,MutNovel,"A245S,0.571"
X-1979,FOXO6,,MutNovel,"A57V,0.571"
X-1979,FYCO1,79443.0,MutNovel,"T381M,1.000"
X-1979,GAA,2548.0,MutNovel,"S46P,0.333"
X-1979,GAP43,2596.0,MutNovel,"I82K,0.581"
X-1979,GBAS,2631.0,MutNovel,"R154P,0.349"
X-1979,GBF1,8729.0,MutNovel,"V443G,0.396"
X-1979,GBP6,163351.0,MutNovel,"SVQ402S,0.571"
X-1979,GEMIN6,79833.0,MutNovel,"T23I,0.556"
X-1979,GGT1,2678.0,MutNovel,"A42T,0.270"
X-1979,GGT1,2678.0,MutNovel,"K52E,0.289"
X-1979,GJC2,57165.0,Amp5,6.02
X-1979,GOLGA2P2Y,84559.0,Del0.8,0.42
X-1979,GOLGA2P2Y,84559.0,Del0.8,0.42
X-1979,GRAMD3,65983.0,MutNovel,"E433G,1.000"
X-1979,GRIN3B,116444.0,MutNovel,"H117Y,1.000"
X-1979,GRK7,131890.0,MutNovel,"V196R,0.750"
X-1979,GSTT1,2952.0,Amp5,5.1
X-1979,GSTTP1,25774.0,Amp5,5.1
X-1979,GUK1,2987.0,Amp5,6.02
X-1979,H3F3A,3020.0,Amp5,6.11
X-1979,H3F3AP4,440926.0,Amp5,6.11
X-1979,HDAC4,9759.0,MutNovel,"P44A,0.333"
X-1979,HELZ,9931.0,MutNovel,"S1481R,0.411"
X-1979,HERC6,55008.0,MutKnownFunctional,"Y872*,1.000"
X-1979,HIST1H2BO,8348.0,MutKnownFunctional,"-39,1.000"
X-1979,HOXB7,3217.0,MutNovel,"Q94L,0.593"
X-1979,HSF4,3299.0,MutNovel,"R285G,0.444"
X-1979,HSFY2,159119.0,Del0.8,0.42
X-1979,HSFY2,159119.0,Del0.8,0.42
X-1979,HSPA1B,3304.0,MutNovel,"G109V,0.444"
X-1979,HSPA1B,3304.0,MutKnownFunctional,"GE109V*,0.444"
X-1979,HSPA1B,3304.0,MutNovel,"E110V,0.400"
X-1979,HYDIN,54768.0,MutNovel,"D1576N,0.667"
X-1979,IBA57,200205.0,Amp5,6.02
X-1979,IRF6,3664.0,MutKnownFunctional,"E149*,0.208"
X-1979,IRF6,3664.0,MutNovel,"Y111H,0.719"
X-1979,IRX1,79192.0,MutNovel,"R136H,0.329"
X-1979,IST1,9798.0,MutNovel,"MP236-,0.348"
X-1979,ITPKB,3707.0,Amp5,6.11
X-1979,JMJD4,65094.0,Amp5,6.02
X-1979,KCNH3,23416.0,MutNovel,"A884E,0.500"
X-1979,KCNJ15,3772.0,MutNovel,"D259Y,0.997"
X-1979,KCNV2,169522.0,MutNovel,"P445L,1.000"
X-1979,KDM4B,23030.0,MutKnownFunctional,"Y276*,0.438"
X-1979,KDM5D,8284.0,Del0.8,0.42
X-1979,KDM6B,23135.0,MutNovel,"A454P,0.778"
X-1979,KIAA0125,9834.0,Amp5,5.24
X-1979,KIAA0528,9847.0,MutNovel,"G407C,0.440"
X-1979,KIAA1217,56243.0,MutNovel,"Y982H,0.558"
X-1979,KIAA1919,91749.0,MutNovel,"L182Y,0.567"
X-1979,KIF20B,9585.0,MutNovel,"L1062LKV,0.840"
X-1979,KIF3B,9371.0,MutNovel,"R426W,0.325"
X-1979,KIR2DL4,3805.0,Amp5,6.02
X-1979,KRT4,3851.0,MutNovel,"L253M,0.939"
X-1979,KRT6C,286887.0,MutNovel,"DL248EF,0.250"
X-1979,KRT6C,286887.0,MutNovel,"A155T,0.444"
X-1979,KRT7,3855.0,MutNovel,"G259S,0.400"
X-1979,L3MBTL2,83746.0,MutNovel,"C273G,0.289"
X-1979,LAMA4,3910.0,MutNovel,"T1290I,0.423"
X-1979,LBR,3930.0,Amp5,6.11
X-1979,LEFTY1,10637.0,Amp5,6.11
X-1979,LEFTY2,7044.0,Amp5,6.11
X-1979,LGALS1,3956.0,MutNovel,"C3F,0.353"
X-1979,LGR5,8549.0,MutNovel,"S669P,0.228"
X-1979,LIN9,286826.0,Amp5,6.11
X-1979,LLGL2,3993.0,MutNovel,"T607P,0.417"
X-1979,LMBRD1,55788.0,MutNovel,"K178N,0.303"
X-1979,LMO2,4005.0,MutKnownFunctional,"E121*,0.616"
X-1979,LMTK3,114783.0,MutNovel,"E1315ARK,0.391"
X-1979,LOC100130093,100130093.0,Amp5,6.02
X-1979,LOC1720,1720.0,Amp5,5.31
X-1979,LOC285556,,MutNovel,"N788S,1.000"
X-1979,LOC391322,391322.0,Amp5,5.1
X-1979,LPHN1,22859.0,MutNovel,"T1371P,0.395"
X-1979,LPHN3,23284.0,Amp5,7.06
X-1979,LSR,51599.0,MutNovel,"D259G,0.686"
X-1979,LSR,51599.0,MutNovel,"G518GR,0.534"
X-1979,MARCKS,4082.0,MutNovel,"D233H,0.993"
X-1979,MARVELD1,83742.0,MutNovel,"A41V,0.360"
X-1979,MEPCE,56257.0,MutNovel,"P16R,0.417"
X-1979,MFGE8,4240.0,MutNovel,"N64K,0.349"
X-1979,MIR3620,100500810.0,Amp5,6.02
X-1979,MIR4436A,100616399.0,Amp5,7.16
X-1979,MIXL1,83881.0,Amp5,6.11
X-1979,MLL2,8085.0,MutNovel,"P1152L,0.929"
X-1979,MPDZ,8777.0,MutNovel,"V2035F,1.000"
X-1979,MRPL10,124995.0,MutNovel,"K41Q,0.280"
X-1979,MRPL55,128308.0,Amp5,6.02
X-1979,MUC15,143662.0,MutNovel,"I62M,1.000"
X-1979,N4BP2L2,10443.0,MutNovel,"E85D,1.000"
X-1979,NBEAL2,23218.0,MutNovel,"S1647A,0.286"
X-1979,NBPF10,100132406.0,MutNovel,"M15T,0.667"
X-1979,NBPF16,728936.0,MutNovel,"D237N,0.636"
X-1979,NCKAP5,344148.0,MutNovel,"C344F,1.000"
X-1979,NCOA3,8202.0,MutNovel,"N672S,0.547"
X-1979,NCOR2,9612.0,MutNovel,"G1839GAAA,0.214"
X-1979,NCOR2,9612.0,MutNovel,"E331G,0.745"
X-1979,NCRNA00185,55410.0,Del0.8,0.42
X-1979,NHS,4810.0,MutNovel,"T619P,1.000"
X-1979,NKRF,55922.0,MutNovel,"D140A,0.250"
X-1979,NLGN4Y,22829.0,Del0.8,0.42
X-1979,NPTXR,23467.0,MutNovel,"G405S,0.441"
X-1979,NR2F6,2063.0,MutNovel,"D97N,0.244"
X-1979,NUP133,55746.0,MutNovel,"E505D,0.263"
X-1979,OBSCN,84033.0,Amp5,6.02
X-1979,ORAI1,84876.0,MutNovel,"PP43-,0.639"
X-1979,OTUD1,220213.0,MutNovel,"S326C,0.476"
X-1979,OXA1L,5018.0,MutNovel,"S125T,0.624"
X-1979,OXER1,165140.0,MutNovel,"A326P,1.000"
X-1979,PADI1,29943.0,MutNovel,"Q617R,0.240"
X-1979,PAMR1,25891.0,MutNovel,"Y107H,0.476"
X-1979,PARD6G,84552.0,MutKnownFunctional,"-314?,0.462"
X-1979,PARP1,142.0,MutNovel,"S598G,0.910"
X-1979,PARP1,142.0,Amp5,6.11
X-1979,PGLS,25796.0,MutNovel,"A37G,0.396"
X-1979,PHLDA1,22822.0,MutNovel,"QQ194Q,0.271"
X-1979,PITRM1,10531.0,MutNovel,"G392S,0.472"
X-1979,PKD1,5310.0,MutNovel,"G1331R,0.444"
X-1979,PKD1,5310.0,MutNovel,"S1025C,0.474"
X-1979,PLEC,5339.0,MutNovel,"A1293T,0.978"
X-1979,PLEKHG2,64857.0,MutNovel,"L893P,0.803"
X-1979,PLEKHH3,79990.0,MutNovel,"D532G,0.650"
X-1979,PLEKHN1,84069.0,MutNovel,"L66P,0.391"
X-1979,PLS3,5358.0,MutNovel,"Q491E,0.651"
X-1979,POLDIP2,26073.0,MutNovel,"S30C,0.758"
X-1979,POM121,9883.0,MutNovel,"P393L,0.333"
X-1979,PPHLN1,51535.0,MutKnownFunctional,"Y27*,0.235"
X-1979,PPIL6,285755.0,MutKnownFunctional,"G156*,0.667"
X-1979,PPP1R3F,89801.0,MutNovel,"V382I,1.000"
X-1979,PPP2R3B,28227.0,MutNovel,"D331Y,0.545"
X-1979,PRSS38,339501.0,Amp5,6.02
X-1979,PRY,9081.0,Del0.8,0.42
X-1979,PRY,9081.0,Del0.8,0.42
X-1979,PRY2,442862.0,Del0.8,0.42
X-1979,PRY2,442862.0,Del0.8,0.42
X-1979,PSEN2,5664.0,Amp5,6.11
X-1979,PTPRZ1,5803.0,MutNovel,"V879M,0.393"
X-1979,PYCR2,29920.0,Amp5,6.11
X-1979,R3HDM1,23518.0,MutNovel,"Y254C,1.000"
X-1979,RAB3GAP2,25782.0,MutNovel,"N834S,0.767"
X-1979,RASA1,5921.0,MutKnownFunctional,"S767*,0.944"
X-1979,RBL1,5933.0,MutNovel,"S738A,0.600"
X-1979,RBMY1B,378948.0,Del0.8,0.42
X-1979,RBMY1B,378948.0,Del0.8,0.42
X-1979,RBMY1E,378950.0,Del0.8,0.42
X-1979,RBMY1E,378950.0,Del0.8,0.42
X-1979,RBMY1F,159163.0,Del0.8,0.42
X-1979,RBMY1F,159163.0,Del0.8,0.42
X-1979,RBMY1J,378951.0,Del0.8,0.42
X-1979,RBMY1J,378951.0,Del0.8,0.42
X-1979,RBMY2EP,159125.0,Del0.8,0.42
X-1979,RBMY2FP,159162.0,Del0.8,0.42
X-1979,RNGTT,8732.0,MutNovel,"G17C,0.833"
X-1979,RPS4Y2,140032.0,Del0.8,0.42
X-1979,RRP7A,27341.0,MutNovel,"N65S,0.530"
X-1979,RTTN,25914.0,MutNovel,"A2165P,0.533"
X-1979,SAFB2,9667.0,MutNovel,"K829R,1.000"
X-1979,SALL4,57167.0,MutNovel,"A927G,0.900"
X-1979,SART3,9733.0,MutNovel,"S852C,0.737"
X-1979,SATB2,23314.0,MutNovel,"E426D,0.875"
X-1979,SCAF11,9169.0,MutNovel,"K1015R,0.776"
X-1979,SCAMP1,9522.0,MutNovel,"D5Y,1.000"
X-1979,SCAP,22937.0,MutNovel,"M1131T,0.997"
X-1979,SDHA,6389.0,MutNovel,"G612E,0.705"
X-1979,SDK1,221935.0,MutNovel,"S58P,1.000"
X-1979,SEPP1,6414.0,MutNovel,"S46L,0.750"
X-1979,SERINC2,347735.0,MutNovel,"-373Q,0.711"
X-1979,SHROOM3,57619.0,MutNovel,"D215N,0.487"
X-1979,SLC38A10,124565.0,MutNovel,"L707P,0.366"
X-1979,SLC44A1,23446.0,MutNovel,"F93C,0.995"
X-1979,SLC6A15,55117.0,MutNovel,"V536A,0.879"
X-1979,SLFN12L,100506736.0,MutNovel,"I503L,1.000"
X-1979,SMTN,6525.0,MutNovel,"F878L,0.451"
X-1979,SNAP47,116841.0,Amp5,6.02
X-1979,SOGA1,,MutKnownFunctional,"-1323?,0.333"
X-1979,SPATA18,132671.0,MutNovel,"S227L,1.000"
X-1979,SPATS2L,26010.0,MutNovel,"S224L,0.564"
X-1979,SPEN,23013.0,MutNovel,"V973G,0.840"
X-1979,SRP9,6726.0,Amp5,6.11
X-1979,ST7L,54879.0,MutNovel,"I130L,0.204"
X-1979,SYT17,51760.0,MutNovel,"R286C,0.488"
X-1979,TACSTD2,4070.0,MutNovel,"R3P,0.575"
X-1979,TANC1,85461.0,MutNovel,"G1253S,0.841"
X-1979,TCTN2,79867.0,MutNovel,"H314Y,0.931"
X-1979,TDRD10,126668.0,MutNovel,"G258V,0.500"
X-1979,THAP9,79725.0,MutNovel,"L279M,0.667"
X-1979,TJP3,27134.0,MutNovel,"T760I,0.667"
X-1979,TMC1,117531.0,MutKnownFunctional,"E408*,1.000"
X-1979,TMEM116,89894.0,MutNovel,"W242L,0.767"
X-1979,TMEM161A,54929.0,MutNovel,"A22G,0.250"
X-1979,TMEM199,147007.0,MutNovel,"P27T,0.450"
X-1979,TMEM63A,9725.0,Amp5,6.11
X-1979,TMSB4Y,9087.0,Del0.8,0.42
X-1979,TNS1,7145.0,MutNovel,"T1107P,0.545"
X-1979,TOR1AIP2,163590.0,MutNovel,"Q14L,0.868"
X-1979,TP53,7157.0,MutLikelyFunctional,"R196P,0.998"
X-1979,TRIM49,57093.0,Del0.8,0.78
X-1979,TSPYL1,7259.0,MutNovel,"V176VW,0.877"
X-1979,TTTY10,246119.0,Del0.8,0.42
X-1979,TTTY13,83868.0,Del0.8,0.42
X-1979,TTTY14,83869.0,Del0.8,0.42
X-1979,TTTY17A,252949.0,Del0.8,0.42
X-1979,TTTY17A,252949.0,Del0.8,0.42
X-1979,TTTY3,114760.0,Del0.8,0.42
X-1979,TTTY3,114760.0,Del0.8,0.42
X-1979,TTTY4,114761.0,Del0.8,0.42
X-1979,TTTY4,114761.0,Del0.8,0.42
X-1979,TTTY5,83863.0,Del0.8,0.42
X-1979,TTTY6,84672.0,Del0.8,0.42
X-1979,TTTY6,84672.0,Del0.8,0.42
X-1979,TTTY9A,83864.0,Del0.8,0.42
X-1979,TTTY9A,83864.0,Del0.8,0.42
X-1979,TUBB8,347688.0,MutNovel,"G109V,1.000"
X-1979,TUBB8,347688.0,MutNovel,"N52H,1.000"
X-1979,TXLNG2P,246126.0,Del0.8,0.42
X-1979,UBAP2,55833.0,MutNovel,"S202C,1.000"
X-1979,UCHL5,51377.0,MutNovel,"E245D,0.855"
X-1979,ULBP2,80328.0,MutNovel,"I236V,0.914"
X-1979,UNC45A,55898.0,MutNovel,"R768Q,0.220"
X-1979,UPK3BL,,MutNovel,"G239F,0.231"
X-1979,USH1G,124590.0,MutNovel,"H198P,1.000"
X-1979,USP33,23032.0,MutNovel,"K151E,0.490"
X-1979,USP36,57602.0,MutNovel,"KKK958K,0.296"
X-1979,UTY,7404.0,Del0.8,0.42
X-1979,VCX3B,425054.0,MutNovel,"V180L,0.600"
X-1979,VCY,9084.0,Del0.8,0.42
X-1979,VCY,9084.0,Del0.8,0.42
X-1979,VSIG10L,147645.0,MutNovel,"P816S,0.500"
X-1979,WBP1,23559.0,MutNovel,"A105S,0.791"
X-1979,WDR36,134430.0,MutNovel,"D885H,0.451"
X-1979,WDR92,116143.0,MutNovel,"H267P,0.556"
X-1979,WNT3A,89780.0,Amp5,6.02
X-1979,WNT9A,7483.0,Amp5,6.02
X-1979,XKRY2,353515.0,Del0.8,0.42
X-1979,XKRY2,353515.0,Del0.8,0.42
X-1979,XRCC4,7518.0,MutKnownFunctional,"R161*,1.000"
X-1979,XRRA1,143570.0,MutNovel,"T338I,1.000"
X-1979,XXYLT1,152002.0,MutNovel,"R21P,0.432"
X-1979,ZC3H7B,23264.0,MutNovel,"R457Q,0.369"
X-1979,ZFHX4,79776.0,MutNovel,"S314R,1.000"
X-1979,ZFP36L2,678.0,MutNovel,"P425R,0.325"
X-1979,ZNF219,51222.0,MutNovel,"QPP233P,0.222"
X-1979,ZNF23,7571.0,MutKnownFunctional,"-74,0.778"
X-1979,ZNF385A,25946.0,MutNovel,"P18A,0.500"
X-1979,ZNF418,147686.0,MutNovel,"G338E,1.000"
X-1979,ZNF431,170959.0,MutNovel,"S220H,0.692"
X-1979,ZNF507,22847.0,MutNovel,"Q61R,0.214"
X-1979,ZNF678,339500.0,Amp5,6.02
X-1980,ADAM6,8755.0,Amp5,6.19
X-1980,ADCY6,112.0,MutNovel,"R31H,0.613"
X-1980,AHNAK,79026.0,MutNovel,"G4550R,0.475"
X-1980,AMELY,266.0,Del0.8,0.22
X-1980,ANGPTL1,9068.0,MutNovel,"P298T,0.867"
X-1980,ANKRD62,,MutNovel,"N547T,1.000"
X-1980,ARHGAP8,23779.0,MutNovel,"K117E,0.211"
X-1980,ARHGAP8,23779.0,MutNovel,"K117G,0.211"
X-1980,ATM,472.0,MutNovel,"Q2522P,0.688"
X-1980,ATMIN,23300.0,MutNovel,"D790H,0.388"
X-1980,ATP1A1,476.0,MutNovel,"Y542C,0.486"
X-1980,B4GALNT4,338707.0,MutNovel,"F426Y,1.000"
X-1980,BCORP1,286554.0,Del0.8,0.22
X-1980,BMP6,654.0,MutNovel,"R28Q,1.000"
X-1980,BNC2,54796.0,Del0.8,0.76
X-1980,BOD1L1,,MutNovel,"R2524H,0.792"
X-1980,BPY2B,442867.0,Del0.8,0.22
X-1980,BPY2B,442867.0,Del0.8,0.22
X-1980,BRAF,673.0,MutKnownFunctional,"V600E,0.588"
X-1980,C16orf70,80262.0,MutNovel,"E326K,0.519"
X-1980,C1orf68,100129271.0,Amp5,5.03
X-1980,C3orf38,285237.0,MutNovel,"R63H,0.509"
X-1980,C7orf59,389541.0,MutNovel,"S22R,0.490"
X-1980,C9orf53,51198.0,Del0.8,0.34
X-1980,CBWD3,445571.0,MutKnownFunctional,"E379*,1.000"
X-1980,CBX4,8535.0,MutNovel,"HHH398-,0.531"
X-1980,CCDC111,201973.0,MutNovel,"I343T,0.361"
X-1980,CDKN2A,1029.0,Del0.8,0.34
X-1980,CDKN2B,1030.0,Del0.8,0.37
X-1980,CDY1B,253175.0,Del0.8,0.22
X-1980,CDY1B,253175.0,Del0.8,0.22
X-1980,CDY2A,9426.0,Del0.8,0.22
X-1980,CDY2A,9426.0,Del0.8,0.22
X-1980,CDY2B,203611.0,Del0.8,0.22
X-1980,CDY2B,203611.0,Del0.8,0.22
X-1980,CEACAM3,1084.0,MutNovel,"G48V,0.333"
X-1980,CEACAM7,1087.0,MutNovel,"L187P,0.429"
X-1980,CEACAM7,1087.0,MutNovel,"L187P,0.909"
X-1980,CEACAM7,1087.0,MutNovel,"T172I,0.375"
X-1980,CEACAM7,1087.0,MutNovel,"T172V,0.375"
X-1980,CEACAM7,1087.0,MutNovel,"T172A,0.714"
X-1980,CEACAM8,1088.0,MutNovel,"R198M,0.500"
X-1980,CFHR1,3078.0,Amp8,9.06
X-1980,CFHR3,10878.0,Amp8,9.06
X-1980,CHD7,55636.0,MutNovel,"-684KA,0.452"
X-1980,CHEK2P2,646096.0,Amp5,5.24
X-1980,CHPF,79586.0,MutNovel,"L279P,0.524"
X-1980,CHST15,51363.0,MutKnownFunctional,"-456,0.778"
X-1980,CPSF3L,54973.0,MutNovel,"N47D,0.667"
X-1980,CREG2,200407.0,MutNovel,"P96Q,0.500"
X-1980,CRIPAK,285464.0,MutNovel,"V164A,0.400"
X-1980,CSPG4P1Y,114758.0,Del0.8,0.22
X-1980,CSPG4P1Y,114758.0,Del0.8,0.22
X-1980,CTSA,5476.0,MutNovel,"L29-,0.352"
X-1980,CXADRP2,646243.0,Amp5,5.28
X-1980,DAZ1,1617.0,Del0.8,0.22
X-1980,DAZ2,57055.0,Del0.8,0.22
X-1980,DAZ3,57054.0,Del0.8,0.22
X-1980,DAZ3,57054.0,Del0.8,0.22
X-1980,DAZ4,57135.0,Del0.8,0.22
X-1980,DAZ4,57135.0,Del0.8,0.22
X-1980,DAZAP2,9802.0,MutNovel,"S85C,0.500"
X-1980,DDX3Y,8653.0,Del0.8,0.22
X-1980,DHRS7,51635.0,MutKnownFunctional,"W8*,0.344"
X-1980,DHX29,54505.0,MutNovel,"R978H,0.530"
X-1980,DMRTA1,63951.0,Del0.8,0.21
X-1980,DNASE2,1777.0,MutNovel,"F92S,1.000"
X-1980,E4F1,1877.0,MutNovel,"P419L,0.413"
X-1980,EIF1AY,9086.0,Del0.8,0.22
X-1980,EIF5,1983.0,MutNovel,"E393K,0.472"
X-1980,ELAVL2,1993.0,Del0.8,0.24
X-1980,ERAP1,51752.0,MutNovel,"S897P,0.494"
X-1980,ESYT2,57488.0,MutNovel,"G75R,0.700"
X-1980,F5,2153.0,MutNovel,"V212M,0.920"
X-1980,FAM115A,9747.0,MutNovel,"I258T,0.667"
X-1980,FAM197Y2P,252946.0,Del0.8,0.22
X-1980,FAM41AY1,340618.0,Del0.8,0.22
X-1980,FAM41AY1,340618.0,Del0.8,0.22
X-1980,FAM98C,147965.0,MutNovel,"E145K,0.552"
X-1980,FLJ35282,441389.0,Del0.8,0.22
X-1980,FMNL1,752.0,MutNovel,"-603P,0.348"
X-1980,FRA10AC1,118924.0,MutNovel,"E296Q,0.483"
X-1980,FUT5,2527.0,MutNovel,"E261K,1.000"
X-1980,FXR1,8087.0,MutNovel,"Q214L,1.000"
X-1980,GNL3L,54552.0,MutNovel,"LK59L,1.000"
X-1980,GOLGA2P2Y,84559.0,Del0.8,0.22
X-1980,GOLGA2P2Y,84559.0,Del0.8,0.22
X-1980,GOLGA6L4,,MutNovel,"T144M,1.000"
X-1980,GOLGA8E,390535.0,Amp5,5.17
X-1980,GPR98,84059.0,MutNovel,"H1902Q,0.667"
X-1980,GRB14,2888.0,MutKnownFunctional,"-297?,0.275"
X-1980,GSTM1,2944.0,Del0.8,0.71
X-1980,GYG2P1,352887.0,Del0.8,0.22
X-1980,HERC2P7,100132101.0,Amp5,5.17
X-1980,HIST2H2AB,317772.0,MutNovel,"K119R,0.429"
X-1980,HLA-G,3135.0,MutNovel,"T91I,1.000"
X-1980,HNF1A,6927.0,MutNovel,"A239V,0.455"
X-1980,HNRNPAB,3182.0,MutNovel,"T12M,0.428"
X-1980,HSFY2,159119.0,Del0.8,0.22
X-1980,HSFY2,159119.0,Del0.8,0.22
X-1980,INO80C,125476.0,MutNovel,"T71M,0.429"
X-1980,IST1,9798.0,MutNovel,"MP236-,0.320"
X-1980,JRK,8629.0,MutKnownFunctional,"-104,0.429"
X-1980,KCNU1,157855.0,MutNovel,"H453N,0.475"
X-1980,KCTD1,284252.0,MutNovel,"H121Q,0.619"
X-1980,KDM5D,8284.0,Del0.8,0.22
X-1980,KEAP1,9817.0,MutNovel,"Y567S,1.000"
X-1980,KIAA0100,9703.0,MutNovel,"R803Q,0.530"
X-1980,KIAA1919,91749.0,MutNovel,"L182Y,1.000"
X-1980,KIF20B,9585.0,MutNovel,"L1062LKV,0.303"
X-1980,KIFC2,90990.0,MutNovel,"A129T,0.333"
X-1980,KLHDC7A,127707.0,MutNovel,"R160I,1.000"
X-1980,KPRP,448834.0,Amp5,5.03
X-1980,KRT10,3858.0,MutNovel,"G514A,0.209"
X-1980,KRT14,3861.0,MutNovel,"T308S,1.000"
X-1980,KRT14,3861.0,MutNovel,"E304D,1.000"
X-1980,KRT14,3861.0,MutNovel,"S241N,1.000"
X-1980,LCE1E,353135.0,Amp5,5.03
X-1980,LCE1F,353137.0,Amp5,5.03
X-1980,LCE2A,353139.0,Amp5,5.03
X-1980,LCE2B,26239.0,Amp5,5.03
X-1980,LCE2C,353140.0,Amp5,5.03
X-1980,LCE2D,353141.0,Amp5,5.03
X-1980,LCE3A,353142.0,Amp5,5.03
X-1980,LCE3B,353143.0,Amp5,5.03
X-1980,LCE3C,353144.0,Amp8,8.82
X-1980,LCE4A,199834.0,Amp5,5.03
X-1980,LGALS9B,284194.0,MutNovel,"L311F,1.000"
X-1980,LGALS9B,284194.0,MutNovel,"V184M,1.000"
X-1980,LGALS9C,654346.0,Del0.8,0.24
X-1980,LOC100996301,,MutNovel,"G225A,1.000"
X-1980,LOC256021,,MutNovel,"F32I,0.667"
X-1980,LOC348120,348120.0,Amp5,5.28
X-1980,LOC646214,646214.0,Amp5,5.28
X-1980,LOC727924,727924.0,Amp5,6.23
X-1980,LOC728888,,MutNovel,"G1064P,0.667"
X-1980,LONRF1,91694.0,MutNovel,"D436Y,0.643"
X-1980,LSR,51599.0,MutNovel,"G518GR,0.877"
X-1980,MACF1,23499.0,MutNovel,"S2257T,0.412"
X-1980,MED12,9968.0,MutNovel,"S347G,1.000"
X-1980,METTL13,51603.0,MutNovel,"L157F,0.317"
X-1980,MGAT1,4245.0,MutNovel,"Y354C,0.507"
X-1980,MGAT1,4245.0,MutNovel,"G144W,0.481"
X-1980,MIR4435-1,100616499.0,Del0.8,0.57
X-1980,MKS1,54903.0,MutNovel,"LSL402L,0.600"
X-1980,MLL3,58508.0,MutNovel,"D2055V,1.000"
X-1980,MPRIP,23164.0,MutNovel,"TS178T,0.634"
X-1980,MRM1,79922.0,MutNovel,"L278V,0.571"
X-1980,MSH5,4439.0,MutNovel,"Q98K,0.455"
X-1980,MTAP,4507.0,Del0.8,0.25
X-1980,MUC2,4583.0,MutNovel,"I1442T,0.233"
X-1980,MUC2,4583.0,MutNovel,"I1458T,0.261"
X-1980,MUC5B,727897.0,MutNovel,"T2548A,0.296"
X-1980,MUC6,4588.0,MutNovel,"L1673R,0.435"
X-1980,MYH10,4628.0,MutNovel,"R1073C,1.000"
X-1980,MYH4,4622.0,MutNovel,"E510V,1.000"
X-1980,NBEAP1,606.0,Amp5,5.28
X-1980,NCOA3,8202.0,MutNovel,"Q1255-,0.263"
X-1980,NCOR2,9612.0,MutNovel,"G1839GAAA,0.563"
X-1980,NCRNA00185,55410.0,Del0.8,0.22
X-1980,NF1P2,440225.0,Amp5,5.28
X-1980,NLGN4Y,22829.0,Del0.8,0.22
X-1980,NPY5R,4889.0,MutKnownFunctional,"W30*,0.310"
X-1980,NR1H2,7376.0,MutNovel,"-173Q,0.380"
X-1980,OR2T10,127069.0,Amp5,6.87
X-1980,OR2T11,127077.0,Amp5,6.87
X-1980,OR2T34,127068.0,Amp5,6.87
X-1980,OR2T35,403244.0,Amp5,6.87
X-1980,OR4M2,390538.0,Amp5,7.31
X-1980,OR4N3P,390539.0,Amp5,7.31
X-1980,OR4N4,283694.0,Amp5,7.31
X-1980,OR52N1,79473.0,Del0.8,0.47
X-1980,OR52N5,390075.0,Del0.8,0.21
X-1980,ORAI1,84876.0,MutNovel,"PP43-,0.794"
X-1980,OXLD1,,MutNovel,"R117G,0.728"
X-1980,PASK,23178.0,MutNovel,"K1032E,0.556"
X-1980,PCDH11Y,83259.0,Del0.8,0.22
X-1980,PCDHB4,56131.0,MutNovel,"G531S,0.286"
X-1980,PCDHB7,56129.0,MutNovel,"P575L,0.214"
X-1980,PDXP,57026.0,MutNovel,"E34Q,0.655"
X-1980,PHLDA1,22822.0,MutNovel,"QQ194Q,0.618"
X-1980,PIGT,51604.0,MutNovel,"R172C,0.524"
X-1980,PIWIL4,143689.0,MutNovel,"F381L,0.500"
X-1980,PKD2,5311.0,MutNovel,"A407T,0.600"
X-1980,PLA2G10,8399.0,MutNovel,"M63V,0.556"
X-1980,PLCL2,23228.0,MutNovel,"P78S,1.000"
X-1980,PLXNA3,55558.0,MutNovel,"V970M,1.000"
X-1980,POM121,9883.0,MutNovel,"S654N,0.541"
X-1980,POTEB,339010.0,Amp5,5.28
X-1980,PRKY,5616.0,Del0.8,0.22
X-1980,PRY,9081.0,Del0.8,0.22
X-1980,PRY,9081.0,Del0.8,0.22
X-1980,PRY2,442862.0,Del0.8,0.22
X-1980,PRY2,442862.0,Del0.8,0.22
X-1980,PTPN1,5770.0,MutNovel,"N111S,0.620"
X-1980,RARRES1,5918.0,MutNovel,"R57G,1.000"
X-1980,RASSF5,83593.0,MutNovel,"P72S,1.000"
X-1980,RBMY1A3P,286557.0,Del0.8,0.22
X-1980,RBMY1B,378948.0,Del0.8,0.22
X-1980,RBMY1B,378948.0,Del0.8,0.22
X-1980,RBMY1E,378950.0,Del0.8,0.22
X-1980,RBMY1E,378950.0,Del0.8,0.22
X-1980,RBMY1F,159163.0,Del0.8,0.22
X-1980,RBMY1F,159163.0,Del0.8,0.22
X-1980,RBMY1J,378951.0,Del0.8,0.22
X-1980,RBMY1J,378951.0,Del0.8,0.22
X-1980,RBMY2EP,159125.0,Del0.8,0.22
X-1980,RBMY2FP,159162.0,Del0.8,0.22
X-1980,RBMY3AP,64593.0,Del0.8,0.22
X-1980,REREP3,646396.0,Amp5,7.31
X-1980,RNF169,254225.0,MutNovel,"P75S,0.600"
X-1980,RNF212,285498.0,MutNovel,"H27R,1.000"
X-1980,RPE,6120.0,MutNovel,"K114E,0.469"
X-1980,RPS4Y1,6192.0,Del0.8,0.22
X-1980,RPS4Y2,140032.0,Del0.8,0.22
X-1980,RYR1,6261.0,MutNovel,"N4222K,1.000"
X-1980,SERINC2,347735.0,MutNovel,"-373Q,0.748"
X-1980,SLC19A2,10560.0,MutNovel,"G334D,0.209"
X-1980,SLC25A3,5250.0,MutNovel,"L46M,0.475"
X-1980,SLC2A4RG,56731.0,MutNovel,"A77V,0.497"
X-1980,SMG1,23049.0,MutKnownFunctional,"-449?,0.294"
X-1980,SMG5,23381.0,MutNovel,"I397L,0.713"
X-1980,SNAPC4,6621.0,MutNovel,"L1355F,0.296"
X-1980,SPIN1,10927.0,MutNovel,"M27T,0.426"
X-1980,SRRM2,23524.0,MutNovel,"P1846R,0.454"
X-1980,SRY,6736.0,Del0.8,0.22
X-1980,SSX6,280657.0,Del0.8,0.41
X-1980,STK31,56164.0,MutKnownFunctional,"-127,0.500"
X-1980,STXBP4,252983.0,MutNovel,"L355F,0.333"
X-1980,SYNE1,23345.0,MutNovel,"L8268F,1.000"
X-1980,TBCE,6905.0,MutNovel,"I114M,0.440"
X-1980,TBL1Y,90665.0,Del0.8,0.22
X-1980,TGIF2LY,90655.0,Del0.8,0.22
X-1980,TMEM183A,92703.0,MutNovel,"R10M,0.349"
X-1980,TMEM184A,202915.0,MutNovel,"G392GA,0.359"
X-1980,TMSB4Y,9087.0,Del0.8,0.22
X-1980,TNFAIP1,7126.0,MutNovel,"T285A,0.571"
X-1980,TNFRSF21,27242.0,MutNovel,"P202S,0.994"
X-1980,TOR4A,,MutNovel,"G56R,0.449"
X-1980,TRABD2B,,MutNovel,"A500T,0.600"
X-1980,TSPY1,7258.0,Del0.8,0.22
X-1980,TSPY2,64591.0,Del0.8,0.22
X-1980,TSPY3,728137.0,Del0.8,0.22
X-1980,TSPY4,728395.0,Del0.8,0.22
X-1980,TSPY8,728403.0,Del0.8,0.22
X-1980,TTTY10,246119.0,Del0.8,0.22
X-1980,TTTY11,83866.0,Del0.8,0.22
X-1980,TTTY12,83867.0,Del0.8,0.22
X-1980,TTTY13,83868.0,Del0.8,0.22
X-1980,TTTY14,83869.0,Del0.8,0.22
X-1980,TTTY15,64595.0,Del0.8,0.22
X-1980,TTTY16,252948.0,Del0.8,0.22
X-1980,TTTY17A,252949.0,Del0.8,0.22
X-1980,TTTY17A,252949.0,Del0.8,0.22
X-1980,TTTY18,252950.0,Del0.8,0.22
X-1980,TTTY19,252952.0,Del0.8,0.22
X-1980,TTTY1B,100101116.0,Del0.8,0.22
X-1980,TTTY1B,100101116.0,Del0.8,0.22
X-1980,TTTY2,60439.0,Del0.8,0.22
X-1980,TTTY2,60439.0,Del0.8,0.22
X-1980,TTTY20,252951.0,Del0.8,0.22
X-1980,TTTY21,252953.0,Del0.8,0.22
X-1980,TTTY21,252953.0,Del0.8,0.22
X-1980,TTTY22,252954.0,Del0.8,0.22
X-1980,TTTY23,252955.0,Del0.8,0.22
X-1980,TTTY23,252955.0,Del0.8,0.22
X-1980,TTTY3,114760.0,Del0.8,0.22
X-1980,TTTY3,114760.0,Del0.8,0.22
X-1980,TTTY4,114761.0,Del0.8,0.22
X-1980,TTTY4,114761.0,Del0.8,0.22
X-1980,TTTY5,83863.0,Del0.8,0.22
X-1980,TTTY6,84672.0,Del0.8,0.22
X-1980,TTTY6,84672.0,Del0.8,0.22
X-1980,TTTY7,246122.0,Del0.8,0.22
X-1980,TTTY7,246122.0,Del0.8,0.22
X-1980,TTTY7B,100101120.0,Del0.8,0.22
X-1980,TTTY7B,100101120.0,Del0.8,0.22
X-1980,TTTY8,84673.0,Del0.8,0.22
X-1980,TTTY8,84673.0,Del0.8,0.22
X-1980,TTTY9A,83864.0,Del0.8,0.22
X-1980,TTTY9A,83864.0,Del0.8,0.22
X-1980,TXLNG2P,246126.0,Del0.8,0.22
X-1980,TXNDC5,81567.0,MutNovel,"-47R,0.494"
X-1980,UBXN4,23190.0,MutNovel,"H405Q,0.479"
X-1980,UGT2B11,10720.0,MutNovel,"L56V,1.000"
X-1980,USP3,9960.0,MutNovel,"T93I,0.337"
X-1980,USP36,57602.0,MutNovel,"KKK958K,0.215"
X-1980,USP9Y,8287.0,Del0.8,0.22
X-1980,UTY,7404.0,Del0.8,0.22
X-1980,VCY,9084.0,Del0.8,0.22
X-1980,VCY,9084.0,Del0.8,0.22
X-1980,VSIG10,54621.0,MutNovel,"TQPEVII349I,0.412"
X-1980,WBSCR16,81554.0,MutNovel,"R423Q,0.461"
X-1980,WDR72,256764.0,MutNovel,"Q1040R,0.526"
X-1980,WRN,7486.0,MutNovel,"T9A,0.769"
X-1980,WRNIP1,56897.0,MutNovel,"GDGD170-,0.632"
X-1980,XKRY2,353515.0,Del0.8,0.22
X-1980,XKRY2,353515.0,Del0.8,0.22
X-1980,ZBTB37,84614.0,MutNovel,"L291S,0.778"
X-1980,ZFY,7544.0,Del0.8,0.22
X-1980,ZFYVE16,9765.0,MutNovel,"P399S,0.316"
X-1980,ZGPAT,84619.0,MutNovel,"D277N,0.504"
X-1980,ZNF180,7733.0,MutNovel,"F633C,0.412"
X-1980,ZNF180,7733.0,MutNovel,"P436A,0.387"
X-1980,ZNF235,9310.0,MutNovel,"Q142E,0.333"
X-1980,ZNF630,57232.0,Del0.8,0.16
X-1980,ZNF787,126208.0,MutNovel,"G379T,1.000"
X-1980,ZNF814,730051.0,MutNovel,"Y772H,0.500"
X-1980,ZNF814,730051.0,MutNovel,"Y772H,0.500"
X-1980,ZNF888,,MutNovel,"Q74E,0.540"
X-1980,ZNF91,7644.0,MutNovel,"R333H,0.429"
X-1980,ZWINT,11130.0,MutNovel,"V107L,0.511"
X-1993,61E3.4,,MutNovel,"K338N,1.000"
X-1993,ABCB7,22.0,Del0.8,0.74
X-1993,ABCD1,215.0,Del0.8,0.74
X-1993,ACBD4,79777.0,Amp5,6.02
X-1993,ACE2,59272.0,Del0.8,0.74
X-1993,ACOT9,23597.0,Del0.8,0.74
X-1993,ACRC,93953.0,Del0.8,0.74
X-1993,ACSL4,2182.0,Del0.8,0.74
X-1993,ACTR6,64431.0,Del0.8,0.73
X-1993,ACTRT1,139741.0,Del0.8,0.74
X-1993,ADAM6,8755.0,Amp5,5.39
X-1993,ADCY3,109.0,MutNovel,"G466R,0.439"
X-1993,AFF2,2334.0,Del0.8,0.74
X-1993,AGTR2,186.0,Del0.8,0.74
X-1993,AIFM1,9131.0,Del0.8,0.74
X-1993,AIM2,9447.0,MutKnownFunctional,"-343?,0.277"
X-1993,AKAP13,11214.0,MutNovel,"E2490D,0.600"
X-1993,AKAP14,158798.0,Del0.8,0.74
X-1993,AKAP4,8852.0,Del0.8,0.74
X-1993,ALAS2,212.0,Del0.8,0.74
X-1993,ALG10B,144245.0,MutNovel,"T254S,0.667"
X-1993,ALG13,79868.0,Del0.8,0.74
X-1993,AMELX,265.0,Del0.8,0.74
X-1993,AMMECR1,9949.0,Del0.8,0.74
X-1993,AMOT,154796.0,Del0.8,0.74
X-1993,ANKRD10,55608.0,MutNovel,"H376Y,0.622"
X-1993,ANKRD23,200539.0,Amp5,7.21
X-1993,ANKRD39,51239.0,Amp5,7.21
X-1993,AP1S2,8905.0,Del0.8,0.74
X-1993,APEX2,27301.0,Del0.8,0.74
X-1993,APLN,8862.0,Del0.8,0.74
X-1993,APOO,79135.0,Del0.8,0.74
X-1993,APOOL,139322.0,Del0.8,0.74
X-1993,AR,367.0,Del0.8,0.74
X-1993,ARAF,369.0,Del0.8,0.74
X-1993,ARHGAP12,94134.0,MutNovel,"C199S,0.400"
X-1993,ARHGAP18,93663.0,MutNovel,"Q378L,1.000"
X-1993,ARHGAP27,201176.0,Amp5,6.02
X-1993,ARHGAP36,158763.0,Del0.8,0.74
X-1993,ARHGAP4,393.0,Del0.8,0.74
X-1993,ARHGAP6,395.0,Del0.8,0.74
X-1993,ARHGEF4,50649.0,MutNovel,"T36K,0.800"
X-1993,ARHGEF6,9459.0,Del0.8,0.74
X-1993,ARHGEF9,23229.0,Del0.8,0.74
X-1993,ARID3B,10620.0,MutNovel,"Y302C,0.765"
X-1993,ARID5A,10865.0,Amp5,7.21
X-1993,ARL13A,392509.0,Del0.8,0.74
X-1993,ARMCX1,51309.0,Del0.8,0.74
X-1993,ARMCX2,9823.0,Del0.8,0.74
X-1993,ARMCX3,51566.0,Del0.8,0.74
X-1993,ARMCX4,100131755.0,Del0.8,0.74
X-1993,ARMCX5,64860.0,Del0.8,0.74
X-1993,ARMCX5-GPRASP2,100528062.0,Del0.8,0.74
X-1993,ARMCX6,54470.0,MutKnownFunctional,"-42,0.533"
X-1993,ARMCX6,54470.0,Del0.8,0.74
X-1993,ARR3,407.0,Del0.8,0.74
X-1993,ARSD,414.0,Del0.8,0.74
X-1993,ARSE,415.0,Del0.8,0.74
X-1993,ARSF,416.0,Del0.8,0.74
X-1993,ARSH,347527.0,Del0.8,0.74
X-1993,ARX,170302.0,Del0.8,0.74
X-1993,ASB11,140456.0,Del0.8,0.74
X-1993,ASB12,142689.0,Del0.8,0.74
X-1993,ASB9,140462.0,Del0.8,0.74
X-1993,ASH1L,55870.0,MutNovel,"T1771A,0.444"
X-1993,ASNS,440.0,MutNovel,"S426C,0.341"
X-1993,ATG4A,115201.0,Del0.8,0.74
X-1993,ATP11C,286410.0,Del0.8,0.74
X-1993,ATP1B4,23439.0,Del0.8,0.74
X-1993,ATP2B3,492.0,Del0.8,0.74
X-1993,ATP6AP1,537.0,Del0.8,0.74
X-1993,ATP6AP2,10159.0,Del0.8,0.74
X-1993,ATP7A,538.0,Del0.8,0.74
X-1993,ATRX,546.0,Del0.8,0.74
X-1993,ATXN3L,92552.0,Del0.8,0.74
X-1993,AVPR2,554.0,Del0.8,0.74
X-1993,AWAT1,158833.0,Del0.8,0.74
X-1993,AWAT2,158835.0,Del0.8,0.74
X-1993,BAG3,9531.0,MutNovel,"R276W,0.559"
X-1993,BAGE2,,MutNovel,"H42N,0.267"
X-1993,BBS9,27241.0,MutNovel,"K547E,1.000"
X-1993,BCAP31,10134.0,Del0.8,0.74
X-1993,BCOR,54880.0,Del0.8,0.74
X-1993,BCORL1,63035.0,MutNovel,"E692D,1.000"
X-1993,BCORL1,63035.0,Del0.8,0.74
X-1993,BCYRN1,618.0,Del0.8,0.74
X-1993,BEND2,139105.0,Del0.8,0.74
X-1993,BEX1,55859.0,Del0.8,0.74
X-1993,BEX2,84707.0,Del0.8,0.74
X-1993,BEX4,56271.0,Del0.8,0.74
X-1993,BEX5,340542.0,Del0.8,0.74
X-1993,BGN,633.0,Del0.8,0.74
X-1993,BHLHB9,80823.0,Del0.8,0.74
X-1993,BLMH,642.0,Amp5,5.7
X-1993,BMP15,9210.0,Del0.8,0.74
X-1993,BMX,660.0,Del0.8,0.74
X-1993,BRCC3,79184.0,Del0.8,0.74
X-1993,BRS3,680.0,Del0.8,0.74
X-1993,BRWD3,254065.0,Del0.8,0.74
X-1993,BTK,695.0,Del0.8,0.74
X-1993,C11orf82,220042.0,MutNovel,"Q952E,0.379"
X-1993,C17orf62,79415.0,MutNovel,"T139A,0.388"
X-1993,C17orf69,147081.0,Amp5,6.02
X-1993,C19orf33,64073.0,MutNovel,"K100-,0.376"
X-1993,C1GALT1C1,29071.0,Del0.8,0.74
X-1993,C2orf27B,408029.0,MutNovel,"A16P,1.000"
X-1993,CA5B,11238.0,Del0.8,0.74
X-1993,CA5BP1,340591.0,Del0.8,0.74
X-1993,CACNA1F,778.0,Del0.8,0.74
X-1993,CAMK1D,57118.0,MutNovel,"A121S,0.600"
X-1993,CAPN6,827.0,Del0.8,0.74
X-1993,CASK,8573.0,Del0.8,0.74
X-1993,CCDC111,201973.0,MutNovel,"A121T,0.750"
X-1993,CCDC120,90060.0,Del0.8,0.74
X-1993,CCDC15,80071.0,MutNovel,"P737H,0.750"
X-1993,CCDC160,347475.0,Del0.8,0.74
X-1993,CCDC22,28952.0,Del0.8,0.74
X-1993,CCNB3,85417.0,Del0.8,0.74
X-1993,CD40LG,959.0,Del0.8,0.74
X-1993,CD99L2,83692.0,Del0.8,0.74
X-1993,CDC42EP1,11135.0,MutNovel,"PAPAANPS253P,0.800"
X-1993,CDK16,5127.0,Del0.8,0.74
X-1993,CDK20,23552.0,MutNovel,"I123T,0.667"
X-1993,CDKL5,6792.0,Del0.8,0.74
X-1993,CDR1,1038.0,Del0.8,0.74
X-1993,CDX4,1046.0,Del0.8,0.74
X-1993,CENPI,2491.0,Del0.8,0.74
X-1993,CENPW,387103.0,Amp8,15.14
X-1993,CEP63,80254.0,MutNovel,"H459Y,0.218"
X-1993,CETN2,1069.0,Del0.8,0.74
X-1993,CFP,5199.0,Del0.8,0.74
X-1993,CHD7,55636.0,MutNovel,"F1352L,0.500"
X-1993,CHERP,10523.0,MutNovel,"R793H,0.519"
X-1993,CHIC1,53344.0,Del0.8,0.74
X-1993,CHM,1121.0,Del0.8,0.74
X-1993,CHRDL1,91851.0,Del0.8,0.74
X-1993,CHST7,56548.0,Del0.8,0.74
X-1993,CHTF18,63922.0,MutNovel,"E592G,0.333"
X-1993,CITED1,4435.0,Del0.8,0.74
X-1993,CLCA2,9635.0,MutNovel,"E359D,0.561"
X-1993,CLCN4,1183.0,Del0.8,0.74
X-1993,CLCN5,1184.0,Del0.8,0.74
X-1993,CLDN2,9075.0,Del0.8,0.74
X-1993,CLIC2,1193.0,Del0.8,0.74
X-1993,CMIP,80790.0,MutNovel,"A113P,0.980"
X-1993,CNGA2,1260.0,Del0.8,0.74
X-1993,CNKSR2,22866.0,Del0.8,0.74
X-1993,CNNM3,26505.0,Amp5,7.21
X-1993,CNNM4,26504.0,Amp5,7.21
X-1993,CNTNAP3B,728577.0,MutNovel,"G1007A,0.667"
X-1993,COA5,493753.0,Amp5,7.67
X-1993,COG2,22796.0,MutNovel,"M190I,0.750"
X-1993,COL27A1,85301.0,MutNovel,"P668S,0.429"
X-1993,COL4A5,1287.0,Del0.8,0.74
X-1993,COL4A6,1288.0,Del0.8,0.74
X-1993,COX7B,1349.0,Del0.8,0.74
X-1993,CPD,1362.0,Amp5,5.7
X-1993,CPXCR1,53336.0,Del0.8,0.74
X-1993,CRHR1,1394.0,Amp5,6.02
X-1993,CRIPAK,285464.0,MutNovel,"H326R,0.250"
X-1993,CRYZ,1429.0,MutNovel,"R92G,0.679"
X-1993,CSAG1,158511.0,Del0.8,0.74
X-1993,CSAG2,728461.0,Del0.8,0.74
X-1993,CSAG2,728461.0,Del0.8,0.74
X-1993,CSAG3,389903.0,Del0.8,0.74
X-1993,CSAG3,389903.0,Del0.8,0.74
X-1993,CSNK1G1,53944.0,MutNovel,"A346S,0.382"
X-1993,CSTF2,1478.0,Del0.8,0.74
X-1993,CT45A1,541466.0,Del0.8,0.74
X-1993,CT45A2,728911.0,Del0.8,0.74
X-1993,CT45A3,441519.0,Del0.8,0.74
X-1993,CT45A4,441520.0,Del0.8,0.74
X-1993,CT45A4,441520.0,Del0.8,0.74
X-1993,CT45A5,441521.0,Del0.8,0.74
X-1993,CT45A6,541465.0,Del0.8,0.74
X-1993,CT47A1,728096.0,Del0.8,0.74
X-1993,CT47A10,728036.0,Del0.8,0.74
X-1993,CT47A6,728062.0,Del0.8,0.74
X-1993,CT47A7,653282.0,Del0.8,0.74
X-1993,CT47B1,643311.0,Del0.8,0.74
X-1993,CTAG1B,1485.0,Del0.8,0.74
X-1993,CTAG1B,1485.0,Del0.8,0.74
X-1993,CTAG2,30848.0,Del0.8,0.74
X-1993,CTPS2,56474.0,Del0.8,0.74
X-1993,CTSA,5476.0,MutNovel,"L29-,0.286"
X-1993,CUL4B,8450.0,Del0.8,0.74
X-1993,CXCR3,2833.0,Del0.8,0.74
X-1993,CXXC1P1,392459.0,Del0.8,0.74
X-1993,CXorf1,9142.0,Del0.8,0.74
X-1993,CXorf21,80231.0,Del0.8,0.74
X-1993,CXorf22,170063.0,Del0.8,0.74
X-1993,CXorf23,256643.0,Del0.8,0.74
X-1993,CXorf26,51260.0,Del0.8,0.74
X-1993,CXorf27,25763.0,Del0.8,0.74
X-1993,CXorf28,100129464.0,Del0.8,0.74
X-1993,CXorf30,645090.0,Del0.8,0.74
X-1993,CXorf36,79742.0,Del0.8,0.74
X-1993,CXorf38,159013.0,Del0.8,0.74
X-1993,CXorf40A,91966.0,Del0.8,0.74
X-1993,CXorf40B,541578.0,Del0.8,0.74
X-1993,CXorf48,54967.0,Del0.8,0.74
X-1993,CXorf49B,100132994.0,Del0.8,0.74
X-1993,CXorf49B,100132994.0,Del0.8,0.74
X-1993,CXorf51A,100129239.0,Del0.8,0.74
X-1993,CXorf51A,100129239.0,Del0.8,0.74
X-1993,CXorf56,63932.0,Del0.8,0.74
X-1993,CXorf57,55086.0,Del0.8,0.74
X-1993,CXorf58,254158.0,Del0.8,0.74
X-1993,CXorf59,286464.0,Del0.8,0.74
X-1993,CXorf61,203413.0,Del0.8,0.74
X-1993,CXorf64,100130613.0,Del0.8,0.74
X-1993,CXorf65,158830.0,Del0.8,0.74
X-1993,CXorf66,347487.0,Del0.8,0.74
X-1993,CXorf68,100132963.0,Del0.8,0.74
X-1993,CXorf69,644538.0,Del0.8,0.74
X-1993,CYBB,1536.0,Del0.8,0.74
X-1993,CYLC1,1538.0,Del0.8,0.74
X-1993,CYSLTR1,10800.0,Del0.8,0.74
X-1993,DACH2,117154.0,Del0.8,0.74
X-1993,DCAF12L1,139170.0,Del0.8,0.74
X-1993,DCAF12L2,340578.0,Del0.8,0.74
X-1993,DCAF8L1,139425.0,Del0.8,0.74
X-1993,DCAF8L2,347442.0,Del0.8,0.74
X-1993,DCX,1641.0,Del0.8,0.74
X-1993,DDX26B,203522.0,Del0.8,0.74
X-1993,DDX3X,1654.0,Del0.8,0.74
X-1993,DDX53,168400.0,Del0.8,0.74
X-1993,DGAT2L6,347516.0,Del0.8,0.74
X-1993,DGKK,139189.0,Del0.8,0.74
X-1993,DIAPH2,1730.0,Del0.8,0.74
X-1993,DKC1,1736.0,Del0.8,0.74
X-1993,DKFZp686D0853,401613.0,Del0.8,0.74
X-1993,DLG3,1741.0,Del0.8,0.74
X-1993,DMD,1756.0,Del0.8,0.74
X-1993,DMRTC1B,728656.0,Del0.8,0.74
X-1993,DMRTC1B,728656.0,Del0.8,0.74
X-1993,DNAJB6,10049.0,MutNovel,"E282K,0.312"
X-1993,DNAL4,10126.0,MutNovel,"Y13S,0.929"
X-1993,DNASE1L1,1774.0,Del0.8,0.74
X-1993,DOCK11,139818.0,Del0.8,0.74
X-1993,DPP9,91039.0,MutNovel,"V819L,0.318"
X-1993,DRP2,1821.0,Del0.8,0.74
X-1993,DUOX1,53905.0,MutNovel,"R194G,0.667"
X-1993,DUSP21,63904.0,Del0.8,0.74
X-1993,DUSP9,1852.0,Del0.8,0.74
X-1993,DYNLT3,6990.0,Del0.8,0.74
X-1993,EBP,10682.0,Del0.8,0.74
X-1993,EDA,1896.0,Del0.8,0.74
X-1993,EDA2R,60401.0,Del0.8,0.74
X-1993,EDNRB,1910.0,MutNovel,"R482T,0.818"
X-1993,EFHC2,80258.0,Del0.8,0.74
X-1993,EFNB1,1947.0,Del0.8,0.74
X-1993,EGFL6,25975.0,Del0.8,0.74
X-1993,EIF1AX,1964.0,Del0.8,0.74
X-1993,EIF2S3,1968.0,Del0.8,0.74
X-1993,ELF2,1998.0,MutNovel,"C91S,0.231"
X-1993,ELF4,2000.0,Del0.8,0.74
X-1993,ELK1,2002.0,Del0.8,0.74
X-1993,ELK4,2005.0,MutNovel,"L353F,0.500"
X-1993,EMD,2010.0,Del0.8,0.74
X-1993,ENOX2,10495.0,Del0.8,0.74
X-1993,ERAS,3266.0,Del0.8,0.74
X-1993,ERCC6L,54821.0,Del0.8,0.74
X-1993,ESX1,80712.0,Del0.8,0.74
X-1993,ESYT2,57488.0,MutNovel,"G75R,1.000"
X-1993,F8,2157.0,Del0.8,0.74
X-1993,F8A1,8263.0,Del0.8,0.74
X-1993,F8A1,8263.0,Del0.8,0.74
X-1993,F9,2158.0,Del0.8,0.74
X-1993,FAAH2,158584.0,Del0.8,0.74
X-1993,FAHD2B,151313.0,Amp5,7.21
X-1993,FAM104B,90736.0,Del0.8,0.74
X-1993,FAM120C,54954.0,Del0.8,0.74
X-1993,FAM122B,159090.0,Del0.8,0.74
X-1993,FAM122C,159091.0,Del0.8,0.74
X-1993,FAM123B,139285.0,Del0.8,0.74
X-1993,FAM127A,8933.0,Del0.8,0.74
X-1993,FAM127B,26071.0,Del0.8,0.74
X-1993,FAM127C,441518.0,Del0.8,0.74
X-1993,FAM133A,286499.0,Del0.8,0.74
X-1993,FAM155B,27112.0,Del0.8,0.74
X-1993,FAM156A,29057.0,Del0.8,0.74
X-1993,FAM156A,29057.0,Del0.8,0.74
X-1993,FAM156B,727866.0,Del0.8,0.74
X-1993,FAM156B,727866.0,Del0.8,0.74
X-1993,FAM171B,165215.0,MutNovel,"R337Q,0.889"
X-1993,FAM178B,51252.0,Amp5,7.21
X-1993,FAM199X,139231.0,Del0.8,0.74
X-1993,FAM200B,285550.0,MutNovel,"T274A,0.818"
X-1993,FAM3A,60343.0,Del0.8,0.74
X-1993,FAM45B,55855.0,Del0.8,0.74
X-1993,FAM46D,169966.0,Del0.8,0.74
X-1993,FAM47A,158724.0,Del0.8,0.74
X-1993,FAM47B,170062.0,Del0.8,0.74
X-1993,FAM47C,442444.0,Del0.8,0.74
X-1993,FAM48B1,100130302.0,Del0.8,0.74
X-1993,FAM48B2,170067.0,Del0.8,0.74
X-1993,FAM50A,9130.0,Del0.8,0.74
X-1993,FAM58A,92002.0,Del0.8,0.74
X-1993,FAM70A,55026.0,Del0.8,0.74
X-1993,FAM71C,196472.0,Del0.8,0.73
X-1993,FAM9A,171482.0,Del0.8,0.74
X-1993,FAM9B,171483.0,Del0.8,0.74
X-1993,FAM9C,171484.0,Del0.8,0.74
X-1993,FANCB,2187.0,Del0.8,0.74
X-1993,FATE1,89885.0,Del0.8,0.74
X-1993,FBXW2,26190.0,MutNovel,"Q40L,0.576"
X-1993,FEN1,2237.0,MutNovel,"I228L,0.411"
X-1993,FER,2241.0,MutNovel,"E576A,0.500"
X-1993,FER1L5,90342.0,Amp5,7.21
X-1993,FGD1,2245.0,Del0.8,0.74
X-1993,FGF13,2258.0,Del0.8,0.74
X-1993,FGF16,8823.0,Del0.8,0.74
X-1993,FHL1,2273.0,Del0.8,0.74
X-1993,FIGF,2277.0,Del0.8,0.74
X-1993,FLJ44635,392490.0,Del0.8,0.74
X-1993,FLNA,2316.0,Del0.8,0.74
X-1993,FMNL1,752.0,Amp5,6.02
X-1993,FMR1,2332.0,Del0.8,0.74
X-1993,FMR1-AS1,100126270.0,Del0.8,0.74
X-1993,FMR1NB,158521.0,Del0.8,0.74
X-1993,FOXO4,4303.0,Del0.8,0.74
X-1993,FOXP3,50943.0,Del0.8,0.74
X-1993,FOXR2,139628.0,Del0.8,0.74
X-1993,FRG1,2483.0,MutNovel,"D74N,0.243"
X-1993,FRMD7,90167.0,Del0.8,0.74
X-1993,FRMD8P1,83957.0,Del0.8,0.74
X-1993,FRMPD4,9758.0,Del0.8,0.74
X-1993,FTHL17,53940.0,Del0.8,0.74
X-1993,FTSJ1,24140.0,Del0.8,0.74
X-1993,FTX,100302692.0,Del0.8,0.74
X-1993,FUNDC1,139341.0,Del0.8,0.74
X-1993,FUNDC2,65991.0,Del0.8,0.74
X-1993,FUZ,80199.0,MutNovel,"T216I,0.500"
X-1993,G6PD,2539.0,Del0.8,0.74
X-1993,GAB3,139716.0,Del0.8,0.74
X-1993,GABRA3,2556.0,Del0.8,0.74
X-1993,GABRE,2564.0,Del0.8,0.74
X-1993,GABRQ,55879.0,Del0.8,0.74
X-1993,GAGE1,2543.0,Del0.8,0.74
X-1993,GAGE10,643832.0,Del0.8,0.74
X-1993,GAGE12D,100132399.0,Del0.8,0.74
X-1993,GAGE12F,100008586.0,Del0.8,0.74
X-1993,GAGE12J,729396.0,Del0.8,0.74
X-1993,GAGE13,645051.0,Del0.8,0.74
X-1993,GAGE2A,729447.0,Del0.8,0.74
X-1993,GAGE2B,645037.0,Del0.8,0.74
X-1993,GAGE2C,2574.0,Del0.8,0.74
X-1993,GAGE2D,729408.0,Del0.8,0.74
X-1993,GAGE2E,26749.0,Del0.8,0.74
X-1993,GATA1,2623.0,Del0.8,0.74
X-1993,GBP6,163351.0,MutNovel,"D175E,0.680"
X-1993,GDI1,2664.0,Del0.8,0.74
X-1993,GDPD2,54857.0,Del0.8,0.74
X-1993,GEMIN8,54960.0,Del0.8,0.74
X-1993,GJB1,2705.0,Del0.8,0.74
X-1993,GJB6,10804.0,MutNovel,"G170W,0.584"
X-1993,GK,2710.0,Del0.8,0.74
X-1993,GLA,2717.0,Del0.8,0.74
X-1993,GLOD5,392465.0,Del0.8,0.74
X-1993,GLRA2,2742.0,Del0.8,0.74
X-1993,GLRA4,441509.0,Del0.8,0.74
X-1993,GLUD2,2747.0,Del0.8,0.74
X-1993,GNL3L,54552.0,Del0.8,0.74
X-1993,GOLGA2P5,55592.0,Del0.8,0.73
X-1993,GOLGB1,2804.0,MutNovel,"Q3026P,0.641"
X-1993,GOSR1,9527.0,Amp5,5.7
X-1993,GPC3,2719.0,Del0.8,0.74
X-1993,GPC4,2239.0,Del0.8,0.74
X-1993,GPKOW,27238.0,Del0.8,0.74
X-1993,GPM6B,2824.0,Del0.8,0.74
X-1993,GPR101,83550.0,Del0.8,0.74
X-1993,GPR112,139378.0,Del0.8,0.74
X-1993,GPR119,139760.0,Del0.8,0.74
X-1993,GPR143,4935.0,Del0.8,0.74
X-1993,GPR173,54328.0,Del0.8,0.74
X-1993,GPR174,84636.0,Del0.8,0.74
X-1993,GPR34,2857.0,Del0.8,0.74
X-1993,GPR50,9248.0,Del0.8,0.74
X-1993,GPR64,10149.0,Del0.8,0.74
X-1993,GPR82,27197.0,Del0.8,0.74
X-1993,GPRASP1,9737.0,Del0.8,0.74
X-1993,GPRASP2,114928.0,Del0.8,0.74
X-1993,GRIA3,2892.0,Del0.8,0.74
X-1993,GRIK2,2898.0,MutNovel,"G455V,1.000"
X-1993,GRIPAP1,56850.0,Del0.8,0.74
X-1993,GRK4,2868.0,MutNovel,"C563F,0.778"
X-1993,GRPR,2925.0,Del0.8,0.74
X-1993,GSPT2,23708.0,Del0.8,0.74
X-1993,GSTM1,2944.0,Del0.8,0.68
X-1993,GSTT2,2953.0,Del0.8,0.71
X-1993,GSTTP1,25774.0,Del0.8,0.71
X-1993,GTPBP3,84705.0,MutNovel,"G472C,0.410"
X-1993,GUCY2F,2986.0,Del0.8,0.74
X-1993,GYG2,8908.0,Del0.8,0.74
X-1993,GZF1,64412.0,MutNovel,"K387N,0.500"
X-1993,H2AFB1,474382.0,Del0.8,0.74
X-1993,H2AFB1,474382.0,Del0.8,0.74
X-1993,H2AFJ,55766.0,MutNovel,"K100N,0.429"
X-1993,H2BFM,286436.0,Del0.8,0.74
X-1993,H2BFWT,158983.0,Del0.8,0.74
X-1993,H2BFXP,767811.0,Del0.8,0.74
X-1993,H2BFXP,767811.0,Del0.8,0.74
X-1993,HAUS7,55559.0,Del0.8,0.74
X-1993,HCCS,3052.0,Del0.8,0.74
X-1993,HCFC1,3054.0,Del0.8,0.74
X-1993,HDAC6,10013.0,Del0.8,0.74
X-1993,HDAC8,55869.0,Del0.8,0.74
X-1993,HDDC2,51020.0,Amp8,14.72
X-1993,HDHD1,8226.0,Del0.8,0.74
X-1993,HDX,139324.0,Del0.8,0.74
X-1993,HEPH,9843.0,Del0.8,0.74
X-1993,HEXIM1,10614.0,Amp5,6.02
X-1993,HEXIM2,124790.0,Amp5,6.02
X-1993,HEY2,23493.0,Amp8,14.22
X-1993,HINT3,135114.0,Amp8,15.14
X-1993,HIPK3,10114.0,MutNovel,"A636V,0.600"
X-1993,HLA-DRB1,3123.0,Amp8,9.25
X-1993,HLA-DRB5,3127.0,Amp8,9.25
X-1993,HLA-DRB6,3128.0,Amp8,9.25
X-1993,HMGB3,3149.0,Del0.8,0.74
X-1993,HMGN5,79366.0,Del0.8,0.74
X-1993,HNRNPH2,3188.0,Del0.8,0.74
X-1993,HPRT1,3251.0,Del0.8,0.74
X-1993,HS6ST2,90161.0,Del0.8,0.74
X-1993,HSD17B10,3028.0,Del0.8,0.74
X-1993,HSFX2,100130086.0,Del0.8,0.74
X-1993,HSFX2,100130086.0,Del0.8,0.74
X-1993,HSPA8,3312.0,MutNovel,"D333H,0.319"
X-1993,HTATSF1,27336.0,Del0.8,0.74
X-1993,HTR2C,3358.0,Del0.8,0.74
X-1993,HUWE1,10075.0,Del0.8,0.74
X-1993,IDH3G,3421.0,Del0.8,0.74
X-1993,IDS,3423.0,Del0.8,0.74
X-1993,IGBP1,3476.0,Del0.8,0.74
X-1993,IGSF1,3547.0,Del0.8,0.74
X-1993,IKBKG,8517.0,Del0.8,0.74
X-1993,IL13RA1,3597.0,Del0.8,0.74
X-1993,IL13RA2,3598.0,Del0.8,0.74
X-1993,IL1RAPL1,11141.0,Del0.8,0.74
X-1993,IL1RAPL2,26280.0,Del0.8,0.74
X-1993,IL2RG,3561.0,Del0.8,0.74
X-1993,IL36G,56300.0,MutNovel,"G125I,0.333"
X-1993,INE1,8552.0,Del0.8,0.74
X-1993,INE2,8551.0,Del0.8,0.74
X-1993,INGX,27160.0,Del0.8,0.74
X-1993,IQSEC2,23096.0,Del0.8,0.74
X-1993,IRAK1,3654.0,Del0.8,0.74
X-1993,IRF7,3665.0,MutNovel,"T268A,0.273"
X-1993,IRS4,8471.0,Del0.8,0.74
X-1993,ITGB1BP2,26548.0,Del0.8,0.74
X-1993,ITIH6,347365.0,Del0.8,0.74
X-1993,ITM2A,9452.0,Del0.8,0.74
X-1993,JPX,554203.0,Del0.8,0.74
X-1993,KAL1,3730.0,Del0.8,0.74
X-1993,KANSL3,55683.0,Amp5,7.21
X-1993,KCND1,3750.0,Del0.8,0.74
X-1993,KCNE1L,23630.0,Del0.8,0.74
X-1993,KDM5C,8242.0,Del0.8,0.74
X-1993,KDM6A,7403.0,Del0.8,0.74
X-1993,KIAA0125,9834.0,Amp5,5.39
X-1993,KIAA1210,57481.0,Del0.8,0.74
X-1993,KIAA2022,340533.0,Del0.8,0.74
X-1993,KIF3A,11127.0,MutNovel,"R114Q,1.000"
X-1993,KIF4A,24137.0,Del0.8,0.74
X-1993,KLF8,11279.0,Del0.8,0.74
X-1993,KLHL13,90293.0,Del0.8,0.74
X-1993,KLHL15,80311.0,Del0.8,0.74
X-1993,KLHL34,257240.0,Del0.8,0.74
X-1993,KLHL4,56062.0,Del0.8,0.74
X-1993,KLRC2,3822.0,Del0.8,0.64
X-1993,KRT6C,286887.0,MutNovel,"A155T,0.333"
X-1993,L1CAM,3897.0,MutNovel,"G1149D,0.897"
X-1993,L1CAM,3897.0,Del0.8,0.74
X-1993,LAGE3,8270.0,Del0.8,0.74
X-1993,LAMP2,3920.0,Del0.8,0.74
X-1993,LANCL3,347404.0,Del0.8,0.74
X-1993,LAS1L,81887.0,Del0.8,0.74
X-1993,LDOC1,23641.0,Del0.8,0.74
X-1993,LHFPL1,340596.0,Del0.8,0.74
X-1993,LINC00086,399668.0,Del0.8,0.74
X-1993,LINC00087,644596.0,Del0.8,0.74
X-1993,LINC00226,338004.0,Amp5,5.06
X-1993,LIPE,3991.0,MutNovel,"KR497NG,0.583"
X-1993,LMAN2L,81562.0,Amp5,7.21
X-1993,LOC100128420,100128420.0,Del0.8,0.74
X-1993,LOC100129407,100129407.0,Del0.8,0.74
X-1993,LOC100129407,100129407.0,Del0.8,0.74
X-1993,LOC100129515,100129515.0,Del0.8,0.74
X-1993,LOC100129520,100129520.0,Del0.8,0.74
X-1993,LOC100129662,100129662.0,Del0.8,0.74
X-1993,LOC100131434,100131434.0,Del0.8,0.74
X-1993,LOC100132741,100132741.0,Del0.8,0.74
X-1993,LOC100132831,100132831.0,Del0.8,0.74
X-1993,LOC100133123,100133123.0,Del0.8,0.74
X-1993,LOC100133957,100133957.0,Del0.8,0.74
X-1993,LOC100133991,100133991.0,Amp5,6.02
X-1993,LOC100272228,100272228.0,Del0.8,0.74
X-1993,LOC100287765,100287765.0,Del0.8,0.74
X-1993,LOC100288814,100288814.0,Del0.8,0.74
X-1993,LOC100506757,100506757.0,Del0.8,0.74
X-1993,LOC100507404,100507404.0,Del0.8,0.74
X-1993,LOC100507404,100507404.0,Del0.8,0.74
X-1993,LOC158572,158572.0,Del0.8,0.74
X-1993,LOC158696,158696.0,Del0.8,0.74
X-1993,LOC286437,286437.0,Del0.8,0.74
X-1993,LOC286442,286442.0,Del0.8,0.74
X-1993,LOC286467,286467.0,Del0.8,0.74
X-1993,LOC340544,340544.0,Del0.8,0.74
X-1993,LOC347411,347411.0,Del0.8,0.74
X-1993,LOC389906,389906.0,Del0.8,0.74
X-1993,LOC401588,401588.0,Del0.8,0.74
X-1993,LOC442459,442459.0,Del0.8,0.74
X-1993,LOC550643,550643.0,Del0.8,0.74
X-1993,LOC554223,554223.0,MutNovel,"T110A,0.444"
X-1993,LOC643486,643486.0,Del0.8,0.74
X-1993,LOC643623,643623.0,Amp8,14.22
X-1993,LOC644172,644172.0,Amp5,6.02
X-1993,LOC729609,729609.0,Del0.8,0.74
X-1993,LOC92249,92249.0,Del0.8,0.74
X-1993,LONRF3,79836.0,Del0.8,0.74
X-1993,LPAR4,2846.0,Del0.8,0.74
X-1993,LRCH2,57631.0,Del0.8,0.74
X-1993,LRIF1,55791.0,MutNovel,"N487S,0.640"
X-1993,LRP12,29967.0,MutNovel,"P206L,0.529"
X-1993,LRRC37BP1,147172.0,Amp5,5.7
X-1993,LSR,51599.0,MutNovel,"G518GR,0.688"
X-1993,LUZP4,51213.0,Del0.8,0.74
X-1993,LY6D,8581.0,MutNovel,"T15K,0.292"
X-1993,MAGEA1,4100.0,Del0.8,0.74
X-1993,MAGEA10,4109.0,Del0.8,0.74
X-1993,MAGEA10-MAGEA5,100533997.0,Del0.8,0.74
X-1993,MAGEA11,4110.0,Del0.8,0.74
X-1993,MAGEA12,4111.0,Del0.8,0.74
X-1993,MAGEA2,4101.0,Del0.8,0.74
X-1993,MAGEA2,4101.0,Del0.8,0.74
X-1993,MAGEA3,4102.0,Del0.8,0.74
X-1993,MAGEA4,4103.0,Del0.8,0.74
X-1993,MAGEA5,4104.0,Del0.8,0.74
X-1993,MAGEA6,4105.0,Del0.8,0.74
X-1993,MAGEA8,4107.0,Del0.8,0.74
X-1993,MAGEA9B,728269.0,Del0.8,0.74
X-1993,MAGEA9B,728269.0,Del0.8,0.74
X-1993,MAGEB1,4112.0,Del0.8,0.74
X-1993,MAGEB10,139422.0,Del0.8,0.74
X-1993,MAGEB16,139604.0,Del0.8,0.74
X-1993,MAGEB18,286514.0,Del0.8,0.74
X-1993,MAGEB2,4113.0,Del0.8,0.74
X-1993,MAGEB3,4114.0,Del0.8,0.74
X-1993,MAGEB4,4115.0,Del0.8,0.74
X-1993,MAGEB6,158809.0,Del0.8,0.74
X-1993,MAGEC1,9947.0,MutNovel,"S267L,1.000"
X-1993,MAGEC1,9947.0,Del0.8,0.74
X-1993,MAGEC2,51438.0,Del0.8,0.74
X-1993,MAGEC3,139081.0,Del0.8,0.74
X-1993,MAGED1,9500.0,Del0.8,0.74
X-1993,MAGED2,10916.0,Del0.8,0.74
X-1993,MAGED4B,81557.0,Del0.8,0.74
X-1993,MAGED4B,81557.0,Del0.8,0.74
X-1993,MAGEE1,57692.0,Del0.8,0.74
X-1993,MAGEE2,139599.0,Del0.8,0.74
X-1993,MAGEH1,28986.0,Del0.8,0.74
X-1993,MAGIX,79917.0,Del0.8,0.74
X-1993,MAGT1,84061.0,Del0.8,0.74
X-1993,MAMLD1,10046.0,Del0.8,0.74
X-1993,MAOA,4128.0,Del0.8,0.74
X-1993,MAOB,4129.0,Del0.8,0.74
X-1993,MAP3K14,9020.0,Amp5,6.02
X-1993,MAP3K15,389840.0,Del0.8,0.74
X-1993,MAP7D2,256714.0,Del0.8,0.74
X-1993,MAP7D3,79649.0,Del0.8,0.74
X-1993,MAPK9,5601.0,MutNovel,"D17Y,0.944"
X-1993,MAPT,4137.0,Amp5,6.02
X-1993,MARK1,4139.0,MutNovel,"G141E,1.000"
X-1993,MBNL3,55796.0,Del0.8,0.74
X-1993,MBTPS2,51360.0,Del0.8,0.74
X-1993,MCF2,4168.0,Del0.8,0.74
X-1993,MCTS1,28985.0,Del0.8,0.74
X-1993,MECP2,4204.0,Del0.8,0.74
X-1993,MED12,9968.0,Del0.8,0.74
X-1993,MED12L,116931.0,MutNovel,"S1592Y,0.600"
X-1993,MED14,9282.0,Del0.8,0.74
X-1993,MEGF8,1954.0,MutKnownFunctional,"-2674,0.667"
X-1993,MGAT4A,11320.0,Amp5,5.7
X-1993,MGC16121,84848.0,Del0.8,0.74
X-1993,MGC57346,401884.0,Amp5,6.02
X-1993,MID1,4281.0,Del0.8,0.74
X-1993,MID1IP1,58526.0,Del0.8,0.74
X-1993,MID2,11043.0,Del0.8,0.74
X-1993,MINA,84864.0,MutNovel,"V276I,0.375"
X-1993,MIR105-1,406897.0,Del0.8,0.74
X-1993,MIR105-2,406898.0,Del0.8,0.74
X-1993,MIR106A,406899.0,Del0.8,0.74
X-1993,MIR1184-1,100302111.0,Del0.8,0.74
X-1993,MIR1184-1,100302111.0,Del0.8,0.74
X-1993,MIR1256,100302155.0,Del0.8,0.74
X-1993,MIR1264,100302251.0,Del0.8,0.74
X-1993,MIR1277,100302214.0,Del0.8,0.74
X-1993,MIR1298,100302153.0,Del0.8,0.74
X-1993,MIR1468,100302115.0,Del0.8,0.74
X-1993,MIR1827,100302217.0,Del0.8,0.73
X-1993,MIR188,406964.0,Del0.8,0.74
X-1993,MIR18B,574033.0,Del0.8,0.74
X-1993,MIR1911,100302222.0,Del0.8,0.74
X-1993,MIR1912,100302144.0,Del0.8,0.74
X-1993,MIR19B2,406981.0,Del0.8,0.74
X-1993,MIR20B,574032.0,Del0.8,0.74
X-1993,MIR2114,100313839.0,Del0.8,0.74
X-1993,MIR221,407006.0,Del0.8,0.74
X-1993,MIR222,407007.0,Del0.8,0.74
X-1993,MIR223,407008.0,Del0.8,0.74
X-1993,MIR23C,100500809.0,Del0.8,0.74
X-1993,MIR3127,100422928.0,Amp5,7.21
X-1993,MIR3202-1,100422987.0,Del0.8,0.74
X-1993,MIR3202-2,100422877.0,Del0.8,0.74
X-1993,MIR320D2,100302169.0,Del0.8,0.74
X-1993,MIR362,574030.0,Del0.8,0.74
X-1993,MIR363,574031.0,Del0.8,0.74
X-1993,MIR374A,442919.0,Del0.8,0.74
X-1993,MIR374B,100126317.0,Del0.8,0.74
X-1993,MIR374C,100500807.0,Del0.8,0.74
X-1993,MIR384,494333.0,Del0.8,0.74
X-1993,MIR3978,100616491.0,Del0.8,0.74
X-1993,MIR421,693122.0,Del0.8,0.74
X-1993,MIR424,494336.0,Del0.8,0.74
X-1993,MIR4328,100422932.0,Del0.8,0.74
X-1993,MIR4329,100423009.0,Del0.8,0.74
X-1993,MIR4330,100422930.0,Del0.8,0.74
X-1993,MIR448,554212.0,Del0.8,0.74
X-1993,MIR450A1,554214.0,Del0.8,0.74
X-1993,MIR450A2,574505.0,Del0.8,0.74
X-1993,MIR450B,100126302.0,Del0.8,0.74
X-1993,MIR452,574412.0,Del0.8,0.74
X-1993,MIR4536-1,100616155.0,Del0.8,0.74
X-1993,MIR4767,100616467.0,Del0.8,0.74
X-1993,MIR4768,100616249.0,Del0.8,0.74
X-1993,MIR4769,100616147.0,Del0.8,0.74
X-1993,MIR4770,100616373.0,Del0.8,0.74
X-1993,MIR500A,574502.0,Del0.8,0.74
X-1993,MIR500B,100422911.0,Del0.8,0.74
X-1993,MIR501,574503.0,Del0.8,0.74
X-1993,MIR502,574504.0,Del0.8,0.74
X-1993,MIR503,574506.0,Del0.8,0.74
X-1993,MIR504,574507.0,Del0.8,0.74
X-1993,MIR505,574508.0,Del0.8,0.74
X-1993,MIR506,574511.0,Del0.8,0.74
X-1993,MIR507,574512.0,Del0.8,0.74
X-1993,MIR508,574513.0,Del0.8,0.74
X-1993,MIR509-1,574514.0,Del0.8,0.74
X-1993,MIR510,574515.0,Del0.8,0.74
X-1993,MIR514A1,574516.0,Del0.8,0.74
X-1993,MIR514A2,574517.0,Del0.8,0.74
X-1993,MIR514B,100422847.0,Del0.8,0.74
X-1993,MIR532,693124.0,Del0.8,0.74
X-1993,MIR542,664617.0,Del0.8,0.74
X-1993,MIR545,664614.0,Del0.8,0.74
X-1993,MIR651,723779.0,Del0.8,0.74
X-1993,MIR660,724030.0,Del0.8,0.74
X-1993,MIR676,100500887.0,Del0.8,0.74
X-1993,MIR718,100313781.0,Del0.8,0.74
X-1993,MIR764,100313838.0,Del0.8,0.74
X-1993,MIR766,768218.0,Del0.8,0.74
X-1993,MIR767,768215.0,Del0.8,0.74
X-1993,MIR888,100126306.0,Del0.8,0.74
X-1993,MIR890,100126303.0,Del0.8,0.74
X-1993,MIR891A,100126341.0,Del0.8,0.74
X-1993,MIR891B,100126304.0,Del0.8,0.74
X-1993,MIR892A,100126342.0,Del0.8,0.74
X-1993,MIR892B,100126307.0,Del0.8,0.74
X-1993,MIR92A2,407049.0,Del0.8,0.74
X-1993,MIR934,100126324.0,Del0.8,0.74
X-1993,MIR98,407054.0,Del0.8,0.74
X-1993,MIRLET7F2,406889.0,Del0.8,0.74
X-1993,MLL3,58508.0,MutNovel,"D3802G,1.000"
X-1993,MLL3,58508.0,MutNovel,"C988V,0.500"
X-1993,MMGT1,93380.0,Del0.8,0.74
X-1993,MOCOS,55034.0,MutNovel,"V867A,0.619"
X-1993,MORC4,79710.0,Del0.8,0.74
X-1993,MORF4L2,9643.0,Del0.8,0.74
X-1993,MOSPD1,56180.0,Del0.8,0.74
X-1993,MOSPD2,158747.0,Del0.8,0.74
X-1993,MPP1,4354.0,Del0.8,0.74
X-1993,MSL3,10943.0,Del0.8,0.74
X-1993,MSN,4478.0,Del0.8,0.74
X-1993,MST4,51765.0,Del0.8,0.74
X-1993,MTA3,57504.0,MutKnownFunctional,"-499,0.378"
X-1993,MTCP1,4515.0,Del0.8,0.74
X-1993,MTCP1NB,100272147.0,Del0.8,0.74
X-1993,MTM1,4534.0,Del0.8,0.74
X-1993,MTMR1,8776.0,Del0.8,0.74
X-1993,MTMR8,55613.0,Del0.8,0.74
X-1993,MTRNR2L10,100463488.0,Del0.8,0.74
X-1993,MUM1L1,139221.0,Del0.8,0.74
X-1993,MXRA5,25878.0,MutNovel,"R2336K,1.000"
X-1993,MXRA5,25878.0,Del0.8,0.74
X-1993,MYO1F,4542.0,MutNovel,"A946S,1.000"
X-1993,MYO3A,53904.0,MutNovel,"R179Q,0.750"
X-1993,NAA10,8260.0,Del0.8,0.74
X-1993,NAP1L2,4674.0,Del0.8,0.74
X-1993,NAP1L3,4675.0,Del0.8,0.74
X-1993,NAP1L6,645996.0,Del0.8,0.74
X-1993,NCOA7,135112.0,Amp8,14.22
X-1993,NDP,4693.0,Del0.8,0.74
X-1993,NDUFA1,4694.0,Del0.8,0.74
X-1993,NDUFB11,54539.0,Del0.8,0.74
X-1993,NEURL3,93082.0,Amp5,7.21
X-1993,NGFRAP1,27018.0,Del0.8,0.74
X-1993,NHS,4810.0,Del0.8,0.74
X-1993,NHSL2,340527.0,Del0.8,0.74
X-1993,NIN,51199.0,MutNovel,"Q1993K,0.622"
X-1993,NIPBL,25836.0,MutNovel,"P407Q,0.667"
X-1993,NKAP,79576.0,Del0.8,0.74
X-1993,NKAPP1,158801.0,Del0.8,0.74
X-1993,NKRF,55922.0,Del0.8,0.74
X-1993,NLGN3,54413.0,Del0.8,0.74
X-1993,NLGN4X,57502.0,Del0.8,0.74
X-1993,NONO,4841.0,Del0.8,0.74
X-1993,NOX1,27035.0,Del0.8,0.74
X-1993,NR0B1,190.0,Del0.8,0.74
X-1993,NR1H2,7376.0,MutNovel,"-173Q,0.409"
X-1993,NRK,203447.0,Del0.8,0.74
X-1993,NSDHL,50814.0,Del0.8,0.74
X-1993,NSF,4905.0,Amp5,5.17
X-1993,NTF4,4909.0,MutNovel,"E63V,1.000"
X-1993,NUDT10,170685.0,Del0.8,0.74
X-1993,NUDT11,55190.0,Del0.8,0.74
X-1993,NUP160,23279.0,MutNovel,"R1434L,0.288"
X-1993,NUP62CL,54830.0,Del0.8,0.74
X-1993,NUP85,79902.0,MutNovel,"R641G,0.536"
X-1993,NXF2,56001.0,Del0.8,0.74
X-1993,NXF2,56001.0,Del0.8,0.74
X-1993,NXF2B,728343.0,Del0.8,0.74
X-1993,NXF2B,728343.0,Del0.8,0.74
X-1993,NXF3,56000.0,Del0.8,0.74
X-1993,NXF4,55999.0,Del0.8,0.74
X-1993,NXF5,55998.0,Del0.8,0.74
X-1993,NXT2,55916.0,Del0.8,0.74
X-1993,NYX,60506.0,Del0.8,0.74
X-1993,OCRL,4952.0,Del0.8,0.74
X-1993,ODZ1,10178.0,Del0.8,0.74
X-1993,OFD1,8481.0,Del0.8,0.74
X-1993,OGT,8473.0,Del0.8,0.74
X-1993,OPHN1,4983.0,Del0.8,0.74
X-1993,OPN1LW,5956.0,Del0.8,0.74
X-1993,OPN1MW,2652.0,Del0.8,0.74
X-1993,OR13H1,347468.0,Del0.8,0.74
X-1993,OR2A7,401427.0,Amp5,5.03
X-1993,OR2A9P,441295.0,Amp5,5.03
X-1993,ORAI1,84876.0,MutNovel,"A191P,0.500"
X-1993,OTC,5009.0,Del0.8,0.74
X-1993,OTUD5,55593.0,Del0.8,0.74
X-1993,OTUD6A,139562.0,Del0.8,0.74
X-1993,P2RY10,27334.0,Del0.8,0.74
X-1993,P2RY4,5030.0,Del0.8,0.74
X-1993,PABPC1L2A,340529.0,Del0.8,0.74
X-1993,PABPC1L2B,645974.0,Del0.8,0.74
X-1993,PABPC5,140886.0,Del0.8,0.74
X-1993,PAGE1,8712.0,Del0.8,0.74
X-1993,PAGE2,203569.0,Del0.8,0.74
X-1993,PAGE2B,389860.0,Del0.8,0.74
X-1993,PAGE3,139793.0,Del0.8,0.74
X-1993,PAGE4,9506.0,Del0.8,0.74
X-1993,PAGE5,90737.0,Del0.8,0.74
X-1993,PAK3,5063.0,Del0.8,0.74
X-1993,PAPD7,11044.0,MutNovel,"P168S,0.400"
X-1993,PARG,8505.0,MutNovel,"A584T,0.211"
X-1993,PASD1,139135.0,Del0.8,0.74
X-1993,PCDH11X,27328.0,Del0.8,0.74
X-1993,PCDH19,57526.0,Del0.8,0.74
X-1993,PCDHA7,56141.0,MutNovel,"P329S,1.000"
X-1993,PCSK1N,27344.0,Del0.8,0.74
X-1993,PCYT1B,9468.0,Del0.8,0.74
X-1993,PDHA1,5160.0,Del0.8,0.74
X-1993,PDK3,5165.0,Del0.8,0.74
X-1993,PDZD11,51248.0,Del0.8,0.74
X-1993,PDZD4,57595.0,Del0.8,0.74
X-1993,PET112,5188.0,MutNovel,"G41E,0.667"
X-1993,PFKFB1,5207.0,Del0.8,0.74
X-1993,PGAM4,441531.0,Del0.8,0.74
X-1993,PGK1,5230.0,Del0.8,0.74
X-1993,PGRMC1,10857.0,Del0.8,0.74
X-1993,PHEX,5251.0,Del0.8,0.74
X-1993,PHF16,9767.0,Del0.8,0.74
X-1993,PHF6,84295.0,Del0.8,0.74
X-1993,PHF8,23133.0,Del0.8,0.74
X-1993,PHKA1,5255.0,Del0.8,0.74
X-1993,PHKA2,5256.0,Del0.8,0.74
X-1993,PHLDA1,22822.0,MutNovel,"QQ194Q,0.667"
X-1993,PIGA,5277.0,Del0.8,0.74
X-1993,PIGO,84720.0,MutNovel,"N370S,0.656"
X-1993,PIK3R2,5296.0,MutNovel,"L614V,0.293"
X-1993,PIM2,11040.0,Del0.8,0.74
X-1993,PIN4,5303.0,Del0.8,0.74
X-1993,PIR,8544.0,Del0.8,0.74
X-1993,PIR-FIGF,100532742.0,Del0.8,0.74
X-1993,PITPNM2,57605.0,MutNovel,"D213Y,0.750"
X-1993,PJA1,64219.0,Del0.8,0.74
X-1993,PKP3,11187.0,MutNovel,"D639N,0.759"
X-1993,PLAC1,10761.0,Del0.8,0.74
X-1993,PLCD3,113026.0,Amp5,6.02
X-1993,PLCH2,9651.0,MutNovel,"P999T,0.909"
X-1993,PLEKHM1,9842.0,Amp5,6.02
X-1993,PLP1,5354.0,Del0.8,0.74
X-1993,PLP2,5355.0,Del0.8,0.74
X-1993,PLS3,5358.0,Del0.8,0.74
X-1993,PLXNA2,5362.0,MutNovel,"I268N,0.750"
X-1993,PLXNA3,55558.0,Del0.8,0.74
X-1993,PLXNB2,23654.0,MutNovel,"E1135Q,0.973"
X-1993,PLXNB3,5365.0,Del0.8,0.74
X-1993,PNCK,139728.0,Del0.8,0.74
X-1993,PNISR,25957.0,MutKnownFunctional,"-680,0.889"
X-1993,PNMA3,29944.0,Del0.8,0.74
X-1993,PNMA5,114824.0,Del0.8,0.74
X-1993,PNMA6A,84968.0,Del0.8,0.74
X-1993,PNMA6A,84968.0,Del0.8,0.74
X-1993,PNMA6C,100287428.0,Del0.8,0.74
X-1993,PNMA6D,100287466.0,Del0.8,0.74
X-1993,PNMA6D,100287466.0,Del0.8,0.74
X-1993,PNPLA4,8228.0,Del0.8,0.74
X-1993,POF1B,79983.0,Del0.8,0.74
X-1993,POLA1,5422.0,Del0.8,0.74
X-1993,PORCN,64840.0,Del0.8,0.74
X-1993,POU3F4,5456.0,Del0.8,0.74
X-1993,PPEF1,5475.0,Del0.8,0.74
X-1993,PPP1R2P9,80316.0,Del0.8,0.74
X-1993,PPP1R3F,89801.0,Del0.8,0.74
X-1993,PPP4R2,151987.0,MutNovel,"Q205H,1.000"
X-1993,PQBP1,10084.0,Del0.8,0.74
X-1993,PRAF2,11230.0,Del0.8,0.74
X-1993,PRDX4,10549.0,Del0.8,0.74
X-1993,PRICKLE3,4007.0,Del0.8,0.74
X-1993,PRKX,5613.0,Del0.8,0.74
X-1993,PRPS1,5631.0,Del0.8,0.74
X-1993,PRPS2,5634.0,Del0.8,0.74
X-1993,PRRC2B,84726.0,MutNovel,"A2162S,0.706"
X-1993,PRRG1,5638.0,Del0.8,0.74
X-1993,PRRG3,79057.0,Del0.8,0.74
X-1993,PRSS1,5644.0,MutNovel,"N54S,1.000"
X-1993,PSMD10,5716.0,Del0.8,0.74
X-1993,PSMD13,5719.0,MutNovel,"V85I,0.277"
X-1993,PTCHD1,139411.0,Del0.8,0.74
X-1993,RAB33A,9363.0,Del0.8,0.74
X-1993,RAB39B,116442.0,Del0.8,0.74
X-1993,RAB40A,142684.0,Del0.8,0.74
X-1993,RAB40AL,282808.0,Del0.8,0.74
X-1993,RAB41,347517.0,Del0.8,0.74
X-1993,RAB9A,9367.0,Del0.8,0.74
X-1993,RAB9B,51209.0,Del0.8,0.74
X-1993,RAI2,10742.0,Del0.8,0.74
X-1993,RAP2C,57826.0,Del0.8,0.74
X-1993,RASA1,5921.0,MutKnownFunctional,"R427*,1.000"
X-1993,RBBP7,5931.0,Del0.8,0.74
X-1993,RBM10,8241.0,MutKnownFunctional,"Q321*,0.750"
X-1993,RBM10,8241.0,Del0.8,0.74
X-1993,RBM3,5935.0,Del0.8,0.74
X-1993,RBM41,55285.0,Del0.8,0.74
X-1993,RBMX,27316.0,Del0.8,0.74
X-1993,RBMX2,51634.0,Del0.8,0.74
X-1993,RBMXL1,494115.0,MutNovel,"G289C,0.750"
X-1993,RBMXL3,139804.0,Del0.8,0.74
X-1993,RENBP,5973.0,Del0.8,0.74
X-1993,REPS2,9185.0,Del0.8,0.74
X-1993,RFWD2,64326.0,MutNovel,"C475Y,0.667"
X-1993,RGAG1,57529.0,Del0.8,0.74
X-1993,RGAG4,340526.0,Del0.8,0.74
X-1993,RGMB,285704.0,MutNovel,"D364N,1.000"
X-1993,RGN,9104.0,Del0.8,0.74
X-1993,RGS12,6002.0,MutNovel,"R1399Q,0.805"
X-1993,RHCG,51458.0,MutNovel,"F376S,0.800"
X-1993,RHOXF1,158800.0,Del0.8,0.74
X-1993,RHOXF2B,727940.0,Del0.8,0.74
X-1993,RHOXF2B,727940.0,Del0.8,0.74
X-1993,RHPN2,85415.0,MutNovel,"G167V,0.562"
X-1993,RIBC1,158787.0,Del0.8,0.74
X-1993,RIPPLY1,92129.0,Del0.8,0.74
X-1993,RLIM,51132.0,Del0.8,0.74
X-1993,RNF113A,7737.0,Del0.8,0.74
X-1993,RNF128,79589.0,Del0.8,0.74
X-1993,RNF217,154214.0,Amp8,14.72
X-1993,RP1-177G6.2,286411.0,Del0.8,0.74
X-1993,RP1L1,94137.0,MutNovel,"P473T,1.000"
X-1993,RP2,6102.0,Del0.8,0.74
X-1993,RPA4,29935.0,Del0.8,0.74
X-1993,RPGR,6103.0,Del0.8,0.74
X-1993,RPL10,6134.0,Del0.8,0.74
X-1993,RPL36A,6173.0,Del0.8,0.74
X-1993,RPL36A-HNRNPH2,100529097.0,Del0.8,0.74
X-1993,RPL39,6170.0,Del0.8,0.74
X-1993,RPS26P11,441502.0,Del0.8,0.74
X-1993,RPS4X,6191.0,Del0.8,0.74
X-1993,RPS6KA3,6197.0,Del0.8,0.74
X-1993,RPS6KA6,27330.0,Del0.8,0.74
X-1993,RRAGB,10325.0,Del0.8,0.74
X-1993,RS1,6247.0,Del0.8,0.74
X-1993,RSF1,51773.0,MutNovel,"D747Y,0.364"
X-1993,S100A14,57402.0,MutNovel,"T42N,0.324"
X-1993,S100G,795.0,Del0.8,0.74
X-1993,SAGE1,55511.0,Del0.8,0.74
X-1993,SASH3,54440.0,Del0.8,0.74
X-1993,SAT1,6303.0,Del0.8,0.74
X-1993,SATL1,340562.0,Del0.8,0.74
X-1993,SCAMP3,10067.0,MutNovel,"L138V,0.671"
X-1993,SCAND3,114821.0,MutNovel,"A974D,1.000"
X-1993,SCARNA23,677773.0,Del0.8,0.74
X-1993,SCARNA9L,100158262.0,Del0.8,0.74
X-1993,SCML1,6322.0,Del0.8,0.74
X-1993,SCML2,10389.0,Del0.8,0.74
X-1993,SEC31B,25956.0,MutNovel,"V635L,0.429"
X-1993,SEMA4C,54910.0,Amp5,7.21
X-1993,2014-09-06 00:00:00,23157.0,Del0.8,0.74
X-1993,SERINC2,347735.0,MutNovel,"-373Q,0.621"
X-1993,SERPINA7,6906.0,Del0.8,0.74
X-1993,SH2D1A,4068.0,Del0.8,0.74
X-1993,SH3BGRL,6451.0,Del0.8,0.74
X-1993,SH3BP4,23677.0,MutNovel,"G709C,0.667"
X-1993,SH3GL1P2,6459.0,Amp5,5.7
X-1993,SH3KBP1,30011.0,Del0.8,0.74
X-1993,SHROOM2,357.0,Del0.8,0.74
X-1993,SHROOM4,57477.0,Del0.8,0.74
X-1993,SIPA1,6494.0,MutNovel,"E172K,0.400"
X-1993,SIRPB1,10326.0,MutNovel,"D130T,1.000"
X-1993,SLC10A3,8273.0,Del0.8,0.74
X-1993,SLC16A2,6567.0,Del0.8,0.74
X-1993,SLC25A14,9016.0,Del0.8,0.74
X-1993,SLC25A43,203427.0,Del0.8,0.74
X-1993,SLC25A5,292.0,Del0.8,0.74
X-1993,SLC25A5-AS1,100303728.0,Del0.8,0.74
X-1993,SLC35A2,7355.0,Del0.8,0.74
X-1993,SLC38A4,55089.0,MutNovel,"L408F,1.000"
X-1993,SLC38A5,92745.0,Del0.8,0.74
X-1993,SLC6A14,11254.0,Del0.8,0.74
X-1993,SLC6A4,6532.0,Amp5,5.7
X-1993,SLC6A8,6535.0,Del0.8,0.74
X-1993,SLC7A3,84889.0,Del0.8,0.74
X-1993,SLC9A6,10479.0,Del0.8,0.74
X-1993,SLC9A7,84679.0,Del0.8,0.74
X-1993,SLITRK2,84631.0,Del0.8,0.74
X-1993,SLITRK4,139065.0,Del0.8,0.74
X-1993,SLITRK6,84189.0,MutNovel,"Q578H,0.400"
X-1993,SLTM,79811.0,MutNovel,"G408E,0.509"
X-1993,SMARCA1,6594.0,Del0.8,0.74
X-1993,SMC1A,8243.0,Del0.8,0.74
X-1993,SMEK3P,139420.0,Del0.8,0.74
X-1993,SMG9,56006.0,MutNovel,"P65H,0.417"
X-1993,SMPX,23676.0,Del0.8,0.74
X-1993,SMS,6611.0,Del0.8,0.74
X-1993,SNORA11,677799.0,Del0.8,0.74
X-1993,SNORA11C,100124540.0,Del0.8,0.74
X-1993,SNORA11D,100124541.0,Del0.8,0.74
X-1993,SNORA11D,100124541.0,Del0.8,0.74
X-1993,SNORA11E,100124542.0,Del0.8,0.74
X-1993,SNORA11E,100124542.0,Del0.8,0.74
X-1993,SNORA35,677816.0,Del0.8,0.74
X-1993,SNORA36A,677817.0,Del0.8,0.74
X-1993,SNORA56,677835.0,Del0.8,0.74
X-1993,SNORA69,26779.0,Del0.8,0.74
X-1993,SNORA70,26778.0,Del0.8,0.74
X-1993,SNORD61,26787.0,Del0.8,0.74
X-1993,SNORD96B,692226.0,Del0.8,0.74
X-1993,SNX12,29934.0,Del0.8,0.74
X-1993,SON,6651.0,MutNovel,"A603P,0.800"
X-1993,SOWAHD,347454.0,Del0.8,0.74
X-1993,SOX3,6658.0,Del0.8,0.74
X-1993,SPACA5,389852.0,Del0.8,0.74
X-1993,SPANXA2,728712.0,Del0.8,0.74
X-1993,SPANXA2,728712.0,Del0.8,0.74
X-1993,SPANXA2-OT1,619455.0,Del0.8,0.74
X-1993,SPANXB1,728695.0,Del0.8,0.74
X-1993,SPANXC,64663.0,Del0.8,0.74
X-1993,SPANXN1,494118.0,Del0.8,0.74
X-1993,SPANXN2,494119.0,Del0.8,0.74
X-1993,SPANXN3,139067.0,Del0.8,0.74
X-1993,SPANXN4,441525.0,Del0.8,0.74
X-1993,SPANXN5,494197.0,Del0.8,0.74
X-1993,SPIN2A,54466.0,Del0.8,0.74
X-1993,SPIN2B,474343.0,Del0.8,0.74
X-1993,SPIN3,169981.0,Del0.8,0.74
X-1993,SPIN4,139886.0,Del0.8,0.74
X-1993,SPTB,6710.0,MutNovel,"R2211S,0.481"
X-1993,SRD5A1P1,6719.0,Del0.8,0.74
X-1993,SRPK3,26576.0,Del0.8,0.74
X-1993,SRPX,8406.0,Del0.8,0.74
X-1993,SRPX2,27286.0,Del0.8,0.74
X-1993,SRSF4,6429.0,MutNovel,"R409P,0.296"
X-1993,SSR4,6748.0,Del0.8,0.74
X-1993,SSX1,6756.0,Del0.8,0.74
X-1993,SSX2,6757.0,Del0.8,0.74
X-1993,SSX2,6757.0,Del0.8,0.74
X-1993,SSX2B,727837.0,Del0.8,0.74
X-1993,SSX2B,727837.0,Del0.8,0.74
X-1993,SSX3,10214.0,Del0.8,0.74
X-1993,SSX4,6759.0,Del0.8,0.74
X-1993,SSX4,6759.0,Del0.8,0.74
X-1993,SSX5,6758.0,Del0.8,0.74
X-1993,SSX6,280657.0,Del0.8,0.74
X-1993,SSX7,280658.0,Del0.8,0.74
X-1993,SSX8,280659.0,Del0.8,0.74
X-1993,STAG2,10735.0,Del0.8,0.74
X-1993,STARD8,9754.0,Del0.8,0.74
X-1993,STH,246744.0,Amp5,6.02
X-1993,STL,7955.0,Amp8,14.72
X-1993,STS,412.0,Del0.8,0.74
X-1993,STXBP2,6813.0,MutNovel,"S458T,0.552"
X-1993,STXBP6,29091.0,MutNovel,"K147T,0.250"
X-1993,SUV39H1,6839.0,Del0.8,0.74
X-1993,SYAP1,94056.0,MutNovel,"E39D,0.973"
X-1993,SYAP1,94056.0,Del0.8,0.74
X-1993,SYN1,6853.0,Del0.8,0.74
X-1993,SYNCRIP,10492.0,MutNovel,"R557C,0.421"
X-1993,SYP,6855.0,Del0.8,0.74
X-1993,SYTL4,94121.0,Del0.8,0.74
X-1993,SYTL5,94122.0,Del0.8,0.74
X-1993,TAB3,257397.0,Del0.8,0.74
X-1993,TAF1,6872.0,Del0.8,0.74
X-1993,TAF7L,54457.0,Del0.8,0.74
X-1993,TAF9B,51616.0,Del0.8,0.74
X-1993,TAZ,6901.0,Del0.8,0.74
X-1993,TBC1D25,4943.0,Del0.8,0.74
X-1993,TBC1D29,26083.0,Amp5,5.7
X-1993,TBC1D8B,54885.0,Del0.8,0.74
X-1993,TBL1X,6907.0,Del0.8,0.74
X-1993,TBX22,50945.0,Del0.8,0.74
X-1993,TCEAL1,9338.0,Del0.8,0.74
X-1993,TCEAL2,140597.0,Del0.8,0.74
X-1993,TCEAL3,85012.0,Del0.8,0.74
X-1993,TCEAL4,79921.0,Del0.8,0.74
X-1993,TCEAL5,340543.0,Del0.8,0.74
X-1993,TCEAL6,158931.0,Del0.8,0.74
X-1993,TCEAL7,56849.0,Del0.8,0.74
X-1993,TCEAL8,90843.0,Del0.8,0.74
X-1993,TCEANC,170082.0,Del0.8,0.74
X-1993,TDGF1P3,6998.0,Del0.8,0.74
X-1993,TECTA,7007.0,MutNovel,"R2101L,1.000"
X-1993,TEX11,56159.0,Del0.8,0.74
X-1993,TEX13A,56157.0,Del0.8,0.74
X-1993,TEX13B,56156.0,Del0.8,0.74
X-1993,TEX28,1527.0,Del0.8,0.74
X-1993,TFDP3,51270.0,Del0.8,0.74
X-1993,TFE3,7030.0,Del0.8,0.74
X-1993,TGFB1,7040.0,MutNovel,"R385G,0.450"
X-1993,TGIF2LX,90316.0,Del0.8,0.74
X-1993,THAP11,57215.0,MutNovel,"Q122E,0.714"
X-1993,THOC2,57187.0,Del0.8,0.74
X-1993,TIMM17B,10245.0,Del0.8,0.74
X-1993,TIMM8A,1678.0,Del0.8,0.74
X-1993,TIMP1,7076.0,Del0.8,0.74
X-1993,TKTL1,8277.0,Del0.8,0.74
X-1993,TLR7,51284.0,Del0.8,0.74
X-1993,TLR8,51311.0,Del0.8,0.74
X-1993,TLR8-AS1,349408.0,Del0.8,0.74
X-1993,TMEM164,84187.0,Del0.8,0.74
X-1993,TMEM185A,84548.0,Del0.8,0.74
X-1993,TMEM185B,79134.0,MutNovel,"D303N,0.623"
X-1993,TMEM187,8269.0,Del0.8,0.74
X-1993,TMEM27,57393.0,Del0.8,0.74
X-1993,TMEM31,203562.0,Del0.8,0.74
X-1993,TMEM35,59353.0,Del0.8,0.74
X-1993,TMEM47,83604.0,Del0.8,0.74
X-1993,TMIGD1,388364.0,Amp5,5.7
X-1993,TMLHE,55217.0,Del0.8,0.74
X-1993,TMSB15A,11013.0,Del0.8,0.74
X-1993,TMSB15B,286527.0,Del0.8,0.74
X-1993,TMSB4X,7114.0,Del0.8,0.74
X-1993,TNMD,64102.0,Del0.8,0.74
X-1993,TOR4A,,MutNovel,"L364V,1.000"
X-1993,TP53,7157.0,MutKnownFunctional,"C238*,0.714"
X-1993,TP53TG3,24150.0,Del0.8,0.78
X-1993,TP53TG3B,729355.0,Del0.8,0.78
X-1993,TPD52L1,7164.0,Amp8,14.72
X-1993,TPTE,7179.0,MutNovel,"V52L,1.000"
X-1993,TRAK2,66008.0,MutNovel,"R257C,1.000"
X-1993,TRAPPC2,6399.0,Del0.8,0.74
X-1993,TRAPPC9,83696.0,MutNovel,"Q1164H,0.486"
X-1993,TREX2,11219.0,Del0.8,0.74
X-1993,TRIM21,6737.0,MutNovel,"G47V,0.344"
X-1993,TRMT11,60487.0,Amp8,15.14
X-1993,TRMT2B,79979.0,Del0.8,0.74
X-1993,TRO,7216.0,Del0.8,0.74
X-1993,TRPC5,7224.0,Del0.8,0.74
X-1993,TSC22D3,1831.0,Del0.8,0.74
X-1993,TSIX,9383.0,Del0.8,0.74
X-1993,TSPAN6,7105.0,Del0.8,0.74
X-1993,TSPAN7,7102.0,Del0.8,0.74
X-1993,TSPY10,,MutNovel,"P195R,0.759"
X-1993,TSPY10,,MutNovel,"S275I,0.893"
X-1993,TSPY10,,MutNovel,"D277C,0.891"
X-1993,TSPY10,,MutNovel,"LC276PV,0.882"
X-1993,TSPY10,,MutNovel,"CK277WA,0.846"
X-1993,TSPY10,,MutNovel,"D279H,0.804"
X-1993,TSPY10,,MutNovel,"LW280PP,0.771"
X-1993,TSPY10,,MutNovel,"WR281CA,0.735"
X-1993,TSPY10,,MutNovel,"N283I,0.725"
X-1993,TSPY10,,MutNovel,"LQ285QE,0.700"
X-1993,TSPY10,,MutNovel,"Y287D,0.667"
X-1993,TSPY10,,MutKnownFunctional,"YK288*A,0.628"
X-1993,TSPY10,,MutNovel,"RM290TW,0.535"
X-1993,TSPY10,,MutNovel,"MK291IE,0.537"
X-1993,TSPY10,,MutNovel,"PP293GT,0.463"
X-1993,TSPY10,,MutNovel,"PE294HR,0.333"
X-1993,TSPY10,,MutNovel,"EG296DS,0.220"
X-1993,TSPYL2,64061.0,Del0.8,0.74
X-1993,TSR2,90121.0,Del0.8,0.74
X-1993,TTC3P1,286495.0,Del0.8,0.74
X-1993,TTC7B,145567.0,MutNovel,"R9L,1.000"
X-1993,TUBGCP3,10426.0,MutNovel,"L707F,0.333"
X-1993,TXLNG,55787.0,Del0.8,0.74
X-1993,TXNDC5,81567.0,MutKnownFunctional,"PE177P*,0.900"
X-1993,UBA1,7317.0,Del0.8,0.74
X-1993,UBE2A,7319.0,Del0.8,0.74
X-1993,UBE2DNL,100131816.0,Del0.8,0.74
X-1993,UBE2NL,389898.0,Del0.8,0.74
X-1993,UBL4A,8266.0,Del0.8,0.74
X-1993,UBQLN2,29978.0,Del0.8,0.74
X-1993,UHRF1BP1L,23074.0,Del0.8,0.73
X-1993,UNC50,25972.0,Amp5,7.67
X-1993,UPF3B,65109.0,Del0.8,0.74
X-1993,UPRT,139596.0,Del0.8,0.74
X-1993,UQCRBP1,442454.0,Del0.8,0.74
X-1993,USP11,8237.0,Del0.8,0.74
X-1993,USP26,83844.0,Del0.8,0.74
X-1993,USP27X,389856.0,Del0.8,0.74
X-1993,USP51,158880.0,Del0.8,0.74
X-1993,USP9X,8239.0,Del0.8,0.74
X-1993,UTP14A,10813.0,Del0.8,0.74
X-1993,UTY,7404.0,MutNovel,"A388P,0.667"
X-1993,UTY,7404.0,MutNovel,"LA387DP,0.667"
X-1993,UTY,7404.0,MutNovel,"T386L,0.500"
X-1993,UTY,7404.0,MutNovel,"S385G,0.500"
X-1993,UTY,7404.0,MutNovel,"NT383TS,0.500"
X-1993,UTY,7404.0,MutNovel,"S382T,0.600"
X-1993,UTY,7404.0,MutNovel,"RC380SS,0.600"
X-1993,UTY,7404.0,MutKnownFunctional,"SK378T*,0.500"
X-1993,UTY,7404.0,MutNovel,"R377L,0.400"
X-1993,UTY,7404.0,MutNovel,"A376L,0.500"
X-1993,UTY,7404.0,MutNovel,"N374L,0.500"
X-1993,UTY,7404.0,MutNovel,"YL372SA,0.500"
X-1993,UTY,7404.0,MutNovel,"CY371YN,0.500"
X-1993,UTY,7404.0,MutNovel,"K370F,0.667"
X-1993,UTY,7404.0,MutNovel,"I369C,0.667"
X-1993,UTY,7404.0,MutNovel,"E78Q,0.667"
X-1993,UXT,8409.0,Del0.8,0.74
X-1993,VBP1,7411.0,Del0.8,0.74
X-1993,VCX,26609.0,Del0.8,0.74
X-1993,VCX2,51480.0,Del0.8,0.74
X-1993,VCX3A,51481.0,Del0.8,0.74
X-1993,VCX3B,425054.0,MutNovel,"K40E,0.989"
X-1993,VCX3B,425054.0,MutNovel,"K43E,1.000"
X-1993,VCX3B,425054.0,MutNovel,"R47G,1.000"
X-1993,VCX3B,425054.0,Del0.8,0.74
X-1993,VENTXP1,139538.0,Del0.8,0.74
X-1993,VGLL1,51442.0,Del0.8,0.74
X-1993,VMA21,203547.0,Del0.8,0.74
X-1993,VPS26A,9559.0,MutNovel,"I164F,0.433"
X-1993,VPS45,11311.0,MutNovel,"D383H,0.549"
X-1993,VSIG1,340547.0,Del0.8,0.74
X-1993,VSIG4,11326.0,Del0.8,0.74
X-1993,WAS,7454.0,Del0.8,0.74
X-1993,WBP5,51186.0,Del0.8,0.74
X-1993,WDR13,64743.0,Del0.8,0.74
X-1993,WDR25,79446.0,MutNovel,"R496L,0.800"
X-1993,WDR44,54521.0,Del0.8,0.74
X-1993,WDR45,11152.0,Del0.8,0.74
X-1993,WNK3,65267.0,Del0.8,0.74
X-1993,WWC3,55841.0,Del0.8,0.74
X-1993,XAGE1A,653219.0,Del0.8,0.74
X-1993,XAGE1A,653219.0,Del0.8,0.74
X-1993,XAGE1C,653048.0,Del0.8,0.74
X-1993,XAGE1C,653048.0,Del0.8,0.74
X-1993,XAGE2,9502.0,Del0.8,0.74
X-1993,XAGE2,9502.0,Del0.8,0.74
X-1993,XAGE3,170626.0,Del0.8,0.74
X-1993,XAGE5,170627.0,Del0.8,0.74
X-1993,XIAP,331.0,Del0.8,0.74
X-1993,XIST,7503.0,Del0.8,0.74
X-1993,XK,7504.0,Del0.8,0.74
X-1993,XKRX,402415.0,Del0.8,0.74
X-1993,XPNPEP2,7512.0,Del0.8,0.74
X-1993,YIPF6,286451.0,Del0.8,0.74
X-1993,YY2,404281.0,Del0.8,0.74
X-1993,ZBTB11,27107.0,MutNovel,"Q960H,0.372"
X-1993,ZBTB33,10009.0,Del0.8,0.74
X-1993,ZBTB48,3104.0,MutNovel,"R611C,0.308"
X-1993,ZC3H12B,340554.0,Del0.8,0.74
X-1993,ZC4H2,55906.0,Del0.8,0.74
X-1993,ZCCHC12,170261.0,Del0.8,0.74
X-1993,ZCCHC13,389874.0,Del0.8,0.74
X-1993,ZCCHC16,340595.0,Del0.8,0.74
X-1993,ZCCHC18,644353.0,Del0.8,0.74
X-1993,ZCCHC5,203430.0,Del0.8,0.74
X-1993,ZDHHC15,158866.0,Del0.8,0.74
X-1993,ZDHHC9,51114.0,Del0.8,0.74
X-1993,ZFP106,64397.0,MutNovel,"D1878N,0.577"
X-1993,ZFP92,139735.0,Del0.8,0.74
X-1993,ZFX,7543.0,Del0.8,0.74
X-1993,ZFYVE9,9372.0,MutNovel,"E204G,0.600"
X-1993,ZIC3,7547.0,Del0.8,0.74
X-1993,ZMAT1,84460.0,Del0.8,0.74
X-1993,ZMYM3,9203.0,Del0.8,0.74
X-1993,ZNF136,7695.0,MutNovel,"R516C,0.333"
X-1993,ZNF157,7712.0,Del0.8,0.74
X-1993,ZNF182,7569.0,Del0.8,0.74
X-1993,ZNF185,7739.0,Del0.8,0.74
X-1993,ZNF275,10838.0,Del0.8,0.74
X-1993,ZNF280C,55609.0,Del0.8,0.74
X-1993,ZNF397,84307.0,MutNovel,"E478V,0.333"
X-1993,ZNF41,7592.0,Del0.8,0.74
X-1993,ZNF449,203523.0,Del0.8,0.74
X-1993,ZNF507,22847.0,MutNovel,"D475N,0.556"
X-1993,ZNF630,57232.0,Del0.8,0.74
X-1993,ZNF645,158506.0,Del0.8,0.74
X-1993,ZNF673,55634.0,Del0.8,0.74
X-1993,ZNF674,641339.0,Del0.8,0.74
X-1993,ZNF708,7562.0,MutNovel,"E535K,0.333"
X-1993,ZNF711,7552.0,Del0.8,0.74
X-1993,ZNF75D,7626.0,Del0.8,0.74
X-1993,ZNF806,,MutNovel,"F97L,1.000"
X-1993,ZNF81,347344.0,Del0.8,0.74
X-1993,ZRANB1,54764.0,MutKnownFunctional,"-709?,0.279"
X-1993,ZRSR2,8233.0,Del0.8,0.74
X-1993,ZXDA,7789.0,Del0.8,0.74
X-1993,ZXDB,158586.0,Del0.8,0.74
X-1993,ZXDC,79364.0,MutNovel,"I347V,0.692"
X-2017,ABCA11P,79963.0,Del0.8,0.78
X-2017,ABCA17P,650655.0,Del0.8,0.8
X-2017,ABCA3,21.0,MutNovel,"S699Y,1.000"
X-2017,ABCA3,21.0,Del0.8,0.8
X-2017,ABHD13,84945.0,Amp5,5.58
X-2017,ACAA2,10449.0,Del0.8,0.72
X-2017,ACE,1636.0,MutNovel,"H71Q,1.000"
X-2017,ACOT1,641371.0,Del0.8,0.49
X-2017,ADCY9,115.0,Del0.8,0.74
X-2017,ADNP2,22850.0,Del0.8,0.75
X-2017,AFF1,4299.0,Del0.8,0.28
X-2017,AIFM3,150209.0,MutNovel,"D421E,0.375"
X-2017,ALMS1,7840.0,MutNovel,"D3223H,0.364"
X-2017,ALPK2,115701.0,Del0.8,0.69
X-2017,AMDHD2,51005.0,Del0.8,0.8
X-2017,AMELY,266.0,Del0.8,0.15
X-2017,ANAPC1,64682.0,MutNovel,"D136Y,0.500"
X-2017,ANO8,57719.0,MutKnownFunctional,"Q529*,1.000"
X-2017,ANXA2P1,303.0,Del0.8,0.14
X-2017,ANXA4,307.0,MutNovel,"G135A,0.677"
X-2017,AP1M1,8907.0,MutNovel,"H62R,1.000"
X-2017,APOA1BP,128240.0,MutNovel,"L275Q,0.518"
X-2017,AQPEP,206338.0,MutNovel,"T885N,1.000"
X-2017,ARAP3,64411.0,MutNovel,"Q1065L,1.000"
X-2017,ARFIP1,27236.0,Del0.8,0.11
X-2017,ARHGAP26,23092.0,MutNovel,"K478E,0.367"
X-2017,ARSB,411.0,MutNovel,"T442M,1.000"
X-2017,ATG2A,23130.0,MutNovel,"D651N,1.000"
X-2017,ATP5I,521.0,Del0.8,0.78
X-2017,ATP6V0C,527.0,Del0.8,0.8
X-2017,ATP8B1,5205.0,Del0.8,0.69
X-2017,ATP9B,374868.0,Del0.8,0.73
X-2017,AUP1,550.0,MutNovel,"D14H,0.725"
X-2017,AUP1,550.0,MutNovel,"E10K,0.706"
X-2017,AZI1,22994.0,MutNovel,"E425G,1.000"
X-2017,B2M,567.0,MutKnownFunctional,"Y30*,0.998"
X-2017,B2M,567.0,Del0.8,0.7
X-2017,BAIAP2L2,80115.0,MutNovel,"E221Q,1.000"
X-2017,BCORP1,286554.0,Del0.8,0.15
X-2017,BEAN1,146227.0,MutNovel,"R76S,1.000"
X-2017,BOD1L2,284257.0,Del0.8,0.69
X-2017,BPY2B,442867.0,Del0.8,0.15
X-2017,BPY2B,442867.0,Del0.8,0.15
X-2017,C12orf28,,MutNovel,"N533H,0.778"
X-2017,C16orf53,79447.0,MutNovel,"S180C,0.505"
X-2017,C16orf59,80178.0,Del0.8,0.8
X-2017,C16orf79,283870.0,Del0.8,0.8
X-2017,C16orf90,646174.0,Del0.8,0.8
X-2017,C18orf26,284254.0,Del0.8,0.69
X-2017,C18orf32,497661.0,Del0.8,0.72
X-2017,C18orf54,162681.0,Del0.8,0.69
X-2017,C18orf62,284274.0,Del0.8,0.72
X-2017,C18orf63,644041.0,Del0.8,0.72
X-2017,C1orf106,55765.0,MutNovel,"H442Y,0.492"
X-2017,C21orf91,54149.0,MutNovel,"E221Q,0.370"
X-2017,C4orf48,401115.0,Del0.8,0.78
X-2017,CAP1,10487.0,MutNovel,"G204R,0.269"
X-2017,CARD10,29775.0,MutNovel,"R55L,1.000"
X-2017,CASKIN1,57524.0,Del0.8,0.8
X-2017,CBLN2,147381.0,Del0.8,0.7
X-2017,CBWD1,55871.0,MutKnownFunctional,"-259?,0.476"
X-2017,CC2D1B,200014.0,MutNovel,"E91D,0.667"
X-2017,CCBE1,147372.0,Del0.8,0.69
X-2017,CCDC102B,79839.0,Del0.8,0.7
X-2017,CCDC11,220136.0,Del0.8,0.72
X-2017,CCDC64B,146439.0,Del0.8,0.8
X-2017,CCDC68,80323.0,Del0.8,0.69
X-2017,CCNF,899.0,Del0.8,0.8
X-2017,CD226,10666.0,Del0.8,0.7
X-2017,CD3EAP,10849.0,MutNovel,"S66Y,0.714"
X-2017,CDC42EP1,11135.0,MutNovel,"PAPAANPS253P,0.818"
X-2017,CDH19,28513.0,Del0.8,0.7
X-2017,CDH20,28316.0,Del0.8,0.69
X-2017,CDH7,1005.0,Del0.8,0.7
X-2017,CDK5RAP3,80279.0,MutNovel,"E288K,0.999"
X-2017,CDKN1C,1028.0,MutNovel,"APVAV171V,0.644"
X-2017,CDY1B,253175.0,Del0.8,0.15
X-2017,CDY1B,253175.0,Del0.8,0.15
X-2017,CDY2A,9426.0,Del0.8,0.15
X-2017,CDY2A,9426.0,Del0.8,0.15
X-2017,CDY2B,203611.0,Del0.8,0.15
X-2017,CDY2B,203611.0,Del0.8,0.15
X-2017,CEMP1,752014.0,Del0.8,0.8
X-2017,CFHR1,3078.0,Amp5,6.36
X-2017,CFHR3,10878.0,Amp5,6.36
X-2017,CLDN6,9074.0,Del0.8,0.8
X-2017,CLDN9,9080.0,Del0.8,0.8
X-2017,CLSTN3,9746.0,MutNovel,"N507D,0.635"
X-2017,CLUAP1,23059.0,MutNovel,"D363Y,1.000"
X-2017,CLUAP1,23059.0,Del0.8,0.8
X-2017,CNDP1,84735.0,Del0.8,0.72
X-2017,CNDP2,55748.0,Del0.8,0.72
X-2017,CPLX1,10815.0,Del0.8,0.78
X-2017,CPLX4,339302.0,Del0.8,0.69
X-2017,CREBBP,1387.0,Del0.8,0.48
X-2017,CREBZF,58487.0,MutNovel,"K184N,0.516"
X-2017,CRIP2,1397.0,MutNovel,"G43V,1.000"
X-2017,CRIPAK,285464.0,MutNovel,"D163N,0.250"
X-2017,CRIPAK,285464.0,Del0.8,0.78
X-2017,CRTC3,64784.0,MutNovel,"E198D,1.000"
X-2017,CSPG4P1Y,114758.0,Del0.8,0.15
X-2017,CSPG4P1Y,114758.0,Del0.8,0.15
X-2017,CTBP1,1487.0,Del0.8,0.78
X-2017,CTDP1,9150.0,Del0.8,0.73
X-2017,CTIF,9811.0,Del0.8,0.72
X-2017,CTSA,5476.0,MutNovel,"L29-,0.273"
X-2017,CTU1,90353.0,MutNovel,"V53A,0.729"
X-2017,CUBN,8029.0,MutNovel,"E716Q,0.667"
X-2017,CXXC1,30827.0,Del0.8,0.72
X-2017,CYB5A,1528.0,Del0.8,0.72
X-2017,CYC1,1537.0,MutNovel,"R9C,0.236"
X-2017,CYP3A43,64816.0,MutNovel,"H403I,1.000"
X-2017,DAB2,1601.0,MutNovel,"M73V,0.327"
X-2017,DAB2IP,153090.0,MutKnownFunctional,"-823,1.000"
X-2017,DAZ1,1617.0,Del0.8,0.15
X-2017,DAZ2,57055.0,Del0.8,0.15
X-2017,DAZ3,57054.0,Del0.8,0.15
X-2017,DAZ3,57054.0,Del0.8,0.15
X-2017,DAZ4,57135.0,Del0.8,0.15
X-2017,DAZ4,57135.0,Del0.8,0.15
X-2017,DBR1,51163.0,MutNovel,"A443P,0.613"
X-2017,DCBLD1,285761.0,MutNovel,"A15S,0.538"
X-2017,DCC,1630.0,Del0.8,0.7
X-2017,DDX3Y,8653.0,Del0.8,0.15
X-2017,DENND4B,9909.0,MutNovel,"QQQ908-,0.561"
X-2017,DGKQ,1609.0,Del0.8,0.78
X-2017,DIP2B,57609.0,MutNovel,"G570C,0.357"
X-2017,DKFZP434I0714,54553.0,Del0.8,0.13
X-2017,DMKN,93099.0,MutNovel,"S319W,0.480"
X-2017,DNAH14,127602.0,MutNovel,"E2Q,0.636"
X-2017,DNAJC1,64215.0,MutNovel,"-28R,0.385"
X-2017,DNAJC13,23317.0,MutNovel,"H338R,0.400"
X-2017,DNASE1,1773.0,Del0.8,0.8
X-2017,DNASE1L2,1775.0,Del0.8,0.8
X-2017,DOK6,220164.0,Del0.8,0.7
X-2017,DOPEY1,23033.0,MutKnownFunctional,"Q1165*,0.556"
X-2017,DRD4,1815.0,MutNovel,"S284G,0.235"
X-2017,DSEL,92126.0,Del0.8,0.7
X-2017,DYM,54808.0,Del0.8,0.72
X-2017,DZANK1,55184.0,MutNovel,"M650I,0.231"
X-2017,E4F1,1877.0,Del0.8,0.8
X-2017,ECI1,1632.0,Del0.8,0.8
X-2017,EFCAB6,64800.0,MutNovel,"L413P,1.000"
X-2017,EIF1AY,9086.0,Del0.8,0.15
X-2017,EIF2C4,192670.0,MutNovel,"G516I,0.667"
X-2017,ELAC1,55520.0,Del0.8,0.72
X-2017,EP400,57634.0,MutNovel,"H1227Q,0.462"
X-2017,EPHA3,2042.0,Del0.8,0.55
X-2017,ERCC6L,54821.0,MutNovel,"G85S,1.000"
X-2017,ERVK13-1,100507321.0,Del0.8,0.8
X-2017,FAM197Y2P,252946.0,Del0.8,0.15
X-2017,FAM41AY1,340618.0,Del0.8,0.15
X-2017,FAM41AY1,340618.0,Del0.8,0.15
X-2017,FAM53A,152877.0,Del0.8,0.78
X-2017,FAM66A,100133172.0,Del0.8,0.75
X-2017,FAM69C,125704.0,Del0.8,0.72
X-2017,FANK1,92565.0,MutNovel,"I49T,0.408"
X-2017,FASN,2194.0,MutNovel,"M140I,1.000"
X-2017,FBXO15,201456.0,Del0.8,0.72
X-2017,FBXO2,26232.0,MutNovel,"V264F,0.785"
X-2017,FBXO4,26272.0,MutNovel,"R338G,0.674"
X-2017,FBXW7,55294.0,Del0.8,0.13
X-2017,FECH,2235.0,Del0.8,0.69
X-2017,FGFR3,2261.0,Del0.8,0.78
X-2017,FGFRL1,53834.0,Del0.8,0.78
X-2017,FHDC1,85462.0,Del0.8,0.15
X-2017,FHIT,2272.0,Del0.8,0.36
X-2017,FLJ39639,283876.0,Del0.8,0.8
X-2017,FLJ42627,645644.0,Del0.8,0.8
X-2017,FLYWCH1,84256.0,Del0.8,0.8
X-2017,FLYWCH2,114984.0,Del0.8,0.8
X-2017,FOXF2,2295.0,MutNovel,"N412K,0.294"
X-2017,GAK,2580.0,Del0.8,0.78
X-2017,GALNT2,2590.0,MutNovel,"R418S,0.495"
X-2017,GALR1,2587.0,Del0.8,0.72
X-2017,GBE1,2632.0,MutNovel,"A692V,0.357"
X-2017,GIGYF2,26058.0,MutNovel,"PQ1231P,0.452"
X-2017,GOLGA2P2Y,84559.0,Del0.8,0.15
X-2017,GOLGA2P2Y,84559.0,Del0.8,0.15
X-2017,GPAT2,150763.0,MutNovel,"H377R,1.000"
X-2017,GPAT2,150763.0,MutNovel,"R375W,1.000"
X-2017,GPRC5C,55890.0,MutNovel,"S401L,1.000"
X-2017,GPRIN2,9721.0,MutNovel,"-238MRE,0.325"
X-2017,GPS1,2873.0,MutNovel,"Y413H,0.996"
X-2017,GRP,2922.0,Del0.8,0.69
X-2017,GSTM1,2944.0,Del0.8,0.61
X-2017,GSTT1,2952.0,Amp5,5.94
X-2017,GTF2H2,2966.0,Del0.8,0.68
X-2017,GTF3C2,2976.0,MutNovel,"G293R,0.650"
X-2017,GUCY1B2,2974.0,Del0.8,0.76
X-2017,GYG2P1,352887.0,Del0.8,0.15
X-2017,HAUS3,79441.0,Del0.8,0.78
X-2017,HCFC1R1,54985.0,Del0.8,0.8
X-2017,HDHD2,84064.0,Del0.8,0.74
X-2017,HEATR4,399671.0,Del0.8,0.79
X-2017,HLA-H,3136.0,Del0.8,0.77
X-2017,HMSD,284293.0,Del0.8,0.69
X-2017,HOOK1,51361.0,MutNovel,"Q510H,0.333"
X-2017,HOOK1,51361.0,MutNovel,"E569Q,0.458"
X-2017,HPS6,79803.0,MutKnownFunctional,"R256*,0.471"
X-2017,HRCT1,646962.0,MutNovel,"P106H,1.000"
X-2017,HS6ST1,9394.0,MutNovel,"T322S,0.257"
X-2017,HSBP1L1,440498.0,Del0.8,0.75
X-2017,HSCB,150274.0,MutNovel,"L131F,0.452"
X-2017,HSFY2,159119.0,Del0.8,0.15
X-2017,HSFY2,159119.0,Del0.8,0.15
X-2017,HSPA13,6782.0,MutNovel,"E160A,0.250"
X-2017,HSPA6,3310.0,MutNovel,"G631W,0.570"
X-2017,HUWE1,10075.0,MutNovel,"E2412K,1.000"
X-2017,IDUA,3425.0,Del0.8,0.78
X-2017,IER3IP1,51124.0,Del0.8,0.74
X-2017,IFT122,55764.0,MutNovel,"R998H,0.286"
X-2017,IGF2R,3482.0,MutNovel,"R1439G,0.680"
X-2017,IGFN1,91156.0,MutNovel,"E2006K,0.214"
X-2017,IGSF1,3547.0,MutNovel,"A508V,1.000"
X-2017,IL32,9235.0,Del0.8,0.8
X-2017,IMMT,10989.0,MutNovel,"E679Q,0.664"
X-2017,INF2,64423.0,MutNovel,"R689W,1.000"
X-2017,IPPK,64768.0,MutNovel,"S244A,1.000"
X-2017,IQGAP3,128239.0,MutNovel,"I842K,0.596"
X-2017,IRGQ,126298.0,MutNovel,"G438E,0.778"
X-2017,JAG2,3714.0,MutNovel,"N434S,1.000"
X-2017,KCNG2,26251.0,Del0.8,0.75
X-2017,KCTD5,54442.0,Del0.8,0.8
X-2017,KDELR1,10945.0,MutNovel,"L105V,0.669"
X-2017,KDM3A,55818.0,MutNovel,"F570L,0.370"
X-2017,KDM5D,8284.0,Del0.8,0.15
X-2017,KDSR,2531.0,Del0.8,0.69
X-2017,KIAA1468,57614.0,Del0.8,0.69
X-2017,KIF20B,9585.0,MutNovel,"L1062LKV,0.629"
X-2017,KLF8,11279.0,MutNovel,"P56L,1.000"
X-2017,KLHL36,79786.0,MutNovel,"V472M,0.667"
X-2017,KLK5,25818.0,MutNovel,"Q101E,0.400"
X-2017,KREMEN2,79412.0,Del0.8,0.8
X-2017,KRTAP5-5,439915.0,Del0.8,0.57
X-2017,LAPTM4A,9741.0,MutNovel,"A218V,0.645"
X-2017,LCN1,3933.0,MutNovel,"V71A,1.000"
X-2017,LENG8,114823.0,MutNovel,"R737L,0.720"
X-2017,LETM1,3954.0,Del0.8,0.78
X-2017,LGALS7,3963.0,MutNovel,"R15H,0.800"
X-2017,LIG1,3978.0,MutNovel,"D755N,0.317"
X-2017,LIG3,3980.0,MutNovel,"R264Q,1.000"
X-2017,LIG4,3981.0,Amp5,5.58
X-2017,LINC00305,221241.0,Del0.8,0.69
X-2017,LINC00514,283875.0,Del0.8,0.8
X-2017,LIPG,9388.0,Del0.8,0.72
X-2017,LMAN1,3998.0,Del0.8,0.69
X-2017,LOC100129917,100129917.0,Del0.8,0.78
X-2017,LOC100130872,100130872.0,Del0.8,0.78
X-2017,LOC100131655,100131655.0,Del0.8,0.72
X-2017,LOC100287225,100287225.0,Del0.8,0.7
X-2017,LOC100505474,100505474.0,Del0.8,0.69
X-2017,LOC100505549,100505549.0,Del0.8,0.69
X-2017,LOC100505776,100505776.0,Del0.8,0.7
X-2017,LOC100505817,100505817.0,Del0.8,0.7
X-2017,LOC100506195,100506195.0,Del0.8,0.71
X-2017,LOC283547,283547.0,Del0.8,0.57
X-2017,LOC284276,284276.0,Del0.8,0.72
X-2017,LOC284294,284294.0,Del0.8,0.69
X-2017,LOC339298,339298.0,Del0.8,0.72
X-2017,LOC390858,390858.0,Del0.8,0.69
X-2017,LOC391322,391322.0,Amp5,5.94
X-2017,LOC400654,400654.0,Del0.8,0.69
X-2017,LOC400655,400655.0,Del0.8,0.7
X-2017,LOC400657,400657.0,Del0.8,0.72
X-2017,LOC402160,402160.0,Del0.8,0.78
X-2017,LOC643542,643542.0,Del0.8,0.7
X-2017,LOC647859,647859.0,Del0.8,0.68
X-2017,LOC652276,652276.0,Del0.8,0.8
X-2017,LRP11,84918.0,MutNovel,"P16L,0.294"
X-2017,LRTOMT,220074.0,MutNovel,"D63H,0.611"
X-2017,LSR,51599.0,MutNovel,"G518GR,0.748"
X-2017,MAEA,10296.0,Del0.8,0.78
X-2017,MALT1,10892.0,Del0.8,0.69
X-2017,MAP3K4,4216.0,MutNovel,"PA1189P,0.600"
X-2017,MAP3K4,4216.0,MutNovel,"F1341V,0.562"
X-2017,MAP3K9,4293.0,MutNovel,"H489D,1.000"
X-2017,MAPK4,5596.0,Del0.8,0.72
X-2017,MBD1,4152.0,Del0.8,0.72
X-2017,MBD2,8932.0,Del0.8,0.69
X-2017,MBP,4155.0,Del0.8,0.72
X-2017,MC4R,4160.0,Del0.8,0.69
X-2017,MCM6,4175.0,MutNovel,"H785R,0.329"
X-2017,MDM2,4193.0,MutKnownFunctional,"-319?,0.526"
X-2017,MDN1,23195.0,MutKnownFunctional,"Q1830*,0.667"
X-2017,ME2,4200.0,Del0.8,0.72
X-2017,MEFV,4210.0,Del0.8,0.8
X-2017,MEGF6,1953.0,MutNovel,"H945Y,0.822"
X-2017,MEGF8,1954.0,MutNovel,"G1374D,0.364"
X-2017,MEP1A,4224.0,MutNovel,"G298A,0.462"
X-2017,MEX3C,51320.0,Del0.8,0.7
X-2017,MFSD7,84179.0,Del0.8,0.78
X-2017,MGAM,8972.0,MutNovel,"T1687M,1.000"
X-2017,MGC3771,81854.0,Del0.8,0.8
X-2017,MIB2,142678.0,MutKnownFunctional,"-892,0.409"
X-2017,MICB,4277.0,MutNovel,"Y59C,0.556"
X-2017,MIR122,406906.0,Del0.8,0.69
X-2017,MIR1225,100188847.0,Del0.8,0.8
X-2017,MIR1539,100302257.0,Del0.8,0.72
X-2017,MIR3140,100422896.0,Del0.8,0.13
X-2017,MIR3178,100422974.0,Del0.8,0.8
X-2017,MIR3180-5,100500916.0,Del0.8,0.8
X-2017,MIR345,442910.0,Del0.8,0.8
X-2017,MIR3591,100616357.0,Del0.8,0.69
X-2017,MIR3677,100500812.0,Del0.8,0.8
X-2017,MIR4320,100422865.0,Del0.8,0.72
X-2017,MIR4516,100616258.0,Del0.8,0.8
X-2017,MIR4529,100616290.0,Del0.8,0.69
X-2017,MIR4717,100616241.0,Del0.8,0.8
X-2017,MIR4743,100616366.0,Del0.8,0.72
X-2017,MIR4744,100616420.0,Del0.8,0.72
X-2017,MIR4800,100616358.0,Del0.8,0.78
X-2017,MIR570,693155.0,Amp5,6.73
X-2017,MIR940,100126328.0,Del0.8,0.8
X-2017,MIR943,100126332.0,Del0.8,0.78
X-2017,MKI67,4288.0,MutKnownFunctional,"-2925,0.247"
X-2017,MKL2,57496.0,MutNovel,"E984G,0.588"
X-2017,MLL2,8085.0,MutNovel,"E2186K,0.600"
X-2017,MLST8,64223.0,Del0.8,0.8
X-2017,MLXIP,22877.0,MutNovel,"P202L,0.560"
X-2017,MMP25,64386.0,Del0.8,0.8
X-2017,MND1,84057.0,Del0.8,0.41
X-2017,MON2,23041.0,MutNovel,"R1104M,0.560"
X-2017,MPRIP,23164.0,MutNovel,"TS178T,0.512"
X-2017,MRO,83876.0,Del0.8,0.72
X-2017,MST1,4485.0,MutNovel,"P416L,0.400"
X-2017,MTDH,92140.0,MutNovel,"G49C,0.812"
X-2017,MTDH,92140.0,MutNovel,"T352A,0.235"
X-2017,MTRNR2L4,100463285.0,Del0.8,0.8
X-2017,MUC4,4585.0,MutNovel,"V4131L,0.939"
X-2017,MUC4,4585.0,MutNovel,"Q4125H,0.900"
X-2017,MUC4,4585.0,MutNovel,"T4118P,0.600"
X-2017,MUC4,4585.0,MutNovel,"P4050T,0.979"
X-2017,MUC4,4585.0,MutNovel,"D3989S,0.214"
X-2017,MUC4,4585.0,MutNovel,"HA3965QT,0.750"
X-2017,MUC4,4585.0,MutNovel,"P3846V,1.000"
X-2017,MUC4,4585.0,MutNovel,"D3797N,0.500"
X-2017,MUC4,4585.0,MutNovel,"A3321S,1.000"
X-2017,MUC4,4585.0,MutNovel,"S2176P,1.000"
X-2017,MUC4,4585.0,MutNovel,"S1991P,0.542"
X-2017,MUC4,4585.0,MutNovel,"P1760S,0.238"
X-2017,MVP,9961.0,MutNovel,"E731V,0.487"
X-2017,MXD4,10608.0,Del0.8,0.78
X-2017,MXRA5,25878.0,MutNovel,"A2622V,0.539"
X-2017,MYH3,4621.0,MutNovel,"D1744G,1.000"
X-2017,MYL5,4636.0,Del0.8,0.78
X-2017,MYO5B,4645.0,Del0.8,0.72
X-2017,NAA60,79903.0,Del0.8,0.8
X-2017,NAF1,92345.0,MutNovel,"C381Y,1.000"
X-2017,NAIP,4671.0,Del0.8,0.68
X-2017,NARS,4677.0,Del0.8,0.69
X-2017,NAT8L,339983.0,Del0.8,0.78
X-2017,NBPF11,200030.0,MutNovel,"V245L,0.250"
X-2017,NCOR2,9612.0,MutNovel,"G1839GAAA,0.504"
X-2017,NCRNA00185,55410.0,Del0.8,0.15
X-2017,NEDD4L,23327.0,Del0.8,0.69
X-2017,NETO1,81832.0,Del0.8,0.7
X-2017,NFATC1,4772.0,Del0.8,0.73
X-2017,NLGN4Y,22829.0,Del0.8,0.15
X-2017,NLRC3,197358.0,Del0.8,0.8
X-2017,NLRP2,55655.0,MutNovel,"S1057C,1.000"
X-2017,NME3,4832.0,MutNovel,"I127M,1.000"
X-2017,NPIPL3,23117.0,MutNovel,"R780L,0.873"
X-2017,NPY1R,4886.0,MutNovel,"I281V,1.000"
X-2017,NR5A2,2494.0,MutNovel,"S211C,0.733"
X-2017,NRAS,4893.0,MutKnownFunctional,"Q61K,0.533"
X-2017,NTHL1,4913.0,Del0.8,0.8
X-2017,NTN3,4917.0,Del0.8,0.8
X-2017,NUF2,83540.0,MutNovel,"R60Q,0.323"
X-2017,ONECUT2,9480.0,Del0.8,0.69
X-2017,OR1F1,4992.0,Del0.8,0.8
X-2017,OR1F2P,26184.0,Del0.8,0.8
X-2017,OR2C1,4993.0,Del0.8,0.8
X-2017,OR2T10,127069.0,Amp5,5.28
X-2017,OR2T34,127068.0,Amp5,5.28
X-2017,OR4C6,219432.0,Del0.8,0.26
X-2017,OR4P4,81300.0,Del0.8,0.26
X-2017,OR4S2,219431.0,Del0.8,0.26
X-2017,OR52N1,79473.0,Del0.8,0.39
X-2017,OR52N5,390075.0,Del0.8,0.11
X-2017,ORAI1,84876.0,MutNovel,"PP43-,0.636"
X-2017,OSBPL8,114882.0,MutNovel,"E761K,0.700"
X-2017,PABPC4L,132430.0,Del0.8,0.62
X-2017,PAOX,196743.0,MutNovel,"G209V,0.610"
X-2017,PAQR4,124222.0,Del0.8,0.8
X-2017,PARD6G,84552.0,Del0.8,0.75
X-2017,PARP14,54625.0,MutNovel,"S1532I,0.386"
X-2017,PARP2,10038.0,MutNovel,"E406K,0.661"
X-2017,PARP2,10038.0,MutNovel,"K520N,0.741"
X-2017,PATL2,197135.0,Del0.8,0.7
X-2017,PCDH11Y,83259.0,Del0.8,0.22
X-2017,PCGF3,10336.0,Del0.8,0.78
X-2017,PCNP,57092.0,MutNovel,"E120K,0.229"
X-2017,PDE6B,5158.0,Del0.8,0.78
X-2017,PDPK1,5170.0,Del0.8,0.8
X-2017,PDSS2,57107.0,MutNovel,"D344H,0.400"
X-2017,PDSS2,57107.0,MutNovel,"G341V,0.278"
X-2017,PFKP,5214.0,MutNovel,"A13T,0.713"
X-2017,PFKP,5214.0,MutNovel,"T646I,0.319"
X-2017,PGA3,643834.0,Del0.8,0.47
X-2017,PGA4,643847.0,Del0.8,0.47
X-2017,PGP,283871.0,Del0.8,0.8
X-2017,PGPEP1,54858.0,MutNovel,"V21M,1.000"
X-2017,PHGR1,644844.0,MutNovel,"G48R,0.771"
X-2017,PHGR1,644844.0,MutNovel,"G48H,0.771"
X-2017,PHLDA1,22822.0,MutNovel,"QQ194Q,0.506"
X-2017,PHLDB1,23187.0,MutNovel,"P980L,0.600"
X-2017,PHLPP1,23239.0,Del0.8,0.69
X-2017,PHPT1,29085.0,MutNovel,"F20L,1.000"
X-2017,PIGG,54872.0,Del0.8,0.78
X-2017,PIGN,23556.0,Del0.8,0.69
X-2017,PKD1,5310.0,Del0.8,0.8
X-2017,PKMYT1,9088.0,Del0.8,0.8
X-2017,PMAIP1,5366.0,Del0.8,0.69
X-2017,PODXL2,50512.0,MutNovel,"V420L,0.619"
X-2017,POLI,11201.0,Del0.8,0.69
X-2017,POLN,353497.0,Del0.8,0.78
X-2017,PPFIA1,8500.0,MutNovel,"S34T,0.518"
X-2017,PQLC1,80148.0,Del0.8,0.75
X-2017,PRB1,5542.0,MutNovel,"R149Q,0.500"
X-2017,PRKY,5616.0,Del0.8,0.15
X-2017,PRR13,54458.0,MutNovel,"P29L,0.777"
X-2017,PRR24,255783.0,MutNovel,"P61T,0.390"
X-2017,PRSS21,10942.0,Del0.8,0.8
X-2017,PRSS22,64063.0,Del0.8,0.8
X-2017,PRSS27,83886.0,Del0.8,0.8
X-2017,PRSS30P,124221.0,Del0.8,0.8
X-2017,PRSS33,260429.0,Del0.8,0.8
X-2017,PRSS41,360226.0,Del0.8,0.8
X-2017,PRY,9081.0,Del0.8,0.15
X-2017,PRY,9081.0,Del0.8,0.15
X-2017,PRY2,442862.0,Del0.8,0.15
X-2017,PRY2,442862.0,Del0.8,0.15
X-2017,PSEN2,5664.0,MutNovel,"G84E,0.613"
X-2017,PSMB3,5691.0,MutNovel,"I189M,0.999"
X-2017,PTK7,5754.0,MutNovel,"G958S,0.667"
X-2017,PTPRD,5789.0,Del0.8,0.66
X-2017,PTRH2,51651.0,Del0.8,0.67
X-2017,RAB26,25837.0,Del0.8,0.8
X-2017,RAB27B,5874.0,Del0.8,0.69
X-2017,RANBP2,5903.0,MutNovel,"D1999V,0.323"
X-2017,RAP1GAP,5909.0,MutNovel,"K265N,0.266"
X-2017,RARA,5914.0,MutNovel,"S96L,1.000"
X-2017,RAX,30062.0,Del0.8,0.69
X-2017,RB1CC1,9821.0,MutNovel,"L1187F,0.426"
X-2017,RBFA,79863.0,Del0.8,0.75
X-2017,RBKS,64080.0,MutNovel,"S144R,0.718"
X-2017,RBKS,64080.0,MutNovel,"D83H,0.630"
X-2017,RBMX,27316.0,MutNovel,"D233H,1.000"
X-2017,RBMY1A3P,286557.0,Del0.8,0.15
X-2017,RBMY1B,378948.0,Del0.8,0.15
X-2017,RBMY1B,378948.0,Del0.8,0.15
X-2017,RBMY1E,378950.0,Del0.8,0.15
X-2017,RBMY1E,378950.0,Del0.8,0.15
X-2017,RBMY1F,159163.0,Del0.8,0.15
X-2017,RBMY1F,159163.0,Del0.8,0.15
X-2017,RBMY1J,378951.0,Del0.8,0.15
X-2017,RBMY1J,378951.0,Del0.8,0.15
X-2017,RBMY2EP,159125.0,Del0.8,0.15
X-2017,RBMY2FP,159162.0,Del0.8,0.15
X-2017,RBMY3AP,64593.0,Del0.8,0.15
X-2017,RHPN1,114822.0,MutNovel,"E290Q,0.301"
X-2017,RIN3,79890.0,MutNovel,"G967-,0.557"
X-2017,RNF152,220441.0,Del0.8,0.69
X-2017,RNF212,285498.0,Del0.8,0.78
X-2017,RNF213,57674.0,MutNovel,"R1238Q,1.000"
X-2017,RNF43,54894.0,MutNovel,"D140N,1.000"
X-2017,RNPS1,10921.0,Del0.8,0.8
X-2017,ROCK2,9475.0,MutNovel,"E617Q,0.792"
X-2017,RPL17,6139.0,Del0.8,0.72
X-2017,RPL17-C18ORF32,100526842.0,Del0.8,0.72
X-2017,RPS4Y1,6192.0,Del0.8,0.22
X-2017,RPS4Y2,140032.0,Del0.8,0.15
X-2017,RRM2,6241.0,MutNovel,"D198N,0.202"
X-2017,RSPH3,83861.0,MutKnownFunctional,"-47,0.346"
X-2017,RTTN,25914.0,Del0.8,0.7
X-2017,S100A3,6274.0,MutKnownFunctional,"-70,0.391"
X-2017,SALL3,27164.0,Del0.8,0.76
X-2017,SCAPER,49855.0,Del0.8,0.78
X-2017,SCARNA17,677769.0,Del0.8,0.72
X-2017,SCARNA22,677770.0,Del0.8,0.78
X-2017,SCYL2,55681.0,MutKnownFunctional,"G513*,0.400"
X-2017,SDCBP2,27111.0,MutNovel,"R106Q,0.498"
X-2017,SDHAP2,727956.0,Amp5,6.73
X-2017,SEC11C,90701.0,Del0.8,0.69
X-2017,SEC24C,9632.0,MutNovel,"T384S,0.495"
X-2017,SEC63,11231.0,MutNovel,"G209C,0.651"
X-2017,SELPLG,6404.0,MutKnownFunctional,"S382*,0.500"
X-2017,SERINC2,347735.0,MutNovel,"-373Q,0.643"
X-2017,SERPINB10,5273.0,Del0.8,0.69
X-2017,SERPINB11,89778.0,Del0.8,0.69
X-2017,SERPINB12,89777.0,Del0.8,0.69
X-2017,SERPINB13,5275.0,Del0.8,0.69
X-2017,SERPINB2,5055.0,Del0.8,0.69
X-2017,SERPINB3,6317.0,Del0.8,0.69
X-2017,SERPINB4,6318.0,Del0.8,0.69
X-2017,SERPINB5,5268.0,Del0.8,0.69
X-2017,SERPINB7,8710.0,Del0.8,0.69
X-2017,SERPINB8,5271.0,Del0.8,0.69
X-2017,SFR1,119392.0,MutNovel,"E111Q,0.578"
X-2017,SGK196,84197.0,MutNovel,"Q332R,0.750"
X-2017,SGK2,10110.0,MutNovel,"G35R,0.593"
X-2017,SGPP2,130367.0,MutNovel,"R20H,0.527"
X-2017,SHPRH,257218.0,MutNovel,"V987I,0.500"
X-2017,SHROOM1,134549.0,MutNovel,"P104L,1.000"
X-2017,SIGLEC15,284266.0,MutNovel,"A107T,1.000"
X-2017,SKA1,220134.0,Del0.8,0.72
X-2017,SKA3,221150.0,MutNovel,"G72R,0.705"
X-2017,SKP1,6500.0,Del0.8,0.63
X-2017,SLBP,7884.0,Del0.8,0.78
X-2017,SLC25A29,123096.0,Del0.8,0.8
X-2017,SLC25A47,283600.0,Del0.8,0.8
X-2017,SLC26A1,10861.0,Del0.8,0.78
X-2017,SLC30A10,55532.0,MutNovel,"R76P,0.333"
X-2017,SLC9A3R2,9351.0,Del0.8,0.8
X-2017,SLX4,84464.0,Del0.8,0.8
X-2017,SMAD2,4087.0,Del0.8,0.74
X-2017,SMAD7,4092.0,Del0.8,0.72
X-2017,SMCHD1,23347.0,MutKnownFunctional,"E1429*,0.472"
X-2017,SMG1,23049.0,MutNovel,"S1379G,0.500"
X-2017,SMG1,23049.0,MutNovel,"I1332V,0.500"
X-2017,SMG1,23049.0,MutNovel,"I1316V,0.500"
X-2017,SNORA37,677819.0,Del0.8,0.69
X-2017,SNORD58A,26791.0,Del0.8,0.72
X-2017,SNORD58B,26790.0,Del0.8,0.72
X-2017,SNORD58C,100124516.0,Del0.8,0.72
X-2017,SNORD60,26788.0,Del0.8,0.8
X-2017,SNTB2,6645.0,MutNovel,"E334D,0.250"
X-2017,SOCS6,9306.0,Del0.8,0.7
X-2017,SPDYE6,729597.0,MutNovel,"R323K,0.308"
X-2017,SPDYE6,729597.0,MutNovel,"R305H,0.243"
X-2017,SPNS3,201305.0,MutNovel,"A507T,1.000"
X-2017,SPON2,10417.0,Del0.8,0.78
X-2017,SPTBN2,6712.0,MutNovel,"K618N,0.300"
X-2017,SRCAP,10847.0,MutNovel,"P1513A,0.373"
X-2017,SRRM2,23524.0,Del0.8,0.8
X-2017,SRY,6736.0,Del0.8,0.22
X-2017,SSH3,54961.0,MutNovel,"E658K,0.663"
X-2017,ST6GALNAC5,81849.0,MutNovel,"Q46R,1.000"
X-2017,ST7,7982.0,MutNovel,"R157Q,1.000"
X-2017,ST8SIA3,51046.0,Del0.8,0.69
X-2017,STAMBPL1,57559.0,MutNovel,"L275V,0.213"
X-2017,STARD6,147323.0,Del0.8,0.69
X-2017,SUSD1,64420.0,Del0.8,0.68
X-2017,SUV420H1,51111.0,MutNovel,"D192H,0.632"
X-2017,SYTL2,54843.0,MutKnownFunctional,"S403*,0.213"
X-2017,TACC3,10460.0,Del0.8,0.78
X-2017,TBC1D24,57465.0,Del0.8,0.8
X-2017,TBK1,29110.0,MutNovel,"K484R,0.246"
X-2017,TBL1Y,90665.0,Del0.8,0.15
X-2017,TCEB2,6923.0,Del0.8,0.8
X-2017,TCF4,6925.0,Del0.8,0.69
X-2017,TET3,200424.0,MutNovel,"R721W,0.429"
X-2017,TFCP2,7024.0,MutNovel,"E263K,0.702"
X-2017,TGFBR2,7048.0,Del0.8,0.6
X-2017,TGIF2LY,90655.0,Del0.8,0.22
X-2017,THADA,63892.0,MutNovel,"F1886-,0.324"
X-2017,THOC6,79228.0,Del0.8,0.8
X-2017,TIGD4,201798.0,Del0.8,0.11
X-2017,TIGD7,91151.0,Del0.8,0.8
X-2017,TIMM21,29090.0,Del0.8,0.72
X-2017,TLE1,7088.0,MutNovel,"Q400H,1.000"
X-2017,TMED11P,100379220.0,Del0.8,0.78
X-2017,TMEM129,92305.0,Del0.8,0.78
X-2017,TMEM154,201799.0,Del0.8,0.13
X-2017,TMEM175,84286.0,Del0.8,0.78
X-2017,TMEM37,140738.0,MutKnownFunctional,"-38?,0.344"
X-2017,TMEM43,79188.0,MutNovel,"H288Y,1.000"
X-2017,TMEM67,91147.0,MutNovel,"M602L,0.889"
X-2017,TMEM98,26022.0,MutNovel,"I9K,1.000"
X-2017,TMPRSS5,80975.0,MutNovel,"L361F,0.429"
X-2017,TMSB4Y,9087.0,Del0.8,0.15
X-2017,TMX3,54495.0,Del0.8,0.7
X-2017,TNFRSF11A,8792.0,Del0.8,0.69
X-2017,TNFRSF12A,51330.0,Del0.8,0.8
X-2017,TNFSF13B,10673.0,Amp5,5.58
X-2017,TNXB,7148.0,MutKnownFunctional,"E2185*,1.000"
X-2017,TOB2,10766.0,MutNovel,"R22Q,1.000"
X-2017,TOR1AIP1,26092.0,MutKnownFunctional,"R322*,0.490"
X-2017,TP53,7157.0,MutKnownFunctional,"E339*,1.000"
X-2017,TRAF5,7188.0,MutNovel,"R145W,0.452"
X-2017,TRAF7,84231.0,Del0.8,0.8
X-2017,TRAP1,10131.0,Del0.8,0.8
X-2017,TRIM2,23321.0,Del0.8,0.18
X-2017,TRRAP,8295.0,MutNovel,"Q2570E,1.000"
X-2017,TSC2,7249.0,Del0.8,0.8
X-2017,TSHZ1,10194.0,Del0.8,0.72
X-2017,TSPY1,7258.0,Del0.8,0.15
X-2017,TSPY2,64591.0,Del0.8,0.15
X-2017,TSPY3,728137.0,Del0.8,0.15
X-2017,TSPY4,728395.0,Del0.8,0.15
X-2017,TSPY8,728403.0,Del0.8,0.15
X-2017,TSPYL1,7259.0,MutNovel,"V176VW,0.553"
X-2017,TTC40,54777.0,MutNovel,"L1723M,0.529"
X-2017,TTN,7273.0,MutKnownFunctional,"S35337*,1.000"
X-2017,TTTY10,246119.0,Del0.8,0.15
X-2017,TTTY11,83866.0,Del0.8,0.15
X-2017,TTTY12,83867.0,Del0.8,0.15
X-2017,TTTY13,83868.0,Del0.8,0.15
X-2017,TTTY14,83869.0,Del0.8,0.15
X-2017,TTTY15,64595.0,Del0.8,0.15
X-2017,TTTY16,252948.0,Del0.8,0.15
X-2017,TTTY17A,252949.0,Del0.8,0.15
X-2017,TTTY17A,252949.0,Del0.8,0.15
X-2017,TTTY18,252950.0,Del0.8,0.15
X-2017,TTTY19,252952.0,Del0.8,0.15
X-2017,TTTY1B,100101116.0,Del0.8,0.15
X-2017,TTTY1B,100101116.0,Del0.8,0.15
X-2017,TTTY2,60439.0,Del0.8,0.15
X-2017,TTTY2,60439.0,Del0.8,0.15
X-2017,TTTY20,252951.0,Del0.8,0.15
X-2017,TTTY21,252953.0,Del0.8,0.15
X-2017,TTTY21,252953.0,Del0.8,0.15
X-2017,TTTY22,252954.0,Del0.8,0.15
X-2017,TTTY23,252955.0,Del0.8,0.15
X-2017,TTTY23,252955.0,Del0.8,0.15
X-2017,TTTY3,114760.0,Del0.8,0.15
X-2017,TTTY3,114760.0,Del0.8,0.15
X-2017,TTTY4,114761.0,Del0.8,0.15
X-2017,TTTY4,114761.0,Del0.8,0.15
X-2017,TTTY5,83863.0,Del0.8,0.15
X-2017,TTTY6,84672.0,Del0.8,0.15
X-2017,TTTY6,84672.0,Del0.8,0.15
X-2017,TTTY7,246122.0,Del0.8,0.15
X-2017,TTTY7,246122.0,Del0.8,0.15
X-2017,TTTY7B,100101120.0,Del0.8,0.15
X-2017,TTTY7B,100101120.0,Del0.8,0.15
X-2017,TTTY8,84673.0,Del0.8,0.15
X-2017,TTTY8,84673.0,Del0.8,0.15
X-2017,TTTY9A,83864.0,Del0.8,0.15
X-2017,TTTY9A,83864.0,Del0.8,0.15
X-2017,TXK,7294.0,MutNovel,"I495M,1.000"
X-2017,TXLNG2P,246126.0,Del0.8,0.15
X-2017,TXNL1,9352.0,Del0.8,0.69
X-2017,TXNL4A,10907.0,Del0.8,0.75
X-2017,UGP2,7360.0,MutNovel,"R64T,0.386"
X-2017,UNC13D,201294.0,MutKnownFunctional,"-782,1.000"
X-2017,USP36,57602.0,MutNovel,"KKK958K,0.807"
X-2017,USP40,55230.0,MutNovel,"G999A,0.462"
X-2017,USP9Y,8287.0,Del0.8,0.15
X-2017,UTY,7404.0,Del0.8,0.15
X-2017,VCX3B,425054.0,MutNovel,"V180L,0.357"
X-2017,VCY,9084.0,Del0.8,0.15
X-2017,VCY,9084.0,Del0.8,0.15
X-2017,VMA21,203547.0,MutNovel,"I52V,1.000"
X-2017,VMP1,81671.0,Del0.8,0.67
X-2017,VPS4B,9525.0,Del0.8,0.69
X-2017,WARS,7453.0,Del0.8,0.8
X-2017,WDR45,11152.0,MutKnownFunctional,"Q295*,0.991"
X-2017,WDR7,23335.0,Del0.8,0.69
X-2017,WHSC1,7468.0,Del0.8,0.78
X-2017,WHSC2,7469.0,Del0.8,0.78
X-2017,XBP1,7494.0,MutNovel,"V4A,0.316"
X-2017,XKRY2,353515.0,Del0.8,0.15
X-2017,XKRY2,353515.0,Del0.8,0.15
X-2017,XRCC1,7515.0,MutNovel,"E471Q,0.221"
X-2017,XYLT1,64131.0,MutNovel,"T650S,0.556"
X-2017,YARS,8565.0,MutNovel,"E228Q,0.260"
X-2017,ZADH2,284273.0,Del0.8,0.72
X-2017,ZBED6,100381270.0,MutNovel,"H175R,0.231"
X-2017,ZBTB7C,201501.0,Del0.8,0.74
X-2017,ZC3H18,124245.0,MutNovel,"E872Q,0.736"
X-2017,ZCCHC2,54877.0,Del0.8,0.69
X-2017,ZFHX3,463.0,MutNovel,"G3517D,1.000"
X-2017,ZFY,7544.0,Del0.8,0.22
X-2017,ZFYVE20,64145.0,MutNovel,"I717M,1.000"
X-2017,ZFYVE20,64145.0,MutNovel,"L705V,1.000"
X-2017,ZFYVE28,57732.0,Del0.8,0.78
X-2017,ZG16B,124220.0,Del0.8,0.8
X-2017,ZNF141,7700.0,Del0.8,0.78
X-2017,ZNF174,7727.0,Del0.8,0.8
X-2017,ZNF200,7752.0,Del0.8,0.8
X-2017,ZNF205,7755.0,Del0.8,0.8
X-2017,ZNF213,7760.0,Del0.8,0.8
X-2017,ZNF219,51222.0,MutNovel,"QPP233P,0.477"
X-2017,ZNF236,7776.0,Del0.8,0.72
X-2017,ZNF263,10127.0,Del0.8,0.8
X-2017,ZNF333,84449.0,MutNovel,"S253C,1.000"
X-2017,ZNF384,171017.0,MutNovel,"QQ514Q,0.400"
X-2017,ZNF395,55893.0,MutNovel,"S376Y,1.000"
X-2017,ZNF407,55628.0,Del0.8,0.72
X-2017,ZNF434,54925.0,Del0.8,0.8
X-2017,ZNF516,9658.0,Del0.8,0.72
X-2017,ZNF532,55205.0,Del0.8,0.69
X-2017,ZNF552,79818.0,MutNovel,"Q259E,0.634"
X-2017,ZNF597,146434.0,Del0.8,0.8
X-2017,ZNF721,170960.0,Del0.8,0.78
X-2017,ZNF732,654254.0,Del0.8,0.78
X-2017,ZNF74,7625.0,MutNovel,"G307C,0.440"
X-2017,ZNF75A,7627.0,Del0.8,0.8
X-2017,ZNF780A,284323.0,MutNovel,"Q600H,0.300"
X-2017,ZNF827,152485.0,MutNovel,"I383F,1.000"
X-2017,ZNF876P,642280.0,Del0.8,0.78
X-2017,ZNF92,168374.0,MutNovel,"K192N,1.000"
X-2017,ZSCAN10,84891.0,Del0.8,0.8
X-2017,ZSWIM4,65249.0,MutNovel,"E308K,1.000"
X-2017,ZXDC,79364.0,MutNovel,"A126V,0.500"
X-2030,ABCA2,20.0,MutNovel,"V1831L,0.492"
X-2030,ABCG2,9429.0,Amp5,5.82
X-2030,ABRA,137735.0,Amp5,6.41
X-2030,ADAM6,8755.0,Amp8,8.17
X-2030,ADAM8,101.0,MutNovel,"V326L,1.000"
X-2030,ADCK5,203054.0,Amp5,6.06
X-2030,ADCY8,114.0,Amp5,6.28
X-2030,AEN,64782.0,MutNovel,"G252W,0.484"
X-2030,AGAP7,653268.0,MutNovel,"A172S,0.375"
X-2030,AGPAT2,10555.0,MutNovel,"R81W,0.546"
X-2030,AHNAK,79026.0,MutNovel,"M2202V,1.000"
X-2030,AIFM3,150209.0,MutNovel,"G461V,1.000"
X-2030,AKAP6,9472.0,MutNovel,"G1626C,0.444"
X-2030,AKR1B15,441282.0,MutNovel,"V107L,1.000"
X-2030,AKR1B15,441282.0,MutNovel,"G164A,1.000"
X-2030,AKR1B15,441282.0,MutNovel,"N191S,1.000"
X-2030,AKR1E2,83592.0,MutNovel,"A250P,0.444"
X-2030,ALG13,79868.0,MutNovel,"D608H,1.000"
X-2030,ANGPT1,284.0,Amp5,6.41
X-2030,ANK1,286.0,MutNovel,"R1371K,0.381"
X-2030,ANK1,286.0,MutNovel,"L185V,0.333"
X-2030,ANK2,287.0,MutNovel,"P2927T,1.000"
X-2030,ANKAR,150709.0,MutKnownFunctional,"S1266*,0.750"
X-2030,ANKRD18B,441459.0,MutNovel,"D733E,0.500"
X-2030,ANKRD26,22852.0,MutNovel,"E32D,1.000"
X-2030,ANKRD31,256006.0,MutNovel,"I1393M,1.000"
X-2030,ANKRD36,375248.0,MutNovel,"T998S,0.375"
X-2030,ANKRD36C,,MutNovel,"N1734S,0.444"
X-2030,ANKRD36C,,MutNovel,"N1474Y,0.571"
X-2030,ANKRD36C,,MutNovel,"I1465M,0.750"
X-2030,ANKRD36C,,MutNovel,"T1451A,0.500"
X-2030,ANKRD36C,,MutNovel,"K1448E,0.333"
X-2030,ANKRD36C,,MutNovel,"A352T,1.000"
X-2030,ANXA13,312.0,Amp5,6.36
X-2030,AP1B1,162.0,MutNovel,"G839W,1.000"
X-2030,AP3D1,8943.0,MutKnownFunctional,"Q583*,1.000"
X-2030,APC,324.0,Del0.8,0.33
X-2030,AQR,9716.0,MutNovel,"M65I,1.000"
X-2030,ARC,23237.0,Amp5,6.28
X-2030,ARHGAP23,57636.0,MutNovel,"A1204T,1.000"
X-2030,ARHGAP30,257106.0,Amp5,6.06
X-2030,ARHGAP32,9743.0,MutKnownFunctional,"Q194*,1.000"
X-2030,ARHGAP39,80728.0,Amp5,6.06
X-2030,ARHGEF5,7984.0,MutNovel,"V355L,0.952"
X-2030,ARMC9,80210.0,MutKnownFunctional,"S55*,0.643"
X-2030,ARMCX4,100131755.0,MutNovel,"D746Y,1.000"
X-2030,ARRDC4,91947.0,MutNovel,"E147Q,0.521"
X-2030,ASAP1,50807.0,Amp5,6.28
X-2030,ASAP1-IT1,29065.0,Amp5,6.28
X-2030,ASPM,259266.0,MutNovel,"R1437C,0.416"
X-2030,ATAD2,29028.0,Amp5,6.36
X-2030,ATAD2B,54454.0,MutNovel,"H1124R,0.862"
X-2030,ATP1A3,478.0,MutNovel,"G123S,1.000"
X-2030,ATP2B1,490.0,Amp5,6.23
X-2030,ATP6V1C1,528.0,Amp5,6.41
X-2030,ATP7B,540.0,MutNovel,"I474F,1.000"
X-2030,ATRNL1,26033.0,MutNovel,"Q1139E,1.000"
X-2030,AUTS2,26053.0,MutNovel,"D779G,1.000"
X-2030,AZIN1,51582.0,Amp5,6.41
X-2030,B4GALT3,8703.0,Amp5,6.06
X-2030,BAALC,79870.0,Amp5,6.41
X-2030,BACE2,25825.0,MutNovel,"V145F,1.000"
X-2030,BAHCC1,57597.0,MutNovel,"G1154C,0.562"
X-2030,BAI1,575.0,Amp5,6.28
X-2030,BAP1,8314.0,MutNovel,"R163P,1.000"
X-2030,BBS12,166379.0,MutNovel,"D61Y,1.000"
X-2030,BCL9,607.0,MutNovel,"G506W,0.422"
X-2030,BCL9L,283149.0,MutNovel,"A1151S,1.000"
X-2030,BCORP1,286554.0,Del0.8,0.18
X-2030,BMP4,652.0,MutNovel,"R269W,0.451"
X-2030,BNC2,54796.0,Del0.8,0.25
X-2030,BOP1,23246.0,MutNovel,"K339R,1.000"
X-2030,BOP1,23246.0,Amp5,6.06
X-2030,BPY2B,442867.0,Del0.8,0.17
X-2030,BPY2B,442867.0,Del0.8,0.17
X-2030,BREA2,286076.0,Amp5,6.06
X-2030,BRIP1,83990.0,MutNovel,"L909I,0.561"
X-2030,BTG1,694.0,Amp5,6.23
X-2030,BTK,695.0,MutNovel,"A207S,1.000"
X-2030,BTN2A2,10385.0,MutNovel,"P39A,1.000"
X-2030,BTNL3,10917.0,Del0.8,0.76
X-2030,BZRAP1,9256.0,MutNovel,"A861S,0.417"
X-2030,C12orf5,57103.0,MutKnownFunctional,"-270,1.000"
X-2030,C12orf74,338809.0,Amp5,6.23
X-2030,C15orf59,388135.0,MutNovel,"R178Q,1.000"
X-2030,C18orf32,497661.0,MutNovel,"G56V,0.695"
X-2030,C19orf25,148223.0,MutNovel,"E88D,1.000"
X-2030,C19orf6,91304.0,MutNovel,"G487C,1.000"
X-2030,C19orf81,342918.0,MutNovel,"A189T,1.000"
X-2030,C5orf22,55322.0,MutNovel,"T414S,0.457"
X-2030,C6orf141,135398.0,MutNovel,"H94P,1.000"
X-2030,C7orf73,647087.0,MutNovel,"G7V,1.000"
X-2030,C8orf31,286122.0,Amp5,6.28
X-2030,C8orf33,65265.0,Amp5,6.06
X-2030,C8orf4,56892.0,MutNovel,"R87G,0.477"
X-2030,C8orf56,157556.0,Amp5,6.41
X-2030,C8orf73,642475.0,Amp5,6.06
X-2030,C8orf76,84933.0,Amp5,6.36
X-2030,C8orf82,414919.0,Amp5,6.06
X-2030,C9orf53,51198.0,Del0.8,0.25
X-2030,CA4,762.0,MutNovel,"G179C,0.630"
X-2030,CACNA1H,8912.0,MutNovel,"Q1049H,1.000"
X-2030,CALU,813.0,MutNovel,"G314V,1.000"
X-2030,CARD14,79092.0,MutNovel,"E466K,0.857"
X-2030,CASC5,57082.0,MutNovel,"K1214E,1.000"
X-2030,CCDC166,100130274.0,Amp5,6.06
X-2030,CCDC41,51134.0,Amp5,5.82
X-2030,CCDC66,285331.0,MutNovel,"S606SP,1.000"
X-2030,CCDC86,79080.0,MutNovel,"R301H,0.996"
X-2030,CCL24,6369.0,MutNovel,"A100S,1.000"
X-2030,CCNB3,85417.0,MutNovel,"A737D,1.000"
X-2030,CCNL1,57018.0,MutNovel,"R416L,0.467"
X-2030,CD8B,926.0,MutNovel,"A71T,1.000"
X-2030,CD8B,926.0,MutNovel,"R51C,0.968"
X-2030,CD97,976.0,MutNovel,"G182C,1.000"
X-2030,CDC23,8697.0,MutNovel,"H104D,0.993"
X-2030,CDC42EP1,11135.0,MutNovel,"PAPAANPS253P,1.000"
X-2030,CDK11A,728642.0,MutNovel,"T763P,0.438"
X-2030,CDKAL1,54901.0,MutNovel,"A142S,1.000"
X-2030,CDKN2A,1029.0,Del0.8,0.25
X-2030,CDKN2B,1030.0,Del0.8,0.33
X-2030,CDY1B,253175.0,Del0.8,0.17
X-2030,CDY1B,253175.0,Del0.8,0.17
X-2030,CDY2A,9426.0,Del0.8,0.18
X-2030,CDY2A,9426.0,Del0.8,0.18
X-2030,CDY2B,203611.0,Del0.8,0.18
X-2030,CDY2B,203611.0,Del0.8,0.18
X-2030,CDYL2,124359.0,MutNovel,"S322T,0.526"
X-2030,CELF3,11189.0,MutNovel,"R112L,1.000"
X-2030,CELF4,56853.0,MutNovel,"R239L,0.692"
X-2030,CEP112,201134.0,MutNovel,"K54R,1.000"
X-2030,CEP112,201134.0,MutNovel,"K12N,0.409"
X-2030,CEP350,9857.0,MutNovel,"G353W,0.254"
X-2030,CES2,8824.0,MutNovel,"R285L,0.558"
X-2030,CFHR1,3078.0,Amp5,7.94
X-2030,CFHR3,10878.0,Amp8,9.65
X-2030,CHCHD3,54927.0,MutNovel,"R65I,0.996"
X-2030,CHD2,1106.0,MutKnownFunctional,"-1242?,0.805"
X-2030,CHD3,1107.0,MutNovel,"H1800Q,0.995"
X-2030,CHD8,57680.0,MutKnownFunctional,"E611*,0.267"
X-2030,CHRAC1,54108.0,Amp5,6.23
X-2030,CIT,11113.0,MutNovel,"S682F,1.000"
X-2030,CLIP2,7461.0,MutNovel,"I288M,1.000"
X-2030,CLLU1,574028.0,Amp5,6.23
X-2030,CLLU1OS,574016.0,Amp5,6.23
X-2030,CLSPN,63967.0,MutNovel,"V575L,1.000"
X-2030,CNTLN,54875.0,Del0.8,0.25
X-2030,CNTNAP2,26047.0,MutKnownFunctional,"E1211*,1.000"
X-2030,CNTNAP3,79937.0,MutNovel,"Q789L,1.000"
X-2030,CNTNAP3B,728577.0,MutNovel,"M89I,0.727"
X-2030,COL14A1,7373.0,Amp5,6.36
X-2030,COL22A1,169044.0,Amp5,6.5
X-2030,COLEC10,10584.0,Amp5,6.36
X-2030,COMMD5,28991.0,Amp5,6.06
X-2030,CPSF1,29894.0,Amp5,6.06
X-2030,CPVL,54504.0,MutNovel,"N81T,1.000"
X-2030,CRADD,8738.0,Amp5,5.82
X-2030,CRAMP1L,57585.0,MutNovel,"A68V,1.000"
X-2030,CREBBP,1387.0,MutNovel,"A1782S,1.000"
X-2030,CRLS1,54675.0,MutNovel,"A33T,0.637"
X-2030,CROCC,9696.0,MutNovel,"E933K,0.400"
X-2030,CSMD3,114788.0,Amp5,6.63
X-2030,CSPG4P1Y,114758.0,Del0.8,0.17
X-2030,CSPG4P1Y,114758.0,Del0.8,0.17
X-2030,CSRNP3,80034.0,MutKnownFunctional,"-179?,0.500"
X-2030,CST2,1470.0,MutNovel,"D129N,1.000"
X-2030,CST2,1470.0,MutNovel,"Q121E,0.444"
X-2030,CST2,1470.0,MutNovel,"I87V,0.958"
X-2030,CST2,1470.0,MutNovel,"W3R,1.000"
X-2030,CST4,1472.0,MutNovel,"M131R,1.000"
X-2030,CST4,1472.0,MutNovel,"D129N,0.920"
X-2030,CST4,1472.0,MutNovel,"T103I,0.280"
X-2030,CST4,1472.0,MutNovel,"E60K,0.667"
X-2030,CST4,1472.0,MutNovel,"D36N,0.800"
X-2030,CTHRC1,115908.0,Amp5,6.41
X-2030,CTSA,5476.0,MutNovel,"L29-,1.000"
X-2030,CTSD,1509.0,MutKnownFunctional,"E181*,1.000"
X-2030,CTSL2,1515.0,MutNovel,"G263C,0.441"
X-2030,CTSS,1520.0,MutNovel,"P329L,0.363"
X-2030,CYC1,1537.0,Amp5,6.06
X-2030,CYHR1,50626.0,Amp5,6.06
X-2030,CYLD,1540.0,MutNovel,"V669L,0.513"
X-2030,CYP11B1,1584.0,Amp5,6.28
X-2030,CYP11B2,1585.0,Amp5,6.28
X-2030,CYP2J2,1573.0,MutKnownFunctional,"E298*,1.000"
X-2030,CYP3A5,1577.0,MutNovel,"P202H,1.000"
X-2030,DAPK1,1612.0,MutNovel,"V1032L,0.410"
X-2030,DAZ1,1617.0,Del0.8,0.17
X-2030,DAZ2,57055.0,Del0.8,0.17
X-2030,DAZ3,57054.0,Del0.8,0.17
X-2030,DAZ3,57054.0,Del0.8,0.17
X-2030,DAZ4,57135.0,Del0.8,0.17
X-2030,DAZ4,57135.0,Del0.8,0.17
X-2030,DCAF13,25879.0,Amp5,6.41
X-2030,DCN,1634.0,Amp5,6.23
X-2030,DCSTAMP,81501.0,Amp5,6.41
X-2030,DCX,1641.0,MutNovel,"E83K,1.000"
X-2030,DDB1,1642.0,MutNovel,"H999Q,0.996"
X-2030,DDX47,51202.0,MutNovel,"M398I,1.000"
X-2030,DDX60,55601.0,MutNovel,"S531Y,1.000"
X-2030,DEDD,9191.0,Amp5,6.06
X-2030,DEFA1,,MutNovel,"A24E,1.000"
X-2030,DEFA1,,MutNovel,"P21S,0.778"
X-2030,DEFA1,,MutNovel,"L4I,1.000"
X-2030,DEFA1B,728358.0,MutNovel,"A24E,1.000"
X-2030,DEFA1B,728358.0,MutNovel,"P21S,1.000"
X-2030,DEFA1B,728358.0,MutNovel,"V13Q,0.250"
X-2030,DEFA1B,728358.0,MutNovel,"L4I,1.000"
X-2030,DEFA3,,MutNovel,"A24E,0.875"
X-2030,DEFA3,,MutNovel,"P21S,0.917"
X-2030,DEFA3,,MutNovel,"L4R,0.248"
X-2030,DEFA3,,MutNovel,"L4I,0.714"
X-2030,DEFA4,1669.0,MutNovel,"P21R,0.907"
X-2030,DEM1,64789.0,MutNovel,"I58L,1.000"
X-2030,DENND1B,163486.0,MutNovel,"R274I,0.690"
X-2030,DENND3,22898.0,Amp5,6.23
X-2030,DEPTOR,64798.0,Amp5,6.36
X-2030,DERL1,79139.0,Amp5,6.36
X-2030,DEXI,28955.0,MutNovel,"L73F,1.000"
X-2030,DGAT1,8694.0,Amp5,6.06
X-2030,DGCR14,8220.0,MutNovel,"A71G,1.000"
X-2030,DGCR8,54487.0,MutNovel,"A400S,1.000"
X-2030,DHX57,90957.0,MutNovel,"D668H,0.722"
X-2030,DIAPH1,1729.0,MutNovel,"R43L,1.000"
X-2030,DIS3L2,129563.0,MutKnownFunctional,"E203*,0.222"
X-2030,DLEC1,9940.0,MutNovel,"R81L,1.000"
X-2030,DMD,1756.0,MutNovel,"L1936F,1.000"
X-2030,DMRTA1,63951.0,Del0.8,0.21
X-2030,DNAH5,1767.0,MutNovel,"G4484C,0.400"
X-2030,DNAH7,56171.0,MutNovel,"L2035F,1.000"
X-2030,DNAJB2,3300.0,MutNovel,"D252H,0.227"
X-2030,DNAJB3,414061.0,MutKnownFunctional,"C77*,0.667"
X-2030,DNAJC10,54431.0,MutNovel,"F139Y,0.695"
X-2030,DOCK4,9732.0,MutNovel,"R298L,1.000"
X-2030,DPP7,29952.0,MutNovel,"L145V,0.458"
X-2030,DPY19L2,283417.0,MutNovel,"I599L,1.000"
X-2030,DPY19L4,286148.0,MutNovel,"Y425C,0.590"
X-2030,DPYS,1807.0,Amp5,6.41
X-2030,DSCC1,79075.0,Amp5,6.36
X-2030,DSEL,92126.0,MutKnownFunctional,"S518*,0.547"
X-2030,DST,667.0,MutNovel,"W2183L,1.000"
X-2030,DUOX1,53905.0,MutNovel,"Y1052C,1.000"
X-2030,DUSP6,1848.0,Amp5,6.23
X-2030,DYNC1H1,1778.0,MutKnownFunctional,"-423,0.412"
X-2030,DYNC1H1,1778.0,MutNovel,"Y2350C,0.638"
X-2030,EBAG9,9166.0,Amp5,6.63
X-2030,ECD,11319.0,MutNovel,"Q294L,0.991"
X-2030,EEA1,8411.0,Amp5,6.23
X-2030,EEF1D,1936.0,Amp5,6.06
X-2030,EFHD1,80303.0,MutNovel,"A31V,0.636"
X-2030,EFR3A,23167.0,Amp5,6.28
X-2030,EIF1AY,9086.0,Del0.8,0.18
X-2030,EIF2C2,27161.0,Amp5,6.23
X-2030,EIF3E,3646.0,Amp5,6.41
X-2030,EIF3H,8667.0,Amp5,6.36
X-2030,ELAVL2,1993.0,Del0.8,0.2
X-2030,ELF1,1997.0,MutNovel,"G336W,0.669"
X-2030,ENPP2,5168.0,Amp5,6.36
X-2030,ENY2,56943.0,Amp5,6.63
X-2030,EP400,57634.0,MutNovel,"G565I,1.000"
X-2030,EPB41,2035.0,MutNovel,"N69Y,1.000"
X-2030,EPHB4,2050.0,MutNovel,"V887L,1.000"
X-2030,EPPK1,83481.0,Amp5,6.06
X-2030,EPYC,1833.0,Amp5,6.23
X-2030,ERAP2,64167.0,MutNovel,"M520I,1.000"
X-2030,ERBB2IP,55914.0,MutNovel,"R1064L,1.000"
X-2030,ERC2,26059.0,MutNovel,"A722S,1.000"
X-2030,ERCC4,2072.0,MutNovel,"E811V,1.000"
X-2030,ESRP2,80004.0,MutNovel,"H212Y,0.464"
X-2030,ETFB,2109.0,MutNovel,"T168I,1.000"
X-2030,EVC2,132884.0,MutNovel,"W314C,0.667"
X-2030,EXOSC4,54512.0,Amp5,6.06
X-2030,EXT1,2131.0,Amp5,6.36
X-2030,EYS,346007.0,MutNovel,"T441K,1.000"
X-2030,F11R,50848.0,Amp5,6.06
X-2030,FADD,8772.0,MutNovel,"S10T,1.000"
X-2030,FAM106A,80039.0,Del0.8,0.55
X-2030,FAM106CP,100129396.0,Amp5,5.35
X-2030,FAM129B,64855.0,MutNovel,"D648Y,0.508"
X-2030,FAM135A,57579.0,MutNovel,"D1032Y,1.000"
X-2030,FAM135B,51059.0,Amp5,6.5
X-2030,FAM13A,10144.0,Amp5,5.06
X-2030,FAM13A-AS1,285512.0,Amp5,5.82
X-2030,FAM171B,165215.0,MutNovel,"-44Q,0.833"
X-2030,FAM171B,165215.0,MutNovel,"-50Q,0.923"
X-2030,FAM199X,139231.0,MutNovel,"V30M,1.000"
X-2030,FAM203A,51236.0,Amp5,6.06
X-2030,FAM41AY1,340618.0,Del0.8,0.18
X-2030,FAM41AY1,340618.0,Del0.8,0.18
X-2030,FAM43A,131583.0,MutNovel,"L186M,0.394"
X-2030,FAM49B,51571.0,Amp5,6.28
X-2030,FAM83A,84985.0,Amp5,6.36
X-2030,FAM83B,222584.0,MutNovel,"V258F,1.000"
X-2030,FAM83H,286077.0,Amp5,6.06
X-2030,FAM84B,157638.0,Amp5,6.36
X-2030,FAM86C1,55199.0,Del0.8,0.76
X-2030,FAM91A1,157769.0,Amp5,6.36
X-2030,FANCM,57697.0,MutNovel,"D1469Y,0.482"
X-2030,FAT4,79633.0,MutNovel,"C3962S,1.000"
X-2030,FBXL6,26233.0,Amp5,6.06
X-2030,FBXO32,114907.0,Amp5,6.36
X-2030,FER1L6,654463.0,Amp5,6.36
X-2030,FER1L6-AS1,439941.0,Amp5,6.36
X-2030,FGD6,55785.0,Amp5,5.82
X-2030,FGF18,8817.0,MutNovel,"D121G,1.000"
X-2030,FGFR1,2260.0,MutNovel,"D93N,0.471"
X-2030,FGFR1OP2,26127.0,MutNovel,"R105L,1.000"
X-2030,FLJ35282,441389.0,Del0.8,0.17
X-2030,FLJ42969,441374.0,Amp5,6.41
X-2030,FLJ43860,389690.0,Amp5,6.23
X-2030,FLT4,2324.0,MutNovel,"R745S,1.000"
X-2030,FNBP4,23360.0,MutNovel,"G218C,1.000"
X-2030,FOXA1,3169.0,Amp5,6.5
X-2030,FOXF2,2295.0,MutNovel,"G256C,1.000"
X-2030,FOXH1,8928.0,Amp5,6.06
X-2030,FOXL2,668.0,MutNovel,"K193M,0.353"
X-2030,FOXN3,1112.0,MutNovel,"Q197L,0.664"
X-2030,FREM2,341640.0,MutNovel,"I964V,0.464"
X-2030,FREM2,341640.0,MutKnownFunctional,"G2300*,0.400"
X-2030,FRRS1,391059.0,MutNovel,"G92V,0.377"
X-2030,FRRS1L,,MutNovel,"R51A,1.000"
X-2030,FSD1L,83856.0,MutNovel,"D305H,0.333"
X-2030,FSIP2,401024.0,MutNovel,"E3855Q,0.800"
X-2030,FTSJD2,23070.0,MutNovel,"D553Y,1.000"
X-2030,FZD6,8323.0,Amp5,6.41
X-2030,GABRB2,2561.0,MutNovel,"E179D,1.000"
X-2030,GALNT13,114805.0,MutNovel,"Y418N,0.335"
X-2030,GALNT4,8693.0,Amp5,6.23
X-2030,GALR1,2587.0,MutNovel,"A270S,0.364"
X-2030,GCN1L1,10985.0,MutNovel,"V2143L,1.000"
X-2030,GGCX,2677.0,MutNovel,"M600K,0.273"
X-2030,GIGYF2,26058.0,MutNovel,"PQ1231P,1.000"
X-2030,GLI4,2738.0,Amp5,6.06
X-2030,GML,2765.0,Amp5,6.28
X-2030,GOLGA2P2Y,84559.0,Del0.8,0.17
X-2030,GOLGA2P2Y,84559.0,Del0.8,0.17
X-2030,GOLGA3,2802.0,MutNovel,"G65V,1.000"
X-2030,GOLGA8J,,MutNovel,"P296A,1.000"
X-2030,GON4L,54856.0,MutNovel,"P791R,0.556"
X-2030,GPAA1,8733.0,Amp5,6.06
X-2030,GPIHBP1,338328.0,Amp5,6.28
X-2030,GPR20,2843.0,Amp5,6.23
X-2030,GPR98,84059.0,MutNovel,"G2680V,1.000"
X-2030,GPRIN2,9721.0,MutNovel,"-238MRE,0.368"
X-2030,GPT,2875.0,Amp5,6.06
X-2030,GRB14,2888.0,MutKnownFunctional,"-297?,0.389"
X-2030,GREB1,9687.0,MutNovel,"Y1733C,0.625"
X-2030,GRHL2,79977.0,Amp5,6.41
X-2030,GRIN2B,2904.0,MutKnownFunctional,"R1112*,1.000"
X-2030,GRINA,2907.0,Amp5,6.06
X-2030,GRSF1,2926.0,MutNovel,"S34Y,1.000"
X-2030,GSDMC,56169.0,Amp5,6.28
X-2030,GSDMD,79792.0,Amp5,6.06
X-2030,GSTT1,2952.0,Del0.8,0.65
X-2030,GTPBP4,23560.0,MutNovel,"L401F,0.484"
X-2030,HAS2,3037.0,Amp5,6.36
X-2030,HAS2-AS1,594842.0,Amp5,6.36
X-2030,HEATR7A,727957.0,Amp5,6.06
X-2030,HERC3,8916.0,Amp5,5.82
X-2030,HERC5,51191.0,Amp5,5.82
X-2030,HERC6,55008.0,Amp5,5.82
X-2030,HES4,57801.0,MutNovel,"A200S,1.000"
X-2030,HHAT,55733.0,MutNovel,"S241V,1.000"
X-2030,HHLA1,10086.0,Amp5,6.28
X-2030,HIPK3,10114.0,MutNovel,"C387Y,1.000"
X-2030,HLA-A,3105.0,MutNovel,"E176Q,1.000"
X-2030,HLA-F,3134.0,MutNovel,"Q289E,0.235"
X-2030,HLA-G,3135.0,MutNovel,"V2A,1.000"
X-2030,HLA-H,3136.0,Del0.8,0.72
X-2030,HLF,3131.0,MutNovel,"I211F,0.320"
X-2030,HNRNPCL1,343069.0,MutNovel,"P253L,1.000"
X-2030,HOXA10,3206.0,MutNovel,"G324D,1.000"
X-2030,HOXD11,3237.0,MutNovel,"E6D,1.000"
X-2030,HPYR1,93668.0,Amp5,6.28
X-2030,HRCT1,646962.0,MutNovel,"LH100L,1.000"
X-2030,HRH2,3274.0,MutNovel,"T392N,1.000"
X-2030,HRNR,388697.0,MutNovel,"R1697C,0.400"
X-2030,HS3ST3A1,9955.0,MutNovel,"R179H,1.000"
X-2030,HSF1,3297.0,Amp5,6.06
X-2030,HSFY2,159119.0,Del0.8,0.18
X-2030,HSFY2,159119.0,Del0.8,0.18
X-2030,HSP90B1,7184.0,MutNovel,"E314-,1.000"
X-2030,HSPA1L,3305.0,MutNovel,"S420T,0.308"
X-2030,HSPA2,3306.0,MutNovel,"D326N,0.300"
X-2030,HTT,3064.0,MutNovel,"S337M,0.655"
X-2030,HTT,3064.0,MutNovel,"I794M,0.727"
X-2030,HYDIN,54768.0,MutNovel,"N4605K,0.333"
X-2030,HYDIN,54768.0,MutKnownFunctional,"-3903,0.500"
X-2030,HYDIN,54768.0,MutNovel,"MH3868RH,0.833"
X-2030,HYDIN,54768.0,MutNovel,"R3747C,0.467"
X-2030,HYDIN,54768.0,MutNovel,"P2931L,0.286"
X-2030,HYI,81888.0,MutNovel,"G56E,1.000"
X-2030,IFNA1,3439.0,Del0.8,0.2
X-2030,IFNA10,3446.0,Del0.8,0.25
X-2030,IFNA13,3447.0,Del0.8,0.2
X-2030,IFNA14,3448.0,Del0.8,0.25
X-2030,IFNA16,3449.0,Del0.8,0.25
X-2030,IFNA17,3451.0,Del0.8,0.25
X-2030,IFNA2,3440.0,Del0.8,0.2
X-2030,IFNA21,3452.0,Del0.8,0.27
X-2030,IFNA22P,3453.0,Del0.8,0.07
X-2030,IFNA4,3441.0,Del0.8,0.1
X-2030,IFNA6,3443.0,Del0.8,0.2
X-2030,IFNA7,3444.0,Del0.8,0.25
X-2030,IFNA8,3445.0,Del0.8,0.2
X-2030,IFNE,338376.0,Del0.8,0.2
X-2030,IFNW1,3467.0,Del0.8,0.27
X-2030,IKBKB,3551.0,MutNovel,"R55Q,0.368"
X-2030,IL10RA,3587.0,MutNovel,"P353L,1.000"
X-2030,IL12RB2,3595.0,MutNovel,"Q506K,1.000"
X-2030,IL17RA,23765.0,MutNovel,"P7L,1.000"
X-2030,ILDR2,387597.0,MutNovel,"R554P,1.000"
X-2030,IMMP2L,83943.0,MutNovel,"R73P,1.000"
X-2030,INADL,10207.0,MutNovel,"G1556V,1.000"
X-2030,INPP4B,8821.0,MutNovel,"W525L,1.000"
X-2030,INSM1,3642.0,MutNovel,"C440F,0.381"
X-2030,IRF2BP1,26145.0,MutNovel,"V578L,1.000"
X-2030,IRS4,8471.0,MutNovel,"C522S,1.000"
X-2030,IRX2,153572.0,MutNovel,"A358S,1.000"
X-2030,ITIH5,80760.0,MutNovel,"A285S,0.900"
X-2030,ITLN2,142683.0,Amp5,6.06
X-2030,IVNS1ABP,10625.0,MutNovel,"Y626C,0.524"
X-2030,JAG2,3714.0,MutNovel,"R1233L,0.549"
X-2030,JRK,8629.0,Amp5,6.28
X-2030,KBTBD6,89890.0,MutNovel,"K492N,0.703"
X-2030,KCNK7,10089.0,MutNovel,"L238F,1.000"
X-2030,KCNK9,51305.0,Amp5,5.21
X-2030,KCNQ3,3786.0,Amp5,6.28
X-2030,KCNV1,27012.0,Amp5,6.63
X-2030,KDM5C,8242.0,MutKnownFunctional,"E23*,1.000"
X-2030,KDM5D,8284.0,Del0.8,0.18
X-2030,KERA,11081.0,Amp5,6.23
X-2030,KHDRBS3,10656.0,Amp5,6.28
X-2030,KIAA0125,9834.0,Amp5,5.1
X-2030,KIAA0196,9897.0,Amp5,6.36
X-2030,KIAA0528,9847.0,MutNovel,"M199I,1.000"
X-2030,KIAA0586,9786.0,MutNovel,"Y189C,0.500"
X-2030,KIAA1109,84162.0,MutNovel,"K4838N,1.000"
X-2030,KIAA1467,57613.0,MutNovel,"A326S,1.000"
X-2030,KIAA1598,57698.0,MutNovel,"V581F,1.000"
X-2030,KIAA1875,340390.0,Amp5,6.06
X-2030,KIAA2026,158358.0,MutNovel,"Y1444N,1.000"
X-2030,KIF13B,23303.0,MutNovel,"V814L,0.444"
X-2030,KIF24,347240.0,MutKnownFunctional,"-457,1.000"
X-2030,KIFC2,90990.0,Amp5,6.06
X-2030,KIFC3,3801.0,MutNovel,"K255Y,0.312"
X-2030,KIR2DL4,3805.0,Amp5,6.19
X-2030,KLF10,7071.0,Amp5,6.41
X-2030,KLHDC9,126823.0,Amp5,6.06
X-2030,KLHL38,340359.0,Amp5,6.36
X-2030,KLHL9,55958.0,Del0.8,0.2
X-2030,KNTC1,9735.0,MutKnownFunctional,"G14*,1.000"
X-2030,KPNA3,3839.0,MutNovel,"I397V,1.000"
X-2030,KRT19P2,160313.0,Amp5,5.82
X-2030,KRTAP5-1,387264.0,MutNovel,"C157S,1.000"
X-2030,L3MBTL1,26013.0,MutNovel,"W450C,1.000"
X-2030,LACC1,144811.0,MutNovel,"D393N,0.676"
X-2030,LAMB1,3912.0,MutKnownFunctional,"E683*,1.000"
X-2030,LCE3C,353144.0,Amp5,6.96
X-2030,LGALS9C,654346.0,Del0.8,0.55
X-2030,LIFR,3977.0,MutNovel,"R88C,0.500"
X-2030,LINC00051,619434.0,Amp5,6.28
X-2030,LINC00226,338004.0,Amp5,5.82
X-2030,LINC00266-1,140849.0,Del0.8,0.65
X-2030,LOC100128338,100128338.0,Amp5,6.06
X-2030,LOC100130231,100130231.0,Amp5,6.36
X-2030,LOC100131726,100131726.0,Amp5,6.36
X-2030,LOC100133669,100133669.0,Amp5,6.28
X-2030,LOC100288181,100288181.0,Amp5,6.28
X-2030,LOC100499183,100499183.0,Amp5,6.41
X-2030,LOC100506533,,MutNovel,"A21T,1.000"
X-2030,LOC100507117,100507117.0,Amp5,6.28
X-2030,LOC100507369,,MutKnownFunctional,"S147*,0.500"
X-2030,LOC100507369,,MutNovel,"T143I,0.500"
X-2030,LOC144486,144486.0,Amp5,5.82
X-2030,LOC157381,157381.0,Amp5,6.36
X-2030,LOC286094,286094.0,Amp5,6.28
X-2030,LOC338758,338758.0,Amp5,6.23
X-2030,LOC391322,391322.0,Del0.8,0.65
X-2030,LOC643339,643339.0,Amp5,6.23
X-2030,LOC643699,,MutNovel,"Q392HK,0.357"
X-2030,LOC727677,727677.0,Amp5,6.28
X-2030,LOC728084,728084.0,Amp5,6.23
X-2030,LOC728724,728724.0,Amp5,6.28
X-2030,LOC728888,,MutNovel,"P1087R,0.357"
X-2030,LOC728888,,MutNovel,"L289V,0.211"
X-2030,LOC731779,731779.0,Amp5,6.23
X-2030,LRP12,29967.0,Amp5,6.41
X-2030,LRP1B,53353.0,MutNovel,"G2153V,1.000"
X-2030,LRP1B,53353.0,MutNovel,"V1885F,0.900"
X-2030,LRRC1,55227.0,MutNovel,"A434V,1.000"
X-2030,LRRC14,9684.0,Amp5,6.06
X-2030,LRRC24,441381.0,Amp5,6.06
X-2030,LRRC6,23639.0,MutNovel,"K184E,1.000"
X-2030,LRRC6,23639.0,Amp5,6.28
X-2030,LRRIQ1,84125.0,MutNovel,"K226N,0.500"
X-2030,LSR,51599.0,MutNovel,"G518GR,1.000"
X-2030,LUM,4060.0,Amp5,6.23
X-2030,LY6D,8581.0,Amp5,6.28
X-2030,LY6E,4061.0,Amp5,6.28
X-2030,LY6H,4062.0,Amp5,6.28
X-2030,LY6K,54742.0,Amp5,6.28
X-2030,LYNX1,66004.0,Amp5,6.28
X-2030,LYPD2,137797.0,Amp5,6.28
X-2030,MAD1L1,8379.0,MutNovel,"R59C,1.000"
X-2030,MAF1,84232.0,Amp5,6.06
X-2030,MAFA,389692.0,Amp5,6.06
X-2030,MAL2,114569.0,Amp5,6.36
X-2030,MAN1A2,10905.0,MutNovel,"E103G,0.683"
X-2030,MAP2K4,6416.0,MutKnownFunctional,"R274*,1.000"
X-2030,MAP3K4,4216.0,MutNovel,"P589T,1.000"
X-2030,MAPK13,5603.0,MutNovel,"P93S,1.000"
X-2030,MAPK15,225689.0,Amp5,6.06
X-2030,MCOLN3,55283.0,MutNovel,"P436T,1.000"
X-2030,MDGA1,266727.0,MutNovel,"R554W,1.000"
X-2030,MED30,90390.0,Amp5,6.36
X-2030,MEF2A,4205.0,MutNovel,"QQ412-,1.000"
X-2030,METAP2,10988.0,Amp5,5.82
X-2030,METTL4,64863.0,MutNovel,"S302C,0.441"
X-2030,MFN2,9927.0,MutNovel,"H469L,1.000"
X-2030,MFSD3,113655.0,Amp5,6.06
X-2030,MFSD6,54842.0,MutNovel,"R127H,0.697"
X-2030,MICAL3,57553.0,MutNovel,"R1978G,1.000"
X-2030,MIR1204,100302185.0,Amp5,6.28
X-2030,MIR1205,100302161.0,Amp5,6.28
X-2030,MIR1206,100302170.0,Amp5,6.28
X-2030,MIR1207,100302175.0,Amp5,6.28
X-2030,MIR1208,100302281.0,Amp5,6.28
X-2030,MIR1234,100302196.0,Amp5,6.06
X-2030,MIR2053,100302225.0,Amp5,6.63
X-2030,MIR30B,407030.0,Amp5,6.28
X-2030,MIR30D,407033.0,Amp5,6.28
X-2030,MIR31,407035.0,Del0.8,0.41
X-2030,MIR3151,100422992.0,Amp5,6.41
X-2030,MIR31HG,554202.0,Del0.8,0.25
X-2030,MIR331,442903.0,Amp5,5.82
X-2030,MIR3610,100500914.0,Amp5,6.36
X-2030,MIR3685,100500802.0,Amp5,5.82
X-2030,MIR4472-1,100616268.0,Amp5,6.28
X-2030,MIR4473,100616229.0,Del0.8,0.21
X-2030,MIR4474,100616441.0,Del0.8,0.21
X-2030,MIR4663,100616260.0,Amp5,6.36
X-2030,MIR4664,100616318.0,Amp5,6.06
X-2030,MIR491,574444.0,Del0.8,0.22
X-2030,MIR661,724031.0,Amp5,6.06
X-2030,MIR937,100126338.0,Amp5,6.06
X-2030,MIR939,100126351.0,Amp5,6.06
X-2030,MLL2,8085.0,MutNovel,"A3440S,1.000"
X-2030,MLLT10,8028.0,MutNovel,"R81S,1.000"
X-2030,MLLT3,4300.0,Del0.8,0.17
X-2030,MOGAT1,116255.0,Amp5,5.46
X-2030,MOSPD2,158747.0,MutNovel,"S14Y,1.000"
X-2030,MPRIP,23164.0,MutNovel,"TS178T,1.000"
X-2030,MRPL13,28998.0,Amp5,6.36
X-2030,MRPL18,29074.0,MutNovel,"L10W,0.913"
X-2030,MRPL38,64978.0,MutNovel,"G33W,0.657"
X-2030,MTAP,4507.0,Del0.8,0.21
X-2030,MTBP,27085.0,Amp5,6.36
X-2030,MTSS1,9788.0,Amp5,6.36
X-2030,MTUS2,23281.0,MutNovel,"A791S,0.650"
X-2030,MYC,4609.0,Amp5,6.28
X-2030,MYH14,79784.0,MutNovel,"T1995I,1.000"
X-2030,NACAP1,83955.0,Amp5,6.41
X-2030,NADSYN1,55191.0,MutNovel,"E385V,1.000"
X-2030,NAE1,8883.0,MutNovel,"G327R,0.498"
X-2030,NAP1L1,4673.0,MutNovel,"K105N,0.433"
X-2030,NAP1L5,266812.0,Amp5,5.82
X-2030,NAPRT1,93100.0,Amp5,6.06
X-2030,NARG2,79664.0,MutNovel,"R745H,1.000"
X-2030,NAT10,55226.0,MutNovel,"D856Y,1.000"
X-2030,NBEA,26960.0,MutNovel,"A440S,0.857"
X-2030,NBPF1,55672.0,MutNovel,"T921P,0.270"
X-2030,NBPF1,55672.0,MutNovel,"K601Q,0.250"
X-2030,NCALD,83988.0,Amp5,6.41
X-2030,NCOR1,9611.0,MutNovel,"V40L,1.000"
X-2030,NCOR2,9612.0,MutNovel,"G1839GAAA,1.000"
X-2030,NCRNA00185,55410.0,Del0.8,0.18
X-2030,NDRG1,10397.0,Amp5,6.28
X-2030,NDUFA12,55967.0,Amp5,5.82
X-2030,NDUFB9,4715.0,Amp5,6.36
X-2030,NEB,4703.0,MutNovel,"Y4957N,0.300"
X-2030,NEB,4703.0,MutNovel,"H3601R,0.375"
X-2030,NEB,4703.0,MutNovel,"G3393V,1.000"
X-2030,NEFH,4744.0,MutNovel,"A141S,1.000"
X-2030,NEFH,4744.0,MutNovel,"F205L,1.000"
X-2030,NEFH,4744.0,MutNovel,"KAKSPEKEE651K,0.875"
X-2030,NEGR1,257194.0,MutNovel,"P41A,1.000"
X-2030,NELL2,4753.0,MutNovel,"A299D,1.000"
X-2030,NELL2,4753.0,MutNovel,"L294I,1.000"
X-2030,NELL2,4753.0,MutNovel,"A247E,1.000"
X-2030,NES,10763.0,MutNovel,"T1003K,1.000"
X-2030,NFATC4,4776.0,MutNovel,"G305V,0.431"
X-2030,NIN,51199.0,MutNovel,"E416D,0.655"
X-2030,NIT1,4817.0,Amp5,6.06
X-2030,NLGN4Y,22829.0,Del0.8,0.18
X-2030,NLRC5,84166.0,MutNovel,"G1216V,0.667"
X-2030,NNT,23530.0,MutNovel,"G603V,0.516"
X-2030,NOMO2,283820.0,MutNovel,"D490N,1.000"
X-2030,NOMO2,283820.0,MutNovel,"D114N,1.000"
X-2030,NOV,4856.0,Amp5,6.36
X-2030,NOVA1,4857.0,MutNovel,"A256T,0.507"
X-2030,NPAS2,4862.0,MutNovel,"R21L,1.000"
X-2030,NPTN,27020.0,MutNovel,"A321S,1.000"
X-2030,NR1D2,9975.0,MutNovel,"H25Y,1.000"
X-2030,NR2C1,7181.0,Amp5,5.82
X-2030,NRBP2,340371.0,Amp5,6.06
X-2030,NRG1,3084.0,MutNovel,"M111I,0.600"
X-2030,NSMCE2,286053.0,Amp5,6.36
X-2030,NSUN2,54888.0,MutNovel,"E208D,0.484"
X-2030,NTN1,9423.0,MutNovel,"G366D,1.000"
X-2030,NTN4,59277.0,Amp5,5.82
X-2030,NUBPL,80224.0,MutNovel,"G158C,0.505"
X-2030,NUDCD1,84955.0,MutNovel,"D317H,0.364"
X-2030,NUDCD1,84955.0,Amp5,6.63
X-2030,NUDT11,55190.0,MutKnownFunctional,"-1,1.000"
X-2030,NUDT4,11163.0,Amp5,6.23
X-2030,NUP107,57122.0,MutNovel,"D145Y,0.416"
X-2030,NUP107,57122.0,MutNovel,"V192M,0.439"
X-2030,NUP43,348995.0,MutNovel,"S14N,1.000"
X-2030,OBSCN,84033.0,MutNovel,"G3787W,1.000"
X-2030,OC90,729330.0,Amp5,6.28
X-2030,ODF1,4956.0,Amp5,6.41
X-2030,ODF3B,440836.0,Del0.8,0.76
X-2030,OPLAH,26873.0,Amp5,6.06
X-2030,OR2T10,127069.0,Del0.8,0.34
X-2030,OR2T11,127077.0,Del0.8,0.64
X-2030,OR2T34,127068.0,Del0.8,0.34
X-2030,OR4K1,79544.0,Amp5,6.32
X-2030,OR4K2,390431.0,Amp5,6.32
X-2030,OR4K5,79317.0,Amp5,6.32
X-2030,OR4M1,441670.0,Amp5,6.32
X-2030,OR4N2,390429.0,Amp5,6.32
X-2030,OR4Q3,441669.0,Amp5,6.32
X-2030,ORAI1,84876.0,MutNovel,"PP43-,1.000"
X-2030,OSBPL3,26031.0,MutKnownFunctional,"-537,1.000"
X-2030,OSBPL8,114882.0,MutNovel,"N525Y,0.418"
X-2030,OVOL2,58495.0,MutNovel,"R209L,1.000"
X-2030,OXR1,55074.0,Amp5,6.41
X-2030,PABPC3,5042.0,MutNovel,"KG231-,0.600"
X-2030,PABPC3,5042.0,MutKnownFunctional,"-299,0.727"
X-2030,PABPC3,5042.0,MutKnownFunctional,"-336,0.667"
X-2030,PALD1,,MutNovel,"V105I,1.000"
X-2030,PAN3,255967.0,MutNovel,"H320Y,0.608"
X-2030,PAPD5,64282.0,MutNovel,"D87Y,0.333"
X-2030,PAPOLA,10914.0,MutNovel,"S453I,0.714"
X-2030,PARD3B,117583.0,MutNovel,"V616M,0.500"
X-2030,PARG,8505.0,MutNovel,"R816P,0.701"
X-2030,PARK2,5071.0,MutNovel,"V43M,1.000"
X-2030,PARP10,84875.0,Amp5,6.06
X-2030,PC,5091.0,MutNovel,"R964C,1.000"
X-2030,PC,5091.0,MutNovel,"G402V,1.000"
X-2030,PCAT1,100750225.0,Amp5,6.28
X-2030,PCDH18,54510.0,MutNovel,"G841R,1.000"
X-2030,PCDHA1,56147.0,MutNovel,"R595G,1.000"
X-2030,PCDHA6,56142.0,MutNovel,"L21H,1.000"
X-2030,PCDHA6,56142.0,MutNovel,"P522Q,1.000"
X-2030,PCDHA7,56141.0,MutNovel,"L74I,1.000"
X-2030,PCDHB13,56123.0,MutNovel,"P391H,1.000"
X-2030,PCDHB15,56121.0,MutNovel,"A450I,0.967"
X-2030,PCDHB3,56132.0,MutNovel,"Q598L,1.000"
X-2030,PCDHGA1,56114.0,MutNovel,"Y297N,1.000"
X-2030,PDE1A,5136.0,MutNovel,"I4V,0.754"
X-2030,PEX10,5192.0,MutNovel,"P112S,1.000"
X-2030,PFDN2,5202.0,Amp5,6.06
X-2030,PHACTR3,116154.0,MutNovel,"Q311K,1.000"
X-2030,PHC3,80012.0,MutNovel,"D857H,0.509"
X-2030,PHF2,5253.0,MutNovel,"K577I,0.404"
X-2030,PHF20L1,51105.0,Amp5,6.28
X-2030,PHLDA1,22822.0,MutNovel,"QQ194Q,1.000"
X-2030,PHYH,5264.0,MutNovel,"K270E,0.527"
X-2030,PIAS1,8554.0,MutNovel,"G240V,1.000"
X-2030,PIF1,80119.0,MutNovel,"P109S,1.000"
X-2030,PIGY,84992.0,MutNovel,"E45D,0.538"
X-2030,PIGY,84992.0,Amp5,5.82
X-2030,PKD2,5311.0,Amp5,5.1
X-2030,PKHD1L1,93035.0,Amp5,6.63
X-2030,PKM,,MutNovel,"K321N,1.000"
X-2030,PLA2G4A,5321.0,MutNovel,"E47K,0.571"
X-2030,PLBD1,79887.0,MutNovel,"NV264DI,0.667"
X-2030,PLEC,5339.0,MutNovel,"R2694Q,0.642"
X-2030,PLEC,5339.0,MutNovel,"A1810S,0.648"
X-2030,PLEC,5339.0,Amp5,6.06
X-2030,PLEKHG7,440107.0,Amp5,6.23
X-2030,PLXNC1,10154.0,Amp5,5.82
X-2030,PNO1,56902.0,MutNovel,"E40Q,0.680"
X-2030,PNPLA4,8228.0,MutNovel,"E60Q,1.000"
X-2030,POC1B,282809.0,Amp5,6.23
X-2030,POC1B-GALNT4,100528030.0,Amp5,6.23
X-2030,POLE,5426.0,MutNovel,"D1709Y,1.000"
X-2030,POLE,5426.0,MutNovel,"R1579L,1.000"
X-2030,POLQ,10721.0,MutKnownFunctional,"E1709*,1.000"
X-2030,POU5F1B,5462.0,Amp5,6.28
X-2030,PPARGC1A,10891.0,MutNovel,"G592C,1.000"
X-2030,PPIP5K2,23262.0,MutKnownFunctional,"R551*,1.000"
X-2030,PPM1B,5495.0,MutNovel,"D38N,0.333"
X-2030,PPM1K,152926.0,Amp5,5.82
X-2030,PPOX,5498.0,Amp5,6.06
X-2030,PPP1R16A,84988.0,Amp5,6.06
X-2030,PPP1R9B,84687.0,MutNovel,"A109S,0.368"
X-2030,PPP2CA,5515.0,MutNovel,"G60L,1.000"
X-2030,PPP2R3B,28227.0,MutNovel,"LA853PA,1.000"
X-2030,PPP2R3C,55012.0,MutKnownFunctional,"-23?,1.000"
X-2030,PRDM2,7799.0,MutNovel,"V719L,1.000"
X-2030,PRMT5,10419.0,MutNovel,"E9D,0.276"
X-2030,PRR14,78994.0,MutNovel,"G99V,0.463"
X-2030,PRRC2C,23215.0,MutNovel,"Q2428H,0.514"
X-2030,PRRT4,401399.0,MutNovel,"G375V,1.000"
X-2030,PRTG,283659.0,MutNovel,"L131F,1.000"
X-2030,PRY,9081.0,Del0.8,0.18
X-2030,PRY,9081.0,Del0.8,0.18
X-2030,PRY2,442862.0,Del0.8,0.18
X-2030,PRY2,442862.0,Del0.8,0.18
X-2030,PSCA,8000.0,Amp5,6.28
X-2030,PTAR1,375743.0,MutNovel,"V107M,0.535"
X-2030,PTER,9317.0,MutNovel,"L12F,0.507"
X-2030,PTGDR2,11251.0,MutNovel,"T393N,1.000"
X-2030,PTK2,5747.0,Amp5,6.23
X-2030,PTP4A3,11156.0,Amp5,6.23
X-2030,PTPLAD2,401494.0,Del0.8,0.22
X-2030,PTPN13,5783.0,MutKnownFunctional,"E2223*,0.404"
X-2030,PTPRD,5789.0,Del0.8,0.6
X-2030,PTPRN,5798.0,MutNovel,"A604P,1.000"
X-2030,PTPRN2,5799.0,MutNovel,"G373R,1.000"
X-2030,PUF60,22827.0,Amp5,6.06
X-2030,PUS7L,83448.0,MutNovel,"Q517H,1.000"
X-2030,PVRL4,81607.0,Amp5,6.06
X-2030,PVT1,5820.0,Amp5,6.28
X-2030,PYCRL,65263.0,Amp5,6.06
X-2030,RAB7A,7879.0,MutNovel,"V50L,1.000"
X-2030,RAD21,5885.0,Amp5,6.36
X-2030,RAD21-AS1,644660.0,Amp5,6.36
X-2030,RAI1,10743.0,MutNovel,"QQQQ278-,1.000"
X-2030,RALGAPA1,253959.0,MutNovel,"F237V,0.727"
X-2030,RAPGEF5,9771.0,MutNovel,"A534S,1.000"
X-2030,RAPH1,65059.0,MutNovel,"R1056H,0.389"
X-2030,RASSF4,83937.0,MutNovel,"A220S,0.813"
X-2030,RAVER2,55225.0,MutNovel,"N75D,1.000"
X-2030,RBMY1B,378948.0,Del0.8,0.18
X-2030,RBMY1B,378948.0,Del0.8,0.18
X-2030,RBMY1E,378950.0,Del0.8,0.18
X-2030,RBMY1E,378950.0,Del0.8,0.18
X-2030,RBMY1F,159163.0,Del0.8,0.18
X-2030,RBMY1F,159163.0,Del0.8,0.18
X-2030,RBMY1J,378951.0,Del0.8,0.18
X-2030,RBMY1J,378951.0,Del0.8,0.18
X-2030,RBMY2EP,159125.0,Del0.8,0.18
X-2030,RBMY2FP,159162.0,Del0.8,0.18
X-2030,RECQL4,9401.0,Amp5,6.06
X-2030,REG3A,5068.0,MutNovel,"H50L,0.750"
X-2030,RGL1,23179.0,MutNovel,"L357V,0.582"
X-2030,RGPD1,400966.0,MutNovel,"G347A,1.000"
X-2030,RHPN1,114822.0,Amp5,6.06
X-2030,RIF1,55183.0,MutNovel,"H1684R,0.271"
X-2030,RIMS2,9699.0,Amp5,6.41
X-2030,RIN3,79890.0,MutNovel,"G967-,1.000"
X-2030,RNF139,11236.0,Amp5,6.36
X-2030,RNGTT,8732.0,MutNovel,"P185T,1.000"
X-2030,RORA,6095.0,MutNovel,"E243D,1.000"
X-2030,RPL13,6137.0,MutNovel,"V22L,0.305"
X-2030,RPL8,6132.0,Amp5,6.06
X-2030,RPRD1A,55197.0,MutNovel,"D97Y,0.379"
X-2030,RPS17,6218.0,MutNovel,"S43R,0.571"
X-2030,RPS4Y2,140032.0,Del0.8,0.18
X-2030,RPS6KA5,9252.0,MutNovel,"T38S,0.500"
X-2030,RPS6KB1,6198.0,MutKnownFunctional,"W276*,0.335"
X-2030,RRM2B,50484.0,Amp5,6.41
X-2030,RSBN1L,222194.0,MutKnownFunctional,"E383*,1.000"
X-2030,RSPO2,340419.0,Amp5,6.41
X-2030,RSPRY1,89970.0,MutNovel,"M40I,0.564"
X-2030,RTN1,6252.0,MutNovel,"R505L,0.370"
X-2030,SALL2,6297.0,MutNovel,"E914K,0.474"
X-2030,SAMD12,401474.0,Amp5,6.36
X-2030,SAMD12-AS1,552860.0,Amp5,6.36
X-2030,SCAND3,114821.0,MutNovel,"G1121R,1.000"
X-2030,SCLY,51540.0,MutNovel,"D336Y,0.308"
X-2030,SCRIB,23513.0,Amp5,6.06
X-2030,SCRT1,83482.0,Amp5,6.06
X-2030,SCXA,100129885.0,Amp5,6.06
X-2030,SCYL1,57410.0,MutNovel,"M268T,1.000"
X-2030,SEC16B,89866.0,MutNovel,"D335E,0.478"
X-2030,SEC24A,10802.0,MutNovel,"Q43R,1.000"
X-2030,SERINC2,347735.0,MutNovel,"-373Q,1.000"
X-2030,SETD2,29072.0,MutNovel,"M1607I,1.000"
X-2030,SFSWAP,6433.0,MutNovel,"A813T,1.000"
X-2030,SGCE,8910.0,MutNovel,"S432H,1.000"
X-2030,SH3GL2,6456.0,Del0.8,0.64
X-2030,SHANK2,22941.0,MutNovel,"A228S,1.000"
X-2030,SHARPIN,81858.0,Amp5,6.06
X-2030,SHISA6,388336.0,MutNovel,"R439L,1.000"
X-2030,SHISA9,729993.0,MutNovel,"K344N,1.000"
X-2030,SHISA9,729993.0,MutNovel,"P410Q,1.000"
X-2030,SLA,6503.0,Amp5,6.28
X-2030,SLC12A2,6558.0,MutNovel,"G60V,1.000"
X-2030,SLC18A1,6570.0,MutNovel,"T464S,0.773"
X-2030,SLC23A2,9962.0,MutNovel,"S594L,0.243"
X-2030,SLC24A2,25769.0,Del0.8,0.63
X-2030,SLC25A12,8604.0,MutNovel,"V450L,0.679"
X-2030,SLC25A32,81034.0,Amp5,6.41
X-2030,SLC2A13,114134.0,MutNovel,"T530S,1.000"
X-2030,SLC2A8,29988.0,MutKnownFunctional,"IYK253TY*,0.252"
X-2030,SLC30A3,7781.0,MutNovel,"A338S,0.684"
X-2030,SLC30A6,55676.0,MutNovel,"E137G,0.320"
X-2030,SLC30A8,169026.0,Amp5,6.36
X-2030,SLC39A14,23516.0,MutNovel,"LG33PC,0.731"
X-2030,SLC39A4,55630.0,Amp5,6.06
X-2030,SLC45A4,57210.0,MutNovel,"E474K,0.514"
X-2030,SLC45A4,57210.0,Amp5,6.23
X-2030,SLC6A15,55117.0,MutNovel,"G440V,0.632"
X-2030,SLC6A15,55117.0,MutNovel,"L294M,0.250"
X-2030,SLC9A9,285195.0,MutNovel,"A293P,1.000"
X-2030,SLCO2B1,11309.0,MutNovel,"V697A,1.000"
X-2030,SLCO5A1,81796.0,MutNovel,"A833P,1.000"
X-2030,SLITRK5,26050.0,MutNovel,"T366I,1.000"
X-2030,SLMAP,7871.0,MutNovel,"D565G,1.000"
X-2030,SLURP1,57152.0,Amp5,6.28
X-2030,SMARCA2,6595.0,MutNovel,"E509D,1.000"
X-2030,SMARCA2,6595.0,MutNovel,"D1104Y,1.000"
X-2030,SMARCC2,6601.0,MutNovel,"H67P,0.469"
X-2030,SMO,6608.0,MutNovel,"L405Q,1.000"
X-2030,SMTN,6525.0,MutNovel,"Q812L,1.000"
X-2030,SNAP25,6616.0,MutNovel,"E170D,0.234"
X-2030,SNAPC4,6621.0,MutNovel,"S542-,0.397"
X-2030,SNAR-H,100170221.0,Amp5,5.35
X-2030,SNRPF,6636.0,Amp5,5.82
X-2030,SNTB1,6641.0,Amp5,6.36
X-2030,SNX13,23161.0,MutNovel,"D164H,1.000"
X-2030,SOCS2,8835.0,Amp5,5.82
X-2030,SOCS6,9306.0,MutKnownFunctional,"-430,0.731"
X-2030,SORCS1,114815.0,MutNovel,"S441T,1.000"
X-2030,SOX4,6659.0,MutNovel,"A350S,1.000"
X-2030,SPAST,6683.0,MutNovel,"R265S,0.273"
X-2030,SPATC1,375686.0,Amp5,6.06
X-2030,SPIRE2,84501.0,MutNovel,"A195S,0.505"
X-2030,SPRY3,10251.0,MutNovel,"G2953R,1.000"
X-2030,SPTB,6710.0,MutNovel,"A992T,0.500"
X-2030,SPTSSB,165679.0,MutNovel,"W61C,0.500"
X-2030,SQLE,6713.0,Amp5,6.36
X-2030,SRP54,6729.0,MutNovel,"D391N,0.498"
X-2030,SRRM2,23524.0,MutNovel,"R572I,1.000"
X-2030,SRSF1,6426.0,MutNovel,"G132V,0.636"
X-2030,SRSF4,6429.0,MutNovel,"R425S,1.000"
X-2030,SRSF4,6429.0,MutNovel,"R239W,1.000"
X-2030,SRY,6736.0,MutNovel,"Q111R,1.000"
X-2030,SSPO,23145.0,MutNovel,"S3879R,1.000"
X-2030,ST3GAL1,6482.0,Amp5,6.28
X-2030,ST3GAL2,6483.0,MutNovel,"T33M,0.429"
X-2030,STK17B,9262.0,MutNovel,"I223V,0.776"
X-2030,STK31,56164.0,MutNovel,"F797I,1.000"
X-2030,STRC,161497.0,MutNovel,"T1565S,0.833"
X-2030,STXBP6,29091.0,MutNovel,"Q196E,0.527"
X-2030,SULF1,23213.0,MutNovel,"R486L,1.000"
X-2030,SYBU,55638.0,Amp5,6.63
X-2030,SYN1,6853.0,MutNovel,"A189S,1.000"
X-2030,SYNE2,23224.0,MutNovel,"S853C,0.750"
X-2030,SYNE2,23224.0,MutKnownFunctional,"E5493*,0.699"
X-2030,T,6862.0,MutNovel,"H135Y,1.000"
X-2030,TAF2,6873.0,Amp5,6.36
X-2030,TAP2,6891.0,MutNovel,"R480L,0.889"
X-2030,TATDN1,83940.0,Amp5,6.36
X-2030,TAX1BP1,8887.0,MutNovel,"K222N,1.000"
X-2030,TBC1D10A,83874.0,MutKnownFunctional,"E199*,1.000"
X-2030,TBC1D2B,23102.0,MutKnownFunctional,"K228*,1.000"
X-2030,TBC1D3B,414059.0,Del0.8,0.65
X-2030,TBC1D5,9779.0,MutNovel,"P23T,1.000"
X-2030,TBP,6908.0,MutNovel,"-64Q,0.947"
X-2030,TBX4,9496.0,MutNovel,"A52V,0.486"
X-2030,TCERG1,10915.0,MutNovel,"Q230L,0.933"
X-2030,TCF20,6942.0,MutNovel,"P1419A,1.000"
X-2030,TDO2,6999.0,MutNovel,"G31V,1.000"
X-2030,TEKT4,150483.0,MutNovel,"A256S,1.000"
X-2030,TERF1,7013.0,MutNovel,"Y124N,0.509"
X-2030,TEX15,56154.0,MutNovel,"A381S,0.500"
X-2030,TEX2,55852.0,MutNovel,"G257V,0.615"
X-2030,TG,7038.0,Amp5,6.28
X-2030,TIGD5,84948.0,Amp5,6.06
X-2030,TJP1,7082.0,MutNovel,"R598L,1.000"
X-2030,TJP2,9414.0,MutNovel,"R286L,0.502"
X-2030,TM2D2,83877.0,MutNovel,"G57C,0.620"
X-2030,TMBIM4,51643.0,MutKnownFunctional,"-174?,0.862"
X-2030,TMCC3,57458.0,Amp5,5.82
X-2030,TMCO7,79613.0,MutNovel,"S793N,0.425"
X-2030,TMED10P1,286102.0,Amp5,6.06
X-2030,TMEM205,374882.0,MutNovel,"L182I,1.000"
X-2030,TMEM64,169200.0,MutNovel,"V183L,0.487"
X-2030,TMEM65,157378.0,Amp5,6.36
X-2030,TMEM71,137835.0,Amp5,6.28
X-2030,TMEM74,157753.0,Amp8,10.78
X-2030,TNFRSF11B,4982.0,Amp5,6.36
X-2030,TONSL,4796.0,Amp5,6.06
X-2030,TOP1MT,116447.0,Amp5,6.06
X-2030,TP53,7157.0,MutKnownFunctional,"R280K,0.996"
X-2030,TPD52,7163.0,MutNovel,"A146S,0.472"
X-2030,TRAPPC8,22878.0,MutNovel,"N310Y,0.296"
X-2030,TRAPPC9,83696.0,Amp5,6.23
X-2030,TRHR,7201.0,Amp5,6.63
X-2030,TRIB1,10221.0,Amp5,6.36
X-2030,TRIM37,4591.0,MutNovel,"Q196L,0.670"
X-2030,TRIO,7204.0,MutNovel,"N1050I,0.466"
X-2030,TRIO,7204.0,MutNovel,"V2989M,0.508"
X-2030,TRMT12,55039.0,Amp5,6.36
X-2030,TRMT61B,55006.0,MutNovel,"V303I,0.758"
X-2030,TRPS1,7227.0,Amp5,6.36
X-2030,TSC2,7249.0,MutNovel,"PF1508P,1.000"
X-2030,TSNARE1,203062.0,Amp5,6.28
X-2030,TSPYL1,7259.0,MutNovel,"V176VW,1.000"
X-2030,TSTA3,7264.0,Amp5,6.06
X-2030,TSTD1,100131187.0,Amp5,6.06
X-2030,TTN,7273.0,MutNovel,"P18480Q,0.750"
X-2030,TTN,7273.0,MutNovel,"G16236C,0.800"
X-2030,TTN,7273.0,MutNovel,"T14486R,0.333"
X-2030,TTTY10,246119.0,Del0.8,0.18
X-2030,TTTY13,83868.0,Del0.8,0.18
X-2030,TTTY14,83869.0,Del0.8,0.18
X-2030,TTTY17A,252949.0,Del0.8,0.17
X-2030,TTTY17A,252949.0,Del0.8,0.17
X-2030,TTTY3,114760.0,Del0.8,0.17
X-2030,TTTY3,114760.0,Del0.8,0.17
X-2030,TTTY4,114761.0,Del0.8,0.17
X-2030,TTTY4,114761.0,Del0.8,0.17
X-2030,TTTY5,83863.0,Del0.8,0.18
X-2030,TTTY6,84672.0,Del0.8,0.18
X-2030,TTTY6,84672.0,Del0.8,0.18
X-2030,TTTY9A,83864.0,Del0.8,0.18
X-2030,TTTY9A,83864.0,Del0.8,0.18
X-2030,TXLNG2P,246126.0,Del0.8,0.18
X-2030,UBA6,55236.0,MutNovel,"A448S,1.000"
X-2030,UBE2N,7334.0,Amp5,6.23
X-2030,UBE3C,9690.0,MutNovel,"V677L,1.000"
X-2030,UBN1,29855.0,MutKnownFunctional,"-451,1.000"
X-2030,UBR5,51366.0,Amp5,6.41
X-2030,UFC1,51506.0,Amp5,6.06
X-2030,UGT2B10,7365.0,MutKnownFunctional,"Y32*,1.000"
X-2030,UNC79,57578.0,MutNovel,"T1533S,0.417"
X-2030,UNC80,285175.0,MutNovel,"L1486Q,0.750"
X-2030,UNC80,285175.0,MutNovel,"Q1739K,0.667"
X-2030,UNKL,64718.0,MutNovel,"G456S,1.000"
X-2030,UNKL,64718.0,MutNovel,"G267C,1.000"
X-2030,URB1,9875.0,MutNovel,"L1762F,1.000"
X-2030,USF1,7391.0,Amp5,6.06
X-2030,USP15,9958.0,MutNovel,"S185C,0.479"
X-2030,USP15,9958.0,MutNovel,"C633S,0.510"
X-2030,USP20,10868.0,MutNovel,"R793L,0.452"
X-2030,USP21,27005.0,Amp5,6.06
X-2030,USP24,23358.0,MutNovel,"R2179L,1.000"
X-2030,USP32P1,162632.0,Amp5,5.35
X-2030,USP32P2,220594.0,Del0.8,0.55
X-2030,USP34,9736.0,MutNovel,"P1210L,0.681"
X-2030,USP36,57602.0,MutNovel,"KKK958K,1.000"
X-2030,USP44,84101.0,Amp5,5.82
X-2030,USP8,9101.0,MutNovel,"A232P,1.000"
X-2030,UTP23,84294.0,Amp5,6.36
X-2030,UTY,7404.0,MutNovel,"A1065R,0.500"
X-2030,UTY,7404.0,MutNovel,"TS1057SA,0.750"
X-2030,UTY,7404.0,MutNovel,"L1056S,0.750"
X-2030,UTY,7404.0,MutNovel,"EL1054VG,0.500"
X-2030,UTY,7404.0,MutNovel,"E1054Q,0.500"
X-2030,UTY,7404.0,MutNovel,"Q1050S,0.400"
X-2030,UTY,7404.0,MutNovel,"VG1048HC,0.333"
X-2030,UTY,7404.0,MutNovel,"FH1045IY,0.286"
X-2030,UTY,7404.0,MutNovel,"NN1037KI,0.227"
X-2030,UTY,7404.0,MutNovel,"E1035I,0.263"
X-2030,UTY,7404.0,MutNovel,"VE1034AI,0.263"
X-2030,UTY,7404.0,MutNovel,"LV1033FL,0.263"
X-2030,UTY,7404.0,MutNovel,"LV1033SL,0.263"
X-2030,UTY,7404.0,MutNovel,"KT1031IL,0.294"
X-2030,UTY,7404.0,MutKnownFunctional,"S1029*,0.286"
X-2030,UTY,7404.0,MutNovel,"KN1008TT,0.500"
X-2030,UTY,7404.0,MutNovel,"K1008Q,0.600"
X-2030,UTY,7404.0,MutNovel,"PK1007IQ,0.600"
X-2030,UTY,7404.0,MutNovel,"N1006T,0.632"
X-2030,UTY,7404.0,MutNovel,"CT1004YL,0.682"
X-2030,UTY,7404.0,MutNovel,"H590T,0.231"
X-2030,UTY,7404.0,MutNovel,"QQ326KK,0.240"
X-2030,UTY,7404.0,MutNovel,"Y325K,0.304"
X-2030,UTY,7404.0,MutNovel,"V323M,0.238"
X-2030,UTY,7404.0,MutNovel,"E312I,0.686"
X-2030,UTY,7404.0,MutNovel,"E312I,0.686"
X-2030,UTY,7404.0,MutNovel,"KS310RK,0.679"
X-2030,UTY,7404.0,MutKnownFunctional,"K310*,0.719"
X-2030,UTY,7404.0,MutKnownFunctional,"DK309C*,0.719"
X-2030,UTY,7404.0,MutNovel,"QS306ST,0.548"
X-2030,UTY,7404.0,MutKnownFunctional,"G288*,0.655"
X-2030,UTY,7404.0,MutNovel,"QS282HD,0.750"
X-2030,UTY,7404.0,MutNovel,"Q282A,0.720"
X-2030,UTY,7404.0,MutNovel,"Q282A,0.720"
X-2030,UTY,7404.0,MutNovel,"G281C,0.692"
X-2030,UTY,7404.0,MutNovel,"E275P,0.591"
X-2030,UTY,7404.0,MutNovel,"E275Q,0.500"
X-2030,UTY,7404.0,MutNovel,"S273P,0.680"
X-2030,UTY,7404.0,MutNovel,"S273P,0.680"
X-2030,UTY,7404.0,MutNovel,"LQ270PP,0.588"
X-2030,UTY,7404.0,MutNovel,"L270V,0.591"
X-2030,UTY,7404.0,MutNovel,"I267M,0.586"
X-2030,UTY,7404.0,MutNovel,"I267V,0.586"
X-2030,UTY,7404.0,MutNovel,"SY264RG,0.667"
X-2030,UTY,7404.0,MutNovel,"E263D,0.500"
X-2030,UTY,7404.0,MutNovel,"T261S,0.500"
X-2030,UTY,7404.0,MutNovel,"A260Y,0.250"
X-2030,UTY,7404.0,MutNovel,"A260S,0.550"
X-2030,UTY,7404.0,MutNovel,"GD257ES,0.286"
X-2030,UTY,7404.0,MutNovel,"VG256DR,0.357"
X-2030,UTY,7404.0,MutNovel,"V256Q,0.393"
X-2030,UTY,7404.0,MutNovel,"DL254VL,0.304"
X-2030,UTY,7404.0,MutNovel,"M253R,0.310"
X-2030,UTY,7404.0,MutNovel,"HH250LV,0.440"
X-2030,UTY,7404.0,MutNovel,"MH249IN,0.375"
X-2030,UTY,7404.0,MutNovel,"M249G,0.419"
X-2030,UTY,7404.0,MutNovel,"W248T,0.282"
X-2030,UTY,7404.0,MutNovel,"GW247VR,0.290"
X-2030,UTY,7404.0,MutNovel,"Q245V,0.219"
X-2030,UTY,7404.0,MutNovel,"QQ244IE,0.406"
X-2030,UTY,7404.0,MutNovel,"L243R,0.235"
X-2030,UTY,7404.0,MutNovel,"V242A,0.364"
X-2030,UTY,7404.0,MutNovel,"AT240QS,0.303"
X-2030,UTY,7404.0,MutNovel,"V238Q,0.278"
X-2030,UTY,7404.0,MutNovel,"AQ236LK,0.262"
X-2030,UTY,7404.0,MutNovel,"P235S,0.209"
X-2030,UTY,7404.0,MutNovel,"EN232DK,0.262"
X-2030,UTY,7404.0,MutNovel,"AY224VI,0.233"
X-2030,UTY,7404.0,MutNovel,"K222H,0.244"
X-2030,UTY,7404.0,MutKnownFunctional,"RA162*P,0.240"
X-2030,UVSSA,,MutNovel,"A489S,0.383"
X-2030,VANGL1,81839.0,MutNovel,"E378A,0.267"
X-2030,VAV2,7410.0,MutNovel,"Q682H,0.601"
X-2030,VCP,7415.0,MutNovel,"P571L,1.000"
X-2030,VEZT,55591.0,Amp5,5.82
X-2030,VPS11,55823.0,MutNovel,"L241F,1.000"
X-2030,VPS28,51160.0,Amp5,6.06
X-2030,VSTM4,196740.0,MutNovel,"R98W,0.286"
X-2030,VSX1,30813.0,MutNovel,"G277V,0.889"
X-2030,WDR67,93594.0,Amp5,6.36
X-2030,WDYHV1,55093.0,Amp5,6.36
X-2030,WISP1,8840.0,Amp5,6.28
X-2030,XKRY2,353515.0,Del0.8,0.18
X-2030,XKRY2,353515.0,Del0.8,0.18
X-2030,XRCC6,2547.0,MutNovel,"S257G,1.000"
X-2030,ZC3H3,23144.0,Amp5,6.06
X-2030,ZDHHC11,79844.0,MutNovel,"G58R,0.286"
X-2030,ZFAT,57623.0,MutNovel,"E544V,0.733"
X-2030,ZFAT,57623.0,Amp5,6.28
X-2030,ZFAT-AS1,594840.0,Amp5,6.28
X-2030,ZFHX4,79776.0,MutKnownFunctional,"Y2193*,0.259"
X-2030,ZFP41,286128.0,Amp5,6.06
X-2030,ZFPM2,23414.0,Amp5,6.41
X-2030,ZHX1,11244.0,Amp5,6.36
X-2030,ZHX1-C8ORF76,100533106.0,Amp5,6.36
X-2030,ZHX2,22882.0,Amp5,6.36
X-2030,ZIC4,84107.0,MutNovel,"H207N,1.000"
X-2030,ZMYM1,79830.0,MutNovel,"E1026Q,1.000"
X-2030,ZMYM2,7750.0,MutNovel,"S108F,0.692"
X-2030,ZNF132,7691.0,MutNovel,"R610L,0.923"
X-2030,ZNF16,7564.0,Amp5,6.06
X-2030,ZNF185,7739.0,MutNovel,"G462V,0.941"
X-2030,ZNF192,7745.0,MutNovel,"G570V,1.000"
X-2030,ZNF222,7673.0,MutNovel,"H399Q,1.000"
X-2030,ZNF236,7776.0,MutNovel,"Q689H,0.565"
X-2030,ZNF250,58500.0,Amp5,6.06
X-2030,ZNF251,90987.0,Amp5,6.06
X-2030,ZNF34,80778.0,MutNovel,"P306A,0.705"
X-2030,ZNF34,80778.0,Amp5,6.06
X-2030,ZNF384,171017.0,MutNovel,"QQ514Q,1.000"
X-2030,ZNF407,55628.0,MutNovel,"M1350I,0.550"
X-2030,ZNF429,353088.0,MutNovel,"Y145C,1.000"
X-2030,ZNF436,80818.0,MutNovel,"R270S,1.000"
X-2030,ZNF460,10794.0,MutNovel,"A93S,0.568"
X-2030,ZNF467,168544.0,MutNovel,"A521S,1.000"
X-2030,ZNF516,9658.0,MutNovel,"E233G,0.296"
X-2030,ZNF517,340385.0,Amp5,6.06
X-2030,ZNF561,93134.0,MutNovel,"R194I,1.000"
X-2030,ZNF572,137209.0,Amp5,6.36
X-2030,ZNF623,9831.0,MutNovel,"G147L,0.567"
X-2030,ZNF623,9831.0,Amp5,6.06
X-2030,ZNF658,26149.0,MutNovel,"E543R,1.000"
X-2030,ZNF696,79943.0,Amp5,6.06
X-2030,ZNF7,7553.0,Amp5,6.06
X-2030,ZNF706,51123.0,Amp5,6.41
X-2030,ZNF707,286075.0,Amp5,6.06
X-2030,ZNF772,400720.0,MutNovel,"A4GP,0.643"
X-2030,ZSCAN30,100101467.0,MutNovel,"P384L,0.309"
X-2042,61E3.4,,MutNovel,"N173S,0.500"
X-2042,AACS,65985.0,MutNovel,"E458D,0.506"
X-2042,AAK1,22848.0,MutNovel,"G521R,0.500"
X-2042,ABCA7,10347.0,MutNovel,"V1092G,0.409"
X-2042,ACBD3,64746.0,MutNovel,"Q497E,0.515"
X-2042,ACBD4,79777.0,MutNovel,"P339S,1.000"
X-2042,ACIN1,22985.0,MutNovel,"D282E,0.259"
X-2042,ACOT1,641371.0,MutKnownFunctional,"E414*,0.667"
X-2042,ACTR1B,10120.0,MutNovel,"S301L,0.453"
X-2042,ADAD2,161931.0,MutKnownFunctional,"Y339*,0.333"
X-2042,ADAM17,6868.0,MutNovel,"D324N,0.510"
X-2042,ADAMTS7,11173.0,MutNovel,"W1524C,0.462"
X-2042,ADAP1,11033.0,MutNovel,"R294Q,0.706"
X-2042,ADCK5,203054.0,MutNovel,"R235Q,0.487"
X-2042,ADRM1,11047.0,MutNovel,"G249R,0.511"
X-2042,AFG3L2,10939.0,MutNovel,"L54V,0.522"
X-2042,AHI1,54806.0,MutNovel,"E175K,0.909"
X-2042,AK3,50808.0,Amp5,5.82
X-2042,AKAP11,11215.0,MutNovel,"E598K,1.000"
X-2042,ALS2CR8,79800.0,MutNovel,"P333S,1.000"
X-2042,AMELY,266.0,Del0.8,0.27
X-2042,ANKRD36,375248.0,MutNovel,"T1054K,0.500"
X-2042,ANO8,57719.0,MutNovel,"E1106K,0.600"
X-2042,APBA3,9546.0,MutNovel,"D257N,0.636"
X-2042,APC,324.0,MutNovel,"S1206N,0.625"
X-2042,APLP2,334.0,MutNovel,"S578L,0.418"
X-2042,ARHGAP24,83478.0,MutNovel,"R166K,0.778"
X-2042,ARHGEF10L,55160.0,MutNovel,"E1144K,0.537"
X-2042,ARHGEF37,389337.0,MutNovel,"E575G,0.333"
X-2042,ARHGEF5,7984.0,Del0.8,0.77
X-2042,ARID1A,8289.0,MutKnownFunctional,"R1528*,0.293"
X-2042,ASCC3,10973.0,MutNovel,"D262N,0.500"
X-2042,ATAD2,29028.0,MutNovel,"D269A,0.250"
X-2042,ATMIN,23300.0,MutNovel,"D333N,0.489"
X-2042,ATN1,1822.0,MutNovel,"Q488K,0.444"
X-2042,ATP6V0A2,23545.0,MutNovel,"Q233H,0.526"
X-2042,ATPIF1,93974.0,MutNovel,"E76K,0.325"
X-2042,B4GALT2,8704.0,MutNovel,"S129L,0.542"
X-2042,BBS7,55212.0,MutKnownFunctional,"Q18*,0.379"
X-2042,BCL11B,64919.0,MutNovel,"I248M,0.500"
X-2042,BCO2,83875.0,MutNovel,"R561Q,0.235"
X-2042,BICD1,636.0,MutNovel,"E71K,0.520"
X-2042,C11orf84,144097.0,MutNovel,"E25K,0.480"
X-2042,C14orf80,283643.0,MutNovel,"L75V,0.415"
X-2042,C16orf58,64755.0,MutKnownFunctional,"Q301*,0.857"
X-2042,C19orf10,56005.0,MutNovel,"E34K,0.509"
X-2042,C2CD2L,9854.0,MutNovel,"V143I,0.375"
X-2042,C3orf19,51244.0,MutNovel,"E104D,0.655"
X-2042,C5orf65,389333.0,MutNovel,"E130K,0.600"
X-2042,C7orf26,79034.0,MutNovel,"A227T,0.508"
X-2042,C8orf73,642475.0,MutNovel,"G27A,0.588"
X-2042,C9orf123,90871.0,Amp5,5.78
X-2042,C9orf142,286257.0,MutNovel,"G14D,0.583"
X-2042,C9orf3,84909.0,MutNovel,"E704K,0.526"
X-2042,C9orf66,157983.0,Amp5,5.82
X-2042,CASC5,57082.0,MutNovel,"D1968H,0.316"
X-2042,CBWD1,55871.0,Amp5,5.82
X-2042,CCDC14,64770.0,MutNovel,"D89V,0.417"
X-2042,CCDC15,80071.0,MutNovel,"I287M,0.500"
X-2042,CCDC15,80071.0,MutNovel,"P307A,0.444"
X-2042,CCDC18,343099.0,MutNovel,"E147Q,0.667"
X-2042,CCDC66,285331.0,MutNovel,"S606SP,0.556"
X-2042,CCDC84,338657.0,MutNovel,"S183L,0.418"
X-2042,CCDC88A,55704.0,MutNovel,"E466Q,0.500"
X-2042,CCL5,6352.0,MutNovel,"S4F,0.238"
X-2042,CCNC,892.0,MutNovel,"E144Q,0.533"
X-2042,CD274,29126.0,Amp5,5.74
X-2042,CD58,965.0,MutNovel,"G210C,0.938"
X-2042,CDC37L1,55664.0,Amp5,5.82
X-2042,CDH26,60437.0,MutNovel,"Q201E,0.667"
X-2042,CEBPA,1050.0,MutNovel,"P231L,1.000"
X-2042,CELSR2,1952.0,MutNovel,"D88N,0.636"
X-2042,CELSR3,1951.0,MutNovel,"E2666Q,0.527"
X-2042,CENPH,64946.0,MutNovel,"L43P,0.333"
X-2042,CEP170,9859.0,MutNovel,"L892I,0.667"
X-2042,CEP250,11190.0,MutNovel,"E532K,0.273"
X-2042,CHCHD7,79145.0,MutNovel,"H7D,0.579"
X-2042,CHD2,1106.0,MutNovel,"S315C,0.478"
X-2042,CLIP2,7461.0,MutNovel,"E451K,0.548"
X-2042,CLP1,10978.0,MutNovel,"E250K,0.404"
X-2042,CLTA,1211.0,MutNovel,"E116Q,0.524"
X-2042,COL14A1,7373.0,MutNovel,"Q735H,1.000"
X-2042,COL1A1,1277.0,MutNovel,"G1342S,1.000"
X-2042,COL27A1,85301.0,MutNovel,"D1464N,0.471"
X-2042,COL5A3,50509.0,MutNovel,"S1619C,0.697"
X-2042,CORO1C,23603.0,MutNovel,"D195G,0.519"
X-2042,CPSF3L,54973.0,MutNovel,"E478K,0.560"
X-2042,CPSF4L,642843.0,MutNovel,"R169W,1.000"
X-2042,CRABP2,1382.0,MutKnownFunctional,"R137*,0.512"
X-2042,CREG2,200407.0,MutNovel,"R123S,0.500"
X-2042,CRIM1,51232.0,MutNovel,"D756H,0.800"
X-2042,CTAGE4,100128553.0,Del0.8,0.56
X-2042,CYP2D6,1565.0,MutNovel,"G42R,0.667"
X-2042,DDX3Y,8653.0,Del0.8,0.25
X-2042,DDX46,9879.0,MutNovel,"E491Q,0.444"
X-2042,DEPDC5,9681.0,MutNovel,"P44A,0.417"
X-2042,DHRSX,207063.0,MutKnownFunctional,"R673*,0.667"
X-2042,DIAPH2,1730.0,MutNovel,"K228N,1.000"
X-2042,DICER1,23405.0,MutNovel,"G1411D,0.739"
X-2042,DLG5,9231.0,MutNovel,"G1336R,0.367"
X-2042,DMRT1,1761.0,Amp5,5.82
X-2042,DMRT2,10655.0,Amp5,5.82
X-2042,DMRT3,58524.0,Amp5,5.82
X-2042,DMWD,1762.0,MutNovel,"G566S,0.286"
X-2042,DOCK8,81704.0,Amp5,5.82
X-2042,DPP8,54878.0,MutNovel,"S527C,0.300"
X-2042,DRG1,4733.0,MutNovel,"R107I,0.325"
X-2042,DRG1,4733.0,MutNovel,"L172F,0.502"
X-2042,DSC3,1825.0,MutNovel,"K895N,0.438"
X-2042,DUS3L,56931.0,MutNovel,"E535D,0.933"
X-2042,DYNC2H1,79659.0,MutNovel,"D741N,1.000"
X-2042,EDIL3,10085.0,MutNovel,"E267K,0.714"
X-2042,EIF2AK3,9451.0,MutNovel,"V1087L,0.400"
X-2042,EIF2B3,8891.0,MutNovel,"D175H,0.630"
X-2042,EPB41L1,2036.0,MutNovel,"A277S,0.552"
X-2042,ERMP1,79956.0,Amp5,5.74
X-2042,ETFB,2109.0,MutNovel,"I9V,0.500"
X-2042,FAM100A,124402.0,MutNovel,"H137P,0.667"
X-2042,FAM109B,150368.0,MutNovel,"C157S,0.471"
X-2042,FAM132A,388581.0,MutNovel,"L261V,0.667"
X-2042,FAM189B,10712.0,MutNovel,"R212W,0.485"
X-2042,FAM197Y2P,252946.0,Del0.8,0.25
X-2042,FAM21B,55747.0,MutNovel,"A803S,1.000"
X-2042,FAM83E,54854.0,MutNovel,"P331L,0.500"
X-2042,FASN,2194.0,MutKnownFunctional,"-1364,1.000"
X-2042,FBF1,85302.0,MutNovel,"E1105K,0.485"
X-2042,FBXW10,10517.0,MutNovel,"C579Y,0.400"
X-2042,FCGBP,8857.0,MutNovel,"N3926T,0.304"
X-2042,FGD3,89846.0,MutNovel,"S101N,0.571"
X-2042,FGFR3,2261.0,MutNovel,"EDTGV142E,0.243"
X-2042,FLJ35024,401491.0,Amp5,5.82
X-2042,FOXD4,2298.0,Amp5,5.82
X-2042,FOXP2,93986.0,MutNovel,"C382W,1.000"
X-2042,FUBP3,8939.0,MutNovel,"H38N,0.412"
X-2042,GAD1,2571.0,MutNovel,"M553I,0.500"
X-2042,GINS4,84296.0,MutNovel,"M35I,0.500"
X-2042,GLIS3,169792.0,Amp5,5.82
X-2042,GLIS3-AS1,84850.0,Amp5,5.82
X-2042,GLT8D1,55830.0,MutKnownFunctional,"S368*,0.555"
X-2042,GNAI3,2773.0,MutNovel,"R208Q,0.531"
X-2042,GOLPH3,64083.0,MutNovel,"H244Y,0.563"
X-2042,GPATCH4,54865.0,MutNovel,"D150N,0.571"
X-2042,GPR125,166647.0,MutNovel,"P864S,0.952"
X-2042,GPR126,57211.0,MutNovel,"E832K,0.333"
X-2042,GPR126,57211.0,MutKnownFunctional,"-1033?,0.400"
X-2042,GPRIN2,9721.0,MutNovel,"-238MRE,0.769"
X-2042,GPRIN2,9721.0,MutNovel,"R380W,0.320"
X-2042,GRSF1,2926.0,MutNovel,"S41L,0.556"
X-2042,GTF2I,2969.0,MutNovel,"N340S,0.500"
X-2042,GTF2IRD2B,389524.0,MutNovel,"G211S,0.375"
X-2042,GYG2P1,352887.0,Del0.8,0.25
X-2042,HACE1,57531.0,MutNovel,"R559K,0.500"
X-2042,HARS,3035.0,MutNovel,"E9K,0.431"
X-2042,HAUS6,54801.0,MutNovel,"P277S,0.500"
X-2042,HEBP2,23593.0,MutNovel,"P28R,0.627"
X-2042,HEXA,3073.0,MutNovel,"E140K,0.677"
X-2042,HLA-DRB1,3123.0,MutNovel,"T210M,0.316"
X-2042,HLA-G,3135.0,MutNovel,"K334E,1.000"
X-2042,HOOK2,29911.0,MutNovel,"L408V,0.550"
X-2042,HOXB3,3213.0,MutKnownFunctional,"S50*,0.800"
X-2042,IGHMBP2,3508.0,MutNovel,"M732I,0.667"
X-2042,IL33,90865.0,Amp5,5.74
X-2042,INSL4,3641.0,Amp5,5.9
X-2042,INSL6,11172.0,Amp5,5.9
X-2042,IRF2BP1,26145.0,MutNovel,"R582Q,0.315"
X-2042,IST1,9798.0,MutNovel,"-230MP,0.502"
X-2042,ITPKC,80271.0,MutNovel,"S181L,0.310"
X-2042,JMJD1C,221037.0,MutNovel,"A446T,0.800"
X-2042,KANK1,23189.0,Amp5,5.82
X-2042,KCNV2,169522.0,Amp5,5.82
X-2042,KDM4C,23081.0,Amp5,5.78
X-2042,KIAA0020,9933.0,Amp5,5.82
X-2042,KIAA0146,23514.0,MutNovel,"D112H,0.486"
X-2042,KIAA1430,57587.0,MutNovel,"R43T,0.538"
X-2042,KIAA1432,57589.0,MutNovel,"L943F,0.216"
X-2042,KIAA1432,57589.0,Amp5,5.74
X-2042,KIAA2026,158358.0,Amp5,5.74
X-2042,KIF25,3834.0,MutNovel,"R156W,1.000"
X-2042,KIFC2,90990.0,MutNovel,"P613S,0.456"
X-2042,KIRREL,55243.0,MutNovel,"H139Q,0.500"
X-2042,KLHDC3,116138.0,MutNovel,"H158Y,0.460"
X-2042,KLHL20,27252.0,MutNovel,"Q139E,0.583"
X-2042,KLK1,3816.0,MutNovel,"D131N,0.375"
X-2042,KRT4,3851.0,MutNovel,"L253M,0.850"
X-2042,KRT7,3855.0,MutNovel,"S207N,0.214"
X-2042,KRT74,121391.0,MutNovel,"D308G,1.000"
X-2042,KRTAP9-3,83900.0,Del0.8,0.66
X-2042,KRTAP9-4,85280.0,Del0.8,0.66
X-2042,KRTAP9-8,83901.0,Del0.8,0.66
X-2042,LAMA5,3911.0,MutNovel,"R2283W,0.405"
X-2042,LBR,3930.0,MutNovel,"S3C,0.500"
X-2042,LDHB,3945.0,MutNovel,"K279N,0.373"
X-2042,LDLRAP1,26119.0,MutNovel,"E33K,0.444"
X-2042,LEMD3,23592.0,MutNovel,"L98F,1.000"
X-2042,LEPRE1,64175.0,MutNovel,"R666S,0.478"
X-2042,LGALS7,3963.0,MutNovel,"F98L,0.962"
X-2042,LGR4,55366.0,MutNovel,"S133C,0.562"
X-2042,LIG3,3980.0,MutNovel,"E352Q,0.536"
X-2042,LIMD2,80774.0,MutNovel,"V54G,0.312"
X-2042,LOC100288332,,MutNovel,"L270V,0.750"
X-2042,LOC100288332,,MutNovel,"R269C,1.000"
X-2042,LOC100506504,,MutNovel,"P240S,0.800"
X-2042,LOC100507338,,MutNovel,"D222H,0.526"
X-2042,LOC554223,554223.0,MutNovel,"T179N,1.000"
X-2042,LOC728377,728377.0,Del0.8,0.56
X-2042,LOC81691,81691.0,MutNovel,"E553K,0.250"
X-2042,LPCAT2,54947.0,MutKnownFunctional,"S374*,0.300"
X-2042,LRP1,4035.0,MutNovel,"P4167S,0.534"
X-2042,LRPPRC,10128.0,MutNovel,"R624T,0.538"
X-2042,LRRC40,55631.0,MutNovel,"R57K,0.750"
X-2042,LRRC8C,84230.0,MutNovel,"L469F,0.294"
X-2042,LTBP2,4053.0,MutNovel,"N854-,0.400"
X-2042,LZTS2,84445.0,MutNovel,"S224L,1.000"
X-2042,MACC1,346389.0,MutNovel,"H235Y,0.571"
X-2042,MALT1,10892.0,MutNovel,"R558T,0.408"
X-2042,MAMDC4,158056.0,MutNovel,"D304N,0.400"
X-2042,MAMDC4,158056.0,MutNovel,"R926H,0.550"
X-2042,MANEA,79694.0,MutNovel,"D192N,0.500"
X-2042,MAP7,9053.0,MutNovel,"EA601A,0.333"
X-2042,MCAM,4162.0,MutNovel,"RE379K,0.244"
X-2042,MED17,9440.0,MutNovel,"Y578C,0.535"
X-2042,METTL2B,55798.0,MutNovel,"P155L,0.800"
X-2042,MFHAS1,9258.0,MutNovel,"S53F,0.500"
X-2042,MGAT2,4247.0,MutKnownFunctional,"-318,0.491"
X-2042,MIB1,57534.0,MutNovel,"L523F,0.714"
X-2042,MIR101-2,406894.0,Amp5,5.82
X-2042,MIR4665,100616288.0,Amp5,5.74
X-2042,MIR570,693155.0,Amp5,5.03
X-2042,MLANA,2315.0,Amp5,5.74
X-2042,MORC3,23515.0,MutNovel,"P6T,0.625"
X-2042,MPHOSPH8,54737.0,MutNovel,"D556H,0.412"
X-2042,MSMO1,6307.0,MutNovel,"R270Q,0.442"
X-2042,MST1R,4486.0,MutNovel,"E1197Q,0.227"
X-2042,MTERFD2,130916.0,MutNovel,"N356-,0.342"
X-2042,MTERFD2,130916.0,MutNovel,"EDD343D,0.380"
X-2042,MTSS1L,92154.0,MutNovel,"E406K,0.378"
X-2042,MUC20,200958.0,Amp5,5.03
X-2042,MUC4,4585.0,MutNovel,"AAPA5219A,0.281"
X-2042,MUC4,4585.0,MutKnownFunctional,"Q5142*,0.595"
X-2042,MUC4,4585.0,MutNovel,"L4230P,0.231"
X-2042,MUC4,4585.0,MutNovel,"P4224L,0.385"
X-2042,MUC4,4585.0,MutNovel,"S4088P,0.345"
X-2042,MUC4,4585.0,MutNovel,"L4065I,0.290"
X-2042,MUC4,4585.0,MutNovel,"P4050T,0.640"
X-2042,MUC4,4585.0,MutNovel,"A4025V,0.500"
X-2042,MUC4,4585.0,MutNovel,"R3920H,0.400"
X-2042,MUC4,4585.0,MutNovel,"P3826L,1.000"
X-2042,MUC4,4585.0,MutNovel,"P3362S,1.000"
X-2042,MUC4,4585.0,MutNovel,"L3314H,1.000"
X-2042,MUC4,4585.0,MutNovel,"V1881L,0.750"
X-2042,MUC4,4585.0,MutNovel,"A1657V,1.000"
X-2042,MYCBP2,23077.0,MutNovel,"E3774K,1.000"
X-2042,NBEA,26960.0,MutNovel,"L434V,1.000"
X-2042,NBPF10,100132406.0,MutNovel,"L3487F,0.256"
X-2042,NBPF12,,MutNovel,"E1977D,0.500"
X-2042,NBR1,4077.0,MutKnownFunctional,"Q955*,0.505"
X-2042,NDUFAF3,25915.0,MutNovel,"E53K,0.470"
X-2042,NEK6,10783.0,MutNovel,"R87Q,0.500"
X-2042,NFE2L2,4780.0,MutLikelyFunctional,"R34Q,0.468"
X-2042,NFE2L3,9603.0,MutKnownFunctional,"-690,0.250"
X-2042,NLGN4Y,22829.0,Del0.8,0.25
X-2042,NOTCH1,4851.0,MutNovel,"A2331T,0.549"
X-2042,NPAT,4863.0,MutNovel,"A1332G,0.455"
X-2042,NPEPPS,9520.0,MutNovel,"M156V,0.345"
X-2042,NR1D2,9975.0,MutNovel,"E190K,0.438"
X-2042,NR1D2,9975.0,MutNovel,"D210N,0.540"
X-2042,NR1D2,9975.0,MutNovel,"E252Q,0.568"
X-2042,NR1H2,7376.0,MutNovel,"-173Q,0.398"
X-2042,NR2F6,2063.0,MutNovel,"E29K,0.500"
X-2042,NUDT7,283927.0,MutKnownFunctional,"-205?,0.286"
X-2042,NUMA1,4926.0,MutNovel,"R1808H,0.466"
X-2042,NUP210,23225.0,MutNovel,"Q1236R,0.412"
X-2042,NVL,4931.0,MutNovel,"E69D,0.750"
X-2042,OBSCN,84033.0,MutNovel,"G7059S,0.538"
X-2042,OBSCN,84033.0,MutNovel,"P7351S,0.500"
X-2042,OBSCN,84033.0,MutNovel,"P7636S,0.500"
X-2042,ODF2,4957.0,MutNovel,"D842N,0.545"
X-2042,OR2A42,402317.0,Del0.8,0.56
X-2042,OR2A42,402317.0,Del0.8,0.56
X-2042,OR2A7,401427.0,Del0.8,0.56
X-2042,OR2A9P,441295.0,Del0.8,0.56
X-2042,OR2A9P,441295.0,Del0.8,0.56
X-2042,OSBPL10,114884.0,MutNovel,"L289F,0.333"
X-2042,PCDH11Y,83259.0,Del0.8,0.27
X-2042,PCDHB10,56126.0,MutNovel,"G532S,0.300"
X-2042,PCIF1,63935.0,MutNovel,"R213W,0.635"
X-2042,PCNXL3,399909.0,MutNovel,"G618S,0.750"
X-2042,PDCD1LG2,80380.0,Amp5,5.74
X-2042,PDE4DIP,9659.0,MutNovel,"P2341L,1.000"
X-2042,PEX10,5192.0,MutNovel,"A150V,0.450"
X-2042,PHF2,5253.0,MutNovel,"E471K,0.500"
X-2042,PHPT1,29085.0,MutNovel,"S33F,0.452"
X-2042,PIK3CA,5290.0,MutKnownFunctional,"M1043I,0.273"
X-2042,PIK3R1,5295.0,MutNovel,"D560H,0.505"
X-2042,PIK3R1,5295.0,MutNovel,"R577K,0.469"
X-2042,PITPNM1,9600.0,MutNovel,"R255H,0.352"
X-2042,PKD1,5310.0,MutKnownFunctional,"S1915*,0.333"
X-2042,PLCE1,51196.0,MutNovel,"S1151F,0.833"
X-2042,PLD1,5337.0,MutNovel,"S715C,0.214"
X-2042,PLOD1,5351.0,MutNovel,"P647A,0.458"
X-2042,PODXL2,50512.0,MutNovel,"EE165-,0.423"
X-2042,POGLUT1,56983.0,MutNovel,"V131I,0.500"
X-2042,POLM,27434.0,MutNovel,"R120W,0.667"
X-2042,POP1,10940.0,MutNovel,"R925L,0.667"
X-2042,PPAPDC2,403313.0,Amp5,5.82
X-2042,PPP2R3B,28227.0,MutNovel,"R602P,1.000"
X-2042,PPP2R3B,28227.0,MutNovel,"L589S,1.000"
X-2042,PPP2R3B,28227.0,MutNovel,"R572H,1.000"
X-2042,PPP2R3B,28227.0,MutNovel,"M538V,1.000"
X-2042,PPP3CA,5530.0,MutNovel,"E128K,0.333"
X-2042,PPP3CC,5533.0,MutNovel,"M95I,0.333"
X-2042,PPRC1,23082.0,Del0.8,0.59
X-2042,PPTC7,160760.0,MutNovel,"E301Q,0.489"
X-2042,PRDM15,63977.0,MutNovel,"R636K,0.667"
X-2042,PRDM15,63977.0,MutNovel,"Q495H,0.667"
X-2042,PRKY,5616.0,Del0.8,0.27
X-2042,PRRC2B,84726.0,MutNovel,"R1127Q,0.571"
X-2042,PSMD14,10213.0,MutKnownFunctional,"S294*,0.523"
X-2042,PSME2,5721.0,MutNovel,"E29K,0.494"
X-2042,PTEN,5728.0,MutLikelyFunctional,"D24H,1.000"
X-2042,PTK7,5754.0,MutNovel,"K470N,0.549"
X-2042,PTPN6,5777.0,MutNovel,"R345H,0.485"
X-2042,RALGAPA1,253959.0,MutNovel,"E1492K,0.643"
X-2042,RANBP6,26953.0,Amp5,5.74
X-2042,RARA,5914.0,MutNovel,"E183K,0.467"
X-2042,RBMY1A3P,286557.0,Del0.8,0.25
X-2042,RBMY3AP,64593.0,Del0.8,0.25
X-2042,RCL1,10171.0,Amp5,5.82
X-2042,REPIN1,29803.0,MutNovel,"P412S,1.000"
X-2042,RFX3,5991.0,Amp5,5.82
X-2042,RFX7,64864.0,MutNovel,"D1415H,0.448"
X-2042,RHBDF2,79651.0,MutNovel,"T842P,0.571"
X-2042,RHBDF2,79651.0,MutNovel,"S753L,0.452"
X-2042,RIOK2,55781.0,MutNovel,"D443N,0.471"
X-2042,RLN1,6013.0,Amp8,10.48
X-2042,RLN2,6019.0,Amp5,5.9
X-2042,RND1,27289.0,MutNovel,"E40Q,0.526"
X-2042,RNF130,55819.0,MutNovel,"E417Q,0.442"
X-2042,RNF146,81847.0,MutNovel,"K134N,0.435"
X-2042,RPN2,6185.0,MutNovel,"E353L,0.331"
X-2042,RPS4Y1,6192.0,Del0.8,0.27
X-2042,SAFB,6294.0,MutNovel,"K535N,0.478"
X-2042,SAMD4B,55095.0,MutNovel,"Q283H,0.261"
X-2042,SAMD4B,55095.0,MutNovel,"M328I,0.310"
X-2042,SCAF1,58506.0,MutNovel,"T1181P,0.385"
X-2042,SCYL1,57410.0,MutNovel,"G82R,0.440"
X-2042,SCYL3,57147.0,MutNovel,"E727K,0.500"
X-2042,SDHAP2,727956.0,Amp5,5.03
X-2042,SELT,51714.0,MutNovel,"S20L,0.261"
X-2042,SERINC2,347735.0,MutNovel,"-373Q,0.661"
X-2042,SFSWAP,6433.0,MutNovel,"R812L,0.556"
X-2042,SH3BP5,9467.0,MutNovel,"R44W,0.722"
X-2042,SIRPB1,10326.0,MutNovel,"D130T,0.750"
X-2042,SLC16A9,220963.0,MutNovel,"E339K,0.667"
X-2042,SLC1A1,6505.0,Amp5,5.82
X-2042,SLC37A1,54020.0,MutNovel,"P301L,0.417"
X-2042,SLC45A4,57210.0,MutNovel,"P230L,0.208"
X-2042,SLC4A1AP,22950.0,MutNovel,"E780K,0.367"
X-2042,SMAD9,4093.0,MutNovel,"S256L,1.000"
X-2042,SMARCA2,6595.0,Amp5,5.82
X-2042,SMARCC2,6601.0,MutNovel,"N1134T,0.333"
X-2042,SMC1B,27127.0,MutNovel,"E670A,0.333"
X-2042,SMCR8,140775.0,MutNovel,"D549E,0.600"
X-2042,SMEK1,55671.0,MutNovel,"A587P,0.425"
X-2042,SMG8,55181.0,MutNovel,"E46K,0.667"
X-2042,SMO,6608.0,MutNovel,"L335V,1.000"
X-2042,SNF8,11267.0,MutNovel,"L217Q,0.531"
X-2042,SOAT1,6646.0,MutNovel,"L235V,0.333"
X-2042,SORD,6652.0,MutNovel,"V282I,0.438"
X-2042,SPATA20,64847.0,MutNovel,"P585A,0.970"
X-2042,SPRR1A,6698.0,MutNovel,"H50Q,0.371"
X-2042,SPRY2,10253.0,MutNovel,"R23K,1.000"
X-2042,SPTBN1,6711.0,MutNovel,"E2284K,0.532"
X-2042,SRBD1,55133.0,MutNovel,"C466R,0.409"
X-2042,SRBD1,55133.0,MutNovel,"H432Y,0.522"
X-2042,SREBF2,6721.0,MutKnownFunctional,"Q144*,0.232"
X-2042,SRY,6736.0,Del0.8,0.27
X-2042,ST7L,54879.0,MutNovel,"A442S,0.500"
X-2042,STOML2,30968.0,MutNovel,"E235K,0.516"
X-2042,SUPT16H,11198.0,MutNovel,"A208T,0.524"
X-2042,SUPT16H,11198.0,MutNovel,"E83Q,0.486"
X-2042,SUPT5H,6829.0,MutNovel,"G760A,0.307"
X-2042,SYNE2,23224.0,MutNovel,"Q4330R,0.650"
X-2042,SYNGAP1,8831.0,MutNovel,"E221Q,0.667"
X-2042,TBL1Y,90665.0,Del0.8,0.27
X-2042,TCEA1,6917.0,MutNovel,"R192Q,0.603"
X-2042,TEX10,54881.0,MutNovel,"R496T,0.391"
X-2042,TFPI,7035.0,MutNovel,"S215L,0.571"
X-2042,TGIF2LY,90655.0,Del0.8,0.27
X-2042,THAP9,79725.0,MutNovel,"I841M,0.500"
X-2042,TM4SF19,116211.0,MutNovel,"C84W,0.261"
X-2042,TM9SF2,9375.0,MutNovel,"D585N,0.975"
X-2042,TMSB4Y,9087.0,Del0.8,0.25
X-2042,TNFRSF13C,115650.0,MutNovel,"E182K,1.000"
X-2042,TNFRSF13C,115650.0,MutNovel,"E69K,1.000"
X-2042,TNKS1BP1,85456.0,MutNovel,"A1474V,0.526"
X-2042,TNKS1BP1,85456.0,MutNovel,"S261L,0.310"
X-2042,TOX2,84969.0,MutNovel,"S204F,0.800"
X-2042,TPD52L3,89882.0,Amp5,5.74
X-2042,TRIM24,8805.0,MutNovel,"Q415E,1.000"
X-2042,TRPV6,55503.0,MutNovel,"S275L,1.000"
X-2042,TSPY1,7258.0,Del0.8,0.25
X-2042,TSPY2,64591.0,Del0.8,0.27
X-2042,TSPY3,728137.0,Del0.8,0.25
X-2042,TSPY4,728395.0,Del0.8,0.25
X-2042,TSPY8,728403.0,Del0.8,0.25
X-2042,TSPYL1,7259.0,MutNovel,"V176VW,0.933"
X-2042,TTC14,151613.0,MutNovel,"N749S,0.424"
X-2042,TTTY11,83866.0,Del0.8,0.27
X-2042,TTTY12,83867.0,Del0.8,0.27
X-2042,TTTY15,64595.0,Del0.8,0.25
X-2042,TTTY16,252948.0,Del0.8,0.27
X-2042,TTTY18,252950.0,Del0.8,0.27
X-2042,TTTY19,252952.0,Del0.8,0.27
X-2042,TTTY1B,100101116.0,Del0.8,0.27
X-2042,TTTY1B,100101116.0,Del0.8,0.25
X-2042,TTTY2,60439.0,Del0.8,0.25
X-2042,TTTY2,60439.0,Del0.8,0.27
X-2042,TTTY20,252951.0,Del0.8,0.25
X-2042,TTTY21,252953.0,Del0.8,0.27
X-2042,TTTY21,252953.0,Del0.8,0.25
X-2042,TTTY22,252954.0,Del0.8,0.25
X-2042,TTTY23,252955.0,Del0.8,0.25
X-2042,TTTY23,252955.0,Del0.8,0.27
X-2042,TTTY7,246122.0,Del0.8,0.27
X-2042,TTTY7,246122.0,Del0.8,0.25
X-2042,TTTY7B,100101120.0,Del0.8,0.27
X-2042,TTTY7B,100101120.0,Del0.8,0.25
X-2042,TTTY8,84673.0,Del0.8,0.25
X-2042,TTTY8,84673.0,Del0.8,0.27
X-2042,TUBB8,347688.0,MutNovel,"A185V,1.000"
X-2042,TYK2,7297.0,MutNovel,"W1152L,0.457"
X-2042,UBE4A,9354.0,MutNovel,"L806F,0.462"
X-2042,UBP1,7342.0,MutNovel,"A368S,0.604"
X-2042,UBXN11,91544.0,MutNovel,"P503PVP,0.857"
X-2042,UGT1A9,54600.0,MutNovel,"N152A,0.900"
X-2042,UGT1A9,54600.0,MutNovel,"N152T,1.000"
X-2042,UHRF2,115426.0,Amp5,5.74
X-2042,ULK4,54986.0,MutNovel,"I1227F,0.429"
X-2042,USP36,57602.0,MutNovel,"S682C,0.333"
X-2042,USP9Y,8287.0,Del0.8,0.25
X-2042,UTY,7404.0,Del0.8,0.25
X-2042,VCY,9084.0,Del0.8,0.25
X-2042,VCY,9084.0,Del0.8,0.25
X-2042,VLDLR,7436.0,Amp5,5.82
X-2042,VPS13B,157680.0,MutNovel,"S1599F,1.000"
X-2042,WAC,51322.0,MutKnownFunctional,"S476*,0.215"
X-2042,WDR26,80232.0,MutNovel,"E426K,0.500"
X-2042,WWOX,51741.0,MutNovel,"E15K,0.474"
X-2042,ZBTB7B,51043.0,MutNovel,"E433K,0.472"
X-2042,ZCCHC11,23318.0,MutNovel,"D265N,0.444"
X-2042,ZFP62,643836.0,MutNovel,"K55N,0.500"
X-2042,ZFY,7544.0,Del0.8,0.27
X-2042,ZMAT5,55954.0,MutNovel,"R55Q,0.639"
X-2042,ZNF148,7707.0,MutKnownFunctional,"Q215*,0.261"
X-2042,ZNF193,7746.0,MutNovel,"R325T,0.565"
X-2042,ZNF200,7752.0,MutNovel,"R362S,0.516"
X-2042,ZNF335,63925.0,MutNovel,"E72K,0.273"
X-2042,ZNF37A,7587.0,MutNovel,"Q29H,0.444"
X-2042,ZNF417,147687.0,MutNovel,"Y329C,0.286"
X-2042,ZNF518B,85460.0,MutNovel,"S143C,1.000"
X-2042,ZNF529,57711.0,MutNovel,"M34V,1.000"
X-2042,ZNF585A,199704.0,MutNovel,"E244Q,1.000"
X-2042,ZNF587B,,MutNovel,"S33N,0.400"
X-2042,ZNF600,162966.0,MutNovel,"A346P,0.417"
X-2042,ZNF620,253639.0,MutNovel,"Q411R,0.385"
X-2042,ZNF653,115950.0,MutNovel,"AGIE384E,0.538"
X-2042,ZNF750,79755.0,MutKnownFunctional,"R343*,1.000"
X-2042,ZNF780B,163131.0,MutNovel,"Q207E,0.375"
X-2042,ZNF814,730051.0,MutNovel,"H762Y,0.556"
X-2042,ZNF816,125893.0,MutNovel,"R304H,0.375"
X-2042,ZRANB1,54764.0,MutKnownFunctional,"-709?,0.432"
X-2042,ZSWIM6,57688.0,MutNovel,"T1022M,0.600"
X-2082,ABCC13,150000.0,Del0.8,0.2
X-2082,ABHD2,11057.0,MutNovel,"P389L,0.492"
X-2082,ABHD3,171586.0,MutNovel,"Y47C,0.625"
X-2082,ABL1,25.0,MutNovel,"L759F,0.614"
X-2082,ACOX1,51.0,Amp5,6.36
X-2082,ADAM3A,1587.0,Del0.8,0.2
X-2082,ADAM5P,255926.0,Del0.8,0.69
X-2082,ADAM6,8755.0,Amp8,8.17
X-2082,ADAMTS14,140766.0,MutNovel,"H352Q,1.000"
X-2082,ADRM1,11047.0,MutNovel,"A324T,0.655"
X-2082,AIMP1,9255.0,MutNovel,"D175H,0.220"
X-2082,AKAP9,10142.0,MutNovel,"E3342Q,0.278"
X-2082,ALG1,56052.0,Amp5,5.82
X-2082,ALOXE3,59344.0,MutNovel,"R100G,1.000"
X-2082,ALPK3,57538.0,MutNovel,"R1516C,0.546"
X-2082,AMELY,266.0,Del0.8,0.18
X-2082,ANKRD20A11P,391267.0,Del0.8,0.38
X-2082,ANKRD33B,651746.0,MutNovel,"N156S,1.000"
X-2082,ANKRD36,375248.0,MutNovel,"E253K,0.333"
X-2082,ANKRD36B,57730.0,MutNovel,"ISR455KSG,0.250"
X-2082,AP3B1,8546.0,MutNovel,"KK803K,1.000"
X-2082,ARHGEF1,9138.0,MutNovel,"M241V,0.996"
X-2082,ARID2,196528.0,MutNovel,"T1216M,1.000"
X-2082,ARID4A,5926.0,MutNovel,"P1146L,0.681"
X-2082,ARL17A,51326.0,MutNovel,"G160R,1.000"
X-2082,ARV1,64801.0,MutKnownFunctional,"-170?,0.370"
X-2082,ATAD3A,55210.0,MutNovel,"E599K,0.544"
X-2082,ATP10D,57205.0,MutNovel,"I545T,0.661"
X-2082,AXIN1,8312.0,Amp5,5.39
X-2082,B3GNTL1,146712.0,MutNovel,"R141I,0.591"
X-2082,B4GALT2,8704.0,MutNovel,"E148D,0.488"
X-2082,B4GALT6,9331.0,MutNovel,"V34L,0.740"
X-2082,BAZ2A,11176.0,MutNovel,"LPAV477-,1.000"
X-2082,BCORP1,286554.0,Del0.8,0.18
X-2082,BEAN1,146227.0,Amp5,5.21
X-2082,BOP1,23246.0,MutNovel,"R158C,0.405"
X-2082,BPY2B,442867.0,Del0.8,0.13
X-2082,BPY2B,442867.0,Del0.8,0.18
X-2082,BTG3,10950.0,Del0.8,0.2
X-2082,C14orf126,112487.0,MutNovel,"D28N,0.207"
X-2082,C16orf89,146556.0,Amp5,5.82
X-2082,C17orf109,643008.0,Amp5,6.36
X-2082,C17orf110,100130933.0,Amp5,6.36
X-2082,C20orf20,55257.0,MutNovel,"K15R,0.439"
X-2082,C21orf15,54094.0,Del0.8,0.38
X-2082,C21orf37,100505929.0,Del0.8,0.2
X-2082,C21orf58,54058.0,MutNovel,"H299PN,1.000"
X-2082,C21orf91,54149.0,Del0.8,0.2
X-2082,C21orf91-OT1,246312.0,Del0.8,0.2
X-2082,C2orf55,343990.0,MutNovel,"S154G,0.583"
X-2082,C5orf22,55322.0,MutNovel,"M332T,1.000"
X-2082,C6orf70,55780.0,MutNovel,"E105G,1.000"
X-2082,C8orf59,401466.0,MutNovel,"-90LM,1.000"
X-2082,C9orf172,389813.0,MutNovel,"A623D,0.500"
X-2082,C9orf53,51198.0,Del0.8,0.21
X-2082,CAMKK2,10645.0,MutKnownFunctional,"-538?,1.000"
X-2082,CBY3,646019.0,MutNovel,"W73G,1.000"
X-2082,CCDC61,729440.0,MutNovel,"Q41L,1.000"
X-2082,CCND1,595.0,Amp5,6.11
X-2082,CD300C,10871.0,MutNovel,"C65S,1.000"
X-2082,CDK3,1018.0,Amp5,6.36
X-2082,CDKN2A,1029.0,Del0.8,0.21
X-2082,CDKN2B,1030.0,Del0.8,0.27
X-2082,CDY1B,253175.0,Del0.8,0.18
X-2082,CDY1B,253175.0,Del0.8,0.18
X-2082,CDY2A,9426.0,Del0.8,0.18
X-2082,CDY2A,9426.0,Del0.8,0.18
X-2082,CDY2B,203611.0,Del0.8,0.18
X-2082,CDY2B,203611.0,Del0.8,0.18
X-2082,CEACAM3,1084.0,MutNovel,"G48V,0.375"
X-2082,CEACAM8,1088.0,MutNovel,"T171I,1.000"
X-2082,CECR6,27439.0,MutNovel,"G63W,1.000"
X-2082,CEP97,79598.0,MutNovel,"N310T,1.000"
X-2082,CFHR3,10878.0,Amp5,5.21
X-2082,CGB,1082.0,MutNovel,"T35I,1.000"
X-2082,CHODL,140578.0,Del0.8,0.2
X-2082,CHODL-AS1,54075.0,Del0.8,0.2
X-2082,CHST15,51363.0,MutNovel,"M491T,1.000"
X-2082,CKLF,51192.0,Amp5,5.21
X-2082,CKLF-CMTM1,100529251.0,Amp5,5.21
X-2082,CLEC18B,497190.0,MutNovel,"T173A,1.000"
X-2082,CMTM1,113540.0,Amp5,5.21
X-2082,CMTM2,146225.0,Amp5,5.21
X-2082,CMTM3,123920.0,Amp5,5.21
X-2082,CNKSR2,22866.0,MutNovel,"W684C,1.000"
X-2082,CNOT1,23019.0,MutNovel,"E1916G,0.343"
X-2082,COL1A1,1277.0,Amp5,6.96
X-2082,COQ9,57017.0,MutNovel,"F138I,0.611"
X-2082,CPT1A,1374.0,Amp5,5.74
X-2082,CRAMP1L,57585.0,MutNovel,"P617L,0.239"
X-2082,CRIPAK,285464.0,MutNovel,"V164A,0.294"
X-2082,CRY2,1408.0,MutNovel,"R308C,0.550"
X-2082,CSPG4P1Y,114758.0,Del0.8,0.18
X-2082,CSPG4P1Y,114758.0,Del0.8,0.18
X-2082,CTSA,5476.0,MutNovel,"L29-,0.485"
X-2082,CXADR,1525.0,Del0.8,0.2
X-2082,D21S2088E,266917.0,Del0.8,0.21
X-2082,DAZ1,1617.0,Del0.8,0.18
X-2082,DAZ2,57055.0,Del0.8,0.18
X-2082,DAZ3,57054.0,Del0.8,0.13
X-2082,DAZ3,57054.0,Del0.8,0.18
X-2082,DAZ4,57135.0,Del0.8,0.18
X-2082,DAZ4,57135.0,Del0.8,0.15
X-2082,DDX3Y,8653.0,Del0.8,0.18
X-2082,DHX57,90957.0,MutNovel,"A373V,0.737"
X-2082,DIEXF,27042.0,MutNovel,"T208I,0.473"
X-2082,DMGDH,29958.0,MutNovel,"W495R,1.000"
X-2082,DMRTA1,63951.0,Del0.8,0.14
X-2082,DOCK1,1793.0,MutNovel,"E654V,1.000"
X-2082,DPP3,10072.0,MutNovel,"M339V,0.508"
X-2082,DUOXA2,405753.0,MutNovel,"F90L,0.714"
X-2082,DUSP28,285193.0,MutNovel,"A23T,0.441"
X-2082,EHMT1,79813.0,MutNovel,"V985L,0.617"
X-2082,EIF1AY,9086.0,Del0.8,0.18
X-2082,ELFN1,392617.0,MutNovel,"V356L,1.000"
X-2082,EPB41L5,57669.0,MutNovel,"L509I,0.333"
X-2082,ERAL1,26284.0,MutNovel,"G67C,1.000"
X-2082,EVPL,2125.0,Amp5,6.36
X-2082,EXOC5,10640.0,MutKnownFunctional,"L397*,0.331"
X-2082,FAAH,2166.0,MutKnownFunctional,"-275,0.526"
X-2082,FAM115C,285966.0,MutNovel,"S403P,1.000"
X-2082,FAM131A,131408.0,MutNovel,"R63S,1.000"
X-2082,FAM197Y2P,252946.0,Del0.8,0.18
X-2082,FAM21C,253725.0,MutNovel,"S468C,0.667"
X-2082,FAM220A,,MutKnownFunctional,"Q14*,0.403"
X-2082,FAM41AY1,340618.0,Del0.8,0.18
X-2082,FAM41AY1,340618.0,Del0.8,0.18
X-2082,FAM86A,196483.0,Amp5,5.82
X-2082,FANCD2,2177.0,MutNovel,"Q706E,1.000"
X-2082,FBF1,85302.0,Amp5,6.36
X-2082,FBRS,64319.0,MutNovel,"R370L,0.434"
X-2082,FBXL18,80028.0,MutNovel,"F157I,0.622"
X-2082,FBXO41,150726.0,MutNovel,"C600S,0.309"
X-2082,FCGBP,8857.0,MutNovel,"G3406A,1.000"
X-2082,FPGT,8790.0,MutNovel,"Q306H,0.652"
X-2082,GAL,51083.0,Amp5,5.74
X-2082,GALK1,2584.0,Amp5,6.36
X-2082,GALNT5,11227.0,MutNovel,"G820V,0.319"
X-2082,GDF1,2657.0,MutNovel,"A157GP,1.000"
X-2082,GOLGA2P2Y,84559.0,Del0.8,0.18
X-2082,GOLGA2P2Y,84559.0,Del0.8,0.18
X-2082,GRAMD4,23151.0,MutNovel,"T491S,1.000"
X-2082,GRB14,2888.0,MutKnownFunctional,"-297?,0.444"
X-2082,GTF3C2,2976.0,MutNovel,"K474T,0.329"
X-2082,GYG2P1,352887.0,Del0.8,0.18
X-2082,H3F3B,3021.0,Amp5,6.36
X-2082,HEATR5A,25938.0,MutNovel,"L373-,0.769"
X-2082,HECTD3,79654.0,MutNovel,"S12F,0.569"
X-2082,HERC1,8925.0,MutNovel,"P4272L,0.727"
X-2082,HERC2,8924.0,MutNovel,"E424D,0.455"
X-2082,HILS1,373861.0,Amp5,6.96
X-2082,HLA-DQA2,3118.0,MutNovel,"F179L,1.000"
X-2082,HLA-DQA2,3118.0,MutNovel,"DEI184EES,1.000"
X-2082,HLA-G,3135.0,MutNovel,"D63A,1.000"
X-2082,HLA-H,3136.0,Del0.8,0.77
X-2082,HOXC8,3224.0,MutNovel,"S107R,1.000"
X-2082,HSFY2,159119.0,Del0.8,0.18
X-2082,HSFY2,159119.0,Del0.8,0.18
X-2082,HSP90AA1,3320.0,MutNovel,"T826A,0.416"
X-2082,HSPA13,6782.0,Del0.8,0.2
X-2082,HSPA1A,3303.0,MutNovel,"T222A,0.500"
X-2082,IGFN1,91156.0,MutNovel,"R2027W,0.714"
X-2082,IGFN1,91156.0,MutNovel,"M2188I,0.250"
X-2082,IGHMBP2,3508.0,Amp5,6.11
X-2082,INO80D,54891.0,MutNovel,"G908V,0.583"
X-2082,INPP5E,56623.0,MutNovel,"V303M,0.364"
X-2082,INSR,3643.0,MutNovel,"R398C,1.000"
X-2082,ITGB4,3691.0,Amp5,6.36
X-2082,ITGB5,3693.0,MutNovel,"F790S,0.893"
X-2082,ITGB8,3696.0,MutNovel,"R420T,0.600"
X-2082,JMJD4,65094.0,MutNovel,"A53S,0.405"
X-2082,KCNG2,26251.0,MutNovel,"-9G,0.625"
X-2082,KDM5D,8284.0,Del0.8,0.18
X-2082,KIAA0368,23392.0,MutNovel,"C1890F,0.272"
X-2082,KIAA1217,56243.0,MutNovel,"P1049L,1.000"
X-2082,KIAA1671,85379.0,MutNovel,"S533R,1.000"
X-2082,KIF20B,9585.0,MutNovel,"L1062LKV,1.000"
X-2082,KLRC1,3821.0,MutNovel,"L145Q,0.750"
X-2082,KRAS,3845.0,MutKnownFunctional,"G12C,1.000"
X-2082,KRT10,3858.0,MutNovel,"YG513HG,0.691"
X-2082,KRT10,3858.0,MutNovel,"G510S,0.610"
X-2082,KRT3,3850.0,MutNovel,"L457V,0.893"
X-2082,KRT3,3850.0,MutNovel,"M455L,0.992"
X-2082,KRT6A,3853.0,MutNovel,"S332G,1.000"
X-2082,KRT84,3890.0,MutNovel,"D351E,1.000"
X-2082,KRTAP5-7,440050.0,MutNovel,"S55T,1.000"
X-2082,L3MBTL2,83746.0,MutNovel,"Q163H,1.000"
X-2082,LAMC2,3918.0,MutNovel,"R537S,0.441"
X-2082,LCE3C,353144.0,Del0.8,0.28
X-2082,LINC00226,338004.0,Amp5,5.21
X-2082,LINC00308,54143.0,Del0.8,0.2
X-2082,LINC00317,378828.0,Del0.8,0.2
X-2082,LINC00320,387486.0,Del0.8,0.2
X-2082,LINC00478,388815.0,Del0.8,0.2
X-2082,LIPI,149998.0,Del0.8,0.2
X-2082,LOC100287837,,MutNovel,"E5ER,1.000"
X-2082,LOC100506504,,MutNovel,"R15H,0.520"
X-2082,LOC100507035,,MutNovel,"K97E,1.000"
X-2082,LOC100996301,,MutNovel,"G225A,1.000"
X-2082,LOC100996504,,MutNovel,"V179L,1.000"
X-2082,LOC100996633,,MutNovel,"YS17CR,0.773"
X-2082,LOC100996633,,MutNovel,"S11P,0.750"
X-2082,LOC554223,554223.0,MutNovel,"R147E,0.800"
X-2082,LOC554223,554223.0,MutNovel,"Q153P,1.000"
X-2082,LPHN3,23284.0,MutNovel,"S888F,0.217"
X-2082,LRP12,29967.0,MutNovel,"K296E,0.417"
X-2082,LRRC37A,9884.0,MutNovel,"S1121R,1.000"
X-2082,LRRC70,100130733.0,MutNovel,"R269K,1.000"
X-2082,LSM11,134353.0,MutNovel,"G70S,1.000"
X-2082,LSR,51599.0,MutNovel,"G518R,0.449"
X-2082,LSR,51599.0,MutNovel,"G518GR,1.000"
X-2082,LTBP4,8425.0,MutNovel,"G523V,1.000"
X-2082,MAML2,84441.0,MutNovel,"Q596HSSK,1.000"
X-2082,MAN2A2,4122.0,MutNovel,"A750G,0.429"
X-2082,MAPK1IP1L,93487.0,MutNovel,"T220S,0.592"
X-2082,MAPK8IP2,23542.0,MutNovel,"A378G,1.000"
X-2082,MBD2,8932.0,MutNovel,"G115GA,0.719"
X-2082,MBD2,8932.0,MutNovel,"GC110CG,0.326"
X-2082,MDFIC,29969.0,MutNovel,"A227V,0.383"
X-2082,METTL2A,339175.0,MutNovel,"P10L,0.223"
X-2082,MFF,56947.0,MutNovel,"R154W,0.318"
X-2082,MIR125B2,406912.0,Del0.8,0.2
X-2082,MIR3156-3,100423018.0,Del0.8,0.45
X-2082,MIR4738,100616282.0,Amp5,6.36
X-2082,MIR99A,407055.0,Del0.8,0.2
X-2082,MIRLET7C,406885.0,Del0.8,0.2
X-2082,MLL2,8085.0,MutNovel,"G2219W,1.000"
X-2082,MLYCD,23417.0,MutKnownFunctional,"W224*,0.327"
X-2082,MPRIP,23164.0,MutNovel,"TS178T,1.000"
X-2082,MRGPRD,116512.0,Amp5,6.11
X-2082,MRGPRF,116535.0,Amp5,6.11
X-2082,MRPL21,219927.0,Amp5,6.11
X-2082,MRPL28,10573.0,Amp5,6.73
X-2082,MRPL38,64978.0,Amp5,6.36
X-2082,MSH3,4437.0,MutNovel,"-55AAA,1.000"
X-2082,MTAP,4507.0,Del0.8,0.42
X-2082,MTL5,9633.0,Amp5,5.74
X-2082,MUC4,4585.0,MutNovel,"L2738P,0.667"
X-2082,MUC4,4585.0,MutNovel,"P2562H,0.391"
X-2082,MYEOV,26579.0,Amp5,6.11
X-2082,MYH4,4622.0,MutNovel,"E510D,1.000"
X-2082,MYH8,4626.0,MutNovel,"VA142EA,1.000"
X-2082,MYO15B,80022.0,Amp5,5.58
X-2082,NACAD,23148.0,MutNovel,"A841V,1.000"
X-2082,NAGPA,51172.0,Amp5,5.82
X-2082,NBEAL1,65065.0,MutNovel,"D1704N,0.842"
X-2082,NCAM2,4685.0,Del0.8,0.2
X-2082,NCOR2,9612.0,MutNovel,"G1839GAAA,1.000"
X-2082,NCOR2,9612.0,MutNovel,"-511S,0.967"
X-2082,NCRNA00185,55410.0,Del0.8,0.18
X-2082,NFAT5,10725.0,MutNovel,"S186F,0.562"
X-2082,NLGN4Y,22829.0,Del0.8,0.18
X-2082,NOVA1,4857.0,MutNovel,"M123I,0.254"
X-2082,NRIP1,8204.0,Del0.8,0.2
X-2082,NSFL1C,55968.0,MutNovel,"D352V,1.000"
X-2082,NUAK2,81788.0,MutNovel,"V297L,0.455"
X-2082,ODF2,4957.0,MutNovel,"P7S,0.537"
X-2082,ORAI1,84876.0,MutNovel,"PP43-,1.000"
X-2082,ORAOV1,220064.0,Amp5,6.11
X-2082,OTUD7B,56957.0,MutNovel,"G190V,0.488"
X-2082,PABPC3,5042.0,MutKnownFunctional,"E239*,0.300"
X-2082,PABPC3,5042.0,MutNovel,"A611G,0.250"
X-2082,PAPOLA,10914.0,MutNovel,"I227V,0.613"
X-2082,PCDH11Y,83259.0,Del0.8,0.24
X-2082,PCDHGB3,56102.0,MutNovel,"A519V,1.000"
X-2082,PCF11,51585.0,MutNovel,"V1379I,0.430"
X-2082,PDCD6,10016.0,MutNovel,"A12P,1.000"
X-2082,PDK2,5164.0,Amp5,6.96
X-2082,PGBD2,267002.0,MutNovel,"G277V,0.417"
X-2082,PHACTR3,116154.0,MutNovel,"T467I,0.368"
X-2082,PHF15,23338.0,MutNovel,"K432E,1.000"
X-2082,PHLDA1,22822.0,MutNovel,"QQ194Q,1.000"
X-2082,PKN2,5586.0,MutNovel,"NL382N,0.260"
X-2082,PLBD2,196463.0,MutNovel,"D288N,1.000"
X-2082,PLK1S1,55857.0,MutNovel,"Q492R,0.333"
X-2082,POTED,317754.0,Del0.8,0.45
X-2082,POU2F2,5452.0,MutNovel,"G424R,1.000"
X-2082,PPP1R9B,84687.0,Amp5,6.96
X-2082,PRKY,5616.0,Del0.8,0.18
X-2082,PRY,9081.0,Del0.8,0.18
X-2082,PRY,9081.0,Del0.8,0.18
X-2082,PRY2,442862.0,Del0.8,0.18
X-2082,PRY2,442862.0,Del0.8,0.18
X-2082,PTGER2,5732.0,MutNovel,"G251A,1.000"
X-2082,PTPN9,5780.0,MutNovel,"R69G,0.461"
X-2082,PTPRH,5794.0,MutNovel,"P145T,0.227"
X-2082,PTPRU,10076.0,MutNovel,"V459I,0.468"
X-2082,RAB11FIP5,26056.0,MutNovel,"G366V,0.333"
X-2082,RABL6,,MutNovel,"Q276P,0.348"
X-2082,RANBP3,8498.0,MutNovel,"V16I,0.472"
X-2082,RBM11,54033.0,Del0.8,0.2
X-2082,RBMXL2,27288.0,MutNovel,"T134A,1.000"
X-2082,RBMY1A3P,286557.0,Del0.8,0.18
X-2082,RBMY1B,378948.0,Del0.8,0.18
X-2082,RBMY1B,378948.0,Del0.8,0.18
X-2082,RBMY1E,378950.0,Del0.8,0.18
X-2082,RBMY1E,378950.0,Del0.8,0.18
X-2082,RBMY1F,159163.0,Del0.8,0.18
X-2082,RBMY1F,159163.0,Del0.8,0.18
X-2082,RBMY1J,378951.0,Del0.8,0.18
X-2082,RBMY1J,378951.0,Del0.8,0.18
X-2082,RBMY2EP,159125.0,Del0.8,0.18
X-2082,RBMY2FP,159162.0,Del0.8,0.18
X-2082,RBMY3AP,64593.0,Del0.8,0.18
X-2082,RECQL5,9400.0,Amp5,6.36
X-2082,RHD,6007.0,Del0.8,0.52
X-2082,RHOB,388.0,MutNovel,"S185A,0.372"
X-2082,RIN1,9610.0,MutNovel,"R51W,0.431"
X-2082,RIN3,79890.0,MutNovel,"G967-,1.000"
X-2082,RNF214,257160.0,MutNovel,"K224E,1.000"
X-2082,RPS4Y1,6192.0,Del0.8,0.24
X-2082,RPS4Y2,140032.0,Del0.8,0.18
X-2082,RSPH3,83861.0,MutNovel,"D311G,1.000"
X-2082,S100A16,140576.0,MutNovel,"D77Y,0.531"
X-2082,SAMD14,201191.0,Amp5,6.96
X-2082,SAMSN1,64092.0,Del0.8,0.2
X-2082,SAP30BP,29115.0,Amp5,6.36
X-2082,SCAPER,49855.0,Del0.8,0.71
X-2082,SEC14L5,9717.0,Amp5,5.82
X-2082,SEPSECS,51091.0,MutNovel,"R456W,0.626"
X-2082,SERINC2,347735.0,MutNovel,"-373Q,1.000"
X-2082,SETD1B,23067.0,MutKnownFunctional,"-1463,1.000"
X-2082,SF3A1,10291.0,MutNovel,"R442W,0.494"
X-2082,SGCA,6442.0,Amp5,6.96
X-2082,SH3BP5L,80851.0,MutNovel,"E24A,0.492"
X-2082,SHANK3,85358.0,MutNovel,"P1637L,1.000"
X-2082,SHCBP1,79801.0,MutNovel,"C464F,0.516"
X-2082,SLC27A5,10998.0,MutNovel,"W557C,1.000"
X-2082,SLC35E2B,728661.0,MutNovel,"G346S,0.613"
X-2082,SMCR8,140775.0,MutNovel,"S64C,1.000"
X-2082,SMOX,54498.0,MutNovel,"G18C,1.000"
X-2082,SMPD4,55627.0,MutNovel,"T179S,0.643"
X-2082,SNAPC4,6621.0,MutNovel,"S542-,0.611"
X-2082,SPG21,51324.0,MutNovel,"A75T,0.470"
X-2082,SPTBN2,6712.0,MutNovel,"P2132S,0.602"
X-2082,SRP68,6730.0,Amp5,5.62
X-2082,SRRM2,23524.0,MutNovel,"S323I,0.555"
X-2082,SRY,6736.0,Del0.8,0.24
X-2082,SSC5D,284297.0,MutNovel,"G1536E,1.000"
X-2082,SSFA2,6744.0,Amp5,6.73
X-2082,STAB1,23166.0,MutNovel,"R1280S,1.000"
X-2082,STX8,9482.0,Del0.8,0.78
X-2082,SYMPK,8189.0,MutNovel,"E680D,0.991"
X-2082,SZT2,23334.0,MutNovel,"P1218A,0.655"
X-2082,TANC1,85461.0,MutNovel,"L1660V,0.355"
X-2082,TAOK2,9344.0,MutNovel,"R1008Q,0.547"
X-2082,TARSL2,123283.0,MutNovel,"I625L,0.208"
X-2082,TBC1D30,23329.0,MutNovel,"P583L,1.000"
X-2082,TBL1Y,90665.0,Del0.8,0.18
X-2082,TBP,6908.0,MutNovel,"-64Q,1.000"
X-2082,TEN1-CDK3,100529145.0,Amp5,6.36
X-2082,TEX15,56154.0,MutNovel,"R2160S,0.261"
X-2082,TGIF2LY,90655.0,Del0.8,0.24
X-2082,TK2,7084.0,Amp5,5.21
X-2082,TMBIM4,51643.0,MutKnownFunctional,"-174?,0.935"
X-2082,TMEM169,92691.0,MutNovel,"T296M,1.000"
X-2082,TMEM184A,202915.0,MutNovel,"G392GA,1.000"
X-2082,TMEM194B,100131211.0,MutNovel,"A30G,0.231"
X-2082,TMEM238,388564.0,MutNovel,"G30V,1.000"
X-2082,TMPRSS15,5651.0,Del0.8,0.2
X-2082,TMSB4Y,9087.0,Del0.8,0.18
X-2082,TP53,7157.0,MutNovel,"V216L,0.996"
X-2082,TPCN2,219931.0,Amp5,6.11
X-2082,TRAPPC11,60684.0,MutNovel,"T915M,0.551"
X-2082,TRIM47,91107.0,MutNovel,"I456V,0.361"
X-2082,TRIM47,91107.0,Amp5,6.36
X-2082,TRIM65,201292.0,Amp5,6.36
X-2082,TRRAP,8295.0,MutNovel,"Y3162H,0.226"
X-2082,TSPY1,7258.0,Del0.8,0.18
X-2082,TSPY2,64591.0,Del0.8,0.18
X-2082,TSPY3,728137.0,Del0.8,0.18
X-2082,TSPY4,728395.0,Del0.8,0.18
X-2082,TSPY8,728403.0,Del0.8,0.18
X-2082,TTTY10,246119.0,Del0.8,0.18
X-2082,TTTY11,83866.0,Del0.8,0.18
X-2082,TTTY12,83867.0,Del0.8,0.18
X-2082,TTTY13,83868.0,Del0.8,0.18
X-2082,TTTY14,83869.0,Del0.8,0.18
X-2082,TTTY15,64595.0,Del0.8,0.18
X-2082,TTTY16,252948.0,Del0.8,0.18
X-2082,TTTY17A,252949.0,Del0.8,0.18
X-2082,TTTY17A,252949.0,Del0.8,0.18
X-2082,TTTY18,252950.0,Del0.8,0.18
X-2082,TTTY19,252952.0,Del0.8,0.18
X-2082,TTTY1B,100101116.0,Del0.8,0.18
X-2082,TTTY1B,100101116.0,Del0.8,0.18
X-2082,TTTY2,60439.0,Del0.8,0.18
X-2082,TTTY2,60439.0,Del0.8,0.18
X-2082,TTTY20,252951.0,Del0.8,0.18
X-2082,TTTY21,252953.0,Del0.8,0.18
X-2082,TTTY21,252953.0,Del0.8,0.18
X-2082,TTTY22,252954.0,Del0.8,0.18
X-2082,TTTY23,252955.0,Del0.8,0.18
X-2082,TTTY23,252955.0,Del0.8,0.18
X-2082,TTTY3,114760.0,Del0.8,0.18
X-2082,TTTY3,114760.0,Del0.8,0.18
X-2082,TTTY4,114761.0,Del0.8,0.18
X-2082,TTTY4,114761.0,Del0.8,0.13
X-2082,TTTY5,83863.0,Del0.8,0.18
X-2082,TTTY6,84672.0,Del0.8,0.18
X-2082,TTTY6,84672.0,Del0.8,0.18
X-2082,TTTY7,246122.0,Del0.8,0.18
X-2082,TTTY7,246122.0,Del0.8,0.18
X-2082,TTTY7B,100101120.0,Del0.8,0.18
X-2082,TTTY7B,100101120.0,Del0.8,0.18
X-2082,TTTY8,84673.0,Del0.8,0.18
X-2082,TTTY8,84673.0,Del0.8,0.18
X-2082,TTTY9A,83864.0,Del0.8,0.18
X-2082,TTTY9A,83864.0,Del0.8,0.18
X-2082,TXLNG2P,246126.0,Del0.8,0.18
X-2082,TYK2,7297.0,MutNovel,"N88K,1.000"
X-2082,UBAC1,10422.0,MutNovel,"R126Q,0.337"
X-2082,UBR1,197131.0,MutNovel,"Q1128R,0.483"
X-2082,UGT2B28,54490.0,Amp5,5.5
X-2082,UNC13D,201294.0,Amp5,6.36
X-2082,UNK,85451.0,Amp5,6.36
X-2082,UNKL,64718.0,MutNovel,"G456S,0.460"
X-2082,UPK3BL,,MutNovel,"T119I,0.414"
X-2082,USP20,10868.0,MutNovel,"D3N,0.275"
X-2082,USP25,29761.0,Del0.8,0.2
X-2082,USP9Y,8287.0,Del0.8,0.18
X-2082,UTRN,7402.0,MutNovel,"W2574C,1.000"
X-2082,UTY,7404.0,Del0.8,0.18
X-2082,VCY,9084.0,Del0.8,0.18
X-2082,VCY,9084.0,Del0.8,0.18
X-2082,VPS13C,54832.0,MutNovel,"S3199G,0.412"
X-2082,VPS37A,137492.0,MutNovel,"D271A,0.363"
X-2082,WASH1,100287171.0,MutNovel,"A372G,0.500"
X-2082,WBP2,23558.0,Amp5,6.36
X-2082,WBSCR16,81554.0,MutNovel,"G368S,0.357"
X-2082,WDFY1,57590.0,MutNovel,"M141I,0.340"
X-2082,WDR33,55339.0,MutNovel,"P655L,0.583"
X-2082,XKRY2,353515.0,Del0.8,0.18
X-2082,XKRY2,353515.0,Del0.8,0.18
X-2082,ZDBF2,57683.0,MutKnownFunctional,"R1174*,0.955"
X-2082,ZDHHC4,55146.0,MutNovel,"R300H,0.402"
X-2082,ZFHX3,463.0,MutNovel,"G3517D,0.619"
X-2082,ZFY,7544.0,Del0.8,0.24
X-2082,ZFYVE19,84936.0,MutNovel,"I177F,0.480"
X-2082,ZMYM3,9203.0,MutKnownFunctional,"-281,1.000"
X-2082,ZNF138,7697.0,MutNovel,"R70I,0.597"
X-2082,ZNF143,7702.0,MutNovel,"Y426C,1.000"
X-2082,ZNF250,58500.0,MutNovel,"Y507C,0.703"
X-2082,ZNF331,55422.0,MutNovel,"S419N,1.000"
X-2082,ZNF384,171017.0,MutNovel,"QQ514Q,1.000"
X-2082,ZNF415,55786.0,MutNovel,"K242I,1.000"
X-2082,ZNF449,203523.0,MutNovel,"W273L,1.000"
X-2082,ZNF544,27300.0,MutNovel,"C328F,1.000"
X-2082,ZNF649,65251.0,MutNovel,"G116V,1.000"
X-2082,ZNF705G,100131980.0,Amp5,5.54
X-2082,ZNF71,58491.0,MutNovel,"R290C,0.639"
X-2082,ZNF81,347344.0,MutNovel,"K645N,1.000"
X-2088,ABCA3,21.0,MutNovel,"I56V,1.000"
X-2088,ACOX1,51.0,MutNovel,"H48Y,0.633"
X-2088,ACTN4,81.0,Amp5,6.96
X-2088,ADAMTSL4,54507.0,Amp8,8.11
X-2088,ADSL,158.0,MutNovel,"R452H,1.000"
X-2088,AGRN,375790.0,MutNovel,"V23L,0.459"
X-2088,AHNAK,79026.0,MutNovel,"V4019L,0.706"
X-2088,AHNAK2,113146.0,MutNovel,"T1208A,0.500"
X-2088,AKAP13,11214.0,MutNovel,"K2791-,0.441"
X-2088,AMELY,266.0,Del0.8,0.2
X-2088,ANGPT1,284.0,MutNovel,"M436I,0.625"
X-2088,ANP32E,81611.0,Amp8,8.11
X-2088,ANXA9,8416.0,Amp5,7.57
X-2088,APBB1IP,54518.0,MutNovel,"-600P,0.457"
X-2088,APH1A,51107.0,Amp8,8.11
X-2088,APOC1,341.0,Amp5,6.19
X-2088,APOC1P1,342.0,Amp5,6.19
X-2088,APOC2,344.0,Amp5,6.19
X-2088,APOC4-APOC2,100533990.0,Amp5,6.19
X-2088,APOE,348.0,Amp5,6.19
X-2088,AQR,9716.0,MutNovel,"D1096Y,0.322"
X-2088,ARNT,405.0,Amp5,7.57
X-2088,ATAD3C,219293.0,MutNovel,"H193L,0.231"
X-2088,ATF6,22926.0,MutNovel,"E425K,0.268"
X-2088,ATXN1L,342371.0,MutNovel,"V87M,0.600"
X-2088,ATXN1L,342371.0,MutNovel,"L242F,0.500"
X-2088,ATXN1L,342371.0,MutNovel,"S259I,0.667"
X-2088,BAHCC1,57597.0,MutNovel,"S2372F,0.600"
X-2088,BCAM,4059.0,Amp5,6.19
X-2088,BCL3,602.0,Amp5,6.19
X-2088,BCORP1,286554.0,Del0.8,0.2
X-2088,BMP6,654.0,MutNovel,"R28Q,1.000"
X-2088,BNIPL,149428.0,Amp5,7.57
X-2088,BPY2B,442867.0,Del0.8,0.2
X-2088,BPY2B,442867.0,Del0.8,0.2
X-2088,C19orf33,64073.0,Amp5,6.96
X-2088,C19orf71,100128569.0,MutKnownFunctional,"Y77*,1.000"
X-2088,C1orf106,55765.0,MutNovel,"P122L,0.294"
X-2088,C1orf51,148523.0,Amp8,8.11
X-2088,C1orf54,79630.0,Amp8,8.11
X-2088,C1orf56,54964.0,Amp5,7.57
X-2088,CA14,23632.0,Amp8,8.11
X-2088,CADM4,199731.0,Amp5,6.19
X-2088,CALM3,808.0,MutNovel,"Q144L,1.000"
X-2088,CAPN12,147968.0,Amp5,6.96
X-2088,CATSPERG,57828.0,Amp5,6.96
X-2088,CBLC,23624.0,Amp5,6.19
X-2088,CCDC61,729440.0,Amp5,6.92
X-2088,CCDC77,84318.0,MutNovel,"E70Q,0.234"
X-2088,CCDC8,83987.0,Amp5,6.92
X-2088,CD177,57126.0,Amp5,6.19
X-2088,CDC42SE1,56882.0,Amp5,7.57
X-2088,CDY1B,253175.0,Del0.8,0.2
X-2088,CDY1B,253175.0,Del0.8,0.2
X-2088,CDY2A,9426.0,Del0.8,0.2
X-2088,CDY2A,9426.0,Del0.8,0.2
X-2088,CDY2B,203611.0,Del0.8,0.2
X-2088,CDY2B,203611.0,Del0.8,0.2
X-2088,CEACAM16,388551.0,Amp5,6.19
X-2088,CEACAM19,56971.0,Amp5,6.19
X-2088,CEACAM20,125931.0,Amp5,6.19
X-2088,CEACAM22P,388550.0,Amp5,6.19
X-2088,CERS2,29956.0,Amp5,7.57
X-2088,CFHR3,10878.0,Amp5,5.1
X-2088,CGN,57530.0,Amp5,7.57
X-2088,CHRD,8646.0,MutNovel,"R790W,0.208"
X-2088,CLASRP,11129.0,Amp5,6.19
X-2088,CLPTM1,1209.0,Amp5,6.19
X-2088,COL4A5,1287.0,MutNovel,"G896V,1.000"
X-2088,CPSF7,79869.0,MutNovel,"S458C,0.234"
X-2088,CSPG4P1Y,114758.0,Del0.8,0.2
X-2088,CSPG4P1Y,114758.0,Del0.8,0.2
X-2088,CTSK,1513.0,Amp5,7.57
X-2088,CTSS,1520.0,Amp8,8.11
X-2088,CWC27,10283.0,MutKnownFunctional,"-468,0.525"
X-2088,CXADRP2,646243.0,Del0.8,0.72
X-2088,CYP51A1,1595.0,MutNovel,"T185A,0.745"
X-2088,CYTH4,27128.0,MutNovel,"D38N,1.000"
X-2088,DAZ1,1617.0,Del0.8,0.2
X-2088,DAZ2,57055.0,Del0.8,0.2
X-2088,DAZ3,57054.0,Del0.8,0.2
X-2088,DAZ3,57054.0,Del0.8,0.2
X-2088,DAZ4,57135.0,Del0.8,0.2
X-2088,DAZ4,57135.0,Del0.8,0.2
X-2088,DCPS,28960.0,MutNovel,"S72SGD,0.455"
X-2088,DDX3Y,8653.0,Del0.8,0.2
X-2088,DDX42,11325.0,MutNovel,"P97A,1.000"
X-2088,DDX60L,91351.0,MutNovel,"K598M,0.833"
X-2088,DENND4B,9909.0,MutNovel,"QQQ908-,0.409"
X-2088,DKFZp434J0226,93429.0,Amp5,6.92
X-2088,DMPK,1760.0,Amp5,6.92
X-2088,DMWD,1762.0,Amp5,6.92
X-2088,DOT1L,84444.0,MutNovel,"G856D,1.000"
X-2088,DPF1,8193.0,Amp5,6.96
X-2088,EAF2,55840.0,MutNovel,"E55K,0.409"
X-2088,ECH1,1891.0,Amp5,6.96
X-2088,ECM1,1893.0,Amp8,8.11
X-2088,EHMT1,79813.0,MutNovel,"R736C,0.512"
X-2088,EIF1AY,9086.0,Del0.8,0.2
X-2088,EIF3CL,728689.0,MutNovel,"N660L,0.857"
X-2088,EIF3K,27335.0,Amp5,6.96
X-2088,ELP3,55140.0,MutNovel,"L51F,0.375"
X-2088,ENSA,2029.0,Amp8,8.11
X-2088,EP400,57634.0,MutNovel,"Q1186H,0.571"
X-2088,ERAP1,51752.0,MutKnownFunctional,"-621,0.500"
X-2088,ETHE1,23474.0,Amp5,6.19
X-2088,EVPL,2125.0,MutNovel,"D441N,0.400"
X-2088,EVPL,2125.0,MutNovel,"E435Q,0.333"
X-2088,FAM106A,80039.0,Del0.8,0.55
X-2088,FAM109A,144717.0,MutNovel,"R144C,0.341"
X-2088,FAM116B,414918.0,MutNovel,"Q104H,1.000"
X-2088,FAM197Y2P,252946.0,Del0.8,0.2
X-2088,FAM21C,253725.0,MutNovel,"K1199R,0.500"
X-2088,FAM41AY1,340618.0,Del0.8,0.2
X-2088,FAM41AY1,340618.0,Del0.8,0.2
X-2088,FAM47B,170062.0,Del0.8,0.26
X-2088,FAM63A,55793.0,Amp5,7.57
X-2088,FAM98C,147965.0,Amp5,6.96
X-2088,FBLN2,2199.0,MutNovel,"A225T,0.877"
X-2088,FBN3,84467.0,MutKnownFunctional,"R1438*,1.000"
X-2088,FBXO17,115290.0,Amp5,6.96
X-2088,FBXO25,26260.0,MutNovel,"R14P,0.250"
X-2088,FBXO27,126433.0,Amp5,6.96
X-2088,FBXO46,23403.0,Amp5,6.92
X-2088,FHIT,2272.0,Del0.8,0.79
X-2088,FN3K,64122.0,MutNovel,"D274A,0.757"
X-2088,FOXA3,3171.0,Amp5,6.92
X-2088,GABPB2,126626.0,Amp5,7.57
X-2088,GABRR1,2569.0,MutNovel,"P420T,0.371"
X-2088,GDPD1,284161.0,Amp5,6.77
X-2088,GGN,199720.0,Amp5,6.96
X-2088,GLB1,2720.0,MutNovel,"A340S,0.236"
X-2088,GOLGA2P2Y,84559.0,Del0.8,0.2
X-2088,GOLGA2P2Y,84559.0,Del0.8,0.2
X-2088,GOLPH3L,55204.0,Amp8,8.11
X-2088,GPC6,10082.0,Del0.8,0.75
X-2088,GPRIN1,114787.0,MutNovel,"Q992L,0.233"
X-2088,GYG2P1,352887.0,Del0.8,0.2
X-2088,HEATR5A,25938.0,MutNovel,"R266K,0.438"
X-2088,HES4,57801.0,MutNovel,"V132F,0.492"
X-2088,HIF3A,64344.0,Amp5,6.92
X-2088,HKR1,284459.0,Amp8,8.75
X-2088,HLA-B,3106.0,MutNovel,"E69R,1.000"
X-2088,HMOX2,3163.0,MutNovel,"R263C,0.245"
X-2088,HNRNPL,3191.0,Amp5,6.96
X-2088,HORMAD1,84072.0,Amp8,8.11
X-2088,HSFY2,159119.0,Del0.8,0.2
X-2088,HSFY2,159119.0,Del0.8,0.2
X-2088,IFT57,55081.0,MutNovel,"E153D,0.256"
X-2088,IGFL1,374918.0,Amp5,6.92
X-2088,IGFL2,147920.0,Amp5,6.92
X-2088,IGFL3,388555.0,Amp5,6.92
X-2088,IGFL4,444882.0,Amp5,6.92
X-2088,IGFN1,91156.0,MutNovel,"G3382E,0.222"
X-2088,IGSF23,147710.0,Amp5,6.19
X-2088,IL17RE,132014.0,MutNovel,"P606T,0.720"
X-2088,IL28RA,163702.0,MutNovel,"R6G,0.400"
X-2088,IRF2BP1,26145.0,Amp5,6.92
X-2088,IRGC,56269.0,Amp5,6.19
X-2088,IRGQ,126298.0,Amp5,6.19
X-2088,ITGA5,3678.0,MutNovel,"Q202E,0.410"
X-2088,KCNK6,9424.0,Amp5,6.96
X-2088,KCNN4,3783.0,Amp5,6.19
X-2088,KCTD2,23510.0,Amp5,5.1
X-2088,KDM5D,8284.0,Del0.8,0.2
X-2088,KEAP1,9817.0,MutNovel,"G417V,0.996"
X-2088,KEL,3792.0,MutNovel,"S625F,1.000"
X-2088,KGFLP2,654466.0,Del0.8,0.77
X-2088,KIAA1109,84162.0,MutNovel,"P2855T,0.750"
X-2088,KIF1B,23095.0,MutNovel,"G32S,0.571"
X-2088,KLHL13,90293.0,MutNovel,"P513S,0.513"
X-2088,KLHL22,84861.0,MutKnownFunctional,"E6*,1.000"
X-2088,LAMB2,3913.0,MutNovel,"L1390F,0.599"
X-2088,LCE3B,353143.0,Del0.8,0.49
X-2088,LCE3C,353144.0,Del0.8,0.23
X-2088,LGALS4,3960.0,Amp5,6.96
X-2088,LGALS7,3963.0,Amp5,6.96
X-2088,LGALS7B,653499.0,Amp5,6.96
X-2088,LGALS9C,654346.0,Del0.8,0.55
X-2088,LIMD1,8994.0,MutNovel,"G27R,0.800"
X-2088,LOC100379224,100379224.0,Amp5,6.19
X-2088,LOC100505715,100505715.0,Amp5,6.19
X-2088,LOC100506504,,MutNovel,"R15H,0.571"
X-2088,LOC100507433,100507433.0,Amp5,6.96
X-2088,LOC100507607,,MutNovel,"V538A,1.000"
X-2088,LOC100631378,100631378.0,Amp5,6.96
X-2088,LOC100996301,,MutNovel,"G225A,0.615"
X-2088,LOC100996301,,MutNovel,"A200P,0.667"
X-2088,LOC284344,284344.0,Amp5,6.19
X-2088,LOC284412,284412.0,Amp8,8.75
X-2088,LOC388553,388553.0,Amp5,6.92
X-2088,LOC390940,390940.0,Amp5,6.19
X-2088,LOC643669,643669.0,Amp5,6.96
X-2088,LOC644554,644554.0,Amp5,6.96
X-2088,LOC727924,727924.0,Del0.8,0.72
X-2088,LRP1B,53353.0,Del0.8,0.49
X-2088,LSG1,55341.0,MutNovel,"K366Q,0.261"
X-2088,LSM3,27258.0,MutNovel,"L54F,0.281"
X-2088,LSR,51599.0,MutNovel,"G518R,0.266"
X-2088,LSR,51599.0,MutNovel,"G518GR,1.000"
X-2088,LTN1,26046.0,MutNovel,"T371A,0.800"
X-2088,LUC7L,55692.0,MutNovel,"R333K,0.325"
X-2088,LYPD3,27076.0,Amp5,6.19
X-2088,LYPD5,284348.0,Amp5,6.19
X-2088,LYSMD1,388695.0,Amp5,7.57
X-2088,MAP3K4,4216.0,MutNovel,"PA1189P,1.000"
X-2088,MAP3K5,4217.0,MutNovel,"D988ET,0.545"
X-2088,MAP4,4134.0,MutNovel,"A1099D,0.251"
X-2088,MAP4K1,11184.0,Amp5,6.96
X-2088,MCL1,4170.0,Amp8,8.11
X-2088,MED15,51586.0,MutNovel,"S483I,1.000"
X-2088,MEIS2,4212.0,MutNovel,"D390Y,0.941"
X-2088,MEIS2,4212.0,MutNovel,"E362D,0.800"
X-2088,MGC21881,389741.0,Del0.8,0.77
X-2088,MIR301A,407027.0,Amp5,6.77
X-2088,MIR4257,100422997.0,Amp8,8.11
X-2088,MIR4531,100616355.0,Amp5,6.19
X-2088,MIR454,768216.0,Amp5,6.77
X-2088,MIR4729,100616204.0,Amp5,6.77
X-2088,MIR554,693139.0,Amp5,7.57
X-2088,MIR769,768217.0,Amp5,6.92
X-2088,MLL2,8085.0,MutNovel,"E3587K,0.562"
X-2088,MLL3,58508.0,MutNovel,"R973G,0.429"
X-2088,MLLT10,8028.0,MutNovel,"R84L,0.975"
X-2088,MLLT11,10962.0,Amp5,7.57
X-2088,MMP10,4319.0,MutNovel,"E358A,0.500"
X-2088,MOB3B,79817.0,MutNovel,"E84K,0.700"
X-2088,MPRIP,23164.0,MutNovel,"TS178T,1.000"
X-2088,MRPS12,6183.0,Amp5,6.96
X-2088,MRPS21,54460.0,Amp8,8.11
X-2088,MUC4,4585.0,MutNovel,"R3974P,1.000"
X-2088,MUC4,4585.0,MutNovel,"A3785V,1.000"
X-2088,MUC4,4585.0,MutNovel,"A2393V,0.556"
X-2088,MUC4,4585.0,MutNovel,"A2249V,0.625"
X-2088,MUC4,4585.0,MutNovel,"Y981D,0.400"
X-2088,MYH1,4619.0,MutNovel,"I1749V,1.000"
X-2088,MYH2,4620.0,MutNovel,"K1760R,1.000"
X-2088,MYO7A,4647.0,MutKnownFunctional,"-1172,1.000"
X-2088,MYPOP,339344.0,Amp5,6.92
X-2088,NACA2,342538.0,MutNovel,"L86R,1.000"
X-2088,NACA2,342538.0,MutNovel,"R75K,1.000"
X-2088,NANOS2,339345.0,Amp5,6.92
X-2088,NCOA3,8202.0,MutNovel,"Q1255-,1.000"
X-2088,NCOR2,9612.0,MutNovel,"G1839GAAA,1.000"
X-2088,NCRNA00185,55410.0,Del0.8,0.2
X-2088,NEFH,4744.0,MutNovel,"KAKSPEKEE651K,0.475"
X-2088,NEK1,4750.0,MutNovel,"T141R,0.667"
X-2088,NFKBIB,4793.0,Amp5,6.96
X-2088,NIPBL,25836.0,MutNovel,"N1897S,0.311"
X-2088,NLGN4Y,22829.0,Del0.8,0.2
X-2088,NOVA2,4858.0,Amp5,6.92
X-2088,NPC1,4864.0,MutNovel,"R978L,0.332"
X-2088,NR1H2,7376.0,MutNovel,"-173Q,1.000"
X-2088,NUP107,57122.0,MutNovel,"M856V,0.512"
X-2088,OBSCN,84033.0,MutNovel,"K4821M,0.545"
X-2088,OFD1,8481.0,MutKnownFunctional,"-234?,0.312"
X-2088,OR4M2,390538.0,Del0.8,0.72
X-2088,OR4N3P,390539.0,Del0.8,0.72
X-2088,OR4N4,283694.0,Del0.8,0.72
X-2088,ORAI1,84876.0,MutNovel,"PP43-,1.000"
X-2088,OTUD1,220213.0,MutNovel,"S326C,1.000"
X-2088,OTUD7B,56957.0,Amp8,8.11
X-2088,PACS1,55690.0,MutNovel,"V25G,0.889"
X-2088,PCDH11Y,83259.0,Del0.8,0.2
X-2088,PCDHB3,56132.0,MutNovel,"T534A,1.000"
X-2088,PDE9A,5152.0,MutNovel,"T362M,0.660"
X-2088,PDGFRL,5157.0,MutNovel,"S285N,0.323"
X-2088,PDHA1,5160.0,MutNovel,"H192L,1.000"
X-2088,PDK2,5164.0,MutNovel,"R194Q,0.538"
X-2088,PDLIM5,10611.0,MutNovel,"K514N,0.277"
X-2088,PGD,5226.0,MutNovel,"S428F,0.436"
X-2088,PGLYRP1,8993.0,Amp5,6.92
X-2088,PHLDA1,22822.0,MutNovel,"QQ194Q,1.000"
X-2088,PHLDB3,653583.0,Amp5,6.19
X-2088,PI4KB,5298.0,Amp5,7.57
X-2088,PIP5K1A,8394.0,Amp5,7.57
X-2088,PKM,,MutNovel,"T36S,0.333"
X-2088,PLAUR,5329.0,Amp5,6.19
X-2088,PLCB3,5331.0,MutNovel,"E496K,0.214"
X-2088,PLCD1,5333.0,MutNovel,"N412Y,0.583"
X-2088,PLEK2,26499.0,MutNovel,"V301A,0.352"
X-2088,PLEKHH3,79990.0,MutNovel,"E35G,0.250"
X-2088,PLEKHH3,79990.0,MutNovel,"-35GT,1.000"
X-2088,PLEKHO1,51177.0,Amp8,8.11
X-2088,PNMAL1,55228.0,Amp5,6.92
X-2088,POGZ,23126.0,Amp5,7.57
X-2088,PPP1R14A,94274.0,Amp5,6.96
X-2088,PPP5C,5536.0,Amp5,6.92
X-2088,PRG1,23574.0,Amp5,6.19
X-2088,PRKY,5616.0,Del0.8,0.2
X-2088,PRPF3,9129.0,Amp8,8.11
X-2088,PRR11,55771.0,Amp5,6.77
X-2088,PRUNE,58497.0,Amp5,7.57
X-2088,PRY,9081.0,Del0.8,0.2
X-2088,PRY,9081.0,Del0.8,0.2
X-2088,PRY2,442862.0,Del0.8,0.2
X-2088,PRY2,442862.0,Del0.8,0.2
X-2088,PSG4,5672.0,Amp5,6.19
X-2088,PSG5,5673.0,Amp5,6.19
X-2088,PSG9,5678.0,Amp5,6.19
X-2088,PSMB1,5689.0,MutNovel,"T122S,0.459"
X-2088,PSMB4,5692.0,Amp5,7.57
X-2088,PSMD4,5710.0,Amp5,7.57
X-2088,PSMD8,5714.0,Amp5,6.96
X-2088,PSMG3,84262.0,MutNovel,"P5Q,0.287"
X-2088,PTPRJ,5795.0,MutNovel,"G971D,0.692"
X-2088,PVR,5817.0,Amp5,6.19
X-2088,PVRL2,5819.0,Amp5,6.19
X-2088,QRICH1,54870.0,MutNovel,"P465R,0.361"
X-2088,RAB32,10981.0,MutNovel,"A13S,0.875"
X-2088,RAD21,5885.0,MutNovel,"H208L,0.288"
X-2088,RADIL,55698.0,MutNovel,"N790S,0.394"
X-2088,RASA4B,,MutNovel,"R243Q,0.667"
X-2088,RASGRP4,115727.0,Amp5,6.96
X-2088,RBM10,8241.0,MutNovel,"L424P,1.000"
X-2088,RBMY1A3P,286557.0,Del0.8,0.2
X-2088,RBMY1B,378948.0,Del0.8,0.2
X-2088,RBMY1B,378948.0,Del0.8,0.2
X-2088,RBMY1E,378950.0,Del0.8,0.2
X-2088,RBMY1E,378950.0,Del0.8,0.2
X-2088,RBMY1F,159163.0,Del0.8,0.2
X-2088,RBMY1F,159163.0,Del0.8,0.2
X-2088,RBMY1J,378951.0,Del0.8,0.2
X-2088,RBMY1J,378951.0,Del0.8,0.2
X-2088,RBMY2EP,159125.0,Del0.8,0.2
X-2088,RBMY2FP,159162.0,Del0.8,0.2
X-2088,RBMY3AP,64593.0,Del0.8,0.2
X-2088,RELB,5971.0,Amp5,6.19
X-2088,REREP3,646396.0,Del0.8,0.72
X-2088,RFX5,5993.0,Amp5,7.57
X-2088,RHD,6007.0,Del0.8,0.52
X-2088,RIN3,79890.0,MutNovel,"G967-,1.000"
X-2088,RINL,126432.0,Amp5,6.96
X-2088,RPH3AL,9501.0,MutNovel,"D236N,1.000"
X-2088,RPL4,6124.0,MutNovel,"R71I,0.262"
X-2088,RPRD2,23248.0,Amp8,8.11
X-2088,RPS4Y1,6192.0,Del0.8,0.2
X-2088,RPS4Y2,140032.0,Del0.8,0.2
X-2088,RRN3,54700.0,MutNovel,"A26S,0.400"
X-2088,RSPH6A,81492.0,Amp5,6.92
X-2088,RSRC1,51319.0,MutKnownFunctional,"-326?,0.442"
X-2088,RYR1,6261.0,MutNovel,"G4413E,0.870"
X-2088,RYR1,6261.0,Amp5,6.96
X-2088,SARS2,54938.0,Amp5,6.96
X-2088,SCAPER,49855.0,Del0.8,0.66
X-2088,SCNM1,79005.0,Amp5,7.57
X-2088,SDHAF2,54949.0,MutNovel,"P40R,0.310"
X-2088,SEC31A,22872.0,MutNovel,"H797R,0.328"
X-2088,SELENBP1,8991.0,Amp5,7.57
X-2088,SEMA6C,10500.0,Amp5,7.57
X-2088,SERINC2,347735.0,MutNovel,"-373Q,1.000"
X-2088,SERP2,387923.0,Del0.8,0.74
X-2088,SETDB1,9869.0,Amp5,7.57
X-2088,SIPA1L3,23094.0,Amp5,6.96
X-2088,SIRT2,22933.0,Amp5,6.96
X-2088,SIX5,147912.0,Amp5,6.92
X-2088,SKA2,348235.0,Amp5,6.77
X-2088,SLC22A1,6580.0,MutNovel,"M420-,0.391"
X-2088,SLC25A24,29957.0,MutNovel,"L131F,0.288"
X-2088,SLC28A2,9153.0,MutKnownFunctional,"-129?,0.700"
X-2088,SLC2A4RG,56731.0,MutNovel,"T252R,0.582"
X-2088,SLC38A6,145389.0,MutNovel,"P458L,0.631"
X-2088,SLC7A8,23428.0,MutNovel,"R185G,0.467"
X-2088,SMARCA4,6597.0,MutNovel,"E1531D,1.000"
X-2088,SMG8,55181.0,Amp5,6.77
X-2088,SMG9,56006.0,Amp5,6.19
X-2088,SNAPC1,6617.0,MutKnownFunctional,"-156,0.250"
X-2088,SNCG,6623.0,MutNovel,"E68K,0.545"
X-2088,SNIP1,79753.0,MutNovel,"P55A,0.222"
X-2088,SNX15,,MutNovel,"S270C,0.713"
X-2088,SPINT2,10653.0,Amp5,6.96
X-2088,SPRED3,399473.0,Amp5,6.96
X-2088,SRRM5,100170229.0,Amp5,6.19
X-2088,SRSF5,6430.0,MutNovel,"R228S,0.368"
X-2088,SRY,6736.0,Del0.8,0.2
X-2088,STAG3,10734.0,MutNovel,"R287H,1.000"
X-2088,STRADA,92335.0,MutNovel,"G294D,0.286"
X-2088,SYMPK,8189.0,Amp5,6.92
X-2088,TARS2,80222.0,Amp8,8.11
X-2088,TBC1D10A,83874.0,MutNovel,"A211T,1.000"
X-2088,TBL1Y,90665.0,Del0.8,0.2
X-2088,TBP,6908.0,MutNovel,"-64Q,0.895"
X-2088,TECPR2,9895.0,MutNovel,"K1197R,0.286"
X-2088,TEX101,83639.0,Amp5,6.19
X-2088,TFAP2C,7022.0,MutNovel,"E176K,0.276"
X-2088,TGIF2LY,90655.0,Del0.8,0.2
X-2088,TIMMDC1,51300.0,MutNovel,"V120L,0.352"
X-2088,TMBIM4,51643.0,MutKnownFunctional,"-174?,0.886"
X-2088,TMEM129,92305.0,MutNovel,"R82Q,0.387"
X-2088,TMEM161B,153396.0,MutNovel,"C171F,0.800"
X-2088,TMEM184A,202915.0,MutNovel,"G392GA,1.000"
X-2088,TMOD4,29765.0,Amp5,7.57
X-2088,TMSB4Y,9087.0,Del0.8,0.2
X-2088,TNFAIP8L2,79626.0,Amp5,7.57
X-2088,TNFAIP8L2-SCNM1,100534012.0,Amp5,7.57
X-2088,TOMM40,10452.0,Amp5,6.19
X-2088,TP53,7157.0,MutNovel,"C176F,1.000"
X-2088,TPTE2,93492.0,Del0.8,0.73
X-2088,TPTE2P3,220115.0,Del0.8,0.78
X-2088,TRIM27,5987.0,MutNovel,"E133Q,0.634"
X-2088,TRIM37,4591.0,Amp5,6.77
X-2088,TRIM54,57159.0,MutNovel,"K172R,0.750"
X-2088,TRIOBP,11078.0,MutNovel,"G26-,1.000"
X-2088,TRMT13,,MutNovel,"K162R,0.429"
X-2088,TRMT44,,MutNovel,"A577V,0.357"
X-2088,TSC1,7248.0,MutKnownFunctional,"S282*,1.000"
X-2088,TSPY1,7258.0,Del0.8,0.2
X-2088,TSPY2,64591.0,Del0.8,0.2
X-2088,TSPY3,728137.0,Del0.8,0.2
X-2088,TSPY4,728395.0,Del0.8,0.2
X-2088,TSPY8,728403.0,Del0.8,0.2
X-2088,TSPYL1,7259.0,MutNovel,"V176VW,0.486"
X-2088,TTC37,9652.0,MutNovel,"M896L,0.871"
X-2088,TTTY10,246119.0,Del0.8,0.2
X-2088,TTTY11,83866.0,Del0.8,0.2
X-2088,TTTY12,83867.0,Del0.8,0.2
X-2088,TTTY13,83868.0,Del0.8,0.2
X-2088,TTTY14,83869.0,Del0.8,0.2
X-2088,TTTY15,64595.0,Del0.8,0.2
X-2088,TTTY16,252948.0,Del0.8,0.2
X-2088,TTTY17A,252949.0,Del0.8,0.2
X-2088,TTTY17A,252949.0,Del0.8,0.2
X-2088,TTTY18,252950.0,Del0.8,0.2
X-2088,TTTY19,252952.0,Del0.8,0.2
X-2088,TTTY1B,100101116.0,Del0.8,0.2
X-2088,TTTY1B,100101116.0,Del0.8,0.2
X-2088,TTTY2,60439.0,Del0.8,0.2
X-2088,TTTY2,60439.0,Del0.8,0.2
X-2088,TTTY20,252951.0,Del0.8,0.2
X-2088,TTTY21,252953.0,Del0.8,0.2
X-2088,TTTY21,252953.0,Del0.8,0.2
X-2088,TTTY22,252954.0,Del0.8,0.2
X-2088,TTTY23,252955.0,Del0.8,0.2
X-2088,TTTY23,252955.0,Del0.8,0.2
X-2088,TTTY3,114760.0,Del0.8,0.2
X-2088,TTTY3,114760.0,Del0.8,0.2
X-2088,TTTY4,114761.0,Del0.8,0.2
X-2088,TTTY4,114761.0,Del0.8,0.2
X-2088,TTTY5,83863.0,Del0.8,0.2
X-2088,TTTY6,84672.0,Del0.8,0.2
X-2088,TTTY6,84672.0,Del0.8,0.2
X-2088,TTTY7,246122.0,Del0.8,0.2
X-2088,TTTY7,246122.0,Del0.8,0.2
X-2088,TTTY7B,100101120.0,Del0.8,0.2
X-2088,TTTY7B,100101120.0,Del0.8,0.2
X-2088,TTTY8,84673.0,Del0.8,0.2
X-2088,TTTY8,84673.0,Del0.8,0.2
X-2088,TTTY9A,83864.0,Del0.8,0.2
X-2088,TTTY9A,83864.0,Del0.8,0.2
X-2088,TUFT1,7286.0,Amp5,7.57
X-2088,TWISTNB,221830.0,MutNovel,"M173V,0.714"
X-2088,TXLNG2P,246126.0,Del0.8,0.2
X-2088,UBC,7316.0,MutNovel,"P38S,0.393"
X-2088,UBE2J1,51465.0,MutNovel,"R255C,0.640"
X-2088,UBXN11,91544.0,MutNovel,"GPG506G,0.556"
X-2088,UGGT2,55757.0,MutNovel,"Q1303H,0.277"
X-2088,UQCRHL,440567.0,MutKnownFunctional,"-42,0.417"
X-2088,USP32P2,220594.0,Del0.8,0.55
X-2088,USP36,57602.0,MutNovel,"KKK958K,0.843"
X-2088,USP9Y,8287.0,Del0.8,0.2
X-2088,UTY,7404.0,Del0.8,0.2
X-2088,UVRAG,7405.0,MutNovel,"I544IT,0.977"
X-2088,VCX3A,51481.0,MutNovel,"G54V,0.917"
X-2088,VCX3B,425054.0,MutNovel,"R50C,0.960"
X-2088,VCX3B,425054.0,MutNovel,"V190M,0.238"
X-2088,VCY,9084.0,Del0.8,0.2
X-2088,VCY,9084.0,Del0.8,0.2
X-2088,VPS45,11311.0,Amp8,8.11
X-2088,VPS72,6944.0,Amp5,7.57
X-2088,WARS2,10352.0,MutNovel,"E11V,0.373"
X-2088,WDR87,83889.0,Amp5,6.96
X-2088,WRAP53,55135.0,MutNovel,"Q291H,0.993"
X-2088,XKRY2,353515.0,Del0.8,0.2
X-2088,XKRY2,353515.0,Del0.8,0.2
X-2088,XRCC1,7515.0,Amp5,6.19
X-2088,YIF1B,90522.0,Amp5,6.96
X-2088,YPEL2,388403.0,Amp5,6.77
X-2088,ZFAND4,93550.0,MutNovel,"N686S,0.211"
X-2088,ZFP112,7771.0,Amp5,6.19
X-2088,ZFP30,22835.0,Amp5,6.96
X-2088,ZFY,7544.0,Del0.8,0.2
X-2088,ZNF155,7711.0,Amp5,6.19
X-2088,ZNF180,7733.0,Amp5,6.19
X-2088,ZNF221,7638.0,Amp5,6.19
X-2088,ZNF222,7673.0,Amp5,6.19
X-2088,ZNF223,7766.0,Amp5,6.19
X-2088,ZNF224,7767.0,Amp5,6.19
X-2088,ZNF225,7768.0,Amp5,6.19
X-2088,ZNF226,7769.0,Amp5,6.19
X-2088,ZNF227,7770.0,Amp5,6.19
X-2088,ZNF229,7772.0,Amp5,6.19
X-2088,ZNF230,7773.0,Amp5,6.19
X-2088,ZNF233,353355.0,Amp5,6.19
X-2088,ZNF234,10780.0,Amp5,6.19
X-2088,ZNF235,9310.0,Amp5,6.19
X-2088,ZNF283,284349.0,Amp5,6.19
X-2088,ZNF284,342909.0,Amp5,6.19
X-2088,ZNF285,26974.0,Amp5,6.19
X-2088,ZNF296,162979.0,Amp5,6.19
X-2088,ZNF318,24149.0,MutNovel,"G2108V,0.356"
X-2088,ZNF326,284695.0,MutNovel,"A259S,0.436"
X-2088,ZNF345,25850.0,Amp8,8.75
X-2088,ZNF383,163087.0,Amp8,8.75
X-2088,ZNF384,171017.0,MutNovel,"QQ514Q,1.000"
X-2088,ZNF404,342908.0,Amp5,6.19
X-2088,ZNF416,55659.0,MutKnownFunctional,"-231?,0.312"
X-2088,ZNF420,147923.0,Amp8,8.75
X-2088,ZNF428,126299.0,Amp5,6.19
X-2088,ZNF45,7596.0,Amp5,6.19
X-2088,ZNF461,92283.0,Amp5,5.46
X-2088,ZNF503,84858.0,MutKnownFunctional,"S309*,0.465"
X-2088,ZNF514,84874.0,MutNovel,"A382V,1.000"
X-2088,ZNF527,84503.0,Amp8,8.75
X-2088,ZNF528,84436.0,MutNovel,"G247D,1.000"
X-2088,ZNF540,163255.0,Amp5,6.96
X-2088,ZNF567,163081.0,Amp8,8.75
X-2088,ZNF568,374900.0,Amp8,8.75
X-2088,ZNF569,148266.0,Amp8,8.75
X-2088,ZNF570,148268.0,Amp8,8.75
X-2088,ZNF571,51276.0,Amp5,6.96
X-2088,ZNF573,126231.0,Amp5,6.96
X-2088,ZNF575,284346.0,Amp5,6.19
X-2088,ZNF576,79177.0,Amp5,6.19
X-2088,ZNF585A,199704.0,Amp8,8.75
X-2088,ZNF585B,92285.0,Amp8,8.75
X-2088,ZNF595,152687.0,MutNovel,"E57G,0.616"
X-2088,ZNF607,84775.0,Amp5,6.96
X-2088,ZNF687,57592.0,Amp5,7.57
X-2088,ZNF771,51333.0,MutNovel,"A290S,0.563"
X-2088,ZNF778,197320.0,MutNovel,"Q143H,1.000"
X-2088,ZNF781,163115.0,Amp5,6.96
X-2088,ZNF790,388536.0,Amp8,8.75
X-2088,ZNF793,390927.0,Amp5,6.96
X-2088,ZNF829,374899.0,Amp8,8.75
X-2088,ZNF850,342892.0,Amp8,8.75
X-2088,ZNF860,344787.0,MutNovel,"P509R,0.400"
X-2094,ABCF1,23.0,MutNovel,"N685S,0.487"
X-2094,ACP6,51205.0,MutNovel,"V29G,0.320"
X-2094,ADAM19,8728.0,MutNovel,"C465R,0.556"
X-2094,ADAM19,8728.0,MutNovel,"P408T,0.455"
X-2094,ADAM19,8728.0,MutNovel,"R254Q,0.512"
X-2094,ADAM6,8755.0,Amp5,5.31
X-2094,AGAP4,119016.0,MutNovel,"V13I,0.571"
X-2094,AHNAK2,113146.0,MutNovel,"P902L,0.506"
X-2094,AIM1L,55057.0,MutNovel,"F542S,1.000"
X-2094,AKAP17A,8227.0,MutNovel,"D1519Y,0.453"
X-2094,AKR1C3,8644.0,MutNovel,"K84E,0.422"
X-2094,AKR1C4,1109.0,MutNovel,"E77G,0.786"
X-2094,ANK1,286.0,MutNovel,"H442Q,0.765"
X-2094,ANK3,288.0,MutNovel,"L418I,0.542"
X-2094,AP1AR,55435.0,MutNovel,"D231G,0.266"
X-2094,AP3B1,8546.0,MutNovel,"KK803K,0.346"
X-2094,APOD,347.0,Del0.8,0.67
X-2094,AQP11,282679.0,MutNovel,"S2F,1.000"
X-2094,ARAP1,116985.0,MutNovel,"V850L,0.983"
X-2094,ARHGAP29,9411.0,MutNovel,"D1073G,0.978"
X-2094,ARHGAP5,394.0,MutNovel,"K544N,0.660"
X-2094,ARHGEF18,23370.0,MutNovel,"A964V,0.993"
X-2094,ARID1A,8289.0,MutNovel,"W2091C,1.000"
X-2094,ARIH1,25820.0,MutNovel,"-79G,0.275"
X-2094,ASAH1,427.0,MutNovel,"S106G,0.311"
X-2094,ASCC1,51008.0,MutNovel,"G129V,0.491"
X-2094,ASXL1,171023.0,MutNovel,"R171L,0.562"
X-2094,ATP6V1F,9296.0,MutNovel,"P73L,0.667"
X-2094,BAHCC1,57597.0,MutNovel,"G295E,0.545"
X-2094,BAHCC1,57597.0,MutNovel,"E1995K,0.500"
X-2094,BRI3BP,140707.0,MutNovel,"G211GPSN,0.292"
X-2094,C16orf59,80178.0,MutNovel,"R271Q,0.659"
X-2094,C20orf24,55969.0,MutNovel,"R5G,0.559"
X-2094,C2CD4A,145741.0,MutNovel,"R225G,0.429"
X-2094,C5orf42,65250.0,MutNovel,"C248Y,0.500"
X-2094,C9orf53,51198.0,Del0.8,0.41
X-2094,CACFD1,,MutNovel,"R201Q,0.553"
X-2094,CAMSAP3,57662.0,MutNovel,"M1248I,0.981"
X-2094,CCDC126,90693.0,MutNovel,"R84T,0.607"
X-2094,CCDC86,79080.0,MutNovel,"Q117H,1.000"
X-2094,CCHCR1,54535.0,MutNovel,"I393T,0.563"
X-2094,CDC42EP1,11135.0,MutNovel,"PAPAANPS253P,0.446"
X-2094,CDC45,8318.0,MutNovel,"G227L,0.281"
X-2094,CDK13,8621.0,MutNovel,"T670R,0.484"
X-2094,CDKN2A,1029.0,Del0.8,0.41
X-2094,CDKN2B,1030.0,Del0.8,0.55
X-2094,CENPE,1062.0,MutNovel,"D961Y,0.368"
X-2094,CEP170,9859.0,MutNovel,"G432V,0.286"
X-2094,CEP192,55125.0,MutNovel,"S1605I,1.000"
X-2094,CFHR1,3078.0,Amp5,5.94
X-2094,CFHR3,10878.0,Amp5,5.62
X-2094,CHD1L,9557.0,MutNovel,"E609K,0.304"
X-2094,CLEC16A,23274.0,MutNovel,"S452G,0.526"
X-2094,CNTLN,54875.0,Del0.8,0.56
X-2094,COL4A1,1282.0,MutNovel,"G287C,0.406"
X-2094,COPG2,26958.0,MutNovel,"N17H,0.588"
X-2094,CRYBG3,,MutNovel,"N651T,1.000"
X-2094,CTDNEP1,23399.0,MutNovel,"P209A,0.997"
X-2094,CUL3,8452.0,MutNovel,"H707L,0.993"
X-2094,CYFIP2,26999.0,MutNovel,"Y411C,0.286"
X-2094,CYP24A1,1591.0,MutNovel,"C194F,0.543"
X-2094,DEGS1,8560.0,MutNovel,"D9E,0.675"
X-2094,DHX34,9704.0,MutNovel,"T542A,0.625"
X-2094,DIS3,22894.0,MutNovel,"D479E,0.417"
X-2094,DMRTA1,63951.0,Del0.8,0.52
X-2094,DNAH5,1767.0,MutNovel,"G1193S,1.000"
X-2094,DNHD1,144132.0,MutNovel,"Q3024E,1.000"
X-2094,DUSP28,285193.0,MutNovel,"PRAPGVAEL58P,1.000"
X-2094,DVL3,1857.0,MutNovel,"G495S,0.972"
X-2094,E2F7,144455.0,MutNovel,"K537Q,0.667"
X-2094,E2F8,79733.0,MutNovel,"G197R,1.000"
X-2094,EIF2S3,1968.0,Del0.8,0.78
X-2094,ENAH,55740.0,MutNovel,"R84G,0.637"
X-2094,EPN1,29924.0,MutNovel,"E330K,0.729"
X-2094,FAM108C1,58489.0,MutNovel,"R195L,0.763"
X-2094,FAM13A,10144.0,MutNovel,"V830G,0.647"
X-2094,FAM157A,728262.0,MutNovel,"ML381IL,1.000"
X-2094,FARS2,10667.0,MutNovel,"Q342H,0.603"
X-2094,FBXW7,55294.0,MutNovel,"M268L,0.840"
X-2094,FGD4,121512.0,MutNovel,"A703S,0.950"
X-2094,FHIT,2272.0,MutNovel,"G66R,1.000"
X-2094,FLJ35024,401491.0,Del0.8,0.33
X-2094,FLJ35282,441389.0,Del0.8,0.64
X-2094,FOXA3,3171.0,MutNovel,"E330D,0.404"
X-2094,FOXN3,1112.0,MutNovel,"D392Y,0.554"
X-2094,FPGT,8790.0,MutNovel,"V350I,1.000"
X-2094,FTSJD2,23070.0,MutNovel,"V826L,0.531"
X-2094,FUT5,2527.0,MutNovel,"R340Q,1.000"
X-2094,FZD10,11211.0,MutNovel,"V11G,0.471"
X-2094,GABPB1,2553.0,MutNovel,"P236S,0.755"
X-2094,GDI2,2665.0,MutNovel,"N315K,0.497"
X-2094,GIGYF1,64599.0,MutNovel,"L840F,0.429"
X-2094,GLIS3,169792.0,Del0.8,0.24
X-2094,GLIS3-AS1,84850.0,Del0.8,0.32
X-2094,GOLGB1,2804.0,MutNovel,"Q1350E,1.000"
X-2094,GPR158,57512.0,MutNovel,"V1151L,0.667"
X-2094,GRHL3,57822.0,MutNovel,"S134C,1.000"
X-2094,HERC2,8924.0,MutNovel,"D1256V,0.367"
X-2094,HERC3,8916.0,MutNovel,"P654S,0.684"
X-2094,HGSNAT,138050.0,MutNovel,"E363D,0.292"
X-2094,HIRA,7290.0,MutNovel,"R307H,0.350"
X-2094,HLA-A,3105.0,MutNovel,"K292E,0.767"
X-2094,HLA-DRB1,3123.0,Amp5,7.94
X-2094,HLA-DRB5,3127.0,Amp5,7.94
X-2094,HLA-DRB6,3128.0,Amp5,7.94
X-2094,HNF4A,3172.0,MutNovel,"C188Y,0.444"
X-2094,HNRNPL,3191.0,MutNovel,"P22L,0.833"
X-2094,HPS4,89781.0,MutKnownFunctional,"R217*,0.797"
X-2094,HSDL2,84263.0,MutNovel,"T16A,0.617"
X-2094,HSPA1B,3304.0,MutKnownFunctional,"GE109V*,0.500"
X-2094,IARS2,55699.0,MutNovel,"G125V,0.593"
X-2094,IFIH1,64135.0,MutNovel,"G69A,1.000"
X-2094,IFNA1,3439.0,Del0.8,0.31
X-2094,IFNA10,3446.0,Del0.8,0.32
X-2094,IFNA13,3447.0,Del0.8,0.31
X-2094,IFNA14,3448.0,Del0.8,0.32
X-2094,IFNA16,3449.0,Del0.8,0.32
X-2094,IFNA17,3451.0,Del0.8,0.32
X-2094,IFNA2,3440.0,Del0.8,0.31
X-2094,IFNA21,3452.0,Del0.8,0.32
X-2094,IFNA22P,3453.0,Del0.8,0.32
X-2094,IFNA4,3441.0,Del0.8,0.32
X-2094,IFNA6,3443.0,Del0.8,0.31
X-2094,IFNA7,3444.0,Del0.8,0.32
X-2094,IFNA8,3445.0,Del0.8,0.31
X-2094,IFNE,338376.0,Del0.8,0.31
X-2094,IL17RD,54756.0,MutNovel,"T689M,1.000"
X-2094,IMPACT,55364.0,MutNovel,"P275S,0.489"
X-2094,IQGAP1,8826.0,MutNovel,"R538K,0.272"
X-2094,ITGA6,3655.0,MutNovel,"M820L,0.962"
X-2094,KCNC4,3749.0,MutNovel,"A612T,1.000"
X-2094,KCNJ12,3768.0,MutNovel,"I100V,0.887"
X-2094,KCNJ12,3768.0,MutNovel,"P156L,0.868"
X-2094,KCNJ12,3768.0,MutNovel,"E430G,0.895"
X-2094,KCNV2,169522.0,Del0.8,0.33
X-2094,KEAP1,9817.0,MutNovel,"V608F,0.969"
X-2094,KIAA0020,9933.0,Del0.8,0.33
X-2094,KIAA0125,9834.0,Amp5,5.31
X-2094,KIAA0146,23514.0,MutNovel,"Q119R,0.646"
X-2094,KIF20B,9585.0,MutNovel,"L1062LKV,0.400"
X-2094,KIF26B,55083.0,MutNovel,"P827L,0.571"
X-2094,KLF13,51621.0,MutNovel,"E124D,0.643"
X-2094,KLHL30,377007.0,MutNovel,"V118L,1.000"
X-2094,KLHL9,55958.0,Del0.8,0.31
X-2094,KRAS,3845.0,MutKnownFunctional,"G12C,1.000"
X-2094,KRT83,3889.0,MutNovel,"V280I,0.429"
X-2094,KRT85,3891.0,MutNovel,"K404R,0.429"
X-2094,KRT85,3891.0,MutNovel,"L403I,0.625"
X-2094,LCE3B,353143.0,Amp5,6.02
X-2094,LCE3C,353144.0,Amp5,6.02
X-2094,LGALS9B,284194.0,MutNovel,"V184M,0.975"
X-2094,LGALS9C,654346.0,MutNovel,"A36D,0.531"
X-2094,LLGL1,3996.0,MutNovel,"D512E,1.000"
X-2094,LMNB1,4001.0,MutNovel,"R226L,0.457"
X-2094,LOC100506533,,MutNovel,"N42K,0.333"
X-2094,LOC100996433,,MutNovel,"A76V,0.400"
X-2094,LOC100996433,,MutNovel,"R94C,0.444"
X-2094,LOC441124,,MutNovel,"P110L,0.455"
X-2094,LSR,51599.0,MutNovel,"G518GR,0.258"
X-2094,MACF1,23499.0,MutNovel,"S5011C,0.990"
X-2094,MED23,9439.0,MutNovel,"M1338I,1.000"
X-2094,MICALL2,79778.0,MutNovel,"Y18F,0.560"
X-2094,MIIP,60672.0,MutNovel,"R206W,0.973"
X-2094,MIR31,407035.0,Del0.8,0.6
X-2094,MIR31HG,554202.0,Del0.8,0.39
X-2094,MLL,4297.0,MutNovel,"K313N,1.000"
X-2094,MNT,4335.0,MutNovel,"S476R,0.981"
X-2094,MNT,4335.0,MutNovel,"Q120H,1.000"
X-2094,MTAP,4507.0,Del0.8,0.57
X-2094,MTRR,4552.0,MutNovel,"E76D,0.424"
X-2094,MUC16,94025.0,MutNovel,"E7070D,1.000"
X-2094,MUC4,4585.0,MutNovel,"L4057A,0.909"
X-2094,MUC4,4585.0,MutNovel,"T3990A,0.250"
X-2094,MUC4,4585.0,MutNovel,"R3974P,1.000"
X-2094,MUC4,4585.0,MutNovel,"D3789H,0.417"
X-2094,MUC4,4585.0,MutNovel,"A3785V,0.887"
X-2094,MUC4,4585.0,MutNovel,"H3026A,0.400"
X-2094,MUC4,4585.0,MutNovel,"IP2837MT,1.000"
X-2094,MUC4,4585.0,MutNovel,"S2832P,1.000"
X-2094,MUC4,4585.0,MutNovel,"T2798A,0.667"
X-2094,MUC4,4585.0,MutNovel,"S2792A,0.429"
X-2094,MUC4,4585.0,MutNovel,"S2789N,0.429"
X-2094,MUC4,4585.0,MutNovel,"V2777A,0.833"
X-2094,MUC4,4585.0,MutNovel,"V2777A,0.833"
X-2094,MUC4,4585.0,MutNovel,"P2770H,0.556"
X-2094,MUC4,4585.0,MutNovel,"P2768H,0.333"
X-2094,MUC4,4585.0,MutNovel,"A2649V,0.409"
X-2094,MUC4,4585.0,MutNovel,"D2589H,0.300"
X-2094,MUC4,4585.0,MutNovel,"T2587S,0.300"
X-2094,MUC4,4585.0,MutNovel,"A2329V,0.667"
X-2094,MUC4,4585.0,MutNovel,"A2318T,0.333"
X-2094,MUC4,4585.0,MutNovel,"S2096P,0.240"
X-2094,MUC4,4585.0,MutNovel,"Y981D,1.000"
X-2094,MUC5B,727897.0,MutNovel,"A2102P,1.000"
X-2094,MUC6,4588.0,MutNovel,"V1616I,0.667"
X-2094,MYLK4,340156.0,MutNovel,"Q119R,0.833"
X-2094,NBPF10,100132406.0,MutNovel,"G116W,0.556"
X-2094,NBPF10,100132406.0,MutNovel,"C3332G,0.207"
X-2094,NBPF15,284565.0,MutNovel,"GE554DK,0.500"
X-2094,NCOR2,9612.0,MutNovel,"G1839GAAA,0.204"
X-2094,NDUFAF3,25915.0,MutNovel,"N64T,0.988"
X-2094,NEIL2,252969.0,MutNovel,"P320T,0.278"
X-2094,NEK9,91754.0,MutNovel,"D443V,0.659"
X-2094,NFKBIB,4793.0,MutNovel,"T343P,0.571"
X-2094,NOD2,64127.0,MutNovel,"P577T,0.393"
X-2094,NOP2,4839.0,MutNovel,"RR54R,0.920"
X-2094,NPIPL3,23117.0,MutNovel,"T550I,0.500"
X-2094,NQO2,4835.0,MutNovel,"T149S,0.742"
X-2094,NSD1,64324.0,MutNovel,"T1063A,0.410"
X-2094,NUMB,8650.0,MutNovel,"P579A,0.344"
X-2094,OR4C6,219432.0,Del0.8,0.43
X-2094,OR4P4,81300.0,Del0.8,0.43
X-2094,OR4S2,219431.0,Del0.8,0.43
X-2094,ORAI1,84876.0,MutNovel,"PP43-,0.957"
X-2094,OSTC,58505.0,MutNovel,"G67A,0.689"
X-2094,PCDHB11,56125.0,MutNovel,"Q775L,1.000"
X-2094,PCDHB13,56123.0,MutNovel,"S534T,0.667"
X-2094,PDE4A,5141.0,MutNovel,"P55L,1.000"
X-2094,PEAR1,375033.0,MutNovel,"P876L,0.750"
X-2094,PGS1,9489.0,MutNovel,"E108K,0.500"
X-2094,PHLDA1,22822.0,MutNovel,"QQ194Q,0.265"
X-2094,PIEZO1,9780.0,MutNovel,"R808Q,0.447"
X-2094,PIEZO1,9780.0,MutNovel,"G782S,0.447"
X-2094,PIGN,23556.0,MutNovel,"S884R,1.000"
X-2094,PILRA,29992.0,MutNovel,"K91L,0.833"
X-2094,PION,54103.0,MutKnownFunctional,"C646*,0.368"
X-2094,PKP2,5318.0,MutNovel,"W678G,0.309"
X-2094,PLK1S1,55857.0,MutNovel,"C251F,0.667"
X-2094,PLSCR3,57048.0,MutNovel,"P16S,0.975"
X-2094,PMS2,5395.0,MutNovel,"D544E,0.583"
X-2094,POTEE,445582.0,MutNovel,"N869Y,1.000"
X-2094,PSIP1,11168.0,MutNovel,"N479S,1.000"
X-2094,PSPH,5723.0,MutNovel,"L223P,0.348"
X-2094,PTPN12,5782.0,MutNovel,"R34W,0.461"
X-2094,PTPRD,5789.0,Del0.8,0.6
X-2094,RAB37,326624.0,MutNovel,"F174Y,1.000"
X-2094,RABEPK,10244.0,MutNovel,"W180R,0.507"
X-2094,RAD54B,25788.0,MutNovel,"T832I,0.500"
X-2094,RADIL,55698.0,MutNovel,"S282C,0.214"
X-2094,RALGPS2,55103.0,MutNovel,"V256I,0.414"
X-2094,RARS,5917.0,MutNovel,"G528V,0.488"
X-2094,RC3H1,149041.0,MutNovel,"D513Y,0.395"
X-2094,RFX3,5991.0,Del0.8,0.34
X-2094,RFX7,64864.0,MutNovel,"E69D,0.800"
X-2094,RIN3,79890.0,MutNovel,"G967-,0.348"
X-2094,RNF20,56254.0,MutNovel,"R582I,0.519"
X-2094,RNF207,388591.0,MutKnownFunctional,"-518,0.979"
X-2094,RNF40,9810.0,MutNovel,"V880L,0.503"
X-2094,RP1L1,94137.0,MutNovel,"E2229D,0.857"
X-2094,RRP9,9136.0,MutNovel,"V467I,1.000"
X-2094,S100A7A,338324.0,MutNovel,"G25D,0.778"
X-2094,S100A7A,338324.0,MutNovel,"E28D,0.778"
X-2094,SAMM50,25813.0,MutNovel,"R180L,0.348"
X-2094,SATB2,23314.0,MutNovel,"L162F,0.778"
X-2094,SDHAP2,727956.0,Del0.8,0.67
X-2094,SEMA3G,56920.0,MutNovel,"R213H,1.000"
X-2094,SEMA4B,10509.0,MutNovel,"A13P,0.296"
X-2094,SERGEF,26297.0,MutNovel,"D111G,0.269"
X-2094,SERHL2,253190.0,MutNovel,"M309T,0.231"
X-2094,SERINC2,347735.0,MutNovel,"-373Q,0.635"
X-2094,SGK223,157285.0,MutNovel,"R747M,0.746"
X-2094,SH3GL2,6456.0,Del0.8,0.33
X-2094,SHANK2,22941.0,MutNovel,"V61M,1.000"
X-2094,SIPA1L3,23094.0,MutNovel,"A73S,0.756"
X-2094,SIRPA,140885.0,MutNovel,"D326N,0.484"
X-2094,SLX4,84464.0,MutNovel,"R1589C,0.435"
X-2094,SMARCA2,6595.0,Del0.8,0.33
X-2094,SMARCC1,6599.0,MutNovel,"A24P,0.500"
X-2094,SMOX,54498.0,MutNovel,"L322P,0.511"
X-2094,SREBF1,6720.0,MutKnownFunctional,"Q349*,0.939"
X-2094,STAT2,6773.0,MutNovel,"G825C,0.559"
X-2094,STAU2,27067.0,MutNovel,"V281L,0.800"
X-2094,STK11,6794.0,MutKnownFunctional,"-279,0.880"
X-2094,SUGP1,57794.0,MutNovel,"A109S,1.000"
X-2094,SUOX,6821.0,MutNovel,"E150Q,0.432"
X-2094,SYT1,6857.0,MutNovel,"L71S,0.538"
X-2094,TAF9,6880.0,MutNovel,"V94L,0.488"
X-2094,TBCCD1,55171.0,MutNovel,"R51C,1.000"
X-2094,TCF20,6942.0,MutNovel,"G1870C,0.486"
X-2094,TCOF1,6949.0,MutNovel,"S1204L,0.512"
X-2094,THUMPD2,80745.0,MutNovel,"Q153R,1.000"
X-2094,TMEM132A,54972.0,MutNovel,"A523K,0.971"
X-2094,TMEM184A,202915.0,MutNovel,"G392GA,0.673"
X-2094,TMPRSS2,7113.0,MutNovel,"P46Q,1.000"
X-2094,TMX1,81542.0,MutNovel,"S68G,0.354"
X-2094,TP53,7157.0,MutKnownFunctional,"M237I,0.995"
X-2094,TP53,7157.0,MutLikelyFunctional,"P222L,1.000"
X-2094,TRIO,7204.0,MutNovel,"V1334L,0.405"
X-2094,TSNARE1,203062.0,MutNovel,"P337L,0.500"
X-2094,TSPAN15,23555.0,MutKnownFunctional,"-276,0.452"
X-2094,TSPYL1,7259.0,MutNovel,"V176VW,0.837"
X-2094,TUBB8,347688.0,MutNovel,"N52H,1.000"
X-2094,TULP4,56995.0,MutNovel,"Q291R,1.000"
X-2094,TYRP1,7306.0,Del0.8,0.37
X-2094,TYW1B,441250.0,MutNovel,"N182D,0.500"
X-2094,UHRF1,29128.0,MutNovel,"T788P,0.667"
X-2094,USP36,57602.0,MutNovel,"KKK958K,0.437"
X-2094,USP41,,MutNovel,"D149N,0.750"
X-2094,USP6NL,9712.0,MutNovel,"P374L,0.514"
X-2094,UTRN,7402.0,MutNovel,"S2767C,0.455"
X-2094,UTY,7404.0,MutKnownFunctional,"LA916*H,0.400"
X-2094,UTY,7404.0,MutNovel,"PL915EI,0.353"
X-2094,UTY,7404.0,MutNovel,"DL913EA,0.438"
X-2094,UTY,7404.0,MutNovel,"VD912DC,0.438"
X-2094,UTY,7404.0,MutNovel,"KV911IL,0.444"
X-2094,UTY,7404.0,MutKnownFunctional,"ST909S*,0.444"
X-2094,UTY,7404.0,MutNovel,"QS907PF,0.412"
X-2094,UTY,7404.0,MutNovel,"SQ906NK,0.368"
X-2094,UTY,7404.0,MutNovel,"S578I,0.250"
X-2094,UTY,7404.0,MutNovel,"DS576VR,0.333"
X-2094,UTY,7404.0,MutNovel,"TD575LY,0.400"
X-2094,UTY,7404.0,MutNovel,"I574M,0.500"
X-2094,UTY,7404.0,MutNovel,"G568R,0.667"
X-2094,UTY,7404.0,MutNovel,"E560P,0.333"
X-2094,UTY,7404.0,MutNovel,"V551T,0.429"
X-2094,UTY,7404.0,MutNovel,"FV550YI,0.571"
X-2094,UTY,7404.0,MutNovel,"H524L,0.250"
X-2094,UTY,7404.0,MutNovel,"T518L,0.526"
X-2094,UTY,7404.0,MutNovel,"P490T,0.286"
X-2094,UTY,7404.0,MutKnownFunctional,"IK369I*,0.320"
X-2094,UTY,7404.0,MutKnownFunctional,"I369*,0.462"
X-2094,UTY,7404.0,MutNovel,"Q343E,0.438"
X-2094,UTY,7404.0,MutNovel,"IC339MS,0.353"
X-2094,UTY,7404.0,MutNovel,"CS319ST,0.429"
X-2094,UTY,7404.0,MutNovel,"TW317NL,0.333"
X-2094,UTY,7404.0,MutNovel,"SA314KK,0.429"
X-2094,UTY,7404.0,MutNovel,"E312I,0.333"
X-2094,UTY,7404.0,MutKnownFunctional,"K310*,0.333"
X-2094,UTY,7404.0,MutNovel,"RQ305SS,0.300"
X-2094,UTY,7404.0,MutKnownFunctional,"S273*,0.333"
X-2094,UTY,7404.0,MutNovel,"A260S,0.250"
X-2094,UTY,7404.0,MutNovel,"YY139FH,0.667"
X-2094,UTY,7404.0,MutNovel,"VA13EP,0.333"
X-2094,UTY,7404.0,MutNovel,"A11R,0.278"
X-2094,UTY,7404.0,MutNovel,"TA10WP,0.368"
X-2094,UTY,7404.0,MutNovel,"T9N,0.333"
X-2094,UTY,7404.0,MutNovel,"SL7RF,0.389"
X-2094,UTY,7404.0,MutNovel,"V6R,0.368"
X-2094,UTY,7404.0,MutNovel,"AV5GR,0.368"
X-2094,UTY,7404.0,MutNovel,"CA4LT,0.294"
X-2094,UTY,7404.0,MutNovel,"S3A,0.333"
X-2094,VCAN,1462.0,MutNovel,"P209H,0.778"
X-2094,VLDLR,7436.0,Del0.8,0.33
X-2094,VPS16,64601.0,MutNovel,"A504S,0.589"
X-2094,WDR44,54521.0,MutKnownFunctional,"-904,1.000"
X-2094,WDR70,55100.0,MutNovel,"G378D,0.547"
X-2094,WHSC1L1,54904.0,MutNovel,"G530D,0.430"
X-2094,WIPF2,147179.0,MutNovel,"N281S,0.302"
X-2094,WNK2,65268.0,MutNovel,"G728S,0.500"
X-2094,WNK2,65268.0,MutNovel,"P1096L,0.453"
X-2094,XRRA1,143570.0,MutNovel,"M304I,0.750"
X-2094,XXYLT1,152002.0,MutNovel,"G291W,1.000"
X-2094,YME1L1,10730.0,MutNovel,"S715F,0.487"
X-2094,ZC3HC1,51530.0,MutKnownFunctional,"-64?,0.292"
X-2094,ZHX2,22882.0,MutNovel,"V255L,0.596"
X-2094,ZMIZ2,83637.0,MutNovel,"G203W,0.520"
X-2094,ZNF124,7678.0,MutNovel,"S129G,0.571"
X-2094,ZNF189,7743.0,MutNovel,"E277K,0.471"
X-2094,ZNF234,10780.0,MutNovel,"G424W,0.375"
X-2094,ZNF385A,25946.0,MutNovel,"P18A,0.571"
X-2094,ZNF425,155054.0,MutNovel,"G662V,0.429"
X-2094,ZNF595,152687.0,MutNovel,"V4L,0.600"
X-2094,ZNF595,152687.0,MutNovel,"R7K,0.667"
X-2094,ZNF595,152687.0,MutNovel,"P15T,0.556"
X-2094,ZNF595,152687.0,MutNovel,"P23I,0.625"
X-2094,ZNF8,7554.0,MutNovel,"E37D,0.545"
X-2096,61E3.4,,MutNovel,"I75V,0.545"
X-2096,AARD,,MutNovel,"Q92H,0.375"
X-2096,AARS,16.0,MutNovel,"D893H,0.384"
X-2096,ABCA13,154664.0,MutKnownFunctional,"-132?,0.286"
X-2096,ABCA13,154664.0,MutNovel,"EI2637D,0.333"
X-2096,ABCB7,22.0,Amp5,6.73
X-2096,ABHD4,63874.0,MutNovel,"Q10E,1.000"
X-2096,ABP1,26.0,MutNovel,"Q556H,0.333"
X-2096,ACBD3,64746.0,MutNovel,"A421T,0.535"
X-2096,ACRC,93953.0,Amp5,5.35
X-2096,ACVR2A,92.0,MutKnownFunctional,"-435,0.283"
X-2096,ADAM18,8749.0,Amp8,14.93
X-2096,ADAM2,2515.0,Amp8,14.93
X-2096,ADAM32,203102.0,Amp8,14.42
X-2096,ADAM9,8754.0,Amp8,14.42
X-2096,ADAMTS17,170691.0,Del0.8,0.69
X-2096,ADAMTS20,80070.0,MutNovel,"R644I,0.833"
X-2096,ADRB3,155.0,Amp5,7.52
X-2096,AGAP5,729092.0,MutNovel,"V556I,0.429"
X-2096,AGBL3,340351.0,MutNovel,"D692H,1.000"
X-2096,AGT,183.0,MutNovel,"R418C,0.556"
X-2096,AIM1L,55057.0,MutNovel,"F542S,0.889"
X-2096,AIM1L,55057.0,MutNovel,"F542S,1.000"
X-2096,AKR1C4,1109.0,MutNovel,"P180S,0.685"
X-2096,ALDH2,217.0,MutNovel,"P59S,0.299"
X-2096,ALDH3A1,218.0,MutNovel,"V303L,1.000"
X-2096,ALKBH3,221120.0,MutNovel,"E248D,0.762"
X-2096,AMELY,266.0,Del0.8,0.22
X-2096,ANKRD17,26057.0,MutNovel,"L1224F,0.236"
X-2096,ANKRD20A1,,MutNovel,"N294S,0.667"
X-2096,ANKRD20A1,,MutNovel,"E340G,0.500"
X-2096,ANKRD63,100131244.0,Del0.8,0.69
X-2096,ANO1,55107.0,MutNovel,"E444K,0.743"
X-2096,ANO4,121601.0,MutNovel,"M561V,0.688"
X-2096,ANXA3,306.0,MutNovel,"P251A,0.319"
X-2096,AOC3,8639.0,MutNovel,"G453E,0.375"
X-2096,APCDD1L,164284.0,MutNovel,"R120Q,0.328"
X-2096,ARHGAP30,257106.0,MutNovel,"V345G,0.520"
X-2096,ARHGAP32,9743.0,MutNovel,"C748Y,0.778"
X-2096,ARHGAP32,9743.0,MutNovel,"D733G,0.759"
X-2096,ARHGEF9,23229.0,MutNovel,"R499H,0.419"
X-2096,ARMCX4,100131755.0,MutNovel,"V1369I,1.000"
X-2096,ARR3,407.0,Amp5,5.35
X-2096,ARRDC4,91947.0,Del0.8,0.68
X-2096,ARSJ,79642.0,MutNovel,"K579N,0.524"
X-2096,ASAH2,56624.0,Del0.8,0.74
X-2096,ASH2L,9070.0,Amp5,7.52
X-2096,ATF2,1386.0,MutNovel,"Q187R,0.434"
X-2096,ATP6V1E2,90423.0,MutNovel,"H162Y,0.238"
X-2096,ATP7A,538.0,Amp5,6.36
X-2096,AWAT1,158833.0,Amp5,5.35
X-2096,AWAT2,158835.0,Amp5,5.35
X-2096,B3GNT5,84002.0,MutNovel,"N202D,0.774"
X-2096,BAG4,9530.0,Amp5,7.52
X-2096,BAHD1,22893.0,Del0.8,0.69
X-2096,BCL2L10,10017.0,MutNovel,"G122V,1.000"
X-2096,BCORP1,286554.0,Del0.8,0.2
X-2096,BCYRN1,618.0,Amp5,5.35
X-2096,BMF,90427.0,Del0.8,0.69
X-2096,BPY2B,442867.0,Del0.8,0.2
X-2096,BPY2B,442867.0,Del0.8,0.2
X-2096,BRF2,55290.0,Amp5,7.52
X-2096,BUB1B,701.0,Del0.8,0.69
X-2096,C10orf137,26098.0,MutNovel,"K382E,1.000"
X-2096,C12orf51,283450.0,MutNovel,"V1498I,0.600"
X-2096,C14orf101,54916.0,MutNovel,"V145I,0.231"
X-2096,C15orf23,90417.0,Del0.8,0.69
X-2096,C15orf52,388115.0,Del0.8,0.69
X-2096,C15orf53,400359.0,Del0.8,0.69
X-2096,C15orf54,400360.0,Del0.8,0.69
X-2096,C15orf56,644809.0,Del0.8,0.69
X-2096,C15orf57,90416.0,Del0.8,0.69
X-2096,C15orf62,643338.0,Del0.8,0.69
X-2096,C16orf95,100506581.0,MutNovel,"R151H,1.000"
X-2096,C21orf58,54058.0,MutNovel,"H299PN,0.739"
X-2096,C8orf4,56892.0,Amp8,14.93
X-2096,C8orf86,389649.0,Amp8,14.42
X-2096,CACNA1D,776.0,MutNovel,"SF1942S,0.750"
X-2096,CALU,813.0,MutNovel,"D258H,0.366"
X-2096,CAPN3,825.0,Del0.8,0.72
X-2096,CAPNS1,826.0,MutNovel,"G30E,0.469"
X-2096,CASC5,57082.0,Del0.8,0.69
X-2096,CBWD6,644019.0,MutKnownFunctional,"-259?,0.375"
X-2096,CCDC14,64770.0,MutKnownFunctional,"S62*,0.210"
X-2096,CCDC47,57003.0,MutNovel,"E103Q,0.489"
X-2096,CCDC7,221016.0,MutNovel,"T58A,0.600"
X-2096,CCDC88B,283234.0,MutNovel,"L835P,0.407"
X-2096,CD244,51744.0,MutNovel,"F248C,0.600"
X-2096,CDC42EP1,11135.0,MutNovel,"PAPAANPS253P,0.450"
X-2096,CDK19,23097.0,MutNovel,"A409T,0.533"
X-2096,CDKN1A,1026.0,MutKnownFunctional,"Q126*,1.000"
X-2096,CDX4,1046.0,Amp5,6.73
X-2096,CDY1B,253175.0,Del0.8,0.2
X-2096,CDY1B,253175.0,Del0.8,0.2
X-2096,CDY2A,9426.0,Del0.8,0.22
X-2096,CDY2A,9426.0,Del0.8,0.22
X-2096,CDY2B,203611.0,Del0.8,0.22
X-2096,CDY2B,203611.0,Del0.8,0.22
X-2096,CEP290,80184.0,MutNovel,"T1534A,0.765"
X-2096,CERS5,91012.0,MutNovel,"P24T,0.304"
X-2096,CHAC1,79094.0,Del0.8,0.69
X-2096,CHIC1,53344.0,Amp5,6.73
X-2096,CHST14,113189.0,Del0.8,0.69
X-2096,CITED1,4435.0,Amp5,6.59
X-2096,CLEC18C,283971.0,MutNovel,"I360T,1.000"
X-2096,CLP1,10978.0,MutNovel,"P332A,0.736"
X-2096,CNTN5,53942.0,MutNovel,"S23A,0.769"
X-2096,COL4A3BP,10087.0,MutNovel,"E252Q,0.546"
X-2096,COPZ2,51226.0,MutKnownFunctional,"-23?,0.643"
X-2096,COX7B,1349.0,Amp5,6.36
X-2096,CPNE3,8895.0,MutNovel,"VN319V,0.531"
X-2096,CSPG4P1Y,114758.0,Del0.8,0.2
X-2096,CSPG4P1Y,114758.0,Del0.8,0.2
X-2096,CTU1,90353.0,MutNovel,"V53A,0.418"
X-2096,CUX1,1523.0,MutNovel,"P1486S,0.477"
X-2096,CXCR3,2833.0,Amp5,5.35
X-2096,CXorf26,51260.0,Amp5,6.45
X-2096,CXorf49B,100132994.0,Amp5,5.35
X-2096,CXorf49B,100132994.0,Amp5,5.35
X-2096,CXorf65,158830.0,Amp5,5.35
X-2096,CYP2D6,1565.0,MutKnownFunctional,"-152,0.417"
X-2096,CYSLTR1,10800.0,Amp5,6.36
X-2096,DAAM2,23500.0,MutNovel,"Q495E,0.800"
X-2096,DAZ1,1617.0,Del0.8,0.2
X-2096,DAZ2,57055.0,Del0.8,0.2
X-2096,DAZ3,57054.0,Del0.8,0.2
X-2096,DAZ3,57054.0,Del0.8,0.2
X-2096,DAZ4,57135.0,Del0.8,0.2
X-2096,DAZ4,57135.0,Del0.8,0.2
X-2096,DDHD2,23259.0,Amp5,7.52
X-2096,DDX19B,11269.0,MutNovel,"E475Q,0.660"
X-2096,DDX3Y,8653.0,Del0.8,0.22
X-2096,DGAT2L6,347516.0,Amp5,5.35
X-2096,DHX9,1660.0,MutNovel,"D927N,0.452"
X-2096,DISP2,85455.0,Del0.8,0.69
X-2096,DIXDC1,85458.0,MutKnownFunctional,"R172*,0.538"
X-2096,DLG3,1741.0,Amp5,5.35
X-2096,DLL4,54567.0,Del0.8,0.69
X-2096,DMRTC1B,728656.0,Amp5,6.59
X-2096,DMRTC1B,728656.0,Amp5,6.59
X-2096,DMXL1,1657.0,MutNovel,"D2869H,0.566"
X-2096,DNAH9,1770.0,MutNovel,"M3990I,1.000"
X-2096,DNAJC17,55192.0,Del0.8,0.69
X-2096,DNM1P46,196968.0,Del0.8,0.69
X-2096,DUS3L,56931.0,MutNovel,"R178C,0.648"
X-2096,DUSP3,1845.0,MutNovel,"C22W,0.244"
X-2096,DUSP7,1849.0,MutNovel,"S85L,1.000"
X-2096,EDA,1896.0,Amp5,5.35
X-2096,EEF1DP3,196549.0,Del0.8,0.48
X-2096,EFNB1,1947.0,Amp5,5.35
X-2096,EHD4,30844.0,Del0.8,0.72
X-2096,EIF1AY,9086.0,Del0.8,0.2
X-2096,EIF2AK4,440275.0,Del0.8,0.69
X-2096,EIF4EBP1,1978.0,Amp5,7.52
X-2096,ELOVL1,64834.0,MutNovel,"V231F,0.494"
X-2096,ENPEP,2028.0,MutNovel,"Y915N,0.667"
X-2096,EP400,57634.0,MutNovel,"V1553G,0.364"
X-2096,EPC1,80314.0,MutNovel,"R551G,0.393"
X-2096,ERCC6L,54821.0,Amp5,6.59
X-2096,ERLIN2,11160.0,Amp5,7.52
X-2096,ESR1,2099.0,MutNovel,"T431A,0.538"
X-2096,EWSR1,2130.0,MutNovel,"E554K,0.321"
X-2096,EXD1,161829.0,Del0.8,0.72
X-2096,EXO1,9156.0,MutNovel,"G110W,0.444"
X-2096,EXOSC6,118460.0,MutNovel,"R135P,0.600"
X-2096,EZH2,2146.0,MutKnownFunctional,"-152?,0.370"
X-2096,F11,2160.0,MutNovel,"R72Q,0.750"
X-2096,FAM106A,80039.0,Del0.8,0.61
X-2096,FAM155B,27112.0,Amp5,5.35
X-2096,FAM169B,283777.0,Del0.8,0.68
X-2096,FAM197Y2P,252946.0,Del0.8,0.22
X-2096,FAM200B,285550.0,MutNovel,"K125N,0.524"
X-2096,FAM208B,54906.0,MutNovel,"S967F,0.560"
X-2096,FAM21A,387680.0,Del0.8,0.53
X-2096,FAM21C,253725.0,MutNovel,"K669E,0.750"
X-2096,FAM41AY1,340618.0,Del0.8,0.22
X-2096,FAM41AY1,340618.0,Del0.8,0.22
X-2096,FAM75A6,389730.0,Del0.8,0.65
X-2096,FAM82A2,55177.0,Del0.8,0.69
X-2096,FAM83H,286077.0,MutNovel,"P809A,0.290"
X-2096,FAM98B,283742.0,Del0.8,0.69
X-2096,FBN2,2201.0,MutNovel,"R2402S,0.595"
X-2096,FBXO31,79791.0,MutNovel,"S59L,1.000"
X-2096,FES,2242.0,Del0.8,0.7
X-2096,FGFR1,2260.0,Amp8,13.18
X-2096,FIBP,9158.0,MutKnownFunctional,"Q330*,0.705"
X-2096,FILIP1L,11259.0,MutNovel,"N951Y,0.333"
X-2096,FKBP6,8468.0,MutKnownFunctional,"-2,0.633"
X-2096,FKBP6,8468.0,MutNovel,"R103Q,1.000"
X-2096,FLJ42289,388182.0,Del0.8,0.69
X-2096,FLJ44635,392490.0,Amp5,5.94
X-2096,FLNA,2316.0,MutNovel,"G1237V,0.344"
X-2096,FOXO4,4303.0,Amp5,5.35
X-2096,FSIP1,161835.0,Del0.8,0.69
X-2096,FTX,100302692.0,Amp5,6.73
X-2096,GALNT2,2590.0,MutNovel,"F11L,0.538"
X-2096,GANC,2595.0,Del0.8,0.72
X-2096,GBP3,2635.0,MutNovel,"E15K,0.219"
X-2096,GCHFR,2644.0,Del0.8,0.69
X-2096,GDPD2,54857.0,Amp5,5.35
X-2096,GJB1,2705.0,Amp5,5.35
X-2096,GNE,10020.0,MutNovel,"S389L,0.833"
X-2096,GOLGA2,2801.0,MutNovel,"E951K,0.470"
X-2096,GOLGA2P2Y,84559.0,Del0.8,0.2
X-2096,GOLGA2P2Y,84559.0,Del0.8,0.2
X-2096,GOLGA6L2,,MutNovel,"N54H,1.000"
X-2096,GOLGA8B,440270.0,MutNovel,"L359E,1.000"
X-2096,GOT1L1,137362.0,Amp5,7.52
X-2096,GPAM,57678.0,MutNovel,"R277L,1.000"
X-2096,GPATCH8,23131.0,MutNovel,"D1257N,0.522"
X-2096,GPR124,25960.0,Amp5,7.52
X-2096,GPR176,11245.0,Del0.8,0.69
X-2096,GTF3C4,9329.0,MutNovel,"E29K,0.636"
X-2096,GTF3C5,9328.0,MutNovel,"S357P,0.456"
X-2096,GYG2P1,352887.0,Del0.8,0.22
X-2096,HDAC8,55869.0,Amp5,6.59
X-2096,HDDC3,374659.0,Del0.8,0.7
X-2096,HIVEP3,59269.0,MutKnownFunctional,"-1555,0.417"
X-2096,HKR1,284459.0,MutNovel,"G659E,0.500"
X-2096,HLA-A,3105.0,MutNovel,"T88I,0.991"
X-2096,HLA-DQA2,3118.0,MutNovel,"F38L,1.000"
X-2096,HLA-DQA2,3118.0,MutNovel,"H42Y,1.000"
X-2096,HLA-H,3136.0,Del0.8,0.65
X-2096,HRNR,388697.0,MutNovel,"R2466H,0.400"
X-2096,HSD3B7,80270.0,MutNovel,"L359V,0.489"
X-2096,HSFY2,159119.0,Del0.8,0.13
X-2096,HSFY2,159119.0,Del0.8,0.22
X-2096,HSPA1B,3304.0,MutNovel,"G109V,0.750"
X-2096,HSPA1B,3304.0,MutKnownFunctional,"GE109V*,0.750"
X-2096,HSPA1L,3305.0,MutNovel,"T224I,0.333"
X-2096,HSPA9,3313.0,MutNovel,"S212P,0.369"
X-2096,HTRA4,203100.0,Amp8,14.42
X-2096,IDO1,3620.0,Amp8,14.93
X-2096,IDO2,169355.0,Amp8,14.93
X-2096,IGBP1,3476.0,Amp5,5.35
X-2096,IGF1R,3480.0,Del0.8,0.68
X-2096,IGLL5,100423062.0,MutNovel,"P19R,0.600"
X-2096,IKBKB,3551.0,MutKnownFunctional,"Q175*,0.400"
X-2096,IKBKB,3551.0,MutNovel,"E247K,0.412"
X-2096,IL2RG,3561.0,Amp5,5.35
X-2096,ING5,84289.0,MutNovel,"I14V,0.604"
X-2096,INGX,27160.0,Amp5,5.35
X-2096,INO80,54617.0,Del0.8,0.62
X-2096,IPO11,51194.0,MutNovel,"S972L,0.377"
X-2096,IQSEC1,9922.0,MutNovel,"A1019P,0.500"
X-2096,ITGB1BP2,26548.0,Amp5,5.35
X-2096,ITPKA,3706.0,Del0.8,0.72
X-2096,IVD,3712.0,Del0.8,0.69
X-2096,JAK2,3717.0,Del0.8,0.79
X-2096,JMJD7,100137047.0,Del0.8,0.72
X-2096,JMJD7-PLA2G4B,8681.0,Del0.8,0.72
X-2096,JPX,554203.0,Amp5,6.73
X-2096,KCNJ12,3768.0,MutNovel,"I100V,0.531"
X-2096,KCNJ12,3768.0,MutNovel,"P156L,0.261"
X-2096,KCNJ12,3768.0,MutNovel,"E430G,0.269"
X-2096,KCNU1,157855.0,Amp8,9.19
X-2096,KDM2B,84678.0,MutNovel,"H1297D,0.389"
X-2096,KDM5D,8284.0,Del0.8,0.2
X-2096,KHSRP,8570.0,MutNovel,"G21R,0.444"
X-2096,KIAA2022,340533.0,Amp5,6.73
X-2096,KIF20B,9585.0,MutNovel,"L1062LKV,1.000"
X-2096,KIF4A,24137.0,Amp5,5.35
X-2096,KRT12,3859.0,MutNovel,"N257K,1.000"
X-2096,KRT12,3859.0,MutNovel,"T245A,1.000"
X-2096,KRT12,3859.0,MutNovel,"D240V,1.000"
X-2096,KRT3,3850.0,MutNovel,"D484E,1.000"
X-2096,KRT36,8689.0,MutNovel,"N373S,0.300"
X-2096,KRT36,8689.0,MutNovel,"R371Q,0.857"
X-2096,KRT38,8687.0,MutNovel,"Q124L,0.714"
X-2096,KRT7,3855.0,MutNovel,"G259S,0.721"
X-2096,KRT77,374454.0,MutNovel,"D448E,1.000"
X-2096,KRT84,3890.0,MutNovel,"V337A,0.438"
X-2096,KRT86,3892.0,MutNovel,"G373E,0.368"
X-2096,L3MBTL3,84456.0,MutKnownFunctional,"E339*,0.278"
X-2096,LAMC3,10319.0,MutNovel,"E1140D,0.333"
X-2096,LCE2D,353141.0,MutNovel,"K19E,0.300"
X-2096,LDLR,3949.0,MutNovel,"A431T,0.419"
X-2096,LETM2,137994.0,Amp8,14.72
X-2096,LGALS1,3956.0,MutNovel,"C3F,0.334"
X-2096,LGALS9C,654346.0,Del0.8,0.23
X-2096,LMNA,4000.0,MutNovel,"V586M,0.462"
X-2096,LOC100129407,100129407.0,Amp5,6.59
X-2096,LOC100129407,100129407.0,Amp5,6.59
X-2096,LOC100131089,100131089.0,Del0.8,0.69
X-2096,LOC100132741,100132741.0,Amp5,5.35
X-2096,LOC100132858,,MutNovel,"S37A,1.000"
X-2096,LOC100505648,100505648.0,Del0.8,0.69
X-2096,LOC100996287,,MutNovel,"C136R,1.000"
X-2096,LOC100996287,,MutNovel,"P170Q,0.931"
X-2096,LOC100996287,,MutNovel,"W192R,1.000"
X-2096,LOC100996643,,MutNovel,"S70R,1.000"
X-2096,LOC649238,,MutNovel,"A114T,0.920"
X-2096,LOC727924,727924.0,Del0.8,0.49
X-2096,LOC728024,728024.0,Amp5,7.52
X-2096,LOC728888,,MutNovel,"Q11R,0.250"
X-2096,LRBA,987.0,MutNovel,"R2825Q,0.312"
X-2096,LRCH3,84859.0,MutNovel,"R358C,0.809"
X-2096,LRP1B,53353.0,Del0.8,0.78
X-2096,LRRC10B,390205.0,MutNovel,"R282H,0.412"
X-2096,LRRC28,123355.0,Del0.8,0.69
X-2096,LSM1,27257.0,Amp5,7.52
X-2096,LSR,51599.0,MutNovel,"G518GR,0.378"
X-2096,LTK,4058.0,Del0.8,0.72
X-2096,LY6D,8581.0,MutNovel,"T15K,0.201"
X-2096,LYPD5,284348.0,MutNovel,"E134K,0.457"
X-2096,LYSMD4,145748.0,Del0.8,0.69
X-2096,MAGEA4,4103.0,MutNovel,"VS40V,0.200"
X-2096,MAGEC1,9947.0,MutNovel,"E958K,0.585"
X-2096,MAGEE1,57692.0,Amp5,6.82
X-2096,MAGEE2,139599.0,Amp5,6.68
X-2096,MAGT1,84061.0,Amp5,6.36
X-2096,MAN2A2,4122.0,Del0.8,0.7
X-2096,MANBA,4126.0,MutKnownFunctional,"-514,0.308"
X-2096,MANEA,79694.0,MutNovel,"G118V,0.488"
X-2096,MAP4K4,9448.0,MutNovel,"V751M,0.543"
X-2096,MAP4K5,11183.0,MutNovel,"E21K,0.985"
X-2096,MAPKAPK5,8550.0,MutNovel,"V190A,0.364"
X-2096,MAPKBP1,23005.0,Del0.8,0.72
X-2096,MDN1,23195.0,MutNovel,"E4910D,0.517"
X-2096,MED12,9968.0,Amp5,5.35
X-2096,MEF2A,4205.0,Del0.8,0.69
X-2096,METTL22,79091.0,MutNovel,"E96Q,0.392"
X-2096,MFN1,55669.0,MutNovel,"N236S,0.819"
X-2096,MGA,23269.0,Del0.8,0.72
X-2096,MIB2,142678.0,MutNovel,"R50Q,0.296"
X-2096,MIB2,142678.0,MutNovel,"E64K,0.565"
X-2096,MIR374A,442919.0,Amp5,6.73
X-2096,MIR374B,100126317.0,Amp5,6.73
X-2096,MIR374C,100500807.0,Amp5,6.73
X-2096,MIR384,494333.0,Amp5,6.36
X-2096,MIR421,693122.0,Amp5,6.73
X-2096,MIR4310,100423013.0,Del0.8,0.72
X-2096,MIR4714,100616432.0,Del0.8,0.68
X-2096,MIR545,664614.0,Amp5,6.73
X-2096,MIR626,693211.0,Del0.8,0.72
X-2096,MIR627,693212.0,Del0.8,0.72
X-2096,MIR676,100500887.0,Amp5,5.35
X-2096,MLL,4297.0,MutNovel,"R3939Q,0.340"
X-2096,MLL2,8085.0,MutKnownFunctional,"-813,0.333"
X-2096,MLL3,58508.0,MutNovel,"C988V,0.258"
X-2096,MLXIP,22877.0,MutNovel,"P690L,0.384"
X-2096,MPST,4357.0,MutNovel,"F209V,0.360"
X-2096,MRPL42P5,359821.0,Del0.8,0.69
X-2096,MRPS9,64965.0,MutNovel,"R245Q,0.505"
X-2096,MSH2,4436.0,MutLikelyFunctional,"T33P,0.562"
X-2096,MUC4,4585.0,MutNovel,"S4088P,0.696"
X-2096,MUC4,4585.0,MutNovel,"L4065I,0.750"
X-2096,MUC4,4585.0,MutNovel,"P3826L,0.500"
X-2096,MUC4,4585.0,MutNovel,"A2574T,1.000"
X-2096,MUC4,4585.0,MutNovel,"S2544P,0.600"
X-2096,MYH10,4628.0,MutNovel,"G1855R,0.993"
X-2096,MYOM3,127294.0,MutNovel,"Y1245C,0.344"
X-2096,NAP1L2,4674.0,Amp5,6.59
X-2096,NAP1L6,645996.0,Amp5,6.59
X-2096,NBPF1,55672.0,MutNovel,"L648V,0.259"
X-2096,NBPF1,55672.0,MutNovel,"H100Y,0.238"
X-2096,NBPF10,100132406.0,MutNovel,"E3147D,0.556"
X-2096,NBPF10,100132406.0,MutNovel,"E3391D,0.238"
X-2096,NCOA3,8202.0,MutNovel,"Q1255K,0.216"
X-2096,NCRNA00185,55410.0,Del0.8,0.2
X-2096,NDUFAF1,51103.0,Del0.8,0.72
X-2096,NDUFS2,4720.0,MutNovel,"P365A,0.478"
X-2096,NF1,4763.0,MutNovel,"P1416T,0.514"
X-2096,NFE2L2,4780.0,MutKnownFunctional,"W24C,0.535"
X-2096,NHSL1,57224.0,MutNovel,"P1143L,0.526"
X-2096,NHSL2,340527.0,Amp5,5.35
X-2096,NIPBL,25836.0,MutNovel,"E708K,0.575"
X-2096,NLGN3,54413.0,Amp5,5.35
X-2096,NLGN4Y,22829.0,Del0.8,0.22
X-2096,NLRC5,84166.0,MutNovel,"L336P,1.000"
X-2096,NOL8,55035.0,MutNovel,"K160N,0.568"
X-2096,NONO,4841.0,Amp5,5.35
X-2096,NR1D1,9572.0,MutNovel,"S23P,0.484"
X-2096,NR1H2,7376.0,MutNovel,"-173Q,0.403"
X-2096,NUSAP1,51203.0,Del0.8,0.72
X-2096,ODZ3,55714.0,MutNovel,"R1899P,0.667"
X-2096,OGT,8473.0,Amp5,5.35
X-2096,OIP5,11339.0,Del0.8,0.72
X-2096,OIP5-AS1,729082.0,Del0.8,0.72
X-2096,OPHN1,4983.0,Amp5,5.35
X-2096,OR4M2,390538.0,Del0.8,0.49
X-2096,OR4N3P,390539.0,Del0.8,0.49
X-2096,OR4N4,283694.0,Del0.8,0.49
X-2096,ORAI1,84876.0,MutNovel,"PP43-,1.000"
X-2096,OSBPL9,114883.0,MutNovel,"W90C,0.469"
X-2096,OTUD6A,139562.0,Amp5,5.35
X-2096,OTUD7B,56957.0,MutNovel,"R80L,0.418"
X-2096,P2RY4,5030.0,Amp5,5.35
X-2096,PABPC1L2A,340529.0,Amp5,6.59
X-2096,PABPC1L2B,645974.0,Amp5,6.59
X-2096,PAICS,10606.0,MutNovel,"E264Q,0.275"
X-2096,PAK6,56924.0,Del0.8,0.69
X-2096,PARD6G,84552.0,MutNovel,"D176N,1.000"
X-2096,PATL1,219988.0,MutNovel,"L421P,0.286"
X-2096,PATL2,197135.0,MutKnownFunctional,"Q207*,0.667"
X-2096,PBXIP1,57326.0,MutNovel,"E66Q,0.559"
X-2096,PCDH11Y,83259.0,Del0.8,0.22
X-2096,PCDH15,65217.0,MutNovel,"D540E,1.000"
X-2096,PCDHA7,56141.0,MutNovel,"L566P,0.588"
X-2096,PCDHB5,26167.0,MutNovel,"A786S,0.631"
X-2096,PCGF6,84108.0,MutNovel,"K275R,1.000"
X-2096,PCOLCE,5118.0,MutNovel,"D228Y,0.842"
X-2096,PDE10A,10846.0,MutNovel,"D41E,0.500"
X-2096,PDE4DIP,9659.0,MutNovel,"Q113H,0.429"
X-2096,PDE8A,5151.0,MutNovel,"E426K,0.375"
X-2096,PDZD11,51248.0,Amp5,5.35
X-2096,PGAM4,441531.0,MutNovel,"P156L,1.000"
X-2096,PGAM4,441531.0,Amp5,6.36
X-2096,PGK1,5230.0,Amp5,6.36
X-2096,PGPEP1L,145814.0,Del0.8,0.68
X-2096,PGRMC1,10857.0,MutNovel,"P75S,0.981"
X-2096,PHF3,23469.0,Amp5,7.78
X-2096,PHGR1,644844.0,Del0.8,0.69
X-2096,PHKA1,5255.0,Amp5,6.59
X-2096,PHLDA1,22822.0,MutNovel,"QQ194Q,0.306"
X-2096,PHLPP1,23239.0,MutNovel,"F291V,0.500"
X-2096,PHRF1,57661.0,MutNovel,"H743Q,0.329"
X-2096,PIEZO2,63895.0,MutNovel,"T2582S,0.333"
X-2096,PIN4,5303.0,Amp5,6.59
X-2096,PJA1,64219.0,Amp5,5.35
X-2096,PKNOX2,63876.0,MutNovel,"D285H,0.600"
X-2096,PLA2G3,50487.0,MutNovel,"E103K,0.648"
X-2096,PLA2G4B,100137049.0,Del0.8,0.72
X-2096,PLA2G4D,283748.0,Del0.8,0.72
X-2096,PLA2G4E,123745.0,Del0.8,0.72
X-2096,PLA2G4F,255189.0,Del0.8,0.72
X-2096,PLCB2,5330.0,Del0.8,0.69
X-2096,PLCL1,5334.0,MutNovel,"S1088C,0.750"
X-2096,PLEKHA2,59339.0,Amp8,14.42
X-2096,PLEKHA8,84725.0,MutNovel,"D516N,0.538"
X-2096,POLR1A,25885.0,MutNovel,"N832S,0.535"
X-2096,PPAPDC1B,84513.0,Amp5,7.52
X-2096,PPP1R14D,54866.0,Del0.8,0.69
X-2096,PPP1R9A,55607.0,MutNovel,"G533E,0.750"
X-2096,PRC1,9055.0,Del0.8,0.7
X-2096,PRDM9,56979.0,MutNovel,"N843D,0.667"
X-2096,PRKY,5616.0,Del0.8,0.22
X-2096,PRODH,5625.0,MutNovel,"D209N,0.958"
X-2096,PROSC,11212.0,Amp5,7.52
X-2096,PRPSAP2,5636.0,MutNovel,"H141D,0.966"
X-2096,PRY,9081.0,Del0.8,0.2
X-2096,PRY,9081.0,Del0.8,0.2
X-2096,PRY2,442862.0,Del0.8,0.2
X-2096,PRY2,442862.0,Del0.8,0.2
X-2096,PSMB4,5692.0,MutNovel,"M172L,0.504"
X-2096,PSMD2,5708.0,MutNovel,"A20G,0.579"
X-2096,PTAR1,375743.0,MutNovel,"D375N,1.000"
X-2096,PTEN,5728.0,Del0.8,0.48
X-2096,QRICH2,84074.0,MutNovel,"H603R,0.750"
X-2096,QTRT1,81890.0,MutNovel,"V20G,0.500"
X-2096,RAB11FIP1,80223.0,Amp5,7.52
X-2096,RAB11FIP3,9727.0,MutNovel,"E660D,0.339"
X-2096,RAB11FIP3,9727.0,MutNovel,"D673N,0.291"
X-2096,RAB41,347517.0,Amp5,5.35
X-2096,RAD51,5888.0,Del0.8,0.69
X-2096,RANBP6,26953.0,MutNovel,"C356F,0.312"
X-2096,RAPGEF1,2889.0,MutNovel,"E362V,0.504"
X-2096,RASGRP1,10125.0,Del0.8,0.69
X-2096,RBMY1A3P,286557.0,Del0.8,0.22
X-2096,RBMY1B,378948.0,Del0.8,0.2
X-2096,RBMY1B,378948.0,Del0.8,0.2
X-2096,RBMY1E,378950.0,Del0.8,0.2
X-2096,RBMY1E,378950.0,Del0.8,0.2
X-2096,RBMY1F,159163.0,Del0.8,0.2
X-2096,RBMY1F,159163.0,Del0.8,0.2
X-2096,RBMY1J,378951.0,Del0.8,0.2
X-2096,RBMY1J,378951.0,Del0.8,0.2
X-2096,RBMY2EP,159125.0,Del0.8,0.2
X-2096,RBMY2FP,159162.0,Del0.8,0.2
X-2096,RBMY3AP,64593.0,Del0.8,0.22
X-2096,RCCD1,91433.0,Del0.8,0.7
X-2096,REREP3,646396.0,Del0.8,0.49
X-2096,RGAG4,340526.0,Amp5,5.35
X-2096,RHOV,171177.0,Del0.8,0.69
X-2096,RLIM,51132.0,Amp5,6.73
X-2096,RNF213,57674.0,MutNovel,"T1705K,0.550"
X-2096,RNF5P1,286140.0,Amp8,14.42
X-2096,RPAP1,26015.0,Del0.8,0.72
X-2096,RPL10L,140801.0,MutKnownFunctional,"RQ162R*,1.000"
X-2096,RPRD2,23248.0,MutNovel,"R1415Q,0.483"
X-2096,RPS26P11,441502.0,Amp5,5.35
X-2096,RPS4X,6191.0,Amp5,6.59
X-2096,RPS4Y1,6192.0,Del0.8,0.22
X-2096,RPS4Y2,140032.0,Del0.8,0.2
X-2096,RPUSD2,27079.0,Del0.8,0.69
X-2096,RRBP1,6238.0,MutNovel,"R101G,0.452"
X-2096,RSBN1L,222194.0,MutNovel,"S41T,0.500"
X-2096,RTF1,23168.0,Del0.8,0.72
X-2096,RTTN,25914.0,MutNovel,"D559H,0.667"
X-2096,RUFY2,55680.0,MutKnownFunctional,"S553*,1.000"
X-2096,RYR2,6262.0,MutKnownFunctional,"R1943*,0.308"
X-2096,S100A3,6274.0,MutKnownFunctional,"-70,0.399"
X-2096,S100A7A,338324.0,MutNovel,"G25D,0.224"
X-2096,S100A7A,338324.0,MutNovel,"E28D,0.231"
X-2096,SDK1,221935.0,MutNovel,"A263S,0.495"
X-2096,SDK1,221935.0,MutNovel,"L733V,0.448"
X-2096,SDR42E1,93517.0,MutNovel,"L145V,1.000"
X-2096,SEMA4B,10509.0,MutNovel,"A13P,0.313"
X-2096,SERINC2,347735.0,MutNovel,"-373Q,0.612"
X-2096,SFMBT1,51460.0,Del0.8,0.65
X-2096,SGMS1,259230.0,Del0.8,0.28
X-2096,SIN3A,25942.0,MutNovel,"I630V,0.508"
X-2096,SIN3B,23309.0,MutNovel,"A1116V,0.263"
X-2096,SLC16A2,6567.0,Amp5,6.73
X-2096,SLC52A3,,MutNovel,"T135A,0.571"
X-2096,SLC6A15,55117.0,MutNovel,"S165G,0.588"
X-2096,SLC7A3,84889.0,Amp5,5.35
X-2096,SMC4,10051.0,MutNovel,"S588T,0.250"
X-2096,SNRPA1,6627.0,MutNovel,"A215S,0.406"
X-2096,SNX12,29934.0,Amp5,5.35
X-2096,SORBS2,8470.0,MutNovel,"D1058G,0.455"
X-2096,SORBS2,8470.0,MutNovel,"M249R,0.500"
X-2096,SORCS2,57537.0,MutNovel,"K587N,0.650"
X-2096,SP110,3431.0,MutNovel,"W112R,0.268"
X-2096,SPIN4,139886.0,MutNovel,"D82H,0.889"
X-2096,SPINT1,6692.0,Del0.8,0.69
X-2096,SPRED1,161742.0,Del0.8,0.69
X-2096,SPTBN5,51332.0,Del0.8,0.72
X-2096,SRP14,6727.0,Del0.8,0.69
X-2096,SRY,6736.0,Del0.8,0.22
X-2096,STAR,6770.0,Amp5,7.52
X-2096,STARD8,9754.0,Amp5,5.35
X-2096,STXBP2,6813.0,MutNovel,"A486T,0.520"
X-2096,SV2B,9899.0,Del0.8,0.7
X-2096,SYNM,23336.0,Del0.8,0.69
X-2096,SYNPO,11346.0,MutNovel,"P327L,0.288"
X-2096,TACC1,6867.0,Amp8,14.42
X-2096,TAF1,6872.0,Amp5,5.35
X-2096,TAF5,6877.0,MutNovel,"G35S,1.000"
X-2096,TAF9B,51616.0,Amp5,6.36
X-2096,TAOK3,51347.0,MutNovel,"R676H,0.629"
X-2096,TBL1Y,90665.0,Del0.8,0.22
X-2096,TBRG1,84897.0,MutNovel,"T105I,0.325"
X-2096,TEX11,56159.0,Amp5,5.35
X-2096,TGIF2LY,90655.0,Del0.8,0.22
X-2096,THADA,63892.0,MutNovel,"Q1884R,0.291"
X-2096,THBS1,7057.0,MutNovel,"G614S,0.917"
X-2096,THBS1,7057.0,Del0.8,0.69
X-2096,THOC1,9984.0,MutNovel,"E379Q,0.340"
X-2096,TLL2,7093.0,MutNovel,"S842N,1.000"
X-2096,TM2D2,83877.0,Amp8,14.42
X-2096,TMCO4,255104.0,MutKnownFunctional,"Q13*,0.500"
X-2096,TMCO5A,145942.0,Del0.8,0.69
X-2096,TMEM184A,202915.0,MutNovel,"G392GA,0.231"
X-2096,TMEM199,147007.0,MutNovel,"P27T,0.516"
X-2096,TMEM87A,25963.0,Del0.8,0.72
X-2096,TMSB4Y,9087.0,Del0.8,0.22
X-2096,TMTC2,160335.0,MutNovel,"I108F,0.654"
X-2096,TNRC6B,23112.0,MutNovel,"E27K,0.333"
X-2096,TNRC6B,23112.0,MutNovel,"D754N,0.500"
X-2096,TP53,7157.0,MutKnownFunctional,"E294*,0.906"
X-2096,TP63,8626.0,MutNovel,"F181L,0.238"
X-2096,TRAF4,9618.0,MutNovel,"R368C,0.507"
X-2096,TRDMT1,1787.0,MutNovel,"C222S,0.524"
X-2096,TREML4,285852.0,MutNovel,"Y42C,1.000"
X-2096,TREML4,285852.0,MutNovel,"P48S,1.000"
X-2096,TREML4,285852.0,MutNovel,"S61G,1.000"
X-2096,TSIX,9383.0,Amp5,6.73
X-2096,TSPY1,7258.0,Del0.8,0.22
X-2096,TSPY2,64591.0,Del0.8,0.22
X-2096,TSPY3,728137.0,Del0.8,0.22
X-2096,TSPY4,728395.0,Del0.8,0.22
X-2096,TSPY8,728403.0,Del0.8,0.22
X-2096,TSPYL1,7259.0,MutNovel,"V176VW,0.864"
X-2096,TTC23,64927.0,Del0.8,0.69
X-2096,TTC3P1,286495.0,Amp5,6.68
X-2096,TTTY10,246119.0,Del0.8,0.2
X-2096,TTTY11,83866.0,Del0.8,0.22
X-2096,TTTY12,83867.0,Del0.8,0.22
X-2096,TTTY13,83868.0,Del0.8,0.2
X-2096,TTTY14,83869.0,Del0.8,0.2
X-2096,TTTY15,64595.0,Del0.8,0.22
X-2096,TTTY16,252948.0,Del0.8,0.22
X-2096,TTTY17A,252949.0,Del0.8,0.2
X-2096,TTTY17A,252949.0,Del0.8,0.2
X-2096,TTTY18,252950.0,Del0.8,0.22
X-2096,TTTY19,252952.0,Del0.8,0.22
X-2096,TTTY1B,100101116.0,Del0.8,0.22
X-2096,TTTY1B,100101116.0,Del0.8,0.22
X-2096,TTTY2,60439.0,Del0.8,0.22
X-2096,TTTY2,60439.0,Del0.8,0.22
X-2096,TTTY20,252951.0,Del0.8,0.22
X-2096,TTTY21,252953.0,Del0.8,0.22
X-2096,TTTY21,252953.0,Del0.8,0.22
X-2096,TTTY22,252954.0,Del0.8,0.22
X-2096,TTTY23,252955.0,Del0.8,0.22
X-2096,TTTY23,252955.0,Del0.8,0.22
X-2096,TTTY3,114760.0,Del0.8,0.2
X-2096,TTTY3,114760.0,Del0.8,0.2
X-2096,TTTY4,114761.0,Del0.8,0.2
X-2096,TTTY4,114761.0,Del0.8,0.2
X-2096,TTTY5,83863.0,Del0.8,0.2
X-2096,TTTY6,84672.0,Del0.8,0.2
X-2096,TTTY6,84672.0,Del0.8,0.2
X-2096,TTTY7,246122.0,Del0.8,0.22
X-2096,TTTY7,246122.0,Del0.8,0.22
X-2096,TTTY7B,100101120.0,Del0.8,0.22
X-2096,TTTY7B,100101120.0,Del0.8,0.22
X-2096,TTTY8,84673.0,Del0.8,0.22
X-2096,TTTY8,84673.0,Del0.8,0.22
X-2096,TTTY9A,83864.0,Del0.8,0.22
X-2096,TTTY9A,83864.0,Del0.8,0.07
X-2096,TUBGCP6,85378.0,MutNovel,"Q271R,0.360"
X-2096,TXLNG2P,246126.0,Del0.8,0.2
X-2096,TYRO3,7301.0,Del0.8,0.72
X-2096,UBA6,55236.0,MutNovel,"A383V,0.562"
X-2096,UBC,7316.0,MutNovel,"E244Q,0.670"
X-2096,UNC45A,55898.0,Del0.8,0.7
X-2096,UNKL,64718.0,MutNovel,"G456S,0.648"
X-2096,UPRT,139596.0,Amp5,6.68
X-2096,USP18,11274.0,MutNovel,"N325S,0.613"
X-2096,USP36,57602.0,MutNovel,"KKK958K,0.683"
X-2096,USP9Y,8287.0,Del0.8,0.22
X-2096,UTY,7404.0,Del0.8,0.22
X-2096,VCY,9084.0,Del0.8,0.22
X-2096,VCY,9084.0,Del0.8,0.22
X-2096,VPS13D,55187.0,MutKnownFunctional,"S3671*,0.286"
X-2096,VPS18,57617.0,Del0.8,0.69
X-2096,VPS33B,26276.0,Del0.8,0.7
X-2096,VPS39,23339.0,Del0.8,0.72
X-2096,VWA7,80737.0,MutNovel,"R98Q,1.000"
X-2096,WDR96,80217.0,MutNovel,"G1336V,1.000"
X-2096,WHSC1L1,54904.0,Amp8,11.79
X-2096,WWTR1,25937.0,MutNovel,"R239K,0.282"
X-2096,WWTR1,25937.0,MutNovel,"L10F,0.295"
X-2096,XIST,7503.0,Amp5,6.73
X-2096,XKR9,389668.0,MutNovel,"T4S,0.842"
X-2096,XKRY2,353515.0,Del0.8,0.22
X-2096,XKRY2,353515.0,Del0.8,0.22
X-2096,YIPF6,286451.0,Amp5,5.35
X-2096,ZBBX,79740.0,MutNovel,"E685Q,1.000"
X-2096,ZBTB7C,201501.0,MutNovel,"Q470H,0.486"
X-2096,ZCCHC13,389874.0,Amp5,6.73
X-2096,ZDHHC15,158866.0,Amp5,6.68
X-2096,ZFC3H1,196441.0,MutNovel,"S337R,0.812"
X-2096,ZFP106,64397.0,Del0.8,0.72
X-2096,ZFY,7544.0,Del0.8,0.22
X-2096,ZFYVE19,84936.0,Del0.8,0.69
X-2096,ZKSCAN1,7586.0,MutNovel,"N447S,0.329"
X-2096,ZMYM3,9203.0,Amp5,5.35
X-2096,ZNF219,51222.0,MutNovel,"QPP233P,0.660"
X-2096,ZNF234,10780.0,MutNovel,"S441L,0.526"
X-2096,ZNF282,8427.0,MutNovel,"E372D,0.333"
X-2096,ZNF440,126070.0,MutNovel,"Q474H,0.556"
X-2096,ZNF551,90233.0,MutNovel,"I301M,0.632"
X-2096,ZNF703,80139.0,Amp5,7.52
X-2129,61E3.4,,MutNovel,"V63I,0.300"
X-2129,A2LD1,87769.0,MutNovel,"P142L,1.000"
X-2129,ABCC5,10057.0,Amp5,5.24
X-2129,ABCF3,55324.0,Amp5,5.24
X-2129,ACAP2,23527.0,Amp5,5.17
X-2129,ACP5,54.0,MutNovel,"R100C,0.539"
X-2129,ACTL6A,86.0,Amp5,5.24
X-2129,ADAMTSL4,54507.0,MutNovel,"V452L,0.444"
X-2129,ADCK4,79934.0,Amp5,5.24
X-2129,ADIPOQ,9370.0,Amp5,5.24
X-2129,ADNP,23394.0,MutNovel,"E743D,0.443"
X-2129,AFAP1L1,134265.0,MutNovel,"A97P,1.000"
X-2129,AHSG,197.0,Amp5,5.24
X-2129,AKT2,208.0,Amp5,5.24
X-2129,ALDH3B1,221.0,MutNovel,"L262P,0.833"
X-2129,ALDH3B1,221.0,MutNovel,"P279S,0.652"
X-2129,ALDH3B1,221.0,MutKnownFunctional,"-301?,1.000"
X-2129,ALG3,10195.0,Amp5,5.24
X-2129,AMELY,266.0,Del0.8,0.33
X-2129,ANKIB1,54467.0,MutNovel,"R617C,0.397"
X-2129,ANKRD18DP,348840.0,Amp5,5.21
X-2129,ANKRD30B,374860.0,MutNovel,"E796V,1.000"
X-2129,ANKRD30B,374860.0,MutNovel,"L827R,1.000"
X-2129,ANKRD30B,374860.0,MutNovel,"G832A,1.000"
X-2129,ANKRD30B,374860.0,MutNovel,"Q841R,1.000"
X-2129,ANKRD30B,374860.0,MutNovel,"T1052A,1.000"
X-2129,ANKRD30B,374860.0,MutNovel,"H1103R,1.000"
X-2129,ANKRD30B,374860.0,MutKnownFunctional,"-1196?,0.923"
X-2129,ANKRD30B,374860.0,MutNovel,"P1210H,1.000"
X-2129,ANKRD30B,374860.0,MutNovel,"K1239I,1.000"
X-2129,ANKRD36,375248.0,MutNovel,"T998S,0.250"
X-2129,ANKRD65,441869.0,MutNovel,"G200V,1.000"
X-2129,ANP32C,23520.0,Del0.8,0.78
X-2129,ANTXR1,84168.0,MutNovel,"E275K,0.568"
X-2129,AP2M1,1173.0,Amp5,5.24
X-2129,APLP2,334.0,MutNovel,"FHP599-,0.440"
X-2129,APOBEC3F,200316.0,MutNovel,"P244S,0.273"
X-2129,APOD,347.0,Amp5,5.17
X-2129,ARFIP1,27236.0,MutNovel,"H356R,1.000"
X-2129,ARHGAP20,57569.0,Del0.8,0.78
X-2129,ARHGEF18,23370.0,MutNovel,"E885K,0.427"
X-2129,ATF7IP2,80063.0,MutNovel,"A396V,0.250"
X-2129,ATG2A,23130.0,MutNovel,"L239I,0.265"
X-2129,ATG9B,285973.0,MutNovel,"A432T,0.408"
X-2129,ATMIN,23300.0,MutNovel,"L303V,0.448"
X-2129,ATP11B,23200.0,Amp5,5.24
X-2129,ATP13A3,79572.0,Amp5,5.17
X-2129,ATP13A4,84239.0,Amp5,5.17
X-2129,ATP13A5,344905.0,Amp5,5.17
X-2129,ATRNL1,26033.0,MutNovel,"I1068M,0.538"
X-2129,AUTS2,26053.0,MutNovel,"N955S,0.635"
X-2129,B3GNT5,84002.0,Amp5,5.24
X-2129,BAK1,578.0,MutNovel,"Q12P,1.000"
X-2129,BCHE,590.0,MutNovel,"E415K,0.543"
X-2129,BCL6,604.0,Amp5,5.24
X-2129,BCLAF1,9774.0,MutNovel,"G72W,0.402"
X-2129,BCORP1,286554.0,Del0.8,0.3
X-2129,BDH1,622.0,Amp5,5.21
X-2129,BLOC1S3,388552.0,MutNovel,"R164C,0.604"
X-2129,BLVRB,645.0,Amp5,5.24
X-2129,BMP2K,55589.0,MutNovel,"Q460-,0.247"
X-2129,BPY2B,442867.0,Del0.8,0.3
X-2129,BPY2B,442867.0,Del0.8,0.3
X-2129,C11orf53,341032.0,Del0.8,0.78
X-2129,C11orf92,399948.0,Del0.8,0.78
X-2129,C11orf93,120376.0,Del0.8,0.78
X-2129,C17orf51,339263.0,MutKnownFunctional,"-34?,0.809"
X-2129,C19orf47,126526.0,Amp5,5.24
X-2129,C19orf54,284325.0,Amp5,5.24
X-2129,C1orf172,126695.0,MutNovel,"C102R,1.000"
X-2129,C22orf29,79680.0,MutNovel,"Q9-,0.475"
X-2129,C2orf56,55471.0,MutNovel,"G327R,0.608"
X-2129,C3orf43,255798.0,Amp5,5.21
X-2129,C3orf65,646600.0,Amp5,5.24
X-2129,C3orf70,285382.0,Amp5,5.24
X-2129,C7orf53,286006.0,MutNovel,"V22L,0.500"
X-2129,C9orf53,51198.0,Del0.8,0.35
X-2129,CABLES1,91768.0,MutNovel,"D417E,0.375"
X-2129,CALU,813.0,MutNovel,"G307C,0.533"
X-2129,CAMK2N2,94032.0,Amp5,5.24
X-2129,CANX,821.0,MutKnownFunctional,"E68*,0.741"
X-2129,CASC5,57082.0,MutNovel,"Q282R,0.600"
X-2129,CBWD5,220869.0,MutNovel,"V255M,0.222"
X-2129,CBWD6,644019.0,MutKnownFunctional,"-259?,0.443"
X-2129,CCDC11,220136.0,MutNovel,"F157C,1.000"
X-2129,CCDC39,339829.0,Amp5,5.24
X-2129,CCDC50,152137.0,Amp5,5.24
X-2129,CCDC66,285331.0,MutNovel,"S606SP,1.000"
X-2129,CCNL1,57018.0,MutNovel,"R233L,0.625"
X-2129,CDK11A,728642.0,MutNovel,"L399S,0.833"
X-2129,CDK11B,984.0,MutNovel,"G284R,0.384"
X-2129,CDK5R1,8851.0,MutNovel,"C208R,1.000"
X-2129,CDKN2A,1029.0,Del0.8,0.35
X-2129,CDKN2B,1030.0,Del0.8,0.68
X-2129,CDY1B,253175.0,Del0.8,0.3
X-2129,CDY1B,253175.0,Del0.8,0.3
X-2129,CDY2A,9426.0,Del0.8,0.3
X-2129,CDY2A,9426.0,Del0.8,0.3
X-2129,CDY2B,203611.0,Del0.8,0.3
X-2129,CDY2B,203611.0,Del0.8,0.3
X-2129,CELA3A,10136.0,Del0.8,0.41
X-2129,CELSR1,9620.0,MutNovel,"A94T,0.231"
X-2129,CELSR1,9620.0,MutNovel,"P46L,0.333"
X-2129,CEP170,9859.0,MutNovel,"E681Q,1.000"
X-2129,CEP19,84984.0,Amp5,5.21
X-2129,CHAC1,79094.0,MutNovel,"T188S,0.455"
X-2129,CHPF,79586.0,MutNovel,"Q555L,1.000"
X-2129,CHRD,8646.0,Amp5,5.24
X-2129,CLC,1178.0,Amp5,5.24
X-2129,CLCN2,1181.0,Amp5,5.24
X-2129,CLDN1,9076.0,Amp5,5.24
X-2129,CLDN16,10686.0,Amp5,5.24
X-2129,CLDN23,137075.0,MutNovel,"R237RKP,0.633"
X-2129,CLEC7A,64581.0,MutNovel,"A211T,0.417"
X-2129,CLIC5,53405.0,Amp5,7.06
X-2129,CNTD2,79935.0,Amp5,5.24
X-2129,CNTNAP3,79937.0,MutNovel,"S140N,0.391"
X-2129,CNTNAP3B,728577.0,MutNovel,"G1163D,0.500"
X-2129,COL4A1,1282.0,MutNovel,"G281R,0.988"
X-2129,COX7A2L,9167.0,MutNovel,"L12V,0.447"
X-2129,CPEB2,132864.0,MutNovel,"P221Q,0.536"
X-2129,CPN2,1370.0,Amp5,5.17
X-2129,CPXM2,119587.0,MutNovel,"V23L,0.995"
X-2129,CRIPAK,285464.0,MutKnownFunctional,"-88,0.207"
X-2129,CRTC3,64784.0,MutNovel,"H91R,1.000"
X-2129,CRYGA,1418.0,Amp5,5.54
X-2129,CRYGB,1419.0,Amp5,5.54
X-2129,CRYGC,1420.0,Amp5,5.54
X-2129,CRYGD,1421.0,Amp5,5.54
X-2129,CRYGS,1427.0,Amp5,5.24
X-2129,CSNK2A1P,283106.0,MutNovel,"V351M,1.000"
X-2129,CSPG4P1Y,114758.0,Del0.8,0.3
X-2129,CSPG4P1Y,114758.0,Del0.8,0.3
X-2129,CTAGE4,100128553.0,MutNovel,"R734P,1.000"
X-2129,CTSA,5476.0,MutNovel,"L29-,0.944"
X-2129,CXXC4,80319.0,Amp5,5.31
X-2129,CYB5RL,606495.0,MutNovel,"K283M,0.250"
X-2129,CYP2A6,1548.0,Amp5,5.24
X-2129,CYP2A7,1549.0,Amp5,5.24
X-2129,CYP2B7P1,1556.0,Amp5,5.24
X-2129,CYP2G1P,22952.0,Amp5,5.24
X-2129,CYP3A5,1577.0,MutKnownFunctional,"-345?,0.514"
X-2129,DAZ1,1617.0,Del0.8,0.3
X-2129,DAZ2,57055.0,Del0.8,0.3
X-2129,DAZ3,57054.0,Del0.8,0.3
X-2129,DAZ3,57054.0,Del0.8,0.3
X-2129,DAZ4,57135.0,Del0.8,0.3
X-2129,DAZ4,57135.0,Del0.8,0.3
X-2129,DCAKD,79877.0,MutNovel,"G62S,0.995"
X-2129,DCBLD2,131566.0,MutNovel,"L77V,0.212"
X-2129,DCBLD2,131566.0,MutNovel,"A26S,0.580"
X-2129,DCUN1D1,54165.0,Amp5,5.24
X-2129,DDX3Y,8653.0,Del0.8,0.3
X-2129,DEFB109P1,245912.0,Del0.8,0.61
X-2129,DGKG,1608.0,Amp5,5.24
X-2129,DLG1,1739.0,Amp5,5.21
X-2129,DLL3,10683.0,Amp5,5.24
X-2129,DMRTA1,63951.0,Del0.8,0.26
X-2129,DNAJB11,51726.0,Amp5,5.24
X-2129,DNAJB3,414061.0,Del0.8,0.39
X-2129,DNAJC10,54431.0,Amp5,7.46
X-2129,DNAJC19,131118.0,Amp5,5.24
X-2129,DNHD1,144132.0,MutNovel,"P401T,0.455"
X-2129,DOCK8,81704.0,MutNovel,"R758C,1.000"
X-2129,DST,667.0,MutKnownFunctional,"Q4201*,0.504"
X-2129,DUOX1,53905.0,MutNovel,"R194G,0.256"
X-2129,DUOXA2,405753.0,MutNovel,"Y156H,0.467"
X-2129,DUOXA2,405753.0,MutNovel,"Y156P,0.467"
X-2129,DUOXA2,405753.0,MutNovel,"L184P,0.300"
X-2129,DUOXA2,405753.0,MutNovel,"F190L,0.214"
X-2129,DUSP19,142679.0,Amp5,7.46
X-2129,DVL3,1857.0,Amp5,5.24
X-2129,DYRK1B,9149.0,Amp5,5.24
X-2129,ECE2,9718.0,Amp5,5.24
X-2129,EGLN2,112398.0,Amp5,5.24
X-2129,EHD3,30845.0,MutNovel,"V382L,0.591"
X-2129,EHHADH,1962.0,Amp5,5.24
X-2129,EHMT1,79813.0,MutNovel,"I1021N,0.995"
X-2129,EID2,163126.0,Amp5,5.24
X-2129,EID2B,126272.0,Amp5,5.24
X-2129,EIF1AY,9086.0,Del0.8,0.3
X-2129,EIF2B5,8893.0,Amp5,5.24
X-2129,EIF3L,51386.0,MutNovel,"V83I,0.697"
X-2129,EIF4A2,1974.0,Amp5,5.24
X-2129,EIF4G1,1981.0,Amp5,5.24
X-2129,ENPP4,22875.0,Amp8,9.65
X-2129,ENPP5,59084.0,Amp8,9.65
X-2129,EPAS1,2034.0,MutNovel,"D105H,0.512"
X-2129,EPHB2,2048.0,MutNovel,"M697I,1.000"
X-2129,EPHB3,2049.0,Amp5,5.24
X-2129,EPPK1,83481.0,MutKnownFunctional,"-149?,0.448"
X-2129,ERAP2,64167.0,MutNovel,"M383T,1.000"
X-2129,ERBB2IP,55914.0,MutNovel,"I957-,0.889"
X-2129,ETV4,2118.0,MutKnownFunctional,"K6*,0.996"
X-2129,ETV5,2119.0,Amp5,5.24
X-2129,EVI2A,2123.0,Del0.8,0.32
X-2129,EVI2B,2124.0,Del0.8,0.32
X-2129,FAM103A1,83640.0,MutNovel,"N77S,1.000"
X-2129,FAM115A,9747.0,MutNovel,"P920L,0.480"
X-2129,FAM129C,199786.0,MutNovel,"P642L,0.714"
X-2129,FAM131A,131408.0,Amp5,5.24
X-2129,FAM157A,728262.0,Amp5,5.21
X-2129,FAM171B,165215.0,MutNovel,"-44Q,0.243"
X-2129,FAM179B,23116.0,MutNovel,"V372I,1.000"
X-2129,FAM190A,401145.0,MutNovel,"IE482I,0.217"
X-2129,FAM197Y2P,252946.0,Del0.8,0.33
X-2129,FAM35B,414241.0,Del0.8,0.73
X-2129,FAM41AY1,340618.0,Del0.8,0.3
X-2129,FAM41AY1,340618.0,Del0.8,0.3
X-2129,FAM43A,131583.0,Amp5,5.17
X-2129,FAM83D,81610.0,MutNovel,"A110-,0.369"
X-2129,FAM92A1,137392.0,MutNovel,"N286IH,0.526"
X-2129,FANCF,2188.0,MutNovel,"A328S,0.573"
X-2129,FBL,2091.0,Amp5,5.24
X-2129,FBXO45,200933.0,Amp5,5.21
X-2129,FBXO46,23403.0,MutNovel,"K132E,0.611"
X-2129,FCGBP,8857.0,MutNovel,"R3142L,1.000"
X-2129,FCGBP,8857.0,Amp5,5.24
X-2129,FDX1,2230.0,Del0.8,0.78
X-2129,FEM1A,55527.0,MutNovel,"D368Y,0.385"
X-2129,FETUB,26998.0,Amp5,5.24
X-2129,FGF12,2257.0,Amp5,5.31
X-2129,FKBP15,23307.0,MutNovel,"R254Q,0.443"
X-2129,FLG,2312.0,MutNovel,"A2316T,0.917"
X-2129,FLG,2312.0,MutNovel,"S1002Y,0.692"
X-2129,FLJ34208,401106.0,Amp5,5.17
X-2129,FLJ35282,441389.0,Del0.8,0.29
X-2129,FLJ42393,401105.0,Amp5,5.24
X-2129,FLJ46066,401103.0,Amp5,5.24
X-2129,FLNA,2316.0,MutNovel,"R100L,0.461"
X-2129,FOXD1,2297.0,MutNovel,"A88G,1.000"
X-2129,FOXE1,2304.0,MutNovel,"AA169-,0.381"
X-2129,FOXO4,4303.0,MutNovel,"H234N,1.000"
X-2129,FOXQ1,94234.0,MutNovel,"S262N,1.000"
X-2129,FRAS1,80144.0,MutNovel,"L1111V,0.382"
X-2129,FRZB,2487.0,Amp5,7.46
X-2129,FSIP2,401024.0,MutNovel,"N495T,0.750"
X-2129,FXR1,8087.0,Amp5,5.24
X-2129,FYTTD1,84248.0,Amp5,5.21
X-2129,GALC,2581.0,MutNovel,"A601E,1.000"
X-2129,GALNT13,114805.0,MutNovel,"R224K,0.759"
X-2129,GIGYF2,26058.0,MutNovel,"PQ1231P,0.864"
X-2129,GLI1,2735.0,MutNovel,"P564A,1.000"
X-2129,GLTSCR2,29997.0,MutNovel,"D401A,0.445"
X-2129,GMFG,9535.0,Amp5,5.24
X-2129,GMNC,647309.0,Amp5,5.24
X-2129,GNAL,2774.0,MutNovel,"PAL36P,0.339"
X-2129,GNB4,59345.0,Amp5,5.24
X-2129,GOLGA2,2801.0,MutNovel,"R6I,1.000"
X-2129,GOLGA2P2Y,84559.0,Del0.8,0.3
X-2129,GOLGA2P2Y,84559.0,Del0.8,0.3
X-2129,GOLGA6L10,647042.0,MutNovel,"L347M,0.667"
X-2129,GP5,2814.0,Amp5,5.17
X-2129,GPR125,166647.0,MutNovel,"L21V,1.000"
X-2129,GPS1,2873.0,MutNovel,"V254M,0.333"
X-2129,GRB10,2887.0,MutNovel,"A454S,0.365"
X-2129,GUCY1A3,2982.0,Del0.8,0.73
X-2129,GYG2P1,352887.0,Del0.8,0.3
X-2129,HABP4,22927.0,MutNovel,"E60EA,0.762"
X-2129,HAUS3,79441.0,MutNovel,"M417I,0.434"
X-2129,HES1,3280.0,Amp5,5.17
X-2129,HIPK4,147746.0,Amp5,5.24
X-2129,HIST3H2A,92815.0,MutNovel,"P49R,0.372"
X-2129,HMCN2,,MutNovel,"E2147D,1.000"
X-2129,HNRNPA3,220988.0,Amp5,7.36
X-2129,HOXC11,3227.0,MutNovel,"A54V,1.000"
X-2129,HOXD11,3237.0,MutNovel,"A160G,0.765"
X-2129,HRASLS,57110.0,Amp5,5.17
X-2129,HRG,3273.0,MutNovel,"DH285D,0.810"
X-2129,HRG,3273.0,Amp5,5.24
X-2129,HSBP1L1,440498.0,MutNovel,"G10S,1.000"
X-2129,HSFY2,159119.0,Del0.8,0.3
X-2129,HSFY2,159119.0,Del0.8,0.3
X-2129,HTR3C,170572.0,Amp5,5.24
X-2129,HTR3D,200909.0,Amp5,5.24
X-2129,HTR3E,285242.0,Amp5,5.24
X-2129,HUWE1,10075.0,MutNovel,"E1912Q,1.000"
X-2129,HVCN1,84329.0,MutNovel,"R83S,1.000"
X-2129,IBA57,200205.0,MutNovel,"R8Q,0.625"
X-2129,IER5L,389792.0,MutNovel,"LHQL117L,0.774"
X-2129,IFNA1,3439.0,Del0.8,0.38
X-2129,IFNA10,3446.0,Del0.8,0.67
X-2129,IFNA13,3447.0,Del0.8,0.38
X-2129,IFNA14,3448.0,Del0.8,0.35
X-2129,IFNA16,3449.0,Del0.8,0.67
X-2129,IFNA17,3451.0,Del0.8,0.35
X-2129,IFNA2,3440.0,Del0.8,0.38
X-2129,IFNA21,3452.0,Del0.8,0.42
X-2129,IFNA22P,3453.0,Del0.8,0.35
X-2129,IFNA4,3441.0,Del0.8,0.17
X-2129,IFNA6,3443.0,Del0.8,0.38
X-2129,IFNA7,3444.0,Del0.8,0.67
X-2129,IFNA8,3445.0,Del0.8,0.38
X-2129,IFNB1,3456.0,Del0.8,0.42
X-2129,IFNE,338376.0,Del0.8,0.38
X-2129,IFNW1,3467.0,Del0.8,0.42
X-2129,IGF2BP2,10644.0,Amp5,5.24
X-2129,IL1RAP,3556.0,Amp5,5.24
X-2129,IL28A,282616.0,Amp5,5.24
X-2129,IL28B,282617.0,Amp5,5.24
X-2129,IL29,282618.0,Amp5,5.24
X-2129,IQCG,84223.0,Amp5,5.21
X-2129,ISLR2,57611.0,MutNovel,"A454V,0.750"
X-2129,ITGA6,3655.0,Amp5,7.21
X-2129,ITPKC,80271.0,Amp5,5.24
X-2129,KBTBD3,143879.0,MutNovel,"A274S,0.600"
X-2129,KCNMB2,10242.0,Amp5,5.24
X-2129,KCNMB3,27094.0,Amp5,5.24
X-2129,KCP,375616.0,MutNovel,"R613P,0.947"
X-2129,KCP,375616.0,MutNovel,"R262Q,0.292"
X-2129,KDM5D,8284.0,Del0.8,0.3
X-2129,KIAA0141,9812.0,MutNovel,"G9R,1.000"
X-2129,KIAA0226,9711.0,Amp5,5.21
X-2129,KIAA0391,9692.0,MutNovel,"M460I,1.000"
X-2129,KIAA1211,57482.0,MutNovel,"G770R,1.000"
X-2129,KIAA1324L,222223.0,MutNovel,"R4C,0.500"
X-2129,KIAA2026,158358.0,MutNovel,"QLP1163-,0.960"
X-2129,KIF20B,9585.0,MutNovel,"L1062LKV,0.886"
X-2129,KLHL24,54800.0,Amp5,5.24
X-2129,KLHL26,55295.0,MutNovel,"Q59P,0.571"
X-2129,KLHL36,79786.0,MutNovel,"R248H,0.538"
X-2129,KLHL5,51088.0,MutNovel,"Q506R,0.681"
X-2129,KLHL6,89857.0,Amp5,5.24
X-2129,KLHL9,55958.0,Del0.8,0.38
X-2129,KNG1,3827.0,Amp5,5.24
X-2129,KRBA1,84626.0,MutNovel,"G145V,0.467"
X-2129,KRT14,3861.0,MutNovel,"T308S,0.673"
X-2129,KRT14,3861.0,MutNovel,"E304D,0.698"
X-2129,KRT14,3861.0,MutNovel,"M294V,0.215"
X-2129,KRT14,3861.0,MutNovel,"L284P,0.316"
X-2129,KRT14,3861.0,MutNovel,"E227V,0.375"
X-2129,KRT14,3861.0,MutNovel,"L96F,0.350"
X-2129,KRT2,3849.0,MutNovel,"F53L,0.667"
X-2129,KRT32,3882.0,MutNovel,"V195L,0.600"
X-2129,KRT4,3851.0,MutNovel,"L253M,0.919"
X-2129,KRT6B,3854.0,MutNovel,"S143N,0.373"
X-2129,KRT6B,3854.0,MutNovel,"G82S,0.299"
X-2129,KRT6B,3854.0,MutNovel,"S31Y,0.258"
X-2129,KRT6C,286887.0,MutNovel,"A87G,0.381"
X-2129,KRT6C,286887.0,MutNovel,"G82S,0.263"
X-2129,KRT6C,286887.0,MutNovel,"S31Y,0.730"
X-2129,KRT71,112802.0,MutNovel,"S420N,1.000"
X-2129,KRT75,9119.0,MutNovel,"I440T,0.250"
X-2129,KRT75,9119.0,MutNovel,"I440V,0.312"
X-2129,KRT75,9119.0,MutNovel,"S129N,0.545"
X-2129,KRT84,3890.0,MutNovel,"I113S,0.800"
X-2129,KRT84,3890.0,MutNovel,"A109G,0.974"
X-2129,LAD1,3898.0,MutNovel,"L161F,0.658"
X-2129,LAMP3,27074.0,Amp5,5.24
X-2129,LEPREL1,55214.0,Amp5,5.24
X-2129,LEUTX,342900.0,Amp5,5.24
X-2129,LGALS13,29124.0,Amp5,5.24
X-2129,LGALS14,56891.0,Amp5,5.24
X-2129,LGALS16,148003.0,Amp5,5.24
X-2129,LGALS17A,400696.0,Amp5,5.24
X-2129,LGI3,203190.0,MutNovel,"P12L,1.000"
X-2129,LIPH,200879.0,Amp5,5.24
X-2129,LIPK,643414.0,MutNovel,"S273N,1.000"
X-2129,LMLN,89782.0,Amp5,5.21
X-2129,LOC100128023,100128023.0,Amp5,5.17
X-2129,LOC100129935,100129935.0,Amp5,5.24
X-2129,LOC100131551,100131551.0,Amp5,5.17
X-2129,LOC100131635,100131635.0,Amp5,5.24
X-2129,LOC100505687,100505687.0,Amp5,5.24
X-2129,LOC100507391,100507391.0,Amp5,5.17
X-2129,LOC100507443,100507443.0,Amp5,5.54
X-2129,LOC100996287,,MutNovel,"C136R,1.000"
X-2129,LOC100996287,,MutNovel,"W192R,1.000"
X-2129,LOC100996287,,MutNovel,"V198A,1.000"
X-2129,LOC100996287,,MutNovel,"T204M,1.000"
X-2129,LOC100996287,,MutNovel,"M217T,1.000"
X-2129,LOC100996519,,MutNovel,"I3V,1.000"
X-2129,LOC152217,152217.0,Amp5,5.21
X-2129,LOC220729,220729.0,Amp5,5.21
X-2129,LOC253573,253573.0,Amp5,5.24
X-2129,LOC257396,257396.0,Del0.8,0.74
X-2129,LOC344887,344887.0,Amp5,5.24
X-2129,LOC401109,401109.0,Amp5,5.21
X-2129,LOC647323,647323.0,Amp5,5.17
X-2129,LPP,4026.0,Amp5,5.24
X-2129,LPP-AS2,339929.0,Amp5,5.24
X-2129,LRCH3,84859.0,Amp5,5.21
X-2129,LRFN1,57622.0,Amp5,5.24
X-2129,LRP1B,53353.0,MutNovel,"P3089T,0.667"
X-2129,LRP2,4036.0,MutKnownFunctional,"E3967*,1.000"
X-2129,LRRC15,131578.0,Amp5,5.17
X-2129,LRRC33,375387.0,Amp5,5.21
X-2129,LRRC4B,94030.0,MutNovel,"R547Q,1.000"
X-2129,LSG1,55341.0,Amp5,5.17
X-2129,LSR,51599.0,MutNovel,"G518GR,0.244"
X-2129,LTBP3,4054.0,MutNovel,"LLL33-,0.700"
X-2129,LTBP4,8425.0,Amp5,5.24
X-2129,MAGEF1,64110.0,Amp5,5.24
X-2129,MAGI1,9223.0,MutNovel,"Q421HR,0.407"
X-2129,MAP3K10,4294.0,Amp5,5.24
X-2129,MAP3K13,9175.0,Amp5,5.24
X-2129,MAP3K4,4216.0,MutNovel,"PA1189P,0.360"
X-2129,MAP6D1,79929.0,Amp5,5.24
X-2129,MAPK9,5601.0,MutNovel,"P254Q,0.729"
X-2129,MASP1,5648.0,Amp5,5.24
X-2129,MB21D2,151963.0,Amp5,5.31
X-2129,MCCC1,56922.0,Amp5,5.24
X-2129,MCF2L2,23101.0,Amp5,5.24
X-2129,MDH1B,130752.0,MutNovel,"A276T,0.500"
X-2129,MED29,55588.0,Amp5,5.24
X-2129,MFI2,4241.0,Amp5,5.21
X-2129,MFI2-AS1,100507057.0,Amp5,5.21
X-2129,MFN1,55669.0,Amp5,5.24
X-2129,MFSD3,113655.0,MutNovel,"A211V,0.426"
X-2129,MFSD8,256471.0,MutNovel,"S460C,0.352"
X-2129,MGAM,8972.0,MutNovel,"K1059N,0.400"
X-2129,MGC2889,84789.0,Amp5,5.17
X-2129,MIA,8190.0,Amp5,5.24
X-2129,MIA-RAB4B,100529262.0,Amp5,5.24
X-2129,MICAL3,57553.0,MutNovel,"VV1485V,0.244"
X-2129,MIR1224,100187716.0,Amp5,5.24
X-2129,MIR31,407035.0,Del0.8,0.38
X-2129,MIR3128,100422824.0,Amp5,7.36
X-2129,MIR31HG,554202.0,Del0.8,0.38
X-2129,MIR4474,100616441.0,Del0.8,0.33
X-2129,MIR4491,100616330.0,Del0.8,0.78
X-2129,MIR4530,100616163.0,Amp5,5.24
X-2129,MIR4797,100616216.0,Amp5,5.21
X-2129,MIR491,574444.0,Del0.8,0.36
X-2129,MIR570,693155.0,Amp8,8.46
X-2129,MIR641,693226.0,Amp5,5.24
X-2129,MIR873,100126316.0,Amp5,5.46
X-2129,MIR876,100126310.0,Amp5,5.46
X-2129,MIR922,100126321.0,Amp5,5.21
X-2129,MIR944,100126340.0,Amp5,5.24
X-2129,MLL2,8085.0,MutNovel,"Y1692H,1.000"
X-2129,MLLT3,4300.0,Del0.8,0.68
X-2129,MN1,4330.0,MutNovel,"A964E,0.446"
X-2129,MPRIP,23164.0,MutNovel,"TS178T,0.553"
X-2129,MRPL47,57129.0,Amp5,5.24
X-2129,MSH3,4437.0,MutNovel,"AAPP61A,0.592"
X-2129,MTAP,4507.0,Del0.8,0.38
X-2129,MUC16,94025.0,MutNovel,"P14494S,0.714"
X-2129,MUC20,200958.0,Amp5,5.21
X-2129,MUC4,4585.0,MutNovel,"V4131L,1.000"
X-2129,MUC4,4585.0,MutNovel,"Q4125H,1.000"
X-2129,MUC4,4585.0,MutNovel,"P4050T,1.000"
X-2129,MUC4,4585.0,MutNovel,"A4025V,1.000"
X-2129,MUC4,4585.0,MutNovel,"R3920H,1.000"
X-2129,MUC4,4585.0,MutNovel,"HA3325QT,0.667"
X-2129,MUC4,4585.0,MutNovel,"D3253E,1.000"
X-2129,MUC4,4585.0,MutNovel,"P2594H,1.000"
X-2129,MUC4,4585.0,MutNovel,"V655I,0.240"
X-2129,MUC4,4585.0,Amp5,5.21
X-2129,MXRA8,54587.0,MutNovel,"A41T,1.000"
X-2129,MYBBP1A,10514.0,MutNovel,"A165S,1.000"
X-2129,MYC,4609.0,MutNovel,"M116V,0.479"
X-2129,MYO3B,140469.0,MutNovel,"Q1197R,1.000"
X-2129,MYO5C,55930.0,MutNovel,"Q229H,0.344"
X-2129,NAA15,80155.0,MutNovel,"E581K,1.000"
X-2129,NAGLU,4669.0,MutNovel,"R674C,1.000"
X-2129,NBPF1,55672.0,MutNovel,"D712H,0.564"
X-2129,NBPF10,100132406.0,MutNovel,"P1272R,1.000"
X-2129,NBPF12,,MutKnownFunctional,"E519*,0.455"
X-2129,NBPF15,284565.0,MutNovel,"P346H,1.000"
X-2129,NBPF3,84224.0,MutNovel,"P484L,0.875"
X-2129,NCBP2,22916.0,Amp5,5.21
X-2129,NCKAP1,10787.0,Amp5,7.46
X-2129,NCOR1,9611.0,MutNovel,"DP1548D,0.982"
X-2129,NCOR2,9612.0,MutNovel,"G1839GAAA,0.572"
X-2129,NCOR2,9612.0,MutNovel,"S606C,0.246"
X-2129,NCR3LG1,,MutNovel,"R231W,0.684"
X-2129,NCRNA00185,55410.0,Del0.8,0.3
X-2129,NDUFB5,4711.0,Amp5,5.24
X-2129,NEURL4,84461.0,MutNovel,"A1528V,1.000"
X-2129,NF1,4763.0,Del0.8,0.66
X-2129,NFASC,23114.0,MutKnownFunctional,"LE516L*,0.429"
X-2129,NFE2L2,4780.0,MutNovel,"D27N,0.233"
X-2129,NFE2L2,4780.0,Amp5,7.36
X-2129,NLGN4Y,22829.0,Del0.8,0.3
X-2129,NR1H2,7376.0,MutNovel,"-173Q,0.795"
X-2129,NRL,4901.0,MutNovel,"R66Q,1.000"
X-2129,NT5C3,51251.0,MutNovel,"S177Y,0.892"
X-2129,NTF4,4909.0,MutNovel,"T197A,0.515"
X-2129,NUDCD1,84955.0,MutNovel,"V289I,0.543"
X-2129,NUDT11,55190.0,MutKnownFunctional,"-1,0.410"
X-2129,NUMBL,9253.0,Amp5,5.24
X-2129,NUP35,129401.0,Amp5,7.46
X-2129,NUP37,79023.0,MutNovel,"T12A,0.273"
X-2129,NUP93,9688.0,MutNovel,"T791A,0.440"
X-2129,OMG,4974.0,Del0.8,0.32
X-2129,OPA1,4976.0,Amp5,5.17
X-2129,ORAI1,84876.0,MutNovel,"PP43-,0.784"
X-2129,OSTN,344901.0,Amp5,5.24
X-2129,OSTalpha,200931.0,Amp5,5.21
X-2129,OTOGL,283310.0,MutNovel,"H2023R,0.778"
X-2129,PABPC3,5042.0,MutNovel,"KG231-,0.500"
X-2129,PABPC3,5042.0,MutKnownFunctional,"-299,0.750"
X-2129,PAF1,54623.0,Amp5,5.24
X-2129,PAK2,5062.0,Amp5,5.21
X-2129,PARL,55486.0,Amp5,5.24
X-2129,PAWR,5074.0,MutNovel,"A64V,0.243"
X-2129,PAXIP1,22976.0,MutNovel,"L1021F,0.360"
X-2129,PCDH11Y,83259.0,Del0.8,0.44
X-2129,PCDHA12,56137.0,MutNovel,"A427S,1.000"
X-2129,PCDHB7,56129.0,MutNovel,"P575L,1.000"
X-2129,PCYT1A,5130.0,Amp5,5.21
X-2129,PDE1A,5136.0,Amp5,5.1
X-2129,PDE5A,8654.0,MutNovel,"N196S,0.431"
X-2129,PDHX,8050.0,MutNovel,"L7V,0.444"
X-2129,PDIA4,9601.0,MutNovel,"EE46E,0.267"
X-2129,PDK1,5163.0,Amp5,7.21
X-2129,PEX5L,51555.0,Amp5,5.24
X-2129,PHLDA1,22822.0,MutNovel,"QQ194Q,0.554"
X-2129,PHRF1,57661.0,MutNovel,"R395Q,0.333"
X-2129,PIGG,54872.0,MutNovel,"V486L,0.493"
X-2129,PIGX,54965.0,Amp5,5.21
X-2129,PIGZ,80235.0,Amp5,5.21
X-2129,PIK3C2G,5288.0,MutNovel,"C874F,0.625"
X-2129,PIK3CA,5290.0,Amp5,5.24
X-2129,PITPNM1,9600.0,MutNovel,"D289N,0.286"
X-2129,PKP3,11187.0,MutNovel,"S712L,0.375"
X-2129,PLCB1,23236.0,MutNovel,"R815Q,0.250"
X-2129,PLD3,23646.0,Amp5,5.24
X-2129,PLEC,5339.0,MutNovel,"E1809K,0.505"
X-2129,PLEKHG2,64857.0,MutNovel,"I280M,0.812"
X-2129,PLEKHG2,64857.0,Amp5,5.24
X-2129,POLD3,10714.0,MutNovel,"S374I,0.705"
X-2129,POLR2H,5437.0,Amp5,5.24
X-2129,POU2AF1,5450.0,Del0.8,0.78
X-2129,PPIP5K1,9677.0,MutNovel,"S275F,0.596"
X-2129,PPP1R2,5504.0,Amp5,5.17
X-2129,PRKY,5616.0,Del0.8,0.33
X-2129,PROX1,5629.0,MutKnownFunctional,"C715*,1.000"
X-2129,PRR18,285800.0,MutNovel,"S275W,0.226"
X-2129,PRSS36,146547.0,MutNovel,"G468D,0.400"
X-2129,PRX,57716.0,Amp5,5.24
X-2129,PRY,9081.0,Del0.8,0.3
X-2129,PRY,9081.0,Del0.8,0.3
X-2129,PRY2,442862.0,Del0.8,0.3
X-2129,PRY2,442862.0,Del0.8,0.3
X-2129,PSMC4,5704.0,Amp5,5.24
X-2129,PSMD2,5708.0,Amp5,5.24
X-2129,PSME1,5720.0,MutNovel,"T161S,1.000"
X-2129,PSPC1,55269.0,MutNovel,"R522K,0.260"
X-2129,PTPLAD2,401494.0,Del0.8,0.4
X-2129,PYDC2,152138.0,Amp5,5.24
X-2129,PYROXD2,84795.0,MutNovel,"R476T,1.000"
X-2129,RAB4B,53916.0,Amp5,5.24
X-2129,RAB4B-EGLN2,100529264.0,Amp5,5.24
X-2129,RAD51AP1,10635.0,MutNovel,"A104V,0.504"
X-2129,RANBP2,5903.0,MutNovel,"R784K,0.329"
X-2129,RAPGEF4,11069.0,Amp5,5.43
X-2129,RASSF6,166824.0,MutNovel,"M118V,0.596"
X-2129,RBM10,8241.0,MutNovel,"S6P,1.000"
X-2129,RBMY1A3P,286557.0,Del0.8,0.33
X-2129,RBMY1B,378948.0,Del0.8,0.3
X-2129,RBMY1B,378948.0,Del0.8,0.3
X-2129,RBMY1E,378950.0,Del0.8,0.3
X-2129,RBMY1E,378950.0,Del0.8,0.3
X-2129,RBMY1F,159163.0,Del0.8,0.3
X-2129,RBMY1F,159163.0,Del0.8,0.3
X-2129,RBMY1J,378951.0,Del0.8,0.3
X-2129,RBMY1J,378951.0,Del0.8,0.3
X-2129,RBMY2EP,159125.0,Del0.8,0.3
X-2129,RBMY2FP,159162.0,Del0.8,0.3
X-2129,RBMY3AP,64593.0,Del0.8,0.3
X-2129,RCAN2,10231.0,Amp5,5.03
X-2129,RDX,5962.0,Del0.8,0.78
X-2129,REPIN1,29803.0,MutNovel,"P428T,0.512"
X-2129,REST,5978.0,MutNovel,"E829K,0.474"
X-2129,RFC4,5984.0,Amp5,5.24
X-2129,RGL1,23179.0,MutNovel,"S297T,0.630"
X-2129,RGPD2,,MutNovel,"S263N,1.000"
X-2129,RGPD4,285190.0,MutNovel,"S264N,0.750"
X-2129,RIN3,79890.0,MutNovel,"G967-,0.667"
X-2129,RNF168,165918.0,Amp5,5.21
X-2129,RNF7,9616.0,MutNovel,"G25V,0.287"
X-2129,RPL35A,6165.0,Amp5,5.21
X-2129,RPL39L,116832.0,Amp5,5.24
X-2129,RPS16,6217.0,Amp5,5.24
X-2129,RPS4Y1,6192.0,Del0.8,0.44
X-2129,RPS4Y2,140032.0,Del0.8,0.3
X-2129,RPS6KA2,6196.0,MutNovel,"A716T,0.203"
X-2129,RPS6KA5,9252.0,MutNovel,"V454A,1.000"
X-2129,RTP1,132112.0,Amp5,5.24
X-2129,RTP2,344892.0,Amp5,5.24
X-2129,RTP4,64108.0,Amp5,5.24
X-2129,SAMD4B,55095.0,Amp5,5.24
X-2129,SDHAP1,255812.0,Amp5,5.21
X-2129,SDHAP2,727956.0,Amp5,6.59
X-2129,SELO,83642.0,MutNovel,"A54G,0.358"
X-2129,SELV,348303.0,Amp5,5.24
X-2129,SEMA4D,10507.0,MutNovel,"Q590H,0.368"
X-2129,SENP2,59343.0,Amp5,5.24
X-2129,SENP5,205564.0,Amp5,5.21
X-2129,SERINC2,347735.0,MutNovel,"-373Q,0.715"
X-2129,SERPINB4,6318.0,Del0.8,0.8
X-2129,SERTAD1,29950.0,Amp5,5.24
X-2129,SERTAD3,29946.0,Amp5,5.24
X-2129,SETD2,29072.0,MutNovel,"F569C,1.000"
X-2129,SETMAR,6419.0,MutNovel,"F357L,0.958"
X-2129,SHANK3,85358.0,MutNovel,"W1499C,0.323"
X-2129,SHKBP1,92799.0,Amp5,5.24
X-2129,SLAIN1,122060.0,MutNovel,"S214C,1.000"
X-2129,SLC22A23,63027.0,MutNovel,"I3V,1.000"
X-2129,SLC25A43,203427.0,MutNovel,"D7E,0.273"
X-2129,SLC6A9,6536.0,MutNovel,"G637R,0.282"
X-2129,SLCO1B3,28234.0,MutNovel,"A257D,0.657"
X-2129,SLIT2,9353.0,MutNovel,"N719H,0.343"
X-2129,SMCHD1,23347.0,MutNovel,"A717V,0.333"
X-2129,SNAPC4,6621.0,MutNovel,"S542-,0.646"
X-2129,SNAR-I,100170222.0,Amp5,5.24
X-2129,SNORA4,619568.0,Amp5,5.24
X-2129,SNORA63,6043.0,Amp5,5.24
X-2129,SNORA81,677847.0,Amp5,5.24
X-2129,SNORD2,619567.0,Amp5,5.24
X-2129,SNORD66,692107.0,Amp5,5.24
X-2129,SNRPA,6626.0,Amp5,5.24
X-2129,SOCS1,8651.0,MutNovel,"Q210H,0.528"
X-2129,SOCS7,30837.0,MutNovel,"E179EQ,0.667"
X-2129,SOX2,6657.0,Amp5,5.24
X-2129,SOX2-OT,347689.0,Amp5,5.24
X-2129,SPATA7,55812.0,MutNovel,"A275S,1.000"
X-2129,SPTBN1,6711.0,MutNovel,"N900S,0.693"
X-2129,SPTBN4,57731.0,Amp5,5.24
X-2129,SRXN1,140809.0,MutNovel,"R4L,0.494"
X-2129,SRY,6736.0,Del0.8,0.44
X-2129,SST,6750.0,Amp5,5.24
X-2129,ST6GAL1,6480.0,Amp5,5.24
X-2129,STARD3,10948.0,MutNovel,"L138R,1.000"
X-2129,STK31,56164.0,MutNovel,"F795N,1.000"
X-2129,STS,412.0,MutNovel,"H439L,0.348"
X-2129,SUPT5H,6829.0,Amp5,5.24
X-2129,TAOK2,9344.0,MutNovel,"R1221Q,0.294"
X-2129,TBCCD1,55171.0,Amp5,5.24
X-2129,TBL1Y,90665.0,Del0.8,0.33
X-2129,TBP,6908.0,MutNovel,"-64Q,0.314"
X-2129,TCF3,6929.0,MutKnownFunctional,"E532*,1.000"
X-2129,TCTEX1D2,255758.0,Amp5,5.21
X-2129,TFF3,7033.0,MutKnownFunctional,"E37*,0.875"
X-2129,TFRC,7037.0,Amp5,5.21
X-2129,TGIF2LY,90655.0,Del0.8,0.44
X-2129,THEGL,,MutNovel,"L386Q,1.000"
X-2129,THPO,7066.0,Amp5,5.24
X-2129,TIMM50,92609.0,Amp5,5.24
X-2129,TLR6,10333.0,MutNovel,"V465I,0.286"
X-2129,TM4SF19,116211.0,Amp5,5.21
X-2129,TM4SF19-TCTEX1D2,100534611.0,Amp5,5.21
X-2129,TMCO7,79613.0,MutNovel,"Q867H,0.429"
X-2129,TMEM129,92305.0,MutNovel,"E308K,0.533"
X-2129,TMEM140,55281.0,MutNovel,"C106S,0.525"
X-2129,TMEM183B,,MutNovel,"H197R,0.429"
X-2129,TMEM184A,202915.0,MutNovel,"G392GA,0.848"
X-2129,TMEM207,131920.0,Amp5,5.24
X-2129,TMEM41A,90407.0,Amp5,5.24
X-2129,TMEM44,93109.0,Amp5,5.17
X-2129,TMEM8B,51754.0,MutNovel,"L19I,0.384"
X-2129,TMSB4Y,9087.0,Del0.8,0.3
X-2129,TNFAIP2,7127.0,MutNovel,"EK32E,0.778"
X-2129,TNFRSF12A,51330.0,MutNovel,"R3Q,0.866"
X-2129,TNK2,10188.0,Amp5,5.21
X-2129,TNRC6C,57690.0,MutNovel,"T1241I,1.000"
X-2129,TP63,8626.0,Amp5,5.24
X-2129,TPRG1,285386.0,Amp5,5.24
X-2129,TPTE,7179.0,Del0.8,0.68
X-2129,TRA2B,6434.0,Amp5,5.24
X-2129,TRIM49B,,MutNovel,"A247G,1.000"
X-2129,TRIM49B,,MutNovel,"H253Q,1.000"
X-2129,TRIM8,81603.0,MutNovel,"Q453L,0.995"
X-2129,TRIP11,9321.0,MutNovel,"V543F,1.000"
X-2129,TSC22D1,8848.0,MutNovel,"D969N,1.000"
X-2129,TSPY1,7258.0,Del0.8,0.33
X-2129,TSPY2,64591.0,Del0.8,0.16
X-2129,TSPY3,728137.0,Del0.8,0.33
X-2129,TSPY4,728395.0,Del0.8,0.33
X-2129,TSPY8,728403.0,Del0.8,0.33
X-2129,TSPYL1,7259.0,MutNovel,"V176VW,0.889"
X-2129,TTC14,151613.0,Amp5,5.24
X-2129,TTC21B,79809.0,MutNovel,"N771D,0.453"
X-2129,TTC26,79989.0,MutNovel,"T520A,0.613"
X-2129,TTC3,7267.0,MutNovel,"K1153I,0.255"
X-2129,TTC9B,148014.0,Amp5,5.24
X-2129,TTF2,8458.0,MutNovel,"A608V,0.591"
X-2129,TTTY10,246119.0,Del0.8,0.3
X-2129,TTTY11,83866.0,Del0.8,0.33
X-2129,TTTY12,83867.0,Del0.8,0.33
X-2129,TTTY13,83868.0,Del0.8,0.3
X-2129,TTTY14,83869.0,Del0.8,0.3
X-2129,TTTY15,64595.0,Del0.8,0.3
X-2129,TTTY16,252948.0,Del0.8,0.33
X-2129,TTTY17A,252949.0,Del0.8,0.3
X-2129,TTTY17A,252949.0,Del0.8,0.3
X-2129,TTTY18,252950.0,Del0.8,0.33
X-2129,TTTY19,252952.0,Del0.8,0.33
X-2129,TTTY1B,100101116.0,Del0.8,0.16
X-2129,TTTY1B,100101116.0,Del0.8,0.3
X-2129,TTTY2,60439.0,Del0.8,0.16
X-2129,TTTY2,60439.0,Del0.8,0.3
X-2129,TTTY20,252951.0,Del0.8,0.33
X-2129,TTTY21,252953.0,Del0.8,0.3
X-2129,TTTY21,252953.0,Del0.8,0.33
X-2129,TTTY22,252954.0,Del0.8,0.3
X-2129,TTTY23,252955.0,Del0.8,0.16
X-2129,TTTY23,252955.0,Del0.8,0.3
X-2129,TTTY3,114760.0,Del0.8,0.3
X-2129,TTTY3,114760.0,Del0.8,0.3
X-2129,TTTY4,114761.0,Del0.8,0.3
X-2129,TTTY4,114761.0,Del0.8,0.3
X-2129,TTTY5,83863.0,Del0.8,0.3
X-2129,TTTY6,84672.0,Del0.8,0.3
X-2129,TTTY6,84672.0,Del0.8,0.3
X-2129,TTTY7,246122.0,Del0.8,0.3
X-2129,TTTY7,246122.0,Del0.8,0.33
X-2129,TTTY7B,100101120.0,Del0.8,0.3
X-2129,TTTY7B,100101120.0,Del0.8,0.33
X-2129,TTTY8,84673.0,Del0.8,0.3
X-2129,TTTY8,84673.0,Del0.8,0.33
X-2129,TTTY9A,83864.0,Del0.8,0.3
X-2129,TTTY9A,83864.0,Del0.8,0.3
X-2129,TXLNG2P,246126.0,Del0.8,0.3
X-2129,UBE2Q1,55585.0,MutNovel,"G32V,0.667"
X-2129,UBXN7,26043.0,Amp5,5.21
X-2129,UGT1A10,54575.0,Del0.8,0.65
X-2129,UGT1A3,54659.0,Del0.8,0.65
X-2129,UGT1A4,54657.0,Del0.8,0.65
X-2129,UGT1A5,54579.0,Del0.8,0.65
X-2129,UGT1A6,54578.0,Del0.8,0.65
X-2129,UGT1A7,54577.0,Del0.8,0.65
X-2129,UGT1A8,54576.0,Del0.8,0.65
X-2129,UGT1A9,54600.0,MutNovel,"N152A,0.972"
X-2129,UGT1A9,54600.0,Del0.8,0.65
X-2129,UGT2B17,7367.0,MutNovel,"F106C,0.385"
X-2129,UGT2B28,54490.0,Del0.8,0.25
X-2129,UNC93B1,81622.0,MutNovel,"E591K,0.635"
X-2129,USP13,8975.0,Amp5,5.24
X-2129,USP20,10868.0,MutNovel,"E551K,1.000"
X-2129,USP9Y,8287.0,Del0.8,0.3
X-2129,UTP23,84294.0,MutNovel,"V118L,0.450"
X-2129,UTS2D,257313.0,Amp5,5.24
X-2129,UTY,7404.0,Del0.8,0.3
X-2129,VCX3A,51481.0,MutNovel,"V186M,1.000"
X-2129,VCY,9084.0,Del0.8,0.3
X-2129,VCY,9084.0,Del0.8,0.3
X-2129,VPS51,,MutNovel,"P560A,0.290"
X-2129,VPS8,23355.0,Amp5,5.24
X-2129,VWA1,64856.0,MutNovel,"A326P,1.000"
X-2129,VWA5B2,90113.0,Amp5,5.24
X-2129,WASH1,100287171.0,MutNovel,"A437G,0.727"
X-2129,WDR35,57539.0,MutNovel,"E1149Q,0.611"
X-2129,WDR53,348793.0,Amp5,5.21
X-2129,WDR85,92715.0,MutNovel,"Q117K,1.000"
X-2129,WRN,7486.0,MutKnownFunctional,"VE159V*,1.000"
X-2129,XKRY2,353515.0,Del0.8,0.3
X-2129,XKRY2,353515.0,Del0.8,0.3
X-2129,XPO1,7514.0,MutNovel,"I540V,0.688"
X-2129,XXYLT1,152002.0,Amp5,5.17
X-2129,YEATS2,55689.0,Amp5,5.24
X-2129,YJEFN3,374887.0,MutNovel,"E202Q,0.548"
X-2129,ZBTB12B,,MutNovel,"S209F,1.000"
X-2129,ZBTB20,26137.0,Del0.8,0.63
X-2129,ZC3H12C,85463.0,Del0.8,0.78
X-2129,ZDHHC11B,,MutNovel,"V331I,0.500"
X-2129,ZDHHC11B,,MutNovel,"H159R,1.000"
X-2129,ZDHHC19,131540.0,Amp5,5.21
X-2129,ZFHX4,79776.0,MutKnownFunctional,"K1177*,0.583"
X-2129,ZFP36,7538.0,Amp5,5.24
X-2129,ZFP90,146198.0,MutNovel,"V326F,0.458"
X-2129,ZFY,7544.0,Del0.8,0.44
X-2129,ZMAT3,64393.0,Amp5,5.24
X-2129,ZNF384,171017.0,MutNovel,"QQ514Q,0.382"
X-2129,ZNF469,84627.0,MutNovel,"G3647C,1.000"
X-2129,ZNF546,339327.0,Amp5,5.24
X-2129,ZNF624,57547.0,MutKnownFunctional,"E250*,1.000"
X-2129,ZNF639,51193.0,Amp5,5.24
X-2129,ZNF644,84146.0,MutNovel,"A734E,0.360"
X-2129,ZNF780A,284323.0,Amp5,5.24
X-2129,ZNF780B,163131.0,Amp5,5.24
X-2129,ZWINT,11130.0,MutNovel,"A232VRP,0.792"
X-2148,ABCA4,24.0,MutNovel,"G1748R,0.424"
X-2148,ABCF1,23.0,MutNovel,"G92R,0.484"
X-2148,ABHD12B,145447.0,Amp5,5.54
X-2148,ACIN1,22985.0,MutNovel,"S216C,0.774"
X-2148,ACIN1,22985.0,Amp5,5.24
X-2148,ACSM5,54988.0,MutNovel,"A236E,1.000"
X-2148,ACSM5,54988.0,MutNovel,"R257W,1.000"
X-2148,ACY3,91703.0,MutNovel,"R63C,1.000"
X-2148,ADCK3,56997.0,MutNovel,"G74V,0.494"
X-2148,ADCY4,196883.0,Amp5,5.7
X-2148,AKAP6,9472.0,MutKnownFunctional,"-2155?,0.500"
X-2148,AKAP6,9472.0,Amp5,5.82
X-2148,AMELY,266.0,Del0.8,0.78
X-2148,ANKRD36,375248.0,MutNovel,"T998S,0.357"
X-2148,AP1G2,8906.0,Amp5,5.24
X-2148,AP4S1,11154.0,Amp5,5.82
X-2148,AP5M1,,MutNovel,"P482L,0.307"
X-2148,ARF6,382.0,Amp5,5.54
X-2148,ARHGAP5,394.0,Amp5,5.82
X-2148,ARHGAP5-AS1,84837.0,Amp5,5.82
X-2148,ARID2,196528.0,MutNovel,"P1562L,1.000"
X-2148,ARNTL,406.0,MutKnownFunctional,"-253?,0.357"
X-2148,ART5,116969.0,MutNovel,"-25P,1.000"
X-2148,ARV1,64801.0,MutKnownFunctional,"-170?,0.275"
X-2148,ASPM,259266.0,MutKnownFunctional,"-2284,0.250"
X-2148,ASPSCR1,79058.0,MutNovel,"R586K,0.436"
X-2148,ASTN2,23245.0,MutKnownFunctional,"E1035*,1.000"
X-2148,ATF2,1386.0,MutNovel,"M227V,0.574"
X-2148,ATG14,22863.0,Amp5,5.54
X-2148,ATG7,10533.0,MutNovel,"K117T,1.000"
X-2148,ATL1,51062.0,Amp5,5.54
X-2148,ATP5S,27109.0,Amp5,5.54
X-2148,ATRX,546.0,MutKnownFunctional,"K1036*,1.000"
X-2148,ATXN2L,11273.0,MutKnownFunctional,"-858P?,0.258"
X-2148,BAZ1A,11177.0,Amp5,7.41
X-2148,BCDIN3D,144233.0,MutNovel,"M168L,1.000"
X-2148,BCL2L2,599.0,Amp5,5.24
X-2148,BCL2L2-PABPN1,100529063.0,Amp5,5.24
X-2148,BCL7C,9274.0,MutNovel,"V36L,0.321"
X-2148,BMP4,652.0,MutNovel,"L18I,0.238"
X-2148,BMP4,652.0,Amp5,5.54
X-2148,BPTF,2186.0,MutNovel,"D996N,0.474"
X-2148,BRMS1L,84312.0,Amp5,7.41
X-2148,BTN3A3,10384.0,MutNovel,"T426I,0.581"
X-2148,BTNL3,10917.0,Del0.8,0.6
X-2148,C14orf101,54916.0,Amp5,7.01
X-2148,C14orf105,55195.0,Amp5,5.5
X-2148,C14orf119,55017.0,Amp5,5.24
X-2148,C14orf126,112487.0,Amp5,5.82
X-2148,C14orf166,51637.0,Amp5,5.54
X-2148,C14orf182,283551.0,Amp5,5.54
X-2148,C14orf183,196913.0,Amp5,5.54
X-2148,C14orf23,387978.0,Amp5,5.82
X-2148,C19orf54,284325.0,MutNovel,"P15A,0.706"
X-2148,C2orf42,54980.0,MutNovel,"G275C,1.000"
X-2148,C9orf24,84688.0,MutNovel,"R226L,0.541"
X-2148,CACNA2D1,781.0,MutNovel,"L658Q,1.000"
X-2148,CASP4,837.0,MutNovel,"G100R,1.000"
X-2148,CBLN3,643866.0,Amp5,5.7
X-2148,CCDC11,220136.0,MutNovel,"S57N,1.000"
X-2148,CCDC66,285331.0,MutNovel,"S606SP,1.000"
X-2148,CCT6A,908.0,MutNovel,"R224S,0.398"
X-2148,CD320,51293.0,MutNovel,"A16S,0.979"
X-2148,CDC45,8318.0,MutNovel,"S183C,1.000"
X-2148,CDH2,1000.0,MutNovel,"R236S,1.000"
X-2148,CDH24,64403.0,Amp5,5.24
X-2148,CDKL1,8814.0,Amp5,5.54
X-2148,CDKN3,1033.0,Amp5,5.54
X-2148,CEACAM3,1084.0,MutNovel,"G48V,0.714"
X-2148,CEBPE,1053.0,Amp5,5.24
X-2148,CEP350,9857.0,MutNovel,"A217T,0.833"
X-2148,CEP95,90799.0,MutNovel,"Y669-,0.394"
X-2148,CFHR1,3078.0,Amp5,5.24
X-2148,CFHR3,10878.0,Amp5,5.1
X-2148,CFL2,1073.0,Amp5,7.41
X-2148,CGRRF1,10668.0,Amp5,5.54
X-2148,CHMP4A,29082.0,Amp5,5.7
X-2148,CIDEB,27141.0,Amp5,5.7
X-2148,CLASP1,23332.0,MutNovel,"D1169G,0.392"
X-2148,CLEC14A,161198.0,Amp5,7.41
X-2148,CLK4,57396.0,MutNovel,"C43Y,1.000"
X-2148,CMA1,1215.0,Amp5,5.7
X-2148,CMTM5,116173.0,Amp5,5.24
X-2148,CNIH,10175.0,Amp5,5.54
X-2148,COCH,1690.0,Amp5,5.82
X-2148,COL1A1,1277.0,MutNovel,"P915S,0.619"
X-2148,COPZ1,22818.0,MutNovel,"M89L,0.985"
X-2148,CPNE6,9362.0,Amp5,5.7
X-2148,CPT1A,1374.0,MutNovel,"R316P,1.000"
X-2148,CRAT,1384.0,MutNovel,"R294K,1.000"
X-2148,CRIPAK,285464.0,MutNovel,"V164A,0.625"
X-2148,CRYBG3,,MutNovel,"K224M,0.500"
X-2148,CT45A2,728911.0,Del0.8,0.71
X-2148,CT45A3,441519.0,Del0.8,0.71
X-2148,CT45A4,441520.0,Del0.8,0.71
X-2148,CTAGE5,4253.0,Amp5,7.11
X-2148,CTDSPL,10217.0,Del0.8,0.68
X-2148,CTSG,1511.0,Amp5,5.7
X-2148,DACH1,1602.0,MutNovel,"A332S,1.000"
X-2148,DCAF11,80344.0,Amp5,5.7
X-2148,DDHD1,80821.0,Amp5,5.54
X-2148,DDX20,11218.0,MutNovel,"M421-,0.419"
X-2148,DEFA10P,449493.0,Del0.8,0.69
X-2148,DEFB104B,503618.0,Del0.8,0.76
X-2148,DEPDC1,55635.0,MutNovel,"K477N,0.569"
X-2148,DGKQ,1609.0,MutNovel,"P27L,1.000"
X-2148,DHRS1,115817.0,Amp5,5.7
X-2148,DHRS2,10202.0,Amp5,5.24
X-2148,DHRS4,10901.0,Amp5,5.24
X-2148,DHRS4L2,317749.0,Amp5,5.24
X-2148,DHX35,60625.0,MutKnownFunctional,"-684,0.852"
X-2148,DLGAP5,9787.0,Amp5,5.54
X-2148,DMBT1,1755.0,Del0.8,0.72
X-2148,DNAAF2,55172.0,Amp5,7.11
X-2148,DOCK7,85440.0,MutNovel,"G1809V,0.521"
X-2148,DRD4,1815.0,MutNovel,"R252G,1.000"
X-2148,DUS4L,11062.0,MutKnownFunctional,"-128,0.929"
X-2148,EBF4,57593.0,MutNovel,"Q75R,1.000"
X-2148,EFS,10278.0,Amp5,5.24
X-2148,EGLN3,112399.0,Amp5,5.82
X-2148,EIF4G3,8672.0,MutNovel,"G864C,0.574"
X-2148,ENOX1,55068.0,MutNovel,"E534D,1.000"
X-2148,EPHB1,2047.0,MutNovel,"P869S,0.490"
X-2148,ERMAP,114625.0,MutNovel,"L114F,0.640"
X-2148,ERO1L,30001.0,Amp5,5.54
X-2148,EXOC5,10640.0,Amp5,7.01
X-2148,EYA1,2138.0,MutNovel,"F82L,0.286"
X-2148,FAM106A,80039.0,Del0.8,0.6
X-2148,FAM106CP,100129396.0,Amp5,5.39
X-2148,FAM157A,728262.0,MutNovel,"A346T,0.800"
X-2148,FAM177A1,283635.0,Amp5,7.41
X-2148,FAM197Y2P,252946.0,Del0.8,0.78
X-2148,FAM21A,387680.0,Del0.8,0.33
X-2148,FAM83H,286077.0,MutNovel,"G722C,0.652"
X-2148,FAS,355.0,MutKnownFunctional,"-299?,0.312"
X-2148,FAT3,120114.0,MutNovel,"E4259D,1.000"
X-2148,FBXO33,254170.0,Amp5,7.11
X-2148,FBXO34,55030.0,Amp5,5.54
X-2148,FERMT2,10979.0,Amp5,5.54
X-2148,FEZF1,389549.0,MutNovel,"A124S,1.000"
X-2148,FITM1,161247.0,Amp5,5.7
X-2148,FOXA1,3169.0,Amp5,7.41
X-2148,FOXG1,2290.0,Amp5,5.82
X-2148,FRMD6,122786.0,Amp5,5.54
X-2148,FRMD6-AS1,145438.0,Amp5,5.54
X-2148,G2E3,55632.0,Amp5,5.82
X-2148,GABRA3,2556.0,MutNovel,"G47A,1.000"
X-2148,GCH1,2643.0,Amp5,5.54
X-2148,GEMIN2,8487.0,Amp5,7.11
X-2148,GIGYF2,26058.0,MutNovel,"PQ1231P,0.645"
X-2148,GIPC1,10755.0,MutKnownFunctional,"-50,0.759"
X-2148,GMFB,2764.0,Amp5,5.54
X-2148,GMPR2,51292.0,Amp5,5.7
X-2148,GNG2,54331.0,Amp5,5.54
X-2148,GNPNAT1,64841.0,Amp5,5.54
X-2148,GOLGA8B,440270.0,Del0.8,0.64
X-2148,GPR137C,283554.0,Amp5,5.54
X-2148,GPR33,2856.0,Amp5,5.82
X-2148,GSTM1,2944.0,Del0.8,0.69
X-2148,GTF2IRD2B,389524.0,MutNovel,"G211S,0.556"
X-2148,GYG2P1,352887.0,Del0.8,0.78
X-2148,GZMB,3002.0,Amp5,5.7
X-2148,GZMH,2999.0,Amp5,5.7
X-2148,HEATR5A,25938.0,Amp5,5.82
X-2148,HECTD1,25831.0,Amp5,5.82
X-2148,HIST1H4I,8294.0,MutNovel,"G3E,0.750"
X-2148,HIVEP2,3097.0,MutKnownFunctional,"E2025*,0.612"
X-2148,HLA-DRB5,3127.0,Amp5,5.54
X-2148,HLTF,6596.0,MutNovel,"T469P,0.417"
X-2148,HMGXB4,10042.0,MutNovel,"E315A,0.318"
X-2148,HNRPDL,9987.0,MutNovel,"A57V,0.595"
X-2148,HOMEZ,57594.0,MutNovel,"E150D,0.647"
X-2148,HOMEZ,57594.0,Amp5,5.24
X-2148,HRAS,3265.0,MutNovel,"R123P,0.588"
X-2148,HYDIN,54768.0,MutNovel,"R2017H,0.500"
X-2148,IARS2,55699.0,MutNovel,"R43L,0.485"
X-2148,IFT140,9742.0,MutNovel,"V417L,0.326"
X-2148,IGBP1P1,280655.0,Amp5,7.41
X-2148,IGF2BP2,10644.0,MutKnownFunctional,"-25,0.278"
X-2148,IL25,64806.0,Amp5,5.24
X-2148,INSM2,84684.0,Amp5,7.41
X-2148,IPO4,79711.0,Amp5,5.7
X-2148,IQCE,23288.0,MutNovel,"S458G,0.375"
X-2148,IRF2BP2,359948.0,MutNovel,"P118S,0.472"
X-2148,IRF2BP2,359948.0,MutNovel,"-99S,0.404"
X-2148,IRF2BPL,64207.0,MutNovel,"AAAA161A,0.625"
X-2148,IRF9,10379.0,Amp5,5.7
X-2148,ISCU,23479.0,MutNovel,"R19L,1.000"
X-2148,JPH4,84502.0,Amp5,5.24
X-2148,KHNYN,23351.0,Amp5,5.7
X-2148,KIAA0391,9692.0,Amp5,7.41
X-2148,KIAA1407,57577.0,MutKnownFunctional,"-415,0.304"
X-2148,KIAA1429,25962.0,MutNovel,"T62I,0.537"
X-2148,KIAA1468,57614.0,MutNovel,"L966F,1.000"
X-2148,KLHDC1,122773.0,Amp5,6.28
X-2148,KLHDC2,23588.0,Amp5,5.54
X-2148,KRT16P2,400578.0,Amp5,5.39
X-2148,KTN1,3895.0,Amp5,5.54
X-2148,KTN1-AS1,100129075.0,Amp5,5.54
X-2148,L2HGDH,79944.0,Amp5,5.54
X-2148,LAMA5,3911.0,MutNovel,"R1470L,1.000"
X-2148,LCE3B,353143.0,Del0.8,0.22
X-2148,LCE3C,353144.0,Del0.8,0.14
X-2148,LDHB,3945.0,MutNovel,"G280R,0.998"
X-2148,LGALS3,3958.0,Amp5,5.54
X-2148,LGALS9C,654346.0,Del0.8,0.6
X-2148,LINC00520,645687.0,Amp5,7.01
X-2148,LOC100129794,100129794.0,Amp5,7.41
X-2148,LOC100132247,100132247.0,MutNovel,"P1069R,0.615"
X-2148,LOC100288846,100288846.0,Amp5,7.11
X-2148,LOC100505767,,MutNovel,"T15K,1.000"
X-2148,LOC100505967,100505967.0,Amp5,5.82
X-2148,LOC100506071,100506071.0,Amp5,5.82
X-2148,LOC100506433,100506433.0,Amp8,8.69
X-2148,LOC100506533,,MutNovel,"A21T,0.400"
X-2148,LOC100509263,,MutNovel,"R333W,0.529"
X-2148,LOC100996274,,MutNovel,"R119T,1.000"
X-2148,LOC100996607,,MutNovel,"R279W,1.000"
X-2148,LOC100996607,,MutNovel,"E348K,0.900"
X-2148,LOC283547,283547.0,Amp5,7.11
X-2148,LOC283553,283553.0,Amp5,5.54
X-2148,LOC642441,,MutNovel,"S49Y,0.667"
X-2148,LOC727924,727924.0,Del0.8,0.77
X-2148,LRBA,987.0,MutNovel,"M2510I,0.700"
X-2148,LRFN5,145581.0,Amp8,8.11
X-2148,LRR1,122769.0,Amp5,7.11
X-2148,LRRC6,23639.0,MutNovel,"L255F,0.306"
X-2148,LRRC66,339977.0,MutNovel,"R318M,0.500"
X-2148,LRRIQ3,127255.0,MutNovel,"T7I,1.000"
X-2148,LSM14A,26065.0,MutNovel,"N350H,0.628"
X-2148,LSR,51599.0,MutNovel,"G518GR,0.307"
X-2148,LTB4R,1241.0,Amp5,5.7
X-2148,LTB4R2,56413.0,Amp5,5.7
X-2148,LTBP1,4052.0,MutNovel,"G821C,0.500"
X-2148,LYRM2,57226.0,MutNovel,"M74L,1.000"
X-2148,MAGEA12,4111.0,MutNovel,"D214Y,1.000"
X-2148,MAGEA6,4105.0,Del0.8,0.64
X-2148,MAGI2,9863.0,Del0.8,0.42
X-2148,MAP2K7,5609.0,MutKnownFunctional,"E338*,0.982"
X-2148,MAP3K10,4294.0,MutNovel,"G824W,0.500"
X-2148,MAP3K4,4216.0,MutNovel,"PA1189P,0.875"
X-2148,MAP4K5,11183.0,Amp5,5.54
X-2148,MAPK1IP1L,93487.0,Amp5,5.54
X-2148,MAPK8IP3,23162.0,MutNovel,"G224S,0.262"
X-2148,MARS2,92935.0,MutKnownFunctional,"Q244*,0.582"
X-2148,MAST4,375449.0,MutNovel,"K716M,1.000"
X-2148,MAX,4149.0,MutKnownFunctional,"E103*,1.000"
X-2148,MBIP,51562.0,Amp5,7.41
X-2148,MBOAT7,79143.0,MutKnownFunctional,"Y159*,0.491"
X-2148,MDGA2,161357.0,Amp5,7.84
X-2148,MDP1,145553.0,Amp5,5.7
X-2148,MEF2A,4205.0,MutNovel,"Q412-,0.417"
X-2148,MEF2D,4209.0,MutNovel,"QPQP388P,0.250"
X-2148,MEIS1,4211.0,MutNovel,"R31T,0.800"
X-2148,METTL21D,79609.0,Amp5,5.54
X-2148,MGAT2,4247.0,Amp5,7.11
X-2148,MGMT,4255.0,MutNovel,"K209S,0.984"
X-2148,MIA2,117153.0,Amp5,7.11
X-2148,MIPOL1,145282.0,Amp5,7.41
X-2148,MIR1233-1,100302160.0,Del0.8,0.44
X-2148,MIR208A,406990.0,Amp5,5.24
X-2148,MIR208B,100126336.0,Amp5,5.24
X-2148,MIR4307,100423019.0,Amp5,5.82
X-2148,MIR4308,100422984.0,Amp5,5.54
X-2148,MIR4503,100616280.0,Amp5,7.41
X-2148,MIR4675,100616383.0,Del0.8,0.6
X-2148,MIR548AI,100616347.0,Amp5,5.82
X-2148,MIR548Y,100500919.0,Amp8,8.69
X-2148,MIR624,693209.0,Amp5,5.82
X-2148,MLL3,58508.0,MutNovel,"K4368Q,1.000"
X-2148,MPRIP,23164.0,MutNovel,"TS178T,0.595"
X-2148,MREG,55686.0,MutNovel,"G195V,0.394"
X-2148,MRPS17,51373.0,MutNovel,"R46W,0.512"
X-2148,MSH5,4439.0,MutNovel,"Q721L,0.500"
X-2148,MTF1,4520.0,MutNovel,"Q570R,0.590"
X-2148,MTRF1L,54516.0,MutNovel,"W12L,0.529"
X-2148,MUC4,4585.0,MutNovel,"R3974P,1.000"
X-2148,MYH6,4624.0,Amp5,5.24
X-2148,MYH7,4625.0,Amp5,5.24
X-2148,MZF1,7593.0,MutNovel,"G31D,0.278"
X-2148,NAA30,122830.0,Amp5,5.5
X-2148,NBEA,26960.0,MutNovel,"L667V,1.000"
X-2148,NBPF10,100132406.0,MutNovel,"I1165F,0.222"
X-2148,NBPF9,400818.0,MutNovel,"Q184R,1.000"
X-2148,NBPF9,400818.0,MutNovel,"G364R,0.278"
X-2148,NCOA3,8202.0,MutNovel,"Q1255-,0.484"
X-2148,NCOR1,9611.0,MutNovel,"D926H,0.534"
X-2148,NCOR2,9612.0,MutNovel,"G1839GAAA,0.389"
X-2148,NDUFB4,4710.0,MutNovel,"E113V,0.529"
X-2148,NEDD8,4738.0,Amp5,5.7
X-2148,NEDD8-MDP1,100528064.0,Amp5,5.7
X-2148,NEMF,9147.0,Amp5,5.54
X-2148,NFATC4,4776.0,Amp5,5.7
X-2148,NFKBIA,4792.0,Amp5,7.41
X-2148,NGDN,25983.0,Amp5,5.24
X-2148,NID2,22795.0,Amp5,5.54
X-2148,NIN,51199.0,Amp5,5.54
X-2148,NIPA1,123606.0,MutNovel,"V47L,0.889"
X-2148,NKX2-1,7080.0,Amp5,7.41
X-2148,NKX2-8,26257.0,Amp5,7.41
X-2148,NOMO1,23420.0,MutNovel,"V445M,0.692"
X-2148,NOVA1,4857.0,Amp5,5.82
X-2148,NPAS3,64067.0,Amp5,5.82
X-2148,NR1H2,7376.0,MutNovel,"-173Q,0.293"
X-2148,NRAS,4893.0,MutKnownFunctional,"Q61L,0.539"
X-2148,NRL,4901.0,Amp5,5.7
X-2148,NTF3,4908.0,MutNovel,"L247I,1.000"
X-2148,NUBPL,80224.0,Amp5,5.82
X-2148,NUP214,8021.0,MutNovel,"G1259V,1.000"
X-2148,NYNRIN,57523.0,Amp5,5.7
X-2148,OR11H12,440153.0,MutNovel,"R199L,1.000"
X-2148,OR4C6,219432.0,Del0.8,0.17
X-2148,OR4M2,390538.0,Del0.8,0.77
X-2148,OR4N3P,390539.0,Del0.8,0.77
X-2148,OR4N4,283694.0,Del0.8,0.77
X-2148,OR4P4,81300.0,Del0.8,0.17
X-2148,OR4S2,219431.0,Del0.8,0.17
X-2148,OR51A2,401667.0,Del0.8,0.64
X-2148,ORAI1,84876.0,MutNovel,"PP43-,0.765"
X-2148,OTX2,5015.0,Amp5,7.01
X-2148,PABPN1,8106.0,Amp5,5.24
X-2148,PAX9,5083.0,Amp5,7.41
X-2148,PCDH11Y,83259.0,Del0.8,0.78
X-2148,PCK2,5106.0,Amp5,5.7
X-2148,PDIK1L,149420.0,MutNovel,"V81L,0.451"
X-2148,PDZD2,23037.0,MutNovel,"Q1350R,0.500"
X-2148,PDZRN3,23024.0,MutNovel,"S377I,1.000"
X-2148,PELI2,57161.0,Amp5,7.01
X-2148,PHRF1,57661.0,MutNovel,"P1455A,0.602"
X-2148,PISD,23761.0,MutNovel,"R144L,0.273"
X-2148,PLEKHA6,22874.0,MutNovel,"P853T,0.333"
X-2148,PNN,5411.0,Amp5,7.11
X-2148,POLE2,5427.0,Amp5,7.11
X-2148,POM121C,100101267.0,MutNovel,"T882A,1.000"
X-2148,PPP1R3E,90673.0,Amp5,5.24
X-2148,PPP2R3C,55012.0,Amp5,7.41
X-2148,PRKD1,5587.0,Amp5,5.82
X-2148,PRKY,5616.0,Del0.8,0.78
X-2148,PRPF40B,25766.0,MutNovel,"G114S,0.579"
X-2148,PSMA6,5687.0,Amp5,7.41
X-2148,PSMB11,122706.0,Amp5,5.24
X-2148,PSMC6,5706.0,Amp5,5.54
X-2148,PSME1,5720.0,Amp5,5.7
X-2148,PSME2,5721.0,Amp5,5.7
X-2148,PTEN,5728.0,MutNovel,"D92N,1.000"
X-2148,PTGDR,5729.0,Amp5,5.54
X-2148,PTGER2,5732.0,Amp5,5.54
X-2148,PYGB,5834.0,MutKnownFunctional,"-629,0.897"
X-2148,PYGL,5836.0,Amp5,5.54
X-2148,RABGGTA,5875.0,Amp5,5.7
X-2148,RABGGTB,5876.0,MutNovel,"W244L,0.544"
X-2148,RADIL,55698.0,MutNovel,"K66N,0.286"
X-2148,RALGAPA1,253959.0,Amp5,7.41
X-2148,RARS,5917.0,MutNovel,"Q43L,1.000"
X-2148,RBMY1A3P,286557.0,Del0.8,0.78
X-2148,RBMY3AP,64593.0,Del0.8,0.78
X-2148,REC8,9985.0,Amp5,5.7
X-2148,REREP3,646396.0,Del0.8,0.77
X-2148,RIN3,79890.0,MutNovel,"G967-,0.593"
X-2148,RIPK3,11035.0,Amp5,5.7
X-2148,RNF185,91445.0,MutNovel,"P90S,0.309"
X-2148,RNF31,55072.0,Amp5,5.7
X-2148,RPL10L,140801.0,Amp5,7.11
X-2148,RPL13AP3,645683.0,Amp5,7.01
X-2148,RPL36AL,6166.0,Amp5,7.11
X-2148,RPS29,6235.0,Amp5,7.11
X-2148,RPS4Y1,6192.0,Del0.8,0.72
X-2148,RTN4RL1,146760.0,MutNovel,"H160R,1.000"
X-2148,SAMD4A,23034.0,Amp5,5.54
X-2148,SAV1,60485.0,Amp5,5.54
X-2148,SCAPER,49855.0,Del0.8,0.47
X-2148,SCFD1,23256.0,Amp5,5.82
X-2148,SDCCAG8,10806.0,MutKnownFunctional,"-371,0.467"
X-2148,SDR39U1,56948.0,Amp5,5.7
X-2148,SEC23A,10484.0,Amp5,7.11
X-2148,SERINC2,347735.0,MutNovel,"-373Q,0.745"
X-2148,SFPQ,6421.0,MutNovel,"H247Y,0.476"
X-2148,SFTA3,253970.0,Amp5,7.41
X-2148,SGSM2,9905.0,MutNovel,"F856L,1.000"
X-2148,SHISA9,729993.0,MutNovel,"A335D,1.000"
X-2148,SIGLEC14,100049587.0,Del0.8,0.7
X-2148,SLC22A17,51310.0,Amp5,5.24
X-2148,SLC25A21,89874.0,Amp5,7.41
X-2148,SLC34A2,10568.0,MutNovel,"C630F,0.338"
X-2148,SLC35B4,84912.0,MutNovel,"V269I,0.333"
X-2148,SLC35F4,341880.0,Amp5,5.5
X-2148,SLC7A8,23428.0,Amp5,5.24
X-2148,SLC9A2,6549.0,MutNovel,"S798L,1.000"
X-2148,SLITRK6,84189.0,MutNovel,"P270S,1.000"
X-2148,SMTN,6525.0,MutNovel,"R246G,0.580"
X-2148,SNX6,58533.0,Amp5,6.41
X-2148,SOCS4,122809.0,Amp5,5.54
X-2148,SOS2,6655.0,Amp5,5.54
X-2148,SOX13,9580.0,MutNovel,"S312I,0.680"
X-2148,SPTBN1,6711.0,MutNovel,"Q1635R,0.487"
X-2148,SPTSSA,171546.0,Amp5,5.82
X-2148,SRP54,6729.0,Amp5,7.41
X-2148,SRY,6736.0,Del0.8,0.72
X-2148,SSTR1,6751.0,Amp5,7.41
X-2148,ST6GALNAC3,256435.0,MutNovel,"V25L,0.474"
X-2148,STRN3,29966.0,Amp5,5.82
X-2148,STXBP6,29091.0,Amp5,5.7
X-2148,STYX,6815.0,Amp5,5.54
X-2148,TBL1Y,90665.0,Del0.8,0.78
X-2148,TBP,6908.0,MutNovel,"-64Q,0.286"
X-2148,TBPL2,387332.0,Amp5,5.54
X-2148,TBRG4,9238.0,MutKnownFunctional,"-11,0.438"
X-2148,TECTB,6975.0,MutNovel,"A206E,1.000"
X-2148,TEP1,7011.0,MutNovel,"L1214V,0.333"
X-2148,TGIF2LY,90655.0,Del0.8,0.78
X-2148,TGM1,7051.0,Amp5,5.7
X-2148,THTPA,79178.0,Amp5,5.24
X-2148,TINF2,26277.0,Amp5,5.7
X-2148,TM9SF1,10548.0,Amp5,5.7
X-2148,TMEM184A,202915.0,MutNovel,"G392GA,0.800"
X-2148,TMX1,81542.0,Amp5,5.54
X-2148,TNFRSF10C,8794.0,MutNovel,"T199N,0.250"
X-2148,TNIP1,10318.0,MutNovel,"Q595L,0.375"
X-2148,TNRC6C,57690.0,MutNovel,"W558L,0.593"
X-2148,TP53,7157.0,MutLikelyFunctional,"G154V,1.000"
X-2148,TRANK1,9881.0,MutNovel,"E1260K,1.000"
X-2148,TRAPPC6B,122553.0,Amp5,7.11
X-2148,TRIM9,114088.0,Amp5,5.54
X-2148,TSPY1,7258.0,Del0.8,0.78
X-2148,TSPY2,64591.0,Del0.8,0.78
X-2148,TSPY3,728137.0,Del0.8,0.78
X-2148,TSPY4,728395.0,Del0.8,0.78
X-2148,TSPY8,728403.0,Del0.8,0.78
X-2148,TSPYL1,7259.0,MutNovel,"V176VW,0.923"
X-2148,TSSK4,283629.0,Amp5,5.7
X-2148,TTTY11,83866.0,Del0.8,0.78
X-2148,TTTY12,83867.0,Del0.8,0.78
X-2148,TTTY15,64595.0,Del0.8,0.78
X-2148,TTTY16,252948.0,Del0.8,0.78
X-2148,TTTY18,252950.0,Del0.8,0.78
X-2148,TTTY19,252952.0,Del0.8,0.78
X-2148,TTTY1B,100101116.0,Del0.8,0.78
X-2148,TTTY1B,100101116.0,Del0.8,0.78
X-2148,TTTY2,60439.0,Del0.8,0.78
X-2148,TTTY2,60439.0,Del0.8,0.78
X-2148,TTTY20,252951.0,Del0.8,0.78
X-2148,TTTY21,252953.0,Del0.8,0.78
X-2148,TTTY21,252953.0,Del0.8,0.78
X-2148,TTTY22,252954.0,Del0.8,0.78
X-2148,TTTY23,252955.0,Del0.8,0.78
X-2148,TTTY23,252955.0,Del0.8,0.78
X-2148,TTTY7,246122.0,Del0.8,0.78
X-2148,TTTY7,246122.0,Del0.8,0.78
X-2148,TTTY7B,100101120.0,Del0.8,0.78
X-2148,TTTY7B,100101120.0,Del0.8,0.78
X-2148,TTTY8,84673.0,Del0.8,0.78
X-2148,TTTY8,84673.0,Del0.8,0.78
X-2148,TUBA1A,7846.0,MutNovel,"D160H,0.378"
X-2148,TXNDC16,57544.0,Amp5,5.54
X-2148,UBR5,51366.0,MutNovel,"D166N,0.408"
X-2148,USP32P1,162632.0,Amp5,5.39
X-2148,USP32P2,220594.0,Del0.8,0.6
X-2148,USP36,57602.0,MutNovel,"KKK958K,0.800"
X-2148,UTY,7404.0,MutNovel,"QS1067AG,0.286"
X-2148,UTY,7404.0,MutNovel,"A1065R,0.286"
X-2148,UTY,7404.0,MutNovel,"GG1059VR,0.250"
X-2148,UTY,7404.0,MutNovel,"S1058D,0.250"
X-2148,UTY,7404.0,MutNovel,"LL1055GL,0.250"
X-2148,UTY,7404.0,MutNovel,"QA1050RL,0.250"
X-2148,UTY,7404.0,MutNovel,"Q1050K,0.250"
X-2148,UTY,7404.0,MutNovel,"V1048H,0.250"
X-2148,UTY,7404.0,MutNovel,"T1043A,0.286"
X-2148,UTY,7404.0,MutNovel,"EH1039LY,0.273"
X-2148,UTY,7404.0,MutNovel,"N1038I,0.273"
X-2148,UTY,7404.0,MutNovel,"N1037Y,0.300"
X-2148,UTY,7404.0,MutNovel,"VE1034AI,0.333"
X-2148,UTY,7404.0,MutNovel,"LV1033SL,0.300"
X-2148,UTY,7404.0,MutKnownFunctional,"TK1030M*,0.333"
X-2148,UTY,7404.0,MutKnownFunctional,"S1029*,0.333"
X-2148,UTY,7404.0,MutKnownFunctional,"LF1027*I,0.333"
X-2148,UTY,7404.0,MutNovel,"LG1025RK,0.300"
X-2148,UTY,7404.0,MutNovel,"L1025V,0.273"
X-2148,UTY,7404.0,MutNovel,"LD1023FH,0.273"
X-2148,UTY,7404.0,MutKnownFunctional,"LK1021**,0.300"
X-2148,UTY,7404.0,MutNovel,"A1020H,0.300"
X-2148,UTY,7404.0,MutNovel,"G1019Q,0.300"
X-2148,UTY,7404.0,MutNovel,"LA1017ST,0.300"
X-2148,UTY,7404.0,MutNovel,"G1016E,0.300"
X-2148,UTY,7404.0,MutNovel,"R1015G,0.300"
X-2148,UTY,7404.0,MutNovel,"N329L,0.250"
X-2148,UTY,7404.0,MutNovel,"Q328L,0.333"
X-2148,UTY,7404.0,MutNovel,"LY324FT,0.429"
X-2148,UTY,7404.0,MutNovel,"VL323GE,0.333"
X-2148,UTY,7404.0,MutNovel,"V323L,0.429"
X-2148,UTY,7404.0,MutNovel,"G322D,0.444"
X-2148,UTY,7404.0,MutNovel,"IG321SN,0.444"
X-2148,UTY,7404.0,MutNovel,"S320C,0.500"
X-2148,UTY,7404.0,MutNovel,"TW317NL,0.400"
X-2148,UTY,7404.0,MutNovel,"T317S,0.571"
X-2148,UTY,7404.0,MutNovel,"DT316ES,0.571"
X-2148,UTY,7404.0,MutNovel,"A313I,0.429"
X-2148,UTY,7404.0,MutNovel,"EA312IT,0.571"
X-2148,UTY,7404.0,MutNovel,"KS310RK,0.600"
X-2148,UTY,7404.0,MutKnownFunctional,"DK309V*,0.625"
X-2148,UTY,7404.0,MutKnownFunctional,"G288*,0.500"
X-2148,UTY,7404.0,MutNovel,"G281F,0.300"
X-2148,UTY,7404.0,MutNovel,"SG280CC,0.444"
X-2148,UTY,7404.0,MutNovel,"N279R,0.300"
X-2148,UTY,7404.0,MutNovel,"DP277EA,0.375"
X-2148,UTY,7404.0,MutNovel,"A276E,0.500"
X-2148,UTY,7404.0,MutKnownFunctional,"A276*,0.500"
X-2148,UTY,7404.0,MutNovel,"L274R,0.444"
X-2148,UTY,7404.0,MutNovel,"S273Y,0.444"
X-2148,UTY,7404.0,MutNovel,"S273H,0.444"
X-2148,UTY,7404.0,MutNovel,"Q271P,0.444"
X-2148,UTY,7404.0,MutNovel,"Q271A,0.444"
X-2148,UTY,7404.0,MutKnownFunctional,"YL269*I,0.333"
X-2148,UTY,7404.0,MutNovel,"I267M,0.308"
X-2148,UTY,7404.0,MutNovel,"I267R,0.308"
X-2148,UTY,7404.0,MutNovel,"I267V,0.250"
X-2148,UTY,7404.0,MutNovel,"Y265C,0.300"
X-2148,UTY,7404.0,MutNovel,"T261S,0.214"
X-2148,UTY,7404.0,MutNovel,"A260Y,0.214"
X-2148,UTY,7404.0,MutNovel,"KA259TS,0.250"
X-2148,UTY,7404.0,MutNovel,"VG256DR,0.250"
X-2148,UTY,7404.0,MutNovel,"V256Q,0.333"
X-2148,UTY,7404.0,MutNovel,"DL254VL,0.214"
X-2148,UTY,7404.0,MutNovel,"H251F,0.368"
X-2148,UTY,7404.0,MutNovel,"M249R,0.250"
X-2148,UTY,7404.0,MutNovel,"W248R,0.316"
X-2148,UTY,7404.0,MutNovel,"LG246CS,0.370"
X-2148,UTY,7404.0,MutNovel,"Q244I,0.429"
X-2148,UTY,7404.0,MutKnownFunctional,"LQ243*I,0.429"
X-2148,UTY,7404.0,MutNovel,"V242A,0.481"
X-2148,UTY,7404.0,MutNovel,"AT240QS,0.375"
X-2148,UTY,7404.0,MutNovel,"V238Q,0.346"
X-2148,UTY,7404.0,MutNovel,"P235S,0.464"
X-2148,UTY,7404.0,MutNovel,"P235S,0.464"
X-2148,UTY,7404.0,MutNovel,"NL233KF,0.375"
X-2148,UTY,7404.0,MutKnownFunctional,"TE231D*,0.375"
X-2148,UTY,7404.0,MutNovel,"LQ229FT,0.375"
X-2148,UTY,7404.0,MutNovel,"L229K,0.429"
X-2148,UTY,7404.0,MutNovel,"EQ226FK,0.429"
X-2148,UTY,7404.0,MutNovel,"Y225M,0.455"
X-2148,UTY,7404.0,MutNovel,"K222N,0.458"
X-2148,UTY,7404.0,MutNovel,"K222L,0.458"
X-2148,UTY,7404.0,MutNovel,"SA220LR,0.435"
X-2148,UTY,7404.0,MutNovel,"Y218I,0.263"
X-2148,UTY,7404.0,MutNovel,"Y218N,0.278"
X-2148,UTY,7404.0,MutNovel,"Y218N,0.278"
X-2148,UTY,7404.0,MutNovel,"N201I,0.211"
X-2148,UTY,7404.0,MutNovel,"N201F,0.211"
X-2148,UTY,7404.0,MutNovel,"Y116H,0.647"
X-2148,UTY,7404.0,MutNovel,"K108E,0.533"
X-2148,UTY,7404.0,MutKnownFunctional,"SK107*E,0.533"
X-2148,UTY,7404.0,MutNovel,"Y106D,0.389"
X-2148,UTY,7404.0,MutNovel,"ED104RH,0.368"
X-2148,UTY,7404.0,MutNovel,"L103R,0.350"
X-2148,UTY,7404.0,MutKnownFunctional,"LL101*M,0.300"
X-2148,UTY,7404.0,MutNovel,"N100S,0.263"
X-2148,UTY,7404.0,MutNovel,"HF98QA,0.250"
X-2148,UTY,7404.0,MutNovel,"H98D,0.286"
X-2148,UTY,7404.0,MutNovel,"L96G,0.286"
X-2148,UTY,7404.0,MutNovel,"AL45RI,0.409"
X-2148,UTY,7404.0,MutNovel,"RE43IL,0.391"
X-2148,UTY,7404.0,MutNovel,"T39C,0.250"
X-2148,WDHD1,11169.0,Amp5,5.54
X-2148,YPEL5,51646.0,MutNovel,"G111V,0.524"
X-2148,ZBBX,79740.0,MutNovel,"S786T,0.737"
X-2148,ZBTB7B,51043.0,MutNovel,"S10P,0.556"
X-2148,ZDHHC11,79844.0,MutNovel,"A303D,0.789"
X-2148,ZFHX2,85446.0,Amp5,5.24
X-2148,ZFY,7544.0,Del0.8,0.72
X-2148,ZNF792,126375.0,MutNovel,"E114A,0.647"
X-2148,ZNF808,388558.0,MutNovel,"H869N,0.500"
X-2336,A2LD1,87769.0,MutNovel,"P132L,0.933"
X-2336,ABCC13,150000.0,Amp8,26.54
X-2336,ABCC5,10057.0,Amp5,6.73
X-2336,ABCF3,55324.0,Amp5,6.73
X-2336,ABT1,29777.0,MutNovel,"A176S,0.341"
X-2336,ACAP2,23527.0,Amp5,6.32
X-2336,ACTL6A,86.0,Amp5,6.73
X-2336,ADIPOQ,9370.0,Amp5,6.68
X-2336,AHSG,197.0,Amp5,6.68
X-2336,AIM1L,55057.0,MutNovel,"D1330G,1.000"
X-2336,AKNAD1,254268.0,Amp5,5.24
X-2336,AKR1C3,8644.0,MutNovel,"V18G,1.000"
X-2336,ALDH3B1,221.0,MutNovel,"L262P,0.600"
X-2336,ALDH3B1,221.0,MutNovel,"C302R,0.750"
X-2336,ALG3,10195.0,Amp5,6.73
X-2336,ALKBH5,54890.0,MutNovel,"H122R,0.448"
X-2336,AMELY,266.0,Del0.8,0.25
X-2336,AMIGO1,57463.0,Amp5,7.46
X-2336,AMPD2,271.0,Amp5,7.46
X-2336,ANAPC2,29882.0,MutNovel,"R425C,0.500"
X-2336,ANKLE2,23141.0,MutNovel,"V506I,0.394"
X-2336,ANKRD18DP,348840.0,Amp5,6.23
X-2336,ANKRD20A11P,391267.0,Amp8,26.54
X-2336,ANKRD49,54851.0,MutNovel,"S75N,0.471"
X-2336,ANO8,57719.0,MutNovel,"A4T,0.750"
X-2336,AP2M1,1173.0,Amp5,6.73
X-2336,AP4S1,11154.0,Amp8,13.45
X-2336,APOD,347.0,Amp5,6.32
X-2336,ARF4,378.0,MutNovel,"S147C,1.000"
X-2336,ARHGAP5,394.0,Amp8,13.45
X-2336,ARHGAP5-AS1,84837.0,Amp8,13.45
X-2336,ARL13B,200894.0,Amp5,5.03
X-2336,ATP11B,23200.0,Amp5,6.73
X-2336,ATP13A3,79572.0,Amp5,6.32
X-2336,ATP13A4,84239.0,Amp5,6.32
X-2336,ATP13A5,344905.0,Amp5,6.32
X-2336,ATXN7L2,127002.0,Amp5,7.46
X-2336,B3GALNT1,8706.0,Amp5,6.54
X-2336,B3GNT5,84002.0,Amp5,6.73
X-2336,BANP,54971.0,MutNovel,"A376V,0.300"
X-2336,BANP,54971.0,MutNovel,"Q399K,0.385"
X-2336,BCHE,590.0,MutNovel,"G311A,0.615"
X-2336,BCHE,590.0,Amp5,6.63
X-2336,BCL6,604.0,Amp5,6.68
X-2336,BCLAF1,9774.0,MutNovel,"R30T,0.510"
X-2336,BCORP1,286554.0,Del0.8,0.25
X-2336,BDH1,622.0,Amp5,6.23
X-2336,BLOC1S3,388552.0,MutNovel,"S44L,0.490"
X-2336,BPY2B,442867.0,Del0.8,0.15
X-2336,BPY2B,442867.0,Del0.8,0.15
X-2336,BTBD19,149478.0,Del0.8,0.66
X-2336,C11orf41,25758.0,MutNovel,"P1482T,1.000"
X-2336,C14orf126,112487.0,Amp8,13.45
X-2336,C16orf59,80178.0,MutNovel,"T228R,0.588"
X-2336,C1orf194,127003.0,Amp8,9.78
X-2336,C21orf15,54094.0,Amp8,26.54
X-2336,C22orf29,79680.0,MutNovel,"H128N,0.417"
X-2336,C3orf43,255798.0,Amp5,6.23
X-2336,C3orf65,646600.0,Amp5,6.68
X-2336,C3orf70,285382.0,Amp5,6.68
X-2336,C5orf15,56951.0,MutNovel,"G11E,0.990"
X-2336,CACNA1H,8912.0,MutNovel,"V2138T,1.000"
X-2336,CALCB,797.0,MutNovel,"P36A,1.000"
X-2336,CAMK2N2,94032.0,Amp5,6.73
X-2336,CBR4,84869.0,MutNovel,"A6S,0.488"
X-2336,CCDC132,55610.0,MutNovel,"M489V,0.667"
X-2336,CCDC39,339829.0,Amp5,6.73
X-2336,CCDC50,152137.0,Amp5,6.68
X-2336,CDC42EP1,11135.0,MutNovel,"PAPAANPS253P,0.217"
X-2336,CDC45,8318.0,MutNovel,"R135M,0.556"
X-2336,CDKN2A,1029.0,MutKnownFunctional,"-102,0.832"
X-2336,CDY1B,253175.0,Del0.8,0.15
X-2336,CDY1B,253175.0,Del0.8,0.15
X-2336,CDY2A,9426.0,Del0.8,0.25
X-2336,CDY2A,9426.0,Del0.8,0.25
X-2336,CDY2B,203611.0,Del0.8,0.25
X-2336,CDY2B,203611.0,Del0.8,0.25
X-2336,CELSR2,1952.0,Amp8,9.78
X-2336,CENPE,1062.0,MutNovel,"E696K,0.500"
X-2336,CEP164,22897.0,MutNovel,"Y194F,0.667"
X-2336,CEP19,84984.0,Amp5,6.23
X-2336,CEP44,80817.0,MutNovel,"K256N,0.500"
X-2336,CEP63,80254.0,MutNovel,"K319E,0.667"
X-2336,CEP72,55722.0,MutKnownFunctional,"S532*,0.600"
X-2336,CHAF1B,8208.0,MutNovel,"R316C,0.269"
X-2336,CHD6,84181.0,MutNovel,"L2583S,0.645"
X-2336,CHRD,8646.0,Amp5,6.73
X-2336,CLCC1,23155.0,Amp5,5.24
X-2336,CLCN2,1181.0,Amp5,6.73
X-2336,CLDN1,9076.0,Amp5,6.68
X-2336,CLDN11,5010.0,Amp5,6.63
X-2336,CLDN16,10686.0,Amp5,6.68
X-2336,CLMN,79789.0,MutNovel,"D834V,1.000"
X-2336,CNTNAP2,26047.0,MutNovel,"A1262S,0.378"
X-2336,COCH,1690.0,Amp8,10.48
X-2336,COL1A1,1277.0,MutNovel,"V1447A,0.540"
X-2336,COL7A1,1294.0,MutNovel,"R236Q,1.000"
X-2336,COPB2,9276.0,MutNovel,"A740V,0.204"
X-2336,CPN2,1370.0,Amp5,6.32
X-2336,CPQ,,MutNovel,"S268Y,0.500"
X-2336,CREB3L4,148327.0,MutNovel,"T179K,0.385"
X-2336,CREBZF,58487.0,MutNovel,"G52S,0.758"
X-2336,CREG2,200407.0,MutNovel,"P96Q,1.000"
X-2336,CRHR1,1394.0,MutNovel,"G17W,1.000"
X-2336,CROCCP2,84809.0,Del0.8,0.8
X-2336,CRYGS,1427.0,Amp5,6.68
X-2336,CSDA,8531.0,MutNovel,"D161Y,0.422"
X-2336,CSPG4P1Y,114758.0,Del0.8,0.15
X-2336,CSPG4P1Y,114758.0,Del0.8,0.15
X-2336,CTNND1,1500.0,MutNovel,"P420S,0.632"
X-2336,CTSA,5476.0,MutNovel,"L29-,0.445"
X-2336,CUL4B,8450.0,MutNovel,"E37K,1.000"
X-2336,CYB561D1,284613.0,Amp5,7.46
X-2336,CYP2D6,1565.0,MutNovel,"L320F,0.750"
X-2336,CYP2J2,1573.0,MutNovel,"S154R,1.000"
X-2336,CYP4F2,8529.0,MutNovel,"A40T,1.000"
X-2336,CYP4F2,8529.0,MutNovel,"H33R,1.000"
X-2336,DAGLB,221955.0,MutNovel,"A135S,0.500"
X-2336,DAZ1,1617.0,Del0.8,0.15
X-2336,DAZ2,57055.0,Del0.8,0.15
X-2336,DAZ3,57054.0,Del0.8,0.15
X-2336,DAZ3,57054.0,Del0.8,0.15
X-2336,DAZ4,57135.0,Del0.8,0.15
X-2336,DAZ4,57135.0,Del0.8,0.15
X-2336,DCAF17,80067.0,MutNovel,"E162D,0.700"
X-2336,DCUN1D1,54165.0,Amp5,6.73
X-2336,DDX3Y,8653.0,Del0.8,0.25
X-2336,DEFB103A,414325.0,Del0.8,0.52
X-2336,DEFB103A,414325.0,Del0.8,0.52
X-2336,DEFB104B,503618.0,Del0.8,0.52
X-2336,DEFB104B,503618.0,Del0.8,0.52
X-2336,DEFB105B,504180.0,Del0.8,0.52
X-2336,DEFB105B,504180.0,Del0.8,0.52
X-2336,DEFB106B,503841.0,Del0.8,0.52
X-2336,DEFB106B,503841.0,Del0.8,0.52
X-2336,DEFB107A,245910.0,Del0.8,0.52
X-2336,DEFB107A,245910.0,Del0.8,0.52
X-2336,DEFB4A,1673.0,Del0.8,0.52
X-2336,DEFB4B,100289462.0,Del0.8,0.52
X-2336,DGKG,1608.0,Amp5,6.68
X-2336,DHFRL1,200895.0,Amp5,5.03
X-2336,DIDO1,11083.0,MutNovel,"R2127W,0.506"
X-2336,DIDO1,11083.0,MutNovel,"S572F,0.600"
X-2336,DLG1,1739.0,Amp5,6.23
X-2336,DNAJB11,51726.0,Amp5,6.68
X-2336,DNAJC19,131118.0,Amp5,6.73
X-2336,DPP9,91039.0,MutNovel,"A51P,0.516"
X-2336,DSG1,1828.0,MutNovel,"P69Q,0.434"
X-2336,DTYMK,1841.0,MutNovel,"R4L,0.205"
X-2336,DUX2,26583.0,Del0.8,0.78
X-2336,DUX4,100288687.0,Del0.8,0.78
X-2336,DUX4L2,728410.0,Del0.8,0.78
X-2336,DUX4L3,653548.0,Del0.8,0.78
X-2336,DVL3,1857.0,Amp5,6.73
X-2336,DZIP1L,199221.0,MutNovel,"R385H,0.583"
X-2336,ECE2,9718.0,Amp5,6.73
X-2336,ECT2,1894.0,Amp5,6.63
X-2336,EFHC2,80258.0,MutNovel,"D169Y,0.500"
X-2336,EGFEM1P,93556.0,Amp5,6.63
X-2336,EHHADH,1962.0,Amp5,6.68
X-2336,EIF1AY,9086.0,Del0.8,0.25
X-2336,EIF2B5,8893.0,Amp5,6.73
X-2336,EIF4A2,1974.0,Amp5,6.68
X-2336,EIF4G1,1981.0,Amp5,6.73
X-2336,EIF5A2,56648.0,Amp5,6.63
X-2336,EPHB2,2048.0,MutNovel,"E604K,0.909"
X-2336,EPHB3,2049.0,Amp5,6.68
X-2336,EPM2AIP1,9852.0,MutNovel,"P32L,1.000"
X-2336,EPS8L3,79574.0,Amp5,7.46
X-2336,ESPNP,284729.0,Del0.8,0.42
X-2336,ETV5,2119.0,Amp5,6.68
X-2336,EXT1,2131.0,MutNovel,"E139D,0.436"
X-2336,FAM102B,284611.0,Amp5,5.24
X-2336,FAM105B,90268.0,MutNovel,"PAREAAAT21P,0.455"
X-2336,FAM131A,131408.0,Amp5,6.73
X-2336,FAM157A,728262.0,MutNovel,"I235S,0.625"
X-2336,FAM157A,728262.0,MutNovel,"A346T,0.429"
X-2336,FAM157A,728262.0,Amp5,6.23
X-2336,FAM171B,165215.0,MutNovel,"-50Q,0.438"
X-2336,FAM197Y2P,252946.0,Del0.8,0.25
X-2336,FAM20C,56975.0,MutNovel,"E466Q,0.800"
X-2336,FAM21A,387680.0,Del0.8,0.54
X-2336,FAM41AY1,340618.0,Del0.8,0.25
X-2336,FAM41AY1,340618.0,Del0.8,0.25
X-2336,FAM43A,131583.0,Amp5,6.32
X-2336,FAM59A,64762.0,MutNovel,"DG749EC,0.312"
X-2336,FAM59A,64762.0,MutNovel,"V368M,0.375"
X-2336,FAM65A,79567.0,MutNovel,"R1007W,0.286"
X-2336,FAM66A,100133172.0,Del0.8,0.57
X-2336,FAM86B1,85002.0,Del0.8,0.78
X-2336,FBXO17,115290.0,MutNovel,"P148T,0.591"
X-2336,FBXO45,200933.0,Amp5,6.23
X-2336,FETUB,26998.0,Amp5,6.68
X-2336,FGF12,2257.0,Amp5,6.68
X-2336,FLJ34208,401106.0,Amp5,6.32
X-2336,FLJ42393,401105.0,Amp5,6.68
X-2336,FLJ46066,401103.0,Amp5,6.73
X-2336,FNDC3B,64778.0,Amp5,6.63
X-2336,FNDC7,163479.0,Amp5,5.24
X-2336,FOXD4L3,286380.0,MutNovel,"H225Q,1.000"
X-2336,FOXP2,93986.0,MutNovel,"P531Q,0.385"
X-2336,FRG2B,441581.0,Del0.8,0.78
X-2336,FXR1,8087.0,Amp5,6.73
X-2336,FYTTD1,84248.0,Amp5,6.23
X-2336,G2E3,55632.0,Amp8,10.48
X-2336,GALNT12,79695.0,MutNovel,"R373L,0.540"
X-2336,GALNT14,79623.0,MutNovel,"QQ473HK,1.000"
X-2336,GBP1,2633.0,MutNovel,"K444E,0.474"
X-2336,GBP1,2633.0,MutNovel,"V437I,0.450"
X-2336,GDF15,9518.0,MutNovel,"H47R,0.211"
X-2336,GDPGP1,,MutNovel,"M37T,0.800"
X-2336,GHSR,2693.0,Amp5,6.63
X-2336,GMNC,647309.0,Amp5,6.68
X-2336,GNAI3,2773.0,Amp5,7.46
X-2336,GNAT2,2780.0,Amp5,7.46
X-2336,GNB4,59345.0,Amp5,6.73
X-2336,GOLGA2P2Y,84559.0,Del0.8,0.15
X-2336,GOLGA2P2Y,84559.0,Del0.8,0.15
X-2336,GOLIM4,27333.0,Amp5,6.63
X-2336,GORAB,92344.0,MutNovel,"A339V,0.667"
X-2336,GP5,2814.0,Amp5,6.32
X-2336,GPR160,26996.0,Amp5,6.63
X-2336,GPR33,2856.0,Amp8,13.45
X-2336,GPR61,83873.0,Amp5,7.46
X-2336,GPSM2,29899.0,Amp5,5.24
X-2336,GRINA,2907.0,MutNovel,"G97E,0.589"
X-2336,GSTM1,2944.0,Amp5,7.46
X-2336,GSTM2,2946.0,Amp5,7.46
X-2336,GSTM3,2947.0,Amp5,7.46
X-2336,GSTM4,2948.0,Amp5,7.46
X-2336,GSTM5,2949.0,Amp5,7.46
X-2336,GYG2P1,352887.0,Del0.8,0.25
X-2336,GZMH,2999.0,MutNovel,"P94A,0.600"
X-2336,HAT1,8520.0,MutNovel,"L285I,0.562"
X-2336,HCG4B,80868.0,Del0.8,0.76
X-2336,HEATR5A,25938.0,Amp8,13.45
X-2336,HECTD1,25831.0,Amp8,13.45
X-2336,HENMT1,113802.0,Amp5,5.24
X-2336,HERC2,8924.0,MutNovel,"R3313C,0.450"
X-2336,HES1,3280.0,Amp5,6.32
X-2336,HIVEP1,3096.0,MutNovel,"S2595R,0.333"
X-2336,HK2,3099.0,MutNovel,"V95G,0.814"
X-2336,HLA-B,3106.0,MutNovel,"A235T,0.218"
X-2336,HLA-C,3107.0,MutNovel,"EW190DG,0.214"
X-2336,HLA-H,3136.0,Del0.8,0.76
X-2336,HNRNPUL1,11100.0,MutNovel,"A378S,0.497"
X-2336,HRASLS,57110.0,Amp5,6.32
X-2336,HRG,3273.0,Amp5,6.68
X-2336,HSD11B1L,374875.0,MutNovel,"G55V,0.609"
X-2336,HSD17B1,3292.0,MutNovel,"E297K,0.333"
X-2336,HSFY2,159119.0,Del0.8,0.25
X-2336,HSFY2,159119.0,Del0.8,0.25
X-2336,HSPA13,6782.0,Amp8,26.54
X-2336,HTR2C,3358.0,Del0.8,0.54
X-2336,HTR3C,170572.0,Amp5,6.73
X-2336,HTR3D,200909.0,Amp5,6.73
X-2336,HTR3E,285242.0,Amp5,6.73
X-2336,IGF2BP2,10644.0,Amp5,6.68
X-2336,IL1RAP,3556.0,Amp5,6.68
X-2336,IMMT,10989.0,MutNovel,"A47P,0.811"
X-2336,IQCG,84223.0,Amp5,6.23
X-2336,IRGM,345611.0,Del0.8,0.38
X-2336,KCNMB2,10242.0,Amp5,6.63
X-2336,KCNMB3,27094.0,Amp5,6.73
X-2336,KDM5A,5927.0,MutNovel,"V221G,0.594"
X-2336,KDM5D,8284.0,Del0.8,0.25
X-2336,KIAA0226,9711.0,MutNovel,"V652F,0.625"
X-2336,KIAA0226,9711.0,Amp5,6.23
X-2336,KIAA0947,23379.0,MutNovel,"R1169G,0.679"
X-2336,KIAA1324,57535.0,Amp8,9.78
X-2336,KIF3A,11127.0,MutNovel,"E403Q,1.000"
X-2336,KLHL24,54800.0,Amp5,6.73
X-2336,KLHL6,89857.0,Amp5,6.73
X-2336,KNG1,3827.0,Amp5,6.68
X-2336,KPRP,448834.0,MutNovel,"Y119N,0.400"
X-2336,KRIT1,889.0,MutNovel,"S471C,0.344"
X-2336,KRT10,3858.0,MutNovel,"HGGG487-,0.327"
X-2336,KRT7,3855.0,MutNovel,"S92R,1.000"
X-2336,KRT7,3855.0,MutNovel,"G259S,1.000"
X-2336,KRT7,3855.0,MutNovel,"I387G,1.000"
X-2336,KRT7,3855.0,MutNovel,"S401Y,1.000"
X-2336,KRT71,112802.0,MutNovel,"F43S,1.000"
X-2336,KRT75,9119.0,MutNovel,"I440T,0.560"
X-2336,KRT75,9119.0,MutNovel,"A336T,0.812"
X-2336,KRT77,374454.0,MutNovel,"Q190K,0.308"
X-2336,KRT82,3888.0,MutNovel,"M396L,0.333"
X-2336,KRT84,3890.0,MutNovel,"V344M,0.400"
X-2336,KRT84,3890.0,MutNovel,"A109G,1.000"
X-2336,KRT85,3891.0,MutNovel,"C57Y,1.000"
X-2336,KRT9,3857.0,MutNovel,"G124A,1.000"
X-2336,LAMP3,27074.0,Amp5,6.73
X-2336,LATS1,9113.0,MutNovel,"S21I,0.310"
X-2336,LEPREL1,55214.0,Amp5,6.68
X-2336,LGALS4,3960.0,MutNovel,"R91M,0.395"
X-2336,LINC00478,388815.0,Amp8,32
X-2336,LIPH,200879.0,Amp5,6.68
X-2336,LIPI,149998.0,Amp8,26.54
X-2336,LMLN,89782.0,Amp5,6.23
X-2336,LOC100128023,100128023.0,Amp5,6.32
X-2336,LOC100128164,100128164.0,Amp5,6.63
X-2336,LOC100131551,100131551.0,Amp5,6.32
X-2336,LOC100131635,100131635.0,Amp5,6.68
X-2336,LOC100132396,100132396.0,Del0.8,0.79
X-2336,LOC100132731,,MutNovel,"L398V,0.533"
X-2336,LOC100132858,,MutNovel,"R74Q,0.800"
X-2336,LOC100132858,,MutNovel,"R74K,0.800"
X-2336,LOC100505687,100505687.0,Amp5,6.73
X-2336,LOC100506071,100506071.0,Amp8,10.48
X-2336,LOC100507391,100507391.0,Amp5,6.32
X-2336,LOC100996515,,MutKnownFunctional,"R43*,0.667"
X-2336,LOC152217,152217.0,Amp5,6.23
X-2336,LOC220729,220729.0,Amp5,6.23
X-2336,LOC253573,253573.0,Amp5,6.68
X-2336,LOC255025,255025.0,Amp5,5.03
X-2336,LOC344887,344887.0,Amp5,6.68
X-2336,LOC401109,401109.0,Amp5,6.23
X-2336,LOC646168,646168.0,Amp5,6.63
X-2336,LOC647107,647107.0,Amp5,6.73
X-2336,LOC647323,647323.0,Amp5,6.32
X-2336,LPP,4026.0,Amp5,6.68
X-2336,LPP-AS2,339929.0,Amp5,6.68
X-2336,LRCH3,84859.0,Amp5,6.23
X-2336,LRP12,29967.0,MutNovel,"G308S,0.524"
X-2336,LRRC15,131578.0,Amp5,6.32
X-2336,LRRC31,79782.0,Amp5,6.63
X-2336,LRRC33,375387.0,Amp5,6.23
X-2336,LRRC34,151827.0,Amp5,6.63
X-2336,LRRC37A,9884.0,MutNovel,"F1179P,1.000"
X-2336,LRRIQ4,344657.0,Amp5,6.63
X-2336,LSG1,55341.0,Amp5,6.32
X-2336,LSR,51599.0,MutNovel,"G518GR,0.844"
X-2336,LUZP1,7798.0,MutNovel,"K582R,1.000"
X-2336,LZTR1,8216.0,MutNovel,"R688C,0.541"
X-2336,MAGEA1,4100.0,MutNovel,"A63T,1.000"
X-2336,MAGEB16,139604.0,Del0.8,0.63
X-2336,MAGEF1,64110.0,Amp5,6.68
X-2336,MAP3K13,9175.0,Amp5,6.68
X-2336,MAP6D1,79929.0,Amp5,6.73
X-2336,MASP1,5648.0,Amp5,6.68
X-2336,MB21D2,151963.0,Amp5,6.68
X-2336,MCCC1,56922.0,Amp5,6.73
X-2336,MCF2L2,23101.0,Amp5,6.73
X-2336,MECOM,2122.0,Amp5,6.63
X-2336,MEGF8,1954.0,MutNovel,"D1065G,0.457"
X-2336,METTL23,124512.0,MutKnownFunctional,"-43,0.370"
X-2336,MFI2,4241.0,Amp5,6.23
X-2336,MFI2-AS1,100507057.0,Amp5,6.23
X-2336,MFN1,55669.0,Amp5,6.73
X-2336,MGC2889,84789.0,Amp5,6.32
X-2336,MGEA5,10724.0,MutNovel,"M821L,1.000"
X-2336,MIR1224,100187716.0,Amp5,6.73
X-2336,MIR125B2,406912.0,Amp8,58.89
X-2336,MIR1264,100302251.0,Del0.8,0.1
X-2336,MIR1912,100302144.0,Del0.8,0.1
X-2336,MIR197,406974.0,Amp5,7.46
X-2336,MIR3156-3,100423018.0,Amp8,23.26
X-2336,MIR3675,100500876.0,Del0.8,0.8
X-2336,MIR4789,100616395.0,Amp5,6.63
X-2336,MIR4797,100616216.0,Amp5,6.23
X-2336,MIR548AI,100616347.0,Amp8,10.48
X-2336,MIR551B,693136.0,Amp5,6.63
X-2336,MIR569,693154.0,Amp5,6.63
X-2336,MIR570,693155.0,Amp5,6.32
X-2336,MIR624,693209.0,Amp8,13.45
X-2336,MIR922,100126321.0,Amp5,6.23
X-2336,MIR944,100126340.0,Amp5,6.68
X-2336,MIR99A,407055.0,Amp8,112.99
X-2336,MIRLET7C,406885.0,Amp8,112.99
X-2336,MKRN1,23608.0,MutNovel,"K57R,0.667"
X-2336,MLXIP,22877.0,MutNovel,"R233S,0.261"
X-2336,MMAB,326625.0,MutNovel,"V124I,0.618"
X-2336,MOCS3,27304.0,MutNovel,"D191E,0.611"
X-2336,MPRIP,23164.0,MutNovel,"TS178T,0.261"
X-2336,MRC2,9902.0,MutNovel,"E578K,0.294"
X-2336,MRPL47,57129.0,Amp5,6.73
X-2336,MST1P2,11209.0,Del0.8,0.8
X-2336,MTRR,4552.0,MutNovel,"D613G,0.294"
X-2336,MUC20,200958.0,Amp8,8.51
X-2336,MUC4,4585.0,MutNovel,"V3843I,1.000"
X-2336,MUC4,4585.0,MutNovel,"IP2837MT,1.000"
X-2336,MUC4,4585.0,Amp5,6.23
X-2336,MYBPHL,343263.0,Amp8,9.78
X-2336,MYEF2,50804.0,MutNovel,"L166I,0.419"
X-2336,MYNN,55892.0,Amp5,6.63
X-2336,NAALADL2,254827.0,Amp5,6.63
X-2336,NBPF1,55672.0,Del0.8,0.8
X-2336,NBPF12,,MutNovel,"I338L,0.636"
X-2336,NBPF6,653149.0,Amp5,5.24
X-2336,NCBP2,22916.0,Amp5,6.23
X-2336,NCEH1,57552.0,Amp5,6.63
X-2336,NCOR2,9612.0,MutNovel,"G1839GAAA,0.446"
X-2336,NCRNA00185,55410.0,Del0.8,0.25
X-2336,NDUFA11,126328.0,MutNovel,"Y23F,0.565"
X-2336,NDUFB5,4711.0,Amp5,6.73
X-2336,NEDD4,4734.0,MutNovel,"L131V,0.333"
X-2336,NEDD9,4739.0,MutNovel,"L481F,0.417"
X-2336,NET1,10276.0,MutNovel,"S457C,0.568"
X-2336,NKD2,85409.0,MutNovel,"P403L,0.500"
X-2336,NLGN1,22871.0,Amp5,6.63
X-2336,NLGN4Y,22829.0,Del0.8,0.25
X-2336,NMD3,51068.0,Amp5,6.54
X-2336,NOTCH2,4853.0,MutNovel,"T172R,0.500"
X-2336,NPIP,9284.0,MutNovel,"R122H,0.231"
X-2336,NR1H2,7376.0,MutNovel,"-173Q,0.425"
X-2336,NRG1,3084.0,MutNovel,"E41D,1.000"
X-2336,NRIP1,8204.0,Amp8,26.54
X-2336,NSUN3,63899.0,Amp5,5.03
X-2336,NUBPL,80224.0,Amp8,13.45
X-2336,NUDT11,55190.0,MutKnownFunctional,"-1,0.583"
X-2336,ODF2,4957.0,MutNovel,"E444K,1.000"
X-2336,ODF2,4957.0,MutNovel,"W508C,1.000"
X-2336,OPA1,4976.0,Amp5,6.32
X-2336,OPN3,23596.0,MutNovel,"K193N,0.750"
X-2336,ORAI1,84876.0,MutNovel,"PP43-,0.941"
X-2336,OSTN,344901.0,Amp5,6.68
X-2336,OSTalpha,200931.0,Amp5,6.23
X-2336,OTOL1,131149.0,Amp5,6.54
X-2336,OXR1,55074.0,MutNovel,"Q513L,0.250"
X-2336,PAK2,5062.0,Amp5,6.23
X-2336,PAQR3,152559.0,MutKnownFunctional,"-9,0.536"
X-2336,PARD3,56288.0,MutNovel,"R1174Q,0.539"
X-2336,PARG,8505.0,MutNovel,"H403R,1.000"
X-2336,PARL,55486.0,Amp5,6.73
X-2336,PCDH11Y,83259.0,Del0.8,0.25
X-2336,PCDHB4,56131.0,MutNovel,"S185T,1.000"
X-2336,PCYT1A,5130.0,Amp5,6.23
X-2336,PDCD10,11235.0,Amp5,6.63
X-2336,PEX5L,51555.0,Amp5,6.73
X-2336,PGBD5,79605.0,MutNovel,"A96S,0.543"
X-2336,PHC3,80012.0,Amp5,6.63
X-2336,PHF20L1,51105.0,MutNovel,"G361A,0.385"
X-2336,PHLDA1,22822.0,MutNovel,"QQ194Q,0.584"
X-2336,PIGX,54965.0,Amp5,6.23
X-2336,PIGZ,80235.0,Amp5,6.23
X-2336,PIK3CA,5290.0,Amp5,5.43
X-2336,PIP,5304.0,Del0.8,0.71
X-2336,PIWIL4,143689.0,MutNovel,"T475I,1.000"
X-2336,PKD1,5310.0,MutKnownFunctional,"W1405*,0.538"
X-2336,PLD1,5337.0,Amp5,6.63
X-2336,PLEKHH3,79990.0,MutNovel,"D130E,0.557"
X-2336,PLK3,1263.0,Del0.8,0.66
X-2336,POGLUT1,56983.0,MutNovel,"K230T,0.262"
X-2336,POLR2H,5437.0,Amp5,6.73
X-2336,POTED,317754.0,Amp8,23.26
X-2336,POU5F2,134187.0,Del0.8,0.7
X-2336,PPAPDC2,403313.0,MutNovel,"V165E,1.000"
X-2336,PPARGC1B,133522.0,MutNovel,"E215K,1.000"
X-2336,PPM1J,333926.0,MutNovel,"K352Q,1.000"
X-2336,PPP1R2,5504.0,Amp5,6.32
X-2336,PRKCI,5584.0,Amp5,6.63
X-2336,PRKD1,5587.0,MutNovel,"S213T,0.823"
X-2336,PRKD1,5587.0,Amp8,10.48
X-2336,PRKY,5616.0,Del0.8,0.25
X-2336,PRMT3,10196.0,MutNovel,"S270F,1.000"
X-2336,PROS1,5627.0,Amp5,5.03
X-2336,PRPF38B,55119.0,Amp5,5.24
X-2336,PRPSAP1,5635.0,MutNovel,"L187F,0.485"
X-2336,PRR14L,253143.0,MutNovel,"E408G,0.500"
X-2336,PRSS23,11098.0,MutNovel,"A2E,0.485"
X-2336,PRY,9081.0,Del0.8,0.25
X-2336,PRY,9081.0,Del0.8,0.15
X-2336,PRY2,442862.0,Del0.8,0.15
X-2336,PRY2,442862.0,Del0.8,0.25
X-2336,PSD4,23550.0,MutNovel,"E971Q,0.231"
X-2336,PSMA5,5686.0,Amp5,7.46
X-2336,PSMD2,5708.0,Amp5,6.73
X-2336,PSPC1,55269.0,MutNovel,"M492V,0.375"
X-2336,PSRC1,84722.0,Amp8,9.78
X-2336,PTEN,5728.0,MutNovel,"C136F,1.000"
X-2336,PTGIS,5740.0,MutNovel,"H160Y,0.600"
X-2336,PTPMT1,114971.0,MutNovel,"E74D,0.974"
X-2336,PVRL3,25945.0,MutNovel,"R464W,0.545"
X-2336,PYDC2,152138.0,Amp5,6.68
X-2336,RBM11,54033.0,MutNovel,"H191R,0.208"
X-2336,RBM11,54033.0,Amp8,26.54
X-2336,RBMY1A3P,286557.0,Del0.8,0.25
X-2336,RBMY1B,378948.0,Del0.8,0.25
X-2336,RBMY1B,378948.0,Del0.8,0.25
X-2336,RBMY1E,378950.0,Del0.8,0.25
X-2336,RBMY1E,378950.0,Del0.8,0.25
X-2336,RBMY1F,159163.0,Del0.8,0.19
X-2336,RBMY1F,159163.0,Del0.8,0.25
X-2336,RBMY1J,378951.0,Del0.8,0.25
X-2336,RBMY1J,378951.0,Del0.8,0.15
X-2336,RBMY2EP,159125.0,Del0.8,0.25
X-2336,RBMY2FP,159162.0,Del0.8,0.25
X-2336,RBMY3AP,64593.0,Del0.8,0.25
X-2336,RFC4,5984.0,Amp5,6.68
X-2336,RINL,126432.0,MutNovel,"H416L,0.238"
X-2336,RIPK1,8737.0,MutNovel,"A569V,0.312"
X-2336,RNF168,165918.0,Amp5,6.23
X-2336,RNF169,254225.0,MutNovel,"P75S,0.538"
X-2336,RNF213,57674.0,MutNovel,"C3854Y,0.486"
X-2336,RPL22L1,200916.0,Amp5,6.63
X-2336,RPL35A,6165.0,Amp5,6.23
X-2336,RPL39L,116832.0,Amp5,6.68
X-2336,RPS4Y1,6192.0,Del0.8,0.25
X-2336,RPS4Y2,140032.0,Del0.8,0.25
X-2336,RSBN1L,222194.0,MutNovel,"T827I,0.444"
X-2336,RTP1,132112.0,Amp5,6.68
X-2336,RTP2,344892.0,Amp5,6.68
X-2336,RTP4,64108.0,Amp5,6.68
X-2336,RUNX1,861.0,MutNovel,"L56S,0.760"
X-2336,SACS,26278.0,MutNovel,"R1929L,0.750"
X-2336,SAMD7,344658.0,Amp5,6.63
X-2336,SAMSN1,64092.0,Amp8,26.54
X-2336,SARS,6301.0,Amp8,9.78
X-2336,SCARNA2,677766.0,Amp8,9.78
X-2336,SCFD1,23256.0,Amp8,10.48
X-2336,SCML1,6322.0,Del0.8,0.64
X-2336,SDHAP1,255812.0,Amp5,6.23
X-2336,SDHAP2,727956.0,Amp5,6.32
X-2336,SEC62,7095.0,Amp5,6.63
X-2336,SENP2,59343.0,Amp5,6.68
X-2336,SENP5,205564.0,Amp5,6.23
X-2336,SEPSECS,51091.0,MutKnownFunctional,"R465*,1.000"
X-2336,SERINC1,57515.0,MutNovel,"C16F,0.457"
X-2336,SERINC2,347735.0,MutNovel,"-373Q,0.778"
X-2336,SERPINI1,5274.0,Amp5,6.63
X-2336,SERPINI2,5276.0,Amp5,6.63
X-2336,SETX,23064.0,MutNovel,"A969V,1.000"
X-2336,SFXN1,94081.0,MutNovel,"V277M,1.000"
X-2336,SGK223,157285.0,MutNovel,"W1326C,1.000"
X-2336,SI,6476.0,Amp5,6.63
X-2336,SKIL,6498.0,Amp5,6.63
X-2336,SKIV2L,6499.0,MutNovel,"A331T,0.636"
X-2336,SLC1A5,6510.0,MutNovel,"F91L,0.457"
X-2336,SLC25A13,10165.0,MutNovel,"A435D,0.591"
X-2336,SLC2A2,6514.0,Amp5,6.63
X-2336,SLC7A14,57709.0,Amp5,6.63
X-2336,SLITRK3,22865.0,Amp5,6.63
X-2336,SMPD5,,MutNovel,"K350E,0.235"
X-2336,SNAR-I,100170222.0,Amp5,6.68
X-2336,SNED1,25992.0,MutNovel,"V667M,0.643"
X-2336,SNORA4,619568.0,Amp5,6.68
X-2336,SNORA63,6043.0,Amp5,6.68
X-2336,SNORA81,677847.0,Amp5,6.68
X-2336,SNORD2,619567.0,Amp5,6.68
X-2336,SNORD66,692107.0,Amp5,6.73
X-2336,SOCS7,30837.0,MutNovel,"P86S,0.443"
X-2336,SORT1,6272.0,Amp8,8.94
X-2336,SOX2,6657.0,Amp5,6.73
X-2336,SOX2-OT,347689.0,Amp5,6.73
X-2336,SPAG11A,653423.0,Del0.8,0.52
X-2336,SPAG11B,10407.0,Del0.8,0.52
X-2336,SPAG11B,10407.0,Del0.8,0.52
X-2336,SPAG5,10615.0,MutNovel,"R1123S,0.500"
X-2336,SPATA16,83893.0,Amp5,6.63
X-2336,SPRNP1,399833.0,Del0.8,0.78
X-2336,SPRR2B,6701.0,MutNovel,"P38S,0.406"
X-2336,SPRR2F,6705.0,MutNovel,"P38S,0.692"
X-2336,SPTBN1,6711.0,MutNovel,"A1560P,0.204"
X-2336,SPTBN2,6712.0,MutNovel,"Q1883E,0.288"
X-2336,SPTSSB,165679.0,Amp5,6.54
X-2336,SRG7,642864.0,Amp5,5.24
X-2336,SRY,6736.0,Del0.8,0.25
X-2336,SST,6750.0,Amp5,6.68
X-2336,ST6GAL1,6480.0,Amp5,6.68
X-2336,STK25,10494.0,MutNovel,"D312N,0.267"
X-2336,STRN3,29966.0,Amp8,11.88
X-2336,STX19,415117.0,Amp5,5.03
X-2336,STXBP3,6814.0,Amp5,5.24
X-2336,STXBP5,134957.0,MutNovel,"D1060N,0.522"
X-2336,SUPT6H,6830.0,MutNovel,"R1189H,0.467"
X-2336,SYCE1,93426.0,Del0.8,0.78
X-2336,SYNE4,,MutNovel,"P323H,1.000"
X-2336,SYPL2,284612.0,Amp5,7.46
X-2336,TAF13,6884.0,Amp8,9.78
X-2336,TAS2R39,259285.0,Del0.8,0.71
X-2336,TBCCD1,55171.0,Amp5,6.68
X-2336,TBL1XR1,79718.0,Amp5,6.63
X-2336,TBL1Y,90665.0,Del0.8,0.25
X-2336,TBP,6908.0,MutNovel,"-64Q,0.389"
X-2336,TCTEX1D2,255758.0,Amp5,6.23
X-2336,TCTEX1D4,343521.0,Del0.8,0.66
X-2336,TERC,7012.0,Amp5,6.63
X-2336,TFRC,7037.0,Amp5,6.23
X-2336,TGIF2LY,90655.0,Del0.8,0.25
X-2336,THADA,63892.0,MutNovel,"R1368H,0.385"
X-2336,THPO,7066.0,Amp5,6.73
X-2336,TM4SF19,116211.0,Amp5,6.23
X-2336,TM4SF19-TCTEX1D2,100534611.0,Amp5,6.23
X-2336,TMEM167B,56900.0,Amp8,9.78
X-2336,TMEM184A,202915.0,MutNovel,"G392GA,0.867"
X-2336,TMEM207,131920.0,Amp5,6.68
X-2336,TMEM212,389177.0,Amp5,6.63
X-2336,TMEM41A,90407.0,Amp5,6.68
X-2336,TMEM44,93109.0,Amp5,6.32
X-2336,TMEM87B,84910.0,MutNovel,"V8L,0.263"
X-2336,TMSB4Y,9087.0,Del0.8,0.25
X-2336,TNFSF10,8743.0,Amp5,6.63
X-2336,TNIK,23043.0,Amp5,6.63
X-2336,TNK2,10188.0,Amp5,6.23
X-2336,TNKS1BP1,85456.0,MutNovel,"D822Y,0.658"
X-2336,TP53,7157.0,MutNovel,"K132N,0.770"
X-2336,TP53RK,112858.0,MutNovel,"P64S,0.482"
X-2336,TP63,8626.0,Amp5,6.68
X-2336,TPP2,7174.0,MutNovel,"W672L,0.500"
X-2336,TPRG1,285386.0,Amp5,6.68
X-2336,TRA2B,6434.0,Amp5,6.68
X-2336,TRAF7,84231.0,MutNovel,"A37T,0.467"
X-2336,TRAIP,10293.0,MutNovel,"R307L,1.000"
X-2336,TRIOBP,11078.0,MutNovel,"R2007C,0.456"
X-2336,TSPY1,7258.0,Del0.8,0.25
X-2336,TSPY2,64591.0,Del0.8,0.25
X-2336,TSPY3,728137.0,Del0.8,0.25
X-2336,TSPY4,728395.0,Del0.8,0.25
X-2336,TSPY8,728403.0,Del0.8,0.25
X-2336,TSPYL1,7259.0,MutNovel,"V176VW,0.425"
X-2336,TTC14,151613.0,Amp5,6.73
X-2336,TTTY10,246119.0,Del0.8,0.25
X-2336,TTTY11,83866.0,Del0.8,0.25
X-2336,TTTY12,83867.0,Del0.8,0.25
X-2336,TTTY13,83868.0,Del0.8,0.25
X-2336,TTTY14,83869.0,Del0.8,0.25
X-2336,TTTY15,64595.0,Del0.8,0.25
X-2336,TTTY16,252948.0,Del0.8,0.25
X-2336,TTTY17A,252949.0,Del0.8,0.15
X-2336,TTTY17A,252949.0,Del0.8,0.15
X-2336,TTTY18,252950.0,Del0.8,0.25
X-2336,TTTY19,252952.0,Del0.8,0.25
X-2336,TTTY1B,100101116.0,Del0.8,0.25
X-2336,TTTY1B,100101116.0,Del0.8,0.25
X-2336,TTTY2,60439.0,Del0.8,0.25
X-2336,TTTY2,60439.0,Del0.8,0.25
X-2336,TTTY20,252951.0,Del0.8,0.25
X-2336,TTTY21,252953.0,Del0.8,0.25
X-2336,TTTY21,252953.0,Del0.8,0.25
X-2336,TTTY22,252954.0,Del0.8,0.25
X-2336,TTTY23,252955.0,Del0.8,0.25
X-2336,TTTY23,252955.0,Del0.8,0.25
X-2336,TTTY3,114760.0,Del0.8,0.15
X-2336,TTTY3,114760.0,Del0.8,0.15
X-2336,TTTY4,114761.0,Del0.8,0.15
X-2336,TTTY4,114761.0,Del0.8,0.15
X-2336,TTTY5,83863.0,Del0.8,0.25
X-2336,TTTY6,84672.0,Del0.8,0.15
X-2336,TTTY6,84672.0,Del0.8,0.25
X-2336,TTTY7,246122.0,Del0.8,0.25
X-2336,TTTY7,246122.0,Del0.8,0.25
X-2336,TTTY7B,100101120.0,Del0.8,0.25
X-2336,TTTY7B,100101120.0,Del0.8,0.25
X-2336,TTTY8,84673.0,Del0.8,0.25
X-2336,TTTY8,84673.0,Del0.8,0.25
X-2336,TTTY9A,83864.0,Del0.8,0.25
X-2336,TTTY9A,83864.0,Del0.8,0.25
X-2336,TTYH3,80727.0,MutNovel,"P497L,0.500"
X-2336,TXLNG2P,246126.0,Del0.8,0.25
X-2336,TYW1,55253.0,MutNovel,"V635E,0.889"
X-2336,UBXN7,26043.0,Amp5,6.23
X-2336,UGT1A10,54575.0,MutNovel,"E67G,1.000"
X-2336,UGT1A10,54575.0,MutNovel,"Q221H,1.000"
X-2336,UGT1A9,54600.0,MutNovel,"N152A,0.974"
X-2336,USP13,8975.0,Amp5,6.73
X-2336,USP25,29761.0,Amp8,44.02
X-2336,USP39,10713.0,MutNovel,"L254M,0.848"
X-2336,USP9Y,8287.0,Del0.8,0.25
X-2336,UTS2D,257313.0,Amp5,6.68
X-2336,UTY,7404.0,Del0.8,0.25
X-2336,VAV1,7409.0,MutNovel,"V304L,0.667"
X-2336,VCX,26609.0,MutNovel,"M180V,1.000"
X-2336,VCX3B,425054.0,MutNovel,"V180L,1.000"
X-2336,VCY,9084.0,Del0.8,0.25
X-2336,VCY,9084.0,Del0.8,0.25
X-2336,VPS8,23355.0,Amp5,6.68
X-2336,VWA5B2,90113.0,Amp5,6.73
X-2336,WDR47,22911.0,MutNovel,"G893W,0.733"
X-2336,WDR47,22911.0,Amp5,7.16
X-2336,WDR49,151790.0,Amp5,6.63
X-2336,WDR53,348793.0,Amp5,6.23
X-2336,WDR72,256764.0,MutNovel,"V1069L,0.381"
X-2336,WSB1,26118.0,MutNovel,"G363S,0.349"
X-2336,XKRY2,353515.0,Del0.8,0.25
X-2336,XKRY2,353515.0,Del0.8,0.25
X-2336,XXYLT1,152002.0,Amp5,6.32
X-2336,YEATS2,55689.0,Amp5,6.73
X-2336,YLPM1,56252.0,MutNovel,"Q1272E,1.000"
X-2336,ZACN,353174.0,MutNovel,"L270P,0.491"
X-2336,ZBBX,79740.0,Amp5,6.63
X-2336,ZC3H13,23091.0,MutNovel,"R1164Q,0.611"
X-2336,ZC3H4,23211.0,MutNovel,"A3T,0.515"
X-2336,ZDBF2,57683.0,MutNovel,"D1551N,0.312"
X-2336,ZDHHC19,131540.0,Amp5,6.23
X-2336,ZFHX3,463.0,MutNovel,"Y3453C,1.000"
X-2336,ZFHX4,79776.0,MutNovel,"D1944G,1.000"
X-2336,ZFHX4,79776.0,MutNovel,"Y3098H,1.000"
X-2336,ZFY,7544.0,Del0.8,0.25
X-2336,ZMAT3,64393.0,Amp5,6.63
X-2336,ZMYND8,23613.0,MutNovel,"K847E,0.510"
X-2336,ZNF154,7710.0,MutNovel,"W25R,0.333"
X-2336,ZNF219,51222.0,MutNovel,"QPP233P,0.504"
X-2336,ZNF318,24149.0,MutNovel,"S414F,0.500"
X-2336,ZNF384,171017.0,MutNovel,"QQ514Q,0.268"
X-2336,ZNF469,84627.0,MutNovel,"E2807Q,1.000"
X-2336,ZNF551,90233.0,MutNovel,"Y38C,0.278"
X-2336,ZNF639,51193.0,Amp5,6.73
X-2336,ZNF750,79755.0,MutKnownFunctional,"Y302*,0.248"
X-2336,ZNF865,100507290.0,MutNovel,"A656V,0.545"
X-2336,ZRANB2,9406.0,MutNovel,"V148I,1.000"
X-3020,AANAT,15.0,MutNovel,"A174T,1.000"
X-3020,AARS,16.0,MutNovel,"T24S,0.216"
X-3020,ABCA1,19.0,MutNovel,"E1253K,1.000"
X-3020,ABCA13,154664.0,MutNovel,"E4317K,0.418"
X-3020,ABCA13,154664.0,MutNovel,"Y4356F,0.220"
X-3020,ABCA2,20.0,MutKnownFunctional,"E2341*,0.889"
X-3020,ABCA3,21.0,MutNovel,"P73L,1.000"
X-3020,ABCA5,23461.0,MutNovel,"K20N,0.600"
X-3020,ABCA7,10347.0,MutNovel,"D964E,1.000"
X-3020,ABCA7,10347.0,MutNovel,"F2071C,1.000"
X-3020,ABCF3,55324.0,MutNovel,"R687H,0.996"
X-3020,ABHD12,26090.0,Amp5,5.28
X-3020,ABHD14B,84836.0,MutNovel,"H178Y,0.401"
X-3020,ACAP1,9744.0,MutNovel,"P255T,1.000"
X-3020,ACO1,48.0,Del0.8,0.41
X-3020,ACOT8,10005.0,MutNovel,"P4L,0.310"
X-3020,ACOT8,10005.0,MutKnownFunctional,"-1R?,0.449"
X-3020,ACOX1,51.0,MutNovel,"S105C,0.227"
X-3020,ACR,49.0,Del0.8,0.8
X-3020,ACVR1C,130399.0,MutNovel,"R403P,0.526"
X-3020,ADAMTS12,81792.0,Amp5,5.24
X-3020,ADAMTS16,170690.0,Amp5,5.24
X-3020,ADC,113451.0,MutNovel,"I272M,0.636"
X-3020,ADCK3,56997.0,MutNovel,"S367N,0.400"
X-3020,ADCK4,79934.0,MutNovel,"W370C,0.442"
X-3020,ADCY2,108.0,Amp5,5.24
X-3020,ADH5,128.0,MutNovel,"E280Q,0.320"
X-3020,ADIPOR1,51094.0,MutKnownFunctional,"-363?,0.423"
X-3020,ADK,132.0,MutNovel,"M228I,0.256"
X-3020,ADM2,79924.0,Del0.8,0.8
X-3020,ADNP2,22850.0,MutNovel,"H917Y,0.505"
X-3020,ADRA1B,147.0,Amp8,24.93
X-3020,AFF1,4299.0,MutNovel,"P161S,0.278"
X-3020,AFF1,4299.0,MutNovel,"P348S,0.667"
X-3020,AGGF1,55109.0,MutNovel,"S135C,1.000"
X-3020,AGTRAP,57085.0,MutNovel,"R102S,1.000"
X-3020,AGXT2,64902.0,Amp5,5.24
X-3020,AHCYL2,23382.0,MutNovel,"A27E,1.000"
X-3020,AHNAK,79026.0,MutNovel,"F2300L,0.267"
X-3020,AHNAK2,113146.0,MutNovel,"K3407N,0.280"
X-3020,AHNAK2,113146.0,MutNovel,"D2759E,0.867"
X-3020,AHNAK2,113146.0,MutNovel,"S1671L,0.263"
X-3020,AHNAK2,113146.0,MutNovel,"L1486V,0.826"
X-3020,AK3,50808.0,Amp5,5.74
X-3020,ALDH1B1,219.0,Del0.8,0.37
X-3020,ALG1,56052.0,MutNovel,"V144M,1.000"
X-3020,ALG12,79087.0,Del0.8,0.8
X-3020,ALG9,79796.0,MutNovel,"R445W,0.968"
X-3020,ALKBH8,91801.0,MutNovel,"C467S,1.000"
X-3020,ALMS1,7840.0,MutNovel,"L1442F,0.654"
X-3020,ALMS1,7840.0,MutNovel,"Q3791E,0.482"
X-3020,ALPK1,80216.0,MutNovel,"GS940G,0.375"
X-3020,ALPPL2,251.0,MutNovel,"A496E,0.500"
X-3020,ALS2CL,259173.0,MutNovel,"E359K,0.444"
X-3020,AMACR,23600.0,Amp5,5.24
X-3020,ANAPC1,64682.0,MutNovel,"E146Q,0.405"
X-3020,ANAPC5,51433.0,MutNovel,"A504S,0.515"
X-3020,ANGPTL3,27329.0,MutNovel,"K319R,1.000"
X-3020,ANKAR,150709.0,Amp5,7.21
X-3020,ANKH,56172.0,Amp5,5.24
X-3020,ANKRD10,55608.0,MutNovel,"L303F,0.615"
X-3020,ANKRD12,23253.0,MutNovel,"S1855I,0.421"
X-3020,ANKRD13C,81573.0,MutNovel,"T262P,0.452"
X-3020,ANKRD13C,81573.0,MutNovel,"I256V,1.000"
X-3020,ANKRD13D,338692.0,MutNovel,"A306E,0.289"
X-3020,ANKRD17,26057.0,MutNovel,"M2135L,0.397"
X-3020,ANKRD17,26057.0,MutNovel,"L1499V,0.325"
X-3020,ANKRD18A,253650.0,Del0.8,0.46
X-3020,ANKRD20A3,441425.0,Del0.8,0.71
X-3020,ANKRD20A4,728747.0,MutNovel,"V341M,1.000"
X-3020,ANKRD20A4,728747.0,MutNovel,"H375R,1.000"
X-3020,ANKRD20A4,728747.0,MutNovel,"N392Y,1.000"
X-3020,ANKRD32,84250.0,Del0.8,0.74
X-3020,ANKRD33B,651746.0,Amp5,5.24
X-3020,ANKRD36,375248.0,MutNovel,"T998S,0.286"
X-3020,ANKRD36C,,MutNovel,"I566R,0.385"
X-3020,ANKZF1,55139.0,MutNovel,"R164G,0.394"
X-3020,ANP32B,10541.0,MutNovel,"L22P,1.000"
X-3020,AP3M1,26985.0,MutNovel,"V183F,1.000"
X-3020,APBB2,323.0,MutNovel,"D12E,0.357"
X-3020,APC,324.0,MutNovel,"R380L,1.000"
X-3020,APITD1-CORT,100526739.0,MutNovel,"G28C,1.000"
X-3020,APLP2,334.0,MutNovel,"E675Q,0.360"
X-3020,APOPT1,84334.0,MutNovel,"R48K,0.700"
X-3020,AQP7P3,441432.0,Del0.8,0.71
X-3020,ARAP1,116985.0,MutNovel,"L1447V,0.300"
X-3020,ARAP2,116984.0,MutNovel,"V951A,0.340"
X-3020,ARFGEF1,10565.0,MutNovel,"Y314C,0.653"
X-3020,ARHGEF18,23370.0,MutNovel,"R752Q,0.993"
X-3020,ARHGEF5,7984.0,MutNovel,"N1358Y,1.000"
X-3020,ARID4A,5926.0,MutKnownFunctional,"E546*,0.258"
X-3020,ARID5B,84159.0,MutNovel,"D108H,0.235"
X-3020,ARL5B,221079.0,MutNovel,"K130E,0.328"
X-3020,ARMC4,55130.0,MutNovel,"H980L,0.550"
X-3020,ARNT,405.0,MutNovel,"D50H,0.368"
X-3020,ARPC5L,81873.0,MutNovel,"V73L,1.000"
X-3020,ARRDC4,91947.0,MutNovel,"Y318C,1.000"
X-3020,ARSA,410.0,MutNovel,"V328M,1.000"
X-3020,ARSA,410.0,Del0.8,0.8
X-3020,ASNSD1,54529.0,Amp5,7.21
X-3020,ASTN1,460.0,MutKnownFunctional,"S296*,0.231"
X-3020,ATG9B,285973.0,MutNovel,"E160K,0.818"
X-3020,ATN1,1822.0,MutNovel,"S386F,0.297"
X-3020,ATN1,1822.0,MutNovel,"S689L,0.402"
X-3020,ATN1,1822.0,MutNovel,"S790C,0.282"
X-3020,ATP10B,23120.0,Amp8,24.93
X-3020,ATP2B4,493.0,MutNovel,"D39E,0.389"
X-3020,ATP5J2-PTCD1,100526740.0,MutNovel,"R727Q,0.395"
X-3020,ATP6AP1,537.0,MutNovel,"K379N,0.494"
X-3020,ATP6V1B1,525.0,MutKnownFunctional,"S97*,0.833"
X-3020,ATP6V1B2,526.0,MutNovel,"R185W,0.528"
X-3020,ATP7A,538.0,MutKnownFunctional,"Q121*,0.353"
X-3020,ATP8B1,5205.0,MutNovel,"A561T,0.614"
X-3020,ATP8B3,148229.0,MutNovel,"E307Q,1.000"
X-3020,ATXN1,6310.0,MutNovel,"D702Y,0.583"
X-3020,ATXN1,6310.0,MutNovel,"I629V,1.000"
X-3020,ATXN2,6311.0,MutNovel,"S74L,0.400"
X-3020,AXL,558.0,MutNovel,"W417L,0.564"
X-3020,B3GALT1,8708.0,MutNovel,"P279R,1.000"
X-3020,B3GALTL,145173.0,MutNovel,"T327I,0.250"
X-3020,BACH1,571.0,MutNovel,"Q727L,1.000"
X-3020,BARD1,580.0,Amp5,6.77
X-3020,BASP1,10409.0,Amp5,5.24
X-3020,BATF2,116071.0,MutNovel,"R234C,0.562"
X-3020,BAZ1B,9031.0,MutNovel,"D1324Y,0.596"
X-3020,BCAN,63827.0,MutNovel,"P129H,0.983"
X-3020,BCORP1,286554.0,Del0.8,0.38
X-3020,BIRC6,57448.0,MutNovel,"G2443F,0.471"
X-3020,BIRC6,57448.0,MutNovel,"G2443V,0.500"
X-3020,BMP6,654.0,MutNovel,"H180N,1.000"
X-3020,BPY2B,442867.0,Del0.8,0.25
X-3020,BPY2B,442867.0,Del0.8,0.25
X-3020,BRCA1,672.0,MutKnownFunctional,"Y179*,0.318"
X-3020,BRD1,23774.0,Del0.8,0.8
X-3020,BRIX1,55299.0,Amp5,5.24
X-3020,BRWD3,254065.0,MutNovel,"S1782L,0.521"
X-3020,BSG,682.0,MutNovel,"D195H,1.000"
X-3020,BTAF1,9044.0,MutNovel,"D1792H,0.325"
X-3020,BTN2A1,11120.0,MutNovel,"R469K,1.000"
X-3020,BTN2A2,10385.0,MutNovel,"H401D,1.000"
X-3020,BTN3A3,10384.0,MutNovel,"P427L,1.000"
X-3020,BZW1,9689.0,MutKnownFunctional,"E442*,0.392"
X-3020,C10orf118,55088.0,MutKnownFunctional,"S137*,0.393"
X-3020,C11orf9,745.0,MutNovel,"R986Q,0.212"
X-3020,C12orf32,83695.0,MutKnownFunctional,"R216*,0.205"
X-3020,C12orf35,55196.0,MutNovel,"G778E,0.706"
X-3020,C12orf51,283450.0,MutNovel,"Y2291F,0.846"
X-3020,C12orf70,341346.0,MutNovel,"E98V,1.000"
X-3020,C16orf62,57020.0,MutNovel,"S38L,1.000"
X-3020,C16orf70,80262.0,MutNovel,"M251V,0.523"
X-3020,C17orf79,55352.0,MutNovel,"N92K,0.562"
X-3020,C19orf55,148137.0,MutNovel,"S367W,0.453"
X-3020,C1QTNF2,114898.0,Amp8,24.93
X-3020,C1QTNF3,114899.0,Amp5,5.24
X-3020,C20orf201,198437.0,MutNovel,"P159S,0.700"
X-3020,C21orf58,54058.0,MutNovel,"R158W,1.000"
X-3020,C22orf34,348645.0,Del0.8,0.8
X-3020,C2orf42,54980.0,MutNovel,"H247D,0.524"
X-3020,C2orf88,84281.0,Amp5,7.21
X-3020,C4orf19,55286.0,MutNovel,"E274G,0.667"
X-3020,C4orf21,55345.0,MutNovel,"R1440T,0.286"
X-3020,C5orf22,55322.0,Amp5,5.24
X-3020,C5orf28,64417.0,Amp5,5.5
X-3020,C5orf34,375444.0,Amp5,5.5
X-3020,C5orf38,153571.0,Amp5,5.24
X-3020,C5orf42,65250.0,MutNovel,"R628K,0.533"
X-3020,C5orf42,65250.0,Amp5,5.5
X-3020,C5orf49,134121.0,Amp5,5.24
X-3020,C5orf51,285636.0,Amp5,5.5
X-3020,C5orf54,63920.0,Amp8,24.93
X-3020,C6,729.0,Amp5,5.5
X-3020,C7,730.0,Amp5,5.5
X-3020,C7orf26,79034.0,MutNovel,"S172T,0.614"
X-3020,C8orf33,65265.0,MutNovel,"Q189L,0.347"
X-3020,C9,735.0,Amp5,5.5
X-3020,C9orf123,90871.0,Amp5,5.74
X-3020,C9orf3,84909.0,MutNovel,"Q186H,0.643"
X-3020,C9orf41,138199.0,MutNovel,"E349K,0.485"
X-3020,C9orf53,51198.0,Del0.8,0.36
X-3020,C9orf66,157983.0,Del0.8,0.72
X-3020,CA9,768.0,MutNovel,"P48T,0.829"
X-3020,CABIN1,23523.0,MutNovel,"E735Q,0.407"
X-3020,CABIN1,23523.0,MutNovel,"E1262V,0.205"
X-3020,CABYR,26256.0,MutNovel,"I33V,0.488"
X-3020,CACNA1B,774.0,MutNovel,"P842T,1.000"
X-3020,CACNA1B,774.0,MutNovel,"V1937F,1.000"
X-3020,CACNA1C,775.0,MutNovel,"G1994R,1.000"
X-3020,CACNB1,782.0,MutNovel,"R203H,0.235"
X-3020,CALCRL,10203.0,MutNovel,"G377C,1.000"
X-3020,CALCRL,10203.0,Amp5,7.21
X-3020,CAMSAP3,57662.0,MutNovel,"E886K,0.647"
X-3020,CAPN14,440854.0,MutNovel,"D584E,1.000"
X-3020,CAPSL,133690.0,Amp5,5.24
X-3020,CARD6,84674.0,Amp5,5.5
X-3020,CASC4,113201.0,MutNovel,"G408A,0.640"
X-3020,CAST,831.0,MutNovel,"S58F,0.357"
X-3020,CATSPER1,117144.0,MutNovel,"E733K,0.419"
X-3020,CBFA2T2,9139.0,MutNovel,"A8G,0.353"
X-3020,CBL,867.0,MutNovel,"K7N,0.688"
X-3020,CBWD1,55871.0,MutNovel,"S115N,1.000"
X-3020,CBWD1,55871.0,Del0.8,0.72
X-3020,CC2D1A,54862.0,MutNovel,"K451N,0.590"
X-3020,CCDC111,201973.0,MutNovel,"D459N,0.582"
X-3020,CCDC12,151903.0,MutNovel,"T171S,0.488"
X-3020,CCDC132,55610.0,MutNovel,"Q130R,0.480"
X-3020,CCDC136,64753.0,MutNovel,"R331L,0.667"
X-3020,CCDC152,100129792.0,Amp5,5.5
X-3020,CCDC19,25790.0,MutNovel,"Q218R,0.750"
X-3020,CCDC88C,440193.0,MutNovel,"D1311H,0.217"
X-3020,CCDC90A,63933.0,MutNovel,"D230N,0.236"
X-3020,CCDC96,257236.0,MutNovel,"K431Q,0.600"
X-3020,CCDC99,54908.0,Amp8,11.55
X-3020,CCL28,56477.0,Amp5,5.5
X-3020,CCNJL,79616.0,Amp8,24.93
X-3020,CCNYL1,151195.0,MutNovel,"I32S,0.697"
X-3020,CCT5,22948.0,Amp5,5.24
X-3020,CD274,29126.0,Amp5,5.74
X-3020,CDC23,8697.0,MutNovel,"L184F,0.618"
X-3020,CDC37L1,55664.0,Amp5,5.74
X-3020,CDC42BPB,9578.0,MutNovel,"E312K,0.216"
X-3020,CDC42EP1,11135.0,MutNovel,"PAPAANPS253P,1.000"
X-3020,CDC6,990.0,MutNovel,"L216V,0.449"
X-3020,CDH10,1008.0,MutNovel,"V473L,1.000"
X-3020,CDH10,1008.0,Amp5,5.24
X-3020,CDH12,1010.0,Amp5,5.24
X-3020,CDH18,1016.0,Amp5,5.24
X-3020,CDH6,1004.0,Amp5,5.24
X-3020,CDH9,1007.0,Amp5,5.24
X-3020,CDK13,8621.0,MutNovel,"L319Q,0.494"
X-3020,CDK13,8621.0,MutNovel,"S436C,0.223"
X-3020,CDKL5,6792.0,MutNovel,"SA810FL,1.000"
X-3020,CDKN2A,1029.0,Del0.8,0.36
X-3020,CDS2,8760.0,MutNovel,"E22D,0.439"
X-3020,CDY1B,253175.0,Del0.8,0.25
X-3020,CDY1B,253175.0,Del0.8,0.25
X-3020,CDY2A,9426.0,Del0.8,0.39
X-3020,CDY2A,9426.0,Del0.8,0.21
X-3020,CDY2B,203611.0,Del0.8,0.21
X-3020,CDY2B,203611.0,Del0.8,0.39
X-3020,CENPBD1,92806.0,MutNovel,"D48H,0.356"
X-3020,CENPF,1063.0,MutNovel,"S1478C,0.355"
X-3020,CENPF,1063.0,MutNovel,"N3073D,1.000"
X-3020,CEP104,9731.0,MutNovel,"G107C,0.417"
X-3020,CEP135,9662.0,MutNovel,"E891V,0.367"
X-3020,CEP192,55125.0,MutNovel,"T717S,0.278"
X-3020,CEP192,55125.0,MutNovel,"S720L,0.303"
X-3020,CEP350,9857.0,MutNovel,"E2989Q,0.229"
X-3020,CEP44,80817.0,MutNovel,"V173L,0.652"
X-3020,CEP63,80254.0,MutNovel,"Y321F,1.000"
X-3020,CEP76,79959.0,MutNovel,"R341T,0.459"
X-3020,CFHR3,10878.0,Amp5,5.39
X-3020,CHAF1A,10036.0,MutNovel,"K95N,1.000"
X-3020,CHAMP1,283489.0,MutNovel,"A200S,1.000"
X-3020,CHD1,1105.0,MutNovel,"L1313F,1.000"
X-3020,CHD3,1107.0,MutNovel,"V1238L,0.409"
X-3020,CHD3,1107.0,MutNovel,"P1714L,1.000"
X-3020,CHD8,57680.0,MutKnownFunctional,"E1793*,0.327"
X-3020,CHD8,57680.0,MutNovel,"Q365E,0.659"
X-3020,CHEK2,11200.0,MutNovel,"K287M,0.214"
X-3020,CHKB,1120.0,Del0.8,0.8
X-3020,CHKB-CPT1B,386593.0,Del0.8,0.8
X-3020,CHPF,79586.0,MutNovel,"G772C,0.250"
X-3020,CHRM3,1131.0,MutNovel,"S445Y,1.000"
X-3020,CHST5,23563.0,MutNovel,"R50L,1.000"
X-3020,CHTF18,63922.0,MutNovel,"E353Q,0.289"
X-3020,CILP2,148113.0,MutNovel,"R472Q,0.484"
X-3020,CIT,11113.0,MutNovel,"S436L,0.500"
X-3020,CKAP4,10970.0,MutNovel,"F144S,0.432"
X-3020,CKAP5,9793.0,MutNovel,"I1017M,0.364"
X-3020,CLASRP,11129.0,MutNovel,"R526H,0.357"
X-3020,CLCN3,1182.0,MutNovel,"R373L,0.368"
X-3020,CLIP2,7461.0,MutNovel,"R582H,0.372"
X-3020,CLIP2,7461.0,MutNovel,"EV591DL,0.671"
X-3020,CLK3,1198.0,MutNovel,"E435K,0.387"
X-3020,CLUAP1,23059.0,MutNovel,"E163Q,0.479"
X-3020,CMBL,134147.0,Amp5,5.24
X-3020,CNTLN,54875.0,MutNovel,"R620M,1.000"
X-3020,CNTNAP3,79937.0,Del0.8,0.46
X-3020,CNTNAP3B,728577.0,Del0.8,0.71
X-3020,CNTNAP4,85445.0,MutKnownFunctional,"Q661*,1.000"
X-3020,COL12A1,1303.0,MutNovel,"K2650E,0.512"
X-3020,COL12A1,1303.0,MutNovel,"H1866N,1.000"
X-3020,COL16A1,1307.0,MutNovel,"E753K,0.263"
X-3020,COL3A1,1281.0,Amp5,7.21
X-3020,COL4A3,1285.0,MutNovel,"P1224S,1.000"
X-3020,COL5A2,1290.0,Amp5,7.21
X-3020,COL8A1,1295.0,MutNovel,"P485T,0.588"
X-3020,COMMD1,150684.0,MutNovel,"E33L,0.527"
X-3020,COPB1,1315.0,MutNovel,"D765H,0.560"
X-3020,COPG2,26958.0,MutNovel,"L203V,0.649"
X-3020,COPS7A,50813.0,MutNovel,"D166Y,0.252"
X-3020,CPA4,51200.0,MutNovel,"M215I,0.356"
X-3020,CPD,1362.0,MutNovel,"T174S,0.457"
X-3020,CPEB2,132864.0,MutNovel,"D192H,1.000"
X-3020,CPSF2,53981.0,MutNovel,"R319L,0.746"
X-3020,CPT1B,1375.0,Del0.8,0.8
X-3020,CREB3L1,90993.0,MutNovel,"S495I,0.500"
X-3020,CRELD2,79174.0,Del0.8,0.8
X-3020,CRIM1,51232.0,MutNovel,"V464F,0.445"
X-3020,CROT,54677.0,MutNovel,"S343C,0.667"
X-3020,CRTC1,23373.0,MutNovel,"S4L,0.400"
X-3020,CRYZL1,9946.0,MutNovel,"V172E,0.317"
X-3020,CSF1R,1436.0,MutNovel,"V223L,0.333"
X-3020,CSNK2A2,1459.0,MutNovel,"E28D,0.495"
X-3020,CSPG4P1Y,114758.0,Del0.8,0.25
X-3020,CSPG4P1Y,114758.0,Del0.8,0.25
X-3020,CT45A6,541465.0,MutNovel,"R83G,1.000"
X-3020,CTAG2,30848.0,MutNovel,"E161K,1.000"
X-3020,CTAG2,30848.0,MutNovel,"R57G,0.316"
X-3020,CTAGE5,4253.0,MutNovel,"D264H,0.582"
X-3020,CTCF,10664.0,MutNovel,"I511V,0.529"
X-3020,CTNNA2,1496.0,Amp8,10.2
X-3020,CTNND2,1501.0,Amp5,5.24
X-3020,CTPS2,56474.0,Amp5,5.06
X-3020,CTSA,5476.0,MutNovel,"L29-,0.245"
X-3020,CUBN,8029.0,MutNovel,"L990F,0.600"
X-3020,CWC22,57703.0,MutNovel,"K543N,0.326"
X-3020,CWC25,54883.0,MutNovel,"Q241R,0.311"
X-3020,CYP26A1,1592.0,MutNovel,"G470V,0.500"
X-3020,CYP27B1,1594.0,MutNovel,"A181S,0.452"
X-3020,CYP2U1,113612.0,MutNovel,"F120Y,0.688"
X-3020,CYTH4,27128.0,MutNovel,"F293I,1.000"
X-3020,DAB2,1601.0,Amp5,5.5
X-3020,DAP,1611.0,Amp5,5.24
X-3020,DAXX,1616.0,MutNovel,"K536N,1.000"
X-3020,DAZ1,1617.0,Del0.8,0.25
X-3020,DAZ2,57055.0,Del0.8,0.25
X-3020,DAZ3,57054.0,Del0.8,0.25
X-3020,DAZ3,57054.0,Del0.8,0.25
X-3020,DAZ4,57135.0,Del0.8,0.25
X-3020,DAZ4,57135.0,Del0.8,0.25
X-3020,DCAF11,80344.0,MutNovel,"R341L,0.460"
X-3020,DCAF5,8816.0,MutKnownFunctional,"-840,0.440"
X-3020,DCLRE1A,9937.0,MutKnownFunctional,"Q598*,0.220"
X-3020,DCTD,1635.0,Del0.8,0.71
X-3020,DDI2,84301.0,MutNovel,"E360Q,1.000"
X-3020,DDI2,84301.0,MutNovel,"E376Q,1.000"
X-3020,DDX3Y,8653.0,Del0.8,0.39
X-3020,DDX46,9879.0,MutNovel,"E327Q,0.506"
X-3020,DDX53,168400.0,MutNovel,"C221F,1.000"
X-3020,DDX58,23586.0,Del0.8,0.41
X-3020,DDX60,55601.0,MutNovel,"L272F,0.286"
X-3020,DDX60L,91351.0,MutNovel,"K1413N,0.853"
X-3020,DEFB103A,414325.0,Del0.8,0.66
X-3020,DEFB103A,414325.0,Del0.8,0.66
X-3020,DEFB104B,503618.0,Del0.8,0.66
X-3020,DEFB104B,503618.0,Del0.8,0.66
X-3020,DEFB105B,504180.0,Del0.8,0.66
X-3020,DEFB105B,504180.0,Del0.8,0.66
X-3020,DEFB106B,503841.0,Del0.8,0.66
X-3020,DEFB106B,503841.0,Del0.8,0.66
X-3020,DEFB107A,245910.0,Del0.8,0.66
X-3020,DEFB107A,245910.0,Del0.8,0.66
X-3020,DEFB4B,100289462.0,Del0.8,0.66
X-3020,DENND5A,23258.0,MutNovel,"H779Y,0.440"
X-3020,DENND5A,23258.0,MutNovel,"L307V,0.455"
X-3020,DERL3,91319.0,MutNovel,"G5R,0.278"
X-3020,DFNA5,1687.0,MutNovel,"DG426G,1.000"
X-3020,DGKA,1606.0,MutNovel,"D640H,0.419"
X-3020,DGKH,160851.0,MutNovel,"Q566H,0.588"
X-3020,DHRS2,10202.0,MutNovel,"V167A,0.692"
X-3020,DHRSX,207063.0,MutNovel,"S459N,0.248"
X-3020,DHX36,170506.0,MutNovel,"A77G,0.396"
X-3020,DHX37,57647.0,MutNovel,"R835Q,0.568"
X-3020,DHX37,57647.0,MutNovel,"A61V,0.590"
X-3020,DHX8,1659.0,MutNovel,"S14W,0.592"
X-3020,DIAPH2,1730.0,MutNovel,"A52S,1.000"
X-3020,DIO2,1734.0,Amp5,5.1
X-3020,DIP2B,57609.0,MutNovel,"Q313H,0.640"
X-3020,DIP2B,57609.0,MutNovel,"F419L,0.500"
X-3020,DIRC1,116093.0,Amp5,7.21
X-3020,DIS3,22894.0,MutNovel,"R638L,0.596"
X-3020,DIS3L2,129563.0,MutNovel,"Q627H,0.267"
X-3020,DLG5,9231.0,MutNovel,"V313I,1.000"
X-3020,DMAP1,55929.0,MutNovel,"E250Q,0.459"
X-3020,DMRT1,1761.0,Del0.8,0.41
X-3020,DMRT2,10655.0,Del0.8,0.41
X-3020,DMRT3,58524.0,Del0.8,0.41
X-3020,DMXL2,23312.0,MutNovel,"SS1287IP,1.000"
X-3020,DNAH5,1767.0,Amp5,5.24
X-3020,DNAJB4,11080.0,MutNovel,"A100T,1.000"
X-3020,DNAJC1,64215.0,MutNovel,"D481G,0.379"
X-3020,DNAJC21,134218.0,MutNovel,"Q227H,0.627"
X-3020,DNAJC21,134218.0,Amp5,5.24
X-3020,DNAJC8,22826.0,MutNovel,"E71V,1.000"
X-3020,DOCK8,81704.0,Del0.8,0.44
X-3020,DOPEY2,9980.0,MutNovel,"V1989F,0.298"
X-3020,DPYSL2,1808.0,MutNovel,"D233Y,0.966"
X-3020,DRD4,1815.0,MutNovel,"A281P,0.875"
X-3020,DRD4,1815.0,MutNovel,"S284G,1.000"
X-3020,DROSHA,29102.0,Amp5,5.24
X-3020,DST,667.0,MutNovel,"M1758I,0.403"
X-3020,DTX3L,151636.0,MutNovel,"Q186E,0.700"
X-3020,DUS1L,64118.0,MutNovel,"I301M,0.637"
X-3020,DYSF,8291.0,MutNovel,"R236Q,0.536"
X-3020,DYSF,8291.0,MutNovel,"W944L,0.571"
X-3020,E2F5,1875.0,MutNovel,"Q150H,0.671"
X-3020,E2F8,79733.0,MutNovel,"D317H,0.378"
X-3020,E2F8,79733.0,MutKnownFunctional,"W57*,0.742"
X-3020,EDIL3,10085.0,MutNovel,"G87R,0.530"
X-3020,EEF2K,29904.0,MutNovel,"D609G,0.268"
X-3020,EGFLAM,133584.0,Amp5,5.5
X-3020,EGFR,1956.0,MutNovel,"K253R,0.600"
X-3020,EHBP1L1,254102.0,MutNovel,"R933T,0.286"
X-3020,EHD4,30844.0,MutNovel,"I461F,1.000"
X-3020,EHMT1,79813.0,MutNovel,"A50T,1.000"
X-3020,EIF1AY,9086.0,Del0.8,0.38
X-3020,EIF2B4,8890.0,MutNovel,"S318L,0.537"
X-3020,EIF2C1,26523.0,MutNovel,"D242H,0.316"
X-3020,EIF4A1,,MutNovel,"D15H,0.514"
X-3020,ELL,8178.0,MutNovel,"K458M,0.392"
X-3020,ELL2,22936.0,MutNovel,"D419Y,0.453"
X-3020,EML4,27436.0,MutNovel,"S352C,0.529"
X-3020,ENC1,8507.0,MutNovel,"G394W,1.000"
X-3020,ENDOV,284131.0,MutKnownFunctional,"R99*,0.375"
X-3020,ENGASE,64772.0,MutNovel,"G299C,0.573"
X-3020,ENTPD6,955.0,Amp5,5.28
X-3020,EPPK1,83481.0,MutNovel,"A1590S,1.000"
X-3020,ERBB2,2064.0,MutNovel,"D30E,0.495"
X-3020,ERBB4,2066.0,Amp5,6.77
X-3020,ERF,2077.0,MutNovel,"P212A,0.224"
X-3020,ERGIC3,51614.0,MutNovel,"E197Q,0.256"
X-3020,ERMP1,79956.0,Amp5,5.74
X-3020,ERV3-1,2086.0,MutNovel,"E523Q,0.226"
X-3020,ESF1,51575.0,MutNovel,"E801D,0.252"
X-3020,ETS1,2113.0,MutNovel,"R255L,0.541"
X-3020,EVC,2121.0,MutNovel,"R128L,1.000"
X-3020,EXOC3,11336.0,MutNovel,"R168L,0.528"
X-3020,EXOC3,11336.0,MutNovel,"H484D,0.208"
X-3020,EXOC6B,23233.0,MutNovel,"K467N,0.556"
X-3020,EXOSC6,118460.0,MutNovel,"G3W,0.486"
X-3020,EYA1,2138.0,MutNovel,"P23T,0.241"
X-3020,EZH1,2145.0,MutNovel,"D726H,0.523"
X-3020,EZR,7430.0,MutNovel,"R81Q,1.000"
X-3020,F8,2157.0,MutNovel,"S173C,0.400"
X-3020,FABP1,2168.0,Amp5,7.21
X-3020,FABP6,2172.0,Amp8,24.93
X-3020,FAM102B,284611.0,MutNovel,"S69G,1.000"
X-3020,FAM105A,54491.0,Amp5,5.24
X-3020,FAM105B,90268.0,Amp5,5.24
X-3020,FAM106A,80039.0,Del0.8,0.72
X-3020,FAM110A,83541.0,MutNovel,"V254A,1.000"
X-3020,FAM116B,414918.0,Del0.8,0.8
X-3020,FAM129A,116496.0,MutNovel,"E237K,0.220"
X-3020,FAM134B,54463.0,Amp5,5.24
X-3020,FAM171B,165215.0,MutNovel,"-44Q,0.727"
X-3020,FAM171B,165215.0,MutNovel,"-50Q,0.957"
X-3020,FAM171B,165215.0,Amp5,7.21
X-3020,FAM173B,134145.0,Amp5,5.24
X-3020,FAM179B,23116.0,MutNovel,"V1303I,0.333"
X-3020,FAM182A,284800.0,Amp5,5.28
X-3020,FAM182B,728882.0,Amp5,5.28
X-3020,FAM18B2-CDRT4,100533496.0,MutNovel,"T150R,0.224"
X-3020,FAM18B2-CDRT4,100533496.0,MutNovel,"S135P,0.204"
X-3020,FAM190B,54462.0,MutNovel,"C672S,1.000"
X-3020,FAM193A,8603.0,MutNovel,"V646M,0.515"
X-3020,FAM193B,54540.0,MutNovel,"M497I,1.000"
X-3020,FAM197Y2P,252946.0,Del0.8,0.36
X-3020,FAM201A,158228.0,Del0.8,0.46
X-3020,FAM203A,51236.0,MutNovel,"S184T,0.273"
X-3020,FAM214A,56204.0,MutNovel,"M89V,0.812"
X-3020,FAM214B,80256.0,MutNovel,"R265H,1.000"
X-3020,FAM21C,253725.0,MutNovel,"Q1204H,0.324"
X-3020,FAM41AY1,340618.0,Del0.8,0.21
X-3020,FAM41AY1,340618.0,Del0.8,0.39
X-3020,FAM63A,55793.0,MutNovel,"G502V,1.000"
X-3020,FAM73B,84895.0,MutNovel,"E274K,0.513"
X-3020,FAM75A5,727905.0,Del0.8,0.56
X-3020,FAM75A6,389730.0,Del0.8,0.71
X-3020,FAM86B1,85002.0,MutNovel,"A233V,0.667"
X-3020,FAM86B1,85002.0,MutNovel,"A108T,0.600"
X-3020,FAM95B1,100133036.0,Del0.8,0.71
X-3020,FAM95B1,100133036.0,Del0.8,0.71
X-3020,FAM98C,147965.0,MutNovel,"P262L,0.262"
X-3020,FANCA,2175.0,MutNovel,"S1337R,0.392"
X-3020,FANCA,2175.0,MutNovel,"S11L,0.250"
X-3020,FANCD2,2177.0,MutNovel,"S130C,0.340"
X-3020,FANCD2,2177.0,MutNovel,"G747R,0.533"
X-3020,FARS2,10667.0,MutNovel,"R318M,0.726"
X-3020,FASTKD1,79675.0,MutNovel,"H102P,0.804"
X-3020,FASTKD3,79072.0,Amp5,5.24
X-3020,FAT1,2195.0,MutNovel,"D1024Y,1.000"
X-3020,FBLN7,129804.0,MutNovel,"A202T,0.527"
X-3020,FBXL7,23194.0,Amp5,5.24
X-3020,FBXO4,26272.0,Amp5,5.5
X-3020,FBXW10,10517.0,MutNovel,"R971H,1.000"
X-3020,FCGBP,8857.0,MutNovel,"AA3916VD,0.368"
X-3020,FCGBP,8857.0,MutNovel,"T3382A,0.312"
X-3020,FCHSD1,89848.0,MutNovel,"D682A,1.000"
X-3020,FGF10,2255.0,Amp5,5.5
X-3020,FGFR1,2260.0,MutNovel,"K194N,0.465"
X-3020,FIBCD1,84929.0,MutNovel,"Q179H,1.000"
X-3020,FIP1L1,81608.0,MutNovel,"S11L,0.744"
X-3020,FJX1,24147.0,MutNovel,"E228Q,0.514"
X-3020,FJX1,24147.0,MutNovel,"E401K,0.511"
X-3020,FKBP9,11328.0,MutNovel,"V334L,0.343"
X-3020,FKBP9,11328.0,MutNovel,"P447S,0.605"
X-3020,FLJ33360,401172.0,Amp5,5.24
X-3020,FLJ35024,401491.0,Amp5,5.74
X-3020,FLVCR1,28982.0,MutNovel,"S61L,0.240"
X-3020,FOCAD,,MutNovel,"P675A,1.000"
X-3020,FOXC1,2296.0,MutNovel,"G20A,0.421"
X-3020,FOXD1,2297.0,MutNovel,"-303A,0.941"
X-3020,FOXD4,2298.0,Del0.8,0.72
X-3020,FOXD4L2,100036519.0,Del0.8,0.71
X-3020,FOXM1,2305.0,MutNovel,"S55C,0.261"
X-3020,FOXO6,,MutNovel,"D293E,1.000"
X-3020,FSIP1,161835.0,MutNovel,"L549F,1.000"
X-3020,FSIP2,401024.0,MutNovel,"L3456F,0.429"
X-3020,FSIP2,401024.0,Amp5,7.21
X-3020,FTO,79068.0,MutNovel,"T4A,0.625"
X-3020,FUCA2,2519.0,MutNovel,"K299N,1.000"
X-3020,FUK,197258.0,MutNovel,"P112L,0.433"
X-3020,FUT2,2524.0,MutKnownFunctional,"W294*,1.000"
X-3020,FXYD5,53827.0,MutNovel,"A150T,0.329"
X-3020,FYB,2533.0,Amp5,5.5
X-3020,G3BP1,10146.0,MutNovel,"L259V,0.356"
X-3020,GABRQ,55879.0,MutNovel,"L399F,1.000"
X-3020,GAGE2E,26749.0,MutNovel,"D74H,0.333"
X-3020,GBA,2629.0,MutNovel,"E2Q,0.276"
X-3020,GBA3,57733.0,MutNovel,"C415F,0.380"
X-3020,GBAS,2631.0,MutNovel,"P83L,0.297"
X-3020,GDNF,2668.0,Amp5,5.5
X-3020,GEMIN5,25929.0,MutNovel,"E1287K,0.379"
X-3020,GGA3,23163.0,MutNovel,"E616K,0.407"
X-3020,GHR,2690.0,Amp5,5.5
X-3020,GIGYF2,26058.0,MutNovel,"M586L,0.701"
X-3020,GINS1,9837.0,Amp5,5.28
X-3020,GKAP1,80318.0,MutNovel,"K193IK,1.000"
X-3020,GLDC,2731.0,Amp5,5.74
X-3020,GLIS3,169792.0,Amp5,5.74
X-3020,GLIS3-AS1,84850.0,Amp5,5.74
X-3020,GLS,2744.0,Amp5,7.21
X-3020,GMCL1,64395.0,MutNovel,"R24I,0.509"
X-3020,GNAZ,2781.0,MutNovel,"E26K,0.800"
X-3020,GNB4,59345.0,MutNovel,"I270M,0.283"
X-3020,GOLGA2,2801.0,MutNovel,"D708E,0.217"
X-3020,GOLGA2P2Y,84559.0,Del0.8,0.25
X-3020,GOLGA2P2Y,84559.0,Del0.8,0.25
X-3020,GOLGA8A,23015.0,MutNovel,"K534E,0.548"
X-3020,GOLGA8J,,MutNovel,"RA473HS,1.000"
X-3020,GOLPH3,64083.0,Amp5,5.24
X-3020,GPBP1L1,60313.0,MutNovel,"E143Q,0.234"
X-3020,GPD2,2820.0,MutNovel,"H633N,0.358"
X-3020,GPKOW,27238.0,MutNovel,"D34N,1.000"
X-3020,GPR126,57211.0,MutNovel,"N338I,1.000"
X-3020,GPR158,57512.0,MutNovel,"H893Q,0.762"
X-3020,GPR180,160897.0,MutNovel,"R41L,0.467"
X-3020,GPR77,27202.0,MutNovel,"Q146H,0.857"
X-3020,GPR85,54329.0,MutNovel,"I370T,0.600"
X-3020,GPRASP1,9737.0,MutNovel,"R1167W,1.000"
X-3020,GPRC5A,9052.0,MutNovel,"R97L,0.733"
X-3020,GPSM2,29899.0,MutNovel,"S536C,1.000"
X-3020,GPT2,84706.0,MutNovel,"P125T,0.233"
X-3020,GRHL1,29841.0,MutNovel,"F575L,0.656"
X-3020,GRHL2,79977.0,MutNovel,"A327V,0.353"
X-3020,GSTK1,373156.0,MutNovel,"M66I,0.694"
X-3020,GSTT1,2952.0,Del0.8,0.73
X-3020,GTF2E1,2960.0,MutNovel,"E140G,0.485"
X-3020,GTF3C1,2975.0,MutNovel,"R331W,0.491"
X-3020,GTF3C5,9328.0,MutNovel,"QT236HT,0.482"
X-3020,GULP1,51454.0,Amp5,7.21
X-3020,GUSBP1,728411.0,Amp5,5.24
X-3020,GYG1,2992.0,MutNovel,"A206G,0.463"
X-3020,GYG2P1,352887.0,Del0.8,0.39
X-3020,HCG26,352961.0,Del0.8,0.4
X-3020,HCN1,348980.0,Amp5,5.5
X-3020,HCN3,57657.0,MutNovel,"V110I,0.250"
X-3020,HCP5,10866.0,Del0.8,0.4
X-3020,HDAC10,83933.0,Del0.8,0.8
X-3020,HDAC7,51564.0,MutKnownFunctional,"-872,0.234"
X-3020,HDAC7,51564.0,MutNovel,"G257S,0.702"
X-3020,HEATR1,55127.0,MutNovel,"P803L,0.420"
X-3020,HEATR5B,54497.0,MutNovel,"M618T,0.368"
X-3020,HEATR5B,54497.0,MutNovel,"L574V,0.385"
X-3020,HEATR7B2,133558.0,Amp5,5.5
X-3020,HECTD1,25831.0,MutNovel,"E2444Q,0.544"
X-3020,HERC3,8916.0,MutNovel,"M279V,0.390"
X-3020,HERC6,55008.0,MutNovel,"L251F,0.386"
X-3020,HGS,9146.0,MutNovel,"S745C,0.443"
X-3020,HIBCH,26275.0,Amp5,7.21
X-3020,HIC1,3090.0,MutNovel,"P370A,1.000"
X-3020,HIPK3,10114.0,MutNovel,"H638R,0.465"
X-3020,HIST1H1C,3006.0,MutNovel,"E74D,0.298"
X-3020,HIST1H2BK,85236.0,MutNovel,"V40L,1.000"
X-3020,HLA-H,3136.0,Del0.8,0.48
X-3020,HMGCS1,3157.0,Amp5,5.5
X-3020,HMGXB4,10042.0,MutNovel,"E450Q,0.447"
X-3020,HNRNPA1,3178.0,MutNovel,"G254A,0.587"
X-3020,HNRNPUL1,11100.0,MutNovel,"E62Q,0.292"
X-3020,HOOK3,84376.0,MutNovel,"I154V,0.474"
X-3020,HPSE,10855.0,MutNovel,"Q46H,0.450"
X-3020,HS3ST3B1,9953.0,MutNovel,"D174H,0.607"
X-3020,HSDL1,83693.0,MutNovel,"A257P,0.470"
X-3020,HSFY2,159119.0,Del0.8,0.21
X-3020,HSFY2,159119.0,Del0.8,0.21
X-3020,HSPA1B,3304.0,MutNovel,"T158A,0.571"
X-3020,HSPA1L,3305.0,MutNovel,"T491M,0.333"
X-3020,HSPA4L,22824.0,MutNovel,"M836T,0.690"
X-3020,IFNAR2,3455.0,MutNovel,"M514I,0.265"
X-3020,IGFBPL1,347252.0,Del0.8,0.37
X-3020,IKZF2,22807.0,MutNovel,"S293I,0.500"
X-3020,IKZF2,22807.0,MutNovel,"G231V,0.455"
X-3020,IKZF2,22807.0,Amp5,6.77
X-3020,IL17REL,400935.0,Del0.8,0.8
X-3020,IL1R1,3554.0,MutNovel,"I348L,0.208"
X-3020,IL33,90865.0,Amp5,5.74
X-3020,IL4I1,259307.0,MutKnownFunctional,"E412*,0.263"
X-3020,IL7R,3575.0,Amp5,5.24
X-3020,ILDR1,286676.0,MutNovel,"P509L,1.000"
X-3020,ILVBL,10994.0,MutNovel,"G148E,1.000"
X-3020,IMPAD1,54928.0,MutNovel,"L289V,0.597"
X-3020,IMPDH1,3614.0,MutNovel,"G94V,0.560"
X-3020,INA,9118.0,MutNovel,"S40W,0.684"
X-3020,INO80E,283899.0,MutKnownFunctional,"Y11*,0.586"
X-3020,INPP1,3628.0,Amp5,7.21
X-3020,INPP5D,3635.0,MutNovel,"R915L,0.674"
X-3020,INPP5F,22876.0,MutNovel,"H411Y,1.000"
X-3020,INSIG2,51141.0,MutNovel,"I201V,0.724"
X-3020,INSL4,3641.0,Amp5,5.74
X-3020,INSL6,11172.0,Amp5,5.74
X-3020,INSR,3643.0,MutNovel,"P1299Q,1.000"
X-3020,INTS1,26173.0,MutNovel,"E298D,0.388"
X-3020,INTS3,65123.0,MutNovel,"V157D,0.272"
X-3020,INTS5,80789.0,MutNovel,"F1002L,0.252"
X-3020,IPO7,10527.0,MutNovel,"H737Y,0.546"
X-3020,IRX1,79192.0,Amp5,5.24
X-3020,IRX2,153572.0,MutNovel,"P343L,0.224"
X-3020,IRX2,153572.0,Amp5,5.24
X-3020,IST1,9798.0,MutNovel,"P233R,0.512"
X-3020,ITGA6,3655.0,MutKnownFunctional,"-1076?,0.603"
X-3020,ITGAV,3685.0,Amp5,7.21
X-3020,ITGB6,3694.0,MutNovel,"S297R,0.453"
X-3020,ITPR2,3709.0,MutNovel,"R829S,0.333"
X-3020,JAK2,3717.0,Amp5,5.74
X-3020,JARID2,3720.0,MutNovel,"D16Y,0.952"
X-3020,JRK,8629.0,MutNovel,"R56S,0.625"
X-3020,JSRP1,126306.0,MutNovel,"S132L,0.400"
X-3020,JUNB,3726.0,MutNovel,"I269M,0.516"
X-3020,JUNB,3726.0,MutNovel,"R273L,0.516"
X-3020,KANK1,23189.0,Del0.8,0.35
X-3020,KBTBD2,25948.0,MutKnownFunctional,"Q166*,0.236"
X-3020,KCNS3,3790.0,MutNovel,"S425I,0.714"
X-3020,KCNV2,169522.0,Amp5,5.74
X-3020,KCTD2,23510.0,MutNovel,"G79A,0.397"
X-3020,KDM2A,22992.0,MutNovel,"H650D,0.321"
X-3020,KDM4C,23081.0,MutNovel,"G256S,1.000"
X-3020,KDM4C,23081.0,Amp5,5.74
X-3020,KDM5D,8284.0,Del0.8,0.38
X-3020,KGFLP2,654466.0,Del0.8,0.71
X-3020,KHDC1,80759.0,MutNovel,"S132I,1.000"
X-3020,KIAA0020,9933.0,Amp5,5.74
X-3020,KIAA0146,23514.0,MutNovel,"I219V,0.656"
X-3020,KIAA0195,9772.0,MutNovel,"S149I,0.343"
X-3020,KIAA0391,9692.0,MutNovel,"D405H,0.524"
X-3020,KIAA0564,23078.0,MutNovel,"R1697L,1.000"
X-3020,KIAA0907,22889.0,MutNovel,"E147Q,0.267"
X-3020,KIAA0922,23240.0,MutNovel,"R34C,0.277"
X-3020,KIAA0947,23379.0,Amp5,5.24
X-3020,KIAA1377,57562.0,MutNovel,"D1115Y,0.500"
X-3020,KIAA1432,57589.0,MutNovel,"G217W,1.000"
X-3020,KIAA1432,57589.0,MutNovel,"A219T,1.000"
X-3020,KIAA1432,57589.0,Amp5,5.74
X-3020,KIAA1731,85459.0,MutNovel,"S1433L,0.706"
X-3020,KIAA2026,158358.0,Amp5,5.74
X-3020,KIF18A,81930.0,MutNovel,"H527R,0.649"
X-3020,KIF20B,9585.0,MutNovel,"L1062LKV,1.000"
X-3020,KIF21A,55605.0,MutNovel,"S255A,0.429"
X-3020,KLC3,147700.0,MutNovel,"R38W,0.617"
X-3020,KLF11,8462.0,MutNovel,"P483S,0.473"
X-3020,KLF12,11278.0,MutNovel,"R384L,0.643"
X-3020,KLF13,51621.0,MutNovel,"S60W,1.000"
X-3020,KLF2,10365.0,MutNovel,"E59D,0.581"
X-3020,KLF7,8609.0,MutNovel,"D18H,0.452"
X-3020,KLHDC7B,113730.0,Del0.8,0.8
X-3020,KLHL12,59349.0,MutNovel,"E85Q,0.361"
X-3020,KLHL15,80311.0,MutNovel,"G144V,1.000"
X-3020,KLHL21,9903.0,MutNovel,"A197V,1.000"
X-3020,KLHL21,9903.0,MutNovel,"E71Q,0.452"
X-3020,KLHL21,9903.0,MutNovel,"R3Q,0.457"
X-3020,KLHL29,114818.0,MutNovel,"L525H,0.968"
X-3020,KLHL7,55975.0,MutNovel,"I340F,0.232"
X-3020,KLRG2,346689.0,MutNovel,"P255S,0.891"
X-3020,KPNA4,3840.0,MutNovel,"I214V,0.466"
X-3020,KRT10,3858.0,MutNovel,"GSSGGG507G,0.333"
X-3020,KRT2,3849.0,MutNovel,"L456M,1.000"
X-3020,KRT2,3849.0,MutNovel,"E454Q,1.000"
X-3020,KRTCAP3,200634.0,MutNovel,"V21M,0.512"
X-3020,L3MBTL1,26013.0,MutNovel,"R424C,0.500"
X-3020,LAD1,3898.0,MutNovel,"V433M,1.000"
X-3020,LAMA3,3909.0,MutNovel,"D2327H,0.367"
X-3020,LAMA5,3911.0,MutNovel,"V3267L,0.463"
X-3020,LAMB3,3914.0,MutNovel,"G268S,0.329"
X-3020,LAT2,7462.0,MutNovel,"E188K,0.506"
X-3020,LCE3C,353144.0,Del0.8,0.41
X-3020,LETMD1,25875.0,MutNovel,"E353K,0.301"
X-3020,LGALS3BP,3959.0,MutKnownFunctional,"-327,0.450"
X-3020,LGALS9C,654346.0,Del0.8,0.47
X-3020,LIFR,3977.0,Amp5,5.5
X-3020,LIMK2,3985.0,MutNovel,"P530S,0.446"
X-3020,LINS,55180.0,MutNovel,"L510V,0.500"
X-3020,LINS,55180.0,MutNovel,"V15A,0.417"
X-3020,LIPG,9388.0,MutNovel,"N322H,0.645"
X-3020,LMBRD2,92255.0,Amp5,5.24
X-3020,LMF2,91289.0,Del0.8,0.8
X-3020,LMO7,4008.0,MutNovel,"Q1313H,1.000"
X-3020,LMTK3,114783.0,MutNovel,"E670Q,0.395"
X-3020,LOC100128946,100128946.0,Del0.8,0.8
X-3020,LOC100129250,100129250.0,Del0.8,0.41
X-3020,LOC100130451,100130451.0,Amp5,6.77
X-3020,LOC100130705,100130705.0,MutNovel,"K152E,0.600"
X-3020,LOC100132247,100132247.0,MutNovel,"A1089S,0.600"
X-3020,LOC100132356,100132356.0,Amp5,5.5
X-3020,LOC100134868,100134868.0,Amp5,5.28
X-3020,LOC100144603,100144603.0,Del0.8,0.8
X-3020,LOC100287633,,MutNovel,"K82E,1.000"
X-3020,LOC100289561,100289561.0,MutNovel,"A54S,0.536"
X-3020,LOC100505738,100505738.0,Amp5,5.24
X-3020,LOC100505806,100505806.0,Amp5,5.24
X-3020,LOC100506548,100506548.0,Amp5,5.5
X-3020,LOC100507003,100507003.0,MutNovel,"D84H,0.300"
X-3020,LOC100996689,,MutNovel,"R132C,0.333"
X-3020,LOC100996689,,MutKnownFunctional,"W116*,0.394"
X-3020,LOC100996689,,MutNovel,"R97W,0.241"
X-3020,LOC153684,153684.0,Amp5,5.5
X-3020,LOC255167,255167.0,Amp5,5.24
X-3020,LOC284798,284798.0,Amp5,5.28
X-3020,LOC284801,284801.0,Amp5,5.28
X-3020,LOC285577,285577.0,Amp5,5.24
X-3020,LOC285629,285629.0,Amp8,24.93
X-3020,LOC285692,285692.0,Amp5,5.24
X-3020,LOC285696,285696.0,Amp5,5.24
X-3020,LOC340094,340094.0,Amp5,5.24
X-3020,LOC340107,340107.0,Amp5,5.24
X-3020,LOC340113,340113.0,Amp5,5.24
X-3020,LOC391322,391322.0,Del0.8,0.73
X-3020,LOC401177,401177.0,Amp5,5.24
X-3020,LOC441666,441666.0,Amp8,8.69
X-3020,LOC442132,442132.0,Amp5,5.24
X-3020,LOC642643,,MutNovel,"R57P,1.000"
X-3020,LOC642929,642929.0,Del0.8,0.71
X-3020,LOC643401,643401.0,Amp5,5.24
X-3020,LOC648987,648987.0,Amp5,5.5
X-3020,LOC653125,,MutNovel,"AD540TD,1.000"
X-3020,LOC728888,,MutNovel,"D535E,0.857"
X-3020,LOC728888,,MutNovel,"D493E,1.000"
X-3020,LOC729159,,MutNovel,"A39T,1.000"
X-3020,LOC729506,729506.0,Amp5,5.24
X-3020,LOC90834,90834.0,Del0.8,0.8
X-3020,LPHN2,23266.0,MutNovel,"C1072F,0.354"
X-3020,LPHN3,23284.0,MutNovel,"T1363N,0.839"
X-3020,LRP3,4037.0,MutNovel,"A594S,0.439"
X-3020,LRP6,4040.0,MutNovel,"D520H,0.556"
X-3020,LRRC41,10489.0,MutNovel,"N643S,1.000"
X-3020,LRRTM1,347730.0,Amp8,17.15
X-3020,LSR,51599.0,MutNovel,"G518R,0.236"
X-3020,LSR,51599.0,MutNovel,"G518GR,1.000"
X-3020,LTBP1,4052.0,MutNovel,"S1321C,1.000"
X-3020,LUC7L2,51631.0,MutNovel,"M350V,0.316"
X-3020,LYST,1130.0,MutNovel,"T1315I,0.214"
X-3020,MACF1,23499.0,MutNovel,"G395S,1.000"
X-3020,MADD,8567.0,MutNovel,"M1083V,0.364"
X-3020,MAGEA12,4111.0,MutNovel,"K211R,1.000"
X-3020,MAGEC2,51438.0,MutNovel,"S106Y,1.000"
X-3020,MAGI1,9223.0,MutNovel,"H1426Q,0.500"
X-3020,MAGI1,9223.0,MutNovel,"V102I,0.273"
X-3020,MAP3K1,4214.0,MutNovel,"M312L,1.000"
X-3020,MAP3K11,4296.0,MutNovel,"G405C,0.331"
X-3020,MAP3K12,7786.0,MutNovel,"Q115H,0.667"
X-3020,MAP7,9053.0,MutNovel,"R328Q,0.985"
X-3020,MAPK11,5600.0,Del0.8,0.8
X-3020,MAPK12,6300.0,Del0.8,0.8
X-3020,MAPK8IP2,23542.0,Del0.8,0.8
X-3020,MAPK8IP3,23162.0,MutNovel,"R1280Q,1.000"
X-3020,MAPK8IP3,23162.0,MutNovel,"RNV1280QNL,1.000"
X-3020,2014-03-11 00:00:00,441061.0,Amp5,5.24
X-3020,2014-03-06 00:00:00,10299.0,Amp5,5.24
X-3020,MASP2,10747.0,MutNovel,"Q577H,1.000"
X-3020,MBOAT7,79143.0,MutNovel,"G273A,0.253"
X-3020,MBP,4155.0,MutNovel,"G260V,0.611"
X-3020,MCPH1,79648.0,MutNovel,"L405P,1.000"
X-3020,MDGA2,161357.0,MutNovel,"E216Q,0.429"
X-3020,MED10,84246.0,Amp5,5.24
X-3020,MED14,9282.0,MutNovel,"N448D,1.000"
X-3020,MED28,80306.0,MutNovel,"D114H,0.480"
X-3020,MED28,80306.0,MutNovel,"Q130H,0.465"
X-3020,MEF2A,4205.0,MutNovel,"Q412-,1.000"
X-3020,MEGF8,1954.0,MutNovel,"R1142W,0.504"
X-3020,METTL8,79828.0,MutNovel,"S355N,0.755"
X-3020,MEX3D,399664.0,MutNovel,"G95S,1.000"
X-3020,MFSD6,54842.0,Amp5,7.21
X-3020,MFSD7,84179.0,MutNovel,"G520R,1.000"
X-3020,MGA,23269.0,MutKnownFunctional,"W142*,0.667"
X-3020,MGA,23269.0,MutNovel,"E301Q,0.625"
X-3020,MGA,23269.0,MutNovel,"D2304G,0.408"
X-3020,MGC21881,389741.0,Del0.8,0.71
X-3020,MIA3,375056.0,MutNovel,"S1721C,0.312"
X-3020,MICA,100507436.0,Del0.8,0.33
X-3020,MICAL3,57553.0,MutNovel,"E1975Q,0.282"
X-3020,MINA,84864.0,MutNovel,"L122F,0.482"
X-3020,MIOX,55586.0,Del0.8,0.8
X-3020,MIR101-2,406894.0,Amp5,5.74
X-3020,MIR1245A,100302219.0,Amp5,7.21
X-3020,MIR1245B,100616324.0,Amp5,7.21
X-3020,MIR146A,406938.0,Amp8,24.93
X-3020,MIR3129,100422908.0,Amp5,7.21
X-3020,MIR3142,100422938.0,Amp8,24.93
X-3020,MIR3606,100500837.0,Amp5,7.21
X-3020,MIR3650,100500824.0,Amp5,5.5
X-3020,MIR4278,100422999.0,Amp5,5.24
X-3020,MIR4279,100422874.0,Amp5,5.24
X-3020,MIR4454,100616234.0,Amp5,5.24
X-3020,MIR4458,100616142.0,Amp5,5.24
X-3020,MIR4535,100616415.0,Del0.8,0.8
X-3020,MIR4636,100616326.0,Amp5,5.24
X-3020,MIR4637,100616271.0,Amp5,5.24
X-3020,MIR4665,100616288.0,Amp5,5.74
X-3020,MIR4776-1,100616267.0,Amp5,6.77
X-3020,MIR4776-2,100616472.0,Amp5,6.77
X-3020,MIR4780,100616447.0,Amp5,7.21
X-3020,MIR548F2,100313771.0,Amp5,6.77
X-3020,MIR561,693146.0,Amp5,7.21
X-3020,MIR580,693165.0,Amp5,5.24
X-3020,MIR663A,724033.0,Amp5,5.28
X-3020,MKNK1,8569.0,MutNovel,"E96Q,1.000"
X-3020,MKRN3,7681.0,MutNovel,"A51E,0.562"
X-3020,MLANA,2315.0,Amp5,5.74
X-3020,MLC1,23209.0,Del0.8,0.8
X-3020,MLL3,58508.0,MutNovel,"M69L,0.462"
X-3020,MLLT4,4301.0,MutNovel,"E174Q,0.402"
X-3020,MMP15,4324.0,MutNovel,"D186V,0.485"
X-3020,MNAT1,4331.0,MutNovel,"L99F,0.237"
X-3020,MOB2,81532.0,MutNovel,"V265M,0.491"
X-3020,MOV10L1,54456.0,Del0.8,0.8
X-3020,MPHOSPH6,10200.0,MutNovel,"S40G,0.459"
X-3020,MPRIP,23164.0,MutNovel,"TS178T,1.000"
X-3020,MRPL41,64975.0,MutNovel,"I41M,0.492"
X-3020,MRPS30,10884.0,Amp5,5.5
X-3020,MRPS35,60488.0,MutNovel,"S14T,0.302"
X-3020,MRS2,57380.0,MutNovel,"E243Q,0.350"
X-3020,MSR1,4481.0,MutNovel,"Q10H,0.667"
X-3020,MST1,4485.0,MutNovel,"R515W,0.312"
X-3020,MST4,51765.0,MutNovel,"Q408E,0.933"
X-3020,MSTN,2660.0,Amp5,7.21
X-3020,MTHFD1,4522.0,MutNovel,"F294L,0.775"
X-3020,MTHFD2,10797.0,MutNovel,"I49M,0.504"
X-3020,MTMR12,54545.0,MutNovel,"Y242F,0.214"
X-3020,MTMR12,54545.0,Amp5,5.24
X-3020,MTRR,4552.0,Amp5,5.24
X-3020,MUC16,94025.0,MutNovel,"A13741T,1.000"
X-3020,MUC16,94025.0,MutNovel,"R13398C,0.500"
X-3020,MUC5AC,,MutNovel,"P660A,1.000"
X-3020,MVP,9961.0,MutNovel,"R232Q,0.515"
X-3020,MYADML2,255275.0,MutNovel,"T149M,0.375"
X-3020,MYBBP1A,10514.0,MutNovel,"E776K,0.469"
X-3020,MYCBP2,23077.0,MutNovel,"N709S,0.455"
X-3020,MYH9,4627.0,MutNovel,"I458M,0.288"
X-3020,MYH9,4627.0,MutNovel,"I433M,0.260"
X-3020,MYL12A,10627.0,MutNovel,"K150M,0.339"
X-3020,MYO10,4651.0,Amp5,5.24
X-3020,MYO1B,4430.0,Amp5,7.21
X-3020,MYO1E,4643.0,MutNovel,"E175D,1.000"
X-3020,MYO1G,64005.0,MutNovel,"V960L,0.385"
X-3020,MYO5C,55930.0,MutNovel,"K1040N,0.500"
X-3020,MZT2B,80097.0,MutNovel,"R155L,0.374"
X-3020,N4BP2,55728.0,MutNovel,"V427F,0.400"
X-3020,NAA11,84779.0,MutNovel,"A76V,1.000"
X-3020,NAB1,4664.0,Amp5,7.21
X-3020,NANP,140838.0,Amp5,5.28
X-3020,NASP,4678.0,MutNovel,"E118-,1.000"
X-3020,NAT10,55226.0,MutNovel,"A472P,0.427"
X-3020,NBEAL2,23218.0,MutNovel,"G639V,0.733"
X-3020,NBPF1,55672.0,MutNovel,"S981Y,0.543"
X-3020,NBPF14,25832.0,MutNovel,"I861G,1.000"
X-3020,NCAPH2,29781.0,Del0.8,0.8
X-3020,NCL,4691.0,MutNovel,"V311F,0.600"
X-3020,NCOA1,8648.0,MutNovel,"S1394C,0.553"
X-3020,NCOA2,10499.0,MutNovel,"S1139C,0.620"
X-3020,NCOA3,8202.0,MutNovel,"Q1255-,0.372"
X-3020,NCOR1P1,149934.0,Amp5,5.28
X-3020,NCOR2,9612.0,MutNovel,"G1839GAAA,1.000"
X-3020,NCOR2,9612.0,MutNovel,"-511S,0.957"
X-3020,NCRNA00185,55410.0,Del0.8,0.38
X-3020,NDNL2,56160.0,MutNovel,"I106M,0.509"
X-3020,NDUFA10,4705.0,MutNovel,"H29Y,0.297"
X-3020,NDUFA9,4704.0,MutNovel,"E351M,0.336"
X-3020,NDUFB6,4712.0,Del0.8,0.27
X-3020,NEFH,4744.0,MutNovel,"KAKSPEKEE651K,0.492"
X-3020,NF1,4763.0,MutNovel,"V289F,0.625"
X-3020,NF2,4771.0,MutNovel,"E107K,0.402"
X-3020,NFATC2,4773.0,MutNovel,"A52S,0.909"
X-3020,NFATC3,4775.0,MutNovel,"S278R,0.667"
X-3020,NFATC3,4775.0,MutNovel,"Q880P,0.443"
X-3020,NFKB1,4790.0,MutNovel,"L100F,0.430"
X-3020,NFKBIZ,64332.0,MutNovel,"Q273R,0.992"
X-3020,NGLY1,55768.0,MutNovel,"K91R,0.500"
X-3020,NHS,4810.0,MutNovel,"S463C,1.000"
X-3020,NIM1,167359.0,Amp5,5.5
X-3020,NINL,22981.0,MutNovel,"D28H,0.209"
X-3020,NINL,22981.0,Amp5,5.28
X-3020,NIPAL2,79815.0,MutNovel,"S236C,0.306"
X-3020,NIPAL2,79815.0,MutNovel,"W40R,0.743"
X-3020,NIPBL,25836.0,Amp5,5.5
X-3020,NKX1-2,390010.0,MutNovel,"L200V,0.348"
X-3020,NKX1-2,390010.0,MutNovel,"E54K,0.279"
X-3020,NLGN4Y,22829.0,Del0.8,0.39
X-3020,NNT,23530.0,Amp5,5.5
X-3020,NOMO3,408050.0,MutNovel,"N918T,1.000"
X-3020,NOP16,51491.0,MutNovel,"L140I,1.000"
X-3020,NOP58,51602.0,MutNovel,"G432V,0.692"
X-3020,NOTCH1,4851.0,MutNovel,"V1792L,1.000"
X-3020,NOTCH2,4853.0,MutNovel,"L2241F,1.000"
X-3020,NPR3,4883.0,Amp5,5.24
X-3020,NR4A2,4929.0,MutNovel,"R193L,0.444"
X-3020,NRG1,3084.0,MutNovel,"S516N,0.316"
X-3020,NRN1L,123904.0,MutNovel,"C11S,0.800"
X-3020,NSA2,10412.0,MutNovel,"Q108E,1.000"
X-3020,NSFL1C,55968.0,MutNovel,"Q355L,0.531"
X-3020,NSUN2,54888.0,Amp5,5.24
X-3020,NT5DC3,51559.0,MutNovel,"A283P,0.333"
X-3020,NTN3,4917.0,MutKnownFunctional,"E475*,0.375"
X-3020,NUP107,57122.0,MutNovel,"I136V,0.589"
X-3020,NUP155,9631.0,Amp5,5.5
X-3020,NUP54,53371.0,MutNovel,"N269S,0.479"
X-3020,OBSL1,23363.0,MutNovel,"A190G,0.725"
X-3020,OCIAD2,132299.0,MutNovel,"K29E,0.278"
X-3020,ODF3B,440836.0,Del0.8,0.8
X-3020,ODZ1,10178.0,MutNovel,"G443R,1.000"
X-3020,OR51B2,79345.0,MutNovel,"A235G,0.889"
X-3020,ORAI1,84876.0,MutNovel,"PP43-,1.000"
X-3020,ORMDL1,94101.0,Amp5,7.21
X-3020,OSBP2,23762.0,MutNovel,"L162V,0.231"
X-3020,OSGEPL1,64172.0,Amp5,7.21
X-3020,OSMR,9180.0,Amp5,5.5
X-3020,OSR2,116039.0,MutNovel,"P130Q,0.685"
X-3020,OTOGL,283310.0,MutNovel,"G854S,0.667"
X-3020,OTUD7B,56957.0,MutNovel,"Q743E,1.000"
X-3020,OVOL1,5017.0,MutNovel,"L90F,0.361"
X-3020,OXCT1,5019.0,MutNovel,"T58M,0.350"
X-3020,OXCT1,5019.0,Amp5,5.5
X-3020,PABPC4L,132430.0,MutKnownFunctional,"C43*,0.393"
X-3020,PAIP1,10605.0,Amp5,5.5
X-3020,PALB2,79728.0,MutNovel,"G697R,0.409"
X-3020,PAN2,9924.0,MutNovel,"N1019S,0.500"
X-3020,PANK4,55229.0,MutNovel,"W550L,1.000"
X-3020,PANX2,56666.0,Del0.8,0.8
X-3020,PAOX,196743.0,MutNovel,"RK313KM,0.527"
X-3020,PAPD7,11044.0,Amp5,5.24
X-3020,PARP1,142.0,MutNovel,"K1010N,0.368"
X-3020,PARP1,142.0,MutNovel,"D281Y,0.656"
X-3020,PARP15,165631.0,MutNovel,"D36H,1.000"
X-3020,PARP4,143.0,MutNovel,"A1469P,0.452"
X-3020,PARP9,83666.0,MutKnownFunctional,"S16*,0.500"
X-3020,PASK,23178.0,MutNovel,"R51M,0.786"
X-3020,PATL2,197135.0,MutNovel,"I542M,1.000"
X-3020,PATZ1,23598.0,MutNovel,"T532N,0.767"
X-3020,PAXIP1,22976.0,MutNovel,"Q452H,0.316"
X-3020,PCDH17,27253.0,MutKnownFunctional,"-905,1.000"
X-3020,PCDHA4,56144.0,MutNovel,"L140Q,1.000"
X-3020,PCDHB14,56122.0,MutNovel,"S351W,1.000"
X-3020,PCDHGA5,56110.0,MutNovel,"K765N,1.000"
X-3020,PCDHGB4,8641.0,MutNovel,"Q608H,1.000"
X-3020,PCDHGC3,5098.0,MutNovel,"Q323K,0.786"
X-3020,PCF11,51585.0,MutNovel,"Q409E,0.220"
X-3020,PCGEM1,64002.0,Amp5,5.03
X-3020,PCGF5,84333.0,MutNovel,"H205D,0.277"
X-3020,PCLO,27445.0,MutNovel,"V4298F,0.500"
X-3020,PCMTD1,115294.0,MutNovel,"P297A,0.225"
X-3020,PCNT,5116.0,MutKnownFunctional,"K213*,0.227"
X-3020,PCNXL4,,MutNovel,"I296V,0.365"
X-3020,PCNXL4,,MutNovel,"T330I,0.382"
X-3020,PDCD1LG2,80380.0,Amp5,5.74
X-3020,PDCD4,27250.0,MutNovel,"G307R,1.000"
X-3020,PDCD4,27250.0,MutKnownFunctional,"S449*,0.286"
X-3020,PDCD6IP,10015.0,MutKnownFunctional,"S797*,0.242"
X-3020,PDE4A,5141.0,MutNovel,"S350C,1.000"
X-3020,PDLIM2,64236.0,MutNovel,"A602V,0.424"
X-3020,PDZD2,23037.0,Amp5,5.24
X-3020,PER3,8863.0,MutNovel,"K738Q,0.447"
X-3020,PEX6,5190.0,MutNovel,"A956V,0.262"
X-3020,PFKL,5211.0,MutNovel,"D168E,0.508"
X-3020,PHACTR4,65979.0,MutKnownFunctional,"-61?,0.262"
X-3020,PHACTR4,65979.0,MutNovel,"S234C,0.286"
X-3020,PHACTR4,65979.0,MutNovel,"P272S,0.202"
X-3020,PHKB,5257.0,MutNovel,"E10D,0.391"
X-3020,PHLDA1,22822.0,MutNovel,"QQ194Q,1.000"
X-3020,PHLDB3,653583.0,MutNovel,"S380R,1.000"
X-3020,PHTF2,57157.0,MutNovel,"D629Y,0.452"
X-3020,PHYHD1,254295.0,MutNovel,"R267W,1.000"
X-3020,PIEZO1,9780.0,MutNovel,"D289H,0.268"
X-3020,PIGU,128869.0,MutNovel,"A183S,0.785"
X-3020,PIK3R2,5296.0,MutNovel,"W332R,0.480"
X-3020,PIKFYVE,200576.0,MutNovel,"T806I,0.294"
X-3020,PIM3,415116.0,Del0.8,0.8
X-3020,PINX1,54984.0,MutNovel,"E218D,0.447"
X-3020,PITRM1,10531.0,MutNovel,"S603G,0.367"
X-3020,PKD1,5310.0,MutNovel,"S1032F,1.000"
X-3020,PKD1,5310.0,MutNovel,"S99R,0.301"
X-3020,PKN1,5585.0,MutNovel,"L427V,0.561"
X-3020,PKN2,5586.0,MutNovel,"G807A,0.680"
X-3020,PLA2R1,22925.0,MutNovel,"T586M,0.714"
X-3020,PLCE1,51196.0,MutNovel,"P165A,0.500"
X-3020,PLCE1,51196.0,MutNovel,"E2192Q,0.615"
X-3020,PLCXD3,345557.0,Amp5,5.5
X-3020,PLEC,5339.0,MutNovel,"E2465K,0.335"
X-3020,PLEKHG2,64857.0,MutNovel,"L955F,0.285"
X-3020,PLEKHG4,25894.0,MutNovel,"P1163R,0.589"
X-3020,PLEKHM2,23207.0,MutNovel,"S196C,1.000"
X-3020,PLEKHM2,23207.0,MutNovel,"S199F,1.000"
X-3020,PLEKHM3,389072.0,MutNovel,"H182R,0.300"
X-3020,PLXNB2,23654.0,Del0.8,0.8
X-3020,PLXNB3,5365.0,MutNovel,"R561C,0.389"
X-3020,PMCHL1,5369.0,Amp5,5.24
X-3020,PMS1,5378.0,Amp5,7.21
X-3020,PNMAL2,57469.0,MutNovel,"K594-,0.444"
X-3020,POLD3,10714.0,MutNovel,"R321K,0.719"
X-3020,POLE,5426.0,MutNovel,"D802Y,0.468"
X-3020,POLG,5428.0,MutNovel,"Q43R,1.000"
X-3020,POLR1E,64425.0,MutNovel,"H289Y,0.280"
X-3020,POLR3B,55703.0,MutNovel,"V252M,0.321"
X-3020,POLR3B,55703.0,MutNovel,"Q785E,0.294"
X-3020,POR,5447.0,MutNovel,"G626S,0.508"
X-3020,POT1,25913.0,MutNovel,"D563Y,0.403"
X-3020,PPAPDC2,403313.0,Amp5,5.74
X-3020,PPFIBP1,8496.0,MutNovel,"A533S,0.407"
X-3020,PPIG,9360.0,MutNovel,"L325F,0.374"
X-3020,PPP1R15A,23645.0,MutNovel,"E233K,0.356"
X-3020,PPP1R15B,84919.0,MutNovel,"D133Y,0.736"
X-3020,PPP1R9A,55607.0,MutNovel,"E660-,0.750"
X-3020,PPP2R3A,5523.0,MutNovel,"E840Q,0.483"
X-3020,PPP2R3C,55012.0,MutKnownFunctional,"-23?,1.000"
X-3020,PPP4R2,151987.0,MutNovel,"TEEDE297T,0.418"
X-3020,PPP6R2,9701.0,Del0.8,0.8
X-3020,PPTC7,160760.0,MutNovel,"-33A,0.429"
X-3020,PRDM2,7799.0,MutNovel,"H483Y,1.000"
X-3020,PRDM9,56979.0,MutNovel,"K816N,0.348"
X-3020,PRDM9,56979.0,Amp5,5.24
X-3020,PRKAA1,5562.0,Amp5,5.5
X-3020,PRKAB2,5565.0,MutNovel,"L152F,0.343"
X-3020,PRKCE,5581.0,MutNovel,"A378T,0.571"
X-3020,PRKCZ,5590.0,MutNovel,"D275H,0.495"
X-3020,PRKG2,5593.0,MutNovel,"S723R,0.306"
X-3020,PRLR,5618.0,Amp5,5.24
X-3020,PRMT6,55170.0,MutNovel,"G270L,1.000"
X-3020,PRMT7,54496.0,MutNovel,"D243N,0.532"
X-3020,PRR14L,253143.0,MutNovel,"P1947S,0.480"
X-3020,PRY,9081.0,Del0.8,0.38
X-3020,PRY,9081.0,Del0.8,0.38
X-3020,PRY2,442862.0,Del0.8,0.38
X-3020,PRY2,442862.0,Del0.8,0.38
X-3020,PSIP1,11168.0,MutNovel,"S526C,1.000"
X-3020,PTBP3,9991.0,MutNovel,"P332A,0.520"
X-3020,PTGER4,5734.0,Amp5,5.5
X-3020,PTK6,5753.0,MutNovel,"E304Q,0.267"
X-3020,PTPN14,5784.0,MutNovel,"V590I,1.000"
X-3020,PTPN18,26469.0,MutNovel,"S202G,0.288"
X-3020,PTPRB,5787.0,MutNovel,"F1986I,0.667"
X-3020,PTTG1,9232.0,Amp8,24.93
X-3020,PURB,5814.0,MutNovel,"P211L,0.369"
X-3020,PWWP2A,114825.0,Amp8,24.93
X-3020,PYGB,5834.0,Amp5,5.28
X-3020,PYROXD1,79912.0,MutNovel,"H253R,0.411"
X-3020,RAB11FIP1,80223.0,MutNovel,"R789Q,0.613"
X-3020,RAB11FIP2,22841.0,MutNovel,"R174S,0.259"
X-3020,RAB28,9364.0,MutNovel,"V124F,0.494"
X-3020,RAB3B,5865.0,MutNovel,"F110L,0.261"
X-3020,RABL2B,11158.0,Del0.8,0.8
X-3020,RAD1,5810.0,Amp5,5.24
X-3020,RAD51D,5892.0,MutNovel,"W50L,0.600"
X-3020,RAD54L,8438.0,MutNovel,"S289N,1.000"
X-3020,RAG1,5896.0,MutNovel,"K164N,0.778"
X-3020,RAG1,5896.0,MutNovel,"P525S,0.750"
X-3020,RAI14,26064.0,Amp5,5.24
X-3020,RANBP2,5903.0,MutNovel,"V1936M,0.565"
X-3020,RANBP6,26953.0,Amp5,5.74
X-3020,RAPGEF6,51735.0,MutNovel,"D886N,0.500"
X-3020,RAPH1,65059.0,MutNovel,"S1154C,0.283"
X-3020,RASA1,5921.0,MutNovel,"Q938E,1.000"
X-3020,RASA2,5922.0,MutKnownFunctional,"K215*,1.000"
X-3020,RB1CC1,9821.0,MutNovel,"D1435N,0.345"
X-3020,RB1CC1,9821.0,MutNovel,"R1216K,0.740"
X-3020,RBAK,57786.0,MutKnownFunctional,"S524*,0.365"
X-3020,RBBP7,5931.0,Amp5,6.23
X-3020,RBM12,10137.0,MutNovel,"A670V,0.827"
X-3020,RBM33,155435.0,MutNovel,"A1043S,0.704"
X-3020,RBM41,55285.0,MutNovel,"F72L,0.375"
X-3020,RBMY1A3P,286557.0,Del0.8,0.36
X-3020,RBMY1B,378948.0,Del0.8,0.38
X-3020,RBMY1B,378948.0,Del0.8,0.38
X-3020,RBMY1E,378950.0,Del0.8,0.38
X-3020,RBMY1E,378950.0,Del0.8,0.38
X-3020,RBMY1F,159163.0,Del0.8,0.38
X-3020,RBMY1F,159163.0,Del0.8,0.38
X-3020,RBMY1J,378951.0,Del0.8,0.38
X-3020,RBMY1J,378951.0,Del0.8,0.38
X-3020,RBMY2EP,159125.0,Del0.8,0.38
X-3020,RBMY2FP,159162.0,Del0.8,0.38
X-3020,RBMY3AP,64593.0,Del0.8,0.36
X-3020,RCL1,10171.0,Amp5,5.74
X-3020,RECQL4,9401.0,MutNovel,"D605N,0.496"
X-3020,RECQL5,9400.0,MutNovel,"P437L,0.633"
X-3020,RERE,473.0,MutNovel,"S304P,1.000"
X-3020,RFTN1,23180.0,MutNovel,"Q458H,0.375"
X-3020,RFWD2,64326.0,MutKnownFunctional,"-219,1.000"
X-3020,RFWD2,64326.0,MutNovel,"S75L,0.471"
X-3020,RFX3,5991.0,Amp5,5.74
X-3020,RHOBTB3,22836.0,MutNovel,"Q519H,0.536"
X-3020,RHPN2,85415.0,MutNovel,"S596C,0.279"
X-3020,RHPN2,85415.0,MutNovel,"R414H,0.379"
X-3020,RICTOR,253260.0,Amp5,5.5
X-3020,RIMBP3,85376.0,MutNovel,"G914V,0.500"
X-3020,RIN3,79890.0,MutNovel,"G967-,1.000"
X-3020,RLN1,6013.0,Amp5,5.74
X-3020,RLN2,6019.0,Amp5,5.74
X-3020,RND3,390.0,MutNovel,"E58D,0.243"
X-3020,RNF111,54778.0,MutNovel,"Q680E,0.556"
X-3020,RNF123,63891.0,MutNovel,"E1056K,0.548"
X-3020,RNF145,153830.0,Amp5,7.41
X-3020,RNF149,284996.0,MutNovel,"R104P,0.361"
X-3020,RNF175,285533.0,MutNovel,"R134Q,1.000"
X-3020,ROPN1L,83853.0,Amp5,5.24
X-3020,RPL21,6144.0,MutNovel,"V76L,1.000"
X-3020,RPL23AP82,284942.0,Del0.8,0.8
X-3020,RPL37,6167.0,Amp5,5.5
X-3020,RPL7A,6130.0,MutNovel,"F169L,0.372"
X-3020,RPS4Y2,140032.0,Del0.8,0.38
X-3020,RPS6KA1,6195.0,MutKnownFunctional,"E655*,0.389"
X-3020,RPUSD3,285367.0,MutNovel,"R349C,0.476"
X-3020,RQCD1,9125.0,MutNovel,"S87C,0.298"
X-3020,RSPRY1,89970.0,MutNovel,"C167W,0.514"
X-3020,RTTN,25914.0,MutNovel,"F269L,0.429"
X-3020,RUFY3,22902.0,MutNovel,"S247I,0.708"
X-3020,RWDD2A,112611.0,MutNovel,"R138T,0.655"
X-3020,RXFP3,51289.0,Amp5,5.24
X-3020,SACS,26278.0,MutNovel,"I1230F,1.000"
X-3020,SAFB2,9667.0,MutNovel,"R419L,1.000"
X-3020,SAMD11,148398.0,MutNovel,"H402N,0.458"
X-3020,SAMD4A,23034.0,MutNovel,"G495R,0.764"
X-3020,SAP30BP,29115.0,MutNovel,"E25K,0.216"
X-3020,SAYSD1,55776.0,MutNovel,"E80Q,0.604"
X-3020,SBF1,6305.0,Del0.8,0.8
X-3020,SBF2,81846.0,MutNovel,"E332Q,0.679"
X-3020,SCAF11,9169.0,MutNovel,"S798C,0.461"
X-3020,SCAF8,22828.0,MutNovel,"S1251I,0.434"
X-3020,SCAND3,114821.0,MutNovel,"N1145K,1.000"
X-3020,SCIN,85477.0,MutNovel,"G633E,0.489"
X-3020,SCMH1,22955.0,MutNovel,"W8C,0.211"
X-3020,SCML2,10389.0,MutNovel,"E692K,1.000"
X-3020,SCO2,9997.0,Del0.8,0.8
X-3020,SDCCAG3,10807.0,MutNovel,"S191F,0.996"
X-3020,SDCCAG3,10807.0,MutNovel,"R112T,0.992"
X-3020,SDPR,8436.0,Amp5,5.03
X-3020,SECISBP2,79048.0,MutNovel,"M849I,0.450"
X-3020,SEL1L3,23231.0,MutNovel,"P11Q,0.729"
X-3020,SELO,83642.0,Del0.8,0.8
X-3020,SEMA4A,64218.0,MutNovel,"P729L,1.000"
X-3020,SEMA5A,9037.0,Amp5,5.24
X-3020,SEMA6B,10501.0,MutNovel,"P381H,1.000"
X-3020,SEPP1,6414.0,Amp5,5.5
X-3020,SERGEF,26297.0,MutNovel,"G67V,0.459"
X-3020,SERINC2,347735.0,MutNovel,"-373Q,1.000"
X-3020,SETD2,29072.0,MutNovel,"G875R,0.552"
X-3020,SETD2,29072.0,MutKnownFunctional,"S718*,0.450"
X-3020,SETDB1,9869.0,MutNovel,"L476F,0.333"
X-3020,SEZ6L2,26470.0,MutNovel,"G550C,0.654"
X-3020,SFXN2,118980.0,MutNovel,"P173L,1.000"
X-3020,SGK223,157285.0,MutNovel,"S1055L,0.548"
X-3020,SH2D3A,10045.0,MutNovel,"A209T,1.000"
X-3020,SH3RF2,153769.0,MutNovel,"V386L,1.000"
X-3020,SHANK1,50944.0,MutNovel,"L630I,0.549"
X-3020,SHANK3,85358.0,MutNovel,"S1245R,1.000"
X-3020,SHANK3,85358.0,Del0.8,0.8
X-3020,SHB,6461.0,Del0.8,0.33
X-3020,SHE,126669.0,MutNovel,"G59GA,1.000"
X-3020,SHE,126669.0,MutNovel,"A24V,1.000"
X-3020,SHF,90525.0,MutNovel,"S273N,1.000"
X-3020,SHF,90525.0,MutNovel,"P270S,1.000"
X-3020,SHISA3,152573.0,MutNovel,"S199R,0.400"
X-3020,SHISA4,149345.0,MutNovel,"A87S,0.739"
X-3020,SHMT2,6472.0,MutNovel,"R359L,0.561"
X-3020,SHPRH,257218.0,MutNovel,"R936L,1.000"
X-3020,SHROOM3,57619.0,MutNovel,"E984G,0.419"
X-3020,SHROOM3,57619.0,MutNovel,"R1170C,1.000"
X-3020,SIPA1L1,26037.0,MutNovel,"L645F,0.576"
X-3020,SKP2,6502.0,MutNovel,"G37R,0.564"
X-3020,SKP2,6502.0,Amp5,5.24
X-3020,SLC16A3,9123.0,MutNovel,"R109W,0.287"
X-3020,SLC1A1,6505.0,Amp5,5.74
X-3020,SLC1A5,6510.0,MutNovel,"E366Q,0.280"
X-3020,SLC22A18,5002.0,MutNovel,"D142G,0.386"
X-3020,SLC22A5,6584.0,MutNovel,"I348T,1.000"
X-3020,SLC25A10,1468.0,MutNovel,"N129I,0.676"
X-3020,SLC25A30,253512.0,MutNovel,"L195V,0.548"
X-3020,SLC35B4,84912.0,MutKnownFunctional,"-299,0.500"
X-3020,SLC38A7,55238.0,MutNovel,"D14Y,0.277"
X-3020,SLC39A8,64116.0,MutNovel,"E414Q,0.298"
X-3020,SLC3A2,6520.0,MutNovel,"L245V,0.693"
X-3020,SLC40A1,30061.0,Amp5,7.21
X-3020,SLC45A2,51151.0,Amp5,5.24
X-3020,SLC45A4,57210.0,MutNovel,"P233L,0.500"
X-3020,SLC4A7,9497.0,MutNovel,"A949G,0.491"
X-3020,SLC5A12,159963.0,MutNovel,"V338A,0.667"
X-3020,SLCO2A1,6578.0,MutNovel,"G554W,1.000"
X-3020,SLITRK5,26050.0,MutNovel,"P904A,0.458"
X-3020,SLU7,10569.0,Amp8,24.93
X-3020,SMARCAL1,50485.0,MutNovel,"Q116H,0.472"
X-3020,SMPD4,55627.0,MutNovel,"Q445H,0.371"
X-3020,SMYD1,150572.0,Amp5,7.21
X-3020,SMYD2,56950.0,MutNovel,"T247M,1.000"
X-3020,SNORD123,100113384.0,Amp5,5.24
X-3020,SNORD72,619564.0,Amp5,5.5
X-3020,SOGA2,,MutNovel,"Q763H,0.596"
X-3020,SP100,6672.0,MutNovel,"D364H,0.341"
X-3020,SPAG11A,653423.0,Del0.8,0.66
X-3020,SPAG11B,10407.0,Del0.8,0.66
X-3020,SPAG11B,10407.0,Del0.8,0.66
X-3020,SPAG16,79582.0,Amp5,6.77
X-3020,SPAST,6683.0,MutNovel,"G370W,0.459"
X-3020,SPATS2L,26010.0,MutNovel,"R90S,0.564"
X-3020,SPEF2,79925.0,Amp5,5.24
X-3020,SPEG,10290.0,MutNovel,"A1570T,0.300"
X-3020,SPG20,23111.0,MutNovel,"A590V,1.000"
X-3020,SPOPL,339745.0,MutNovel,"G172V,0.338"
X-3020,SPPL2A,84888.0,MutNovel,"Q4H,1.000"
X-3020,SPRR2D,6703.0,MutKnownFunctional,"C36*,1.000"
X-3020,SPTBN4,57731.0,MutNovel,"G1897E,0.706"
X-3020,SRD5A1,6715.0,Amp5,5.24
X-3020,SRP72,6731.0,MutNovel,"E522G,0.320"
X-3020,SRRM2,23524.0,MutNovel,"S2551W,0.394"
X-3020,SSB,6741.0,MutNovel,"D125H,0.356"
X-3020,SSSCA1,10534.0,MutNovel,"E189K,0.241"
X-3020,STAT1,6772.0,Amp5,7.21
X-3020,STAT4,6775.0,MutNovel,"L264I,0.700"
X-3020,STAT4,6775.0,Amp5,7.21
X-3020,STBD1,8987.0,MutKnownFunctional,"-276,1.000"
X-3020,STBD1,8987.0,MutNovel,"W354L,0.349"
X-3020,STEAP4,79689.0,MutNovel,"V46I,0.333"
X-3020,STIM2,57620.0,MutNovel,"F95V,0.316"
X-3020,STK10,6793.0,MutNovel,"E327Q,1.000"
X-3020,STK11IP,114790.0,MutNovel,"D989Y,0.281"
X-3020,STX16,8675.0,MutNovel,"D104Y,0.214"
X-3020,STX3,6809.0,MutNovel,"A272T,0.700"
X-3020,SUB1,10923.0,Amp5,5.24
X-3020,SUN2,25777.0,MutNovel,"R375G,1.000"
X-3020,SUPT5H,6829.0,MutNovel,"R582H,0.316"
X-3020,SVIL,6840.0,MutNovel,"R1819Q,0.430"
X-3020,SYAP1,94056.0,Amp5,6.23
X-3020,SYCE3,644186.0,Del0.8,0.8
X-3020,SYN3,8224.0,MutNovel,"A133T,0.233"
X-3020,SYNGR2,9144.0,MutNovel,"S112L,0.312"
X-3020,SYNM,23336.0,MutNovel,"R1360W,1.000"
X-3020,SYNPO2L,79933.0,MutNovel,"R888H,1.000"
X-3020,SYNRG,11276.0,MutNovel,"S881I,0.426"
X-3020,SYT12,91683.0,MutNovel,"R247H,0.556"
X-3020,SYT7,9066.0,MutNovel,"R171H,0.777"
X-3020,TAF1A,9015.0,MutNovel,"D49G,1.000"
X-3020,TAF1L,138474.0,Del0.8,0.42
X-3020,TAF5L,27097.0,MutKnownFunctional,"E224*,0.991"
X-3020,TAF6,6878.0,MutNovel,"E419Q,0.471"
X-3020,TAG,404663.0,Amp5,5.24
X-3020,TARS,6897.0,Amp5,5.24
X-3020,TAS2R1,50834.0,Amp5,5.24
X-3020,TAX1BP1,8887.0,MutNovel,"V785I,0.325"
X-3020,TAZ,6901.0,MutNovel,"E202K,0.584"
X-3020,TBC1D15,64786.0,MutNovel,"G144V,0.662"
X-3020,TBC1D22A,25771.0,Del0.8,0.68
X-3020,TBC1D7,51256.0,MutNovel,"A278G,0.206"
X-3020,TBP,6908.0,MutNovel,"-64Q,1.000"
X-3020,TBRG4,9238.0,MutNovel,"M632I,0.230"
X-3020,TCF20,6942.0,MutNovel,"Q565H,0.632"
X-3020,TCN1,6947.0,MutNovel,"A394D,0.714"
X-3020,TDRD6,221400.0,MutNovel,"M982I,1.000"
X-3020,TECPR1,25851.0,MutNovel,"A954T,0.548"
X-3020,TECPR1,25851.0,MutNovel,"W868C,0.600"
X-3020,TECPR1,25851.0,MutNovel,"C801S,0.636"
X-3020,TERF2,7014.0,MutNovel,"N134S,0.220"
X-3020,TES,26136.0,MutNovel,"C304S,0.559"
X-3020,TET3,200424.0,MutNovel,"K998N,0.438"
X-3020,TEX15,56154.0,MutNovel,"R2010K,0.609"
X-3020,TFPI,7035.0,Amp5,7.21
X-3020,THAP6,152815.0,MutNovel,"E214Q,0.467"
X-3020,THNSL2,55258.0,Amp5,5.35
X-3020,THOP1,7064.0,MutNovel,"E250Q,0.522"
X-3020,TIAM2,26230.0,MutNovel,"F1632L,0.500"
X-3020,TJP2,9414.0,MutNovel,"Q1003H,0.494"
X-3020,TM7SF2,7108.0,MutKnownFunctional,"-112?,0.250"
X-3020,TMBIM4,51643.0,MutKnownFunctional,"-174?,0.923"
X-3020,TMC6,11322.0,MutNovel,"K235R,0.730"
X-3020,TMEFF2,23671.0,Amp5,5.03
X-3020,TMEM150A,129303.0,MutNovel,"E50K,0.719"
X-3020,TMEM154,201799.0,MutNovel,"L168F,0.229"
X-3020,TMEM184A,202915.0,MutNovel,"G392GA,1.000"
X-3020,TMEM185B,79134.0,MutNovel,"L30F,0.688"
X-3020,TMEM194B,100131211.0,Amp5,7.21
X-3020,TMEM218,219854.0,MutNovel,"A70V,1.000"
X-3020,TMEM240,339453.0,MutNovel,"L137Q,1.000"
X-3020,TMEM38B,55151.0,MutNovel,"Q199H,1.000"
X-3020,TMEM38B,55151.0,MutNovel,"L208V,0.476"
X-3020,TMEM64,169200.0,MutNovel,"A185P,0.390"
X-3020,TMSB4Y,9087.0,Del0.8,0.39
X-3020,TMTC2,160335.0,MutNovel,"H205D,0.412"
X-3020,TNPO1,3842.0,MutNovel,"P306S,1.000"
X-3020,TOLLIP,54472.0,MutNovel,"A37S,0.424"
X-3020,TOP3B,8940.0,MutKnownFunctional,"-733,0.933"
X-3020,TOPORS,10210.0,Del0.8,0.41
X-3020,TOR3A,64222.0,MutNovel,"A82V,1.000"
X-3020,TP53,7157.0,MutLikelyFunctional,"H179Y,0.995"
X-3020,TPD52L2,7165.0,MutNovel,"H161D,0.266"
X-3020,TPD52L3,89882.0,Amp5,5.74
X-3020,TPMT,7172.0,MutNovel,"M76I,0.340"
X-3020,TPP1,1200.0,MutNovel,"D276H,0.555"
X-3020,TPR,7175.0,MutNovel,"K387N,1.000"
X-3020,TPST1,8460.0,MutNovel,"L257F,0.714"
X-3020,TRABD,80305.0,Del0.8,0.8
X-3020,TRHDE,29953.0,MutNovel,"G676V,0.586"
X-3020,TRIM24,8805.0,MutNovel,"L386F,0.319"
X-3020,TRIM41,90933.0,MutNovel,"Q560E,0.973"
X-3020,TRIO,7204.0,Amp5,5.24
X-3020,TRIP11,9321.0,MutNovel,"E249K,0.311"
X-3020,TRIP12,9320.0,MutKnownFunctional,"S185*,0.442"
X-3020,TRPC4,7223.0,MutNovel,"S231I,0.591"
X-3020,TRPM5,29850.0,MutNovel,"V732L,0.516"
X-3020,TSPY1,7258.0,Del0.8,0.36
X-3020,TSPY2,64591.0,Del0.8,0.75
X-3020,TSPY3,728137.0,Del0.8,0.36
X-3020,TSPY4,728395.0,Del0.8,0.36
X-3020,TSPY8,728403.0,Del0.8,0.36
X-3020,TSPYL1,7259.0,MutNovel,"V176VW,1.000"
X-3020,TSPYL4,23270.0,MutNovel,"I330M,0.359"
X-3020,TSTD3,,MutNovel,"I15R,1.000"
X-3020,TTC1,7265.0,Amp8,24.93
X-3020,TTC23L,153657.0,Amp5,5.24
X-3020,TTC33,23548.0,MutNovel,"Q175P,0.336"
X-3020,TTC33,23548.0,Amp5,5.5
X-3020,TTLL3,26140.0,MutNovel,"L43P,0.429"
X-3020,TTLL5,23093.0,MutNovel,"S822C,0.300"
X-3020,TTLL5,23093.0,MutNovel,"N953D,0.234"
X-3020,TTN,7273.0,MutKnownFunctional,"Y24193*,0.682"
X-3020,TTTY10,246119.0,Del0.8,0.38
X-3020,TTTY11,83866.0,Del0.8,0.36
X-3020,TTTY13,83868.0,Del0.8,0.38
X-3020,TTTY14,83869.0,Del0.8,0.38
X-3020,TTTY15,64595.0,Del0.8,0.39
X-3020,TTTY17A,252949.0,Del0.8,0.25
X-3020,TTTY17A,252949.0,Del0.8,0.25
X-3020,TTTY18,252950.0,Del0.8,0.36
X-3020,TTTY19,252952.0,Del0.8,0.36
X-3020,TTTY20,252951.0,Del0.8,0.36
X-3020,TTTY23,252955.0,Del0.8,0.75
X-3020,TTTY3,114760.0,Del0.8,0.25
X-3020,TTTY3,114760.0,Del0.8,0.25
X-3020,TTTY4,114761.0,Del0.8,0.25
X-3020,TTTY4,114761.0,Del0.8,0.25
X-3020,TTTY5,83863.0,Del0.8,0.38
X-3020,TTTY6,84672.0,Del0.8,0.38
X-3020,TTTY6,84672.0,Del0.8,0.38
X-3020,TTTY9A,83864.0,Del0.8,0.21
X-3020,TTTY9A,83864.0,Del0.8,0.21
X-3020,TUBGCP6,85378.0,Del0.8,0.8
X-3020,TXLNG,55787.0,Amp5,6.23
X-3020,TXLNG2P,246126.0,Del0.8,0.38
X-3020,TYMP,1890.0,Del0.8,0.8
X-3020,U2AF2,11338.0,MutNovel,"G176W,0.684"
X-3020,UBE2I,7329.0,MutNovel,"I109M,0.348"
X-3020,UBE2QL1,134111.0,Amp5,5.24
X-3020,UBR4,23352.0,MutNovel,"P4076A,0.221"
X-3020,UBXN4,23190.0,MutNovel,"S458R,0.317"
X-3020,UGGT1,56886.0,MutNovel,"S591R,0.428"
X-3020,UGP2,7360.0,MutNovel,"V282D,0.482"
X-3020,UGT3A1,133688.0,Amp5,5.24
X-3020,UGT3A2,167127.0,Amp5,5.24
X-3020,UHRF2,115426.0,Amp5,5.74
X-3020,ULK3,25989.0,MutKnownFunctional,"-222,1.000"
X-3020,UNC13A,23025.0,MutNovel,"P1540T,1.000"
X-3020,UPF2,26019.0,MutNovel,"E1071Q,0.384"
X-3020,USP1,7398.0,MutNovel,"Q332K,0.994"
X-3020,USP11,8237.0,MutNovel,"R929P,1.000"
X-3020,USP12,219333.0,MutNovel,"G40A,0.556"
X-3020,USP32P2,220594.0,Del0.8,0.72
X-3020,USP36,57602.0,MutNovel,"KKK958K,0.780"
X-3020,USP38,84640.0,MutNovel,"P651S,0.310"
X-3020,USP40,55230.0,MutNovel,"C457F,0.727"
X-3020,USP45,85015.0,MutNovel,"T7I,1.000"
X-3020,USP46,64854.0,MutNovel,"A65S,0.304"
X-3020,USP6NL,9712.0,MutKnownFunctional,"G657*,0.391"
X-3020,USP6NL,9712.0,MutNovel,"S566L,0.206"
X-3020,USP9Y,8287.0,Del0.8,0.39
X-3020,UTP20,27340.0,MutNovel,"S316C,0.750"
X-3020,UTP20,27340.0,MutNovel,"T1633A,0.636"
X-3020,UTP20,27340.0,MutNovel,"E2301Q,0.302"
X-3020,UTP23,84294.0,MutNovel,"G14A,0.449"
X-3020,UTP6,55813.0,MutNovel,"QA264HS,0.316"
X-3020,UTY,7404.0,Del0.8,0.39
X-3020,VAX1,11023.0,MutNovel,"G260E,0.625"
X-3020,VAX2,25806.0,MutNovel,"E263K,0.533"
X-3020,VCY,9084.0,Del0.8,0.39
X-3020,VCY,9084.0,Del0.8,0.39
X-3020,VDAC1,7416.0,MutNovel,"T175A,0.494"
X-3020,VLDLR,7436.0,Amp5,5.74
X-3020,VPS13B,157680.0,MutKnownFunctional,"-31,0.543"
X-3020,VPS13B,157680.0,MutNovel,"P858A,0.400"
X-3020,VPS37C,55048.0,MutKnownFunctional,"-179,0.440"
X-3020,VPS41,27072.0,MutNovel,"D226Y,0.220"
X-3020,VPS45,11311.0,MutNovel,"I242K,0.287"
X-3020,VPS4B,9525.0,MutNovel,"D110G,0.463"
X-3020,VPS53,55275.0,MutNovel,"G455V,0.481"
X-3020,VSIG8,391123.0,MutKnownFunctional,"L413*,0.636"
X-3020,VWC2L,402117.0,Amp5,6.77
X-3020,WBP1L,,MutKnownFunctional,"Q94*,0.992"
X-3020,WDFY3,23001.0,MutNovel,"E1926K,0.306"
X-3020,WDFY3,23001.0,MutKnownFunctional,"G1266*,0.308"
X-3020,WDHD1,11169.0,MutNovel,"L212R,0.600"
X-3020,WDR19,57728.0,MutKnownFunctional,"R130*,0.400"
X-3020,WDR19,57728.0,MutNovel,"Q1139R,0.417"
X-3020,WDR44,54521.0,MutNovel,"G433E,1.000"
X-3020,WDR59,79726.0,MutNovel,"V488F,0.475"
X-3020,WDR67,93594.0,MutNovel,"E576Q,0.375"
X-3020,WDR7,23335.0,MutNovel,"S939A,0.522"
X-3020,WDR7,23335.0,MutNovel,"R1301Q,0.375"
X-3020,WDR70,55100.0,Amp5,5.5
X-3020,WDR75,84128.0,Amp5,7.21
X-3020,WDTC1,23038.0,MutKnownFunctional,"E464*,1.000"
X-3020,WHSC2,7469.0,MutNovel,"T398M,1.000"
X-3020,WNK1,65125.0,MutNovel,"P886L,1.000"
X-3020,WNK3,65267.0,MutNovel,"M1219I,1.000"
X-3020,WNK4,65266.0,MutNovel,"A428S,0.300"
X-3020,WNT9A,7483.0,MutNovel,"G108C,0.300"
X-3020,XKRY2,353515.0,Del0.8,0.39
X-3020,XKRY2,353515.0,Del0.8,0.21
X-3020,XPC,7508.0,MutNovel,"S346P,0.480"
X-3020,XPNPEP3,63929.0,MutNovel,"E38Q,0.360"
X-3020,XRCC6,2547.0,MutNovel,"K591N,0.628"
X-3020,XXYLT1,152002.0,MutNovel,"E370Q,0.306"
X-3020,YAF2,10138.0,MutNovel,"V44M,0.545"
X-3020,YBX2,51087.0,MutNovel,"S51L,0.426"
X-3020,YEATS2,55689.0,MutNovel,"A625P,0.417"
X-3020,YIPF3,25844.0,MutNovel,"M82I,0.490"
X-3020,YLPM1,56252.0,MutNovel,"D791N,0.253"
X-3020,YLPM1,56252.0,MutNovel,"E1860Q,0.326"
X-3020,YTHDF1,54915.0,MutNovel,"K419R,0.547"
X-3020,ZBED4,9889.0,Del0.8,0.8
X-3020,ZC3H15,55854.0,Amp5,7.21
X-3020,ZC3H4,23211.0,MutNovel,"D56Y,0.284"
X-3020,ZC3H6,376940.0,MutNovel,"H552Y,0.500"
X-3020,ZCCHC10,54819.0,MutNovel,"S127L,0.513"
X-3020,ZDHHC17,23390.0,MutNovel,"V77L,0.558"
X-3020,ZEB1,6935.0,MutNovel,"G91R,0.545"
X-3020,ZFHX3,463.0,MutKnownFunctional,"Q2057*,0.600"
X-3020,ZFHX3,463.0,MutNovel,"S972L,0.647"
X-3020,ZFHX3,463.0,MutNovel,"S318C,0.545"
X-3020,ZFHX4,79776.0,MutNovel,"S429L,0.929"
X-3020,ZFP41,286128.0,MutKnownFunctional,"E168*,0.489"
X-3020,ZFR,51663.0,Amp5,5.24
X-3020,ZFYVE16,9765.0,MutNovel,"Q741R,1.000"
X-3020,ZIC1,7545.0,MutNovel,"A285D,0.900"
X-3020,ZIC1,7545.0,MutNovel,"T357K,1.000"
X-3020,ZKSCAN2,342357.0,MutNovel,"E54K,0.714"
X-3020,ZNF131,7690.0,Amp5,5.5
X-3020,ZNF133,7692.0,MutNovel,"N194S,0.775"
X-3020,ZNF140,7699.0,MutNovel,"E37D,0.519"
X-3020,ZNF16,7564.0,MutKnownFunctional,"Q562*,0.780"
X-3020,ZNF181,339318.0,MutNovel,"E430K,0.312"
X-3020,ZNF205,7755.0,MutNovel,"R460P,0.328"
X-3020,ZNF207,7756.0,MutNovel,"E87Q,0.536"
X-3020,ZNF227,7770.0,MutNovel,"E79Q,0.396"
X-3020,ZNF248,57209.0,MutNovel,"W390C,0.429"
X-3020,ZNF256,10172.0,MutNovel,"V624I,0.674"
X-3020,ZNF260,339324.0,MutNovel,"K255N,0.364"
X-3020,ZNF266,10781.0,MutNovel,"E325Q,0.625"
X-3020,ZNF268,10795.0,MutNovel,"V445F,0.440"
X-3020,ZNF281,23528.0,MutNovel,"Q744E,0.451"
X-3020,ZNF292,23036.0,MutNovel,"A1717S,0.554"
X-3020,ZNF304,57343.0,MutKnownFunctional,"E45*,0.227"
X-3020,ZNF324B,388569.0,MutNovel,"H251Y,0.212"
X-3020,ZNF335,63925.0,MutNovel,"Q728H,0.614"
X-3020,ZNF337,26152.0,Amp5,5.28
X-3020,ZNF33A,7581.0,MutNovel,"Y275C,0.386"
X-3020,ZNF341,84905.0,MutNovel,"Q202H,0.333"
X-3020,ZNF404,342908.0,MutNovel,"K486N,0.211"
X-3020,ZNF407,55628.0,MutNovel,"T1560A,0.571"
X-3020,ZNF45,7596.0,MutNovel,"G636E,0.276"
X-3020,ZNF496,84838.0,MutNovel,"G338S,1.000"
X-3020,ZNF518B,85460.0,MutNovel,"T144A,0.957"
X-3020,ZNF544,27300.0,MutKnownFunctional,"G712*,0.244"
X-3020,ZNF572,137209.0,MutNovel,"R18M,1.000"
X-3020,ZNF577,84765.0,MutNovel,"G434C,0.706"
X-3020,ZNF580,51157.0,MutNovel,"R139G,0.367"
X-3020,ZNF598,90850.0,MutNovel,"R876P,1.000"
X-3020,ZNF600,162966.0,MutNovel,"R593H,0.256"
X-3020,ZNF600,162966.0,MutNovel,"M157I,0.276"
X-3020,ZNF622,90441.0,Amp5,5.24
X-3020,ZNF646,9726.0,MutNovel,"E1647Q,0.285"
X-3020,ZNF71,58491.0,MutNovel,"V259L,0.560"
X-3020,ZNF714,148206.0,MutNovel,"L85I,0.464"
X-3020,ZNF718,255403.0,MutNovel,"N349K,0.500"
X-3020,ZNF729,100287226.0,MutNovel,"C602F,1.000"
X-3020,ZNF746,155061.0,MutNovel,"T455S,0.636"
X-3020,ZNF772,400720.0,MutNovel,"A4GP,1.000"
X-3020,ZNF804A,91752.0,Amp5,7.21
X-3020,ZNF844,284391.0,MutNovel,"E305Q,0.545"
X-3020,ZNF853,54753.0,MutNovel,"E349Q,0.435"
X-3020,ZNF853,54753.0,MutNovel,"V501L,0.384"
X-3020,ZNF853,54753.0,MutNovel,"R614C,0.663"
X-3020,ZSCAN30,100101467.0,MutNovel,"P41R,0.444"
X-3020,ZSWIM2,151112.0,Amp5,7.21
X-3020,ZYX,7791.0,MutNovel,"H330Q,0.371"
X-3020,ZZZ3,26009.0,MutNovel,"L410V,0.394"
X-3029,A2ML1,144568.0,MutNovel,"T781P,0.625"
X-3029,ACOT1,641371.0,Del0.8,0.73
X-3029,ACSL6,23305.0,MutNovel,"P548K,0.600"
X-3029,ADAM18,8749.0,Amp8,15.24
X-3029,ADAM2,2515.0,Amp8,15.24
X-3029,ADAM32,203102.0,Amp8,13.83
X-3029,ADAM6,8755.0,Amp5,7.62
X-3029,ADAM9,8754.0,Amp8,13.83
X-3029,ADCK5,203054.0,MutNovel,"S24Y,0.697"
X-3029,ADIPOR2,79602.0,MutNovel,"G222V,0.439"
X-3029,ADSSL1,122622.0,Amp5,5.13
X-3029,AGPAT6,137964.0,Amp5,7.52
X-3029,AHNAK2,113146.0,Amp5,5.13
X-3029,AIM1L,55057.0,MutNovel,"E831D,0.429"
X-3029,AKT1,207.0,Amp5,5.13
X-3029,AMN,81693.0,Amp5,5.13
X-3029,ANG,283.0,Amp5,5.82
X-3029,ANKRD9,122416.0,Amp5,5.13
X-3029,ANXA3,306.0,MutNovel,"K138T,0.719"
X-3029,APEX1,328.0,Amp5,5.82
X-3029,APOB,338.0,MutNovel,"D4457N,0.349"
X-3029,APOPT1,84334.0,Amp5,5.13
X-3029,ARHGAP4,393.0,MutNovel,"G82E,0.400"
X-3029,ARHGEF35,445328.0,Amp5,5.06
X-3029,ARHGEF5,7984.0,Amp5,5.06
X-3029,ARHGEF6,9459.0,MutNovel,"A361V,1.000"
X-3029,ARSJ,79642.0,MutNovel,"M173V,0.728"
X-3029,ASPG,374569.0,Amp5,5.13
X-3029,ATAD2B,54454.0,MutNovel,"S515C,0.375"
X-3029,ATP6V1D,51382.0,MutNovel,"Q206K,0.697"
X-3029,ATP6V1E1,529.0,MutNovel,"Y125H,0.425"
X-3029,BAG4,9530.0,Amp8,13.83
X-3029,BAG5,9529.0,Amp5,5.13
X-3029,BBS5,129880.0,Del0.8,0.77
X-3029,BCL11B,64919.0,Amp5,5.13
X-3029,BEGAIN,57596.0,Amp5,5.13
X-3029,BOLA2,552900.0,MutNovel,"E83A,0.348"
X-3029,BPTF,2186.0,MutNovel,"D181-,0.250"
X-3029,BRF1,2972.0,Amp5,5.13
X-3029,BTBD6,90135.0,MutNovel,"P169S,0.501"
X-3029,BTBD6,90135.0,Amp5,5.13
X-3029,C11orf57,55216.0,MutNovel,"F97S,0.416"
X-3029,C12orf51,283450.0,MutNovel,"S3907F,0.345"
X-3029,C12orf54,121273.0,MutNovel,"P85F,0.366"
X-3029,C14orf169,79697.0,MutNovel,"K591Q,0.844"
X-3029,C14orf177,283598.0,Amp5,5.13
X-3029,C14orf180,400258.0,Amp5,5.13
X-3029,C14orf2,9556.0,Amp5,5.13
X-3029,C14orf79,122616.0,Amp5,5.13
X-3029,C14orf80,283643.0,Amp5,5.13
X-3029,C1orf228,339541.0,MutNovel,"Y418H,0.366"
X-3029,C3,718.0,MutNovel,"T647R,0.274"
X-3029,C5orf22,55322.0,MutNovel,"Q356L,0.264"
X-3029,C6orf48,50854.0,MutNovel,"D14V,0.471"
X-3029,C8orf4,56892.0,Amp8,15.24
X-3029,C8orf48,157773.0,MutNovel,"P310T,0.750"
X-3029,C8orf86,389649.0,Amp8,13.83
X-3029,CAMSAP2,23271.0,MutNovel,"R1254Q,0.622"
X-3029,CAMSAP3,57662.0,MutNovel,"S1032P,0.532"
X-3029,CBLN3,643866.0,MutNovel,"A54P,0.700"
X-3029,CBWD6,644019.0,MutKnownFunctional,"-259?,0.290"
X-3029,CCDC125,202243.0,Del0.8,0.64
X-3029,CCDC85C,317762.0,Amp5,5.13
X-3029,CCDC88B,283234.0,MutNovel,"L562I,0.763"
X-3029,CCNB1IP1,57820.0,Amp5,5.82
X-3029,CCNK,8812.0,Amp5,5.13
X-3029,CD3D,915.0,MutNovel,"T110I,0.229"
X-3029,CD3E,916.0,MutNovel,"I135M,0.213"
X-3029,CD5,921.0,MutNovel,"R317Q,0.571"
X-3029,CDC42BPB,9578.0,Amp5,5.13
X-3029,CDCA4,55038.0,Amp5,5.13
X-3029,CDK5RAP3,80279.0,MutNovel,"Y65C,0.407"
X-3029,CHFR,55743.0,MutNovel,"A144S,0.727"
X-3029,CINP,51550.0,Amp5,5.13
X-3029,CKB,1152.0,Amp5,5.13
X-3029,CPOX,1371.0,MutNovel,"M131T,0.364"
X-3029,CRIP1,1396.0,Amp5,5.13
X-3029,CRIP2,1397.0,Amp5,5.13
X-3029,CTAGE4,100128553.0,Amp5,5.06
X-3029,CTAGE4,100128553.0,Amp5,5.06
X-3029,CTSA,5476.0,MutNovel,"L29-,0.735"
X-3029,CYP2D6,1565.0,MutNovel,"Y355C,0.389"
X-3029,CYP46A1,10858.0,Amp5,5.13
X-3029,DDHD2,23259.0,Amp8,13.83
X-3029,DEFB103A,414325.0,Del0.8,0.62
X-3029,DEFB103A,414325.0,Del0.8,0.62
X-3029,DEFB104B,503618.0,Del0.8,0.62
X-3029,DEFB104B,503618.0,Del0.8,0.62
X-3029,DEFB105B,504180.0,Del0.8,0.62
X-3029,DEFB105B,504180.0,Del0.8,0.62
X-3029,DEFB106B,503841.0,Del0.8,0.62
X-3029,DEFB106B,503841.0,Del0.8,0.62
X-3029,DEFB107A,245910.0,Del0.8,0.62
X-3029,DEFB107A,245910.0,Del0.8,0.62
X-3029,DEFB4A,1673.0,Del0.8,0.62
X-3029,DEFB4B,100289462.0,Del0.8,0.62
X-3029,DEGS2,123099.0,Amp5,5.13
X-3029,DENND4B,9909.0,MutNovel,"QQQ908-,0.303"
X-3029,DHX30,22907.0,MutNovel,"K274N,0.700"
X-3029,DIAPH2,1730.0,Del0.8,0.67
X-3029,DIO3,1735.0,Amp5,5.13
X-3029,DIO3OS,64150.0,Amp5,5.13
X-3029,DIP2B,57609.0,MutNovel,"A514V,0.700"
X-3029,DLK1,8788.0,Amp5,5.13
X-3029,DNAH5,1767.0,MutNovel,"Y2749C,1.000"
X-3029,DOCK2,1794.0,MutNovel,"E39D,0.750"
X-3029,DPP4,1803.0,Del0.8,0.78
X-3029,DPYD,1806.0,MutNovel,"N955S,0.250"
X-3029,DPYSL3,1809.0,MutNovel,"A99V,1.000"
X-3029,DYNC1H1,1778.0,Amp5,5.13
X-3029,EBF4,57593.0,MutNovel,"K584S,0.408"
X-3029,EIF5,1983.0,Amp5,5.13
X-3029,EMID2,136227.0,MutNovel,"R194G,0.800"
X-3029,EML1,2009.0,Amp5,5.13
X-3029,ENGASE,64772.0,MutNovel,"G409S,0.524"
X-3029,EPHB6,2051.0,MutNovel,"Q926H,0.231"
X-3029,ERV3-1,2086.0,MutNovel,"G504A,0.467"
X-3029,EVL,51466.0,Amp5,5.13
X-3029,EXOC3L4,91828.0,Amp5,5.13
X-3029,FAM132B,,MutNovel,"R307C,0.400"
X-3029,FAM153A,285596.0,MutNovel,"V186G,1.000"
X-3029,FAM153B,202134.0,MutNovel,"L145F,1.000"
X-3029,FAM66D,100132923.0,Del0.8,0.72
X-3029,FAM83D,81610.0,MutNovel,"D294Y,0.419"
X-3029,FAM86B1,85002.0,Del0.8,0.72
X-3029,FAP,2191.0,Del0.8,0.78
X-3029,FASTKD1,79675.0,Del0.8,0.77
X-3029,FBXL18,80028.0,MutNovel,"Y78C,0.314"
X-3029,FGFR1,2260.0,Amp8,13.83
X-3029,FHOD1,29109.0,MutNovel,"Q74H,0.350"
X-3029,FIS1,51024.0,MutNovel,"A146P,0.593"
X-3029,GABPB1,2553.0,MutNovel,"Q215E,0.520"
X-3029,GABPB1,2553.0,MutNovel,"T132M,0.301"
X-3029,GAGE2A,729447.0,MutNovel,"E44K,0.583"
X-3029,GCA,25801.0,Del0.8,0.78
X-3029,GCG,2641.0,Del0.8,0.78
X-3029,GFI1,2672.0,MutNovel,"S9N,0.625"
X-3029,GIGYF2,26058.0,MutNovel,"PQ1231P,0.250"
X-3029,GINS3,64785.0,MutNovel,"M27I,0.308"
X-3029,GINS4,84296.0,Amp5,7.52
X-3029,GLS,2744.0,MutNovel,"Y235H,0.514"
X-3029,GOLGA6L9,440295.0,MutNovel,"V377F,1.000"
X-3029,GOLGA7,51125.0,Amp5,7.52
X-3029,GPR132,29933.0,Amp5,5.13
X-3029,GPS2,2874.0,MutKnownFunctional,"-239,0.662"
X-3029,GYPE,2996.0,MutNovel,"G13A,1.000"
X-3029,HHIPL1,84439.0,Amp5,5.13
X-3029,HIPK1,204851.0,MutNovel,"Y491H,0.205"
X-3029,HIST1H2BN,8341.0,MutNovel,"S92P,0.429"
X-3029,HLA-DRB6,3128.0,Amp5,5.1
X-3029,HNF4A,3172.0,MutNovel,"D78A,0.667"
X-3029,HNRPLL,92906.0,MutNovel,"S302G,0.416"
X-3029,HR,55806.0,MutNovel,"A694T,0.853"
X-3029,HSP90AA1,3320.0,Amp5,5.13
X-3029,HSPA13,6782.0,MutNovel,"Y272C,0.657"
X-3029,HTRA4,203100.0,Amp8,13.83
X-3029,HYLS1,219844.0,MutNovel,"F27L,0.355"
X-3029,IDO1,3620.0,Amp8,15.24
X-3029,IDO2,169355.0,Amp8,15.24
X-3029,IFIH1,64135.0,Del0.8,0.78
X-3029,IFNA4,3441.0,Del0.8,0.43
X-3029,INF2,64423.0,Amp5,5.13
X-3029,INTU,27152.0,MutNovel,"D460Y,0.833"
X-3029,IRF2BP2,359948.0,MutNovel,"P550R,0.498"
X-3029,ITGA4,3676.0,MutNovel,"S552N,0.440"
X-3029,ITGB7,3695.0,MutNovel,"E762D,0.352"
X-3029,JAG2,3714.0,Amp5,5.13
X-3029,KBTBD10,10324.0,Del0.8,0.77
X-3029,KCNH7,90134.0,Del0.8,0.78
X-3029,KCNJ16,3773.0,MutNovel,"R178G,0.377"
X-3029,KIAA0125,9834.0,Amp5,7.62
X-3029,KIAA0284,283638.0,Amp5,5.13
X-3029,KIAA1841,84542.0,MutNovel,"R716H,0.423"
X-3029,KIAA1919,91749.0,MutNovel,"L182Y,0.476"
X-3029,KIF26A,26153.0,Amp5,5.13
X-3029,KLC1,3831.0,Amp5,5.13
X-3029,KLHL33,123103.0,Amp5,5.82
X-3029,KRT6A,3853.0,MutNovel,"D248G,0.699"
X-3029,KRT6C,286887.0,MutNovel,"D248G,0.235"
X-3029,KRT75,9119.0,MutNovel,"E151V,0.500"
X-3029,KRT79,338785.0,MutNovel,"S452G,1.000"
X-3029,LCK,3932.0,MutNovel,"A396V,0.343"
X-3029,LETM2,137994.0,Amp8,13.83
X-3029,LINC00221,338005.0,Amp5,5.28
X-3029,LINC00226,338004.0,Amp8,17.51
X-3029,LINC00239,145200.0,Amp5,5.13
X-3029,LINC00523,283601.0,Amp5,5.13
X-3029,LOC145216,145216.0,Amp5,5.13
X-3029,LOC285141,,MutNovel,"D154Y,1.000"
X-3029,LOC348120,348120.0,Amp5,5.28
X-3029,LOC728377,728377.0,Amp5,5.06
X-3029,LRP4,4038.0,MutNovel,"V1551G,0.304"
X-3029,LSM1,27257.0,Amp8,13.83
X-3029,LTBP3,4054.0,MutNovel,"W1170S,0.367"
X-3029,MAFK,7975.0,MutNovel,"K71M,0.517"
X-3029,MAP3K4,4216.0,MutNovel,"PA1189P,0.438"
X-3029,2014-03-06 00:00:00,10299.0,MutNovel,"D142N,0.288"
X-3029,MARK3,4140.0,Amp5,5.13
X-3029,MEG3,55384.0,Amp5,5.13
X-3029,MEG8,79104.0,Amp5,5.13
X-3029,MGAT2,4247.0,MutKnownFunctional,"-277,0.770"
X-3029,MGC23270,196872.0,Amp5,5.13
X-3029,MIDN,90007.0,MutNovel,"C236F,0.372"
X-3029,MIR1185-1,100302157.0,Amp5,5.13
X-3029,MIR1185-2,100302209.0,Amp5,5.13
X-3029,MIR1193,100422837.0,Amp5,5.13
X-3029,MIR1197,100302250.0,Amp5,5.13
X-3029,MIR1247,100302145.0,Amp5,5.13
X-3029,MIR127,406914.0,Amp5,5.13
X-3029,MIR134,406924.0,Amp5,5.13
X-3029,MIR136,406927.0,Amp5,5.13
X-3029,MIR154,406946.0,Amp5,5.13
X-3029,MIR203,406986.0,Amp5,5.13
X-3029,MIR205HG,642587.0,MutNovel,"VAAA84V,0.248"
X-3029,MIR2392,100616495.0,Amp5,5.13
X-3029,MIR299,407023.0,Amp5,5.13
X-3029,MIR300,100126297.0,Amp5,5.13
X-3029,MIR323A,442897.0,Amp5,5.13
X-3029,MIR323B,574410.0,Amp5,5.13
X-3029,MIR329-1,574408.0,Amp5,5.13
X-3029,MIR329-2,574409.0,Amp5,5.13
X-3029,MIR337,442905.0,Amp5,5.13
X-3029,MIR345,442910.0,Amp5,5.13
X-3029,MIR3545,100616173.0,Amp5,5.13
X-3029,MIR369,442914.0,Amp5,5.13
X-3029,MIR376A1,494325.0,Amp5,5.13
X-3029,MIR376A2,664615.0,Amp5,5.13
X-3029,MIR376B,574435.0,Amp5,5.13
X-3029,MIR376C,442913.0,Amp5,5.13
X-3029,MIR377,494326.0,Amp5,5.13
X-3029,MIR379,494328.0,Amp5,5.13
X-3029,MIR380,494329.0,Amp5,5.13
X-3029,MIR381,494330.0,Amp5,5.13
X-3029,MIR382,494331.0,Amp5,5.13
X-3029,MIR409,574413.0,Amp5,5.13
X-3029,MIR410,574434.0,Amp5,5.13
X-3029,MIR411,693121.0,Amp5,5.13
X-3029,MIR412,574433.0,Amp5,5.13
X-3029,MIR4309,100422954.0,Amp5,5.13
X-3029,MIR431,574038.0,Amp5,5.13
X-3029,MIR432,574451.0,Amp5,5.13
X-3029,MIR433,574034.0,Amp5,5.13
X-3029,MIR4710,100616300.0,Amp5,5.13
X-3029,MIR485,574436.0,Amp5,5.13
X-3029,MIR487A,619555.0,Amp5,5.13
X-3029,MIR487B,664616.0,Amp5,5.13
X-3029,MIR493,574450.0,Amp5,5.13
X-3029,MIR494,574452.0,Amp5,5.13
X-3029,MIR495,574453.0,Amp5,5.13
X-3029,MIR496,574454.0,Amp5,5.13
X-3029,MIR539,664612.0,Amp5,5.13
X-3029,MIR541,100126308.0,Amp5,5.13
X-3029,MIR543,100126335.0,Amp5,5.13
X-3029,MIR654,724024.0,Amp5,5.13
X-3029,MIR655,724025.0,Amp5,5.13
X-3029,MIR656,724026.0,Amp5,5.13
X-3029,MIR665,100126315.0,Amp5,5.13
X-3029,MIR668,768214.0,Amp5,5.13
X-3029,MIR758,768212.0,Amp5,5.13
X-3029,MIR770,768222.0,Amp5,5.13
X-3029,MIR889,100126345.0,Amp5,5.13
X-3029,MLL5,55904.0,MutNovel,"-1854GS,0.429"
X-3029,MOK,5891.0,Amp5,5.13
X-3029,MPRIP,23164.0,MutNovel,"TS178T,0.513"
X-3029,MRPS14,63931.0,MutNovel,"P64S,0.478"
X-3029,MTA1,9112.0,Amp5,5.13
X-3029,MUC4,4585.0,MutNovel,"P3904H,0.667"
X-3029,MUC4,4585.0,MutNovel,"I3017V,0.625"
X-3029,MUC4,4585.0,MutNovel,"P3010S,1.000"
X-3029,MUC4,4585.0,MutNovel,"T2798A,0.500"
X-3029,MUC4,4585.0,MutNovel,"P2562S,0.350"
X-3029,MUC4,4585.0,MutNovel,"SS2373RP,1.000"
X-3029,MUC4,4585.0,MutNovel,"Q2205H,0.227"
X-3029,MUC4,4585.0,MutNovel,"P2194L,0.250"
X-3029,MUC4,4585.0,MutNovel,"P2178H,0.400"
X-3029,MUC4,4585.0,MutNovel,"P1334T,0.400"
X-3029,MUC4,4585.0,MutNovel,"A1222T,0.750"
X-3029,MUC4,4585.0,MutNovel,"P1218L,0.800"
X-3029,MYO1B,4430.0,MutNovel,"A637S,0.341"
X-3029,MYO1G,64005.0,MutNovel,"G294E,0.435"
X-3029,MYO9A,4649.0,MutNovel,"D147G,0.500"
X-3029,NAV1,89796.0,MutNovel,"A774D,0.900"
X-3029,NCOR2,9612.0,MutNovel,"G1839GAAA,0.304"
X-3029,NDUFS1,4719.0,MutNovel,"I597T,0.579"
X-3029,NDUFS1,4719.0,MutNovel,"A389S,0.325"
X-3029,NKX6-3,157848.0,Amp5,7.52
X-3029,NOBOX,135935.0,Amp5,5.06
X-3029,NOTCH1,4851.0,MutNovel,"E2008*,0.659"
X-3029,NPIPL3,23117.0,MutNovel,"L438F,0.500"
X-3029,NR1H2,7376.0,MutNovel,"-173Q,0.288"
X-3029,NUDT14,256281.0,Amp5,5.13
X-3029,NXT2,55916.0,MutNovel,"T58K,0.917"
X-3029,OR11G2,390439.0,Amp5,5.82
X-3029,OR11H12,440153.0,Amp5,5.82
X-3029,OR11H2,79334.0,Amp5,5.82
X-3029,OR11H4,390442.0,Amp5,5.82
X-3029,OR11H6,122748.0,Amp5,5.82
X-3029,OR2A12,346525.0,Amp5,5.06
X-3029,OR2A14,135941.0,Amp5,5.06
X-3029,OR2A2,442361.0,Amp5,5.06
X-3029,OR2A25,392138.0,Amp5,5.06
X-3029,OR2A42,402317.0,Amp5,5.06
X-3029,OR2A42,402317.0,Amp5,5.06
X-3029,OR2A5,393046.0,Amp5,5.06
X-3029,OR2A7,401427.0,Amp5,5.06
X-3029,OR2A9P,441295.0,Amp5,5.06
X-3029,OR2A9P,441295.0,Amp5,5.06
X-3029,OR2F1,26211.0,Amp5,5.06
X-3029,OR2F2,135948.0,Amp5,5.06
X-3029,OR4K1,79544.0,Amp5,5.82
X-3029,OR4K13,390433.0,Amp5,5.82
X-3029,OR4K14,122740.0,Amp5,5.82
X-3029,OR4K15,81127.0,Amp5,5.82
X-3029,OR4K17,390436.0,Amp5,5.82
X-3029,OR4K2,390431.0,Amp5,5.82
X-3029,OR4K5,79317.0,Amp5,5.82
X-3029,OR4L1,122742.0,Amp5,5.82
X-3029,OR4M1,441670.0,Amp5,5.82
X-3029,OR4N2,390429.0,Amp5,5.82
X-3029,OR4N5,390437.0,Amp5,5.82
X-3029,OR4Q3,441669.0,Amp5,5.82
X-3029,OR6B1,135946.0,Amp5,5.06
X-3029,OR6S1,341799.0,Amp5,5.82
X-3029,ORAI1,84876.0,MutNovel,"PP43-,0.895"
X-3029,OSGEP,55644.0,Amp5,5.82
X-3029,P2RY8,286530.0,MutNovel,"M992I,0.360"
X-3029,P2RY8,286530.0,MutNovel,"K651E,0.706"
X-3029,P2RY8,286530.0,MutNovel,"Q428R,0.583"
X-3029,PABPC3,5042.0,MutNovel,"Y377H,1.000"
X-3029,PABPC4,8761.0,MutNovel,"I84M,0.515"
X-3029,PACS2,23241.0,Amp5,5.13
X-3029,PARP2,10038.0,Amp5,5.82
X-3029,PCDHB16,57717.0,MutNovel,"D159Y,0.600"
X-3029,PHGDH,26227.0,MutNovel,"T213M,0.509"
X-3029,PHKG2,5261.0,MutNovel,"A317T,0.271"
X-3029,PHLDA1,22822.0,MutNovel,"QQ194Q,0.500"
X-3029,PIAS1,8554.0,MutNovel,"Y527C,0.522"
X-3029,PIDD,55367.0,MutNovel,"R359W,0.500"
X-3029,PIK3CA,5290.0,MutNovel,"E970K,0.522"
X-3029,PLD4,122618.0,Amp5,5.13
X-3029,PLEKHA2,59339.0,Amp8,13.83
X-3029,PNP,4860.0,Amp5,5.82
X-3029,PNPT1,87178.0,MutNovel,"E303K,0.342"
X-3029,POTEG,404785.0,Amp5,5.82
X-3029,POTEM,641455.0,Amp5,5.82
X-3029,PP2D1,151649.0,MutNovel,"V410A,1.000"
X-3029,PPAPDC1B,84513.0,Amp8,13.83
X-3029,PPP1R13B,23368.0,Amp5,5.13
X-3029,PPP2R5C,5527.0,Amp5,5.13
X-3029,PRCP,5547.0,MutNovel,"F175C,0.398"
X-3029,PRPF4B,8899.0,MutNovel,"F658I,0.256"
X-3029,PTPRC,5788.0,MutNovel,"S486I,0.375"
X-3029,RANGAP1,5905.0,MutNovel,"EE384E,0.251"
X-3029,RASA1,5921.0,MutNovel,"R789Q,0.724"
X-3029,RASSF5,83593.0,MutNovel,"P72S,1.000"
X-3029,RAVER2,55225.0,MutNovel,"D87N,0.346"
X-3029,RCOR1,23186.0,Amp5,5.13
X-3029,RNASE10,338879.0,Amp5,5.82
X-3029,RNASE11,122651.0,Amp5,5.82
X-3029,RNASE12,493901.0,Amp5,5.82
X-3029,RNASE4,6038.0,Amp5,5.82
X-3029,RNASE9,390443.0,Amp5,5.82
X-3029,RNF168,165918.0,MutKnownFunctional,"K158*,0.431"
X-3029,RNF5P1,286140.0,Amp8,13.83
X-3029,RPPH1,85495.0,Amp5,5.82
X-3029,RPUSD2,27079.0,MutNovel,"P112R,0.333"
X-3029,RRP36,88745.0,MutNovel,"AGARRPR14A,0.333"
X-3029,RTL1,388015.0,Amp5,5.13
X-3029,SART1,9092.0,MutNovel,"P632L,0.223"
X-3029,SCAND1,51282.0,MutNovel,"P143L,0.557"
X-3029,SEMA6A,57556.0,MutNovel,"R308H,0.444"
X-3029,2014-09-01 00:00:00,1731.0,MutNovel,"R251H,0.364"
X-3029,SERHL2,253190.0,MutNovel,"H168Q,0.357"
X-3029,SERINC2,347735.0,MutNovel,"-373Q,0.706"
X-3029,SETD3,84193.0,Amp5,5.13
X-3029,SFRP1,6422.0,Amp5,7.52
X-3029,SHPRH,257218.0,MutNovel,"V1533I,0.370"
X-3029,SIVA1,10572.0,Amp5,5.13
X-3029,SLC25A29,123096.0,Amp5,5.13
X-3029,SLC25A47,283600.0,Amp5,5.13
X-3029,SLFN11,91607.0,MutNovel,"A886T,0.452"
X-3029,SMARCC2,6601.0,MutNovel,"S1165P,0.655"
X-3029,SNORA28,677811.0,Amp5,5.13
X-3029,SNORD113-1,767561.0,Amp5,5.13
X-3029,SNORD113-2,767562.0,Amp5,5.13
X-3029,SNORD113-4,767564.0,Amp5,5.13
X-3029,SNORD113-5,767565.0,Amp5,5.13
X-3029,SNORD113-6,767566.0,Amp5,5.13
X-3029,SNORD113-7,767567.0,Amp5,5.13
X-3029,SNORD113-9,767569.0,Amp5,5.13
X-3029,SNORD114-1,767577.0,Amp5,5.13
X-3029,SNORD114-10,767588.0,Amp5,5.13
X-3029,SNORD114-11,767589.0,Amp5,5.13
X-3029,SNORD114-12,767590.0,Amp5,5.13
X-3029,SNORD114-13,767591.0,Amp5,5.13
X-3029,SNORD114-14,767592.0,Amp5,5.13
X-3029,SNORD114-15,767593.0,Amp5,5.13
X-3029,SNORD114-16,767594.0,Amp5,5.13
X-3029,SNORD114-17,767595.0,Amp5,5.13
X-3029,SNORD114-18,767596.0,Amp5,5.13
X-3029,SNORD114-19,767597.0,Amp5,5.13
X-3029,SNORD114-2,767578.0,Amp5,5.13
X-3029,SNORD114-20,767598.0,Amp5,5.13
X-3029,SNORD114-21,767599.0,Amp5,5.13
X-3029,SNORD114-22,767600.0,Amp5,5.13
X-3029,SNORD114-23,767603.0,Amp5,5.13
X-3029,SNORD114-24,767604.0,Amp5,5.13
X-3029,SNORD114-25,767605.0,Amp5,5.13
X-3029,SNORD114-26,767606.0,Amp5,5.13
X-3029,SNORD114-27,767608.0,Amp5,5.13
X-3029,SNORD114-28,767609.0,Amp5,5.13
X-3029,SNORD114-29,767610.0,Amp5,5.13
X-3029,SNORD114-3,767579.0,Amp5,5.13
X-3029,SNORD114-30,767611.0,Amp5,5.13
X-3029,SNORD114-31,767612.0,Amp5,5.13
X-3029,SNORD114-4,767580.0,Amp5,5.13
X-3029,SNORD114-5,767581.0,Amp5,5.13
X-3029,SNORD114-6,767582.0,Amp5,5.13
X-3029,SNORD114-7,767583.0,Amp5,5.13
X-3029,SNORD114-8,767584.0,Amp5,5.13
X-3029,SNORD114-9,767585.0,Amp5,5.13
X-3029,SNORD126,100113391.0,Amp5,5.82
X-3029,SNRNP27,11017.0,MutNovel,"R15H,0.302"
X-3029,SPAG11A,653423.0,Del0.8,0.62
X-3029,SPAG11B,10407.0,Del0.8,0.62
X-3029,SPAG11B,10407.0,Del0.8,0.62
X-3029,STAR,6770.0,Amp8,13.83
X-3029,TACC1,6867.0,Amp8,13.83
X-3029,TAF1C,9013.0,MutNovel,"K863N,0.343"
X-3029,TAF9,6880.0,Del0.8,0.64
X-3029,TBC1D10C,374403.0,MutNovel,"E205K,0.250"
X-3029,TBC1D10C,374403.0,MutNovel,"G386C,0.385"
X-3029,TBL1Y,90665.0,MutNovel,"S270I,1.000"
X-3029,TDRD9,122402.0,Amp5,5.13
X-3029,TECPR2,9895.0,Amp5,5.13
X-3029,TEP1,7011.0,Amp5,5.82
X-3029,TEX22,647310.0,Amp5,5.13
X-3029,TGFBR1,7046.0,MutNovel,"Q208P,0.462"
X-3029,TM2D2,83877.0,Amp8,13.83
X-3029,TM2D3,80213.0,MutNovel,"P7V,0.476"
X-3029,TMEM102,284114.0,MutNovel,"V244I,0.939"
X-3029,TMEM121,80757.0,Amp5,5.13
X-3029,TMEM132A,54972.0,MutNovel,"G922R,0.680"
X-3029,TMEM179,388021.0,Amp5,5.13
X-3029,TMEM55B,90809.0,Amp5,5.82
X-3029,TNFAIP2,7127.0,Amp5,5.13
X-3029,TNRC6A,27327.0,MutNovel,"S594Y,0.393"
X-3029,TP53,7157.0,MutNovel,"L194R,0.839"
X-3029,TRAF3,7187.0,Amp5,5.13
X-3029,TRIB2,28951.0,MutKnownFunctional,"Q37*,0.303"
X-3029,TRMT61A,115708.0,Amp5,5.13
X-3029,TSPY10,,MutNovel,"H144Q,0.571"
X-3029,TSPYL1,7259.0,MutNovel,"V176VW,0.812"
X-3029,TTC39C,125488.0,MutNovel,"N115K,0.657"
X-3029,TTC5,91875.0,Amp5,5.82
X-3029,TYW1,55253.0,MutNovel,"I729V,0.532"
X-3029,USP17L2,377630.0,Del0.8,0.72
X-3029,USP31,57478.0,MutNovel,"P204S,0.343"
X-3029,USP36,57602.0,MutNovel,"KKK958K,0.670"
X-3029,UTP18,51096.0,MutNovel,"I235M,0.297"
X-3029,UTY,7404.0,MutNovel,"D1024H,0.333"
X-3029,UTY,7404.0,MutNovel,"LD1023HH,0.333"
X-3029,UTY,7404.0,MutNovel,"G1016N,0.286"
X-3029,UTY,7404.0,MutNovel,"V1013I,0.286"
X-3029,UTY,7404.0,MutNovel,"V1011R,0.333"
X-3029,UTY,7404.0,MutNovel,"P1010L,0.333"
X-3029,UTY,7404.0,MutNovel,"P1010I,0.333"
X-3029,UTY,7404.0,MutNovel,"P1007L,0.300"
X-3029,UTY,7404.0,MutKnownFunctional,"I369*,0.500"
X-3029,UTY,7404.0,MutNovel,"W352R,0.438"
X-3029,UTY,7404.0,MutNovel,"A351E,0.438"
X-3029,UTY,7404.0,MutKnownFunctional,"AA349A*,0.462"
X-3029,UTY,7404.0,MutNovel,"HA348QT,0.375"
X-3029,UTY,7404.0,MutNovel,"H348P,0.533"
X-3029,UTY,7404.0,MutNovel,"D345L,0.400"
X-3029,UTY,7404.0,MutNovel,"LD344CH,0.538"
X-3029,UTY,7404.0,MutNovel,"Q343V,0.600"
X-3029,UTY,7404.0,MutNovel,"V342A,0.467"
X-3029,UTY,7404.0,MutNovel,"AV341ES,0.467"
X-3029,UTY,7404.0,MutKnownFunctional,"CA340*T,0.455"
X-3029,UTY,7404.0,MutNovel,"I339G,0.333"
X-3029,UTY,7404.0,MutNovel,"I339V,0.600"
X-3029,UTY,7404.0,MutNovel,"M332K,0.500"
X-3029,UTY,7404.0,MutNovel,"Q330R,0.429"
X-3029,UTY,7404.0,MutNovel,"NQ329IR,0.429"
X-3029,UTY,7404.0,MutNovel,"N329H,0.286"
X-3029,UTY,7404.0,MutNovel,"Q327K,0.667"
X-3029,UTY,7404.0,MutKnownFunctional,"Y325*,0.500"
X-3029,UTY,7404.0,MutNovel,"LY324FT,0.500"
X-3029,UTY,7404.0,MutNovel,"VL323GE,0.500"
X-3029,UTY,7404.0,MutNovel,"G322D,0.429"
X-3029,UTY,7404.0,MutNovel,"IG321SN,0.429"
X-3029,UTY,7404.0,MutNovel,"S320C,0.375"
X-3029,UTY,7404.0,MutKnownFunctional,"C319*,0.375"
X-3029,UTY,7404.0,MutKnownFunctional,"C319*,0.375"
X-3029,UTY,7404.0,MutNovel,"WC318CY,0.375"
X-3029,UTY,7404.0,MutNovel,"T317L,0.286"
X-3029,UTY,7404.0,MutNovel,"EA312IT,0.333"
X-3029,UTY,7404.0,MutKnownFunctional,"K310*,0.375"
X-3029,UTY,7404.0,MutNovel,"F301S,0.429"
X-3029,UTY,7404.0,MutNovel,"F301A,0.429"
X-3029,UTY,7404.0,MutNovel,"A300F,0.375"
X-3029,UTY,7404.0,MutNovel,"A300S,0.500"
X-3029,UTY,7404.0,MutNovel,"D299A,0.571"
X-3029,UTY,7404.0,MutNovel,"E275P,0.500"
X-3029,UTY,7404.0,MutKnownFunctional,"SL273*R,0.500"
X-3029,UTY,7404.0,MutNovel,"S273P,0.429"
X-3029,UTY,7404.0,MutNovel,"Q271A,0.429"
X-3029,UTY,7404.0,MutKnownFunctional,"YA265*S,0.400"
X-3029,UTY,7404.0,MutNovel,"E263F,0.500"
X-3029,UTY,7404.0,MutNovel,"K262G,0.333"
X-3029,UTY,7404.0,MutNovel,"A260Y,0.333"
X-3029,UTY,7404.0,MutNovel,"A260S,0.667"
X-3029,UTY,7404.0,MutNovel,"GD257IN,0.333"
X-3029,UTY,7404.0,MutNovel,"V256D,0.400"
X-3029,UTY,7404.0,MutNovel,"DL254VL,0.400"
X-3029,UTY,7404.0,MutNovel,"HH250LV,0.429"
X-3029,UTY,7404.0,MutNovel,"MH249GN,0.429"
X-3029,UTY,7404.0,MutNovel,"W248T,0.222"
X-3029,UTY,7404.0,MutNovel,"GW247VR,0.333"
X-3029,UTY,7404.0,MutNovel,"QQ244ME,0.333"
X-3029,UTY,7404.0,MutNovel,"V242A,0.231"
X-3029,UTY,7404.0,MutNovel,"A240Q,0.286"
X-3029,UTY,7404.0,MutNovel,"KA239NQ,0.286"
X-3029,UTY,7404.0,MutNovel,"Q237K,0.250"
X-3029,UTY,7404.0,MutNovel,"A236V,0.214"
X-3029,UTY,7404.0,MutNovel,"A236L,0.214"
X-3029,UTY,7404.0,MutNovel,"EQ226FK,0.214"
X-3029,UTY,7404.0,MutNovel,"Y225M,0.214"
X-3029,UTY,7404.0,MutNovel,"K222T,0.231"
X-3029,UTY,7404.0,MutNovel,"G171M,0.214"
X-3029,UTY,7404.0,MutNovel,"IH166EY,0.214"
X-3029,UTY,7404.0,MutNovel,"AK163VL,0.308"
X-3029,UTY,7404.0,MutNovel,"A163P,0.273"
X-3029,UTY,7404.0,MutNovel,"P158N,0.375"
X-3029,UTY,7404.0,MutNovel,"VD156EY,0.429"
X-3029,UTY,7404.0,MutNovel,"Y155R,0.571"
X-3029,UTY,7404.0,MutNovel,"Q151H,0.667"
X-3029,UTY,7404.0,MutNovel,"FY138LL,0.700"
X-3029,UTY,7404.0,MutKnownFunctional,"YF137*A,0.400"
X-3029,UTY,7404.0,MutNovel,"Y137N,0.364"
X-3029,UTY,7404.0,MutNovel,"L130V,0.462"
X-3029,UTY,7404.0,MutNovel,"F129V,0.643"
X-3029,UTY,7404.0,MutNovel,"AF128SV,0.643"
X-3029,UTY,7404.0,MutNovel,"NA126KK,0.571"
X-3029,UTY,7404.0,MutNovel,"N126S,0.538"
X-3029,UTY,7404.0,MutNovel,"Q114C,0.545"
X-3029,UTY,7404.0,MutNovel,"V74G,0.278"
X-3029,UTY,7404.0,MutNovel,"SR51RT,0.238"
X-3029,UTY,7404.0,MutNovel,"G48H,0.235"
X-3029,UTY,7404.0,MutNovel,"E44L,0.263"
X-3029,UTY,7404.0,MutNovel,"T39N,0.222"
X-3029,UTY,7404.0,MutNovel,"SL37IL,0.250"
X-3029,UTY,7404.0,MutNovel,"R29L,0.385"
X-3029,UTY,7404.0,MutKnownFunctional,"AS27*G,0.385"
X-3029,UTY,7404.0,MutNovel,"G25L,0.385"
X-3029,UTY,7404.0,MutNovel,"A23E,0.231"
X-3029,UTY,7404.0,MutNovel,"MA22IQ,0.385"
X-3029,UTY,7404.0,MutNovel,"KM21SL,0.385"
X-3029,UTY,7404.0,MutNovel,"AK19EA,0.250"
X-3029,UTY,7404.0,MutNovel,"EA18DT,0.273"
X-3029,VSIG10,54621.0,MutNovel,"TQPEVII349I,0.296"
X-3029,WARS,7453.0,Amp5,5.13
X-3029,WDR20,91833.0,Amp5,5.13
X-3029,WDR25,79446.0,Amp5,5.13
X-3029,WHSC1L1,54904.0,Amp8,13.83
X-3029,XRCC3,7517.0,Amp5,5.13
X-3029,YY1,7528.0,Amp5,5.13
X-3029,ZBTB11,27107.0,MutNovel,"V534F,0.414"
X-3029,ZBTB42,100128927.0,Amp5,5.13
X-3029,ZC3H15,55854.0,MutNovel,"D361G,0.507"
X-3029,ZDHHC11,79844.0,MutNovel,"A303D,0.524"
X-3029,ZFYVE21,79038.0,Amp5,5.13
X-3029,ZHX3,23051.0,MutNovel,"V263I,0.517"
X-3029,ZMAT4,79698.0,Amp8,18.51
X-3029,ZNF331,55422.0,MutNovel,"C245R,0.793"
X-3029,ZNF383,163087.0,MutNovel,"N355I,0.233"
X-3029,ZNF615,284370.0,MutNovel,"Y551C,0.714"
X-3029,ZNF839,55778.0,Amp5,5.13
X-3029,ZRANB1,54764.0,MutKnownFunctional,"-709?,0.405"
X-3237,ACTL6A,86.0,Amp5,6.87
X-3237,ADAM3A,1587.0,Del0.8,0.77
X-3237,ADAMTS12,81792.0,Amp5,5.82
X-3237,ADAMTS16,170690.0,Amp5,5.35
X-3237,ADCY2,108.0,Amp5,5.35
X-3237,ADRB2,154.0,MutNovel,"D397N,1.000"
X-3237,AGAP8,728404.0,MutNovel,"S532T,0.900"
X-3237,AGXT2,64902.0,Amp5,5.82
X-3237,AKIRIN2,55122.0,MutNovel,"Q178K,1.000"
X-3237,ALDH1A3,220.0,MutNovel,"K510R,1.000"
X-3237,ALKBH4,54784.0,Amp5,6.02
X-3237,ALKBH8,91801.0,MutKnownFunctional,"K425*,0.550"
X-3237,AMACR,23600.0,Amp5,5.82
X-3237,AMELY,266.0,Del0.8,0.7
X-3237,AMTN,401138.0,MutNovel,"G78S,1.000"
X-3237,ANKH,56172.0,Amp5,5.82
X-3237,ANKRD33B,651746.0,Amp5,5.35
X-3237,APOBEC3F,200316.0,MutNovel,"P97L,0.300"
X-3237,AREG,374.0,MutNovel,"C159G,0.571"
X-3237,ARHGEF35,445328.0,MutNovel,"E187Q,1.000"
X-3237,ARMC10,83787.0,Amp5,6.02
X-3237,ARNT,405.0,MutNovel,"N7D,0.471"
X-3237,ATG2B,55102.0,MutNovel,"W83L,0.500"
X-3237,ATP9A,10079.0,MutNovel,"V1004E,0.467"
X-3237,ATXN7L1,222255.0,Amp5,6.02
X-3237,B3GNT7,93010.0,MutKnownFunctional,"-166,0.368"
X-3237,BASP1,10409.0,Amp5,5.82
X-3237,BCAP29,55973.0,Amp5,6.02
X-3237,BCHE,590.0,Amp5,6.87
X-3237,BCORP1,286554.0,Del0.8,0.7
X-3237,BPTF,2186.0,MutNovel,"D181-,0.593"
X-3237,BPY2B,442867.0,Del0.8,0.7
X-3237,BPY2B,442867.0,Del0.8,0.7
X-3237,BRD9,65980.0,Amp5,5.35
X-3237,BRIX1,55299.0,Amp5,5.82
X-3237,C11orf80,79703.0,MutNovel,"G26GA,0.292"
X-3237,C12orf52,84934.0,MutNovel,"E158Q,0.663"
X-3237,C1QTNF3,114899.0,MutNovel,"G184V,0.647"
X-3237,C1QTNF3,114899.0,Amp5,5.82
X-3237,C5orf22,55322.0,Amp5,5.82
X-3237,C5orf28,64417.0,Amp5,5.82
X-3237,C5orf34,375444.0,Amp5,5.82
X-3237,C5orf38,153571.0,Amp5,5.35
X-3237,C5orf42,65250.0,Amp5,5.82
X-3237,C5orf49,134121.0,Amp5,5.35
X-3237,C5orf51,285636.0,Amp5,5.82
X-3237,C6,729.0,Amp5,5.82
X-3237,C7,730.0,Amp5,5.82
X-3237,C7orf53,286006.0,Amp5,7.62
X-3237,C7orf66,154907.0,Amp5,7.36
X-3237,C9,735.0,Amp5,5.82
X-3237,CAPSL,133690.0,Amp5,5.82
X-3237,CARD6,84674.0,Amp5,5.82
X-3237,CBLL1,79872.0,Amp5,6.02
X-3237,CBS,875.0,MutNovel,"A231D,0.398"
X-3237,CBWD6,644019.0,MutKnownFunctional,"-259?,0.304"
X-3237,CCDC152,100129792.0,Amp5,5.82
X-3237,CCDC39,339829.0,Amp5,6.87
X-3237,CCDC64B,146439.0,MutKnownFunctional,"-431?,0.922"
X-3237,CCDC66,285331.0,MutNovel,"S606SP,1.000"
X-3237,CCDC71L,168455.0,Amp5,6.02
X-3237,CCL28,56477.0,Amp5,5.82
X-3237,CCT5,22948.0,Amp5,5.35
X-3237,CD46,4179.0,MutNovel,"A353V,0.333"
X-3237,CDC42EP1,11135.0,MutNovel,"AANPPATT242A,0.333"
X-3237,CDC42EP1,11135.0,MutNovel,"PAPAANPS253P,0.250"
X-3237,CDCA2,157313.0,MutNovel,"T34S,1.000"
X-3237,CDH10,1008.0,Amp5,5.82
X-3237,CDH12,1010.0,Amp5,5.82
X-3237,CDH18,1016.0,Amp5,5.82
X-3237,CDH6,1004.0,Amp5,5.82
X-3237,CDH9,1007.0,Amp5,5.82
X-3237,CDHR3,222256.0,Amp5,6.02
X-3237,CDY1B,253175.0,Del0.8,0.7
X-3237,CDY1B,253175.0,Del0.8,0.7
X-3237,CDY2A,9426.0,Del0.8,0.7
X-3237,CDY2A,9426.0,Del0.8,0.7
X-3237,CDY2B,203611.0,Del0.8,0.7
X-3237,CDY2B,203611.0,Del0.8,0.7
X-3237,CLDN11,5010.0,Amp5,6.87
X-3237,CLDN15,24146.0,Amp5,6.02
X-3237,CLPTM1L,81037.0,Amp5,5.35
X-3237,CLSPN,63967.0,MutNovel,"E994K,1.000"
X-3237,CMBL,134147.0,Amp5,5.35
X-3237,CNTNAP3B,728577.0,MutNovel,"D281N,0.583"
X-3237,CNTNAP3B,728577.0,MutKnownFunctional,"CE676*E,0.667"
X-3237,COBLL1,22837.0,MutNovel,"K470E,0.535"
X-3237,COG5,10466.0,Amp5,6.02
X-3237,COL27A1,85301.0,MutNovel,"G1129E,1.000"
X-3237,COL4A2,1284.0,MutNovel,"F300L,1.000"
X-3237,CRIPAK,285464.0,MutNovel,"V164A,1.000"
X-3237,CROT,54677.0,MutNovel,"R417M,0.488"
X-3237,CSPG4P1Y,114758.0,Del0.8,0.7
X-3237,CSPG4P1Y,114758.0,Del0.8,0.7
X-3237,CSTF3,1479.0,MutNovel,"S261C,0.357"
X-3237,CTNNB1,1499.0,MutNovel,"A171P,0.997"
X-3237,CTNND2,1501.0,Amp5,5.35
X-3237,CTSA,5476.0,MutNovel,"L29-,0.419"
X-3237,CUX1,1523.0,Amp5,6.02
X-3237,CYP2D6,1565.0,MutNovel,"L213S,0.222"
X-3237,DAB2,1601.0,Amp5,5.82
X-3237,DAP,1611.0,Amp5,5.35
X-3237,DAZ1,1617.0,Del0.8,0.7
X-3237,DAZ2,57055.0,Del0.8,0.7
X-3237,DAZ3,57054.0,Del0.8,0.7
X-3237,DAZ3,57054.0,Del0.8,0.7
X-3237,DAZ4,57135.0,Del0.8,0.7
X-3237,DAZ4,57135.0,Del0.8,0.7
X-3237,DCPS,28960.0,MutNovel,"S72SGD,0.429"
X-3237,DDX18,8886.0,MutNovel,"D389N,0.373"
X-3237,DDX3Y,8653.0,Del0.8,0.7
X-3237,DGKQ,1609.0,MutNovel,"P27L,1.000"
X-3237,DLD,1738.0,Amp5,7.36
X-3237,DNAH5,1767.0,Amp5,5.82
X-3237,DNAJB9,4189.0,Amp5,7.36
X-3237,DNAJC19,131118.0,Amp5,6.87
X-3237,DNAJC2,27000.0,Amp5,6.02
X-3237,DNAJC21,134218.0,Amp5,5.82
X-3237,DOCK4,9732.0,Amp5,7.62
X-3237,DPY19L2P2,349152.0,Amp5,6.02
X-3237,DROSHA,29102.0,Amp5,5.82
X-3237,DUS4L,11062.0,Amp5,6.02
X-3237,DVL1,1855.0,MutNovel,"R407H,0.539"
X-3237,ECT2,1894.0,Amp5,6.87
X-3237,EFCAB10,100130771.0,Amp5,6.02
X-3237,EGFEM1P,93556.0,Amp5,6.87
X-3237,EGFLAM,133584.0,Amp5,5.82
X-3237,EHMT2,10919.0,MutNovel,"N881S,1.000"
X-3237,EIF1AY,9086.0,Del0.8,0.7
X-3237,EIF3IP1,442720.0,Amp5,7.62
X-3237,EIF3M,10480.0,MutNovel,"N116S,0.490"
X-3237,EIF5A2,56648.0,Amp5,6.87
X-3237,EMID2,136227.0,Amp5,6.02
X-3237,ENGASE,64772.0,MutNovel,"W732C,1.000"
X-3237,EP400,57634.0,MutNovel,"I2141V,0.400"
X-3237,EPG5,57724.0,MutNovel,"A745T,1.000"
X-3237,EPHB4,2050.0,MutNovel,"L705V,0.305"
X-3237,EPPK1,83481.0,MutNovel,"D899H,0.500"
X-3237,FAM105A,54491.0,Amp5,5.82
X-3237,FAM105B,90268.0,Amp5,5.82
X-3237,FAM134B,54463.0,Amp5,5.82
X-3237,FAM173B,134145.0,Amp5,5.35
X-3237,FAM185A,222234.0,Amp5,6.02
X-3237,FAM197Y2P,252946.0,Del0.8,0.7
X-3237,FAM221A,,MutKnownFunctional,"-211,0.273"
X-3237,FAM40B,57464.0,MutNovel,"M490V,0.889"
X-3237,FAM41AY1,340618.0,Del0.8,0.7
X-3237,FAM41AY1,340618.0,Del0.8,0.7
X-3237,FAM59B,150946.0,MutNovel,"Q407R,1.000"
X-3237,FAM63A,55793.0,MutNovel,"L280P,0.312"
X-3237,FANCM,57697.0,MutNovel,"T279I,0.444"
X-3237,FASTKD3,79072.0,Amp5,5.35
X-3237,FASTKD5,60493.0,MutKnownFunctional,"-572?,0.629"
X-3237,FBXL13,222235.0,Amp5,6.02
X-3237,FBXL7,23194.0,Amp5,5.82
X-3237,FBXO22,26263.0,MutNovel,"R124S,0.623"
X-3237,FBXO4,26272.0,Amp5,5.82
X-3237,FCHSD1,89848.0,MutNovel,"T466M,1.000"
X-3237,FES,2242.0,MutNovel,"R61W,0.833"
X-3237,FFAR3,2865.0,Del0.8,0.45
X-3237,FGF10,2255.0,Amp5,5.82
X-3237,FIS1,51024.0,Amp5,6.02
X-3237,FLJ33360,401172.0,Amp5,5.35
X-3237,FNDC3B,64778.0,Amp5,6.87
X-3237,FOXD1,2297.0,MutNovel,"AGRRR382-,0.704"
X-3237,FXR1,8087.0,Amp5,6.87
X-3237,FYB,2533.0,Amp5,5.82
X-3237,GDNF,2668.0,Amp5,5.82
X-3237,GEN1,348654.0,MutNovel,"R20C,0.605"
X-3237,GHR,2690.0,Amp5,5.82
X-3237,GHSR,2693.0,Amp5,6.87
X-3237,GIGYF2,26058.0,MutNovel,"PQ1231P,0.714"
X-3237,GNB4,59345.0,Amp5,6.87
X-3237,GOLGA2P2Y,84559.0,Del0.8,0.7
X-3237,GOLGA2P2Y,84559.0,Del0.8,0.7
X-3237,GOLGA6L10,647042.0,MutNovel,"H216R,1.000"
X-3237,GOLIM4,27333.0,Amp5,6.87
X-3237,GOLPH3,64083.0,Amp5,5.82
X-3237,GPR160,26996.0,Amp5,6.87
X-3237,GPR22,2845.0,Amp5,6.02
X-3237,GSTT1,2952.0,Amp5,7.36
X-3237,GUSBP1,728411.0,Amp5,5.82
X-3237,GYG2P1,352887.0,Del0.8,0.7
X-3237,HBP1,26959.0,Amp5,6.02
X-3237,HCN1,348980.0,Amp5,5.82
X-3237,HEATR7B2,133558.0,Amp5,5.82
X-3237,HMGCS1,3157.0,Amp5,5.82
X-3237,HOXA11,3207.0,MutNovel,"G77S,0.600"
X-3237,HSFY2,159119.0,Del0.8,0.7
X-3237,HSFY2,159119.0,Del0.8,0.7
X-3237,HSPA1A,3303.0,MutNovel,"I427D,0.571"
X-3237,HUWE1,10075.0,MutNovel,"S3203C,0.987"
X-3237,IFRD1,3475.0,Amp5,7.62
X-3237,IL28RA,163702.0,MutNovel,"R6G,1.000"
X-3237,IL7R,3575.0,Amp5,5.82
X-3237,IMMP2L,83943.0,Amp5,7.62
X-3237,INPP5A,3632.0,MutKnownFunctional,"R88*,0.211"
X-3237,IRX1,79192.0,Amp5,5.35
X-3237,IRX2,153572.0,Amp5,5.35
X-3237,IRX4,50805.0,Amp5,5.35
X-3237,ITFG1,81533.0,MutNovel,"D452Y,1.000"
X-3237,KCNMB2,10242.0,Amp5,6.87
X-3237,KCNMB3,27094.0,Amp5,6.87
X-3237,KCTD10,83892.0,MutNovel,"L109R,0.425"
X-3237,KDM5D,8284.0,Del0.8,0.7
X-3237,KIAA0947,23379.0,MutNovel,"H673R,0.244"
X-3237,KIAA0947,23379.0,Amp5,5.35
X-3237,KIDINS220,57498.0,MutNovel,"K245N,0.529"
X-3237,KIF20B,9585.0,MutNovel,"L1062LKV,0.878"
X-3237,KIF7,374654.0,MutKnownFunctional,"E1139*,0.586"
X-3237,KRT6C,286887.0,MutNovel,"A87G,0.500"
X-3237,LACTB,114294.0,MutNovel,"A64G,0.360"
X-3237,LAMA5,3911.0,MutNovel,"H3453Y,0.490"
X-3237,LAMB1,3912.0,Amp5,7.36
X-3237,LAMB4,22798.0,Amp5,7.36
X-3237,LGR4,55366.0,MutNovel,"G894C,0.510"
X-3237,LHFPL3,375612.0,Amp5,6.02
X-3237,LIFR,3977.0,Amp5,5.82
X-3237,LMBRD2,92255.0,Amp5,5.82
X-3237,LOC100128164,100128164.0,Amp5,6.87
X-3237,LOC100132356,100132356.0,Amp5,5.82
X-3237,LOC100216545,100216545.0,Amp5,6.02
X-3237,LOC100216546,100216546.0,Amp5,6.02
X-3237,LOC100289561,100289561.0,Amp5,6.02
X-3237,LOC100505738,100505738.0,Amp5,5.35
X-3237,LOC100505806,100505806.0,Amp5,5.35
X-3237,LOC100506548,100506548.0,Amp5,5.82
X-3237,LOC100506688,100506688.0,Amp5,5.35
X-3237,LOC100630923,100630923.0,Amp5,6.02
X-3237,LOC153684,153684.0,Amp5,5.82
X-3237,LOC255167,255167.0,Amp5,5.35
X-3237,LOC285577,285577.0,Amp5,5.35
X-3237,LOC285692,285692.0,Amp5,5.35
X-3237,LOC285696,285696.0,Amp5,5.82
X-3237,LOC340094,340094.0,Amp5,5.35
X-3237,LOC340107,340107.0,Amp5,5.82
X-3237,LOC340113,340113.0,Amp5,5.82
X-3237,LOC391322,391322.0,Amp5,7.36
X-3237,LOC401177,401177.0,Amp5,5.82
X-3237,LOC442132,442132.0,Amp5,5.35
X-3237,LOC643401,643401.0,Amp5,5.82
X-3237,LOC646168,646168.0,Amp5,6.87
X-3237,LOC647107,647107.0,Amp5,6.82
X-3237,LOC648987,648987.0,Amp5,5.82
X-3237,LOC728613,728613.0,Amp5,5.35
X-3237,LOC729506,729506.0,Amp5,5.35
X-3237,LPCAT1,79888.0,Amp5,5.35
X-3237,LRRC17,10234.0,Amp5,6.02
X-3237,LRRC31,79782.0,Amp5,6.87
X-3237,LRRC34,151827.0,Amp5,6.87
X-3237,LRRIQ4,344657.0,Amp5,6.87
X-3237,LRRN3,54674.0,Amp5,7.62
X-3237,LRWD1,222229.0,Amp5,6.02
X-3237,LSR,51599.0,MutNovel,"G518GR,0.842"
X-3237,LTN1,26046.0,MutNovel,"G1505E,0.442"
X-3237,MAP3K4,4216.0,MutNovel,"PA1189P,0.714"
X-3237,2014-03-11 00:00:00,441061.0,Amp5,5.82
X-3237,2014-03-06 00:00:00,10299.0,Amp5,5.35
X-3237,MBD2,8932.0,MutNovel,"G115GA,0.355"
X-3237,MCC,4163.0,MutNovel,"G21GA,0.571"
X-3237,MECOM,2122.0,Amp5,6.87
X-3237,MED10,84246.0,Amp5,5.35
X-3237,MFN1,55669.0,Amp5,6.87
X-3237,MIR3650,100500824.0,Amp5,5.82
X-3237,MIR4277,100422966.0,Amp5,5.35
X-3237,MIR4278,100422999.0,Amp5,5.35
X-3237,MIR4279,100422874.0,Amp5,5.82
X-3237,MIR4285,100422858.0,Amp5,6.02
X-3237,MIR4454,100616234.0,Amp5,5.35
X-3237,MIR4457,100616235.0,Amp5,5.35
X-3237,MIR4458,100616142.0,Amp5,5.35
X-3237,MIR4467,100616367.0,Amp5,6.02
X-3237,MIR4635,100616479.0,Amp5,5.35
X-3237,MIR4636,100616326.0,Amp5,5.35
X-3237,MIR4637,100616271.0,Amp5,5.82
X-3237,MIR4789,100616395.0,Amp5,6.87
X-3237,MIR551B,693136.0,Amp5,6.87
X-3237,MIR569,693154.0,Amp5,6.87
X-3237,MIR580,693165.0,Amp5,5.82
X-3237,MLL,4297.0,MutNovel,"S1787T,0.412"
X-3237,MLL5,55904.0,Amp5,6.02
X-3237,MOGAT3,346606.0,Amp5,6.02
X-3237,MRPL11,65003.0,MutNovel,"F49L,0.299"
X-3237,MRPL16,54948.0,MutNovel,"P11T,0.214"
X-3237,MRPL36,64979.0,Amp5,5.35
X-3237,MRPL47,57129.0,Amp5,6.87
X-3237,MRPS30,10884.0,Amp5,5.82
X-3237,MSL1,339287.0,MutNovel,"S241L,1.000"
X-3237,MTMR12,54545.0,Amp5,5.82
X-3237,MTRR,4552.0,Amp5,5.35
X-3237,MYL10,93408.0,Amp5,6.02
X-3237,MYNN,55892.0,Amp5,6.87
X-3237,MYO10,4651.0,Amp5,5.82
X-3237,MZT2B,80097.0,MutNovel,"A68V,0.573"
X-3237,NADKD1,133686.0,Amp5,5.82
X-3237,NAMPT,10135.0,Amp5,6.02
X-3237,NAPEPLD,222236.0,Amp5,6.02
X-3237,NCEH1,57552.0,Amp5,6.87
X-3237,NCL,4691.0,MutNovel,"DE250E,0.312"
X-3237,NCOA3,8202.0,MutNovel,"Q1255-,0.229"
X-3237,NCOR2,9612.0,MutNovel,"G1839GAAA,0.721"
X-3237,NCR3LG1,,MutNovel,"R384S,0.556"
X-3237,NCRNA00185,55410.0,Del0.8,0.7
X-3237,NDUFA8,4702.0,MutNovel,"D37E,0.998"
X-3237,NDUFB5,4711.0,Amp5,6.87
X-3237,NDUFS6,4726.0,Amp5,5.35
X-3237,NIM1,167359.0,Amp5,5.82
X-3237,NIPBL,25836.0,Amp5,5.82
X-3237,NKD2,85409.0,Amp5,5.35
X-3237,NLGN1,22871.0,Amp5,6.87
X-3237,NLGN4Y,22829.0,Del0.8,0.7
X-3237,NNT,23530.0,Amp5,5.82
X-3237,NOMO2,283820.0,MutNovel,"D490N,1.000"
X-3237,NPR3,4883.0,Amp5,5.82
X-3237,NRCAM,4897.0,Amp5,7.36
X-3237,NSUN2,54888.0,Amp5,5.35
X-3237,NUP155,9631.0,Amp5,5.82
X-3237,NXF1,10482.0,MutNovel,"Q545E,0.288"
X-3237,ORAI1,84876.0,MutNovel,"PP43-,0.885"
X-3237,ORAI2,80228.0,Amp5,6.02
X-3237,ORC5,5001.0,Amp5,6.02
X-3237,OSMR,9180.0,Amp5,5.82
X-3237,OXCT1,5019.0,Amp5,5.82
X-3237,PAIP1,10605.0,Amp5,5.82
X-3237,PAPD7,11044.0,Amp5,5.35
X-3237,PBRM1,55193.0,MutNovel,"A344E,1.000"
X-3237,PC,5091.0,MutNovel,"A128S,0.357"
X-3237,PCDH11Y,83259.0,Del0.8,0.7
X-3237,PCDHAC1,56135.0,MutNovel,"E262D,1.000"
X-3237,PCDHAC2,56134.0,MutNovel,"G97V,0.400"
X-3237,PCDHB12,56124.0,MutNovel,"K250Q,1.000"
X-3237,PCDHB8,56128.0,MutNovel,"C653R,0.750"
X-3237,PDCD10,11235.0,Amp5,6.87
X-3237,PDZD2,23037.0,Amp5,5.82
X-3237,PEX5L,51555.0,Amp5,6.87
X-3237,PHC3,80012.0,Amp5,6.87
X-3237,PHLDA1,22822.0,MutNovel,"QQ194Q,0.566"
X-3237,PICALM,8301.0,MutNovel,"L85M,0.309"
X-3237,PIF1,80119.0,MutKnownFunctional,"E49*,0.370"
X-3237,PIK3CA,5290.0,MutKnownFunctional,"E545K,0.661"
X-3237,PIK3CA,5290.0,Amp5,6.87
X-3237,PIK3CG,5294.0,Amp5,6.02
X-3237,PKP3,11187.0,MutNovel,"R439C,0.482"
X-3237,PLCXD3,345557.0,Amp5,5.82
X-3237,PLD1,5337.0,Amp5,6.87
X-3237,PLEKHF2,79666.0,MutNovel,"Q70R,0.710"
X-3237,PLEKHH2,130271.0,MutNovel,"Q1290E,0.477"
X-3237,PLEKHM1,9842.0,MutNovel,"I1010T,1.000"
X-3237,PLOD3,8985.0,Amp5,6.02
X-3237,PMCHL1,5369.0,Amp5,5.82
X-3237,PMPCB,9512.0,Amp5,6.02
X-3237,PNPLA8,50640.0,Amp5,7.36
X-3237,POLG,5428.0,MutNovel,"Q53RSK,0.207"
X-3237,POLR2J,5439.0,Amp5,6.02
X-3237,POLR2J2,246721.0,Amp5,6.02
X-3237,POLR2J3,548644.0,Amp5,6.02
X-3237,POLR3GL,84265.0,MutNovel,"R79Q,0.561"
X-3237,PPP1R9B,84687.0,MutNovel,"A513V,0.295"
X-3237,PRDM9,56979.0,Amp5,5.82
X-3237,PRKAA1,5562.0,Amp5,5.82
X-3237,PRKAR2B,5577.0,Amp5,6.02
X-3237,PRKCI,5584.0,Amp5,6.87
X-3237,PRKRIP1,79706.0,Amp5,6.02
X-3237,PRKY,5616.0,Del0.8,0.7
X-3237,PRLR,5618.0,Amp5,5.82
X-3237,PRR14L,253143.0,MutNovel,"N1371S,0.520"
X-3237,PRY,9081.0,Del0.8,0.7
X-3237,PRY,9081.0,Del0.8,0.7
X-3237,PRY2,442862.0,Del0.8,0.7
X-3237,PRY2,442862.0,Del0.8,0.7
X-3237,PSMB10,5699.0,MutNovel,"A249T,0.992"
X-3237,PSMC2,5701.0,Amp5,6.02
X-3237,PTGER4,5734.0,Amp5,5.82
X-3237,PTPRH,5794.0,MutNovel,"T171I,0.211"
X-3237,PUS7,54517.0,Amp5,6.02
X-3237,PXDN,7837.0,MutNovel,"P651L,0.536"
X-3237,RABL5,64792.0,Amp5,6.02
X-3237,RAD1,5810.0,Amp5,5.82
X-3237,RAI14,26064.0,MutKnownFunctional,"K446*,0.426"
X-3237,RAI14,26064.0,Amp5,5.82
X-3237,RALY,22913.0,MutNovel,"-231S,0.274"
X-3237,RANBP3L,202151.0,Amp5,5.82
X-3237,RASA1,5921.0,MutKnownFunctional,"Q542*,1.000"
X-3237,RASA4,10156.0,Amp5,6.02
X-3237,RBMY1A3P,286557.0,Del0.8,0.7
X-3237,RBMY1B,378948.0,Del0.8,0.7
X-3237,RBMY1B,378948.0,Del0.8,0.7
X-3237,RBMY1E,378950.0,Del0.8,0.7
X-3237,RBMY1E,378950.0,Del0.8,0.7
X-3237,RBMY1F,159163.0,Del0.8,0.7
X-3237,RBMY1F,159163.0,Del0.8,0.7
X-3237,RBMY1J,378951.0,Del0.8,0.7
X-3237,RBMY1J,378951.0,Del0.8,0.7
X-3237,RBMY2EP,159125.0,Del0.8,0.7
X-3237,RBMY2FP,159162.0,Del0.8,0.7
X-3237,RBMY3AP,64593.0,Del0.8,0.7
X-3237,RELN,5649.0,Amp5,6.02
X-3237,RICTOR,253260.0,Amp5,5.82
X-3237,RIN3,79890.0,MutNovel,"G967-,0.618"
X-3237,RINT1,60561.0,Amp5,6.02
X-3237,ROPN1L,83853.0,Amp5,5.35
X-3237,RPF2,84154.0,MutNovel,"V104G,0.480"
X-3237,RPL19P12,100129424.0,Amp5,6.02
X-3237,RPL22L1,200916.0,Amp5,6.87
X-3237,RPL37,6167.0,Amp5,5.82
X-3237,RPS4Y1,6192.0,Del0.8,0.7
X-3237,RPS4Y2,140032.0,Del0.8,0.7
X-3237,RXFP3,51289.0,Amp5,5.82
X-3237,SAMD7,344658.0,Amp5,6.87
X-3237,SDC3,9672.0,MutNovel,"G311R,1.000"
X-3237,SDHAP3,728609.0,Amp5,5.35
X-3237,SEC62,7095.0,Amp5,6.87
X-3237,SECISBP2,79048.0,MutNovel,"Y351C,1.000"
X-3237,SEMA5A,9037.0,Amp5,5.35
X-3237,SEPP1,6414.0,Amp5,5.82
X-3237,SERINC2,347735.0,MutNovel,"-373Q,0.602"
X-3237,SERPINI1,5274.0,Amp5,6.87
X-3237,SERPINI2,5276.0,Amp5,6.87
X-3237,SH2B2,10603.0,Amp5,6.02
X-3237,SI,6476.0,Amp5,6.82
X-3237,SIRPG,55423.0,MutNovel,"M34V,1.000"
X-3237,SKIL,6498.0,Amp5,6.87
X-3237,SKP2,6502.0,Amp5,5.82
X-3237,SLC12A7,10723.0,Amp5,5.35
X-3237,SLC1A3,6507.0,Amp5,5.82
X-3237,SLC26A3,1811.0,Amp5,6.02
X-3237,SLC26A4,5172.0,Amp5,6.02
X-3237,SLC26A5,375611.0,Amp5,6.02
X-3237,SLC2A2,6514.0,Amp5,6.87
X-3237,SLC2A3,6515.0,MutNovel,"A369T,0.548"
X-3237,SLC2A3,6515.0,MutNovel,"G284V,0.545"
X-3237,SLC35F5,80255.0,MutNovel,"D478H,0.294"
X-3237,SLC38A6,145389.0,MutNovel,"A484V,0.265"
X-3237,SLC45A2,51151.0,Amp5,5.82
X-3237,SLC6A18,348932.0,Amp5,5.35
X-3237,SLC6A19,340024.0,Amp5,5.35
X-3237,SLC6A3,6531.0,Amp5,5.35
X-3237,SLC7A14,57709.0,Amp5,6.87
X-3237,SLCO1A2,6579.0,MutNovel,"M170I,0.462"
X-3237,SLITRK3,22865.0,Amp5,6.82
X-3237,SMEK1,55671.0,MutNovel,"D16N,0.319"
X-3237,SNAPC4,6621.0,MutNovel,"S542-,0.585"
X-3237,SNORD123,100113384.0,Amp5,5.35
X-3237,SNORD72,619564.0,Amp5,5.82
X-3237,SNRNP200,23020.0,MutNovel,"K349N,0.643"
X-3237,SPATA16,83893.0,Amp5,6.87
X-3237,SPC25,57405.0,MutNovel,"L211F,0.423"
X-3237,SPDYE2,441273.0,Amp5,6.02
X-3237,SPDYE6,729597.0,Amp5,6.02
X-3237,SPEF2,79925.0,Amp5,5.82
X-3237,SPOP,8405.0,MutNovel,"E160D,1.000"
X-3237,SRD5A1,6715.0,Amp5,5.35
X-3237,SRPK2,6733.0,Amp5,6.02
X-3237,SRY,6736.0,Del0.8,0.7
X-3237,SUB1,10923.0,Amp5,5.82
X-3237,SYPL1,6856.0,Amp5,6.02
X-3237,TARS,6897.0,Amp5,5.82
X-3237,TAS2R1,50834.0,Amp5,5.35
X-3237,TBC1D10B,26000.0,MutNovel,"EKER743-,0.604"
X-3237,TBL1XR1,79718.0,Amp5,6.87
X-3237,TBL1Y,90665.0,Del0.8,0.7
X-3237,TCF7L1,83439.0,MutNovel,"G8-,0.227"
X-3237,TERC,7012.0,Amp5,6.87
X-3237,TERT,7015.0,Amp5,5.35
X-3237,TET2,54790.0,MutKnownFunctional,"S794*,1.000"
X-3237,TGIF2LY,90655.0,Del0.8,0.7
X-3237,THAP5,168451.0,Amp5,7.36
X-3237,TM9SF1,10548.0,MutNovel,"A340T,0.731"
X-3237,TMEM131,23505.0,MutNovel,"S906R,0.620"
X-3237,TMEM212,389177.0,Amp5,6.87
X-3237,TMEM44,93109.0,MutKnownFunctional,"-200,0.875"
X-3237,TMSB4Y,9087.0,Del0.8,0.7
X-3237,TNFSF10,8743.0,Amp5,6.87
X-3237,TNIK,23043.0,Amp5,6.87
X-3237,TP53,7157.0,MutKnownFunctional,"V157F,1.000"
X-3237,TPGS1,91978.0,MutNovel,"R263W,1.000"
X-3237,TRAK1,22906.0,MutNovel,"T834I,1.000"
X-3237,TRIM16L,147166.0,MutNovel,"I134V,0.250"
X-3237,TRIO,7204.0,Amp5,5.82
X-3237,TRIP13,9319.0,Amp5,5.35
X-3237,TRMT6,51605.0,MutNovel,"D99H,0.256"
X-3237,TSC22D1,8848.0,MutKnownFunctional,"-167,0.935"
X-3237,TSPY1,7258.0,Del0.8,0.7
X-3237,TSPY2,64591.0,Del0.8,0.7
X-3237,TSPY3,728137.0,Del0.8,0.7
X-3237,TSPY4,728395.0,Del0.8,0.7
X-3237,TSPY8,728403.0,Del0.8,0.7
X-3237,TTC14,151613.0,Amp5,6.87
X-3237,TTC23L,153657.0,Amp5,5.82
X-3237,TTC33,23548.0,Amp5,5.82
X-3237,TTTY10,246119.0,Del0.8,0.7
X-3237,TTTY11,83866.0,Del0.8,0.7
X-3237,TTTY12,83867.0,Del0.8,0.7
X-3237,TTTY13,83868.0,Del0.8,0.7
X-3237,TTTY14,83869.0,Del0.8,0.7
X-3237,TTTY15,64595.0,Del0.8,0.7
X-3237,TTTY16,252948.0,Del0.8,0.7
X-3237,TTTY17A,252949.0,Del0.8,0.7
X-3237,TTTY17A,252949.0,Del0.8,0.7
X-3237,TTTY18,252950.0,Del0.8,0.7
X-3237,TTTY19,252952.0,Del0.8,0.7
X-3237,TTTY1B,100101116.0,Del0.8,0.7
X-3237,TTTY1B,100101116.0,Del0.8,0.7
X-3237,TTTY2,60439.0,Del0.8,0.7
X-3237,TTTY2,60439.0,Del0.8,0.7
X-3237,TTTY20,252951.0,Del0.8,0.7
X-3237,TTTY21,252953.0,Del0.8,0.7
X-3237,TTTY21,252953.0,Del0.8,0.7
X-3237,TTTY22,252954.0,Del0.8,0.7
X-3237,TTTY23,252955.0,Del0.8,0.7
X-3237,TTTY23,252955.0,Del0.8,0.7
X-3237,TTTY3,114760.0,Del0.8,0.7
X-3237,TTTY3,114760.0,Del0.8,0.7
X-3237,TTTY4,114761.0,Del0.8,0.7
X-3237,TTTY4,114761.0,Del0.8,0.7
X-3237,TTTY5,83863.0,Del0.8,0.7
X-3237,TTTY6,84672.0,Del0.8,0.7
X-3237,TTTY6,84672.0,Del0.8,0.7
X-3237,TTTY7,246122.0,Del0.8,0.7
X-3237,TTTY7,246122.0,Del0.8,0.7
X-3237,TTTY7B,100101120.0,Del0.8,0.7
X-3237,TTTY7B,100101120.0,Del0.8,0.7
X-3237,TTTY8,84673.0,Del0.8,0.7
X-3237,TTTY8,84673.0,Del0.8,0.7
X-3237,TTTY9A,83864.0,Del0.8,0.7
X-3237,TTTY9A,83864.0,Del0.8,0.7
X-3237,TXLNG2P,246126.0,Del0.8,0.7
X-3237,UBE2QL1,134111.0,Amp5,5.35
X-3237,UGT3A1,133688.0,Amp5,5.82
X-3237,UGT3A2,167127.0,Amp5,5.82
X-3237,URGCP,55665.0,MutNovel,"G342L,0.600"
X-3237,USP13,8975.0,Amp5,6.87
X-3237,USP36,57602.0,MutNovel,"KKK958K,0.787"
X-3237,USP9Y,8287.0,Del0.8,0.7
X-3237,UTY,7404.0,Del0.8,0.7
X-3237,VCY,9084.0,Del0.8,0.7
X-3237,VCY,9084.0,Del0.8,0.7
X-3237,VDAC1,7416.0,MutNovel,"D128N,1.000"
X-3237,WDR49,151790.0,Amp5,6.87
X-3237,WDR70,55100.0,Amp5,5.82
X-3237,WHSC1,7468.0,MutNovel,"A366V,0.617"
X-3237,XKRY2,353515.0,Del0.8,0.7
X-3237,XKRY2,353515.0,Del0.8,0.7
X-3237,YTHDF3,253943.0,MutNovel,"H325D,0.431"
X-3237,ZBBX,79740.0,Amp5,6.87
X-3237,ZFP36L2,678.0,MutNovel,"Q401HSSR,0.241"
X-3237,ZFR,51663.0,Amp5,5.82
X-3237,ZFY,7544.0,Del0.8,0.7
X-3237,ZHX2,22882.0,MutNovel,"A424T,0.727"
X-3237,ZMAT3,64393.0,Amp5,6.87
X-3237,ZNF131,7690.0,Amp5,5.82
X-3237,ZNF217,7764.0,MutNovel,"V113E,0.426"
X-3237,ZNF219,51222.0,MutNovel,"QPP233P,0.277"
X-3237,ZNF223,7766.0,MutNovel,"T248I,1.000"
X-3237,ZNF277,11179.0,Amp5,7.62
X-3237,ZNF335,63925.0,MutNovel,"N692K,0.531"
X-3237,ZNF384,171017.0,MutNovel,"QQ514Q,0.217"
X-3237,ZNF583,147949.0,MutNovel,"I173M,1.000"
X-3237,ZNF622,90441.0,Amp5,5.82
X-3237,ZNF639,51193.0,Amp5,6.87
X-3237,ZNF816,125893.0,MutNovel,"E534Q,0.613"
X-3237,ZNF839,55778.0,MutKnownFunctional,"Q132*,0.333"
X-3237,ZNFX1,57169.0,MutKnownFunctional,"E1611*,0.539"
X-3237,ZNHIT1,10467.0,Amp5,6.02
X-3237,ZRANB1,54764.0,MutNovel,"S57C,0.338"
X-3400,AAAS,8086.0,MutNovel,"S541F,1.000"
X-3400,ABCC1,4363.0,MutNovel,"D1081N,0.465"
X-3400,ABCC1,4363.0,MutNovel,"L1310F,0.727"
X-3400,ACAD11,84129.0,MutNovel,"P269S,0.750"
X-3400,ACADM,34.0,MutNovel,"A174S,0.591"
X-3400,ACIN1,22985.0,MutNovel,"P479L,0.641"
X-3400,ACOT2,10965.0,MutNovel,"P281L,0.667"
X-3400,ACRBP,84519.0,MutNovel,"E225K,1.000"
X-3400,ACTN4,81.0,MutNovel,"S159F,0.475"
X-3400,ACTR10,55860.0,MutNovel,"A350V,0.417"
X-3400,ACTR8,93973.0,MutNovel,"G399R,0.500"
X-3400,ADAM6,8755.0,Amp5,5.62
X-3400,ADAMTS3,9508.0,MutNovel,"P581L,0.432"
X-3400,ADNP,23394.0,MutNovel,"S82F,0.706"
X-3400,ADPRHL1,113622.0,MutNovel,"S290N,0.472"
X-3400,AGAP7,653268.0,MutNovel,"R269Q,1.000"
X-3400,AHNAK,79026.0,MutNovel,"P13L,0.532"
X-3400,AHNAK2,113146.0,MutNovel,"P4042L,0.669"
X-3400,AHNAK2,113146.0,MutNovel,"A1650D,1.000"
X-3400,AHNAK2,113146.0,MutNovel,"E825D,0.250"
X-3400,AKAP1,8165.0,MutNovel,"F632Y,0.447"
X-3400,AKR1B1,231.0,MutNovel,"P24S,0.455"
X-3400,ALG8,79053.0,MutNovel,"P308L,0.455"
X-3400,ALMS1,7840.0,MutNovel,"E3453K,0.545"
X-3400,ALMS1,7840.0,MutNovel,"S3642F,0.571"
X-3400,AMELY,266.0,Del0.8,0.66
X-3400,ANAPC2,29882.0,MutNovel,"A35V,1.000"
X-3400,ANKRD27,84079.0,MutNovel,"A838V,0.375"
X-3400,ANKRD65,441869.0,MutNovel,"G387R,0.667"
X-3400,ANXA1,301.0,MutNovel,"L225F,1.000"
X-3400,ANXA6,309.0,MutNovel,"E521K,1.000"
X-3400,AP3D1,8943.0,MutNovel,"V705M,0.574"
X-3400,AP4E1,23431.0,MutNovel,"P717L,0.500"
X-3400,AP5B1,,MutNovel,"A877V,0.545"
X-3400,APCDD1L,164284.0,MutNovel,"A141T,0.333"
X-3400,ARFGEF2,10564.0,MutNovel,"H1502P,0.714"
X-3400,ARHGAP23,57636.0,MutNovel,"A391S,0.211"
X-3400,ARHGEF3,50650.0,MutNovel,"S126L,0.600"
X-3400,ARVCF,421.0,MutNovel,"R907K,0.333"
X-3400,ASAP1,50807.0,MutNovel,"H88Y,0.710"
X-3400,ASH1L,55870.0,MutNovel,"L2083F,0.786"
X-3400,ATG2B,55102.0,MutNovel,"H1060Y,1.000"
X-3400,ATG2B,55102.0,MutNovel,"S814L,1.000"
X-3400,ATG4C,84938.0,MutNovel,"P380S,0.667"
X-3400,ATP12A,479.0,MutNovel,"D73N,0.667"
X-3400,ATP13A2,23400.0,MutNovel,"G879D,0.400"
X-3400,ATP13A2,23400.0,MutNovel,"A738V,0.418"
X-3400,ATP13A2,23400.0,MutNovel,"P629L,0.444"
X-3400,ATP6V0A1,535.0,MutNovel,"S7I,0.333"
X-3400,ATP6V1B2,526.0,MutNovel,"A176V,0.333"
X-3400,ATXN2L,11273.0,MutNovel,"P753S,0.450"
X-3400,ATXN2L,11273.0,MutNovel,"P1011L,0.485"
X-3400,BAHCC1,57597.0,MutNovel,"A240T,0.312"
X-3400,BAHCC1,57597.0,MutNovel,"A267V,0.378"
X-3400,BAI1,575.0,MutNovel,"P1418L,0.500"
X-3400,BAP1,8314.0,MutNovel,"H169Y,0.591"
X-3400,BAZ2A,11176.0,MutKnownFunctional,"Q722*,0.750"
X-3400,BCL11B,64919.0,MutNovel,"S488F,0.409"
X-3400,BCORP1,286554.0,Del0.8,0.55
X-3400,BEGAIN,57596.0,MutNovel,"S544F,0.571"
X-3400,BPY2B,442867.0,Del0.8,0.55
X-3400,BPY2B,442867.0,Del0.8,0.55
X-3400,BRAT1,221927.0,MutNovel,"P384L,0.529"
X-3400,BRD4,23476.0,MutNovel,"P1084S,0.400"
X-3400,BRD7,29117.0,MutNovel,"P359S,0.333"
X-3400,BRPF3,27154.0,MutNovel,"P1100L,0.556"
X-3400,BSCL2,26580.0,MutNovel,"S144L,0.469"
X-3400,BTBD9,114781.0,MutNovel,"T413P,0.500"
X-3400,BTN2A2,10385.0,MutNovel,"P241S,1.000"
X-3400,BZRAP1,9256.0,MutNovel,"P1115L,0.625"
X-3400,C12orf51,283450.0,MutNovel,"P2858S,0.524"
X-3400,C15orf39,56905.0,MutNovel,"P346L,0.875"
X-3400,C16orf46,123775.0,MutNovel,"T292I,0.600"
X-3400,C16orf48,84080.0,MutNovel,"R55C,0.481"
X-3400,C16orf70,80262.0,MutNovel,"F131L,0.700"
X-3400,C5orf42,65250.0,MutNovel,"P2726S,1.000"
X-3400,C6orf170,221322.0,MutNovel,"P888S,0.636"
X-3400,CACNA1C,775.0,MutNovel,"G1153D,1.000"
X-3400,CAMKK1,84254.0,MutNovel,"R173C,1.000"
X-3400,CAP2,10486.0,MutNovel,"P232S,1.000"
X-3400,CAPZA1,829.0,MutNovel,"S95F,0.486"
X-3400,CASC3,22794.0,MutNovel,"P167S,0.419"
X-3400,CASZ1,54897.0,MutNovel,"P1738R,0.571"
X-3400,CASZ1,54897.0,MutNovel,"DDE1711E,0.500"
X-3400,CBX2,84733.0,MutNovel,"G249S,0.600"
X-3400,CC2D1A,54862.0,MutNovel,"P689T,0.500"
X-3400,CCDC130,81576.0,MutNovel,"S366F,0.439"
X-3400,CCDC57,284001.0,MutNovel,"V476M,1.000"
X-3400,CCDC74A,90557.0,MutNovel,"R149H,0.500"
X-3400,CCNB1IP1,57820.0,MutNovel,"E83V,0.333"
X-3400,CD8B,926.0,MutNovel,"R51C,0.875"
X-3400,CDAN1,146059.0,MutNovel,"P426L,0.444"
X-3400,CDC16,8881.0,MutNovel,"E4K,0.455"
X-3400,CDC42BPB,9578.0,MutNovel,"S840F,0.548"
X-3400,CDC42BPG,55561.0,MutNovel,"L1101F,0.467"
X-3400,CDH1,999.0,MutNovel,"S70F,0.511"
X-3400,CDH2,1000.0,MutNovel,"S705F,0.667"
X-3400,CDH22,64405.0,MutNovel,"S260F,0.645"
X-3400,CDK5RAP2,55755.0,MutNovel,"P1011T,1.000"
X-3400,CDKN2C,1031.0,MutNovel,"L146V,1.000"
X-3400,CDO1,1036.0,MutNovel,"G68R,1.000"
X-3400,CDY1B,253175.0,Del0.8,0.55
X-3400,CDY1B,253175.0,Del0.8,0.55
X-3400,CDY2A,9426.0,Del0.8,0.55
X-3400,CDY2A,9426.0,Del0.8,0.55
X-3400,CDY2B,203611.0,Del0.8,0.55
X-3400,CDY2B,203611.0,Del0.8,0.55
X-3400,CEBPD,1052.0,MutNovel,"D127H,0.400"
X-3400,CELSR2,1952.0,MutNovel,"V491M,0.486"
X-3400,CEP170,9859.0,MutNovel,"H1033Y,0.500"
X-3400,CEP85L,387119.0,MutNovel,"T166S,1.000"
X-3400,CHD3,1107.0,MutNovel,"-81P,0.603"
X-3400,CHPF2,54480.0,MutNovel,"R90L,0.404"
X-3400,CHST11,50515.0,MutNovel,"E284K,0.333"
X-3400,CHST3,9469.0,MutNovel,"P8L,0.571"
X-3400,CIC,23152.0,MutNovel,"P134S,0.457"
X-3400,CLASRP,11129.0,MutNovel,"S433F,0.524"
X-3400,CLK2,1196.0,MutNovel,"P400S,0.500"
X-3400,CLSTN3,9746.0,MutNovel,"G535S,0.545"
X-3400,CNKSR3,154043.0,MutNovel,"H213Y,0.375"
X-3400,CNOT4,4850.0,MutNovel,"P64L,0.400"
X-3400,CNPPD1,27013.0,MutNovel,"S274F,1.000"
X-3400,CNTNAP2,26047.0,MutNovel,"P1247S,1.000"
X-3400,COG4,25839.0,MutNovel,"L243F,0.769"
X-3400,COL14A1,7373.0,MutNovel,"S1512F,0.370"
X-3400,COL6A2,1292.0,MutNovel,"P577L,0.457"
X-3400,COL7A1,1294.0,MutNovel,"P2042S,0.600"
X-3400,COLQ,8292.0,MutNovel,"P203S,0.857"
X-3400,COMMD4,54939.0,MutNovel,"S88F,0.412"
X-3400,COQ6,51004.0,MutKnownFunctional,"Q4*,0.333"
X-3400,COQ9,57017.0,MutNovel,"R12Q,0.355"
X-3400,COX4I2,84701.0,MutNovel,"D163N,0.750"
X-3400,CPNE1,8904.0,MutNovel,"S278F,0.227"
X-3400,CRAMP1L,57585.0,MutNovel,"P62L,0.312"
X-3400,CRAMP1L,57585.0,MutNovel,"S165L,0.487"
X-3400,CRIP2,1397.0,MutNovel,"Q86H,0.609"
X-3400,CRIPAK,285464.0,MutNovel,"V164A,0.278"
X-3400,CRLF1,9244.0,MutNovel,"D265N,0.486"
X-3400,CRLF1,9244.0,MutNovel,"R119C,0.424"
X-3400,CRTAC1,55118.0,MutNovel,"E499K,0.571"
X-3400,CRTAC1,55118.0,MutNovel,"D184N,1.000"
X-3400,CRTAC1,55118.0,MutNovel,"G116R,1.000"
X-3400,CRTC2,200186.0,MutNovel,"A174V,0.294"
X-3400,CSMD1,64478.0,Del0.8,0.75
X-3400,CSPG4,1464.0,MutNovel,"A1999D,0.537"
X-3400,CSPG4P1Y,114758.0,Del0.8,0.55
X-3400,CSPG4P1Y,114758.0,Del0.8,0.55
X-3400,CSPP1,79848.0,MutNovel,"H668Y,0.400"
X-3400,CTNNBL1,56259.0,MutNovel,"P18L,0.653"
X-3400,CTSA,5476.0,MutNovel,"L29-,0.638"
X-3400,DAB2,1601.0,MutNovel,"K34N,1.000"
X-3400,DAP3,7818.0,MutNovel,"E375K,0.373"
X-3400,DAZ1,1617.0,Del0.8,0.55
X-3400,DAZ2,57055.0,Del0.8,0.55
X-3400,DAZ3,57054.0,Del0.8,0.55
X-3400,DAZ3,57054.0,Del0.8,0.55
X-3400,DAZ4,57135.0,Del0.8,0.55
X-3400,DAZ4,57135.0,Del0.8,0.55
X-3400,DAZAP1,26528.0,MutNovel,"P385S,0.670"
X-3400,DDB1,1642.0,MutNovel,"P206L,0.562"
X-3400,DDI2,84301.0,MutNovel,"P197L,1.000"
X-3400,DDX20,11218.0,MutNovel,"P435S,0.346"
X-3400,DDX3X,1654.0,MutNovel,"P297F,1.000"
X-3400,DDX3Y,8653.0,Del0.8,0.55
X-3400,DDX50,79009.0,MutNovel,"P330L,0.455"
X-3400,DEAF1,10522.0,MutNovel,"S422F,1.000"
X-3400,DHX38,9785.0,MutNovel,"S234F,0.320"
X-3400,DIDO1,11083.0,MutNovel,"T1642P,0.467"
X-3400,DIS3,22894.0,MutKnownFunctional,"Q442*,0.429"
X-3400,DLGAP1,9229.0,MutNovel,"E453K,0.714"
X-3400,DMWD,1762.0,MutNovel,"P405L,0.591"
X-3400,DNAJA2,10294.0,MutNovel,"D328N,0.318"
X-3400,DPP8,54878.0,MutNovel,"R824C,0.400"
X-3400,DPYSL5,56896.0,MutNovel,"G366E,0.875"
X-3400,DRD2,1813.0,MutNovel,"I377L,1.000"
X-3400,DUS2L,54920.0,MutNovel,"L25F,0.500"
X-3400,DUS4L,11062.0,MutNovel,"T256I,0.400"
X-3400,DVL3,1857.0,MutNovel,"P152L,0.388"
X-3400,DYRK1B,9149.0,MutNovel,"P604S,0.455"
X-3400,EBPL,84650.0,MutNovel,"T105I,0.467"
X-3400,EFHC2,80258.0,MutNovel,"P212L,1.000"
X-3400,EHD3,30845.0,MutNovel,"M86K,0.714"
X-3400,EIF1AY,9086.0,Del0.8,0.55
X-3400,EIF2AK1,27102.0,MutNovel,"R86C,0.478"
X-3400,EIF2AK3,9451.0,MutNovel,"G986E,0.429"
X-3400,EIF2B4,8890.0,MutNovel,"P107F,0.450"
X-3400,EIF4G1,1981.0,MutNovel,"S980F,0.514"
X-3400,ELMOD2,255520.0,MutNovel,"L177F,1.000"
X-3400,EP400,57634.0,MutNovel,"P223L,0.333"
X-3400,EPC1,80314.0,MutNovel,"R243Q,0.500"
X-3400,EPHB2,2048.0,MutNovel,"R164Q,1.000"
X-3400,EPHB4,2050.0,MutNovel,"D439N,0.444"
X-3400,EPHX1,2052.0,MutNovel,"S20F,0.520"
X-3400,ERBB2,2064.0,MutNovel,"P285L,0.514"
X-3400,ERC1,23085.0,MutNovel,"H32Y,0.667"
X-3400,ERCC6,2074.0,MutNovel,"F426I,0.750"
X-3400,ETV6,2120.0,MutNovel,"S203F,0.643"
X-3400,EWSR1,2130.0,MutNovel,"G148E,0.980"
X-3400,EXTL2,2135.0,MutNovel,"S195L,0.667"
X-3400,FAM109B,150368.0,MutNovel,"T39I,0.500"
X-3400,FAM134B,54463.0,MutNovel,"P17S,0.688"
X-3400,FAM160A2,84067.0,MutNovel,"R441C,1.000"
X-3400,FAM179B,23116.0,MutNovel,"P352S,0.529"
X-3400,FAM179B,23116.0,MutNovel,"S975F,0.500"
X-3400,FAM197Y2P,252946.0,Del0.8,0.19
X-3400,FAM217B,,MutNovel,"P246H,0.600"
X-3400,FAM21B,55747.0,MutNovel,"S200L,1.000"
X-3400,FAM40A,85369.0,MutNovel,"P397S,0.500"
X-3400,FAM41AY1,340618.0,Del0.8,0.55
X-3400,FAM41AY1,340618.0,Del0.8,0.55
X-3400,FAM59A,64762.0,MutNovel,"P597S,0.400"
X-3400,FAM69C,125704.0,MutNovel,"P112L,1.000"
X-3400,FAM76A,199870.0,MutNovel,"P219S,0.500"
X-3400,FAN1,22909.0,MutNovel,"A529V,0.600"
X-3400,FBLN2,2199.0,MutNovel,"P385L,0.750"
X-3400,FBN2,2201.0,MutNovel,"P1641L,0.437"
X-3400,FBN2,2201.0,MutNovel,"P718L,0.516"
X-3400,FBN3,84467.0,MutNovel,"C2420W,0.573"
X-3400,FBRSL1,57666.0,MutNovel,"A404V,0.461"
X-3400,FBXO18,84893.0,MutNovel,"A796V,0.688"
X-3400,FECH,2235.0,MutNovel,"P283L,0.429"
X-3400,FIBP,9158.0,MutNovel,"S337F,0.571"
X-3400,FLAD1,80308.0,MutNovel,"S141F,0.350"
X-3400,FLG,2312.0,MutNovel,"G3408E,0.833"
X-3400,FLJ22184,80164.0,MutNovel,"L655F,0.600"
X-3400,FOXO3,2309.0,MutNovel,"S505T,0.500"
X-3400,FOXRED2,80020.0,MutNovel,"P553L,0.667"
X-3400,FRAS1,80144.0,MutNovel,"S1271F,0.667"
X-3400,FREM1,158326.0,MutNovel,"L1043F,0.667"
X-3400,FSCN1,6624.0,MutNovel,"S105F,0.490"
X-3400,FSTL3,10272.0,MutNovel,"A150T,0.545"
X-3400,FUT3,2525.0,MutKnownFunctional,"W333*,0.333"
X-3400,FYB,2533.0,MutNovel,"S568I,0.667"
X-3400,GATS,352954.0,MutNovel,"T155I,0.444"
X-3400,GBA,2629.0,MutNovel,"P71S,0.500"
X-3400,GBF1,8729.0,MutNovel,"P203L,0.697"
X-3400,GCN1L1,10985.0,MutNovel,"I366T,0.545"
X-3400,GGT7,2686.0,MutNovel,"G120D,0.412"
X-3400,GLCCI1,113263.0,MutNovel,"L442F,0.833"
X-3400,GLTSCR1,29998.0,MutNovel,"G268C,1.000"
X-3400,GMEB2,26205.0,MutNovel,"S379F,0.318"
X-3400,GMIP,51291.0,MutNovel,"P357S,0.455"
X-3400,GOLGA2P2Y,84559.0,Del0.8,0.55
X-3400,GOLGA2P2Y,84559.0,Del0.8,0.55
X-3400,GOLGA6L9,440295.0,MutNovel,"K254R,1.000"
X-3400,GON4L,54856.0,MutNovel,"S63F,0.818"
X-3400,GPAT2,150763.0,MutNovel,"R49C,1.000"
X-3400,GRAMD4,23151.0,MutNovel,"R46W,0.727"
X-3400,GRAMD4,23151.0,MutNovel,"L528F,0.538"
X-3400,GRHL2,79977.0,MutNovel,"R537Q,0.500"
X-3400,GRIP1,23426.0,MutNovel,"P515S,0.455"
X-3400,GSPT2,23708.0,MutKnownFunctional,"Q260*,1.000"
X-3400,GSS,2937.0,MutNovel,"E87K,0.800"
X-3400,GSTM3,2947.0,MutNovel,"T158I,0.733"
X-3400,GTF2B,2959.0,MutNovel,"S99F,0.636"
X-3400,GTPBP3,84705.0,MutNovel,"H166Y,0.500"
X-3400,GYG2P1,352887.0,Del0.8,0.55
X-3400,H2AFY2,55506.0,MutNovel,"M210I,0.312"
X-3400,HDLBP,3069.0,MutNovel,"R1162C,0.405"
X-3400,HELZ,9931.0,MutKnownFunctional,"R847*,0.300"
X-3400,HERC2,8924.0,MutNovel,"P1888S,0.400"
X-3400,HGS,9146.0,MutNovel,"R478C,0.323"
X-3400,HHIP,64399.0,MutNovel,"E246K,1.000"
X-3400,HIC1,3090.0,MutNovel,"E430K,1.000"
X-3400,HIF3A,64344.0,MutNovel,"D373N,0.333"
X-3400,HMCN1,83872.0,MutNovel,"P820S,0.400"
X-3400,HMGB3,3149.0,MutNovel,"R73W,1.000"
X-3400,HMGXB4,10042.0,MutNovel,"S169L,0.429"
X-3400,HNRNPH2,3188.0,MutNovel,"E50K,1.000"
X-3400,HNRPDL,9987.0,MutKnownFunctional,"-337?,0.398"
X-3400,HPGD,3248.0,MutNovel,"E192V,1.000"
X-3400,HPS4,89781.0,MutNovel,"T601I,0.400"
X-3400,HSFY2,159119.0,Del0.8,0.55
X-3400,HSFY2,159119.0,Del0.8,0.55
X-3400,HSPG2,3339.0,MutNovel,"P1596S,0.714"
X-3400,HYDIN,54768.0,MutNovel,"R1951Q,1.000"
X-3400,IDS,3423.0,MutKnownFunctional,"K347*,1.000"
X-3400,IFNGR1,3459.0,MutNovel,"P163S,1.000"
X-3400,IFT140,9742.0,MutNovel,"P648L,0.500"
X-3400,IFT52,51098.0,MutNovel,"P340S,0.286"
X-3400,IGF1R,3480.0,MutNovel,"E1219K,0.250"
X-3400,IGFBP6,3489.0,MutNovel,"S232F,1.000"
X-3400,IL6ST,3572.0,MutNovel,"P543S,0.667"
X-3400,INPP5D,3635.0,MutNovel,"R799Q,0.267"
X-3400,INTS1,26173.0,MutNovel,"R2056W,0.455"
X-3400,IPO5,3843.0,MutNovel,"P1074L,0.387"
X-3400,IPP,3652.0,MutNovel,"S73F,1.000"
X-3400,IREB2,3658.0,MutNovel,"L13F,0.438"
X-3400,ITGB3,3690.0,MutNovel,"S37R,0.600"
X-3400,ITPK1,3705.0,MutNovel,"P257R,0.505"
X-3400,KANK1,23189.0,MutNovel,"I999N,0.727"
X-3400,KCNC3,3748.0,MutNovel,"V419I,0.833"
X-3400,KCNC4,3749.0,MutNovel,"S221F,1.000"
X-3400,KCND3,3752.0,MutNovel,"E142K,0.750"
X-3400,KDM3B,51780.0,MutNovel,"P104L,0.417"
X-3400,KDM4B,23030.0,MutNovel,"P494S,0.534"
X-3400,KDM5D,8284.0,Del0.8,0.55
X-3400,KIAA0100,9703.0,MutNovel,"H1137Y,0.227"
X-3400,KIAA0125,9834.0,Amp5,5.62
X-3400,KIAA0284,283638.0,MutNovel,"R1260C,0.277"
X-3400,KIAA1432,57589.0,MutNovel,"Y1058C,0.444"
X-3400,KIAA1919,91749.0,MutNovel,"L109F,0.714"
X-3400,KIAA2013,90231.0,MutNovel,"S419F,0.412"
X-3400,KIF13A,63971.0,MutKnownFunctional,"R305*,1.000"
X-3400,KIF1A,547.0,MutKnownFunctional,"DQ1732D*,0.714"
X-3400,KIF21B,23046.0,MutNovel,"G1514R,0.667"
X-3400,KIF26A,26153.0,MutNovel,"P1211S,0.490"
X-3400,KLHDC8B,200942.0,MutNovel,"P114S,0.500"
X-3400,KLHL22,84861.0,MutNovel,"P289S,0.615"
X-3400,KPNA6,23633.0,MutNovel,"P123L,0.364"
X-3400,KREMEN1,83999.0,MutNovel,"P95S,1.000"
X-3400,KRI1,65095.0,MutNovel,"E243K,0.389"
X-3400,KRT13,3860.0,MutNovel,"D131E,0.500"
X-3400,KRT13,3860.0,MutNovel,"I106V,0.429"
X-3400,KRT75,9119.0,MutNovel,"I440T,1.000"
X-3400,L3MBTL3,84456.0,MutNovel,"P472S,1.000"
X-3400,LAMB2,3913.0,MutNovel,"G420S,0.727"
X-3400,LAMC1,3915.0,MutNovel,"P749L,0.453"
X-3400,LARP4,113251.0,MutKnownFunctional,"FR679F*,1.000"
X-3400,LBR,3930.0,MutNovel,"P119L,0.636"
X-3400,LCE3C,353144.0,Del0.8,0.7
X-3400,LCK,3932.0,MutNovel,"R438C,0.656"
X-3400,LDHB,3945.0,MutNovel,"P183L,0.436"
X-3400,LDLR,3949.0,MutNovel,"E435K,0.667"
X-3400,LEMD3,23592.0,MutNovel,"P28L,0.675"
X-3400,LEMD3,23592.0,MutNovel,"E509K,0.500"
X-3400,LIMK1,3984.0,MutNovel,"P336L,0.750"
X-3400,LLGL2,3993.0,MutNovel,"P258L,0.429"
X-3400,LMBR1,64327.0,MutNovel,"T241I,0.333"
X-3400,LMO7,4008.0,MutNovel,"P558S,0.417"
X-3400,LNPEP,4012.0,MutNovel,"S523F,1.000"
X-3400,LOC100288524,100288524.0,MutNovel,"G112S,1.000"
X-3400,LOC100288524,100288524.0,MutNovel,"P181L,0.500"
X-3400,LOC100288524,100288524.0,MutNovel,"N225K,1.000"
X-3400,LOC100506504,,MutNovel,"G164R,1.000"
X-3400,LOC100996573,,MutNovel,"P97T,0.600"
X-3400,LOC643201,643201.0,Del0.8,0.46
X-3400,LRCH4,4034.0,MutNovel,"S183F,0.385"
X-3400,LRIG1,26018.0,MutNovel,"V938M,0.544"
X-3400,LRP4,4038.0,MutNovel,"R494C,0.667"
X-3400,LRRC16B,90668.0,MutNovel,"D1196N,1.000"
X-3400,LSR,51599.0,MutNovel,"G518GR,0.458"
X-3400,LTA4H,4048.0,MutNovel,"S353L,0.561"
X-3400,LTBP4,8425.0,MutNovel,"P1496L,0.432"
X-3400,LY6G6F,259215.0,MutNovel,"G244S,1.000"
X-3400,MACF1,23499.0,MutKnownFunctional,"Q4194*,0.357"
X-3400,MAD2L1BP,9587.0,MutNovel,"V8I,0.538"
X-3400,MADD,8567.0,MutNovel,"S106F,0.375"
X-3400,MAGEA6,4105.0,MutNovel,"D187N,1.000"
X-3400,MAGOHB,55110.0,MutNovel,"R29W,0.400"
X-3400,MAMLD1,10046.0,MutNovel,"P908S,1.000"
X-3400,MAP2K3,5606.0,MutNovel,"P162L,1.000"
X-3400,MAP3K14,9020.0,MutKnownFunctional,"-218?,0.412"
X-3400,MAP3K7,6885.0,MutNovel,"P480L,0.591"
X-3400,MAP4K3,8491.0,MutNovel,"P312L,0.375"
X-3400,MAP7D2,256714.0,MutNovel,"E558K,1.000"
X-3400,MAST1,22983.0,MutNovel,"E307K,0.786"
X-3400,MAST2,23139.0,MutNovel,"I1662T,0.556"
X-3400,MATN2,4147.0,MutNovel,"G735R,0.571"
X-3400,MBTPS1,8720.0,MutNovel,"R134C,0.607"
X-3400,MCC,4163.0,MutNovel,"G21GA,0.500"
X-3400,MCM2,4171.0,MutNovel,"R133C,0.417"
X-3400,MDH1B,130752.0,MutNovel,"S380N,0.500"
X-3400,MECR,51102.0,MutNovel,"L97F,0.500"
X-3400,MED18,54797.0,MutNovel,"L52F,1.000"
X-3400,MIA3,375056.0,MutNovel,"S506F,0.556"
X-3400,MICAL3,57553.0,MutNovel,"P1259L,0.533"
X-3400,MICU1,10367.0,MutNovel,"L92F,0.407"
X-3400,MIER2,54531.0,MutNovel,"A263V,0.375"
X-3400,MLL2,8085.0,MutNovel,"S3538F,1.000"
X-3400,MLL2,8085.0,MutNovel,"S1040F,0.714"
X-3400,MLL4,9757.0,MutNovel,"E2347D,0.548"
X-3400,MLLT1,4298.0,MutNovel,"E219K,0.636"
X-3400,MMP17,4326.0,MutNovel,"P466L,0.458"
X-3400,MMP2,4313.0,MutNovel,"A228V,0.486"
X-3400,MOSPD3,64598.0,MutNovel,"P103S,0.650"
X-3400,MPDZ,8777.0,MutNovel,"L1457F,0.643"
X-3400,MPRIP,23164.0,MutNovel,"TS178T,0.658"
X-3400,MRPS28,28957.0,MutNovel,"T7I,0.750"
X-3400,MSANTD4,,MutNovel,"S196Y,0.455"
X-3400,MTCH2,23788.0,MutNovel,"S116F,0.308"
X-3400,MTHFD1,4522.0,MutNovel,"H201Y,0.581"
X-3400,MTOR,2475.0,MutNovel,"N999I,0.615"
X-3400,MUT,4594.0,MutNovel,"P97F,0.714"
X-3400,MYH9,4627.0,MutNovel,"P392S,0.448"
X-3400,MYO19,80179.0,MutNovel,"Q470H,0.595"
X-3400,MYO5A,4644.0,MutKnownFunctional,"R1015*,0.300"
X-3400,NACAD,23148.0,MutKnownFunctional,"W251*,0.500"
X-3400,NARFL,64428.0,MutNovel,"R475Q,0.400"
X-3400,NBAS,51594.0,MutKnownFunctional,"R57*,0.300"
X-3400,NCAPD2,9918.0,MutNovel,"H158Y,0.484"
X-3400,NCAPG2,54892.0,MutNovel,"F479V,0.375"
X-3400,NCAPH,23397.0,MutNovel,"A235T,0.500"
X-3400,NCKAP5,344148.0,MutNovel,"P1102L,0.500"
X-3400,NCOA3,8202.0,MutNovel,"Q1255-,0.217"
X-3400,NCOA6,23054.0,MutNovel,"I2051T,0.333"
X-3400,NCOR2,9612.0,MutNovel,"P2478L,0.434"
X-3400,NCOR2,9612.0,MutNovel,"G1839GAAA,0.509"
X-3400,NCRNA00185,55410.0,Del0.8,0.55
X-3400,NDUFV1,4723.0,MutNovel,"S56F,0.400"
X-3400,NEIL2,252969.0,MutNovel,"P163L,0.600"
X-3400,NEK11,79858.0,MutNovel,"T15S,0.667"
X-3400,NEK4,6787.0,MutNovel,"P446L,0.455"
X-3400,NEU3,10825.0,MutNovel,"P45L,0.643"
X-3400,NFX1,4799.0,MutNovel,"E850V,0.857"
X-3400,NHSL1,57224.0,MutNovel,"G1572K,0.700"
X-3400,NISCH,11188.0,MutNovel,"P1087S,0.500"
X-3400,NLE1,54475.0,MutNovel,"P308S,0.571"
X-3400,NLGN4Y,22829.0,Del0.8,0.55
X-3400,NOC2L,26155.0,MutNovel,"S112F,0.816"
X-3400,NOMO1,23420.0,MutNovel,"P485S,0.250"
X-3400,NOMO1,23420.0,MutNovel,"R903C,0.515"
X-3400,NONO,4841.0,MutNovel,"P451S,0.991"
X-3400,NOTCH3,4854.0,MutNovel,"P694S,0.481"
X-3400,NPDC1,56654.0,MutNovel,"P117S,1.000"
X-3400,NRP2,8828.0,MutNovel,"G779E,0.279"
X-3400,NSD1,64324.0,MutNovel,"P2543S,1.000"
X-3400,NSMAF,8439.0,MutNovel,"N343S,0.667"
X-3400,NSUN5,55695.0,MutNovel,"P192L,0.389"
X-3400,NUP210,23225.0,MutNovel,"W1212M,1.000"
X-3400,OGDH,4967.0,MutNovel,"T449I,0.551"
X-3400,OPRL1,4987.0,MutNovel,"D110N,0.714"
X-3400,OR4F5,79501.0,Del0.8,0.75
X-3400,OR52N5,390075.0,Del0.8,0.46
X-3400,ORC5,5001.0,MutNovel,"P239L,0.400"
X-3400,OTUD7B,56957.0,MutNovel,"KK552K,0.400"
X-3400,PACS2,23241.0,MutNovel,"S595F,0.595"
X-3400,PACSIN3,29763.0,MutNovel,"P345S,0.647"
X-3400,PAPOLA,10914.0,MutNovel,"S617F,0.417"
X-3400,PAPSS2,9060.0,MutNovel,"S15F,0.667"
X-3400,PARP4,143.0,MutNovel,"H1716L,0.614"
X-3400,PARP4,143.0,MutNovel,"P1684L,0.333"
X-3400,PARP4,143.0,MutNovel,"P1049S,0.493"
X-3400,PASK,23178.0,MutNovel,"S338F,0.385"
X-3400,PATZ1,23598.0,MutNovel,"S249F,1.000"
X-3400,PBXIP1,57326.0,MutNovel,"S7F,0.450"
X-3400,PCDH11Y,83259.0,Del0.8,0.66
X-3400,PCDHB10,56126.0,MutNovel,"I370N,1.000"
X-3400,PCDHB9,56127.0,MutNovel,"R525K,1.000"
X-3400,PCID2,55795.0,MutNovel,"P447S,0.542"
X-3400,PCNXL2,80003.0,MutNovel,"D2121N,0.350"
X-3400,PDCD11,22984.0,MutNovel,"L704F,0.412"
X-3400,PDCD2,5134.0,MutNovel,"F13I,0.297"
X-3400,PDLIM2,64236.0,MutNovel,"S491F,0.306"
X-3400,PDS5A,23244.0,MutNovel,"R1203K,0.636"
X-3400,PDXDC1,23042.0,MutNovel,"S387F,0.242"
X-3400,PELP1,27043.0,MutNovel,"P478S,1.000"
X-3400,PFKM,5213.0,MutNovel,"S778L,0.513"
X-3400,PGBD5,79605.0,MutNovel,"H181Y,0.353"
X-3400,PHF10,55274.0,MutNovel,"R113Q,0.308"
X-3400,PHF16,9767.0,MutNovel,"S592L,1.000"
X-3400,PHLDA1,22822.0,MutNovel,"QQ194Q,0.561"
X-3400,PIGC,5279.0,MutNovel,"S262L,0.382"
X-3400,PIGO,84720.0,MutNovel,"R689H,0.333"
X-3400,PIP5K1C,23396.0,MutNovel,"S534F,0.562"
X-3400,PLCD1,5333.0,MutNovel,"L720F,0.273"
X-3400,PLEKHA4,57664.0,MutNovel,"P614S,0.509"
X-3400,PLEKHG2,64857.0,MutNovel,"S1254L,0.636"
X-3400,PLEKHM2,23207.0,MutNovel,"T262I,0.495"
X-3400,PLEKHO1,51177.0,MutNovel,"R208W,0.390"
X-3400,PLIN3,10226.0,MutNovel,"S83F,0.517"
X-3400,PLOD3,8985.0,MutKnownFunctional,"R82*,0.231"
X-3400,PNKD,25953.0,MutNovel,"E159V,0.571"
X-3400,POM121C,100101267.0,MutNovel,"A721V,0.500"
X-3400,PPIP5K1,9677.0,MutNovel,"R323C,0.667"
X-3400,PPP2R1A,5518.0,MutNovel,"S175L,0.368"
X-3400,PRB2,653247.0,MutNovel,"P336S,0.292"
X-3400,PRDM15,63977.0,MutNovel,"K639E,0.556"
X-3400,PRKCI,5584.0,MutNovel,"D396E,0.455"
X-3400,PRKD2,25865.0,MutNovel,"S533F,0.444"
X-3400,PRKRA,8575.0,MutNovel,"R141K,0.333"
X-3400,PRKY,5616.0,Del0.8,0.66
X-3400,PRR12,57479.0,MutNovel,"P1465L,0.270"
X-3400,PRR14L,253143.0,MutNovel,"V1333A,0.500"
X-3400,PRY,9081.0,Del0.8,0.55
X-3400,PRY,9081.0,Del0.8,0.55
X-3400,PRY2,442862.0,Del0.8,0.55
X-3400,PRY2,442862.0,Del0.8,0.55
X-3400,PSME3,10197.0,MutNovel,"S169F,0.591"
X-3400,PSTPIP1,9051.0,MutNovel,"E251K,0.667"
X-3400,PTCH1,5727.0,MutKnownFunctional,"Q576*,1.000"
X-3400,PTGFRN,5738.0,MutNovel,"P599L,0.455"
X-3400,PTPN11,5781.0,MutNovel,"P101S,0.552"
X-3400,PTPN13,5783.0,MutNovel,"P44S,0.273"
X-3400,PTPRU,10076.0,MutNovel,"M827I,0.582"
X-3400,PTPRU,10076.0,MutNovel,"P1287S,0.704"
X-3400,PTPRU,10076.0,MutNovel,"R1446K,0.528"
X-3400,PUM1,9698.0,MutNovel,"P1006S,0.500"
X-3400,PVRL2,5819.0,MutKnownFunctional,"R453*,0.556"
X-3400,PWWP2B,170394.0,MutNovel,"R234K,0.625"
X-3400,PYCR2,29920.0,MutNovel,"K57R,0.472"
X-3400,QRICH2,84074.0,MutNovel,"S1395L,0.667"
X-3400,RAB3GAP2,25782.0,MutNovel,"S654F,1.000"
X-3400,RANBP2,5903.0,MutNovel,"P701S,0.500"
X-3400,RANGAP1,5905.0,MutNovel,"L357F,0.429"
X-3400,RAP1GAP,5909.0,MutNovel,"Y609C,1.000"
X-3400,RAPGEF1,2889.0,MutNovel,"S982L,0.857"
X-3400,RAPGEF6,51735.0,MutKnownFunctional,"FQ1384F*,0.667"
X-3400,RARS2,57038.0,MutNovel,"R254W,0.733"
X-3400,RBBP5,5929.0,MutNovel,"P415F,0.389"
X-3400,RBCK1,10616.0,MutNovel,"G292S,0.591"
X-3400,RBMY1A3P,286557.0,Del0.8,0.66
X-3400,RBMY1B,378948.0,Del0.8,0.55
X-3400,RBMY1B,378948.0,Del0.8,0.55
X-3400,RBMY1E,378950.0,Del0.8,0.55
X-3400,RBMY1E,378950.0,Del0.8,0.55
X-3400,RBMY1F,159163.0,Del0.8,0.55
X-3400,RBMY1F,159163.0,Del0.8,0.55
X-3400,RBMY1J,378951.0,Del0.8,0.55
X-3400,RBMY1J,378951.0,Del0.8,0.55
X-3400,RBMY2EP,159125.0,Del0.8,0.55
X-3400,RBMY2FP,159162.0,Del0.8,0.55
X-3400,RBMY3AP,64593.0,Del0.8,0.55
X-3400,RCE1,9986.0,MutNovel,"P312L,0.680"
X-3400,RDBP,7936.0,MutNovel,"S251L,0.986"
X-3400,RELB,5971.0,MutNovel,"P110S,0.300"
X-3400,RGS12,6002.0,MutNovel,"G453K,0.364"
X-3400,RICTOR,253260.0,MutNovel,"V99M,0.227"
X-3400,RINT1,60561.0,MutNovel,"P100S,0.429"
X-3400,RIOK3,8780.0,MutNovel,"P345L,0.412"
X-3400,RLIM,51132.0,MutNovel,"P527L,1.000"
X-3400,RNF169,254225.0,MutNovel,"P75S,0.500"
X-3400,RNF181,51255.0,MutNovel,"L147F,0.436"
X-3400,RNF31,55072.0,MutNovel,"S30F,0.312"
X-3400,RPN1,6184.0,MutNovel,"P386S,0.560"
X-3400,RPS4Y1,6192.0,Del0.8,0.66
X-3400,RPS4Y2,140032.0,Del0.8,0.55
X-3400,RPS6KC1,26750.0,MutNovel,"S626L,0.714"
X-3400,RPTOR,57521.0,MutNovel,"K986E,0.615"
X-3400,RRN3,54700.0,MutNovel,"R632Q,0.222"
X-3400,RRP9,9136.0,MutNovel,"G408S,0.320"
X-3400,RUNX1T1,862.0,MutNovel,"S163F,0.375"
X-3400,RUVBL1,8607.0,MutNovel,"S258F,0.425"
X-3400,RXRA,6256.0,MutNovel,"E251K,1.000"
X-3400,SAMD8,142891.0,MutNovel,"S116F,0.700"
X-3400,SAMHD1,25939.0,MutNovel,"D415N,0.500"
X-3400,SAP25,100316904.0,MutNovel,"M106I,0.545"
X-3400,SARM1,23098.0,MutKnownFunctional,"Q410*,0.500"
X-3400,SBSPON,,MutNovel,"E171K,1.000"
X-3400,SCAF1,58506.0,MutNovel,"P412L,0.299"
X-3400,SCAMP4,113178.0,MutNovel,"P229F,0.531"
X-3400,SCARB1,949.0,MutNovel,"R465W,0.429"
X-3400,SCFD2,152579.0,MutNovel,"S241F,0.500"
X-3400,SCUBE3,222663.0,MutNovel,"G377S,1.000"
X-3400,SDK2,54549.0,MutNovel,"E1241K,1.000"
X-3400,SEMA4C,54910.0,MutNovel,"P805S,0.484"
X-3400,SERINC2,347735.0,MutNovel,"-373Q,0.304"
X-3400,SETD1A,9739.0,MutNovel,"T410I,0.571"
X-3400,SGPL1,8879.0,MutNovel,"S202L,0.483"
X-3400,SGSM3,27352.0,MutNovel,"D496E,0.545"
X-3400,SHANK1,50944.0,MutNovel,"P1200S,1.000"
X-3400,SHANK2,22941.0,MutNovel,"R477C,0.667"
X-3400,SHANK3,85358.0,MutNovel,"A1676T,1.000"
X-3400,SHB,6461.0,MutNovel,"P474S,0.480"
X-3400,SHISA4,149345.0,MutNovel,"P167F,0.321"
X-3400,SHKBP1,92799.0,MutNovel,"G501S,0.605"
X-3400,SIN3A,25942.0,MutNovel,"P285L,0.727"
X-3400,SIPA1L2,57568.0,MutNovel,"G1134R,0.333"
X-3400,SIRPB1,10326.0,Amp5,5.54
X-3400,SLC20A2,6575.0,MutNovel,"A36V,0.250"
X-3400,SLC25A24,29957.0,MutNovel,"F305L,0.300"
X-3400,SLC36A1,206358.0,MutNovel,"E356K,1.000"
X-3400,SLC36A4,120103.0,MutNovel,"F491S,0.455"
X-3400,SLC9A5,6553.0,MutNovel,"G409E,0.571"
X-3400,SLX4,84464.0,MutNovel,"E155K,0.714"
X-3400,SMARCC1,6599.0,MutNovel,"P1050L,0.496"
X-3400,SMG7,9887.0,MutNovel,"P1021L,0.286"
X-3400,SNAPC4,6621.0,MutNovel,"S542-,0.700"
X-3400,SNTB2,6645.0,MutNovel,"S530L,0.750"
X-3400,SNX1,6642.0,MutNovel,"P118S,0.500"
X-3400,SNX1,6642.0,MutNovel,"S202F,0.696"
X-3400,SNX1,6642.0,MutNovel,"P516S,0.348"
X-3400,SNX7,51375.0,MutNovel,"L435F,0.571"
X-3400,SOX12,6666.0,MutNovel,"-212AA,0.242"
X-3400,SPRED2,200734.0,MutNovel,"N218H,0.500"
X-3400,SRA1,10011.0,MutNovel,"V110L,1.000"
X-3400,SRCAP,10847.0,MutNovel,"P1832S,0.433"
X-3400,SRD5A2,6716.0,MutKnownFunctional,"-30?,0.929"
X-3400,SRPR,6734.0,MutNovel,"P237S,0.976"
X-3400,SRRM1,10250.0,MutNovel,"S605F,0.296"
X-3400,SRY,6736.0,Del0.8,0.66
X-3400,ST3GAL2,6483.0,MutNovel,"H147Y,0.750"
X-3400,STAMBP,10617.0,MutNovel,"S389F,0.750"
X-3400,STAT6,6778.0,MutNovel,"S256L,1.000"
X-3400,SULF2,55959.0,MutNovel,"E543K,0.804"
X-3400,SUMF1,285362.0,MutNovel,"P106S,0.667"
X-3400,SUZ12,23512.0,MutNovel,"V71M,0.561"
X-3400,SUZ12,23512.0,MutNovel,"P503L,0.500"
X-3400,SYVN1,84447.0,MutNovel,"P458T,0.667"
X-3400,TAF4,6874.0,MutNovel,"T360I,0.292"
X-3400,TAF7,6879.0,MutNovel,"R180W,0.375"
X-3400,TANC1,85461.0,MutNovel,"P1030L,0.474"
X-3400,TANC2,26115.0,MutNovel,"D1030N,0.667"
X-3400,TARS,6897.0,MutNovel,"S629L,0.464"
X-3400,TBC1D1,23216.0,MutNovel,"P601S,0.333"
X-3400,TBC1D17,79735.0,MutNovel,"P582S,0.667"
X-3400,TBL1Y,90665.0,Del0.8,0.66
X-3400,TBL3,10607.0,MutNovel,"P799S,0.571"
X-3400,TC2N,123036.0,MutNovel,"S235F,0.267"
X-3400,TC2N,123036.0,MutNovel,"D159N,0.667"
X-3400,TCERG1,10915.0,MutNovel,"S788L,1.000"
X-3400,TCF20,6942.0,MutNovel,"S1310F,0.483"
X-3400,TCF4,6925.0,MutNovel,"G165R,0.300"
X-3400,TENC1,23371.0,MutNovel,"H1114R,1.000"
X-3400,TGIF2LY,90655.0,Del0.8,0.66
X-3400,THAP2,83591.0,MutNovel,"R37C,1.000"
X-3400,TIMM23,100287932.0,MutNovel,"R72K,0.667"
X-3400,TIMM23B,,MutNovel,"R72K,1.000"
X-3400,TINAGL1,64129.0,MutNovel,"M310I,0.750"
X-3400,TJP1,7082.0,MutNovel,"P1659S,0.500"
X-3400,TJP1,7082.0,MutNovel,"P1085S,0.400"
X-3400,TMEM11,8834.0,MutNovel,"P156S,1.000"
X-3400,TMEM126B,55863.0,MutNovel,"K163-,0.429"
X-3400,TMEM198,130612.0,MutNovel,"S314F,0.500"
X-3400,TMEM200A,114801.0,MutNovel,"R114C,0.700"
X-3400,TMEM51,55092.0,MutNovel,"L24F,0.706"
X-3400,TMPO,7112.0,MutKnownFunctional,"-366,0.636"
X-3400,TMSB4Y,9087.0,Del0.8,0.55
X-3400,TMTC3,160418.0,MutNovel,"S870F,1.000"
X-3400,TNS3,64759.0,MutNovel,"P437S,0.468"
X-3400,TNXB,7148.0,MutNovel,"P2118L,1.000"
X-3400,TOPBP1,11073.0,MutNovel,"S1504L,0.333"
X-3400,TOX2,84969.0,MutNovel,"S251L,0.400"
X-3400,TP53,7157.0,MutLikelyFunctional,"S241F,1.000"
X-3400,TPGS2,25941.0,MutNovel,"W221L,0.667"
X-3400,TRAF3,7187.0,MutNovel,"P487S,0.600"
X-3400,TRIM33,51592.0,MutNovel,"P922S,0.446"
X-3400,TRIM37,4591.0,MutNovel,"P265S,0.714"
X-3400,TRIO,7204.0,MutNovel,"R2660W,0.389"
X-3400,TRIP11,9321.0,MutKnownFunctional,"Q1250*,0.667"
X-3400,TSPAN17,26262.0,MutKnownFunctional,"R122*,0.875"
X-3400,TSPY1,7258.0,Del0.8,0.19
X-3400,TSPY2,64591.0,Del0.8,0.66
X-3400,TSPY3,728137.0,Del0.8,0.19
X-3400,TSPY4,728395.0,Del0.8,0.19
X-3400,TSPY8,728403.0,Del0.8,0.19
X-3400,TSPYL1,7259.0,MutNovel,"V176VW,0.828"
X-3400,TTC13,79573.0,MutNovel,"S843L,0.500"
X-3400,TTI1,9675.0,MutNovel,"L799F,0.333"
X-3400,TTLL5,23093.0,MutNovel,"H27Y,0.625"
X-3400,TTTY10,246119.0,Del0.8,0.55
X-3400,TTTY11,83866.0,Del0.8,0.66
X-3400,TTTY12,83867.0,Del0.8,0.66
X-3400,TTTY13,83868.0,Del0.8,0.55
X-3400,TTTY14,83869.0,Del0.8,0.55
X-3400,TTTY15,64595.0,Del0.8,0.55
X-3400,TTTY16,252948.0,Del0.8,0.66
X-3400,TTTY17A,252949.0,Del0.8,0.55
X-3400,TTTY17A,252949.0,Del0.8,0.55
X-3400,TTTY18,252950.0,Del0.8,0.66
X-3400,TTTY19,252952.0,Del0.8,0.66
X-3400,TTTY1B,100101116.0,Del0.8,0.66
X-3400,TTTY1B,100101116.0,Del0.8,0.55
X-3400,TTTY2,60439.0,Del0.8,0.55
X-3400,TTTY2,60439.0,Del0.8,0.66
X-3400,TTTY20,252951.0,Del0.8,0.35
X-3400,TTTY21,252953.0,Del0.8,0.66
X-3400,TTTY21,252953.0,Del0.8,0.55
X-3400,TTTY22,252954.0,Del0.8,0.55
X-3400,TTTY23,252955.0,Del0.8,0.55
X-3400,TTTY23,252955.0,Del0.8,0.66
X-3400,TTTY3,114760.0,Del0.8,0.55
X-3400,TTTY3,114760.0,Del0.8,0.55
X-3400,TTTY4,114761.0,Del0.8,0.55
X-3400,TTTY4,114761.0,Del0.8,0.55
X-3400,TTTY5,83863.0,Del0.8,0.55
X-3400,TTTY6,84672.0,Del0.8,0.55
X-3400,TTTY6,84672.0,Del0.8,0.55
X-3400,TTTY7,246122.0,Del0.8,0.66
X-3400,TTTY7,246122.0,Del0.8,0.55
X-3400,TTTY7B,100101120.0,Del0.8,0.66
X-3400,TTTY7B,100101120.0,Del0.8,0.55
X-3400,TTTY8,84673.0,Del0.8,0.55
X-3400,TTTY8,84673.0,Del0.8,0.66
X-3400,TTTY9A,83864.0,Del0.8,0.55
X-3400,TTTY9A,83864.0,Del0.8,0.55
X-3400,TUT1,64852.0,MutNovel,"N592Y,0.529"
X-3400,TXLNG2P,246126.0,Del0.8,0.55
X-3400,TXNRD2,10587.0,MutNovel,"V399A,0.692"
X-3400,TYRO3,7301.0,MutNovel,"P597S,0.545"
X-3400,U2AF1L4,199746.0,MutNovel,"A143V,0.500"
X-3400,UBA6,55236.0,MutNovel,"S648F,0.545"
X-3400,UBAC2,337867.0,MutNovel,"S177F,0.400"
X-3400,UBE2O,63893.0,MutNovel,"P575L,0.500"
X-3400,UBE2O,63893.0,MutNovel,"T488A,0.407"
X-3400,UBE2O,63893.0,MutNovel,"P442L,0.559"
X-3400,UBE4B,10277.0,MutNovel,"E146K,0.750"
X-3400,UBR2,23304.0,MutNovel,"P1152L,0.692"
X-3400,UBR4,23352.0,MutNovel,"P3725S,0.444"
X-3400,UBTD1,80019.0,MutNovel,"S194F,0.667"
X-3400,UGGT1,56886.0,MutNovel,"P1496S,0.583"
X-3400,UGT3A1,133688.0,MutNovel,"G467R,1.000"
X-3400,UGT3A2,167127.0,MutNovel,"P353S,0.571"
X-3400,UHRF1BP1L,23074.0,MutNovel,"R1237C,0.333"
X-3400,ULBP3,79465.0,MutNovel,"L16F,0.500"
X-3400,URB2,9816.0,MutNovel,"A981V,0.300"
X-3400,USP21,27005.0,MutNovel,"G208S,0.538"
X-3400,USP24,23358.0,MutNovel,"L1106F,0.600"
X-3400,USP36,57602.0,MutNovel,"KKK958K,0.667"
X-3400,USP38,84640.0,MutNovel,"E992K,1.000"
X-3400,USP9Y,8287.0,Del0.8,0.55
X-3400,UTY,7404.0,Del0.8,0.55
X-3400,VANGL2,57216.0,MutNovel,"L227F,0.389"
X-3400,VARS2,57176.0,MutNovel,"S349F,1.000"
X-3400,VCX3A,51481.0,MutNovel,"V186M,1.000"
X-3400,VCX3B,425054.0,MutNovel,"P90S,0.500"
X-3400,VCY,9084.0,Del0.8,0.55
X-3400,VCY,9084.0,Del0.8,0.55
X-3400,VIPR1,7433.0,MutNovel,"S17F,0.394"
X-3400,VPS36,51028.0,MutNovel,"L63F,0.391"
X-3400,WAC,51322.0,MutNovel,"H578Y,0.692"
X-3400,WAC,51322.0,MutNovel,"A579T,0.286"
X-3400,WDR48,57599.0,MutNovel,"G665D,0.714"
X-3400,WNT7B,7477.0,MutKnownFunctional,"R222*,0.355"
X-3400,XKRY2,353515.0,Del0.8,0.55
X-3400,XKRY2,353515.0,Del0.8,0.55
X-3400,YES1,7525.0,MutNovel,"P43S,0.316"
X-3400,YJEFN3,374887.0,MutNovel,"P223L,0.533"
X-3400,ZBED4,9889.0,MutKnownFunctional,"K19*,0.514"
X-3400,ZBTB24,9841.0,MutNovel,"H651Y,0.846"
X-3400,ZBTB43,23099.0,MutNovel,"R9W,1.000"
X-3400,ZC3H7B,23264.0,MutNovel,"S461L,0.424"
X-3400,ZFY,7544.0,Del0.8,0.66
X-3400,ZFYVE26,23503.0,MutNovel,"A1478V,0.750"
X-3400,ZNF140,7699.0,MutKnownFunctional,"-92,0.714"
X-3400,ZNF142,7701.0,MutNovel,"P674S,1.000"
X-3400,ZNF146,7705.0,MutNovel,"P239L,0.364"
X-3400,ZNF227,7770.0,MutNovel,"H514Y,1.000"
X-3400,ZNF267,10308.0,MutNovel,"H626Y,1.000"
X-3400,ZNF277,11179.0,MutNovel,"R12Q,0.471"
X-3400,ZNF317,57693.0,MutNovel,"A538T,0.500"
X-3400,ZNF384,171017.0,MutNovel,"P126L,0.518"
X-3400,ZNF451,26036.0,MutNovel,"S211F,0.636"
X-3400,ZNF469,84627.0,MutNovel,"R1086L,0.444"
X-3400,ZNF469,84627.0,MutNovel,"G1805R,1.000"
X-3400,ZNF469,84627.0,MutNovel,"P2142F,0.550"
X-3400,ZNF48,197407.0,MutNovel,"L290F,0.600"
X-3400,ZNF496,84838.0,MutNovel,"L198F,0.475"
X-3400,ZNF616,90317.0,MutNovel,"S254L,1.000"
X-3400,ZNF786,136051.0,MutNovel,"S426F,0.833"
X-3400,ZNF808,388558.0,MutNovel,"S552L,1.000"
X-3408,ABCA13,154664.0,MutKnownFunctional,"-132?,0.281"
X-3408,ABCC5,10057.0,Amp5,5.35
X-3408,ABCF3,55324.0,Amp5,5.35
X-3408,ABCG5,64240.0,Amp5,7.89
X-3408,ABCG8,64241.0,Amp5,6.36
X-3408,ACADM,34.0,Del0.8,0.64
X-3408,ACAP2,23527.0,Amp5,5.39
X-3408,ACTG2,72.0,Amp5,6.28
X-3408,ACTL10,170487.0,Amp5,5.54
X-3408,ACTL6A,86.0,Amp5,5.35
X-3408,ADAM18,8749.0,Amp5,6.45
X-3408,ADAM2,2515.0,Amp5,6.45
X-3408,ADAM32,203102.0,Amp5,5.86
X-3408,ADAM33,80332.0,Amp5,5.17
X-3408,ADAM6,8755.0,Amp5,6.68
X-3408,ADAM9,8754.0,Amp5,5.86
X-3408,ADCY4,196883.0,Del0.8,0.65
X-3408,ADD2,119.0,Amp5,7.78
X-3408,ADIPOQ,9370.0,Amp5,5.35
X-3408,ADRA1D,146.0,Amp5,5.17
X-3408,ADRB3,155.0,Amp8,8.17
X-3408,AHSG,197.0,Amp5,5.35
X-3408,AIMP2,7965.0,MutNovel,"A38T,0.988"
X-3408,AKR1B15,441282.0,MutNovel,"D341N,0.231"
X-3408,ALG3,10195.0,Amp5,5.35
X-3408,ALMS1,7840.0,Amp5,6.28
X-3408,ALMS1P,200420.0,Amp5,6.28
X-3408,AMELY,266.0,Del0.8,0.21
X-3408,AMY1A,276.0,Del0.8,0.72
X-3408,AMY1A,276.0,Del0.8,0.45
X-3408,ANG,283.0,Amp5,5.06
X-3408,ANKRD18DP,348840.0,Amp5,5.46
X-3408,ANKRD36,375248.0,MutNovel,"T998S,0.318"
X-3408,ANKRD53,79998.0,Amp5,7.78
X-3408,AP1G2,8906.0,Del0.8,0.67
X-3408,AP2M1,1173.0,Amp5,5.35
X-3408,APEX1,328.0,Amp5,5.06
X-3408,APOD,347.0,Amp5,5.39
X-3408,ARHGEF40,55701.0,Amp5,5.06
X-3408,ARHGEF7,8874.0,MutNovel,"K338R,1.000"
X-3408,ASAH2,56624.0,Del0.8,0.78
X-3408,ASB17,127247.0,Del0.8,0.64
X-3408,ASH2L,9070.0,Amp8,8.17
X-3408,ASPRV1,151516.0,MutNovel,"D230N,0.727"
X-3408,ATP11B,23200.0,Amp5,5.35
X-3408,ATP13A3,79572.0,Amp5,5.39
X-3408,ATP13A4,84239.0,Amp5,5.39
X-3408,ATP13A5,344905.0,Amp5,5.39
X-3408,ATP6V1B1,525.0,Amp5,7.78
X-3408,ATP6V1E2,90423.0,Amp5,5.1
X-3408,ATRN,8455.0,Amp5,5.17
X-3408,ATRNL1,26033.0,MutKnownFunctional,"CQ1088*K,0.667"
X-3408,ATXN8OS,6315.0,Del0.8,0.66
X-3408,B3GNT5,84002.0,Amp5,5.35
X-3408,B4GALNT4,338707.0,MutNovel,"F426Y,0.421"
X-3408,BAG2,9532.0,Amp5,7.78
X-3408,BAG4,9530.0,Amp8,8.17
X-3408,BCHE,590.0,Amp5,5.35
X-3408,BCL2L1,598.0,Amp5,6.5
X-3408,BCL6,604.0,Amp5,5.35
X-3408,BCORP1,286554.0,Del0.8,0.21
X-3408,BDH1,622.0,Amp5,5.46
X-3408,BEND6,221336.0,Amp5,7.78
X-3408,BMP5,653.0,Amp5,7.78
X-3408,BMS1,9790.0,MutNovel,"K275R,0.554"
X-3408,BORA,79866.0,Del0.8,0.66
X-3408,BPY2B,442867.0,Del0.8,0.21
X-3408,BPY2B,442867.0,Del0.8,0.21
X-3408,BRF2,55290.0,Amp8,8.17
X-3408,BSG,682.0,MutNovel,"A4T,0.990"
X-3408,BTF3P11,690.0,Del0.8,0.65
X-3408,C14orf169,79697.0,MutNovel,"C149S,0.862"
X-3408,C14orf176,643382.0,Amp5,5.06
X-3408,C19orf68,,MutNovel,"Q469H,0.421"
X-3408,C1orf173,127254.0,Del0.8,0.64
X-3408,C1orf233,,MutNovel,"R113L,0.652"
X-3408,C20orf112,140688.0,Amp8,8.51
X-3408,C20orf144,128864.0,Amp5,5.54
X-3408,C20orf160,140706.0,Amp5,6.5
X-3408,C20orf194,25943.0,Amp5,5.17
X-3408,C20orf196,149840.0,Amp5,5.17
X-3408,C20orf27,54976.0,Amp5,5.17
X-3408,C2orf40,84417.0,Amp5,6.59
X-3408,C2orf49,79074.0,Amp5,6.59
X-3408,C2orf61,285051.0,Amp5,5.1
X-3408,C2orf76,130355.0,Amp5,5.98
X-3408,C2orf78,388960.0,Amp5,6.28
X-3408,C3orf43,255798.0,Amp5,5.46
X-3408,C3orf65,646600.0,Amp5,5.35
X-3408,C3orf70,285382.0,Amp5,5.35
X-3408,C8orf4,56892.0,Amp5,6.45
X-3408,C8orf86,389649.0,Amp5,5.86
X-3408,C9orf53,51198.0,Del0.8,0.21
X-3408,CALM2,805.0,Amp5,5.1
X-3408,CAMK2N2,94032.0,Amp5,5.35
X-3408,CAMKMT,79823.0,Amp5,5.1
X-3408,CBFA2T2,9139.0,Amp5,5.24
X-3408,CBLN3,643866.0,Del0.8,0.65
X-3408,CC2D2A,57545.0,MutNovel,"L1533M,1.000"
X-3408,CCDC144B,284047.0,Del0.8,0.73
X-3408,CCDC39,339829.0,Amp5,5.35
X-3408,CCDC41,51134.0,MutNovel,"V253L,0.429"
X-3408,CCDC50,152137.0,Amp5,5.35
X-3408,CCNB1IP1,57820.0,Amp5,5.06
X-3408,CCT7,10574.0,Amp5,6.28
X-3408,CD207,50489.0,Amp5,7.78
X-3408,CDC25B,994.0,Amp5,5.17
X-3408,CDH12,1010.0,MutNovel,"M172K,0.719"
X-3408,CDH13,1012.0,MutNovel,"D552N,0.533"
X-3408,CDKN2A,1029.0,Del0.8,0.21
X-3408,CDKN2B,1030.0,Del0.8,0.28
X-3408,CDS2,8760.0,Amp5,5.17
X-3408,CDY1B,253175.0,Del0.8,0.21
X-3408,CDY1B,253175.0,Del0.8,0.21
X-3408,CDY2A,9426.0,Del0.8,0.21
X-3408,CDY2A,9426.0,Del0.8,0.21
X-3408,CDY2B,203611.0,Del0.8,0.21
X-3408,CDY2B,203611.0,Del0.8,0.21
X-3408,CEACAM1,634.0,MutNovel,"T100I,0.375"
X-3408,CEACAM1,634.0,MutNovel,"S96I,0.231"
X-3408,CEACAM1,634.0,MutNovel,"N95Y,0.308"
X-3408,CELF2,10659.0,MutNovel,"P22A,0.300"
X-3408,CELSR1,9620.0,MutNovel,"R1210L,0.274"
X-3408,CENPB,1059.0,Amp5,5.17
X-3408,CEP19,84984.0,Amp5,5.46
X-3408,CEP350,9857.0,MutNovel,"S3034I,0.532"
X-3408,CES1P1,51716.0,Del0.8,0.5
X-3408,CHD8,57680.0,Amp5,5.06
X-3408,CHGB,1114.0,Amp5,5.17
X-3408,CHMP4A,29082.0,Del0.8,0.65
X-3408,CHMP4B,128866.0,Amp5,5.54
X-3408,CHRD,8646.0,Amp5,5.35
X-3408,CIDEB,27141.0,Del0.8,0.65
X-3408,CLASP1,23332.0,Amp5,5.98
X-3408,CLCN2,1181.0,Amp5,5.35
X-3408,CLDN1,9076.0,Amp5,5.35
X-3408,CLDN11,5010.0,Amp5,5.35
X-3408,CLDN16,10686.0,Amp5,5.35
X-3408,CLEC4F,165530.0,Amp5,7.78
X-3408,CLK2,1196.0,MutNovel,"P400R,0.485"
X-3408,CLN5,1203.0,Del0.8,0.65
X-3408,CMA1,1215.0,Del0.8,0.65
X-3408,COASY,80347.0,MutNovel,"E491K,0.542"
X-3408,COL21A1,81578.0,Amp5,7.78
X-3408,COMMD6,170622.0,Del0.8,0.65
X-3408,COX4I2,84701.0,Amp5,6.5
X-3408,COX7A2L,9167.0,Amp5,7.89
X-3408,CPN2,1370.0,Amp5,5.39
X-3408,CPNE6,9362.0,Del0.8,0.65
X-3408,CRIPT,9419.0,Amp5,5.1
X-3408,CRLS1,54675.0,Amp5,5.17
X-3408,CRYGS,1427.0,Amp5,5.35
X-3408,CRYZ,1429.0,Del0.8,0.64
X-3408,CSDA,8531.0,MutNovel,"R233L,0.618"
X-3408,CSPG4P1Y,114758.0,Del0.8,0.21
X-3408,CSPG4P1Y,114758.0,Del0.8,0.21
X-3408,CTAGE11P,647288.0,Del0.8,0.65
X-3408,CTNNAL1,8727.0,MutNovel,"D334Y,0.967"
X-3408,CTSA,5476.0,MutNovel,"L29-,0.866"
X-3408,CTSC,1075.0,MutNovel,"G242V,0.488"
X-3408,CTSG,1511.0,Del0.8,0.65
X-3408,CUEDC2,79004.0,MutNovel,"I31F,0.301"
X-3408,CYP26B1,56603.0,Amp5,7.78
X-3408,DACH1,1602.0,Del0.8,0.66
X-3408,DAZ1,1617.0,Del0.8,0.21
X-3408,DAZ2,57055.0,Del0.8,0.21
X-3408,DAZ3,57054.0,Del0.8,0.21
X-3408,DAZ3,57054.0,Del0.8,0.21
X-3408,DAZ4,57135.0,Del0.8,0.21
X-3408,DAZ4,57135.0,Del0.8,0.21
X-3408,DBI,1622.0,Amp5,5.98
X-3408,DCAF11,80344.0,Del0.8,0.65
X-3408,DCAKD,79877.0,MutKnownFunctional,"-7,0.414"
X-3408,DCBLD1,285761.0,MutNovel,"D294A,0.618"
X-3408,DCLK1,9201.0,MutNovel,"G259V,1.000"
X-3408,DCUN1D1,54165.0,Amp5,5.35
X-3408,DDHD2,23259.0,Amp8,8.17
X-3408,DDX20,11218.0,MutNovel,"E544K,0.959"
X-3408,DDX3Y,8653.0,Del0.8,0.21
X-3408,DEFB115,245929.0,Amp5,6.5
X-3408,DEFB116,245930.0,Amp5,6.5
X-3408,DEFB118,117285.0,Amp5,6.5
X-3408,DEFB119,245932.0,Amp5,6.5
X-3408,DEFB121,245934.0,Amp5,6.5
X-3408,DEFB122,245935.0,Amp5,6.5
X-3408,DEFB123,245936.0,Amp5,6.5
X-3408,DEFB124,245937.0,Amp5,6.5
X-3408,DENND4A,10260.0,MutNovel,"K1203T,0.233"
X-3408,DENR,8562.0,MutNovel,"V50I,0.649"
X-3408,DGKG,1608.0,Amp5,5.35
X-3408,DGUOK,1716.0,Amp5,6.28
X-3408,DHRS1,115817.0,Del0.8,0.65
X-3408,DHRS2,10202.0,Del0.8,0.67
X-3408,DHRS4L1,728635.0,Del0.8,0.65
X-3408,DHX37,57647.0,MutNovel,"G2R,0.306"
X-3408,DIAPH3,81624.0,Del0.8,0.64
X-3408,DIDO1,11083.0,MutNovel,"R720G,1.000"
X-3408,DIS3,22894.0,Del0.8,0.66
X-3408,DKK3,27122.0,MutNovel,"Y282F,0.496"
X-3408,DLG1,1739.0,Amp5,5.46
X-3408,DMRT1,1761.0,Del0.8,0.22
X-3408,DMXL2,23312.0,MutNovel,"V6A,0.769"
X-3408,DNAH17,8632.0,MutNovel,"L998Q,0.500"
X-3408,DNAJB11,51726.0,Amp5,5.35
X-3408,DNAJC19,131118.0,Amp5,5.35
X-3408,DOCK4,9732.0,MutNovel,"M1495V,1.000"
X-3408,DOCK4,9732.0,MutNovel,"G158V,1.000"
X-3408,DPY19L4,286148.0,MutNovel,"I647M,0.484"
X-3408,DROSHA,29102.0,MutKnownFunctional,"-1082,0.242"
X-3408,DST,667.0,Amp5,7.78
X-3408,DUOX2,50506.0,MutNovel,"L320R,0.385"
X-3408,DUSP11,8446.0,Amp5,6.28
X-3408,DUSP15,128853.0,Amp5,6.5
X-3408,DVL3,1857.0,Amp5,5.35
X-3408,DYNC2LI1,51626.0,Amp5,7.89
X-3408,DYSF,8291.0,Amp5,7.78
X-3408,E2F1,1869.0,Amp5,5.54
X-3408,ECE2,9718.0,Amp5,5.35
X-3408,ECRP,643332.0,Amp5,5.06
X-3408,ECT2,1894.0,Amp5,5.35
X-3408,EDDM3A,10876.0,Amp5,5.06
X-3408,EDDM3B,64184.0,Amp5,5.06
X-3408,EDNRB,1910.0,Del0.8,0.65
X-3408,EFHC1,114327.0,Amp5,6.73
X-3408,EGFEM1P,93556.0,Amp5,5.35
X-3408,EGR4,1961.0,Amp5,6.28
X-3408,EHHADH,1962.0,Amp5,5.35
X-3408,EIF1AY,9086.0,Del0.8,0.21
X-3408,EIF2B5,8893.0,Amp5,5.35
X-3408,EIF2S2,8894.0,Amp5,5.54
X-3408,EIF4A2,1974.0,Amp5,5.35
X-3408,EIF4EBP1,1978.0,Amp8,8.17
X-3408,EIF4G1,1981.0,Amp5,5.35
X-3408,EIF5A2,56648.0,Amp5,5.35
X-3408,ELF2,1998.0,MutKnownFunctional,"-80?,0.600"
X-3408,ELOVL5,60481.0,Amp5,6.73
X-3408,EML4,27436.0,Amp5,6.63
X-3408,EMX1,2016.0,Amp5,6.28
X-3408,EP300,2033.0,MutNovel,"R200Q,0.385"
X-3408,EPAS1,2034.0,Amp5,5.1
X-3408,EPB41L4B,54566.0,MutNovel,"K193E,1.000"
X-3408,EPB41L5,57669.0,Amp5,5.98
X-3408,EPCAM,4072.0,Amp5,5.1
X-3408,EPHB3,2049.0,Amp5,5.35
X-3408,ERC1,23085.0,MutNovel,"I942L,0.350"
X-3408,ERLIN2,11160.0,Amp8,8.17
X-3408,ETV5,2119.0,Amp5,5.35
X-3408,EXOC6B,23233.0,Amp8,8.63
X-3408,EYS,346007.0,Del0.8,0.23
X-3408,F2R,2149.0,MutNovel,"C223Y,1.000"
X-3408,FAM106A,80039.0,Del0.8,0.42
X-3408,FAM126A,84668.0,MutNovel,"I142V,0.237"
X-3408,FAM131A,131408.0,Amp5,5.35
X-3408,FAM135A,57579.0,MutNovel,"V860L,1.000"
X-3408,FAM171A1,221061.0,MutNovel,"S378T,0.833"
X-3408,FAM171B,165215.0,MutNovel,"-44QQ,0.455"
X-3408,FAM197Y2P,252946.0,Del0.8,0.21
X-3408,FAM21A,387680.0,Del0.8,0.54
X-3408,FAM3C,10447.0,MutNovel,"G103R,1.000"
X-3408,FAM41AY1,340618.0,Del0.8,0.21
X-3408,FAM41AY1,340618.0,Del0.8,0.21
X-3408,FAM43A,131583.0,Amp5,5.39
X-3408,FAM53A,152877.0,MutNovel,"P136L,1.000"
X-3408,FAM83B,222584.0,Amp8,10.85
X-3408,FAT4,79633.0,MutNovel,"D1605Y,0.765"
X-3408,FBRSL1,57666.0,MutNovel,"GLGRER882G,0.441"
X-3408,FBXL3,26224.0,Del0.8,0.65
X-3408,FBXO11,80204.0,Amp5,5.1
X-3408,FBXO33,254170.0,MutNovel,"W108L,0.895"
X-3408,FBXO41,150726.0,Amp5,6.28
X-3408,FBXO45,200933.0,Amp5,5.46
X-3408,FBXO9,26268.0,Amp5,6.73
X-3408,FETUB,26998.0,Amp5,5.35
X-3408,FGD6,55785.0,MutKnownFunctional,"-498?,0.294"
X-3408,FGF12,2257.0,Amp5,5.35
X-3408,FGFR1,2260.0,Amp5,5.86
X-3408,FHL2,2274.0,Amp5,6.59
X-3408,FIGLA,344018.0,Amp5,7.78
X-3408,FITM1,161247.0,Del0.8,0.65
X-3408,FKBP6,8468.0,MutNovel,"R103Q,1.000"
X-3408,FLJ34208,401106.0,Amp5,5.39
X-3408,FLJ35024,401491.0,Del0.8,0.2
X-3408,FLJ35282,441389.0,Del0.8,0.66
X-3408,FLJ42393,401105.0,Amp5,5.35
X-3408,FLJ46066,401103.0,Amp5,5.35
X-3408,FNDC3B,64778.0,Amp5,5.35
X-3408,FNIP1,96459.0,MutNovel,"S210P,1.000"
X-3408,FNTA,2339.0,Amp5,7.36
X-3408,FOXS1,2307.0,Amp5,6.5
X-3408,FPGT,8790.0,Del0.8,0.64
X-3408,FPGT-TNNI3K,100526835.0,Del0.8,0.64
X-3408,FREM2,341640.0,MutNovel,"G2220A,1.000"
X-3408,FRG1,2483.0,MutNovel,"D74N,0.209"
X-3408,FRRS1L,,MutNovel,"R51G,1.000"
X-3408,FXR1,8087.0,Amp5,5.35
X-3408,FXYD5,53827.0,MutNovel,"R6H,0.451"
X-3408,FYTTD1,84248.0,Amp5,5.46
X-3408,GBA,2629.0,MutNovel,"P338L,0.518"
X-3408,GCLC,2729.0,Amp5,6.73
X-3408,GCM1,8521.0,Amp5,6.73
X-3408,GFRA4,64096.0,Amp5,5.17
X-3408,GFRAL,389400.0,Amp5,7.78
X-3408,GHSR,2693.0,Amp5,5.35
X-3408,GIGYF2,26058.0,MutNovel,"PQ1231P,0.833"
X-3408,GLI2,2736.0,Amp5,5.98
X-3408,GLUD2,2747.0,MutNovel,"G35R,1.000"
X-3408,GMNC,647309.0,Amp5,5.35
X-3408,GMPR2,51292.0,Del0.8,0.65
X-3408,GNB4,59345.0,Amp5,5.35
X-3408,GOLGA2P2Y,84559.0,Del0.8,0.21
X-3408,GOLGA2P2Y,84559.0,Del0.8,0.21
X-3408,GOLIM4,27333.0,Amp5,5.35
X-3408,GOT1L1,137362.0,Amp8,8.17
X-3408,GP5,2814.0,Amp5,5.39
X-3408,GPCPD1,56261.0,Amp5,5.17
X-3408,GPD2,2820.0,MutNovel,"W346L,1.000"
X-3408,GPR124,25960.0,Amp8,8.17
X-3408,GPR128,84873.0,Amp5,6.73
X-3408,GPR160,26996.0,Amp5,5.35
X-3408,GPR45,11250.0,Amp5,6.59
X-3408,GPRIN2,9721.0,MutNovel,"-238MRE,0.385"
X-3408,GSTA1,2938.0,Amp5,6.73
X-3408,GSTA2,2939.0,Amp5,6.73
X-3408,GSTA3,2940.0,Amp5,6.73
X-3408,GSTA4,2941.0,Amp5,6.73
X-3408,GSTA5,221357.0,Amp5,6.73
X-3408,GSTA7P,730152.0,Amp5,6.73
X-3408,GSTT1,2952.0,Del0.8,0.59
X-3408,GTDC2,,MutNovel,"D574H,1.000"
X-3408,GTF2H2C,728340.0,MutNovel,"I199T,0.500"
X-3408,GYG2P1,352887.0,Del0.8,0.21
X-3408,GYLTL1B,120071.0,MutNovel,"L97F,0.600"
X-3408,GZMB,3002.0,Del0.8,0.65
X-3408,GZMH,2999.0,Del0.8,0.65
X-3408,H6PD,9563.0,MutNovel,"H698Y,0.364"
X-3408,HAAO,23498.0,Amp5,7.89
X-3408,HCFC1,3054.0,MutNovel,"G1563S,1.000"
X-3408,HCK,3055.0,Amp5,6.5
X-3408,HCRTR2,3062.0,Amp5,7.78
X-3408,HEATR7B1,,MutNovel,"G662V,1.000"
X-3408,HECA,51696.0,MutNovel,"G507E,0.643"
X-3408,HERC3,8916.0,MutNovel,"P75T,0.500"
X-3408,HES1,3280.0,Amp5,5.39
X-3408,HGSNAT,138050.0,Amp5,7.36
X-3408,HHIP,64399.0,MutNovel,"T620K,0.500"
X-3408,HIAT1,64645.0,MutNovel,"P386L,0.557"
X-3408,HIST3H2BB,128312.0,MutNovel,"I70V,0.667"
X-3408,HLA-H,3136.0,Del0.8,0.64
X-3408,HM13,81502.0,Amp5,6.5
X-3408,HMGCLL1,54511.0,Amp5,7.78
X-3408,HNRNPC,3183.0,Amp5,5.06
X-3408,HOOK3,84376.0,Amp5,5.31
X-3408,HOXA4,3201.0,MutNovel,"R242Q,1.000"
X-3408,HOXB4,3214.0,MutNovel,"P91S,1.000"
X-3408,HRASLS,57110.0,Amp5,5.39
X-3408,HRG,3273.0,Amp5,5.35
X-3408,HSFY2,159119.0,Del0.8,0.21
X-3408,HSFY2,159119.0,Del0.8,0.21
X-3408,HSPA12B,116835.0,Amp5,5.17
X-3408,HSPA4L,22824.0,MutNovel,"E535Q,0.357"
X-3408,HTR3C,170572.0,Amp5,5.35
X-3408,HTR3D,200909.0,Amp5,5.35
X-3408,HTR3E,285242.0,Amp5,5.35
X-3408,HTRA4,203100.0,Amp5,5.86
X-3408,ICK,22858.0,Amp5,6.73
X-3408,ID1,3397.0,Amp5,6.5
X-3408,IDO1,3620.0,Amp5,6.45
X-3408,IDO2,169355.0,Amp5,6.45
X-3408,IFNA1,3439.0,Del0.8,0.09
X-3408,IFNA10,3446.0,Del0.8,0.43
X-3408,IFNA13,3447.0,Del0.8,0.27
X-3408,IFNA14,3448.0,Del0.8,0.19
X-3408,IFNA16,3449.0,Del0.8,0.43
X-3408,IFNA17,3451.0,Del0.8,0.19
X-3408,IFNA2,3440.0,Del0.8,0.27
X-3408,IFNA21,3452.0,Del0.8,0.28
X-3408,IFNA22P,3453.0,Del0.8,0.19
X-3408,IFNA4,3441.0,Del0.8,0.07
X-3408,IFNA6,3443.0,Del0.8,0.27
X-3408,IFNA7,3444.0,Del0.8,0.43
X-3408,IFNA8,3445.0,Del0.8,0.27
X-3408,IFNB1,3456.0,Del0.8,0.28
X-3408,IFNW1,3467.0,Del0.8,0.28
X-3408,IGF2BP2,10644.0,Amp5,5.35
X-3408,IL17A,3605.0,Amp5,6.73
X-3408,IL17F,112744.0,Amp5,6.73
X-3408,IL1RAP,3556.0,Amp5,5.35
X-3408,INHBB,3625.0,Amp5,5.98
X-3408,IPO4,79711.0,Del0.8,0.65
X-3408,IQCG,84223.0,Amp5,5.46
X-3408,IQGAP2,10788.0,MutNovel,"Y359C,1.000"
X-3408,IRF9,10379.0,Del0.8,0.65
X-3408,IRX1,79192.0,MutKnownFunctional,"S447*,0.720"
X-3408,ITGB1,3688.0,MutNovel,"V367L,0.479"
X-3408,JPH4,84502.0,Del0.8,0.67
X-3408,KANK1,23189.0,Del0.8,0.37
X-3408,KANSL1,,MutNovel,"D903N,0.512"
X-3408,KCNG3,170850.0,Amp5,7.89
X-3408,KCNK12,56660.0,Amp5,5.1
X-3408,KCNMB2,10242.0,Amp5,5.35
X-3408,KCNMB3,27094.0,Amp5,5.35
X-3408,KCNU1,157855.0,Amp5,5.54
X-3408,KCTD12,115207.0,Del0.8,0.65
X-3408,KDM5D,8284.0,Del0.8,0.21
X-3408,KHNYN,23351.0,Del0.8,0.65
X-3408,KIAA0125,9834.0,Amp5,6.68
X-3408,KIAA0226,9711.0,Amp5,5.46
X-3408,KIAA1468,57614.0,MutNovel,"A587T,0.398"
X-3408,KIAA1586,57691.0,Amp5,7.78
X-3408,KIAA1731,85459.0,MutNovel,"A45S,0.286"
X-3408,KIF11,3832.0,MutNovel,"T901I,0.612"
X-3408,KIF26A,26153.0,MutNovel,"L132M,0.559"
X-3408,KIF7,374654.0,MutNovel,"R1144W,0.303"
X-3408,KLF12,11278.0,Del0.8,0.66
X-3408,KLF5,688.0,Del0.8,0.66
X-3408,KLHL1,57626.0,Del0.8,0.66
X-3408,KLHL24,54800.0,Amp5,5.35
X-3408,KLHL31,401265.0,Amp5,6.73
X-3408,KLHL33,123103.0,Amp5,5.06
X-3408,KLHL4,56062.0,Del0.8,0.65
X-3408,KLHL6,89857.0,Amp5,5.35
X-3408,KLHL9,55958.0,Del0.8,0.27
X-3408,KNG1,3827.0,Amp5,5.35
X-3408,KRT16,3868.0,MutNovel,"G115D,0.502"
X-3408,LAMP3,27074.0,Amp5,5.35
X-3408,LARP4B,23185.0,MutNovel,"G680E,0.441"
X-3408,LCE3C,353144.0,Del0.8,0.17
X-3408,LENG8,114823.0,MutNovel,"S412C,0.429"
X-3408,LEPREL1,55214.0,Amp5,5.35
X-3408,LETM2,137994.0,Amp5,5.86
X-3408,LGALS9C,654346.0,Del0.8,0.29
X-3408,LHX8,431707.0,Del0.8,0.64
X-3408,LINC00028,140875.0,Amp5,6.5
X-3408,LINC00226,338004.0,Amp5,6.68
X-3408,LINC00347,338864.0,Del0.8,0.66
X-3408,LIPH,200879.0,Amp5,5.35
X-3408,LMLN,89782.0,Amp5,5.46
X-3408,LMO7,4008.0,Del0.8,0.65
X-3408,LOC100128023,100128023.0,Amp5,5.39
X-3408,LOC100128164,100128164.0,Amp5,5.35
X-3408,LOC100129726,100129726.0,Amp5,7.89
X-3408,LOC100131551,100131551.0,Amp5,5.39
X-3408,LOC100131635,100131635.0,Amp5,5.35
X-3408,LOC100132858,,MutNovel,"G354D,1.000"
X-3408,LOC100134259,100134259.0,Amp5,5.1
X-3408,LOC100287010,100287010.0,Amp5,6.59
X-3408,LOC100505687,100505687.0,Amp5,5.35
X-3408,LOC100506421,100506421.0,Amp5,6.59
X-3408,LOC100507391,100507391.0,Amp5,5.39
X-3408,LOC100507629,100507629.0,Amp5,5.17
X-3408,LOC100996689,,MutNovel,"V273L,0.238"
X-3408,LOC100996689,,MutNovel,"T263M,0.320"
X-3408,LOC149837,149837.0,Amp5,5.17
X-3408,LOC149950,149950.0,Amp5,6.28
X-3408,LOC150568,150568.0,Amp5,6.59
X-3408,LOC152217,152217.0,Amp5,5.46
X-3408,LOC220729,220729.0,Amp5,5.46
X-3408,LOC253573,253573.0,Amp5,5.35
X-3408,LOC254128,254128.0,Amp5,5.98
X-3408,LOC283624,283624.0,Amp5,5.06
X-3408,LOC284998,284998.0,Amp5,6.59
X-3408,LOC285000,285000.0,Amp5,6.59
X-3408,LOC344887,344887.0,Amp5,5.35
X-3408,LOC388942,388942.0,Amp5,6.63
X-3408,LOC388948,388948.0,Amp5,5.1
X-3408,LOC391322,391322.0,Del0.8,0.59
X-3408,LOC401109,401109.0,Amp5,5.46
X-3408,LOC642643,,MutNovel,"S56F,1.000"
X-3408,LOC643406,643406.0,Amp5,5.17
X-3408,LOC646168,646168.0,Amp5,5.35
X-3408,LOC647323,647323.0,Amp5,5.39
X-3408,LOC727924,727924.0,Del0.8,0.73
X-3408,LOC728024,728024.0,Amp8,8.17
X-3408,LOC728228,728228.0,Amp5,5.17
X-3408,LOC728819,728819.0,Amp5,7.89
X-3408,LOC729121,729121.0,Amp5,6.73
X-3408,LOC730101,730101.0,Amp5,6.73
X-3408,LOC84931,84931.0,Amp5,5.98
X-3408,LPP,4026.0,Amp5,5.35
X-3408,LPP-AS2,339929.0,Amp5,5.35
X-3408,LRCH3,84859.0,Amp5,5.46
X-3408,LRP1B,53353.0,Del0.8,0.53
X-3408,LRPPRC,10128.0,Amp5,5.1
X-3408,LRRC1,55227.0,Amp5,7.26
X-3408,LRRC15,131578.0,Amp5,5.39
X-3408,LRRC16B,90668.0,Del0.8,0.65
X-3408,LRRC31,79782.0,Amp5,5.35
X-3408,LRRC33,375387.0,Amp5,5.46
X-3408,LRRC34,151827.0,Amp5,5.35
X-3408,LRRIQ3,127255.0,Del0.8,0.64
X-3408,LRRIQ4,344657.0,Amp5,5.35
X-3408,LRRN4,164312.0,Amp5,5.17
X-3408,LSG1,55341.0,Amp5,5.39
X-3408,LSM1,27257.0,Amp8,8.17
X-3408,LSR,51599.0,MutNovel,"G518GR,0.874"
X-3408,LTB4R,1241.0,Del0.8,0.65
X-3408,LTB4R2,56413.0,Del0.8,0.65
X-3408,LTBP4,8425.0,MutKnownFunctional,"-1294,0.223"
X-3408,MAGEF1,64110.0,Amp5,5.35
X-3408,MAP3K1,4214.0,MutNovel,"V683A,1.000"
X-3408,MAP3K13,9175.0,Amp5,5.35
X-3408,MAP6D1,79929.0,Amp5,5.35
X-3408,MASP1,5648.0,Amp5,5.35
X-3408,MAVS,57506.0,Amp5,5.17
X-3408,MB21D2,151963.0,Amp5,5.35
X-3408,MBD2,8932.0,MutNovel,"C111S,0.333"
X-3408,MCCC1,56922.0,Amp5,5.35
X-3408,MCEE,84693.0,Amp5,7.78
X-3408,MCF2L2,23101.0,Amp5,5.35
X-3408,MCFD2,90411.0,Amp5,5.1
X-3408,MCM3,4172.0,Amp5,6.73
X-3408,MCM3AP,8888.0,MutNovel,"P1605L,1.000"
X-3408,MCM8,84515.0,Amp5,5.17
X-3408,MDP1,145553.0,Del0.8,0.65
X-3408,MECOM,2122.0,Amp5,5.35
X-3408,MEF2A,4205.0,MutNovel,"QQ412-,0.421"
X-3408,METTL17,64745.0,Amp5,5.06
X-3408,METTL3,56339.0,Amp5,5.06
X-3408,METTL8,79828.0,MutNovel,"V239L,0.297"
X-3408,MFI2,4241.0,Amp5,5.46
X-3408,MFI2-AS1,100507057.0,Amp5,5.46
X-3408,MFN1,55669.0,MutNovel,"V205A,0.228"
X-3408,MFN1,55669.0,Amp5,5.35
X-3408,MFSD3,113655.0,MutNovel,"G103R,0.634"
X-3408,MGC2889,84789.0,Amp5,5.39
X-3408,MGLL,11343.0,MutNovel,"R250C,0.309"
X-3408,MINPP1,9562.0,MutNovel,"Q358L,0.754"
X-3408,MIR103A2,406896.0,Amp5,5.17
X-3408,MIR103B2,100302282.0,Amp5,5.17
X-3408,MIR1224,100187716.0,Amp5,5.35
X-3408,MIR1297,100302187.0,Del0.8,0.65
X-3408,MIR133B,442890.0,Amp5,6.73
X-3408,MIR206,406989.0,Amp5,6.73
X-3408,MIR31,407035.0,Del0.8,0.45
X-3408,MIR3169,100422973.0,Del0.8,0.64
X-3408,MIR3193,100422904.0,Amp5,6.5
X-3408,MIR31HG,554202.0,Del0.8,0.22
X-3408,MIR3665,100500861.0,Del0.8,0.65
X-3408,MIR4275,100422937.0,Del0.8,0.61
X-3408,MIR4307,100423019.0,Del0.8,0.66
X-3408,MIR4473,100616229.0,Del0.8,0.23
X-3408,MIR4474,100616441.0,Del0.8,0.21
X-3408,MIR4500,100616182.0,Del0.8,0.65
X-3408,MIR4500HG,642345.0,Del0.8,0.65
X-3408,MIR4755,100616434.0,Amp5,5.54
X-3408,MIR4789,100616395.0,Amp5,5.35
X-3408,MIR4797,100616216.0,Amp5,5.46
X-3408,MIR491,574444.0,Del0.8,0.21
X-3408,MIR548AD,100616475.0,Amp5,5.1
X-3408,MIR551B,693136.0,Amp5,5.35
X-3408,MIR559,693144.0,Amp5,5.1
X-3408,MIR569,693154.0,Amp5,5.35
X-3408,MIR570,693155.0,Amp8,9.51
X-3408,MIR922,100126321.0,Amp5,5.46
X-3408,MIR944,100126340.0,Amp5,5.35
X-3408,MKI67IP,84365.0,Amp5,5.98
X-3408,MLLT3,4300.0,Del0.8,0.16
X-3408,MLLT4,4301.0,MutKnownFunctional,"G947*,0.813"
X-3408,MMD,23531.0,MutNovel,"C56S,0.703"
X-3408,MPHOSPH10,10199.0,Amp5,7.78
X-3408,MPRIP,23164.0,MutNovel,"TS178T,0.537"
X-3408,MRPL47,57129.0,Amp5,5.35
X-3408,MRPS9,64965.0,Amp5,6.59
X-3408,MSH2,4436.0,Amp5,5.1
X-3408,MSH4,4438.0,Del0.8,0.64
X-3408,MSH6,2956.0,Amp5,5.1
X-3408,MST1,4485.0,MutNovel,"QR406-,0.357"
X-3408,MTA3,57504.0,Amp5,7.89
X-3408,MTAP,4507.0,Del0.8,0.28
X-3408,MUC20,200958.0,Amp5,7.21
X-3408,MUC4,4585.0,MutNovel,"T2116I,1.000"
X-3408,MUC4,4585.0,Amp5,5.46
X-3408,MYCBP2,23077.0,Del0.8,0.65
X-3408,MYLK2,85366.0,Amp5,6.5
X-3408,MYNN,55892.0,Amp5,5.35
X-3408,MZT1,440145.0,Del0.8,0.66
X-3408,NAALADL2,254827.0,Amp5,5.35
X-3408,NACC2,138151.0,MutNovel,"M470I,1.000"
X-3408,NAGK,55577.0,Amp5,7.78
X-3408,NAMPT,10135.0,MutNovel,"L432F,1.000"
X-3408,NAT8,9027.0,Amp5,6.28
X-3408,NAT8B,51471.0,Amp5,6.28
X-3408,NCBP2,22916.0,Amp5,5.46
X-3408,NCEH1,57552.0,Amp5,5.35
X-3408,NCK2,8440.0,Amp5,6.59
X-3408,NCOA2,10499.0,MutNovel,"K112N,0.423"
X-3408,NCOR2,9612.0,MutNovel,"G1839GAAA,0.370"
X-3408,NCRNA00185,55410.0,Del0.8,0.21
X-3408,NDFIP2,54602.0,Del0.8,0.65
X-3408,NDRG2,57447.0,Amp5,5.06
X-3408,NDUFB5,4711.0,Amp5,5.35
X-3408,NECAB3,63941.0,Amp5,5.54
X-3408,NEDD8,4738.0,Del0.8,0.65
X-3408,NEDD8-MDP1,100528064.0,Del0.8,0.65
X-3408,NFATC4,4776.0,Del0.8,0.65
X-3408,NFE2L1,4779.0,MutNovel,"R691H,0.500"
X-3408,NLGN1,22871.0,Amp5,5.35
X-3408,NLGN4Y,22829.0,Del0.8,0.21
X-3408,NOTO,344022.0,Amp5,6.28
X-3408,NOVA1,4857.0,Del0.8,0.66
X-3408,NOXO1,124056.0,MutKnownFunctional,"-198,0.579"
X-3408,NRL,4901.0,Del0.8,0.65
X-3408,NSD1,64324.0,MutNovel,"P15L,0.242"
X-3408,NUDT11,55190.0,MutKnownFunctional,"-1,0.474"
X-3408,NYNRIN,57523.0,Del0.8,0.65
X-3408,OGDH,4967.0,MutNovel,"R5S,1.000"
X-3408,OLFM4,10562.0,Del0.8,0.65
X-3408,OPA1,4976.0,Amp5,5.39
X-3408,OR10G2,26534.0,Amp5,5.06
X-3408,OR10G3,26533.0,Amp5,5.06
X-3408,OR11G2,390439.0,Amp5,5.06
X-3408,OR11H4,390442.0,Amp5,5.06
X-3408,OR11H6,122748.0,Amp5,5.06
X-3408,OR4E2,26686.0,Amp5,5.06
X-3408,OR4K1,79544.0,Amp8,8.22
X-3408,OR4K13,390433.0,Amp5,5.06
X-3408,OR4K14,122740.0,Amp5,5.06
X-3408,OR4K15,81127.0,Amp5,5.06
X-3408,OR4K17,390436.0,Amp5,5.06
X-3408,OR4K2,390431.0,Amp8,8.22
X-3408,OR4K5,79317.0,Amp8,8.22
X-3408,OR4L1,122742.0,Amp5,5.06
X-3408,OR4M1,441670.0,Amp8,8.22
X-3408,OR4M2,390538.0,Del0.8,0.73
X-3408,OR4N2,390429.0,Amp8,8.22
X-3408,OR4N3P,390539.0,Del0.8,0.73
X-3408,OR4N4,283694.0,Del0.8,0.73
X-3408,OR4N5,390437.0,Amp5,5.06
X-3408,OR4Q3,441669.0,Amp8,8.22
X-3408,OR5AU1,390445.0,Amp5,5.06
X-3408,OR6S1,341799.0,Amp5,5.06
X-3408,OR7E156P,283491.0,Del0.8,0.64
X-3408,OR7E91P,79315.0,Amp5,7.78
X-3408,ORAI1,84876.0,MutNovel,"PP43-,0.833"
X-3408,OSGEP,55644.0,Amp5,5.06
X-3408,OSTN,344901.0,Amp5,5.35
X-3408,OSTalpha,200931.0,Amp5,5.46
X-3408,OXER1,165140.0,Amp5,7.89
X-3408,PABPC3,5042.0,MutKnownFunctional,"-247GG?,0.304"
X-3408,PAIP2B,400961.0,Amp5,7.78
X-3408,PAK2,5062.0,Amp5,5.46
X-3408,PALMD,54873.0,MutNovel,"R346K,1.000"
X-3408,PANK2,80025.0,Amp5,5.17
X-3408,PAQR8,85315.0,Amp5,6.73
X-3408,PARL,55486.0,Amp5,5.35
X-3408,PARP2,10038.0,Amp5,5.06
X-3408,PCDH11Y,83259.0,Del0.8,0.21
X-3408,PCDH17,27253.0,Del0.8,0.64
X-3408,PCDH20,64881.0,Del0.8,0.64
X-3408,PCDH9,5101.0,Del0.8,0.78
X-3408,PCDHA9,9752.0,MutNovel,"E55D,1.000"
X-3408,PCDP1,200373.0,Amp5,5.98
X-3408,PCK2,5106.0,Del0.8,0.65
X-3408,PCNA,5111.0,Amp5,5.17
X-3408,PCNA-AS1,100302739.0,Amp5,5.17
X-3408,PCYT1A,5130.0,Amp5,5.46
X-3408,PDCD10,11235.0,Amp5,5.35
X-3408,PDRG1,81572.0,Amp5,6.5
X-3408,PDS5B,23047.0,MutNovel,"I248M,0.500"
X-3408,PELP1,27043.0,MutNovel,"EE895E,0.742"
X-3408,PEPD,5184.0,MutNovel,"T266A,0.532"
X-3408,PEX5L,51555.0,Amp5,5.35
X-3408,PHC3,80012.0,Amp5,5.35
X-3408,PHF3,23469.0,Del0.8,0.16
X-3408,PHLDA1,22822.0,MutNovel,"QQ194Q,0.722"
X-3408,PIAS2,9063.0,MutKnownFunctional,"S80*,0.493"
X-3408,PIBF1,10464.0,Del0.8,0.66
X-3408,PIGF,5281.0,Amp5,5.1
X-3408,PIGX,54965.0,Amp5,5.46
X-3408,PIGZ,80235.0,Amp5,5.46
X-3408,PIK3CA,5290.0,MutKnownFunctional,"E545K,0.342"
X-3408,PIK3CA,5290.0,Amp5,5.35
X-3408,PKDCC,91461.0,Amp5,6.63
X-3408,PKHD1,5314.0,Amp5,5.17
X-3408,PLAGL2,5326.0,Amp5,6.5
X-3408,PLD1,5337.0,Amp5,5.35
X-3408,PLEKHA2,59339.0,MutNovel,"A405V,0.286"
X-3408,PLEKHA2,59339.0,Amp5,5.86
X-3408,PLEKHH2,130271.0,Amp5,7.89
X-3408,PLGLA,285189.0,Amp5,6.59
X-3408,PLIN4,729359.0,MutNovel,"N332S,1.000"
X-3408,PNISR,25957.0,MutNovel,"E503V,0.991"
X-3408,PNP,4860.0,Amp5,5.06
X-3408,POFUT1,23509.0,Amp5,6.5
X-3408,POLR2H,5437.0,Amp5,5.35
X-3408,POU3F3,5455.0,Amp5,6.59
X-3408,POU4F1,5457.0,Del0.8,0.65
X-3408,PPAPDC1B,84513.0,Amp8,8.17
X-3408,PPM1B,5495.0,Amp5,5.1
X-3408,PPP1R2,5504.0,Amp5,5.39
X-3408,PPP2CB,5516.0,Amp5,5.98
X-3408,PRADC1,84279.0,Amp5,6.28
X-3408,PREPL,9581.0,Amp5,5.1
X-3408,PRIC285,85441.0,MutNovel,"R1365M,1.000"
X-3408,PRKCE,5581.0,Amp5,5.1
X-3408,PRKCI,5584.0,Amp5,5.35
X-3408,PRKY,5616.0,Del0.8,0.21
X-3408,PRND,23627.0,Amp5,5.17
X-3408,PRNP,5621.0,Amp5,5.17
X-3408,PRNT,149830.0,Amp5,5.17
X-3408,PRODH,5625.0,MutKnownFunctional,"-16,0.450"
X-3408,PROKR2,128674.0,Amp5,5.17
X-3408,PROSC,11212.0,Amp8,8.17
X-3408,PRR11,55771.0,MutNovel,"VT260-,0.342"
X-3408,PRR20B,729233.0,Del0.8,0.65
X-3408,PRR5,55615.0,MutNovel,"R195H,0.333"
X-3408,PRY,9081.0,Del0.8,0.21
X-3408,PRY,9081.0,Del0.8,0.21
X-3408,PRY2,442862.0,Del0.8,0.21
X-3408,PRY2,442862.0,Del0.8,0.21
X-3408,PSIMCT-1,100101490.0,Amp5,6.5
X-3408,PSMD2,5708.0,Amp5,5.35
X-3408,PSME1,5720.0,Del0.8,0.65
X-3408,PSME2,5721.0,Del0.8,0.65
X-3408,PTPLAD2,401494.0,Del0.8,0.26
X-3408,PTPN4,5775.0,Amp5,5.98
X-3408,PTPRB,5787.0,MutNovel,"L1397F,1.000"
X-3408,PURG,29942.0,Amp5,5.98
X-3408,PXMP4,11264.0,Amp5,5.54
X-3408,PYDC2,152138.0,Amp5,5.35
X-3408,QRICH1,54870.0,MutNovel,"S716T,0.479"
X-3408,RAB11FIP1,80223.0,Amp8,8.17
X-3408,RAB11FIP5,26056.0,Amp5,6.28
X-3408,RAB23,51715.0,Amp5,7.78
X-3408,RAB2B,84932.0,Amp5,5.06
X-3408,RABGGTA,5875.0,Del0.8,0.65
X-3408,RABGGTB,5876.0,Del0.8,0.64
X-3408,RAD52,5893.0,MutNovel,"K323N,0.367"
X-3408,RALB,5899.0,Amp5,5.98
X-3408,RALY,22913.0,Amp5,5.54
X-3408,RASSF2,9770.0,Amp5,5.17
X-3408,RBAK,57786.0,MutNovel,"E620V,1.000"
X-3408,RBM26,64062.0,Del0.8,0.65
X-3408,RBM26-AS1,100505538.0,Del0.8,0.65
X-3408,RBMY1A3P,286557.0,Del0.8,0.21
X-3408,RBMY1B,378948.0,Del0.8,0.21
X-3408,RBMY1B,378948.0,Del0.8,0.21
X-3408,RBMY1E,378950.0,Del0.8,0.21
X-3408,RBMY1E,378950.0,Del0.8,0.21
X-3408,RBMY1F,159163.0,Del0.8,0.21
X-3408,RBMY1F,159163.0,Del0.8,0.21
X-3408,RBMY1J,378951.0,Del0.8,0.21
X-3408,RBMY1J,378951.0,Del0.8,0.21
X-3408,RBMY2EP,159125.0,Del0.8,0.21
X-3408,RBMY2FP,159162.0,Del0.8,0.21
X-3408,RBMY3AP,64593.0,Del0.8,0.21
X-3408,REC8,9985.0,Del0.8,0.65
X-3408,REM1,28954.0,Amp5,6.5
X-3408,REREP3,646396.0,Del0.8,0.73
X-3408,REV3L,5980.0,MutNovel,"M172I,0.625"
X-3408,RFC4,5984.0,Amp5,5.35
X-3408,RGNEF,64283.0,MutNovel,"A696V,1.000"
X-3408,RGPD3,653489.0,Amp5,6.59
X-3408,RGPD4,285190.0,Amp5,6.73
X-3408,RGPD5,84220.0,MutNovel,"A1760P,1.000"
X-3408,RHOQ,23433.0,Amp5,5.1
X-3408,RIPK3,11035.0,Del0.8,0.65
X-3408,RNASE1,6035.0,Amp5,5.06
X-3408,RNASE10,338879.0,Amp5,5.06
X-3408,RNASE11,122651.0,Amp5,5.06
X-3408,RNASE12,493901.0,Amp5,5.06
X-3408,RNASE13,440163.0,Amp5,5.06
X-3408,RNASE2,6036.0,Amp5,5.06
X-3408,RNASE3,6037.0,Amp5,5.06
X-3408,RNASE4,6038.0,Amp5,5.06
X-3408,RNASE6,6039.0,Amp5,5.06
X-3408,RNASE7,84659.0,Amp5,5.06
X-3408,RNASE8,122665.0,Amp5,5.06
X-3408,RNASE9,390443.0,Amp5,5.06
X-3408,RNF103,7844.0,MutNovel,"I202V,0.980"
X-3408,RNF168,165918.0,Amp5,5.46
X-3408,RNF20,56254.0,MutNovel,"E503D,1.000"
X-3408,RNF212,285498.0,MutKnownFunctional,"-37?,0.765"
X-3408,RNF213,57674.0,MutNovel,"T1705K,0.400"
X-3408,RNF219,79596.0,Del0.8,0.65
X-3408,RNF24,11237.0,Amp5,5.17
X-3408,RNF31,55072.0,Del0.8,0.65
X-3408,RNF5P1,286140.0,Amp5,5.86
X-3408,RNLS,55328.0,MutNovel,"E256D,0.389"
X-3408,RNPS1,10921.0,MutNovel,"S127-,0.365"
X-3408,RNU4ATAC,100151683.0,Amp5,5.98
X-3408,RPGRIP1,57096.0,Amp5,5.06
X-3408,RPL14,9045.0,MutNovel,"TAA149T,0.713"
X-3408,RPL22L1,200916.0,Amp5,5.35
X-3408,RPL35A,6165.0,Amp5,5.46
X-3408,RPL39L,116832.0,Amp5,5.35
X-3408,RPPH1,85495.0,Amp5,5.06
X-3408,RPS4Y1,6192.0,Del0.8,0.21
X-3408,RPS4Y2,140032.0,Del0.8,0.21
X-3408,RRP8,23378.0,MutNovel,"R372K,0.426"
X-3408,RTEL1,51750.0,MutNovel,"R1023G,1.000"
X-3408,RTP1,132112.0,Amp5,5.35
X-3408,RTP2,344892.0,Amp5,5.35
X-3408,RTP4,64108.0,Amp5,5.35
X-3408,RUNX3,864.0,MutNovel,"A77T,0.381"
X-3408,S1PR3,1903.0,MutKnownFunctional,"-76,0.727"
X-3408,SALL2,6297.0,Amp5,5.06
X-3408,SAMD7,344658.0,Amp5,5.35
X-3408,SATB1,6304.0,MutNovel,"D195Y,1.000"
X-3408,SCEL,8796.0,Del0.8,0.65
X-3408,SCTR,6344.0,Amp5,5.98
X-3408,SDHAP1,255812.0,Amp5,5.46
X-3408,SDHAP2,727956.0,Amp5,5.39
X-3408,SDR39U1,56948.0,Del0.8,0.65
X-3408,SEC62,7095.0,Amp5,5.35
X-3408,SEMA6B,10501.0,MutNovel,"A562V,1.000"
X-3408,SENP2,59343.0,Amp5,5.35
X-3408,SENP5,205564.0,Amp5,5.46
X-3408,SERINC2,347735.0,MutNovel,"-373Q,0.699"
X-3408,SERPINI1,5274.0,Amp5,5.35
X-3408,SERPINI2,5276.0,Amp5,5.35
X-3408,SFXN5,94097.0,MutNovel,"C214G,0.455"
X-3408,SFXN5,94097.0,Amp5,6.28
X-3408,SGK196,84197.0,Amp5,7.36
X-3408,SI,6476.0,Amp5,5.35
X-3408,SIGLEC1,6614.0,Amp5,5.17
X-3408,SIRPB1,10326.0,Amp5,5.54
X-3408,SIX2,10736.0,Amp5,5.1
X-3408,SIX3,6496.0,Amp5,5.1
X-3408,SKIL,6498.0,Amp5,5.35
X-3408,SLAIN1,122060.0,Del0.8,0.65
X-3408,SLC23A2,9962.0,Amp5,5.17
X-3408,SLC24A2,25769.0,Del0.8,0.19
X-3408,SLC2A2,6514.0,Amp5,5.35
X-3408,SLC35D1,23169.0,MutNovel,"L347P,0.714"
X-3408,SLC39A2,29986.0,Amp5,5.06
X-3408,SLC3A1,6519.0,Amp5,5.1
X-3408,SLC44A5,204962.0,Del0.8,0.64
X-3408,SLC4A11,83959.0,Amp5,5.17
X-3408,SLC5A7,60482.0,Amp5,6.73
X-3408,SLC7A14,57709.0,Amp5,5.35
X-3408,SLC8A1,6546.0,Amp5,6.41
X-3408,SLITRK1,114798.0,Del0.8,0.65
X-3408,SLITRK3,22865.0,Amp5,5.35
X-3408,SLITRK4,139065.0,MutNovel,"N173T,1.000"
X-3408,SLITRK5,26050.0,Del0.8,0.65
X-3408,SLITRK6,84189.0,Del0.8,0.65
X-3408,SMARCE1,6605.0,MutNovel,"P45L,0.279"
X-3408,SMOX,54498.0,MutNovel,"S333L,0.591"
X-3408,SMOX,54498.0,Amp5,5.17
X-3408,SMYD5,10322.0,Amp5,6.28
X-3408,SNAR-I,100170222.0,Amp5,5.35
X-3408,SNF8,11267.0,MutNovel,"G92D,0.515"
X-3408,SNORA4,619568.0,Amp5,5.35
X-3408,SNORA63,6043.0,Amp5,5.35
X-3408,SNORA81,677847.0,Amp5,5.35
X-3408,SNORD126,100113391.0,Amp5,5.06
X-3408,SNORD2,619567.0,Amp5,5.35
X-3408,SNORD45A,26805.0,Del0.8,0.64
X-3408,SNORD45B,26804.0,Del0.8,0.64
X-3408,SNORD45C,692085.0,Del0.8,0.64
X-3408,SNORD66,692107.0,Amp5,5.35
X-3408,SNORD8,319103.0,Amp5,5.06
X-3408,SNORD9,692053.0,Amp5,5.06
X-3408,SOCS5,9655.0,Amp5,5.1
X-3408,SOX2,6657.0,Amp5,5.35
X-3408,SOX2-OT,347689.0,Amp5,5.35
X-3408,SPATA16,83893.0,Amp5,5.35
X-3408,SPEF1,25876.0,Amp5,5.17
X-3408,SPR,6697.0,Amp8,9.58
X-3408,SPRY2,10253.0,Del0.8,0.65
X-3408,SPTB,6710.0,MutNovel,"Q1316H,0.727"
X-3408,SRBD1,55133.0,Amp5,5.1
X-3408,SRY,6736.0,Del0.8,0.21
X-3408,SSBP2,23635.0,MutNovel,"P13R,1.000"
X-3408,SST,6750.0,Amp5,5.35
X-3408,ST6GAL1,6480.0,Amp5,5.35
X-3408,ST6GAL2,84620.0,Amp5,6.73
X-3408,ST6GALNAC3,256435.0,Del0.8,0.64
X-3408,STAMBP,10617.0,Amp5,6.28
X-3408,STAR,6770.0,Amp8,8.17
X-3408,STXBP6,29091.0,Del0.8,0.65
X-3408,SULT1C2,6819.0,Amp5,6.73
X-3408,SULT1C2P1,151234.0,Amp5,5.46
X-3408,SULT1C3,442038.0,Amp5,6.73
X-3408,SUPT16H,11198.0,Amp5,5.06
X-3408,TACC1,6867.0,MutKnownFunctional,"W6*,0.760"
X-3408,TACC1,6867.0,Amp5,5.86
X-3408,TBC1D4,9882.0,Del0.8,0.65
X-3408,TBCCD1,55171.0,Amp5,5.35
X-3408,TBL1XR1,79718.0,Amp5,5.35
X-3408,TBL1Y,90665.0,Del0.8,0.21
X-3408,TCTEX1D2,255758.0,Amp5,5.46
X-3408,TDRD3,81550.0,Del0.8,0.64
X-3408,TEKT4,150483.0,MutNovel,"E385Q,0.778"
X-3408,TEKT4,150483.0,MutNovel,"R424C,0.500"
X-3408,TEP1,7011.0,MutNovel,"N507T,0.375"
X-3408,TEP1,7011.0,Amp5,5.06
X-3408,TERC,7012.0,Amp5,5.35
X-3408,TET3,200424.0,MutNovel,"W1574L,0.973"
X-3408,TEX15,56154.0,Amp5,5.98
X-3408,TEX261,113419.0,Amp5,7.78
X-3408,TFCP2L1,29842.0,Amp5,5.98
X-3408,TFG,10342.0,Amp5,5.5
X-3408,TFRC,7037.0,Amp5,5.46
X-3408,TGFB2,7042.0,MutNovel,"R348C,1.000"
X-3408,TGFBRAP1,9392.0,Amp5,6.59
X-3408,TGIF2LX,90316.0,MutNovel,"P14Q,1.000"
X-3408,TGIF2LY,90655.0,Del0.8,0.21
X-3408,TGM1,7051.0,Del0.8,0.65
X-3408,THADA,63892.0,Amp5,7.89
X-3408,THPO,7066.0,Amp5,5.35
X-3408,THUMPD2,80745.0,Amp5,6.41
X-3408,TINAG,27283.0,Amp5,7.21
X-3408,TINF2,26277.0,Del0.8,0.65
X-3408,TIPARP,25976.0,MutNovel,"H545Q,0.664"
X-3408,TM2D2,83877.0,Amp5,5.86
X-3408,TM4SF19,116211.0,Amp5,5.46
X-3408,TM4SF19-TCTEX1D2,100534611.0,Amp5,5.46
X-3408,TM9SF1,10548.0,Del0.8,0.65
X-3408,TM9SF4,9777.0,Amp5,6.5
X-3408,TMEM14A,28978.0,Amp5,6.73
X-3408,TMEM177,80775.0,Amp5,5.98
X-3408,TMEM185B,79134.0,Amp5,5.98
X-3408,TMEM207,131920.0,Amp5,5.35
X-3408,TMEM212,389177.0,Amp5,5.35
X-3408,TMEM37,140738.0,Amp5,5.98
X-3408,TMEM41A,90407.0,Amp5,5.35
X-3408,TMEM44,93109.0,Amp5,5.39
X-3408,TMEM55B,90809.0,Amp5,5.06
X-3408,TMSB4Y,9087.0,Del0.8,0.21
X-3408,TNFSF10,8743.0,Amp5,5.35
X-3408,TNIK,23043.0,Amp5,5.35
X-3408,TNK2,10188.0,Amp5,5.46
X-3408,TNNI3K,51086.0,Del0.8,0.64
X-3408,TOP2A,7153.0,MutNovel,"I1064S,0.546"
X-3408,TOX4,9878.0,Amp5,5.06
X-3408,TP63,8626.0,Amp5,5.35
X-3408,TPPP2,122664.0,Amp5,5.06
X-3408,TPRG1,285386.0,Amp5,5.35
X-3408,TPRKB,51002.0,Amp5,6.28
X-3408,TPX2,22974.0,Amp5,6.5
X-3408,TRA2B,6434.0,Amp5,5.35
X-3408,TRAM2,9697.0,Amp5,6.73
X-3408,TRANK1,9881.0,MutNovel,"S2505G,1.000"
X-3408,TRAPPC11,60684.0,MutNovel,"G169V,0.500"
X-3408,TRMT6,51605.0,Amp5,5.17
X-3408,TSEN34,79042.0,MutNovel,"G174V,0.479"
X-3408,TSN,7247.0,Amp5,5.98
X-3408,TSPY1,7258.0,Del0.8,0.21
X-3408,TSPY2,64591.0,Del0.8,0.21
X-3408,TSPY26P,128854.0,Amp5,6.5
X-3408,TSPY3,728137.0,Del0.8,0.21
X-3408,TSPY4,728395.0,Del0.8,0.21
X-3408,TSPY8,728403.0,Del0.8,0.21
X-3408,TSPYL1,7259.0,MutNovel,"V176VW,0.798"
X-3408,TSSK4,283629.0,Del0.8,0.65
X-3408,TTC14,151613.0,Amp5,5.35
X-3408,TTC5,91875.0,MutNovel,"M57V,0.512"
X-3408,TTC5,91875.0,Amp5,5.06
X-3408,TTC7A,57217.0,Amp5,5.1
X-3408,TTLL9,164395.0,Amp5,6.5
X-3408,TTTY10,246119.0,Del0.8,0.21
X-3408,TTTY11,83866.0,Del0.8,0.21
X-3408,TTTY12,83867.0,Del0.8,0.21
X-3408,TTTY13,83868.0,Del0.8,0.21
X-3408,TTTY14,83869.0,Del0.8,0.21
X-3408,TTTY15,64595.0,Del0.8,0.21
X-3408,TTTY16,252948.0,Del0.8,0.21
X-3408,TTTY17A,252949.0,Del0.8,0.21
X-3408,TTTY17A,252949.0,Del0.8,0.21
X-3408,TTTY18,252950.0,Del0.8,0.21
X-3408,TTTY19,252952.0,Del0.8,0.21
X-3408,TTTY1B,100101116.0,Del0.8,0.21
X-3408,TTTY1B,100101116.0,Del0.8,0.21
X-3408,TTTY2,60439.0,Del0.8,0.21
X-3408,TTTY2,60439.0,Del0.8,0.21
X-3408,TTTY20,252951.0,Del0.8,0.21
X-3408,TTTY21,252953.0,Del0.8,0.21
X-3408,TTTY21,252953.0,Del0.8,0.21
X-3408,TTTY22,252954.0,Del0.8,0.21
X-3408,TTTY23,252955.0,Del0.8,0.21
X-3408,TTTY23,252955.0,Del0.8,0.21
X-3408,TTTY3,114760.0,Del0.8,0.21
X-3408,TTTY3,114760.0,Del0.8,0.21
X-3408,TTTY4,114761.0,Del0.8,0.21
X-3408,TTTY4,114761.0,Del0.8,0.21
X-3408,TTTY5,83863.0,Del0.8,0.21
X-3408,TTTY6,84672.0,Del0.8,0.21
X-3408,TTTY6,84672.0,Del0.8,0.21
X-3408,TTTY7,246122.0,Del0.8,0.21
X-3408,TTTY7,246122.0,Del0.8,0.21
X-3408,TTTY7B,100101120.0,Del0.8,0.21
X-3408,TTTY7B,100101120.0,Del0.8,0.21
X-3408,TTTY8,84673.0,Del0.8,0.21
X-3408,TTTY8,84673.0,Del0.8,0.21
X-3408,TTTY9A,83864.0,Del0.8,0.21
X-3408,TTTY9A,83864.0,Del0.8,0.21
X-3408,TXLNG2P,246126.0,Del0.8,0.21
X-3408,TYW3,127253.0,Del0.8,0.64
X-3408,UBN2,254048.0,MutKnownFunctional,"E21*,1.000"
X-3408,UBXN2B,137886.0,MutNovel,"S150G,0.513"
X-3408,UBXN7,26043.0,Amp5,5.46
X-3408,UBXN8,7993.0,Amp5,5.98
X-3408,UCHL3,7347.0,Del0.8,0.65
X-3408,UCHL5,51377.0,MutNovel,"P48L,0.529"
X-3408,UEVLD,55293.0,MutNovel,"V211L,0.475"
X-3408,UGT1A9,54600.0,MutNovel,"N152A,0.878"
X-3408,UNQ6975,400952.0,Amp5,5.1
X-3408,USP13,8975.0,Amp5,5.35
X-3408,USP32P2,220594.0,Del0.8,0.42
X-3408,USP36,57602.0,MutNovel,"KKK958K,0.291"
X-3408,USP9Y,8287.0,Del0.8,0.21
X-3408,UTS2D,257313.0,Amp5,5.35
X-3408,UTY,7404.0,Del0.8,0.21
X-3408,UXS1,80146.0,Amp5,6.59
X-3408,VAX2,25806.0,Amp5,7.78
X-3408,VCL,7414.0,MutNovel,"M956V,0.769"
X-3408,VCY,9084.0,Del0.8,0.21
X-3408,VCY,9084.0,Del0.8,0.21
X-3408,VPS8,23355.0,Amp5,5.35
X-3408,VWA5B2,90113.0,Amp5,5.35
X-3408,VWDE,221806.0,MutNovel,"V787I,1.000"
X-3408,WDR49,151790.0,Amp5,5.35
X-3408,WDR53,348793.0,Amp5,5.46
X-3408,WHSC1L1,54904.0,Amp5,6.92
X-3408,WRN,7486.0,Amp5,5.98
X-3408,WSCD2,9671.0,MutNovel,"R113Q,0.500"
X-3408,XKR7,343702.0,Amp5,6.5
X-3408,XKRY2,353515.0,Del0.8,0.21
X-3408,XKRY2,353515.0,Del0.8,0.21
X-3408,XXYLT1,152002.0,Amp5,5.39
X-3408,YBX1,4904.0,MutNovel,"G37C,0.277"
X-3408,YBX1,4904.0,MutNovel,"S174L,0.662"
X-3408,YEATS2,55689.0,Amp5,5.35
X-3408,ZBBX,79740.0,Amp5,5.35
X-3408,ZBTB42,100128927.0,MutNovel,"A166S,0.640"
X-3408,ZDHHC11,79844.0,MutNovel,"A303D,0.857"
X-3408,ZDHHC19,131540.0,Amp5,5.46
X-3408,ZFP36L2,678.0,Amp5,7.89
X-3408,ZFY,7544.0,Del0.8,0.21
X-3408,ZMAT3,64393.0,Amp5,5.35
X-3408,ZNF175,7728.0,MutNovel,"H603R,0.500"
X-3408,ZNF195,7748.0,MutKnownFunctional,"Q338*,0.462"
X-3408,ZNF219,51222.0,MutNovel,"G504R,0.320"
X-3408,ZNF219,51222.0,Amp5,5.06
X-3408,ZNF253,56242.0,MutNovel,"G59V,1.000"
X-3408,ZNF300,91975.0,MutNovel,"Q520R,1.000"
X-3408,ZNF341,84905.0,Amp5,5.54
X-3408,ZNF384,171017.0,MutNovel,"QQ514Q,0.276"
X-3408,ZNF432,9668.0,MutNovel,"L137F,0.600"
X-3408,ZNF44,51710.0,MutNovel,"Y301C,1.000"
X-3408,ZNF451,26036.0,MutNovel,"A307P,0.829"
X-3408,ZNF451,26036.0,Amp5,7.78
X-3408,ZNF500,26048.0,MutNovel,"R407Q,0.545"
X-3408,ZNF516,9658.0,MutNovel,"P484L,0.231"
X-3408,ZNF638,27332.0,Amp5,7.78
X-3408,ZNF639,51193.0,Amp5,5.35
X-3408,ZNF703,80139.0,Amp8,8.17
X-3408,ZNF727,442319.0,MutNovel,"T82N,1.000"
X-3408,ZNF98,148198.0,MutNovel,"T32N,0.227"
X-3408,ZSCAN21,7589.0,MutNovel,"S169C,1.000"
X-3408,ZSWIM6,57688.0,MutNovel,"G665R,1.000"
X-3408,ZWINT,11130.0,MutNovel,"K97I,0.742"
X-3843,AADAC,13.0,Amp5,5.5
X-3843,AADACL2,344752.0,Amp5,5.5
X-3843,AATK,9625.0,MutNovel,"A1332T,1.000"
X-3843,ABCA12,26154.0,MutKnownFunctional,"-1671?,0.400"
X-3843,ABCA7,10347.0,MutNovel,"A391T,1.000"
X-3843,ABCC5,10057.0,Amp5,5.54
X-3843,ABCF3,55324.0,Amp5,5.54
X-3843,ACO2,50.0,Amp5,6.77
X-3843,ACR,49.0,MutNovel,"G217E,0.429"
X-3843,ACTL6A,86.0,Amp5,5.54
X-3843,ADAM6,8755.0,Amp5,5.62
X-3843,ADAMTS12,81792.0,MutNovel,"P1016A,0.267"
X-3843,ADAMTS12,81792.0,Amp5,7.16
X-3843,ADCY2,108.0,Amp8,9.99
X-3843,ADH1B,125.0,MutNovel,"C104Y,0.667"
X-3843,ADIPOQ,9370.0,Amp5,5.54
X-3843,ADNP,23394.0,MutNovel,"R13T,0.442"
X-3843,ADSL,158.0,Amp5,6.77
X-3843,AGTR1,185.0,Amp5,5.5
X-3843,AGXT2,64902.0,Amp5,7.01
X-3843,AHNAK,79026.0,MutNovel,"P2351L,0.324"
X-3843,AHRR,57491.0,Amp8,10.63
X-3843,AHSG,197.0,Amp5,5.54
X-3843,AKR1B15,441282.0,MutNovel,"N191S,0.444"
X-3843,AKR1C4,1109.0,MutNovel,"V37A,0.541"
X-3843,ALG10,84920.0,MutNovel,"D37N,0.409"
X-3843,ALG3,10195.0,Amp5,5.54
X-3843,AMACR,23600.0,Amp5,7.16
X-3843,ANGEL1,23357.0,MutKnownFunctional,"R524*,1.000"
X-3843,ANKAR,150709.0,Amp5,6.96
X-3843,ANKH,56172.0,Amp8,10.78
X-3843,ANKRD33B,651746.0,Amp8,9.38
X-3843,ANKRD36,375248.0,MutNovel,"T998S,0.343"
X-3843,ANKRD52,283373.0,MutNovel,"A738V,0.500"
X-3843,ANKUB1,389161.0,Amp5,5.5
X-3843,AP1B1,162.0,Amp5,7.67
X-3843,AP2M1,1173.0,Amp5,5.54
X-3843,APOL5,80831.0,Amp5,6.28
X-3843,APOL6,80830.0,Amp5,6.28
X-3843,ARHGAP21,57584.0,MutNovel,"E1501K,0.403"
X-3843,ARHGEF26,26084.0,Amp5,5.5
X-3843,ARHGEF26-AS1,100507524.0,Amp5,5.5
X-3843,ARL14,80117.0,Amp5,5.35
X-3843,ARL6IP6,151188.0,MutNovel,"G47R,0.431"
X-3843,ARMS2,387715.0,Del0.8,0.41
X-3843,ASNSD1,54529.0,Amp5,6.96
X-3843,ASPM,259266.0,MutNovel,"T2563G,0.446"
X-3843,ATG16L2,89849.0,MutNovel,"K226N,0.378"
X-3843,ATG2B,55102.0,MutNovel,"S1829A,0.227"
X-3843,ATM,472.0,MutKnownFunctional,"-1764,0.500"
X-3843,ATP11B,23200.0,Amp5,5.54
X-3843,ATP6V1B2,526.0,Amp5,5.17
X-3843,B3GALNT1,8706.0,Amp5,5.35
X-3843,B3GNT5,84002.0,Amp5,5.54
X-3843,BASP1,10409.0,Amp8,11.79
X-3843,BCAM,4059.0,MutNovel,"P277L,0.256"
X-3843,BCHE,590.0,Amp5,5.54
X-3843,BCL6,604.0,Amp5,5.54
X-3843,BMS1,9790.0,MutNovel,"D871Y,0.318"
X-3843,BRD9,65980.0,Amp8,9.06
X-3843,BRIX1,55299.0,Amp5,7.01
X-3843,BTRC,8945.0,MutNovel,"V450G,1.000"
X-3843,C14orf101,54916.0,MutNovel,"S173L,0.455"
X-3843,C19orf33,64073.0,MutNovel,"K100-,0.257"
X-3843,C1QTNF3,114899.0,Amp5,7.16
X-3843,C22orf31,25770.0,Amp5,7.67
X-3843,C22orf46,79640.0,Amp5,6.77
X-3843,C2orf69,205327.0,MutNovel,"R42Q,0.455"
X-3843,C2orf88,84281.0,Amp5,6.96
X-3843,C3orf33,285315.0,Amp5,5.5
X-3843,C3orf55,152078.0,Amp5,5.5
X-3843,C3orf65,646600.0,Amp5,5.54
X-3843,C3orf70,285382.0,Amp5,5.54
X-3843,C3orf79,152118.0,Amp5,5.5
X-3843,C3orf80,401097.0,Amp5,5.35
X-3843,C5orf22,55322.0,Amp5,7.16
X-3843,C5orf28,64417.0,Amp8,9.25
X-3843,C5orf34,375444.0,Amp8,9.25
X-3843,C5orf42,65250.0,Amp5,7.01
X-3843,C5orf49,134121.0,Amp8,9.99
X-3843,C5orf51,285636.0,Amp8,9.25
X-3843,C5orf55,116349.0,Amp8,10.63
X-3843,C6,729.0,Amp8,9.25
X-3843,C7,730.0,Amp8,9.25
X-3843,C9,735.0,Amp8,9.25
X-3843,C9orf53,51198.0,Del0.8,0.43
X-3843,CADPS,8618.0,MutNovel,"I129M,1.000"
X-3843,CAMK2N2,94032.0,Amp5,5.54
X-3843,CAPN10,11132.0,MutNovel,"T528M,0.481"
X-3843,CAPSL,133690.0,Amp5,7.01
X-3843,CARD6,84674.0,Amp8,9.25
X-3843,CBWD6,644019.0,MutKnownFunctional,"-259?,0.276"
X-3843,CBX6,23466.0,MutNovel,"S40R,0.208"
X-3843,CCDC117,150275.0,Amp5,7.67
X-3843,CCDC127,133957.0,Amp8,10.63
X-3843,CCDC134,79879.0,Amp5,6.77
X-3843,CCDC152,100129792.0,Amp8,9.25
X-3843,CCDC28A,25901.0,MutNovel,"P231T,0.488"
X-3843,CCDC39,339829.0,Amp5,5.54
X-3843,CCL28,56477.0,Amp8,9.25
X-3843,CCNL1,57018.0,Amp5,5.5
X-3843,CCT3,7203.0,MutNovel,"I70V,0.494"
X-3843,CCT5,22948.0,Amp8,9.38
X-3843,CD44,960.0,MutNovel,"T146S,0.399"
X-3843,CDH10,1008.0,Amp8,11.39
X-3843,CDH12,1010.0,Amp8,11.39
X-3843,CDH18,1016.0,MutNovel,"C10F,1.000"
X-3843,CDH18,1016.0,Amp8,11.79
X-3843,CDH6,1004.0,Amp5,7.16
X-3843,CDH8,1006.0,MutNovel,"D521Y,0.350"
X-3843,CDH9,1007.0,Amp8,11.39
X-3843,CDKN2A,1029.0,Del0.8,0.43
X-3843,CDRT15,146822.0,MutNovel,"R169Q,1.000"
X-3843,CDRT15,146822.0,MutNovel,"R149G,1.000"
X-3843,CEACAM1,634.0,MutNovel,"T100I,0.672"
X-3843,CEACAM1,634.0,MutNovel,"S96I,0.642"
X-3843,CEL,1056.0,MutNovel,"A692P,0.600"
X-3843,CEP164,22897.0,MutNovel,"K821T,0.370"
X-3843,CEP350,9857.0,MutNovel,"V1270I,0.405"
X-3843,CEP72,55722.0,Amp8,10.63
X-3843,CHADL,150356.0,Amp5,6.77
X-3843,CHEK2,11200.0,Amp5,7.67
X-3843,CHMP1A,5119.0,MutNovel,"RRCAPPLPR194R,0.632"
X-3843,CHRD,8646.0,Amp5,5.54
X-3843,CLASP2,23122.0,MutNovel,"R628L,1.000"
X-3843,CLASRP,11129.0,MutNovel,"R237K,0.226"
X-3843,CLCN2,1181.0,Amp5,5.54
X-3843,CLDN11,5010.0,Amp5,5.54
X-3843,CLIC1,1192.0,MutNovel,"E218Q,1.000"
X-3843,CLPTM1L,81037.0,Amp8,9.06
X-3843,CLRN1,7401.0,Amp5,5.5
X-3843,CLRN1-AS1,116933.0,Amp5,5.5
X-3843,CMBL,134147.0,Amp8,9.38
X-3843,CNDP2,55748.0,MutNovel,"AKTVIP328A,0.897"
X-3843,CNKSR1,10256.0,MutKnownFunctional,"-282,0.309"
X-3843,CNTN5,53942.0,MutNovel,"G1054A,0.353"
X-3843,CNTNAP3B,728577.0,MutNovel,"G1163D,0.750"
X-3843,COMMD2,51122.0,Amp5,5.5
X-3843,COPZ2,51226.0,MutKnownFunctional,"-23?,0.333"
X-3843,CP,1356.0,Amp5,5.5
X-3843,CPA3,1359.0,Amp5,5.5
X-3843,CPB1,1360.0,Amp5,5.5
X-3843,CPEB2,132864.0,MutNovel,"D192H,1.000"
X-3843,CPT2,1376.0,MutNovel,"Y479C,0.568"
X-3843,CROCC,9696.0,MutNovel,"E1241K,0.615"
X-3843,CRYGS,1427.0,Amp5,5.54
X-3843,CSDC2,27254.0,Amp5,6.77
X-3843,CSGALNACT1,55790.0,MutNovel,"K54N,1.000"
X-3843,CSGALNACT1,55790.0,Amp5,5.17
X-3843,CSPG4,1464.0,MutNovel,"I1078M,1.000"
X-3843,CTNND2,1501.0,Amp8,10.41
X-3843,CTNS,1497.0,MutNovel,"S342A,0.236"
X-3843,CTSA,5476.0,MutNovel,"L29-,0.745"
X-3843,CTTN,2017.0,MutNovel,"F236L,0.331"
X-3843,CYP4F2,8529.0,MutNovel,"T472A,1.000"
X-3843,CYP4F2,8529.0,MutNovel,"E448K,1.000"
X-3843,CYP4F8,11283.0,MutNovel,"A206V,1.000"
X-3843,CYP4F8,11283.0,MutNovel,"T211K,1.000"
X-3843,DAB2,1601.0,Amp8,9.25
X-3843,DAP,1611.0,Amp8,9.38
X-3843,DCUN1D1,54165.0,Amp5,5.54
X-3843,DDX47,51202.0,MutNovel,"F338S,0.314"
X-3843,DDX60L,91351.0,MutNovel,"I389V,1.000"
X-3843,DEFB104B,503618.0,Del0.8,0.52
X-3843,DEFB105B,504180.0,Del0.8,0.52
X-3843,DEFB106B,503841.0,Del0.8,0.52
X-3843,DEFB107A,245910.0,Del0.8,0.52
X-3843,DENND4B,9909.0,MutNovel,"QQQ908-,0.333"
X-3843,DENND5A,23258.0,MutNovel,"Q66H,0.225"
X-3843,DGKG,1608.0,Amp5,5.54
X-3843,DHX36,170506.0,MutNovel,"C381W,0.500"
X-3843,DHX36,170506.0,Amp5,5.5
X-3843,DMBT1,1755.0,Del0.8,0.42
X-3843,DNAH5,1767.0,Amp8,10.78
X-3843,DNAJB11,51726.0,Amp5,5.54
X-3843,DNAJB7,150353.0,Amp5,6.77
X-3843,DNAJC19,131118.0,Amp5,5.54
X-3843,DNAJC21,134218.0,Amp5,7.01
X-3843,DNAJC7,7266.0,MutNovel,"A62S,0.994"
X-3843,DOK7,285489.0,MutNovel,"S290L,1.000"
X-3843,DOPEY2,9980.0,MutNovel,"L1476P,1.000"
X-3843,DRD4,1815.0,MutNovel,"G41V,1.000"
X-3843,DRD4,1815.0,MutNovel,"A281P,1.000"
X-3843,DRD4,1815.0,MutNovel,"S284G,1.000"
X-3843,DROSHA,29102.0,Amp5,7.16
X-3843,DVL3,1857.0,Amp5,5.54
X-3843,ECE2,9718.0,Amp5,5.54
X-3843,ECT2,1894.0,MutNovel,"K286N,0.590"
X-3843,ECT2,1894.0,Amp5,5.54
X-3843,EFS,10278.0,MutKnownFunctional,"G431*,0.640"
X-3843,EFTUD2,9343.0,MutNovel,"T353R,0.270"
X-3843,EGFEM1P,93556.0,Amp5,5.54
X-3843,EGFLAM,133584.0,Amp5,7.01
X-3843,EHF,26298.0,MutNovel,"M31I,0.222"
X-3843,EHHADH,1962.0,Amp5,5.54
X-3843,EIF2A,83939.0,Amp5,5.5
X-3843,EIF2AK4,440275.0,MutNovel,"E1097K,0.517"
X-3843,EIF2B5,8893.0,Amp5,5.54
X-3843,EIF4A2,1974.0,Amp5,5.54
X-3843,EIF4G1,1981.0,Amp5,5.54
X-3843,EIF4G2,1982.0,MutNovel,"M357L,1.000"
X-3843,EIF5A2,56648.0,Amp5,5.54
X-3843,EME1,146956.0,MutNovel,"E90K,1.000"
X-3843,EMID1,129080.0,Amp5,7.67
X-3843,EP300,2033.0,Amp5,6.77
X-3843,EP400,57634.0,MutNovel,"A2563S,0.603"
X-3843,EPHB3,2049.0,Amp5,5.54
X-3843,ETV5,2119.0,Amp5,5.54
X-3843,EWSR1,2130.0,Amp5,7.67
X-3843,EXOC3,11336.0,Amp8,10.63
X-3843,FAM105A,54491.0,Amp8,10.78
X-3843,FAM105B,90268.0,Amp8,10.78
X-3843,FAM106A,80039.0,Del0.8,0.54
X-3843,FAM106CP,100129396.0,Amp5,5.06
X-3843,FAM129B,64855.0,MutNovel,"D181Y,0.236"
X-3843,FAM131A,131408.0,Amp5,5.54
X-3843,FAM134B,54463.0,Amp8,13.64
X-3843,FAM162B,221303.0,MutNovel,"A159D,1.000"
X-3843,FAM173B,134145.0,Amp8,9.38
X-3843,FAM179B,23116.0,MutNovel,"N672I,0.344"
X-3843,FAM194A,131831.0,Amp5,5.5
X-3843,FAM21A,387680.0,MutKnownFunctional,"-1169,0.840"
X-3843,FAM21A,387680.0,MutNovel,"M1171L,0.885"
X-3843,FASTKD3,79072.0,Amp8,9.99
X-3843,FBXL7,23194.0,Amp5,5.78
X-3843,FBXO4,26272.0,Amp8,9.25
X-3843,FBXO46,23403.0,MutNovel,"PAPL69L,0.617"
X-3843,FBXW10,10517.0,MutNovel,"T983A,1.000"
X-3843,FBXW7,55294.0,MutNovel,"T15TL,0.941"
X-3843,FETUB,26998.0,Amp5,5.54
X-3843,FGF10,2255.0,Amp8,9.25
X-3843,FLJ33581,400839.0,Del0.8,0.61
X-3843,FLJ42393,401105.0,Amp5,5.54
X-3843,FLJ46066,401103.0,Amp5,5.54
X-3843,FNDC3B,64778.0,Amp5,5.54
X-3843,FOXL2,668.0,MutNovel,"P332A,0.455"
X-3843,FRMD4B,23150.0,MutNovel,"P866S,0.495"
X-3843,FRS3,10817.0,MutNovel,"G36E,0.286"
X-3843,FXR1,8087.0,Amp5,5.54
X-3843,FYB,2533.0,Amp8,9.25
X-3843,GAS2L1,10634.0,Amp5,7.67
X-3843,GBP1,2633.0,MutNovel,"V437I,0.241"
X-3843,GBP1,2633.0,MutNovel,"E389D,0.421"
X-3843,GBP4,115361.0,MutNovel,"V381I,0.364"
X-3843,GBP4,115361.0,MutNovel,"V370M,0.455"
X-3843,GDNF,2668.0,Amp5,7.01
X-3843,GDPD1,284161.0,MutNovel,"H279R,1.000"
X-3843,GGA1,26088.0,MutNovel,"P436S,0.780"
X-3843,GHR,2690.0,Amp8,9.25
X-3843,GHSR,2693.0,Amp5,5.54
X-3843,GIGYF2,26058.0,MutNovel,"PQ1231P,0.651"
X-3843,GLI2,2736.0,MutNovel,"N261Y,0.484"
X-3843,GLS,2744.0,Amp5,5.03
X-3843,GMIP,51291.0,MutNovel,"D657V,0.333"
X-3843,GMPS,8833.0,Amp5,5.5
X-3843,GNB4,59345.0,Amp5,5.54
X-3843,GNPAT,8443.0,MutNovel,"T564S,0.376"
X-3843,GOLIM4,27333.0,Amp5,5.54
X-3843,GOLPH3,64083.0,Amp5,7.16
X-3843,GPR149,344758.0,Amp5,5.5
X-3843,GPR160,26996.0,Amp5,5.54
X-3843,GPR171,29909.0,Amp5,5.5
X-3843,GPR50,9248.0,MutNovel,"PTTGH501P,1.000"
X-3843,GPR87,53836.0,Amp5,5.5
X-3843,GRAMD3,65983.0,MutNovel,"R50P,0.989"
X-3843,GRN,2896.0,MutNovel,"G102S,0.263"
X-3843,GSTM1,2944.0,Del0.8,0.8
X-3843,GSTT1,2952.0,Del0.8,0.76
X-3843,GTF2IRD2B,389524.0,MutNovel,"L597S,0.236"
X-3843,GTPBP3,84705.0,MutNovel,"P311L,0.337"
X-3843,GUSBP1,728411.0,Amp8,11.39
X-3843,GYG1,2992.0,Amp5,5.5
X-3843,HCN1,348980.0,Amp8,9.25
X-3843,HEATR7A,727957.0,MutNovel,"R1015Q,1.000"
X-3843,HEATR7B2,133558.0,Amp8,9.25
X-3843,HGF,3082.0,MutNovel,"R168W,0.889"
X-3843,HIBCH,26275.0,Amp5,5.94
X-3843,HIST2H2AA4,723790.0,Del0.8,0.78
X-3843,HIST2H2BC,337873.0,Del0.8,0.78
X-3843,HIST2H3A,333932.0,Del0.8,0.78
X-3843,HLA-B,3106.0,MutNovel,"A235T,0.371"
X-3843,HLA-F,3134.0,MutNovel,"A267S,0.250"
X-3843,HLTF,6596.0,Amp5,5.5
X-3843,HMGCS1,3157.0,Amp8,9.25
X-3843,HMGXB4,10042.0,Amp5,6.28
X-3843,HMOX1,3162.0,Amp5,6.28
X-3843,HPS3,84343.0,Amp5,5.5
X-3843,HRG,3273.0,Amp5,5.54
X-3843,HSCB,150274.0,Amp5,7.67
X-3843,HTR3C,170572.0,Amp5,5.54
X-3843,HTR3D,200909.0,Amp5,5.54
X-3843,HTR3E,285242.0,Amp5,5.54
X-3843,HTRA1,5654.0,Del0.8,0.41
X-3843,HYDIN,54768.0,MutNovel,"H3869R,1.000"
X-3843,IARS,3376.0,MutNovel,"G956S,0.998"
X-3843,IDH1,3417.0,MutNovel,"H170L,0.494"
X-3843,IFT140,9742.0,MutNovel,"Y1074F,0.625"
X-3843,IFT80,57560.0,Amp5,5.35
X-3843,IGF2BP2,10644.0,Amp5,5.54
X-3843,IGSF10,285313.0,Amp5,5.5
X-3843,IL12A,3592.0,Amp5,5.35
X-3843,IL7R,3575.0,Amp5,7.01
X-3843,INPP1,3628.0,Amp5,5.03
X-3843,INTS1,26173.0,MutNovel,"R274C,1.000"
X-3843,INTS10,55174.0,Amp5,5.17
X-3843,IQCJ,654502.0,Amp5,5.35
X-3843,IQCJ-SCHIP1,100505385.0,Amp5,5.35
X-3843,IRX4,50805.0,Amp8,9.06
X-3843,ISX,91464.0,Amp5,6.28
X-3843,JAKMIP3,282973.0,MutNovel,"E597K,0.400"
X-3843,KCNAB1,7881.0,Amp5,5.5
X-3843,KCNMB2,10242.0,Amp5,5.54
X-3843,KCNMB3,27094.0,Amp5,5.54
X-3843,KIAA0125,9834.0,Amp5,5.62
X-3843,KIAA0391,9692.0,MutNovel,"L45W,0.672"
X-3843,KIAA1107,23285.0,MutNovel,"S1080C,0.450"
X-3843,KIF14,9928.0,MutNovel,"E783Q,0.703"
X-3843,KIF1B,23095.0,MutNovel,"Q1602E,0.356"
X-3843,KIF20B,9585.0,MutNovel,"L1062LKV,0.917"
X-3843,KLHL11,55175.0,MutKnownFunctional,"-700,0.571"
X-3843,KLHL11,55175.0,MutNovel,"L589F,0.621"
X-3843,KLHL24,54800.0,Amp5,5.54
X-3843,KLHL6,89857.0,Amp5,5.54
X-3843,KNG1,3827.0,Amp5,5.54
X-3843,KNTC1,9735.0,MutNovel,"S1266I,0.400"
X-3843,KPNA4,3840.0,Amp5,5.35
X-3843,KREMEN1,83999.0,Amp5,7.67
X-3843,KRT1,3848.0,MutNovel,"Q453K,1.000"
X-3843,KRT14,3861.0,MutNovel,"L96F,0.238"
X-3843,KRT16P2,400578.0,Amp5,5.06
X-3843,KRT2,3849.0,MutNovel,"Q451K,1.000"
X-3843,KRT3,3850.0,MutNovel,"Y511C,0.571"
X-3843,KRT3,3850.0,MutNovel,"Y511S,0.571"
X-3843,KRT3,3850.0,MutNovel,"N461K,0.875"
X-3843,KRT3,3850.0,MutNovel,"N461R,0.875"
X-3843,KRT6C,286887.0,MutNovel,"G88R,0.231"
X-3843,KRT75,9119.0,MutNovel,"I440T,0.375"
X-3843,KRT75,9119.0,MutNovel,"I440V,0.625"
X-3843,KRT75,9119.0,MutNovel,"I440V,0.625"
X-3843,KRT75,9119.0,MutNovel,"A336T,0.695"
X-3843,KRT78,196374.0,MutNovel,"Q372E,1.000"
X-3843,KRT78,196374.0,MutNovel,"Q372E,1.000"
X-3843,KRT78,196374.0,MutNovel,"Y275N,0.875"
X-3843,KRT79,338785.0,MutNovel,"A335S,1.000"
X-3843,KRT79,338785.0,MutNovel,"S313N,0.700"
X-3843,KRT84,3890.0,MutNovel,"A109G,1.000"
X-3843,L3MBTL2,83746.0,Amp5,6.77
X-3843,LAMA5,3911.0,MutNovel,"R1679W,1.000"
X-3843,LAMP3,27074.0,Amp5,5.54
X-3843,LARGE,9215.0,Amp5,6.28
X-3843,LARS,51520.0,MutNovel,"Q40E,0.995"
X-3843,LCE3C,353144.0,Del0.8,0.45
X-3843,LEKR1,389170.0,Amp5,5.5
X-3843,LGALS9B,284194.0,MutNovel,"V184M,1.000"
X-3843,LGALS9C,654346.0,Del0.8,0.54
X-3843,LIFR,3977.0,Amp8,8.06
X-3843,LINC00226,338004.0,Amp5,5.46
X-3843,LIPH,200879.0,Amp5,5.54
X-3843,LMBRD2,92255.0,Amp5,7.01
X-3843,LOC100128164,100128164.0,Amp5,5.54
X-3843,LOC100128993,100128993.0,Amp5,5.17
X-3843,LOC100131635,100131635.0,Amp5,5.54
X-3843,LOC100132356,100132356.0,Amp8,9.25
X-3843,LOC100498859,100498859.0,Amp5,5.5
X-3843,LOC100505583,100505583.0,Amp5,6.32
X-3843,LOC100505679,100505679.0,MutNovel,"W88R,0.435"
X-3843,LOC100505687,100505687.0,Amp5,5.54
X-3843,LOC100505738,100505738.0,Amp8,9.99
X-3843,LOC100505806,100505806.0,Amp8,9.38
X-3843,LOC100506195,100506195.0,Amp5,6.28
X-3843,LOC100506548,100506548.0,Amp8,9.25
X-3843,LOC100506688,100506688.0,Amp8,9.06
X-3843,LOC100507537,100507537.0,Amp5,5.5
X-3843,LOC100996481,,MutNovel,"L286P,1.000"
X-3843,LOC153684,153684.0,Amp8,9.25
X-3843,LOC201651,201651.0,Amp5,5.5
X-3843,LOC253573,253573.0,Amp5,5.54
X-3843,LOC285692,285692.0,Amp8,9.38
X-3843,LOC285696,285696.0,Amp8,11.79
X-3843,LOC339894,339894.0,Amp5,5.5
X-3843,LOC340107,340107.0,Amp8,11.39
X-3843,LOC340113,340113.0,Amp5,7.16
X-3843,LOC344887,344887.0,Amp5,5.54
X-3843,LOC391322,391322.0,Del0.8,0.76
X-3843,LOC391766,,MutNovel,"R82S,1.000"
X-3843,LOC391766,,MutNovel,"R114W,1.000"
X-3843,LOC400682,,MutNovel,"R57W,1.000"
X-3843,LOC401093,401093.0,Amp5,5.5
X-3843,LOC401177,401177.0,Amp8,11.79
X-3843,LOC442132,442132.0,Amp8,9.99
X-3843,LOC643401,643401.0,Amp8,11.39
X-3843,LOC646168,646168.0,Amp5,5.54
X-3843,LOC646903,646903.0,Amp5,5.5
X-3843,LOC647107,647107.0,Amp5,5.54
X-3843,LOC648987,648987.0,Amp8,9.25
X-3843,LOC728613,728613.0,Amp8,9.06
X-3843,LOC729506,729506.0,Amp8,9.99
X-3843,LOC730091,730091.0,Amp5,5.5
X-3843,LPCAT1,79888.0,Amp8,9.06
X-3843,LPL,4023.0,Amp5,5.17
X-3843,LPP,4026.0,Amp5,5.54
X-3843,LPP-AS2,339929.0,Amp5,5.54
X-3843,LRP5L,91355.0,MutNovel,"E11K,0.682"
X-3843,LRRC14B,389257.0,Amp8,10.63
X-3843,LRRC24,441381.0,MutNovel,"E188Q,0.643"
X-3843,LRRC31,79782.0,Amp5,5.54
X-3843,LRRC34,151827.0,Amp5,5.54
X-3843,LRRIQ4,344657.0,Amp5,5.54
X-3843,LSR,51599.0,MutNovel,"G518GR,0.411"
X-3843,LTBP2,4053.0,MutNovel,"Y1669D,0.547"
X-3843,LXN,56925.0,Amp5,5.35
X-3843,LZTS1,11178.0,Amp5,5.17
X-3843,MAGEA3,4102.0,MutNovel,"S156D,1.000"
X-3843,MAGEA3,4102.0,MutNovel,"S152I,1.000"
X-3843,MAGEA4,4103.0,MutKnownFunctional,"E37*,0.996"
X-3843,MAGEF1,64110.0,Amp5,5.54
X-3843,MAMSTR,284358.0,MutNovel,"L304F,0.333"
X-3843,MAP3K13,9175.0,Amp5,5.54
X-3843,MAP3K4,4216.0,MutNovel,"PA1189P,0.421"
X-3843,MAP6D1,79929.0,Amp5,5.54
X-3843,MAPK15,225689.0,MutNovel,"E540Q,0.429"
X-3843,MAPKAPK2,9261.0,MutNovel,"K204T,0.604"
X-3843,2014-03-11 00:00:00,441061.0,Amp8,15.89
X-3843,2014-03-06 00:00:00,10299.0,Amp8,9.38
X-3843,MASP1,5648.0,Amp5,5.54
X-3843,MAST4,375449.0,MutNovel,"L95LP,1.000"
X-3843,MB,4151.0,Amp5,6.28
X-3843,MBNL1,4154.0,Amp5,5.5
X-3843,MCCC1,56922.0,Amp5,5.54
X-3843,MCEE,84693.0,MutNovel,"A7G,1.000"
X-3843,MCF2L2,23101.0,Amp5,5.54
X-3843,MCHR1,2847.0,Amp5,6.77
X-3843,MCM5,4174.0,Amp5,6.28
X-3843,MECOM,2122.0,Amp5,5.54
X-3843,MED12L,116931.0,Amp5,5.5
X-3843,MED15,51586.0,MutNovel,"-251Q,0.266"
X-3843,MED21,9412.0,MutNovel,"D10G,0.604"
X-3843,MED24,9862.0,MutNovel,"M802T,0.996"
X-3843,MED24,9862.0,MutNovel,"R757G,1.000"
X-3843,MEI1,150365.0,Amp5,6.77
X-3843,MET,4233.0,MutKnownFunctional,"T1010I,0.202"
X-3843,MEX3C,51320.0,MutNovel,"M196V,1.000"
X-3843,MFN1,55669.0,Amp5,5.54
X-3843,MFSD1,64747.0,Amp5,5.35
X-3843,MFSD6,54842.0,Amp5,5.03
X-3843,MIIP,60672.0,MutNovel,"E161V,0.396"
X-3843,MIPOL1,145282.0,MutKnownFunctional,"-373,0.382"
X-3843,MIR1224,100187716.0,Amp5,5.54
X-3843,MIR1281,100302237.0,Amp5,6.77
X-3843,MIR15B,406949.0,Amp5,5.35
X-3843,MIR16-2,406951.0,Amp5,5.35
X-3843,MIR3650,100500824.0,Amp8,9.25
X-3843,MIR3653,100500833.0,Amp5,7.67
X-3843,MIR3909,100500826.0,Amp5,6.28
X-3843,MIR3919,100500803.0,Amp5,5.35
X-3843,MIR3941,100500866.0,Del0.8,0.41
X-3843,MIR4277,100422966.0,Amp8,9.06
X-3843,MIR4279,100422874.0,Amp5,7.16
X-3843,MIR4454,100616234.0,Amp8,9.99
X-3843,MIR4456,100616381.0,Amp8,10.63
X-3843,MIR4457,100616235.0,Amp8,9.06
X-3843,MIR4458,100616142.0,Amp8,9.99
X-3843,MIR4635,100616479.0,Amp8,9.06
X-3843,MIR4636,100616326.0,Amp8,9.38
X-3843,MIR4637,100616271.0,Amp8,10.78
X-3843,MIR4764,100616295.0,Amp5,6.28
X-3843,MIR4766,100616283.0,Amp5,6.77
X-3843,MIR4789,100616395.0,Amp5,5.54
X-3843,MIR548H2,100313773.0,Amp5,5.5
X-3843,MIR551B,693136.0,Amp5,5.54
X-3843,MIR569,693154.0,Amp5,5.54
X-3843,MIR580,693165.0,Amp5,7.01
X-3843,MIR944,100126340.0,Amp5,5.54
X-3843,MKL1,57591.0,Amp5,6.77
X-3843,MLF1,4291.0,Amp5,5.5
X-3843,MME,4311.0,Amp5,5.5
X-3843,MPRIP,23164.0,MutNovel,"TS178T,0.455"
X-3843,MRPL36,64979.0,Amp8,9.06
X-3843,MRPL47,57129.0,Amp5,5.54
X-3843,MRPS30,10884.0,Amp8,9.25
X-3843,MSTN,2660.0,Amp5,6.96
X-3843,MTMR12,54545.0,Amp5,7.16
X-3843,MTPAP,55149.0,MutKnownFunctional,"-445,0.227"
X-3843,MTRR,4552.0,Amp8,9.99
X-3843,MUC20,200958.0,MutNovel,"S182D,0.500"
X-3843,MUC4,4585.0,MutNovel,"S3159Y,0.833"
X-3843,MUC4,4585.0,MutNovel,"T2798A,1.000"
X-3843,MUC4,4585.0,MutNovel,"P2562S,0.538"
X-3843,MUC4,4585.0,MutNovel,"HA2413QT,0.500"
X-3843,MUC4,4585.0,MutNovel,"SS2373RP,1.000"
X-3843,MUC4,4585.0,MutNovel,"P2338H,0.417"
X-3843,MUC4,4585.0,MutNovel,"P2210H,0.429"
X-3843,MUC4,4585.0,MutNovel,"Q2205H,0.444"
X-3843,MUC4,4585.0,MutNovel,"P2194L,0.350"
X-3843,MUC4,4585.0,MutNovel,"T1670P,1.000"
X-3843,MUC4,4585.0,MutNovel,"P1218L,0.833"
X-3843,MUC4,4585.0,MutNovel,"S1104P,1.000"
X-3843,MUC4,4585.0,MutNovel,"P632R,0.210"
X-3843,MYBBP1A,10514.0,MutNovel,"L133V,0.275"
X-3843,MYCBP2,23077.0,MutNovel,"L2214V,0.436"
X-3843,MYNN,55892.0,Amp5,5.54
X-3843,MYO10,4651.0,Amp8,11.79
X-3843,MYO1B,4430.0,Amp5,5.03
X-3843,NAA30,122830.0,MutNovel,"R346E,0.525"
X-3843,NAALADL2,254827.0,Amp5,5.54
X-3843,NAB1,4664.0,Amp5,5.03
X-3843,NADKD1,133686.0,Amp5,7.01
X-3843,NBPF1,55672.0,MutNovel,"P675L,0.225"
X-3843,NBPF9,400818.0,MutNovel,"V346L,0.207"
X-3843,NCEH1,57552.0,Amp5,5.54
X-3843,NCOR2,9612.0,MutNovel,"G1839GAAA,0.358"
X-3843,NDUFB5,4711.0,Amp5,5.54
X-3843,NDUFS6,4726.0,Amp8,9.06
X-3843,NEB,4703.0,MutNovel,"M7916L,0.300"
X-3843,NF2,4771.0,MutNovel,"N575S,0.219"
X-3843,NHP2L1,4809.0,Amp5,6.77
X-3843,NIM1,167359.0,Amp8,9.25
X-3843,NIPBL,25836.0,Amp5,7.01
X-3843,NKD2,85409.0,Amp8,9.06
X-3843,NKX1-2,390010.0,MutNovel,"V231A,1.000"
X-3843,NLGN1,22871.0,Amp5,5.54
X-3843,NLGN4X,57502.0,MutNovel,"L211S,0.609"
X-3843,NMD3,51068.0,Amp5,5.35
X-3843,NNT,23530.0,Amp8,9.25
X-3843,NPB,256933.0,MutNovel,"V85L,1.000"
X-3843,NPHP3,27031.0,MutNovel,"D164N,0.419"
X-3843,NPR3,4883.0,Amp5,7.16
X-3843,NR2F1,7025.0,MutNovel,"I189N,1.000"
X-3843,NRD1,4898.0,MutNovel,"V7A,0.404"
X-3843,NSUN3,63899.0,MutNovel,"D301N,0.994"
X-3843,NUDT11,55190.0,MutKnownFunctional,"-1,0.417"
X-3843,NUP107,57122.0,MutNovel,"H513R,0.306"
X-3843,NUP155,9631.0,Amp5,7.01
X-3843,NUP214,8021.0,MutNovel,"N1802D,0.444"
X-3843,OGFR,11054.0,MutNovel,"H77Q,1.000"
X-3843,OR2T2,401992.0,Del0.8,0.67
X-3843,OR2T3,343173.0,Del0.8,0.67
X-3843,ORMDL1,94101.0,Amp5,6.96
X-3843,OSGEPL1,64172.0,Amp5,6.96
X-3843,OSMR,9180.0,Amp8,9.25
X-3843,OTOL1,131149.0,Amp5,5.35
X-3843,OXCT1,5019.0,Amp8,9.25
X-3843,OXR1,55074.0,MutNovel,"Q376E,0.300"
X-3843,P2RY1,5028.0,Amp5,5.5
X-3843,P2RY12,64805.0,Amp5,5.5
X-3843,P2RY13,53829.0,Amp5,5.5
X-3843,P2RY14,9934.0,Amp5,5.5
X-3843,PA2G4P4,647033.0,Amp5,5.5
X-3843,PAIP1,10605.0,Amp8,9.25
X-3843,PARL,55486.0,Amp5,5.54
X-3843,PDCD10,11235.0,Amp5,5.54
X-3843,PDCD6,10016.0,Amp8,10.63
X-3843,PDGFRA,5156.0,MutNovel,"E446Q,0.508"
X-3843,PDLIM2,64236.0,MutNovel,"L207P,1.000"
X-3843,PDZD2,23037.0,Amp5,7.16
X-3843,PEX5L,51555.0,Amp5,5.54
X-3843,PFN2,5217.0,Amp5,5.5
X-3843,PGK1,5230.0,MutNovel,"N180S,1.000"
X-3843,PHC3,80012.0,Amp5,5.54
X-3843,PHF5A,84844.0,Amp5,6.77
X-3843,PHLDA1,22822.0,MutNovel,"QQ194Q,0.509"
X-3843,PIK3CA,5290.0,Amp5,5.54
X-3843,PITPNM3,83394.0,MutNovel,"R696C,0.295"
X-3843,PKD1,5310.0,MutNovel,"A2483S,0.452"
X-3843,PLCH1,23007.0,Amp5,5.5
X-3843,PLCXD3,345557.0,Amp8,9.25
X-3843,PLD1,5337.0,Amp5,5.54
X-3843,PLEKHA1,59338.0,Del0.8,0.41
X-3843,PLEKHG4B,153478.0,Amp8,10.63
X-3843,PLEKHO2,80301.0,MutNovel,"T364P,0.273"
X-3843,PLOD2,5352.0,Amp5,5.5
X-3843,PLSCR1,5359.0,Amp5,5.5
X-3843,PLSCR2,57047.0,Amp5,5.5
X-3843,PLSCR4,57088.0,Amp5,5.5
X-3843,PLSCR5,389158.0,Amp5,5.5
X-3843,PMCHL1,5369.0,Amp8,11.39
X-3843,PMM1,5372.0,Amp5,6.77
X-3843,PMS1,5378.0,Amp5,6.96
X-3843,POLR2H,5437.0,Amp5,5.54
X-3843,POLR3B,55703.0,MutNovel,"F934Y,0.538"
X-3843,POLR3H,171568.0,Amp5,6.77
X-3843,POTEI,,MutNovel,"M771I,1.000"
X-3843,PP7080,25845.0,Amp8,10.63
X-3843,PPIL6,285755.0,MutNovel,"R322T,0.615"
X-3843,PPM1L,151742.0,Amp5,5.35
X-3843,PPP1CB,5500.0,MutNovel,"V212L,0.315"
X-3843,PPP2R3B,28227.0,MutNovel,"F659L,0.545"
X-3843,PRAMEF1,65121.0,MutNovel,"A372G,1.000"
X-3843,PRDM9,56979.0,Amp8,11.39
X-3843,PRKAA1,5562.0,Amp8,9.25
X-3843,PRKCI,5584.0,Amp5,5.54
X-3843,PRLR,5618.0,Amp5,7.01
X-3843,PRPF18,8559.0,MutNovel,"V143I,0.382"
X-3843,PRRC2A,7916.0,MutNovel,"P1714R,0.442"
X-3843,PSD3,23362.0,Amp5,5.17
X-3843,PSD4,23550.0,MutNovel,"R1041C,0.454"
X-3843,PSMD2,5708.0,Amp5,5.54
X-3843,PTGER4,5734.0,Amp8,9.25
X-3843,PTX3,5806.0,Amp5,5.5
X-3843,QRFPR,84109.0,MutNovel,"V70L,1.000"
X-3843,QSER1,79832.0,MutNovel,"K1260N,0.297"
X-3843,RABGAP1,23637.0,MutNovel,"D715H,0.275"
X-3843,RABGAP1L,9910.0,MutNovel,"Q675H,0.400"
X-3843,RAD1,5810.0,Amp5,7.01
X-3843,RAI1,10743.0,MutNovel,"C1171W,1.000"
X-3843,RAI14,26064.0,Amp5,7.01
X-3843,RANBP3L,202151.0,Amp5,7.01
X-3843,RANGAP1,5905.0,Amp5,6.77
X-3843,RAP2B,5912.0,Amp5,5.5
X-3843,RARRES1,5918.0,Amp5,5.35
X-3843,RASD2,23551.0,Amp5,6.28
X-3843,RASL10A,10633.0,Amp5,7.67
X-3843,RBFOX2,23543.0,Amp5,5.39
X-3843,RBMS2,5939.0,MutNovel,"G345R,0.650"
X-3843,RBX1,9978.0,Amp5,6.77
X-3843,RCBTB2,1102.0,MutNovel,"T362I,0.360"
X-3843,RFC4,5984.0,Amp5,5.54
X-3843,RGNEF,64283.0,MutNovel,"R269W,1.000"
X-3843,RGS14,10636.0,MutNovel,"E333D,1.000"
X-3843,RHBDD3,25807.0,Amp5,7.67
X-3843,RICTOR,253260.0,Amp8,9.25
X-3843,RNF126,55658.0,MutNovel,"Q244H,0.520"
X-3843,RNF13,11342.0,Amp5,5.5
X-3843,RNF17,56163.0,MutNovel,"A1592T,0.667"
X-3843,RNF213,57674.0,MutNovel,"S925C,0.275"
X-3843,RNF213,57674.0,MutNovel,"Y5049S,1.000"
X-3843,ROPN1L,83853.0,Amp8,9.38
X-3843,RPL22L1,200916.0,Amp5,5.54
X-3843,RPL37,6167.0,Amp8,9.25
X-3843,RPL39L,116832.0,Amp5,5.54
X-3843,RSRC1,51319.0,Amp5,5.5
X-3843,RTP1,132112.0,Amp5,5.54
X-3843,RTP2,344892.0,Amp5,5.54
X-3843,RTP4,64108.0,Amp5,5.54
X-3843,RUFY3,22902.0,MutNovel,"A52D,0.750"
X-3843,RWDD4,201965.0,MutNovel,"M96V,1.000"
X-3843,RXFP3,51289.0,Amp5,7.16
X-3843,SAMD7,344658.0,Amp5,5.54
X-3843,SBF1,6305.0,MutNovel,"S1228C,0.288"
X-3843,SCARNA7,677767.0,Amp5,5.35
X-3843,SCHIP1,29970.0,Amp5,5.35
X-3843,SCYL1,57410.0,MutNovel,"A566S,0.334"
X-3843,SDHA,6389.0,Amp8,10.63
X-3843,SDHAP3,728609.0,Amp8,9.06
X-3843,SDPR,8436.0,Amp5,5.03
X-3843,SEC16A,9919.0,MutKnownFunctional,"-126?,0.932"
X-3843,SEC62,7095.0,Amp5,5.54
X-3843,SEC63,11231.0,MutNovel,"G500V,0.583"
X-3843,SELT,51714.0,Amp5,5.5
X-3843,SEMA5A,9037.0,Amp8,9.38
X-3843,SENP2,59343.0,Amp5,5.54
X-3843,SEPP1,6414.0,Amp8,9.25
X-3843,SERINC2,347735.0,MutNovel,"-373Q,0.647"
X-3843,SERP1,27230.0,Amp5,5.5
X-3843,SERPINI1,5274.0,Amp5,5.54
X-3843,SERPINI2,5276.0,Amp5,5.54
X-3843,SETX,23064.0,MutNovel,"E1140Q,0.525"
X-3843,SFSWAP,6433.0,MutNovel,"A813T,1.000"
X-3843,SGK494,124923.0,MutNovel,"A388V,0.586"
X-3843,SGSM3,27352.0,Amp5,6.77
X-3843,SH2D4A,63898.0,Amp5,5.17
X-3843,SHOX2,6474.0,Amp5,5.5
X-3843,SI,6476.0,Amp5,5.54
X-3843,SIAH2,6478.0,Amp5,5.5
X-3843,SKIL,6498.0,Amp5,5.54
X-3843,SKP2,6502.0,Amp5,7.01
X-3843,SLC12A7,10723.0,Amp8,9.06
X-3843,SLC16A9,220963.0,MutKnownFunctional,"-256,0.527"
X-3843,SLC16A9,220963.0,MutKnownFunctional,"-201,0.529"
X-3843,SLC18A1,6570.0,Amp5,5.17
X-3843,SLC1A3,6507.0,Amp5,7.01
X-3843,SLC25A17,10478.0,Amp5,6.77
X-3843,SLC25A29,123096.0,MutNovel,"F247L,0.354"
X-3843,SLC2A2,6514.0,Amp5,5.54
X-3843,SLC30A7,148867.0,MutNovel,"S254F,0.413"
X-3843,SLC33A1,9197.0,Amp5,5.5
X-3843,SLC3A2,6520.0,MutNovel,"A448T,0.337"
X-3843,SLC40A1,30061.0,Amp5,6.96
X-3843,SLC45A2,51151.0,Amp5,7.16
X-3843,SLC6A18,348932.0,Amp8,9.06
X-3843,SLC6A19,340024.0,Amp8,9.06
X-3843,SLC6A3,6531.0,Amp8,9.06
X-3843,SLC7A14,57709.0,Amp5,5.54
X-3843,SLC9A3,6550.0,Amp8,10.63
X-3843,SLITRK3,22865.0,Amp5,5.54
X-3843,SMC4,10051.0,Amp5,5.35
X-3843,SND1,27044.0,MutNovel,"N142S,0.410"
X-3843,SNORA4,619568.0,Amp5,5.54
X-3843,SNORA63,6043.0,Amp5,5.54
X-3843,SNORA81,677847.0,Amp5,5.54
X-3843,SNORD123,100113384.0,Amp8,9.38
X-3843,SNORD2,619567.0,Amp5,5.54
X-3843,SNORD66,692107.0,Amp5,5.54
X-3843,SNORD72,619564.0,Amp8,9.25
X-3843,SOX2,6657.0,Amp5,5.54
X-3843,SOX2-OT,347689.0,Amp5,5.54
X-3843,SPATA16,83893.0,Amp5,5.54
X-3843,SPEF2,79925.0,MutKnownFunctional,"K885*,0.724"
X-3843,SPEF2,79925.0,Amp5,7.01
X-3843,SPTSSB,165679.0,Amp5,5.35
X-3843,SRGAP1,57522.0,MutNovel,"G790E,0.258"
X-3843,SSH2,85464.0,MutNovel,"E441Q,0.216"
X-3843,SSR3,6747.0,Amp5,5.5
X-3843,SST,6750.0,Amp5,5.54
X-3843,ST13,6767.0,Amp5,6.77
X-3843,ST6GAL1,6480.0,Amp5,5.54
X-3843,STAG3,10734.0,MutNovel,"R321P,0.333"
X-3843,STAT1,6772.0,Amp5,5.03
X-3843,STAT4,6775.0,Amp5,5.03
X-3843,STRA6,64220.0,MutNovel,"I381F,0.947"
X-3843,SUB1,10923.0,Amp5,7.16
X-3843,SUCNR1,56670.0,Amp5,5.5
X-3843,SUV39H1,6839.0,MutNovel,"V211L,1.000"
X-3843,SYVN1,84447.0,MutNovel,"A445S,0.320"
X-3843,TARS,6897.0,Amp5,7.16
X-3843,TAS2R1,50834.0,Amp8,9.38
X-3843,TBC1D14,57533.0,MutNovel,"V190M,0.462"
X-3843,TBCCD1,55171.0,Amp5,5.54
X-3843,TBL1XR1,79718.0,Amp5,5.54
X-3843,TBRG1,84897.0,MutNovel,"G310A,0.560"
X-3843,TCN1,6947.0,MutNovel,"E379G,0.335"
X-3843,TDP1,55775.0,MutNovel,"N129K,0.218"
X-3843,TEF,7008.0,Amp5,6.77
X-3843,TEP1,7011.0,MutNovel,"Q875L,0.500"
X-3843,TERC,7012.0,Amp5,5.54
X-3843,TERT,7015.0,Amp8,9.06
X-3843,TFRC,7037.0,MutNovel,"D125N,0.476"
X-3843,THPO,7066.0,Amp5,5.54
X-3843,TIPARP,25976.0,Amp5,5.5
X-3843,TIPARP-AS1,100287227.0,Amp5,5.5
X-3843,TM4SF1,4071.0,Amp5,5.5
X-3843,TM4SF18,116441.0,Amp5,5.5
X-3843,TM4SF4,7104.0,Amp5,5.5
X-3843,TMEFF2,23671.0,Amp5,5.03
X-3843,TMEM14E,645843.0,Amp5,5.5
X-3843,TMEM183A,92703.0,MutNovel,"R10M,0.550"
X-3843,TMEM183B,,MutKnownFunctional,"-116?,0.316"
X-3843,TMEM184A,202915.0,MutNovel,"G392GA,0.727"
X-3843,TMEM184B,25829.0,MutNovel,"S21L,0.370"
X-3843,TMEM194B,100131211.0,Amp5,5.03
X-3843,TMEM212,389177.0,Amp5,5.54
X-3843,TMEM41A,90407.0,Amp5,5.54
X-3843,TNFSF10,8743.0,Amp5,5.54
X-3843,TNIK,23043.0,Amp5,5.54
X-3843,TNRC6B,23112.0,Amp5,6.02
X-3843,TOB2,10766.0,Amp5,6.77
X-3843,TOM1,10043.0,Amp5,6.28
X-3843,TOX2,84969.0,MutNovel,"-390P,0.750"
X-3843,TP53,7157.0,MutNovel,"T155F,0.996"
X-3843,TP63,8626.0,Amp5,5.54
X-3843,TPPP,11076.0,Amp8,10.63
X-3843,TPRG1,285386.0,Amp5,5.54
X-3843,TRA2B,6434.0,Amp5,5.54
X-3843,TRAPPC12,51112.0,MutNovel,"D122N,1.000"
X-3843,TRIM33,51592.0,MutNovel,"K1033R,0.490"
X-3843,TRIM48,79097.0,MutNovel,"I44T,1.000"
X-3843,TRIM49L1,729384.0,MutNovel,"V151A,1.000"
X-3843,TRIM49L1,729384.0,MutNovel,"V160M,1.000"
X-3843,TRIM49L1,729384.0,MutNovel,"T163A,1.000"
X-3843,TRIM59,286827.0,Amp5,5.35
X-3843,TRIO,7204.0,Amp8,10.78
X-3843,TRIP13,9319.0,Amp8,9.06
X-3843,TRMT6,51605.0,MutNovel,"S164F,1.000"
X-3843,TRPC1,7220.0,MutNovel,"D488N,0.464"
X-3843,TSC2,7249.0,MutNovel,"PF1508P,0.407"
X-3843,TSC22D2,9819.0,Amp5,5.5
X-3843,TTC14,151613.0,Amp5,5.54
X-3843,TTC23L,153657.0,Amp5,7.01
X-3843,TTC33,23548.0,Amp8,9.25
X-3843,TTC4,7268.0,MutNovel,"M305I,0.338"
X-3843,TTLL11,158135.0,MutNovel,"E121K,0.400"
X-3843,TTN,7273.0,MutNovel,"Y22345S,0.900"
X-3843,TXNDC11,51061.0,MutNovel,"S547R,0.665"
X-3843,TXNDC17,84817.0,MutNovel,"E13Q,0.653"
X-3843,TXNDC5,81567.0,MutNovel,"R155Q,1.000"
X-3843,TYK2,7297.0,MutNovel,"M445I,0.479"
X-3843,UGT1A8,54576.0,MutNovel,"V58D,1.000"
X-3843,UGT2B11,10720.0,MutNovel,"H481R,0.750"
X-3843,UGT2B17,7367.0,Amp5,5.62
X-3843,UGT3A1,133688.0,Amp5,7.01
X-3843,UGT3A2,167127.0,Amp5,7.01
X-3843,UNC5B,219699.0,MutNovel,"R234H,0.309"
X-3843,USP13,8975.0,Amp5,5.54
X-3843,USP32P1,162632.0,Amp5,5.06
X-3843,USP32P2,220594.0,Del0.8,0.54
X-3843,UTY,7404.0,MutNovel,"AR1078LR,0.222"
X-3843,UTY,7404.0,MutNovel,"H1077P,0.222"
X-3843,UTY,7404.0,MutNovel,"SH1075HD,0.222"
X-3843,UTY,7404.0,MutNovel,"G1073C,0.333"
X-3843,UTY,7404.0,MutNovel,"GI1070AG,0.333"
X-3843,UTY,7404.0,MutNovel,"AG1069DR,0.333"
X-3843,UTY,7404.0,MutKnownFunctional,"S1068*,0.333"
X-3843,UTY,7404.0,MutNovel,"S1066T,0.333"
X-3843,UTY,7404.0,MutNovel,"G1060R,0.455"
X-3843,UTY,7404.0,MutNovel,"GG1059VR,0.455"
X-3843,UTY,7404.0,MutNovel,"S1058D,0.417"
X-3843,UTY,7404.0,MutNovel,"LL1055GL,0.273"
X-3843,UTY,7404.0,MutNovel,"E1054L,0.273"
X-3843,UTY,7404.0,MutNovel,"C1052P,0.273"
X-3843,UTY,7404.0,MutNovel,"A1051L,0.250"
X-3843,UTY,7404.0,MutNovel,"QA1050SP,0.333"
X-3843,UTY,7404.0,MutNovel,"VG1048HC,0.308"
X-3843,UTY,7404.0,MutNovel,"H1046P,0.364"
X-3843,UTY,7404.0,MutNovel,"H1046S,0.364"
X-3843,UTY,7404.0,MutNovel,"F1045I,0.250"
X-3843,UTY,7404.0,MutNovel,"T1043G,0.231"
X-3843,UTY,7404.0,MutKnownFunctional,"FV1040**,0.231"
X-3843,UTY,7404.0,MutNovel,"IF1039TV,0.231"
X-3843,UTY,7404.0,MutNovel,"C1038W,0.231"
X-3843,UTY,7404.0,MutNovel,"Y1027C,0.400"
X-3843,UTY,7404.0,MutNovel,"NY1026TG,0.400"
X-3843,UTY,7404.0,MutNovel,"WN1025LH,0.300"
X-3843,UTY,7404.0,MutNovel,"CT1004NS,0.250"
X-3843,UTY,7404.0,MutNovel,"F1003S,0.286"
X-3843,UTY,7404.0,MutNovel,"QF1002HT,0.286"
X-3843,UTY,7404.0,MutNovel,"HQ1001QT,0.286"
X-3843,UTY,7404.0,MutNovel,"G951F,0.636"
X-3843,UTY,7404.0,MutNovel,"S585V,0.208"
X-3843,UTY,7404.0,MutNovel,"L373A,0.462"
X-3843,UTY,7404.0,MutNovel,"I369C,0.490"
X-3843,UTY,7404.0,MutKnownFunctional,"NQ363S*,0.543"
X-3843,UTY,7404.0,MutKnownFunctional,"YE359Y*,0.565"
X-3843,UTY,7404.0,MutNovel,"W352Q,0.585"
X-3843,UTY,7404.0,MutNovel,"Q343E,0.500"
X-3843,UTY,7404.0,MutNovel,"Y325N,0.250"
X-3843,UTY,7404.0,MutKnownFunctional,"L324*,0.273"
X-3843,UTY,7404.0,MutNovel,"V323M,0.444"
X-3843,UTY,7404.0,MutNovel,"V323M,0.444"
X-3843,UTY,7404.0,MutNovel,"CS319ST,0.385"
X-3843,UTY,7404.0,MutNovel,"W318L,0.500"
X-3843,UTY,7404.0,MutNovel,"TW317NL,0.500"
X-3843,UTY,7404.0,MutNovel,"T317S,0.455"
X-3843,UTY,7404.0,MutNovel,"SA314RK,0.353"
X-3843,UTY,7404.0,MutNovel,"AS313VH,0.476"
X-3843,UTY,7404.0,MutNovel,"EA312DT,0.318"
X-3843,UTY,7404.0,MutNovel,"E312I,0.409"
X-3843,UTY,7404.0,MutNovel,"E312I,0.409"
X-3843,UTY,7404.0,MutNovel,"KS310RK,0.429"
X-3843,UTY,7404.0,MutKnownFunctional,"K310*,0.500"
X-3843,UTY,7404.0,MutKnownFunctional,"DK309V*,0.500"
X-3843,UTY,7404.0,MutNovel,"QS306LT,0.333"
X-3843,UTY,7404.0,MutNovel,"R305T,0.381"
X-3843,UTY,7404.0,MutKnownFunctional,"SY303*D,0.353"
X-3843,UTY,7404.0,MutNovel,"AF300VV,0.412"
X-3843,UTY,7404.0,MutNovel,"CY290WH,0.526"
X-3843,UTY,7404.0,MutNovel,"C290K,0.550"
X-3843,UTY,7404.0,MutNovel,"E275P,0.350"
X-3843,UTY,7404.0,MutNovel,"LE274RQ,0.412"
X-3843,UTY,7404.0,MutNovel,"S273R,0.438"
X-3843,UTY,7404.0,MutNovel,"QK271HE,0.412"
X-3843,UTY,7404.0,MutNovel,"L270A,0.300"
X-3843,UTY,7404.0,MutNovel,"KE262SS,0.444"
X-3843,UTY,7404.0,MutNovel,"A260S,0.333"
X-3843,UTY,7404.0,MutNovel,"V256H,0.333"
X-3843,UTY,7404.0,MutNovel,"M253E,0.375"
X-3843,UTY,7404.0,MutNovel,"HH250RN,0.231"
X-3843,UTY,7404.0,MutNovel,"M249R,0.294"
X-3843,UTY,7404.0,MutNovel,"QQ244IE,0.235"
X-3843,UTY,7404.0,MutNovel,"A240Q,0.263"
X-3843,UTY,7404.0,MutNovel,"A236V,0.222"
X-3843,UTY,7404.0,MutNovel,"A236L,0.222"
X-3843,UTY,7404.0,MutNovel,"KE222NW,0.222"
X-3843,UTY,7404.0,MutNovel,"AK163VL,0.500"
X-3843,UTY,7404.0,MutNovel,"A163P,0.636"
X-3843,UTY,7404.0,MutNovel,"RA162HP,0.636"
X-3843,UTY,7404.0,MutNovel,"C161A,0.750"
X-3843,UTY,7404.0,MutNovel,"F160T,0.571"
X-3843,UTY,7404.0,MutNovel,"S159I,0.556"
X-3843,UTY,7404.0,MutNovel,"S159I,0.875"
X-3843,UTY,7404.0,MutNovel,"S159F,0.875"
X-3843,UTY,7404.0,MutNovel,"D157V,0.750"
X-3843,UTY,7404.0,MutNovel,"D157F,0.875"
X-3843,UTY,7404.0,MutNovel,"YV155WI,0.800"
X-3843,UTY,7404.0,MutNovel,"L154S,0.818"
X-3843,UTY,7404.0,MutNovel,"Q151H,0.692"
X-3843,UTY,7404.0,MutNovel,"W124Y,0.353"
X-3843,UTY,7404.0,MutNovel,"W124R,0.438"
X-3843,UTY,7404.0,MutNovel,"Y116H,0.353"
X-3843,UTY,7404.0,MutNovel,"T39C,0.353"
X-3843,UTY,7404.0,MutNovel,"SL37IW,0.312"
X-3843,UTY,7404.0,MutNovel,"V36E,0.235"
X-3843,VEGFC,7424.0,MutNovel,"K241N,1.000"
X-3843,VEPH1,79674.0,Amp5,5.5
X-3843,VPREB3,29802.0,MutNovel,"A64T,0.500"
X-3843,VPS16,64601.0,MutNovel,"L538V,0.362"
X-3843,VPS16,64601.0,MutNovel,"H816Q,0.300"
X-3843,VPS8,23355.0,Amp5,5.54
X-3843,VWA5B2,90113.0,Amp5,5.54
X-3843,WDR49,151790.0,Amp5,5.54
X-3843,WDR70,55100.0,Amp5,7.01
X-3843,WDR77,79084.0,MutNovel,"N190S,0.515"
X-3843,WWTR1,25937.0,Amp5,5.5
X-3843,WWTR1-AS1,100128025.0,Amp5,5.5
X-3843,XBP1,7494.0,Amp5,7.67
X-3843,XPNPEP3,63929.0,Amp5,6.77
X-3843,XRCC2,7516.0,MutNovel,"C144F,0.359"
X-3843,XRCC6,2547.0,Amp5,6.77
X-3843,YEATS2,55689.0,Amp5,5.54
X-3843,ZBBX,79740.0,Amp5,5.54
X-3843,ZBTB47,92999.0,MutNovel,"QEEEE325Q,0.778"
X-3843,ZC3H7B,23264.0,Amp5,6.77
X-3843,ZC3H8,84524.0,MutKnownFunctional,"-7,0.345"
X-3843,ZDHHC11,79844.0,Amp5,5.13
X-3843,ZFR,51663.0,Amp5,7.16
X-3843,ZIC1,7545.0,Amp5,5.5
X-3843,ZIC4,84107.0,Amp5,5.5
X-3843,ZMAT2,153527.0,MutNovel,"E20Q,0.580"
X-3843,ZMAT3,64393.0,Amp5,5.54
X-3843,ZNF131,7690.0,Amp8,9.25
X-3843,ZNF148,7707.0,MutNovel,"G554R,0.721"
X-3843,ZNF37A,7587.0,MutKnownFunctional,"-350,0.828"
X-3843,ZNF48,197407.0,MutNovel,"H134Y,1.000"
X-3843,ZNF518A,9849.0,MutNovel,"P1331S,1.000"
X-3843,ZNF561,93134.0,MutNovel,"N214S,1.000"
X-3843,ZNF608,57507.0,MutNovel,"S112C,0.333"
X-3843,ZNF622,90441.0,Amp8,15.89
X-3843,ZNF629,23361.0,MutNovel,"P801A,0.360"
X-3843,ZNF639,51193.0,Amp5,5.54
X-3843,ZNF79,7633.0,MutNovel,"Y193S,0.294"
X-3843,ZNRF3,84133.0,Amp5,7.67
X-4213,AACS,65985.0,MutNovel,"S412F,0.282"
X-4213,AASDHPPT,60496.0,Del0.8,0.77
X-4213,AATF,26574.0,Del0.8,0.77
X-4213,ABCA3,21.0,MutNovel,"R340C,0.547"
X-4213,ABHD13,84945.0,Amp5,5.78
X-4213,ABHD6,57406.0,Del0.8,0.74
X-4213,ACAT1,38.0,Del0.8,0.76
X-4213,ACO1,48.0,MutNovel,"V123I,0.766"
X-4213,ACOX2,8309.0,Del0.8,0.74
X-4213,ACP6,51205.0,Amp5,5.5
X-4213,ACTRT3,,MutKnownFunctional,"W85*,0.600"
X-4213,ADAM15,8751.0,Amp5,5.39
X-4213,ADAMTS9,56999.0,Del0.8,0.77
X-4213,ADAMTSL4,54507.0,Amp5,5.54
X-4213,ADAR,103.0,Amp5,5.39
X-4213,ADCK3,56997.0,MutNovel,"F130L,0.342"
X-4213,ADPRHL1,113622.0,Amp8,38.85
X-4213,AGAP7,653268.0,MutNovel,"E591D,0.444"
X-4213,AGAP7,653268.0,MutNovel,"E575K,0.333"
X-4213,AGAP7,653268.0,MutNovel,"R528Q,0.571"
X-4213,AGAP8,728404.0,MutNovel,"S532T,0.800"
X-4213,AHNAK2,113146.0,MutKnownFunctional,"S641*,0.270"
X-4213,AHSA1,10598.0,MutNovel,"G7A,0.225"
X-4213,AIFM1,9131.0,MutNovel,"R172P,0.465"
X-4213,AIM1L,55057.0,MutNovel,"D1640H,0.244"
X-4213,AJUBA,84962.0,MutNovel,"T53A,0.528"
X-4213,ALDH9A1,223.0,MutNovel,"P159L,0.784"
X-4213,ALG12,79087.0,MutNovel,"S205F,0.391"
X-4213,ALG9,79796.0,Del0.8,0.76
X-4213,ALKBH8,91801.0,Del0.8,0.76
X-4213,ALMS1,7840.0,MutNovel,"E1779K,1.000"
X-4213,AMELY,266.0,Del0.8,0.28
X-4213,AMICA1,120425.0,Del0.8,0.76
X-4213,ANAPC5,51433.0,MutNovel,"R185T,0.801"
X-4213,ANGPTL5,253935.0,Del0.8,0.77
X-4213,ANKK1,255239.0,Del0.8,0.76
X-4213,ANKLE2,23141.0,MutNovel,"Q761E,0.358"
X-4213,ANKRD10,55608.0,Amp8,11.31
X-4213,ANKRD11,29123.0,MutNovel,"E2261K,0.221"
X-4213,ANKRD12,23253.0,MutNovel,"E589K,0.667"
X-4213,ANKRD18A,253650.0,MutNovel,"D451N,0.536"
X-4213,ANKRD34A,284615.0,Amp5,5.5
X-4213,ANKRD35,148741.0,Amp5,5.5
X-4213,ANKRD9,122416.0,MutNovel,"L175V,0.475"
X-4213,ANKS1A,23294.0,MutNovel,"R101S,0.321"
X-4213,ANP32E,81611.0,Amp5,5.54
X-4213,ANXA9,8416.0,Amp5,5.54
X-4213,AP2A2,161.0,MutNovel,"Q853H,0.276"
X-4213,AP2B1,163.0,Del0.8,0.77
X-4213,APH1A,51107.0,Amp5,5.54
X-4213,APMAP,,MutNovel,"V262F,0.252"
X-4213,APOA1,335.0,Del0.8,0.76
X-4213,APOA4,337.0,Del0.8,0.76
X-4213,APOA5,116519.0,Del0.8,0.76
X-4213,APOC3,345.0,Del0.8,0.76
X-4213,APPL1,26060.0,Del0.8,0.74
X-4213,AQP10,89872.0,Amp5,5.39
X-4213,ARF4,378.0,Del0.8,0.74
X-4213,ARHGAP18,93663.0,MutKnownFunctional,"S660*,0.447"
X-4213,ARHGAP20,57569.0,Del0.8,0.76
X-4213,ARHGAP32,9743.0,MutNovel,"R1629L,1.000"
X-4213,ARHGAP42,143872.0,Del0.8,0.77
X-4213,ARHGEF3,50650.0,Del0.8,0.74
X-4213,ARHGEF7,8874.0,MutNovel,"R175W,0.418"
X-4213,ARHGEF7,8874.0,Amp8,9.85
X-4213,ARL6IP5,10550.0,Del0.8,0.73
X-4213,ARNT,405.0,Amp5,5.54
X-4213,ARPP19,10776.0,MutNovel,"T94A,0.364"
X-4213,ASB14,142686.0,Del0.8,0.74
X-4213,ASCC3,10973.0,MutNovel,"V1465F,0.234"
X-4213,ASCL2,430.0,MutNovel,"A146S,0.752"
X-4213,ASPRV1,151516.0,MutNovel,"S218C,0.403"
X-4213,ASXL1,171023.0,MutNovel,"R628T,0.223"
X-4213,ASXL1,171023.0,MutNovel,"R774T,0.303"
X-4213,ATG4B,23192.0,MutNovel,"E371D,0.411"
X-4213,ATG4D,84971.0,MutNovel,"E61K,0.306"
X-4213,ATL2,64225.0,MutNovel,"S565F,0.663"
X-4213,ATM,472.0,Del0.8,0.76
X-4213,ATP11A,23250.0,Amp8,38.05
X-4213,ATP4B,496.0,Amp8,38.85
X-4213,ATP5L,10632.0,Del0.8,0.76
X-4213,ATP6V1D,51382.0,MutNovel,"R136S,0.256"
X-4213,ATP8B2,57198.0,Amp5,5.39
X-4213,ATR,545.0,MutNovel,"I1331V,0.667"
X-4213,ATXN7,6314.0,Del0.8,0.77
X-4213,ATXN7L2,127002.0,MutNovel,"E711Q,0.259"
X-4213,AZI1,22994.0,MutNovel,"E671K,0.988"
X-4213,BACE1,23621.0,Del0.8,0.76
X-4213,BACE1-AS,100379571.0,Del0.8,0.76
X-4213,BAHCC1,57597.0,MutNovel,"G532S,1.000"
X-4213,BBX,56987.0,MutNovel,"I438F,0.526"
X-4213,BCL9,607.0,Amp5,5.5
X-4213,BCO2,83875.0,Del0.8,0.76
X-4213,BCORP1,286554.0,Del0.8,0.25
X-4213,BEST4,266675.0,MutNovel,"E276Q,0.750"
X-4213,BIRC2,329.0,Del0.8,0.77
X-4213,BIRC3,330.0,Del0.8,0.77
X-4213,BMP1,649.0,MutNovel,"A657T,0.319"
X-4213,BNIPL,149428.0,Amp5,5.54
X-4213,BOLA1,51027.0,Amp5,5.54
X-4213,BPTF,2186.0,MutNovel,"S1460C,0.700"
X-4213,BPY2B,442867.0,Del0.8,0.15
X-4213,BPY2B,442867.0,Del0.8,0.09
X-4213,BTG4,54766.0,Del0.8,0.76
X-4213,BUD13,84811.0,Del0.8,0.76
X-4213,C11orf1,64776.0,Del0.8,0.76
X-4213,C11orf34,349633.0,Del0.8,0.76
X-4213,C11orf53,341032.0,Del0.8,0.76
X-4213,C11orf54,28970.0,MutNovel,"V62L,0.714"
X-4213,C11orf57,55216.0,Del0.8,0.76
X-4213,C11orf65,160140.0,Del0.8,0.76
X-4213,C11orf70,85016.0,Del0.8,0.77
X-4213,C11orf71,54494.0,Del0.8,0.76
X-4213,C11orf87,399947.0,Del0.8,0.76
X-4213,C11orf88,399949.0,Del0.8,0.76
X-4213,C11orf92,399948.0,Del0.8,0.76
X-4213,C11orf93,120376.0,Del0.8,0.76
X-4213,C11orf95,65998.0,MutNovel,"R269P,0.348"
X-4213,C12orf26,84190.0,MutNovel,"V51L,0.296"
X-4213,C13orf35,400165.0,Amp8,48.17
X-4213,C16orf62,57020.0,MutNovel,"L715V,0.379"
X-4213,C17orf102,400591.0,Del0.8,0.77
X-4213,C17orf50,146853.0,Del0.8,0.77
X-4213,C17orf66,256957.0,Del0.8,0.77
X-4213,C1orf189,388701.0,Amp5,5.39
X-4213,C1orf43,25912.0,Amp5,5.39
X-4213,C1orf51,148523.0,Amp5,5.54
X-4213,C1orf52,148423.0,MutNovel,"S65N,0.273"
X-4213,C1orf54,79630.0,Amp5,5.54
X-4213,C1orf56,54964.0,Amp5,5.54
X-4213,C1orf68,100129271.0,Amp5,5.39
X-4213,C2CD4D,100191040.0,Amp5,5.54
X-4213,C3orf14,57415.0,Del0.8,0.77
X-4213,C3orf49,132200.0,Del0.8,0.77
X-4213,C3orf67,200844.0,Del0.8,0.74
X-4213,C5orf55,116349.0,MutNovel,"N106S,0.757"
X-4213,C6orf170,221322.0,MutNovel,"S647I,0.706"
X-4213,C6orf223,221416.0,MutNovel,"AA124-,0.528"
X-4213,C9orf172,389813.0,MutNovel,"S616W,0.267"
X-4213,C9orf78,51759.0,MutKnownFunctional,"S24*,0.291"
X-4213,CA14,23632.0,Amp5,5.54
X-4213,CADM1,23705.0,Del0.8,0.76
X-4213,CADPS,8618.0,Del0.8,0.77
X-4213,CAMKK2,10645.0,MutNovel,"S285C,0.298"
X-4213,CARD16,114769.0,Del0.8,0.77
X-4213,CARD17,440068.0,Del0.8,0.77
X-4213,CARD18,59082.0,Del0.8,0.77
X-4213,CARKD,55739.0,Amp8,11.31
X-4213,CARS2,79587.0,Amp8,11.31
X-4213,CASP1,834.0,Del0.8,0.77
X-4213,CASP12,100506742.0,Del0.8,0.77
X-4213,CASP4,837.0,Del0.8,0.77
X-4213,CASP5,838.0,Del0.8,0.77
X-4213,CBWD5,220869.0,MutNovel,"G106C,0.765"
X-4213,CCAR1,55749.0,MutNovel,"R424K,0.303"
X-4213,CCDC11,220136.0,MutNovel,"E219Q,0.346"
X-4213,CCDC136,64753.0,MutNovel,"D610H,0.393"
X-4213,CCDC66,285331.0,Del0.8,0.74
X-4213,CCDC85B,11007.0,MutNovel,"R29W,0.406"
X-4213,CCL1,6346.0,Del0.8,0.77
X-4213,CCL11,6356.0,Del0.8,0.77
X-4213,CCL13,6357.0,Del0.8,0.77
X-4213,CCL14,6358.0,Del0.8,0.77
X-4213,CCL14-CCL15,348249.0,Del0.8,0.77
X-4213,CCL15,6359.0,Del0.8,0.77
X-4213,CCL16,6360.0,Del0.8,0.77
X-4213,CCL18,6362.0,Del0.8,0.77
X-4213,CCL2,6347.0,Del0.8,0.77
X-4213,CCL23,6368.0,Del0.8,0.77
X-4213,CCL3,6348.0,Del0.8,0.77
X-4213,CCL3L1,6349.0,Del0.8,0.77
X-4213,CCL3L3,414062.0,Del0.8,0.77
X-4213,CCL4,6351.0,Del0.8,0.77
X-4213,CCL4L1,9560.0,Del0.8,0.77
X-4213,CCL5,6352.0,Del0.8,0.77
X-4213,CCL7,6354.0,Del0.8,0.77
X-4213,CCL8,6355.0,Del0.8,0.77
X-4213,CCNL2,81669.0,MutKnownFunctional,"S30*,0.276"
X-4213,CCT6B,10693.0,Del0.8,0.77
X-4213,CD160,11126.0,Amp5,5.5
X-4213,CD3D,915.0,Del0.8,0.76
X-4213,CD3E,916.0,Del0.8,0.76
X-4213,CD3G,917.0,Del0.8,0.76
X-4213,CDC16,8881.0,Amp5,5.5
X-4213,CDC42EP1,11135.0,MutNovel,"PAPAANPS253P,0.568"
X-4213,CDC42SE1,56882.0,Amp5,5.54
X-4213,CDH23,64072.0,MutNovel,"E2520K,0.273"
X-4213,CDK16,5127.0,MutNovel,"S535F,0.487"
X-4213,CDKAL1,54901.0,MutNovel,"D431N,0.357"
X-4213,CDKN1C,1028.0,MutNovel,"APVAV171V,0.359"
X-4213,CDS1,1040.0,MutNovel,"L405F,0.323"
X-4213,CDY1B,253175.0,Del0.8,0.25
X-4213,CDY1B,253175.0,Del0.8,0.16
X-4213,CDY2A,9426.0,Del0.8,0.28
X-4213,CDY2A,9426.0,Del0.8,0.28
X-4213,CDY2B,203611.0,Del0.8,0.28
X-4213,CDY2B,203611.0,Del0.8,0.28
X-4213,CELF3,11189.0,Amp5,5.54
X-4213,CELSR2,1952.0,MutNovel,"R269L,0.355"
X-4213,CEP164,22897.0,Del0.8,0.76
X-4213,CERS2,29956.0,Amp5,5.54
X-4213,CGN,57530.0,Amp5,5.54
X-4213,CHAMP1,283489.0,Amp5,5.5
X-4213,CHD1L,9557.0,Amp5,5.5
X-4213,CHFR,55743.0,MutNovel,"A144S,1.000"
X-4213,CHRNB2,1141.0,Amp5,5.39
X-4213,CHTOP,26097.0,Amp5,5.39
X-4213,CHUK,1147.0,MutNovel,"S559C,0.341"
X-4213,CKS1B,1163.0,Amp5,5.39
X-4213,CLDN11,5010.0,Amp5,5.21
X-4213,CLDN25,644672.0,Del0.8,0.76
X-4213,CLIP2,7461.0,MutNovel,"R835S,0.624"
X-4213,CLK2,1196.0,Amp5,5.39
X-4213,CLPTM1L,81037.0,MutNovel,"E68K,0.270"
X-4213,CNOT1,23019.0,MutNovel,"L453F,0.522"
X-4213,CNTN3,5067.0,Del0.8,0.74
X-4213,CNTN5,53942.0,Del0.8,0.77
X-4213,COL4A1,1282.0,Amp5,5.35
X-4213,COL9A3,1299.0,MutNovel,"Q420R,0.625"
X-4213,COPS2,9318.0,MutNovel,"S2C,0.353"
X-4213,COQ3,51805.0,MutNovel,"S9F,0.217"
X-4213,CRAMP1L,57585.0,MutNovel,"E1085K,0.228"
X-4213,CRCT1,54544.0,Amp5,5.54
X-4213,CREB3L4,148327.0,Amp5,5.39
X-4213,CREM,1390.0,MutNovel,"R259C,0.224"
X-4213,CRIPAK,285464.0,MutNovel,"V164A,0.286"
X-4213,CRMP1,1400.0,MutNovel,"G182R,0.480"
X-4213,CRNN,49860.0,Amp5,5.54
X-4213,CROCC,9696.0,MutNovel,"E1817K,0.714"
X-4213,CRTC2,200186.0,Amp5,5.39
X-4213,CRYAB,1410.0,Del0.8,0.76
X-4213,CSMD2,114784.0,MutNovel,"E75Q,0.500"
X-4213,CSNK1G2,1455.0,MutNovel,"T355A,1.000"
X-4213,CSPG4P1Y,114758.0,Del0.8,0.25
X-4213,CSPG4P1Y,114758.0,Del0.8,0.37
X-4213,CT45A1,541466.0,MutKnownFunctional,"R175*,1.000"
X-4213,CT45A2,728911.0,Del0.8,0.78
X-4213,CT45A3,441519.0,MutNovel,"T2S,0.783"
X-4213,CT45A4,441520.0,MutNovel,"T2S,1.000"
X-4213,CT45A4,441520.0,Del0.8,0.78
X-4213,CT45A5,441521.0,MutNovel,"T2S,0.753"
X-4213,CTSA,5476.0,MutNovel,"L29-,0.473"
X-4213,CTSK,1513.0,Amp5,5.54
X-4213,CTSS,1520.0,Amp5,5.54
X-4213,CUL4A,8451.0,Amp8,38.85
X-4213,CUL5,8065.0,Del0.8,0.76
X-4213,CYS1,192668.0,MutNovel,"R35L,1.000"
X-4213,DALRD3,55152.0,MutKnownFunctional,"-246,0.692"
X-4213,DAOA,267012.0,Amp8,9.38
X-4213,DAOA-AS1,282706.0,Amp8,9.38
X-4213,DAZ1,1617.0,Del0.8,0.25
X-4213,DAZ2,57055.0,Del0.8,0.17
X-4213,DAZ3,57054.0,Del0.8,0.15
X-4213,DAZ3,57054.0,Del0.8,0.09
X-4213,DAZ4,57135.0,Del0.8,0.18
X-4213,DAZ4,57135.0,Del0.8,0.13
X-4213,DCAF12L2,340578.0,MutNovel,"E72Q,0.462"
X-4213,DCP1A,55802.0,MutNovel,"M11R,1.000"
X-4213,DCST1,149095.0,Amp5,5.39
X-4213,DCST2,127579.0,Amp5,5.39
X-4213,DCUN1D2,55208.0,Amp8,38.85
X-4213,DCUN1D5,84259.0,Del0.8,0.77
X-4213,DDHD1,80821.0,MutNovel,"S382L,0.364"
X-4213,DDI1,414301.0,Del0.8,0.77
X-4213,DDX10,1662.0,Del0.8,0.76
X-4213,DDX24,57062.0,MutNovel,"K500N,0.252"
X-4213,DDX3Y,8653.0,Del0.8,0.28
X-4213,DDX52,11056.0,Del0.8,0.76
X-4213,DENND4B,9909.0,Amp5,5.39
X-4213,DEPDC1,55635.0,MutNovel,"I560M,0.538"
X-4213,DGCR8,54487.0,MutNovel,"Q487E,0.234"
X-4213,DHRS11,79154.0,Del0.8,0.77
X-4213,DHX15,1665.0,MutNovel,"L158V,0.649"
X-4213,DIAPH2,1730.0,MutNovel,"P613S,0.444"
X-4213,DIXDC1,85458.0,Del0.8,0.76
X-4213,DLAT,1737.0,Del0.8,0.76
X-4213,DNAH12,201625.0,Del0.8,0.74
X-4213,DNASE1L3,1776.0,Del0.8,0.74
X-4213,DNMBP,23268.0,MutNovel,"R1260G,0.272"
X-4213,DPH2,1802.0,MutKnownFunctional,"S75*,0.250"
X-4213,DPM3,54344.0,Amp5,5.39
X-4213,DPP8,54878.0,MutNovel,"S105C,0.250"
X-4213,DPP9,91039.0,MutNovel,"S428C,0.567"
X-4213,DPYD,1806.0,MutNovel,"R909T,0.286"
X-4213,DPYSL2,1808.0,MutNovel,"R597I,0.735"
X-4213,DRD2,1813.0,Del0.8,0.76
X-4213,DSCAML1,57453.0,Del0.8,0.76
X-4213,DUOX2,50506.0,MutNovel,"E49K,0.278"
X-4213,DUOXA2,405753.0,MutNovel,"F90L,0.276"
X-4213,DUSP14,11072.0,Del0.8,0.76
X-4213,DUSP8,1850.0,MutNovel,"I30M,0.353"
X-4213,DYNC2H1,79659.0,Del0.8,0.77
X-4213,DZANK1,55184.0,MutKnownFunctional,"-449?,0.273"
X-4213,DZIP1L,199221.0,MutNovel,"R574C,0.467"
X-4213,EBLN2,55096.0,Del0.8,0.76
X-4213,ECI1,1632.0,MutKnownFunctional,"-295,0.463"
X-4213,ECM1,1893.0,Amp5,5.54
X-4213,ECT2,1894.0,Amp5,5.21
X-4213,EFEMP2,30008.0,MutNovel,"D285N,0.351"
X-4213,EFHC1,114327.0,MutNovel,"D228N,0.474"
X-4213,EFNA1,1942.0,Amp5,5.39
X-4213,EFNA3,1944.0,Amp5,5.39
X-4213,EFNA4,1945.0,Amp5,5.39
X-4213,EIF1AY,9086.0,Del0.8,0.25
X-4213,EIF2B5,8893.0,MutNovel,"Q607H,0.317"
X-4213,EIF4E3,317649.0,Del0.8,0.73
X-4213,EIF5A2,56648.0,Amp5,5.21
X-4213,ELMOD1,55531.0,Del0.8,0.76
X-4213,ENSA,2029.0,Amp5,5.54
X-4213,EP400,57634.0,MutNovel,"P1512L,0.604"
X-4213,EPHA1,2041.0,MutNovel,"D778H,1.000"
X-4213,EPHA1,2041.0,MutNovel,"E128D,0.295"
X-4213,EPHA2,1969.0,MutNovel,"E825K,0.285"
X-4213,EPHX3,79852.0,MutKnownFunctional,"-298?,0.375"
X-4213,EPHX3,79852.0,MutKnownFunctional,"-272,0.407"
X-4213,EPPK1,83481.0,MutNovel,"D1410N,0.640"
X-4213,ESPL1,9700.0,MutNovel,"R1966P,0.358"
X-4213,EXOC2,55770.0,MutNovel,"Q757E,0.320"
X-4213,EXOSC6,118460.0,MutNovel,"R135P,0.482"
X-4213,EXPH5,23086.0,Del0.8,0.76
X-4213,F10,2159.0,Amp8,38.85
X-4213,F7,2155.0,Amp8,38.85
X-4213,FAF1,11124.0,MutNovel,"Q218E,0.207"
X-4213,FAM107A,11170.0,Del0.8,0.74
X-4213,FAM116A,201627.0,Del0.8,0.74
X-4213,FAM149A,25854.0,MutNovel,"C157S,0.852"
X-4213,FAM162B,221303.0,MutNovel,"I112R,0.433"
X-4213,FAM171B,165215.0,MutNovel,"Q699E,0.500"
X-4213,FAM189B,10712.0,Amp5,5.39
X-4213,FAM197Y2P,252946.0,Del0.8,0.28
X-4213,FAM19A1,407738.0,Del0.8,0.59
X-4213,FAM19A4,151647.0,Del0.8,0.73
X-4213,FAM208A,23272.0,Del0.8,0.74
X-4213,FAM22D,728130.0,MutNovel,"P141L,1.000"
X-4213,FAM27L,284123.0,Amp8,17.51
X-4213,FAM3D,131177.0,Del0.8,0.74
X-4213,FAM41AY1,340618.0,Del0.8,0.28
X-4213,FAM41AY1,340618.0,Del0.8,0.28
X-4213,FAM63A,55793.0,Amp5,5.54
X-4213,FAM70B,348013.0,Amp8,38.85
X-4213,FAM83D,81610.0,MutNovel,"V499L,0.348"
X-4213,FASTKD3,79072.0,MutNovel,"L154M,0.212"
X-4213,FBN2,2201.0,MutNovel,"E2891K,0.226"
X-4213,FBXL6,26233.0,MutNovel,"R192W,0.232"
X-4213,FBXL6,26233.0,MutNovel,"E23K,0.268"
X-4213,FBXO41,150726.0,MutNovel,"S169L,0.333"
X-4213,FBXW10,10517.0,MutNovel,"V782A,0.750"
X-4213,FCGR1A,2209.0,Amp5,5.54
X-4213,FDPS,2224.0,Amp5,5.39
X-4213,FDX1,2230.0,Del0.8,0.76
X-4213,FDXACB1,91893.0,Del0.8,0.76
X-4213,FEZF2,55079.0,Del0.8,0.77
X-4213,FGD4,121512.0,MutNovel,"A151T,0.654"
X-4213,FGFR1OP,11116.0,MutNovel,"D70N,0.385"
X-4213,FGFR1OP,11116.0,MutNovel,"G332A,0.349"
X-4213,FHIT,2272.0,Del0.8,0.74
X-4213,FIGNL1,63979.0,MutNovel,"A602V,0.473"
X-4213,FKBP6,8468.0,MutNovel,"G10V,0.237"
X-4213,FLAD1,80308.0,Amp5,5.39
X-4213,FLG,2312.0,MutNovel,"E3721Q,0.462"
X-4213,FLG,2312.0,Amp5,5.54
X-4213,FLG2,388698.0,Amp5,5.54
X-4213,FLNB,2317.0,Del0.8,0.74
X-4213,FLRT3,23767.0,MutNovel,"D136N,0.500"
X-4213,FMNL1,752.0,MutNovel,"E678Q,0.630"
X-4213,FMO5,2330.0,Amp5,5.5
X-4213,FNBP1L,54874.0,MutNovel,"H487R,0.276"
X-4213,FNDC3B,64778.0,Amp5,5.21
X-4213,FNDC8,54752.0,Del0.8,0.77
X-4213,FOXP1,27086.0,Del0.8,0.73
X-4213,FRMD4B,23150.0,Del0.8,0.73
X-4213,FXYD2,486.0,Del0.8,0.76
X-4213,FXYD6,53826.0,Del0.8,0.76
X-4213,FXYD6-FXYD2,100533181.0,Del0.8,0.76
X-4213,GABBR1,2550.0,MutNovel,"H39Y,0.282"
X-4213,GABPB2,126626.0,Amp5,5.54
X-4213,GAGE12H,,MutNovel,"R13S,0.500"
X-4213,GALNT14,79623.0,MutNovel,"H84D,0.800"
X-4213,GAS2L2,246176.0,Del0.8,0.77
X-4213,GAS6,2621.0,Amp8,34.3
X-4213,GATAD2B,57459.0,Amp5,5.39
X-4213,GBA,2629.0,MutNovel,"E80D,0.508"
X-4213,GBA,2629.0,Amp5,5.39
X-4213,GBAP1,2630.0,Amp5,5.39
X-4213,GBE1,2632.0,Del0.8,0.71
X-4213,GCC2,9648.0,MutNovel,"G8E,0.500"
X-4213,GFM1,85476.0,MutNovel,"R178Q,0.341"
X-4213,GGNBP2,79893.0,Del0.8,0.77
X-4213,GHSR,2693.0,Amp5,5.21
X-4213,GIGYF2,26058.0,MutNovel,"PQ1231P,0.621"
X-4213,GJA4,2701.0,MutNovel,"E8Q,1.000"
X-4213,GJA5,2702.0,Amp5,5.5
X-4213,GJA8,2703.0,Amp5,5.5
X-4213,GLG1,2734.0,MutNovel,"C1165Y,0.257"
X-4213,GLG1,2734.0,MutNovel,"H341R,0.484"
X-4213,GNRHR2,114814.0,Amp5,5.5
X-4213,GOLGA2P2Y,84559.0,Del0.8,0.37
X-4213,GOLGA2P2Y,84559.0,Del0.8,0.25
X-4213,GOLGA5,9950.0,MutNovel,"Q602H,0.463"
X-4213,GOLPH3L,55204.0,Amp5,5.54
X-4213,GPATCH8,23131.0,MutNovel,"K1211E,1.000"
X-4213,GPM6B,2824.0,MutNovel,"G271A,0.500"
X-4213,GPR160,26996.0,Amp5,5.21
X-4213,GPR20,2843.0,MutNovel,"G344C,0.429"
X-4213,GPR27,2850.0,Del0.8,0.73
X-4213,GPR89A,653519.0,Amp5,5.5
X-4213,GPR89B,51463.0,Amp5,5.5
X-4213,GPR89C,728932.0,Amp5,5.5
X-4213,GPRIN2,9721.0,MutNovel,"-238MRE,0.306"
X-4213,GRIA4,2893.0,Del0.8,0.77
X-4213,GRIN2D,2906.0,MutNovel,"E358D,0.233"
X-4213,GRK1,6011.0,Amp8,38.85
X-4213,GRTP1,79774.0,Amp8,38.85
X-4213,GRWD1,83743.0,MutNovel,"D382H,0.203"
X-4213,GSS,2937.0,MutNovel,"S55L,0.205"
X-4213,GTPBP10,85865.0,MutNovel,"E333K,0.250"
X-4213,GUCY1A2,2977.0,Del0.8,0.77
X-4213,GXYLT2,727936.0,Del0.8,0.76
X-4213,GYG2P1,352887.0,Del0.8,0.28
X-4213,HARBI1,283254.0,MutNovel,"P69L,0.600"
X-4213,HAX1,10456.0,Amp5,5.39
X-4213,HCFC2,29915.0,MutKnownFunctional,"-307?,0.250"
X-4213,HCN3,57657.0,Amp5,5.39
X-4213,HECW1,23072.0,MutNovel,"A1518V,0.455"
X-4213,HESX1,8820.0,Del0.8,0.74
X-4213,HFE2,148738.0,Amp5,5.5
X-4213,HIST1H2BD,3017.0,MutNovel,"K16N,0.261"
X-4213,HIST2H2AA4,723790.0,Amp5,5.54
X-4213,HIST2H2AA4,723790.0,Amp5,5.54
X-4213,HIST2H2AB,317772.0,Amp5,5.54
X-4213,HIST2H2AC,8338.0,Amp5,5.54
X-4213,HIST2H2BC,337873.0,Amp5,5.54
X-4213,HIST2H2BE,8349.0,Amp5,5.54
X-4213,HIST2H3A,333932.0,Amp5,5.54
X-4213,HIST2H3A,333932.0,Amp5,5.54
X-4213,HIST2H3D,653604.0,Amp5,5.54
X-4213,HIST2H4A,8370.0,Amp5,5.54
X-4213,HIST2H4A,8370.0,Amp5,5.54
X-4213,HIST2H4B,554313.0,Amp5,5.54
X-4213,HIST2H4B,554313.0,Amp5,5.54
X-4213,HIVEP2,3097.0,MutNovel,"H2288Y,0.407"
X-4213,HLA-DPB1,3115.0,MutNovel,"G113D,1.000"
X-4213,HLA-DRB1,3123.0,MutNovel,"SP211RA,0.203"
X-4213,HMCN2,,MutNovel,"EV1157DL,0.773"
X-4213,HMX1,3166.0,MutNovel,"E139Q,0.700"
X-4213,HNF1B,6928.0,Del0.8,0.76
X-4213,HNRNPA3,220988.0,MutNovel,"D13N,0.692"
X-4213,HNRNPCL1,343069.0,MutNovel,"Q185K,1.000"
X-4213,HORMAD1,84072.0,Amp5,5.54
X-4213,HOXD13,3239.0,MutNovel,"S85C,0.409"
X-4213,HRNR,388697.0,Amp5,5.54
X-4213,HS3ST2,9956.0,MutNovel,"E275K,0.667"
X-4213,HS3ST3A1,9955.0,MutNovel,"S13L,0.989"
X-4213,HSCB,150274.0,MutNovel,"D29H,0.538"
X-4213,HSD11B2,3291.0,MutNovel,"K141T,0.483"
X-4213,HSFY2,159119.0,Del0.8,0.28
X-4213,HSFY2,159119.0,Del0.8,0.11
X-4213,HSPA1L,3305.0,MutNovel,"L394R,0.273"
X-4213,HSPA2,3306.0,MutNovel,"I287M,0.461"
X-4213,HSPB2,3316.0,Del0.8,0.76
X-4213,HSPB2-C11orf52,100528019.0,Del0.8,0.76
X-4213,HTR3A,3359.0,Del0.8,0.76
X-4213,HTR3B,9177.0,Del0.8,0.76
X-4213,IER5L,389792.0,MutNovel,"R399G,0.447"
X-4213,IFITM10,402778.0,MutNovel,"M134I,0.295"
X-4213,IFT43,112752.0,MutNovel,"S148L,0.278"
X-4213,IL10RA,3587.0,Del0.8,0.76
X-4213,IL17RD,54756.0,Del0.8,0.74
X-4213,IL18,3606.0,Del0.8,0.76
X-4213,IL28RA,163702.0,MutNovel,"R6G,0.500"
X-4213,IL6R,3570.0,Amp5,5.39
X-4213,ILF2,3608.0,Amp5,5.39
X-4213,ILK,3611.0,MutNovel,"G401A,0.272"
X-4213,ING1,3621.0,Amp8,11.31
X-4213,INTS3,65123.0,Amp5,5.39
X-4213,INTS8,55656.0,MutNovel,"L941F,0.532"
X-4213,INVS,27130.0,MutNovel,"G413V,0.500"
X-4213,IQGAP3,128239.0,MutKnownFunctional,"Q157*,0.717"
X-4213,IQSEC2,23096.0,MutNovel,"Q950H,0.342"
X-4213,IRS2,8660.0,Amp5,6.06
X-4213,ITGA10,8515.0,Amp5,5.5
X-4213,ITPR1,3708.0,MutNovel,"E663Q,0.444"
X-4213,ITPR2,3709.0,MutNovel,"S1584C,0.750"
X-4213,IVL,3713.0,Amp5,5.39
X-4213,JTB,10899.0,Amp5,5.39
X-4213,KANK1,23189.0,MutNovel,"TE606T,0.416"
X-4213,KBTBD11,9920.0,MutNovel,"QL230HL,0.600"
X-4213,KBTBD3,143879.0,Del0.8,0.77
X-4213,KBTBD8,84541.0,Del0.8,0.75
X-4213,KCNJ12,3768.0,MutNovel,"I100V,0.487"
X-4213,KCNJ12,3768.0,MutNovel,"P156L,0.436"
X-4213,KCNJ12,3768.0,MutNovel,"E430G,0.439"
X-4213,KCNN3,3782.0,Amp5,5.39
X-4213,KCTD6,200845.0,Del0.8,0.74
X-4213,KDELC2,143888.0,Del0.8,0.76
X-4213,KDM5D,8284.0,Del0.8,0.25
X-4213,KIAA0040,9674.0,MutNovel,"G22C,0.286"
X-4213,KIAA0232,9778.0,MutNovel,"L930V,0.279"
X-4213,KIAA1377,57562.0,Del0.8,0.77
X-4213,KIF22,3835.0,MutNovel,"S421F,0.242"
X-4213,KIF24,347240.0,MutNovel,"E456Q,0.227"
X-4213,KIF26A,26153.0,MutNovel,"D433H,0.273"
X-4213,KIF5B,3799.0,MutNovel,"R914T,0.280"
X-4213,KLHL2,11275.0,MutNovel,"S219L,0.283"
X-4213,KLHL21,9903.0,MutNovel,"E256Q,0.283"
X-4213,KLK1,3816.0,MutNovel,"E184K,0.391"
X-4213,KPNA6,23633.0,MutNovel,"I120M,0.561"
X-4213,KPRP,448834.0,Amp5,5.39
X-4213,KRT6C,286887.0,MutNovel,"A155T,0.643"
X-4213,KRT6C,286887.0,MutNovel,"A87G,0.390"
X-4213,KRTCAP2,200185.0,Amp5,5.39
X-4213,LAMB2,3913.0,MutNovel,"Q1154E,0.458"
X-4213,LAMP1,3916.0,Amp8,38.85
X-4213,LATS1,9113.0,MutNovel,"S476C,0.324"
X-4213,LAYN,143903.0,Del0.8,0.76
X-4213,LBR,3930.0,MutNovel,"S67L,0.294"
X-4213,LCE1A,353131.0,Amp5,5.39
X-4213,LCE1B,353132.0,Amp5,5.39
X-4213,LCE1C,353133.0,Amp5,5.39
X-4213,LCE1D,353134.0,Amp5,5.39
X-4213,LCE1E,353135.0,Amp5,5.39
X-4213,LCE1F,353137.0,MutKnownFunctional,"-24?,0.450"
X-4213,LCE1F,353137.0,Amp5,5.39
X-4213,LCE2A,353139.0,Amp5,5.39
X-4213,LCE2B,26239.0,Amp5,5.39
X-4213,LCE2C,353140.0,Amp5,5.39
X-4213,LCE2D,353141.0,Amp5,5.39
X-4213,LCE3A,353142.0,Amp5,5.39
X-4213,LCE3B,353143.0,Del0.8,0.37
X-4213,LCE3C,353144.0,Del0.8,0.37
X-4213,LCE3D,84648.0,Amp5,5.54
X-4213,LCE3E,353145.0,Amp5,5.54
X-4213,LCE4A,199834.0,Amp5,5.39
X-4213,LCE5A,254910.0,Amp5,5.54
X-4213,LCE6A,448835.0,Amp5,5.39
X-4213,LELP1,149018.0,Amp5,5.39
X-4213,LENEP,55891.0,Amp5,5.39
X-4213,LGALS1,3956.0,MutNovel,"F107L,0.499"
X-4213,LGALS9C,654346.0,Del0.8,0.4
X-4213,LHX1,3975.0,MutNovel,"E339K,1.000"
X-4213,LHX1,3975.0,Del0.8,0.77
X-4213,LIG3,3980.0,Del0.8,0.77
X-4213,LIG4,3981.0,Amp5,5.78
X-4213,LINC00346,283487.0,Amp8,11.31
X-4213,LINC00347,338864.0,Amp5,6.28
X-4213,LINGO4,339398.0,Amp5,5.54
X-4213,LIX1L,128077.0,Amp5,5.5
X-4213,LMBR1,64327.0,MutKnownFunctional,"S476*,0.283"
X-4213,LMNA,4000.0,MutNovel,"R453W,0.227"
X-4213,LMO7,4008.0,MutNovel,"Q1056E,0.268"
X-4213,LMOD3,56203.0,Del0.8,0.73
X-4213,LOC100128164,100128164.0,Amp5,5.21
X-4213,LOC100129083,100129083.0,MutNovel,"A58T,0.571"
X-4213,LOC100132111,100132111.0,Amp5,5.54
X-4213,LOC100132247,100132247.0,MutNovel,"P1069R,0.368"
X-4213,LOC100132858,,MutNovel,"R74K,0.571"
X-4213,LOC100132858,,MutNovel,"R70W,1.000"
X-4213,LOC100287837,,MutNovel,"K240Q,0.857"
X-4213,LOC100287879,100287879.0,Del0.8,0.77
X-4213,LOC100288346,100288346.0,Del0.8,0.76
X-4213,LOC100289211,100289211.0,Amp5,5.5
X-4213,LOC100505666,100505666.0,Amp5,5.39
X-4213,LOC100506394,100506394.0,Amp8,23.92
X-4213,LOC100506994,100506994.0,Del0.8,0.77
X-4213,LOC100652768,100652768.0,Del0.8,0.76
X-4213,LOC100996573,,MutNovel,"G227S,0.583"
X-4213,LOC201477,201477.0,Amp5,5.54
X-4213,LOC201617,201617.0,Del0.8,0.76
X-4213,LOC283143,283143.0,Del0.8,0.76
X-4213,LOC284100,284100.0,Del0.8,0.76
X-4213,LOC284215,284215.0,Amp5,5.54
X-4213,LOC285401,285401.0,Del0.8,0.77
X-4213,LOC642643,,MutNovel,"S56F,1.000"
X-4213,LOC643699,,MutNovel,"T411M,0.308"
X-4213,LOC643733,643733.0,Del0.8,0.77
X-4213,LOC643923,643923.0,Del0.8,0.76
X-4213,LOC728728,,MutNovel,"P4H,1.000"
X-4213,LOC728728,,MutNovel,"T21I,0.833"
X-4213,LOC728989,728989.0,Amp5,5.5
X-4213,LOR,4014.0,Amp5,5.39
X-4213,LPAR5,57121.0,MutKnownFunctional,"R353*,0.239"
X-4213,LRIG1,26018.0,Del0.8,0.75
X-4213,LRP6,4040.0,MutNovel,"L1436V,0.207"
X-4213,LRRC24,441381.0,MutNovel,"E486Q,0.299"
X-4213,LRRC28,123355.0,MutNovel,"R174C,0.217"
X-4213,LRRC31,79782.0,Amp5,5.21
X-4213,LRRC34,151827.0,Amp5,5.21
X-4213,LRRC37A,9884.0,MutNovel,"L1378P,0.571"
X-4213,LRRC37B,114659.0,MutNovel,"E600Q,0.778"
X-4213,LRRC42,115353.0,MutNovel,"R341P,0.210"
X-4213,LRRIQ4,344657.0,Amp5,5.21
X-4213,LRTM1,57408.0,Del0.8,0.72
X-4213,LSR,51599.0,MutNovel,"G518GR,0.852"
X-4213,LY6G5B,58496.0,MutNovel,"D156H,0.279"
X-4213,LYPD3,27076.0,MutNovel,"S76W,0.283"
X-4213,LYSMD1,388695.0,Amp5,5.54
X-4213,LYZL6,57151.0,Del0.8,0.77
X-4213,MACF1,23499.0,MutNovel,"D4415N,0.242"
X-4213,MAGI1,9223.0,Del0.8,0.75
X-4213,MAMDC4,158056.0,MutNovel,"A92P,0.333"
X-4213,MAN1A2,10905.0,MutKnownFunctional,"S61*,0.333"
X-4213,MAP3K4,4216.0,MutNovel,"PA1189P,0.714"
X-4213,MAP3K5,4217.0,MutNovel,"D988ET,0.490"
X-4213,MAP3K8,1326.0,MutNovel,"D178H,0.217"
X-4213,MAP7,9053.0,MutNovel,"E425Q,0.483"
X-4213,MAPK7,5598.0,MutNovel,"Q152E,0.709"
X-4213,MAPKAPK2,9261.0,MutNovel,"E190Q,0.337"
X-4213,MAST4,375449.0,MutNovel,"L95LP,0.636"
X-4213,MBP,4155.0,MutNovel,"L284I,1.000"
X-4213,MCF2L,23263.0,Amp8,33.13
X-4213,MCF2L-AS1,100289410.0,Amp8,44.94
X-4213,MCL1,4170.0,Amp5,5.54
X-4213,MCM4,4173.0,MutNovel,"D849H,0.236"
X-4213,MECOM,2122.0,Amp5,5.21
X-4213,METTL21A,151194.0,MutNovel,"P134A,0.211"
X-4213,MFSD11,79157.0,MutNovel,"S60F,0.414"
X-4213,MFSD3,113655.0,MutNovel,"L168V,0.481"
X-4213,MGAT5,4249.0,MutNovel,"K264N,0.424"
X-4213,MGLL,11343.0,MutNovel,"S228L,0.481"
X-4213,MID2,11043.0,MutNovel,"F429L,1.000"
X-4213,MIR1284,100302112.0,Del0.8,0.73
X-4213,MIR190B,100126346.0,Amp5,5.39
X-4213,MIR2909,100422969.0,Del0.8,0.77
X-4213,MIR3136,100422859.0,Del0.8,0.73
X-4213,MIR34B,407041.0,Del0.8,0.76
X-4213,MIR34C,407042.0,Del0.8,0.76
X-4213,MIR3920,100500823.0,Del0.8,0.77
X-4213,MIR4257,100422997.0,Amp5,5.54
X-4213,MIR4258,100423020.0,Amp5,5.39
X-4213,MIR4272,100422941.0,Del0.8,0.75
X-4213,MIR4301,100422855.0,Del0.8,0.76
X-4213,MIR4491,100616330.0,Del0.8,0.76
X-4213,MIR4522,100616277.0,Del0.8,0.8
X-4213,MIR4693,100616457.0,Del0.8,0.77
X-4213,MIR548A2,693126.0,Del0.8,0.77
X-4213,MIR554,693139.0,Amp5,5.54
X-4213,MIR555,693140.0,Amp5,5.39
X-4213,MIR569,693154.0,Amp5,5.21
X-4213,MIR92B,693235.0,Amp5,5.39
X-4213,MITF,4286.0,Del0.8,0.73
X-4213,MLL2,8085.0,MutNovel,"Q3158H,0.294"
X-4213,MLLT11,10962.0,Amp5,5.54
X-4213,MLLT4,4301.0,MutNovel,"E1653K,0.375"
X-4213,MMP1,4312.0,Del0.8,0.77
X-4213,MMP10,4319.0,Del0.8,0.77
X-4213,MMP12,4321.0,Del0.8,0.77
X-4213,MMP13,4322.0,Del0.8,0.77
X-4213,MMP20,9313.0,Del0.8,0.77
X-4213,MMP27,64066.0,Del0.8,0.77
X-4213,MMP28,79148.0,Del0.8,0.77
X-4213,MMP3,4314.0,Del0.8,0.77
X-4213,MMP7,4316.0,Del0.8,0.77
X-4213,MMP8,4317.0,Del0.8,0.77
X-4213,MON2,23041.0,MutNovel,"S757L,0.348"
X-4213,MON2,23041.0,MutNovel,"Q1174H,0.321"
X-4213,MPHOSPH10,10199.0,MutKnownFunctional,"E317*,0.282"
X-4213,MPRIP,23164.0,MutNovel,"TS178T,0.504"
X-4213,MPZL2,10205.0,Del0.8,0.76
X-4213,MPZL3,196264.0,Del0.8,0.76
X-4213,MR1,3140.0,MutNovel,"D251H,0.444"
X-4213,MRM1,79922.0,Del0.8,0.77
X-4213,MRPL12,6182.0,MutNovel,"M37I,0.500"
X-4213,MRPL28,10573.0,MutNovel,"K103Q,0.476"
X-4213,MRPL9,65005.0,Amp5,5.54
X-4213,MRPS21,54460.0,Amp5,5.54
X-4213,MSH6,2956.0,MutNovel,"E368K,0.631"
X-4213,MSLN,10232.0,MutNovel,"R292W,0.483"
X-4213,MTA1,9112.0,MutNovel,"R483W,0.525"
X-4213,MTDH,92140.0,MutNovel,"E15K,0.545"
X-4213,MTHFD1,4522.0,MutNovel,"E743K,0.264"
X-4213,MTMR11,10903.0,Amp5,5.54
X-4213,MTX1,4580.0,Amp5,5.39
X-4213,MUC1,4582.0,Amp5,5.39
X-4213,MUC16,94025.0,MutNovel,"Q6224E,1.000"
X-4213,MUC16,94025.0,MutNovel,"P6122L,1.000"
X-4213,MUC16,94025.0,MutNovel,"M4724I,1.000"
X-4213,MUC16,94025.0,MutNovel,"M4612I,1.000"
X-4213,MUC16,94025.0,MutKnownFunctional,"S4559*,1.000"
X-4213,MUC16,94025.0,MutNovel,"I4535T,1.000"
X-4213,MUC20,200958.0,MutNovel,"V325I,1.000"
X-4213,MUC4,4585.0,MutNovel,"P3554L,1.000"
X-4213,MUC4,4585.0,MutNovel,"P2754L,0.667"
X-4213,MX1,4599.0,MutNovel,"R646Q,1.000"
X-4213,MXRA5,25878.0,MutNovel,"S2169R,0.545"
X-4213,MYNN,55892.0,Amp5,5.21
X-4213,MYO16,23026.0,Amp8,10.13
X-4213,MYO19,80179.0,Del0.8,0.77
X-4213,NAF1,92345.0,MutNovel,"S278L,0.673"
X-4213,NAP1L1,4673.0,MutNovel,"E92Q,0.666"
X-4213,NAV3,89795.0,MutNovel,"T2309K,0.500"
X-4213,NBPF10,100132406.0,Amp5,5.5
X-4213,NBPF11,200030.0,MutNovel,"D119H,0.333"
X-4213,NBPF11,200030.0,Amp5,5.5
X-4213,NBPF12,,MutNovel,"I338L,0.688"
X-4213,NBPF14,25832.0,Amp5,5.5
X-4213,NBPF15,284565.0,Amp5,5.5
X-4213,NBPF16,728936.0,Amp5,5.5
X-4213,NBPF6,653149.0,MutNovel,"E651K,1.000"
X-4213,NCAM1,4684.0,Del0.8,0.76
X-4213,NCAPD3,23310.0,MutNovel,"E605K,0.464"
X-4213,NCEH1,57552.0,Amp5,5.21
X-4213,NCF1,653361.0,MutNovel,"D82H,0.500"
X-4213,NCOA3,8202.0,MutNovel,"Q1255-,0.276"
X-4213,NCOA5,57727.0,MutNovel,"S466Y,0.203"
X-4213,NCOA5,57727.0,MutNovel,"S96C,0.380"
X-4213,NCOR2,9612.0,MutNovel,"G1839GAAA,0.433"
X-4213,NCRNA00185,55410.0,Del0.8,0.25
X-4213,NEFL,4747.0,MutNovel,"D72H,0.376"
X-4213,NEIL3,55247.0,MutNovel,"D126N,0.704"
X-4213,NEURL4,84461.0,MutNovel,"L1334V,0.267"
X-4213,NFE2L3,9603.0,MutNovel,"S561C,0.667"
X-4213,NFS1,9054.0,MutNovel,"V237A,0.273"
X-4213,NHSL2,340527.0,MutNovel,"M786I,1.000"
X-4213,NLE1,54475.0,Del0.8,0.77
X-4213,NLGN4Y,22829.0,Del0.8,0.28
X-4213,NNMT,4837.0,Del0.8,0.76
X-4213,NOS1AP,9722.0,MutNovel,"D125H,0.294"
X-4213,NOTCH2NL,388677.0,Amp5,5.5
X-4213,NPAT,4863.0,Del0.8,0.76
X-4213,NPIPL3,23117.0,MutNovel,"L438F,0.778"
X-4213,NPR1,4881.0,Amp5,5.39
X-4213,NR1H2,7376.0,MutNovel,"-173Q,0.600"
X-4213,NSRP1,84081.0,MutNovel,"E157K,0.558"
X-4213,NUDC,10726.0,MutNovel,"W174C,0.247"
X-4213,NUDT17,200035.0,Amp5,5.5
X-4213,NUP210L,91181.0,Amp5,5.39
X-4213,OAZ3,51686.0,Amp5,5.54
X-4213,ODZ4,26011.0,MutNovel,"R2058H,0.615"
X-4213,OFCC1,,MutNovel,"N541S,1.000"
X-4213,OFCC1,,MutKnownFunctional,"Y525*,1.000"
X-4213,OPRL1,4987.0,MutNovel,"I217M,0.649"
X-4213,ORAI1,84876.0,MutNovel,"PP43-,0.935"
X-4213,OTOF,9381.0,MutNovel,"Q1482R,0.400"
X-4213,OTOP1,133060.0,MutNovel,"R598A,0.429"
X-4213,OTUD7B,56957.0,Amp5,5.54
X-4213,OVOL1,5017.0,MutNovel,"ESQEGH223-,0.389"
X-4213,OXR1,55074.0,MutNovel,"E463K,0.236"
X-4213,PABPC4,8761.0,MutNovel,"D303H,0.223"
X-4213,PAFAH1B2,5049.0,Del0.8,0.76
X-4213,PAPSS1,9061.0,MutNovel,"L278F,0.326"
X-4213,PBRM1,55193.0,MutNovel,"E486Q,0.404"
X-4213,PBXIP1,57326.0,Amp5,5.39
X-4213,PCCA,5095.0,MutNovel,"A467T,1.000"
X-4213,PCDH11Y,83259.0,Del0.8,0.28
X-4213,PCF11,51585.0,MutKnownFunctional,"S348*,0.464"
X-4213,PCGF1,84759.0,MutNovel,"F126L,0.409"
X-4213,PCID2,55795.0,Amp8,38.85
X-4213,PCSK5,5125.0,MutNovel,"R766L,0.667"
X-4213,PCSK7,9159.0,Del0.8,0.76
X-4213,PDCD2,5134.0,MutNovel,"P28S,0.569"
X-4213,PDE12,201626.0,Del0.8,0.74
X-4213,PDGFD,80310.0,Del0.8,0.77
X-4213,PDHB,5162.0,Del0.8,0.74
X-4213,PDIA3P,171423.0,Amp5,5.5
X-4213,PDZD7,79955.0,MutNovel,"D827H,0.667"
X-4213,PDZD8,118987.0,MutNovel,"E819K,0.610"
X-4213,PDZK1,5174.0,Amp5,5.5
X-4213,PDZK1P1,728939.0,Amp5,5.5
X-4213,PDZRN3,23024.0,Del0.8,0.72
X-4213,PEAK1,79834.0,MutNovel,"K1435N,0.792"
X-4213,PEG10,23089.0,MutNovel,"G534E,1.000"
X-4213,PEX11B,8799.0,Amp5,5.5
X-4213,PEX12,5193.0,Del0.8,0.77
X-4213,PGLYRP3,114771.0,Amp5,5.39
X-4213,PGLYRP4,57115.0,Amp5,5.39
X-4213,PGR,5241.0,Del0.8,0.77
X-4213,PHACTR2,9749.0,MutNovel,"I51M,0.667"
X-4213,PHC3,80012.0,Amp5,5.21
X-4213,PHF19,26147.0,MutNovel,"D424H,0.380"
X-4213,PHLDA1,22822.0,MutNovel,"QQ194Q,0.486"
X-4213,PHLPP1,23239.0,MutNovel,"F291V,0.643"
X-4213,PI4KB,5298.0,Amp5,5.54
X-4213,PIAS3,10401.0,Amp5,5.5
X-4213,PIEZO2,63895.0,MutNovel,"D1589H,0.296"
X-4213,PIGG,54872.0,MutNovel,"E16Q,0.273"
X-4213,PIGT,51604.0,MutNovel,"A8T,0.397"
X-4213,PIGW,284098.0,Del0.8,0.77
X-4213,PIH1D2,120379.0,Del0.8,0.76
X-4213,PIKFYVE,200576.0,MutNovel,"F1866L,0.217"
X-4213,PIP5K1A,8394.0,Amp5,5.54
X-4213,PKLR,5313.0,Amp5,5.39
X-4213,PLA2G4E,123745.0,MutNovel,"E117Q,0.333"
X-4213,PLA2G4F,255189.0,MutNovel,"E738Q,0.354"
X-4213,PLD1,5337.0,Amp5,5.21
X-4213,PLEKHA6,22874.0,MutNovel,"P703S,0.233"
X-4213,PLEKHG4,25894.0,MutNovel,"Q560E,0.251"
X-4213,PLEKHH1,57475.0,MutNovel,"E45Q,0.209"
X-4213,PLEKHO1,51177.0,Amp5,5.54
X-4213,PLOD3,8985.0,MutNovel,"A24G,0.581"
X-4213,PMEPA1,56937.0,MutNovel,"G284A,0.513"
X-4213,PMVK,10654.0,Amp5,5.39
X-4213,POGZ,23126.0,Amp5,5.54
X-4213,POLR3C,10623.0,Amp5,5.5
X-4213,POLR3GL,84265.0,Amp5,5.5
X-4213,POM121,9883.0,MutNovel,"A593T,0.526"
X-4213,POTEI,,MutNovel,"I822V,1.000"
X-4213,POU2AF1,5450.0,Del0.8,0.76
X-4213,POU3F1,5453.0,MutNovel,"AA35A,0.261"
X-4213,POU5F1P4,645682.0,Amp5,5.39
X-4213,PPIAL4D,645142.0,Amp5,5.5
X-4213,PPIAL4D,645142.0,Amp5,5.5
X-4213,PPIAL4E,730262.0,Amp5,5.5
X-4213,PPP2R1B,5519.0,Del0.8,0.76
X-4213,PPP4R2,151987.0,MutNovel,"E341K,1.000"
X-4213,PPP4R2,151987.0,Del0.8,0.76
X-4213,PPRC1,23082.0,MutNovel,"K804N,0.289"
X-4213,PREP,5550.0,MutNovel,"S105F,0.224"
X-4213,PRICKLE2,166336.0,Del0.8,0.77
X-4213,PRKAB2,5565.0,Amp5,5.5
X-4213,PRKCB,5579.0,MutNovel,"E222K,0.357"
X-4213,PRKCI,5584.0,Amp5,5.21
X-4213,PRKY,5616.0,Del0.8,0.28
X-4213,PROK2,60675.0,Del0.8,0.73
X-4213,PROZ,8858.0,Amp8,38.85
X-4213,PRPF3,9129.0,Amp5,5.54
X-4213,PRR9,574414.0,Amp5,5.39
X-4213,PRUNE,58497.0,Amp5,5.54
X-4213,PRY,9081.0,Del0.8,0.25
X-4213,PRY,9081.0,Del0.8,0.25
X-4213,PRY2,442862.0,Del0.8,0.25
X-4213,PRY2,442862.0,Del0.8,0.25
X-4213,PSMB4,5692.0,Amp5,5.54
X-4213,PSMB9,5698.0,MutNovel,"E169K,0.509"
X-4213,PSMD4,5710.0,Amp5,5.54
X-4213,PSMD6,9861.0,Del0.8,0.77
X-4213,PTS,5805.0,Del0.8,0.76
X-4213,PUS3,83480.0,MutNovel,"AFL273V,0.395"
X-4213,PXK,54899.0,Del0.8,0.74
X-4213,PYGO2,90780.0,Amp5,5.39
X-4213,PYHIN1,149628.0,MutNovel,"P57R,1.000"
X-4213,RAB11FIP3,9727.0,MutNovel,"P334S,0.468"
X-4213,RAB13,5872.0,Amp5,5.39
X-4213,RAB20,55647.0,Amp5,7.31
X-4213,RAB39A,54734.0,Del0.8,0.76
X-4213,RABGAP1,23637.0,MutNovel,"L595V,0.411"
X-4213,RAD51D,5892.0,Del0.8,0.77
X-4213,RAD51L3-RFFL,100529207.0,Del0.8,0.77
X-4213,RAI14,26064.0,MutNovel,"D176H,0.327"
X-4213,RALGAPA2,57186.0,MutNovel,"D1609H,0.231"
X-4213,RASA1,5921.0,MutKnownFunctional,"-986,0.983"
X-4213,RASA3,22821.0,Amp8,11.47
X-4213,RASAL1,8437.0,MutNovel,"E119K,0.250"
X-4213,RASL10B,91608.0,Del0.8,0.77
X-4213,RB1,5925.0,MutNovel,"G248C,1.000"
X-4213,RBM12B,389677.0,MutNovel,"S562L,0.518"
X-4213,RBM22,55696.0,MutNovel,"E172Q,0.309"
X-4213,RBM7,10179.0,Del0.8,0.76
X-4213,RBM8A,9939.0,Amp5,5.5
X-4213,RBMY1A3P,286557.0,Del0.8,0.28
X-4213,RBMY1B,378948.0,Del0.8,0.25
X-4213,RBMY1B,378948.0,Del0.8,0.25
X-4213,RBMY1E,378950.0,Del0.8,0.25
X-4213,RBMY1E,378950.0,Del0.8,0.25
X-4213,RBMY1F,159163.0,Del0.8,0.25
X-4213,RBMY1F,159163.0,Del0.8,0.25
X-4213,RBMY1J,378951.0,Del0.8,0.25
X-4213,RBMY1J,378951.0,Del0.8,0.25
X-4213,RBMY2EP,159125.0,Del0.8,0.25
X-4213,RBMY2FP,159162.0,Del0.8,0.25
X-4213,RBMY3AP,64593.0,Del0.8,0.28
X-4213,RCE1,9986.0,MutNovel,"E22K,0.603"
X-4213,RDM1,201299.0,Del0.8,0.77
X-4213,RDX,5962.0,Del0.8,0.76
X-4213,REC8,9985.0,MutNovel,"E165D,0.375"
X-4213,RECQL5,9400.0,MutNovel,"Q34L,1.000"
X-4213,REPS1,85021.0,MutNovel,"L730I,0.326"
X-4213,RERE,473.0,MutNovel,"E1233K,0.995"
X-4213,REXO2,25996.0,Del0.8,0.76
X-4213,RFFL,117584.0,Del0.8,0.77
X-4213,RFX5,5993.0,Amp5,5.54
X-4213,RGL1,23179.0,MutNovel,"M563V,0.421"
X-4213,RIIAD1,284485.0,Amp5,5.54
X-4213,RIN1,9610.0,MutNovel,"R470C,0.447"
X-4213,RIN3,79890.0,MutNovel,"G967-,0.292"
X-4213,RNF115,27246.0,Amp5,5.5
X-4213,RNF135,84282.0,MutNovel,"E333Q,0.283"
X-4213,RNF149,284996.0,MutNovel,"R338M,0.278"
X-4213,RNF214,257160.0,Del0.8,0.76
X-4213,RNPEP,6051.0,MutNovel,"R97L,0.286"
X-4213,ROBO1,6091.0,Del0.8,0.72
X-4213,ROBO2,6092.0,Del0.8,0.72
X-4213,RORC,6097.0,Amp5,5.54
X-4213,RPL22L1,200916.0,Amp5,5.21
X-4213,RPP14,11102.0,Del0.8,0.74
X-4213,RPRD2,23248.0,Amp5,5.54
X-4213,RPS27,6232.0,Amp5,5.39
X-4213,RPS4Y1,6192.0,Del0.8,0.28
X-4213,RPS4Y2,140032.0,Del0.8,0.25
X-4213,RPTN,126638.0,Amp5,5.54
X-4213,RUSC1,23623.0,Amp5,5.39
X-4213,RUSC1-AS1,284618.0,Amp5,5.39
X-4213,RUVBL2,10856.0,MutNovel,"I268M,0.279"
X-4213,RWDD3,25950.0,MutNovel,"N188K,0.636"
X-4213,RYBP,23429.0,Del0.8,0.76
X-4213,S100A1,6271.0,Amp5,5.39
X-4213,S100A10,6281.0,Amp5,5.54
X-4213,S100A11,6282.0,Amp5,5.54
X-4213,S100A12,6283.0,Amp5,5.39
X-4213,S100A13,6284.0,Amp5,5.39
X-4213,S100A14,57402.0,Amp5,5.39
X-4213,S100A16,140576.0,Amp5,5.39
X-4213,S100A2,6273.0,Amp5,5.39
X-4213,S100A3,6274.0,Amp5,5.39
X-4213,S100A4,6275.0,Amp5,5.39
X-4213,S100A5,6276.0,Amp5,5.39
X-4213,S100A6,6277.0,Amp5,5.39
X-4213,S100A7,6278.0,Amp5,5.39
X-4213,S100A7A,338324.0,MutNovel,"G25D,0.231"
X-4213,S100A7A,338324.0,Amp5,5.39
X-4213,S100A7L2,645922.0,Amp5,5.39
X-4213,S100A8,6279.0,Amp5,5.39
X-4213,S100A9,6280.0,Amp5,5.39
X-4213,SALL3,27164.0,MutNovel,"Q468H,0.511"
X-4213,SAMD7,344658.0,Amp5,5.21
X-4213,SAMD9,54809.0,MutKnownFunctional,"E1068*,0.204"
X-4213,SAP130,79595.0,MutKnownFunctional,"Q48*,0.261"
X-4213,SCAF1,58506.0,MutNovel,"S548L,0.261"
X-4213,SCAMP3,10067.0,Amp5,5.39
X-4213,SCAND3,114821.0,MutNovel,"K1122N,1.000"
X-4213,SCN2B,6327.0,Del0.8,0.76
X-4213,SCN4B,6330.0,Del0.8,0.76
X-4213,SCNM1,79005.0,Amp5,5.54
X-4213,SDHD,6392.0,Del0.8,0.76
X-4213,SEC23IP,11196.0,MutNovel,"P214L,1.000"
X-4213,SEC31A,22872.0,MutNovel,"G417V,0.250"
X-4213,SEC31A,22872.0,MutNovel,"E408Q,0.278"
X-4213,SEC62,7095.0,Amp5,5.21
X-4213,SELENBP1,8991.0,Amp5,5.54
X-4213,SEMA6C,10500.0,Amp5,5.54
X-4213,SEMA6D,80031.0,MutNovel,"M202I,1.000"
X-4213,SERINC2,347735.0,MutNovel,"-373Q,0.780"
X-4213,SERINC4,619189.0,MutNovel,"I338T,0.750"
X-4213,SERPINB3,6317.0,MutNovel,"L299F,0.279"
X-4213,SETBP1,26040.0,MutNovel,"I845V,0.533"
X-4213,SETD1A,9739.0,MutNovel,"R500C,0.219"
X-4213,SETD2,29072.0,MutNovel,"L1771V,0.429"
X-4213,SETDB1,9869.0,Amp5,5.54
X-4213,SF3B4,10262.0,Amp5,5.54
X-4213,SGOL2,151246.0,MutNovel,"I923M,0.521"
X-4213,SH2B1,25970.0,MutNovel,"T484V,0.222"
X-4213,SH3BP1,23616.0,MutNovel,"S583F,0.465"
X-4213,SH3BP1,23616.0,MutKnownFunctional,"S638*,0.492"
X-4213,SHC1,6464.0,Amp5,5.39
X-4213,SHCBP1,79801.0,MutNovel,"I205V,0.423"
X-4213,SHE,126669.0,Amp5,5.39
X-4213,SHQ1,55164.0,Del0.8,0.76
X-4213,SIAH1,6477.0,MutNovel,"R34C,0.485"
X-4213,SIDT2,51092.0,Del0.8,0.76
X-4213,SIK2,23235.0,Del0.8,0.76
X-4213,SIK3,23387.0,Del0.8,0.76
X-4213,SKIL,6498.0,Amp5,5.21
X-4213,SLC15A1,6564.0,MutNovel,"A375V,1.000"
X-4213,SLC16A11,162515.0,MutNovel,"E445Q,0.273"
X-4213,SLC25A26,115286.0,Del0.8,0.75
X-4213,SLC27A3,11000.0,Amp5,5.39
X-4213,SLC27A6,28965.0,MutNovel,"L597F,0.429"
X-4213,SLC29A2,3177.0,MutNovel,"D5H,0.269"
X-4213,SLC2A2,6514.0,Amp5,5.21
X-4213,SLC2A6,11182.0,MutNovel,"E376K,0.826"
X-4213,SLC35B3,51000.0,MutNovel,"L315V,0.230"
X-4213,SLC35F2,54733.0,Del0.8,0.76
X-4213,SLC35G3,146861.0,Del0.8,0.77
X-4213,SLC37A4,2542.0,MutKnownFunctional,"R377*,1.000"
X-4213,SLC38A5,92745.0,MutNovel,"V391F,0.524"
X-4213,SLC39A1,27173.0,Amp5,5.39
X-4213,SLC39A2,29986.0,MutNovel,"E70K,0.308"
X-4213,SLC39A6,25800.0,MutNovel,"D127H,0.229"
X-4213,SLC41A2,84102.0,MutNovel,"T400K,0.375"
X-4213,SLC4A9,83697.0,MutNovel,"I730M,0.444"
X-4213,SLC50A1,55974.0,Amp5,5.39
X-4213,SLC7A11,23657.0,MutNovel,"L80V,0.391"
X-4213,SLC7A14,57709.0,Amp5,5.21
X-4213,SLC9A3R1,9368.0,MutNovel,"R270H,0.453"
X-4213,SLFN11,91607.0,Del0.8,0.77
X-4213,SLFN12,55106.0,Del0.8,0.77
X-4213,SLFN12L,100506736.0,Del0.8,0.77
X-4213,SLFN13,146857.0,Del0.8,0.77
X-4213,SLFN14,342618.0,Del0.8,0.77
X-4213,SLFN5,162394.0,Del0.8,0.77
X-4213,SLMAP,7871.0,Del0.8,0.74
X-4213,SLN,6588.0,Del0.8,0.76
X-4213,SLU7,10569.0,MutNovel,"R440Q,0.339"
X-4213,SLX4,84464.0,MutNovel,"P1435A,0.284"
X-4213,SLX4,84464.0,MutNovel,"S191C,0.548"
X-4213,SLX4,84464.0,MutKnownFunctional,"R174*,0.444"
X-4213,SMAD1,4086.0,MutNovel,"Q453E,0.248"
X-4213,SMAD9,4093.0,MutNovel,"A58S,1.000"
X-4213,SMARCA2,6595.0,MutNovel,"I849V,0.312"
X-4213,SMCHD1,23347.0,MutNovel,"E1821K,0.489"
X-4213,SMCP,4184.0,Amp5,5.39
X-4213,SMCR7,125170.0,MutNovel,"F15L,0.561"
X-4213,SMEK1,55671.0,MutNovel,"F731L,0.212"
X-4213,SNAPIN,23557.0,Amp5,5.39
X-4213,SNORD7,692076.0,Del0.8,0.77
X-4213,SNRNP200,23020.0,MutNovel,"L750V,0.286"
X-4213,SNTN,132203.0,Del0.8,0.77
X-4213,SNW1,22938.0,MutNovel,"F412L,0.206"
X-4213,SNX27,81609.0,Amp5,5.54
X-4213,SNX30,401548.0,MutNovel,"M337V,0.382"
X-4213,SNX4,8723.0,MutNovel,"D222N,0.608"
X-4213,SOGA2,,MutNovel,"P1103S,0.643"
X-4213,SOX1,6656.0,Amp8,12.04
X-4213,SOX30,11063.0,MutKnownFunctional,"S664*,0.500"
X-4213,SP6,80320.0,MutNovel,"D99E,0.424"
X-4213,SPACA7,122258.0,Amp8,12.04
X-4213,SPATA12,353324.0,Del0.8,0.74
X-4213,SPATA16,83893.0,Amp5,5.21
X-4213,SPEN,23013.0,MutKnownFunctional,"-1016?,0.250"
X-4213,SPIN4,139886.0,Del0.8,0.79
X-4213,SPNS2,124976.0,MutNovel,"T74A,0.292"
X-4213,SPPL2B,56928.0,MutNovel,"S34F,0.504"
X-4213,SPRR1A,6698.0,Amp5,5.39
X-4213,SPRR1B,6699.0,Amp5,5.39
X-4213,SPRR2A,6700.0,Amp5,5.39
X-4213,SPRR2B,6701.0,Amp5,5.39
X-4213,SPRR2C,6702.0,Amp5,5.39
X-4213,SPRR2D,6703.0,Amp5,5.39
X-4213,SPRR2E,6704.0,Amp5,5.39
X-4213,SPRR2F,6705.0,Amp5,5.39
X-4213,SPRR2G,6706.0,Amp5,5.39
X-4213,SPRR3,6707.0,Amp5,5.39
X-4213,SPRR4,163778.0,Amp5,5.39
X-4213,SPTBN4,57731.0,MutNovel,"E2290Q,0.750"
X-4213,SRMS,6725.0,MutNovel,"G370S,0.478"
X-4213,SRMS,6725.0,MutNovel,"A80D,0.491"
X-4213,SRRM2,23524.0,MutNovel,"S2608R,0.218"
X-4213,SRRM5,100170229.0,MutNovel,"L191V,0.667"
X-4213,SRY,6736.0,Del0.8,0.28
X-4213,SSH1,54434.0,MutNovel,"K799T,0.720"
X-4213,STXBP3,6814.0,MutNovel,"E7Q,0.333"
X-4213,SUCLG2,8801.0,Del0.8,0.75
X-4213,SULT4A1,25830.0,MutNovel,"E241K,1.000"
X-4213,SUPT5H,6829.0,MutNovel,"D159H,0.306"
X-4213,SUV420H2,84787.0,MutNovel,"E208Q,0.836"
X-4213,SV2A,9900.0,Amp5,5.54
X-4213,SYNPR,132204.0,Del0.8,0.77
X-4213,SYNRG,11276.0,Del0.8,0.76
X-4213,TADA2A,6871.0,Del0.8,0.76
X-4213,TAF15,8148.0,Del0.8,0.77
X-4213,TAF4,6874.0,MutNovel,"S806F,0.326"
X-4213,TAF5,6877.0,MutNovel,"E235Q,0.304"
X-4213,TAGLN,6876.0,Del0.8,0.76
X-4213,TARS2,80222.0,Amp5,5.54
X-4213,TASP1,55617.0,MutNovel,"Y171S,1.000"
X-4213,TBC1D3,729873.0,Del0.8,0.76
X-4213,TBC1D3B,414059.0,Del0.8,0.77
X-4213,TBC1D3C,414060.0,Del0.8,0.77
X-4213,TBC1D3G,654341.0,Del0.8,0.77
X-4213,TBC1D3H,729877.0,Del0.8,0.77
X-4213,TBC1D8,11138.0,MutNovel,"S869W,0.293"
X-4213,TBL1Y,90665.0,Del0.8,0.28
X-4213,TBP,6908.0,MutNovel,"-64Q,0.261"
X-4213,TBX5,6910.0,MutNovel,"V107L,0.571"
X-4213,TCF7L2,6934.0,MutKnownFunctional,"S36*,0.250"
X-4213,TCHH,7062.0,Amp5,5.54
X-4213,TCHHL1,126637.0,Amp5,5.54
X-4213,TDRD10,126668.0,Amp5,5.39
X-4213,TDRKH,11022.0,Amp5,5.54
X-4213,TEAD3,7005.0,MutNovel,"I39M,0.498"
X-4213,TERC,7012.0,Amp5,5.21
X-4213,TEX12,56158.0,Del0.8,0.76
X-4213,TFAP2C,7022.0,MutNovel,"G50A,0.343"
X-4213,TFDP1,7027.0,Amp8,38.85
X-4213,TGIF2LY,90655.0,Del0.8,0.28
X-4213,THBS3,7059.0,Amp5,5.39
X-4213,THEM4,117145.0,Amp5,5.54
X-4213,THEM5,284486.0,Amp5,5.54
X-4213,THOC7,80145.0,Del0.8,0.77
X-4213,TIMM8B,26521.0,Del0.8,0.76
X-4213,TIPARP,25976.0,MutNovel,"S98L,0.217"
X-4213,TLX1,3195.0,MutNovel,"G109S,0.385"
X-4213,TMCO3,55002.0,Amp8,38.85
X-4213,TMEM123,114908.0,Del0.8,0.77
X-4213,TMEM132C,92293.0,MutNovel,"H265Q,1.000"
X-4213,TMEM132E,124842.0,Del0.8,0.77
X-4213,TMEM133,83935.0,Del0.8,0.77
X-4213,TMEM184A,202915.0,MutNovel,"G392GA,0.318"
X-4213,TMEM212,389177.0,Amp5,5.21
X-4213,TMEM223,79064.0,MutNovel,"F58L,0.432"
X-4213,TMF1,7110.0,Del0.8,0.73
X-4213,TMOD4,29765.0,Amp5,5.54
X-4213,TMPRSS13,84000.0,Del0.8,0.76
X-4213,TMPRSS4,56649.0,Del0.8,0.76
X-4213,TMPRSS5,80975.0,Del0.8,0.76
X-4213,TMSB4Y,9087.0,Del0.8,0.28
X-4213,TMTC4,84899.0,MutNovel,"S739L,0.317"
X-4213,TNFAIP8L2,79626.0,Amp5,5.54
X-4213,TNFAIP8L2-SCNM1,100534012.0,Amp5,5.54
X-4213,TNFSF10,8743.0,Amp5,5.21
X-4213,TNFSF13B,10673.0,Amp5,5.78
X-4213,TNIK,23043.0,Amp5,5.21
X-4213,TOX2,84969.0,MutNovel,"-390P,0.526"
X-4213,TP53,7157.0,MutLikelyFunctional,"N131I,1.000"
X-4213,TP53BP1,7158.0,MutNovel,"D478H,0.378"
X-4213,TPM3,7170.0,Amp5,5.39
X-4213,TPM4,7171.0,MutNovel,"K5R,0.314"
X-4213,TRAM1,23471.0,MutNovel,"E280K,0.472"
X-4213,TRIM46,80128.0,Amp5,5.39
X-4213,TRIM9,114088.0,MutNovel,"R149G,0.667"
X-4213,TRIO,7204.0,MutNovel,"D1626H,0.288"
X-4213,TRMT1,55621.0,MutNovel,"S14F,0.704"
X-4213,TRMT2A,27037.0,MutNovel,"E45Q,0.636"
X-4213,TRPC6,7225.0,Del0.8,0.77
X-4213,TRRAP,8295.0,MutNovel,"M1467I,0.222"
X-4213,TRRAP,8295.0,MutNovel,"E3334K,0.207"
X-4213,TSGA10IP,254187.0,MutNovel,"S520L,1.000"
X-4213,TSPY1,7258.0,Del0.8,0.28
X-4213,TSPY2,64591.0,Del0.8,0.28
X-4213,TSPY3,728137.0,Del0.8,0.28
X-4213,TSPY4,728395.0,Del0.8,0.28
X-4213,TSPY8,728403.0,Del0.8,0.28
X-4213,TSPYL1,7259.0,MutNovel,"V176VW,0.838"
X-4213,TTC12,54970.0,Del0.8,0.76
X-4213,TTC21A,199223.0,MutNovel,"L299F,1.000"
X-4213,TTC27,55622.0,MutNovel,"I462T,0.247"
X-4213,TTC28,23331.0,MutNovel,"G877V,1.000"
X-4213,TTLL7,79739.0,MutNovel,"E666K,0.655"
X-4213,TTN,7273.0,MutNovel,"P16536S,0.273"
X-4213,TTTY10,246119.0,Del0.8,0.25
X-4213,TTTY11,83866.0,Del0.8,0.28
X-4213,TTTY12,83867.0,Del0.8,0.28
X-4213,TTTY13,83868.0,Del0.8,0.25
X-4213,TTTY14,83869.0,Del0.8,0.25
X-4213,TTTY15,64595.0,Del0.8,0.28
X-4213,TTTY16,252948.0,Del0.8,0.28
X-4213,TTTY17A,252949.0,Del0.8,0.25
X-4213,TTTY17A,252949.0,Del0.8,0.37
X-4213,TTTY18,252950.0,Del0.8,0.28
X-4213,TTTY19,252952.0,Del0.8,0.28
X-4213,TTTY1B,100101116.0,Del0.8,0.28
X-4213,TTTY1B,100101116.0,Del0.8,0.28
X-4213,TTTY2,60439.0,Del0.8,0.28
X-4213,TTTY2,60439.0,Del0.8,0.28
X-4213,TTTY20,252951.0,Del0.8,0.28
X-4213,TTTY21,252953.0,Del0.8,0.28
X-4213,TTTY21,252953.0,Del0.8,0.28
X-4213,TTTY22,252954.0,Del0.8,0.28
X-4213,TTTY23,252955.0,Del0.8,0.28
X-4213,TTTY23,252955.0,Del0.8,0.28
X-4213,TTTY3,114760.0,Del0.8,0.25
X-4213,TTTY3,114760.0,Del0.8,0.16
X-4213,TTTY4,114761.0,Del0.8,0.09
X-4213,TTTY4,114761.0,Del0.8,0.15
X-4213,TTTY5,83863.0,Del0.8,0.25
X-4213,TTTY6,84672.0,Del0.8,0.25
X-4213,TTTY6,84672.0,Del0.8,0.25
X-4213,TTTY7,246122.0,Del0.8,0.28
X-4213,TTTY7,246122.0,Del0.8,0.28
X-4213,TTTY7B,100101120.0,Del0.8,0.28
X-4213,TTTY7B,100101120.0,Del0.8,0.28
X-4213,TTTY8,84673.0,Del0.8,0.28
X-4213,TTTY8,84673.0,Del0.8,0.28
X-4213,TTTY9A,83864.0,Del0.8,0.28
X-4213,TTTY9A,83864.0,Del0.8,0.11
X-4213,TUBB6,84617.0,MutNovel,"G29C,0.669"
X-4213,TUBGCP3,10426.0,Amp8,23.26
X-4213,TUBGCP5,114791.0,MutNovel,"L615V,0.382"
X-4213,TUFT1,7286.0,Amp5,5.54
X-4213,TXLNG2P,246126.0,Del0.8,0.25
X-4213,TXNIP,10628.0,Amp5,5.5
X-4213,UBA3,9039.0,Del0.8,0.73
X-4213,UBAC1,10422.0,MutNovel,"S51G,0.290"
X-4213,UBAC2,337867.0,MutNovel,"F71L,0.366"
X-4213,UBAP2L,9898.0,Amp5,5.39
X-4213,UBASH3B,84959.0,MutNovel,"E353K,0.562"
X-4213,UBE2Q1,55585.0,Amp5,5.39
X-4213,UBE4A,9354.0,Del0.8,0.76
X-4213,UBFD1,56061.0,MutNovel,"E20Q,0.221"
X-4213,UBQLN4,56893.0,MutNovel,"R14G,0.849"
X-4213,UFL1,23376.0,MutNovel,"R274G,0.515"
X-4213,UNC119,9094.0,MutNovel,"R139L,0.468"
X-4213,UNC45B,146862.0,Del0.8,0.77
X-4213,UNC93B1,81622.0,MutNovel,"E49K,0.661"
X-4213,UPF3A,65110.0,Amp5,5.5
X-4213,USP18,11274.0,MutNovel,"D336N,0.484"
X-4213,USP28,57646.0,Del0.8,0.76
X-4213,USP31,57478.0,MutNovel,"L1062V,0.320"
X-4213,USP36,57602.0,MutNovel,"KKK958K,0.642"
X-4213,USP9Y,8287.0,Del0.8,0.28
X-4213,UTP18,51096.0,MutNovel,"I235V,0.498"
X-4213,UTY,7404.0,Del0.8,0.28
X-4213,VCY,9084.0,Del0.8,0.28
X-4213,VCY,9084.0,Del0.8,0.28
X-4213,VPS13A,23230.0,MutNovel,"G912A,0.500"
X-4213,VPS45,11311.0,Amp5,5.54
X-4213,VPS72,6944.0,Amp5,5.54
X-4213,WDR11,55717.0,MutNovel,"E517Q,1.000"
X-4213,WDR33,55339.0,MutNovel,"E520K,0.321"
X-4213,WDR33,55339.0,MutNovel,"S211L,0.268"
X-4213,WDR7,23335.0,MutNovel,"V1449L,0.643"
X-4213,WNT5A,7474.0,Del0.8,0.72
X-4213,WSB1,26118.0,Del0.8,0.8
X-4213,WTIP,126374.0,MutNovel,"E70K,0.667"
X-4213,XKR9,389668.0,MutNovel,"TL328T,0.205"
X-4213,XKRY2,353515.0,Del0.8,0.28
X-4213,XKRY2,353515.0,Del0.8,0.28
X-4213,XRN1,54464.0,MutNovel,"E704Q,0.476"
X-4213,YAP1,10413.0,Del0.8,0.77
X-4213,YKT6,10652.0,MutNovel,"R33K,0.213"
X-4213,ZBP1,81030.0,MutNovel,"M134I,0.455"
X-4213,ZBTB16,7704.0,Del0.8,0.76
X-4213,ZBTB7B,51043.0,Amp5,5.39
X-4213,ZC3H12C,85463.0,Del0.8,0.76
X-4213,ZDBF2,57683.0,MutNovel,"H2177N,0.310"
X-4213,ZFC3H1,196441.0,MutNovel,"R886T,0.324"
X-4213,ZFHX3,463.0,MutKnownFunctional,"Y991*,0.455"
X-4213,ZFY,7544.0,Del0.8,0.28
X-4213,ZFYVE26,23503.0,MutNovel,"C1838F,0.605"
X-4213,ZFYVE9,9372.0,MutNovel,"Q793R,0.250"
X-4213,ZNF143,7702.0,MutNovel,"E361Q,0.385"
X-4213,ZNF20,7568.0,MutNovel,"R471S,0.944"
X-4213,ZNF200,7752.0,MutNovel,"D75H,0.438"
X-4213,ZNF251,90987.0,MutNovel,"P523A,0.482"
X-4213,ZNF259,8882.0,Del0.8,0.76
X-4213,ZNF274,10782.0,MutNovel,"E639Q,0.308"
X-4213,ZNF300,91975.0,MutNovel,"E14Q,0.304"
X-4213,ZNF34,80778.0,MutNovel,"E152Q,0.312"
X-4213,ZNF419,79744.0,MutKnownFunctional,"W42*,0.250"
X-4213,ZNF419,79744.0,MutNovel,"G256A,0.385"
X-4213,ZNF419,79744.0,MutKnownFunctional,"E397*,0.379"
X-4213,ZNF423,23090.0,MutNovel,"S204F,0.429"
X-4213,ZNF498,221785.0,MutNovel,"Q13E,0.417"
X-4213,ZNF600,162966.0,MutNovel,"E691Q,0.210"
X-4213,ZNF655,79027.0,MutKnownFunctional,"-121,0.564"
X-4213,ZNF669,79862.0,MutKnownFunctional,"E325*,0.500"
X-4213,ZNF687,57592.0,Amp5,5.54
X-4213,ZNF699,374879.0,MutNovel,"N139D,1.000"
X-4213,ZNF7,7553.0,MutNovel,"E72Q,0.244"
X-4213,ZNF736,728927.0,MutNovel,"L52F,0.548"
X-4213,ZNF750,79755.0,MutNovel,"H245D,0.484"
X-4213,ZNF780A,284323.0,MutNovel,"Q600H,0.375"
X-4213,ZNF8,7554.0,MutKnownFunctional,"S186*,0.448"
X-4213,ZNF814,730051.0,MutNovel,"Y436H,0.429"
X-4213,ZNF829,374899.0,MutNovel,"E434Q,0.294"
X-4213,ZNF830,91603.0,Del0.8,0.77
X-4213,ZNHIT3,9326.0,Del0.8,0.77
X-4213,ZW10,9183.0,Del0.8,0.76
X-4819,ABCB7,22.0,Del0.8,0.71
X-4819,ABCD1,215.0,Del0.8,0.71
X-4819,ACACB,32.0,MutNovel,"V2446I,0.556"
X-4819,ACE2,59272.0,Del0.8,0.71
X-4819,ACOT9,23597.0,Del0.8,0.71
X-4819,ACRC,93953.0,Del0.8,0.71
X-4819,ACSBG1,23205.0,Amp5,5.43
X-4819,ACSL4,2182.0,Del0.8,0.71
X-4819,ACTRT1,139741.0,Del0.8,0.71
X-4819,ADAMTS7,11173.0,MutNovel,"E1422K,0.667"
X-4819,ADAMTS7,11173.0,Amp5,5.43
X-4819,ADD2,119.0,MutNovel,"D562E,0.709"
X-4819,AFAP1L1,134265.0,MutNovel,"E24D,1.000"
X-4819,AFF2,2334.0,Del0.8,0.71
X-4819,AGAP7,653268.0,MutNovel,"R528Q,1.000"
X-4819,AGAP8,728404.0,MutNovel,"S532T,0.857"
X-4819,AGFG1,3267.0,MutNovel,"V435A,0.475"
X-4819,AGPAT5,55326.0,Del0.8,0.73
X-4819,AGPHD1,123688.0,Amp5,5.43
X-4819,AGTR2,186.0,Del0.8,0.71
X-4819,AIFM1,9131.0,Del0.8,0.71
X-4819,AKAP12,9590.0,MutNovel,"E1531EEE,0.529"
X-4819,AKAP14,158798.0,Del0.8,0.71
X-4819,AKAP17A,8227.0,Del0.8,0.7
X-4819,AKAP4,8852.0,Del0.8,0.71
X-4819,AKR1C4,1109.0,MutNovel,"E192Q,0.571"
X-4819,ALAS2,212.0,Del0.8,0.71
X-4819,ALG13,79868.0,Del0.8,0.71
X-4819,AMBRA1,55626.0,MutNovel,"G1222V,0.676"
X-4819,AMELX,265.0,Del0.8,0.71
X-4819,AMELY,266.0,Del0.8,0.26
X-4819,AMMECR1,9949.0,Del0.8,0.71
X-4819,AMOT,154796.0,Del0.8,0.71
X-4819,ANGPT2,285.0,Del0.8,0.73
X-4819,ANKRD13D,338692.0,MutNovel,"G587R,0.725"
X-4819,ANKRD20A4,728747.0,MutNovel,"D655A,0.429"
X-4819,ANKRD30A,91074.0,MutNovel,"T768A,1.000"
X-4819,ANKRD34C,390616.0,Amp5,5.43
X-4819,ANKRD36,375248.0,MutNovel,"T998S,0.367"
X-4819,ANKRD36,375248.0,MutNovel,"D1014Y,0.222"
X-4819,ANP32C,23520.0,MutNovel,"G187D,1.000"
X-4819,AP1S2,8905.0,Del0.8,0.71
X-4819,APEX2,27301.0,Del0.8,0.71
X-4819,APLN,8862.0,Del0.8,0.71
X-4819,APOC1,341.0,MutNovel,"D35N,0.493"
X-4819,APOO,79135.0,Del0.8,0.71
X-4819,APOOL,139322.0,Del0.8,0.71
X-4819,AR,367.0,Del0.8,0.71
X-4819,ARAF,369.0,Del0.8,0.71
X-4819,ARHGAP36,158763.0,Del0.8,0.71
X-4819,ARHGAP4,393.0,Del0.8,0.71
X-4819,ARHGAP6,395.0,Del0.8,0.71
X-4819,ARHGEF10,9639.0,Del0.8,0.76
X-4819,ARHGEF6,9459.0,Del0.8,0.71
X-4819,ARHGEF9,23229.0,Del0.8,0.71
X-4819,ARID1B,57492.0,MutNovel,"G791D,0.638"
X-4819,ARL13A,392509.0,Del0.8,0.71
X-4819,ARMCX1,51309.0,Del0.8,0.71
X-4819,ARMCX2,9823.0,Del0.8,0.71
X-4819,ARMCX3,51566.0,Del0.8,0.71
X-4819,ARMCX4,100131755.0,Del0.8,0.71
X-4819,ARMCX5,64860.0,Del0.8,0.71
X-4819,ARMCX5-GPRASP2,100528062.0,Del0.8,0.71
X-4819,ARMCX6,54470.0,Del0.8,0.71
X-4819,ARR3,407.0,Del0.8,0.71
X-4819,ARSD,414.0,Del0.8,0.7
X-4819,ARSE,415.0,Del0.8,0.7
X-4819,ARSF,416.0,Del0.8,0.7
X-4819,ARSH,347527.0,Del0.8,0.7
X-4819,ARX,170302.0,Del0.8,0.71
X-4819,ASAP1,50807.0,MutNovel,"G804R,0.670"
X-4819,ASB11,140456.0,Del0.8,0.71
X-4819,ASB12,142689.0,Del0.8,0.71
X-4819,ASB9,140462.0,Del0.8,0.71
X-4819,ASMT,438.0,Del0.8,0.7
X-4819,ASMTL,8623.0,Del0.8,0.7
X-4819,ASMTL-AS1,80161.0,Del0.8,0.7
X-4819,ATG4A,115201.0,Del0.8,0.71
X-4819,ATM,472.0,MutNovel,"P604S,0.347"
X-4819,ATM,472.0,MutNovel,"F1463C,0.310"
X-4819,ATP11C,286410.0,Del0.8,0.71
X-4819,ATP1B4,23439.0,Del0.8,0.71
X-4819,ATP2B3,492.0,Del0.8,0.71
X-4819,ATP6AP1,537.0,Del0.8,0.71
X-4819,ATP6AP2,10159.0,Del0.8,0.71
X-4819,ATP7A,538.0,Del0.8,0.71
X-4819,ATRX,546.0,Del0.8,0.71
X-4819,ATXN3L,92552.0,Del0.8,0.71
X-4819,ATXN7,6314.0,MutNovel,"Q39P,1.000"
X-4819,AVPR2,554.0,Del0.8,0.71
X-4819,AWAT1,158833.0,Del0.8,0.71
X-4819,AWAT2,158835.0,Del0.8,0.71
X-4819,BCAP31,10134.0,Del0.8,0.71
X-4819,BCAT1,586.0,Amp5,7.89
X-4819,BCOR,54880.0,Del0.8,0.71
X-4819,BCORL1,63035.0,Del0.8,0.71
X-4819,BCORP1,286554.0,Del0.8,0.23
X-4819,BCYRN1,618.0,Del0.8,0.71
X-4819,BEND2,139105.0,Del0.8,0.71
X-4819,BEST1,7439.0,MutNovel,"R140G,0.789"
X-4819,BEX1,55859.0,Del0.8,0.71
X-4819,BEX2,84707.0,Del0.8,0.71
X-4819,BEX4,56271.0,Del0.8,0.71
X-4819,BEX5,340542.0,Del0.8,0.71
X-4819,BGN,633.0,Del0.8,0.71
X-4819,BHLHB9,80823.0,Del0.8,0.71
X-4819,BLK,640.0,Del0.8,0.74
X-4819,BMP15,9210.0,Del0.8,0.71
X-4819,BMP6,654.0,MutNovel,"R28Q,1.000"
X-4819,BMX,660.0,Del0.8,0.71
X-4819,BNIP2,663.0,MutNovel,"A379S,0.306"
X-4819,BOD1L1,,MutNovel,"H2549Y,0.720"
X-4819,BPY2B,442867.0,Del0.8,0.23
X-4819,BPY2B,442867.0,Del0.8,0.23
X-4819,BRCC3,79184.0,Del0.8,0.71
X-4819,BRI3BP,140707.0,MutNovel,"G211GPSN,0.282"
X-4819,BRS3,680.0,Del0.8,0.71
X-4819,BRWD3,254065.0,Del0.8,0.71
X-4819,BTBD9,114781.0,Del0.8,0.7
X-4819,BTK,695.0,Del0.8,0.71
X-4819,C11orf41,25758.0,MutNovel,"Y1735N,0.261"
X-4819,C11orf82,220042.0,MutNovel,"V74L,0.361"
X-4819,C11orf91,100131378.0,MutNovel,"A68E,0.500"
X-4819,C12orf26,84190.0,MutNovel,"Q100E,0.481"
X-4819,C12orf77,196415.0,Amp5,7.89
X-4819,C18orf56,494514.0,MutNovel,"T113R,0.376"
X-4819,C1GALT1C1,29071.0,Del0.8,0.71
X-4819,C3AR1,719.0,MutNovel,"Y306D,0.459"
X-4819,C8orf12,83656.0,Del0.8,0.74
X-4819,C8orf42,157695.0,Del0.8,0.77
X-4819,C8orf48,157773.0,Del0.8,0.76
X-4819,C8orf74,203076.0,Del0.8,0.74
X-4819,CA5B,11238.0,Del0.8,0.71
X-4819,CA5BP1,340591.0,Del0.8,0.71
X-4819,CACNA1F,778.0,Del0.8,0.71
X-4819,CALCOCO2,10241.0,MutNovel,"E70K,0.412"
X-4819,CAPN6,827.0,Del0.8,0.71
X-4819,CASC1,55259.0,Amp5,7.89
X-4819,CASK,8573.0,Del0.8,0.71
X-4819,CASP1,834.0,MutNovel,"K278N,0.500"
X-4819,CCDC120,90060.0,Del0.8,0.71
X-4819,CCDC160,347475.0,Del0.8,0.71
X-4819,CCDC167,154467.0,Del0.8,0.7
X-4819,CCDC22,28952.0,Del0.8,0.71
X-4819,CCDC59,29080.0,MutNovel,"K9E,0.684"
X-4819,CCHCR1,54535.0,MutNovel,"A240G,1.000"
X-4819,CCL24,6369.0,MutNovel,"A96T,0.750"
X-4819,CCNB3,85417.0,Del0.8,0.71
X-4819,CD200R1L,344807.0,MutNovel,"V95D,1.000"
X-4819,CD40LG,959.0,Del0.8,0.71
X-4819,CD99,4267.0,Del0.8,0.7
X-4819,CD99L2,83692.0,Del0.8,0.71
X-4819,CD99P1,401577.0,Del0.8,0.7
X-4819,CDC42EP1,11135.0,MutNovel,"PAPAANPS253P,0.419"
X-4819,CDH12,1010.0,MutNovel,"C623Y,0.394"
X-4819,CDH5,1003.0,MutNovel,"P477T,0.800"
X-4819,CDK16,5127.0,Del0.8,0.71
X-4819,CDKL5,6792.0,Del0.8,0.71
X-4819,CDKN2A,1029.0,Del0.8,0.61
X-4819,CDR1,1038.0,Del0.8,0.71
X-4819,CDR2L,30850.0,MutNovel,"A260S,0.789"
X-4819,CDRT15,146822.0,MutNovel,"A100T,1.000"
X-4819,CDX4,1046.0,Del0.8,0.71
X-4819,CDY1B,253175.0,Del0.8,0.23
X-4819,CDY1B,253175.0,Del0.8,0.23
X-4819,CDY2A,9426.0,Del0.8,0.23
X-4819,CDY2A,9426.0,Del0.8,0.23
X-4819,CDY2B,203611.0,Del0.8,0.23
X-4819,CDY2B,203611.0,Del0.8,0.23
X-4819,CENPC1,1060.0,MutNovel,"R930W,0.675"
X-4819,CENPI,2491.0,Del0.8,0.71
X-4819,CERS6,253782.0,MutNovel,"L99S,0.311"
X-4819,CETN2,1069.0,Del0.8,0.71
X-4819,CFP,5199.0,Del0.8,0.71
X-4819,CHD7,55636.0,MutNovel,"-684KA,0.720"
X-4819,CHIC1,53344.0,Del0.8,0.71
X-4819,CHM,1121.0,Del0.8,0.71
X-4819,CHRDL1,91851.0,Del0.8,0.71
X-4819,CHRNA3,1136.0,Amp5,5.43
X-4819,CHRNA5,1138.0,Amp5,5.43
X-4819,CHRNB4,1143.0,Amp5,5.43
X-4819,CHST7,56548.0,Del0.8,0.71
X-4819,CHSY1,22856.0,MutNovel,"M207I,0.355"
X-4819,CIB2,10518.0,Amp5,5.43
X-4819,CITED1,4435.0,Del0.8,0.71
X-4819,CLCN4,1183.0,Del0.8,0.71
X-4819,CLCN5,1184.0,Del0.8,0.71
X-4819,CLDN2,9075.0,Del0.8,0.71
X-4819,CLDN23,137075.0,Del0.8,0.74
X-4819,CLEC18B,497190.0,Del0.8,0.78
X-4819,CLIC2,1193.0,Del0.8,0.71
X-4819,CLN8,2055.0,Del0.8,0.76
X-4819,CNGA2,1260.0,Del0.8,0.71
X-4819,CNKSR2,22866.0,Del0.8,0.71
X-4819,CNTNAP3B,728577.0,Del0.8,0.78
X-4819,COL4A5,1287.0,Del0.8,0.71
X-4819,COL4A6,1288.0,Del0.8,0.71
X-4819,COX19,90639.0,MutNovel,"R65K,0.579"
X-4819,COX7B,1349.0,Del0.8,0.71
X-4819,CPXCR1,53336.0,Del0.8,0.71
X-4819,CRABP1,1381.0,Amp5,5.43
X-4819,CRELD2,79174.0,MutNovel,"K297N,0.734"
X-4819,CRLF2,64109.0,Del0.8,0.7
X-4819,CRYBG3,,MutNovel,"V1636E,1.000"
X-4819,CSAG1,158511.0,Del0.8,0.71
X-4819,CSAG2,728461.0,Del0.8,0.71
X-4819,CSAG2,728461.0,Del0.8,0.71
X-4819,CSAG3,389903.0,Del0.8,0.71
X-4819,CSAG3,389903.0,Del0.8,0.71
X-4819,CSF2RA,1438.0,Del0.8,0.7
X-4819,CSMD1,64478.0,Del0.8,0.76
X-4819,CSPG4P1Y,114758.0,Del0.8,0.23
X-4819,CSPG4P1Y,114758.0,Del0.8,0.23
X-4819,CSTF2,1478.0,Del0.8,0.71
X-4819,CT45A1,541466.0,Del0.8,0.71
X-4819,CT45A2,728911.0,Del0.8,0.71
X-4819,CT45A3,441519.0,Del0.8,0.71
X-4819,CT45A4,441520.0,Del0.8,0.71
X-4819,CT45A4,441520.0,Del0.8,0.71
X-4819,CT45A5,441521.0,Del0.8,0.71
X-4819,CT45A6,541465.0,Del0.8,0.71
X-4819,CT47A1,728096.0,Del0.8,0.71
X-4819,CT47A10,728036.0,Del0.8,0.71
X-4819,CT47A6,728062.0,Del0.8,0.71
X-4819,CT47A7,653282.0,Del0.8,0.71
X-4819,CT47B1,643311.0,Del0.8,0.71
X-4819,CTAG1B,1485.0,Del0.8,0.71
X-4819,CTAG1B,1485.0,Del0.8,0.71
X-4819,CTAG2,30848.0,Del0.8,0.71
X-4819,CTPS2,56474.0,Del0.8,0.71
X-4819,CTSA,5476.0,MutNovel,"L29-,0.765"
X-4819,CTSB,1508.0,Del0.8,0.74
X-4819,CTSH,1512.0,Amp5,5.43
X-4819,CUL4B,8450.0,Del0.8,0.71
X-4819,CXCR3,2833.0,Del0.8,0.71
X-4819,CXXC1P1,392459.0,Del0.8,0.71
X-4819,CXorf1,9142.0,Del0.8,0.71
X-4819,CXorf21,80231.0,Del0.8,0.71
X-4819,CXorf22,170063.0,Del0.8,0.71
X-4819,CXorf23,256643.0,Del0.8,0.71
X-4819,CXorf26,51260.0,Del0.8,0.71
X-4819,CXorf27,25763.0,Del0.8,0.71
X-4819,CXorf28,100129464.0,Del0.8,0.7
X-4819,CXorf30,645090.0,Del0.8,0.71
X-4819,CXorf36,79742.0,Del0.8,0.71
X-4819,CXorf38,159013.0,Del0.8,0.71
X-4819,CXorf40A,91966.0,Del0.8,0.71
X-4819,CXorf40B,541578.0,Del0.8,0.71
X-4819,CXorf48,54967.0,Del0.8,0.71
X-4819,CXorf49B,100132994.0,Del0.8,0.71
X-4819,CXorf49B,100132994.0,Del0.8,0.71
X-4819,CXorf51A,100129239.0,Del0.8,0.71
X-4819,CXorf51A,100129239.0,Del0.8,0.71
X-4819,CXorf56,63932.0,Del0.8,0.71
X-4819,CXorf57,55086.0,Del0.8,0.71
X-4819,CXorf58,254158.0,Del0.8,0.71
X-4819,CXorf59,286464.0,Del0.8,0.71
X-4819,CXorf61,203413.0,Del0.8,0.71
X-4819,CXorf64,100130613.0,Del0.8,0.71
X-4819,CXorf65,158830.0,Del0.8,0.71
X-4819,CXorf66,347487.0,Del0.8,0.71
X-4819,CXorf68,100132963.0,Del0.8,0.71
X-4819,CXorf69,644538.0,Del0.8,0.71
X-4819,CYBB,1536.0,Del0.8,0.71
X-4819,CYLC1,1538.0,Del0.8,0.71
X-4819,CYP27C1,339761.0,MutNovel,"E169K,0.625"
X-4819,CYSLTR1,10800.0,Del0.8,0.71
X-4819,DACH2,117154.0,Del0.8,0.71
X-4819,DAZ1,1617.0,Del0.8,0.23
X-4819,DAZ2,57055.0,Del0.8,0.23
X-4819,DAZ3,57054.0,Del0.8,0.23
X-4819,DAZ3,57054.0,Del0.8,0.23
X-4819,DAZ4,57135.0,Del0.8,0.23
X-4819,DAZ4,57135.0,Del0.8,0.23
X-4819,DCAF12L1,139170.0,Del0.8,0.71
X-4819,DCAF12L2,340578.0,Del0.8,0.71
X-4819,DCAF8L1,139425.0,Del0.8,0.71
X-4819,DCAF8L2,347442.0,MutNovel,"T588M,1.000"
X-4819,DCAF8L2,347442.0,Del0.8,0.71
X-4819,DCX,1641.0,Del0.8,0.71
X-4819,DDOST,1650.0,Del0.8,0.8
X-4819,DDX24,57062.0,MutNovel,"A108T,0.396"
X-4819,DDX26B,203522.0,Del0.8,0.71
X-4819,DDX3X,1654.0,Del0.8,0.71
X-4819,DDX3Y,8653.0,Del0.8,0.23
X-4819,DDX53,168400.0,Del0.8,0.71
X-4819,DEFA4,1669.0,Del0.8,0.73
X-4819,DEFA5,1670.0,Del0.8,0.72
X-4819,DEFA6,1671.0,Del0.8,0.73
X-4819,DEFB1,1672.0,Del0.8,0.73
X-4819,DEFB103A,414325.0,Del0.8,0.51
X-4819,DEFB103A,414325.0,Del0.8,0.59
X-4819,DEFB104B,503618.0,Del0.8,0.59
X-4819,DEFB104B,503618.0,Del0.8,0.51
X-4819,DEFB105B,504180.0,Del0.8,0.59
X-4819,DEFB105B,504180.0,Del0.8,0.51
X-4819,DEFB106B,503841.0,Del0.8,0.51
X-4819,DEFB106B,503841.0,Del0.8,0.59
X-4819,DEFB107A,245910.0,Del0.8,0.59
X-4819,DEFB107A,245910.0,Del0.8,0.51
X-4819,DEFB109P1,245912.0,Del0.8,0.74
X-4819,DEFB109P1B,641517.0,Del0.8,0.36
X-4819,DEFB109P1B,641517.0,Del0.8,0.51
X-4819,DEFB130,245940.0,Del0.8,0.74
X-4819,DEFB134,613211.0,Del0.8,0.74
X-4819,DEFB135,613209.0,Del0.8,0.74
X-4819,DEFB136,613210.0,Del0.8,0.74
X-4819,DEFB4A,1673.0,Del0.8,0.59
X-4819,DEFB4B,100289462.0,Del0.8,0.51
X-4819,DGAT2L6,347516.0,Del0.8,0.71
X-4819,DGKH,160851.0,MutNovel,"P606S,0.765"
X-4819,DGKK,139189.0,Del0.8,0.71
X-4819,DHRS1,115817.0,MutNovel,"G123R,0.364"
X-4819,DHRSX,207063.0,Del0.8,0.7
X-4819,DIAPH2,1730.0,Del0.8,0.71
X-4819,DKC1,1736.0,Del0.8,0.71
X-4819,DKFZp686D0853,401613.0,Del0.8,0.71
X-4819,DLC1,10395.0,Del0.8,0.76
X-4819,DLG3,1741.0,Del0.8,0.71
X-4819,DLGAP2,9228.0,Del0.8,0.76
X-4819,DMD,1756.0,Del0.8,0.71
X-4819,DMRTC1B,728656.0,Del0.8,0.71
X-4819,DMRTC1B,728656.0,Del0.8,0.71
X-4819,DNAH2,146754.0,MutNovel,"H302L,1.000"
X-4819,DNAH2,146754.0,MutNovel,"G1547D,1.000"
X-4819,DNAH7,56171.0,MutNovel,"D2946N,1.000"
X-4819,DNAJA4,55466.0,Amp5,5.43
X-4819,DNASE1L1,1774.0,Del0.8,0.71
X-4819,DOCK11,139818.0,Del0.8,0.71
X-4819,DPY19L4,286148.0,MutNovel,"T395A,0.299"
X-4819,DRP2,1821.0,Del0.8,0.71
X-4819,DUSP21,63904.0,Del0.8,0.71
X-4819,DUSP22,56940.0,Del0.8,0.55
X-4819,DUSP9,1852.0,Del0.8,0.71
X-4819,DYNLT3,6990.0,Del0.8,0.71
X-4819,EBF4,57593.0,MutNovel,"P575L,0.455"
X-4819,EBP,10682.0,Del0.8,0.71
X-4819,EDA,1896.0,Del0.8,0.71
X-4819,EDA2R,60401.0,Del0.8,0.71
X-4819,EFHC2,80258.0,Del0.8,0.71
X-4819,EFNB1,1947.0,Del0.8,0.71
X-4819,EFNB2,1948.0,MutNovel,"G205S,0.288"
X-4819,EGFL6,25975.0,Del0.8,0.71
X-4819,EIF1AX,1964.0,Del0.8,0.71
X-4819,EIF1AY,9086.0,Del0.8,0.23
X-4819,EIF2S3,1968.0,Del0.8,0.71
X-4819,ELF4,2000.0,Del0.8,0.71
X-4819,ELK1,2002.0,Del0.8,0.71
X-4819,EMD,2010.0,Del0.8,0.71
X-4819,EML6,400954.0,MutNovel,"T1695P,0.800"
X-4819,ENOX2,10495.0,Del0.8,0.71
X-4819,EP400,57634.0,MutNovel,"Q2727E,0.248"
X-4819,ERAS,3266.0,Del0.8,0.71
X-4819,ERCC6L,54821.0,MutNovel,"L361F,1.000"
X-4819,ERCC6L,54821.0,Del0.8,0.71
X-4819,ERI1,90459.0,Del0.8,0.74
X-4819,ERICH1,157697.0,Del0.8,0.77
X-4819,ERV3-1,2086.0,MutNovel,"D477H,0.500"
X-4819,ESX1,80712.0,Del0.8,0.71
X-4819,EXOSC1,51013.0,MutNovel,"L17S,0.551"
X-4819,F8,2157.0,Del0.8,0.71
X-4819,F8A1,8263.0,Del0.8,0.71
X-4819,F8A1,8263.0,Del0.8,0.71
X-4819,F9,2158.0,Del0.8,0.71
X-4819,FAAH2,158584.0,Del0.8,0.71
X-4819,FAM104B,90736.0,Del0.8,0.71
X-4819,FAM114A1,92689.0,MutNovel,"S424P,0.667"
X-4819,FAM117B,150864.0,MutNovel,"H310Y,0.487"
X-4819,FAM120C,54954.0,Del0.8,0.71
X-4819,FAM122B,159090.0,Del0.8,0.71
X-4819,FAM122C,159091.0,Del0.8,0.71
X-4819,FAM123B,139285.0,Del0.8,0.71
X-4819,FAM127A,8933.0,Del0.8,0.71
X-4819,FAM127B,26071.0,Del0.8,0.71
X-4819,FAM127C,441518.0,Del0.8,0.71
X-4819,FAM133A,286499.0,Del0.8,0.71
X-4819,FAM155B,27112.0,Del0.8,0.71
X-4819,FAM156A,29057.0,Del0.8,0.71
X-4819,FAM156A,29057.0,Del0.8,0.71
X-4819,FAM156B,727866.0,Del0.8,0.71
X-4819,FAM156B,727866.0,Del0.8,0.71
X-4819,FAM167A,83648.0,Del0.8,0.74
X-4819,FAM171B,165215.0,MutNovel,"-44QQ,0.412"
X-4819,FAM184B,27146.0,MutNovel,"L1007S,0.500"
X-4819,FAM197Y2P,252946.0,Del0.8,0.05
X-4819,FAM199X,139231.0,Del0.8,0.71
X-4819,FAM3A,60343.0,Del0.8,0.71
X-4819,FAM41AY1,340618.0,Del0.8,0.23
X-4819,FAM41AY1,340618.0,Del0.8,0.23
X-4819,FAM45B,55855.0,Del0.8,0.71
X-4819,FAM46D,169966.0,Del0.8,0.71
X-4819,FAM47A,158724.0,Del0.8,0.71
X-4819,FAM47B,170062.0,Del0.8,0.71
X-4819,FAM47C,442444.0,Del0.8,0.71
X-4819,FAM48B1,100130302.0,Del0.8,0.71
X-4819,FAM48B2,170067.0,Del0.8,0.71
X-4819,FAM50A,9130.0,Del0.8,0.71
X-4819,FAM58A,92002.0,Del0.8,0.71
X-4819,FAM66A,100133172.0,Del0.8,0.74
X-4819,FAM66B,100128890.0,Del0.8,0.51
X-4819,FAM66D,100132923.0,Del0.8,0.74
X-4819,FAM66E,100132103.0,Del0.8,0.36
X-4819,FAM70A,55026.0,Del0.8,0.71
X-4819,FAM75A6,389730.0,Del0.8,0.54
X-4819,FAM83H,286077.0,MutNovel,"R427L,0.700"
X-4819,FAM86B1,85002.0,Del0.8,0.74
X-4819,FAM86B2,653333.0,Del0.8,0.35
X-4819,FAM90A1,55138.0,MutNovel,"G148R,0.750"
X-4819,FAM9A,171482.0,Del0.8,0.71
X-4819,FAM9B,171483.0,Del0.8,0.71
X-4819,FAM9C,171484.0,Del0.8,0.71
X-4819,FANCB,2187.0,Del0.8,0.71
X-4819,FANCM,57697.0,MutKnownFunctional,"-1333?,0.270"
X-4819,FATE1,89885.0,Del0.8,0.71
X-4819,FBXO25,26260.0,Del0.8,0.77
X-4819,FDFT1,2222.0,Del0.8,0.74
X-4819,FGD1,2245.0,Del0.8,0.71
X-4819,FGF13,2258.0,Del0.8,0.71
X-4819,FGF16,8823.0,Del0.8,0.71
X-4819,FGF5,2250.0,MutNovel,"E223EQ,0.623"
X-4819,FHL1,2273.0,Del0.8,0.71
X-4819,FIGF,2277.0,Del0.8,0.71
X-4819,FLG,2312.0,MutNovel,"H1994N,0.379"
X-4819,FLJ44635,392490.0,Del0.8,0.71
X-4819,FLNA,2316.0,Del0.8,0.71
X-4819,FMNL3,91010.0,MutNovel,"W124C,0.314"
X-4819,FMR1,2332.0,Del0.8,0.71
X-4819,FMR1-AS1,100126270.0,Del0.8,0.71
X-4819,FMR1NB,158521.0,Del0.8,0.71
X-4819,FOXC2,2303.0,MutNovel,"S483Y,0.500"
X-4819,FOXO4,4303.0,Del0.8,0.71
X-4819,FOXP3,50943.0,Del0.8,0.71
X-4819,FOXR2,139628.0,Del0.8,0.71
X-4819,FRMD7,90167.0,Del0.8,0.71
X-4819,FRMD8P1,83957.0,Del0.8,0.71
X-4819,FRMPD4,9758.0,Del0.8,0.71
X-4819,FTHL17,53940.0,Del0.8,0.71
X-4819,FTSJ1,24140.0,Del0.8,0.71
X-4819,FTSJ3,117246.0,MutNovel,"G641R,0.278"
X-4819,FTSJD2,23070.0,Del0.8,0.7
X-4819,FTX,100302692.0,Del0.8,0.71
X-4819,FUNDC1,139341.0,Del0.8,0.71
X-4819,FUNDC2,65991.0,Del0.8,0.71
X-4819,FZD2,2535.0,MutNovel,"L11LMP,0.312"
X-4819,FZD2,2535.0,MutNovel,"P13L,0.412"
X-4819,G6PD,2539.0,Del0.8,0.71
X-4819,GAB3,139716.0,Del0.8,0.71
X-4819,GABRA3,2556.0,Del0.8,0.71
X-4819,GABRE,2564.0,Del0.8,0.71
X-4819,GABRQ,55879.0,Del0.8,0.71
X-4819,GAGE1,2543.0,Del0.8,0.71
X-4819,GAGE10,643832.0,Del0.8,0.71
X-4819,GAGE12D,100132399.0,Del0.8,0.71
X-4819,GAGE12E,,MutNovel,"Q77P,0.800"
X-4819,GAGE12F,100008586.0,MutNovel,"Q77P,1.000"
X-4819,GAGE12F,100008586.0,Del0.8,0.71
X-4819,GAGE12H,,MutNovel,"M23V,1.000"
X-4819,GAGE12I,,MutNovel,"M27V,0.217"
X-4819,GAGE12I,,MutNovel,"G94R,0.600"
X-4819,GAGE12J,729396.0,Del0.8,0.71
X-4819,GAGE13,645051.0,Del0.8,0.71
X-4819,GAGE2A,729447.0,MutNovel,"M26V,0.351"
X-4819,GAGE2A,729447.0,MutNovel,"Q76P,0.893"
X-4819,GAGE2A,729447.0,Del0.8,0.71
X-4819,GAGE2B,645037.0,MutNovel,"Q76P,1.000"
X-4819,GAGE2B,645037.0,Del0.8,0.71
X-4819,GAGE2C,2574.0,MutNovel,"M26V,0.221"
X-4819,GAGE2C,2574.0,MutNovel,"Q76P,1.000"
X-4819,GAGE2C,2574.0,Del0.8,0.71
X-4819,GAGE2D,729408.0,Del0.8,0.71
X-4819,GAGE2E,26749.0,Del0.8,0.71
X-4819,GATA1,2623.0,Del0.8,0.71
X-4819,GATA4,2626.0,Del0.8,0.74
X-4819,GATM,2628.0,MutNovel,"A261T,0.214"
X-4819,GDI1,2664.0,Del0.8,0.71
X-4819,GDPD2,54857.0,Del0.8,0.71
X-4819,GEMIN8,54960.0,Del0.8,0.71
X-4819,GIGYF2,26058.0,MutNovel,"PQ1231P,0.508"
X-4819,GINS3,64785.0,MutNovel,"P153R,0.500"
X-4819,GIP,2695.0,MutNovel,"M65L,1.000"
X-4819,GJB1,2705.0,Del0.8,0.71
X-4819,GK,2710.0,Del0.8,0.71
X-4819,GLA,2717.0,Del0.8,0.71
X-4819,GLO1,2739.0,Del0.8,0.7
X-4819,GLOD5,392465.0,Del0.8,0.71
X-4819,GLRA2,2742.0,Del0.8,0.71
X-4819,GLRA4,441509.0,Del0.8,0.71
X-4819,GLUD2,2747.0,Del0.8,0.71
X-4819,GNA11,2767.0,MutNovel,"R34C,1.000"
X-4819,GNA11,2767.0,MutNovel,"R37L,0.993"
X-4819,GNL3L,54552.0,Del0.8,0.71
X-4819,GOLGA2P2Y,84559.0,Del0.8,0.23
X-4819,GOLGA2P2Y,84559.0,Del0.8,0.23
X-4819,GOLGA8H,,MutNovel,"M291T,1.000"
X-4819,GPC3,2719.0,Del0.8,0.71
X-4819,GPC4,2239.0,Del0.8,0.71
X-4819,GPKOW,27238.0,Del0.8,0.71
X-4819,GPM6B,2824.0,Del0.8,0.71
X-4819,GPR101,83550.0,Del0.8,0.71
X-4819,GPR112,139378.0,Del0.8,0.71
X-4819,GPR119,139760.0,Del0.8,0.71
X-4819,GPR143,4935.0,Del0.8,0.71
X-4819,GPR173,54328.0,Del0.8,0.71
X-4819,GPR174,84636.0,Del0.8,0.71
X-4819,GPR34,2857.0,Del0.8,0.71
X-4819,GPR50,9248.0,Del0.8,0.71
X-4819,GPR64,10149.0,Del0.8,0.71
X-4819,GPR82,27197.0,Del0.8,0.71
X-4819,GPR98,84059.0,MutNovel,"N2267K,1.000"
X-4819,GPRASP1,9737.0,Del0.8,0.71
X-4819,GPRASP2,114928.0,Del0.8,0.71
X-4819,GRASP,160622.0,MutNovel,"G228V,0.212"
X-4819,GRIA3,2892.0,Del0.8,0.71
X-4819,GRIA4,2893.0,MutNovel,"A60S,0.333"
X-4819,GRIPAP1,56850.0,Del0.8,0.71
X-4819,GRN,2896.0,MutNovel,"C521Y,0.506"
X-4819,GRPR,2925.0,Del0.8,0.71
X-4819,GSPT2,23708.0,Del0.8,0.71
X-4819,GSTM1,2944.0,Del0.8,0.73
X-4819,GSTT2,2953.0,Del0.8,0.7
X-4819,GTF2H2,2966.0,MutNovel,"I101V,0.227"
X-4819,GTF3C3,9330.0,MutNovel,"EEE108E,0.250"
X-4819,GTPBP6,8225.0,Del0.8,0.7
X-4819,GUCY2F,2986.0,Del0.8,0.71
X-4819,GYG2,8908.0,Del0.8,0.7
X-4819,GYG2P1,352887.0,Del0.8,0.23
X-4819,H2AFB1,474382.0,Del0.8,0.71
X-4819,H2AFB1,474382.0,Del0.8,0.71
X-4819,H2BFM,286436.0,Del0.8,0.71
X-4819,H2BFWT,158983.0,Del0.8,0.71
X-4819,H2BFXP,767811.0,Del0.8,0.71
X-4819,H2BFXP,767811.0,Del0.8,0.71
X-4819,HACE1,57531.0,MutNovel,"D158Y,0.294"
X-4819,HAUS7,55559.0,Del0.8,0.71
X-4819,HCCS,3052.0,Del0.8,0.71
X-4819,HCFC1,3054.0,Del0.8,0.71
X-4819,HDAC6,10013.0,Del0.8,0.71
X-4819,HDAC8,55869.0,Del0.8,0.71
X-4819,HDAC9,9734.0,MutNovel,"S191C,0.647"
X-4819,HDHD1,8226.0,Del0.8,0.7
X-4819,HDX,139324.0,Del0.8,0.71
X-4819,HEPH,9843.0,Del0.8,0.71
X-4819,HHIPL1,84439.0,MutNovel,"G77S,0.750"
X-4819,HLA-DOB,3112.0,Del0.8,0.77
X-4819,HMGB3,3149.0,Del0.8,0.71
X-4819,HMGN5,79366.0,Del0.8,0.71
X-4819,HNRNPCL1,343069.0,Del0.8,0.69
X-4819,HNRNPH2,3188.0,Del0.8,0.71
X-4819,HOXD8,3234.0,MutNovel,"A70AHP,0.238"
X-4819,HOXD9,3235.0,MutNovel,"P112T,0.400"
X-4819,HP1BP3,50809.0,Del0.8,0.8
X-4819,HPRT1,3251.0,Del0.8,0.71
X-4819,HS6ST2,90161.0,Del0.8,0.71
X-4819,HSD17B10,3028.0,Del0.8,0.71
X-4819,HSFX2,100130086.0,Del0.8,0.71
X-4819,HSFX2,100130086.0,Del0.8,0.71
X-4819,HSFY2,159119.0,Del0.8,0.23
X-4819,HSFY2,159119.0,Del0.8,0.23
X-4819,HSPA1L,3305.0,MutNovel,"D462H,0.529"
X-4819,HTATSF1,27336.0,Del0.8,0.71
X-4819,HTR2C,3358.0,Del0.8,0.71
X-4819,HUWE1,10075.0,Del0.8,0.71
X-4819,HYDIN,54768.0,MutNovel,"S2046T,0.214"
X-4819,IDH3A,3419.0,Amp5,5.43
X-4819,IDH3G,3421.0,Del0.8,0.71
X-4819,IDS,3423.0,Del0.8,0.71
X-4819,IGBP1,3476.0,Del0.8,0.71
X-4819,IGSF1,3547.0,Del0.8,0.71
X-4819,IKBKG,8517.0,Del0.8,0.71
X-4819,IL13RA1,3597.0,Del0.8,0.71
X-4819,IL13RA2,3598.0,Del0.8,0.71
X-4819,IL1RAPL1,11141.0,Del0.8,0.71
X-4819,IL1RAPL2,26280.0,Del0.8,0.71
X-4819,IL2RG,3561.0,Del0.8,0.71
X-4819,IL3RA,3563.0,Del0.8,0.7
X-4819,IL9R,3581.0,Del0.8,0.79
X-4819,INE1,8552.0,Del0.8,0.71
X-4819,INE2,8551.0,Del0.8,0.71
X-4819,INGX,27160.0,Del0.8,0.71
X-4819,INTS1,26173.0,MutNovel,"R1657C,0.634"
X-4819,IQSEC2,23096.0,MutKnownFunctional,"S610*,1.000"
X-4819,IQSEC2,23096.0,Del0.8,0.71
X-4819,IRAK1,3654.0,Del0.8,0.71
X-4819,IREB2,3658.0,Amp5,5.43
X-4819,IRF2BP2,359948.0,MutNovel,"P118S,0.714"
X-4819,IRS4,8471.0,Del0.8,0.71
X-4819,ITGB1BP2,26548.0,Del0.8,0.71
X-4819,ITIH6,347365.0,Del0.8,0.71
X-4819,ITM2A,9452.0,Del0.8,0.71
X-4819,JPX,554203.0,Del0.8,0.71
X-4819,KAL1,3730.0,Del0.8,0.71
X-4819,KBTBD11,9920.0,Del0.8,0.76
X-4819,KCND1,3750.0,Del0.8,0.71
X-4819,KCNE1L,23630.0,Del0.8,0.71
X-4819,KCNH3,23416.0,MutNovel,"G959R,0.733"
X-4819,KDM1B,221656.0,MutNovel,"I550T,1.000"
X-4819,KDM4D,55693.0,MutNovel,"A410T,0.240"
X-4819,KDM4E,,MutNovel,"Q113R,1.000"
X-4819,KDM5C,8242.0,Del0.8,0.71
X-4819,KDM5D,8284.0,Del0.8,0.23
X-4819,KDM6A,7403.0,Del0.8,0.71
X-4819,KEAP1,9817.0,MutNovel,"V155F,1.000"
X-4819,KGFLP2,654466.0,Del0.8,0.66
X-4819,KIAA0100,9703.0,MutNovel,"Q1317E,0.517"
X-4819,KIAA0368,23392.0,MutNovel,"A1395V,0.989"
X-4819,KIAA0528,9847.0,MutNovel,"K523M,0.518"
X-4819,KIAA1210,57481.0,Del0.8,0.71
X-4819,KIAA1456,57604.0,Del0.8,0.76
X-4819,KIAA2022,340533.0,Del0.8,0.71
X-4819,KIF17,57576.0,Del0.8,0.8
X-4819,KIF4A,24137.0,Del0.8,0.71
X-4819,KIRREL2,84063.0,MutNovel,"P226S,1.000"
X-4819,KLF8,11279.0,Del0.8,0.71
X-4819,KLHL13,90293.0,Del0.8,0.71
X-4819,KLHL15,80311.0,Del0.8,0.71
X-4819,KLHL34,257240.0,Del0.8,0.71
X-4819,KLHL4,56062.0,Del0.8,0.71
X-4819,KNTC1,9735.0,MutNovel,"D1975H,0.460"
X-4819,KNTC1,9735.0,MutKnownFunctional,"W1979*,0.416"
X-4819,KRAS,3845.0,MutKnownFunctional,"G12C,0.924"
X-4819,KRAS,3845.0,Amp8,9.06
X-4819,KRT10,3858.0,MutNovel,"GSSGGG507G,0.243"
X-4819,L1CAM,3897.0,Del0.8,0.71
X-4819,L3MBTL1,26013.0,MutNovel,"A73G,0.800"
X-4819,LAGE3,8270.0,Del0.8,0.71
X-4819,LAMP2,3920.0,Del0.8,0.71
X-4819,LANCL3,347404.0,Del0.8,0.71
X-4819,LAS1L,81887.0,Del0.8,0.71
X-4819,LDOC1,23641.0,Del0.8,0.71
X-4819,LEPR,3953.0,MutNovel,"H185Q,1.000"
X-4819,LHFPL1,340596.0,Del0.8,0.71
X-4819,LINC00086,399668.0,Del0.8,0.71
X-4819,LINC00087,644596.0,Del0.8,0.71
X-4819,LINC00102,100359394.0,Del0.8,0.7
X-4819,LINC00208,83655.0,Del0.8,0.74
X-4819,LINC00477,144360.0,Amp5,7.89
X-4819,LOC100128420,100128420.0,Del0.8,0.71
X-4819,LOC100129407,100129407.0,Del0.8,0.71
X-4819,LOC100129407,100129407.0,Del0.8,0.71
X-4819,LOC100129515,100129515.0,Del0.8,0.71
X-4819,LOC100129520,100129520.0,Del0.8,0.71
X-4819,LOC100129662,100129662.0,Del0.8,0.71
X-4819,LOC100131434,100131434.0,Del0.8,0.71
X-4819,LOC100132396,100132396.0,Del0.8,0.59
X-4819,LOC100132741,100132741.0,Del0.8,0.71
X-4819,LOC100132831,100132831.0,Del0.8,0.71
X-4819,LOC100133123,100133123.0,Del0.8,0.71
X-4819,LOC100133957,100133957.0,Del0.8,0.71
X-4819,LOC100272228,100272228.0,Del0.8,0.71
X-4819,LOC100287015,100287015.0,Del0.8,0.73
X-4819,LOC100287765,100287765.0,Del0.8,0.71
X-4819,LOC100288814,100288814.0,Del0.8,0.71
X-4819,LOC100506757,100506757.0,Del0.8,0.71
X-4819,LOC100506990,100506990.0,Del0.8,0.52
X-4819,LOC100507369,,MutNovel,"Q128K,1.000"
X-4819,LOC100507404,100507404.0,Del0.8,0.71
X-4819,LOC100507404,100507404.0,Del0.8,0.71
X-4819,LOC100652791,100652791.0,Del0.8,0.73
X-4819,LOC100996439,,MutNovel,"G170S,0.600"
X-4819,LOC157273,157273.0,Del0.8,0.74
X-4819,LOC158572,158572.0,Del0.8,0.71
X-4819,LOC158696,158696.0,Del0.8,0.71
X-4819,LOC253044,253044.0,Amp5,5.43
X-4819,LOC286083,286083.0,Del0.8,0.76
X-4819,LOC286437,286437.0,Del0.8,0.71
X-4819,LOC286442,286442.0,Del0.8,0.71
X-4819,LOC286467,286467.0,Del0.8,0.71
X-4819,LOC340357,340357.0,Del0.8,0.76
X-4819,LOC340544,340544.0,Del0.8,0.71
X-4819,LOC347411,347411.0,Del0.8,0.71
X-4819,LOC349196,349196.0,Del0.8,0.72
X-4819,LOC389906,389906.0,Del0.8,0.7
X-4819,LOC392196,392196.0,Del0.8,0.74
X-4819,LOC401588,401588.0,Del0.8,0.71
X-4819,LOC442459,442459.0,Del0.8,0.71
X-4819,LOC550643,550643.0,Del0.8,0.71
X-4819,LOC643486,643486.0,Del0.8,0.71
X-4819,LOC645752,645752.0,Amp5,5.43
X-4819,LOC646938,646938.0,Amp5,5.43
X-4819,LOC728323,728323.0,Del0.8,0.74
X-4819,LOC728734,,MutNovel,"P384L,1.000"
X-4819,LOC728741,,MutNovel,"W366R,0.714"
X-4819,LOC729609,729609.0,Del0.8,0.71
X-4819,LOC729911,729911.0,Amp5,5.43
X-4819,LOC91450,91450.0,Amp5,5.43
X-4819,LOC92249,92249.0,Del0.8,0.71
X-4819,LONRF1,91694.0,Del0.8,0.76
X-4819,LONRF3,79836.0,Del0.8,0.71
X-4819,LPAR4,2846.0,Del0.8,0.71
X-4819,LRCH2,57631.0,Del0.8,0.71
X-4819,LRMP,4033.0,Amp5,7.89
X-4819,LTBP1,4052.0,MutNovel,"I1178V,0.417"
X-4819,LTN1,26046.0,MutNovel,"G496V,0.523"
X-4819,LUZP4,51213.0,Del0.8,0.71
X-4819,LYRM5,144363.0,Amp5,7.89
X-4819,MAGEA1,4100.0,Del0.8,0.71
X-4819,MAGEA10,4109.0,Del0.8,0.71
X-4819,MAGEA10-MAGEA5,100533997.0,Del0.8,0.71
X-4819,MAGEA11,4110.0,Del0.8,0.71
X-4819,MAGEA12,4111.0,Del0.8,0.71
X-4819,MAGEA2,4101.0,Del0.8,0.71
X-4819,MAGEA2,4101.0,Del0.8,0.71
X-4819,MAGEA3,4102.0,Del0.8,0.71
X-4819,MAGEA4,4103.0,Del0.8,0.71
X-4819,MAGEA5,4104.0,Del0.8,0.71
X-4819,MAGEA6,4105.0,Del0.8,0.71
X-4819,MAGEA8,4107.0,Del0.8,0.71
X-4819,MAGEA9B,728269.0,Del0.8,0.71
X-4819,MAGEA9B,728269.0,Del0.8,0.71
X-4819,MAGEB1,4112.0,Del0.8,0.71
X-4819,MAGEB10,139422.0,Del0.8,0.71
X-4819,MAGEB16,139604.0,Del0.8,0.71
X-4819,MAGEB18,286514.0,Del0.8,0.71
X-4819,MAGEB2,4113.0,Del0.8,0.71
X-4819,MAGEB3,4114.0,Del0.8,0.71
X-4819,MAGEB4,4115.0,Del0.8,0.71
X-4819,MAGEB6,158809.0,Del0.8,0.71
X-4819,MAGEC1,9947.0,Del0.8,0.71
X-4819,MAGEC2,51438.0,Del0.8,0.71
X-4819,MAGEC3,139081.0,Del0.8,0.71
X-4819,MAGED1,9500.0,Del0.8,0.71
X-4819,MAGED2,10916.0,Del0.8,0.71
X-4819,MAGED4B,81557.0,Del0.8,0.71
X-4819,MAGED4B,81557.0,Del0.8,0.71
X-4819,MAGEE1,57692.0,Del0.8,0.71
X-4819,MAGEE2,139599.0,Del0.8,0.71
X-4819,MAGEH1,28986.0,Del0.8,0.71
X-4819,MAGIX,79917.0,Del0.8,0.71
X-4819,MAGT1,84061.0,Del0.8,0.71
X-4819,MAMDC4,158056.0,MutNovel,"D249N,1.000"
X-4819,MAMLD1,10046.0,Del0.8,0.71
X-4819,MAOA,4128.0,Del0.8,0.71
X-4819,MAOB,4129.0,Del0.8,0.71
X-4819,MAP1S,55201.0,MutNovel,"I840M,0.529"
X-4819,MAP3K12,7786.0,MutNovel,"E621G,0.325"
X-4819,MAP3K15,389840.0,Del0.8,0.71
X-4819,MAP3K4,4216.0,MutNovel,"PA1189P,0.538"
X-4819,MAP7,9053.0,MutNovel,"EA601A,0.295"
X-4819,MAP7D1,55700.0,MutKnownFunctional,"-195,0.411"
X-4819,MAP7D2,256714.0,Del0.8,0.71
X-4819,MAP7D3,79649.0,Del0.8,0.71
X-4819,2014-03-04 00:00:00,57574.0,MutNovel,"P368T,0.583"
X-4819,MATN3,4148.0,MutNovel,"R95W,0.444"
X-4819,MBNL3,55796.0,Del0.8,0.71
X-4819,MBTPS2,51360.0,Del0.8,0.71
X-4819,MCF2,4168.0,Del0.8,0.71
X-4819,MCPH1,79648.0,Del0.8,0.73
X-4819,MCTS1,28985.0,Del0.8,0.71
X-4819,MDGA1,266727.0,Del0.8,0.7
X-4819,MDGA2,161357.0,MutNovel,"L364F,0.500"
X-4819,MECP2,4204.0,Del0.8,0.71
X-4819,MED1,5469.0,MutNovel,"L1560P,0.400"
X-4819,MED12,9968.0,Del0.8,0.71
X-4819,MED14,9282.0,Del0.8,0.71
X-4819,MED15,51586.0,MutNovel,"-251Q,0.211"
X-4819,MEGF8,1954.0,MutNovel,"R2740W,1.000"
X-4819,METTL20,254013.0,Amp5,5.86
X-4819,MFAP3L,9848.0,MutKnownFunctional,"G336*,0.583"
X-4819,MFHAS1,9258.0,Del0.8,0.74
X-4819,MGC16121,84848.0,Del0.8,0.71
X-4819,MGC21881,389741.0,Del0.8,0.66
X-4819,MICAL1,64780.0,MutNovel,"T334P,0.341"
X-4819,MID1,4281.0,Del0.8,0.71
X-4819,MID1IP1,58526.0,Del0.8,0.71
X-4819,MID2,11043.0,Del0.8,0.71
X-4819,MIR105-1,406897.0,Del0.8,0.71
X-4819,MIR105-2,406898.0,Del0.8,0.71
X-4819,MIR106A,406899.0,Del0.8,0.71
X-4819,MIR1184-1,100302111.0,Del0.8,0.71
X-4819,MIR1184-1,100302111.0,Del0.8,0.71
X-4819,MIR124-1,406907.0,Del0.8,0.74
X-4819,MIR1256,100302155.0,Del0.8,0.71
X-4819,MIR1264,100302251.0,Del0.8,0.71
X-4819,MIR1277,100302214.0,Del0.8,0.71
X-4819,MIR1298,100302153.0,Del0.8,0.71
X-4819,MIR1322,100302166.0,Del0.8,0.74
X-4819,MIR1468,100302115.0,Del0.8,0.71
X-4819,MIR184,406960.0,Amp5,5.43
X-4819,MIR188,406964.0,Del0.8,0.71
X-4819,MIR18B,574033.0,Del0.8,0.71
X-4819,MIR1911,100302222.0,Del0.8,0.71
X-4819,MIR1912,100302144.0,Del0.8,0.71
X-4819,MIR19B2,406981.0,Del0.8,0.71
X-4819,MIR20B,574032.0,Del0.8,0.71
X-4819,MIR2114,100313839.0,Del0.8,0.71
X-4819,MIR221,407006.0,Del0.8,0.71
X-4819,MIR222,407007.0,Del0.8,0.71
X-4819,MIR223,407008.0,Del0.8,0.71
X-4819,MIR23C,100500809.0,Del0.8,0.71
X-4819,MIR3202-1,100422987.0,Del0.8,0.71
X-4819,MIR3202-2,100422877.0,Del0.8,0.71
X-4819,MIR320D2,100302169.0,Del0.8,0.71
X-4819,MIR362,574030.0,Del0.8,0.71
X-4819,MIR363,574031.0,Del0.8,0.71
X-4819,MIR3690,100500894.0,Del0.8,0.7
X-4819,MIR374A,442919.0,Del0.8,0.71
X-4819,MIR374B,100126317.0,Del0.8,0.71
X-4819,MIR374C,100500807.0,Del0.8,0.71
X-4819,MIR384,494333.0,Del0.8,0.71
X-4819,MIR3926-1,100500870.0,Del0.8,0.76
X-4819,MIR3926-2,100500838.0,Del0.8,0.76
X-4819,MIR3978,100616491.0,Del0.8,0.71
X-4819,MIR421,693122.0,Del0.8,0.71
X-4819,MIR424,494336.0,Del0.8,0.71
X-4819,MIR4328,100422932.0,Del0.8,0.71
X-4819,MIR4329,100423009.0,Del0.8,0.71
X-4819,MIR4330,100422930.0,Del0.8,0.71
X-4819,MIR4462,100616413.0,Del0.8,0.7
X-4819,MIR448,554212.0,Del0.8,0.71
X-4819,MIR450A1,554214.0,Del0.8,0.71
X-4819,MIR450A2,574505.0,Del0.8,0.71
X-4819,MIR450B,100126302.0,Del0.8,0.71
X-4819,MIR452,574412.0,Del0.8,0.71
X-4819,MIR4536-1,100616155.0,Del0.8,0.71
X-4819,MIR4659A,100616348.0,Del0.8,0.73
X-4819,MIR4659B,100616372.0,Del0.8,0.73
X-4819,MIR4660,100616350.0,Del0.8,0.74
X-4819,MIR4767,100616467.0,Del0.8,0.7
X-4819,MIR4768,100616249.0,Del0.8,0.71
X-4819,MIR4769,100616147.0,Del0.8,0.71
X-4819,MIR4770,100616373.0,Del0.8,0.7
X-4819,MIR500A,574502.0,Del0.8,0.71
X-4819,MIR500B,100422911.0,Del0.8,0.71
X-4819,MIR501,574503.0,Del0.8,0.71
X-4819,MIR502,574504.0,Del0.8,0.71
X-4819,MIR503,574506.0,Del0.8,0.71
X-4819,MIR504,574507.0,Del0.8,0.71
X-4819,MIR505,574508.0,Del0.8,0.71
X-4819,MIR506,574511.0,Del0.8,0.71
X-4819,MIR507,574512.0,Del0.8,0.71
X-4819,MIR508,574513.0,Del0.8,0.71
X-4819,MIR509-1,574514.0,Del0.8,0.71
X-4819,MIR510,574515.0,Del0.8,0.71
X-4819,MIR514A1,574516.0,Del0.8,0.71
X-4819,MIR514A2,574517.0,Del0.8,0.71
X-4819,MIR514B,100422847.0,Del0.8,0.71
X-4819,MIR532,693124.0,Del0.8,0.71
X-4819,MIR542,664617.0,Del0.8,0.71
X-4819,MIR545,664614.0,Del0.8,0.71
X-4819,MIR596,693181.0,Del0.8,0.76
X-4819,MIR597,693182.0,Del0.8,0.74
X-4819,MIR598,693183.0,Del0.8,0.74
X-4819,MIR651,723779.0,Del0.8,0.7
X-4819,MIR660,724030.0,Del0.8,0.71
X-4819,MIR676,100500887.0,Del0.8,0.71
X-4819,MIR718,100313781.0,Del0.8,0.71
X-4819,MIR764,100313838.0,Del0.8,0.71
X-4819,MIR766,768218.0,Del0.8,0.71
X-4819,MIR767,768215.0,Del0.8,0.71
X-4819,MIR888,100126306.0,Del0.8,0.71
X-4819,MIR890,100126303.0,Del0.8,0.71
X-4819,MIR891A,100126341.0,Del0.8,0.71
X-4819,MIR891B,100126304.0,Del0.8,0.71
X-4819,MIR892A,100126342.0,Del0.8,0.71
X-4819,MIR892B,100126307.0,Del0.8,0.71
X-4819,MIR92A2,407049.0,Del0.8,0.71
X-4819,MIR934,100126324.0,Del0.8,0.71
X-4819,MIR98,407054.0,Del0.8,0.71
X-4819,MIRLET7F2,406889.0,Del0.8,0.71
X-4819,MKI67,4288.0,MutNovel,"Y340C,0.512"
X-4819,MLL3,58508.0,MutNovel,"V4032M,0.602"
X-4819,MMGT1,93380.0,Del0.8,0.71
X-4819,MORC4,79710.0,Del0.8,0.71
X-4819,MORF4L1,10933.0,Amp5,5.43
X-4819,MORF4L2,9643.0,Del0.8,0.71
X-4819,MOSPD1,56180.0,Del0.8,0.71
X-4819,MOSPD2,158747.0,Del0.8,0.71
X-4819,MPP1,4354.0,MutNovel,"R70Q,1.000"
X-4819,MPP1,4354.0,Del0.8,0.71
X-4819,MPRIP,23164.0,MutNovel,"TS178T,0.558"
X-4819,MRGPRF,116535.0,MutNovel,"R120Q,0.889"
X-4819,MSL3,10943.0,Del0.8,0.71
X-4819,MSN,4478.0,Del0.8,0.71
X-4819,MSRA,4482.0,Del0.8,0.74
X-4819,MST4,51765.0,Del0.8,0.71
X-4819,MSX1,4487.0,MutNovel,"G26A,1.000"
X-4819,MTCP1,4515.0,Del0.8,0.71
X-4819,MTCP1NB,100272147.0,Del0.8,0.71
X-4819,MTM1,4534.0,Del0.8,0.71
X-4819,MTMR1,8776.0,Del0.8,0.71
X-4819,MTMR8,55613.0,Del0.8,0.71
X-4819,MTMR9,66036.0,Del0.8,0.74
X-4819,MTRNR2L10,100463488.0,Del0.8,0.71
X-4819,MUM1L1,139221.0,Del0.8,0.71
X-4819,MXRA5,25878.0,Del0.8,0.7
X-4819,MYO18A,399687.0,MutNovel,"A1493P,0.704"
X-4819,MYOM2,9172.0,Del0.8,0.76
X-4819,NAA10,8260.0,Del0.8,0.71
X-4819,NAP1L2,4674.0,Del0.8,0.71
X-4819,NAP1L3,4675.0,Del0.8,0.71
X-4819,NAP1L6,645996.0,Del0.8,0.71
X-4819,NARFL,64428.0,MutNovel,"R325Q,1.000"
X-4819,NARS2,79731.0,MutNovel,"V227L,0.355"
X-4819,NBPF15,284565.0,MutNovel,"R121H,1.000"
X-4819,NBPF15,284565.0,MutNovel,"P346H,1.000"
X-4819,NBPF9,400818.0,MutNovel,"Q184R,1.000"
X-4819,NCAPG2,54892.0,MutNovel,"L416V,0.411"
X-4819,NCOR2,9612.0,MutNovel,"G1839GAAA,0.343"
X-4819,NCRNA00185,55410.0,Del0.8,0.23
X-4819,NDC80,10403.0,MutNovel,"V172L,0.384"
X-4819,NDP,4693.0,Del0.8,0.71
X-4819,NDUFA1,4694.0,Del0.8,0.71
X-4819,NDUFAF4,29078.0,MutKnownFunctional,"E92*,0.779"
X-4819,NDUFB11,54539.0,Del0.8,0.71
X-4819,NDUFB8,4714.0,MutNovel,"H108L,0.514"
X-4819,NEIL2,252969.0,Del0.8,0.74
X-4819,NGFRAP1,27018.0,Del0.8,0.71
X-4819,NHS,4810.0,Del0.8,0.71
X-4819,NHSL2,340527.0,Del0.8,0.71
X-4819,NIN,51199.0,MutNovel,"D921Y,0.576"
X-4819,NKAP,79576.0,Del0.8,0.71
X-4819,NKAPP1,158801.0,Del0.8,0.71
X-4819,NKRF,55922.0,Del0.8,0.71
X-4819,NLGN1,22871.0,MutNovel,"G376E,0.778"
X-4819,NLGN3,54413.0,Del0.8,0.71
X-4819,NLGN4X,57502.0,Del0.8,0.7
X-4819,NLGN4Y,22829.0,Del0.8,0.23
X-4819,NONO,4841.0,Del0.8,0.71
X-4819,NOX1,27035.0,Del0.8,0.71
X-4819,NR0B1,190.0,Del0.8,0.71
X-4819,NRG2,9542.0,MutNovel,"A809S,1.000"
X-4819,NRK,203447.0,Del0.8,0.71
X-4819,NSDHL,50814.0,Del0.8,0.71
X-4819,NUDT10,170685.0,Del0.8,0.71
X-4819,NUDT11,55190.0,Del0.8,0.71
X-4819,NUP62CL,54830.0,Del0.8,0.71
X-4819,NXF2,56001.0,Del0.8,0.71
X-4819,NXF2,56001.0,Del0.8,0.71
X-4819,NXF2B,728343.0,Del0.8,0.71
X-4819,NXF2B,728343.0,Del0.8,0.71
X-4819,NXF3,56000.0,MutNovel,"L226F,0.500"
X-4819,NXF3,56000.0,Del0.8,0.71
X-4819,NXF4,55999.0,Del0.8,0.71
X-4819,NXF5,55998.0,Del0.8,0.71
X-4819,NXT2,55916.0,Del0.8,0.71
X-4819,NYX,60506.0,Del0.8,0.71
X-4819,OCRL,4952.0,Del0.8,0.71
X-4819,ODZ1,10178.0,Del0.8,0.71
X-4819,OFD1,8481.0,Del0.8,0.71
X-4819,OGT,8473.0,Del0.8,0.71
X-4819,OPHN1,4983.0,Del0.8,0.71
X-4819,OPN1LW,5956.0,Del0.8,0.71
X-4819,OPN1MW,2652.0,Del0.8,0.71
X-4819,OR13H1,347468.0,Del0.8,0.71
X-4819,OR2T8,343172.0,MutNovel,"D68E,0.636"
X-4819,OR2W3,343171.0,MutKnownFunctional,"-298?,0.387"
X-4819,OR4C6,219432.0,Del0.8,0.8
X-4819,OR4F21,441308.0,Del0.8,0.77
X-4819,OR4P4,81300.0,Del0.8,0.8
X-4819,OR4S2,219431.0,Del0.8,0.8
X-4819,ORAI1,84876.0,MutNovel,"PP43-,0.931"
X-4819,ORC4,5000.0,MutNovel,"F367V,0.475"
X-4819,OS9,10956.0,MutNovel,"P237L,0.408"
X-4819,OTC,5009.0,Del0.8,0.71
X-4819,OTUD5,55593.0,Del0.8,0.71
X-4819,OTUD6A,139562.0,Del0.8,0.71
X-4819,P2RY10,27334.0,Del0.8,0.71
X-4819,P2RY4,5030.0,Del0.8,0.71
X-4819,P2RY8,286530.0,MutNovel,"M992I,1.000"
X-4819,P2RY8,286530.0,MutNovel,"K651E,1.000"
X-4819,P2RY8,286530.0,Del0.8,0.7
X-4819,PABPC1L2A,340529.0,Del0.8,0.71
X-4819,PABPC1L2B,645974.0,Del0.8,0.71
X-4819,PABPC3,5042.0,MutNovel,"KG231-,1.000"
X-4819,PABPC5,140886.0,Del0.8,0.71
X-4819,PAGE1,8712.0,Del0.8,0.71
X-4819,PAGE2,203569.0,Del0.8,0.71
X-4819,PAGE2B,389860.0,Del0.8,0.71
X-4819,PAGE3,139793.0,Del0.8,0.71
X-4819,PAGE4,9506.0,Del0.8,0.71
X-4819,PAGE5,90737.0,Del0.8,0.71
X-4819,PAK3,5063.0,Del0.8,0.71
X-4819,PASD1,139135.0,Del0.8,0.71
X-4819,PCDH11X,27328.0,Del0.8,0.71
X-4819,PCDH11Y,83259.0,Del0.8,0.31
X-4819,PCDH19,57526.0,Del0.8,0.71
X-4819,PCDHB9,56127.0,MutNovel,"L396V,1.000"
X-4819,PCDHB9,56127.0,MutNovel,"V472A,0.265"
X-4819,PCSK1N,27344.0,Del0.8,0.71
X-4819,PCYT1B,9468.0,Del0.8,0.71
X-4819,PDHA1,5160.0,Del0.8,0.71
X-4819,PDK3,5165.0,Del0.8,0.71
X-4819,PDP2,57546.0,MutKnownFunctional,"-101,0.419"
X-4819,PDPR,55066.0,MutNovel,"V215I,0.464"
X-4819,PDZD11,51248.0,Del0.8,0.71
X-4819,PDZD4,57595.0,Del0.8,0.71
X-4819,PEX10,5192.0,MutNovel,"G140R,1.000"
X-4819,PFKFB1,5207.0,Del0.8,0.71
X-4819,PGAM4,441531.0,Del0.8,0.71
X-4819,PGK1,5230.0,Del0.8,0.71
X-4819,PGRMC1,10857.0,Del0.8,0.71
X-4819,PHEX,5251.0,Del0.8,0.71
X-4819,PHF16,9767.0,Del0.8,0.71
X-4819,PHF6,84295.0,Del0.8,0.71
X-4819,PHF8,23133.0,Del0.8,0.71
X-4819,PHKA1,5255.0,Del0.8,0.71
X-4819,PHKA2,5256.0,Del0.8,0.71
X-4819,PHLDA1,22822.0,MutNovel,"QQ194Q,0.533"
X-4819,PIGA,5277.0,Del0.8,0.71
X-4819,PIM2,11040.0,Del0.8,0.71
X-4819,PIN4,5303.0,Del0.8,0.71
X-4819,PINK1,65018.0,Del0.8,0.8
X-4819,PINX1,54984.0,Del0.8,0.74
X-4819,PIR,8544.0,Del0.8,0.71
X-4819,PIR-FIGF,100532742.0,Del0.8,0.71
X-4819,PJA1,64219.0,Del0.8,0.71
X-4819,PKD1L3,342372.0,MutNovel,"R1717Q,0.500"
X-4819,PLAC1,10761.0,Del0.8,0.71
X-4819,PLCXD1,55344.0,Del0.8,0.7
X-4819,PLEKHA2,59339.0,MutNovel,"D97N,0.226"
X-4819,PLP1,5354.0,Del0.8,0.71
X-4819,PLP2,5355.0,Del0.8,0.71
X-4819,PLS3,5358.0,Del0.8,0.71
X-4819,PLXNA3,55558.0,Del0.8,0.71
X-4819,PLXNB3,5365.0,Del0.8,0.71
X-4819,PNCK,139728.0,Del0.8,0.71
X-4819,PNMA3,29944.0,Del0.8,0.71
X-4819,PNMA5,114824.0,Del0.8,0.71
X-4819,PNMA6A,84968.0,Del0.8,0.71
X-4819,PNMA6A,84968.0,Del0.8,0.71
X-4819,PNMA6C,100287428.0,Del0.8,0.71
X-4819,PNMA6D,100287466.0,Del0.8,0.71
X-4819,PNMA6D,100287466.0,Del0.8,0.71
X-4819,PNPLA4,8228.0,Del0.8,0.7
X-4819,POF1B,79983.0,Del0.8,0.71
X-4819,POLA1,5422.0,Del0.8,0.71
X-4819,PORCN,64840.0,Del0.8,0.71
X-4819,POTEH,23784.0,MutNovel,"I238V,1.000"
X-4819,POTEI,,MutNovel,"I803M,1.000"
X-4819,POU3F4,5456.0,Del0.8,0.71
X-4819,PPEF1,5475.0,Del0.8,0.71
X-4819,PPP1R2P9,80316.0,Del0.8,0.71
X-4819,PPP1R3B,79660.0,Del0.8,0.74
X-4819,PPP1R3F,89801.0,Del0.8,0.71
X-4819,PPP2R3B,28227.0,Del0.8,0.7
X-4819,PPP2R3B-AS1,283981.0,Del0.8,0.7
X-4819,PQBP1,10084.0,Del0.8,0.71
X-4819,PRAF2,11230.0,Del0.8,0.71
X-4819,PRAMEF1,65121.0,Del0.8,0.36
X-4819,PRAMEF11,440560.0,Del0.8,0.69
X-4819,PRDX4,10549.0,Del0.8,0.71
X-4819,PRDX5,25824.0,MutNovel,"F108C,0.546"
X-4819,PRICKLE3,4007.0,Del0.8,0.71
X-4819,PRKX,5613.0,Del0.8,0.7
X-4819,PRKY,5616.0,Del0.8,0.26
X-4819,PRNP,5621.0,MutNovel,"P238L,0.452"
X-4819,PRPS1,5631.0,Del0.8,0.71
X-4819,PRPS2,5634.0,Del0.8,0.71
X-4819,PRRG1,5638.0,Del0.8,0.71
X-4819,PRRG3,79057.0,Del0.8,0.71
X-4819,PRSS55,203074.0,Del0.8,0.74
X-4819,PRY,9081.0,Del0.8,0.23
X-4819,PRY,9081.0,Del0.8,0.23
X-4819,PRY2,442862.0,Del0.8,0.23
X-4819,PRY2,442862.0,Del0.8,0.23
X-4819,PSMA4,5685.0,Amp5,5.43
X-4819,PSMD10,5716.0,Del0.8,0.71
X-4819,PTCHD1,139411.0,Del0.8,0.71
X-4819,PTPN14,5784.0,MutNovel,"G754C,0.609"
X-4819,PTPN14,5784.0,MutNovel,"Y752N,0.617"
X-4819,PTPN5,84867.0,MutNovel,"S236F,0.295"
X-4819,PTPRB,5787.0,MutNovel,"T344N,0.750"
X-4819,PTPRD,5789.0,Del0.8,0.5
X-4819,PTRH1,138428.0,MutNovel,"G209A,1.000"
X-4819,PVRIG,79037.0,MutNovel,"G66E,0.400"
X-4819,RAB33A,9363.0,Del0.8,0.71
X-4819,RAB39B,116442.0,Del0.8,0.71
X-4819,RAB40A,142684.0,Del0.8,0.71
X-4819,RAB40AL,282808.0,Del0.8,0.71
X-4819,RAB41,347517.0,Del0.8,0.71
X-4819,RAB9A,9367.0,Del0.8,0.71
X-4819,RAB9B,51209.0,Del0.8,0.71
X-4819,RAI2,10742.0,Del0.8,0.71
X-4819,RANBP10,57610.0,MutNovel,"R354Q,0.518"
X-4819,RAP2C,57826.0,Del0.8,0.71
X-4819,RASGRF1,5923.0,Amp5,5.43
X-4819,RASGRF2,5924.0,MutNovel,"L164R,0.500"
X-4819,RBBP7,5931.0,Del0.8,0.71
X-4819,RBBP8,5932.0,MutNovel,"G339C,0.509"
X-4819,RBM10,8241.0,Del0.8,0.71
X-4819,RBM19,9904.0,MutNovel,"V572I,0.645"
X-4819,RBM20,282996.0,MutNovel,"G780R,0.571"
X-4819,RBM3,5935.0,Del0.8,0.71
X-4819,RBM41,55285.0,Del0.8,0.71
X-4819,RBMX,27316.0,Del0.8,0.71
X-4819,RBMX2,51634.0,Del0.8,0.71
X-4819,RBMXL3,139804.0,Del0.8,0.71
X-4819,RBMY1A3P,286557.0,Del0.8,0.26
X-4819,RBMY1B,378948.0,Del0.8,0.23
X-4819,RBMY1B,378948.0,Del0.8,0.23
X-4819,RBMY1E,378950.0,Del0.8,0.23
X-4819,RBMY1E,378950.0,Del0.8,0.23
X-4819,RBMY1F,159163.0,Del0.8,0.23
X-4819,RBMY1F,159163.0,Del0.8,0.23
X-4819,RBMY1J,378951.0,Del0.8,0.23
X-4819,RBMY1J,378951.0,Del0.8,0.23
X-4819,RBMY2EP,159125.0,Del0.8,0.23
X-4819,RBMY2FP,159162.0,Del0.8,0.23
X-4819,RBMY3AP,64593.0,Del0.8,0.23
X-4819,RENBP,5973.0,Del0.8,0.71
X-4819,REPS2,9185.0,Del0.8,0.71
X-4819,RGAG1,57529.0,Del0.8,0.71
X-4819,RGAG4,340526.0,MutNovel,"S112R,1.000"
X-4819,RGAG4,340526.0,Del0.8,0.71
X-4819,RGN,9104.0,Del0.8,0.71
X-4819,RGPD3,653489.0,MutNovel,"A805T,1.000"
X-4819,RGS12,6002.0,MutNovel,"S420C,0.729"
X-4819,RGS22,26166.0,MutNovel,"N1256D,1.000"
X-4819,RHD,6007.0,Del0.8,0.45
X-4819,RHOXF1,158800.0,Del0.8,0.71
X-4819,RHOXF2B,727940.0,Del0.8,0.71
X-4819,RHOXF2B,727940.0,Del0.8,0.71
X-4819,RIBC1,158787.0,Del0.8,0.71
X-4819,RIPPLY1,92129.0,Del0.8,0.71
X-4819,RLIM,51132.0,Del0.8,0.71
X-4819,RNF113A,7737.0,Del0.8,0.71
X-4819,RNF128,79589.0,Del0.8,0.71
X-4819,RNF8,9025.0,Del0.8,0.7
X-4819,RP1-177G6.2,286411.0,Del0.8,0.71
X-4819,RP1L1,94137.0,Del0.8,0.74
X-4819,RP2,6102.0,Del0.8,0.71
X-4819,RPA4,29935.0,Del0.8,0.71
X-4819,RPGR,6103.0,Del0.8,0.71
X-4819,RPL10,6134.0,Del0.8,0.71
X-4819,RPL23AP53,644128.0,Del0.8,0.77
X-4819,RPL36A,6173.0,Del0.8,0.71
X-4819,RPL36A-HNRNPH2,100529097.0,Del0.8,0.71
X-4819,RPL39,6170.0,Del0.8,0.71
X-4819,RPS26P11,441502.0,Del0.8,0.71
X-4819,RPS4X,6191.0,Del0.8,0.71
X-4819,RPS4Y1,6192.0,Del0.8,0.31
X-4819,RPS4Y2,140032.0,Del0.8,0.23
X-4819,RPS6KA3,6197.0,Del0.8,0.71
X-4819,RPS6KA6,27330.0,Del0.8,0.71
X-4819,RPSA,3921.0,MutNovel,"D200V,0.597"
X-4819,RRAGB,10325.0,Del0.8,0.71
X-4819,RRP1B,23076.0,MutNovel,"D194N,0.688"
X-4819,RS1,6247.0,Del0.8,0.71
X-4819,RTL1,388015.0,MutNovel,"E152EK,0.867"
X-4819,RUNX1,861.0,MutNovel,"L56S,0.362"
X-4819,S100G,795.0,Del0.8,0.71
X-4819,SAGE1,55511.0,Del0.8,0.71
X-4819,SASH3,54440.0,Del0.8,0.71
X-4819,SAT1,6303.0,Del0.8,0.71
X-4819,SATL1,340562.0,Del0.8,0.71
X-4819,SBF1,6305.0,MutNovel,"R1008C,0.302"
X-4819,SCARNA23,677773.0,Del0.8,0.71
X-4819,SCARNA9L,100158262.0,Del0.8,0.71
X-4819,SCLY,51540.0,MutNovel,"P213S,0.362"
X-4819,SCML1,6322.0,Del0.8,0.71
X-4819,SCML2,10389.0,Del0.8,0.71
X-4819,SCN1B,6324.0,MutNovel,"V139I,1.000"
X-4819,SCRN2,90507.0,MutNovel,"EQ65E,0.308"
X-4819,2014-09-06 00:00:00,23157.0,Del0.8,0.71
X-4819,SERBP1,26135.0,MutNovel,"P113A,0.998"
X-4819,SERINC2,347735.0,MutNovel,"-373Q,0.571"
X-4819,SERPINA7,6906.0,Del0.8,0.71
X-4819,SERPINB2,5055.0,MutNovel,"F408L,0.613"
X-4819,SETBP1,26040.0,MutKnownFunctional,"E958*,0.524"
X-4819,SGK223,157285.0,Del0.8,0.74
X-4819,SGSM2,9905.0,MutNovel,"E150K,1.000"
X-4819,SH2D1A,4068.0,Del0.8,0.71
X-4819,SH2D5,400745.0,Del0.8,0.8
X-4819,SH2D7,646892.0,Amp5,5.43
X-4819,SH3BGRL,6451.0,Del0.8,0.71
X-4819,SH3KBP1,30011.0,Del0.8,0.71
X-4819,SHOX,6473.0,Del0.8,0.7
X-4819,SHROOM2,357.0,Del0.8,0.71
X-4819,SHROOM4,57477.0,Del0.8,0.71
X-4819,SLC10A3,8273.0,Del0.8,0.71
X-4819,SLC12A8,84561.0,MutNovel,"G150S,0.833"
X-4819,SLC16A2,6567.0,Del0.8,0.71
X-4819,SLC25A14,9016.0,Del0.8,0.71
X-4819,SLC25A43,203427.0,Del0.8,0.71
X-4819,SLC25A5,292.0,Del0.8,0.71
X-4819,SLC25A5-AS1,100303728.0,Del0.8,0.71
X-4819,SLC25A6,293.0,Del0.8,0.7
X-4819,SLC35A2,7355.0,Del0.8,0.71
X-4819,SLC35G5,83650.0,Del0.8,0.74
X-4819,SLC38A5,92745.0,Del0.8,0.71
X-4819,SLC43A2,124935.0,MutNovel,"G216S,1.000"
X-4819,SLC4A3,6508.0,MutNovel,"V1081F,0.551"
X-4819,SLC6A14,11254.0,Del0.8,0.71
X-4819,SLC6A8,6535.0,Del0.8,0.71
X-4819,SLC7A3,84889.0,Del0.8,0.71
X-4819,SLC9A6,10479.0,Del0.8,0.71
X-4819,SLC9A7,84679.0,Del0.8,0.71
X-4819,SLITRK2,84631.0,Del0.8,0.71
X-4819,SLITRK4,139065.0,Del0.8,0.71
X-4819,SMARCA1,6594.0,Del0.8,0.71
X-4819,SMARCA4,6597.0,MutKnownFunctional,"-192?,0.840"
X-4819,SMC1A,8243.0,Del0.8,0.71
X-4819,SMEK3P,139420.0,Del0.8,0.71
X-4819,SMO,6608.0,MutNovel,"Y269F,0.349"
X-4819,SMPX,23676.0,Del0.8,0.71
X-4819,SMS,6611.0,Del0.8,0.71
X-4819,SNAP29,9342.0,MutNovel,"I150V,0.662"
X-4819,SNED1,25992.0,MutNovel,"A1190T,0.900"
X-4819,SNORA11,677799.0,Del0.8,0.71
X-4819,SNORA11C,100124540.0,Del0.8,0.71
X-4819,SNORA11D,100124541.0,Del0.8,0.71
X-4819,SNORA11D,100124541.0,Del0.8,0.71
X-4819,SNORA11E,100124542.0,Del0.8,0.71
X-4819,SNORA11E,100124542.0,Del0.8,0.71
X-4819,SNORA35,677816.0,Del0.8,0.71
X-4819,SNORA36A,677817.0,Del0.8,0.71
X-4819,SNORA56,677835.0,Del0.8,0.71
X-4819,SNORA69,26779.0,Del0.8,0.71
X-4819,SNORA70,26778.0,Del0.8,0.71
X-4819,SNORD61,26787.0,Del0.8,0.71
X-4819,SNORD96B,692226.0,Del0.8,0.71
X-4819,SNRNP200,23020.0,MutNovel,"S1605R,0.649"
X-4819,SNRNP35,11066.0,MutKnownFunctional,"K177*,0.224"
X-4819,SNX12,29934.0,Del0.8,0.71
X-4819,SORD,6652.0,MutNovel,"N302K,0.241"
X-4819,SOWAHD,347454.0,Del0.8,0.71
X-4819,SOX3,6658.0,Del0.8,0.71
X-4819,SOX7,83595.0,Del0.8,0.74
X-4819,SPACA5,389852.0,Del0.8,0.71
X-4819,SPAG11A,653423.0,Del0.8,0.59
X-4819,SPAG11B,10407.0,Del0.8,0.51
X-4819,SPAG11B,10407.0,Del0.8,0.59
X-4819,SPANXA2,728712.0,Del0.8,0.71
X-4819,SPANXA2,728712.0,Del0.8,0.71
X-4819,SPANXA2-OT1,619455.0,Del0.8,0.71
X-4819,SPANXB1,728695.0,Del0.8,0.71
X-4819,SPANXC,64663.0,Del0.8,0.71
X-4819,SPANXN1,494118.0,Del0.8,0.71
X-4819,SPANXN2,494119.0,Del0.8,0.71
X-4819,SPANXN3,139067.0,Del0.8,0.71
X-4819,SPANXN4,441525.0,Del0.8,0.71
X-4819,SPANXN5,494197.0,Del0.8,0.71
X-4819,SPICE1,152185.0,MutNovel,"A117P,0.403"
X-4819,SPIN2A,54466.0,Del0.8,0.71
X-4819,SPIN2B,474343.0,Del0.8,0.71
X-4819,SPIN3,169981.0,Del0.8,0.71
X-4819,SPIN4,139886.0,Del0.8,0.71
X-4819,SPOPL,339745.0,MutNovel,"P73L,0.510"
X-4819,SPRY3,10251.0,Del0.8,0.79
X-4819,SRD5A1P1,6719.0,Del0.8,0.71
X-4819,SRPK3,26576.0,Del0.8,0.71
X-4819,SRPX,8406.0,Del0.8,0.71
X-4819,SRPX2,27286.0,Del0.8,0.71
X-4819,SRY,6736.0,Del0.8,0.31
X-4819,SSR4,6748.0,Del0.8,0.71
X-4819,SSX1,6756.0,Del0.8,0.71
X-4819,SSX2,6757.0,Del0.8,0.71
X-4819,SSX2,6757.0,Del0.8,0.71
X-4819,SSX2B,727837.0,Del0.8,0.71
X-4819,SSX2B,727837.0,Del0.8,0.71
X-4819,SSX3,10214.0,Del0.8,0.71
X-4819,SSX4,6759.0,Del0.8,0.71
X-4819,SSX4,6759.0,Del0.8,0.71
X-4819,SSX5,6758.0,Del0.8,0.71
X-4819,SSX6,280657.0,Del0.8,0.71
X-4819,SSX7,280658.0,Del0.8,0.71
X-4819,SSX8,280659.0,Del0.8,0.71
X-4819,STAG2,10735.0,Del0.8,0.71
X-4819,STARD8,9754.0,Del0.8,0.71
X-4819,STBD1,8987.0,MutKnownFunctional,"-355,0.273"
X-4819,STK35,140901.0,MutNovel,"E207Q,0.342"
X-4819,STS,412.0,Del0.8,0.7
X-4819,SUV39H1,6839.0,Del0.8,0.71
X-4819,SYAP1,94056.0,Del0.8,0.71
X-4819,SYN1,6853.0,Del0.8,0.71
X-4819,SYP,6855.0,Del0.8,0.71
X-4819,SYT17,51760.0,MutNovel,"V131I,0.481"
X-4819,SYTL4,94121.0,Del0.8,0.71
X-4819,SYTL5,94122.0,Del0.8,0.71
X-4819,TAB3,257397.0,Del0.8,0.71
X-4819,TAF1,6872.0,Del0.8,0.71
X-4819,TAF7L,54457.0,Del0.8,0.71
X-4819,TAF9B,51616.0,Del0.8,0.71
X-4819,TARP,445347.0,MutNovel,"C59W,0.667"
X-4819,TARS2,80222.0,MutNovel,"A269S,0.530"
X-4819,TARSL2,123283.0,MutNovel,"L6P,0.615"
X-4819,TAZ,6901.0,Del0.8,0.71
X-4819,TBC1D10A,83874.0,MutNovel,"P424R,0.698"
X-4819,TBC1D22B,55633.0,Del0.8,0.7
X-4819,TBC1D25,4943.0,Del0.8,0.71
X-4819,TBC1D2B,23102.0,Amp5,5.43
X-4819,TBC1D3B,414059.0,Del0.8,0.73
X-4819,TBC1D8B,54885.0,Del0.8,0.71
X-4819,TBL1X,6907.0,Del0.8,0.71
X-4819,TBL1Y,90665.0,Del0.8,0.26
X-4819,TBX22,50945.0,Del0.8,0.71
X-4819,TCEAL1,9338.0,Del0.8,0.71
X-4819,TCEAL2,140597.0,Del0.8,0.71
X-4819,TCEAL3,85012.0,Del0.8,0.71
X-4819,TCEAL4,79921.0,Del0.8,0.71
X-4819,TCEAL5,340543.0,Del0.8,0.71
X-4819,TCEAL6,158931.0,Del0.8,0.71
X-4819,TCEAL7,56849.0,Del0.8,0.71
X-4819,TCEAL8,90843.0,Del0.8,0.71
X-4819,TCEANC,170082.0,Del0.8,0.71
X-4819,TDGF1P3,6998.0,Del0.8,0.71
X-4819,TDH,157739.0,Del0.8,0.74
X-4819,TEP1,7011.0,MutNovel,"D1370H,0.344"
X-4819,TEX11,56159.0,Del0.8,0.71
X-4819,TEX13A,56157.0,Del0.8,0.71
X-4819,TEX13B,56156.0,Del0.8,0.71
X-4819,TEX28,1527.0,Del0.8,0.71
X-4819,TFCP2,7024.0,MutNovel,"P47L,0.667"
X-4819,TFDP3,51270.0,Del0.8,0.71
X-4819,TFE3,7030.0,Del0.8,0.71
X-4819,TFR2,7036.0,MutNovel,"A110T,0.667"
X-4819,TGIF2LX,90316.0,Del0.8,0.71
X-4819,TGIF2LY,90655.0,Del0.8,0.31
X-4819,THOC2,57187.0,Del0.8,0.71
X-4819,TIGD1,200765.0,MutNovel,"I293M,0.576"
X-4819,TIGD5,84948.0,MutNovel,"P38T,0.750"
X-4819,TIMM17B,10245.0,Del0.8,0.71
X-4819,TIMM8A,1678.0,Del0.8,0.71
X-4819,TIMP1,7076.0,Del0.8,0.71
X-4819,TKTL1,8277.0,Del0.8,0.71
X-4819,TLN1,7094.0,MutNovel,"I2501V,0.998"
X-4819,TLR7,51284.0,Del0.8,0.71
X-4819,TLR8,51311.0,Del0.8,0.71
X-4819,TLR8-AS1,349408.0,Del0.8,0.71
X-4819,TMCO7,79613.0,MutNovel,"V178I,0.475"
X-4819,TMED3,23423.0,Amp5,5.43
X-4819,TMEM164,84187.0,Del0.8,0.71
X-4819,TMEM168,64418.0,MutNovel,"M272I,0.663"
X-4819,TMEM185A,84548.0,Del0.8,0.71
X-4819,TMEM187,8269.0,Del0.8,0.71
X-4819,TMEM217,221468.0,Del0.8,0.7
X-4819,TMEM27,57393.0,Del0.8,0.71
X-4819,TMEM31,203562.0,Del0.8,0.71
X-4819,TMEM35,59353.0,Del0.8,0.71
X-4819,TMEM47,83604.0,Del0.8,0.71
X-4819,TMLHE,55217.0,Del0.8,0.71
X-4819,TMSB15A,11013.0,Del0.8,0.71
X-4819,TMSB15B,286527.0,Del0.8,0.71
X-4819,TMSB4X,7114.0,Del0.8,0.71
X-4819,TMSB4Y,9087.0,Del0.8,0.23
X-4819,TMTC1,83857.0,MutNovel,"L121F,0.250"
X-4819,TNKS,8658.0,Del0.8,0.74
X-4819,TNKS1BP1,85456.0,MutNovel,"RD1014SY,0.293"
X-4819,TNMD,64102.0,Del0.8,0.71
X-4819,TOR1A,1861.0,MutKnownFunctional,"-321,0.923"
X-4819,TOR4A,,MutNovel,"WQAAAIV355W,0.579"
X-4819,TOX2,84969.0,MutNovel,"-390P,0.733"
X-4819,TP53,7157.0,MutNovel,"R158P,1.000"
X-4819,TPRA1,131601.0,MutNovel,"D47E,0.309"
X-4819,TRAPPC11,60684.0,MutNovel,"C815S,0.478"
X-4819,TRAPPC2,6399.0,Del0.8,0.71
X-4819,TRAPPC8,22878.0,MutNovel,"V433A,0.517"
X-4819,TREX2,11219.0,Del0.8,0.71
X-4819,TRMT2B,79979.0,Del0.8,0.71
X-4819,TRO,7216.0,Del0.8,0.71
X-4819,TRPC5,7224.0,Del0.8,0.71
X-4819,TSC22D3,1831.0,Del0.8,0.71
X-4819,TSIX,9383.0,Del0.8,0.71
X-4819,TSPAN6,7105.0,Del0.8,0.71
X-4819,TSPAN7,7102.0,Del0.8,0.71
X-4819,TSPY1,7258.0,Del0.8,0.05
X-4819,TSPY2,64591.0,Del0.8,0.11
X-4819,TSPY3,728137.0,Del0.8,0.05
X-4819,TSPY4,728395.0,Del0.8,0.05
X-4819,TSPY8,728403.0,Del0.8,0.05
X-4819,TSPYL1,7259.0,MutNovel,"V176VW,0.630"
X-4819,TSPYL2,64061.0,Del0.8,0.71
X-4819,TSR2,90121.0,Del0.8,0.71
X-4819,TTC27,55622.0,MutNovel,"Q804P,0.445"
X-4819,TTC3P1,286495.0,Del0.8,0.71
X-4819,TTTY10,246119.0,Del0.8,0.23
X-4819,TTTY11,83866.0,Del0.8,0.26
X-4819,TTTY12,83867.0,Del0.8,0.26
X-4819,TTTY13,83868.0,Del0.8,0.23
X-4819,TTTY14,83869.0,Del0.8,0.23
X-4819,TTTY15,64595.0,Del0.8,0.23
X-4819,TTTY16,252948.0,Del0.8,0.26
X-4819,TTTY17A,252949.0,Del0.8,0.23
X-4819,TTTY17A,252949.0,Del0.8,0.23
X-4819,TTTY18,252950.0,Del0.8,0.26
X-4819,TTTY19,252952.0,Del0.8,0.26
X-4819,TTTY1B,100101116.0,Del0.8,0.23
X-4819,TTTY1B,100101116.0,Del0.8,0.11
X-4819,TTTY2,60439.0,Del0.8,0.23
X-4819,TTTY2,60439.0,Del0.8,0.11
X-4819,TTTY20,252951.0,Del0.8,0.12
X-4819,TTTY21,252953.0,Del0.8,0.23
X-4819,TTTY21,252953.0,Del0.8,0.26
X-4819,TTTY22,252954.0,Del0.8,0.23
X-4819,TTTY23,252955.0,Del0.8,0.23
X-4819,TTTY23,252955.0,Del0.8,0.11
X-4819,TTTY3,114760.0,Del0.8,0.23
X-4819,TTTY3,114760.0,Del0.8,0.23
X-4819,TTTY4,114761.0,Del0.8,0.23
X-4819,TTTY4,114761.0,Del0.8,0.23
X-4819,TTTY5,83863.0,Del0.8,0.23
X-4819,TTTY6,84672.0,Del0.8,0.23
X-4819,TTTY6,84672.0,Del0.8,0.23
X-4819,TTTY7,246122.0,Del0.8,0.26
X-4819,TTTY7,246122.0,Del0.8,0.23
X-4819,TTTY7B,100101120.0,Del0.8,0.23
X-4819,TTTY7B,100101120.0,Del0.8,0.26
X-4819,TTTY8,84673.0,Del0.8,0.26
X-4819,TTTY8,84673.0,Del0.8,0.23
X-4819,TTTY9A,83864.0,Del0.8,0.23
X-4819,TTTY9A,83864.0,Del0.8,0.23
X-4819,TUBA3D,113457.0,MutNovel,"I114N,1.000"
X-4819,TXLNG,55787.0,Del0.8,0.71
X-4819,TXLNG2P,246126.0,Del0.8,0.23
X-4819,UBA1,7317.0,Del0.8,0.71
X-4819,UBE2A,7319.0,Del0.8,0.71
X-4819,UBE2DNL,100131816.0,Del0.8,0.71
X-4819,UBE2J2,118424.0,MutNovel,"W50C,1.000"
X-4819,UBE2NL,389898.0,Del0.8,0.71
X-4819,UBL4A,8266.0,Del0.8,0.71
X-4819,UBQLN2,29978.0,Del0.8,0.71
X-4819,UPF3B,65109.0,Del0.8,0.71
X-4819,UPRT,139596.0,Del0.8,0.71
X-4819,UQCRBP1,442454.0,Del0.8,0.71
X-4819,USP11,8237.0,Del0.8,0.71
X-4819,USP17L2,377630.0,Del0.8,0.74
X-4819,USP26,83844.0,Del0.8,0.71
X-4819,USP27X,389856.0,Del0.8,0.71
X-4819,USP36,57602.0,MutNovel,"KKK958K,0.231"
X-4819,USP51,158880.0,Del0.8,0.71
X-4819,USP9X,8239.0,Del0.8,0.71
X-4819,USP9Y,8287.0,Del0.8,0.23
X-4819,UTP14A,10813.0,Del0.8,0.71
X-4819,UTY,7404.0,Del0.8,0.23
X-4819,UXT,8409.0,Del0.8,0.71
X-4819,VAMP7,6845.0,Del0.8,0.79
X-4819,VASN,114990.0,MutNovel,"R214H,0.500"
X-4819,VBP1,7411.0,Del0.8,0.71
X-4819,VCX,26609.0,Del0.8,0.7
X-4819,VCX2,51480.0,Del0.8,0.7
X-4819,VCX3A,51481.0,Del0.8,0.7
X-4819,VCX3B,425054.0,Del0.8,0.71
X-4819,VCY,9084.0,Del0.8,0.23
X-4819,VCY,9084.0,Del0.8,0.23
X-4819,VENTXP1,139538.0,Del0.8,0.71
X-4819,VGLL1,51442.0,Del0.8,0.71
X-4819,VMA21,203547.0,Del0.8,0.71
X-4819,VSIG1,340547.0,Del0.8,0.71
X-4819,VSIG4,11326.0,Del0.8,0.71
X-4819,VWDE,221806.0,MutNovel,"G800V,0.733"
X-4819,WAS,7454.0,Del0.8,0.71
X-4819,WBP5,51186.0,Del0.8,0.71
X-4819,WDR13,64743.0,Del0.8,0.71
X-4819,WDR44,54521.0,Del0.8,0.71
X-4819,WDR45,11152.0,Del0.8,0.71
X-4819,WDR61,80349.0,Amp5,5.43
X-4819,WIPF1,7456.0,MutNovel,"A16V,0.341"
X-4819,WISP1,8840.0,MutNovel,"T8K,0.714"
X-4819,WNK1,65125.0,Del0.8,0.65
X-4819,WNK3,65267.0,Del0.8,0.71
X-4819,WWC3,55841.0,Del0.8,0.71
X-4819,XAGE1A,653219.0,Del0.8,0.71
X-4819,XAGE1A,653219.0,Del0.8,0.71
X-4819,XAGE1C,653048.0,Del0.8,0.71
X-4819,XAGE1C,653048.0,Del0.8,0.71
X-4819,XAGE1E,,MutNovel,"K24N,0.375"
X-4819,XAGE2,9502.0,Del0.8,0.71
X-4819,XAGE2,9502.0,Del0.8,0.71
X-4819,XAGE3,170626.0,Del0.8,0.71
X-4819,XAGE5,170627.0,Del0.8,0.71
X-4819,XG,7499.0,Del0.8,0.7
X-4819,XGPY2,100132596.0,Del0.8,0.7
X-4819,XIAP,331.0,Del0.8,0.71
X-4819,XIST,7503.0,Del0.8,0.71
X-4819,XK,7504.0,Del0.8,0.71
X-4819,XKR5,389610.0,Del0.8,0.73
X-4819,XKR6,286046.0,Del0.8,0.74
X-4819,XKRX,402415.0,Del0.8,0.71
X-4819,XKRY2,353515.0,Del0.8,0.23
X-4819,XKRY2,353515.0,Del0.8,0.23
X-4819,XPNPEP2,7512.0,Del0.8,0.71
X-4819,YIPF6,286451.0,Del0.8,0.71
X-4819,YY2,404281.0,Del0.8,0.71
X-4819,ZBED1,9189.0,Del0.8,0.7
X-4819,ZBTB10,65986.0,MutNovel,"G157W,0.767"
X-4819,ZBTB33,10009.0,Del0.8,0.71
X-4819,ZBTB44,29068.0,MutNovel,"E65K,0.370"
X-4819,ZC3H12B,340554.0,Del0.8,0.71
X-4819,ZC4H2,55906.0,Del0.8,0.71
X-4819,ZCCHC12,170261.0,Del0.8,0.71
X-4819,ZCCHC13,389874.0,Del0.8,0.71
X-4819,ZCCHC16,340595.0,Del0.8,0.71
X-4819,ZCCHC18,644353.0,Del0.8,0.71
X-4819,ZCCHC5,203430.0,Del0.8,0.71
X-4819,ZCWPW2,152098.0,MutNovel,"W150S,0.250"
X-4819,ZDHHC15,158866.0,Del0.8,0.71
X-4819,ZDHHC9,51114.0,Del0.8,0.71
X-4819,ZFAND3,60685.0,Del0.8,0.7
X-4819,ZFHX2,85446.0,MutNovel,"L2227F,0.500"
X-4819,ZFP92,139735.0,Del0.8,0.71
X-4819,ZFX,7543.0,Del0.8,0.71
X-4819,ZFY,7544.0,Del0.8,0.31
X-4819,ZIC3,7547.0,Del0.8,0.71
X-4819,ZMAT1,84460.0,Del0.8,0.71
X-4819,ZMYM3,9203.0,Del0.8,0.71
X-4819,ZNF114,163071.0,MutNovel,"H378Y,1.000"
X-4819,ZNF157,7712.0,Del0.8,0.71
X-4819,ZNF182,7569.0,Del0.8,0.71
X-4819,ZNF185,7739.0,Del0.8,0.71
X-4819,ZNF275,10838.0,Del0.8,0.71
X-4819,ZNF280C,55609.0,Del0.8,0.71
X-4819,ZNF384,171017.0,MutNovel,"QQ514Q,0.361"
X-4819,ZNF407,55628.0,MutNovel,"G1563R,0.426"
X-4819,ZNF41,7592.0,Del0.8,0.71
X-4819,ZNF449,203523.0,Del0.8,0.71
X-4819,ZNF596,169270.0,Del0.8,0.77
X-4819,ZNF629,23361.0,MutNovel,"P101S,0.688"
X-4819,ZNF630,57232.0,Del0.8,0.71
X-4819,ZNF645,158506.0,Del0.8,0.71
X-4819,ZNF673,55634.0,Del0.8,0.71
X-4819,ZNF674,641339.0,Del0.8,0.71
X-4819,ZNF705D,728957.0,Del0.8,0.74
X-4819,ZNF705G,100131980.0,Del0.8,0.51
X-4819,ZNF711,7552.0,Del0.8,0.71
X-4819,ZNF747,65988.0,MutNovel,"G191S,0.500"
X-4819,ZNF75D,7626.0,Del0.8,0.71
X-4819,ZNF772,400720.0,MutNovel,"A4GP,0.455"
X-4819,ZNF81,347344.0,Del0.8,0.71
X-4819,ZRANB1,54764.0,MutKnownFunctional,"-709?,0.500"
X-4819,ZRANB3,84083.0,MutNovel,"A582S,0.867"
X-4819,ZRSR2,8233.0,Del0.8,0.71
X-4819,ZXDA,7789.0,Del0.8,0.71
X-4819,ZXDB,158586.0,Del0.8,0.71
X-5388,AATK,9625.0,MutNovel,"P1331PRP,0.733"
X-5388,AATK,9625.0,MutNovel,"R793S,0.355"
X-5388,ADAMTS7,11173.0,MutNovel,"A1104-,1.000"
X-5388,AGAP4,119016.0,MutNovel,"R545H,0.750"
X-5388,AGAP7,653268.0,MutNovel,"M442T,1.000"
X-5388,AK4,205.0,MutNovel,"R188Q,0.333"
X-5388,ANAPC1,64682.0,MutNovel,"L1089F,0.286"
X-5388,ANKRD36,375248.0,MutNovel,"A475T,0.391"
X-5388,ANKRD36,375248.0,MutNovel,"S547P,0.444"
X-5388,ANKRD36B,57730.0,MutNovel,"R30H,0.489"
X-5388,APC2,10297.0,MutNovel,"A2024V,1.000"
X-5388,APLP2,334.0,MutNovel,"E222D,0.212"
X-5388,ART5,116969.0,MutNovel,"-25P,1.000"
X-5388,ASMTL,8623.0,MutNovel,"H877Y,0.444"
X-5388,ATAD3C,219293.0,MutNovel,"I163T,1.000"
X-5388,ATM,472.0,MutNovel,"F858L,0.443"
X-5388,ATM,472.0,MutNovel,"P1054R,0.379"
X-5388,ATR,545.0,MutNovel,"I451V,0.577"
X-5388,B4GALNT4,338707.0,MutNovel,"R483P,0.291"
X-5388,C17orf70,80233.0,MutNovel,"L766F,0.695"
X-5388,C5orf30,90355.0,MutNovel,"K161N,0.400"
X-5388,C5orf65,389333.0,MutNovel,"P43A,0.647"
X-5388,CACNA1A,773.0,MutNovel,"Q2331-,1.000"
X-5388,CACNA2D2,9254.0,MutNovel,"L54F,0.667"
X-5388,CBX2,84733.0,MutKnownFunctional,"-154,0.414"
X-5388,CCDC61,729440.0,MutNovel,"E319D,1.000"
X-5388,CCDC66,285331.0,MutNovel,"S606SP,1.000"
X-5388,CD46,4179.0,MutNovel,"A353V,0.467"
X-5388,CKAP4,10970.0,MutNovel,"G77-,0.517"
X-5388,CLK2,1196.0,MutNovel,"R431C,0.440"
X-5388,CMBL,134147.0,MutNovel,"I126T,0.331"
X-5388,COL5A1,1289.0,MutNovel,"A1098T,0.367"
X-5388,CRIPAK,285464.0,MutNovel,"V164A,0.261"
X-5388,CSNK1G2,1455.0,MutNovel,"T355A,1.000"
X-5388,CTSA,5476.0,MutNovel,"L29-,0.500"
X-5388,CTSB,1508.0,MutNovel,"V129I,0.390"
X-5388,CXorf40B,541578.0,MutNovel,"A112V,0.850"
X-5388,DACT2,168002.0,MutNovel,"A73S,1.000"
X-5388,DAXX,1616.0,MutNovel,"L545Q,0.272"
X-5388,DCP1A,55802.0,MutNovel,"SAI482I,1.000"
X-5388,DEGS1,8560.0,MutNovel,"D9E,0.469"
X-5388,DENND4C,55667.0,MutNovel,"V1434D,0.360"
X-5388,DHRSX,207063.0,MutKnownFunctional,"R673*,0.693"
X-5388,DICER1,23405.0,MutLikelyFunctional,"E1813K,0.876"
X-5388,DUS1L,64118.0,MutNovel,"E348-,0.227"
X-5388,EBLN1,340900.0,MutNovel,"L143LL,0.357"
X-5388,EDN3,1908.0,MutNovel,"ETVAGPGE48-,0.503"
X-5388,EIF2AK1,27102.0,MutNovel,"E32K,0.693"
X-5388,ELK4,2005.0,MutNovel,"S287P,0.539"
X-5388,EP400,57634.0,MutNovel,"Q2726E,0.215"
X-5388,FAM153A,285596.0,MutNovel,"V186G,1.000"
X-5388,FAM153B,202134.0,MutNovel,"L145F,1.000"
X-5388,FAM153B,202134.0,MutNovel,"V186G,1.000"
X-5388,FAM171B,165215.0,MutNovel,"-50Q,0.802"
X-5388,FAM190A,401145.0,MutNovel,"Q683L,0.286"
X-5388,FAM83D,81610.0,MutNovel,"A110-,0.492"
X-5388,FAM86B1,85002.0,MutNovel,"V246M,0.229"
X-5388,FAM91A1,157769.0,MutNovel,"I262V,0.286"
X-5388,FBXL17,64839.0,MutNovel,"R27Q,0.667"
X-5388,FOXD1,2297.0,MutNovel,"A88G,0.984"
X-5388,FOXD4L3,286380.0,MutNovel,"A254R,0.500"
X-5388,FOXD4L3,286380.0,MutNovel,"L268P,1.000"
X-5388,FOXO3,2309.0,MutNovel,"S26C,0.235"
X-5388,FOXO3,2309.0,MutNovel,"IGG79I,0.762"
X-5388,FRAT2,23401.0,MutNovel,"V69A,1.000"
X-5388,GAS1,2619.0,MutNovel,"G320C,0.396"
X-5388,GGT2,,MutNovel,"T555M,0.587"
X-5388,GGT2,,MutNovel,"R535W,0.545"
X-5388,GGT2,,MutNovel,"L460P,0.289"
X-5388,GIGYF2,26058.0,MutNovel,"PQ1231P,1.000"
X-5388,GLI2,2736.0,MutNovel,"V223M,0.562"
X-5388,GOLGA8A,23015.0,MutNovel,"R81W,0.545"
X-5388,GOLGA8B,440270.0,MutNovel,"R81W,0.328"
X-5388,GPR137C,283554.0,MutNovel,"S27G,1.000"
X-5388,GPR3,2827.0,MutNovel,"S191Y,1.000"
X-5388,GPSM1,26086.0,MutNovel,"V8L,0.391"
X-5388,GPX1,2876.0,MutNovel,"R5P,0.413"
X-5388,GRB14,2888.0,MutKnownFunctional,"-297?,0.667"
X-5388,GTF2IRD2B,389524.0,MutNovel,"G211S,0.323"
X-5388,GTF2IRD2B,389524.0,MutNovel,"P212T,0.429"
X-5388,HBS1L,10767.0,MutKnownFunctional,"-627?,0.543"
X-5388,HEG1,57493.0,MutNovel,"S154L,0.610"
X-5388,HELB,92797.0,MutNovel,"V923G,0.667"
X-5388,HERC2,8924.0,MutNovel,"A2439D,0.308"
X-5388,HIP1,3092.0,MutNovel,"E477K,0.606"
X-5388,HLA-B,3106.0,MutNovel,"Q168K,0.857"
X-5388,HLA-C,3107.0,MutNovel,"A182V,0.780"
X-5388,HLA-C,3107.0,MutNovel,"R175Y,0.857"
X-5388,HLA-G,3135.0,MutNovel,"A182V,1.000"
X-5388,HMCN1,83872.0,MutNovel,"G441E,0.458"
X-5388,HOMEZ,57594.0,MutNovel,"EDD537D,0.914"
X-5388,HOMEZ,57594.0,MutNovel,"EEE535E,0.897"
X-5388,HSD17B10,3028.0,MutNovel,"I182M,0.576"
X-5388,IFT172,26160.0,MutNovel,"R833C,0.370"
X-5388,KALRN,8997.0,MutNovel,"S259R,0.476"
X-5388,KBTBD7,84078.0,MutNovel,"V7A,0.702"
X-5388,KDM6A,7403.0,MutNovel,"-14A,0.353"
X-5388,KIAA0146,23514.0,MutNovel,"G4D,0.533"
X-5388,KIAA1211,57482.0,MutNovel,"A303AERR,0.207"
X-5388,KIAA1429,25962.0,MutNovel,"EE260E,0.563"
X-5388,KIF4B,285643.0,MutNovel,"S284G,1.000"
X-5388,LGMN,5641.0,MutNovel,"N59S,0.346"
X-5388,LNX2,222484.0,MutNovel,"S440RA,0.500"
X-5388,LOC100128905,,MutNovel,"S112R,0.667"
X-5388,LOC100128905,,MutNovel,"G188R,0.389"
X-5388,LOC100132247,100132247.0,MutNovel,"S1066L,1.000"
X-5388,LOC100287837,,MutNovel,"E5ER,0.561"
X-5388,LOC100506504,,MutNovel,"R86C,1.000"
X-5388,LOC100507003,100507003.0,MutNovel,"R54P,1.000"
X-5388,LOXL1,4016.0,MutNovel,"VPPP260V,0.235"
X-5388,LRRC24,441381.0,MutNovel,"A21T,0.791"
X-5388,LRWD1,222229.0,MutNovel,"P563A,0.376"
X-5388,MAGEA2B,,MutNovel,"I279V,0.600"
X-5388,MAP1A,4130.0,MutNovel,"R2716H,0.320"
X-5388,MAP3K4,4216.0,MutNovel,"PA1189P,1.000"
X-5388,MAPK8IP1,9479.0,MutNovel,"R239H,0.713"
X-5388,MAPKAPK2,9261.0,MutNovel,"T25A,0.667"
X-5388,MARK3,4140.0,MutNovel,"A516AD,0.719"
X-5388,MEGF10,84466.0,MutNovel,"N944S,0.258"
X-5388,MIXL1,83881.0,MutNovel,"A53P,1.000"
X-5388,MPRIP,23164.0,MutNovel,"TS178T,1.000"
X-5388,MSRB2,22921.0,MutNovel,"G26A,0.628"
X-5388,MUC6,4588.0,MutNovel,"S1958T,1.000"
X-5388,MXRA5,25878.0,MutNovel,"A2622V,1.000"
X-5388,MXRA8,54587.0,MutNovel,"A41T,0.500"
X-5388,MYO9A,4649.0,MutNovel,"R1713G,0.317"
X-5388,NAIP,4671.0,MutNovel,"P384S,0.417"
X-5388,NARG2,79664.0,MutNovel,"Q469R,0.579"
X-5388,NBPF1,55672.0,MutNovel,"R656Q,0.214"
X-5388,NBPF1,55672.0,MutNovel,"H100Y,0.259"
X-5388,NBPF14,25832.0,MutNovel,"NS843KG,0.250"
X-5388,NBPF14,25832.0,MutNovel,"C142F,0.375"
X-5388,NBPF14,25832.0,MutNovel,"V107A,0.281"
X-5388,NCOR2,9612.0,MutNovel,"G1839GAAA,0.991"
X-5388,NCR3LG1,,MutNovel,"S414L,0.875"
X-5388,NF1,4763.0,MutNovel,"A74G,0.256"
X-5388,NFE2L3,9603.0,MutNovel,"G129GA,0.688"
X-5388,NID1,4811.0,MutNovel,"R774Q,0.432"
X-5388,NPB,256933.0,MutNovel,"R79K,0.500"
X-5388,NR1H2,7376.0,MutNovel,"-173Q,1.000"
X-5388,NUDT11,55190.0,MutKnownFunctional,"-1,1.000"
X-5388,NUP155,9631.0,MutNovel,"G944S,0.245"
X-5388,NUP188,23511.0,MutNovel,"T601M,0.346"
X-5388,OAT,4942.0,MutNovel,"V88I,0.208"
X-5388,OCLN,100506658.0,MutNovel,"R335Q,0.529"
X-5388,OGG1,4968.0,MutNovel,"S373P,0.505"
X-5388,OLFML2B,25903.0,MutNovel,"R347W,0.426"
X-5388,OR3A1,4994.0,MutNovel,"Y221C,1.000"
X-5388,ORAI1,84876.0,MutNovel,"PP43-,1.000"
X-5388,OSBPL11,114885.0,MutNovel,"S475T,0.250"
X-5388,P2RY8,286530.0,MutNovel,"L1526V,1.000"
X-5388,P2RY8,286530.0,MutKnownFunctional,"-1417,1.000"
X-5388,P2RY8,286530.0,MutKnownFunctional,"-1371?,1.000"
X-5388,PABPC3,5042.0,MutKnownFunctional,"-228,1.000"
X-5388,PABPC3,5042.0,MutKnownFunctional,"-336,0.533"
X-5388,PALLD,23022.0,MutNovel,"-113P,0.383"
X-5388,PCDHA10,56139.0,MutNovel,"I825F,1.000"
X-5388,PCDHB10,56126.0,MutNovel,"E684Q,0.500"
X-5388,PCDHB2,56133.0,MutNovel,"S540F,0.700"
X-5388,PDE4DIP,9659.0,MutNovel,"R855Q,0.370"
X-5388,PDP2,57546.0,MutNovel,"D239Y,1.000"
X-5388,PDZD2,23037.0,MutNovel,"R958H,0.611"
X-5388,PHF3,23469.0,MutNovel,"V367I,0.717"
X-5388,PHLDA1,22822.0,MutNovel,"QQ194Q,1.000"
X-5388,PIEZO1,9780.0,MutNovel,"G279S,1.000"
X-5388,PINK1,65018.0,MutNovel,"G23S,0.558"
X-5388,PKD1,5310.0,MutNovel,"W683R,0.252"
X-5388,PLBD1,79887.0,MutNovel,"V30L,0.552"
X-5388,PLCD3,113026.0,MutKnownFunctional,"-541?,1.000"
X-5388,PNMA1,9240.0,MutNovel,"-340R,1.000"
X-5388,POLA1,5422.0,MutNovel,"Q74H,1.000"
X-5388,POLE,5426.0,MutNovel,"G1482R,0.225"
X-5388,POLG,5428.0,MutNovel,"Q43R,0.553"
X-5388,PPID,5481.0,MutKnownFunctional,"G25*,0.446"
X-5388,PPOX,5498.0,MutNovel,"E177K,0.277"
X-5388,PPP1R35,221908.0,MutNovel,"S12-,0.384"
X-5388,PPP2R3B,28227.0,MutNovel,"GG673G,0.471"
X-5388,PPP2R3B,28227.0,MutNovel,"L589S,0.367"
X-5388,PPP2R3B,28227.0,MutNovel,"R546H,0.423"
X-5388,PPP6R1,22870.0,MutNovel,"G634V,0.386"
X-5388,PTPN12,5782.0,MutNovel,"N486S,0.422"
X-5388,PTPN12,5782.0,MutNovel,"N493I,0.468"
X-5388,PUM1,9698.0,MutNovel,"G253S,1.000"
X-5388,RARS2,57038.0,MutNovel,"D264G,0.736"
X-5388,RARS2,57038.0,MutNovel,"K158-,0.500"
X-5388,RBMX,27316.0,MutKnownFunctional,"-1,0.972"
X-5388,RECQL4,9401.0,MutNovel,"S92L,0.204"
X-5388,RIN3,79890.0,MutNovel,"G967-,0.525"
X-5388,RNASEL,6041.0,MutNovel,"Y530C,0.750"
X-5388,RNF217,154214.0,MutNovel,"A223T,0.727"
X-5388,RNPEPL1,57140.0,MutNovel,"G112E,0.596"
X-5388,RPL14,9045.0,MutNovel,"GT148G,0.585"
X-5388,RRBP1,6238.0,MutNovel,"L930P,0.480"
X-5388,RUFY1,80230.0,MutNovel,"C8S,0.828"
X-5388,SCAF1,58506.0,MutNovel,"RRSRS572R,1.000"
X-5388,SCNN1D,6339.0,MutNovel,"P165S,0.750"
X-5388,SCYL2,55681.0,MutNovel,"K674N,0.432"
X-5388,SERINC2,347735.0,MutNovel,"-373Q,1.000"
X-5388,SF3B2,10992.0,MutNovel,"P9S,0.368"
X-5388,SH3TC1,54436.0,MutNovel,"F162S,0.667"
X-5388,SLITRK5,26050.0,MutNovel,"K596Q,0.667"
X-5388,SMC6,79677.0,MutNovel,"L967P,0.485"
X-5388,SMG7,9887.0,MutNovel,"Y356YN,0.492"
X-5388,SNAPC4,6621.0,MutNovel,"S542-,0.500"
X-5388,SPTAN1,6709.0,MutNovel,"E2377K,0.384"
X-5388,SPTBN2,6712.0,MutNovel,"A1981T,0.768"
X-5388,STARD9,57519.0,MutNovel,"S4405P,0.589"
X-5388,SUMF2,25870.0,MutNovel,"A237V,0.598"
X-5388,TBP,6908.0,MutNovel,"-64Q,1.000"
X-5388,THOP1,7064.0,MutNovel,"S635G,1.000"
X-5388,TIGD1,200765.0,MutNovel,"S164I,0.426"
X-5388,TLK2,11011.0,MutNovel,"R262Q,0.251"
X-5388,TLR2,7097.0,MutNovel,"F544L,0.344"
X-5388,TMBIM4,51643.0,MutKnownFunctional,"-174?,0.628"
X-5388,TMEM177,80775.0,MutNovel,"T85I,0.570"
X-5388,TMEM189-UBE2V1,387522.0,MutNovel,"NW6KG,1.000"
X-5388,TMEM64,169200.0,MutNovel,"P42Q,0.818"
X-5388,TMEM87B,84910.0,MutNovel,"V8L,0.308"
X-5388,TNFAIP6,7130.0,MutKnownFunctional,"-278,1.000"
X-5388,TP53,7157.0,MutLikelyFunctional,"G244D,0.992"
X-5388,TSC22D1,8848.0,MutNovel,"QQ506Q,0.622"
X-5388,TSPYL1,7259.0,MutNovel,"V176VW,0.223"
X-5388,TULP4,56995.0,MutNovel,"V1307M,0.375"
X-5388,UAP1L1,91373.0,MutNovel,"W23G,0.364"
X-5388,UBE2J2,118424.0,MutNovel,"K46E,0.429"
X-5388,UHRF1BP1L,23074.0,MutNovel,"M668I,0.205"
X-5388,UNK,85451.0,MutNovel,"P5A,0.624"
X-5388,UNK,85451.0,MutNovel,"T35S,0.641"
X-5388,VASN,114990.0,MutNovel,"A589V,1.000"
X-5388,WDR27,253769.0,MutNovel,"R545C,0.368"
X-5388,WDR86,349136.0,MutNovel,"R356H,0.606"
X-5388,ZC3H18,124245.0,MutNovel,"QRE414Q,1.000"
X-5388,ZDHHC11,79844.0,MutNovel,"V228L,0.400"
X-5388,ZDHHC11,79844.0,MutNovel,"V193I,0.556"
X-5388,ZNF219,51222.0,MutNovel,"QPP233P,0.477"
X-5388,ZNF286B,729288.0,MutNovel,"A49ARRR,1.000"
X-5388,ZNF394,84124.0,MutNovel,"A184T,0.526"
X-5388,ZNF414,84330.0,MutNovel,"P352A,1.000"
X-5388,ZNF414,84330.0,MutNovel,"V317M,0.444"
X-5388,ZNF444,55311.0,MutNovel,"H229HPGS,0.292"
X-5388,ZNF444,55311.0,MutNovel,"P315Q,0.580"
X-5388,ZNF479,90827.0,MutNovel,"T466K,1.000"
X-5388,ZNF479,90827.0,MutNovel,"A445V,0.214"
X-5388,ZNF479,90827.0,MutNovel,"C129R,0.500"
X-5388,ZNF568,374900.0,MutKnownFunctional,"-435?,1.000"
X-5388,ZNF595,152687.0,MutNovel,"A522D,0.374"
X-5388,ZNF732,654254.0,MutNovel,"A24D,0.268"
X-5388,ZNF814,730051.0,MutNovel,"H296HI,0.800"
X-1655,AADAT,51166.0,Del0.8,0.74
X-1655,ABCB9,23457.0,MutNovel,"V504M,0.387"
X-1655,ABR,29.0,MutNovel,"P18T,1.000"
X-1655,ACP2,53.0,Del0.8,0.61
X-1655,ACSL1,2180.0,Del0.8,0.73
X-1655,ADAM29,11086.0,Del0.8,0.2
X-1655,ADAM3A,1587.0,Del0.8,0.71
X-1655,ADAM6,8755.0,Amp5,6.96
X-1655,AGA,175.0,Del0.8,0.77
X-1655,AGBL2,79841.0,Del0.8,0.64
X-1655,AMELY,266.0,Del0.8,0.14
X-1655,ANKRD30B,374860.0,MutNovel,"F708L,0.400"
X-1655,ANKRD37,353322.0,Del0.8,0.73
X-1655,ANP32C,23520.0,Del0.8,0.75
X-1655,ANXA10,11199.0,Del0.8,0.71
X-1655,ANXA2P1,303.0,Del0.8,0.74
X-1655,ARFGAP2,84364.0,Del0.8,0.61
X-1655,ARFIP1,27236.0,Del0.8,0.74
X-1655,ARL6IP5,10550.0,Amp8,13.93
X-1655,ASB5,140458.0,Del0.8,0.77
X-1655,ASL,435.0,Amp5,5.66
X-1655,BAZ2B,29994.0,MutNovel,"S538T,0.500"
X-1655,BCORP1,286554.0,Del0.8,0.14
X-1655,BPY2B,442867.0,Del0.8,0.14
X-1655,BPY2B,442867.0,Del0.8,0.14
X-1655,C12orf57,113246.0,MutNovel,"ND45N,0.408"
X-1655,C1QTNF4,114900.0,Del0.8,0.61
X-1655,C4orf27,54969.0,Del0.8,0.74
X-1655,C4orf45,152940.0,Del0.8,0.64
X-1655,C4orf46,201725.0,Del0.8,0.74
X-1655,C4orf47,441054.0,Del0.8,0.73
X-1655,CAMTA2,23125.0,MutNovel,"H613R,1.000"
X-1655,CASP3,836.0,Del0.8,0.73
X-1655,CBR4,84869.0,Del0.8,0.71
X-1655,CCDC110,256309.0,Del0.8,0.73
X-1655,CCDC111,201973.0,Del0.8,0.73
X-1655,CCDC144B,284047.0,Del0.8,0.65
X-1655,CCT6P1,643253.0,Amp5,5.66
X-1655,CCT6P3,643180.0,Amp5,5.66
X-1655,CDKN2AIP,55602.0,Del0.8,0.73
X-1655,CDRT7,94150.0,Del0.8,0.69
X-1655,CDY1B,253175.0,Del0.8,0.14
X-1655,CDY1B,253175.0,Del0.8,0.14
X-1655,CDY2A,9426.0,Del0.8,0.14
X-1655,CDY2A,9426.0,Del0.8,0.14
X-1655,CDY2B,203611.0,Del0.8,0.14
X-1655,CDY2B,203611.0,Del0.8,0.14
X-1655,CELF1,10658.0,Del0.8,0.61
X-1655,CEP350,9857.0,MutNovel,"D59N,0.500"
X-1655,CEP44,80817.0,Del0.8,0.75
X-1655,CFHR3,10878.0,Amp5,6.59
X-1655,CHFR,55743.0,MutNovel,"A327S,0.684"
X-1655,CLCN3,1182.0,Del0.8,0.74
X-1655,CLDN22,53842.0,Del0.8,0.73
X-1655,CLDN24,100132463.0,Del0.8,0.73
X-1655,CNTN3,5067.0,Amp8,9.58
X-1655,CNTN5,53942.0,Del0.8,0.76
X-1655,COPS3,8533.0,Del0.8,0.73
X-1655,COPZ2,51226.0,MutNovel,"S143N,0.487"
X-1655,COPZ2,51226.0,MutKnownFunctional,"-6?,1.000"
X-1655,CPE,1363.0,Del0.8,0.75
X-1655,CRCP,27297.0,Amp5,5.66
X-1655,CSPG4P1Y,114758.0,Del0.8,0.14
X-1655,CSPG4P1Y,114758.0,Del0.8,0.14
X-1655,CSPG5,10675.0,MutNovel,"G116D,0.875"
X-1655,CTSF,8722.0,MutNovel,"M409I,0.431"
X-1655,CTSO,1519.0,Del0.8,0.74
X-1655,CYB5R4,51167.0,MutKnownFunctional,"-245?,0.273"
X-1655,CYP4V2,285440.0,Del0.8,0.73
X-1655,DAZ1,1617.0,Del0.8,0.14
X-1655,DAZ2,57055.0,Del0.8,0.14
X-1655,DAZ3,57054.0,Del0.8,0.14
X-1655,DAZ3,57054.0,Del0.8,0.14
X-1655,DAZ4,57135.0,Del0.8,0.14
X-1655,DAZ4,57135.0,Del0.8,0.14
X-1655,DCAF4,26094.0,MutNovel,"F340L,0.556"
X-1655,DCHS2,54798.0,Del0.8,0.74
X-1655,DCTD,1635.0,Del0.8,0.73
X-1655,DDB2,1643.0,Del0.8,0.61
X-1655,DDX3Y,8653.0,Del0.8,0.14
X-1655,DDX49,54555.0,MutNovel,"G457D,0.453"
X-1655,DDX60,55601.0,Del0.8,0.71
X-1655,DDX60L,91351.0,Del0.8,0.71
X-1655,DHCR24,1718.0,MutNovel,"R462H,0.241"
X-1655,DKFZP434I0714,54553.0,Del0.8,0.74
X-1655,DPYSL4,10570.0,MutNovel,"D111N,0.692"
X-1655,EBLN2,55096.0,Amp5,7.46
X-1655,EEF2,1938.0,MutNovel,"E627K,0.522"
X-1655,EIF1AY,9086.0,Del0.8,0.14
X-1655,EIF4E3,317649.0,Amp5,7.46
X-1655,ENPP6,133121.0,Del0.8,0.73
X-1655,EPN2,22905.0,Del0.8,0.73
X-1655,ERV3-1,2086.0,Amp5,5.66
X-1655,ETFDH,2110.0,Del0.8,0.74
X-1655,ETS1,2113.0,MutNovel,"D72G,0.523"
X-1655,F11,2160.0,Del0.8,0.73
X-1655,FAM106A,80039.0,Del0.8,0.46
X-1655,FAM120B,84498.0,MutNovel,"V367M,0.211"
X-1655,FAM149A,25854.0,Del0.8,0.73
X-1655,FAM171B,165215.0,MutNovel,"-50Q,0.600"
X-1655,FAM180B,399888.0,Del0.8,0.61
X-1655,FAM197Y2P,252946.0,Del0.8,0.14
X-1655,FAM198B,51313.0,Del0.8,0.74
X-1655,FAM19A1,407738.0,Amp8,12.55
X-1655,FAM19A4,151647.0,Amp8,13.93
X-1655,FAM41AY1,340618.0,Del0.8,0.14
X-1655,FAM41AY1,340618.0,Del0.8,0.14
X-1655,FAT1,2195.0,Del0.8,0.73
X-1655,FBXO8,26269.0,Del0.8,0.75
X-1655,FEM1B,10116.0,MutNovel,"I299V,0.655"
X-1655,FGA,2243.0,Del0.8,0.74
X-1655,FGB,2244.0,Del0.8,0.74
X-1655,FGG,2266.0,Del0.8,0.74
X-1655,FHDC1,85462.0,Del0.8,0.74
X-1655,FLCN,201163.0,Del0.8,0.73
X-1655,FLJ27352,145788.0,MutNovel,"K9E,0.750"
X-1655,FNBP4,23360.0,Del0.8,0.64
X-1655,FNIP2,57600.0,Del0.8,0.74
X-1655,FOLH1,2346.0,Del0.8,0.78
X-1655,FOPNL,123811.0,MutKnownFunctional,"-44,0.338"
X-1655,FOXA1,3169.0,Del0.8,0.14
X-1655,FOXO3,2309.0,MutNovel,"A52V,1.000"
X-1655,FOXP1,27086.0,Amp8,11.55
X-1655,FRMD4B,23150.0,Amp8,13.93
X-1655,FSTL5,56884.0,Del0.8,0.75
X-1655,FUCA2,2519.0,MutNovel,"-22CC,0.651"
X-1655,GAGE2A,729447.0,MutNovel,"Q56K,0.734"
X-1655,GALNT7,51809.0,Del0.8,0.75
X-1655,GCSH,2653.0,MutNovel,"A18V,1.000"
X-1655,GDF11,10220.0,MutNovel,"V55A,0.261"
X-1655,GIGYF2,26058.0,MutNovel,"PQ1231P,0.312"
X-1655,GK3P,2713.0,Del0.8,0.75
X-1655,GLRA3,8001.0,Del0.8,0.19
X-1655,GLRB,2743.0,Del0.8,0.74
X-1655,GMPPB,29925.0,MutNovel,"I33S,0.613"
X-1655,GOLGA2P2Y,84559.0,Del0.8,0.14
X-1655,GOLGA2P2Y,84559.0,Del0.8,0.14
X-1655,GPM6A,2823.0,Del0.8,0.18
X-1655,GPR27,2850.0,Amp5,7.46
X-1655,GPR83,10888.0,Del0.8,0.66
X-1655,GRIA2,2891.0,Del0.8,0.74
X-1655,GUCY1A3,2982.0,Del0.8,0.74
X-1655,GUCY1B3,2983.0,Del0.8,0.74
X-1655,GUSB,2990.0,Amp5,5.66
X-1655,GXYLT2,727936.0,Amp5,7.46
X-1655,GYG2P1,352887.0,Del0.8,0.14
X-1655,HAND2,9464.0,Del0.8,0.75
X-1655,HELT,391723.0,Del0.8,0.73
X-1655,HERC2,8924.0,MutNovel,"T2109S,0.231"
X-1655,HLA-G,3135.0,MutNovel,"T91I,0.294"
X-1655,HLA-G,3135.0,MutNovel,"T91M,0.294"
X-1655,HMGB2,3148.0,Del0.8,0.75
X-1655,HPGD,3248.0,Del0.8,0.19
X-1655,HRNR,388697.0,MutNovel,"V1753A,1.000"
X-1655,HS3ST3B1,9953.0,Del0.8,0.69
X-1655,HSFY2,159119.0,Del0.8,0.14
X-1655,HSFY2,159119.0,Del0.8,0.14
X-1655,HSP90AA4P,3323.0,Del0.8,0.75
X-1655,HSP90AA6P,441051.0,Del0.8,0.74
X-1655,HSPG2,3339.0,MutNovel,"E3734K,0.399"
X-1655,HYDIN,54768.0,MutNovel,"G2557E,1.000"
X-1655,IFNGR1,3459.0,Del0.8,0.12
X-1655,IL20RA,53832.0,Del0.8,0.11
X-1655,IL22RA2,116379.0,Del0.8,0.11
X-1655,INCENP,3619.0,MutNovel,"R577C,0.373"
X-1655,ING2,3622.0,Del0.8,0.73
X-1655,INPP5E,56623.0,MutNovel,"T392R,0.735"
X-1655,INTS4L2,644619.0,Amp5,5.66
X-1655,IQSEC1,9922.0,MutNovel,"I939L,0.462"
X-1655,IRF2,3660.0,Del0.8,0.73
X-1655,JAK2,3717.0,Del0.8,0.74
X-1655,KBTBD4,55709.0,Del0.8,0.61
X-1655,KBTBD8,84541.0,Amp8,13.83
X-1655,KCNN3,3782.0,MutNovel,"-81SS,0.367"
X-1655,KCTD7,154881.0,Amp8,8.82
X-1655,KDM5D,8284.0,Del0.8,0.14
X-1655,KIAA0240,23506.0,MutNovel,"S945C,0.556"
X-1655,KIAA0922,23240.0,Del0.8,0.74
X-1655,KIAA1430,57587.0,Del0.8,0.73
X-1655,KIF18A,81930.0,Del0.8,0.55
X-1655,KIT,3815.0,MutNovel,"N822K,0.907"
X-1655,KLHL2,11275.0,Del0.8,0.75
X-1655,KLKB1,3818.0,Del0.8,0.73
X-1655,KRT10,3858.0,MutNovel,"HGGG487-,0.500"
X-1655,KRTAP19-3,337970.0,MutNovel,"L35R,1.000"
X-1655,KRTAP19-3,337970.0,MutNovel,"R33C,1.000"
X-1655,KRTAP19-3,337970.0,MutNovel,"C29G,0.231"
X-1655,LGALS9C,654346.0,Del0.8,0.46
X-1655,LINC00174,285908.0,Amp8,12.13
X-1655,LINC00290,728081.0,Del0.8,0.73
X-1655,LMOD3,56203.0,Amp8,13.93
X-1655,LOC100132247,100132247.0,MutNovel,"P343S,0.294"
X-1655,LOC100132247,100132247.0,MutNovel,"C345H,0.250"
X-1655,LOC100505989,100505989.0,Del0.8,0.75
X-1655,LOC100506013,100506013.0,Del0.8,0.75
X-1655,LOC100506085,100506085.0,Del0.8,0.74
X-1655,LOC100506122,100506122.0,Del0.8,0.74
X-1655,LOC100506229,100506229.0,Del0.8,0.73
X-1655,LOC201617,201617.0,Amp5,7.46
X-1655,LOC285441,285441.0,Del0.8,0.73
X-1655,LOC285501,285501.0,Del0.8,0.77
X-1655,LOC339975,339975.0,Del0.8,0.73
X-1655,LOC340017,340017.0,Del0.8,0.74
X-1655,LOC389247,389247.0,Del0.8,0.73
X-1655,LOC401074,401074.0,Amp5,6.28
X-1655,LOC401164,401164.0,Del0.8,0.75
X-1655,LOC440040,440040.0,Del0.8,0.78
X-1655,LOC440434,440434.0,Del0.8,0.57
X-1655,LOC441242,441242.0,Amp5,5.66
X-1655,LOC441601,441601.0,Del0.8,0.78
X-1655,LOC493754,493754.0,Amp8,8.82
X-1655,LOC641746,641746.0,Amp5,5.66
X-1655,LOC646813,646813.0,Del0.8,0.78
X-1655,LOC649395,649395.0,Amp5,7.01
X-1655,LOC728175,728175.0,Del0.8,0.73
X-1655,LOC731424,731424.0,Del0.8,0.73
X-1655,LRAT,9227.0,Del0.8,0.74
X-1655,LRIG1,26018.0,Amp8,12.91
X-1655,LRP2BP,55805.0,Del0.8,0.73
X-1655,LSR,51599.0,MutNovel,"G518GR,0.833"
X-1655,MADD,8567.0,Del0.8,0.61
X-1655,MAGEC1,9947.0,MutNovel,"D557E,0.273"
X-1655,MAGI1,9223.0,Amp5,5.35
X-1655,MAP3K5,4217.0,Del0.8,0.51
X-1655,MAP9,79884.0,Del0.8,0.74
X-1655,MAPK8IP2,23542.0,MutNovel,"A378G,0.347"
X-1655,2014-03-01 00:00:00,55016.0,Del0.8,0.75
X-1655,MBTD1,54799.0,MutNovel,"K276R,0.667"
X-1655,MEF2A,4205.0,MutNovel,"QQ412-,0.269"
X-1655,METTL15,196074.0,Del0.8,0.54
X-1655,MFAP3L,9848.0,Del0.8,0.74
X-1655,MGAM,8972.0,MutNovel,"K1059N,1.000"
X-1655,MGC12916,84815.0,Del0.8,0.69
X-1655,MGC45800,90768.0,Del0.8,0.73
X-1655,MID2,11043.0,MutNovel,"R223C,0.375"
X-1655,MIPOL1,145282.0,Del0.8,0.26
X-1655,MIR1284,100302112.0,Amp5,7.46
X-1655,MIR1305,100302270.0,Del0.8,0.73
X-1655,MIR1324,100302212.0,Amp5,6.28
X-1655,MIR3136,100422859.0,Amp8,13.93
X-1655,MIR3688-1,100500881.0,Del0.8,0.75
X-1655,MIR3688-2,100616303.0,Del0.8,0.75
X-1655,MIR3945,100500818.0,Del0.8,0.73
X-1655,MIR4272,100422941.0,Amp8,13.83
X-1655,MIR4273,100422955.0,Amp5,6.28
X-1655,MIR4276,100423042.0,Del0.8,0.16
X-1655,MIR4650-1,100616310.0,Amp8,8.82
X-1655,MIR578,693163.0,Del0.8,0.75
X-1655,MIR610,693195.0,Del0.8,0.21
X-1655,MITF,4286.0,Amp8,14.83
X-1655,MLF1IP,79682.0,Del0.8,0.73
X-1655,MND1,84057.0,Del0.8,0.74
X-1655,MSMO1,6307.0,Del0.8,0.75
X-1655,MTCH2,23788.0,Del0.8,0.73
X-1655,MTNR1A,4543.0,Del0.8,0.73
X-1655,MUC7,4589.0,MutNovel,"P177Q,0.429"
X-1655,MUC7,4589.0,MutNovel,"A237V,0.667"
X-1655,MXRA7,439921.0,MutNovel,"A13S,0.476"
X-1655,MYBPC3,4607.0,Del0.8,0.61
X-1655,NAF1,92345.0,Del0.8,0.75
X-1655,NANOS1,340719.0,MutNovel,"P34T,1.000"
X-1655,NBLA00301,79804.0,Del0.8,0.75
X-1655,NBPF9,400818.0,MutNovel,"Q184R,1.000"
X-1655,NCOA3,8202.0,MutNovel,"Q1255-,0.231"
X-1655,NCOR2,9612.0,MutNovel,"G1839GAAA,0.511"
X-1655,NCRNA00185,55410.0,Del0.8,0.14
X-1655,NDUFS3,4722.0,Del0.8,0.61
X-1655,NEIL3,55247.0,Del0.8,0.77
X-1655,NEK1,4750.0,Del0.8,0.74
X-1655,NHEG1,100294720.0,Del0.8,0.12
X-1655,NLGN4Y,22829.0,Del0.8,0.14
X-1655,NPHS1,4868.0,Del0.8,0.78
X-1655,NPY1R,4886.0,Del0.8,0.75
X-1655,NPY2R,4887.0,Del0.8,0.74
X-1655,NPY5R,4889.0,Del0.8,0.75
X-1655,NR1H2,7376.0,MutNovel,"-173Q,0.872"
X-1655,NR1H3,10062.0,Del0.8,0.61
X-1655,NUP160,23279.0,Del0.8,0.64
X-1655,ODZ3,55714.0,Del0.8,0.73
X-1655,OR10AG1,282770.0,Del0.8,0.73
X-1655,OR2C1,4993.0,Del0.8,0.75
X-1655,OR4A15,81328.0,Del0.8,0.69
X-1655,OR4A16,81327.0,Del0.8,0.69
X-1655,OR4A5,81318.0,Del0.8,0.69
X-1655,OR4B1,119765.0,Del0.8,0.64
X-1655,OR4C11,219429.0,Del0.8,0.69
X-1655,OR4C12,283093.0,Del0.8,0.78
X-1655,OR4C13,283092.0,Del0.8,0.78
X-1655,OR4C15,81309.0,Del0.8,0.69
X-1655,OR4C16,219428.0,Del0.8,0.69
X-1655,OR4C3,256144.0,Del0.8,0.64
X-1655,OR4C46,119749.0,Del0.8,0.69
X-1655,OR4C6,219432.0,Del0.8,0.19
X-1655,OR4P4,81300.0,Del0.8,0.19
X-1655,OR4S1,256148.0,Del0.8,0.64
X-1655,OR4S2,219431.0,Del0.8,0.19
X-1655,OR4X1,390113.0,Del0.8,0.64
X-1655,OR4X2,119764.0,Del0.8,0.64
X-1655,OR5AK2,390181.0,Del0.8,0.73
X-1655,OR5AK4P,219525.0,Del0.8,0.73
X-1655,OR5AP2,338675.0,Del0.8,0.73
X-1655,OR5AR1,219493.0,Del0.8,0.73
X-1655,OR5AS1,219447.0,Del0.8,0.73
X-1655,OR5D13,390142.0,Del0.8,0.73
X-1655,OR5D14,219436.0,Del0.8,0.73
X-1655,OR5D16,390144.0,Del0.8,0.73
X-1655,OR5D18,219438.0,Del0.8,0.73
X-1655,OR5F1,338674.0,Del0.8,0.73
X-1655,OR5I1,10798.0,Del0.8,0.73
X-1655,OR5J2,282775.0,Del0.8,0.73
X-1655,OR5L1,219437.0,Del0.8,0.73
X-1655,OR5L2,26338.0,Del0.8,0.73
X-1655,OR5M1,390168.0,Del0.8,0.73
X-1655,OR5M10,390167.0,Del0.8,0.73
X-1655,OR5M11,219487.0,Del0.8,0.73
X-1655,OR5M3,219482.0,Del0.8,0.73
X-1655,OR5M8,219484.0,Del0.8,0.73
X-1655,OR5M9,390162.0,Del0.8,0.73
X-1655,OR5R1,219479.0,Del0.8,0.73
X-1655,OR5T1,390155.0,Del0.8,0.73
X-1655,OR5T2,219464.0,Del0.8,0.73
X-1655,OR5T3,390154.0,Del0.8,0.73
X-1655,OR5W2,390148.0,Del0.8,0.73
X-1655,OR7E5P,219445.0,Del0.8,0.73
X-1655,OR8H1,219469.0,Del0.8,0.73
X-1655,OR8H2,390151.0,Del0.8,0.73
X-1655,OR8H3,390152.0,Del0.8,0.73
X-1655,OR8I2,120586.0,Del0.8,0.73
X-1655,OR8J1,219477.0,Del0.8,0.73
X-1655,OR8J3,81168.0,Del0.8,0.73
X-1655,OR8K1,390157.0,Del0.8,0.73
X-1655,OR8K3,219473.0,Del0.8,0.73
X-1655,OR8K5,219453.0,Del0.8,0.73
X-1655,OR9G1,390174.0,Del0.8,0.73
X-1655,OR9G4,283189.0,Del0.8,0.73
X-1655,ORAI1,84876.0,MutNovel,"PP43-,0.963"
X-1655,PABPC1,26986.0,MutNovel,"A498N,0.704"
X-1655,PACSIN3,29763.0,Del0.8,0.61
X-1655,PALLD,23022.0,Del0.8,0.71
X-1655,PARK2,5071.0,Del0.8,0.39
X-1655,PCDH11Y,83259.0,Del0.8,0.23
X-1655,PCDH12,51294.0,MutNovel,"R1182TAAG,0.625"
X-1655,PDGFC,56034.0,Del0.8,0.74
X-1655,PDLIM3,27295.0,Del0.8,0.73
X-1655,PDZRN3,23024.0,Amp8,8.46
X-1655,PEX7,5191.0,Del0.8,0.15
X-1655,PHKG1,5260.0,MutNovel,"F16L,1.000"
X-1655,PHLDA1,22822.0,MutNovel,"QQ194Q,0.605"
X-1655,PIEZO1,9780.0,MutNovel,"A463T,1.000"
X-1655,PIGC,5279.0,MutNovel,"R44Q,0.749"
X-1655,PKM,,MutKnownFunctional,"S5*,0.448"
X-1655,PKNOX2,63876.0,MutNovel,"E442-,0.312"
X-1655,PLD6,201164.0,Del0.8,0.73
X-1655,PLIN2,123.0,Del0.8,0.73
X-1655,PLRG1,5356.0,Del0.8,0.74
X-1655,PMS2P4,5382.0,Amp8,8.69
X-1655,PPID,5481.0,Del0.8,0.74
X-1655,PPP4R2,151987.0,Amp5,7.46
X-1655,PRB4,5545.0,MutNovel,"P116H,1.000"
X-1655,PRKY,5616.0,Del0.8,0.14
X-1655,PROK2,60675.0,Amp5,7.46
X-1655,PRY,9081.0,Del0.8,0.14
X-1655,PRY,9081.0,Del0.8,0.14
X-1655,PRY2,442862.0,Del0.8,0.14
X-1655,PRY2,442862.0,Del0.8,0.14
X-1655,PSMC3,5702.0,Del0.8,0.61
X-1655,PTPMT1,114971.0,Del0.8,0.61
X-1655,PTPRJ,5795.0,Del0.8,0.64
X-1655,PWP1,11137.0,MutNovel,"R456W,0.353"
X-1655,RABGEF1,27342.0,Amp8,8.82
X-1655,RADIL,55698.0,MutNovel,"N790S,1.000"
X-1655,RAPGEF2,9693.0,Del0.8,0.75
X-1655,RAPSN,5913.0,Del0.8,0.61
X-1655,RBM46,166863.0,Del0.8,0.74
X-1655,RBMY1A3P,286557.0,Del0.8,0.14
X-1655,RBMY1B,378948.0,Del0.8,0.14
X-1655,RBMY1B,378948.0,Del0.8,0.14
X-1655,RBMY1E,378950.0,Del0.8,0.14
X-1655,RBMY1E,378950.0,Del0.8,0.14
X-1655,RBMY1F,159163.0,Del0.8,0.14
X-1655,RBMY1F,159163.0,Del0.8,0.14
X-1655,RBMY1J,378951.0,Del0.8,0.14
X-1655,RBMY1J,378951.0,Del0.8,0.14
X-1655,RBMY2EP,159125.0,Del0.8,0.14
X-1655,RBMY2FP,159162.0,Del0.8,0.14
X-1655,RBMY3AP,64593.0,Del0.8,0.14
X-1655,RFPL1,5988.0,MutNovel,"V273I,1.000"
X-1655,RFPL3,10738.0,MutNovel,"K206R,0.375"
X-1655,RFPL3,10738.0,MutNovel,"S224G,0.714"
X-1655,RFPL3,10738.0,MutNovel,"L237F,1.000"
X-1655,RHCG,51458.0,MutNovel,"S42P,0.267"
X-1655,RHD,6007.0,Del0.8,0.46
X-1655,RNF175,285533.0,Del0.8,0.74
X-1655,ROBO1,6091.0,Amp8,10.78
X-1655,ROBO2,6092.0,Amp5,6.19
X-1655,RPS4Y1,6192.0,Del0.8,0.23
X-1655,RPS4Y2,140032.0,Del0.8,0.14
X-1655,RWDD4,201965.0,Del0.8,0.73
X-1655,RXFP1,59350.0,Del0.8,0.74
X-1655,RYBP,23429.0,Amp5,7.46
X-1655,SAP30,8819.0,Del0.8,0.75
X-1655,SARDH,1757.0,MutNovel,"R691G,0.357"
X-1655,SBDS,51119.0,Amp8,8.82
X-1655,SCFD1,23256.0,MutNovel,"M1MA,0.455"
X-1655,SCRG1,11341.0,Del0.8,0.75
X-1655,SCYL2,55681.0,MutNovel,"G548V,0.750"
X-1655,SERINC2,347735.0,MutNovel,"-373Q,0.878"
X-1655,SFRP2,6423.0,Del0.8,0.74
X-1655,SGSM3,27352.0,MutNovel,"F690S,0.448"
X-1655,SH3RF1,57630.0,Del0.8,0.71
X-1655,SHANK3,85358.0,MutNovel,"T987M,0.824"
X-1655,SHQ1,55164.0,Amp5,7.46
X-1655,SHROOM1,134549.0,MutNovel,"P104L,0.500"
X-1655,SHROOM2,357.0,MutNovel,"P1281T,0.521"
X-1655,SIRPB1,10326.0,MutNovel,"L301V,1.000"
X-1655,SLC25A26,115286.0,Amp8,12.91
X-1655,SLC25A4,291.0,Del0.8,0.73
X-1655,SLC35D3,340146.0,Del0.8,0.08
X-1655,SLC39A13,91252.0,Del0.8,0.61
X-1655,SLED1,643036.0,Del0.8,0.73
X-1655,SNORA22,677807.0,Amp5,5.66
X-1655,SNX25,83891.0,Del0.8,0.73
X-1655,SORBS2,8470.0,Del0.8,0.73
X-1655,SPATA4,132851.0,Del0.8,0.77
X-1655,SPCS3,60559.0,Del0.8,0.77
X-1655,SPEN,23013.0,MutNovel,"R550H,0.571"
X-1655,SPI1,6688.0,Del0.8,0.61
X-1655,SPOCK3,50859.0,Del0.8,0.75
X-1655,SRP68,6730.0,MutNovel,"T109A,0.484"
X-1655,SRXN1,140809.0,MutNovel,"G17E,0.737"
X-1655,SRY,6736.0,Del0.8,0.23
X-1655,STAG3L4,64940.0,Amp8,8.69
X-1655,STARD9,57519.0,MutNovel,"S2969C,0.833"
X-1655,STOX2,56977.0,Del0.8,0.73
X-1655,SUCLG2,8801.0,Amp8,13.83
X-1655,TBC1D3,729873.0,Del0.8,0.57
X-1655,TBC1D3,729873.0,Del0.8,0.57
X-1655,TBL1Y,90665.0,Del0.8,0.14
X-1655,TDO2,6999.0,Del0.8,0.74
X-1655,TESK1,7016.0,MutNovel,"R161Q,0.647"
X-1655,TGIF2LY,90655.0,Del0.8,0.23
X-1655,TIGD4,201798.0,Del0.8,0.74
X-1655,TKTL2,84076.0,Del0.8,0.75
X-1655,TLL1,7092.0,Del0.8,0.75
X-1655,TLR2,7097.0,Del0.8,0.74
X-1655,TLR3,7098.0,Del0.8,0.73
X-1655,TMED8,283578.0,MutNovel,"E248G,0.789"
X-1655,TMEM141,85014.0,MutNovel,"K16N,0.591"
X-1655,TMEM144,55314.0,Del0.8,0.74
X-1655,TMEM154,201799.0,Del0.8,0.74
X-1655,TMEM171,134285.0,MutNovel,"D152N,0.667"
X-1655,TMEM192,201931.0,Del0.8,0.75
X-1655,TMEM231,79583.0,MutNovel,"V201L,0.560"
X-1655,TMF1,7110.0,Amp8,13.93
X-1655,TMSB4Y,9087.0,Del0.8,0.14
X-1655,TNFRSF10C,8794.0,MutNovel,"T214N,0.222"
X-1655,TP53,7157.0,MutKnownFunctional,"-340?,0.889"
X-1655,TPST1,8460.0,Amp8,8.28
X-1655,TRAPPC11,60684.0,Del0.8,0.73
X-1655,TRIM2,23321.0,Del0.8,0.74
X-1655,TRIM43,129868.0,MutNovel,"G162R,0.667"
X-1655,TRIM48,79097.0,Del0.8,0.69
X-1655,TRIM60,166655.0,Del0.8,0.75
X-1655,TRIM61,391712.0,Del0.8,0.75
X-1655,TRIM64C,646754.0,Del0.8,0.78
X-1655,TRIML1,339976.0,Del0.8,0.55
X-1655,TRIML2,205860.0,Del0.8,0.55
X-1655,TRPM1,4308.0,MutNovel,"G100A,0.475"
X-1655,TSPY1,7258.0,Del0.8,0.14
X-1655,TSPY2,64591.0,Del0.8,0.14
X-1655,TSPY3,728137.0,Del0.8,0.14
X-1655,TSPY4,728395.0,Del0.8,0.14
X-1655,TSPY8,728403.0,Del0.8,0.14
X-1655,TSPYL1,7259.0,MutNovel,"V176VW,0.818"
X-1655,TTTY10,246119.0,Del0.8,0.14
X-1655,TTTY11,83866.0,Del0.8,0.14
X-1655,TTTY12,83867.0,Del0.8,0.14
X-1655,TTTY13,83868.0,Del0.8,0.14
X-1655,TTTY14,83869.0,Del0.8,0.14
X-1655,TTTY15,64595.0,Del0.8,0.14
X-1655,TTTY16,252948.0,Del0.8,0.14
X-1655,TTTY17A,252949.0,Del0.8,0.14
X-1655,TTTY17A,252949.0,Del0.8,0.14
X-1655,TTTY18,252950.0,Del0.8,0.14
X-1655,TTTY19,252952.0,Del0.8,0.14
X-1655,TTTY1B,100101116.0,Del0.8,0.14
X-1655,TTTY1B,100101116.0,Del0.8,0.14
X-1655,TTTY2,60439.0,Del0.8,0.14
X-1655,TTTY2,60439.0,Del0.8,0.14
X-1655,TTTY20,252951.0,Del0.8,0.14
X-1655,TTTY21,252953.0,Del0.8,0.14
X-1655,TTTY21,252953.0,Del0.8,0.14
X-1655,TTTY22,252954.0,Del0.8,0.14
X-1655,TTTY23,252955.0,Del0.8,0.14
X-1655,TTTY23,252955.0,Del0.8,0.14
X-1655,TTTY3,114760.0,Del0.8,0.14
X-1655,TTTY3,114760.0,Del0.8,0.14
X-1655,TTTY4,114761.0,Del0.8,0.14
X-1655,TTTY4,114761.0,Del0.8,0.14
X-1655,TTTY5,83863.0,Del0.8,0.14
X-1655,TTTY6,84672.0,Del0.8,0.14
X-1655,TTTY6,84672.0,Del0.8,0.14
X-1655,TTTY7,246122.0,Del0.8,0.14
X-1655,TTTY7,246122.0,Del0.8,0.14
X-1655,TTTY7B,100101120.0,Del0.8,0.14
X-1655,TTTY7B,100101120.0,Del0.8,0.14
X-1655,TTTY8,84673.0,Del0.8,0.14
X-1655,TTTY8,84673.0,Del0.8,0.14
X-1655,TTTY9A,83864.0,Del0.8,0.14
X-1655,TTTY9A,83864.0,Del0.8,0.14
X-1655,TUBA1A,7846.0,Del0.8,0.72
X-1655,TXLNG2P,246126.0,Del0.8,0.14
X-1655,TYW1,55253.0,Amp5,6.73
X-1655,U2SURP,23350.0,MutNovel,"P233-,0.500"
X-1655,UBA3,9039.0,Amp8,13.93
X-1655,UFSP2,55325.0,Del0.8,0.73
X-1655,UGT2B17,7367.0,Del0.8,0.67
X-1655,UNKL,64718.0,MutNovel,"G456S,1.000"
X-1655,USP31,57478.0,MutNovel,"S57CPPP,0.714"
X-1655,USP32P2,220594.0,Del0.8,0.46
X-1655,USP36,57602.0,MutNovel,"KKK958K,0.844"
X-1655,USP4,7375.0,MutNovel,"L229F,0.627"
X-1655,USP9Y,8287.0,Del0.8,0.14
X-1655,UTY,7404.0,Del0.8,0.14
X-1655,VCX,26609.0,MutNovel,"T15R,0.400"
X-1655,VCY,9084.0,Del0.8,0.14
X-1655,VCY,9084.0,Del0.8,0.14
X-1655,VEGFC,7424.0,Del0.8,0.77
X-1655,VKORC1L1,154807.0,Amp5,5.66
X-1655,WDR1,9948.0,MutNovel,"Q156R,0.809"
X-1655,WDR17,116966.0,Del0.8,0.38
X-1655,WWC2,80014.0,Del0.8,0.73
X-1655,WWOX,51741.0,Del0.8,0.4
X-1655,XKRY2,353515.0,Del0.8,0.14
X-1655,XKRY2,353515.0,Del0.8,0.14
X-1655,ZDHHC11,79844.0,MutNovel,"V228L,0.250"
X-1655,ZFP42,132625.0,Del0.8,0.73
X-1655,ZFY,7544.0,Del0.8,0.23
X-1655,ZNF107,51427.0,Amp5,5.66
X-1655,ZNF117,51351.0,Amp5,5.66
X-1655,ZNF138,7697.0,Amp5,5.66
X-1655,ZNF273,10793.0,Amp5,5.66
X-1655,ZNF384,171017.0,MutNovel,"QQ514Q,0.505"
X-1655,ZNF517,340385.0,MutNovel,"L167P,0.222"
X-1655,ZNF679,168417.0,Amp5,7.01
X-1655,ZNF680,340252.0,Amp5,5.66
X-1655,ZNF705G,100131980.0,Amp5,5.35
X-1655,ZNF717,100131827.0,Amp5,6.28
X-1655,ZNF735,730291.0,Amp5,7.01
X-1655,ZNF736,728927.0,Amp5,7.01
X-1655,ZNF772,400720.0,MutNovel,"A4GP,0.650"
X-1655,ZNF92,168374.0,Amp5,5.66
X-1906,AASS,10157.0,Amp5,5.86
X-1906,ABCB1,5243.0,Amp5,5.86
X-1906,ABCB4,5244.0,Amp5,5.86
X-1906,ABCB8,11194.0,Amp5,5.66
X-1906,ABCF2,10061.0,Amp5,5.66
X-1906,ABHD11,83451.0,Amp5,5.39
X-1906,ABHD11-AS1,171022.0,Amp5,5.39
X-1906,ABHD15,116236.0,MutNovel,"V256M,0.354"
X-1906,ABL2,27.0,MutNovel,"S549F,0.538"
X-1906,ABP1,26.0,Amp5,5.66
X-1906,ACHE,43.0,Amp5,5.46
X-1906,ACN9,57001.0,Amp5,5.94
X-1906,ACSL1,2180.0,Del0.8,0.62
X-1906,ACTL6B,51412.0,Amp5,5.54
X-1906,ACTR3B,57180.0,Amp5,5.66
X-1906,ACTR3C,653857.0,Amp5,5.66
X-1906,ACVR2B,93.0,MutNovel,"S423L,0.552"
X-1906,ADAM22,53616.0,Amp5,5.86
X-1906,ADAMTS4,9507.0,MutNovel,"D399N,0.571"
X-1906,ADCK2,90956.0,Amp5,5.66
X-1906,AGA,175.0,Del0.8,0.8
X-1906,AGAP3,116988.0,Amp5,5.66
X-1906,AGBL3,340351.0,Amp5,5.66
X-1906,AGFG2,3268.0,Amp5,5.54
X-1906,AGK,55750.0,Amp5,5.66
X-1906,AHCYL2,23382.0,Amp5,5.66
X-1906,AHNAK,79026.0,MutNovel,"P3040A,0.800"
X-1906,AKR1B1,231.0,Amp5,5.66
X-1906,AKR1B10,57016.0,Amp5,5.66
X-1906,AKR1B15,441282.0,Amp5,5.66
X-1906,AKR1D1,6718.0,Amp5,5.66
X-1906,ALKBH4,54784.0,Amp5,5.46
X-1906,ALPK1,80216.0,MutNovel,"P736S,0.216"
X-1906,ALPK1,80216.0,MutNovel,"GS940G,0.647"
X-1906,ALX3,257.0,MutNovel,"L106M,0.750"
X-1906,AMELY,266.0,Del0.8,0.17
X-1906,ANGPT1,284.0,MutNovel,"R330C,0.273"
X-1906,ANK2,287.0,MutNovel,"G1089E,0.693"
X-1906,ANKIB1,54467.0,Amp5,5.94
X-1906,ANKRD36,375248.0,MutNovel,"T998S,0.259"
X-1906,ANKRD37,353322.0,Del0.8,0.8
X-1906,ANKRD6,22881.0,MutNovel,"L169F,0.233"
X-1906,ANKRD7,56311.0,Amp5,5.86
X-1906,ANXA10,11199.0,Del0.8,0.62
X-1906,ANXA4,307.0,MutNovel,"A4V,0.500"
X-1906,AP1S1,1174.0,Amp5,5.46
X-1906,AP2A1,160.0,MutNovel,"S785L,0.227"
X-1906,AP4M1,9179.0,Amp5,5.54
X-1906,ARAP3,64411.0,MutNovel,"L1450F,0.636"
X-1906,ARF5,381.0,Amp5,5.66
X-1906,ARHGAP23,57636.0,MutNovel,"R1321H,0.846"
X-1906,ARHGEF35,445328.0,Amp5,5.78
X-1906,ARHGEF5,7984.0,Amp5,5.66
X-1906,ARMC10,83787.0,Amp5,5.7
X-1906,ARNT2,9915.0,MutNovel,"P529L,0.404"
X-1906,ARPC1A,10552.0,Amp5,5.54
X-1906,ARPC1B,10095.0,Amp5,5.54
X-1906,ASB10,136371.0,Amp5,5.66
X-1906,ASB15,142685.0,Amp5,5.86
X-1906,ASB4,51666.0,Amp5,5.94
X-1906,ASB5,140458.0,Del0.8,0.77
X-1906,ASCC3,10973.0,Del0.8,0.8
X-1906,ASL,435.0,Amp5,5.39
X-1906,ASNS,440.0,Amp5,5.54
X-1906,ASZ1,136991.0,Amp5,5.86
X-1906,ATG9B,285973.0,Amp5,5.66
X-1906,ATP2B4,493.0,MutNovel,"G983E,0.457"
X-1906,ATP2C1,27032.0,MutKnownFunctional,"Q903*,0.384"
X-1906,ATP5C1,509.0,MutNovel,"S205F,1.000"
X-1906,ATP5J2,9551.0,Amp5,5.54
X-1906,ATP5J2-PTCD1,100526740.0,Amp5,5.54
X-1906,ATP6V0A4,50617.0,Amp5,5.66
X-1906,ATP6V0E2,155066.0,Amp5,5.66
X-1906,ATP6V1F,9296.0,Amp5,5.66
X-1906,ATXN2L,11273.0,MutNovel,"P1071L,0.537"
X-1906,ATXN7L1,222255.0,Amp5,5.7
X-1906,AUTS2,26053.0,Amp5,5.39
X-1906,AZGP1,563.0,Amp5,5.54
X-1906,AZGP1P1,646282.0,Amp5,5.54
X-1906,BAIAP2L1,55971.0,Amp5,5.54
X-1906,BAZ1B,9031.0,Amp5,5.39
X-1906,BCAP29,55973.0,Amp5,5.7
X-1906,BCL7B,9275.0,Amp5,5.39
X-1906,BCORP1,286554.0,Del0.8,0.17
X-1906,BET1,10282.0,Amp5,5.94
X-1906,BHLHA15,168620.0,Amp5,5.54
X-1906,BPGM,669.0,Amp5,5.66
X-1906,BPY2B,442867.0,Del0.8,0.15
X-1906,BPY2B,442867.0,Del0.8,0.15
X-1906,BRAF,673.0,MutKnownFunctional,"V600E,0.798"
X-1906,BRAF,673.0,Amp5,5.66
X-1906,BRI3,25798.0,Amp5,5.54
X-1906,BUD31,8896.0,Amp5,5.54
X-1906,C10orf88,80007.0,MutNovel,"R432T,1.000"
X-1906,C12orf51,283450.0,MutNovel,"S3953F,0.833"
X-1906,C17orf97,400566.0,MutNovel,"E230K,0.333"
X-1906,C17orf97,400566.0,MutNovel,"E240K,0.500"
X-1906,C1QTNF1,114897.0,MutNovel,"R26H,0.439"
X-1906,C20orf27,54976.0,MutNovel,"G152S,0.480"
X-1906,C4orf47,441054.0,Del0.8,0.8
X-1906,C6orf162,57150.0,Del0.8,0.76
X-1906,C6orf163,206412.0,Del0.8,0.76
X-1906,C6orf164,63914.0,Del0.8,0.76
X-1906,C6orf165,154313.0,Del0.8,0.76
X-1906,C7orf10,79783.0,MutNovel,"G393R,1.000"
X-1906,C7orf13,129790.0,Amp5,5.94
X-1906,C7orf23,79161.0,Amp5,5.86
X-1906,C7orf29,113763.0,Amp5,5.66
X-1906,C7orf33,202865.0,Amp5,5.66
X-1906,C7orf34,135927.0,Amp5,5.66
X-1906,C7orf43,55262.0,Amp5,5.54
X-1906,C7orf45,136263.0,Amp5,5.66
X-1906,C7orf49,78996.0,Amp5,5.66
X-1906,C7orf53,286006.0,Amp5,5.9
X-1906,C7orf55,154791.0,Amp5,5.66
X-1906,C7orf59,389541.0,Amp5,5.54
X-1906,C7orf60,154743.0,Amp5,5.9
X-1906,C7orf61,402573.0,Amp5,5.54
X-1906,C7orf62,219557.0,Amp5,5.86
X-1906,C7orf63,79846.0,Amp5,5.86
X-1906,C7orf66,154907.0,Amp5,5.7
X-1906,C7orf73,647087.0,Amp5,5.66
X-1906,CACNA2D1,781.0,Amp5,5.98
X-1906,CADM1,23705.0,MutNovel,"-354PP,0.368"
X-1906,CADPS2,93664.0,Amp5,5.86
X-1906,CALCR,799.0,Amp5,5.94
X-1906,CALD1,800.0,Amp5,5.66
X-1906,CALHM2,51063.0,MutNovel,"R288H,1.000"
X-1906,CALN1,83698.0,Amp5,5.39
X-1906,CALU,813.0,Amp5,5.66
X-1906,CAMKK2,10645.0,MutKnownFunctional,"-538?,0.926"
X-1906,CAPRIN2,65981.0,MutNovel,"M519V,0.897"
X-1906,CAPZA2,830.0,Amp5,5.86
X-1906,CARD16,114769.0,MutNovel,"R163W,0.737"
X-1906,CASD1,64921.0,Amp5,5.94
X-1906,CASP2,835.0,Amp5,5.66
X-1906,CAV1,857.0,Amp5,5.86
X-1906,CAV2,858.0,Amp5,5.86
X-1906,CBLL1,79872.0,Amp5,5.7
X-1906,CCDC110,256309.0,Del0.8,0.8
X-1906,CCDC132,55610.0,Amp5,5.94
X-1906,CCDC136,64753.0,Amp5,5.66
X-1906,CCDC137,339230.0,MutNovel,"P39L,0.476"
X-1906,CCDC146,57639.0,Amp5,5.58
X-1906,CCDC71L,168455.0,Amp5,5.7
X-1906,CCL24,6369.0,Amp5,5.17
X-1906,CCL26,10344.0,Amp5,5.17
X-1906,CCNC,892.0,Del0.8,0.8
X-1906,CCT6P1,643253.0,Amp5,5.39
X-1906,CCT6P3,643180.0,Amp5,5.58
X-1906,CD36,948.0,Amp5,5.98
X-1906,CDHR3,222256.0,Amp5,5.7
X-1906,CDK14,5218.0,Amp5,5.86
X-1906,CDK19,23097.0,MutNovel,"R200W,0.975"
X-1906,CDK5,1020.0,Amp5,5.66
X-1906,CDK6,1021.0,Amp5,5.94
X-1906,CDKN2A,1029.0,Del0.8,0.2
X-1906,CDKN2B,1030.0,Del0.8,0.32
X-1906,CDY1B,253175.0,Del0.8,0.15
X-1906,CDY1B,253175.0,Del0.8,0.15
X-1906,CDY2A,9426.0,Del0.8,0.17
X-1906,CDY2A,9426.0,Del0.8,0.17
X-1906,CDY2B,203611.0,Del0.8,0.17
X-1906,CDY2B,203611.0,Del0.8,0.17
X-1906,CENPF,1063.0,MutNovel,"T1394I,0.618"
X-1906,CENPF,1063.0,MutNovel,"L2921S,0.368"
X-1906,CEP350,9857.0,MutNovel,"P1831S,0.390"
X-1906,CEP41,95681.0,Amp5,5.66
X-1906,CEP57,9702.0,MutNovel,"A157V,0.808"
X-1906,CFTR,1080.0,Amp5,5.86
X-1906,CGA,1081.0,Del0.8,0.76
X-1906,CHAMP1,283489.0,MutNovel,"SP173S,0.500"
X-1906,CHCHD3,54927.0,Amp5,5.66
X-1906,CHCHD7,79145.0,MutNovel,"M108T,0.493"
X-1906,CHD2,1106.0,MutKnownFunctional,"-1242?,0.810"
X-1906,CHPF2,54480.0,Amp5,5.66
X-1906,CHRM2,1129.0,Amp5,5.66
X-1906,CLASRP,11129.0,MutNovel,"D293N,0.715"
X-1906,CLCN1,1180.0,Amp5,5.66
X-1906,CLDN12,9069.0,Amp5,5.86
X-1906,CLDN15,24146.0,Amp5,5.46
X-1906,CLDN3,1365.0,Amp5,5.39
X-1906,CLDN4,1364.0,Amp5,5.39
X-1906,CLEC2L,154790.0,Amp5,5.66
X-1906,CLEC5A,23601.0,Amp5,5.66
X-1906,CLIP2,7461.0,Amp5,5.39
X-1906,CLTC,1213.0,MutNovel,"P813L,0.494"
X-1906,CNN2,1265.0,MutNovel,"D202N,0.400"
X-1906,CNOT4,4850.0,Amp5,5.66
X-1906,CNPY1,285888.0,Amp5,5.94
X-1906,CNPY4,245812.0,Amp5,5.54
X-1906,CNR1,1268.0,Del0.8,0.77
X-1906,CNTNAP2,26047.0,Amp5,5.66
X-1906,CNTNAP3,79937.0,MutNovel,"R771Q,1.000"
X-1906,CNTNAP3B,728577.0,MutNovel,"G1195R,0.833"
X-1906,COG5,10466.0,Amp5,5.7
X-1906,COL1A2,1278.0,Amp5,5.94
X-1906,COL3A1,1281.0,MutNovel,"G609E,0.542"
X-1906,COL4A1,1282.0,MutNovel,"G103E,0.286"
X-1906,COL4A5,1287.0,MutNovel,"K664I,1.000"
X-1906,COPG2,26958.0,Amp5,5.66
X-1906,COPS6,10980.0,Amp5,5.54
X-1906,COQ3,51805.0,Del0.8,0.8
X-1906,CPA1,1357.0,Amp5,5.66
X-1906,CPA2,1358.0,Amp5,5.66
X-1906,CPA4,51200.0,Amp5,5.66
X-1906,CPA5,93979.0,Amp5,5.66
X-1906,CPEB2,132864.0,MutNovel,"S481SGG,0.417"
X-1906,CPOX,1371.0,MutNovel,"E415K,0.470"
X-1906,CPSF1,29894.0,MutNovel,"R927C,0.402"
X-1906,CPSF4,10898.0,Amp5,5.54
X-1906,CRAMP1L,57585.0,MutNovel,"S1022L,0.440"
X-1906,CRCP,27297.0,Amp5,5.39
X-1906,CREB3L2,64764.0,Amp5,5.66
X-1906,CROT,54677.0,Amp5,5.86
X-1906,CRYGN,155051.0,Amp5,5.66
X-1906,CSAG2,728461.0,MutNovel,"I117V,0.750"
X-1906,CSPG4P1Y,114758.0,Del0.8,0.15
X-1906,CSPG4P1Y,114758.0,Del0.8,0.15
X-1906,CTAGE15P,441294.0,Amp5,5.66
X-1906,CTAGE4,100128553.0,Amp5,5.78
X-1906,CTAGE6P,340307.0,Amp5,5.66
X-1906,CTNS,1497.0,MutNovel,"G197R,0.460"
X-1906,CTSA,5476.0,MutNovel,"L29-,0.373"
X-1906,CTSD,1509.0,MutNovel,"D374N,0.730"
X-1906,CTTNBP2,83992.0,Amp5,5.86
X-1906,CUL1,8454.0,Amp5,5.66
X-1906,CUX1,1523.0,Amp5,5.46
X-1906,CYP3A4,1576.0,Amp5,5.54
X-1906,CYP3A43,64816.0,Amp5,5.54
X-1906,CYP3A5,1577.0,Amp5,5.54
X-1906,CYP3A7,1551.0,Amp5,5.54
X-1906,CYP4V2,285440.0,Del0.8,0.8
X-1906,CYP51A1,1595.0,Amp5,5.94
X-1906,DAZ1,1617.0,Del0.8,0.15
X-1906,DAZ2,57055.0,Del0.8,0.15
X-1906,DAZ3,57054.0,Del0.8,0.15
X-1906,DAZ3,57054.0,Del0.8,0.15
X-1906,DAZ4,57135.0,Del0.8,0.15
X-1906,DAZ4,57135.0,Del0.8,0.15
X-1906,DBF4,10926.0,Amp5,5.86
X-1906,DCAF6,55827.0,MutNovel,"N189T,0.419"
X-1906,DCTN5,84516.0,MutNovel,"P84S,0.525"
X-1906,DDX3Y,8653.0,Del0.8,0.17
X-1906,DENND2A,27147.0,Amp5,5.66
X-1906,DENND4B,9909.0,MutNovel,"QQQ908-,0.446"
X-1906,DGKI,9162.0,Amp5,5.66
X-1906,DHRS4L2,317749.0,MutNovel,"A47T,0.912"
X-1906,DIAPH1,1729.0,MutNovel,"I438N,0.628"
X-1906,DLD,1738.0,Amp5,5.7
X-1906,DLX5,1749.0,Amp5,5.94
X-1906,DLX6,1750.0,Amp5,5.94
X-1906,DLX6-AS1,285987.0,Amp5,5.94
X-1906,DMTF1,9988.0,Amp5,5.86
X-1906,DMXL2,23312.0,MutNovel,"G2031D,0.407"
X-1906,DNAH14,127602.0,MutNovel,"E737K,0.667"
X-1906,DNAH7,56171.0,MutNovel,"G3887D,0.400"
X-1906,DNAJB6,10049.0,Amp5,5.94
X-1906,DNAJB9,4189.0,Amp5,5.7
X-1906,DNAJC2,27000.0,Amp5,5.7
X-1906,DNAJC30,84277.0,Amp5,5.39
X-1906,DOCK4,9732.0,Amp5,5.9
X-1906,DOCK8,81704.0,MutNovel,"N561K,1.000"
X-1906,DOCK9,23348.0,MutNovel,"P597S,0.600"
X-1906,DPP6,1804.0,Amp5,5.94
X-1906,DPY19L2P2,349152.0,Amp5,5.7
X-1906,DPY19L2P4,442523.0,Amp5,5.86
X-1906,DTX2,113878.0,Amp5,5.17
X-1906,DTX2P1-UPK3BP1-PMS2P11,441263.0,Amp5,5.58
X-1906,DUS4L,11062.0,Amp5,5.7
X-1906,DYNC1I1,1780.0,Amp5,5.94
X-1906,DYNC2H1,79659.0,MutNovel,"D2487N,0.600"
X-1906,DYNC2H1,79659.0,MutNovel,"P4254L,0.621"
X-1906,EFCAB10,100130771.0,Amp5,5.7
X-1906,EFR3A,23167.0,MutNovel,"G387E,0.485"
X-1906,EID3,493861.0,MutNovel,"E72I,1.000"
X-1906,EIF1AY,9086.0,Del0.8,0.17
X-1906,EIF3IP1,442720.0,Amp5,5.9
X-1906,EIF4ENIF1,56478.0,MutNovel,"M481L,0.729"
X-1906,EIF4H,7458.0,Amp5,5.39
X-1906,ELK4,2005.0,MutNovel,"K190R,0.584"
X-1906,ELMO2,63916.0,MutNovel,"L22F,0.496"
X-1906,ELN,2006.0,Amp5,5.39
X-1906,EMID2,136227.0,Amp5,5.46
X-1906,EN2,2020.0,Amp5,5.94
X-1906,EP400,57634.0,MutNovel,"-2728Q,0.917"
X-1906,EPB41L5,57669.0,MutNovel,"T476I,0.475"
X-1906,EPHA1,2041.0,Amp5,5.66
X-1906,EPHA2,1969.0,MutNovel,"P317S,0.938"
X-1906,EPHB4,2050.0,Amp5,5.46
X-1906,EPHB6,2051.0,Amp5,5.66
X-1906,EPO,2056.0,Amp5,5.54
X-1906,ERV3-1,2086.0,Amp5,5.58
X-1906,ESPNL,339768.0,MutKnownFunctional,"W915*,1.000"
X-1906,ESYT2,57488.0,Amp5,6.41
X-1906,EVI5L,115704.0,MutNovel,"A781T,0.708"
X-1906,EXO1,9156.0,MutNovel,"R121Q,0.500"
X-1906,EXOC4,60412.0,Amp5,5.66
X-1906,EXOC8,149371.0,MutNovel,"G484D,0.390"
X-1906,EYS,346007.0,MutNovel,"G1990E,1.000"
X-1906,EYS,346007.0,Del0.8,0.61
X-1906,EZH2,2146.0,Amp5,5.66
X-1906,F11,2160.0,Del0.8,0.8
X-1906,FABP5P3,220832.0,Amp5,5.66
X-1906,FAM111B,374393.0,MutKnownFunctional,"-269?,0.259"
X-1906,FAM115A,9747.0,Amp5,5.66
X-1906,FAM115C,285966.0,Amp5,5.66
X-1906,FAM131A,131408.0,MutNovel,"S51F,0.333"
X-1906,FAM131B,9715.0,Amp5,5.66
X-1906,FAM133B,257415.0,Amp5,5.94
X-1906,FAM149A,25854.0,Del0.8,0.8
X-1906,FAM171B,165215.0,MutNovel,"-44Q,1.000"
X-1906,FAM180A,389558.0,Amp5,5.66
X-1906,FAM185A,222234.0,Amp5,5.7
X-1906,FAM189B,10712.0,MutNovel,"P566L,0.476"
X-1906,FAM18B2-CDRT4,100533496.0,MutNovel,"T150R,0.343"
X-1906,FAM18B2-CDRT4,100533496.0,MutNovel,"S135P,0.235"
X-1906,FAM197Y2P,252946.0,Del0.8,0.17
X-1906,FAM200A,221786.0,Amp5,5.54
X-1906,FAM3C,10447.0,Amp5,5.86
X-1906,FAM40B,57464.0,Amp5,5.66
X-1906,FAM41AY1,340618.0,Del0.8,0.17
X-1906,FAM41AY1,340618.0,Del0.8,0.17
X-1906,FAM71F1,84691.0,Amp5,5.66
X-1906,FAM71F2,346653.0,Amp5,5.66
X-1906,FASTK,10922.0,Amp5,5.66
X-1906,FAT1,2195.0,Del0.8,0.8
X-1906,FBF1,85302.0,MutNovel,"S303F,0.581"
X-1906,FBRSL1,57666.0,MutNovel,"P933L,0.234"
X-1906,FBXL13,222235.0,Amp5,5.7
X-1906,FBXL4,26235.0,Del0.8,0.8
X-1906,FBXO24,26261.0,Amp5,5.54
X-1906,FBXO38,81545.0,MutNovel,"NGS835N,0.706"
X-1906,FCGR2A,2212.0,MutNovel,"L274P,0.247"
X-1906,FDPSL2A,619190.0,Amp5,5.17
X-1906,FEZF1,389549.0,Amp5,5.86
X-1906,FFAR3,2865.0,Del0.8,0.7
X-1906,FGD4,121512.0,MutNovel,"E239K,0.783"
X-1906,FGL2,10875.0,Amp5,5.58
X-1906,FIS1,51024.0,Amp5,5.46
X-1906,FKBP6,8468.0,Amp5,5.39
X-1906,FLJ40852,285962.0,Amp5,5.66
X-1906,FLJ42280,401388.0,Amp5,5.94
X-1906,FLJ43663,378805.0,Amp5,5.66
X-1906,FLJ45340,402483.0,Amp5,5.66
X-1906,FLNB,2317.0,MutNovel,"P2094S,0.554"
X-1906,FLNC,2318.0,Amp5,5.66
X-1906,FNTB,2342.0,MutNovel,"S190F,0.586"
X-1906,FOXP2,93986.0,Amp5,5.9
X-1906,FRAS1,80144.0,MutNovel,"G262R,0.613"
X-1906,FSCN3,29999.0,Amp5,5.66
X-1906,FZD1,8321.0,Amp5,5.86
X-1906,FZD9,8326.0,Amp5,5.39
X-1906,GAGE2D,729408.0,MutNovel,"M96V,0.500"
X-1906,GAL3ST4,79690.0,Amp5,5.54
X-1906,GALK2,2585.0,MutNovel,"P353F,0.491"
X-1906,GALNT11,63917.0,Amp5,5.66
X-1906,GALNTL5,168391.0,Amp5,5.66
X-1906,GAS8,2622.0,MutNovel,"R278H,0.993"
X-1906,GATAD1,57798.0,Amp5,5.94
X-1906,GATS,352954.0,Amp5,5.54
X-1906,GBA2,57704.0,MutNovel,"T516I,0.785"
X-1906,GBX1,2636.0,Amp5,5.66
X-1906,GCC1,79571.0,Amp5,5.66
X-1906,GDF15,9518.0,MutNovel,"C244W,0.220"
X-1906,GIGYF1,64599.0,Amp5,5.54
X-1906,GIGYF2,26058.0,MutNovel,"PQ1231P,1.000"
X-1906,GIMAP1,170575.0,Amp5,5.66
X-1906,GIMAP1-GIMAP5,100527949.0,Amp5,5.66
X-1906,GIMAP2,26157.0,Amp5,5.66
X-1906,GIMAP4,55303.0,Amp5,5.66
X-1906,GIMAP5,55340.0,Amp5,5.66
X-1906,GIMAP6,474344.0,Amp5,5.66
X-1906,GIMAP7,168537.0,Amp5,5.66
X-1906,GIMAP8,155038.0,Amp5,5.66
X-1906,GJB7,375519.0,Del0.8,0.76
X-1906,GJC3,349149.0,Amp5,5.54
X-1906,GNAI1,2770.0,Amp5,5.98
X-1906,GNAT3,346562.0,Amp5,5.98
X-1906,GNB2,2783.0,Amp5,5.54
X-1906,GNG11,2791.0,Amp5,5.94
X-1906,GNGT1,2792.0,Amp5,5.94
X-1906,GOLGA2P2Y,84559.0,Del0.8,0.15
X-1906,GOLGA2P2Y,84559.0,Del0.8,0.15
X-1906,GOT2,2806.0,MutNovel,"I132T,1.000"
X-1906,GPC2,221914.0,Amp5,5.54
X-1906,GPM6A,2823.0,Del0.8,0.77
X-1906,GPR124,25960.0,MutNovel,"R732H,0.610"
X-1906,GPR22,2845.0,Amp5,5.7
X-1906,GPR37,2861.0,Amp5,5.86
X-1906,GPR85,54329.0,Amp5,5.9
X-1906,GRAMD1C,54762.0,MutNovel,"S220I,0.600"
X-1906,GRB7,2886.0,MutNovel,"S460F,1.000"
X-1906,GRIK3,2899.0,MutNovel,"P534L,0.667"
X-1906,GRM3,2913.0,Amp5,5.86
X-1906,GRM8,2918.0,Amp5,5.66
X-1906,GSDMB,55876.0,MutNovel,"E356K,0.500"
X-1906,GSN,2934.0,MutNovel,"R7C,1.000"
X-1906,GSTK1,373156.0,Amp5,5.66
X-1906,GSTT1,2952.0,Amp8,9.19
X-1906,GTF2I,2969.0,Amp5,5.39
X-1906,GTF2IP1,2970.0,Amp5,5.39
X-1906,GTF2IRD1,9569.0,Amp5,5.39
X-1906,GTF2IRD2P1,401375.0,Amp5,5.39
X-1906,GTPBP10,85865.0,Amp5,5.86
X-1906,GUSB,2990.0,Amp5,5.39
X-1906,GYG2P1,352887.0,Del0.8,0.17
X-1906,HBP1,26959.0,Amp5,5.7
X-1906,HCN1,348980.0,MutNovel,"P642S,0.370"
X-1906,HELT,391723.0,Del0.8,0.8
X-1906,HEPACAM2,253012.0,Amp5,5.94
X-1906,HEXIM1,10614.0,MutNovel,"E64K,0.470"
X-1906,HGF,3082.0,Amp5,5.98
X-1906,HILPDA,29923.0,Amp5,5.66
X-1906,HIP1,3092.0,Amp5,7.67
X-1906,HIPK2,28996.0,Amp5,5.66
X-1906,HIST1H1D,3007.0,MutNovel,"P156L,0.500"
X-1906,HIVEP3,59269.0,MutNovel,"G781E,0.271"
X-1906,HLA-H,3136.0,Del0.8,0.73
X-1906,HMCN1,83872.0,MutKnownFunctional,"W5039*,0.244"
X-1906,HOXD8,3234.0,MutNovel,"A70AHP,0.375"
X-1906,HSFY2,159119.0,Del0.8,0.17
X-1906,HSFY2,159119.0,Del0.8,0.17
X-1906,HSPB1,3315.0,Amp5,5.17
X-1906,HSPD1,3329.0,MutNovel,"D379G,0.562"
X-1906,HTR5A,3361.0,Amp5,5.94
X-1906,HTT,3064.0,MutNovel,"V2367M,0.343"
X-1906,HYAL4,23553.0,Amp5,5.86
X-1906,HYALP1,26062.0,Amp5,5.86
X-1906,IFRD1,3475.0,Amp5,5.9
X-1906,IGF2R,3482.0,MutNovel,"H890Y,1.000"
X-1906,IGSF3,3321.0,MutNovel,"D1040GN,0.253"
X-1906,IK,3550.0,MutNovel,"P12L,0.638"
X-1906,IMMP2L,83943.0,Amp5,5.9
X-1906,IMPDH1,3614.0,Amp5,5.66
X-1906,ING3,54556.0,Amp5,5.86
X-1906,INSIG1,3638.0,Amp5,5.94
X-1906,INTS4L2,644619.0,Amp5,5.39
X-1906,IQUB,154865.0,Amp5,5.86
X-1906,IRF5,3663.0,Amp5,5.66
X-1906,IST1,9798.0,MutNovel,"MP236-,1.000"
X-1906,ITPR3,3710.0,MutNovel,"G2387S,0.672"
X-1906,JHDM1D,80853.0,Amp5,5.66
X-1906,KAT2A,2648.0,MutNovel,"P657L,0.502"
X-1906,KCND2,3751.0,Amp5,5.86
X-1906,KCNH2,3757.0,Amp5,5.66
X-1906,KCP,375616.0,Amp5,5.66
X-1906,KCTD7,154881.0,Amp5,5.39
X-1906,KDM5D,8284.0,Del0.8,0.17
X-1906,KEAP1,9817.0,MutNovel,"G564E,0.744"
X-1906,KEL,3792.0,Amp5,5.66
X-1906,KIAA0196,9897.0,MutNovel,"A494V,0.589"
X-1906,KIAA0556,23247.0,MutNovel,"H1244Y,0.418"
X-1906,KIAA1147,57189.0,Amp5,5.66
X-1906,KIAA1324L,222223.0,Amp5,5.86
X-1906,KIAA1430,57587.0,Del0.8,0.8
X-1906,KIAA1549,57670.0,Amp5,5.66
X-1906,KIAA2026,158358.0,MutNovel,"E92-,0.500"
X-1906,KIF14,9928.0,MutNovel,"H1568Y,0.493"
X-1906,KLF14,136259.0,Amp5,5.66
X-1906,KLHDC10,23008.0,Amp5,5.66
X-1906,KLKB1,3818.0,Del0.8,0.8
X-1906,KLRC1,3821.0,MutNovel,"L145Q,1.000"
X-1906,KLRG2,346689.0,Amp5,5.66
X-1906,KPNA7,402569.0,Amp5,5.54
X-1906,KRBA1,84626.0,Amp5,5.66
X-1906,KRIT1,889.0,Amp5,5.94
X-1906,LAMB1,3912.0,Amp5,5.7
X-1906,LAMB4,22798.0,Amp5,5.7
X-1906,LAPTM4B,55353.0,MutNovel,"S75A,0.212"
X-1906,LAT2,7462.0,Amp5,5.39
X-1906,LENG9,94059.0,MutNovel,"A200T,0.762"
X-1906,LEP,3952.0,Amp5,5.66
X-1906,LGI4,163175.0,MutNovel,"P28L,0.757"
X-1906,LGSN,51557.0,Del0.8,0.78
X-1906,LHFPL3,375612.0,Amp5,5.7
X-1906,LIMK1,3984.0,Amp5,5.39
X-1906,LINC00174,285908.0,Amp5,5.39
X-1906,LINC00244,64433.0,Amp5,5.94
X-1906,LMBR1,64327.0,Amp5,5.94
X-1906,LMOD2,442721.0,Amp5,5.86
X-1906,LMTK2,22853.0,Amp5,5.54
X-1906,LOC100093631,100093631.0,Amp5,5.39
X-1906,LOC100128264,100128264.0,Amp5,5.94
X-1906,LOC100128822,100128822.0,Amp5,5.66
X-1906,LOC100129148,100129148.0,Amp5,5.66
X-1906,LOC100130705,100130705.0,Amp5,5.66
X-1906,LOC100130880,100130880.0,Amp5,5.66
X-1906,LOC100132707,100132707.0,Amp5,5.94
X-1906,LOC100132832,100132832.0,Amp5,5.58
X-1906,LOC100133091,100133091.0,Amp5,5.17
X-1906,LOC100134229,100134229.0,Amp5,5.66
X-1906,LOC100216545,100216545.0,Amp5,5.7
X-1906,LOC100216546,100216546.0,Amp5,5.7
X-1906,LOC100287482,100287482.0,Amp5,5.66
X-1906,LOC100287704,100287704.0,Amp5,5.06
X-1906,LOC100287834,100287834.0,Amp5,5.06
X-1906,LOC100287834,100287834.0,Amp5,5.06
X-1906,LOC100289187,100289187.0,Amp5,5.54
X-1906,LOC100289561,100289561.0,Amp5,5.46
X-1906,LOC100506050,100506050.0,Amp5,5.58
X-1906,LOC100506122,100506122.0,Del0.8,0.75
X-1906,LOC100506136,100506136.0,Amp5,5.94
X-1906,LOC100506229,100506229.0,Del0.8,0.8
X-1906,LOC100506585,100506585.0,Amp5,5.94
X-1906,LOC100630923,100630923.0,Amp5,5.46
X-1906,LOC100996412,,MutNovel,"A144T,0.500"
X-1906,LOC100996689,,MutNovel,"D237E,0.250"
X-1906,LOC154761,154761.0,Amp5,5.66
X-1906,LOC154822,154822.0,Amp5,6.41
X-1906,LOC154872,154872.0,Amp5,5.86
X-1906,LOC155060,155060.0,Amp5,5.66
X-1906,LOC202781,202781.0,Amp5,5.94
X-1906,LOC285441,285441.0,Del0.8,0.8
X-1906,LOC285889,285889.0,Amp5,5.94
X-1906,LOC285972,285972.0,Amp5,5.66
X-1906,LOC339975,339975.0,Del0.8,0.8
X-1906,LOC391322,391322.0,Amp8,9.19
X-1906,LOC401397,401397.0,Amp5,5.9
X-1906,LOC407835,407835.0,Amp5,5.66
X-1906,LOC441242,441242.0,Amp5,5.39
X-1906,LOC493754,493754.0,Amp5,5.39
X-1906,LOC541473,541473.0,Amp5,5.39
X-1906,LOC641746,641746.0,Amp5,5.58
X-1906,LOC643955,643955.0,Amp5,5.06
X-1906,LOC645249,645249.0,Amp5,5.94
X-1906,LOC646329,646329.0,Amp5,5.66
X-1906,LOC649395,649395.0,Amp5,5.58
X-1906,LOC728012,728012.0,Del0.8,0.8
X-1906,LOC728743,728743.0,Amp5,5.66
X-1906,LOC731424,731424.0,Del0.8,0.8
X-1906,LOC93432,93432.0,Amp5,5.66
X-1906,LRBA,987.0,MutNovel,"G2131R,0.702"
X-1906,LRCH3,84859.0,MutNovel,"P257S,0.528"
X-1906,LRCH4,4034.0,Amp5,5.54
X-1906,LRGUK,136332.0,Amp5,5.66
X-1906,LRP2BP,55805.0,Del0.8,0.8
X-1906,LRP8,7804.0,MutNovel,"W559C,0.750"
X-1906,LRPPRC,10128.0,MutNovel,"S707F,0.560"
X-1906,LRRC17,10234.0,Amp5,5.7
X-1906,LRRC33,375387.0,MutNovel,"T488I,0.484"
X-1906,LRRC4,64101.0,Amp5,5.66
X-1906,LRRC61,65999.0,Amp5,5.66
X-1906,LRRD1,401387.0,Amp5,5.94
X-1906,LRRN3,54674.0,Amp5,5.9
X-1906,LRWD1,222229.0,Amp5,5.46
X-1906,LSR,51599.0,MutNovel,"G518GR,1.000"
X-1906,LTBP2,4053.0,MutNovel,"P1806L,0.593"
X-1906,LUC7L2,51631.0,Amp5,5.66
X-1906,LUZP6,767558.0,Amp5,5.66
X-1906,MAGI2,9863.0,Amp5,6.87
X-1906,MAGI2-AS3,100505881.0,Amp5,5.98
X-1906,MALL,7851.0,MutNovel,"G100D,1.000"
X-1906,MAPK8IP1,9479.0,MutNovel,"Q204P,0.789"
X-1906,MBLAC1,255374.0,Amp5,5.54
X-1906,MCHR2,84539.0,Del0.8,0.8
X-1906,MCM7,4176.0,Amp5,5.54
X-1906,MDFIC,29969.0,Amp5,5.9
X-1906,MDH2,4191.0,Amp5,5.17
X-1906,MED15,51586.0,MutNovel,"-251Q,0.597"
X-1906,MEGF8,1954.0,MutNovel,"G2672E,0.753"
X-1906,MEIS3,56917.0,MutNovel,"A382G,0.750"
X-1906,MEPCE,56257.0,Amp5,5.54
X-1906,MEST,4232.0,Amp5,5.66
X-1906,MESTIT1,317751.0,Amp5,5.66
X-1906,MET,4233.0,Amp5,5.86
X-1906,METTL2B,55798.0,Amp5,5.66
X-1906,MGAM,8972.0,Amp5,5.66
X-1906,MGAT4C,25834.0,MutNovel,"P338S,0.667"
X-1906,MGC16142,84849.0,Amp5,5.94
X-1906,MGC72080,389538.0,Amp5,5.54
X-1906,MIR106B,406900.0,Amp5,5.54
X-1906,MIR129-1,406917.0,Amp5,5.66
X-1906,MIR153-2,406945.0,Amp5,5.94
X-1906,MIR182,406958.0,Amp5,5.66
X-1906,MIR183,406959.0,Amp5,5.66
X-1906,MIR25,407014.0,Amp5,5.54
X-1906,MIR29A,407021.0,Amp5,5.66
X-1906,MIR29B1,407024.0,Amp5,5.66
X-1906,MIR335,442904.0,Amp5,5.66
X-1906,MIR3609,100500819.0,Amp5,5.54
X-1906,MIR3666,100500896.0,Amp5,5.9
X-1906,MIR3907,100500835.0,Amp5,5.66
X-1906,MIR3914-1,100500836.0,Amp5,5.39
X-1906,MIR3914-2,100500920.0,Amp5,5.39
X-1906,MIR3945,100500818.0,Del0.8,0.8
X-1906,MIR4284,100422948.0,Amp5,5.39
X-1906,MIR4285,100422858.0,Amp5,5.46
X-1906,MIR4467,100616367.0,Amp5,5.46
X-1906,MIR4468,100616226.0,Amp5,5.66
X-1906,MIR4650-1,100616310.0,Amp5,5.39
X-1906,MIR4650-1,100616310.0,Amp5,5.39
X-1906,MIR4651,100616270.0,Amp5,5.17
X-1906,MIR4652,100616206.0,Amp5,5.94
X-1906,MIR4653,100616117.0,Amp5,5.46
X-1906,MIR4658,100616439.0,Amp5,5.54
X-1906,MIR489,574442.0,Amp5,5.94
X-1906,MIR490,574443.0,Amp5,5.66
X-1906,MIR548F3,100302159.0,Amp5,5.66
X-1906,MIR548F4,100313895.0,Amp5,5.66
X-1906,MIR548I4,100302191.0,Amp5,5.66
X-1906,MIR548M,100313772.0,Amp5,5.98
X-1906,MIR548T,100422849.0,Amp5,5.66
X-1906,MIR590,693175.0,Amp5,5.39
X-1906,MIR591,693176.0,Amp5,5.94
X-1906,MIR592,693177.0,Amp5,5.66
X-1906,MIR593,693178.0,Amp5,5.66
X-1906,MIR595,693180.0,Amp5,6.41
X-1906,MIR653,724023.0,Amp5,5.94
X-1906,MIR671,768213.0,Amp5,5.66
X-1906,MIR93,407050.0,Amp5,5.54
X-1906,MIR96,407053.0,Amp5,5.66
X-1906,MIS18BP1,55320.0,MutNovel,"E916K,0.561"
X-1906,MITF,4286.0,MutNovel,"G174R,0.407"
X-1906,MKLN1,4289.0,Amp5,5.66
X-1906,MKRN1,23608.0,Amp5,5.66
X-1906,MLH1,4292.0,MutLikelyFunctional,"K618T,0.416"
X-1906,MLL,4297.0,MutNovel,"P362S,0.429"
X-1906,MLL,4297.0,MutNovel,"E502K,0.222"
X-1906,MLL3,58508.0,Amp5,5.66
X-1906,MLL4,9757.0,MutNovel,"P2293S,0.782"
X-1906,MLL5,55904.0,Amp5,5.7
X-1906,MLLT10,8028.0,MutNovel,"S812T,1.000"
X-1906,MLXIPL,51085.0,Amp5,5.39
X-1906,MLYCD,23417.0,MutNovel,"R11G,1.000"
X-1906,MMP1,4312.0,MutNovel,"R291W,0.810"
X-1906,MNX1,3110.0,Amp5,5.94
X-1906,MOGAT3,346606.0,Amp5,5.46
X-1906,MOSPD3,64598.0,Amp5,5.54
X-1906,MOXD2P,100289017.0,Amp5,5.66
X-1906,MPRIP,23164.0,MutNovel,"TS178T,1.000"
X-1906,MRPL32,64983.0,MutNovel,"V49A,0.558"
X-1906,MRPS33,51650.0,Amp5,5.66
X-1906,MSH2,4436.0,MutLikelyFunctional,"G322D,0.433"
X-1906,MT1H,4496.0,MutNovel,"G11V,1.000"
X-1906,MT1H,4496.0,MutNovel,"A16T,0.750"
X-1906,MT1H,4496.0,MutNovel,"K20T,0.750"
X-1906,MT1H,4496.0,MutNovel,"K23E,1.000"
X-1906,MTCH1,23787.0,MutNovel,"A16V,0.750"
X-1906,MTERF,7978.0,Amp5,5.86
X-1906,MTNR1A,4543.0,Del0.8,0.8
X-1906,MTRNR2L6,100463482.0,Amp5,5.66
X-1906,MUC12,10071.0,Amp5,5.46
X-1906,MUC17,140453.0,Amp5,5.46
X-1906,MYH16,84176.0,Amp5,5.54
X-1906,MYH7B,57644.0,MutNovel,"R1483Q,1.000"
X-1906,MYL10,93408.0,Amp5,5.46
X-1906,MYLK,4638.0,MutNovel,"D1666N,0.484"
X-1906,NAA38,51691.0,Amp5,5.86
X-1906,NACAD,23148.0,MutNovel,"A1448T,0.576"
X-1906,NADKD1,133686.0,MutNovel,"D237N,0.673"
X-1906,NAMPT,10135.0,Amp5,5.7
X-1906,NAPEPLD,222236.0,Amp5,5.7
X-1906,NAT10,55226.0,MutNovel,"P606S,0.269"
X-1906,NAT16,375607.0,Amp5,5.46
X-1906,NAV3,89795.0,MutNovel,"E78Q,0.727"
X-1906,NBEA,26960.0,MutNovel,"G409R,0.357"
X-1906,NCAPG2,54892.0,Amp5,6.41
X-1906,NCF1B,654816.0,Amp5,5.39
X-1906,NCL,4691.0,MutNovel,"M175T,0.484"
X-1906,NCOR1,9611.0,MutNovel,"E550K,0.606"
X-1906,NCOR2,9612.0,MutNovel,"G1839GAAA,1.000"
X-1906,NCOR2,9612.0,MutNovel,"-511S,0.614"
X-1906,NCRNA00185,55410.0,Del0.8,0.17
X-1906,NDUFA5,4698.0,Amp5,5.86
X-1906,NDUFB2,4708.0,Amp5,5.66
X-1906,NISCH,11188.0,MutNovel,"E880K,0.429"
X-1906,NLGN4Y,22829.0,Del0.8,0.17
X-1906,NOBOX,135935.0,Amp5,5.66
X-1906,NOL9,79707.0,MutNovel,"Q276K,0.868"
X-1906,NOM1,64434.0,Amp5,5.94
X-1906,NOS3,4846.0,Amp5,5.66
X-1906,NPTX2,4885.0,Amp5,5.54
X-1906,NR2F1,7025.0,MutNovel,"L243M,0.750"
X-1906,NRCAM,4897.0,Amp5,5.7
X-1906,NRF1,4899.0,Amp5,5.66
X-1906,NSUN5,55695.0,Amp5,5.39
X-1906,NSUN5P2,260294.0,Amp5,5.39
X-1906,NT5E,4907.0,Del0.8,0.8
X-1906,NUB1,51667.0,Amp5,5.66
X-1906,NUP205,23165.0,MutNovel,"K1565R,0.809"
X-1906,NUP205,23165.0,Amp5,5.66
X-1906,NYAP1,222950.0,Amp5,5.54
X-1906,OAZ2,4947.0,MutNovel,"P181S,0.520"
X-1906,OCM2,4951.0,Amp5,5.54
X-1906,OPN1SW,611.0,Amp5,5.66
X-1906,OR2A12,346525.0,Amp5,5.78
X-1906,OR2A14,135941.0,Amp5,5.78
X-1906,OR2A2,442361.0,Amp5,5.78
X-1906,OR2A25,392138.0,Amp5,5.78
X-1906,OR2A42,402317.0,Amp5,5.78
X-1906,OR2A42,402317.0,Amp5,5.66
X-1906,OR2A5,393046.0,Amp5,5.78
X-1906,OR2A9P,441295.0,Amp5,5.66
X-1906,OR2AE1,81392.0,Amp5,5.54
X-1906,OR2F1,26211.0,Amp5,5.66
X-1906,OR2F2,135948.0,Amp5,5.66
X-1906,OR6B1,135946.0,Amp5,5.78
X-1906,OR6V1,346517.0,Amp5,5.66
X-1906,OR6W1P,89883.0,Amp5,5.66
X-1906,OR9A2,135924.0,Amp5,5.66
X-1906,OR9A4,130075.0,Amp5,5.66
X-1906,ORAI1,84876.0,MutNovel,"PP43-,1.000"
X-1906,ORAI2,80228.0,Amp5,5.46
X-1906,ORC5,5001.0,Amp5,5.7
X-1906,OTUD1,220213.0,MutNovel,"S326C,1.000"
X-1906,PARP12,64761.0,Amp5,5.66
X-1906,PARP6,56965.0,MutNovel,"M300V,0.664"
X-1906,PAX4,5078.0,Amp5,5.66
X-1906,PAXIP1,22976.0,Amp5,5.94
X-1906,PCDH11Y,83259.0,Del0.8,0.17
X-1906,PCDHB10,56126.0,MutNovel,"A450T,0.667"
X-1906,PCDHB2,56133.0,MutNovel,"G72E,0.900"
X-1906,PCLO,27445.0,Amp5,5.98
X-1906,PCNXL3,399909.0,MutKnownFunctional,"R1725*,0.696"
X-1906,PCNXL4,,MutNovel,"A680T,0.554"
X-1906,PCOLCE,5118.0,Amp5,5.54
X-1906,PDAP1,11333.0,Amp5,5.54
X-1906,PDE4A,5141.0,MutNovel,"S302L,0.250"
X-1906,PDIA4,9601.0,Amp5,5.66
X-1906,PDK4,5166.0,Amp5,5.94
X-1906,PDLIM3,27295.0,Del0.8,0.8
X-1906,PEG10,23089.0,Amp5,5.94
X-1906,PEX1,5189.0,Amp5,5.94
X-1906,PHF3,23469.0,Del0.8,0.78
X-1906,PHLDA1,22822.0,MutNovel,"QQ194Q,1.000"
X-1906,PHTF2,57157.0,Amp5,5.58
X-1906,PICALM,8301.0,MutNovel,"L267F,0.714"
X-1906,PIEZO1,9780.0,MutNovel,"Q749E,0.750"
X-1906,PIGZ,80235.0,MutNovel,"A265V,0.667"
X-1906,PIK3C3,5289.0,MutNovel,"Q326E,0.352"
X-1906,PIK3CG,5294.0,Amp5,5.7
X-1906,PIK3R6,146850.0,MutNovel,"R368C,0.526"
X-1906,PILRA,29992.0,Amp5,5.54
X-1906,PILRB,29990.0,Amp5,5.54
X-1906,PION,54103.0,Amp5,5.58
X-1906,PIP,5304.0,Amp5,5.66
X-1906,PLCB3,5331.0,MutNovel,"P265L,0.692"
X-1906,PLCD3,113026.0,MutNovel,"S614F,0.408"
X-1906,PLEKHA5,54477.0,MutNovel,"P241S,0.233"
X-1906,PLEKHH3,79990.0,MutNovel,"-35GT,0.500"
X-1906,PLOD3,8985.0,Amp5,5.46
X-1906,PLXNA4,91584.0,Amp5,5.66
X-1906,PLXNB2,23654.0,MutKnownFunctional,"Q534*,0.281"
X-1906,PMFBP1,83449.0,MutNovel,"H1000Y,1.000"
X-1906,PMPCB,9512.0,Amp5,5.7
X-1906,PMS1,5378.0,MutNovel,"L487F,0.626"
X-1906,PMS2L2,5380.0,Amp5,5.39
X-1906,PMS2P1,5379.0,Amp5,5.54
X-1906,PMS2P3,5387.0,Amp5,5.28
X-1906,PMS2P4,5382.0,Amp5,5.39
X-1906,PNISR,25957.0,Del0.8,0.8
X-1906,PNPLA8,50640.0,Amp5,5.7
X-1906,PODXL,5420.0,Amp5,5.66
X-1906,POLB,5423.0,MutNovel,"S96F,0.504"
X-1906,POLD1,5424.0,MutNovel,"S121F,0.265"
X-1906,POLR2J,5439.0,Amp5,5.46
X-1906,POLR2J3,548644.0,Amp5,5.46
X-1906,POM121,9883.0,Amp5,5.39
X-1906,POMT2,29954.0,MutNovel,"N601S,0.532"
X-1906,POMZP3,22932.0,Amp5,5.17
X-1906,PON1,5444.0,Amp5,5.94
X-1906,PON2,5445.0,Amp5,5.94
X-1906,PON3,5446.0,Amp5,5.94
X-1906,POP7,10248.0,Amp5,5.54
X-1906,POR,5447.0,Amp5,5.17
X-1906,POT1,25913.0,Amp5,5.86
X-1906,POTEE,445582.0,MutNovel,"K913T,0.600"
X-1906,POU3F2,5454.0,Del0.8,0.8
X-1906,PPP1R12A,4659.0,MutNovel,"P837V,0.720"
X-1906,PPP1R12C,54776.0,MutNovel,"A292V,0.785"
X-1906,PPP1R35,221908.0,Amp5,5.54
X-1906,PPP1R3A,5506.0,Amp5,5.9
X-1906,PPP1R9A,55607.0,Amp5,5.94
X-1906,PPP2R3B,28227.0,MutNovel,"LA853PA,1.000"
X-1906,PPP2R3C,55012.0,MutKnownFunctional,"-23?,1.000"
X-1906,PRDM13,59336.0,Del0.8,0.8
X-1906,PRKAG2,51422.0,Amp5,5.66
X-1906,PRKAR2B,5577.0,Amp5,5.7
X-1906,PRKRIP1,79706.0,Amp5,5.46
X-1906,PRKY,5616.0,Del0.8,0.17
X-1906,PRRT4,401399.0,Amp5,5.66
X-1906,PRSS1,5644.0,Amp5,5.66
X-1906,PRSS37,136242.0,Amp5,5.66
X-1906,PRSS58,136541.0,Amp5,5.66
X-1906,PRY,9081.0,Del0.8,0.17
X-1906,PRY,9081.0,Del0.8,0.17
X-1906,PRY2,442862.0,Del0.8,0.17
X-1906,PRY2,442862.0,Del0.8,0.17
X-1906,PSMC2,5701.0,Amp5,5.7
X-1906,PTCD1,26024.0,Amp5,5.54
X-1906,PTN,5764.0,Amp5,5.66
X-1906,PTP4A1,7803.0,Del0.8,0.78
X-1906,PTPN12,5782.0,Amp5,5.58
X-1906,PTPRN2,5799.0,Amp5,5.21
X-1906,PTPRZ1,5803.0,Amp5,5.86
X-1906,PUS7,54517.0,Amp5,5.7
X-1906,PVRIG,79037.0,Amp5,5.54
X-1906,PXDN,7837.0,MutNovel,"P1195S,0.500"
X-1906,PYCR2,29920.0,MutNovel,"G192R,0.580"
X-1906,RAB19,401409.0,Amp5,5.66
X-1906,RABGEF1,27342.0,Amp5,5.39
X-1906,RABL5,64792.0,Amp5,5.46
X-1906,RALGAPA2,57186.0,MutNovel,"S461F,0.458"
X-1906,RARRES2,5919.0,Amp5,5.66
X-1906,RBM28,55131.0,Amp5,5.66
X-1906,RBM33,155435.0,Amp5,5.94
X-1906,RBM48,84060.0,Amp5,5.94
X-1906,RBM6,10180.0,MutKnownFunctional,"R238*,0.343"
X-1906,RBMY1A3P,286557.0,Del0.8,0.17
X-1906,RBMY1B,378948.0,Del0.8,0.17
X-1906,RBMY1B,378948.0,Del0.8,0.17
X-1906,RBMY1E,378950.0,Del0.8,0.17
X-1906,RBMY1E,378950.0,Del0.8,0.17
X-1906,RBMY1F,159163.0,Del0.8,0.17
X-1906,RBMY1F,159163.0,Del0.8,0.17
X-1906,RBMY1J,378951.0,Del0.8,0.17
X-1906,RBMY1J,378951.0,Del0.8,0.17
X-1906,RBMY2EP,159125.0,Del0.8,0.17
X-1906,RBMY2FP,159162.0,Del0.8,0.17
X-1906,RBMY3AP,64593.0,Del0.8,0.17
X-1906,RECK,8434.0,MutNovel,"S294F,0.774"
X-1906,RELN,5649.0,Amp5,5.7
X-1906,RENBP,5973.0,MutNovel,"A280D,1.000"
X-1906,REPIN1,29803.0,Amp5,5.66
X-1906,RFC2,5982.0,Amp5,5.39
X-1906,RHBDD2,57414.0,Amp5,5.17
X-1906,RHEB,6009.0,Amp5,5.66
X-1906,RHOBTB3,22836.0,MutNovel,"P402S,0.547"
X-1906,RINT1,60561.0,Amp5,5.7
X-1906,RNF112,7732.0,MutNovel,"L620P,0.250"
X-1906,RNF133,168433.0,Amp5,5.86
X-1906,RNF148,378925.0,Amp5,5.86
X-1906,RNF32,140545.0,Amp5,5.94
X-1906,RPL13AP17,399670.0,Amp5,5.98
X-1906,RPL19P12,100129424.0,Amp5,5.7
X-1906,RPRD2,23248.0,MutNovel,"P772L,0.485"
X-1906,RPS4Y1,6192.0,Del0.8,0.17
X-1906,RPS4Y2,140032.0,Del0.8,0.17
X-1906,RPS6KC1,26750.0,MutNovel,"P24L,0.458"
X-1906,RRN3,54700.0,MutNovel,"S361F,0.471"
X-1906,RSBN1L,222194.0,Amp5,5.58
X-1906,RTEL1,51750.0,MutNovel,"GE794G,0.435"
X-1906,RUNDC3B,154661.0,Amp5,5.86
X-1906,RUNX3,864.0,MutNovel,"R276C,0.333"
X-1906,SACS,26278.0,MutNovel,"P3303A,0.571"
X-1906,SALL4,57167.0,MutNovel,"S57T,0.750"
X-1906,SAMD9,54809.0,Amp5,5.94
X-1906,SAMD9L,219285.0,Amp5,5.94
X-1906,SAP25,100316904.0,Amp5,5.54
X-1906,SBDS,51119.0,Amp5,5.39
X-1906,SBDSP1,155370.0,Amp5,5.39
X-1906,SCAP,22937.0,MutNovel,"A961T,0.482"
X-1906,SCAP,22937.0,MutNovel,"G556E,0.556"
X-1906,SEMA3A,10371.0,Amp5,5.86
X-1906,SEMA3C,10512.0,Amp5,5.98
X-1906,SEMA3D,223117.0,Amp5,5.86
X-1906,SERINC2,347735.0,MutNovel,"-373Q,1.000"
X-1906,SERPINE1,5054.0,Amp5,5.46
X-1906,SETD1A,9739.0,MutNovel,"E1068K,0.564"
X-1906,SETX,23064.0,MutNovel,"S1613F,1.000"
X-1906,SGCE,8910.0,Amp5,5.94
X-1906,SH2B2,10603.0,Amp5,5.46
X-1906,SHFM1,7979.0,Amp5,5.94
X-1906,SHH,6469.0,Amp5,5.94
X-1906,SHROOM4,57477.0,MutNovel,"E595K,1.000"
X-1906,SIM1,6492.0,Del0.8,0.8
X-1906,SIRPA,140885.0,MutNovel,"N100E,1.000"
X-1906,SIRPB1,10326.0,MutNovel,"L301V,1.000"
X-1906,SIRPG,55423.0,MutNovel,"M34V,1.000"
X-1906,SKIV2L,6499.0,MutNovel,"E810D,0.819"
X-1906,SLAMF7,57823.0,MutNovel,"G156E,0.818"
X-1906,SLC12A9,56996.0,Amp5,5.46
X-1906,SLC13A1,6561.0,Amp5,5.86
X-1906,SLC13A4,26266.0,Amp5,5.66
X-1906,SLC25A13,10165.0,Amp5,5.94
X-1906,SLC25A4,291.0,Del0.8,0.8
X-1906,SLC25A40,55972.0,Amp5,5.86
X-1906,SLC26A3,1811.0,Amp5,5.7
X-1906,SLC26A4,5172.0,Amp5,5.7
X-1906,SLC26A5,375611.0,Amp5,5.7
X-1906,SLC35B4,84912.0,Amp5,5.66
X-1906,SLC37A3,84255.0,Amp5,5.66
X-1906,SLC4A2,6522.0,Amp5,5.66
X-1906,SLC4A5,57835.0,MutNovel,"S645G,0.600"
X-1906,SLFN11,91607.0,MutNovel,"RT489CT,1.000"
X-1906,SLX4,84464.0,MutNovel,"S467F,0.333"
X-1906,SMAD3,4088.0,MutNovel,"T225I,0.574"
X-1906,SMARCD3,6604.0,Amp5,5.66
X-1906,SMC6,79677.0,MutNovel,"P629L,0.573"
X-1906,SMCR7,125170.0,MutNovel,"S111L,0.352"
X-1906,SMO,6608.0,MutNovel,"G16GL,1.000"
X-1906,SMO,6608.0,Amp5,5.66
X-1906,SMURF1,57154.0,Amp5,5.54
X-1906,SNCG,6623.0,MutNovel,"E20K,1.000"
X-1906,SND1,27044.0,Amp5,5.66
X-1906,SND1-IT1,27099.0,Amp5,5.66
X-1906,SNHG5,387066.0,Del0.8,0.8
X-1906,SNORA14A,677801.0,Amp5,5.17
X-1906,SNORA22,677807.0,Amp5,5.39
X-1906,SNORD50A,26799.0,Del0.8,0.8
X-1906,SNORD50B,692088.0,Del0.8,0.8
X-1906,SNX1,6642.0,MutNovel,"V460M,0.641"
X-1906,SNX14,57231.0,Del0.8,0.8
X-1906,SNX25,83891.0,Del0.8,0.8
X-1906,SNX7,51375.0,MutNovel,"V166I,0.779"
X-1906,SOGA1,,MutNovel,"E1549D,0.535"
X-1906,SORBS2,8470.0,Del0.8,0.8
X-1906,SPAG9,9043.0,MutNovel,"A1253T,0.520"
X-1906,SPAM1,6677.0,Amp5,5.86
X-1906,SPATA4,132851.0,Del0.8,0.77
X-1906,SPDYE3,441272.0,Amp5,5.54
X-1906,SPDYE5,442590.0,Amp5,5.28
X-1906,SPDYE6,729597.0,MutNovel,"R305C,0.434"
X-1906,SPDYE6,729597.0,Amp5,5.46
X-1906,SPDYE7P,441251.0,Amp5,5.39
X-1906,SPDYE8P,389517.0,Amp5,5.39
X-1906,SRCRB4D,136853.0,Amp5,5.17
X-1906,SRFBP1,153443.0,MutNovel,"P333A,0.609"
X-1906,SRI,6717.0,Amp5,5.86
X-1906,SRPK2,6733.0,Amp5,5.7
X-1906,SRRM3,222183.0,Amp5,5.17
X-1906,SRRT,51593.0,Amp5,5.46
X-1906,SRY,6736.0,Del0.8,0.17
X-1906,SSBP1,6742.0,Amp5,5.66
X-1906,SSPO,23145.0,Amp5,5.66
X-1906,ST7,7982.0,Amp5,5.86
X-1906,ST7-AS1,93653.0,Amp5,5.86
X-1906,ST7-AS2,93654.0,Amp5,5.86
X-1906,ST7-OT3,93655.0,Amp5,5.86
X-1906,ST7-OT4,338069.0,Amp5,5.86
X-1906,STAG3,10734.0,Amp5,5.54
X-1906,STAG3L3,442578.0,Amp5,5.39
X-1906,STAG3L4,64940.0,Amp5,5.39
X-1906,STEAP1,26872.0,Amp5,5.86
X-1906,STEAP2,261729.0,Amp5,5.86
X-1906,STEAP4,79689.0,Amp5,5.86
X-1906,STRA8,346673.0,Amp5,5.66
X-1906,STX1A,6804.0,Amp5,5.39
X-1906,STYXL1,51657.0,Amp5,5.17
X-1906,SURF2,6835.0,MutNovel,"V129A,1.000"
X-1906,SUV420H1,51111.0,MutNovel,"S334F,0.738"
X-1906,SVOPL,136306.0,Amp5,5.66
X-1906,SYNCRIP,10492.0,Del0.8,0.8
X-1906,SYPL1,6856.0,Amp5,5.7
X-1906,TAC1,6863.0,Amp5,5.94
X-1906,TAF6,6878.0,Amp5,5.54
X-1906,TARS,6897.0,MutNovel,"K727R,0.622"
X-1906,TAS2R16,50833.0,Amp5,5.86
X-1906,TAS2R3,50831.0,Amp5,5.66
X-1906,TAS2R38,5726.0,Amp5,5.66
X-1906,TAS2R39,259285.0,Amp5,5.66
X-1906,TAS2R4,50832.0,Amp5,5.66
X-1906,TAS2R40,259286.0,Amp5,5.66
X-1906,TAS2R41,259287.0,Amp5,5.66
X-1906,TAS2R5,54429.0,Amp5,5.66
X-1906,TAS2R60,338398.0,Amp5,5.66
X-1906,TBL1Y,90665.0,Del0.8,0.17
X-1906,TBL2,26608.0,Amp5,5.39
X-1906,TBP,6908.0,MutNovel,"-64Q,1.000"
X-1906,TBXAS1,6916.0,Amp5,5.66
X-1906,TECPR1,25851.0,Amp5,5.54
X-1906,TES,26136.0,Amp5,5.9
X-1906,TFEC,22797.0,Amp5,5.9
X-1906,TFPI2,7980.0,Amp5,5.94
X-1906,TFR2,7036.0,Amp5,5.54
X-1906,TGIF2LY,90655.0,Del0.8,0.17
X-1906,THAP5,168451.0,Amp5,5.7
X-1906,THBS2,7058.0,MutNovel,"V597L,1.000"
X-1906,TICAM1,148022.0,MutNovel,"S327F,0.788"
X-1906,TJP2,9414.0,MutNovel,"S263F,1.000"
X-1906,TLR3,7098.0,Del0.8,0.8
X-1906,TMBIM4,51643.0,MutKnownFunctional,"-174?,0.957"
X-1906,TMCO1,54499.0,MutNovel,"R3W,0.636"
X-1906,TMCO3,55002.0,MutNovel,"A468V,0.339"
X-1906,TMEM120A,83862.0,Amp5,5.17
X-1906,TMEM130,222865.0,Amp5,5.54
X-1906,TMEM139,135932.0,Amp5,5.66
X-1906,TMEM140,55281.0,Amp5,5.66
X-1906,TMEM168,64418.0,Amp5,5.9
X-1906,TMEM176A,55365.0,Amp5,5.66
X-1906,TMEM176B,28959.0,Amp5,5.66
X-1906,TMEM18,129787.0,MutKnownFunctional,"W114*,0.516"
X-1906,TMEM209,84928.0,Amp5,5.66
X-1906,TMEM213,155006.0,Amp5,5.66
X-1906,TMEM229A,730130.0,Amp5,5.86
X-1906,TMEM240,339453.0,MutNovel,"A152T,0.526"
X-1906,TMEM60,85025.0,Amp5,5.58
X-1906,TMSB4Y,9087.0,Del0.8,0.17
X-1906,TMUB1,83590.0,Amp5,5.66
X-1906,TNPO3,23534.0,Amp5,5.66
X-1906,TNRC6A,27327.0,MutNovel,"L162F,0.460"
X-1906,TP53BP2,7159.0,MutNovel,"P666L,0.519"
X-1906,TP53TG1,11257.0,Amp5,5.86
X-1906,TPI1P2,286016.0,Amp5,5.66
X-1906,TPK1,27010.0,Amp5,5.66
X-1906,TPP2,7174.0,MutNovel,"P100S,0.505"
X-1906,TPST1,8460.0,Amp5,5.39
X-1906,TRANK1,9881.0,MutNovel,"E2324K,0.474"
X-1906,TRIM24,8805.0,Amp5,5.66
X-1906,TRIM4,89122.0,Amp5,5.54
X-1906,TRIM50,135892.0,Amp5,5.39
X-1906,TRIM56,81844.0,Amp5,5.46
X-1906,TRIML1,339976.0,Del0.8,0.52
X-1906,TRIML2,205860.0,Del0.8,0.52
X-1906,TRIP6,7205.0,Amp5,5.46
X-1906,TRPV5,56302.0,Amp5,5.66
X-1906,TRPV6,55503.0,Amp5,5.66
X-1906,TRRAP,8295.0,Amp5,5.54
X-1906,TSC22D4,81628.0,Amp5,5.54
X-1906,TSEN54,283989.0,MutNovel,"M1MEP,0.583"
X-1906,TSGA13,114960.0,Amp5,5.66
X-1906,TSPAN12,23554.0,Amp5,5.86
X-1906,TSPAN33,340348.0,Amp5,5.66
X-1906,TSPY1,7258.0,Del0.8,0.17
X-1906,TSPY2,64591.0,Del0.8,0.17
X-1906,TSPY3,728137.0,Del0.8,0.17
X-1906,TSPY4,728395.0,Del0.8,0.17
X-1906,TSPY8,728403.0,Del0.8,0.17
X-1906,TSPYL1,7259.0,MutNovel,"V176VW,1.000"
X-1906,TTC12,54970.0,MutNovel,"L481F,0.806"
X-1906,TTC26,79989.0,Amp5,5.66
X-1906,TTN,7273.0,MutKnownFunctional,"W15601*,0.364"
X-1906,TTTY10,246119.0,Del0.8,0.17
X-1906,TTTY11,83866.0,Del0.8,0.17
X-1906,TTTY12,83867.0,Del0.8,0.17
X-1906,TTTY13,83868.0,Del0.8,0.17
X-1906,TTTY14,83869.0,Del0.8,0.17
X-1906,TTTY15,64595.0,Del0.8,0.17
X-1906,TTTY16,252948.0,Del0.8,0.17
X-1906,TTTY17A,252949.0,Del0.8,0.15
X-1906,TTTY17A,252949.0,Del0.8,0.15
X-1906,TTTY18,252950.0,Del0.8,0.17
X-1906,TTTY19,252952.0,Del0.8,0.17
X-1906,TTTY1B,100101116.0,Del0.8,0.17
X-1906,TTTY1B,100101116.0,Del0.8,0.17
X-1906,TTTY2,60439.0,Del0.8,0.17
X-1906,TTTY2,60439.0,Del0.8,0.17
X-1906,TTTY20,252951.0,Del0.8,0.17
X-1906,TTTY21,252953.0,Del0.8,0.17
X-1906,TTTY21,252953.0,Del0.8,0.17
X-1906,TTTY22,252954.0,Del0.8,0.17
X-1906,TTTY23,252955.0,Del0.8,0.17
X-1906,TTTY23,252955.0,Del0.8,0.17
X-1906,TTTY3,114760.0,Del0.8,0.15
X-1906,TTTY3,114760.0,Del0.8,0.15
X-1906,TTTY4,114761.0,Del0.8,0.15
X-1906,TTTY4,114761.0,Del0.8,0.15
X-1906,TTTY5,83863.0,Del0.8,0.17
X-1906,TTTY6,84672.0,Del0.8,0.17
X-1906,TTTY6,84672.0,Del0.8,0.17
X-1906,TTTY7,246122.0,Del0.8,0.17
X-1906,TTTY7,246122.0,Del0.8,0.17
X-1906,TTTY7B,100101120.0,Del0.8,0.17
X-1906,TTTY7B,100101120.0,Del0.8,0.17
X-1906,TTTY8,84673.0,Del0.8,0.17
X-1906,TTTY8,84673.0,Del0.8,0.17
X-1906,TTTY9A,83864.0,Del0.8,0.17
X-1906,TTTY9A,83864.0,Del0.8,0.17
X-1906,TUBGCP5,114791.0,MutNovel,"R52C,0.648"
X-1906,TXLNG2P,246126.0,Del0.8,0.17
X-1906,TYW1,55253.0,Amp5,5.39
X-1906,TYW1B,441250.0,MutNovel,"R513H,0.379"
X-1906,TYW1B,441250.0,Amp5,5.39
X-1906,TYW3,127253.0,MutNovel,"T97F,0.675"
X-1906,UBE2H,7328.0,Amp5,5.66
X-1906,UBE3C,9690.0,Amp5,5.94
X-1906,UBN2,254048.0,Amp5,5.66
X-1906,UBQLN1,29979.0,MutNovel,"P213S,1.000"
X-1906,UBR4,23352.0,MutNovel,"T3066I,0.238"
X-1906,UFSP1,402682.0,Amp5,5.46
X-1906,UFSP2,55325.0,Del0.8,0.8
X-1906,UPK3B,80761.0,Amp5,5.17
X-1906,USP36,57602.0,MutNovel,"KKK958K,0.477"
X-1906,USP45,85015.0,Del0.8,0.8
X-1906,USP48,84196.0,MutNovel,"K794N,0.806"
X-1906,USP9Y,8287.0,Del0.8,0.17
X-1906,UTY,7404.0,Del0.8,0.17
X-1906,VCY,9084.0,Del0.8,0.17
X-1906,VCY,9084.0,Del0.8,0.17
X-1906,VGF,7425.0,Amp5,5.46
X-1906,VIPR2,7434.0,Amp5,6.41
X-1906,VKORC1L1,154807.0,Amp5,5.39
X-1906,VPS13B,157680.0,MutNovel,"P3285L,0.282"
X-1906,VPS37D,155382.0,MutNovel,"A4V,0.770"
X-1906,VPS37D,155382.0,Amp5,5.39
X-1906,WASL,8976.0,Amp5,5.86
X-1906,WBSCR17,64409.0,Amp5,5.39
X-1906,WBSCR22,114049.0,Amp5,5.39
X-1906,WBSCR27,155368.0,Amp5,5.39
X-1906,WBSCR28,135886.0,Amp5,5.39
X-1906,WDR17,116966.0,Del0.8,0.77
X-1906,WDR45,11152.0,MutNovel,"G314S,1.000"
X-1906,WDR60,55112.0,Amp5,6.41
X-1906,WDR86,349136.0,Amp5,5.66
X-1906,WDR91,29062.0,Amp5,5.66
X-1906,WEE2,494551.0,Amp5,5.66
X-1906,WNT16,51384.0,Amp5,5.86
X-1906,WNT2,7472.0,Amp5,5.86
X-1906,XKRY2,353515.0,Del0.8,0.17
X-1906,XKRY2,353515.0,Del0.8,0.17
X-1906,XRCC2,7516.0,Amp5,5.66
X-1906,XRCC6,2547.0,MutNovel,"I75M,0.209"
X-1906,YWHAG,7532.0,Amp5,5.17
X-1906,ZC3HAV1,56829.0,Amp5,5.66
X-1906,ZC3HAV1L,92092.0,Amp5,5.66
X-1906,ZC3HC1,51530.0,Amp5,5.66
X-1906,ZCWPW1,55063.0,Amp5,5.54
X-1906,ZDHHC4,55146.0,MutNovel,"S13L,0.471"
X-1906,ZFP42,132625.0,Del0.8,0.58
X-1906,ZFY,7544.0,Del0.8,0.17
X-1906,ZKSCAN1,7586.0,Amp5,5.54
X-1906,ZKSCAN5,23660.0,Amp5,5.54
X-1906,ZMYM4,9202.0,MutNovel,"N204I,0.772"
X-1906,ZNF107,51427.0,Amp5,5.58
X-1906,ZNF117,51351.0,Amp5,5.58
X-1906,ZNF138,7697.0,Amp5,5.58
X-1906,ZNF157,7712.0,MutNovel,"E415K,1.000"
X-1906,ZNF212,7988.0,Amp5,5.66
X-1906,ZNF219,51222.0,MutNovel,"G637N,0.573"
X-1906,ZNF267,10308.0,MutNovel,"G666S,0.485"
X-1906,ZNF273,10793.0,Amp5,5.58
X-1906,ZNF277,11179.0,Amp5,5.9
X-1906,ZNF282,8427.0,Amp5,5.66
X-1906,ZNF292,23036.0,Del0.8,0.76
X-1906,ZNF3,7551.0,Amp5,5.54
X-1906,ZNF302,55900.0,MutNovel,"T280M,0.243"
X-1906,ZNF394,84124.0,Amp5,5.54
X-1906,ZNF398,57541.0,Amp5,5.66
X-1906,ZNF425,155054.0,Amp5,5.66
X-1906,ZNF467,168544.0,Amp5,5.66
X-1906,ZNF469,84627.0,MutNovel,"R2515W,1.000"
X-1906,ZNF469,84627.0,MutNovel,"R3426Q,1.000"
X-1906,ZNF498,221785.0,Amp5,5.54
X-1906,ZNF623,9831.0,MutNovel,"H481Y,0.438"
X-1906,ZNF655,79027.0,Amp5,5.54
X-1906,ZNF679,168417.0,Amp5,5.58
X-1906,ZNF680,340252.0,Amp5,5.58
X-1906,ZNF721,170960.0,MutNovel,"H691Y,0.317"
X-1906,ZNF727,442319.0,Amp5,5.58
X-1906,ZNF735,730291.0,Amp5,5.58
X-1906,ZNF736,728927.0,Amp5,5.58
X-1906,ZNF746,155061.0,Amp5,5.66
X-1906,ZNF767,79970.0,Amp5,5.66
X-1906,ZNF775,285971.0,Amp5,5.66
X-1906,ZNF777,27153.0,Amp5,5.66
X-1906,ZNF783,100289678.0,MutNovel,"I273L,0.892"
X-1906,ZNF783,100289678.0,Amp5,5.66
X-1906,ZNF786,136051.0,Amp5,5.66
X-1906,ZNF789,285989.0,Amp5,5.54
X-1906,ZNF800,168850.0,Amp5,5.66
X-1906,ZNF804B,219578.0,Amp5,5.86
X-1906,ZNF862,643641.0,Amp5,5.66
X-1906,ZNF92,168374.0,Amp5,5.39
X-1906,ZNHIT1,10467.0,Amp5,5.46
X-1906,ZNHIT3,9326.0,MutNovel,"S88F,0.460"
X-1906,ZP3,7784.0,Amp5,5.17
X-1906,ZRANB1,54764.0,MutKnownFunctional,"-709?,1.000"
X-1906,ZSCAN21,7589.0,Amp5,5.54
X-1906,ZYX,7791.0,Amp5,5.66
X-2163,ABCA1,19.0,MutNovel,"R437W,0.750"
X-2163,ABCA7,10347.0,MutNovel,"L812M,0.818"
X-2163,ABCB6,10058.0,MutNovel,"R439C,0.434"
X-2163,ABCC1,4363.0,MutNovel,"Q909R,0.637"
X-2163,ABCC5,10057.0,MutNovel,"R1387C,0.268"
X-2163,ABR,29.0,MutNovel,"P18T,0.985"
X-2163,ACACB,32.0,MutNovel,"D752N,0.436"
X-2163,ACCSL,390110.0,MutNovel,"P494F,0.381"
X-2163,ACR,49.0,MutNovel,"C177G,1.000"
X-2163,ACSL1,2180.0,MutNovel,"P364L,0.327"
X-2163,ACTN1,87.0,MutNovel,"S404F,0.358"
X-2163,ADAM11,4185.0,MutKnownFunctional,"RR762R*,1.000"
X-2163,ADAM3A,1587.0,Del0.8,0.19
X-2163,ADAM5P,255926.0,Del0.8,0.53
X-2163,ADAP2,55803.0,Del0.8,0.69
X-2163,ADAT3,113179.0,MutNovel,"S250F,0.615"
X-2163,ADCY1,107.0,MutNovel,"R803K,0.783"
X-2163,ADCY9,115.0,MutNovel,"P270L,0.432"
X-2163,AFAP1,60312.0,MutNovel,"P349S,0.759"
X-2163,AFF3,3899.0,MutNovel,"SA620-,0.256"
X-2163,AHNAK,79026.0,MutNovel,"D3585H,0.342"
X-2163,AK4,205.0,MutNovel,"S75F,0.202"
X-2163,AKAP9,10142.0,MutNovel,"L1305S,0.734"
X-2163,AMELY,266.0,Del0.8,0.15
X-2163,AMOTL1,154810.0,MutNovel,"S930P,0.625"
X-2163,ANKRD32,84250.0,MutNovel,"P713S,0.684"
X-2163,ANKRD32,84250.0,MutNovel,"H846P,0.717"
X-2163,ANKRD42,338699.0,MutNovel,"MG292IR,1.000"
X-2163,ANO6,196527.0,MutNovel,"P360S,0.330"
X-2163,ANO6,196527.0,MutNovel,"T792I,0.630"
X-2163,AP3B2,8120.0,MutNovel,"E985K,0.600"
X-2163,APLP1,333.0,MutNovel,"S170L,0.607"
X-2163,ARGFXP2,503640.0,Del0.8,0.75
X-2163,ARHGAP18,93663.0,MutNovel,"L376F,1.000"
X-2163,ARHGAP29,9411.0,MutNovel,"R348C,0.833"
X-2163,ARHGAP33,115703.0,MutNovel,"P608L,0.488"
X-2163,ARHGEF10L,55160.0,MutNovel,"L278F,0.473"
X-2163,ARID2,196528.0,MutNovel,"H271Y,0.456"
X-2163,ARID5A,10865.0,MutNovel,"V139G,0.385"
X-2163,ASIC1,,MutNovel,"E375K,0.286"
X-2163,ASIC3,,MutNovel,"G470K,0.675"
X-2163,ATAD5,79915.0,Del0.8,0.69
X-2163,ATAT1,79969.0,MutNovel,"L68F,0.500"
X-2163,ATG2B,55102.0,MutNovel,"S78F,0.600"
X-2163,ATG7,10533.0,MutNovel,"D41G,0.474"
X-2163,ATM,472.0,MutNovel,"S214F,0.676"
X-2163,ATMIN,23300.0,MutNovel,"P224L,0.502"
X-2163,ATP10A,57194.0,MutNovel,"Q107K,0.444"
X-2163,ATP2B1,490.0,MutNovel,"P685S,0.405"
X-2163,ATP5A1,498.0,MutNovel,"S419F,0.997"
X-2163,ATP8A2,51761.0,MutNovel,"S525F,0.667"
X-2163,ATP9A,10079.0,MutNovel,"G678E,0.298"
X-2163,ATRX,546.0,MutNovel,"G1031S,1.000"
X-2163,ATXN7L1,222255.0,MutNovel,"P806L,0.553"
X-2163,AZGP1,563.0,MutNovel,"P207S,0.333"
X-2163,B3GAT3,26229.0,MutNovel,"H154Y,0.657"
X-2163,BBS2,583.0,MutNovel,"P432L,0.731"
X-2163,BCORP1,286554.0,Del0.8,0.15
X-2163,BEGAIN,57596.0,MutNovel,"R401Q,0.250"
X-2163,BHLHE41,79365.0,MutNovel,"A260G,0.492"
X-2163,BIRC3,330.0,MutNovel,"A506P,0.222"
X-2163,BLMH,642.0,Del0.8,0.69
X-2163,BMPR1A,657.0,MutNovel,"M167I,0.713"
X-2163,BMPR2,659.0,MutNovel,"G1023S,0.382"
X-2163,BPTF,2186.0,MutNovel,"S2719F,0.357"
X-2163,BPY2B,442867.0,Del0.8,0.15
X-2163,BPY2B,442867.0,Del0.8,0.15
X-2163,BRCC3,79184.0,MutNovel,"VVQA5V,0.375"
X-2163,BRE,9577.0,MutNovel,"F318S,0.671"
X-2163,BTBD11,121551.0,MutNovel,"R153P,0.733"
X-2163,C10orf2,56652.0,MutNovel,"R357C,0.337"
X-2163,C10orf90,118611.0,MutNovel,"S466F,1.000"
X-2163,C11orf41,25758.0,MutNovel,"P1601L,0.994"
X-2163,C12orf65,91574.0,MutNovel,"V92A,0.540"
X-2163,C14orf159,80017.0,MutNovel,"P90S,0.292"
X-2163,C15orf39,56905.0,MutNovel,"T219P,0.289"
X-2163,C15orf39,56905.0,MutNovel,"D740DPA,0.315"
X-2163,C15orf41,84529.0,MutNovel,"I2V,0.507"
X-2163,C15orf61,145853.0,MutNovel,"A3P,0.550"
X-2163,C16orf96,342346.0,MutNovel,"L966F,0.800"
X-2163,C17orf79,55352.0,Del0.8,0.75
X-2163,C17orf80,55028.0,MutNovel,"D61V,0.824"
X-2163,C18orf1,753.0,MutNovel,"P182L,1.000"
X-2163,C18orf1,753.0,MutNovel,"P186L,1.000"
X-2163,C20orf111,51526.0,MutNovel,"P158L,0.529"
X-2163,C21orf58,54058.0,MutNovel,"H299PN,0.258"
X-2163,C2CD2L,9854.0,MutNovel,"R43C,0.444"
X-2163,C2orf47,79568.0,MutNovel,"L240V,0.289"
X-2163,C2orf48,348738.0,MutNovel,"P110R,0.296"
X-2163,C5orf4,10826.0,MutNovel,"HH279H,0.578"
X-2163,C9orf53,51198.0,Del0.8,0.15
X-2163,CACNA1H,8912.0,MutNovel,"H1996Y,0.667"
X-2163,CAD,790.0,MutNovel,"T925I,0.313"
X-2163,CALCOCO1,57658.0,MutNovel,"R22W,0.515"
X-2163,CALD1,800.0,MutNovel,"RE318R,0.234"
X-2163,CAMSAP3,57662.0,MutNovel,"E636K,1.000"
X-2163,CASZ1,54897.0,MutNovel,"D1167N,0.889"
X-2163,CBWD1,55871.0,MutNovel,"V5G,0.400"
X-2163,CBWD5,220869.0,MutNovel,"V5G,0.947"
X-2163,CBX4,8535.0,MutNovel,"S36A,0.458"
X-2163,CC2D1B,200014.0,MutNovel,"EEE95E,0.400"
X-2163,CCDC146,57639.0,MutNovel,"G222E,1.000"
X-2163,CCDC150,284992.0,MutNovel,"E998K,0.677"
X-2163,CCDC24,149473.0,MutNovel,"R82C,0.235"
X-2163,CCDC61,729440.0,MutNovel,"S381C,0.548"
X-2163,CCDC64,92558.0,MutNovel,"R155Q,0.353"
X-2163,CCDC64,92558.0,MutNovel,"H524R,0.688"
X-2163,CCDC71,64925.0,MutNovel,"R89C,0.298"
X-2163,CCDC74A,90557.0,MutNovel,"S15L,1.000"
X-2163,CCDC74A,90557.0,MutNovel,"P234L,0.641"
X-2163,CCNA1,8900.0,MutNovel,"G100E,0.478"
X-2163,CCNJL,79616.0,MutNovel,"T341N,0.211"
X-2163,CD207,50489.0,MutNovel,"S115N,0.667"
X-2163,CDC42EP1,11135.0,MutNovel,"T249I,1.000"
X-2163,CDH1,999.0,MutNovel,"S131F,0.690"
X-2163,CDHR3,222256.0,MutNovel,"P568S,0.417"
X-2163,CDHR3,222256.0,MutNovel,"L726F,0.500"
X-2163,CDK20,23552.0,MutNovel,"P205S,0.701"
X-2163,CDKL5,6792.0,MutNovel,"S663W,1.000"
X-2163,CDKN2A,1029.0,Del0.8,0.15
X-2163,CDKN2B,1030.0,Del0.8,0.3
X-2163,CDY1B,253175.0,Del0.8,0.15
X-2163,CDY1B,253175.0,Del0.8,0.15
X-2163,CDY2A,9426.0,Del0.8,0.15
X-2163,CDY2A,9426.0,Del0.8,0.15
X-2163,CDY2B,203611.0,Del0.8,0.15
X-2163,CDY2B,203611.0,Del0.8,0.15
X-2163,CELSR1,9620.0,MutNovel,"P1961L,0.667"
X-2163,CELSR2,1952.0,MutNovel,"R539H,0.269"
X-2163,CELSR2,1952.0,MutNovel,"P2692L,0.524"
X-2163,CEP128,145508.0,MutNovel,"S1008F,0.838"
X-2163,CEP192,55125.0,MutNovel,"S2490F,1.000"
X-2163,CEP350,9857.0,MutNovel,"S257F,0.636"
X-2163,CEP350,9857.0,MutNovel,"P648S,0.607"
X-2163,CERS5,91012.0,MutNovel,"P24T,0.302"
X-2163,CFHR3,10878.0,Del0.8,0.73
X-2163,CGN,57530.0,MutNovel,"A545V,0.667"
X-2163,CHCHD10,400916.0,MutNovel,"V55L,0.240"
X-2163,CHD2,1106.0,MutNovel,"P1808L,0.587"
X-2163,CHD4,1108.0,MutKnownFunctional,"Q1675*,0.223"
X-2163,CHD9,80205.0,MutNovel,"P116L,0.364"
X-2163,CHIC1,53344.0,MutNovel,"E55K,1.000"
X-2163,CHST12,55501.0,MutNovel,"L296F,0.205"
X-2163,CHST3,9469.0,MutNovel,"S351F,0.400"
X-2163,CLDND1,56650.0,MutNovel,"K128E,0.263"
X-2163,CLOCK,9575.0,MutNovel,"G721E,1.000"
X-2163,CLPX,10845.0,MutNovel,"I289V,0.494"
X-2163,CLUAP1,23059.0,MutNovel,"R228W,0.544"
X-2163,CNTNAP3,79937.0,MutNovel,"R743L,0.714"
X-2163,CNTNAP3,79937.0,MutNovel,"R414S,1.000"
X-2163,CNTNAP3B,728577.0,MutNovel,"R1050Q,0.889"
X-2163,CNTNAP3B,728577.0,MutNovel,"V1138A,0.900"
X-2163,CNTRL,11064.0,MutNovel,"P372L,0.364"
X-2163,COL22A1,169044.0,MutNovel,"R232C,0.375"
X-2163,COL4A4,1286.0,MutNovel,"S1125F,0.295"
X-2163,COL4A4,1286.0,MutNovel,"G963E,0.526"
X-2163,COL4A4,1286.0,MutNovel,"G469E,0.458"
X-2163,COPG2,26958.0,MutNovel,"N17H,0.419"
X-2163,COPS2,9318.0,MutNovel,"M132I,0.410"
X-2163,COQ2,27235.0,MutNovel,"F288Y,0.678"
X-2163,CPA4,51200.0,MutNovel,"E330K,0.667"
X-2163,CPD,1362.0,Del0.8,0.69
X-2163,CPT1A,1374.0,MutNovel,"R89W,0.560"
X-2163,CRLF3,51379.0,Del0.8,0.69
X-2163,CRYBG3,,MutNovel,"G1683A,0.462"
X-2163,CSPG4P1Y,114758.0,Del0.8,0.15
X-2163,CSPG4P1Y,114758.0,Del0.8,0.15
X-2163,CTNNA2,1496.0,MutNovel,"G211R,0.746"
X-2163,CTNNB1,1499.0,MutNovel,"S45F,0.321"
X-2163,CTSS,1520.0,MutNovel,"V5G,0.800"
X-2163,CUBN,8029.0,MutNovel,"S3088F,0.333"
X-2163,CUL7,9820.0,MutNovel,"E475-,0.532"
X-2163,CYP2J2,1573.0,MutNovel,"M116I,0.250"
X-2163,DACH1,1602.0,MutNovel,"G515R,1.000"
X-2163,DAPK1,1612.0,MutNovel,"S202N,0.750"
X-2163,DAZ1,1617.0,Del0.8,0.15
X-2163,DAZ2,57055.0,Del0.8,0.15
X-2163,DAZ3,57054.0,Del0.8,0.15
X-2163,DAZ3,57054.0,Del0.8,0.15
X-2163,DAZ4,57135.0,Del0.8,0.15
X-2163,DAZ4,57135.0,Del0.8,0.15
X-2163,DBIL5P,100131454.0,Del0.8,0.76
X-2163,DDR1,780.0,MutNovel,"A570V,0.410"
X-2163,DDX10,1662.0,MutNovel,"R22C,0.909"
X-2163,DDX18,8886.0,MutNovel,"P492S,0.644"
X-2163,DDX3Y,8653.0,Del0.8,0.15
X-2163,DDX52,11056.0,MutNovel,"H443Y,1.000"
X-2163,DDX54,79039.0,MutNovel,"S502L,0.377"
X-2163,DDX60,55601.0,MutNovel,"F33I,1.000"
X-2163,DDX60L,91351.0,MutNovel,"S647L,0.661"
X-2163,DEPDC1,55635.0,MutKnownFunctional,"Y308*,0.429"
X-2163,DHCR7,1717.0,MutNovel,"E288K,0.671"
X-2163,DHRS4L2,317749.0,MutNovel,"P202S,0.375"
X-2163,DHRSX,207063.0,MutNovel,"K689G,0.214"
X-2163,DLC1,10395.0,MutNovel,"S933L,0.440"
X-2163,DLEC1,9940.0,MutKnownFunctional,"W1685*,1.000"
X-2163,DMD,1756.0,MutNovel,"P3649S,1.000"
X-2163,DMD,1756.0,MutNovel,"L1162F,1.000"
X-2163,DMD,1756.0,Del0.8,0.17
X-2163,DNA2,1763.0,MutNovel,"F777Y,0.316"
X-2163,DNAI1,27019.0,MutKnownFunctional,"R209*,0.500"
X-2163,DNAJC10,54431.0,MutNovel,"T765I,0.337"
X-2163,DNAL1,83544.0,MutNovel,"L117S,0.736"
X-2163,DND1,373863.0,MutNovel,"D68E,0.273"
X-2163,DNM3,26052.0,MutNovel,"E212K,1.000"
X-2163,DNTTIP1,116092.0,MutNovel,"V47G,0.550"
X-2163,DOHH,83475.0,MutNovel,"P236L,0.600"
X-2163,DOPEY1,23033.0,MutNovel,"D1054N,0.459"
X-2163,DOT1L,84444.0,MutNovel,"S938F,0.277"
X-2163,DPRXP4,503645.0,Del0.8,0.69
X-2163,DSP,1832.0,MutNovel,"R892C,1.000"
X-2163,DST,667.0,MutNovel,"N2404I,0.400"
X-2163,DTL,51514.0,MutNovel,"S500L,0.324"
X-2163,DTNBP1,84062.0,MutNovel,"V318I,0.373"
X-2163,EBF4,57593.0,MutNovel,"G573R,0.212"
X-2163,EFCAB5,374786.0,Del0.8,0.69
X-2163,EHHADH,1962.0,MutNovel,"S452F,0.281"
X-2163,EIF1AY,9086.0,Del0.8,0.15
X-2163,EIF2B1,1967.0,MutNovel,"A26G,0.342"
X-2163,EIF2B5,8893.0,MutNovel,"R241P,0.514"
X-2163,EIF2C4,192670.0,MutNovel,"S243F,0.561"
X-2163,EIF4EBP1,1978.0,MutNovel,"P79S,0.362"
X-2163,ELL3,80237.0,MutNovel,"V237M,0.281"
X-2163,ENC1,8507.0,MutNovel,"A296V,0.600"
X-2163,ENPP1,5167.0,MutNovel,"G303E,1.000"
X-2163,EP400,57634.0,MutNovel,"K1118R,0.463"
X-2163,EPC2,26122.0,MutNovel,"G576E,0.337"
X-2163,EPHX1,2052.0,MutNovel,"V358I,0.633"
X-2163,EPRS,2058.0,MutNovel,"R1119C,0.249"
X-2163,EPSTI1,94240.0,MutNovel,"F351I,0.538"
X-2163,ETV1,2115.0,MutNovel,"P470S,0.253"
X-2163,ETV1,2115.0,MutKnownFunctional,"Q3*,0.500"
X-2163,EVC2,132884.0,MutNovel,"E1029G,1.000"
X-2163,EVI2A,2123.0,Del0.8,0.21
X-2163,EVI2B,2124.0,Del0.8,0.21
X-2163,EXOC7,23265.0,MutNovel,"R606H,0.260"
X-2163,EXOC8,149371.0,MutNovel,"H544Y,0.377"
X-2163,F2R,2149.0,MutNovel,"P85S,0.400"
X-2163,F8A1,8263.0,MutNovel,"T329N,0.403"
X-2163,FAIM2,23017.0,MutNovel,"S222F,1.000"
X-2163,FAM135A,57579.0,MutNovel,"A308V,0.519"
X-2163,FAM149B1,317662.0,MutNovel,"G67E,0.565"
X-2163,FAM151B,167555.0,MutNovel,"P159L,0.333"
X-2163,FAM155A,728215.0,Del0.8,0.66
X-2163,FAM162A,26355.0,MutNovel,"I72V,0.434"
X-2163,FAM173A,65990.0,MutNovel,"R88K,0.431"
X-2163,FAM197Y2P,252946.0,Del0.8,0.15
X-2163,FAM3B,54097.0,MutNovel,"D166N,0.400"
X-2163,FAM41AY1,340618.0,Del0.8,0.15
X-2163,FAM41AY1,340618.0,Del0.8,0.15
X-2163,FAM57A,79850.0,Del0.8,0.76
X-2163,FAM71E1,112703.0,MutNovel,"P167S,0.500"
X-2163,FANCM,57697.0,MutNovel,"F621V,0.294"
X-2163,FASTKD5,60493.0,MutNovel,"S452F,0.370"
X-2163,FBRSL1,57666.0,MutNovel,"A293T,0.474"
X-2163,FBXO10,26267.0,MutNovel,"P566L,0.542"
X-2163,FBXO11,80204.0,MutNovel,"H212Y,0.657"
X-2163,FBXO43,286151.0,MutNovel,"K146R,0.640"
X-2163,FGD6,55785.0,MutNovel,"P736S,0.600"
X-2163,FHDC1,85462.0,MutNovel,"P877L,1.000"
X-2163,FHOD3,80206.0,MutNovel,"G93S,0.986"
X-2163,FIGN,55137.0,MutNovel,"A155V,0.638"
X-2163,FKBP4,2288.0,MutNovel,"G41D,0.699"
X-2163,FMO4,2329.0,MutNovel,"G558E,0.317"
X-2163,FMR1,2332.0,MutNovel,"H24Y,1.000"
X-2163,FNDC3A,22862.0,MutNovel,"H104Y,0.518"
X-2163,FPGT,8790.0,MutNovel,"Y357F,0.542"
X-2163,FSIP2,401024.0,MutNovel,"N582S,1.000"
X-2163,FTSJD2,23070.0,MutNovel,"K431L,0.493"
X-2163,FUCA1,2517.0,MutNovel,"P254L,0.460"
X-2163,FURIN,5045.0,MutNovel,"H160Y,0.399"
X-2163,GAPVD1,26130.0,MutNovel,"G795S,0.782"
X-2163,GART,2618.0,MutNovel,"A3G,0.227"
X-2163,GAS7,8522.0,MutNovel,"F220L,0.998"
X-2163,GCDH,2639.0,MutNovel,"D396N,0.691"
X-2163,GCNT2,2651.0,MutNovel,"E90K,0.205"
X-2163,GDPD5,81544.0,MutNovel,"P226S,0.355"
X-2163,GEMIN4,50628.0,Del0.8,0.76
X-2163,GGT1,2678.0,MutNovel,"A42T,0.571"
X-2163,GGT1,2678.0,MutNovel,"K52E,0.625"
X-2163,GGT2,,MutNovel,"L51S,1.000"
X-2163,GGT2,,MutNovel,"M43V,1.000"
X-2163,GIGYF2,26058.0,MutNovel,"PQ1231P,0.714"
X-2163,GLOD4,51031.0,Del0.8,0.76
X-2163,GNG7,2788.0,MutNovel,"A10V,0.699"
X-2163,GOLGA2,2801.0,MutNovel,"Y850H,0.271"
X-2163,GOLGA2P2Y,84559.0,Del0.8,0.15
X-2163,GOLGA2P2Y,84559.0,Del0.8,0.15
X-2163,GOLGA8B,440270.0,MutNovel,"K354E,0.750"
X-2163,GOSR1,9527.0,Del0.8,0.69
X-2163,GPBP1L1,60313.0,MutNovel,"S126Y,0.427"
X-2163,GPCPD1,56261.0,MutNovel,"E168K,0.314"
X-2163,GPR98,84059.0,MutNovel,"E1735K,1.000"
X-2163,GPRC5A,9052.0,Amp5,5.21
X-2163,GSTT1,2952.0,Del0.8,0.62
X-2163,GSTTP1,25774.0,Del0.8,0.62
X-2163,GXYLT2,727936.0,MutNovel,"R427K,0.682"
X-2163,GYG2P1,352887.0,Del0.8,0.15
X-2163,HCN2,610.0,MutNovel,"P435L,0.500"
X-2163,HDAC6,10013.0,MutNovel,"D1085N,1.000"
X-2163,HEXDC,284004.0,MutNovel,"A227V,0.680"
X-2163,HIC2,23119.0,MutNovel,"R174W,1.000"
X-2163,HIPK1,204851.0,MutNovel,"S840F,0.514"
X-2163,HIVEP1,3096.0,MutNovel,"P893L,0.443"
X-2163,HIVEP1,3096.0,MutNovel,"P1400L,0.545"
X-2163,HIVEP3,59269.0,MutNovel,"P962L,0.593"
X-2163,HK1,3098.0,MutNovel,"G288E,0.236"
X-2163,HLA-G,3135.0,MutNovel,"A34T,1.000"
X-2163,HLA-G,3135.0,MutNovel,"M69K,1.000"
X-2163,HLA-G,3135.0,MutNovel,"W75R,1.000"
X-2163,HLA-G,3135.0,MutNovel,"I123Y,0.938"
X-2163,HLA-G,3135.0,MutNovel,"E138T,1.000"
X-2163,HLA-G,3135.0,MutNovel,"Y140F,1.000"
X-2163,HP1BP3,50809.0,MutNovel,"M342L,0.516"
X-2163,HPN,3249.0,MutKnownFunctional,"Q129*,0.423"
X-2163,HSFY2,159119.0,Del0.8,0.15
X-2163,HSFY2,159119.0,Del0.8,0.15
X-2163,HSPA1B,3304.0,MutNovel,"K108I,0.273"
X-2163,HSPA1B,3304.0,MutNovel,"E110L,0.214"
X-2163,HSPG2,3339.0,MutNovel,"P3424S,0.485"
X-2163,HUWE1,10075.0,MutNovel,"P2999F,0.997"
X-2163,HUWE1,10075.0,MutNovel,"S2673F,1.000"
X-2163,HYDIN,54768.0,MutNovel,"V1717M,1.000"
X-2163,HYDIN,54768.0,MutNovel,"P1667S,1.000"
X-2163,IAH1,285148.0,MutNovel,"V44G,0.430"
X-2163,IBTK,25998.0,MutNovel,"R1205W,0.236"
X-2163,IFFO1,25900.0,MutNovel,"R333C,0.384"
X-2163,IL12RB2,3595.0,MutNovel,"G370R,0.750"
X-2163,INF2,64423.0,MutNovel,"P515S,0.284"
X-2163,INO80,54617.0,MutNovel,"T680I,0.497"
X-2163,INO80D,54891.0,MutNovel,"P846S,0.629"
X-2163,INO80D,54891.0,MutNovel,"P96L,0.745"
X-2163,INTS2,57508.0,MutNovel,"D3N,0.216"
X-2163,IPPK,64768.0,MutNovel,"P353L,0.689"
X-2163,IRGQ,126298.0,MutNovel,"P70L,0.650"
X-2163,ITGA6,3655.0,MutNovel,"R218C,0.562"
X-2163,ITGA9,3680.0,MutNovel,"D373N,0.444"
X-2163,ITGB4,3691.0,MutNovel,"V1275I,0.667"
X-2163,ITPR1,3708.0,MutNovel,"R778Q,0.333"
X-2163,JAK1,3716.0,MutNovel,"L150F,0.510"
X-2163,JARID2,3720.0,MutNovel,"P138F,0.723"
X-2163,JARID2,3720.0,MutNovel,"G308R,0.470"
X-2163,JUN,3725.0,MutNovel,"T286I,0.455"
X-2163,JUN,3725.0,MutNovel,"M38L,0.525"
X-2163,KAT2A,2648.0,MutNovel,"K124E,0.218"
X-2163,KAT2B,8850.0,MutNovel,"K112E,0.389"
X-2163,KAT6B,23522.0,MutNovel,"P89S,0.677"
X-2163,KCNG1,3755.0,MutNovel,"P121S,0.455"
X-2163,KCNQ1,3784.0,MutNovel,"D488N,1.000"
X-2163,KCTD10,83892.0,MutNovel,"A18G,0.250"
X-2163,KCTD20,222658.0,MutNovel,"S284F,0.465"
X-2163,KDM5D,8284.0,Del0.8,0.15
X-2163,KIAA1609,57707.0,MutNovel,"E118G,0.538"
X-2163,KIAA1731,85459.0,MutNovel,"L1312P,0.825"
X-2163,KIF1B,23095.0,MutNovel,"L309F,0.539"
X-2163,KIF1B,23095.0,MutNovel,"P991L,0.234"
X-2163,KIF21A,55605.0,MutNovel,"G1203D,0.500"
X-2163,KIF21A,55605.0,MutNovel,"E38K,0.320"
X-2163,KIT,3815.0,MutNovel,"Y553C,1.000"
X-2163,KLF12,11278.0,MutNovel,"P289S,1.000"
X-2163,KLF14,136259.0,MutNovel,"H47P,1.000"
X-2163,KLHDC8A,55220.0,MutNovel,"V33I,0.375"
X-2163,KLHL26,55295.0,MutNovel,"M297R,0.357"
X-2163,KLRB1,3820.0,MutNovel,"V60I,1.000"
X-2163,KNDC1,85442.0,MutNovel,"P396L,0.444"
X-2163,KNTC1,9735.0,MutKnownFunctional,"Q2148*,0.332"
X-2163,KPNA3,3839.0,MutNovel,"P498L,0.437"
X-2163,KTN1,3895.0,MutKnownFunctional,"K1163*,0.230"
X-2163,LAG3,3902.0,MutNovel,"P49S,0.500"
X-2163,LAMA5,3911.0,MutNovel,"G2540S,0.778"
X-2163,LAMB2,3913.0,MutNovel,"P262S,0.336"
X-2163,LEF1,51176.0,MutNovel,"S148F,0.999"
X-2163,LEMD3,23592.0,MutNovel,"E256K,0.421"
X-2163,LGALS1,3956.0,MutNovel,"C3F,0.288"
X-2163,LGALS3BP,3959.0,MutNovel,"P353S,0.721"
X-2163,LHFPL1,340596.0,MutNovel,"S187F,1.000"
X-2163,LLGL2,3993.0,MutNovel,"E794K,0.611"
X-2163,LMLN,89782.0,MutNovel,"Y413D,0.368"
X-2163,LMNB1,4001.0,MutNovel,"S396F,0.614"
X-2163,LMNB2,84823.0,MutNovel,"S492L,0.345"
X-2163,LMX1B,4010.0,MutNovel,"E78K,0.250"
X-2163,LOC100130370,,MutNovel,"P154F,0.230"
X-2163,LOC100132247,100132247.0,MutNovel,"H651P,0.679"
X-2163,LOC100132247,100132247.0,MutNovel,"P1069L,0.800"
X-2163,LOC100132247,100132247.0,MutNovel,"P1098L,0.892"
X-2163,LOC100132705,,MutNovel,"M138T,1.000"
X-2163,LOC100132900,,MutKnownFunctional,"-156,0.974"
X-2163,LOC100132900,,MutNovel,"M98T,1.000"
X-2163,LOC100996333,,MutNovel,"V305M,1.000"
X-2163,LOC100996610,,MutNovel,"C61R,0.300"
X-2163,LOC100996614,,MutNovel,"Q105R,0.444"
X-2163,LOC100996689,,MutNovel,"R232C,0.429"
X-2163,LOC391322,391322.0,Del0.8,0.62
X-2163,LOC728047,,MutNovel,"D521H,1.000"
X-2163,LOC728888,,MutNovel,"R1061Q,0.238"
X-2163,LOXL2,4017.0,MutNovel,"R189Q,0.290"
X-2163,LRGUK,136332.0,MutNovel,"A676V,0.529"
X-2163,LRP12,29967.0,MutNovel,"R429C,0.651"
X-2163,LRP4,4038.0,MutNovel,"L497R,1.000"
X-2163,LRPAP1,4043.0,MutNovel,"G166V,1.000"
X-2163,LRRC33,375387.0,MutNovel,"S569L,0.566"
X-2163,LRRC37A,9884.0,MutNovel,"S1121R,1.000"
X-2163,LRRC37A,9884.0,MutNovel,"L1378P,1.000"
X-2163,LRRC37B,114659.0,Del0.8,0.75
X-2163,LRRC37BP1,147172.0,Del0.8,0.69
X-2163,LRRC49,54839.0,MutNovel,"P84S,0.556"
X-2163,LRRFIP1,9208.0,MutNovel,"S115F,0.333"
X-2163,LRRK1,79705.0,MutNovel,"T526I,0.260"
X-2163,LRRK1,79705.0,MutNovel,"S1840F,0.202"
X-2163,LTF,4057.0,MutNovel,"P90L,0.688"
X-2163,LUC7L,55692.0,MutNovel,"S194L,0.671"
X-2163,LYST,1130.0,MutNovel,"F2015Y,0.646"
X-2163,MADD,8567.0,MutNovel,"Y1475F,1.000"
X-2163,MAGEA12,4111.0,MutNovel,"S83F,1.000"
X-2163,MAGEA3,4102.0,MutNovel,"S152I,0.903"
X-2163,MAMLD1,10046.0,MutNovel,"S585F,1.000"
X-2163,MAN1A2,10905.0,MutNovel,"L299F,0.989"
X-2163,MAP4,4134.0,MutNovel,"K716N,0.309"
X-2163,MAP4K3,8491.0,MutKnownFunctional,"Q384*,0.263"
X-2163,MAP7D1,55700.0,MutNovel,"P87L,0.481"
X-2163,MAPK8IP3,23162.0,MutNovel,"R1011C,0.343"
X-2163,MAPKAPK2,9261.0,MutNovel,"Q34QP,0.302"
X-2163,MAST3,23031.0,MutNovel,"E331G,0.667"
X-2163,MBNL3,55796.0,MutNovel,"G115S,1.000"
X-2163,MCF2L2,23101.0,MutNovel,"P966L,0.526"
X-2163,MCM3,4172.0,MutNovel,"P250S,0.498"
X-2163,MCM3,4172.0,MutNovel,"V51G,0.318"
X-2163,MDC1,9656.0,MutNovel,"P1177S,0.259"
X-2163,MDC1,9656.0,MutNovel,"P1170H,0.487"
X-2163,ME1,4199.0,MutNovel,"A396G,0.500"
X-2163,MED11,400569.0,MutNovel,"T3N,0.216"
X-2163,MED12,9968.0,MutNovel,"S1269F,0.482"
X-2163,MED13L,23389.0,MutNovel,"P866F,0.505"
X-2163,MED28,80306.0,MutNovel,"P24L,0.404"
X-2163,MEGF6,1953.0,MutNovel,"P1250L,1.000"
X-2163,MEGF6,1953.0,MutNovel,"P586F,1.000"
X-2163,MEGF8,1954.0,MutNovel,"G1216K,0.707"
X-2163,MEGF8,1954.0,MutNovel,"P1855L,0.361"
X-2163,METTL6,131965.0,MutNovel,"L206P,0.737"
X-2163,MGAT4B,11282.0,MutNovel,"S246F,0.669"
X-2163,MGEA5,10724.0,MutNovel,"G70E,0.213"
X-2163,MIR106A,406899.0,Del0.8,0.71
X-2163,MIR18B,574033.0,Del0.8,0.71
X-2163,MIR193A,406968.0,Del0.8,0.75
X-2163,MIR19B2,406981.0,Del0.8,0.71
X-2163,MIR20B,574032.0,Del0.8,0.71
X-2163,MIR3184,100423003.0,Del0.8,0.69
X-2163,MIR363,574031.0,Del0.8,0.71
X-2163,MIR365B,100126356.0,Del0.8,0.75
X-2163,MIR423,494335.0,Del0.8,0.69
X-2163,MIR4724,100616248.0,Del0.8,0.75
X-2163,MIR4725,100616449.0,Del0.8,0.75
X-2163,MIR4733,100616266.0,Del0.8,0.69
X-2163,MIR614,693199.0,Amp5,5.21
X-2163,MIR92A2,407049.0,Del0.8,0.71
X-2163,MKI67IP,84365.0,MutNovel,"S283L,0.324"
X-2163,MLL2,8085.0,MutNovel,"S4789F,0.317"
X-2163,MLL4,9757.0,MutNovel,"P565A,0.413"
X-2163,MLL4,9757.0,MutNovel,"P1534L,0.326"
X-2163,MLL4,9757.0,MutNovel,"R1736C,0.662"
X-2163,MLL4,9757.0,MutNovel,"P2226L,0.577"
X-2163,MME,4311.0,MutNovel,"S548L,0.333"
X-2163,MPI,4351.0,MutNovel,"L31V,0.452"
X-2163,MPP6,51678.0,MutNovel,"D383N,0.842"
X-2163,MPZL1,9019.0,MutNovel,"L69V,0.308"
X-2163,MSANTD4,,MutNovel,"P181L,0.374"
X-2163,MSANTD4,,MutNovel,"F12C,0.696"
X-2163,MST4,51765.0,MutNovel,"E37K,1.000"
X-2163,MTAP,4507.0,Del0.8,0.5
X-2163,MTL5,9633.0,MutNovel,"G504E,0.556"
X-2163,MTMR4,9110.0,MutNovel,"A493V,1.000"
X-2163,MTMR8,55613.0,MutNovel,"S382F,1.000"
X-2163,MURC,347273.0,MutNovel,"R140W,0.412"
X-2163,MVP,9961.0,MutNovel,"R49H,0.329"
X-2163,MYO10,4651.0,MutNovel,"P989L,0.680"
X-2163,MYO1E,4643.0,MutNovel,"Q946E,0.511"
X-2163,MYO5C,55930.0,MutNovel,"P1685L,0.529"
X-2163,MYO5C,55930.0,MutKnownFunctional,"Q591*,0.250"
X-2163,MYO9A,4649.0,MutNovel,"S1414L,0.493"
X-2163,NAV3,89795.0,MutNovel,"S302F,0.357"
X-2163,NBEA,26960.0,MutNovel,"G587R,0.562"
X-2163,NBEA,26960.0,MutKnownFunctional,"Q2645*,0.286"
X-2163,NBPF1,55672.0,MutNovel,"K850Q,0.971"
X-2163,NBPF10,100132406.0,MutNovel,"T642I,0.400"
X-2163,NBPF10,100132406.0,MutNovel,"D869A,0.500"
X-2163,NBPF10,100132406.0,MutNovel,"S879P,0.333"
X-2163,NBPF10,100132406.0,MutNovel,"S3263A,1.000"
X-2163,NCRNA00185,55410.0,Del0.8,0.15
X-2163,NEFH,4744.0,MutNovel,"E490K,1.000"
X-2163,NEXN,91624.0,MutNovel,"R397Q,0.833"
X-2163,NF1,4763.0,Del0.8,0.31
X-2163,NIPA1,123606.0,MutKnownFunctional,"W283*,0.521"
X-2163,NISCH,11188.0,MutNovel,"S827R,0.282"
X-2163,NLGN4Y,22829.0,Del0.8,0.15
X-2163,NLRC5,84166.0,MutNovel,"S496F,0.333"
X-2163,NLRC5,84166.0,MutNovel,"P1378T,0.592"
X-2163,NOP9,,MutNovel,"R227C,0.622"
X-2163,NPIPL3,23117.0,MutNovel,"C575F,0.364"
X-2163,NPR1,4881.0,MutNovel,"R1047W,1.000"
X-2163,NPR1,4881.0,MutNovel,"G1056R,1.000"
X-2163,NR1H2,7376.0,MutNovel,"-173Q,0.538"
X-2163,NRXN3,9369.0,MutNovel,"D940N,0.667"
X-2163,NSRP1,84081.0,Del0.8,0.69
X-2163,NUDT12,83594.0,MutNovel,"H17L,0.432"
X-2163,NUDT12,83594.0,MutNovel,"T14I,0.400"
X-2163,NUDT21,11051.0,MutNovel,"P14A,0.239"
X-2163,NUMBL,9253.0,MutNovel,"P495S,0.306"
X-2163,NUP188,23511.0,MutNovel,"F1207I,0.546"
X-2163,NXN,64359.0,Del0.8,0.76
X-2163,OAS3,4940.0,MutNovel,"E641K,0.466"
X-2163,OGFR,11054.0,MutNovel,"D35N,0.261"
X-2163,OMG,4974.0,Del0.8,0.13
X-2163,OPRL1,4987.0,MutNovel,"G49E,0.875"
X-2163,OR2L13,284521.0,MutNovel,"E231K,1.000"
X-2163,OR4C6,219432.0,Del0.8,0.62
X-2163,OR4F4,26682.0,Amp5,5.5
X-2163,OR4P4,81300.0,Del0.8,0.62
X-2163,OR4S2,219431.0,Del0.8,0.62
X-2163,OR52N5,390075.0,Del0.8,0.72
X-2163,ORAI1,84876.0,MutNovel,"PP43-,0.890"
X-2163,OSBPL11,114885.0,MutNovel,"P242L,0.484"
X-2163,OSBPL7,114881.0,MutNovel,"P162S,0.351"
X-2163,OXCT1,5019.0,MutNovel,"F380I,0.394"
X-2163,PAFAH2,5051.0,MutNovel,"R253W,0.550"
X-2163,PAPOLA,10914.0,MutNovel,"F210Y,0.515"
X-2163,PARD6B,84612.0,MutNovel,"H125R,0.550"
X-2163,PATL2,197135.0,MutNovel,"T102I,0.367"
X-2163,PAX9,5083.0,MutNovel,"P312L,0.778"
X-2163,PBXIP1,57326.0,MutNovel,"P538L,0.359"
X-2163,PCDH11Y,83259.0,Del0.8,0.19
X-2163,PCDHGA12,26025.0,MutNovel,"D375Y,0.955"
X-2163,PCF11,51585.0,MutNovel,"P946L,0.647"
X-2163,PCLO,27445.0,MutNovel,"V349M,0.667"
X-2163,PCNXL3,399909.0,MutNovel,"L1231F,0.638"
X-2163,PCSK6,5046.0,MutNovel,"D648N,1.000"
X-2163,PDCD11,22984.0,MutNovel,"F1250Y,0.650"
X-2163,PDS5B,23047.0,MutNovel,"L383F,0.359"
X-2163,PELI3,246330.0,MutKnownFunctional,"Y368*,0.273"
X-2163,PES1,23481.0,MutNovel,"S269F,1.000"
X-2163,PGAP2,27315.0,MutNovel,"P253L,0.908"
X-2163,PHC1,1911.0,MutNovel,"P461L,0.327"
X-2163,PHF10,55274.0,MutNovel,"P368F,1.000"
X-2163,PHF11,51131.0,MutNovel,"R43Q,0.397"
X-2163,PHKG1,5260.0,MutNovel,"T42M,0.833"
X-2163,PHLDA1,22822.0,MutNovel,"QQ194Q,0.338"
X-2163,PIEZO1,9780.0,MutNovel,"P411S,0.326"
X-2163,PIEZO2,63895.0,MutNovel,"R536K,1.000"
X-2163,PIK3C3,5289.0,MutNovel,"P456S,1.000"
X-2163,PIK3R4,30849.0,MutNovel,"S892F,0.218"
X-2163,PIP5K1A,8394.0,MutNovel,"P122S,0.379"
X-2163,PJA2,9867.0,MutNovel,"P689S,0.367"
X-2163,PLCB4,5332.0,MutNovel,"R251Q,0.542"
X-2163,PLCB4,5332.0,MutNovel,"E502K,0.889"
X-2163,PLCD4,84812.0,MutNovel,"V693M,0.368"
X-2163,PLCE1,51196.0,MutNovel,"R46Q,0.667"
X-2163,PLEKHA6,22874.0,MutNovel,"R549Q,0.500"
X-2163,PLEKHH2,130271.0,MutNovel,"K1302E,0.882"
X-2163,PLEKHM1,9842.0,MutNovel,"H235Y,1.000"
X-2163,PMM2,5373.0,MutNovel,"S173F,0.540"
X-2163,PODNL1,79883.0,MutNovel,"V488G,0.571"
X-2163,PODNL1,79883.0,MutNovel,"E477K,0.714"
X-2163,POLQ,10721.0,MutNovel,"L590I,0.235"
X-2163,POM121,9883.0,MutNovel,"F506S,0.357"
X-2163,POTEE,445582.0,MutNovel,"N869Y,1.000"
X-2163,PPP1R11,6992.0,MutNovel,"R95H,0.347"
X-2163,PPP1R13B,23368.0,MutNovel,"P348S,0.279"
X-2163,PPP1R26,9858.0,MutKnownFunctional,"DQ207D*,0.805"
X-2163,PPP2R1B,5519.0,MutNovel,"I217V,0.626"
X-2163,PPP2R3A,5523.0,MutNovel,"V1147L,0.366"
X-2163,PPP3CC,5533.0,Del0.8,0.65
X-2163,PPP4R1,9989.0,MutNovel,"T409A,0.263"
X-2163,PPRC1,23082.0,MutNovel,"P1461S,0.684"
X-2163,PRAME,23532.0,MutNovel,"T68I,0.416"
X-2163,PRDM15,63977.0,MutNovel,"A426V,0.364"
X-2163,PRKCD,5580.0,MutNovel,"D577N,0.306"
X-2163,PRKY,5616.0,Del0.8,0.15
X-2163,PROSER1,80209.0,MutNovel,"R387Q,0.476"
X-2163,PRPF38B,55119.0,MutNovel,"H282Y,0.459"
X-2163,PRR12,57479.0,MutKnownFunctional,"LQ170L*,0.490"
X-2163,PRR12,57479.0,MutNovel,"P489S,0.438"
X-2163,PRY,9081.0,Del0.8,0.15
X-2163,PRY,9081.0,Del0.8,0.15
X-2163,PRY2,442862.0,Del0.8,0.15
X-2163,PRY2,442862.0,Del0.8,0.15
X-2163,PSKH1,5681.0,MutNovel,"P61L,0.534"
X-2163,PSMB5,5693.0,MutNovel,"P263L,0.531"
X-2163,PSPC1,55269.0,MutNovel,"P454S,0.497"
X-2163,PTPN14,5784.0,MutNovel,"P773S,0.390"
X-2163,PTPRG,5793.0,MutNovel,"R959Q,0.328"
X-2163,PTPRH,5794.0,MutNovel,"P865L,0.500"
X-2163,PVRL2,5819.0,MutNovel,"S524Y,0.649"
X-2163,PYROXD2,84795.0,MutNovel,"P358S,0.278"
X-2163,RAB11FIP1,80223.0,MutNovel,"P577S,0.268"
X-2163,RAB11FIP4,84440.0,Del0.8,0.43
X-2163,RABEP2,79874.0,MutNovel,"S248F,0.638"
X-2163,RAG1,5896.0,MutNovel,"S432F,1.000"
X-2163,RAI1,10743.0,MutNovel,"P595S,0.475"
X-2163,RALGAPA1,253959.0,MutNovel,"S958N,0.208"
X-2163,RANBP2,5903.0,MutNovel,"F1172I,0.273"
X-2163,RARA,5914.0,MutNovel,"G52E,1.000"
X-2163,RASA2,5922.0,MutKnownFunctional,"Q574*,0.281"
X-2163,RASA2,5922.0,MutKnownFunctional,"Q749*,0.363"
X-2163,RASA3,22821.0,Del0.8,0.54
X-2163,RASAL2,9462.0,MutNovel,"R653W,0.441"
X-2163,RASSF4,83937.0,MutNovel,"V193I,0.500"
X-2163,RASSF4,83937.0,MutNovel,"M301I,0.429"
X-2163,RBM10,8241.0,MutNovel,"S232L,1.000"
X-2163,RBM19,9904.0,MutNovel,"R615C,0.478"
X-2163,RBM4B,83759.0,MutNovel,"V183L,0.616"
X-2163,RBM6,10180.0,MutNovel,"P479S,0.283"
X-2163,RBMY1A3P,286557.0,Del0.8,0.15
X-2163,RBMY1B,378948.0,Del0.8,0.15
X-2163,RBMY1B,378948.0,Del0.8,0.15
X-2163,RBMY1E,378950.0,Del0.8,0.15
X-2163,RBMY1E,378950.0,Del0.8,0.15
X-2163,RBMY1F,159163.0,Del0.8,0.15
X-2163,RBMY1F,159163.0,Del0.8,0.15
X-2163,RBMY1J,378951.0,Del0.8,0.15
X-2163,RBMY1J,378951.0,Del0.8,0.15
X-2163,RBMY2EP,159125.0,Del0.8,0.15
X-2163,RBMY2FP,159162.0,Del0.8,0.15
X-2163,RBMY3AP,64593.0,Del0.8,0.15
X-2163,RFWD2,64326.0,MutNovel,"D309N,0.719"
X-2163,RFX1,5989.0,MutNovel,"L662P,0.315"
X-2163,RHOBTB1,9886.0,MutNovel,"S100A,0.364"
X-2163,RHOT1,55288.0,Del0.8,0.75
X-2163,RHOV,171177.0,MutNovel,"D158N,0.667"
X-2163,RHPN2,85415.0,MutNovel,"A50V,0.389"
X-2163,RIF1,55183.0,MutNovel,"P410L,0.374"
X-2163,RIF1,55183.0,MutNovel,"S1843F,0.656"
X-2163,RIMS2,9699.0,MutNovel,"F1162V,0.302"
X-2163,RIN3,79890.0,MutNovel,"G967-,0.267"
X-2163,RNASEL,6041.0,MutNovel,"P717S,0.308"
X-2163,RNF111,54778.0,MutNovel,"P50S,0.487"
X-2163,RNF135,84282.0,Del0.8,0.69
X-2163,RNF149,284996.0,MutNovel,"S215L,0.232"
X-2163,RNF20,56254.0,MutNovel,"R56C,0.324"
X-2163,RNF24,11237.0,MutNovel,"R133C,0.307"
X-2163,RNF43,54894.0,MutKnownFunctional,"W302*,0.571"
X-2163,RNF6,6049.0,MutNovel,"H655Y,0.517"
X-2163,RNMTL1,55178.0,Del0.8,0.76
X-2163,RNPEP,6051.0,MutNovel,"P198L,0.291"
X-2163,ROR1,4919.0,MutNovel,"G821E,0.400"
X-2163,RP9,6100.0,MutNovel,"R36L,0.250"
X-2163,RPAP3,79657.0,MutNovel,"E524K,0.436"
X-2163,RPAP3,79657.0,MutNovel,"G147E,0.570"
X-2163,RPS4Y1,6192.0,Del0.8,0.16
X-2163,RPS4Y2,140032.0,Del0.8,0.15
X-2163,RQCD1,9125.0,MutNovel,"P131L,0.339"
X-2163,RREB1,6239.0,MutKnownFunctional,"Q876*,0.408"
X-2163,RTTN,25914.0,MutNovel,"S802F,1.000"
X-2163,RUNDC1,146923.0,MutNovel,"D528E,0.985"
X-2163,SACS,26278.0,MutNovel,"M4173V,0.612"
X-2163,SAFB,6294.0,MutNovel,"P816F,0.304"
X-2163,SAMD9,54809.0,MutNovel,"S1052F,0.728"
X-2163,SART1,9092.0,MutNovel,"P150L,0.711"
X-2163,SATB2,23314.0,MutNovel,"K712R,0.763"
X-2163,SCAMP3,10067.0,MutNovel,"P71S,0.394"
X-2163,SEC16A,9919.0,MutNovel,"P205S,0.203"
X-2163,SEMA4D,10507.0,MutNovel,"V495M,0.300"
X-2163,SENP7,57337.0,MutNovel,"P60S,0.466"
X-2163,SERINC2,347735.0,MutNovel,"-373Q,0.500"
X-2163,SETD1B,23067.0,MutNovel,"P747S,0.333"
X-2163,SF3B2,10992.0,MutNovel,"P707L,0.343"
X-2163,SH3BP5,9467.0,MutNovel,"R368Q,0.308"
X-2163,SH3GL1P1,6458.0,Del0.8,0.75
X-2163,SH3GL1P2,6459.0,Del0.8,0.69
X-2163,SH3PXD2B,285590.0,MutNovel,"W887G,0.250"
X-2163,SHMT1,6470.0,MutNovel,"S164F,1.000"
X-2163,SHROOM2,357.0,MutNovel,"P1299S,1.000"
X-2163,SIN3B,23309.0,MutNovel,"A1116V,0.353"
X-2163,SIPA1L1,26037.0,MutKnownFunctional,"Q810*,0.235"
X-2163,SIRPB1,10326.0,MutNovel,"V131T,0.952"
X-2163,SIRPB1,10326.0,MutNovel,"E39D,1.000"
X-2163,SIRPG,55423.0,MutNovel,"G73A,1.000"
X-2163,SLAIN2,57606.0,MutNovel,"P504S,0.328"
X-2163,SLC12A2,6558.0,MutNovel,"P267L,0.239"
X-2163,SLC12A6,9990.0,MutNovel,"S466F,0.222"
X-2163,SLC16A13,201232.0,MutNovel,"L106I,1.000"
X-2163,SLC26A6,65010.0,MutNovel,"S169F,0.333"
X-2163,SLC39A10,57181.0,MutNovel,"R183C,0.622"
X-2163,SLC39A8,64116.0,MutNovel,"V386M,0.350"
X-2163,SLC44A3,126969.0,MutNovel,"M281V,0.357"
X-2163,SLC6A4,6532.0,Del0.8,0.69
X-2163,SMARCAD1,56916.0,MutNovel,"F421FN,0.896"
X-2163,SND1,27044.0,MutNovel,"E151D,0.680"
X-2163,SNX21,90203.0,MutNovel,"R331Q,0.535"
X-2163,SOLH,6650.0,MutNovel,"P904L,0.568"
X-2163,SPATA13,221178.0,MutNovel,"E64K,0.556"
X-2163,SPDYE1,285955.0,MutNovel,"R30K,0.684"
X-2163,SPEN,23013.0,MutNovel,"R193C,0.389"
X-2163,SPPL2A,84888.0,MutNovel,"P390L,0.370"
X-2163,SPPL3,121665.0,MutNovel,"S11F,0.250"
X-2163,SPTB,6710.0,MutNovel,"K1870N,0.750"
X-2163,SRA1,10011.0,MutNovel,"V110L,0.934"
X-2163,SRCAP,10847.0,MutNovel,"T1096N,0.260"
X-2163,SRCIN1,80725.0,MutKnownFunctional,"Q1052*,1.000"
X-2163,SRRM2,23524.0,MutNovel,"S1764L,0.337"
X-2163,SRY,6736.0,Del0.8,0.16
X-2163,STAP2,55620.0,MutNovel,"H393N,0.973"
X-2163,STAP2,55620.0,MutNovel,"K360M,0.600"
X-2163,STARD8,9754.0,MutNovel,"S344F,1.000"
X-2163,STARD9,57519.0,MutNovel,"P861S,0.409"
X-2163,STARD9,57519.0,MutNovel,"P2720S,0.391"
X-2163,STEAP3,55240.0,MutNovel,"D18N,1.000"
X-2163,STIL,6491.0,MutNovel,"Q892H,0.475"
X-2163,STK32B,55351.0,MutNovel,"Q138H,0.412"
X-2163,SUGP2,10147.0,MutNovel,"P746S,0.597"
X-2163,SUSD1,64420.0,MutKnownFunctional,"W287*,0.375"
X-2163,SUV420H1,51111.0,MutNovel,"Y66N,0.658"
X-2163,SUZ12,23512.0,Del0.8,0.75
X-2163,SYNM,23336.0,MutNovel,"L1065S,0.658"
X-2163,SYNM,23336.0,MutNovel,"R1340K,0.678"
X-2163,TAF4,6874.0,MutNovel,"P500S,0.229"
X-2163,TAF4B,6875.0,MutNovel,"N715K,1.000"
X-2163,TAF8,129685.0,MutNovel,"S181F,0.483"
X-2163,TBC1D1,23216.0,MutNovel,"A184V,0.357"
X-2163,TBC1D10B,26000.0,MutNovel,"P714S,0.604"
X-2163,TBC1D29,26083.0,Del0.8,0.69
X-2163,TBC1D7,51256.0,MutNovel,"K284R,0.337"
X-2163,TBL1Y,90665.0,Del0.8,0.15
X-2163,TBL2,26608.0,MutNovel,"S380F,0.236"
X-2163,TBX18,9096.0,MutNovel,"P132R,1.000"
X-2163,TCF7L2,6934.0,MutNovel,"P494S,0.514"
X-2163,TCTN1,79600.0,MutNovel,"T197I,0.519"
X-2163,TDP1,55775.0,MutNovel,"P461L,0.297"
X-2163,TDRD9,122402.0,MutNovel,"Q883E,0.739"
X-2163,TDRKH,11022.0,MutNovel,"R201W,0.707"
X-2163,TEC,7006.0,MutNovel,"E561K,1.000"
X-2163,TEFM,79736.0,Del0.8,0.69
X-2163,TEP1,7011.0,MutNovel,"S1957F,0.569"
X-2163,TESK1,7016.0,MutNovel,"P552L,0.483"
X-2163,TET3,200424.0,MutNovel,"S1339F,0.750"
X-2163,TGFBR3L,,MutKnownFunctional,"W102*,0.500"
X-2163,TGIF2LY,90655.0,Del0.8,0.19
X-2163,THAP11,57215.0,MutNovel,"Q132S,0.308"
X-2163,TIMM22,29928.0,Del0.8,0.76
X-2163,TLE2,7089.0,MutNovel,"QD642RN,0.364"
X-2163,TLK2,11011.0,MutNovel,"S115T,0.601"
X-2163,TMED8,283578.0,MutNovel,"P10Q,0.800"
X-2163,TMEM117,84216.0,MutNovel,"S465F,0.506"
X-2163,TMEM191C,645426.0,MutNovel,"K192N,0.400"
X-2163,TMEM245,,MutNovel,"R868C,0.229"
X-2163,TMEM97,27346.0,MutNovel,"L14V,0.286"
X-2163,TMIGD1,388364.0,Del0.8,0.69
X-2163,TMSB4Y,9087.0,Del0.8,0.15
X-2163,TNC,3371.0,MutNovel,"P1542I,0.416"
X-2163,TNC,3371.0,MutNovel,"E743K,0.218"
X-2163,TNFRSF10B,8795.0,MutNovel,"L110F,0.304"
X-2163,TNRC6C,57690.0,MutNovel,"S798L,0.295"
X-2163,TNRC6C,57690.0,MutNovel,"S813F,0.254"
X-2163,TNS1,7145.0,MutNovel,"S1309F,0.378"
X-2163,TOP3B,8940.0,MutNovel,"L21F,0.500"
X-2163,TOR1AIP2,163590.0,MutNovel,"T81I,0.623"
X-2163,TP53,7157.0,MutNovel,"P316L,0.994"
X-2163,TRAPPC8,22878.0,MutNovel,"S180F,1.000"
X-2163,TRIM23,373.0,MutNovel,"S116F,0.707"
X-2163,TRIO,7204.0,MutNovel,"S1847F,0.431"
X-2163,TRMT1,55621.0,MutNovel,"A652P,0.450"
X-2163,TROAP,10024.0,MutNovel,"S170F,0.457"
X-2163,TRRAP,8295.0,MutNovel,"P2654S,0.309"
X-2163,TSHZ1,10194.0,MutNovel,"A368V,1.000"
X-2163,TSPY1,7258.0,Del0.8,0.15
X-2163,TSPY2,64591.0,Del0.8,0.15
X-2163,TSPY3,728137.0,Del0.8,0.15
X-2163,TSPY4,728395.0,Del0.8,0.15
X-2163,TSPY8,728403.0,Del0.8,0.15
X-2163,TTC28,23331.0,MutNovel,"P2451L,0.375"
X-2163,TTC3,7267.0,MutNovel,"Y665S,0.401"
X-2163,TTC31,64427.0,MutNovel,"R345C,0.322"
X-2163,TTL,646982.0,MutNovel,"R197C,0.590"
X-2163,TTN,7273.0,MutNovel,"G23890E,0.882"
X-2163,TTN,7273.0,MutNovel,"G17651E,0.571"
X-2163,TTN,7273.0,MutNovel,"D16377N,0.560"
X-2163,TTTY10,246119.0,Del0.8,0.15
X-2163,TTTY11,83866.0,Del0.8,0.15
X-2163,TTTY12,83867.0,Del0.8,0.15
X-2163,TTTY13,83868.0,Del0.8,0.15
X-2163,TTTY14,83869.0,Del0.8,0.15
X-2163,TTTY15,64595.0,Del0.8,0.15
X-2163,TTTY16,252948.0,Del0.8,0.15
X-2163,TTTY17A,252949.0,Del0.8,0.15
X-2163,TTTY17A,252949.0,Del0.8,0.15
X-2163,TTTY18,252950.0,Del0.8,0.15
X-2163,TTTY19,252952.0,Del0.8,0.15
X-2163,TTTY1B,100101116.0,Del0.8,0.15
X-2163,TTTY1B,100101116.0,Del0.8,0.15
X-2163,TTTY2,60439.0,Del0.8,0.15
X-2163,TTTY2,60439.0,Del0.8,0.15
X-2163,TTTY20,252951.0,Del0.8,0.15
X-2163,TTTY21,252953.0,Del0.8,0.15
X-2163,TTTY21,252953.0,Del0.8,0.15
X-2163,TTTY22,252954.0,Del0.8,0.15
X-2163,TTTY23,252955.0,Del0.8,0.15
X-2163,TTTY23,252955.0,Del0.8,0.15
X-2163,TTTY3,114760.0,Del0.8,0.15
X-2163,TTTY3,114760.0,Del0.8,0.15
X-2163,TTTY4,114761.0,Del0.8,0.15
X-2163,TTTY4,114761.0,Del0.8,0.15
X-2163,TTTY5,83863.0,Del0.8,0.15
X-2163,TTTY6,84672.0,Del0.8,0.15
X-2163,TTTY6,84672.0,Del0.8,0.15
X-2163,TTTY7,246122.0,Del0.8,0.15
X-2163,TTTY7,246122.0,Del0.8,0.15
X-2163,TTTY7B,100101120.0,Del0.8,0.15
X-2163,TTTY7B,100101120.0,Del0.8,0.15
X-2163,TTTY8,84673.0,Del0.8,0.15
X-2163,TTTY8,84673.0,Del0.8,0.15
X-2163,TTTY9A,83864.0,Del0.8,0.15
X-2163,TTTY9A,83864.0,Del0.8,0.15
X-2163,TUBB4A,10382.0,MutNovel,"H227Y,0.742"
X-2163,TUBB8,347688.0,MutNovel,"V179M,0.667"
X-2163,TUT1,64852.0,MutNovel,"E9K,1.000"
X-2163,TWIST2,117581.0,MutNovel,"S7L,0.900"
X-2163,TXLNG2P,246126.0,Del0.8,0.15
X-2163,TYR,7299.0,MutNovel,"P205T,0.646"
X-2163,TYRO3,7301.0,MutNovel,"P155L,0.479"
X-2163,UBA1,7317.0,MutNovel,"P433S,0.997"
X-2163,UBA7,7318.0,MutNovel,"D114N,0.642"
X-2163,UBASH3B,84959.0,MutNovel,"S545F,0.500"
X-2163,UBE3D,,MutNovel,"Q72P,0.391"
X-2163,UBR1,197131.0,MutNovel,"P1088L,0.577"
X-2163,UBR4,23352.0,MutNovel,"S1024F,0.465"
X-2163,UBTD2,92181.0,MutNovel,"S197P,0.398"
X-2163,UFM1,51569.0,MutNovel,"P43S,0.364"
X-2163,UGT2B17,7367.0,Del0.8,0.66
X-2163,UNC5B,219699.0,MutNovel,"A500V,0.300"
X-2163,UNC79,57578.0,MutKnownFunctional,"R1075*,0.667"
X-2163,URB2,9816.0,MutNovel,"C411G,0.522"
X-2163,USP21,27005.0,MutNovel,"A33V,0.333"
X-2163,USP36,57602.0,MutNovel,"KKK958K,0.729"
X-2163,USP39,10713.0,MutNovel,"P361L,0.456"
X-2163,USP9X,8239.0,MutNovel,"P44L,1.000"
X-2163,USP9Y,8287.0,Del0.8,0.15
X-2163,UTP6,55813.0,Del0.8,0.75
X-2163,UTY,7404.0,Del0.8,0.15
X-2163,VAMP4,8674.0,MutNovel,"P3S,0.260"
X-2163,VCP,7415.0,MutNovel,"R159C,0.481"
X-2163,VCP,7415.0,MutNovel,"S40F,0.453"
X-2163,VCY,9084.0,Del0.8,0.15
X-2163,VCY,9084.0,Del0.8,0.15
X-2163,VILL,50853.0,MutNovel,"R252C,0.267"
X-2163,VPS28,51160.0,MutNovel,"P211L,0.317"
X-2163,VSIG10,54621.0,MutNovel,"R246C,0.512"
X-2163,WDFY4,57705.0,MutNovel,"F2776I,1.000"
X-2163,WDR25,79446.0,MutNovel,"S11L,0.375"
X-2163,WDR60,55112.0,MutNovel,"T958I,0.358"
X-2163,WDR92,116143.0,MutNovel,"V265G,0.500"
X-2163,WDTC1,23038.0,MutNovel,"P256S,0.311"
X-2163,WHSC1L1,54904.0,MutNovel,"H297Y,0.733"
X-2163,WIPF1,7456.0,MutNovel,"P151S,0.309"
X-2163,WWP2,11060.0,MutNovel,"E664K,0.635"
X-2163,XK,7504.0,MutNovel,"S261F,1.000"
X-2163,XKRY2,353515.0,Del0.8,0.15
X-2163,XKRY2,353515.0,Del0.8,0.15
X-2163,XPNPEP1,7511.0,MutNovel,"T448P,0.681"
X-2163,XPO6,23214.0,MutNovel,"H276Y,0.697"
X-2163,YBX1,4904.0,MutNovel,"P232S,0.495"
X-2163,YIF1B,90522.0,MutNovel,"S28F,0.594"
X-2163,YLPM1,56252.0,MutKnownFunctional,"W297*,0.235"
X-2163,YLPM1,56252.0,MutNovel,"R2142G,0.291"
X-2163,ZC3HAV1,56829.0,MutNovel,"P874L,0.302"
X-2163,ZCCHC11,23318.0,MutNovel,"F188S,0.486"
X-2163,ZCCHC14,23174.0,MutNovel,"T382P,0.692"
X-2163,ZDHHC11,79844.0,MutNovel,"A303D,0.682"
X-2163,ZDHHC11,79844.0,MutNovel,"R276P,0.229"
X-2163,ZFAND1,79752.0,MutNovel,"G222E,0.401"
X-2163,ZFHX2,85446.0,MutNovel,"P412A,1.000"
X-2163,ZFY,7544.0,Del0.8,0.16
X-2163,ZIC1,7545.0,MutNovel,"F100Y,1.000"
X-2163,ZMAT5,55954.0,MutNovel,"A33V,0.497"
X-2163,ZMYND8,23613.0,MutNovel,"A897V,0.248"
X-2163,ZMYND8,23613.0,MutNovel,"P778S,0.482"
X-2163,ZNF142,7701.0,MutNovel,"P1078L,0.353"
X-2163,ZNF256,10172.0,MutNovel,"P518L,0.280"
X-2163,ZNF280B,140883.0,MutNovel,"S172L,0.567"
X-2163,ZNF292,23036.0,MutNovel,"P1178S,0.577"
X-2163,ZNF292,23036.0,MutNovel,"P2097L,0.441"
X-2163,ZNF335,63925.0,MutNovel,"V272A,0.206"
X-2163,ZNF37A,7587.0,MutNovel,"P232L,0.327"
X-2163,ZNF425,155054.0,MutNovel,"G433E,0.750"
X-2163,ZNF431,170959.0,MutNovel,"P106L,0.278"
X-2163,ZNF434,54925.0,MutNovel,"N181I,0.528"
X-2163,ZNF445,353274.0,MutKnownFunctional,"E353*,0.386"
X-2163,ZNF45,7596.0,MutNovel,"S205L,0.267"
X-2163,ZNF462,58499.0,MutNovel,"R1074K,0.700"
X-2163,ZNF469,84627.0,MutNovel,"P2897S,0.677"
X-2163,ZNF469,84627.0,MutNovel,"R3097C,0.714"
X-2163,ZNF470,388566.0,MutNovel,"H503Y,0.452"
X-2163,ZNF480,147657.0,MutNovel,"S235L,0.610"
X-2163,ZNF507,22847.0,MutNovel,"S863F,0.635"
X-2163,ZNF512B,57473.0,MutNovel,"R507H,0.553"
X-2163,ZNF544,27300.0,MutNovel,"I226M,0.400"
X-2163,ZNF568,374900.0,MutNovel,"E371K,0.500"
X-2163,ZNF621,285268.0,MutNovel,"E236K,0.271"
X-2163,ZNF627,199692.0,MutNovel,"R211C,0.613"
X-2163,ZNF639,51193.0,MutNovel,"R17C,0.447"
X-2163,ZNF652,22834.0,MutNovel,"Q399R,0.308"
X-2163,ZNF76,7629.0,MutNovel,"P472L,0.554"
X-2163,ZNF764,92595.0,MutNovel,"P386L,0.810"
X-2163,ZNF784,147808.0,MutNovel,"R268C,0.462"
X-2163,ZNF800,168850.0,MutNovel,"R547H,0.219"
X-2163,ZNF827,152485.0,MutNovel,"G499E,0.293"
X-2163,ZNF830,91603.0,MutNovel,"L24V,0.667"
X-2163,ZNF845,91664.0,MutNovel,"R682C,0.318"
X-2163,ZNF846,162993.0,MutNovel,"S266F,0.700"
X-2163,ZNF865,100507290.0,MutNovel,"H683Y,0.683"
X-2163,ZSCAN2,54993.0,MutNovel,"P7S,0.226"
X-2163,ZSWIM3,140831.0,MutNovel,"A356V,0.240"
X-2163,ZZEF1,23140.0,MutNovel,"H1452Y,0.462"
X-2306,AASS,10157.0,MutNovel,"S773F,0.480"
X-2306,ABCB1,5243.0,Amp5,7.21
X-2306,ABCB4,5244.0,Amp5,7.21
X-2306,ABCB8,11194.0,Amp5,7.89
X-2306,ABCC1,4363.0,MutNovel,"D859E,0.474"
X-2306,ABCF2,10061.0,Amp5,7.89
X-2306,ABP1,26.0,Amp5,7.89
X-2306,ACSBG1,23205.0,MutKnownFunctional,"-724?,0.280"
X-2306,ACTR3B,57180.0,Amp5,7.89
X-2306,ACTR3C,653857.0,Amp5,7.89
X-2306,ADAM22,53616.0,Amp5,6.19
X-2306,ADAM3A,1587.0,Del0.8,0.19
X-2306,ADAM5P,255926.0,Del0.8,0.6
X-2306,ADAM6,8755.0,Amp5,5.06
X-2306,ADCK2,90956.0,Amp8,10.27
X-2306,ADCK4,79934.0,MutNovel,"R66C,0.449"
X-2306,AGAP3,116988.0,Amp5,7.89
X-2306,AGBL3,340351.0,Amp5,7.26
X-2306,AGK,55750.0,Amp8,12.38
X-2306,AGR2,10551.0,MutNovel,"P71S,0.346"
X-2306,AHCYL2,23382.0,Amp5,7.31
X-2306,AKAP8,10270.0,MutNovel,"R497Q,0.514"
X-2306,AKR1B1,231.0,Amp5,7.26
X-2306,AKR1B10,57016.0,Amp5,7.26
X-2306,AKR1B15,441282.0,Amp5,7.26
X-2306,AKR1D1,6718.0,Amp8,10.27
X-2306,ALDH6A1,4329.0,MutNovel,"W516C,0.591"
X-2306,ALG1L,200810.0,MutNovel,"M84T,0.300"
X-2306,ALKBH7,84266.0,MutNovel,"P219S,0.506"
X-2306,ANKRD16,54522.0,MutNovel,"S295F,0.500"
X-2306,ANKRD27,84079.0,MutNovel,"P132S,0.524"
X-2306,APBA3,9546.0,MutNovel,"C121W,0.222"
X-2306,APP,351.0,MutNovel,"G212R,0.231"
X-2306,ARF5,381.0,Amp5,6.54
X-2306,ARFGEF2,10564.0,MutNovel,"S700N,0.286"
X-2306,ARHGAP11A,9824.0,MutNovel,"S891F,0.304"
X-2306,ARHGEF35,445328.0,Amp8,13.83
X-2306,ARHGEF5,7984.0,Amp8,11.96
X-2306,ARMC10,83787.0,Amp5,5.17
X-2306,ASAP1,50807.0,MutNovel,"P22L,0.429"
X-2306,ASB10,136371.0,Amp5,7.89
X-2306,ASF1B,55723.0,MutNovel,"S47L,0.640"
X-2306,ASPM,259266.0,MutNovel,"R2927W,0.400"
X-2306,ASTN2,23245.0,MutNovel,"P1140L,0.353"
X-2306,ATG9B,285973.0,Amp5,7.89
X-2306,ATP6V0A4,50617.0,Amp8,10.27
X-2306,ATP6V0E2,155066.0,Amp8,8.46
X-2306,B4GALT7,11285.0,MutKnownFunctional,"-194,0.500"
X-2306,BCAN,63827.0,MutNovel,"E283G,0.618"
X-2306,BCDIN3D,144233.0,MutNovel,"E196K,0.647"
X-2306,BLCAP,10904.0,MutNovel,"D72N,0.484"
X-2306,BPGM,669.0,Amp5,7.26
X-2306,BRAF,673.0,MutLikelyFunctional,"L597S,0.952"
X-2306,BRAF,673.0,Amp8,9.99
X-2306,BRWD1,54014.0,MutNovel,"T292I,1.000"
X-2306,C10orf32,119032.0,MutNovel,"T26N,0.286"
X-2306,C12orf57,113246.0,MutNovel,"G100N,0.369"
X-2306,C16orf58,64755.0,MutNovel,"P325L,0.610"
X-2306,C21orf56,84221.0,MutNovel,"E14K,0.667"
X-2306,C7orf13,129790.0,Amp5,6.63
X-2306,C7orf23,79161.0,Amp5,7.21
X-2306,C7orf29,113763.0,Amp5,7.89
X-2306,C7orf33,202865.0,Amp8,8.46
X-2306,C7orf34,135927.0,Amp8,11.24
X-2306,C7orf45,136263.0,Amp5,7.31
X-2306,C7orf49,78996.0,Amp5,7.26
X-2306,C7orf55,154791.0,Amp8,10.27
X-2306,C7orf62,219557.0,Amp5,7.06
X-2306,C7orf73,647087.0,Amp5,7.26
X-2306,C9orf53,51198.0,Del0.8,0.28
X-2306,CACNA1H,8912.0,MutNovel,"S451F,0.333"
X-2306,CACNA1H,8912.0,MutNovel,"H2286Y,0.320"
X-2306,CALD1,800.0,Amp5,7.26
X-2306,CALU,813.0,Amp5,7.11
X-2306,CAPRIN1,4076.0,MutNovel,"E282D,0.315"
X-2306,CASP2,835.0,Amp8,11.24
X-2306,CCDC130,81576.0,MutNovel,"S167N,0.442"
X-2306,CCDC136,64753.0,Amp5,7.11
X-2306,CCDC71L,168455.0,Amp5,5.46
X-2306,CD320,51293.0,MutNovel,"L249F,0.472"
X-2306,CDK5,1020.0,Amp5,7.89
X-2306,CDKN2A,1029.0,Del0.8,0.28
X-2306,CDKN2B,1030.0,Del0.8,0.44
X-2306,CEP350,9857.0,MutNovel,"G871E,0.500"
X-2306,CEP41,95681.0,Amp8,8.34
X-2306,CEP95,90799.0,MutNovel,"K551E,0.483"
X-2306,CHCHD3,54927.0,Amp5,7.26
X-2306,CHPF2,54480.0,Amp5,7.89
X-2306,CHRM2,1129.0,Amp8,8.57
X-2306,CILP2,148113.0,MutNovel,"P636S,0.571"
X-2306,CILP2,148113.0,MutNovel,"P650L,0.600"
X-2306,CKAP4,10970.0,MutNovel,"S422F,0.400"
X-2306,CKAP5,9793.0,MutNovel,"L1018F,0.429"
X-2306,CLCA2,9635.0,MutNovel,"E359D,0.750"
X-2306,CLCN1,1180.0,Amp8,11.24
X-2306,CLEC2L,154790.0,Amp8,10.27
X-2306,CLEC5A,23601.0,Amp8,12.38
X-2306,CLUAP1,23059.0,MutNovel,"P30S,0.750"
X-2306,CNNM2,54805.0,MutNovel,"E836K,0.667"
X-2306,CNOT4,4850.0,Amp5,7.26
X-2306,CNPY1,285888.0,Amp5,6.63
X-2306,CNTNAP2,26047.0,Amp8,9.51
X-2306,COG8,84342.0,MutNovel,"S190F,0.370"
X-2306,COPG2,26958.0,Amp8,9.25
X-2306,CPA1,1357.0,Amp5,7.31
X-2306,CPA2,1358.0,Amp5,7.31
X-2306,CPA4,51200.0,Amp5,7.31
X-2306,CPA5,93979.0,Amp5,7.31
X-2306,CREB3L2,64764.0,Amp8,10.27
X-2306,CRELD2,79174.0,MutNovel,"P289L,0.282"
X-2306,CROT,54677.0,Amp5,7.21
X-2306,CRY2,1408.0,MutNovel,"S283F,0.500"
X-2306,CRYGN,155051.0,Amp5,7.89
X-2306,CTAGE15P,441294.0,Amp8,13.83
X-2306,CTAGE4,100128553.0,Amp8,13.83
X-2306,CTAGE4,100128553.0,Amp5,7.36
X-2306,CTAGE6P,340307.0,Amp8,13.83
X-2306,CTNNB1,1499.0,MutNovel,"V378L,0.462"
X-2306,CTSA,5476.0,MutNovel,"L29-,0.482"
X-2306,CUL1,8454.0,Amp8,8.46
X-2306,DBF4,10926.0,Amp5,7.21
X-2306,DENND2A,27147.0,Amp8,10.27
X-2306,DGCR14,8220.0,MutNovel,"P19L,1.000"
X-2306,DGKI,9162.0,Amp8,10.27
X-2306,DHX38,9785.0,MutNovel,"R674W,0.509"
X-2306,DIAPH2,1730.0,MutNovel,"P126S,1.000"
X-2306,DISP1,84976.0,MutNovel,"H1189R,0.273"
X-2306,DMTF1,9988.0,Amp5,7.21
X-2306,DMXL2,23312.0,MutNovel,"L2224F,1.000"
X-2306,DNAJB6,10049.0,Amp5,6.63
X-2306,DNAJC2,27000.0,Amp5,5.17
X-2306,DOCK1,1793.0,MutNovel,"D525N,0.444"
X-2306,DPY19L2P2,349152.0,Amp5,5.17
X-2306,DTX3L,151636.0,MutNovel,"P239L,0.429"
X-2306,DUS2L,54920.0,MutNovel,"S238F,0.522"
X-2306,EGR1,1958.0,MutNovel,"P332L,0.534"
X-2306,EHMT2,10919.0,MutNovel,"P142S,0.343"
X-2306,EIF3IP1,442720.0,Amp5,5.5
X-2306,ELMOD2,255520.0,MutNovel,"S50F,0.304"
X-2306,EN2,2020.0,Amp5,6.63
X-2306,EPHA1,2041.0,Amp8,13.83
X-2306,EPHB6,2051.0,Amp8,11.24
X-2306,ESYT2,57488.0,Amp5,6.63
X-2306,ETV3,2117.0,MutNovel,"A171V,0.407"
X-2306,EXOC4,60412.0,Amp5,7.26
X-2306,EZH2,2146.0,Amp8,8.46
X-2306,FABP5P3,220832.0,Amp5,7.89
X-2306,FAM100A,124402.0,MutNovel,"H137P,0.640"
X-2306,FAM115A,9747.0,Amp8,13.83
X-2306,FAM115C,285966.0,Amp8,13.83
X-2306,FAM131B,9715.0,Amp8,11.24
X-2306,FAM180A,389558.0,Amp5,7.26
X-2306,FAM185A,222234.0,Amp5,5.17
X-2306,FAM40B,57464.0,Amp5,7.31
X-2306,FAM49B,51571.0,MutNovel,"S316F,0.662"
X-2306,FAM53A,152877.0,MutNovel,"S210F,0.667"
X-2306,FAM71F1,84691.0,Amp5,7.11
X-2306,FAM71F2,346653.0,Amp5,7.11
X-2306,FARSA,2193.0,MutNovel,"R72Q,0.540"
X-2306,FASTK,10922.0,Amp5,7.89
X-2306,FBXL13,222235.0,Amp5,5.17
X-2306,FCHSD1,89848.0,MutNovel,"D485N,0.628"
X-2306,FHAD1,114827.0,MutNovel,"E486K,0.667"
X-2306,FLJ40852,285962.0,Amp8,12.38
X-2306,FLJ43663,378805.0,Amp8,9.25
X-2306,FLJ45340,402483.0,Amp5,7.11
X-2306,FMN2,56776.0,Amp5,5.24
X-2306,FP588,92973.0,Amp5,7.36
X-2306,FSCN3,29999.0,Amp5,6.54
X-2306,GAB2,9846.0,MutNovel,"P174L,0.529"
X-2306,GALNT11,63917.0,Amp5,7.89
X-2306,GALNTL5,168391.0,Amp5,7.89
X-2306,GBA2,57704.0,Amp5,5.24
X-2306,GBE1,2632.0,MutNovel,"H528L,0.407"
X-2306,GBX1,2636.0,Amp5,7.89
X-2306,GCC1,79571.0,Amp5,6.54
X-2306,GEM,2669.0,MutKnownFunctional,"W22*,0.600"
X-2306,GIMAP1,170575.0,Amp5,7.89
X-2306,GIMAP1-GIMAP5,100527949.0,Amp5,7.89
X-2306,GIMAP2,26157.0,Amp5,7.89
X-2306,GIMAP4,55303.0,Amp5,7.89
X-2306,GIMAP5,55340.0,Amp5,7.89
X-2306,GIMAP6,474344.0,Amp5,7.89
X-2306,GIMAP7,168537.0,Amp5,7.89
X-2306,GIMAP8,155038.0,Amp5,7.89
X-2306,GPR37,2861.0,Amp5,6.68
X-2306,GRM3,2913.0,Amp5,7.21
X-2306,GRM8,2918.0,Amp5,5.5
X-2306,GSTK1,373156.0,Amp8,11.24
X-2306,HCN2,610.0,MutNovel,"P717L,0.750"
X-2306,HEATR3,55027.0,MutNovel,"H332P,0.455"
X-2306,HILPDA,29923.0,Amp5,6.54
X-2306,HINT2,84681.0,Amp5,7.36
X-2306,HIP1,3092.0,MutKnownFunctional,"R104*,0.231"
X-2306,HIPK2,28996.0,Amp8,10.27
X-2306,HIRA,7290.0,MutNovel,"M788I,0.268"
X-2306,HLA-DRB1,3123.0,Amp5,5.35
X-2306,HLA-DRB5,3127.0,Amp8,12.04
X-2306,HLA-DRB6,3128.0,Amp5,5.35
X-2306,HMGA2,8091.0,MutNovel,"E69K,0.500"
X-2306,HMMR,3161.0,MutKnownFunctional,"-665?,0.312"
X-2306,HNRNPUL1,11100.0,MutNovel,"P811L,0.400"
X-2306,HRCT1,646962.0,Amp5,7.36
X-2306,HS6ST1,9394.0,MutNovel,"E376K,0.750"
X-2306,HSP90AA1,3320.0,MutNovel,"F240L,0.490"
X-2306,HTR5A,3361.0,Amp5,6.63
X-2306,HTT,3064.0,MutNovel,"P2073L,0.517"
X-2306,IDH3G,3421.0,MutNovel,"I118M,0.501"
X-2306,IGSF3,3321.0,MutNovel,"D1041G,0.400"
X-2306,IL1R1,3554.0,MutNovel,"G275E,0.667"
X-2306,ILKAP,80895.0,MutNovel,"R377G,0.500"
X-2306,IMPDH1,3614.0,Amp5,6.54
X-2306,INCENP,3619.0,MutNovel,"P415L,0.564"
X-2306,INPPL1,3636.0,MutNovel,"I791M,0.430"
X-2306,INSIG1,3638.0,Amp5,6.63
X-2306,IRF5,3663.0,Amp5,7.31
X-2306,IRX6,79190.0,MutNovel,"S322F,0.413"
X-2306,JAK2,3717.0,Del0.8,0.71
X-2306,JHDM1D,80853.0,Amp8,10.27
X-2306,KCNH2,3757.0,Amp5,7.89
X-2306,KCP,375616.0,Amp5,7.31
X-2306,KEL,3792.0,Amp8,11.24
X-2306,KIAA0125,9834.0,Amp5,5.06
X-2306,KIAA0226,9711.0,MutNovel,"S501F,0.375"
X-2306,KIAA0284,283638.0,MutNovel,"S1124F,0.667"
X-2306,KIAA1147,57189.0,Amp8,12.38
X-2306,KIAA1324L,222223.0,Amp5,7.21
X-2306,KIAA1549,57670.0,Amp8,10.27
X-2306,KIF20B,9585.0,MutNovel,"L1062LKV,0.417"
X-2306,KLF14,136259.0,Amp8,9.25
X-2306,KLHDC10,23008.0,Amp5,7.31
X-2306,KLRG2,346689.0,Amp8,10.27
X-2306,KRBA1,84626.0,Amp8,8.46
X-2306,LEP,3952.0,Amp5,6.54
X-2306,LINC00032,158035.0,Del0.8,0.76
X-2306,LINC00244,64433.0,Amp5,6.63
X-2306,LMBR1,64327.0,Amp5,6.63
X-2306,LOC100128264,100128264.0,Amp5,6.63
X-2306,LOC100128822,100128822.0,Amp5,7.89
X-2306,LOC100129148,100129148.0,Amp8,10.27
X-2306,LOC100130705,100130705.0,Amp5,5.62
X-2306,LOC100130880,100130880.0,Amp8,10.27
X-2306,LOC100132707,100132707.0,Amp5,6.63
X-2306,LOC100134229,100134229.0,Amp8,10.27
X-2306,LOC100287482,100287482.0,Amp5,7.31
X-2306,LOC100506123,100506123.0,Del0.8,0.68
X-2306,LOC100506585,100506585.0,Amp5,6.63
X-2306,LOC154761,154761.0,Amp8,13.83
X-2306,LOC154822,154822.0,Amp5,6.63
X-2306,LOC154872,154872.0,Amp5,6.68
X-2306,LOC155060,155060.0,Amp8,8.46
X-2306,LOC158376,158376.0,Amp5,7.36
X-2306,LOC202781,202781.0,Amp5,6.63
X-2306,LOC285889,285889.0,Amp5,6.63
X-2306,LOC285972,285972.0,Amp5,7.89
X-2306,LOC407835,407835.0,Amp5,7.31
X-2306,LOC645249,645249.0,Amp5,6.63
X-2306,LOC646329,646329.0,Amp8,9.25
X-2306,LOC728377,728377.0,Amp5,7.36
X-2306,LOC728743,728743.0,Amp5,7.89
X-2306,LOC93432,93432.0,Amp8,12.21
X-2306,LPCAT1,79888.0,MutNovel,"A116V,0.700"
X-2306,LRGUK,136332.0,Amp5,7.26
X-2306,LRRC17,10234.0,Amp5,5.17
X-2306,LRRC4,64101.0,Amp5,6.54
X-2306,LRRC41,10489.0,MutNovel,"A31V,0.818"
X-2306,LRRC61,65999.0,Amp5,7.89
X-2306,LRRN3,54674.0,Amp5,5.5
X-2306,LUC7L2,51631.0,Amp8,10.27
X-2306,LUZP6,767558.0,Amp5,7.26
X-2306,MAN2A1,4124.0,MutNovel,"S662L,0.333"
X-2306,MAP2K3,5606.0,MutNovel,"P267S,0.453"
X-2306,MAPKAPK3,7867.0,MutNovel,"P202L,0.534"
X-2306,MBD5,55777.0,MutNovel,"K487R,1.000"
X-2306,MCM9,254394.0,MutNovel,"V613M,0.500"
X-2306,MED12,9968.0,MutNovel,"Q2120H,0.250"
X-2306,MEST,4232.0,Amp8,9.25
X-2306,MESTIT1,317751.0,Amp8,9.25
X-2306,METTL2B,55798.0,Amp5,6.54
X-2306,MGAM,8972.0,Amp8,9.13
X-2306,MIR129-1,406917.0,Amp5,6.54
X-2306,MIR153-2,406945.0,Amp5,6.63
X-2306,MIR182,406958.0,Amp5,7.31
X-2306,MIR183,406959.0,Amp5,7.31
X-2306,MIR29A,407021.0,Amp8,9.25
X-2306,MIR29B1,407024.0,Amp8,9.25
X-2306,MIR335,442904.0,Amp8,9.25
X-2306,MIR3907,100500835.0,Amp5,7.89
X-2306,MIR3914-1,100500836.0,Amp5,5.35
X-2306,MIR3914-2,100500920.0,Amp5,5.35
X-2306,MIR4468,100616226.0,Amp8,10.27
X-2306,MIR490,574443.0,Amp8,10.13
X-2306,MIR548F3,100302159.0,Amp8,8.46
X-2306,MIR548F4,100313895.0,Amp8,8.46
X-2306,MIR548I4,100302191.0,Amp8,8.46
X-2306,MIR548T,100422849.0,Amp8,8.46
X-2306,MIR592,693177.0,Amp5,6.54
X-2306,MIR593,693178.0,Amp5,6.54
X-2306,MIR595,693180.0,Amp5,6.63
X-2306,MIR671,768213.0,Amp5,7.89
X-2306,MIR96,407053.0,Amp5,7.31
X-2306,MKKS,8195.0,MutNovel,"P39S,0.915"
X-2306,MKLN1,4289.0,Amp5,7.67
X-2306,MKRN1,23608.0,Amp8,10.27
X-2306,MLL3,58508.0,Amp5,7.89
X-2306,MLL4,9757.0,MutNovel,"H1538Y,0.310"
X-2306,MNX1,3110.0,Amp5,6.63
X-2306,MON2,23041.0,MutNovel,"S1203L,0.765"
X-2306,MOXD2P,100289017.0,Amp8,12.21
X-2306,MRPS33,51650.0,Amp8,12.38
X-2306,MSMP,692094.0,Amp5,7.36
X-2306,MTO1,25821.0,MutNovel,"D292H,0.500"
X-2306,MTRNR2L6,100463482.0,Amp8,11.24
X-2306,NAA15,80155.0,MutNovel,"P40L,0.545"
X-2306,NAPEPLD,222236.0,Amp5,5.17
X-2306,NCAPG2,54892.0,Amp5,6.63
X-2306,NCOR2,9612.0,MutNovel,"S1558L,0.367"
X-2306,NDUFB2,4708.0,Amp8,10.27
X-2306,NEDD4L,23327.0,MutNovel,"P533S,0.627"
X-2306,NFKBIB,4793.0,MutNovel,"P301L,0.500"
X-2306,NOBOX,135935.0,Amp8,11.96
X-2306,NOM1,64434.0,Amp5,6.63
X-2306,NOS3,4846.0,Amp5,7.89
X-2306,NPR2,4882.0,Amp5,7.36
X-2306,NRF1,4899.0,Amp5,7.31
X-2306,NRP2,8828.0,MutNovel,"D211N,0.500"
X-2306,NSD1,64324.0,MutNovel,"R334H,1.000"
X-2306,NSF,4905.0,MutNovel,"I324L,0.488"
X-2306,NTHL1,4913.0,MutNovel,"P29M,0.643"
X-2306,NUB1,51667.0,Amp5,7.89
X-2306,NUP153,9972.0,MutNovel,"D1182E,0.457"
X-2306,NUP205,23165.0,Amp5,7.26
X-2306,OPN1SW,611.0,Amp5,7.11
X-2306,OR13J1,392309.0,Amp5,7.36
X-2306,OR2A12,346525.0,Amp8,13.83
X-2306,OR2A14,135941.0,Amp8,13.83
X-2306,OR2A2,442361.0,Amp8,13.83
X-2306,OR2A25,392138.0,Amp8,13.83
X-2306,OR2A42,402317.0,Amp5,7.36
X-2306,OR2A42,402317.0,Amp5,7.36
X-2306,OR2A5,393046.0,Amp8,13.83
X-2306,OR2A7,401427.0,Amp5,7.36
X-2306,OR2A9P,441295.0,Amp5,7.36
X-2306,OR2A9P,441295.0,Amp5,7.36
X-2306,OR2F1,26211.0,Amp8,13.83
X-2306,OR2F2,135948.0,Amp8,13.83
X-2306,OR2S2,56656.0,Amp5,7.36
X-2306,OR2T10,127069.0,Amp5,6.28
X-2306,OR2T34,127068.0,Amp5,6.28
X-2306,OR6B1,135946.0,Amp8,13.83
X-2306,OR6V1,346517.0,Amp8,11.24
X-2306,OR6W1P,89883.0,Amp8,11.24
X-2306,OR9A2,135924.0,Amp8,11.24
X-2306,OR9A4,130075.0,Amp8,12.38
X-2306,ORAI1,84876.0,MutNovel,"PP43-,0.714"
X-2306,PARP12,64761.0,Amp8,10.27
X-2306,PAX4,5078.0,Amp5,6.54
X-2306,PAXIP1,22976.0,Amp5,6.63
X-2306,PCDHB9,56127.0,MutNovel,"R518C,1.000"
X-2306,PCLO,27445.0,Amp5,6.06
X-2306,PCOLCE2,26577.0,MutNovel,"K343E,0.500"
X-2306,PDIA4,9601.0,Amp8,8.46
X-2306,PHLDA1,22822.0,MutNovel,"QQ194Q,0.626"
X-2306,PIK3CG,5294.0,Amp5,5.46
X-2306,PIP,5304.0,Amp8,11.24
X-2306,PLCH2,9651.0,MutNovel,"P999T,1.000"
X-2306,PLEKHM1,9842.0,MutNovel,"R806W,0.667"
X-2306,PLXNA4,91584.0,Amp5,7.26
X-2306,PMPCB,9512.0,Amp5,5.17
X-2306,PODXL,5420.0,Amp5,6.36
X-2306,POT1,25913.0,Amp5,6.68
X-2306,PPRC1,23082.0,MutNovel,"P1130S,0.438"
X-2306,PRIC285,85441.0,MutNovel,"E2538Q,0.441"
X-2306,PRKAG2,51422.0,Amp5,7.89
X-2306,PRPF4B,8899.0,MutNovel,"P966S,0.344"
X-2306,PRRC2B,84726.0,MutNovel,"D1712N,0.706"
X-2306,PRRT4,401399.0,Amp5,6.54
X-2306,PRSS1,5644.0,Amp8,11.24
X-2306,PRSS12,8492.0,MutNovel,"E290K,0.600"
X-2306,PRSS37,136242.0,Amp8,12.38
X-2306,PRSS58,136541.0,Amp8,12.21
X-2306,PSMC2,5701.0,Amp5,5.17
X-2306,PTK7,5754.0,MutNovel,"K470N,0.333"
X-2306,PTN,5764.0,Amp8,10.27
X-2306,PTPRN2,5799.0,Amp5,6.63
X-2306,RAB19,401409.0,Amp8,10.27
X-2306,RARRES2,5919.0,Amp5,7.89
X-2306,RBBP6,5930.0,MutNovel,"PS1706P,0.270"
X-2306,RBM28,55131.0,Amp5,6.54
X-2306,RBM33,155435.0,Amp5,6.63
X-2306,RECK,8434.0,Amp5,7.36
X-2306,RECQL5,9400.0,MutNovel,"P219Y,0.400"
X-2306,RECQL5,9400.0,MutNovel,"F216L,0.500"
X-2306,RELN,5649.0,Amp5,5.17
X-2306,REPIN1,29803.0,Amp5,7.89
X-2306,RGP1,9827.0,Amp5,7.36
X-2306,RHEB,6009.0,Amp5,7.89
X-2306,RNF10,9921.0,MutNovel,"R755P,0.316"
X-2306,RNF32,140545.0,Amp5,6.63
X-2306,RPL19P12,100129424.0,Amp5,5.17
X-2306,RTF1,23168.0,MutNovel,"R211C,0.500"
X-2306,RTTN,25914.0,MutNovel,"S349F,1.000"
X-2306,RUNDC3B,154661.0,Amp5,7.21
X-2306,S1PR2,9294.0,MutNovel,"A207V,0.444"
X-2306,SAMHD1,25939.0,MutNovel,"D415N,0.400"
X-2306,SATB1,6304.0,MutNovel,"D703G,0.583"
X-2306,SBF1,6305.0,MutNovel,"P887S,0.970"
X-2306,SBF1,6305.0,MutNovel,"P707S,0.595"
X-2306,SCARF2,91179.0,MutNovel,"E839D,0.208"
X-2306,SCMH1,22955.0,MutKnownFunctional,"R217*,0.259"
X-2306,SEC16A,9919.0,MutNovel,"S1720F,0.564"
X-2306,SEMA3A,10371.0,Amp5,7.21
X-2306,SEMA3D,223117.0,Amp5,7.21
X-2306,SEMA3E,9723.0,Amp5,7.21
X-2306,SERINC2,347735.0,MutNovel,"-373Q,0.475"
X-2306,SF1,7536.0,MutNovel,"S205F,0.527"
X-2306,SFSWAP,6433.0,MutNovel,"F505I,0.352"
X-2306,SGOL2,151246.0,MutNovel,"S1021F,0.462"
X-2306,SH3BP4,23677.0,MutKnownFunctional,"IR6I*,0.562"
X-2306,SHC2,25759.0,MutNovel,"P309S,0.522"
X-2306,SHH,6469.0,Amp5,6.63
X-2306,SHKBP1,92799.0,MutNovel,"T630I,0.440"
X-2306,SIRPB1,10326.0,MutNovel,"DV130E,0.932"
X-2306,SIRPB1,10326.0,MutNovel,"D130T,1.000"
X-2306,SIRPG,55423.0,MutNovel,"N98K,1.000"
X-2306,SLC13A4,26266.0,Amp5,7.26
X-2306,SLC22A18,5002.0,MutNovel,"I403V,0.533"
X-2306,SLC25A40,55972.0,Amp5,7.21
X-2306,SLC26A11,284129.0,MutNovel,"S595F,0.500"
X-2306,SLC26A5,375611.0,Amp5,5.17
X-2306,SLC35B4,84912.0,Amp5,7.26
X-2306,SLC37A3,84255.0,Amp8,10.27
X-2306,SLC4A2,6522.0,Amp5,7.89
X-2306,SLC4A3,6508.0,MutNovel,"S601F,0.643"
X-2306,SLX4,84464.0,MutNovel,"E1543D,0.438"
X-2306,SMARCA4,6597.0,MutNovel,"E1385K,0.511"
X-2306,SMARCD3,6604.0,Amp5,7.89
X-2306,SMO,6608.0,Amp5,7.31
X-2306,SND1,27044.0,Amp5,6.54
X-2306,SND1-IT1,27099.0,Amp5,6.54
X-2306,SOD2,6648.0,MutNovel,"A57G,0.460"
X-2306,SPAG8,26206.0,MutNovel,"GSGPG182G,0.700"
X-2306,SPAG8,26206.0,Amp5,7.36
X-2306,SPTY2D1,144108.0,MutNovel,"L208F,0.600"
X-2306,SREBF2,6721.0,MutNovel,"P496F,0.264"
X-2306,SRI,6717.0,Amp5,7.06
X-2306,SSBP1,6742.0,Amp8,12.38
X-2306,SSPO,23145.0,Amp8,8.46
X-2306,ST14,6768.0,MutNovel,"R463W,0.400"
X-2306,ST3GAL3,6487.0,MutNovel,"A166T,0.542"
X-2306,STEAP4,79689.0,Amp5,7.06
X-2306,STRA8,346673.0,Amp5,7.26
X-2306,SVOPL,136306.0,Amp8,10.27
X-2306,SYTL2,54843.0,MutNovel,"R485H,0.471"
X-2306,TAG,404663.0,Del0.8,0.76
X-2306,TAS2R3,50831.0,Amp8,12.38
X-2306,TAS2R38,5726.0,Amp8,12.38
X-2306,TAS2R39,259285.0,Amp8,11.24
X-2306,TAS2R4,50832.0,Amp8,12.38
X-2306,TAS2R40,259286.0,Amp8,11.24
X-2306,TAS2R41,259287.0,Amp8,13.83
X-2306,TAS2R5,54429.0,Amp8,12.38
X-2306,TAS2R60,338398.0,Amp8,13.83
X-2306,TBC1D8,11138.0,MutNovel,"H1087Y,0.400"
X-2306,TBXAS1,6916.0,Amp8,10.27
X-2306,TCF3,6929.0,MutNovel,"P613L,0.496"
X-2306,TDRKH,11022.0,MutNovel,"E294K,0.353"
X-2306,TESK2,10420.0,MutKnownFunctional,"-449,0.522"
X-2306,TIMM23,100287932.0,MutNovel,"L187F,0.458"
X-2306,TMEM139,135932.0,Amp8,11.24
X-2306,TMEM140,55281.0,Amp5,7.26
X-2306,TMEM176A,55365.0,Amp5,7.89
X-2306,TMEM176B,28959.0,Amp5,7.89
X-2306,TMEM201,199953.0,MutNovel,"P211S,0.577"
X-2306,TMEM205,374882.0,MutNovel,"R159H,0.467"
X-2306,TMEM209,84928.0,Amp5,7.31
X-2306,TMEM213,155006.0,Amp8,10.27
X-2306,TMEM48,55706.0,MutNovel,"P499T,0.240"
X-2306,TMEM8B,51754.0,Amp5,7.36
X-2306,TMUB1,83590.0,Amp5,7.89
X-2306,TNPO3,23534.0,Amp5,7.31
X-2306,TNRC18,84629.0,MutNovel,"P2731S,0.600"
X-2306,TP53TG1,11257.0,Amp5,7.21
X-2306,TPI1P2,286016.0,Amp5,7.31
X-2306,TPK1,27010.0,Amp8,11.96
X-2306,TRIM24,8805.0,Amp8,10.27
X-2306,TRMT44,,MutNovel,"M300L,0.875"
X-2306,TRPV5,56302.0,Amp8,11.24
X-2306,TRPV6,55503.0,Amp8,11.24
X-2306,TSGA13,114960.0,Amp8,9.25
X-2306,TSPAN33,340348.0,Amp5,7.31
X-2306,TSPYL1,7259.0,MutNovel,"V176VW,0.545"
X-2306,TTC26,79989.0,Amp8,10.27
X-2306,TUBGCP2,10844.0,MutNovel,"S368F,0.493"
X-2306,TXNDC11,51061.0,MutNovel,"P560S,0.300"
X-2306,UBE2H,7328.0,Amp5,7.31
X-2306,UBE2J2,118424.0,MutNovel,"P226L,0.367"
X-2306,UBE3C,9690.0,Amp5,6.63
X-2306,UBN2,254048.0,Amp8,10.27
X-2306,UGT2B28,54490.0,Amp5,5.58
X-2306,USP36,57602.0,MutNovel,"KKK958K,0.800"
X-2306,USP54,159195.0,MutNovel,"P1560L,0.526"
X-2306,UTY,7404.0,MutNovel,"GG1059VR,0.667"
X-2306,UTY,7404.0,MutNovel,"S1058D,0.667"
X-2306,UTY,7404.0,MutNovel,"LL1055GL,0.667"
X-2306,UTY,7404.0,MutNovel,"E1054L,0.667"
X-2306,UTY,7404.0,MutNovel,"C1052P,0.500"
X-2306,UTY,7404.0,MutNovel,"QA1050RL,0.500"
X-2306,UTY,7404.0,MutNovel,"Q1050K,0.750"
X-2306,UTY,7404.0,MutNovel,"V1048H,0.750"
X-2306,UTY,7404.0,MutKnownFunctional,"FV1040**,0.667"
X-2306,UTY,7404.0,MutNovel,"IF1039TV,0.667"
X-2306,UTY,7404.0,MutNovel,"C1038W,0.667"
X-2306,UTY,7404.0,MutNovel,"H1029L,0.667"
X-2306,UTY,7404.0,MutNovel,"HQ1001QK,1.000"
X-2306,UTY,7404.0,MutNovel,"L975W,0.667"
X-2306,UTY,7404.0,MutNovel,"QD366GH,1.000"
X-2306,UTY,7404.0,MutNovel,"P365R,1.000"
X-2306,UTY,7404.0,MutKnownFunctional,"NQ363S*,1.000"
X-2306,UTY,7404.0,MutNovel,"C362N,1.000"
X-2306,UTY,7404.0,MutNovel,"S361R,1.000"
X-2306,UTY,7404.0,MutKnownFunctional,"YE359Y*,1.000"
X-2306,UTY,7404.0,MutNovel,"L358T,1.000"
X-2306,UTY,7404.0,MutNovel,"G356S,1.000"
X-2306,UTY,7404.0,MutKnownFunctional,"DL354G*,1.000"
X-2306,UTY,7404.0,MutNovel,"MD353RN,1.000"
X-2306,UTY,7404.0,MutNovel,"W352Q,1.000"
X-2306,UTY,7404.0,MutNovel,"AA350ET,1.000"
X-2306,UTY,7404.0,MutNovel,"HA348QN,1.000"
X-2306,UTY,7404.0,MutNovel,"Q343E,1.000"
X-2306,UTY,7404.0,MutNovel,"A341K,1.000"
X-2306,VIL1,7429.0,MutNovel,"G502V,0.429"
X-2306,VIPR2,7434.0,Amp5,6.63
X-2306,WDR60,55112.0,Amp5,6.63
X-2306,WDR86,349136.0,Amp5,7.89
X-2306,WDR91,29062.0,Amp5,7.26
X-2306,WEE2,494551.0,Amp8,12.38
X-2306,WIZ,58525.0,MutNovel,"P290L,0.381"
X-2306,XPO6,23214.0,MutNovel,"I235F,0.649"
X-2306,XRCC2,7516.0,Amp5,7.89
X-2306,ZBTB25,7597.0,MutKnownFunctional,"Y34*,0.429"
X-2306,ZC3H8,84524.0,MutKnownFunctional,"-287,0.478"
X-2306,ZC3HAV1,56829.0,Amp8,10.27
X-2306,ZC3HAV1L,92092.0,Amp8,10.27
X-2306,ZC3HC1,51530.0,Amp5,7.31
X-2306,ZCCHC7,84186.0,MutNovel,"P474S,1.000"
X-2306,ZNF212,7988.0,Amp8,8.46
X-2306,ZNF282,8427.0,Amp8,8.46
X-2306,ZNF398,57541.0,Amp8,8.46
X-2306,ZNF425,155054.0,Amp8,8.46
X-2306,ZNF467,168544.0,Amp8,8.46
X-2306,ZNF521,25925.0,MutNovel,"F255C,0.333"
X-2306,ZNF543,125919.0,MutNovel,"E368G,0.400"
X-2306,ZNF704,619279.0,MutNovel,"S65F,1.000"
X-2306,ZNF746,155061.0,Amp8,8.46
X-2306,ZNF767,79970.0,Amp8,8.46
X-2306,ZNF775,285971.0,Amp5,7.89
X-2306,ZNF777,27153.0,Amp8,8.46
X-2306,ZNF783,100289678.0,Amp8,8.46
X-2306,ZNF786,136051.0,Amp8,8.46
X-2306,ZNF800,168850.0,Amp5,6.54
X-2306,ZNF804B,219578.0,Amp5,5.74
X-2306,ZNF862,643641.0,Amp8,8.46
X-2306,ZYX,7791.0,Amp8,13.83
X-2602,ABCC2,1244.0,Del0.8,0.71
X-2602,ACADS,35.0,Amp5,6.87
X-2602,ACTN4,81.0,MutNovel,"A58T,0.524"
X-2602,ACTR6,64431.0,Amp5,5.54
X-2602,AGAP1,116987.0,MutNovel,"E628K,0.769"
X-2602,AGRN,375790.0,MutNovel,"G98R,1.000"
X-2602,ALG1L2,644974.0,Del0.8,0.71
X-2602,AMDHD1,144193.0,Amp5,6.73
X-2602,AMELY,266.0,Del0.8,0.13
X-2602,ANKRD36,375248.0,MutNovel,"T998S,0.667"
X-2602,ANKS1A,23294.0,MutNovel,"G878E,0.632"
X-2602,ANO4,121601.0,Amp5,6.87
X-2602,AP5Z1,,MutNovel,"T394I,0.437"
X-2602,AP5Z1,,MutNovel,"L500F,0.456"
X-2602,APP,351.0,MutNovel,"Y476D,0.559"
X-2602,APPL2,55198.0,Del0.8,0.78
X-2602,ARFGAP3,26286.0,MutKnownFunctional,"-299?,0.400"
X-2602,ARHGAP24,83478.0,MutNovel,"E194K,0.625"
X-2602,ARL1,400.0,Amp5,6.87
X-2602,ARL6IP4,51329.0,MutKnownFunctional,"E97*,0.929"
X-2602,ARV1,64801.0,MutKnownFunctional,"-170?,0.250"
X-2602,ASPM,259266.0,MutNovel,"S941F,0.556"
X-2602,ATG16L2,89849.0,MutNovel,"G238V,1.000"
X-2602,ATP2B1,490.0,MutNovel,"T872M,1.000"
X-2602,ATXN7L3B,552889.0,Amp5,7.46
X-2602,BBS10,79738.0,MutNovel,"L526F,0.748"
X-2602,BBS10,79738.0,Amp5,7.46
X-2602,BCORP1,286554.0,Del0.8,0.13
X-2602,BCR,613.0,MutNovel,"L1183Q,0.625"
X-2602,BEST3,144453.0,Amp5,7.46
X-2602,BLOC1S2,282991.0,Del0.8,0.3
X-2602,BPY2B,442867.0,Del0.8,0.04
X-2602,BPY2B,442867.0,Del0.8,0.08
X-2602,BRAF,673.0,MutKnownFunctional,"V600E,0.625"
X-2602,BRCA1,672.0,MutNovel,"G1727A,0.545"
X-2602,C12orf43,64897.0,Amp5,6.87
X-2602,C12orf52,84934.0,Amp5,5.5
X-2602,C16orf52,730094.0,MutNovel,"P118S,0.438"
X-2602,C1orf227,149643.0,Amp5,5.66
X-2602,C5orf24,134553.0,Del0.8,0.74
X-2602,C9orf174,100499483.0,MutNovel,"G208R,1.000"
X-2602,C9orf3,84909.0,MutKnownFunctional,"-702,1.000"
X-2602,C9orf53,51198.0,Del0.8,0.14
X-2602,CABP1,9478.0,Amp5,6.87
X-2602,CAMLG,819.0,MutNovel,"P232S,1.000"
X-2602,CAPS2,84698.0,Amp5,7.46
X-2602,CBWD6,644019.0,MutKnownFunctional,"-259?,0.462"
X-2602,CCDC38,120935.0,Amp5,6.73
X-2602,CCDC42B,387885.0,Amp5,5.5
X-2602,CCDC60,160777.0,Amp5,6.87
X-2602,CCDC64,92558.0,Amp5,6.87
X-2602,CCDC66,285331.0,MutNovel,"S606SP,1.000"
X-2602,CCT2,10576.0,Amp5,7.46
X-2602,CDK17,5128.0,Amp5,6.73
X-2602,CDK4,1019.0,MutNovel,"D97H,0.656"
X-2602,CDKN1C,1028.0,MutNovel,"APVAV171V,0.947"
X-2602,CDKN2A,1029.0,Del0.8,0.14
X-2602,CDKN2B,1030.0,Del0.8,0.28
X-2602,CDY1B,253175.0,Del0.8,0.15
X-2602,CDY1B,253175.0,Del0.8,0.1
X-2602,CDY2A,9426.0,Del0.8,0.13
X-2602,CDY2A,9426.0,Del0.8,0.13
X-2602,CDY2B,203611.0,Del0.8,0.13
X-2602,CDY2B,203611.0,Del0.8,0.13
X-2602,CEP350,9857.0,MutNovel,"M2899R,0.900"
X-2602,CFHR3,10878.0,MutNovel,"G188E,1.000"
X-2602,CHRFAM7A,89832.0,Del0.8,0.41
X-2602,CHRNA7,1139.0,Del0.8,0.8
X-2602,CHUK,1147.0,Del0.8,0.13
X-2602,CIT,11113.0,Amp5,6.87
X-2602,CNOT2,4848.0,Amp5,7.46
X-2602,COL4A3BP,10087.0,MutNovel,"P102L,1.000"
X-2602,COMMD8,54951.0,MutNovel,"E5K,0.506"
X-2602,COQ5,84274.0,Amp5,6.87
X-2602,COX6A1,1337.0,Amp5,6.87
X-2602,COX7A2L,9167.0,MutNovel,"L12V,0.447"
X-2602,CPM,1368.0,Amp5,7.46
X-2602,CPNE4,131034.0,Del0.8,0.75
X-2602,CPSF6,11052.0,Amp5,7.46
X-2602,CRB1,23418.0,MutNovel,"G1246E,0.376"
X-2602,CSAG3,389903.0,MutNovel,"A63T,0.455"
X-2602,CSPG4P1Y,114758.0,Del0.8,0.1
X-2602,CSPG4P1Y,114758.0,Del0.8,0.15
X-2602,CT45A1,541466.0,Del0.8,0.7
X-2602,CT45A2,728911.0,Del0.8,0.49
X-2602,CT45A4,441520.0,Del0.8,0.71
X-2602,CTBP1,1487.0,MutNovel,"P402S,0.489"
X-2602,CTSA,5476.0,MutNovel,"L29-,0.474"
X-2602,CWF19L1,55280.0,Del0.8,0.2
X-2602,CX3CL1,6376.0,MutNovel,"T172M,0.491"
X-2602,CXorf40A,91966.0,MutNovel,"W53C,1.000"
X-2602,DAZ1,1617.0,Del0.8,0.13
X-2602,DAZ2,57055.0,Del0.8,0.08
X-2602,DAZ3,57054.0,Del0.8,0.04
X-2602,DAZ3,57054.0,Del0.8,0.08
X-2602,DAZ4,57135.0,Del0.8,0.06
X-2602,DAZ4,57135.0,Del0.8,0.09
X-2602,DDX3Y,8653.0,Del0.8,0.13
X-2602,DDX54,79039.0,Amp5,5.5
X-2602,DEPDC4,120863.0,Amp5,5.62
X-2602,DHFRL1,200895.0,MutNovel,"A97V,0.875"
X-2602,DHX30,22907.0,MutNovel,"H505Y,0.587"
X-2602,DKFZP434L187,26082.0,Del0.8,0.61
X-2602,DNM1L,10059.0,Amp5,5.54
X-2602,DTX1,1840.0,Amp5,5.5
X-2602,DUSP6,1848.0,MutKnownFunctional,"W105*,1.000"
X-2602,DYNLL1,8655.0,Amp5,6.87
X-2602,DYRK2,8445.0,Amp5,7.46
X-2602,EEF1A1,1915.0,MutNovel,"A298T,0.504"
X-2602,EID3,493861.0,Del0.8,0.6
X-2602,EIF1AY,9086.0,Del0.8,0.13
X-2602,EIF4B,1975.0,MutNovel,"P329S,0.366"
X-2602,ELK3,2004.0,Amp5,6.73
X-2602,ELP4,26610.0,MutNovel,"D268E,0.627"
X-2602,EMD,2010.0,MutNovel,"Y182C,1.000"
X-2602,EPAS1,2034.0,MutNovel,"T196K,0.833"
X-2602,EPOR,2057.0,MutNovel,"N140S,0.406"
X-2602,FAM101A,144347.0,Amp5,6.82
X-2602,FAM106A,80039.0,Del0.8,0.47
X-2602,FAM133B,257415.0,MutNovel,"M147V,0.689"
X-2602,FAM18B2-CDRT4,100533496.0,MutNovel,"T150R,0.500"
X-2602,FAM197Y2P,252946.0,Del0.8,0.13
X-2602,FAM208A,23272.0,MutNovel,"P95S,0.533"
X-2602,FAM41AY1,340618.0,Del0.8,0.13
X-2602,FAM41AY1,340618.0,Del0.8,0.13
X-2602,FAM49A,81553.0,MutNovel,"P195S,0.500"
X-2602,FAM71C,196472.0,Amp5,6.73
X-2602,FANCE,2178.0,MutNovel,"R290W,0.565"
X-2602,FBXO46,23403.0,MutNovel,"P419F,0.600"
X-2602,FGL2,10875.0,MutKnownFunctional,"-9?,1.000"
X-2602,FRS2,10818.0,Amp5,7.46
X-2602,GAS2L3,283431.0,Amp5,6.87
X-2602,GATC,283459.0,Amp5,6.87
X-2602,GCN1L1,10985.0,MutNovel,"V1658M,0.438"
X-2602,GCN1L1,10985.0,Amp5,6.87
X-2602,GCNT1,2650.0,Del0.8,0.73
X-2602,GFPT2,9945.0,MutNovel,"R457C,1.000"
X-2602,GLIPR1,11010.0,Amp5,7.46
X-2602,GLIPR1L1,256710.0,Amp5,7.46
X-2602,GLIPR1L2,144321.0,Amp5,7.46
X-2602,GLUD2,2747.0,MutNovel,"G35R,1.000"
X-2602,GNG4,2786.0,MutNovel,"A43V,1.000"
X-2602,GOLGA2P2Y,84559.0,Del0.8,0.15
X-2602,GOLGA2P2Y,84559.0,Del0.8,0.1
X-2602,GOLGA2P5,55592.0,Amp5,6.73
X-2602,GPR108,56927.0,MutNovel,"A15V,0.289"
X-2602,GRIA1,2890.0,MutNovel,"S86F,1.000"
X-2602,GTF3A,2971.0,MutNovel,"P330S,0.512"
X-2602,GYG2P1,352887.0,Del0.8,0.13
X-2602,HAL,3034.0,Amp5,6.73
X-2602,HAPLN3,145864.0,MutKnownFunctional,"R340*,0.667"
X-2602,HAUS2,55142.0,MutKnownFunctional,"-130,0.278"
X-2602,HEATR7A,727957.0,MutNovel,"G519R,1.000"
X-2602,HELB,92797.0,MutNovel,"T995K,0.857"
X-2602,HLA-B,3106.0,MutNovel,"YT33ST,1.000"
X-2602,HNF1A,6927.0,Amp5,6.87
X-2602,HNF1A-AS1,283460.0,Amp5,6.87
X-2602,HNRNPM,4670.0,MutNovel,"P546S,0.511"
X-2602,HOXA3,3200.0,MutNovel,"E416D,0.900"
X-2602,HSFY2,159119.0,Del0.8,0.13
X-2602,HSFY2,159119.0,Del0.8,0.13
X-2602,HSPB8,26353.0,Amp5,5.9
X-2602,IFNG,3458.0,Amp5,7.46
X-2602,IKBIP,121457.0,Amp5,6.06
X-2602,IL11RA,3590.0,MutNovel,"S164F,1.000"
X-2602,IL22,50616.0,Amp5,7.46
X-2602,IL26,55801.0,Amp5,7.46
X-2602,IPO8,10526.0,MutNovel,"R71G,0.583"
X-2602,IQCD,115811.0,Amp5,5.5
X-2602,IRX6,79190.0,MutNovel,"E265A,0.656"
X-2602,KCNC2,3747.0,Amp5,7.46
X-2602,KCNMB4,27345.0,Amp5,7.46
X-2602,KCTD1,284252.0,MutNovel,"S539Y,0.800"
X-2602,KDM5D,8284.0,Del0.8,0.13
X-2602,KIAA1033,23325.0,Del0.8,0.77
X-2602,KIAA1217,56243.0,Del0.8,0.72
X-2602,KPTN,11133.0,MutNovel,"A383S,0.466"
X-2602,KRR1,11103.0,Amp5,7.46
X-2602,KRT14,3861.0,MutNovel,"T406M,0.667"
X-2602,LCE3B,353143.0,Del0.8,0.25
X-2602,LCE3C,353144.0,Del0.8,0.1
X-2602,LEPREL2,10536.0,MutNovel,"R116C,0.429"
X-2602,LGALS9C,654346.0,Del0.8,0.47
X-2602,LGR5,8549.0,Amp5,7.46
X-2602,LHX5,64211.0,Amp5,5.5
X-2602,LINC00173,100287569.0,Amp5,5.5
X-2602,LINC00263,90271.0,Del0.8,0.17
X-2602,LOC100506123,100506123.0,Del0.8,0.52
X-2602,LOC100506668,100506668.0,Amp5,6.87
X-2602,LOC100507091,100507091.0,Amp5,5.62
X-2602,LOC100507250,100507250.0,Amp5,7.46
X-2602,LOC100507377,100507377.0,Amp5,7.46
X-2602,LOC144742,144742.0,Amp5,6.87
X-2602,LOC643770,643770.0,Amp5,6.06
X-2602,LRRC10,376132.0,Amp5,7.46
X-2602,LSR,51599.0,MutNovel,"G518GR,1.000"
X-2602,LSS,4047.0,MutNovel,"P223L,0.778"
X-2602,LTA4H,4048.0,Amp5,6.73
X-2602,LYZ,4069.0,Amp5,7.46
X-2602,MACROD2,140733.0,Del0.8,0.8
X-2602,MAGEA2B,,MutNovel,"C143F,1.000"
X-2602,MAP1LC3B2,643246.0,Amp5,5.5
X-2602,MAP3K6,9064.0,MutNovel,"K1125-,0.500"
X-2602,MCM10,55388.0,MutNovel,"E693D,0.333"
X-2602,MDM1,56890.0,Amp5,7.46
X-2602,MDM2,4193.0,Amp5,7.46
X-2602,MED13L,23389.0,Amp5,5.5
X-2602,MET,4233.0,MutKnownFunctional,"T1010I,0.337"
X-2602,MIB2,142678.0,MutNovel,"R597Q,0.722"
X-2602,MIR1178,100302274.0,Amp5,6.87
X-2602,MIR1251,100302289.0,Amp5,6.06
X-2602,MIR1279,100302182.0,Amp5,7.46
X-2602,MIR135A2,406926.0,Amp5,6.06
X-2602,MIR1827,100302217.0,Amp5,6.73
X-2602,MIR3913-1,100500903.0,Amp5,7.46
X-2602,MIR3913-2,100500868.0,Amp5,7.46
X-2602,MIR4303,100422924.0,Amp5,6.06
X-2602,MIR4472-2,100616309.0,Amp5,5.5
X-2602,MIR4498,100616179.0,Amp5,6.87
X-2602,MIR4700,100616329.0,Amp5,6.87
X-2602,MIR620,693205.0,Amp5,5.5
X-2602,MLEC,9761.0,Amp5,6.87
X-2602,MPHOSPH9,10198.0,Amp5,5.62
X-2602,MRPL1,65008.0,MutNovel,"P76S,0.487"
X-2602,MRS2P2,729633.0,Amp5,7.46
X-2602,MSI1,4440.0,Amp5,6.87
X-2602,MTA2,9219.0,MutNovel,"S57G,0.536"
X-2602,MTHFD1L,25902.0,MutNovel,"S250R,0.345"
X-2602,MXRA8,54587.0,MutNovel,"G268S,0.571"
X-2602,NADK,65220.0,MutNovel,"P551L,0.471"
X-2602,NAGPA,51172.0,MutNovel,"R86K,0.833"
X-2602,NAP1L1,4673.0,Amp5,7.46
X-2602,NASP,4678.0,MutNovel,"S503C,0.512"
X-2602,NCKAP1,10787.0,MutNovel,"I278S,0.353"
X-2602,NCOR2,9612.0,Amp5,6.82
X-2602,NCRNA00185,55410.0,Del0.8,0.13
X-2602,NLGN4Y,22829.0,Del0.8,0.13
X-2602,NOC2L,26155.0,MutNovel,"E579Q,0.503"
X-2602,NPB,256933.0,MutNovel,"E98K,0.571"
X-2602,NR1H2,7376.0,MutNovel,"-173Q,1.000"
X-2602,NR1H4,9971.0,Amp5,6.87
X-2602,NUP107,57122.0,Amp5,7.46
X-2602,NXF1,10482.0,MutNovel,"R81C,0.484"
X-2602,OAS1,4938.0,Amp5,5.5
X-2602,OAS2,4939.0,Amp5,5.5
X-2602,OAS3,4940.0,Amp5,5.5
X-2602,OASL,8638.0,Amp5,6.87
X-2602,ORAI1,84876.0,MutNovel,"PP43-,1.000"
X-2602,OSBPL8,114882.0,Amp5,7.46
X-2602,OSMR,9180.0,MutNovel,"G283V,0.622"
X-2602,PANK4,55229.0,MutNovel,"V679L,0.475"
X-2602,PCDH11Y,83259.0,Del0.8,0.13
X-2602,PCSK2,5126.0,Del0.8,0.8
X-2602,PEBP1,5037.0,Amp5,5.06
X-2602,PEG10,23089.0,MutNovel,"P56PN,1.000"
X-2602,PELP1,27043.0,MutNovel,"EE900E,0.424"
X-2602,PHLDA1,22822.0,MutNovel,"QQ194Q,1.000"
X-2602,PHLDA1,22822.0,Amp5,7.46
X-2602,PHLDB2,90102.0,Del0.8,0.74
X-2602,PHRF1,57661.0,MutNovel,"R1163G,0.556"
X-2602,PIGM,93183.0,MutNovel,"R198C,0.395"
X-2602,PKD2L1,9033.0,Del0.8,0.24
X-2602,PKNOX2,63876.0,MutNovel,"E442-,0.412"
X-2602,PKP2,5318.0,Amp5,5.54
X-2602,PLA2G1B,5319.0,Amp5,6.87
X-2602,PLBD2,196463.0,Amp5,5.5
X-2602,PLOD1,5351.0,MutNovel,"G716S,0.542"
X-2602,PLXND1,23129.0,MutNovel,"R1621W,1.000"
X-2602,POM121L8P,29797.0,Del0.8,0.76
X-2602,POP5,51367.0,Amp5,6.87
X-2602,PPT2,9374.0,MutNovel,"S288F,0.638"
X-2602,PRKAB1,5564.0,Amp5,6.87
X-2602,PRKD1,5587.0,MutNovel,"G32GPG,1.000"
X-2602,PRKG2,5593.0,MutNovel,"S446A,0.400"
X-2602,PRKY,5616.0,Del0.8,0.13
X-2602,PRY,9081.0,Del0.8,0.13
X-2602,PRY,9081.0,Del0.8,0.13
X-2602,PRY2,442862.0,Del0.8,0.13
X-2602,PRY2,442862.0,Del0.8,0.13
X-2602,PTPN23,25930.0,MutNovel,"Q1557R,0.549"
X-2602,PTPRB,5787.0,Amp5,7.46
X-2602,PTPRR,5801.0,Amp5,7.46
X-2602,PXN,5829.0,Amp5,6.87
X-2602,QSOX1,5768.0,MutNovel,"T160M,0.564"
X-2602,RAB21,23011.0,Amp5,7.46
X-2602,RAB35,11021.0,Amp5,6.87
X-2602,RAB3IP,117177.0,Amp5,7.46
X-2602,RAP1B,5908.0,Amp5,7.46
X-2602,RASAL1,8437.0,Amp5,5.5
X-2602,RBM19,9904.0,Amp5,5.5
X-2602,RBMY1A3P,286557.0,Del0.8,0.13
X-2602,RBMY1B,378948.0,Del0.8,0.13
X-2602,RBMY1B,378948.0,Del0.8,0.13
X-2602,RBMY1E,378950.0,Del0.8,0.13
X-2602,RBMY1E,378950.0,Del0.8,0.13
X-2602,RBMY1F,159163.0,Del0.8,0.13
X-2602,RBMY1F,159163.0,Del0.8,0.13
X-2602,RBMY1J,378951.0,Del0.8,0.13
X-2602,RBMY1J,378951.0,Del0.8,0.13
X-2602,RBMY2EP,159125.0,Del0.8,0.13
X-2602,RBMY2FP,159162.0,Del0.8,0.13
X-2602,RBMY3AP,64593.0,Del0.8,0.13
X-2602,RDBP,7936.0,MutNovel,"RDR222R,0.500"
X-2602,REXO1,57455.0,MutNovel,"I804V,0.357"
X-2602,RFC5,5985.0,Amp5,5.06
X-2602,RMST,196475.0,Amp5,6.06
X-2602,RNF10,9921.0,Amp5,6.87
X-2602,RNF123,63891.0,MutNovel,"A447V,0.615"
X-2602,RPH3A,22895.0,Amp5,5.5
X-2602,RPL3,6122.0,MutNovel,"H42Y,0.506"
X-2602,RPL6,6128.0,Amp5,5.03
X-2602,RPLP0,6175.0,Amp5,6.87
X-2602,RPS4Y1,6192.0,Del0.8,0.13
X-2602,RPS4Y2,140032.0,Del0.8,0.13
X-2602,RRN3,54700.0,MutNovel,"C186Y,0.310"
X-2602,SCAPER,49855.0,Del0.8,0.51
X-2602,SCARB1,949.0,Amp5,6.82
X-2602,SCD,6319.0,Del0.8,0.13
X-2602,SCLY,51540.0,MutNovel,"A14T,0.500"
X-2602,SCYL2,55681.0,Amp5,6.87
X-2602,SDS,10993.0,Amp5,5.5
X-2602,SDSL,113675.0,Amp5,5.5
X-2602,2014-09-09 00:00:00,10801.0,MutNovel,"A245V,0.528"
X-2602,SERINC2,347735.0,MutNovel,"-373Q,1.000"
X-2602,SH2B1,25970.0,MutNovel,"H414Y,0.448"
X-2602,SHMT2,6472.0,MutNovel,"G175D,0.250"
X-2602,SIRT4,23409.0,Amp5,6.87
X-2602,SLC17A8,246213.0,Amp5,6.87
X-2602,SLC24A6,80024.0,Amp5,5.5
X-2602,SLC25A3,5250.0,Amp5,6.06
X-2602,SLC35E3,55508.0,Amp5,7.46
X-2602,SLC3A2,6520.0,MutNovel,"E155K,0.388"
X-2602,SLC5A8,160728.0,Amp5,6.87
X-2602,SLC9A7P1,121456.0,Amp5,6.06
X-2602,SMG1,23049.0,MutNovel,"I1332V,0.667"
X-2602,SNORA12,677800.0,Del0.8,0.13
X-2602,SNORA53,677832.0,Amp5,6.06
X-2602,SNORA70G,100379132.0,Amp5,7.46
X-2602,SNRPF,6636.0,Amp5,6.73
X-2602,SNTB1,6641.0,MutNovel,"G80A,0.846"
X-2602,SPIC,121599.0,Amp5,6.87
X-2602,SPPL3,121665.0,Amp5,6.87
X-2602,SRRM4,84530.0,Amp5,5.06
X-2602,SRSF9,8683.0,Amp5,6.87
X-2602,SRY,6736.0,Del0.8,0.13
X-2602,SSB,6741.0,MutNovel,"DDEH367D,0.273"
X-2602,STARD13,90627.0,MutNovel,"E920K,0.429"
X-2602,STK36,27148.0,MutNovel,"P655S,0.600"
X-2602,STXBP3,6814.0,MutKnownFunctional,"K577*,0.508"
X-2602,SUDS3,64426.0,Amp5,5.06
X-2602,SUPT5H,6829.0,MutNovel,"H72Y,0.442"
X-2602,SYNCRIP,10492.0,MutNovel,"P441L,0.578"
X-2602,TAOK3,51347.0,Amp5,5.06
X-2602,TBC1D15,64786.0,Amp5,7.46
X-2602,TBL1Y,90665.0,Del0.8,0.13
X-2602,TBX3,6926.0,Amp5,5.5
X-2602,TBX5,6910.0,Amp5,5.5
X-2602,TEP1,7011.0,MutNovel,"S2466L,0.462"
X-2602,TGIF2LY,90655.0,Del0.8,0.13
X-2602,THAP2,83591.0,Amp5,7.46
X-2602,TIE1,7075.0,MutNovel,"G392D,0.800"
X-2602,TMBIM4,51643.0,MutKnownFunctional,"-174?,0.750"
X-2602,TMEM126A,84233.0,MutNovel,"G174R,0.524"
X-2602,TMEM132D,121256.0,Del0.8,0.74
X-2602,TMEM19,55266.0,Amp5,7.46
X-2602,TMEM233,387890.0,Amp5,6.87
X-2602,TMPO,7112.0,Amp5,6.06
X-2602,TMSB4Y,9087.0,Del0.8,0.13
X-2602,TNFAIP8,25816.0,Del0.8,0.77
X-2602,TNFRSF4,7293.0,MutNovel,"G131E,0.625"
X-2602,TPCN1,53373.0,Amp5,5.5
X-2602,TPH2,121278.0,Amp5,7.46
X-2602,TRHDE,29953.0,Amp5,7.46
X-2602,TRIAP1,51499.0,Amp5,6.87
X-2602,TRIP6,7205.0,MutNovel,"P194L,0.652"
X-2602,TSPAN8,7103.0,Amp5,7.46
X-2602,TSPY1,7258.0,Del0.8,0.13
X-2602,TSPY2,64591.0,Del0.8,0.13
X-2602,TSPY3,728137.0,Del0.8,0.13
X-2602,TSPY4,728395.0,Del0.8,0.13
X-2602,TSPY8,728403.0,Del0.8,0.13
X-2602,TSPYL1,7259.0,MutNovel,"V176VW,1.000"
X-2602,TTTY10,246119.0,Del0.8,0.13
X-2602,TTTY11,83866.0,Del0.8,0.13
X-2602,TTTY12,83867.0,Del0.8,0.13
X-2602,TTTY13,83868.0,Del0.8,0.13
X-2602,TTTY14,83869.0,Del0.8,0.13
X-2602,TTTY15,64595.0,Del0.8,0.13
X-2602,TTTY16,252948.0,Del0.8,0.13
X-2602,TTTY17A,252949.0,Del0.8,0.08
X-2602,TTTY17A,252949.0,Del0.8,0.1
X-2602,TTTY18,252950.0,Del0.8,0.13
X-2602,TTTY19,252952.0,Del0.8,0.13
X-2602,TTTY1B,100101116.0,Del0.8,0.13
X-2602,TTTY1B,100101116.0,Del0.8,0.13
X-2602,TTTY2,60439.0,Del0.8,0.13
X-2602,TTTY2,60439.0,Del0.8,0.13
X-2602,TTTY20,252951.0,Del0.8,0.13
X-2602,TTTY21,252953.0,Del0.8,0.13
X-2602,TTTY21,252953.0,Del0.8,0.13
X-2602,TTTY22,252954.0,Del0.8,0.13
X-2602,TTTY23,252955.0,Del0.8,0.13
X-2602,TTTY23,252955.0,Del0.8,0.13
X-2602,TTTY3,114760.0,Del0.8,0.06
X-2602,TTTY3,114760.0,Del0.8,0.1
X-2602,TTTY4,114761.0,Del0.8,0.08
X-2602,TTTY4,114761.0,Del0.8,0.04
X-2602,TTTY5,83863.0,Del0.8,0.13
X-2602,TTTY6,84672.0,Del0.8,0.13
X-2602,TTTY6,84672.0,Del0.8,0.13
X-2602,TTTY7,246122.0,Del0.8,0.13
X-2602,TTTY7,246122.0,Del0.8,0.13
X-2602,TTTY7B,100101120.0,Del0.8,0.13
X-2602,TTTY7B,100101120.0,Del0.8,0.13
X-2602,TTTY8,84673.0,Del0.8,0.13
X-2602,TTTY8,84673.0,Del0.8,0.13
X-2602,TTTY9A,83864.0,Del0.8,0.13
X-2602,TTTY9A,83864.0,Del0.8,0.13
X-2602,TXLNG2P,246126.0,Del0.8,0.13
X-2602,UBA6,55236.0,MutNovel,"T529I,0.556"
X-2602,UBC,7316.0,Amp5,6.82
X-2602,UBE2E1,7324.0,Del0.8,0.8
X-2602,UBE3C,9690.0,MutNovel,"P536L,0.670"
X-2602,UBR5,51366.0,MutKnownFunctional,"-2120?,0.714"
X-2602,UBXN11,91544.0,MutNovel,"G492S,1.000"
X-2602,UGT2B10,7365.0,MutNovel,"R250G,1.000"
X-2602,UHRF1BP1L,23074.0,Amp5,6.73
X-2602,ULK4P1,89838.0,Del0.8,0.65
X-2602,ULK4P3,89837.0,Del0.8,0.65
X-2602,UNC119B,84747.0,Amp5,6.87
X-2602,USP32P2,220594.0,Del0.8,0.47
X-2602,USP36,57602.0,MutNovel,"KKK958K,0.800"
X-2602,USP9Y,8287.0,Del0.8,0.13
X-2602,UTP20,27340.0,Amp5,6.87
X-2602,UTY,7404.0,Del0.8,0.13
X-2602,VARS,7407.0,MutNovel,"K1207R,0.528"
X-2602,VCY,9084.0,Del0.8,0.13
X-2602,VCY,9084.0,Del0.8,0.13
X-2602,VIMP,,MutNovel,"P141S,0.600"
X-2602,VSIG10,54621.0,Amp5,5.06
X-2602,WBP11,51729.0,MutNovel,"P519L,0.539"
X-2602,WDFY4,57705.0,Del0.8,0.77
X-2602,WSB2,55884.0,Amp5,5.06
X-2602,XKRY2,353515.0,Del0.8,0.13
X-2602,XKRY2,353515.0,Del0.8,0.13
X-2602,YAF2,10138.0,MutNovel,"F55V,0.278"
X-2602,YARS2,51067.0,Amp5,5.54
X-2602,YEATS4,8089.0,Amp5,7.46
X-2602,ZFC3H1,196441.0,Amp5,7.46
X-2602,ZFY,7544.0,Del0.8,0.13
X-2602,ZFYVE27,118813.0,MutNovel,"A57D,1.000"
X-2602,ZNF180,7733.0,MutNovel,"G200V,1.000"
X-2602,ZNF384,171017.0,MutNovel,"QQ514Q,0.375"
X-2602,ZNF615,284370.0,MutNovel,"R537Q,0.375"
X-2602,ZNF621,285268.0,MutNovel,"A378V,0.375"
X-2602,ZNF664-FAM101A,100533183.0,Amp5,5.21
X-2602,ZNRF2,223082.0,MutNovel,"S60G,0.600"
X-2602,ZP3,7784.0,MutNovel,"S315P,0.600"
X-2602,ZZEF1,23140.0,MutNovel,"V2221A,0.300"
X-2613,ABCA8,10351.0,MutNovel,"R714G,1.000"
X-2613,ACAN,176.0,MutNovel,"D1390E,1.000"
X-2613,ACAN,176.0,MutNovel,"T1403A,0.600"
X-2613,ADAMTSL5,339366.0,MutNovel,"A334V,0.526"
X-2613,AGAP2,116986.0,MutNovel,"E823K,0.700"
X-2613,AHNAK2,113146.0,MutNovel,"L1032V,0.222"
X-2613,ALX3,257.0,MutNovel,"H294R,0.438"
X-2613,AMELY,266.0,Del0.8,0.78
X-2613,ANKRD36,375248.0,MutNovel,"T998S,0.500"
X-2613,APLN,8862.0,MutNovel,"S24F,1.000"
X-2613,APLP2,334.0,MutNovel,"E222D,0.827"
X-2613,ARAP2,116984.0,MutNovel,"S445F,0.467"
X-2613,ARHGEF10,9639.0,MutNovel,"P951R,0.840"
X-2613,ARHGEF19,128272.0,MutNovel,"R591C,1.000"
X-2613,ARID1B,57492.0,MutNovel,"G246S,1.000"
X-2613,ARL14EP,,MutNovel,"R24C,1.000"
X-2613,ATP11A,23250.0,MutNovel,"G444R,0.661"
X-2613,ATXN2,6311.0,MutNovel,"S125F,0.647"
X-2613,ATXN7L2,127002.0,MutNovel,"V90A,1.000"
X-2613,AUTS2,26053.0,MutNovel,"S1125SH,0.434"
X-2613,B4GALNT3,283358.0,MutNovel,"M808L,0.636"
X-2613,BCORP1,286554.0,Del0.8,0.78
X-2613,BPY2B,442867.0,Del0.8,0.78
X-2613,BPY2B,442867.0,Del0.8,0.78
X-2613,BRAF,673.0,MutKnownFunctional,"V600E,0.792"
X-2613,C10orf47,254427.0,MutNovel,"S328T,1.000"
X-2613,C11orf95,65998.0,MutNovel,"G280R,1.000"
X-2613,C22orf29,79680.0,MutNovel,"P111L,0.412"
X-2613,C6orf58,352999.0,MutKnownFunctional,"-165,1.000"
X-2613,C9orf53,51198.0,Del0.8,0.24
X-2613,CAB39L,81617.0,MutNovel,"I249T,0.283"
X-2613,CAMKK2,10645.0,MutKnownFunctional,"-538,0.276"
X-2613,CASD1,64921.0,MutNovel,"S277P,0.570"
X-2613,CBWD6,644019.0,MutKnownFunctional,"-259?,0.263"
X-2613,CDC42EP1,11135.0,MutNovel,"PAPAANPS253P,1.000"
X-2613,CDK11A,728642.0,Del0.8,0.34
X-2613,CDK11B,984.0,Del0.8,0.34
X-2613,CDKN2A,1029.0,Del0.8,0.24
X-2613,CDKN2B,1030.0,Del0.8,0.44
X-2613,CDY1B,253175.0,Del0.8,0.78
X-2613,CDY1B,253175.0,Del0.8,0.78
X-2613,CDY2A,9426.0,Del0.8,0.78
X-2613,CDY2A,9426.0,Del0.8,0.78
X-2613,CDY2B,203611.0,Del0.8,0.78
X-2613,CDY2B,203611.0,Del0.8,0.78
X-2613,CFLAR,8837.0,MutNovel,"H417Q,0.232"
X-2613,CHD1L,9557.0,MutNovel,"D129N,1.000"
X-2613,CLDN12,9069.0,MutNovel,"P205S,0.574"
X-2613,CNOT1,23019.0,MutKnownFunctional,"-1543?,0.462"
X-2613,CNTNAP3,79937.0,MutNovel,"A777D,0.333"
X-2613,CNTNAP3,79937.0,MutNovel,"R771Q,0.583"
X-2613,CNTNAP3,79937.0,MutNovel,"L408F,0.353"
X-2613,CNTNAP3B,728577.0,MutNovel,"G1195R,0.389"
X-2613,CNTNAP4,85445.0,MutKnownFunctional,"-15?,1.000"
X-2613,COG4,25839.0,MutNovel,"D169N,0.445"
X-2613,COG5,10466.0,MutNovel,"Q81R,0.435"
X-2613,COL1A1,1277.0,MutNovel,"G1034S,0.667"
X-2613,COL4A1,1282.0,MutNovel,"P1075S,0.651"
X-2613,COL4A5,1287.0,MutNovel,"P1396S,1.000"
X-2613,COL5A3,50509.0,MutNovel,"G1715E,0.242"
X-2613,COTL1,23406.0,MutNovel,"E84K,0.490"
X-2613,CREBBP,1387.0,MutNovel,"Q2216RSSK,0.453"
X-2613,CRYBG3,,MutKnownFunctional,"-121?,0.263"
X-2613,CSPG4P1Y,114758.0,Del0.8,0.78
X-2613,CSPG4P1Y,114758.0,Del0.8,0.78
X-2613,CTLA4,1493.0,MutNovel,"G199A,0.699"
X-2613,CTSA,5476.0,MutNovel,"L29-,0.495"
X-2613,CTSL2,1515.0,MutKnownFunctional,"W303*,0.333"
X-2613,CYS1,192668.0,MutNovel,"P87L,0.800"
X-2613,DAZ1,1617.0,Del0.8,0.78
X-2613,DAZ2,57055.0,Del0.8,0.78
X-2613,DAZ3,57054.0,Del0.8,0.78
X-2613,DAZ3,57054.0,Del0.8,0.78
X-2613,DAZ4,57135.0,Del0.8,0.78
X-2613,DAZ4,57135.0,Del0.8,0.78
X-2613,DBF4,10926.0,MutNovel,"S164L,0.464"
X-2613,DCAKD,79877.0,MutKnownFunctional,"-7,0.556"
X-2613,DDX3Y,8653.0,Del0.8,0.78
X-2613,DDX46,9879.0,MutNovel,"V264-,1.000"
X-2613,DEFB109P1B,641517.0,Amp5,5.17
X-2613,DENND4B,9909.0,MutNovel,"QQQ908-,1.000"
X-2613,DGKH,160851.0,MutNovel,"K613E,0.900"
X-2613,DGKQ,1609.0,MutNovel,"P27L,0.600"
X-2613,DHRS3,9249.0,MutNovel,"L277I,1.000"
X-2613,DLC1,10395.0,MutNovel,"F651L,0.232"
X-2613,DMPK,1760.0,MutNovel,"R589K,0.387"
X-2613,DMRTA1,63951.0,Del0.8,0.12
X-2613,DNAH2,146754.0,MutNovel,"R3188H,1.000"
X-2613,DVL2,1856.0,MutNovel,"G395D,1.000"
X-2613,EID2,163126.0,MutNovel,"P54L,0.432"
X-2613,EIF1AY,9086.0,Del0.8,0.78
X-2613,ELAVL2,1993.0,Del0.8,0.31
X-2613,ELF1,1997.0,MutNovel,"S305I,0.389"
X-2613,EMILIN1,11117.0,MutNovel,"R51Q,0.685"
X-2613,EMILIN3,90187.0,MutNovel,"P93L,0.875"
X-2613,EPB41L4B,54566.0,MutNovel,"R404Q,0.439"
X-2613,EPRS,2058.0,MutNovel,"F1063S,1.000"
X-2613,ERMP1,79956.0,MutNovel,"G76R,1.000"
X-2613,EVC,2121.0,MutNovel,"F525L,0.514"
X-2613,FAM106A,80039.0,Del0.8,0.58
X-2613,FAM120C,54954.0,MutNovel,"P110RRP,1.000"
X-2613,FAM197Y2P,252946.0,Del0.8,0.78
X-2613,FAM210B,116151.0,MutNovel,"L50P,0.635"
X-2613,FAM41AY1,340618.0,Del0.8,0.78
X-2613,FAM41AY1,340618.0,Del0.8,0.78
X-2613,FAM59B,150946.0,MutNovel,"Q407R,1.000"
X-2613,FAM66B,100128890.0,Amp5,5.17
X-2613,FBXO31,79791.0,MutNovel,"D334N,0.397"
X-2613,FBXO8,26269.0,MutNovel,"R219C,0.329"
X-2613,FGFR3,2261.0,MutNovel,"N343I,0.375"
X-2613,FLJ27352,145788.0,MutNovel,"K9E,1.000"
X-2613,FLJ35282,441389.0,Del0.8,0.23
X-2613,FOXD2,2306.0,MutNovel,"P253A,1.000"
X-2613,FRMD5,84978.0,MutNovel,"Y257C,1.000"
X-2613,FRS2,10818.0,MutNovel,"R93C,0.361"
X-2613,FUK,197258.0,MutNovel,"P496L,0.531"
X-2613,GEMIN5,25929.0,MutNovel,"A967G,1.000"
X-2613,GIGYF2,26058.0,MutNovel,"PQ1231P,1.000"
X-2613,GINS2,51659.0,MutNovel,"A141S,0.556"
X-2613,GLI2,2736.0,MutNovel,"S789L,0.422"
X-2613,GLIS2,84662.0,MutNovel,"R246C,0.349"
X-2613,GOLGA2P2Y,84559.0,Del0.8,0.78
X-2613,GOLGA2P2Y,84559.0,Del0.8,0.78
X-2613,GOT2,2806.0,MutNovel,"P11S,0.522"
X-2613,GPR98,84059.0,MutNovel,"E5470K,1.000"
X-2613,GTF2H2C,728340.0,Del0.8,0.78
X-2613,GUSBP3,653188.0,Del0.8,0.78
X-2613,GYG2P1,352887.0,Del0.8,0.78
X-2613,HCN2,610.0,MutNovel,"-715P,0.500"
X-2613,HLA-A,3105.0,MutNovel,"M162T,0.213"
X-2613,HLA-DRB5,3127.0,Amp5,5.06
X-2613,HLA-G,3135.0,MutNovel,"K334E,0.500"
X-2613,HOXD8,3234.0,MutNovel,"A70AHP,0.609"
X-2613,HPS3,84343.0,MutNovel,"T387R,0.991"
X-2613,HSFY2,159119.0,Del0.8,0.78
X-2613,HSFY2,159119.0,Del0.8,0.78
X-2613,HSPA4,3308.0,MutNovel,"S287N,1.000"
X-2613,IFNA1,3439.0,Del0.8,0.26
X-2613,IFNA10,3446.0,Del0.8,0.28
X-2613,IFNA13,3447.0,Del0.8,0.56
X-2613,IFNA14,3448.0,Del0.8,0.28
X-2613,IFNA16,3449.0,Del0.8,0.28
X-2613,IFNA17,3451.0,Del0.8,0.28
X-2613,IFNA2,3440.0,Del0.8,0.26
X-2613,IFNA21,3452.0,Del0.8,0.34
X-2613,IFNA22P,3453.0,Del0.8,0.29
X-2613,IFNA4,3441.0,Del0.8,0.13
X-2613,IFNA6,3443.0,Del0.8,0.56
X-2613,IFNA7,3444.0,Del0.8,0.28
X-2613,IFNA8,3445.0,Del0.8,0.26
X-2613,IFNB1,3456.0,Del0.8,0.34
X-2613,IFNW1,3467.0,Del0.8,0.34
X-2613,IL17RA,23765.0,MutNovel,"L755P,0.721"
X-2613,IQSEC2,23096.0,MutNovel,"A1470T,1.000"
X-2613,KANK4,163782.0,MutKnownFunctional,"R385*,1.000"
X-2613,KDM1A,23028.0,MutNovel,"G46S,1.000"
X-2613,KDM2B,84678.0,MutNovel,"K932-,0.264"
X-2613,KDM5D,8284.0,Del0.8,0.78
X-2613,KIAA0196,9897.0,MutNovel,"T498S,0.843"
X-2613,KIF1B,23095.0,MutNovel,"R344C,1.000"
X-2613,KLHL13,90293.0,MutKnownFunctional,"W570*,1.000"
X-2613,KLHL9,55958.0,Del0.8,0.24
X-2613,KTN1,3895.0,MutNovel,"H1352Y,0.552"
X-2613,LAMA5,3911.0,MutNovel,"T3441M,0.641"
X-2613,LAMA5,3911.0,MutNovel,"R2220L,0.424"
X-2613,LAMB1,3912.0,MutNovel,"V747G,0.564"
X-2613,LCE3C,353144.0,Del0.8,0.28
X-2613,LGALS9C,654346.0,Del0.8,0.58
X-2613,LOC100144595,,MutNovel,"Y56H,1.000"
X-2613,LOC100272216,100272216.0,Del0.8,0.78
X-2613,LOC100996441,,MutNovel,"S137C,1.000"
X-2613,LOC100996441,,MutNovel,"S115E,1.000"
X-2613,LOC349196,349196.0,Amp5,5.17
X-2613,LPAR3,23566.0,MutNovel,"G91D,1.000"
X-2613,LPCAT2,54947.0,MutNovel,"I230V,0.422"
X-2613,LRCH2,57631.0,MutNovel,"P417S,1.000"
X-2613,LRRK1,79705.0,MutNovel,"V693M,1.000"
X-2613,LSR,51599.0,MutNovel,"G518GR,0.362"
X-2613,LTBP3,4054.0,MutNovel,"L35LCW,1.000"
X-2613,MAP2,4133.0,MutNovel,"K1002E,0.533"
X-2613,MAP3K14,9020.0,MutNovel,"P295S,0.405"
X-2613,MAP3K4,4216.0,MutNovel,"S84P,1.000"
X-2613,MECP2,4204.0,MutNovel,"P277L,1.000"
X-2613,MEIS3,56917.0,MutNovel,"P94L,0.736"
X-2613,MEOX2,4223.0,MutNovel,"HH76H,0.494"
X-2613,MIDN,90007.0,MutNovel,"P16S,0.900"
X-2613,MIR31,407035.0,Del0.8,0.55
X-2613,MIR31HG,554202.0,Del0.8,0.28
X-2613,MIR491,574444.0,Del0.8,0.26
X-2613,MLH3,27030.0,MutKnownFunctional,"-1444?,0.455"
X-2613,MLL,4297.0,MutNovel,"R2707W,0.500"
X-2613,MLLT10,8028.0,MutNovel,"S686L,1.000"
X-2613,MLLT3,4300.0,Del0.8,0.43
X-2613,MMP23A,8511.0,Del0.8,0.34
X-2613,MPPE1,65258.0,MutNovel,"A2V,0.818"
X-2613,MTAP,4507.0,Del0.8,0.26
X-2613,MTRNR2L8,100463486.0,MutNovel,"P3S,1.000"
X-2613,MVD,4597.0,MutNovel,"R196C,0.578"
X-2613,MYBBP1A,10514.0,MutNovel,"A897S,0.732"
X-2613,MYL6B,140465.0,MutNovel,"D91Y,0.253"
X-2613,MYO5B,4645.0,MutNovel,"V54I,0.929"
X-2613,NARFL,64428.0,MutNovel,"T83I,0.981"
X-2613,NBPF1,55672.0,MutNovel,"L433S,0.462"
X-2613,NBPF16,728936.0,MutNovel,"K571M,1.000"
X-2613,NBPF9,400818.0,MutNovel,"Q184R,1.000"
X-2613,NCOR2,9612.0,MutNovel,"G1839GAAA,1.000"
X-2613,NCRNA00185,55410.0,Del0.8,0.78
X-2613,NEFM,4741.0,MutNovel,"V48M,1.000"
X-2613,NIPA1,123606.0,MutNovel,"AA15A,1.000"
X-2613,NKAP,79576.0,MutKnownFunctional,"-201,1.000"
X-2613,NLGN4Y,22829.0,Del0.8,0.78
X-2613,NOM1,64434.0,MutNovel,"I563M,0.400"
X-2613,NPW,283869.0,MutNovel,"L55P,0.502"
X-2613,NR1H2,7376.0,MutNovel,"-173Q,1.000"
X-2613,NTM,50863.0,MutNovel,"S143L,1.000"
X-2613,NUDCD2,134492.0,MutNovel,"G75V,0.950"
X-2613,OR4C6,219432.0,Del0.8,0.37
X-2613,OR4P4,81300.0,Del0.8,0.37
X-2613,OR4S2,219431.0,Del0.8,0.37
X-2613,ORAI1,84876.0,MutNovel,"PP43-,1.000"
X-2613,PABPC3,5042.0,MutNovel,"KG231-,0.381"
X-2613,PABPC3,5042.0,MutKnownFunctional,"-299,0.600"
X-2613,PAFAH2,5051.0,MutNovel,"P50L,1.000"
X-2613,PARP14,54625.0,MutNovel,"C1530S,0.960"
X-2613,PARP16,54956.0,MutNovel,"Y182S,1.000"
X-2613,PARP8,79668.0,MutNovel,"K446R,1.000"
X-2613,PCDH11Y,83259.0,Del0.8,0.78
X-2613,PCED1B,,MutKnownFunctional,"Q152*,0.263"
X-2613,PCSK1,5122.0,MutNovel,"G593R,1.000"
X-2613,PDZD2,23037.0,MutNovel,"A1794T,1.000"
X-2613,PDZD7,79955.0,MutNovel,"G538E,1.000"
X-2613,PHLDA1,22822.0,MutNovel,"QQ194Q,1.000"
X-2613,PHRF1,57661.0,MutNovel,"R1176W,0.991"
X-2613,PIEZO2,63895.0,MutNovel,"P2342L,0.896"
X-2613,PKD1,5310.0,MutNovel,"P36H,0.286"
X-2613,PLAA,9373.0,MutNovel,"N387T,1.000"
X-2613,PLCH2,9651.0,MutNovel,"V1250M,1.000"
X-2613,PMS2,5395.0,MutNovel,"L58R,0.414"
X-2613,POLR3E,55718.0,MutNovel,"LERELQ475L,0.500"
X-2613,PPP1R16A,84988.0,MutNovel,"L163I,0.225"
X-2613,PPP1R9A,55607.0,MutKnownFunctional,"-43?,0.375"
X-2613,PREPL,9581.0,MutNovel,"Q155H,0.324"
X-2613,PRKY,5616.0,Del0.8,0.78
X-2613,PRY,9081.0,Del0.8,0.78
X-2613,PRY,9081.0,Del0.8,0.78
X-2613,PRY2,442862.0,Del0.8,0.78
X-2613,PRY2,442862.0,Del0.8,0.78
X-2613,PTEN,5728.0,MutLikelyFunctional,"-295,1.000"
X-2613,PTPLAD2,401494.0,Del0.8,0.3
X-2613,QRICH2,84074.0,MutNovel,"H603R,0.375"
X-2613,RBM33,155435.0,MutNovel,"G191V,0.474"
X-2613,RBMY1A3P,286557.0,Del0.8,0.78
X-2613,RBMY1B,378948.0,Del0.8,0.78
X-2613,RBMY1B,378948.0,Del0.8,0.78
X-2613,RBMY1E,378950.0,Del0.8,0.78
X-2613,RBMY1E,378950.0,Del0.8,0.78
X-2613,RBMY1F,159163.0,Del0.8,0.78
X-2613,RBMY1F,159163.0,Del0.8,0.78
X-2613,RBMY1J,378951.0,Del0.8,0.78
X-2613,RBMY1J,378951.0,Del0.8,0.78
X-2613,RBMY2EP,159125.0,Del0.8,0.78
X-2613,RBMY2FP,159162.0,Del0.8,0.78
X-2613,RBMY3AP,64593.0,Del0.8,0.78
X-2613,RFX1,5989.0,MutNovel,"G970R,0.462"
X-2613,RHBDF1,64285.0,MutNovel,"N769S,1.000"
X-2613,RIN3,79890.0,MutNovel,"G967-,1.000"
X-2613,RMI2,116028.0,MutNovel,"G10S,0.640"
X-2613,RNF112,7732.0,MutNovel,"D285N,1.000"
X-2613,RNF145,153830.0,MutKnownFunctional,"-29?,0.919"
X-2613,RNF145,153830.0,MutNovel,"K25R,0.286"
X-2613,RNLS,55328.0,MutNovel,"R131C,1.000"
X-2613,ROBO4,54538.0,MutNovel,"P597L,1.000"
X-2613,RPL27A,6157.0,MutNovel,"R87W,0.996"
X-2613,RPS4Y1,6192.0,Del0.8,0.78
X-2613,RPS4Y2,140032.0,Del0.8,0.78
X-2613,RRP8,23378.0,MutNovel,"A266S,0.987"
X-2613,RTN1,6252.0,MutNovel,"P736L,0.500"
X-2613,RTTN,25914.0,MutNovel,"S2226F,0.963"
X-2613,RUSC1,23623.0,MutNovel,"P136L,1.000"
X-2613,SALL1,6299.0,MutNovel,"G1168E,0.529"
X-2613,SEC16A,9919.0,MutNovel,"P475S,0.500"
X-2613,SERINC2,347735.0,MutNovel,"-373Q,1.000"
X-2613,SIPA1L1,26037.0,MutNovel,"R864W,0.582"
X-2613,SIPA1L1,26037.0,MutNovel,"Q1607K,0.429"
X-2613,SIRPB1,10326.0,MutNovel,"H351C,1.000"
X-2613,SLC12A7,10723.0,MutNovel,"L736M,0.393"
X-2613,SLC16A9,220963.0,MutNovel,"V509I,1.000"
X-2613,SLC35E2,9906.0,Del0.8,0.34
X-2613,SLC5A3,6526.0,MutNovel,"N557K,0.519"
X-2613,SLIT2,9353.0,MutNovel,"D704N,0.440"
X-2613,SMCHD1,23347.0,MutNovel,"P810L,0.884"
X-2613,SNAPC4,6621.0,MutNovel,"S542-,0.469"
X-2613,SPATA13,221178.0,MutNovel,"V409L,0.281"
X-2613,SPPL2B,56928.0,MutNovel,"R521C,0.548"
X-2613,SRY,6736.0,Del0.8,0.78
X-2613,SSC5D,284297.0,MutNovel,"G1536E,0.667"
X-2613,STRN4,29888.0,MutNovel,"R639W,0.367"
X-2613,SUMF2,25870.0,MutNovel,"A192V,0.521"
X-2613,SUN1,23353.0,MutNovel,"Q675H,0.478"
X-2613,TBL1Y,90665.0,Del0.8,0.78
X-2613,TBP,6908.0,MutNovel,"-64Q,0.842"
X-2613,TGIF2LY,90655.0,Del0.8,0.78
X-2613,THAP11,57215.0,MutNovel,"-125Q,0.523"
X-2613,THRB,7068.0,MutNovel,"E333K,0.963"
X-2613,TICRR,,MutNovel,"A17V,1.000"
X-2613,TLR1,7096.0,MutKnownFunctional,"Q463*,0.487"
X-2613,TM2D2,83877.0,MutNovel,"L183V,0.272"
X-2613,TMEM19,55266.0,MutNovel,"S108L,0.620"
X-2613,TMEM219,124446.0,MutNovel,"R230C,0.450"
X-2613,TMEM231,79583.0,MutNovel,"A71V,1.000"
X-2613,TMEM37,140738.0,MutNovel,"R92C,0.667"
X-2613,TMSB4Y,9087.0,Del0.8,0.78
X-2613,TNRC18,84629.0,MutNovel,"KM1618M,0.489"
X-2613,TRIB3,57761.0,MutNovel,"V31I,0.277"
X-2613,TRIM49B,,MutNovel,"N234K,1.000"
X-2613,TRIM49B,,MutNovel,"A247G,1.000"
X-2613,TRIM49B,,MutNovel,"H253Q,1.000"
X-2613,TRIM51,,MutNovel,"F248L,0.258"
X-2613,TROAP,10024.0,MutKnownFunctional,"Q111*,0.282"
X-2613,TRPV1,7442.0,MutKnownFunctional,"Q560*,0.455"
X-2613,TSC22D1,8848.0,MutNovel,"S762L,0.635"
X-2613,TSPY1,7258.0,Del0.8,0.78
X-2613,TSPY2,64591.0,Del0.8,0.78
X-2613,TSPY3,728137.0,Del0.8,0.78
X-2613,TSPY4,728395.0,Del0.8,0.78
X-2613,TSPY8,728403.0,Del0.8,0.78
X-2613,TSPYL1,7259.0,MutNovel,"V176VW,1.000"
X-2613,TTTY10,246119.0,Del0.8,0.78
X-2613,TTTY11,83866.0,Del0.8,0.78
X-2613,TTTY12,83867.0,Del0.8,0.78
X-2613,TTTY13,83868.0,Del0.8,0.78
X-2613,TTTY14,83869.0,Del0.8,0.78
X-2613,TTTY15,64595.0,Del0.8,0.78
X-2613,TTTY16,252948.0,Del0.8,0.78
X-2613,TTTY17A,252949.0,Del0.8,0.78
X-2613,TTTY17A,252949.0,Del0.8,0.78
X-2613,TTTY18,252950.0,Del0.8,0.78
X-2613,TTTY19,252952.0,Del0.8,0.78
X-2613,TTTY1B,100101116.0,Del0.8,0.78
X-2613,TTTY1B,100101116.0,Del0.8,0.78
X-2613,TTTY2,60439.0,Del0.8,0.78
X-2613,TTTY2,60439.0,Del0.8,0.78
X-2613,TTTY20,252951.0,Del0.8,0.78
X-2613,TTTY21,252953.0,Del0.8,0.78
X-2613,TTTY21,252953.0,Del0.8,0.78
X-2613,TTTY22,252954.0,Del0.8,0.78
X-2613,TTTY23,252955.0,Del0.8,0.78
X-2613,TTTY23,252955.0,Del0.8,0.78
X-2613,TTTY3,114760.0,Del0.8,0.78
X-2613,TTTY3,114760.0,Del0.8,0.78
X-2613,TTTY4,114761.0,Del0.8,0.78
X-2613,TTTY4,114761.0,Del0.8,0.78
X-2613,TTTY5,83863.0,Del0.8,0.78
X-2613,TTTY6,84672.0,Del0.8,0.78
X-2613,TTTY6,84672.0,Del0.8,0.78
X-2613,TTTY7,246122.0,Del0.8,0.78
X-2613,TTTY7,246122.0,Del0.8,0.78
X-2613,TTTY7B,100101120.0,Del0.8,0.78
X-2613,TTTY7B,100101120.0,Del0.8,0.78
X-2613,TTTY8,84673.0,Del0.8,0.78
X-2613,TTTY8,84673.0,Del0.8,0.78
X-2613,TTTY9A,83864.0,Del0.8,0.78
X-2613,TTTY9A,83864.0,Del0.8,0.78
X-2613,TUB,7275.0,MutNovel,"N460S,1.000"
X-2613,TXLNG2P,246126.0,Del0.8,0.78
X-2613,UNC5C,8633.0,MutNovel,"D894N,0.750"
X-2613,UPK3BL,,MutNovel,"T119I,0.429"
X-2613,USP32P2,220594.0,Del0.8,0.58
X-2613,USP36,57602.0,MutNovel,"KKK958K,0.495"
X-2613,USP9Y,8287.0,Del0.8,0.78
X-2613,UTY,7404.0,MutNovel,"KN1008NP,0.267"
X-2613,UTY,7404.0,MutNovel,"K1008Q,0.214"
X-2613,UTY,7404.0,MutNovel,"NP1006TI,0.375"
X-2613,UTY,7404.0,MutNovel,"T518L,0.323"
X-2613,UTY,7404.0,MutKnownFunctional,"S505*,0.343"
X-2613,UTY,7404.0,MutNovel,"S505Q,0.394"
X-2613,UTY,7404.0,MutNovel,"G356C,0.476"
X-2613,UTY,7404.0,MutNovel,"W352R,0.368"
X-2613,UTY,7404.0,MutNovel,"A351E,0.450"
X-2613,UTY,7404.0,MutNovel,"A350E,0.500"
X-2613,UTY,7404.0,MutKnownFunctional,"AA349A*,0.500"
X-2613,UTY,7404.0,MutNovel,"HA348PT,0.429"
X-2613,UTY,7404.0,MutNovel,"LD344CL,0.389"
X-2613,UTY,7404.0,MutNovel,"Q343V,0.556"
X-2613,UTY,7404.0,MutNovel,"V342A,0.500"
X-2613,UTY,7404.0,MutNovel,"V342S,0.500"
X-2613,UTY,7404.0,MutNovel,"V342L,0.450"
X-2613,UTY,7404.0,MutKnownFunctional,"YI338*V,0.375"
X-2613,UTY,7404.0,MutNovel,"A337G,0.643"
X-2613,UTY,7404.0,MutKnownFunctional,"A337*,0.643"
X-2613,UTY,7404.0,MutNovel,"L335T,0.545"
X-2613,UTY,7404.0,MutNovel,"D333E,0.571"
X-2613,UTY,7404.0,MutNovel,"D333R,0.571"
X-2613,UTY,7404.0,MutNovel,"M332P,0.500"
X-2613,UTY,7404.0,MutNovel,"P331T,0.500"
X-2613,UTY,7404.0,MutNovel,"Q328L,0.538"
X-2613,UTY,7404.0,MutKnownFunctional,"QQ326R*,0.400"
X-2613,UTY,7404.0,MutKnownFunctional,"Y325*,0.333"
X-2613,UTY,7404.0,MutNovel,"VL323GK,0.400"
X-2613,UTY,7404.0,MutNovel,"V323M,0.429"
X-2613,UTY,7404.0,MutNovel,"G322D,0.545"
X-2613,UTY,7404.0,MutNovel,"G322Y,0.545"
X-2613,UTY,7404.0,MutNovel,"S320T,0.583"
X-2613,UTY,7404.0,MutKnownFunctional,"CS319*T,0.583"
X-2613,UTY,7404.0,MutKnownFunctional,"C319*,0.333"
X-2613,UTY,7404.0,MutKnownFunctional,"C319*,0.333"
X-2613,UTY,7404.0,MutNovel,"S314R,0.636"
X-2613,UTY,7404.0,MutNovel,"A313I,0.273"
X-2613,UTY,7404.0,MutNovel,"EA312IT,0.455"
X-2613,UTY,7404.0,MutNovel,"S311N,0.333"
X-2613,UTY,7404.0,MutKnownFunctional,"K310*,0.444"
X-2613,UTY,7404.0,MutNovel,"E275P,0.235"
X-2613,UTY,7404.0,MutKnownFunctional,"SL273*R,0.235"
X-2613,UTY,7404.0,MutNovel,"Q271A,0.235"
X-2613,UTY,7404.0,MutNovel,"E263S,0.214"
X-2613,UTY,7404.0,MutNovel,"D179V,0.227"
X-2613,UTY,7404.0,MutNovel,"V156E,0.286"
X-2613,UTY,7404.0,MutNovel,"L154S,0.375"
X-2613,UTY,7404.0,MutKnownFunctional,"Y123*,0.545"
X-2613,UTY,7404.0,MutKnownFunctional,"Y123*,0.545"
X-2613,UTY,7404.0,MutNovel,"Q95R,0.444"
X-2613,UTY,7404.0,MutNovel,"C94R,0.375"
X-2613,UTY,7404.0,MutNovel,"L46S,0.316"
X-2613,UTY,7404.0,MutNovel,"AL45RI,0.368"
X-2613,UTY,7404.0,MutNovel,"RE43IL,0.471"
X-2613,UTY,7404.0,MutNovel,"V40F,0.294"
X-2613,UTY,7404.0,MutNovel,"T39C,0.294"
X-2613,UTY,7404.0,MutNovel,"SL37IW,0.250"
X-2613,UTY,7404.0,MutNovel,"V36E,0.278"
X-2613,UTY,7404.0,MutNovel,"E34G,0.267"
X-2613,UTY,7404.0,MutKnownFunctional,"EE32S*,0.267"
X-2613,UTY,7404.0,MutNovel,"E30V,0.278"
X-2613,UTY,7404.0,MutNovel,"R29C,0.278"
X-2613,UTY,7404.0,MutNovel,"R29C,0.278"
X-2613,UTY,7404.0,MutKnownFunctional,"KA26N*,0.211"
X-2613,UTY,7404.0,Del0.8,0.78
X-2613,VCY,9084.0,Del0.8,0.78
X-2613,VCY,9084.0,Del0.8,0.78
X-2613,VPS51,,MutNovel,"H67Q,1.000"
X-2613,WASF2,10163.0,MutNovel,"P393S,0.996"
X-2613,WDR4,10785.0,MutNovel,"D150N,0.403"
X-2613,XKRY2,353515.0,Del0.8,0.78
X-2613,XKRY2,353515.0,Del0.8,0.78
X-2613,XRCC1,7515.0,MutNovel,"R339Q,0.605"
X-2613,ZC3H7B,23264.0,MutNovel,"P781L,0.762"
X-2613,ZDHHC11,79844.0,MutNovel,"A303D,1.000"
X-2613,ZDHHC11,79844.0,Del0.8,0.4
X-2613,ZFHX3,463.0,MutNovel,"Q3204RK,0.529"
X-2613,ZFHX4,79776.0,MutNovel,"S341F,0.600"
X-2613,ZFHX4,79776.0,MutNovel,"P1371S,0.857"
X-2613,ZFP28,140612.0,MutNovel,"L520P,0.333"
X-2613,ZFY,7544.0,Del0.8,0.78
X-2613,ZNF219,51222.0,MutNovel,"QPP233P,1.000"
X-2613,ZNF277,11179.0,MutNovel,"C175F,0.500"
X-2613,ZNF287,57336.0,MutNovel,"P56S,1.000"
X-2613,ZNF341,84905.0,MutNovel,"S684F,0.538"
X-2613,ZNF384,171017.0,MutNovel,"QQ514Q,0.377"
X-2613,ZNF467,168544.0,MutNovel,"R329M,0.604"
X-2613,ZNF469,84627.0,MutNovel,"P2490H,0.375"
X-2613,ZNF598,90850.0,MutKnownFunctional,"Q613*,0.482"
X-2613,ZNF675,171392.0,MutKnownFunctional,"K555*,0.333"
X-2613,ZNF705G,100131980.0,Amp5,5.17
X-2613,ZNF814,730051.0,MutNovel,"A2D,1.000"
X-2613,ZRANB1,54764.0,MutKnownFunctional,"-709?,1.000"
X-2700,ACOT1,641371.0,Del0.8,0.52
X-2700,ACOT11,26027.0,MutNovel,"R42Q,0.375"
X-2700,ADAM3A,1587.0,Del0.8,0.18
X-2700,ADAM5P,255926.0,Del0.8,0.5
X-2700,ADAM9,8754.0,MutNovel,"P415S,0.277"
X-2700,AKAP12,9590.0,MutNovel,"Q1055E,0.278"
X-2700,AKAP13,11214.0,MutNovel,"L415F,0.429"
X-2700,ALG1L2,644974.0,MutNovel,"D92H,1.000"
X-2700,ALG3,10195.0,MutNovel,"L111W,0.404"
X-2700,ALMS1,7840.0,MutNovel,"V3849A,0.378"
X-2700,AMELY,266.0,Del0.8,0.28
X-2700,ANGPTL2,23452.0,MutNovel,"G450E,0.360"
X-2700,ANKRD36,375248.0,MutNovel,"L825S,0.600"
X-2700,ANKRD36,375248.0,MutNovel,"T998S,0.298"
X-2700,ANKS1B,56899.0,MutNovel,"S1030Y,0.762"
X-2700,APBB2,323.0,Amp5,5.28
X-2700,APLP2,334.0,MutNovel,"K148E,0.500"
X-2700,ARHGAP4,393.0,MutNovel,"G439K,0.627"
X-2700,ASMTL,8623.0,MutNovel,"Y508H,0.600"
X-2700,ATP10A,57194.0,MutNovel,"G214S,0.410"
X-2700,B4GALNT4,338707.0,MutNovel,"F426Y,0.340"
X-2700,B4GALT4,8702.0,MutNovel,"L205F,0.397"
X-2700,BANP,54971.0,MutNovel,"R290W,0.870"
X-2700,BCORP1,286554.0,Del0.8,0.23
X-2700,BEND4,389206.0,Amp5,5.39
X-2700,BIK,638.0,MutNovel,"E134K,0.557"
X-2700,BPY2B,442867.0,Del0.8,0.08
X-2700,BPY2B,442867.0,Del0.8,0.11
X-2700,BZW2,28969.0,MutNovel,"A142G,0.368"
X-2700,C10orf47,254427.0,MutNovel,"P323R,0.588"
X-2700,C12orf51,283450.0,MutNovel,"V1510L,0.550"
X-2700,C16orf74,404550.0,MutNovel,"SS20-,0.818"
X-2700,C16orf89,146556.0,MutNovel,"S354G,0.235"
X-2700,C1orf122,127687.0,MutNovel,"T57A,0.223"
X-2700,C22orf45,646023.0,Del0.8,0.77
X-2700,C2orf28,51374.0,MutNovel,"Y245H,0.432"
X-2700,C3AR1,719.0,MutNovel,"I450F,0.400"
X-2700,C4orf34,201895.0,Amp5,5.31
X-2700,C7orf73,647087.0,MutNovel,"A40V,0.283"
X-2700,C8orf59,401466.0,MutNovel,"-90LT,1.000"
X-2700,CABIN1,23523.0,MutNovel,"P1997S,0.600"
X-2700,CACNA1H,8912.0,MutNovel,"S1354F,0.609"
X-2700,CAD,790.0,MutNovel,"R102C,0.343"
X-2700,CASP12,100506742.0,MutNovel,"T21I,0.600"
X-2700,CCDC160,347475.0,MutNovel,"S279N,0.833"
X-2700,CCDC66,285331.0,MutNovel,"Q808K,0.423"
X-2700,CDC42EP1,11135.0,MutNovel,"PAPAANPS253P,0.216"
X-2700,CDK10,8558.0,MutNovel,"D307N,0.744"
X-2700,CDY1B,253175.0,Del0.8,0.16
X-2700,CDY1B,253175.0,Del0.8,0.14
X-2700,CDY2A,9426.0,Del0.8,0.23
X-2700,CDY2A,9426.0,Del0.8,0.23
X-2700,CDY2B,203611.0,Del0.8,0.23
X-2700,CDY2B,203611.0,Del0.8,0.23
X-2700,CES1P1,51716.0,Del0.8,0.79
X-2700,CHCHD10,400916.0,MutNovel,"P34S,0.647"
X-2700,CHD2,1106.0,MutKnownFunctional,"-1242?,0.833"
X-2700,CHFR,55743.0,MutNovel,"S203F,0.214"
X-2700,CHRNA9,55584.0,Amp5,5.28
X-2700,CHST9,83539.0,MutNovel,"R280C,0.781"
X-2700,CIT,11113.0,MutNovel,"L802F,0.433"
X-2700,CKMT2,1160.0,MutNovel,"D156N,0.625"
X-2700,CLCN3,1182.0,MutNovel,"V398L,0.416"
X-2700,CLIC4,25932.0,MutNovel,"S27R,0.543"
X-2700,CLPTM1,1209.0,MutNovel,"I434F,0.324"
X-2700,CNOT1,23019.0,MutNovel,"S1798C,0.623"
X-2700,COBL,23242.0,MutNovel,"E136G,0.488"
X-2700,COL14A1,7373.0,MutNovel,"G782E,0.364"
X-2700,COL3A1,1281.0,MutNovel,"D1453Y,1.000"
X-2700,COPS3,8533.0,MutNovel,"S40F,0.580"
X-2700,CRB1,23418.0,MutNovel,"V554M,0.500"
X-2700,CREBBP,1387.0,MutNovel,"D2429Y,0.363"
X-2700,CRIPAK,285464.0,MutNovel,"V100M,0.444"
X-2700,CRIPAK,285464.0,MutNovel,"V164A,0.750"
X-2700,CRIPAK,285464.0,MutNovel,"P177L,0.500"
X-2700,CRLS1,54675.0,MutNovel,"G12V,0.322"
X-2700,CSAG3,389903.0,MutNovel,"P84S,0.667"
X-2700,CSAG3,389903.0,MutNovel,"L78F,0.750"
X-2700,CSK,1445.0,MutNovel,"P45L,0.450"
X-2700,CSPG4P1Y,114758.0,Del0.8,0.16
X-2700,CSPG4P1Y,114758.0,Del0.8,0.26
X-2700,CTSA,5476.0,MutNovel,"L29-,0.361"
X-2700,CWC22,57703.0,MutNovel,"R128H,0.433"
X-2700,CYFIP1,23191.0,MutNovel,"S4F,0.500"
X-2700,CYP1A1,1543.0,MutNovel,"S153F,0.500"
X-2700,DAZ1,1617.0,Del0.8,0.16
X-2700,DAZ2,57055.0,Del0.8,0.12
X-2700,DAZ3,57054.0,Del0.8,0.11
X-2700,DAZ3,57054.0,Del0.8,0.08
X-2700,DAZ4,57135.0,Del0.8,0.1
X-2700,DAZ4,57135.0,Del0.8,0.13
X-2700,DCAF4L1,285429.0,Amp5,5.39
X-2700,DCT,1638.0,MutNovel,"A264S,0.599"
X-2700,DDT,1652.0,Del0.8,0.75
X-2700,DDX11,1663.0,MutNovel,"P879Q,0.204"
X-2700,DDX3Y,8653.0,Del0.8,0.23
X-2700,DGKD,8527.0,MutNovel,"M655L,0.358"
X-2700,DISP1,84976.0,MutNovel,"D503V,0.400"
X-2700,DMKN,93099.0,MutNovel,"S276G,0.333"
X-2700,DMRT2,10655.0,MutNovel,"T106S,1.000"
X-2700,DOCK8,81704.0,MutNovel,"L1079M,0.948"
X-2700,DPY19L3,147991.0,MutNovel,"P517L,0.282"
X-2700,DUS3L,56931.0,MutNovel,"R413C,0.461"
X-2700,EBNA1BP2,10969.0,MutNovel,"G36R,0.900"
X-2700,EIF1AY,9086.0,Del0.8,0.23
X-2700,EIF3H,8667.0,MutNovel,"P297S,0.351"
X-2700,ERVMER34-1,100288413.0,MutNovel,"Q443E,0.444"
X-2700,EXTL3,2137.0,MutNovel,"S90T,0.391"
X-2700,F11R,50848.0,MutNovel,"R148W,0.280"
X-2700,FAM131A,131408.0,MutNovel,"R63S,0.458"
X-2700,FAM132B,,MutNovel,"V198M,0.294"
X-2700,FAM173A,65990.0,MutNovel,"C128Y,0.401"
X-2700,FAM197Y2P,252946.0,Del0.8,0.23
X-2700,FAM21C,253725.0,MutNovel,"G792R,0.486"
X-2700,FAM41AY1,340618.0,Del0.8,0.23
X-2700,FAM41AY1,340618.0,Del0.8,0.23
X-2700,FAM70A,55026.0,MutNovel,"R332C,0.286"
X-2700,FAM83E,54854.0,MutNovel,"P331L,1.000"
X-2700,FAT1,2195.0,MutNovel,"L3546S,0.376"
X-2700,FAT4,79633.0,MutNovel,"S3071F,0.600"
X-2700,FBXL16,146330.0,MutNovel,"S398F,0.231"
X-2700,FBXO38,81545.0,MutNovel,"NGS835N,0.722"
X-2700,FFAR3,2865.0,Del0.8,0.33
X-2700,FHAD1,114827.0,MutNovel,"E278K,0.333"
X-2700,FHDC1,85462.0,MutNovel,"G802A,0.705"
X-2700,FLNC,2318.0,MutNovel,"P1141S,1.000"
X-2700,FLYWCH1,84256.0,MutNovel,"G416R,0.304"
X-2700,FNDC3B,64778.0,MutNovel,"P298A,0.449"
X-2700,FOLH1,2346.0,MutNovel,"G206R,0.250"
X-2700,FOLH1B,219595.0,MutNovel,"L185F,0.800"
X-2700,FREM1,158326.0,MutNovel,"E1820K,1.000"
X-2700,FREM1,158326.0,MutNovel,"D842N,0.571"
X-2700,GALK1,2584.0,MutNovel,"A3V,0.768"
X-2700,GATA3,2625.0,MutKnownFunctional,"-335?,0.633"
X-2700,GBP3,2635.0,Del0.8,0.77
X-2700,GEMIN8,54960.0,MutNovel,"P53A,0.764"
X-2700,GIGYF2,26058.0,MutNovel,"PQ1231P,0.505"
X-2700,GLB1L,79411.0,MutNovel,"D26G,0.304"
X-2700,GMCL1,64395.0,MutNovel,"R396S,0.356"
X-2700,GOLGA2P2Y,84559.0,Del0.8,0.26
X-2700,GOLGA2P2Y,84559.0,Del0.8,0.16
X-2700,GON4L,54856.0,MutNovel,"L1102M,0.362"
X-2700,GPBP1L1,60313.0,MutNovel,"D351N,0.676"
X-2700,GPSM1,26086.0,MutNovel,"E124K,0.532"
X-2700,GSTM1,2944.0,Del0.8,0.51
X-2700,GSTT2,2953.0,Del0.8,0.54
X-2700,GTF3C1,2975.0,MutNovel,"P893S,0.390"
X-2700,GYG2P1,352887.0,Del0.8,0.23
X-2700,HAS2,3037.0,MutNovel,"M138V,0.500"
X-2700,HCFC1,3054.0,MutNovel,"D1051N,0.798"
X-2700,HCN2,610.0,MutNovel,"R76H,1.000"
X-2700,HERC1,8925.0,MutNovel,"G4133E,0.457"
X-2700,HLA-C,3107.0,MutNovel,"EN197KN,0.327"
X-2700,HNMT,3176.0,MutNovel,"S106L,0.413"
X-2700,HNRNPU,3192.0,MutNovel,"G705C,0.346"
X-2700,HOXD8,3234.0,MutNovel,"A70AHP,0.368"
X-2700,HRNR,388697.0,MutNovel,"G901R,0.240"
X-2700,HRNR,388697.0,MutKnownFunctional,"-1,1.000"
X-2700,HSFY2,159119.0,Del0.8,0.23
X-2700,HSFY2,159119.0,Del0.8,0.23
X-2700,HSPA8,3312.0,MutNovel,"V189D,0.444"
X-2700,ICAM3,3385.0,MutNovel,"A338V,0.411"
X-2700,IDH1,3417.0,MutKnownFunctional,"R132G,0.428"
X-2700,IGF2BP1,10642.0,MutNovel,"D533N,0.308"
X-2700,IGSF3,3321.0,MutNovel,"D1041E,0.244"
X-2700,IGSF3,3321.0,MutNovel,"D1040GN,0.704"
X-2700,IL4R,3566.0,MutNovel,"G83E,0.467"
X-2700,INO80D,54891.0,MutNovel,"N885S,0.375"
X-2700,IQGAP2,10788.0,MutNovel,"D1117Y,0.615"
X-2700,ISCU,23479.0,MutNovel,"A4P,0.474"
X-2700,ITGA1,3672.0,MutNovel,"L781F,0.750"
X-2700,ITPRIP,85450.0,MutKnownFunctional,"Q71*,0.567"
X-2700,KCNH8,131096.0,MutNovel,"L366I,0.625"
X-2700,KDM5D,8284.0,Del0.8,0.23
X-2700,KHNYN,23351.0,MutNovel,"P227L,0.438"
X-2700,KIF20B,9585.0,MutNovel,"L1062LKV,0.439"
X-2700,KIF21A,55605.0,MutNovel,"R1654H,0.235"
X-2700,KLB,152831.0,Amp5,5.31
X-2700,KLF14,136259.0,MutNovel,"T220M,0.667"
X-2700,KLHL5,51088.0,Amp5,5.31
X-2700,LBH,81606.0,MutNovel,"E104K,0.286"
X-2700,LIAS,11019.0,Amp5,5.31
X-2700,LILRB1,10859.0,MutNovel,"R571G,0.429"
X-2700,LINC00226,338004.0,Amp5,5.9
X-2700,LLGL2,3993.0,MutNovel,"R185W,0.278"
X-2700,LOC100129520,100129520.0,MutNovel,"P467S,1.000"
X-2700,LOC100506343,100506343.0,Del0.8,0.73
X-2700,LOC257396,257396.0,Del0.8,0.49
X-2700,LOC344967,344967.0,Amp5,5.28
X-2700,LOC391766,,MutNovel,"R82S,1.000"
X-2700,LOC391766,,MutNovel,"R114W,1.000"
X-2700,LOC401127,401127.0,Amp5,5.31
X-2700,LOC642778,,MutNovel,"R140K,0.857"
X-2700,LOC646021,,MutNovel,"V48A,1.000"
X-2700,LOC728888,,MutNovel,"R1061Q,0.286"
X-2700,LPHN2,23266.0,MutNovel,"P1340S,0.476"
X-2700,LRRN1,57633.0,MutNovel,"R41C,0.407"
X-2700,LRWD1,222229.0,MutNovel,"T118M,0.296"
X-2700,LSR,51599.0,MutNovel,"G518GR,0.930"
X-2700,MAP3K1,4214.0,MutKnownFunctional,"E864*,0.208"
X-2700,MAP3K4,4216.0,MutNovel,"PA1189P,1.000"
X-2700,MAPK8IP1,9479.0,MutNovel,"R364W,0.391"
X-2700,MATN3,4148.0,MutNovel,"G294E,0.269"
X-2700,MCPH1,79648.0,MutNovel,"S296L,0.263"
X-2700,ME1,4199.0,MutNovel,"E227K,0.500"
X-2700,MEF2A,4205.0,MutNovel,"Q412-,0.500"
X-2700,MEN1,4221.0,MutNovel,"R171Q,0.806"
X-2700,METTL15,196074.0,MutNovel,"D389V,0.388"
X-2700,MICAL2,9645.0,MutNovel,"Y338D,0.238"
X-2700,MID1,4281.0,MutNovel,"S614F,0.960"
X-2700,MIR4802,100616274.0,Amp5,5.28
X-2700,MLL3,58508.0,MutNovel,"R3252C,0.404"
X-2700,MOCS2,4338.0,Del0.8,0.67
X-2700,MORN3,283385.0,MutNovel,"S101L,0.667"
X-2700,MPRIP,23164.0,MutNovel,"TS178T,1.000"
X-2700,MRM1,79922.0,MutNovel,"R112G,0.612"
X-2700,MRPS31,10240.0,MutNovel,"I250L,0.330"
X-2700,MTF1,4520.0,MutNovel,"H104Y,0.609"
X-2700,MUC5AC,,MutNovel,"L701V,1.000"
X-2700,MX1,4599.0,MutNovel,"P321L,0.232"
X-2700,MYO3A,53904.0,MutNovel,"M493I,1.000"
X-2700,MYT1L,23040.0,MutNovel,"P351L,0.667"
X-2700,N4BP2,55728.0,Amp5,5.28
X-2700,NANOS1,340719.0,MutNovel,"P34T,0.333"
X-2700,NBEA,26960.0,MutNovel,"E1656K,0.355"
X-2700,NBPF16,728936.0,MutNovel,"P346H,0.250"
X-2700,NCOA3,8202.0,MutNovel,"Q1255-,0.523"
X-2700,NCOR2,9612.0,MutNovel,"G1839GAAA,1.000"
X-2700,NCOR2,9612.0,MutNovel,"-511S,0.878"
X-2700,NCRNA00185,55410.0,Del0.8,0.23
X-2700,NLGN4X,57502.0,MutNovel,"S767L,0.667"
X-2700,NLGN4Y,22829.0,Del0.8,0.23
X-2700,NOMO1,23420.0,MutNovel,"T953I,0.318"
X-2700,NRAS,4893.0,MutKnownFunctional,"Q61R,0.703"
X-2700,NRG2,9542.0,MutNovel,"GPG667G,1.000"
X-2700,NRG2,9542.0,MutNovel,"G375R,0.833"
X-2700,NSUN7,79730.0,Amp5,5.28
X-2700,ODZ1,10178.0,MutNovel,"G2517R,1.000"
X-2700,OR52N1,79473.0,Del0.8,0.48
X-2700,OR52N5,390075.0,Del0.8,0.12
X-2700,ORAI1,84876.0,MutNovel,"PP43-,1.000"
X-2700,OVOS,,MutNovel,"F1232S,0.316"
X-2700,P2RX5,5026.0,MutNovel,"D333H,0.773"
X-2700,PABPC3,5042.0,MutKnownFunctional,"-299,0.462"
X-2700,PABPC3,5042.0,MutKnownFunctional,"-323,0.600"
X-2700,PACSIN2,11252.0,MutNovel,"D422N,0.444"
X-2700,PASD1,139135.0,MutNovel,"S283F,1.000"
X-2700,PCDH11Y,83259.0,Del0.8,0.28
X-2700,PCDHA3,56145.0,MutNovel,"S813L,0.500"
X-2700,PCDHB4,56131.0,MutNovel,"H468P,0.429"
X-2700,PCDHB4,56131.0,MutNovel,"Q493R,0.667"
X-2700,PCDHB8,56128.0,MutNovel,"G64R,0.750"
X-2700,PCDHB8,56128.0,MutNovel,"S519L,0.333"
X-2700,PCYOX1,51449.0,MutNovel,"Y439S,0.421"
X-2700,PDE9A,5152.0,MutNovel,"E545K,0.676"
X-2700,PDIK1L,149420.0,Del0.8,0.68
X-2700,PDS5A,23244.0,Amp5,5.31
X-2700,PHACTR4,65979.0,MutNovel,"M27I,0.333"
X-2700,PHLDA1,22822.0,MutNovel,"QQ194Q,1.000"
X-2700,PHLDB1,23187.0,MutNovel,"S1119N,0.396"
X-2700,PKD1,5310.0,MutNovel,"L544H,0.443"
X-2700,PNRC1,10957.0,MutNovel,"A152V,0.430"
X-2700,POTEF,728378.0,MutNovel,"T844A,1.000"
X-2700,PPP1CC,5501.0,MutNovel,"M316I,0.409"
X-2700,PPP1R7,5510.0,MutNovel,"S349F,0.353"
X-2700,PPP2CA,5515.0,MutKnownFunctional,"-85?,0.376"
X-2700,PPP2R3B,28227.0,MutNovel,"LA853PA,0.714"
X-2700,PPP2R3C,55012.0,MutKnownFunctional,"-23?,1.000"
X-2700,PPP3CA,5530.0,MutNovel,"P186S,0.368"
X-2700,PPP4C,5531.0,MutNovel,"A227S,0.400"
X-2700,PRAMEF1,65121.0,MutNovel,"A372G,1.000"
X-2700,PRKY,5616.0,Del0.8,0.28
X-2700,PRY,9081.0,Del0.8,0.23
X-2700,PRY,9081.0,Del0.8,0.23
X-2700,PRY2,442862.0,Del0.8,0.23
X-2700,PRY2,442862.0,Del0.8,0.23
X-2700,PTGS1,5742.0,MutNovel,"P161L,0.500"
X-2700,PTGS2,5743.0,MutNovel,"D590N,0.667"
X-2700,PTGS2,5743.0,MutNovel,"V87I,0.250"
X-2700,PTN,5764.0,MutNovel,"S153F,0.429"
X-2700,PTPRD,5789.0,MutNovel,"P1530L,1.000"
X-2700,PWP2,5822.0,MutNovel,"I118L,0.318"
X-2700,PXDN,7837.0,MutNovel,"V879L,0.375"
X-2700,R3HDM2,22864.0,MutKnownFunctional,"R959*,0.370"
X-2700,RAI1,10743.0,MutNovel,"S1049L,0.596"
X-2700,RBM47,54502.0,Amp5,5.28
X-2700,RBMXL2,27288.0,MutNovel,"E25K,1.000"
X-2700,RBMY1A3P,286557.0,Del0.8,0.23
X-2700,RBMY1B,378948.0,Del0.8,0.23
X-2700,RBMY1B,378948.0,Del0.8,0.23
X-2700,RBMY1E,378950.0,Del0.8,0.23
X-2700,RBMY1E,378950.0,Del0.8,0.23
X-2700,RBMY1F,159163.0,Del0.8,0.23
X-2700,RBMY1F,159163.0,Del0.8,0.23
X-2700,RBMY1J,378951.0,Del0.8,0.23
X-2700,RBMY1J,378951.0,Del0.8,0.23
X-2700,RBMY2EP,159125.0,Del0.8,0.23
X-2700,RBMY2FP,159162.0,Del0.8,0.23
X-2700,RBMY3AP,64593.0,Del0.8,0.23
X-2700,REST,5978.0,MutNovel,"P972A,0.388"
X-2700,RFC1,5981.0,Amp5,5.31
X-2700,RGPD3,653489.0,MutNovel,"F1550I,0.429"
X-2700,RGS3,5998.0,MutNovel,"P1196S,0.250"
X-2700,RHD,6007.0,Del0.8,0.3
X-2700,RHOH,399.0,Amp5,5.28
X-2700,RIMS4,140730.0,MutNovel,"P189S,0.417"
X-2700,RIN3,79890.0,MutNovel,"E224K,0.507"
X-2700,RIN3,79890.0,MutNovel,"G967-,1.000"
X-2700,RNF123,63891.0,MutNovel,"L801F,0.460"
X-2700,RPAP1,26015.0,MutNovel,"L1244S,0.440"
X-2700,RPL9,6133.0,Amp5,5.31
X-2700,RPS4Y1,6192.0,Del0.8,0.28
X-2700,RPS4Y2,140032.0,Del0.8,0.23
X-2700,S100A7,6278.0,MutNovel,"M35I,1.000"
X-2700,SALL1,6299.0,MutNovel,"F378L,0.400"
X-2700,SCAF4,57466.0,MutNovel,"P943L,0.451"
X-2700,SCAF8,22828.0,MutKnownFunctional,"W117*,0.288"
X-2700,SCAP,22937.0,MutNovel,"R116C,0.341"
X-2700,SCAPER,49855.0,Del0.8,0.54
X-2700,SEMA3F,6405.0,MutNovel,"P407L,0.241"
X-2700,SEMA4G,57715.0,MutNovel,"E640K,0.308"
X-2700,SEMA5A,9037.0,MutNovel,"S944F,0.216"
X-2700,SERINC2,347735.0,MutNovel,"-373Q,0.975"
X-2700,SETD1B,23067.0,MutNovel,"A1445T,0.320"
X-2700,SH3PXD2A,9644.0,MutNovel,"R403C,0.443"
X-2700,SIK3,23387.0,MutNovel,"P1095S,0.415"
X-2700,SIPA1L3,23094.0,MutNovel,"R90Q,0.289"
X-2700,SIRPB1,10326.0,MutNovel,"P352L,0.333"
X-2700,SLC12A6,9990.0,MutNovel,"V561A,0.292"
X-2700,SLC30A9,10463.0,Amp5,5.39
X-2700,SLC9A3,6550.0,MutNovel,"V235L,0.300"
X-2700,SMC5,23137.0,MutKnownFunctional,"R978*,0.283"
X-2700,SMG6,23293.0,MutNovel,"R406C,0.229"
X-2700,SMURF2,64750.0,MutNovel,"G10E,0.500"
X-2700,SNX21,90203.0,MutNovel,"-77DE,0.365"
X-2700,SPATA18,132671.0,MutNovel,"S227P,0.400"
X-2700,SPDYE5,442590.0,MutNovel,"W248R,0.667"
X-2700,SPICE1,152185.0,MutKnownFunctional,"Q164*,0.224"
X-2700,SRY,6736.0,Del0.8,0.28
X-2700,TACC2,10579.0,MutNovel,"H775Y,0.300"
X-2700,TAF2,6873.0,MutNovel,"P438L,0.375"
X-2700,TAF4,6874.0,MutNovel,"P792S,0.395"
X-2700,TAG,404663.0,Del0.8,0.54
X-2700,TBC1D19,55296.0,MutNovel,"E102K,0.286"
X-2700,TBL1Y,90665.0,Del0.8,0.28
X-2700,TBP,6908.0,MutNovel,"-64Q,1.000"
X-2700,TEX101,83639.0,MutNovel,"P176L,1.000"
X-2700,TFPI2,7980.0,MutNovel,"F186L,0.401"
X-2700,TGIF2LY,90655.0,Del0.8,0.28
X-2700,TIE1,7075.0,MutNovel,"G108S,0.667"
X-2700,TM4SF19,116211.0,MutNovel,"L240H,0.300"
X-2700,TM6SF2,53345.0,MutNovel,"S312L,0.625"
X-2700,TMBIM4,51643.0,MutKnownFunctional,"-174?,0.895"
X-2700,TMEM110-MUSTN1,100526772.0,MutNovel,"R245W,0.418"
X-2700,TMEM135,65084.0,MutNovel,"S383F,0.324"
X-2700,TMEM156,80008.0,Amp5,5.31
X-2700,TMEM246,,MutNovel,"N145H,0.824"
X-2700,TMSB4Y,9087.0,Del0.8,0.23
X-2700,TMTC4,84899.0,MutNovel,"P3L,0.425"
X-2700,TNFAIP6,7130.0,MutKnownFunctional,"-278,0.500"
X-2700,TP53INP1,94241.0,MutNovel,"P70L,0.254"
X-2700,TPP1,1200.0,MutNovel,"R259C,0.408"
X-2700,TSPY1,7258.0,Del0.8,0.23
X-2700,TSPY2,64591.0,Del0.8,0.28
X-2700,TSPY3,728137.0,Del0.8,0.23
X-2700,TSPY4,728395.0,Del0.8,0.23
X-2700,TSPY8,728403.0,Del0.8,0.23
X-2700,TSPYL1,7259.0,MutNovel,"V176VW,0.476"
X-2700,TTN,7273.0,MutNovel,"D24263N,0.833"
X-2700,TTTY10,246119.0,Del0.8,0.23
X-2700,TTTY11,83866.0,Del0.8,0.23
X-2700,TTTY12,83867.0,Del0.8,0.23
X-2700,TTTY13,83868.0,Del0.8,0.23
X-2700,TTTY14,83869.0,Del0.8,0.23
X-2700,TTTY15,64595.0,Del0.8,0.23
X-2700,TTTY16,252948.0,Del0.8,0.23
X-2700,TTTY17A,252949.0,Del0.8,0.16
X-2700,TTTY17A,252949.0,Del0.8,0.26
X-2700,TTTY18,252950.0,Del0.8,0.23
X-2700,TTTY19,252952.0,Del0.8,0.23
X-2700,TTTY1B,100101116.0,Del0.8,0.28
X-2700,TTTY1B,100101116.0,Del0.8,0.23
X-2700,TTTY2,60439.0,Del0.8,0.23
X-2700,TTTY2,60439.0,Del0.8,0.28
X-2700,TTTY20,252951.0,Del0.8,0.23
X-2700,TTTY21,252953.0,Del0.8,0.23
X-2700,TTTY21,252953.0,Del0.8,0.28
X-2700,TTTY22,252954.0,Del0.8,0.23
X-2700,TTTY23,252955.0,Del0.8,0.23
X-2700,TTTY23,252955.0,Del0.8,0.28
X-2700,TTTY3,114760.0,Del0.8,0.14
X-2700,TTTY3,114760.0,Del0.8,0.16
X-2700,TTTY4,114761.0,Del0.8,0.11
X-2700,TTTY4,114761.0,Del0.8,0.08
X-2700,TTTY5,83863.0,Del0.8,0.23
X-2700,TTTY6,84672.0,Del0.8,0.23
X-2700,TTTY6,84672.0,Del0.8,0.23
X-2700,TTTY7,246122.0,Del0.8,0.28
X-2700,TTTY7,246122.0,Del0.8,0.23
X-2700,TTTY7B,100101120.0,Del0.8,0.23
X-2700,TTTY7B,100101120.0,Del0.8,0.28
X-2700,TTTY8,84673.0,Del0.8,0.28
X-2700,TTTY8,84673.0,Del0.8,0.23
X-2700,TTTY9A,83864.0,Del0.8,0.23
X-2700,TTTY9A,83864.0,Del0.8,0.23
X-2700,TXLNG2P,246126.0,Del0.8,0.23
X-2700,UAP1L1,91373.0,MutNovel,"G154S,0.431"
X-2700,UBE2K,3093.0,Amp5,5.31
X-2700,UCHL1,7345.0,Amp5,5.28
X-2700,UGDH,7358.0,Amp5,5.31
X-2700,ULK1,8408.0,MutNovel,"DL40VM,0.306"
X-2700,UNC119,9094.0,MutNovel,"S200F,0.691"
X-2700,UNC93B1,81622.0,MutNovel,"P575R,0.210"
X-2700,USP10,9100.0,MutNovel,"S563L,0.577"
X-2700,USP41,,MutNovel,"M141V,0.500"
X-2700,USP6NL,9712.0,MutNovel,"M174R,0.424"
X-2700,USP9Y,8287.0,Del0.8,0.23
X-2700,UTY,7404.0,MutNovel,"P968Y,0.667"
X-2700,UTY,7404.0,MutNovel,"RP966SV,0.667"
X-2700,UTY,7404.0,MutNovel,"P965V,0.750"
X-2700,UTY,7404.0,MutNovel,"PP963LN,0.750"
X-2700,UTY,7404.0,MutNovel,"CP962TT,0.750"
X-2700,UTY,7404.0,MutNovel,"K961L,0.750"
X-2700,UTY,7404.0,MutNovel,"LL958FS,0.750"
X-2700,UTY,7404.0,MutNovel,"I957Y,0.750"
X-2700,UTY,7404.0,MutNovel,"SC955KI,0.750"
X-2700,UTY,7404.0,MutNovel,"NS954PR,0.750"
X-2700,UTY,7404.0,MutKnownFunctional,"S953*,0.750"
X-2700,UTY,7404.0,MutNovel,"GL951FM,0.750"
X-2700,UTY,7404.0,MutNovel,"KN949NA,0.750"
X-2700,UTY,7404.0,MutNovel,"K949P,0.667"
X-2700,UTY,7404.0,MutNovel,"PG947SS,0.667"
X-2700,UTY,7404.0,MutNovel,"RN945SK,0.667"
X-2700,UTY,7404.0,MutNovel,"HN570QT,0.500"
X-2700,UTY,7404.0,MutNovel,"S382T,0.500"
X-2700,UTY,7404.0,MutNovel,"RC380SS,0.500"
X-2700,UTY,7404.0,MutKnownFunctional,"SK378L*,0.500"
X-2700,UTY,7404.0,MutNovel,"R377C,0.500"
X-2700,UTY,7404.0,MutNovel,"A376L,0.500"
X-2700,UTY,7404.0,MutNovel,"N374Y,0.500"
X-2700,UTY,7404.0,MutNovel,"YL372SA,0.500"
X-2700,UTY,7404.0,MutNovel,"CY371IN,0.500"
X-2700,UTY,7404.0,MutNovel,"K370F,0.500"
X-2700,UTY,7404.0,MutNovel,"I369C,0.500"
X-2700,UTY,7404.0,MutNovel,"QD366GH,0.500"
X-2700,UTY,7404.0,MutNovel,"P365R,0.667"
X-2700,UTY,7404.0,MutKnownFunctional,"NQ363S*,0.667"
X-2700,UTY,7404.0,MutNovel,"C362N,0.667"
X-2700,UTY,7404.0,MutNovel,"ES360DC,0.667"
X-2700,UTY,7404.0,MutKnownFunctional,"YE359Y*,0.667"
X-2700,UTY,7404.0,MutNovel,"L358T,0.667"
X-2700,UTY,7404.0,MutNovel,"G356S,0.667"
X-2700,UTY,7404.0,Del0.8,0.23
X-2700,VCY,9084.0,Del0.8,0.23
X-2700,VCY,9084.0,Del0.8,0.23
X-2700,VPS13D,55187.0,MutNovel,"P604T,0.667"
X-2700,VSIG10L,147645.0,MutNovel,"S672F,0.367"
X-2700,WDR19,57728.0,Amp5,5.31
X-2700,WDR44,54521.0,MutNovel,"P752S,0.881"
X-2700,WNK1,65125.0,Del0.8,0.7
X-2700,WNT10A,80326.0,MutNovel,"Q97K,0.478"
X-2700,WWOX,51741.0,Del0.8,0.72
X-2700,XKR5,389610.0,MutNovel,"Q545R,0.429"
X-2700,XKRY2,353515.0,Del0.8,0.23
X-2700,XKRY2,353515.0,Del0.8,0.23
X-2700,YAP1,10413.0,MutNovel,"GD460EN,0.358"
X-2700,YJEFN3,374887.0,MutNovel,"S43Y,0.263"
X-2700,ZBTB42,100128927.0,MutNovel,"E275K,0.275"
X-2700,ZDBF2,57683.0,MutNovel,"H925Y,0.500"
X-2700,ZFP106,64397.0,MutNovel,"N1272S,0.449"
X-2700,ZFY,7544.0,Del0.8,0.28
X-2700,ZFYVE28,57732.0,MutNovel,"S523L,0.357"
X-2700,ZMIZ1,57178.0,MutNovel,"AP981A,0.462"
X-2700,ZNF180,7733.0,MutNovel,"P436L,0.452"
X-2700,ZNF219,51222.0,MutNovel,"QPP233P,0.471"
X-2700,ZNF222,7673.0,MutNovel,"G405R,0.438"
X-2700,ZNF383,163087.0,MutNovel,"G288R,0.308"
X-2700,ZNF384,171017.0,MutNovel,"QQ514Q,1.000"
X-2700,ZNF467,168544.0,MutNovel,"V508M,0.533"
X-2700,ZNF492,57615.0,MutNovel,"L296I,0.571"
X-2700,ZNF559,84527.0,MutNovel,"E120G,0.510"
X-2700,ZNF571,51276.0,MutNovel,"V110I,0.375"
X-2700,ZNF578,147660.0,MutNovel,"P538H,0.286"
X-2700,ZNF584,201514.0,MutNovel,"L315P,0.394"
X-2700,ZNF772,400720.0,MutNovel,"A4GP,0.333"
X-2700,ZNF780B,163131.0,MutNovel,"G525D,0.300"
X-2700,ZRSR2,8233.0,MutNovel,"-450SRR,0.571"
X-2723,ADAMTS4,9507.0,Amp8,8.75
X-2723,AMELY,266.0,Del0.8,0.3
X-2723,AMY2A,279.0,Del0.8,0.54
X-2723,ANKRD30B,374860.0,MutNovel,"E796V,1.000"
X-2723,ANKRD30B,374860.0,MutNovel,"L827R,0.600"
X-2723,ANXA1,301.0,MutNovel,"Y319C,0.973"
X-2723,APOA2,336.0,Amp8,8.75
X-2723,ARHGAP30,257106.0,Amp5,5.86
X-2723,ARL6IP5,10550.0,Amp5,6.28
X-2723,B4GALT3,8703.0,Amp8,8.75
X-2723,BAGE2,,MutNovel,"T71S,0.500"
X-2723,BAGE2,,MutNovel,"R30K,0.258"
X-2723,BAGE2,,MutNovel,"V5A,0.500"
X-2723,BCORP1,286554.0,Del0.8,0.3
X-2723,BNC2,54796.0,MutNovel,"M785L,1.000"
X-2723,BPY2B,442867.0,Del0.8,0.3
X-2723,BPY2B,442867.0,Del0.8,0.3
X-2723,BRAF,673.0,MutKnownFunctional,"V600E,0.786"
X-2723,BUB1,699.0,MutNovel,"E1030A,0.554"
X-2723,C12orf5,57103.0,MutNovel,"A2T,0.333"
X-2723,C12orf51,283450.0,MutNovel,"S1682G,0.429"
X-2723,C1orf111,284680.0,Amp5,5.98
X-2723,C1orf226,400793.0,Amp5,5.98
X-2723,C9orf66,157983.0,Del0.8,0.71
X-2723,CASK,8573.0,MutNovel,"N31S,0.714"
X-2723,CBWD1,55871.0,Del0.8,0.71
X-2723,CCDC159,126075.0,MutNovel,"V7K,0.258"
X-2723,CD244,51744.0,Amp5,5.86
X-2723,CD46,4179.0,MutNovel,"M24T,0.536"
X-2723,CD48,962.0,Amp5,5.86
X-2723,CDCA2,157313.0,MutNovel,"T180A,0.381"
X-2723,CDY1B,253175.0,Del0.8,0.3
X-2723,CDY1B,253175.0,Del0.8,0.3
X-2723,CDY2A,9426.0,Del0.8,0.3
X-2723,CDY2A,9426.0,Del0.8,0.3
X-2723,CDY2B,203611.0,Del0.8,0.3
X-2723,CDY2B,203611.0,Del0.8,0.3
X-2723,CEP350,9857.0,MutNovel,"D378Y,0.800"
X-2723,CES1P1,51716.0,Del0.8,0.59
X-2723,CIC,23152.0,MutNovel,"P1250H,0.611"
X-2723,CLTC,1213.0,MutNovel,"L440R,0.365"
X-2723,CNDP1,84735.0,MutNovel,"V15VL,0.417"
X-2723,CORO1B,57175.0,MutNovel,"CGHTGP79S,0.360"
X-2723,CSPG4P1Y,114758.0,Del0.8,0.3
X-2723,CSPG4P1Y,114758.0,Del0.8,0.3
X-2723,CTSA,5476.0,MutNovel,"L29-,0.579"
X-2723,DAZ1,1617.0,Del0.8,0.3
X-2723,DAZ2,57055.0,Del0.8,0.3
X-2723,DAZ3,57054.0,Del0.8,0.3
X-2723,DAZ3,57054.0,Del0.8,0.3
X-2723,DAZ4,57135.0,Del0.8,0.3
X-2723,DAZ4,57135.0,Del0.8,0.3
X-2723,DDX3Y,8653.0,Del0.8,0.3
X-2723,DDX55,57696.0,MutKnownFunctional,"-592?,0.526"
X-2723,DEDD,9191.0,Amp8,8.75
X-2723,DMRT1,1761.0,Del0.8,0.73
X-2723,DMRT2,10655.0,Del0.8,0.73
X-2723,DMRT3,58524.0,Del0.8,0.73
X-2723,DOCK8,81704.0,Del0.8,0.71
X-2723,EIF1AY,9086.0,Del0.8,0.3
X-2723,EIF4E3,317649.0,Amp5,7.84
X-2723,EPHA2,1969.0,MutNovel,"H233Y,0.875"
X-2723,EPN1,29924.0,MutNovel,"R174W,0.551"
X-2723,F11R,50848.0,Amp5,5.86
X-2723,FAM111A,63901.0,MutNovel,"G467E,0.333"
X-2723,FAM197Y2P,252946.0,Del0.8,0.3
X-2723,FAM19A4,151647.0,Amp5,6.28
X-2723,FAM41AY1,340618.0,Del0.8,0.3
X-2723,FAM41AY1,340618.0,Del0.8,0.3
X-2723,FAM83D,81610.0,MutNovel,"R571Q,0.309"
X-2723,FAM83G,644815.0,MutNovel,"M770K,0.400"
X-2723,FCER1G,2207.0,Amp8,8.75
X-2723,FOXD4,2298.0,Del0.8,0.71
X-2723,FOXP1,27086.0,Amp5,6.28
X-2723,FRMD4B,23150.0,Amp5,6.28
X-2723,GAGE12I,,MutNovel,"R28Q,0.286"
X-2723,GAGE12I,,MutNovel,"Q114K,0.500"
X-2723,GAGE2D,729408.0,MutNovel,"R12S,0.333"
X-2723,GAGE2D,729408.0,MutNovel,"Q113K,0.611"
X-2723,GEMIN4,50628.0,MutNovel,"A290T,0.864"
X-2723,GIGYF1,64599.0,MutNovel,"P602RP,0.545"
X-2723,GOLGA2P2Y,84559.0,Del0.8,0.3
X-2723,GOLGA2P2Y,84559.0,Del0.8,0.3
X-2723,GPR27,2850.0,Amp5,7.84
X-2723,GSTM1,2944.0,Del0.8,0.71
X-2723,GSTM2,2946.0,Del0.8,0.71
X-2723,GSTM4,2948.0,Del0.8,0.71
X-2723,GYG2P1,352887.0,Del0.8,0.3
X-2723,HEATR5A,25938.0,MutNovel,"L373-,0.818"
X-2723,HIST1H2BN,8341.0,MutNovel,"S92P,1.000"
X-2723,HLA-DRB5,3127.0,Amp5,7.36
X-2723,HMCN1,83872.0,MutNovel,"N1529S,0.750"
X-2723,HSFY2,159119.0,Del0.8,0.3
X-2723,HSFY2,159119.0,Del0.8,0.3
X-2723,ITLN1,55600.0,Amp5,5.86
X-2723,ITLN2,142683.0,Amp5,5.86
X-2723,JAK2,3717.0,Del0.8,0.74
X-2723,KAT6A,7994.0,MutNovel,"D411Y,0.333"
X-2723,KDM5D,8284.0,Del0.8,0.3
X-2723,KIFC1,3833.0,MutNovel,"R253G,0.267"
X-2723,KLHDC9,126823.0,Amp8,8.75
X-2723,LMOD3,56203.0,Amp5,6.28
X-2723,LOC100996441,,MutNovel,"S137C,1.000"
X-2723,LOC201617,201617.0,Amp5,7.84
X-2723,LY9,4063.0,Amp5,5.86
X-2723,METTL13,51603.0,MutNovel,"A325S,0.364"
X-2723,MIR1284,100302112.0,Amp5,6.28
X-2723,MIR3136,100422859.0,Amp5,6.28
X-2723,MIR4654,100616386.0,Amp5,5.98
X-2723,MIR556,693141.0,Amp5,5.98
X-2723,MITF,4286.0,Amp5,6.28
X-2723,MORC1,27136.0,MutKnownFunctional,"-545?,0.263"
X-2723,MRPL55,128308.0,MutNovel,"H80Y,0.717"
X-2723,MS4A15,219995.0,MutNovel,"I178M,0.667"
X-2723,MZT2A,653784.0,MutNovel,"G146V,0.384"
X-2723,NACA2,342538.0,MutNovel,"V215M,1.000"
X-2723,NCRNA00185,55410.0,Del0.8,0.3
X-2723,NDUFS2,4720.0,Amp8,8.75
X-2723,NF1,4763.0,MutNovel,"Q1033R,0.250"
X-2723,NIT1,4817.0,Amp8,8.75
X-2723,NLGN4Y,22829.0,Del0.8,0.3
X-2723,NR1I3,9970.0,Amp8,8.75
X-2723,NSF,4905.0,MutNovel,"R205H,0.552"
X-2723,OR2A9P,441295.0,Amp5,6.45
X-2723,PCDH11Y,83259.0,Del0.8,0.3
X-2723,PCP4L1,654790.0,Amp8,8.75
X-2723,PFDN2,5202.0,Amp8,8.75
X-2723,PHTF2,57157.0,MutNovel,"H414Y,0.478"
X-2723,PIK3CB,5291.0,MutNovel,"V404I,0.464"
X-2723,PLEKHG3,26030.0,MutNovel,"E43G,1.000"
X-2723,PLXNB2,23654.0,MutNovel,"R1161W,0.589"
X-2723,PPOX,5498.0,Amp8,8.75
X-2723,PRKY,5616.0,Del0.8,0.3
X-2723,PROK2,60675.0,Amp5,7.84
X-2723,PRPF18,8559.0,MutNovel,"T222A,0.435"
X-2723,PRY,9081.0,Del0.8,0.3
X-2723,PRY,9081.0,Del0.8,0.3
X-2723,PRY2,442862.0,Del0.8,0.3
X-2723,PRY2,442862.0,Del0.8,0.3
X-2723,PSMG1,8624.0,MutNovel,"T4S,0.556"
X-2723,PTPRG,5793.0,MutKnownFunctional,"G1359*,0.400"
X-2723,PVRL4,81607.0,Amp5,7.16
X-2723,RAD50,10111.0,MutNovel,"Q859H,0.500"
X-2723,RBMY1A3P,286557.0,Del0.8,0.3
X-2723,RBMY1B,378948.0,Del0.8,0.3
X-2723,RBMY1B,378948.0,Del0.8,0.3
X-2723,RBMY1E,378950.0,Del0.8,0.3
X-2723,RBMY1E,378950.0,Del0.8,0.3
X-2723,RBMY1F,159163.0,Del0.8,0.3
X-2723,RBMY1F,159163.0,Del0.8,0.3
X-2723,RBMY1J,378951.0,Del0.8,0.3
X-2723,RBMY1J,378951.0,Del0.8,0.3
X-2723,RBMY2EP,159125.0,Del0.8,0.3
X-2723,RBMY2FP,159162.0,Del0.8,0.3
X-2723,RBMY3AP,64593.0,Del0.8,0.3
X-2723,REXO1,57455.0,MutNovel,"R1000Q,0.704"
X-2723,RNMTL1,55178.0,MutNovel,"S85G,0.833"
X-2723,RPN2,6185.0,MutNovel,"T24M,0.336"
X-2723,RPS4Y1,6192.0,Del0.8,0.3
X-2723,RPS4Y2,140032.0,Del0.8,0.3
X-2723,RYBP,23429.0,Amp5,7.84
X-2723,SCFD1,23256.0,MutNovel,"M160R,0.435"
X-2723,SERINC2,347735.0,MutNovel,"-373Q,0.614"
X-2723,SH2D1B,117157.0,Amp5,5.98
X-2723,SLAMF1,6504.0,Amp5,5.86
X-2723,SLAMF7,57823.0,Amp5,5.86
X-2723,SMCR8,140775.0,MutNovel,"L493F,0.812"
X-2723,SMG1,23049.0,MutNovel,"W1819L,0.333"
X-2723,SRY,6736.0,Del0.8,0.3
X-2723,TBL1Y,90665.0,Del0.8,0.3
X-2723,TBX2,6909.0,MutNovel,"A592T,0.500"
X-2723,TGIF2LY,90655.0,Del0.8,0.3
X-2723,TIMM17B,10245.0,MutNovel,"R185C,0.991"
X-2723,TMF1,7110.0,Amp5,6.28
X-2723,TMSB4Y,9087.0,Del0.8,0.3
X-2723,TOMM40L,84134.0,Amp8,8.75
X-2723,TOPORS,10210.0,MutNovel,"S389P,0.444"
X-2723,TRAFD1,10906.0,MutNovel,"E413K,0.556"
X-2723,TRIM51,,MutNovel,"F248L,0.286"
X-2723,TRMT10C,,MutKnownFunctional,"-128?,0.256"
X-2723,TSPY1,7258.0,Del0.8,0.3
X-2723,TSPY2,64591.0,Del0.8,0.3
X-2723,TSPY3,728137.0,Del0.8,0.3
X-2723,TSPY4,728395.0,Del0.8,0.3
X-2723,TSPY8,728403.0,Del0.8,0.3
X-2723,TSTD1,100131187.0,Amp5,5.86
X-2723,TTTY10,246119.0,Del0.8,0.3
X-2723,TTTY11,83866.0,Del0.8,0.3
X-2723,TTTY12,83867.0,Del0.8,0.3
X-2723,TTTY13,83868.0,Del0.8,0.3
X-2723,TTTY14,83869.0,Del0.8,0.3
X-2723,TTTY15,64595.0,Del0.8,0.3
X-2723,TTTY16,252948.0,Del0.8,0.3
X-2723,TTTY17A,252949.0,Del0.8,0.3
X-2723,TTTY17A,252949.0,Del0.8,0.3
X-2723,TTTY18,252950.0,Del0.8,0.3
X-2723,TTTY19,252952.0,Del0.8,0.3
X-2723,TTTY1B,100101116.0,Del0.8,0.3
X-2723,TTTY1B,100101116.0,Del0.8,0.3
X-2723,TTTY2,60439.0,Del0.8,0.3
X-2723,TTTY2,60439.0,Del0.8,0.3
X-2723,TTTY20,252951.0,Del0.8,0.3
X-2723,TTTY21,252953.0,Del0.8,0.3
X-2723,TTTY21,252953.0,Del0.8,0.3
X-2723,TTTY22,252954.0,Del0.8,0.3
X-2723,TTTY23,252955.0,Del0.8,0.3
X-2723,TTTY23,252955.0,Del0.8,0.3
X-2723,TTTY3,114760.0,Del0.8,0.3
X-2723,TTTY3,114760.0,Del0.8,0.3
X-2723,TTTY4,114761.0,Del0.8,0.3
X-2723,TTTY4,114761.0,Del0.8,0.3
X-2723,TTTY5,83863.0,Del0.8,0.3
X-2723,TTTY6,84672.0,Del0.8,0.3
X-2723,TTTY6,84672.0,Del0.8,0.3
X-2723,TTTY7,246122.0,Del0.8,0.3
X-2723,TTTY7,246122.0,Del0.8,0.3
X-2723,TTTY7B,100101120.0,Del0.8,0.3
X-2723,TTTY7B,100101120.0,Del0.8,0.3
X-2723,TTTY8,84673.0,Del0.8,0.3
X-2723,TTTY8,84673.0,Del0.8,0.3
X-2723,TTTY9A,83864.0,Del0.8,0.3
X-2723,TTTY9A,83864.0,Del0.8,0.3
X-2723,TXLNG2P,246126.0,Del0.8,0.3
X-2723,UBA3,9039.0,Amp5,6.28
X-2723,UFC1,51506.0,Amp8,8.75
X-2723,UHMK1,127933.0,Amp5,5.98
X-2723,UPF3B,65109.0,MutNovel,"G152R,0.310"
X-2723,USF1,7391.0,Amp5,5.86
X-2723,USP21,27005.0,Amp8,8.75
X-2723,USP9Y,8287.0,Del0.8,0.3
X-2723,UTY,7404.0,Del0.8,0.3
X-2723,VCX,26609.0,MutNovel,"E159K,0.333"
X-2723,VCY,9084.0,Del0.8,0.3
X-2723,VCY,9084.0,Del0.8,0.3
X-2723,XKRY2,353515.0,Del0.8,0.3
X-2723,XKRY2,353515.0,Del0.8,0.3
X-2723,ZCCHC10,54819.0,MutNovel,"Q67E,0.364"
X-2723,ZFY,7544.0,Del0.8,0.3
X-2723,ZNF37A,7587.0,MutNovel,"I90R,0.600"
X-2723,ZNF783,100289678.0,MutKnownFunctional,"-26,0.692"
X-2723,ZNF814,730051.0,MutNovel,"Y520H,0.231"
X-2753,ABCF3,55324.0,MutNovel,"S79N,0.470"
X-2753,ABCF3,55324.0,MutNovel,"R445H,0.520"
X-2753,ABHD2,11057.0,MutNovel,"P387L,0.435"
X-2753,ACACA,31.0,MutNovel,"L846F,0.600"
X-2753,ACE,1636.0,MutNovel,"S486F,0.429"
X-2753,ACSS3,79611.0,MutNovel,"M543I,0.467"
X-2753,ACTA2,59.0,Del0.8,0.18
X-2753,ADAM23,8745.0,MutNovel,"G765R,0.541"
X-2753,ADAMTS3,9508.0,MutNovel,"P675S,0.596"
X-2753,ADCK3,56997.0,MutNovel,"V593I,0.570"
X-2753,ADCY6,112.0,MutNovel,"D428N,0.611"
X-2753,ADH5,128.0,MutNovel,"E300K,0.575"
X-2753,AGPAT1,10554.0,MutNovel,"P204S,0.283"
X-2753,AHNAK,79026.0,MutNovel,"P5001S,0.446"
X-2753,AHNAK2,113146.0,MutNovel,"L2911H,1.000"
X-2753,AHR,196.0,MutNovel,"S90F,0.529"
X-2753,AKAP13,11214.0,MutNovel,"G1438E,0.727"
X-2753,ALDH1A1,216.0,MutNovel,"G376E,0.400"
X-2753,ALG8,79053.0,MutKnownFunctional,"-460,0.517"
X-2753,ALMS1,7840.0,MutNovel,"P4165S,0.542"
X-2753,ALS2CL,259173.0,MutNovel,"E475K,0.800"
X-2753,AMELY,266.0,Del0.8,0.13
X-2753,AMICA1,120425.0,Del0.8,0.8
X-2753,ANKH,56172.0,MutNovel,"G110K,0.214"
X-2753,ANKIB1,54467.0,MutNovel,"P906S,0.529"
X-2753,ANKRD17,26057.0,MutNovel,"P1796S,0.417"
X-2753,ANKRD22,118932.0,Del0.8,0.15
X-2753,AP1AR,55435.0,MutNovel,"V70A,0.429"
X-2753,AP2A1,160.0,MutNovel,"H527Y,0.978"
X-2753,APBA1,320.0,MutNovel,"A823T,0.214"
X-2753,APBA1,320.0,MutNovel,"A777V,0.500"
X-2753,ARAP3,64411.0,MutNovel,"S1265F,0.542"
X-2753,ARFGAP1,55738.0,MutNovel,"T63I,0.364"
X-2753,ARHGAP10,79658.0,MutNovel,"Y273D,0.680"
X-2753,ARHGAP10,79658.0,MutKnownFunctional,"R734*,0.286"
X-2753,ARHGAP33,115703.0,MutKnownFunctional,"Q748*,0.400"
X-2753,ARHGEF17,9828.0,MutNovel,"P915S,0.421"
X-2753,ARID1A,8289.0,MutNovel,"DP1112ES,0.467"
X-2753,ARL15,54622.0,MutNovel,"S111F,0.833"
X-2753,ARSH,347527.0,MutNovel,"S469L,1.000"
X-2753,ARV1,64801.0,MutNovel,"D121H,0.356"
X-2753,ASH1L,55870.0,MutNovel,"T542I,0.667"
X-2753,ATAD1,84896.0,Del0.8,0.15
X-2753,ATF5,22809.0,MutNovel,"R196C,1.000"
X-2753,ATF7IP,55729.0,MutNovel,"P1146S,0.553"
X-2753,ATG4B,23192.0,MutNovel,"M248T,0.500"
X-2753,ATP11A,23250.0,MutNovel,"T159I,1.000"
X-2753,ATP13A1,57130.0,MutNovel,"S324F,0.479"
X-2753,ATP2B4,493.0,MutNovel,"S1126F,0.391"
X-2753,ATP6V1F,9296.0,MutNovel,"P73L,0.429"
X-2753,ATP7A,538.0,MutNovel,"T1320L,1.000"
X-2753,ATP7B,540.0,MutNovel,"S630F,1.000"
X-2753,ATP9A,10079.0,MutNovel,"S817F,0.667"
X-2753,ATP9A,10079.0,MutNovel,"R704W,0.385"
X-2753,ATRIP,84126.0,MutNovel,"G761R,0.518"
X-2753,ATRX,546.0,MutNovel,"S2043F,1.000"
X-2753,BAG5,9529.0,MutNovel,"R238Q,0.450"
X-2753,BANP,54971.0,Del0.8,0.79
X-2753,BAZ2B,29994.0,MutNovel,"Q1558H,0.727"
X-2753,BCAN,63827.0,MutNovel,"P538L,0.264"
X-2753,BCAS4,55653.0,MutNovel,"P146S,0.583"
X-2753,BCL9,607.0,MutKnownFunctional,"Q250*,0.250"
X-2753,BCLAF1,9774.0,MutNovel,"T574I,0.692"
X-2753,BCOR,54880.0,MutNovel,"S1271L,1.000"
X-2753,BCORP1,286554.0,Del0.8,0.13
X-2753,BDH1,622.0,MutNovel,"E279G,0.490"
X-2753,BEGAIN,57596.0,MutNovel,"S307L,0.520"
X-2753,BIRC2,329.0,MutNovel,"R69C,1.000"
X-2753,BIRC6,57448.0,MutNovel,"S4344L,0.439"
X-2753,BIRC7,79444.0,MutNovel,"D185V,0.448"
X-2753,BMS1P5,399761.0,Del0.8,0.62
X-2753,BPY2B,442867.0,Del0.8,0.08
X-2753,BPY2B,442867.0,Del0.8,0.05
X-2753,BRE,9577.0,MutNovel,"P49L,0.400"
X-2753,BTN3A1,11119.0,MutNovel,"P375L,0.407"
X-2753,C14orf126,112487.0,MutNovel,"D28N,0.222"
X-2753,C14orf37,145407.0,MutNovel,"R133K,0.636"
X-2753,C14orf93,60686.0,MutNovel,"S528L,0.448"
X-2753,C16orf93,90835.0,MutNovel,"A28T,0.636"
X-2753,C1QTNF6,114904.0,MutNovel,"L187P,0.363"
X-2753,C1orf159,54991.0,MutNovel,"D185N,0.667"
X-2753,C6orf136,221545.0,MutNovel,"V249A,0.267"
X-2753,C9orf78,51759.0,MutNovel,"E162K,0.502"
X-2753,CABYR,26256.0,MutNovel,"E489R,0.857"
X-2753,CACUL1,,MutNovel,"S346F,1.000"
X-2753,CAMK1D,57118.0,Del0.8,0.78
X-2753,CAMSAP2,23271.0,MutNovel,"S511F,0.300"
X-2753,CAPRIN1,4076.0,MutNovel,"P485S,0.470"
X-2753,CAPRIN2,65981.0,MutNovel,"P320S,0.357"
X-2753,CARD10,29775.0,MutNovel,"M360I,0.308"
X-2753,CASC4,113201.0,MutNovel,"P266S,0.333"
X-2753,CASK,8573.0,MutNovel,"P632L,1.000"
X-2753,CBX4,8535.0,MutNovel,"HHH398-,0.316"
X-2753,CCDC94,55702.0,MutNovel,"G321T,0.525"
X-2753,CCDC99,54908.0,MutNovel,"L514F,0.500"
X-2753,CCT7,10574.0,MutNovel,"P20S,0.511"
X-2753,CDAN1,146059.0,MutNovel,"E1009K,0.452"
X-2753,CDAN1,146059.0,MutNovel,"F443I,0.500"
X-2753,CDCA5,113130.0,MutNovel,"S158F,0.500"
X-2753,CDK17,5128.0,MutNovel,"R336Q,0.517"
X-2753,CDK19,23097.0,MutNovel,"R254W,1.000"
X-2753,CDKL1,8814.0,MutNovel,"S207L,0.455"
X-2753,CDY1B,253175.0,Del0.8,0.08
X-2753,CDY1B,253175.0,Del0.8,0.13
X-2753,CDY2A,9426.0,Del0.8,0.13
X-2753,CDY2A,9426.0,Del0.8,0.13
X-2753,CDY2B,203611.0,Del0.8,0.13
X-2753,CDY2B,203611.0,Del0.8,0.13
X-2753,CELSR2,1952.0,MutNovel,"V339I,0.417"
X-2753,CES1P1,51716.0,Del0.8,0.78
X-2753,CFHR3,10878.0,Del0.8,0.54
X-2753,CFL1P1,142913.0,Del0.8,0.15
X-2753,CH25H,9023.0,Del0.8,0.14
X-2753,CHD7,55636.0,MutNovel,"P1688S,0.455"
X-2753,CHFR,55743.0,MutNovel,"S164L,0.448"
X-2753,CHPF,79586.0,MutNovel,"P490L,0.530"
X-2753,CHTF18,63922.0,MutNovel,"P266L,0.667"
X-2753,CIB2,10518.0,MutNovel,"Q12H,0.382"
X-2753,CLDN23,137075.0,MutNovel,"S133F,0.700"
X-2753,CLTCL1,8218.0,MutNovel,"V1140A,0.300"
X-2753,CNTN1,1272.0,MutNovel,"G374E,0.867"
X-2753,CNTN1,1272.0,MutNovel,"G983R,0.464"
X-2753,CNTN5,53942.0,Del0.8,0.77
X-2753,CNTNAP3,79937.0,MutNovel,"P435T,0.500"
X-2753,COIL,8161.0,MutNovel,"P388S,0.467"
X-2753,COL11A1,1301.0,MutNovel,"S560L,1.000"
X-2753,COL11A2,1302.0,MutNovel,"D345N,0.360"
X-2753,COL12A1,1303.0,MutNovel,"P2311S,1.000"
X-2753,COL4A2,1284.0,MutNovel,"G994R,1.000"
X-2753,COL6A1,1291.0,MutNovel,"E163D,0.677"
X-2753,CORO1A,11151.0,MutNovel,"T126I,0.667"
X-2753,COX10,1352.0,MutNovel,"S368F,0.538"
X-2753,CPD,1362.0,MutNovel,"S877L,0.375"
X-2753,CPEB4,80315.0,MutNovel,"D363N,0.500"
X-2753,CRELD1,78987.0,MutKnownFunctional,"-422,0.322"
X-2753,CROCC,9696.0,MutNovel,"P493S,0.333"
X-2753,CSDE1,7812.0,MutNovel,"I456N,0.427"
X-2753,CSNK1D,1453.0,MutNovel,"R274W,0.490"
X-2753,CSNK1G1,53944.0,MutNovel,"P250S,0.600"
X-2753,CSNK1G2,1455.0,MutNovel,"P384S,0.546"
X-2753,CSPG4P1Y,114758.0,Del0.8,0.19
X-2753,CSPG4P1Y,114758.0,Del0.8,0.13
X-2753,CTRB1,1504.0,Del0.8,0.76
X-2753,CTSA,5476.0,MutNovel,"L29-,0.640"
X-2753,CUL9,23113.0,MutNovel,"R295W,0.750"
X-2753,CUL9,23113.0,MutNovel,"P1378L,0.533"
X-2753,CUX1,1523.0,MutNovel,"E406Q,0.947"
X-2753,CWC22,57703.0,MutNovel,"R538C,0.500"
X-2753,CYP27C1,339761.0,MutNovel,"E118K,1.000"
X-2753,CYP2J2,1573.0,MutNovel,"H244Y,0.500"
X-2753,DAZ1,1617.0,Del0.8,0.13
X-2753,DAZ2,57055.0,Del0.8,0.09
X-2753,DAZ3,57054.0,Del0.8,0.05
X-2753,DAZ3,57054.0,Del0.8,0.08
X-2753,DAZ4,57135.0,Del0.8,0.07
X-2753,DAZ4,57135.0,Del0.8,0.09
X-2753,DCAF6,55827.0,MutNovel,"T416S,0.400"
X-2753,DDR2,4921.0,MutNovel,"S675F,0.349"
X-2753,DDX3Y,8653.0,Del0.8,0.13
X-2753,DDX49,54555.0,MutNovel,"E286K,0.479"
X-2753,DDX5,1655.0,MutNovel,"P609S,0.713"
X-2753,DDX51,317781.0,MutNovel,"P541L,0.543"
X-2753,DEFB109P1,245912.0,Del0.8,0.62
X-2753,DENND4A,10260.0,MutNovel,"T1605S,0.400"
X-2753,DENND5A,23258.0,MutNovel,"Y719H,0.583"
X-2753,DEPDC5,9681.0,MutNovel,"R988C,0.560"
X-2753,DEPDC5,9681.0,MutNovel,"Q1222L,0.421"
X-2753,DFNB31,25861.0,MutNovel,"S484F,0.857"
X-2753,DHX33,56919.0,MutNovel,"P286S,0.565"
X-2753,DHX8,1659.0,MutNovel,"S1099F,0.526"
X-2753,DIP2A,23181.0,MutNovel,"G1367D,0.700"
X-2753,DNAJB1,3337.0,MutNovel,"P33L,0.439"
X-2753,DNM1L,10059.0,MutNovel,"N448D,0.514"
X-2753,DOPEY2,9980.0,MutNovel,"D787E,0.833"
X-2753,DPF2,5977.0,MutNovel,"P87L,0.533"
X-2753,DSCR6,53820.0,MutNovel,"P176S,1.000"
X-2753,DSEL,92126.0,MutNovel,"G349S,1.000"
X-2753,DSEL,92126.0,MutKnownFunctional,"Y325*,0.667"
X-2753,DSG2,1829.0,MutNovel,"E80K,0.471"
X-2753,DTL,51514.0,MutNovel,"T191I,0.389"
X-2753,ECM1,1893.0,MutNovel,"P150L,0.272"
X-2753,EEF2K,29904.0,MutNovel,"Y641D,0.471"
X-2753,EFR3A,23167.0,MutKnownFunctional,"R53*,0.375"
X-2753,EHBP1L1,254102.0,MutNovel,"A1087V,0.505"
X-2753,EIF1AY,9086.0,Del0.8,0.13
X-2753,EIF3CL,728689.0,MutNovel,"Q607H,1.000"
X-2753,EIF3D,8664.0,MutNovel,"S305F,0.518"
X-2753,ELK1,2002.0,MutNovel,"S422F,1.000"
X-2753,ENGASE,64772.0,MutNovel,"P149S,0.771"
X-2753,ENOX1,55068.0,MutNovel,"D210N,1.000"
X-2753,EP300,2033.0,MutNovel,"T730I,0.524"
X-2753,EPPK1,83481.0,MutNovel,"G1879R,1.000"
X-2753,ERC1,23085.0,MutNovel,"D836N,0.269"
X-2753,ERCC2,2068.0,MutNovel,"P426S,0.959"
X-2753,ERF,2077.0,MutNovel,"P381L,0.929"
X-2753,ESF1,51575.0,MutNovel,"S823F,0.732"
X-2753,ETS2,2114.0,MutNovel,"S418F,0.558"
X-2753,ETV2,2116.0,MutKnownFunctional,"W76*,0.667"
X-2753,EXOG,9941.0,MutNovel,"P143S,0.375"
X-2753,FAM108C1,58489.0,MutNovel,"P267S,0.594"
X-2753,FAM135A,57579.0,MutNovel,"H1431Y,0.500"
X-2753,FAM190A,401145.0,MutNovel,"P245S,1.000"
X-2753,FAM197Y2P,252946.0,Del0.8,0.13
X-2753,FAM22D,728130.0,Del0.8,0.22
X-2753,FAM35B,414241.0,Del0.8,0.38
X-2753,FAM41AY1,340618.0,Del0.8,0.13
X-2753,FAM41AY1,340618.0,Del0.8,0.13
X-2753,FAM65A,79567.0,MutNovel,"A813V,1.000"
X-2753,FAM78B,149297.0,MutNovel,"E120K,0.333"
X-2753,FAM83H,286077.0,MutNovel,"P323S,0.588"
X-2753,FAS,355.0,Del0.8,0.18
X-2753,FAS-AS1,100302740.0,Del0.8,0.18
X-2753,FAT4,79633.0,MutNovel,"S4368F,0.444"
X-2753,FBLN5,10516.0,MutNovel,"E415V,1.000"
X-2753,FBXO11,80204.0,MutNovel,"N473S,0.439"
X-2753,FBXO38,81545.0,MutNovel,"P129S,0.636"
X-2753,FBXO6,26270.0,MutNovel,"M51V,0.300"
X-2753,FEM1A,55527.0,MutNovel,"R449W,0.514"
X-2753,FHDC1,85462.0,MutNovel,"A834V,0.476"
X-2753,FHDC1,85462.0,MutNovel,"P1080S,0.348"
X-2753,FIG4,9896.0,MutNovel,"P600R,0.308"
X-2753,FKBP1B,2281.0,MutNovel,"P74S,0.588"
X-2753,FLG,2312.0,MutNovel,"H1737R,0.667"
X-2753,FLJ37201,283011.0,Del0.8,0.22
X-2753,FLOT2,2319.0,MutNovel,"S46F,0.565"
X-2753,FMN1,342184.0,MutNovel,"P733L,0.923"
X-2753,FOXK2,3607.0,MutNovel,"S330L,0.444"
X-2753,FOXP4,116113.0,MutNovel,"S109L,0.333"
X-2753,FRG1,2483.0,MutNovel,"T98S,0.435"
X-2753,FRYL,285527.0,MutNovel,"L455P,0.429"
X-2753,FSTL4,23105.0,MutNovel,"V381I,0.571"
X-2753,FUZ,80199.0,MutNovel,"A130T,0.917"
X-2753,FYCO1,79443.0,MutNovel,"R167K,1.000"
X-2753,GAK,2580.0,MutNovel,"P978L,0.957"
X-2753,GALNT3,2591.0,MutNovel,"S118L,0.625"
X-2753,GALT,2592.0,MutNovel,"F117C,0.477"
X-2753,GALT,2592.0,MutNovel,"P304F,0.504"
X-2753,GAPVD1,26130.0,MutNovel,"A909P,0.556"
X-2753,GAS2,2620.0,MutNovel,"G234E,0.667"
X-2753,GATM,2628.0,MutNovel,"P228S,0.750"
X-2753,GCA,25801.0,MutNovel,"H105Y,0.500"
X-2753,GEMIN5,25929.0,MutNovel,"P1475S,0.495"
X-2753,GJA3,2700.0,MutNovel,"R416W,1.000"
X-2753,GLI3,2737.0,MutNovel,"T183A,0.692"
X-2753,GLO1,2739.0,MutNovel,"P82S,0.302"
X-2753,GLUD2,2747.0,MutNovel,"G479E,1.000"
X-2753,GMEB1,10691.0,MutNovel,"P39L,0.300"
X-2753,GOLGA2P2Y,84559.0,Del0.8,0.13
X-2753,GOLGA2P2Y,84559.0,Del0.8,0.19
X-2753,GOLGA4,2803.0,MutNovel,"N1504S,0.345"
X-2753,GOLGB1,2804.0,MutNovel,"Q834K,1.000"
X-2753,GPR125,166647.0,MutNovel,"S1258L,1.000"
X-2753,GPS1,2873.0,MutNovel,"H106Y,0.538"
X-2753,GRIK2,2898.0,MutKnownFunctional,"W498*,0.273"
X-2753,GSR,2936.0,MutNovel,"V105A,0.464"
X-2753,GTF2E1,2960.0,Del0.8,0.77
X-2753,GTF3C4,9329.0,MutNovel,"P803S,0.382"
X-2753,GTF3C5,9328.0,MutNovel,"S491F,0.555"
X-2753,GYG2P1,352887.0,Del0.8,0.13
X-2753,GYS1,2997.0,MutNovel,"R192C,0.913"
X-2753,H2AFY,9555.0,MutNovel,"L353R,0.498"
X-2753,H3F3B,3021.0,MutNovel,"P31L,0.500"
X-2753,HCN2,610.0,MutNovel,"E352K,0.500"
X-2753,HEATR1,55127.0,MutNovel,"S950F,0.368"
X-2753,HECTD1,25831.0,MutNovel,"P2509S,0.427"
X-2753,HERC2,8924.0,MutNovel,"H2624Y,0.577"
X-2753,HEXDC,284004.0,MutNovel,"T296I,0.314"
X-2753,HLA-DMB,3109.0,MutNovel,"E65K,0.800"
X-2753,HLA-DRB1,3123.0,MutNovel,"V209L,0.260"
X-2753,HMHA1,23526.0,MutNovel,"D574N,0.634"
X-2753,HSDL2,84263.0,MutNovel,"D348Y,0.312"
X-2753,HSFY2,159119.0,Del0.8,0.13
X-2753,HSFY2,159119.0,Del0.8,0.13
X-2753,HSPA4,3308.0,MutNovel,"P401S,0.472"
X-2753,IARS2,55699.0,MutNovel,"P570S,0.392"
X-2753,IDS,3423.0,MutNovel,"P454S,1.000"
X-2753,IFIT1,3434.0,Del0.8,0.14
X-2753,IFIT1B,439996.0,Del0.8,0.14
X-2753,IFIT2,3433.0,Del0.8,0.09
X-2753,IFIT3,3437.0,Del0.8,0.18
X-2753,IFIT5,24138.0,Del0.8,0.14
X-2753,IGF2R,3482.0,MutNovel,"S1653F,0.455"
X-2753,IGSF3,3321.0,MutNovel,"G960E,0.487"
X-2753,IL16,3603.0,MutNovel,"S815F,0.250"
X-2753,IPO5,3843.0,MutNovel,"H457Y,1.000"
X-2753,IQGAP3,128239.0,MutNovel,"E709K,0.222"
X-2753,IQGAP3,128239.0,MutNovel,"T168I,0.611"
X-2753,ITCH,83737.0,MutKnownFunctional,"K53*,0.333"
X-2753,ITGA1,3672.0,MutNovel,"E755K,0.556"
X-2753,ITGB4,3691.0,MutNovel,"G1694E,0.206"
X-2753,ITPR3,3710.0,MutNovel,"R53C,0.235"
X-2753,ITPR3,3710.0,MutNovel,"V1095A,0.386"
X-2753,ITSN1,6453.0,MutNovel,"P903S,0.522"
X-2753,JAG2,3714.0,MutNovel,"G618S,0.484"
X-2753,JMJD6,23210.0,MutNovel,"P214S,0.760"
X-2753,JUP,3728.0,MutNovel,"S36F,0.333"
X-2753,KANK1,23189.0,MutKnownFunctional,"F852*,0.250"
X-2753,KANSL2,54934.0,MutNovel,"P18L,0.415"
X-2753,KAZN,23254.0,MutNovel,"L405F,0.565"
X-2753,KDM1B,221656.0,MutNovel,"C147S,0.324"
X-2753,KDM5D,8284.0,Del0.8,0.13
X-2753,KDM6B,23135.0,MutNovel,"P780L,1.000"
X-2753,KDR,3791.0,MutNovel,"R1032Q,0.400"
X-2753,KEAP1,9817.0,MutNovel,"N414D,0.506"
X-2753,KHSRP,8570.0,MutKnownFunctional,"-699,0.410"
X-2753,KIAA0100,9703.0,MutNovel,"P725L,0.455"
X-2753,KIAA0125,9834.0,Amp5,7.21
X-2753,KIAA0226,9711.0,MutNovel,"P553L,0.600"
X-2753,KIAA0284,283638.0,MutNovel,"P1264S,0.429"
X-2753,KIAA0355,9710.0,MutNovel,"S359L,0.556"
X-2753,KIAA0355,9710.0,MutNovel,"K978Q,0.474"
X-2753,KIAA0664,23277.0,MutNovel,"P181S,0.531"
X-2753,KIAA0753,9851.0,MutNovel,"P416L,0.556"
X-2753,KIAA1024,23251.0,MutNovel,"P810L,0.667"
X-2753,KIAA1211,57482.0,MutNovel,"S587L,0.636"
X-2753,KIDINS220,57498.0,MutNovel,"V285E,0.476"
X-2753,KIF13B,23303.0,MutNovel,"P1489L,0.294"
X-2753,KIF18B,146909.0,MutNovel,"S686F,0.462"
X-2753,KIF1C,10749.0,MutNovel,"H84Y,0.546"
X-2753,KIF20B,9585.0,Del0.8,0.14
X-2753,KIF26B,55083.0,MutNovel,"P1486L,0.333"
X-2753,KIF9,64147.0,MutNovel,"L61F,0.575"
X-2753,KIRREL,55243.0,MutKnownFunctional,"R735*,0.208"
X-2753,KLLN,100144748.0,Del0.8,0.15
X-2753,KPNB1,3837.0,MutNovel,"P652L,0.515"
X-2753,L3MBTL1,26013.0,MutNovel,"H566Y,0.577"
X-2753,LAMA5,3911.0,MutNovel,"S3340F,0.640"
X-2753,LARGE,9215.0,MutNovel,"H457Y,0.763"
X-2753,LARS,51520.0,MutNovel,"C70S,0.450"
X-2753,LCE3B,353143.0,Del0.8,0.19
X-2753,LCE3C,353144.0,Del0.8,0.1
X-2753,LIMA1,51474.0,MutNovel,"G435R,0.517"
X-2753,LIMCH1,22998.0,MutNovel,"H906L,1.000"
X-2753,LIN37,55957.0,MutNovel,"P136L,0.475"
X-2753,LIPA,3988.0,Del0.8,0.11
X-2753,LIPF,8513.0,Del0.8,0.17
X-2753,LIPJ,142910.0,Del0.8,0.17
X-2753,LIPK,643414.0,Del0.8,0.17
X-2753,LIPM,340654.0,Del0.8,0.17
X-2753,LIPN,643418.0,Del0.8,0.17
X-2753,LMO7,4008.0,MutNovel,"S741F,0.889"
X-2753,LOC100287177,100287177.0,MutNovel,"L74F,1.000"
X-2753,LOC100506123,100506123.0,Del0.8,0.57
X-2753,LOC100653168,,MutNovel,"R385Q,0.350"
X-2753,LOC100653168,,MutNovel,"D301N,0.553"
X-2753,LOC100996693,,MutNovel,"V109S,0.571"
X-2753,LOC338579,338579.0,Del0.8,0.65
X-2753,LOC439994,439994.0,Del0.8,0.22
X-2753,LOC643529,643529.0,Del0.8,0.2
X-2753,LOC728190,728190.0,Del0.8,0.47
X-2753,LPHN2,23266.0,MutNovel,"G351E,0.444"
X-2753,LPHN2,23266.0,MutNovel,"R1122C,0.423"
X-2753,LPHN2,23266.0,MutNovel,"P1388L,0.377"
X-2753,LRP4,4038.0,MutNovel,"D1573N,0.467"
X-2753,LRRC16A,55604.0,MutNovel,"E411K,0.423"
X-2753,LRRC40,55631.0,MutNovel,"V513I,0.542"
X-2753,LRRC49,54839.0,MutNovel,"R564C,1.000"
X-2753,LRRC58,116064.0,MutNovel,"E26K,1.000"
X-2753,LRRN1,57633.0,MutNovel,"E412K,0.667"
X-2753,LSR,51599.0,MutNovel,"G518GR,0.867"
X-2753,LZTR1,8216.0,MutNovel,"P225S,0.808"
X-2753,MACF1,23499.0,MutNovel,"H3063Y,0.500"
X-2753,MAMDC4,158056.0,MutNovel,"G501E,0.769"
X-2753,MAN2A1,4124.0,MutNovel,"D610N,0.667"
X-2753,MANSC1,54682.0,MutNovel,"E410K,0.667"
X-2753,MAP3K11,4296.0,MutNovel,"R385Q,0.312"
X-2753,MAP4,4134.0,MutNovel,"S605P,0.506"
X-2753,MAP4K4,9448.0,MutNovel,"T191I,0.544"
X-2753,MAP7D2,256714.0,MutNovel,"S193F,1.000"
X-2753,MAPK3,5595.0,MutNovel,"A191G,0.482"
X-2753,MAPK8IP2,23542.0,MutNovel,"A378G,0.316"
X-2753,MAPKAP1,79109.0,MutNovel,"S315F,0.517"
X-2753,MARK1,4139.0,MutNovel,"P489S,0.467"
X-2753,MAST2,23139.0,MutNovel,"S251L,0.371"
X-2753,MBD1,4152.0,MutNovel,"I317V,0.409"
X-2753,MC1R,4157.0,MutKnownFunctional,"-179?,0.818"
X-2753,MCCC1,56922.0,MutNovel,"S673F,0.497"
X-2753,MDN1,23195.0,MutNovel,"L4412F,0.333"
X-2753,MEF2C,4208.0,MutNovel,"S356L,0.350"
X-2753,MEIS3,56917.0,MutNovel,"N131I,1.000"
X-2753,METAP1,23173.0,MutNovel,"G71S,0.441"
X-2753,MGEA5,10724.0,MutNovel,"S796F,1.000"
X-2753,MGEA5,10724.0,MutNovel,"A726T,0.939"
X-2753,MICAL3,57553.0,MutNovel,"P1488S,0.333"
X-2753,MICALL2,79778.0,MutNovel,"A405T,0.643"
X-2753,MINPP1,9562.0,Del0.8,0.12
X-2753,MIR107,406901.0,Del0.8,0.15
X-2753,MIR4678,100616296.0,Del0.8,0.07
X-2753,MIR4679-1,100616128.0,Del0.8,0.11
X-2753,MIR4679-2,100616192.0,Del0.8,0.11
X-2753,MKI67IP,84365.0,MutNovel,"P137S,0.474"
X-2753,MLH3,27030.0,MutNovel,"G1003K,0.364"
X-2753,MLL3,58508.0,MutNovel,"S3618F,0.500"
X-2753,MLL4,9757.0,MutNovel,"L1527F,0.532"
X-2753,MMP17,4326.0,MutNovel,"P323L,0.509"
X-2753,MPDU1,9526.0,MutNovel,"E4K,0.750"
X-2753,MPRIP,23164.0,MutNovel,"TS178T,0.333"
X-2753,MPZL3,196264.0,Del0.8,0.73
X-2753,MRPL28,10573.0,MutNovel,"P197S,0.537"
X-2753,MRPS28,28957.0,MutNovel,"H121Y,0.694"
X-2753,MRPS5,64969.0,MutNovel,"S295L,0.435"
X-2753,MS4A14,84689.0,MutNovel,"N693S,0.500"
X-2753,MTA2,9219.0,MutNovel,"S427F,0.487"
X-2753,MTMR12,54545.0,MutNovel,"S715F,0.389"
X-2753,MTMR14,64419.0,MutNovel,"S316F,0.263"
X-2753,MTMR3,8897.0,MutNovel,"S361F,0.361"
X-2753,MTMR4,9110.0,MutNovel,"P817S,0.603"
X-2753,MTO1,25821.0,MutNovel,"R517C,0.385"
X-2753,MTOR,2475.0,MutNovel,"P1770S,0.511"
X-2753,MVP,9961.0,MutNovel,"R687W,0.576"
X-2753,MYBBP1A,10514.0,MutNovel,"I267V,0.491"
X-2753,MYO3A,53904.0,MutNovel,"R1471Q,1.000"
X-2753,NAGLU,4669.0,MutNovel,"R580K,0.434"
X-2753,NCKAP5,344148.0,MutNovel,"S761F,0.353"
X-2753,NCOA3,8202.0,MutNovel,"Q1255K,0.778"
X-2753,NCRNA00185,55410.0,Del0.8,0.13
X-2753,NCSTN,23385.0,MutNovel,"P93S,0.345"
X-2753,NDUFAF1,51103.0,MutNovel,"S36F,0.516"
X-2753,NEDD1,121441.0,MutNovel,"L469F,0.609"
X-2753,NEK11,79858.0,MutNovel,"D458N,0.583"
X-2753,NEK6,10783.0,MutNovel,"R26C,0.500"
X-2753,NELL1,4745.0,MutNovel,"P184S,0.333"
X-2753,NES,10763.0,MutNovel,"PRGPPAP165-,0.429"
X-2753,NEURL2,140825.0,MutNovel,"A134V,0.300"
X-2753,NF1,4763.0,MutKnownFunctional,"-1802?,0.714"
X-2753,NFATC1,4772.0,MutNovel,"S181L,0.556"
X-2753,NFX1,4799.0,MutNovel,"S95L,0.553"
X-2753,NID1,4811.0,MutNovel,"G1113R,0.464"
X-2753,NIPBL,25836.0,MutNovel,"D1623Y,0.591"
X-2753,NISCH,11188.0,MutNovel,"S1130L,0.522"
X-2753,NISCH,11188.0,MutNovel,"F1330L,0.503"
X-2753,NKIRAS2,28511.0,MutNovel,"M35R,0.522"
X-2753,NLE1,54475.0,MutNovel,"R337Q,0.418"
X-2753,NLE1,54475.0,MutNovel,"L181F,0.493"
X-2753,NLGN4Y,22829.0,Del0.8,0.13
X-2753,NMNAT1,64802.0,MutNovel,"S222L,0.727"
X-2753,NOM1,64434.0,MutNovel,"D250G,0.571"
X-2753,NOTCH2,4853.0,MutNovel,"S2107N,0.500"
X-2753,NOTCH3,4854.0,MutNovel,"S863L,1.000"
X-2753,NPDC1,56654.0,MutNovel,"P69L,0.800"
X-2753,NRG2,9542.0,MutNovel,"S817W,0.333"
X-2753,NRIP1,8204.0,MutNovel,"V11M,0.333"
X-2753,NTF3,4908.0,MutKnownFunctional,"Q234*,0.833"
X-2753,NUDT17,200035.0,MutNovel,"R266P,0.444"
X-2753,NUFIP2,57532.0,MutNovel,"K563T,0.411"
X-2753,NUP107,57122.0,MutNovel,"P716S,0.513"
X-2753,NUP188,23511.0,MutNovel,"I403M,0.597"
X-2753,NUP210,23225.0,MutNovel,"P1754L,0.375"
X-2753,NUP214,8021.0,MutNovel,"R137C,0.353"
X-2753,NUP214,8021.0,MutNovel,"M739V,0.512"
X-2753,NUP214,8021.0,MutNovel,"S1643F,0.413"
X-2753,OAS3,4940.0,MutNovel,"S400F,0.562"
X-2753,OCA2,4948.0,MutNovel,"I345V,0.611"
X-2753,ORAI1,84876.0,MutNovel,"PP43-,0.875"
X-2753,OSBP,5007.0,MutNovel,"P766L,0.724"
X-2753,OSMR,9180.0,MutNovel,"E417K,0.500"
X-2753,OSTalpha,200931.0,MutNovel,"V324I,0.667"
X-2753,PA2G4,5036.0,MutNovel,"E102K,0.326"
X-2753,PAN2,9924.0,MutNovel,"P455S,0.618"
X-2753,PANK1,53354.0,Del0.8,0.14
X-2753,PAPSS2,9060.0,Del0.8,0.17
X-2753,PARD3,56288.0,Del0.8,0.5
X-2753,PARM1,25849.0,MutKnownFunctional,"W299*,0.727"
X-2753,PAX3,5077.0,MutNovel,"P296S,0.534"
X-2753,PAXIP1,22976.0,MutNovel,"H418L,0.294"
X-2753,PBX3,5090.0,MutNovel,"S283F,0.688"
X-2753,PCDH11Y,83259.0,Del0.8,0.24
X-2753,PCDHA8,56140.0,Del0.8,0.5
X-2753,PCDHA9,9752.0,Del0.8,0.31
X-2753,PCDHB15,56121.0,MutNovel,"S502F,0.571"
X-2753,PCDHGC3,5098.0,MutNovel,"A746V,0.576"
X-2753,PCED1A,,MutNovel,"P325S,0.520"
X-2753,PCM1,5108.0,MutNovel,"H614Y,0.290"
X-2753,PCSK2,5126.0,MutNovel,"A77D,0.621"
X-2753,PCYOX1L,78991.0,MutNovel,"R395Q,0.650"
X-2753,PDHX,8050.0,MutNovel,"P156L,0.325"
X-2753,PDS5B,23047.0,MutNovel,"P1294L,0.387"
X-2753,PEG10,23089.0,MutNovel,"G375E,1.000"
X-2753,PER3,8863.0,MutNovel,"N471S,0.565"
X-2753,PEX11A,8800.0,MutNovel,"P193L,0.458"
X-2753,PHLDA1,22822.0,MutNovel,"QQ194Q,0.433"
X-2753,PI4KA,5297.0,MutNovel,"S991F,0.483"
X-2753,PIAS3,10401.0,MutNovel,"P95L,0.417"
X-2753,PIAS3,10401.0,MutNovel,"P208S,0.333"
X-2753,PIK3R4,30849.0,MutNovel,"L324F,0.625"
X-2753,PIKFYVE,200576.0,MutNovel,"L1914F,1.000"
X-2753,PIP4K2C,79837.0,MutNovel,"F347L,0.643"
X-2753,PKM,,MutKnownFunctional,"S5*,0.600"
X-2753,PLA1A,51365.0,MutNovel,"G308E,1.000"
X-2753,PLCL2,23228.0,MutNovel,"S662F,0.571"
X-2753,PLD3,23646.0,MutKnownFunctional,"R408*,0.921"
X-2753,PLEC,5339.0,MutNovel,"A4185T,0.770"
X-2753,PLEKHA1,59338.0,MutNovel,"R233S,1.000"
X-2753,PLEKHH3,79990.0,MutNovel,"W81C,0.400"
X-2753,PLEKHM3,389072.0,MutNovel,"P430L,1.000"
X-2753,PLXNB3,5365.0,MutNovel,"P1712L,0.987"
X-2753,PMF1,11243.0,MutNovel,"R67C,0.412"
X-2753,PNPLA3,80339.0,MutNovel,"P103S,0.394"
X-2753,PNPLA6,10908.0,MutNovel,"S968F,0.560"
X-2753,POGZ,23126.0,MutNovel,"P451L,0.385"
X-2753,POP1,10940.0,MutNovel,"P352F,0.735"
X-2753,PPFIA3,8541.0,MutNovel,"R348H,1.000"
X-2753,PPP1CB,5500.0,MutNovel,"T102I,0.500"
X-2753,PPP1R13B,23368.0,MutNovel,"I988T,0.514"
X-2753,PPP2R2B,5521.0,MutNovel,"S278L,0.727"
X-2753,PPP2R3B,28227.0,MutNovel,"P246S,1.000"
X-2753,PPP5C,5536.0,MutNovel,"P339S,0.985"
X-2753,PPT2,9374.0,MutNovel,"V215I,0.600"
X-2753,PRDM15,63977.0,MutNovel,"P1057L,0.833"
X-2753,PREB,10113.0,MutNovel,"L293F,0.524"
X-2753,PRIC285,85441.0,MutNovel,"R1755W,0.455"
X-2753,PRKAB1,5564.0,MutNovel,"S180F,0.526"
X-2753,PRKAR1B,5575.0,MutNovel,"S307F,0.635"
X-2753,PRKY,5616.0,Del0.8,0.13
X-2753,PROSER1,80209.0,MutNovel,"S486F,0.340"
X-2753,PRY,9081.0,Del0.8,0.13
X-2753,PRY,9081.0,Del0.8,0.13
X-2753,PRY2,442862.0,Del0.8,0.13
X-2753,PRY2,442862.0,Del0.8,0.13
X-2753,PSEN2,5664.0,MutNovel,"P343L,0.395"
X-2753,PSMB1,5689.0,MutNovel,"P32S,0.463"
X-2753,PSMD9,5715.0,MutKnownFunctional,"E197*,0.339"
X-2753,PSME4,23198.0,MutNovel,"S1654F,0.478"
X-2753,PTEN,5728.0,Del0.8,0.27
X-2753,PTGIS,5740.0,MutNovel,"R373Q,0.312"
X-2753,PTGIS,5740.0,MutNovel,"G182R,0.500"
X-2753,PTOV1,53635.0,MutNovel,"N90I,0.981"
X-2753,PTPN2,5771.0,MutKnownFunctional,"R26*,0.583"
X-2753,PTPRA,5786.0,MutNovel,"V43I,0.577"
X-2753,PTPRH,5794.0,MutNovel,"P990S,1.000"
X-2753,PTPRJ,5795.0,MutNovel,"S567F,0.507"
X-2753,PYGB,5834.0,MutNovel,"P498S,0.608"
X-2753,QRICH2,84074.0,MutNovel,"P1404L,1.000"
X-2753,RAB11FIP4,84440.0,MutNovel,"K367Q,0.550"
X-2753,RABGAP1,23637.0,MutNovel,"M850I,0.582"
X-2753,RABGGTA,5875.0,MutNovel,"M277I,0.426"
X-2753,RABL6,,MutNovel,"G719S,0.529"
X-2753,RACGAP1,29127.0,MutNovel,"R599G,0.441"
X-2753,RAI1,10743.0,MutNovel,"QQQQ278-,0.455"
X-2753,RALGAPB,57148.0,MutNovel,"R1158C,0.333"
X-2753,RALGDS,5900.0,MutNovel,"E842ER,0.302"
X-2753,RAPGEF1,2889.0,MutNovel,"S435F,0.504"
X-2753,RASA3,22821.0,MutNovel,"P59S,1.000"
X-2753,RAVER1,125950.0,MutNovel,"G120R,0.532"
X-2753,RBBP6,5930.0,MutNovel,"P372L,0.875"
X-2753,RBBP6,5930.0,MutNovel,"P1012T,0.400"
X-2753,RBL2,5934.0,MutNovel,"C243R,1.000"
X-2753,RBM41,55285.0,MutNovel,"L189P,1.000"
X-2753,RBMY1A3P,286557.0,Del0.8,0.13
X-2753,RBMY1B,378948.0,Del0.8,0.13
X-2753,RBMY1B,378948.0,Del0.8,0.13
X-2753,RBMY1E,378950.0,Del0.8,0.13
X-2753,RBMY1E,378950.0,Del0.8,0.13
X-2753,RBMY1F,159163.0,Del0.8,0.13
X-2753,RBMY1F,159163.0,Del0.8,0.13
X-2753,RBMY1J,378951.0,Del0.8,0.13
X-2753,RBMY1J,378951.0,Del0.8,0.13
X-2753,RBMY2EP,159125.0,Del0.8,0.13
X-2753,RBMY2FP,159162.0,Del0.8,0.13
X-2753,RBMY3AP,64593.0,Del0.8,0.13
X-2753,REV1,51455.0,MutNovel,"E30K,0.556"
X-2753,REV3L,5980.0,MutNovel,"P1912S,0.517"
X-2753,REV3L,5980.0,MutKnownFunctional,"-1823,0.390"
X-2753,RGL3,57139.0,MutNovel,"D430N,0.588"
X-2753,RIMS3,9783.0,MutNovel,"E5K,1.000"
X-2753,RNF103,7844.0,MutNovel,"S308F,0.526"
X-2753,RNF121,55298.0,MutNovel,"P172S,0.482"
X-2753,RNF123,63891.0,MutNovel,"P51S,0.486"
X-2753,RNF149,284996.0,MutNovel,"G178E,0.468"
X-2753,RNF167,26001.0,MutNovel,"S81L,0.439"
X-2753,RNF2,6045.0,MutNovel,"E125K,0.370"
X-2753,RNF216,54476.0,MutNovel,"L800P,0.478"
X-2753,RNF43,54894.0,MutNovel,"P760L,0.462"
X-2753,RNF8,9025.0,MutNovel,"D415G,0.216"
X-2753,RNLS,55328.0,Del0.8,0.17
X-2753,RPL22,6146.0,MutNovel,"S79F,0.671"
X-2753,RPRD2,23248.0,MutNovel,"S1373F,0.473"
X-2753,RPS4Y1,6192.0,Del0.8,0.24
X-2753,RPS4Y2,140032.0,Del0.8,0.13
X-2753,RRP12,23223.0,MutNovel,"P248L,1.000"
X-2753,RRP7A,27341.0,MutNovel,"P216F,0.327"
X-2753,RTEL1,51750.0,MutNovel,"GE794G,0.419"
X-2753,RTN2,6253.0,MutNovel,"G27E,1.000"
X-2753,RTN4IP1,84816.0,MutNovel,"D351N,0.683"
X-2753,RUFY2,55680.0,MutNovel,"R294Q,1.000"
X-2753,RUSC2,9853.0,MutNovel,"P102S,0.500"
X-2753,SAMD9L,219285.0,MutNovel,"E1379K,0.556"
X-2753,SAMHD1,25939.0,MutNovel,"V133I,0.800"
X-2753,SAPCD2,,MutNovel,"L350F,0.667"
X-2753,SATB2,23314.0,MutNovel,"S457F,0.294"
X-2753,SCAF1,58506.0,MutNovel,"S1177L,1.000"
X-2753,SCAF11,9169.0,MutNovel,"A1384V,0.512"
X-2753,SCN8A,6334.0,MutNovel,"S1898F,1.000"
X-2753,SDR39U1,56948.0,MutKnownFunctional,"-181,0.400"
X-2753,SEC16A,9919.0,MutNovel,"S1791F,0.584"
X-2753,SEC24A,10802.0,MutNovel,"V936F,0.538"
X-2753,SEC31B,25956.0,MutNovel,"P799L,1.000"
X-2753,SEMA4A,64218.0,MutNovel,"N573Y,0.288"
X-2753,SEMA6D,80031.0,MutNovel,"P1060L,0.727"
X-2753,SERINC2,347735.0,MutNovel,"-373Q,0.559"
X-2753,SETD1A,9739.0,MutNovel,"A1326V,0.667"
X-2753,SETD2,29072.0,MutNovel,"S1769F,0.271"
X-2753,SETMAR,6419.0,MutNovel,"R638H,0.701"
X-2753,SFMBT1,51460.0,MutNovel,"S712F,0.533"
X-2753,SH2B1,25970.0,MutNovel,"P220S,0.300"
X-2753,SH2D3C,10044.0,MutNovel,"D214N,1.000"
X-2753,SH3PXD2B,285590.0,MutNovel,"P524S,0.400"
X-2753,SH3TC2,79628.0,MutNovel,"R835K,0.593"
X-2753,SHPK,23729.0,MutNovel,"T313I,0.444"
X-2753,SIN3A,25942.0,MutKnownFunctional,"Q55*,0.486"
X-2753,SIN3B,23309.0,MutNovel,"R810W,0.651"
X-2753,SIPA1L1,26037.0,MutNovel,"P1627S,0.441"
X-2753,SIRPB1,10326.0,MutNovel,"DV130E,1.000"
X-2753,SIRPB1,10326.0,MutNovel,"D130T,1.000"
X-2753,SIRPG,55423.0,MutNovel,"N98K,1.000"
X-2753,SIRPG,55423.0,MutNovel,"N98D,1.000"
X-2753,SKIV2L,6499.0,MutNovel,"A1224V,0.347"
X-2753,SLC16A12,387700.0,Del0.8,0.2
X-2753,SLC19A1,6573.0,MutNovel,"P464L,0.507"
X-2753,SLC25A29,123096.0,MutNovel,"G8E,0.286"
X-2753,SLC3A2,6520.0,MutNovel,"P59S,0.667"
X-2753,SLC44A2,57153.0,MutNovel,"V645M,0.464"
X-2753,SLC4A4,8671.0,MutNovel,"V577I,0.455"
X-2753,SLFN11,91607.0,MutNovel,"D808N,0.533"
X-2753,SLFN11,91607.0,MutNovel,"P376L,0.571"
X-2753,SLMAP,7871.0,MutNovel,"R661K,0.486"
X-2753,SLTM,79811.0,MutNovel,"S506L,0.341"
X-2753,SMC4,10051.0,MutNovel,"R705C,0.532"
X-2753,SMEK1,55671.0,MutNovel,"Y193H,0.645"
X-2753,SMG7,9887.0,MutNovel,"P1115L,0.344"
X-2753,SMO,6608.0,MutNovel,"D786N,0.569"
X-2753,SMPD1,6609.0,MutNovel,"P193L,0.800"
X-2753,SMYD3,64754.0,MutNovel,"M335I,0.690"
X-2753,SNAP47,116841.0,MutNovel,"R39H,0.596"
X-2753,SNX9,51429.0,MutNovel,"S198C,0.474"
X-2753,SPARCL1,8404.0,MutNovel,"R373K,0.793"
X-2753,SPATA13,221178.0,MutNovel,"N1146S,1.000"
X-2753,SPCS1,28972.0,MutNovel,"G4S,0.750"
X-2753,SPEN,23013.0,MutNovel,"A2565V,0.703"
X-2753,SPHK2,56848.0,MutNovel,"D517N,1.000"
X-2753,SPOCD1,90853.0,MutNovel,"R664C,1.000"
X-2753,SPRY2,10253.0,MutNovel,"R104L,1.000"
X-2753,SREBF1,6720.0,MutNovel,"P1021L,0.469"
X-2753,SRM,6723.0,MutNovel,"E292K,0.472"
X-2753,SRPK1,6732.0,MutNovel,"P482S,0.297"
X-2753,SRPK1,6732.0,MutNovel,"L479F,0.275"
X-2753,SRSF8,10929.0,MutNovel,"P254S,1.000"
X-2753,SRY,6736.0,Del0.8,0.24
X-2753,SS18L1,26039.0,MutNovel,"H29Y,0.455"
X-2753,STAMBPL1,57559.0,Del0.8,0.18
X-2753,STIL,6491.0,MutNovel,"S711L,0.400"
X-2753,STK40,83931.0,MutNovel,"D314N,0.441"
X-2753,STRN,6801.0,MutNovel,"S229F,0.533"
X-2753,STRN,6801.0,MutNovel,"P26F,1.000"
X-2753,STXBP1,6812.0,MutNovel,"A527T,0.549"
X-2753,SULT1A1,6817.0,MutNovel,"E246K,0.346"
X-2753,SULT4A1,25830.0,MutNovel,"L278F,0.385"
X-2753,SYNGAP1,8831.0,MutNovel,"P745L,0.417"
X-2753,SYTL2,54843.0,MutNovel,"H67Y,1.000"
X-2753,TAB2,23118.0,MutNovel,"G210V,0.630"
X-2753,TAB2,23118.0,MutNovel,"T674I,0.452"
X-2753,TAB3,257397.0,MutNovel,"P569S,1.000"
X-2753,TAF2,6873.0,MutNovel,"P844S,0.774"
X-2753,TAF4,6874.0,MutKnownFunctional,"Q557*,0.800"
X-2753,TAF6,6878.0,MutNovel,"P330S,0.498"
X-2753,TARBP1,6894.0,MutNovel,"S787F,0.625"
X-2753,TBC1D15,64786.0,MutNovel,"S682F,0.433"
X-2753,TBCD,6904.0,MutNovel,"H124Y,0.495"
X-2753,TBL1Y,90665.0,Del0.8,0.13
X-2753,TBRG4,9238.0,MutNovel,"F545L,0.497"
X-2753,TBX2,6909.0,MutNovel,"G317S,0.264"
X-2753,TBX3,6926.0,MutNovel,"P274L,0.433"
X-2753,TCF3,6929.0,MutNovel,"A592V,0.537"
X-2753,TCTN2,79867.0,MutNovel,"V182A,0.385"
X-2753,TDRD9,122402.0,MutNovel,"L1047F,0.453"
X-2753,TECPR2,9895.0,MutNovel,"P1401L,0.500"
X-2753,TFAP4,7023.0,MutNovel,"S123L,0.493"
X-2753,TFAP4,7023.0,MutNovel,"S70F,0.591"
X-2753,TFEB,7942.0,MutKnownFunctional,"Q317*,0.450"
X-2753,TGFBR2,7048.0,MutNovel,"P132S,0.533"
X-2753,TGIF2LY,90655.0,Del0.8,0.24
X-2753,THBS1,7057.0,MutNovel,"G381D,0.645"
X-2753,THBS3,7059.0,MutNovel,"P821S,0.533"
X-2753,TIAM2,26230.0,MutNovel,"R1655C,0.889"
X-2753,TLE2,7089.0,MutNovel,"P259S,0.481"
X-2753,TLE6,79816.0,MutNovel,"D172N,0.500"
X-2753,TMC8,147138.0,MutNovel,"S197F,0.500"
X-2753,TMEM108,66000.0,MutNovel,"S127F,1.000"
X-2753,TMEM164,84187.0,MutNovel,"P202S,1.000"
X-2753,TMEM179,388021.0,MutNovel,"H147Y,0.375"
X-2753,TMEM185B,79134.0,MutNovel,"P341S,0.636"
X-2753,TMSB4Y,9087.0,Del0.8,0.13
X-2753,TNIP1,10318.0,MutNovel,"M483L,0.502"
X-2753,TNKS1BP1,85456.0,MutNovel,"G86K,0.214"
X-2753,TNS1,7145.0,MutNovel,"L719P,0.611"
X-2753,TP53BP1,7158.0,MutNovel,"P908L,0.714"
X-2753,TP73,7161.0,MutNovel,"T250I,0.500"
X-2753,TRAF1,7185.0,MutNovel,"A361V,0.583"
X-2753,TRAK1,22906.0,MutNovel,"S677F,0.500"
X-2753,TRANK1,9881.0,MutNovel,"G1119R,0.667"
X-2753,TRIM2,23321.0,MutKnownFunctional,"R642*,0.312"
X-2753,TRIM41,90933.0,MutNovel,"E384K,0.531"
X-2753,TRIM66,9866.0,MutKnownFunctional,"Q311*,0.444"
X-2753,TRIO,7204.0,MutNovel,"L2047F,0.393"
X-2753,TRIOBP,11078.0,MutNovel,"S1898L,0.489"
X-2753,TRIP4,9325.0,MutNovel,"P544S,0.410"
X-2753,TRIP6,7205.0,MutNovel,"P50L,0.325"
X-2753,TRMT61A,115708.0,MutNovel,"P127S,0.500"
X-2753,TRPM7,54822.0,MutNovel,"S1788Y,0.471"
X-2753,TRPV4,59341.0,MutNovel,"P358L,0.500"
X-2753,TSNARE1,203062.0,MutNovel,"P74S,0.647"
X-2753,TSPY1,7258.0,Del0.8,0.13
X-2753,TSPY2,64591.0,Del0.8,0.13
X-2753,TSPY3,728137.0,Del0.8,0.13
X-2753,TSPY4,728395.0,Del0.8,0.13
X-2753,TSPY8,728403.0,Del0.8,0.13
X-2753,TSPYL1,7259.0,MutNovel,"V176VW,0.593"
X-2753,TTC28,23331.0,MutNovel,"A2199V,0.688"
X-2753,TTC39A,22996.0,MutNovel,"I431T,0.746"
X-2753,TTC39A,22996.0,MutNovel,"S420L,0.667"
X-2753,TTTY10,246119.0,Del0.8,0.13
X-2753,TTTY11,83866.0,Del0.8,0.13
X-2753,TTTY12,83867.0,Del0.8,0.13
X-2753,TTTY13,83868.0,Del0.8,0.13
X-2753,TTTY14,83869.0,Del0.8,0.13
X-2753,TTTY15,64595.0,Del0.8,0.13
X-2753,TTTY16,252948.0,Del0.8,0.13
X-2753,TTTY17A,252949.0,Del0.8,0.19
X-2753,TTTY17A,252949.0,Del0.8,0.08
X-2753,TTTY18,252950.0,Del0.8,0.13
X-2753,TTTY19,252952.0,Del0.8,0.13
X-2753,TTTY1B,100101116.0,Del0.8,0.13
X-2753,TTTY1B,100101116.0,Del0.8,0.13
X-2753,TTTY2,60439.0,Del0.8,0.13
X-2753,TTTY2,60439.0,Del0.8,0.13
X-2753,TTTY20,252951.0,Del0.8,0.13
X-2753,TTTY21,252953.0,Del0.8,0.13
X-2753,TTTY21,252953.0,Del0.8,0.13
X-2753,TTTY22,252954.0,Del0.8,0.13
X-2753,TTTY23,252955.0,Del0.8,0.13
X-2753,TTTY23,252955.0,Del0.8,0.13
X-2753,TTTY3,114760.0,Del0.8,0.13
X-2753,TTTY3,114760.0,Del0.8,0.08
X-2753,TTTY4,114761.0,Del0.8,0.05
X-2753,TTTY4,114761.0,Del0.8,0.08
X-2753,TTTY5,83863.0,Del0.8,0.13
X-2753,TTTY6,84672.0,Del0.8,0.13
X-2753,TTTY6,84672.0,Del0.8,0.13
X-2753,TTTY7,246122.0,Del0.8,0.13
X-2753,TTTY7,246122.0,Del0.8,0.13
X-2753,TTTY7B,100101120.0,Del0.8,0.13
X-2753,TTTY7B,100101120.0,Del0.8,0.13
X-2753,TTTY8,84673.0,Del0.8,0.13
X-2753,TTTY8,84673.0,Del0.8,0.13
X-2753,TTTY9A,83864.0,Del0.8,0.13
X-2753,TTTY9A,83864.0,Del0.8,0.13
X-2753,TUBGCP6,85378.0,MutNovel,"R701Q,0.397"
X-2753,TULP4,56995.0,MutNovel,"P456S,0.571"
X-2753,TUSC3,7991.0,MutNovel,"R334C,0.491"
X-2753,TWF1,5756.0,MutNovel,"R242C,0.390"
X-2753,TWSG1,57045.0,MutKnownFunctional,"Q146*,0.500"
X-2753,TXLNG2P,246126.0,Del0.8,0.13
X-2753,TXNDC16,57544.0,MutNovel,"S422F,0.308"
X-2753,TYRP1,7306.0,MutNovel,"W286G,0.233"
X-2753,UBAP2L,9898.0,MutNovel,"P292K,0.266"
X-2753,UBC,7316.0,MutNovel,"Q49K,0.528"
X-2753,UBL7,84993.0,MutNovel,"S41L,0.479"
X-2753,UBP1,7342.0,MutNovel,"P334L,0.257"
X-2753,UBQLN1,29979.0,MutNovel,"T518F,0.506"
X-2753,UBR7,55148.0,MutNovel,"R98C,0.564"
X-2753,UBXN4,23190.0,MutNovel,"S361L,0.317"
X-2753,UGDH,7358.0,MutNovel,"P480S,1.000"
X-2753,ULK2,9706.0,MutNovel,"T985I,0.617"
X-2753,UNC80,285175.0,MutNovel,"E2179K,1.000"
X-2753,UQCRFS1,7386.0,MutNovel,"L256F,0.421"
X-2753,USP36,57602.0,MutNovel,"KKK958K,0.566"
X-2753,USP40,55230.0,MutNovel,"P1021L,0.368"
X-2753,USP42,84132.0,MutNovel,"G1142R,0.625"
X-2753,USP53,54532.0,MutNovel,"E689K,0.667"
X-2753,USP9Y,8287.0,Del0.8,0.13
X-2753,USPL1,10208.0,MutNovel,"E148K,0.385"
X-2753,UTY,7404.0,Del0.8,0.13
X-2753,VCAN,1462.0,MutNovel,"P1406S,0.750"
X-2753,VCY,9084.0,Del0.8,0.13
X-2753,VCY,9084.0,Del0.8,0.13
X-2753,VMAC,400673.0,MutNovel,"P139L,0.875"
X-2753,VPS8,23355.0,MutNovel,"R429W,0.714"
X-2753,WDR24,84219.0,MutNovel,"R424Q,0.386"
X-2753,WDR76,79968.0,MutNovel,"S504L,0.468"
X-2753,WIPF1,7456.0,MutNovel,"P223L,0.375"
X-2753,WNT3,7473.0,MutNovel,"D297N,0.500"
X-2753,WWOX,51741.0,Del0.8,0.71
X-2753,XKRY2,353515.0,Del0.8,0.13
X-2753,XKRY2,353515.0,Del0.8,0.13
X-2753,YEATS2,55689.0,MutNovel,"N136S,0.613"
X-2753,YLPM1,56252.0,MutNovel,"P694S,0.385"
X-2753,YLPM1,56252.0,MutNovel,"P1927S,0.481"
X-2753,YY1,7528.0,MutNovel,"P261S,0.483"
X-2753,ZBTB33,10009.0,MutNovel,"R44W,1.000"
X-2753,ZBTB9,221504.0,MutNovel,"G357S,0.700"
X-2753,ZC3H7B,23264.0,MutNovel,"T788I,0.497"
X-2753,ZCCHC11,23318.0,MutNovel,"P454S,0.714"
X-2753,ZCCHC17,51538.0,MutNovel,"P182S,0.490"
X-2753,ZFP14,57677.0,MutNovel,"V384A,0.500"
X-2753,ZFP64,55734.0,MutNovel,"I168T,0.613"
X-2753,ZFX,7543.0,MutNovel,"D218N,1.000"
X-2753,ZFY,7544.0,Del0.8,0.24
X-2753,ZFYVE19,84936.0,MutNovel,"P8F,0.833"
X-2753,ZMYM3,9203.0,MutNovel,"P1177L,1.000"
X-2753,ZNF16,7564.0,MutKnownFunctional,"Q338*,0.441"
X-2753,ZNF160,90338.0,MutNovel,"F131C,1.000"
X-2753,ZNF180,7733.0,MutNovel,"H295Y,1.000"
X-2753,ZNF197,10168.0,MutNovel,"S1022F,0.571"
X-2753,ZNF207,7756.0,MutNovel,"P236S,0.490"
X-2753,ZNF217,7764.0,MutNovel,"P962S,0.455"
X-2753,ZNF217,7764.0,MutNovel,"E406K,1.000"
X-2753,ZNF219,51222.0,MutKnownFunctional,"P409*,0.500"
X-2753,ZNF233,353355.0,MutNovel,"D458N,1.000"
X-2753,ZNF254,9534.0,MutNovel,"H624Y,0.667"
X-2753,ZNF266,10781.0,MutNovel,"P18L,0.551"
X-2753,ZNF335,63925.0,MutNovel,"L168P,0.481"
X-2753,ZNF33A,7581.0,MutNovel,"L776F,1.000"
X-2753,ZNF383,163087.0,MutNovel,"S77L,0.500"
X-2753,ZNF420,147923.0,MutNovel,"H329Y,0.500"
X-2753,ZNF434,54925.0,MutNovel,"L126F,0.471"
X-2753,ZNF490,57474.0,MutNovel,"L428F,0.833"
X-2753,ZNF536,9745.0,MutNovel,"D606N,0.667"
X-2753,ZNF540,163255.0,MutNovel,"H657Q,1.000"
X-2753,ZNF589,51385.0,MutNovel,"H294Y,0.382"
X-2753,ZNF711,7552.0,MutNovel,"E242K,1.000"
X-2753,ZNF711,7552.0,MutNovel,"E574K,1.000"
X-2753,ZNF711,7552.0,MutNovel,"H647Y,1.000"
X-2753,ZNF713,349075.0,MutKnownFunctional,"GK391G*,0.286"
X-2753,ZNF74,7625.0,MutKnownFunctional,"Q504*,0.485"
X-2753,ZNF785,146540.0,MutNovel,"P390L,0.286"
X-2753,ZNF787,126208.0,MutKnownFunctional,"Q85*,1.000"
X-2753,ZNF844,284391.0,MutNovel,"T368I,0.375"
X-2753,ZNF865,100507290.0,MutNovel,"S105L,0.833"
X-2753,ZRANB1,54764.0,MutKnownFunctional,"-709?,0.861"
X-2753,ZRANB3,84083.0,MutNovel,"R855C,1.000"
X-2753,ZXDC,79364.0,MutNovel,"L553F,0.395"
X-2753,ZZZ3,26009.0,MutNovel,"L654W,0.638"
X-2838,A2M,2.0,MutNovel,"S150F,0.430"
X-2838,AATK,9625.0,MutNovel,"P1331PRP,0.308"
X-2838,ABL1,25.0,MutNovel,"L1137F,0.551"
X-2838,ABRA,137735.0,Amp5,5.5
X-2838,ACOT2,10965.0,MutNovel,"Q184R,1.000"
X-2838,ACOT2,10965.0,MutNovel,"T185V,1.000"
X-2838,ACTR8,93973.0,MutNovel,"L462F,0.789"
X-2838,ADAT3,113179.0,MutNovel,"R345G,0.531"
X-2838,ADCK5,203054.0,Amp5,5.9
X-2838,ADHFE1,137872.0,Amp5,5.5
X-2838,ADPGK,83440.0,MutNovel,"M301I,0.201"
X-2838,AGAP4,119016.0,MutNovel,"P464S,0.269"
X-2838,AGGF1,55109.0,MutNovel,"F693Y,1.000"
X-2838,AGPAT5,55326.0,MutNovel,"A145V,0.542"
X-2838,AGRN,375790.0,MutNovel,"D58E,0.493"
X-2838,AHNAK,79026.0,MutNovel,"G4039S,0.661"
X-2838,AHNAK2,113146.0,MutNovel,"H1223Q,1.000"
X-2838,AHSA2,130872.0,MutKnownFunctional,"-106,0.472"
X-2838,AKAP11,11215.0,MutNovel,"D855Y,0.559"
X-2838,AKAP9,10142.0,MutNovel,"Q1397E,0.571"
X-2838,AKR7A3,22977.0,MutNovel,"E51D,0.600"
X-2838,ALG13,79868.0,MutKnownFunctional,"-191?,0.310"
X-2838,ALS2CR12,130540.0,Del0.8,0.8
X-2838,AMELY,266.0,Del0.8,0.13
X-2838,ANGPT1,284.0,Amp5,5.5
X-2838,ANKRD36C,,MutNovel,"I1914M,0.600"
X-2838,ANKRD36C,,MutNovel,"V1909A,1.000"
X-2838,ANKRD36C,,MutNovel,"N1734S,0.455"
X-2838,ANKRD46,157567.0,Amp5,5.5
X-2838,ANKRD7,56311.0,MutNovel,"E148K,0.326"
X-2838,ANTXR1,84168.0,MutNovel,"R397C,0.418"
X-2838,ANXA13,312.0,Amp5,5.5
X-2838,APH1A,51107.0,MutNovel,"ED249D,0.459"
X-2838,ARAP2,116984.0,MutNovel,"E595D,0.500"
X-2838,ARC,23237.0,Amp5,5.9
X-2838,ARFGEF1,10565.0,Amp5,5.5
X-2838,ARHGAP39,80728.0,Amp5,5.9
X-2838,ARHGEF7,8874.0,MutNovel,"P644S,0.360"
X-2838,ARID4B,51742.0,MutNovel,"S790F,0.350"
X-2838,ARMC1,55156.0,Amp5,5.5
X-2838,ARMC5,79798.0,MutNovel,"D329N,0.627"
X-2838,ARNT,405.0,MutNovel,"S674F,0.331"
X-2838,ASAP1,50807.0,Amp5,5.5
X-2838,ASAP1-IT1,29065.0,Amp5,5.5
X-2838,ASPH,444.0,Amp5,5.39
X-2838,ATAD2,29028.0,Amp5,5.5
X-2838,ATG7,10533.0,MutNovel,"N307T,0.635"
X-2838,ATM,472.0,MutNovel,"F858L,0.425"
X-2838,ATM,472.0,MutNovel,"P1054R,0.240"
X-2838,ATP2A1,487.0,MutNovel,"S423F,0.688"
X-2838,ATP6V0D2,245972.0,Amp5,5.62
X-2838,ATP6V1C1,528.0,Amp5,5.5
X-2838,ATP6V1H,51606.0,Amp5,5.54
X-2838,ATP8A1,10396.0,MutNovel,"M1034I,0.438"
X-2838,ATP8B2,57198.0,MutNovel,"S720F,0.662"
X-2838,ATXN8OS,6315.0,Del0.8,0.79
X-2838,AXIN1,8312.0,MutNovel,"V858L,0.711"
X-2838,AZIN1,51582.0,Amp5,5.5
X-2838,B9D2,80776.0,MutNovel,"H77Y,0.597"
X-2838,BAALC,79870.0,Amp5,5.5
X-2838,BAHCC1,57597.0,MutNovel,"S1497N,0.349"
X-2838,BAI1,575.0,Amp5,5.9
X-2838,BAI3,577.0,MutNovel,"S1390F,0.667"
X-2838,BCORP1,286554.0,Del0.8,0.13
X-2838,BHLHE22,27319.0,Amp5,5.5
X-2838,BMP2K,55589.0,MutNovel,"Q486H,0.292"
X-2838,BOP1,23246.0,Amp5,5.9
X-2838,BORA,79866.0,Del0.8,0.78
X-2838,BPY2B,442867.0,Del0.8,0.08
X-2838,BPY2B,442867.0,Del0.8,0.05
X-2838,BRCA1,672.0,MutNovel,"H553N,0.359"
X-2838,BREA2,286076.0,Amp5,5.9
X-2838,BTF3P11,690.0,Del0.8,0.78
X-2838,BTN2A2,10385.0,MutNovel,"E315K,0.454"
X-2838,BZRAP1,9256.0,MutNovel,"E846K,0.577"
X-2838,C10orf11,83938.0,MutNovel,"S187L,0.229"
X-2838,C10orf90,118611.0,MutNovel,"R679G,0.371"
X-2838,C10orf95,79946.0,MutNovel,"A196S,0.800"
X-2838,C14orf182,283551.0,MutNovel,"A34V,0.625"
X-2838,C19orf57,79173.0,MutNovel,"S367L,0.444"
X-2838,C21orf91,54149.0,MutNovel,"P206L,0.980"
X-2838,C21orf91,54149.0,MutNovel,"S186N,0.960"
X-2838,C2orf44,80304.0,MutNovel,"A515D,0.515"
X-2838,C6orf223,221416.0,MutNovel,"A147T,0.296"
X-2838,C8orf22,492307.0,Amp5,5.7
X-2838,C8orf31,286122.0,Amp5,5.9
X-2838,C8orf33,65265.0,Amp5,5.9
X-2838,C8orf34,116328.0,Amp5,5.5
X-2838,C8orf37,157657.0,Amp5,5.5
X-2838,C8orf44,56260.0,Amp5,5.5
X-2838,C8orf44-SGK3,100533105.0,Amp5,5.5
X-2838,C8orf46,254778.0,Amp5,5.5
X-2838,C8orf47,203111.0,Amp5,5.5
X-2838,C8orf48,157773.0,MutNovel,"T22I,0.300"
X-2838,C8orf48,157773.0,MutNovel,"R135C,0.375"
X-2838,C8orf56,157556.0,Amp5,5.5
X-2838,C8orf59,401466.0,Amp5,5.62
X-2838,C8orf73,642475.0,Amp5,6.15
X-2838,C8orf76,84933.0,Amp5,5.5
X-2838,C8orf82,414919.0,Amp5,5.9
X-2838,C9orf174,100499483.0,MutNovel,"S1315P,0.667"
X-2838,C9orf69,90120.0,MutNovel,"G127E,0.726"
X-2838,CA1,759.0,Amp5,5.62
X-2838,CA13,377677.0,Amp5,5.62
X-2838,CA2,760.0,Amp5,5.62
X-2838,CA3,761.0,Amp5,5.62
X-2838,CA8,767.0,Amp5,5.39
X-2838,CALB1,793.0,Amp5,5.62
X-2838,CAND1,55832.0,MutNovel,"T624I,0.626"
X-2838,CASP10,843.0,Del0.8,0.8
X-2838,CASP8,841.0,Del0.8,0.8
X-2838,CBL,867.0,MutNovel,"P433S,0.750"
X-2838,CCDC166,100130274.0,Amp5,5.9
X-2838,CCDC85C,317762.0,MutNovel,"Q17R,0.972"
X-2838,CCDC93,54520.0,MutNovel,"A264P,0.477"
X-2838,CCL18,6362.0,MutNovel,"K75R,0.588"
X-2838,CCNE2,9134.0,Amp5,5.5
X-2838,CCP110,9738.0,MutNovel,"T333S,0.717"
X-2838,CDC42EP1,11135.0,MutNovel,"PAPAANPS253P,0.750"
X-2838,CDH17,1015.0,Amp5,5.58
X-2838,CDH3,1001.0,MutNovel,"V316L,1.000"
X-2838,CDKN2A,1029.0,MutKnownFunctional,"-36,0.827"
X-2838,CDY1B,253175.0,Del0.8,0.13
X-2838,CDY1B,253175.0,Del0.8,0.08
X-2838,CDY2A,9426.0,Del0.8,0.13
X-2838,CDY2A,9426.0,Del0.8,0.13
X-2838,CDY2B,203611.0,Del0.8,0.13
X-2838,CDY2B,203611.0,Del0.8,0.13
X-2838,CEBPD,1052.0,Amp5,5.7
X-2838,CELSR2,1952.0,MutNovel,"S2335L,0.455"
X-2838,CENPF,1063.0,MutNovel,"E648K,0.256"
X-2838,CEP112,201134.0,MutNovel,"E629K,0.719"
X-2838,CHAMP1,283489.0,MutNovel,"SP173S,0.431"
X-2838,CHCHD7,79145.0,Amp5,5.54
X-2838,CHD7,55636.0,Amp5,5.39
X-2838,CHD8,57680.0,MutKnownFunctional,"Q251*,0.491"
X-2838,CHMP4C,92421.0,Amp5,5.54
X-2838,CHMP7,91782.0,MutNovel,"P442L,0.512"
X-2838,CHRAC1,54108.0,Amp5,5.7
X-2838,CHST12,55501.0,MutNovel,"R250H,0.642"
X-2838,CLN5,1203.0,Del0.8,0.78
X-2838,CLPTM1,1209.0,MutNovel,"S236F,0.474"
X-2838,CLVS1,157807.0,Amp5,5.39
X-2838,CNBD1,168975.0,Amp5,5.62
X-2838,CNGB3,54714.0,Amp5,5.62
X-2838,CNTNAP3,79937.0,MutNovel,"I542M,0.833"
X-2838,CNTNAP3B,728577.0,MutNovel,"G1206W,0.357"
X-2838,COL11A2,1302.0,MutNovel,"A1533G,0.350"
X-2838,COL14A1,7373.0,Amp5,5.58
X-2838,COL22A1,169044.0,Amp5,5.7
X-2838,COL4A2,1284.0,MutNovel,"P877S,1.000"
X-2838,COL5A3,50509.0,MutNovel,"P1176L,0.444"
X-2838,COL9A3,1299.0,MutNovel,"G517R,0.235"
X-2838,COLEC10,10584.0,Amp5,5.58
X-2838,COMMD5,28991.0,Amp5,5.9
X-2838,COMMD6,170622.0,Del0.8,0.78
X-2838,COPS5,10987.0,Amp5,5.5
X-2838,COQ7,10229.0,MutNovel,"A68V,0.354"
X-2838,COX6C,1345.0,Amp5,5.5
X-2838,CPA6,57094.0,Amp5,5.5
X-2838,CPNE3,8895.0,Amp5,5.62
X-2838,CPSF1,29894.0,Amp5,5.9
X-2838,CRH,1392.0,Amp5,5.5
X-2838,CRIP2,1397.0,MutNovel,"P80L,1.000"
X-2838,CRISPLD1,83690.0,Amp5,5.54
X-2838,CRTC2,200186.0,MutNovel,"A636V,0.669"
X-2838,CSMD1,64478.0,MutNovel,"L1912F,0.429"
X-2838,CSMD3,114788.0,Amp5,5.66
X-2838,CSPG4P1Y,114758.0,Del0.8,0.13
X-2838,CSPG4P1Y,114758.0,Del0.8,0.24
X-2838,CSPP1,79848.0,Amp5,5.5
X-2838,CTAGE11P,647288.0,Del0.8,0.78
X-2838,CTHRC1,115908.0,Amp5,5.5
X-2838,CTSA,5476.0,MutNovel,"L29-,0.369"
X-2838,CUX1,1523.0,MutNovel,"A811V,0.469"
X-2838,CUX1,1523.0,MutNovel,"P488L,0.450"
X-2838,CYC1,1537.0,Amp5,5.9
X-2838,CYHR1,50626.0,Amp5,5.9
X-2838,CYP11B1,1584.0,Amp5,5.9
X-2838,CYP11B2,1585.0,Amp5,5.9
X-2838,CYP17A1,1586.0,MutNovel,"G436R,0.667"
X-2838,CYP7A1,1581.0,Amp5,5.39
X-2838,CYP7B1,9420.0,Amp5,5.5
X-2838,CYTH3,9265.0,MutNovel,"N144S,0.678"
X-2838,DACH1,1602.0,Del0.8,0.77
X-2838,DACH2,117154.0,Del0.8,0.62
X-2838,DAK,26007.0,MutNovel,"N267S,0.306"
X-2838,DAZ1,1617.0,Del0.8,0.13
X-2838,DAZ2,57055.0,Del0.8,0.09
X-2838,DAZ3,57054.0,Del0.8,0.08
X-2838,DAZ3,57054.0,Del0.8,0.05
X-2838,DAZ4,57135.0,Del0.8,0.09
X-2838,DAZ4,57135.0,Del0.8,0.07
X-2838,DBF4,10926.0,MutNovel,"P231L,0.516"
X-2838,DCAF13,25879.0,Amp5,5.5
X-2838,DCAF4L2,138009.0,Amp5,5.62
X-2838,DCAF8,50717.0,MutNovel,"R151C,0.703"
X-2838,DCLRE1A,9937.0,MutNovel,"K536R,0.444"
X-2838,DCP1A,55802.0,MutNovel,"P316S,1.000"
X-2838,DCSTAMP,81501.0,Amp5,5.5
X-2838,DDX3X,1654.0,MutNovel,"P386S,1.000"
X-2838,DDX3Y,8653.0,Del0.8,0.13
X-2838,DDX51,317781.0,MutNovel,"R337G,0.598"
X-2838,DECR1,1666.0,Amp5,5.62
X-2838,DENND1A,57706.0,MutNovel,"P559S,0.686"
X-2838,DENND3,22898.0,Amp5,5.9
X-2838,DEPTOR,64798.0,Amp5,5.58
X-2838,DERL1,79139.0,Amp5,5.5
X-2838,DGAT1,8694.0,Amp5,5.9
X-2838,DIABLO,56616.0,MutNovel,"M158I,0.321"
X-2838,DIAPH3,81624.0,Del0.8,0.79
X-2838,DIDO1,11083.0,MutNovel,"S92F,0.465"
X-2838,DIS3,22894.0,Del0.8,0.78
X-2838,DLGAP3,58512.0,MutNovel,"P349Q,0.800"
X-2838,DMPK,1760.0,MutNovel,"T544M,0.530"
X-2838,DNAH6,1768.0,MutNovel,"R1892Q,0.273"
X-2838,DNAJB2,3300.0,MutNovel,"P294L,0.737"
X-2838,DNAJC5B,85479.0,Amp5,5.5
X-2838,DND1,373863.0,MutNovel,"R287C,1.000"
X-2838,DNHD1,144132.0,MutKnownFunctional,"Q806*,0.464"
X-2838,DNHD1,144132.0,MutNovel,"E4451K,0.524"
X-2838,DOT1L,84444.0,MutNovel,"H754Y,0.451"
X-2838,DPP10,57628.0,MutNovel,"E64K,1.000"
X-2838,DPY19L3,147991.0,MutNovel,"S448F,0.422"
X-2838,DPY19L4,286148.0,Amp5,5.5
X-2838,DPYS,1807.0,Amp5,5.5
X-2838,DPYSL2,1808.0,MutNovel,"R343C,0.407"
X-2838,DSCC1,79075.0,Amp5,5.58
X-2838,DST,667.0,MutNovel,"R4949C,0.333"
X-2838,DST,667.0,MutNovel,"E3436K,0.900"
X-2838,DUSP28,285193.0,MutNovel,"F146L,0.500"
X-2838,E2F5,1875.0,Amp5,5.62
X-2838,EBAG9,9166.0,Amp5,5.5
X-2838,ECE1,1889.0,MutNovel,"D730N,0.489"
X-2838,EEF1D,1936.0,Amp5,6.15
X-2838,EEPD1,80820.0,MutNovel,"A88T,0.350"
X-2838,EFCAB1,79645.0,Amp5,5.7
X-2838,EFEMP2,30008.0,MutNovel,"M348T,0.468"
X-2838,EFNB3,1949.0,MutNovel,"P171L,1.000"
X-2838,EFR3A,23167.0,Amp5,5.7
X-2838,EIF1AY,9086.0,Del0.8,0.13
X-2838,EIF2C2,27161.0,Amp5,5.7
X-2838,EIF3C,8663.0,MutNovel,"H432Y,0.833"
X-2838,EIF3E,3646.0,Amp5,5.5
X-2838,EIF3H,8667.0,Amp5,5.58
X-2838,ELK4,2005.0,MutNovel,"P88S,0.736"
X-2838,EML1,2009.0,MutNovel,"R64W,1.000"
X-2838,ENPP2,5168.0,Amp5,5.58
X-2838,ENY2,56943.0,Amp5,5.5
X-2838,EPHB4,2050.0,MutNovel,"A463T,0.544"
X-2838,EPPK1,83481.0,Amp5,5.9
X-2838,ERCC6,2074.0,MutNovel,"L754H,0.444"
X-2838,ESRP1,54845.0,Amp5,5.5
X-2838,EVPL,2125.0,MutNovel,"E1578K,0.314"
X-2838,EXOC3,11336.0,MutNovel,"T575I,0.996"
X-2838,EXOSC4,54512.0,Amp5,5.9
X-2838,EXT1,2131.0,Amp5,5.58
X-2838,EYA1,2138.0,Amp5,5.5
X-2838,FABP12,646486.0,Amp5,5.54
X-2838,FABP4,2167.0,Amp5,5.54
X-2838,FABP5,2171.0,Amp5,5.54
X-2838,FABP9,646480.0,Amp5,5.54
X-2838,FAM106A,80039.0,Del0.8,0.57
X-2838,FAM110B,90362.0,Amp5,5.62
X-2838,FAM115A,9747.0,MutNovel,"S236F,0.486"
X-2838,FAM135A,57579.0,MutKnownFunctional,"-506?,0.357"
X-2838,FAM135B,51059.0,Amp5,5.7
X-2838,FAM150A,389658.0,Amp5,5.54
X-2838,FAM171B,165215.0,MutNovel,"-50Q,0.417"
X-2838,FAM192A,80011.0,MutNovel,"V122A,0.523"
X-2838,FAM193A,8603.0,MutNovel,"S1014F,0.308"
X-2838,FAM197Y2P,252946.0,Del0.8,0.13
X-2838,FAM203A,51236.0,Amp5,5.9
X-2838,FAM21A,387680.0,MutNovel,"S471F,1.000"
X-2838,FAM21A,387680.0,Del0.8,0.74
X-2838,FAM41AY1,340618.0,Del0.8,0.13
X-2838,FAM41AY1,340618.0,Del0.8,0.13
X-2838,FAM49B,51571.0,Amp5,5.5
X-2838,FAM82B,51115.0,Amp5,5.62
X-2838,FAM83A,84985.0,Amp5,5.5
X-2838,FAM83H,286077.0,MutNovel,"A693V,0.698"
X-2838,FAM83H,286077.0,Amp5,5.9
X-2838,FAM84B,157638.0,Amp5,5.5
X-2838,FAM91A1,157769.0,Amp5,5.5
X-2838,FAM92A1,137392.0,Amp5,5.58
X-2838,FARP1,10160.0,MutNovel,"R177I,0.577"
X-2838,FAT1,2195.0,MutNovel,"S2029L,0.621"
X-2838,FAT4,79633.0,MutNovel,"G3131E,0.444"
X-2838,FAT4,79633.0,MutNovel,"A4504V,0.750"
X-2838,FBLIM1,54751.0,MutNovel,"D278N,0.586"
X-2838,FBXL3,26224.0,Del0.8,0.78
X-2838,FBXL6,26233.0,Amp5,5.9
X-2838,FBXO32,114907.0,Amp5,5.5
X-2838,FBXO43,286151.0,Amp5,5.5
X-2838,FER1L6,654463.0,Amp5,5.5
X-2838,FER1L6-AS1,439941.0,Amp5,5.5
X-2838,FGD1,2245.0,MutNovel,"P183S,0.997"
X-2838,FGGY,55277.0,MutNovel,"H50Y,1.000"
X-2838,FLJ22184,80164.0,MutNovel,"P713T,0.667"
X-2838,FLJ39080,441355.0,Amp5,5.54
X-2838,FLJ42969,441374.0,Amp5,5.5
X-2838,FLJ43860,389690.0,Amp5,5.9
X-2838,FLNB,2317.0,MutNovel,"G1626R,0.750"
X-2838,FLNB,2317.0,MutNovel,"I1993N,0.771"
X-2838,FOXF2,2295.0,MutNovel,"P32PA,0.250"
X-2838,FOXH1,8928.0,Amp5,5.9
X-2838,FRS2,10818.0,MutNovel,"P459L,0.306"
X-2838,FZD6,8323.0,Amp5,5.5
X-2838,FZR1,51343.0,MutNovel,"H410L,0.496"
X-2838,GABRA3,2556.0,Del0.8,0.4
X-2838,GALNT5,11227.0,MutNovel,"G911E,0.471"
X-2838,GCN1L1,10985.0,MutNovel,"S1501F,0.641"
X-2838,GDAP1,54332.0,Amp5,5.54
X-2838,GDAP2,54834.0,MutNovel,"L210F,0.511"
X-2838,GDF6,392255.0,Amp5,5.5
X-2838,GEM,2669.0,Amp5,5.58
X-2838,GEMIN8,54960.0,Del0.8,0.77
X-2838,GGH,8836.0,Amp5,5.5
X-2838,GHR,2690.0,MutNovel,"D215N,1.000"
X-2838,GLI4,2738.0,Amp5,6.15
X-2838,GLRA2,2742.0,Del0.8,0.77
X-2838,GML,2765.0,Amp5,5.9
X-2838,GOLGA2P2Y,84559.0,Del0.8,0.24
X-2838,GOLGA2P2Y,84559.0,Del0.8,0.13
X-2838,GOLGA4,2803.0,MutNovel,"K1024E,0.687"
X-2838,GOLGA8J,,MutNovel,"R257S,1.000"
X-2838,GOLGA8J,,MutNovel,"P296A,1.000"
X-2838,GON4L,54856.0,MutNovel,"P1135S,0.697"
X-2838,GPAA1,8733.0,Amp5,5.9
X-2838,GPIHBP1,338328.0,Amp5,5.9
X-2838,GPM6B,2824.0,Del0.8,0.77
X-2838,GPR20,2843.0,Amp5,5.9
X-2838,GPRIN3,285513.0,MutNovel,"H368R,0.578"
X-2838,GPT,2875.0,Amp5,5.9
X-2838,GRAP,10750.0,MutKnownFunctional,"S115*,1.000"
X-2838,GREB1,9687.0,MutNovel,"P918S,0.414"
X-2838,GRHL2,79977.0,Amp5,5.5
X-2838,GRIN2A,2903.0,MutNovel,"S1425L,0.595"
X-2838,GRIN2A,2903.0,MutNovel,"T426I,0.909"
X-2838,GRINA,2907.0,MutNovel,"P73S,0.336"
X-2838,GRINA,2907.0,Amp5,5.9
X-2838,GSDMC,56169.0,Amp5,5.5
X-2838,GSDMD,79792.0,Amp5,6.15
X-2838,GSTM1,2944.0,Del0.8,0.58
X-2838,GSTM3,2947.0,MutKnownFunctional,"Q141*,1.000"
X-2838,GSTT1,2952.0,Del0.8,0.62
X-2838,GTF2IRD1,9569.0,MutKnownFunctional,"R208*,0.205"
X-2838,GTF3C1,2975.0,MutKnownFunctional,"Q2039*,0.343"
X-2838,GTF3C1,2975.0,MutNovel,"W1265C,0.367"
X-2838,GUCY1A2,2977.0,MutNovel,"G258E,0.379"
X-2838,GYG2P1,352887.0,Del0.8,0.13
X-2838,H6PD,9563.0,MutKnownFunctional,"Q184*,0.397"
X-2838,HAS2,3037.0,Amp5,5.5
X-2838,HAS2-AS1,594842.0,Amp5,5.5
X-2838,HCFC1,3054.0,MutNovel,"A1395E,0.994"
X-2838,HCN2,610.0,MutNovel,"G524E,0.571"
X-2838,HDAC6,10013.0,MutNovel,"S1068F,0.995"
X-2838,HDHD1,8226.0,Del0.8,0.78
X-2838,HEATR1,55127.0,MutNovel,"P294L,0.683"
X-2838,HEATR7A,727957.0,Amp5,5.9
X-2838,HECTD3,79654.0,MutNovel,"P508S,0.559"
X-2838,HERC2,8924.0,MutNovel,"P821S,0.812"
X-2838,HEXB,3074.0,MutKnownFunctional,"R99*,1.000"
X-2838,HEY1,23462.0,Amp5,5.54
X-2838,HFM1,164045.0,MutNovel,"E818K,1.000"
X-2838,HHLA1,10086.0,Amp5,5.7
X-2838,HLA-DPB1,3115.0,MutNovel,"G113D,0.333"
X-2838,HLA-DRB1,3123.0,MutNovel,"T80R,1.000"
X-2838,HLA-H,3136.0,Del0.8,0.66
X-2838,HNF4G,3174.0,Amp5,5.54
X-2838,HNRNPU,3192.0,MutNovel,"R707K,0.394"
X-2838,HNRNPUL1,11100.0,MutNovel,"K731E,0.520"
X-2838,HPYR1,93668.0,Amp5,5.7
X-2838,HRASLS,57110.0,MutNovel,"R232C,0.444"
X-2838,HRSP12,10247.0,Amp5,5.5
X-2838,HSF1,3297.0,MutNovel,"S221F,0.337"
X-2838,HSF1,3297.0,Amp5,5.9
X-2838,HSFY2,159119.0,Del0.8,0.13
X-2838,HSFY2,159119.0,Del0.8,0.13
X-2838,HSPA12B,116835.0,MutNovel,"S247L,1.000"
X-2838,HSPBP1,23640.0,MutNovel,"G25V,0.524"
X-2838,IDH1,3417.0,MutKnownFunctional,"R132C,0.528"
X-2838,IKBKE,9641.0,MutNovel,"E50K,0.415"
X-2838,IL7,3574.0,Amp5,5.54
X-2838,IL9R,3581.0,MutNovel,"T1020S,1.000"
X-2838,IMPA1,3612.0,Amp5,5.54
X-2838,IMPAD1,54928.0,Amp5,5.54
X-2838,INTS5,80789.0,MutNovel,"R405G,0.762"
X-2838,INTS8,55656.0,Amp5,5.5
X-2838,IRX1,79192.0,MutNovel,"P359L,1.000"
X-2838,ITGA5,3678.0,MutNovel,"G669S,0.263"
X-2838,ITGA7,3679.0,MutNovel,"FS824F,0.286"
X-2838,ITGAX,3687.0,MutNovel,"L128F,0.375"
X-2838,ITPR1,3708.0,MutNovel,"A1954V,0.600"
X-2838,ITPRIP,85450.0,MutNovel,"R393K,0.483"
X-2838,JPH1,56704.0,Amp5,5.54
X-2838,JRK,8629.0,Amp5,5.9
X-2838,JUP,3728.0,MutNovel,"R203C,0.286"
X-2838,KAT5,10524.0,MutNovel,"P204S,0.314"
X-2838,KCNB2,9312.0,Amp5,5.5
X-2838,KCNH2,3757.0,MutKnownFunctional,"W398*,0.325"
X-2838,KCNIP3,30818.0,MutNovel,"M197I,0.627"
X-2838,KCNK9,51305.0,Amp5,5.7
X-2838,KCNQ3,3786.0,Amp5,5.7
X-2838,KCNS2,3788.0,Amp5,5.5
X-2838,KCNV1,27012.0,Amp5,5.5
X-2838,KCTD12,115207.0,Del0.8,0.78
X-2838,KDM3B,51780.0,MutNovel,"P1217L,1.000"
X-2838,KDM5D,8284.0,Del0.8,0.13
X-2838,KEL,3792.0,MutNovel,"D102N,0.750"
X-2838,KHDRBS3,10656.0,Amp5,5.7
X-2838,KIAA0125,9834.0,Amp5,6.23
X-2838,KIAA0146,23514.0,Amp5,5.7
X-2838,KIAA0196,9897.0,Amp5,5.5
X-2838,KIAA0368,23392.0,MutNovel,"N1189S,0.641"
X-2838,KIAA1522,57648.0,MutNovel,"P1085L,0.618"
X-2838,KIAA1804,84451.0,MutNovel,"G725R,0.469"
X-2838,KIAA1875,340390.0,Amp5,5.9
X-2838,KIAA2018,205717.0,MutNovel,"P1315S,0.667"
X-2838,KIF9,64147.0,MutNovel,"H8Y,0.221"
X-2838,KIFC2,90990.0,Amp5,5.9
X-2838,KLF10,7071.0,Amp5,5.5
X-2838,KLF12,11278.0,Del0.8,0.78
X-2838,KLF14,136259.0,MutNovel,"H47P,1.000"
X-2838,KLF17,128209.0,MutNovel,"AN374A,0.714"
X-2838,KLF5,688.0,Del0.8,0.78
X-2838,KLHL1,57626.0,Del0.8,0.79
X-2838,KLHL24,54800.0,MutKnownFunctional,"Q200*,0.405"
X-2838,KLHL29,114818.0,MutNovel,"S722C,0.439"
X-2838,KLHL38,340359.0,Amp5,5.5
X-2838,KREMEN2,79412.0,MutNovel,"T408I,0.559"
X-2838,LACTB2,51110.0,Amp5,5.5
X-2838,LAPTM4B,55353.0,Amp5,5.5
X-2838,LCE3B,353143.0,Del0.8,0.18
X-2838,LCE3C,353144.0,Del0.8,0.09
X-2838,LGALS9C,654346.0,Del0.8,0.57
X-2838,LILRB3,11025.0,MutNovel,"Y400R,1.000"
X-2838,LINC00051,619434.0,Amp5,5.9
X-2838,LINC00251,552859.0,Amp5,5.5
X-2838,LINC00293,497634.0,Amp5,5.7
X-2838,LINC00347,338864.0,Del0.8,0.78
X-2838,LINC00535,642924.0,Amp5,5.58
X-2838,LIPJ,142910.0,MutNovel,"V257A,0.750"
X-2838,LMO7,4008.0,Del0.8,0.78
X-2838,LOC100127983,100127983.0,Amp5,5.62
X-2838,LOC100128338,100128338.0,Amp5,5.9
X-2838,LOC100130155,100130155.0,Amp5,5.5
X-2838,LOC100130231,100130231.0,Amp5,5.5
X-2838,LOC100130298,100130298.0,Amp5,5.39
X-2838,LOC100130301,100130301.0,Amp5,5.5
X-2838,LOC100131726,100131726.0,Amp5,5.5
X-2838,LOC100132891,100132891.0,Amp5,5.5
X-2838,LOC100133669,100133669.0,Amp5,5.9
X-2838,LOC100287846,100287846.0,Amp5,5.7
X-2838,LOC100288181,100288181.0,Amp5,5.9
X-2838,LOC100288748,100288748.0,Amp5,5.5
X-2838,LOC100499183,100499183.0,Amp5,5.5
X-2838,LOC100500773,100500773.0,Amp5,5.5
X-2838,LOC100505659,100505659.0,Amp5,5.5
X-2838,LOC100505676,100505676.0,Amp5,5.5
X-2838,LOC100505718,100505718.0,Amp5,5.5
X-2838,LOC100507117,100507117.0,Amp5,5.5
X-2838,LOC100507632,100507632.0,Amp5,5.54
X-2838,LOC100507651,100507651.0,Amp5,5.62
X-2838,LOC100616530,100616530.0,Amp5,5.5
X-2838,LOC100996493,,MutNovel,"H13Q,0.450"
X-2838,LOC157381,157381.0,Amp5,5.5
X-2838,LOC286094,286094.0,Amp5,5.7
X-2838,LOC286177,286177.0,Amp5,5.62
X-2838,LOC286184,286184.0,Amp5,5.5
X-2838,LOC286186,286186.0,Amp5,5.5
X-2838,LOC286189,286189.0,Amp5,5.5
X-2838,LOC286190,286190.0,Amp5,5.5
X-2838,LOC391322,391322.0,Del0.8,0.62
X-2838,LOC392232,392232.0,Amp5,5.5
X-2838,LOC401463,401463.0,Amp5,5.5
X-2838,LOC727677,727677.0,Amp5,5.5
X-2838,LOC728724,728724.0,Amp5,5.5
X-2838,LOC731779,731779.0,Amp5,5.9
X-2838,LRIT3,345193.0,MutNovel,"L584-,1.000"
X-2838,LRP12,29967.0,MutNovel,"P756S,0.289"
X-2838,LRP12,29967.0,Amp5,5.5
X-2838,LRRC14,9684.0,Amp5,5.9
X-2838,LRRC24,441381.0,Amp5,5.9
X-2838,LRRC6,23639.0,Amp5,5.7
X-2838,LRRC69,100130742.0,Amp5,5.62
X-2838,LRRC8D,55144.0,MutNovel,"G622S,0.486"
X-2838,LRRCC1,85444.0,Amp5,5.62
X-2838,LSR,51599.0,MutNovel,"G518GR,0.750"
X-2838,LY6D,8581.0,Amp5,5.9
X-2838,LY6E,4061.0,Amp5,5.9
X-2838,LY6H,4062.0,Amp5,5.9
X-2838,LY6K,54742.0,Amp5,5.9
X-2838,LY96,23643.0,Amp5,5.54
X-2838,LYN,4067.0,Amp5,5.54
X-2838,LYNX1,66004.0,Amp5,5.9
X-2838,LYPD2,137797.0,Amp5,5.9
X-2838,LYPLA1,10434.0,Amp5,5.54
X-2838,MAF1,84232.0,Amp5,5.9
X-2838,MAFA,389692.0,Amp5,6.15
X-2838,MAGEA2,4101.0,MutNovel,"M247T,1.000"
X-2838,MAGI3,260425.0,MutNovel,"K1469E,0.634"
X-2838,MAL2,114569.0,Amp5,5.58
X-2838,MAP1A,4130.0,MutNovel,"R68C,0.800"
X-2838,MAP4K3,8491.0,MutNovel,"G802E,0.536"
X-2838,MAPK15,225689.0,Amp5,5.9
X-2838,MAPK8IP3,23162.0,MutNovel,"P814S,0.297"
X-2838,MAST4,375449.0,MutNovel,"L95LP,0.636"
X-2838,MATN2,4147.0,Amp5,5.5
X-2838,MBD2,8932.0,MutNovel,"C111G,0.500"
X-2838,MCM4,4173.0,Amp5,5.7
X-2838,MCPH1,79648.0,MutNovel,"P544S,0.395"
X-2838,MED25,81857.0,MutNovel,"P318L,0.496"
X-2838,MED30,90390.0,Amp5,5.58
X-2838,MEGF10,84466.0,MutKnownFunctional,"W984*,1.000"
X-2838,MEGF8,1954.0,MutNovel,"F909Y,0.448"
X-2838,MEN1,4221.0,MutNovel,"P520S,0.654"
X-2838,MEPCE,56257.0,MutNovel,"S358F,0.547"
X-2838,MFSD3,113655.0,Amp5,5.9
X-2838,MFSD6,54842.0,MutNovel,"T44A,0.333"
X-2838,MICAL1,64780.0,MutKnownFunctional,"EE878E*,0.432"
X-2838,MIR1204,100302185.0,Amp5,5.5
X-2838,MIR1205,100302161.0,Amp5,5.5
X-2838,MIR1206,100302170.0,Amp5,5.5
X-2838,MIR1207,100302175.0,Amp5,5.5
X-2838,MIR1208,100302281.0,Amp5,5.5
X-2838,MIR1234,100302196.0,Amp5,5.9
X-2838,MIR124-2,406908.0,Amp5,5.5
X-2838,MIR1297,100302187.0,Del0.8,0.77
X-2838,MIR2052,100302260.0,Amp5,5.54
X-2838,MIR2053,100302225.0,Amp5,5.66
X-2838,MIR30B,407030.0,Amp5,5.7
X-2838,MIR30D,407033.0,Amp5,5.7
X-2838,MIR3150A,100422964.0,Amp5,5.5
X-2838,MIR3150B,100500907.0,Amp5,5.5
X-2838,MIR3151,100422992.0,Amp5,5.5
X-2838,MIR3169,100422973.0,Del0.8,0.79
X-2838,MIR3610,100500914.0,Amp5,5.58
X-2838,MIR378D2,100616169.0,Amp5,5.58
X-2838,MIR4470,100616484.0,Amp5,5.39
X-2838,MIR4471,100616451.0,Amp5,5.5
X-2838,MIR4472-1,100616268.0,Amp5,5.9
X-2838,MIR4661,100616245.0,Amp5,5.62
X-2838,MIR4663,100616260.0,Amp5,5.5
X-2838,MIR4664,100616318.0,Amp5,5.9
X-2838,MIR4767,100616467.0,Del0.8,0.78
X-2838,MIR4770,100616373.0,Del0.8,0.78
X-2838,MIR570,693155.0,Amp5,5.74
X-2838,MIR599,693184.0,Amp5,5.5
X-2838,MIR661,724031.0,Amp5,5.9
X-2838,MIR875,100126309.0,Amp5,5.5
X-2838,MIR937,100126338.0,Amp5,5.9
X-2838,MIR939,100126351.0,Amp5,5.9
X-2838,MLKL,197259.0,MutNovel,"S393P,0.217"
X-2838,MLL2,8085.0,MutNovel,"S112T,0.355"
X-2838,MLL3,58508.0,MutNovel,"C988V,0.810"
X-2838,MLL3,58508.0,MutNovel,"R886H,0.667"
X-2838,MLL3,58508.0,MutNovel,"L291F,0.571"
X-2838,MMP16,4325.0,Amp5,5.62
X-2838,MMS19,64210.0,MutNovel,"A4T,0.529"
X-2838,MORC2,22880.0,MutNovel,"P648S,1.000"
X-2838,MOS,4342.0,Amp5,5.54
X-2838,MPP3,4356.0,MutNovel,"T211I,0.297"
X-2838,MPRIP,23164.0,MutNovel,"TS178T,0.505"
X-2838,MRAP2,112609.0,MutNovel,"A147S,1.000"
X-2838,MRPL13,28998.0,Amp5,5.58
X-2838,MRPL15,29088.0,Amp5,5.54
X-2838,MRPS28,28957.0,Amp5,5.54
X-2838,MSC,9242.0,Amp5,5.5
X-2838,MTBP,27085.0,Amp5,5.58
X-2838,MTCH1,23787.0,MutNovel,"A16V,0.434"
X-2838,MTDH,92140.0,Amp5,5.5
X-2838,MTERFD1,51001.0,Amp5,5.5
X-2838,MTFR1,9650.0,Amp5,5.5
X-2838,MTMR14,64419.0,MutNovel,"L315F,0.637"
X-2838,MTMR8,55613.0,MutNovel,"P569L,1.000"
X-2838,MTSS1,9788.0,Amp5,5.5
X-2838,MUTED,63915.0,MutNovel,"M177I,0.450"
X-2838,MYBL1,4603.0,Amp5,5.5
X-2838,MYC,4609.0,Amp5,5.5
X-2838,MYCBP2,23077.0,Del0.8,0.78
X-2838,MYO5C,55930.0,MutNovel,"R621L,0.875"
X-2838,MYO9B,4650.0,MutNovel,"AG1955A,0.345"
X-2838,MZT1,440145.0,Del0.8,0.78
X-2838,NAA11,84779.0,MutNovel,"D226N,0.535"
X-2838,NACAP1,83955.0,Amp5,5.5
X-2838,NAIP,4671.0,MutKnownFunctional,"-438,1.000"
X-2838,NAPRT1,93100.0,Amp5,6.15
X-2838,NAV2,89797.0,MutNovel,"H1537Y,0.512"
X-2838,NAV3,89795.0,MutNovel,"P2098S,0.800"
X-2838,NBEAL1,65065.0,MutNovel,"S1984F,0.667"
X-2838,NBN,4683.0,Amp5,5.62
X-2838,NBPF14,25832.0,MutNovel,"S524N,0.500"
X-2838,NBPF15,284565.0,MutNovel,"C588Y,0.272"
X-2838,NBPF9,400818.0,MutNovel,"Q184R,0.833"
X-2838,NCALD,83988.0,Amp5,5.5
X-2838,NCOA2,10499.0,Amp5,5.5
X-2838,NCOA3,8202.0,MutNovel,"Q1255-,0.231"
X-2838,NCOR2,9612.0,MutNovel,"G1839GAAA,0.514"
X-2838,NCRNA00185,55410.0,Del0.8,0.13
X-2838,NDRG1,10397.0,Amp5,5.7
X-2838,NDUFB9,4715.0,Amp5,5.5
X-2838,NECAB1,64168.0,Amp5,5.62
X-2838,NF1,4763.0,MutNovel,"Q1033R,0.265"
X-2838,NF1,4763.0,MutKnownFunctional,"R1241*,1.000"
X-2838,NF1,4763.0,MutNovel,"G1438C,0.270"
X-2838,NIPAL2,79815.0,Amp5,5.5
X-2838,NLGN4X,57502.0,Del0.8,0.78
X-2838,NLGN4Y,22829.0,Del0.8,0.13
X-2838,NMD3,51068.0,MutNovel,"P28S,0.545"
X-2838,NOC3L,64318.0,MutNovel,"F297L,0.546"
X-2838,NOTCH2,4853.0,MutNovel,"T1752I,0.478"
X-2838,NOV,4856.0,Amp5,5.58
X-2838,NPBWR1,2831.0,Amp5,5.54
X-2838,NPHP1,4867.0,MutNovel,"R532K,0.500"
X-2838,NRBP2,340371.0,Amp5,5.9
X-2838,NSMAF,8439.0,Amp5,5.39
X-2838,NSMCE2,286053.0,Amp5,5.5
X-2838,NUAK2,81788.0,MutNovel,"P599S,0.800"
X-2838,NUDCD1,84955.0,Amp5,5.5
X-2838,OBSCN,84033.0,MutNovel,"D3316N,0.363"
X-2838,OBSCN,84033.0,MutNovel,"R3405K,0.366"
X-2838,OC90,729330.0,Amp5,5.7
X-2838,ODF1,4956.0,Amp5,5.5
X-2838,OFD1,8481.0,Del0.8,0.77
X-2838,OPLAH,26873.0,Amp5,5.9
X-2838,OPRK1,4986.0,Amp5,5.54
X-2838,OR52N5,390075.0,Del0.8,0.33
X-2838,OR7E156P,283491.0,Del0.8,0.79
X-2838,ORAI1,84876.0,MutNovel,"PP43-,0.759"
X-2838,OSGIN2,734.0,Amp5,5.62
X-2838,OSMR,9180.0,MutNovel,"S382F,1.000"
X-2838,OSR2,116039.0,Amp5,5.5
X-2838,OTUD6B,51633.0,Amp5,5.62
X-2838,OTUD7B,56957.0,MutNovel,"KK552K,0.250"
X-2838,OXR1,55074.0,Amp5,5.5
X-2838,PABPC1,26986.0,Amp5,5.5
X-2838,PABPC3,5042.0,MutNovel,"KG231-,0.429"
X-2838,PAG1,55824.0,Amp5,5.54
X-2838,PAK4,10298.0,MutNovel,"P229S,0.361"
X-2838,PARP10,84875.0,Amp5,5.9
X-2838,PCAT1,100750225.0,Amp5,5.5
X-2838,PCDH11Y,83259.0,Del0.8,0.13
X-2838,PCDH17,27253.0,Del0.8,0.79
X-2838,PCDH20,64881.0,Del0.8,0.79
X-2838,PCDH9,5101.0,MutNovel,"H410Y,1.000"
X-2838,PCDH9,5101.0,Del0.8,0.77
X-2838,PCF11,51585.0,MutNovel,"R790W,0.414"
X-2838,PCMTD1,115294.0,Amp5,5.54
X-2838,PCNXL2,80003.0,MutNovel,"G1508D,0.846"
X-2838,PCNXL2,80003.0,MutNovel,"G1302S,0.840"
X-2838,PDE7A,5150.0,Amp5,5.5
X-2838,PDGFRB,5159.0,MutNovel,"S862N,1.000"
X-2838,PDP1,54704.0,Amp5,5.58
X-2838,PENK,5179.0,Amp5,5.54
X-2838,PEX1,5189.0,MutKnownFunctional,"-1231,0.259"
X-2838,PEX2,5828.0,Amp5,5.54
X-2838,PFKM,5213.0,MutNovel,"R164W,0.720"
X-2838,PGBD2,267002.0,MutNovel,"R375C,0.452"
X-2838,PHF20L1,51105.0,Amp5,5.7
X-2838,PHLDA1,22822.0,MutNovel,"QQ194Q,0.477"
X-2838,PI15,51050.0,Amp5,5.54
X-2838,PIBF1,10464.0,Del0.8,0.78
X-2838,PIK3C2B,5287.0,MutNovel,"E1444K,0.600"
X-2838,PIK3R1,5295.0,MutNovel,"S393C,1.000"
X-2838,PIP5K1B,8395.0,MutNovel,"G8R,0.683"
X-2838,PKHD1L1,93035.0,Amp5,5.5
X-2838,PKIA,5569.0,Amp5,5.54
X-2838,PKM,,MutKnownFunctional,"S5*,0.875"
X-2838,PLAG1,5324.0,Amp5,5.54
X-2838,PLCB1,23236.0,MutNovel,"I673V,0.682"
X-2838,PLCB1,23236.0,MutNovel,"E1202K,0.647"
X-2838,PLEC,5339.0,Amp5,5.9
X-2838,PLEKHA1,59338.0,MutNovel,"S309F,0.478"
X-2838,PLEKHA2,59339.0,MutNovel,"F219L,0.479"
X-2838,PLEKHF2,79666.0,Amp5,5.5
X-2838,PLEKHO1,51177.0,MutNovel,"T247I,0.337"
X-2838,PLOD2,5352.0,MutNovel,"P678S,0.409"
X-2838,PMEPA1,56937.0,MutNovel,"G241R,0.900"
X-2838,PMP2,5375.0,Amp5,5.54
X-2838,POLDIP2,26073.0,MutKnownFunctional,"-28?,0.882"
X-2838,POLDIP2,26073.0,MutNovel,"Q27P,0.905"
X-2838,POLH,5429.0,MutNovel,"S500F,0.525"
X-2838,POLR2K,5440.0,Amp5,5.5
X-2838,POP1,10940.0,Amp5,5.5
X-2838,POTEE,445582.0,MutNovel,"D614N,0.750"
X-2838,POTEG,404785.0,MutNovel,"S7L,0.750"
X-2838,POTEM,641455.0,MutNovel,"R66H,0.333"
X-2838,POU5F1B,5462.0,Amp5,5.5
X-2838,PPP1R16A,84988.0,Amp5,5.9
X-2838,PPP1R42,286187.0,Amp5,5.5
X-2838,PRDM14,63978.0,Amp5,5.5
X-2838,PRDM2,7799.0,MutNovel,"S1600F,0.510"
X-2838,PREX2,80243.0,Amp5,5.5
X-2838,PRKCQ,5588.0,MutNovel,"D513V,1.000"
X-2838,PRKDC,5591.0,Amp5,5.7
X-2838,PRKY,5616.0,Del0.8,0.13
X-2838,PRMT10,90826.0,MutNovel,"P398S,0.703"
X-2838,PRPF38B,55119.0,MutKnownFunctional,"R319*,0.506"
X-2838,PRR12,57479.0,MutNovel,"P445S,0.581"
X-2838,PRRC2C,23215.0,MutNovel,"P56S,0.294"
X-2838,PRRC2C,23215.0,MutNovel,"A906T,0.603"
X-2838,PRY,9081.0,Del0.8,0.13
X-2838,PRY,9081.0,Del0.8,0.13
X-2838,PRY2,442862.0,Del0.8,0.13
X-2838,PRY2,442862.0,Del0.8,0.13
X-2838,PSCA,8000.0,Amp5,5.9
X-2838,PSKH2,85481.0,Amp5,5.62
X-2838,PTDSS1,9791.0,Amp5,5.5
X-2838,PTK2,5747.0,Amp5,5.17
X-2838,PTP4A3,11156.0,Amp5,5.9
X-2838,PTPN3,5774.0,MutNovel,"S819F,0.698"
X-2838,PTRF,284119.0,MutNovel,"A381V,0.683"
X-2838,PTTG3P,26255.0,Amp5,5.5
X-2838,PUF60,22827.0,Amp5,5.9
X-2838,PVT1,5820.0,Amp5,5.5
X-2838,PXDNL,137902.0,Amp5,5.54
X-2838,PYCRL,65263.0,Amp5,6.15
X-2838,QTRTD1,79691.0,MutNovel,"P238L,0.430"
X-2838,RAB2A,5862.0,Amp5,5.39
X-2838,RAD21,5885.0,Amp5,5.58
X-2838,RAD21-AS1,644660.0,Amp5,5.58
X-2838,RAD54B,25788.0,Amp5,5.58
X-2838,RALYL,138046.0,Amp5,5.62
X-2838,RB1CC1,9821.0,Amp5,5.54
X-2838,RBM12B,389677.0,Amp5,5.58
X-2838,RBMY1A3P,286557.0,Del0.8,0.13
X-2838,RBMY1B,378948.0,Del0.8,0.13
X-2838,RBMY1B,378948.0,Del0.8,0.13
X-2838,RBMY1E,378950.0,Del0.8,0.13
X-2838,RBMY1E,378950.0,Del0.8,0.13
X-2838,RBMY1F,159163.0,Del0.8,0.13
X-2838,RBMY1F,159163.0,Del0.8,0.13
X-2838,RBMY1J,378951.0,Del0.8,0.13
X-2838,RBMY1J,378951.0,Del0.8,0.13
X-2838,RBMY2EP,159125.0,Del0.8,0.13
X-2838,RBMY2FP,159162.0,Del0.8,0.13
X-2838,RBMY3AP,64593.0,Del0.8,0.13
X-2838,RDH10,157506.0,Amp5,5.5
X-2838,RECQL4,9401.0,MutNovel,"P458L,0.281"
X-2838,RECQL4,9401.0,Amp5,5.9
X-2838,RELA,5970.0,MutNovel,"S240L,0.693"
X-2838,RERE,473.0,MutKnownFunctional,"R448*,0.421"
X-2838,REXO1L1,254958.0,Amp5,5.62
X-2838,REXO1L2P,100288527.0,Amp5,5.62
X-2838,REXO1L2P,100288527.0,Amp5,5.62
X-2838,RFPL1,5988.0,MutNovel,"R213L,1.000"
X-2838,RFPL1,5988.0,MutNovel,"S224G,1.000"
X-2838,RGS12,6002.0,MutNovel,"D553Y,0.352"
X-2838,RGS20,8601.0,Amp5,5.54
X-2838,RGS22,26166.0,Amp5,5.5
X-2838,RHPN1,114822.0,Amp5,6.15
X-2838,RIMS2,9699.0,Amp5,5.5
X-2838,RIPK2,8767.0,Amp5,5.62
X-2838,RNF126,55658.0,MutNovel,"R128C,0.522"
X-2838,RNF139,11236.0,Amp5,5.5
X-2838,RNF180,285671.0,MutNovel,"R537K,1.000"
X-2838,RNF19A,25897.0,Amp5,5.5
X-2838,RNF214,257160.0,MutNovel,"R462Q,0.392"
X-2838,ROBO2,6092.0,MutNovel,"G962E,0.647"
X-2838,ROBO2,6092.0,MutNovel,"W1201R,0.735"
X-2838,ROR1,4919.0,MutNovel,"R351C,1.000"
X-2838,RP1,6101.0,Amp5,5.54
X-2838,RPAP1,26015.0,MutNovel,"G606R,0.240"
X-2838,RPL30,6156.0,Amp5,5.5
X-2838,RPL7,6129.0,Amp5,5.5
X-2838,RPL8,6132.0,Amp5,5.9
X-2838,RPS20,6224.0,Amp5,5.54
X-2838,RPS4Y1,6192.0,Del0.8,0.13
X-2838,RPS4Y2,140032.0,Del0.8,0.13
X-2838,RRM2B,50484.0,Amp5,5.5
X-2838,RRS1,23212.0,Amp5,5.5
X-2838,RSPO2,340419.0,Amp5,5.5
X-2838,RYR2,6262.0,MutNovel,"E4081K,0.800"
X-2838,RYR3,6263.0,MutNovel,"R2699Q,0.882"
X-2838,SAFB2,9667.0,MutNovel,"S207F,0.479"
X-2838,SAMD12,401474.0,Amp5,5.58
X-2838,SAMD12-AS1,552860.0,Amp5,5.58
X-2838,SAPCD1,,MutNovel,"A64T,0.439"
X-2838,SBF1P1,100133234.0,Amp5,5.54
X-2838,SBNO2,22904.0,Del0.8,0.6
X-2838,SCARA5,286133.0,MutNovel,"T445R,0.771"
X-2838,SCEL,8796.0,Del0.8,0.78
X-2838,SCRIB,23513.0,Amp5,5.9
X-2838,SCRT1,83482.0,Amp5,5.9
X-2838,SCXA,100129885.0,Amp5,5.9
X-2838,SDC2,6383.0,Amp5,5.5
X-2838,SDCBP,6386.0,Amp5,5.39
X-2838,SDHAP2,727956.0,Amp5,5.74
X-2838,SDR16C5,195814.0,Amp5,5.54
X-2838,SEL1L3,23231.0,MutNovel,"H298Y,0.534"
X-2838,SEMA5A,9037.0,MutNovel,"R234Q,1.000"
X-2838,SEMA6C,10500.0,MutNovel,"V587M,0.562"
X-2838,SEMA6C,10500.0,MutKnownFunctional,"R260*,0.552"
X-2838,SENP1,29843.0,MutNovel,"L444F,0.764"
X-2838,SERAC1,84947.0,MutKnownFunctional,"Q385*,0.421"
X-2838,SERINC2,347735.0,MutNovel,"-373Q,0.701"
X-2838,SF3B3,23450.0,MutNovel,"E845K,0.471"
X-2838,SGK3,23678.0,Amp5,5.5
X-2838,SHARPIN,81858.0,Amp5,5.9
X-2838,SIRPB1,10326.0,MutNovel,"H351C,0.636"
X-2838,SLA,6503.0,Amp5,5.7
X-2838,SLC10A5,347051.0,Amp5,5.54
X-2838,SLC25A32,81034.0,Amp5,5.5
X-2838,SLC26A7,115111.0,Amp5,5.62
X-2838,SLC30A8,169026.0,Amp5,5.58
X-2838,SLC35F2,54733.0,MutNovel,"H157Y,0.262"
X-2838,SLC39A4,55630.0,Amp5,5.9
X-2838,SLC45A4,57210.0,Amp5,5.9
X-2838,SLC7A13,157724.0,Amp5,5.62
X-2838,SLC9B2,133308.0,MutNovel,"S454Y,0.659"
X-2838,SLCO5A1,81796.0,Amp5,5.5
X-2838,SLIT2,9353.0,MutNovel,"R1216C,0.778"
X-2838,SLURP1,57152.0,Amp5,5.9
X-2838,SMAD9,4093.0,MutNovel,"L382F,0.444"
X-2838,SMCR7,125170.0,MutNovel,"T404M,1.000"
X-2838,SMEK1,55671.0,MutNovel,"P756S,0.994"
X-2838,SNAI2,6591.0,Amp5,5.7
X-2838,SNHG6,641638.0,Amp5,5.5
X-2838,SNORA72,26775.0,Amp5,5.5
X-2838,SNORD54,26795.0,Amp5,5.54
X-2838,SNORD87,641648.0,Amp5,5.5
X-2838,SNPH,9751.0,MutNovel,"R381C,0.571"
X-2838,SNTG1,54212.0,Amp5,5.54
X-2838,SNX16,64089.0,Amp5,5.54
X-2838,SNX31,169166.0,Amp5,5.5
X-2838,SORL1,6653.0,MutKnownFunctional,"W1575*,0.514"
X-2838,SOX17,64321.0,Amp5,5.54
X-2838,SPAG1,6674.0,Amp5,5.5
X-2838,SPAG9,9043.0,MutNovel,"S143G,0.707"
X-2838,SPATC1,375686.0,Amp5,5.9
X-2838,SPDEF,25803.0,MutNovel,"E182K,0.600"
X-2838,SPINK2,6691.0,MutNovel,"G82E,1.000"
X-2838,SPRED1,161742.0,MutNovel,"S392L,0.801"
X-2838,SPTLC3,55304.0,MutNovel,"F218S,0.667"
X-2838,SQLE,6713.0,Amp5,5.5
X-2838,SRRM1,10250.0,MutNovel,"P593S,0.438"
X-2838,SRY,6736.0,Del0.8,0.13
X-2838,SSH1,54434.0,MutNovel,"L687F,0.652"
X-2838,ST18,9705.0,Amp5,5.54
X-2838,ST3GAL1,6482.0,Amp5,5.7
X-2838,STARD13,90627.0,MutNovel,"E920K,0.833"
X-2838,STARD9,57519.0,MutNovel,"P2297S,0.633"
X-2838,STAU2,27067.0,Amp5,5.54
X-2838,STK11,6794.0,Del0.8,0.64
X-2838,STK3,6788.0,Amp5,5.5
X-2838,STMN2,11075.0,Amp5,5.54
X-2838,STRN,6801.0,MutNovel,"I329M,0.242"
X-2838,STS,412.0,Del0.8,0.78
X-2838,STXBP5L,9515.0,MutNovel,"MD838IN,0.350"
X-2838,SULF1,23213.0,Amp5,5.5
X-2838,SUPT16H,11198.0,MutNovel,"V325M,0.273"
X-2838,SUPT7L,9913.0,MutNovel,"P106S,0.469"
X-2838,SWSAP1,126074.0,MutNovel,"S225F,0.857"
X-2838,SYBU,55638.0,Amp5,5.5
X-2838,SYCP3,50511.0,MutNovel,"S3P,1.000"
X-2838,SYNE1,23345.0,MutNovel,"G782E,0.583"
X-2838,SYNJ1,8867.0,MutKnownFunctional,"R573*,1.000"
X-2838,SYNPO,11346.0,MutNovel,"G866C,1.000"
X-2838,SYTL3,94120.0,MutNovel,"S185F,0.692"
X-2838,TACC3,10460.0,MutNovel,"P432S,0.301"
X-2838,TAF2,6873.0,Amp5,5.58
X-2838,TAS2R43,259289.0,Del0.8,0.8
X-2838,TATDN1,83940.0,Amp5,5.5
X-2838,TBC1D1,23216.0,MutNovel,"I602M,0.596"
X-2838,TBC1D4,9882.0,Del0.8,0.78
X-2838,TBC1D5,9779.0,MutNovel,"S723L,0.717"
X-2838,TBC1D9B,23061.0,MutNovel,"R502Q,0.434"
X-2838,TBCK,93627.0,MutNovel,"P510S,0.809"
X-2838,TBL1Y,90665.0,Del0.8,0.13
X-2838,TCEA1,6917.0,Amp5,5.54
X-2838,TCEB1,6921.0,Amp5,5.54
X-2838,TCF24,100129654.0,Amp5,5.5
X-2838,TDRD3,81550.0,Del0.8,0.79
X-2838,TDRD5,163589.0,MutNovel,"K807N,0.643"
X-2838,TECTA,7007.0,MutNovel,"G1962E,1.000"
X-2838,TERF1,7013.0,Amp5,5.5
X-2838,TET3,200424.0,MutNovel,"M548I,0.375"
X-2838,TG,7038.0,Amp5,5.7
X-2838,TGIF2LY,90655.0,Del0.8,0.13
X-2838,TGS1,96764.0,Amp5,5.54
X-2838,THADA,63892.0,MutNovel,"F1886-,0.465"
X-2838,TIGD5,84948.0,Amp5,6.15
X-2838,TMED10P1,286102.0,Amp5,5.9
X-2838,TMEM131,23505.0,MutNovel,"P451S,0.588"
X-2838,TMEM55A,55529.0,Amp5,5.62
X-2838,TMEM64,169200.0,Amp5,5.62
X-2838,TMEM65,157378.0,Amp5,5.5
X-2838,TMEM67,91147.0,Amp5,5.58
X-2838,TMEM68,137695.0,Amp5,5.54
X-2838,TMEM70,54968.0,Amp5,5.54
X-2838,TMEM71,137835.0,Amp5,5.7
X-2838,TMEM74,157753.0,Amp5,5.5
X-2838,TMSB4Y,9087.0,Del0.8,0.13
X-2838,TNFAIP6,7130.0,MutKnownFunctional,"-278,0.284"
X-2838,TNFRSF10C,8794.0,MutNovel,"A78T,0.476"
X-2838,TNFRSF11B,4982.0,Amp5,5.58
X-2838,TNK1,8711.0,MutNovel,"G532R,1.000"
X-2838,TNKS,8658.0,MutNovel,"A1138S,0.498"
X-2838,TNRC18,84629.0,MutNovel,"P342S,0.411"
X-2838,TONSL,4796.0,Amp5,5.9
X-2838,TOP1MT,116447.0,Amp5,6.15
X-2838,TOR1AIP2,163590.0,MutNovel,"H87R,0.712"
X-2838,TOX,9760.0,Amp5,5.39
X-2838,TP53INP1,94241.0,Amp5,5.5
X-2838,TPD52,7163.0,Amp5,5.54
X-2838,TPTE,7179.0,MutNovel,"L157S,0.676"
X-2838,TPTE2P3,220115.0,Del0.8,0.6
X-2838,TRAM1,23471.0,Amp5,5.5
X-2838,TRANK1,9881.0,MutNovel,"P2564S,0.377"
X-2838,TRANK1,9881.0,MutNovel,"S1492F,0.787"
X-2838,TRAPPC9,83696.0,Amp5,5.7
X-2838,TRHR,7201.0,Amp5,5.5
X-2838,TRIB1,10221.0,Amp5,5.5
X-2838,TRIM44,54765.0,MutNovel,"R223K,0.472"
X-2838,TRIM55,84675.0,Amp5,5.5
X-2838,TRIM62,55223.0,MutNovel,"D411N,0.609"
X-2838,TRIP6,7205.0,MutNovel,"H426Y,0.512"
X-2838,TRMT12,55039.0,Amp5,5.5
X-2838,TRNT1,51095.0,MutNovel,"R99W,0.329"
X-2838,TRPA1,8989.0,Amp5,5.5
X-2838,TRPS1,7227.0,Amp5,5.58
X-2838,TSC2,7249.0,MutNovel,"PF1508P,0.286"
X-2838,TSNARE1,203062.0,Amp5,5.9
X-2838,TSPY1,7258.0,Del0.8,0.13
X-2838,TSPY2,64591.0,Del0.8,0.13
X-2838,TSPY3,728137.0,Del0.8,0.13
X-2838,TSPY4,728395.0,Del0.8,0.13
X-2838,TSPY8,728403.0,Del0.8,0.13
X-2838,TSPYL1,7259.0,MutNovel,"V176VW,0.461"
X-2838,TSPYL5,85453.0,Amp5,5.5
X-2838,TTC13,79573.0,MutNovel,"R509C,0.690"
X-2838,TTLL3,26140.0,MutNovel,"L43P,0.348"
X-2838,TTPA,7274.0,Amp5,5.5
X-2838,TTTY10,246119.0,Del0.8,0.13
X-2838,TTTY11,83866.0,Del0.8,0.13
X-2838,TTTY12,83867.0,Del0.8,0.13
X-2838,TTTY13,83868.0,Del0.8,0.13
X-2838,TTTY14,83869.0,Del0.8,0.13
X-2838,TTTY15,64595.0,Del0.8,0.13
X-2838,TTTY16,252948.0,Del0.8,0.13
X-2838,TTTY17A,252949.0,Del0.8,0.08
X-2838,TTTY17A,252949.0,Del0.8,0.24
X-2838,TTTY18,252950.0,Del0.8,0.13
X-2838,TTTY19,252952.0,Del0.8,0.13
X-2838,TTTY1B,100101116.0,Del0.8,0.13
X-2838,TTTY1B,100101116.0,Del0.8,0.13
X-2838,TTTY2,60439.0,Del0.8,0.13
X-2838,TTTY2,60439.0,Del0.8,0.13
X-2838,TTTY20,252951.0,Del0.8,0.13
X-2838,TTTY21,252953.0,Del0.8,0.13
X-2838,TTTY21,252953.0,Del0.8,0.13
X-2838,TTTY22,252954.0,Del0.8,0.13
X-2838,TTTY23,252955.0,Del0.8,0.13
X-2838,TTTY23,252955.0,Del0.8,0.13
X-2838,TTTY3,114760.0,Del0.8,0.08
X-2838,TTTY3,114760.0,Del0.8,0.13
X-2838,TTTY4,114761.0,Del0.8,0.05
X-2838,TTTY4,114761.0,Del0.8,0.08
X-2838,TTTY5,83863.0,Del0.8,0.13
X-2838,TTTY6,84672.0,Del0.8,0.13
X-2838,TTTY6,84672.0,Del0.8,0.13
X-2838,TTTY7,246122.0,Del0.8,0.13
X-2838,TTTY7,246122.0,Del0.8,0.13
X-2838,TTTY7B,100101120.0,Del0.8,0.13
X-2838,TTTY7B,100101120.0,Del0.8,0.13
X-2838,TTTY8,84673.0,Del0.8,0.13
X-2838,TTTY8,84673.0,Del0.8,0.13
X-2838,TTTY9A,83864.0,Del0.8,0.13
X-2838,TTTY9A,83864.0,Del0.8,0.13
X-2838,TUBGCP6,85378.0,MutNovel,"E314K,1.000"
X-2838,TXLNG2P,246126.0,Del0.8,0.13
X-2838,UBE2V2,7336.0,Amp5,5.7
X-2838,UBE2W,55284.0,Amp5,5.54
X-2838,UBR5,51366.0,Amp5,5.5
X-2838,UBXN2B,137886.0,Amp5,5.39
X-2838,UBXN4,23190.0,MutNovel,"P437M,0.444"
X-2838,UCHL3,7347.0,Del0.8,0.78
X-2838,UG0898H09,643763.0,Amp5,5.5
X-2838,UGT2B11,10720.0,MutNovel,"A346T,1.000"
X-2838,UGT8,7368.0,MutNovel,"I445V,0.476"
X-2838,ULK1,8408.0,MutNovel,"QE721Q,0.233"
X-2838,UQCRB,7381.0,Amp5,5.5
X-2838,URB2,9816.0,MutNovel,"F962L,0.348"
X-2838,USP13,8975.0,MutNovel,"R82Q,0.267"
X-2838,USP32P2,220594.0,Del0.8,0.57
X-2838,USP36,57602.0,MutNovel,"KKK958K,0.777"
X-2838,USP48,84196.0,MutNovel,"D855G,0.378"
X-2838,USP9Y,8287.0,Del0.8,0.13
X-2838,UTP20,27340.0,MutNovel,"P844L,0.688"
X-2838,UTP23,84294.0,Amp5,5.58
X-2838,UTRN,7402.0,MutNovel,"L940F,0.467"
X-2838,UTY,7404.0,Del0.8,0.13
X-2838,VCPIP1,80124.0,Amp5,5.5
X-2838,VCX3A,51481.0,Del0.8,0.78
X-2838,VCY,9084.0,Del0.8,0.13
X-2838,VCY,9084.0,Del0.8,0.13
X-2838,VEZT,55591.0,MutNovel,"G45E,0.467"
X-2838,VPS13B,157680.0,Amp5,5.5
X-2838,VPS18,57617.0,MutNovel,"D748E,0.698"
X-2838,VPS28,51160.0,Amp5,5.9
X-2838,WDR52,55779.0,MutKnownFunctional,"R1682*,0.531"
X-2838,WDR53,348793.0,MutNovel,"H240Y,0.534"
X-2838,WDR67,93594.0,Amp5,5.5
X-2838,WDR76,79968.0,MutNovel,"P373S,0.739"
X-2838,WDYHV1,55093.0,Amp5,5.5
X-2838,WISP1,8840.0,Amp5,5.7
X-2838,WRAP53,55135.0,MutNovel,"P27A,1.000"
X-2838,WRN,7486.0,MutNovel,"T663M,0.473"
X-2838,WWC2,80014.0,MutNovel,"R1019W,0.423"
X-2838,WWP1,11059.0,Amp5,5.62
X-2838,XAGE1B,,MutNovel,"K24N,0.444"
X-2838,XAGE1C,653048.0,MutNovel,"V81G,1.000"
X-2838,XKR4,114786.0,Amp5,5.54
X-2838,XKR9,389668.0,Amp5,5.5
X-2838,XKRY2,353515.0,Del0.8,0.13
X-2838,XKRY2,353515.0,Del0.8,0.13
X-2838,YTHDF3,253943.0,Amp5,5.5
X-2838,YWHAZ,7534.0,Amp5,5.5
X-2838,ZAK,51776.0,MutKnownFunctional,"S674*,0.615"
X-2838,ZBTB10,65986.0,Amp5,5.54
X-2838,ZC3H11A,9877.0,MutNovel,"F773L,0.298"
X-2838,ZC3H3,23144.0,Amp5,6.15
X-2838,ZCWPW1,55063.0,MutNovel,"A370V,0.500"
X-2838,ZDHHC9,51114.0,MutNovel,"L189F,0.991"
X-2838,ZFAND1,79752.0,Amp5,5.54
X-2838,ZFAT,57623.0,Amp5,5.7
X-2838,ZFAT-AS1,594840.0,Amp5,5.7
X-2838,ZFHX4,79776.0,Amp5,5.54
X-2838,ZFP41,286128.0,Amp5,6.15
X-2838,ZFPM2,23414.0,Amp5,5.5
X-2838,ZFY,7544.0,Del0.8,0.13
X-2838,ZFYVE27,118813.0,MutKnownFunctional,"Q155*,0.252"
X-2838,ZHX1,11244.0,Amp5,5.5
X-2838,ZHX1-C8ORF76,100533106.0,Amp5,5.5
X-2838,ZHX2,22882.0,Amp5,5.5
X-2838,ZMYM5,9205.0,MutNovel,"LY667Y,0.347"
X-2838,ZNF16,7564.0,Amp5,5.9
X-2838,ZNF184,7738.0,MutNovel,"R738C,0.454"
X-2838,ZNF187,7741.0,MutNovel,"P291S,0.566"
X-2838,ZNF211,10520.0,MutNovel,"P601L,0.241"
X-2838,ZNF224,7767.0,MutNovel,"Q101P,0.528"
X-2838,ZNF236,7776.0,MutNovel,"S1606L,1.000"
X-2838,ZNF250,58500.0,Amp5,5.9
X-2838,ZNF251,90987.0,Amp5,5.9
X-2838,ZNF277,11179.0,MutNovel,"D16N,0.273"
X-2838,ZNF281,23528.0,MutNovel,"P59L,0.286"
X-2838,ZNF318,24149.0,MutNovel,"L538F,0.451"
X-2838,ZNF323,64288.0,MutNovel,"P294S,0.750"
X-2838,ZNF331,55422.0,MutNovel,"R263K,0.309"
X-2838,ZNF335,63925.0,MutNovel,"S202F,0.527"
X-2838,ZNF34,80778.0,Amp5,5.9
X-2838,ZNF367,195828.0,MutNovel,"P19RP,0.556"
X-2838,ZNF416,55659.0,MutNovel,"P353S,0.368"
X-2838,ZNF432,9668.0,MutNovel,"R62Q,0.429"
X-2838,ZNF436,80818.0,MutNovel,"S235F,0.464"
X-2838,ZNF446,55663.0,MutNovel,"P450S,0.475"
X-2838,ZNF517,340385.0,Amp5,5.9
X-2838,ZNF527,84503.0,MutNovel,"Y302CN,0.833"
X-2838,ZNF572,137209.0,Amp5,5.5
X-2838,ZNF615,284370.0,MutKnownFunctional,"Q514*,0.556"
X-2838,ZNF619,285267.0,MutNovel,"E472K,0.318"
X-2838,ZNF623,9831.0,Amp5,5.9
X-2838,ZNF691,51058.0,MutNovel,"P282L,0.644"
X-2838,ZNF696,79943.0,Amp5,6.15
X-2838,ZNF7,7553.0,Amp5,5.9
X-2838,ZNF700,90592.0,MutKnownFunctional,"-710,0.275"
X-2838,ZNF704,619279.0,Amp5,5.54
X-2838,ZNF706,51123.0,Amp5,5.5
X-2838,ZNF707,286075.0,Amp5,5.9
X-2838,ZNF730,,MutNovel,"T412I,1.000"
X-2838,ZNF737,100129842.0,MutNovel,"K407R,0.375"
X-2838,ZNF746,155061.0,MutNovel,"S263L,0.481"
X-2838,ZNF772,400720.0,MutNovel,"S363F,0.632"
X-2838,ZNF83,55769.0,MutNovel,"I110V,0.675"
X-2838,ZSCAN5A,79149.0,MutNovel,"H334Y,0.412"
X-2921,ABCA1,19.0,MutNovel,"P1843S,0.778"
X-2921,ABCA2,20.0,MutNovel,"P1375S,0.424"
X-2921,ABCB4,5244.0,MutNovel,"F1030S,0.421"
X-2921,ABCF1,23.0,MutNovel,"S285F,0.421"
X-2921,ABHD5,51099.0,MutNovel,"S31F,0.371"
X-2921,ABHD5,51099.0,MutNovel,"V132G,0.404"
X-2921,ACOT1,641371.0,Del0.8,0.41
X-2921,ACRC,93953.0,MutNovel,"S228K,0.500"
X-2921,ACSS1,84532.0,MutNovel,"S111C,0.395"
X-2921,ADCY3,109.0,MutKnownFunctional,"LR1093L*,0.408"
X-2921,ADCY6,112.0,MutNovel,"R328W,0.238"
X-2921,AFAP1,60312.0,MutNovel,"R368Q,0.440"
X-2921,AFF4,27125.0,MutNovel,"S1055Y,0.233"
X-2921,AHNAK,79026.0,MutNovel,"A3453V,0.206"
X-2921,AKAP12,9590.0,MutNovel,"R1343M,0.273"
X-2921,AKAP9,10142.0,MutNovel,"G186R,0.424"
X-2921,AKNA,80709.0,MutNovel,"E921G,0.233"
X-2921,ALCAM,214.0,MutNovel,"D264N,0.333"
X-2921,ALDH1A3,220.0,MutNovel,"S86L,0.271"
X-2921,ALG10,84920.0,MutNovel,"R470K,0.452"
X-2921,AMELY,266.0,Del0.8,0.13
X-2921,AMY1A,276.0,Del0.8,0.61
X-2921,AMY1A,276.0,Del0.8,0.61
X-2921,ANKRD29,147463.0,MutNovel,"G135E,1.000"
X-2921,ANKRD45,339416.0,MutNovel,"R122H,1.000"
X-2921,AP1B1,162.0,MutNovel,"S746F,0.375"
X-2921,APBA2,321.0,MutNovel,"E136G,0.375"
X-2921,APC,324.0,MutKnownFunctional,"W593*,0.346"
X-2921,APOL1,8542.0,MutNovel,"R321W,0.229"
X-2921,ARHGAP31,57514.0,MutNovel,"T727I,0.393"
X-2921,ARHGAP4,393.0,MutNovel,"G439K,0.982"
X-2921,ARHGEF12,23365.0,MutNovel,"R1247Q,0.533"
X-2921,ARID1A,8289.0,MutKnownFunctional,"-854,0.240"
X-2921,ARID5A,10865.0,MutNovel,"G391E,0.485"
X-2921,ARMC5,79798.0,MutNovel,"P105L,0.750"
X-2921,ASAH2,56624.0,Del0.8,0.6
X-2921,ASMTL,8623.0,MutNovel,"Y508H,1.000"
X-2921,ASPDH,554235.0,MutNovel,"R46Q,0.600"
X-2921,ATAD3B,83858.0,MutNovel,"S216A,0.571"
X-2921,ATF7IP,55729.0,MutNovel,"P841L,0.469"
X-2921,ATP10A,57194.0,MutNovel,"P1261L,0.637"
X-2921,ATP13A2,23400.0,MutNovel,"P328L,0.844"
X-2921,ATP2A1,487.0,MutNovel,"L462F,1.000"
X-2921,ATP2B3,492.0,MutNovel,"M449T,1.000"
X-2921,B3GALT1,8708.0,MutNovel,"E143D,1.000"
X-2921,BAHCC1,57597.0,MutNovel,"E542K,0.500"
X-2921,BAP1,8314.0,MutNovel,"A496V,0.381"
X-2921,BCL9,607.0,MutNovel,"S583F,0.830"
X-2921,BCORP1,286554.0,Del0.8,0.13
X-2921,BDP1,55814.0,MutNovel,"D1812Y,0.286"
X-2921,BIK,638.0,MutNovel,"E134K,0.238"
X-2921,BOD1L1,,MutNovel,"R2524C,0.482"
X-2921,BPY2B,442867.0,Del0.8,0.04
X-2921,BPY2B,442867.0,Del0.8,0.08
X-2921,BUD13,84811.0,MutNovel,"P41L,0.277"
X-2921,BZW1,9689.0,MutNovel,"R286S,0.267"
X-2921,C11orf63,79864.0,MutKnownFunctional,"-701?,0.263"
X-2921,C14orf101,54916.0,MutNovel,"C310R,0.488"
X-2921,C15orf61,145853.0,MutNovel,"V53A,0.344"
X-2921,C16orf93,90835.0,MutNovel,"E289D,0.600"
X-2921,C1orf122,127687.0,MutNovel,"T57A,0.879"
X-2921,C1orf63,57035.0,MutKnownFunctional,"L170*,0.768"
X-2921,C21orf58,54058.0,MutNovel,"H299PN,0.357"
X-2921,C2orf16,84226.0,MutNovel,"E1317K,0.333"
X-2921,C2orf16,84226.0,MutNovel,"P1609S,0.600"
X-2921,C5orf4,10826.0,MutNovel,"E224A,0.663"
X-2921,C8G,733.0,MutKnownFunctional,"DAR118GA*,0.400"
X-2921,C9orf53,51198.0,Del0.8,0.14
X-2921,CACNG6,59285.0,Amp5,6.54
X-2921,CACNG7,59284.0,Amp5,6.54
X-2921,CACNG8,59283.0,Amp5,6.54
X-2921,CASC3,22794.0,MutNovel,"D173E,0.429"
X-2921,CASP12,100506742.0,MutNovel,"T21I,0.737"
X-2921,CCDC132,55610.0,MutNovel,"S492F,0.275"
X-2921,CCDC43,124808.0,MutNovel,"P4F,0.500"
X-2921,CCDC9,26093.0,MutNovel,"P327S,0.271"
X-2921,CD46,4179.0,MutNovel,"A353V,0.773"
X-2921,CD97,976.0,MutNovel,"P266L,0.355"
X-2921,CDC16,8881.0,MutNovel,"P562L,0.225"
X-2921,CDH12,1010.0,MutKnownFunctional,"G244*,0.800"
X-2921,CDKN2A,1029.0,Del0.8,0.14
X-2921,CDKN2B,1030.0,Del0.8,0.21
X-2921,CDR2L,30850.0,MutKnownFunctional,"Q420*,0.393"
X-2921,CDY1B,253175.0,Del0.8,0.08
X-2921,CDY1B,253175.0,Del0.8,0.13
X-2921,CDY2A,9426.0,Del0.8,0.13
X-2921,CDY2A,9426.0,Del0.8,0.13
X-2921,CDY2B,203611.0,Del0.8,0.13
X-2921,CDY2B,203611.0,Del0.8,0.13
X-2921,CENPA,1058.0,MutNovel,"S36F,0.367"
X-2921,CEP128,145508.0,MutNovel,"R994K,0.412"
X-2921,CEP152,22995.0,MutNovel,"E1438A,0.231"
X-2921,CEP152,22995.0,MutNovel,"R1302Q,0.302"
X-2921,CEP290,80184.0,MutNovel,"P1615S,0.658"
X-2921,CHAF1B,8208.0,MutNovel,"V186A,0.344"
X-2921,CHAMP1,283489.0,MutKnownFunctional,"Q489*,0.258"
X-2921,CHCHD3,54927.0,MutNovel,"S79F,0.359"
X-2921,CHFR,55743.0,MutNovel,"S203F,0.689"
X-2921,CHIC1,53344.0,MutNovel,"V209I,0.889"
X-2921,CHL1-AS2,,MutKnownFunctional,"-76,0.333"
X-2921,CHRM3,1131.0,MutNovel,"E354K,0.800"
X-2921,CHST11,50515.0,MutNovel,"D337N,0.457"
X-2921,CKMT2,1160.0,MutNovel,"D156N,0.757"
X-2921,CLMN,79789.0,MutNovel,"E773K,0.607"
X-2921,CNDP1,84735.0,MutNovel,"V15VLL,0.250"
X-2921,CNOT3,4849.0,Amp5,6.54
X-2921,CNTNAP1,8506.0,MutNovel,"G696D,0.435"
X-2921,CNTNAP3,79937.0,MutNovel,"P435T,0.500"
X-2921,COL12A1,1303.0,MutNovel,"D2894N,0.240"
X-2921,COL19A1,1310.0,MutNovel,"G379E,0.667"
X-2921,COL21A1,81578.0,MutNovel,"L579I,1.000"
X-2921,COL27A1,85301.0,MutNovel,"S419F,0.571"
X-2921,COL3A1,1281.0,MutNovel,"D1453Y,1.000"
X-2921,COL5A2,1290.0,MutNovel,"E1492K,0.329"
X-2921,COPS6,10980.0,MutNovel,"P251S,0.362"
X-2921,COQ4,51117.0,MutNovel,"D68H,0.800"
X-2921,CREBBP,1387.0,MutNovel,"P2255S,0.436"
X-2921,CREBBP,1387.0,MutNovel,"P2094S,0.410"
X-2921,CSPG4P1Y,114758.0,Del0.8,0.19
X-2921,CSPG4P1Y,114758.0,Del0.8,0.13
X-2921,CSRP2BP,57325.0,MutNovel,"S559F,0.456"
X-2921,CT45A2,728911.0,Del0.8,0.67
X-2921,CT45A3,441519.0,Del0.8,0.67
X-2921,CT45A4,441520.0,Del0.8,0.67
X-2921,CTDP1,9150.0,MutNovel,"P409S,0.250"
X-2921,CTPS2,56474.0,MutNovel,"P472L,0.776"
X-2921,CTSA,5476.0,MutNovel,"L29-,0.757"
X-2921,CUX1,1523.0,MutNovel,"S1344L,0.308"
X-2921,CXXC1,30827.0,MutNovel,"R176W,0.283"
X-2921,CXorf40A,91966.0,MutNovel,"P153S,0.607"
X-2921,CYBB,1536.0,MutNovel,"M107I,1.000"
X-2921,DAB2IP,153090.0,MutNovel,"P643L,0.762"
X-2921,DAZ1,1617.0,Del0.8,0.13
X-2921,DAZ2,57055.0,Del0.8,0.09
X-2921,DAZ3,57054.0,Del0.8,0.08
X-2921,DAZ3,57054.0,Del0.8,0.04
X-2921,DAZ4,57135.0,Del0.8,0.09
X-2921,DAZ4,57135.0,Del0.8,0.06
X-2921,DCBLD2,131566.0,MutNovel,"L447H,0.236"
X-2921,DDX11,1663.0,MutNovel,"V609E,0.230"
X-2921,DDX18,8886.0,MutNovel,"E196D,0.273"
X-2921,DDX3Y,8653.0,Del0.8,0.13
X-2921,DENND4B,9909.0,MutNovel,"QQQ908-,0.763"
X-2921,DEPDC1B,55789.0,MutNovel,"A398V,0.309"
X-2921,DET1,55070.0,MutKnownFunctional,"VR50V*,0.605"
X-2921,DHX29,54505.0,MutNovel,"V985A,0.278"
X-2921,DHX34,9704.0,MutNovel,"P3L,0.463"
X-2921,DHX34,9704.0,MutNovel,"P1021L,0.513"
X-2921,DHX37,57647.0,MutNovel,"P726L,0.577"
X-2921,DHX37,57647.0,MutNovel,"P24L,0.788"
X-2921,DIS3L2,129563.0,MutNovel,"P117S,0.577"
X-2921,DMXL1,1657.0,MutNovel,"P2565S,0.422"
X-2921,DNAH1,25981.0,MutKnownFunctional,"Q1099*,0.750"
X-2921,DNAH8,1769.0,MutNovel,"E1292K,0.833"
X-2921,DOCK10,55619.0,MutNovel,"S312L,0.350"
X-2921,DOCK8,81704.0,MutNovel,"L1079M,0.545"
X-2921,DOT1L,84444.0,MutNovel,"P999L,0.662"
X-2921,DPF2,5977.0,MutNovel,"P87S,0.510"
X-2921,DPY19L3,147991.0,MutNovel,"M452T,0.463"
X-2921,DUT,1854.0,MutNovel,"E231K,0.522"
X-2921,E2F4,1874.0,MutNovel,"P253S,0.534"
X-2921,EEF1A1,1915.0,MutNovel,"P161S,0.336"
X-2921,EFHD1,80303.0,MutNovel,"L6R,0.355"
X-2921,EHD2,30846.0,MutNovel,"H511R,0.429"
X-2921,EIF1AY,9086.0,Del0.8,0.13
X-2921,ELL2,22936.0,MutNovel,"Q24R,0.467"
X-2921,ELP4,26610.0,MutNovel,"R31S,0.548"
X-2921,ENC1,8507.0,MutNovel,"P146S,0.269"
X-2921,ENOSF1,55556.0,MutNovel,"G364N,0.389"
X-2921,EPHA6,285220.0,MutNovel,"G478E,1.000"
X-2921,EPHA7,2045.0,MutNovel,"R516Q,0.500"
X-2921,EPHB4,2050.0,MutNovel,"L164P,0.382"
X-2921,EPS8,2059.0,MutNovel,"E458D,0.408"
X-2921,ERVMER34-1,100288413.0,MutNovel,"Q443E,0.467"
X-2921,EVC2,132884.0,MutNovel,"S905F,0.706"
X-2921,EXOC6,54536.0,MutNovel,"P386S,0.552"
X-2921,EXTL3,2137.0,MutNovel,"N402K,0.593"
X-2921,EZH1,2145.0,MutNovel,"P270S,0.324"
X-2921,FAM106A,80039.0,Del0.8,0.65
X-2921,FAM118A,55007.0,MutNovel,"R239C,0.254"
X-2921,FAM120C,54954.0,MutNovel,"S973F,0.680"
X-2921,FAM132B,,MutNovel,"G281R,0.364"
X-2921,FAM171B,165215.0,MutNovel,"S630F,0.517"
X-2921,FAM18B2-CDRT4,100533496.0,MutNovel,"C51Y,0.217"
X-2921,FAM197Y2P,252946.0,Del0.8,0.13
X-2921,FAM21A,387680.0,Del0.8,0.37
X-2921,FAM41AY1,340618.0,Del0.8,0.13
X-2921,FAM41AY1,340618.0,Del0.8,0.13
X-2921,FAM74A4,401508.0,Del0.8,0.54
X-2921,FAM75C2,645961.0,MutNovel,"K60R,0.800"
X-2921,FANCE,2178.0,MutNovel,"S180C,0.366"
X-2921,FAT4,79633.0,MutNovel,"S3071F,1.000"
X-2921,FBF1,85302.0,MutNovel,"R756C,0.529"
X-2921,FBXL16,146330.0,MutNovel,"S398F,0.281"
X-2921,FGD6,55785.0,MutNovel,"E1234K,0.714"
X-2921,FKBP15,23307.0,MutKnownFunctional,"Q499*,0.353"
X-2921,FKBP1A,2280.0,MutNovel,"G70R,0.352"
X-2921,FLAD1,80308.0,MutNovel,"P56L,0.847"
X-2921,FLNA,2316.0,MutNovel,"A366T,0.608"
X-2921,FLNB,2317.0,MutNovel,"V2398A,0.298"
X-2921,FMNL1,752.0,MutNovel,"S512G,0.375"
X-2921,FNIP2,57600.0,MutNovel,"P599L,0.408"
X-2921,FOLH1,2346.0,MutNovel,"G206R,0.571"
X-2921,FOLH1,2346.0,MutNovel,"Y176H,0.550"
X-2921,FOLH1B,219595.0,MutNovel,"L185F,0.714"
X-2921,FOXO4,4303.0,MutNovel,"P375L,0.865"
X-2921,FRAS1,80144.0,MutNovel,"R2857W,0.600"
X-2921,FREM1,158326.0,MutNovel,"E1820K,0.750"
X-2921,FREM1,158326.0,MutNovel,"D842N,1.000"
X-2921,FRY,10129.0,MutNovel,"E2916K,0.692"
X-2921,FRYL,285527.0,MutNovel,"D1335G,0.250"
X-2921,GAB2,9846.0,MutNovel,"R30C,0.328"
X-2921,GALNT10,55568.0,MutNovel,"G480S,0.676"
X-2921,GALT,2592.0,MutNovel,"R123Q,0.800"
X-2921,GATA3,2625.0,MutKnownFunctional,"-335?,0.734"
X-2921,GCC2,9648.0,MutNovel,"L1022F,0.500"
X-2921,GFPT2,9945.0,MutNovel,"F276L,0.625"
X-2921,GIGYF2,26058.0,MutNovel,"PQ1231P,0.921"
X-2921,GINS4,84296.0,MutNovel,"P150L,0.384"
X-2921,GLB1L,79411.0,MutNovel,"D26G,0.941"
X-2921,GOLGA2P2Y,84559.0,Del0.8,0.13
X-2921,GOLGA2P2Y,84559.0,Del0.8,0.19
X-2921,GORASP2,26003.0,MutNovel,"P216S,0.564"
X-2921,GPLD1,2822.0,MutNovel,"V399M,0.667"
X-2921,GTF2H4,2968.0,MutNovel,"Y151H,0.257"
X-2921,GTSE1,51512.0,MutNovel,"E96K,0.451"
X-2921,GYG2P1,352887.0,Del0.8,0.13
X-2921,HARS2,23438.0,MutNovel,"Q292P,0.252"
X-2921,HEATR7A,727957.0,MutNovel,"C804R,0.667"
X-2921,HERC4,26091.0,MutNovel,"G323D,0.540"
X-2921,HEY1,23462.0,MutNovel,"N66S,0.208"
X-2921,HGC6.3,100128124.0,MutNovel,"V90A,0.556"
X-2921,HGC6.3,100128124.0,MutNovel,"Q66P,0.500"
X-2921,HGC6.3,100128124.0,MutNovel,"VF48AS,0.500"
X-2921,HIVEP1,3096.0,MutNovel,"N976K,0.333"
X-2921,HLA-C,3107.0,MutNovel,"EN197KN,0.284"
X-2921,HLA-DRB5,3127.0,Amp8,9.32
X-2921,HLA-G,3135.0,MutNovel,"T187P,1.000"
X-2921,HOXB5,3215.0,MutNovel,"Q172R,0.462"
X-2921,HRC,3270.0,MutNovel,"DV261V,1.000"
X-2921,HSF4,3299.0,MutNovel,"P104S,0.390"
X-2921,HSFY2,159119.0,Del0.8,0.13
X-2921,HSFY2,159119.0,Del0.8,0.13
X-2921,HSPA4,3308.0,MutNovel,"P835S,0.253"
X-2921,HSPA6,3310.0,MutNovel,"K528R,0.531"
X-2921,HSPA6,3310.0,MutNovel,"E532K,0.555"
X-2921,HSPA8,3312.0,MutNovel,"S541P,0.280"
X-2921,HTT,3064.0,MutNovel,"S1467T,0.342"
X-2921,IGF2BP1,10642.0,MutNovel,"A216V,0.391"
X-2921,IGF2BP1,10642.0,MutNovel,"D533N,0.455"
X-2921,IL13RA2,3598.0,MutNovel,"P200S,0.955"
X-2921,IL1RAPL2,26280.0,MutNovel,"G196E,1.000"
X-2921,INADL,10207.0,MutNovel,"V95A,0.467"
X-2921,INTS2,57508.0,MutNovel,"L45P,0.205"
X-2921,INTS5,80789.0,MutNovel,"G1018R,0.232"
X-2921,IQGAP1,8826.0,MutNovel,"M502I,0.238"
X-2921,ITGA1,3672.0,MutNovel,"L781F,0.800"
X-2921,ITGA5,3678.0,MutNovel,"P698L,0.367"
X-2921,ITPR2,3709.0,MutNovel,"R1547C,0.429"
X-2921,ITPRIP,85450.0,MutKnownFunctional,"Q71*,0.250"
X-2921,JMJD1C,221037.0,MutNovel,"S2176G,0.753"
X-2921,KAT6B,23522.0,MutNovel,"V1979I,0.776"
X-2921,KBTBD3,143879.0,Del0.8,0.49
X-2921,KCNC3,3748.0,MutKnownFunctional,"W754*,0.667"
X-2921,KCNQ5,56479.0,MutNovel,"E294K,0.400"
X-2921,KDELC1,79070.0,MutNovel,"D271N,0.224"
X-2921,KDM4E,,MutNovel,"Q113R,1.000"
X-2921,KDM5D,8284.0,Del0.8,0.13
X-2921,KDM6B,23135.0,MutNovel,"S843T,0.361"
X-2921,KGFLP1,387628.0,Del0.8,0.54
X-2921,KIAA0125,9834.0,Amp8,8.06
X-2921,KIAA1429,25962.0,MutNovel,"P581L,0.328"
X-2921,KIAA1671,85379.0,MutNovel,"D1557N,0.233"
X-2921,KLF14,136259.0,MutNovel,"T220M,0.900"
X-2921,KLF14,136259.0,MutNovel,"S62L,0.571"
X-2921,KLHL7,55975.0,MutNovel,"E551K,0.435"
X-2921,KRBA1,84626.0,MutNovel,"A793G,0.227"
X-2921,LAMA2,3908.0,MutNovel,"G2455E,1.000"
X-2921,LAMA5,3911.0,MutNovel,"L927F,0.267"
X-2921,LAMP5,24141.0,MutNovel,"E133Q,0.476"
X-2921,LAMP5,24141.0,MutNovel,"G280V,0.500"
X-2921,LBH,81606.0,MutNovel,"E104K,0.571"
X-2921,LENG1,79165.0,Amp5,6.54
X-2921,LGALS9C,654346.0,Del0.8,0.65
X-2921,LILRB1,10859.0,MutNovel,"R571G,0.867"
X-2921,LMLN,89782.0,MutKnownFunctional,"W31*,0.400"
X-2921,LMNB2,84823.0,MutNovel,"R615K,0.238"
X-2921,LMX1B,4010.0,MutNovel,"R249Q,0.464"
X-2921,LNP1,348801.0,MutNovel,"S114F,0.512"
X-2921,LOC100129520,100129520.0,MutNovel,"P467S,1.000"
X-2921,LOC100506310,,MutNovel,"P550L,0.808"
X-2921,LOC100507338,,MutNovel,"R72C,0.357"
X-2921,LOC100996489,,MutNovel,"P61S,1.000"
X-2921,LOC391766,,MutNovel,"R82S,1.000"
X-2921,LOC391766,,MutNovel,"R114W,1.000"
X-2921,LOC642361,642361.0,Del0.8,0.31
X-2921,LPHN1,22859.0,MutKnownFunctional,"W306*,0.469"
X-2921,LPHN2,23266.0,MutNovel,"R564G,0.209"
X-2921,LPHN2,23266.0,MutNovel,"P1340S,0.839"
X-2921,LRP5,4041.0,MutNovel,"G601E,0.270"
X-2921,LRRC16B,90668.0,MutKnownFunctional,"R337*,1.000"
X-2921,LRRC37A,9884.0,MutNovel,"H435Q,1.000"
X-2921,LRRC37A2,474170.0,MutNovel,"V449I,1.000"
X-2921,LSR,51599.0,MutNovel,"G518GR,0.899"
X-2921,MAK16,84549.0,MutNovel,"K171T,0.390"
X-2921,MAN2A2,4122.0,MutNovel,"E136K,0.220"
X-2921,MAP1A,4130.0,MutNovel,"D2302N,0.375"
X-2921,MAP4K2,5871.0,MutNovel,"H681Y,0.226"
X-2921,MAP4K4,9448.0,MutNovel,"G652K,0.233"
X-2921,MBOAT7,79143.0,Amp5,6.54
X-2921,MCMBP,79892.0,MutNovel,"R398Q,0.702"
X-2921,MCPH1,79648.0,MutNovel,"S417L,0.288"
X-2921,MDN1,23195.0,MutNovel,"G5547K,0.326"
X-2921,MDN1,23195.0,MutNovel,"P135L,0.233"
X-2921,MED12,9968.0,MutNovel,"P714F,0.786"
X-2921,MED12L,116931.0,MutNovel,"R636W,0.667"
X-2921,MET,4233.0,MutNovel,"S473L,0.361"
X-2921,METTL14,57721.0,MutNovel,"P277S,0.561"
X-2921,MFN2,9927.0,MutNovel,"P755S,0.894"
X-2921,MICAL3,57553.0,MutNovel,"D674N,0.337"
X-2921,MINK1,50488.0,MutNovel,"F1154L,0.356"
X-2921,MIR1283-2,100302205.0,Amp5,6.54
X-2921,MIR371A,442916.0,Amp5,6.54
X-2921,MIR371B,100616185.0,Amp5,6.54
X-2921,MIR373,442918.0,Amp5,6.54
X-2921,MIR516A1,574498.0,Amp5,6.54
X-2921,MIR516A2,574499.0,Amp5,6.54
X-2921,MIR519A2,574500.0,Amp5,6.54
X-2921,MIR527,574497.0,Amp5,6.54
X-2921,MIR935,100126325.0,Amp5,6.54
X-2921,MKNK1,8569.0,MutNovel,"W285C,0.917"
X-2921,MKRN1,23608.0,MutNovel,"S258L,0.380"
X-2921,MLL2,8085.0,MutNovel,"L4901V,0.506"
X-2921,MMS22L,253714.0,MutNovel,"S313L,0.345"
X-2921,MORC4,79710.0,MutNovel,"S656F,0.678"
X-2921,MRPS30,10884.0,MutNovel,"-124EP,0.509"
X-2921,MSRB3,253827.0,MutNovel,"A162V,0.270"
X-2921,MTAP,4507.0,Del0.8,0.17
X-2921,MUC5AC,,MutNovel,"L701V,1.000"
X-2921,MYADM,91663.0,Amp5,6.54
X-2921,MYBL1,4603.0,MutNovel,"R454L,0.444"
X-2921,MYCBP2,23077.0,MutNovel,"P1950L,0.370"
X-2921,MYH9,4627.0,MutNovel,"D919Y,0.278"
X-2921,MYO3A,53904.0,MutNovel,"M493I,1.000"
X-2921,NAA60,79903.0,MutNovel,"P35S,0.372"
X-2921,NANOS1,340719.0,MutNovel,"P34T,1.000"
X-2921,NARF,26502.0,MutNovel,"C53S,0.415"
X-2921,NBEA,26960.0,MutNovel,"E1720K,0.729"
X-2921,NBN,4683.0,MutKnownFunctional,"R43*,0.206"
X-2921,NBPF10,100132406.0,MutNovel,"R36V,0.356"
X-2921,NBPF9,400818.0,MutNovel,"Q184R,0.400"
X-2921,NCOA4,8031.0,MutNovel,"P398S,0.656"
X-2921,NCOR2,9612.0,MutNovel,"G1839GAAA,1.000"
X-2921,NCOR2,9612.0,MutNovel,"-511S,0.852"
X-2921,NCR3LG1,,MutNovel,"E158K,0.538"
X-2921,NCRNA00185,55410.0,Del0.8,0.13
X-2921,NDE1,54820.0,MutNovel,"N276K,0.344"
X-2921,NDUFA3,4696.0,Amp5,6.54
X-2921,NEFH,4744.0,MutNovel,"KAKSPEKEE651K,0.375"
X-2921,NEIL1,79661.0,MutKnownFunctional,"-190?,0.417"
X-2921,NEK2,4751.0,MutNovel,"R337C,0.892"
X-2921,NEURL2,140825.0,MutNovel,"F55L,0.375"
X-2921,NFE2L1,4779.0,MutNovel,"G245E,0.655"
X-2921,NKD1,85407.0,MutNovel,"P392L,0.467"
X-2921,NLGN4X,57502.0,MutNovel,"S767L,1.000"
X-2921,NLGN4Y,22829.0,Del0.8,0.13
X-2921,NLRP12,91662.0,Amp5,6.54
X-2921,NOD1,10392.0,MutNovel,"P506L,0.471"
X-2921,NPIPL3,23117.0,MutNovel,"R799H,1.000"
X-2921,NRAS,4893.0,MutKnownFunctional,"Q61R,0.739"
X-2921,NRG3,10718.0,MutNovel,"R499Q,0.900"
X-2921,NUP54,53371.0,MutNovel,"S212L,0.348"
X-2921,OBP2B,29989.0,MutNovel,"R149H,1.000"
X-2921,OBP2B,29989.0,MutNovel,"G130A,1.000"
X-2921,OCEL1,79629.0,MutNovel,"A25S,0.333"
X-2921,OCLM,10896.0,MutNovel,"L13F,0.700"
X-2921,ODZ1,10178.0,MutNovel,"G2517R,1.000"
X-2921,OR51A4,401666.0,Del0.8,0.57
X-2921,OR52N1,79473.0,Del0.8,0.39
X-2921,OR52N5,390075.0,Del0.8,0.09
X-2921,OR9I1,219954.0,Del0.8,0.55
X-2921,ORAI1,84876.0,MutNovel,"PP43-,1.000"
X-2921,ORAI2,80228.0,MutNovel,"R91W,0.409"
X-2921,OSCAR,126014.0,Amp5,6.54
X-2921,PAK2,5062.0,MutNovel,"V415A,0.303"
X-2921,PASD1,139135.0,MutNovel,"S283F,1.000"
X-2921,PBXIP1,57326.0,MutNovel,"P234S,0.813"
X-2921,PCDH11Y,83259.0,Del0.8,0.13
X-2921,PCDHB2,56133.0,MutNovel,"E57K,0.833"
X-2921,PCNT,5116.0,MutNovel,"H633Y,0.241"
X-2921,PDE4DIP,9659.0,MutNovel,"V526A,0.518"
X-2921,PHACTR4,65979.0,MutNovel,"M27I,0.827"
X-2921,PHF12,57649.0,MutNovel,"P1004L,0.351"
X-2921,PHF20,51230.0,MutNovel,"P520S,0.273"
X-2921,PHLDA1,22822.0,MutNovel,"QQ194Q,1.000"
X-2921,PHLDB1,23187.0,MutNovel,"S985F,0.327"
X-2921,PIEZO2,63895.0,MutNovel,"H2002Y,0.600"
X-2921,PIGG,54872.0,MutNovel,"L127F,0.446"
X-2921,PIGG,54872.0,MutNovel,"P466S,0.450"
X-2921,PIGN,23556.0,MutNovel,"M664I,0.391"
X-2921,PKNOX2,63876.0,MutNovel,"E442-,0.400"
X-2921,PLRG1,5356.0,MutNovel,"G152E,0.496"
X-2921,POM121C,100101267.0,MutNovel,"S802F,0.486"
X-2921,POP1,10940.0,MutNovel,"S441C,0.364"
X-2921,PPARGC1A,10891.0,MutNovel,"S503L,0.341"
X-2921,PPP1R18,,MutNovel,"P428L,0.450"
X-2921,PPP1R9A,55607.0,MutNovel,"M1007V,0.417"
X-2921,PPP2R3C,55012.0,MutKnownFunctional,"-23?,1.000"
X-2921,PPP6C,5537.0,MutLikelyFunctional,"R264C,0.799"
X-2921,PRADC1,84279.0,MutNovel,"E127D,0.226"
X-2921,PRAMEF1,65121.0,MutNovel,"A372G,1.000"
X-2921,PRAMEF1,65121.0,MutNovel,"F430L,0.333"
X-2921,PRAMEF11,440560.0,MutNovel,"R228H,0.500"
X-2921,PRAMEF13,400736.0,MutNovel,"R265G,0.600"
X-2921,PRDM11,56981.0,MutNovel,"P1020S,0.500"
X-2921,PRELID2,153768.0,MutNovel,"S119F,0.542"
X-2921,PREX2,80243.0,MutNovel,"P1405L,0.800"
X-2921,PRICKLE2,166336.0,MutNovel,"A552S,0.333"
X-2921,PRKCE,5581.0,MutNovel,"D493N,0.360"
X-2921,PRKCG,5582.0,Amp5,6.54
X-2921,PRKD1,5587.0,MutNovel,"P157S,0.655"
X-2921,PRKG2,5593.0,MutNovel,"L663F,0.364"
X-2921,PRKRIR,5612.0,MutNovel,"Q442R,0.236"
X-2921,PRKY,5616.0,Del0.8,0.13
X-2921,PRPF3,9129.0,MutNovel,"S356L,0.658"
X-2921,PRPF31,26121.0,Amp5,6.54
X-2921,PRRG1,5638.0,MutNovel,"P168S,0.593"
X-2921,PRY,9081.0,Del0.8,0.13
X-2921,PRY,9081.0,Del0.8,0.13
X-2921,PRY2,442862.0,Del0.8,0.13
X-2921,PRY2,442862.0,Del0.8,0.13
X-2921,PSTPIP2,9050.0,MutNovel,"E203K,0.600"
X-2921,PTGS2,5743.0,MutNovel,"D590N,0.286"
X-2921,PTGS2,5743.0,MutNovel,"V87I,0.571"
X-2921,PTK2B,2185.0,MutNovel,"P740S,0.222"
X-2921,PTN,5764.0,MutNovel,"S153F,0.516"
X-2921,PTPN4,5775.0,MutNovel,"P254S,0.517"
X-2921,PTPRD,5789.0,MutNovel,"P1530L,1.000"
X-2921,PTPRK,5796.0,MutNovel,"G677E,0.311"
X-2921,PTPRK,5796.0,MutNovel,"R233Q,0.386"
X-2921,QRICH1,54870.0,MutKnownFunctional,"Q46*,0.480"
X-2921,RAI1,10743.0,MutNovel,"P1321S,0.446"
X-2921,RALGAPA1,253959.0,MutNovel,"P1312S,0.364"
X-2921,RALGAPB,57148.0,MutNovel,"V440I,0.375"
X-2921,RASEF,158158.0,MutNovel,"E676K,0.318"
X-2921,RBBP6,5930.0,MutNovel,"P297Q,0.371"
X-2921,RBM27,54439.0,MutNovel,"P608S,0.250"
X-2921,RBM33,155435.0,MutNovel,"P648S,0.333"
X-2921,RBMXL1,494115.0,MutKnownFunctional,"-1?,0.593"
X-2921,RBMXL2,27288.0,MutNovel,"E25K,1.000"
X-2921,RBMXL2,27288.0,MutNovel,"T134A,1.000"
X-2921,RBMY1A3P,286557.0,Del0.8,0.13
X-2921,RBMY1B,378948.0,Del0.8,0.13
X-2921,RBMY1B,378948.0,Del0.8,0.13
X-2921,RBMY1E,378950.0,Del0.8,0.13
X-2921,RBMY1E,378950.0,Del0.8,0.13
X-2921,RBMY1F,159163.0,Del0.8,0.13
X-2921,RBMY1F,159163.0,Del0.8,0.13
X-2921,RBMY1J,378951.0,Del0.8,0.13
X-2921,RBMY1J,378951.0,Del0.8,0.13
X-2921,RBMY2EP,159125.0,Del0.8,0.13
X-2921,RBMY2FP,159162.0,Del0.8,0.13
X-2921,RBMY3AP,64593.0,Del0.8,0.13
X-2921,RDBP,7936.0,MutNovel,"RDR222R,0.256"
X-2921,RFC1,5981.0,MutNovel,"S338L,0.340"
X-2921,RFPL4A,342931.0,MutNovel,"A137T,0.333"
X-2921,RFX1,5989.0,MutNovel,"P41S,0.500"
X-2921,RGPD3,653489.0,MutNovel,"F1550I,0.667"
X-2921,RGS3,5998.0,MutNovel,"P1196S,0.879"
X-2921,RHD,6007.0,Del0.8,0.39
X-2921,RIMS4,140730.0,MutNovel,"P189S,0.462"
X-2921,RIN3,79890.0,MutNovel,"G967-,1.000"
X-2921,RMND1,55005.0,MutKnownFunctional,"-29,0.431"
X-2921,RNF217,154214.0,MutNovel,"S35F,0.625"
X-2921,RPS4Y1,6192.0,Del0.8,0.13
X-2921,RPS4Y2,140032.0,Del0.8,0.13
X-2921,S100A7,6278.0,MutNovel,"M35I,1.000"
X-2921,SALL1,6299.0,MutNovel,"F378L,0.607"
X-2921,SCN5A,6331.0,MutNovel,"G579E,0.750"
X-2921,SEMA3A,10371.0,MutNovel,"E249K,0.286"
X-2921,SEMA3F,6405.0,MutNovel,"P407L,0.283"
X-2921,SEMA6D,80031.0,MutNovel,"D387N,0.229"
X-2921,SENP7,57337.0,MutNovel,"D126E,0.565"
X-2921,SERINC2,347735.0,MutNovel,"-373Q,1.000"
X-2921,SERINC5,256987.0,MutKnownFunctional,"W411*,0.492"
X-2921,SERPINF1,5176.0,MutNovel,"L89F,0.492"
X-2921,SESN2,83667.0,MutNovel,"A119T,0.333"
X-2921,SFI1,9814.0,MutNovel,"P982S,0.468"
X-2921,SH3D19,152503.0,MutNovel,"R169Q,0.431"
X-2921,SHB,6461.0,MutKnownFunctional,"Q30*,0.571"
X-2921,SHISA8,440829.0,MutNovel,"D276N,0.600"
X-2921,SIGLEC14,100049587.0,Del0.8,0.63
X-2921,SIPA1,6494.0,MutNovel,"P416S,0.479"
X-2921,SIPA1L1,26037.0,MutNovel,"P513L,0.359"
X-2921,SLC25A34,284723.0,MutNovel,"A274T,1.000"
X-2921,SLC2A10,81031.0,MutNovel,"L180V,0.333"
X-2921,SLC43A3,29015.0,MutNovel,"P131S,0.409"
X-2921,SLC5A12,159963.0,MutNovel,"D363N,0.375"
X-2921,SLC9A3,6550.0,MutNovel,"L556M,0.308"
X-2921,SLC9A3,6550.0,MutNovel,"V235L,0.714"
X-2921,SLCO3A1,28232.0,MutNovel,"E673D,0.526"
X-2921,SLX4,84464.0,MutNovel,"R598K,0.444"
X-2921,SMG9,56006.0,MutNovel,"A169S,0.298"
X-2921,SMTN,6525.0,MutNovel,"S437F,0.400"
X-2921,SP6,80320.0,MutNovel,"D42N,0.545"
X-2921,SQLE,6713.0,MutNovel,"S117L,0.251"
X-2921,SRCIN1,80725.0,MutNovel,"G888S,0.353"
X-2921,SRPK1,6732.0,MutNovel,"F542V,0.512"
X-2921,SRRM2,23524.0,MutNovel,"P1248L,0.348"
X-2921,SRY,6736.0,Del0.8,0.13
X-2921,STAG3,10734.0,MutNovel,"R543W,1.000"
X-2921,STAT5A,6776.0,MutNovel,"R649Q,0.213"
X-2921,SULF1,23213.0,MutNovel,"G688S,0.273"
X-2921,SUPT6H,6830.0,MutNovel,"D47N,0.314"
X-2921,SYT15,83849.0,MutKnownFunctional,"R381*,1.000"
X-2921,TAF7L,54457.0,MutNovel,"P193L,0.500"
X-2921,TARM1,441864.0,Amp5,6.54
X-2921,TAS2R19,259294.0,MutNovel,"V223A,0.500"
X-2921,TBC1D3F,,MutNovel,"M81I,0.444"
X-2921,TBL1Y,90665.0,Del0.8,0.13
X-2921,TEFM,79736.0,MutNovel,"M116I,0.442"
X-2921,TENC1,23371.0,MutNovel,"V590L,0.512"
X-2921,TEX101,83639.0,MutNovel,"P176L,0.720"
X-2921,TFPI2,7980.0,MutNovel,"F186L,0.241"
X-2921,TFPT,29844.0,Amp5,6.54
X-2921,TGIF2LY,90655.0,Del0.8,0.13
X-2921,THADA,63892.0,MutNovel,"P881L,0.500"
X-2921,TIE1,7075.0,MutNovel,"G108S,1.000"
X-2921,TM4SF19,116211.0,MutNovel,"L240H,0.220"
X-2921,TMC4,147798.0,Amp5,6.54
X-2921,TMEFF2,23671.0,MutNovel,"C165Y,1.000"
X-2921,TMEM108,66000.0,MutNovel,"R87C,0.615"
X-2921,TMEM43,79188.0,MutNovel,"D198N,0.412"
X-2921,TMSB4Y,9087.0,Del0.8,0.13
X-2921,TMX4,56255.0,MutNovel,"R120C,0.460"
X-2921,TPX2,22974.0,MutNovel,"R744Q,0.454"
X-2921,TRIM13,10206.0,MutNovel,"G68E,0.631"
X-2921,TRIM22,10346.0,MutNovel,"A341V,0.688"
X-2921,TRIM48,79097.0,MutNovel,"M35L,0.333"
X-2921,TRIP6,7205.0,MutNovel,"G80K,0.254"
X-2921,TRMT44,,MutNovel,"G641R,0.379"
X-2921,TRNT1,51095.0,MutKnownFunctional,"-416?,0.424"
X-2921,TSEN34,79042.0,Amp5,6.54
X-2921,TSPY1,7258.0,Del0.8,0.13
X-2921,TSPY2,64591.0,Del0.8,0.13
X-2921,TSPY3,728137.0,Del0.8,0.13
X-2921,TSPY4,728395.0,Del0.8,0.13
X-2921,TSPY8,728403.0,Del0.8,0.13
X-2921,TSPYL1,7259.0,MutNovel,"V176VW,0.732"
X-2921,TTTY10,246119.0,Del0.8,0.13
X-2921,TTTY11,83866.0,Del0.8,0.13
X-2921,TTTY12,83867.0,Del0.8,0.13
X-2921,TTTY13,83868.0,Del0.8,0.13
X-2921,TTTY14,83869.0,Del0.8,0.13
X-2921,TTTY15,64595.0,Del0.8,0.13
X-2921,TTTY16,252948.0,Del0.8,0.13
X-2921,TTTY17A,252949.0,Del0.8,0.19
X-2921,TTTY17A,252949.0,Del0.8,0.08
X-2921,TTTY18,252950.0,Del0.8,0.13
X-2921,TTTY19,252952.0,Del0.8,0.13
X-2921,TTTY1B,100101116.0,Del0.8,0.13
X-2921,TTTY1B,100101116.0,Del0.8,0.13
X-2921,TTTY2,60439.0,Del0.8,0.13
X-2921,TTTY2,60439.0,Del0.8,0.13
X-2921,TTTY20,252951.0,Del0.8,0.13
X-2921,TTTY21,252953.0,Del0.8,0.13
X-2921,TTTY21,252953.0,Del0.8,0.13
X-2921,TTTY22,252954.0,Del0.8,0.13
X-2921,TTTY23,252955.0,Del0.8,0.13
X-2921,TTTY23,252955.0,Del0.8,0.13
X-2921,TTTY3,114760.0,Del0.8,0.08
X-2921,TTTY3,114760.0,Del0.8,0.13
X-2921,TTTY4,114761.0,Del0.8,0.04
X-2921,TTTY4,114761.0,Del0.8,0.08
X-2921,TTTY5,83863.0,Del0.8,0.13
X-2921,TTTY6,84672.0,Del0.8,0.13
X-2921,TTTY6,84672.0,Del0.8,0.13
X-2921,TTTY7,246122.0,Del0.8,0.13
X-2921,TTTY7,246122.0,Del0.8,0.13
X-2921,TTTY7B,100101120.0,Del0.8,0.13
X-2921,TTTY7B,100101120.0,Del0.8,0.13
X-2921,TTTY8,84673.0,Del0.8,0.13
X-2921,TTTY8,84673.0,Del0.8,0.13
X-2921,TTTY9A,83864.0,Del0.8,0.13
X-2921,TTTY9A,83864.0,Del0.8,0.13
X-2921,TUBA3D,113457.0,MutNovel,"R156W,0.667"
X-2921,TUBA3D,113457.0,MutNovel,"G162S,1.000"
X-2921,TUBGCP2,10844.0,MutNovel,"F786L,0.525"
X-2921,TULP3,7289.0,MutNovel,"P70L,0.338"
X-2921,TXLNG2P,246126.0,Del0.8,0.13
X-2921,TXNRD3,114112.0,MutNovel,"G316R,0.267"
X-2921,UBE2O,63893.0,MutNovel,"D674E,0.356"
X-2921,UBE4A,9354.0,MutNovel,"R364C,0.244"
X-2921,UBR2,23304.0,MutNovel,"N1322S,0.381"
X-2921,UCKL1,54963.0,MutNovel,"D477N,0.309"
X-2921,UCP3,7352.0,MutNovel,"H220Y,0.750"
X-2921,UHRF1BP1,54887.0,MutNovel,"P283S,0.280"
X-2921,UNC13B,10497.0,MutNovel,"V606G,0.909"
X-2921,UPF1,5976.0,MutNovel,"P876L,0.204"
X-2921,USP32P2,220594.0,Del0.8,0.65
X-2921,USP36,57602.0,MutNovel,"KKK958K,0.765"
X-2921,USP39,10713.0,MutNovel,"N417S,0.255"
X-2921,USP43,124739.0,MutNovel,"P161T,0.375"
X-2921,USP9Y,8287.0,Del0.8,0.13
X-2921,UTP20,27340.0,MutNovel,"A1039V,0.306"
X-2921,UTY,7404.0,Del0.8,0.13
X-2921,VCY,9084.0,Del0.8,0.13
X-2921,VCY,9084.0,Del0.8,0.13
X-2921,VEGFC,7424.0,MutNovel,"E135K,0.500"
X-2921,VPS4B,9525.0,MutNovel,"I126T,0.320"
X-2921,VSTM1,284415.0,Amp5,6.54
X-2921,WASF3,10810.0,MutNovel,"P305L,0.400"
X-2921,WASH1,100287171.0,MutNovel,"P321S,0.333"
X-2921,WBSCR16,81554.0,MutNovel,"R15W,0.381"
X-2921,WBSCR22,114049.0,MutNovel,"P213S,0.332"
X-2921,WDFY1,57590.0,MutNovel,"P14L,0.431"
X-2921,WDR35,57539.0,MutKnownFunctional,"R113*,0.333"
X-2921,WDR36,134430.0,MutNovel,"G540R,0.654"
X-2921,WDR52,55779.0,MutNovel,"T255I,0.500"
X-2921,WDR74,54663.0,MutNovel,"P166L,0.523"
X-2921,WNK1,65125.0,MutNovel,"P1212S,0.627"
X-2921,WNK2,65268.0,MutNovel,"A403V,0.769"
X-2921,XAGE1D,,MutNovel,"S3R,0.667"
X-2921,XAGE1E,,MutNovel,"V38M,0.667"
X-2921,XKR5,389610.0,MutNovel,"Q545R,0.824"
X-2921,XKRY2,353515.0,Del0.8,0.13
X-2921,XKRY2,353515.0,Del0.8,0.13
X-2921,ZAK,51776.0,MutNovel,"R798G,0.667"
X-2921,ZC3H18,124245.0,MutNovel,"P625S,0.571"
X-2921,ZDHHC11,79844.0,MutNovel,"A303D,0.375"
X-2921,ZER1,10444.0,MutNovel,"R766I,0.267"
X-2921,ZFP30,22835.0,MutNovel,"R392C,0.324"
X-2921,ZFY,7544.0,Del0.8,0.13
X-2921,ZFYVE28,57732.0,MutNovel,"S523L,0.462"
X-2921,ZHX1,11244.0,MutNovel,"A434T,0.476"
X-2921,ZNF134,7693.0,MutNovel,"C148S,0.548"
X-2921,ZNF142,7701.0,MutNovel,"E1542K,0.316"
X-2921,ZNF142,7701.0,MutNovel,"L1095Q,0.419"
X-2921,ZNF219,51222.0,MutNovel,"Q233R,0.337"
X-2921,ZNF234,10780.0,MutNovel,"N304H,0.267"
X-2921,ZNF334,55713.0,MutNovel,"T329I,0.538"
X-2921,ZNF33B,7582.0,MutNovel,"F338I,0.600"
X-2921,ZNF354B,117608.0,MutNovel,"D609Y,0.750"
X-2921,ZNF384,171017.0,MutNovel,"QQ514Q,1.000"
X-2921,ZNF444,55311.0,MutNovel,"G168V,0.329"
X-2921,ZNF491,126069.0,MutNovel,"A139V,0.667"
X-2921,ZNF502,91392.0,MutNovel,"H345Y,0.359"
X-2921,ZNF572,137209.0,MutNovel,"L179I,0.333"
X-2921,ZNF598,90850.0,MutNovel,"H14P,1.000"
X-2921,ZNF680,340252.0,MutNovel,"H428Y,0.309"
X-2921,ZNF721,170960.0,MutNovel,"H607Y,0.320"
X-2921,ZNF728,,MutNovel,"L579F,0.727"
X-2921,ZNF728,,MutNovel,"K431I,0.667"
X-2921,ZNF778,197320.0,MutNovel,"A218T,0.500"
X-2921,ZNF808,388558.0,MutNovel,"R82T,0.364"
X-2921,ZNF808,388558.0,MutNovel,"H93Y,0.214"
X-2921,ZNF836,162962.0,MutNovel,"P413L,0.500"
X-2921,ZSCAN20,7579.0,MutNovel,"E155K,0.917"
X-2921,ZWILCH,55055.0,MutNovel,"P50S,0.265"
X-3050,61E3.4,,MutNovel,"N43S,0.857"
X-3050,AASDHPPT,60496.0,Amp5,5.31
X-3050,ABCF2,10061.0,MutNovel,"M206L,0.383"
X-3050,ACTR3BP5,399746.0,Amp8,19.97
X-3050,ADAM18,8749.0,Amp5,5.17
X-3050,ADAM2,2515.0,Amp5,5.17
X-3050,ADAM32,203102.0,Amp5,5.17
X-3050,ADAM3A,1587.0,Amp5,5.17
X-3050,ADAM5P,255926.0,Amp5,5.17
X-3050,ADAM9,8754.0,Amp5,5.17
X-3050,ADRB3,155.0,Amp5,5.17
X-3050,AGAP1,116987.0,MutNovel,"A181G,1.000"
X-3050,AKD1,221264.0,MutNovel,"L83F,0.714"
X-3050,AMELY,266.0,Del0.8,0.54
X-3050,ANGEL1,23357.0,MutNovel,"D401N,0.778"
X-3050,ANGPTL5,253935.0,Amp8,10.78
X-3050,ANKRD30A,91074.0,Amp8,19.97
X-3050,ANO1,55107.0,Amp8,11.79
X-3050,ANXA8L2,244.0,Amp5,5.78
X-3050,APAF1,317.0,MutNovel,"R778S,0.360"
X-3050,ARHGDIB,397.0,MutNovel,"K197R,0.556"
X-3050,ARID1A,8289.0,MutKnownFunctional,"R2158*,0.667"
X-3050,ASH2L,9070.0,Amp5,5.17
X-3050,ATP13A2,23400.0,MutNovel,"G1094D,1.000"
X-3050,ATP5F1,515.0,MutNovel,"I201V,1.000"
X-3050,ATXN2L,11273.0,MutKnownFunctional,"R539*,0.315"
X-3050,BAG4,9530.0,Amp5,5.17
X-3050,BAI2,576.0,MutNovel,"R210C,1.000"
X-3050,BCORP1,286554.0,Del0.8,0.54
X-3050,BIRC2,329.0,Amp8,10.78
X-3050,BIRC3,330.0,Amp8,10.78
X-3050,BPY2B,442867.0,Del0.8,0.54
X-3050,BPY2B,442867.0,Del0.8,0.54
X-3050,BRAT1,221927.0,MutNovel,"K304Q,0.268"
X-3050,BRF2,55290.0,Amp5,5.17
X-3050,C11orf70,85016.0,Amp8,10.78
X-3050,C8orf4,56892.0,Amp5,5.17
X-3050,C8orf86,389649.0,Amp5,5.17
X-3050,CAMSAP2,23271.0,MutNovel,"S799C,0.310"
X-3050,CCDC102B,79839.0,MutNovel,"K396R,1.000"
X-3050,CCDC132,55610.0,MutNovel,"S338I,0.704"
X-3050,CCDC57,284001.0,MutNovel,"P795T,1.000"
X-3050,CCDC99,54908.0,MutNovel,"Q129H,0.465"
X-3050,CCND1,595.0,Amp5,6.77
X-3050,CCNY,219771.0,Amp8,19.97
X-3050,CDY1B,253175.0,Del0.8,0.54
X-3050,CDY1B,253175.0,Del0.8,0.54
X-3050,CDY2A,9426.0,Del0.8,0.54
X-3050,CDY2A,9426.0,Del0.8,0.54
X-3050,CDY2B,203611.0,Del0.8,0.54
X-3050,CDY2B,203611.0,Del0.8,0.54
X-3050,CHD2,1106.0,MutNovel,"G607A,0.333"
X-3050,CHD8,57680.0,MutNovel,"G1103S,0.476"
X-3050,CHFR,55743.0,MutNovel,"A144S,1.000"
X-3050,CLSPN,63967.0,MutNovel,"K729N,0.340"
X-3050,CNIH,10175.0,MutNovel,"F5L,0.485"
X-3050,COL11A1,1301.0,MutNovel,"E402K,0.611"
X-3050,CPT1A,1374.0,Amp8,8.28
X-3050,CREM,1390.0,Amp8,19.97
X-3050,CROCC,9696.0,MutNovel,"R637Q,0.625"
X-3050,CSPG4P1Y,114758.0,Del0.8,0.54
X-3050,CSPG4P1Y,114758.0,Del0.8,0.54
X-3050,CTTN,2017.0,Amp8,11.79
X-3050,CUL2,8453.0,Amp8,19.97
X-3050,DAZ1,1617.0,Del0.8,0.54
X-3050,DAZ2,57055.0,Del0.8,0.54
X-3050,DAZ3,57054.0,Del0.8,0.54
X-3050,DAZ3,57054.0,Del0.8,0.54
X-3050,DAZ4,57135.0,Del0.8,0.54
X-3050,DAZ4,57135.0,Del0.8,0.54
X-3050,DBF4,10926.0,MutNovel,"I153H,0.419"
X-3050,DCUN1D5,84259.0,Amp8,10.78
X-3050,DDHD2,23259.0,Amp5,5.17
X-3050,DDI1,414301.0,Amp5,5.5
X-3050,DDX3Y,8653.0,Del0.8,0.54
X-3050,DENND3,22898.0,MutNovel,"R752S,0.500"
X-3050,DEPDC7,91614.0,MutNovel,"R133G,0.500"
X-3050,DHX16,8449.0,MutNovel,"R211H,0.988"
X-3050,DHX37,57647.0,MutNovel,"L1098Q,0.382"
X-3050,DISP1,84976.0,MutNovel,"K1207N,0.250"
X-3050,DNAJC13,23317.0,MutNovel,"R2084Q,0.361"
X-3050,DSC2,1824.0,MutKnownFunctional,"-896?,0.333"
X-3050,DYNC2H1,79659.0,Amp8,10.78
X-3050,EEA1,8411.0,MutNovel,"R615H,0.591"
X-3050,EHMT2,10919.0,MutNovel,"L151Q,1.000"
X-3050,EIF1AY,9086.0,Del0.8,0.54
X-3050,EIF4EBP1,1978.0,Amp5,5.17
X-3050,ENO4,387712.0,MutNovel,"P117S,0.273"
X-3050,ERLIN2,11160.0,Amp5,5.17
X-3050,EVC2,132884.0,MutNovel,"V941L,1.000"
X-3050,FADD,8772.0,Amp8,11.79
X-3050,FAM197Y2P,252946.0,Del0.8,0.54
X-3050,FAM41AY1,340618.0,Del0.8,0.54
X-3050,FAM41AY1,340618.0,Del0.8,0.54
X-3050,FAT1,2195.0,MutNovel,"R4208Q,0.333"
X-3050,FCHSD2,9873.0,MutNovel,"S551R,1.000"
X-3050,FGF19,9965.0,Amp5,6.77
X-3050,FGF3,2248.0,Amp8,11.79
X-3050,FGF4,2249.0,Amp8,11.79
X-3050,FGFR1,2260.0,Amp5,5.17
X-3050,FIG4,9896.0,MutNovel,"G28W,0.667"
X-3050,FIP1L1,81608.0,MutNovel,"V326A,0.623"
X-3050,FZD8,8325.0,Amp8,19.97
X-3050,GAL,51083.0,Amp8,8.28
X-3050,GAS8,2622.0,MutNovel,"R278H,0.649"
X-3050,GCFC1,94104.0,MutNovel,"K99E,1.000"
X-3050,GJD4,219770.0,Amp8,19.97
X-3050,GOLGA2P2Y,84559.0,Del0.8,0.54
X-3050,GOLGA2P2Y,84559.0,Del0.8,0.54
X-3050,GOLGB1,2804.0,MutNovel,"A3020T,1.000"
X-3050,GOT1L1,137362.0,Amp5,5.17
X-3050,GPR124,25960.0,Amp5,5.17
X-3050,GYG2P1,352887.0,Del0.8,0.54
X-3050,HERC2,8924.0,MutNovel,"E2184K,1.000"
X-3050,HIST1H2AD,3013.0,MutNovel,"G23V,1.000"
X-3050,HLA-DRB1,3123.0,Amp5,6.45
X-3050,HLA-DRB5,3127.0,Amp5,6.45
X-3050,HLA-DRB6,3128.0,Amp5,6.45
X-3050,HSD17B7P2,158160.0,Amp8,19.97
X-3050,HSFY2,159119.0,Del0.8,0.54
X-3050,HSFY2,159119.0,Del0.8,0.54
X-3050,HTRA4,203100.0,Amp5,5.17
X-3050,IDO1,3620.0,Amp5,5.17
X-3050,IDO2,169355.0,Amp5,5.17
X-3050,IGHMBP2,3508.0,Amp8,8.28
X-3050,IGLL5,100423062.0,Amp5,5.54
X-3050,IGSF3,3321.0,MutNovel,"G131R,0.800"
X-3050,INPP1,3628.0,MutNovel,"S294N,0.500"
X-3050,INTS6,26512.0,MutNovel,"H555D,0.339"
X-3050,INTS8,55656.0,MutNovel,"V935I,0.277"
X-3050,IPO5,3843.0,MutNovel,"D343N,0.323"
X-3050,IRF2BPL,64207.0,MutNovel,"D470H,0.394"
X-3050,IRS2,8660.0,MutNovel,"H475R,1.000"
X-3050,KBTBD3,143879.0,Amp5,5.31
X-3050,KCNU1,157855.0,Amp5,6.5
X-3050,KDM1B,221656.0,MutNovel,"A2S,0.333"
X-3050,KDM5C,8242.0,MutNovel,"G1469V,0.983"
X-3050,KDM5D,8284.0,Del0.8,0.54
X-3050,KIAA0284,283638.0,MutNovel,"P830R,0.393"
X-3050,KIAA1377,57562.0,Amp8,10.78
X-3050,KIF20B,9585.0,MutNovel,"L1062LKV,0.250"
X-3050,KIF27,55582.0,MutNovel,"R860Q,0.286"
X-3050,LARP4,113251.0,MutNovel,"K562N,0.226"
X-3050,LETM2,137994.0,Amp5,5.17
X-3050,LOC100129055,100129055.0,Amp8,19.97
X-3050,LOC100506433,100506433.0,Del0.8,0.47
X-3050,LOC399744,399744.0,Amp8,19.97
X-3050,LOC728024,728024.0,Amp5,5.17
X-3050,LSM1,27257.0,Amp5,5.17
X-3050,LTV1,84946.0,MutNovel,"R438C,0.690"
X-3050,LZTS2,84445.0,MutNovel,"E533K,0.370"
X-3050,MCU,90550.0,Amp5,5.28
X-3050,MIR3920,100500823.0,Amp8,10.78
X-3050,MIR4676,100616286.0,Amp5,5.28
X-3050,MIR4693,100616457.0,Amp5,5.5
X-3050,MIR548K,100313770.0,Amp8,11.79
X-3050,MIR650,723778.0,Amp5,5.54
X-3050,MLH1,4292.0,MutNovel,"E37Q,0.719"
X-3050,MLL2,8085.0,MutNovel,"A5305P,0.292"
X-3050,MMP1,4312.0,Amp8,10.78
X-3050,MMP10,4319.0,Amp8,10.78
X-3050,MMP12,4321.0,Amp8,10.78
X-3050,MMP13,4322.0,Amp8,10.78
X-3050,MMP20,9313.0,Amp8,10.78
X-3050,MMP27,64066.0,Amp8,10.78
X-3050,MMP3,4314.0,Amp8,10.78
X-3050,MMP7,4316.0,Amp8,10.78
X-3050,MMP8,4317.0,Amp8,10.78
X-3050,MORC4,79710.0,MutNovel,"G128A,1.000"
X-3050,MRGPRD,116512.0,Amp8,8.28
X-3050,MRGPRF,116535.0,Amp8,8.28
X-3050,MRPL21,219927.0,Amp8,8.28
X-3050,MTERFD1,51001.0,MutNovel,"A83S,0.742"
X-3050,MTL5,9633.0,Amp8,8.28
X-3050,MTRNR2L7,100288485.0,Amp8,19.97
X-3050,MYEOV,26579.0,Amp8,11.88
X-3050,MYO1E,4643.0,MutNovel,"D233Y,1.000"
X-3050,NBPF12,,MutNovel,"D440G,1.000"
X-3050,NCRNA00185,55410.0,Del0.8,0.54
X-3050,NLGN4Y,22829.0,Del0.8,0.54
X-3050,NR1H2,7376.0,MutNovel,"-173Q,0.727"
X-3050,NRSN2,80023.0,MutNovel,"S178C,0.520"
X-3050,OAS3,4940.0,MutNovel,"V777I,0.346"
X-3050,OR2T10,127069.0,Amp5,5.06
X-3050,OR2T34,127068.0,Amp5,5.06
X-3050,ORAI1,84876.0,MutNovel,"PP43-,1.000"
X-3050,ORAOV1,220064.0,Amp5,6.77
X-3050,OTUD6B,51633.0,MutNovel,"P239A,0.652"
X-3050,PARD3,56288.0,Amp8,9.38
X-3050,PARP2,10038.0,MutNovel,"M432I,0.541"
X-3050,PCDH11Y,83259.0,Del0.8,0.54
X-3050,PCDH15,65217.0,MutNovel,"D367H,0.286"
X-3050,PDGFD,80310.0,Amp5,6.36
X-3050,PGR,5241.0,Amp8,13.74
X-3050,PHLDA1,22822.0,MutNovel,"QQ194Q,0.312"
X-3050,PLEC,5339.0,MutNovel,"A2455T,0.204"
X-3050,PLEKHA2,59339.0,Amp5,5.17
X-3050,PLEKHF1,79156.0,MutNovel,"R176C,0.600"
X-3050,POLDIP2,26073.0,MutNovel,"Q27P,0.750"
X-3050,POLG,5428.0,MutNovel,"Q43R,1.000"
X-3050,PPAPDC1B,84513.0,Amp5,5.17
X-3050,PPFIA1,8500.0,Amp8,11.79
X-3050,PPP6R3,55291.0,Amp5,5.94
X-3050,PRKRIR,5612.0,MutNovel,"E759K,0.333"
X-3050,PRKY,5616.0,Del0.8,0.54
X-3050,PRMT2,3275.0,MutNovel,"R402T,0.291"
X-3050,PROSC,11212.0,Amp5,5.17
X-3050,PRY,9081.0,Del0.8,0.54
X-3050,PRY,9081.0,Del0.8,0.54
X-3050,PRY2,442862.0,Del0.8,0.54
X-3050,PRY2,442862.0,Del0.8,0.54
X-3050,PSPH,5723.0,MutNovel,"R97H,0.233"
X-3050,RAB11FIP1,80223.0,Amp5,5.17
X-3050,RBMY1A3P,286557.0,Del0.8,0.54
X-3050,RBMY1B,378948.0,Del0.8,0.54
X-3050,RBMY1B,378948.0,Del0.8,0.54
X-3050,RBMY1E,378950.0,Del0.8,0.54
X-3050,RBMY1E,378950.0,Del0.8,0.54
X-3050,RBMY1F,159163.0,Del0.8,0.54
X-3050,RBMY1F,159163.0,Del0.8,0.54
X-3050,RBMY1J,378951.0,Del0.8,0.54
X-3050,RBMY1J,378951.0,Del0.8,0.54
X-3050,RBMY2EP,159125.0,Del0.8,0.54
X-3050,RBMY2FP,159162.0,Del0.8,0.54
X-3050,RBMY3AP,64593.0,Del0.8,0.54
X-3050,REV3L,5980.0,MutNovel,"S2485N,0.321"
X-3050,RNF5P1,286140.0,Amp5,5.17
X-3050,RPS4Y1,6192.0,Del0.8,0.54
X-3050,RPS4Y2,140032.0,Del0.8,0.54
X-3050,SEPT7L,285961.0,Amp8,19.97
X-3050,SERINC2,347735.0,MutNovel,"-373Q,0.727"
X-3050,SH2D5,400745.0,MutNovel,"H222D,1.000"
X-3050,SLC20A1,6574.0,MutNovel,"V180F,0.213"
X-3050,SLC26A2,1836.0,MutNovel,"A85T,0.433"
X-3050,SMPD4,55627.0,MutNovel,"P192T,0.323"
X-3050,SNTA1,6640.0,MutNovel,"S365C,0.308"
X-3050,SOCS2,8835.0,MutNovel,"P155L,0.550"
X-3050,SRY,6736.0,Del0.8,0.54
X-3050,STAR,6770.0,Amp5,5.17
X-3050,SYNE2,23224.0,MutNovel,"S6651F,0.536"
X-3050,SYT1,6857.0,MutNovel,"H390Y,0.750"
X-3050,TACC1,6867.0,Amp5,5.17
X-3050,TAMM41,132001.0,MutNovel,"K295M,0.480"
X-3050,TBC1D10B,26000.0,MutNovel,"A125V,0.714"
X-3050,TBC1D8,11138.0,MutNovel,"I362S,1.000"
X-3050,TBL1Y,90665.0,Del0.8,0.54
X-3050,TFRC,7037.0,MutNovel,"V192I,1.000"
X-3050,TGIF2LY,90655.0,Del0.8,0.54
X-3050,THG1L,54974.0,MutNovel,"W2C,0.667"
X-3050,TIGD6,81789.0,MutNovel,"R51H,0.742"
X-3050,TM2D2,83877.0,Amp5,5.17
X-3050,TMEM123,114908.0,Amp8,10.78
X-3050,TMEM127,55654.0,MutNovel,"A132T,0.393"
X-3050,TMSB4Y,9087.0,Del0.8,0.54
X-3050,TNFAIP6,7130.0,MutKnownFunctional,"-278,0.420"
X-3050,TNIP2,79155.0,MutNovel,"Q337K,0.266"
X-3050,TP53,7157.0,MutKnownFunctional,"Q317*,0.833"
X-3050,TPCN2,219931.0,Amp8,8.28
X-3050,TRPA1,8989.0,MutNovel,"L475P,0.667"
X-3050,TRPC6,7225.0,Amp8,10.78
X-3050,TSPAN2,10100.0,MutNovel,"E167A,1.000"
X-3050,TSPY1,7258.0,Del0.8,0.54
X-3050,TSPY2,64591.0,Del0.8,0.54
X-3050,TSPY3,728137.0,Del0.8,0.54
X-3050,TSPY4,728395.0,Del0.8,0.54
X-3050,TSPY8,728403.0,Del0.8,0.54
X-3050,TSPYL1,7259.0,MutNovel,"V176VW,0.353"
X-3050,TSSC4,10078.0,MutNovel,"C197S,0.692"
X-3050,TTTY10,246119.0,Del0.8,0.54
X-3050,TTTY11,83866.0,Del0.8,0.54
X-3050,TTTY12,83867.0,Del0.8,0.54
X-3050,TTTY13,83868.0,Del0.8,0.54
X-3050,TTTY14,83869.0,Del0.8,0.54
X-3050,TTTY15,64595.0,Del0.8,0.54
X-3050,TTTY16,252948.0,Del0.8,0.54
X-3050,TTTY17A,252949.0,Del0.8,0.54
X-3050,TTTY17A,252949.0,Del0.8,0.54
X-3050,TTTY18,252950.0,Del0.8,0.54
X-3050,TTTY19,252952.0,Del0.8,0.54
X-3050,TTTY1B,100101116.0,Del0.8,0.54
X-3050,TTTY1B,100101116.0,Del0.8,0.54
X-3050,TTTY2,60439.0,Del0.8,0.54
X-3050,TTTY2,60439.0,Del0.8,0.54
X-3050,TTTY20,252951.0,Del0.8,0.54
X-3050,TTTY21,252953.0,Del0.8,0.54
X-3050,TTTY21,252953.0,Del0.8,0.54
X-3050,TTTY22,252954.0,Del0.8,0.54
X-3050,TTTY23,252955.0,Del0.8,0.54
X-3050,TTTY23,252955.0,Del0.8,0.54
X-3050,TTTY3,114760.0,Del0.8,0.54
X-3050,TTTY3,114760.0,Del0.8,0.54
X-3050,TTTY4,114761.0,Del0.8,0.54
X-3050,TTTY4,114761.0,Del0.8,0.54
X-3050,TTTY5,83863.0,Del0.8,0.54
X-3050,TTTY6,84672.0,Del0.8,0.54
X-3050,TTTY6,84672.0,Del0.8,0.54
X-3050,TTTY7,246122.0,Del0.8,0.54
X-3050,TTTY7,246122.0,Del0.8,0.54
X-3050,TTTY7B,100101120.0,Del0.8,0.54
X-3050,TTTY7B,100101120.0,Del0.8,0.54
X-3050,TTTY8,84673.0,Del0.8,0.54
X-3050,TTTY8,84673.0,Del0.8,0.54
X-3050,TTTY9A,83864.0,Del0.8,0.54
X-3050,TTTY9A,83864.0,Del0.8,0.54
X-3050,TXLNG2P,246126.0,Del0.8,0.54
X-3050,UBE2E3,10477.0,MutNovel,"D172H,0.461"
X-3050,UBR4,23352.0,MutNovel,"V4007L,1.000"
X-3050,USP36,57602.0,MutNovel,"KKK958K,0.692"
X-3050,USP9Y,8287.0,Del0.8,0.54
X-3050,UTY,7404.0,Del0.8,0.54
X-3050,VCY,9084.0,Del0.8,0.54
X-3050,VCY,9084.0,Del0.8,0.54
X-3050,VPS13B,157680.0,MutNovel,"K1065N,0.500"
X-3050,WHSC1L1,54904.0,Amp5,5.17
X-3050,XKRY2,353515.0,Del0.8,0.54
X-3050,XKRY2,353515.0,Del0.8,0.54
X-3050,YAP1,10413.0,Amp8,10.78
X-3050,ZDBF2,57683.0,MutNovel,"E856V,1.000"
X-3050,ZFY,7544.0,Del0.8,0.54
X-3050,ZMAT4,79698.0,Amp5,5.17
X-3050,ZNF14,7561.0,MutNovel,"H325Y,0.615"
X-3050,ZNF248,57209.0,Amp8,19.97
X-3050,ZNF25,219749.0,Amp8,19.97
X-3050,ZNF318,24149.0,MutNovel,"Q1757H,0.867"
X-3050,ZNF33A,7581.0,Amp8,19.97
X-3050,ZNF37A,7587.0,Amp8,19.97
X-3050,ZNF384,171017.0,MutNovel,"QQ514Q,0.615"
X-3050,ZNF473,25888.0,MutNovel,"G12S,0.800"
X-3050,ZNF480,147657.0,MutNovel,"R49S,1.000"
X-3050,ZNF703,80139.0,Amp5,5.17
X-3050,ZNF814,730051.0,MutNovel,"Y772H,0.375"
X-3127,ACADSB,36.0,MutNovel,"A129V,1.000"
X-3127,ACTR3B,57180.0,MutNovel,"L147V,0.333"
X-3127,ADAM3A,1587.0,Del0.8,0.17
X-3127,ADAM5P,255926.0,Del0.8,0.47
X-3127,AHNAK2,113146.0,MutNovel,"L3496V,0.500"
X-3127,AHNAK2,113146.0,MutNovel,"D854A,0.429"
X-3127,AIM2,9447.0,MutKnownFunctional,"-343?,0.274"
X-3127,AKAP6,9472.0,MutNovel,"M1894I,0.333"
X-3127,ANKRD13B,124930.0,MutNovel,"P306L,0.732"
X-3127,ANKRD36,375248.0,MutNovel,"T998S,0.280"
X-3127,ARMC9,80210.0,MutNovel,"D250N,0.333"
X-3127,ASAH2,56624.0,Del0.8,0.7
X-3127,B4GALNT4,338707.0,MutNovel,"F426Y,0.512"
X-3127,BLM,641.0,MutNovel,"D1079G,0.415"
X-3127,BNC2,54796.0,Del0.8,0.37
X-3127,BRPF3,27154.0,MutNovel,"P1112S,0.229"
X-3127,C14orf102,55051.0,MutNovel,"S116A,0.468"
X-3127,C14orf126,112487.0,MutNovel,"D28N,0.333"
X-3127,C1orf101,257044.0,MutNovel,"V445I,0.600"
X-3127,C21orf56,84221.0,MutNovel,"R33Q,1.000"
X-3127,C9orf53,51198.0,Del0.8,0.23
X-3127,CASC3,22794.0,MutNovel,"F506L,0.566"
X-3127,CBWD6,644019.0,MutKnownFunctional,"-259?,0.261"
X-3127,CDC42EP1,11135.0,MutNovel,"PAPAANPS253P,0.562"
X-3127,CDK8,1024.0,MutNovel,"P432L,0.447"
X-3127,CDKN2A,1029.0,Del0.8,0.23
X-3127,CDKN2B,1030.0,Del0.8,0.31
X-3127,CFHR1,3078.0,Amp5,6.41
X-3127,CFHR3,10878.0,Amp5,6.41
X-3127,CIDEC,63924.0,MutKnownFunctional,"-217,0.818"
X-3127,CNDP1,84735.0,MutNovel,"V15VL,0.345"
X-3127,CNOT6,57472.0,MutNovel,"P546L,0.415"
X-3127,CNTN4,152330.0,MutNovel,"P904S,0.800"
X-3127,COL12A1,1303.0,MutNovel,"Q1242K,1.000"
X-3127,COL5A2,1290.0,MutNovel,"P1088S,0.555"
X-3127,COMMD8,54951.0,MutNovel,"E5K,0.471"
X-3127,COX5A,9377.0,MutNovel,"R107C,0.432"
X-3127,CPEB2,132864.0,MutNovel,"G380A,0.800"
X-3127,CT45A5,441521.0,Del0.8,0.5
X-3127,CT45A6,541465.0,Del0.8,0.5
X-3127,DDX51,317781.0,MutNovel,"P449L,0.526"
X-3127,DICER1,23405.0,MutNovel,"P1805L,0.450"
X-3127,DICER1,23405.0,MutNovel,"E495K,0.457"
X-3127,DLL3,10683.0,MutNovel,"R436H,0.417"
X-3127,DLX2,1746.0,MutNovel,"S46RA,0.346"
X-3127,DMBT1,1755.0,Del0.8,0.66
X-3127,DMPK,1760.0,MutNovel,"T544M,0.401"
X-3127,DMRTA1,63951.0,Del0.8,0.18
X-3127,DNAH14,127602.0,MutKnownFunctional,"W1987*,0.286"
X-3127,DNAH14,127602.0,MutNovel,"M2444I,0.714"
X-3127,DNAJC6,9829.0,MutNovel,"E871K,0.475"
X-3127,DPY19L4,286148.0,MutNovel,"L382F,0.433"
X-3127,DYNC2H1,79659.0,MutNovel,"I1130S,0.286"
X-3127,DYNC2H1,79659.0,MutNovel,"P1666L,1.000"
X-3127,ELAVL2,1993.0,Del0.8,0.23
X-3127,ESPNP,284729.0,Del0.8,0.49
X-3127,FAM21A,387680.0,Del0.8,0.51
X-3127,FBRSL1,57666.0,MutNovel,"A293T,0.426"
X-3127,FCHO1,23149.0,MutNovel,"H14Y,0.600"
X-3127,FLJ35282,441389.0,Del0.8,0.18
X-3127,FMNL1,752.0,MutNovel,"G514D,0.828"
X-3127,FNIP2,57600.0,MutNovel,"A440V,0.442"
X-3127,GABRA1,2554.0,Del0.8,0.74
X-3127,GPN2,54707.0,MutNovel,"A277V,0.661"
X-3127,GPR98,84059.0,MutNovel,"E4689K,0.500"
X-3127,GSTT1,2952.0,Del0.8,0.66
X-3127,HEATR2,54919.0,MutNovel,"V129L,0.333"
X-3127,HEG1,57493.0,MutNovel,"E1228K,0.500"
X-3127,HLA-DQB2,3120.0,MutNovel,"D162G,0.233"
X-3127,HLA-DRB5,3127.0,MutNovel,"R100E,1.000"
X-3127,HLA-DRB6,3128.0,Amp5,5.9
X-3127,HOXA10,3206.0,MutNovel,"G336S,0.479"
X-3127,HSD11B1L,374875.0,MutNovel,"G154R,0.269"
X-3127,IFT74,80173.0,Del0.8,0.38
X-3127,IGHMBP2,3508.0,MutNovel,"L361P,0.390"
X-3127,IL4R,3566.0,MutNovel,"L415I,0.463"
X-3127,INTS4,92105.0,MutNovel,"R891Q,0.455"
X-3127,IQCE,23288.0,MutNovel,"P591L,0.564"
X-3127,KANK2,25959.0,MutNovel,"P321L,0.518"
X-3127,KCNQ5,56479.0,MutNovel,"D618N,0.857"
X-3127,KIAA0564,23078.0,MutNovel,"P73L,0.312"
X-3127,KIAA0586,9786.0,MutNovel,"V1230G,0.446"
X-3127,KIAA1045,23349.0,MutNovel,"R227C,1.000"
X-3127,KIAA1217,56243.0,Del0.8,0.64
X-3127,KIAA1522,57648.0,MutNovel,"P501S,0.478"
X-3127,KITLG,4254.0,MutKnownFunctional,"Q15*,0.462"
X-3127,KLHL29,114818.0,MutNovel,"T287A,0.684"
X-3127,LOC100132247,100132247.0,MutNovel,"V308L,0.214"
X-3127,LOC391322,391322.0,Del0.8,0.66
X-3127,LOC728728,,MutNovel,"S171P,1.000"
X-3127,LSR,51599.0,MutNovel,"G518GR,0.424"
X-3127,MAF,4094.0,MutNovel,"S363C,0.515"
X-3127,MAGEL2,54551.0,MutNovel,"P61L,0.500"
X-3127,MAN2A1,4124.0,MutNovel,"T586S,0.450"
X-3127,MATN1,4146.0,MutNovel,"A414V,1.000"
X-3127,MDN1,23195.0,MutNovel,"S2571F,0.417"
X-3127,MED14,9282.0,MutNovel,"H853Y,1.000"
X-3127,MEF2A,4205.0,MutNovel,"QQ412-,0.319"
X-3127,MET,4233.0,MutKnownFunctional,"T1010I,0.333"
X-3127,MGAM,8972.0,Del0.8,0.77
X-3127,MIR3675,100500876.0,Del0.8,0.73
X-3127,MLL2,8085.0,MutNovel,"P4940S,0.550"
X-3127,MLL2,8085.0,MutNovel,"P2474T,0.585"
X-3127,MLL3,58508.0,MutNovel,"P3365L,0.438"
X-3127,MLYCD,23417.0,MutNovel,"R11G,0.500"
X-3127,MPRIP,23164.0,MutNovel,"TS178T,0.231"
X-3127,MST1,4485.0,MutNovel,"C338R,0.550"
X-3127,MST1P9,11223.0,Del0.8,0.73
X-3127,MTAP,4507.0,Del0.8,0.23
X-3127,MTF1,4520.0,MutNovel,"G685R,0.765"
X-3127,MTMR9,66036.0,MutNovel,"G373Y,0.350"
X-3127,NANOS1,340719.0,MutNovel,"A254S,1.000"
X-3127,NBEA,26960.0,MutNovel,"G372E,0.786"
X-3127,NBEA,26960.0,MutNovel,"R2234Q,0.349"
X-3127,NBPF11,200030.0,MutNovel,"D659N,0.800"
X-3127,NBPF14,25832.0,MutNovel,"Q660K,0.364"
X-3127,NCOR2,9612.0,MutNovel,"G1839GAAA,0.568"
X-3127,NEU4,129807.0,MutNovel,"V79M,1.000"
X-3127,NLRX1,79671.0,MutNovel,"I31N,0.515"
X-3127,NR1H2,7376.0,MutNovel,"-173Q,0.408"
X-3127,NRAS,4893.0,MutKnownFunctional,"Q61K,0.641"
X-3127,NUDT17,200035.0,MutNovel,"A29V,0.719"
X-3127,OR2T10,127069.0,Amp5,6.59
X-3127,ORAI1,84876.0,MutNovel,"PP43-,0.960"
X-3127,OSGEPL1,64172.0,MutNovel,"A8V,0.556"
X-3127,OXR1,55074.0,MutKnownFunctional,"W5*,0.396"
X-3127,PER1,5187.0,MutNovel,"R568W,0.447"
X-3127,PEX2,5828.0,MutNovel,"C184H,0.376"
X-3127,PFDN4,5203.0,MutNovel,"T16I,0.457"
X-3127,PFKP,5214.0,MutKnownFunctional,"R381*,0.922"
X-3127,PHC1,1911.0,MutNovel,"P579A,0.667"
X-3127,PHLDA1,22822.0,MutNovel,"QQ194Q,0.494"
X-3127,PHLPP1,23239.0,MutNovel,"R1459Q,0.542"
X-3127,PIEZO1,9780.0,MutNovel,"R396Q,0.343"
X-3127,PIGO,84720.0,MutNovel,"G876R,0.962"
X-3127,PKN2,5586.0,MutNovel,"NL382N,0.634"
X-3127,PLAA,9373.0,Del0.8,0.15
X-3127,PLK2,10769.0,MutNovel,"R322C,0.388"
X-3127,POLG,5428.0,MutNovel,"Q53RSK,0.204"
X-3127,POM121,9883.0,MutNovel,"S577N,0.429"
X-3127,PPM1G,5496.0,MutNovel,"K542-,0.421"
X-3127,PRR16,51334.0,MutNovel,"P83S,0.526"
X-3127,PSMD5,5711.0,MutNovel,"H448Q,1.000"
X-3127,PTPN4,5775.0,MutNovel,"P397S,0.370"
X-3127,PTPRS,5802.0,MutNovel,"R1628C,0.459"
X-3127,QPCT,25797.0,MutNovel,"R7P,0.801"
X-3127,RAF1,5894.0,MutLikelyFunctional,"T491I,0.531"
X-3127,RAMP2,10266.0,MutNovel,"P78S,0.595"
X-3127,RGPD3,653489.0,MutNovel,"E929K,1.000"
X-3127,RICTOR,253260.0,MutNovel,"P1443L,0.333"
X-3127,RIN3,79890.0,MutNovel,"G967-,0.262"
X-3127,RNF40,9810.0,MutNovel,"M758R,0.604"
X-3127,RNMTL1,55178.0,MutNovel,"T273I,0.513"
X-3127,RNPC3,55599.0,MutNovel,"P206L,0.234"
X-3127,RP1L1,94137.0,MutNovel,"E1968G,1.000"
X-3127,RPL5,6125.0,MutNovel,"C144R,0.674"
X-3127,SACS,26278.0,MutNovel,"S1957F,0.583"
X-3127,SAGE1,55511.0,Del0.8,0.69
X-3127,SCAPER,49855.0,Del0.8,0.58
X-3127,SCUBE2,57758.0,MutNovel,"LP22P,0.222"
X-3127,SDHAF1,644096.0,MutNovel,"D46H,0.526"
X-3127,SEMA3F,6405.0,MutNovel,"R599H,0.529"
X-3127,SEMA6D,80031.0,MutNovel,"Q657R,1.000"
X-3127,SERINC2,347735.0,MutNovel,"-373Q,0.682"
X-3127,SIGLEC9,27180.0,MutNovel,"G124E,0.645"
X-3127,SIN3B,23309.0,MutNovel,"R1150C,0.560"
X-3127,SIRPG,55423.0,MutNovel,"G73A,1.000"
X-3127,SLC39A4,55630.0,MutNovel,"G181V,0.667"
X-3127,SLC6A17,388662.0,MutNovel,"P687L,0.651"
X-3127,SLFN13,146857.0,MutNovel,"K507E,0.250"
X-3127,SMPD4,55627.0,MutNovel,"F484V,0.243"
X-3127,SORL1,6653.0,MutNovel,"R1842C,0.595"
X-3127,SPNS2,124976.0,MutNovel,"P337A,0.571"
X-3127,SRGAP2,23380.0,MutKnownFunctional,"R319*,0.400"
X-3127,ST3GAL5,8869.0,MutNovel,"P13S,0.620"
X-3127,STAT2,6773.0,MutNovel,"G825C,0.397"
X-3127,STRA6,64220.0,MutNovel,"L168P,0.471"
X-3127,STYXL1,51657.0,MutNovel,"I211S,0.521"
X-3127,TADA2A,6871.0,MutNovel,"P27S,0.533"
X-3127,TAF4,6874.0,MutNovel,"A336E,0.800"
X-3127,TAS2R19,259294.0,MutNovel,"F238C,0.357"
X-3127,TAX1BP1,8887.0,MutNovel,"A703S,0.461"
X-3127,TBP,6908.0,MutNovel,"-64Q,0.263"
X-3127,TCF25,22980.0,MutNovel,"E405G,0.426"
X-3127,TLK2,11011.0,MutNovel,"R262Q,0.433"
X-3127,TMEM183A,92703.0,MutNovel,"S154F,0.448"
X-3127,TMEM62,80021.0,MutNovel,"P44L,1.000"
X-3127,TMX2,51075.0,MutNovel,"T118S,0.465"
X-3127,TNPO1,3842.0,MutNovel,"S74L,0.389"
X-3127,TOX2,84969.0,MutNovel,"-390P,0.300"
X-3127,TPSAB1,7177.0,MutNovel,"T141M,0.778"
X-3127,TPSAB1,7177.0,MutNovel,"R168P,0.987"
X-3127,TPSAB1,7177.0,MutNovel,"V205I,0.974"
X-3127,TPSB2,64499.0,MutNovel,"A238T,0.842"
X-3127,TPSB2,64499.0,MutNovel,"R225W,0.750"
X-3127,TPSB2,64499.0,MutNovel,"R205H,0.800"
X-3127,TPSB2,64499.0,MutNovel,"A85T,0.944"
X-3127,TPSD1,23430.0,MutNovel,"G30V,1.000"
X-3127,TPSD1,23430.0,MutNovel,"I87V,1.000"
X-3127,TPSD1,23430.0,MutNovel,"A92T,1.000"
X-3127,TPSD1,23430.0,MutNovel,"G126R,0.978"
X-3127,TPSD1,23430.0,MutNovel,"H143R,0.978"
X-3127,TRIM51,,MutNovel,"F248L,0.309"
X-3127,TRIM51GP,,MutNovel,"R196C,0.267"
X-3127,TSPYL1,7259.0,MutNovel,"V176VW,0.855"
X-3127,TTC19,54902.0,MutNovel,"L238F,0.431"
X-3127,TTC7B,145567.0,MutNovel,"E54K,0.500"
X-3127,TUSC1,286319.0,Del0.8,0.23
X-3127,UBA1,7317.0,MutNovel,"R11C,1.000"
X-3127,USP2,9099.0,MutNovel,"R289W,0.562"
X-3127,USP36,57602.0,MutNovel,"KKK958K,0.389"
X-3127,UTY,7404.0,MutNovel,"R1028S,0.300"
X-3127,UTY,7404.0,MutNovel,"R1028I,0.300"
X-3127,UTY,7404.0,MutNovel,"CT1004YL,0.429"
X-3127,UTY,7404.0,MutNovel,"FC1003TS,0.533"
X-3127,UTY,7404.0,MutNovel,"HQ1001QT,0.562"
X-3127,UTY,7404.0,MutNovel,"P974T,0.778"
X-3127,UTY,7404.0,MutNovel,"P973N,0.852"
X-3127,UTY,7404.0,MutNovel,"NR586ML,0.206"
X-3127,UTY,7404.0,MutNovel,"T518L,0.481"
X-3127,UTY,7404.0,MutNovel,"Q343E,0.346"
X-3127,UTY,7404.0,MutNovel,"P331T,0.333"
X-3127,UTY,7404.0,MutNovel,"Y325N,0.400"
X-3127,UTY,7404.0,MutNovel,"L324G,0.444"
X-3127,UTY,7404.0,MutNovel,"V323M,0.429"
X-3127,UTY,7404.0,MutNovel,"T317K,0.667"
X-3127,UTY,7404.0,MutNovel,"SA314KK,0.615"
X-3127,UTY,7404.0,MutNovel,"S314G,0.417"
X-3127,UTY,7404.0,MutNovel,"E312I,0.562"
X-3127,UTY,7404.0,MutNovel,"E312I,0.562"
X-3127,UTY,7404.0,MutNovel,"K310L,0.417"
X-3127,UTY,7404.0,MutNovel,"I308T,0.312"
X-3127,UTY,7404.0,MutNovel,"I308P,0.529"
X-3127,UTY,7404.0,MutNovel,"S307T,0.278"
X-3127,UTY,7404.0,MutNovel,"Q306H,0.278"
X-3127,UTY,7404.0,MutNovel,"Y304F,0.312"
X-3127,UTY,7404.0,MutNovel,"S303T,0.312"
X-3127,UTY,7404.0,MutNovel,"F301I,0.500"
X-3127,UTY,7404.0,MutNovel,"QD298HF,0.500"
X-3127,UTY,7404.0,MutNovel,"G295R,0.500"
X-3127,UTY,7404.0,MutNovel,"IG294MR,0.500"
X-3127,UTY,7404.0,MutKnownFunctional,"CY290*H,0.385"
X-3127,UTY,7404.0,MutKnownFunctional,"G288*,0.562"
X-3127,UTY,7404.0,MutNovel,"F286G,0.316"
X-3127,UTY,7404.0,MutNovel,"F286V,0.400"
X-3127,UTY,7404.0,MutNovel,"W284R,0.500"
X-3127,UTY,7404.0,MutNovel,"W284R,0.500"
X-3127,UTY,7404.0,MutNovel,"Q282A,0.500"
X-3127,UTY,7404.0,MutNovel,"Q282A,0.500"
X-3127,UTY,7404.0,MutNovel,"SG280LC,0.500"
X-3127,UTY,7404.0,MutNovel,"N279R,0.308"
X-3127,UTY,7404.0,MutNovel,"DP277EA,0.364"
X-3127,UTY,7404.0,MutNovel,"A276E,0.462"
X-3127,UTY,7404.0,MutKnownFunctional,"EA275A*,0.462"
X-3127,UTY,7404.0,MutNovel,"E275Q,0.357"
X-3127,UTY,7404.0,MutNovel,"L274F,0.417"
X-3127,UTY,7404.0,MutNovel,"L274R,0.357"
X-3127,UTY,7404.0,MutNovel,"L274M,0.500"
X-3127,UTY,7404.0,MutNovel,"SL273RM,0.500"
X-3127,UTY,7404.0,MutNovel,"K272E,0.286"
X-3127,UTY,7404.0,MutNovel,"Q271A,0.364"
X-3127,UTY,7404.0,MutNovel,"L270V,0.462"
X-3127,UTY,7404.0,MutNovel,"I267M,0.462"
X-3127,UTY,7404.0,MutNovel,"I267R,0.462"
X-3127,UTY,7404.0,MutNovel,"I267V,0.357"
X-3127,UTY,7404.0,MutNovel,"A266F,0.300"
X-3127,UTY,7404.0,MutNovel,"A266S,0.571"
X-3127,UTY,7404.0,MutNovel,"YA265GS,0.571"
X-3127,UTY,7404.0,MutNovel,"S264I,0.286"
X-3127,UTY,7404.0,MutKnownFunctional,"E263*,0.312"
X-3127,UTY,7404.0,MutKnownFunctional,"KE262N*,0.312"
X-3127,UTY,7404.0,MutNovel,"T261R,0.231"
X-3127,UTY,7404.0,MutNovel,"D258V,0.231"
X-3127,UTY,7404.0,MutNovel,"G257E,0.231"
X-3127,UTY,7404.0,MutNovel,"M253E,0.286"
X-3127,UTY,7404.0,MutNovel,"HN251LS,0.286"
X-3127,UTY,7404.0,MutNovel,"M249R,0.308"
X-3127,UTY,7404.0,MutNovel,"W248R,0.312"
X-3127,UTY,7404.0,MutNovel,"G247S,0.312"
X-3127,UTY,7404.0,MutNovel,"QQ244IE,0.267"
X-3127,UTY,7404.0,MutNovel,"L229K,0.214"
X-3127,UTY,7404.0,MutNovel,"L228V,0.214"
X-3127,UTY,7404.0,MutNovel,"L154D,0.500"
X-3127,UTY,7404.0,MutNovel,"DV152AF,0.429"
X-3127,UTY,7404.0,MutNovel,"Q151H,0.429"
X-3127,UTY,7404.0,MutNovel,"I147L,0.375"
X-3127,UTY,7404.0,MutNovel,"H144D,0.417"
X-3127,UTY,7404.0,MutKnownFunctional,"FH143*D,0.417"
X-3127,UTY,7404.0,MutNovel,"YN140LH,0.462"
X-3127,UTY,7404.0,MutNovel,"FY138LL,0.417"
X-3127,UTY,7404.0,MutKnownFunctional,"YF137*A,0.231"
X-3127,UTY,7404.0,MutNovel,"Y137N,0.231"
X-3127,UTY,7404.0,MutNovel,"V136N,0.385"
X-3127,UTY,7404.0,MutNovel,"GL134VP,0.286"
X-3127,UTY,7404.0,MutNovel,"G134C,0.357"
X-3127,UTY,7404.0,MutKnownFunctional,"YG131*L,0.400"
X-3127,UTY,7404.0,MutNovel,"L130S,0.308"
X-3127,UTY,7404.0,MutNovel,"AF128GG,0.400"
X-3127,UTY,7404.0,MutNovel,"AA127KT,0.471"
X-3127,UTY,7404.0,MutNovel,"N126R,0.357"
X-3127,UTY,7404.0,MutNovel,"EE32AW,0.231"
X-3127,UTY,7404.0,MutNovel,"R29C,0.208"
X-3127,VPS39,23339.0,Del0.8,0.59
X-3127,VWA1,64856.0,MutNovel,"R378W,0.354"
X-3127,VWA7,80737.0,MutNovel,"M498I,0.258"
X-3127,WARS2,10352.0,MutNovel,"R252C,0.690"
X-3127,WDFY2,115825.0,MutNovel,"T194A,0.418"
X-3127,WHSC1,7468.0,MutNovel,"P313L,0.414"
X-3127,WRNIP1,56897.0,MutNovel,"D184E,0.798"
X-3127,XAGE1E,,MutNovel,"S31A,0.571"
X-3127,ZEB1,6935.0,MutNovel,"E644K,1.000"
X-3127,ZNF187,7741.0,MutNovel,"P49S,0.813"
X-3127,ZNF219,51222.0,MutNovel,"QPP233P,0.265"
X-3127,ZNF35,7584.0,MutNovel,"I378T,0.500"
X-3127,ZNF384,171017.0,MutNovel,"QQ514Q,0.423"
X-3127,ZNF384,171017.0,MutNovel,"G180S,1.000"
X-3127,ZNF598,90850.0,MutNovel,"H14P,1.000"
X-3127,ZNF630,57232.0,MutNovel,"E484G,1.000"
X-3127,ZNF700,90592.0,MutNovel,"H720R,0.511"
X-3127,ZNF721,170960.0,MutNovel,"H607Y,0.458"
X-3127,ZNF732,654254.0,MutNovel,"V77M,0.714"
X-3127,ZNF732,654254.0,MutNovel,"L4V,1.000"
X-3127,ZNF83,55769.0,MutNovel,"V297A,0.500"
X-3127,ZNF878,729747.0,MutNovel,"S181R,0.444"
X-3127,ZNF888,,MutNovel,"E603D,0.241"
X-3127,ZRANB3,84083.0,MutNovel,"P267T,0.429"
X-3211,AATK,9625.0,MutNovel,"P1331PRP,0.455"
X-3211,ABCB7,22.0,Del0.8,0.74
X-3211,ABCD1,215.0,Del0.8,0.76
X-3211,ACE2,59272.0,Del0.8,0.74
X-3211,ACOT9,23597.0,Del0.8,0.74
X-3211,ACRC,93953.0,Del0.8,0.74
X-3211,ACSL4,2182.0,Del0.8,0.74
X-3211,ACTR2,10097.0,MutNovel,"G140S,0.239"
X-3211,ACTRT1,139741.0,Del0.8,0.74
X-3211,ACVR2B,93.0,Del0.8,0.72
X-3211,ADAM10,102.0,MutNovel,"P728L,0.308"
X-3211,ADAM3A,1587.0,Del0.8,0.69
X-3211,AEBP1,165.0,MutNovel,"N398D,0.301"
X-3211,AFF2,2334.0,Del0.8,0.76
X-3211,AFF4,27125.0,MutNovel,"T340I,0.327"
X-3211,AGPS,8540.0,MutNovel,"V484G,0.293"
X-3211,AGTR2,186.0,Del0.8,0.74
X-3211,AIFM1,9131.0,Del0.8,0.74
X-3211,AKAP14,158798.0,Del0.8,0.74
X-3211,AKAP17A,8227.0,Del0.8,0.74
X-3211,AKAP4,8852.0,Del0.8,0.74
X-3211,ALAS2,212.0,Del0.8,0.74
X-3211,ALG13,79868.0,Del0.8,0.74
X-3211,AMELX,265.0,Del0.8,0.74
X-3211,AMELY,266.0,Del0.8,0.24
X-3211,AMFR,267.0,MutNovel,"H361Y,0.498"
X-3211,AMMECR1,9949.0,Del0.8,0.74
X-3211,AMOT,154796.0,Del0.8,0.74
X-3211,ANKRD17,26057.0,MutNovel,"GGGGG101G,0.480"
X-3211,ANKZF1,55139.0,MutNovel,"QQE635Q,0.211"
X-3211,AOC3,8639.0,MutNovel,"M182I,0.750"
X-3211,AP1S2,8905.0,Del0.8,0.74
X-3211,APBA2,321.0,MutNovel,"L46R,1.000"
X-3211,APEX2,27301.0,Del0.8,0.74
X-3211,APLN,8862.0,Del0.8,0.74
X-3211,APOO,79135.0,Del0.8,0.74
X-3211,APOOL,139322.0,Del0.8,0.74
X-3211,AR,367.0,Del0.8,0.74
X-3211,ARAF,369.0,Del0.8,0.74
X-3211,ARHGAP20,57569.0,MutNovel,"A202V,0.312"
X-3211,ARHGAP32,9743.0,MutNovel,"P1551S,0.306"
X-3211,ARHGAP36,158763.0,Del0.8,0.74
X-3211,ARHGAP4,393.0,Del0.8,0.76
X-3211,ARHGAP6,395.0,Del0.8,0.74
X-3211,ARHGEF6,9459.0,Del0.8,0.74
X-3211,ARHGEF9,23229.0,Del0.8,0.74
X-3211,ARL13A,392509.0,Del0.8,0.74
X-3211,ARMCX1,51309.0,Del0.8,0.74
X-3211,ARMCX2,9823.0,Del0.8,0.74
X-3211,ARMCX3,51566.0,Del0.8,0.74
X-3211,ARMCX4,100131755.0,Del0.8,0.74
X-3211,ARMCX5,64860.0,Del0.8,0.74
X-3211,ARMCX5-GPRASP2,100528062.0,Del0.8,0.74
X-3211,ARMCX6,54470.0,Del0.8,0.74
X-3211,ARR3,407.0,Del0.8,0.74
X-3211,ARSD,414.0,Del0.8,0.74
X-3211,ARSE,415.0,Del0.8,0.74
X-3211,ARSF,416.0,Del0.8,0.74
X-3211,ARSH,347527.0,Del0.8,0.74
X-3211,ARX,170302.0,Del0.8,0.74
X-3211,ASB11,140456.0,Del0.8,0.74
X-3211,ASB12,142689.0,Del0.8,0.74
X-3211,ASB9,140462.0,Del0.8,0.74
X-3211,ASMT,438.0,Del0.8,0.74
X-3211,ASMTL,8623.0,Del0.8,0.74
X-3211,ASMTL-AS1,80161.0,Del0.8,0.74
X-3211,ASNSD1,54529.0,MutNovel,"E305K,0.708"
X-3211,ATAD1,84896.0,Del0.8,0.53
X-3211,ATAD2,29028.0,MutNovel,"R1365W,0.603"
X-3211,ATG4A,115201.0,Del0.8,0.74
X-3211,ATG9A,79065.0,MutNovel,"S315C,0.541"
X-3211,ATG9B,285973.0,MutNovel,"M616I,0.667"
X-3211,ATP10B,23120.0,MutNovel,"G908E,0.265"
X-3211,ATP10B,23120.0,MutNovel,"M281I,0.483"
X-3211,ATP11C,286410.0,Del0.8,0.22
X-3211,ATP1B4,23439.0,Del0.8,0.74
X-3211,ATP2B3,492.0,Del0.8,0.76
X-3211,ATP6AP1,537.0,Del0.8,0.76
X-3211,ATP6AP2,10159.0,Del0.8,0.74
X-3211,ATP6V0D2,245972.0,MutKnownFunctional,"R21*,0.429"
X-3211,ATP7A,538.0,Del0.8,0.74
X-3211,ATRX,546.0,Del0.8,0.74
X-3211,ATXN3L,92552.0,Del0.8,0.74
X-3211,AVPR2,554.0,Del0.8,0.76
X-3211,AWAT1,158833.0,Del0.8,0.74
X-3211,AWAT2,158835.0,Del0.8,0.74
X-3211,BAI1,575.0,MutNovel,"P898S,0.600"
X-3211,BAZ2A,11176.0,MutNovel,"P591S,0.367"
X-3211,BCAP31,10134.0,Del0.8,0.76
X-3211,BCL2L11,10018.0,MutKnownFunctional,"IG155I*,0.753"
X-3211,BCOR,54880.0,Del0.8,0.74
X-3211,BCORL1,63035.0,Del0.8,0.74
X-3211,BCORP1,286554.0,Del0.8,0.24
X-3211,BCYRN1,618.0,Del0.8,0.74
X-3211,BEND2,139105.0,Del0.8,0.74
X-3211,BEX1,55859.0,Del0.8,0.74
X-3211,BEX2,84707.0,Del0.8,0.74
X-3211,BEX4,56271.0,Del0.8,0.74
X-3211,BEX5,340542.0,Del0.8,0.74
X-3211,BGN,633.0,Del0.8,0.76
X-3211,BHLHB9,80823.0,Del0.8,0.74
X-3211,BIRC6,57448.0,MutNovel,"P1043L,0.676"
X-3211,BLM,641.0,MutNovel,"R1344K,0.351"
X-3211,BMP15,9210.0,Del0.8,0.74
X-3211,BMP8B,656.0,MutNovel,"G20E,0.600"
X-3211,BMX,660.0,Del0.8,0.74
X-3211,BPY2B,442867.0,Del0.8,0.08
X-3211,BPY2B,442867.0,Del0.8,0.14
X-3211,BRAF,673.0,MutKnownFunctional,"V600K,0.585"
X-3211,BRCC3,79184.0,Del0.8,0.76
X-3211,BRS3,680.0,Del0.8,0.74
X-3211,BRWD3,254065.0,Del0.8,0.74
X-3211,BST1,683.0,MutNovel,"D169N,0.667"
X-3211,BTK,695.0,Del0.8,0.74
X-3211,C11orf82,220042.0,Del0.8,0.76
X-3211,C16orf62,57020.0,MutNovel,"S340F,0.424"
X-3211,C1GALT1C1,29071.0,Del0.8,0.74
X-3211,C1orf43,25912.0,MutKnownFunctional,"Q220*,0.573"
X-3211,C20orf132,140699.0,MutNovel,"S318F,0.643"
X-3211,C2CD2L,9854.0,MutNovel,"S675G,0.333"
X-3211,C2orf29,55571.0,MutNovel,"S32N,0.747"
X-3211,C4orf29,80167.0,MutNovel,"Q46R,0.548"
X-3211,C7orf50,84310.0,MutNovel,"A165T,0.645"
X-3211,C9orf169,375791.0,MutNovel,"S39T,0.686"
X-3211,CA5B,11238.0,Del0.8,0.74
X-3211,CA5BP1,340591.0,Del0.8,0.74
X-3211,CACNA1F,778.0,Del0.8,0.74
X-3211,CADPS2,93664.0,MutNovel,"V1169I,0.667"
X-3211,CAPN6,827.0,Del0.8,0.74
X-3211,CASK,8573.0,Del0.8,0.74
X-3211,CASP8AP2,9994.0,MutNovel,"P607S,0.356"
X-3211,CC2D2A,57545.0,MutNovel,"D1157N,0.846"
X-3211,CCDC120,90060.0,Del0.8,0.74
X-3211,CCDC160,347475.0,Del0.8,0.74
X-3211,CCDC22,28952.0,Del0.8,0.74
X-3211,CCDC61,729440.0,MutNovel,"P290L,0.286"
X-3211,CCDC86,79080.0,MutNovel,"K247N,0.283"
X-3211,CCNB3,85417.0,Del0.8,0.74
X-3211,CCNC,892.0,MutNovel,"W241R,0.432"
X-3211,CD40LG,959.0,Del0.8,0.74
X-3211,CD46,4179.0,MutNovel,"P329S,0.518"
X-3211,CD99,4267.0,Del0.8,0.74
X-3211,CD99L2,83692.0,Del0.8,0.76
X-3211,CD99P1,401577.0,Del0.8,0.74
X-3211,CDH7,1005.0,MutNovel,"M455I,0.625"
X-3211,CDK16,5127.0,Del0.8,0.74
X-3211,CDKAL1,54901.0,Amp5,5.06
X-3211,CDKL5,6792.0,Del0.8,0.74
X-3211,CDKN1C,1028.0,MutNovel,"APVAV171V,0.571"
X-3211,CDR1,1038.0,Del0.8,0.76
X-3211,CDX4,1046.0,Del0.8,0.74
X-3211,CDY1B,253175.0,Del0.8,0.18
X-3211,CDY1B,253175.0,Del0.8,0.24
X-3211,CDY2A,9426.0,Del0.8,0.24
X-3211,CDY2A,9426.0,Del0.8,0.24
X-3211,CDY2B,203611.0,Del0.8,0.24
X-3211,CDY2B,203611.0,Del0.8,0.24
X-3211,CENPE,1062.0,MutNovel,"L2503I,0.724"
X-3211,CENPI,2491.0,Del0.8,0.74
X-3211,CETN2,1069.0,Del0.8,0.76
X-3211,CFL1P1,142913.0,Del0.8,0.22
X-3211,CFP,5199.0,Del0.8,0.74
X-3211,CGB,1082.0,MutNovel,"T35I,1.000"
X-3211,CHIC1,53344.0,Del0.8,0.74
X-3211,CHM,1121.0,Del0.8,0.74
X-3211,CHRDL1,91851.0,Del0.8,0.74
X-3211,CHST7,56548.0,Del0.8,0.74
X-3211,CITED1,4435.0,Del0.8,0.74
X-3211,CLCN4,1183.0,Del0.8,0.74
X-3211,CLCN5,1184.0,MutNovel,"P663S,1.000"
X-3211,CLCN5,1184.0,Del0.8,0.74
X-3211,CLDN2,9075.0,Del0.8,0.74
X-3211,CLDN5,7122.0,MutNovel,"V202M,1.000"
X-3211,CLIC2,1193.0,Del0.8,0.76
X-3211,CNDP1,84735.0,MutNovel,"V15VL,0.815"
X-3211,CNGA2,1260.0,Del0.8,0.76
X-3211,CNKSR2,22866.0,Del0.8,0.74
X-3211,CNTN1,1272.0,MutNovel,"P331S,0.667"
X-3211,CNTNAP3,79937.0,MutNovel,"R1214W,1.000"
X-3211,CNTNAP3B,728577.0,MutNovel,"R683L,0.300"
X-3211,COL11A2,1302.0,MutNovel,"P1478S,0.379"
X-3211,COL4A2,1284.0,MutNovel,"G314E,0.593"
X-3211,COL4A2,1284.0,MutNovel,"P685L,0.610"
X-3211,COL4A5,1287.0,Del0.8,0.74
X-3211,COL4A6,1288.0,Del0.8,0.74
X-3211,COL5A3,50509.0,MutNovel,"S1467P,0.600"
X-3211,COL9A3,1299.0,MutNovel,"G581R,0.420"
X-3211,COX10,1352.0,MutNovel,"V21A,0.217"
X-3211,COX7B,1349.0,Del0.8,0.74
X-3211,CPE,1363.0,MutNovel,"G249E,0.325"
X-3211,CPXCR1,53336.0,Del0.8,0.74
X-3211,CREB3L2,64764.0,MutNovel,"P263F,0.684"
X-3211,CRLF2,64109.0,Del0.8,0.74
X-3211,CRNKL1,51340.0,MutNovel,"R127K,0.667"
X-3211,CSAG1,158511.0,Del0.8,0.76
X-3211,CSAG2,728461.0,MutNovel,"E119K,0.929"
X-3211,CSAG2,728461.0,Del0.8,0.76
X-3211,CSAG2,728461.0,Del0.8,0.76
X-3211,CSAG3,389903.0,MutNovel,"E119K,0.941"
X-3211,CSAG3,389903.0,Del0.8,0.76
X-3211,CSAG3,389903.0,Del0.8,0.76
X-3211,CSF2RA,1438.0,Del0.8,0.74
X-3211,CSPG4P1Y,114758.0,Del0.8,0.18
X-3211,CSPG4P1Y,114758.0,Del0.8,0.24
X-3211,CSTF2,1478.0,Del0.8,0.74
X-3211,CT45A1,541466.0,Del0.8,0.74
X-3211,CT45A2,728911.0,Del0.8,0.74
X-3211,CT45A3,441519.0,Del0.8,0.74
X-3211,CT45A4,441520.0,Del0.8,0.74
X-3211,CT45A4,441520.0,Del0.8,0.74
X-3211,CT45A5,441521.0,Del0.8,0.74
X-3211,CT45A6,541465.0,Del0.8,0.74
X-3211,CT47A1,728096.0,Del0.8,0.74
X-3211,CT47A10,728036.0,Del0.8,0.74
X-3211,CT47A6,728062.0,Del0.8,0.74
X-3211,CT47A7,653282.0,Del0.8,0.74
X-3211,CT47B1,643311.0,Del0.8,0.74
X-3211,CTAG1B,1485.0,Del0.8,0.76
X-3211,CTAG1B,1485.0,Del0.8,0.76
X-3211,CTAG2,30848.0,Del0.8,0.76
X-3211,CTAGE4,100128553.0,Amp5,5.74
X-3211,CTPS2,56474.0,Del0.8,0.74
X-3211,CTSA,5476.0,MutNovel,"L29-,0.507"
X-3211,CUL4B,8450.0,Del0.8,0.74
X-3211,CXCL16,58191.0,MutNovel,"I234T,0.400"
X-3211,CXCR3,2833.0,Del0.8,0.74
X-3211,CXXC1P1,392459.0,Del0.8,0.74
X-3211,CXorf1,9142.0,Del0.8,0.76
X-3211,CXorf21,80231.0,Del0.8,0.74
X-3211,CXorf22,170063.0,Del0.8,0.74
X-3211,CXorf23,256643.0,Del0.8,0.74
X-3211,CXorf26,51260.0,Del0.8,0.74
X-3211,CXorf27,25763.0,Del0.8,0.74
X-3211,CXorf28,100129464.0,Del0.8,0.74
X-3211,CXorf30,645090.0,Del0.8,0.74
X-3211,CXorf36,79742.0,Del0.8,0.74
X-3211,CXorf38,159013.0,Del0.8,0.74
X-3211,CXorf40A,91966.0,Del0.8,0.76
X-3211,CXorf40B,541578.0,Del0.8,0.76
X-3211,CXorf48,54967.0,Del0.8,0.74
X-3211,CXorf49B,100132994.0,Del0.8,0.74
X-3211,CXorf49B,100132994.0,Del0.8,0.74
X-3211,CXorf51A,100129239.0,Del0.8,0.76
X-3211,CXorf51A,100129239.0,Del0.8,0.76
X-3211,CXorf56,63932.0,Del0.8,0.74
X-3211,CXorf57,55086.0,Del0.8,0.74
X-3211,CXorf58,254158.0,Del0.8,0.74
X-3211,CXorf59,286464.0,Del0.8,0.74
X-3211,CXorf61,203413.0,Del0.8,0.74
X-3211,CXorf64,100130613.0,Del0.8,0.74
X-3211,CXorf65,158830.0,Del0.8,0.74
X-3211,CXorf66,347487.0,Del0.8,0.22
X-3211,CXorf68,100132963.0,Del0.8,0.76
X-3211,CXorf69,644538.0,Del0.8,0.74
X-3211,CYBB,1536.0,Del0.8,0.74
X-3211,CYLC1,1538.0,Del0.8,0.74
X-3211,CYP2D6,1565.0,MutNovel,"K281-,0.500"
X-3211,CYSLTR1,10800.0,Del0.8,0.74
X-3211,DACH2,117154.0,Del0.8,0.74
X-3211,DAG1,1605.0,MutNovel,"P408S,0.998"
X-3211,DAZ1,1617.0,Del0.8,0.24
X-3211,DAZ2,57055.0,Del0.8,0.15
X-3211,DAZ3,57054.0,Del0.8,0.14
X-3211,DAZ3,57054.0,Del0.8,0.08
X-3211,DAZ4,57135.0,Del0.8,0.17
X-3211,DAZ4,57135.0,Del0.8,0.11
X-3211,DAZAP2,9802.0,MutNovel,"P88L,0.380"
X-3211,DCAF12L1,139170.0,Del0.8,0.74
X-3211,DCAF12L2,340578.0,Del0.8,0.74
X-3211,DCAF8L1,139425.0,Del0.8,0.74
X-3211,DCAF8L2,347442.0,Del0.8,0.74
X-3211,DCTN1,1639.0,MutNovel,"V35A,0.759"
X-3211,DCX,1641.0,Del0.8,0.74
X-3211,DDX26B,203522.0,Del0.8,0.74
X-3211,DDX27,55661.0,MutNovel,"L705F,0.616"
X-3211,DDX39B,7919.0,MutNovel,"C300G,0.271"
X-3211,DDX3X,1654.0,Del0.8,0.74
X-3211,DDX3Y,8653.0,Del0.8,0.24
X-3211,DDX53,168400.0,Del0.8,0.74
X-3211,DEM1,64789.0,MutKnownFunctional,"-344?,0.381"
X-3211,DGAT2L6,347516.0,Del0.8,0.74
X-3211,DGKK,139189.0,Del0.8,0.74
X-3211,DGUOK,1716.0,MutNovel,"S160F,0.776"
X-3211,DHRSX,207063.0,Del0.8,0.74
X-3211,DHX16,8449.0,MutNovel,"P8S,0.262"
X-3211,DIAPH2,1730.0,Del0.8,0.74
X-3211,DIP2C,22982.0,Del0.8,0.75
X-3211,DKC1,1736.0,Del0.8,0.76
X-3211,DKFZp686D0853,401613.0,Del0.8,0.74
X-3211,DLG3,1741.0,Del0.8,0.74
X-3211,DLG4,1742.0,MutNovel,"P129L,0.706"
X-3211,DMD,1756.0,Del0.8,0.74
X-3211,DMRTC1B,728656.0,Del0.8,0.74
X-3211,DMRTC1B,728656.0,Del0.8,0.74
X-3211,DNAJC10,54431.0,MutKnownFunctional,"L78*,0.388"
X-3211,DNAJC25,548645.0,MutNovel,"R215C,1.000"
X-3211,DNASE1L1,1774.0,Del0.8,0.76
X-3211,DOCK11,139818.0,Del0.8,0.74
X-3211,DPY19L2,283417.0,Amp5,6.5
X-3211,DRP2,1821.0,Del0.8,0.74
X-3211,DUSP21,63904.0,Del0.8,0.74
X-3211,DUSP9,1852.0,Del0.8,0.76
X-3211,DYNLT3,6990.0,Del0.8,0.74
X-3211,DYRK4,8798.0,MutNovel,"P456S,0.321"
X-3211,E2F3,1871.0,Amp5,5.06
X-3211,EBP,10682.0,Del0.8,0.74
X-3211,EDA,1896.0,Del0.8,0.74
X-3211,EDA2R,60401.0,Del0.8,0.74
X-3211,EDEM3,80267.0,MutNovel,"A17G,0.462"
X-3211,EFHC2,80258.0,Del0.8,0.74
X-3211,EFNB1,1947.0,Del0.8,0.74
X-3211,EGFL6,25975.0,Del0.8,0.74
X-3211,EHMT1,79813.0,MutNovel,"P1024S,0.497"
X-3211,EIF1AX,1964.0,Del0.8,0.74
X-3211,EIF1AY,9086.0,Del0.8,0.24
X-3211,EIF2S3,1968.0,Del0.8,0.74
X-3211,EIF3L,51386.0,MutNovel,"S306F,0.486"
X-3211,ELF4,2000.0,Del0.8,0.74
X-3211,ELK1,2002.0,Del0.8,0.74
X-3211,ELP2,55250.0,MutNovel,"T380I,0.555"
X-3211,EMD,2010.0,Del0.8,0.76
X-3211,ENOX2,10495.0,Del0.8,0.74
X-3211,EPHA10,284656.0,MutNovel,"F610V,0.600"
X-3211,ERAS,3266.0,Del0.8,0.74
X-3211,ERCC2,2068.0,MutNovel,"P308L,0.296"
X-3211,ERCC6L,54821.0,Del0.8,0.74
X-3211,ESX1,80712.0,Del0.8,0.74
X-3211,F8,2157.0,Del0.8,0.76
X-3211,F8A1,8263.0,Del0.8,0.76
X-3211,F8A1,8263.0,Del0.8,0.76
X-3211,F9,2158.0,Del0.8,0.2
X-3211,FAAH2,158584.0,Del0.8,0.74
X-3211,FAM104B,90736.0,Del0.8,0.74
X-3211,FAM120B,84498.0,MutNovel,"P716L,0.557"
X-3211,FAM120C,54954.0,Del0.8,0.74
X-3211,FAM122B,159090.0,Del0.8,0.74
X-3211,FAM122C,159091.0,Del0.8,0.74
X-3211,FAM123B,139285.0,Del0.8,0.74
X-3211,FAM127A,8933.0,Del0.8,0.74
X-3211,FAM127B,26071.0,Del0.8,0.74
X-3211,FAM127C,441518.0,Del0.8,0.74
X-3211,FAM133A,286499.0,Del0.8,0.74
X-3211,FAM155B,27112.0,Del0.8,0.74
X-3211,FAM156A,29057.0,Del0.8,0.74
X-3211,FAM156A,29057.0,Del0.8,0.74
X-3211,FAM156B,727866.0,Del0.8,0.74
X-3211,FAM156B,727866.0,Del0.8,0.74
X-3211,FAM171B,165215.0,MutNovel,"-50Q,0.700"
X-3211,FAM197Y2P,252946.0,Del0.8,0.24
X-3211,FAM199X,139231.0,Del0.8,0.74
X-3211,FAM21B,55747.0,MutNovel,"KL467NL,1.000"
X-3211,FAM21C,253725.0,MutNovel,"S468C,0.571"
X-3211,FAM3A,60343.0,Del0.8,0.76
X-3211,FAM41AY1,340618.0,Del0.8,0.24
X-3211,FAM41AY1,340618.0,Del0.8,0.24
X-3211,FAM45B,55855.0,Del0.8,0.74
X-3211,FAM46D,169966.0,Del0.8,0.74
X-3211,FAM47A,158724.0,Del0.8,0.74
X-3211,FAM47B,170062.0,Del0.8,0.74
X-3211,FAM47C,442444.0,Del0.8,0.74
X-3211,FAM48B1,100130302.0,Del0.8,0.74
X-3211,FAM48B2,170067.0,Del0.8,0.74
X-3211,FAM50A,9130.0,Del0.8,0.76
X-3211,FAM58A,92002.0,Del0.8,0.76
X-3211,FAM70A,55026.0,Del0.8,0.74
X-3211,FAM75C2,645961.0,MutNovel,"K60R,0.542"
X-3211,FAM9A,171482.0,Del0.8,0.74
X-3211,FAM9B,171483.0,Del0.8,0.74
X-3211,FAM9C,171484.0,Del0.8,0.74
X-3211,FANCA,2175.0,MutNovel,"L1362S,0.528"
X-3211,FANCB,2187.0,Del0.8,0.74
X-3211,FANCI,55215.0,MutNovel,"P455L,0.675"
X-3211,FAT1,2195.0,MutNovel,"P461I,0.390"
X-3211,FAT4,79633.0,MutNovel,"T2319A,0.714"
X-3211,FAT4,79633.0,MutNovel,"S2449F,0.600"
X-3211,FAT4,79633.0,MutNovel,"E4587K,0.520"
X-3211,FATE1,89885.0,Del0.8,0.76
X-3211,FBXL2,25827.0,MutNovel,"S334I,1.000"
X-3211,FDXACB1,91893.0,MutNovel,"A134V,0.667"
X-3211,FFAR3,2865.0,Del0.8,0.76
X-3211,FGD1,2245.0,Del0.8,0.74
X-3211,FGF13,2258.0,Del0.8,0.74
X-3211,FGF16,8823.0,Del0.8,0.74
X-3211,FGFR1,2260.0,MutNovel,"P56S,0.336"
X-3211,FGFRL1,53834.0,MutNovel,"P253L,0.771"
X-3211,FHL1,2273.0,Del0.8,0.74
X-3211,FIGF,2277.0,Del0.8,0.74
X-3211,FLG,2312.0,MutNovel,"R2361Q,1.000"
X-3211,FLJ44635,392490.0,Del0.8,0.74
X-3211,FLNA,2316.0,Del0.8,0.76
X-3211,FMR1,2332.0,Del0.8,0.76
X-3211,FMR1-AS1,100126270.0,Del0.8,0.76
X-3211,FMR1NB,158521.0,Del0.8,0.76
X-3211,FOLH1,2346.0,MutNovel,"P249S,0.600"
X-3211,FOXO4,4303.0,Del0.8,0.74
X-3211,FOXP3,50943.0,Del0.8,0.74
X-3211,FOXR2,139628.0,Del0.8,0.74
X-3211,FRMD7,90167.0,Del0.8,0.74
X-3211,FRMD8P1,83957.0,Del0.8,0.74
X-3211,FRMPD4,9758.0,Del0.8,0.74
X-3211,FTHL17,53940.0,Del0.8,0.74
X-3211,FTSJ1,24140.0,Del0.8,0.74
X-3211,FTSJD1,55783.0,MutNovel,"N378Y,0.463"
X-3211,FTX,100302692.0,Del0.8,0.74
X-3211,FUNDC1,139341.0,Del0.8,0.74
X-3211,FUNDC2,65991.0,Del0.8,0.76
X-3211,G6PD,2539.0,Del0.8,0.76
X-3211,GAB3,139716.0,Del0.8,0.76
X-3211,GABRA3,2556.0,Del0.8,0.76
X-3211,GABRE,2564.0,Del0.8,0.76
X-3211,GABRQ,55879.0,Del0.8,0.76
X-3211,GAGE1,2543.0,MutNovel,"G69E,0.789"
X-3211,GAGE1,2543.0,Del0.8,0.74
X-3211,GAGE10,643832.0,Del0.8,0.74
X-3211,GAGE12D,100132399.0,Del0.8,0.74
X-3211,GAGE12F,100008586.0,Del0.8,0.74
X-3211,GAGE12I,,MutNovel,"A64T,0.385"
X-3211,GAGE12J,729396.0,MutNovel,"G69E,1.000"
X-3211,GAGE12J,729396.0,Del0.8,0.74
X-3211,GAGE13,645051.0,Del0.8,0.74
X-3211,GAGE2A,729447.0,Del0.8,0.74
X-3211,GAGE2B,645037.0,Del0.8,0.74
X-3211,GAGE2C,2574.0,Del0.8,0.74
X-3211,GAGE2D,729408.0,MutNovel,"G68E,0.924"
X-3211,GAGE2D,729408.0,Del0.8,0.74
X-3211,GAGE2E,26749.0,Del0.8,0.74
X-3211,GATA1,2623.0,Del0.8,0.74
X-3211,GDI1,2664.0,Del0.8,0.76
X-3211,GDPD2,54857.0,Del0.8,0.74
X-3211,GEMIN8,54960.0,Del0.8,0.74
X-3211,GGCT,79017.0,MutNovel,"C122F,0.306"
X-3211,GGT7,2686.0,MutNovel,"R652W,1.000"
X-3211,GIGYF2,26058.0,MutNovel,"PQ1231P,0.798"
X-3211,GIMAP1-GIMAP5,100527949.0,MutNovel,"E203K,0.364"
X-3211,GJB1,2705.0,Del0.8,0.74
X-3211,GK,2710.0,Del0.8,0.74
X-3211,GLA,2717.0,Del0.8,0.74
X-3211,GLOD5,392465.0,Del0.8,0.74
X-3211,GLRA2,2742.0,Del0.8,0.74
X-3211,GLRA4,441509.0,Del0.8,0.74
X-3211,GLUD2,2747.0,Del0.8,0.74
X-3211,GNL3L,54552.0,Del0.8,0.74
X-3211,GOLGA2P2Y,84559.0,Del0.8,0.24
X-3211,GOLGA2P2Y,84559.0,Del0.8,0.18
X-3211,GPC3,2719.0,Del0.8,0.74
X-3211,GPC4,2239.0,Del0.8,0.74
X-3211,GPKOW,27238.0,Del0.8,0.74
X-3211,GPM6B,2824.0,Del0.8,0.74
X-3211,GPR101,83550.0,Del0.8,0.74
X-3211,GPR112,139378.0,Del0.8,0.74
X-3211,GPR119,139760.0,Del0.8,0.74
X-3211,GPR143,4935.0,Del0.8,0.74
X-3211,GPR158,57512.0,MutKnownFunctional,"-1141?,0.333"
X-3211,GPR173,54328.0,Del0.8,0.74
X-3211,GPR174,84636.0,Del0.8,0.74
X-3211,GPR34,2857.0,Del0.8,0.74
X-3211,GPR50,9248.0,Del0.8,0.76
X-3211,GPR64,10149.0,Del0.8,0.74
X-3211,GPR82,27197.0,Del0.8,0.74
X-3211,GPR98,84059.0,MutNovel,"S2688F,0.267"
X-3211,GPRASP1,9737.0,Del0.8,0.74
X-3211,GPRASP2,114928.0,Del0.8,0.74
X-3211,GRB2,2885.0,MutNovel,"P212L,0.275"
X-3211,GRIA3,2892.0,Del0.8,0.74
X-3211,GRIPAP1,56850.0,Del0.8,0.74
X-3211,GRPR,2925.0,Del0.8,0.74
X-3211,GSPT2,23708.0,Del0.8,0.74
X-3211,GSTT2,2953.0,Amp5,6.06
X-3211,GTPBP6,8225.0,Del0.8,0.74
X-3211,GUCY2F,2986.0,Del0.8,0.74
X-3211,GYG2,8908.0,Del0.8,0.74
X-3211,GYG2P1,352887.0,Del0.8,0.24
X-3211,H2AFB1,474382.0,Del0.8,0.76
X-3211,H2AFB1,474382.0,Del0.8,0.76
X-3211,H2BFM,286436.0,Del0.8,0.74
X-3211,H2BFWT,158983.0,Del0.8,0.74
X-3211,H2BFXP,767811.0,Del0.8,0.74
X-3211,H2BFXP,767811.0,Del0.8,0.74
X-3211,HAUS7,55559.0,Del0.8,0.76
X-3211,HBP1,26959.0,MutNovel,"SQ521S,0.245"
X-3211,HCCS,3052.0,Del0.8,0.74
X-3211,HCFC1,3054.0,Del0.8,0.76
X-3211,HCN2,610.0,MutNovel,"R76H,1.000"
X-3211,HDAC6,10013.0,Del0.8,0.74
X-3211,HDAC8,55869.0,Del0.8,0.74
X-3211,HDGFL1,154150.0,Amp5,5.06
X-3211,HDHD1,8226.0,Del0.8,0.74
X-3211,HDX,139324.0,Del0.8,0.74
X-3211,HEATR5A,25938.0,MutNovel,"L373-,0.463"
X-3211,HEPH,9843.0,Del0.8,0.74
X-3211,HHAT,55733.0,MutNovel,"A8V,0.500"
X-3211,HLA-DPA1,3113.0,MutNovel,"E126K,0.522"
X-3211,HLA-DRB1,3123.0,Amp5,5.1
X-3211,HLA-DRB5,3127.0,Amp5,5.1
X-3211,HLA-DRB6,3128.0,Amp5,5.1
X-3211,HLA-G,3135.0,MutNovel,"T91I,1.000"
X-3211,HLA-H,3136.0,Del0.8,0.77
X-3211,HMGB3,3149.0,Del0.8,0.76
X-3211,HMGN5,79366.0,Del0.8,0.74
X-3211,HMGXB4,10042.0,MutNovel,"P510S,0.468"
X-3211,HNRNPH2,3188.0,Del0.8,0.74
X-3211,HOXC13,3229.0,MutNovel,"L15LI,0.489"
X-3211,HPRT1,3251.0,Del0.8,0.74
X-3211,HRNR,388697.0,MutNovel,"H2538C,1.000"
X-3211,HS6ST2,90161.0,Del0.8,0.74
X-3211,HSD17B10,3028.0,Del0.8,0.74
X-3211,HSFX2,100130086.0,Del0.8,0.76
X-3211,HSFX2,100130086.0,Del0.8,0.76
X-3211,HSFY2,159119.0,Del0.8,0.24
X-3211,HSFY2,159119.0,Del0.8,0.24
X-3211,HSPA1A,3303.0,MutNovel,"M122K,0.571"
X-3211,HTATSF1,27336.0,Del0.8,0.74
X-3211,HTR2C,3358.0,Del0.8,0.74
X-3211,HTRA1,5654.0,MutNovel,"P475S,1.000"
X-3211,HUWE1,10075.0,Del0.8,0.74
X-3211,ID4,3400.0,Amp5,5.06
X-3211,IDH3G,3421.0,Del0.8,0.76
X-3211,IDS,3423.0,Del0.8,0.76
X-3211,IER2,9592.0,MutKnownFunctional,"S49*,0.519"
X-3211,IGBP1,3476.0,Del0.8,0.74
X-3211,IGSF1,3547.0,Del0.8,0.74
X-3211,IGSF3,3321.0,MutNovel,"D1041E,0.224"
X-3211,IKBKG,8517.0,Del0.8,0.76
X-3211,IL13RA1,3597.0,Del0.8,0.74
X-3211,IL13RA2,3598.0,Del0.8,0.74
X-3211,IL1RAPL1,11141.0,Del0.8,0.74
X-3211,IL1RAPL2,26280.0,Del0.8,0.74
X-3211,IL2RG,3561.0,Del0.8,0.74
X-3211,IL3RA,3563.0,Del0.8,0.74
X-3211,IL9R,3581.0,Del0.8,0.76
X-3211,INCENP,3619.0,MutNovel,"P838L,0.667"
X-3211,INE1,8552.0,Del0.8,0.74
X-3211,INE2,8551.0,Del0.8,0.74
X-3211,INGX,27160.0,Del0.8,0.74
X-3211,IQSEC2,23096.0,Del0.8,0.74
X-3211,IRAK1,3654.0,Del0.8,0.76
X-3211,IRS4,8471.0,Del0.8,0.74
X-3211,ITGA4,3676.0,MutNovel,"E288K,0.283"
X-3211,ITGB1BP2,26548.0,Del0.8,0.74
X-3211,ITIH6,347365.0,Del0.8,0.74
X-3211,ITM2A,9452.0,Del0.8,0.74
X-3211,JPX,554203.0,Del0.8,0.74
X-3211,JUND,3727.0,MutKnownFunctional,"-6?,0.628"
X-3211,KAL1,3730.0,Del0.8,0.74
X-3211,KCND1,3750.0,Del0.8,0.74
X-3211,KCNE1L,23630.0,Del0.8,0.74
X-3211,KDM5C,8242.0,Del0.8,0.74
X-3211,KDM5D,8284.0,Del0.8,0.24
X-3211,KDM6A,7403.0,MutNovel,"E88G,1.000"
X-3211,KDM6A,7403.0,Del0.8,0.74
X-3211,KIAA0196,9897.0,MutNovel,"P1067L,0.389"
X-3211,KIAA1109,84162.0,MutNovel,"P4975S,0.776"
X-3211,KIAA1210,57481.0,Del0.8,0.74
X-3211,KIAA1429,25962.0,MutNovel,"R1640C,0.344"
X-3211,KIAA1731,85459.0,MutNovel,"Q2146H,0.291"
X-3211,KIAA2022,340533.0,Del0.8,0.74
X-3211,KIF20B,9585.0,MutNovel,"L1062LKV,0.912"
X-3211,KIF2C,11004.0,MutNovel,"S98F,0.473"
X-3211,KIF4A,24137.0,Del0.8,0.74
X-3211,KIFC3,3801.0,MutNovel,"A213V,0.412"
X-3211,KLF8,11279.0,Del0.8,0.74
X-3211,KLHL13,90293.0,Del0.8,0.74
X-3211,KLHL15,80311.0,Del0.8,0.74
X-3211,KLHL34,257240.0,Del0.8,0.74
X-3211,KLHL4,56062.0,Del0.8,0.74
X-3211,KLLN,100144748.0,Del0.8,0.61
X-3211,KLRC1,3821.0,MutNovel,"L145Q,1.000"
X-3211,L1CAM,3897.0,MutKnownFunctional,"-527,0.833"
X-3211,L1CAM,3897.0,Del0.8,0.76
X-3211,L3MBTL3,84456.0,MutNovel,"V530L,0.705"
X-3211,LAGE3,8270.0,Del0.8,0.76
X-3211,LAMA1,284217.0,MutNovel,"A2022V,0.495"
X-3211,LAMB3,3914.0,MutNovel,"E996K,0.700"
X-3211,LAMP2,3920.0,Del0.8,0.74
X-3211,LANCL3,347404.0,Del0.8,0.74
X-3211,LAP3,51056.0,MutNovel,"R513C,0.681"
X-3211,LAS1L,81887.0,Del0.8,0.74
X-3211,LCE3C,353144.0,Del0.8,0.23
X-3211,LDOC1,23641.0,Del0.8,0.76
X-3211,LHFPL1,340596.0,Del0.8,0.74
X-3211,LINC00086,399668.0,Del0.8,0.74
X-3211,LINC00087,644596.0,Del0.8,0.74
X-3211,LINC00102,100359394.0,Del0.8,0.74
X-3211,LINC00340,401237.0,Amp5,5.06
X-3211,LMLN,89782.0,MutNovel,"R189C,0.522"
X-3211,LOC100128420,100128420.0,Del0.8,0.74
X-3211,LOC100129407,100129407.0,Del0.8,0.74
X-3211,LOC100129407,100129407.0,Del0.8,0.74
X-3211,LOC100129515,100129515.0,Del0.8,0.74
X-3211,LOC100129520,100129520.0,Del0.8,0.74
X-3211,LOC100129662,100129662.0,Del0.8,0.74
X-3211,LOC100131434,100131434.0,Del0.8,0.76
X-3211,LOC100132741,100132741.0,Del0.8,0.74
X-3211,LOC100132831,100132831.0,Del0.8,0.74
X-3211,LOC100133123,100133123.0,Del0.8,0.74
X-3211,LOC100133957,100133957.0,Del0.8,0.74
X-3211,LOC100272228,100272228.0,Del0.8,0.76
X-3211,LOC100287765,100287765.0,Del0.8,0.74
X-3211,LOC100288814,100288814.0,Del0.8,0.74
X-3211,LOC100506757,100506757.0,Del0.8,0.74
X-3211,LOC100507404,100507404.0,Del0.8,0.76
X-3211,LOC100507404,100507404.0,Del0.8,0.76
X-3211,LOC158572,158572.0,Del0.8,0.74
X-3211,LOC158696,158696.0,Del0.8,0.74
X-3211,LOC286437,286437.0,Del0.8,0.74
X-3211,LOC286442,286442.0,Del0.8,0.74
X-3211,LOC286467,286467.0,Del0.8,0.74
X-3211,LOC340544,340544.0,Del0.8,0.74
X-3211,LOC347411,347411.0,Del0.8,0.74
X-3211,LOC389906,389906.0,Del0.8,0.74
X-3211,LOC401180,,MutKnownFunctional,"R175*,1.000"
X-3211,LOC401588,401588.0,Del0.8,0.74
X-3211,LOC441124,,MutNovel,"P110L,0.510"
X-3211,LOC442459,442459.0,Del0.8,0.74
X-3211,LOC550643,550643.0,Del0.8,0.74
X-3211,LOC643486,643486.0,Del0.8,0.74
X-3211,LOC728377,728377.0,Amp5,5.74
X-3211,LOC728888,,MutNovel,"P813L,0.273"
X-3211,LOC728888,,MutNovel,"NI453I,0.328"
X-3211,LOC728888,,MutNovel,"T373P,0.857"
X-3211,LOC728888,,MutNovel,"NI369I,0.778"
X-3211,LOC729177,729177.0,Amp5,5.06
X-3211,LOC729609,729609.0,Del0.8,0.74
X-3211,LOC92249,92249.0,Del0.8,0.74
X-3211,LONRF2,164832.0,MutNovel,"A24T,0.667"
X-3211,LONRF3,79836.0,Del0.8,0.74
X-3211,LPAR4,2846.0,MutNovel,"F50I,1.000"
X-3211,LPAR4,2846.0,Del0.8,0.74
X-3211,LPIN2,9663.0,MutNovel,"A331V,0.574"
X-3211,LRCH2,57631.0,Del0.8,0.74
X-3211,LRP10,26020.0,MutNovel,"A121V,0.527"
X-3211,LRP5,4041.0,MutNovel,"R899C,0.623"
X-3211,LRRK1,79705.0,MutNovel,"P1146S,0.486"
X-3211,LRSAM1,90678.0,MutNovel,"A198V,1.000"
X-3211,LSR,51599.0,MutNovel,"G518GR,0.588"
X-3211,LTBP1,4052.0,MutNovel,"E562K,0.889"
X-3211,LUZP4,51213.0,Del0.8,0.74
X-3211,LYST,1130.0,MutNovel,"P3394L,0.511"
X-3211,MAGEA1,4100.0,Del0.8,0.76
X-3211,MAGEA10,4109.0,Del0.8,0.76
X-3211,MAGEA10-MAGEA5,100533997.0,Del0.8,0.76
X-3211,MAGEA11,4110.0,Del0.8,0.76
X-3211,MAGEA12,4111.0,Del0.8,0.76
X-3211,MAGEA2,4101.0,Del0.8,0.76
X-3211,MAGEA2,4101.0,Del0.8,0.76
X-3211,MAGEA3,4102.0,Del0.8,0.76
X-3211,MAGEA4,4103.0,Del0.8,0.76
X-3211,MAGEA5,4104.0,Del0.8,0.76
X-3211,MAGEA6,4105.0,Del0.8,0.76
X-3211,MAGEA8,4107.0,Del0.8,0.76
X-3211,MAGEA9B,728269.0,Del0.8,0.76
X-3211,MAGEA9B,728269.0,Del0.8,0.76
X-3211,MAGEB1,4112.0,Del0.8,0.74
X-3211,MAGEB10,139422.0,Del0.8,0.74
X-3211,MAGEB16,139604.0,Del0.8,0.74
X-3211,MAGEB18,286514.0,Del0.8,0.74
X-3211,MAGEB2,4113.0,Del0.8,0.74
X-3211,MAGEB3,4114.0,Del0.8,0.74
X-3211,MAGEB4,4115.0,Del0.8,0.74
X-3211,MAGEB6,158809.0,MutNovel,"E254K,1.000"
X-3211,MAGEB6,158809.0,Del0.8,0.74
X-3211,MAGEC1,9947.0,Del0.8,0.76
X-3211,MAGEC2,51438.0,Del0.8,0.76
X-3211,MAGEC3,139081.0,Del0.8,0.76
X-3211,MAGED1,9500.0,Del0.8,0.74
X-3211,MAGED2,10916.0,Del0.8,0.74
X-3211,MAGED4B,81557.0,Del0.8,0.74
X-3211,MAGED4B,81557.0,Del0.8,0.74
X-3211,MAGEE1,57692.0,Del0.8,0.74
X-3211,MAGEE2,139599.0,Del0.8,0.74
X-3211,MAGEH1,28986.0,Del0.8,0.74
X-3211,MAGIX,79917.0,Del0.8,0.74
X-3211,MAGT1,84061.0,Del0.8,0.74
X-3211,MAMLD1,10046.0,Del0.8,0.76
X-3211,MAOA,4128.0,Del0.8,0.74
X-3211,MAOB,4129.0,Del0.8,0.74
X-3211,MAP3K12,7786.0,MutNovel,"L235P,0.313"
X-3211,MAP3K15,389840.0,Del0.8,0.74
X-3211,MAP3K4,4216.0,MutNovel,"PA1189P,0.800"
X-3211,MAP7D2,256714.0,Del0.8,0.74
X-3211,MAP7D3,79649.0,Del0.8,0.74
X-3211,MAST4,375449.0,MutNovel,"L2015-,0.385"
X-3211,MATN4,8785.0,MutNovel,"P444L,1.000"
X-3211,MBNL3,55796.0,Del0.8,0.74
X-3211,MBOAT1,154141.0,Amp5,5.06
X-3211,MBTPS2,51360.0,Del0.8,0.74
X-3211,MCF2,4168.0,Del0.8,0.13
X-3211,MCM9,254394.0,MutNovel,"M1096V,0.518"
X-3211,MCM9,254394.0,MutNovel,"L639V,0.316"
X-3211,MCTS1,28985.0,Del0.8,0.74
X-3211,MDC1,9656.0,MutNovel,"P1409A,0.642"
X-3211,MECP2,4204.0,Del0.8,0.76
X-3211,MED12,9968.0,Del0.8,0.74
X-3211,MED14,9282.0,Del0.8,0.74
X-3211,MGC16121,84848.0,Del0.8,0.74
X-3211,MID1,4281.0,Del0.8,0.74
X-3211,MID1IP1,58526.0,Del0.8,0.74
X-3211,MID2,11043.0,Del0.8,0.74
X-3211,MIER3,166968.0,MutNovel,"T63I,0.398"
X-3211,MIR105-1,406897.0,Del0.8,0.76
X-3211,MIR105-2,406898.0,Del0.8,0.76
X-3211,MIR106A,406899.0,Del0.8,0.74
X-3211,MIR1184-1,100302111.0,Del0.8,0.76
X-3211,MIR1184-1,100302111.0,Del0.8,0.76
X-3211,MIR1256,100302155.0,Del0.8,0.74
X-3211,MIR1264,100302251.0,Del0.8,0.74
X-3211,MIR1277,100302214.0,Del0.8,0.74
X-3211,MIR1298,100302153.0,Del0.8,0.74
X-3211,MIR1468,100302115.0,Del0.8,0.74
X-3211,MIR188,406964.0,Del0.8,0.74
X-3211,MIR18B,574033.0,Del0.8,0.74
X-3211,MIR1911,100302222.0,Del0.8,0.74
X-3211,MIR1912,100302144.0,Del0.8,0.74
X-3211,MIR19B2,406981.0,Del0.8,0.74
X-3211,MIR20B,574032.0,Del0.8,0.74
X-3211,MIR2114,100313839.0,Del0.8,0.76
X-3211,MIR221,407006.0,Del0.8,0.74
X-3211,MIR222,407007.0,Del0.8,0.74
X-3211,MIR223,407008.0,Del0.8,0.74
X-3211,MIR23C,100500809.0,Del0.8,0.74
X-3211,MIR3202-1,100422987.0,Del0.8,0.76
X-3211,MIR3202-2,100422877.0,Del0.8,0.76
X-3211,MIR320D2,100302169.0,Del0.8,0.76
X-3211,MIR362,574030.0,Del0.8,0.74
X-3211,MIR363,574031.0,Del0.8,0.74
X-3211,MIR3690,100500894.0,Del0.8,0.74
X-3211,MIR374A,442919.0,Del0.8,0.74
X-3211,MIR374B,100126317.0,Del0.8,0.74
X-3211,MIR374C,100500807.0,Del0.8,0.74
X-3211,MIR384,494333.0,Del0.8,0.74
X-3211,MIR3978,100616491.0,Del0.8,0.74
X-3211,MIR421,693122.0,Del0.8,0.74
X-3211,MIR424,494336.0,Del0.8,0.74
X-3211,MIR4328,100422932.0,Del0.8,0.74
X-3211,MIR4329,100423009.0,Del0.8,0.74
X-3211,MIR4330,100422930.0,Del0.8,0.76
X-3211,MIR448,554212.0,Del0.8,0.74
X-3211,MIR450A1,554214.0,Del0.8,0.74
X-3211,MIR450A2,574505.0,Del0.8,0.74
X-3211,MIR450B,100126302.0,Del0.8,0.74
X-3211,MIR452,574412.0,Del0.8,0.76
X-3211,MIR4536-1,100616155.0,Del0.8,0.74
X-3211,MIR4767,100616467.0,Del0.8,0.74
X-3211,MIR4768,100616249.0,Del0.8,0.74
X-3211,MIR4769,100616147.0,Del0.8,0.74
X-3211,MIR4770,100616373.0,Del0.8,0.74
X-3211,MIR500A,574502.0,Del0.8,0.74
X-3211,MIR500B,100422911.0,Del0.8,0.74
X-3211,MIR501,574503.0,Del0.8,0.74
X-3211,MIR502,574504.0,Del0.8,0.74
X-3211,MIR503,574506.0,Del0.8,0.74
X-3211,MIR504,574507.0,Del0.8,0.74
X-3211,MIR505,574508.0,Del0.8,0.22
X-3211,MIR506,574511.0,Del0.8,0.76
X-3211,MIR507,574512.0,Del0.8,0.76
X-3211,MIR508,574513.0,Del0.8,0.76
X-3211,MIR509-1,574514.0,Del0.8,0.76
X-3211,MIR510,574515.0,Del0.8,0.76
X-3211,MIR514A1,574516.0,Del0.8,0.76
X-3211,MIR514A2,574517.0,Del0.8,0.76
X-3211,MIR514B,100422847.0,Del0.8,0.76
X-3211,MIR532,693124.0,Del0.8,0.74
X-3211,MIR542,664617.0,Del0.8,0.74
X-3211,MIR545,664614.0,Del0.8,0.74
X-3211,MIR548A1,693125.0,Amp5,5.13
X-3211,MIR651,723779.0,Del0.8,0.74
X-3211,MIR660,724030.0,Del0.8,0.74
X-3211,MIR676,100500887.0,Del0.8,0.74
X-3211,MIR718,100313781.0,Del0.8,0.76
X-3211,MIR764,100313838.0,Del0.8,0.74
X-3211,MIR766,768218.0,Del0.8,0.74
X-3211,MIR767,768215.0,Del0.8,0.76
X-3211,MIR888,100126306.0,Del0.8,0.76
X-3211,MIR890,100126303.0,Del0.8,0.76
X-3211,MIR891A,100126341.0,Del0.8,0.76
X-3211,MIR891B,100126304.0,Del0.8,0.76
X-3211,MIR892A,100126342.0,Del0.8,0.76
X-3211,MIR892B,100126307.0,Del0.8,0.76
X-3211,MIR92A2,407049.0,Del0.8,0.74
X-3211,MIR934,100126324.0,Del0.8,0.74
X-3211,MIR98,407054.0,Del0.8,0.74
X-3211,MIRLET7F2,406889.0,Del0.8,0.74
X-3211,MITF,4286.0,MutNovel,"P161S,0.998"
X-3211,MLL4,9757.0,MutNovel,"SP423S,0.471"
X-3211,MLLT4,4301.0,MutNovel,"P790S,0.394"
X-3211,MMGT1,93380.0,Del0.8,0.74
X-3211,MORC4,79710.0,Del0.8,0.74
X-3211,MORF4L2,9643.0,Del0.8,0.74
X-3211,MOSPD1,56180.0,Del0.8,0.74
X-3211,MOSPD2,158747.0,Del0.8,0.74
X-3211,MPP1,4354.0,Del0.8,0.76
X-3211,MRPL2,51069.0,MutNovel,"G267C,0.609"
X-3211,MRPL38,64978.0,MutNovel,"R17Q,0.750"
X-3211,MSH3,4437.0,MutNovel,"-55AAA,0.227"
X-3211,MSL3,10943.0,Del0.8,0.74
X-3211,MSN,4478.0,Del0.8,0.74
X-3211,MST4,51765.0,Del0.8,0.74
X-3211,MTCH1,23787.0,MutNovel,"A16V,0.382"
X-3211,MTCP1,4515.0,Del0.8,0.76
X-3211,MTCP1NB,100272147.0,Del0.8,0.76
X-3211,MTM1,4534.0,Del0.8,0.76
X-3211,MTMR1,8776.0,Del0.8,0.76
X-3211,MTMR7,9108.0,MutNovel,"R467Q,0.571"
X-3211,MTMR8,55613.0,Del0.8,0.74
X-3211,MTRNR2L10,100463488.0,Del0.8,0.74
X-3211,MUM1L1,139221.0,Del0.8,0.74
X-3211,MXRA5,25878.0,Del0.8,0.74
X-3211,MYLK,4638.0,MutNovel,"P1125S,0.750"
X-3211,MYO5B,4645.0,MutNovel,"G1278S,0.571"
X-3211,MYPOP,339344.0,MutNovel,"A50G,0.389"
X-3211,NAA10,8260.0,Del0.8,0.76
X-3211,NAP1L2,4674.0,Del0.8,0.74
X-3211,NAP1L3,4675.0,Del0.8,0.74
X-3211,NAP1L6,645996.0,Del0.8,0.74
X-3211,NBEA,26960.0,MutNovel,"D2586N,0.643"
X-3211,NBPF12,,MutNovel,"S2793P,1.000"
X-3211,NBPF12,,MutNovel,"L3013V,0.487"
X-3211,NBPF15,284565.0,MutNovel,"R36V,0.667"
X-3211,NBPF9,400818.0,MutNovel,"Q184R,1.000"
X-3211,NBPF9,400818.0,MutNovel,"G364R,0.227"
X-3211,NCOR2,9612.0,MutNovel,"G1920S,1.000"
X-3211,NCOR2,9612.0,MutNovel,"G1839GAAA,0.506"
X-3211,NCR3LG1,,MutNovel,"P39S,0.476"
X-3211,NCRNA00185,55410.0,Del0.8,0.24
X-3211,NDP,4693.0,Del0.8,0.74
X-3211,NDUFA1,4694.0,Del0.8,0.74
X-3211,NDUFB11,54539.0,Del0.8,0.74
X-3211,NECAB2,54550.0,MutNovel,"E84K,0.500"
X-3211,NGFRAP1,27018.0,Del0.8,0.74
X-3211,NHS,4810.0,Del0.8,0.74
X-3211,NHSL2,340527.0,Del0.8,0.74
X-3211,NIPSNAP3A,25934.0,MutKnownFunctional,"-247,0.909"
X-3211,NKAP,79576.0,Del0.8,0.74
X-3211,NKAPP1,158801.0,Del0.8,0.74
X-3211,NKRF,55922.0,Del0.8,0.74
X-3211,NLGN2,57555.0,MutNovel,"R346C,0.742"
X-3211,NLGN3,54413.0,Del0.8,0.74
X-3211,NLGN4X,57502.0,Del0.8,0.74
X-3211,NLGN4Y,22829.0,Del0.8,0.24
X-3211,NLRP3,114548.0,MutNovel,"E313K,0.500"
X-3211,NLRX1,79671.0,MutNovel,"P950L,0.639"
X-3211,NMT2,9397.0,MutNovel,"R148H,1.000"
X-3211,NONO,4841.0,Del0.8,0.74
X-3211,NOX1,27035.0,Del0.8,0.74
X-3211,NPIPL3,23117.0,MutNovel,"R866G,0.440"
X-3211,NPIPL3,23117.0,MutNovel,"L438F,0.545"
X-3211,NR0B1,190.0,Del0.8,0.74
X-3211,NR1H2,7376.0,MutNovel,"R117C,0.674"
X-3211,NR1H2,7376.0,MutNovel,"-173Q,0.554"
X-3211,NRK,203447.0,Del0.8,0.74
X-3211,NRP2,8828.0,MutNovel,"S451F,0.306"
X-3211,NSDHL,50814.0,Del0.8,0.76
X-3211,NUB1,51667.0,MutNovel,"D425N,0.663"
X-3211,NUDT10,170685.0,Del0.8,0.74
X-3211,NUDT11,55190.0,Del0.8,0.74
X-3211,NUMA1,4926.0,MutNovel,"R983Q,0.427"
X-3211,NUP153,9972.0,MutNovel,"W208L,0.445"
X-3211,NUP210,23225.0,MutNovel,"A755L,1.000"
X-3211,NUP62CL,54830.0,Del0.8,0.74
X-3211,NXF2,56001.0,Del0.8,0.74
X-3211,NXF2,56001.0,Del0.8,0.74
X-3211,NXF2B,728343.0,Del0.8,0.74
X-3211,NXF2B,728343.0,Del0.8,0.74
X-3211,NXF3,56000.0,Del0.8,0.74
X-3211,NXF4,55999.0,Del0.8,0.74
X-3211,NXF5,55998.0,Del0.8,0.74
X-3211,NXT2,55916.0,Del0.8,0.74
X-3211,NYNRIN,57523.0,MutNovel,"P1552S,0.565"
X-3211,NYX,60506.0,Del0.8,0.74
X-3211,OC90,729330.0,MutNovel,"G334R,0.600"
X-3211,OCRL,4952.0,Del0.8,0.74
X-3211,ODZ1,10178.0,Del0.8,0.74
X-3211,OFCC1,,MutNovel,"V681F,0.800"
X-3211,OFD1,8481.0,Del0.8,0.74
X-3211,OGT,8473.0,Del0.8,0.74
X-3211,OLFM1,10439.0,MutNovel,"S368F,0.667"
X-3211,OLIG2,10215.0,MutNovel,"G311S,0.444"
X-3211,OPHN1,4983.0,Del0.8,0.74
X-3211,OPN1LW,5956.0,Del0.8,0.76
X-3211,OPN1MW,2652.0,Del0.8,0.76
X-3211,OR13H1,347468.0,Del0.8,0.74
X-3211,OR2A42,402317.0,Amp5,5.74
X-3211,OR2A42,402317.0,Amp5,5.74
X-3211,OR2A7,401427.0,Amp5,5.74
X-3211,OR2A9P,441295.0,Amp5,5.74
X-3211,OR2A9P,441295.0,Amp5,5.74
X-3211,OR52N1,79473.0,Del0.8,0.54
X-3211,OR52N5,390075.0,Del0.8,0.16
X-3211,ORAI1,84876.0,MutNovel,"PP43-,0.826"
X-3211,OTC,5009.0,Del0.8,0.74
X-3211,OTUD5,55593.0,Del0.8,0.74
X-3211,OTUD6A,139562.0,Del0.8,0.74
X-3211,P2RY10,27334.0,Del0.8,0.74
X-3211,P2RY4,5030.0,Del0.8,0.74
X-3211,P2RY8,286530.0,Del0.8,0.74
X-3211,PAAF1,80227.0,MutNovel,"V247F,0.484"
X-3211,PABPC1L2A,340529.0,Del0.8,0.74
X-3211,PABPC1L2B,645974.0,Del0.8,0.74
X-3211,PABPC3,5042.0,MutNovel,"KG231-,0.632"
X-3211,PABPC5,140886.0,Del0.8,0.74
X-3211,PAGE1,8712.0,Del0.8,0.74
X-3211,PAGE2,203569.0,Del0.8,0.74
X-3211,PAGE2B,389860.0,Del0.8,0.74
X-3211,PAGE3,139793.0,Del0.8,0.74
X-3211,PAGE4,9506.0,Del0.8,0.74
X-3211,PAGE5,90737.0,Del0.8,0.74
X-3211,PAK3,5063.0,Del0.8,0.74
X-3211,PARD3,56288.0,MutNovel,"P1323L,1.000"
X-3211,PASD1,139135.0,Del0.8,0.76
X-3211,PCBP2,5094.0,MutNovel,"P181L,0.669"
X-3211,PCDH11X,27328.0,Del0.8,0.74
X-3211,PCDH11Y,83259.0,Del0.8,0.24
X-3211,PCDH12,51294.0,MutKnownFunctional,"W1057*,1.000"
X-3211,PCDH19,57526.0,Del0.8,0.74
X-3211,PCDHGB1,56104.0,MutNovel,"P282S,0.267"
X-3211,PCDHGB2,56103.0,MutNovel,"G299E,1.000"
X-3211,PCDHGC4,56098.0,MutNovel,"E37K,0.286"
X-3211,PCLO,27445.0,MutNovel,"G562R,1.000"
X-3211,PCSK1N,27344.0,Del0.8,0.74
X-3211,PCYT1B,9468.0,Del0.8,0.74
X-3211,PDE4DIP,9659.0,MutNovel,"T2297A,0.201"
X-3211,PDHA1,5160.0,Del0.8,0.74
X-3211,PDK3,5165.0,Del0.8,0.74
X-3211,PDZD11,51248.0,Del0.8,0.74
X-3211,PDZD4,57595.0,Del0.8,0.76
X-3211,PFKFB1,5207.0,Del0.8,0.74
X-3211,PGAM4,441531.0,Del0.8,0.74
X-3211,PGAM5,192111.0,MutNovel,"P41S,1.000"
X-3211,PGK1,5230.0,Del0.8,0.74
X-3211,PGRMC1,10857.0,Del0.8,0.74
X-3211,PHC3,80012.0,MutNovel,"R734C,0.475"
X-3211,PHEX,5251.0,Del0.8,0.74
X-3211,PHF16,9767.0,Del0.8,0.74
X-3211,PHF6,84295.0,Del0.8,0.74
X-3211,PHF8,23133.0,Del0.8,0.74
X-3211,PHKA1,5255.0,Del0.8,0.74
X-3211,PHKA2,5256.0,Del0.8,0.74
X-3211,PHLDA1,22822.0,MutNovel,"QQ194Q,0.541"
X-3211,PHLPP1,23239.0,MutNovel,"P397R,0.392"
X-3211,PIAS1,8554.0,MutNovel,"P547L,0.354"
X-3211,PIGA,5277.0,Del0.8,0.74
X-3211,PIK3AP1,118788.0,MutNovel,"F555S,1.000"
X-3211,PIK3R4,30849.0,MutNovel,"A1348V,0.451"
X-3211,PIM2,11040.0,Del0.8,0.74
X-3211,PIN4,5303.0,Del0.8,0.74
X-3211,PIR,8544.0,Del0.8,0.74
X-3211,PIR-FIGF,100532742.0,Del0.8,0.74
X-3211,PITPNC1,26207.0,MutNovel,"P46L,0.382"
X-3211,PITPNM2,57605.0,MutNovel,"R1295C,1.000"
X-3211,PJA1,64219.0,Del0.8,0.74
X-3211,PLA2R1,22925.0,MutNovel,"S112F,1.000"
X-3211,PLAC1,10761.0,Del0.8,0.74
X-3211,PLCB1,23236.0,MutNovel,"A1170V,0.652"
X-3211,PLCB4,5332.0,MutNovel,"S800F,0.679"
X-3211,PLCB4,5332.0,MutNovel,"S903F,0.355"
X-3211,PLCXD1,55344.0,Del0.8,0.74
X-3211,PLD1,5337.0,MutNovel,"N529K,0.522"
X-3211,PLEC,5339.0,MutNovel,"R1688C,0.469"
X-3211,PLEKHA4,57664.0,MutNovel,"P720S,0.347"
X-3211,PLP1,5354.0,Del0.8,0.74
X-3211,PLP2,5355.0,Del0.8,0.74
X-3211,PLS3,5358.0,Del0.8,0.74
X-3211,PLXNA3,55558.0,Del0.8,0.76
X-3211,PLXNB3,5365.0,Del0.8,0.76
X-3211,PLXNC1,10154.0,MutNovel,"H1321Y,1.000"
X-3211,PNCK,139728.0,Del0.8,0.76
X-3211,PNMA3,29944.0,Del0.8,0.76
X-3211,PNMA5,114824.0,Del0.8,0.76
X-3211,PNMA6A,84968.0,Del0.8,0.76
X-3211,PNMA6A,84968.0,Del0.8,0.76
X-3211,PNMA6C,100287428.0,Del0.8,0.76
X-3211,PNMA6D,100287466.0,Del0.8,0.76
X-3211,PNMA6D,100287466.0,Del0.8,0.76
X-3211,PNPLA4,8228.0,Del0.8,0.74
X-3211,POF1B,79983.0,Del0.8,0.74
X-3211,POLA1,5422.0,Del0.8,0.74
X-3211,POLQ,10721.0,MutNovel,"KK1024K,0.373"
X-3211,PORCN,64840.0,Del0.8,0.74
X-3211,POU3F4,5456.0,Del0.8,0.74
X-3211,PPEF1,5475.0,Del0.8,0.74
X-3211,PPP1R2P9,80316.0,Del0.8,0.74
X-3211,PPP1R3F,89801.0,Del0.8,0.74
X-3211,PPP2R3B,28227.0,MutNovel,"F596S,1.000"
X-3211,PPP2R3B,28227.0,Del0.8,0.74
X-3211,PPP2R3B-AS1,283981.0,Del0.8,0.74
X-3211,PQBP1,10084.0,Del0.8,0.74
X-3211,PRAF2,11230.0,Del0.8,0.74
X-3211,PRDM2,7799.0,MutNovel,"P242S,0.497"
X-3211,PRDX4,10549.0,Del0.8,0.74
X-3211,PRIC285,85441.0,MutNovel,"A917V,0.400"
X-3211,PRICKLE3,4007.0,Del0.8,0.74
X-3211,PRKD1,5587.0,MutNovel,"G32GPG,0.375"
X-3211,PRKX,5613.0,Del0.8,0.74
X-3211,PRKY,5616.0,Del0.8,0.24
X-3211,PRL,5617.0,Amp5,5.06
X-3211,PRPF40B,25766.0,MutNovel,"T547S,0.624"
X-3211,PRPS1,5631.0,Del0.8,0.74
X-3211,PRPS2,5634.0,Del0.8,0.74
X-3211,PRR14L,253143.0,MutNovel,"P1672S,1.000"
X-3211,PRRG1,5638.0,Del0.8,0.74
X-3211,PRRG3,79057.0,Del0.8,0.76
X-3211,PRTG,283659.0,MutNovel,"R204C,0.750"
X-3211,PRUNE,58497.0,MutNovel,"S393F,0.579"
X-3211,PRY,9081.0,Del0.8,0.24
X-3211,PRY,9081.0,Del0.8,0.24
X-3211,PRY2,442862.0,Del0.8,0.24
X-3211,PRY2,442862.0,Del0.8,0.24
X-3211,PSMD10,5716.0,Del0.8,0.74
X-3211,PTCHD1,139411.0,Del0.8,0.74
X-3211,PTEN,5728.0,Del0.8,0.6
X-3211,PTPRD,5789.0,MutNovel,"D423N,1.000"
X-3211,PTPRF,5792.0,MutNovel,"V707M,0.289"
X-3211,PTPRH,5794.0,MutNovel,"P886L,0.556"
X-3211,PTS,5805.0,MutNovel,"L73M,0.309"
X-3211,PYHIN1,149628.0,MutNovel,"P57R,0.778"
X-3211,RAB33A,9363.0,Del0.8,0.74
X-3211,RAB39B,116442.0,Del0.8,0.76
X-3211,RAB40A,142684.0,Del0.8,0.74
X-3211,RAB40AL,282808.0,Del0.8,0.74
X-3211,RAB41,347517.0,Del0.8,0.74
X-3211,RAB9A,9367.0,Del0.8,0.74
X-3211,RAB9B,51209.0,Del0.8,0.74
X-3211,RAD50,10111.0,MutNovel,"L262F,0.320"
X-3211,RAD54L2,23132.0,MutNovel,"M1210L,1.000"
X-3211,RAI2,10742.0,Del0.8,0.74
X-3211,RAP2C,57826.0,Del0.8,0.74
X-3211,RBBP7,5931.0,Del0.8,0.74
X-3211,RBM10,8241.0,Del0.8,0.74
X-3211,RBM3,5935.0,Del0.8,0.74
X-3211,RBM41,55285.0,Del0.8,0.74
X-3211,RBMX,27316.0,Del0.8,0.74
X-3211,RBMX2,51634.0,Del0.8,0.74
X-3211,RBMXL3,139804.0,Del0.8,0.74
X-3211,RBMY1A3P,286557.0,Del0.8,0.24
X-3211,RBMY1B,378948.0,Del0.8,0.24
X-3211,RBMY1B,378948.0,Del0.8,0.24
X-3211,RBMY1E,378950.0,Del0.8,0.24
X-3211,RBMY1E,378950.0,Del0.8,0.24
X-3211,RBMY1F,159163.0,Del0.8,0.24
X-3211,RBMY1F,159163.0,Del0.8,0.24
X-3211,RBMY1J,378951.0,Del0.8,0.24
X-3211,RBMY1J,378951.0,Del0.8,0.24
X-3211,RBMY2EP,159125.0,Del0.8,0.24
X-3211,RBMY2FP,159162.0,Del0.8,0.24
X-3211,RBMY3AP,64593.0,Del0.8,0.24
X-3211,RCAN3,11123.0,MutNovel,"T73I,1.000"
X-3211,RELL2,285613.0,MutNovel,"G270S,0.630"
X-3211,RENBP,5973.0,Del0.8,0.76
X-3211,REPS2,9185.0,Del0.8,0.74
X-3211,RGAG1,57529.0,Del0.8,0.74
X-3211,RGAG4,340526.0,Del0.8,0.74
X-3211,RGN,9104.0,Del0.8,0.74
X-3211,RHOXF1,158800.0,Del0.8,0.74
X-3211,RHOXF2B,727940.0,Del0.8,0.74
X-3211,RHOXF2B,727940.0,Del0.8,0.74
X-3211,RIBC1,158787.0,Del0.8,0.74
X-3211,RIN3,79890.0,MutNovel,"G967-,0.250"
X-3211,RIPPLY1,92129.0,Del0.8,0.74
X-3211,RLIM,51132.0,Del0.8,0.74
X-3211,RNF10,9921.0,MutNovel,"P643S,1.000"
X-3211,RNF113A,7737.0,Del0.8,0.74
X-3211,RNF126,55658.0,MutNovel,"S17F,0.635"
X-3211,RNF128,79589.0,Del0.8,0.74
X-3211,RNF144B,255488.0,Amp5,5.13
X-3211,RNF4,6047.0,MutNovel,"S166F,0.690"
X-3211,ROR1,4919.0,MutNovel,"T110P,0.705"
X-3211,RP1-177G6.2,286411.0,Del0.8,0.76
X-3211,RP2,6102.0,Del0.8,0.74
X-3211,RPA4,29935.0,Del0.8,0.74
X-3211,RPGR,6103.0,Del0.8,0.74
X-3211,RPL10,6134.0,Del0.8,0.76
X-3211,RPL24,6152.0,MutNovel,"P151L,0.509"
X-3211,RPL36A,6173.0,Del0.8,0.74
X-3211,RPL36A-HNRNPH2,100529097.0,Del0.8,0.74
X-3211,RPL39,6170.0,Del0.8,0.74
X-3211,RPS26P11,441502.0,Del0.8,0.74
X-3211,RPS4X,6191.0,Del0.8,0.74
X-3211,RPS4Y1,6192.0,Del0.8,0.24
X-3211,RPS4Y2,140032.0,Del0.8,0.24
X-3211,RPS6KA3,6197.0,Del0.8,0.74
X-3211,RPS6KA6,27330.0,Del0.8,0.74
X-3211,RRAGB,10325.0,Del0.8,0.74
X-3211,RS1,6247.0,Del0.8,0.74
X-3211,S100G,795.0,Del0.8,0.74
X-3211,SAGE1,55511.0,Del0.8,0.74
X-3211,SALL1,6299.0,MutNovel,"P1210S,0.224"
X-3211,SARDH,1757.0,MutNovel,"V71I,1.000"
X-3211,SARM1,23098.0,MutNovel,"W183R,0.933"
X-3211,SASH3,54440.0,Del0.8,0.74
X-3211,SAT1,6303.0,Del0.8,0.74
X-3211,SATL1,340562.0,Del0.8,0.74
X-3211,SCARNA23,677773.0,Del0.8,0.74
X-3211,SCARNA9L,100158262.0,Del0.8,0.74
X-3211,SCML1,6322.0,Del0.8,0.74
X-3211,SCML2,10389.0,Del0.8,0.74
X-3211,SCUBE2,57758.0,MutNovel,"L25P,0.600"
X-3211,SELRC1,65260.0,MutNovel,"G46E,0.558"
X-3211,SEMA3D,223117.0,MutNovel,"R217Q,0.714"
X-3211,SEMA3F,6405.0,MutNovel,"D426N,1.000"
X-3211,SENP7,57337.0,MutNovel,"S887F,0.589"
X-3211,2014-09-06 00:00:00,23157.0,Del0.8,0.74
X-3211,SERINC2,347735.0,MutNovel,"-373Q,0.699"
X-3211,SERPINA7,6906.0,Del0.8,0.74
X-3211,SFMBT1,51460.0,MutNovel,"P439S,1.000"
X-3211,SGTB,54557.0,MutNovel,"P222S,0.786"
X-3211,SH2D1A,4068.0,Del0.8,0.74
X-3211,SH3BGRL,6451.0,Del0.8,0.74
X-3211,SH3KBP1,30011.0,Del0.8,0.74
X-3211,SHC2,25759.0,MutNovel,"D504Y,0.889"
X-3211,SHOX,6473.0,Del0.8,0.74
X-3211,SHROOM2,357.0,Del0.8,0.74
X-3211,SHROOM4,57477.0,Del0.8,0.74
X-3211,SIN3B,23309.0,MutNovel,"T291I,0.599"
X-3211,SIRPG,55423.0,MutNovel,"M34V,1.000"
X-3211,SIRT1,23411.0,MutNovel,"P37L,1.000"
X-3211,SLC10A3,8273.0,Del0.8,0.76
X-3211,SLC16A2,6567.0,Del0.8,0.74
X-3211,SLC24A1,9187.0,MutNovel,"P283L,0.529"
X-3211,SLC24A1,9187.0,MutNovel,"Q308H,0.421"
X-3211,SLC25A14,9016.0,Del0.8,0.74
X-3211,SLC25A43,203427.0,Del0.8,0.74
X-3211,SLC25A5,292.0,Del0.8,0.74
X-3211,SLC25A5-AS1,100303728.0,Del0.8,0.74
X-3211,SLC25A6,293.0,Del0.8,0.74
X-3211,SLC26A6,65010.0,MutNovel,"S603F,0.996"
X-3211,SLC2A13,114134.0,MutNovel,"S6N,0.763"
X-3211,SLC30A6,55676.0,MutNovel,"P425S,0.286"
X-3211,SLC35A2,7355.0,Del0.8,0.74
X-3211,SLC35B2,347734.0,MutNovel,"P75L,0.548"
X-3211,SLC38A5,92745.0,Del0.8,0.74
X-3211,SLC5A2,6524.0,MutNovel,"P626L,0.222"
X-3211,SLC6A14,11254.0,Del0.8,0.74
X-3211,SLC6A8,6535.0,Del0.8,0.76
X-3211,SLC7A3,84889.0,Del0.8,0.74
X-3211,SLC7A5,8140.0,MutNovel,"T298I,0.612"
X-3211,SLC9A6,10479.0,Del0.8,0.74
X-3211,SLC9A7,84679.0,Del0.8,0.74
X-3211,SLITRK2,84631.0,Del0.8,0.76
X-3211,SLITRK4,139065.0,Del0.8,0.76
X-3211,SLITRK6,84189.0,MutNovel,"P176S,0.667"
X-3211,SMARCA1,6594.0,Del0.8,0.74
X-3211,SMC1A,8243.0,Del0.8,0.74
X-3211,SMEK3P,139420.0,Del0.8,0.74
X-3211,SMPX,23676.0,Del0.8,0.74
X-3211,SMS,6611.0,Del0.8,0.74
X-3211,SNAPC4,6621.0,MutNovel,"S542-,0.265"
X-3211,SNORA11,677799.0,Del0.8,0.74
X-3211,SNORA11C,100124540.0,Del0.8,0.74
X-3211,SNORA11D,100124541.0,Del0.8,0.74
X-3211,SNORA11D,100124541.0,Del0.8,0.74
X-3211,SNORA11E,100124542.0,Del0.8,0.74
X-3211,SNORA11E,100124542.0,Del0.8,0.74
X-3211,SNORA35,677816.0,Del0.8,0.74
X-3211,SNORA36A,677817.0,Del0.8,0.76
X-3211,SNORA56,677835.0,Del0.8,0.76
X-3211,SNORA69,26779.0,Del0.8,0.74
X-3211,SNORA70,26778.0,Del0.8,0.76
X-3211,SNORD61,26787.0,Del0.8,0.74
X-3211,SNORD96B,692226.0,Del0.8,0.74
X-3211,SNX12,29934.0,Del0.8,0.74
X-3211,SNX21,90203.0,MutNovel,"R123Q,0.667"
X-3211,SOGA1,,MutNovel,"S1436F,0.564"
X-3211,SOGA1,,MutNovel,"R1303Q,0.667"
X-3211,SOLH,6650.0,MutNovel,"P906L,0.464"
X-3211,SOWAHD,347454.0,Del0.8,0.74
X-3211,SOX3,6658.0,Del0.8,0.25
X-3211,SOX4,6659.0,Amp5,5.06
X-3211,SPACA5,389852.0,Del0.8,0.74
X-3211,SPANXA2,728712.0,Del0.8,0.76
X-3211,SPANXA2,728712.0,Del0.8,0.76
X-3211,SPANXA2-OT1,619455.0,Del0.8,0.76
X-3211,SPANXB1,728695.0,Del0.8,0.76
X-3211,SPANXC,64663.0,Del0.8,0.76
X-3211,SPANXN1,494118.0,Del0.8,0.76
X-3211,SPANXN2,494119.0,Del0.8,0.76
X-3211,SPANXN3,139067.0,Del0.8,0.76
X-3211,SPANXN4,441525.0,Del0.8,0.76
X-3211,SPANXN5,494197.0,Del0.8,0.74
X-3211,SPATA17,128153.0,MutNovel,"P188S,0.600"
X-3211,SPIN2A,54466.0,Del0.8,0.74
X-3211,SPIN2B,474343.0,Del0.8,0.74
X-3211,SPIN3,169981.0,Del0.8,0.74
X-3211,SPIN4,139886.0,Del0.8,0.74
X-3211,SPRY3,10251.0,Del0.8,0.76
X-3211,SPTY2D1,144108.0,MutNovel,"KR107R,0.592"
X-3211,SRD5A1P1,6719.0,Del0.8,0.2
X-3211,SREBF1,6720.0,MutNovel,"P134R,0.684"
X-3211,SRPK3,26576.0,Del0.8,0.76
X-3211,SRPX,8406.0,Del0.8,0.74
X-3211,SRPX2,27286.0,Del0.8,0.74
X-3211,SRY,6736.0,Del0.8,0.24
X-3211,SSR4,6748.0,Del0.8,0.76
X-3211,SSX1,6756.0,Del0.8,0.74
X-3211,SSX2,6757.0,Del0.8,0.74
X-3211,SSX2,6757.0,Del0.8,0.74
X-3211,SSX2B,727837.0,Del0.8,0.74
X-3211,SSX2B,727837.0,Del0.8,0.74
X-3211,SSX3,10214.0,Del0.8,0.74
X-3211,SSX4,6759.0,Del0.8,0.74
X-3211,SSX4,6759.0,Del0.8,0.74
X-3211,SSX5,6758.0,Del0.8,0.74
X-3211,SSX6,280657.0,Del0.8,0.74
X-3211,SSX7,280658.0,Del0.8,0.74
X-3211,SSX8,280659.0,Del0.8,0.74
X-3211,STAG2,10735.0,Del0.8,0.74
X-3211,STARD5,80765.0,MutNovel,"P155H,0.370"
X-3211,STARD8,9754.0,Del0.8,0.74
X-3211,STARD9,57519.0,MutNovel,"Q2092E,0.571"
X-3211,STK11IP,114790.0,MutNovel,"P459L,0.825"
X-3211,STMN1,3925.0,MutNovel,"S142F,0.375"
X-3211,STS,412.0,Del0.8,0.74
X-3211,SUV39H1,6839.0,Del0.8,0.74
X-3211,SVIL,6840.0,MutNovel,"N1692K,1.000"
X-3211,SYAP1,94056.0,Del0.8,0.74
X-3211,SYN1,6853.0,Del0.8,0.74
X-3211,SYNE1,23345.0,MutNovel,"V3439G,0.600"
X-3211,SYNE2,23224.0,MutNovel,"S1774F,0.310"
X-3211,SYNJ1,8867.0,MutNovel,"R307C,0.491"
X-3211,SYP,6855.0,Del0.8,0.74
X-3211,SYTL4,94121.0,Del0.8,0.74
X-3211,SYTL5,94122.0,Del0.8,0.74
X-3211,TAB3,257397.0,Del0.8,0.74
X-3211,TAF1,6872.0,Del0.8,0.74
X-3211,TAF7L,54457.0,Del0.8,0.74
X-3211,TAF9B,51616.0,Del0.8,0.74
X-3211,TAZ,6901.0,Del0.8,0.76
X-3211,TBC1D14,57533.0,MutNovel,"A345V,0.668"
X-3211,TBC1D25,4943.0,MutNovel,"S433W,1.000"
X-3211,TBC1D25,4943.0,Del0.8,0.74
X-3211,TBC1D8B,54885.0,Del0.8,0.74
X-3211,TBCD,6904.0,MutNovel,"A821V,0.738"
X-3211,TBL1X,6907.0,Del0.8,0.74
X-3211,TBL1Y,90665.0,Del0.8,0.24
X-3211,TBP,6908.0,MutNovel,"-64Q,0.214"
X-3211,TBX22,50945.0,Del0.8,0.74
X-3211,TC2N,123036.0,MutNovel,"P53L,1.000"
X-3211,TCEAL1,9338.0,Del0.8,0.74
X-3211,TCEAL2,140597.0,Del0.8,0.74
X-3211,TCEAL3,85012.0,Del0.8,0.74
X-3211,TCEAL4,79921.0,Del0.8,0.74
X-3211,TCEAL5,340543.0,Del0.8,0.74
X-3211,TCEAL6,158931.0,Del0.8,0.74
X-3211,TCEAL7,56849.0,Del0.8,0.74
X-3211,TCEAL8,90843.0,Del0.8,0.74
X-3211,TCEANC,170082.0,Del0.8,0.74
X-3211,TCN1,6947.0,MutNovel,"G407E,0.800"
X-3211,TDGF1P3,6998.0,Del0.8,0.74
X-3211,TECPR2,9895.0,MutNovel,"G1374S,0.563"
X-3211,TECTA,7007.0,MutNovel,"I2075V,1.000"
X-3211,TEX11,56159.0,Del0.8,0.74
X-3211,TEX13A,56157.0,Del0.8,0.74
X-3211,TEX13B,56156.0,Del0.8,0.74
X-3211,TEX28,1527.0,Del0.8,0.76
X-3211,TFDP3,51270.0,Del0.8,0.74
X-3211,TFE3,7030.0,Del0.8,0.74
X-3211,TGIF2LX,90316.0,Del0.8,0.74
X-3211,TGIF2LY,90655.0,Del0.8,0.24
X-3211,THOC2,57187.0,Del0.8,0.74
X-3211,TIMM17B,10245.0,Del0.8,0.74
X-3211,TIMM8A,1678.0,Del0.8,0.74
X-3211,TIMP1,7076.0,Del0.8,0.74
X-3211,TKTL1,8277.0,Del0.8,0.76
X-3211,TLR7,51284.0,Del0.8,0.74
X-3211,TLR8,51311.0,Del0.8,0.74
X-3211,TLR8-AS1,349408.0,Del0.8,0.74
X-3211,TMCC2,9911.0,MutNovel,"P471S,0.451"
X-3211,TMEM131,23505.0,MutNovel,"P1491L,0.267"
X-3211,TMEM161A,54929.0,MutNovel,"T243I,0.710"
X-3211,TMEM164,84187.0,Del0.8,0.74
X-3211,TMEM185A,84548.0,Del0.8,0.76
X-3211,TMEM187,8269.0,Del0.8,0.76
X-3211,TMEM27,57393.0,Del0.8,0.74
X-3211,TMEM31,203562.0,Del0.8,0.74
X-3211,TMEM35,59353.0,Del0.8,0.74
X-3211,TMEM47,83604.0,Del0.8,0.74
X-3211,TMEM48,55706.0,MutNovel,"H166Y,0.492"
X-3211,TMLHE,55217.0,Del0.8,0.76
X-3211,TMOD3,29766.0,MutNovel,"M305L,0.321"
X-3211,TMSB15A,11013.0,Del0.8,0.74
X-3211,TMSB15B,286527.0,Del0.8,0.74
X-3211,TMSB4X,7114.0,Del0.8,0.74
X-3211,TMSB4Y,9087.0,Del0.8,0.24
X-3211,TNMD,64102.0,Del0.8,0.74
X-3211,TNRC6A,27327.0,MutNovel,"P1111L,0.604"
X-3211,TNRC6B,23112.0,MutNovel,"L1825F,0.418"
X-3211,TNRC6C,57690.0,MutNovel,"G616R,0.436"
X-3211,TNRC6C,57690.0,MutNovel,"S1658F,0.295"
X-3211,TNS3,64759.0,MutNovel,"S791F,0.685"
X-3211,TPTE,7179.0,MutNovel,"P409S,1.000"
X-3211,TPTE,7179.0,MutNovel,"G234E,1.000"
X-3211,TPTE,7179.0,MutNovel,"R229Q,1.000"
X-3211,TPTE2,93492.0,MutNovel,"V176L,0.333"
X-3211,TPTE2,93492.0,MutNovel,"G131R,1.000"
X-3211,TPTE2,93492.0,MutNovel,"G116A,1.000"
X-3211,TRANK1,9881.0,MutNovel,"E2752K,1.000"
X-3211,TRAP1,10131.0,MutNovel,"E115K,0.567"
X-3211,TRAPPC2,6399.0,Del0.8,0.74
X-3211,TRAPPC9,83696.0,MutNovel,"S975F,0.558"
X-3211,TREX2,11219.0,Del0.8,0.76
X-3211,TRIM51GP,,MutNovel,"Q253H,1.000"
X-3211,TRIM65,201292.0,MutNovel,"P484L,0.667"
X-3211,TRMT2B,79979.0,Del0.8,0.74
X-3211,TRO,7216.0,Del0.8,0.74
X-3211,TRPC5,7224.0,Del0.8,0.74
X-3211,TSC22D3,1831.0,Del0.8,0.74
X-3211,TSIX,9383.0,Del0.8,0.74
X-3211,TSPAN6,7105.0,Del0.8,0.74
X-3211,TSPAN7,7102.0,Del0.8,0.74
X-3211,TSPY1,7258.0,Del0.8,0.24
X-3211,TSPY2,64591.0,Del0.8,0.24
X-3211,TSPY3,728137.0,Del0.8,0.24
X-3211,TSPY4,728395.0,Del0.8,0.24
X-3211,TSPY8,728403.0,Del0.8,0.24
X-3211,TSPYL1,7259.0,MutNovel,"V176VW,0.842"
X-3211,TSPYL2,64061.0,Del0.8,0.74
X-3211,TSR2,90121.0,Del0.8,0.74
X-3211,TTC3P1,286495.0,Del0.8,0.74
X-3211,TTTY10,246119.0,Del0.8,0.24
X-3211,TTTY11,83866.0,Del0.8,0.24
X-3211,TTTY12,83867.0,Del0.8,0.24
X-3211,TTTY13,83868.0,Del0.8,0.24
X-3211,TTTY14,83869.0,Del0.8,0.24
X-3211,TTTY15,64595.0,Del0.8,0.24
X-3211,TTTY16,252948.0,Del0.8,0.24
X-3211,TTTY17A,252949.0,Del0.8,0.18
X-3211,TTTY17A,252949.0,Del0.8,0.14
X-3211,TTTY18,252950.0,Del0.8,0.24
X-3211,TTTY19,252952.0,Del0.8,0.24
X-3211,TTTY1B,100101116.0,Del0.8,0.24
X-3211,TTTY1B,100101116.0,Del0.8,0.24
X-3211,TTTY2,60439.0,Del0.8,0.24
X-3211,TTTY2,60439.0,Del0.8,0.24
X-3211,TTTY20,252951.0,Del0.8,0.24
X-3211,TTTY21,252953.0,Del0.8,0.24
X-3211,TTTY21,252953.0,Del0.8,0.24
X-3211,TTTY22,252954.0,Del0.8,0.24
X-3211,TTTY23,252955.0,Del0.8,0.24
X-3211,TTTY23,252955.0,Del0.8,0.24
X-3211,TTTY3,114760.0,Del0.8,0.18
X-3211,TTTY3,114760.0,Del0.8,0.24
X-3211,TTTY4,114761.0,Del0.8,0.08
X-3211,TTTY4,114761.0,Del0.8,0.14
X-3211,TTTY5,83863.0,Del0.8,0.24
X-3211,TTTY6,84672.0,Del0.8,0.24
X-3211,TTTY6,84672.0,Del0.8,0.24
X-3211,TTTY7,246122.0,Del0.8,0.24
X-3211,TTTY7,246122.0,Del0.8,0.24
X-3211,TTTY7B,100101120.0,Del0.8,0.24
X-3211,TTTY7B,100101120.0,Del0.8,0.24
X-3211,TTTY8,84673.0,Del0.8,0.24
X-3211,TTTY8,84673.0,Del0.8,0.24
X-3211,TTTY9A,83864.0,Del0.8,0.24
X-3211,TTTY9A,83864.0,Del0.8,0.24
X-3211,TUSC3,7991.0,MutNovel,"R334C,0.315"
X-3211,TXLNG,55787.0,Del0.8,0.74
X-3211,TXLNG2P,246126.0,Del0.8,0.24
X-3211,TXNDC16,57544.0,MutNovel,"S13F,0.500"
X-3211,UBA1,7317.0,Del0.8,0.74
X-3211,UBE2A,7319.0,Del0.8,0.74
X-3211,UBE2DNL,100131816.0,Del0.8,0.74
X-3211,UBE2NL,389898.0,Del0.8,0.76
X-3211,UBL4A,8266.0,Del0.8,0.76
X-3211,UBQLN2,29978.0,Del0.8,0.74
X-3211,UBR4,23352.0,MutNovel,"P2388L,0.419"
X-3211,UGT8,7368.0,MutNovel,"P173L,0.738"
X-3211,UPF3B,65109.0,Del0.8,0.74
X-3211,UPK3BL,,MutNovel,"T119I,0.278"
X-3211,UPRT,139596.0,Del0.8,0.74
X-3211,UQCRBP1,442454.0,Del0.8,0.74
X-3211,USP11,8237.0,Del0.8,0.74
X-3211,USP22,23326.0,MutNovel,"S237F,0.291"
X-3211,USP26,83844.0,Del0.8,0.74
X-3211,USP27X,389856.0,Del0.8,0.74
X-3211,USP40,55230.0,MutNovel,"P707L,0.212"
X-3211,USP51,158880.0,Del0.8,0.74
X-3211,USP9X,8239.0,Del0.8,0.74
X-3211,USP9Y,8287.0,Del0.8,0.24
X-3211,UTP14A,10813.0,Del0.8,0.74
X-3211,UTRN,7402.0,MutNovel,"N374I,0.486"
X-3211,UTRN,7402.0,MutNovel,"S725F,0.612"
X-3211,UTY,7404.0,Del0.8,0.24
X-3211,UXT,8409.0,Del0.8,0.74
X-3211,VAMP7,6845.0,Del0.8,0.76
X-3211,VBP1,7411.0,Del0.8,0.76
X-3211,VCX,26609.0,Del0.8,0.74
X-3211,VCX2,51480.0,Del0.8,0.74
X-3211,VCX3A,51481.0,Del0.8,0.74
X-3211,VCX3B,425054.0,Del0.8,0.74
X-3211,VCY,9084.0,Del0.8,0.24
X-3211,VCY,9084.0,Del0.8,0.24
X-3211,VENTXP1,139538.0,Del0.8,0.74
X-3211,VGLL1,51442.0,Del0.8,0.74
X-3211,VMA21,203547.0,Del0.8,0.76
X-3211,VSIG1,340547.0,Del0.8,0.74
X-3211,VSIG4,11326.0,Del0.8,0.74
X-3211,WAS,7454.0,Del0.8,0.74
X-3211,WBP5,51186.0,Del0.8,0.74
X-3211,WDR1,9948.0,MutNovel,"P273S,0.328"
X-3211,WDR13,64743.0,Del0.8,0.74
X-3211,WDR44,54521.0,Del0.8,0.74
X-3211,WDR45,11152.0,Del0.8,0.74
X-3211,WDR46,9277.0,MutNovel,"Y262C,0.433"
X-3211,WNK3,65267.0,Del0.8,0.74
X-3211,WRNIP1,56897.0,MutNovel,"GDGD170-,0.478"
X-3211,WWC3,55841.0,Del0.8,0.74
X-3211,XAGE1A,653219.0,Del0.8,0.74
X-3211,XAGE1A,653219.0,Del0.8,0.74
X-3211,XAGE1C,653048.0,Del0.8,0.74
X-3211,XAGE1C,653048.0,Del0.8,0.74
X-3211,XAGE2,9502.0,Del0.8,0.74
X-3211,XAGE2,9502.0,Del0.8,0.74
X-3211,XAGE3,170626.0,Del0.8,0.74
X-3211,XAGE5,170627.0,Del0.8,0.74
X-3211,XG,7499.0,Del0.8,0.74
X-3211,XGPY2,100132596.0,Del0.8,0.74
X-3211,XIAP,331.0,Del0.8,0.74
X-3211,XIST,7503.0,Del0.8,0.74
X-3211,XK,7504.0,Del0.8,0.74
X-3211,XKRX,402415.0,Del0.8,0.74
X-3211,XKRY2,353515.0,Del0.8,0.24
X-3211,XKRY2,353515.0,Del0.8,0.24
X-3211,XPNPEP2,7512.0,Del0.8,0.74
X-3211,XXYLT1,152002.0,MutNovel,"P282L,0.444"
X-3211,YIPF6,286451.0,Del0.8,0.74
X-3211,YTHDC2,64848.0,MutKnownFunctional,"E767*,0.571"
X-3211,YY2,404281.0,Del0.8,0.74
X-3211,ZBED1,9189.0,Del0.8,0.74
X-3211,ZBTB24,9841.0,MutNovel,"D666N,0.379"
X-3211,ZBTB33,10009.0,Del0.8,0.74
X-3211,ZC3H12B,340554.0,Del0.8,0.74
X-3211,ZC4H2,55906.0,Del0.8,0.74
X-3211,ZCCHC12,170261.0,Del0.8,0.74
X-3211,ZCCHC13,389874.0,Del0.8,0.74
X-3211,ZCCHC16,340595.0,Del0.8,0.74
X-3211,ZCCHC18,644353.0,Del0.8,0.74
X-3211,ZCCHC2,54877.0,MutNovel,"P1072S,0.447"
X-3211,ZCCHC5,203430.0,Del0.8,0.74
X-3211,ZDHHC11,79844.0,MutNovel,"A303D,1.000"
X-3211,ZDHHC15,158866.0,Del0.8,0.74
X-3211,ZDHHC9,51114.0,Del0.8,0.74
X-3211,ZFP92,139735.0,Del0.8,0.76
X-3211,ZFX,7543.0,Del0.8,0.74
X-3211,ZFY,7544.0,Del0.8,0.24
X-3211,ZIC1,7545.0,MutNovel,"S423L,0.528"
X-3211,ZIC3,7547.0,Del0.8,0.74
X-3211,ZMAT1,84460.0,Del0.8,0.74
X-3211,ZMYM3,9203.0,Del0.8,0.74
X-3211,ZNF157,7712.0,Del0.8,0.74
X-3211,ZNF182,7569.0,Del0.8,0.74
X-3211,ZNF185,7739.0,Del0.8,0.76
X-3211,ZNF275,10838.0,Del0.8,0.76
X-3211,ZNF280C,55609.0,Del0.8,0.74
X-3211,ZNF347,84671.0,MutNovel,"E322Q,0.643"
X-3211,ZNF41,7592.0,Del0.8,0.74
X-3211,ZNF438,220929.0,Del0.8,0.71
X-3211,ZNF449,203523.0,Del0.8,0.74
X-3211,ZNF474,133923.0,MutNovel,"R173C,0.857"
X-3211,ZNF534,147658.0,MutNovel,"P92S,1.000"
X-3211,ZNF611,81856.0,MutNovel,"S197F,0.333"
X-3211,ZNF630,57232.0,Del0.8,0.74
X-3211,ZNF645,158506.0,Del0.8,0.74
X-3211,ZNF673,55634.0,Del0.8,0.74
X-3211,ZNF674,641339.0,Del0.8,0.74
X-3211,ZNF711,7552.0,Del0.8,0.74
X-3211,ZNF75D,7626.0,Del0.8,0.74
X-3211,ZNF81,347344.0,Del0.8,0.74
X-3211,ZNF852,,MutKnownFunctional,"-492,1.000"
X-3211,ZNF865,100507290.0,MutNovel,"P577S,0.233"
X-3211,ZRSR2,8233.0,Del0.8,0.74
X-3211,ZSCAN5A,79149.0,MutNovel,"T366M,0.382"
X-3211,ZXDA,7789.0,Del0.8,0.74
X-3211,ZXDB,158586.0,MutNovel,"G251S,1.000"
X-3211,ZXDB,158586.0,Del0.8,0.74
X-3483,AATK,9625.0,MutNovel,"L1102R,0.482"
X-3483,ACBD5,91452.0,MutNovel,"A196T,1.000"
X-3483,ACOT11,26027.0,MutNovel,"VS392V,1.000"
X-3483,ACOT2,10965.0,MutNovel,"T379P,0.667"
X-3483,ADAMTS20,80070.0,MutNovel,"M994I,1.000"
X-3483,ADAMTS6,11174.0,MutNovel,"D671N,0.375"
X-3483,ADAT2,134637.0,MutNovel,"T148A,0.562"
X-3483,ADAT3,113179.0,MutNovel,"G235S,0.345"
X-3483,AGAP11,119385.0,MutNovel,"S55F,1.000"
X-3483,AHNAK2,113146.0,MutNovel,"S5642F,0.336"
X-3483,AIM2,9447.0,MutKnownFunctional,"-343?,0.444"
X-3483,AKAP8,10270.0,MutNovel,"S91F,0.333"
X-3483,ALCAM,214.0,MutNovel,"L538F,0.468"
X-3483,ALS2CL,259173.0,MutNovel,"D223V,0.714"
X-3483,AMELY,266.0,Del0.8,0.17
X-3483,ANKRD26,22852.0,MutNovel,"K952T,1.000"
X-3483,ANKRD36,375248.0,MutNovel,"T998S,0.269"
X-3483,ANKRD36B,57730.0,MutNovel,"C563S,1.000"
X-3483,ANKRD36C,,MutNovel,"SE887FD,1.000"
X-3483,ANKRD40,91369.0,MutNovel,"D178Y,0.514"
X-3483,ANO10,55129.0,MutNovel,"N250S,0.308"
X-3483,AP1G2,8906.0,MutNovel,"G553R,0.463"
X-3483,ARHGAP23,57636.0,MutNovel,"I158V,0.500"
X-3483,ARID1A,8289.0,MutKnownFunctional,"-1999,1.000"
X-3483,ARSK,153642.0,MutNovel,"P58S,0.632"
X-3483,ASCC3,10973.0,MutNovel,"M365T,0.737"
X-3483,ATG16L2,89849.0,MutNovel,"R301G,1.000"
X-3483,ATP8B3,148229.0,MutNovel,"M285I,0.459"
X-3483,BAI1,575.0,MutNovel,"E620K,0.319"
X-3483,BCORP1,286554.0,Del0.8,0.17
X-3483,BDP1,55814.0,MutNovel,"P711R,0.286"
X-3483,BPY2B,442867.0,Del0.8,0.17
X-3483,BPY2B,442867.0,Del0.8,0.17
X-3483,BRAF,673.0,MutKnownFunctional,"V600E,0.893"
X-3483,BRCA2,675.0,MutNovel,"P2408L,0.273"
X-3483,C10orf54,64115.0,MutNovel,"P255L,1.000"
X-3483,C12orf35,55196.0,MutNovel,"P58L,0.833"
X-3483,C19orf57,79173.0,MutNovel,"G625E,0.632"
X-3483,C21orf58,54058.0,MutNovel,"H299PN,0.429"
X-3483,C4orf33,132321.0,MutNovel,"S134L,0.316"
X-3483,C7orf31,136895.0,MutNovel,"P182L,0.847"
X-3483,CAPZA1,829.0,MutNovel,"R129K,0.472"
X-3483,CARS2,79587.0,MutKnownFunctional,"-561?,0.413"
X-3483,CBS,875.0,MutNovel,"A186T,0.631"
X-3483,CCDC144A,9720.0,MutNovel,"Q1091R,1.000"
X-3483,CCDC9,26093.0,MutNovel,"R344L,0.482"
X-3483,CCNB3,85417.0,MutNovel,"S412L,1.000"
X-3483,CDC25C,995.0,MutNovel,"S191L,0.455"
X-3483,CDH15,1013.0,MutNovel,"V43M,1.000"
X-3483,CDKN2B,1030.0,Del0.8,0.23
X-3483,CDY1B,253175.0,Del0.8,0.17
X-3483,CDY1B,253175.0,Del0.8,0.17
X-3483,CDY2A,9426.0,Del0.8,0.17
X-3483,CDY2A,9426.0,Del0.8,0.17
X-3483,CDY2B,203611.0,Del0.8,0.17
X-3483,CDY2B,203611.0,Del0.8,0.17
X-3483,CHEK2,11200.0,MutNovel,"P527L,0.614"
X-3483,CIITA,4261.0,MutNovel,"P223S,0.714"
X-3483,CLCN3,1182.0,MutNovel,"R635Q,0.648"
X-3483,CLEC18B,497190.0,MutNovel,"T173A,0.429"
X-3483,CNOT6,57472.0,MutNovel,"P265L,0.602"
X-3483,CNTNAP3B,728577.0,MutNovel,"R1214W,1.000"
X-3483,COL11A1,1301.0,MutNovel,"K267R,1.000"
X-3483,COL1A2,1278.0,MutNovel,"G697E,0.800"
X-3483,COL1A2,1278.0,MutNovel,"E1010K,0.308"
X-3483,CORO2A,7464.0,MutNovel,"H74Y,1.000"
X-3483,CPPED1,55313.0,MutNovel,"E187K,0.451"
X-3483,CRTC1,23373.0,MutNovel,"S489F,0.557"
X-3483,CSMD1,64478.0,MutNovel,"H2063Y,1.000"
X-3483,CSPG4P1Y,114758.0,Del0.8,0.17
X-3483,CSPG4P1Y,114758.0,Del0.8,0.17
X-3483,CTAGE4,100128553.0,Del0.8,0.68
X-3483,CTSA,5476.0,MutNovel,"L29-,1.000"
X-3483,CXCR4,7852.0,MutNovel,"R338P,0.679"
X-3483,CYFIP2,26999.0,MutNovel,"E1145K,0.377"
X-3483,DAPK3,1613.0,MutNovel,"E336K,0.707"
X-3483,DAZ1,1617.0,Del0.8,0.17
X-3483,DAZ2,57055.0,Del0.8,0.17
X-3483,DAZ3,57054.0,Del0.8,0.17
X-3483,DAZ3,57054.0,Del0.8,0.17
X-3483,DAZ4,57135.0,Del0.8,0.17
X-3483,DAZ4,57135.0,Del0.8,0.17
X-3483,DDX3Y,8653.0,Del0.8,0.17
X-3483,DENND4B,9909.0,MutNovel,"QQQ908-,1.000"
X-3483,DIP2C,22982.0,MutNovel,"T740M,0.286"
X-3483,DMXL2,23312.0,MutNovel,"C2346G,0.571"
X-3483,DNAH14,127602.0,MutKnownFunctional,"R330*,1.000"
X-3483,DNAH17,8632.0,MutNovel,"G2392E,0.750"
X-3483,DOCK9,23348.0,MutNovel,"E395Q,0.591"
X-3483,DPY19L2,283417.0,MutNovel,"R290C,1.000"
X-3483,EEF1A1,1915.0,MutNovel,"A281S,0.732"
X-3483,EEF2K,29904.0,MutNovel,"R114Q,0.371"
X-3483,EFNB3,1949.0,MutNovel,"G272K,0.500"
X-3483,EIF1AY,9086.0,Del0.8,0.17
X-3483,EMR3,84658.0,MutNovel,"A425T,1.000"
X-3483,ERAP1,51752.0,MutKnownFunctional,"-621,0.290"
X-3483,ERCC4,2072.0,MutNovel,"L790F,0.444"
X-3483,FAM110A,83541.0,MutNovel,"P145L,0.714"
X-3483,FAM18B2-CDRT4,100533496.0,MutNovel,"T150R,0.267"
X-3483,FAM18B2-CDRT4,100533496.0,MutNovel,"S135P,0.300"
X-3483,FAM18B2-CDRT4,100533496.0,MutNovel,"E55G,0.309"
X-3483,FAM18B2-CDRT4,100533496.0,MutNovel,"C51Y,0.247"
X-3483,FAM197Y2P,252946.0,Del0.8,0.17
X-3483,FAM21A,387680.0,Del0.8,0.54
X-3483,FAM41AY1,340618.0,Del0.8,0.17
X-3483,FAM41AY1,340618.0,Del0.8,0.17
X-3483,FAM90A1,55138.0,MutNovel,"G148R,1.000"
X-3483,FANCB,2187.0,MutNovel,"H732R,1.000"
X-3483,FBRSL1,57666.0,MutNovel,"S361P,0.316"
X-3483,FGD3,89846.0,MutNovel,"E459K,1.000"
X-3483,FIGF,2277.0,MutNovel,"P210S,1.000"
X-3483,FKBP8,23770.0,MutNovel,"T261M,0.558"
X-3483,FLJ46300,399827.0,Del0.8,0.71
X-3483,FLNC,2318.0,MutNovel,"V2017E,1.000"
X-3483,FUK,197258.0,MutNovel,"G178E,0.448"
X-3483,GALK2,2585.0,MutNovel,"C175R,0.315"
X-3483,GIGYF2,26058.0,MutNovel,"PQ1231P,1.000"
X-3483,GJA3,2700.0,MutNovel,"G412R,0.586"
X-3483,GLTSCR1,29998.0,MutNovel,"P653S,0.500"
X-3483,GNA11,2767.0,MutNovel,"G188D,0.288"
X-3483,GOLGA2P2Y,84559.0,Del0.8,0.17
X-3483,GOLGA2P2Y,84559.0,Del0.8,0.17
X-3483,GOLGA8B,440270.0,MutNovel,"R455C,0.500"
X-3483,GPD1L,23171.0,MutNovel,"A280V,0.430"
X-3483,GPR173,54328.0,MutNovel,"V74I,1.000"
X-3483,GUCY2D,3000.0,MutNovel,"R1092Q,0.500"
X-3483,GYG2P1,352887.0,Del0.8,0.17
X-3483,HEATR7A,727957.0,MutNovel,"Q233L,0.364"
X-3483,HERC4,26091.0,MutNovel,"H591Y,1.000"
X-3483,HIVEP2,3097.0,MutNovel,"R1497Q,0.414"
X-3483,HLA-C,3107.0,MutNovel,"EN197KN,0.410"
X-3483,HLA-DRB1,3123.0,MutNovel,"H141Y,1.000"
X-3483,HLA-G,3135.0,MutNovel,"AM48TV,1.000"
X-3483,HLA-G,3135.0,MutNovel,"N175R,1.000"
X-3483,HLTF,6596.0,MutNovel,"P770L,0.390"
X-3483,HOXC13,3229.0,MutNovel,"L15LI,0.875"
X-3483,HR,55806.0,MutNovel,"P521L,0.233"
X-3483,HSFY2,159119.0,Del0.8,0.17
X-3483,HSFY2,159119.0,Del0.8,0.17
X-3483,IL31RA,133396.0,MutNovel,"L554F,0.429"
X-3483,IQSEC2,23096.0,MutNovel,"S470F,1.000"
X-3483,ITGA2,3673.0,MutNovel,"I946V,0.333"
X-3483,ITGA5,3678.0,MutNovel,"G130R,0.312"
X-3483,ITGAV,3685.0,MutNovel,"K119M,0.800"
X-3483,KAT6B,23522.0,MutNovel,"V1545I,0.976"
X-3483,KAT8,84148.0,MutNovel,"P36A,0.532"
X-3483,KDM1A,23028.0,MutNovel,"G46S,1.000"
X-3483,KDM5D,8284.0,Del0.8,0.17
X-3483,KIAA0586,9786.0,MutNovel,"H493Y,0.692"
X-3483,KIAA0947,23379.0,MutNovel,"G800S,0.417"
X-3483,KIAA1549,57670.0,MutNovel,"S726F,0.889"
X-3483,KLF14,136259.0,MutNovel,"H47P,1.000"
X-3483,KLF15,28999.0,MutNovel,"P126S,0.750"
X-3483,KPNA5,3841.0,MutNovel,"D59V,0.667"
X-3483,LAMC1,3915.0,MutNovel,"S1512N,1.000"
X-3483,LAMP2,3920.0,MutNovel,"L141F,1.000"
X-3483,LBR,3930.0,MutNovel,"S71F,0.537"
X-3483,LEPREL1,55214.0,MutNovel,"E183K,0.439"
X-3483,LHX2,9355.0,MutNovel,"P208L,1.000"
X-3483,LILRB4,11006.0,MutNovel,"P407S,1.000"
X-3483,LIX1L,128077.0,MutNovel,"R22Q,1.000"
X-3483,LOC100288332,,MutNovel,"RL269CV,0.667"
X-3483,LOC100288568,,MutNovel,"H197Y,0.308"
X-3483,LOC100996492,,MutNovel,"R202C,0.688"
X-3483,LOC100996612,,MutNovel,"L63P,0.750"
X-3483,LOC100996633,,MutNovel,"YS17CR,1.000"
X-3483,LOC100996633,,MutNovel,"S11P,1.000"
X-3483,LOC440563,440563.0,MutNovel,"K166Q,1.000"
X-3483,LRRC14,9684.0,MutNovel,"CLR221C,0.753"
X-3483,LRRC14,9684.0,MutNovel,"R224C,0.700"
X-3483,LRRIQ3,127255.0,MutNovel,"G362S,1.000"
X-3483,LSM11,134353.0,MutNovel,"S241F,0.867"
X-3483,LSR,51599.0,MutNovel,"G518GR,1.000"
X-3483,LTK,4058.0,MutNovel,"D417N,0.333"
X-3483,MAGEA2,4101.0,MutNovel,"M247T,1.000"
X-3483,MAMSTR,284358.0,MutNovel,"S282L,0.529"
X-3483,MAP1B,4131.0,MutNovel,"L1795F,0.359"
X-3483,MBD6,114785.0,MutNovel,"R878Q,0.226"
X-3483,MDM1,56890.0,MutNovel,"P641L,0.268"
X-3483,MDN1,23195.0,MutNovel,"E4934K,0.264"
X-3483,MED15,51586.0,MutNovel,"-251QQ,0.464"
X-3483,MEGF8,1954.0,MutNovel,"A1632V,0.547"
X-3483,MEOX2,4223.0,MutNovel,"HH76H,1.000"
X-3483,MLL2,8085.0,MutNovel,"S5307L,0.365"
X-3483,MLL4,9757.0,MutNovel,"P2271T,0.219"
X-3483,MMP17,4326.0,MutNovel,"P22PLLS,1.000"
X-3483,MMS22L,253714.0,MutNovel,"R708C,0.852"
X-3483,MOB3C,148932.0,MutNovel,"E184K,1.000"
X-3483,MPRIP,23164.0,MutNovel,"TS178T,1.000"
X-3483,MRC2,9902.0,MutNovel,"S554F,0.448"
X-3483,MT1H,4496.0,MutNovel,"G11V,1.000"
X-3483,MT1H,4496.0,MutNovel,"A16T,1.000"
X-3483,MYH4,4622.0,MutNovel,"E510D,1.000"
X-3483,NACAD,23148.0,MutNovel,"A721V,0.294"
X-3483,NBEA,26960.0,MutNovel,"G2205R,0.526"
X-3483,NBPF9,400818.0,MutNovel,"Q184R,1.000"
X-3483,NCOA3,8202.0,MutNovel,"Q1255-,0.467"
X-3483,NCOR2,9612.0,MutNovel,"G1839GAAA,1.000"
X-3483,NCOR2,9612.0,MutNovel,"-511S,1.000"
X-3483,NCRNA00185,55410.0,Del0.8,0.17
X-3483,NECAB3,63941.0,MutNovel,"D53H,0.746"
X-3483,NEFM,4741.0,MutNovel,"E590K,0.860"
X-3483,NEMF,9147.0,MutNovel,"P646S,0.520"
X-3483,NET1,10276.0,MutNovel,"I366V,1.000"
X-3483,NINL,22981.0,MutNovel,"P902A,0.528"
X-3483,NLGN4Y,22829.0,Del0.8,0.17
X-3483,NOP2,4839.0,MutNovel,"R102Q,0.277"
X-3483,NOTUM,147111.0,MutNovel,"P447S,0.353"
X-3483,NPIPL3,23117.0,MutNovel,"G587R,0.536"
X-3483,NUCB2,4925.0,MutKnownFunctional,"Q402*,0.821"
X-3483,NUDT21,11051.0,MutNovel,"R8C,0.409"
X-3483,NUPR1L,,MutNovel,"M92L,1.000"
X-3483,OR2A7,401427.0,Del0.8,0.68
X-3483,OR2A9P,441295.0,Del0.8,0.68
X-3483,ORAI1,84876.0,MutNovel,"PP43-,1.000"
X-3483,OVOS2,,MutNovel,"N801S,0.750"
X-3483,OXTR,5021.0,MutNovel,"A217S,0.429"
X-3483,PALLD,23022.0,MutNovel,"L146R,0.484"
X-3483,PAPLN,89932.0,MutNovel,"H512Y,0.900"
X-3483,PCDH11Y,83259.0,Del0.8,0.17
X-3483,PCDHB11,56125.0,MutNovel,"T534A,1.000"
X-3483,PCDHB14,56122.0,MutNovel,"G594S,0.556"
X-3483,PCDHB3,56132.0,MutNovel,"T534A,1.000"
X-3483,PCDHB3,56132.0,MutNovel,"G594S,1.000"
X-3483,PCDHB9,56127.0,MutNovel,"P677H,1.000"
X-3483,PCDHGA3,56112.0,MutNovel,"G272E,0.500"
X-3483,PDE4DIP,9659.0,MutNovel,"Q113H,0.444"
X-3483,PEG10,23089.0,MutNovel,"S216P,1.000"
X-3483,PGLS,25796.0,MutNovel,"T97M,0.496"
X-3483,PHIP,55023.0,MutNovel,"L1695F,0.350"
X-3483,PHLDA1,22822.0,MutNovel,"QQ194Q,1.000"
X-3483,PIM2,11040.0,MutNovel,"G41R,1.000"
X-3483,PINX1,54984.0,MutNovel,"G68R,0.270"
X-3483,PKN3,29941.0,MutNovel,"E607K,0.610"
X-3483,PLEKHG2,64857.0,MutNovel,"E595K,0.444"
X-3483,PLEKHG3,26030.0,MutNovel,"P361L,0.812"
X-3483,POLR3G,10622.0,MutNovel,"S88N,0.451"
X-3483,POM121,9883.0,MutNovel,"S577N,0.800"
X-3483,POR,5447.0,MutNovel,"I474V,0.831"
X-3483,PPP2R3B,28227.0,MutNovel,"LA853PA,1.000"
X-3483,PPP2R3C,55012.0,MutKnownFunctional,"-23?,1.000"
X-3483,PPP6C,5537.0,MutLikelyFunctional,"R264C,1.000"
X-3483,PPRC1,23082.0,MutNovel,"P1031L,1.000"
X-3483,PRKCSH,5589.0,MutNovel,"D60N,0.683"
X-3483,PRKY,5616.0,Del0.8,0.17
X-3483,PRMT5,10419.0,MutNovel,"R593H,0.433"
X-3483,PRY,9081.0,Del0.8,0.17
X-3483,PRY,9081.0,Del0.8,0.17
X-3483,PRY2,442862.0,Del0.8,0.17
X-3483,PRY2,442862.0,Del0.8,0.17
X-3483,PSD3,23362.0,MutNovel,"S1013L,0.259"
X-3483,PTPRH,5794.0,MutNovel,"L17Q,1.000"
X-3483,PTPRM,5797.0,MutNovel,"N1003S,0.647"
X-3483,PWP2,5822.0,MutNovel,"R880Q,0.565"
X-3483,QRICH1,54870.0,MutNovel,"P154L,0.490"
X-3483,QRSL1,55278.0,MutNovel,"F411Y,0.508"
X-3483,RBFA,79863.0,MutKnownFunctional,"S188*,0.419"
X-3483,RBMY1A3P,286557.0,Del0.8,0.17
X-3483,RBMY1B,378948.0,Del0.8,0.17
X-3483,RBMY1B,378948.0,Del0.8,0.17
X-3483,RBMY1E,378950.0,Del0.8,0.17
X-3483,RBMY1E,378950.0,Del0.8,0.17
X-3483,RBMY1F,159163.0,Del0.8,0.17
X-3483,RBMY1F,159163.0,Del0.8,0.17
X-3483,RBMY1J,378951.0,Del0.8,0.17
X-3483,RBMY1J,378951.0,Del0.8,0.17
X-3483,RBMY2EP,159125.0,Del0.8,0.17
X-3483,RBMY2FP,159162.0,Del0.8,0.17
X-3483,RBMY3AP,64593.0,Del0.8,0.17
X-3483,RHD,6007.0,MutNovel,"L121M,1.000"
X-3483,RIN3,79890.0,MutNovel,"G967-,1.000"
X-3483,RLTPR,146206.0,MutNovel,"R1358Q,0.406"
X-3483,ROGDI,79641.0,MutNovel,"A220S,0.564"
X-3483,RPS4Y1,6192.0,Del0.8,0.17
X-3483,RPS4Y2,140032.0,Del0.8,0.17
X-3483,SACM1L,22908.0,MutNovel,"M121L,0.459"
X-3483,SAMD8,142891.0,MutKnownFunctional,"R275*,0.368"
X-3483,SAP130,79595.0,MutNovel,"P458L,0.906"
X-3483,SARS2,54938.0,MutNovel,"G17R,0.500"
X-3483,SCN9A,6335.0,MutNovel,"R185C,0.742"
X-3483,SDC3,9672.0,MutNovel,"S84L,0.988"
X-3483,SEC22A,26984.0,MutNovel,"T22A,0.486"
X-3483,SEMA4C,54910.0,MutNovel,"G640A,0.229"
X-3483,SENP5,205564.0,MutNovel,"G12R,0.826"
X-3483,SERF2,10169.0,MutNovel,"H62Y,0.465"
X-3483,SERINC2,347735.0,MutNovel,"-373Q,1.000"
X-3483,SH3GL1,6455.0,MutNovel,"R290Q,0.310"
X-3483,SH3TC1,54436.0,MutNovel,"P1106T,0.300"
X-3483,SIRT7,51547.0,MutNovel,"K358R,0.242"
X-3483,SKIL,6498.0,MutNovel,"P454L,0.392"
X-3483,SKIV2L2,23517.0,MutNovel,"P813L,0.614"
X-3483,SKP1,6500.0,MutNovel,"P71L,0.328"
X-3483,SLC30A8,169026.0,MutNovel,"S182P,0.300"
X-3483,SLC5A6,8884.0,MutNovel,"P70S,0.869"
X-3483,SLC9A3R2,9351.0,MutNovel,"H127Y,0.520"
X-3483,SPDYE2,441273.0,MutNovel,"T320M,0.714"
X-3483,SPDYE2,441273.0,MutNovel,"TNP320MNS,0.714"
X-3483,SPEG,10290.0,MutNovel,"R1234W,0.375"
X-3483,SRCAP,10847.0,MutNovel,"E333K,0.212"
X-3483,SRY,6736.0,Del0.8,0.17
X-3483,ST3GAL5,8869.0,MutNovel,"P24S,0.304"
X-3483,STIL,6491.0,MutNovel,"G1053S,1.000"
X-3483,SUFU,51684.0,MutNovel,"C384Y,0.597"
X-3483,SYCP2,10388.0,MutNovel,"K691R,0.300"
X-3483,TBC1D3B,414059.0,Del0.8,0.8
X-3483,TBL1Y,90665.0,Del0.8,0.17
X-3483,TBP,6908.0,MutNovel,"-64Q,1.000"
X-3483,TBXAS1,6916.0,MutNovel,"Y574C,0.864"
X-3483,TGIF2LY,90655.0,Del0.8,0.17
X-3483,TH1L,51497.0,MutNovel,"D11N,0.358"
X-3483,TMBIM4,51643.0,MutKnownFunctional,"-174?,0.931"
X-3483,TMSB4Y,9087.0,Del0.8,0.17
X-3483,TNFAIP6,7130.0,MutKnownFunctional,"-278,0.951"
X-3483,TPTE2,93492.0,MutNovel,"E51G,1.000"
X-3483,TRAM2,9697.0,MutNovel,"V354M,0.291"
X-3483,TRERF1,55809.0,MutNovel,"D622N,0.625"
X-3483,TRMT5,57570.0,MutKnownFunctional,"-104,0.504"
X-3483,TSPAN3,10099.0,MutNovel,"R117C,0.324"
X-3483,TSPY1,7258.0,Del0.8,0.17
X-3483,TSPY2,64591.0,Del0.8,0.17
X-3483,TSPY3,728137.0,Del0.8,0.17
X-3483,TSPY4,728395.0,Del0.8,0.17
X-3483,TSPY8,728403.0,Del0.8,0.17
X-3483,TSPYL1,7259.0,MutNovel,"V176VW,1.000"
X-3483,TTC1,7265.0,MutNovel,"G278S,0.361"
X-3483,TTTY10,246119.0,Del0.8,0.17
X-3483,TTTY11,83866.0,Del0.8,0.17
X-3483,TTTY12,83867.0,Del0.8,0.17
X-3483,TTTY13,83868.0,Del0.8,0.17
X-3483,TTTY14,83869.0,Del0.8,0.17
X-3483,TTTY15,64595.0,Del0.8,0.17
X-3483,TTTY16,252948.0,Del0.8,0.17
X-3483,TTTY17A,252949.0,Del0.8,0.17
X-3483,TTTY17A,252949.0,Del0.8,0.17
X-3483,TTTY18,252950.0,Del0.8,0.17
X-3483,TTTY19,252952.0,Del0.8,0.17
X-3483,TTTY1B,100101116.0,Del0.8,0.17
X-3483,TTTY1B,100101116.0,Del0.8,0.17
X-3483,TTTY2,60439.0,Del0.8,0.17
X-3483,TTTY2,60439.0,Del0.8,0.17
X-3483,TTTY20,252951.0,Del0.8,0.17
X-3483,TTTY21,252953.0,Del0.8,0.17
X-3483,TTTY21,252953.0,Del0.8,0.17
X-3483,TTTY22,252954.0,Del0.8,0.17
X-3483,TTTY23,252955.0,Del0.8,0.17
X-3483,TTTY23,252955.0,Del0.8,0.17
X-3483,TTTY3,114760.0,Del0.8,0.17
X-3483,TTTY3,114760.0,Del0.8,0.17
X-3483,TTTY4,114761.0,Del0.8,0.17
X-3483,TTTY4,114761.0,Del0.8,0.17
X-3483,TTTY5,83863.0,Del0.8,0.17
X-3483,TTTY6,84672.0,Del0.8,0.17
X-3483,TTTY6,84672.0,Del0.8,0.17
X-3483,TTTY7,246122.0,Del0.8,0.17
X-3483,TTTY7,246122.0,Del0.8,0.17
X-3483,TTTY7B,100101120.0,Del0.8,0.17
X-3483,TTTY7B,100101120.0,Del0.8,0.17
X-3483,TTTY8,84673.0,Del0.8,0.17
X-3483,TTTY8,84673.0,Del0.8,0.17
X-3483,TTTY9A,83864.0,Del0.8,0.17
X-3483,TTTY9A,83864.0,Del0.8,0.17
X-3483,TUBB1,81027.0,MutNovel,"M23T,0.800"
X-3483,TUBGCP6,85378.0,MutNovel,"S1749R,0.438"
X-3483,TXLNG2P,246126.0,Del0.8,0.17
X-3483,UBR5,51366.0,MutNovel,"P1069L,0.233"
X-3483,USP32,84669.0,MutNovel,"S1516L,0.516"
X-3483,USP9Y,8287.0,Del0.8,0.17
X-3483,UTY,7404.0,Del0.8,0.17
X-3483,VCAN,1462.0,MutNovel,"RSP1826HSS,0.426"
X-3483,VCX3A,51481.0,MutNovel,"V186M,1.000"
X-3483,VCY,9084.0,Del0.8,0.17
X-3483,VCY,9084.0,Del0.8,0.17
X-3483,WDR52,55779.0,MutNovel,"I882N,0.571"
X-3483,WNK2,65268.0,MutNovel,"V2111M,1.000"
X-3483,XKRY2,353515.0,Del0.8,0.17
X-3483,XKRY2,353515.0,Del0.8,0.17
X-3483,YDJC,150223.0,MutNovel,"E122K,0.413"
X-3483,ZBTB34,403341.0,Del0.8,0.65
X-3483,ZC3H4,23211.0,MutNovel,"P552L,1.000"
X-3483,ZFY,7544.0,Del0.8,0.17
X-3483,ZNF142,7701.0,MutNovel,"G1056R,0.929"
X-3483,ZNF212,7988.0,MutNovel,"P415L,0.887"
X-3483,ZNF219,51222.0,MutNovel,"QPP233P,0.536"
X-3483,ZNF354B,117608.0,MutNovel,"A283V,0.368"
X-3483,ZNF384,171017.0,MutNovel,"QQ514Q,1.000"
X-3483,ZNF587B,,MutNovel,"P237T,0.750"
X-3483,ZNF705G,100131980.0,Amp5,6.82
X-3483,ZNF721,170960.0,MutNovel,"R596Q,0.293"
X-3483,ZNF880,400713.0,MutNovel,"P547L,0.562"
X-3486,61E3.4,,MutNovel,"K338N,1.000"
X-3486,61E3.4,,MutNovel,"I75V,0.605"
X-3486,A4GALT,53947.0,Amp8,11.39
X-3486,ABRA,137735.0,Amp8,12.91
X-3486,ACACB,32.0,MutNovel,"L985M,0.203"
X-3486,ACAD11,84129.0,MutNovel,"R751H,0.207"
X-3486,ACO2,50.0,Amp8,12.64
X-3486,ACOT1,641371.0,Del0.8,0.5
X-3486,ADAM3A,1587.0,Del0.8,0.13
X-3486,ADAM5P,255926.0,Del0.8,0.29
X-3486,ADCK5,203054.0,Amp5,5.66
X-3486,ADCY8,114.0,Amp5,5.94
X-3486,ADSL,158.0,Amp5,5.78
X-3486,AFAP1,60312.0,MutNovel,"V288A,0.600"
X-3486,AGL,178.0,Amp5,5.86
X-3486,AHNAK,79026.0,MutNovel,"A3453V,0.280"
X-3486,AK3,50808.0,Del0.8,0.49
X-3486,AMELY,266.0,Del0.8,0.16
X-3486,ANGPT1,284.0,Amp5,5.03
X-3486,ANKRD36,375248.0,MutNovel,"T998S,0.389"
X-3486,ANKRD46,157567.0,Amp5,7.62
X-3486,APC,324.0,MutNovel,"L729V,0.233"
X-3486,APOBEC3D,140564.0,MutNovel,"P257S,0.333"
X-3486,AR,367.0,MutNovel,"LQQQQQQQQ57L,0.714"
X-3486,ARC,23237.0,Amp5,5.74
X-3486,ARFGAP3,26286.0,Amp8,11.39
X-3486,ARHGAP24,83478.0,Amp5,5.58
X-3486,ARHGAP39,80728.0,Amp5,5.66
X-3486,ARRDC4,91947.0,MutNovel,"N268D,0.223"
X-3486,ASAH2,56624.0,Del0.8,0.71
X-3486,ASAP1,50807.0,Amp5,7.26
X-3486,ASAP1-IT1,29065.0,Amp8,10.63
X-3486,ATG2A,23130.0,MutNovel,"M1147T,0.211"
X-3486,ATP5L2,267020.0,Amp8,11.39
X-3486,ATP6V1C1,528.0,Amp8,9.92
X-3486,ATP6V1H,51606.0,Amp8,9.92
X-3486,AZIN1,51582.0,Amp8,9.92
X-3486,BAALC,79870.0,Amp8,9.92
X-3486,BAI1,575.0,Amp5,5.74
X-3486,BCR,613.0,MutNovel,"I456T,0.314"
X-3486,BCR,613.0,Amp5,5.66
X-3486,BCRP3,644165.0,Amp5,5.98
X-3486,BIK,638.0,MutNovel,"E134K,0.350"
X-3486,BIK,638.0,Amp8,11.39
X-3486,BK250D10.8,339674.0,Amp8,12.64
X-3486,BMX,660.0,MutNovel,"G344R,0.304"
X-3486,BNC2,54796.0,Del0.8,0.51
X-3486,BOD1L1,,MutNovel,"R3026K,0.564"
X-3486,BOP1,23246.0,Amp5,5.66
X-3486,BRAF,673.0,MutNovel,"E275K,0.211"
X-3486,BRD9,65980.0,MutNovel,"R124W,0.279"
X-3486,BREA2,286076.0,Amp5,5.66
X-3486,C10orf47,254427.0,MutNovel,"P297T,0.341"
X-3486,C12orf4,57102.0,MutNovel,"R446H,0.370"
X-3486,C15orf39,56905.0,MutNovel,"P558S,0.224"
X-3486,C17orf59,54785.0,MutNovel,"S108F,0.426"
X-3486,C20orf194,25943.0,MutNovel,"A244T,0.333"
X-3486,C20orf79,140856.0,Amp5,6.63
X-3486,C20orf96,140680.0,Amp5,6.45
X-3486,C21orf58,54058.0,MutNovel,"H299PN,0.258"
X-3486,C22orf32,91689.0,Amp8,12.64
X-3486,C22orf46,79640.0,Amp8,12.64
X-3486,C4orf19,55286.0,Amp5,5.94
X-3486,C6orf223,221416.0,MutNovel,"AA124-,0.207"
X-3486,C8orf22,492307.0,Amp5,7.73
X-3486,C8orf31,286122.0,Amp5,5.74
X-3486,C8orf33,65265.0,Amp5,5.66
X-3486,C8orf47,203111.0,Amp5,6.92
X-3486,C8orf56,157556.0,Amp8,9.92
X-3486,C8orf59,401466.0,Amp5,7.57
X-3486,C8orf73,642475.0,Amp5,5.66
X-3486,C8orf76,84933.0,Amp5,6.92
X-3486,C8orf82,414919.0,Amp5,5.66
X-3486,C9orf123,90871.0,Del0.8,0.51
X-3486,C9orf53,51198.0,Del0.8,0.48
X-3486,C9orf66,157983.0,Del0.8,0.52
X-3486,CA1,759.0,Amp8,8.75
X-3486,CA13,377677.0,Amp5,7.57
X-3486,CA2,760.0,Amp8,10.48
X-3486,CA3,761.0,Amp8,10.48
X-3486,CABP7,164633.0,Amp5,5.98
X-3486,CARS2,79587.0,MutNovel,"V211A,0.308"
X-3486,CASC5,57082.0,MutNovel,"L1683F,0.362"
X-3486,CBWD1,55871.0,Del0.8,0.77
X-3486,CCDC134,79879.0,Amp8,12.64
X-3486,CCDC166,100130274.0,Amp5,5.66
X-3486,CCDC66,285331.0,MutNovel,"S797P,0.260"
X-3486,CCDC90A,63933.0,MutNovel,"S108G,0.216"
X-3486,CCIN,881.0,Del0.8,0.52
X-3486,CCNC,892.0,MutNovel,"L32F,0.385"
X-3486,CD274,29126.0,Del0.8,0.49
X-3486,CDC14A,8556.0,Amp5,5.86
X-3486,CDC37L1,55664.0,Del0.8,0.49
X-3486,CDC42EP4,23580.0,MutNovel,"G238S,0.205"
X-3486,CDH17,1015.0,Amp8,13.27
X-3486,CDK2,1017.0,Amp8,8.69
X-3486,CDKN2A,1029.0,Del0.8,0.48
X-3486,CDKN2B,1030.0,Del0.8,0.48
X-3486,CEBPD,1052.0,Amp5,7.73
X-3486,CENPM,79019.0,Amp8,12.64
X-3486,CEP192,55125.0,MutNovel,"L163I,0.324"
X-3486,CER1,9350.0,Del0.8,0.51
X-3486,CHADL,150356.0,Amp8,12.64
X-3486,CHCHD7,79145.0,Amp8,9.99
X-3486,CHD2,1106.0,MutKnownFunctional,"-1242?,0.857"
X-3486,CHMP4C,92421.0,Amp5,7.46
X-3486,CHRAC1,54108.0,Amp5,6.15
X-3486,CHST15,51363.0,MutKnownFunctional,"-456,1.000"
X-3486,CLDN14,23562.0,MutNovel,"L77F,0.722"
X-3486,CLN6,54982.0,MutNovel,"A12T,0.318"
X-3486,CLTA,1211.0,Del0.8,0.52
X-3486,CNBD1,168975.0,Amp5,6.92
X-3486,CNGA1,1259.0,Amp5,7.11
X-3486,CNNM3,26505.0,MutNovel,"A158V,0.333"
X-3486,CNTLN,54875.0,Del0.8,0.51
X-3486,CNTNAP3B,728577.0,MutNovel,"C573G,0.667"
X-3486,COBRA1,25920.0,MutNovel,"R554Q,0.300"
X-3486,COL11A1,1301.0,Amp5,5.86
X-3486,COL14A1,7373.0,MutNovel,"G782E,0.500"
X-3486,COL14A1,7373.0,Amp8,8.51
X-3486,COL22A1,169044.0,Amp8,14.62
X-3486,COLEC10,10584.0,Amp5,7.06
X-3486,COMMD5,28991.0,Amp5,5.66
X-3486,COX6C,1345.0,Amp8,14.12
X-3486,CPSF1,29894.0,Amp5,5.66
X-3486,CPVL,54504.0,MutNovel,"F187L,0.211"
X-3486,CRB1,23418.0,MutNovel,"V554M,0.662"
X-3486,CRISPLD1,83690.0,Amp5,5.31
X-3486,CRYBB2,1415.0,Amp5,5.98
X-3486,CRYBB2P1,1416.0,Amp8,8.57
X-3486,CRYBB3,1417.0,Amp5,5.98
X-3486,CSDA,8531.0,MutNovel,"S34R,0.224"
X-3486,CSDC2,27254.0,Amp8,12.64
X-3486,CSGALNACT2,55454.0,MutNovel,"G49K,0.213"
X-3486,CSMD3,114788.0,Amp5,5.58
X-3486,CST4,1472.0,MutNovel,"E121Q,1.000"
X-3486,CTHRC1,115908.0,Amp8,9.92
X-3486,CTSA,5476.0,MutNovel,"L29-,0.449"
X-3486,CUL2,8453.0,MutNovel,"S658L,0.309"
X-3486,CYB5R3,1727.0,Amp8,11.39
X-3486,CYC1,1537.0,Amp5,5.66
X-3486,CYHR1,50626.0,Amp5,5.66
X-3486,CYP11B1,1584.0,Amp5,5.74
X-3486,CYP11B2,1585.0,Amp5,5.74
X-3486,CYP1A1,1543.0,MutNovel,"S153F,0.600"
X-3486,CYP2D6,1565.0,Amp8,12.64
X-3486,CYP2D7P1,1564.0,Amp8,12.64
X-3486,CYP2R1,120227.0,MutNovel,"M284I,0.280"
X-3486,CYP7A1,1581.0,Amp8,8.88
X-3486,CYP7B1,9420.0,MutNovel,"G259R,0.830"
X-3486,DBNL,28988.0,MutNovel,"A198V,0.201"
X-3486,DBT,1629.0,Amp5,5.86
X-3486,DCAF13,25879.0,Amp8,11.24
X-3486,DCAF4L2,138009.0,Amp8,11.79
X-3486,DCBLD1,285761.0,MutNovel,"E90K,0.271"
X-3486,DCSTAMP,81501.0,Amp8,12.73
X-3486,DDX17,10521.0,MutNovel,"G629R,0.252"
X-3486,DDX3Y,8653.0,Del0.8,0.15
X-3486,DDX60L,91351.0,MutNovel,"E136Q,0.258"
X-3486,DEFB125,245938.0,Amp5,6.45
X-3486,DEFB126,81623.0,Amp5,6.45
X-3486,DEFB127,140850.0,Amp5,6.45
X-3486,DEFB128,245939.0,Amp5,6.45
X-3486,DEFB129,140881.0,Amp5,6.45
X-3486,DEFB132,400830.0,Amp5,6.45
X-3486,DENND3,22898.0,Amp5,7.57
X-3486,DEPTOR,64798.0,Amp8,9
X-3486,DERL1,79139.0,Amp5,6.92
X-3486,DGAT1,8694.0,Amp5,5.66
X-3486,DGKA,1606.0,Amp8,8.69
X-3486,DICER1,23405.0,MutNovel,"P682L,0.202"
X-3486,DISP1,84976.0,MutNovel,"P868L,0.588"
X-3486,DMBT1,1755.0,Del0.8,0.57
X-3486,DMRT1,1761.0,Del0.8,0.52
X-3486,DMRT2,10655.0,MutNovel,"T106S,0.778"
X-3486,DMRT2,10655.0,Del0.8,0.52
X-3486,DMRT3,58524.0,Del0.8,0.52
X-3486,DMRTA1,63951.0,Del0.8,0.48
X-3486,DNAJA1P5,94236.0,Amp5,5.86
X-3486,DNAJB7,150353.0,Amp5,5.78
X-3486,DOCK8,81704.0,Del0.8,0.52
X-3486,DOK3,79930.0,MutNovel,"E463K,0.516"
X-3486,DOK5,55816.0,MutNovel,"E123K,0.468"
X-3486,DPH5,51611.0,Amp5,5.86
X-3486,DPYS,1807.0,Amp8,12.73
X-3486,DSCC1,79075.0,Amp5,7.06
X-3486,DTD1,92675.0,Amp5,5.24
X-3486,DUSP2,1844.0,MutNovel,"L29Q,0.333"
X-3486,E2F5,1875.0,Amp5,7.57
X-3486,EBAG9,9166.0,Amp5,5.03
X-3486,EEF1D,1936.0,Amp5,5.66
X-3486,EFCAB1,79645.0,Amp5,7.73
X-3486,EFCAB13,,MutKnownFunctional,"-83?,0.333"
X-3486,EFCAB6,64800.0,Amp8,11.39
X-3486,EFR3A,23167.0,Amp5,7.16
X-3486,EHD3,30845.0,MutNovel,"G103E,0.550"
X-3486,EIF2C2,27161.0,Amp5,6.15
X-3486,EIF3E,3646.0,Amp5,5.03
X-3486,EIF3H,8667.0,Amp5,6.19
X-3486,EMR2,30817.0,MutNovel,"A656T,0.636"
X-3486,ENC1,8507.0,MutNovel,"T425I,0.280"
X-3486,ENPP2,5168.0,Amp5,7.06
X-3486,ENY2,56943.0,Amp5,5.03
X-3486,EP300,2033.0,Amp8,10.06
X-3486,EPHA7,2045.0,MutNovel,"V418L,0.286"
X-3486,EPPK1,83481.0,Amp5,5.66
X-3486,ERMP1,79956.0,Del0.8,0.49
X-3486,ESPN,83715.0,MutNovel,"PPPP596-,0.435"
X-3486,EXOC6B,23233.0,MutNovel,"S198F,0.372"
X-3486,EXOSC4,54512.0,Amp5,5.66
X-3486,EXT1,2131.0,Amp5,5.21
X-3486,EXTL2,2135.0,Amp5,5.86
X-3486,FABP12,646486.0,Amp5,7.46
X-3486,FABP4,2167.0,Amp5,7.46
X-3486,FABP5,2171.0,Amp5,7.46
X-3486,FABP9,646480.0,Amp5,7.46
X-3486,FAM109B,150368.0,Amp8,12.64
X-3486,FAM110B,90362.0,Amp5,7.41
X-3486,FAM114A1,92689.0,Amp5,5.28
X-3486,FAM134A,79137.0,MutNovel,"T45M,0.317"
X-3486,FAM135B,51059.0,Amp8,11.63
X-3486,FAM150A,389658.0,Amp5,7.16
X-3486,FAM157A,728262.0,MutNovel,"P331A,0.500"
X-3486,FAM18B2-CDRT4,100533496.0,MutNovel,"T150R,0.235"
X-3486,FAM193B,54540.0,MutNovel,"F198I,0.422"
X-3486,FAM197Y2P,252946.0,Del0.8,0.15
X-3486,FAM203A,51236.0,Amp5,5.66
X-3486,FAM21A,387680.0,Del0.8,0.52
X-3486,FAM21B,55747.0,Del0.8,0.71
X-3486,FAM49B,51571.0,Amp5,6.02
X-3486,FAM59B,150946.0,MutNovel,"P613S,0.239"
X-3486,FAM70A,55026.0,MutNovel,"R332C,0.968"
X-3486,FAM83A,84985.0,Amp5,6.92
X-3486,FAM83E,54854.0,MutNovel,"P331L,1.000"
X-3486,FAM83H,286077.0,Amp5,5.66
X-3486,FAM84B,157638.0,Amp8,8.82
X-3486,FAM91A1,157769.0,Amp5,5.17
X-3486,FAM92A1,137392.0,Amp8,13.27
X-3486,FAT1,2195.0,MutNovel,"S4255F,0.421"
X-3486,FBLN5,10516.0,MutNovel,"E237K,0.231"
X-3486,FBXL16,146330.0,MutNovel,"S398F,0.558"
X-3486,FBXL6,26233.0,Amp5,5.66
X-3486,FBXO10,26267.0,Del0.8,0.52
X-3486,FBXO3,26273.0,MutNovel,"M163I,0.228"
X-3486,FBXO43,286151.0,Amp5,7.62
X-3486,FBXW4P1,26226.0,Amp5,5.66
X-3486,FER1L6,654463.0,Amp5,5.86
X-3486,FER1L6-AS1,439941.0,Amp5,5.86
X-3486,FHAD1,114827.0,MutNovel,"E278K,0.500"
X-3486,FLJ13197,79667.0,Amp5,5.98
X-3486,FLJ35282,441389.0,Del0.8,0.51
X-3486,FLJ39080,441355.0,Amp5,5.31
X-3486,FLJ41200,401492.0,Del0.8,0.5
X-3486,FLJ43860,389690.0,Amp5,7.57
X-3486,FLNC,2318.0,MutNovel,"P1141S,0.500"
X-3486,FLRT1,23769.0,MutNovel,"T381M,0.615"
X-3486,FOXH1,8928.0,Amp5,5.66
X-3486,FREM1,158326.0,Del0.8,0.51
X-3486,FRMPD1,22844.0,Del0.8,0.52
X-3486,FRRS1,391059.0,Amp5,5.86
X-3486,FUZ,80199.0,MutNovel,"D141N,0.316"
X-3486,FZD6,8323.0,Amp8,9.92
X-3486,GATA3,2625.0,MutKnownFunctional,"-335?,0.614"
X-3486,GDAP1,54332.0,Amp5,5.31
X-3486,GDF1,2657.0,MutNovel,"A157GP,0.473"
X-3486,GDF6,392255.0,Amp5,6.92
X-3486,GEM,2669.0,Amp8,13.27
X-3486,GFRA2,2675.0,MutNovel,"N350S,1.000"
X-3486,GGTLC2,91227.0,Amp5,5.06
X-3486,GIGYF2,26058.0,MutNovel,"PQ1231P,0.901"
X-3486,GK3P,2713.0,Amp5,7.01
X-3486,GLDC,2731.0,Del0.8,0.51
X-3486,GLI4,2738.0,Amp5,5.66
X-3486,GLIPR2,152007.0,Del0.8,0.52
X-3486,GLIS3,169792.0,Del0.8,0.49
X-3486,GLIS3-AS1,84850.0,Del0.8,0.49
X-3486,GLUD2,2747.0,MutNovel,"G35R,0.235"
X-3486,GML,2765.0,Amp5,5.74
X-3486,GNE,10020.0,Del0.8,0.52
X-3486,GOLGA3,2802.0,MutNovel,"P218L,0.216"
X-3486,GOLGA6L10,647042.0,MutNovel,"E351G,1.000"
X-3486,GOLGA6L10,647042.0,MutNovel,"LR347ML,1.000"
X-3486,GPAA1,8733.0,Amp5,5.66
X-3486,GPIHBP1,338328.0,Amp5,5.74
X-3486,GPR161,23432.0,MutNovel,"R110H,0.270"
X-3486,GPR20,2843.0,Amp5,7.57
X-3486,GPR88,54112.0,Amp5,5.86
X-3486,GPT,2875.0,Amp5,5.66
X-3486,GRHPR,9380.0,Del0.8,0.52
X-3486,GRINA,2907.0,Amp5,5.66
X-3486,GSDMC,56169.0,Amp5,6.02
X-3486,GSDMD,79792.0,Amp5,5.66
X-3486,GSTT1,2952.0,Amp5,7.11
X-3486,GSTTP1,25774.0,Amp5,7.11
X-3486,GSTTP2,653399.0,Amp5,5.31
X-3486,GTF2IRD2,84163.0,MutNovel,"R716C,0.308"
X-3486,GYG1,2992.0,MutNovel,"V276I,0.311"
X-3486,GYG2P1,352887.0,Del0.8,0.15
X-3486,HAS2,3037.0,Amp8,11.16
X-3486,HAS2-AS1,594842.0,Amp8,11.16
X-3486,HEATR7A,727957.0,Amp5,5.66
X-3486,HERC5,51191.0,MutNovel,"S279L,0.400"
X-3486,HERC6,55008.0,MutNovel,"L484R,0.207"
X-3486,HHLA1,10086.0,Amp8,8.63
X-3486,HIAT1,64645.0,Amp5,5.86
X-3486,HMGXB3,22993.0,MutNovel,"P700S,0.243"
X-3486,HNF4G,3174.0,Amp5,5.5
X-3486,HPYR1,93668.0,Amp8,8.63
X-3486,HRNR,388697.0,MutNovel,"GSG2306ESC,0.250"
X-3486,HRSP12,10247.0,Amp5,6.92
X-3486,HSF1,3297.0,Amp5,5.66
X-3486,HSPA12A,259217.0,MutNovel,"V475I,0.470"
X-3486,HSPBAP1,79663.0,MutNovel,"M49T,0.279"
X-3486,HSPC072,29075.0,Amp5,6.59
X-3486,HYDIN,54768.0,MutNovel,"M497I,1.000"
X-3486,IFNA1,3439.0,Del0.8,0.48
X-3486,IFNA10,3446.0,Del0.8,0.48
X-3486,IFNA13,3447.0,Del0.8,0.48
X-3486,IFNA14,3448.0,Del0.8,0.48
X-3486,IFNA16,3449.0,Del0.8,0.48
X-3486,IFNA17,3451.0,Del0.8,0.48
X-3486,IFNA2,3440.0,Del0.8,0.48
X-3486,IFNA21,3452.0,Del0.8,0.48
X-3486,IFNA22P,3453.0,Del0.8,0.48
X-3486,IFNA4,3441.0,Del0.8,0.48
X-3486,IFNA5,3442.0,Del0.8,0.48
X-3486,IFNA6,3443.0,Del0.8,0.48
X-3486,IFNA7,3444.0,Del0.8,0.48
X-3486,IFNA8,3445.0,Del0.8,0.48
X-3486,IFNB1,3456.0,Del0.8,0.48
X-3486,IFNE,338376.0,Del0.8,0.48
X-3486,IFNW1,3467.0,Del0.8,0.48
X-3486,IGLL3P,91353.0,Amp5,5.98
X-3486,IGLL5,100423062.0,Amp5,5.06
X-3486,IL7,3574.0,Amp5,6.63
X-3486,IMPA1,3612.0,Amp5,7.46
X-3486,IMPAD1,54928.0,Amp8,9.99
X-3486,INO80E,283899.0,MutNovel,"P128S,0.248"
X-3486,INSL4,3641.0,Del0.8,0.49
X-3486,INSL6,11172.0,Del0.8,0.49
X-3486,IPP,3652.0,MutNovel,"I240M,0.214"
X-3486,IPPK,64768.0,MutNovel,"R125H,0.273"
X-3486,IRS1,3667.0,MutNovel,"R327C,0.384"
X-3486,ITGA1,3672.0,MutNovel,"L781F,0.500"
X-3486,ITGB7,3695.0,MutNovel,"S555F,0.571"
X-3486,ITPRIP,85450.0,MutKnownFunctional,"Q71*,0.257"
X-3486,JAK2,3717.0,Del0.8,0.5
X-3486,JPH1,56704.0,Amp5,5.31
X-3486,JPH4,84502.0,MutNovel,"R407Q,1.000"
X-3486,JRK,8629.0,MutKnownFunctional,"Q124*,0.609"
X-3486,JRK,8629.0,Amp5,5.74
X-3486,KANK1,23189.0,Del0.8,0.7
X-3486,KANSL3,55683.0,MutNovel,"S554F,0.369"
X-3486,KCNB2,9312.0,Amp5,5.35
X-3486,KCNK9,51305.0,Amp5,6.15
X-3486,KCNQ3,3786.0,Amp8,8.63
X-3486,KCNQ5,56479.0,MutNovel,"E294K,0.238"
X-3486,KCNS2,3788.0,Amp5,6.92
X-3486,KCNV1,27012.0,Amp5,5.03
X-3486,KCTD8,386617.0,Amp5,6.96
X-3486,KDM4C,23081.0,Del0.8,0.51
X-3486,KDM5A,5927.0,MutNovel,"K1168R,0.220"
X-3486,KHDRBS3,10656.0,Amp8,9
X-3486,KIAA0020,9933.0,Del0.8,0.49
X-3486,KIAA0146,23514.0,Amp5,7.73
X-3486,KIAA0196,9897.0,Amp5,5.86
X-3486,KIAA1217,56243.0,Del0.8,0.68
X-3486,KIAA1432,57589.0,Del0.8,0.49
X-3486,KIAA1644,85352.0,Amp5,5.31
X-3486,KIAA1671,85379.0,Amp5,5.98
X-3486,KIAA1875,340390.0,Amp5,5.66
X-3486,KIAA2026,158358.0,Del0.8,0.49
X-3486,KIFC2,90990.0,Amp5,5.66
X-3486,KLF10,7071.0,Amp8,9.92
X-3486,KLF3,51274.0,Amp5,5.28
X-3486,KLHDC8B,200942.0,MutNovel,"S157L,0.208"
X-3486,KLHL5,51088.0,Amp5,5.28
X-3486,KLHL9,55958.0,Del0.8,0.48
X-3486,KRT10,3858.0,MutNovel,"HGGG487-,0.857"
X-3486,KRTAP19-3,337970.0,MutNovel,"G52S,0.667"
X-3486,L3MBTL2,83746.0,Amp8,12.64
X-3486,L3MBTL3,84456.0,MutNovel,"P606L,0.227"
X-3486,LACC1,144811.0,MutNovel,"S202F,0.226"
X-3486,LAGE3,8270.0,MutNovel,"D48G,0.244"
X-3486,LAPTM4B,55353.0,Amp5,6.92
X-3486,LCE3B,353143.0,Del0.8,0.22
X-3486,LCE3C,353144.0,Del0.8,0.11
X-3486,LDOC1L,84247.0,Amp5,5.31
X-3486,LIMK1,3984.0,MutNovel,"P280S,0.444"
X-3486,LIMK1,3984.0,MutNovel,"S337L,0.350"
X-3486,LIMK2,3985.0,Amp5,5.74
X-3486,LIN37,55957.0,MutNovel,"D194N,0.234"
X-3486,LINC00051,619434.0,Amp8,10.93
X-3486,LINC00207,388910.0,Amp5,5.31
X-3486,LINC00229,414351.0,Amp5,5.31
X-3486,LINC00293,497634.0,Amp5,7.73
X-3486,LINC00493,388789.0,Amp5,5.24
X-3486,LINC00535,642924.0,Amp8,13.27
X-3486,LOC100127983,100127983.0,MutNovel,"P29S,0.209"
X-3486,LOC100127983,100127983.0,Amp8,11.88
X-3486,LOC100128338,100128338.0,Amp5,5.66
X-3486,LOC100128531,100128531.0,Amp5,5.98
X-3486,LOC100128787,100128787.0,Amp5,5.86
X-3486,LOC100129620,100129620.0,Amp5,5.86
X-3486,LOC100130231,100130231.0,Amp8,8.57
X-3486,LOC100130301,100130301.0,Amp5,5.35
X-3486,LOC100131726,100131726.0,Amp5,6.92
X-3486,LOC100132247,100132247.0,MutNovel,"P1098R,0.667"
X-3486,LOC100132273,100132273.0,Amp8,12.64
X-3486,LOC100133669,100133669.0,Amp5,5.74
X-3486,LOC100270804,100270804.0,Amp8,8.34
X-3486,LOC100287846,100287846.0,Amp5,7.73
X-3486,LOC100288181,100288181.0,Amp5,5.74
X-3486,LOC100499183,100499183.0,Amp8,9.92
X-3486,LOC100500773,100500773.0,Amp5,6.92
X-3486,LOC100506710,100506710.0,Del0.8,0.52
X-3486,LOC100507117,100507117.0,Amp5,6.02
X-3486,LOC100507632,100507632.0,Amp8,9.99
X-3486,LOC100507651,100507651.0,Amp5,5.46
X-3486,LOC100509263,,MutNovel,"L223S,1.000"
X-3486,LOC100616530,100616530.0,Amp5,5.13
X-3486,LOC100996598,,MutNovel,"R164H,0.600"
X-3486,LOC157381,157381.0,Amp5,5.86
X-3486,LOC286094,286094.0,Amp8,9
X-3486,LOC286177,286177.0,Amp5,7.78
X-3486,LOC388210,,MutNovel,"V724I,0.400"
X-3486,LOC388906,388906.0,Amp8,12.64
X-3486,LOC389705,389705.0,Del0.8,0.51
X-3486,LOC391322,391322.0,Amp5,7.11
X-3486,LOC648691,648691.0,Amp5,5.06
X-3486,LOC727677,727677.0,Amp8,9.45
X-3486,LOC728724,728724.0,Amp5,6.02
X-3486,LOC729175,,MutNovel,"R144W,1.000"
X-3486,LOC731779,731779.0,Amp5,7.57
X-3486,LPPR1,54886.0,MutNovel,"A202V,0.250"
X-3486,LPPR4,9890.0,Amp5,5.86
X-3486,LPPR5,163404.0,Amp5,5.86
X-3486,LRP12,29967.0,Amp8,12.73
X-3486,LRP5L,91355.0,Amp5,5.98
X-3486,LRRC14,9684.0,Amp5,5.66
X-3486,LRRC24,441381.0,Amp5,5.66
X-3486,LRRC32,2615.0,MutKnownFunctional,"Q89*,0.333"
X-3486,LRRC39,127495.0,Amp5,5.86
X-3486,LRRC48,83450.0,MutNovel,"E512K,0.417"
X-3486,LRRC6,23639.0,Amp8,10.13
X-3486,LRRC69,100130742.0,Amp5,7.62
X-3486,LRRCC1,85444.0,Amp5,7.57
X-3486,LRRK2,120892.0,MutNovel,"P1642L,0.333"
X-3486,LSR,51599.0,MutNovel,"G518GR,0.883"
X-3486,LTBP4,8425.0,MutNovel,"G814S,0.347"
X-3486,LY6D,8581.0,Amp5,5.74
X-3486,LY6E,4061.0,Amp5,5.74
X-3486,LY6H,4062.0,Amp5,5.74
X-3486,LY6K,54742.0,Amp5,5.74
X-3486,LY96,23643.0,Amp5,7.78
X-3486,LYN,4067.0,Amp8,10.27
X-3486,LYNX1,66004.0,Amp5,5.74
X-3486,LYPD2,137797.0,Amp5,5.74
X-3486,LYPLA1,10434.0,Amp8,9.92
X-3486,MADCAM1,8174.0,MutNovel,"P262Q,1.000"
X-3486,MAF1,84232.0,Amp5,5.66
X-3486,MAFA,389692.0,Amp5,5.66
X-3486,MAGEA11,4110.0,MutNovel,"M185I,0.345"
X-3486,MAGEC1,9947.0,MutNovel,"F276S,0.750"
X-3486,MAL2,114569.0,Amp5,7.06
X-3486,MAPK15,225689.0,MutNovel,"L424P,0.259"
X-3486,MAPK15,225689.0,Amp5,5.66
X-3486,MATN2,4147.0,Amp5,6.92
X-3486,MCAT,27349.0,Amp8,11.39
X-3486,MCHR1,2847.0,Amp5,5.78
X-3486,MCM4,4173.0,Amp5,7.73
X-3486,MED17,9440.0,MutNovel,"S420L,0.231"
X-3486,MED30,90390.0,Amp5,6.19
X-3486,MEI1,150365.0,Amp8,12.64
X-3486,MELK,9833.0,Del0.8,0.52
X-3486,MEN1,4221.0,MutNovel,"R171Q,0.216"
X-3486,MFSD3,113655.0,Amp5,5.66
X-3486,MICAL2,9645.0,MutNovel,"Y338D,0.568"
X-3486,MIR101-2,406894.0,Del0.8,0.49
X-3486,MIR1204,100302185.0,Amp8,9.45
X-3486,MIR1205,100302161.0,Amp8,9.45
X-3486,MIR1206,100302170.0,Amp8,9.45
X-3486,MIR1207,100302175.0,Amp8,9.45
X-3486,MIR1208,100302281.0,Amp8,9.45
X-3486,MIR1234,100302196.0,Amp5,5.66
X-3486,MIR1281,100302237.0,Amp8,13.64
X-3486,MIR137,406928.0,Amp5,5.86
X-3486,MIR2052,100302260.0,Amp5,5.31
X-3486,MIR2053,100302225.0,Amp5,7.78
X-3486,MIR2682,100616452.0,Amp5,5.86
X-3486,MIR30B,407030.0,Amp8,11.79
X-3486,MIR30D,407033.0,Amp8,11.79
X-3486,MIR31,407035.0,Del0.8,0.48
X-3486,MIR3151,100422992.0,Amp8,9.92
X-3486,MIR31HG,554202.0,Del0.8,0.48
X-3486,MIR33A,407039.0,Amp8,12.64
X-3486,MIR3610,100500914.0,Amp5,6.19
X-3486,MIR378D2,100616169.0,Amp8,13.27
X-3486,MIR4451,100616349.0,Amp5,6.96
X-3486,MIR4471,100616451.0,Amp5,7.62
X-3486,MIR4472-1,100616268.0,Amp8,10.93
X-3486,MIR4473,100616229.0,Del0.8,0.48
X-3486,MIR4474,100616441.0,Del0.8,0.48
X-3486,MIR4475,100616289.0,Del0.8,0.52
X-3486,MIR4476,100616456.0,Del0.8,0.52
X-3486,MIR4540,100616278.0,Del0.8,0.52
X-3486,MIR4661,100616245.0,Amp5,7.62
X-3486,MIR4663,100616260.0,Amp5,6.92
X-3486,MIR4664,100616318.0,Amp5,5.66
X-3486,MIR4766,100616283.0,Amp5,5.78
X-3486,MIR491,574444.0,Del0.8,0.48
X-3486,MIR548AA1,100500863.0,Amp5,5.86
X-3486,MIR548D1,693130.0,Amp5,5.86
X-3486,MIR553,693138.0,Amp5,5.86
X-3486,MIR574,693159.0,Amp5,5.28
X-3486,MIR599,693184.0,Amp5,6.87
X-3486,MIR650,723778.0,Amp5,5.06
X-3486,MIR661,724031.0,Amp5,5.66
X-3486,MIR875,100126309.0,Amp5,6.87
X-3486,MIR937,100126338.0,Amp5,5.66
X-3486,MIR939,100126351.0,Amp5,5.66
X-3486,MKL1,57591.0,MutNovel,"P292S,0.253"
X-3486,MKL1,57591.0,Amp5,5.78
X-3486,MLANA,2315.0,Del0.8,0.49
X-3486,MLLT3,4300.0,Del0.8,0.48
X-3486,MMP16,4325.0,Amp5,7.16
X-3486,MPDZ,8777.0,Del0.8,0.5
X-3486,MPPED1,758.0,Amp8,11.39
X-3486,MPRIP,23164.0,MutNovel,"TS178T,0.207"
X-3486,MRPL13,28998.0,Amp5,6.36
X-3486,MRPL15,29088.0,Amp8,9.92
X-3486,MTAP,4507.0,Del0.8,0.48
X-3486,MTBP,27085.0,Amp5,6.36
X-3486,MTDH,92140.0,Amp5,6.92
X-3486,MTERFD1,51001.0,Amp5,6.92
X-3486,MTHFD1L,25902.0,MutNovel,"T261M,0.427"
X-3486,MTMR3,8897.0,MutNovel,"E695K,0.255"
X-3486,MTSS1,9788.0,Amp5,5.86
X-3486,MUC5AC,,MutNovel,"L701V,1.000"
X-3486,MYC,4609.0,Amp8,9.45
X-3486,MYO9B,4650.0,MutNovel,"P2059L,0.384"
X-3486,NAGA,4668.0,Amp8,12.64
X-3486,NAPRT1,93100.0,Amp5,5.66
X-3486,NBEA,26960.0,MutNovel,"R1580C,0.214"
X-3486,NBN,4683.0,MutKnownFunctional,"R43*,0.329"
X-3486,NCALD,83988.0,Amp5,5.31
X-3486,NCOR2,9612.0,MutNovel,"G1839GAAA,1.000"
X-3486,NCOR2,9612.0,MutNovel,"-511S,0.541"
X-3486,NDRG1,10397.0,Amp8,11.79
X-3486,NDUFA6,4700.0,Amp8,12.64
X-3486,NDUFB9,4715.0,Amp5,5.86
X-3486,NECAB1,64168.0,Amp8,9.78
X-3486,NEFH,4744.0,MutNovel,"G46C,0.667"
X-3486,NEXN,91624.0,MutNovel,"G619R,0.800"
X-3486,NFAM1,150372.0,Amp8,12.64
X-3486,NFIB,4781.0,Del0.8,0.51
X-3486,NHP2L1,4809.0,Amp8,12.64
X-3486,NIPAL1,152519.0,Amp5,7.11
X-3486,NIPAL2,79815.0,Amp5,6.92
X-3486,NKAIN2,154215.0,Del0.8,0.76
X-3486,NKAIN3,286183.0,Amp5,6.82
X-3486,NLGN4Y,22829.0,Del0.8,0.15
X-3486,NOP16,51491.0,MutKnownFunctional,"-196?,0.445"
X-3486,NOV,4856.0,Amp5,7.06
X-3486,NPBWR1,2831.0,Amp5,7.16
X-3486,NR1H2,7376.0,MutNovel,"-173Q,0.595"
X-3486,NRAS,4893.0,MutKnownFunctional,"Q61K,0.233"
X-3486,NRBP2,340371.0,Amp5,5.66
X-3486,NRIP2,83714.0,MutNovel,"V198I,0.429"
X-3486,NRSN2,80023.0,Amp5,6.45
X-3486,NSMAF,8439.0,Amp8,8.88
X-3486,NSMCE2,286053.0,Amp5,5.86
X-3486,NUDCD1,84955.0,Amp5,5.03
X-3486,NUP107,57122.0,MutNovel,"R364Q,0.212"
X-3486,OC90,729330.0,Amp8,8.63
X-3486,ODF1,4956.0,Amp8,9.92
X-3486,OLFM3,118427.0,Amp5,5.86
X-3486,OPLAH,26873.0,Amp5,5.66
X-3486,OPRK1,4986.0,Amp8,9.92
X-3486,ORAI1,84876.0,MutNovel,"PP43-,1.000"
X-3486,OSR2,116039.0,Amp8,11.31
X-3486,OTUD3,23252.0,MutNovel,"R271W,0.341"
X-3486,OTUD6B,51633.0,Amp8,11.88
X-3486,OXR1,55074.0,Amp8,12.91
X-3486,PABPC1,26986.0,Amp5,7.62
X-3486,PABPC3,5042.0,MutKnownFunctional,"-228,0.227"
X-3486,PABPC3,5042.0,MutKnownFunctional,"-246,0.400"
X-3486,PABPC3,5042.0,MutKnownFunctional,"-299,1.000"
X-3486,PABPC3,5042.0,MutKnownFunctional,"-336,0.474"
X-3486,PACSIN2,11252.0,Amp8,11.39
X-3486,PAG1,55824.0,Amp5,5.17
X-3486,PALMD,54873.0,Amp5,5.86
X-3486,PARP10,84875.0,Amp5,5.66
X-3486,PARVB,29780.0,Amp5,5.31
X-3486,PARVG,64098.0,Amp5,5.31
X-3486,PAX5,5079.0,Del0.8,0.52
X-3486,PCAT1,100750225.0,Amp8,15.78
X-3486,PCDH11Y,83259.0,Del0.8,0.2
X-3486,PCDHGB2,56103.0,MutNovel,"R12P,0.500"
X-3486,PCMTD1,115294.0,Amp5,7.16
X-3486,PCSK2,5126.0,MutNovel,"N221D,0.645"
X-3486,PDCD1LG2,80380.0,Del0.8,0.49
X-3486,PDGFRA,5156.0,MutNovel,"A766T,0.600"
X-3486,PDGFRL,5157.0,MutNovel,"S133P,0.280"
X-3486,PDP1,54704.0,Amp8,13.27
X-3486,PENK,5179.0,Amp8,9.99
X-3486,PEX2,5828.0,Amp5,5.35
X-3486,PGM2,55276.0,Amp5,5.94
X-3486,PHF20L1,51105.0,Amp8,11.79
X-3486,PHF5A,84844.0,Amp8,12.64
X-3486,PHLDA1,22822.0,MutNovel,"QQ194Q,1.000"
X-3486,PHLDB2,90102.0,MutNovel,"E586K,0.225"
X-3486,PHLPP1,23239.0,MutNovel,"Q236R,0.382"
X-3486,PHPT1,29085.0,MutNovel,"A103T,0.214"
X-3486,PHYH,5264.0,MutNovel,"S279F,0.262"
X-3486,PI15,51050.0,Amp5,5.31
X-3486,PIGQ,9091.0,MutNovel,"G702E,0.215"
X-3486,PIK3IP1,113791.0,Amp5,7.73
X-3486,PIWIL3,440822.0,Amp8,9.99
X-3486,PKHD1L1,93035.0,Amp5,5.03
X-3486,PKIA,5569.0,Amp5,6.63
X-3486,PLAG1,5324.0,Amp8,13
X-3486,PLCB4,5332.0,MutNovel,"A21K,0.226"
X-3486,PLCG1,5335.0,MutNovel,"P14L,0.202"
X-3486,PLCL1,5334.0,MutNovel,"S496F,0.519"
X-3486,PLD4,122618.0,MutNovel,"S398T,0.821"
X-3486,PLEC,5339.0,Amp5,5.66
X-3486,PMEL,6490.0,Amp8,8.69
X-3486,PMM1,5372.0,Amp8,12.64
X-3486,PMP2,5375.0,Amp5,7.46
X-3486,PMS1,5378.0,MutNovel,"A659T,0.456"
X-3486,PNPLA3,80339.0,Amp8,11.39
X-3486,PNPLA5,150379.0,Amp8,11.39
X-3486,POLDIP3,84271.0,Amp8,11.39
X-3486,POLK,51426.0,MutNovel,"K218R,0.404"
X-3486,POLR1A,25885.0,MutNovel,"R372G,0.364"
X-3486,POLR1E,64425.0,Del0.8,0.52
X-3486,POLR2K,5440.0,Amp5,7.62
X-3486,POLR3H,171568.0,Amp8,12.64
X-3486,POM121L10P,646074.0,Amp5,5.98
X-3486,POM121L1P,25812.0,Amp5,5.06
X-3486,POP1,10940.0,Amp5,6.92
X-3486,POU5F1B,5462.0,Amp8,9.45
X-3486,PPAPDC2,403313.0,Del0.8,0.49
X-3486,PPIP5K1,9677.0,MutNovel,"P1376S,0.214"
X-3486,PPL,5493.0,MutNovel,"E1254K,0.244"
X-3486,PPP1R16A,84988.0,Amp5,5.66
X-3486,PPP6R1,22870.0,MutNovel,"S214F,0.217"
X-3486,PRAME,23532.0,Amp5,5.06
X-3486,PRDM9,56979.0,MutNovel,"E93K,1.000"
X-3486,PRICKLE3,4007.0,MutNovel,"P102L,0.591"
X-3486,PRKDC,5591.0,Amp5,7.73
X-3486,PRKY,5616.0,Del0.8,0.16
X-3486,PRR5,55615.0,MutNovel,"D148N,0.393"
X-3486,PRR5,55615.0,Amp5,5.31
X-3486,PRTG,283659.0,MutNovel,"P570L,0.212"
X-3486,PSCA,8000.0,Amp5,5.74
X-3486,PSIP1,11168.0,Del0.8,0.51
X-3486,PTCH1,5727.0,MutNovel,"M833I,0.635"
X-3486,PTDSS1,9791.0,Amp5,6.92
X-3486,PTK2,5747.0,Amp5,6.82
X-3486,PTP4A3,11156.0,Amp5,7.57
X-3486,PTPLAD2,401494.0,Del0.8,0.48
X-3486,PTPRD,5789.0,Del0.8,0.68
X-3486,PTTG2,10744.0,Amp5,5.94
X-3486,PUF60,22827.0,Amp5,5.66
X-3486,PVT1,5820.0,Amp8,9.45
X-3486,PXDNL,137902.0,Amp8,9.19
X-3486,PYCRL,65263.0,Amp5,5.66
X-3486,PYGB,5834.0,MutNovel,"M605T,0.419"
X-3486,PZP,5858.0,MutNovel,"G1090R,1.000"
X-3486,RAB5B,5869.0,Amp8,8.69
X-3486,RAD21,5885.0,Amp5,6.19
X-3486,RAD21-AS1,644660.0,Amp5,6.19
X-3486,RAD54B,25788.0,Amp5,6.54
X-3486,RAD54L2,23132.0,MutNovel,"K100Q,0.207"
X-3486,RALYL,138046.0,Amp5,7.84
X-3486,RANGAP1,5905.0,Amp8,12.64
X-3486,RASA2,5922.0,MutNovel,"P322S,0.250"
X-3486,RB1CC1,9821.0,Amp5,7.16
X-3486,RBM12B,389677.0,Amp8,13.27
X-3486,RBMS3,27303.0,MutNovel,"G394S,0.596"
X-3486,RBMY1A3P,286557.0,Del0.8,0.15
X-3486,RBMY3AP,64593.0,Del0.8,0.15
X-3486,RBX1,9978.0,Amp8,13.64
X-3486,RCAN1,1827.0,MutNovel,"AEAA17A,0.667"
X-3486,RCL1,10171.0,Del0.8,0.49
X-3486,RCOR2,283248.0,MutNovel,"R188K,0.324"
X-3486,RDH10,157506.0,Amp5,5.35
X-3486,RECK,8434.0,Del0.8,0.74
X-3486,RECQL4,9401.0,Amp5,5.66
X-3486,RELL1,768211.0,Amp5,5.94
X-3486,RFC1,5981.0,Amp8,8.17
X-3486,RFT1,91869.0,MutNovel,"V94M,0.243"
X-3486,RFX1,5989.0,MutNovel,"G392R,0.417"
X-3486,RFX2,5990.0,MutNovel,"G149E,0.231"
X-3486,RFX3,5991.0,Del0.8,0.49
X-3486,RGN,9104.0,MutNovel,"I152N,1.000"
X-3486,RGPD3,653489.0,MutNovel,"F1550I,0.833"
X-3486,RGS12,6002.0,MutNovel,"V1332M,0.335"
X-3486,RGS20,8601.0,MutNovel,"A133G,0.579"
X-3486,RGS20,8601.0,Amp8,9.92
X-3486,RGS22,26166.0,Amp8,10.41
X-3486,RHPN1,114822.0,Amp5,5.66
X-3486,RIMKLB,57494.0,MutNovel,"M98V,0.233"
X-3486,RIMS2,9699.0,Amp8,12.73
X-3486,RIN3,79890.0,MutNovel,"G967-,0.455"
X-3486,RLN1,6013.0,Del0.8,0.49
X-3486,RLN2,6019.0,Del0.8,0.49
X-3486,RNF139,11236.0,Amp5,5.86
X-3486,RNF19A,25897.0,Amp5,7.62
X-3486,RNF19B,127544.0,MutNovel,"S530F,0.206"
X-3486,RNF38,152006.0,Del0.8,0.52
X-3486,RNU12,267010.0,Amp8,11.39
X-3486,ROR1,4919.0,MutKnownFunctional,"WT517*M,0.250"
X-3486,RP1,6101.0,Amp8,12.3
X-3486,RP2,6102.0,MutNovel,"G2D,0.265"
X-3486,RPL30,6156.0,Amp5,6.92
X-3486,RPL7,6129.0,Amp5,5.35
X-3486,RPL8,6132.0,Amp5,5.66
X-3486,RPS17,6218.0,MutNovel,"V66E,0.379"
X-3486,RPS20,6224.0,Amp8,10.27
X-3486,RPS4Y1,6192.0,Del0.8,0.2
X-3486,RRM2B,50484.0,Amp8,9.92
X-3486,RRP7A,27341.0,Amp8,17.88
X-3486,RSPO2,340419.0,Amp5,5.03
X-3486,RUNX1T1,862.0,Amp5,7.62
X-3486,S100A10,6281.0,MutNovel,"A77V,0.347"
X-3486,S1PR1,1901.0,Amp5,5.86
X-3486,SAMD12,401474.0,Amp5,6.02
X-3486,SAMD12-AS1,552860.0,Amp5,7.06
X-3486,SAMM50,25813.0,Amp5,7.78
X-3486,SASS6,163786.0,Amp5,5.86
X-3486,SAYSD1,55776.0,MutNovel,"P21T,0.240"
X-3486,SBF1P1,100133234.0,Amp8,10.27
X-3486,SCAF11,9169.0,Amp8,9.32
X-3486,SCRIB,23513.0,Amp5,5.66
X-3486,SCRT1,83482.0,Amp5,5.66
X-3486,SCUBE1,80274.0,Amp8,11.39
X-3486,SCUBE2,57758.0,MutNovel,"L25P,0.246"
X-3486,SCUBE2,57758.0,MutNovel,"LP22P,0.244"
X-3486,SCXA,100129885.0,Amp5,5.66
X-3486,SDC2,6383.0,Amp5,6.92
X-3486,SDCBP,6386.0,Amp8,8.88
X-3486,SDK2,54549.0,MutKnownFunctional,"W1664*,0.500"
X-3486,SDR16C5,195814.0,Amp8,9.99
X-3486,2014-09-03 00:00:00,55964.0,Amp8,12.64
X-3486,SERHL,94009.0,Amp8,17.88
X-3486,SERINC2,347735.0,MutNovel,"-373Q,0.910"
X-3486,SGSM1,129049.0,Amp5,7.73
X-3486,SGSM3,27352.0,Amp5,5.78
X-3486,SH2D3A,10045.0,MutNovel,"M96I,0.238"
X-3486,SH3GL2,6456.0,Del0.8,0.51
X-3486,SH3TC1,54436.0,MutNovel,"P961L,0.635"
X-3486,SHARPIN,81858.0,Amp5,5.66
X-3486,SHISA8,440829.0,Amp8,12.64
X-3486,SIPA1L1,26037.0,MutNovel,"N778D,0.297"
X-3486,SLA,6503.0,Amp8,11.79
X-3486,SLC10A5,347051.0,Amp5,7.46
X-3486,SLC1A1,6505.0,Del0.8,0.49
X-3486,SLC22A15,55356.0,MutNovel,"S404F,0.842"
X-3486,SLC25A17,10478.0,Amp5,5.78
X-3486,SLC25A32,81034.0,Amp8,9.92
X-3486,SLC26A7,115111.0,Amp5,7.62
X-3486,SLC30A7,148867.0,Amp5,5.86
X-3486,SLC30A8,169026.0,Amp5,6.19
X-3486,SLC35A3,23443.0,Amp5,5.86
X-3486,SLC38A1,81539.0,Amp8,9.32
X-3486,SLC38A2,54407.0,Amp8,9.32
X-3486,SLC39A4,55630.0,Amp5,5.66
X-3486,SLC45A4,57210.0,Amp5,7.57
X-3486,SLIT2,9353.0,MutNovel,"E1104K,0.267"
X-3486,SLURP1,57152.0,Amp5,5.74
X-3486,SMARCA2,6595.0,Del0.8,0.52
X-3486,SMCR7L,54471.0,MutNovel,"P99S,0.350"
X-3486,SMCR8,140775.0,MutNovel,"M344K,0.204"
X-3486,SMG6,23293.0,MutNovel,"R406C,0.222"
X-3486,SNAI2,6591.0,Amp5,7.73
X-3486,SNAPC3,6619.0,Del0.8,0.51
X-3486,SNCB,6620.0,MutNovel,"R86K,0.250"
X-3486,SNORA72,26775.0,Amp5,6.92
X-3486,SNORD54,26795.0,Amp8,10.27
X-3486,SNTB1,6641.0,Amp5,6.96
X-3486,SNTG1,54212.0,Amp5,7.73
X-3486,SNX16,64089.0,Amp5,6.96
X-3486,SNX31,169166.0,Amp5,7.62
X-3486,SNX7,51375.0,Amp5,5.86
X-3486,SOX12,6666.0,Amp5,6.45
X-3486,SOX17,64321.0,Amp8,9.92
X-3486,SPAG1,6674.0,Amp5,7.62
X-3486,SPATC1,375686.0,Amp5,5.66
X-3486,SQLE,6713.0,Amp5,5.86
X-3486,SREBF2,6721.0,Amp8,12.64
X-3486,SRY,6736.0,Del0.8,0.2
X-3486,ST13,6767.0,Amp5,5.78
X-3486,ST18,9705.0,Amp5,7.16
X-3486,ST3GAL1,6482.0,Amp8,11.79
X-3486,ST5,6764.0,MutNovel,"P248S,0.321"
X-3486,STAM,8027.0,MutNovel,"P432L,0.257"
X-3486,STAU2,27067.0,Amp5,6.45
X-3486,STK3,6788.0,Amp8,11.31
X-3486,STRC,161497.0,MutNovel,"T1565S,0.800"
X-3486,SUGP1,57794.0,MutNovel,"G587S,0.241"
X-3486,SULT4A1,25830.0,Amp8,11.39
X-3486,SUOX,6821.0,Amp8,8.69
X-3486,SUPT3H,8464.0,MutNovel,"E169K,0.250"
X-3486,SUSD2,56241.0,MutNovel,"D77Y,0.600"
X-3486,SVIL,6840.0,MutNovel,"E1042D,0.212"
X-3486,SYBU,55638.0,Amp5,5.03
X-3486,SYNE1,23345.0,MutNovel,"I7516N,0.385"
X-3486,SYNE1,23345.0,MutNovel,"S6441F,0.385"
X-3486,SYNE1,23345.0,MutNovel,"R5852C,0.800"
X-3486,TAF2,6873.0,Amp5,7.06
X-3486,TATDN1,83940.0,Amp5,5.86
X-3486,TBC1D1,23216.0,Amp5,5.94
X-3486,TBC1D22A,25771.0,MutNovel,"V348I,0.209"
X-3486,TBC1D5,9779.0,MutNovel,"S660F,0.201"
X-3486,TBL1Y,90665.0,Del0.8,0.16
X-3486,TBP,6908.0,MutNovel,"-64Q,0.750"
X-3486,TBX2,6909.0,MutNovel,"P4L,0.612"
X-3486,TCEA1,6917.0,Amp8,9.92
X-3486,TCEB1,6921.0,Amp5,7.78
X-3486,TCF20,6942.0,Amp8,12.64
X-3486,TEC,7006.0,Amp5,7.11
X-3486,TEF,7008.0,Amp8,12.64
X-3486,TERF1,7013.0,Amp5,5.35
X-3486,TG,7038.0,Amp8,11.79
X-3486,TGIF2LY,90655.0,Del0.8,0.2
X-3486,TGS1,96764.0,Amp8,10.27
X-3486,TIGD5,84948.0,Amp5,5.66
X-3486,TLR1,7096.0,Amp5,5.28
X-3486,TLR10,81793.0,Amp5,5.28
X-3486,TLR6,10333.0,Amp5,5.28
X-3486,TMBIM4,51643.0,MutKnownFunctional,"-174?,0.941"
X-3486,TMED10P1,286102.0,Amp5,5.66
X-3486,TMEM156,80008.0,Amp5,5.28
X-3486,TMEM161A,54929.0,MutNovel,"P129S,0.222"
X-3486,TMEM211,255349.0,Amp5,5.98
X-3486,TMEM38A,79041.0,MutNovel,"H138Y,0.286"
X-3486,TMEM51,55092.0,MutKnownFunctional,"K202*,0.226"
X-3486,TMEM55A,55529.0,Amp8,11.88
X-3486,TMEM64,169200.0,Amp8,8.11
X-3486,TMEM65,157378.0,Amp5,5.86
X-3486,TMEM67,91147.0,Amp8,13.27
X-3486,TMEM68,137695.0,Amp8,10.27
X-3486,TMEM70,54968.0,Amp5,7.78
X-3486,TMEM71,137835.0,Amp8,11.79
X-3486,TMEM74,157753.0,Amp5,5.03
X-3486,TMSB4Y,9087.0,Del0.8,0.15
X-3486,TNFRSF11B,4982.0,Amp5,7.06
X-3486,TNFRSF13C,115650.0,Amp8,12.64
X-3486,TOB2,10766.0,Amp8,12.64
X-3486,TOMM5,401505.0,Del0.8,0.52
X-3486,TONSL,4796.0,Amp5,5.66
X-3486,TOP1MT,116447.0,Amp5,5.66
X-3486,TOP1P2,7152.0,Amp8,9.99
X-3486,TOX,9760.0,Amp8,8.88
X-3486,TPSB2,64499.0,MutNovel,"G23V,0.375"
X-3486,TRAPPC9,83696.0,Amp5,6.15
X-3486,TRHR,7201.0,Amp5,5.03
X-3486,TRIB1,10221.0,Amp5,5.86
X-3486,TRIB3,57761.0,Amp5,6.45
X-3486,TRIM44,54765.0,MutNovel,"D185Y,0.253"
X-3486,TRIM51,,MutNovel,"C152W,0.245"
X-3486,TRIM51,,MutNovel,"N157K,0.246"
X-3486,TRIM51,,MutNovel,"F248L,0.270"
X-3486,TRMT12,55039.0,Amp5,5.86
X-3486,TRPA1,8989.0,Amp5,5.03
X-3486,TRPS1,7227.0,Amp5,5.46
X-3486,TSNARE1,203062.0,Amp5,7.94
X-3486,TSPO,706.0,Amp8,11.39
X-3486,TSPY1,7258.0,Del0.8,0.15
X-3486,TSPY2,64591.0,Del0.8,0.2
X-3486,TSPY3,728137.0,Del0.8,0.15
X-3486,TSPY4,728395.0,Del0.8,0.15
X-3486,TSPY8,728403.0,Del0.8,0.15
X-3486,TSPYL1,7259.0,MutNovel,"V176VW,0.512"
X-3486,TSPYL5,85453.0,Amp5,6.92
X-3486,TSTA3,7264.0,Amp5,5.66
X-3486,TTC39B,158219.0,Del0.8,0.51
X-3486,TTC7B,145567.0,MutNovel,"R841S,0.427"
X-3486,TTLL1,25809.0,Amp8,11.39
X-3486,TTLL12,23170.0,Amp8,11.39
X-3486,TTN,7273.0,MutNovel,"C31877S,0.500"
X-3486,TTTY11,83866.0,Del0.8,0.15
X-3486,TTTY12,83867.0,Del0.8,0.16
X-3486,TTTY15,64595.0,Del0.8,0.15
X-3486,TTTY16,252948.0,Del0.8,0.16
X-3486,TTTY18,252950.0,Del0.8,0.16
X-3486,TTTY19,252952.0,Del0.8,0.16
X-3486,TTTY1B,100101116.0,Del0.8,0.16
X-3486,TTTY1B,100101116.0,Del0.8,0.15
X-3486,TTTY2,60439.0,Del0.8,0.16
X-3486,TTTY2,60439.0,Del0.8,0.15
X-3486,TTTY20,252951.0,Del0.8,0.15
X-3486,TTTY21,252953.0,Del0.8,0.15
X-3486,TTTY21,252953.0,Del0.8,0.16
X-3486,TTTY22,252954.0,Del0.8,0.15
X-3486,TTTY23,252955.0,Del0.8,0.2
X-3486,TTTY23,252955.0,Del0.8,0.15
X-3486,TTTY7,246122.0,Del0.8,0.15
X-3486,TTTY7,246122.0,Del0.8,0.16
X-3486,TTTY7B,100101120.0,Del0.8,0.15
X-3486,TTTY7B,100101120.0,Del0.8,0.16
X-3486,TTTY8,84673.0,Del0.8,0.15
X-3486,TTTY8,84673.0,Del0.8,0.16
X-3486,TXK,7294.0,Amp5,7.11
X-3486,TYRP1,7306.0,Del0.8,0.5
X-3486,UBB,7314.0,Del0.8,0.59
X-3486,UBE2V2,7336.0,Amp5,7.73
X-3486,UBE2W,55284.0,Amp5,7.78
X-3486,UBR4,23352.0,MutNovel,"R3794C,0.313"
X-3486,UBR5,51366.0,MutNovel,"N2060D,0.371"
X-3486,UBR5,51366.0,Amp8,9.92
X-3486,UBXN2B,137886.0,Amp8,8.88
X-3486,UEVLD,55293.0,MutNovel,"F35C,0.273"
X-3486,UG0898H09,643763.0,Amp8,11.96
X-3486,UGT2B11,10720.0,MutNovel,"A346T,1.000"
X-3486,UHRF2,115426.0,Del0.8,0.68
X-3486,UQCR10,29796.0,Amp5,5.98
X-3486,UQCRB,7381.0,Amp5,6.92
X-3486,USP31,57478.0,MutNovel,"S818F,0.208"
X-3486,USP43,124739.0,MutNovel,"P161T,0.267"
X-3486,USP9Y,8287.0,Del0.8,0.15
X-3486,UTP23,84294.0,Amp5,6.19
X-3486,UTRN,7402.0,Del0.8,0.78
X-3486,UTY,7404.0,Del0.8,0.15
X-3486,VCAM1,7412.0,Amp5,5.86
X-3486,VCY,9084.0,Del0.8,0.15
X-3486,VCY,9084.0,Del0.8,0.15
X-3486,VPS13B,157680.0,Amp8,8.46
X-3486,VPS28,51160.0,Amp5,5.66
X-3486,WBP2NL,164684.0,Amp8,12.64
X-3486,WDR19,57728.0,Amp5,5.28
X-3486,WDR67,93594.0,Amp5,6.92
X-3486,WDR78,79819.0,MutNovel,"S7Y,0.333"
X-3486,WIBG,84305.0,Amp8,8.69
X-3486,WISP1,8840.0,Amp8,11.79
X-3486,WNK4,65266.0,MutKnownFunctional,"-600,0.474"
X-3486,WRAP53,55135.0,MutNovel,"N187T,0.406"
X-3486,XKR4,114786.0,Amp8,10.27
X-3486,XPNPEP3,63929.0,Amp5,7.67
X-3486,XPO1,7514.0,MutNovel,"S944L,0.260"
X-3486,XRCC6,2547.0,Amp8,12.64
X-3486,YIPF5,81555.0,MutNovel,"P34L,0.342"
X-3486,YIPF7,285525.0,Amp8,8.94
X-3486,YJEFN3,374887.0,MutNovel,"S43Y,0.375"
X-3486,YWHAZ,7534.0,Amp5,7.62
X-3486,ZBTB10,65986.0,MutNovel,"A79V,0.586"
X-3486,ZBTB5,9925.0,Del0.8,0.52
X-3486,ZC3H18,124245.0,MutNovel,"P356L,0.244"
X-3486,ZC3H3,23144.0,Amp5,5.66
X-3486,ZC3H7B,23264.0,Amp8,12.64
X-3486,ZCCHC3,85364.0,Amp5,6.45
X-3486,ZCCHC7,84186.0,Del0.8,0.52
X-3486,ZDBF2,57683.0,MutNovel,"H925Y,0.500"
X-3486,ZDHHC2,51201.0,MutNovel,"S222F,0.221"
X-3486,ZDHHC21,340481.0,Del0.8,0.51
X-3486,ZFAND1,79752.0,Amp5,7.46
X-3486,ZFAT,57623.0,Amp8,11.79
X-3486,ZFAT-AS1,594840.0,Amp8,11.79
X-3486,ZFHX4,79776.0,Amp5,5.35
X-3486,ZFP41,286128.0,Amp5,5.66
X-3486,ZFPM2,23414.0,Amp8,18.38
X-3486,ZFY,7544.0,Del0.8,0.2
X-3486,ZHX1,11244.0,Amp5,6.92
X-3486,ZHX1-C8ORF76,100533106.0,Amp5,6.92
X-3486,ZHX2,22882.0,Amp5,6.92
X-3486,ZMAT5,55954.0,Amp5,5.98
X-3486,ZNF16,7564.0,Amp5,5.66
X-3486,ZNF219,51222.0,MutNovel,"QPP233P,0.397"
X-3486,ZNF221,7638.0,MutNovel,"S443F,0.625"
X-3486,ZNF227,7770.0,MutKnownFunctional,"-575?,0.221"
X-3486,ZNF250,58500.0,Amp5,5.66
X-3486,ZNF251,90987.0,Amp5,5.66
X-3486,ZNF280A,129025.0,Amp5,5.06
X-3486,ZNF280B,140883.0,Amp5,5.06
X-3486,ZNF292,23036.0,MutNovel,"I1115S,0.226"
X-3486,ZNF296,162979.0,MutNovel,"R161H,0.286"
X-3486,ZNF318,24149.0,MutNovel,"R38G,0.474"
X-3486,ZNF320,162967.0,MutNovel,"H323Y,0.296"
X-3486,ZNF34,80778.0,Amp5,5.66
X-3486,ZNF384,171017.0,MutNovel,"QQ514Q,1.000"
X-3486,ZNF443,10224.0,MutNovel,"H582Y,0.265"
X-3486,ZNF467,168544.0,MutNovel,"V508M,0.390"
X-3486,ZNF517,340385.0,Amp5,5.66
X-3486,ZNF572,137209.0,MutNovel,"L179I,0.360"
X-3486,ZNF572,137209.0,Amp5,5.86
X-3486,ZNF618,114991.0,MutNovel,"E79K,0.311"
X-3486,ZNF623,9831.0,Amp5,5.66
X-3486,ZNF646,9726.0,MutNovel,"R46W,0.260"
X-3486,ZNF696,79943.0,Amp5,5.66
X-3486,ZNF7,7553.0,Amp5,5.66
X-3486,ZNF704,619279.0,Amp5,6.59
X-3486,ZNF707,286075.0,Amp5,5.66
X-3486,ZNF728,,MutNovel,"K431I,1.000"
X-3486,ZNF772,400720.0,MutNovel,"A4GP,0.667"
X-3486,ZNF888,,MutNovel,"R374G,0.250"
X-3503,AASDHPPT,60496.0,MutNovel,"R197W,0.991"
X-3503,AASS,10157.0,MutNovel,"A638T,0.482"
X-3503,ABAT,18.0,MutNovel,"R310W,0.562"
X-3503,ABCA1,19.0,MutNovel,"V70A,0.718"
X-3503,ABCA9,10350.0,MutNovel,"A1416S,1.000"
X-3503,ABCB1,5243.0,MutNovel,"Q1081H,0.205"
X-3503,ABCC1,4363.0,MutNovel,"L1122F,0.404"
X-3503,ABCD3,5825.0,MutNovel,"R484C,0.283"
X-3503,ABCF3,55324.0,MutNovel,"H396Y,0.303"
X-3503,ABHD15,116236.0,MutNovel,"A259T,0.833"
X-3503,ABHD16A,7920.0,MutNovel,"P76L,0.366"
X-3503,ABTB2,25841.0,MutNovel,"R499K,0.790"
X-3503,ACAD11,84129.0,MutNovel,"G554E,0.208"
X-3503,ACADSB,36.0,MutNovel,"G3D,0.435"
X-3503,ACOT1,641371.0,Del0.8,0.38
X-3503,ACOT8,10005.0,MutNovel,"L319V,0.505"
X-3503,ACOX3,8310.0,MutKnownFunctional,"Q531*,1.000"
X-3503,ACSL3,2181.0,MutNovel,"R681C,0.501"
X-3503,ACSL4,2182.0,MutNovel,"E681K,0.444"
X-3503,ACTL6A,86.0,MutNovel,"P78S,0.745"
X-3503,ACVR1C,130399.0,MutNovel,"R477C,0.750"
X-3503,ACVR1C,130399.0,MutNovel,"R284K,0.625"
X-3503,ADAM22,53616.0,MutNovel,"D318N,0.392"
X-3503,ADAM32,203102.0,MutNovel,"G677R,0.571"
X-3503,ADAMTS16,170690.0,MutNovel,"S932F,0.500"
X-3503,ADAMTS20,80070.0,MutNovel,"S1079F,0.600"
X-3503,ADAT3,113179.0,MutNovel,"P127L,1.000"
X-3503,ADNP2,22850.0,MutNovel,"P499S,0.979"
X-3503,AGPAT1,10554.0,MutNovel,"P54S,0.417"
X-3503,AGPAT9,84803.0,MutNovel,"G174E,1.000"
X-3503,AGT,183.0,MutNovel,"G315S,0.385"
X-3503,AGT,183.0,MutNovel,"G163S,0.750"
X-3503,AGTPBP1,23287.0,MutNovel,"S218R,0.408"
X-3503,AHNAK2,113146.0,MutNovel,"P5526S,0.226"
X-3503,AHNAK2,113146.0,MutNovel,"P4420L,0.743"
X-3503,AHNAK2,113146.0,MutNovel,"A4230V,0.222"
X-3503,AHNAK2,113146.0,MutNovel,"P2003L,0.213"
X-3503,AHNAK2,113146.0,MutNovel,"A1650D,0.385"
X-3503,AHNAK2,113146.0,MutNovel,"E825D,0.267"
X-3503,AKAP11,11215.0,MutNovel,"H1634Y,1.000"
X-3503,AKAP12,9590.0,MutNovel,"E1531EEE,0.807"
X-3503,AKAP6,9472.0,MutNovel,"E648K,0.812"
X-3503,AKAP9,10142.0,MutKnownFunctional,"-1260,0.220"
X-3503,AKD1,221264.0,MutNovel,"T296S,0.500"
X-3503,AKT3,10000.0,MutNovel,"Y173C,0.310"
X-3503,ALDH5A1,7915.0,MutNovel,"P33S,0.550"
X-3503,ALMS1,7840.0,MutNovel,"P998S,0.382"
X-3503,ALMS1,7840.0,MutNovel,"S1767F,0.649"
X-3503,AMFR,267.0,MutNovel,"R168Q,0.737"
X-3503,ANGEL2,90806.0,MutNovel,"I481N,0.745"
X-3503,ANK2,287.0,MutNovel,"S1290F,1.000"
X-3503,ANKLE2,23141.0,MutNovel,"P694L,0.366"
X-3503,ANKRD12,23253.0,MutNovel,"E901K,1.000"
X-3503,ANKRD18A,253650.0,MutNovel,"Q304E,1.000"
X-3503,ANKRD24,170961.0,MutNovel,"T410P,0.833"
X-3503,ANKRD24,170961.0,MutNovel,"E807Q,0.667"
X-3503,ANKRD44,91526.0,MutKnownFunctional,"Q302*,0.286"
X-3503,ANKRD52,283373.0,MutNovel,"A928V,0.524"
X-3503,ANKRD9,122416.0,MutNovel,"P195S,0.793"
X-3503,AP1G2,8906.0,MutNovel,"P613L,0.255"
X-3503,APBB2,323.0,MutNovel,"R510W,1.000"
X-3503,APC,324.0,MutNovel,"P1442S,0.308"
X-3503,APMAP,,MutKnownFunctional,"W340*,0.212"
X-3503,ARFGEF1,10565.0,MutNovel,"K1224E,0.718"
X-3503,ARHGAP31,57514.0,MutNovel,"E228K,0.800"
X-3503,ARHGAP4,393.0,MutNovel,"P965S,1.000"
X-3503,ARHGAP44,9912.0,MutNovel,"E208K,0.471"
X-3503,ARHGEF10,9639.0,MutNovel,"I39V,0.539"
X-3503,ARID1B,57492.0,MutNovel,"M2195I,0.641"
X-3503,ARID2,196528.0,MutNovel,"P1178S,0.210"
X-3503,ARID4A,5926.0,MutNovel,"K37E,0.812"
X-3503,ARL17A,51326.0,Amp5,5.03
X-3503,ARMC8,25852.0,MutNovel,"S398F,0.265"
X-3503,ARMC9,80210.0,MutNovel,"S187F,0.596"
X-3503,ARNTL,406.0,MutNovel,"G562S,0.216"
X-3503,ARSI,340075.0,MutNovel,"P522L,0.655"
X-3503,ARVCF,421.0,MutNovel,"M62T,1.000"
X-3503,ASAP2,8853.0,MutNovel,"P841L,0.467"
X-3503,ASH2L,9070.0,MutNovel,"P580S,0.676"
X-3503,ASPHD1,253982.0,MutNovel,"V374G,0.391"
X-3503,ASTN1,460.0,MutNovel,"T1179I,1.000"
X-3503,ASTN2,23245.0,MutNovel,"C939Y,0.737"
X-3503,ATF5,22809.0,MutNovel,"S92F,0.444"
X-3503,ATG14,22863.0,MutNovel,"R241W,0.207"
X-3503,ATP1A1,476.0,MutNovel,"V329E,0.412"
X-3503,ATP2B4,493.0,MutNovel,"S1138F,0.250"
X-3503,ATP6V1C1,528.0,MutNovel,"L216F,0.726"
X-3503,ATXN2L,11273.0,MutNovel,"P566L,0.619"
X-3503,ATXN7L2,127002.0,MutNovel,"P589L,0.320"
X-3503,AXIN1,8312.0,MutNovel,"P345S,0.296"
X-3503,B3GNT7,93010.0,MutNovel,"S163F,0.552"
X-3503,BABAM1,29086.0,MutNovel,"A55V,0.687"
X-3503,BAI2,576.0,MutNovel,"R350W,0.538"
X-3503,BAIAP2,10458.0,MutNovel,"S208F,0.243"
X-3503,BAZ1B,9031.0,MutNovel,"F217L,0.616"
X-3503,BCL9L,283149.0,MutNovel,"S1471F,1.000"
X-3503,BFSP1,631.0,MutNovel,"E629K,0.627"
X-3503,BICD1,636.0,MutNovel,"D429E,0.476"
X-3503,BLM,641.0,MutNovel,"F853L,0.460"
X-3503,BLZF1,8548.0,MutNovel,"K77R,0.659"
X-3503,BNC2,54796.0,MutNovel,"INLRT129T,1.000"
X-3503,BOD1L1,,MutNovel,"R2524H,1.000"
X-3503,BRCA2,675.0,MutNovel,"K1678E,0.353"
X-3503,BRD7,29117.0,MutNovel,"R83G,0.606"
X-3503,BTAF1,9044.0,MutNovel,"L854F,0.595"
X-3503,BTNL8,79908.0,MutNovel,"G172E,0.256"
X-3503,BUB1,699.0,MutNovel,"G512E,0.490"
X-3503,C11orf82,220042.0,MutNovel,"L8F,1.000"
X-3503,C12orf10,60314.0,MutNovel,"E184K,0.485"
X-3503,C12orf51,283450.0,MutNovel,"A421S,0.455"
X-3503,C14orf126,112487.0,MutNovel,"D28N,0.272"
X-3503,C15orf41,84529.0,MutNovel,"K189R,0.512"
X-3503,C15orf44,81556.0,MutNovel,"D40E,0.575"
X-3503,C16orf58,64755.0,MutNovel,"P183S,0.358"
X-3503,C16orf70,80262.0,MutNovel,"P117S,0.496"
X-3503,C19orf52,90580.0,MutNovel,"P160S,0.241"
X-3503,C1orf159,54991.0,MutNovel,"P190S,1.000"
X-3503,C20orf194,25943.0,MutNovel,"H1139Y,0.658"
X-3503,C2orf42,54980.0,MutNovel,"A12V,0.400"
X-3503,C3AR1,719.0,MutNovel,"KT411NS,0.647"
X-3503,C4orf27,54969.0,MutKnownFunctional,"R174*,0.994"
X-3503,C4orf36,132989.0,MutNovel,"D27N,1.000"
X-3503,C5orf42,65250.0,MutNovel,"S746L,0.450"
X-3503,C6orf70,55780.0,MutKnownFunctional,"E514*,1.000"
X-3503,C7orf26,79034.0,MutNovel,"R91W,0.628"
X-3503,C7orf31,136895.0,MutNovel,"L294F,0.538"
X-3503,C8orf82,414919.0,MutNovel,"T31M,0.659"
X-3503,CACNA1E,777.0,MutNovel,"G671S,1.000"
X-3503,CACNA1E,777.0,MutNovel,"G835S,1.000"
X-3503,CAD,790.0,MutNovel,"T1544A,0.359"
X-3503,CAMK2A,815.0,MutNovel,"S272L,0.750"
X-3503,CAND2,23066.0,MutNovel,"G245S,0.737"
X-3503,CAPN1,823.0,MutNovel,"P63L,1.000"
X-3503,CBL,867.0,MutNovel,"R420Q,1.000"
X-3503,CBLB,868.0,MutNovel,"N626I,0.235"
X-3503,CC2D1A,54862.0,MutNovel,"E379K,0.410"
X-3503,CCDC130,81576.0,MutNovel,"S254F,0.744"
X-3503,CCDC34,91057.0,MutNovel,"E312K,0.801"
X-3503,CCDC65,85478.0,MutNovel,"A129T,1.000"
X-3503,CCDC71,64925.0,MutNovel,"G243S,0.750"
X-3503,CCDC77,84318.0,MutNovel,"K267R,0.518"
X-3503,CCDC82,79780.0,MutNovel,"E315K,0.989"
X-3503,CCHCR1,54535.0,MutNovel,"A432V,0.457"
X-3503,CCNA1,8900.0,MutNovel,"S448L,1.000"
X-3503,CCNB3,85417.0,MutNovel,"E169K,1.000"
X-3503,CDADC1,81602.0,MutNovel,"K349N,1.000"
X-3503,CDC14A,8556.0,MutNovel,"G100C,0.533"
X-3503,CDC42EP1,11135.0,MutNovel,"PAPAANPS253P,1.000"
X-3503,CDH2,1000.0,MutKnownFunctional,"VR822V*,1.000"
X-3503,CDK13,8621.0,MutKnownFunctional,"Q544*,0.250"
X-3503,CDK5RAP2,55755.0,MutNovel,"V1647A,0.675"
X-3503,CDKN2A,1029.0,MutKnownFunctional,"-60,0.985"
X-3503,CEACAM19,56971.0,MutNovel,"P262S,0.750"
X-3503,CELSR3,1951.0,MutNovel,"P918L,0.237"
X-3503,CEP63,80254.0,MutNovel,"L345F,0.545"
X-3503,CEPT1,10390.0,MutNovel,"P250S,0.316"
X-3503,CERKL,375298.0,MutNovel,"S108F,0.536"
X-3503,CERS4,79603.0,MutNovel,"E208K,0.255"
X-3503,CFHR1,3078.0,Amp5,5.39
X-3503,CFHR3,10878.0,Amp5,5.39
X-3503,CHD6,84181.0,MutNovel,"P35S,0.694"
X-3503,CHD7,55636.0,MutNovel,"P2633S,0.759"
X-3503,CHID1,66005.0,MutNovel,"N220K,0.230"
X-3503,CHL1,10752.0,MutNovel,"G1031E,1.000"
X-3503,CIZ1,25792.0,MutNovel,"QLQQQQQQL39L,0.303"
X-3503,CLASP1,23332.0,MutNovel,"R1098W,0.495"
X-3503,CLEC16A,23274.0,MutNovel,"P1011F,0.824"
X-3503,CLIP1,6249.0,MutNovel,"S159F,0.486"
X-3503,CLK3,1198.0,MutNovel,"G130E,0.778"
X-3503,CLN8,2055.0,MutNovel,"P260S,0.300"
X-3503,CNNM1,26507.0,MutNovel,"G320R,1.000"
X-3503,CNNM4,26504.0,MutNovel,"P211L,0.538"
X-3503,CNOT3,4849.0,MutNovel,"E167K,0.423"
X-3503,CNTN1,1272.0,MutNovel,"G491E,0.496"
X-3503,COL16A1,1307.0,MutNovel,"S1199F,0.466"
X-3503,COL22A1,169044.0,MutNovel,"G916E,0.639"
X-3503,COL22A1,169044.0,MutNovel,"E790K,0.367"
X-3503,COL22A1,169044.0,MutNovel,"P456S,0.737"
X-3503,COL27A1,85301.0,MutNovel,"S1398L,0.400"
X-3503,COL4A1,1282.0,MutNovel,"G1414E,1.000"
X-3503,COL5A1,1289.0,MutNovel,"G1549N,0.556"
X-3503,COL5A2,1290.0,MutNovel,"P652S,0.401"
X-3503,COL6A3,1293.0,MutNovel,"G1550E,0.329"
X-3503,COL7A1,1294.0,MutNovel,"S988F,0.368"
X-3503,COMMD3,23412.0,MutNovel,"D127N,0.584"
X-3503,COMTD1,118881.0,MutNovel,"S18P,0.500"
X-3503,CORIN,10699.0,MutNovel,"S565L,1.000"
X-3503,CPE,1363.0,MutNovel,"G184E,0.974"
X-3503,CPS1,1373.0,MutNovel,"L432F,0.657"
X-3503,CRAMP1L,57585.0,MutKnownFunctional,"Y705*,0.500"
X-3503,CREBBP,1387.0,MutNovel,"S1207F,0.617"
X-3503,CREM,1390.0,MutNovel,"P296S,0.625"
X-3503,CRY2,1408.0,MutNovel,"R461C,0.304"
X-3503,CSDA,8531.0,MutNovel,"P280S,0.469"
X-3503,CSE1L,1434.0,MutNovel,"P420S,0.603"
X-3503,CSTF2,1478.0,MutNovel,"L430S,0.992"
X-3503,CTSB,1508.0,MutNovel,"H318Q,0.261"
X-3503,CTSD,1509.0,MutNovel,"A407P,0.301"
X-3503,CYFIP2,26999.0,MutNovel,"P869S,0.376"
X-3503,CYLD,1540.0,MutNovel,"L861F,0.318"
X-3503,CYP3A5,1577.0,MutNovel,"G190R,0.364"
X-3503,DAAM2,23500.0,MutNovel,"R787W,0.500"
X-3503,DAAM2,23500.0,MutNovel,"A941T,0.533"
X-3503,DAB1,1600.0,MutNovel,"P256S,0.533"
X-3503,DAXX,1616.0,MutNovel,"P729L,0.628"
X-3503,DBF4B,80174.0,MutKnownFunctional,"Q316*,0.679"
X-3503,DCAF17,80067.0,MutNovel,"K6N,0.375"
X-3503,DCAF4,26094.0,MutNovel,"K75R,0.552"
X-3503,DCC,1630.0,MutNovel,"G689E,1.000"
X-3503,DCHS1,8642.0,MutNovel,"G625K,0.833"
X-3503,DDR1,780.0,MutNovel,"P641L,0.585"
X-3503,DDT,1652.0,MutKnownFunctional,"L118*,0.628"
X-3503,DDX20,11218.0,MutNovel,"S765T,0.290"
X-3503,DDX3X,1654.0,MutNovel,"G596R,0.992"
X-3503,DDX42,11325.0,MutKnownFunctional,"-375,0.267"
X-3503,DDX56,54606.0,MutNovel,"G8D,0.586"
X-3503,DDX60,55601.0,MutNovel,"V639A,0.909"
X-3503,DENND2A,27147.0,MutNovel,"G672E,0.778"
X-3503,DENND5A,23258.0,MutNovel,"P671S,0.242"
X-3503,DGAT1,8694.0,MutNovel,"S122F,0.342"
X-3503,DGKD,8527.0,MutNovel,"S106F,0.379"
X-3503,DGKZ,8525.0,MutNovel,"P563S,0.865"
X-3503,DHCR24,1718.0,MutNovel,"S205F,0.449"
X-3503,DHX15,1665.0,MutNovel,"R33C,0.998"
X-3503,DHX36,170506.0,MutKnownFunctional,"-982,0.286"
X-3503,DNAH1,25981.0,MutNovel,"D3847N,0.387"
X-3503,DNAH14,127602.0,MutNovel,"R420C,0.571"
X-3503,DNAH6,1768.0,MutNovel,"E2067K,1.000"
X-3503,DNAH7,56171.0,MutNovel,"E3399K,0.667"
X-3503,DNAJA3,9093.0,MutNovel,"R281C,0.594"
X-3503,DNAJC2,27000.0,MutNovel,"S190F,0.418"
X-3503,DNAJC6,9829.0,MutNovel,"S746F,0.500"
X-3503,DND1,373863.0,MutNovel,"P271L,0.738"
X-3503,DNMT3A,1788.0,MutNovel,"S764C,0.576"
X-3503,DNMT3A,1788.0,MutNovel,"P431S,0.452"
X-3503,DOCK4,9732.0,MutNovel,"F1025L,0.611"
X-3503,DOCK6,57572.0,MutNovel,"G526S,0.455"
X-3503,DOCK6,57572.0,MutNovel,"R163I,0.810"
X-3503,DOT1L,84444.0,MutKnownFunctional,"Q733*,0.467"
X-3503,DOT1L,84444.0,MutNovel,"P1214L,0.487"
X-3503,DPH1,1801.0,MutNovel,"L86F,0.431"
X-3503,DROSHA,29102.0,MutNovel,"R890C,0.344"
X-3503,DSCC1,79075.0,MutNovel,"P235L,0.220"
X-3503,DTD1,92675.0,MutNovel,"S147L,0.336"
X-3503,DYNC1H1,1778.0,MutNovel,"P1205S,0.320"
X-3503,DYNC1H1,1778.0,MutNovel,"S1405F,0.232"
X-3503,DYRK3,8444.0,MutNovel,"A236V,0.828"
X-3503,DZIP3,9666.0,MutNovel,"K671E,0.628"
X-3503,E2F7,144455.0,MutNovel,"Q223R,0.333"
X-3503,ECE1,1889.0,MutKnownFunctional,"Q92*,1.000"
X-3503,ECT2,1894.0,MutNovel,"S20F,0.234"
X-3503,EEF1A1,1915.0,MutNovel,"P420S,0.994"
X-3503,EFR3B,22979.0,MutNovel,"D813N,0.576"
X-3503,EIF2AK4,440275.0,MutNovel,"S243F,0.435"
X-3503,EIF2C2,27161.0,MutNovel,"R583G,0.278"
X-3503,EIF3D,8664.0,MutNovel,"F471L,0.469"
X-3503,EIF3E,3646.0,MutNovel,"S412F,0.706"
X-3503,EIF4ENIF1,56478.0,MutNovel,"L51F,0.553"
X-3503,ELOVL4,6785.0,MutNovel,"D114N,1.000"
X-3503,EML1,2009.0,MutNovel,"V293M,0.778"
X-3503,EML2,24139.0,MutNovel,"S560F,0.646"
X-3503,EML6,400954.0,MutNovel,"S631F,1.000"
X-3503,EP300,2033.0,MutNovel,"P671L,0.446"
X-3503,EPB41L1,2036.0,MutNovel,"E533K,0.574"
X-3503,EPB41L2,2037.0,MutNovel,"P783L,1.000"
X-3503,EPHA3,2042.0,MutNovel,"A749V,0.571"
X-3503,EPHB4,2050.0,MutNovel,"L126F,0.625"
X-3503,ERCC2,2068.0,MutNovel,"G593R,0.330"
X-3503,ERI2,112479.0,MutKnownFunctional,"Q540*,0.394"
X-3503,ETAA1,54465.0,MutNovel,"M716I,0.532"
X-3503,ETV1,2115.0,MutNovel,"E206K,0.526"
X-3503,ETV5,2119.0,MutNovel,"P148S,0.812"
X-3503,EXOC8,149371.0,MutNovel,"K588N,0.222"
X-3503,EXOSC6,118460.0,MutNovel,"R135P,0.421"
X-3503,EXTL1,2134.0,MutNovel,"R520W,0.933"
X-3503,EZH2,2146.0,MutNovel,"P324S,0.597"
X-3503,FAF1,11124.0,MutNovel,"R233C,0.487"
X-3503,FAM123B,139285.0,MutNovel,"S770L,1.000"
X-3503,FAM160A2,84067.0,MutNovel,"P832S,0.259"
X-3503,FAM200A,221786.0,MutKnownFunctional,"-467,0.563"
X-3503,FAM22D,728130.0,MutNovel,"P141L,1.000"
X-3503,FAM45A,,MutNovel,"V76A,0.719"
X-3503,FAM58A,92002.0,MutNovel,"P152L,1.000"
X-3503,FAM83B,222584.0,MutNovel,"G357E,0.571"
X-3503,FANCD2,2177.0,MutKnownFunctional,"Q76*,0.400"
X-3503,FAT1,2195.0,MutNovel,"G3920E,1.000"
X-3503,FAT1,2195.0,MutNovel,"L1514F,0.996"
X-3503,FBXL19,54620.0,MutNovel,"G220E,0.333"
X-3503,FBXL5,26234.0,MutNovel,"W480L,0.996"
X-3503,FBXO18,84893.0,MutNovel,"E620K,0.635"
X-3503,FBXO30,84085.0,MutNovel,"S150F,1.000"
X-3503,FCRLB,127943.0,MutNovel,"A366T,1.000"
X-3503,FGF5,2250.0,MutNovel,"E223EQ,0.865"
X-3503,FHDC1,85462.0,MutNovel,"P829S,0.997"
X-3503,FHOD3,80206.0,MutNovel,"L689F,1.000"
X-3503,FIG4,9896.0,MutKnownFunctional,"Q349*,1.000"
X-3503,FILIP1,27145.0,Del0.8,0.73
X-3503,FLG,2312.0,MutNovel,"G2509E,1.000"
X-3503,FLNB,2317.0,MutNovel,"P307S,0.262"
X-3503,FLNC,2318.0,MutNovel,"G605S,0.714"
X-3503,FLRT1,23769.0,MutNovel,"D423N,1.000"
X-3503,FMN2,56776.0,MutNovel,"V1490A,0.905"
X-3503,FOXD4L1,200350.0,MutNovel,"R18W,0.400"
X-3503,FOXD4L5,653427.0,MutNovel,"P110R,1.000"
X-3503,FOXO1,2308.0,MutNovel,"L328P,0.472"
X-3503,FOXP1,27086.0,MutNovel,"L600P,0.863"
X-3503,FREM2,341640.0,MutNovel,"L2873V,1.000"
X-3503,FRYL,285527.0,MutKnownFunctional,"Q2113*,1.000"
X-3503,FSTL5,56884.0,MutNovel,"D822H,1.000"
X-3503,FSTL5,56884.0,MutNovel,"K815R,1.000"
X-3503,FUT4,2526.0,MutNovel,"P63L,1.000"
X-3503,FXR2,9513.0,MutNovel,"G477K,0.673"
X-3503,GAK,2580.0,MutNovel,"P350S,0.988"
X-3503,GALNT2,2590.0,MutNovel,"I525V,0.733"
X-3503,GAPVD1,26130.0,MutNovel,"S595F,0.637"
X-3503,GAPVD1,26130.0,MutNovel,"R636C,0.605"
X-3503,GBF1,8729.0,MutNovel,"P1668A,0.344"
X-3503,GCN1L1,10985.0,MutNovel,"P878S,0.453"
X-3503,GDI2,2665.0,MutNovel,"D101N,0.656"
X-3503,GFRA2,2675.0,MutNovel,"S190L,0.714"
X-3503,GFRA2,2675.0,MutNovel,"E129K,0.312"
X-3503,GIGYF2,26058.0,MutNovel,"PQ1231P,0.690"
X-3503,GJA1,2697.0,MutNovel,"T154S,0.992"
X-3503,GLCCI1,113263.0,MutKnownFunctional,"Q521*,0.409"
X-3503,GLIS3,169792.0,MutNovel,"K523T,1.000"
X-3503,GLOD4,51031.0,MutNovel,"G160R,0.672"
X-3503,GNL2,29889.0,MutNovel,"P463S,0.537"
X-3503,GOLGA4,2803.0,MutNovel,"H800Y,0.716"
X-3503,GOLGA8J,,MutNovel,"E435K,1.000"
X-3503,GOLGB1,2804.0,MutNovel,"D49Y,0.359"
X-3503,GPBP1,65056.0,MutNovel,"P413L,0.288"
X-3503,GPCPD1,56261.0,MutNovel,"S431F,0.391"
X-3503,GPI,2821.0,MutNovel,"G189S,0.566"
X-3503,GPR158,57512.0,MutNovel,"E1118K,0.446"
X-3503,GPR161,23432.0,MutNovel,"A546T,0.444"
X-3503,GPR161,23432.0,MutNovel,"A314V,0.667"
X-3503,GPR55,9290.0,MutNovel,"H243Y,0.600"
X-3503,GRIK3,2899.0,MutNovel,"R848S,0.562"
X-3503,GRK6,2870.0,MutNovel,"E407K,0.643"
X-3503,GRPEL2,134266.0,MutKnownFunctional,"FR144F*,0.410"
X-3503,GRSF1,2926.0,MutNovel,"V276I,1.000"
X-3503,GSG2,83903.0,MutNovel,"G159A,1.000"
X-3503,GSTT2,2953.0,Del0.8,0.74
X-3503,GTF2IRD2,84163.0,MutNovel,"G58E,0.375"
X-3503,GTPBP4,23560.0,MutNovel,"S312F,0.668"
X-3503,GZMB,3002.0,MutNovel,"P84A,0.261"
X-3503,HARS,3035.0,MutNovel,"R326Q,0.646"
X-3503,HAUS5,23354.0,MutNovel,"T233M,0.444"
X-3503,HCFC1,3054.0,MutNovel,"P973L,1.000"
X-3503,HCFC1,3054.0,MutNovel,"A553V,0.985"
X-3503,HDAC4,9759.0,MutNovel,"P901F,0.558"
X-3503,HECTD1,25831.0,MutNovel,"F1071L,0.773"
X-3503,HEG1,57493.0,MutNovel,"N632D,0.732"
X-3503,HELQ,113510.0,MutNovel,"E657K,1.000"
X-3503,HIF1AN,55662.0,MutNovel,"H126Y,0.667"
X-3503,HIST1H1E,3008.0,MutKnownFunctional,"K217*,0.467"
X-3503,HIST1H2BJ,8970.0,MutNovel,"K16T,0.378"
X-3503,HIST2H2AC,8338.0,MutNovel,"I112V,0.333"
X-3503,HIST2H2AC,8338.0,MutNovel,"V115A,0.333"
X-3503,HIVEP2,3097.0,MutNovel,"S1488F,0.929"
X-3503,HIVEP3,59269.0,MutNovel,"E1280K,0.528"
X-3503,HIVEP3,59269.0,MutNovel,"L812F,0.222"
X-3503,HLA-DRB5,3127.0,Amp5,5.86
X-3503,HNRNPK,3190.0,MutNovel,"T177A,0.227"
X-3503,HNRNPK,3190.0,MutNovel,"I47L,0.620"
X-3503,HOXD3,3232.0,MutNovel,"P79L,1.000"
X-3503,HSD17B3,3293.0,MutNovel,"L179F,0.273"
X-3503,HSF1,3297.0,MutNovel,"P445L,0.667"
X-3503,HSPG2,3339.0,MutNovel,"E2790Q,0.991"
X-3503,HSPG2,3339.0,MutNovel,"E2228K,1.000"
X-3503,HTT,3064.0,MutNovel,"L2440F,1.000"
X-3503,HYDIN,54768.0,MutNovel,"D822N,0.441"
X-3503,HYDIN,54768.0,MutNovel,"E54K,0.647"
X-3503,ICA1,3382.0,MutNovel,"S314F,0.541"
X-3503,IER2,9592.0,MutNovel,"P66S,0.683"
X-3503,IFI44,10561.0,MutNovel,"Q83K,0.271"
X-3503,IGDCC3,9543.0,MutNovel,"S799F,0.356"
X-3503,IGFN1,91156.0,MutNovel,"E785K,0.305"
X-3503,IGFN1,91156.0,MutNovel,"G1167E,0.674"
X-3503,IGFN1,91156.0,MutNovel,"G1217E,0.600"
X-3503,IGSF1,3547.0,MutNovel,"V196A,1.000"
X-3503,IL1RAP,3556.0,MutNovel,"H251Y,0.806"
X-3503,IMMP2L,83943.0,MutNovel,"P164S,0.486"
X-3503,INADL,10207.0,MutNovel,"P98S,0.438"
X-3503,INADL,10207.0,MutNovel,"V1491A,0.444"
X-3503,ING3,54556.0,MutNovel,"S64F,0.583"
X-3503,ING4,51147.0,MutNovel,"P155S,0.481"
X-3503,INPP4A,3631.0,MutNovel,"S484F,0.330"
X-3503,INSR,3643.0,MutNovel,"P1360L,0.650"
X-3503,INTS12,57117.0,MutNovel,"S301F,0.988"
X-3503,IRF2BPL,64207.0,MutNovel,"P617S,0.250"
X-3503,IRF3,3661.0,MutNovel,"P359L,0.528"
X-3503,ITPR1,3708.0,MutNovel,"N1392S,0.983"
X-3503,JMJD4,65094.0,MutNovel,"E34K,1.000"
X-3503,KAT6B,23522.0,MutNovel,"R2073K,0.328"
X-3503,KBTBD8,84541.0,MutNovel,"P254S,0.241"
X-3503,KCNH8,131096.0,MutNovel,"S737L,0.857"
X-3503,KCNJ8,3764.0,MutKnownFunctional,"R211*,0.512"
X-3503,KCP,375616.0,MutNovel,"T1484S,0.750"
X-3503,KCTD15,79047.0,MutNovel,"E6K,0.296"
X-3503,KCTD7,154881.0,MutNovel,"L147R,0.594"
X-3503,KDM1A,23028.0,MutNovel,"T95A,1.000"
X-3503,KDM2B,84678.0,MutNovel,"P1056L,0.727"
X-3503,KDM5A,5927.0,MutNovel,"L293F,0.442"
X-3503,KHDRBS2,202559.0,MutNovel,"A232V,1.000"
X-3503,KHDRBS2,202559.0,MutNovel,"R168C,1.000"
X-3503,KHDRBS3,10656.0,MutNovel,"A142V,0.626"
X-3503,KIAA0100,9703.0,MutNovel,"T1048S,0.303"
X-3503,KIAA0146,23514.0,MutNovel,"H608Y,0.323"
X-3503,KIAA0196,9897.0,MutNovel,"T646S,0.342"
X-3503,KIAA0226,9711.0,MutNovel,"D286N,0.786"
X-3503,KIAA0284,283638.0,MutNovel,"P859F,0.706"
X-3503,KIAA0564,23078.0,MutNovel,"P1356S,1.000"
X-3503,KIAA0753,9851.0,MutNovel,"N546S,0.300"
X-3503,KIAA0947,23379.0,MutNovel,"P2077L,0.342"
X-3503,KIAA1107,23285.0,MutNovel,"R95Q,0.429"
X-3503,KIAA1109,84162.0,MutNovel,"H1661Y,1.000"
X-3503,KIAA1143,57456.0,MutNovel,"D148V,0.744"
X-3503,KIAA1324L,222223.0,MutNovel,"L794F,0.234"
X-3503,KIAA1462,57608.0,MutNovel,"R936C,0.467"
X-3503,KIAA1919,91749.0,MutNovel,"G10E,1.000"
X-3503,KIAA2018,205717.0,MutNovel,"S1882L,0.768"
X-3503,KIAA2018,205717.0,MutNovel,"S653F,0.385"
X-3503,KIF14,9928.0,MutNovel,"T1078I,0.740"
X-3503,KIF20B,9585.0,MutNovel,"L1062LKV,0.328"
X-3503,KIF24,347240.0,MutNovel,"S1368F,1.000"
X-3503,KIFC1,3833.0,MutNovel,"P70S,0.590"
X-3503,KIFC1,3833.0,MutNovel,"P344S,0.457"
X-3503,KIRREL,55243.0,MutNovel,"A427V,0.545"
X-3503,KIRREL,55243.0,MutNovel,"R523C,0.318"
X-3503,KLC1,3831.0,MutNovel,"L408F,0.716"
X-3503,KRT15,3866.0,MutNovel,"H437Y,0.692"
X-3503,LACTB,114294.0,MutNovel,"P317L,0.397"
X-3503,LAMA2,3908.0,MutNovel,"WR330CR,1.000"
X-3503,LAMA2,3908.0,MutNovel,"S971F,1.000"
X-3503,LAMB1,3912.0,MutNovel,"H276Y,0.373"
X-3503,LCE3C,353144.0,Del0.8,0.15
X-3503,LCMT2,9836.0,MutNovel,"R107W,0.600"
X-3503,LEO1,123169.0,MutNovel,"P113L,0.603"
X-3503,LEPR,3953.0,MutNovel,"I797N,0.324"
X-3503,LIFR,3977.0,MutNovel,"P433L,0.400"
X-3503,LIG3,3980.0,MutNovel,"V461A,0.347"
X-3503,LIN37,55957.0,MutNovel,"P169L,0.452"
X-3503,LMNA,4000.0,MutNovel,"E31K,0.349"
X-3503,LMNB2,84823.0,MutNovel,"A19T,0.763"
X-3503,LMOD1,25802.0,MutKnownFunctional,"-111?,0.357"
X-3503,LNPEP,4012.0,MutNovel,"F629L,0.344"
X-3503,LOC100130097,,MutNovel,"E270K,1.000"
X-3503,LPHN2,23266.0,MutNovel,"P1326L,0.742"
X-3503,LRBA,987.0,MutKnownFunctional,"R2338*,1.000"
X-3503,LRCH1,23143.0,MutNovel,"S597F,0.986"
X-3503,LRP10,26020.0,MutNovel,"P588L,0.857"
X-3503,LRP1B,53353.0,MutNovel,"Y162H,0.375"
X-3503,LRP6,4040.0,MutKnownFunctional,"LR1305L*,0.300"
X-3503,LRRC24,441381.0,MutNovel,"A32G,0.310"
X-3503,LRRC37A2,474170.0,Amp5,5.5
X-3503,LRRC37B,114659.0,MutNovel,"K641E,0.320"
X-3503,LRRC46,90506.0,MutNovel,"G257E,1.000"
X-3503,LRRC8A,56262.0,MutNovel,"T469R,0.697"
X-3503,LRRK2,120892.0,MutNovel,"D783N,0.241"
X-3503,LRRN1,57633.0,MutNovel,"D417N,1.000"
X-3503,LSR,51599.0,MutNovel,"G518GR,0.739"
X-3503,LTA4H,4048.0,MutNovel,"R175C,0.478"
X-3503,LTBP3,4054.0,MutNovel,"P170S,1.000"
X-3503,LTBP3,4054.0,MutNovel,"T151I,1.000"
X-3503,LYPD1,116372.0,MutNovel,"T128I,0.656"
X-3503,LYST,1130.0,MutNovel,"H2619L,0.263"
X-3503,MAGEA2,4101.0,MutNovel,"I109L,1.000"
X-3503,MAGEE1,57692.0,MutNovel,"A180V,1.000"
X-3503,MAGI1,9223.0,MutNovel,"E178K,0.643"
X-3503,MAGI3,260425.0,MutNovel,"S1221L,0.556"
X-3503,MAK,4117.0,MutNovel,"Q214K,0.700"
X-3503,MAMDC4,158056.0,MutKnownFunctional,"Q393*,0.667"
X-3503,MAN1B1,11253.0,MutNovel,"P146L,0.277"
X-3503,MAN2C1,4123.0,MutNovel,"V808A,0.424"
X-3503,MAP1A,4130.0,MutNovel,"P2562F,0.697"
X-3503,MAP2K1,5604.0,MutLikelyFunctional,"E203K,0.441"
X-3503,MAP2K7,5609.0,MutNovel,"P67S,1.000"
X-3503,MAP3K13,9175.0,MutNovel,"E949K,0.571"
X-3503,MAPK13,5603.0,MutKnownFunctional,"W338*,0.500"
X-3503,MAPK8IP2,23542.0,MutNovel,"R469W,1.000"
X-3503,MAPT,4137.0,MutNovel,"S757W,1.000"
X-3503,MCM4,4173.0,MutNovel,"P619L,0.703"
X-3503,MCTP1,79772.0,MutNovel,"E861K,0.407"
X-3503,MDH1B,130752.0,MutNovel,"R72C,0.474"
X-3503,MECOM,2122.0,MutNovel,"S814F,0.389"
X-3503,MED13,9969.0,MutNovel,"S1064F,0.781"
X-3503,MED13L,23389.0,MutNovel,"P362L,0.545"
X-3503,MED22,6837.0,MutNovel,"S173F,0.556"
X-3503,MEGF8,1954.0,MutNovel,"M294I,0.381"
X-3503,MEGF8,1954.0,MutNovel,"S778L,0.625"
X-3503,MEGF8,1954.0,MutNovel,"P1496S,0.580"
X-3503,MERTK,10461.0,MutNovel,"V870G,0.503"
X-3503,MET,4233.0,MutNovel,"E355K,0.537"
X-3503,METTL5,29081.0,MutNovel,"Y29H,0.316"
X-3503,METTL8,79828.0,MutNovel,"P213S,0.396"
X-3503,MFN1,55669.0,MutNovel,"G603E,0.718"
X-3503,MGAT2,4247.0,MutNovel,"K427E,0.743"
X-3503,MIR4474,100616441.0,Del0.8,0.72
X-3503,MKNK2,2872.0,MutNovel,"P424L,0.568"
X-3503,MLH1,4292.0,MutNovel,"S477F,0.212"
X-3503,MLL3,58508.0,MutNovel,"C4487R,0.572"
X-3503,MLL3,58508.0,MutNovel,"S3708F,0.638"
X-3503,MLL3,58508.0,MutNovel,"P2292S,0.615"
X-3503,MLL5,55904.0,MutNovel,"L343P,0.611"
X-3503,MMP15,4324.0,MutNovel,"P340S,0.529"
X-3503,MMP8,4317.0,MutNovel,"D364N,1.000"
X-3503,MOK,5891.0,MutNovel,"P240S,0.538"
X-3503,MORC4,79710.0,MutNovel,"L625F,1.000"
X-3503,MSH6,2956.0,MutNovel,"S998F,0.458"
X-3503,MTMR14,64419.0,MutNovel,"S548F,0.500"
X-3503,MTRF1L,54516.0,MutNovel,"W12L,1.000"
X-3503,MUS81,80198.0,MutNovel,"H155-,0.875"
X-3503,MYC,4609.0,MutNovel,"P328L,0.755"
X-3503,MYEOV2,150678.0,MutNovel,"E12K,0.917"
X-3503,MYH14,79784.0,MutNovel,"L1754V,0.519"
X-3503,MYH9,4627.0,MutNovel,"S233F,0.572"
X-3503,MYO7A,4647.0,MutKnownFunctional,"-1172,1.000"
X-3503,MYO9B,4650.0,MutKnownFunctional,"Q1389*,0.257"
X-3503,MYOF,26509.0,MutNovel,"R1401C,0.719"
X-3503,MZF1,7593.0,MutNovel,"G260E,0.529"
X-3503,N4BP1,9683.0,MutNovel,"P535L,0.457"
X-3503,NAALAD2,10003.0,MutNovel,"G374R,1.000"
X-3503,NAPA,8775.0,MutNovel,"S4F,0.472"
X-3503,NARG2,79664.0,MutNovel,"P929S,0.423"
X-3503,NAV2,89797.0,MutNovel,"S1395N,0.790"
X-3503,NBPF10,100132406.0,MutNovel,"D1405E,0.632"
X-3503,NBPF12,,MutNovel,"S2892F,0.667"
X-3503,NCAPH2,29781.0,MutNovel,"P247L,0.489"
X-3503,NCOA1,8648.0,MutNovel,"G925E,0.462"
X-3503,NCOA6,23054.0,MutNovel,"A1363V,0.416"
X-3503,NCOR2,9612.0,MutNovel,"G1839GAAA,0.593"
X-3503,NCOR2,9612.0,MutNovel,"P1264L,0.511"
X-3503,NCOR2,9612.0,MutNovel,"A847T,0.455"
X-3503,NCR3LG1,,MutNovel,"I319T,0.286"
X-3503,NDNL2,56160.0,MutNovel,"P297S,0.527"
X-3503,NDUFS2,4720.0,MutNovel,"W202G,0.394"
X-3503,NDUFV2,4729.0,MutNovel,"R42K,0.996"
X-3503,NELF,26012.0,MutNovel,"S353F,0.369"
X-3503,NEO1,4756.0,MutNovel,"R674Q,0.526"
X-3503,NF1,4763.0,MutKnownFunctional,"W1258*,0.722"
X-3503,NF1,4763.0,MutKnownFunctional,"W1831*,0.379"
X-3503,NFE2L2,4780.0,MutNovel,"L497V,0.517"
X-3503,NFRKB,4798.0,MutNovel,"S1200F,1.000"
X-3503,NHLRC2,374354.0,MutNovel,"P412L,0.622"
X-3503,NIPBL,25836.0,MutNovel,"V2043A,0.633"
X-3503,NKAIN4,128414.0,MutNovel,"D179N,0.844"
X-3503,NLGN4X,57502.0,MutNovel,"A521V,0.944"
X-3503,NOM1,64434.0,MutNovel,"M860L,0.565"
X-3503,NONO,4841.0,MutNovel,"P237S,0.997"
X-3503,NOTCH1,4851.0,MutNovel,"P2485S,0.470"
X-3503,NOTCH2,4853.0,MutNovel,"P715L,0.242"
X-3503,NOTCH2,4853.0,MutNovel,"H441Y,0.369"
X-3503,NOTCH3,4854.0,MutNovel,"A2301V,0.212"
X-3503,NOTCH3,4854.0,MutNovel,"G2199E,0.545"
X-3503,NPRL3,8131.0,MutNovel,"R165W,0.375"
X-3503,NPTXR,23467.0,MutNovel,"D390N,0.321"
X-3503,NR1H2,7376.0,MutNovel,"-173Q,0.429"
X-3503,NRD1,4898.0,MutNovel,"S530F,0.526"
X-3503,NSFP1,728806.0,Amp5,5.5
X-3503,NUBP2,10101.0,MutNovel,"G55C,0.325"
X-3503,NUDT19,390916.0,MutNovel,"A21E,0.833"
X-3503,NUFIP2,57532.0,MutNovel,"E539K,0.336"
X-3503,NUP210,23225.0,MutNovel,"R1846Q,0.250"
X-3503,OASL,8638.0,MutNovel,"P431S,0.542"
X-3503,ODZ1,10178.0,MutNovel,"E2590K,1.000"
X-3503,ODZ3,55714.0,MutNovel,"G589S,1.000"
X-3503,OR2T33,391195.0,MutNovel,"W49R,1.000"
X-3503,OR2T33,391195.0,MutNovel,"G39S,1.000"
X-3503,OR4F15,390649.0,MutNovel,"E22K,0.692"
X-3503,OR7E156P,283491.0,Del0.8,0.56
X-3503,ORAI1,84876.0,MutNovel,"PP43-,0.667"
X-3503,OSBPL7,114881.0,MutNovel,"L761F,0.831"
X-3503,OTOGL,283310.0,MutNovel,"P1891S,0.625"
X-3503,P2RY8,286530.0,MutNovel,"S1397A,1.000"
X-3503,P4HA3,283208.0,Del0.8,0.78
X-3503,PAK1IP1,55003.0,MutNovel,"P284S,0.344"
X-3503,PAK3,5063.0,MutNovel,"P521L,1.000"
X-3503,PAK7,57144.0,MutNovel,"L649F,0.556"
X-3503,PARG,8505.0,MutNovel,"G808K,0.255"
X-3503,PARG,8505.0,MutNovel,"E688K,0.781"
X-3503,PARG,8505.0,MutNovel,"S334F,0.500"
X-3503,PARP14,54625.0,MutNovel,"P1780L,0.263"
X-3503,PAX6,5080.0,MutKnownFunctional,"G423*,0.667"
X-3503,PBRM1,55193.0,MutNovel,"P1388S,0.213"
X-3503,PCDHB13,56123.0,MutNovel,"E311K,0.278"
X-3503,PCDHB15,56121.0,MutNovel,"S314L,0.464"
X-3503,PCDHB15,56121.0,MutNovel,"P674L,0.632"
X-3503,PCDHB8,56128.0,MutNovel,"D202N,0.714"
X-3503,PCDHB8,56128.0,MutNovel,"E311K,0.464"
X-3503,PCDHGA1,56114.0,MutNovel,"G185E,0.536"
X-3503,PCDHGB1,56104.0,MutNovel,"P189S,0.292"
X-3503,PCLO,27445.0,MutNovel,"R4081Q,0.571"
X-3503,PCLO,27445.0,MutNovel,"R1557Q,0.875"
X-3503,PCLO,27445.0,MutNovel,"R1113K,0.600"
X-3503,PCM1,5108.0,MutNovel,"R985C,0.354"
X-3503,PCNXL2,80003.0,MutNovel,"E1170K,0.333"
X-3503,PCOLCE2,26577.0,MutNovel,"G386W,0.201"
X-3503,PCYT1B,9468.0,MutNovel,"D12G,0.300"
X-3503,PDCL,5082.0,MutNovel,"V185A,0.711"
X-3503,PDE11A,50940.0,MutNovel,"R306Q,0.400"
X-3503,PDLIM4,8572.0,MutNovel,"G125R,0.339"
X-3503,PFAS,5198.0,MutNovel,"D1106N,0.611"
X-3503,PHF16,9767.0,MutNovel,"P448S,1.000"
X-3503,PHF3,23469.0,MutNovel,"P1776S,0.395"
X-3503,PHLDA1,22822.0,MutNovel,"QQ194Q,0.537"
X-3503,PIAS1,8554.0,MutNovel,"P66S,0.283"
X-3503,PIEZO1,9780.0,MutNovel,"P337S,0.381"
X-3503,PIEZO2,63895.0,MutNovel,"S2116F,1.000"
X-3503,PIGC,5279.0,MutNovel,"I172T,0.361"
X-3503,PIGK,10026.0,MutNovel,"N261D,0.314"
X-3503,PIKFYVE,200576.0,MutNovel,"Q1482R,0.515"
X-3503,PKN1,5585.0,MutNovel,"S266F,0.691"
X-3503,PLCB1,23236.0,MutNovel,"S410L,0.545"
X-3503,PLCG2,5336.0,MutNovel,"P844L,0.522"
X-3503,PLEC,5339.0,MutNovel,"S3479L,0.653"
X-3503,PLEKHA5,54477.0,MutNovel,"K899R,0.442"
X-3503,PLEKHN1,84069.0,MutNovel,"G264R,1.000"
X-3503,PLEKHO2,80301.0,MutNovel,"E2D,0.591"
X-3503,PLEKHO2,80301.0,MutNovel,"P262S,0.578"
X-3503,PLK1S1,55857.0,MutNovel,"V311A,0.512"
X-3503,PLS1,5357.0,MutNovel,"E259K,0.654"
X-3503,PLSCR1,5359.0,MutNovel,"P282F,0.575"
X-3503,PLXNB1,5364.0,MutNovel,"R1171C,0.750"
X-3503,PLXNB2,23654.0,MutNovel,"L554M,0.537"
X-3503,PNISR,25957.0,MutNovel,"S613F,1.000"
X-3503,PNP,4860.0,MutNovel,"P150L,0.272"
X-3503,PNPLA3,80339.0,MutNovel,"S286F,0.578"
X-3503,PNPLA7,375775.0,MutNovel,"P1199S,0.250"
X-3503,POLE,5426.0,MutNovel,"A1751V,0.652"
X-3503,POLE,5426.0,MutKnownFunctional,"Q689*,0.429"
X-3503,PPAP2A,8611.0,MutNovel,"E259K,0.364"
X-3503,PPARD,5467.0,MutKnownFunctional,"Q415*,0.590"
X-3503,PPCS,79717.0,MutNovel,"P216S,0.503"
X-3503,PPIP5K2,23262.0,MutNovel,"S1102F,0.309"
X-3503,PPM1F,9647.0,MutNovel,"D274N,0.503"
X-3503,PPP1R15A,23645.0,MutKnownFunctional,"-529?,0.561"
X-3503,PPP1R16A,84988.0,MutKnownFunctional,"AR80A*,0.302"
X-3503,PPP1R26,9858.0,MutNovel,"K768R,0.886"
X-3503,PPP6R1,22870.0,MutNovel,"R144W,0.512"
X-3503,PPRC1,23082.0,MutNovel,"S1427C,0.600"
X-3503,PRDM2,7799.0,MutNovel,"F1191I,1.000"
X-3503,PRIC285,85441.0,MutNovel,"T2512I,0.452"
X-3503,PRPF8,10594.0,MutNovel,"L740F,0.705"
X-3503,PRR22,163154.0,MutNovel,"P152L,0.812"
X-3503,PRR5,55615.0,MutNovel,"K31Q,0.657"
X-3503,PRTG,283659.0,MutNovel,"V87A,0.333"
X-3503,PRUNE2,158471.0,MutNovel,"E83K,0.404"
X-3503,PSEN2,5664.0,MutNovel,"A85V,0.727"
X-3503,PSMD6,9861.0,MutNovel,"S60Y,0.763"
X-3503,PTBP3,9991.0,MutNovel,"G173S,0.381"
X-3503,PTPN13,5783.0,MutNovel,"S1901F,1.000"
X-3503,PTPN22,26191.0,MutNovel,"E467K,0.600"
X-3503,PTPN4,5775.0,MutNovel,"P397S,0.275"
X-3503,PTPRD,5789.0,MutNovel,"R1385K,1.000"
X-3503,PTPRF,5792.0,MutNovel,"P1428L,0.525"
X-3503,PTPRJ,5795.0,MutNovel,"L1291F,0.524"
X-3503,PTPRZ1,5803.0,MutNovel,"P818S,0.582"
X-3503,PTTG1IP,754.0,MutNovel,"S56F,0.543"
X-3503,PUS1,80324.0,MutNovel,"D114N,0.426"
X-3503,PVRL3,25945.0,MutNovel,"K232Q,0.780"
X-3503,PWP2,5822.0,MutNovel,"V734M,0.512"
X-3503,PYGL,5836.0,MutNovel,"G691E,0.734"
X-3503,PYROXD1,79912.0,MutNovel,"P78S,0.424"
X-3503,QDPR,5860.0,MutNovel,"P145L,1.000"
X-3503,RAB11FIP3,9727.0,MutNovel,"G23E,0.600"
X-3503,RABEP1,9135.0,MutNovel,"S503F,0.302"
X-3503,RAC1,5879.0,MutNovel,"Q61R,0.690"
X-3503,RANBP2,5903.0,MutNovel,"E2573K,0.451"
X-3503,RAPH1,65059.0,MutNovel,"A77T,0.537"
X-3503,RASA2,5922.0,MutNovel,"P843S,0.868"
X-3503,RASA3,22821.0,MutNovel,"S562L,1.000"
X-3503,RBBP5,5929.0,MutNovel,"P117S,0.289"
X-3503,RBKS,64080.0,MutNovel,"F48I,0.412"
X-3503,RBM14,10432.0,MutNovel,"P591L,1.000"
X-3503,RBM5,10181.0,MutNovel,"ISDERES91I,0.432"
X-3503,REPIN1,29803.0,MutNovel,"Q108E,0.684"
X-3503,RFT1,91869.0,MutNovel,"A463V,0.340"
X-3503,RFX1,5989.0,MutNovel,"P730L,0.308"
X-3503,RFX7,64864.0,MutNovel,"P1298Q,0.388"
X-3503,RGL2,5863.0,MutNovel,"S382Y,0.359"
X-3503,RGNEF,64283.0,MutNovel,"G38R,0.529"
X-3503,RGNEF,64283.0,MutNovel,"P1540L,0.381"
X-3503,RGPD8,727851.0,MutNovel,"P897L,0.500"
X-3503,RHPN1,114822.0,MutNovel,"P609S,0.737"
X-3503,RIN1,9610.0,MutNovel,"E705K,1.000"
X-3503,RNF157,114804.0,MutNovel,"E457K,0.924"
X-3503,RNF40,9810.0,MutNovel,"Q736R,0.502"
X-3503,RNF8,9025.0,MutNovel,"P134L,0.537"
X-3503,ROCK1,6093.0,MutKnownFunctional,"-495,0.737"
X-3503,RORC,6097.0,MutNovel,"G432R,1.000"
X-3503,RPAP1,26015.0,MutNovel,"L1147F,0.550"
X-3503,RPAP1,26015.0,MutNovel,"G36R,0.476"
X-3503,RPGR,6103.0,MutNovel,"S774F,1.000"
X-3503,RPRD2,23248.0,MutNovel,"P1417L,0.419"
X-3503,RPS6KA6,27330.0,MutNovel,"R542C,1.000"
X-3503,RRBP1,6238.0,MutNovel,"A850T,0.575"
X-3503,RRP12,23223.0,MutNovel,"S1080L,0.570"
X-3503,RRP12,23223.0,MutNovel,"A988V,0.619"
X-3503,RSBN1,54665.0,MutNovel,"V487A,0.292"
X-3503,RSBN1L,222194.0,MutNovel,"P537S,0.300"
X-3503,RUNX1,861.0,MutNovel,"L56S,0.476"
X-3503,RYBP,23429.0,MutNovel,"P66S,0.730"
X-3503,SAFB2,9667.0,MutNovel,"G7E,0.660"
X-3503,SAMD9L,219285.0,MutNovel,"F1092L,0.552"
X-3503,SAMD9L,219285.0,MutNovel,"G44R,0.467"
X-3503,SAMM50,25813.0,MutNovel,"L116S,0.558"
X-3503,SAP130,79595.0,MutNovel,"S52R,0.590"
X-3503,SARM1,23098.0,MutNovel,"P405L,0.714"
X-3503,SATB1,6304.0,MutNovel,"S295F,0.767"
X-3503,SATB2,23314.0,MutNovel,"R597K,0.686"
X-3503,SBF2,81846.0,MutNovel,"S1214F,0.245"
X-3503,SCAP,22937.0,MutNovel,"L157F,0.717"
X-3503,SCG3,29106.0,MutNovel,"P227S,0.467"
X-3503,SCN9A,6335.0,MutNovel,"S1479F,0.600"
X-3503,SCN9A,6335.0,MutNovel,"D732N,0.462"
X-3503,SCN9A,6335.0,MutNovel,"G175D,0.562"
X-3503,SCRIB,23513.0,MutNovel,"T1142M,0.307"
X-3503,SCRN3,79634.0,MutNovel,"E386D,0.519"
X-3503,SEMA6C,10500.0,MutNovel,"F442L,0.733"
X-3503,SERPINA1,5265.0,MutNovel,"P279T,0.641"
X-3503,SERPING1,710.0,MutNovel,"G345R,1.000"
X-3503,SETD4,54093.0,MutKnownFunctional,"Q242*,0.467"
X-3503,SETD5,55209.0,MutNovel,"K255E,0.803"
X-3503,SETD8,387893.0,MutNovel,"P348S,0.435"
X-3503,SF3A2,8175.0,MutNovel,"P318L,0.778"
X-3503,SFSWAP,6433.0,MutNovel,"S910L,0.478"
X-3503,SFXN4,119559.0,MutNovel,"P182L,0.696"
X-3503,SGMS1,259230.0,MutNovel,"G106E,0.429"
X-3503,SH2B1,25970.0,MutKnownFunctional,"R295*,0.333"
X-3503,SH3GLB1,51100.0,MutNovel,"N394S,0.701"
X-3503,SH3PXD2A,9644.0,MutNovel,"G836S,0.256"
X-3503,SH3PXD2B,285590.0,MutNovel,"S725F,0.415"
X-3503,SHROOM3,57619.0,MutNovel,"L1805F,1.000"
X-3503,SIK2,23235.0,MutNovel,"L510R,1.000"
X-3503,SIPA1L3,23094.0,MutNovel,"R284W,0.429"
X-3503,SIRPA,140885.0,MutNovel,"V341A,0.714"
X-3503,SIX4,51804.0,MutKnownFunctional,"Q695*,0.455"
X-3503,SLC12A4,6560.0,MutNovel,"A722D,0.448"
X-3503,SLC12A4,6560.0,MutNovel,"F344L,0.436"
X-3503,SLC1A4,6509.0,MutNovel,"T216I,0.609"
X-3503,SLC24A1,9187.0,MutNovel,"S376N,0.351"
X-3503,SLC25A18,83733.0,MutNovel,"I249V,1.000"
X-3503,SLC25A33,84275.0,MutNovel,"S69F,1.000"
X-3503,SLC27A1,376497.0,MutNovel,"R381Q,0.333"
X-3503,SLC2A13,114134.0,MutNovel,"Y536F,0.367"
X-3503,SLC4A1AP,22950.0,MutNovel,"P97L,0.555"
X-3503,SLC4A3,6508.0,MutNovel,"R366G,0.433"
X-3503,SLFNL1,200172.0,MutNovel,"S197F,0.667"
X-3503,SMARCA2,6595.0,Del0.8,0.75
X-3503,SMARCA4,6597.0,MutNovel,"G1194E,0.824"
X-3503,SMOX,54498.0,MutNovel,"P236L,0.490"
X-3503,SMURF2,64750.0,MutNovel,"P452S,0.808"
X-3503,SMYD2,56950.0,MutNovel,"E10K,0.667"
X-3503,SNAI2,6591.0,MutKnownFunctional,"-245?,0.566"
X-3503,SNAP47,116841.0,MutNovel,"P259S,0.600"
X-3503,SNAP91,9892.0,MutNovel,"P682L,1.000"
X-3503,SNAPC4,6621.0,MutNovel,"S542-,0.500"
X-3503,SNRNP200,23020.0,MutNovel,"P898L,0.416"
X-3503,SNRPA1,6627.0,MutNovel,"R177K,0.304"
X-3503,SNX8,29886.0,MutNovel,"P83L,0.389"
X-3503,SOLH,6650.0,MutNovel,"V244M,0.387"
X-3503,SOLH,6650.0,MutKnownFunctional,"Q640*,0.442"
X-3503,SORCS1,114815.0,MutNovel,"D508N,0.400"
X-3503,SOS2,6655.0,MutNovel,"R334C,0.667"
X-3503,SP110,3431.0,MutNovel,"P564S,0.265"
X-3503,SP4,6671.0,MutNovel,"T495I,0.600"
X-3503,SPECC1,92521.0,MutNovel,"S935F,0.716"
X-3503,SPEF2,79925.0,MutNovel,"L878F,0.667"
X-3503,SPIN1,10927.0,MutNovel,"Y167F,0.695"
X-3503,SPNS1,83985.0,MutNovel,"P42S,0.707"
X-3503,SPRED3,399473.0,MutNovel,"A210T,0.375"
X-3503,SRCIN1,80725.0,MutNovel,"G782S,0.667"
X-3503,SREK1,140890.0,MutNovel,"Y66H,0.255"
X-3503,SRGAP1,57522.0,MutKnownFunctional,"Q149*,0.483"
X-3503,SRRM2,23524.0,MutNovel,"S755F,0.331"
X-3503,SRRM2,23524.0,MutNovel,"SRF1136S,0.259"
X-3503,ST6GALNAC2,10610.0,MutNovel,"A366T,0.755"
X-3503,ST8SIA4,7903.0,MutNovel,"G157R,0.667"
X-3503,STK4,6789.0,MutKnownFunctional,"R115*,0.290"
X-3503,STRN4,29888.0,MutNovel,"V629A,0.518"
X-3503,STRN4,29888.0,MutNovel,"P374L,0.492"
X-3503,SYCP2,10388.0,MutNovel,"E292K,0.800"
X-3503,SYNE1,23345.0,MutNovel,"G2655E,1.000"
X-3503,SYNE1,23345.0,MutNovel,"T986I,1.000"
X-3503,SYNE2,23224.0,MutNovel,"R6726Q,0.799"
X-3503,TAB1,10454.0,MutNovel,"L257F,0.571"
X-3503,TAB1,10454.0,MutNovel,"A397P,0.488"
X-3503,TAF3,83860.0,MutNovel,"P587S,0.635"
X-3503,TAF8,129685.0,MutNovel,"P163S,0.372"
X-3503,TAGLN2,8407.0,MutNovel,"P159S,0.331"
X-3503,TANC2,26115.0,MutNovel,"E114K,0.781"
X-3503,TARSL2,123283.0,MutNovel,"R317S,0.443"
X-3503,TBC1D12,23232.0,MutNovel,"H568Y,0.368"
X-3503,TBC1D19,55296.0,MutNovel,"L386S,1.000"
X-3503,TBC1D2B,23102.0,MutNovel,"H665Y,0.500"
X-3503,TBC1D4,9882.0,MutNovel,"S999F,1.000"
X-3503,TBC1D4,9882.0,MutNovel,"G607R,1.000"
X-3503,TBC1D9B,23061.0,MutNovel,"S664F,0.560"
X-3503,TBCD,6904.0,MutNovel,"L687F,0.801"
X-3503,TBK1,29110.0,MutNovel,"P400T,0.456"
X-3503,TCF20,6942.0,MutNovel,"P1535S,0.367"
X-3503,TCF20,6942.0,MutNovel,"P380S,0.500"
X-3503,TCF4,6925.0,MutNovel,"H567Q,1.000"
X-3503,TCFL5,10732.0,MutNovel,"S268G,0.648"
X-3503,TDRKH,11022.0,MutNovel,"R148C,0.241"
X-3503,TECPR1,25851.0,MutNovel,"Q635H,0.514"
X-3503,TECPR2,9895.0,MutNovel,"E641K,0.226"
X-3503,TET2,54790.0,MutKnownFunctional,"Q790*,1.000"
X-3503,TET3,200424.0,MutNovel,"P1211L,0.455"
X-3503,TF,7018.0,MutNovel,"P50S,1.000"
X-3503,TGOLN2,10618.0,MutNovel,"G239S,0.586"
X-3503,THBS1,7057.0,MutNovel,"R1098C,0.453"
X-3503,TIAM2,26230.0,MutNovel,"E1564K,1.000"
X-3503,TICRR,,MutNovel,"P498S,0.500"
X-3503,TIE1,7075.0,MutNovel,"S460N,0.352"
X-3503,TIPRL,261726.0,MutNovel,"P255S,0.312"
X-3503,TLE2,7089.0,MutNovel,"G414K,1.000"
X-3503,TLK1,9874.0,MutNovel,"H96Y,0.339"
X-3503,TLN1,7094.0,MutNovel,"S1427F,0.994"
X-3503,TLR2,7097.0,MutNovel,"S116L,1.000"
X-3503,TMCC3,57458.0,MutNovel,"D342N,0.333"
X-3503,TMEM109,79073.0,MutNovel,"D52Y,1.000"
X-3503,TMEM120A,83862.0,MutNovel,"G213D,0.579"
X-3503,TMEM214,54867.0,MutNovel,"P397L,0.448"
X-3503,TMEM238,388564.0,MutNovel,"G30V,0.875"
X-3503,TMEM59L,25789.0,MutNovel,"E134K,0.607"
X-3503,TMEM67,91147.0,MutNovel,"G269R,0.722"
X-3503,TMOD4,29765.0,MutNovel,"E113K,0.500"
X-3503,TMPO,7112.0,MutNovel,"P213L,0.645"
X-3503,TMTC2,160335.0,MutNovel,"N498S,0.233"
X-3503,TMTC2,160335.0,MutNovel,"F543L,0.431"
X-3503,TMX4,56255.0,MutNovel,"Q339R,0.532"
X-3503,TNC,3371.0,MutNovel,"E1438K,0.316"
X-3503,TNC,3371.0,MutNovel,"T1035I,0.680"
X-3503,TNFAIP1,7126.0,MutNovel,"A231V,0.704"
X-3503,TNFRSF14,8764.0,MutNovel,"P172S,0.985"
X-3503,TNRC6A,27327.0,MutNovel,"S352L,0.376"
X-3503,TNRC6B,23112.0,MutNovel,"G1405R,0.397"
X-3503,TOP2A,7153.0,MutNovel,"D1529N,0.356"
X-3503,TOX,9760.0,MutNovel,"D520N,0.345"
X-3503,TRAF6,7189.0,MutNovel,"T463A,0.333"
X-3503,TRAPPC12,51112.0,MutNovel,"R305Q,0.283"
X-3503,TRIOBP,11078.0,MutNovel,"P892S,0.611"
X-3503,TRNAU1AP,54952.0,MutNovel,"P284L,0.513"
X-3503,TRPM8,79054.0,MutNovel,"P99S,0.467"
X-3503,TRRAP,8295.0,MutNovel,"S1628L,0.528"
X-3503,TSEN2,80746.0,MutNovel,"S415F,0.750"
X-3503,TSHZ1,10194.0,MutNovel,"L704S,1.000"
X-3503,TSHZ3,57616.0,MutNovel,"S1067F,0.521"
X-3503,TSNAX,7257.0,MutNovel,"P81L,0.338"
X-3503,TSPYL1,7259.0,MutNovel,"V176VW,0.879"
X-3503,TTBK2,146057.0,MutNovel,"S959F,0.583"
X-3503,TTC28,23331.0,MutNovel,"S2258F,0.333"
X-3503,TTC28,23331.0,MutNovel,"S1170L,0.333"
X-3503,TTLL12,23170.0,MutNovel,"E196K,0.378"
X-3503,TUBGCP6,85378.0,MutKnownFunctional,"-82,0.244"
X-3503,TYK2,7297.0,MutNovel,"S1086F,0.442"
X-3503,TYK2,7297.0,MutNovel,"S133F,0.642"
X-3503,UBE2D2,7322.0,MutNovel,"P44L,0.361"
X-3503,UBE2O,63893.0,MutNovel,"G787E,0.755"
X-3503,UBE3B,89910.0,MutNovel,"S554L,0.508"
X-3503,UBE3B,89910.0,MutNovel,"S569F,0.585"
X-3503,UBR3,130507.0,MutNovel,"D1846N,0.495"
X-3503,UCN2,90226.0,MutNovel,"A107V,0.244"
X-3503,ULK2,9706.0,MutNovel,"S586F,0.435"
X-3503,ULK4,54986.0,MutNovel,"P241L,0.875"
X-3503,UNC93B1,81622.0,MutNovel,"P280L,0.889"
X-3503,URB1,9875.0,MutNovel,"P885L,0.756"
X-3503,URGCP,55665.0,MutNovel,"G738S,0.437"
X-3503,USP24,23358.0,MutNovel,"F2429S,0.434"
X-3503,USP24,23358.0,MutNovel,"L2168P,0.450"
X-3503,USP24,23358.0,MutNovel,"F1906S,0.213"
X-3503,USP24,23358.0,MutNovel,"P945S,0.483"
X-3503,USP31,57478.0,MutNovel,"H414Y,0.635"
X-3503,USP4,7375.0,MutKnownFunctional,"R487*,0.387"
X-3503,USP4,7375.0,MutNovel,"P66S,0.583"
X-3503,USP42,84132.0,MutNovel,"H874Y,0.500"
X-3503,USP43,124739.0,MutKnownFunctional,"R946*,0.545"
X-3503,USP47,55031.0,MutNovel,"F275L,0.730"
X-3503,USP9Y,8287.0,MutNovel,"L427F,1.000"
X-3503,USP9Y,8287.0,MutKnownFunctional,"-2128,0.970"
X-3503,UTP14A,10813.0,MutNovel,"P170L,1.000"
X-3503,UTP20,27340.0,MutNovel,"L697F,0.492"
X-3503,UTY,7404.0,MutNovel,"NY1026PD,0.500"
X-3503,UTY,7404.0,MutNovel,"W1025L,0.444"
X-3503,UTY,7404.0,MutNovel,"NS1023IL,0.444"
X-3503,UTY,7404.0,MutNovel,"PN1022GY,0.500"
X-3503,UTY,7404.0,MutNovel,"L1021P,0.500"
X-3503,UTY,7404.0,MutNovel,"L1019T,0.500"
X-3503,UTY,7404.0,MutNovel,"H1018S,0.600"
X-3503,UTY,7404.0,MutNovel,"FS1016QT,0.556"
X-3503,UTY,7404.0,MutNovel,"R1015F,0.556"
X-3503,UTY,7404.0,MutNovel,"F1013H,0.625"
X-3503,UTY,7404.0,MutNovel,"G1012W,0.500"
X-3503,UTY,7404.0,MutNovel,"P1010I,0.600"
X-3503,UTY,7404.0,MutNovel,"P1008Q,0.500"
X-3503,UTY,7404.0,MutKnownFunctional,"LQ1006*K,0.600"
X-3503,UTY,7404.0,MutNovel,"S1005L,0.600"
X-3503,UTY,7404.0,MutNovel,"S1004G,0.778"
X-3503,UTY,7404.0,MutKnownFunctional,"CD1001*N,0.727"
X-3503,UTY,7404.0,MutKnownFunctional,"C1001*,0.818"
X-3503,UTY,7404.0,MutKnownFunctional,"WC1000*E,0.818"
X-3503,UTY,7404.0,MutNovel,"W1000K,0.700"
X-3503,UTY,7404.0,MutNovel,"QW999HR,0.800"
X-3503,UTY,7404.0,MutNovel,"M998W,0.636"
X-3503,UTY,7404.0,MutNovel,"GM997HL,0.818"
X-3503,UTY,7404.0,MutNovel,"A996V,0.636"
X-3503,UTY,7404.0,MutNovel,"V1011A,0.233"
X-3503,UTY,7404.0,MutNovel,"PK1007HQ,0.257"
X-3503,UTY,7404.0,MutNovel,"A351E,0.427"
X-3503,UTY,7404.0,MutNovel,"Q343V,0.437"
X-3503,UTY,7404.0,MutNovel,"V342A,0.423"
X-3503,UTY,7404.0,MutNovel,"AV341ES,0.423"
X-3503,UTY,7404.0,MutNovel,"Q327K,0.296"
X-3503,UTY,7404.0,MutNovel,"Q326H,0.222"
X-3503,UTY,7404.0,MutNovel,"YQ325TK,0.318"
X-3503,UTY,7404.0,MutNovel,"G322D,0.545"
X-3503,UTY,7404.0,MutNovel,"I321R,0.543"
X-3503,UTY,7404.0,MutKnownFunctional,"C319*,0.270"
X-3503,UTY,7404.0,MutKnownFunctional,"C319*,0.270"
X-3503,UTY,7404.0,MutNovel,"S314R,0.656"
X-3503,UTY,7404.0,MutNovel,"E312I,0.657"
X-3503,UTY,7404.0,MutNovel,"E312I,0.657"
X-3503,UTY,7404.0,MutNovel,"KS310RK,0.606"
X-3503,UTY,7404.0,MutKnownFunctional,"K310*,0.667"
X-3503,UTY,7404.0,MutKnownFunctional,"DK309G*,0.667"
X-3503,UTY,7404.0,MutNovel,"QS306HT,0.429"
X-3503,UTY,7404.0,MutNovel,"E275P,0.375"
X-3503,UTY,7404.0,MutNovel,"LE274RQ,0.433"
X-3503,UTY,7404.0,MutNovel,"QK271HE,0.303"
X-3503,UTY,7404.0,MutNovel,"KE262NS,0.323"
X-3503,UTY,7404.0,MutNovel,"V242A,0.262"
X-3503,UTY,7404.0,MutNovel,"Q237K,0.212"
X-3503,UTY,7404.0,MutNovel,"A236V,0.213"
X-3503,UTY,7404.0,MutNovel,"A236L,0.213"
X-3503,UTY,7404.0,MutNovel,"Q230K,0.204"
X-3503,UTY,7404.0,MutNovel,"LQ229NK,0.204"
X-3503,UTY,7404.0,MutNovel,"Y225M,0.211"
X-3503,UTY,7404.0,MutNovel,"K222N,0.232"
X-3503,UTY,7404.0,MutNovel,"K222L,0.232"
X-3503,UTY,7404.0,MutNovel,"A163P,0.395"
X-3503,UTY,7404.0,MutNovel,"C161A,0.333"
X-3503,UTY,7404.0,MutNovel,"YV155WI,0.452"
X-3503,UTY,7404.0,MutNovel,"L154S,0.515"
X-3503,UTY,7404.0,MutNovel,"Q151H,0.562"
X-3503,UTY,7404.0,MutNovel,"F150I,0.536"
X-3503,UTY,7404.0,MutNovel,"A149S,0.538"
X-3503,UTY,7404.0,MutNovel,"W145R,0.515"
X-3503,UTY,7404.0,MutNovel,"Y116H,0.462"
X-3503,UTY,7404.0,MutNovel,"RE43IL,0.333"
X-3503,UTY,7404.0,MutNovel,"T39C,0.227"
X-3503,VASH1,22846.0,MutNovel,"P59S,0.796"
X-3503,VAT1L,57687.0,MutNovel,"E309K,0.559"
X-3503,VCX3A,51481.0,MutNovel,"V186M,1.000"
X-3503,VCX3B,425054.0,MutNovel,"K40E,1.000"
X-3503,VPS13A,23230.0,MutNovel,"P1609L,0.488"
X-3503,VPS13B,157680.0,MutNovel,"A3636T,0.400"
X-3503,VPS13C,54832.0,MutNovel,"R3595C,0.408"
X-3503,VPS13D,55187.0,MutNovel,"N2231S,1.000"
X-3503,VWA5A,4013.0,MutNovel,"S584F,1.000"
X-3503,WBSCR16,81554.0,MutNovel,"E37K,0.611"
X-3503,WDFY3,23001.0,MutKnownFunctional,"Y1646*,1.000"
X-3503,WDR20,91833.0,MutNovel,"L573F,0.705"
X-3503,WDR36,134430.0,MutNovel,"I870V,0.384"
X-3503,WDR47,22911.0,MutNovel,"PR551R,0.265"
X-3503,WDR6,11180.0,MutNovel,"S689L,0.613"
X-3503,WDR72,256764.0,MutKnownFunctional,"-857,0.667"
X-3503,WDR90,197335.0,MutNovel,"S804F,0.735"
X-3503,WDR90,197335.0,MutKnownFunctional,"WE1743*K,0.644"
X-3503,WWOX,51741.0,MutNovel,"E69K,0.575"
X-3503,XKR8,55113.0,MutNovel,"R11W,1.000"
X-3503,XPO5,57510.0,MutNovel,"P527L,0.538"
X-3503,YKT6,10652.0,MutNovel,"S174F,0.579"
X-3503,YY1AP1,55249.0,MutNovel,"P606S,0.404"
X-3503,YY2,404281.0,MutNovel,"P251F,1.000"
X-3503,ZAK,51776.0,MutNovel,"D388E,0.464"
X-3503,ZBTB12B,,MutNovel,"D200N,1.000"
X-3503,ZBTB41,360023.0,MutNovel,"P56L,0.203"
X-3503,ZBTB47,92999.0,MutNovel,"P404L,0.607"
X-3503,ZBTB7C,201501.0,MutNovel,"E146K,1.000"
X-3503,ZBTB8B,728116.0,MutNovel,"S449F,0.500"
X-3503,ZCCHC11,23318.0,MutNovel,"G1242E,0.539"
X-3503,ZCCHC7,84186.0,MutNovel,"E127K,1.000"
X-3503,ZCRB1,85437.0,MutNovel,"S20F,0.511"
X-3503,ZDHHC17,23390.0,MutNovel,"S408L,0.463"
X-3503,ZDHHC2,51201.0,MutNovel,"H86Y,0.368"
X-3503,ZDHHC6,64429.0,MutNovel,"R385K,0.338"
X-3503,ZFC3H1,196441.0,MutNovel,"S1298L,0.524"
X-3503,ZFHX3,463.0,MutNovel,"G3516D,0.400"
X-3503,ZFYVE26,23503.0,MutNovel,"A319V,0.234"
X-3503,ZFYVE28,57732.0,MutNovel,"S368F,0.900"
X-3503,ZHX3,23051.0,MutNovel,"G915E,0.673"
X-3503,ZMYM6,9204.0,MutNovel,"P731L,0.455"
X-3503,ZNF100,163227.0,MutNovel,"G313E,0.375"
X-3503,ZNF14,7561.0,MutKnownFunctional,"R63*,0.852"
X-3503,ZNF18,7566.0,MutNovel,"F445Y,0.243"
X-3503,ZNF18,7566.0,MutNovel,"P218S,0.292"
X-3503,ZNF184,7738.0,MutNovel,"S734F,0.662"
X-3503,ZNF19,7567.0,MutKnownFunctional,"Q105*,0.647"
X-3503,ZNF195,7748.0,MutNovel,"S398F,0.756"
X-3503,ZNF225,7768.0,MutNovel,"D272N,0.483"
X-3503,ZNF233,353355.0,MutNovel,"L98P,0.417"
X-3503,ZNF233,353355.0,MutNovel,"I124T,0.211"
X-3503,ZNF248,57209.0,MutNovel,"P136S,0.486"
X-3503,ZNF25,219749.0,MutNovel,"H168Y,0.685"
X-3503,ZNF263,10127.0,MutNovel,"N446Y,0.683"
X-3503,ZNF277,11179.0,MutNovel,"G25E,0.397"
X-3503,ZNF286A,57335.0,MutNovel,"P211S,0.593"
X-3503,ZNF30,90075.0,MutNovel,"P120L,0.290"
X-3503,ZNF341,84905.0,MutNovel,"H609Y,0.741"
X-3503,ZNF347,84671.0,MutNovel,"F243I,0.333"
X-3503,ZNF354B,117608.0,MutNovel,"H516Y,0.538"
X-3503,ZNF37A,7587.0,MutNovel,"P522F,0.293"
X-3503,ZNF384,171017.0,MutNovel,"QQ514Q,0.256"
X-3503,ZNF407,55628.0,MutNovel,"S1452P,0.429"
X-3503,ZNF438,220929.0,MutNovel,"P175L,0.667"
X-3503,ZNF469,84627.0,MutNovel,"P2903L,0.350"
X-3503,ZNF471,57573.0,MutNovel,"G455E,0.680"
X-3503,ZNF536,9745.0,MutNovel,"SP405S,0.354"
X-3503,ZNF536,9745.0,MutNovel,"P406L,0.373"
X-3503,ZNF554,115196.0,MutNovel,"L232F,0.800"
X-3503,ZNF555,148254.0,MutNovel,"P563L,0.636"
X-3503,ZNF564,163050.0,MutNovel,"S519F,0.519"
X-3503,ZNF565,147929.0,MutNovel,"R430C,0.429"
X-3503,ZNF568,374900.0,MutNovel,"N544K,0.571"
X-3503,ZNF572,137209.0,MutNovel,"S359F,0.667"
X-3503,ZNF594,84622.0,MutNovel,"C682Y,0.615"
X-3503,ZNF598,90850.0,MutNovel,"S550L,0.629"
X-3503,ZNF611,81856.0,MutNovel,"H588Y,0.526"
X-3503,ZNF611,81856.0,MutNovel,"G325V,0.364"
X-3503,ZNF619,285267.0,MutNovel,"N52K,0.667"
X-3503,ZNF624,57547.0,MutNovel,"P415L,0.278"
X-3503,ZNF638,27332.0,MutNovel,"S1272L,0.481"
X-3503,ZNF644,84146.0,MutNovel,"H954Y,0.321"
X-3503,ZNF696,79943.0,MutNovel,"P107L,0.769"
X-3503,ZNF701,55762.0,MutNovel,"P93L,0.667"
X-3503,ZNF711,7552.0,MutNovel,"G627D,0.990"
X-3503,ZNF717,100131827.0,MutNovel,"I97T,0.226"
X-3503,ZNF728,,MutNovel,"R197G,1.000"
X-3503,ZNF777,27153.0,MutNovel,"P147L,0.364"
X-3503,ZNF778,197320.0,MutNovel,"P280S,0.500"
X-3503,ZNF787,126208.0,MutNovel,"S135F,0.588"
X-3503,ZNF808,388558.0,MutKnownFunctional,"Q94*,0.694"
X-3503,ZNF841,284371.0,MutNovel,"L612F,0.485"
X-3503,ZNF841,284371.0,MutNovel,"S353F,0.644"
X-3503,ZNF845,91664.0,MutNovel,"H965Y,0.395"
X-3503,ZNF865,100507290.0,MutNovel,"G248E,0.417"
X-3503,ZNF879,345462.0,MutNovel,"P371L,0.462"
X-3503,ZNF883,169834.0,MutNovel,"H175Y,0.778"
X-3503,ZNFX1,57169.0,MutNovel,"P846L,0.711"
X-3503,ZNRF3,84133.0,MutNovel,"F904C,0.333"
X-3503,ZRANB1,54764.0,MutNovel,"S46L,0.294"
X-3503,ZSCAN16,80345.0,MutNovel,"N345K,0.529"
X-3503,ZSCAN5A,79149.0,MutNovel,"E55K,0.556"
X-3503,ZSWIM6,57688.0,MutNovel,"R517Q,0.674"
X-3503,ZZZ3,26009.0,MutNovel,"S355F,0.748"
X-3676,61E3.4,,MutNovel,"K338N,1.000"
X-3676,61E3.4,,MutNovel,"I75V,0.353"
X-3676,ABCB7,22.0,Del0.8,0.71
X-3676,ABCD1,215.0,Del0.8,0.72
X-3676,ABHD12,26090.0,Amp5,5.06
X-3676,ACACB,32.0,MutNovel,"P2288L,0.633"
X-3676,ACAT2,39.0,MutNovel,"A323G,0.364"
X-3676,ACE2,59272.0,Del0.8,0.68
X-3676,ACOT1,641371.0,Del0.8,0.65
X-3676,ACOT9,23597.0,Del0.8,0.7
X-3676,ACRC,93953.0,Del0.8,0.71
X-3676,ACSL4,2182.0,Del0.8,0.71
X-3676,ACSS1,84532.0,Amp5,5.06
X-3676,ACSS2,55902.0,Amp5,5.06
X-3676,ACTL10,170487.0,Amp5,5.06
X-3676,ACTR5,79913.0,Amp5,5.06
X-3676,ACTRT1,139741.0,Del0.8,0.7
X-3676,ADAM33,80332.0,Amp5,5.24
X-3676,ADAM3A,1587.0,Del0.8,0.19
X-3676,ADAM5P,255926.0,Del0.8,0.5
X-3676,ADAMTS1,9510.0,MutNovel,"G915E,0.280"
X-3676,ADCY1,107.0,MutNovel,"G890E,0.393"
X-3676,ADIG,149685.0,Amp5,5.06
X-3676,ADRA1D,146.0,Amp5,5.24
X-3676,AFF2,2334.0,Del0.8,0.72
X-3676,AGPAT1,10554.0,MutNovel,"E85K,0.387"
X-3676,AGTR2,186.0,Del0.8,0.71
X-3676,AHCY,191.0,Amp5,5.06
X-3676,AHNAK,79026.0,MutNovel,"I2667T,0.211"
X-3676,AIFM1,9131.0,Del0.8,0.7
X-3676,AKAP14,158798.0,Del0.8,0.71
X-3676,AKAP17A,8227.0,Del0.8,0.7
X-3676,AKAP4,8852.0,Del0.8,0.73
X-3676,AKAP8L,26993.0,MutNovel,"P204S,0.669"
X-3676,ALAS2,212.0,Del0.8,0.73
X-3676,ALDH18A1,5832.0,MutNovel,"P648S,0.561"
X-3676,ALG13,79868.0,Del0.8,0.71
X-3676,ALX3,257.0,MutNovel,"G308E,0.250"
X-3676,AMELX,265.0,Del0.8,0.68
X-3676,AMELY,266.0,Del0.8,0.2
X-3676,AMOT,154796.0,Del0.8,0.71
X-3676,AMZ2,51321.0,MutNovel,"N287K,0.404"
X-3676,ANKIB1,54467.0,MutNovel,"S1058G,0.247"
X-3676,ANKRD12,23253.0,MutNovel,"V1908A,0.422"
X-3676,ANKRD26,22852.0,MutNovel,"K613E,0.857"
X-3676,ANKRD37,353322.0,MutNovel,"K31T,0.655"
X-3676,ANKRD5,63926.0,Amp5,5.24
X-3676,ANKRD55,79722.0,Del0.8,0.57
X-3676,ANKZF1,55139.0,MutNovel,"G604R,0.690"
X-3676,AP1S2,8905.0,Del0.8,0.69
X-3676,APC,324.0,MutNovel,"L729V,0.905"
X-3676,APEX2,27301.0,Del0.8,0.73
X-3676,APLN,8862.0,Del0.8,0.7
X-3676,APOL6,80830.0,MutNovel,"A268V,0.228"
X-3676,APOO,79135.0,Del0.8,0.7
X-3676,APOOL,139322.0,Del0.8,0.71
X-3676,APPL2,55198.0,MutNovel,"H100Y,0.490"
X-3676,AR,367.0,Del0.8,0.72
X-3676,ARAF,369.0,Del0.8,0.73
X-3676,ARHGAP36,158763.0,Del0.8,0.7
X-3676,ARHGAP4,393.0,Del0.8,0.72
X-3676,ARHGAP40,343578.0,Amp5,5.06
X-3676,ARHGAP6,395.0,Del0.8,0.68
X-3676,ARHGEF11,9826.0,MutNovel,"P1293A,0.360"
X-3676,ARHGEF6,9459.0,Del0.8,0.7
X-3676,ARHGEF9,23229.0,Del0.8,0.72
X-3676,ARL13A,392509.0,Del0.8,0.71
X-3676,ARL15,54622.0,Del0.8,0.71
X-3676,ARMCX1,51309.0,Del0.8,0.71
X-3676,ARMCX2,9823.0,Del0.8,0.71
X-3676,ARMCX3,51566.0,Del0.8,0.71
X-3676,ARMCX4,100131755.0,Del0.8,0.71
X-3676,ARMCX5,64860.0,Del0.8,0.71
X-3676,ARMCX5-GPRASP2,100528062.0,Del0.8,0.71
X-3676,ARMCX6,54470.0,Del0.8,0.71
X-3676,ARR3,407.0,Del0.8,0.72
X-3676,ARRDC4,91947.0,MutNovel,"N268D,0.460"
X-3676,ARSD,414.0,Del0.8,0.7
X-3676,ARSE,415.0,Del0.8,0.7
X-3676,ARSF,416.0,Del0.8,0.7
X-3676,ARSH,347527.0,Del0.8,0.7
X-3676,ARX,170302.0,Del0.8,0.7
X-3676,ASB11,140456.0,Del0.8,0.68
X-3676,ASB12,142689.0,Del0.8,0.72
X-3676,ASB6,140459.0,MutNovel,"L272Q,0.311"
X-3676,ASB9,140462.0,Del0.8,0.68
X-3676,ASIP,434.0,Amp5,5.06
X-3676,ASMT,438.0,Del0.8,0.7
X-3676,ASMTL,8623.0,Del0.8,0.7
X-3676,ASMTL-AS1,80161.0,Del0.8,0.7
X-3676,ASXL1,171023.0,Amp5,5.06
X-3676,ATAD2B,54454.0,MutNovel,"E1236K,0.588"
X-3676,ATG16L1,55054.0,Del0.8,0.75
X-3676,ATG4A,115201.0,Del0.8,0.71
X-3676,ATP11B,23200.0,MutNovel,"Y293H,0.467"
X-3676,ATP11C,286410.0,Del0.8,0.7
X-3676,ATP1B4,23439.0,Del0.8,0.71
X-3676,ATP2A3,489.0,MutNovel,"T484I,0.452"
X-3676,ATP2B3,492.0,Del0.8,0.72
X-3676,ATP6AP1,537.0,Del0.8,0.72
X-3676,ATP6AP2,10159.0,Del0.8,0.69
X-3676,ATP7A,538.0,Del0.8,0.71
X-3676,ATRN,8455.0,Amp5,5.24
X-3676,ATRX,546.0,MutNovel,"P449L,0.627"
X-3676,ATRX,546.0,Del0.8,0.71
X-3676,ATXN3L,92552.0,Del0.8,0.68
X-3676,AVP,551.0,Amp5,5.24
X-3676,AVPR2,554.0,Del0.8,0.72
X-3676,AWAT1,158833.0,Del0.8,0.72
X-3676,AWAT2,158835.0,Del0.8,0.72
X-3676,B4GALT4,8702.0,MutNovel,"P331S,0.207"
X-3676,BAHD1,22893.0,MutNovel,"P97L,0.282"
X-3676,BANF2,140836.0,Amp5,5.06
X-3676,BCAP31,10134.0,Del0.8,0.72
X-3676,BCKDK,10295.0,MutNovel,"R201C,0.427"
X-3676,BCL2L1,598.0,Amp5,5.06
X-3676,BCOR,54880.0,Del0.8,0.69
X-3676,BCORL1,63035.0,Del0.8,0.7
X-3676,BCORP1,286554.0,Del0.8,0.18
X-3676,BEND2,139105.0,Del0.8,0.69
X-3676,BEX1,55859.0,Del0.8,0.71
X-3676,BEX2,84707.0,Del0.8,0.71
X-3676,BEX4,56271.0,Del0.8,0.71
X-3676,BEX5,340542.0,Del0.8,0.71
X-3676,BFSP1,631.0,Amp5,5.06
X-3676,BGN,633.0,Del0.8,0.72
X-3676,BHLHB9,80823.0,Del0.8,0.71
X-3676,BIK,638.0,MutNovel,"E134K,0.532"
X-3676,BLCAP,10904.0,Amp5,5.06
X-3676,BMP15,9210.0,Del0.8,0.73
X-3676,BMP2,650.0,Amp5,5.24
X-3676,BMX,660.0,Del0.8,0.68
X-3676,BPI,671.0,Amp5,5.06
X-3676,BPIFA1,51297.0,Amp5,5.06
X-3676,BPIFA2,140683.0,Amp5,5.06
X-3676,BPIFA3,128861.0,Amp5,5.06
X-3676,BPIFA4P,317716.0,Amp5,5.06
X-3676,BPIFB1,92747.0,Amp5,5.06
X-3676,BPIFB2,80341.0,Amp5,5.06
X-3676,BPIFB3,359710.0,Amp5,5.06
X-3676,BPIFB4,149954.0,Amp5,5.06
X-3676,BPIFB6,128859.0,Amp5,5.06
X-3676,BPY2B,442867.0,Del0.8,0.07
X-3676,BPY2B,442867.0,Del0.8,0.11
X-3676,BRAF,673.0,MutKnownFunctional,"V600E,0.510"
X-3676,BRAF,673.0,MutNovel,"E275K,0.571"
X-3676,BRCC3,79184.0,Del0.8,0.72
X-3676,BRS3,680.0,Del0.8,0.7
X-3676,BRWD3,254065.0,Del0.8,0.71
X-3676,BTBD3,22903.0,Amp5,5.24
X-3676,BTK,695.0,Del0.8,0.71
X-3676,C12orf4,57102.0,MutNovel,"R446H,0.564"
X-3676,C14orf126,112487.0,MutNovel,"D28N,0.267"
X-3676,C17orf59,54785.0,MutNovel,"S108F,0.875"
X-3676,C1GALT1C1,29071.0,Del0.8,0.71
X-3676,C1orf101,257044.0,MutNovel,"P400L,0.333"
X-3676,C20orf112,140688.0,Amp5,5.06
X-3676,C20orf118,140711.0,Amp5,5.06
X-3676,C20orf132,140699.0,Amp5,5.06
X-3676,C20orf141,128653.0,Amp5,5.24
X-3676,C20orf144,128864.0,Amp5,5.06
X-3676,C20orf152,140894.0,Amp5,5.06
X-3676,C20orf160,140706.0,Amp5,5.06
X-3676,C20orf173,140873.0,Amp5,5.06
X-3676,C20orf194,25943.0,Amp5,5.24
X-3676,C20orf196,149840.0,Amp5,5.24
X-3676,C20orf203,284805.0,Amp5,5.06
X-3676,C20orf24,55969.0,Amp5,5.06
X-3676,C20orf26,26074.0,Amp5,5.06
X-3676,C20orf27,54976.0,Amp5,5.24
X-3676,C20orf3,57136.0,Amp5,5.06
X-3676,C20orf4,25980.0,Amp5,5.06
X-3676,C20orf72,92667.0,Amp5,5.06
X-3676,C20orf79,140856.0,Amp5,5.06
X-3676,C20orf94,128710.0,Amp5,5.24
X-3676,C2orf82,389084.0,Del0.8,0.75
X-3676,C3AR1,719.0,MutNovel,"I450F,0.375"
X-3676,C6orf223,221416.0,MutNovel,"AA124-,0.826"
X-3676,CA5B,11238.0,Del0.8,0.69
X-3676,CACNA1F,778.0,Del0.8,0.73
X-3676,CAPN6,827.0,Del0.8,0.71
X-3676,CAPRIN2,65981.0,MutNovel,"S566F,0.347"
X-3676,CASC5,57082.0,MutNovel,"L1683F,0.384"
X-3676,CASK,8573.0,Del0.8,0.69
X-3676,CASP10,843.0,Del0.8,0.17
X-3676,CASP8,841.0,Del0.8,0.35
X-3676,CBFA2T2,9139.0,Amp5,5.06
X-3676,CCDC120,90060.0,Del0.8,0.73
X-3676,CCDC151,115948.0,MutNovel,"E134K,1.000"
X-3676,CCDC160,347475.0,MutNovel,"S279N,1.000"
X-3676,CCDC160,347475.0,Del0.8,0.7
X-3676,CCDC22,28952.0,Del0.8,0.73
X-3676,CCDC90A,63933.0,MutNovel,"S108G,0.496"
X-3676,CCNB3,85417.0,Del0.8,0.73
X-3676,CCNC,892.0,MutNovel,"L32F,0.597"
X-3676,CCNO,10309.0,Del0.8,0.71
X-3676,CCPG1,9236.0,MutNovel,"D706H,0.343"
X-3676,CD180,4064.0,Del0.8,0.66
X-3676,CD40LG,959.0,Del0.8,0.7
X-3676,CD93,22918.0,Amp5,5.06
X-3676,CD99,4267.0,Del0.8,0.7
X-3676,CD99L2,83692.0,Del0.8,0.72
X-3676,CD99P1,401577.0,Del0.8,0.7
X-3676,CDC20B,166979.0,Del0.8,0.71
X-3676,CDC25B,994.0,Amp5,5.24
X-3676,CDC42EP4,23580.0,MutNovel,"G238S,0.494"
X-3676,CDK16,5127.0,Del0.8,0.73
X-3676,CDK5,1020.0,MutNovel,"P204S,0.545"
X-3676,CDK5RAP1,51654.0,Amp5,5.06
X-3676,CDKL5,6792.0,Del0.8,0.69
X-3676,CDKN2A,1029.0,Del0.8,0.18
X-3676,CDKN2B,1030.0,Del0.8,0.26
X-3676,CDR1,1038.0,Del0.8,0.7
X-3676,CDS2,8760.0,Amp5,5.24
X-3676,CDX4,1046.0,Del0.8,0.71
X-3676,CDY1B,253175.0,Del0.8,0.11
X-3676,CDY1B,253175.0,Del0.8,0.18
X-3676,CDY2A,9426.0,Del0.8,0.2
X-3676,CDY2A,9426.0,Del0.8,0.2
X-3676,CDY2B,203611.0,Del0.8,0.2
X-3676,CDY2B,203611.0,Del0.8,0.2
X-3676,CENPB,1059.0,Amp5,5.24
X-3676,CENPI,2491.0,Del0.8,0.71
X-3676,CEP170,9859.0,MutNovel,"R1366Q,0.241"
X-3676,CEP250,11190.0,Amp5,5.06
X-3676,CETN2,1069.0,Del0.8,0.72
X-3676,CFLAR,8837.0,Del0.8,0.38
X-3676,CFLAR-AS1,65072.0,Del0.8,0.64
X-3676,CFP,5199.0,Del0.8,0.73
X-3676,CHGB,1114.0,Amp5,5.24
X-3676,CHIC1,53344.0,Del0.8,0.71
X-3676,CHM,1121.0,Del0.8,0.71
X-3676,CHMP4B,128866.0,Amp5,5.06
X-3676,CHPT1,56994.0,MutNovel,"S239F,0.234"
X-3676,CHRDL1,91851.0,Del0.8,0.71
X-3676,CHRND,1144.0,Del0.8,0.75
X-3676,CHRNG,1146.0,Del0.8,0.75
X-3676,CHST3,9469.0,MutNovel,"D13N,0.778"
X-3676,CHST7,56548.0,Del0.8,0.73
X-3676,CITED1,4435.0,Del0.8,0.71
X-3676,CLCN2,1181.0,MutNovel,"R645PG,0.500"
X-3676,CLCN4,1183.0,Del0.8,0.68
X-3676,CLCN5,1184.0,Del0.8,0.73
X-3676,CLCN6,1185.0,MutNovel,"F100L,0.268"
X-3676,CLDN14,23562.0,MutNovel,"L77F,0.667"
X-3676,CLDN2,9075.0,Del0.8,0.71
X-3676,CLIC2,1193.0,Del0.8,0.72
X-3676,CLN6,54982.0,MutNovel,"A12T,0.314"
X-3676,CNGA2,1260.0,Del0.8,0.72
X-3676,CNKSR2,22866.0,Del0.8,0.7
X-3676,CNOT10,25904.0,MutNovel,"R144K,0.448"
X-3676,COL14A1,7373.0,MutNovel,"G782E,0.500"
X-3676,COL4A5,1287.0,Del0.8,0.71
X-3676,COL4A6,1288.0,Del0.8,0.71
X-3676,COMMD7,149951.0,Amp5,5.06
X-3676,COQ2,27235.0,MutNovel,"P352L,0.603"
X-3676,CORO1C,23603.0,MutNovel,"S187N,0.295"
X-3676,COX4I2,84701.0,Amp5,5.06
X-3676,COX7B,1349.0,Del0.8,0.71
X-3676,CPNE1,8904.0,Amp5,5.06
X-3676,CPVL,54504.0,MutNovel,"F187L,0.414"
X-3676,CPXCR1,53336.0,Del0.8,0.71
X-3676,CPXM1,56265.0,Amp5,5.24
X-3676,CRB1,23418.0,MutNovel,"V554M,0.769"
X-3676,CRLF2,64109.0,Del0.8,0.7
X-3676,CRLS1,54675.0,Amp5,5.24
X-3676,CRNKL1,51340.0,Amp5,5.06
X-3676,CRTC2,200186.0,MutNovel,"P111L,0.271"
X-3676,CSAG1,158511.0,Del0.8,0.72
X-3676,CSAG2,728461.0,Del0.8,0.72
X-3676,CSAG2,728461.0,Del0.8,0.72
X-3676,CSAG3,389903.0,MutNovel,"L78F,0.750"
X-3676,CSAG3,389903.0,Del0.8,0.72
X-3676,CSAG3,389903.0,Del0.8,0.72
X-3676,CSDA,8531.0,MutNovel,"S34R,0.211"
X-3676,CSF2RA,1438.0,Del0.8,0.7
X-3676,CSGALNACT2,55454.0,MutNovel,"G49K,0.696"
X-3676,CSPG4P1Y,114758.0,Del0.8,0.27
X-3676,CSPG4P1Y,114758.0,Del0.8,0.18
X-3676,CSRP2BP,57325.0,Amp5,5.06
X-3676,CST1,1469.0,Amp5,5.06
X-3676,CST11,140880.0,Amp5,5.06
X-3676,CST2,1470.0,Amp5,5.06
X-3676,CST3,1471.0,Amp5,5.06
X-3676,CST4,1472.0,Amp5,5.06
X-3676,CST5,1473.0,Amp5,5.06
X-3676,CST7,8530.0,Amp5,5.06
X-3676,CST8,10047.0,Amp5,5.06
X-3676,CST9,128822.0,Amp5,5.06
X-3676,CST9L,128821.0,Amp5,5.06
X-3676,CSTF2,1478.0,Del0.8,0.71
X-3676,CSTL1,128817.0,Amp5,5.06
X-3676,CSTT,164380.0,Amp5,5.06
X-3676,CT45A1,541466.0,Del0.8,0.7
X-3676,CT45A2,728911.0,MutNovel,"R83G,1.000"
X-3676,CT45A2,728911.0,Del0.8,0.7
X-3676,CT45A3,441519.0,Del0.8,0.7
X-3676,CT45A4,441520.0,Del0.8,0.7
X-3676,CT45A4,441520.0,Del0.8,0.7
X-3676,CT45A5,441521.0,Del0.8,0.7
X-3676,CT45A6,541465.0,Del0.8,0.7
X-3676,CT47A1,728096.0,Del0.8,0.71
X-3676,CT47A10,728036.0,Del0.8,0.71
X-3676,CT47A6,728062.0,Del0.8,0.71
X-3676,CT47A7,653282.0,Del0.8,0.71
X-3676,CT47B1,643311.0,Del0.8,0.71
X-3676,CTAG1B,1485.0,Del0.8,0.72
X-3676,CTAG1B,1485.0,Del0.8,0.72
X-3676,CTAG2,30848.0,Del0.8,0.72
X-3676,CTNNBL1,56259.0,Amp5,5.06
X-3676,CTPS2,56474.0,Del0.8,0.69
X-3676,CTSA,5476.0,MutNovel,"L29-,1.000"
X-3676,CUL2,8453.0,MutNovel,"S658L,0.765"
X-3676,CUL4B,8450.0,Del0.8,0.71
X-3676,CXCR3,2833.0,Del0.8,0.71
X-3676,CXXC1P1,392459.0,Del0.8,0.73
X-3676,CXorf1,9142.0,Del0.8,0.7
X-3676,CXorf21,80231.0,Del0.8,0.69
X-3676,CXorf22,170063.0,Del0.8,0.69
X-3676,CXorf23,256643.0,Del0.8,0.7
X-3676,CXorf26,51260.0,Del0.8,0.71
X-3676,CXorf27,25763.0,Del0.8,0.69
X-3676,CXorf28,100129464.0,Del0.8,0.7
X-3676,CXorf30,645090.0,Del0.8,0.69
X-3676,CXorf36,79742.0,Del0.8,0.73
X-3676,CXorf38,159013.0,Del0.8,0.69
X-3676,CXorf40A,91966.0,Del0.8,0.72
X-3676,CXorf40B,541578.0,Del0.8,0.72
X-3676,CXorf48,54967.0,Del0.8,0.7
X-3676,CXorf49B,100132994.0,Del0.8,0.71
X-3676,CXorf49B,100132994.0,Del0.8,0.71
X-3676,CXorf51A,100129239.0,Del0.8,0.7
X-3676,CXorf51A,100129239.0,Del0.8,0.7
X-3676,CXorf56,63932.0,Del0.8,0.71
X-3676,CXorf57,55086.0,Del0.8,0.71
X-3676,CXorf58,254158.0,Del0.8,0.7
X-3676,CXorf59,286464.0,Del0.8,0.69
X-3676,CXorf61,203413.0,Del0.8,0.71
X-3676,CXorf64,100130613.0,Del0.8,0.7
X-3676,CXorf65,158830.0,Del0.8,0.72
X-3676,CXorf66,347487.0,Del0.8,0.7
X-3676,CXorf68,100132963.0,Del0.8,0.72
X-3676,CXorf69,644538.0,Del0.8,0.7
X-3676,CYBB,1536.0,Del0.8,0.69
X-3676,CYLC1,1538.0,Del0.8,0.71
X-3676,CYP1A1,1543.0,MutNovel,"S153F,0.968"
X-3676,CYP2R1,120227.0,MutNovel,"M284I,0.650"
X-3676,CYP7B1,9420.0,MutNovel,"G259R,0.248"
X-3676,CYSLTR1,10800.0,Del0.8,0.71
X-3676,DACH2,117154.0,Del0.8,0.71
X-3676,DAZ1,1617.0,Del0.8,0.18
X-3676,DAZ2,57055.0,Del0.8,0.12
X-3676,DAZ3,57054.0,Del0.8,0.11
X-3676,DAZ3,57054.0,Del0.8,0.07
X-3676,DAZ4,57135.0,Del0.8,0.13
X-3676,DAZ4,57135.0,Del0.8,0.09
X-3676,DBNL,28988.0,MutNovel,"A198V,0.524"
X-3676,DCAF12L1,139170.0,Del0.8,0.7
X-3676,DCAF12L2,340578.0,Del0.8,0.7
X-3676,DCAF8L1,139425.0,Del0.8,0.69
X-3676,DCAF8L2,347442.0,Del0.8,0.69
X-3676,DCBLD1,285761.0,MutNovel,"E90K,0.382"
X-3676,DCLK2,166614.0,MutNovel,"P309S,0.455"
X-3676,DCX,1641.0,Del0.8,0.71
X-3676,DDR1,780.0,MutNovel,"P81S,0.206"
X-3676,DDRGK1,65992.0,Amp5,5.24
X-3676,DDX17,10521.0,MutNovel,"G629R,0.743"
X-3676,DDX26B,203522.0,Del0.8,0.7
X-3676,DDX3X,1654.0,Del0.8,0.69
X-3676,DDX3Y,8653.0,Del0.8,0.2
X-3676,DDX4,54514.0,Del0.8,0.78
X-3676,DDX53,168400.0,Del0.8,0.7
X-3676,DEFB115,245929.0,Amp5,5.06
X-3676,DEFB116,245930.0,Amp5,5.06
X-3676,DEFB118,117285.0,Amp5,5.06
X-3676,DEFB119,245932.0,Amp5,5.06
X-3676,DEFB121,245934.0,Amp5,5.06
X-3676,DEFB122,245935.0,Amp5,5.06
X-3676,DEFB123,245936.0,Amp5,5.06
X-3676,DEFB124,245937.0,Amp5,5.06
X-3676,DENND1A,57706.0,MutNovel,"S473F,0.551"
X-3676,DENND5B,160518.0,MutNovel,"P584S,0.400"
X-3676,DGAT2L6,347516.0,Del0.8,0.72
X-3676,DGKD,8527.0,Del0.8,0.75
X-3676,DGKK,139189.0,Del0.8,0.73
X-3676,DHRSX,207063.0,Del0.8,0.7
X-3676,DHX29,54505.0,Del0.8,0.71
X-3676,DHX35,60625.0,Amp5,5.06
X-3676,DIAPH2,1730.0,Del0.8,0.71
X-3676,DKC1,1736.0,Del0.8,0.72
X-3676,DKFZp686D0853,401613.0,Del0.8,0.71
X-3676,DLG3,1741.0,Del0.8,0.72
X-3676,DLGAP4,22839.0,Amp5,5.06
X-3676,DMD,1756.0,Del0.8,0.69
X-3676,DMRT2,10655.0,MutNovel,"T106S,0.900"
X-3676,DMRTC1B,728656.0,Del0.8,0.71
X-3676,DMRTC1B,728656.0,Del0.8,0.71
X-3676,DNAH2,146754.0,MutNovel,"K1273N,0.667"
X-3676,DNAJB3,414061.0,Del0.8,0.75
X-3676,DNASE1L1,1774.0,Del0.8,0.72
X-3676,DNMT3B,1789.0,Amp5,5.06
X-3676,DOCK11,139818.0,Del0.8,0.71
X-3676,DOCK8,81704.0,MutNovel,"L1079M,0.571"
X-3676,DOPEY1,23033.0,MutNovel,"N681S,0.364"
X-3676,DROSHA,29102.0,MutNovel,"Q3P,0.419"
X-3676,DRP2,1821.0,Del0.8,0.71
X-3676,DSN1,79980.0,Amp5,5.06
X-3676,DSTN,11034.0,Amp5,5.06
X-3676,DTD1,92675.0,Amp5,5.06
X-3676,DUSP15,128853.0,Amp5,5.06
X-3676,DUSP21,63904.0,Del0.8,0.73
X-3676,DUSP9,1852.0,Del0.8,0.72
X-3676,DYNLRB1,83658.0,Amp5,5.06
X-3676,DYNLT3,6990.0,Del0.8,0.69
X-3676,DZANK1,55184.0,Amp5,5.06
X-3676,DZANK1-AS1,440757.0,Amp5,5.06
X-3676,E2F1,1869.0,Amp5,5.06
X-3676,EBF4,57593.0,Amp5,5.24
X-3676,EBP,10682.0,Del0.8,0.73
X-3676,EDA,1896.0,Del0.8,0.72
X-3676,EDA2R,60401.0,Del0.8,0.72
X-3676,EDEM2,55741.0,Amp5,5.06
X-3676,EDF1,8721.0,MutNovel,"R139H,0.576"
X-3676,EFHC2,80258.0,Del0.8,0.69
X-3676,EFHD1,80303.0,Del0.8,0.75
X-3676,EFNB1,1947.0,Del0.8,0.72
X-3676,EGFL6,25975.0,Del0.8,0.68
X-3676,EIF1AX,1964.0,Del0.8,0.7
X-3676,EIF1AY,9086.0,Del0.8,0.18
X-3676,EIF2S2,8894.0,Amp5,5.06
X-3676,EIF2S3,1968.0,Del0.8,0.7
X-3676,EIF4E2,9470.0,Del0.8,0.75
X-3676,EIF4E3,317649.0,MutNovel,"S136T,0.318"
X-3676,EIF4G1,1981.0,MutNovel,"EGEA472E,0.253"
X-3676,EIF6,3692.0,Amp5,5.06
X-3676,ELF4,2000.0,Del0.8,0.7
X-3676,ELK1,2002.0,Del0.8,0.73
X-3676,EMD,2010.0,Del0.8,0.72
X-3676,EMR2,30817.0,MutNovel,"A656T,0.895"
X-3676,ENOX2,10495.0,Del0.8,0.7
X-3676,ENPP2,5168.0,MutNovel,"S142L,0.447"
X-3676,ENTPD6,955.0,Amp5,5.06
X-3676,EPB41L1,2036.0,Amp5,5.06
X-3676,ERAS,3266.0,Del0.8,0.73
X-3676,ERCC1,2067.0,MutNovel,"Q172L,0.451"
X-3676,ERCC6L,54821.0,Del0.8,0.71
X-3676,ERGIC3,51614.0,Amp5,5.06
X-3676,ESF1,51575.0,Amp5,5.24
X-3676,ESM1,11082.0,Del0.8,0.71
X-3676,ESR2,2100.0,MutNovel,"L23V,1.000"
X-3676,ESX1,80712.0,Del0.8,0.71
X-3676,ETFA,2108.0,MutNovel,"P324S,0.325"
X-3676,EXOC6B,23233.0,MutNovel,"S198F,0.897"
X-3676,F11R,50848.0,MutNovel,"R148W,0.332"
X-3676,F8,2157.0,Del0.8,0.72
X-3676,F8A1,8263.0,Del0.8,0.72
X-3676,F8A1,8263.0,Del0.8,0.72
X-3676,F9,2158.0,Del0.8,0.7
X-3676,FAAH2,158584.0,Del0.8,0.73
X-3676,FAM104B,90736.0,Del0.8,0.73
X-3676,FAM106A,80039.0,Del0.8,0.74
X-3676,FAM120C,54954.0,Del0.8,0.73
X-3676,FAM122B,159090.0,Del0.8,0.7
X-3676,FAM122C,159091.0,Del0.8,0.7
X-3676,FAM123B,139285.0,Del0.8,0.72
X-3676,FAM127A,8933.0,Del0.8,0.7
X-3676,FAM127B,26071.0,Del0.8,0.7
X-3676,FAM127C,441518.0,Del0.8,0.7
X-3676,FAM133A,286499.0,Del0.8,0.71
X-3676,FAM155B,27112.0,Del0.8,0.72
X-3676,FAM156A,29057.0,Del0.8,0.73
X-3676,FAM156A,29057.0,Del0.8,0.73
X-3676,FAM156B,727866.0,Del0.8,0.73
X-3676,FAM156B,727866.0,Del0.8,0.73
X-3676,FAM182A,284800.0,Amp5,5.06
X-3676,FAM182B,728882.0,Amp5,5.06
X-3676,FAM197Y2P,252946.0,Del0.8,0.2
X-3676,FAM199X,139231.0,Del0.8,0.71
X-3676,FAM3A,60343.0,Del0.8,0.72
X-3676,FAM41AY1,340618.0,Del0.8,0.14
X-3676,FAM41AY1,340618.0,Del0.8,0.2
X-3676,FAM45B,55855.0,Del0.8,0.7
X-3676,FAM46D,169966.0,Del0.8,0.71
X-3676,FAM47A,158724.0,Del0.8,0.69
X-3676,FAM47B,170062.0,Del0.8,0.69
X-3676,FAM47C,442444.0,Del0.8,0.69
X-3676,FAM48B1,100130302.0,Del0.8,0.7
X-3676,FAM48B2,170067.0,Del0.8,0.7
X-3676,FAM50A,9130.0,Del0.8,0.72
X-3676,FAM58A,92002.0,Del0.8,0.72
X-3676,FAM59B,150946.0,MutNovel,"P613S,0.542"
X-3676,FAM70A,55026.0,MutNovel,"R332C,0.434"
X-3676,FAM70A,55026.0,Del0.8,0.71
X-3676,FAM83C,128876.0,Amp5,5.06
X-3676,FAM83D,81610.0,Amp5,5.06
X-3676,FAM83E,54854.0,MutNovel,"P331L,0.500"
X-3676,FAM9A,171482.0,Del0.8,0.68
X-3676,FAM9B,171483.0,Del0.8,0.68
X-3676,FAM9C,171484.0,Del0.8,0.68
X-3676,FANCB,2187.0,Del0.8,0.68
X-3676,FANCM,57697.0,MutKnownFunctional,"-1333?,0.333"
X-3676,FASTKD5,60493.0,Amp5,5.24
X-3676,FAT1,2195.0,MutNovel,"S4255F,0.658"
X-3676,FATE1,89885.0,Del0.8,0.72
X-3676,FBLN5,10516.0,MutNovel,"E237K,0.667"
X-3676,FBXO3,26273.0,MutNovel,"M163I,0.777"
X-3676,FBXO41,150726.0,MutNovel,"T353K,0.500"
X-3676,FBXO46,23403.0,MutNovel,"R272C,0.451"
X-3676,FER1L4,80307.0,Amp5,5.06
X-3676,FERMT1,55612.0,Amp5,5.24
X-3676,FFAR3,2865.0,Del0.8,0.34
X-3676,FGD1,2245.0,Del0.8,0.73
X-3676,FGF13,2258.0,Del0.8,0.7
X-3676,FGF16,8823.0,Del0.8,0.71
X-3676,FHAD1,114827.0,MutNovel,"E278K,0.453"
X-3676,FHDC1,85462.0,MutNovel,"R925W,0.214"
X-3676,FHL1,2273.0,Del0.8,0.7
X-3676,FIGF,2277.0,Del0.8,0.68
X-3676,FLJ33581,400839.0,Amp5,5.06
X-3676,FLJ44635,392490.0,Del0.8,0.71
X-3676,FLNA,2316.0,Del0.8,0.72
X-3676,FLRT3,23767.0,Amp5,5.24
X-3676,FMR1,2332.0,Del0.8,0.72
X-3676,FMR1-AS1,100126270.0,Del0.8,0.72
X-3676,FMR1NB,158521.0,Del0.8,0.72
X-3676,FOXA2,3170.0,Amp5,5.06
X-3676,FOXO4,4303.0,MutNovel,"R257H,0.667"
X-3676,FOXO4,4303.0,Del0.8,0.72
X-3676,FOXP3,50943.0,Del0.8,0.73
X-3676,FOXR2,139628.0,Del0.8,0.73
X-3676,FOXS1,2307.0,Amp5,5.06
X-3676,FRG1B,284802.0,Amp5,5.06
X-3676,FRMD7,90167.0,Del0.8,0.7
X-3676,FRMD8P1,83957.0,Del0.8,0.72
X-3676,FRMPD4,9758.0,Del0.8,0.68
X-3676,FSTL4,23105.0,MutNovel,"E397K,0.500"
X-3676,FTHL17,53940.0,Del0.8,0.69
X-3676,FTSJ1,24140.0,Del0.8,0.73
X-3676,FTX,100302692.0,Del0.8,0.71
X-3676,FUNDC1,139341.0,Del0.8,0.69
X-3676,FUNDC2,65991.0,Del0.8,0.72
X-3676,G6PD,2539.0,Del0.8,0.72
X-3676,GAB3,139716.0,Del0.8,0.72
X-3676,GABRA3,2556.0,Del0.8,0.72
X-3676,GABRE,2564.0,Del0.8,0.72
X-3676,GABRQ,55879.0,Del0.8,0.72
X-3676,GAGE1,2543.0,Del0.8,0.73
X-3676,GAGE10,643832.0,Del0.8,0.73
X-3676,GAGE12D,100132399.0,Del0.8,0.73
X-3676,GAGE12F,100008586.0,Del0.8,0.73
X-3676,GAGE12J,729396.0,Del0.8,0.73
X-3676,GAGE13,645051.0,Del0.8,0.73
X-3676,GAGE2A,729447.0,Del0.8,0.73
X-3676,GAGE2B,645037.0,Del0.8,0.73
X-3676,GAGE2C,2574.0,Del0.8,0.73
X-3676,GAGE2D,729408.0,Del0.8,0.73
X-3676,GAGE2E,26749.0,Del0.8,0.73
X-3676,GAL3ST4,79690.0,MutNovel,"P219S,0.577"
X-3676,GATA1,2623.0,Del0.8,0.73
X-3676,GATA3,2625.0,MutKnownFunctional,"-335?,0.521"
X-3676,GDF5,8200.0,Amp5,5.06
X-3676,GDI1,2664.0,Del0.8,0.72
X-3676,GDPD2,54857.0,Del0.8,0.72
X-3676,GEMIN8,54960.0,Del0.8,0.68
X-3676,GFRA4,64096.0,Amp5,5.24
X-3676,GGT7,2686.0,Amp5,5.06
X-3676,GGTLC1,92086.0,Amp5,5.06
X-3676,GHRH,2691.0,Amp5,5.06
X-3676,GIGYF2,26058.0,MutNovel,"PQ1231P,0.939"
X-3676,GIGYF2,26058.0,Del0.8,0.75
X-3676,GINS1,9837.0,Amp5,5.06
X-3676,GJB1,2705.0,Del0.8,0.72
X-3676,GK,2710.0,Del0.8,0.69
X-3676,GLA,2717.0,Del0.8,0.71
X-3676,GLOD5,392465.0,Del0.8,0.73
X-3676,GLRA2,2742.0,Del0.8,0.68
X-3676,GLRA4,441509.0,Del0.8,0.71
X-3676,GLUD2,2747.0,MutNovel,"G35R,0.857"
X-3676,GLUD2,2747.0,Del0.8,0.71
X-3676,GMIP,51291.0,MutNovel,"H295Q,0.722"
X-3676,GNL3L,54552.0,Del0.8,0.73
X-3676,GNRH2,2797.0,Amp5,5.24
X-3676,GOLGA2P2Y,84559.0,Del0.8,0.18
X-3676,GOLGA2P2Y,84559.0,Del0.8,0.27
X-3676,GOLGA3,2802.0,MutNovel,"P218L,0.759"
X-3676,GOLGA6L9,440295.0,MutNovel,"V377F,1.000"
X-3676,GPC3,2719.0,Del0.8,0.7
X-3676,GPC4,2239.0,Del0.8,0.7
X-3676,GPCPD1,56261.0,Amp5,5.24
X-3676,GPKOW,27238.0,Del0.8,0.73
X-3676,GPM6B,2824.0,Del0.8,0.68
X-3676,GPR101,83550.0,Del0.8,0.7
X-3676,GPR112,139378.0,Del0.8,0.7
X-3676,GPR119,139760.0,Del0.8,0.7
X-3676,GPR143,4935.0,Del0.8,0.68
X-3676,GPR161,23432.0,MutNovel,"R110H,0.419"
X-3676,GPR161,23432.0,MutKnownFunctional,"-18?,0.250"
X-3676,GPR173,54328.0,Del0.8,0.73
X-3676,GPR174,84636.0,Del0.8,0.71
X-3676,GPR34,2857.0,Del0.8,0.69
X-3676,GPR50,9248.0,Del0.8,0.72
X-3676,GPR64,10149.0,Del0.8,0.69
X-3676,GPR82,27197.0,Del0.8,0.69
X-3676,GPRASP1,9737.0,Del0.8,0.71
X-3676,GPRASP2,114928.0,Del0.8,0.71
X-3676,GPX8,493869.0,Del0.8,0.71
X-3676,GRIA3,2892.0,Del0.8,0.7
X-3676,GRIPAP1,56850.0,Del0.8,0.73
X-3676,GRPR,2925.0,Del0.8,0.69
X-3676,GSPT2,23708.0,Del0.8,0.73
X-3676,GSS,2937.0,Amp5,5.06
X-3676,GSTCD,79807.0,MutNovel,"E125Q,0.857"
X-3676,GSTT1,2952.0,Amp5,5.46
X-3676,GTPBP5,26164.0,MutNovel,"G186R,0.261"
X-3676,GUCY2F,2986.0,Del0.8,0.71
X-3676,GYG2,8908.0,Del0.8,0.7
X-3676,GYG2P1,352887.0,Del0.8,0.2
X-3676,GZF1,64412.0,MutNovel,"N66D,0.467"
X-3676,GZF1,64412.0,Amp5,5.06
X-3676,GZMA,3001.0,Del0.8,0.71
X-3676,GZMK,3003.0,Del0.8,0.71
X-3676,H2AFB1,474382.0,Del0.8,0.72
X-3676,H2AFB1,474382.0,Del0.8,0.72
X-3676,H2BFM,286436.0,Del0.8,0.71
X-3676,H2BFWT,158983.0,Del0.8,0.71
X-3676,H2BFXP,767811.0,Del0.8,0.71
X-3676,H2BFXP,767811.0,Del0.8,0.71
X-3676,HAO1,54363.0,Amp5,5.24
X-3676,HAS2,3037.0,MutNovel,"S355R,0.330"
X-3676,HAUS7,55559.0,Del0.8,0.72
X-3676,HCCS,3052.0,Del0.8,0.68
X-3676,HCFC1,3054.0,Del0.8,0.72
X-3676,HCK,3055.0,Amp5,5.06
X-3676,HDAC6,10013.0,Del0.8,0.73
X-3676,HDAC8,55869.0,MutNovel,"V57I,0.542"
X-3676,HDAC8,55869.0,Del0.8,0.71
X-3676,HDHD1,8226.0,Del0.8,0.7
X-3676,HDX,139324.0,Del0.8,0.71
X-3676,HEATR6,63897.0,MutNovel,"G904S,0.654"
X-3676,HEATR7A,727957.0,MutNovel,"P1140L,0.714"
X-3676,HEG1,57493.0,MutNovel,"T368I,0.333"
X-3676,HEPH,9843.0,Del0.8,0.72
X-3676,HERC5,51191.0,MutNovel,"S279L,0.633"
X-3676,HIP1R,9026.0,MutNovel,"E313-,0.468"
X-3676,HJURP,55355.0,Del0.8,0.75
X-3676,HM13,81502.0,Amp5,5.06
X-3676,HMCN1,83872.0,MutNovel,"P1481L,0.512"
X-3676,HMCN1,83872.0,MutNovel,"P2603S,0.466"
X-3676,HMGB3,3149.0,Del0.8,0.72
X-3676,HMGB3P1,128872.0,Amp5,5.06
X-3676,HMGN5,79366.0,Del0.8,0.71
X-3676,HMGXB3,22993.0,MutNovel,"P700S,0.803"
X-3676,HNRNPH2,3188.0,Del0.8,0.71
X-3676,HPRT1,3251.0,Del0.8,0.7
X-3676,HS6ST2,90161.0,Del0.8,0.7
X-3676,HSD17B10,3028.0,Del0.8,0.73
X-3676,HSFX2,100130086.0,Del0.8,0.72
X-3676,HSFX2,100130086.0,Del0.8,0.72
X-3676,HSFY2,159119.0,Del0.8,0.1
X-3676,HSFY2,159119.0,Del0.8,0.1
X-3676,HSP90AA4P,3323.0,Del0.8,0.73
X-3676,HSPA12B,116835.0,Amp5,5.24
X-3676,HSPB3,8988.0,Del0.8,0.71
X-3676,HSPC072,29075.0,Amp5,5.06
X-3676,HTATSF1,27336.0,Del0.8,0.7
X-3676,HTR2C,3358.0,Del0.8,0.71
X-3676,HUWE1,10075.0,Del0.8,0.73
X-3676,ID1,3397.0,Amp5,5.06
X-3676,IDH3B,3420.0,Amp5,5.24
X-3676,IDH3G,3421.0,Del0.8,0.72
X-3676,IDS,3423.0,Del0.8,0.72
X-3676,IGBP1,3476.0,Del0.8,0.72
X-3676,IGSF1,3547.0,Del0.8,0.7
X-3676,IKBKG,8517.0,Del0.8,0.72
X-3676,IL12RB2,3595.0,MutNovel,"P795L,0.319"
X-3676,IL13RA1,3597.0,Del0.8,0.71
X-3676,IL13RA2,3598.0,MutNovel,"E64K,1.000"
X-3676,IL13RA2,3598.0,Del0.8,0.71
X-3676,IL1RAPL1,11141.0,Del0.8,0.69
X-3676,IL1RAPL2,26280.0,Del0.8,0.71
X-3676,IL2RG,3561.0,Del0.8,0.72
X-3676,IL31RA,133396.0,Del0.8,0.69
X-3676,IL3RA,3563.0,Del0.8,0.7
X-3676,IL6ST,3572.0,Del0.8,0.69
X-3676,IL9R,3581.0,Del0.8,0.72
X-3676,INE1,8552.0,Del0.8,0.73
X-3676,INE2,8551.0,Del0.8,0.69
X-3676,INGX,27160.0,Del0.8,0.71
X-3676,INPP5D,3635.0,Del0.8,0.75
X-3676,INSM1,3642.0,Amp5,5.06
X-3676,IQSEC2,23096.0,Del0.8,0.73
X-3676,IRAK1,3654.0,Del0.8,0.72
X-3676,IRS1,3667.0,MutNovel,"R327C,0.211"
X-3676,IRS4,8471.0,Del0.8,0.71
X-3676,ISCU,23479.0,MutNovel,"M73I,0.532"
X-3676,ISM1,140862.0,Amp5,5.24
X-3676,ISOC1,51015.0,Del0.8,0.7
X-3676,ITCH,83737.0,Amp5,5.06
X-3676,ITGA1,3672.0,MutNovel,"L781F,0.333"
X-3676,ITGB1BP2,26548.0,Del0.8,0.72
X-3676,ITGB7,3695.0,MutNovel,"S555F,0.697"
X-3676,ITIH6,347365.0,Del0.8,0.73
X-3676,ITM2A,9452.0,Del0.8,0.71
X-3676,ITPA,3704.0,Amp5,5.24
X-3676,JAG1,182.0,Amp5,5.24
X-3676,JPH4,84502.0,MutNovel,"R407Q,1.000"
X-3676,JPX,554203.0,Del0.8,0.71
X-3676,KAL1,3730.0,Del0.8,0.68
X-3676,KANSL2,54934.0,MutKnownFunctional,"Q365*,0.255"
X-3676,KCND1,3750.0,Del0.8,0.73
X-3676,KCNE1L,23630.0,Del0.8,0.71
X-3676,KCNJ13,3769.0,Del0.8,0.75
X-3676,KCNQ5,56479.0,MutNovel,"E294K,0.683"
X-3676,KDM5C,8242.0,Del0.8,0.73
X-3676,KDM5D,8284.0,Del0.8,0.18
X-3676,KDM6A,7403.0,Del0.8,0.73
X-3676,KHDC1,80759.0,MutNovel,"R178C,0.300"
X-3676,KIAA0240,23506.0,MutNovel,"L402P,0.425"
X-3676,KIAA0947,23379.0,MutNovel,"Y370C,0.379"
X-3676,KIAA1210,57481.0,Del0.8,0.71
X-3676,KIAA1467,57613.0,MutNovel,"P53S,0.611"
X-3676,KIAA1755,85449.0,Amp5,5.06
X-3676,KIAA2022,340533.0,Del0.8,0.71
X-3676,KIF16B,55614.0,Amp5,5.06
X-3676,KIF3B,9371.0,Amp5,5.06
X-3676,KIF4A,24137.0,Del0.8,0.72
X-3676,KIFC2,90990.0,MutNovel,"S158Y,0.242"
X-3676,KLF12,11278.0,MutNovel,"V188M,0.250"
X-3676,KLF8,11279.0,Del0.8,0.73
X-3676,KLHL13,90293.0,Del0.8,0.71
X-3676,KLHL15,80311.0,Del0.8,0.7
X-3676,KLHL34,257240.0,Del0.8,0.7
X-3676,KLHL4,56062.0,Del0.8,0.71
X-3676,KRBA1,84626.0,MutNovel,"G994R,0.357"
X-3676,KRT14,3861.0,MutNovel,"S241N,0.500"
X-3676,L1CAM,3897.0,Del0.8,0.72
X-3676,L3MBTL3,84456.0,MutNovel,"P606L,0.333"
X-3676,LACC1,144811.0,MutNovel,"S202F,0.864"
X-3676,LAGE3,8270.0,Del0.8,0.72
X-3676,LAMP2,3920.0,Del0.8,0.71
X-3676,LAMP5,24141.0,Amp5,5.24
X-3676,LANCL3,347404.0,Del0.8,0.69
X-3676,LARP1B,55132.0,MutNovel,"G175D,0.593"
X-3676,LARP1B,55132.0,MutNovel,"G463R,0.550"
X-3676,LAS1L,81887.0,Del0.8,0.72
X-3676,LATS1,9113.0,MutNovel,"R660C,0.507"
X-3676,LBP,3929.0,Amp5,5.06
X-3676,LDOC1,23641.0,Del0.8,0.7
X-3676,LGALS9C,654346.0,Del0.8,0.74
X-3676,LHFP,10186.0,MutNovel,"G162E,0.824"
X-3676,LHFPL1,340596.0,Del0.8,0.71
X-3676,LIMK1,3984.0,MutNovel,"P280S,0.654"
X-3676,LIMK1,3984.0,MutNovel,"S337L,0.599"
X-3676,LIN37,55957.0,MutNovel,"D194N,0.549"
X-3676,LINC00028,140875.0,Amp5,5.06
X-3676,LINC00086,399668.0,Del0.8,0.7
X-3676,LINC00087,644596.0,Del0.8,0.7
X-3676,LINC00102,100359394.0,Del0.8,0.7
X-3676,LINC00261,140828.0,Amp5,5.06
X-3676,LINC00493,388789.0,Amp5,5.06
X-3676,LLGL2,3993.0,MutNovel,"R185W,0.233"
X-3676,LLPH,84298.0,MutKnownFunctional,"-75,0.780"
X-3676,LMBR1L,55716.0,MutNovel,"S199L,0.247"
X-3676,LOC100127983,100127983.0,MutNovel,"P29S,0.400"
X-3676,LOC100128420,100128420.0,Del0.8,0.7
X-3676,LOC100129407,100129407.0,Del0.8,0.71
X-3676,LOC100129407,100129407.0,Del0.8,0.71
X-3676,LOC100129515,100129515.0,Del0.8,0.7
X-3676,LOC100129520,100129520.0,Del0.8,0.7
X-3676,LOC100129662,100129662.0,Del0.8,0.7
X-3676,LOC100130264,100130264.0,Amp5,5.06
X-3676,LOC100131208,100131208.0,Amp5,5.24
X-3676,LOC100131434,100131434.0,Del0.8,0.72
X-3676,LOC100132247,100132247.0,MutNovel,"S357L,0.643"
X-3676,LOC100132741,100132741.0,Del0.8,0.71
X-3676,LOC100132831,100132831.0,Del0.8,0.69
X-3676,LOC100133123,100133123.0,Del0.8,0.68
X-3676,LOC100133957,100133957.0,Del0.8,0.73
X-3676,LOC100134868,100134868.0,Amp5,5.06
X-3676,LOC100270679,100270679.0,Amp5,5.06
X-3676,LOC100270804,100270804.0,Amp5,5.06
X-3676,LOC100272228,100272228.0,Del0.8,0.72
X-3676,LOC100286922,100286922.0,Del0.8,0.75
X-3676,LOC100287765,100287765.0,Del0.8,0.71
X-3676,LOC100287792,100287792.0,Amp5,5.06
X-3676,LOC100288814,100288814.0,Del0.8,0.68
X-3676,LOC100289473,100289473.0,Amp5,5.24
X-3676,LOC100505536,100505536.0,Amp5,5.24
X-3676,LOC100506757,100506757.0,Del0.8,0.7
X-3676,LOC100507172,,MutNovel,"E3K,0.800"
X-3676,LOC100507404,100507404.0,Del0.8,0.72
X-3676,LOC100507404,100507404.0,Del0.8,0.72
X-3676,LOC100507629,100507629.0,Amp5,5.24
X-3676,LOC100996488,,MutNovel,"P98S,1.000"
X-3676,LOC149837,149837.0,Amp5,5.24
X-3676,LOC149950,149950.0,Amp5,5.06
X-3676,LOC158572,158572.0,Del0.8,0.73
X-3676,LOC158696,158696.0,Del0.8,0.7
X-3676,LOC200261,200261.0,Amp5,5.06
X-3676,LOC284788,284788.0,Amp5,5.06
X-3676,LOC284798,284798.0,Amp5,5.06
X-3676,LOC284801,284801.0,Amp5,5.06
X-3676,LOC286437,286437.0,Del0.8,0.71
X-3676,LOC286442,286442.0,Del0.8,0.69
X-3676,LOC286467,286467.0,Del0.8,0.7
X-3676,LOC339568,339568.0,Amp5,5.06
X-3676,LOC339593,339593.0,Amp5,5.24
X-3676,LOC340544,340544.0,Del0.8,0.71
X-3676,LOC347411,347411.0,Del0.8,0.69
X-3676,LOC388796,388796.0,Amp5,5.06
X-3676,LOC389906,389906.0,Del0.8,0.7
X-3676,LOC391322,391322.0,Amp5,5.46
X-3676,LOC401588,401588.0,Del0.8,0.73
X-3676,LOC442459,442459.0,Del0.8,0.71
X-3676,LOC550643,550643.0,Del0.8,0.73
X-3676,LOC643406,643406.0,Amp5,5.24
X-3676,LOC643486,643486.0,Del0.8,0.71
X-3676,LOC647979,647979.0,Amp5,5.06
X-3676,LOC650623,650623.0,Del0.8,0.77
X-3676,LOC728047,,MutNovel,"G509V,0.667"
X-3676,LOC728228,728228.0,Amp5,5.24
X-3676,LOC728392,728392.0,MutNovel,"S42L,1.000"
X-3676,LOC729609,729609.0,Del0.8,0.7
X-3676,LOC92249,92249.0,Del0.8,0.72
X-3676,LONRF3,79836.0,Del0.8,0.71
X-3676,LPAR4,2846.0,Del0.8,0.71
X-3676,LRCH2,57631.0,Del0.8,0.71
X-3676,LRP1,4035.0,MutNovel,"G3046E,0.353"
X-3676,LRRC32,2615.0,MutKnownFunctional,"Q89*,1.000"
X-3676,LRRC48,83450.0,MutNovel,"E512K,1.000"
X-3676,LRRN4,164312.0,Amp5,5.24
X-3676,LSR,51599.0,MutNovel,"G518GR,1.000"
X-3676,LUZP4,51213.0,Del0.8,0.71
X-3676,MAGEA1,4100.0,Del0.8,0.72
X-3676,MAGEA10,4109.0,Del0.8,0.72
X-3676,MAGEA10-MAGEA5,100533997.0,Del0.8,0.72
X-3676,MAGEA11,4110.0,MutNovel,"M185I,0.842"
X-3676,MAGEA11,4110.0,Del0.8,0.72
X-3676,MAGEA12,4111.0,Del0.8,0.72
X-3676,MAGEA2,4101.0,Del0.8,0.72
X-3676,MAGEA2,4101.0,Del0.8,0.72
X-3676,MAGEA3,4102.0,Del0.8,0.72
X-3676,MAGEA4,4103.0,Del0.8,0.72
X-3676,MAGEA5,4104.0,Del0.8,0.72
X-3676,MAGEA6,4105.0,Del0.8,0.72
X-3676,MAGEA8,4107.0,Del0.8,0.72
X-3676,MAGEA9B,728269.0,Del0.8,0.72
X-3676,MAGEA9B,728269.0,Del0.8,0.72
X-3676,MAGEB1,4112.0,Del0.8,0.69
X-3676,MAGEB10,139422.0,Del0.8,0.69
X-3676,MAGEB16,139604.0,Del0.8,0.69
X-3676,MAGEB18,286514.0,Del0.8,0.7
X-3676,MAGEB2,4113.0,Del0.8,0.69
X-3676,MAGEB3,4114.0,Del0.8,0.69
X-3676,MAGEB4,4115.0,Del0.8,0.69
X-3676,MAGEB6,158809.0,Del0.8,0.7
X-3676,MAGEC1,9947.0,MutNovel,"F276S,0.833"
X-3676,MAGEC1,9947.0,Del0.8,0.7
X-3676,MAGEC2,51438.0,Del0.8,0.7
X-3676,MAGEC3,139081.0,Del0.8,0.7
X-3676,MAGED1,9500.0,Del0.8,0.73
X-3676,MAGED2,10916.0,Del0.8,0.73
X-3676,MAGED4B,81557.0,Del0.8,0.73
X-3676,MAGED4B,81557.0,Del0.8,0.73
X-3676,MAGEE1,57692.0,Del0.8,0.71
X-3676,MAGEE2,139599.0,Del0.8,0.71
X-3676,MAGEH1,28986.0,Del0.8,0.73
X-3676,MAGI1,9223.0,MutNovel,"E811V,0.409"
X-3676,MAGIX,79917.0,Del0.8,0.73
X-3676,MAGT1,84061.0,Del0.8,0.71
X-3676,MAMLD1,10046.0,Del0.8,0.72
X-3676,MAN2A2,4122.0,MutNovel,"L1106F,0.360"
X-3676,MANBAL,63905.0,Amp5,5.06
X-3676,MAOA,4128.0,Del0.8,0.69
X-3676,MAOB,4129.0,Del0.8,0.69
X-3676,MAP1LC3A,84557.0,Amp5,5.06
X-3676,MAP3K1,4214.0,Del0.8,0.7
X-3676,MAP3K15,389840.0,Del0.8,0.7
X-3676,MAP4K1,11184.0,MutNovel,"E51K,0.444"
X-3676,MAP7D2,256714.0,Del0.8,0.7
X-3676,MAP7D3,79649.0,Del0.8,0.7
X-3676,MAPRE1,22919.0,Amp5,5.06
X-3676,MAPRE3,22924.0,MutNovel,"P265A,0.818"
X-3676,MAST2,23139.0,MutKnownFunctional,"-1798,0.381"
X-3676,MAT2B,27430.0,MutNovel,"G15E,0.637"
X-3676,MAVS,57506.0,Amp5,5.24
X-3676,MBNL3,55796.0,Del0.8,0.7
X-3676,MBTPS2,51360.0,Del0.8,0.7
X-3676,MCF2,4168.0,Del0.8,0.7
X-3676,MCM8,84515.0,Amp5,5.24
X-3676,MCM9,254394.0,MutNovel,"Q658H,0.375"
X-3676,MCTS1,28985.0,Del0.8,0.71
X-3676,MECP2,4204.0,Del0.8,0.72
X-3676,MED12,9968.0,Del0.8,0.72
X-3676,MED14,9282.0,Del0.8,0.69
X-3676,MED17,9440.0,MutNovel,"S420L,0.744"
X-3676,MEGF8,1954.0,MutNovel,"L887V,0.333"
X-3676,MET,4233.0,MutNovel,"K695R,0.317"
X-3676,METTL18,92342.0,MutNovel,"G208R,0.433"
X-3676,MGC16121,84848.0,Del0.8,0.7
X-3676,MICAL2,9645.0,MutNovel,"Y338D,0.716"
X-3676,MID1,4281.0,Del0.8,0.68
X-3676,MID1IP1,58526.0,Del0.8,0.69
X-3676,MID2,11043.0,Del0.8,0.71
X-3676,MIER3,166968.0,Del0.8,0.7
X-3676,MIR103A2,406896.0,Amp5,5.24
X-3676,MIR103B2,100302282.0,Amp5,5.24
X-3676,MIR105-1,406897.0,Del0.8,0.72
X-3676,MIR105-2,406898.0,Del0.8,0.72
X-3676,MIR106A,406899.0,Del0.8,0.7
X-3676,MIR1184-1,100302111.0,Del0.8,0.72
X-3676,MIR1184-1,100302111.0,Del0.8,0.72
X-3676,MIR1256,100302155.0,Del0.8,0.71
X-3676,MIR1264,100302251.0,Del0.8,0.71
X-3676,MIR1277,100302214.0,Del0.8,0.71
X-3676,MIR1292,100302138.0,Amp5,5.24
X-3676,MIR1298,100302153.0,Del0.8,0.71
X-3676,MIR1468,100302115.0,Del0.8,0.72
X-3676,MIR188,406964.0,Del0.8,0.73
X-3676,MIR18B,574033.0,Del0.8,0.7
X-3676,MIR1911,100302222.0,Del0.8,0.71
X-3676,MIR1912,100302144.0,Del0.8,0.71
X-3676,MIR1976,100302190.0,Del0.8,0.76
X-3676,MIR19B2,406981.0,Del0.8,0.7
X-3676,MIR20B,574032.0,Del0.8,0.7
X-3676,MIR2114,100313839.0,Del0.8,0.72
X-3676,MIR221,407006.0,Del0.8,0.73
X-3676,MIR222,407007.0,Del0.8,0.73
X-3676,MIR223,407008.0,Del0.8,0.72
X-3676,MIR23C,100500809.0,Del0.8,0.7
X-3676,MIR3192,100422875.0,Amp5,5.06
X-3676,MIR3193,100422904.0,Amp5,5.06
X-3676,MIR3202-1,100422987.0,Del0.8,0.72
X-3676,MIR3202-2,100422877.0,Del0.8,0.72
X-3676,MIR320D2,100302169.0,Del0.8,0.7
X-3676,MIR362,574030.0,Del0.8,0.73
X-3676,MIR363,574031.0,Del0.8,0.7
X-3676,MIR3690,100500894.0,Del0.8,0.7
X-3676,MIR374A,442919.0,Del0.8,0.71
X-3676,MIR374B,100126317.0,Del0.8,0.71
X-3676,MIR374C,100500807.0,Del0.8,0.71
X-3676,MIR384,494333.0,Del0.8,0.71
X-3676,MIR3978,100616491.0,Del0.8,0.71
X-3676,MIR421,693122.0,Del0.8,0.71
X-3676,MIR424,494336.0,Del0.8,0.7
X-3676,MIR4328,100422932.0,Del0.8,0.71
X-3676,MIR4329,100423009.0,Del0.8,0.71
X-3676,MIR4330,100422930.0,Del0.8,0.72
X-3676,MIR4460,100616325.0,Del0.8,0.7
X-3676,MIR448,554212.0,Del0.8,0.71
X-3676,MIR449A,554213.0,Del0.8,0.71
X-3676,MIR449B,693123.0,Del0.8,0.71
X-3676,MIR449C,100313923.0,Del0.8,0.71
X-3676,MIR450A1,554214.0,Del0.8,0.7
X-3676,MIR450A2,574505.0,Del0.8,0.7
X-3676,MIR450B,100126302.0,Del0.8,0.7
X-3676,MIR452,574412.0,Del0.8,0.72
X-3676,MIR4536-1,100616155.0,Del0.8,0.73
X-3676,MIR4633,100616175.0,Del0.8,0.7
X-3676,MIR4755,100616434.0,Amp5,5.06
X-3676,MIR4767,100616467.0,Del0.8,0.7
X-3676,MIR4768,100616249.0,Del0.8,0.69
X-3676,MIR4769,100616147.0,Del0.8,0.73
X-3676,MIR4770,100616373.0,Del0.8,0.7
X-3676,MIR499A,574501.0,Amp5,5.06
X-3676,MIR499B,100616134.0,Amp5,5.06
X-3676,MIR500A,574502.0,Del0.8,0.73
X-3676,MIR500B,100422911.0,Del0.8,0.73
X-3676,MIR501,574503.0,Del0.8,0.73
X-3676,MIR502,574504.0,Del0.8,0.73
X-3676,MIR503,574506.0,Del0.8,0.7
X-3676,MIR504,574507.0,Del0.8,0.7
X-3676,MIR505,574508.0,Del0.8,0.7
X-3676,MIR506,574511.0,Del0.8,0.72
X-3676,MIR507,574512.0,Del0.8,0.72
X-3676,MIR508,574513.0,Del0.8,0.72
X-3676,MIR509-1,574514.0,Del0.8,0.72
X-3676,MIR510,574515.0,Del0.8,0.72
X-3676,MIR514A1,574516.0,Del0.8,0.72
X-3676,MIR514A2,574517.0,Del0.8,0.72
X-3676,MIR514B,100422847.0,Del0.8,0.72
X-3676,MIR532,693124.0,Del0.8,0.73
X-3676,MIR542,664617.0,Del0.8,0.7
X-3676,MIR545,664614.0,Del0.8,0.71
X-3676,MIR581,693166.0,Del0.8,0.71
X-3676,MIR644A,693229.0,Amp5,5.06
X-3676,MIR651,723779.0,Del0.8,0.7
X-3676,MIR660,724030.0,Del0.8,0.73
X-3676,MIR663A,724033.0,Amp5,5.06
X-3676,MIR676,100500887.0,Del0.8,0.72
X-3676,MIR718,100313781.0,Del0.8,0.72
X-3676,MIR764,100313838.0,Del0.8,0.71
X-3676,MIR766,768218.0,Del0.8,0.71
X-3676,MIR767,768215.0,Del0.8,0.72
X-3676,MIR888,100126306.0,Del0.8,0.7
X-3676,MIR890,100126303.0,Del0.8,0.7
X-3676,MIR891A,100126341.0,Del0.8,0.7
X-3676,MIR891B,100126304.0,Del0.8,0.7
X-3676,MIR892A,100126342.0,Del0.8,0.7
X-3676,MIR892B,100126307.0,Del0.8,0.7
X-3676,MIR92A2,407049.0,Del0.8,0.7
X-3676,MIR934,100126324.0,Del0.8,0.7
X-3676,MIR98,407054.0,Del0.8,0.73
X-3676,MIRLET7F2,406889.0,Del0.8,0.73
X-3676,MKKS,8195.0,Amp5,5.24
X-3676,MKL1,57591.0,MutNovel,"P292S,0.621"
X-3676,MLLT10P1,140678.0,Amp5,5.06
X-3676,MLLT6,4302.0,MutNovel,"S603F,0.467"
X-3676,MMGT1,93380.0,Del0.8,0.7
X-3676,MMP24,10893.0,Amp5,5.06
X-3676,MORC4,79710.0,Del0.8,0.71
X-3676,MORF4L2,9643.0,Del0.8,0.71
X-3676,MOSPD1,56180.0,Del0.8,0.7
X-3676,MOSPD2,158747.0,Del0.8,0.68
X-3676,MPP1,4354.0,Del0.8,0.72
X-3676,MRPS26,64949.0,Amp5,5.24
X-3676,MSL3,10943.0,Del0.8,0.68
X-3676,MSL3P1,151507.0,Del0.8,0.75
X-3676,MSN,4478.0,Del0.8,0.72
X-3676,MST4,51765.0,Del0.8,0.7
X-3676,MTCP1,4515.0,Del0.8,0.72
X-3676,MTCP1NB,100272147.0,Del0.8,0.72
X-3676,MTFMT,123263.0,MutNovel,"P46L,0.383"
X-3676,MTM1,4534.0,Del0.8,0.72
X-3676,MTMR1,8776.0,Del0.8,0.72
X-3676,MTMR8,55613.0,Del0.8,0.72
X-3676,MTRNR2L10,100463488.0,Del0.8,0.73
X-3676,MUC5AC,,MutNovel,"L701V,1.000"
X-3676,MUM1L1,139221.0,Del0.8,0.71
X-3676,MXRA5,25878.0,Del0.8,0.7
X-3676,MYBL1,4603.0,MutKnownFunctional,"-420?,0.368"
X-3676,MYD88,4615.0,MutNovel,"A176S,0.377"
X-3676,MYH7B,57644.0,Amp5,5.06
X-3676,MYL9,10398.0,Amp5,5.06
X-3676,MYLK2,85366.0,Amp5,5.06
X-3676,MYO9A,4649.0,MutNovel,"L2367F,0.366"
X-3676,MYO9B,4650.0,MutNovel,"P2059L,0.800"
X-3676,NAA10,8260.0,Del0.8,0.72
X-3676,NAA20,51126.0,Amp5,5.06
X-3676,NANP,140838.0,Amp5,5.06
X-3676,NAP1L2,4674.0,Del0.8,0.71
X-3676,NAP1L3,4675.0,Del0.8,0.71
X-3676,NAP1L6,645996.0,Del0.8,0.71
X-3676,NAPB,63908.0,Amp5,5.06
X-3676,NBPF15,284565.0,MutNovel,"D334N,1.000"
X-3676,NCOA3,8202.0,MutNovel,"Q1255-,0.500"
X-3676,NCOA6,23054.0,Amp5,5.06
X-3676,NCOR1P1,149934.0,Amp5,5.06
X-3676,NCOR2,9612.0,MutNovel,"G1839GAAA,0.974"
X-3676,NCOR2,9612.0,MutNovel,"-511S,0.560"
X-3676,NCRNA00185,55410.0,Del0.8,0.18
X-3676,NDP,4693.0,Del0.8,0.69
X-3676,NDRG3,57446.0,Amp5,5.06
X-3676,NDUFA1,4694.0,Del0.8,0.71
X-3676,NDUFB11,54539.0,Del0.8,0.73
X-3676,NECAB3,63941.0,Amp5,5.06
X-3676,NEFH,4744.0,MutNovel,"G46C,0.909"
X-3676,NELL1,4745.0,MutNovel,"R305Q,0.209"
X-3676,NEU2,4759.0,Del0.8,0.75
X-3676,NEXN,91624.0,MutNovel,"G619R,0.630"
X-3676,NFASC,23114.0,MutNovel,"S330L,0.500"
X-3676,NFS1,9054.0,Amp5,5.06
X-3676,NGEF,25791.0,Del0.8,0.75
X-3676,NGFRAP1,27018.0,Del0.8,0.71
X-3676,NHS,4810.0,Del0.8,0.69
X-3676,NHSL2,340527.0,Del0.8,0.71
X-3676,NINL,22981.0,Amp5,5.06
X-3676,NKAP,79576.0,Del0.8,0.71
X-3676,NKAPP1,158801.0,Del0.8,0.71
X-3676,NKRF,55922.0,Del0.8,0.71
X-3676,NKX2-2,4821.0,Amp5,5.06
X-3676,NKX2-4,644524.0,Amp5,5.06
X-3676,NLGN3,54413.0,Del0.8,0.72
X-3676,NLGN4X,57502.0,Del0.8,0.7
X-3676,NLGN4Y,22829.0,Del0.8,0.2
X-3676,NLRP4,147945.0,MutNovel,"D963N,0.750"
X-3676,NNAT,4826.0,Amp5,5.06
X-3676,NONO,4841.0,Del0.8,0.72
X-3676,NOP2,4839.0,MutNovel,"P637L,0.447"
X-3676,NOP2,4839.0,MutNovel,"RR54R,0.223"
X-3676,NOP56,10528.0,Amp5,5.24
X-3676,NOX1,27035.0,Del0.8,0.71
X-3676,NPEPL1,79716.0,MutNovel,"T388I,0.253"
X-3676,NR0B1,190.0,Del0.8,0.69
X-3676,NR1H2,7376.0,MutNovel,"-173Q,0.965"
X-3676,NRIP2,83714.0,MutNovel,"V198I,0.429"
X-3676,NRK,203447.0,Del0.8,0.71
X-3676,NSDHL,50814.0,Del0.8,0.72
X-3676,NUDT10,170685.0,Del0.8,0.73
X-3676,NUDT11,55190.0,Del0.8,0.73
X-3676,NUP107,57122.0,MutNovel,"R364Q,0.539"
X-3676,NUP62CL,54830.0,Del0.8,0.71
X-3676,NXF2,56001.0,Del0.8,0.71
X-3676,NXF2,56001.0,Del0.8,0.71
X-3676,NXF2B,728343.0,Del0.8,0.71
X-3676,NXF2B,728343.0,Del0.8,0.71
X-3676,NXF3,56000.0,Del0.8,0.71
X-3676,NXF4,55999.0,Del0.8,0.71
X-3676,NXF5,55998.0,Del0.8,0.71
X-3676,NXT1,29107.0,Amp5,5.06
X-3676,NXT2,55916.0,Del0.8,0.71
X-3676,NYX,60506.0,Del0.8,0.69
X-3676,OCRL,4952.0,Del0.8,0.7
X-3676,ODZ1,10178.0,Del0.8,0.7
X-3676,OFCC1,,MutNovel,"R663K,0.625"
X-3676,OFD1,8481.0,Del0.8,0.68
X-3676,OGT,8473.0,Del0.8,0.71
X-3676,OPHN1,4983.0,Del0.8,0.72
X-3676,OPLAH,26873.0,MutNovel,"G116E,0.421"
X-3676,OPN1LW,5956.0,Del0.8,0.72
X-3676,OPN1MW,2652.0,Del0.8,0.72
X-3676,OR13H1,347468.0,Del0.8,0.7
X-3676,OR52N1,79473.0,Del0.8,0.42
X-3676,OR52N5,390075.0,Del0.8,0.14
X-3676,ORAI1,84876.0,MutNovel,"PP43-,1.000"
X-3676,OSGIN1,29948.0,MutNovel,"D151G,0.781"
X-3676,OTC,5009.0,Del0.8,0.69
X-3676,OTOR,56914.0,Amp5,5.06
X-3676,OTUD3,23252.0,MutNovel,"R271W,0.422"
X-3676,OTUD5,55593.0,Del0.8,0.73
X-3676,OTUD6A,139562.0,Del0.8,0.72
X-3676,OTUD7B,56957.0,MutNovel,"KK552K,0.377"
X-3676,OVOL2,58495.0,Amp5,5.06
X-3676,OXT,5020.0,Amp5,5.24
X-3676,P2RY10,27334.0,Del0.8,0.71
X-3676,P2RY4,5030.0,Del0.8,0.72
X-3676,P2RY8,286530.0,Del0.8,0.7
X-3676,PABPC1L2A,340529.0,Del0.8,0.71
X-3676,PABPC1L2B,645974.0,Del0.8,0.71
X-3676,PABPC5,140886.0,Del0.8,0.71
X-3676,PACSIN2,11252.0,MutNovel,"E118K,0.581"
X-3676,PAGE1,8712.0,Del0.8,0.73
X-3676,PAGE2,203569.0,Del0.8,0.73
X-3676,PAGE2B,389860.0,Del0.8,0.73
X-3676,PAGE3,139793.0,Del0.8,0.73
X-3676,PAGE4,9506.0,Del0.8,0.73
X-3676,PAGE5,90737.0,Del0.8,0.73
X-3676,PAK3,5063.0,Del0.8,0.71
X-3676,PAK7,57144.0,Amp5,5.24
X-3676,PANK2,80025.0,Amp5,5.24
X-3676,PARP12,64761.0,MutNovel,"P399S,0.500"
X-3676,PARP9,83666.0,MutNovel,"P247S,0.329"
X-3676,PASD1,139135.0,MutNovel,"S283F,1.000"
X-3676,PASD1,139135.0,Del0.8,0.72
X-3676,PAX1,5075.0,Amp5,5.06
X-3676,PCDH11X,27328.0,Del0.8,0.71
X-3676,PCDH11Y,83259.0,Del0.8,0.2
X-3676,PCDH19,57526.0,Del0.8,0.71
X-3676,PCK2,5106.0,MutNovel,"P456L,0.657"
X-3676,PCNA,5111.0,Amp5,5.24
X-3676,PCNA-AS1,100302739.0,Amp5,5.24
X-3676,PCNT,5116.0,MutNovel,"Q2303R,0.525"
X-3676,PCNXL2,80003.0,MutNovel,"G802E,0.400"
X-3676,PCNXL3,399909.0,MutNovel,"P1657S,0.645"
X-3676,PCSK1N,27344.0,Del0.8,0.73
X-3676,PCSK2,5126.0,MutNovel,"N221D,0.500"
X-3676,PCSK2,5126.0,Amp5,5.06
X-3676,PCYT1B,9468.0,Del0.8,0.7
X-3676,PDE3B,5140.0,MutNovel,"S789L,0.772"
X-3676,PDGFRA,5156.0,MutNovel,"A766T,1.000"
X-3676,PDGFRL,5157.0,MutNovel,"S133P,0.786"
X-3676,PDHA1,5160.0,Del0.8,0.7
X-3676,PDK3,5165.0,Del0.8,0.7
X-3676,PDRG1,81572.0,Amp5,5.06
X-3676,PDS5A,23244.0,MutKnownFunctional,"R1181*,0.432"
X-3676,PDYN,5173.0,Amp5,5.24
X-3676,PDZD11,51248.0,Del0.8,0.72
X-3676,PDZD4,57595.0,Del0.8,0.72
X-3676,PES1,23481.0,MutNovel,"E225K,0.558"
X-3676,PET117,100303755.0,Amp5,5.06
X-3676,PFKFB1,5207.0,Del0.8,0.73
X-3676,PFKFB3,5209.0,MutKnownFunctional,"Q262*,0.306"
X-3676,PGAM4,441531.0,Del0.8,0.71
X-3676,PGK1,5230.0,Del0.8,0.71
X-3676,PGRMC1,10857.0,Del0.8,0.71
X-3676,PHACTR2,9749.0,MutNovel,"S250F,0.650"
X-3676,PHEX,5251.0,Del0.8,0.7
X-3676,PHF16,9767.0,Del0.8,0.73
X-3676,PHF20,51230.0,Amp5,5.06
X-3676,PHF6,84295.0,Del0.8,0.7
X-3676,PHF8,23133.0,Del0.8,0.73
X-3676,PHKA1,5255.0,Del0.8,0.71
X-3676,PHKA2,5256.0,Del0.8,0.69
X-3676,PHLDA1,22822.0,MutNovel,"QQ194Q,1.000"
X-3676,PHLDB2,90102.0,MutNovel,"E586K,0.295"
X-3676,PHYH,5264.0,MutNovel,"S279F,0.813"
X-3676,PIEZO2,63895.0,MutNovel,"P2556S,0.778"
X-3676,PIEZO2,63895.0,MutNovel,"S376N,0.706"
X-3676,PIGA,5277.0,Del0.8,0.68
X-3676,PIGU,128869.0,Amp5,5.06
X-3676,PIK3R1,5295.0,Del0.8,0.59
X-3676,PIM2,11040.0,Del0.8,0.73
X-3676,PIN4,5303.0,Del0.8,0.71
X-3676,PIR,8544.0,Del0.8,0.68
X-3676,PIR-FIGF,100532742.0,Del0.8,0.68
X-3676,PJA1,64219.0,Del0.8,0.72
X-3676,PKIG,11142.0,Amp5,5.94
X-3676,PLAC1,10761.0,Del0.8,0.7
X-3676,PLAGL2,5326.0,Amp5,5.06
X-3676,PLCB1,23236.0,Amp5,5.24
X-3676,PLCB4,5332.0,Amp5,5.24
X-3676,PLCE1,51196.0,MutNovel,"Y1240C,0.800"
X-3676,PLD4,122618.0,MutNovel,"S398T,0.857"
X-3676,PLK1S1,55857.0,Amp5,5.06
X-3676,PLP1,5354.0,Del0.8,0.71
X-3676,PLP2,5355.0,Del0.8,0.73
X-3676,PLS3,5358.0,Del0.8,0.71
X-3676,PLXNA3,55558.0,Del0.8,0.72
X-3676,PLXNB3,5365.0,MutNovel,"L56Q,0.543"
X-3676,PLXNB3,5365.0,Del0.8,0.72
X-3676,PMS1,5378.0,MutNovel,"A659T,0.832"
X-3676,PNCK,139728.0,Del0.8,0.72
X-3676,PNMA3,29944.0,Del0.8,0.72
X-3676,PNMA5,114824.0,Del0.8,0.72
X-3676,PNMA6A,84968.0,Del0.8,0.72
X-3676,PNMA6A,84968.0,Del0.8,0.72
X-3676,PNMA6C,100287428.0,Del0.8,0.72
X-3676,PNMA6D,100287466.0,Del0.8,0.72
X-3676,PNMA6D,100287466.0,Del0.8,0.72
X-3676,PNPLA4,8228.0,Del0.8,0.7
X-3676,PODNL1,79883.0,MutNovel,"A461V,1.000"
X-3676,PODXL2,50512.0,MutNovel,"W383L,0.271"
X-3676,POF1B,79983.0,Del0.8,0.71
X-3676,POFUT1,23509.0,Amp5,5.06
X-3676,POGZ,23126.0,MutNovel,"S274F,0.369"
X-3676,POLA1,5422.0,Del0.8,0.7
X-3676,POLK,51426.0,MutNovel,"K218R,0.847"
X-3676,POLR3F,10621.0,Amp5,5.06
X-3676,POM121,9883.0,MutNovel,"S367N,0.257"
X-3676,PORCN,64840.0,Del0.8,0.73
X-3676,POU3F4,5456.0,Del0.8,0.71
X-3676,PPAP2A,8611.0,Del0.8,0.71
X-3676,PPEF1,5475.0,Del0.8,0.69
X-3676,PPP1R16B,26051.0,Amp5,5.06
X-3676,PPP1R2P9,80316.0,Del0.8,0.69
X-3676,PPP1R3F,89801.0,Del0.8,0.73
X-3676,PPP2R3C,55012.0,MutKnownFunctional,"-23?,1.000"
X-3676,PPP6R1,22870.0,MutNovel,"S648R,0.248"
X-3676,PPT2,9374.0,MutNovel,"P239S,0.432"
X-3676,PQBP1,10084.0,Del0.8,0.73
X-3676,PRAF2,11230.0,Del0.8,0.73
X-3676,PRDM9,56979.0,MutNovel,"E93K,1.000"
X-3676,PRDX4,10549.0,Del0.8,0.7
X-3676,PREP,5550.0,MutNovel,"G429E,0.241"
X-3676,PRICKLE3,4007.0,Del0.8,0.73
X-3676,PRKX,5613.0,Del0.8,0.7
X-3676,PRKY,5616.0,Del0.8,0.2
X-3676,PRND,23627.0,Amp5,5.24
X-3676,PRNP,5621.0,Amp5,5.24
X-3676,PRNT,149830.0,Amp5,5.24
X-3676,PROCR,10544.0,Amp5,5.06
X-3676,PROKR2,128674.0,Amp5,5.24
X-3676,PRPS1,5631.0,Del0.8,0.71
X-3676,PRPS2,5634.0,Del0.8,0.68
X-3676,PRR5,55615.0,MutNovel,"D148N,0.213"
X-3676,PRRG1,5638.0,Del0.8,0.69
X-3676,PRRG3,79057.0,Del0.8,0.72
X-3676,PRSS56,646960.0,Del0.8,0.75
X-3676,PRY,9081.0,Del0.8,0.18
X-3676,PRY,9081.0,Del0.8,0.18
X-3676,PRY2,442862.0,Del0.8,0.18
X-3676,PRY2,442862.0,Del0.8,0.18
X-3676,PSIMCT-1,100101490.0,Amp5,5.06
X-3676,PSMD10,5716.0,Del0.8,0.71
X-3676,PTCHD1,139411.0,Del0.8,0.7
X-3676,PTEN,5728.0,MutLikelyFunctional,"L320*,0.524"
X-3676,PTGFRN,5738.0,MutNovel,"P155R,0.279"
X-3676,PTGS2,5743.0,MutNovel,"V87I,1.000"
X-3676,PTPRA,5786.0,Amp5,5.24
X-3676,PXMP4,11264.0,Amp5,5.06
X-3676,PYCR1,5831.0,MutNovel,"S94F,0.658"
X-3676,PYGB,5834.0,Amp5,5.06
X-3676,QSOX1,5768.0,MutNovel,"P38S,0.383"
X-3676,RAB33A,9363.0,Del0.8,0.7
X-3676,RAB39B,116442.0,Del0.8,0.72
X-3676,RAB40A,142684.0,Del0.8,0.71
X-3676,RAB40AL,282808.0,Del0.8,0.71
X-3676,RAB41,347517.0,Del0.8,0.72
X-3676,RAB9A,9367.0,Del0.8,0.68
X-3676,RAB9B,51209.0,Del0.8,0.71
X-3676,RABEPK,10244.0,MutNovel,"A147D,0.278"
X-3676,RAD54L2,23132.0,MutNovel,"K100Q,0.867"
X-3676,RAI2,10742.0,Del0.8,0.69
X-3676,RALGAPA2,57186.0,Amp5,5.06
X-3676,RALGAPB,57148.0,Amp5,5.06
X-3676,RALY,22913.0,Amp5,5.06
X-3676,RAP2C,57826.0,Del0.8,0.7
X-3676,RASA2,5922.0,MutNovel,"P322S,0.667"
X-3676,RASSF2,9770.0,Amp5,5.24
X-3676,RB1,5925.0,MutKnownFunctional,"T823*,0.368"
X-3676,RB1CC1,9821.0,MutNovel,"Y513H,0.370"
X-3676,RB1CC1,9821.0,MutNovel,"R83C,0.364"
X-3676,RBBP7,5931.0,Del0.8,0.69
X-3676,RBBP9,10741.0,Amp5,5.06
X-3676,RBL1,5933.0,Amp5,5.06
X-3676,RBM10,8241.0,Del0.8,0.73
X-3676,RBM12,10137.0,MutNovel,"G15E,0.252"
X-3676,RBM12,10137.0,Amp5,5.06
X-3676,RBM3,5935.0,Del0.8,0.73
X-3676,RBM39,9584.0,Amp5,5.06
X-3676,RBM41,55285.0,Del0.8,0.71
X-3676,RBMX,27316.0,Del0.8,0.7
X-3676,RBMX2,51634.0,Del0.8,0.7
X-3676,RBMXL3,139804.0,Del0.8,0.71
X-3676,RBMY1A3P,286557.0,Del0.8,0.2
X-3676,RBMY1B,378948.0,Del0.8,0.18
X-3676,RBMY1B,378948.0,Del0.8,0.18
X-3676,RBMY1E,378950.0,Del0.8,0.18
X-3676,RBMY1E,378950.0,Del0.8,0.18
X-3676,RBMY1F,159163.0,Del0.8,0.18
X-3676,RBMY1F,159163.0,Del0.8,0.18
X-3676,RBMY1J,378951.0,Del0.8,0.18
X-3676,RBMY1J,378951.0,Del0.8,0.18
X-3676,RBMY2EP,159125.0,Del0.8,0.18
X-3676,RBMY2FP,159162.0,Del0.8,0.18
X-3676,RBMY3AP,64593.0,Del0.8,0.2
X-3676,RCOR2,283248.0,MutNovel,"E381K,0.556"
X-3676,REM1,28954.0,Amp5,5.06
X-3676,RENBP,5973.0,Del0.8,0.72
X-3676,REPS2,9185.0,Del0.8,0.69
X-3676,RFX2,5990.0,MutNovel,"G149E,0.762"
X-3676,RGAG1,57529.0,Del0.8,0.71
X-3676,RGAG4,340526.0,Del0.8,0.71
X-3676,RGMB,285704.0,MutNovel,"R21G,0.316"
X-3676,RGN,9104.0,Del0.8,0.73
X-3676,RGPD3,653489.0,MutNovel,"F1550I,1.000"
X-3676,RGS12,6002.0,MutNovel,"V1332M,0.846"
X-3676,RGS20,8601.0,MutNovel,"A133G,0.435"
X-3676,RHOXF1,158800.0,Del0.8,0.71
X-3676,RHOXF2B,727940.0,Del0.8,0.71
X-3676,RHOXF2B,727940.0,Del0.8,0.71
X-3676,RIBC1,158787.0,Del0.8,0.73
X-3676,RIN2,54453.0,Amp5,5.06
X-3676,RIN3,79890.0,MutNovel,"G967-,0.391"
X-3676,RIPPLY1,92129.0,Del0.8,0.71
X-3676,RLIM,51132.0,Del0.8,0.71
X-3676,RNF113A,7737.0,Del0.8,0.71
X-3676,RNF128,79589.0,Del0.8,0.71
X-3676,RNF138P1,379013.0,Del0.8,0.71
X-3676,RNF24,11237.0,Amp5,5.24
X-3676,ROMO1,140823.0,Amp5,5.06
X-3676,ROPN1L,83853.0,MutNovel,"D154N,0.875"
X-3676,ROR1,4919.0,MutKnownFunctional,"WT517*M,0.265"
X-3676,RP1-177G6.2,286411.0,Del0.8,0.7
X-3676,RP2,6102.0,MutNovel,"G2D,0.727"
X-3676,RP2,6102.0,Del0.8,0.73
X-3676,RPA4,29935.0,Del0.8,0.71
X-3676,RPGR,6103.0,Del0.8,0.69
X-3676,RPL10,6134.0,Del0.8,0.72
X-3676,RPL36A,6173.0,Del0.8,0.71
X-3676,RPL36A-HNRNPH2,100529097.0,Del0.8,0.71
X-3676,RPL39,6170.0,Del0.8,0.71
X-3676,RPN2,6185.0,Amp5,5.06
X-3676,RPRD1B,58490.0,Amp5,5.06
X-3676,RPS26P11,441502.0,Del0.8,0.71
X-3676,RPS4X,6191.0,Del0.8,0.71
X-3676,RPS4Y1,6192.0,Del0.8,0.2
X-3676,RPS4Y2,140032.0,Del0.8,0.18
X-3676,RPS6KA1,6195.0,Del0.8,0.76
X-3676,RPS6KA3,6197.0,Del0.8,0.7
X-3676,RPS6KA6,27330.0,Del0.8,0.71
X-3676,RRAGB,10325.0,Del0.8,0.73
X-3676,RRBP1,6238.0,Amp5,5.06
X-3676,RS1,6247.0,Del0.8,0.69
X-3676,RSC1A1,6248.0,MutNovel,"E589K,0.279"
X-3676,RTF1,23168.0,MutNovel,"E191K,0.339"
X-3676,RUSC2,9853.0,MutNovel,"P439L,0.725"
X-3676,S100G,795.0,Del0.8,0.69
X-3676,SAC3D1,29901.0,MutNovel,"A257T,0.598"
X-3676,SAG,6295.0,Del0.8,0.75
X-3676,SAGE1,55511.0,Del0.8,0.7
X-3676,SAMHD1,25939.0,Amp5,5.06
X-3676,SASH3,54440.0,Del0.8,0.7
X-3676,SAT1,6303.0,Del0.8,0.7
X-3676,SATL1,340562.0,Del0.8,0.71
X-3676,SCAND1,51282.0,Amp5,5.06
X-3676,SCARNA23,677773.0,Del0.8,0.7
X-3676,SCARNA5,677775.0,Del0.8,0.75
X-3676,SCARNA6,677772.0,Del0.8,0.75
X-3676,SCARNA9L,100158262.0,Del0.8,0.7
X-3676,SCML1,6322.0,Del0.8,0.69
X-3676,SCML2,10389.0,Del0.8,0.69
X-3676,SCUBE2,57758.0,MutNovel,"L25P,0.625"
X-3676,SCUBE2,57758.0,MutNovel,"LP22P,0.889"
X-3676,SCUBE2,57758.0,MutNovel,"L22P,0.375"
X-3676,SDPR,8436.0,MutNovel,"M255I,1.000"
X-3676,SEC16A,9919.0,MutNovel,"L1818R,0.623"
X-3676,SEC23B,10483.0,Amp5,5.06
X-3676,SEL1L2,80343.0,Amp5,5.24
X-3676,SEMA5A,9037.0,MutNovel,"S944F,0.404"
X-3676,SEMA6D,80031.0,MutNovel,"R514C,0.500"
X-3676,2014-09-06 00:00:00,23157.0,Del0.8,0.71
X-3676,SERINC2,347735.0,MutNovel,"-373Q,1.000"
X-3676,SERINC3,10955.0,Amp5,6.19
X-3676,SERPINA7,6906.0,Del0.8,0.71
X-3676,SETD7,80854.0,MutNovel,"F308L,0.756"
X-3676,SFPQ,6421.0,MutNovel,"P162F,0.471"
X-3676,SH2D1A,4068.0,Del0.8,0.7
X-3676,SH2D3A,10045.0,MutNovel,"M96I,0.588"
X-3676,SH3BGRL,6451.0,Del0.8,0.71
X-3676,SH3KBP1,30011.0,Del0.8,0.7
X-3676,SHROOM2,357.0,Del0.8,0.68
X-3676,SHROOM4,57477.0,Del0.8,0.73
X-3676,SIGLEC1,6614.0,Amp5,5.24
X-3676,SIRPA,140885.0,Amp5,5.24
X-3676,SIRPB1,10326.0,Amp8,8.69
X-3676,SIRPG,55423.0,MutNovel,"M34V,1.000"
X-3676,SIRPG,55423.0,Amp5,5.24
X-3676,SKIV2L2,23517.0,Del0.8,0.71
X-3676,SLA2,84174.0,Amp5,5.06
X-3676,SLC10A3,8273.0,Del0.8,0.72
X-3676,SLC16A2,6567.0,Del0.8,0.71
X-3676,SLC22A15,55356.0,MutNovel,"S404F,0.609"
X-3676,SLC23A2,9962.0,Amp5,5.24
X-3676,SLC24A3,57419.0,Amp5,5.06
X-3676,SLC25A14,9016.0,Del0.8,0.7
X-3676,SLC25A43,203427.0,Del0.8,0.71
X-3676,SLC25A5,292.0,Del0.8,0.71
X-3676,SLC25A5-AS1,100303728.0,Del0.8,0.71
X-3676,SLC25A6,293.0,Del0.8,0.7
X-3676,SLC27A6,28965.0,Del0.8,0.7
X-3676,SLC2A4RG,56731.0,MutNovel,"P168L,0.433"
X-3676,SLC2A4RG,56731.0,MutNovel,"P274S,0.335"
X-3676,SLC32A1,140679.0,Amp5,5.06
X-3676,SLC35A2,7355.0,Del0.8,0.73
X-3676,SLC38A5,92745.0,Del0.8,0.73
X-3676,SLC38A9,153129.0,Del0.8,0.71
X-3676,SLC4A11,83959.0,Amp5,5.24
X-3676,SLC6A10P,386757.0,Del0.8,0.75
X-3676,SLC6A14,11254.0,Del0.8,0.71
X-3676,SLC6A8,6535.0,Del0.8,0.72
X-3676,SLC7A3,84889.0,Del0.8,0.72
X-3676,SLC9A3,6550.0,MutNovel,"V235L,0.600"
X-3676,SLC9A6,10479.0,Del0.8,0.7
X-3676,SLC9A7,84679.0,Del0.8,0.73
X-3676,SLITRK2,84631.0,Del0.8,0.7
X-3676,SLITRK4,139065.0,Del0.8,0.7
X-3676,SLTM,79811.0,MutNovel,"V953A,0.410"
X-3676,SMARCA1,6594.0,Del0.8,0.7
X-3676,SMC1A,8243.0,Del0.8,0.73
X-3676,SMCR7L,54471.0,MutNovel,"P99S,0.734"
X-3676,SMCR8,140775.0,MutNovel,"M344K,0.500"
X-3676,SMEK3P,139420.0,Del0.8,0.69
X-3676,SMG6,23293.0,MutNovel,"R406C,0.580"
X-3676,SMOX,54498.0,Amp5,5.24
X-3676,SMPD4,55627.0,MutNovel,"P587L,0.641"
X-3676,SMPX,23676.0,Del0.8,0.7
X-3676,SMS,6611.0,Del0.8,0.7
X-3676,SNAP25,6616.0,Amp5,5.24
X-3676,SNHG11,128439.0,Amp5,5.06
X-3676,SNORA11,677799.0,Del0.8,0.73
X-3676,SNORA11C,100124540.0,Del0.8,0.73
X-3676,SNORA11D,100124541.0,Del0.8,0.73
X-3676,SNORA11D,100124541.0,Del0.8,0.73
X-3676,SNORA11E,100124542.0,Del0.8,0.73
X-3676,SNORA11E,100124542.0,Del0.8,0.73
X-3676,SNORA35,677816.0,Del0.8,0.71
X-3676,SNORA36A,677817.0,Del0.8,0.72
X-3676,SNORA39,677821.0,Amp5,5.06
X-3676,SNORA51,677831.0,Amp5,5.24
X-3676,SNORA56,677835.0,Del0.8,0.72
X-3676,SNORA69,26779.0,Del0.8,0.71
X-3676,SNORA70,26778.0,Del0.8,0.72
X-3676,SNORA71A,26777.0,Amp5,5.06
X-3676,SNORA71B,26776.0,Amp5,5.06
X-3676,SNORA71C,677839.0,Amp5,5.06
X-3676,SNORA71D,677840.0,Amp5,5.06
X-3676,SNORD110,692213.0,Amp5,5.24
X-3676,SNORD119,100113378.0,Amp5,5.24
X-3676,SNORD17,692086.0,Amp5,5.06
X-3676,SNORD56,26793.0,Amp5,5.24
X-3676,SNORD61,26787.0,Del0.8,0.7
X-3676,SNORD96B,692226.0,Del0.8,0.71
X-3676,SNRPB,6628.0,Amp5,5.24
X-3676,SNRPB2,6629.0,Amp5,5.06
X-3676,SNTA1,6640.0,Amp5,5.06
X-3676,SNX12,29934.0,Del0.8,0.72
X-3676,SNX18,112574.0,Del0.8,0.71
X-3676,SNX5,27131.0,Amp5,5.06
X-3676,SOLH,6650.0,MutNovel,"P391L,0.566"
X-3676,SON,6651.0,MutNovel,"P2176R,0.484"
X-3676,SOWAHD,347454.0,Del0.8,0.71
X-3676,SOX3,6658.0,Del0.8,0.7
X-3676,SP2,6668.0,MutNovel,"P317S,0.661"
X-3676,SPACA5,389852.0,Del0.8,0.73
X-3676,SPAG4,6676.0,Amp5,5.06
X-3676,SPANXA2,728712.0,Del0.8,0.7
X-3676,SPANXA2,728712.0,Del0.8,0.7
X-3676,SPANXA2-OT1,619455.0,Del0.8,0.7
X-3676,SPANXB1,728695.0,Del0.8,0.7
X-3676,SPANXC,64663.0,Del0.8,0.7
X-3676,SPANXN1,494118.0,Del0.8,0.7
X-3676,SPANXN2,494119.0,Del0.8,0.7
X-3676,SPANXN3,139067.0,Del0.8,0.7
X-3676,SPANXN4,441525.0,Del0.8,0.7
X-3676,SPANXN5,494197.0,Del0.8,0.73
X-3676,SPATA5L1,79029.0,MutNovel,"S448L,0.467"
X-3676,SPEF1,25876.0,Amp5,5.24
X-3676,SPG11,80208.0,MutNovel,"S1833F,0.213"
X-3676,SPIN2A,54466.0,Del0.8,0.73
X-3676,SPIN2B,474343.0,Del0.8,0.73
X-3676,SPIN3,169981.0,Del0.8,0.73
X-3676,SPIN4,139886.0,Del0.8,0.72
X-3676,SPP2,6694.0,Del0.8,0.75
X-3676,SPRY3,10251.0,Del0.8,0.72
X-3676,SPTLC3,55304.0,Amp5,5.24
X-3676,SRC,6714.0,Amp5,5.06
X-3676,SRD5A1P1,6719.0,Del0.8,0.7
X-3676,SRPK3,26576.0,Del0.8,0.72
X-3676,SRPX,8406.0,Del0.8,0.69
X-3676,SRPX2,27286.0,Del0.8,0.71
X-3676,SRSF6,6431.0,Amp5,6.54
X-3676,SRY,6736.0,Del0.8,0.2
X-3676,SSR4,6748.0,Del0.8,0.72
X-3676,SSTR4,6754.0,Amp5,5.06
X-3676,SSX1,6756.0,Del0.8,0.73
X-3676,SSX2,6757.0,Del0.8,0.73
X-3676,SSX2,6757.0,Del0.8,0.73
X-3676,SSX2B,727837.0,Del0.8,0.73
X-3676,SSX2B,727837.0,Del0.8,0.73
X-3676,SSX3,10214.0,Del0.8,0.73
X-3676,SSX4,6759.0,Del0.8,0.73
X-3676,SSX4,6759.0,Del0.8,0.73
X-3676,SSX5,6758.0,Del0.8,0.73
X-3676,SSX6,280657.0,Del0.8,0.73
X-3676,SSX7,280658.0,Del0.8,0.73
X-3676,SSX8,280659.0,Del0.8,0.73
X-3676,ST5,6764.0,MutNovel,"P248S,0.872"
X-3676,STAG2,10735.0,Del0.8,0.7
X-3676,STAM,8027.0,MutNovel,"P432L,0.804"
X-3676,STAMBP,10617.0,MutNovel,"S354F,0.659"
X-3676,STARD8,9754.0,Del0.8,0.72
X-3676,STARD9,57519.0,MutNovel,"G3314D,0.444"
X-3676,STK35,140901.0,Amp5,5.24
X-3676,STS,412.0,Del0.8,0.7
X-3676,SUN5,140732.0,Amp5,5.06
X-3676,SUPT3H,8464.0,MutNovel,"E169K,0.425"
X-3676,SUV39H1,6839.0,Del0.8,0.73
X-3676,SYAP1,94056.0,Del0.8,0.69
X-3676,SYN1,6853.0,Del0.8,0.73
X-3676,SYNDIG1,79953.0,Amp5,5.06
X-3676,SYNE1,23345.0,MutNovel,"I7516N,0.413"
X-3676,SYNE1,23345.0,MutNovel,"S6441F,0.641"
X-3676,SYNE1,23345.0,MutNovel,"R5852C,0.684"
X-3676,SYP,6855.0,Del0.8,0.73
X-3676,SYTL4,94121.0,Del0.8,0.71
X-3676,SYTL5,94122.0,Del0.8,0.69
X-3676,TAB3,257397.0,Del0.8,0.69
X-3676,TAF7L,54457.0,Del0.8,0.71
X-3676,TAF9B,51616.0,Del0.8,0.71
X-3676,TASP1,55617.0,Amp5,5.24
X-3676,TAZ,6901.0,Del0.8,0.72
X-3676,TBC1D22A,25771.0,MutNovel,"V348I,0.542"
X-3676,TBC1D25,4943.0,Del0.8,0.73
X-3676,TBC1D5,9779.0,MutNovel,"S660F,0.652"
X-3676,TBC1D8B,54885.0,Del0.8,0.71
X-3676,TBL1X,6907.0,Del0.8,0.68
X-3676,TBL1Y,90665.0,Del0.8,0.2
X-3676,TBX2,6909.0,MutNovel,"P4L,0.333"
X-3676,TBX22,50945.0,Del0.8,0.71
X-3676,TCEAL1,9338.0,Del0.8,0.71
X-3676,TCEAL2,140597.0,Del0.8,0.71
X-3676,TCEAL3,85012.0,Del0.8,0.71
X-3676,TCEAL4,79921.0,Del0.8,0.71
X-3676,TCEAL5,340543.0,Del0.8,0.71
X-3676,TCEAL6,158931.0,Del0.8,0.71
X-3676,TCEAL7,56849.0,Del0.8,0.71
X-3676,TCEAL8,90843.0,Del0.8,0.71
X-3676,TCEANC,170082.0,Del0.8,0.68
X-3676,TDGF1P3,6998.0,Del0.8,0.71
X-3676,TEX11,56159.0,Del0.8,0.72
X-3676,TEX13A,56157.0,Del0.8,0.71
X-3676,TEX13B,56156.0,Del0.8,0.71
X-3676,TEX28,1527.0,Del0.8,0.72
X-3676,TFDP3,51270.0,Del0.8,0.7
X-3676,TFE3,7030.0,Del0.8,0.73
X-3676,TGIF2,60436.0,Amp5,5.06
X-3676,TGIF2-C20ORF24,100527943.0,Amp5,5.06
X-3676,TGIF2LX,90316.0,Del0.8,0.71
X-3676,TGIF2LY,90655.0,Del0.8,0.2
X-3676,TGM2,7052.0,Amp5,5.06
X-3676,TGM3,7053.0,Amp5,5.24
X-3676,TGM6,343641.0,Amp5,5.24
X-3676,THBD,7056.0,Amp5,5.06
X-3676,THOC2,57187.0,Del0.8,0.7
X-3676,TICRR,,MutNovel,"G238R,0.471"
X-3676,TIGD1,200765.0,Del0.8,0.75
X-3676,TIMM17B,10245.0,Del0.8,0.73
X-3676,TIMM8A,1678.0,Del0.8,0.71
X-3676,TIMP1,7076.0,Del0.8,0.73
X-3676,TIPARP,25976.0,MutNovel,"I495T,0.520"
X-3676,TKTL1,8277.0,Del0.8,0.72
X-3676,TLK2,11011.0,MutNovel,"R262Q,0.236"
X-3676,TLR7,51284.0,Del0.8,0.68
X-3676,TLR8,51311.0,Del0.8,0.68
X-3676,TLR8-AS1,349408.0,Del0.8,0.68
X-3676,TM9SF4,9777.0,Amp5,5.06
X-3676,TMBIM4,51643.0,MutKnownFunctional,"-174?,1.000"
X-3676,TMC2,117532.0,Amp5,5.24
X-3676,TMEM164,84187.0,Del0.8,0.71
X-3676,TMEM185A,84548.0,Del0.8,0.72
X-3676,TMEM187,8269.0,Del0.8,0.72
X-3676,TMEM239,100288797.0,Amp5,5.24
X-3676,TMEM27,57393.0,Del0.8,0.68
X-3676,TMEM31,203562.0,Del0.8,0.71
X-3676,TMEM35,59353.0,Del0.8,0.71
X-3676,TMEM47,83604.0,Del0.8,0.69
X-3676,TMEM51,55092.0,MutKnownFunctional,"K202*,0.388"
X-3676,TMLHE,55217.0,Del0.8,0.72
X-3676,TMSB15A,11013.0,Del0.8,0.71
X-3676,TMSB15B,286527.0,Del0.8,0.71
X-3676,TMSB4X,7114.0,Del0.8,0.68
X-3676,TMSB4Y,9087.0,Del0.8,0.2
X-3676,TMX4,56255.0,Amp5,5.24
X-3676,TNFAIP2,7127.0,MutNovel,"L650F,0.548"
X-3676,TNMD,64102.0,Del0.8,0.71
X-3676,TOP1,7150.0,MutNovel,"K130Q,0.388"
X-3676,TP53,7157.0,MutLikelyFunctional,"E286K,0.643"
X-3676,TP53INP2,58476.0,Amp5,5.06
X-3676,TPX2,22974.0,Amp5,5.06
X-3676,TRAK1,22906.0,MutNovel,"E656V,0.287"
X-3676,TRAPPC2,6399.0,Del0.8,0.68
X-3676,TREX2,11219.0,Del0.8,0.72
X-3676,TRIB3,57761.0,MutNovel,"P45L,0.427"
X-3676,TRIM34,53840.0,MutNovel,"L316R,0.318"
X-3676,TRIM51,,MutNovel,"C152W,0.395"
X-3676,TRIM51,,MutNovel,"N157K,0.367"
X-3676,TRIM51,,MutNovel,"F248L,0.457"
X-3676,TRIM51,,MutNovel,"V262A,0.214"
X-3676,TRMT13,,MutNovel,"P85L,0.255"
X-3676,TRMT2B,79979.0,Del0.8,0.71
X-3676,TRMT6,51605.0,Amp5,5.24
X-3676,TRO,7216.0,Del0.8,0.73
X-3676,TRPC4AP,26133.0,Amp5,5.06
X-3676,TRPC5,7224.0,Del0.8,0.71
X-3676,TRPM8,79054.0,Del0.8,0.75
X-3676,TRRAP,8295.0,MutNovel,"L3793F,0.561"
X-3676,TSC22D3,1831.0,Del0.8,0.71
X-3676,TSIX,9383.0,Del0.8,0.71
X-3676,TSPAN6,7105.0,Del0.8,0.71
X-3676,TSPAN7,7102.0,Del0.8,0.69
X-3676,TSPY1,7258.0,Del0.8,0.2
X-3676,TSPY2,64591.0,Del0.8,0.2
X-3676,TSPY26P,128854.0,Amp5,5.06
X-3676,TSPY3,728137.0,Del0.8,0.2
X-3676,TSPY4,728395.0,Del0.8,0.2
X-3676,TSPY8,728403.0,Del0.8,0.2
X-3676,TSPYL1,7259.0,MutNovel,"V176VW,0.992"
X-3676,TSPYL2,64061.0,Del0.8,0.73
X-3676,TSR2,90121.0,Del0.8,0.73
X-3676,TTC3P1,286495.0,Del0.8,0.71
X-3676,TTI1,9675.0,Amp5,5.06
X-3676,TTLL9,164395.0,Amp5,5.06
X-3676,TTTY10,246119.0,Del0.8,0.18
X-3676,TTTY11,83866.0,Del0.8,0.2
X-3676,TTTY12,83867.0,Del0.8,0.2
X-3676,TTTY13,83868.0,Del0.8,0.18
X-3676,TTTY14,83869.0,Del0.8,0.18
X-3676,TTTY15,64595.0,Del0.8,0.2
X-3676,TTTY16,252948.0,Del0.8,0.2
X-3676,TTTY17A,252949.0,Del0.8,0.27
X-3676,TTTY17A,252949.0,Del0.8,0.11
X-3676,TTTY18,252950.0,Del0.8,0.2
X-3676,TTTY19,252952.0,Del0.8,0.2
X-3676,TTTY1B,100101116.0,Del0.8,0.2
X-3676,TTTY1B,100101116.0,Del0.8,0.2
X-3676,TTTY2,60439.0,Del0.8,0.2
X-3676,TTTY2,60439.0,Del0.8,0.2
X-3676,TTTY20,252951.0,Del0.8,0.2
X-3676,TTTY21,252953.0,Del0.8,0.2
X-3676,TTTY21,252953.0,Del0.8,0.2
X-3676,TTTY22,252954.0,Del0.8,0.2
X-3676,TTTY23,252955.0,Del0.8,0.2
X-3676,TTTY23,252955.0,Del0.8,0.2
X-3676,TTTY3,114760.0,Del0.8,0.18
X-3676,TTTY3,114760.0,Del0.8,0.11
X-3676,TTTY4,114761.0,Del0.8,0.07
X-3676,TTTY4,114761.0,Del0.8,0.11
X-3676,TTTY5,83863.0,Del0.8,0.18
X-3676,TTTY6,84672.0,Del0.8,0.18
X-3676,TTTY6,84672.0,Del0.8,0.18
X-3676,TTTY7,246122.0,Del0.8,0.2
X-3676,TTTY7,246122.0,Del0.8,0.2
X-3676,TTTY7B,100101120.0,Del0.8,0.2
X-3676,TTTY7B,100101120.0,Del0.8,0.2
X-3676,TTTY8,84673.0,Del0.8,0.2
X-3676,TTTY8,84673.0,Del0.8,0.2
X-3676,TTTY9A,83864.0,Del0.8,0.1
X-3676,TTTY9A,83864.0,Del0.8,0.1
X-3676,TUBA3D,113457.0,MutNovel,"Y432C,0.500"
X-3676,TUBB4B,10383.0,MutNovel,"T149I,0.647"
X-3676,TXLNG,55787.0,Del0.8,0.69
X-3676,TXLNG2P,246126.0,Del0.8,0.18
X-3676,TXNDC5,81567.0,MutNovel,"-47R,0.357"
X-3676,UBA1,7317.0,Del0.8,0.73
X-3676,UBE2A,7319.0,Del0.8,0.71
X-3676,UBE2DNL,100131816.0,Del0.8,0.71
X-3676,UBE2NL,389898.0,Del0.8,0.7
X-3676,UBL4A,8266.0,Del0.8,0.72
X-3676,UBOX5,22888.0,Amp5,5.24
X-3676,UBQLN2,29978.0,Del0.8,0.73
X-3676,UBR4,23352.0,MutNovel,"R3794C,0.633"
X-3676,UEVLD,55293.0,MutNovel,"F35C,0.711"
X-3676,UGGT2,55757.0,MutNovel,"D454N,0.962"
X-3676,UGT1A1,54658.0,Del0.8,0.75
X-3676,UGT1A10,54575.0,Del0.8,0.75
X-3676,UGT1A3,54659.0,Del0.8,0.75
X-3676,UGT1A4,54657.0,Del0.8,0.75
X-3676,UGT1A5,54579.0,Del0.8,0.75
X-3676,UGT1A6,54578.0,Del0.8,0.75
X-3676,UGT1A7,54577.0,Del0.8,0.75
X-3676,UGT1A8,54576.0,Del0.8,0.75
X-3676,UGT1A9,54600.0,Del0.8,0.75
X-3676,UGT2B11,10720.0,MutNovel,"A346T,1.000"
X-3676,UGT2B17,7367.0,Del0.8,0.73
X-3676,UPF3B,65109.0,Del0.8,0.71
X-3676,UPRT,139596.0,Del0.8,0.71
X-3676,UQCC,55245.0,Amp5,5.06
X-3676,UQCRBP1,442454.0,Del0.8,0.73
X-3676,USP11,8237.0,Del0.8,0.73
X-3676,USP26,83844.0,Del0.8,0.7
X-3676,USP27X,389856.0,Del0.8,0.73
X-3676,USP32P2,220594.0,Del0.8,0.74
X-3676,USP40,55230.0,Del0.8,0.75
X-3676,USP51,158880.0,Del0.8,0.73
X-3676,USP9X,8239.0,Del0.8,0.69
X-3676,USP9Y,8287.0,Del0.8,0.2
X-3676,UTP14A,10813.0,Del0.8,0.7
X-3676,UTY,7404.0,Del0.8,0.2
X-3676,UXT,8409.0,Del0.8,0.73
X-3676,VAMP7,6845.0,Del0.8,0.72
X-3676,VBP1,7411.0,Del0.8,0.72
X-3676,VCX,26609.0,Del0.8,0.7
X-3676,VCX2,51480.0,Del0.8,0.7
X-3676,VCX3A,51481.0,Del0.8,0.7
X-3676,VCX3B,425054.0,Del0.8,0.68
X-3676,VCY,9084.0,Del0.8,0.2
X-3676,VCY,9084.0,Del0.8,0.2
X-3676,VENTXP1,139538.0,Del0.8,0.69
X-3676,VGLL1,51442.0,Del0.8,0.7
X-3676,VMA21,203547.0,Del0.8,0.72
X-3676,VPS13B,157680.0,MutNovel,"R1462H,0.346"
X-3676,VPS16,64601.0,Amp5,5.24
X-3676,VPS8,23355.0,MutNovel,"L215F,0.263"
X-3676,VSIG1,340547.0,Del0.8,0.71
X-3676,VSIG4,11326.0,Del0.8,0.72
X-3676,VSTM2L,128434.0,Amp5,5.06
X-3676,VSX1,30813.0,Amp5,5.06
X-3676,WAS,7454.0,Del0.8,0.73
X-3676,WBP5,51186.0,Del0.8,0.71
X-3676,WDR13,64743.0,Del0.8,0.73
X-3676,WDR44,54521.0,Del0.8,0.71
X-3676,WDR45,11152.0,Del0.8,0.73
X-3676,WHSC1L1,54904.0,MutNovel,"L172F,0.279"
X-3676,WNK3,65267.0,Del0.8,0.73
X-3676,WRAP53,55135.0,MutNovel,"N187T,0.902"
X-3676,WWC3,55841.0,Del0.8,0.68
X-3676,XAGE1A,653219.0,Del0.8,0.73
X-3676,XAGE1A,653219.0,Del0.8,0.73
X-3676,XAGE1C,653048.0,Del0.8,0.73
X-3676,XAGE1C,653048.0,Del0.8,0.73
X-3676,XAGE2,9502.0,Del0.8,0.73
X-3676,XAGE2,9502.0,Del0.8,0.73
X-3676,XAGE3,170626.0,Del0.8,0.73
X-3676,XAGE5,170627.0,Del0.8,0.73
X-3676,XG,7499.0,Del0.8,0.7
X-3676,XGPY2,100132596.0,Del0.8,0.7
X-3676,XIAP,331.0,Del0.8,0.7
X-3676,XIST,7503.0,Del0.8,0.71
X-3676,XK,7504.0,Del0.8,0.69
X-3676,XKR7,343702.0,Amp5,5.06
X-3676,XKRX,402415.0,Del0.8,0.71
X-3676,XKRY2,353515.0,Del0.8,0.2
X-3676,XKRY2,353515.0,Del0.8,0.2
X-3676,XPNPEP2,7512.0,Del0.8,0.7
X-3676,XPO1,7514.0,MutNovel,"S944L,0.795"
X-3676,XRN2,22803.0,Amp5,5.06
X-3676,YIPF6,286451.0,Del0.8,0.72
X-3676,YJEFN3,374887.0,MutNovel,"S43Y,0.769"
X-3676,YLPM1,56252.0,MutNovel,"V1623M,0.778"
X-3676,YY2,404281.0,Del0.8,0.7
X-3676,ZBED1,9189.0,Del0.8,0.7
X-3676,ZBTB33,10009.0,Del0.8,0.71
X-3676,ZC3H12B,340554.0,Del0.8,0.72
X-3676,ZC3H18,124245.0,MutNovel,"P356L,0.829"
X-3676,ZC4H2,55906.0,Del0.8,0.72
X-3676,ZCCHC12,170261.0,Del0.8,0.71
X-3676,ZCCHC13,389874.0,Del0.8,0.71
X-3676,ZCCHC16,340595.0,Del0.8,0.71
X-3676,ZCCHC18,644353.0,Del0.8,0.71
X-3676,ZCCHC5,203430.0,Del0.8,0.71
X-3676,ZDBF2,57683.0,MutNovel,"H925Y,0.938"
X-3676,ZDBF2,57683.0,MutKnownFunctional,"-1059?,0.263"
X-3676,ZDHHC15,158866.0,Del0.8,0.71
X-3676,ZDHHC2,51201.0,MutNovel,"S222F,0.295"
X-3676,ZDHHC9,51114.0,Del0.8,0.7
X-3676,ZFP36,7538.0,MutNovel,"S279F,0.247"
X-3676,ZFP92,139735.0,Del0.8,0.72
X-3676,ZFX,7543.0,Del0.8,0.7
X-3676,ZFY,7544.0,Del0.8,0.2
X-3676,ZIC3,7547.0,Del0.8,0.7
X-3676,ZMAT1,84460.0,Del0.8,0.71
X-3676,ZMYM3,9203.0,Del0.8,0.72
X-3676,ZNF133,7692.0,Amp5,5.06
X-3676,ZNF157,7712.0,Del0.8,0.73
X-3676,ZNF182,7569.0,Del0.8,0.73
X-3676,ZNF185,7739.0,Del0.8,0.72
X-3676,ZNF221,7638.0,MutNovel,"S443F,0.800"
X-3676,ZNF260,339324.0,MutNovel,"H214Y,0.422"
X-3676,ZNF275,10838.0,Del0.8,0.72
X-3676,ZNF280C,55609.0,Del0.8,0.7
X-3676,ZNF284,342909.0,MutNovel,"H197Y,0.680"
X-3676,ZNF295,49854.0,MutNovel,"P1004S,0.346"
X-3676,ZNF318,24149.0,MutNovel,"P215L,0.455"
X-3676,ZNF335,63925.0,MutNovel,"S598F,0.444"
X-3676,ZNF335,63925.0,MutNovel,"S215F,0.494"
X-3676,ZNF337,26152.0,Amp5,5.06
X-3676,ZNF341,84905.0,Amp5,5.06
X-3676,ZNF343,79175.0,Amp5,5.24
X-3676,ZNF384,171017.0,MutNovel,"QQ514Q,0.973"
X-3676,ZNF41,7592.0,Del0.8,0.73
X-3676,ZNF43,7594.0,MutNovel,"H737Y,0.741"
X-3676,ZNF443,10224.0,MutNovel,"H582Y,0.667"
X-3676,ZNF446,55663.0,MutNovel,"A290T,0.250"
X-3676,ZNF449,203523.0,Del0.8,0.7
X-3676,ZNF524,147807.0,MutNovel,"R54Q,0.205"
X-3676,ZNF565,147929.0,MutNovel,"H357Y,0.250"
X-3676,ZNF609,23060.0,MutNovel,"E210K,0.389"
X-3676,ZNF630,57232.0,Del0.8,0.73
X-3676,ZNF645,158506.0,Del0.8,0.7
X-3676,ZNF673,55634.0,Del0.8,0.73
X-3676,ZNF674,641339.0,Del0.8,0.73
X-3676,ZNF678,339500.0,MutNovel,"H258Y,0.429"
X-3676,ZNF711,7552.0,Del0.8,0.71
X-3676,ZNF728,,MutNovel,"R500I,1.000"
X-3676,ZNF736,728927.0,MutNovel,"D93N,0.357"
X-3676,ZNF740,283337.0,MutNovel,"P19L,0.275"
X-3676,ZNF75D,7626.0,Del0.8,0.7
X-3676,ZNF770,54989.0,MutKnownFunctional,"C480*,0.314"
X-3676,ZNF780A,284323.0,MutNovel,"R631C,0.303"
X-3676,ZNF81,347344.0,Del0.8,0.73
X-3676,ZNF812,729648.0,MutNovel,"E337K,0.286"
X-3676,ZRSR2,8233.0,Del0.8,0.69
X-3676,ZXDA,7789.0,Del0.8,0.73
X-3676,ZXDB,158586.0,Del0.8,0.73
X-3746,ABCA5,23461.0,MutNovel,"H376R,0.632"
X-3746,ABCA9,10350.0,MutNovel,"A1416S,0.261"
X-3746,ABHD10,55347.0,MutNovel,"V175I,0.997"
X-3746,ABR,29.0,MutNovel,"P18T,0.667"
X-3746,ACACB,32.0,MutNovel,"L1398I,0.577"
X-3746,ACAN,176.0,MutNovel,"D1390E,1.000"
X-3746,ACAN,176.0,MutNovel,"T1403A,0.370"
X-3746,ACO2,50.0,MutNovel,"L238F,0.485"
X-3746,ACP6,51205.0,MutNovel,"R162C,0.638"
X-3746,ADAMTS17,170691.0,MutNovel,"R710W,0.628"
X-3746,ADAMTS9,56999.0,MutNovel,"T1436I,0.974"
X-3746,AHNAK,79026.0,MutNovel,"K4244T,0.620"
X-3746,AHNAK,79026.0,MutNovel,"P3743S,0.742"
X-3746,AHNAK2,113146.0,MutNovel,"A3610V,0.500"
X-3746,AMELY,266.0,Del0.8,0.25
X-3746,AMH,268.0,MutNovel,"R502L,0.615"
X-3746,AMOT,154796.0,MutNovel,"S962F,0.980"
X-3746,ANKRD24,170961.0,MutNovel,"E807Q,0.800"
X-3746,ANKRD36,375248.0,MutNovel,"T998S,0.318"
X-3746,ANKRD36,375248.0,MutNovel,"D1014Y,0.250"
X-3746,ANKRD36C,,MutNovel,"D1868N,0.368"
X-3746,AP4B1,10717.0,MutNovel,"P613S,0.490"
X-3746,APC,324.0,MutNovel,"S2607F,0.550"
X-3746,APCDD1L,164284.0,MutNovel,"G480S,0.565"
X-3746,APOL4,80832.0,MutNovel,"G178E,1.000"
X-3746,ARHGEF10L,55160.0,MutNovel,"R846W,0.510"
X-3746,ARHGEF11,9826.0,MutNovel,"G319S,0.489"
X-3746,ARHGEF16,27237.0,MutNovel,"R119W,0.553"
X-3746,ARHGEF2,9181.0,MutNovel,"S107F,0.462"
X-3746,ASPSCR1,79058.0,MutNovel,"P427L,0.523"
X-3746,ATF6B,1388.0,MutNovel,"P636R,0.577"
X-3746,ATG4D,84971.0,MutNovel,"S299F,0.525"
X-3746,ATP11C,286410.0,MutNovel,"S830F,0.988"
X-3746,ATP6V0E1,8992.0,MutNovel,"R34W,0.504"
X-3746,BARX2,8538.0,MutNovel,"P277L,0.846"
X-3746,BCL2L12,83596.0,MutNovel,"A110T,0.503"
X-3746,BCORP1,286554.0,Del0.8,0.23
X-3746,BDKRB1,623.0,MutNovel,"R343K,0.812"
X-3746,BMI1,648.0,Del0.8,0.1
X-3746,BMP1,649.0,MutNovel,"V911M,0.490"
X-3746,BMP6,654.0,MutNovel,"R28Q,0.800"
X-3746,BPY2B,442867.0,Del0.8,0.23
X-3746,BPY2B,442867.0,Del0.8,0.23
X-3746,BRAF,673.0,MutKnownFunctional,"V600E,0.467"
X-3746,BRAT1,221927.0,MutNovel,"P608S,0.618"
X-3746,BRD4,23476.0,MutNovel,"A1307V,0.497"
X-3746,BTC,685.0,MutNovel,"R116K,1.000"
X-3746,C11orf41,25758.0,MutNovel,"P322L,0.595"
X-3746,C12orf52,84934.0,MutNovel,"P50S,0.544"
X-3746,C1orf114,57821.0,MutNovel,"D146N,0.269"
X-3746,C20orf112,140688.0,MutNovel,"G579S,0.476"
X-3746,C21orf58,54058.0,MutNovel,"H299PN,0.290"
X-3746,C3,718.0,MutNovel,"A849T,0.429"
X-3746,C6orf118,168090.0,Del0.8,0.67
X-3746,C9orf123,90871.0,MutNovel,"P32L,1.000"
X-3746,C9orf53,51198.0,Del0.8,0.31
X-3746,CALCOCO1,57658.0,MutNovel,"I50N,0.486"
X-3746,CCDC136,64753.0,MutNovel,"S466F,0.429"
X-3746,CCDC144A,9720.0,MutNovel,"Q1091R,0.833"
X-3746,CCDC93,54520.0,MutNovel,"G38E,0.427"
X-3746,CCL3L1,6349.0,Del0.8,0.71
X-3746,CCL3L3,414062.0,Del0.8,0.71
X-3746,CCL4L1,9560.0,Del0.8,0.71
X-3746,CCT5,22948.0,MutNovel,"L277F,0.455"
X-3746,CD200R1L,344807.0,MutNovel,"G125C,1.000"
X-3746,CD200R1L,344807.0,MutNovel,"T117I,1.000"
X-3746,CDCA5,113130.0,MutNovel,"S83I,0.609"
X-3746,CDKL5,6792.0,MutNovel,"E775V,1.000"
X-3746,CDKN2A,1029.0,Del0.8,0.39
X-3746,CDR1,1038.0,MutNovel,"D8N,0.989"
X-3746,CDY1B,253175.0,Del0.8,0.23
X-3746,CDY1B,253175.0,Del0.8,0.23
X-3746,CDY2A,9426.0,Del0.8,0.23
X-3746,CDY2A,9426.0,Del0.8,0.23
X-3746,CDY2B,203611.0,Del0.8,0.23
X-3746,CDY2B,203611.0,Del0.8,0.23
X-3746,CERKL,375298.0,MutNovel,"R465W,0.667"
X-3746,CFHR3,10878.0,MutNovel,"Y69H,1.000"
X-3746,CHD2,1106.0,MutNovel,"P195L,0.431"
X-3746,CHD6,84181.0,MutNovel,"E2683K,0.468"
X-3746,CHD6,84181.0,MutNovel,"P650L,0.491"
X-3746,CHFR,55743.0,MutNovel,"A144S,1.000"
X-3746,CLASP2,23122.0,MutKnownFunctional,"R351*,1.000"
X-3746,CLEC18C,283971.0,MutNovel,"A118V,1.000"
X-3746,CLEC4F,165530.0,MutNovel,"G396R,0.500"
X-3746,CLK4,57396.0,MutNovel,"D69N,0.579"
X-3746,CNOT3,4849.0,MutNovel,"P243S,0.469"
X-3746,CNOT6,57472.0,MutNovel,"P67S,0.472"
X-3746,CNTNAP3,79937.0,MutNovel,"R771Q,0.500"
X-3746,CNTNAP3B,728577.0,MutNovel,"G1163D,1.000"
X-3746,CNTNAP4,85445.0,MutKnownFunctional,"-15?,0.900"
X-3746,COBL,23242.0,MutNovel,"S1142F,0.459"
X-3746,COL11A2,1302.0,MutNovel,"T576I,0.501"
X-3746,COL1A2,1278.0,MutNovel,"R405C,0.476"
X-3746,COL2A1,1280.0,MutNovel,"D859N,0.986"
X-3746,COL3A1,1281.0,MutNovel,"R536K,0.497"
X-3746,COL4A6,1288.0,MutNovel,"L450P,1.000"
X-3746,COL5A1,1289.0,MutNovel,"G499S,1.000"
X-3746,COL6A3,1293.0,MutNovel,"L1342F,0.520"
X-3746,COL6A3,1293.0,MutNovel,"R1157S,0.512"
X-3746,COMMD3,23412.0,Del0.8,0.1
X-3746,COMMD3-BMI1,100532731.0,Del0.8,0.1
X-3746,CPA6,57094.0,MutNovel,"R251Q,1.000"
X-3746,CSPG4P1Y,114758.0,Del0.8,0.23
X-3746,CSPG4P1Y,114758.0,Del0.8,0.23
X-3746,CSRNP1,64651.0,MutNovel,"G63D,0.972"
X-3746,CT45A1,541466.0,Del0.8,0.7
X-3746,CT45A2,728911.0,Del0.8,0.48
X-3746,CT45A3,441519.0,Del0.8,0.48
X-3746,CT45A4,441520.0,Del0.8,0.48
X-3746,CTNND2,1501.0,MutNovel,"P564L,0.579"
X-3746,CTSA,5476.0,MutNovel,"L29-,0.401"
X-3746,CTTNBP2,83992.0,MutKnownFunctional,"Q1367*,0.304"
X-3746,CTU2,348180.0,MutNovel,"P18L,0.580"
X-3746,CUL5,8065.0,MutNovel,"E211K,0.462"
X-3746,CXXC5,51523.0,MutNovel,"G5S,0.560"
X-3746,CXorf30,645090.0,MutNovel,"F371Y,1.000"
X-3746,CYBB,1536.0,MutNovel,"M107I,1.000"
X-3746,CYP11A1,1583.0,MutNovel,"P169S,0.222"
X-3746,DAZ1,1617.0,Del0.8,0.23
X-3746,DAZ2,57055.0,Del0.8,0.23
X-3746,DAZ3,57054.0,Del0.8,0.23
X-3746,DAZ3,57054.0,Del0.8,0.23
X-3746,DAZ4,57135.0,Del0.8,0.23
X-3746,DAZ4,57135.0,Del0.8,0.23
X-3746,DCAF12L2,340578.0,MutNovel,"R246C,1.000"
X-3746,DCAF15,90379.0,MutNovel,"R552C,0.479"
X-3746,DCLRE1B,64858.0,MutNovel,"E417K,0.530"
X-3746,DDR2,4921.0,MutNovel,"P492S,0.500"
X-3746,DDX11,1663.0,MutNovel,"G261D,0.577"
X-3746,DDX3Y,8653.0,Del0.8,0.23
X-3746,DLGAP5,9787.0,MutNovel,"R827K,0.481"
X-3746,DLL4,54567.0,MutNovel,"N385S,0.833"
X-3746,DMXL2,23312.0,MutNovel,"T948I,0.381"
X-3746,DNAJC1,64215.0,Del0.8,0.53
X-3746,DNM1L,10059.0,MutNovel,"R430C,0.398"
X-3746,DPP10,57628.0,MutNovel,"G609E,0.467"
X-3746,EBLN1,340900.0,Del0.8,0.35
X-3746,EHHADH,1962.0,MutNovel,"P708L,1.000"
X-3746,EHMT2,10919.0,MutNovel,"S258F,0.468"
X-3746,EID3,493861.0,MutKnownFunctional,"L311*,0.263"
X-3746,EIF1AY,9086.0,Del0.8,0.23
X-3746,EIF2AK2,5610.0,MutNovel,"H412Y,0.517"
X-3746,ELF3,1999.0,MutNovel,"R249W,0.312"
X-3746,EMILIN3,90187.0,MutNovel,"H55P,0.226"
X-3746,ENGASE,64772.0,MutNovel,"V467I,0.561"
X-3746,EPB41L4A,64097.0,MutNovel,"S322R,0.500"
X-3746,EPC1,80314.0,MutNovel,"P192S,0.980"
X-3746,EVPL,2125.0,MutNovel,"E1018K,0.714"
X-3746,FAM120C,54954.0,MutNovel,"P110RRP,0.591"
X-3746,FAM123B,139285.0,MutNovel,"P805S,1.000"
X-3746,FAM129A,116496.0,MutNovel,"S848F,0.434"
X-3746,FAM131C,348487.0,MutNovel,"L163R,0.526"
X-3746,FAM161A,84140.0,MutNovel,"S520F,0.423"
X-3746,FAM171B,165215.0,MutNovel,"-44Q,0.429"
X-3746,FAM197Y2P,252946.0,Del0.8,0.05
X-3746,FAM228B,,MutNovel,"P135S,0.556"
X-3746,FAM41AY1,340618.0,Del0.8,0.23
X-3746,FAM41AY1,340618.0,Del0.8,0.23
X-3746,FAM46B,115572.0,MutNovel,"E273K,0.389"
X-3746,FAM73B,84895.0,MutNovel,"A94D,1.000"
X-3746,FAM75A2,642265.0,MutNovel,"F398C,1.000"
X-3746,FAM75A6,389730.0,MutNovel,"R623G,1.000"
X-3746,FAM75C2,645961.0,MutNovel,"K60R,0.500"
X-3746,FDXR,2232.0,MutNovel,"S360L,0.593"
X-3746,FEZF1,389549.0,MutNovel,"G129S,1.000"
X-3746,FIBP,9158.0,MutKnownFunctional,"Q330*,0.406"
X-3746,FKRP,79147.0,MutNovel,"P189L,0.525"
X-3746,FLI1,2313.0,Del0.8,0.76
X-3746,FLJ27354,400761.0,Del0.8,0.24
X-3746,FLYWCH1,84256.0,MutKnownFunctional,"Q686*,0.415"
X-3746,FOXP4,116113.0,MutNovel,"R289K,0.991"
X-3746,FPGS,2356.0,MutNovel,"P276S,1.000"
X-3746,FRRS1L,,MutNovel,"R51A,1.000"
X-3746,FRYL,285527.0,MutNovel,"S1337F,0.514"
X-3746,FSD1,79187.0,MutNovel,"R327K,0.545"
X-3746,FTSJD2,23070.0,MutNovel,"S85F,0.512"
X-3746,G6PD,2539.0,MutNovel,"R134C,0.997"
X-3746,GAGE2D,729408.0,MutNovel,"R27Q,0.579"
X-3746,GAGE2D,729408.0,MutNovel,"M96V,0.750"
X-3746,GALR1,2587.0,Del0.8,0.66
X-3746,GAMT,2593.0,MutNovel,"R221C,0.537"
X-3746,GATAD2A,54815.0,MutNovel,"P627S,0.485"
X-3746,GCAT,23464.0,MutNovel,"S232F,0.433"
X-3746,GDF5,8200.0,MutNovel,"P99L,0.429"
X-3746,GIGYF2,26058.0,MutNovel,"PQ1231P,0.409"
X-3746,GJA3,2700.0,MutNovel,"P269S,0.500"
X-3746,GJB2,2706.0,MutNovel,"V156I,0.361"
X-3746,GLIS3,169792.0,Del0.8,0.6
X-3746,GOLGA2P2Y,84559.0,Del0.8,0.23
X-3746,GOLGA2P2Y,84559.0,Del0.8,0.23
X-3746,GOLGB1,2804.0,MutNovel,"P3136L,0.998"
X-3746,GPHN,10243.0,MutNovel,"P355L,0.543"
X-3746,GRB14,2888.0,MutKnownFunctional,"-297?,0.400"
X-3746,GRIA3,2892.0,MutNovel,"E297K,1.000"
X-3746,GRID2IP,392862.0,MutNovel,"L983F,1.000"
X-3746,GRIN2A,2903.0,MutNovel,"S511L,0.500"
X-3746,GRIN2C,2905.0,MutKnownFunctional,"W841*,0.550"
X-3746,GSTM1,2944.0,Del0.8,0.6
X-3746,GTF3A,2971.0,MutNovel,"E220K,0.473"
X-3746,GYG2P1,352887.0,Del0.8,0.23
X-3746,HBE1,3046.0,MutNovel,"S71F,0.480"
X-3746,HDAC6,10013.0,MutNovel,"F105S,1.000"
X-3746,HDAC9,9734.0,MutNovel,"E152K,0.263"
X-3746,HDGFRP2,84717.0,MutNovel,"E187-,0.480"
X-3746,HECW2,57520.0,MutNovel,"S676F,0.500"
X-3746,HES4,57801.0,MutNovel,"A200S,0.588"
X-3746,HIST2H2AB,317772.0,MutNovel,"N111D,0.444"
X-3746,HIST2H2BE,8349.0,MutNovel,"E106K,0.520"
X-3746,HLA-G,3135.0,MutNovel,"T91I,0.636"
X-3746,HNRNPM,4670.0,MutNovel,"ERMGPAI516-,0.202"
X-3746,HNRPDL,9987.0,MutNovel,"L38P,1.000"
X-3746,HNRPDL,9987.0,MutNovel,"Q37P,1.000"
X-3746,HOXA3,3200.0,MutNovel,"P102L,0.438"
X-3746,HRC,3270.0,MutNovel,"DV261V,0.427"
X-3746,HRNR,388697.0,MutNovel,"V1753A,0.500"
X-3746,HRNR,388697.0,MutKnownFunctional,"-1,1.000"
X-3746,HSFY2,159119.0,Del0.8,0.23
X-3746,HSFY2,159119.0,Del0.8,0.23
X-3746,HUWE1,10075.0,MutNovel,"G3754S,1.000"
X-3746,ICA1,3382.0,MutNovel,"P273S,0.278"
X-3746,IGSF1,3547.0,MutNovel,"E1300K,1.000"
X-3746,IGSF3,3321.0,MutNovel,"P1064S,0.511"
X-3746,IGSF3,3321.0,MutNovel,"P833S,0.500"
X-3746,ITGA2,3673.0,MutNovel,"I39V,0.576"
X-3746,JAK2,3717.0,Del0.8,0.69
X-3746,JPH3,57338.0,MutNovel,"G738E,0.357"
X-3746,KALRN,8997.0,MutNovel,"S1711F,1.000"
X-3746,KANSL1L,,MutNovel,"L764W,0.529"
X-3746,KCNJ10,3766.0,MutNovel,"G215E,0.476"
X-3746,KDM5D,8284.0,Del0.8,0.23
X-3746,KIAA1217,56243.0,Del0.8,0.76
X-3746,KIAA1549,57670.0,MutNovel,"P531L,0.446"
X-3746,KIF13A,63971.0,MutNovel,"G203R,0.412"
X-3746,KLF14,136259.0,MutNovel,"H47P,1.000"
X-3746,LAMA1,284217.0,MutNovel,"V2318M,0.350"
X-3746,LAMB3,3914.0,MutNovel,"R618C,0.462"
X-3746,LARS2,23395.0,Del0.8,0.76
X-3746,LINC00290,728081.0,Del0.8,0.53
X-3746,LLGL2,3993.0,MutNovel,"G996R,0.429"
X-3746,LOC100130992,100130992.0,Del0.8,0.35
X-3746,LOC100499489,100499489.0,Del0.8,0.3
X-3746,LOC100506310,,MutNovel,"E587K,0.561"
X-3746,LOC100996489,,MutNovel,"P61S,1.000"
X-3746,LOC100996689,,MutNovel,"R132C,0.211"
X-3746,LOC402160,402160.0,MutNovel,"A420T,1.000"
X-3746,LOC643699,,MutNovel,"Q392HK,0.250"
X-3746,LOC728888,,MutNovel,"G1064P,1.000"
X-3746,LRIF1,55791.0,MutNovel,"E690K,0.268"
X-3746,LRP1B,53353.0,MutNovel,"S3855F,0.667"
X-3746,LRP3,4037.0,MutNovel,"P599S,0.488"
X-3746,LRRC8B,23507.0,Del0.8,0.3
X-3746,LRRC8C,84230.0,Del0.8,0.24
X-3746,LRRC8D,55144.0,Del0.8,0.49
X-3746,LSM11,134353.0,MutNovel,"G70S,0.750"
X-3746,LSR,51599.0,MutNovel,"G518GR,0.880"
X-3746,LTBP3,4054.0,MutNovel,"L35LCW,0.289"
X-3746,MACROD2,140733.0,MutNovel,"P36L,0.522"
X-3746,MAGEA6,4105.0,MutNovel,"D187N,0.998"
X-3746,MAMLD1,10046.0,MutNovel,"P886L,1.000"
X-3746,MAN2A1,4124.0,MutNovel,"P393L,0.538"
X-3746,MAP3K1,4214.0,MutNovel,"A122V,0.609"
X-3746,MAP3K1,4214.0,MutNovel,"ST941S,0.739"
X-3746,MARK4,57787.0,MutNovel,"G368S,0.595"
X-3746,MASP1,5648.0,MutNovel,"E68K,1.000"
X-3746,MBD4,8930.0,MutNovel,"D510H,0.995"
X-3746,MCM7,4176.0,MutNovel,"D526N,0.493"
X-3746,MEA1,4201.0,MutKnownFunctional,"-152,0.740"
X-3746,MEGF8,1954.0,MutNovel,"F1529S,0.539"
X-3746,MEOX2,4223.0,MutNovel,"HH76H,0.263"
X-3746,METAP1D,254042.0,MutNovel,"P65S,0.455"
X-3746,MGAT4A,11320.0,MutNovel,"P507L,0.511"
X-3746,MMP1,4312.0,MutNovel,"R337K,0.562"
X-3746,MMP9,4318.0,MutNovel,"E573Q,0.614"
X-3746,MTCH1,23787.0,MutNovel,"A16V,0.537"
X-3746,MX1,4599.0,MutNovel,"P237L,0.444"
X-3746,MYH14,79784.0,MutNovel,"V230I,0.521"
X-3746,MYH14,79784.0,MutNovel,"E1811K,0.493"
X-3746,MYH9,4627.0,MutNovel,"P366L,0.502"
X-3746,MYO18A,399687.0,MutNovel,"P156S,0.636"
X-3746,MYO18B,84700.0,MutKnownFunctional,"K1835*,0.704"
X-3746,MYO5B,4645.0,MutNovel,"R1555C,1.000"
X-3746,NACA2,342538.0,MutNovel,"R144K,1.000"
X-3746,NAV1,89796.0,MutNovel,"P50PG,0.500"
X-3746,NBPF1,55672.0,MutNovel,"R1042S,0.300"
X-3746,NBPF1,55672.0,MutNovel,"P404L,0.286"
X-3746,NBPF10,100132406.0,MutNovel,"Y3326S,0.400"
X-3746,NBPF9,400818.0,MutNovel,"Q184R,1.000"
X-3746,NCOR2,9612.0,MutNovel,"G1839GAAA,0.543"
X-3746,NCRNA00185,55410.0,Del0.8,0.23
X-3746,NLGN4Y,22829.0,Del0.8,0.23
X-3746,NMNAT1,64802.0,MutNovel,"I20V,0.493"
X-3746,NNT,23530.0,MutNovel,"P775L,0.299"
X-3746,NOL6,65083.0,MutNovel,"P1016S,1.000"
X-3746,NOTCH3,4854.0,MutNovel,"G2155E,0.545"
X-3746,NR1H2,7376.0,MutNovel,"-173Q,0.402"
X-3746,NUDCD2,134492.0,MutNovel,"P17S,0.582"
X-3746,NUDCD3,23386.0,MutNovel,"E338K,0.463"
X-3746,NVL,4931.0,MutNovel,"S853P,0.505"
X-3746,ODZ3,55714.0,Del0.8,0.34
X-3746,OR2A14,135941.0,MutNovel,"V203M,1.000"
X-3746,ORAI1,84876.0,MutNovel,"PP43-,0.770"
X-3746,ORMDL3,94103.0,MutNovel,"P41S,0.542"
X-3746,PABPC3,5042.0,MutNovel,"KG231-,0.667"
X-3746,PABPC3,5042.0,MutKnownFunctional,"-590,0.667"
X-3746,PAPD5,64282.0,MutNovel,"P384S,0.630"
X-3746,PBX1,5087.0,MutNovel,"SAAA126S,0.333"
X-3746,PCDH11Y,83259.0,Del0.8,0.34
X-3746,PCDH18,54510.0,MutNovel,"H639Y,0.987"
X-3746,PCDHA10,56139.0,MutNovel,"G71R,1.000"
X-3746,PCDHA6,56142.0,MutNovel,"G746E,0.652"
X-3746,PCDHAC1,56135.0,MutNovel,"I541M,1.000"
X-3746,PCDHB10,56126.0,MutNovel,"P220S,0.529"
X-3746,PCDHB15,56121.0,MutNovel,"E346K,0.632"
X-3746,PCDHB7,56129.0,MutKnownFunctional,"-478?,0.418"
X-3746,PCDHB8,56128.0,MutNovel,"S559L,0.409"
X-3746,PDE4DIP,9659.0,MutNovel,"R2291Q,0.500"
X-3746,PDE4DIP,9659.0,MutNovel,"D724N,0.519"
X-3746,PDLIM2,64236.0,MutNovel,"S377F,0.500"
X-3746,PDZD2,23037.0,MutNovel,"E1473K,0.391"
X-3746,PDZRN4,29951.0,MutNovel,"G116R,1.000"
X-3746,PEAR1,375033.0,MutNovel,"R85H,0.500"
X-3746,PEG10,23089.0,MutNovel,"T781I,0.991"
X-3746,PHLDA1,22822.0,MutNovel,"QQ194Q,0.536"
X-3746,PHLDB1,23187.0,MutNovel,"T17S,0.991"
X-3746,PIK3R6,146850.0,MutNovel,"G202E,0.308"
X-3746,PKNOX2,63876.0,MutNovel,"E442-,0.647"
X-3746,PKP1,5317.0,MutNovel,"P248S,1.000"
X-3746,PLEKHG2,64857.0,MutNovel,"V1343M,0.397"
X-3746,PLEKHM3,389072.0,MutNovel,"L523F,0.429"
X-3746,PLXNB2,23654.0,MutNovel,"R647W,0.479"
X-3746,PMEPA1,56937.0,MutNovel,"D145N,0.532"
X-3746,PNPLA6,10908.0,MutNovel,"S1045L,0.576"
X-3746,POLQ,10721.0,MutNovel,"F2321L,1.000"
X-3746,POTEG,404785.0,MutNovel,"M54I,0.417"
X-3746,POTEH,23784.0,MutNovel,"L416S,1.000"
X-3746,POTEH,23784.0,MutNovel,"A183T,1.000"
X-3746,PPAP2B,8613.0,MutNovel,"R292G,1.000"
X-3746,PPAP2C,8612.0,MutNovel,"H299Y,0.632"
X-3746,PPP2R3B,28227.0,MutNovel,"S561C,1.000"
X-3746,PPP4R1,9989.0,MutNovel,"K270E,0.391"
X-3746,PRDM9,56979.0,MutNovel,"S730R,1.000"
X-3746,PRKAA2,5563.0,MutNovel,"S350F,1.000"
X-3746,PRKY,5616.0,Del0.8,0.25
X-3746,PRLR,5618.0,MutNovel,"P377S,1.000"
X-3746,PRRT1,80863.0,MutNovel,"E28K,0.522"
X-3746,PRY,9081.0,Del0.8,0.23
X-3746,PRY,9081.0,Del0.8,0.23
X-3746,PRY2,442862.0,Del0.8,0.23
X-3746,PRY2,442862.0,Del0.8,0.23
X-3746,PTCHD2,57540.0,MutNovel,"T830I,0.600"
X-3746,PTEN,5728.0,Del0.8,0.61
X-3746,PTPRA,5786.0,MutNovel,"E263K,0.526"
X-3746,PZP,5858.0,MutNovel,"G1090R,0.667"
X-3746,QRICH2,84074.0,MutKnownFunctional,"Q667*,0.800"
X-3746,QRSL1,55278.0,MutNovel,"S143N,0.479"
X-3746,QSOX2,169714.0,MutNovel,"G267K,1.000"
X-3746,RAD23A,5886.0,MutNovel,"P124S,0.479"
X-3746,RALA,5898.0,MutNovel,"P121L,0.517"
X-3746,RAPGEF5,9771.0,MutNovel,"S488L,0.850"
X-3746,RASA4B,,MutNovel,"R243Q,1.000"
X-3746,RBMY1A3P,286557.0,Del0.8,0.25
X-3746,RBMY1B,378948.0,Del0.8,0.23
X-3746,RBMY1B,378948.0,Del0.8,0.23
X-3746,RBMY1E,378950.0,Del0.8,0.23
X-3746,RBMY1E,378950.0,Del0.8,0.23
X-3746,RBMY1F,159163.0,Del0.8,0.23
X-3746,RBMY1F,159163.0,Del0.8,0.23
X-3746,RBMY1J,378951.0,Del0.8,0.23
X-3746,RBMY1J,378951.0,Del0.8,0.23
X-3746,RBMY2EP,159125.0,Del0.8,0.23
X-3746,RBMY2FP,159162.0,Del0.8,0.23
X-3746,RBMY3AP,64593.0,Del0.8,0.23
X-3746,RCOR3,55758.0,MutNovel,"A517T,0.470"
X-3746,RDH10,157506.0,MutNovel,"A21V,0.500"
X-3746,REXO1,57455.0,MutNovel,"P544L,0.531"
X-3746,RGS21,431704.0,Del0.8,0.32
X-3746,RIN3,79890.0,MutNovel,"G967-,0.577"
X-3746,RNF11,26994.0,MutNovel,"S14F,0.989"
X-3746,RNF31,55072.0,MutNovel,"S294F,0.351"
X-3746,RNMTL1,55178.0,MutNovel,"H336Y,0.471"
X-3746,ROBO3,64221.0,MutNovel,"P1271S,1.000"
X-3746,RPAP1,26015.0,MutNovel,"P190L,0.463"
X-3746,RPS17,6218.0,MutNovel,"V124G,0.667"
X-3746,RPS4Y1,6192.0,Del0.8,0.34
X-3746,RPS4Y2,140032.0,Del0.8,0.23
X-3746,RUFY1,80230.0,MutNovel,"C8S,0.438"
X-3746,RUFY1,80230.0,MutNovel,"R368Q,0.535"
X-3746,RUFY3,22902.0,MutNovel,"D548H,1.000"
X-3746,RUSC1-AS1,284618.0,MutKnownFunctional,"W29*,0.400"
X-3746,RWDD2B,10069.0,MutNovel,"Y14D,0.713"
X-3746,RXRG,6258.0,MutNovel,"I462N,0.480"
X-3746,RYR2,6262.0,MutNovel,"L1748P,0.667"
X-3746,S1PR2,9294.0,MutNovel,"P265S,0.522"
X-3746,SAMD9L,219285.0,MutNovel,"R519K,0.511"
X-3746,SARNP,84324.0,MutNovel,"V132D,0.461"
X-3746,SBF1,6305.0,MutNovel,"T1497I,0.452"
X-3746,SEC14L1,6397.0,MutNovel,"L461F,0.544"
X-3746,SEMA6D,80031.0,MutNovel,"S1047F,0.564"
X-3746,SENP5,205564.0,MutNovel,"K449T,1.000"
X-3746,SENP5,205564.0,MutNovel,"A575V,0.995"
X-3746,SERINC2,347735.0,MutNovel,"-373Q,0.722"
X-3746,SETDB1,9869.0,MutNovel,"S3F,0.556"
X-3746,SGCA,6442.0,MutNovel,"E317K,0.357"
X-3746,SGSM3,27352.0,MutNovel,"R502C,0.466"
X-3746,SH3BP2,6452.0,MutNovel,"P68S,0.628"
X-3746,SHMT1,6470.0,MutNovel,"L26F,0.536"
X-3746,SIRT4,23409.0,MutNovel,"V79M,0.400"
X-3746,SKAP2,8935.0,MutNovel,"E188K,0.722"
X-3746,SKIV2L2,23517.0,MutNovel,"L470I,0.434"
X-3746,SLC11A1,6556.0,MutNovel,"P440S,1.000"
X-3746,SLC39A4,55630.0,MutNovel,"F534L,0.522"
X-3746,SLC52A1,,MutNovel,"G353E,0.500"
X-3746,SLC7A2,6542.0,MutNovel,"I114V,0.556"
X-3746,SLFN12,55106.0,MutNovel,"S416L,1.000"
X-3746,SMAD3,4088.0,MutNovel,"Y156C,0.446"
X-3746,SMARCC2,6601.0,MutNovel,"D394N,0.432"
X-3746,SNX11,29916.0,MutNovel,"F106V,0.553"
X-3746,SPAG6,9576.0,Del0.8,0.18
X-3746,SPAST,6683.0,MutNovel,"S205F,0.360"
X-3746,SPATA18,132671.0,MutNovel,"S227L,1.000"
X-3746,SPATA5L1,79029.0,MutNovel,"S388F,0.519"
X-3746,SRP19,6728.0,MutNovel,"K136I,0.486"
X-3746,SRPK1,6732.0,MutNovel,"S134L,0.510"
X-3746,SRY,6736.0,Del0.8,0.34
X-3746,SSH1,54434.0,MutNovel,"A4V,0.333"
X-3746,SSH3,54961.0,MutKnownFunctional,"Q205*,0.235"
X-3746,ST6GALNAC6,30815.0,MutNovel,"P186S,1.000"
X-3746,STIL,6491.0,MutNovel,"P453S,0.561"
X-3746,STOML2,30968.0,MutNovel,"V126I,0.997"
X-3746,TAF7L,54457.0,MutNovel,"EDE349E,0.571"
X-3746,TBC1D3B,414059.0,Del0.8,0.5
X-3746,TBC1D9,23158.0,MutNovel,"P276S,1.000"
X-3746,TBL1Y,90665.0,Del0.8,0.25
X-3746,TBP,6908.0,MutNovel,"-64Q,0.462"
X-3746,TCEA2,6919.0,MutNovel,"S61L,0.476"
X-3746,TEKT4,150483.0,MutNovel,"E385Q,1.000"
X-3746,TGFBRAP1,9392.0,MutNovel,"H288R,0.391"
X-3746,TGIF2LY,90655.0,Del0.8,0.34
X-3746,TIMP4,7079.0,MutNovel,"G210S,0.981"
X-3746,TM7SF3,51768.0,MutNovel,"I538V,0.483"
X-3746,TMEM116,89894.0,MutNovel,"T306A,0.610"
X-3746,TMEM176A,55365.0,MutNovel,"E107K,0.842"
X-3746,TMSB4Y,9087.0,Del0.8,0.23
X-3746,TMTC2,160335.0,MutNovel,"L56P,0.488"
X-3746,TNS1,7145.0,MutNovel,"G115E,0.423"
X-3746,TNS3,64759.0,MutNovel,"V1212G,0.491"
X-3746,TOP3B,8940.0,MutNovel,"D670N,0.517"
X-3746,TPCN1,53373.0,MutNovel,"F382L,0.447"
X-3746,TPSAB1,7177.0,MutNovel,"T141A,0.600"
X-3746,TPSB2,64499.0,MutKnownFunctional,"R201*,0.750"
X-3746,TPSB2,64499.0,MutNovel,"T141A,0.500"
X-3746,TPSD1,23430.0,MutNovel,"P157L,0.268"
X-3746,TRPC4AP,26133.0,MutNovel,"Q43K,0.500"
X-3746,TRPC6,7225.0,MutNovel,"A19V,0.323"
X-3746,TRPM2,7226.0,MutNovel,"G1335R,0.450"
X-3746,TSC22D4,81628.0,MutNovel,"P387L,0.456"
X-3746,TSPAN32,10077.0,MutKnownFunctional,"-317,0.450"
X-3746,TSPEAR,54084.0,MutNovel,"E316G,0.386"
X-3746,TSPY1,7258.0,Del0.8,0.05
X-3746,TSPY2,64591.0,Del0.8,0.09
X-3746,TSPY3,728137.0,Del0.8,0.05
X-3746,TSPY4,728395.0,Del0.8,0.05
X-3746,TSPY8,728403.0,Del0.8,0.05
X-3746,TTN,7273.0,MutNovel,"G16534E,0.606"
X-3746,TTTY10,246119.0,Del0.8,0.23
X-3746,TTTY11,83866.0,Del0.8,0.25
X-3746,TTTY12,83867.0,Del0.8,0.25
X-3746,TTTY13,83868.0,Del0.8,0.23
X-3746,TTTY14,83869.0,Del0.8,0.23
X-3746,TTTY15,64595.0,Del0.8,0.23
X-3746,TTTY16,252948.0,Del0.8,0.25
X-3746,TTTY17A,252949.0,Del0.8,0.23
X-3746,TTTY17A,252949.0,Del0.8,0.23
X-3746,TTTY18,252950.0,Del0.8,0.25
X-3746,TTTY19,252952.0,Del0.8,0.25
X-3746,TTTY1B,100101116.0,Del0.8,0.25
X-3746,TTTY1B,100101116.0,Del0.8,0.23
X-3746,TTTY2,60439.0,Del0.8,0.25
X-3746,TTTY2,60439.0,Del0.8,0.23
X-3746,TTTY20,252951.0,Del0.8,0.11
X-3746,TTTY21,252953.0,Del0.8,0.25
X-3746,TTTY21,252953.0,Del0.8,0.23
X-3746,TTTY22,252954.0,Del0.8,0.23
X-3746,TTTY23,252955.0,Del0.8,0.23
X-3746,TTTY23,252955.0,Del0.8,0.09
X-3746,TTTY3,114760.0,Del0.8,0.23
X-3746,TTTY3,114760.0,Del0.8,0.23
X-3746,TTTY4,114761.0,Del0.8,0.23
X-3746,TTTY4,114761.0,Del0.8,0.23
X-3746,TTTY5,83863.0,Del0.8,0.23
X-3746,TTTY6,84672.0,Del0.8,0.23
X-3746,TTTY6,84672.0,Del0.8,0.23
X-3746,TTTY7,246122.0,Del0.8,0.23
X-3746,TTTY7,246122.0,Del0.8,0.25
X-3746,TTTY7B,100101120.0,Del0.8,0.23
X-3746,TTTY7B,100101120.0,Del0.8,0.25
X-3746,TTTY8,84673.0,Del0.8,0.23
X-3746,TTTY8,84673.0,Del0.8,0.25
X-3746,TTTY9A,83864.0,Del0.8,0.23
X-3746,TTTY9A,83864.0,Del0.8,0.23
X-3746,TUBA3D,113457.0,MutNovel,"R156W,1.000"
X-3746,TUBA3D,113457.0,MutNovel,"G162S,1.000"
X-3746,TUBA3D,113457.0,MutNovel,"Y432C,0.933"
X-3746,TXLNG2P,246126.0,Del0.8,0.23
X-3746,UBE2T,29089.0,MutNovel,"D32N,0.459"
X-3746,UBE4B,10277.0,MutNovel,"Q1289R,0.528"
X-3746,UBQLN4,56893.0,MutNovel,"P121S,0.526"
X-3746,UBR4,23352.0,MutNovel,"A1829V,0.440"
X-3746,UNC13B,10497.0,MutKnownFunctional,"E1522*,1.000"
X-3746,UPK3BL,,MutNovel,"L213V,0.618"
X-3746,UQCRC2,7385.0,MutNovel,"H298Y,0.501"
X-3746,USP1,7398.0,MutNovel,"P319S,0.988"
X-3746,USP32,84669.0,MutNovel,"M1059L,0.484"
X-3746,USP34,9736.0,MutNovel,"H2435D,0.542"
X-3746,USP36,57602.0,MutNovel,"KKK958K,0.453"
X-3746,USP6,9098.0,MutNovel,"M857L,1.000"
X-3746,USP9Y,8287.0,Del0.8,0.23
X-3746,UTY,7404.0,Del0.8,0.23
X-3746,VCAN,1462.0,MutNovel,"P1691S,0.519"
X-3746,VCX3A,51481.0,MutNovel,"V150M,1.000"
X-3746,VCY,9084.0,Del0.8,0.23
X-3746,VCY,9084.0,Del0.8,0.23
X-3746,VPRBP,9730.0,MutNovel,"H1127Y,1.000"
X-3746,VPS13B,157680.0,MutNovel,"E3269K,0.525"
X-3746,VWA3A,146177.0,MutNovel,"E88K,1.000"
X-3746,WASH1,100287171.0,MutNovel,"A372G,0.263"
X-3746,WDHD1,11169.0,MutNovel,"S198N,0.375"
X-3746,WDR52,55779.0,MutNovel,"S74L,1.000"
X-3746,WDR62,284403.0,MutNovel,"H1063Y,0.452"
X-3746,WDR86,349136.0,MutNovel,"R356H,0.583"
X-3746,WEE2,494551.0,MutNovel,"P270L,1.000"
X-3746,WNK2,65268.0,MutNovel,"P1962L,1.000"
X-3746,WNK3,65267.0,MutNovel,"M1300I,1.000"
X-3746,WNK4,65266.0,MutNovel,"P727A,0.477"
X-3746,XK,7504.0,MutNovel,"V203M,1.000"
X-3746,XKRY2,353515.0,Del0.8,0.23
X-3746,XKRY2,353515.0,Del0.8,0.23
X-3746,XRCC3,7517.0,MutNovel,"T77M,0.569"
X-3746,ZBTB37,84614.0,MutNovel,"E206G,0.458"
X-3746,ZC2HC1A,,MutNovel,"E103K,0.548"
X-3746,ZDHHC11,79844.0,MutNovel,"H322Y,0.712"
X-3746,ZFHX3,463.0,MutNovel,"QQQ3202Q,0.344"
X-3746,ZFP2,80108.0,MutKnownFunctional,"Q373*,0.500"
X-3746,ZFY,7544.0,Del0.8,0.34
X-3746,ZMAT1,84460.0,MutNovel,"E582K,1.000"
X-3746,ZNF285,26974.0,MutNovel,"S149L,0.529"
X-3746,ZNF34,80778.0,MutNovel,"E94K,0.519"
X-3746,ZNF384,171017.0,MutNovel,"P316L,0.511"
X-3746,ZNF404,342908.0,MutNovel,"R178Q,0.438"
X-3746,ZNF438,220929.0,Del0.8,0.75
X-3746,ZNF469,84627.0,MutNovel,"S1709N,0.556"
X-3746,ZNF474,133923.0,MutKnownFunctional,"-317,1.000"
X-3746,ZNF728,,MutNovel,"K431I,1.000"
X-3746,ZNF747,65988.0,MutNovel,"G104A,0.520"
X-3746,ZNF772,400720.0,MutNovel,"A4GP,0.756"
X-3746,ZNF777,27153.0,MutNovel,"F33S,0.416"
X-3746,ZNF784,147808.0,MutNovel,"E180K,0.422"
X-3746,ZNF845,91664.0,MutNovel,"C276R,0.640"
X-3746,ZNF862,643641.0,MutNovel,"P244S,0.800"
X-3746,ZSCAN29,146050.0,MutNovel,"K605R,0.535"
X-3773,ABCA2,20.0,MutNovel,"R2195Q,0.475"
X-3773,ABCA3,21.0,MutNovel,"D228N,0.353"
X-3773,ABHD14B,84836.0,MutKnownFunctional,"-105?,0.262"
X-3773,ABHD5,51099.0,MutNovel,"L81P,0.457"
X-3773,ABI3BP,25890.0,MutNovel,"P573S,1.000"
X-3773,ACAD11,84129.0,MutNovel,"Y449H,0.290"
X-3773,ACAN,176.0,MutNovel,"G2148E,0.364"
X-3773,ACAP2,23527.0,MutNovel,"H94Y,0.915"
X-3773,ACD,65057.0,MutNovel,"L62F,1.000"
X-3773,ACO1,48.0,MutNovel,"P465S,0.284"
X-3773,ACSM5,54988.0,MutNovel,"P321S,0.444"
X-3773,ACTG1,71.0,MutNovel,"M325I,0.714"
X-3773,ACTR5,79913.0,MutKnownFunctional,"Q522*,0.258"
X-3773,ADAM6,8755.0,Amp5,5.74
X-3773,ADAMTS13,11093.0,MutNovel,"R125W,1.000"
X-3773,ADAMTS7,11173.0,MutNovel,"P332S,0.446"
X-3773,ADARB1,104.0,MutNovel,"P146S,0.364"
X-3773,ADAT2,134637.0,MutNovel,"R159Q,0.333"
X-3773,ADORA1,134.0,MutNovel,"T298I,1.000"
X-3773,ADRA1B,147.0,MutNovel,"D91I,0.415"
X-3773,AES,166.0,MutNovel,"D264N,0.962"
X-3773,AFG3L2,10939.0,MutNovel,"K297N,0.361"
X-3773,AFMID,125061.0,MutNovel,"Y126C,0.417"
X-3773,AGAP5,729092.0,MutNovel,"P283S,0.606"
X-3773,AGAP5,729092.0,MutNovel,"P222S,0.375"
X-3773,AGK,55750.0,MutNovel,"A392V,0.488"
X-3773,AHDC1,27245.0,MutNovel,"P306F,0.662"
X-3773,AHNAK2,113146.0,MutNovel,"P5408S,0.370"
X-3773,AHNAK2,113146.0,MutNovel,"S4769L,0.662"
X-3773,AK2,204.0,MutNovel,"R202G,0.316"
X-3773,AKAP10,11216.0,MutNovel,"A61V,1.000"
X-3773,AKAP11,11215.0,MutNovel,"S1483F,1.000"
X-3773,AKAP12,9590.0,MutNovel,"E99-,0.303"
X-3773,AKAP7,9465.0,MutNovel,"A41S,0.341"
X-3773,AKD1,221264.0,MutNovel,"R316C,0.250"
X-3773,AKD1,221264.0,MutNovel,"P178S,0.206"
X-3773,ALDH1B1,219.0,MutNovel,"G466E,0.756"
X-3773,ALDH5A1,7915.0,MutNovel,"P149L,0.304"
X-3773,ALDH5A1,7915.0,MutNovel,"G155E,0.367"
X-3773,ALDH6A1,4329.0,MutNovel,"A363V,0.213"
X-3773,ALKBH6,84964.0,MutNovel,"Y205F,0.550"
X-3773,ALPK2,115701.0,MutNovel,"E1424K,0.531"
X-3773,ALS2,57679.0,MutNovel,"P1015S,0.723"
X-3773,AMIGO2,347902.0,MutNovel,"H102Y,0.600"
X-3773,ANKRD12,23253.0,MutNovel,"P188S,0.769"
X-3773,ANKRD24,170961.0,MutKnownFunctional,"R320*,1.000"
X-3773,ANKRD27,84079.0,Amp8,12.21
X-3773,ANKS3,124401.0,MutNovel,"SS334S,0.226"
X-3773,AP2B1,163.0,MutNovel,"P534S,0.335"
X-3773,APLNR,187.0,Del0.8,0.67
X-3773,APOL1,8542.0,MutNovel,"R162Q,0.405"
X-3773,ARFGEF1,10565.0,MutNovel,"H319Y,0.683"
X-3773,ARHGAP22,58504.0,MutNovel,"G401S,0.524"
X-3773,ARHGAP23,57636.0,MutNovel,"A1225V,0.698"
X-3773,ARHGAP30,257106.0,MutNovel,"T1018A,1.000"
X-3773,ARHGAP9,64333.0,MutNovel,"H111Y,1.000"
X-3773,ARHGEF11,9826.0,MutNovel,"E258D,1.000"
X-3773,ARHGEF7,8874.0,MutNovel,"S539T,0.536"
X-3773,ARID1A,8289.0,MutKnownFunctional,"IQ2127I*,0.286"
X-3773,ARID3B,10620.0,MutNovel,"S333F,0.571"
X-3773,ARID4A,5926.0,MutNovel,"L1137P,0.734"
X-3773,ARNTL2,56938.0,MutNovel,"G11D,1.000"
X-3773,ARRDC1,92714.0,MutNovel,"H13Y,0.622"
X-3773,ARSK,153642.0,MutNovel,"S69F,0.500"
X-3773,ART3,419.0,MutNovel,"E59K,1.000"
X-3773,ASCC1,51008.0,MutNovel,"R60W,0.360"
X-3773,ASTN2,23245.0,MutNovel,"S698F,0.788"
X-3773,ASXL2,55252.0,MutNovel,"P52S,0.394"
X-3773,ATAD2,29028.0,MutNovel,"T612I,0.307"
X-3773,ATAD3C,219293.0,MutKnownFunctional,"R135*,0.588"
X-3773,ATG2B,55102.0,MutNovel,"E387V,0.204"
X-3773,ATG4B,23192.0,MutNovel,"S163F,0.383"
X-3773,ATG4B,23192.0,MutNovel,"P196S,0.479"
X-3773,ATG9B,285973.0,MutNovel,"E813K,0.333"
X-3773,ATM,472.0,MutNovel,"L615F,0.767"
X-3773,ATP13A2,23400.0,MutNovel,"P1111S,0.852"
X-3773,ATP8B2,57198.0,MutNovel,"F501I,0.709"
X-3773,ATP9A,10079.0,MutNovel,"S433F,0.222"
X-3773,ATPBD4,89978.0,MutNovel,"P172S,0.375"
X-3773,ATXN1L,342371.0,MutNovel,"S62N,0.319"
X-3773,AVEN,57099.0,MutNovel,"P208S,0.405"
X-3773,BAI3,577.0,MutNovel,"S801L,0.667"
X-3773,BAZ2B,29994.0,MutNovel,"G1655R,0.811"
X-3773,BBS10,79738.0,MutNovel,"S545C,1.000"
X-3773,BCKDHA,593.0,MutNovel,"R124W,0.536"
X-3773,BCLAF1,9774.0,MutNovel,"K164E,0.642"
X-3773,BDP1,55814.0,MutNovel,"F1836L,0.560"
X-3773,BFAR,51283.0,MutNovel,"M241R,0.368"
X-3773,BIN3,55909.0,MutNovel,"R233W,0.274"
X-3773,BMP2K,55589.0,MutNovel,"QQQQ478-,0.385"
X-3773,BMP6,654.0,MutNovel,"R28Q,1.000"
X-3773,BOLA1,51027.0,MutNovel,"A112V,0.294"
X-3773,BPIFB4,149954.0,MutNovel,"D597N,0.750"
X-3773,BPTF,2186.0,MutNovel,"S1485L,0.208"
X-3773,BRAF,673.0,MutNovel,"S732F,0.477"
X-3773,BSN,8927.0,MutNovel,"R265K,1.000"
X-3773,BTBD18,643376.0,Del0.8,0.67
X-3773,C10orf54,64115.0,MutNovel,"A257T,0.513"
X-3773,C10orf88,80007.0,MutNovel,"P258S,0.613"
X-3773,C10orf95,79946.0,MutNovel,"A161T,1.000"
X-3773,C11orf31,280636.0,Del0.8,0.67
X-3773,C12orf35,55196.0,MutNovel,"P278S,1.000"
X-3773,C12orf51,283450.0,MutNovel,"P884L,1.000"
X-3773,C16orf7,9605.0,MutNovel,"P337S,0.342"
X-3773,C16orf89,146556.0,MutNovel,"V310M,0.511"
X-3773,C17orf53,78995.0,MutKnownFunctional,"Q434*,0.359"
X-3773,C17orf85,55421.0,MutNovel,"P378S,1.000"
X-3773,C19orf12,83636.0,Amp8,13.45
X-3773,C19orf40,91442.0,Amp8,12.21
X-3773,C1orf144,26099.0,MutNovel,"S87F,0.360"
X-3773,C21orf58,54058.0,MutNovel,"H299PN,0.305"
X-3773,C22orf32,91689.0,MutNovel,"L92F,0.378"
X-3773,C2CD3,26005.0,MutNovel,"S1559F,1.000"
X-3773,C2orf44,80304.0,MutNovel,"S696F,0.522"
X-3773,C2orf55,343990.0,MutNovel,"D615N,0.500"
X-3773,C2orf55,343990.0,MutNovel,"D94A,1.000"
X-3773,C3orf19,51244.0,MutNovel,"S371F,0.495"
X-3773,C3orf35,339883.0,MutNovel,"S100L,0.389"
X-3773,C3orf37,56941.0,MutNovel,"S194T,0.684"
X-3773,C4B,721.0,MutNovel,"P1206S,0.833"
X-3773,C5orf65,389333.0,MutNovel,"S681F,0.591"
X-3773,CABIN1,23523.0,MutNovel,"P266F,0.245"
X-3773,CABLES1,91768.0,MutNovel,"T400I,0.585"
X-3773,CACNA1A,773.0,MutNovel,"QQQQQQ2326-,0.750"
X-3773,CACNA1D,776.0,MutNovel,"G2129R,0.375"
X-3773,CACNA2D1,781.0,MutNovel,"P525S,0.333"
X-3773,CASC3,22794.0,MutNovel,"T443I,0.645"
X-3773,CASP8AP2,9994.0,MutNovel,"N106K,0.310"
X-3773,CASZ1,54897.0,MutNovel,"S220F,0.500"
X-3773,CBLB,868.0,MutNovel,"E969K,0.354"
X-3773,CBLB,868.0,MutNovel,"P807S,0.286"
X-3773,CBX2,84733.0,MutNovel,"S87-,0.229"
X-3773,CBX4,8535.0,MutNovel,"T551I,0.457"
X-3773,CBX4,8535.0,MutNovel,"HHH398-,0.374"
X-3773,CCDC102A,92922.0,MutNovel,"A341T,0.703"
X-3773,CCDC13,152206.0,MutNovel,"K348T,0.500"
X-3773,CCDC144B,284047.0,Del0.8,0.68
X-3773,CCDC41,51134.0,MutNovel,"P129L,1.000"
X-3773,CCDC51,79714.0,MutKnownFunctional,"R249*,0.227"
X-3773,CCDC71L,168455.0,MutNovel,"P149S,0.706"
X-3773,CCDC77,84318.0,MutNovel,"S369F,0.329"
X-3773,CCNE1,898.0,Amp8,13.45
X-3773,CCNF,899.0,MutNovel,"L187F,0.510"
X-3773,CCZ1B,221960.0,MutNovel,"S83T,0.947"
X-3773,CD226,10666.0,MutNovel,"S107F,0.500"
X-3773,CDC25A,993.0,MutNovel,"P388S,0.467"
X-3773,CDC42EP1,11135.0,MutNovel,"PAPAANPS253P,0.759"
X-3773,CDH19,28513.0,MutNovel,"S590F,0.360"
X-3773,CDH23,64072.0,MutNovel,"E2080K,0.455"
X-3773,CDH6,1004.0,MutNovel,"E722K,1.000"
X-3773,CDH7,1005.0,MutNovel,"S93F,0.394"
X-3773,CDH7,1005.0,MutNovel,"E296K,0.652"
X-3773,CDH7,1005.0,MutNovel,"D474A,0.662"
X-3773,CDKN1B,1027.0,MutNovel,"G72S,1.000"
X-3773,CDKN1C,1028.0,MutNovel,"APVAV171V,0.509"
X-3773,CDKN3,1033.0,MutNovel,"T136I,0.214"
X-3773,CEBPA,1050.0,Amp8,12.21
X-3773,CEBPG,1054.0,Amp8,12.21
X-3773,CEBPZ,10153.0,MutNovel,"L613F,0.542"
X-3773,CELF4,56853.0,MutNovel,"D151Y,0.500"
X-3773,CELSR1,9620.0,MutNovel,"S2637F,0.456"
X-3773,CEP128,145508.0,MutNovel,"A624V,0.667"
X-3773,CEP89,84902.0,Amp8,12.21
X-3773,CFB,629.0,MutNovel,"S237F,0.800"
X-3773,CGRRF1,10668.0,MutNovel,"H223Y,0.816"
X-3773,CHST15,51363.0,MutNovel,"E554K,0.385"
X-3773,CHST15,51363.0,MutNovel,"D538N,0.316"
X-3773,CHST2,9435.0,MutNovel,"S464F,0.555"
X-3773,CIR1,9541.0,MutNovel,"F338Y,0.395"
X-3773,CLEC18A,348174.0,MutNovel,"L411H,0.429"
X-3773,CLEC18B,497190.0,MutNovel,"T246P,0.311"
X-3773,CLP1,10978.0,Del0.8,0.67
X-3773,CLSPN,63967.0,MutKnownFunctional,"R815*,0.275"
X-3773,CLSTN1,22883.0,MutNovel,"P639S,0.338"
X-3773,CLSTN3,9746.0,MutNovel,"P941S,0.988"
X-3773,CMYA5,202333.0,MutNovel,"E3498K,0.778"
X-3773,CNDP1,84735.0,MutNovel,"E208K,0.456"
X-3773,CNGA1,1259.0,MutKnownFunctional,"Q262*,1.000"
X-3773,CNTF,1270.0,MutKnownFunctional,"Q63*,1.000"
X-3773,CNTF,1270.0,Del0.8,0.67
X-3773,CNTROB,116840.0,MutNovel,"P774S,0.998"
X-3773,CNTROB,116840.0,MutNovel,"S916C,1.000"
X-3773,COL14A1,7373.0,MutNovel,"V1372I,0.654"
X-3773,COL15A1,1306.0,MutNovel,"G254E,0.487"
X-3773,COL22A1,169044.0,MutNovel,"P1319L,0.333"
X-3773,COL28A1,340267.0,MutNovel,"G484S,0.375"
X-3773,COL2A1,1280.0,MutNovel,"G159E,1.000"
X-3773,COL4A3,1285.0,MutNovel,"P68S,0.600"
X-3773,COL4A4,1286.0,MutNovel,"G1227E,1.000"
X-3773,COL5A1,1289.0,MutNovel,"G1162E,0.625"
X-3773,COL5A1,1289.0,MutNovel,"P1385L,0.638"
X-3773,COL5A3,50509.0,MutNovel,"P370S,1.000"
X-3773,COL6A2,1292.0,MutNovel,"P563S,0.353"
X-3773,COL6A3,1293.0,MutNovel,"E733K,0.239"
X-3773,COL7A1,1294.0,MutNovel,"P223L,0.531"
X-3773,COL8A2,1296.0,MutNovel,"G384E,0.900"
X-3773,COL9A3,1299.0,MutNovel,"G478D,0.260"
X-3773,CORO2A,7464.0,MutNovel,"E127K,0.654"
X-3773,CORO2B,10391.0,MutNovel,"D254G,0.473"
X-3773,CPM,1368.0,MutNovel,"G264E,1.000"
X-3773,CPSF2,53981.0,MutNovel,"I376T,0.728"
X-3773,CPXM1,56265.0,MutNovel,"P142L,0.513"
X-3773,CREBBP,1387.0,MutNovel,"P858L,0.433"
X-3773,CRLF1,9244.0,MutNovel,"LL25L,0.929"
X-3773,CROCC,9696.0,MutNovel,"S432F,0.585"
X-3773,CRYZ,1429.0,MutNovel,"R55C,0.427"
X-3773,CSAG1,158511.0,MutNovel,"E70K,1.000"
X-3773,CSNK1E,1454.0,MutNovel,"S368L,0.454"
X-3773,CSNK2A1,1457.0,MutNovel,"V327A,0.563"
X-3773,CSPP1,79848.0,MutNovel,"P635L,0.750"
X-3773,CTNND1,1500.0,Del0.8,0.67
X-3773,CTSA,5476.0,MutNovel,"L29-,0.613"
X-3773,CUL5,8065.0,MutNovel,"E482K,1.000"
X-3773,CUZD1,50624.0,MutNovel,"R539C,0.550"
X-3773,CXorf66,347487.0,Del0.8,0.8
X-3773,CYP2E1,1571.0,MutNovel,"E276K,1.000"
X-3773,CYP3A5,1577.0,MutNovel,"G153E,0.579"
X-3773,CYS1,192668.0,MutNovel,"R35L,0.500"
X-3773,DACT2,168002.0,MutNovel,"P356S,0.273"
X-3773,DAZ1,1617.0,Del0.8,0.79
X-3773,DBF4,10926.0,MutNovel,"H315P,0.488"
X-3773,DDO,8528.0,MutNovel,"S292F,0.300"
X-3773,DDRGK1,65992.0,MutNovel,"R131Q,0.458"
X-3773,DDX17,10521.0,MutNovel,"S678T,0.461"
X-3773,DDX20,11218.0,MutNovel,"L250S,0.604"
X-3773,DDX3Y,8653.0,MutNovel,"P272L,1.000"
X-3773,DEPDC4,120863.0,MutNovel,"P194L,1.000"
X-3773,DHRS3,9249.0,MutNovel,"F298V,0.320"
X-3773,DHRS7B,25979.0,MutNovel,"R301Q,1.000"
X-3773,DKFZp566F0947,94023.0,Amp8,13.93
X-3773,DNHD1,144132.0,MutNovel,"E1243K,1.000"
X-3773,DNMT3A,1788.0,MutKnownFunctional,"-667?,0.237"
X-3773,DOCK3,1795.0,MutKnownFunctional,"Q1046*,0.708"
X-3773,DOCK3,1795.0,MutNovel,"R1994G,0.462"
X-3773,DPP7,29952.0,MutNovel,"I469-,0.459"
X-3773,DPY19L3,147991.0,Amp8,18.13
X-3773,DSCAML1,57453.0,MutNovel,"R1995Q,1.000"
X-3773,DSE,29940.0,MutNovel,"V156A,0.500"
X-3773,DSP,1832.0,MutNovel,"D406N,0.400"
X-3773,DSP,1832.0,MutNovel,"G2345E,0.387"
X-3773,DTNB,1838.0,MutNovel,"M213I,0.430"
X-3773,DTX4,23220.0,Del0.8,0.67
X-3773,DUSP18,150290.0,MutNovel,"I177M,0.263"
X-3773,DYNC1H1,1778.0,MutNovel,"Q73P,0.442"
X-3773,DYNC2H1,79659.0,MutNovel,"P3973S,1.000"
X-3773,DZIP1L,199221.0,MutNovel,"S12N,0.667"
X-3773,EARS2,124454.0,MutNovel,"E366K,0.490"
X-3773,EEF2K,29904.0,MutNovel,"P686S,0.412"
X-3773,EFS,10278.0,MutNovel,"P181S,0.281"
X-3773,EFTUD1,79631.0,MutNovel,"P757L,0.415"
X-3773,EHD3,30845.0,MutNovel,"R287Q,0.752"
X-3773,EHD3,30845.0,MutKnownFunctional,"Q372*,0.233"
X-3773,EIF2C2,27161.0,MutNovel,"P155F,0.409"
X-3773,ELFN2,114794.0,MutNovel,"S103L,0.652"
X-3773,ELL3,80237.0,MutNovel,"E138A,0.692"
X-3773,ELN,2006.0,MutNovel,"G695E,0.649"
X-3773,EMID1,129080.0,MutNovel,"G244R,0.393"
X-3773,EML5,161436.0,MutNovel,"A1236T,0.600"
X-3773,EML5,161436.0,MutNovel,"G1211E,0.429"
X-3773,EML6,400954.0,MutNovel,"S157F,0.571"
X-3773,EMR3,84658.0,MutKnownFunctional,"F434*,1.000"
X-3773,EMR3,84658.0,MutNovel,"A425D,1.000"
X-3773,EPB41L4B,54566.0,MutNovel,"K322E,0.486"
X-3773,EPC1,80314.0,MutNovel,"S713L,0.690"
X-3773,EPHB4,2050.0,MutNovel,"D709N,0.456"
X-3773,EPS15,2060.0,MutNovel,"P515L,0.535"
X-3773,ERCC6,2074.0,MutNovel,"L911F,0.538"
X-3773,ERGIC1,57222.0,MutNovel,"L39F,0.482"
X-3773,ETF1,2107.0,MutKnownFunctional,"Q401*,0.367"
X-3773,EXD3,54932.0,MutNovel,"A665V,0.455"
X-3773,EXOC3L2,90332.0,MutNovel,"G349R,0.750"
X-3773,EXTL3,2137.0,MutNovel,"T293I,0.763"
X-3773,EYA2,2139.0,MutNovel,"S98F,0.794"
X-3773,FAF1,11124.0,MutNovel,"R233C,0.463"
X-3773,FAM106A,80039.0,Del0.8,0.35
X-3773,FAM111A,63901.0,Del0.8,0.67
X-3773,FAM111B,374393.0,Del0.8,0.67
X-3773,FAM115A,9747.0,MutNovel,"R523H,0.532"
X-3773,FAM117B,150864.0,MutNovel,"I329M,0.500"
X-3773,FAM126B,285172.0,MutNovel,"P432L,0.576"
X-3773,FAM135B,51059.0,MutNovel,"T1040I,0.600"
X-3773,FAM13C,220965.0,MutNovel,"E282K,0.414"
X-3773,FAM153B,202134.0,Del0.8,0.73
X-3773,FAM171A1,221061.0,MutNovel,"S351F,0.723"
X-3773,FAM171A2,284069.0,MutNovel,"S283F,0.667"
X-3773,FAM195A,84331.0,MutNovel,"T20A,0.512"
X-3773,FAM208B,54906.0,MutNovel,"S1998P,0.720"
X-3773,FAM212B,55924.0,MutNovel,"G132R,0.470"
X-3773,FAM21A,387680.0,MutNovel,"R385W,0.400"
X-3773,FAM21A,387680.0,Del0.8,0.7
X-3773,FAM53C,51307.0,MutNovel,"P338S,0.500"
X-3773,FAM58A,92002.0,MutNovel,"P186L,0.992"
X-3773,FAM59A,64762.0,MutNovel,"G193S,0.446"
X-3773,FAM78B,149297.0,MutNovel,"E227K,1.000"
X-3773,FAM82A1,151393.0,MutNovel,"L43F,0.509"
X-3773,FAM83H,286077.0,MutNovel,"P562L,0.379"
X-3773,FANCG,2189.0,MutNovel,"R513W,0.681"
X-3773,FASN,2194.0,MutNovel,"R2049W,0.347"
X-3773,FASN,2194.0,MutNovel,"P1870L,0.367"
X-3773,FASTKD2,22868.0,MutNovel,"S571L,0.391"
X-3773,FAT2,2196.0,MutNovel,"E4189K,0.273"
X-3773,FBLN1,2192.0,MutNovel,"D585N,0.699"
X-3773,FCRLA,84824.0,MutNovel,"P144F,1.000"
X-3773,FFAR3,2865.0,Del0.8,0.76
X-3773,FHOD3,80206.0,MutNovel,"P870S,0.615"
X-3773,FLNC,2318.0,MutNovel,"R490C,0.407"
X-3773,FLNC,2318.0,MutNovel,"V2724I,0.308"
X-3773,FMN2,56776.0,MutNovel,"L475F,0.996"
X-3773,FMN2,56776.0,MutNovel,"H801Y,1.000"
X-3773,FMN2,56776.0,MutNovel,"P988L,0.229"
X-3773,FNDC1,84624.0,MutNovel,"P1380L,0.368"
X-3773,FNDC1,84624.0,MutNovel,"P1446S,0.556"
X-3773,FOXN4,121643.0,MutNovel,"R105Q,1.000"
X-3773,FRMD5,84978.0,MutNovel,"D385N,0.659"
X-3773,FRMD5,84978.0,MutNovel,"M328I,0.500"
X-3773,FRMPD1,22844.0,MutNovel,"E586K,1.000"
X-3773,FRYL,285527.0,MutNovel,"P1325S,1.000"
X-3773,FSTL4,23105.0,MutNovel,"P619L,0.857"
X-3773,FYCO1,79443.0,MutNovel,"R1424G,0.500"
X-3773,GABBR2,9568.0,MutNovel,"D638N,0.562"
X-3773,GABPB1,2553.0,MutNovel,"P289L,0.541"
X-3773,GABRA2,2555.0,MutNovel,"D345N,1.000"
X-3773,GABRA2,2555.0,MutNovel,"L111F,1.000"
X-3773,GAL3ST1,9514.0,MutNovel,"R202C,0.508"
X-3773,GALC,2581.0,MutNovel,"Y254N,0.771"
X-3773,GALNTL1,57452.0,MutNovel,"P467L,1.000"
X-3773,GARNL3,84253.0,MutNovel,"I450M,0.357"
X-3773,GAS2,2620.0,MutNovel,"R230K,1.000"
X-3773,GBE1,2632.0,MutNovel,"P440S,0.535"
X-3773,GFM1,85476.0,MutNovel,"P722L,0.504"
X-3773,GIGYF2,26058.0,MutNovel,"R819P,0.443"
X-3773,GIGYF2,26058.0,MutNovel,"PQ1231P,0.370"
X-3773,GIT2,9815.0,MutNovel,"L362F,1.000"
X-3773,GK,2710.0,MutNovel,"R505C,1.000"
X-3773,GLB1,2720.0,MutNovel,"P656L,0.408"
X-3773,GLCCI1,113263.0,MutNovel,"S498L,1.000"
X-3773,GLDC,2731.0,MutNovel,"E1006K,0.656"
X-3773,GLIS3,169792.0,MutNovel,"G65E,0.667"
X-3773,GLTPD1,80772.0,MutNovel,"S145L,0.667"
X-3773,GLTPD1,80772.0,MutNovel,"P192L,0.309"
X-3773,GLTSCR1,29998.0,MutNovel,"P128L,0.400"
X-3773,GLYAT,10249.0,Del0.8,0.67
X-3773,GLYATL1,92292.0,Del0.8,0.67
X-3773,GLYATL2,219970.0,Del0.8,0.67
X-3773,GMFG,9535.0,MutNovel,"E46K,0.609"
X-3773,GMIP,51291.0,MutNovel,"R942W,1.000"
X-3773,GMIP,51291.0,MutNovel,"S830D,1.000"
X-3773,GOLGA6L4,,MutKnownFunctional,"E298*,0.750"
X-3773,GON4L,54856.0,MutNovel,"S52N,1.000"
X-3773,GPATCH1,55094.0,Amp8,12.21
X-3773,GPR113,165082.0,MutNovel,"P521L,0.667"
X-3773,GPR126,57211.0,MutNovel,"G928R,0.632"
X-3773,GSTT1,2952.0,Amp5,5.24
X-3773,GSTTP1,25774.0,Amp5,5.24
X-3773,GTF2F1,2962.0,MutNovel,"N384K,0.502"
X-3773,GTF2I,2969.0,MutNovel,"A487V,0.575"
X-3773,GTPBP1,9567.0,MutNovel,"R556W,0.545"
X-3773,GTSE1,51512.0,MutNovel,"F88Y,0.516"
X-3773,GTSE1,51512.0,MutKnownFunctional,"Q119*,0.510"
X-3773,GTSE1,51512.0,MutNovel,"P600S,0.524"
X-3773,HADHB,3032.0,MutNovel,"R238W,0.486"
X-3773,HAS2,3037.0,MutNovel,"M131L,0.773"
X-3773,HEATR3,55027.0,MutNovel,"P379S,0.642"
X-3773,HEATR8,374977.0,MutNovel,"P409S,0.667"
X-3773,HECW2,57520.0,MutNovel,"E627K,0.800"
X-3773,HEMK1,51409.0,MutNovel,"P311L,0.509"
X-3773,HERC2,8924.0,MutNovel,"L1537I,0.576"
X-3773,HGC6.3,100128124.0,MutNovel,"P108Q,0.400"
X-3773,HIST1H2AG,8969.0,MutNovel,"I80N,0.412"
X-3773,HIST2H2AB,317772.0,MutNovel,"N111D,0.250"
X-3773,HIVEP1,3096.0,MutNovel,"P2675F,0.353"
X-3773,HKDC1,80201.0,MutNovel,"G526E,0.582"
X-3773,HNRNPL,3191.0,MutNovel,"P338A,0.496"
X-3773,HOMEZ,57594.0,MutNovel,"E537D,0.231"
X-3773,HOXD8,3234.0,MutNovel,"A70AHP,0.257"
X-3773,HSPA1L,3305.0,MutNovel,"R301K,0.385"
X-3773,HSPA1L,3305.0,MutNovel,"E112K,0.375"
X-3773,IDE,3416.0,MutNovel,"R892C,0.318"
X-3773,IFT81,28981.0,MutKnownFunctional,"Q519*,1.000"
X-3773,IGDCC4,57722.0,MutNovel,"V730E,0.545"
X-3773,IGFN1,91156.0,MutNovel,"G270E,1.000"
X-3773,IGFN1,91156.0,MutNovel,"S1699F,0.778"
X-3773,IGFN1,91156.0,MutNovel,"D2001N,0.519"
X-3773,IGFN1,91156.0,MutNovel,"G2839E,1.000"
X-3773,IGFN1,91156.0,MutNovel,"E2859K,1.000"
X-3773,IGSF3,3321.0,MutNovel,"D1040GN,0.208"
X-3773,IGSF9B,22997.0,MutNovel,"T495R,1.000"
X-3773,IL1R1,3554.0,MutNovel,"G241E,0.947"
X-3773,IL1RAP,3556.0,MutNovel,"P128S,0.547"
X-3773,INTS6,26512.0,MutNovel,"P244L,1.000"
X-3773,INVS,27130.0,MutNovel,"L254S,0.320"
X-3773,IREB2,3658.0,MutNovel,"L955I,0.393"
X-3773,IRF1,3659.0,MutNovel,"P312S,0.523"
X-3773,ISLR,3671.0,MutNovel,"G68D,0.662"
X-3773,ISOC2,79763.0,MutNovel,"S39L,0.461"
X-3773,ITGAX,3687.0,MutNovel,"V928I,0.556"
X-3773,JAKMIP2,9832.0,MutNovel,"S422N,0.600"
X-3773,JMJD1C,221037.0,MutNovel,"H274Y,0.476"
X-3773,JUP,3728.0,MutNovel,"Q519H,0.538"
X-3773,KANK4,163782.0,MutNovel,"R54K,0.480"
X-3773,KCNF1,3754.0,MutNovel,"S177L,0.276"
X-3773,KCNF1,3754.0,MutNovel,"S307F,0.579"
X-3773,KCNMA1,3778.0,MutNovel,"P448S,0.351"
X-3773,KCNS3,3790.0,MutNovel,"G334D,0.428"
X-3773,KDM2A,22992.0,MutNovel,"P1025A,0.533"
X-3773,KDM4C,23081.0,MutNovel,"D1037N,0.707"
X-3773,KHDRBS1,10657.0,MutNovel,"W416G,0.361"
X-3773,KIAA0125,9834.0,Amp5,5.74
X-3773,KIAA0232,9778.0,MutNovel,"P1072L,1.000"
X-3773,KIAA1199,57214.0,MutNovel,"P510L,0.724"
X-3773,KIAA1217,56243.0,MutNovel,"P315S,0.214"
X-3773,KIAA1755,85449.0,MutNovel,"P315L,0.654"
X-3773,KIAA1841,84542.0,MutNovel,"P620F,0.345"
X-3773,KIAA2018,205717.0,MutNovel,"D1070N,0.833"
X-3773,KIF19,124602.0,MutNovel,"E642A,0.463"
X-3773,KIF1B,23095.0,MutNovel,"P1175S,0.550"
X-3773,KIF20B,9585.0,MutNovel,"L1062LKV,0.388"
X-3773,KIF2A,3796.0,MutNovel,"P152L,0.391"
X-3773,KIF3A,11127.0,MutNovel,"R242K,0.500"
X-3773,KIFC1,3833.0,MutNovel,"S373F,0.653"
X-3773,KLHL26,55295.0,MutNovel,"A244P,0.385"
X-3773,KLHL29,114818.0,MutNovel,"M840I,0.385"
X-3773,KLHL36,79786.0,MutNovel,"S305F,0.704"
X-3773,KRT16,3868.0,MutNovel,"R284C,0.400"
X-3773,KSR1,8844.0,MutNovel,"M540I,0.725"
X-3773,LACE1,246269.0,MutNovel,"R374Q,0.286"
X-3773,LAD1,3898.0,MutNovel,"E137K,0.994"
X-3773,LAMA5,3911.0,MutNovel,"P2154S,0.682"
X-3773,LAMA5,3911.0,MutNovel,"R618Q,0.289"
X-3773,LANCL1,10314.0,MutNovel,"S325F,0.495"
X-3773,LATS1,9113.0,MutNovel,"P786L,0.429"
X-3773,LCE3B,353143.0,Del0.8,0.44
X-3773,LCLAT1,253558.0,MutNovel,"I350L,0.491"
X-3773,LGALS9C,654346.0,Del0.8,0.21
X-3773,LGR6,59352.0,MutNovel,"S461F,1.000"
X-3773,LIF,3976.0,MutNovel,"P56S,0.605"
X-3773,LIFR,3977.0,MutNovel,"D816N,0.420"
X-3773,LIM2,3982.0,MutNovel,"G163R,0.448"
X-3773,LINC00226,338004.0,Amp5,7.36
X-3773,LINS,55180.0,MutNovel,"R317C,0.542"
X-3773,LIX1L,128077.0,MutNovel,"A290V,0.325"
X-3773,LMAN1,3998.0,MutNovel,"L260F,0.482"
X-3773,LMBR1,64327.0,MutNovel,"L77F,0.287"
X-3773,LMBR1L,55716.0,MutNovel,"P258S,1.000"
X-3773,LMTK2,22853.0,MutNovel,"E1498K,0.202"
X-3773,LOC100288332,,MutNovel,"R269C,0.667"
X-3773,LOC100505835,100505835.0,Amp5,7.62
X-3773,LOC100506012,100506012.0,MutNovel,"P87L,0.429"
X-3773,LOC100507387,100507387.0,Del0.8,0.73
X-3773,LOC148145,148145.0,Amp5,7.62
X-3773,LOC148189,148189.0,Amp5,5.82
X-3773,LOC283194,283194.0,Del0.8,0.67
X-3773,LOC284395,284395.0,Amp5,7.62
X-3773,LOC390705,390705.0,Del0.8,0.79
X-3773,LOC391322,391322.0,Amp5,5.24
X-3773,LOC646021,,MutNovel,"V48A,1.000"
X-3773,LOC728715,,MutNovel,"S94F,0.624"
X-3773,LOC728888,,MutNovel,"G138S,1.000"
X-3773,LOC80054,80054.0,Amp8,12.21
X-3773,LPAR1,1902.0,MutNovel,"S12L,0.442"
X-3773,LPHN2,23266.0,MutKnownFunctional,"Q363*,0.300"
X-3773,LPIN1,23175.0,MutNovel,"S552F,0.556"
X-3773,LPIN1,23175.0,MutNovel,"S762F,0.470"
X-3773,LPXN,9404.0,Del0.8,0.67
X-3773,LRFN5,145581.0,MutNovel,"H127Y,0.826"
X-3773,LRP1B,53353.0,MutNovel,"E4182K,0.540"
X-3773,LRP1B,53353.0,MutNovel,"D2326N,0.524"
X-3773,LRP3,4037.0,Amp8,12.21
X-3773,LRP6,4040.0,MutNovel,"Y182H,1.000"
X-3773,LRPPRC,10128.0,MutNovel,"R973K,0.517"
X-3773,LRRC16A,55604.0,MutNovel,"R1065W,0.545"
X-3773,LRRC16B,90668.0,MutNovel,"N624S,0.417"
X-3773,LRRC55,219527.0,Del0.8,0.67
X-3773,LSR,51599.0,MutNovel,"G518GR,0.348"
X-3773,LTBP2,4053.0,MutNovel,"M1411I,0.216"
X-3773,LTBP2,4053.0,MutNovel,"H803Y,0.768"
X-3773,LTN1,26046.0,MutNovel,"F724S,0.360"
X-3773,LYST,1130.0,MutNovel,"P2783L,1.000"
X-3773,LYST,1130.0,MutNovel,"L1169F,1.000"
X-3773,MACF1,23499.0,MutNovel,"L805F,0.212"
X-3773,MACF1,23499.0,MutNovel,"R2490Q,0.337"
X-3773,MAGI2,9863.0,MutNovel,"A849T,0.529"
X-3773,MAP1A,4130.0,MutNovel,"S850F,0.348"
X-3773,MAP1S,55201.0,MutNovel,"V787I,1.000"
X-3773,MAP2K4,6416.0,MutNovel,"P306L,0.519"
X-3773,MAP3K1,4214.0,MutNovel,"R1487C,0.516"
X-3773,MAP3K4,4216.0,MutNovel,"PA1189P,0.471"
X-3773,MAP3K6,9064.0,MutNovel,"A1252G,0.322"
X-3773,MAP3K6,9064.0,MutNovel,"D743E,0.358"
X-3773,MAP7,9053.0,MutKnownFunctional,"R301*,0.385"
X-3773,MAP7D1,55700.0,MutNovel,"L841F,0.350"
X-3773,MAPK8IP2,23542.0,MutNovel,"P126S,0.452"
X-3773,MAPRE2,10982.0,MutNovel,"P28S,0.478"
X-3773,MAST2,23139.0,MutKnownFunctional,"R139*,0.247"
X-3773,MCM5,4174.0,MutNovel,"T226I,0.533"
X-3773,MCMDC2,,MutNovel,"S295F,1.000"
X-3773,MCTP2,55784.0,MutNovel,"G305E,0.273"
X-3773,MCTP2,55784.0,MutNovel,"L587F,0.537"
X-3773,ME2,4200.0,MutNovel,"P472S,0.496"
X-3773,MED12L,116931.0,MutNovel,"S1744F,0.276"
X-3773,MED19,219541.0,Del0.8,0.67
X-3773,MED24,9862.0,MutNovel,"S800N,0.384"
X-3773,MET,4233.0,MutNovel,"E168D,0.496"
X-3773,MEX3B,84206.0,MutNovel,"P197L,0.419"
X-3773,MFN2,9927.0,MutNovel,"S305F,0.325"
X-3773,MFSD12,126321.0,MutNovel,"T343I,0.999"
X-3773,MFSD8,256471.0,MutNovel,"P356L,1.000"
X-3773,MGAT1,4245.0,MutKnownFunctional,"-211,0.377"
X-3773,MGRN1,23295.0,MutNovel,"P75S,0.537"
X-3773,MICAL3,57553.0,MutNovel,"A1629V,0.475"
X-3773,MICB,4277.0,MutNovel,"Y59C,0.545"
X-3773,MID1,4281.0,MutNovel,"E115K,1.000"
X-3773,MINOS1,440574.0,MutNovel,"K74R,0.362"
X-3773,MIR130A,406919.0,Del0.8,0.67
X-3773,MKL1,57591.0,MutNovel,"P619L,0.522"
X-3773,MKLN1,4289.0,MutNovel,"A694V,0.509"
X-3773,MLH1,4292.0,MutLikelyFunctional,"R385C,0.444"
X-3773,MLL2,8085.0,MutNovel,"P1124S,0.358"
X-3773,MLL3,58508.0,MutNovel,"G38D,0.500"
X-3773,MLL4,9757.0,MutNovel,"P2254T,0.714"
X-3773,MPEG1,219972.0,Del0.8,0.67
X-3773,MPHOSPH9,10198.0,MutNovel,"P335L,1.000"
X-3773,MPRIP,23164.0,MutNovel,"TS178T,0.498"
X-3773,MPV17,4358.0,MutNovel,"P128S,0.457"
X-3773,MRC2,9902.0,MutNovel,"P371L,0.523"
X-3773,MST1,4485.0,MutNovel,"C338R,0.393"
X-3773,MTHFD1L,25902.0,MutNovel,"G838R,0.403"
X-3773,MTMR12,54545.0,MutKnownFunctional,"R147*,0.363"
X-3773,MTMR3,8897.0,MutNovel,"S389F,0.470"
X-3773,MTPAP,55149.0,MutNovel,"V274A,0.371"
X-3773,MTSS1L,92154.0,MutNovel,"S309R,0.257"
X-3773,MXRA5,25878.0,MutKnownFunctional,"W2767*,0.744"
X-3773,MXRA5,25878.0,MutNovel,"T1977I,1.000"
X-3773,MXRA5,25878.0,MutNovel,"S1768F,1.000"
X-3773,MXRA5,25878.0,MutNovel,"F1740L,0.708"
X-3773,MXRA5,25878.0,MutNovel,"E1114D,1.000"
X-3773,MXRA5,25878.0,MutNovel,"G160E,1.000"
X-3773,MYO7B,4648.0,MutKnownFunctional,"Q1384*,0.528"
X-3773,MYO9A,4649.0,MutNovel,"R1043T,0.487"
X-3773,NAA60,79903.0,MutNovel,"S54F,0.498"
X-3773,NALCN,259232.0,MutNovel,"P1676L,1.000"
X-3773,NBAS,51594.0,MutNovel,"L251I,0.290"
X-3773,NBPF1,55672.0,MutNovel,"S340F,0.333"
X-3773,NBPF12,,MutNovel,"D440G,0.296"
X-3773,NBPF4,148545.0,Del0.8,0.76
X-3773,NBPF9,400818.0,MutNovel,"R97G,0.703"
X-3773,NCOA3,8202.0,MutNovel,"Q1255-,0.219"
X-3773,NCOA6,23054.0,MutNovel,"P2013L,0.283"
X-3773,NCOA6,23054.0,MutNovel,"P258S,0.727"
X-3773,NCOR2,9612.0,MutNovel,"G1839GAAA,0.420"
X-3773,NDST2,8509.0,MutNovel,"S448F,0.409"
X-3773,NDUFB10,4716.0,MutNovel,"P14S,0.482"
X-3773,NDUFC2,4718.0,MutNovel,"P117L,0.422"
X-3773,NEK9,91754.0,MutNovel,"R786G,0.811"
X-3773,NEUROD1,4760.0,MutNovel,"R193Q,0.231"
X-3773,NF1,4763.0,MutKnownFunctional,"-1625,0.500"
X-3773,NF1,4763.0,MutKnownFunctional,"-2095,0.701"
X-3773,NF1,4763.0,MutNovel,"P2567S,0.541"
X-3773,NF2,4771.0,MutNovel,"A145V,0.442"
X-3773,NFASC,23114.0,MutNovel,"P682S,1.000"
X-3773,NFATC1,4772.0,MutNovel,"A807T,0.467"
X-3773,NFATC3,4775.0,MutNovel,"S207F,0.694"
X-3773,NFATC3,4775.0,MutNovel,"P270S,0.626"
X-3773,NFKBIL1,4795.0,MutNovel,"P125F,0.414"
X-3773,NIPA1,123606.0,MutNovel,"I138F,0.500"
X-3773,NISCH,11188.0,MutNovel,"P619L,0.265"
X-3773,NKTR,4820.0,MutNovel,"V768I,0.472"
X-3773,NLGN2,57555.0,MutNovel,"P785L,1.000"
X-3773,NMU,10874.0,MutNovel,"R165Q,0.389"
X-3773,NOL6,65083.0,MutNovel,"R671C,0.401"
X-3773,NOL8,55035.0,MutNovel,"R540C,0.523"
X-3773,NOTCH1,4851.0,MutNovel,"C1890G,0.498"
X-3773,NOTCH4,4855.0,MutNovel,"G1667R,0.833"
X-3773,NR3C2,4306.0,MutNovel,"P264L,1.000"
X-3773,NR4A1,3164.0,MutNovel,"P363S,0.341"
X-3773,NRG2,9542.0,MutNovel,"S339L,0.632"
X-3773,NRIP1,8204.0,MutNovel,"L336P,0.604"
X-3773,NUDT19,390916.0,Amp8,12.21
X-3773,NUP155,9631.0,Del0.8,0.71
X-3773,NUP210,23225.0,MutNovel,"E900K,0.548"
X-3773,OAT,4942.0,MutNovel,"I68V,0.476"
X-3773,ODZ3,55714.0,MutNovel,"D2154N,1.000"
X-3773,OGDHL,55753.0,MutNovel,"P369L,0.498"
X-3773,OLFML2A,169611.0,MutNovel,"A637V,0.463"
X-3773,OMP,4975.0,MutNovel,"S157F,1.000"
X-3773,OR10A6,390093.0,Del0.8,0.67
X-3773,OR2K2,26248.0,MutNovel,"A299V,0.571"
X-3773,OR2T27,403239.0,Del0.8,0.73
X-3773,OR4F5,79501.0,Del0.8,0.78
X-3773,OR4K1,79544.0,Amp5,6.77
X-3773,OR4K2,390431.0,Amp5,6.77
X-3773,OR4K5,79317.0,Amp5,6.77
X-3773,OR4M1,441670.0,Amp5,6.77
X-3773,OR4N2,390429.0,Amp5,6.77
X-3773,OR4Q3,441669.0,Amp5,6.77
X-3773,OR52N1,79473.0,Del0.8,0.43
X-3773,OR52N5,390075.0,Del0.8,0.14
X-3773,OR5AK2,390181.0,Del0.8,0.67
X-3773,OR5AK4P,219525.0,Del0.8,0.67
X-3773,OR5AN1,390195.0,Del0.8,0.67
X-3773,OR5AP2,338675.0,Del0.8,0.67
X-3773,OR5AR1,219493.0,Del0.8,0.67
X-3773,OR5M1,390168.0,Del0.8,0.67
X-3773,OR5M10,390167.0,Del0.8,0.67
X-3773,OR5M11,219487.0,Del0.8,0.67
X-3773,OR5M3,219482.0,Del0.8,0.67
X-3773,OR5M8,219484.0,Del0.8,0.67
X-3773,OR5M9,390162.0,Del0.8,0.67
X-3773,OR5P2,120065.0,Del0.8,0.61
X-3773,OR6B2,389090.0,MutNovel,"R131C,0.444"
X-3773,OR6B3,150681.0,MutNovel,"R131C,1.000"
X-3773,OR6B3,150681.0,MutNovel,"T48I,0.992"
X-3773,OR9G1,390174.0,Del0.8,0.67
X-3773,OR9G4,283189.0,Del0.8,0.67
X-3773,ORAI1,84876.0,MutNovel,"PP43-,0.800"
X-3773,OSBPL8,114882.0,MutNovel,"R433C,1.000"
X-3773,OSMR,9180.0,MutNovel,"R359K,0.522"
X-3773,OSMR,9180.0,MutNovel,"H672Y,0.657"
X-3773,OSR1,130497.0,MutNovel,"E138K,0.382"
X-3773,P2RX3,5024.0,Del0.8,0.67
X-3773,PAK1,5058.0,MutNovel,"R272W,1.000"
X-3773,PAK3,5063.0,MutNovel,"R543Q,1.000"
X-3773,PALB2,79728.0,MutNovel,"Y743H,0.589"
X-3773,PARD3,56288.0,MutNovel,"P1140L,0.668"
X-3773,PARD3B,117583.0,MutNovel,"G1091R,0.533"
X-3773,PCDH18,54510.0,MutNovel,"S928F,1.000"
X-3773,PCDH19,57526.0,MutNovel,"S1137F,1.000"
X-3773,PCDHB2,56133.0,MutNovel,"S540F,0.333"
X-3773,PCDHB4,56131.0,MutNovel,"R78C,0.667"
X-3773,PCDHB7,56129.0,MutNovel,"E94K,0.714"
X-3773,PCDHGA10,56106.0,MutNovel,"I491N,0.538"
X-3773,PCDHGA5,56110.0,MutNovel,"P131S,0.875"
X-3773,PCDHGA8,9708.0,MutNovel,"S502F,0.357"
X-3773,PCDHGB3,56102.0,MutNovel,"P79F,0.941"
X-3773,PCIF1,63935.0,MutNovel,"P9S,0.245"
X-3773,PDCD5,9141.0,Amp8,12.21
X-3773,PDCD6IP,10015.0,MutNovel,"E79K,0.297"
X-3773,PDE1C,5137.0,MutNovel,"S551C,1.000"
X-3773,PDE4A,5141.0,MutKnownFunctional,"W77*,1.000"
X-3773,PDE7A,5150.0,MutNovel,"G182R,0.364"
X-3773,PDE7B,27115.0,MutNovel,"P171S,0.537"
X-3773,PDGFRB,5159.0,MutNovel,"G195R,0.304"
X-3773,PDZD2,23037.0,MutNovel,"L989F,0.553"
X-3773,PDZD2,23037.0,MutNovel,"G2634E,0.382"
X-3773,PEPD,5184.0,Amp8,12.21
X-3773,PGK1,5230.0,MutNovel,"N226K,0.449"
X-3773,PHACTR4,65979.0,MutNovel,"P531L,0.644"
X-3773,PHF7,51533.0,MutNovel,"A250V,0.366"
X-3773,PHKB,5257.0,MutNovel,"S163F,0.409"
X-3773,PHLDA1,22822.0,MutNovel,"QQ194Q,0.566"
X-3773,PHLDB2,90102.0,MutNovel,"S850F,0.778"
X-3773,PHLDB2,90102.0,MutNovel,"R1065Q,0.273"
X-3773,PHLPP1,23239.0,MutNovel,"P1520L,0.472"
X-3773,PIEZO2,63895.0,MutNovel,"S1401L,0.348"
X-3773,PIEZO2,63895.0,MutNovel,"P423S,0.252"
X-3773,PIGQ,9091.0,MutNovel,"W429G,0.507"
X-3773,PINK1,65018.0,MutNovel,"P215L,0.590"
X-3773,PITPNM3,83394.0,MutNovel,"A634T,1.000"
X-3773,PJA2,9867.0,MutNovel,"P81S,0.482"
X-3773,PKD2L1,9033.0,MutNovel,"G416E,1.000"
X-3773,PKNOX2,63876.0,Del0.8,0.4
X-3773,PKP3,11187.0,MutNovel,"E70K,1.000"
X-3773,PLA2G6,8398.0,MutNovel,"G426S,0.366"
X-3773,PLAGL2,5326.0,MutNovel,"A406V,0.770"
X-3773,PLCD3,113026.0,MutNovel,"S359F,0.319"
X-3773,PLCE1,51196.0,MutNovel,"R1937C,0.237"
X-3773,PLEKHB1,58473.0,MutNovel,"P8T,0.996"
X-3773,PLEKHF1,79156.0,Amp8,13.45
X-3773,PLEKHH2,130271.0,MutNovel,"E260K,0.606"
X-3773,PLEKHH2,130271.0,MutNovel,"G1130R,0.537"
X-3773,PLK2,10769.0,MutNovel,"R322C,0.497"
X-3773,PLXNB1,5364.0,MutNovel,"P1444L,0.516"
X-3773,PML,5371.0,MutNovel,"EF699DV,0.364"
X-3773,PMS2,5395.0,MutNovel,"S7W,0.326"
X-3773,PNLDC1,154197.0,MutNovel,"M304I,0.280"
X-3773,PNMA1,9240.0,MutNovel,"I26T,0.835"
X-3773,POLE,5426.0,MutNovel,"S1765F,0.382"
X-3773,POLK,51426.0,MutNovel,"S729F,0.579"
X-3773,POLR2B,5431.0,MutNovel,"R274G,0.442"
X-3773,POLR3A,11128.0,MutNovel,"S1114F,0.424"
X-3773,POP4,10775.0,Amp5,7.62
X-3773,PPIP5K1,9677.0,MutNovel,"H1151Y,0.565"
X-3773,PPM1D,8493.0,MutNovel,"W121R,0.583"
X-3773,PPP1R1A,5502.0,MutNovel,"L64S,1.000"
X-3773,PPP1R26,9858.0,MutNovel,"S801F,0.474"
X-3773,PPP5C,5536.0,MutNovel,"Q392P,0.453"
X-3773,PRG2,5553.0,Del0.8,0.67
X-3773,PRG3,10394.0,Del0.8,0.67
X-3773,PRKDC,5591.0,MutNovel,"P2250L,0.679"
X-3773,PRKDC,5591.0,MutNovel,"S210L,0.407"
X-3773,PRPF38B,55119.0,MutNovel,"V39A,0.385"
X-3773,PRRC2B,84726.0,MutNovel,"P2114S,0.506"
X-3773,PSD,5662.0,MutNovel,"D985E,1.000"
X-3773,PSMD3,5709.0,MutNovel,"R314C,0.629"
X-3773,PUS10,150962.0,MutKnownFunctional,"R72*,0.250"
X-3773,PWWP2A,114825.0,MutNovel,"R475C,0.506"
X-3773,PXDN,7837.0,MutNovel,"N895K,0.653"
X-3773,PXK,54899.0,MutNovel,"R86C,0.481"
X-3773,QSOX1,5768.0,MutNovel,"T160M,0.998"
X-3773,R3HDM1,23518.0,MutNovel,"S299P,0.429"
X-3773,RAB23,51715.0,MutNovel,"P230S,0.262"
X-3773,RAB3GAP2,25782.0,MutNovel,"P1245L,1.000"
X-3773,RAB40C,57799.0,MutKnownFunctional,"-268?,0.359"
X-3773,RAC1,5879.0,MutLikelyFunctional,"P29S,0.996"
X-3773,RALGAPA2,57186.0,MutNovel,"E1559K,0.265"
X-3773,RAP1GAP,5909.0,MutNovel,"P93S,0.269"
X-3773,RARRES3,5920.0,MutNovel,"S107G,1.000"
X-3773,RASL10B,91608.0,MutNovel,"V103L,0.727"
X-3773,RB1,5925.0,MutNovel,"K289E,0.500"
X-3773,RBL1,5933.0,MutKnownFunctional,"Q871*,0.302"
X-3773,RCC1,1104.0,MutNovel,"T110I,0.701"
X-3773,RECQL4,9401.0,MutNovel,"G1120E,0.513"
X-3773,RELN,5649.0,MutNovel,"L2905S,0.460"
X-3773,RGP1,9827.0,MutNovel,"H83D,0.708"
X-3773,RGPD8,727851.0,MutNovel,"S199L,1.000"
X-3773,RGS7,6000.0,MutNovel,"K473Q,1.000"
X-3773,RGS9BP,388531.0,Amp8,12.21
X-3773,RHPN1,114822.0,MutNovel,"R614K,0.212"
X-3773,RHPN2,85415.0,Amp8,12.21
X-3773,RIMKLA,284716.0,MutNovel,"D183N,0.685"
X-3773,RIOK3,8780.0,MutNovel,"P23L,0.489"
X-3773,RLBP1,6017.0,MutNovel,"D229N,0.400"
X-3773,RNF128,79589.0,MutNovel,"S241N,1.000"
X-3773,RNF157,114804.0,MutNovel,"S661A,0.384"
X-3773,RNF168,165918.0,MutNovel,"S415F,0.528"
X-3773,RNF19A,25897.0,MutNovel,"V435L,0.680"
X-3773,RNF213,57674.0,MutNovel,"L3664F,0.569"
X-3773,RNF216,54476.0,MutNovel,"R922C,0.993"
X-3773,RNF43,54894.0,MutNovel,"P682S,0.531"
X-3773,RTKN2,219790.0,MutNovel,"K585R,0.219"
X-3773,RTN4IP1,84816.0,MutNovel,"P38L,0.256"
X-3773,RTN4RL2,349667.0,Del0.8,0.67
X-3773,RUFY1,80230.0,MutNovel,"E21EPG,0.500"
X-3773,RUNX1T1,862.0,MutNovel,"S165F,0.608"
X-3773,SAMD9L,219285.0,MutNovel,"S1383F,0.667"
X-3773,SAMHD1,25939.0,MutNovel,"P607S,0.728"
X-3773,SARS2,54938.0,MutNovel,"P480L,0.475"
X-3773,SCAF1,58506.0,MutNovel,"S760F,0.541"
X-3773,SCAPER,49855.0,Del0.8,0.78
X-3773,SCARA3,51435.0,MutNovel,"G186R,0.690"
X-3773,SCARA3,51435.0,MutNovel,"L449F,0.675"
X-3773,SCNN1D,6339.0,MutNovel,"R14C,0.600"
X-3773,SCRN1,9805.0,MutNovel,"P320L,0.998"
X-3773,SCUBE1,80274.0,MutNovel,"E604K,0.727"
X-3773,SDHB,6390.0,MutLikelyFunctional,"R217C,0.334"
X-3773,SEC16A,9919.0,MutNovel,"P2320L,0.514"
X-3773,SEC31B,25956.0,MutNovel,"P841S,1.000"
X-3773,SEMA3F,6405.0,MutNovel,"D569N,0.566"
X-3773,SEMA3G,56920.0,MutNovel,"D255N,0.789"
X-3773,SEMA6D,80031.0,MutNovel,"F385L,0.438"
X-3773,SENP5,205564.0,MutNovel,"L526F,0.500"
X-3773,SERHL2,253190.0,MutNovel,"H168Q,0.333"
X-3773,SERINC2,347735.0,MutNovel,"-373Q,0.665"
X-3773,SERPING1,710.0,Del0.8,0.67
X-3773,SETD1A,9739.0,MutNovel,"P613S,0.667"
X-3773,SETD2,29072.0,MutKnownFunctional,"Y2489*,0.398"
X-3773,SETD5,55209.0,MutNovel,"P866S,0.488"
X-3773,SETDB1,9869.0,MutNovel,"F623L,0.763"
X-3773,SFRP5,6425.0,MutNovel,"P156F,0.664"
X-3773,SFT2D3,84826.0,MutNovel,"VAALL177V,0.355"
X-3773,SGMS1,259230.0,MutNovel,"P162S,0.465"
X-3773,SH2B1,25970.0,MutNovel,"P610F,0.432"
X-3773,SHANK3,85358.0,MutNovel,"P1034S,0.607"
X-3773,SHPRH,257218.0,MutNovel,"R1220C,0.682"
X-3773,SKIV2L2,23517.0,MutNovel,"P461S,0.442"
X-3773,SLC24A1,9187.0,MutNovel,"E508K,0.355"
X-3773,SLC25A53,,MutNovel,"P47S,1.000"
X-3773,SLC35D2,11046.0,MutNovel,"A31T,0.477"
X-3773,SLC43A1,8501.0,Del0.8,0.67
X-3773,SLC43A3,29015.0,Del0.8,0.67
X-3773,SLC6A19,340024.0,MutNovel,"P372L,0.600"
X-3773,SLC7A10,56301.0,MutNovel,"S90F,1.000"
X-3773,SLC7A10,56301.0,Amp8,12.21
X-3773,SLC7A9,11136.0,Amp8,12.21
X-3773,SLIT2,9353.0,MutNovel,"N811S,1.000"
X-3773,SLIT3,6586.0,MutNovel,"S227L,0.450"
X-3773,SMAD9,4093.0,MutNovel,"E31K,0.464"
X-3773,SMAP1,60682.0,MutNovel,"P253L,0.305"
X-3773,SMARCA2,6595.0,MutNovel,"P944L,0.329"
X-3773,SMPD4,55627.0,MutNovel,"R745C,0.505"
X-3773,SMTNL1,219537.0,Del0.8,0.67
X-3773,SNRNP200,23020.0,MutNovel,"S1436F,0.593"
X-3773,SNRPC,6631.0,MutNovel,"P64L,0.676"
X-3773,SNX4,8723.0,MutNovel,"L17F,0.331"
X-3773,SORT1,6272.0,MutNovel,"S580F,0.501"
X-3773,SOS1,6654.0,MutNovel,"P1179L,0.462"
X-3773,SPAG16,79582.0,MutNovel,"C357F,0.500"
X-3773,SPATA13,221178.0,MutNovel,"S92F,0.552"
X-3773,SPATA13,221178.0,MutNovel,"S957F,0.446"
X-3773,SPC25,57405.0,MutNovel,"E5K,0.458"
X-3773,SPEN,23013.0,MutNovel,"S2411L,0.298"
X-3773,SPINT2,10653.0,MutNovel,"D118N,0.450"
X-3773,SPON1,10418.0,MutNovel,"G749R,0.996"
X-3773,SPTAN1,6709.0,MutNovel,"S1190F,0.462"
X-3773,SPTAN1,6709.0,MutNovel,"E1279K,0.496"
X-3773,SPTBN2,6712.0,MutNovel,"R1039W,1.000"
X-3773,SPTBN4,57731.0,MutNovel,"P1438L,0.600"
X-3773,SRD5A1,6715.0,MutNovel,"P256S,0.477"
X-3773,SRFBP1,153443.0,MutNovel,"S342L,0.422"
X-3773,SRGAP3,9901.0,MutNovel,"R857Q,0.778"
X-3773,SRPK1,6732.0,MutNovel,"G89R,0.364"
X-3773,SSRP1,6749.0,Del0.8,0.67
X-3773,SSU72,29101.0,MutNovel,"V119A,0.346"
X-3773,ST7,7982.0,MutNovel,"P485S,0.325"
X-3773,STK39,27347.0,MutNovel,"K463N,0.213"
X-3773,SUCO,,MutNovel,"S1157F,0.996"
X-3773,SULT1A1,6817.0,MutNovel,"D6N,0.500"
X-3773,SVEP1,79987.0,MutNovel,"S2138F,0.382"
X-3773,SVIL,6840.0,MutNovel,"E181K,0.227"
X-3773,SYNE2,23224.0,MutNovel,"I5851M,0.747"
X-3773,SYNGR2,9144.0,MutNovel,"D16N,0.485"
X-3773,SYNJ2,8871.0,MutNovel,"M1400I,0.706"
X-3773,SYNPO,11346.0,MutNovel,"E49K,0.500"
X-3773,SYT7,9066.0,MutNovel,"E277K,1.000"
X-3773,SZT2,23334.0,MutNovel,"P1551L,0.630"
X-3773,TADA2A,6871.0,MutNovel,"P73L,0.720"
X-3773,TANC2,26115.0,MutKnownFunctional,"R344*,0.273"
X-3773,TAOK2,9344.0,MutNovel,"R737C,0.519"
X-3773,TARS,6897.0,MutNovel,"S39F,0.553"
X-3773,TBC1D13,54662.0,MutNovel,"E55K,0.485"
X-3773,TBL1XR1,79718.0,MutNovel,"D152H,0.492"
X-3773,TBP,6908.0,MutNovel,"-64Q,0.333"
X-3773,TBX1,6899.0,MutNovel,"M10I,1.000"
X-3773,TBX1,6899.0,MutNovel,"A353G,1.000"
X-3773,TDP2,51567.0,MutNovel,"R314C,0.365"
X-3773,TDRD12,91646.0,Amp8,12.21
X-3773,TECTA,7007.0,MutNovel,"F1141I,1.000"
X-3773,TECTA,7007.0,MutNovel,"S1847F,1.000"
X-3773,TEP1,7011.0,MutNovel,"P1599L,0.212"
X-3773,TET1,80312.0,MutNovel,"P1899S,0.400"
X-3773,TGFBR3,7049.0,MutNovel,"P726S,0.370"
X-3773,TGFBRAP1,9392.0,MutNovel,"A670V,0.551"
X-3773,THADA,63892.0,MutNovel,"R1368C,0.446"
X-3773,THBS2,7058.0,MutNovel,"A489T,0.750"
X-3773,THEG5,100507527.0,Amp8,13.93
X-3773,TIAM1,7074.0,MutNovel,"G367S,0.455"
X-3773,TIMM10,26519.0,Del0.8,0.67
X-3773,TKT,7086.0,MutNovel,"N376S,0.487"
X-3773,TLCD1,116238.0,MutNovel,"S18R,1.000"
X-3773,TLE1,7088.0,MutNovel,"G648E,0.370"
X-3773,TMC7,79905.0,MutNovel,"G610E,0.634"
X-3773,TMEM167B,56900.0,MutNovel,"V44L,0.497"
X-3773,TMEM178B,,MutNovel,"L207F,0.522"
X-3773,TMEM183B,,MutNovel,"D46N,0.417"
X-3773,TMEM222,84065.0,MutNovel,"G6R,0.889"
X-3773,TMX2,51075.0,Del0.8,0.67
X-3773,TMX2-CTNND1,100528016.0,Del0.8,0.67
X-3773,TNIK,23043.0,MutNovel,"E128K,0.500"
X-3773,TNKS1BP1,85456.0,Del0.8,0.67
X-3773,TNRC18,84629.0,MutNovel,"S640Y,0.480"
X-3773,TNRC6A,27327.0,MutNovel,"P1275L,0.514"
X-3773,TNXB,7148.0,MutNovel,"G2746E,1.000"
X-3773,TOP1MT,116447.0,MutNovel,"I213T,0.560"
X-3773,TP53,7157.0,MutKnownFunctional,"R175H,0.990"
X-3773,TP53BP1,7158.0,MutNovel,"S1315F,0.367"
X-3773,TP53I13,90313.0,MutNovel,"H36Y,0.665"
X-3773,TP53TG3,24150.0,Del0.8,0.77
X-3773,TP53TG3B,729355.0,Del0.8,0.77
X-3773,TPSB2,64499.0,MutNovel,"A85T,1.000"
X-3773,TRABD2A,,MutKnownFunctional,"Q450*,1.000"
X-3773,TRAF2,7186.0,MutNovel,"S89L,0.590"
X-3773,TRANK1,9881.0,MutNovel,"D1499N,0.667"
X-3773,TRAPPC6A,79090.0,MutNovel,"-26TP,0.350"
X-3773,TRERF1,55809.0,MutNovel,"P473S,0.875"
X-3773,TRERF1,55809.0,MutNovel,"L181F,0.778"
X-3773,TRIM48,79097.0,MutNovel,"E169K,1.000"
X-3773,TRIM51,,MutNovel,"F248L,1.000"
X-3773,TRIM54,57159.0,MutNovel,"S192G,0.333"
X-3773,TRIM66,9866.0,MutKnownFunctional,"Q48*,1.000"
X-3773,TRIP11,9321.0,MutNovel,"T879I,0.718"
X-3773,TRIP12,9320.0,MutNovel,"S1154L,0.875"
X-3773,TRNT1,51095.0,MutNovel,"K417T,0.511"
X-3773,TRPM3,80036.0,MutKnownFunctional,"R243*,0.475"
X-3773,TSFM,10102.0,MutNovel,"S187F,0.295"
X-3773,TSHZ3,57616.0,Amp8,13.93
X-3773,TSPAN2,10100.0,MutNovel,"S157P,0.800"
X-3773,TSPY10,,MutNovel,"S275I,1.000"
X-3773,TSPY10,,MutNovel,"D277C,1.000"
X-3773,TSPY10,,MutNovel,"LC276PV,1.000"
X-3773,TSPY10,,MutNovel,"CK277WA,0.750"
X-3773,TSPY10,,MutNovel,"D279H,0.600"
X-3773,TSPY10,,MutNovel,"W281P,0.600"
X-3773,TSPY10,,MutNovel,"R282A,0.600"
X-3773,TSTD2,158427.0,MutNovel,"D102N,0.467"
X-3773,TTC21A,199223.0,MutNovel,"P1301S,0.455"
X-3773,TTC39B,158219.0,MutNovel,"S350F,0.500"
X-3773,TTC7A,57217.0,MutNovel,"G45V,0.500"
X-3773,TTLL5,23093.0,MutNovel,"E474K,0.849"
X-3773,TTN,7273.0,MutNovel,"D16177N,0.750"
X-3773,TULP4,56995.0,MutNovel,"P836L,0.588"
X-3773,TUSC3,7991.0,MutNovel,"V286A,0.284"
X-3773,TXNDC16,57544.0,MutNovel,"P663L,0.575"
X-3773,TXNDC16,57544.0,MutNovel,"P331L,0.571"
X-3773,UBA6,55236.0,MutNovel,"S648F,0.452"
X-3773,UBE2L6,9246.0,Del0.8,0.67
X-3773,UBE2Q2,92912.0,MutNovel,"P279S,0.487"
X-3773,UBR5,51366.0,MutNovel,"P300S,0.531"
X-3773,UBXN8,7993.0,MutNovel,"E190A,0.651"
X-3773,UGGT1,56886.0,MutNovel,"G9E,0.545"
X-3773,UGGT2,55757.0,MutNovel,"K1386N,0.481"
X-3773,UHRF1BP1,54887.0,MutNovel,"F512L,0.352"
X-3773,UNC13D,201294.0,MutNovel,"T170S,0.387"
X-3773,UNKL,64718.0,MutNovel,"S391G,0.333"
X-3773,UQCRFS1,7386.0,Amp5,7.62
X-3773,URB1,9875.0,MutNovel,"L1422P,0.789"
X-3773,URI1,8725.0,Amp8,13.45
X-3773,USP32P2,220594.0,Del0.8,0.35
X-3773,USP36,57602.0,MutNovel,"KKK958K,0.381"
X-3773,USP8,9101.0,MutNovel,"S1015F,0.565"
X-3773,USPL1,10208.0,MutNovel,"P655S,1.000"
X-3773,UTY,7404.0,MutNovel,"GG1059VR,0.375"
X-3773,UTY,7404.0,MutNovel,"S1058D,0.375"
X-3773,UTY,7404.0,MutNovel,"LL1055GL,0.455"
X-3773,UTY,7404.0,MutNovel,"E1054L,0.545"
X-3773,UTY,7404.0,MutNovel,"C1052P,0.417"
X-3773,UTY,7404.0,MutNovel,"QA1050RL,0.455"
X-3773,UTY,7404.0,MutNovel,"Q1050K,0.417"
X-3773,UTY,7404.0,MutNovel,"V1048H,0.455"
X-3773,UTY,7404.0,MutNovel,"FH1045YY,0.455"
X-3773,UTY,7404.0,MutKnownFunctional,"FV1040**,0.455"
X-3773,UTY,7404.0,MutNovel,"IF1039TV,0.417"
X-3773,UTY,7404.0,MutNovel,"C1038W,0.417"
X-3773,UTY,7404.0,MutNovel,"NY1026PD,0.364"
X-3773,UTY,7404.0,MutNovel,"NS1023IL,0.444"
X-3773,UTY,7404.0,MutNovel,"PN1022GY,0.375"
X-3773,UTY,7404.0,MutNovel,"L1021P,0.375"
X-3773,UTY,7404.0,MutNovel,"L1019T,0.250"
X-3773,UTY,7404.0,MutNovel,"FS1016QT,0.250"
X-3773,UTY,7404.0,MutNovel,"R1015F,0.286"
X-3773,UTY,7404.0,MutNovel,"P1008Q,0.286"
X-3773,UTY,7404.0,MutNovel,"P983R,0.556"
X-3773,UTY,7404.0,MutNovel,"P983S,0.550"
X-3773,UTY,7404.0,MutNovel,"T922Q,0.205"
X-3773,UTY,7404.0,MutKnownFunctional,"HR919Q*,0.211"
X-3773,UTY,7404.0,MutNovel,"IC339MS,0.400"
X-3773,UTY,7404.0,MutNovel,"A337G,0.250"
X-3773,UTY,7404.0,MutNovel,"D333E,0.333"
X-3773,UTY,7404.0,MutNovel,"MD332IL,0.333"
X-3773,UTY,7404.0,MutNovel,"M332T,0.250"
X-3773,UTY,7404.0,MutNovel,"M332P,0.250"
X-3773,UTY,7404.0,MutNovel,"Q327K,0.300"
X-3773,UTY,7404.0,MutKnownFunctional,"Y325*,0.300"
X-3773,UTY,7404.0,MutNovel,"LY324FT,0.300"
X-3773,UTY,7404.0,MutNovel,"G322D,0.500"
X-3773,UTY,7404.0,MutNovel,"IG321SN,0.500"
X-3773,UTY,7404.0,MutNovel,"D316H,0.556"
X-3773,UTY,7404.0,MutNovel,"SA314RK,0.625"
X-3773,UTY,7404.0,MutNovel,"S314N,0.667"
X-3773,UTY,7404.0,MutNovel,"AS313VH,0.667"
X-3773,UTY,7404.0,MutNovel,"EA312DT,0.545"
X-3773,UTY,7404.0,MutNovel,"E312I,0.750"
X-3773,UTY,7404.0,MutNovel,"E312I,0.750"
X-3773,UTY,7404.0,MutNovel,"KS310RK,0.667"
X-3773,UTY,7404.0,MutKnownFunctional,"K310*,0.700"
X-3773,UTY,7404.0,MutNovel,"I308T,0.231"
X-3773,UTY,7404.0,MutNovel,"I308S,0.583"
X-3773,UTY,7404.0,MutNovel,"I308F,0.636"
X-3773,UTY,7404.0,MutNovel,"R305G,0.214"
X-3773,UTY,7404.0,MutNovel,"Y304F,0.462"
X-3773,UTY,7404.0,MutNovel,"S303T,0.267"
X-3773,UTY,7404.0,MutNovel,"CY290WH,0.467"
X-3773,UTY,7404.0,MutNovel,"C290W,0.438"
X-3773,UTY,7404.0,MutKnownFunctional,"C290*,0.438"
X-3773,UTY,7404.0,MutNovel,"C290Y,0.556"
X-3773,UTY,7404.0,MutNovel,"C290N,0.556"
X-3773,UTY,7404.0,MutKnownFunctional,"G288*,0.450"
X-3773,UTY,7404.0,MutNovel,"G281F,0.368"
X-3773,UTY,7404.0,MutNovel,"SG280LC,0.389"
X-3773,UTY,7404.0,MutNovel,"N279R,0.316"
X-3773,UTY,7404.0,MutNovel,"DP277EA,0.353"
X-3773,UTY,7404.0,MutKnownFunctional,"EA275A*,0.333"
X-3773,UTY,7404.0,MutNovel,"E275A,0.438"
X-3773,UTY,7404.0,MutKnownFunctional,"LE274*P,0.438"
X-3773,UTY,7404.0,MutNovel,"SL273RM,0.412"
X-3773,UTY,7404.0,MutNovel,"K272R,0.438"
X-3773,UTY,7404.0,MutNovel,"Q271A,0.438"
X-3773,UTY,7404.0,MutNovel,"KE262SS,0.308"
X-3773,UTY,7404.0,MutNovel,"K262E,0.333"
X-3773,UTY,7404.0,MutNovel,"KA259VS,0.286"
X-3773,UTY,7404.0,MutNovel,"D258P,0.267"
X-3773,UTY,7404.0,MutNovel,"VG256WR,0.214"
X-3773,UTY,7404.0,MutNovel,"DL254VA,0.214"
X-3773,UTY,7404.0,MutNovel,"N252T,0.235"
X-3773,UTY,7404.0,MutNovel,"L246R,0.214"
X-3773,UTY,7404.0,MutNovel,"HL167QE,0.250"
X-3773,UTY,7404.0,MutNovel,"H167Y,0.400"
X-3773,UTY,7404.0,MutNovel,"IH166EY,0.400"
X-3773,UTY,7404.0,MutNovel,"E165V,0.222"
X-3773,UTY,7404.0,MutNovel,"AK163LE,0.286"
X-3773,UTY,7404.0,MutNovel,"R162Q,0.250"
X-3773,UTY,7404.0,MutNovel,"F160L,0.333"
X-3773,UTY,7404.0,MutNovel,"SF159IL,0.333"
X-3773,UTY,7404.0,MutKnownFunctional,"YV155*T,0.417"
X-3773,UTY,7404.0,MutNovel,"Y155C,0.455"
X-3773,UTY,7404.0,MutNovel,"Q151H,0.400"
X-3773,UTY,7404.0,MutNovel,"F150S,0.375"
X-3773,UTY,7404.0,MutNovel,"KA148TP,0.429"
X-3773,UTY,7404.0,MutNovel,"I147L,0.429"
X-3773,UTY,7404.0,MutNovel,"W145Q,0.286"
X-3773,UTY,7404.0,MutNovel,"H144D,0.500"
X-3773,UTY,7404.0,MutNovel,"FH143LD,0.500"
X-3773,UTY,7404.0,MutNovel,"A142L,0.571"
X-3773,UTY,7404.0,MutNovel,"A142L,0.571"
X-3773,UTY,7404.0,MutNovel,"N141H,0.444"
X-3773,UTY,7404.0,MutNovel,"FY138LN,0.286"
X-3773,UTY,7404.0,MutNovel,"V136F,0.444"
X-3773,UTY,7404.0,MutNovel,"GL134VP,0.364"
X-3773,UTY,7404.0,MutNovel,"G134C,0.364"
X-3773,UTY,7404.0,MutKnownFunctional,"YG131*L,0.500"
X-3773,UTY,7404.0,MutNovel,"L130S,0.364"
X-3773,UTY,7404.0,MutNovel,"AF128GG,0.364"
X-3773,UTY,7404.0,MutNovel,"AA127KT,0.500"
X-3773,UTY,7404.0,MutNovel,"N126R,0.417"
X-3773,UTY,7404.0,MutNovel,"MD49IY,0.261"
X-3773,UTY,7404.0,MutNovel,"G48H,0.240"
X-3773,UTY,7404.0,MutNovel,"T39N,0.240"
X-3773,UTY,7404.0,MutNovel,"SL37IL,0.292"
X-3773,UTY,7404.0,MutNovel,"R29C,0.231"
X-3773,UTY,7404.0,MutNovel,"R29C,0.231"
X-3773,UTY,7404.0,MutNovel,"E24Q,0.222"
X-3773,UTY,7404.0,MutNovel,"AE23QQ,0.222"
X-3773,VAMP3,9341.0,MutNovel,"W73S,0.688"
X-3773,VANGL2,57216.0,MutNovel,"P506S,1.000"
X-3773,VASH1,22846.0,MutNovel,"G308R,0.833"
X-3773,VAV1,7409.0,MutNovel,"R822Q,1.000"
X-3773,VILL,50853.0,MutNovel,"G700E,0.476"
X-3773,VPS13B,157680.0,MutNovel,"S3299F,0.600"
X-3773,VPS13D,55187.0,MutNovel,"P1733S,0.614"
X-3773,VPS13D,55187.0,MutNovel,"L3789F,0.296"
X-3773,VSTM2B,342865.0,Amp5,7.62
X-3773,VWA5B2,90113.0,MutNovel,"P760S,0.208"
X-3773,VWF,7450.0,MutNovel,"G2682E,0.593"
X-3773,WDFY3,23001.0,MutNovel,"P3363L,1.000"
X-3773,WDHD1,11169.0,MutNovel,"P691L,0.756"
X-3773,WDR19,57728.0,MutNovel,"A1026V,0.964"
X-3773,WDR33,55339.0,MutNovel,"P710S,0.440"
X-3773,WDR35,57539.0,MutNovel,"E179K,0.520"
X-3773,WDR37,22884.0,MutNovel,"S52F,0.303"
X-3773,WDR88,126248.0,Amp8,12.21
X-3773,WIPI1,55062.0,MutNovel,"T287A,0.498"
X-3773,WISP3,8838.0,MutNovel,"E102K,0.556"
X-3773,WRAP73,49856.0,MutNovel,"G285R,0.679"
X-3773,XPNPEP1,7511.0,Del0.8,0.48
X-3773,XPO1,7514.0,MutNovel,"R556K,0.467"
X-3773,XRCC5,7520.0,MutNovel,"Q663L,0.486"
X-3773,YEATS2,55689.0,MutKnownFunctional,"Q66*,0.526"
X-3773,YLPM1,56252.0,MutNovel,"P1886L,0.252"
X-3773,YPEL4,219539.0,Del0.8,0.67
X-3773,ZBTB3,79842.0,MutNovel,"P314S,1.000"
X-3773,ZBTB7B,51043.0,MutNovel,"P507S,1.000"
X-3773,ZC3H7B,23264.0,MutNovel,"P681S,0.547"
X-3773,ZCCHC7,84186.0,MutNovel,"S504L,0.346"
X-3773,ZDBF2,57683.0,MutNovel,"P1743S,0.473"
X-3773,ZDBF2,57683.0,MutNovel,"P1772S,0.583"
X-3773,ZDHHC5,25921.0,Del0.8,0.67
X-3773,ZEB1,6935.0,MutNovel,"R193C,0.429"
X-3773,ZFAT,57623.0,MutNovel,"P687S,0.314"
X-3773,ZFC3H1,196441.0,MutNovel,"P1691L,1.000"
X-3773,ZFHX2,85446.0,MutNovel,"E1851K,0.667"
X-3773,ZFHX2,85446.0,MutNovel,"E1150K,0.714"
X-3773,ZFHX4,79776.0,MutNovel,"D852N,0.389"
X-3773,ZFHX4,79776.0,MutNovel,"P1974L,0.304"
X-3773,ZFP112,7771.0,MutNovel,"P899S,0.500"
X-3773,ZFP62,643836.0,MutNovel,"S630L,0.403"
X-3773,ZFP91,80829.0,Del0.8,0.67
X-3773,ZFP91-CNTF,386607.0,Del0.8,0.67
X-3773,ZFPM1,161882.0,MutNovel,"G774E,0.833"
X-3773,ZFR,51663.0,MutNovel,"P995S,0.450"
X-3773,ZGLP1,100125288.0,MutNovel,"P116S,1.000"
X-3773,ZNF107,51427.0,MutNovel,"C274Y,0.390"
X-3773,ZNF160,90338.0,MutNovel,"R556W,0.512"
X-3773,ZNF167,55888.0,MutNovel,"G331E,0.500"
X-3773,ZNF211,10520.0,MutNovel,"L63F,0.522"
X-3773,ZNF225,7768.0,MutNovel,"H271Y,0.591"
X-3773,ZNF283,284349.0,MutNovel,"A327V,0.714"
X-3773,ZNF292,23036.0,MutNovel,"T769I,0.314"
X-3773,ZNF292,23036.0,MutNovel,"P1811M,0.264"
X-3773,ZNF295,49854.0,MutNovel,"P275L,0.840"
X-3773,ZNF300,91975.0,MutNovel,"S122F,0.417"
X-3773,ZNF304,57343.0,MutNovel,"H553Y,0.562"
X-3773,ZNF341,84905.0,MutNovel,"P181S,0.667"
X-3773,ZNF347,84671.0,MutNovel,"K182T,0.526"
X-3773,ZNF365,22891.0,MutNovel,"E210K,0.424"
X-3773,ZNF37A,7587.0,MutNovel,"T307I,0.800"
X-3773,ZNF384,171017.0,MutNovel,"QQ514Q,0.420"
X-3773,ZNF41,7592.0,MutNovel,"S229F,1.000"
X-3773,ZNF469,84627.0,MutNovel,"S718F,0.667"
X-3773,ZNF485,220992.0,MutNovel,"H260Y,0.576"
X-3773,ZNF490,57474.0,MutNovel,"S402L,0.500"
X-3773,ZNF507,22847.0,Amp8,14.03
X-3773,ZNF527,84503.0,MutNovel,"H213C,0.214"
X-3773,ZNF536,9745.0,MutNovel,"E121K,0.955"
X-3773,ZNF536,9745.0,MutNovel,"P623S,0.926"
X-3773,ZNF536,9745.0,Amp8,13.45
X-3773,ZNF587,84914.0,MutNovel,"S561P,0.444"
X-3773,ZNF600,162966.0,MutNovel,"S147L,0.538"
X-3773,ZNF638,27332.0,MutKnownFunctional,"R521*,0.982"
X-3773,ZNF648,127665.0,MutNovel,"E96K,1.000"
X-3773,ZNF680,340252.0,MutNovel,"P237L,0.604"
X-3773,ZNF71,58491.0,MutNovel,"P269S,0.424"
X-3773,ZNF764,92595.0,MutNovel,"L162R,0.750"
X-3773,ZNF772,400720.0,MutNovel,"A4GP,0.706"
X-3773,ZNF823,55552.0,MutNovel,"P158L,1.000"
X-3773,ZNF841,284371.0,MutKnownFunctional,"-219?,0.444"
X-3773,ZNRF2,223082.0,MutNovel,"S60G,1.000"
X-3773,ZP3,7784.0,MutNovel,"E87K,0.562"
X-3773,ZSCAN2,54993.0,MutNovel,"V145M,0.214"
X-3773,ZSCAN23,222696.0,MutNovel,"S29F,1.000"
X-3851,AARD,,MutNovel,"P32L,0.397"
X-3851,ABCB7,22.0,Del0.8,0.61
X-3851,ABCD1,215.0,Del0.8,0.63
X-3851,ACACA,31.0,MutNovel,"P909S,0.273"
X-3851,ACBD6,84320.0,Amp5,5.1
X-3851,ACE2,59272.0,Del0.8,0.61
X-3851,ACOT9,23597.0,Del0.8,0.61
X-3851,ACP6,51205.0,Amp5,5.28
X-3851,ACRC,93953.0,Del0.8,0.61
X-3851,ACSL4,2182.0,MutNovel,"S527F,1.000"
X-3851,ACSL4,2182.0,Del0.8,0.61
X-3851,ACTB,60.0,Amp5,5.7
X-3851,ACTR3C,653857.0,MutNovel,"Q121W,1.000"
X-3851,ACTRT1,139741.0,Del0.8,0.61
X-3851,ADAMTS3,9508.0,MutNovel,"D122N,0.800"
X-3851,ADAMTS4,9507.0,Amp5,5.13
X-3851,ADAMTS7,11173.0,MutNovel,"E518K,0.500"
X-3851,ADAMTSL4,54507.0,Amp5,5.03
X-3851,ADAP1,11033.0,Amp5,5.39
X-3851,ADCY1,107.0,MutNovel,"E261Q,0.321"
X-3851,ADCY10,55811.0,Amp5,5.1
X-3851,ADORA2A,135.0,MutNovel,"A59V,0.750"
X-3851,AFF2,2334.0,Del0.8,0.63
X-3851,AGMO,392636.0,Amp5,7.46
X-3851,AGR2,10551.0,Amp5,6.32
X-3851,AGR3,155465.0,Amp5,6.32
X-3851,AGTR2,186.0,Del0.8,0.62
X-3851,AHNAK,79026.0,MutNovel,"P4821S,0.433"
X-3851,AHNAK2,113146.0,MutNovel,"A1650D,1.000"
X-3851,AHNAK2,113146.0,MutNovel,"T471I,1.000"
X-3851,AHR,196.0,Amp5,6.32
X-3851,AIFM1,9131.0,Del0.8,0.61
X-3851,AIMP1,9255.0,MutNovel,"P271S,0.379"
X-3851,AIMP2,7965.0,Amp8,8.11
X-3851,AKAP1,8165.0,MutNovel,"Q594R,0.396"
X-3851,AKAP14,158798.0,Del0.8,0.62
X-3851,AKAP4,8852.0,Del0.8,0.61
X-3851,ALAS2,212.0,Del0.8,0.61
X-3851,ALDH9A1,223.0,Amp5,5.13
X-3851,ALDOA,226.0,MutNovel,"P147L,0.676"
X-3851,ALG13,79868.0,Del0.8,0.62
X-3851,ALKBH6,84964.0,Amp5,6.36
X-3851,AMELX,265.0,Del0.8,0.61
X-3851,AMIGO2,347902.0,MutNovel,"G481E,0.667"
X-3851,AMMECR1,9949.0,Del0.8,0.55
X-3851,AMOT,154796.0,Del0.8,0.62
X-3851,AMZ1,155185.0,Amp5,5.5
X-3851,ANGPTL1,9068.0,Amp5,5.13
X-3851,ANK2,287.0,Del0.8,0.72
X-3851,ANKMY2,57037.0,Amp5,6.32
X-3851,ANKRD11,29123.0,MutNovel,"I1412T,0.386"
X-3851,ANKRD27,84079.0,Amp5,6.82
X-3851,ANKRD28,23243.0,MutNovel,"L738F,1.000"
X-3851,ANKRD34A,284615.0,Amp5,5.17
X-3851,ANKRD35,148741.0,Amp5,5.17
X-3851,ANKRD36BP1,84832.0,Amp5,5.1
X-3851,ANKRD45,339416.0,Amp5,5.13
X-3851,ANKS1B,56899.0,MutNovel,"S58L,1.000"
X-3851,ANO4,121601.0,MutNovel,"E240D,1.000"
X-3851,ANP32E,81611.0,Amp5,5.03
X-3851,ANXA1,301.0,MutNovel,"L8F,0.546"
X-3851,ANXA9,8416.0,Amp5,5.03
X-3851,AP1S2,8905.0,Del0.8,0.61
X-3851,AP2A1,160.0,MutNovel,"Q92R,0.545"
X-3851,APEX2,27301.0,Del0.8,0.61
X-3851,APH1A,51107.0,Amp5,5.03
X-3851,APLN,8862.0,Del0.8,0.61
X-3851,APLP1,333.0,Amp5,6.36
X-3851,APOA2,336.0,Amp5,5.13
X-3851,APOBEC4,403314.0,Amp5,5.1
X-3851,APOL6,80830.0,MutNovel,"P100S,0.600"
X-3851,APOO,79135.0,Del0.8,0.61
X-3851,APOOL,139322.0,Del0.8,0.61
X-3851,AR,367.0,Del0.8,0.61
X-3851,ARAF,369.0,Del0.8,0.61
X-3851,ARHGAP22,58504.0,MutNovel,"A527T,1.000"
X-3851,ARHGAP29,9411.0,MutNovel,"P1198L,0.429"
X-3851,ARHGAP33,115703.0,Amp5,6.36
X-3851,ARHGAP36,158763.0,Del0.8,0.61
X-3851,ARHGAP4,393.0,Del0.8,0.63
X-3851,ARHGAP42,143872.0,MutNovel,"S706L,0.435"
X-3851,ARHGAP6,395.0,Del0.8,0.61
X-3851,ARHGEF6,9459.0,Del0.8,0.61
X-3851,ARHGEF9,23229.0,Del0.8,0.61
X-3851,ARID2,196528.0,MutKnownFunctional,"Q1313*,0.500"
X-3851,ARL13A,392509.0,Del0.8,0.61
X-3851,ARL4A,10124.0,Amp8,8.51
X-3851,ARMC2,84071.0,MutNovel,"P151L,1.000"
X-3851,ARMCX1,51309.0,Del0.8,0.61
X-3851,ARMCX2,9823.0,Del0.8,0.61
X-3851,ARMCX3,51566.0,Del0.8,0.61
X-3851,ARMCX4,100131755.0,Del0.8,0.61
X-3851,ARMCX5,64860.0,Del0.8,0.61
X-3851,ARMCX5-GPRASP2,100528062.0,Del0.8,0.61
X-3851,ARMCX6,54470.0,Del0.8,0.61
X-3851,ARNT,405.0,Amp5,5.03
X-3851,ARNTL,406.0,MutNovel,"D145N,0.500"
X-3851,ARPC5,10092.0,Amp5,5.1
X-3851,ARR3,407.0,Del0.8,0.61
X-3851,ARRB2,409.0,MutNovel,"T268I,0.619"
X-3851,ARSA,410.0,MutNovel,"S252F,0.569"
X-3851,ARSD,414.0,Del0.8,0.64
X-3851,ARSE,415.0,Del0.8,0.64
X-3851,ARSF,416.0,Del0.8,0.64
X-3851,ARSH,347527.0,Del0.8,0.64
X-3851,ARV1,64801.0,MutNovel,"I223F,0.438"
X-3851,ARX,170302.0,Del0.8,0.61
X-3851,ASB11,140456.0,Del0.8,0.61
X-3851,ASB12,142689.0,Del0.8,0.61
X-3851,ASB9,140462.0,Del0.8,0.61
X-3851,ASNS,440.0,MutNovel,"R424Q,0.500"
X-3851,ASPHD1,253982.0,MutNovel,"R18K,0.439"
X-3851,ASRGL1,80150.0,MutNovel,"A173V,0.485"
X-3851,ASTN1,460.0,Amp5,5.13
X-3851,ATF6,22926.0,Amp5,5.13
X-3851,ATG16L2,89849.0,MutNovel,"R143Q,0.455"
X-3851,ATG2B,55102.0,MutNovel,"S694F,1.000"
X-3851,ATG4A,115201.0,Del0.8,0.61
X-3851,ATM,472.0,MutNovel,"P2029L,1.000"
X-3851,ATP11C,286410.0,Del0.8,0.61
X-3851,ATP1B1,481.0,Amp5,5.13
X-3851,ATP1B4,23439.0,Del0.8,0.62
X-3851,ATP2B3,492.0,Del0.8,0.63
X-3851,ATP4A,495.0,Amp5,6.36
X-3851,ATP6AP1,537.0,Del0.8,0.63
X-3851,ATP6AP2,10159.0,Del0.8,0.61
X-3851,ATP7A,538.0,Del0.8,0.61
X-3851,ATRX,546.0,Del0.8,0.61
X-3851,ATXN2,6311.0,MutNovel,"P101S,0.909"
X-3851,ATXN3L,92552.0,Del0.8,0.61
X-3851,ATXN7L1,222255.0,MutNovel,"N687S,1.000"
X-3851,AVPR2,554.0,Del0.8,0.63
X-3851,AWAT1,158833.0,Del0.8,0.61
X-3851,AWAT2,158835.0,Del0.8,0.61
X-3851,AXDND1,126859.0,Amp5,5.1
X-3851,AZI1,22994.0,MutNovel,"G399C,0.531"
X-3851,B2M,567.0,MutNovel,"L15F,0.285"
X-3851,B3GALT1,8708.0,MutNovel,"P223L,0.500"
X-3851,B4GALT3,8703.0,Amp5,5.13
X-3851,BAGE2,,MutNovel,"P25S,0.286"
X-3851,BAIAP2L1,55971.0,MutNovel,"F462L,0.508"
X-3851,BCAP31,10134.0,Del0.8,0.63
X-3851,BCL9,607.0,MutNovel,"P1070L,0.778"
X-3851,BCL9,607.0,Amp5,5.28
X-3851,BCOR,54880.0,Del0.8,0.61
X-3851,BCORL1,63035.0,Del0.8,0.61
X-3851,BCYRN1,618.0,Del0.8,0.61
X-3851,BEND2,139105.0,Del0.8,0.61
X-3851,BEX1,55859.0,Del0.8,0.61
X-3851,BEX2,84707.0,Del0.8,0.61
X-3851,BEX4,56271.0,Del0.8,0.61
X-3851,BEX5,340542.0,Del0.8,0.61
X-3851,BGN,633.0,Del0.8,0.63
X-3851,BHLHB9,80823.0,Del0.8,0.61
X-3851,BLZF1,8548.0,Amp5,5.13
X-3851,BMP15,9210.0,Del0.8,0.61
X-3851,BMX,660.0,Del0.8,0.61
X-3851,BNIPL,149428.0,Amp5,5.03
X-3851,BOLA1,51027.0,Amp5,5.03
X-3851,BRAF,673.0,MutNovel,"S467L,0.714"
X-3851,BRCC3,79184.0,Del0.8,0.63
X-3851,BRP44,25874.0,Amp5,5.1
X-3851,BRS3,680.0,Del0.8,0.61
X-3851,BRWD3,254065.0,Del0.8,0.61
X-3851,BTBD7,55727.0,MutNovel,"S968L,1.000"
X-3851,BTK,695.0,Del0.8,0.61
X-3851,BUB1,699.0,MutNovel,"R677C,0.647"
X-3851,BYSL,705.0,MutNovel,"I207T,0.301"
X-3851,BZW2,28969.0,Amp5,6.32
X-3851,C11orf41,25758.0,MutNovel,"A366T,0.571"
X-3851,C11orf74,119710.0,MutNovel,"P194S,0.457"
X-3851,C12orf52,84934.0,Del0.8,0.74
X-3851,C15orf39,56905.0,MutNovel,"E490K,0.648"
X-3851,C16orf53,79447.0,MutNovel,"D149H,0.626"
X-3851,C16orf55,124045.0,MutNovel,"S78F,0.217"
X-3851,C16orf59,80178.0,MutNovel,"P336L,0.219"
X-3851,C19orf33,64073.0,Amp5,6.06
X-3851,C19orf40,91442.0,Amp5,6.82
X-3851,C19orf55,148137.0,Amp5,6.36
X-3851,C1GALT1,56913.0,Amp5,7.84
X-3851,C1GALT1C1,29071.0,Del0.8,0.62
X-3851,C1R,715.0,MutNovel,"E104K,1.000"
X-3851,C1orf105,92346.0,Amp5,5.13
X-3851,C1orf110,339512.0,Amp5,5.13
X-3851,C1orf111,284680.0,Amp5,5.13
X-3851,C1orf112,55732.0,Amp5,5.13
X-3851,C1orf114,57821.0,Amp5,5.13
X-3851,C1orf129,80133.0,Amp5,5.13
X-3851,C1orf192,257177.0,Amp5,5.13
X-3851,C1orf198,84886.0,MutNovel,"D237N,0.667"
X-3851,C1orf21,81563.0,Amp5,5.1
X-3851,C1orf220,400798.0,Amp5,5.13
X-3851,C1orf226,400793.0,Amp5,5.13
X-3851,C1orf27,54953.0,Amp5,5.46
X-3851,C1orf51,148523.0,Amp5,5.03
X-3851,C1orf54,79630.0,Amp5,5.03
X-3851,C1orf56,54964.0,Amp5,5.03
X-3851,C20orf43,51507.0,MutNovel,"P244L,0.219"
X-3851,C22orf29,79680.0,MutNovel,"P195L,0.440"
X-3851,C2CD4D,100191040.0,Amp5,5.03
X-3851,C3orf14,57415.0,Amp8,8.22
X-3851,C5,727.0,MutNovel,"P488L,0.714"
X-3851,C6orf106,64771.0,MutNovel,"F235C,0.566"
X-3851,C7orf26,79034.0,Amp5,7.57
X-3851,C7orf50,84310.0,Amp5,5.39
X-3851,C9orf156,51531.0,MutNovel,"P245A,0.523"
X-3851,CA14,23632.0,Amp5,5.03
X-3851,CA5B,11238.0,Del0.8,0.61
X-3851,CA5BP1,340591.0,Del0.8,0.61
X-3851,CACNA1E,777.0,Amp5,5.1
X-3851,CACNA1F,778.0,Del0.8,0.61
X-3851,CACNA1H,8912.0,MutNovel,"P2177L,0.750"
X-3851,CACYBP,27101.0,Amp5,5.13
X-3851,CAD,790.0,MutNovel,"Q2027E,0.347"
X-3851,CADPS,8618.0,Amp5,5.66
X-3851,CADPS2,93664.0,MutNovel,"R624C,0.762"
X-3851,CAMK2G,818.0,MutNovel,"P213S,0.733"
X-3851,CAMSAP2,23271.0,MutNovel,"S1116F,0.280"
X-3851,CAMTA2,23125.0,MutNovel,"E834K,0.206"
X-3851,CAPN6,827.0,Del0.8,0.62
X-3851,CAPNS1,826.0,Amp5,6.36
X-3851,CARD11,84433.0,Amp5,5.5
X-3851,CASK,8573.0,Del0.8,0.61
X-3851,CASP8AP2,9994.0,MutNovel,"A1884V,1.000"
X-3851,CATSPERG,57828.0,Amp5,6.06
X-3851,CCDC108,255101.0,MutNovel,"A544T,1.000"
X-3851,CCDC120,90060.0,Del0.8,0.61
X-3851,CCDC160,347475.0,Del0.8,0.61
X-3851,CCDC22,28952.0,Del0.8,0.61
X-3851,CCDC34,91057.0,MutNovel,"G307E,0.344"
X-3851,CCDC88A,55704.0,MutNovel,"S1289L,0.882"
X-3851,CCNB3,85417.0,Del0.8,0.61
X-3851,CCND1,595.0,MutNovel,"P287L,0.566"
X-3851,CCZ1B,221960.0,Amp5,5.66
X-3851,CD160,11126.0,Amp5,5.17
X-3851,CD22,933.0,Amp5,6.82
X-3851,CD247,919.0,Amp5,5.13
X-3851,CD40LG,959.0,Del0.8,0.61
X-3851,CD47,961.0,MutNovel,"P40L,1.000"
X-3851,CD48,962.0,MutNovel,"G230D,0.750"
X-3851,CD99L2,83692.0,Del0.8,0.63
X-3851,CDC23,8697.0,MutNovel,"C455F,0.360"
X-3851,CDC42BPA,8476.0,MutNovel,"P1650L,0.618"
X-3851,CDC42SE1,56882.0,Amp5,5.03
X-3851,CDH18,1016.0,MutNovel,"E714K,1.000"
X-3851,CDK16,5127.0,Del0.8,0.61
X-3851,CDK4,1019.0,MutNovel,"R252K,0.385"
X-3851,CDKL5,6792.0,Del0.8,0.61
X-3851,CDKN1C,1028.0,MutNovel,"APVAV171V,0.842"
X-3851,CDKN2A,1029.0,MutKnownFunctional,"E149*,0.998"
X-3851,CDR1,1038.0,Del0.8,0.61
X-3851,CDX4,1046.0,Del0.8,0.61
X-3851,CEBPA,1050.0,Amp5,6.82
X-3851,CEBPG,1054.0,Amp5,6.82
X-3851,CELF3,11189.0,Amp5,5.03
X-3851,CENPI,2491.0,Del0.8,0.61
X-3851,CENPL,91687.0,Amp5,5.13
X-3851,CENPT,80152.0,MutNovel,"H64Y,0.396"
X-3851,CEP128,145508.0,MutNovel,"G148V,1.000"
X-3851,CEP350,9857.0,Amp5,5.1
X-3851,CEP41,95681.0,MutNovel,"V63A,0.500"
X-3851,CEP89,84902.0,Amp5,6.82
X-3851,CERS2,29956.0,Amp5,5.03
X-3851,CETN2,1069.0,Del0.8,0.63
X-3851,CFP,5199.0,Del0.8,0.61
X-3851,CGN,57530.0,Amp5,5.03
X-3851,CHD1L,9557.0,Amp5,5.28
X-3851,CHD7,55636.0,MutNovel,"S1524F,0.778"
X-3851,CHIC1,53344.0,Del0.8,0.61
X-3851,CHM,1121.0,MutNovel,"D135Y,0.400"
X-3851,CHM,1121.0,Del0.8,0.61
X-3851,CHRDL1,91851.0,Del0.8,0.62
X-3851,CHST12,55501.0,Amp5,5.35
X-3851,CHST6,4166.0,MutNovel,"S322L,0.545"
X-3851,CHST7,56548.0,Del0.8,0.61
X-3851,CHST8,64377.0,Amp5,6.82
X-3851,CHSY3,337876.0,MutNovel,"G160E,0.600"
X-3851,CITED1,4435.0,Del0.8,0.61
X-3851,CLCN4,1183.0,Del0.8,0.61
X-3851,CLCN5,1184.0,Del0.8,0.61
X-3851,CLDN2,9075.0,Del0.8,0.61
X-3851,CLGN,1047.0,MutNovel,"D400E,1.000"
X-3851,CLIC1,1192.0,MutNovel,"R216W,0.474"
X-3851,CLIC2,1193.0,Del0.8,0.63
X-3851,CLIP3,25999.0,Amp5,6.36
X-3851,CLK3,1198.0,MutNovel,"G130E,0.868"
X-3851,CLPX,10845.0,MutNovel,"V215A,0.261"
X-3851,CLYBL,171425.0,MutNovel,"G203E,1.000"
X-3851,CNGA2,1260.0,Del0.8,0.63
X-3851,CNKSR2,22866.0,Del0.8,0.61
X-3851,CNOT10,25904.0,MutKnownFunctional,"Q69*,1.000"
X-3851,CNTNAP3,79937.0,MutNovel,"A38V,1.000"
X-3851,CNTROB,116840.0,MutNovel,"S790F,0.314"
X-3851,COL25A1,84570.0,MutNovel,"G311E,0.857"
X-3851,COL28A1,340267.0,Amp5,7.84
X-3851,COL4A1,1282.0,MutNovel,"P1368L,1.000"
X-3851,COL4A5,1287.0,Del0.8,0.61
X-3851,COL4A6,1288.0,Del0.8,0.61
X-3851,COMP,1311.0,Del0.8,0.72
X-3851,COQ2,27235.0,MutNovel,"N228S,0.571"
X-3851,CORO1A,11151.0,MutNovel,"E446K,0.750"
X-3851,CORO2B,10391.0,MutNovel,"V228A,0.917"
X-3851,COX10,1352.0,MutNovel,"Y97N,0.282"
X-3851,COX15,1355.0,MutNovel,"R313K,0.509"
X-3851,COX19,90639.0,Amp5,5.39
X-3851,COX6B1,1340.0,Amp5,6.36
X-3851,COX7A1,1346.0,Amp5,6.36
X-3851,COX7B,1349.0,Del0.8,0.61
X-3851,CPA2,1358.0,MutNovel,"D383N,0.528"
X-3851,CPS1,1373.0,MutNovel,"R1459W,1.000"
X-3851,CPXCR1,53336.0,Del0.8,0.61
X-3851,CRAMP1L,57585.0,MutNovel,"S998F,0.733"
X-3851,CRBN,51185.0,MutNovel,"A395E,0.417"
X-3851,CREG1,8804.0,Amp5,5.13
X-3851,CRISPLD1,83690.0,MutNovel,"P228S,0.704"
X-3851,CRNN,49860.0,Amp5,5.03
X-3851,CRTC1,23373.0,Del0.8,0.72
X-3851,CRYBG3,,MutNovel,"E31K,1.000"
X-3851,CSAG1,158511.0,Del0.8,0.63
X-3851,CSAG2,728461.0,Del0.8,0.63
X-3851,CSAG2,728461.0,Del0.8,0.63
X-3851,CSAG3,389903.0,Del0.8,0.63
X-3851,CSAG3,389903.0,Del0.8,0.63
X-3851,CSDE1,7812.0,MutKnownFunctional,"Q839*,0.501"
X-3851,CSTF2,1478.0,Del0.8,0.61
X-3851,CSTF3,1479.0,MutNovel,"R209W,0.353"
X-3851,CT45A1,541466.0,Del0.8,0.61
X-3851,CT45A2,728911.0,Del0.8,0.61
X-3851,CT45A3,441519.0,Del0.8,0.61
X-3851,CT45A4,441520.0,Del0.8,0.61
X-3851,CT45A4,441520.0,Del0.8,0.61
X-3851,CT45A5,441521.0,Del0.8,0.61
X-3851,CT45A6,541465.0,Del0.8,0.61
X-3851,CT47A1,728096.0,Del0.8,0.62
X-3851,CT47A10,728036.0,Del0.8,0.62
X-3851,CT47A6,728062.0,Del0.8,0.62
X-3851,CT47A7,653282.0,Del0.8,0.62
X-3851,CT47B1,643311.0,Del0.8,0.62
X-3851,CTAG1A,,MutNovel,"R6Q,1.000"
X-3851,CTAG1B,1485.0,Del0.8,0.63
X-3851,CTAG1B,1485.0,Del0.8,0.63
X-3851,CTAG2,30848.0,Del0.8,0.63
X-3851,CTDSP2,10106.0,MutKnownFunctional,"Q196*,0.407"
X-3851,CTPS2,56474.0,Del0.8,0.61
X-3851,CTSK,1513.0,Amp5,5.03
X-3851,CTSS,1520.0,Amp5,5.03
X-3851,CUEDC1,404093.0,MutNovel,"S103F,0.248"
X-3851,CUL4B,8450.0,Del0.8,0.62
X-3851,CXCR3,2833.0,Del0.8,0.61
X-3851,CXXC1P1,392459.0,Del0.8,0.61
X-3851,CXorf1,9142.0,Del0.8,0.63
X-3851,CXorf21,80231.0,Del0.8,0.61
X-3851,CXorf22,170063.0,Del0.8,0.61
X-3851,CXorf23,256643.0,MutNovel,"L531F,1.000"
X-3851,CXorf23,256643.0,Del0.8,0.61
X-3851,CXorf26,51260.0,Del0.8,0.61
X-3851,CXorf27,25763.0,Del0.8,0.61
X-3851,CXorf28,100129464.0,Del0.8,0.64
X-3851,CXorf30,645090.0,Del0.8,0.61
X-3851,CXorf36,79742.0,Del0.8,0.61
X-3851,CXorf38,159013.0,Del0.8,0.61
X-3851,CXorf40A,91966.0,Del0.8,0.63
X-3851,CXorf40B,541578.0,Del0.8,0.63
X-3851,CXorf48,54967.0,Del0.8,0.61
X-3851,CXorf49B,100132994.0,Del0.8,0.61
X-3851,CXorf49B,100132994.0,Del0.8,0.61
X-3851,CXorf51A,100129239.0,Del0.8,0.63
X-3851,CXorf51A,100129239.0,Del0.8,0.63
X-3851,CXorf56,63932.0,Del0.8,0.62
X-3851,CXorf57,55086.0,Del0.8,0.61
X-3851,CXorf58,254158.0,Del0.8,0.61
X-3851,CXorf59,286464.0,Del0.8,0.61
X-3851,CXorf61,203413.0,Del0.8,0.62
X-3851,CXorf64,100130613.0,Del0.8,0.61
X-3851,CXorf65,158830.0,Del0.8,0.61
X-3851,CXorf66,347487.0,Del0.8,0.61
X-3851,CXorf68,100132963.0,Del0.8,0.63
X-3851,CXorf69,644538.0,Del0.8,0.61
X-3851,CYBB,1536.0,Del0.8,0.61
X-3851,CYLC1,1538.0,Del0.8,0.61
X-3851,CYP2D6,1565.0,MutNovel,"E410K,0.333"
X-3851,CYP2D6,1565.0,MutNovel,"Y355C,0.500"
X-3851,CYP2W1,54905.0,Amp5,5.39
X-3851,CYSLTR1,10800.0,Del0.8,0.61
X-3851,CYTH3,9265.0,Amp8,8.11
X-3851,DAB2,1601.0,MutNovel,"E156K,0.652"
X-3851,DACH2,117154.0,Del0.8,0.61
X-3851,DAGLB,221955.0,Amp5,7.89
X-3851,DARS2,55157.0,Amp5,5.13
X-3851,DBF4B,80174.0,MutNovel,"H379Y,0.400"
X-3851,DCAF12L1,139170.0,Del0.8,0.61
X-3851,DCAF12L2,340578.0,Del0.8,0.61
X-3851,DCAF6,55827.0,Amp5,5.1
X-3851,DCAF8L1,139425.0,Del0.8,0.61
X-3851,DCAF8L2,347442.0,Del0.8,0.61
X-3851,DCX,1641.0,Del0.8,0.62
X-3851,DDR2,4921.0,Amp5,5.13
X-3851,DDX23,9416.0,MutNovel,"P666L,0.538"
X-3851,DDX26B,203522.0,Del0.8,0.61
X-3851,DDX27,55661.0,MutNovel,"V87D,1.000"
X-3851,DDX3X,1654.0,Del0.8,0.61
X-3851,DDX53,168400.0,Del0.8,0.61
X-3851,DEDD,9191.0,Amp5,5.13
X-3851,DGAT2L6,347516.0,Del0.8,0.61
X-3851,DGKB,1607.0,Amp8,8.51
X-3851,DGKK,139189.0,Del0.8,0.61
X-3851,DGKZ,8525.0,MutNovel,"L1040F,0.483"
X-3851,DHX38,9785.0,MutNovel,"P916S,0.557"
X-3851,DHX9,1660.0,Amp5,5.1
X-3851,DIAPH2,1730.0,Del0.8,0.61
X-3851,DKC1,1736.0,Del0.8,0.63
X-3851,DKFZP564C196,284649.0,Amp5,5.1
X-3851,DKFZp686D0853,401613.0,Del0.8,0.62
X-3851,DKK1,22943.0,MutNovel,"G28R,0.327"
X-3851,DLG3,1741.0,Del0.8,0.61
X-3851,DMD,1756.0,Del0.8,0.61
X-3851,DMKN,93099.0,Amp5,6.36
X-3851,DMRTC1B,728656.0,Del0.8,0.61
X-3851,DMRTC1B,728656.0,Del0.8,0.61
X-3851,DNAJA4,55466.0,MutKnownFunctional,"-376,0.699"
X-3851,DNAJB5,25822.0,MutNovel,"H298L,0.448"
X-3851,DNASE1L1,1774.0,Del0.8,0.63
X-3851,DNM1L,10059.0,MutNovel,"E379K,0.460"
X-3851,DNM3,26052.0,Amp5,5.13
X-3851,DNM3OS,100628315.0,Amp5,5.13
X-3851,DOCK11,139818.0,Del0.8,0.62
X-3851,DOPEY2,9980.0,MutNovel,"T1253I,0.257"
X-3851,DPF1,8193.0,Amp5,6.06
X-3851,DPT,1805.0,Amp5,5.13
X-3851,DPY19L3,147991.0,Amp5,6.82
X-3851,DRP2,1821.0,Del0.8,0.61
X-3851,DSC2,1824.0,MutNovel,"D30N,1.000"
X-3851,DSP,1832.0,MutNovel,"G2832E,0.400"
X-3851,DSTYK,25778.0,MutNovel,"H815Y,0.837"
X-3851,DTNBP1,84062.0,MutNovel,"G271D,1.000"
X-3851,DUS3L,56931.0,MutNovel,"A477V,0.575"
X-3851,DUSP12,11266.0,Amp5,5.13
X-3851,DUSP21,63904.0,Del0.8,0.61
X-3851,DUSP27,92235.0,Amp5,5.13
X-3851,DUSP9,1852.0,Del0.8,0.63
X-3851,DYM,54808.0,MutNovel,"S434F,1.000"
X-3851,DYNLT3,6990.0,Del0.8,0.61
X-3851,E2F6,1876.0,MutNovel,"R63C,0.765"
X-3851,EBNA1BP2,10969.0,MutNovel,"E30K,0.700"
X-3851,EBP,10682.0,Del0.8,0.61
X-3851,ECE1,1889.0,MutNovel,"P140L,0.440"
X-3851,ECM1,1893.0,Amp5,5.03
X-3851,ECT2,1894.0,MutNovel,"R852Q,1.000"
X-3851,EDA,1896.0,Del0.8,0.61
X-3851,EDA2R,60401.0,Del0.8,0.61
X-3851,EDEM3,80267.0,Amp5,5.1
X-3851,EFEMP2,30008.0,MutNovel,"H74Y,0.297"
X-3851,EFHC2,80258.0,Del0.8,0.61
X-3851,EFNB1,1947.0,Del0.8,0.61
X-3851,EGFL6,25975.0,Del0.8,0.61
X-3851,EGLN2,112398.0,MutNovel,"P331S,0.737"
X-3851,EHD2,30846.0,MutNovel,"D296N,0.400"
X-3851,EIF1AX,1964.0,Del0.8,0.61
X-3851,EIF2AK1,27102.0,Amp8,8.11
X-3851,EIF2C2,27161.0,MutNovel,"HQ291QK,0.250"
X-3851,EIF2D,1939.0,MutNovel,"P120L,0.449"
X-3851,EIF2S3,1968.0,Del0.8,0.61
X-3851,EIF3B,8662.0,Amp5,5.35
X-3851,EIF3E,3646.0,MutNovel,"P159L,0.351"
X-3851,EIF3K,27335.0,Amp5,6.06
X-3851,EIF4A3,9775.0,MutNovel,"R105C,0.393"
X-3851,ELF4,2000.0,Del0.8,0.61
X-3851,ELFN1,392617.0,Amp5,5.35
X-3851,ELK1,2002.0,Del0.8,0.61
X-3851,ELL,8178.0,MutNovel,"P471S,0.513"
X-3851,ELL2,22936.0,MutNovel,"P53S,0.485"
X-3851,EMC10,,MutKnownFunctional,"-231?,0.433"
X-3851,EMD,2010.0,Del0.8,0.63
X-3851,EML2,24139.0,MutNovel,"P535S,0.222"
X-3851,EML3,256364.0,MutNovel,"P109L,0.418"
X-3851,EN2,2020.0,MutNovel,"E327K,0.438"
X-3851,ENOX2,10495.0,Del0.8,0.61
X-3851,ENSA,2029.0,Amp5,5.03
X-3851,EPB41L4B,54566.0,MutNovel,"P293L,0.278"
X-3851,EPHA6,285220.0,Del0.8,0.68
X-3851,EPN2,22905.0,MutNovel,"S511F,0.429"
X-3851,ERAS,3266.0,Del0.8,0.61
X-3851,ERCC6L,54821.0,Del0.8,0.61
X-3851,ERG,2078.0,MutNovel,"P188S,0.833"
X-3851,ESX1,80712.0,Del0.8,0.61
X-3851,ETV1,2115.0,Amp8,8.51
X-3851,ETV2,2116.0,Amp5,6.36
X-3851,EXOC6,54536.0,MutNovel,"W432R,1.000"
X-3851,EXTL3,2137.0,MutNovel,"P170L,1.000"
X-3851,F5,2153.0,Amp5,5.13
X-3851,F8,2157.0,Del0.8,0.63
X-3851,F8A1,8263.0,Del0.8,0.63
X-3851,F8A1,8263.0,Del0.8,0.63
X-3851,F9,2158.0,Del0.8,0.61
X-3851,FAAH2,158584.0,Del0.8,0.61
X-3851,FADS3,3995.0,MutNovel,"P98S,0.500"
X-3851,FAIM3,9214.0,MutNovel,"S359F,0.382"
X-3851,FAM104B,90736.0,Del0.8,0.61
X-3851,FAM111B,374393.0,MutKnownFunctional,"-269?,0.258"
X-3851,FAM120C,54954.0,Del0.8,0.61
X-3851,FAM122B,159090.0,Del0.8,0.61
X-3851,FAM122C,159091.0,Del0.8,0.61
X-3851,FAM123B,139285.0,Del0.8,0.61
X-3851,FAM127A,8933.0,Del0.8,0.61
X-3851,FAM127B,26071.0,Del0.8,0.61
X-3851,FAM127C,441518.0,Del0.8,0.61
X-3851,FAM129A,116496.0,Amp5,5.1
X-3851,FAM133A,286499.0,Del0.8,0.61
X-3851,FAM155B,27112.0,Del0.8,0.61
X-3851,FAM156A,29057.0,Del0.8,0.61
X-3851,FAM156A,29057.0,Del0.8,0.61
X-3851,FAM156B,727866.0,Del0.8,0.61
X-3851,FAM156B,727866.0,Del0.8,0.61
X-3851,FAM163A,148753.0,Amp5,5.1
X-3851,FAM171B,165215.0,MutNovel,"-50Q,0.643"
X-3851,FAM178B,51252.0,MutNovel,"A147T,1.000"
X-3851,FAM187B,148109.0,Amp5,6.82
X-3851,FAM193B,54540.0,MutNovel,"R19W,0.407"
X-3851,FAM199X,139231.0,Del0.8,0.61
X-3851,FAM20B,9917.0,Amp5,5.13
X-3851,FAM20C,56975.0,Amp5,5.39
X-3851,FAM3A,60343.0,Del0.8,0.63
X-3851,FAM45B,55855.0,Del0.8,0.61
X-3851,FAM46D,169966.0,Del0.8,0.61
X-3851,FAM47A,158724.0,Del0.8,0.61
X-3851,FAM47B,170062.0,Del0.8,0.61
X-3851,FAM47C,442444.0,Del0.8,0.61
X-3851,FAM48B1,100130302.0,Del0.8,0.61
X-3851,FAM48B2,170067.0,Del0.8,0.61
X-3851,FAM50A,9130.0,Del0.8,0.63
X-3851,FAM58A,92002.0,Del0.8,0.63
X-3851,FAM5B,57795.0,Amp5,5.13
X-3851,FAM63A,55793.0,Amp5,5.03
X-3851,FAM64A,54478.0,MutNovel,"E28K,0.632"
X-3851,FAM70A,55026.0,Del0.8,0.62
X-3851,FAM78B,149297.0,Amp5,5.13
X-3851,FAM98C,147965.0,Amp5,6.06
X-3851,FAM9A,171482.0,Del0.8,0.61
X-3851,FAM9B,171483.0,Del0.8,0.61
X-3851,FAM9C,171484.0,Del0.8,0.61
X-3851,FANCB,2187.0,Del0.8,0.61
X-3851,FASLG,356.0,Amp5,5.13
X-3851,FATE1,89885.0,Del0.8,0.63
X-3851,FBXL18,80028.0,Amp5,5.7
X-3851,FCER1G,2207.0,Amp5,5.13
X-3851,FCGR1A,2209.0,Amp5,5.03
X-3851,FCGR2A,2212.0,Amp5,5.13
X-3851,FCGR2B,2213.0,Amp5,5.13
X-3851,FCGR2C,9103.0,Amp5,5.13
X-3851,FCGR3A,2214.0,Amp5,5.13
X-3851,FCGR3B,2215.0,Amp5,5.13
X-3851,FCRLA,84824.0,Amp5,5.13
X-3851,FCRLB,127943.0,Amp5,5.13
X-3851,FDXR,2232.0,MutNovel,"H129Y,0.375"
X-3851,FERD3L,222894.0,Amp5,6.32
X-3851,FEZF2,55079.0,Amp8,8.22
X-3851,FFAR1,2864.0,Amp5,6.82
X-3851,FFAR2,2867.0,Amp5,6.36
X-3851,FFAR3,2865.0,Amp5,6.82
X-3851,FGD1,2245.0,Del0.8,0.61
X-3851,FGF13,2258.0,Del0.8,0.61
X-3851,FGF16,8823.0,Del0.8,0.61
X-3851,FGF5,2250.0,MutNovel,"P208L,0.500"
X-3851,FHL1,2273.0,Del0.8,0.61
X-3851,FIGF,2277.0,Del0.8,0.61
X-3851,FKBP15,23307.0,MutNovel,"S750A,0.526"
X-3851,FLG,2312.0,Amp5,5.03
X-3851,FLG2,388698.0,Amp5,5.03
X-3851,FLJ23867,200058.0,Amp5,5.1
X-3851,FLJ44511,441307.0,Amp5,5.39
X-3851,FLJ44635,392490.0,Del0.8,0.61
X-3851,FLNA,2316.0,Del0.8,0.63
X-3851,FLOT1,10211.0,MutNovel,"S303F,0.250"
X-3851,FLOT1,10211.0,MutNovel,"V199M,0.255"
X-3851,FMNL2,114793.0,MutNovel,"E916K,0.792"
X-3851,FMO1,2326.0,Amp5,5.13
X-3851,FMO2,2327.0,Amp5,5.13
X-3851,FMO3,2328.0,Amp5,5.13
X-3851,FMO4,2329.0,Amp5,5.13
X-3851,FMO6P,388714.0,Amp5,5.13
X-3851,FMO9P,116123.0,Amp5,5.13
X-3851,FMR1,2332.0,Del0.8,0.63
X-3851,FMR1-AS1,100126270.0,Del0.8,0.63
X-3851,FMR1NB,158521.0,Del0.8,0.63
X-3851,FNIP2,57600.0,MutNovel,"P211L,0.400"
X-3851,FOLH1,2346.0,MutNovel,"R580Q,0.667"
X-3851,FOXJ2,55810.0,MutNovel,"S221L,1.000"
X-3851,FOXK1,221937.0,MutNovel,"S319F,0.889"
X-3851,FOXK1,221937.0,Amp5,5.7
X-3851,FOXO4,4303.0,Del0.8,0.61
X-3851,FOXP3,50943.0,Del0.8,0.61
X-3851,FOXR2,139628.0,Del0.8,0.61
X-3851,FRMD7,90167.0,Del0.8,0.61
X-3851,FRMD8P1,83957.0,Del0.8,0.61
X-3851,FRMPD4,9758.0,Del0.8,0.61
X-3851,FSCN1,6624.0,Amp5,5.7
X-3851,FTHL17,53940.0,Del0.8,0.61
X-3851,FTSJ1,24140.0,Del0.8,0.61
X-3851,FTSJ2,29960.0,Amp5,5.35
X-3851,FTX,100302692.0,Del0.8,0.61
X-3851,FUBP3,8939.0,MutNovel,"P540S,0.559"
X-3851,FUNDC1,139341.0,Del0.8,0.61
X-3851,FUNDC2,65991.0,Del0.8,0.63
X-3851,FXYD1,5348.0,Amp5,6.82
X-3851,FXYD3,5349.0,Amp5,6.82
X-3851,FXYD5,53827.0,Amp5,6.82
X-3851,FXYD7,53822.0,Amp5,6.82
X-3851,G6PD,2539.0,Del0.8,0.63
X-3851,GAB3,139716.0,Del0.8,0.63
X-3851,GABPB1,2553.0,MutNovel,"S2F,0.321"
X-3851,GABPB2,126626.0,Amp5,5.03
X-3851,GABRA3,2556.0,Del0.8,0.63
X-3851,GABRE,2564.0,Del0.8,0.63
X-3851,GABRQ,55879.0,Del0.8,0.63
X-3851,GAGE1,2543.0,Del0.8,0.61
X-3851,GAGE10,643832.0,Del0.8,0.61
X-3851,GAGE12D,100132399.0,Del0.8,0.61
X-3851,GAGE12F,100008586.0,Del0.8,0.61
X-3851,GAGE12J,729396.0,Del0.8,0.61
X-3851,GAGE13,645051.0,Del0.8,0.61
X-3851,GAGE2A,729447.0,Del0.8,0.61
X-3851,GAGE2B,645037.0,Del0.8,0.61
X-3851,GAGE2C,2574.0,Del0.8,0.61
X-3851,GAGE2D,729408.0,Del0.8,0.61
X-3851,GAGE2E,26749.0,Del0.8,0.61
X-3851,GALNT12,79695.0,MutNovel,"R205K,0.500"
X-3851,GAPDHS,26330.0,Amp5,6.36
X-3851,GAS5,60674.0,Amp5,5.13
X-3851,GATA1,2623.0,Del0.8,0.61
X-3851,GCAT,23464.0,MutNovel,"D181N,0.556"
X-3851,GCSH,2653.0,MutNovel,"S21L,0.334"
X-3851,GDI1,2664.0,Del0.8,0.63
X-3851,GDPD2,54857.0,Del0.8,0.61
X-3851,GEMIN8,54960.0,Del0.8,0.61
X-3851,GET4,51608.0,Amp5,5.39
X-3851,GGA2,23062.0,MutNovel,"S192F,0.576"
X-3851,GGN,199720.0,Amp5,6.06
X-3851,GHDC,84514.0,MutNovel,"P467L,0.310"
X-3851,GJA5,2702.0,Amp5,5.28
X-3851,GJA8,2703.0,Amp5,5.28
X-3851,GJB1,2705.0,Del0.8,0.61
X-3851,GK,2710.0,Del0.8,0.61
X-3851,GLA,2717.0,Del0.8,0.61
X-3851,GLCCI1,113263.0,Amp5,7.84
X-3851,GLCE,26035.0,MutNovel,"P476S,0.812"
X-3851,GLOD5,392465.0,Del0.8,0.61
X-3851,GLRA2,2742.0,Del0.8,0.61
X-3851,GLRA4,441509.0,Del0.8,0.61
X-3851,GLS2,27165.0,MutNovel,"V362I,1.000"
X-3851,GLT25D2,23127.0,Amp5,5.1
X-3851,GLTSCR1,29998.0,MutNovel,"T620M,0.429"
X-3851,GLUD2,2747.0,Del0.8,0.62
X-3851,GLUL,2752.0,MutNovel,"T138I,0.743"
X-3851,GLUL,2752.0,Amp5,5.1
X-3851,GM2A,2760.0,MutNovel,"S35F,0.288"
X-3851,GNA12,2768.0,Amp5,5.5
X-3851,GNAL,2774.0,MutNovel,"P36PAL,0.800"
X-3851,GNE,10020.0,MutNovel,"R508C,0.588"
X-3851,GNL2,29889.0,MutNovel,"P457S,0.498"
X-3851,GNL2,29889.0,MutNovel,"V74A,0.560"
X-3851,GNL3L,54552.0,Del0.8,0.61
X-3851,GNRHR2,114814.0,Amp5,5.17
X-3851,GOLGA4,2803.0,MutNovel,"S123F,1.000"
X-3851,GOLGB1,2804.0,MutNovel,"A2069T,1.000"
X-3851,GOLPH3L,55204.0,Amp5,5.03
X-3851,GON4L,54856.0,MutNovel,"H1226Q,0.556"
X-3851,GORAB,92344.0,Amp5,5.13
X-3851,GPA33,10223.0,Amp5,5.13
X-3851,GPATCH1,55094.0,Amp5,6.82
X-3851,GPC3,2719.0,Del0.8,0.61
X-3851,GPC4,2239.0,Del0.8,0.61
X-3851,GPER,2852.0,Amp5,5.39
X-3851,GPI,2821.0,Amp5,6.82
X-3851,GPKOW,27238.0,Del0.8,0.61
X-3851,GPM6B,2824.0,Del0.8,0.61
X-3851,GPR101,83550.0,Del0.8,0.61
X-3851,GPR107,57720.0,MutNovel,"S89N,0.551"
X-3851,GPR112,139378.0,Del0.8,0.61
X-3851,GPR119,139760.0,Del0.8,0.61
X-3851,GPR143,4935.0,Del0.8,0.61
X-3851,GPR146,115330.0,Amp5,5.39
X-3851,GPR153,387509.0,MutNovel,"G224D,0.500"
X-3851,GPR161,23432.0,MutNovel,"P341L,0.528"
X-3851,GPR161,23432.0,Amp5,5.1
X-3851,GPR173,54328.0,Del0.8,0.61
X-3851,GPR174,84636.0,Del0.8,0.61
X-3851,GPR34,2857.0,Del0.8,0.61
X-3851,GPR50,9248.0,Del0.8,0.63
X-3851,GPR52,9293.0,Amp5,5.13
X-3851,GPR64,10149.0,Del0.8,0.61
X-3851,GPR82,27197.0,Del0.8,0.61
X-3851,GPR89A,653519.0,Amp5,5.17
X-3851,GPR89B,51463.0,Amp5,5.28
X-3851,GPR89C,728932.0,Amp5,5.21
X-3851,GPR98,84059.0,MutNovel,"G4312S,0.667"
X-3851,GPRASP1,9737.0,Del0.8,0.61
X-3851,GPRASP2,114928.0,Del0.8,0.61
X-3851,GRAMD1A,57655.0,Amp5,6.82
X-3851,GRIA3,2892.0,Del0.8,0.61
X-3851,GRID2IP,392862.0,Amp5,6.32
X-3851,GRIPAP1,56850.0,Del0.8,0.61
X-3851,GRPR,2925.0,Del0.8,0.61
X-3851,GSPT2,23708.0,Del0.8,0.61
X-3851,GSTM1,2944.0,Del0.8,0.63
X-3851,GSTT1,2952.0,Amp5,6.5
X-3851,GSTTP1,25774.0,Amp5,6.5
X-3851,GTF2F1,2962.0,MutNovel,"R46W,0.404"
X-3851,GTF2H2,2966.0,MutNovel,"T129K,0.625"
X-3851,GTPBP1,9567.0,MutNovel,"P638R,0.438"
X-3851,GTSE1,51512.0,MutNovel,"R239Q,0.561"
X-3851,GUCY1B3,2983.0,MutNovel,"P400S,0.600"
X-3851,GUCY2F,2986.0,Del0.8,0.61
X-3851,GYG2,8908.0,Del0.8,0.64
X-3851,GZF1,64412.0,MutNovel,"R349C,0.583"
X-3851,H2AFB1,474382.0,Del0.8,0.63
X-3851,H2AFB1,474382.0,Del0.8,0.63
X-3851,H2BFM,286436.0,Del0.8,0.61
X-3851,H2BFWT,158983.0,Del0.8,0.61
X-3851,H2BFXP,767811.0,Del0.8,0.61
X-3851,H2BFXP,767811.0,Del0.8,0.61
X-3851,HAMP,57817.0,Amp5,6.82
X-3851,HAUS5,23354.0,Amp5,6.36
X-3851,HAUS7,55559.0,Del0.8,0.63
X-3851,HCCS,3052.0,Del0.8,0.61
X-3851,HCFC1,3054.0,Del0.8,0.63
X-3851,HCST,10870.0,Amp5,6.36
X-3851,HDAC6,10013.0,Del0.8,0.61
X-3851,HDAC8,55869.0,Del0.8,0.61
X-3851,HDAC9,9734.0,MutNovel,"R663Q,1.000"
X-3851,HDAC9,9734.0,Amp5,6.32
X-3851,HDHD1,8226.0,Del0.8,0.61
X-3851,HDX,139324.0,Del0.8,0.61
X-3851,HEATR2,54919.0,Amp5,5.39
X-3851,HEATR5B,54497.0,MutKnownFunctional,"R1281*,1.000"
X-3851,HEPH,9843.0,Del0.8,0.61
X-3851,HEXA,3073.0,MutNovel,"S210F,0.702"
X-3851,HFE2,148738.0,Amp5,5.17
X-3851,HHEX,3087.0,MutNovel,"R188Q,0.800"
X-3851,HIST2H2AA4,723790.0,Amp5,5.03
X-3851,HIST2H2AA4,723790.0,Amp5,5.03
X-3851,HIST2H2AB,317772.0,Amp5,5.03
X-3851,HIST2H2AC,8338.0,Amp5,5.03
X-3851,HIST2H2BC,337873.0,Amp5,5.03
X-3851,HIST2H2BE,8349.0,Amp5,5.03
X-3851,HIST2H3A,333932.0,Amp5,5.03
X-3851,HIST2H3A,333932.0,Amp5,5.03
X-3851,HIST2H3D,653604.0,Amp5,5.03
X-3851,HIST2H4A,8370.0,Amp5,5.03
X-3851,HIST2H4A,8370.0,Amp5,5.03
X-3851,HIST2H4B,554313.0,Amp5,5.03
X-3851,HIST2H4B,554313.0,Amp5,5.03
X-3851,HIVEP2,3097.0,MutNovel,"S1420F,1.000"
X-3851,HKR1,284459.0,Amp5,7.21
X-3851,HLA-DQB2,3120.0,MutNovel,"R218Q,1.000"
X-3851,HLA-DRB1,3123.0,MutNovel,"Q178H,0.421"
X-3851,HLA-DRB5,3127.0,MutNovel,"Q63R,0.750"
X-3851,HLA-DRB5,3127.0,Amp5,5.5
X-3851,HLA-DRB6,3128.0,Amp5,5.5
X-3851,HMCN1,83872.0,Amp5,5.46
X-3851,HMGB3,3149.0,Del0.8,0.63
X-3851,HMGN5,79366.0,Del0.8,0.61
X-3851,HNRNPC,3183.0,MutNovel,"R275W,0.977"
X-3851,HNRNPH2,3188.0,Del0.8,0.61
X-3851,HORMAD1,84072.0,Amp5,5.03
X-3851,HOXA5,3202.0,MutNovel,"P98L,0.523"
X-3851,HPN,3249.0,Amp5,6.82
X-3851,HPRT1,3251.0,Del0.8,0.61
X-3851,HRNR,388697.0,Amp5,5.03
X-3851,HS6ST2,90161.0,Del0.8,0.61
X-3851,HSD17B10,3028.0,Del0.8,0.61
X-3851,HSD17B7,51478.0,MutNovel,"H159Y,0.690"
X-3851,HSD17B7,51478.0,Amp5,5.13
X-3851,HSFX2,100130086.0,Del0.8,0.63
X-3851,HSFX2,100130086.0,Del0.8,0.63
X-3851,HSPA6,3310.0,Amp5,5.13
X-3851,HSPA7,3311.0,Amp5,5.13
X-3851,HSPB6,126393.0,Amp5,6.36
X-3851,HTATSF1,27336.0,Del0.8,0.61
X-3851,HTR2C,3358.0,Del0.8,0.62
X-3851,HUWE1,10075.0,Del0.8,0.61
X-3851,IBTK,25998.0,MutKnownFunctional,"W802*,1.000"
X-3851,ICA1,3382.0,Amp5,7.84
X-3851,IDH3G,3421.0,Del0.8,0.63
X-3851,IDS,3423.0,Del0.8,0.63
X-3851,IER5,51278.0,Amp5,5.1
X-3851,IFI16,3428.0,MutNovel,"F533C,0.672"
X-3851,IFI30,10437.0,MutNovel,"S239F,0.576"
X-3851,IGBP1,3476.0,Del0.8,0.61
X-3851,IGF1,3479.0,MutNovel,"G159E,1.000"
X-3851,IGF1R,3480.0,MutKnownFunctional,"-516,0.275"
X-3851,IGF1R,3480.0,MutNovel,"L1336F,0.205"
X-3851,IGF2R,3482.0,MutNovel,"S2189F,1.000"
X-3851,IGFLR1,79713.0,Amp5,6.36
X-3851,IGSF1,3547.0,Del0.8,0.61
X-3851,IGSF8,93185.0,MutNovel,"L37S,0.301"
X-3851,IKBKG,8517.0,Del0.8,0.63
X-3851,IL13RA1,3597.0,Del0.8,0.62
X-3851,IL13RA2,3598.0,Del0.8,0.62
X-3851,IL1RAPL1,11141.0,Del0.8,0.61
X-3851,IL1RAPL2,26280.0,Del0.8,0.61
X-3851,IL2RB,3560.0,MutNovel,"E461K,0.444"
X-3851,IL2RG,3561.0,Del0.8,0.61
X-3851,ILDR2,387597.0,Amp5,5.13
X-3851,INE1,8552.0,Del0.8,0.61
X-3851,INE2,8551.0,Del0.8,0.61
X-3851,ING4,51147.0,MutNovel,"P193S,1.000"
X-3851,INGX,27160.0,Del0.8,0.61
X-3851,INTS1,26173.0,MutNovel,"P1627L,0.207"
X-3851,INTS12,57117.0,MutNovel,"P428S,0.741"
X-3851,IQCE,23288.0,MutNovel,"I150T,0.406"
X-3851,IQCE,23288.0,Amp5,5.5
X-3851,IQSEC2,23096.0,Del0.8,0.61
X-3851,IRAK1,3654.0,Del0.8,0.63
X-3851,IRF2BPL,64207.0,MutNovel,"QQ114Q,0.909"
X-3851,IRS4,8471.0,Del0.8,0.61
X-3851,ISPD,729920.0,Amp5,5.43
X-3851,ITGA10,8515.0,Amp5,5.17
X-3851,ITGA4,3676.0,MutNovel,"D793N,0.229"
X-3851,ITGB1BP2,26548.0,Del0.8,0.61
X-3851,ITIH3,3699.0,MutNovel,"V775M,1.000"
X-3851,ITIH6,347365.0,Del0.8,0.61
X-3851,ITM2A,9452.0,Del0.8,0.61
X-3851,ITPKC,80271.0,MutNovel,"D382Y,0.731"
X-3851,ITPR1,3708.0,MutNovel,"P1611L,1.000"
X-3851,ITPR3,3710.0,MutNovel,"V1095A,0.400"
X-3851,ITPR3,3710.0,MutNovel,"R2453Q,0.570"
X-3851,IVNS1ABP,10625.0,Amp5,5.46
X-3851,JPX,554203.0,Del0.8,0.61
X-3851,KAL1,3730.0,Del0.8,0.61
X-3851,KAT6A,7994.0,MutKnownFunctional,"Q1746*,1.000"
X-3851,KAZN,23254.0,MutKnownFunctional,"DQ373D*,0.584"
X-3851,KBTBD11,9920.0,MutNovel,"C537F,1.000"
X-3851,KCND1,3750.0,Del0.8,0.61
X-3851,KCNE1L,23630.0,Del0.8,0.61
X-3851,KCNK6,9424.0,Amp5,6.06
X-3851,KCTD15,79047.0,Amp5,6.82
X-3851,KDELR2,11014.0,Amp5,7.89
X-3851,KDM5C,8242.0,Del0.8,0.61
X-3851,KDM6A,7403.0,Del0.8,0.61
X-3851,KDM8,,MutNovel,"P406S,1.000"
X-3851,KIAA0040,9674.0,Amp5,5.13
X-3851,KIAA0196,9897.0,MutNovel,"I572K,0.538"
X-3851,KIAA0226,9711.0,MutNovel,"V652F,0.545"
X-3851,KIAA0240,23506.0,MutNovel,"P429L,0.778"
X-3851,KIAA0355,9710.0,Amp5,6.82
X-3851,KIAA1210,57481.0,Del0.8,0.62
X-3851,KIAA1244,57221.0,MutNovel,"MG1973IS,1.000"
X-3851,KIAA1324L,222223.0,MutNovel,"P638S,0.300"
X-3851,KIAA1324L,222223.0,MutNovel,"G263S,0.714"
X-3851,KIAA1614,57710.0,Amp5,5.1
X-3851,KIAA1908,114796.0,Amp5,5.35
X-3851,KIAA2022,340533.0,Del0.8,0.61
X-3851,KIDINS220,57498.0,MutNovel,"Y1136F,0.667"
X-3851,KIF1C,10749.0,MutNovel,"H1028L,0.623"
X-3851,KIF4A,24137.0,Del0.8,0.61
X-3851,KIFAP3,22920.0,Amp5,5.13
X-3851,KIFC2,90990.0,MutNovel,"P153S,0.609"
X-3851,KIFC2,90990.0,MutNovel,"R197W,0.231"
X-3851,KIRREL2,84063.0,MutNovel,"L523F,0.941"
X-3851,KIRREL2,84063.0,Amp5,6.36
X-3851,KISS1R,84634.0,Del0.8,0.78
X-3851,KLF8,11279.0,Del0.8,0.61
X-3851,KLHDC9,126823.0,Amp5,5.13
X-3851,KLHL13,90293.0,Del0.8,0.62
X-3851,KLHL15,80311.0,Del0.8,0.61
X-3851,KLHL20,27252.0,Amp5,5.13
X-3851,KLHL26,55295.0,Del0.8,0.72
X-3851,KLHL34,257240.0,Del0.8,0.61
X-3851,KLHL4,56062.0,Del0.8,0.61
X-3851,KRT10,3858.0,MutNovel,"Y473S,0.500"
X-3851,KRT19,3880.0,MutNovel,"D191N,1.000"
X-3851,KRTAP19-3,337970.0,MutNovel,"G61S,1.000"
X-3851,KRTDAP,388533.0,Amp5,6.36
X-3851,L1CAM,3897.0,Del0.8,0.63
X-3851,LAGE3,8270.0,Del0.8,0.63
X-3851,LAMC1,3915.0,Amp5,5.1
X-3851,LAMC2,3918.0,Amp5,5.1
X-3851,LAMP2,3920.0,Del0.8,0.62
X-3851,LANCL3,347404.0,Del0.8,0.61
X-3851,LAS1L,81887.0,Del0.8,0.61
X-3851,LAT,27040.0,MutNovel,"P130L,0.727"
X-3851,LCP1,3936.0,MutNovel,"R591Q,0.960"
X-3851,LDOC1,23641.0,Del0.8,0.61
X-3851,LGI4,163175.0,Amp5,6.82
X-3851,LGR4,55366.0,MutNovel,"H748P,1.000"
X-3851,LHFPL1,340596.0,Del0.8,0.62
X-3851,LHX4,89884.0,Amp5,5.1
X-3851,LIMCH1,22998.0,MutNovel,"S875L,0.510"
X-3851,LIN37,55957.0,Amp5,6.36
X-3851,LINC00086,399668.0,Del0.8,0.61
X-3851,LINC00087,644596.0,Del0.8,0.61
X-3851,LINC00226,338004.0,Amp8,10.2
X-3851,LINC00272,388719.0,Amp5,5.1
X-3851,LINGO2,158038.0,MutNovel,"P284S,1.000"
X-3851,LINGO4,339398.0,Amp5,5.03
X-3851,LIX1L,128077.0,Amp5,5.17
X-3851,LMBRD1,55788.0,MutNovel,"K486N,1.000"
X-3851,LMX1A,4009.0,Amp5,5.13
X-3851,LOC100128420,100128420.0,Del0.8,0.61
X-3851,LOC100128675,100128675.0,Amp5,6.82
X-3851,LOC100128682,100128682.0,Amp5,6.36
X-3851,LOC100129407,100129407.0,Del0.8,0.61
X-3851,LOC100129407,100129407.0,Del0.8,0.61
X-3851,LOC100129515,100129515.0,Del0.8,0.61
X-3851,LOC100129520,100129520.0,Del0.8,0.61
X-3851,LOC100129662,100129662.0,Del0.8,0.61
X-3851,LOC100131257,100131257.0,Amp5,7.84
X-3851,LOC100131434,100131434.0,Del0.8,0.63
X-3851,LOC100132111,100132111.0,Amp5,5.03
X-3851,LOC100132741,100132741.0,Del0.8,0.61
X-3851,LOC100132831,100132831.0,Del0.8,0.61
X-3851,LOC100133123,100133123.0,Del0.8,0.61
X-3851,LOC100133957,100133957.0,Del0.8,0.61
X-3851,LOC100134317,100134317.0,Amp5,6.36
X-3851,LOC100272228,100272228.0,Del0.8,0.63
X-3851,LOC100287765,100287765.0,Del0.8,0.61
X-3851,LOC100288079,100288079.0,Amp5,5.46
X-3851,LOC100288524,100288524.0,Amp5,5.39
X-3851,LOC100288814,100288814.0,Del0.8,0.61
X-3851,LOC100289211,100289211.0,Amp5,5.28
X-3851,LOC100505795,100505795.0,Amp5,5.13
X-3851,LOC100505918,100505918.0,Amp5,5.1
X-3851,LOC100506023,100506023.0,Amp5,5.13
X-3851,LOC100506025,100506025.0,Amp5,6.32
X-3851,LOC100506469,100506469.0,Amp5,6.36
X-3851,LOC100506757,100506757.0,Del0.8,0.61
X-3851,LOC100506994,100506994.0,Amp8,8.22
X-3851,LOC100507404,100507404.0,Del0.8,0.63
X-3851,LOC100507404,100507404.0,Del0.8,0.63
X-3851,LOC100507433,100507433.0,Amp5,7.21
X-3851,LOC100527964,100527964.0,Amp5,5.1
X-3851,LOC100631378,100631378.0,Amp5,7.21
X-3851,LOC100996301,,MutNovel,"A200P,0.434"
X-3851,LOC100996301,,MutKnownFunctional,"-123?,0.403"
X-3851,LOC100996451,,MutKnownFunctional,"W154*,0.500"
X-3851,LOC158572,158572.0,Del0.8,0.61
X-3851,LOC158696,158696.0,Del0.8,0.61
X-3851,LOC255025,255025.0,Del0.8,0.59
X-3851,LOC284412,284412.0,Amp5,7.21
X-3851,LOC284648,284648.0,Amp5,5.1
X-3851,LOC284688,284688.0,Amp5,5.13
X-3851,LOC286437,286437.0,Del0.8,0.61
X-3851,LOC286442,286442.0,Del0.8,0.61
X-3851,LOC286467,286467.0,Del0.8,0.61
X-3851,LOC340544,340544.0,Del0.8,0.61
X-3851,LOC347411,347411.0,Del0.8,0.61
X-3851,LOC389458,389458.0,Amp5,5.7
X-3851,LOC389906,389906.0,Del0.8,0.64
X-3851,LOC391322,391322.0,Amp5,6.5
X-3851,LOC400685,400685.0,Amp5,6.82
X-3851,LOC400794,400794.0,Amp5,5.13
X-3851,LOC401180,,MutNovel,"P282A,0.449"
X-3851,LOC401588,401588.0,Del0.8,0.61
X-3851,LOC440700,440700.0,Amp5,5.13
X-3851,LOC442459,442459.0,Del0.8,0.61
X-3851,LOC442497,442497.0,Amp5,5.39
X-3851,LOC550643,550643.0,Del0.8,0.61
X-3851,LOC643486,643486.0,Del0.8,0.61
X-3851,LOC644189,644189.0,Amp5,7.21
X-3851,LOC644554,644554.0,Amp5,7.21
X-3851,LOC728503,,MutNovel,"P437L,1.000"
X-3851,LOC728752,728752.0,Amp5,7.21
X-3851,LOC728989,728989.0,Amp5,5.17
X-3851,LOC729609,729609.0,Del0.8,0.61
X-3851,LOC729852,729852.0,Amp5,7.84
X-3851,LOC730102,730102.0,Amp5,5.13
X-3851,LOC730159,730159.0,Amp5,5.13
X-3851,LOC731424,731424.0,Del0.8,0.55
X-3851,LOC80054,80054.0,Amp5,6.82
X-3851,LOC92249,92249.0,Del0.8,0.61
X-3851,LONRF3,79836.0,Del0.8,0.62
X-3851,LOXL4,84171.0,MutNovel,"E439K,0.237"
X-3851,LPAR4,2846.0,Del0.8,0.61
X-3851,LRBA,987.0,MutNovel,"R2472Q,0.375"
X-3851,LRCH2,57631.0,Del0.8,0.62
X-3851,LRFN3,79414.0,Amp5,6.36
X-3851,LRIG3,121227.0,MutNovel,"R569L,0.333"
X-3851,LRP1,4035.0,MutNovel,"G1488K,0.556"
X-3851,LRP3,4037.0,Amp5,6.82
X-3851,LRRC52,440699.0,Amp5,5.13
X-3851,LRRC72,100506049.0,Amp5,6.32
X-3851,LSAMP-AS3,285194.0,Del0.8,0.62
X-3851,LSM14A,26065.0,Amp5,6.82
X-3851,LSR,51599.0,Amp5,6.82
X-3851,LUZP4,51213.0,Del0.8,0.62
X-3851,LYSMD1,388695.0,Amp5,5.03
X-3851,MACF1,23499.0,MutNovel,"G2079V,0.800"
X-3851,MAD1L1,8379.0,Amp5,5.35
X-3851,MAEL,84944.0,Amp5,5.13
X-3851,MAFK,7975.0,Amp5,5.35
X-3851,MAG,4099.0,Amp5,6.82
X-3851,MAGEA1,4100.0,Del0.8,0.63
X-3851,MAGEA10,4109.0,Del0.8,0.63
X-3851,MAGEA10-MAGEA5,100533997.0,Del0.8,0.63
X-3851,MAGEA11,4110.0,Del0.8,0.63
X-3851,MAGEA12,4111.0,Del0.8,0.63
X-3851,MAGEA2,4101.0,Del0.8,0.63
X-3851,MAGEA2,4101.0,Del0.8,0.63
X-3851,MAGEA3,4102.0,Del0.8,0.63
X-3851,MAGEA4,4103.0,Del0.8,0.63
X-3851,MAGEA5,4104.0,Del0.8,0.63
X-3851,MAGEA6,4105.0,Del0.8,0.63
X-3851,MAGEA8,4107.0,Del0.8,0.63
X-3851,MAGEA9B,728269.0,Del0.8,0.63
X-3851,MAGEA9B,728269.0,Del0.8,0.63
X-3851,MAGEB1,4112.0,Del0.8,0.61
X-3851,MAGEB10,139422.0,Del0.8,0.61
X-3851,MAGEB16,139604.0,Del0.8,0.61
X-3851,MAGEB18,286514.0,Del0.8,0.61
X-3851,MAGEB2,4113.0,Del0.8,0.61
X-3851,MAGEB3,4114.0,Del0.8,0.61
X-3851,MAGEB4,4115.0,Del0.8,0.61
X-3851,MAGEB6,158809.0,Del0.8,0.61
X-3851,MAGEC1,9947.0,Del0.8,0.61
X-3851,MAGEC2,51438.0,Del0.8,0.61
X-3851,MAGEC3,139081.0,Del0.8,0.61
X-3851,MAGED1,9500.0,Del0.8,0.61
X-3851,MAGED2,10916.0,Del0.8,0.61
X-3851,MAGED4B,81557.0,Del0.8,0.61
X-3851,MAGED4B,81557.0,Del0.8,0.61
X-3851,MAGEE1,57692.0,Del0.8,0.61
X-3851,MAGEE2,139599.0,Del0.8,0.61
X-3851,MAGEH1,28986.0,Del0.8,0.61
X-3851,MAGIX,79917.0,Del0.8,0.61
X-3851,MAGT1,84061.0,MutNovel,"H358Y,1.000"
X-3851,MAGT1,84061.0,MutNovel,"R2K,1.000"
X-3851,MAGT1,84061.0,Del0.8,0.61
X-3851,MAML1,9794.0,MutNovel,"A68T,0.421"
X-3851,MAMLD1,10046.0,Del0.8,0.63
X-3851,MAN2A2,4122.0,MutNovel,"M131V,0.647"
X-3851,MANBA,4126.0,MutNovel,"P256S,0.308"
X-3851,MAOA,4128.0,Del0.8,0.61
X-3851,MAOB,4129.0,Del0.8,0.61
X-3851,MAP3K15,389840.0,Del0.8,0.61
X-3851,MAP4K1,11184.0,Amp5,6.06
X-3851,MAP7D1,55700.0,MutNovel,"E597K,0.231"
X-3851,MAP7D2,256714.0,Del0.8,0.61
X-3851,MAP7D3,79649.0,Del0.8,0.61
X-3851,MAPK15,225689.0,MutNovel,"D32N,0.583"
X-3851,MAST2,23139.0,MutNovel,"S308F,0.515"
X-3851,MAST2,23139.0,MutNovel,"H1369Y,0.553"
X-3851,MAT2A,4144.0,MutNovel,"G279R,0.279"
X-3851,MATN2,4147.0,MutNovel,"E455K,0.263"
X-3851,MBD6,114785.0,MutNovel,"G196W,0.714"
X-3851,MBNL1,4154.0,MutNovel,"P340S,0.812"
X-3851,MBNL3,55796.0,Del0.8,0.61
X-3851,MBTPS2,51360.0,Del0.8,0.61
X-3851,MCF2,4168.0,Del0.8,0.61
X-3851,MCL1,4170.0,Amp5,5.03
X-3851,MCTS1,28985.0,Del0.8,0.62
X-3851,MDC1,9656.0,MutNovel,"S995F,0.321"
X-3851,MDGA2,161357.0,MutNovel,"V292A,1.000"
X-3851,MDN1,23195.0,MutNovel,"N4493T,1.000"
X-3851,MECP2,4204.0,MutNovel,"D46N,1.000"
X-3851,MECP2,4204.0,Del0.8,0.63
X-3851,MED12,9968.0,Del0.8,0.61
X-3851,MED14,9282.0,Del0.8,0.61
X-3851,MED16,10025.0,Del0.8,0.78
X-3851,MEGF8,1954.0,MutNovel,"S769F,0.923"
X-3851,MEOX2,4223.0,Amp5,6.5
X-3851,METTL11B,149281.0,Amp5,5.13
X-3851,METTL13,51603.0,Amp5,5.13
X-3851,METTL18,92342.0,Amp5,5.13
X-3851,MFSD11,79157.0,MutNovel,"R447Q,0.571"
X-3851,MGC16121,84848.0,Del0.8,0.61
X-3851,MGC4473,79100.0,Amp5,5.13
X-3851,MGST3,4259.0,Amp5,5.13
X-3851,MID1,4281.0,Del0.8,0.61
X-3851,MID1IP1,58526.0,Del0.8,0.61
X-3851,MID2,11043.0,Del0.8,0.61
X-3851,MIOS,54468.0,Amp5,7.84
X-3851,MIR105-1,406897.0,Del0.8,0.63
X-3851,MIR105-2,406898.0,Del0.8,0.63
X-3851,MIR106A,406899.0,Del0.8,0.61
X-3851,MIR1184-1,100302111.0,Del0.8,0.63
X-3851,MIR1184-1,100302111.0,Del0.8,0.63
X-3851,MIR1243,100302188.0,Del0.8,0.59
X-3851,MIR1256,100302155.0,Del0.8,0.61
X-3851,MIR1264,100302251.0,Del0.8,0.62
X-3851,MIR1277,100302214.0,Del0.8,0.62
X-3851,MIR1295A,100302178.0,Amp5,5.13
X-3851,MIR1298,100302153.0,Del0.8,0.62
X-3851,MIR1468,100302115.0,Del0.8,0.61
X-3851,MIR188,406964.0,Del0.8,0.61
X-3851,MIR18B,574033.0,Del0.8,0.61
X-3851,MIR1911,100302222.0,Del0.8,0.62
X-3851,MIR1912,100302144.0,Del0.8,0.62
X-3851,MIR19B2,406981.0,Del0.8,0.61
X-3851,MIR20B,574032.0,Del0.8,0.61
X-3851,MIR2114,100313839.0,Del0.8,0.63
X-3851,MIR221,407006.0,Del0.8,0.61
X-3851,MIR222,407007.0,Del0.8,0.61
X-3851,MIR223,407008.0,Del0.8,0.61
X-3851,MIR23C,100500809.0,Del0.8,0.61
X-3851,MIR3119-1,100422839.0,Amp5,5.13
X-3851,MIR3119-2,100423010.0,Amp5,5.13
X-3851,MIR3120,100422882.0,Amp5,5.13
X-3851,MIR3121,100423032.0,Amp5,5.1
X-3851,MIR3202-1,100422987.0,Del0.8,0.63
X-3851,MIR3202-2,100422877.0,Del0.8,0.63
X-3851,MIR320D2,100302169.0,Del0.8,0.61
X-3851,MIR339,442907.0,Amp5,5.39
X-3851,MIR362,574030.0,Del0.8,0.61
X-3851,MIR363,574031.0,Del0.8,0.61
X-3851,MIR3658,100500832.0,Amp5,5.13
X-3851,MIR374A,442919.0,Del0.8,0.61
X-3851,MIR374B,100126317.0,Del0.8,0.61
X-3851,MIR374C,100500807.0,Del0.8,0.61
X-3851,MIR384,494333.0,Del0.8,0.61
X-3851,MIR3945,100500818.0,Del0.8,0.55
X-3851,MIR3978,100616491.0,Del0.8,0.61
X-3851,MIR421,693122.0,Del0.8,0.61
X-3851,MIR424,494336.0,Del0.8,0.61
X-3851,MIR4257,100422997.0,Amp5,5.03
X-3851,MIR4328,100422932.0,Del0.8,0.61
X-3851,MIR4329,100423009.0,Del0.8,0.62
X-3851,MIR4330,100422930.0,Del0.8,0.63
X-3851,MIR4424,100616328.0,Amp5,5.13
X-3851,MIR448,554212.0,Del0.8,0.62
X-3851,MIR450A1,554214.0,Del0.8,0.61
X-3851,MIR450A2,574505.0,Del0.8,0.61
X-3851,MIR450B,100126302.0,Del0.8,0.61
X-3851,MIR452,574412.0,Del0.8,0.63
X-3851,MIR4536-1,100616155.0,Del0.8,0.61
X-3851,MIR4654,100616386.0,Amp5,5.13
X-3851,MIR4655,100616160.0,Amp5,5.35
X-3851,MIR4656,100616465.0,Amp5,5.7
X-3851,MIR4767,100616467.0,Del0.8,0.61
X-3851,MIR4768,100616249.0,Del0.8,0.61
X-3851,MIR4769,100616147.0,Del0.8,0.61
X-3851,MIR4770,100616373.0,Del0.8,0.61
X-3851,MIR488,574441.0,Amp5,5.13
X-3851,MIR500A,574502.0,Del0.8,0.61
X-3851,MIR500B,100422911.0,Del0.8,0.61
X-3851,MIR501,574503.0,Del0.8,0.61
X-3851,MIR502,574504.0,Del0.8,0.61
X-3851,MIR503,574506.0,Del0.8,0.61
X-3851,MIR504,574507.0,Del0.8,0.61
X-3851,MIR505,574508.0,Del0.8,0.61
X-3851,MIR506,574511.0,Del0.8,0.63
X-3851,MIR507,574512.0,Del0.8,0.63
X-3851,MIR508,574513.0,Del0.8,0.63
X-3851,MIR509-1,574514.0,Del0.8,0.63
X-3851,MIR510,574515.0,Del0.8,0.63
X-3851,MIR514A1,574516.0,Del0.8,0.63
X-3851,MIR514A2,574517.0,Del0.8,0.63
X-3851,MIR514B,100422847.0,Del0.8,0.63
X-3851,MIR532,693124.0,Del0.8,0.61
X-3851,MIR542,664617.0,Del0.8,0.61
X-3851,MIR545,664614.0,Del0.8,0.61
X-3851,MIR548F1,100302192.0,Amp5,5.46
X-3851,MIR554,693139.0,Amp5,5.03
X-3851,MIR556,693141.0,Amp5,5.13
X-3851,MIR557,693142.0,Amp5,5.1
X-3851,MIR589,693174.0,Amp5,5.7
X-3851,MIR651,723779.0,Del0.8,0.61
X-3851,MIR660,724030.0,Del0.8,0.61
X-3851,MIR676,100500887.0,Del0.8,0.61
X-3851,MIR718,100313781.0,Del0.8,0.63
X-3851,MIR764,100313838.0,Del0.8,0.62
X-3851,MIR766,768218.0,Del0.8,0.62
X-3851,MIR767,768215.0,Del0.8,0.63
X-3851,MIR888,100126306.0,Del0.8,0.63
X-3851,MIR890,100126303.0,Del0.8,0.63
X-3851,MIR891A,100126341.0,Del0.8,0.63
X-3851,MIR891B,100126304.0,Del0.8,0.63
X-3851,MIR892A,100126342.0,Del0.8,0.63
X-3851,MIR892B,100126307.0,Del0.8,0.63
X-3851,MIR921,100126349.0,Amp5,5.13
X-3851,MIR92A2,407049.0,Del0.8,0.61
X-3851,MIR934,100126324.0,Del0.8,0.61
X-3851,MIR98,407054.0,Del0.8,0.61
X-3851,MIRLET7F2,406889.0,Del0.8,0.61
X-3851,MLL4,9757.0,Amp5,6.36
X-3851,MLLT1,4298.0,MutNovel,"A353V,0.517"
X-3851,MLLT11,10962.0,Amp5,5.03
X-3851,MMD2,221938.0,Amp5,5.7
X-3851,MMGT1,93380.0,Del0.8,0.61
X-3851,MNDA,4332.0,Amp5,5.21
X-3851,MON2,23041.0,MutNovel,"P305S,0.545"
X-3851,MORC4,79710.0,Del0.8,0.61
X-3851,MORF4L2,9643.0,Del0.8,0.61
X-3851,MOSPD1,56180.0,Del0.8,0.61
X-3851,MOSPD2,158747.0,Del0.8,0.61
X-3851,MOXD1,26002.0,MutKnownFunctional,"Q561*,1.000"
X-3851,MPP1,4354.0,Del0.8,0.63
X-3851,MPRIP,23164.0,MutNovel,"TS178T,0.632"
X-3851,MPRIP,23164.0,MutNovel,"P355S,0.571"
X-3851,MPZ,4359.0,Amp5,5.13
X-3851,MPZL1,9019.0,Amp5,5.1
X-3851,MR1,3140.0,Amp5,5.1
X-3851,MRPL19,9801.0,MutNovel,"R17Q,0.507"
X-3851,MRPL45,84311.0,MutNovel,"A270T,0.677"
X-3851,MRPL9,65005.0,Amp5,5.03
X-3851,MRPS14,63931.0,Amp5,5.13
X-3851,MRPS21,54460.0,Amp5,5.03
X-3851,MRPS34,65993.0,MutNovel,"R22P,0.674"
X-3851,MSH2,4436.0,MutLikelyFunctional,"G322D,0.625"
X-3851,MSL1,339287.0,MutNovel,"M199T,0.667"
X-3851,MSL3,10943.0,Del0.8,0.61
X-3851,MSN,4478.0,Del0.8,0.61
X-3851,MST4,51765.0,Del0.8,0.61
X-3851,MT1G,4495.0,MutNovel,"I49T,0.333"
X-3851,MTCP1,4515.0,Del0.8,0.63
X-3851,MTCP1NB,100272147.0,Del0.8,0.63
X-3851,MTHFD1L,25902.0,MutNovel,"G716C,1.000"
X-3851,MTM1,4534.0,Del0.8,0.63
X-3851,MTMR1,8776.0,Del0.8,0.63
X-3851,MTMR11,10903.0,Amp5,5.03
X-3851,MTMR4,9110.0,MutNovel,"P918S,0.340"
X-3851,MTMR8,55613.0,Del0.8,0.61
X-3851,MTRNR2L10,100463488.0,Del0.8,0.61
X-3851,MUM1L1,139221.0,Del0.8,0.61
X-3851,MXRA5,25878.0,Del0.8,0.64
X-3851,MYO18A,399687.0,MutNovel,"S1770F,0.256"
X-3851,NAA10,8260.0,Del0.8,0.63
X-3851,NALCN,259232.0,MutNovel,"D26N,1.000"
X-3851,NAMPT,10135.0,MutNovel,"S301L,0.479"
X-3851,NAP1L2,4674.0,Del0.8,0.61
X-3851,NAP1L3,4675.0,Del0.8,0.61
X-3851,NAP1L6,645996.0,Del0.8,0.61
X-3851,NBAS,51594.0,MutNovel,"A2356V,0.250"
X-3851,NBEA,26960.0,MutNovel,"G1593E,1.000"
X-3851,NBEA,26960.0,MutNovel,"R2292K,1.000"
X-3851,NBEA,26960.0,MutNovel,"P2468S,1.000"
X-3851,NBPF11,200030.0,Amp5,5.21
X-3851,NBPF14,25832.0,Amp5,5.28
X-3851,NCAPD3,23310.0,MutNovel,"H301Y,1.000"
X-3851,NCF2,4688.0,Amp5,5.1
X-3851,NCOA3,8202.0,MutNovel,"R487C,0.588"
X-3851,NCOR2,9612.0,MutNovel,"G1839GAAA,0.511"
X-3851,NCOR2,9612.0,MutNovel,"-511S,0.316"
X-3851,NCSTN,23385.0,MutNovel,"R52C,0.264"
X-3851,NDP,4693.0,Del0.8,0.61
X-3851,NDUFA1,4694.0,Del0.8,0.62
X-3851,NDUFA4,4697.0,Amp8,8.51
X-3851,NDUFB11,54539.0,Del0.8,0.61
X-3851,NDUFS2,4720.0,Amp5,5.13
X-3851,NF1,4763.0,MutKnownFunctional,"FR1275F*,0.500"
X-3851,NFKBID,84807.0,Amp5,6.36
X-3851,NGFRAP1,27018.0,Del0.8,0.61
X-3851,NHS,4810.0,Del0.8,0.61
X-3851,NHSL1,57224.0,MutNovel,"V219M,1.000"
X-3851,NHSL2,340527.0,Del0.8,0.61
X-3851,NID1,4811.0,MutNovel,"G1129D,0.525"
X-3851,NIT1,4817.0,Amp5,5.13
X-3851,NKAP,79576.0,MutNovel,"P162S,1.000"
X-3851,NKAP,79576.0,Del0.8,0.62
X-3851,NKAPP1,158801.0,Del0.8,0.62
X-3851,NKRF,55922.0,Del0.8,0.62
X-3851,NLGN3,54413.0,Del0.8,0.61
X-3851,NLGN4X,57502.0,Del0.8,0.61
X-3851,NME7,29922.0,Amp5,5.13
X-3851,NMNAT2,23057.0,Amp5,5.1
X-3851,NMU,10874.0,MutNovel,"E97K,0.702"
X-3851,NOL10,79954.0,MutNovel,"S86F,0.615"
X-3851,NOMO1,23420.0,MutNovel,"S595F,0.712"
X-3851,NONO,4841.0,Del0.8,0.61
X-3851,NOS1AP,9722.0,Amp5,5.13
X-3851,NOTCH2,4853.0,MutNovel,"E760K,0.786"
X-3851,NOX1,27035.0,Del0.8,0.61
X-3851,NOXA1,10811.0,MutNovel,"A406V,0.462"
X-3851,NPAS2,4862.0,MutNovel,"E372K,0.669"
X-3851,NPDC1,56654.0,MutNovel,"G180S,0.588"
X-3851,NPHS1,4868.0,Amp5,6.36
X-3851,NPHS2,7827.0,Amp5,5.1
X-3851,NPL,80896.0,Amp5,5.1
X-3851,NR0B1,190.0,Del0.8,0.61
X-3851,NR1I3,9970.0,Amp5,5.13
X-3851,NR4A2,4929.0,MutNovel,"P358S,0.579"
X-3851,NRK,203447.0,Del0.8,0.61
X-3851,NSD1,64324.0,MutNovel,"S2308F,0.429"
X-3851,NSDHL,50814.0,Del0.8,0.63
X-3851,NT5E,4907.0,MutNovel,"G507R,1.000"
X-3851,NUCB2,4925.0,MutNovel,"S408L,0.208"
X-3851,NUDT1,4521.0,Amp5,5.35
X-3851,NUDT10,170685.0,Del0.8,0.61
X-3851,NUDT11,55190.0,Del0.8,0.61
X-3851,NUDT17,200035.0,Amp5,5.17
X-3851,NUDT19,390916.0,Amp5,6.82
X-3851,NUF2,83540.0,Amp5,5.13
X-3851,NUP153,9972.0,MutNovel,"D958N,0.400"
X-3851,NUP214,8021.0,MutNovel,"S1783F,0.655"
X-3851,NUP62CL,54830.0,Del0.8,0.61
X-3851,NXF2,56001.0,Del0.8,0.61
X-3851,NXF2,56001.0,Del0.8,0.61
X-3851,NXF2B,728343.0,Del0.8,0.61
X-3851,NXF2B,728343.0,Del0.8,0.61
X-3851,NXF3,56000.0,Del0.8,0.61
X-3851,NXF4,55999.0,Del0.8,0.61
X-3851,NXF5,55998.0,Del0.8,0.61
X-3851,NXPH1,30010.0,Amp5,7.84
X-3851,NXT2,55916.0,Del0.8,0.61
X-3851,NYX,60506.0,Del0.8,0.61
X-3851,OAS3,4940.0,MutNovel,"E221K,1.000"
X-3851,OAZ3,51686.0,Amp5,5.03
X-3851,OBSCN,84033.0,MutNovel,"P519L,0.500"
X-3851,OCEL1,79629.0,MutNovel,"R66C,0.323"
X-3851,OCLM,10896.0,Amp5,5.46
X-3851,OCRL,4952.0,Del0.8,0.61
X-3851,ODZ1,10178.0,Del0.8,0.61
X-3851,ODZ3,55714.0,MutNovel,"R1668Q,0.800"
X-3851,OFD1,8481.0,Del0.8,0.61
X-3851,OGDHL,55753.0,MutNovel,"R247C,0.750"
X-3851,OGT,8473.0,Del0.8,0.61
X-3851,OLFML2B,25903.0,Amp5,5.13
X-3851,OPHN1,4983.0,Del0.8,0.61
X-3851,OPN1LW,5956.0,Del0.8,0.63
X-3851,OPN1MW,2652.0,Del0.8,0.63
X-3851,OR10X1,128367.0,Amp5,5.21
X-3851,OR10Z1,128368.0,Amp5,5.21
X-3851,OR13H1,347468.0,Del0.8,0.61
X-3851,OR4N4,283694.0,Del0.8,0.52
X-3851,OR6K2,81448.0,Amp5,5.21
X-3851,OR6K3,391114.0,Amp5,5.21
X-3851,OR6K6,128371.0,Amp5,5.21
X-3851,OR6N1,128372.0,Amp5,5.21
X-3851,OR6N2,81442.0,Amp5,5.21
X-3851,OR6P1,128366.0,Amp5,5.21
X-3851,OR6Y1,391112.0,Amp5,5.21
X-3851,ORAI1,84876.0,MutNovel,"PP43-,0.914"
X-3851,OTC,5009.0,Del0.8,0.61
X-3851,OTUD5,55593.0,Del0.8,0.61
X-3851,OTUD6A,139562.0,Del0.8,0.61
X-3851,OTUD6B,51633.0,MutKnownFunctional,"L157*,0.643"
X-3851,OTUD7B,56957.0,Amp5,5.03
X-3851,P2RY10,27334.0,Del0.8,0.61
X-3851,P2RY4,5030.0,Del0.8,0.61
X-3851,PABPC1L2A,340529.0,Del0.8,0.61
X-3851,PABPC1L2B,645974.0,Del0.8,0.61
X-3851,PABPC5,140886.0,Del0.8,0.72
X-3851,PAFAH2,5051.0,MutNovel,"R253W,0.680"
X-3851,PAGE1,8712.0,Del0.8,0.61
X-3851,PAGE2,203569.0,Del0.8,0.61
X-3851,PAGE2B,389860.0,Del0.8,0.61
X-3851,PAGE3,139793.0,Del0.8,0.61
X-3851,PAGE4,9506.0,Del0.8,0.61
X-3851,PAGE5,90737.0,Del0.8,0.61
X-3851,PAK3,5063.0,Del0.8,0.62
X-3851,PAPOLB,56903.0,Amp5,5.7
X-3851,PAPPA2,60676.0,Amp5,5.13
X-3851,PASD1,139135.0,Del0.8,0.63
X-3851,PBX1,5087.0,Amp5,5.13
X-3851,PBX2,5089.0,MutNovel,"P37S,0.492"
X-3851,PCDH11X,27328.0,Del0.8,0.73
X-3851,PCDH19,57526.0,Del0.8,0.61
X-3851,PCDHGA12,26025.0,MutNovel,"D527N,0.325"
X-3851,PCLO,27445.0,MutNovel,"R4891C,0.500"
X-3851,PCP4L1,654790.0,Amp5,5.13
X-3851,PCSK1N,27344.0,Del0.8,0.61
X-3851,PCYT1B,9468.0,Del0.8,0.61
X-3851,PDC,5132.0,Amp5,5.46
X-3851,PDCD2L,84306.0,Amp5,6.82
X-3851,PDCD5,9141.0,Amp5,6.82
X-3851,PDCD6IP,10015.0,MutKnownFunctional,"Q635*,1.000"
X-3851,PDGFA,5154.0,Amp5,5.39
X-3851,PDHA1,5160.0,Del0.8,0.61
X-3851,PDIA3P,171423.0,Amp5,5.17
X-3851,PDK3,5165.0,Del0.8,0.61
X-3851,PDPR,55066.0,MutNovel,"H605Q,0.333"
X-3851,PDPR,55066.0,MutNovel,"N625S,0.267"
X-3851,PDPR,55066.0,MutNovel,"S777L,0.333"
X-3851,PDRG1,81572.0,MutNovel,"H83Y,0.236"
X-3851,PDS5A,23244.0,MutNovel,"K898Q,0.441"
X-3851,PDZD11,51248.0,Del0.8,0.61
X-3851,PDZD4,57595.0,Del0.8,0.63
X-3851,PDZK1,5174.0,Amp5,5.17
X-3851,PDZK1P1,728939.0,Amp5,5.21
X-3851,PEG10,23089.0,MutNovel,"S539L,1.000"
X-3851,PEPD,5184.0,Amp5,6.82
X-3851,PER4,168741.0,Amp8,8.28
X-3851,PEX11B,8799.0,Amp5,5.17
X-3851,PFDN2,5202.0,Amp5,5.13
X-3851,PFKFB1,5207.0,Del0.8,0.61
X-3851,PGAM4,441531.0,Del0.8,0.61
X-3851,PGK1,5230.0,Del0.8,0.61
X-3851,PGRMC1,10857.0,Del0.8,0.62
X-3851,PGS1,9489.0,MutNovel,"A346V,0.372"
X-3851,PHEX,5251.0,Del0.8,0.61
X-3851,PHF14,9678.0,Amp8,8.51
X-3851,PHF15,23338.0,MutNovel,"P656S,0.737"
X-3851,PHF16,9767.0,Del0.8,0.61
X-3851,PHF6,84295.0,Del0.8,0.61
X-3851,PHF8,23133.0,Del0.8,0.61
X-3851,PHKA1,5255.0,Del0.8,0.61
X-3851,PHKA2,5256.0,Del0.8,0.61
X-3851,PHLDA1,22822.0,MutNovel,"QQ194Q,0.562"
X-3851,PHLDB1,23187.0,MutNovel,"G634E,1.000"
X-3851,PHTF1,10745.0,MutNovel,"I508V,0.375"
X-3851,PI4KB,5298.0,Amp5,5.03
X-3851,PIAS3,10401.0,Amp5,5.17
X-3851,PIF1,80119.0,MutKnownFunctional,"E49*,0.697"
X-3851,PIGA,5277.0,Del0.8,0.61
X-3851,PIGC,5279.0,Amp5,5.13
X-3851,PIGQ,9091.0,MutNovel,"T145I,0.739"
X-3851,PIM2,11040.0,Del0.8,0.61
X-3851,PIN4,5303.0,Del0.8,0.61
X-3851,PIP5K1A,8394.0,Amp5,5.03
X-3851,PIR,8544.0,Del0.8,0.61
X-3851,PIR-FIGF,100532742.0,Del0.8,0.61
X-3851,PJA1,64219.0,Del0.8,0.61
X-3851,PKN1,5585.0,MutNovel,"R671Q,0.414"
X-3851,PLA2G4A,5321.0,Amp5,5.46
X-3851,PLAC1,10761.0,Del0.8,0.61
X-3851,PLEKHA1,59338.0,MutNovel,"P353L,0.423"
X-3851,PLEKHB1,58473.0,MutNovel,"V137I,1.000"
X-3851,PLEKHO1,51177.0,Amp5,5.03
X-3851,PLP1,5354.0,Del0.8,0.61
X-3851,PLP2,5355.0,Del0.8,0.61
X-3851,PLS3,5358.0,Del0.8,0.62
X-3851,PLXNA1,5361.0,MutNovel,"P864L,1.000"
X-3851,PLXNA1,5361.0,MutNovel,"M1394I,0.394"
X-3851,PLXNA2,5362.0,MutNovel,"P464S,0.500"
X-3851,PLXNA3,55558.0,Del0.8,0.63
X-3851,PLXNB3,5365.0,MutNovel,"R277W,1.000"
X-3851,PLXNB3,5365.0,Del0.8,0.63
X-3851,PLXNC1,10154.0,MutNovel,"P761S,0.944"
X-3851,PMS2,5395.0,Amp5,6.28
X-3851,PMS2CL,441194.0,Amp5,5.66
X-3851,PNCK,139728.0,Del0.8,0.63
X-3851,PNMA3,29944.0,Del0.8,0.63
X-3851,PNMA5,114824.0,Del0.8,0.63
X-3851,PNMA6A,84968.0,Del0.8,0.63
X-3851,PNMA6A,84968.0,Del0.8,0.63
X-3851,PNMA6C,100287428.0,Del0.8,0.63
X-3851,PNMA6D,100287466.0,Del0.8,0.63
X-3851,PNMA6D,100287466.0,Del0.8,0.63
X-3851,PNPLA4,8228.0,Del0.8,0.61
X-3851,PNPO,55163.0,MutNovel,"I167T,0.636"
X-3851,POF1B,79983.0,Del0.8,0.61
X-3851,POGK,57645.0,Amp5,5.13
X-3851,POGZ,23126.0,Amp5,5.03
X-3851,POLA1,5422.0,Del0.8,0.61
X-3851,POLG,5428.0,MutNovel,"V1005G,0.207"
X-3851,POLR2I,5438.0,Amp5,6.36
X-3851,POLR3A,11128.0,MutNovel,"A1095V,0.308"
X-3851,POLR3C,10623.0,Amp5,5.17
X-3851,POLR3GL,84265.0,Amp5,5.17
X-3851,PORCN,64840.0,Del0.8,0.61
X-3851,POU2F1,5451.0,Amp5,5.13
X-3851,POU3F4,5456.0,Del0.8,0.61
X-3851,PPA2,27068.0,MutNovel,"P152S,0.700"
X-3851,PPAP2B,8613.0,MutNovel,"R245C,0.450"
X-3851,PPARGC1B,133522.0,MutNovel,"P311L,0.562"
X-3851,PPEF1,5475.0,Del0.8,0.61
X-3851,PPIAL4D,645142.0,Amp5,5.28
X-3851,PPIL3,53938.0,MutNovel,"N68S,0.747"
X-3851,PPL,5493.0,MutKnownFunctional,"Q109*,0.429"
X-3851,PPOX,5498.0,MutNovel,"R253K,0.268"
X-3851,PPOX,5498.0,Amp5,5.13
X-3851,PPP1R14A,94274.0,Amp5,6.06
X-3851,PPP1R15B,84919.0,MutNovel,"H329R,0.500"
X-3851,PPP1R2P9,80316.0,Del0.8,0.61
X-3851,PPP1R3F,89801.0,Del0.8,0.61
X-3851,PPP2R5B,5526.0,MutNovel,"P207S,0.486"
X-3851,PPP4C,5531.0,MutNovel,"H188Y,0.629"
X-3851,PQBP1,10084.0,Del0.8,0.61
X-3851,PRAF2,11230.0,Del0.8,0.61
X-3851,PRDM2,7799.0,MutNovel,"S216F,0.556"
X-3851,PRDX4,10549.0,Del0.8,0.61
X-3851,PRDX6,9588.0,Amp5,5.13
X-3851,PRG4,10216.0,Amp5,5.46
X-3851,PRICKLE3,4007.0,Del0.8,0.61
X-3851,PRKAB2,5565.0,Amp5,5.17
X-3851,PRKAR1B,5575.0,Amp5,5.39
X-3851,PRKX,5613.0,Del0.8,0.64
X-3851,PRODH2,58510.0,Amp5,6.36
X-3851,PRPF3,9129.0,MutNovel,"P471S,0.667"
X-3851,PRPF3,9129.0,Amp5,5.03
X-3851,PRPS1,5631.0,Del0.8,0.61
X-3851,PRPS1L1,221823.0,Amp5,6.32
X-3851,PRPS2,5634.0,Del0.8,0.61
X-3851,PRR12,57479.0,MutNovel,"P100L,0.258"
X-3851,PRR12,57479.0,MutNovel,"P1118L,0.432"
X-3851,PRR14L,253143.0,MutNovel,"P526S,0.500"
X-3851,PRRC2C,23215.0,MutNovel,"T903I,0.779"
X-3851,PRRC2C,23215.0,MutNovel,"P2305S,0.667"
X-3851,PRRC2C,23215.0,Amp5,5.13
X-3851,PRRG1,5638.0,Del0.8,0.61
X-3851,PRRG3,79057.0,Del0.8,0.63
X-3851,PRRX1,5396.0,Amp5,5.13
X-3851,PRUNE,58497.0,Amp5,5.03
X-3851,PSENEN,55851.0,Amp5,6.36
X-3851,PSMB4,5692.0,Amp5,5.03
X-3851,PSMB9,5698.0,MutNovel,"G187V,0.429"
X-3851,PSMD1,5707.0,MutNovel,"L11F,0.217"
X-3851,PSMD10,5716.0,Del0.8,0.61
X-3851,PSMD4,5710.0,Amp5,5.03
X-3851,PSMD8,5714.0,Amp5,6.06
X-3851,PSMG3,84262.0,Amp5,5.35
X-3851,PTCHD1,139411.0,Del0.8,0.61
X-3851,PTGS2,5743.0,Amp5,5.46
X-3851,PTPN11,5781.0,MutNovel,"F346L,1.000"
X-3851,PTPN12,5782.0,MutNovel,"I241V,0.487"
X-3851,PTPRE,5791.0,MutNovel,"I598V,0.600"
X-3851,PTPRG,5793.0,Amp5,7.11
X-3851,PTPRR,5801.0,MutNovel,"E654K,0.495"
X-3851,PTPRS,5802.0,MutNovel,"R1728W,0.429"
X-3851,QSOX1,5768.0,Amp5,5.1
X-3851,R3HDM1,23518.0,MutNovel,"T903I,0.821"
X-3851,R3HDM4,91300.0,Del0.8,0.78
X-3851,RAB17,64284.0,MutNovel,"S162L,0.312"
X-3851,RAB33A,9363.0,Del0.8,0.61
X-3851,RAB39B,116442.0,Del0.8,0.63
X-3851,RAB40A,142684.0,Del0.8,0.61
X-3851,RAB40AL,282808.0,Del0.8,0.61
X-3851,RAB41,347517.0,Del0.8,0.61
X-3851,RAB9A,9367.0,Del0.8,0.61
X-3851,RAB9B,51209.0,Del0.8,0.61
X-3851,RABGAP1L,9910.0,MutNovel,"W520R,0.737"
X-3851,RABGAP1L,9910.0,Amp5,5.13
X-3851,RAC1,5879.0,Amp5,7.89
X-3851,RADIL,55698.0,Amp5,5.7
X-3851,RAI2,10742.0,Del0.8,0.61
X-3851,RALGPS2,55103.0,Amp5,5.13
X-3851,RAP2A,5911.0,MutNovel,"L134F,1.000"
X-3851,RAP2C,57826.0,Del0.8,0.61
X-3851,RAPGEF2,9693.0,MutNovel,"I1154M,0.364"
X-3851,RAPGEF6,51735.0,MutNovel,"E1511K,0.364"
X-3851,RASA2,5922.0,MutKnownFunctional,"Q100*,1.000"
X-3851,RASAL2,9462.0,Amp5,5.13
X-3851,RASGRP4,115727.0,Amp5,6.06
X-3851,RBAK,57786.0,Amp5,5.7
X-3851,RBAK-LOC389458,100533952.0,Amp5,5.7
X-3851,RBBP6,5930.0,MutKnownFunctional,"R1406*,0.294"
X-3851,RBBP7,5931.0,Del0.8,0.61
X-3851,RBM10,8241.0,Del0.8,0.61
X-3851,RBM14,10432.0,MutNovel,"P207S,0.609"
X-3851,RBM14,10432.0,MutNovel,"P591L,0.576"
X-3851,RBM3,5935.0,Del0.8,0.61
X-3851,RBM41,55285.0,Del0.8,0.61
X-3851,RBM42,79171.0,Amp5,6.36
X-3851,RBM8A,9939.0,Amp5,5.17
X-3851,RBMX,27316.0,Del0.8,0.61
X-3851,RBMX2,51634.0,Del0.8,0.61
X-3851,RBMXL3,139804.0,Del0.8,0.62
X-3851,RC3H1,149041.0,Amp5,5.13
X-3851,RELL1,768211.0,MutNovel,"N107T,0.583"
X-3851,RELN,5649.0,MutNovel,"P3089L,0.500"
X-3851,RENBP,5973.0,Del0.8,0.63
X-3851,REPIN1,29803.0,MutNovel,"P519L,0.590"
X-3851,REPS2,9185.0,Del0.8,0.61
X-3851,RFWD2,64326.0,MutNovel,"L360R,0.375"
X-3851,RFWD2,64326.0,Amp5,5.13
X-3851,RFX5,5993.0,Amp5,5.03
X-3851,RGAG1,57529.0,Del0.8,0.5
X-3851,RGAG4,340526.0,Del0.8,0.61
X-3851,RGL1,23179.0,Amp5,5.1
X-3851,RGL2,5863.0,MutNovel,"P264S,0.474"
X-3851,RGN,9104.0,Del0.8,0.61
X-3851,RGS16,6004.0,Amp5,5.1
X-3851,RGS4,5999.0,Amp5,5.13
X-3851,RGS5,8490.0,Amp5,5.13
X-3851,RGS8,85397.0,Amp5,5.1
X-3851,RGS9BP,388531.0,Amp5,6.82
X-3851,RGSL1,353299.0,Amp5,5.1
X-3851,RHBDD3,25807.0,MutNovel,"H249Y,0.259"
X-3851,RHOXF1,158800.0,Del0.8,0.62
X-3851,RHOXF2B,727940.0,Del0.8,0.62
X-3851,RHOXF2B,727940.0,Del0.8,0.62
X-3851,RHPN2,85415.0,Amp5,6.82
X-3851,RIBC1,158787.0,Del0.8,0.61
X-3851,RIBC2,26150.0,MutNovel,"P262S,0.526"
X-3851,RIIAD1,284485.0,Amp5,5.03
X-3851,RIOK1,83732.0,MutNovel,"S102L,0.528"
X-3851,RIPPLY1,92129.0,Del0.8,0.61
X-3851,RLIM,51132.0,Del0.8,0.61
X-3851,RMND5A,64795.0,MutNovel,"L318I,0.713"
X-3851,RNASEL,6041.0,Amp5,5.1
X-3851,RNF113A,7737.0,Del0.8,0.62
X-3851,RNF115,27246.0,Amp5,5.17
X-3851,RNF128,79589.0,Del0.8,0.61
X-3851,RNF2,6045.0,Amp5,5.1
X-3851,RNF20,56254.0,MutNovel,"E688K,0.500"
X-3851,RNF216,54476.0,Amp5,6.41
X-3851,RNF216P1,441191.0,Amp5,5.7
X-3851,RNF43,54894.0,MutNovel,"P622S,0.462"
X-3851,RNF43,54894.0,MutNovel,"P583S,0.500"
X-3851,RNF7,9616.0,MutNovel,"F84C,1.000"
X-3851,RORC,6097.0,Amp5,5.03
X-3851,RP1-177G6.2,286411.0,Del0.8,0.61
X-3851,RP2,6102.0,Del0.8,0.61
X-3851,RPA3,6119.0,Amp5,7.84
X-3851,RPA4,29935.0,Del0.8,0.61
X-3851,RPGR,6103.0,Del0.8,0.61
X-3851,RPL10,6134.0,Del0.8,0.63
X-3851,RPL31P11,641311.0,Amp5,5.13
X-3851,RPL36A,6173.0,Del0.8,0.61
X-3851,RPL36A-HNRNPH2,100529097.0,Del0.8,0.61
X-3851,RPL39,6170.0,Del0.8,0.62
X-3851,RPL7L1,285855.0,MutNovel,"V91L,0.442"
X-3851,RPRD2,23248.0,Amp5,5.03
X-3851,RPS17L,,MutNovel,"P122A,0.667"
X-3851,RPS26P11,441502.0,Del0.8,0.61
X-3851,RPS4X,6191.0,Del0.8,0.61
X-3851,RPS6KA3,6197.0,Del0.8,0.61
X-3851,RPS6KA6,27330.0,Del0.8,0.61
X-3851,RPTN,126638.0,Amp5,5.03
X-3851,RQCD1,9125.0,MutNovel,"S48F,0.250"
X-3851,RRAGB,10325.0,Del0.8,0.61
X-3851,RS1,6247.0,Del0.8,0.61
X-3851,RSC1A1,6248.0,MutNovel,"S466F,0.312"
X-3851,RSPH10B2,728194.0,Amp5,5.66
X-3851,RSPH3,83861.0,MutNovel,"S553F,1.000"
X-3851,RUFY1,80230.0,MutNovel,"R393W,0.381"
X-3851,RXRG,6258.0,Amp5,5.13
X-3851,RYR1,6261.0,Amp5,6.06
X-3851,S100A10,6281.0,Amp5,5.03
X-3851,S100A11,6282.0,Amp5,5.03
X-3851,S100G,795.0,Del0.8,0.61
X-3851,SAGE1,55511.0,Del0.8,0.61
X-3851,SASH3,54440.0,Del0.8,0.61
X-3851,SAT1,6303.0,Del0.8,0.61
X-3851,SATB2,23314.0,MutNovel,"H148Y,0.579"
X-3851,SATL1,340562.0,Del0.8,0.61
X-3851,SBNO2,22904.0,MutNovel,"A565V,0.667"
X-3851,SBSN,374897.0,Amp5,6.36
X-3851,SCAMP5,192683.0,MutNovel,"E26K,0.231"
X-3851,SCAPER,49855.0,MutNovel,"A969T,0.400"
X-3851,SCAPER,49855.0,Del0.8,0.51
X-3851,SCARA5,286133.0,MutNovel,"P326F,1.000"
X-3851,SCARNA23,677773.0,Del0.8,0.61
X-3851,SCARNA3,677679.0,Amp5,5.13
X-3851,SCARNA9L,100158262.0,Del0.8,0.61
X-3851,SCGB1B2P,643719.0,Amp5,6.82
X-3851,SCGB2B2,284402.0,Amp5,6.82
X-3851,SCGB2B3P,100130342.0,Amp5,6.82
X-3851,SCIN,85477.0,Amp8,8.51
X-3851,SCML1,6322.0,Del0.8,0.61
X-3851,SCML2,10389.0,Del0.8,0.61
X-3851,SCN1B,6324.0,Amp5,6.82
X-3851,SCNM1,79005.0,Amp5,5.03
X-3851,SCUBE2,57758.0,MutNovel,"LP22P,0.727"
X-3851,SCYL3,57147.0,Amp5,5.13
X-3851,SDHAF1,644096.0,Amp5,6.36
X-3851,SDHC,6391.0,Amp5,5.13
X-3851,SDK1,221935.0,Amp5,5.17
X-3851,SEC14L1,6397.0,MutNovel,"K518T,0.595"
X-3851,SEC16B,89866.0,Amp5,5.13
X-3851,SEC31A,22872.0,MutNovel,"R783C,0.300"
X-3851,SECISBP2,79048.0,MutNovel,"Q445H,0.395"
X-3851,SECISBP2L,9728.0,MutNovel,"P84S,0.714"
X-3851,SELE,6401.0,Amp5,5.13
X-3851,SELENBP1,8991.0,Amp5,5.03
X-3851,SELL,6402.0,Amp5,5.13
X-3851,SELO,83642.0,MutNovel,"N52I,0.441"
X-3851,SELP,6403.0,Amp5,5.13
X-3851,SEMA3D,223117.0,MutNovel,"K701T,0.750"
X-3851,SEMA4C,54910.0,MutNovel,"M265K,0.730"
X-3851,SEMA6C,10500.0,Amp5,5.03
X-3851,2014-09-06 00:00:00,23157.0,Del0.8,0.62
X-3851,SERHL2,253190.0,MutNovel,"M309T,0.267"
X-3851,SERINC2,347735.0,MutNovel,"-373Q,0.817"
X-3851,SERPINA7,6906.0,Del0.8,0.61
X-3851,SERPINB6,5269.0,MutNovel,"F355I,0.639"
X-3851,SERPINC1,462.0,Amp5,5.13
X-3851,SETDB1,9869.0,Amp5,5.03
X-3851,SF3B4,10262.0,Amp5,5.03
X-3851,SFT2D2,375035.0,Amp5,5.1
X-3851,SH2D1A,4068.0,Del0.8,0.61
X-3851,SH2D1B,117157.0,Amp5,5.13
X-3851,SH3BGR,6450.0,MutNovel,"G219R,0.667"
X-3851,SH3BGRL,6451.0,Del0.8,0.61
X-3851,SH3KBP1,30011.0,Del0.8,0.61
X-3851,SH3TC1,54436.0,MutNovel,"A270T,1.000"
X-3851,SHANK1,50944.0,MutNovel,"G1454E,0.727"
X-3851,SHANK3,85358.0,MutNovel,"P1637L,0.545"
X-3851,SHCBP1L,81626.0,Amp5,5.1
X-3851,SHROOM2,357.0,Del0.8,0.61
X-3851,SHROOM4,57477.0,Del0.8,0.61
X-3851,SIL1,64374.0,MutNovel,"S255F,0.352"
X-3851,SIPA1L3,23094.0,Amp5,6.06
X-3851,SIRPA,140885.0,MutNovel,"S154L,0.859"
X-3851,SLC10A3,8273.0,Del0.8,0.63
X-3851,SLC16A2,6567.0,Del0.8,0.61
X-3851,SLC19A2,10560.0,Amp5,5.13
X-3851,SLC24A2,25769.0,MutNovel,"D316N,1.000"
X-3851,SLC25A14,9016.0,Del0.8,0.61
X-3851,SLC25A43,203427.0,Del0.8,0.62
X-3851,SLC25A5,292.0,Del0.8,0.62
X-3851,SLC25A5-AS1,100303728.0,Del0.8,0.62
X-3851,SLC26A2,1836.0,MutNovel,"E4K,0.307"
X-3851,SLC29A2,3177.0,MutNovel,"P61S,0.436"
X-3851,SLC29A4,222962.0,Amp5,5.7
X-3851,SLC35A2,7355.0,Del0.8,0.61
X-3851,SLC38A5,92745.0,Del0.8,0.61
X-3851,SLC44A1,23446.0,MutNovel,"A344V,0.628"
X-3851,SLC6A14,11254.0,Del0.8,0.62
X-3851,SLC6A17,388662.0,MutNovel,"I148L,0.542"
X-3851,SLC6A8,6535.0,Del0.8,0.63
X-3851,SLC6A9,6536.0,MutNovel,"P452S,0.800"
X-3851,SLC7A10,56301.0,Amp5,6.82
X-3851,SLC7A3,84889.0,Del0.8,0.61
X-3851,SLC7A9,11136.0,Amp5,6.82
X-3851,SLC9A6,10479.0,Del0.8,0.61
X-3851,SLC9A7,84679.0,Del0.8,0.61
X-3851,SLITRK2,84631.0,Del0.8,0.63
X-3851,SLITRK4,139065.0,Del0.8,0.63
X-3851,SMAD3,4088.0,MutNovel,"P417L,0.696"
X-3851,SMARCA1,6594.0,Del0.8,0.61
X-3851,SMC1A,8243.0,Del0.8,0.61
X-3851,SMC1B,27127.0,MutNovel,"G707E,0.700"
X-3851,SMC1B,27127.0,MutNovel,"R106C,0.418"
X-3851,SMC3,9126.0,MutKnownFunctional,"-27,0.429"
X-3851,SMEK3P,139420.0,Del0.8,0.61
X-3851,SMG6,23293.0,MutNovel,"P662L,0.667"
X-3851,SMG7,9887.0,Amp5,5.1
X-3851,SMG9,56006.0,MutNovel,"N494D,0.260"
X-3851,SMPX,23676.0,Del0.8,0.61
X-3851,SMS,6611.0,Del0.8,0.61
X-3851,SNED1,25992.0,MutNovel,"D644E,0.533"
X-3851,SNORA11,677799.0,Del0.8,0.61
X-3851,SNORA11C,100124540.0,Del0.8,0.61
X-3851,SNORA11D,100124541.0,Del0.8,0.61
X-3851,SNORA11D,100124541.0,Del0.8,0.61
X-3851,SNORA11E,100124542.0,Del0.8,0.61
X-3851,SNORA11E,100124542.0,Del0.8,0.61
X-3851,SNORA35,677816.0,Del0.8,0.62
X-3851,SNORA36A,677817.0,Del0.8,0.63
X-3851,SNORA56,677835.0,Del0.8,0.63
X-3851,SNORA69,26779.0,Del0.8,0.62
X-3851,SNORA70,26778.0,Del0.8,0.63
X-3851,SNORD44,26806.0,Amp5,5.13
X-3851,SNORD47,26802.0,Amp5,5.13
X-3851,SNORD61,26787.0,Del0.8,0.61
X-3851,SNORD74,619498.0,Amp5,5.13
X-3851,SNORD75,692195.0,Amp5,5.13
X-3851,SNORD76,692196.0,Amp5,5.13
X-3851,SNORD77,692197.0,Amp5,5.13
X-3851,SNORD78,692198.0,Amp5,5.13
X-3851,SNORD79,26770.0,Amp5,5.13
X-3851,SNORD80,26774.0,Amp5,5.13
X-3851,SNORD81,26769.0,Amp5,5.13
X-3851,SNORD96B,692226.0,Del0.8,0.61
X-3851,SNRK,54861.0,MutNovel,"N219S,1.000"
X-3851,SNX12,29934.0,Del0.8,0.61
X-3851,SNX13,23161.0,Amp5,6.32
X-3851,SNX27,81609.0,Amp5,5.03
X-3851,SNX7,51375.0,MutNovel,"E126K,0.542"
X-3851,SNX8,29886.0,Amp5,5.35
X-3851,SOAT1,6646.0,Amp5,5.1
X-3851,SOLH,6650.0,MutNovel,"P220S,0.221"
X-3851,SOSTDC1,25928.0,Amp5,6.32
X-3851,SOWAHD,347454.0,Del0.8,0.62
X-3851,SOX12,6666.0,MutNovel,"A212T,0.672"
X-3851,SOX3,6658.0,Del0.8,0.61
X-3851,SPACA5,389852.0,Del0.8,0.61
X-3851,SPANXA2,728712.0,Del0.8,0.61
X-3851,SPANXA2,728712.0,Del0.8,0.61
X-3851,SPANXA2-OT1,619455.0,Del0.8,0.61
X-3851,SPANXB1,728695.0,Del0.8,0.61
X-3851,SPANXC,64663.0,Del0.8,0.61
X-3851,SPANXN1,494118.0,Del0.8,0.63
X-3851,SPANXN2,494119.0,Del0.8,0.63
X-3851,SPANXN3,139067.0,Del0.8,0.63
X-3851,SPANXN4,441525.0,Del0.8,0.61
X-3851,SPANXN5,494197.0,Del0.8,0.61
X-3851,SPEN,23013.0,MutNovel,"R1339C,0.667"
X-3851,SPEN,23013.0,MutNovel,"P2987S,0.519"
X-3851,SPIN2A,54466.0,Del0.8,0.61
X-3851,SPIN2B,474343.0,Del0.8,0.61
X-3851,SPIN3,169981.0,Del0.8,0.61
X-3851,SPIN4,139886.0,Del0.8,0.61
X-3851,SPINT2,10653.0,Amp5,6.06
X-3851,SPIRE2,84501.0,MutNovel,"G611K,0.333"
X-3851,SPRED3,399473.0,Amp5,6.06
X-3851,SPTA1,6708.0,Amp5,5.21
X-3851,SPTBN1,6711.0,MutNovel,"D1304V,0.721"
X-3851,SRD5A1P1,6719.0,Del0.8,0.61
X-3851,SRPK3,26576.0,Del0.8,0.63
X-3851,SRPX,8406.0,Del0.8,0.61
X-3851,SRPX2,27286.0,Del0.8,0.61
X-3851,SSBP4,170463.0,MutNovel,"H325Y,0.494"
X-3851,SSH1,54434.0,MutKnownFunctional,"-507,1.000"
X-3851,SSH1,54434.0,MutNovel,"P505D,1.000"
X-3851,SSR4,6748.0,Del0.8,0.63
X-3851,SSX1,6756.0,Del0.8,0.61
X-3851,SSX2,6757.0,Del0.8,0.61
X-3851,SSX2,6757.0,Del0.8,0.61
X-3851,SSX2B,727837.0,Del0.8,0.61
X-3851,SSX2B,727837.0,Del0.8,0.61
X-3851,SSX3,10214.0,Del0.8,0.61
X-3851,SSX4,6759.0,Del0.8,0.61
X-3851,SSX4,6759.0,Del0.8,0.61
X-3851,SSX5,6758.0,Del0.8,0.61
X-3851,SSX6,280657.0,Del0.8,0.61
X-3851,SSX7,280658.0,Del0.8,0.61
X-3851,SSX8,280659.0,Del0.8,0.61
X-3851,STAG2,10735.0,Del0.8,0.61
X-3851,STAM2,10254.0,MutNovel,"K343R,0.743"
X-3851,STARD13,90627.0,MutNovel,"P73L,0.769"
X-3851,STARD3,10948.0,MutNovel,"R444W,0.596"
X-3851,STARD8,9754.0,Del0.8,0.61
X-3851,STARD9,57519.0,MutNovel,"T4277M,0.667"
X-3851,STAT5B,6777.0,MutNovel,"P51S,0.314"
X-3851,STK19,8859.0,MutLikelyFunctional,"D89N,0.656"
X-3851,STK38L,23012.0,MutNovel,"EK352DE,1.000"
X-3851,STRN3,29966.0,MutNovel,"D628Y,1.000"
X-3851,STS,412.0,Del0.8,0.61
X-3851,STX4,6810.0,MutNovel,"P75S,0.722"
X-3851,STX6,10228.0,Amp5,5.1
X-3851,STXBP1,6812.0,MutNovel,"I502V,0.667"
X-3851,SUFU,51684.0,MutNovel,"G412R,0.583"
X-3851,SULT1C2,6819.0,MutNovel,"G271E,0.625"
X-3851,SUN1,23353.0,Amp5,5.39
X-3851,SUPT5H,6829.0,MutNovel,"P716S,0.805"
X-3851,SUV39H1,6839.0,Del0.8,0.61
X-3851,SV2A,9900.0,Amp5,5.03
X-3851,SYAP1,94056.0,Del0.8,0.61
X-3851,SYN1,6853.0,Del0.8,0.61
X-3851,SYNJ1,8867.0,MutNovel,"L109F,0.833"
X-3851,SYNPO,11346.0,MutNovel,"P236L,0.375"
X-3851,SYP,6855.0,Del0.8,0.61
X-3851,SYTL4,94121.0,Del0.8,0.61
X-3851,SYTL5,94122.0,Del0.8,0.61
X-3851,TAB3,257397.0,MutNovel,"A699S,1.000"
X-3851,TAB3,257397.0,Del0.8,0.61
X-3851,TADA1,117143.0,Amp5,5.13
X-3851,TAF1,6872.0,Del0.8,0.61
X-3851,TAF6,6878.0,MutNovel,"S62F,0.545"
X-3851,TAF7L,54457.0,Del0.8,0.61
X-3851,TAF9B,51616.0,Del0.8,0.61
X-3851,TAOK2,9344.0,MutNovel,"L1016F,0.364"
X-3851,TARS2,80222.0,Amp5,5.03
X-3851,TASP1,55617.0,MutNovel,"L365V,0.667"
X-3851,TATDN2,9797.0,MutNovel,"S85F,1.000"
X-3851,TAZ,6901.0,Del0.8,0.63
X-3851,TBC1D1,23216.0,MutNovel,"SF235S,0.278"
X-3851,TBC1D25,4943.0,Del0.8,0.61
X-3851,TBC1D8B,54885.0,Del0.8,0.61
X-3851,TBCB,1155.0,Amp5,6.36
X-3851,TBCE,6905.0,MutNovel,"P194S,0.607"
X-3851,TBL1X,6907.0,Del0.8,0.61
X-3851,TBP,6908.0,MutNovel,"-64Q,0.345"
X-3851,TBX15,6913.0,Del0.8,0.63
X-3851,TBX19,9095.0,Amp5,5.1
X-3851,TBX22,50945.0,Del0.8,0.61
X-3851,TBXAS1,6916.0,MutNovel,"A474T,0.714"
X-3851,TCEAL1,9338.0,Del0.8,0.61
X-3851,TCEAL2,140597.0,Del0.8,0.61
X-3851,TCEAL3,85012.0,Del0.8,0.61
X-3851,TCEAL4,79921.0,Del0.8,0.61
X-3851,TCEAL5,340543.0,Del0.8,0.61
X-3851,TCEAL6,158931.0,Del0.8,0.61
X-3851,TCEAL7,56849.0,Del0.8,0.61
X-3851,TCEAL8,90843.0,Del0.8,0.61
X-3851,TCEANC,170082.0,Del0.8,0.61
X-3851,TCHH,7062.0,Amp5,5.03
X-3851,TCHHL1,126637.0,Amp5,5.03
X-3851,TDGF1P3,6998.0,Del0.8,0.62
X-3851,TDRD12,91646.0,Amp5,6.82
X-3851,TDRD5,163589.0,Amp5,5.1
X-3851,TDRKH,11022.0,Amp5,5.03
X-3851,TEDDM1,127670.0,Amp5,5.1
X-3851,TESK1,7016.0,MutNovel,"H173Y,0.412"
X-3851,TEX11,56159.0,Del0.8,0.61
X-3851,TEX13A,56157.0,Del0.8,0.61
X-3851,TEX13B,56156.0,Del0.8,0.61
X-3851,TEX28,1527.0,Del0.8,0.63
X-3851,TFAMP1,260341.0,Amp5,5.35
X-3851,TFDP3,51270.0,Del0.8,0.61
X-3851,TFE3,7030.0,Del0.8,0.61
X-3851,TGIF2LX,90316.0,Del0.8,0.72
X-3851,TGM2,7052.0,MutNovel,"R478C,0.232"
X-3851,THAP4,51078.0,MutNovel,"A312V,0.771"
X-3851,THAP8,199745.0,Amp5,6.36
X-3851,THEG5,100507527.0,Amp5,6.82
X-3851,THEM4,117145.0,Amp5,5.03
X-3851,THEM5,284486.0,Amp5,5.03
X-3851,THOC1,9984.0,MutNovel,"M210L,1.000"
X-3851,THOC2,57187.0,Del0.8,0.61
X-3851,THSD7A,221981.0,Amp8,8.51
X-3851,TIAM2,26230.0,MutKnownFunctional,"L1466*,1.000"
X-3851,TIMM17B,10245.0,Del0.8,0.61
X-3851,TIMM8A,1678.0,Del0.8,0.61
X-3851,TIMP1,7076.0,Del0.8,0.61
X-3851,TIPRL,261726.0,Amp5,5.1
X-3851,TKTL1,8277.0,Del0.8,0.63
X-3851,TLE1,7088.0,MutNovel,"V141F,0.434"
X-3851,TLN1,7094.0,MutNovel,"L951R,0.452"
X-3851,TLN2,83660.0,MutNovel,"P1236S,0.667"
X-3851,TLR7,51284.0,Del0.8,0.61
X-3851,TLR8,51311.0,Del0.8,0.61
X-3851,TLR8-AS1,349408.0,Del0.8,0.61
X-3851,TMCO1,54499.0,Amp5,5.13
X-3851,TMEM106B,54664.0,Amp8,8.51
X-3851,TMEM147,10430.0,Amp5,6.36
X-3851,TMEM164,84187.0,Del0.8,0.61
X-3851,TMEM183A,92703.0,MutNovel,"R10M,0.438"
X-3851,TMEM184A,202915.0,Amp5,5.35
X-3851,TMEM185A,84548.0,Del0.8,0.63
X-3851,TMEM187,8269.0,MutNovel,"P98L,1.000"
X-3851,TMEM187,8269.0,Del0.8,0.63
X-3851,TMEM27,57393.0,Del0.8,0.61
X-3851,TMEM31,203562.0,Del0.8,0.61
X-3851,TMEM35,59353.0,Del0.8,0.61
X-3851,TMEM47,83604.0,Del0.8,0.61
X-3851,TMEM87B,84910.0,MutNovel,"L444P,0.238"
X-3851,TMLHE,55217.0,Del0.8,0.63
X-3851,TMOD4,29765.0,Amp5,5.03
X-3851,TMSB15A,11013.0,Del0.8,0.61
X-3851,TMSB15B,286527.0,Del0.8,0.61
X-3851,TMSB4X,7114.0,Del0.8,0.61
X-3851,TNFAIP8L2,79626.0,Amp5,5.03
X-3851,TNFAIP8L2-SCNM1,100534012.0,Amp5,5.03
X-3851,TNFSF18,8995.0,Amp5,5.13
X-3851,TNFSF4,7292.0,Amp5,5.13
X-3851,TNK2,10188.0,MutNovel,"H313Y,1.000"
X-3851,TNMD,64102.0,Del0.8,0.61
X-3851,TNN,63923.0,Amp5,5.13
X-3851,TNR,7143.0,Amp5,5.13
X-3851,TNRC18,84629.0,Amp5,5.7
X-3851,TNRC6A,27327.0,MutNovel,"Q100P,0.500"
X-3851,TOMM40L,84134.0,Amp5,5.13
X-3851,TOP1P1,7151.0,Amp5,5.13
X-3851,TOP2B,7155.0,MutNovel,"S129F,1.000"
X-3851,TOR1AIP1,26092.0,Amp5,5.1
X-3851,TOR1AIP2,163590.0,Amp5,5.1
X-3851,TOR3A,64222.0,Amp5,5.13
X-3851,TP53,7157.0,MutKnownFunctional,"Q104*,1.000"
X-3851,TP53BP1,7158.0,MutNovel,"S1295L,0.391"
X-3851,TPR,7175.0,Amp5,5.46
X-3851,TRAPPC11,60684.0,MutNovel,"S1049F,0.393"
X-3851,TRAPPC2,6399.0,Del0.8,0.61
X-3851,TRAPPC9,83696.0,MutNovel,"P937S,0.931"
X-3851,TRERF1,55809.0,MutNovel,"S721L,0.364"
X-3851,TRERF1,55809.0,MutNovel,"P673L,0.579"
X-3851,TREX2,11219.0,Del0.8,0.63
X-3851,TRIM46,80128.0,MutNovel,"T751I,0.250"
X-3851,TRIM8,81603.0,MutNovel,"S444L,0.631"
X-3851,TRIOBP,11078.0,MutNovel,"S140F,0.800"
X-3851,TRMT1,55621.0,MutNovel,"P563S,0.613"
X-3851,TRMT1L,81627.0,MutNovel,"R667G,0.857"
X-3851,TRMT1L,81627.0,Amp5,5.1
X-3851,TRMT2B,79979.0,Del0.8,0.61
X-3851,TRMU,55687.0,MutNovel,"T351I,0.402"
X-3851,TRO,7216.0,Del0.8,0.61
X-3851,TRPC5,7224.0,Del0.8,0.62
X-3851,TRPM3,80036.0,MutNovel,"H1139N,1.000"
X-3851,TSC1,7248.0,MutNovel,"M351V,0.456"
X-3851,TSC22D3,1831.0,Del0.8,0.61
X-3851,TSEN15,116461.0,Amp5,5.1
X-3851,TSHZ1,10194.0,MutNovel,"P119L,1.000"
X-3851,TSHZ3,57616.0,Amp5,6.06
X-3851,TSIX,9383.0,Del0.8,0.61
X-3851,TSPAN10,83882.0,MutNovel,"A353I,0.780"
X-3851,TSPAN13,27075.0,Amp5,6.32
X-3851,TSPAN6,7105.0,Del0.8,0.61
X-3851,TSPAN7,7102.0,Del0.8,0.61
X-3851,TSPY10,,MutNovel,"P195R,0.833"
X-3851,TSPYL1,7259.0,MutNovel,"V176VW,0.825"
X-3851,TSPYL2,64061.0,Del0.8,0.61
X-3851,TSR2,90121.0,Del0.8,0.61
X-3851,TTC3P1,286495.0,Del0.8,0.61
X-3851,TTC5,91875.0,MutNovel,"G420R,1.000"
X-3851,TTLL12,23170.0,MutNovel,"R132Y,0.685"
X-3851,TTLL4,9654.0,MutNovel,"P149S,0.312"
X-3851,TTLL4,9654.0,MutNovel,"M827I,0.738"
X-3851,TTYH3,80727.0,Amp5,5.5
X-3851,TUFT1,7286.0,Amp5,5.03
X-3851,TULP4,56995.0,MutNovel,"P1215L,1.000"
X-3851,TUSC1,286319.0,MutNovel,"S42G,1.000"
X-3851,TWIST1,7291.0,Amp5,6.32
X-3851,TXLNG,55787.0,Del0.8,0.61
X-3851,TXNDC11,51061.0,MutNovel,"A40V,0.705"
X-3851,TXNIP,10628.0,Amp5,5.17
X-3851,TXNRD3,114112.0,MutNovel,"E64K,1.000"
X-3851,TYROBP,7305.0,Amp5,6.36
X-3851,U2AF1L4,199746.0,Amp5,6.36
X-3851,UAP1,6675.0,Amp5,5.13
X-3851,UBA1,7317.0,Del0.8,0.61
X-3851,UBA2,10054.0,Amp5,6.82
X-3851,UBC,7316.0,MutNovel,"P570L,0.255"
X-3851,UBC,7316.0,MutNovel,"P342L,0.854"
X-3851,UBE2A,7319.0,Del0.8,0.62
X-3851,UBE2DNL,100131816.0,Del0.8,0.61
X-3851,UBE2NL,389898.0,Del0.8,0.63
X-3851,UBE2S,27338.0,MutNovel,"P50L,0.380"
X-3851,UBE4B,10277.0,MutNovel,"P754S,0.720"
X-3851,UBL4A,8266.0,Del0.8,0.63
X-3851,UBQLN2,29978.0,Del0.8,0.61
X-3851,UCK2,7371.0,Amp5,5.13
X-3851,UFC1,51506.0,Amp5,5.13
X-3851,UHMK1,127933.0,Amp5,5.13
X-3851,UNCX,340260.0,Amp5,5.39
X-3851,UNKL,64718.0,MutNovel,"S391G,0.714"
X-3851,UPF2,26019.0,MutNovel,"S208F,0.324"
X-3851,UPF3B,65109.0,Del0.8,0.62
X-3851,UPK1A,11045.0,Amp5,6.36
X-3851,UPRT,139596.0,Del0.8,0.61
X-3851,UQCRBP1,442454.0,Del0.8,0.61
X-3851,USF2,7392.0,Amp5,6.82
X-3851,USO1,8615.0,MutNovel,"P252S,0.280"
X-3851,USP11,8237.0,Del0.8,0.61
X-3851,USP21,27005.0,Amp5,5.13
X-3851,USP26,83844.0,Del0.8,0.61
X-3851,USP27X,389856.0,Del0.8,0.61
X-3851,USP34,9736.0,MutNovel,"R1452K,0.286"
X-3851,USP36,57602.0,MutNovel,"KKK958K,0.788"
X-3851,USP39,10713.0,MutNovel,"L360P,0.225"
X-3851,USP42,84132.0,MutNovel,"K462T,0.667"
X-3851,USP42,84132.0,Amp8,8.11
X-3851,USP51,158880.0,Del0.8,0.61
X-3851,USP9X,8239.0,Del0.8,0.61
X-3851,UTP14A,10813.0,Del0.8,0.61
X-3851,UTY,7404.0,MutNovel,"P968S,0.308"
X-3851,UTY,7404.0,MutNovel,"RP966SV,0.385"
X-3851,UTY,7404.0,MutNovel,"P965V,0.333"
X-3851,UTY,7404.0,MutNovel,"P964T,0.333"
X-3851,UTY,7404.0,MutNovel,"C962S,0.308"
X-3851,UTY,7404.0,MutNovel,"EG901SR,0.500"
X-3851,UTY,7404.0,MutNovel,"G900F,0.500"
X-3851,UTY,7404.0,MutNovel,"N899L,0.400"
X-3851,UTY,7404.0,MutNovel,"T897F,0.444"
X-3851,UTY,7404.0,MutNovel,"H896L,0.444"
X-3851,UTY,7404.0,MutNovel,"G894L,0.333"
X-3851,UTY,7404.0,MutNovel,"NS883TR,0.214"
X-3851,UTY,7404.0,MutNovel,"MQ553TT,0.250"
X-3851,UTY,7404.0,MutKnownFunctional,"Q510*,0.214"
X-3851,UTY,7404.0,MutNovel,"H506W,0.250"
X-3851,UTY,7404.0,MutNovel,"S505Q,0.308"
X-3851,UTY,7404.0,MutNovel,"R390L,0.667"
X-3851,UTY,7404.0,MutNovel,"A389S,0.778"
X-3851,UTY,7404.0,MutNovel,"LA387HH,0.750"
X-3851,UTY,7404.0,MutNovel,"L387V,0.714"
X-3851,UTY,7404.0,MutNovel,"S385G,0.667"
X-3851,UTY,7404.0,MutNovel,"NT383TS,0.571"
X-3851,UTY,7404.0,MutNovel,"S382T,0.571"
X-3851,UTY,7404.0,MutNovel,"RC380SS,0.571"
X-3851,UTY,7404.0,MutKnownFunctional,"SK378T*,0.571"
X-3851,UTY,7404.0,MutNovel,"R377L,0.667"
X-3851,UTY,7404.0,MutNovel,"A376L,0.600"
X-3851,UTY,7404.0,MutNovel,"N374L,0.500"
X-3851,UTY,7404.0,MutNovel,"YL372SA,0.500"
X-3851,UTY,7404.0,MutNovel,"CY371YN,0.500"
X-3851,UTY,7404.0,MutNovel,"IK369RL,0.500"
X-3851,UTY,7404.0,MutNovel,"VG256HR,0.750"
X-3851,UTY,7404.0,MutNovel,"D254I,0.800"
X-3851,UTY,7404.0,MutNovel,"HH250LV,0.500"
X-3851,UTY,7404.0,MutNovel,"MH249IN,0.429"
X-3851,UTY,7404.0,MutNovel,"WM248CG,0.571"
X-3851,UTY,7404.0,MutNovel,"GW247VT,0.429"
X-3851,UTY,7404.0,MutNovel,"QQ244LV,0.429"
X-3851,UTY,7404.0,MutNovel,"Q244K,0.500"
X-3851,UTY,7404.0,MutNovel,"LQ243RK,0.500"
X-3851,UTY,7404.0,MutNovel,"AT240EH,0.429"
X-3851,UTY,7404.0,MutNovel,"KA239NP,0.500"
X-3851,UTY,7404.0,MutKnownFunctional,"V238*,0.429"
X-3851,UTY,7404.0,MutNovel,"A236V,0.500"
X-3851,UTY,7404.0,MutNovel,"P235T,0.500"
X-3851,UTY,7404.0,MutNovel,"LP234GT,0.500"
X-3851,UTY,7404.0,MutNovel,"E232P,0.333"
X-3851,UTY,7404.0,MutNovel,"E232Q,0.500"
X-3851,UTY,7404.0,MutNovel,"TE231IQ,0.500"
X-3851,UTY,7404.0,MutNovel,"Q227K,0.400"
X-3851,UTY,7404.0,MutNovel,"DF91EL,0.300"
X-3851,UTY,7404.0,MutNovel,"ES89DG,0.273"
X-3851,UTY,7404.0,MutNovel,"E89Q,0.308"
X-3851,UTY,7404.0,MutNovel,"K87W,0.417"
X-3851,UTY,7404.0,MutNovel,"G86P,0.417"
X-3851,UTY,7404.0,MutNovel,"A84G,0.417"
X-3851,UTY,7404.0,MutNovel,"IL81RG,0.500"
X-3851,UTY,7404.0,MutNovel,"LI80SL,0.538"
X-3851,UTY,7404.0,MutNovel,"ES78DD,0.538"
X-3851,UTY,7404.0,MutKnownFunctional,"YE77*P,0.538"
X-3851,UTY,7404.0,MutNovel,"C76F,0.538"
X-3851,UTY,7404.0,MutNovel,"VR74GG,0.538"
X-3851,UTY,7404.0,MutNovel,"V57G,0.636"
X-3851,UTY,7404.0,MutNovel,"S51R,0.214"
X-3851,UXT,8409.0,Del0.8,0.61
X-3851,VAMP2,6844.0,MutNovel,"L93F,0.392"
X-3851,VAMP4,8674.0,Amp5,5.13
X-3851,VARS,7407.0,MutNovel,"T284I,0.283"
X-3851,VASP,7408.0,MutNovel,"E353K,0.230"
X-3851,VBP1,7411.0,Del0.8,0.63
X-3851,VCL,7414.0,MutNovel,"P873S,0.306"
X-3851,VCP,7415.0,MutNovel,"S541F,0.616"
X-3851,VCX,26609.0,Del0.8,0.61
X-3851,VCX2,51480.0,Del0.8,0.61
X-3851,VCX3A,51481.0,Del0.8,0.61
X-3851,VCX3B,425054.0,Del0.8,0.61
X-3851,VENTXP1,139538.0,Del0.8,0.61
X-3851,VGF,7425.0,MutNovel,"S266F,0.501"
X-3851,VGLL1,51442.0,Del0.8,0.61
X-3851,VIMP,,MutNovel,"P183L,0.674"
X-3851,VMA21,203547.0,Del0.8,0.63
X-3851,VPS28,51160.0,MutNovel,"LP187P,0.745"
X-3851,VPS45,11311.0,Amp5,5.03
X-3851,VPS72,6944.0,Amp5,5.03
X-3851,VSIG1,340547.0,Del0.8,0.61
X-3851,VSIG4,11326.0,Del0.8,0.61
X-3851,VWDE,221806.0,Amp8,8.51
X-3851,WAS,7454.0,Del0.8,0.61
X-3851,WASF2,10163.0,MutNovel,"P392S,0.513"
X-3851,WBP4,11193.0,MutNovel,"L345F,1.000"
X-3851,WBP5,51186.0,Del0.8,0.61
X-3851,WDPCP,51057.0,MutNovel,"P254L,0.222"
X-3851,WDR13,64743.0,Del0.8,0.61
X-3851,WDR44,54521.0,Del0.8,0.62
X-3851,WDR45,11152.0,Del0.8,0.61
X-3851,WDR62,284403.0,Amp5,6.36
X-3851,WDR81,124997.0,MutNovel,"R1567C,0.350"
X-3851,WDR87,83889.0,Amp5,6.06
X-3851,WDR88,126248.0,Amp5,6.82
X-3851,WFDC1,58189.0,MutNovel,"P157L,0.790"
X-3851,WIPI2,26100.0,Amp5,5.7
X-3851,WNK2,65268.0,MutNovel,"E154M,0.235"
X-3851,WNK3,65267.0,Del0.8,0.61
X-3851,WRNIP1,56897.0,MutNovel,"GDGD170-,0.214"
X-3851,WTIP,126374.0,Amp5,6.82
X-3851,WWC3,55841.0,Del0.8,0.61
X-3851,XAGE1A,653219.0,Del0.8,0.61
X-3851,XAGE1A,653219.0,Del0.8,0.61
X-3851,XAGE1C,653048.0,Del0.8,0.61
X-3851,XAGE1C,653048.0,Del0.8,0.61
X-3851,XAGE2,9502.0,Del0.8,0.61
X-3851,XAGE2,9502.0,Del0.8,0.61
X-3851,XAGE3,170626.0,Del0.8,0.61
X-3851,XAGE5,170627.0,Del0.8,0.61
X-3851,XCL1,6375.0,Amp5,5.1
X-3851,XCL2,6846.0,Amp5,5.1
X-3851,XIAP,331.0,Del0.8,0.61
X-3851,XIST,7503.0,Del0.8,0.61
X-3851,XK,7504.0,Del0.8,0.61
X-3851,XKRX,402415.0,Del0.8,0.61
X-3851,XPNPEP2,7512.0,Del0.8,0.61
X-3851,XPO5,57510.0,MutNovel,"E587K,0.529"
X-3851,XPR1,9213.0,Amp5,5.1
X-3851,XYLT1,64131.0,MutNovel,"A115S,0.700"
X-3851,YIF1B,90522.0,Amp5,6.06
X-3851,YIPF6,286451.0,Del0.8,0.61
X-3851,YLPM1,56252.0,MutKnownFunctional,"R1126*,1.000"
X-3851,YTHDF2,51441.0,MutNovel,"P333L,0.521"
X-3851,YY2,404281.0,Del0.8,0.61
X-3851,ZBTB32,27033.0,Amp5,6.36
X-3851,ZBTB33,10009.0,Del0.8,0.62
X-3851,ZBTB37,84614.0,Amp5,5.13
X-3851,ZC3H12B,340554.0,Del0.8,0.61
X-3851,ZC3H18,124245.0,MutNovel,"S559L,0.354"
X-3851,ZC3H18,124245.0,MutNovel,"S576F,0.568"
X-3851,ZC4H2,55906.0,Del0.8,0.61
X-3851,ZCCHC12,170261.0,Del0.8,0.62
X-3851,ZCCHC13,389874.0,Del0.8,0.61
X-3851,ZCCHC16,340595.0,Del0.8,0.62
X-3851,ZCCHC18,644353.0,Del0.8,0.61
X-3851,ZCCHC5,203430.0,Del0.8,0.61
X-3851,ZDHHC15,158866.0,Del0.8,0.61
X-3851,ZDHHC4,55146.0,Amp5,7.57
X-3851,ZDHHC7,55625.0,MutNovel,"P198S,0.686"
X-3851,ZDHHC9,51114.0,Del0.8,0.61
X-3851,ZFAND2A,90637.0,Amp5,5.39
X-3851,ZFHX3,463.0,MutNovel,"P618S,0.857"
X-3851,ZFP14,57677.0,Amp5,5.06
X-3851,ZFP30,22835.0,Amp5,7.21
X-3851,ZFP82,284406.0,Amp5,7.21
X-3851,ZFP92,139735.0,Del0.8,0.63
X-3851,ZFX,7543.0,Del0.8,0.61
X-3851,ZIC3,7547.0,Del0.8,0.61
X-3851,ZMAT1,84460.0,Del0.8,0.61
X-3851,ZMYM3,9203.0,Del0.8,0.61
X-3851,ZNF12,7559.0,Amp5,7.57
X-3851,ZNF146,7705.0,Amp5,6.36
X-3851,ZNF148,7707.0,MutNovel,"S645F,1.000"
X-3851,ZNF157,7712.0,Del0.8,0.61
X-3851,ZNF167,55888.0,MutNovel,"P47S,1.000"
X-3851,ZNF181,339318.0,Amp5,6.82
X-3851,ZNF182,7569.0,Del0.8,0.61
X-3851,ZNF184,7738.0,MutNovel,"S292F,0.364"
X-3851,ZNF185,7739.0,MutNovel,"A22V,1.000"
X-3851,ZNF185,7739.0,Del0.8,0.63
X-3851,ZNF193,7746.0,MutNovel,"R344P,0.333"
X-3851,ZNF260,339324.0,Amp5,7.21
X-3851,ZNF275,10838.0,Del0.8,0.63
X-3851,ZNF280C,55609.0,Del0.8,0.61
X-3851,ZNF30,90075.0,Amp5,6.82
X-3851,ZNF302,55900.0,Amp5,6.82
X-3851,ZNF318,24149.0,MutNovel,"R651C,0.500"
X-3851,ZNF333,84449.0,MutNovel,"M110I,0.500"
X-3851,ZNF33B,7582.0,MutNovel,"S454L,1.000"
X-3851,ZNF345,25850.0,Amp5,7.21
X-3851,ZNF358,140467.0,MutNovel,"G381E,0.405"
X-3851,ZNF382,84911.0,Amp5,7.21
X-3851,ZNF383,163087.0,Amp5,7.21
X-3851,ZNF384,171017.0,MutNovel,"QQ514Q,0.542"
X-3851,ZNF41,7592.0,Del0.8,0.61
X-3851,ZNF420,147923.0,Amp5,7.21
X-3851,ZNF449,203523.0,Del0.8,0.61
X-3851,ZNF461,92283.0,Amp5,7.21
X-3851,ZNF507,22847.0,Amp5,6.82
X-3851,ZNF527,84503.0,Amp5,7.21
X-3851,ZNF529,57711.0,Amp5,7.21
X-3851,ZNF540,163255.0,Amp5,7.21
X-3851,ZNF565,147929.0,Amp5,6.36
X-3851,ZNF566,84924.0,Amp5,7.21
X-3851,ZNF567,163081.0,Amp5,7.21
X-3851,ZNF568,374900.0,Amp5,7.21
X-3851,ZNF569,148266.0,Amp5,7.21
X-3851,ZNF570,148268.0,Amp5,7.21
X-3851,ZNF571,51276.0,Amp5,7.21
X-3851,ZNF573,126231.0,Amp5,7.21
X-3851,ZNF585A,199704.0,Amp5,7.21
X-3851,ZNF585B,92285.0,Amp5,7.21
X-3851,ZNF599,148103.0,Amp5,6.82
X-3851,ZNF607,84775.0,Amp5,7.21
X-3851,ZNF630,57232.0,Del0.8,0.61
X-3851,ZNF645,158506.0,Del0.8,0.61
X-3851,ZNF648,127665.0,Amp5,5.1
X-3851,ZNF673,55634.0,Del0.8,0.61
X-3851,ZNF674,641339.0,Del0.8,0.61
X-3851,ZNF687,57592.0,Amp5,5.03
X-3851,ZNF697,90874.0,MutNovel,"AA341A,0.900"
X-3851,ZNF707,286075.0,MutNovel,"R354C,0.275"
X-3851,ZNF711,7552.0,Del0.8,0.61
X-3851,ZNF75D,7626.0,Del0.8,0.61
X-3851,ZNF781,163115.0,Amp5,7.21
X-3851,ZNF790,388536.0,Amp5,7.21
X-3851,ZNF792,126375.0,Amp5,6.82
X-3851,ZNF793,390927.0,Amp5,7.21
X-3851,ZNF81,347344.0,Del0.8,0.61
X-3851,ZNF829,374899.0,Amp5,7.21
X-3851,ZNF850,342892.0,Amp5,7.21
X-3851,ZNF853,54753.0,Amp5,7.57
X-3851,ZNF890P,645700.0,Amp5,5.7
X-3851,ZRSR2,8233.0,Del0.8,0.61
X-3851,ZSCAN21,7589.0,MutNovel,"T293F,0.250"
X-3851,ZXDA,7789.0,Del0.8,0.61
X-3851,ZXDB,158586.0,Del0.8,0.61
X-3851,ZXDC,79364.0,MutNovel,"A126V,1.000"
X-3880,ABCA7,10347.0,MutNovel,"S561F,0.640"
X-3880,ACAD11,84129.0,MutNovel,"P232A,0.486"
X-3880,ACAD9,28976.0,MutNovel,"A326V,0.551"
X-3880,ACLY,47.0,MutNovel,"T497I,0.471"
X-3880,ACOT1,641371.0,Del0.8,0.58
X-3880,ACOT2,10965.0,MutNovel,"S133T,0.509"
X-3880,ADAM3A,1587.0,Del0.8,0.27
X-3880,ADAM5P,255926.0,Del0.8,0.63
X-3880,ADCY1,107.0,MutNovel,"H292Y,0.260"
X-3880,ADCY1,107.0,MutNovel,"G923E,0.560"
X-3880,ADCY2,108.0,MutNovel,"T170I,0.464"
X-3880,ADD1,118.0,MutNovel,"P756R,0.572"
X-3880,ADORA1,134.0,MutNovel,"Q74H,1.000"
X-3880,AEN,64782.0,MutNovel,"R212W,0.469"
X-3880,AFAP1L2,84632.0,MutNovel,"P606F,0.551"
X-3880,AGFG1,3267.0,MutNovel,"D109N,0.508"
X-3880,AGGF1,55109.0,MutNovel,"R624W,0.484"
X-3880,AHNAK,79026.0,MutNovel,"P3864S,0.514"
X-3880,AKAP11,11215.0,MutNovel,"P1065S,0.714"
X-3880,AKAP17A,8227.0,MutNovel,"G1316S,0.524"
X-3880,AKAP8,10270.0,MutNovel,"R295C,0.420"
X-3880,AKR1A1,10327.0,MutNovel,"R243G,0.683"
X-3880,ALDH4A1,8659.0,MutNovel,"L279F,0.582"
X-3880,ALG1L,200810.0,MutNovel,"P174L,0.600"
X-3880,ALG5,29880.0,MutNovel,"P292L,0.552"
X-3880,AMACR,23600.0,MutNovel,"F230Y,0.444"
X-3880,AMOTL1,154810.0,MutKnownFunctional,"-140,0.842"
X-3880,AMOTL1,154810.0,MutNovel,"E142K,0.744"
X-3880,ANAPC2,29882.0,MutNovel,"R653C,1.000"
X-3880,ANKRD12,23253.0,MutNovel,"L1086P,0.559"
X-3880,ANKRD27,84079.0,MutNovel,"P1033S,0.484"
X-3880,APLP2,334.0,MutNovel,"E217K,0.758"
X-3880,ARAP2,116984.0,MutNovel,"H868Y,1.000"
X-3880,ARHGAP31,57514.0,MutNovel,"P695S,0.348"
X-3880,ARHGEF5,7984.0,Del0.8,0.68
X-3880,ARID2,196528.0,MutKnownFunctional,"Q68*,0.778"
X-3880,ARRDC2,27106.0,MutNovel,"S187L,0.429"
X-3880,ASAP1,50807.0,MutKnownFunctional,"K1068*,0.408"
X-3880,ASH1L,55870.0,MutNovel,"P1185S,1.000"
X-3880,ATL1,51062.0,MutNovel,"G114S,0.636"
X-3880,ATP13A3,79572.0,MutNovel,"G896R,0.472"
X-3880,ATP9B,374868.0,MutNovel,"S1009F,0.650"
X-3880,ATRN,8455.0,MutNovel,"N1275Y,0.595"
X-3880,BAG6,7917.0,MutNovel,"P992S,0.435"
X-3880,BAIAP2L1,55971.0,MutNovel,"V235M,0.883"
X-3880,BAZ2B,29994.0,MutNovel,"I1179T,0.571"
X-3880,BCOR,54880.0,MutNovel,"N16S,1.000"
X-3880,BCORP1,286554.0,Del0.8,0.27
X-3880,BIRC6,57448.0,MutNovel,"S1312F,0.857"
X-3880,BNC2,54796.0,Del0.8,0.35
X-3880,BOC,91653.0,MutNovel,"H401Y,0.478"
X-3880,BPI,671.0,MutNovel,"T223S,0.600"
X-3880,BPY2B,442867.0,Del0.8,0.16
X-3880,BPY2B,442867.0,Del0.8,0.1
X-3880,BRF1,2972.0,MutNovel,"R579K,0.365"
X-3880,BRSK2,9024.0,MutNovel,"E324K,0.524"
X-3880,C12orf51,283450.0,MutNovel,"S3669L,0.529"
X-3880,C14orf118,55668.0,MutNovel,"S296F,0.534"
X-3880,C15orf39,56905.0,MutNovel,"Y269H,0.444"
X-3880,C16orf53,79447.0,MutNovel,"P165S,0.457"
X-3880,C1orf88,128344.0,MutNovel,"E137K,1.000"
X-3880,C21orf58,54058.0,MutNovel,"H299PN,0.263"
X-3880,C5orf22,55322.0,MutNovel,"T397S,0.493"
X-3880,C5orf30,90355.0,MutNovel,"S133L,0.430"
X-3880,C9orf53,51198.0,Del0.8,0.48
X-3880,CALD1,800.0,MutNovel,"RE318R,0.778"
X-3880,CANT1,124583.0,MutNovel,"P340L,0.480"
X-3880,CARHSP1,23589.0,MutNovel,"G60S,0.550"
X-3880,CBX4,8535.0,MutNovel,"HHH398-,0.627"
X-3880,CCBL1,883.0,MutNovel,"R138C,0.909"
X-3880,CCDC127,133957.0,MutNovel,"A58D,0.470"
X-3880,CCDC71L,168455.0,MutNovel,"P149S,0.273"
X-3880,CCDC88B,283234.0,MutNovel,"G1428E,0.600"
X-3880,CDC14A,8556.0,MutKnownFunctional,"R339*,0.348"
X-3880,CDC42BPB,9578.0,MutNovel,"K498R,0.488"
X-3880,CDIPT,10423.0,MutNovel,"R132W,0.475"
X-3880,CDK11A,728642.0,MutNovel,"L548F,0.393"
X-3880,CDK12,51755.0,MutNovel,"P527L,0.473"
X-3880,CDK13,8621.0,MutNovel,"S409F,0.538"
X-3880,CDKN1C,1028.0,MutNovel,"APVAV171V,0.900"
X-3880,CDKN2A,1029.0,Del0.8,0.48
X-3880,CDKN2B,1030.0,Del0.8,0.34
X-3880,CDY1B,253175.0,Del0.8,0.21
X-3880,CDY1B,253175.0,Del0.8,0.27
X-3880,CDY2A,9426.0,Del0.8,0.17
X-3880,CDY2A,9426.0,Del0.8,0.17
X-3880,CDY2B,203611.0,Del0.8,0.17
X-3880,CDY2B,203611.0,Del0.8,0.17
X-3880,CDYL,9425.0,MutNovel,"V466F,0.409"
X-3880,CEACAM5,1048.0,MutNovel,"K35Q,1.000"
X-3880,CEACAM5,1048.0,MutNovel,"V180I,1.000"
X-3880,CEACAM6,4680.0,MutNovel,"A22G,1.000"
X-3880,CENPF,1063.0,MutNovel,"L1835F,1.000"
X-3880,CEP192,55125.0,MutNovel,"R2240C,0.472"
X-3880,CEP250,11190.0,MutNovel,"L409P,0.766"
X-3880,CHD2,1106.0,MutKnownFunctional,"-1242?,0.815"
X-3880,CHFR,55743.0,MutNovel,"K147E,0.400"
X-3880,CHGA,1113.0,MutNovel,"E328K,0.560"
X-3880,CHL1,10752.0,MutNovel,"G1186R,0.716"
X-3880,CHMP7,91782.0,MutNovel,"L347F,0.571"
X-3880,CLPB,81570.0,MutNovel,"G87E,1.000"
X-3880,CLYBL,171425.0,MutNovel,"G253E,0.591"
X-3880,CNDP1,84735.0,MutNovel,"V15VL,0.235"
X-3880,CNTLN,54875.0,Del0.8,0.48
X-3880,CNTNAP3,79937.0,MutNovel,"RR413QS,1.000"
X-3880,CNTNAP3B,728577.0,MutNovel,"R1214W,1.000"
X-3880,CNTNAP3B,728577.0,MutNovel,"V1230A,1.000"
X-3880,CNTNAP3B,728577.0,Del0.8,0.72
X-3880,COG3,83548.0,MutNovel,"P625S,0.449"
X-3880,COL18A1,80781.0,MutNovel,"S474F,0.600"
X-3880,COL7A1,1294.0,MutNovel,"G687S,1.000"
X-3880,COX7B2,170712.0,MutNovel,"H35Y,1.000"
X-3880,CPT1A,1374.0,MutNovel,"R645C,0.707"
X-3880,CREBBP,1387.0,MutNovel,"L1120F,0.479"
X-3880,CSPG4,1464.0,MutNovel,"A29E,1.000"
X-3880,CSPG4P1Y,114758.0,Del0.8,0.21
X-3880,CSPG4P1Y,114758.0,Del0.8,0.27
X-3880,CSRP2BP,57325.0,MutNovel,"P362S,0.506"
X-3880,CST4,1472.0,MutNovel,"E121Q,1.000"
X-3880,CSTF3,1479.0,MutNovel,"P243L,0.449"
X-3880,CTAGE4,100128553.0,Del0.8,0.46
X-3880,CTCF,10664.0,MutNovel,"E139A,0.469"
X-3880,CTNNB1,1499.0,MutNovel,"P606L,0.588"
X-3880,CTPS2,56474.0,MutNovel,"T189I,1.000"
X-3880,CTSZ,1522.0,MutNovel,"D67N,0.672"
X-3880,CWF19L1,55280.0,MutNovel,"P486L,0.489"
X-3880,CYP27A1,1593.0,MutNovel,"E291K,0.512"
X-3880,DAAM1,23002.0,MutNovel,"P582L,0.500"
X-3880,DAZ1,1617.0,Del0.8,0.27
X-3880,DAZ2,57055.0,Del0.8,0.18
X-3880,DAZ3,57054.0,Del0.8,0.16
X-3880,DAZ3,57054.0,Del0.8,0.1
X-3880,DAZ4,57135.0,Del0.8,0.19
X-3880,DAZ4,57135.0,Del0.8,0.14
X-3880,DBN1,1627.0,MutNovel,"N468S,0.604"
X-3880,DCTN1,1639.0,MutNovel,"K393R,0.541"
X-3880,DCUN1D3,123879.0,MutNovel,"G285R,0.417"
X-3880,DDX19A,55308.0,MutNovel,"D254G,0.389"
X-3880,DDX3Y,8653.0,Del0.8,0.31
X-3880,DENND4B,9909.0,MutNovel,"QQQ908-,1.000"
X-3880,DEPDC1B,55789.0,MutNovel,"S361F,0.412"
X-3880,DFNB59,494513.0,MutNovel,"P192L,0.632"
X-3880,DFNB59,494513.0,MutNovel,"P305S,0.438"
X-3880,DGCR2,9993.0,MutNovel,"A511V,0.440"
X-3880,DHRSX,207063.0,MutNovel,"S260L,0.619"
X-3880,DHX15,1665.0,MutNovel,"R33C,0.427"
X-3880,DOCK11,139818.0,MutNovel,"D1200N,1.000"
X-3880,DOCK7,85440.0,MutNovel,"V1053I,0.504"
X-3880,DPP7,29952.0,MutKnownFunctional,"-201,1.000"
X-3880,DPY19L2,283417.0,MutNovel,"M262V,0.750"
X-3880,DST,667.0,MutKnownFunctional,"W4301*,0.438"
X-3880,E2F1,1869.0,MutNovel,"P346L,0.665"
X-3880,EDEM1,9695.0,MutNovel,"P294S,0.720"
X-3880,EIF1AY,9086.0,Del0.8,0.27
X-3880,EIF2B4,8890.0,MutKnownFunctional,"Q337*,0.307"
X-3880,EIF2D,1939.0,MutNovel,"E466K,1.000"
X-3880,EP400,57634.0,MutNovel,"P2644L,0.652"
X-3880,EPAS1,2034.0,MutNovel,"T481M,0.472"
X-3880,EPB41,2035.0,MutNovel,"G22S,0.364"
X-3880,EPB41L1,2036.0,MutNovel,"S437F,0.800"
X-3880,EPC1,80314.0,MutNovel,"A329V,0.439"
X-3880,ERI2,112479.0,MutNovel,"P276S,0.379"
X-3880,ETFDH,2110.0,MutNovel,"R350PR,0.418"
X-3880,ETS2,2114.0,MutNovel,"S574L,0.769"
X-3880,ETV6,2120.0,MutNovel,"R433C,0.674"
X-3880,EXTL3,2137.0,MutNovel,"D826H,0.449"
X-3880,FAM120C,54954.0,MutNovel,"P110RRP,1.000"
X-3880,FAM131A,131408.0,MutNovel,"P268L,0.533"
X-3880,FAM133B,257415.0,MutNovel,"S146F,0.847"
X-3880,FAM13A,10144.0,MutNovel,"T473I,0.526"
X-3880,FAM169A,26049.0,MutNovel,"D434N,0.556"
X-3880,FAM18B2-CDRT4,100533496.0,MutNovel,"E55G,0.273"
X-3880,FAM18B2-CDRT4,100533496.0,MutNovel,"C51Y,0.234"
X-3880,FAM193B,54540.0,MutNovel,"F198I,0.458"
X-3880,FAM41AY1,340618.0,Del0.8,0.17
X-3880,FAM41AY1,340618.0,Del0.8,0.17
X-3880,FAM75A6,389730.0,Del0.8,0.5
X-3880,FAM86B2,653333.0,MutNovel,"G108D,0.615"
X-3880,FBF1,85302.0,MutNovel,"S297F,0.600"
X-3880,FBXO22,26263.0,MutNovel,"E115K,0.385"
X-3880,FBXW11,23291.0,MutNovel,"L284F,0.492"
X-3880,FBXW7,55294.0,MutNovel,"S37F,0.278"
X-3880,FFAR3,2865.0,Del0.8,0.29
X-3880,FIGN,55137.0,MutNovel,"T31S,0.500"
X-3880,FLNB,2317.0,MutNovel,"D1737N,0.302"
X-3880,FLYWCH1,84256.0,MutNovel,"A239T,0.452"
X-3880,FMN1,342184.0,MutNovel,"S933F,1.000"
X-3880,FNIP2,57600.0,MutNovel,"R706K,0.627"
X-3880,FOXD4L3,286380.0,MutNovel,"P235R,1.000"
X-3880,FRYL,285527.0,MutNovel,"R949K,0.600"
X-3880,FUS,2521.0,MutNovel,"P151L,0.456"
X-3880,GAK,2580.0,MutNovel,"P874L,0.488"
X-3880,GLYR1,84656.0,MutNovel,"A452V,0.886"
X-3880,GOLGA2P2Y,84559.0,Del0.8,0.21
X-3880,GOLGA2P2Y,84559.0,Del0.8,0.27
X-3880,GOLGA4,2803.0,MutNovel,"E789K,1.000"
X-3880,GOLGA8B,440270.0,MutNovel,"H473P,0.491"
X-3880,GOLGB1,2804.0,MutNovel,"L897F,0.446"
X-3880,GOSR2,9570.0,MutNovel,"P60L,0.474"
X-3880,GREB1,9687.0,MutNovel,"P1522L,0.523"
X-3880,GSTM1,2944.0,MutNovel,"V160A,1.000"
X-3880,GSTT1,2952.0,Amp8,8.34
X-3880,GTF2F1,2962.0,MutNovel,"K367R,0.450"
X-3880,GYG2P1,352887.0,Del0.8,0.31
X-3880,HACE1,57531.0,MutNovel,"T29I,1.000"
X-3880,HCFC1,3054.0,MutNovel,"T861I,1.000"
X-3880,HDAC8,55869.0,MutNovel,"P281S,1.000"
X-3880,HEATR5B,54497.0,MutNovel,"S955F,0.619"
X-3880,HEATR6,63897.0,MutNovel,"R1152T,0.462"
X-3880,HERC1,8925.0,MutNovel,"M694I,0.444"
X-3880,HIPK2,28996.0,MutNovel,"P395L,0.727"
X-3880,HIPK3,10114.0,MutNovel,"E978D,0.450"
X-3880,HIST2H2AA3,,MutNovel,"A127V,0.909"
X-3880,HLA-G,3135.0,MutNovel,"M49V,1.000"
X-3880,HLA-H,3136.0,Del0.8,0.67
X-3880,HNRNPA1,3178.0,MutNovel,"G308V,0.496"
X-3880,HNRNPCL1,343069.0,MutNovel,"P253L,1.000"
X-3880,HNRNPM,4670.0,MutNovel,"P598S,0.292"
X-3880,HOXB5,3215.0,MutNovel,"S96L,0.250"
X-3880,HR,55806.0,MutNovel,"P426S,0.333"
X-3880,HRNR,388697.0,MutNovel,"R2174Q,1.000"
X-3880,HSCB,150274.0,MutNovel,"P234S,0.578"
X-3880,HSFY2,159119.0,Del0.8,0.17
X-3880,HSFY2,159119.0,Del0.8,0.17
X-3880,HSPA12A,259217.0,MutNovel,"P507L,0.593"
X-3880,ICAM3,3385.0,MutNovel,"T531K,0.451"
X-3880,IDH1,3417.0,MutNovel,"T327I,0.502"
X-3880,IDH2,3418.0,MutNovel,"I369T,0.435"
X-3880,INPP5B,3633.0,MutNovel,"D720N,0.554"
X-3880,INTS12,57117.0,MutNovel,"P365F,0.530"
X-3880,IRGQ,126298.0,MutNovel,"S408L,0.556"
X-3880,ITFG2,55846.0,MutNovel,"P446S,0.772"
X-3880,ITGB3,3690.0,MutNovel,"T441I,0.550"
X-3880,KALRN,8997.0,MutNovel,"D408N,0.500"
X-3880,KATNB1,10300.0,MutNovel,"S209F,0.545"
X-3880,KCNH3,23416.0,MutNovel,"G289S,0.838"
X-3880,KCTD12,115207.0,MutNovel,"S296F,0.520"
X-3880,KDM3B,51780.0,MutNovel,"L168F,0.340"
X-3880,KDM5D,8284.0,Del0.8,0.27
X-3880,KDM6B,23135.0,MutNovel,"S869F,1.000"
X-3880,KIAA0317,9870.0,MutNovel,"S758F,0.465"
X-3880,KIAA1009,22832.0,MutNovel,"S245L,1.000"
X-3880,KIAA1024,23251.0,MutNovel,"T852M,0.250"
X-3880,KIAA1967,57805.0,MutKnownFunctional,"GR193G*,0.230"
X-3880,KIF13B,23303.0,MutNovel,"E929K,0.706"
X-3880,KIF22,3835.0,MutNovel,"G26D,0.566"
X-3880,KIRREL,55243.0,MutNovel,"G35R,1.000"
X-3880,KLF16,83855.0,MutNovel,"A38T,0.700"
X-3880,KRIT1,889.0,MutNovel,"P4L,0.762"
X-3880,KRT7,3855.0,MutNovel,"S401I,1.000"
X-3880,LARP4,113251.0,MutNovel,"S632L,0.435"
X-3880,LGALS9C,654346.0,Del0.8,0.62
X-3880,LHX4,89884.0,MutNovel,"G309E,1.000"
X-3880,LIG1,3978.0,MutNovel,"V824L,0.486"
X-3880,LINGO2,158038.0,Del0.8,0.43
X-3880,LOC100132247,100132247.0,MutNovel,"L339F,0.684"
X-3880,LOC391322,391322.0,Amp8,8.34
X-3880,LOC643699,,MutNovel,"R457W,0.333"
X-3880,LOC728047,,MutNovel,"E553V,1.000"
X-3880,LOC728377,728377.0,Del0.8,0.46
X-3880,LOC728888,,MutNovel,"A1077V,0.600"
X-3880,LOC728888,,MutNovel,"VG1063AA,0.667"
X-3880,LONRF2,164832.0,MutKnownFunctional,"W701*,0.444"
X-3880,LOXL4,84171.0,MutNovel,"G399D,1.000"
X-3880,LRP12,29967.0,MutNovel,"P594S,0.519"
X-3880,LRP12,29967.0,MutNovel,"D253H,0.421"
X-3880,LRRC24,441381.0,MutNovel,"E510K,0.590"
X-3880,LRRC41,10489.0,MutNovel,"P289L,0.484"
X-3880,LRRC8D,55144.0,MutKnownFunctional,"R18*,0.485"
X-3880,LSR,51599.0,MutNovel,"G518GR,0.585"
X-3880,MACF1,23499.0,MutNovel,"E985K,0.833"
X-3880,MACF1,23499.0,MutNovel,"D4152G,0.419"
X-3880,MAN2C1,4123.0,MutNovel,"P675S,0.446"
X-3880,MAP2K7,5609.0,MutNovel,"P286L,0.577"
X-3880,MAP3K1,4214.0,MutNovel,"P938F,0.442"
X-3880,MAP3K3,4215.0,MutKnownFunctional,"-35,0.500"
X-3880,MAPK8IP3,23162.0,MutNovel,"L437S,0.577"
X-3880,MCCC2,64087.0,MutNovel,"G214A,0.284"
X-3880,MED1,5469.0,MutNovel,"P625L,0.636"
X-3880,MED15,51586.0,MutNovel,"-251QQ,0.985"
X-3880,MED9,55090.0,MutNovel,"G106D,1.000"
X-3880,MEF2A,4205.0,MutNovel,"Q412-,0.490"
X-3880,MGAM,8972.0,Del0.8,0.48
X-3880,MGEA5,10724.0,MutKnownFunctional,"-81,0.500"
X-3880,MICALL2,79778.0,MutNovel,"A308V,0.470"
X-3880,MLL4,9757.0,MutNovel,"V2666G,0.440"
X-3880,MMP16,4325.0,MutNovel,"P313S,0.500"
X-3880,MOCOS,55034.0,MutNovel,"S405F,0.580"
X-3880,MORC4,79710.0,MutNovel,"K213I,1.000"
X-3880,MPRIP,23164.0,MutNovel,"PP164AL,0.985"
X-3880,MPRIP,23164.0,MutNovel,"TS178T,1.000"
X-3880,MRPL3,11222.0,MutNovel,"S146F,0.473"
X-3880,MRPL33,9553.0,MutNovel,"R21C,0.447"
X-3880,MRPS30,10884.0,MutKnownFunctional,"Q319*,0.289"
X-3880,MSH5,4439.0,MutNovel,"R546K,0.517"
X-3880,MTMR9,66036.0,MutNovel,"S414F,0.383"
X-3880,MUTYH,4595.0,MutNovel,"R437Q,0.313"
X-3880,MX2,4600.0,MutNovel,"P46S,0.286"
X-3880,MYEF2,50804.0,MutNovel,"P210S,1.000"
X-3880,MYO16,23026.0,MutNovel,"P403L,0.667"
X-3880,MYO5B,4645.0,MutNovel,"P600S,1.000"
X-3880,MYOF,26509.0,MutNovel,"E1975K,0.963"
X-3880,N4BP2,55728.0,MutNovel,"K551Q,0.385"
X-3880,NBAS,51594.0,MutNovel,"H2002Y,0.518"
X-3880,NBAS,51594.0,MutNovel,"L864M,0.492"
X-3880,NBN,4683.0,MutNovel,"G697E,0.476"
X-3880,NBPF9,400818.0,MutNovel,"Q184R,1.000"
X-3880,NCKAP5L,57701.0,MutNovel,"P1165S,0.493"
X-3880,NCOA6,23054.0,MutNovel,"P1962L,0.218"
X-3880,NCOR2,9612.0,MutNovel,"D2017N,0.466"
X-3880,NCOR2,9612.0,MutNovel,"G1839GAAA,0.889"
X-3880,NCRNA00185,55410.0,Del0.8,0.27
X-3880,NFATC3,4775.0,MutNovel,"S416L,0.344"
X-3880,NID1,4811.0,MutNovel,"T479I,1.000"
X-3880,NLGN2,57555.0,MutNovel,"P562R,1.000"
X-3880,NLGN4Y,22829.0,Del0.8,0.31
X-3880,NOL9,79707.0,MutKnownFunctional,"R467*,0.418"
X-3880,NOLC1,9221.0,MutNovel,"S504F,0.630"
X-3880,NOTCH1,4851.0,MutNovel,"T1046I,1.000"
X-3880,NPIP,9284.0,MutNovel,"S267P,0.667"
X-3880,NT5DC1,221294.0,MutNovel,"F158C,1.000"
X-3880,NTMT1,,MutNovel,"L199F,1.000"
X-3880,NUDCD1,84955.0,MutNovel,"D317E,0.461"
X-3880,OAS2,4939.0,MutNovel,"N714K,0.556"
X-3880,OGDHL,55753.0,MutNovel,"G769C,0.400"
X-3880,OR2A42,402317.0,Del0.8,0.22
X-3880,OR2A42,402317.0,Del0.8,0.46
X-3880,OR2A7,401427.0,Del0.8,0.46
X-3880,OR2A9P,441295.0,Del0.8,0.46
X-3880,OR4F5,79501.0,Del0.8,0.7
X-3880,OR8D1,283159.0,MutNovel,"S230F,1.000"
X-3880,ORAI1,84876.0,MutNovel,"PP43-,1.000"
X-3880,ORAI1,84876.0,MutNovel,"E70K,0.442"
X-3880,ORAI2,80228.0,MutNovel,"A47V,0.833"
X-3880,OSTC,58505.0,MutNovel,"N16S,0.468"
X-3880,OTUD5,55593.0,MutNovel,"K216E,0.824"
X-3880,P4HB,5034.0,MutNovel,"L140M,0.508"
X-3880,PA2G4,5036.0,MutNovel,"K369N,0.585"
X-3880,PADI1,29943.0,MutNovel,"G641E,0.750"
X-3880,PAN3,255967.0,MutNovel,"F318S,0.411"
X-3880,PARD3,56288.0,MutNovel,"E548K,0.311"
X-3880,PATZ1,23598.0,MutNovel,"G266S,0.489"
X-3880,PC,5091.0,MutNovel,"R17C,0.250"
X-3880,PCLO,27445.0,MutNovel,"G4268E,0.500"
X-3880,PCLO,27445.0,MutNovel,"S429C,1.000"
X-3880,PCLO,27445.0,MutNovel,"P220S,1.000"
X-3880,PCNXL2,80003.0,MutNovel,"E1716K,1.000"
X-3880,PCYT2,5833.0,MutNovel,"H35P,0.426"
X-3880,PDPK1,5170.0,MutNovel,"P363L,0.542"
X-3880,PDXDC1,23042.0,MutNovel,"P653L,0.528"
X-3880,PDXDC1,23042.0,MutNovel,"T687M,0.520"
X-3880,PEG10,23089.0,MutNovel,"T781I,1.000"
X-3880,PER1,5187.0,MutNovel,"P30F,1.000"
X-3880,PGBD1,84547.0,MutNovel,"H56Y,0.429"
X-3880,PHLDA1,22822.0,MutNovel,"QQ194Q,1.000"
X-3880,PHLPP2,23035.0,MutNovel,"N366T,0.667"
X-3880,PIBF1,10464.0,MutNovel,"E39K,0.586"
X-3880,PIK3R1,5295.0,MutNovel,"N564D,0.532"
X-3880,PIK3R2,5296.0,MutNovel,"I135T,0.537"
X-3880,PIN1,5300.0,MutNovel,"H157Y,0.498"
X-3880,PKNOX2,63876.0,MutNovel,"E442-,0.353"
X-3880,PLAGL2,5326.0,MutNovel,"S474F,0.390"
X-3880,PLB1,151056.0,MutNovel,"E1368K,0.511"
X-3880,PLCB3,5331.0,MutNovel,"P714L,0.531"
X-3880,PLEC,5339.0,MutNovel,"C3017R,0.227"
X-3880,PLEKHH2,130271.0,MutNovel,"D678N,0.444"
X-3880,PLEKHM3,389072.0,MutNovel,"P430F,0.714"
X-3880,PLSCR2,57047.0,MutNovel,"Q210E,1.000"
X-3880,PLSCR2,57047.0,MutNovel,"K208Q,1.000"
X-3880,PLSCR2,57047.0,MutNovel,"T203P,1.000"
X-3880,PLXND1,23129.0,MutNovel,"S985F,0.600"
X-3880,PMS2,5395.0,MutNovel,"P440S,0.426"
X-3880,PNISR,25957.0,MutNovel,"F149C,1.000"
X-3880,PODXL2,50512.0,MutNovel,"L586R,0.800"
X-3880,POLG,5428.0,MutNovel,"H734Y,0.509"
X-3880,POLQ,10721.0,MutNovel,"KK1024K,0.500"
X-3880,POLR1B,84172.0,MutNovel,"T502I,0.487"
X-3880,POLR3A,11128.0,MutNovel,"G347E,0.444"
X-3880,POLR3E,55718.0,MutNovel,"E517K,0.485"
X-3880,POM121,9883.0,MutNovel,"A593T,0.400"
X-3880,POMT1,10585.0,MutNovel,"G355Y,1.000"
X-3880,PPAN,56342.0,MutNovel,"L108W,0.474"
X-3880,PPIAL4A,,MutNovel,"D75G,1.000"
X-3880,PPM1J,333926.0,MutNovel,"G164E,0.500"
X-3880,PPP2R3B,28227.0,MutNovel,"LA853PA,1.000"
X-3880,PPP2R3C,55012.0,MutKnownFunctional,"-23?,0.833"
X-3880,PPP4R4,57718.0,MutKnownFunctional,"R229*,0.600"
X-3880,PPP4R4,57718.0,MutNovel,"M384I,0.800"
X-3880,PPP6R3,55291.0,MutNovel,"V875L,0.577"
X-3880,PRDM4,11108.0,MutNovel,"S223P,0.400"
X-3880,PRKCSH,5589.0,MutNovel,"EE322-,0.289"
X-3880,PRKD1,5587.0,MutNovel,"E898K,0.481"
X-3880,PRR14L,253143.0,MutNovel,"A1386V,0.735"
X-3880,PRSS23,11098.0,MutNovel,"S341L,0.465"
X-3880,PRY,9081.0,Del0.8,0.27
X-3880,PRY,9081.0,Del0.8,0.27
X-3880,PRY2,442862.0,Del0.8,0.27
X-3880,PRY2,442862.0,Del0.8,0.27
X-3880,PSEN1,5663.0,MutNovel,"P47L,0.435"
X-3880,PSMA4,5685.0,MutNovel,"L228F,0.329"
X-3880,PTPN18,26469.0,MutNovel,"V357L,0.511"
X-3880,PTPRH,5794.0,MutNovel,"P145T,0.423"
X-3880,PUM1,9698.0,MutKnownFunctional,"R580*,0.431"
X-3880,PZP,5858.0,MutNovel,"G1090R,1.000"
X-3880,QSER1,79832.0,MutNovel,"P303F,0.429"
X-3880,R3HDM1,23518.0,MutNovel,"G768E,0.578"
X-3880,RAB11B,9230.0,MutNovel,"T3I,0.456"
X-3880,RAB11FIP3,9727.0,MutNovel,"H655R,0.458"
X-3880,RAB3D,9545.0,MutNovel,"S109F,0.556"
X-3880,RAB43,339122.0,MutNovel,"T178M,0.429"
X-3880,RAC3,5881.0,MutNovel,"P179S,0.427"
X-3880,RALY,22913.0,MutNovel,"R207H,0.293"
X-3880,RANGAP1,5905.0,MutNovel,"A53G,0.495"
X-3880,RAPGEF2,9693.0,MutNovel,"S712F,0.238"
X-3880,RAPGEF6,51735.0,MutNovel,"R1510K,0.638"
X-3880,RBM12B,389677.0,MutNovel,"G195S,0.507"
X-3880,RBM45,129831.0,MutNovel,"G306K,0.427"
X-3880,RBMS2,5939.0,MutNovel,"P281S,0.633"
X-3880,RBMY1B,378948.0,Del0.8,0.27
X-3880,RBMY1B,378948.0,Del0.8,0.27
X-3880,RBMY1E,378950.0,Del0.8,0.27
X-3880,RBMY1E,378950.0,Del0.8,0.27
X-3880,RBMY1F,159163.0,Del0.8,0.27
X-3880,RBMY1F,159163.0,Del0.8,0.27
X-3880,RBMY1J,378951.0,Del0.8,0.27
X-3880,RBMY1J,378951.0,Del0.8,0.27
X-3880,RBMY2EP,159125.0,Del0.8,0.27
X-3880,RBMY2FP,159162.0,Del0.8,0.27
X-3880,RECQL5,9400.0,MutNovel,"P710F,0.520"
X-3880,RFPL1,5988.0,MutNovel,"S224G,1.000"
X-3880,RFPL3,10738.0,MutNovel,"S224G,0.750"
X-3880,RFPL3,10738.0,MutNovel,"L237F,0.500"
X-3880,RFTN1,23180.0,MutNovel,"E29K,0.800"
X-3880,RGL2,5863.0,MutNovel,"R212W,0.414"
X-3880,RGPD8,727851.0,MutNovel,"E928K,0.667"
X-3880,RIN3,79890.0,MutNovel,"G967-,1.000"
X-3880,RIOK1,83732.0,MutNovel,"F40Y,0.556"
X-3880,RNF169,254225.0,MutNovel,"P75S,0.857"
X-3880,RNF26,79102.0,MutNovel,"A189V,0.439"
X-3880,RNF26,79102.0,MutNovel,"G305E,0.648"
X-3880,ROPN1L,83853.0,MutNovel,"P119S,0.403"
X-3880,RPS4Y2,140032.0,Del0.8,0.27
X-3880,RUNX1,861.0,MutNovel,"S290F,0.864"
X-3880,SACS,26278.0,MutNovel,"P3411L,0.700"
X-3880,SEC24B,10427.0,MutNovel,"P151S,0.381"
X-3880,SEMA3B,7869.0,MutNovel,"P414L,0.778"
X-3880,SERBP1,26135.0,MutNovel,"R345W,0.466"
X-3880,SETX,23064.0,MutNovel,"P601L,1.000"
X-3880,SETX,23064.0,MutKnownFunctional,"Q446*,1.000"
X-3880,SF3B2,10992.0,MutNovel,"Y24C,0.492"
X-3880,SFPQ,6421.0,MutNovel,"G302E,0.492"
X-3880,SFXN4,119559.0,MutKnownFunctional,"R109*,0.238"
X-3880,SH2B1,25970.0,MutNovel,"P669S,0.490"
X-3880,SH3BGR,6450.0,MutNovel,"P127S,0.596"
X-3880,SH3PXD2B,285590.0,MutNovel,"P60L,0.531"
X-3880,SH3TC2,79628.0,MutNovel,"L688F,0.455"
X-3880,SHANK3,85358.0,MutNovel,"G1152E,1.000"
X-3880,SHBG,6462.0,MutNovel,"N49S,1.000"
X-3880,SIRT1,23411.0,MutNovel,"K35R,0.500"
X-3880,SKIL,6498.0,MutNovel,"I204V,0.273"
X-3880,SKIV2L,6499.0,MutNovel,"S100F,0.485"
X-3880,SLC13A3,64849.0,MutNovel,"R600W,0.295"
X-3880,SLC22A18AS,5003.0,MutNovel,"G240E,0.560"
X-3880,SLC22A4,6583.0,MutNovel,"F333V,0.667"
X-3880,SLC25A22,79751.0,MutNovel,"R67W,0.553"
X-3880,SLC35D2,11046.0,MutNovel,"L250F,1.000"
X-3880,SLC6A17,388662.0,MutNovel,"T488I,0.517"
X-3880,SMC2,10592.0,MutNovel,"T356R,1.000"
X-3880,SMG1,23049.0,MutNovel,"G2946D,0.469"
X-3880,SMG5,23381.0,MutNovel,"P855S,1.000"
X-3880,SMN2,6607.0,MutNovel,"N294H,0.760"
X-3880,SNRNP40,9410.0,MutNovel,"F74L,0.484"
X-3880,SOS1,6654.0,MutNovel,"E39A,0.323"
X-3880,SOS2,6655.0,MutNovel,"E196D,0.588"
X-3880,SPCS3,60559.0,MutNovel,"F130L,0.488"
X-3880,SPICE1,152185.0,MutNovel,"R420C,0.638"
X-3880,SPRY4,81848.0,MutNovel,"A170V,0.494"
X-3880,SRA1,10011.0,MutNovel,"V110L,0.971"
X-3880,SRCAP,10847.0,MutKnownFunctional,"HR2060H*,0.453"
X-3880,SRCIN1,80725.0,MutNovel,"R900K,0.500"
X-3880,SRPRB,58477.0,MutNovel,"SA189S,0.489"
X-3880,STAT5A,6776.0,MutNovel,"L204R,1.000"
X-3880,STT3A,3703.0,MutNovel,"G85E,0.349"
X-3880,SUGP1,57794.0,MutNovel,"M518I,0.486"
X-3880,SUOX,6821.0,MutNovel,"P405S,0.478"
X-3880,SUPT5H,6829.0,MutNovel,"P857L,0.498"
X-3880,SVIL,6840.0,MutNovel,"E1952K,0.525"
X-3880,SWSAP1,126074.0,MutNovel,"G33D,0.595"
X-3880,SYNE2,23224.0,MutNovel,"S500L,0.400"
X-3880,SYNE2,23224.0,MutNovel,"P2755S,0.447"
X-3880,SZT2,23334.0,MutNovel,"R1653Q,0.400"
X-3880,TAGAP,117289.0,MutNovel,"D373N,0.429"
X-3880,TAP2,6891.0,MutNovel,"R273G,0.461"
X-3880,TARSL2,123283.0,MutKnownFunctional,"E759*,0.446"
X-3880,TBC1D3C,414060.0,MutNovel,"P518L,1.000"
X-3880,TBP,6908.0,MutNovel,"-64Q,0.500"
X-3880,TCEAL3,85012.0,MutNovel,"S121F,1.000"
X-3880,TCEB1,6921.0,MutNovel,"G9S,0.506"
X-3880,TCF7L2,6934.0,MutNovel,"R465K,0.582"
X-3880,TCN2,6948.0,MutNovel,"S256F,0.351"
X-3880,TMBIM4,51643.0,MutKnownFunctional,"-174?,0.774"
X-3880,TMEM135,65084.0,MutNovel,"L424F,0.606"
X-3880,TMEM150A,129303.0,MutNovel,"P169S,0.387"
X-3880,TMEM2,23670.0,MutKnownFunctional,"W688*,0.833"
X-3880,TMSB4Y,9087.0,Del0.8,0.31
X-3880,TNFRSF6B,8771.0,MutNovel,"P298S,0.781"
X-3880,TNRC18,84629.0,MutNovel,"P1284S,0.759"
X-3880,TNRC18,84629.0,MutNovel,"P328L,0.889"
X-3880,TNRC6B,23112.0,MutNovel,"P124L,0.600"
X-3880,TNRC6B,23112.0,MutKnownFunctional,"S171*,0.714"
X-3880,TNRC6B,23112.0,MutKnownFunctional,"R1315*,0.231"
X-3880,TRAF3,7187.0,MutNovel,"R118W,0.448"
X-3880,TRAF7,84231.0,MutNovel,"P110L,0.431"
X-3880,TRAK1,22906.0,MutNovel,"P878L,0.624"
X-3880,TRAPPC8,22878.0,MutNovel,"P399S,0.478"
X-3880,TRIM27,5987.0,MutNovel,"V18M,0.545"
X-3880,TRIM3,10612.0,MutNovel,"L300F,0.608"
X-3880,TRIM47,91107.0,MutNovel,"S530F,0.550"
X-3880,TRIM59,286827.0,MutNovel,"V382I,1.000"
X-3880,TRIM68,55128.0,MutNovel,"P453S,0.368"
X-3880,TRMT44,,MutNovel,"P429S,0.396"
X-3880,TSC2,7249.0,MutNovel,"T382I,0.487"
X-3880,TSFM,10102.0,MutNovel,"E299D,0.512"
X-3880,TSPYL1,7259.0,MutNovel,"V176VW,1.000"
X-3880,TTC27,55622.0,MutNovel,"M825V,0.505"
X-3880,TTC37,9652.0,MutNovel,"S269L,0.440"
X-3880,TTTY10,246119.0,Del0.8,0.27
X-3880,TTTY13,83868.0,Del0.8,0.27
X-3880,TTTY14,83869.0,Del0.8,0.27
X-3880,TTTY15,64595.0,Del0.8,0.31
X-3880,TTTY17A,252949.0,Del0.8,0.16
X-3880,TTTY17A,252949.0,Del0.8,0.21
X-3880,TTTY3,114760.0,Del0.8,0.21
X-3880,TTTY3,114760.0,Del0.8,0.27
X-3880,TTTY4,114761.0,Del0.8,0.1
X-3880,TTTY4,114761.0,Del0.8,0.16
X-3880,TTTY5,83863.0,Del0.8,0.27
X-3880,TTTY6,84672.0,Del0.8,0.27
X-3880,TTTY6,84672.0,Del0.8,0.27
X-3880,TTTY9A,83864.0,Del0.8,0.17
X-3880,TTTY9A,83864.0,Del0.8,0.17
X-3880,TXLNG2P,246126.0,Del0.8,0.27
X-3880,TXNDC15,79770.0,MutNovel,"M200I,0.395"
X-3880,TXNRD2,10587.0,MutNovel,"V170I,0.466"
X-3880,TYW1,55253.0,MutNovel,"P291S,0.411"
X-3880,TYW1,55253.0,MutNovel,"Q567P,0.476"
X-3880,UBFD1,56061.0,MutKnownFunctional,"-278,0.429"
X-3880,UBFD1,56061.0,MutNovel,"T280M,0.400"
X-3880,UBR1,197131.0,MutNovel,"S1117L,1.000"
X-3880,UBR4,23352.0,MutNovel,"P2437S,0.558"
X-3880,UBR4,23352.0,MutNovel,"R1349C,0.514"
X-3880,UHRF1BP1,54887.0,MutNovel,"S463F,0.571"
X-3880,UQCRHL,440567.0,MutKnownFunctional,"-21?,0.357"
X-3880,USP24,23358.0,MutNovel,"F2517L,0.290"
X-3880,USP36,57602.0,MutNovel,"KKK958K,0.505"
X-3880,USP9Y,8287.0,Del0.8,0.31
X-3880,UTY,7404.0,Del0.8,0.31
X-3880,VARS,7407.0,MutNovel,"R962C,0.504"
X-3880,VCY,9084.0,Del0.8,0.31
X-3880,VCY,9084.0,Del0.8,0.31
X-3880,VPS13D,55187.0,MutNovel,"S1104F,0.467"
X-3880,WBP2,23558.0,MutNovel,"P217F,0.459"
X-3880,WDR25,79446.0,MutNovel,"P45S,0.390"
X-3880,WDR33,55339.0,MutNovel,"D1001Y,0.482"
X-3880,WNK2,65268.0,MutNovel,"S1337F,1.000"
X-3880,XKRY2,353515.0,Del0.8,0.17
X-3880,XKRY2,353515.0,Del0.8,0.17
X-3880,YIF1A,10897.0,MutNovel,"A65G,0.471"
X-3880,ZBTB7A,51341.0,MutNovel,"A280V,0.463"
X-3880,ZC3H10,84872.0,MutNovel,"R150K,0.372"
X-3880,ZMAT2,153527.0,MutNovel,"R116H,0.472"
X-3880,ZMIZ1,57178.0,MutNovel,"R711Q,0.551"
X-3880,ZMYND10,51364.0,MutNovel,"V330M,0.500"
X-3880,ZMYND11,10771.0,MutNovel,"R36C,0.486"
X-3880,ZNF107,51427.0,MutNovel,"H11Y,0.378"
X-3880,ZNF14,7561.0,MutKnownFunctional,"R63*,0.837"
X-3880,ZNF197,10168.0,MutNovel,"P789L,0.306"
X-3880,ZNF208,7757.0,MutKnownFunctional,"Q146*,0.500"
X-3880,ZNF226,7769.0,MutNovel,"P205S,0.857"
X-3880,ZNF250,58500.0,MutNovel,"E371K,0.474"
X-3880,ZNF251,90987.0,MutNovel,"R657I,0.435"
X-3880,ZNF259,8882.0,MutNovel,"P276S,0.387"
X-3880,ZNF350,59348.0,MutKnownFunctional,"W19*,0.571"
X-3880,ZNF384,171017.0,MutNovel,"QQ514Q,0.205"
X-3880,ZNF408,79797.0,MutNovel,"P266S,0.573"
X-3880,ZNF414,84330.0,MutNovel,"P218L,0.564"
X-3880,ZNF417,147687.0,MutNovel,"S561F,0.463"
X-3880,ZNF433,163059.0,MutNovel,"K313T,0.618"
X-3880,ZNF451,26036.0,MutNovel,"R158K,0.527"
X-3880,ZNF473,25888.0,MutNovel,"S163F,0.590"
X-3880,ZNF498,221785.0,MutNovel,"M8K,0.826"
X-3880,ZNF565,147929.0,MutNovel,"E420K,0.475"
X-3880,ZNF606,80095.0,MutNovel,"S206F,0.429"
X-3880,ZNF616,90317.0,MutNovel,"E630K,0.375"
X-3880,ZNF680,340252.0,MutNovel,"K158N,0.449"
X-3880,ZNF704,619279.0,MutNovel,"T237I,0.510"
X-3880,ZNF749,388567.0,MutNovel,"R777S,0.514"
X-3880,ZNF761,388561.0,MutNovel,"P649L,0.578"
X-3880,ZNF791,163049.0,MutNovel,"K359R,0.400"
X-3880,ZSWIM5,57643.0,MutNovel,"Q402R,0.333"
X-4157,ABCA9,10350.0,MutNovel,"A1416S,0.319"
X-4157,ABCB8,11194.0,MutNovel,"E337K,0.275"
X-4157,ACOT1,641371.0,Del0.8,0.73
X-4157,ADAM9,8754.0,MutNovel,"G529S,0.340"
X-4157,ADAMTS7,11173.0,MutNovel,"R216P,0.429"
X-4157,AGFG2,3268.0,MutNovel,"V106I,0.245"
X-4157,ALB,213.0,MutNovel,"P471L,0.444"
X-4157,ALS2,57679.0,MutNovel,"A1047T,0.482"
X-4157,AMELY,266.0,Del0.8,0.23
X-4157,AMY1A,276.0,Del0.8,0.69
X-4157,AMY1A,276.0,Del0.8,0.69
X-4157,ANKRD36,375248.0,MutNovel,"T998S,0.333"
X-4157,AP2A2,161.0,MutKnownFunctional,"Q522*,0.315"
X-4157,ARFGEF1,10565.0,MutKnownFunctional,"R1253*,0.266"
X-4157,ARHGEF5,7984.0,Amp5,5.74
X-4157,ARID1A,8289.0,MutKnownFunctional,"-656,0.909"
X-4157,ATG14,22863.0,MutNovel,"N298D,0.396"
X-4157,ATMIN,23300.0,MutNovel,"T674M,0.502"
X-4157,B3GALT2,8707.0,MutNovel,"G66E,0.600"
X-4157,B4GALT5,9334.0,MutNovel,"P380L,0.362"
X-4157,BAZ2A,11176.0,MutNovel,"D52N,0.529"
X-4157,BCL2L12,83596.0,MutNovel,"P272S,0.331"
X-4157,BCORP1,286554.0,Del0.8,0.23
X-4157,BIRC6,57448.0,MutNovel,"S756F,0.474"
X-4157,BPY2B,442867.0,Del0.8,0.23
X-4157,BPY2B,442867.0,Del0.8,0.23
X-4157,BRD8,10902.0,MutNovel,"L485P,1.000"
X-4157,C16orf62,57020.0,MutNovel,"R276C,0.443"
X-4157,C17orf97,400566.0,MutNovel,"D220N,0.533"
X-4157,C17orf97,400566.0,MutNovel,"E240K,0.429"
X-4157,C1QTNF9B,387911.0,MutNovel,"D67N,0.750"
X-4157,C1orf35,79169.0,MutNovel,"A165V,1.000"
X-4157,C21orf58,54058.0,MutNovel,"H299PN,0.448"
X-4157,C3orf14,57415.0,MutNovel,"P96S,0.463"
X-4157,CAND1,55832.0,MutKnownFunctional,"G649*,0.294"
X-4157,CASC1,55259.0,MutNovel,"R717K,1.000"
X-4157,CCDC109B,55013.0,MutNovel,"G106A,0.370"
X-4157,CCDC40,55036.0,MutNovel,"Q976R,0.333"
X-4157,CDCP1,64866.0,MutNovel,"P203L,0.360"
X-4157,CDH6,1004.0,MutNovel,"E119K,0.455"
X-4157,CDH6,1004.0,MutNovel,"S524L,0.474"
X-4157,CDKN1C,1028.0,MutNovel,"APVAV171V,0.467"
X-4157,CDR2,1039.0,MutNovel,"E370Q,0.500"
X-4157,CDY1B,253175.0,Del0.8,0.23
X-4157,CDY1B,253175.0,Del0.8,0.23
X-4157,CDY2A,9426.0,Del0.8,0.23
X-4157,CDY2A,9426.0,Del0.8,0.23
X-4157,CDY2B,203611.0,Del0.8,0.23
X-4157,CDY2B,203611.0,Del0.8,0.23
X-4157,CEACAM5,1048.0,MutNovel,"A174T,1.000"
X-4157,CEACAM5,1048.0,MutNovel,"V180I,1.000"
X-4157,CEACAM7,1087.0,MutNovel,"V181I,1.000"
X-4157,CENPM,79019.0,MutKnownFunctional,"Q144*,0.657"
X-4157,CFHR1,3078.0,Amp5,7.26
X-4157,CFHR3,10878.0,Amp5,7.26
X-4157,CLGN,1047.0,MutNovel,"D108N,0.875"
X-4157,CLIP2,7461.0,MutNovel,"D976H,0.372"
X-4157,CNTNAP3,79937.0,MutNovel,"R771Q,0.667"
X-4157,CNTNAP3,79937.0,MutNovel,"A38V,0.500"
X-4157,CNTNAP3B,728577.0,MutNovel,"G1206W,1.000"
X-4157,CNTNAP4,85445.0,MutKnownFunctional,"-15?,0.979"
X-4157,CNTNAP4,85445.0,MutNovel,"E1045K,0.521"
X-4157,CNTROB,116840.0,MutNovel,"L318V,0.491"
X-4157,COL11A2,1302.0,MutNovel,"G1108R,0.639"
X-4157,COL14A1,7373.0,MutNovel,"E340K,0.686"
X-4157,COL19A1,1310.0,MutNovel,"G711R,1.000"
X-4157,COL5A2,1290.0,MutNovel,"G783R,0.498"
X-4157,CPS1,1373.0,MutNovel,"M656I,0.550"
X-4157,CRIPAK,285464.0,MutNovel,"V164A,0.500"
X-4157,CSPG4P1Y,114758.0,Del0.8,0.23
X-4157,CSPG4P1Y,114758.0,Del0.8,0.23
X-4157,CTAGE4,100128553.0,Amp5,7.57
X-4157,CTSA,5476.0,MutNovel,"L29-,0.233"
X-4157,CXADR,1525.0,MutNovel,"R265K,1.000"
X-4157,CYP27A1,1593.0,MutNovel,"P112S,0.537"
X-4157,D21S2088E,266917.0,Del0.8,0.62
X-4157,DAZ1,1617.0,Del0.8,0.23
X-4157,DAZ2,57055.0,Del0.8,0.23
X-4157,DAZ3,57054.0,Del0.8,0.23
X-4157,DAZ3,57054.0,Del0.8,0.23
X-4157,DAZ4,57135.0,Del0.8,0.23
X-4157,DAZ4,57135.0,Del0.8,0.23
X-4157,DCLRE1A,9937.0,MutNovel,"K904Q,0.405"
X-4157,DDX3Y,8653.0,Del0.8,0.23
X-4157,DEFB103A,414325.0,Del0.8,0.59
X-4157,DEFB109P1,245912.0,Del0.8,0.78
X-4157,DEFB4A,1673.0,Del0.8,0.48
X-4157,DHCR7,1717.0,MutNovel,"E288K,0.538"
X-4157,DHRSX,207063.0,MutNovel,"G503S,1.000"
X-4157,DHX40,79665.0,MutNovel,"Y532C,0.351"
X-4157,DIS3L2,129563.0,MutNovel,"R540C,0.583"
X-4157,DNAH17,8632.0,MutNovel,"P478S,0.833"
X-4157,DNAH2,146754.0,MutNovel,"D2708N,0.549"
X-4157,DNAJC1,64215.0,MutNovel,"P281T,0.523"
X-4157,DOCK9,23348.0,MutNovel,"L879F,0.526"
X-4157,DOPEY1,23033.0,MutNovel,"D2041E,1.000"
X-4157,DSG2,1829.0,MutNovel,"L486F,0.681"
X-4157,ECM1,1893.0,MutKnownFunctional,"W386*,1.000"
X-4157,EEF1D,1936.0,MutNovel,"E533D,0.313"
X-4157,EGLN1,54583.0,MutNovel,"R87S,1.000"
X-4157,EIF1AY,9086.0,Del0.8,0.23
X-4157,EIF2B2,8892.0,MutNovel,"S115F,0.462"
X-4157,EMID1,129080.0,MutNovel,"P277S,0.344"
X-4157,ERF,2077.0,MutNovel,"R92C,0.492"
X-4157,EZH2,2146.0,MutNovel,"P219S,0.294"
X-4157,FAM100B,283991.0,MutNovel,"M13I,0.697"
X-4157,FAM122C,159091.0,MutKnownFunctional,"-156,0.833"
X-4157,FAM197Y2P,252946.0,Del0.8,0.23
X-4157,FAM214B,80256.0,MutNovel,"P434S,1.000"
X-4157,FAM41AY1,340618.0,Del0.8,0.23
X-4157,FAM41AY1,340618.0,Del0.8,0.23
X-4157,FAM86B1,85002.0,MutNovel,"A108T,1.000"
X-4157,FARSB,10056.0,MutNovel,"I65T,0.466"
X-4157,FBL,2091.0,MutNovel,"D216G,0.270"
X-4157,FBRSL1,57666.0,MutNovel,"S520F,0.670"
X-4157,FGF7,2252.0,MutNovel,"E141G,0.231"
X-4157,FIZ1,84922.0,MutNovel,"R35H,0.297"
X-4157,FLRT3,23767.0,MutNovel,"P521L,0.530"
X-4157,GAGE1,2543.0,MutNovel,"Y9C,0.526"
X-4157,GAGE1,2543.0,MutNovel,"R13S,0.471"
X-4157,GAGE1,2543.0,MutNovel,"R28Q,0.500"
X-4157,GAGE10,643832.0,MutNovel,"A63T,0.500"
X-4157,GAGE12F,100008586.0,MutNovel,"Y9C,0.364"
X-4157,GAGE12I,,MutNovel,"Y9C,0.235"
X-4157,GAGE12I,,MutNovel,"R13S,0.238"
X-4157,GAGE12I,,MutNovel,"R28Q,0.238"
X-4157,GAGE13,645051.0,MutNovel,"Y9C,0.500"
X-4157,GAGE13,645051.0,MutNovel,"R13S,1.000"
X-4157,GAGE2A,729447.0,MutNovel,"R27Q,0.682"
X-4157,GAGE2C,2574.0,MutNovel,"R27Q,0.833"
X-4157,GAGE2D,729408.0,MutNovel,"R27Q,0.838"
X-4157,GAL3ST4,79690.0,MutNovel,"P426S,0.274"
X-4157,GALR1,2587.0,Del0.8,0.78
X-4157,GLIS2,84662.0,MutNovel,"P368L,0.385"
X-4157,GLTSCR1,29998.0,MutNovel,"A1419S,0.654"
X-4157,GLUD2,2747.0,MutNovel,"G35R,1.000"
X-4157,GNE,10020.0,MutNovel,"L601F,0.337"
X-4157,GOLGA2P2Y,84559.0,Del0.8,0.23
X-4157,GOLGA2P2Y,84559.0,Del0.8,0.23
X-4157,GOLGA6L3,,MutNovel,"M189I,1.000"
X-4157,GPD1L,23171.0,MutNovel,"L299F,0.431"
X-4157,GPR125,166647.0,MutNovel,"P18R,1.000"
X-4157,GSTM1,2944.0,Del0.8,0.67
X-4157,GTPBP4,23560.0,MutNovel,"N437S,0.452"
X-4157,GTPBP5,26164.0,MutNovel,"L11F,0.521"
X-4157,GUCY1B3,2983.0,MutNovel,"A125S,1.000"
X-4157,GYG2P1,352887.0,Del0.8,0.23
X-4157,HCN3,57657.0,MutNovel,"P125L,0.250"
X-4157,HCN3,57657.0,MutNovel,"P741L,1.000"
X-4157,HDAC4,9759.0,MutNovel,"M916I,0.400"
X-4157,HELZ,9931.0,MutNovel,"P1487L,0.317"
X-4157,HIST1H1C,3006.0,MutNovel,"A24V,0.333"
X-4157,HIST2H2AB,317772.0,MutNovel,"L117S,1.000"
X-4157,HMCN1,83872.0,MutNovel,"R5297C,0.200"
X-4157,HOXD8,3234.0,MutNovel,"A70AHP,0.323"
X-4157,HSFY2,159119.0,Del0.8,0.23
X-4157,HSFY2,159119.0,Del0.8,0.23
X-4157,HTATIP2,10553.0,MutNovel,"G62E,0.584"
X-4157,HTT,3064.0,MutNovel,"V2821L,0.458"
X-4157,IFT81,28981.0,MutNovel,"L420F,0.438"
X-4157,IGFN1,91156.0,MutNovel,"R2027W,1.000"
X-4157,IGSF1,3547.0,MutKnownFunctional,"W135*,1.000"
X-4157,ING2,3622.0,MutNovel,"P39S,0.438"
X-4157,IP6K2,51447.0,MutNovel,"S18F,0.430"
X-4157,ITGA10,8515.0,MutNovel,"M122V,1.000"
X-4157,JKAMP,51528.0,MutNovel,"L212F,0.475"
X-4157,KDM5D,8284.0,Del0.8,0.23
X-4157,KIAA0355,9710.0,MutNovel,"TPPQP1036T,0.395"
X-4157,KIAA0947,23379.0,MutNovel,"K338R,0.604"
X-4157,KIAA1549,57670.0,MutNovel,"P856L,0.367"
X-4157,KIAA1967,57805.0,MutNovel,"V252I,0.616"
X-4157,KIF20B,9585.0,MutNovel,"L1062LKV,0.438"
X-4157,KRT10,3858.0,MutNovel,"GSSGGG507G,0.227"
X-4157,KSR1,8844.0,MutNovel,"P134S,0.750"
X-4157,LCE3C,353144.0,Del0.8,0.18
X-4157,LDLR,3949.0,MutNovel,"E626K,0.500"
X-4157,LOC100132859,,MutNovel,"A52T,0.889"
X-4157,LOC100132859,,MutKnownFunctional,"R55*,0.900"
X-4157,LOC100132859,,MutKnownFunctional,"-110H?,0.214"
X-4157,LOC100288332,,MutNovel,"L270V,0.667"
X-4157,LOC100288332,,MutNovel,"R269C,1.000"
X-4157,LOC100505781,,MutNovel,"A22T,1.000"
X-4157,LOC100996689,,MutNovel,"S329R,0.583"
X-4157,LOC100996689,,MutNovel,"D237E,0.577"
X-4157,LOC100996689,,MutNovel,"R222T,0.318"
X-4157,LOC100996689,,MutNovel,"P185S,0.667"
X-4157,LOC728047,,MutNovel,"S324A,1.000"
X-4157,LOC728377,728377.0,Amp5,7.57
X-4157,LRRC37A2,474170.0,MutNovel,"T325A,1.000"
X-4157,MAGEC1,9947.0,MutNovel,"P274R,0.571"
X-4157,MBD5,55777.0,MutNovel,"P742L,0.292"
X-4157,MED15,51586.0,MutNovel,"-251Q,0.359"
X-4157,MEF2A,4205.0,MutNovel,"QQ412-,0.319"
X-4157,MINK1,50488.0,MutKnownFunctional,"Q691*,0.371"
X-4157,MKI67,4288.0,MutNovel,"N1816I,0.449"
X-4157,MOXD1,26002.0,Del0.8,0.68
X-4157,MPHOSPH9,10198.0,MutNovel,"N517D,0.438"
X-4157,MPRIP,23164.0,MutNovel,"TS178T,0.238"
X-4157,MRPS34,65993.0,MutNovel,"L161R,0.469"
X-4157,MRPS34,65993.0,MutNovel,"R63H,0.453"
X-4157,MXRA7,439921.0,MutNovel,"E36G,0.700"
X-4157,MYCBP2,23077.0,MutNovel,"H3105Y,0.568"
X-4157,MYH1,4619.0,MutNovel,"E1005K,0.364"
X-4157,MYH11,4629.0,MutNovel,"E1334K,0.532"
X-4157,MYL6B,140465.0,MutNovel,"A27T,0.555"
X-4157,MYO19,80179.0,MutNovel,"L856F,0.537"
X-4157,NADSYN1,55191.0,MutNovel,"G359R,0.568"
X-4157,NADSYN1,55191.0,MutNovel,"D448N,0.513"
X-4157,NAGK,55577.0,MutNovel,"P275L,0.507"
X-4157,NARG2,79664.0,MutNovel,"S956F,0.412"
X-4157,NBPF10,100132406.0,MutNovel,"I1165F,0.263"
X-4157,NBPF9,400818.0,MutNovel,"Q184R,0.800"
X-4157,NCAM2,4685.0,MutNovel,"G326E,0.987"
X-4157,NCOR2,9612.0,MutNovel,"G1839GAAA,0.441"
X-4157,NCRNA00185,55410.0,Del0.8,0.23
X-4157,NDRG4,65009.0,MutNovel,"G68D,0.556"
X-4157,NFATC2,4773.0,MutNovel,"P635H,0.316"
X-4157,NHSL1,57224.0,MutNovel,"D789N,1.000"
X-4157,NIPAL4,348938.0,MutNovel,"S76F,1.000"
X-4157,NLGN4Y,22829.0,Del0.8,0.23
X-4157,NNT,23530.0,MutNovel,"I534V,0.678"
X-4157,NOP16,51491.0,MutNovel,"A174G,0.498"
X-4157,NOTCH3,4854.0,MutNovel,"E1472K,0.451"
X-4157,NR1H2,7376.0,MutNovel,"-173Q,0.456"
X-4157,NRAS,4893.0,MutKnownFunctional,"Q61K,0.994"
X-4157,NRG2,9542.0,MutNovel,"N346S,1.000"
X-4157,NRG3,10718.0,MutNovel,"S573F,0.400"
X-4157,NSD1,64324.0,MutNovel,"C1570G,1.000"
X-4157,NUDT11,55190.0,MutKnownFunctional,"-1,0.714"
X-4157,NYNRIN,57523.0,MutNovel,"N609D,0.556"
X-4157,OGDH,4967.0,MutNovel,"L902F,0.296"
X-4157,OR2A42,402317.0,Amp5,7.57
X-4157,OR2A42,402317.0,Amp5,7.57
X-4157,OR2A7,401427.0,Amp5,7.57
X-4157,OR2A9P,441295.0,Amp5,7.57
X-4157,OR2A9P,441295.0,Amp5,7.57
X-4157,OR2T10,127069.0,Amp5,6.68
X-4157,ORAI1,84876.0,MutNovel,"PP43-,0.784"
X-4157,PALM3,342979.0,MutNovel,"D604N,0.556"
X-4157,PCDH11Y,83259.0,Del0.8,0.23
X-4157,PCDHA10,56139.0,Del0.8,0.73
X-4157,PCDHA5,56143.0,MutNovel,"S679L,1.000"
X-4157,PCDHA9,9752.0,Del0.8,0.66
X-4157,PCDHB11,56125.0,MutNovel,"S474H,0.300"
X-4157,PCDHB9,56127.0,MutNovel,"S673F,0.882"
X-4157,PCDHGA3,56112.0,MutNovel,"A331S,1.000"
X-4157,PCDHGB2,56103.0,MutNovel,"R12P,1.000"
X-4157,PCDHGB4,8641.0,MutNovel,"V420I,1.000"
X-4157,PCED1B,,MutNovel,"R404C,0.571"
X-4157,PDHA1,5160.0,MutNovel,"K351R,1.000"
X-4157,PEX11G,92960.0,MutNovel,"V109M,0.500"
X-4157,PGD,5226.0,MutNovel,"S318L,0.543"
X-4157,PHLDA1,22822.0,MutNovel,"QQ194Q,0.549"
X-4157,PHLPP1,23239.0,MutNovel,"F291V,0.286"
X-4157,PLCH1,23007.0,MutNovel,"R1142K,0.571"
X-4157,PLEC,5339.0,MutNovel,"R1963W,0.333"
X-4157,PLXNA1,5361.0,MutNovel,"L1773Q,0.492"
X-4157,POLDIP2,26073.0,MutNovel,"S30C,0.546"
X-4157,POLDIP2,26073.0,MutNovel,"Q27P,0.947"
X-4157,POLL,27343.0,MutNovel,"G455E,0.456"
X-4157,POM121,9883.0,MutNovel,"T857A,0.212"
X-4157,PPP1R3D,5509.0,MutNovel,"S28L,0.467"
X-4157,PPP6R2,9701.0,MutNovel,"P554S,0.371"
X-4157,PRKD1,5587.0,MutNovel,"L7P,0.444"
X-4157,PRKY,5616.0,Del0.8,0.23
X-4157,PRR14L,253143.0,MutNovel,"A878T,0.606"
X-4157,PRTFDC1,56952.0,MutNovel,"E189K,0.455"
X-4157,PRY,9081.0,Del0.8,0.23
X-4157,PRY,9081.0,Del0.8,0.23
X-4157,PRY2,442862.0,Del0.8,0.23
X-4157,PRY2,442862.0,Del0.8,0.23
X-4157,PSG4,5672.0,MutNovel,"E253A,1.000"
X-4157,PSG9,5678.0,MutNovel,"E357K,1.000"
X-4157,PTPRN,5798.0,MutNovel,"G94E,0.375"
X-4157,PWWP2B,170394.0,MutNovel,"K317N,0.457"
X-4157,PZP,5858.0,MutNovel,"K835E,0.667"
X-4157,RASA4B,,MutKnownFunctional,"-287,0.357"
X-4157,RAVER1,125950.0,MutNovel,"SK573K,0.408"
X-4157,RB1CC1,9821.0,Del0.8,0.78
X-4157,RBBP7,5931.0,MutNovel,"E283K,1.000"
X-4157,RBMY1A3P,286557.0,Del0.8,0.23
X-4157,RBMY1B,378948.0,Del0.8,0.23
X-4157,RBMY1B,378948.0,Del0.8,0.23
X-4157,RBMY1E,378950.0,Del0.8,0.23
X-4157,RBMY1E,378950.0,Del0.8,0.23
X-4157,RBMY1F,159163.0,Del0.8,0.23
X-4157,RBMY1F,159163.0,Del0.8,0.23
X-4157,RBMY1J,378951.0,Del0.8,0.23
X-4157,RBMY1J,378951.0,Del0.8,0.23
X-4157,RBMY2EP,159125.0,Del0.8,0.23
X-4157,RBMY2FP,159162.0,Del0.8,0.23
X-4157,RBMY3AP,64593.0,Del0.8,0.23
X-4157,RDH5,5959.0,MutNovel,"G181D,0.478"
X-4157,RELN,5649.0,MutNovel,"G1597R,0.267"
X-4157,RHD,6007.0,Del0.8,0.44
X-4157,RLF,6018.0,MutNovel,"E563K,0.568"
X-4157,RNF25,64320.0,MutNovel,"D13H,0.617"
X-4157,RPS4Y1,6192.0,Del0.8,0.23
X-4157,RPS4Y2,140032.0,Del0.8,0.23
X-4157,RTL1,388015.0,MutNovel,"R1108Q,1.000"
X-4157,RTTN,25914.0,MutNovel,"S277F,0.774"
X-4157,SACS,26278.0,MutNovel,"H4165Y,0.560"
X-4157,SAGE1,55511.0,MutNovel,"P133L,1.000"
X-4157,SAR1A,56681.0,MutNovel,"R84C,0.517"
X-4157,SCAPER,49855.0,Del0.8,0.67
X-4157,SCARF2,91179.0,MutKnownFunctional,"-48,0.300"
X-4157,SCG2,7857.0,MutNovel,"R57K,0.574"
X-4157,SDHB,6390.0,MutNovel,"Y199C,0.490"
X-4157,SEH1L,81929.0,MutNovel,"D188G,0.486"
X-4157,SERINC2,347735.0,MutNovel,"-373Q,0.673"
X-4157,SET,6418.0,MutNovel,"P10S,1.000"
X-4157,SETD1A,9739.0,MutNovel,"R637T,0.552"
X-4157,SETD1A,9739.0,MutNovel,"R1358P,0.577"
X-4157,SGSH,6448.0,MutNovel,"S186C,0.607"
X-4157,SHROOM3,57619.0,MutNovel,"G1095D,0.300"
X-4157,SLC12A7,10723.0,MutNovel,"P306S,1.000"
X-4157,SLC17A5,26503.0,MutNovel,"Y315C,0.384"
X-4157,SLC1A3,6507.0,MutNovel,"G424R,0.571"
X-4157,SLC22A18,5002.0,MutNovel,"M138I,0.857"
X-4157,SLC29A1,2030.0,MutNovel,"T173M,0.543"
X-4157,SLC37A3,84255.0,MutNovel,"A80V,0.781"
X-4157,SNAPC4,6621.0,MutNovel,"S542-,0.612"
X-4157,SNCAIP,9627.0,MutNovel,"S239L,1.000"
X-4157,SOX4,6659.0,MutNovel,"S338G,0.435"
X-4157,SPAG11B,10407.0,Del0.8,0.74
X-4157,SPAG17,200162.0,MutNovel,"E1706K,1.000"
X-4157,SPATA17,128153.0,MutNovel,"V107F,0.500"
X-4157,SRY,6736.0,Del0.8,0.23
X-4157,SSFA2,6744.0,MutNovel,"L553F,0.519"
X-4157,SSH2,85464.0,MutNovel,"P634S,0.422"
X-4157,ST7L,54879.0,MutNovel,"H429Y,1.000"
X-4157,STX2,2054.0,MutNovel,"F266L,0.705"
X-4157,SYNPR,132204.0,MutNovel,"L20F,0.333"
X-4157,TAF6,6878.0,MutNovel,"V608I,0.789"
X-4157,TBL1Y,90665.0,Del0.8,0.23
X-4157,TBP,6908.0,MutNovel,"-64QQQ,0.237"
X-4157,TCF7,6932.0,MutKnownFunctional,"R312*,1.000"
X-4157,TCN1,6947.0,MutNovel,"M377I,0.581"
X-4157,TEFM,79736.0,MutNovel,"P57L,0.564"
X-4157,TENC1,23371.0,MutNovel,"S603F,0.585"
X-4157,TGIF2LY,90655.0,Del0.8,0.23
X-4157,THBS1,7057.0,MutNovel,"R371C,0.523"
X-4157,THBS1,7057.0,MutNovel,"S1046F,0.459"
X-4157,THBS2,7058.0,MutNovel,"D494N,1.000"
X-4157,TIPARP,25976.0,MutNovel,"K41R,0.549"
X-4157,TLK2,11011.0,MutNovel,"R262Q,0.252"
X-4157,TMEM131,23505.0,MutNovel,"A1158P,0.523"
X-4157,TMEM229A,730130.0,MutNovel,"QQR199R,0.545"
X-4157,TMEM238,388564.0,MutNovel,"G30V,1.000"
X-4157,TMEM43,79188.0,MutNovel,"T32I,0.442"
X-4157,TMLHE,55217.0,MutNovel,"K375N,1.000"
X-4157,TMSB4Y,9087.0,Del0.8,0.23
X-4157,TNS3,64759.0,MutNovel,"S20F,0.368"
X-4157,TOPBP1,11073.0,MutNovel,"V124A,0.573"
X-4157,TOR3A,64222.0,MutNovel,"L323F,0.997"
X-4157,TPH1,7166.0,MutNovel,"G175E,0.613"
X-4157,TRADD,8717.0,MutNovel,"E92Q,0.411"
X-4157,TRAF7,84231.0,MutNovel,"L351F,0.539"
X-4157,TRIO,7204.0,MutNovel,"R900Q,0.303"
X-4157,TRRAP,8295.0,MutNovel,"N2111K,0.793"
X-4157,TSPY1,7258.0,Del0.8,0.23
X-4157,TSPY2,64591.0,Del0.8,0.23
X-4157,TSPY3,728137.0,Del0.8,0.23
X-4157,TSPY4,728395.0,Del0.8,0.23
X-4157,TSPY8,728403.0,Del0.8,0.23
X-4157,TSPYL1,7259.0,MutNovel,"V176VW,0.904"
X-4157,TTTY10,246119.0,Del0.8,0.23
X-4157,TTTY11,83866.0,Del0.8,0.23
X-4157,TTTY12,83867.0,Del0.8,0.23
X-4157,TTTY13,83868.0,Del0.8,0.23
X-4157,TTTY14,83869.0,Del0.8,0.23
X-4157,TTTY15,64595.0,Del0.8,0.23
X-4157,TTTY16,252948.0,Del0.8,0.23
X-4157,TTTY17A,252949.0,Del0.8,0.23
X-4157,TTTY17A,252949.0,Del0.8,0.23
X-4157,TTTY18,252950.0,Del0.8,0.23
X-4157,TTTY19,252952.0,Del0.8,0.23
X-4157,TTTY1B,100101116.0,Del0.8,0.23
X-4157,TTTY1B,100101116.0,Del0.8,0.23
X-4157,TTTY2,60439.0,Del0.8,0.23
X-4157,TTTY2,60439.0,Del0.8,0.23
X-4157,TTTY20,252951.0,Del0.8,0.23
X-4157,TTTY21,252953.0,Del0.8,0.23
X-4157,TTTY21,252953.0,Del0.8,0.23
X-4157,TTTY22,252954.0,Del0.8,0.23
X-4157,TTTY23,252955.0,Del0.8,0.23
X-4157,TTTY23,252955.0,Del0.8,0.23
X-4157,TTTY3,114760.0,Del0.8,0.23
X-4157,TTTY3,114760.0,Del0.8,0.23
X-4157,TTTY4,114761.0,Del0.8,0.23
X-4157,TTTY4,114761.0,Del0.8,0.23
X-4157,TTTY5,83863.0,Del0.8,0.23
X-4157,TTTY6,84672.0,Del0.8,0.23
X-4157,TTTY6,84672.0,Del0.8,0.23
X-4157,TTTY7,246122.0,Del0.8,0.23
X-4157,TTTY7,246122.0,Del0.8,0.23
X-4157,TTTY7B,100101120.0,Del0.8,0.23
X-4157,TTTY7B,100101120.0,Del0.8,0.23
X-4157,TTTY8,84673.0,Del0.8,0.23
X-4157,TTTY8,84673.0,Del0.8,0.23
X-4157,TTTY9A,83864.0,Del0.8,0.23
X-4157,TTTY9A,83864.0,Del0.8,0.23
X-4157,TUBA1B,10376.0,MutNovel,"T334I,0.525"
X-4157,TXLNG2P,246126.0,Del0.8,0.23
X-4157,UCHL1,7345.0,MutNovel,"G94R,0.331"
X-4157,USP9Y,8287.0,Del0.8,0.23
X-4157,UTY,7404.0,Del0.8,0.23
X-4157,VCY,9084.0,Del0.8,0.23
X-4157,VCY,9084.0,Del0.8,0.23
X-4157,VPS53,55275.0,MutNovel,"S201F,0.388"
X-4157,VPS8,23355.0,MutNovel,"P1145S,0.422"
X-4157,WDR47,22911.0,MutKnownFunctional,"-137,1.000"
X-4157,WDR6,11180.0,MutNovel,"I651V,0.545"
X-4157,WTIP,126374.0,MutNovel,"E70K,0.267"
X-4157,XKRY2,353515.0,Del0.8,0.23
X-4157,XKRY2,353515.0,Del0.8,0.23
X-4157,ZCCHC11,23318.0,MutNovel,"D514G,1.000"
X-4157,ZDHHC11,79844.0,MutNovel,"A303D,0.300"
X-4157,ZFY,7544.0,Del0.8,0.23
X-4157,ZNF219,51222.0,MutNovel,"QPP233P,0.347"
X-4157,ZNF236,7776.0,MutNovel,"Q1608P,1.000"
X-4157,ZNF34,80778.0,MutNovel,"R51H,0.468"
X-4157,ZNF384,171017.0,MutNovel,"QQ514Q,0.255"
X-4157,ZNF385D,79750.0,MutNovel,"C11S,1.000"
X-4157,ZNF446,55663.0,MutNovel,"G401E,0.458"
X-4157,ZNF501,115560.0,MutNovel,"L205F,0.421"
X-4157,ZNF532,55205.0,MutNovel,"P332S,0.506"
X-4339,ABHD13,84945.0,MutNovel,"S231L,0.304"
X-4339,ACTR3C,653857.0,MutNovel,"S163F,1.000"
X-4339,ADAM32,203102.0,MutNovel,"R773K,0.400"
X-4339,ADAM3A,1587.0,Del0.8,0.23
X-4339,ADAM5P,255926.0,Del0.8,0.55
X-4339,ADAT1,23536.0,MutNovel,"H499Y,0.694"
X-4339,ADAT3,113179.0,MutNovel,"R112L,0.514"
X-4339,AGAP7,653268.0,MutNovel,"L62F,1.000"
X-4339,AGAP8,728404.0,MutNovel,"R70Q,1.000"
X-4339,ALS2CL,259173.0,MutNovel,"T372I,0.550"
X-4339,AMELY,266.0,Del0.8,0.78
X-4339,ANKRD20A3,441425.0,MutNovel,"E373Q,1.000"
X-4339,ANKRD20A4,728747.0,MutNovel,"M646R,0.400"
X-4339,ANKRD36,375248.0,MutNovel,"T998S,0.266"
X-4339,AP3B1,8546.0,MutNovel,"H885Q,0.326"
X-4339,APC,324.0,MutKnownFunctional,"S1278*,0.708"
X-4339,APC,324.0,MutNovel,"E1317Q,0.607"
X-4339,APOBEC3D,140564.0,MutNovel,"P257S,0.250"
X-4339,ARFGEF2,10564.0,MutNovel,"A1270V,0.375"
X-4339,ARHGAP30,257106.0,MutNovel,"E717K,0.316"
X-4339,ARID2,196528.0,MutKnownFunctional,"Q651*,1.000"
X-4339,ARNT2,9915.0,MutNovel,"R404C,0.510"
X-4339,ARRDC4,91947.0,MutNovel,"P370F,0.536"
X-4339,ASPM,259266.0,MutKnownFunctional,"R3107*,0.243"
X-4339,ASTN2,23245.0,MutNovel,"S397L,1.000"
X-4339,ATAD1,84896.0,MutNovel,"K112N,0.354"
X-4339,ATP13A1,57130.0,MutNovel,"I791M,0.497"
X-4339,ATP6V0A4,50617.0,MutNovel,"P393L,0.486"
X-4339,ATP9A,10079.0,MutNovel,"P38S,0.625"
X-4339,ATRNL1,26033.0,MutNovel,"S1007T,0.300"
X-4339,AXL,558.0,MutNovel,"S560F,0.438"
X-4339,B3GALT1,8708.0,MutNovel,"R298C,0.400"
X-4339,BAZ2B,29994.0,MutNovel,"K237I,0.633"
X-4339,BCORP1,286554.0,Del0.8,0.78
X-4339,BLM,641.0,Amp5,5.24
X-4339,BMP2K,55589.0,MutKnownFunctional,"Q569*,0.340"
X-4339,BPY2B,442867.0,Del0.8,0.78
X-4339,BPY2B,442867.0,Del0.8,0.78
X-4339,BRAF,673.0,MutNovel,"L584F,0.486"
X-4339,BRD4,23476.0,MutNovel,"Q788R,0.581"
X-4339,BRD4,23476.0,MutNovel,"P750L,0.548"
X-4339,BRP44,25874.0,MutNovel,"L87F,0.640"
X-4339,C12orf69,440087.0,MutNovel,"L21P,0.625"
X-4339,C14orf93,60686.0,MutNovel,"E266K,0.808"
X-4339,C16orf5,29965.0,MutNovel,"P7A,0.449"
X-4339,C19orf26,255057.0,MutNovel,"E277K,0.429"
X-4339,C1QTNF9B,387911.0,MutNovel,"M301V,0.217"
X-4339,C20orf26,26074.0,MutNovel,"S679F,0.590"
X-4339,C3orf38,285237.0,MutNovel,"PVT113P,0.577"
X-4339,C7orf63,79846.0,MutKnownFunctional,"-406?,0.250"
X-4339,CBX6,23466.0,MutNovel,"P292L,0.394"
X-4339,CCDC120,90060.0,MutNovel,"L270N,1.000"
X-4339,CCDC39,339829.0,MutNovel,"T816P,0.571"
X-4339,CCDC71,64925.0,MutNovel,"S216L,0.365"
X-4339,CCDC88A,55704.0,MutNovel,"R1803C,0.223"
X-4339,CDC73,79577.0,MutKnownFunctional,"W439*,0.747"
X-4339,CDHR2,54825.0,MutNovel,"G1108E,1.000"
X-4339,CDY1B,253175.0,Del0.8,0.78
X-4339,CDY1B,253175.0,Del0.8,0.78
X-4339,CDY2A,9426.0,Del0.8,0.78
X-4339,CDY2A,9426.0,Del0.8,0.78
X-4339,CDY2B,203611.0,Del0.8,0.78
X-4339,CDY2B,203611.0,Del0.8,0.78
X-4339,CEP120,153241.0,MutNovel,"E819D,0.806"
X-4339,CERS5,91012.0,MutNovel,"I228M,1.000"
X-4339,CFHR1,3078.0,Amp5,5.1
X-4339,CFHR3,10878.0,Amp5,5.21
X-4339,CHD9,80205.0,MutNovel,"D363A,0.929"
X-4339,CHMP7,91782.0,MutNovel,"P176L,0.286"
X-4339,CIC,23152.0,MutNovel,"P776S,0.568"
X-4339,CNOT4,4850.0,MutNovel,"G231S,0.684"
X-4339,COL4A1,1282.0,MutNovel,"P1348S,0.605"
X-4339,COL4A2,1284.0,MutNovel,"G533R,0.337"
X-4339,COL6A3,1293.0,MutNovel,"E3010K,0.958"
X-4339,CPNE2,221184.0,MutNovel,"A475G,0.564"
X-4339,CPPED1,55313.0,MutNovel,"G38V,0.530"
X-4339,CRTC3,64784.0,Amp5,5.24
X-4339,CSPG4P1Y,114758.0,Del0.8,0.78
X-4339,CSPG4P1Y,114758.0,Del0.8,0.78
X-4339,CTC1,80169.0,MutNovel,"H945Y,1.000"
X-4339,CTSA,5476.0,MutNovel,"L29-,0.816"
X-4339,CUBN,8029.0,MutNovel,"H3607Y,0.476"
X-4339,CUL9,23113.0,MutKnownFunctional,"Q1055*,0.531"
X-4339,CYP2D6,1565.0,MutNovel,"S488Y,1.000"
X-4339,CYP2D6,1565.0,MutNovel,"H324R,0.333"
X-4339,CYP2D6,1565.0,MutNovel,"T312I,0.250"
X-4339,DAZ1,1617.0,Del0.8,0.78
X-4339,DAZ2,57055.0,Del0.8,0.78
X-4339,DAZ3,57054.0,Del0.8,0.78
X-4339,DAZ3,57054.0,Del0.8,0.78
X-4339,DAZ4,57135.0,Del0.8,0.78
X-4339,DAZ4,57135.0,Del0.8,0.78
X-4339,DCTPP1,79077.0,MutNovel,"R135C,0.519"
X-4339,DDX3Y,8653.0,Del0.8,0.78
X-4339,DDX60,55601.0,MutNovel,"V759I,0.333"
X-4339,DENND4B,9909.0,MutNovel,"QQQ908-,0.316"
X-4339,DHRS3,9249.0,MutNovel,"P243L,1.000"
X-4339,DHX57,90957.0,MutNovel,"G1320E,0.353"
X-4339,DIP2B,57609.0,MutNovel,"P669L,1.000"
X-4339,DLAT,1737.0,MutNovel,"G572E,1.000"
X-4339,DNAH14,127602.0,MutNovel,"D4194V,0.769"
X-4339,DNASE2B,58511.0,MutNovel,"F338I,1.000"
X-4339,DNHD1,144132.0,MutNovel,"A147V,1.000"
X-4339,DNTTIP2,30836.0,MutKnownFunctional,"R729*,0.472"
X-4339,DOCK4,9732.0,MutNovel,"D1402H,0.649"
X-4339,DPY19L3,147991.0,MutNovel,"M483V,0.571"
X-4339,DPY19L3,147991.0,MutNovel,"L486F,0.552"
X-4339,ECM1,1893.0,MutKnownFunctional,"Q153*,0.306"
X-4339,EIF1AY,9086.0,Del0.8,0.78
X-4339,EIF2AK4,440275.0,MutNovel,"P1357S,0.615"
X-4339,ELAVL2,1993.0,MutNovel,"S165L,1.000"
X-4339,EOMES,8320.0,MutKnownFunctional,"W618*,0.559"
X-4339,EPS8L2,64787.0,MutNovel,"P644S,1.000"
X-4339,ERCC8,1161.0,MutNovel,"S193F,0.342"
X-4339,ERMP1,79956.0,MutNovel,"G63D,1.000"
X-4339,ETFB,2109.0,MutKnownFunctional,"-93?,0.524"
X-4339,FAM106A,80039.0,Del0.8,0.52
X-4339,FAM18B2,201158.0,MutNovel,"P173L,1.000"
X-4339,FAM197Y2P,252946.0,Del0.8,0.78
X-4339,FAM21C,253725.0,MutNovel,"P1177S,0.667"
X-4339,FAM41AY1,340618.0,Del0.8,0.78
X-4339,FAM41AY1,340618.0,Del0.8,0.78
X-4339,FAM69A,388650.0,MutNovel,"P286L,0.567"
X-4339,FBN1,2200.0,MutNovel,"DG1357ES,0.471"
X-4339,FBXW7,55294.0,MutNovel,"L483F,0.608"
X-4339,FCGRT,2217.0,MutNovel,"P285L,0.429"
X-4339,FCHSD1,89848.0,MutKnownFunctional,"Q102*,0.582"
X-4339,FES,2242.0,Amp5,5.24
X-4339,FILIP1L,11259.0,MutNovel,"E763D,1.000"
X-4339,FLRT2,23768.0,MutNovel,"K568T,0.400"
X-4339,FMR1,2332.0,MutNovel,"G571E,1.000"
X-4339,FUK,197258.0,MutNovel,"W507G,0.640"
X-4339,FURIN,5045.0,Amp5,5.24
X-4339,GAR1,54433.0,MutNovel,"G56E,0.305"
X-4339,GAS2L1,10634.0,MutNovel,"A75L,0.650"
X-4339,GIGYF2,26058.0,MutNovel,"PQ1231P,0.625"
X-4339,GLG1,2734.0,MutNovel,"D154N,0.715"
X-4339,GLUL,2752.0,MutNovel,"P290L,0.278"
X-4339,GNG12,55970.0,MutKnownFunctional,"Q13*,0.372"
X-4339,GNPDA1,10007.0,MutNovel,"P268S,0.312"
X-4339,GOLGA2P2Y,84559.0,Del0.8,0.78
X-4339,GOLGA2P2Y,84559.0,Del0.8,0.78
X-4339,GOLGA6B,55889.0,MutNovel,"E207K,1.000"
X-4339,GOLGA6C,653641.0,MutNovel,"E421D,0.600"
X-4339,GOLGA6L10,647042.0,MutNovel,"R336Q,0.750"
X-4339,GOLGA6L4,,MutNovel,"M318R,1.000"
X-4339,GPATCH8,23131.0,MutNovel,"D934N,1.000"
X-4339,GPR137C,283554.0,MutNovel,"S27G,1.000"
X-4339,GPRC5B,51704.0,MutNovel,"T155M,0.453"
X-4339,GPS2,2874.0,MutKnownFunctional,"YS204*C,1.000"
X-4339,GSTM5,2949.0,MutNovel,"L191V,1.000"
X-4339,GYG2P1,352887.0,Del0.8,0.78
X-4339,H6PD,9563.0,MutNovel,"P164S,1.000"
X-4339,HDDC3,374659.0,Amp5,5.24
X-4339,HECTD2,143279.0,MutNovel,"S112L,0.889"
X-4339,HELZ,9931.0,MutNovel,"T625I,1.000"
X-4339,HERC3,8916.0,MutNovel,"G42K,0.717"
X-4339,HIC2,23119.0,MutNovel,"P349L,0.444"
X-4339,HINT3,135114.0,MutNovel,"L63V,0.633"
X-4339,HIPK1,204851.0,MutNovel,"Y1207H,0.426"
X-4339,HLA-B,3106.0,MutNovel,"D138H,0.500"
X-4339,HLA-DRB5,3127.0,Amp5,7.26
X-4339,HMCN1,83872.0,MutNovel,"P2626S,0.760"
X-4339,HMGXB3,22993.0,MutNovel,"L1075F,0.347"
X-4339,HNRNPCL1,343069.0,Del0.8,0.39
X-4339,HNRNPD,3184.0,MutNovel,"L189F,0.644"
X-4339,HRNR,388697.0,MutKnownFunctional,"-1,0.900"
X-4339,HSFY2,159119.0,Del0.8,0.78
X-4339,HSFY2,159119.0,Del0.8,0.78
X-4339,HSPA1B,3304.0,MutNovel,"T425V,1.000"
X-4339,IGSF3,3321.0,MutNovel,"R290W,0.576"
X-4339,IL6ST,3572.0,MutNovel,"P356L,0.269"
X-4339,INO80,54617.0,MutNovel,"S494R,0.438"
X-4339,IRS2,8660.0,MutNovel,"G879S,0.886"
X-4339,ITGA9,3680.0,MutNovel,"G173S,0.284"
X-4339,ITPRIP,85450.0,MutNovel,"L142P,0.329"
X-4339,JARID2,3720.0,MutNovel,"S166F,0.681"
X-4339,JMJD1C,221037.0,MutNovel,"S381L,0.465"
X-4339,KCNH1,3756.0,MutNovel,"V615I,0.821"
X-4339,KDM5D,8284.0,Del0.8,0.78
X-4339,KHNYN,23351.0,MutNovel,"P171R,0.784"
X-4339,KIAA0586,9786.0,MutNovel,"N664K,0.262"
X-4339,KIAA0753,9851.0,MutKnownFunctional,"W298*,1.000"
X-4339,KIAA0930,23313.0,MutNovel,"V192G,0.719"
X-4339,KIAA1107,23285.0,MutNovel,"G240R,0.667"
X-4339,KIAA1524,57650.0,MutNovel,"P593S,0.569"
X-4339,KIAA1549,57670.0,MutNovel,"V990D,0.667"
X-4339,KIDINS220,57498.0,MutNovel,"S1361L,0.596"
X-4339,KIF16B,55614.0,MutNovel,"E719K,0.237"
X-4339,KIF20B,9585.0,MutNovel,"L1062LKV,0.417"
X-4339,LAMA4,3910.0,MutNovel,"P135L,0.593"
X-4339,LAMB2,3913.0,MutNovel,"T134I,0.587"
X-4339,LAMC3,10319.0,MutNovel,"E1448K,1.000"
X-4339,LARP4B,23185.0,MutNovel,"P535S,0.353"
X-4339,LCE3C,353144.0,Del0.8,0.16
X-4339,LGALS9C,654346.0,Del0.8,0.52
X-4339,LIMK2,3985.0,MutNovel,"F38I,0.478"
X-4339,LINC00226,338004.0,Amp5,7.21
X-4339,LIX1L,128077.0,MutNovel,"R22Q,0.471"
X-4339,LMF1,64788.0,MutNovel,"P546L,0.345"
X-4339,LMTK2,22853.0,MutNovel,"L903F,0.757"
X-4339,LOC100506433,100506433.0,Del0.8,0.68
X-4339,LOC100653168,,MutNovel,"R560C,0.621"
X-4339,LOC100653168,,MutNovel,"R319Q,0.616"
X-4339,LOC100653168,,MutNovel,"S272A,0.363"
X-4339,LOC440040,440040.0,Del0.8,0.75
X-4339,LPCAT1,79888.0,MutNovel,"P239L,0.596"
X-4339,LPIN1,23175.0,MutNovel,"I649N,0.404"
X-4339,LRBA,987.0,MutNovel,"P1489S,0.649"
X-4339,LRCH3,84859.0,MutNovel,"P534L,0.594"
X-4339,LRP12,29967.0,MutNovel,"P325S,0.514"
X-4339,LRRC39,127495.0,MutNovel,"L193F,0.368"
X-4339,LRRC49,54839.0,MutNovel,"E368A,0.559"
X-4339,LSM14A,26065.0,MutKnownFunctional,"R42*,0.460"
X-4339,LZTS2,84445.0,MutNovel,"G234R,0.753"
X-4339,MAN2A2,4122.0,Amp5,5.24
X-4339,MAP2K5,5607.0,MutNovel,"D220N,0.423"
X-4339,MAP3K4,4216.0,MutNovel,"PA1189P,0.700"
X-4339,MAPK8IP2,23542.0,MutNovel,"R386W,0.219"
X-4339,MBD4,8930.0,MutNovel,"N573S,0.542"
X-4339,MDH2,4191.0,MutNovel,"A59E,0.315"
X-4339,MED13,9969.0,MutNovel,"P331S,1.000"
X-4339,MED16,10025.0,MutNovel,"V739I,0.509"
X-4339,MED8,112950.0,MutNovel,"N295I,0.409"
X-4339,MEPCE,56257.0,MutNovel,"P16R,0.635"
X-4339,MFAP1,4236.0,MutNovel,"K256R,0.512"
X-4339,MIR548Y,100500919.0,Del0.8,0.68
X-4339,MLPH,79083.0,MutNovel,"P451L,0.699"
X-4339,MLST8,64223.0,MutNovel,"P265S,0.492"
X-4339,MORC4,79710.0,MutNovel,"P537F,1.000"
X-4339,MPRIP,23164.0,MutNovel,"TS178T,0.483"
X-4339,MPRIP,23164.0,MutNovel,"S381F,1.000"
X-4339,MSTO1,55154.0,MutNovel,"P343S,0.365"
X-4339,MTMR11,10903.0,MutNovel,"P91S,0.533"
X-4339,MTR,4548.0,MutNovel,"P1178L,0.500"
X-4339,NAT1,9.0,MutNovel,"E235K,0.294"
X-4339,NBEA,26960.0,MutNovel,"S1675L,0.556"
X-4339,NBEA,26960.0,MutNovel,"E2298K,0.583"
X-4339,NBEAL2,23218.0,MutNovel,"R2187H,0.536"
X-4339,NBPF1,55672.0,MutNovel,"R1042S,0.375"
X-4339,NBPF24,,MutNovel,"I668V,1.000"
X-4339,NBPF9,400818.0,MutNovel,"Q184R,1.000"
X-4339,NBR1,4077.0,MutNovel,"P818S,1.000"
X-4339,NCKAP5,344148.0,MutNovel,"I1068F,0.766"
X-4339,NCOR2,9612.0,MutNovel,"G1839GAAA,0.500"
X-4339,NCRNA00185,55410.0,Del0.8,0.78
X-4339,NDUFAB1,4706.0,MutNovel,"L13V,0.610"
X-4339,NEURL4,84461.0,MutNovel,"P257S,1.000"
X-4339,NLGN4Y,22829.0,Del0.8,0.78
X-4339,NOMO2,283820.0,MutNovel,"M1232T,0.667"
X-4339,NPAS2,4862.0,MutNovel,"R701Q,0.321"
X-4339,NPC1,4864.0,MutNovel,"R579K,1.000"
X-4339,NR1H2,7376.0,MutNovel,"-173Q,0.769"
X-4339,NR4A1,3164.0,MutNovel,"Q560K,1.000"
X-4339,NRAS,4893.0,MutKnownFunctional,"Q61R,0.515"
X-4339,NSF,4905.0,MutNovel,"R516Q,1.000"
X-4339,NSMCE4A,54780.0,MutNovel,"T345L,0.235"
X-4339,OBSL1,23363.0,MutNovel,"A1322T,0.750"
X-4339,ORAI1,84876.0,MutNovel,"PP43-,0.784"
X-4339,ORC1,4998.0,MutNovel,"P312S,0.466"
X-4339,OSMR,9180.0,MutNovel,"R608K,0.351"
X-4339,OXCT1,5019.0,MutNovel,"D315N,0.250"
X-4339,PANK2,80025.0,MutNovel,"G126A,0.270"
X-4339,PARP11,57097.0,MutNovel,"P71S,0.700"
X-4339,PCDH11Y,83259.0,Del0.8,0.78
X-4339,PCDHB9,56127.0,MutNovel,"S360F,0.500"
X-4339,PCDHGA1,56114.0,MutNovel,"G272E,1.000"
X-4339,PCDHGB5,56101.0,MutNovel,"P257L,1.000"
X-4339,PCMTD1,115294.0,MutNovel,"I285T,0.349"
X-4339,PDGFRL,5157.0,MutNovel,"E373K,0.714"
X-4339,PDZRN3,23024.0,MutNovel,"H152Y,0.344"
X-4339,PER2,8864.0,MutNovel,"A731V,0.923"
X-4339,PGLYRP1,8993.0,MutNovel,"Y83H,0.400"
X-4339,PHLDA1,22822.0,MutNovel,"QQ194Q,0.535"
X-4339,PHRF1,57661.0,MutNovel,"VI522V,0.907"
X-4339,PIEZO1,9780.0,MutNovel,"R1092Q,0.312"
X-4339,PINK1,65018.0,MutNovel,"M341L,0.981"
X-4339,PLEKHA7,144100.0,MutNovel,"Y1035C,1.000"
X-4339,PLEKHG4,25894.0,MutNovel,"R997C,0.683"
X-4339,PLEKHN1,84069.0,MutNovel,"R408W,0.600"
X-4339,PLXNA1,5361.0,MutNovel,"C130Y,0.563"
X-4339,PLXND1,23129.0,MutKnownFunctional,"-1267?,0.294"
X-4339,PML,5371.0,MutNovel,"E801V,0.447"
X-4339,POLD1,5424.0,MutNovel,"P269S,0.512"
X-4339,POLN,353497.0,MutNovel,"R822M,0.923"
X-4339,POLQ,10721.0,MutNovel,"KK1024K,0.425"
X-4339,POLRMT,5442.0,MutNovel,"L25F,0.464"
X-4339,POM121,9883.0,MutNovel,"I66V,0.627"
X-4339,POR,5447.0,MutNovel,"L208V,0.310"
X-4339,PPAPDC1A,196051.0,MutNovel,"A233T,0.271"
X-4339,PRAMEF1,65121.0,Del0.8,0.38
X-4339,PRAMEF11,440560.0,Del0.8,0.39
X-4339,PRC1,9055.0,Amp5,5.24
X-4339,PRKAA1,5562.0,MutNovel,"L536F,0.307"
X-4339,PRKAG2,51422.0,MutNovel,"G2E,0.562"
X-4339,PRKY,5616.0,Del0.8,0.78
X-4339,PRMT10,90826.0,MutNovel,"L545V,0.312"
X-4339,PRPF38B,55119.0,MutNovel,"G324E,0.510"
X-4339,PRY,9081.0,Del0.8,0.78
X-4339,PRY,9081.0,Del0.8,0.78
X-4339,PRY2,442862.0,Del0.8,0.78
X-4339,PRY2,442862.0,Del0.8,0.78
X-4339,PTPRS,5802.0,MutNovel,"D1133E,0.237"
X-4339,PVRIG,79037.0,MutNovel,"C147S,0.333"
X-4339,PZP,5858.0,MutNovel,"G1090R,1.000"
X-4339,RAB26,25837.0,MutKnownFunctional,"IQ155I*,0.500"
X-4339,RAB3IP,117177.0,MutKnownFunctional,"W324*,1.000"
X-4339,RAD51AP1,10635.0,MutNovel,"V268I,0.383"
X-4339,RALGAPA1,253959.0,MutKnownFunctional,"CR1804C*,0.526"
X-4339,RAPGEF2,9693.0,MutNovel,"S1435L,0.340"
X-4339,RASA4,10156.0,MutNovel,"N512I,1.000"
X-4339,RBMY1A3P,286557.0,Del0.8,0.78
X-4339,RBMY1B,378948.0,Del0.8,0.78
X-4339,RBMY1B,378948.0,Del0.8,0.78
X-4339,RBMY1E,378950.0,Del0.8,0.78
X-4339,RBMY1E,378950.0,Del0.8,0.78
X-4339,RBMY1F,159163.0,Del0.8,0.78
X-4339,RBMY1F,159163.0,Del0.8,0.78
X-4339,RBMY1J,378951.0,Del0.8,0.78
X-4339,RBMY1J,378951.0,Del0.8,0.78
X-4339,RBMY2EP,159125.0,Del0.8,0.78
X-4339,RBMY2FP,159162.0,Del0.8,0.78
X-4339,RBMY3AP,64593.0,Del0.8,0.78
X-4339,RCBTB1,55213.0,MutNovel,"S474L,0.345"
X-4339,RCCD1,91433.0,Amp5,5.24
X-4339,RCN1,5954.0,MutNovel,"L274H,0.993"
X-4339,RDX,5962.0,MutNovel,"Y134H,0.462"
X-4339,RFPL1,5988.0,MutNovel,"S224G,1.000"
X-4339,RIN3,79890.0,MutNovel,"G967-,0.600"
X-4339,RNF44,22838.0,MutNovel,"Q133R,0.662"
X-4339,ROBO2,6092.0,MutNovel,"E319K,0.271"
X-4339,RPS27,6232.0,MutNovel,"P12S,0.441"
X-4339,RPS4Y1,6192.0,Del0.8,0.78
X-4339,RPS4Y2,140032.0,Del0.8,0.78
X-4339,RTEL1,51750.0,MutNovel,"GE794G,0.616"
X-4339,SACS,26278.0,MutNovel,"R3788C,0.327"
X-4339,SASH1,23328.0,MutNovel,"GSPA1024G,0.559"
X-4339,SBNO2,22904.0,MutKnownFunctional,"-58,0.385"
X-4339,SEMA4B,10509.0,MutNovel,"S346F,0.500"
X-4339,SERHL2,253190.0,MutNovel,"S271F,0.448"
X-4339,SERINC2,347735.0,MutNovel,"-373Q,0.724"
X-4339,SERPINB2,5055.0,MutNovel,"E271K,1.000"
X-4339,SERTAD3,29946.0,MutKnownFunctional,"R48*,0.562"
X-4339,SFMBT1,51460.0,MutNovel,"I107T,0.457"
X-4339,SH3D19,152503.0,MutKnownFunctional,"-791,0.875"
X-4339,SH3D21,79729.0,MutNovel,"P589L,0.567"
X-4339,SHC4,399694.0,MutNovel,"R89H,0.289"
X-4339,SIRPB1,10326.0,MutNovel,"V131T,1.000"
X-4339,SKIL,6498.0,MutNovel,"KT449K,0.395"
X-4339,SLC25A38,54977.0,MutKnownFunctional,"Q273*,0.683"
X-4339,SLC26A10,65012.0,MutNovel,"G156R,1.000"
X-4339,SLC35C2,51006.0,MutNovel,"T32I,0.406"
X-4339,SLC39A7,7922.0,MutNovel,"P190H,0.313"
X-4339,SLC5A4,6527.0,MutKnownFunctional,"-346?,0.484"
X-4339,SLFN5,162394.0,MutNovel,"S312C,1.000"
X-4339,SMARCC1,6599.0,MutNovel,"P502R,0.430"
X-4339,SMEK1,55671.0,MutNovel,"T783A,0.418"
X-4339,SNCA,6622.0,MutNovel,"A124S,0.298"
X-4339,SNRPG,6637.0,MutNovel,"L40F,0.826"
X-4339,SOGA2,,MutNovel,"R1469L,1.000"
X-4339,SPATA13,221178.0,MutNovel,"P30L,0.588"
X-4339,SPIN2B,474343.0,MutNovel,"A160V,1.000"
X-4339,SRY,6736.0,Del0.8,0.78
X-4339,ST3GAL3,6487.0,MutNovel,"P332L,0.425"
X-4339,STARD9,57519.0,MutNovel,"P3419S,0.517"
X-4339,STAT1,6772.0,MutNovel,"R274W,0.660"
X-4339,SUPV3L1,6832.0,MutNovel,"L364F,0.718"
X-4339,SYMPK,8189.0,MutNovel,"P217S,0.457"
X-4339,TARP,445347.0,Del0.8,0.51
X-4339,TBC1D1,23216.0,MutNovel,"H328L,0.306"
X-4339,TBC1D22A,25771.0,MutNovel,"E360K,0.403"
X-4339,TBL1Y,90665.0,Del0.8,0.78
X-4339,TBP,6908.0,MutNovel,"-64Q,0.256"
X-4339,TBPL1,9519.0,MutNovel,"H135Y,0.324"
X-4339,TCERG1,10915.0,MutNovel,"A189V,0.304"
X-4339,TDRD6,221400.0,MutKnownFunctional,"Y1514*,0.600"
X-4339,TEX264,51368.0,MutNovel,"P308S,0.590"
X-4339,TGIF2LY,90655.0,Del0.8,0.78
X-4339,THADA,63892.0,MutNovel,"S1340-,0.560"
X-4339,TIAM2,26230.0,MutNovel,"R1428L,0.368"
X-4339,TM9SF1,10548.0,MutNovel,"F169L,0.294"
X-4339,TMEM169,92691.0,MutNovel,"P267F,0.433"
X-4339,TMEM183A,92703.0,MutNovel,"R10M,0.444"
X-4339,TMEM246,,MutNovel,"T31R,1.000"
X-4339,TMSB4Y,9087.0,Del0.8,0.78
X-4339,TRAF3IP1,26146.0,MutNovel,"P468L,0.493"
X-4339,TRIM24,8805.0,MutNovel,"P210L,0.588"
X-4339,TRIM47,91107.0,MutNovel,"A131T,1.000"
X-4339,TRIM50,135892.0,MutNovel,"N159K,0.625"
X-4339,TRMT2B,79979.0,MutNovel,"P195S,1.000"
X-4339,TSC22D1,8848.0,MutNovel,"E1002G,0.349"
X-4339,TSPY1,7258.0,Del0.8,0.78
X-4339,TSPY2,64591.0,Del0.8,0.78
X-4339,TSPY3,728137.0,Del0.8,0.78
X-4339,TSPY4,728395.0,Del0.8,0.78
X-4339,TSPY8,728403.0,Del0.8,0.78
X-4339,TSPYL1,7259.0,MutNovel,"V176VW,0.489"
X-4339,TTC26,79989.0,MutKnownFunctional,"R522*,0.542"
X-4339,TTLL5,23093.0,MutNovel,"P888S,0.215"
X-4339,TTTY10,246119.0,Del0.8,0.78
X-4339,TTTY11,83866.0,Del0.8,0.78
X-4339,TTTY12,83867.0,Del0.8,0.78
X-4339,TTTY13,83868.0,Del0.8,0.78
X-4339,TTTY14,83869.0,Del0.8,0.78
X-4339,TTTY15,64595.0,Del0.8,0.78
X-4339,TTTY16,252948.0,Del0.8,0.78
X-4339,TTTY17A,252949.0,Del0.8,0.78
X-4339,TTTY17A,252949.0,Del0.8,0.78
X-4339,TTTY18,252950.0,Del0.8,0.78
X-4339,TTTY19,252952.0,Del0.8,0.78
X-4339,TTTY1B,100101116.0,Del0.8,0.78
X-4339,TTTY1B,100101116.0,Del0.8,0.78
X-4339,TTTY2,60439.0,Del0.8,0.78
X-4339,TTTY2,60439.0,Del0.8,0.78
X-4339,TTTY20,252951.0,Del0.8,0.78
X-4339,TTTY21,252953.0,Del0.8,0.78
X-4339,TTTY21,252953.0,Del0.8,0.78
X-4339,TTTY22,252954.0,Del0.8,0.78
X-4339,TTTY23,252955.0,Del0.8,0.78
X-4339,TTTY23,252955.0,Del0.8,0.78
X-4339,TTTY3,114760.0,Del0.8,0.78
X-4339,TTTY3,114760.0,Del0.8,0.78
X-4339,TTTY4,114761.0,Del0.8,0.78
X-4339,TTTY4,114761.0,Del0.8,0.78
X-4339,TTTY5,83863.0,Del0.8,0.78
X-4339,TTTY6,84672.0,Del0.8,0.78
X-4339,TTTY6,84672.0,Del0.8,0.78
X-4339,TTTY7,246122.0,Del0.8,0.78
X-4339,TTTY7,246122.0,Del0.8,0.78
X-4339,TTTY7B,100101120.0,Del0.8,0.78
X-4339,TTTY7B,100101120.0,Del0.8,0.78
X-4339,TTTY8,84673.0,Del0.8,0.78
X-4339,TTTY8,84673.0,Del0.8,0.78
X-4339,TTTY9A,83864.0,Del0.8,0.78
X-4339,TTTY9A,83864.0,Del0.8,0.78
X-4339,TUBB2A,7280.0,MutNovel,"R156W,0.326"
X-4339,TUBB2B,347733.0,MutNovel,"R156W,0.359"
X-4339,TXLNG2P,246126.0,Del0.8,0.78
X-4339,TYK2,7297.0,MutNovel,"S218F,0.520"
X-4339,TYMP,1890.0,MutNovel,"A239T,0.579"
X-4339,TYW3,127253.0,MutNovel,"R110G,0.415"
X-4339,UBXN11,91544.0,MutNovel,"A77V,0.455"
X-4339,UGT2B28,54490.0,Del0.8,0.38
X-4339,ULK2,9706.0,MutNovel,"P549T,0.314"
X-4339,UNC45A,55898.0,Amp5,5.24
X-4339,UNKL,64718.0,MutNovel,"G456S,0.731"
X-4339,USP2,9099.0,MutNovel,"F521S,1.000"
X-4339,USP32P2,220594.0,Del0.8,0.52
X-4339,USP40,55230.0,MutNovel,"E989K,0.225"
X-4339,USP9Y,8287.0,Del0.8,0.78
X-4339,UTY,7404.0,MutNovel,"I1071G,1.000"
X-4339,UTY,7404.0,MutNovel,"G1070T,1.000"
X-4339,UTY,7404.0,MutKnownFunctional,"S1068*,1.000"
X-4339,UTY,7404.0,MutNovel,"S1066T,1.000"
X-4339,UTY,7404.0,MutNovel,"GG1059VR,1.000"
X-4339,UTY,7404.0,MutNovel,"S1058D,1.000"
X-4339,UTY,7404.0,MutNovel,"LL1055GL,1.000"
X-4339,UTY,7404.0,MutNovel,"E1054L,1.000"
X-4339,UTY,7404.0,MutNovel,"C1052P,1.000"
X-4339,UTY,7404.0,MutNovel,"VG1048HC,1.000"
X-4339,UTY,7404.0,MutNovel,"E1042H,1.000"
X-4339,UTY,7404.0,MutNovel,"RH1028II,0.500"
X-4339,UTY,7404.0,MutNovel,"NY1026TG,0.500"
X-4339,UTY,7404.0,MutNovel,"WN1025LH,0.500"
X-4339,UTY,7404.0,MutNovel,"RP966SV,0.724"
X-4339,UTY,7404.0,MutNovel,"P965V,0.667"
X-4339,UTY,7404.0,MutNovel,"I957Y,0.533"
X-4339,UTY,7404.0,MutNovel,"LP926SS,0.212"
X-4339,UTY,7404.0,MutNovel,"P508L,0.500"
X-4339,UTY,7404.0,MutNovel,"N363K,0.550"
X-4339,UTY,7404.0,MutNovel,"G356C,0.750"
X-4339,UTY,7404.0,MutNovel,"L344C,0.625"
X-4339,UTY,7404.0,MutNovel,"QL343HW,0.750"
X-4339,UTY,7404.0,MutNovel,"I339R,0.333"
X-4339,UTY,7404.0,MutNovel,"A337Y,0.600"
X-4339,UTY,7404.0,MutNovel,"EA312VI,0.500"
X-4339,UTY,7404.0,MutNovel,"SE311KK,0.500"
X-4339,UTY,7404.0,MutNovel,"K310W,0.500"
X-4339,UTY,7404.0,MutNovel,"D309C,0.500"
X-4339,UTY,7404.0,MutNovel,"W284L,0.333"
X-4339,UTY,7404.0,MutNovel,"S280C,0.400"
X-4339,UTY,7404.0,MutNovel,"D277T,0.500"
X-4339,UTY,7404.0,MutNovel,"K272R,0.500"
X-4339,UTY,7404.0,MutNovel,"L270P,0.500"
X-4339,UTY,7404.0,MutNovel,"Q268P,0.500"
X-4339,UTY,7404.0,MutNovel,"A266S,0.500"
X-4339,UTY,7404.0,MutNovel,"E263D,0.333"
X-4339,UTY,7404.0,MutNovel,"T261S,0.286"
X-4339,UTY,7404.0,MutNovel,"V256D,0.222"
X-4339,UTY,7404.0,MutNovel,"HN251QS,0.400"
X-4339,UTY,7404.0,MutNovel,"H251F,0.300"
X-4339,UTY,7404.0,MutNovel,"H251Y,0.333"
X-4339,UTY,7404.0,MutNovel,"HH250LY,0.333"
X-4339,UTY,7404.0,MutKnownFunctional,"M249*,0.222"
X-4339,UTY,7404.0,MutNovel,"W248P,0.333"
X-4339,UTY,7404.0,MutNovel,"LG246CS,0.300"
X-4339,UTY,7404.0,MutNovel,"Q245C,0.300"
X-4339,UTY,7404.0,MutNovel,"Q244I,0.364"
X-4339,UTY,7404.0,MutNovel,"V242A,0.333"
X-4339,UTY,7404.0,MutNovel,"V242T,0.364"
X-4339,UTY,7404.0,MutNovel,"AT240QS,0.273"
X-4339,UTY,7404.0,MutNovel,"K239F,0.273"
X-4339,UTY,7404.0,MutNovel,"Q237K,0.250"
X-4339,UTY,7404.0,MutNovel,"A236V,0.385"
X-4339,UTY,7404.0,MutNovel,"A236L,0.385"
X-4339,UTY,7404.0,MutNovel,"NL233KS,0.214"
X-4339,UTY,7404.0,MutNovel,"E232L,0.214"
X-4339,UTY,7404.0,MutNovel,"QT230PE,0.286"
X-4339,UTY,7404.0,MutNovel,"LQ229NK,0.231"
X-4339,UTY,7404.0,MutNovel,"L228R,0.214"
X-4339,UTY,7404.0,MutNovel,"Y225M,0.300"
X-4339,UTY,7404.0,MutNovel,"A224L,0.273"
X-4339,UTY,7404.0,MutNovel,"H167C,0.214"
X-4339,UTY,7404.0,MutNovel,"AK163VL,0.231"
X-4339,UTY,7404.0,MutNovel,"A163P,0.214"
X-4339,UTY,7404.0,MutNovel,"C161S,0.214"
X-4339,UTY,7404.0,MutNovel,"F138L,0.692"
X-4339,UTY,7404.0,MutNovel,"V136N,0.692"
X-4339,UTY,7404.0,MutNovel,"GL134VP,0.562"
X-4339,UTY,7404.0,MutNovel,"G134C,0.538"
X-4339,UTY,7404.0,MutKnownFunctional,"YG131*L,0.667"
X-4339,UTY,7404.0,MutNovel,"L130S,0.636"
X-4339,UTY,7404.0,MutNovel,"AF128GG,0.667"
X-4339,UTY,7404.0,MutNovel,"AA127KT,0.667"
X-4339,UTY,7404.0,MutNovel,"N126R,0.615"
X-4339,UTY,7404.0,MutKnownFunctional,"K125*,0.462"
X-4339,UTY,7404.0,MutKnownFunctional,"WK124C*,0.714"
X-4339,UTY,7404.0,MutKnownFunctional,"WK124Y*,0.714"
X-4339,UTY,7404.0,MutKnownFunctional,"Y123*,0.786"
X-4339,UTY,7404.0,MutNovel,"D122L,0.727"
X-4339,UTY,7404.0,MutNovel,"QA120FT,0.700"
X-4339,UTY,7404.0,MutNovel,"L119N,0.583"
X-4339,UTY,7404.0,MutNovel,"YS117LR,0.667"
X-4339,UTY,7404.0,MutKnownFunctional,"Y116*,0.800"
X-4339,UTY,7404.0,MutNovel,"Y116L,0.800"
X-4339,UTY,7404.0,MutNovel,"QR114RS,0.667"
X-4339,UTY,7404.0,MutKnownFunctional,"Q114*,0.600"
X-4339,UTY,7404.0,MutKnownFunctional,"YQ113G*,0.600"
X-4339,UTY,7404.0,MutNovel,"SA111WQ,0.600"
X-4339,UTY,7404.0,MutNovel,"LS110TT,0.500"
X-4339,UTY,7404.0,MutNovel,"M49L,0.500"
X-4339,UTY,7404.0,MutNovel,"GM48AL,0.500"
X-4339,UTY,7404.0,MutNovel,"G47V,0.571"
X-4339,UTY,7404.0,MutNovel,"AL45RI,0.467"
X-4339,UTY,7404.0,MutNovel,"E44V,0.533"
X-4339,UTY,7404.0,MutNovel,"E44L,0.533"
X-4339,UTY,7404.0,MutNovel,"V40F,0.333"
X-4339,UTY,7404.0,MutNovel,"T39C,0.462"
X-4339,UTY,7404.0,MutNovel,"SL37IW,0.364"
X-4339,UTY,7404.0,MutNovel,"V36E,0.333"
X-4339,UTY,7404.0,MutNovel,"E34G,0.308"
X-4339,UTY,7404.0,MutKnownFunctional,"EE32S*,0.308"
X-4339,UTY,7404.0,MutNovel,"S31T,0.308"
X-4339,UTY,7404.0,MutNovel,"R29L,0.385"
X-4339,UTY,7404.0,MutKnownFunctional,"AS27*G,0.357"
X-4339,UTY,7404.0,MutNovel,"K26S,0.231"
X-4339,UTY,7404.0,MutNovel,"G25L,0.316"
X-4339,UTY,7404.0,MutNovel,"MA22IK,0.278"
X-4339,UTY,7404.0,MutNovel,"KM21NL,0.235"
X-4339,UTY,7404.0,Del0.8,0.78
X-4339,VCY,9084.0,Del0.8,0.78
X-4339,VCY,9084.0,Del0.8,0.78
X-4339,VEPH1,79674.0,MutNovel,"E466D,0.437"
X-4339,VPS33B,26276.0,Amp5,5.24
X-4339,VPS36,51028.0,MutKnownFunctional,"E70*,0.222"
X-4339,WAPAL,23063.0,MutNovel,"E1092K,0.624"
X-4339,WDFY3,23001.0,MutNovel,"NL1629KI,0.316"
X-4339,WDR96,80217.0,MutNovel,"M1352I,0.571"
X-4339,WHSC1,7468.0,MutNovel,"H768L,0.759"
X-4339,WNT3,7473.0,MutKnownFunctional,"W222*,1.000"
X-4339,WTAP,9589.0,MutNovel,"M78L,0.330"
X-4339,XKR8,55113.0,MutNovel,"L10-,0.472"
X-4339,XKRY2,353515.0,Del0.8,0.78
X-4339,XKRY2,353515.0,Del0.8,0.78
X-4339,XPO7,23039.0,MutNovel,"S271F,0.347"
X-4339,YLPM1,56252.0,MutNovel,"V1896I,0.680"
X-4339,YLPM1,56252.0,MutKnownFunctional,"Q1965*,0.417"
X-4339,ZBTB22,9278.0,MutNovel,"G631E,0.724"
X-4339,ZC3H4,23211.0,MutKnownFunctional,"Q850*,0.635"
X-4339,ZC3HAV1,56829.0,MutNovel,"S644F,0.621"
X-4339,ZDHHC11,79844.0,MutNovel,"A303D,0.500"
X-4339,ZFHX4,79776.0,MutNovel,"E2841K,0.500"
X-4339,ZFP161,7541.0,MutNovel,"S341L,1.000"
X-4339,ZFY,7544.0,Del0.8,0.78
X-4339,ZMYM2,7750.0,MutNovel,"R1180Q,0.357"
X-4339,ZNF181,339318.0,MutNovel,"H539P,0.500"
X-4339,ZNF526,116115.0,MutNovel,"L515R,0.475"
X-4339,ZNF621,285268.0,MutNovel,"K303I,0.578"
X-4339,ZNF772,400720.0,MutNovel,"A4GP,0.455"
X-4339,ZNF775,285971.0,MutNovel,"K373G,0.571"
X-4339,ZNRF3,84133.0,MutNovel,"A224V,0.302"
X-4426,ABCA11P,79963.0,Del0.8,0.39
X-4426,ACAN,176.0,MutNovel,"E1409D,0.700"
X-4426,ACOT1,641371.0,Del0.8,0.63
X-4426,ACSS3,79611.0,Amp5,7.36
X-4426,ADAM3A,1587.0,Del0.8,0.33
X-4426,ADAM5P,255926.0,Del0.8,0.76
X-4426,AEN,64782.0,MutNovel,"L182R,0.635"
X-4426,AGAP7,653268.0,MutNovel,"K507N,1.000"
X-4426,AGAP8,728404.0,MutKnownFunctional,"-19?,1.000"
X-4426,AIM1,202.0,MutNovel,"R1575C,0.650"
X-4426,AK4,205.0,Amp8,15.67
X-4426,ALG1L,200810.0,MutNovel,"M84T,0.286"
X-4426,ALLC,55821.0,MutNovel,"E301-,0.405"
X-4426,AMELY,266.0,Del0.8,0.29
X-4426,AMOTL1,154810.0,MutNovel,"S621A,0.487"
X-4426,AQP7,364.0,MutNovel,"A176E,0.667"
X-4426,ARHGEF10L,55160.0,Amp5,5.98
X-4426,ASNSD1,54529.0,MutNovel,"A587G,0.368"
X-4426,ATG2A,23130.0,MutNovel,"V495M,0.469"
X-4426,ATP10B,23120.0,MutNovel,"C805F,0.333"
X-4426,ATP13A3,79572.0,MutNovel,"I975V,0.469"
X-4426,ATP1A1,476.0,Amp8,14.03
X-4426,ATP1A1OS,84852.0,Amp8,14.03
X-4426,ATP6V1H,51606.0,Amp8,13.93
X-4426,AVIL,10677.0,Amp8,9.25
X-4426,BAK1,578.0,MutNovel,"V158L,0.330"
X-4426,BCORP1,286554.0,Del0.8,0.26
X-4426,BEST3,144453.0,Amp8,13.93
X-4426,BPY2B,442867.0,Del0.8,0.15
X-4426,BPY2B,442867.0,Del0.8,0.15
X-4426,C11orf74,119710.0,MutNovel,"D161H,0.560"
X-4426,C16orf55,124045.0,MutKnownFunctional,"-136?,0.950"
X-4426,C17orf97,400566.0,MutNovel,"E230K,0.833"
X-4426,C20orf201,198437.0,MutNovel,"V123D,0.522"
X-4426,C20orf201,198437.0,MutNovel,"E7Q,0.400"
X-4426,C21orf56,84221.0,MutNovel,"E14K,0.455"
X-4426,C5orf28,64417.0,Amp5,5.7
X-4426,C5orf34,375444.0,Amp5,5.7
X-4426,C5orf51,285636.0,Amp5,5.62
X-4426,C6,729.0,Amp5,5.62
X-4426,C7orf57,136288.0,MutNovel,"N191S,0.750"
X-4426,C8orf22,492307.0,Amp8,14.32
X-4426,C8orf74,203076.0,Amp8,18.25
X-4426,CABLES1,91768.0,MutNovel,"E178K,0.587"
X-4426,CACHD1,57685.0,Amp8,16.56
X-4426,CAND1,55832.0,Amp8,17.03
X-4426,CASKIN1,57524.0,MutNovel,"A958G,0.467"
X-4426,CASQ2,845.0,Amp8,14.03
X-4426,CCL28,56477.0,Amp5,5.7
X-4426,CCT2,10576.0,Amp8,18.9
X-4426,CD101,9398.0,Amp8,14.03
X-4426,CD2,914.0,Amp8,14.03
X-4426,CD58,965.0,Amp8,14.03
X-4426,CDC42EP1,11135.0,MutNovel,"PAPAANPS253P,0.737"
X-4426,CDK4,1019.0,Amp8,9.25
X-4426,CDY1B,253175.0,Del0.8,0.15
X-4426,CDY1B,253175.0,Del0.8,0.15
X-4426,CDY2A,9426.0,Del0.8,0.14
X-4426,CDY2A,9426.0,Del0.8,0.14
X-4426,CDY2B,203611.0,Del0.8,0.14
X-4426,CDY2B,203611.0,Del0.8,0.14
X-4426,CEBPD,1052.0,Amp5,6.73
X-4426,CFHR1,3078.0,Amp5,5.31
X-4426,CFHR3,10878.0,Amp5,5.78
X-4426,CHCHD7,79145.0,Amp8,16.8
X-4426,CHD7,55636.0,MutNovel,"N454S,0.639"
X-4426,CHD7,55636.0,MutNovel,"D2852E,0.672"
X-4426,CHKA,1119.0,MutNovel,"P70RCP,0.259"
X-4426,CLDN23,137075.0,Amp8,18.51
X-4426,CLSTN1,22883.0,MutNovel,"P374L,0.333"
X-4426,CNOT2,4848.0,Amp8,21.41
X-4426,COBLL1,22837.0,MutNovel,"K712N,0.361"
X-4426,COL5A2,1290.0,MutNovel,"R1283H,0.322"
X-4426,COPS6,10980.0,MutNovel,"M1MAA,0.295"
X-4426,CPM,1368.0,Amp8,29.45
X-4426,CPSF6,11052.0,Amp8,18.9
X-4426,CRISPLD2,83716.0,Amp5,6.32
X-4426,CROCC,9696.0,Del0.8,0.73
X-4426,CSDE1,7812.0,Amp8,22.47
X-4426,CSPG4P1Y,114758.0,Del0.8,0.15
X-4426,CSPG4P1Y,114758.0,Del0.8,0.15
X-4426,CTDSP2,10106.0,Amp8,9.25
X-4426,CTSA,5476.0,MutNovel,"L29-,0.799"
X-4426,CYP27B1,1594.0,Amp8,9.25
X-4426,CYP7A1,1581.0,Amp8,15.78
X-4426,DAZ1,1617.0,Del0.8,0.15
X-4426,DAZ2,57055.0,Del0.8,0.15
X-4426,DAZ3,57054.0,Del0.8,0.15
X-4426,DAZ3,57054.0,Del0.8,0.15
X-4426,DAZ4,57135.0,Del0.8,0.15
X-4426,DAZ4,57135.0,Del0.8,0.15
X-4426,DCDC2B,149069.0,MutKnownFunctional,"-17?,0.700"
X-4426,DDX25,29118.0,MutNovel,"R103Q,0.500"
X-4426,DDX3Y,8653.0,Del0.8,0.25
X-4426,DEFB103A,414325.0,Amp5,5.98
X-4426,DEFB103A,414325.0,Amp5,5.98
X-4426,DEFB104B,503618.0,Amp5,5.98
X-4426,DEFB104B,503618.0,Amp5,5.98
X-4426,DEFB105B,504180.0,Amp5,5.98
X-4426,DEFB105B,504180.0,Amp5,5.98
X-4426,DEFB106B,503841.0,Amp5,5.98
X-4426,DEFB106B,503841.0,Amp5,5.98
X-4426,DEFB107A,245910.0,Amp5,5.98
X-4426,DEFB107A,245910.0,Amp5,5.98
X-4426,DEFB4A,1673.0,Amp5,5.98
X-4426,DEFB4B,100289462.0,Amp5,5.98
X-4426,DLL3,10683.0,MutNovel,"P361S,0.472"
X-4426,DNAJC6,9829.0,Amp8,15.67
X-4426,DRD4,1815.0,MutNovel,"P303Q,0.533"
X-4426,DTNB,1838.0,MutNovel,"D71N,0.332"
X-4426,DTX1,1840.0,MutNovel,"D573Y,0.393"
X-4426,DYRK2,8445.0,Amp8,22.01
X-4426,EFCAB1,79645.0,Amp8,14.32
X-4426,EFHD1,80303.0,MutNovel,"L6R,0.633"
X-4426,EID2,163126.0,MutNovel,"AAARGAPVA72A,0.357"
X-4426,EIF1AY,9086.0,Del0.8,0.26
X-4426,ERI1,90459.0,Amp8,18.51
X-4426,ETFB,2109.0,MutKnownFunctional,"-93?,0.700"
X-4426,FAM106A,80039.0,Del0.8,0.77
X-4426,FAM110B,90362.0,Amp8,27.86
X-4426,FAM150A,389658.0,Amp8,15.78
X-4426,FAM171B,165215.0,MutNovel,"-50Q,0.500"
X-4426,FAM197Y2P,252946.0,Del0.8,0.25
X-4426,FAM41AY1,340618.0,Del0.8,0.25
X-4426,FAM41AY1,340618.0,Del0.8,0.14
X-4426,FAM46C,54855.0,Amp8,14.03
X-4426,FAM59B,150946.0,MutNovel,"Q407R,0.500"
X-4426,FAM66D,100132923.0,Amp5,7.11
X-4426,FAM74A4,401508.0,Del0.8,0.66
X-4426,FAM75A6,389730.0,MutKnownFunctional,"Y1260*,1.000"
X-4426,FAM75C1,441452.0,MutNovel,"R1176Q,0.448"
X-4426,FAM75C2,645961.0,MutNovel,"T761A,0.896"
X-4426,FAM86B1,85002.0,MutNovel,"S81P,0.429"
X-4426,FAM86B1,85002.0,Amp5,7.11
X-4426,FAM86B2,653333.0,Amp5,5.74
X-4426,FAM92B,339145.0,Amp5,6.32
X-4426,FBXO4,26272.0,Amp5,5.62
X-4426,FGF10,2255.0,Amp5,5.7
X-4426,FHOD1,29109.0,MutNovel,"A404T,0.674"
X-4426,FLJ10661,286042.0,Amp8,8.63
X-4426,FOXN2,3344.0,MutNovel,"P153L,0.417"
X-4426,FRS2,10818.0,Amp8,18.9
X-4426,GCAT,23464.0,MutNovel,"S180L,1.000"
X-4426,GCNT2,2651.0,MutKnownFunctional,"E62*,0.444"
X-4426,GDAP2,54834.0,Amp8,14.03
X-4426,GIPC3,126326.0,MutNovel,"E2K,1.000"
X-4426,GLI2,2736.0,MutNovel,"D705N,0.429"
X-4426,GOLGA2P2Y,84559.0,Del0.8,0.15
X-4426,GOLGA2P2Y,84559.0,Del0.8,0.15
X-4426,GOLGA8H,,MutNovel,"L311V,1.000"
X-4426,GOLGA8H,,MutNovel,"C459R,0.400"
X-4426,GOSR2,9570.0,MutNovel,"F5Y,0.403"
X-4426,GPR31,2853.0,Del0.8,0.47
X-4426,GRIP1,23426.0,Amp8,18.38
X-4426,GSTM1,2944.0,Del0.8,0.77
X-4426,GSTT2,2953.0,Del0.8,0.73
X-4426,GYG2P1,352887.0,Del0.8,0.25
X-4426,HCN1,348980.0,Amp5,5.7
X-4426,HCN2,610.0,MutNovel,"R76H,1.000"
X-4426,HEATR7B2,133558.0,Amp5,5.62
X-4426,HEG1,57493.0,MutNovel,"R31Q,1.000"
X-4426,HELB,92797.0,Amp8,15.24
X-4426,HEYL,26508.0,MutKnownFunctional,"-284,0.345"
X-4426,HLA-DQB2,3120.0,MutNovel,"D162G,1.000"
X-4426,HLA-G,3135.0,MutNovel,"T187P,0.750"
X-4426,HMGA2,8091.0,Amp8,15.24
X-4426,HMGCS1,3157.0,Amp5,5.7
X-4426,HNRNPA0,10949.0,MutNovel,"Y220F,0.358"
X-4426,HRC,3270.0,MutNovel,"DV261V,0.500"
X-4426,HSD17B4,3295.0,MutNovel,"L196V,0.703"
X-4426,HSFY2,159119.0,Del0.8,0.14
X-4426,HSFY2,159119.0,Del0.8,0.14
X-4426,IFNG,3458.0,Amp8,22.01
X-4426,IGSF3,3321.0,MutNovel,"D1041E,0.249"
X-4426,IGSF3,3321.0,Amp8,14.03
X-4426,IL17RE,132014.0,MutNovel,"P524R,0.538"
X-4426,IL22,50616.0,Amp8,22.01
X-4426,IL26,55801.0,Amp8,22.01
X-4426,IMPAD1,54928.0,Amp8,13
X-4426,IRAK3,11213.0,Amp8,15.24
X-4426,JAK1,3716.0,Amp8,12.82
X-4426,KALRN,8997.0,MutNovel,"G1239R,0.615"
X-4426,KCNMB4,27345.0,Amp8,21.41
X-4426,KDM5D,8284.0,Del0.8,0.26
X-4426,KGFLP1,387628.0,Del0.8,0.66
X-4426,KIAA0146,23514.0,Amp5,6.73
X-4426,KIAA0513,9764.0,Amp5,6.32
X-4426,KIAA0528,9847.0,MutNovel,"G642V,0.568"
X-4426,KIF12,113220.0,MutNovel,"R404G,0.500"
X-4426,KIF18A,81930.0,MutNovel,"S883N,0.510"
X-4426,KIF21A,55605.0,Amp5,6.82
X-4426,LACE1,246269.0,MutNovel,"Y133C,0.500"
X-4426,LAMA1,284217.0,MutNovel,"E2965G,0.561"
X-4426,LEPR,3953.0,Amp8,15.67
X-4426,LEPROT,54741.0,Amp8,15.67
X-4426,LGALS9C,654346.0,Del0.8,0.77
X-4426,LGR5,8549.0,Amp8,24.76
X-4426,LINC00226,338004.0,Del0.8,0.31
X-4426,LINC00293,497634.0,Amp5,6.73
X-4426,LINC00311,197196.0,Amp5,5.82
X-4426,LLPH,84298.0,Amp8,15.24
X-4426,LOC100130705,100130705.0,MutNovel,"R3W,1.000"
X-4426,LOC100132356,100132356.0,Amp5,5.7
X-4426,LOC100287846,100287846.0,Amp5,6.73
X-4426,LOC100288332,,MutNovel,"L270V,0.500"
X-4426,LOC100506844,100506844.0,Amp5,6.59
X-4426,LOC100506990,100506990.0,Amp5,5.74
X-4426,LOC100507250,100507250.0,Amp8,30.91
X-4426,LOC100507632,100507632.0,Amp8,16.8
X-4426,LOC100507651,100507651.0,Amp8,9.19
X-4426,LOC100996459,,MutNovel,"I56V,0.500"
X-4426,LOC153684,153684.0,Amp5,5.7
X-4426,LOC157273,157273.0,Amp8,18.51
X-4426,LOC286177,286177.0,Amp8,14.12
X-4426,LOC400548,400548.0,Amp5,6.32
X-4426,LOC642643,,MutNovel,"E124G,1.000"
X-4426,LOC648987,648987.0,Amp5,5.7
X-4426,LRBA,987.0,MutNovel,"E1211K,0.520"
X-4426,LRRC10,376132.0,Amp8,18.9
X-4426,LRRC14,9684.0,MutNovel,"R95W,0.617"
X-4426,LRRC16B,90668.0,MutNovel,"P1084H,1.000"
X-4426,LSR,51599.0,MutNovel,"G518GR,0.846"
X-4426,LYN,4067.0,Amp8,15.24
X-4426,LYPLA1,10434.0,Amp8,17.15
X-4426,LYZ,4069.0,Amp8,18.9
X-4426,MAB21L3,126868.0,Amp8,14.03
X-4426,MAGEC1,9947.0,MutNovel,"V307T,0.441"
X-4426,MAGEC1,9947.0,MutNovel,"L337P,1.000"
X-4426,MAGEC1,9947.0,MutNovel,"S344R,0.306"
X-4426,MAGEC1,9947.0,MutNovel,"F381S,0.750"
X-4426,MAGEC1,9947.0,MutNovel,"L386V,0.571"
X-4426,MAGEC1,9947.0,MutNovel,"H397Q,0.973"
X-4426,MAN1A2,10905.0,Amp8,14.03
X-4426,MAN1B1,11253.0,MutNovel,"F19L,0.462"
X-4426,2014-03-09 00:00:00,92979.0,Amp8,9.25
X-4426,MCM4,4173.0,Amp5,6.73
X-4426,MDC1,9656.0,MutNovel,"P1177S,0.251"
X-4426,MDM1,56890.0,Amp8,22.01
X-4426,MDM2,4193.0,Amp8,23.75
X-4426,MED15,51586.0,MutNovel,"-251Q,0.399"
X-4426,MED19,219541.0,MutNovel,"A49S,0.615"
X-4426,MEF2A,4205.0,MutNovel,"QQ412-,0.206"
X-4426,METTL1,4234.0,Amp8,9.25
X-4426,METTL21B,25895.0,Amp8,9.25
X-4426,MFHAS1,9258.0,Amp8,18.51
X-4426,MIB2,142678.0,MutNovel,"R222H,0.678"
X-4426,MIR101-1,406893.0,Amp8,15.67
X-4426,MIR124-1,406907.0,Amp8,18.51
X-4426,MIR1279,100302182.0,Amp8,18.9
X-4426,MIR1322,100302166.0,Amp8,18.25
X-4426,MIR26A2,407016.0,Amp8,9.25
X-4426,MIR320B1,100302117.0,Amp8,14.03
X-4426,MIR3671,100500854.0,Amp8,15.67
X-4426,MIR3675,100500876.0,Del0.8,0.58
X-4426,MIR3913-1,100500903.0,Amp8,18.9
X-4426,MIR3913-2,100500868.0,Amp8,18.9
X-4426,MIR4660,100616350.0,Amp8,18.51
X-4426,MIR4675,100616383.0,Del0.8,0.7
X-4426,MIR4699,100616133.0,Amp5,7.36
X-4426,MIR4794,100616338.0,Amp8,16.56
X-4426,MIR597,693182.0,Amp8,18.51
X-4426,MIR942,100126331.0,Amp8,14.03
X-4426,MLH3,27030.0,MutNovel,"T1119A,1.000"
X-4426,MOS,4342.0,Amp8,16.8
X-4426,MPRIP,23164.0,MutNovel,"TS178T,0.206"
X-4426,MRPL15,29088.0,Amp8,17.15
X-4426,MRPS30,10884.0,Amp5,5.7
X-4426,MRS2P2,729633.0,Amp8,16.8
X-4426,MSRA,4482.0,Amp8,21.26
X-4426,MST1,4485.0,MutNovel,"C338R,0.396"
X-4426,MUCL1,118430.0,Amp5,5.78
X-4426,NAGPA,51172.0,MutNovel,"A56V,0.577"
X-4426,NBAS,51594.0,MutKnownFunctional,"-229?,0.375"
X-4426,NBPF12,,MutNovel,"C42S,0.400"
X-4426,NBPF12,,MutNovel,"E150D,0.340"
X-4426,NBPF12,,MutNovel,"E2409G,1.000"
X-4426,NBPF9,400818.0,MutNovel,"P546A,1.000"
X-4426,NCOR2,9612.0,MutNovel,"G1839GAAA,0.271"
X-4426,NCRNA00185,55410.0,Del0.8,0.26
X-4426,NCSTN,23385.0,MutNovel,"D69E,0.256"
X-4426,NGF,4803.0,Amp8,14.03
X-4426,NHLH2,4808.0,Amp8,14.03
X-4426,NIM1,167359.0,Amp5,5.7
X-4426,NLGN4Y,22829.0,Del0.8,0.25
X-4426,NNT,23530.0,Amp5,5.7
X-4426,NPBWR1,2831.0,Amp8,13.93
X-4426,NRAS,4893.0,Amp8,36
X-4426,NSMAF,8439.0,Amp8,15.78
X-4426,NUDT11,55190.0,MutKnownFunctional,"-1,0.429"
X-4426,NUP107,57122.0,Amp8,30.91
X-4426,NXF1,10482.0,MutNovel,"L214V,0.473"
X-4426,OBSL1,23363.0,MutNovel,"L1002F,0.354"
X-4426,OGFR,11054.0,MutNovel,"E305V,0.250"
X-4426,OPRK1,4986.0,Amp8,13.93
X-4426,OR2L3,391192.0,MutNovel,"F199L,1.000"
X-4426,OR2L3,391192.0,MutNovel,"T202A,1.000"
X-4426,OR2L8,391190.0,MutNovel,"L132P,1.000"
X-4426,OR2T10,127069.0,Amp5,5.21
X-4426,OR2T11,127077.0,Amp5,5.21
X-4426,OR2T29,343563.0,Amp5,5.21
X-4426,OR2T34,127068.0,Amp5,5.21
X-4426,OR2T35,403244.0,Amp5,5.21
X-4426,ORAI1,84876.0,MutNovel,"PP43-,0.750"
X-4426,OSGIN1,29948.0,MutNovel,"Q221H,0.333"
X-4426,OXCT1,5019.0,Amp5,5.62
X-4426,PAIP1,10605.0,Amp5,5.7
X-4426,PCDH11Y,83259.0,Del0.8,0.29
X-4426,PCDHGA11,56105.0,MutNovel,"P450H,0.894"
X-4426,PCMTD1,115294.0,Amp8,14.83
X-4426,PENK,5179.0,Amp8,16.8
X-4426,PHLDA1,22822.0,MutNovel,"QQ194Q,0.544"
X-4426,PHLDB3,653583.0,MutKnownFunctional,"Y434*,0.429"
X-4426,PINX1,54984.0,Amp8,18.25
X-4426,PKM,,MutNovel,"T36S,0.471"
X-4426,PLAG1,5324.0,Amp8,16.8
X-4426,PLCXD3,345557.0,Amp5,5.62
X-4426,PLEKHG1,57480.0,Del0.8,0.58
X-4426,POLR2J2,246721.0,MutNovel,"F10L,0.208"
X-4426,PPFIA2,8499.0,Amp5,7.46
X-4426,PPP1R3B,79660.0,Amp8,18.51
X-4426,PRKDC,5591.0,Amp5,6.73
X-4426,PRKY,5616.0,Del0.8,0.29
X-4426,PRRT2,112476.0,MutNovel,"P144L,0.419"
X-4426,PRSS55,203074.0,Amp8,18.25
X-4426,PRY,9081.0,Del0.8,0.26
X-4426,PRY,9081.0,Del0.8,0.15
X-4426,PRY2,442862.0,Del0.8,0.26
X-4426,PRY2,442862.0,Del0.8,0.15
X-4426,PTGFRN,5738.0,Amp8,14.03
X-4426,PTPRB,5787.0,Amp8,21.41
X-4426,PTPRR,5801.0,Amp8,19.84
X-4426,PVRL1,5818.0,MutNovel,"G404D,0.580"
X-4426,PXDNL,137902.0,Amp8,17.88
X-4426,RAB21,23011.0,Amp8,16.8
X-4426,RAB3IP,117177.0,Amp8,13.93
X-4426,RANBP17,64901.0,MutNovel,"L724F,0.643"
X-4426,RAVER2,55225.0,Amp8,16.56
X-4426,RB1CC1,9821.0,Amp8,16
X-4426,RBM6,10180.0,MutKnownFunctional,"-990,0.399"
X-4426,RBMY1A3P,286557.0,Del0.8,0.25
X-4426,RBMY1B,378948.0,Del0.8,0.26
X-4426,RBMY1B,378948.0,Del0.8,0.26
X-4426,RBMY1E,378950.0,Del0.8,0.26
X-4426,RBMY1E,378950.0,Del0.8,0.26
X-4426,RBMY1F,159163.0,Del0.8,0.26
X-4426,RBMY1F,159163.0,Del0.8,0.2
X-4426,RBMY1J,378951.0,Del0.8,0.26
X-4426,RBMY1J,378951.0,Del0.8,0.15
X-4426,RBMY2EP,159125.0,Del0.8,0.26
X-4426,RBMY2FP,159162.0,Del0.8,0.26
X-4426,RBMY3AP,64593.0,Del0.8,0.25
X-4426,RC3H2,54542.0,MutNovel,"K99E,0.553"
X-4426,RGPD3,653489.0,MutNovel,"V1682D,1.000"
X-4426,RGPD3,653489.0,MutNovel,"E1677A,1.000"
X-4426,RGS20,8601.0,Amp8,15.45
X-4426,RIN3,79890.0,MutNovel,"G967-,0.650"
X-4426,RP1,6101.0,Amp8,17.15
X-4426,RP1L1,94137.0,Amp8,18.25
X-4426,RPS20,6224.0,Amp8,16.8
X-4426,RPS4Y1,6192.0,Del0.8,0.29
X-4426,RPS4Y2,140032.0,Del0.8,0.26
X-4426,RPSAP52,204010.0,Amp8,15.24
X-4426,RSPH10B2,728194.0,MutNovel,"C533F,1.000"
X-4426,SBF1P1,100133234.0,Amp8,17.15
X-4426,SCAPER,49855.0,Del0.8,0.68
X-4426,SDCBP,6386.0,Amp8,15.78
X-4426,SDR16C5,195814.0,Amp8,16.8
X-4426,SERINC2,347735.0,MutNovel,"-373Q,0.678"
X-4426,SGK223,157285.0,Amp8,14.83
X-4426,SH3RF3,344558.0,MutNovel,"R737C,0.286"
X-4426,SIKE1,80143.0,Amp8,14.03
X-4426,SIN3A,25942.0,MutNovel,"I1001M,0.512"
X-4426,SIPA1,6494.0,MutNovel,"K977V,0.609"
X-4426,SIRPA,140885.0,MutNovel,"A7V,0.267"
X-4426,SLC22A15,55356.0,Amp8,14.03
X-4426,SLC35E3,55508.0,Amp8,30.91
X-4426,SLC6A17,388662.0,MutNovel,"P175L,0.833"
X-4426,SLC7A2,6542.0,MutNovel,"A571V,0.298"
X-4426,SMC4,10051.0,MutNovel,"N377S,0.516"
X-4426,SNAI2,6591.0,Amp8,14.32
X-4426,SNORD54,26795.0,Amp8,16.8
X-4426,SNTB1,6641.0,MutNovel,"V3GRL,0.375"
X-4426,SNTG1,54212.0,Amp8,16.68
X-4426,SOX1,6656.0,MutNovel,"MGV155M,0.500"
X-4426,SOX1,6656.0,MutNovel,"A380AGV,0.645"
X-4426,SOX17,64321.0,Amp8,17.15
X-4426,SOX7,83595.0,Amp8,18.25
X-4426,SPAG11A,653423.0,Amp5,5.98
X-4426,SPAG11B,10407.0,Amp5,5.98
X-4426,SPAG11B,10407.0,Amp5,5.98
X-4426,SPCS3,60559.0,MutNovel,"N139T,0.533"
X-4426,SPDYE2L,,MutNovel,"T320M,1.000"
X-4426,SRF,6722.0,MutNovel,"A62T,0.440"
X-4426,SRY,6736.0,Del0.8,0.29
X-4426,ST18,9705.0,Amp8,15.67
X-4426,ST5,6764.0,MutNovel,"GRR173G,0.566"
X-4426,SYCP1,6847.0,Amp8,14.03
X-4426,TANC2,26115.0,MutNovel,"QPPP1380Q,0.424"
X-4426,TBC1D15,64786.0,Amp8,16.8
X-4426,TBL1Y,90665.0,Del0.8,0.29
X-4426,TCEA1,6917.0,Amp8,17.15
X-4426,TCERG1,10915.0,MutNovel,"QAQA210-,0.386"
X-4426,TCF19,6941.0,MutNovel,"G289R,0.344"
X-4426,TGIF2LY,90655.0,Del0.8,0.29
X-4426,TGS1,96764.0,Amp8,17.15
X-4426,THAP2,83591.0,Amp8,16.8
X-4426,TLK2,11011.0,MutNovel,"R262Q,0.356"
X-4426,TM2D2,83877.0,MutNovel,"S74F,0.662"
X-4426,TMBIM4,51643.0,Amp8,15.24
X-4426,TMEM131,23505.0,MutNovel,"T13N,0.412"
X-4426,TMEM19,55266.0,Amp8,16.8
X-4426,TMEM68,137695.0,Amp8,17.15
X-4426,TMSB4Y,9087.0,Del0.8,0.25
X-4426,TNKS,8658.0,Amp8,18.51
X-4426,TOX,9760.0,Amp8,18.25
X-4426,TPH2,121278.0,Amp8,13.27
X-4426,TRHDE,29953.0,Amp5,7.26
X-4426,TRIM45,80263.0,Amp8,14.03
X-4426,TSFM,10102.0,Amp8,9.25
X-4426,TSHB,7252.0,Amp8,14.03
X-4426,TSPAN2,10100.0,Amp8,14.03
X-4426,TSPAN31,6302.0,Amp8,9.25
X-4426,TSPAN8,7103.0,Amp8,24.76
X-4426,TSPY1,7258.0,Del0.8,0.25
X-4426,TSPY2,64591.0,Del0.8,0.29
X-4426,TSPY3,728137.0,Del0.8,0.25
X-4426,TSPY4,728395.0,Del0.8,0.25
X-4426,TSPY8,728403.0,Del0.8,0.25
X-4426,TSPYL1,7259.0,MutNovel,"V176VW,0.368"
X-4426,TSR1,55720.0,MutNovel,"VG269G,0.456"
X-4426,TTF2,8458.0,Amp8,14.03
X-4426,TTTY10,246119.0,Del0.8,0.26
X-4426,TTTY11,83866.0,Del0.8,0.25
X-4426,TTTY12,83867.0,Del0.8,0.25
X-4426,TTTY13,83868.0,Del0.8,0.26
X-4426,TTTY14,83869.0,Del0.8,0.26
X-4426,TTTY15,64595.0,Del0.8,0.25
X-4426,TTTY16,252948.0,Del0.8,0.25
X-4426,TTTY17A,252949.0,Del0.8,0.15
X-4426,TTTY17A,252949.0,Del0.8,0.15
X-4426,TTTY18,252950.0,Del0.8,0.25
X-4426,TTTY19,252952.0,Del0.8,0.25
X-4426,TTTY1B,100101116.0,Del0.8,0.25
X-4426,TTTY1B,100101116.0,Del0.8,0.29
X-4426,TTTY2,60439.0,Del0.8,0.29
X-4426,TTTY2,60439.0,Del0.8,0.25
X-4426,TTTY20,252951.0,Del0.8,0.25
X-4426,TTTY21,252953.0,Del0.8,0.29
X-4426,TTTY21,252953.0,Del0.8,0.25
X-4426,TTTY22,252954.0,Del0.8,0.25
X-4426,TTTY23,252955.0,Del0.8,0.25
X-4426,TTTY23,252955.0,Del0.8,0.29
X-4426,TTTY3,114760.0,Del0.8,0.15
X-4426,TTTY3,114760.0,Del0.8,0.15
X-4426,TTTY4,114761.0,Del0.8,0.15
X-4426,TTTY4,114761.0,Del0.8,0.15
X-4426,TTTY5,83863.0,Del0.8,0.26
X-4426,TTTY6,84672.0,Del0.8,0.26
X-4426,TTTY6,84672.0,Del0.8,0.15
X-4426,TTTY7,246122.0,Del0.8,0.29
X-4426,TTTY7,246122.0,Del0.8,0.25
X-4426,TTTY7B,100101120.0,Del0.8,0.29
X-4426,TTTY7B,100101120.0,Del0.8,0.25
X-4426,TTTY8,84673.0,Del0.8,0.29
X-4426,TTTY8,84673.0,Del0.8,0.25
X-4426,TTTY9A,83864.0,Del0.8,0.14
X-4426,TTTY9A,83864.0,Del0.8,0.14
X-4426,TXLNG2P,246126.0,Del0.8,0.26
X-4426,UBE2U,148581.0,Amp5,5.39
X-4426,UBE2V2,7336.0,Amp8,9.06
X-4426,UBXN2B,137886.0,Amp8,15.78
X-4426,USP17L2,377630.0,Amp5,7.11
X-4426,USP32P2,220594.0,Del0.8,0.77
X-4426,USP36,57602.0,MutNovel,"KKK958K,0.740"
X-4426,USP9Y,8287.0,Del0.8,0.25
X-4426,UTRN,7402.0,Del0.8,0.75
X-4426,UTY,7404.0,Del0.8,0.25
X-4426,VANGL1,81839.0,Amp8,14.03
X-4426,VAV2,7410.0,MutNovel,"R439W,0.442"
X-4426,VCX3B,425054.0,MutNovel,"V180L,0.462"
X-4426,VCY,9084.0,Del0.8,0.25
X-4426,VCY,9084.0,Del0.8,0.25
X-4426,VTCN1,79679.0,Amp8,14.03
X-4426,WDR3,10885.0,Amp8,14.03
X-4426,WDR45L,56270.0,MutNovel,"F322L,0.315"
X-4426,XKR4,114786.0,Amp8,15.03
X-4426,XKRY2,353515.0,Del0.8,0.25
X-4426,XKRY2,353515.0,Del0.8,0.14
X-4426,XRCC6BP1,91419.0,Amp5,6.59
X-4426,XYLT1,64131.0,MutNovel,"R676Q,0.265"
X-4426,XYLT1,64131.0,MutNovel,"A115S,1.000"
X-4426,YEATS4,8089.0,Amp8,18.9
X-4426,ZDHHC11,79844.0,MutNovel,"A303D,0.243"
X-4426,ZDHHC7,55625.0,Amp5,6.32
X-4426,ZFC3H1,196441.0,Amp8,20.39
X-4426,ZFHX3,463.0,MutNovel,"A2066V,0.500"
X-4426,ZFY,7544.0,Del0.8,0.29
X-4426,ZNF131,7690.0,Amp5,5.7
X-4426,ZNF141,7700.0,Del0.8,0.42
X-4426,ZNF233,353355.0,MutNovel,"L98P,0.308"
X-4426,ZNF397,84307.0,MutNovel,"P135L,0.362"
X-4426,ZNF552,79818.0,MutNovel,"L49P,0.222"
X-4426,ZNF610,162963.0,MutNovel,"E6K,0.700"
X-4426,ZNF705G,100131980.0,Amp8,11.88
X-4426,ZNF721,170960.0,Del0.8,0.42
X-4426,ZNF728,,MutNovel,"K431I,1.000"
X-4426,ZNF732,654254.0,MutNovel,"L3P,1.000"
X-4426,ZNF732,654254.0,Del0.8,0.38
X-4426,ZNF74,7625.0,MutNovel,"H87Y,0.996"
X-4426,ZNF77,58492.0,MutNovel,"N39K,1.000"
X-4426,ZNF772,400720.0,MutNovel,"A4GP,0.750"
X-4426,ZNF846,162993.0,MutNovel,"R414S,0.421"
X-4455,ABCB5,340273.0,MutNovel,"S557L,0.222"
X-4455,ACP5,54.0,MutNovel,"P133S,0.999"
X-4455,ACVR2B,93.0,MutNovel,"P176R,0.692"
X-4455,ADAM3A,1587.0,Del0.8,0.15
X-4455,ADAM5P,255926.0,Del0.8,0.46
X-4455,ADRBK1,156.0,MutNovel,"S284F,0.506"
X-4455,AGAP9,642517.0,Del0.8,0.68
X-4455,AKT2,208.0,MutNovel,"S126F,0.467"
X-4455,ALDH1B1,219.0,MutKnownFunctional,"-387,0.340"
X-4455,ALMS1,7840.0,MutNovel,"S3509F,0.667"
X-4455,ALMS1,7840.0,MutNovel,"I3886T,0.273"
X-4455,ANAPC1,64682.0,MutNovel,"A1389T,0.302"
X-4455,ANKRD18A,253650.0,MutNovel,"M521I,0.800"
X-4455,ANXA8,653145.0,Del0.8,0.68
X-4455,ANXA8L1,728113.0,Del0.8,0.68
X-4455,AP1B1,162.0,MutNovel,"V370A,0.474"
X-4455,APEH,327.0,MutNovel,"L287F,0.653"
X-4455,APOD,347.0,MutNovel,"P31L,0.600"
X-4455,ARFGAP3,26286.0,MutNovel,"L44F,0.581"
X-4455,ARHGAP31,57514.0,MutNovel,"S577F,1.000"
X-4455,ARHGAP42,143872.0,MutNovel,"R252K,1.000"
X-4455,ARHGEF1,9138.0,MutNovel,"L341P,0.384"
X-4455,ASMTL,8623.0,MutNovel,"A180V,0.452"
X-4455,ATG10,83734.0,MutNovel,"M56I,0.431"
X-4455,ATG4D,84971.0,MutNovel,"SS417S,0.889"
X-4455,ATP10A,57194.0,MutNovel,"R850C,0.812"
X-4455,B3GNT2,10678.0,MutNovel,"P54S,0.424"
X-4455,BAHD1,22893.0,MutNovel,"P247S,0.417"
X-4455,BAIAP2,10458.0,MutNovel,"P342L,0.393"
X-4455,BAZ1A,11177.0,MutNovel,"S1127F,0.438"
X-4455,BBS9,27241.0,MutNovel,"P530L,0.400"
X-4455,BCAN,63827.0,MutNovel,"P421S,0.333"
X-4455,BEST1,7439.0,MutNovel,"G601D,0.575"
X-4455,BMS1P5,399761.0,Del0.8,0.68
X-4455,BRCA2,675.0,MutNovel,"H1905Y,0.400"
X-4455,C10orf76,79591.0,MutNovel,"P227S,1.000"
X-4455,C11orf74,119710.0,MutNovel,"D33H,0.429"
X-4455,C14orf43,91748.0,MutNovel,"S299F,1.000"
X-4455,C19orf26,255057.0,MutNovel,"F290L,1.000"
X-4455,C19orf55,148137.0,MutNovel,"R110C,0.500"
X-4455,C5orf22,55322.0,MutNovel,"V249A,0.502"
X-4455,C7,730.0,MutNovel,"L295I,0.800"
X-4455,C7,730.0,MutNovel,"E720K,0.500"
X-4455,C9orf169,375791.0,MutNovel,"A13V,0.556"
X-4455,CADPS2,93664.0,MutNovel,"L641V,0.667"
X-4455,CASP8AP2,9994.0,MutNovel,"S800L,0.654"
X-4455,CATSPER2,117155.0,MutNovel,"E402K,0.900"
X-4455,CBLL1,79872.0,MutNovel,"P315S,0.545"
X-4455,CCDC144B,284047.0,Del0.8,0.62
X-4455,CCNG1,900.0,Del0.8,0.59
X-4455,CCNI,10983.0,MutNovel,"N293D,0.384"
X-4455,CCZ1,51622.0,MutNovel,"M410L,0.232"
X-4455,CD109,135228.0,MutNovel,"T647M,0.500"
X-4455,CDC42BPA,8476.0,MutNovel,"R352W,0.520"
X-4455,CDCA8,55143.0,MutNovel,"P172S,0.564"
X-4455,CDKN2D,1032.0,MutNovel,"D10G,1.000"
X-4455,CEP192,55125.0,MutNovel,"S2126F,0.360"
X-4455,CES2,8824.0,MutNovel,"L365V,1.000"
X-4455,CHTF8,54921.0,MutNovel,"S7F,1.000"
X-4455,CPS1,1373.0,MutNovel,"R593C,0.562"
X-4455,CPXM2,119587.0,MutNovel,"E176K,1.000"
X-4455,CSAG2,728461.0,Del0.8,0.59
X-4455,CSAG3,389903.0,Del0.8,0.59
X-4455,CT45A1,541466.0,Del0.8,0.7
X-4455,CT45A2,728911.0,Del0.8,0.52
X-4455,CT45A3,441519.0,Del0.8,0.52
X-4455,CT45A4,441520.0,Del0.8,0.52
X-4455,CTBS,1486.0,MutNovel,"P314S,0.535"
X-4455,CTSA,5476.0,MutNovel,"L29-,0.350"
X-4455,CTSL2,1515.0,MutNovel,"S247F,0.294"
X-4455,CUL4B,8450.0,MutNovel,"R572C,1.000"
X-4455,CUL7,9820.0,MutNovel,"P902S,0.500"
X-4455,CXorf36,79742.0,Del0.8,0.16
X-4455,CYFIP1,23191.0,MutNovel,"H1158Q,0.730"
X-4455,DCAF17,80067.0,MutNovel,"V186A,0.537"
X-4455,DDX3X,1654.0,MutNovel,"DLL555E,0.984"
X-4455,DEF6,50619.0,MutNovel,"E52K,1.000"
X-4455,DENND1B,163486.0,MutNovel,"S340F,1.000"
X-4455,DENND4B,9909.0,MutNovel,"QQQ908-,0.312"
X-4455,DGKZ,8525.0,MutNovel,"S479F,0.719"
X-4455,DHX34,9704.0,MutNovel,"R77K,0.444"
X-4455,DNM1,1759.0,MutNovel,"P813L,0.500"
X-4455,DOCK5,80005.0,MutNovel,"P1403S,1.000"
X-4455,DOCK9,23348.0,MutNovel,"S1244F,0.800"
X-4455,DPF2,5977.0,MutNovel,"P269L,0.525"
X-4455,DSC2,1824.0,MutNovel,"G773E,0.889"
X-4455,DSP,1832.0,MutNovel,"G2057D,0.500"
X-4455,DTNBP1,84062.0,MutNovel,"I225T,0.649"
X-4455,DUS4L,11062.0,MutNovel,"E270G,0.361"
X-4455,DUSP21,63904.0,Del0.8,0.14
X-4455,EEFSEC,60678.0,MutNovel,"S431F,0.460"
X-4455,EGF,1950.0,MutNovel,"S627F,0.542"
X-4455,EGF,1950.0,MutNovel,"MR708IR,0.562"
X-4455,EIF2B2,8892.0,MutNovel,"P276L,0.472"
X-4455,EML3,256364.0,MutNovel,"P109S,0.531"
X-4455,EPB41L2,2037.0,MutNovel,"S449F,1.000"
X-4455,EPRS,2058.0,MutNovel,"R1119C,0.610"
X-4455,ERCC6,2074.0,MutNovel,"P1057L,1.000"
X-4455,ETV6,2120.0,MutNovel,"P239L,0.550"
X-4455,EWSR1,2130.0,MutNovel,"G354S,0.721"
X-4455,EYA1,2138.0,MutNovel,"A435T,0.727"
X-4455,FAHD2B,151313.0,MutNovel,"C301W,0.500"
X-4455,FAM106A,80039.0,Del0.8,0.38
X-4455,FAM120B,84498.0,MutNovel,"Y464C,0.222"
X-4455,FAM21A,387680.0,Del0.8,0.32
X-4455,FAM25C,644054.0,Del0.8,0.56
X-4455,FAM35B,414241.0,Del0.8,0.47
X-4455,FAM46D,169966.0,Del0.8,0.74
X-4455,FAM82A2,55177.0,MutNovel,"R105G,0.342"
X-4455,FAM98A,25940.0,MutNovel,"R473C,0.620"
X-4455,FBXO46,23403.0,MutNovel,"G222R,0.467"
X-4455,FCHSD2,9873.0,MutKnownFunctional,"Q181*,0.350"
X-4455,FFAR3,2865.0,Del0.8,0.18
X-4455,FGF12,2257.0,MutNovel,"S161F,0.667"
X-4455,FGF14,2259.0,MutNovel,"P113L,0.538"
X-4455,FIBP,9158.0,MutNovel,"G40V,0.513"
X-4455,FKBP15,23307.0,MutNovel,"L582F,0.600"
X-4455,FLI1,2313.0,Del0.8,0.78
X-4455,FLNB,2317.0,MutNovel,"E2029K,0.400"
X-4455,FUNDC1,139341.0,Del0.8,0.15
X-4455,GABPB2,126626.0,MutNovel,"G7E,0.500"
X-4455,GBA2,57704.0,MutKnownFunctional,"W166*,0.289"
X-4455,GFPT1,2673.0,MutNovel,"V504G,0.627"
X-4455,GIN1,54826.0,MutNovel,"R61C,0.545"
X-4455,GINS3,64785.0,MutNovel,"G183E,0.947"
X-4455,GMIP,51291.0,MutNovel,"P777L,1.000"
X-4455,GNAL,2774.0,MutNovel,"P36PAL,0.389"
X-4455,GOLGA2,2801.0,MutNovel,"Y622N,0.833"
X-4455,GON4L,54856.0,MutKnownFunctional,"Q70*,0.529"
X-4455,GPM6B,2824.0,MutNovel,"P214L,1.000"
X-4455,GPSM1,26086.0,MutNovel,"Q360K,0.833"
X-4455,GPX4,2879.0,MutNovel,"S173F,1.000"
X-4455,GRB2,2885.0,MutNovel,"L84F,0.611"
X-4455,HAO2,51179.0,MutNovel,"G248E,1.000"
X-4455,HEPHL1,341208.0,MutNovel,"G273E,1.000"
X-4455,HLA-DRB5,3127.0,MutNovel,"G8E,0.846"
X-4455,HLA-DRB5,3127.0,Amp5,5.54
X-4455,HNRNPH1,3187.0,MutNovel,"T142S,0.697"
X-4455,HP1BP3,50809.0,MutNovel,"T529I,1.000"
X-4455,HSF2,3298.0,MutNovel,"S114L,0.442"
X-4455,HSP90AA1,3320.0,MutNovel,"F240C,0.475"
X-4455,IARS2,55699.0,MutNovel,"P533S,0.492"
X-4455,IBTK,25998.0,MutNovel,"H188Y,0.431"
X-4455,IER5L,389792.0,MutNovel,"LHQL117L,0.338"
X-4455,IL2RG,3561.0,MutKnownFunctional,"W358*,1.000"
X-4455,ING1,3621.0,MutNovel,"S414H,0.361"
X-4455,IPO4,79711.0,MutNovel,"H718Y,0.471"
X-4455,IPO5,3843.0,MutNovel,"L426F,0.599"
X-4455,IPO8,10526.0,MutNovel,"A498V,0.452"
X-4455,ISOC2,79763.0,MutNovel,"L174F,0.520"
X-4455,KANSL1L,,MutNovel,"L522S,0.588"
X-4455,KCNQ5,56479.0,MutNovel,"S280L,0.517"
X-4455,KDM6A,7403.0,Del0.8,0.11
X-4455,KHDRBS1,10657.0,MutNovel,"P74L,0.981"
X-4455,KIAA1107,23285.0,MutNovel,"T275A,0.750"
X-4455,KIF20B,9585.0,MutNovel,"L1062LKV,1.000"
X-4455,KIF27,55582.0,MutNovel,"T1111A,0.333"
X-4455,KPNA4,3840.0,MutNovel,"I87F,0.455"
X-4455,KRT81,3887.0,MutNovel,"I285N,1.000"
X-4455,LAMB2,3913.0,MutNovel,"A1226V,0.260"
X-4455,LEF1,51176.0,MutNovel,"K36T,0.395"
X-4455,LGALS9B,284194.0,Del0.8,0.67
X-4455,LGALS9C,654346.0,Del0.8,0.38
X-4455,LIG1,3978.0,MutNovel,"E213Q,0.476"
X-4455,LIMS1,3987.0,MutNovel,"P19S,1.000"
X-4455,LMO7,4008.0,MutNovel,"D1117N,0.750"
X-4455,LMTK2,22853.0,MutNovel,"S1489L,1.000"
X-4455,LOC100288332,,MutNovel,"D279V,1.000"
X-4455,LOC100996301,,MutNovel,"G225A,0.455"
X-4455,LOC100996473,,MutKnownFunctional,"-60,0.667"
X-4455,LOC100996606,,MutNovel,"A365T,1.000"
X-4455,LOC100996702,,MutNovel,"P83L,0.642"
X-4455,LOC390705,390705.0,Del0.8,0.77
X-4455,LOC441124,,MutNovel,"P110L,1.000"
X-4455,LOC728643,728643.0,Del0.8,0.68
X-4455,LOC730268,,MutNovel,"Q698P,0.667"
X-4455,LPIN3,64900.0,MutNovel,"N70S,0.533"
X-4455,LRP12,29967.0,MutNovel,"R746Q,0.533"
X-4455,MADD,8567.0,MutNovel,"S1429P,0.500"
X-4455,MAGEA12,4111.0,Del0.8,0.78
X-4455,MAGEA2,4101.0,Del0.8,0.59
X-4455,MAGEA6,4105.0,Del0.8,0.59
X-4455,MAGEF1,64110.0,MutKnownFunctional,"-18?,0.500"
X-4455,MAN1B1,11253.0,MutNovel,"P133S,0.479"
X-4455,MAP4K3,8491.0,MutNovel,"G492A,0.475"
X-4455,MEF2A,4205.0,MutNovel,"QQ412-,0.412"
X-4455,MGA,23269.0,MutNovel,"S2850F,0.737"
X-4455,MINA,84864.0,MutKnownFunctional,"W59*,0.475"
X-4455,MIR4675,100616383.0,Del0.8,0.59
X-4455,MKI67IP,84365.0,MutNovel,"P186S,0.581"
X-4455,MLYCD,23417.0,MutNovel,"R11G,1.000"
X-4455,MPHOSPH9,10198.0,MutNovel,"P945S,0.691"
X-4455,MPRIP,23164.0,MutNovel,"TS178T,0.522"
X-4455,MTCH1,23787.0,MutNovel,"P154L,0.346"
X-4455,MTMR4,9110.0,MutNovel,"R357Q,0.867"
X-4455,MVP,9961.0,MutNovel,"R300G,1.000"
X-4455,N4BP1,9683.0,MutNovel,"R597Q,1.000"
X-4455,NAGLU,4669.0,MutNovel,"G721R,0.305"
X-4455,NCOA6,23054.0,MutNovel,"P417L,0.500"
X-4455,NCOR1,9611.0,MutNovel,"S1957F,1.000"
X-4455,NDUFA12,55967.0,MutNovel,"W89R,0.436"
X-4455,NEK11,79858.0,MutNovel,"S539F,0.341"
X-4455,NFIB,4781.0,MutNovel,"S483F,1.000"
X-4455,NHSL1,57224.0,MutNovel,"G855A,1.000"
X-4455,NPR2,4882.0,MutNovel,"P438S,0.588"
X-4455,NPR2,4882.0,MutNovel,"R601H,0.562"
X-4455,NRAS,4893.0,MutKnownFunctional,"Q61L,0.511"
X-4455,NRBP1,29959.0,MutNovel,"T8S,0.552"
X-4455,NSUN5,55695.0,MutNovel,"P464L,0.557"
X-4455,NUP133,55746.0,MutNovel,"E1072K,0.444"
X-4455,OPA1,4976.0,MutNovel,"L982S,0.446"
X-4455,ORAI1,84876.0,MutNovel,"PP43-,0.733"
X-4455,OSTCP2,,MutNovel,"F77L,1.000"
X-4455,OTUD3,23252.0,MutNovel,"P119L,1.000"
X-4455,PAM,5066.0,MutNovel,"G746E,0.250"
X-4455,PCDHB7,56129.0,MutNovel,"L426F,1.000"
X-4455,PDE6D,5147.0,MutNovel,"S107F,0.595"
X-4455,PDIA3,2923.0,MutNovel,"R282G,0.229"
X-4455,PEX6,5190.0,MutNovel,"L829H,0.263"
X-4455,PHF20,51230.0,MutNovel,"S307L,0.704"
X-4455,PHLDA1,22822.0,MutNovel,"QQ194Q,0.501"
X-4455,PHLDB1,23187.0,MutNovel,"S1133F,1.000"
X-4455,PLCB3,5331.0,MutNovel,"E566K,0.455"
X-4455,PLEKHH1,57475.0,MutNovel,"E1241K,0.446"
X-4455,PLXNB3,5365.0,MutNovel,"D835E,1.000"
X-4455,POLA1,5422.0,MutNovel,"DA1258D,0.945"
X-4455,POTEE,445582.0,MutNovel,"R816N,1.000"
X-4455,PPM1B,5495.0,MutNovel,"S54L,0.420"
X-4455,PPP1R12C,54776.0,MutNovel,"A44D,0.625"
X-4455,PPP1R16A,84988.0,MutNovel,"P70L,0.353"
X-4455,PPP1R26,9858.0,MutNovel,"R345K,0.889"
X-4455,PPP1R3B,79660.0,MutNovel,"K29R,0.364"
X-4455,PPP4C,5531.0,MutNovel,"R118C,1.000"
X-4455,PPP4R4,57718.0,MutNovel,"S479F,0.364"
X-4455,PPRC1,23082.0,MutNovel,"S1488F,1.000"
X-4455,PRKCB,5579.0,MutKnownFunctional,"W245*,1.000"
X-4455,PRUNE2,158471.0,MutNovel,"D1462N,0.733"
X-4455,PSG8,440533.0,MutNovel,"R12L,1.000"
X-4455,PSMA5,5686.0,MutNovel,"R135C,0.460"
X-4455,PSME4,23198.0,MutNovel,"P829S,0.462"
X-4455,PTPN2,5771.0,MutNovel,"P181L,0.343"
X-4455,PTPN20A,653129.0,Del0.8,0.68
X-4455,PTPN20B,26095.0,Del0.8,0.68
X-4455,PUS10,150962.0,MutNovel,"E196K,0.700"
X-4455,RAC1,5879.0,MutLikelyFunctional,"P29S,0.508"
X-4455,RAD52,5893.0,MutNovel,"Y31H,0.471"
X-4455,RAD54L,8438.0,MutNovel,"S452L,0.435"
X-4455,RALGAPB,57148.0,MutNovel,"P1418S,0.365"
X-4455,RANBP17,64901.0,MutKnownFunctional,"-306,1.000"
X-4455,RASEF,158158.0,MutNovel,"G666R,0.750"
X-4455,RELB,5971.0,MutNovel,"S289F,0.647"
X-4455,REP15,387849.0,MutNovel,"N217H,0.667"
X-4455,RFPL1,5988.0,MutNovel,"R213L,1.000"
X-4455,RFPL1,5988.0,MutNovel,"S224G,1.000"
X-4455,RFX3,5991.0,MutNovel,"S539F,1.000"
X-4455,RFXAP,5994.0,MutNovel,"T31I,0.692"
X-4455,RNF111,54778.0,MutNovel,"QL852HI,0.244"
X-4455,RNF180,285671.0,MutNovel,"H523Y,0.333"
X-4455,RPL26,6154.0,MutNovel,"K117Q,0.996"
X-4455,RPS6KB1,6198.0,MutKnownFunctional,"W276*,0.207"
X-4455,RPS6KB1,6198.0,MutNovel,"K304N,0.214"
X-4455,RPS6KL1,83694.0,MutNovel,"S315F,0.636"
X-4455,RTN1,6252.0,MutNovel,"P310L,0.500"
X-4455,S100A3,6274.0,MutNovel,"E33K,0.760"
X-4455,SARS2,54938.0,MutNovel,"G515GCLG,0.405"
X-4455,SCAPER,49855.0,MutNovel,"P1204S,0.250"
X-4455,SCARF1,8578.0,MutNovel,"A575V,1.000"
X-4455,SCARF2,91179.0,MutNovel,"S483L,0.280"
X-4455,SEC14L1,6397.0,MutNovel,"S103F,0.581"
X-4455,SELO,83642.0,MutKnownFunctional,"Q580*,0.625"
X-4455,SEMA4B,10509.0,MutNovel,"P416L,0.375"
X-4455,SERINC2,347735.0,MutNovel,"-373Q,0.645"
X-4455,SERPINA3,12.0,MutNovel,"A9N,0.483"
X-4455,SETD3,84193.0,MutNovel,"S170F,0.542"
X-4455,SF3B1,23451.0,MutNovel,"N919K,0.540"
X-4455,SGOL1,151648.0,MutKnownFunctional,"-325?,0.348"
X-4455,SLC35F2,54733.0,MutNovel,"G186R,1.000"
X-4455,SMEK1,55671.0,MutNovel,"P475L,0.529"
X-4455,SND1,27044.0,MutNovel,"A313V,0.399"
X-4455,SND1,27044.0,MutNovel,"S436L,0.421"
X-4455,SNX17,9784.0,MutNovel,"S10F,0.645"
X-4455,SORBS1,10580.0,MutNovel,"S504F,1.000"
X-4455,SOX13,9580.0,MutNovel,"P89R,0.400"
X-4455,SPATA2,9825.0,MutNovel,"P452L,0.364"
X-4455,SPATA5L1,79029.0,MutNovel,"L421F,0.204"
X-4455,SPC25,57405.0,MutNovel,"G31R,0.513"
X-4455,SRSF12,135295.0,MutNovel,"R253Q,0.600"
X-4455,SRSF8,10929.0,MutNovel,"RRSRSYG116-,0.625"
X-4455,SSBP3,23648.0,MutNovel,"P257L,0.429"
X-4455,SSFA2,6744.0,MutNovel,"H850Y,0.570"
X-4455,SSPN,8082.0,MutNovel,"E113K,0.296"
X-4455,ST3GAL5,8869.0,MutNovel,"P13S,0.344"
X-4455,STK11,6794.0,MutNovel,"P179S,0.979"
X-4455,SYMPK,8189.0,MutNovel,"L285R,0.611"
X-4455,SYT14,255928.0,MutNovel,"L87F,0.579"
X-4455,TAF9,6880.0,MutNovel,"P146S,0.522"
X-4455,TAG,404663.0,Del0.8,0.52
X-4455,TBC1D22B,55633.0,MutNovel,"S168L,0.341"
X-4455,TBC1D23,55773.0,MutNovel,"G4E,0.625"
X-4455,TBC1D23,55773.0,MutNovel,"L238F,0.547"
X-4455,TC2N,123036.0,MutNovel,"R184Q,0.529"
X-4455,TEKT5,146279.0,MutNovel,"E418K,1.000"
X-4455,THRAP3,9967.0,MutNovel,"S399C,0.490"
X-4455,TLK2,11011.0,MutNovel,"S210Y,0.364"
X-4455,TMEM104,54868.0,MutNovel,"P123S,0.389"
X-4455,TMEM183B,,MutKnownFunctional,"-116?,0.400"
X-4455,TMEM19,55266.0,MutNovel,"P160S,0.519"
X-4455,TMEM43,79188.0,MutNovel,"P183L,0.432"
X-4455,TMOD2,29767.0,MutNovel,"R108C,0.714"
X-4455,TMTC3,160418.0,MutNovel,"S231F,0.385"
X-4455,TP53TG3,24150.0,Del0.8,0.61
X-4455,TP53TG3B,729355.0,Del0.8,0.61
X-4455,TRIP11,9321.0,MutNovel,"T977I,0.600"
X-4455,TRPM7,54822.0,MutNovel,"P1325S,0.738"
X-4455,TSPYL1,7259.0,MutNovel,"V176VW,0.726"
X-4455,TTC12,54970.0,MutNovel,"P259F,1.000"
X-4455,TTL,646982.0,MutNovel,"P308S,0.422"
X-4455,UBAP1L,390595.0,MutNovel,"P171R,0.706"
X-4455,UBE3C,9690.0,MutNovel,"K13M,0.408"
X-4455,UFD1L,7353.0,MutNovel,"V28L,0.375"
X-4455,UGT8,7368.0,MutNovel,"D476N,0.615"
X-4455,ULK3,25989.0,MutNovel,"S217L,0.753"
X-4455,URB2,9816.0,MutNovel,"H174Y,0.545"
X-4455,USF2,7392.0,MutNovel,"P223L,0.464"
X-4455,USP32P2,220594.0,Del0.8,0.38
X-4455,USP36,57602.0,MutNovel,"KKK958K,0.704"
X-4455,USP47,55031.0,MutNovel,"S367A,0.733"
X-4455,USP8,9101.0,MutNovel,"R54C,0.700"
X-4455,UTRN,7402.0,Del0.8,0.8
X-4455,UTY,7404.0,MutNovel,"E1035I,0.300"
X-4455,UTY,7404.0,MutNovel,"T1030S,0.333"
X-4455,UTY,7404.0,MutNovel,"R1015V,0.250"
X-4455,UTY,7404.0,MutNovel,"P1010L,0.286"
X-4455,UTY,7404.0,MutNovel,"K977E,0.684"
X-4455,UTY,7404.0,MutNovel,"P968S,0.625"
X-4455,UTY,7404.0,MutNovel,"RP966SV,0.733"
X-4455,UTY,7404.0,MutNovel,"P965V,0.824"
X-4455,UTY,7404.0,MutNovel,"PP963IT,0.722"
X-4455,UTY,7404.0,MutNovel,"C962S,0.647"
X-4455,UTY,7404.0,MutNovel,"C962S,0.706"
X-4455,UTY,7404.0,MutNovel,"LP926FS,0.250"
X-4455,UTY,7404.0,MutNovel,"QP588HR,0.250"
X-4455,UTY,7404.0,MutNovel,"RQ587LV,0.214"
X-4455,UTY,7404.0,MutKnownFunctional,"NR586M*,0.312"
X-4455,UTY,7404.0,MutNovel,"S585F,0.375"
X-4455,UTY,7404.0,MutNovel,"S578G,0.625"
X-4455,UTY,7404.0,MutNovel,"I574L,0.562"
X-4455,UTY,7404.0,MutNovel,"V564H,0.722"
X-4455,UTY,7404.0,MutNovel,"HH506QN,0.316"
X-4455,UTY,7404.0,MutNovel,"H506W,0.368"
X-4455,UTY,7404.0,MutNovel,"S505Q,0.350"
X-4455,UTY,7404.0,MutKnownFunctional,"CA340*N,0.267"
X-4455,UTY,7404.0,MutNovel,"Y338S,0.333"
X-4455,UTY,7404.0,MutNovel,"Q326K,0.250"
X-4455,UTY,7404.0,MutNovel,"V323G,0.286"
X-4455,UTY,7404.0,MutNovel,"E312D,0.333"
X-4455,UTY,7404.0,MutNovel,"D309C,0.400"
X-4455,UTY,7404.0,MutNovel,"IG294MW,1.000"
X-4455,UTY,7404.0,MutKnownFunctional,"SS292*D,0.667"
X-4455,UTY,7404.0,MutNovel,"YS291LT,0.667"
X-4455,UTY,7404.0,MutNovel,"C290K,0.667"
X-4455,UTY,7404.0,MutNovel,"Y269F,0.500"
X-4455,UTY,7404.0,MutNovel,"Y269I,0.500"
X-4455,UTY,7404.0,MutNovel,"I267M,0.333"
X-4455,UTY,7404.0,MutNovel,"Y265C,0.500"
X-4455,UTY,7404.0,MutNovel,"Y265C,0.667"
X-4455,UTY,7404.0,MutNovel,"SY264RG,0.667"
X-4455,UTY,7404.0,MutNovel,"S264C,0.429"
X-4455,UTY,7404.0,MutNovel,"ES263SC,0.429"
X-4455,UTY,7404.0,MutNovel,"K262G,0.500"
X-4455,UTY,7404.0,MutNovel,"T261S,0.625"
X-4455,UTY,7404.0,MutNovel,"T261S,0.625"
X-4455,UTY,7404.0,MutNovel,"AT260DS,0.625"
X-4455,UTY,7404.0,MutNovel,"A260Y,0.333"
X-4455,UTY,7404.0,MutNovel,"A260S,1.000"
X-4455,UTY,7404.0,MutNovel,"A260S,1.000"
X-4455,UTY,7404.0,MutNovel,"D258N,0.400"
X-4455,UTY,7404.0,MutNovel,"V256I,0.667"
X-4455,UTY,7404.0,MutNovel,"L255P,0.500"
X-4455,UTY,7404.0,MutNovel,"HN251QS,0.833"
X-4455,UTY,7404.0,MutNovel,"H251L,0.800"
X-4455,UTY,7404.0,MutNovel,"WM248SL,0.800"
X-4455,UTY,7404.0,MutNovel,"G247D,0.600"
X-4455,UTY,7404.0,MutNovel,"LG246CS,0.800"
X-4455,UTY,7404.0,MutNovel,"Q245C,1.000"
X-4455,UTY,7404.0,MutNovel,"Q244K,0.800"
X-4455,UTY,7404.0,MutKnownFunctional,"LQ243*K,0.800"
X-4455,UTY,7404.0,MutNovel,"V242A,0.667"
X-4455,UTY,7404.0,MutNovel,"V242A,0.667"
X-4455,UTY,7404.0,MutNovel,"T241L,0.571"
X-4455,UTY,7404.0,MutNovel,"A240Q,0.500"
X-4455,UTY,7404.0,MutNovel,"KA239IQ,0.500"
X-4455,UTY,7404.0,MutKnownFunctional,"VK238H*,0.375"
X-4455,UTY,7404.0,MutNovel,"Q237R,0.286"
X-4455,UTY,7404.0,MutNovel,"AQ236VK,0.571"
X-4455,UTY,7404.0,MutNovel,"P235S,0.333"
X-4455,UTY,7404.0,MutNovel,"N233T,0.500"
X-4455,UTY,7404.0,MutKnownFunctional,"TE231D*,0.400"
X-4455,UTY,7404.0,MutNovel,"Q230P,0.400"
X-4455,UTY,7404.0,MutNovel,"L229K,0.400"
X-4455,UTY,7404.0,MutNovel,"EQ226FK,0.400"
X-4455,UTY,7404.0,MutNovel,"Y225M,0.400"
X-4455,UTY,7404.0,MutNovel,"A224L,0.400"
X-4455,UTY,7404.0,MutNovel,"K222I,0.400"
X-4455,UTY,7404.0,MutNovel,"Q215G,0.250"
X-4455,UTY,7404.0,MutNovel,"N201Y,0.267"
X-4455,UTY,7404.0,MutNovel,"SN200LY,0.267"
X-4455,UTY,7404.0,MutNovel,"N177I,0.286"
X-4455,UTY,7404.0,MutNovel,"A149L,0.400"
X-4455,UTY,7404.0,MutNovel,"A146P,0.500"
X-4455,UTY,7404.0,MutNovel,"F143L,0.600"
X-4455,UTY,7404.0,MutNovel,"A142T,0.667"
X-4455,UTY,7404.0,MutNovel,"Y139N,0.750"
X-4455,UTY,7404.0,MutKnownFunctional,"FY138*N,0.750"
X-4455,UTY,7404.0,MutNovel,"G132V,0.750"
X-4455,UTY,7404.0,MutNovel,"L130S,0.800"
X-4455,UTY,7404.0,MutNovel,"F129C,0.833"
X-4455,UTY,7404.0,MutNovel,"AF128GG,0.833"
X-4455,UTY,7404.0,MutNovel,"AA127ET,0.714"
X-4455,UTY,7404.0,MutNovel,"A127D,0.857"
X-4455,UTY,7404.0,MutNovel,"W124R,1.000"
X-4455,UTY,7404.0,MutNovel,"D122L,1.000"
X-4455,UTY,7404.0,MutNovel,"QA120LN,1.000"
X-4455,UTY,7404.0,MutKnownFunctional,"LQ119F*,1.000"
X-4455,UTY,7404.0,MutNovel,"YS117LR,1.000"
X-4455,UTY,7404.0,MutNovel,"Y116L,0.800"
X-4455,UTY,7404.0,MutNovel,"QR114RS,0.800"
X-4455,UTY,7404.0,MutKnownFunctional,"YQ113G*,0.800"
X-4455,UTY,7404.0,MutNovel,"SA111WQ,0.667"
X-4455,UTY,7404.0,MutNovel,"LS110TT,0.667"
X-4455,UTY,7404.0,MutNovel,"V88W,0.375"
X-4455,UTY,7404.0,MutNovel,"K87W,0.500"
X-4455,UTY,7404.0,MutNovel,"G86P,0.375"
X-4455,UTY,7404.0,MutNovel,"A84G,0.333"
X-4455,UTY,7404.0,MutNovel,"IL81RG,0.300"
X-4455,UTY,7404.0,MutNovel,"LI80SL,0.300"
X-4455,UTY,7404.0,MutNovel,"ES78DD,0.273"
X-4455,UTY,7404.0,MutKnownFunctional,"YE77*P,0.333"
X-4455,UTY,7404.0,MutNovel,"C76F,0.333"
X-4455,UTY,7404.0,MutNovel,"T68A,0.333"
X-4455,UTY,7404.0,MutNovel,"H60N,0.333"
X-4455,UTY,7404.0,MutNovel,"L46S,0.462"
X-4455,UTY,7404.0,MutNovel,"AL45RI,0.538"
X-4455,UTY,7404.0,MutNovel,"RE43IL,0.538"
X-4455,UTY,7404.0,MutNovel,"V40F,0.417"
X-4455,UTY,7404.0,MutNovel,"T39C,0.500"
X-4455,UTY,7404.0,MutNovel,"L38W,0.364"
X-4455,UTY,7404.0,MutNovel,"SL37IL,0.500"
X-4455,UTY,7404.0,MutNovel,"V36E,0.364"
X-4455,UTY,7404.0,MutNovel,"E34G,0.300"
X-4455,UTY,7404.0,MutKnownFunctional,"EE32S*,0.300"
X-4455,UTY,7404.0,MutNovel,"S31R,0.400"
X-4455,UTY,7404.0,MutNovel,"E30V,0.400"
X-4455,UTY,7404.0,MutNovel,"R29C,0.364"
X-4455,UTY,7404.0,MutNovel,"R29C,0.364"
X-4455,UTY,7404.0,MutKnownFunctional,"KA26N*,0.250"
X-4455,UTY,7404.0,MutNovel,"GK25LE,0.231"
X-4455,UTY,7404.0,MutNovel,"E24Q,0.333"
X-4455,UTY,7404.0,MutNovel,"AE23QQ,0.333"
X-4455,UTY,7404.0,MutNovel,"M22F,0.273"
X-4455,UTY,7404.0,MutNovel,"K21S,0.273"
X-4455,WHSC1L1,54904.0,MutNovel,"T583I,0.414"
X-4455,WWOX,51741.0,Del0.8,0.65
X-4455,ZBTB11,27107.0,MutNovel,"S743F,0.408"
X-4455,ZFP30,22835.0,MutNovel,"P120L,0.510"
X-4455,ZFPM1,161882.0,MutNovel,"I990V,1.000"
X-4455,ZFYVE26,23503.0,MutNovel,"P1756S,0.429"
X-4455,ZNF138,7697.0,MutNovel,"R219C,0.333"
X-4455,ZNF219,51222.0,MutNovel,"QPP233P,0.600"
X-4455,ZNF23,7571.0,MutNovel,"H274Y,1.000"
X-4455,ZNF268,10795.0,MutNovel,"S905L,0.386"
X-4455,ZNF285,26974.0,MutNovel,"S259F,0.857"
X-4455,ZNF318,24149.0,MutNovel,"R275C,0.643"
X-4455,ZNF341,84905.0,MutNovel,"P31S,1.000"
X-4455,ZNF384,171017.0,MutNovel,"V464M,0.446"
X-4455,ZNF484,83744.0,MutNovel,"H516R,0.917"
X-4455,ZNF528,84436.0,MutNovel,"S152F,0.471"
X-4455,ZNF548,147694.0,MutNovel,"P104L,0.611"
X-4455,ZNF611,81856.0,MutNovel,"E4V,0.294"
X-4455,ZNF615,284370.0,MutNovel,"H317Y,0.263"
X-4455,ZNF780B,163131.0,MutNovel,"S48F,0.439"
X-4455,ZNF846,162993.0,MutNovel,"E77G,1.000"
X-4530,ABHD2,11057.0,Amp5,5.54
X-4530,ACAN,176.0,Amp5,5.7
X-4530,ACSBG1,23205.0,Amp5,6.59
X-4530,ADAM3A,1587.0,Del0.8,0.2
X-4530,ADAM5P,255926.0,Del0.8,0.34
X-4530,ADAMTS7,11173.0,MutNovel,"T1181I,0.603"
X-4530,ADAMTS7,11173.0,MutNovel,"P1172S,0.587"
X-4530,ADAMTS7,11173.0,Amp5,6.28
X-4530,ADAMTSL3,57188.0,Amp5,5.46
X-4530,ADORA2A,135.0,MutNovel,"S35R,0.333"
X-4530,ADPGK,83440.0,Amp8,11
X-4530,AEN,64782.0,Amp5,5.1
X-4530,AGAP7,653268.0,MutNovel,"R528Q,1.000"
X-4530,AGAP8,728404.0,MutNovel,"S532T,1.000"
X-4530,AGBL5,60509.0,MutNovel,"N370H,0.286"
X-4530,AGPHD1,123688.0,Amp5,6.28
X-4530,AGSK1,80154.0,Amp5,5.35
X-4530,AKAP11,11215.0,MutNovel,"L1579V,0.526"
X-4530,ALG1L2,644974.0,MutNovel,"P40L,0.714"
X-4530,ALMS1,7840.0,MutNovel,"E4140Q,0.434"
X-4530,AMELY,266.0,Del0.8,0.2
X-4530,ANKRD34C,390616.0,Amp8,8.11
X-4530,ANKRD36,375248.0,MutNovel,"T998S,0.400"
X-4530,ANPEP,290.0,Amp5,5.54
X-4530,AP3B2,8120.0,Amp5,5.06
X-4530,AP3S2,10239.0,Amp5,5.54
X-4530,APOBEC3D,140564.0,MutNovel,"P257S,0.280"
X-4530,ARHGEF5,7984.0,MutNovel,"P815A,1.000"
X-4530,ARIH1,25820.0,Amp8,11
X-4530,ARMC10,83787.0,Amp5,5.1
X-4530,ARMC6,93436.0,Amp5,5.24
X-4530,ARNT2,9915.0,Amp8,8.11
X-4530,ARPC1B,10095.0,MutNovel,"A158T,0.395"
X-4530,ATAD1,84896.0,Del0.8,0.19
X-4530,ATG4D,84971.0,MutNovel,"SS417S,0.746"
X-4530,ATP13A1,57130.0,Amp5,5.24
X-4530,BBS4,585.0,Amp8,11
X-4530,BCL2A1,597.0,Amp8,8.11
X-4530,BCORP1,286554.0,Del0.8,0.2
X-4530,BDP1,55814.0,MutNovel,"G59C,0.615"
X-4530,BIRC5,332.0,MutNovel,"G93R,1.000"
X-4530,BMP6,654.0,Amp5,5.06
X-4530,BPY2B,442867.0,Del0.8,0.07
X-4530,BPY2B,442867.0,Del0.8,0.12
X-4530,BRAF,673.0,MutKnownFunctional,"V600E,0.266"
X-4530,BTBD1,53339.0,Amp5,5.06
X-4530,C15orf26,161502.0,Amp8,8.11
X-4530,C15orf27,123591.0,Amp5,5.06
X-4530,C15orf37,283687.0,Amp8,8.11
X-4530,C15orf38,348110.0,Amp5,5.54
X-4530,C15orf38-AP3S2,100526783.0,Amp5,5.54
X-4530,C15orf39,56905.0,Amp5,7.36
X-4530,C15orf40,123207.0,Amp5,5.06
X-4530,C21orf58,54058.0,MutNovel,"H299PN,0.281"
X-4530,C6orf228,221710.0,Amp5,5.06
X-4530,C6orf52,347744.0,Amp5,5.06
X-4530,CAGE1,285782.0,Amp5,5.06
X-4530,CAPS,828.0,Amp5,7.62
X-4530,CCDC140,151278.0,Amp8,9.45
X-4530,CCDC144B,284047.0,Del0.8,0.76
X-4530,CCZ1,51622.0,MutNovel,"M367I,1.000"
X-4530,CDC42EP1,11135.0,MutNovel,"PAPAANPS253P,0.814"
X-4530,CDK15,65061.0,Del0.8,0.66
X-4530,CDY1B,253175.0,Del0.8,0.11
X-4530,CDY1B,253175.0,Del0.8,0.2
X-4530,CDY2A,9426.0,Del0.8,0.2
X-4530,CDY2A,9426.0,Del0.8,0.2
X-4530,CDY2B,203611.0,Del0.8,0.2
X-4530,CDY2B,203611.0,Del0.8,0.2
X-4530,CEP170,9859.0,MutNovel,"D521H,0.266"
X-4530,CFHR3,10878.0,Amp5,5.94
X-4530,CFL1P1,142913.0,Del0.8,0.19
X-4530,CHRNA3,1136.0,Amp5,6.28
X-4530,CHRNA5,1138.0,Amp5,6.28
X-4530,CHRNB4,1143.0,Amp5,6.28
X-4530,CILP2,148113.0,Amp5,5.24
X-4530,CIZ1,25792.0,MutNovel,"Q925E,0.995"
X-4530,CLCNKB,1188.0,MutNovel,"L352M,0.375"
X-4530,CLK3,1198.0,MutNovel,"E514Q,0.387"
X-4530,CLK3,1198.0,Amp5,5.78
X-4530,CNTNAP3,79937.0,MutNovel,"P435T,1.000"
X-4530,COMMD4,54939.0,Amp5,7.36
X-4530,COX5A,9377.0,Amp5,7.36
X-4530,CPEB1,64506.0,Amp5,5.06
X-4530,CPEB2,132864.0,MutNovel,"P443A,0.333"
X-4530,CPLX3,594855.0,Amp5,7.36
X-4530,CSK,1445.0,Amp5,7.36
X-4530,CSPG4,1464.0,MutNovel,"V857L,0.963"
X-4530,CSPG4,1464.0,Amp5,5.06
X-4530,CSPG4P1Y,114758.0,Del0.8,0.2
X-4530,CSPG4P1Y,114758.0,Del0.8,0.31
X-4530,CTSA,5476.0,MutNovel,"L29-,0.876"
X-4530,CTSH,1512.0,Amp5,6.28
X-4530,CYP1A1,1543.0,Amp5,7.36
X-4530,CYP1A2,1544.0,Amp5,7.36
X-4530,CYP2C18,1562.0,Del0.8,0.28
X-4530,DAZ1,1617.0,Del0.8,0.2
X-4530,DAZ2,57055.0,Del0.8,0.13
X-4530,DAZ3,57054.0,Del0.8,0.12
X-4530,DAZ3,57054.0,Del0.8,0.07
X-4530,DAZ4,57135.0,Del0.8,0.1
X-4530,DAZ4,57135.0,Del0.8,0.14
X-4530,DDX11,1663.0,MutNovel,"G902S,0.536"
X-4530,DDX3Y,8653.0,Del0.8,0.2
X-4530,DEFB103A,414325.0,Del0.8,0.58
X-4530,DEFB103A,414325.0,Del0.8,0.39
X-4530,DEFB104B,503618.0,Del0.8,0.39
X-4530,DEFB104B,503618.0,Del0.8,0.58
X-4530,DEFB105B,504180.0,Del0.8,0.58
X-4530,DEFB106B,503841.0,Del0.8,0.58
X-4530,DEFB107A,245910.0,Del0.8,0.58
X-4530,DEFB4A,1673.0,Del0.8,0.39
X-4530,DEFB4B,100289462.0,Del0.8,0.58
X-4530,DET1,55070.0,Amp5,5.1
X-4530,DMD,1756.0,Del0.8,0.5
X-4530,DNAJA4,55466.0,Amp5,6.15
X-4530,DNAJC2,27000.0,Amp5,6.32
X-4530,DNM1P35,100128285.0,Amp5,5.06
X-4530,DPY19L2P2,349152.0,Amp5,5.1
X-4530,DSP,1832.0,Amp5,5.06
X-4530,DUS3L,56931.0,Amp5,7.62
X-4530,EDC3,80153.0,Amp5,7.36
X-4530,EDNRB,1910.0,Amp5,5.31
X-4530,EEF1E1,9521.0,Amp5,5.06
X-4530,EEF1E1-MUTED,100526837.0,Amp5,5.06
X-4530,EFTUD1,79631.0,Amp5,5.35
X-4530,EIF1AY,9086.0,Del0.8,0.2
X-4530,ELOVL2,54898.0,Amp5,5.06
X-4530,EMID1,129080.0,MutNovel,"G410A,0.900"
X-4530,EMILIN3,90187.0,MutNovel,"H55P,0.800"
X-4530,ENO3,2027.0,MutNovel,"V311M,1.000"
X-4530,ERVFRD-1,405754.0,Amp5,5.06
X-4530,ETFA,2108.0,Amp5,5.06
X-4530,FAH,2184.0,Amp8,8.11
X-4530,FAM103A1,83640.0,Amp5,5.06
X-4530,FAM106A,80039.0,Del0.8,0.46
X-4530,FAM108C1,58489.0,Amp8,8.11
X-4530,FAM114A1,92689.0,MutNovel,"E442D,0.365"
X-4530,FAM120C,54954.0,MutNovel,"P110RRP,0.500"
X-4530,FAM154B,283726.0,Amp5,5.35
X-4530,FAM181B,220382.0,MutNovel,"P208L,1.000"
X-4530,FAM197Y2P,252946.0,Del0.8,0.2
X-4530,FAM21A,387680.0,Del0.8,0.56
X-4530,FAM21B,55747.0,MutNovel,"G921R,1.000"
X-4530,FAM41AY1,340618.0,Del0.8,0.2
X-4530,FAM41AY1,340618.0,Del0.8,0.2
X-4530,FAM53C,51307.0,MutNovel,"R374Q,0.544"
X-4530,FAM66D,100132923.0,Del0.8,0.66
X-4530,FAM74A4,401508.0,Del0.8,0.65
X-4530,FAM75C2,645961.0,MutNovel,"K60R,1.000"
X-4530,FANCI,55215.0,Amp5,5.54
X-4530,FBXL13,222235.0,Amp5,5.1
X-4530,FBXO22,26263.0,Amp5,5.06
X-4530,FBXO22-AS1,692224.0,Amp5,5.06
X-4530,FOXO3,2309.0,MutKnownFunctional,"-381?,0.316"
X-4530,FOXP3,50943.0,MutNovel,"E226K,1.000"
X-4530,FSD2,123722.0,Amp5,5.06
X-4530,FUT3,2525.0,Amp5,7.62
X-4530,FUT5,2527.0,Amp5,7.62
X-4530,FUT6,2528.0,Amp5,7.62
X-4530,FZD7,8324.0,Del0.8,0.36
X-4530,GATAD2A,54815.0,Amp5,5.24
X-4530,GCM2,9247.0,Amp5,5.06
X-4530,GCNT2,2651.0,MutNovel,"V358G,0.312"
X-4530,GCNT2,2651.0,Amp5,5.06
X-4530,GIGYF2,26058.0,MutNovel,"PQ1231P,0.706"
X-4530,GMIP,51291.0,Amp5,5.24
X-4530,GOLGA2P2Y,84559.0,Del0.8,0.2
X-4530,GOLGA2P2Y,84559.0,Del0.8,0.31
X-4530,GOLGA6B,55889.0,Amp8,11
X-4530,GOLGA6C,653641.0,Amp5,7.36
X-4530,GOLGA6D,653643.0,Amp5,7.36
X-4530,GOLGA6L10,647042.0,Amp5,5.35
X-4530,GPR31,2853.0,Del0.8,0.69
X-4530,GRAMD2,196996.0,Amp5,5.5
X-4530,GSTT1,2952.0,Amp5,5.46
X-4530,GSTTP1,25774.0,Amp5,5.46
X-4530,GYG2P1,352887.0,Del0.8,0.2
X-4530,HAPLN3,145864.0,Amp5,5.7
X-4530,HAPLN4,404037.0,Amp5,5.24
X-4530,HDGFRP3,50810.0,Amp5,5.06
X-4530,HEXA,3073.0,Amp5,7.06
X-4530,HIGD2B,123346.0,Amp8,11
X-4530,HLA-DRB6,3128.0,Amp5,7.89
X-4530,HMG20A,10363.0,Amp5,5.62
X-4530,HNRNPA1L2,144983.0,MutNovel,"A297T,0.254"
X-4530,HNRNPCL1,343069.0,MutNovel,"A218D,1.000"
X-4530,HOMER2,9455.0,Amp5,5.06
X-4530,HOXA1,3198.0,MutNovel,"HHHH69H,0.700"
X-4530,HSFY2,159119.0,Del0.8,0.2
X-4530,HSFY2,159119.0,Del0.8,0.2
X-4530,HSPA1B,3304.0,MutNovel,"N499D,0.250"
X-4530,HSPA6,3310.0,MutKnownFunctional,"-61,0.476"
X-4530,HULC,728655.0,Amp5,5.06
X-4530,IDH2,3418.0,Amp5,5.54
X-4530,IFI30,10437.0,MutNovel,"N211S,0.652"
X-4530,IFNAR2,3455.0,MutNovel,"S324N,0.464"
X-4530,IGSF3,3321.0,MutNovel,"D1041G,0.314"
X-4530,IL16,3603.0,Amp8,8.11
X-4530,IMP3,55272.0,Amp5,5.06
X-4530,IREB2,3658.0,Amp5,6.28
X-4530,ISG20,3669.0,Amp5,5.1
X-4530,ISL2,64843.0,Amp5,5.06
X-4530,ITGB1,3688.0,MutNovel,"L679F,0.333"
X-4530,JAG2,3714.0,MutNovel,"N425S,0.966"
X-4530,KDM5D,8284.0,Del0.8,0.2
X-4530,KGFLP1,387628.0,Del0.8,0.65
X-4530,KIAA0825,285600.0,MutKnownFunctional,"-189?,0.292"
X-4530,KIAA1024,23251.0,Amp8,8.11
X-4530,KIAA1199,57214.0,Amp8,8.11
X-4530,KIF7,374654.0,Amp5,5.54
X-4530,KLHL18,23276.0,MutNovel,"V331M,0.966"
X-4530,KLLN,100144748.0,Del0.8,0.49
X-4530,KRIT1,889.0,MutNovel,"K282T,0.228"
X-4530,KRTAP19-3,337970.0,MutNovel,"G61S,0.333"
X-4530,LAIR2,3904.0,MutNovel,"H87R,0.750"
X-4530,LAMA5,3911.0,MutNovel,"R3506W,0.821"
X-4530,LCE3B,353143.0,Del0.8,0.26
X-4530,LCE3C,353144.0,Del0.8,0.18
X-4530,LGALS9C,654346.0,Del0.8,0.46
X-4530,LHFPL3,375612.0,Amp5,5.24
X-4530,LINC00290,728081.0,Del0.8,0.23
X-4530,LINC00518,221718.0,Amp5,5.06
X-4530,LMAN1L,79748.0,Amp5,7.36
X-4530,LMO7,4008.0,MutNovel,"I1118V,0.519"
X-4530,LOC100130275,100130275.0,Amp5,5.06
X-4530,LOC100132396,100132396.0,Del0.8,0.65
X-4530,LOC100288332,,MutNovel,"D279V,0.391"
X-4530,LOC100288428,100288428.0,Del0.8,0.72
X-4530,LOC100506207,100506207.0,Amp5,5.06
X-4530,LOC100996301,,MutKnownFunctional,"-123?,0.355"
X-4530,LOC100996689,,MutNovel,"P185S,0.600"
X-4530,LOC254559,254559.0,Amp5,5.54
X-4530,LOC283688,283688.0,Amp8,8.11
X-4530,LOC283693,283693.0,Amp5,5.06
X-4530,LOC283761,283761.0,Amp5,5.54
X-4530,LOC284440,284440.0,Amp5,5.24
X-4530,LOC338963,338963.0,Amp5,5.06
X-4530,LOC390660,390660.0,Amp5,5.35
X-4530,LOC391322,391322.0,Amp5,5.46
X-4530,LOC392196,392196.0,Del0.8,0.66
X-4530,LOC440297,440297.0,Amp5,5.35
X-4530,LOC440563,440563.0,MutNovel,"H235N,1.000"
X-4530,LOC440563,440563.0,MutNovel,"M229V,1.000"
X-4530,LOC646938,646938.0,Amp5,6.28
X-4530,LOC648809,648809.0,Amp5,5.46
X-4530,LOC727849,727849.0,Amp5,5.35
X-4530,LOC729911,729911.0,Amp5,7.16
X-4530,LPAR2,9170.0,Amp5,5.24
X-4530,LRRC17,10234.0,Amp5,5.1
X-4530,LSR,51599.0,MutNovel,"G518GR,0.807"
X-4530,MAGEA2B,,MutNovel,"P129Q,1.000"
X-4530,MAGEA6,4105.0,Del0.8,0.72
X-4530,MAGEC1,9947.0,MutNovel,"P274R,0.967"
X-4530,MAK,4117.0,Amp5,5.06
X-4530,MAN2C1,4123.0,Amp5,7.36
X-4530,MAP4K4,9448.0,Del0.8,0.53
X-4530,MAU2,23383.0,Amp5,5.24
X-4530,MEF2A,4205.0,MutNovel,"QQ412-,0.217"
X-4530,MEF2B,100271849.0,Amp5,5.24
X-4530,MEF2BNB,729991.0,Amp5,5.24
X-4530,MEF2BNB-MEF2B,4207.0,Amp5,5.24
X-4530,MESDC1,59274.0,Amp8,8.11
X-4530,MESDC2,23184.0,Amp8,8.11
X-4530,MESP1,55897.0,Amp5,5.54
X-4530,MESP2,145873.0,Amp5,5.54
X-4530,MEX3B,84206.0,Amp5,5.35
X-4530,MFGE8,4240.0,Amp5,5.7
X-4530,MIR1179,100302235.0,Amp5,5.1
X-4530,MIR184,406960.0,Amp5,6.28
X-4530,MIR3529,100616238.0,Amp5,5.1
X-4530,MIR3665,100500861.0,Amp5,5.9
X-4530,MIR4313,100423035.0,Amp5,5.06
X-4530,MIR4513,100616183.0,Amp5,7.36
X-4530,MIR4514,100616181.0,Amp8,8.11
X-4530,MIR4515,100616404.0,Amp5,5.06
X-4530,MIR4675,100616383.0,Del0.8,0.58
X-4530,MIR549,693132.0,Amp8,8.11
X-4530,MIR630,693215.0,Amp8,11
X-4530,MIR631,693216.0,Amp5,7.36
X-4530,MIR7-2,407044.0,Amp5,5.1
X-4530,MIR9-3,407051.0,Amp5,5.54
X-4530,MKKS,8195.0,MutNovel,"S263I,0.340"
X-4530,MLL3,58508.0,MutNovel,"C988V,0.702"
X-4530,MORF4L1,10933.0,Amp5,6.28
X-4530,MPI,4351.0,Amp5,7.36
X-4530,MPRIP,23164.0,MutNovel,"TS178T,0.533"
X-4530,MRPL46,26589.0,Amp5,5.1
X-4530,MRPS11,64963.0,Amp5,5.1
X-4530,MTHFS,10588.0,Amp8,8.11
X-4530,MTX1,4580.0,MutNovel,"F351L,0.457"
X-4530,MUTED,63915.0,Amp5,5.06
X-4530,MUTED-TXNDC5,100526836.0,Amp5,5.06
X-4530,MYO9A,4649.0,Amp5,6.63
X-4530,NAIP,4671.0,MutNovel,"M389T,0.462"
X-4530,NAPEPLD,222236.0,Amp5,5.1
X-4530,NBPF14,25832.0,MutNovel,"A725V,0.667"
X-4530,NCAN,1463.0,Amp5,5.24
X-4530,NCRNA00185,55410.0,Del0.8,0.2
X-4530,NDUFA11,126328.0,Amp5,7.62
X-4530,NDUFA13,51079.0,Amp5,5.24
X-4530,NEDD9,4739.0,Amp5,5.39
X-4530,NEIL1,79661.0,Amp5,7.36
X-4530,NLGN4Y,22829.0,Del0.8,0.2
X-4530,NOS3,4846.0,MutNovel,"C602Y,0.600"
X-4530,NOTCH2,4853.0,MutNovel,"K880N,0.467"
X-4530,NR2C2AP,126382.0,Amp5,5.24
X-4530,NR2E3,10002.0,Amp5,6.63
X-4530,NRG4,145957.0,Amp5,5.06
X-4530,NRM,11270.0,MutNovel,"W50C,0.638"
X-4530,NRTN,4902.0,Amp5,7.62
X-4530,NTRK3,4916.0,Amp5,5.1
X-4530,NUDC,10726.0,MutNovel,"K96T,0.626"
X-4530,ODC1,4953.0,MutNovel,"A434V,0.671"
X-4530,ODF3L1,161753.0,Amp5,5.06
X-4530,OR4C6,219432.0,Del0.8,0.26
X-4530,OR4P4,81300.0,Del0.8,0.26
X-4530,OR4S2,219431.0,Del0.8,0.26
X-4530,ORAI1,84876.0,MutNovel,"PP43-,0.796"
X-4530,ORC5,5001.0,Amp5,6.32
X-4530,PABPC3,5042.0,MutKnownFunctional,"-228,0.455"
X-4530,PABPC3,5042.0,MutNovel,"KG231-,0.375"
X-4530,PAGE2B,389860.0,MutNovel,"L100P,0.231"
X-4530,PAK1IP1,55003.0,Amp5,5.06
X-4530,PAPSS2,9060.0,Del0.8,0.48
X-4530,PAX3,5077.0,Amp8,9.45
X-4530,PBX4,80714.0,Amp5,5.24
X-4530,PCDH11Y,83259.0,Del0.8,0.2
X-4530,PCDHAC2,56134.0,MutNovel,"Y419C,0.500"
X-4530,PEAK1,79834.0,Amp5,5.06
X-4530,PEX11A,8800.0,Amp5,5.54
X-4530,PGAP2,27315.0,MutNovel,"V141I,1.000"
X-4530,PHKA2,5256.0,MutNovel,"Y811C,1.000"
X-4530,PHLDA1,22822.0,MutNovel,"QQ194Q,0.523"
X-4530,PIP5K1P1,206426.0,Amp5,5.06
X-4530,PITPNB,23760.0,MutNovel,"Y93D,0.316"
X-4530,PKD1,5310.0,MutNovel,"R966W,0.375"
X-4530,PKNOX2,63876.0,Del0.8,0.44
X-4530,PLDN,26258.0,MutNovel,"F105L,1.000"
X-4530,PLIN1,5346.0,Amp5,5.54
X-4530,PMPCB,9512.0,Amp5,6.32
X-4530,POLG,5428.0,Amp5,5.54
X-4530,POLR3E,55718.0,MutNovel,"H220R,0.513"
X-4530,PPCDC,60490.0,Amp5,7.36
X-4530,PPP1R37,284352.0,MutNovel,"L366F,0.500"
X-4530,PRKY,5616.0,Del0.8,0.2
X-4530,PRR22,163154.0,Amp5,7.62
X-4530,PRY,9081.0,Del0.8,0.2
X-4530,PRY,9081.0,Del0.8,0.2
X-4530,PRY2,442862.0,Del0.8,0.2
X-4530,PRY2,442862.0,Del0.8,0.2
X-4530,PSMA4,5685.0,Amp5,6.28
X-4530,PSMC2,5701.0,Amp5,6.32
X-4530,PSTPIP1,9051.0,Amp5,5.06
X-4530,PTEN,5728.0,Del0.8,0.78
X-4530,PTPN9,5780.0,Amp5,6.11
X-4530,RAB5B,5869.0,MutNovel,"G190-,0.474"
X-4530,RABL6,,MutNovel,"G713A,0.981"
X-4530,RANBP3,8498.0,Amp5,7.62
X-4530,RASGRF1,5923.0,Amp5,6.28
X-4530,RBMY1A3P,286557.0,Del0.8,0.2
X-4530,RBMY1B,378948.0,Del0.8,0.2
X-4530,RBMY1B,378948.0,Del0.8,0.2
X-4530,RBMY1E,378950.0,Del0.8,0.2
X-4530,RBMY1E,378950.0,Del0.8,0.2
X-4530,RBMY1F,159163.0,Del0.8,0.2
X-4530,RBMY1F,159163.0,Del0.8,0.2
X-4530,RBMY1J,378951.0,Del0.8,0.2
X-4530,RBMY1J,378951.0,Del0.8,0.2
X-4530,RBMY2EP,159125.0,Del0.8,0.2
X-4530,RBMY2FP,159162.0,Del0.8,0.2
X-4530,RBMY3AP,64593.0,Del0.8,0.2
X-4530,RCN2,5955.0,Amp5,5.06
X-4530,RELN,5649.0,Amp5,6.32
X-4530,RFXANK,8625.0,Amp5,5.24
X-4530,RHCG,51458.0,Amp5,5.54
X-4530,RIN3,79890.0,MutNovel,"G967-,0.484"
X-4530,RIOK1,83732.0,Amp5,5.06
X-4530,RLBP1,6017.0,Amp5,5.54
X-4530,RNF207,388591.0,MutNovel,"S19N,1.000"
X-4530,RPL19P12,100129424.0,Amp5,5.1
X-4530,RPP25,54913.0,Amp5,7.36
X-4530,RPS17,6218.0,Amp5,5.21
X-4530,RPS4Y1,6192.0,Del0.8,0.2
X-4530,RPS4Y2,140032.0,Del0.8,0.2
X-4530,RREB1,6239.0,Amp5,5.06
X-4530,SACS,26278.0,MutNovel,"C3990R,0.364"
X-4530,SAE1,10055.0,MutNovel,"D111G,0.499"
X-4530,SCAMP2,10066.0,Amp5,7.36
X-4530,SCAMP5,192683.0,Amp5,7.36
X-4530,SCAPER,49855.0,Amp5,5.06
X-4530,SCARNA15,677778.0,Amp5,5.06
X-4530,SCARNA27,100124533.0,Amp5,5.06
X-4530,SENP8,123228.0,Amp5,6.63
X-4530,SERINC1,57515.0,MutNovel,"F329L,0.227"
X-4530,SERINC2,347735.0,MutNovel,"-373Q,0.327"
X-4530,SIN3A,25942.0,Amp5,7.36
X-4530,SLAIN1,122060.0,Amp5,5.9
X-4530,SLC12A5,57468.0,MutNovel,"G41A,0.714"
X-4530,SLC25A42,284439.0,Amp5,5.24
X-4530,SLC26A5,375611.0,Amp5,6.32
X-4530,SLC35B3,51000.0,Amp5,5.06
X-4530,SLC4A1AP,22950.0,MutNovel,"S26T,0.429"
X-4530,SLC5A6,8884.0,MutNovel,"R240C,0.276"
X-4530,SNRNP48,154007.0,Amp5,5.06
X-4530,SNUPN,10073.0,Amp5,5.06
X-4530,SNX33,257364.0,Amp5,5.06
X-4530,SPAG11A,653423.0,Del0.8,0.39
X-4530,SPAG11B,10407.0,Del0.8,0.58
X-4530,SPAG11B,10407.0,Del0.8,0.39
X-4530,SPAG8,26206.0,MutNovel,"GSGPG182G,0.667"
X-4530,SPAST,6683.0,MutNovel,"H46Q,0.368"
X-4530,SPRYD3,84926.0,MutNovel,"R91Q,0.402"
X-4530,SRSF6,6431.0,MutKnownFunctional,"-308,0.259"
X-4530,SRY,6736.0,Del0.8,0.2
X-4530,SSR1,6745.0,Amp5,5.06
X-4530,ST20,400410.0,Amp8,8.11
X-4530,ST20-MTHFS,100528021.0,Amp8,8.11
X-4530,STARD5,80765.0,Amp8,8.11
X-4530,SUGP1,57794.0,Amp5,5.24
X-4530,SUGP2,10147.0,Amp5,5.24
X-4530,SYCP2L,221711.0,Amp5,5.06
X-4530,TBL1Y,90665.0,Del0.8,0.2
X-4530,TBP,6908.0,MutNovel,"-64QQQ,0.292"
X-4530,TCOF1,6949.0,MutNovel,"SEEGSE273-,0.204"
X-4530,TFAP2A,7020.0,Amp5,5.06
X-4530,TFE3,7030.0,MutNovel,"G531E,1.000"
X-4530,TGIF2LY,90655.0,Del0.8,0.2
X-4530,THRAP3,9967.0,MutNovel,"S268I,0.509"
X-4530,TM6SF1,53346.0,Amp5,5.06
X-4530,TM6SF2,53345.0,Amp5,5.24
X-4530,TMC3,342125.0,Amp8,8.11
X-4530,TMED3,23423.0,Amp8,8.11
X-4530,TMEM14B,81853.0,Amp5,5.06
X-4530,TMEM14C,51522.0,Amp5,5.06
X-4530,TMEM161A,54929.0,Amp5,5.24
X-4530,TMEM170B,100113407.0,Amp5,6.45
X-4530,TMEM183A,92703.0,MutNovel,"P7L,0.446"
X-4530,TMEM202,338949.0,Amp8,11
X-4530,TMSB4Y,9087.0,Del0.8,0.2
X-4530,TP53BP1,7158.0,MutNovel,"PIP454P,0.972"
X-4530,TSFM,10102.0,MutNovel,"M147T,0.398"
X-4530,TSKS,60385.0,MutNovel,"S588T,0.833"
X-4530,TSPAN3,10099.0,Amp5,5.06
X-4530,TSPAN4,7106.0,MutNovel,"I67M,0.455"
X-4530,TSPY1,7258.0,Del0.8,0.2
X-4530,TSPY2,64591.0,Del0.8,0.2
X-4530,TSPY3,728137.0,Del0.8,0.2
X-4530,TSPY4,728395.0,Del0.8,0.2
X-4530,TSPY8,728403.0,Del0.8,0.2
X-4530,TSPYL1,7259.0,MutNovel,"V176VW,0.849"
X-4530,TSSK6,83983.0,Amp5,5.24
X-4530,TTTY10,246119.0,Del0.8,0.2
X-4530,TTTY11,83866.0,Del0.8,0.2
X-4530,TTTY12,83867.0,Del0.8,0.2
X-4530,TTTY13,83868.0,Del0.8,0.2
X-4530,TTTY14,83869.0,Del0.8,0.2
X-4530,TTTY15,64595.0,Del0.8,0.2
X-4530,TTTY16,252948.0,Del0.8,0.2
X-4530,TTTY17A,252949.0,Del0.8,0.07
X-4530,TTTY17A,252949.0,Del0.8,0.12
X-4530,TTTY18,252950.0,Del0.8,0.2
X-4530,TTTY19,252952.0,Del0.8,0.2
X-4530,TTTY1B,100101116.0,Del0.8,0.2
X-4530,TTTY1B,100101116.0,Del0.8,0.2
X-4530,TTTY2,60439.0,Del0.8,0.2
X-4530,TTTY2,60439.0,Del0.8,0.2
X-4530,TTTY20,252951.0,Del0.8,0.2
X-4530,TTTY21,252953.0,Del0.8,0.2
X-4530,TTTY21,252953.0,Del0.8,0.2
X-4530,TTTY22,252954.0,Del0.8,0.2
X-4530,TTTY23,252955.0,Del0.8,0.2
X-4530,TTTY23,252955.0,Del0.8,0.2
X-4530,TTTY3,114760.0,Del0.8,0.11
X-4530,TTTY3,114760.0,Del0.8,0.2
X-4530,TTTY4,114761.0,Del0.8,0.12
X-4530,TTTY4,114761.0,Del0.8,0.07
X-4530,TTTY5,83863.0,Del0.8,0.2
X-4530,TTTY6,84672.0,Del0.8,0.2
X-4530,TTTY6,84672.0,Del0.8,0.2
X-4530,TTTY7,246122.0,Del0.8,0.2
X-4530,TTTY7,246122.0,Del0.8,0.2
X-4530,TTTY7B,100101120.0,Del0.8,0.2
X-4530,TTTY7B,100101120.0,Del0.8,0.2
X-4530,TTTY8,84673.0,Del0.8,0.2
X-4530,TTTY8,84673.0,Del0.8,0.2
X-4530,TTTY9A,83864.0,Del0.8,0.2
X-4530,TTTY9A,83864.0,Del0.8,0.2
X-4530,TXLNG2P,246126.0,Del0.8,0.2
X-4530,TXNDC5,81567.0,Amp5,5.06
X-4530,TYRO3P,7302.0,Amp5,5.06
X-4530,UBE2Q2,92912.0,Amp5,5.06
X-4530,ULK3,25989.0,Amp5,7.36
X-4530,UQCRHL,440567.0,MutKnownFunctional,"-22,0.278"
X-4530,USP17L2,377630.0,Del0.8,0.66
X-4530,USP32P2,220594.0,Del0.8,0.46
X-4530,USP34,9736.0,MutNovel,"F729V,0.824"
X-4530,USP36,57602.0,MutNovel,"KKK958K,0.786"
X-4530,USP9Y,8287.0,Del0.8,0.2
X-4530,UTY,7404.0,Del0.8,0.2
X-4530,VCY,9084.0,Del0.8,0.2
X-4530,VCY,9084.0,Del0.8,0.2
X-4530,VKORC1,79001.0,MutNovel,"T99I,0.203"
X-4530,VMAC,400673.0,Amp5,7.62
X-4530,WDR93,56964.0,Amp5,5.54
X-4530,WHAMM,123720.0,Amp5,5.06
X-4530,XKRY2,353515.0,Del0.8,0.2
X-4530,XKRY2,353515.0,Del0.8,0.2
X-4530,YJEFN3,374887.0,Amp5,5.24
X-4530,ZFAND6,54469.0,Amp8,8.11
X-4530,ZFP62,643836.0,MutNovel,"I717T,0.404"
X-4530,ZFY,7544.0,Del0.8,0.2
X-4530,ZNF101,94039.0,Amp5,5.24
X-4530,ZNF14,7561.0,Amp5,5.24
X-4530,ZNF253,56242.0,MutNovel,"K285Q,0.848"
X-4530,ZNF253,56242.0,Amp5,5.24
X-4530,ZNF254,9534.0,Amp5,5.62
X-4530,ZNF384,171017.0,MutNovel,"QQ514Q,0.350"
X-4530,ZNF384,171017.0,MutNovel,"A494S,0.545"
X-4530,ZNF486,90649.0,Amp5,5.24
X-4530,ZNF506,440515.0,Amp5,5.24
X-4530,ZNF528,84436.0,MutKnownFunctional,"-400?,0.405"
X-4530,ZNF682,91120.0,Amp5,5.24
X-4530,ZNF705D,728957.0,MutNovel,"K87T,1.000"
X-4530,ZNF705D,728957.0,MutNovel,"A100P,1.000"
X-4530,ZNF705D,728957.0,Del0.8,0.66
X-4530,ZNF708,7562.0,Amp5,5.13
X-4530,ZNF710,374655.0,Amp5,5.54
X-4530,ZNF738,148203.0,Amp5,5.13
X-4530,ZNF772,400720.0,MutNovel,"A4GP,0.323"
X-4530,ZNF778,197320.0,MutNovel,"S229N,1.000"
X-4530,ZNF90,7643.0,Amp5,5.24
X-4530,ZNF93,81931.0,Amp5,5.24
X-4538,61E3.4,,MutNovel,"I75V,0.517"
X-4538,ABHD13,84945.0,MutNovel,"E157K,0.438"
X-4538,ADAMTS7,11173.0,MutNovel,"L1293P,0.208"
X-4538,ADAMTS7,11173.0,MutNovel,"R581H,0.381"
X-4538,ADAMTS9,56999.0,MutNovel,"R725Q,1.000"
X-4538,ADAMTS9,56999.0,MutNovel,"P596S,1.000"
X-4538,AKAP13,11214.0,MutNovel,"E810G,0.429"
X-4538,ALG1L2,644974.0,Del0.8,0.75
X-4538,ALMS1,7840.0,MutNovel,"H3795R,0.690"
X-4538,AMELY,266.0,Del0.8,0.17
X-4538,ANAPC1,64682.0,MutNovel,"S364L,0.441"
X-4538,ANKMY2,57037.0,MutNovel,"F136V,0.342"
X-4538,ANKRD36,375248.0,MutNovel,"T998S,0.263"
X-4538,ANKRD36,375248.0,MutNovel,"S1061P,0.667"
X-4538,ANKRD36C,,MutNovel,"D1868N,0.600"
X-4538,ANO10,55129.0,MutKnownFunctional,"-44?,0.833"
X-4538,ARHGEF5,7984.0,MutNovel,"W885R,0.350"
X-4538,ARRDC4,91947.0,Amp8,29.86
X-4538,ARV1,64801.0,MutKnownFunctional,"-170?,0.265"
X-4538,ASH1L,55870.0,MutNovel,"R1848H,0.558"
X-4538,ASMTL,8623.0,MutNovel,"Q767H,1.000"
X-4538,ASPSCR1,79058.0,MutNovel,"P47S,0.527"
X-4538,ATG4B,23192.0,MutNovel,"P25L,0.394"
X-4538,ATP5G2,517.0,MutNovel,"Y172H,0.331"
X-4538,BCORP1,286554.0,Del0.8,0.17
X-4538,BMI1,648.0,Del0.8,0.2
X-4538,BMP6,654.0,MutNovel,"R28Q,1.000"
X-4538,BMS1P5,399761.0,Del0.8,0.65
X-4538,BPY2B,442867.0,Del0.8,0.09
X-4538,BPY2B,442867.0,Del0.8,0.05
X-4538,BRAF,673.0,MutKnownFunctional,"V600E,0.485"
X-4538,C10orf11,83938.0,MutNovel,"A131V,0.993"
X-4538,C10orf114,399726.0,Del0.8,0.11
X-4538,C1QTNF4,114900.0,MutNovel,"Q141H,0.500"
X-4538,C3orf17,25871.0,MutKnownFunctional,"S437*,1.000"
X-4538,C9orf53,51198.0,Del0.8,0.17
X-4538,CAB39L,81617.0,MutNovel,"E311D,0.417"
X-4538,CALD1,800.0,MutNovel,"RE318R,0.259"
X-4538,CAPZA2,830.0,MutNovel,"I155T,0.573"
X-4538,CARD10,29775.0,MutNovel,"P899L,0.469"
X-4538,CARD10,29775.0,MutNovel,"G625E,0.615"
X-4538,CBWD5,220869.0,MutNovel,"G106C,0.889"
X-4538,CCDC136,64753.0,MutKnownFunctional,"-790?,0.250"
X-4538,CCDC40,55036.0,MutKnownFunctional,"Q774*,0.500"
X-4538,CDC42BPA,8476.0,MutNovel,"I710V,0.475"
X-4538,CDH3,1001.0,MutNovel,"P736T,0.406"
X-4538,CDHR5,53841.0,MutNovel,"S585G,1.000"
X-4538,CDK19,23097.0,MutNovel,"G348D,0.982"
X-4538,CDKN2A,1029.0,Del0.8,0.17
X-4538,CDKN2B,1030.0,Del0.8,0.34
X-4538,CDY1B,253175.0,Del0.8,0.17
X-4538,CDY1B,253175.0,Del0.8,0.12
X-4538,CDY2A,9426.0,Del0.8,0.17
X-4538,CDY2A,9426.0,Del0.8,0.17
X-4538,CDY2B,203611.0,Del0.8,0.17
X-4538,CDY2B,203611.0,Del0.8,0.17
X-4538,CLN6,54982.0,MutNovel,"A12T,0.302"
X-4538,CLPTM1L,81037.0,MutNovel,"E525V,0.508"
X-4538,CNDP1,84735.0,MutNovel,"V15VL,0.314"
X-4538,CNOT1,23019.0,MutNovel,"A1024V,0.539"
X-4538,CNTNAP3B,728577.0,MutNovel,"G1163D,0.571"
X-4538,COG6,57511.0,MutNovel,"L122I,0.526"
X-4538,COMMD3,23412.0,Del0.8,0.11
X-4538,COMMD3-BMI1,100532731.0,Del0.8,0.2
X-4538,COPZ2,51226.0,MutKnownFunctional,"-6?,1.000"
X-4538,CRAMP1L,57585.0,MutNovel,"A68V,0.235"
X-4538,CSPG4,1464.0,MutNovel,"P407L,0.533"
X-4538,CSPG4P1Y,114758.0,Del0.8,0.17
X-4538,CSPG4P1Y,114758.0,Del0.8,0.12
X-4538,CT45A4,441520.0,Del0.8,0.59
X-4538,CT45A5,441521.0,Del0.8,0.59
X-4538,CT45A6,541465.0,Del0.8,0.59
X-4538,DAZ1,1617.0,Del0.8,0.17
X-4538,DAZ2,57055.0,Del0.8,0.1
X-4538,DAZ3,57054.0,Del0.8,0.09
X-4538,DAZ3,57054.0,Del0.8,0.05
X-4538,DAZ4,57135.0,Del0.8,0.11
X-4538,DAZ4,57135.0,Del0.8,0.08
X-4538,DBP,1628.0,MutNovel,"S159P,0.405"
X-4538,DDR2,4921.0,MutNovel,"T98I,0.609"
X-4538,DDX3Y,8653.0,Del0.8,0.17
X-4538,DEFB109P1,245912.0,Del0.8,0.45
X-4538,DGKQ,1609.0,MutNovel,"P27L,0.778"
X-4538,DHRS4L2,317749.0,MutNovel,"R50W,0.887"
X-4538,DLK2,65989.0,MutNovel,"A278T,0.833"
X-4538,DMXL1,1657.0,MutNovel,"SCY1418S,0.925"
X-4538,DMXL1,1657.0,MutNovel,"S1421L,1.000"
X-4538,DNAH9,1770.0,MutNovel,"D3295Y,0.500"
X-4538,DNAJC1,64215.0,Del0.8,0.19
X-4538,DOCK11,139818.0,MutNovel,"P502S,1.000"
X-4538,EBLN1,340900.0,Del0.8,0.24
X-4538,EIF1AY,9086.0,Del0.8,0.17
X-4538,ENGASE,64772.0,MutNovel,"L315P,0.500"
X-4538,ERO1LB,56605.0,MutNovel,"L342P,0.696"
X-4538,EXOSC6,118460.0,MutNovel,"G10C,0.454"
X-4538,F5,2153.0,MutNovel,"G1642R,0.455"
X-4538,FAM106A,80039.0,Del0.8,0.54
X-4538,FAM111B,374393.0,MutNovel,"I279F,0.558"
X-4538,FAM169B,283777.0,Amp8,37.01
X-4538,FAM197Y2P,252946.0,Del0.8,0.17
X-4538,FAM41AY1,340618.0,Del0.8,0.17
X-4538,FAM41AY1,340618.0,Del0.8,0.17
X-4538,FAM75C2,645961.0,MutNovel,"K60R,0.521"
X-4538,FAM75C2,645961.0,MutNovel,"F38L,0.281"
X-4538,FKBP4,2288.0,MutNovel,"E458K,0.392"
X-4538,FKRP,79147.0,MutNovel,"V99A,0.500"
X-4538,FRAS1,80144.0,MutNovel,"G1343R,0.600"
X-4538,FRAS1,80144.0,MutNovel,"P3137S,0.487"
X-4538,FTL,2512.0,MutNovel,"I5T,0.513"
X-4538,GCC2,9648.0,MutKnownFunctional,"R999*,0.388"
X-4538,GGT1,2678.0,MutNovel,"V495M,0.643"
X-4538,GGT1,2678.0,MutNovel,"P502S,0.364"
X-4538,GGT1,2678.0,MutNovel,"V512I,0.889"
X-4538,GIGYF2,26058.0,MutNovel,"PQ1231P,0.453"
X-4538,GOLGA2P2Y,84559.0,Del0.8,0.12
X-4538,GOLGA2P2Y,84559.0,Del0.8,0.17
X-4538,GPAT2,150763.0,MutNovel,"H377R,1.000"
X-4538,GPAT2,150763.0,MutNovel,"R375W,1.000"
X-4538,GPD2,2820.0,MutNovel,"I691F,0.425"
X-4538,GPR153,387509.0,MutNovel,"R209C,0.442"
X-4538,GPR89A,653519.0,MutNovel,"R149Q,0.204"
X-4538,GRTP1,79774.0,MutNovel,"E275-,1.000"
X-4538,GSTM1,2944.0,Del0.8,0.55
X-4538,GSTT2B,,MutNovel,"E66K,0.417"
X-4538,GYG2P1,352887.0,Del0.8,0.17
X-4538,HCN1,348980.0,MutNovel,"R885Q,0.557"
X-4538,HEATR6,63897.0,MutNovel,"S1010L,0.391"
X-4538,HIVEP3,59269.0,MutNovel,"H244Y,0.462"
X-4538,HLA-DRB1,3123.0,MutNovel,"T210M,0.308"
X-4538,HLA-DRB1,3123.0,MutNovel,"V209L,0.667"
X-4538,HSFY2,159119.0,Del0.8,0.17
X-4538,HSFY2,159119.0,Del0.8,0.17
X-4538,HSPG2,3339.0,MutNovel,"E2742K,0.522"
X-4538,IARS2,55699.0,MutNovel,"P689S,0.463"
X-4538,IGF1R,3480.0,Amp8,38.32
X-4538,IGF2BP3,10643.0,MutNovel,"R86Q,0.635"
X-4538,IGSF11,152404.0,MutNovel,"L185F,1.000"
X-4538,ILF3,3609.0,MutNovel,"P245S,0.476"
X-4538,IRAK1,3654.0,MutNovel,"P540S,1.000"
X-4538,IRS2,8660.0,MutNovel,"P861L,0.786"
X-4538,ITGA4,3676.0,MutNovel,"E755K,0.645"
X-4538,ITGA7,3679.0,MutNovel,"H368N,0.462"
X-4538,KANSL1,,MutKnownFunctional,"-841,0.210"
X-4538,KCTD18,130535.0,MutKnownFunctional,"-387,0.237"
X-4538,KDM5D,8284.0,Del0.8,0.17
X-4538,KIAA0100,9703.0,MutNovel,"P725L,0.442"
X-4538,KIAA0564,23078.0,MutNovel,"H1021Q,0.271"
X-4538,KIF13B,23303.0,MutNovel,"R1776P,0.389"
X-4538,KIF1B,23095.0,MutNovel,"R72H,0.515"
X-4538,KLHL22,84861.0,MutNovel,"N349Y,0.557"
X-4538,KLRC1,3821.0,MutNovel,"L145Q,1.000"
X-4538,KLRC2,3822.0,MutNovel,"L143Q,0.258"
X-4538,KRT8,3856.0,MutNovel,"T215A,1.000"
X-4538,LATS2,26524.0,MutNovel,"PAP477P,0.625"
X-4538,LCE3B,353143.0,Del0.8,0.24
X-4538,LCE3C,353144.0,Del0.8,0.24
X-4538,LGALS9C,654346.0,Del0.8,0.54
X-4538,LOC100130992,100130992.0,Del0.8,0.24
X-4538,LOC100996378,,MutNovel,"D162N,0.600"
X-4538,LOC100996441,,MutNovel,"S137C,1.000"
X-4538,LOC100996489,,MutNovel,"P61S,0.923"
X-4538,LOC100996573,,MutNovel,"G227S,0.438"
X-4538,LOC100996689,,MutKnownFunctional,"-282?,0.600"
X-4538,LOC100996689,,MutNovel,"T263M,0.429"
X-4538,LOC100996689,,MutKnownFunctional,"W116*,0.600"
X-4538,LOC642643,,MutNovel,"E124G,1.000"
X-4538,LOC727924,727924.0,Del0.8,0.7
X-4538,LOC728888,,MutNovel,"A1077V,0.235"
X-4538,LOC728888,,MutNovel,"G1064P,0.500"
X-4538,LOC91948,91948.0,Amp5,7.11
X-4538,LRPPRC,10128.0,MutNovel,"R1387K,0.304"
X-4538,LRRTM2,26045.0,MutNovel,"H211N,1.000"
X-4538,LSAMP,4045.0,Del0.8,0.79
X-4538,LSR,51599.0,MutNovel,"G518GR,0.836"
X-4538,MAGEL2,54551.0,MutNovel,"M842I,1.000"
X-4538,MAPK7,5598.0,MutKnownFunctional,"Q630*,0.383"
X-4538,MCM9,254394.0,MutNovel,"Q658H,1.000"
X-4538,MEAF6,64769.0,MutNovel,"D14N,0.503"
X-4538,MEGF8,1954.0,MutNovel,"V1751I,0.423"
X-4538,MEOX2,4223.0,MutNovel,"HH76H,0.250"
X-4538,MINA,84864.0,MutNovel,"R418C,1.000"
X-4538,MIR1915,100302129.0,Del0.8,0.11
X-4538,MIR4675,100616383.0,Del0.8,0.46
X-4538,MIR4714,100616432.0,Amp8,36.5
X-4538,MIR4789,100616395.0,Del0.8,0.66
X-4538,MLL3,58508.0,MutNovel,"R973G,0.364"
X-4538,MLL3,58508.0,MutNovel,"N729D,0.231"
X-4538,MLLT10,8028.0,Del0.8,0.14
X-4538,MLPH,79083.0,MutNovel,"P506L,0.462"
X-4538,MND1,84057.0,MutNovel,"H80Y,0.548"
X-4538,MPRIP,23164.0,MutNovel,"TS178T,0.224"
X-4538,MTCP1NB,100272147.0,MutKnownFunctional,"Q29*,0.992"
X-4538,MYH14,79784.0,MutNovel,"E1854K,0.433"
X-4538,NAALADL2,254827.0,Del0.8,0.79
X-4538,NBPF1,55672.0,MutNovel,"A450V,0.222"
X-4538,NCOA2,10499.0,MutNovel,"S533F,0.515"
X-4538,NCOR2,9612.0,MutNovel,"G1839GAAA,0.619"
X-4538,NCOR2,9612.0,MutNovel,"H982Y,0.659"
X-4538,NCRNA00185,55410.0,Del0.8,0.17
X-4538,NDNF,79625.0,MutNovel,"D487N,0.700"
X-4538,NEK1,4750.0,MutNovel,"V235L,0.333"
X-4538,NLGN4Y,22829.0,Del0.8,0.17
X-4538,NOMO2,283820.0,MutNovel,"V331I,0.538"
X-4538,NPC1,4864.0,MutNovel,"T303I,0.362"
X-4538,NR1H2,7376.0,MutNovel,"-173Q,0.400"
X-4538,NYNRIN,57523.0,MutNovel,"P391L,0.607"
X-4538,OR2A1,,MutNovel,"L85R,0.500"
X-4538,OR4M2,390538.0,Del0.8,0.7
X-4538,OR4N4,283694.0,Del0.8,0.7
X-4538,ORAI1,84876.0,MutNovel,"PP43-,0.778"
X-4538,PCDH11Y,83259.0,Del0.8,0.17
X-4538,PCDH17,27253.0,MutNovel,"F958V,0.500"
X-4538,PCDHGA2,56113.0,MutNovel,"G498K,1.000"
X-4538,PCM1,5108.0,MutNovel,"R354H,0.483"
X-4538,PCNT,5116.0,MutNovel,"R1939W,0.300"
X-4538,PDE4DIP,9659.0,MutNovel,"R855Q,0.431"
X-4538,PGPEP1L,145814.0,MutKnownFunctional,"-165?,0.535"
X-4538,PGPEP1L,145814.0,Amp8,36.5
X-4538,PHLDA1,22822.0,MutNovel,"QQ194Q,0.496"
X-4538,PIK3CA,5290.0,MutNovel,"W328S,1.000"
X-4538,PKM,,MutKnownFunctional,"S5*,0.463"
X-4538,PLD4,122618.0,MutNovel,"H199R,0.455"
X-4538,PLK4,10733.0,MutNovel,"A867P,0.438"
X-4538,POLD3,10714.0,MutNovel,"R143G,0.660"
X-4538,POLR3H,171568.0,MutNovel,"E124K,0.447"
X-4538,PPP1CC,5501.0,MutNovel,"G67R,0.337"
X-4538,PPP1R13B,23368.0,MutNovel,"ME737IK,0.671"
X-4538,PRDM5,11107.0,MutNovel,"H398Y,0.808"
X-4538,PRIC285,85441.0,MutNovel,"P2214S,0.506"
X-4538,PRKY,5616.0,Del0.8,0.17
X-4538,PRR12,57479.0,MutNovel,"P892R,0.538"
X-4538,PRR14,78994.0,MutKnownFunctional,"Q205*,0.402"
X-4538,PRX,57716.0,MutNovel,"P694F,1.000"
X-4538,PRY,9081.0,Del0.8,0.17
X-4538,PRY,9081.0,Del0.8,0.17
X-4538,PRY2,442862.0,Del0.8,0.17
X-4538,PRY2,442862.0,Del0.8,0.17
X-4538,PTPN12,5782.0,MutNovel,"E610K,0.657"
X-4538,PTPRJ,5795.0,MutNovel,"Y1045D,0.484"
X-4538,RANBP6,26953.0,MutNovel,"R510W,1.000"
X-4538,RANBP9,10048.0,MutNovel,"N578K,0.632"
X-4538,RBM19,9904.0,MutNovel,"P931L,0.468"
X-4538,RBMY1A3P,286557.0,Del0.8,0.17
X-4538,RBMY1B,378948.0,Del0.8,0.17
X-4538,RBMY1B,378948.0,Del0.8,0.17
X-4538,RBMY1E,378950.0,Del0.8,0.17
X-4538,RBMY1E,378950.0,Del0.8,0.17
X-4538,RBMY1F,159163.0,Del0.8,0.17
X-4538,RBMY1F,159163.0,Del0.8,0.17
X-4538,RBMY1J,378951.0,Del0.8,0.17
X-4538,RBMY1J,378951.0,Del0.8,0.17
X-4538,RBMY2EP,159125.0,Del0.8,0.17
X-4538,RBMY2FP,159162.0,Del0.8,0.17
X-4538,RBMY3AP,64593.0,Del0.8,0.17
X-4538,REPIN1,29803.0,MutNovel,"A158G,0.598"
X-4538,REPIN1,29803.0,MutNovel,"A228V,0.643"
X-4538,RNF144B,255488.0,MutNovel,"V123A,0.871"
X-4538,RPE65,6121.0,MutNovel,"G48R,0.714"
X-4538,RPL22,6146.0,MutNovel,"G51E,0.505"
X-4538,RPS4Y1,6192.0,Del0.8,0.17
X-4538,RPS4Y2,140032.0,Del0.8,0.17
X-4538,RYR2,6262.0,MutNovel,"S4360F,0.575"
X-4538,SAMD1,90378.0,MutNovel,"P4A,0.300"
X-4538,SAMD9L,219285.0,MutNovel,"E875K,0.789"
X-4538,SCAPER,49855.0,Del0.8,0.53
X-4538,SEMA3E,9723.0,MutNovel,"E712K,1.000"
X-4538,SEMA6D,80031.0,MutNovel,"R529C,0.500"
X-4538,2014-09-05 00:00:00,,MutNovel,"G214R,0.556"
X-4538,SERINC2,347735.0,MutNovel,"-373Q,0.328"
X-4538,SERPINA5,5104.0,MutNovel,"D394N,0.663"
X-4538,SETD1B,23067.0,MutNovel,"G1836R,0.339"
X-4538,SF3B2,10992.0,MutNovel,"P837L,0.539"
X-4538,SGK223,157285.0,MutNovel,"P544S,0.518"
X-4538,SH2B1,25970.0,MutNovel,"P22S,0.741"
X-4538,SIPA1L2,57568.0,MutNovel,"S877A,0.528"
X-4538,SLC2A8,29988.0,Del0.8,0.63
X-4538,SLC2A9,56606.0,MutNovel,"R505K,0.900"
X-4538,SLC4A3,6508.0,MutNovel,"RK110R,0.318"
X-4538,SLC9A3R2,9351.0,MutNovel,"A270V,0.464"
X-4538,SLFN11,91607.0,MutNovel,"P765L,0.400"
X-4538,SPAG6,9576.0,Del0.8,0.62
X-4538,SRY,6736.0,Del0.8,0.17
X-4538,SYK,6850.0,MutNovel,"S227F,1.000"
X-4538,SYNJ2,8871.0,MutNovel,"R546Q,1.000"
X-4538,TAG,404663.0,Del0.8,0.76
X-4538,TAPBPL,55080.0,MutNovel,"D90G,0.404"
X-4538,TBL1Y,90665.0,Del0.8,0.17
X-4538,TBP,6908.0,MutNovel,"-64Q,0.409"
X-4538,TBRG4,9238.0,MutKnownFunctional,"-11,0.572"
X-4538,TCF3,6929.0,MutNovel,"E555K,0.497"
X-4538,TGIF2LY,90655.0,Del0.8,0.17
X-4538,TIMELESS,8914.0,MutNovel,"K535R,0.214"
X-4538,TLK2,11011.0,MutNovel,"R262Q,0.216"
X-4538,TMEM121,80757.0,MutNovel,"E144K,0.398"
X-4538,TMEM192,201931.0,MutNovel,"Y113N,0.547"
X-4538,TMEM222,84065.0,MutNovel,"G6E,0.571"
X-4538,TMEM80,283232.0,MutNovel,"M90I,0.646"
X-4538,TMSB4Y,9087.0,Del0.8,0.17
X-4538,TPGS1,91978.0,MutNovel,"P87S,0.582"
X-4538,TRIM49C,,MutNovel,"Q184E,1.000"
X-4538,TRIM49L1,729384.0,MutNovel,"V151A,1.000"
X-4538,TRIM49L1,729384.0,MutNovel,"V160M,1.000"
X-4538,TRIM49L1,729384.0,MutNovel,"T163A,1.000"
X-4538,TRIM51,,MutNovel,"F248L,0.213"
X-4538,TRPA1,8989.0,MutNovel,"P701L,0.375"
X-4538,TRPT1,83707.0,MutKnownFunctional,"Q25*,0.385"
X-4538,TSPY1,7258.0,Del0.8,0.17
X-4538,TSPY2,64591.0,Del0.8,0.17
X-4538,TSPY3,728137.0,Del0.8,0.17
X-4538,TSPY4,728395.0,Del0.8,0.17
X-4538,TSPY8,728403.0,Del0.8,0.17
X-4538,TTC3,7267.0,MutNovel,"E1408A,0.530"
X-4538,TTTY10,246119.0,Del0.8,0.17
X-4538,TTTY11,83866.0,Del0.8,0.17
X-4538,TTTY12,83867.0,Del0.8,0.17
X-4538,TTTY13,83868.0,Del0.8,0.17
X-4538,TTTY14,83869.0,Del0.8,0.17
X-4538,TTTY15,64595.0,Del0.8,0.17
X-4538,TTTY16,252948.0,Del0.8,0.17
X-4538,TTTY17A,252949.0,Del0.8,0.09
X-4538,TTTY17A,252949.0,Del0.8,0.12
X-4538,TTTY18,252950.0,Del0.8,0.17
X-4538,TTTY19,252952.0,Del0.8,0.17
X-4538,TTTY1B,100101116.0,Del0.8,0.17
X-4538,TTTY1B,100101116.0,Del0.8,0.17
X-4538,TTTY2,60439.0,Del0.8,0.17
X-4538,TTTY2,60439.0,Del0.8,0.17
X-4538,TTTY20,252951.0,Del0.8,0.17
X-4538,TTTY21,252953.0,Del0.8,0.17
X-4538,TTTY21,252953.0,Del0.8,0.17
X-4538,TTTY22,252954.0,Del0.8,0.17
X-4538,TTTY23,252955.0,Del0.8,0.17
X-4538,TTTY23,252955.0,Del0.8,0.17
X-4538,TTTY3,114760.0,Del0.8,0.17
X-4538,TTTY3,114760.0,Del0.8,0.12
X-4538,TTTY4,114761.0,Del0.8,0.05
X-4538,TTTY4,114761.0,Del0.8,0.09
X-4538,TTTY5,83863.0,Del0.8,0.17
X-4538,TTTY6,84672.0,Del0.8,0.17
X-4538,TTTY6,84672.0,Del0.8,0.17
X-4538,TTTY7,246122.0,Del0.8,0.17
X-4538,TTTY7,246122.0,Del0.8,0.17
X-4538,TTTY7B,100101120.0,Del0.8,0.17
X-4538,TTTY7B,100101120.0,Del0.8,0.17
X-4538,TTTY8,84673.0,Del0.8,0.17
X-4538,TTTY8,84673.0,Del0.8,0.17
X-4538,TTTY9A,83864.0,Del0.8,0.17
X-4538,TTTY9A,83864.0,Del0.8,0.17
X-4538,TXLNG2P,246126.0,Del0.8,0.17
X-4538,UNC5D,137970.0,MutNovel,"S451N,1.000"
X-4538,URB1,9875.0,MutNovel,"R1931K,0.381"
X-4538,USP32P2,220594.0,Del0.8,0.54
X-4538,USP36,57602.0,MutNovel,"KKK958K,0.409"
X-4538,USP9Y,8287.0,Del0.8,0.17
X-4538,UTY,7404.0,Del0.8,0.17
X-4538,VCY,9084.0,Del0.8,0.17
X-4538,VCY,9084.0,Del0.8,0.17
X-4538,VPS13A,23230.0,MutNovel,"G662R,1.000"
X-4538,VWCE,220001.0,MutNovel,"S849L,0.656"
X-4538,VWF,7450.0,MutNovel,"S1699F,1.000"
X-4538,WASH1,100287171.0,MutNovel,"P254L,0.214"
X-4538,WDR74,54663.0,MutNovel,"F70V,0.496"
X-4538,XKRY2,353515.0,Del0.8,0.17
X-4538,XKRY2,353515.0,Del0.8,0.17
X-4538,XPO6,23214.0,MutKnownFunctional,"Q462*,0.247"
X-4538,ZBED5,58486.0,MutNovel,"D544V,0.405"
X-4538,ZFY,7544.0,Del0.8,0.17
X-4538,ZKSCAN1,7586.0,MutNovel,"A127V,0.351"
X-4538,ZNF233,353355.0,MutNovel,"I124T,0.500"
X-4538,ZNF324,25799.0,MutNovel,"K177N,0.387"
X-4538,ZNF343,79175.0,MutNovel,"G405E,0.329"
X-4538,ZNF438,220929.0,Del0.8,0.56
X-4538,ZNF555,148254.0,MutNovel,"P283L,0.553"
X-4538,ZNF669,79862.0,MutKnownFunctional,"-420,0.333"
X-4538,ZNF711,7552.0,MutNovel,"P618S,1.000"
X-4538,ZNF765,91661.0,MutNovel,"I168V,0.235"
X-4538,ZNF775,285971.0,MutNovel,"S295L,0.517"
X-4644,A2M,2.0,MutNovel,"S801F,0.474"
X-4644,AASS,10157.0,Amp5,7.31
X-4644,ABCA13,154664.0,Amp5,6.63
X-4644,ABCB1,5243.0,Amp5,7.26
X-4644,ABCB4,5244.0,Amp5,7.26
X-4644,ABCB5,340273.0,Amp5,6.92
X-4644,ABCB8,11194.0,Amp5,6.54
X-4644,ABCF2,10061.0,Amp5,6.54
X-4644,ABHD11,83451.0,Amp5,6.54
X-4644,ABHD11-AS1,171022.0,Amp5,6.54
X-4644,ABP1,26.0,Amp5,6.54
X-4644,ACHE,43.0,Amp5,6.82
X-4644,ACN9,57001.0,Amp5,7.26
X-4644,ACOT7,11332.0,MutNovel,"S293L,0.270"
X-4644,ACTB,60.0,Amp5,6.96
X-4644,ACTL6B,51412.0,Amp5,6.82
X-4644,ACTR10,55860.0,MutNovel,"A359V,1.000"
X-4644,ACTR3B,57180.0,Amp5,6.54
X-4644,ACTR3C,653857.0,Amp5,6.54
X-4644,ADAM21,8747.0,MutNovel,"N509T,1.000"
X-4644,ADAM22,53616.0,Amp5,7.26
X-4644,ADAP1,11033.0,Amp5,6.96
X-4644,ADCK2,90956.0,Amp5,6.92
X-4644,ADCY1,107.0,Amp5,6.63
X-4644,ADCYAP1R1,117.0,Amp5,6.92
X-4644,AEBP1,165.0,Amp5,6.63
X-4644,AGAP3,116988.0,Amp5,6.54
X-4644,AGBL3,340351.0,Amp5,6.92
X-4644,AGFG2,3268.0,Amp5,6.82
X-4644,AGK,55750.0,Amp5,6.59
X-4644,AGMO,392636.0,Amp5,6.92
X-4644,AGR2,10551.0,Amp5,6.92
X-4644,AGR3,155465.0,Amp5,6.92
X-4644,AHCYL2,23382.0,Amp5,6.73
X-4644,AHR,196.0,Amp5,6.92
X-4644,AIMP2,7965.0,Amp5,6.96
X-4644,AKAP12,9590.0,MutNovel,"G753E,0.660"
X-4644,AKAP7,9465.0,MutNovel,"A294T,0.733"
X-4644,AKAP9,10142.0,MutNovel,"K1322I,0.690"
X-4644,AKAP9,10142.0,Amp5,7.26
X-4644,AKR1B1,231.0,Amp5,6.92
X-4644,AKR1B10,57016.0,Amp5,6.92
X-4644,AKR1B15,441282.0,Amp5,6.92
X-4644,AKR1D1,6718.0,Amp5,6.92
X-4644,ALKBH4,54784.0,Amp5,6.82
X-4644,AMELY,266.0,Del0.8,0.43
X-4644,AMPH,273.0,Amp5,6.63
X-4644,AMZ1,155185.0,Amp5,6.96
X-4644,ANKIB1,54467.0,Amp5,7.26
X-4644,ANKMY2,57037.0,Amp5,6.92
X-4644,ANKRD36,375248.0,MutNovel,"T998S,0.290"
X-4644,ANKRD7,56311.0,Amp5,7.31
X-4644,ANLN,54443.0,Amp5,6.92
X-4644,AOAH,313.0,Amp5,6.92
X-4644,AP1S1,1174.0,Amp5,6.82
X-4644,AP4M1,9179.0,Amp5,6.82
X-4644,APBB1,322.0,MutNovel,"S175F,0.634"
X-4644,AQP1,358.0,Amp5,6.92
X-4644,ARF5,381.0,Amp5,6.73
X-4644,ARGFXP2,503640.0,Amp5,6.73
X-4644,ARHGEF1,9138.0,MutNovel,"R173C,0.699"
X-4644,ARHGEF35,445328.0,Amp5,6.59
X-4644,ARHGEF5,7984.0,Amp5,6.54
X-4644,ARL4A,10124.0,Amp5,6.96
X-4644,ARMC10,83787.0,Amp5,6.82
X-4644,ARMC8,25852.0,MutNovel,"G219E,0.389"
X-4644,ARPC1A,10552.0,Amp5,6.82
X-4644,ARPC1B,10095.0,Amp5,6.82
X-4644,ASB10,136371.0,Amp5,6.54
X-4644,ASB15,142685.0,Amp5,7.31
X-4644,ASB4,51666.0,Amp5,7.26
X-4644,ASL,435.0,Amp5,6.63
X-4644,ASNS,440.0,Amp5,6.82
X-4644,ASZ1,136991.0,Amp5,7.31
X-4644,ATG13,9776.0,MutNovel,"K531R,0.711"
X-4644,ATG4C,84938.0,MutNovel,"P370S,0.343"
X-4644,ATG9B,285973.0,Amp5,6.54
X-4644,ATP1A3,478.0,MutNovel,"G382R,0.800"
X-4644,ATP5J2,9551.0,Amp5,6.82
X-4644,ATP5J2-PTCD1,100526740.0,Amp5,6.82
X-4644,ATP6V0A4,50617.0,Amp5,6.92
X-4644,ATP6V0E2,155066.0,Amp5,6.54
X-4644,ATP6V1F,9296.0,Amp5,6.73
X-4644,ATXN1L,342371.0,MutNovel,"P189Q,1.000"
X-4644,ATXN7L1,222255.0,Amp5,6.82
X-4644,AUTS2,26053.0,Amp5,6.63
X-4644,AVL9,23080.0,Amp5,6.92
X-4644,AZGP1,563.0,Amp5,6.82
X-4644,AZGP1P1,646282.0,Amp5,6.82
X-4644,BAG3,9531.0,MutNovel,"A155T,0.670"
X-4644,BAIAP2L1,55971.0,Amp5,6.82
X-4644,BAZ1B,9031.0,Amp5,6.54
X-4644,BBS9,27241.0,Amp5,6.92
X-4644,BCAP29,55973.0,Amp5,6.82
X-4644,BCDIN3D,144233.0,MutNovel,"A119V,0.444"
X-4644,BCL7B,9275.0,Amp5,6.54
X-4644,BCORP1,286554.0,Del0.8,0.37
X-4644,BET1,10282.0,Amp5,7.26
X-4644,BHLHA15,168620.0,Amp5,6.82
X-4644,BLVRA,644.0,Amp5,6.63
X-4644,BMP6,654.0,MutNovel,"R28Q,0.429"
X-4644,BMP6,654.0,MutNovel,"E112EQ,0.410"
X-4644,BMPER,168667.0,Amp5,6.92
X-4644,BPGM,669.0,Amp5,6.92
X-4644,BPY2B,442867.0,Del0.8,0.19
X-4644,BPY2B,442867.0,Del0.8,0.27
X-4644,BRAF,673.0,MutKnownFunctional,"V600E,0.719"
X-4644,BRAF,673.0,Amp5,6.92
X-4644,BRAT1,221927.0,Amp5,6.96
X-4644,BRI3,25798.0,Amp5,6.82
X-4644,BUD31,8896.0,Amp5,6.82
X-4644,BZW2,28969.0,Amp5,6.92
X-4644,C10orf47,254427.0,MutNovel,"P323R,0.481"
X-4644,C11orf95,65998.0,MutNovel,"P570L,0.745"
X-4644,C16orf7,9605.0,MutNovel,"R469Q,0.988"
X-4644,C16orf7,9605.0,MutNovel,"P456S,1.000"
X-4644,C17orf75,64149.0,Amp5,6.73
X-4644,C1GALT1,56913.0,Amp5,6.96
X-4644,C1orf201,90529.0,MutNovel,"D2Y,0.252"
X-4644,C2orf16,84226.0,MutNovel,"E1811K,1.000"
X-4644,C4orf47,441054.0,MutKnownFunctional,"-259,0.846"
X-4644,C6orf130,221443.0,MutNovel,"R86K,0.750"
X-4644,C7orf10,79783.0,Amp5,6.63
X-4644,C7orf13,129790.0,Amp5,6.54
X-4644,C7orf23,79161.0,Amp5,7.26
X-4644,C7orf25,79020.0,Amp5,6.63
X-4644,C7orf26,79034.0,Amp5,6.96
X-4644,C7orf29,113763.0,Amp5,6.54
X-4644,C7orf31,136895.0,Amp5,6.92
X-4644,C7orf33,202865.0,Amp5,6.54
X-4644,C7orf34,135927.0,Amp5,6.59
X-4644,C7orf41,222166.0,Amp5,6.92
X-4644,C7orf43,55262.0,Amp5,6.82
X-4644,C7orf45,136263.0,Amp5,6.73
X-4644,C7orf49,78996.0,Amp5,6.92
X-4644,C7orf50,84310.0,Amp5,6.96
X-4644,C7orf53,286006.0,Amp5,7.31
X-4644,C7orf55,154791.0,Amp5,6.92
X-4644,C7orf57,136288.0,Amp5,6.63
X-4644,C7orf59,389541.0,Amp5,6.82
X-4644,C7orf60,154743.0,Amp5,7.31
X-4644,C7orf61,402573.0,Amp5,6.82
X-4644,C7orf62,219557.0,Amp5,7.26
X-4644,C7orf63,79846.0,Amp5,7.26
X-4644,C7orf65,401335.0,Amp5,6.63
X-4644,C7orf66,154907.0,Amp5,6.82
X-4644,C7orf69,80099.0,Amp5,6.63
X-4644,C7orf71,285941.0,Amp5,6.92
X-4644,C7orf72,100130988.0,Amp5,6.63
X-4644,C7orf73,647087.0,Amp5,6.92
X-4644,C9orf53,51198.0,Del0.8,0.56
X-4644,CACNA2D1,781.0,Amp5,7.41
X-4644,CADPS2,93664.0,Amp5,7.31
X-4644,CALCR,799.0,Amp5,7.26
X-4644,CALD1,800.0,Amp5,6.92
X-4644,CALN1,83698.0,Amp5,6.54
X-4644,CALU,813.0,Amp5,6.73
X-4644,CAMK2B,816.0,Amp5,6.63
X-4644,CAPZA2,830.0,Amp5,7.31
X-4644,CARD11,84433.0,Amp5,6.96
X-4644,CASD1,64921.0,Amp5,7.26
X-4644,CASP2,835.0,Amp5,6.59
X-4644,CAV1,857.0,Amp5,7.31
X-4644,CAV2,858.0,Amp5,7.31
X-4644,CBLL1,79872.0,Amp5,6.82
X-4644,CBX3,11335.0,Amp5,6.92
X-4644,CCDC126,90693.0,Amp5,6.92
X-4644,CCDC129,223075.0,Amp5,6.92
X-4644,CCDC132,55610.0,Amp5,7.26
X-4644,CCDC136,64753.0,Amp5,6.73
X-4644,CCDC146,57639.0,Amp5,7.41
X-4644,CCDC151,115948.0,MutNovel,"R257S,0.400"
X-4644,CCDC41,51134.0,MutNovel,"E537K,0.390"
X-4644,CCDC71L,168455.0,Amp5,6.82
X-4644,CCDC99,54908.0,MutNovel,"I536M,0.554"
X-4644,CCL24,6369.0,Amp5,6.54
X-4644,CCL26,10344.0,Amp5,6.54
X-4644,CCM2,83605.0,Amp5,6.63
X-4644,CCT6A,908.0,Amp5,6.63
X-4644,CCT6P1,643253.0,Amp5,6.63
X-4644,CCT6P3,643180.0,Amp5,6.63
X-4644,CCZ1,51622.0,MutNovel,"M367I,0.800"
X-4644,CCZ1,51622.0,Amp5,6.96
X-4644,CCZ1B,221960.0,Amp5,6.96
X-4644,CD36,948.0,Amp5,7.41
X-4644,CDC14C,168448.0,Amp5,6.63
X-4644,CDC25A,993.0,MutNovel,"L312F,1.000"
X-4644,CDCA7L,55536.0,Amp5,6.92
X-4644,CDH17,1015.0,MutNovel,"S223F,0.429"
X-4644,CDHR3,222256.0,Amp5,6.82
X-4644,CDK13,8621.0,MutKnownFunctional,"K663*,0.559"
X-4644,CDK13,8621.0,Amp5,6.63
X-4644,CDK14,5218.0,Amp5,7.26
X-4644,CDK5,1020.0,Amp5,6.54
X-4644,CDK5R1,8851.0,Amp5,6.73
X-4644,CDK6,1021.0,Amp5,7.26
X-4644,CDKN2A,1029.0,Del0.8,0.56
X-4644,CDKN2B,1030.0,Del0.8,0.67
X-4644,CDY1B,253175.0,Del0.8,0.37
X-4644,CDY1B,253175.0,Del0.8,0.27
X-4644,CDY2A,9426.0,Del0.8,0.37
X-4644,CDY2A,9426.0,Del0.8,0.37
X-4644,CDY2B,203611.0,Del0.8,0.37
X-4644,CDY2B,203611.0,Del0.8,0.37
X-4644,CEP164,22897.0,MutNovel,"T1408I,0.341"
X-4644,CEP41,95681.0,Amp5,6.73
X-4644,CFTR,1080.0,Amp5,7.31
X-4644,CHCHD2,51142.0,Amp5,6.63
X-4644,CHCHD3,54927.0,Amp5,6.73
X-4644,CHN2,1124.0,Amp5,6.92
X-4644,CHPF2,54480.0,Amp5,6.54
X-4644,CHPT1,56994.0,MutNovel,"S40W,0.578"
X-4644,CHRM2,1129.0,Amp5,6.92
X-4644,CHST12,55501.0,Amp5,6.96
X-4644,CLCN1,1180.0,Amp5,6.59
X-4644,CLDN12,9069.0,Amp5,7.26
X-4644,CLDN15,24146.0,Amp5,6.82
X-4644,CLDN3,1365.0,Amp5,6.54
X-4644,CLDN4,1364.0,Amp5,6.54
X-4644,CLEC16A,23274.0,MutNovel,"K512R,1.000"
X-4644,CLEC2L,154790.0,Amp5,6.92
X-4644,CLEC5A,23601.0,Amp5,6.59
X-4644,CLIP2,7461.0,Amp5,6.54
X-4644,CLK2P,1197.0,Amp5,6.92
X-4644,CNOT4,4850.0,Amp5,6.92
X-4644,CNOT8,9337.0,MutNovel,"S90F,0.436"
X-4644,CNPY1,285888.0,Amp5,6.54
X-4644,CNPY4,245812.0,Amp5,6.82
X-4644,CNTNAP2,26047.0,Amp5,6.54
X-4644,CNTNAP3,79937.0,MutNovel,"R414S,1.000"
X-4644,COBL,23242.0,Amp5,6.63
X-4644,COG5,10466.0,Amp5,6.82
X-4644,COL10A1,1300.0,Del0.8,0.8
X-4644,COL1A2,1278.0,Amp5,7.26
X-4644,COL28A1,340267.0,Amp5,6.96
X-4644,COPG2,26958.0,Amp5,6.73
X-4644,COPS6,10980.0,Amp5,6.82
X-4644,COX19,90639.0,Amp5,6.96
X-4644,CPA1,1357.0,Amp5,6.73
X-4644,CPA2,1358.0,Amp5,6.73
X-4644,CPA4,51200.0,Amp5,6.73
X-4644,CPA5,93979.0,Amp5,6.73
X-4644,CPED1,,MutNovel,"G812E,0.459"
X-4644,CPSF4,10898.0,Amp5,6.82
X-4644,CPSF6,11052.0,MutNovel,"P255S,0.437"
X-4644,CPVL,54504.0,Amp5,6.92
X-4644,CRCP,27297.0,Amp5,6.63
X-4644,CREB3L2,64764.0,Amp5,6.92
X-4644,CREB5,9586.0,Amp5,6.92
X-4644,CREG2,200407.0,MutNovel,"P96Q,1.000"
X-4644,CRHR2,1395.0,Amp5,6.92
X-4644,CRIPAK,285464.0,MutNovel,"V100M,0.250"
X-4644,CROT,54677.0,Amp5,7.26
X-4644,CRYGN,155051.0,Amp5,6.54
X-4644,CSPG4P1Y,114758.0,Del0.8,0.27
X-4644,CSPG4P1Y,114758.0,Del0.8,0.37
X-4644,CSPG5,10675.0,MutNovel,"V510I,1.000"
X-4644,CTAGE15P,441294.0,Amp5,6.59
X-4644,CTAGE4,100128553.0,Amp5,6.59
X-4644,CTAGE6P,340307.0,Amp5,6.59
X-4644,CTSA,5476.0,MutNovel,"L29-,0.320"
X-4644,CTTNBP2,83992.0,Amp5,7.31
X-4644,CUL1,8454.0,Amp5,6.54
X-4644,CUL9,23113.0,MutNovel,"P22S,0.439"
X-4644,CUX1,1523.0,Amp5,6.82
X-4644,CYCS,54205.0,Amp5,6.92
X-4644,CYP27A1,1593.0,MutNovel,"R474W,0.796"
X-4644,CYP2W1,54905.0,Amp5,6.96
X-4644,CYP3A4,1576.0,Amp5,6.82
X-4644,CYP3A43,64816.0,Amp5,6.82
X-4644,CYP3A5,1577.0,Amp5,6.82
X-4644,CYP3A7,1551.0,Amp5,6.82
X-4644,CYP51A1,1595.0,Amp5,7.26
X-4644,CYTH3,9265.0,Amp5,6.96
X-4644,DAGLB,221955.0,Amp5,6.96
X-4644,DAZ1,1617.0,Del0.8,0.37
X-4644,DAZ2,57055.0,Del0.8,0.33
X-4644,DAZ3,57054.0,Del0.8,0.32
X-4644,DAZ3,57054.0,Del0.8,0.27
X-4644,DAZ4,57135.0,Del0.8,0.33
X-4644,DAZ4,57135.0,Del0.8,0.3
X-4644,DBF4,10926.0,Amp5,7.26
X-4644,DBNL,28988.0,Amp5,6.63
X-4644,DCAF8,50717.0,MutNovel,"E162K,0.730"
X-4644,DDC,1644.0,Amp5,6.63
X-4644,DDX3Y,8653.0,Del0.8,0.37
X-4644,DDX56,54606.0,Amp5,6.63
X-4644,DDX60L,91351.0,MutNovel,"R1122K,1.000"
X-4644,DENND2A,27147.0,Amp5,6.92
X-4644,DFNA5,1687.0,Amp5,6.92
X-4644,DGKB,1607.0,Amp5,6.92
X-4644,DGKI,9162.0,Amp5,6.92
X-4644,DKFZP586I1420,222161.0,Amp5,6.92
X-4644,DKFZp434L192,222029.0,Amp5,6.63
X-4644,DLD,1738.0,Amp5,6.82
X-4644,DLG5,9231.0,MutNovel,"S1289F,0.606"
X-4644,DLX5,1749.0,Amp5,7.26
X-4644,DLX6,1750.0,Amp5,7.26
X-4644,DLX6-AS1,285987.0,Amp5,7.26
X-4644,DMTF1,9988.0,Amp5,7.26
X-4644,DMXL2,23312.0,MutNovel,"D1142N,0.323"
X-4644,DNAH11,8701.0,Amp5,6.92
X-4644,DNAJB6,10049.0,Amp5,6.54
X-4644,DNAJB9,4189.0,Amp5,6.82
X-4644,DNAJC2,27000.0,Amp5,6.82
X-4644,DNAJC30,84277.0,Amp5,6.54
X-4644,DNHD1,144132.0,MutNovel,"E3465A,0.765"
X-4644,DNMBP,23268.0,MutNovel,"S1356F,0.505"
X-4644,DNPEP,23549.0,MutNovel,"P381S,0.624"
X-4644,DOCK4,9732.0,Amp5,7.31
X-4644,DPP6,1804.0,Amp5,6.54
X-4644,DPY19L1,23333.0,Amp5,6.92
X-4644,DPY19L1P1,100129460.0,Amp5,6.92
X-4644,DPY19L2P1,554236.0,Amp5,6.92
X-4644,DPY19L2P2,349152.0,Amp5,6.82
X-4644,DPY19L2P3,442524.0,Amp5,6.92
X-4644,DPY19L2P4,442523.0,Amp5,7.26
X-4644,DTX2,113878.0,Amp5,6.54
X-4644,DTX2P1-UPK3BP1-PMS2P11,441263.0,Amp5,7.41
X-4644,DUS4L,11062.0,Amp5,6.82
X-4644,DYNC1I1,1780.0,Amp5,7.26
X-4644,DYNC2H1,79659.0,MutNovel,"H2457Y,0.818"
X-4644,EEFSEC,60678.0,MutNovel,"A460G,0.554"
X-4644,EEPD1,80820.0,Amp5,6.92
X-4644,EFCAB10,100130771.0,Amp5,6.82
X-4644,EGFR,1956.0,Amp5,6.63
X-4644,EIF1AY,9086.0,Del0.8,0.37
X-4644,EIF2AK1,27102.0,Amp5,6.96
X-4644,EIF2AK4,440275.0,MutNovel,"S584F,0.609"
X-4644,EIF3B,8662.0,Amp5,6.96
X-4644,EIF3IP1,442720.0,Amp5,7.31
X-4644,EIF4H,7458.0,Amp5,6.54
X-4644,ELFN1,392617.0,Amp5,6.96
X-4644,ELMO1,9844.0,Amp5,6.92
X-4644,ELN,2006.0,Amp5,6.54
X-4644,ELP2,55250.0,MutNovel,"R184L,1.000"
X-4644,EMID2,136227.0,Amp5,6.82
X-4644,EML4,27436.0,MutNovel,"R23C,0.661"
X-4644,EN2,2020.0,Amp5,6.54
X-4644,EPDR1,54749.0,Amp5,6.92
X-4644,EPHA1,2041.0,Amp5,6.59
X-4644,EPHA3,2042.0,MutNovel,"V394M,0.346"
X-4644,EPHB4,2050.0,Amp5,6.82
X-4644,EPHB6,2051.0,Amp5,6.59
X-4644,EPO,2056.0,Amp5,6.82
X-4644,ERV3-1,2086.0,Amp5,6.63
X-4644,ESYT2,57488.0,Amp5,6.54
X-4644,ETV1,2115.0,Amp5,5.74
X-4644,EVX1,2128.0,Amp5,6.92
X-4644,EXOC4,60412.0,Amp5,6.73
X-4644,EZH2,2146.0,Amp5,6.54
X-4644,FABP5P3,220832.0,Amp5,6.54
X-4644,FADS3,3995.0,MutNovel,"T236M,0.768"
X-4644,FAM115A,9747.0,Amp5,6.59
X-4644,FAM115C,285966.0,MutNovel,"C311R,0.267"
X-4644,FAM115C,285966.0,Amp5,6.59
X-4644,FAM126A,84668.0,Amp5,6.92
X-4644,FAM126B,285172.0,MutNovel,"G373E,0.231"
X-4644,FAM131B,9715.0,Amp5,6.59
X-4644,FAM133B,257415.0,Amp5,7.26
X-4644,FAM179B,23116.0,MutNovel,"P816L,1.000"
X-4644,FAM180A,389558.0,Amp5,6.92
X-4644,FAM183B,340286.0,Amp5,6.63
X-4644,FAM185A,222234.0,Amp5,6.82
X-4644,FAM188B,84182.0,Amp5,6.92
X-4644,FAM189A1,23359.0,MutNovel,"A435P,1.000"
X-4644,FAM197Y2P,252946.0,Del0.8,0.08
X-4644,FAM200A,221786.0,Amp5,6.82
X-4644,FAM200B,285550.0,MutNovel,"R387C,1.000"
X-4644,FAM20C,56975.0,Amp5,6.96
X-4644,FAM228B,,MutNovel,"P250S,1.000"
X-4644,FAM3C,10447.0,Amp5,7.31
X-4644,FAM40B,57464.0,Amp5,6.73
X-4644,FAM41AY1,340618.0,Del0.8,0.37
X-4644,FAM41AY1,340618.0,Del0.8,0.37
X-4644,FAM53B,9679.0,MutNovel,"W397R,0.438"
X-4644,FAM71F1,84691.0,Amp5,6.73
X-4644,FAM71F2,346653.0,Amp5,6.73
X-4644,FASTK,10922.0,Amp5,6.54
X-4644,FBXL13,222235.0,Amp5,6.82
X-4644,FBXL17,64839.0,MutNovel,"R157Q,0.900"
X-4644,FBXL18,80028.0,Amp5,6.96
X-4644,FBXO24,26261.0,MutNovel,"S541N,0.217"
X-4644,FBXO24,26261.0,Amp5,6.82
X-4644,FBXW8,26259.0,MutNovel,"V112M,0.333"
X-4644,FCHO1,23149.0,MutNovel,"P615S,0.769"
X-4644,FDPSL2A,619190.0,Amp5,6.54
X-4644,FERD3L,222894.0,Amp5,6.92
X-4644,FEZF1,389549.0,Amp5,7.31
X-4644,FGL2,10875.0,Amp5,7.41
X-4644,FHL1,2273.0,MutKnownFunctional,"W181*,1.000"
X-4644,FIGNL1,63979.0,MutNovel,"R170Q,0.794"
X-4644,FIGNL1,63979.0,MutKnownFunctional,"-69,0.781"
X-4644,FIGNL1,63979.0,Amp5,6.63
X-4644,FIS1,51024.0,Amp5,6.82
X-4644,FKBP14,55033.0,Amp5,6.92
X-4644,FKBP6,8468.0,Amp5,6.54
X-4644,FKBP9,11328.0,Amp5,6.92
X-4644,FKBP9L,360132.0,Amp5,6.63
X-4644,FLG,2312.0,MutNovel,"E3569M,1.000"
X-4644,FLJ35390,255031.0,Amp5,6.63
X-4644,FLJ40852,285962.0,Amp5,6.59
X-4644,FLJ42280,401388.0,Amp5,7.26
X-4644,FLJ43663,378805.0,Amp5,6.73
X-4644,FLJ44511,441307.0,Amp5,6.96
X-4644,FLJ45340,402483.0,Amp5,6.73
X-4644,FLJ45974,401337.0,Amp5,6.63
X-4644,FLNC,2318.0,Amp5,6.73
X-4644,FOXD1,2297.0,MutNovel,"R325H,0.556"
X-4644,FOXE1,2304.0,MutNovel,"A248G,1.000"
X-4644,FOXK1,221937.0,Amp5,6.96
X-4644,FOXP2,93986.0,Amp5,7.31
X-4644,FSCN1,6624.0,Amp5,6.96
X-4644,FSCN3,29999.0,Amp5,6.73
X-4644,FTSJ2,29960.0,Amp5,6.96
X-4644,FZD1,8321.0,Amp5,7.26
X-4644,FZD9,8326.0,Amp5,6.54
X-4644,GABBR1,2550.0,MutNovel,"A125G,0.670"
X-4644,GAL3ST4,79690.0,Amp5,6.82
X-4644,GALNT11,63917.0,Amp5,6.54
X-4644,GALNT3,2591.0,MutNovel,"S308F,0.846"
X-4644,GALNTL5,168391.0,Amp5,6.54
X-4644,GARS,2617.0,Amp5,6.92
X-4644,GATAD1,57798.0,Amp5,7.26
X-4644,GATS,352954.0,Amp5,6.82
X-4644,GATSL1,389523.0,Amp5,6.54
X-4644,GATSL2,729438.0,Amp5,6.54
X-4644,GBAS,2631.0,MutNovel,"A12N,0.819"
X-4644,GBAS,2631.0,Amp5,6.63
X-4644,GBX1,2636.0,Amp5,6.54
X-4644,GCC1,79571.0,Amp5,6.73
X-4644,GCK,2645.0,Amp5,6.63
X-4644,GET4,51608.0,Amp5,6.96
X-4644,GGCT,79017.0,Amp5,6.92
X-4644,GGTLC2,91227.0,Amp5,6.06
X-4644,GHRHR,2692.0,Amp5,6.92
X-4644,GID8,,MutKnownFunctional,"E5*,0.456"
X-4644,GIGYF1,64599.0,Amp5,6.82
X-4644,GIGYF2,26058.0,MutNovel,"PQ1231P,0.239"
X-4644,GIMAP1,170575.0,Amp5,6.54
X-4644,GIMAP1-GIMAP5,100527949.0,Amp5,6.54
X-4644,GIMAP2,26157.0,Amp5,6.54
X-4644,GIMAP4,55303.0,Amp5,6.54
X-4644,GIMAP5,55340.0,Amp5,6.54
X-4644,GIMAP6,474344.0,Amp5,6.54
X-4644,GIMAP7,168537.0,Amp5,6.54
X-4644,GIMAP8,155038.0,Amp5,6.54
X-4644,GJC3,349149.0,Amp5,6.82
X-4644,GLCCI1,113263.0,MutNovel,"S405L,0.575"
X-4644,GLCCI1,113263.0,Amp5,6.96
X-4644,GLI3,2737.0,Amp5,6.63
X-4644,GNA12,2768.0,Amp5,6.96
X-4644,GNAI1,2770.0,Amp5,7.41
X-4644,GNAT3,346562.0,Amp5,7.41
X-4644,GNB2,2783.0,Amp5,6.82
X-4644,GNG11,2791.0,Amp5,7.26
X-4644,GNG7,2788.0,MutNovel,"P58L,0.789"
X-4644,GNGT1,2792.0,Amp5,7.26
X-4644,GOLGA2P2Y,84559.0,Del0.8,0.27
X-4644,GOLGA2P2Y,84559.0,Del0.8,0.37
X-4644,GOLGB1,2804.0,MutNovel,"S388N,0.299"
X-4644,GPC2,221914.0,Amp5,6.82
X-4644,GPER,2852.0,Amp5,6.96
X-4644,GPNMB,10457.0,Amp5,6.92
X-4644,GPR126,57211.0,MutNovel,"G112R,0.626"
X-4644,GPR141,353345.0,Amp5,6.92
X-4644,GPR146,115330.0,Amp5,6.96
X-4644,GPR22,2845.0,Amp5,6.82
X-4644,GPR37,2861.0,Amp5,7.67
X-4644,GPR85,54329.0,Amp5,7.31
X-4644,GRB10,2887.0,Amp5,6.63
X-4644,GRHL1,29841.0,MutNovel,"P103L,0.750"
X-4644,GRID2IP,392862.0,Amp5,6.96
X-4644,GRM3,2913.0,Amp5,7.26
X-4644,GRM8,2918.0,Amp5,6.73
X-4644,GSPT1,2935.0,MutNovel,"P41S,1.000"
X-4644,GSTK1,373156.0,Amp5,6.59
X-4644,GSTT1,2952.0,Amp8,16.56
X-4644,GSTTP2,653399.0,Amp8,8.88
X-4644,GTF2I,2969.0,Amp5,6.54
X-4644,GTF2IP1,2970.0,Amp5,6.54
X-4644,GTF2IP1,2970.0,Amp5,6.54
X-4644,GTF2IRD1,9569.0,Amp5,6.54
X-4644,GTF2IRD2,84163.0,MutNovel,"L500S,0.333"
X-4644,GTF2IRD2,84163.0,Amp5,6.54
X-4644,GTF2IRD2B,389524.0,Amp5,6.54
X-4644,GTF2IRD2P1,401375.0,Amp5,6.54
X-4644,GTPBP10,85865.0,Amp5,7.26
X-4644,GUSB,2990.0,Amp5,6.63
X-4644,GUSBP10,642006.0,Amp5,6.63
X-4644,GYG2P1,352887.0,Del0.8,0.37
X-4644,H2AFV,94239.0,Amp5,6.63
X-4644,HBP1,26959.0,Amp5,6.82
X-4644,HDAC9,9734.0,Amp5,6.92
X-4644,HEATR2,54919.0,Amp5,6.96
X-4644,HECW1,23072.0,Amp5,6.63
X-4644,HEPACAM2,253012.0,Amp5,7.26
X-4644,HERPUD2,64224.0,Amp5,6.92
X-4644,HEXDC,284004.0,MutNovel,"A252T,0.837"
X-4644,HGF,3082.0,Amp5,7.41
X-4644,HIBADH,11112.0,Amp5,6.92
X-4644,HILPDA,29923.0,Amp5,6.73
X-4644,HIP1,3092.0,Amp5,6.54
X-4644,HIPK2,28996.0,Amp5,6.92
X-4644,HIVEP1,3096.0,MutNovel,"P2512S,0.378"
X-4644,HLX,3142.0,MutNovel,"G396R,0.421"
X-4644,HMCN1,83872.0,MutNovel,"T4544I,0.279"
X-4644,HNRNPA2B1,3181.0,Amp5,6.92
X-4644,HOTAIRM1,100506311.0,Amp5,6.92
X-4644,HOTTIP,100316868.0,Amp5,6.92
X-4644,HOXA1,3198.0,Amp5,6.92
X-4644,HOXA10,3206.0,Amp5,6.92
X-4644,HOXA10-HOXA9,100534589.0,Amp5,6.92
X-4644,HOXA11,3207.0,Amp5,6.92
X-4644,HOXA13,3209.0,Amp5,6.92
X-4644,HOXA2,3199.0,Amp5,6.92
X-4644,HOXA3,3200.0,Amp5,6.92
X-4644,HOXA4,3201.0,MutNovel,"M268I,0.620"
X-4644,HOXA4,3201.0,Amp5,6.92
X-4644,HOXA5,3202.0,Amp5,6.92
X-4644,HOXA6,3203.0,Amp5,6.92
X-4644,HOXA7,3204.0,Amp5,6.92
X-4644,HOXA9,3205.0,Amp5,6.92
X-4644,HOXC8,3224.0,MutNovel,"R176Q,0.471"
X-4644,HPVC1,3262.0,Amp5,6.63
X-4644,HSFY2,159119.0,Del0.8,0.37
X-4644,HSFY2,159119.0,Del0.8,0.37
X-4644,HSPB1,3315.0,Amp5,6.54
X-4644,HTR5A,3361.0,Amp5,6.54
X-4644,HUS1,3364.0,Amp5,6.63
X-4644,HYAL4,23553.0,Amp5,7.31
X-4644,HYALP1,26062.0,Amp5,7.31
X-4644,ICA1,3382.0,Amp5,6.96
X-4644,IFRD1,3475.0,Amp5,7.31
X-4644,IGF2BP3,10643.0,Amp5,6.92
X-4644,IGFBP1,3484.0,Amp5,6.63
X-4644,IGFBP3,3486.0,Amp5,6.63
X-4644,IKZF1,10320.0,Amp5,6.63
X-4644,IL6,3569.0,Amp5,6.92
X-4644,IMMP2L,83943.0,Amp5,7.31
X-4644,IMPDH1,3614.0,Amp5,6.73
X-4644,INF2,64423.0,MutNovel,"S857F,0.996"
X-4644,ING3,54556.0,Amp5,7.31
X-4644,INHBA,3624.0,Amp5,6.63
X-4644,INMT,11185.0,Amp5,6.92
X-4644,INMT-FAM188B,100526825.0,Amp5,6.92
X-4644,INSIG1,3638.0,Amp5,6.54
X-4644,INTS1,26173.0,Amp5,6.96
X-4644,INTS2,57508.0,MutNovel,"S512C,0.359"
X-4644,INTS4,92105.0,MutNovel,"D202E,0.732"
X-4644,INTS4L2,644619.0,Amp5,6.63
X-4644,INTS5,80789.0,MutNovel,"G954A,0.280"
X-4644,IQCE,23288.0,Amp5,6.96
X-4644,IQUB,154865.0,Amp5,7.31
X-4644,IRF5,3663.0,Amp5,6.73
X-4644,IRX5,10265.0,MutNovel,"P410L,1.000"
X-4644,ISPD,729920.0,Amp5,6.92
X-4644,ITGB8,3696.0,Amp5,6.92
X-4644,JAZF1,221895.0,Amp5,6.92
X-4644,JAZF1-AS1,100128081.0,Amp5,6.92
X-4644,JHDM1D,80853.0,Amp5,6.92
X-4644,JMY,133746.0,MutNovel,"R658K,0.833"
X-4644,KANSL2,54934.0,MutNovel,"R202C,0.599"
X-4644,KBTBD2,25948.0,Amp5,6.92
X-4644,KCNC4,3749.0,MutNovel,"P409S,0.680"
X-4644,KCND2,3751.0,Amp5,7.31
X-4644,KCNH2,3757.0,Amp5,6.54
X-4644,KCNMB4,27345.0,MutKnownFunctional,"W137*,0.333"
X-4644,KCP,375616.0,Amp5,6.73
X-4644,KCTD7,154881.0,Amp5,6.63
X-4644,KDELR2,11014.0,Amp5,6.96
X-4644,KDM5D,8284.0,Del0.8,0.37
X-4644,KEL,3792.0,MutKnownFunctional,"Q284*,0.500"
X-4644,KEL,3792.0,Amp5,6.59
X-4644,KIAA0087,9808.0,Amp5,6.92
X-4644,KIAA0195,9772.0,MutNovel,"S668L,0.833"
X-4644,KIAA0895,23366.0,Amp5,6.92
X-4644,KIAA1147,57189.0,Amp5,6.59
X-4644,KIAA1324L,222223.0,Amp5,7.26
X-4644,KIAA1549,57670.0,Amp5,6.92
X-4644,KIAA1755,85449.0,MutNovel,"G405R,0.500"
X-4644,KIAA1908,114796.0,Amp5,6.96
X-4644,KIAA2013,90231.0,MutNovel,"T548I,0.688"
X-4644,KIAA2026,158358.0,MutNovel,"L407F,0.611"
X-4644,KIF23,9493.0,MutNovel,"D868N,0.618"
X-4644,KIFC2,90990.0,MutNovel,"R806L,0.922"
X-4644,KLF14,136259.0,Amp5,6.73
X-4644,KLHDC10,23008.0,Amp5,6.73
X-4644,KLHL12,59349.0,MutNovel,"P295L,0.860"
X-4644,KLHL4,56062.0,MutNovel,"R288Q,1.000"
X-4644,KLHL7,55975.0,Amp5,6.92
X-4644,KLRG2,346689.0,Amp5,6.92
X-4644,KPNA7,402569.0,Amp5,6.82
X-4644,KRBA1,84626.0,Amp5,6.54
X-4644,KRIT1,889.0,Amp5,7.26
X-4644,LAMB1,3912.0,Amp5,6.82
X-4644,LAMB4,22798.0,Amp5,6.82
X-4644,LANCL2,55915.0,Amp5,6.63
X-4644,LARS,51520.0,MutNovel,"F288L,0.534"
X-4644,LAT2,7462.0,Amp5,6.54
X-4644,LENG8,114823.0,MutNovel,"P694S,0.202"
X-4644,LEP,3952.0,Amp5,6.73
X-4644,LFNG,3955.0,Amp5,6.96
X-4644,LHFPL3,375612.0,Amp5,6.82
X-4644,LIG1,3978.0,MutNovel,"S114F,0.235"
X-4644,LIME1,54923.0,MutNovel,"R202M,0.222"
X-4644,LIMK1,3984.0,Amp5,6.54
X-4644,LINC00174,285908.0,Amp5,6.63
X-4644,LINC00244,64433.0,Amp5,6.54
X-4644,LINC00265,349114.0,Amp5,6.63
X-4644,LINC00525,84847.0,Amp5,6.63
X-4644,LMBR1,64327.0,Amp5,6.54
X-4644,LMOD2,442721.0,Amp5,7.31
X-4644,LMTK2,22853.0,Amp5,6.82
X-4644,LOC100093631,100093631.0,Amp5,6.54
X-4644,LOC100093631,100093631.0,Amp5,6.54
X-4644,LOC100128264,100128264.0,Amp5,6.54
X-4644,LOC100128822,100128822.0,Amp5,6.54
X-4644,LOC100129148,100129148.0,Amp5,6.92
X-4644,LOC100129427,100129427.0,Amp5,6.63
X-4644,LOC100130673,100130673.0,Amp5,6.92
X-4644,LOC100130705,100130705.0,Amp5,6.73
X-4644,LOC100130849,100130849.0,Amp5,6.63
X-4644,LOC100130880,100130880.0,Amp5,6.92
X-4644,LOC100131257,100131257.0,Amp5,6.96
X-4644,LOC100132707,100132707.0,Amp5,6.54
X-4644,LOC100132832,100132832.0,Amp5,7.41
X-4644,LOC100133091,100133091.0,Amp5,6.54
X-4644,LOC100134229,100134229.0,Amp5,6.92
X-4644,LOC100216545,100216545.0,Amp5,6.82
X-4644,LOC100216546,100216546.0,Amp5,6.82
X-4644,LOC100287482,100287482.0,Amp5,6.73
X-4644,LOC100287704,100287704.0,Amp5,6.63
X-4644,LOC100287834,100287834.0,Amp5,6.63
X-4644,LOC100287834,100287834.0,Amp5,6.63
X-4644,LOC100288524,100288524.0,Amp5,6.96
X-4644,LOC100289187,100289187.0,Amp5,6.82
X-4644,LOC100289561,100289561.0,Amp5,6.82
X-4644,LOC100505781,,MutKnownFunctional,"R55*,1.000"
X-4644,LOC100505781,,MutNovel,"A52T,1.000"
X-4644,LOC100506025,100506025.0,Amp5,6.92
X-4644,LOC100506050,100506050.0,Amp5,6.63
X-4644,LOC100506136,100506136.0,Amp5,7.26
X-4644,LOC100506178,100506178.0,Amp5,6.92
X-4644,LOC100506497,100506497.0,Amp5,6.92
X-4644,LOC100506585,100506585.0,Amp5,6.54
X-4644,LOC100506776,100506776.0,Amp5,5.5
X-4644,LOC100506895,100506895.0,Amp5,6.63
X-4644,LOC100630923,100630923.0,Amp5,6.82
X-4644,LOC100996433,,MutNovel,"R253C,0.600"
X-4644,LOC154761,154761.0,Amp5,6.59
X-4644,LOC154822,154822.0,Amp5,6.54
X-4644,LOC154872,154872.0,Amp5,7.67
X-4644,LOC155060,155060.0,Amp5,6.54
X-4644,LOC202781,202781.0,Amp5,6.54
X-4644,LOC285878,285878.0,Amp5,6.63
X-4644,LOC285889,285889.0,Amp5,6.54
X-4644,LOC285972,285972.0,Amp5,6.54
X-4644,LOC389458,389458.0,Amp5,6.96
X-4644,LOC391322,391322.0,Amp8,16.56
X-4644,LOC401320,401320.0,Amp5,6.92
X-4644,LOC401321,401321.0,Amp5,6.92
X-4644,LOC401324,401324.0,Amp5,6.92
X-4644,LOC401397,401397.0,Amp5,7.31
X-4644,LOC407835,407835.0,Amp5,6.73
X-4644,LOC441204,441204.0,Amp5,6.92
X-4644,LOC441242,441242.0,Amp5,6.63
X-4644,LOC442497,442497.0,Amp5,6.96
X-4644,LOC493754,493754.0,Amp5,6.63
X-4644,LOC541473,541473.0,Amp5,6.54
X-4644,LOC641746,641746.0,Amp5,6.63
X-4644,LOC643955,643955.0,Amp5,6.63
X-4644,LOC645249,645249.0,Amp5,6.54
X-4644,LOC646329,646329.0,Amp5,6.73
X-4644,LOC646762,646762.0,Amp5,6.92
X-4644,LOC646999,646999.0,Amp5,6.63
X-4644,LOC648691,648691.0,Amp5,6.06
X-4644,LOC649395,649395.0,Amp5,6.63
X-4644,LOC650226,650226.0,Amp5,6.63
X-4644,LOC728503,,MutNovel,"G403W,1.000"
X-4644,LOC728743,728743.0,Amp5,6.54
X-4644,LOC728888,,MutNovel,"R113H,0.875"
X-4644,LOC729852,729852.0,Amp5,6.96
X-4644,LOC93432,93432.0,Amp5,6.59
X-4644,LONRF3,79836.0,MutNovel,"P126S,1.000"
X-4644,LRBA,987.0,MutNovel,"C289R,1.000"
X-4644,LRCH4,4034.0,Amp5,6.82
X-4644,LRGUK,136332.0,Amp5,6.92
X-4644,LRP6,4040.0,MutNovel,"S223F,0.390"
X-4644,LRRC17,10234.0,Amp5,6.82
X-4644,LRRC4,64101.0,Amp5,6.73
X-4644,LRRC61,65999.0,Amp5,6.54
X-4644,LRRC72,100506049.0,Amp5,6.92
X-4644,LRRD1,401387.0,Amp5,7.26
X-4644,LRRN3,54674.0,Amp5,7.31
X-4644,LRWD1,222229.0,Amp5,6.82
X-4644,LSM5,23658.0,Amp5,6.92
X-4644,LSR,51599.0,MutNovel,"G518GR,0.809"
X-4644,LUC7L2,51631.0,Amp5,6.92
X-4644,LUZP6,767558.0,Amp5,6.92
X-4644,MACC1,346389.0,Amp5,6.92
X-4644,MAD1L1,8379.0,Amp5,6.96
X-4644,MAFK,7975.0,Amp5,6.96
X-4644,MAGI2,9863.0,MutNovel,"P1252R,1.000"
X-4644,MAGI2,9863.0,Amp5,7.41
X-4644,MAGI2-AS3,100505881.0,Amp5,7.41
X-4644,MAP3K1,4214.0,MutNovel,"ST941S,0.678"
X-4644,MAP3K4,4216.0,MutNovel,"M1036V,0.654"
X-4644,MAPK7,5598.0,MutNovel,"P804S,1.000"
X-4644,MBLAC1,255374.0,Amp5,6.82
X-4644,MBP,4155.0,MutNovel,"G274R,1.000"
X-4644,MCM7,4176.0,Amp5,6.82
X-4644,MDFIC,29969.0,Amp5,7.31
X-4644,MDH2,4191.0,Amp5,6.54
X-4644,MEF2A,4205.0,MutNovel,"QQ412-,0.330"
X-4644,MEF2BNB-MEF2B,4207.0,MutNovel,"G308V,0.778"
X-4644,MEOX2,4223.0,Amp5,6.92
X-4644,MEPCE,56257.0,Amp5,6.82
X-4644,MERTK,10461.0,MutNovel,"D983N,0.774"
X-4644,MEST,4232.0,Amp5,6.73
X-4644,MESTIT1,317751.0,Amp5,6.73
X-4644,MET,4233.0,Amp5,7.31
X-4644,METTL2B,55798.0,Amp5,6.73
X-4644,MEX3D,399664.0,MutNovel,"S514L,0.237"
X-4644,MGAM,8972.0,Amp5,6.59
X-4644,MGAT1,4245.0,MutNovel,"R378W,0.476"
X-4644,MGAT4B,11282.0,MutNovel,"P414S,0.565"
X-4644,MGC16142,84849.0,Amp5,7.26
X-4644,MGC72080,389538.0,Amp5,6.82
X-4644,MICALL2,79778.0,Amp5,6.96
X-4644,MIOS,54468.0,Amp5,6.96
X-4644,MIR106B,406900.0,Amp5,6.82
X-4644,MIR1200,100302113.0,Amp5,6.92
X-4644,MIR129-1,406917.0,Amp5,6.73
X-4644,MIR148A,406940.0,Amp5,6.92
X-4644,MIR153-2,406945.0,Amp5,6.54
X-4644,MIR182,406958.0,Amp5,6.73
X-4644,MIR183,406959.0,Amp5,6.73
X-4644,MIR196B,442920.0,Amp5,6.92
X-4644,MIR25,407014.0,Amp5,6.82
X-4644,MIR29A,407021.0,Amp5,6.73
X-4644,MIR29B1,407024.0,Amp5,6.73
X-4644,MIR3146,100422967.0,Amp5,6.92
X-4644,MIR3147,100422939.0,Amp5,6.63
X-4644,MIR335,442904.0,Amp5,6.73
X-4644,MIR339,442907.0,Amp5,6.96
X-4644,MIR3609,100500819.0,Amp5,6.82
X-4644,MIR3666,100500896.0,Amp5,7.31
X-4644,MIR3907,100500835.0,Amp5,6.54
X-4644,MIR3914-1,100500836.0,Amp5,6.54
X-4644,MIR3914-2,100500920.0,Amp5,6.54
X-4644,MIR3943,100500829.0,Amp5,6.63
X-4644,MIR4283-1,100422917.0,Amp5,6.63
X-4644,MIR4283-1,100422917.0,Amp5,6.63
X-4644,MIR4284,100422948.0,Amp5,6.54
X-4644,MIR4285,100422858.0,Amp5,6.82
X-4644,MIR4467,100616367.0,Amp5,6.82
X-4644,MIR4468,100616226.0,Amp5,6.92
X-4644,MIR4648,100616116.0,Amp5,6.96
X-4644,MIR4649,100616346.0,Amp5,6.63
X-4644,MIR4650-1,100616310.0,Amp5,6.63
X-4644,MIR4650-1,100616310.0,Amp5,6.54
X-4644,MIR4651,100616270.0,Amp5,6.54
X-4644,MIR4652,100616206.0,Amp5,7.26
X-4644,MIR4653,100616117.0,Amp5,6.82
X-4644,MIR4655,100616160.0,Amp5,6.96
X-4644,MIR4656,100616465.0,Amp5,6.96
X-4644,MIR4658,100616439.0,Amp5,6.82
X-4644,MIR489,574442.0,Amp5,7.26
X-4644,MIR490,574443.0,Amp5,6.92
X-4644,MIR548F3,100302159.0,Amp5,6.54
X-4644,MIR548F4,100313895.0,Amp5,6.54
X-4644,MIR548I4,100302191.0,Amp5,6.54
X-4644,MIR548M,100313772.0,Amp5,7.41
X-4644,MIR548T,100422849.0,Amp5,6.54
X-4644,MIR550A1,693133.0,Amp5,6.92
X-4644,MIR550A2,693134.0,Amp5,6.92
X-4644,MIR550A3,100616354.0,Amp5,6.92
X-4644,MIR550B1,100500883.0,Amp5,6.92
X-4644,MIR550B2,100500830.0,Amp5,6.92
X-4644,MIR589,693174.0,Amp5,6.96
X-4644,MIR590,693175.0,Amp5,6.54
X-4644,MIR591,693176.0,Amp5,7.26
X-4644,MIR592,693177.0,Amp5,6.73
X-4644,MIR593,693178.0,Amp5,6.73
X-4644,MIR595,693180.0,Amp5,6.54
X-4644,MIR632,693217.0,Amp5,6.73
X-4644,MIR650,723778.0,Amp5,6.06
X-4644,MIR653,724023.0,Amp5,7.26
X-4644,MIR671,768213.0,Amp5,6.54
X-4644,MIR93,407050.0,Amp5,6.82
X-4644,MIR96,407053.0,Amp5,6.73
X-4644,MKLN1,4289.0,Amp5,6.73
X-4644,MKRN1,23608.0,Amp5,6.92
X-4644,MLKL,197259.0,MutNovel,"S458F,1.000"
X-4644,MLL2,8085.0,MutNovel,"P1348L,0.458"
X-4644,MLL3,58508.0,Amp5,6.54
X-4644,MLL5,55904.0,Amp5,6.82
X-4644,MLXIPL,51085.0,Amp5,6.54
X-4644,MMD2,221938.0,Amp5,6.96
X-4644,MMS22L,253714.0,MutNovel,"V526A,0.811"
X-4644,MNX1,3110.0,Amp5,6.54
X-4644,MOGAT3,346606.0,Amp5,6.82
X-4644,MOSPD3,64598.0,Amp5,6.82
X-4644,MOXD2P,100289017.0,Amp5,6.59
X-4644,MPP6,51678.0,Amp5,6.92
X-4644,MPRIP,23164.0,MutNovel,"TS178T,0.567"
X-4644,MRPL32,64983.0,Amp5,6.63
X-4644,MRPS17,51373.0,Amp5,6.63
X-4644,MRPS24,64951.0,Amp5,6.63
X-4644,MRPS33,51650.0,Amp5,6.92
X-4644,MRPS36,92259.0,MutNovel,"P21S,0.456"
X-4644,MST1R,4486.0,MutNovel,"L456F,1.000"
X-4644,MT1H,4496.0,MutNovel,"K20T,1.000"
X-4644,MT1H,4496.0,MutNovel,"K23E,1.000"
X-4644,MTDH,92140.0,MutNovel,"G70R,0.675"
X-4644,MTERF,7978.0,Amp5,7.26
X-4644,MTHFSD,64779.0,MutKnownFunctional,"R31*,1.000"
X-4644,MTMR11,10903.0,MutNovel,"G185S,0.397"
X-4644,MTRNR2L6,100463482.0,Amp5,6.59
X-4644,MTX1,4580.0,MutNovel,"E89K,0.333"
X-4644,MUC12,10071.0,Amp5,6.82
X-4644,MUC17,140453.0,Amp5,6.82
X-4644,MYH1,4619.0,MutNovel,"L219R,1.000"
X-4644,MYH16,84176.0,Amp5,6.82
X-4644,MYL10,93408.0,Amp5,6.82
X-4644,MYL7,58498.0,Amp5,6.63
X-4644,MYO1D,4642.0,Amp5,5.31
X-4644,MYO1G,64005.0,Amp5,6.63
X-4644,NAA38,51691.0,Amp5,7.31
X-4644,NACAD,23148.0,Amp5,6.63
X-4644,NAMPT,10135.0,Amp5,6.82
X-4644,NAPEPLD,222236.0,Amp5,6.82
X-4644,NAT16,375607.0,Amp5,6.82
X-4644,NBEA,26960.0,MutNovel,"D2134N,1.000"
X-4644,NBPF9,400818.0,MutNovel,"G580E,0.333"
X-4644,NCAM1,4684.0,MutNovel,"E409K,0.724"
X-4644,NCAPG2,54892.0,Amp5,6.54
X-4644,NCF1,653361.0,Amp5,6.54
X-4644,NCF1B,654816.0,Amp5,6.54
X-4644,NCF1C,654817.0,Amp5,6.54
X-4644,NCOA7,135112.0,MutNovel,"R900Q,0.565"
X-4644,NCOR1,9611.0,MutNovel,"S1350F,1.000"
X-4644,NCOR2,9612.0,MutNovel,"G1839GAAA,0.607"
X-4644,NCRNA00185,55410.0,Del0.8,0.37
X-4644,NDUFA4,4697.0,Amp5,6.96
X-4644,NDUFA5,4698.0,Amp5,7.31
X-4644,NDUFA6,4700.0,MutNovel,"K121E,0.999"
X-4644,NDUFB2,4708.0,Amp5,6.92
X-4644,NDUFV2,4729.0,MutNovel,"G240E,1.000"
X-4644,NEK1,4750.0,MutNovel,"E1190K,1.000"
X-4644,NEUROD6,63974.0,Amp5,6.92
X-4644,NFE2L3,9603.0,Amp5,6.92
X-4644,NIPA1,123606.0,MutNovel,"M189I,0.438"
X-4644,NISCH,11188.0,MutNovel,"P1053S,1.000"
X-4644,NLGN4Y,22829.0,Del0.8,0.37
X-4644,NOBOX,135935.0,Amp5,6.54
X-4644,NOD1,10392.0,Amp5,6.92
X-4644,NOM1,64434.0,Amp5,6.54
X-4644,NOS3,4846.0,Amp5,6.54
X-4644,NOTCH1,4851.0,MutNovel,"E1902K,0.992"
X-4644,NPC1L1,29881.0,Amp5,6.63
X-4644,NPEPPS,9520.0,MutNovel,"E837K,0.204"
X-4644,NPIP,9284.0,MutNovel,"T272S,0.385"
X-4644,NPSR1,387129.0,Amp5,6.92
X-4644,NPTX2,4885.0,Amp5,6.82
X-4644,NPVF,64111.0,Amp5,6.92
X-4644,NPY,4852.0,Amp5,6.92
X-4644,NRAP,4892.0,MutNovel,"R1280C,1.000"
X-4644,NRCAM,4897.0,Amp5,6.82
X-4644,NRF1,4899.0,Amp5,6.73
X-4644,NSUN5,55695.0,Amp5,6.54
X-4644,NSUN5P1,155400.0,Amp5,6.54
X-4644,NSUN5P2,260294.0,Amp5,6.54
X-4644,NT5C3,51251.0,Amp5,6.92
X-4644,NTN5,126147.0,MutNovel,"P184L,1.000"
X-4644,NUB1,51667.0,Amp5,6.54
X-4644,NUDCD3,23386.0,Amp5,6.63
X-4644,NUDT1,4521.0,Amp5,6.96
X-4644,NUP205,23165.0,Amp5,6.92
X-4644,NUPL2,11097.0,Amp5,6.92
X-4644,NXPH1,30010.0,Amp5,6.96
X-4644,NYAP1,222950.0,Amp5,6.82
X-4644,OCM,654231.0,Amp5,6.96
X-4644,OCM2,4951.0,Amp5,6.82
X-4644,OGDH,4967.0,Amp5,6.63
X-4644,OPN1SW,611.0,Amp5,6.73
X-4644,OR2A12,346525.0,Amp5,6.59
X-4644,OR2A14,135941.0,Amp5,6.59
X-4644,OR2A2,442361.0,Amp5,6.59
X-4644,OR2A25,392138.0,Amp5,6.59
X-4644,OR2A42,402317.0,Amp5,6.59
X-4644,OR2A42,402317.0,Amp5,6.54
X-4644,OR2A5,393046.0,Amp5,6.59
X-4644,OR2A9P,441295.0,Amp5,6.54
X-4644,OR2AE1,81392.0,Amp5,6.82
X-4644,OR2F1,26211.0,Amp5,6.59
X-4644,OR2F2,135948.0,Amp5,6.59
X-4644,OR6B1,135946.0,Amp5,6.59
X-4644,OR6V1,346517.0,Amp5,6.59
X-4644,OR6W1P,89883.0,Amp5,6.59
X-4644,OR9A2,135924.0,Amp5,6.59
X-4644,OR9A4,130075.0,Amp5,6.59
X-4644,ORAI1,84876.0,MutNovel,"PP43-,0.679"
X-4644,ORAI2,80228.0,Amp5,6.82
X-4644,ORC5,5001.0,Amp5,6.82
X-4644,OSBPL3,26031.0,Amp5,6.92
X-4644,PALM3,342979.0,MutNovel,"E620K,0.298"
X-4644,PAPOLB,56903.0,Amp5,6.96
X-4644,PARP12,64761.0,Amp5,6.92
X-4644,PAX4,5078.0,Amp5,6.73
X-4644,PAXIP1,22976.0,Amp5,6.54
X-4644,PC,5091.0,MutNovel,"E276K,0.310"
X-4644,PCDH11Y,83259.0,Del0.8,0.43
X-4644,PCDHB4,56131.0,MutNovel,"A500T,0.333"
X-4644,PCDHGA6,56109.0,MutNovel,"R388K,0.700"
X-4644,PCDHGB7,56099.0,MutNovel,"E523K,1.000"
X-4644,PCLO,27445.0,Amp5,7.41
X-4644,PCOLCE,5118.0,Amp5,6.82
X-4644,PDAP1,11333.0,Amp5,6.82
X-4644,PDE1C,5137.0,Amp5,6.92
X-4644,PDE4DIP,9659.0,MutNovel,"A1585V,0.300"
X-4644,PDGFA,5154.0,Amp5,6.96
X-4644,PDIA4,9601.0,Amp5,6.54
X-4644,PDK4,5166.0,Amp5,7.26
X-4644,PEG10,23089.0,Amp5,7.26
X-4644,PER4,168741.0,Amp5,6.96
X-4644,PEX1,5189.0,Amp5,7.26
X-4644,PGAM2,5224.0,Amp5,6.63
X-4644,PHF14,9678.0,Amp5,6.96
X-4644,PHKG1,5260.0,Amp5,6.63
X-4644,PHLDA1,22822.0,MutNovel,"QQ194Q,0.513"
X-4644,PHTF2,57157.0,Amp5,7.41
X-4644,PHYH,5264.0,MutNovel,"R171C,0.343"
X-4644,PIK3CG,5294.0,Amp5,6.82
X-4644,PIK3R2,5296.0,MutNovel,"R91W,0.751"
X-4644,PILRA,29992.0,Amp5,6.82
X-4644,PILRB,29990.0,Amp5,6.82
X-4644,PION,54103.0,Amp5,7.41
X-4644,PIP,5304.0,Amp5,6.59
X-4644,PITPNM1,9600.0,MutNovel,"P498L,0.227"
X-4644,PKD1L1,168507.0,Amp5,6.63
X-4644,PKM,,MutNovel,"L498S,0.908"
X-4644,PLA2R1,22925.0,MutKnownFunctional,"W794*,0.213"
X-4644,PLEKHA8,84725.0,Amp5,6.92
X-4644,PLOD3,8985.0,Amp5,6.82
X-4644,PLXNA4,91584.0,Amp5,6.73
X-4644,PMPCB,9512.0,Amp5,6.82
X-4644,PMS2,5395.0,Amp5,6.96
X-4644,PMS2CL,441194.0,Amp5,6.96
X-4644,PMS2L2,5380.0,Amp5,6.54
X-4644,PMS2L2,5380.0,Amp5,6.54
X-4644,PMS2P1,5379.0,Amp5,6.82
X-4644,PMS2P3,5387.0,Amp5,6.54
X-4644,PMS2P4,5382.0,Amp5,6.63
X-4644,PMS2P5,5383.0,Amp5,6.54
X-4644,PNPLA8,50640.0,Amp5,6.82
X-4644,PODXL,5420.0,Amp5,6.73
X-4644,POLD2,5425.0,Amp5,6.63
X-4644,POLM,27434.0,Amp5,6.63
X-4644,POLR2J,5439.0,Amp5,6.82
X-4644,POLR2J2,246721.0,Amp5,6.82
X-4644,POLR2J3,548644.0,Amp5,6.82
X-4644,POLR2J4,84820.0,Amp5,6.63
X-4644,POLR3A,11128.0,MutNovel,"G869R,0.626"
X-4644,POM121,9883.0,Amp5,6.54
X-4644,POM121C,100101267.0,Amp5,6.54
X-4644,POM121L12,285877.0,Amp5,6.63
X-4644,POM121L1P,25812.0,Amp5,6.06
X-4644,POMZP3,22932.0,Amp5,6.54
X-4644,PON1,5444.0,Amp5,7.26
X-4644,PON2,5445.0,Amp5,7.26
X-4644,PON3,5446.0,Amp5,7.26
X-4644,POP7,10248.0,Amp5,6.82
X-4644,POR,5447.0,Amp5,6.54
X-4644,POT1,25913.0,Amp5,7.67
X-4644,POTEI,,MutNovel,"I803R,1.000"
X-4644,POU6F2,11281.0,Amp5,6.63
X-4644,PPIA,5478.0,Amp5,6.63
X-4644,PPP1R17,10842.0,Amp5,6.92
X-4644,PPP1R35,221908.0,Amp5,6.82
X-4644,PPP1R3A,5506.0,Amp5,7.31
X-4644,PPP1R9A,55607.0,Amp5,7.26
X-4644,PPP1R9B,84687.0,MutNovel,"P663S,0.248"
X-4644,PRAME,23532.0,Amp5,6.06
X-4644,PRKAG2,51422.0,Amp5,6.54
X-4644,PRKAR1B,5575.0,Amp5,6.96
X-4644,PRKAR2B,5577.0,Amp5,6.82
X-4644,PRKD1,5587.0,MutNovel,"H431Y,1.000"
X-4644,PRKRIP1,79706.0,Amp5,6.82
X-4644,PRKY,5616.0,Del0.8,0.43
X-4644,PRPS1L1,221823.0,Amp5,6.92
X-4644,PRR12,57479.0,MutNovel,"F1281L,0.799"
X-4644,PRR15,222171.0,Amp5,6.92
X-4644,PRRC2A,7916.0,MutNovel,"R1024W,0.649"
X-4644,PRRT4,401399.0,Amp5,6.73
X-4644,PRSS1,5644.0,Amp5,6.59
X-4644,PRSS37,136242.0,Amp5,6.59
X-4644,PRSS58,136541.0,Amp5,6.59
X-4644,PRX,57716.0,MutNovel,"S164F,0.762"
X-4644,PRY,9081.0,Del0.8,0.37
X-4644,PRY,9081.0,Del0.8,0.37
X-4644,PRY2,442862.0,Del0.8,0.37
X-4644,PRY2,442862.0,Del0.8,0.37
X-4644,PSEN1,5663.0,MutNovel,"R269C,1.000"
X-4644,PSMA2,5683.0,Amp5,6.63
X-4644,PSMC2,5701.0,Amp5,6.82
X-4644,PSMD11,5717.0,Amp5,6.73
X-4644,PSMG3,84262.0,Amp5,6.96
X-4644,PSPH,5723.0,Amp5,6.63
X-4644,PTCD1,26024.0,Amp5,6.82
X-4644,PTN,5764.0,Amp5,6.92
X-4644,PTPN12,5782.0,Amp5,7.41
X-4644,PTPN20A,653129.0,MutNovel,"D114G,1.000"
X-4644,PTPN4,5775.0,MutNovel,"R838Q,0.371"
X-4644,PTPRK,5796.0,MutNovel,"E971K,0.667"
X-4644,PTPRN2,5799.0,Amp5,6.54
X-4644,PTPRZ1,5803.0,Amp5,7.31
X-4644,PTRF,284119.0,MutNovel,"T313I,0.229"
X-4644,PURB,5814.0,Amp5,6.63
X-4644,PUS7,54517.0,Amp5,6.82
X-4644,PVRIG,79037.0,MutNovel,"G120V,0.892"
X-4644,PVRIG,79037.0,Amp5,6.82
X-4644,PVRL2,5819.0,MutNovel,"P479L,0.840"
X-4644,RAB19,401409.0,Amp5,6.92
X-4644,RABGEF1,27342.0,Amp5,6.63
X-4644,RABL5,64792.0,Amp5,6.82
X-4644,RAC1,5879.0,Amp5,6.96
X-4644,RADIL,55698.0,Amp5,6.96
X-4644,RALA,5898.0,Amp5,6.63
X-4644,RAMP3,10268.0,Amp5,6.63
X-4644,RANBP2,5903.0,MutNovel,"T1412A,0.404"
X-4644,RAP1GAP,5909.0,MutNovel,"Y609C,0.247"
X-4644,RAPGEF5,9771.0,Amp5,6.92
X-4644,RARRES2,5919.0,Amp5,6.54
X-4644,RASA4,10156.0,Amp5,6.82
X-4644,RAVER1,125950.0,MutNovel,"S684F,0.815"
X-4644,RBAK,57786.0,Amp5,6.96
X-4644,RBAK-LOC389458,100533952.0,Amp5,6.96
X-4644,RBM28,55131.0,Amp5,6.73
X-4644,RBM33,155435.0,Amp5,6.54
X-4644,RBM48,84060.0,Amp5,7.26
X-4644,RBMY1A3P,286557.0,Del0.8,0.43
X-4644,RBMY1B,378948.0,Del0.8,0.37
X-4644,RBMY1B,378948.0,Del0.8,0.37
X-4644,RBMY1E,378950.0,Del0.8,0.37
X-4644,RBMY1E,378950.0,Del0.8,0.37
X-4644,RBMY1F,159163.0,Del0.8,0.37
X-4644,RBMY1F,159163.0,Del0.8,0.37
X-4644,RBMY1J,378951.0,Del0.8,0.37
X-4644,RBMY1J,378951.0,Del0.8,0.37
X-4644,RBMY2EP,159125.0,Del0.8,0.37
X-4644,RBMY2FP,159162.0,Del0.8,0.37
X-4644,RBMY3AP,64593.0,Del0.8,0.37
X-4644,RCN3,57333.0,MutNovel,"E187K,0.875"
X-4644,RELN,5649.0,Amp5,6.82
X-4644,REPIN1,29803.0,MutNovel,"G79K,0.693"
X-4644,REPIN1,29803.0,Amp5,6.54
X-4644,RFC2,5982.0,Amp5,6.54
X-4644,RGS17,26575.0,MutNovel,"E209K,0.559"
X-4644,RHBDD2,57414.0,Amp5,6.54
X-4644,RHBDL3,162494.0,Amp5,6.73
X-4644,RHEB,6009.0,Amp5,6.54
X-4644,RHOT1,55288.0,Amp5,6.73
X-4644,RINT1,60561.0,Amp5,6.82
X-4644,RNF130,55819.0,MutKnownFunctional,"-401?,0.442"
X-4644,RNF133,168433.0,Amp5,7.31
X-4644,RNF148,378925.0,Amp5,7.31
X-4644,RNF169,254225.0,MutKnownFunctional,"-657,0.241"
X-4644,RNF216,54476.0,MutNovel,"P242L,0.232"
X-4644,RNF216,54476.0,Amp5,6.96
X-4644,RNF216P1,441191.0,Amp5,6.96
X-4644,RNF32,140545.0,Amp5,6.54
X-4644,RNF38,152006.0,MutNovel,"S514L,1.000"
X-4644,RNPEPL1,57140.0,MutNovel,"S700P,0.372"
X-4644,RP9,6100.0,Amp5,6.92
X-4644,RP9P,441212.0,Amp5,6.92
X-4644,RPA3,6119.0,Amp5,6.96
X-4644,RPL13AP17,399670.0,Amp5,7.41
X-4644,RPL19P12,100129424.0,Amp5,6.82
X-4644,RPL23P8,222901.0,Amp5,6.92
X-4644,RPS2P32,256355.0,Amp5,6.92
X-4644,RPS4Y1,6192.0,Del0.8,0.43
X-4644,RPS4Y2,140032.0,Del0.8,0.37
X-4644,RPS6KB2,6199.0,MutNovel,"P238S,0.345"
X-4644,RREB1,6239.0,MutKnownFunctional,"Q1013*,0.677"
X-4644,RSBN1L,222194.0,Amp5,7.41
X-4644,RSC1A1,6248.0,MutNovel,"P227F,0.320"
X-4644,RSPH10B2,728194.0,Amp5,6.96
X-4644,RSPH10B2,728194.0,Amp5,6.96
X-4644,RUNDC3B,154661.0,Amp5,7.26
X-4644,RYK,6259.0,MutNovel,"D175N,0.561"
X-4644,SALL1,6299.0,MutNovel,"S159-,0.388"
X-4644,SAMD9,54809.0,Amp5,7.26
X-4644,SAMD9L,219285.0,MutNovel,"S96F,0.667"
X-4644,SAMD9L,219285.0,Amp5,7.26
X-4644,SAP25,100316904.0,Amp5,6.82
X-4644,SARDH,1757.0,MutNovel,"D475N,1.000"
X-4644,SBDS,51119.0,Amp5,6.63
X-4644,SBDSP1,155370.0,Amp5,6.54
X-4644,SBF1,6305.0,MutNovel,"P1644S,0.996"
X-4644,SCAMP3,10067.0,MutNovel,"P220L,0.260"
X-4644,SCIN,85477.0,Amp5,6.96
X-4644,SCN3A,6328.0,MutNovel,"H931Y,0.643"
X-4644,SCRN1,9805.0,Amp5,6.92
X-4644,SDK1,221935.0,Amp5,6.96
X-4644,SEC11C,90701.0,MutNovel,"H108Y,1.000"
X-4644,SEC61G,23480.0,Amp5,6.63
X-4644,SEMA3A,10371.0,Amp5,7.26
X-4644,SEMA3C,10512.0,Amp5,7.41
X-4644,SEMA3D,223117.0,Amp5,7.26
X-4644,SEMA3E,9723.0,Amp5,7.26
X-4644,SEMA5A,9037.0,MutNovel,"P712L,0.481"
X-4644,SEPP1,6414.0,MutNovel,"H176Y,1.000"
X-4644,2014-09-14 00:00:00,346288.0,Amp5,6.63
X-4644,2014-09-05 00:00:00,,MutNovel,"A189T,0.999"
X-4644,2014-09-07 00:00:00,989.0,Amp5,6.92
X-4644,SEPT7P2,641977.0,Amp5,6.63
X-4644,SERF2,10169.0,MutNovel,"V42I,0.268"
X-4644,SERINC2,347735.0,MutNovel,"-373Q,0.703"
X-4644,SERPINA6,866.0,MutNovel,"H244Y,1.000"
X-4644,SERPINE1,5054.0,Amp5,6.82
X-4644,SETX,23064.0,MutNovel,"E813K,1.000"
X-4644,SFRP4,6424.0,Amp5,6.92
X-4644,SGCE,8910.0,Amp5,7.26
X-4644,SH2B2,10603.0,Amp5,6.82
X-4644,SH3GL1P1,6458.0,Amp5,6.73
X-4644,SHFM1,7979.0,Amp5,7.26
X-4644,SHH,6469.0,Amp5,6.54
X-4644,SHPRH,257218.0,MutNovel,"Y564C,0.714"
X-4644,SIPA1L1,26037.0,MutNovel,"P1026S,0.989"
X-4644,SIRT5,23408.0,MutNovel,"E233K,0.300"
X-4644,SKAP2,8935.0,Amp5,6.92
X-4644,SLC12A7,10723.0,MutNovel,"R666C,0.318"
X-4644,SLC12A9,56996.0,Amp5,6.82
X-4644,SLC13A1,6561.0,Amp5,7.31
X-4644,SLC13A4,26266.0,Amp5,6.92
X-4644,SLC19A3,80704.0,MutNovel,"P57L,0.727"
X-4644,SLC25A13,10165.0,Amp5,7.26
X-4644,SLC25A40,55972.0,Amp5,7.26
X-4644,SLC26A3,1811.0,Amp5,6.82
X-4644,SLC26A4,5172.0,Amp5,6.82
X-4644,SLC26A5,375611.0,Amp5,6.82
X-4644,SLC29A3,55315.0,MutNovel,"P194L,0.481"
X-4644,SLC29A4,222962.0,Amp5,6.96
X-4644,SLC35B4,84912.0,Amp5,6.92
X-4644,SLC37A3,84255.0,Amp5,6.92
X-4644,SLC4A2,6522.0,Amp5,6.54
X-4644,SMARCD3,6604.0,Amp5,6.54
X-4644,SMO,6608.0,Amp5,6.73
X-4644,SMURF1,57154.0,Amp5,6.82
X-4644,SMYD5,10322.0,MutNovel,"Y229C,0.792"
X-4644,SND1,27044.0,Amp5,6.73
X-4644,SND1-IT1,27099.0,Amp5,6.73
X-4644,SNHG15,285958.0,Amp5,6.63
X-4644,SNORA14A,677801.0,Amp5,6.54
X-4644,SNORA15,677803.0,Amp5,6.63
X-4644,SNORA22,677807.0,Amp5,6.63
X-4644,SNORA5A,654319.0,Amp5,6.63
X-4644,SNORA5B,677795.0,Amp5,6.63
X-4644,SNORA5C,677796.0,Amp5,6.63
X-4644,SNORA9,677798.0,Amp5,6.63
X-4644,SNORD93,692210.0,Amp5,6.92
X-4644,SNRNP25,79622.0,MutNovel,"R130K,1.000"
X-4644,SNX10,29887.0,Amp5,6.92
X-4644,SNX13,23161.0,Amp5,6.92
X-4644,SNX8,29886.0,Amp5,6.96
X-4644,SORL1,6653.0,MutNovel,"G1298E,0.746"
X-4644,SORL1,6653.0,MutNovel,"G2109E,0.795"
X-4644,SOSTDC1,25928.0,Amp5,6.92
X-4644,SOX12,6666.0,MutNovel,"G152E,0.390"
X-4644,SP4,6671.0,Amp5,6.92
X-4644,SP8,221833.0,Amp5,6.92
X-4644,SPAM1,6677.0,Amp5,7.31
X-4644,SPDYE1,285955.0,Amp5,6.63
X-4644,SPDYE2,441273.0,MutNovel,"T320I,1.000"
X-4644,SPDYE2,441273.0,Amp5,6.82
X-4644,SPDYE3,441272.0,Amp5,6.82
X-4644,SPDYE5,442590.0,Amp5,6.54
X-4644,SPDYE6,729597.0,Amp5,6.82
X-4644,SPDYE7P,441251.0,Amp5,6.54
X-4644,SPDYE8P,389517.0,Amp5,6.54
X-4644,SPDYE8P,389517.0,Amp5,6.54
X-4644,SPPL2A,84888.0,MutNovel,"E110K,0.593"
X-4644,SRCAP,10847.0,MutNovel,"P1870L,1.000"
X-4644,SRCRB4D,136853.0,Amp5,6.54
X-4644,SRI,6717.0,Amp5,7.26
X-4644,SRPK2,6733.0,Amp5,6.82
X-4644,SRRM3,222183.0,Amp5,6.54
X-4644,SRRT,51593.0,Amp5,6.82
X-4644,SRY,6736.0,Del0.8,0.43
X-4644,SSBP1,6742.0,Amp5,6.59
X-4644,SSPO,23145.0,Amp5,6.54
X-4644,ST7,7982.0,Amp5,7.31
X-4644,ST7-AS1,93653.0,Amp5,7.31
X-4644,ST7-AS2,93654.0,Amp5,7.31
X-4644,ST7-OT3,93655.0,Amp5,7.31
X-4644,ST7-OT4,338069.0,Amp5,7.31
X-4644,STAG3,10734.0,Amp5,6.82
X-4644,STAG3L1,54441.0,Amp5,6.54
X-4644,STAG3L2,442582.0,Amp5,6.54
X-4644,STAG3L3,442578.0,Amp5,6.54
X-4644,STAG3L4,64940.0,Amp5,6.63
X-4644,STARD3,10948.0,MutNovel,"R79C,0.752"
X-4644,STARD3NL,83930.0,Amp5,6.92
X-4644,STEAP1,26872.0,MutNovel,"S179T,0.333"
X-4644,STEAP1,26872.0,MutNovel,"P183A,0.333"
X-4644,STEAP1,26872.0,Amp5,7.26
X-4644,STEAP1B,256227.0,Amp5,6.92
X-4644,STEAP2,261729.0,Amp5,7.26
X-4644,STEAP3,55240.0,MutNovel,"P220S,0.290"
X-4644,STEAP4,79689.0,Amp5,7.26
X-4644,STK17A,9263.0,Amp5,6.63
X-4644,STK31,56164.0,Amp5,6.92
X-4644,STRA8,346673.0,Amp5,6.92
X-4644,STT3A,3703.0,MutNovel,"L17F,0.776"
X-4644,STX1A,6804.0,Amp5,6.54
X-4644,STXBP2,6813.0,MutNovel,"E12K,0.947"
X-4644,STYXL1,51657.0,Amp5,6.54
X-4644,SUMF2,25870.0,Amp5,6.63
X-4644,SUN1,23353.0,Amp5,6.96
X-4644,SUN3,256979.0,Amp5,6.63
X-4644,SVOPL,136306.0,Amp5,6.92
X-4644,SYPL1,6856.0,Amp5,6.82
X-4644,TAC1,6863.0,Amp5,7.26
X-4644,TAF6,6878.0,Amp5,6.82
X-4644,TAP2,6891.0,MutNovel,"G25S,0.299"
X-4644,TARP,445347.0,Amp5,6.92
X-4644,TAS2R16,50833.0,Amp5,7.31
X-4644,TAS2R3,50831.0,Amp5,6.59
X-4644,TAS2R38,5726.0,Amp5,6.59
X-4644,TAS2R39,259285.0,Amp5,6.59
X-4644,TAS2R4,50832.0,Amp5,6.59
X-4644,TAS2R40,259286.0,Amp5,6.59
X-4644,TAS2R41,259287.0,Amp5,6.59
X-4644,TAS2R5,54429.0,Amp5,6.59
X-4644,TAS2R60,338398.0,Amp5,6.59
X-4644,TAX1BP1,8887.0,Amp5,6.92
X-4644,TBL1Y,90665.0,Del0.8,0.43
X-4644,TBL2,26608.0,Amp5,6.54
X-4644,TBP,6908.0,MutNovel,"P140S,0.321"
X-4644,TBRG4,9238.0,Amp5,6.63
X-4644,TBX20,57057.0,Amp5,6.92
X-4644,TBXAS1,6916.0,Amp5,6.92
X-4644,TCF20,6942.0,MutNovel,"H952Y,1.000"
X-4644,TDG,6996.0,MutNovel,"P21S,0.617"
X-4644,TECPR1,25851.0,Amp5,6.82
X-4644,TES,26136.0,Amp5,7.31
X-4644,TFAMP1,260341.0,Amp5,6.96
X-4644,TFEC,22797.0,Amp5,7.31
X-4644,TFPI2,7980.0,Amp5,7.26
X-4644,TFR2,7036.0,Amp5,6.82
X-4644,TGIF2LY,90655.0,Del0.8,0.43
X-4644,THAP5,168451.0,Amp5,6.82
X-4644,THSD7A,221981.0,Amp5,6.96
X-4644,TIE1,7075.0,MutNovel,"R260K,0.500"
X-4644,TLE1,7088.0,MutNovel,"H146Y,0.997"
X-4644,TLK2,11011.0,MutNovel,"R262Q,0.288"
X-4644,TLR6,10333.0,MutNovel,"P530L,1.000"
X-4644,TM7SF3,51768.0,MutNovel,"L433P,0.460"
X-4644,TM9SF1,10548.0,MutNovel,"L582F,1.000"
X-4644,TMCO4,255104.0,MutNovel,"R184Q,0.727"
X-4644,TMED4,222068.0,Amp5,6.63
X-4644,TMEM106B,54664.0,Amp5,6.96
X-4644,TMEM120A,83862.0,Amp5,6.54
X-4644,TMEM130,222865.0,Amp5,6.82
X-4644,TMEM139,135932.0,Amp5,6.59
X-4644,TMEM140,55281.0,Amp5,6.92
X-4644,TMEM168,64418.0,Amp5,7.31
X-4644,TMEM176A,55365.0,Amp5,6.54
X-4644,TMEM176B,28959.0,Amp5,6.54
X-4644,TMEM182,130827.0,MutNovel,"S161L,0.667"
X-4644,TMEM184A,202915.0,Amp5,6.96
X-4644,TMEM196,256130.0,Amp5,6.92
X-4644,TMEM209,84928.0,Amp5,6.73
X-4644,TMEM213,155006.0,Amp5,6.92
X-4644,TMEM229A,730130.0,Amp5,7.31
X-4644,TMEM232,642987.0,MutNovel,"E343K,1.000"
X-4644,TMEM60,85025.0,Amp5,7.41
X-4644,TMEM87B,84910.0,MutNovel,"V8L,0.653"
X-4644,TMSB4Y,9087.0,Del0.8,0.37
X-4644,TMUB1,83590.0,Amp5,6.54
X-4644,TNC,3371.0,MutNovel,"I237V,0.999"
X-4644,TNPO3,23534.0,Amp5,6.73
X-4644,TNRC18,84629.0,Amp5,6.96
X-4644,TNS3,64759.0,Amp5,6.63
X-4644,TOM1L1,10040.0,MutNovel,"E457V,0.201"
X-4644,TOMM7,54543.0,Amp5,6.92
X-4644,TP53,7157.0,MutKnownFunctional,"E294*,1.000"
X-4644,TP53BP2,7159.0,MutNovel,"G842K,0.320"
X-4644,TP53TG1,11257.0,Amp5,7.26
X-4644,TPI1P2,286016.0,Amp5,6.73
X-4644,TPK1,27010.0,Amp5,6.54
X-4644,TPST1,8460.0,Amp5,6.63
X-4644,TRA2A,29896.0,Amp5,6.92
X-4644,TRIL,9865.0,Amp5,6.92
X-4644,TRIM24,8805.0,Amp5,6.92
X-4644,TRIM4,89122.0,Amp5,6.82
X-4644,TRIM50,135892.0,Amp5,6.54
X-4644,TRIM56,81844.0,Amp5,6.82
X-4644,TRIM74,378108.0,Amp5,6.54
X-4644,TRIP6,7205.0,Amp5,6.82
X-4644,TRPM7,54822.0,MutNovel,"P1519L,0.306"
X-4644,TRPV5,56302.0,Amp5,6.59
X-4644,TRPV6,55503.0,Amp5,6.59
X-4644,TRRAP,8295.0,MutNovel,"P2088S,0.772"
X-4644,TRRAP,8295.0,Amp5,6.82
X-4644,TSC22D4,81628.0,Amp5,6.82
X-4644,TSGA13,114960.0,Amp5,6.73
X-4644,TSPAN12,23554.0,Amp5,7.31
X-4644,TSPAN13,27075.0,Amp5,6.92
X-4644,TSPAN33,340348.0,Amp5,6.73
X-4644,TSPY1,7258.0,Del0.8,0.08
X-4644,TSPY2,64591.0,Del0.8,0.43
X-4644,TSPY3,728137.0,Del0.8,0.08
X-4644,TSPY4,728395.0,Del0.8,0.08
X-4644,TSPY8,728403.0,Del0.8,0.08
X-4644,TSPYL1,7259.0,MutNovel,"V176VW,0.381"
X-4644,TTC26,79989.0,Amp5,6.92
X-4644,TTC27,55622.0,MutNovel,"A388P,0.242"
X-4644,TTN,7273.0,MutNovel,"G16886E,0.750"
X-4644,TTTY10,246119.0,Del0.8,0.37
X-4644,TTTY11,83866.0,Del0.8,0.43
X-4644,TTTY12,83867.0,Del0.8,0.43
X-4644,TTTY13,83868.0,Del0.8,0.37
X-4644,TTTY14,83869.0,Del0.8,0.37
X-4644,TTTY15,64595.0,Del0.8,0.37
X-4644,TTTY16,252948.0,Del0.8,0.43
X-4644,TTTY17A,252949.0,Del0.8,0.37
X-4644,TTTY17A,252949.0,Del0.8,0.27
X-4644,TTTY18,252950.0,Del0.8,0.43
X-4644,TTTY19,252952.0,Del0.8,0.43
X-4644,TTTY1B,100101116.0,Del0.8,0.43
X-4644,TTTY1B,100101116.0,Del0.8,0.37
X-4644,TTTY2,60439.0,Del0.8,0.37
X-4644,TTTY2,60439.0,Del0.8,0.43
X-4644,TTTY20,252951.0,Del0.8,0.19
X-4644,TTTY21,252953.0,Del0.8,0.37
X-4644,TTTY21,252953.0,Del0.8,0.43
X-4644,TTTY22,252954.0,Del0.8,0.37
X-4644,TTTY23,252955.0,Del0.8,0.37
X-4644,TTTY23,252955.0,Del0.8,0.43
X-4644,TTTY3,114760.0,Del0.8,0.37
X-4644,TTTY3,114760.0,Del0.8,0.27
X-4644,TTTY4,114761.0,Del0.8,0.19
X-4644,TTTY4,114761.0,Del0.8,0.27
X-4644,TTTY5,83863.0,Del0.8,0.37
X-4644,TTTY6,84672.0,Del0.8,0.37
X-4644,TTTY6,84672.0,Del0.8,0.37
X-4644,TTTY7,246122.0,Del0.8,0.37
X-4644,TTTY7,246122.0,Del0.8,0.43
X-4644,TTTY7B,100101120.0,Del0.8,0.37
X-4644,TTTY7B,100101120.0,Del0.8,0.43
X-4644,TTTY8,84673.0,Del0.8,0.43
X-4644,TTTY8,84673.0,Del0.8,0.37
X-4644,TTTY9A,83864.0,Del0.8,0.37
X-4644,TTTY9A,83864.0,Del0.8,0.37
X-4644,TTYH3,80727.0,Amp5,6.96
X-4644,TUBA1B,10376.0,MutNovel,"L428F,0.400"
X-4644,TUBA1B,10376.0,MutNovel,"P72S,0.469"
X-4644,TWIST1,7291.0,Amp5,6.92
X-4644,TWISTNB,221830.0,Amp5,6.92
X-4644,TXLNG2P,246126.0,Del0.8,0.37
X-4644,TXNDC12,51060.0,MutNovel,"S83L,0.721"
X-4644,TYK2,7297.0,MutKnownFunctional,"LR502L*,0.591"
X-4644,TYW1,55253.0,Amp5,6.63
X-4644,TYW1B,441250.0,Amp5,6.54
X-4644,UACA,55075.0,MutNovel,"P1165L,0.500"
X-4644,UBE2D4,51619.0,Amp5,6.63
X-4644,UBE2H,7328.0,Amp5,6.73
X-4644,UBE3C,9690.0,Amp5,6.54
X-4644,UBN2,254048.0,Amp5,6.92
X-4644,UBQLN4,56893.0,MutNovel,"S340F,0.258"
X-4644,UFSP1,402682.0,Amp5,6.82
X-4644,UNCX,340260.0,Amp5,6.96
X-4644,UPK3B,80761.0,Amp5,6.54
X-4644,UPP1,7378.0,Amp5,6.63
X-4644,URGCP,55665.0,Amp5,6.63
X-4644,URGCP-MRPS24,100534592.0,Amp5,6.63
X-4644,USP3,9960.0,MutNovel,"L520F,0.628"
X-4644,USP36,57602.0,MutNovel,"KKK958K,0.547"
X-4644,USP42,84132.0,Amp5,6.96
X-4644,USP9Y,8287.0,Del0.8,0.37
X-4644,UTY,7404.0,Del0.8,0.37
X-4644,VANGL1,81839.0,MutNovel,"L483F,0.483"
X-4644,VCY,9084.0,Del0.8,0.37
X-4644,VCY,9084.0,Del0.8,0.37
X-4644,VEPH1,79674.0,MutNovel,"E765K,0.500"
X-4644,VGF,7425.0,Amp5,6.82
X-4644,VIPR2,7434.0,Amp5,6.54
X-4644,VIT,5212.0,MutNovel,"I213N,0.632"
X-4644,VKORC1L1,154807.0,Amp5,6.63
X-4644,VOPP1,81552.0,Amp5,6.63
X-4644,VPS37D,155382.0,Amp5,6.54
X-4644,VPS41,27072.0,Amp5,6.63
X-4644,VSTM2A,222008.0,Amp5,6.63
X-4644,VWA5A,4013.0,MutNovel,"G439S,1.000"
X-4644,VWC2,375567.0,Amp5,6.63
X-4644,VWDE,221806.0,Amp5,6.96
X-4644,WASL,8976.0,Amp5,7.31
X-4644,WBSCR16,81554.0,Amp5,6.54
X-4644,WBSCR17,64409.0,Amp5,6.54
X-4644,WBSCR22,114049.0,Amp5,6.54
X-4644,WBSCR27,155368.0,Amp5,6.54
X-4644,WBSCR28,135886.0,Amp5,6.54
X-4644,WDR60,55112.0,Amp5,6.54
X-4644,WDR86,349136.0,Amp5,6.54
X-4644,WDR91,29062.0,Amp5,6.92
X-4644,WEE2,494551.0,Amp5,6.59
X-4644,WHSC1,7468.0,MutNovel,"S479L,1.000"
X-4644,WIPF3,644150.0,Amp5,6.92
X-4644,WIPI2,26100.0,Amp5,6.96
X-4644,WNT16,51384.0,Amp5,7.31
X-4644,WNT2,7472.0,Amp5,7.31
X-4644,XAB2,56949.0,MutNovel,"R785C,0.834"
X-4644,XKRY2,353515.0,Del0.8,0.37
X-4644,XKRY2,353515.0,Del0.8,0.37
X-4644,XRCC2,7516.0,Amp5,6.54
X-4644,YAE1D1,57002.0,Amp5,6.63
X-4644,YKT6,10652.0,Amp5,6.63
X-4644,YTHDC2,64848.0,MutNovel,"F568V,0.596"
X-4644,YWHAG,7532.0,Amp5,6.54
X-4644,ZAN,7455.0,Amp5,6.82
X-4644,ZC3HAV1,56829.0,Amp5,6.92
X-4644,ZC3HAV1L,92092.0,Amp5,6.92
X-4644,ZC3HC1,51530.0,Amp5,6.73
X-4644,ZCWPW1,55063.0,Amp5,6.82
X-4644,ZDHHC4,55146.0,Amp5,6.96
X-4644,ZDHHC5,25921.0,MutNovel,"R182C,0.725"
X-4644,ZFAND2A,90637.0,Amp5,6.96
X-4644,ZFAT,57623.0,MutNovel,"D164E,0.444"
X-4644,ZFP3,124961.0,MutNovel,"P97S,1.000"
X-4644,ZFPM1,161882.0,MutNovel,"VK202V,0.750"
X-4644,ZFY,7544.0,Del0.8,0.43
X-4644,ZKSCAN1,7586.0,Amp5,6.82
X-4644,ZKSCAN5,23660.0,MutNovel,"P828F,0.801"
X-4644,ZKSCAN5,23660.0,Amp5,6.82
X-4644,ZMIZ2,83637.0,Amp5,6.63
X-4644,ZNF107,51427.0,Amp5,6.63
X-4644,ZNF117,51351.0,Amp5,6.63
X-4644,ZNF12,7559.0,Amp5,6.96
X-4644,ZNF131,7690.0,MutNovel,"S205F,0.455"
X-4644,ZNF138,7697.0,Amp5,6.63
X-4644,ZNF207,7756.0,Amp5,6.73
X-4644,ZNF212,7988.0,Amp5,6.54
X-4644,ZNF273,10793.0,Amp5,6.63
X-4644,ZNF277,11179.0,Amp5,7.31
X-4644,ZNF280A,129025.0,Amp5,6.06
X-4644,ZNF280B,140883.0,Amp5,6.06
X-4644,ZNF282,8427.0,Amp5,6.54
X-4644,ZNF292,23036.0,MutKnownFunctional,"-269?,0.258"
X-4644,ZNF3,7551.0,Amp5,6.82
X-4644,ZNF384,171017.0,MutNovel,"QQ514Q,0.308"
X-4644,ZNF394,84124.0,Amp5,6.82
X-4644,ZNF398,57541.0,Amp5,6.54
X-4644,ZNF425,155054.0,Amp5,6.54
X-4644,ZNF467,168544.0,Amp5,6.54
X-4644,ZNF479,90827.0,Amp5,6.63
X-4644,ZNF498,221785.0,Amp5,6.82
X-4644,ZNF532,55205.0,MutNovel,"S663F,1.000"
X-4644,ZNF546,339327.0,MutKnownFunctional,"-160?,0.312"
X-4644,ZNF549,256051.0,MutNovel,"I377T,0.778"
X-4644,ZNF565,147929.0,MutNovel,"Q433K,0.500"
X-4644,ZNF655,79027.0,Amp5,6.82
X-4644,ZNF679,168417.0,Amp5,6.63
X-4644,ZNF680,340252.0,Amp5,6.63
X-4644,ZNF713,349075.0,Amp5,6.63
X-4644,ZNF716,441234.0,Amp5,6.63
X-4644,ZNF727,442319.0,Amp5,6.63
X-4644,ZNF735,730291.0,Amp5,6.63
X-4644,ZNF736,728927.0,Amp5,6.63
X-4644,ZNF746,155061.0,Amp5,6.54
X-4644,ZNF767,79970.0,Amp5,6.54
X-4644,ZNF775,285971.0,Amp5,6.54
X-4644,ZNF777,27153.0,Amp5,6.54
X-4644,ZNF780A,284323.0,MutNovel,"Q600H,0.227"
X-4644,ZNF783,100289678.0,Amp5,6.54
X-4644,ZNF786,136051.0,Amp5,6.54
X-4644,ZNF789,285989.0,Amp5,6.82
X-4644,ZNF800,168850.0,Amp5,6.73
X-4644,ZNF804B,219578.0,Amp5,7.26
X-4644,ZNF841,284371.0,MutNovel,"R698G,0.765"
X-4644,ZNF853,54753.0,Amp5,6.96
X-4644,ZNF862,643641.0,Amp5,6.54
X-4644,ZNF890P,645700.0,Amp5,6.96
X-4644,ZNF92,168374.0,Amp5,6.63
X-4644,ZNHIT1,10467.0,Amp5,6.82
X-4644,ZNHIT2,741.0,MutNovel,"P28S,0.621"
X-4644,ZNRF2,223082.0,Amp5,6.92
X-4644,ZNRF2P1,441208.0,Amp5,6.92
X-4644,ZP3,7784.0,Amp5,6.54
X-4644,ZPBP,11055.0,Amp5,6.63
X-4644,ZSCAN21,7589.0,Amp5,6.82
X-4644,ZXDC,79364.0,MutNovel,"A126V,0.684"
X-4644,ZYX,7791.0,Amp5,6.59
X-4668,ACOT1,641371.0,Del0.8,0.63
X-4668,ACSL1,2180.0,Del0.8,0.58
X-4668,ADAM3A,1587.0,Del0.8,0.25
X-4668,ADAM5P,255926.0,Del0.8,0.65
X-4668,AKAP6,9472.0,MutNovel,"S1429F,0.438"
X-4668,ALG1L,200810.0,MutNovel,"V76A,0.375"
X-4668,AMBRA1,55626.0,MutNovel,"R477C,1.000"
X-4668,AMELY,266.0,Del0.8,0.29
X-4668,ANKRD36,375248.0,MutNovel,"T998S,0.258"
X-4668,ANKRD36B,57730.0,MutNovel,"C563S,1.000"
X-4668,ANKRD36B,57730.0,MutNovel,"V561M,1.000"
X-4668,ANKRD37,353322.0,Del0.8,0.63
X-4668,ARHGAP39,80728.0,MutNovel,"A342V,0.516"
X-4668,ARID3A,1820.0,MutNovel,"P189L,0.609"
X-4668,ARL17A,51326.0,Amp5,5.78
X-4668,ASPSCR1,79058.0,MutNovel,"D217N,0.408"
X-4668,ATG4A,115201.0,MutNovel,"P261S,1.000"
X-4668,ATP10B,23120.0,MutKnownFunctional,"R272*,0.475"
X-4668,BAHCC1,57597.0,MutNovel,"R16H,0.632"
X-4668,BCL7C,9274.0,MutNovel,"I152V,0.517"
X-4668,BCORP1,286554.0,Del0.8,0.21
X-4668,BMS1P5,399761.0,Del0.8,0.69
X-4668,BPY2B,442867.0,Del0.8,0.12
X-4668,BPY2B,442867.0,Del0.8,0.07
X-4668,BRAF,673.0,MutKnownFunctional,"V600E,0.855"
X-4668,C16orf59,80178.0,MutNovel,"A195V,0.500"
X-4668,C2orf16,84226.0,MutNovel,"E363K,0.750"
X-4668,C4orf47,441054.0,Del0.8,0.63
X-4668,C6orf130,221443.0,MutNovel,"S65F,0.380"
X-4668,C9orf53,51198.0,Del0.8,0.25
X-4668,CALCOCO2,10241.0,MutNovel,"E70K,1.000"
X-4668,CASP3,836.0,Del0.8,0.58
X-4668,CCDC110,256309.0,Del0.8,0.63
X-4668,CCDC111,201973.0,Del0.8,0.58
X-4668,CDKN2A,1029.0,Del0.8,0.25
X-4668,CDKN2AIP,55602.0,Del0.8,0.58
X-4668,CDKN2B,1030.0,Del0.8,0.36
X-4668,CDY1B,253175.0,Del0.8,0.21
X-4668,CDY1B,253175.0,Del0.8,0.16
X-4668,CDY2A,9426.0,Del0.8,0.21
X-4668,CDY2A,9426.0,Del0.8,0.21
X-4668,CDY2B,203611.0,Del0.8,0.21
X-4668,CDY2B,203611.0,Del0.8,0.21
X-4668,CERK,64781.0,MutNovel,"S321F,0.333"
X-4668,CHD3,1107.0,MutNovel,"-81P,0.241"
X-4668,CHL1,10752.0,MutNovel,"G322E,0.531"
X-4668,CHN1,1123.0,MutNovel,"E408K,0.556"
X-4668,CLDN22,53842.0,Del0.8,0.58
X-4668,CLDN24,100132463.0,Del0.8,0.58
X-4668,CLIP1,6249.0,MutNovel,"E1420V,0.665"
X-4668,CNTNAP4,85445.0,MutKnownFunctional,"-15?,1.000"
X-4668,CRIPAK,285464.0,MutNovel,"V164A,0.364"
X-4668,CSPG4P1Y,114758.0,Del0.8,0.16
X-4668,CSPG4P1Y,114758.0,Del0.8,0.21
X-4668,CTSA,5476.0,MutNovel,"L29-,0.918"
X-4668,CYP4V2,285440.0,Del0.8,0.63
X-4668,DAB2IP,153090.0,MutNovel,"M711I,1.000"
X-4668,DAZ1,1617.0,Del0.8,0.21
X-4668,DAZ2,57055.0,Del0.8,0.13
X-4668,DAZ3,57054.0,Del0.8,0.12
X-4668,DAZ3,57054.0,Del0.8,0.07
X-4668,DAZ4,57135.0,Del0.8,0.15
X-4668,DAZ4,57135.0,Del0.8,0.1
X-4668,DCTD,1635.0,Del0.8,0.58
X-4668,DDX3Y,8653.0,Del0.8,0.21
X-4668,DIAPH1,1729.0,MutNovel,"P706L,0.489"
X-4668,DMRT2,10655.0,MutNovel,"T106S,1.000"
X-4668,DMWD,1762.0,MutNovel,"S97C,0.500"
X-4668,DNAJC16,23341.0,MutKnownFunctional,"-783,0.440"
X-4668,DPEP2,64174.0,MutNovel,"G379S,0.750"
X-4668,DUX2,26583.0,Del0.8,0.78
X-4668,DUX4,100288687.0,Del0.8,0.78
X-4668,DUX4L2,728410.0,Del0.8,0.78
X-4668,DUX4L3,653548.0,Del0.8,0.78
X-4668,DUX4L4,441056.0,Del0.8,0.78
X-4668,EIF1AY,9086.0,Del0.8,0.21
X-4668,EMILIN3,90187.0,MutNovel,"H55P,0.667"
X-4668,ENPP6,133121.0,Del0.8,0.58
X-4668,F11,2160.0,Del0.8,0.63
X-4668,FAM115C,285966.0,MutNovel,"H787N,0.828"
X-4668,FAM149A,25854.0,Del0.8,0.63
X-4668,FAM197Y2P,252946.0,Del0.8,0.22
X-4668,FAM35B,414241.0,Del0.8,0.43
X-4668,FAM41AY1,340618.0,Del0.8,0.21
X-4668,FAM41AY1,340618.0,Del0.8,0.21
X-4668,FAM75A6,389730.0,Del0.8,0.41
X-4668,FAM75C2,645961.0,MutNovel,"K60R,1.000"
X-4668,FAT1,2195.0,Del0.8,0.63
X-4668,FBXO8,26269.0,MutNovel,"M250T,0.618"
X-4668,FGD6,55785.0,MutKnownFunctional,"Q1425*,0.778"
X-4668,FGF7,2252.0,MutNovel,"K123E,0.308"
X-4668,FGF7,2252.0,MutNovel,"E141G,0.476"
X-4668,FGF7,2252.0,MutNovel,"L189V,0.400"
X-4668,FICD,11153.0,MutNovel,"H226Y,0.500"
X-4668,FLNC,2318.0,MutNovel,"P1451S,0.269"
X-4668,FRG1,2483.0,Del0.8,0.78
X-4668,FRG2,448831.0,Del0.8,0.78
X-4668,GABRQ,55879.0,MutNovel,"E209K,1.000"
X-4668,GATM,2628.0,MutNovel,"T35N,0.667"
X-4668,GCFC2,6936.0,MutNovel,"P36L,0.359"
X-4668,GIGYF2,26058.0,MutNovel,"PQ1231P,0.342"
X-4668,GMIP,51291.0,MutNovel,"E603K,0.598"
X-4668,GNL3L,54552.0,MutNovel,"LK59L,0.667"
X-4668,GOLGA2P2Y,84559.0,Del0.8,0.16
X-4668,GOLGA2P2Y,84559.0,Del0.8,0.21
X-4668,GOLGA6L4,,MutNovel,"T144M,1.000"
X-4668,GOLGA8B,440270.0,MutNovel,"L359Q,1.000"
X-4668,GRAPL,400581.0,Amp5,5.24
X-4668,GRIK2,2898.0,MutKnownFunctional,"-847?,0.265"
X-4668,GSTT1,2952.0,Del0.8,0.59
X-4668,GTF2IRD1,9569.0,MutNovel,"A44V,0.802"
X-4668,GXYLT2,727936.0,MutNovel,"P65L,0.429"
X-4668,GYG2P1,352887.0,Del0.8,0.21
X-4668,HCFC2,29915.0,MutNovel,"R780W,0.587"
X-4668,HELT,391723.0,Del0.8,0.58
X-4668,HERC2,8924.0,MutNovel,"S1354N,0.337"
X-4668,HLA-G,3135.0,MutNovel,"S33N,1.000"
X-4668,HNRPDL,9987.0,MutNovel,"L42S,0.655"
X-4668,HSFY2,159119.0,Del0.8,0.21
X-4668,HSFY2,159119.0,Del0.8,0.21
X-4668,HSP90AA4P,3323.0,Del0.8,0.62
X-4668,HYDIN,54768.0,MutNovel,"R3747C,0.286"
X-4668,HYI,81888.0,MutNovel,"A84T,0.559"
X-4668,IFT20,90410.0,MutNovel,"R105Q,0.607"
X-4668,IGSF3,3321.0,MutNovel,"D1041G,0.214"
X-4668,IK,3550.0,MutNovel,"D67N,0.598"
X-4668,ING2,3622.0,Del0.8,0.58
X-4668,INTS12,57117.0,MutNovel,"N81D,0.670"
X-4668,IRF2,3660.0,Del0.8,0.58
X-4668,IRF2BP2,359948.0,MutNovel,"-99S,0.203"
X-4668,KDM5D,8284.0,Del0.8,0.21
X-4668,KGFLP2,654466.0,Del0.8,0.76
X-4668,KIAA1429,25962.0,MutNovel,"S840F,0.453"
X-4668,KIAA1430,57587.0,Del0.8,0.58
X-4668,KIF15,56992.0,MutNovel,"A225T,0.419"
X-4668,KLF11,8462.0,MutNovel,"N357S,0.673"
X-4668,KLKB1,3818.0,Del0.8,0.63
X-4668,KLRC2,3822.0,MutNovel,"L143Q,1.000"
X-4668,LCE3C,353144.0,Del0.8,0.18
X-4668,LDOC1L,84247.0,MutNovel,"A16V,0.413"
X-4668,LEPREL1,55214.0,MutNovel,"V176A,0.460"
X-4668,LGALS9C,654346.0,MutNovel,"I243L,1.000"
X-4668,LOC100506123,100506123.0,Del0.8,0.75
X-4668,LOC100506229,100506229.0,Del0.8,0.58
X-4668,LOC100507369,,MutNovel,"L103V,1.000"
X-4668,LOC100507369,,MutNovel,"P94L,1.000"
X-4668,LOC100652740,,MutNovel,"L133S,0.545"
X-4668,LOC100996441,,MutNovel,"S137C,0.471"
X-4668,LOC100996577,,MutNovel,"S54G,1.000"
X-4668,LOC100996689,,MutNovel,"D237E,0.425"
X-4668,LOC100996689,,MutNovel,"R222T,0.256"
X-4668,LOC285441,285441.0,Del0.8,0.63
X-4668,LOC339975,339975.0,Del0.8,0.63
X-4668,LOC389247,389247.0,Del0.8,0.58
X-4668,LOC391322,391322.0,Del0.8,0.59
X-4668,LOC401164,401164.0,Del0.8,0.63
X-4668,LOC728175,728175.0,Del0.8,0.58
X-4668,LOC729420,,MutNovel,"D23N,0.400"
X-4668,LOC731424,731424.0,Del0.8,0.58
X-4668,LRP2,4036.0,MutNovel,"G1061A,0.418"
X-4668,LRP2BP,55805.0,Del0.8,0.63
X-4668,LRRC37A,9884.0,Amp5,5.78
X-4668,LRRC37A2,474170.0,Amp5,5.78
X-4668,LSR,51599.0,MutNovel,"G518GR,0.845"
X-4668,LTK,4058.0,MutNovel,"V480I,0.600"
X-4668,MAGEB17,,MutNovel,"V261G,1.000"
X-4668,MAP2K5,5607.0,MutNovel,"QV296H,0.327"
X-4668,MAP3K6,9064.0,MutNovel,"K1125-,0.489"
X-4668,MAP3K9,4293.0,MutNovel,"E213K,0.444"
X-4668,MAP4K5,11183.0,MutKnownFunctional,"L756*,0.350"
X-4668,MARS,4141.0,MutNovel,"F400L,0.649"
X-4668,MASTL,84930.0,MutNovel,"F220V,1.000"
X-4668,MCPH1,79648.0,MutNovel,"T470A,0.701"
X-4668,MCRS1,10445.0,MutNovel,"V169I,0.350"
X-4668,ME3,10873.0,MutNovel,"G33S,1.000"
X-4668,MED15,51586.0,MutNovel,"-211Q,0.216"
X-4668,MESP2,145873.0,MutNovel,"A297T,1.000"
X-4668,MGC21881,389741.0,Del0.8,0.76
X-4668,MIR3945,100500818.0,Del0.8,0.58
X-4668,MKL1,57591.0,MutNovel,"A569V,0.500"
X-4668,MLF1IP,79682.0,Del0.8,0.58
X-4668,MLL3,58508.0,MutNovel,"P2485S,1.000"
X-4668,MPRIP,23164.0,MutNovel,"TS178T,0.250"
X-4668,MRPL39,54148.0,MutKnownFunctional,"W313*,0.592"
X-4668,MT1H,4496.0,MutNovel,"S54A,0.375"
X-4668,MTCH1,23787.0,MutNovel,"A16V,0.297"
X-4668,MTNR1A,4543.0,Del0.8,0.63
X-4668,MYH11,4629.0,MutNovel,"D1479N,1.000"
X-4668,MYO5B,4645.0,MutNovel,"V1703I,0.726"
X-4668,MYO9B,4650.0,MutNovel,"A1303V,0.651"
X-4668,MYT1,4661.0,MutNovel,"E778K,1.000"
X-4668,NBEA,26960.0,MutNovel,"G411R,0.462"
X-4668,NBPF16,728936.0,MutNovel,"T155A,1.000"
X-4668,NCKAP5,344148.0,MutNovel,"P464R,0.667"
X-4668,NCOA3,8202.0,MutNovel,"P378S,0.333"
X-4668,NCOA3,8202.0,MutNovel,"Q1255-,0.314"
X-4668,NCOR2,9612.0,MutNovel,"G1839GAAA,0.622"
X-4668,NCRNA00185,55410.0,Del0.8,0.21
X-4668,NEB,4703.0,MutNovel,"M7964I,0.750"
X-4668,NEO1,4756.0,MutNovel,"P1307S,0.390"
X-4668,NID2,22795.0,MutNovel,"G760V,0.379"
X-4668,NLGN4Y,22829.0,Del0.8,0.21
X-4668,NR1H2,7376.0,MutNovel,"-173Q,0.810"
X-4668,NRG3,10718.0,MutNovel,"Y54H,0.500"
X-4668,NSFP1,728806.0,Amp5,5.78
X-4668,NUP214,8021.0,MutNovel,"L107H,1.000"
X-4668,NUSAP1,51203.0,MutNovel,"I180F,0.377"
X-4668,OBSCN,84033.0,MutNovel,"L3982F,0.750"
X-4668,OCRL,4952.0,MutNovel,"D451N,0.224"
X-4668,ORAI1,84876.0,MutNovel,"PP43-,0.571"
X-4668,P2RY8,286530.0,MutNovel,"I1476C,0.216"
X-4668,P2RY8,286530.0,MutKnownFunctional,"-1416,0.429"
X-4668,PACRG,135138.0,MutNovel,"N204T,0.867"
X-4668,PARP8,79668.0,MutNovel,"A537G,0.395"
X-4668,PCDH11Y,83259.0,Del0.8,0.29
X-4668,PCDHB4,56131.0,MutNovel,"Q493R,0.375"
X-4668,PCMTD1,115294.0,MutNovel,"M263I,0.463"
X-4668,PCYT1A,5130.0,MutNovel,"S288R,0.472"
X-4668,PDLIM3,27295.0,Del0.8,0.63
X-4668,PGA3,643834.0,Del0.8,0.74
X-4668,PGA4,643847.0,Del0.8,0.74
X-4668,PGA5,5222.0,Del0.8,0.74
X-4668,PHKG1,5260.0,MutNovel,"C120R,0.625"
X-4668,PHLDA1,22822.0,MutNovel,"QQ194Q,0.529"
X-4668,PHRF1,57661.0,MutNovel,"H755Y,0.976"
X-4668,PIGM,93183.0,MutNovel,"F34L,0.222"
X-4668,PIGU,128869.0,MutNovel,"P265S,0.299"
X-4668,PNISR,25957.0,MutNovel,"R608-,0.369"
X-4668,PODXL2,50512.0,MutNovel,"I393N,0.412"
X-4668,POLQ,10721.0,MutNovel,"Q1210H,0.455"
X-4668,POTEE,445582.0,MutNovel,"I803M,1.000"
X-4668,PRKY,5616.0,Del0.8,0.29
X-4668,PRY,9081.0,Del0.8,0.21
X-4668,PRY,9081.0,Del0.8,0.21
X-4668,PRY2,442862.0,Del0.8,0.21
X-4668,PRY2,442862.0,Del0.8,0.21
X-4668,PTDSS2,81490.0,MutNovel,"H344R,0.982"
X-4668,PTEN,5728.0,MutNovel,"P38R,1.000"
X-4668,PTK2,5747.0,MutNovel,"E445Q,0.408"
X-4668,PTPN20A,653129.0,Del0.8,0.69
X-4668,PTPN20B,26095.0,Del0.8,0.69
X-4668,RAB18,22931.0,MutNovel,"T124I,1.000"
X-4668,RABEP1,9135.0,MutKnownFunctional,"E225*,0.274"
X-4668,RAI1,10743.0,MutNovel,"R1803H,0.544"
X-4668,RALB,5899.0,MutNovel,"S11F,0.551"
X-4668,RALY,22913.0,MutNovel,"V48VA,0.425"
X-4668,RANBP2,5903.0,MutNovel,"S1647C,0.508"
X-4668,RAP1GAP2,23108.0,MutNovel,"G213R,0.423"
X-4668,RB1,5925.0,MutNovel,"S499N,0.442"
X-4668,RBM6,10180.0,MutNovel,"S1025T,0.511"
X-4668,RBMY1A3P,286557.0,Del0.8,0.22
X-4668,RBMY1B,378948.0,Del0.8,0.21
X-4668,RBMY1B,378948.0,Del0.8,0.21
X-4668,RBMY1E,378950.0,Del0.8,0.21
X-4668,RBMY1E,378950.0,Del0.8,0.21
X-4668,RBMY1F,159163.0,Del0.8,0.21
X-4668,RBMY1F,159163.0,Del0.8,0.21
X-4668,RBMY1J,378951.0,Del0.8,0.21
X-4668,RBMY1J,378951.0,Del0.8,0.21
X-4668,RBMY2EP,159125.0,Del0.8,0.21
X-4668,RBMY2FP,159162.0,Del0.8,0.21
X-4668,RBMY3AP,64593.0,Del0.8,0.21
X-4668,RELN,5649.0,MutNovel,"E491K,0.621"
X-4668,RGS12,6002.0,MutNovel,"P598L,0.826"
X-4668,RIN3,79890.0,MutNovel,"G967-,0.548"
X-4668,RIN3,79890.0,MutNovel,"E981K,0.711"
X-4668,RPS4Y1,6192.0,Del0.8,0.29
X-4668,RPS4Y2,140032.0,Del0.8,0.21
X-4668,RUFY1,80230.0,MutNovel,"R71L,0.438"
X-4668,RUFY1,80230.0,MutNovel,"F173L,0.417"
X-4668,RWDD4,201965.0,Del0.8,0.58
X-4668,SELENBP1,8991.0,MutKnownFunctional,"Y234*,0.614"
X-4668,SEMA4B,10509.0,MutNovel,"S412F,0.480"
X-4668,SERINC2,347735.0,MutNovel,"-373Q,0.333"
X-4668,SERPINF2,5345.0,MutNovel,"N316S,0.250"
X-4668,SFI1,9814.0,MutNovel,"R238C,0.603"
X-4668,SIRPB1,10326.0,MutNovel,"A200V,1.000"
X-4668,SIRPG,55423.0,MutNovel,"M34V,1.000"
X-4668,SLC25A4,291.0,Del0.8,0.58
X-4668,SLC7A2,6542.0,MutNovel,"L386F,0.629"
X-4668,SLED1,643036.0,Del0.8,0.58
X-4668,SNX25,83891.0,Del0.8,0.5
X-4668,SORBS2,8470.0,Del0.8,0.63
X-4668,SPATA2,9825.0,MutNovel,"S78I,0.424"
X-4668,SRY,6736.0,Del0.8,0.29
X-4668,STOX2,56977.0,Del0.8,0.58
X-4668,SZT2,23334.0,MutNovel,"P808L,0.414"
X-4668,TAP1,6890.0,MutNovel,"T285I,0.584"
X-4668,TBC1D3H,729877.0,MutNovel,"P406L,0.600"
X-4668,TBC1D3H,729877.0,MutNovel,"Q354K,0.667"
X-4668,TBL1Y,90665.0,Del0.8,0.29
X-4668,TGIF2LY,90655.0,Del0.8,0.29
X-4668,TLCD2,727910.0,MutNovel,"Q65E,0.333"
X-4668,TLR3,7098.0,Del0.8,0.63
X-4668,TMEM232,642987.0,MutNovel,"G110E,1.000"
X-4668,TMSB4Y,9087.0,Del0.8,0.21
X-4668,TNFAIP6,7130.0,MutKnownFunctional,"-278,0.350"
X-4668,TRA2B,6434.0,MutNovel,"R12P,0.230"
X-4668,TRAPPC11,60684.0,Del0.8,0.58
X-4668,TRIML1,339976.0,Del0.8,0.63
X-4668,TRIML2,205860.0,Del0.8,0.63
X-4668,TSPY1,7258.0,Del0.8,0.22
X-4668,TSPY2,64591.0,Del0.8,0.29
X-4668,TSPY3,728137.0,Del0.8,0.22
X-4668,TSPY4,728395.0,Del0.8,0.22
X-4668,TSPY8,728403.0,Del0.8,0.22
X-4668,TSPYL1,7259.0,MutNovel,"V176VW,0.895"
X-4668,TTC13,79573.0,MutNovel,"Q65R,0.667"
X-4668,TTLL11,158135.0,MutNovel,"E121K,0.300"
X-4668,TTLL5,23093.0,MutNovel,"R62C,0.303"
X-4668,TTTY10,246119.0,Del0.8,0.21
X-4668,TTTY11,83866.0,Del0.8,0.22
X-4668,TTTY12,83867.0,Del0.8,0.22
X-4668,TTTY13,83868.0,Del0.8,0.21
X-4668,TTTY14,83869.0,Del0.8,0.21
X-4668,TTTY15,64595.0,Del0.8,0.21
X-4668,TTTY16,252948.0,Del0.8,0.22
X-4668,TTTY17A,252949.0,Del0.8,0.12
X-4668,TTTY17A,252949.0,Del0.8,0.16
X-4668,TTTY18,252950.0,Del0.8,0.22
X-4668,TTTY19,252952.0,Del0.8,0.22
X-4668,TTTY1B,100101116.0,Del0.8,0.29
X-4668,TTTY1B,100101116.0,Del0.8,0.21
X-4668,TTTY2,60439.0,Del0.8,0.21
X-4668,TTTY2,60439.0,Del0.8,0.29
X-4668,TTTY20,252951.0,Del0.8,0.22
X-4668,TTTY21,252953.0,Del0.8,0.21
X-4668,TTTY21,252953.0,Del0.8,0.29
X-4668,TTTY22,252954.0,Del0.8,0.21
X-4668,TTTY23,252955.0,Del0.8,0.21
X-4668,TTTY23,252955.0,Del0.8,0.29
X-4668,TTTY3,114760.0,Del0.8,0.21
X-4668,TTTY3,114760.0,Del0.8,0.16
X-4668,TTTY4,114761.0,Del0.8,0.12
X-4668,TTTY4,114761.0,Del0.8,0.07
X-4668,TTTY5,83863.0,Del0.8,0.21
X-4668,TTTY6,84672.0,Del0.8,0.21
X-4668,TTTY6,84672.0,Del0.8,0.21
X-4668,TTTY7,246122.0,Del0.8,0.21
X-4668,TTTY7,246122.0,Del0.8,0.29
X-4668,TTTY7B,100101120.0,Del0.8,0.21
X-4668,TTTY7B,100101120.0,Del0.8,0.29
X-4668,TTTY8,84673.0,Del0.8,0.29
X-4668,TTTY8,84673.0,Del0.8,0.21
X-4668,TTTY9A,83864.0,Del0.8,0.21
X-4668,TTTY9A,83864.0,Del0.8,0.21
X-4668,TUSC1,286319.0,MutNovel,"S42G,1.000"
X-4668,TXLNG2P,246126.0,Del0.8,0.21
X-4668,UFSP2,55325.0,Del0.8,0.63
X-4668,UGT2B17,7367.0,Del0.8,0.73
X-4668,USH2A,7399.0,MutNovel,"R3119C,1.000"
X-4668,USP36,57602.0,MutNovel,"KKK958K,0.426"
X-4668,USP7,7874.0,MutNovel,"P20L,0.562"
X-4668,USP9Y,8287.0,Del0.8,0.21
X-4668,UTY,7404.0,Del0.8,0.21
X-4668,VCY,9084.0,Del0.8,0.21
X-4668,VCY,9084.0,Del0.8,0.21
X-4668,VSIG10L,147645.0,MutNovel,"R615P,0.757"
X-4668,WASH1,100287171.0,MutNovel,"A344T,0.467"
X-4668,WISP3,8838.0,MutNovel,"A33T,0.288"
X-4668,WWC2,80014.0,Del0.8,0.58
X-4668,WWP1,11059.0,MutNovel,"D239N,0.471"
X-4668,XKRY2,353515.0,Del0.8,0.21
X-4668,XKRY2,353515.0,Del0.8,0.21
X-4668,XPO4,64328.0,MutNovel,"S158F,0.312"
X-4668,ZDHHC11,79844.0,MutNovel,"A303D,0.227"
X-4668,ZDHHC11B,,MutNovel,"R303G,0.300"
X-4668,ZFC3H1,196441.0,MutNovel,"R937C,0.241"
X-4668,ZFHX4,79776.0,MutNovel,"S2830F,0.550"
X-4668,ZFP42,132625.0,Del0.8,0.63
X-4668,ZFY,7544.0,Del0.8,0.29
X-4668,ZNF187,7741.0,MutNovel,"K92E,0.553"
X-4668,ZNF219,51222.0,MutNovel,"QPP233P,0.356"
X-4668,ZNF346,23567.0,MutNovel,"T157I,0.523"
X-4668,ZNF732,654254.0,MutNovel,"G187R,1.000"
X-4668,ZNF77,58492.0,MutNovel,"P435S,0.514"
X-4668,ZNF888,,MutNovel,"E603D,0.600"
X-4797,AANAT,15.0,Amp5,5.17
X-4797,AARD,,MutNovel,"Q92H,0.607"
X-4797,AATK,9625.0,MutNovel,"P1331PRP,0.600"
X-4797,ABCA10,10349.0,Amp5,5.17
X-4797,ABCA5,23461.0,Amp5,5.17
X-4797,ABCA6,23460.0,Amp5,5.17
X-4797,ABCA8,10351.0,Amp5,5.17
X-4797,ABCA9,10350.0,Amp5,5.17
X-4797,ABCE1,6059.0,Amp5,5.5
X-4797,ABRA,137735.0,Amp5,5.13
X-4797,ACBD7,414149.0,Amp5,5.5
X-4797,ACE,1636.0,Amp5,5.17
X-4797,ACOX1,51.0,Amp5,5.17
X-4797,ADCK5,203054.0,Amp5,5.1
X-4797,ADSS,159.0,Amp5,5.31
X-4797,AGAP7,653268.0,MutNovel,"V13I,1.000"
X-4797,AHCTF1,25909.0,Amp5,5.31
X-4797,AHNAK2,113146.0,MutNovel,"E1856V,0.266"
X-4797,AHRR,57491.0,Amp5,5.39
X-4797,AKAP1,8165.0,Amp5,5.17
X-4797,AKT3,10000.0,Amp5,5.31
X-4797,ALDH9A1,223.0,Amp5,6.92
X-4797,AMELY,266.0,Del0.8,0.59
X-4797,AMZ2,51321.0,Amp5,5.17
X-4797,AMZ2P1,201283.0,Amp5,5.17
X-4797,ANAPC10,10393.0,Amp5,5.5
X-4797,ANGPT1,284.0,Amp5,5.13
X-4797,ANKFN1,162282.0,Amp5,5.17
X-4797,ANKRD12,23253.0,MutNovel,"M58I,0.559"
X-4797,ANKRD36,375248.0,MutNovel,"T998S,0.217"
X-4797,ANKRD36,375248.0,MutNovel,"D1014Y,0.250"
X-4797,ANKS6,203286.0,MutNovel,"A77S,0.667"
X-4797,ANXA8L1,728113.0,MutNovel,"G177A,1.000"
X-4797,APBB1,322.0,MutNovel,"Q529K,0.645"
X-4797,APOH,350.0,Amp5,5.17
X-4797,APPBP2,10513.0,Amp5,5.17
X-4797,ARC,23237.0,Amp5,5.1
X-4797,ARFIP2,23647.0,MutNovel,"P26S,1.000"
X-4797,ARHGAP39,80728.0,Amp5,5.1
X-4797,ARL5B,221079.0,Amp5,5.5
X-4797,ARMC7,79637.0,Amp5,5.17
X-4797,ARSG,22901.0,Amp5,5.17
X-4797,AS3MT,57412.0,MutNovel,"A210T,1.000"
X-4797,ASH1L,55870.0,MutNovel,"V469A,0.803"
X-4797,ATAD2B,54454.0,MutNovel,"R559K,0.800"
X-4797,ATG2B,55102.0,MutNovel,"A1746G,0.229"
X-4797,ATP5H,10476.0,Amp5,5.17
X-4797,ATP6V1H,51606.0,MutNovel,"G343R,0.254"
X-4797,AXIN2,8313.0,Amp5,5.17
X-4797,BAI1,575.0,Amp5,5.1
X-4797,BAZ1B,9031.0,MutNovel,"EEEEEED1268D,0.362"
X-4797,BCAS3,54828.0,Amp5,5.17
X-4797,BCORP1,286554.0,Del0.8,0.57
X-4797,BEND7,222389.0,Amp5,5.5
X-4797,BOP1,23246.0,MutNovel,"K339R,1.000"
X-4797,BOP1,23246.0,Amp5,5.1
X-4797,BPTF,2186.0,Amp5,5.17
X-4797,BPY2B,442867.0,Del0.8,0.33
X-4797,BPY2B,442867.0,Del0.8,0.33
X-4797,BRD9,65980.0,Amp5,5.39
X-4797,BREA2,286076.0,Amp5,5.1
X-4797,BRIP1,83990.0,Amp5,5.17
X-4797,BTBD17,388419.0,Amp5,5.17
X-4797,BTN3A2,11118.0,MutNovel,"P4L,0.500"
X-4797,BTN3A2,11118.0,MutNovel,"A6T,0.600"
X-4797,BZRAP1,9256.0,Amp5,5.17
X-4797,C10orf111,221060.0,Amp5,5.5
X-4797,C10orf47,254427.0,Amp5,5.46
X-4797,C12orf32,83695.0,MutNovel,"L16V,0.287"
X-4797,C15orf55,256646.0,MutNovel,"G763S,1.000"
X-4797,C17orf109,643008.0,Amp5,5.17
X-4797,C17orf110,100130933.0,Amp5,5.17
X-4797,C17orf28,283987.0,Amp5,5.17
X-4797,C17orf47,284083.0,Amp5,5.17
X-4797,C17orf58,284018.0,Amp5,5.17
X-4797,C17orf64,124773.0,Amp5,5.17
X-4797,C17orf67,339210.0,Amp5,5.17
X-4797,C17orf72,92340.0,Amp5,5.17
X-4797,C17orf77,146723.0,Amp5,5.17
X-4797,C17orf80,55028.0,Amp5,5.17
X-4797,C17orf82,388407.0,Amp5,5.17
X-4797,C1QL3,389941.0,Amp5,5.5
X-4797,C1orf100,200159.0,Amp5,5.31
X-4797,C1orf101,257044.0,Amp5,5.31
X-4797,C1orf150,148823.0,Amp5,5.31
X-4797,C1orf229,388759.0,Amp5,5.31
X-4797,C5orf38,153571.0,Amp5,5.39
X-4797,C5orf55,116349.0,Amp5,5.39
X-4797,C8orf31,286122.0,Amp5,5.1
X-4797,C8orf33,65265.0,Amp5,5.1
X-4797,C8orf73,642475.0,Amp5,5.1
X-4797,C8orf82,414919.0,Amp5,5.1
X-4797,CA4,762.0,Amp5,5.17
X-4797,CACNB2,783.0,Amp5,5.5
X-4797,CACNG1,786.0,Amp5,5.17
X-4797,CACNG4,27092.0,Amp5,5.17
X-4797,CACNG5,27091.0,Amp5,5.17
X-4797,CAMK1D,57118.0,Amp5,5.46
X-4797,CASKIN2,57513.0,Amp5,5.17
X-4797,CBWD6,644019.0,MutKnownFunctional,"-259?,0.266"
X-4797,CCDC127,133957.0,Amp5,5.39
X-4797,CCDC166,100130274.0,Amp5,5.1
X-4797,CCDC3,83643.0,Amp5,5.46
X-4797,CCDC47,57003.0,Amp5,5.17
X-4797,CD300A,11314.0,Amp5,5.17
X-4797,CD300C,10871.0,Amp5,5.17
X-4797,CD300E,342510.0,Amp5,5.17
X-4797,CD300LB,124599.0,Amp5,5.17
X-4797,CD300LD,100131439.0,Amp5,5.17
X-4797,CD300LF,146722.0,Amp5,5.17
X-4797,CD79B,974.0,Amp5,5.17
X-4797,CDC123,8872.0,Amp5,5.46
X-4797,CDC42EP1,11135.0,MutNovel,"PAPAANPS253P,0.886"
X-4797,CDC42EP4,23580.0,Amp5,5.17
X-4797,CDHR2,54825.0,Amp5,5.74
X-4797,CDK3,1018.0,Amp5,5.17
X-4797,CDNF,441549.0,Amp5,5.5
X-4797,CDR2L,30850.0,Amp5,5.17
X-4797,CDY1B,253175.0,Del0.8,0.33
X-4797,CDY1B,253175.0,Del0.8,0.33
X-4797,CDY2A,9426.0,Del0.8,0.33
X-4797,CDY2A,9426.0,Del0.8,0.33
X-4797,CDY2B,203611.0,Del0.8,0.33
X-4797,CDY2B,203611.0,Del0.8,0.33
X-4797,CEP112,201134.0,Amp5,5.17
X-4797,CEP170,9859.0,Amp5,5.31
X-4797,CEP72,55722.0,Amp5,5.39
X-4797,CEP95,90799.0,Amp5,5.17
X-4797,CHD3,1107.0,MutNovel,"-81P,0.786"
X-4797,CHML,1122.0,Amp5,5.31
X-4797,CHPF,79586.0,MutNovel,"R328C,0.446"
X-4797,CHRAC1,54108.0,Amp5,5.1
X-4797,CHRM3,1131.0,Amp5,5.31
X-4797,CHRNB1,1140.0,MutNovel,"K353N,1.000"
X-4797,CHST15,51363.0,MutNovel,"M491T,0.683"
X-4797,CLEC18B,497190.0,Amp5,5.43
X-4797,CLIP3,25999.0,MutNovel,"R390C,0.398"
X-4797,CLK1,1195.0,MutNovel,"W12R,0.556"
X-4797,CLPTM1L,81037.0,Amp5,5.39
X-4797,CLTB,1212.0,Amp8,8.06
X-4797,CLTC,1213.0,Amp5,5.17
X-4797,CNST,163882.0,Amp5,5.31
X-4797,CNTNAP3,79937.0,MutNovel,"A660S,0.810"
X-4797,COG1,9382.0,Amp5,5.17
X-4797,COIL,8161.0,Amp5,5.17
X-4797,COL6A2,1292.0,MutNovel,"R930H,0.509"
X-4797,COLEC10,10584.0,Amp5,5.39
X-4797,COMMD5,28991.0,Amp5,5.1
X-4797,COX11,1353.0,Amp5,5.17
X-4797,COX18,285521.0,MutNovel,"N293I,0.333"
X-4797,CPSF1,29894.0,Amp5,5.1
X-4797,CPSF4L,642843.0,Amp5,5.17
X-4797,CSH1,1442.0,Amp5,5.17
X-4797,CSH2,1443.0,Amp5,5.17
X-4797,CSHL1,1444.0,Amp5,5.17
X-4797,CSMD3,114788.0,Amp5,5.28
X-4797,CSPG4P1Y,114758.0,Del0.8,0.33
X-4797,CSPG4P1Y,114758.0,Del0.8,0.33
X-4797,CTU1,90353.0,MutNovel,"V53A,1.000"
X-4797,CUBN,8029.0,Amp5,5.5
X-4797,CUEDC1,404093.0,Amp5,5.17
X-4797,CXorf40A,91966.0,MutNovel,"P153H,1.000"
X-4797,CXorf40B,541578.0,MutNovel,"P153H,0.257"
X-4797,CYB561,1534.0,Amp5,5.17
X-4797,CYC1,1537.0,Amp5,5.1
X-4797,CYGB,114757.0,Amp5,5.17
X-4797,CYHR1,50626.0,Amp5,5.1
X-4797,CYP11B1,1584.0,Amp5,5.1
X-4797,CYP11B2,1585.0,Amp5,5.1
X-4797,DAZ1,1617.0,Del0.8,0.33
X-4797,DAZ2,57055.0,Del0.8,0.33
X-4797,DAZ3,57054.0,Del0.8,0.33
X-4797,DAZ3,57054.0,Del0.8,0.33
X-4797,DAZ4,57135.0,Del0.8,0.33
X-4797,DAZ4,57135.0,Del0.8,0.33
X-4797,DBN1,1627.0,Amp5,5.74
X-4797,DCAF7,10238.0,Amp5,5.17
X-4797,DCLRE1C,64421.0,Amp5,5.5
X-4797,DDB2,1643.0,MutNovel,"R46-,0.857"
X-4797,DDX3Y,8653.0,Del0.8,0.59
X-4797,DDX41,51428.0,Amp5,5.74
X-4797,DDX42,11325.0,Amp5,5.17
X-4797,DDX5,1655.0,Amp5,5.17
X-4797,DENND3,22898.0,Amp5,5.1
X-4797,DEPTOR,64798.0,MutKnownFunctional,"-40?,0.250"
X-4797,DEPTOR,64798.0,Amp5,5.39
X-4797,DGAT1,8694.0,Amp5,5.1
X-4797,DGKE,8526.0,Amp5,5.17
X-4797,DHRS2,10202.0,MutNovel,"K106T,0.750"
X-4797,DHTKD1,55526.0,Amp5,5.46
X-4797,DHX40,79665.0,Amp5,5.17
X-4797,DHX57,90957.0,MutNovel,"S1090T,0.300"
X-4797,DNAH17,8632.0,MutNovel,"R1604C,1.000"
X-4797,DNAI2,64446.0,Amp5,5.17
X-4797,DOK3,79930.0,Amp5,5.74
X-4797,DSCC1,79075.0,Amp5,5.39
X-4797,DST,667.0,MutNovel,"T3890N,0.401"
X-4797,DYNC1H1,1778.0,MutNovel,"E2782D,0.659"
X-4797,DYNLL2,140735.0,Amp5,5.17
X-4797,EBAG9,9166.0,Amp5,5.13
X-4797,ECHDC3,79746.0,Amp5,5.46
X-4797,EEF1D,1936.0,Amp5,5.1
X-4797,EFCAB2,84288.0,Amp5,5.31
X-4797,EFCAB3,146779.0,Amp5,5.17
X-4797,EFNA4,1945.0,MutNovel,"R192T,0.246"
X-4797,EIF1AY,9086.0,Del0.8,0.57
X-4797,EIF2C2,27161.0,Amp5,5.1
X-4797,EIF3E,3646.0,Amp5,5.13
X-4797,EIF3H,8667.0,Amp5,5.39
X-4797,EIF4E1B,253314.0,Amp5,5.74
X-4797,ENAH,55740.0,MutNovel,"P310S,0.626"
X-4797,ENPP2,5168.0,Amp5,5.39
X-4797,ENTPD6,955.0,MutNovel,"G4D,1.000"
X-4797,ENY2,56943.0,Amp5,5.13
X-4797,EPPK1,83481.0,Amp5,5.1
X-4797,EPX,8288.0,Amp5,5.17
X-4797,ERN1,2081.0,Amp5,5.17
X-4797,EVC2,132884.0,MutKnownFunctional,"-49,1.000"
X-4797,EVPL,2125.0,Amp5,5.17
X-4797,EXO1,9156.0,Amp5,5.31
X-4797,EXOC3,11336.0,Amp5,5.39
X-4797,EXOC7,23265.0,Amp5,5.17
X-4797,EXOSC4,54512.0,Amp5,5.1
X-4797,EXT1,2131.0,Amp5,5.39
X-4797,F12,2161.0,Amp5,5.74
X-4797,FADS6,283985.0,Amp5,5.17
X-4797,FAF2,23197.0,Amp8,8.06
X-4797,FAM100B,283991.0,Amp5,5.17
X-4797,FAM104A,84923.0,Amp5,5.17
X-4797,FAM106A,80039.0,Del0.8,0.59
X-4797,FAM107B,83641.0,Amp5,5.5
X-4797,FAM171A1,221061.0,Amp5,5.5
X-4797,FAM171B,165215.0,MutNovel,"-50Q,0.667"
X-4797,FAM188A,80013.0,Amp5,5.5
X-4797,FAM193B,54540.0,Amp5,5.74
X-4797,FAM197Y2P,252946.0,Del0.8,0.59
X-4797,FAM203A,51236.0,Amp5,5.1
X-4797,FAM20A,54757.0,Amp5,5.17
X-4797,FAM21A,387680.0,MutNovel,"R78G,0.652"
X-4797,FAM41AY1,340618.0,Del0.8,0.33
X-4797,FAM41AY1,340618.0,Del0.8,0.33
X-4797,FAM45A,,MutNovel,"A103P,0.627"
X-4797,FAM50A,9130.0,MutNovel,"H211N,0.997"
X-4797,FAM78B,149297.0,Amp5,6.92
X-4797,FAM83H,286077.0,Amp5,5.1
X-4797,FAM86B1,85002.0,MutNovel,"R236W,0.364"
X-4797,FARS2,10667.0,MutNovel,"Q438E,0.994"
X-4797,FARSB,10056.0,MutNovel,"I237M,0.426"
X-4797,FASTK,10922.0,MutNovel,"A499T,0.733"
X-4797,FBF1,85302.0,Amp5,5.17
X-4797,FBRSL1,57666.0,MutNovel,"GLGRER882G,0.691"
X-4797,FBXL6,26233.0,Amp5,5.1
X-4797,FDXR,2232.0,Amp5,5.17
X-4797,FGFR4,2264.0,Amp5,5.74
X-4797,FH,2271.0,Amp5,5.31
X-4797,FLJ35776,649446.0,Amp5,5.66
X-4797,FLJ43860,389690.0,Amp5,5.1
X-4797,FMN2,56776.0,Amp5,5.31
X-4797,FMNL1,752.0,MutNovel,"-603P,0.696"
X-4797,FOXH1,8928.0,Amp5,5.1
X-4797,FOXJ1,2302.0,Amp5,5.17
X-4797,FRMD4A,55691.0,Amp5,5.5
X-4797,FRY,10129.0,MutNovel,"S2907T,0.357"
X-4797,FTSJ3,117246.0,Amp5,5.17
X-4797,G2E3,55632.0,MutNovel,"I154V,1.000"
X-4797,GALK1,2584.0,Amp5,5.17
X-4797,GALR2,8811.0,MutNovel,"A178T,1.000"
X-4797,GALR2,8811.0,Amp5,5.17
X-4797,GBF1,8729.0,MutNovel,"R381Q,1.000"
X-4797,GDPD1,284161.0,Amp5,5.17
X-4797,GGA3,23163.0,Amp5,5.17
X-4797,GH1,2688.0,Amp5,5.17
X-4797,GH2,2689.0,Amp5,5.17
X-4797,GIGYF2,26058.0,MutNovel,"PQ1231P,0.406"
X-4797,GLI4,2738.0,Amp5,5.1
X-4797,GMIP,51291.0,MutNovel,"R874Q,0.484"
X-4797,GML,2765.0,Amp5,5.1
X-4797,GNA13,10672.0,Amp5,5.17
X-4797,GNPDA2,132789.0,MutNovel,"R23H,0.273"
X-4797,GOLGA2P2Y,84559.0,Del0.8,0.33
X-4797,GOLGA2P2Y,84559.0,Del0.8,0.33
X-4797,GOLGA8H,,MutNovel,"S182R,0.600"
X-4797,GOLGA8J,,MutNovel,"S524P,1.000"
X-4797,GPAA1,8733.0,Amp5,5.1
X-4797,GPIHBP1,338328.0,Amp5,5.1
X-4797,GPR142,350383.0,Amp5,5.17
X-4797,GPR20,2843.0,Amp5,5.1
X-4797,GPRC5C,55890.0,Amp5,5.17
X-4797,GPRIN1,114787.0,Amp5,5.74
X-4797,GPT,2875.0,Amp5,5.1
X-4797,GRB2,2885.0,Amp5,5.17
X-4797,GREM2,64388.0,Amp5,5.31
X-4797,GRIN2C,2905.0,Amp5,5.17
X-4797,GRINA,2907.0,Amp5,5.1
X-4797,GRK6,2870.0,Amp5,5.74
X-4797,GSDMD,79792.0,Amp5,5.1
X-4797,GSTT1,2952.0,Amp5,5.39
X-4797,GSTTP2,653399.0,Amp5,5.39
X-4797,GYG2P1,352887.0,Del0.8,0.59
X-4797,H3F3B,3021.0,Amp5,5.17
X-4797,HAUS7,55559.0,MutNovel,"A131S,0.997"
X-4797,HDAC8,55869.0,MutNovel,"H90Y,0.218"
X-4797,HEATR6,63897.0,Amp5,5.17
X-4797,HEATR7A,727957.0,Amp5,5.1
X-4797,HECTD1,25831.0,MutNovel,"A1251G,0.496"
X-4797,HELZ,9931.0,Amp5,5.17
X-4797,HEPHL1,341208.0,MutNovel,"A530G,1.000"
X-4797,HK3,3101.0,Amp5,5.74
X-4797,HLA-DRB1,3123.0,Amp5,5.94
X-4797,HLA-DRB5,3127.0,Amp5,5.94
X-4797,HLA-DRB6,3128.0,Amp5,5.94
X-4797,HLF,3131.0,Amp5,5.17
X-4797,HN1,51155.0,Amp5,5.17
X-4797,HNRNPU,3192.0,Amp5,5.31
X-4797,HNRNPU-AS1,284702.0,Amp5,5.31
X-4797,HSF1,3297.0,Amp5,5.1
X-4797,HSF5,124535.0,Amp5,5.17
X-4797,HSFY2,159119.0,Del0.8,0.33
X-4797,HSFY2,159119.0,Del0.8,0.33
X-4797,HSPA14,51182.0,Amp5,5.5
X-4797,ICAM2,3384.0,Amp5,5.17
X-4797,ICT1,3396.0,Amp5,5.17
X-4797,INTS2,57508.0,Amp5,5.17
X-4797,INVS,27130.0,MutNovel,"R576Q,0.833"
X-4797,IRX1,79192.0,Amp5,5.39
X-4797,IRX2,153572.0,MutNovel,"E334G,0.212"
X-4797,IRX2,153572.0,Amp5,5.39
X-4797,IRX4,50805.0,MutNovel,"EG228G,0.812"
X-4797,IRX4,50805.0,Amp5,5.39
X-4797,ITGA8,8516.0,Amp5,5.5
X-4797,ITGB4,3691.0,Amp5,5.17
X-4797,JMJD6,23210.0,Amp5,5.17
X-4797,JRK,8629.0,Amp5,5.1
X-4797,KCNH6,81033.0,Amp5,5.17
X-4797,KCNJ16,3773.0,Amp5,5.17
X-4797,KCNJ2,3759.0,Amp5,5.17
X-4797,KCNV1,27012.0,Amp5,5.13
X-4797,KCTD13,253980.0,MutNovel,"P151R,0.498"
X-4797,KCTD2,23510.0,Amp5,5.17
X-4797,KDM3B,51780.0,MutNovel,"A5T,1.000"
X-4797,KDM5D,8284.0,Del0.8,0.57
X-4797,KIAA0195,9772.0,Amp5,5.17
X-4797,KIAA0922,23240.0,MutNovel,"G738V,0.525"
X-4797,KIAA1875,340390.0,Amp5,5.1
X-4797,KIF19,124602.0,Amp5,5.17
X-4797,KIF20B,9585.0,MutNovel,"NLT886N,0.955"
X-4797,KIF20B,9585.0,MutNovel,"L1062LKV,0.949"
X-4797,KIF26B,55083.0,Amp5,5.31
X-4797,KIF27,55582.0,MutNovel,"Q634K,0.667"
X-4797,KIFC2,90990.0,Amp5,5.1
X-4797,KMO,8564.0,Amp5,5.31
X-4797,KPNA2,3838.0,Amp5,5.17
X-4797,KRT6C,286887.0,MutNovel,"A87G,0.727"
X-4797,LCE1D,353134.0,Amp5,5.46
X-4797,LGALS9C,654346.0,Del0.8,0.59
X-4797,LGR4,55366.0,MutNovel,"D38E,1.000"
X-4797,LIMD2,80774.0,Amp5,5.17
X-4797,LINC00051,619434.0,Amp5,5.1
X-4797,LINC00469,283982.0,Amp5,5.17
X-4797,LINC00511,400619.0,Amp5,5.17
X-4797,LIX1L,128077.0,MutNovel,"R22Q,0.592"
X-4797,LLGL2,3993.0,Amp5,5.17
X-4797,LMAN2,10960.0,Amp5,5.74
X-4797,LMX1A,4009.0,Amp5,6.92
X-4797,LOC100128098,100128098.0,Amp5,5.5
X-4797,LOC100128338,100128338.0,Amp5,5.1
X-4797,LOC100129213,100129213.0,Amp5,5.5
X-4797,LOC100130331,100130331.0,Amp5,5.31
X-4797,LOC100132287,100132287.0,Amp5,6.41
X-4797,LOC100133331,100133331.0,Amp5,6.41
X-4797,LOC100133669,100133669.0,Amp5,5.1
X-4797,LOC100192204,100192204.0,Amp5,5.5
X-4797,LOC100287042,100287042.0,Amp5,5.17
X-4797,LOC100288181,100288181.0,Amp5,5.1
X-4797,LOC100499466,100499466.0,Amp5,5.17
X-4797,LOC100499467,100499467.0,Amp5,5.17
X-4797,LOC100505795,100505795.0,Amp5,6.92
X-4797,LOC100506688,100506688.0,Amp5,5.39
X-4797,LOC100507246,100507246.0,Amp5,5.17
X-4797,LOC146880,146880.0,Amp5,5.17
X-4797,LOC148824,148824.0,Amp5,5.31
X-4797,LOC149134,149134.0,Amp5,5.31
X-4797,LOC219731,219731.0,Amp5,5.46
X-4797,LOC255654,255654.0,Amp5,5.31
X-4797,LOC283070,283070.0,Amp5,5.46
X-4797,LOC285577,285577.0,Amp5,5.39
X-4797,LOC339529,339529.0,Amp5,5.31
X-4797,LOC339535,339535.0,Amp5,5.31
X-4797,LOC340094,340094.0,Amp5,5.39
X-4797,LOC391322,391322.0,Amp5,5.39
X-4797,LOC400620,400620.0,Amp5,5.17
X-4797,LOC400794,400794.0,Amp5,6.92
X-4797,LOC440461,440461.0,Amp5,5.17
X-4797,LOC440700,440700.0,Amp5,6.92
X-4797,LOC645166,645166.0,Amp5,5.17
X-4797,LOC645638,645638.0,Amp5,5.17
X-4797,LOC646021,,MutNovel,"H174Y,1.000"
X-4797,LOC653075,653075.0,Amp5,5.21
X-4797,LOC653653,653653.0,Amp5,5.17
X-4797,LOC728613,728613.0,Amp5,5.39
X-4797,LOC728715,,MutNovel,"Y76C,0.929"
X-4797,LOC728715,,MutNovel,"A70G,0.821"
X-4797,LOC728728,,MutNovel,"P4H,1.000"
X-4797,LOC728728,,MutNovel,"T21I,1.000"
X-4797,LOC729737,729737.0,Amp5,6.41
X-4797,LOC731275,731275.0,Amp5,5.31
X-4797,LOC731779,731779.0,Amp5,5.1
X-4797,LPCAT1,79888.0,Amp5,5.39
X-4797,LPO,4025.0,Amp5,5.17
X-4797,LRP5,4041.0,MutNovel,"S930A,0.482"
X-4797,LRRC14,9684.0,Amp5,5.1
X-4797,LRRC14B,389257.0,Amp5,5.39
X-4797,LRRC16A,55604.0,MutNovel,"P990S,0.966"
X-4797,LRRC24,441381.0,Amp5,5.1
X-4797,LRRC37A3,374819.0,Amp5,5.17
X-4797,LRRC52,440699.0,Amp5,6.92
X-4797,LRRC69,100130742.0,MutNovel,"V322M,0.556"
X-4797,LSR,51599.0,MutNovel,"G518GR,0.377"
X-4797,LY6D,8581.0,Amp5,5.1
X-4797,LY6E,4061.0,Amp5,5.1
X-4797,LY6H,4062.0,Amp5,5.1
X-4797,LY6K,54742.0,Amp5,5.1
X-4797,LYNX1,66004.0,Amp5,5.1
X-4797,LYPD2,137797.0,Amp5,5.1
X-4797,MAF1,84232.0,Amp5,5.1
X-4797,MAFA,389692.0,Amp5,5.1
X-4797,MAGED2,10916.0,MutNovel,"A485S,1.000"
X-4797,MAL2,114569.0,Amp5,5.39
X-4797,MAP1LC3C,440738.0,Amp5,5.31
X-4797,MAP2K6,5608.0,Amp5,5.17
X-4797,MAP3K1,4214.0,MutNovel,"ST941S,0.611"
X-4797,MAP3K3,4215.0,Amp5,5.17
X-4797,MAPK15,225689.0,Amp5,5.1
X-4797,2014-03-10 00:00:00,162333.0,Amp5,5.17
X-4797,MCM10,55388.0,Amp5,5.5
X-4797,MED13,9969.0,Amp5,5.17
X-4797,MED24,9862.0,MutNovel,"R354C,0.990"
X-4797,MED30,90390.0,Amp5,5.39
X-4797,MEF2A,4205.0,MutNovel,"QQ412-,0.281"
X-4797,MEIG1,644890.0,Amp5,5.5
X-4797,METTL23,124512.0,Amp5,5.17
X-4797,METTL2A,339175.0,Amp5,5.17
X-4797,MFSD11,79157.0,Amp5,5.17
X-4797,MFSD3,113655.0,Amp5,5.1
X-4797,MFSD9,84804.0,MutKnownFunctional,"-149,0.312"
X-4797,MGC16275,85001.0,Amp5,5.17
X-4797,MGST3,4259.0,Amp5,6.92
X-4797,MIF4GD,57409.0,Amp5,5.17
X-4797,MILR1,284021.0,Amp5,5.17
X-4797,MIR1234,100302196.0,Amp5,5.1
X-4797,MIR1265,100302116.0,Amp5,5.5
X-4797,MIR142,406934.0,Amp5,5.17
X-4797,MIR2053,100302225.0,Amp5,5.28
X-4797,MIR21,406991.0,Amp5,5.17
X-4797,MIR301A,407027.0,Amp5,5.17
X-4797,MIR3064,100616387.0,Amp5,5.17
X-4797,MIR3123,100422856.0,Amp5,5.31
X-4797,MIR3610,100500914.0,Amp5,5.39
X-4797,MIR3614,100500827.0,Amp5,5.17
X-4797,MIR3615,100500847.0,Amp5,5.17
X-4797,MIR3658,100500832.0,Amp5,6.92
X-4797,MIR3678,100500841.0,Amp5,5.17
X-4797,MIR3916,100500849.0,Amp5,5.31
X-4797,MIR4277,100422966.0,Amp5,5.39
X-4797,MIR4281,100422962.0,Amp5,5.74
X-4797,MIR4456,100616381.0,Amp5,5.39
X-4797,MIR4457,100616235.0,Amp5,5.39
X-4797,MIR4472-1,100616268.0,Amp5,5.1
X-4797,MIR4480,100616151.0,Amp5,5.46
X-4797,MIR4524A,100616316.0,Amp5,5.17
X-4797,MIR454,768216.0,Amp5,5.17
X-4797,MIR4635,100616479.0,Amp5,5.39
X-4797,MIR4664,100616318.0,Amp5,5.1
X-4797,MIR4677,100616343.0,Amp5,5.31
X-4797,MIR4729,100616204.0,Amp5,5.17
X-4797,MIR4736,100616220.0,Amp5,5.17
X-4797,MIR4737,100616210.0,Amp5,5.17
X-4797,MIR4738,100616282.0,Amp5,5.17
X-4797,MIR5047,100616408.0,Amp5,5.17
X-4797,MIR511-1,574445.0,Amp5,5.5
X-4797,MIR548W,100422923.0,Amp5,5.17
X-4797,MIR634,693219.0,Amp5,5.17
X-4797,MIR635,693220.0,Amp5,5.17
X-4797,MIR636,693221.0,Amp5,5.17
X-4797,MIR661,724031.0,Amp5,5.1
X-4797,MIR921,100126349.0,Amp5,6.92
X-4797,MIR937,100126338.0,Amp5,5.1
X-4797,MIR939,100126351.0,Amp5,5.1
X-4797,MKS1,54903.0,Amp5,5.17
X-4797,MLL3,58508.0,MutNovel,"L1330V,0.286"
X-4797,MMD,23531.0,Amp5,5.17
X-4797,MOB2,81532.0,MutNovel,"T93M,0.993"
X-4797,MPO,4353.0,Amp5,5.17
X-4797,MPRIP,23164.0,MutNovel,"TS178T,0.460"
X-4797,MRC1,4360.0,Amp5,5.5
X-4797,MRC2,9902.0,Amp5,5.17
X-4797,MRPL36,64979.0,Amp5,5.39
X-4797,MRPL38,64978.0,Amp5,5.17
X-4797,MRPS23,51649.0,Amp5,5.17
X-4797,MRPS7,51081.0,Amp5,5.17
X-4797,MSI2,124540.0,Amp5,5.17
X-4797,MSX2P1,55545.0,Amp5,5.17
X-4797,MTCH1,23787.0,MutNovel,"A16V,1.000"
X-4797,MTMR4,9110.0,Amp5,5.17
X-4797,MTVR2,246754.0,Amp5,5.17
X-4797,MUC5B,727897.0,MutNovel,"G979A,1.000"
X-4797,MUC5B,727897.0,MutNovel,"F2953L,1.000"
X-4797,MXD3,83463.0,Amp5,5.74
X-4797,MXRA7,439921.0,Amp5,5.17
X-4797,MYO15A,51168.0,MutNovel,"C3502R,1.000"
X-4797,MYO15B,80022.0,Amp5,5.17
X-4797,NACA2,342538.0,Amp5,5.17
X-4797,NAPRT1,93100.0,Amp5,5.1
X-4797,NAT9,26151.0,Amp5,5.17
X-4797,NBPF1,55672.0,MutNovel,"C910F,0.231"
X-4797,NBPF1,55672.0,MutNovel,"L377V,0.375"
X-4797,NBPF12,,MutNovel,"T2969S,0.374"
X-4797,NBPF14,25832.0,MutNovel,"S524G,0.429"
X-4797,NBPF14,25832.0,Amp5,5.17
X-4797,NBPF15,284565.0,Amp5,5.17
X-4797,NBPF16,728936.0,Amp5,5.17
X-4797,NCOA3,8202.0,MutNovel,"Q1255-,0.340"
X-4797,NCOR2,9612.0,MutNovel,"G1839GAAA,0.370"
X-4797,NCRNA00185,55410.0,Del0.8,0.57
X-4797,NDUFS6,4726.0,Amp5,5.39
X-4797,NIPA1,123606.0,MutNovel,"N315T,0.302"
X-4797,NKD2,85409.0,Amp5,5.39
X-4797,NLGN4Y,22829.0,Del0.8,0.59
X-4797,NLRP3,114548.0,Amp5,5.31
X-4797,NMT2,9397.0,Amp5,5.5
X-4797,NOG,9241.0,Amp5,5.17
X-4797,NOL11,25926.0,Amp5,5.17
X-4797,NOV,4856.0,MutNovel,"K268E,0.349"
X-4797,NOV,4856.0,Amp5,5.39
X-4797,NRBP2,340371.0,Amp5,5.1
X-4797,NSD1,64324.0,Amp5,5.74
X-4797,NSUN6,221078.0,Amp5,5.5
X-4797,NT5C,30833.0,Amp5,5.17
X-4797,NUDCD1,84955.0,Amp5,5.13
X-4797,NUDT11,55190.0,MutKnownFunctional,"-1,0.452"
X-4797,NUDT5,11164.0,Amp5,5.46
X-4797,NUP153,9972.0,MutNovel,"K621N,0.411"
X-4797,NUP85,79902.0,Amp5,5.17
X-4797,NVL,4931.0,MutNovel,"S853P,0.980"
X-4797,OBP2A,29991.0,MutNovel,"F90Y,1.000"
X-4797,OLAH,55301.0,Amp5,5.5
X-4797,OPLAH,26873.0,Amp5,5.1
X-4797,OPN3,23596.0,Amp5,5.31
X-4797,OPTN,10133.0,Amp5,5.5
X-4797,OR13G1,441933.0,Amp5,5.31
X-4797,OR2B11,127623.0,Amp5,5.31
X-4797,OR2C3,81472.0,Amp5,5.31
X-4797,OR2G2,81470.0,Amp5,5.31
X-4797,OR2G3,81469.0,Amp5,5.31
X-4797,OR2T10,127069.0,Amp5,7.46
X-4797,OR2T11,127077.0,Amp5,7.46
X-4797,OR2T29,343563.0,Amp5,7.46
X-4797,OR2T34,127068.0,Amp5,7.46
X-4797,OR2W5,441932.0,Amp5,5.31
X-4797,OR4D1,26689.0,Amp5,5.17
X-4797,OR4D2,124538.0,Amp5,5.17
X-4797,OR4F29,729759.0,Amp5,6.41
X-4797,OR6F1,343169.0,Amp5,5.31
X-4797,ORAI1,84876.0,MutNovel,"PP43-,0.786"
X-4797,ORC3,23595.0,MutNovel,"D561H,1.000"
X-4797,OTOP2,92736.0,Amp5,5.17
X-4797,OTOP3,347741.0,Amp5,5.17
X-4797,OTUD4,54726.0,Amp5,5.5
X-4797,OXR1,55074.0,Amp5,5.13
X-4797,PABPC3,5042.0,MutKnownFunctional,"-226,1.000"
X-4797,PARP10,84875.0,Amp5,5.1
X-4797,PBX1,5087.0,Amp5,6.92
X-4797,PCCA,5095.0,MutNovel,"A157T,0.421"
X-4797,PCDH11Y,83259.0,Del0.8,0.59
X-4797,PCTP,58488.0,Amp5,5.17
X-4797,PDCD6,10016.0,Amp5,5.39
X-4797,PDLIM7,9260.0,Amp5,5.74
X-4797,PEAR1,375033.0,MutNovel,"T687A,0.857"
X-4797,PECAM1,5175.0,Amp5,5.17
X-4797,PELP1,27043.0,MutNovel,"A54V,1.000"
X-4797,PFN3,345456.0,Amp5,5.74
X-4797,PHLDA1,22822.0,MutNovel,"QQ194Q,0.459"
X-4797,PHYH,5264.0,Amp5,5.5
X-4797,PITPNC1,26207.0,Amp5,5.17
X-4797,PKHD1L1,93035.0,Amp5,5.13
X-4797,PLD5,200150.0,Amp5,5.31
X-4797,PLEC,5339.0,Amp5,5.1
X-4797,PLEKHG4B,153478.0,Amp5,5.39
X-4797,PLEKHM1P,440456.0,Amp5,5.17
X-4797,PLXNB1,5364.0,MutNovel,"L428V,0.333"
X-4797,POLG2,11232.0,Amp5,5.17
X-4797,POLL,27343.0,MutNovel,"S222Y,0.488"
X-4797,POTEE,445582.0,MutNovel,"R816N,0.238"
X-4797,PP7080,25845.0,Amp5,5.39
X-4797,PPIAL4D,645142.0,Amp5,5.17
X-4797,PPIAL4D,645142.0,Amp5,5.17
X-4797,PPIAL4E,730262.0,Amp5,5.17
X-4797,PPM1D,8493.0,Amp5,5.17
X-4797,PPM1E,22843.0,Amp5,5.17
X-4797,PPP1R16A,84988.0,Amp5,5.1
X-4797,PPP1R9A,55607.0,MutNovel,"N854-,0.500"
X-4797,PRCD,768206.0,Amp5,5.17
X-4797,PRELID1,27166.0,Amp5,5.74
X-4797,PRKAR1A,5573.0,Amp5,5.17
X-4797,PRKCA,5578.0,Amp5,5.17
X-4797,PRKY,5616.0,Del0.8,0.59
X-4797,PRPF18,8559.0,Amp5,5.5
X-4797,PRPSAP1,5635.0,Amp5,5.17
X-4797,PRR11,55771.0,Amp5,5.17
X-4797,PRR7,80758.0,Amp5,5.74
X-4797,PRSS54,221191.0,MutNovel,"P249S,0.650"
X-4797,PRY,9081.0,Del0.8,0.57
X-4797,PRY,9081.0,Del0.8,0.33
X-4797,PRY2,442862.0,Del0.8,0.33
X-4797,PRY2,442862.0,Del0.8,0.57
X-4797,PSCA,8000.0,Amp5,5.1
X-4797,PSMC5,5705.0,Amp5,5.17
X-4797,PSMD12,5718.0,Amp5,5.17
X-4797,PTER,9317.0,Amp5,5.5
X-4797,PTK2,5747.0,Amp5,5.1
X-4797,PTP4A3,11156.0,Amp5,5.1
X-4797,PTPLA,9200.0,Amp5,5.5
X-4797,PTPRO,5800.0,MutNovel,"N234H,0.333"
X-4797,PTRH2,51651.0,Amp5,5.17
X-4797,PUF60,22827.0,Amp5,5.1
X-4797,PYCRL,65263.0,Amp5,5.1
X-4797,QRICH2,84074.0,Amp5,5.17
X-4797,RAB11FIP5,26056.0,MutNovel,"G421V,0.531"
X-4797,RAB24,53917.0,Amp5,5.74
X-4797,RAB37,326624.0,Amp5,5.17
X-4797,RAD21,5885.0,Amp5,5.39
X-4797,RAD21-AS1,644660.0,Amp5,5.39
X-4797,RAD51C,5889.0,Amp5,5.17
X-4797,RBM43,375287.0,MutNovel,"V95L,0.242"
X-4797,RBM47,54502.0,MutNovel,"RDV80-,0.636"
X-4797,RBMY1A3P,286557.0,Del0.8,0.59
X-4797,RBMY1B,378948.0,Del0.8,0.57
X-4797,RBMY1B,378948.0,Del0.8,0.57
X-4797,RBMY1E,378950.0,Del0.8,0.57
X-4797,RBMY1E,378950.0,Del0.8,0.57
X-4797,RBMY1F,159163.0,Del0.8,0.44
X-4797,RBMY1F,159163.0,Del0.8,0.57
X-4797,RBMY1J,378951.0,Del0.8,0.57
X-4797,RBMY1J,378951.0,Del0.8,0.33
X-4797,RBMY2EP,159125.0,Del0.8,0.57
X-4797,RBMY2FP,159162.0,Del0.8,0.57
X-4797,RBMY3AP,64593.0,Del0.8,0.59
X-4797,RCSD1,92241.0,MutNovel,"P48T,0.267"
X-4797,RECQL4,9401.0,MutNovel,"E407K,0.591"
X-4797,RECQL4,9401.0,Amp5,5.1
X-4797,RECQL5,9400.0,Amp5,5.17
X-4797,RGS14,10636.0,Amp5,5.74
X-4797,RGS7,6000.0,Amp5,5.31
X-4797,RGS9,8787.0,Amp5,5.17
X-4797,RHBDF2,79651.0,Amp5,5.17
X-4797,RHD,6007.0,MutNovel,"L121M,1.000"
X-4797,RHPN1,114822.0,Amp5,5.1
X-4797,RIF1,55183.0,MutNovel,"S511L,0.232"
X-4797,RIN3,79890.0,MutNovel,"G967-,0.357"
X-4797,RLF,6018.0,MutNovel,"H1457Y,0.383"
X-4797,RNF126P1,376412.0,Amp5,5.17
X-4797,RNF157,114804.0,Amp5,5.17
X-4797,RNF43,54894.0,Amp5,5.17
X-4797,RNF44,22838.0,Amp5,5.74
X-4797,RNFT1,51136.0,Amp5,5.17
X-4797,ROCK2,9475.0,MutNovel,"M690T,0.321"
X-4797,RPL38,6169.0,Amp5,5.17
X-4797,RPL8,6132.0,Amp5,5.1
X-4797,RPP21,79897.0,MutNovel,"R13K,1.000"
X-4797,RPP38,10557.0,Amp5,5.5
X-4797,RPS4Y1,6192.0,Del0.8,0.59
X-4797,RPS4Y2,140032.0,Del0.8,0.57
X-4797,RPS6KA3,6197.0,MutNovel,"K142Q,0.265"
X-4797,RPS6KB1,6198.0,Amp5,5.17
X-4797,RPS7P5,645884.0,Amp5,5.31
X-4797,RSPO2,340419.0,Amp5,5.13
X-4797,RSU1,6251.0,Amp5,5.5
X-4797,RUNX1,861.0,MutNovel,"L56S,0.640"
X-4797,RUSC2,9853.0,MutNovel,"Y349H,0.611"
X-4797,RXRG,6258.0,Amp5,6.92
X-4797,S100A7A,338324.0,MutNovel,"G25D,0.235"
X-4797,S100A7A,338324.0,MutNovel,"E28D,0.308"
X-4797,SAMD12,401474.0,Amp5,5.39
X-4797,SAMD12-AS1,552860.0,Amp5,5.39
X-4797,SAP30BP,29115.0,Amp5,5.17
X-4797,SATB2,23314.0,MutNovel,"A262P,0.263"
X-4797,SCARNA20,677681.0,Amp5,5.17
X-4797,SCCPDH,51097.0,Amp5,5.31
X-4797,SCMH1,22955.0,MutNovel,"L322S,0.679"
X-4797,SCN4A,6329.0,Amp5,5.17
X-4797,SCPEP1,59342.0,Amp5,5.17
X-4797,SCRIB,23513.0,Amp5,5.1
X-4797,SCRT1,83482.0,Amp5,5.1
X-4797,SCXA,100129885.0,Amp5,5.1
X-4797,SDCCAG8,10806.0,Amp5,5.31
X-4797,SDHA,6389.0,Amp5,5.39
X-4797,SDHAP3,728609.0,Amp5,5.39
X-4797,SDK2,54549.0,Amp5,5.17
X-4797,SEC61A2,55176.0,Amp5,5.46
X-4797,SEPHS1,22929.0,Amp5,5.5
X-4797,2014-09-04 00:00:00,5414.0,Amp5,5.17
X-4797,SERINC2,347735.0,MutNovel,"-373Q,0.792"
X-4797,SETD1A,9739.0,MutNovel,"R1418G,0.536"
X-4797,SHARPIN,81858.0,Amp5,5.1
X-4797,SIPA1L2,57568.0,MutNovel,"T1655I,0.208"
X-4797,SKA2,348235.0,Amp5,5.17
X-4797,SLC12A7,10723.0,Amp5,5.39
X-4797,SLC16A5,9121.0,Amp5,5.17
X-4797,SLC16A6,9120.0,Amp5,5.17
X-4797,SLC25A19,60386.0,Amp5,5.17
X-4797,SLC30A8,169026.0,Amp5,5.39
X-4797,SLC34A1,6569.0,Amp5,5.74
X-4797,SLC39A11,201266.0,Amp5,5.17
X-4797,SLC39A12,221074.0,Amp5,5.5
X-4797,SLC39A4,55630.0,Amp5,5.1
X-4797,SLC45A4,57210.0,Amp5,5.1
X-4797,SLC6A18,348932.0,Amp5,5.39
X-4797,SLC6A19,340024.0,Amp5,5.39
X-4797,SLC6A3,6531.0,Amp5,5.39
X-4797,SLC9A3,6550.0,Amp5,5.39
X-4797,SLC9A3R1,9368.0,Amp5,5.17
X-4797,SLURP1,57152.0,Amp5,5.1
X-4797,SMARCA4,6597.0,MutNovel,"D1464N,0.475"
X-4797,SMARCD2,6603.0,Amp5,5.17
X-4797,SMG8,55181.0,Amp5,5.17
X-4797,SMURF2,64750.0,Amp5,5.17
X-4797,SMYD3,64754.0,Amp5,5.31
X-4797,SNCB,6620.0,Amp5,5.74
X-4797,SNORA38B,100124536.0,Amp5,5.17
X-4797,SNORA76,677842.0,Amp5,5.17
X-4797,SNORD104,692227.0,Amp5,5.17
X-4797,SNORD1A,677848.0,Amp5,5.17
X-4797,SNORD1B,677849.0,Amp5,5.17
X-4797,SNORD1C,677850.0,Amp5,5.17
X-4797,SOX9,6662.0,Amp5,5.17
X-4797,SPATA7,55812.0,MutNovel,"T260I,0.692"
X-4797,SPATC1,375686.0,Amp5,5.1
X-4797,SPHK1,8877.0,Amp5,5.17
X-4797,SRP68,6730.0,Amp5,5.17
X-4797,SRSF1,6426.0,Amp5,5.17
X-4797,SRSF2,6427.0,Amp5,5.17
X-4797,SRY,6736.0,Del0.8,0.59
X-4797,SSTR2,6752.0,Amp5,5.17
X-4797,ST6GALNAC1,55808.0,Amp5,5.17
X-4797,ST6GALNAC2,10610.0,Amp5,5.17
X-4797,ST6GALNAC4,27090.0,MutNovel,"E112Q,0.261"
X-4797,ST8SIA6,338596.0,Amp5,5.5
X-4797,STAM,8027.0,Amp5,5.5
X-4797,STRADA,92335.0,Amp5,5.17
X-4797,STXBP4,252983.0,Amp5,5.17
X-4797,SUMO2,6613.0,Amp5,5.17
X-4797,SUPT4H1,6827.0,Amp5,5.17
X-4797,SUV39H2,79723.0,Amp5,5.5
X-4797,SYBU,55638.0,Amp5,5.13
X-4797,TACO1,51204.0,Amp5,5.17
X-4797,TAF2,6873.0,Amp5,5.39
X-4797,TANC2,26115.0,Amp5,5.17
X-4797,TBC1D3P1-DHX40P1,653645.0,Amp5,5.17
X-4797,TBC1D3P2,440452.0,Amp5,5.17
X-4797,TBL1Y,90665.0,Del0.8,0.59
X-4797,TBX2,6909.0,Amp5,5.17
X-4797,TBX4,9496.0,Amp5,5.17
X-4797,TCAM1P,146771.0,Amp5,5.17
X-4797,TEN1-CDK3,100529145.0,Amp5,5.17
X-4797,TERT,7015.0,Amp5,5.39
X-4797,TEX14,56155.0,Amp5,5.17
X-4797,TEX2,55852.0,Amp5,5.17
X-4797,TFB2M,64216.0,Amp5,5.31
X-4797,TGIF1,7050.0,Amp5,5.66
X-4797,TGIF2LY,90655.0,Del0.8,0.59
X-4797,TIGD5,84948.0,Amp5,5.1
X-4797,TLK2,11011.0,Amp5,5.17
X-4797,TMCO1,54499.0,Amp5,6.92
X-4797,TMED10P1,286102.0,Amp5,5.1
X-4797,TMED4,222068.0,MutNovel,"A16V,0.214"
X-4797,TMEM100,55273.0,Amp5,5.17
X-4797,TMEM104,54868.0,Amp5,5.17
X-4797,TMEM184A,202915.0,MutNovel,"G392GA,0.545"
X-4797,TMEM236,653567.0,Amp5,5.5
X-4797,TMEM74,157753.0,Amp5,5.13
X-4797,TMSB4Y,9087.0,Del0.8,0.59
X-4797,TNFRSF11B,4982.0,Amp5,5.39
X-4797,TOM1L1,10040.0,Amp5,5.17
X-4797,TONSL,4796.0,Amp5,5.1
X-4797,TOP1MT,116447.0,Amp5,5.1
X-4797,TOP2A,7153.0,MutNovel,"G202A,0.456"
X-4797,TPPP,11076.0,Amp5,5.39
X-4797,TRAPPC9,83696.0,MutNovel,"A412T,0.892"
X-4797,TRDMT1,1787.0,MutNovel,"V263M,0.485"
X-4797,TRDMT1,1787.0,Amp5,5.5
X-4797,TRHR,7201.0,Amp5,5.13
X-4797,TRIM25,7706.0,Amp5,5.17
X-4797,TRIM37,4591.0,Amp5,5.17
X-4797,TRIM47,91107.0,Amp5,5.17
X-4797,TRIM65,201292.0,Amp5,5.17
X-4797,TRIP13,9319.0,Amp5,5.39
X-4797,TRPA1,8989.0,MutNovel,"E212V,0.512"
X-4797,TRPS1,7227.0,Amp5,5.39
X-4797,TSC22D2,9819.0,MutNovel,"V547F,1.000"
X-4797,TSEN54,283989.0,Amp5,5.17
X-4797,TSNARE1,203062.0,Amp5,5.1
X-4797,TSPAN17,26262.0,Amp5,5.74
X-4797,TSPY1,7258.0,Del0.8,0.59
X-4797,TSPY2,64591.0,Del0.8,0.59
X-4797,TSPY3,728137.0,Del0.8,0.59
X-4797,TSPY4,728395.0,Del0.8,0.59
X-4797,TSPY8,728403.0,Del0.8,0.59
X-4797,TSPYL2,64061.0,MutNovel,"R23S,1.000"
X-4797,TSTA3,7264.0,Amp5,5.1
X-4797,TTC26,79989.0,MutNovel,"E81K,0.255"
X-4797,TTTY10,246119.0,Del0.8,0.57
X-4797,TTTY11,83866.0,Del0.8,0.59
X-4797,TTTY12,83867.0,Del0.8,0.59
X-4797,TTTY13,83868.0,Del0.8,0.57
X-4797,TTTY14,83869.0,Del0.8,0.57
X-4797,TTTY15,64595.0,Del0.8,0.59
X-4797,TTTY16,252948.0,Del0.8,0.59
X-4797,TTTY17A,252949.0,Del0.8,0.33
X-4797,TTTY17A,252949.0,Del0.8,0.33
X-4797,TTTY18,252950.0,Del0.8,0.59
X-4797,TTTY19,252952.0,Del0.8,0.59
X-4797,TTTY1B,100101116.0,Del0.8,0.59
X-4797,TTTY1B,100101116.0,Del0.8,0.26
X-4797,TTTY2,60439.0,Del0.8,0.59
X-4797,TTTY2,60439.0,Del0.8,0.59
X-4797,TTTY20,252951.0,Del0.8,0.59
X-4797,TTTY21,252953.0,Del0.8,0.59
X-4797,TTTY21,252953.0,Del0.8,0.59
X-4797,TTTY22,252954.0,Del0.8,0.59
X-4797,TTTY23,252955.0,Del0.8,0.59
X-4797,TTTY23,252955.0,Del0.8,0.59
X-4797,TTTY3,114760.0,Del0.8,0.33
X-4797,TTTY3,114760.0,Del0.8,0.33
X-4797,TTTY4,114761.0,Del0.8,0.33
X-4797,TTTY4,114761.0,Del0.8,0.33
X-4797,TTTY5,83863.0,Del0.8,0.57
X-4797,TTTY6,84672.0,Del0.8,0.57
X-4797,TTTY6,84672.0,Del0.8,0.33
X-4797,TTTY7,246122.0,Del0.8,0.59
X-4797,TTTY7,246122.0,Del0.8,0.59
X-4797,TTTY7B,100101120.0,Del0.8,0.59
X-4797,TTTY7B,100101120.0,Del0.8,0.59
X-4797,TTTY8,84673.0,Del0.8,0.59
X-4797,TTTY8,84673.0,Del0.8,0.59
X-4797,TTTY9A,83864.0,Del0.8,0.33
X-4797,TTTY9A,83864.0,Del0.8,0.33
X-4797,TTYH2,94015.0,Amp5,5.17
X-4797,TUBB4B,10383.0,MutNovel,"G104A,0.349"
X-4797,TUBB8,347688.0,MutNovel,"P80L,1.000"
X-4797,TUBD1,51174.0,Amp5,5.17
X-4797,TXLNG2P,246126.0,Del0.8,0.57
X-4797,UBAP2L,9898.0,MutNovel,"S705P,0.257"
X-4797,UBE2O,63893.0,Amp5,5.17
X-4797,UCK2,7371.0,Amp5,6.92
X-4797,UCMA,221044.0,Amp5,5.5
X-4797,UIMC1,51720.0,Amp5,5.74
X-4797,ULK4P3,89837.0,Amp5,5.21
X-4797,UNC13D,201294.0,Amp5,5.17
X-4797,UNC5A,90249.0,Amp5,5.74
X-4797,UNK,85451.0,Amp5,5.17
X-4797,UPF2,26019.0,Amp5,5.46
X-4797,USH1G,124590.0,Amp5,5.17
X-4797,USP19,10869.0,MutNovel,"G323A,0.756"
X-4797,USP25,29761.0,Del0.8,0.65
X-4797,USP32,84669.0,MutNovel,"E596K,1.000"
X-4797,USP32,84669.0,Amp5,5.17
X-4797,USP32P2,220594.0,Del0.8,0.59
X-4797,USP36,57602.0,MutNovel,"KKK958K,0.744"
X-4797,USP6NL,9712.0,Amp5,5.46
X-4797,USP9Y,8287.0,Del0.8,0.59
X-4797,UTP23,84294.0,Amp5,5.39
X-4797,UTY,7404.0,Del0.8,0.59
X-4797,VASP,7408.0,MutNovel,"D17H,0.537"
X-4797,VCY,9084.0,Del0.8,0.59
X-4797,VCY,9084.0,Del0.8,0.59
X-4797,VEZF1,7716.0,Amp5,5.17
X-4797,VIM,7431.0,Amp5,5.5
X-4797,VMP1,81671.0,Amp5,5.17
X-4797,VN1R1,57191.0,MutNovel,"Y247C,0.571"
X-4797,VN1R1,57191.0,MutNovel,"M230V,0.750"
X-4797,VN1R5,317705.0,Amp5,5.31
X-4797,VPS28,51160.0,Amp5,5.1
X-4797,WASH1,100287171.0,MutNovel,"P321S,0.667"
X-4797,WBP2,23558.0,Amp5,5.17
X-4797,WDR44,54521.0,MutNovel,"K87E,1.000"
X-4797,WDR48,57599.0,MutNovel,"Q16H,0.234"
X-4797,WDR53,348793.0,MutNovel,"I321F,0.736"
X-4797,WDR64,128025.0,Amp5,5.31
X-4797,WDR70,55100.0,MutNovel,"D270E,0.381"
X-4797,WIPI1,55062.0,Amp5,5.17
X-4797,XKRY2,353515.0,Del0.8,0.33
X-4797,XKRY2,353515.0,Del0.8,0.33
X-4797,YPEL2,388403.0,Amp5,5.17
X-4797,YTHDC1,91746.0,MutNovel,"R6Q,0.415"
X-4797,ZACN,353174.0,Amp5,5.17
X-4797,ZBTB6,10773.0,MutNovel,"T194A,0.225"
X-4797,ZC3H3,23144.0,Amp5,5.1
X-4797,ZC3H4,23211.0,MutNovel,"T40I,1.000"
X-4797,ZC3H4,23211.0,MutNovel,"P38R,1.000"
X-4797,ZDHHC11,79844.0,MutNovel,"A303D,0.231"
X-4797,ZDHHC11,79844.0,Amp5,5.39
X-4797,ZFAT,57623.0,MutKnownFunctional,"Q1229*,0.279"
X-4797,ZFAT,57623.0,MutNovel,"P265A,0.263"
X-4797,ZFP41,286128.0,Amp5,5.1
X-4797,ZFY,7544.0,Del0.8,0.59
X-4797,ZNF124,7678.0,Amp5,5.31
X-4797,ZNF16,7564.0,Amp5,5.1
X-4797,ZNF238,10472.0,Amp5,5.31
X-4797,ZNF250,58500.0,Amp5,5.1
X-4797,ZNF251,90987.0,Amp5,5.1
X-4797,ZNF292,23036.0,MutNovel,"TE2250T,0.745"
X-4797,ZNF34,80778.0,Amp5,5.1
X-4797,ZNF346,23567.0,Amp5,5.74
X-4797,ZNF410,57862.0,MutNovel,"C38Y,0.467"
X-4797,ZNF441,126068.0,MutNovel,"K672N,0.714"
X-4797,ZNF496,84838.0,Amp5,5.31
X-4797,ZNF517,340385.0,Amp5,5.1
X-4797,ZNF623,9831.0,Amp5,5.1
X-4797,ZNF658,26149.0,MutNovel,"K109Q,0.778"
X-4797,ZNF667,63934.0,MutNovel,"K135E,1.000"
X-4797,ZNF669,79862.0,Amp5,5.31
X-4797,ZNF670,93474.0,Amp5,5.31
X-4797,ZNF670-ZNF695,100533111.0,Amp5,5.31
X-4797,ZNF695,57116.0,Amp5,5.31
X-4797,ZNF696,79943.0,Amp5,5.1
X-4797,ZNF7,7553.0,Amp5,5.1
X-4797,ZNF707,286075.0,Amp5,5.1
X-4797,ZNF730,,MutNovel,"T412I,0.333"
X-4797,ZNF845,91664.0,MutNovel,"N253S,0.429"
X-4797,ZNF888,,MutNovel,"R291H,1.000"
X-4797,ZP4,57829.0,Amp5,5.31
X-4797,ZRANB1,54764.0,MutKnownFunctional,"-709?,0.367"
X-4832,AASDH,132949.0,MutNovel,"G297E,0.397"
X-4832,ABCA13,154664.0,MutNovel,"P3322L,0.667"
X-4832,ABCA5,23461.0,MutNovel,"K1410R,0.571"
X-4832,ABHD15,116236.0,MutNovel,"L314F,0.471"
X-4832,ABI3,51225.0,MutNovel,"E260K,1.000"
X-4832,ACACA,31.0,MutNovel,"T1365I,0.300"
X-4832,ACACA,31.0,MutNovel,"P909S,0.500"
X-4832,ADAM23,8745.0,MutNovel,"D704G,1.000"
X-4832,ADAM3A,1587.0,Del0.8,0.37
X-4832,ADAM5P,255926.0,Del0.8,0.75
X-4832,ADAMTS14,140766.0,MutNovel,"D462N,0.667"
X-4832,ADNP,23394.0,MutNovel,"E466K,0.345"
X-4832,AFAP1,60312.0,MutNovel,"P776L,0.385"
X-4832,AHCTF1,25909.0,MutNovel,"P2012S,0.374"
X-4832,AHCYL1,10768.0,MutNovel,"A512G,0.513"
X-4832,AKAP9,10142.0,MutNovel,"E673K,0.750"
X-4832,AMELY,266.0,Del0.8,0.39
X-4832,AMICA1,120425.0,MutNovel,"G301E,0.500"
X-4832,ANKRD27,84079.0,MutNovel,"H194N,0.530"
X-4832,ARCN1,372.0,MutNovel,"G229E,0.548"
X-4832,ARHGAP21,57584.0,MutNovel,"T1485M,0.481"
X-4832,ARHGAP23,57636.0,MutNovel,"R420Q,0.544"
X-4832,ARID4B,51742.0,MutNovel,"S666F,0.250"
X-4832,ARMCX4,100131755.0,MutNovel,"I1032T,1.000"
X-4832,ATG2A,23130.0,MutNovel,"S1788F,0.600"
X-4832,ATP10B,23120.0,MutNovel,"D433N,0.553"
X-4832,ATP1B3,483.0,MutNovel,"S149L,0.438"
X-4832,ATP2B4,493.0,MutNovel,"K59E,0.202"
X-4832,ATP5D,513.0,MutNovel,"I155L,0.484"
X-4832,ATP6V0A1,535.0,MutNovel,"R38C,0.559"
X-4832,AVEN,57099.0,MutNovel,"G16R,1.000"
X-4832,AXIN1,8312.0,MutNovel,"S623L,0.602"
X-4832,B2M,567.0,Del0.8,0.41
X-4832,BAZ1A,11177.0,MutNovel,"R1480C,0.275"
X-4832,BCKDK,10295.0,MutNovel,"A377V,0.499"
X-4832,BCLAF1,9774.0,MutNovel,"S4F,1.000"
X-4832,BCORP1,286554.0,Del0.8,0.39
X-4832,BIRC6,57448.0,MutNovel,"P1807S,0.485"
X-4832,BPY2B,442867.0,Del0.8,0.39
X-4832,BPY2B,442867.0,Del0.8,0.39
X-4832,BRCA2,675.0,MutNovel,"S2667G,0.347"
X-4832,BRD2,6046.0,MutNovel,"P288S,0.333"
X-4832,C11orf63,79864.0,MutKnownFunctional,"-701?,0.250"
X-4832,C11orf80,79703.0,MutNovel,"S46F,0.529"
X-4832,C12orf51,283450.0,MutNovel,"S1117F,0.800"
X-4832,C15orf43,145645.0,Del0.8,0.27
X-4832,C18orf8,29919.0,MutNovel,"S73F,0.478"
X-4832,C1orf112,55732.0,MutNovel,"D351N,0.300"
X-4832,C1orf114,57821.0,MutNovel,"S404R,0.457"
X-4832,C5,727.0,MutNovel,"A616V,0.667"
X-4832,C5orf42,65250.0,MutNovel,"S1649L,0.640"
X-4832,CAMK2D,817.0,MutNovel,"P190T,0.484"
X-4832,CAPN5,726.0,MutNovel,"A185T,0.528"
X-4832,CBL,867.0,MutNovel,"S217F,0.400"
X-4832,CBL,867.0,MutNovel,"P417L,0.650"
X-4832,CCDC3,83643.0,MutNovel,"D117N,0.338"
X-4832,CCNL1,57018.0,MutNovel,"S395L,0.508"
X-4832,CCNT1,904.0,MutNovel,"Q77K,0.477"
X-4832,CDC42EP1,11135.0,MutNovel,"PAPAANPS253P,0.231"
X-4832,CDK12,51755.0,MutNovel,"G710E,0.557"
X-4832,CDK7,1022.0,MutNovel,"L78F,0.397"
X-4832,CDY1B,253175.0,Del0.8,0.39
X-4832,CDY1B,253175.0,Del0.8,0.39
X-4832,CDY2A,9426.0,Del0.8,0.39
X-4832,CDY2A,9426.0,Del0.8,0.39
X-4832,CDY2B,203611.0,Del0.8,0.39
X-4832,CDY2B,203611.0,Del0.8,0.39
X-4832,CENPJ,55835.0,MutNovel,"E275K,0.310"
X-4832,CEP164,22897.0,MutNovel,"T260K,0.520"
X-4832,CEP192,55125.0,MutNovel,"R1641K,0.607"
X-4832,CEP41,95681.0,MutNovel,"G352D,0.591"
X-4832,CLK1,1195.0,MutNovel,"A245V,0.490"
X-4832,CLN5,1203.0,MutNovel,"R145Q,0.626"
X-4832,CNDP1,84735.0,MutNovel,"V15VL,0.287"
X-4832,CNKSR1,10256.0,MutNovel,"S337F,0.444"
X-4832,CNTNAP3,79937.0,MutNovel,"A38V,0.750"
X-4832,COL11A2,1302.0,MutNovel,"R1034H,0.419"
X-4832,COL28A1,340267.0,MutNovel,"P893S,1.000"
X-4832,COL9A1,1297.0,MutNovel,"P303S,0.986"
X-4832,COPB1,1315.0,MutNovel,"M406K,0.520"
X-4832,CORO1C,23603.0,MutNovel,"G286D,0.513"
X-4832,CRNKL1,51340.0,MutNovel,"R301Q,0.642"
X-4832,CSPG4P1Y,114758.0,Del0.8,0.39
X-4832,CSPG4P1Y,114758.0,Del0.8,0.39
X-4832,CTNNA1,1495.0,MutNovel,"V838F,0.507"
X-4832,CTNNA2,1496.0,MutNovel,"G884D,0.692"
X-4832,CTSA,5476.0,MutNovel,"L29-,0.533"
X-4832,CUL9,23113.0,MutNovel,"P22S,0.412"
X-4832,DAK,26007.0,MutNovel,"V293M,0.312"
X-4832,DAZ1,1617.0,Del0.8,0.39
X-4832,DAZ2,57055.0,Del0.8,0.39
X-4832,DAZ3,57054.0,Del0.8,0.39
X-4832,DAZ3,57054.0,Del0.8,0.39
X-4832,DAZ4,57135.0,Del0.8,0.39
X-4832,DAZ4,57135.0,Del0.8,0.39
X-4832,DCLK1,9201.0,MutNovel,"S431L,0.437"
X-4832,DCLK1,9201.0,MutNovel,"R60C,0.679"
X-4832,DDX24,57062.0,MutNovel,"R793C,0.993"
X-4832,DDX3X,1654.0,MutNovel,"G533R,0.620"
X-4832,DDX3Y,8653.0,Del0.8,0.39
X-4832,DDX49,54555.0,MutNovel,"S65P,0.458"
X-4832,DGKH,160851.0,MutNovel,"Y1058C,0.238"
X-4832,DHX35,60625.0,MutNovel,"P487S,0.701"
X-4832,DIAPH3,81624.0,MutNovel,"K655R,0.750"
X-4832,DIEXF,27042.0,MutNovel,"G139E,0.615"
X-4832,DIP2A,23181.0,MutNovel,"S244C,0.214"
X-4832,DLG4,1742.0,MutNovel,"V537A,0.857"
X-4832,DMXL1,1657.0,MutNovel,"G1533E,0.404"
X-4832,DNAH14,127602.0,MutKnownFunctional,"-1619,1.000"
X-4832,DNAJC12,56521.0,MutNovel,"E197K,0.564"
X-4832,DNAJC4,3338.0,MutNovel,"P70S,0.497"
X-4832,DNAJC8,22826.0,MutNovel,"A228T,0.501"
X-4832,DNMT3A,1788.0,MutNovel,"E784K,0.517"
X-4832,DPP7,29952.0,MutNovel,"I469-,0.421"
X-4832,DRAM2,128338.0,MutNovel,"N111I,0.512"
X-4832,DTNA,1837.0,MutNovel,"R313G,0.429"
X-4832,DYSF,8291.0,MutNovel,"R1620C,0.800"
X-4832,DZIP1L,199221.0,MutNovel,"F752Y,0.575"
X-4832,E2F8,79733.0,MutNovel,"P790S,0.850"
X-4832,EFCAB4B,84766.0,MutNovel,"E567K,0.731"
X-4832,EIF1AY,9086.0,Del0.8,0.39
X-4832,EP300,2033.0,MutNovel,"P925T,0.450"
X-4832,EPCAM,4072.0,MutNovel,"M115T,0.308"
X-4832,ERCC1,2067.0,MutNovel,"E204K,0.460"
X-4832,EVC2,132884.0,MutNovel,"D1196G,0.462"
X-4832,FAM110D,79927.0,MutNovel,"P153F,0.455"
X-4832,FAM129B,64855.0,MutNovel,"A706V,0.509"
X-4832,FAM131A,131408.0,MutNovel,"R63S,0.512"
X-4832,FAM154B,283726.0,MutKnownFunctional,"W225*,1.000"
X-4832,FAM171B,165215.0,MutNovel,"-50Q,0.452"
X-4832,FAM196B,100131897.0,MutNovel,"S100F,0.432"
X-4832,FAM197Y2P,252946.0,Del0.8,0.39
X-4832,FAM35B,414241.0,Del0.8,0.79
X-4832,FAM40B,57464.0,MutNovel,"P334L,0.692"
X-4832,FAM41AY1,340618.0,Del0.8,0.39
X-4832,FAM41AY1,340618.0,Del0.8,0.39
X-4832,FAM75C1,441452.0,MutNovel,"L38F,0.900"
X-4832,FAM75C1,441452.0,MutNovel,"I1012V,1.000"
X-4832,FAM75C1,441452.0,MutKnownFunctional,"-1042?,0.545"
X-4832,FAM75C1,441452.0,MutKnownFunctional,"-1045?,0.417"
X-4832,FAM75C2,645961.0,MutNovel,"K60R,0.754"
X-4832,FBXL18,80028.0,MutNovel,"R119C,0.471"
X-4832,FBXO11,80204.0,MutNovel,"-57S,0.303"
X-4832,FBXO15,201456.0,MutNovel,"M77L,0.750"
X-4832,FBXO2,26232.0,MutNovel,"C215F,0.562"
X-4832,FBXW7,55294.0,MutKnownFunctional,"W649*,0.574"
X-4832,FBXW7,55294.0,MutNovel,"G437R,0.377"
X-4832,FHAD1,114827.0,MutNovel,"R1102W,1.000"
X-4832,FPGT,8790.0,MutNovel,"F338V,0.435"
X-4832,FREM1,158326.0,MutNovel,"S1132P,0.392"
X-4832,FXR1,8087.0,MutNovel,"P289S,0.454"
X-4832,FYCO1,79443.0,MutNovel,"P560F,0.667"
X-4832,GALK1,2584.0,MutNovel,"P362F,0.480"
X-4832,GIGYF1,64599.0,MutNovel,"P109L,0.500"
X-4832,GIGYF2,26058.0,MutNovel,"PQ1231P,0.261"
X-4832,GNAL,2774.0,MutNovel,"P36PAL,0.520"
X-4832,GNAL,2774.0,MutNovel,"Y422C,0.726"
X-4832,GOLGA2P2Y,84559.0,Del0.8,0.39
X-4832,GOLGA2P2Y,84559.0,Del0.8,0.39
X-4832,GORASP2,26003.0,MutNovel,"P242L,0.296"
X-4832,GPRIN1,114787.0,MutNovel,"M305I,0.543"
X-4832,GPX1,2876.0,MutNovel,"P124F,0.522"
X-4832,GRAMD1A,57655.0,MutNovel,"P313S,0.520"
X-4832,GREB1L,80000.0,MutNovel,"D1351G,0.500"
X-4832,GTF3C3,9330.0,MutNovel,"EEE108E,0.312"
X-4832,GYG2P1,352887.0,Del0.8,0.39
X-4832,HDAC4,9759.0,MutNovel,"L972F,0.458"
X-4832,HERC1,8925.0,MutNovel,"E1468K,0.571"
X-4832,HLA-B,3106.0,MutNovel,"S304P,0.360"
X-4832,HLA-B,3106.0,MutNovel,"H137L,0.216"
X-4832,HLA-DRB1,3123.0,Amp5,5.21
X-4832,HLA-DRB6,3128.0,Amp5,5.21
X-4832,HMOX1,3162.0,MutNovel,"R85S,0.463"
X-4832,HSD3B7,80270.0,MutNovel,"R207C,0.400"
X-4832,HSFY2,159119.0,Del0.8,0.39
X-4832,HSFY2,159119.0,Del0.8,0.39
X-4832,HSPA6,3310.0,MutNovel,"D632N,0.304"
X-4832,HTR3B,9177.0,MutNovel,"D101N,0.348"
X-4832,HTT,3064.0,MutNovel,"H86P,0.600"
X-4832,HUWE1,10075.0,MutNovel,"P1388S,1.000"
X-4832,IBTK,25998.0,MutNovel,"H674Y,0.580"
X-4832,IDH3B,3420.0,MutNovel,"V302D,0.608"
X-4832,IFI27L1,122509.0,MutNovel,"V68M,1.000"
X-4832,IGF1R,3480.0,MutNovel,"T524I,0.451"
X-4832,INPP5D,3635.0,MutNovel,"G696N,0.600"
X-4832,IP6K3,117283.0,MutNovel,"T68I,0.889"
X-4832,IQSEC1,9922.0,MutNovel,"E296K,0.515"
X-4832,IRF2BP2,359948.0,MutNovel,"P118S,0.500"
X-4832,ISLR,3671.0,MutNovel,"L126W,0.512"
X-4832,KANSL3,55683.0,MutNovel,"P608L,0.468"
X-4832,KCTD10,83892.0,MutNovel,"E246K,0.474"
X-4832,KDM5D,8284.0,Del0.8,0.39
X-4832,KDR,3791.0,MutNovel,"E663K,0.280"
X-4832,KIAA0141,9812.0,MutNovel,"P123L,0.435"
X-4832,KIAA0368,23392.0,MutNovel,"I1701T,0.512"
X-4832,KIAA1109,84162.0,MutNovel,"E2217K,0.250"
X-4832,KIDINS220,57498.0,MutNovel,"H1157R,0.609"
X-4832,KIF18A,81930.0,MutNovel,"R300K,0.558"
X-4832,KLF16,83855.0,MutNovel,"A38T,0.545"
X-4832,KLF6,1316.0,MutNovel,"S82F,0.528"
X-4832,KREMEN1,83999.0,MutNovel,"V338E,0.444"
X-4832,KSR1,8844.0,MutNovel,"G74E,0.444"
X-4832,LAMC3,10319.0,MutNovel,"D396N,0.516"
X-4832,LAMC3,10319.0,MutNovel,"C789Y,0.547"
X-4832,LENG9,94059.0,MutNovel,"V139G,0.643"
X-4832,LIG1,3978.0,MutNovel,"S869F,0.535"
X-4832,LIMA1,51474.0,MutKnownFunctional,"Q10*,0.400"
X-4832,LMTK2,22853.0,MutNovel,"D1080N,0.667"
X-4832,LOC100288332,,MutNovel,"T314S,0.429"
X-4832,LOC100996633,,MutNovel,"S18R,0.429"
X-4832,LOC100996633,,MutNovel,"S11P,0.429"
X-4832,LOC729162,,MutKnownFunctional,"R44*,1.000"
X-4832,LOC731932,,MutNovel,"S71G,0.667"
X-4832,LONP1,9361.0,MutNovel,"L24M,0.553"
X-4832,LPPR2,64748.0,MutNovel,"P268F,0.495"
X-4832,LRCH3,84859.0,MutNovel,"T18M,0.606"
X-4832,LRRK1,79705.0,MutNovel,"A776V,0.500"
X-4832,LRRN2,10446.0,MutNovel,"E227K,1.000"
X-4832,LSR,51599.0,MutNovel,"G518GR,0.829"
X-4832,LYL1,4066.0,MutNovel,"G119V,0.497"
X-4832,MAP1S,55201.0,MutNovel,"F261L,0.513"
X-4832,MAP3K4,4216.0,MutKnownFunctional,"Q1283*,1.000"
X-4832,MAP3K6,9064.0,MutNovel,"N780S,0.441"
X-4832,MBD2,8932.0,MutNovel,"G35R,0.400"
X-4832,MBNL1,4154.0,MutNovel,"V157A,0.523"
X-4832,MC1R,4157.0,MutKnownFunctional,"-29?,0.403"
X-4832,MEGF6,1953.0,MutNovel,"A126T,0.647"
X-4832,MELK,9833.0,MutNovel,"N353Y,0.466"
X-4832,MGMT,4255.0,MutNovel,"F101Y,0.548"
X-4832,MICA,100507436.0,MutNovel,"R203K,0.817"
X-4832,MIER1,57708.0,MutNovel,"S420N,0.496"
X-4832,MLL,4297.0,MutKnownFunctional,"-2835?,0.560"
X-4832,MMACHC,25974.0,MutNovel,"G235N,0.471"
X-4832,MND1,84057.0,MutNovel,"D200N,0.464"
X-4832,MPRIP,23164.0,MutNovel,"TS178T,0.213"
X-4832,MTR,4548.0,MutNovel,"G147R,0.591"
X-4832,MTR,4548.0,MutNovel,"R1094H,0.570"
X-4832,MYO1B,4430.0,MutNovel,"P288L,0.507"
X-4832,MYO9B,4650.0,MutNovel,"G242D,0.486"
X-4832,NAE1,8883.0,MutNovel,"P259S,0.475"
X-4832,NAV2,89797.0,MutNovel,"S974F,0.603"
X-4832,NBEAL2,23218.0,MutNovel,"G2471E,0.655"
X-4832,NBPF1,55672.0,MutNovel,"N563S,0.250"
X-4832,NBPF14,25832.0,MutNovel,"G916V,0.312"
X-4832,NBPF9,400818.0,MutNovel,"Q184R,1.000"
X-4832,NCAPG2,54892.0,MutNovel,"D1040G,0.426"
X-4832,NCOA2,10499.0,MutNovel,"R338C,0.233"
X-4832,NCOR2,9612.0,MutNovel,"G1839GAAA,0.438"
X-4832,NCRNA00185,55410.0,Del0.8,0.39
X-4832,NCS1,23413.0,MutNovel,"P57S,0.473"
X-4832,NELL2,4753.0,MutNovel,"N460D,0.857"
X-4832,NFE2L1,4779.0,MutNovel,"R81W,0.564"
X-4832,NLGN1,22871.0,MutNovel,"F395L,0.625"
X-4832,NLGN4Y,22829.0,Del0.8,0.39
X-4832,NMT2,9397.0,MutNovel,"E430Q,0.512"
X-4832,NOC3L,64318.0,MutNovel,"P748S,0.542"
X-4832,NR1D1,9572.0,MutNovel,"P29L,0.543"
X-4832,NR1H2,7376.0,MutNovel,"-173Q,0.455"
X-4832,NR3C1,2908.0,MutNovel,"T174A,0.488"
X-4832,NRAS,4893.0,MutKnownFunctional,"Q61H,0.467"
X-4832,NRG2,9542.0,MutNovel,"A809S,0.500"
X-4832,NSUN7,79730.0,MutNovel,"P587L,0.429"
X-4832,NUP188,23511.0,MutKnownFunctional,"Q31*,0.570"
X-4832,NUP214,8021.0,MutNovel,"S1564F,0.568"
X-4832,NUPL2,11097.0,MutNovel,"D206A,0.400"
X-4832,NYAP1,222950.0,MutNovel,"M585I,0.400"
X-4832,OR2A1,,MutNovel,"L85R,0.571"
X-4832,OR8K5,219453.0,MutKnownFunctional,"Y132*,0.400"
X-4832,ORAI1,84876.0,MutNovel,"PP43-,0.872"
X-4832,ORAI3,93129.0,MutNovel,"H130Y,0.498"
X-4832,ORC1,4998.0,MutNovel,"P63S,0.564"
X-4832,OSMR,9180.0,MutNovel,"V54I,0.407"
X-4832,OVOS,,MutNovel,"F1232S,1.000"
X-4832,OXSM,54995.0,MutKnownFunctional,"Q293*,0.337"
X-4832,PABPC3,5042.0,MutKnownFunctional,"-336,0.800"
X-4832,PABPC4L,132430.0,MutNovel,"F371L,1.000"
X-4832,PARN,5073.0,MutNovel,"P431L,0.478"
X-4832,PARP9,83666.0,MutKnownFunctional,"Y390*,0.526"
X-4832,PARVA,55742.0,MutKnownFunctional,"Q13*,0.405"
X-4832,PATL2,197135.0,Del0.8,0.27
X-4832,PCDH11Y,83259.0,Del0.8,0.39
X-4832,PCDHB4,56131.0,MutNovel,"Q493R,1.000"
X-4832,PCDHGB4,8641.0,MutNovel,"D270G,1.000"
X-4832,PCGF5,84333.0,MutNovel,"R223W,1.000"
X-4832,PCYT1B,9468.0,MutNovel,"E284K,0.407"
X-4832,PDE7A,5150.0,MutNovel,"E149K,0.436"
X-4832,PDIA5,10954.0,MutNovel,"F407R,0.345"
X-4832,PEX5,5830.0,MutNovel,"R173C,0.468"
X-4832,PEX6,5190.0,MutNovel,"P151L,0.788"
X-4832,PGS1,9489.0,MutNovel,"R539C,0.522"
X-4832,PHLDA1,22822.0,MutNovel,"QQ194Q,0.490"
X-4832,PHYHIPL,84457.0,MutNovel,"D339A,0.436"
X-4832,PIEZO2,63895.0,MutNovel,"E1813Q,0.273"
X-4832,PIGW,284098.0,MutNovel,"G215E,0.565"
X-4832,PIK3C2A,5286.0,MutNovel,"R1536C,0.550"
X-4832,PIK3CD,5293.0,MutNovel,"E1021K,0.548"
X-4832,PIK3R4,30849.0,MutNovel,"E400K,0.594"
X-4832,PKN1,5585.0,MutNovel,"R363H,0.485"
X-4832,PKNOX2,63876.0,MutNovel,"E442-,0.345"
X-4832,PLEKHA4,57664.0,MutNovel,"R379Q,0.591"
X-4832,PODN,127435.0,MutNovel,"L596V,0.400"
X-4832,POGK,57645.0,MutNovel,"E585K,0.665"
X-4832,POGLUT1,56983.0,MutNovel,"P105L,0.475"
X-4832,PPT2,9374.0,MutNovel,"L307H,0.367"
X-4832,PRKDC,5591.0,MutNovel,"P661L,0.511"
X-4832,PRKY,5616.0,Del0.8,0.39
X-4832,PROM1,8842.0,MutNovel,"H847Y,0.305"
X-4832,PRRC2A,7916.0,MutNovel,"P1971S,0.349"
X-4832,PRY,9081.0,Del0.8,0.39
X-4832,PRY,9081.0,Del0.8,0.39
X-4832,PRY2,442862.0,Del0.8,0.39
X-4832,PRY2,442862.0,Del0.8,0.39
X-4832,PSD3,23362.0,MutNovel,"S575N,0.517"
X-4832,PSMB2,5690.0,MutKnownFunctional,"R145*,0.277"
X-4832,PSMC5,5705.0,MutNovel,"Y369C,0.503"
X-4832,PSMD1,5707.0,MutNovel,"E37V,0.449"
X-4832,PSMD8,5714.0,MutNovel,"E165K,0.532"
X-4832,PTEN,5728.0,MutNovel,"P38S,1.000"
X-4832,PTPRS,5802.0,MutNovel,"ED283DH,0.393"
X-4832,PVRIG,79037.0,MutNovel,"V48A,0.400"
X-4832,PYHIN1,149628.0,MutNovel,"P57R,0.500"
X-4832,RAB20,55647.0,MutNovel,"S220F,0.481"
X-4832,RAG1,5896.0,MutNovel,"D166E,0.750"
X-4832,RASD1,51655.0,MutNovel,"F188L,0.625"
X-4832,RBBP6,5930.0,MutKnownFunctional,"Q1437*,0.531"
X-4832,RBL2,5934.0,MutNovel,"G105E,0.547"
X-4832,RBM12,10137.0,MutNovel,"P770S,0.671"
X-4832,RBM17,84991.0,MutNovel,"S48N,0.295"
X-4832,RBM17,84991.0,MutNovel,"L51F,0.290"
X-4832,RBM18,92400.0,MutKnownFunctional,"R189*,0.517"
X-4832,RBM38,55544.0,MutNovel,"P177L,0.320"
X-4832,RBMY1A3P,286557.0,Del0.8,0.39
X-4832,RBMY1B,378948.0,Del0.8,0.39
X-4832,RBMY1B,378948.0,Del0.8,0.39
X-4832,RBMY1E,378950.0,Del0.8,0.39
X-4832,RBMY1E,378950.0,Del0.8,0.39
X-4832,RBMY1F,159163.0,Del0.8,0.39
X-4832,RBMY1F,159163.0,Del0.8,0.39
X-4832,RBMY1J,378951.0,Del0.8,0.39
X-4832,RBMY1J,378951.0,Del0.8,0.39
X-4832,RBMY2EP,159125.0,Del0.8,0.39
X-4832,RBMY2FP,159162.0,Del0.8,0.39
X-4832,RBMY3AP,64593.0,Del0.8,0.39
X-4832,RENBP,5973.0,MutNovel,"A280D,0.980"
X-4832,REV3L,5980.0,MutNovel,"S332F,0.605"
X-4832,RHCG,51458.0,MutNovel,"G441R,0.690"
X-4832,RHOU,58480.0,MutNovel,"D108N,0.333"
X-4832,RIN3,79890.0,MutNovel,"G967-,0.552"
X-4832,RPN2,6185.0,MutNovel,"S474F,0.336"
X-4832,RPS4Y1,6192.0,Del0.8,0.39
X-4832,RPS4Y2,140032.0,Del0.8,0.39
X-4832,RRP36,88745.0,MutNovel,"AGARRPR14A,0.213"
X-4832,RUFY2,55680.0,MutNovel,"P131L,0.475"
X-4832,SACS,26278.0,MutNovel,"P4295S,0.365"
X-4832,SAMD9,54809.0,MutNovel,"S926L,0.684"
X-4832,SATB2,23314.0,MutNovel,"S707F,0.875"
X-4832,SEC24C,9632.0,MutNovel,"F498L,0.449"
X-4832,SEH1L,81929.0,MutNovel,"S338F,0.314"
X-4832,SERINC2,347735.0,MutNovel,"-373Q,0.726"
X-4832,SERPINA3,12.0,MutNovel,"D70N,1.000"
X-4832,SGK1,6446.0,MutNovel,"Y268F,0.296"
X-4832,SGK223,157285.0,MutNovel,"S1179F,0.250"
X-4832,SGOL2,151246.0,MutNovel,"S279F,0.522"
X-4832,SH3GLB2,56904.0,MutNovel,"S207F,0.516"
X-4832,SHKBP1,92799.0,MutNovel,"E414K,0.423"
X-4832,SIK2,23235.0,MutNovel,"D641N,0.541"
X-4832,SIPA1L3,23094.0,MutNovel,"E521A,0.581"
X-4832,SKIL,6498.0,MutNovel,"E595D,0.379"
X-4832,SLAMF1,6504.0,MutNovel,"L81F,0.475"
X-4832,SLC12A6,9990.0,MutNovel,"I89M,1.000"
X-4832,SLC1A4,6509.0,MutNovel,"S527F,0.506"
X-4832,SLC39A11,201266.0,MutNovel,"V284A,0.520"
X-4832,SLITRK2,84631.0,MutNovel,"P304L,1.000"
X-4832,SMARCA5,8467.0,MutNovel,"E866D,0.476"
X-4832,SNAPC4,6621.0,MutNovel,"S542-,0.214"
X-4832,SNRNP200,23020.0,MutNovel,"I1290S,0.478"
X-4832,SOGA1,,MutNovel,"H1644Y,0.579"
X-4832,SOGA1,,MutNovel,"R96C,0.250"
X-4832,SPG11,80208.0,Del0.8,0.46
X-4832,SPRYD3,84926.0,MutNovel,"G409A,0.371"
X-4832,SPTLC1,10558.0,MutNovel,"M214L,0.554"
X-4832,SRY,6736.0,Del0.8,0.39
X-4832,SSFA2,6744.0,MutNovel,"A812V,0.545"
X-4832,STK32C,282974.0,MutNovel,"S322F,0.639"
X-4832,STK32C,282974.0,MutNovel,"R97W,0.296"
X-4832,SUCLG1,8802.0,MutNovel,"F231S,0.444"
X-4832,SUSD3,203328.0,MutNovel,"G174K,1.000"
X-4832,SYMPK,8189.0,MutNovel,"E687D,0.473"
X-4832,SZT2,23334.0,MutNovel,"A2802V,0.583"
X-4832,TACC2,10579.0,MutNovel,"I2942Y,0.398"
X-4832,TADA3,10474.0,MutNovel,"R383Q,0.457"
X-4832,TBL1Y,90665.0,Del0.8,0.39
X-4832,TGIF2LY,90655.0,Del0.8,0.39
X-4832,THSD4,79875.0,MutNovel,"G791A,1.000"
X-4832,TK2,7084.0,MutNovel,"P124L,0.522"
X-4832,TLCD2,727910.0,MutNovel,"R36G,1.000"
X-4832,TLN1,7094.0,MutNovel,"A1030T,0.515"
X-4832,TMEM178B,,MutNovel,"D242N,0.571"
X-4832,TMEM179B,374395.0,MutNovel,"S50Y,0.571"
X-4832,TMEM183B,,MutKnownFunctional,"-116?,0.600"
X-4832,TMEM200C,645369.0,MutNovel,"G294S,1.000"
X-4832,TMEM237,65062.0,MutNovel,"G234E,0.493"
X-4832,TMEM69,51249.0,MutKnownFunctional,"L230*,0.496"
X-4832,TMEM8A,58986.0,MutNovel,"P370L,0.484"
X-4832,TMEM91,641649.0,MutNovel,"S168F,0.679"
X-4832,TMSB4Y,9087.0,Del0.8,0.39
X-4832,TNS3,64759.0,MutNovel,"G1227E,0.555"
X-4832,TRIM47,91107.0,MutNovel,"E616G,0.421"
X-4832,TRIM48,79097.0,MutNovel,"E165K,0.727"
X-4832,TRIM69,140691.0,Del0.8,0.41
X-4832,TRPM3,80036.0,MutNovel,"E716K,0.600"
X-4832,TRPV4,59341.0,MutNovel,"S432F,0.500"
X-4832,TSPY1,7258.0,Del0.8,0.39
X-4832,TSPY2,64591.0,Del0.8,0.39
X-4832,TSPY3,728137.0,Del0.8,0.39
X-4832,TSPY4,728395.0,Del0.8,0.39
X-4832,TSPY8,728403.0,Del0.8,0.39
X-4832,TSPYL1,7259.0,MutNovel,"V176VW,0.827"
X-4832,TTTY10,246119.0,Del0.8,0.39
X-4832,TTTY11,83866.0,Del0.8,0.39
X-4832,TTTY12,83867.0,Del0.8,0.39
X-4832,TTTY13,83868.0,Del0.8,0.39
X-4832,TTTY14,83869.0,Del0.8,0.39
X-4832,TTTY15,64595.0,Del0.8,0.39
X-4832,TTTY16,252948.0,Del0.8,0.39
X-4832,TTTY17A,252949.0,Del0.8,0.39
X-4832,TTTY17A,252949.0,Del0.8,0.39
X-4832,TTTY18,252950.0,Del0.8,0.39
X-4832,TTTY19,252952.0,Del0.8,0.39
X-4832,TTTY1B,100101116.0,Del0.8,0.39
X-4832,TTTY1B,100101116.0,Del0.8,0.39
X-4832,TTTY2,60439.0,Del0.8,0.39
X-4832,TTTY2,60439.0,Del0.8,0.39
X-4832,TTTY20,252951.0,Del0.8,0.39
X-4832,TTTY21,252953.0,Del0.8,0.39
X-4832,TTTY21,252953.0,Del0.8,0.39
X-4832,TTTY22,252954.0,Del0.8,0.39
X-4832,TTTY23,252955.0,Del0.8,0.39
X-4832,TTTY23,252955.0,Del0.8,0.39
X-4832,TTTY3,114760.0,Del0.8,0.39
X-4832,TTTY3,114760.0,Del0.8,0.39
X-4832,TTTY4,114761.0,Del0.8,0.39
X-4832,TTTY4,114761.0,Del0.8,0.39
X-4832,TTTY5,83863.0,Del0.8,0.39
X-4832,TTTY6,84672.0,Del0.8,0.39
X-4832,TTTY6,84672.0,Del0.8,0.39
X-4832,TTTY7,246122.0,Del0.8,0.39
X-4832,TTTY7,246122.0,Del0.8,0.39
X-4832,TTTY7B,100101120.0,Del0.8,0.39
X-4832,TTTY7B,100101120.0,Del0.8,0.39
X-4832,TTTY8,84673.0,Del0.8,0.39
X-4832,TTTY8,84673.0,Del0.8,0.39
X-4832,TTTY9A,83864.0,Del0.8,0.39
X-4832,TTTY9A,83864.0,Del0.8,0.39
X-4832,TXLNG2P,246126.0,Del0.8,0.39
X-4832,UBE2J1,51465.0,MutNovel,"A80T,0.540"
X-4832,UBP1,7342.0,MutKnownFunctional,"W139*,0.279"
X-4832,UGGT1,56886.0,MutNovel,"P354S,0.422"
X-4832,UQCC,55245.0,MutNovel,"H177Y,0.535"
X-4832,USP20,10868.0,MutNovel,"H399L,0.561"
X-4832,USP36,57602.0,MutNovel,"KKK958K,0.472"
X-4832,USP36,57602.0,MutNovel,"L326R,0.323"
X-4832,USP37,57695.0,MutNovel,"H103Y,0.453"
X-4832,USP9Y,8287.0,Del0.8,0.39
X-4832,UTP20,27340.0,MutNovel,"E1709A,0.456"
X-4832,UTY,7404.0,Del0.8,0.39
X-4832,VASN,114990.0,MutNovel,"R482H,0.583"
X-4832,VAV3,10451.0,MutNovel,"E440K,0.397"
X-4832,VCY,9084.0,Del0.8,0.39
X-4832,VCY,9084.0,Del0.8,0.39
X-4832,VEZF1,7716.0,MutNovel,"T6A,0.552"
X-4832,VPS53,55275.0,MutNovel,"S435F,0.538"
X-4832,VSTM5,387804.0,MutNovel,"G84E,0.867"
X-4832,WNK4,65266.0,MutNovel,"V198A,0.432"
X-4832,WWC2,80014.0,MutNovel,"P681R,0.471"
X-4832,XKRY2,353515.0,Del0.8,0.39
X-4832,XKRY2,353515.0,Del0.8,0.39
X-4832,XYLT2,64132.0,MutNovel,"P91L,0.556"
X-4832,YIF1B,90522.0,MutNovel,"V170A,0.485"
X-4832,ZC3H11A,9877.0,MutNovel,"E458K,0.363"
X-4832,ZC3HAV1,56829.0,MutNovel,"E780K,0.515"
X-4832,ZCCHC11,23318.0,MutKnownFunctional,"W1506*,0.274"
X-4832,ZCCHC18,644353.0,MutNovel,"P334S,1.000"
X-4832,ZFY,7544.0,Del0.8,0.39
X-4832,ZMIZ2,83637.0,MutNovel,"S225F,0.529"
X-4832,ZNF142,7701.0,MutNovel,"R1151K,0.647"
X-4832,ZNF18,7566.0,MutNovel,"H486Y,0.455"
X-4832,ZNF219,51222.0,MutKnownFunctional,"-719?,0.500"
X-4832,ZNF219,51222.0,MutNovel,"QPP233P,0.230"
X-4832,ZNF384,171017.0,MutNovel,"A494S,0.509"
X-4832,ZNF398,57541.0,MutNovel,"L88H,0.426"
X-4832,ZNF398,57541.0,MutNovel,"E114K,0.515"
X-4832,ZNF585B,92285.0,MutNovel,"I259M,1.000"
X-4832,ZNF594,84622.0,MutNovel,"E33R,0.333"
X-4832,ZNF598,90850.0,MutNovel,"H14P,1.000"
X-4832,ZNF653,115950.0,MutNovel,"R52W,0.750"
X-4832,ZNF655,79027.0,MutNovel,"E40K,0.481"
X-4832,ZNF655,79027.0,MutNovel,"L152F,0.422"
X-4832,ZNF658,26149.0,MutNovel,"S976C,1.000"
X-4832,ZNF667,63934.0,MutNovel,"L159P,0.531"
X-4832,ZNF71,58491.0,MutNovel,"S171L,0.434"
X-4832,ZNF736,728927.0,MutNovel,"H251N,0.395"
X-4832,ZNF852,,MutNovel,"L38P,0.478"
X-4832,ZNF888,,MutNovel,"Q450P,0.360"
X-4832,ZRANB2,9406.0,MutNovel,"T90I,0.483"
X-4849,AATK,9625.0,MutNovel,"E72K,0.583"
X-4849,ACTR3C,653857.0,MutNovel,"S163F,1.000"
X-4849,ADAMTS4,9507.0,MutNovel,"G421R,1.000"
X-4849,ADRA2A,150.0,MutNovel,"F2Y,1.000"
X-4849,AGFG2,3268.0,MutNovel,"T155L,0.500"
X-4849,AKAP9,10142.0,MutNovel,"R3758H,0.461"
X-4849,AMELY,266.0,Del0.8,0.14
X-4849,AMICA1,120425.0,MutNovel,"T363I,0.513"
X-4849,ANKAR,150709.0,MutNovel,"S994N,0.417"
X-4849,ANKMY1,51281.0,MutNovel,"P895L,0.571"
X-4849,ANKRD13C,81573.0,MutNovel,"G26R,0.531"
X-4849,ARHGAP21,57584.0,MutNovel,"T1350I,1.000"
X-4849,ARHGAP39,80728.0,MutNovel,"M570I,0.458"
X-4849,ARHGEF40,55701.0,MutNovel,"K383E,0.668"
X-4849,ASCC3,10973.0,MutNovel,"S106F,0.491"
X-4849,ASNS,440.0,MutNovel,"P506S,0.444"
X-4849,ATG2B,55102.0,MutNovel,"Y984N,0.452"
X-4849,ATM,472.0,MutNovel,"N1183I,0.268"
X-4849,ATP13A2,23400.0,MutNovel,"P119L,0.433"
X-4849,ATP5D,513.0,Del0.8,0.62
X-4849,ATRNL1,26033.0,MutNovel,"C961G,0.625"
X-4849,AURKC,6795.0,MutKnownFunctional,"-26,0.750"
X-4849,BCHE,590.0,MutNovel,"E525V,0.454"
X-4849,BCORP1,286554.0,Del0.8,0.14
X-4849,BEST3,144453.0,Amp8,11.96
X-4849,BIRC6,57448.0,MutNovel,"Y1257D,0.400"
X-4849,BOD1L1,,MutNovel,"R2524H,0.457"
X-4849,BPY2B,442867.0,Del0.8,0.08
X-4849,BPY2B,442867.0,Del0.8,0.05
X-4849,BRAF,673.0,MutKnownFunctional,"V600E,0.646"
X-4849,C12orf28,,MutNovel,"G752E,1.000"
X-4849,C19orf26,255057.0,Del0.8,0.62
X-4849,C19orf71,100128569.0,MutNovel,"R10W,0.222"
X-4849,C21orf58,54058.0,MutNovel,"H299PN,0.522"
X-4849,C4orf21,55345.0,MutKnownFunctional,"Y1331*,0.441"
X-4849,CACNB3,784.0,MutNovel,"R305C,0.596"
X-4849,CAMTA2,23125.0,MutNovel,"P946L,0.294"
X-4849,CAND1,55832.0,Amp5,7.46
X-4849,CCDC57,284001.0,MutNovel,"E438K,0.573"
X-4849,CCR3,1232.0,Del0.8,0.77
X-4849,CCT2,10576.0,Amp8,11.96
X-4849,CDK13,8621.0,MutNovel,"E924D,0.496"
X-4849,CDKN2A,1029.0,MutKnownFunctional,"R58*,1.000"
X-4849,CDKN2AIPNL,91368.0,MutNovel,"Q19P,1.000"
X-4849,CDY1B,253175.0,Del0.8,0.14
X-4849,CDY1B,253175.0,Del0.8,0.08
X-4849,CDY2A,9426.0,Del0.8,0.14
X-4849,CDY2A,9426.0,Del0.8,0.14
X-4849,CDY2B,203611.0,Del0.8,0.14
X-4849,CDY2B,203611.0,Del0.8,0.14
X-4849,CELSR2,1952.0,MutNovel,"V491M,0.408"
X-4849,CHD3,1107.0,MutNovel,"-81P,0.625"
X-4849,CHSY1,22856.0,MutNovel,"P657L,0.349"
X-4849,CIRBP-AS1,148046.0,Del0.8,0.62
X-4849,CLCN7,1186.0,MutNovel,"G33W,0.396"
X-4849,CNOT2,4848.0,Amp8,16.68
X-4849,COL15A1,1306.0,MutNovel,"T360I,1.000"
X-4849,COL16A1,1307.0,MutNovel,"V569L,0.537"
X-4849,COL6A2,1292.0,MutNovel,"R930H,1.000"
X-4849,COL7A1,1294.0,MutNovel,"E907K,1.000"
X-4849,CPM,1368.0,Amp8,18.38
X-4849,CPSF6,11052.0,Amp8,21.56
X-4849,CPT1A,1374.0,MutNovel,"S315F,0.631"
X-4849,CRYZ,1429.0,MutNovel,"S273F,0.511"
X-4849,CSAG1,158511.0,Del0.8,0.65
X-4849,CSAG2,728461.0,Del0.8,0.41
X-4849,CSAG3,389903.0,Del0.8,0.41
X-4849,CSK,1445.0,MutNovel,"E100K,0.285"
X-4849,CSPG4,1464.0,MutNovel,"P407L,0.474"
X-4849,CSPG4P1Y,114758.0,Del0.8,0.14
X-4849,CSPG4P1Y,114758.0,Del0.8,0.21
X-4849,CTNND2,1501.0,MutNovel,"F1160C,1.000"
X-4849,CTSA,5476.0,MutNovel,"L29-,0.885"
X-4849,DAZ1,1617.0,Del0.8,0.14
X-4849,DAZ2,57055.0,Del0.8,0.09
X-4849,DAZ3,57054.0,Del0.8,0.08
X-4849,DAZ3,57054.0,Del0.8,0.05
X-4849,DAZ4,57135.0,Del0.8,0.1
X-4849,DAZ4,57135.0,Del0.8,0.07
X-4849,DCHS1,8642.0,MutNovel,"L33LW,0.500"
X-4849,DDX3Y,8653.0,Del0.8,0.14
X-4849,DEPDC1,55635.0,MutNovel,"P116L,0.422"
X-4849,DOK7,285489.0,MutKnownFunctional,"-444L?,0.333"
X-4849,DPYSL2,1808.0,MutNovel,"N492S,0.481"
X-4849,DUSP4,1846.0,MutNovel,"V269M,0.532"
X-4849,DYNC2H1,79659.0,MutNovel,"M828I,0.308"
X-4849,DYRK2,8445.0,Amp8,13
X-4849,EIF1AY,9086.0,Del0.8,0.14
X-4849,EIF2B3,8891.0,MutNovel,"R91C,0.539"
X-4849,EIF2C4,192670.0,MutNovel,"P576L,0.408"
X-4849,EPOR,2057.0,MutNovel,"P322L,0.380"
X-4849,ETFA,2108.0,MutNovel,"G116K,0.666"
X-4849,FAM171A2,284069.0,MutNovel,"Q155H,0.444"
X-4849,FAM189B,10712.0,MutKnownFunctional,"-25,0.974"
X-4849,FAM197Y2P,252946.0,Del0.8,0.14
X-4849,FAM35B,414241.0,Del0.8,0.42
X-4849,FAM41AY1,340618.0,Del0.8,0.14
X-4849,FAM41AY1,340618.0,Del0.8,0.14
X-4849,FAM59B,150946.0,MutNovel,"Q407R,1.000"
X-4849,FAM86B2,653333.0,MutNovel,"R285S,1.000"
X-4849,FASTKD2,22868.0,MutNovel,"R153C,0.361"
X-4849,FBXO6,26270.0,MutNovel,"M51V,0.283"
X-4849,FGFR4,2264.0,MutNovel,"G556E,1.000"
X-4849,FLJ41278,400046.0,Amp5,5.82
X-4849,FLYWCH1,84256.0,MutNovel,"P379S,0.412"
X-4849,FOXO1,2308.0,MutNovel,"G116V,1.000"
X-4849,FREM1,158326.0,MutNovel,"E2024D,1.000"
X-4849,FREM1,158326.0,MutNovel,"D922N,1.000"
X-4849,FRS2,10818.0,Amp8,13.93
X-4849,GAGE12H,,MutNovel,"D93E,0.324"
X-4849,GBF1,8729.0,MutNovel,"R238H,1.000"
X-4849,GCN1L1,10985.0,MutNovel,"A857V,1.000"
X-4849,GEMIN4,50628.0,MutNovel,"F624L,0.564"
X-4849,GIGYF2,26058.0,MutNovel,"PQ1231P,0.747"
X-4849,GLB1L2,89944.0,MutNovel,"E169K,1.000"
X-4849,GLUD2,2747.0,MutNovel,"G35R,1.000"
X-4849,GNL1,2794.0,MutNovel,"P521S,0.498"
X-4849,GOLGA2P2Y,84559.0,Del0.8,0.21
X-4849,GOLGA2P2Y,84559.0,Del0.8,0.14
X-4849,GOLGA8H,,MutNovel,"L311V,1.000"
X-4849,GOLGB1,2804.0,MutNovel,"R2154H,0.494"
X-4849,GRIP1,23426.0,Amp5,7.11
X-4849,GSTM1,2944.0,Del0.8,0.53
X-4849,GSTT1,2952.0,Del0.8,0.3
X-4849,GSTTP2,653399.0,Del0.8,0.78
X-4849,GUCY2F,2986.0,Del0.8,0.77
X-4849,GYG2P1,352887.0,Del0.8,0.14
X-4849,HEATR5A,25938.0,MutNovel,"R266K,0.256"
X-4849,HEATR6,63897.0,MutNovel,"S998F,0.510"
X-4849,HELB,92797.0,Amp5,5.82
X-4849,HERC2,8924.0,MutNovel,"R1116Q,0.737"
X-4849,HINFP,25988.0,MutNovel,"A493V,0.569"
X-4849,HOXC12,3228.0,MutNovel,"F262L,1.000"
X-4849,HPGD,3248.0,Del0.8,0.76
X-4849,HRNR,388697.0,MutNovel,"R2167C,0.214"
X-4849,HRNR,388697.0,MutKnownFunctional,"-1,0.800"
X-4849,HSFY2,159119.0,Del0.8,0.14
X-4849,HSFY2,159119.0,Del0.8,0.14
X-4849,IFNG,3458.0,Amp8,14.62
X-4849,IGFBP2,3485.0,MutNovel,"L17LLPP,0.477"
X-4849,IL22,50616.0,Amp8,14.62
X-4849,IL26,55801.0,Amp8,14.62
X-4849,INTS1,26173.0,MutNovel,"L1481F,0.529"
X-4849,IQCK,124152.0,MutNovel,"R161G,0.522"
X-4849,IRAK3,11213.0,Amp8,8
X-4849,IREB2,3658.0,MutNovel,"S332F,0.684"
X-4849,IWS1,55677.0,MutNovel,"V733A,0.577"
X-4849,JAK2,3717.0,MutNovel,"E268D,1.000"
X-4849,KAZN,23254.0,MutNovel,"R315W,0.563"
X-4849,KBTBD7,84078.0,MutNovel,"A48P,0.588"
X-4849,KCNJ5,3762.0,MutNovel,"D266N,0.750"
X-4849,KCNMB4,27345.0,Amp8,13.83
X-4849,KDM1B,221656.0,MutNovel,"K296R,0.538"
X-4849,KDM1B,221656.0,MutNovel,"Q389R,0.506"
X-4849,KDM5D,8284.0,Del0.8,0.14
X-4849,KIAA0586,9786.0,MutNovel,"V1085L,0.500"
X-4849,KLC2,64837.0,MutNovel,"P176L,0.435"
X-4849,KRT8,3856.0,MutNovel,"T215A,0.250"
X-4849,LAMA1,284217.0,MutNovel,"P1085S,1.000"
X-4849,LCE3B,353143.0,Del0.8,0.18
X-4849,LCE3C,353144.0,Del0.8,0.11
X-4849,LLPH,84298.0,Amp8,8
X-4849,LOC100132731,,MutNovel,"V573M,0.400"
X-4849,LOC100289151,,MutNovel,"L68P,1.000"
X-4849,LOC100507250,100507250.0,Amp8,14.62
X-4849,LOC100652772,,MutNovel,"P21S,1.000"
X-4849,LOC100653168,,MutNovel,"R560C,0.390"
X-4849,LOC100653168,,MutNovel,"L373V,0.645"
X-4849,LOC100653168,,MutNovel,"S272A,0.651"
X-4849,LOC100996607,,MutNovel,"K262E,1.000"
X-4849,LOC100996633,,MutNovel,"S18R,0.273"
X-4849,LOC100996633,,MutNovel,"S11P,0.333"
X-4849,LOC100996689,,MutNovel,"D237E,0.417"
X-4849,LOC100996689,,MutNovel,"P185S,0.429"
X-4849,LOC257396,257396.0,Del0.8,0.74
X-4849,LOC285556,,MutNovel,"K1447E,1.000"
X-4849,LOC391322,391322.0,Del0.8,0.3
X-4849,LOC401180,,MutNovel,"-133G,1.000"
X-4849,LOC642799,,MutNovel,"H146Q,1.000"
X-4849,LOC728888,,MutNovel,"A1077V,0.300"
X-4849,LRCH4,4034.0,MutNovel,"P362S,0.478"
X-4849,LRRC10,376132.0,Amp8,11.96
X-4849,LSR,51599.0,MutNovel,"G518GR,0.818"
X-4849,LYZ,4069.0,Amp8,16.34
X-4849,MAGEA12,4111.0,Del0.8,0.41
X-4849,MAGEA2,4101.0,Del0.8,0.41
X-4849,MAGEA6,4105.0,Del0.8,0.41
X-4849,MAGEB16,139604.0,MutNovel,"D101N,1.000"
X-4849,MAGI1,9223.0,MutNovel,"Q421HR,0.323"
X-4849,MAML3,55534.0,MutNovel,"G382C,0.514"
X-4849,MAP2K5,5607.0,MutNovel,"I21M,0.716"
X-4849,MAPK10,5602.0,MutNovel,"S415F,0.465"
X-4849,MDM1,56890.0,Amp8,14.62
X-4849,MDM2,4193.0,Amp8,12.91
X-4849,MED1,5469.0,MutNovel,"R249P,0.541"
X-4849,MED15,51586.0,MutNovel,"-251Q,0.333"
X-4849,MELK,9833.0,MutNovel,"L458P,0.385"
X-4849,MEN1,4221.0,MutNovel,"R171Q,0.490"
X-4849,MGAM,8972.0,Del0.8,0.64
X-4849,MIDN,90007.0,Del0.8,0.62
X-4849,MIR1279,100302182.0,Amp8,21.56
X-4849,MIR3913-1,100500903.0,Amp8,11.96
X-4849,MIR3913-2,100500868.0,Amp8,11.96
X-4849,MIR4675,100616383.0,Del0.8,0.47
X-4849,MKI67,4288.0,Del0.8,0.74
X-4849,MLLT1,4298.0,MutNovel,"T229I,0.482"
X-4849,MOB3B,79817.0,MutNovel,"H181Y,0.361"
X-4849,MPRIP,23164.0,MutNovel,"TS178T,0.529"
X-4849,MRGPRX1,259249.0,MutNovel,"I312T,1.000"
X-4849,MRGPRX1,259249.0,MutNovel,"E310Q,1.000"
X-4849,MRGPRX1,259249.0,Del0.8,0.21
X-4849,NBPF11,200030.0,MutNovel,"V57G,0.231"
X-4849,NCOA6,23054.0,MutNovel,"G1250R,0.458"
X-4849,NCOR2,9612.0,MutNovel,"G1839GAAA,0.556"
X-4849,NCRNA00185,55410.0,Del0.8,0.14
X-4849,NDUFA8,4702.0,MutNovel,"R145K,0.999"
X-4849,NEB,4703.0,MutKnownFunctional,"W6521*,1.000"
X-4849,NEK11,79858.0,MutNovel,"P250L,0.667"
X-4849,NFATC1,4772.0,MutNovel,"S148N,0.411"
X-4849,NLGN4Y,22829.0,Del0.8,0.14
X-4849,NLN,57486.0,MutNovel,"A332T,1.000"
X-4849,NLRC5,84166.0,MutNovel,"E956K,0.692"
X-4849,NME6,10201.0,MutNovel,"S146T,1.000"
X-4849,NOL8,55035.0,MutNovel,"R374C,1.000"
X-4849,NRD1,4898.0,MutNovel,"L655F,0.486"
X-4849,NUP107,57122.0,Amp8,14.62
X-4849,NXN,64359.0,MutNovel,"F90L,0.519"
X-4849,OR2T8,343172.0,MutNovel,"L144M,1.000"
X-4849,OR4F5,79501.0,Del0.8,0.58
X-4849,ORAI1,84876.0,MutNovel,"PP43-,0.700"
X-4849,PABPC3,5042.0,MutKnownFunctional,"-239,0.600"
X-4849,PABPC3,5042.0,MutNovel,"G451A,1.000"
X-4849,PACRGL,133015.0,MutNovel,"D171Y,0.333"
X-4849,PCDH11Y,83259.0,Del0.8,0.14
X-4849,PDZRN3,23024.0,MutNovel,"H152Y,1.000"
X-4849,PEG10,23089.0,MutNovel,"T781I,1.000"
X-4849,PGM1,5236.0,MutNovel,"S364R,0.500"
X-4849,PHIP,55023.0,MutNovel,"R740K,0.529"
X-4849,PHLDA1,22822.0,MutNovel,"QQ194Q,0.571"
X-4849,PIEZO2,63895.0,MutNovel,"R1159K,1.000"
X-4849,PIK3C2B,5287.0,MutNovel,"S399F,1.000"
X-4849,PIKFYVE,200576.0,MutNovel,"G909V,0.411"
X-4849,PKD1,5310.0,MutNovel,"A1654V,0.434"
X-4849,PKN1,5585.0,MutNovel,"P790F,0.658"
X-4849,PLCG1,5335.0,MutNovel,"G3D,0.561"
X-4849,PLXNA3,55558.0,MutNovel,"P506L,1.000"
X-4849,PLXNB2,23654.0,MutNovel,"H644Q,0.634"
X-4849,PMS1,5378.0,MutNovel,"P768S,0.547"
X-4849,PNLIPRP3,119548.0,MutKnownFunctional,"-178?,0.933"
X-4849,POM121L8P,29797.0,Del0.8,0.76
X-4849,PPARA,5465.0,MutNovel,"R127Q,0.574"
X-4849,PPIC,5480.0,MutNovel,"P118S,1.000"
X-4849,PRKY,5616.0,Del0.8,0.14
X-4849,PRY,9081.0,Del0.8,0.14
X-4849,PRY,9081.0,Del0.8,0.14
X-4849,PRY2,442862.0,Del0.8,0.14
X-4849,PRY2,442862.0,Del0.8,0.14
X-4849,PTEN,5728.0,Del0.8,0.38
X-4849,PTPRB,5787.0,Amp8,13.83
X-4849,QTRTD1,79691.0,MutNovel,"G401E,0.529"
X-4849,RAB3GAP1,22930.0,MutNovel,"H287L,0.540"
X-4849,RAB3IP,117177.0,Amp8,11.96
X-4849,RABEPK,10244.0,MutKnownFunctional,"-133,0.936"
X-4849,RALGAPA2,57186.0,MutNovel,"T282I,0.278"
X-4849,RAP1B,5908.0,Amp8,14.62
X-4849,RASAL3,64926.0,MutNovel,"P259L,0.690"
X-4849,RBMY1A3P,286557.0,Del0.8,0.14
X-4849,RBMY1B,378948.0,Del0.8,0.14
X-4849,RBMY1B,378948.0,Del0.8,0.14
X-4849,RBMY1E,378950.0,Del0.8,0.14
X-4849,RBMY1E,378950.0,Del0.8,0.14
X-4849,RBMY1F,159163.0,Del0.8,0.14
X-4849,RBMY1F,159163.0,Del0.8,0.14
X-4849,RBMY1J,378951.0,Del0.8,0.14
X-4849,RBMY1J,378951.0,Del0.8,0.14
X-4849,RBMY2EP,159125.0,Del0.8,0.14
X-4849,RBMY2FP,159162.0,Del0.8,0.14
X-4849,RBMY3AP,64593.0,Del0.8,0.14
X-4849,RCN1,5954.0,MutNovel,"S234F,0.310"
X-4849,RFPL1,5988.0,MutNovel,"S224G,1.000"
X-4849,RIPK1,8737.0,MutNovel,"A569V,0.485"
X-4849,RNASET2,8635.0,MutNovel,"R107C,0.586"
X-4849,RNLS,55328.0,Del0.8,0.28
X-4849,RORC,6097.0,MutNovel,"E504K,1.000"
X-4849,RP1L1,94137.0,MutKnownFunctional,"W619*,0.600"
X-4849,RPL14,9045.0,MutNovel,"T149TA,0.632"
X-4849,RPS19BP1,91582.0,MutNovel,"V55A,0.501"
X-4849,RPS4Y1,6192.0,Del0.8,0.14
X-4849,RPS4Y2,140032.0,Del0.8,0.14
X-4849,RRP7A,27341.0,MutNovel,"N65S,0.500"
X-4849,RSPH4A,345895.0,MutNovel,"P527S,0.545"
X-4849,RTTN,25914.0,MutNovel,"V1376A,0.500"
X-4849,SERINC2,347735.0,MutNovel,"-373Q,0.724"
X-4849,SETX,23064.0,MutNovel,"E35K,1.000"
X-4849,SGOL2,151246.0,MutNovel,"S266F,0.667"
X-4849,SHROOM1,134549.0,MutKnownFunctional,"-307,1.000"
X-4849,SIGLEC14,100049587.0,Del0.8,0.15
X-4849,SIRPB1,10326.0,MutNovel,"V131A,1.000"
X-4849,SIRPG,55423.0,MutNovel,"G73A,1.000"
X-4849,SIRPG,55423.0,MutNovel,"M34V,1.000"
X-4849,SIRT1,23411.0,MutNovel,"P37L,1.000"
X-4849,SLC16A7,9194.0,Del0.8,0.2
X-4849,SLC25A13,10165.0,MutNovel,"G117K,0.511"
X-4849,SLC30A4,7782.0,MutNovel,"H66R,0.680"
X-4849,SLC35E3,55508.0,Amp8,14.62
X-4849,SLC6A17,388662.0,MutNovel,"V159M,0.405"
X-4849,SLC9A3,6550.0,MutNovel,"A548T,0.994"
X-4849,SNORA70G,100379132.0,Amp8,14.62
X-4849,SPATA7,55812.0,MutNovel,"R464H,0.590"
X-4849,SPTBN2,6712.0,MutNovel,"E737K,0.684"
X-4849,SREK1,140890.0,MutNovel,"P102S,1.000"
X-4849,SRY,6736.0,Del0.8,0.14
X-4849,STRA13,201254.0,MutNovel,"E13K,0.402"
X-4849,SYNGAP1,8831.0,MutNovel,"P1084S,0.672"
X-4849,TAG,404663.0,Del0.8,0.62
X-4849,TAS2R43,259289.0,MutNovel,"Q217E,0.833"
X-4849,TAX1BP1,8887.0,MutNovel,"S607F,0.505"
X-4849,TBC1D30,23329.0,Amp5,5.82
X-4849,TBL1Y,90665.0,Del0.8,0.14
X-4849,TCF20,6942.0,MutNovel,"P372L,0.509"
X-4849,TEP1,7011.0,MutNovel,"H1200Y,0.463"
X-4849,TGIF2LY,90655.0,Del0.8,0.14
X-4849,TGS1,96764.0,MutNovel,"K572N,0.545"
X-4849,THAP4,51078.0,MutNovel,"G111D,0.657"
X-4849,TLR4,7099.0,MutNovel,"E24Q,0.986"
X-4849,TMBIM4,51643.0,Amp8,8
X-4849,TMCO1,54499.0,MutNovel,"R5Q,1.000"
X-4849,TMEM120A,83862.0,MutNovel,"Y171H,0.502"
X-4849,TMEM161A,54929.0,MutNovel,"E193K,0.476"
X-4849,TMEM184B,25829.0,MutNovel,"Y72C,0.533"
X-4849,TMLHE,55217.0,Del0.8,0.52
X-4849,TMSB4Y,9087.0,Del0.8,0.14
X-4849,TNKS,8658.0,MutNovel,"G1092S,0.463"
X-4849,TOP3B,8940.0,MutNovel,"S713F,0.500"
X-4849,TOPORS,10210.0,MutNovel,"S380L,0.324"
X-4849,TP53I11,9537.0,MutNovel,"V47A,0.500"
X-4849,TRIM11,81559.0,MutNovel,"P327L,1.000"
X-4849,TRIM23,373.0,MutNovel,"P46S,1.000"
X-4849,TRPM1,4308.0,MutKnownFunctional,"-1340,0.717"
X-4849,TRPV2,51393.0,Del0.8,0.68
X-4849,TSPY1,7258.0,Del0.8,0.14
X-4849,TSPY2,64591.0,Del0.8,0.14
X-4849,TSPY3,728137.0,Del0.8,0.14
X-4849,TSPY4,728395.0,Del0.8,0.14
X-4849,TSPY8,728403.0,Del0.8,0.14
X-4849,TSTA3,7264.0,MutNovel,"M263L,0.512"
X-4849,TTLL1,25809.0,MutNovel,"P228M,0.416"
X-4849,TTN,7273.0,MutNovel,"K15422R,0.600"
X-4849,TTTY10,246119.0,Del0.8,0.14
X-4849,TTTY11,83866.0,Del0.8,0.14
X-4849,TTTY12,83867.0,Del0.8,0.14
X-4849,TTTY13,83868.0,Del0.8,0.14
X-4849,TTTY14,83869.0,Del0.8,0.14
X-4849,TTTY15,64595.0,Del0.8,0.14
X-4849,TTTY16,252948.0,Del0.8,0.14
X-4849,TTTY17A,252949.0,Del0.8,0.08
X-4849,TTTY17A,252949.0,Del0.8,0.05
X-4849,TTTY18,252950.0,Del0.8,0.14
X-4849,TTTY19,252952.0,Del0.8,0.14
X-4849,TTTY1B,100101116.0,Del0.8,0.14
X-4849,TTTY1B,100101116.0,Del0.8,0.14
X-4849,TTTY2,60439.0,Del0.8,0.14
X-4849,TTTY2,60439.0,Del0.8,0.14
X-4849,TTTY20,252951.0,Del0.8,0.14
X-4849,TTTY21,252953.0,Del0.8,0.14
X-4849,TTTY21,252953.0,Del0.8,0.14
X-4849,TTTY22,252954.0,Del0.8,0.14
X-4849,TTTY23,252955.0,Del0.8,0.14
X-4849,TTTY23,252955.0,Del0.8,0.14
X-4849,TTTY3,114760.0,Del0.8,0.14
X-4849,TTTY3,114760.0,Del0.8,0.08
X-4849,TTTY4,114761.0,Del0.8,0.08
X-4849,TTTY4,114761.0,Del0.8,0.05
X-4849,TTTY5,83863.0,Del0.8,0.14
X-4849,TTTY6,84672.0,Del0.8,0.14
X-4849,TTTY6,84672.0,Del0.8,0.14
X-4849,TTTY7,246122.0,Del0.8,0.14
X-4849,TTTY7,246122.0,Del0.8,0.14
X-4849,TTTY7B,100101120.0,Del0.8,0.14
X-4849,TTTY7B,100101120.0,Del0.8,0.14
X-4849,TTTY8,84673.0,Del0.8,0.14
X-4849,TTTY8,84673.0,Del0.8,0.14
X-4849,TTTY9A,83864.0,Del0.8,0.14
X-4849,TTTY9A,83864.0,Del0.8,0.14
X-4849,TXK,7294.0,MutKnownFunctional,"W264*,1.000"
X-4849,TXLNG2P,246126.0,Del0.8,0.14
X-4849,TXNRD1,7296.0,MutNovel,"P494L,0.996"
X-4849,UBR4,23352.0,MutNovel,"K1386R,0.564"
X-4849,UCKL1,54963.0,MutNovel,"G386GG,0.417"
X-4849,UGGT2,55757.0,MutNovel,"Q207R,0.634"
X-4849,USP36,57602.0,MutNovel,"KKK958K,0.724"
X-4849,USP41,,MutNovel,"T319A,0.462"
X-4849,USP9Y,8287.0,Del0.8,0.14
X-4849,UTY,7404.0,Del0.8,0.14
X-4849,VCY,9084.0,Del0.8,0.14
X-4849,VCY,9084.0,Del0.8,0.14
X-4849,VHL,7428.0,MutNovel,"P25L,1.000"
X-4849,VPS13B,157680.0,MutNovel,"D191G,0.410"
X-4849,VPS13D,55187.0,MutNovel,"G1910E,0.583"
X-4849,WASH1,100287171.0,MutNovel,"A372G,0.571"
X-4849,XKRY2,353515.0,Del0.8,0.14
X-4849,XKRY2,353515.0,Del0.8,0.14
X-4849,YEATS4,8089.0,Amp8,16.34
X-4849,ZDHHC11,79844.0,MutNovel,"A303D,1.000"
X-4849,ZFHX3,463.0,MutNovel,"QQQ3202Q,0.517"
X-4849,ZFY,7544.0,Del0.8,0.14
X-4849,ZNF219,51222.0,MutNovel,"QPP233P,0.232"
X-4849,ZNF295,49854.0,MutNovel,"S112F,0.667"
X-4849,ZNF318,24149.0,MutKnownFunctional,"Q208*,0.564"
X-4849,ZNF318,24149.0,MutNovel,"R84P,0.250"
X-4849,ZNF367,195828.0,MutNovel,"P112T,0.850"
X-4849,ZNF514,84874.0,MutNovel,"P315S,0.697"
X-4849,ZNF541,84215.0,MutNovel,"P811A,0.895"
X-4849,ZNF541,84215.0,MutNovel,"S792C,0.733"
X-4849,ZNF541,84215.0,MutNovel,"S675Y,0.815"
X-4849,ZNF541,84215.0,MutNovel,"P657T,1.000"
X-4849,ZNF541,84215.0,MutNovel,"P408L,1.000"
X-4849,ZNF554,115196.0,MutNovel,"S148L,0.521"
X-4849,ZNF561,93134.0,MutNovel,"S377F,0.345"
X-4849,ZNF616,90317.0,MutNovel,"P520R,0.963"
X-4849,ZNF721,170960.0,MutNovel,"H827Y,0.398"
X-4849,ZNF772,400720.0,MutNovel,"A4GP,0.738"
X-4849,ZNF783,100289678.0,MutNovel,"E166K,0.530"
X-4849,ZNF8,7554.0,MutNovel,"S75A,0.436"
X-5189,AASDHPPT,60496.0,Del0.8,0.71
X-5189,ACAT1,38.0,Del0.8,0.73
X-5189,ACER3,55331.0,Amp5,6.32
X-5189,ACO1,48.0,Del0.8,0.3
X-5189,ACRC,93953.0,Del0.8,0.71
X-5189,ACTR3C,653857.0,MutNovel,"S163F,1.000"
X-5189,AGPAT4,56895.0,MutNovel,"H161L,0.900"
X-5189,AKNAD1,254268.0,Amp5,6.06
X-5189,ALDH1B1,219.0,Del0.8,0.75
X-5189,ALDH3A2,224.0,Del0.8,0.25
X-5189,ALG9,79796.0,Del0.8,0.72
X-5189,ALKBH8,91801.0,Del0.8,0.73
X-5189,AMELY,266.0,Del0.8,0.26
X-5189,ANGPTL5,253935.0,Del0.8,0.71
X-5189,ANKK1,255239.0,Del0.8,0.72
X-5189,ANKRD18A,253650.0,Del0.8,0.44
X-5189,ANKRD20A4,728747.0,Del0.8,0.68
X-5189,ANO1,55107.0,Amp5,6.06
X-5189,APOA1,335.0,Del0.8,0.71
X-5189,APOA4,337.0,Del0.8,0.71
X-5189,APOA5,116519.0,Del0.8,0.71
X-5189,APOC3,345.0,Del0.8,0.71
X-5189,APTX,54840.0,Del0.8,0.71
X-5189,AQP11,282679.0,Amp5,5.58
X-5189,AR,367.0,Del0.8,0.7
X-5189,ARHGAP20,57569.0,Del0.8,0.69
X-5189,ARHGAP42,143872.0,Del0.8,0.71
X-5189,ARR3,407.0,Del0.8,0.71
X-5189,ATG2A,23130.0,Del0.8,0.77
X-5189,ATL3,25923.0,Del0.8,0.77
X-5189,ATM,472.0,Del0.8,0.73
X-5189,AWAT1,158833.0,Del0.8,0.71
X-5189,AWAT2,158835.0,Del0.8,0.71
X-5189,B3GNT6,192134.0,Amp5,6.32
X-5189,B9D1,27077.0,Del0.8,0.27
X-5189,BACE1-AS,100379571.0,Del0.8,0.71
X-5189,BAD,572.0,Del0.8,0.77
X-5189,BCO2,83875.0,Del0.8,0.72
X-5189,BCORP1,286554.0,Del0.8,0.24
X-5189,BCYRN1,618.0,Del0.8,0.71
X-5189,BIRC2,329.0,Del0.8,0.71
X-5189,BIRC3,330.0,Del0.8,0.71
X-5189,BMS1,9790.0,MutNovel,"Q858E,0.857"
X-5189,BMS1,9790.0,MutNovel,"R863H,0.750"
X-5189,BMS1,9790.0,MutNovel,"M976I,0.667"
X-5189,BMS1,9790.0,MutNovel,"L1091R,0.300"
X-5189,BPY2B,442867.0,Del0.8,0.1
X-5189,BPY2B,442867.0,Del0.8,0.15
X-5189,BTG4,54766.0,Del0.8,0.72
X-5189,BUD13,84811.0,Del0.8,0.71
X-5189,BYSL,705.0,MutNovel,"E130V,0.638"
X-5189,C10orf90,118611.0,MutNovel,"S291SR,0.615"
X-5189,C11orf1,64776.0,Del0.8,0.72
X-5189,C11orf20,25858.0,Del0.8,0.77
X-5189,C11orf34,349633.0,Del0.8,0.72
X-5189,C11orf53,341032.0,Del0.8,0.69
X-5189,C11orf57,55216.0,Del0.8,0.72
X-5189,C11orf65,160140.0,Del0.8,0.73
X-5189,C11orf70,85016.0,Del0.8,0.71
X-5189,C11orf71,54494.0,Del0.8,0.72
X-5189,C11orf82,220042.0,Amp5,6.19
X-5189,C11orf84,144097.0,Del0.8,0.77
X-5189,C11orf88,399949.0,Del0.8,0.72
X-5189,C11orf92,399948.0,Del0.8,0.69
X-5189,C11orf93,120376.0,Del0.8,0.69
X-5189,C11orf95,65998.0,Del0.8,0.77
X-5189,C19orf71,100128569.0,MutNovel,"V150M,0.667"
X-5189,C1orf159,54991.0,MutNovel,"G76S,1.000"
X-5189,C1orf194,127003.0,Amp5,6.06
X-5189,C2orf27A,29798.0,MutNovel,"R19L,0.857"
X-5189,C9orf11,54586.0,Del0.8,0.34
X-5189,C9orf53,51198.0,Del0.8,0.22
X-5189,C9orf72,203228.0,Del0.8,0.22
X-5189,CADM1,23705.0,Del0.8,0.72
X-5189,CALML4,91860.0,Amp5,6.23
X-5189,CAPN5,726.0,Amp5,6.32
X-5189,CARD16,114769.0,Del0.8,0.71
X-5189,CARD17,440068.0,Del0.8,0.71
X-5189,CARD18,59082.0,Del0.8,0.71
X-5189,CASP1,834.0,Del0.8,0.71
X-5189,CASP12,100506742.0,Del0.8,0.71
X-5189,CASP4,837.0,Del0.8,0.71
X-5189,CASP5,838.0,Del0.8,0.71
X-5189,CASQ2,845.0,Amp5,7.06
X-5189,CATSPER2,117155.0,Del0.8,0.3
X-5189,CBWD6,644019.0,Del0.8,0.68
X-5189,CCDC88B,283234.0,Del0.8,0.77
X-5189,CCIN,881.0,Del0.8,0.73
X-5189,CDC42BPG,55561.0,Del0.8,0.77
X-5189,CDKN2A,1029.0,Del0.8,0.22
X-5189,CDKN2B,1030.0,Del0.8,0.39
X-5189,CDX4,1046.0,Del0.8,0.76
X-5189,CDY1B,253175.0,Del0.8,0.24
X-5189,CDY1B,253175.0,Del0.8,0.15
X-5189,CDY2A,9426.0,Del0.8,0.24
X-5189,CDY2A,9426.0,Del0.8,0.24
X-5189,CDY2B,203611.0,Del0.8,0.24
X-5189,CDY2B,203611.0,Del0.8,0.24
X-5189,CELF1,10658.0,MutNovel,"M28V,1.000"
X-5189,CELSR2,1952.0,Amp5,6.06
X-5189,CENPM,79019.0,Amp5,6.28
X-5189,CGRRF1,10668.0,MutNovel,"Y136C,0.486"
X-5189,CHIC1,53344.0,Del0.8,0.76
X-5189,CHRNE,1145.0,MutKnownFunctional,"-451?,0.778"
X-5189,CITED1,4435.0,Del0.8,0.68
X-5189,CKMT1B,1159.0,Del0.8,0.58
X-5189,CLCC1,23155.0,Amp5,6.06
X-5189,CLDN25,644672.0,Del0.8,0.72
X-5189,CLEC18B,497190.0,MutNovel,"R352C,1.000"
X-5189,CLN6,54982.0,Amp5,6.23
X-5189,CLNS1A,1207.0,Amp5,5.58
X-5189,CLTA,1211.0,Del0.8,0.73
X-5189,CNTNAP3B,728577.0,Del0.8,0.79
X-5189,CORO1C,23603.0,MutNovel,"G67A,0.727"
X-5189,COX8A,1351.0,Del0.8,0.77
X-5189,CREBBP,1387.0,MutNovel,"A138T,1.000"
X-5189,CRYAB,1410.0,Del0.8,0.72
X-5189,CSDE1,7812.0,Amp5,5.03
X-5189,CSPG4P1Y,114758.0,Del0.8,0.24
X-5189,CSPG4P1Y,114758.0,Del0.8,0.37
X-5189,CTSA,5476.0,MutNovel,"L29-,0.342"
X-5189,CUL5,8065.0,Del0.8,0.73
X-5189,CXCR3,2833.0,Del0.8,0.71
X-5189,CXorf26,51260.0,Del0.8,0.8
X-5189,CXorf49B,100132994.0,Del0.8,0.71
X-5189,CXorf49B,100132994.0,Del0.8,0.71
X-5189,CXorf65,158830.0,Del0.8,0.71
X-5189,DAZ1,1617.0,Del0.8,0.24
X-5189,DAZ2,57055.0,Del0.8,0.17
X-5189,DAZ3,57054.0,Del0.8,0.1
X-5189,DAZ3,57054.0,Del0.8,0.15
X-5189,DAZ4,57135.0,Del0.8,0.13
X-5189,DAZ4,57135.0,Del0.8,0.18
X-5189,DCAF10,79269.0,Del0.8,0.75
X-5189,DCUN1D5,84259.0,Del0.8,0.71
X-5189,DDI1,414301.0,Del0.8,0.71
X-5189,DDX10,1662.0,Del0.8,0.73
X-5189,DDX3Y,8653.0,Del0.8,0.24
X-5189,DDX58,23586.0,Del0.8,0.71
X-5189,DEFB126,81623.0,MutKnownFunctional,"-53,1.000"
X-5189,DGAT2L6,347516.0,Del0.8,0.71
X-5189,DHRS7B,25979.0,Amp5,5.82
X-5189,DIXDC1,85458.0,Del0.8,0.72
X-5189,DLAT,1737.0,Del0.8,0.72
X-5189,DLG3,1741.0,Del0.8,0.71
X-5189,DMRTA1,63951.0,Del0.8,0.12
X-5189,DMRTC1B,728656.0,Del0.8,0.68
X-5189,DMRTC1B,728656.0,Del0.8,0.68
X-5189,DNAJA1,3301.0,Del0.8,0.71
X-5189,DNAJC4,3338.0,Del0.8,0.77
X-5189,DRD2,1813.0,Del0.8,0.72
X-5189,DYNC2H1,79659.0,Del0.8,0.71
X-5189,EBF3,253738.0,MutNovel,"V437I,0.760"
X-5189,EDA,1896.0,Del0.8,0.71
X-5189,EEF1A1,1915.0,MutNovel,"A298T,0.710"
X-5189,EHD1,10938.0,Del0.8,0.77
X-5189,EIF1AY,9086.0,Del0.8,0.24
X-5189,EIF3D,8664.0,MutNovel,"R112W,0.262"
X-5189,ELAVL2,1993.0,Del0.8,0.25
X-5189,ELMOD1,55531.0,Del0.8,0.73
X-5189,EML2,24139.0,MutKnownFunctional,"-588,0.620"
X-5189,ERCC6L,54821.0,Del0.8,0.69
X-5189,ESRRA,2101.0,Del0.8,0.77
X-5189,EXOSC3,51010.0,Del0.8,0.75
X-5189,EXPH5,23086.0,Del0.8,0.73
X-5189,FADD,8772.0,Amp5,6.06
X-5189,FAM102B,284611.0,Amp5,6.06
X-5189,FAM155B,27112.0,Del0.8,0.71
X-5189,FAM171B,165215.0,MutNovel,"-44Q,0.276"
X-5189,FAM181B,220382.0,Amp5,6.19
X-5189,FAM197Y2P,252946.0,Del0.8,0.26
X-5189,FAM201A,158228.0,Del0.8,0.26
X-5189,FAM41AY1,340618.0,Del0.8,0.24
X-5189,FAM41AY1,340618.0,Del0.8,0.24
X-5189,FAM75A6,389730.0,Del0.8,0.55
X-5189,FAM98C,147965.0,MutNovel,"R228C,0.695"
X-5189,FBXO10,26267.0,Del0.8,0.75
X-5189,FCHO2,115548.0,MutNovel,"R450K,0.575"
X-5189,FDX1,2230.0,Del0.8,0.69
X-5189,FDXACB1,91893.0,Del0.8,0.72
X-5189,FERMT3,83706.0,Del0.8,0.77
X-5189,FGD1,2245.0,Del0.8,0.66
X-5189,FHIT,2272.0,Del0.8,0.42
X-5189,FKBP2,2286.0,Del0.8,0.77
X-5189,FLJ35282,441389.0,Del0.8,0.21
X-5189,FLJ44635,392490.0,MutNovel,"NK94KK,1.000"
X-5189,FLJ44635,392490.0,Del0.8,0.69
X-5189,FLRT1,23769.0,Del0.8,0.77
X-5189,FNDC7,163479.0,Amp5,6.06
X-5189,FOXD4L6,653404.0,Del0.8,0.68
X-5189,FOXO4,4303.0,Del0.8,0.71
X-5189,FOXR2,139628.0,Del0.8,0.73
X-5189,FP588,92973.0,Del0.8,0.73
X-5189,FRMD8P1,83957.0,Del0.8,0.69
X-5189,FRMPD1,22844.0,Del0.8,0.75
X-5189,GBA2,57704.0,Del0.8,0.73
X-5189,GDPD2,54857.0,Del0.8,0.71
X-5189,GDPD4,220032.0,Amp5,6.32
X-5189,GJB1,2705.0,Del0.8,0.71
X-5189,GJC3,349149.0,MutNovel,"Q57E,0.436"
X-5189,GLIPR2,152007.0,Del0.8,0.73
X-5189,GNE,10020.0,Del0.8,0.73
X-5189,GOLGA2P2Y,84559.0,Del0.8,0.24
X-5189,GOLGA2P2Y,84559.0,Del0.8,0.37
X-5189,GPR137,56834.0,Del0.8,0.77
X-5189,GPSM2,29899.0,Amp5,6.06
X-5189,GRHPR,9380.0,Del0.8,0.75
X-5189,GRIA4,2893.0,Del0.8,0.71
X-5189,GUCY1A2,2977.0,Del0.8,0.71
X-5189,GYG2P1,352887.0,Del0.8,0.24
X-5189,HDAC8,55869.0,Del0.8,0.68
X-5189,HEATR5A,25938.0,MutNovel,"R266K,0.938"
X-5189,HENMT1,113802.0,Amp5,6.06
X-5189,HEPH,9843.0,Del0.8,0.69
X-5189,HIBADH,11112.0,Amp5,5.31
X-5189,HINT2,84681.0,Del0.8,0.73
X-5189,HNRNPCL1,343069.0,MutKnownFunctional,"-275,0.667"
X-5189,HNRNPCL1,343069.0,MutNovel,"P253L,1.000"
X-5189,HNRNPCL1,343069.0,MutNovel,"E245D,1.000"
X-5189,HPS4,89781.0,MutNovel,"S411N,0.698"
X-5189,HRASLS2,54979.0,Del0.8,0.77
X-5189,HRCT1,646962.0,Del0.8,0.73
X-5189,HSFY2,159119.0,Del0.8,0.24
X-5189,HSFY2,159119.0,Del0.8,0.24
X-5189,HSPB2,3316.0,Del0.8,0.72
X-5189,HSPB2-C11orf52,100528019.0,Del0.8,0.72
X-5189,HTR3A,3359.0,Del0.8,0.72
X-5189,HTR3B,9177.0,Del0.8,0.72
X-5189,IFNA1,3439.0,Del0.8,0.26
X-5189,IFNA10,3446.0,Del0.8,0.27
X-5189,IFNA13,3447.0,Del0.8,0.26
X-5189,IFNA14,3448.0,Del0.8,0.27
X-5189,IFNA16,3449.0,Del0.8,0.27
X-5189,IFNA17,3451.0,Del0.8,0.27
X-5189,IFNA2,3440.0,Del0.8,0.26
X-5189,IFNA21,3452.0,Del0.8,0.27
X-5189,IFNA22P,3453.0,Del0.8,0.12
X-5189,IFNA4,3441.0,Del0.8,0.11
X-5189,IFNA5,3442.0,Del0.8,0.26
X-5189,IFNA6,3443.0,Del0.8,0.26
X-5189,IFNA7,3444.0,Del0.8,0.27
X-5189,IFNA8,3445.0,Del0.8,0.26
X-5189,IFNK,56832.0,Del0.8,0.22
X-5189,IFNW1,3467.0,Del0.8,0.27
X-5189,IFT74,80173.0,Del0.8,0.3
X-5189,IGBP1,3476.0,Del0.8,0.71
X-5189,IGFBPL1,347252.0,Del0.8,0.75
X-5189,IL18,3606.0,Del0.8,0.72
X-5189,IL2RG,3561.0,Del0.8,0.71
X-5189,INGX,27160.0,Del0.8,0.71
X-5189,IST1,9798.0,MutNovel,"MP236-,0.393"
X-5189,ITGB1BP2,26548.0,Del0.8,0.71
X-5189,ITIH6,347365.0,MutNovel,"S661P,0.727"
X-5189,JAGN1,84522.0,MutNovel,"Y117C,1.000"
X-5189,JPX,554203.0,Del0.8,0.72
X-5189,KBTBD3,143879.0,Del0.8,0.71
X-5189,KCNK4,50801.0,Del0.8,0.77
X-5189,KDELC2,143888.0,Del0.8,0.73
X-5189,KDM5D,8284.0,Del0.8,0.24
X-5189,KIAA1324,57535.0,Amp5,6.06
X-5189,KIAA1377,57562.0,Del0.8,0.71
X-5189,KIAA2022,340533.0,Del0.8,0.65
X-5189,KIF4A,24137.0,Del0.8,0.71
X-5189,KLHL9,55958.0,Del0.8,0.26
X-5189,KPNB1,3837.0,MutNovel,"I407T,0.536"
X-5189,LAS1L,81887.0,Del0.8,0.69
X-5189,LAYN,143903.0,Del0.8,0.72
X-5189,LCE3C,353144.0,Del0.8,0.23
X-5189,LGALS12,85329.0,Del0.8,0.77
X-5189,LINC00032,158035.0,Del0.8,0.34
X-5189,LINGO2,158038.0,Del0.8,0.27
X-5189,LOC100129250,100129250.0,Del0.8,0.71
X-5189,LOC100129407,100129407.0,Del0.8,0.68
X-5189,LOC100129407,100129407.0,Del0.8,0.68
X-5189,LOC100132741,100132741.0,Del0.8,0.71
X-5189,LOC100288346,100288346.0,Del0.8,0.72
X-5189,LOC100506233,100506233.0,Amp5,6.19
X-5189,LOC100506422,100506422.0,Del0.8,0.3
X-5189,LOC100652768,100652768.0,Del0.8,0.71
X-5189,LOC158376,158376.0,Del0.8,0.73
X-5189,LOC283143,283143.0,Del0.8,0.71
X-5189,LOC440896,440896.0,Del0.8,0.68
X-5189,LOC643733,643733.0,Del0.8,0.71
X-5189,LOC643923,643923.0,Del0.8,0.73
X-5189,LOC728888,,MutNovel,"L626P,1.000"
X-5189,LRRC19,64922.0,Del0.8,0.3
X-5189,LRRC24,441381.0,MutKnownFunctional,"-122,0.370"
X-5189,LRRC69,100130742.0,MutNovel,"A207V,0.500"
X-5189,LSR,51599.0,MutNovel,"G518GR,0.831"
X-5189,MACROD1,28992.0,Del0.8,0.77
X-5189,MAGEE2,139599.0,Del0.8,0.8
X-5189,MAP4K2,5871.0,Del0.8,0.77
X-5189,MAP6,4135.0,Amp5,5.62
X-5189,MAPK7,5598.0,Del0.8,0.17
X-5189,MARK2,2011.0,Del0.8,0.77
X-5189,MCF2L,23263.0,MutNovel,"N20K,1.000"
X-5189,MED12,9968.0,Del0.8,0.71
X-5189,MED4,29079.0,MutNovel,"E10-,0.586"
X-5189,MEN1,4221.0,Del0.8,0.77
X-5189,MFAP4,4239.0,Del0.8,0.17
X-5189,MIR1180,100302256.0,Del0.8,0.32
X-5189,MIR1237,100302280.0,Del0.8,0.77
X-5189,MIR192,406967.0,Del0.8,0.77
X-5189,MIR194-2,406970.0,Del0.8,0.77
X-5189,MIR223,407008.0,Del0.8,0.69
X-5189,MIR31,407035.0,Del0.8,0.42
X-5189,MIR31HG,554202.0,Del0.8,0.22
X-5189,MIR34B,407041.0,Del0.8,0.72
X-5189,MIR34C,407042.0,Del0.8,0.72
X-5189,MIR374A,442919.0,Del0.8,0.65
X-5189,MIR374B,100126317.0,Del0.8,0.65
X-5189,MIR374C,100500807.0,Del0.8,0.65
X-5189,MIR384,494333.0,Del0.8,0.74
X-5189,MIR3920,100500823.0,Del0.8,0.71
X-5189,MIR421,693122.0,Del0.8,0.65
X-5189,MIR4300,100422823.0,Amp5,7.62
X-5189,MIR4301,100422855.0,Del0.8,0.72
X-5189,MIR4475,100616289.0,Del0.8,0.68
X-5189,MIR4491,100616330.0,Del0.8,0.69
X-5189,MIR4693,100616457.0,Del0.8,0.71
X-5189,MIR545,664614.0,Del0.8,0.65
X-5189,MIR548K,100313770.0,Amp5,6.06
X-5189,MIR676,100500887.0,Del0.8,0.71
X-5189,MIR708,100126333.0,Amp5,5.1
X-5189,MIR873,100126316.0,Del0.8,0.73
X-5189,MIR876,100126310.0,Del0.8,0.73
X-5189,MMP1,4312.0,Del0.8,0.71
X-5189,MMP10,4319.0,Del0.8,0.71
X-5189,MMP12,4321.0,Del0.8,0.71
X-5189,MMP13,4322.0,Del0.8,0.71
X-5189,MMP20,9313.0,Del0.8,0.71
X-5189,MMP27,64066.0,Del0.8,0.71
X-5189,MMP3,4314.0,Del0.8,0.71
X-5189,MMP7,4316.0,Del0.8,0.71
X-5189,MMP8,4317.0,Del0.8,0.71
X-5189,MOB3B,79817.0,Del0.8,0.22
X-5189,MOGAT2,80168.0,Amp5,5.62
X-5189,MSMP,692094.0,Del0.8,0.73
X-5189,MSN,4478.0,Del0.8,0.69
X-5189,MTAP,4507.0,Del0.8,0.33
X-5189,MTMR12,54545.0,Amp5,6.45
X-5189,MYBPHL,343263.0,Amp5,6.06
X-5189,MYO7A,4647.0,Amp5,6.32
X-5189,NAA40,79829.0,Del0.8,0.77
X-5189,NAP1L2,4674.0,Del0.8,0.72
X-5189,NAP1L6,645996.0,Del0.8,0.68
X-5189,NAT10,55226.0,MutKnownFunctional,"-1020?,0.982"
X-5189,NBPF10,100132406.0,MutNovel,"K56N,0.714"
X-5189,NBPF15,284565.0,MutNovel,"K56N,0.750"
X-5189,NBPF4,148545.0,Amp5,6.06
X-5189,NBPF6,653149.0,Amp5,6.06
X-5189,NCAM1,4684.0,Del0.8,0.72
X-5189,NCRNA00185,55410.0,Del0.8,0.24
X-5189,NDUFA6,4700.0,MutNovel,"V17G,0.647"
X-5189,NDUFB6,4712.0,Del0.8,0.71
X-5189,NEU3,10825.0,Amp5,5.06
X-5189,NGF,4803.0,Amp5,7.06
X-5189,NHLH2,4808.0,Amp5,7.06
X-5189,NHSL2,340527.0,Del0.8,0.59
X-5189,NLGN3,54413.0,Del0.8,0.71
X-5189,NLGN4Y,22829.0,Del0.8,0.24
X-5189,NNMT,4837.0,Del0.8,0.72
X-5189,NONO,4841.0,Del0.8,0.71
X-5189,NPAT,4863.0,Del0.8,0.73
X-5189,NPR2,4882.0,Del0.8,0.73
X-5189,NRAS,4893.0,MutKnownFunctional,"Q61K,1.000"
X-5189,NRXN2,9379.0,Del0.8,0.77
X-5189,NUDT11,55190.0,MutKnownFunctional,"-1,0.353"
X-5189,NUDT16,131870.0,MutNovel,"W196R,0.450"
X-5189,NUDT22,84304.0,Del0.8,0.77
X-5189,NUP155,9631.0,MutNovel,"R294Q,0.725"
X-5189,OGT,8473.0,Del0.8,0.71
X-5189,OMP,4975.0,Amp5,6.32
X-5189,OR13J1,392309.0,Del0.8,0.73
X-5189,OR2S2,56656.0,Del0.8,0.73
X-5189,OR4K14,122740.0,Amp5,5.86
X-5189,OR52N1,79473.0,Del0.8,0.52
X-5189,OR52N5,390075.0,Del0.8,0.22
X-5189,ORAI1,84876.0,MutNovel,"PP43-,0.704"
X-5189,OTUB1,55611.0,Del0.8,0.77
X-5189,OTUD6A,139562.0,Del0.8,0.71
X-5189,P2RY4,5030.0,Del0.8,0.71
X-5189,PABPC1L2A,340529.0,Del0.8,0.68
X-5189,PABPC1L2B,645974.0,Del0.8,0.68
X-5189,PAFAH1B2,5049.0,Del0.8,0.71
X-5189,PCDH11Y,83259.0,Del0.8,0.4
X-5189,PCDHA1,56147.0,Del0.8,0.77
X-5189,PCDHA6,56142.0,Del0.8,0.77
X-5189,PCDHA8,56140.0,Del0.8,0.54
X-5189,PCDHA9,9752.0,Del0.8,0.41
X-5189,PCM1,5108.0,MutKnownFunctional,"-1929,0.267"
X-5189,PCSK7,9159.0,Del0.8,0.71
X-5189,PDGFD,80310.0,Del0.8,0.71
X-5189,PDIA2,64714.0,MutNovel,"D483Y,0.833"
X-5189,PDZD11,51248.0,Del0.8,0.71
X-5189,PGR,5241.0,Del0.8,0.71
X-5189,PHKA1,5255.0,Del0.8,0.68
X-5189,PHLDA1,22822.0,MutNovel,"QQ194Q,0.517"
X-5189,PIAS1,8554.0,Amp5,5.06
X-5189,PIH1D2,120379.0,Del0.8,0.72
X-5189,PIN4,5303.0,Del0.8,0.79
X-5189,PJA1,64219.0,Del0.8,0.71
X-5189,PKN2,5586.0,MutNovel,"G939R,1.000"
X-5189,PLA2G16,11145.0,Del0.8,0.77
X-5189,PLAA,9373.0,Del0.8,0.17
X-5189,PLCB3,5331.0,Del0.8,0.77
X-5189,PLEKHO2,80301.0,MutNovel,"E2D,1.000"
X-5189,POLR1E,64425.0,Del0.8,0.75
X-5189,POU2AF1,5450.0,Del0.8,0.69
X-5189,PPP1R14B,26472.0,Del0.8,0.77
X-5189,PPP1R16A,84988.0,MutNovel,"SV72S,0.564"
X-5189,PPP2R1B,5519.0,Del0.8,0.72
X-5189,PRCP,5547.0,Amp5,6.19
X-5189,PRDX5,25824.0,Del0.8,0.77
X-5189,PRKD1,5587.0,MutNovel,"G32GPG,0.280"
X-5189,PRKY,5616.0,Del0.8,0.26
X-5189,PRMT6,55170.0,Amp5,7.89
X-5189,PRPF38B,55119.0,Amp5,6.06
X-5189,PRSS3,5646.0,Del0.8,0.78
X-5189,PRY,9081.0,Del0.8,0.24
X-5189,PRY,9081.0,Del0.8,0.24
X-5189,PRY2,442862.0,Del0.8,0.24
X-5189,PRY2,442862.0,Del0.8,0.24
X-5189,PSRC1,84722.0,Amp5,6.06
X-5189,PTENP1,11191.0,Del0.8,0.78
X-5189,PTS,5805.0,Del0.8,0.72
X-5189,PYGM,5837.0,Del0.8,0.77
X-5189,RAB30,27314.0,Amp5,6.19
X-5189,RAB39A,54734.0,Del0.8,0.73
X-5189,RAB41,347517.0,Del0.8,0.71
X-5189,RARRES3,5920.0,Del0.8,0.77
X-5189,RASGRP2,10235.0,Del0.8,0.77
X-5189,RBM7,10179.0,Del0.8,0.72
X-5189,RBMY1A3P,286557.0,Del0.8,0.26
X-5189,RBMY1B,378948.0,Del0.8,0.24
X-5189,RBMY1B,378948.0,Del0.8,0.24
X-5189,RBMY1E,378950.0,Del0.8,0.24
X-5189,RBMY1E,378950.0,Del0.8,0.24
X-5189,RBMY1F,159163.0,Del0.8,0.24
X-5189,RBMY1F,159163.0,Del0.8,0.24
X-5189,RBMY1J,378951.0,Del0.8,0.24
X-5189,RBMY1J,378951.0,Del0.8,0.24
X-5189,RBMY2EP,159125.0,Del0.8,0.24
X-5189,RBMY2FP,159162.0,Del0.8,0.24
X-5189,RBMY3AP,64593.0,Del0.8,0.24
X-5189,RCOR2,283248.0,Del0.8,0.77
X-5189,RDX,5962.0,Del0.8,0.74
X-5189,RECK,8434.0,Del0.8,0.73
X-5189,REXO2,25996.0,Del0.8,0.72
X-5189,RGAG4,340526.0,Del0.8,0.69
X-5189,RGP1,9827.0,Del0.8,0.73
X-5189,RIN3,79890.0,MutNovel,"G967-,0.625"
X-5189,RLIM,51132.0,Del0.8,0.65
X-5189,RNF112,7732.0,Del0.8,0.57
X-5189,RNF169,254225.0,Amp5,5.06
X-5189,RNF19B,127544.0,MutNovel,"A97V,1.000"
X-5189,RNF214,257160.0,Del0.8,0.71
X-5189,RNF38,152006.0,Del0.8,0.73
X-5189,RNPEPL1,57140.0,MutNovel,"P94PA,0.700"
X-5189,RPS26P11,441502.0,Del0.8,0.69
X-5189,RPS4Y1,6192.0,Del0.8,0.4
X-5189,RPS4Y2,140032.0,Del0.8,0.24
X-5189,RPS6KA4,8986.0,Del0.8,0.77
X-5189,RRAGB,10325.0,Del0.8,0.73
X-5189,RSF1,51773.0,Amp5,5.58
X-5189,RTN3,10313.0,Del0.8,0.77
X-5189,RYK,6259.0,MutNovel,"A275T,0.474"
X-5189,SARS,6301.0,Amp5,6.06
X-5189,SCARNA2,677766.0,Amp5,6.06
X-5189,SDCBP2,27111.0,MutNovel,"R106Q,0.514"
X-5189,SDHD,6392.0,Del0.8,0.72
X-5189,SERINC2,347735.0,MutNovel,"-373Q,0.588"
X-5189,SERPINH1,871.0,Amp5,5.62
X-5189,SF1,7536.0,Del0.8,0.77
X-5189,SFI1,9814.0,MutNovel,"V923I,0.733"
X-5189,SHB,6461.0,Del0.8,0.75
X-5189,SIDT2,51092.0,Del0.8,0.71
X-5189,SIK2,23235.0,Del0.8,0.72
X-5189,SIK3,23387.0,Del0.8,0.71
X-5189,SIKE1,80143.0,Amp5,7.06
X-5189,SIRPB1,10326.0,Amp5,7.73
X-5189,SLC16A2,6567.0,Del0.8,0.65
X-5189,SLC22A11,55867.0,Del0.8,0.77
X-5189,SLC22A12,116085.0,Del0.8,0.77
X-5189,SLC25A24,29957.0,Amp5,6.06
X-5189,SLC35F2,54733.0,Del0.8,0.73
X-5189,SLC47A1,55244.0,Del0.8,0.35
X-5189,SLC47A2,146802.0,Del0.8,0.32
X-5189,SLC7A3,84889.0,Del0.8,0.71
X-5189,SLN,6588.0,Del0.8,0.73
X-5189,SMG1,23049.0,MutNovel,"R1383C,0.286"
X-5189,SMG1,23049.0,MutNovel,"S1379G,0.333"
X-5189,SMU1,55234.0,Del0.8,0.71
X-5189,SNAI1,6615.0,MutNovel,"S190C,1.000"
X-5189,SNORA59B,677882.0,Del0.8,0.33
X-5189,SNORA70E,100379250.0,Amp5,6.19
X-5189,SNORD121A,100113379.0,Del0.8,0.78
X-5189,SNORD121B,100113385.0,Del0.8,0.78
X-5189,SNX12,29934.0,Del0.8,0.71
X-5189,SPAG8,26206.0,Del0.8,0.73
X-5189,SPCS1,28972.0,MutNovel,"Y117D,1.000"
X-5189,SPCS2,9789.0,Amp5,5.06
X-5189,SPRR2A,6700.0,MutNovel,"P62A,0.333"
X-5189,SPRR2E,6704.0,MutNovel,"P38S,1.000"
X-5189,SPRR2F,6705.0,MutNovel,"P38S,1.000"
X-5189,SRG7,642864.0,Amp5,6.06
X-5189,SRRM2,23524.0,MutNovel,"S2619-,0.325"
X-5189,SRY,6736.0,Del0.8,0.4
X-5189,ST8SIA6,338596.0,MutNovel,"G31S,0.800"
X-5189,STIP1,10963.0,Del0.8,0.77
X-5189,STRC,161497.0,Del0.8,0.58
X-5189,STXBP3,6814.0,Amp5,6.06
X-5189,SYCP1,6847.0,Amp5,7.06
X-5189,TAF1,6872.0,Del0.8,0.71
X-5189,TAF13,6884.0,Amp5,6.06
X-5189,TAF1L,138474.0,Del0.8,0.71
X-5189,TAGLN,6876.0,Del0.8,0.71
X-5189,TAX1BP1,8887.0,Amp5,5.31
X-5189,TBL1Y,90665.0,Del0.8,0.26
X-5189,TBP,6908.0,MutNovel,"-64Q,0.208"
X-5189,TEK,7010.0,Del0.8,0.2
X-5189,TEX11,56159.0,Del0.8,0.71
X-5189,TEX12,56158.0,Del0.8,0.72
X-5189,TGIF2LY,90655.0,Del0.8,0.4
X-5189,TIMM8B,26521.0,Del0.8,0.72
X-5189,TMEM123,114908.0,Del0.8,0.71
X-5189,TMEM133,83935.0,Del0.8,0.71
X-5189,TMEM167B,56900.0,Amp5,6.06
X-5189,TMEM215,401498.0,Del0.8,0.71
X-5189,TMEM8B,51754.0,Del0.8,0.73
X-5189,TMPRSS5,80975.0,Del0.8,0.72
X-5189,TMSB4Y,9087.0,Del0.8,0.24
X-5189,TOMM5,401505.0,Del0.8,0.75
X-5189,TOPORS,10210.0,Del0.8,0.71
X-5189,TRMT112,51504.0,Del0.8,0.77
X-5189,TRPC6,7225.0,Del0.8,0.71
X-5189,TRPT1,83707.0,Del0.8,0.77
X-5189,TSC2,7249.0,MutNovel,"PF1508P,0.250"
X-5189,TSHB,7252.0,Amp5,7.06
X-5189,TSIX,9383.0,Del0.8,0.6
X-5189,TSKU,25987.0,Amp5,6.32
X-5189,TSPAN2,10100.0,Amp5,7.06
X-5189,TSPY1,7258.0,Del0.8,0.26
X-5189,TSPY2,64591.0,Del0.8,0.13
X-5189,TSPY3,728137.0,Del0.8,0.26
X-5189,TSPY4,728395.0,Del0.8,0.26
X-5189,TSPY8,728403.0,Del0.8,0.26
X-5189,TSPYL1,7259.0,MutNovel,"V176VW,0.774"
X-5189,TSR2,90121.0,Del0.8,0.66
X-5189,TTC12,54970.0,Del0.8,0.72
X-5189,TTTY10,246119.0,Del0.8,0.24
X-5189,TTTY11,83866.0,Del0.8,0.26
X-5189,TTTY12,83867.0,Del0.8,0.26
X-5189,TTTY13,83868.0,Del0.8,0.24
X-5189,TTTY14,83869.0,Del0.8,0.24
X-5189,TTTY15,64595.0,Del0.8,0.24
X-5189,TTTY16,252948.0,Del0.8,0.26
X-5189,TTTY17A,252949.0,Del0.8,0.1
X-5189,TTTY17A,252949.0,Del0.8,0.15
X-5189,TTTY18,252950.0,Del0.8,0.26
X-5189,TTTY19,252952.0,Del0.8,0.26
X-5189,TTTY1B,100101116.0,Del0.8,0.13
X-5189,TTTY1B,100101116.0,Del0.8,0.24
X-5189,TTTY2,60439.0,Del0.8,0.13
X-5189,TTTY2,60439.0,Del0.8,0.24
X-5189,TTTY20,252951.0,Del0.8,0.26
X-5189,TTTY21,252953.0,Del0.8,0.24
X-5189,TTTY21,252953.0,Del0.8,0.26
X-5189,TTTY22,252954.0,Del0.8,0.24
X-5189,TTTY23,252955.0,Del0.8,0.24
X-5189,TTTY23,252955.0,Del0.8,0.13
X-5189,TTTY3,114760.0,Del0.8,0.15
X-5189,TTTY3,114760.0,Del0.8,0.24
X-5189,TTTY4,114761.0,Del0.8,0.1
X-5189,TTTY4,114761.0,Del0.8,0.15
X-5189,TTTY5,83863.0,Del0.8,0.24
X-5189,TTTY6,84672.0,Del0.8,0.24
X-5189,TTTY6,84672.0,Del0.8,0.24
X-5189,TTTY7,246122.0,Del0.8,0.24
X-5189,TTTY7,246122.0,Del0.8,0.26
X-5189,TTTY7B,100101120.0,Del0.8,0.24
X-5189,TTTY7B,100101120.0,Del0.8,0.26
X-5189,TTTY8,84673.0,Del0.8,0.26
X-5189,TTTY8,84673.0,Del0.8,0.24
X-5189,TTTY9A,83864.0,Del0.8,0.24
X-5189,TTTY9A,83864.0,Del0.8,0.24
X-5189,TUSC1,286319.0,Del0.8,0.25
X-5189,TXLNG2P,246126.0,Del0.8,0.24
X-5189,UBAP2,55833.0,Del0.8,0.78
X-5189,UBE2R2,54926.0,Del0.8,0.78
X-5189,USP28,57646.0,Del0.8,0.72
X-5189,USP51,158880.0,Del0.8,0.73
X-5189,USP9Y,8287.0,Del0.8,0.24
X-5189,UTY,7404.0,Del0.8,0.24
X-5189,VANGL1,81839.0,Amp5,7.06
X-5189,VAV3,10451.0,Amp5,7.26
X-5189,VCY,9084.0,Del0.8,0.24
X-5189,VCY,9084.0,Del0.8,0.24
X-5189,VEGFB,7423.0,Del0.8,0.77
X-5189,VSIG4,11326.0,Del0.8,0.69
X-5189,WDR47,22911.0,Amp5,6.06
X-5189,WDR75,84128.0,MutNovel,"N726S,0.476"
X-5189,WNK3,65267.0,Del0.8,0.66
X-5189,WRNIP1,56897.0,MutNovel,"GDGD170-,0.625"
X-5189,XIST,7503.0,Del0.8,0.47
X-5189,XKR9,389668.0,MutNovel,"N250S,0.326"
X-5189,XKRY2,353515.0,Del0.8,0.24
X-5189,XKRY2,353515.0,Del0.8,0.24
X-5189,XRRA1,143570.0,Amp5,5.06
X-5189,YAP1,10413.0,Del0.8,0.71
X-5189,YIPF6,286451.0,Del0.8,0.78
X-5189,ZBTB16,7704.0,Del0.8,0.72
X-5189,ZBTB5,9925.0,Del0.8,0.75
X-5189,ZC3H12B,340554.0,Del0.8,0.69
X-5189,ZC3H12C,85463.0,Del0.8,0.74
X-5189,ZCCHC13,389874.0,Del0.8,0.65
X-5189,ZFY,7544.0,Del0.8,0.4
X-5189,ZMYM3,9203.0,Del0.8,0.71
X-5189,ZNF259,8882.0,Del0.8,0.71
X-5189,ZNF384,171017.0,MutNovel,"QQ514Q,0.424"
X-5189,ZNF500,26048.0,MutNovel,"P466L,0.786"
X-5189,ZNF559,84527.0,MutNovel,"G589V,0.273"
X-5189,ZRANB1,54764.0,MutKnownFunctional,"-709?,0.518"
X-5189,ZW10,9183.0,Del0.8,0.72
X-5566,61E3.4,,MutNovel,"I75V,0.621"
X-5566,A2LD1,87769.0,Del0.8,0.74
X-5566,AAGAB,79719.0,MutNovel,"H281R,0.242"
X-5566,AAGAB,79719.0,Amp5,7.89
X-5566,AASDH,132949.0,Amp5,7.46
X-5566,AATK,9625.0,MutNovel,"Q1084P,0.727"
X-5566,ABCA7,10347.0,MutNovel,"P887L,0.403"
X-5566,ABCC4,10257.0,Del0.8,0.75
X-5566,ACACB,32.0,MutNovel,"S2314F,0.361"
X-5566,ACAP3,116983.0,MutNovel,"R501W,0.606"
X-5566,ACBD5,91452.0,MutNovel,"I354M,1.000"
X-5566,ACTB,60.0,Amp5,5.24
X-5566,ACTR3C,653857.0,MutNovel,"S163F,1.000"
X-5566,ADAMTS10,81794.0,MutNovel,"G1065S,1.000"
X-5566,ADAMTS7,11173.0,MutNovel,"A1104-,0.226"
X-5566,ADAP1,11033.0,Amp5,7.89
X-5566,ADCY7,113.0,Del0.8,0.73
X-5566,AGAP8,728404.0,MutNovel,"R542Q,0.667"
X-5566,AHNAK2,113146.0,MutNovel,"R2127G,1.000"
X-5566,AIMP2,7965.0,Amp8,9
X-5566,AK3,50808.0,Del0.8,0.73
X-5566,AKAP11,11215.0,Del0.8,0.74
X-5566,AKAP13,11214.0,MutNovel,"R1254C,0.316"
X-5566,AKTIP,64400.0,Del0.8,0.74
X-5566,ALG1,56052.0,MutNovel,"H398N,0.223"
X-5566,ALG11,440138.0,Del0.8,0.75
X-5566,ALG5,29880.0,Del0.8,0.74
X-5566,ALPK3,57538.0,Amp5,7.57
X-5566,AMELY,266.0,Del0.8,0.26
X-5566,AMOTL1,154810.0,Amp8,9.99
X-5566,ANGPTL5,253935.0,Amp8,9.99
X-5566,ANKDD1A,348094.0,MutNovel,"P477R,0.607"
X-5566,ANKRD13A,88455.0,MutNovel,"E402K,0.692"
X-5566,ANKRD42,338699.0,Amp8,8.57
X-5566,ANKRD49,54851.0,Amp8,9.99
X-5566,APC,324.0,MutNovel,"S26R,0.385"
X-5566,APC,324.0,MutNovel,"K1454E,0.532"
X-5566,ARHGAP42,143872.0,Amp8,8.51
X-5566,ARHGAP5,394.0,MutNovel,"K383E,0.331"
X-5566,ARID4B,51742.0,MutNovel,"EE548E,0.812"
X-5566,ARL11,115761.0,Del0.8,0.75
X-5566,ARL6IP4,51329.0,MutNovel,"P115L,0.656"
X-5566,ARL9,132946.0,Amp5,7.46
X-5566,ARMC9,80210.0,Amp5,5.1
X-5566,ASB9P1,728619.0,Amp5,6.63
X-5566,ASNS,440.0,MutNovel,"Y92C,0.485"
X-5566,ATAD2B,54454.0,MutNovel,"S255Y,0.241"
X-5566,ATAD3C,219293.0,MutNovel,"A199T,0.400"
X-5566,ATG2A,23130.0,MutNovel,"G619S,0.701"
X-5566,ATP2B4,493.0,MutNovel,"S1160P,0.245"
X-5566,ATP7B,540.0,Del0.8,0.75
X-5566,ATP9B,374868.0,MutNovel,"R540L,0.750"
X-5566,ATXN8OS,6315.0,Del0.8,0.75
X-5566,B3GNT7,93010.0,Amp5,5.1
X-5566,BCORP1,286554.0,Del0.8,0.22
X-5566,BFSP1,631.0,MutNovel,"KI630I,0.625"
X-5566,BHMT,635.0,MutNovel,"P273S,0.364"
X-5566,BIRC2,329.0,Amp8,9.99
X-5566,BIRC3,330.0,Amp8,9.99
X-5566,BLM,641.0,Amp8,9.38
X-5566,BNC2,54796.0,Del0.8,0.75
X-5566,BORA,79866.0,Del0.8,0.75
X-5566,BPY2B,442867.0,Del0.8,0.13
X-5566,BPY2B,442867.0,Del0.8,0.08
X-5566,BRD7,29117.0,Del0.8,0.73
X-5566,BTF3P11,690.0,Del0.8,0.75
X-5566,C10orf57,,MutNovel,"S102T,1.000"
X-5566,C11orf54,28970.0,Amp8,9.99
X-5566,C11orf70,85016.0,Amp8,9.99
X-5566,C11orf73,51501.0,Amp5,7.94
X-5566,C11orf75,56935.0,Amp8,9.99
X-5566,C11orf82,220042.0,Amp8,8.57
X-5566,C15orf32,145858.0,Amp5,6.63
X-5566,C15orf61,145853.0,Amp5,7.89
X-5566,C16orf78,123970.0,Del0.8,0.73
X-5566,C17orf51,339263.0,MutNovel,"SL217L,1.000"
X-5566,C19orf68,,MutNovel,"R568M,0.706"
X-5566,C19orf81,342918.0,MutNovel,"G130A,0.615"
X-5566,C1GALT1,56913.0,Amp5,6.06
X-5566,C21orf58,54058.0,MutNovel,"HH298H,0.769"
X-5566,C2CD3,26005.0,MutNovel,"S1309I,0.343"
X-5566,C2orf47,79568.0,MutNovel,"A62V,0.512"
X-5566,C2orf72,257407.0,Amp5,5.1
X-5566,C6orf223,221416.0,MutNovel,"-124A,0.500"
X-5566,C7orf26,79034.0,Amp5,6.41
X-5566,C7orf50,84310.0,Amp5,7.89
X-5566,C9orf123,90871.0,Del0.8,0.73
X-5566,C9orf53,51198.0,Del0.8,0.73
X-5566,C9orf66,157983.0,Del0.8,0.77
X-5566,CAB39L,81617.0,Del0.8,0.75
X-5566,CACNA2D2,9254.0,MutNovel,"L54F,1.000"
X-5566,CAPNS2,84290.0,Del0.8,0.74
X-5566,CARD11,84433.0,Amp5,6.19
X-5566,CARD16,114769.0,Amp8,11.47
X-5566,CARD17,440068.0,Amp8,11.47
X-5566,CARD18,59082.0,Amp8,11.47
X-5566,CASKIN1,57524.0,MutNovel,"P855L,0.600"
X-5566,CASP1,834.0,Amp8,11.47
X-5566,CASP12,100506742.0,Amp8,11.47
X-5566,CASP4,837.0,Amp8,11.47
X-5566,CASP5,838.0,Amp8,11.47
X-5566,CBLN1,869.0,Del0.8,0.73
X-5566,CCDC122,160857.0,Del0.8,0.74
X-5566,CCDC127,133957.0,Amp5,5.66
X-5566,CCDC169,728591.0,Del0.8,0.74
X-5566,CCDC169-SOHLH2,100526761.0,Del0.8,0.74
X-5566,CCDC67,159989.0,Amp8,9.99
X-5566,CCDC70,83446.0,Del0.8,0.75
X-5566,CCDC74A,90557.0,MutKnownFunctional,"-118L?,0.643"
X-5566,CCDC74B,91409.0,MutNovel,"P127R,0.417"
X-5566,CCDC81,60494.0,Amp5,7.94
X-5566,CCDC82,79780.0,Amp8,9.99
X-5566,CCDC83,220047.0,Amp8,9.99
X-5566,CCDC89,220388.0,Amp8,9.99
X-5566,CCDC90B,60492.0,Amp5,6.68
X-5566,CCNA1,8900.0,Del0.8,0.74
X-5566,CCZ1,51622.0,Amp8,9
X-5566,CCZ1B,221960.0,Amp8,8.57
X-5566,CD274,29126.0,Del0.8,0.73
X-5566,CD46,4179.0,MutNovel,"A353V,0.251"
X-5566,CDADC1,81602.0,Del0.8,0.75
X-5566,CDC37L1,55664.0,Del0.8,0.73
X-5566,CDC42BPG,55561.0,MutNovel,"L933H,1.000"
X-5566,CDK9,1025.0,MutNovel,"G216R,0.301"
X-5566,CDKN2A,1029.0,Del0.8,0.73
X-5566,CDKN2B,1030.0,Del0.8,0.73
X-5566,CDY1B,253175.0,Del0.8,0.22
X-5566,CDY1B,253175.0,Del0.8,0.14
X-5566,CDY2A,9426.0,Del0.8,0.22
X-5566,CDY2A,9426.0,Del0.8,0.22
X-5566,CDY2B,203611.0,Del0.8,0.22
X-5566,CDY2B,203611.0,Del0.8,0.22
X-5566,CEP135,9662.0,Amp5,7.46
X-5566,CEP57,9702.0,Amp8,9.99
X-5566,CES1,1066.0,Del0.8,0.71
X-5566,CES1P1,51716.0,Del0.8,0.52
X-5566,CES1P2,390732.0,Del0.8,0.74
X-5566,CGB,1082.0,MutNovel,"T35I,1.000"
X-5566,CGB2,114336.0,MutNovel,"R28H,1.000"
X-5566,CHD2,1106.0,MutKnownFunctional,"-1242?,0.855"
X-5566,CHD2,1106.0,Amp5,6.63
X-5566,CHD9,80205.0,Del0.8,0.75
X-5566,CHIC2,26511.0,Amp8,8
X-5566,CHORDC1,26973.0,Amp8,9.99
X-5566,CKAP2,26586.0,Del0.8,0.75
X-5566,CLCNKA,1187.0,MutNovel,"A287V,0.500"
X-5566,CLDN10,9071.0,Del0.8,0.75
X-5566,CLN5,1203.0,Del0.8,0.75
X-5566,CLOCK,9575.0,Amp8,14.93
X-5566,CLYBL,171425.0,Del0.8,0.74
X-5566,CNTN5,53942.0,Amp8,10.41
X-5566,CNTNAP3,79937.0,MutNovel,"L336V,0.462"
X-5566,CNTNAP3B,728577.0,MutNovel,"L336V,0.250"
X-5566,CNTNAP3B,728577.0,MutNovel,"R1214W,0.500"
X-5566,CNTRL,11064.0,MutNovel,"R2121C,0.857"
X-5566,COCH,1690.0,MutNovel,"G158D,0.303"
X-5566,COG3,83548.0,Del0.8,0.74
X-5566,COG6,57511.0,Del0.8,0.74
X-5566,COL28A1,340267.0,Amp5,6.68
X-5566,COMMD6,170622.0,Del0.8,0.75
X-5566,COQ2,27235.0,MutNovel,"P96L,0.825"
X-5566,CORO1B,57175.0,MutNovel,"R416Q,0.687"
X-5566,COX19,90639.0,Amp5,7.89
X-5566,CPB2,1361.0,Del0.8,0.74
X-5566,CREBZF,58487.0,Amp8,9.99
X-5566,CRIPAK,285464.0,MutNovel,"P173R,0.250"
X-5566,CRNDE,643911.0,Del0.8,0.74
X-5566,CRTC3,64784.0,Amp8,9.38
X-5566,CSDA,8531.0,MutNovel,"T14TP,0.506"
X-5566,CSNK1A1L,122011.0,Del0.8,0.74
X-5566,CSPG4P1Y,114758.0,Del0.8,0.22
X-5566,CSPG4P1Y,114758.0,Del0.8,0.29
X-5566,CSRP1,1465.0,MutNovel,"V51M,0.759"
X-5566,CT45A2,728911.0,MutNovel,"R160H,0.667"
X-5566,CTAGE10P,220429.0,Del0.8,0.75
X-5566,CTAGE11P,647288.0,Del0.8,0.75
X-5566,CTAGE4,100128553.0,MutNovel,"R734P,1.000"
X-5566,CTSC,1075.0,Amp8,8.82
X-5566,CWC15,51503.0,Amp8,9.99
X-5566,CXorf49,,MutNovel,"L333P,1.000"
X-5566,CXorf49,,MutNovel,"P282L,1.000"
X-5566,CXorf49B,100132994.0,MutNovel,"D143G,1.000"
X-5566,CYB5R4,51167.0,MutNovel,"A412V,0.810"
X-5566,CYLD,1540.0,Del0.8,0.73
X-5566,CYP2D6,1565.0,MutNovel,"G373S,0.222"
X-5566,CYP2F1,1572.0,MutNovel,"D225N,0.300"
X-5566,CYP2F1,1572.0,MutNovel,"E275K,0.667"
X-5566,CYP2F1,1572.0,MutNovel,"R433H,0.500"
X-5566,CYP2W1,54905.0,Amp5,7.89
X-5566,CYSLTR2,57105.0,Del0.8,0.75
X-5566,CYTH3,9265.0,Amp8,9
X-5566,DACH1,1602.0,Del0.8,0.75
X-5566,DAGLB,221955.0,Amp8,9
X-5566,DAXX,1616.0,MutNovel,"G618V,0.544"
X-5566,DAZ1,1617.0,Del0.8,0.22
X-5566,DAZ2,57055.0,Del0.8,0.15
X-5566,DAZ3,57054.0,Del0.8,0.08
X-5566,DAZ3,57054.0,Del0.8,0.13
X-5566,DAZ4,57135.0,Del0.8,0.11
X-5566,DAZ4,57135.0,Del0.8,0.16
X-5566,DCLK1,9201.0,Del0.8,0.74
X-5566,DCT,1638.0,Del0.8,0.75
X-5566,DCUN1D5,84259.0,Amp8,12.21
X-5566,DDI1,414301.0,Amp8,12.21
X-5566,DDX11,1663.0,MutNovel,"C951H,0.481"
X-5566,DDX18,8886.0,MutNovel,"A77V,0.486"
X-5566,DDX3Y,8653.0,Del0.8,0.22
X-5566,DEFB109P1B,641517.0,Del0.8,0.4
X-5566,DGKH,160851.0,Del0.8,0.74
X-5566,DHRS12,79758.0,Del0.8,0.75
X-5566,DHRS4L2,317749.0,MutNovel,"C5G,0.429"
X-5566,DIAPH3,81624.0,Del0.8,0.75
X-5566,DIS3,22894.0,Del0.8,0.75
X-5566,DLEU1,10301.0,Del0.8,0.75
X-5566,DLEU2,8847.0,Del0.8,0.75
X-5566,DLEU7,220107.0,Del0.8,0.75
X-5566,DLG2,1740.0,Amp8,8.57
X-5566,DMD,1756.0,Del0.8,0.66
X-5566,DMRT1,1761.0,Del0.8,0.74
X-5566,DMRT2,10655.0,Del0.8,0.74
X-5566,DMRT3,58524.0,Del0.8,0.74
X-5566,DMRTA1,63951.0,Del0.8,0.73
X-5566,DNAJC15,29103.0,Del0.8,0.74
X-5566,DNAJC3,5611.0,Del0.8,0.75
X-5566,DNM1P41,440299.0,Amp5,7.57
X-5566,DOCK8,81704.0,Del0.8,0.77
X-5566,DOCK9,23348.0,Del0.8,0.74
X-5566,DOHH,83475.0,MutNovel,"G299W,0.542"
X-5566,DPYSL3,1809.0,MutNovel,"P86L,0.250"
X-5566,DTD1,92675.0,MutNovel,"R10W,0.732"
X-5566,DYNC2H1,79659.0,Amp8,12.21
X-5566,DZIP1,22873.0,Del0.8,0.75
X-5566,E2F4,1874.0,MutNovel,"DSSS306D,0.445"
X-5566,E2F7,144455.0,MutNovel,"A662T,0.633"
X-5566,EBPL,84650.0,Del0.8,0.75
X-5566,EDNRB,1910.0,Del0.8,0.75
X-5566,EED,8726.0,Amp8,9.99
X-5566,EFHA2,286097.0,MutNovel,"A91T,1.000"
X-5566,EID2,163126.0,MutNovel,"P54R,0.275"
X-5566,EIF1AY,9086.0,Del0.8,0.22
X-5566,EIF2AK1,27102.0,Amp8,9
X-5566,ELF1,1997.0,Del0.8,0.74
X-5566,ELFN1,392617.0,Amp8,10.13
X-5566,ENDOD1,23052.0,Amp8,9.99
X-5566,ENOX1,55068.0,Del0.8,0.74
X-5566,EPHX1,2052.0,MutNovel,"R71H,0.800"
X-5566,EPSTI1,94240.0,Del0.8,0.74
X-5566,ERICH1,157697.0,MutNovel,"D316E,0.242"
X-5566,ERMP1,79956.0,Del0.8,0.73
X-5566,ESD,2098.0,Del0.8,0.74
X-5566,ESPN,83715.0,MutNovel,"S636P,0.205"
X-5566,EXOC1,55763.0,Amp8,10.56
X-5566,EXOSC6,118460.0,MutNovel,"AARRRG262G,0.268"
X-5566,EXOSC8,11340.0,Del0.8,0.74
X-5566,FAIM3,9214.0,MutNovel,"S305W,0.797"
X-5566,FAM106A,80039.0,Del0.8,0.55
X-5566,FAM115A,9747.0,MutNovel,"V531I,0.307"
X-5566,FAM124A,220108.0,Del0.8,0.75
X-5566,FAM134A,79137.0,MutNovel,"-386EE,0.395"
X-5566,FAM173A,65990.0,MutNovel,"P50M,0.714"
X-5566,FAM174B,400451.0,Amp5,6.63
X-5566,FAM181B,220382.0,MutNovel,"P124L,1.000"
X-5566,FAM181B,220382.0,Amp8,8.57
X-5566,FAM194B,220081.0,Del0.8,0.74
X-5566,FAM197Y2P,252946.0,Del0.8,0.26
X-5566,FAM27E3,,MutNovel,"T72M,0.769"
X-5566,FAM41AY1,340618.0,Del0.8,0.22
X-5566,FAM41AY1,340618.0,Del0.8,0.22
X-5566,FAM48A,55578.0,Del0.8,0.74
X-5566,FAM66E,100132103.0,Del0.8,0.74
X-5566,FAM75C2,645961.0,MutNovel,"K60R,0.959"
X-5566,FAM76B,143684.0,Amp8,9.99
X-5566,FAM86B1,85002.0,MutNovel,"V246M,1.000"
X-5566,FAM86B1,85002.0,MutNovel,"S184T,1.000"
X-5566,FAM86B2,653333.0,MutNovel,"K124E,0.600"
X-5566,FAM86B2,653333.0,MutNovel,"K91R,0.222"
X-5566,FAM86B2,653333.0,MutKnownFunctional,"C72*,0.333"
X-5566,FAM86C1,55199.0,MutNovel,"P123L,0.412"
X-5566,FAM98A,25940.0,MutNovel,"H515Q,0.533"
X-5566,FANCG,2189.0,MutNovel,"G341S,0.655"
X-5566,FARP1,10160.0,Del0.8,0.74
X-5566,FARS2,10667.0,MutNovel,"W87G,0.403"
X-5566,FAT3,120114.0,Amp8,9.99
X-5566,FBXL18,80028.0,Amp5,5.24
X-5566,FBXL3,26224.0,Del0.8,0.75
X-5566,FBXO18,84893.0,MutKnownFunctional,"-18,1.000"
X-5566,FES,2242.0,Amp8,9.38
X-5566,FGF14,2259.0,Del0.8,0.74
X-5566,FGF14-IT1,283480.0,Del0.8,0.74
X-5566,FIP1L1,81608.0,Amp8,8
X-5566,FKSG29,100131561.0,Del0.8,0.74
X-5566,FLJ35024,401491.0,Del0.8,0.74
X-5566,FLJ41200,401492.0,Del0.8,0.75
X-5566,FNDC3A,22862.0,Del0.8,0.75
X-5566,FOLH1B,219595.0,Amp8,8.82
X-5566,FOLR4,390243.0,Amp8,9.99
X-5566,FOXD1,2297.0,MutNovel,"A88G,1.000"
X-5566,FOXL2,668.0,MutNovel,"A179G,1.000"
X-5566,FOXO1,2308.0,Del0.8,0.74
X-5566,FREM2,341640.0,Del0.8,0.74
X-5566,FSCN1,6624.0,Amp5,5.24
X-5566,FTO,79068.0,Del0.8,0.74
X-5566,FTSJ2,29960.0,Amp8,8.75
X-5566,FUOM,,MutNovel,"P75T,1.000"
X-5566,FURIN,5045.0,Amp8,9.38
X-5566,FUT4,2526.0,Amp8,9.99
X-5566,FZD2,2535.0,MutNovel,"L11LMP,0.500"
X-5566,FZD2,2535.0,MutNovel,"P13L,0.476"
X-5566,FZD4,8322.0,Amp8,8.82
X-5566,GABARAPL3,23766.0,Amp8,9.38
X-5566,GAGE12J,729396.0,MutNovel,"R50S,0.831"
X-5566,GAGE13,645051.0,MutNovel,"C50S,0.353"
X-5566,GAGE2B,645037.0,MutNovel,"Q113K,0.211"
X-5566,GAGE2C,2574.0,MutNovel,"Q113K,0.385"
X-5566,GAN,8139.0,MutNovel,"S228P,0.593"
X-5566,GATA6,2627.0,MutNovel,"A284G,1.000"
X-5566,GET4,51608.0,Amp5,7.89
X-5566,GIGYF2,26058.0,MutNovel,"PQ1231P,0.424"
X-5566,GIPC1,10755.0,MutKnownFunctional,"-50?,0.253"
X-5566,GJA3,2700.0,Del0.8,0.74
X-5566,GJB2,2706.0,Del0.8,0.74
X-5566,GJB6,10804.0,Del0.8,0.74
X-5566,GLCCI1,113263.0,Amp5,5.78
X-5566,GLDC,2731.0,Del0.8,0.74
X-5566,GLIS3,169792.0,Del0.8,0.73
X-5566,GLIS3-AS1,84850.0,Del0.8,0.73
X-5566,GOLGA2P2Y,84559.0,Del0.8,0.29
X-5566,GOLGA2P2Y,84559.0,Del0.8,0.22
X-5566,GOLGA6L4,,MutNovel,"C223R,0.333"
X-5566,GOLGA6L5,374650.0,Amp5,7.57
X-5566,GOLGA8A,23015.0,MutNovel,"E122D,0.800"
X-5566,GOLGA8B,440270.0,MutNovel,"E122D,0.565"
X-5566,GPC5,2262.0,Del0.8,0.75
X-5566,GPC6,10082.0,Del0.8,0.75
X-5566,GPER,2852.0,Amp5,7.89
X-5566,GPR146,115330.0,Amp5,7.89
X-5566,GPR18,2841.0,Del0.8,0.74
X-5566,GPR180,160897.0,Del0.8,0.75
X-5566,GPR183,1880.0,Del0.8,0.74
X-5566,GPR83,10888.0,Amp8,9.99
X-5566,GRIA4,2893.0,Amp8,11.47
X-5566,GRID2IP,392862.0,Amp5,7.57
X-5566,GRM5,2915.0,Amp8,8.82
X-5566,GSX2,170825.0,Amp8,8
X-5566,GTF2F2,2963.0,Del0.8,0.74
X-5566,GUCY1B2,2974.0,Del0.8,0.75
X-5566,GYG2P1,352887.0,Del0.8,0.22
X-5566,GZF1,64412.0,MutNovel,"V136I,0.395"
X-5566,HDDC3,374659.0,Amp8,9.38
X-5566,HEATR3,55027.0,Del0.8,0.73
X-5566,HEPHL1,341208.0,Amp8,9.99
X-5566,HERC2,8924.0,MutNovel,"S1354N,0.245"
X-5566,HLA-DQB2,3120.0,MutNovel,"D162G,1.000"
X-5566,HLA-DRB1,3123.0,MutNovel,"Q178H,0.900"
X-5566,HLA-G,3135.0,MutNovel,"I123Y,1.000"
X-5566,HLA-G,3135.0,MutNovel,"F219S,0.429"
X-5566,HLA-G,3135.0,MutNovel,"K334E,0.286"
X-5566,HNRNPA1L2,144983.0,Del0.8,0.75
X-5566,HOPX,84525.0,Amp5,7.46
X-5566,HS6ST3,266722.0,Del0.8,0.75
X-5566,HSFY2,159119.0,Del0.8,0.22
X-5566,HSFY2,159119.0,Del0.8,0.22
X-5566,HTR2A,3356.0,Del0.8,0.74
X-5566,HTR2B,3357.0,Amp5,5.1
X-5566,HTT,3064.0,MutNovel,"-18QQ,1.000"
X-5566,ICA1,3382.0,Amp5,5.78
X-5566,IFT88,8100.0,Del0.8,0.77
X-5566,IL17D,53342.0,Del0.8,0.77
X-5566,IL33,90865.0,Del0.8,0.74
X-5566,INSL4,3641.0,Del0.8,0.73
X-5566,INSL6,11172.0,Del0.8,0.73
X-5566,INTS1,26173.0,Amp8,10.13
X-5566,INTS6,26512.0,Del0.8,0.75
X-5566,IPO5,3843.0,Del0.8,0.74
X-5566,IQCH,64799.0,Amp5,7.89
X-5566,IQGAP1,8826.0,Amp8,9.38
X-5566,IQGAP3,128239.0,MutNovel,"T1345K,0.257"
X-5566,IQSEC1,9922.0,MutNovel,"R1023P,0.698"
X-5566,IRX3,79191.0,Del0.8,0.74
X-5566,IRX5,10265.0,Del0.8,0.74
X-5566,IRX6,79190.0,Del0.8,0.74
X-5566,ITGA3,3675.0,MutNovel,"M122I,0.710"
X-5566,ITGBL1,9358.0,Del0.8,0.74
X-5566,ITM2B,9445.0,Del0.8,0.74
X-5566,ITPKC,80271.0,MutNovel,"P346T,0.673"
X-5566,JAK2,3717.0,Del0.8,0.73
X-5566,JRKL,8690.0,Amp8,9.99
X-5566,KANK1,23189.0,Del0.8,0.79
X-5566,KARS,3735.0,MutNovel,"P236S,0.488"
X-5566,KBTBD6,89890.0,Del0.8,0.74
X-5566,KBTBD7,84078.0,Del0.8,0.74
X-5566,KCNRG,283518.0,MutNovel,"R92H,1.000"
X-5566,KCNRG,283518.0,Del0.8,0.75
X-5566,KCNV2,169522.0,Del0.8,0.74
X-5566,KCTD12,115207.0,Del0.8,0.75
X-5566,KCTD4,386618.0,Del0.8,0.74
X-5566,KDELR2,11014.0,Amp8,9
X-5566,KDM4C,23081.0,Del0.8,0.73
X-5566,KDM4D,55693.0,Amp8,9.99
X-5566,KDM5D,8284.0,Del0.8,0.22
X-5566,KDR,3791.0,Amp8,14.93
X-5566,KIAA0020,9933.0,Del0.8,0.74
X-5566,KIAA0141,9812.0,MutNovel,"G9R,0.428"
X-5566,KIAA0226L,80183.0,Del0.8,0.74
X-5566,KIAA0564,23078.0,Del0.8,0.74
X-5566,KIAA0922,23240.0,MutNovel,"A965T,0.417"
X-5566,KIAA1211,57482.0,Amp5,7.46
X-5566,KIAA1377,57562.0,MutNovel,"A608-,0.906"
X-5566,KIAA1377,57562.0,Amp8,9.99
X-5566,KIAA1432,57589.0,Del0.8,0.73
X-5566,KIAA1522,57648.0,MutNovel,"D1088V,0.380"
X-5566,KIAA1704,55425.0,Del0.8,0.74
X-5566,KIAA1731,85459.0,Amp8,9.99
X-5566,KIAA1908,114796.0,Amp8,10.13
X-5566,KIAA2026,158358.0,Del0.8,0.73
X-5566,KIF20B,9585.0,MutNovel,"L1062LKV,1.000"
X-5566,KIT,3815.0,MutNovel,"L576P,0.923"
X-5566,KIT,3815.0,Amp8,9.92
X-5566,KLF12,11278.0,Del0.8,0.75
X-5566,KLF14,136259.0,MutNovel,"H47P,1.000"
X-5566,KLF5,688.0,Del0.8,0.75
X-5566,KLHL1,57626.0,Del0.8,0.75
X-5566,KLHL17,339451.0,MutNovel,"T131A,0.385"
X-5566,KPNA3,3839.0,Del0.8,0.75
X-5566,KREMEN2,79412.0,MutNovel,"C354Y,0.488"
X-5566,KRTAP19-3,337970.0,MutNovel,"G52S,1.000"
X-5566,KSR1,8844.0,MutNovel,"A119T,0.592"
X-5566,LACC1,144811.0,Del0.8,0.74
X-5566,LAMA3,3909.0,MutNovel,"R1317C,0.429"
X-5566,LATS2,26524.0,Del0.8,0.77
X-5566,LCE3C,353144.0,Del0.8,0.14
X-5566,LCP1,3936.0,Del0.8,0.74
X-5566,LCTL,197021.0,Amp5,5.98
X-5566,LECT1,11061.0,Del0.8,0.75
X-5566,LEMD3,23592.0,MutNovel,"W745L,0.214"
X-5566,LEPREL2,10536.0,MutNovel,"S196R,0.606"
X-5566,LETM1,3954.0,MutNovel,"N46S,0.993"
X-5566,LHFP,10186.0,Del0.8,0.74
X-5566,LILRA6,79168.0,MutNovel,"H151D,1.000"
X-5566,LIN7A,8825.0,MutNovel,"E60D,0.943"
X-5566,LINC00282,283521.0,Del0.8,0.75
X-5566,LINC00284,121838.0,Del0.8,0.74
X-5566,LINC00347,338864.0,Del0.8,0.75
X-5566,LINC00410,144776.0,Del0.8,0.75
X-5566,LMO7,4008.0,Del0.8,0.75
X-5566,LNX1,84708.0,Amp8,8
X-5566,LOC100131257,100131257.0,Amp8,8.57
X-5566,LOC100144604,100144604.0,Amp5,6.63
X-5566,LOC100505619,100505619.0,Del0.8,0.73
X-5566,LOC100506233,100506233.0,Amp8,8.57
X-5566,LOC100506368,100506368.0,Amp8,8.82
X-5566,LOC100506874,100506874.0,Amp5,7.57
X-5566,LOC100507217,100507217.0,Amp5,6.63
X-5566,LOC100507240,100507240.0,Del0.8,0.74
X-5566,LOC100507338,,MutNovel,"Y230C,0.234"
X-5566,LOC100507577,100507577.0,Del0.8,0.73
X-5566,LOC100653168,,MutNovel,"H444Y,1.000"
X-5566,LOC100653168,,MutNovel,"R182C,1.000"
X-5566,LOC100996473,,MutNovel,"P61T,0.756"
X-5566,LOC100996612,,MutNovel,"L63P,1.000"
X-5566,LOC145820,145820.0,Amp5,6.63
X-5566,LOC283481,283481.0,Del0.8,0.74
X-5566,LOC348761,348761.0,Amp5,5.1
X-5566,LOC388276,388276.0,Del0.8,0.73
X-5566,LOC400456,400456.0,Amp5,6.63
X-5566,LOC401180,,MutNovel,"P308A,0.464"
X-5566,LOC642643,,MutNovel,"R57P,1.000"
X-5566,LOC642799,,MutNovel,"P321L,0.286"
X-5566,LOC643037,643037.0,Amp8,9.99
X-5566,LOC643714,643714.0,Del0.8,0.75
X-5566,LOC643733,643733.0,Amp8,11.47
X-5566,LOC643802,643802.0,Del0.8,0.75
X-5566,LOC644145,644145.0,Amp8,14.83
X-5566,LOC729852,729852.0,Amp5,5.78
X-5566,LONP1,9361.0,MutNovel,"K244-,0.451"
X-5566,LPAR6,10161.0,Del0.8,0.75
X-5566,LPCAT2,54947.0,Del0.8,0.74
X-5566,LPHN3,23284.0,Amp8,8.11
X-5566,LRCH1,23143.0,Del0.8,0.74
X-5566,LRP5,4041.0,MutNovel,"S356L,0.678"
X-5566,LRRC37A,9884.0,MutNovel,"V1450M,1.000"
X-5566,LRRC37A3,374819.0,MutNovel,"P1371L,0.471"
X-5566,LSR,51599.0,MutNovel,"G518GR,1.000"
X-5566,LTN1,26046.0,MutNovel,"K1634-,1.000"
X-5566,MAD1L1,8379.0,Amp8,10.13
X-5566,MAFK,7975.0,Amp8,10.13
X-5566,MAGEA2,4101.0,MutNovel,"P266T,0.500"
X-5566,MAGEA2,4101.0,MutNovel,"V170D,0.833"
X-5566,MAGEA9,,MutNovel,"I149V,0.852"
X-5566,MAGEA9,,MutNovel,"I298L,1.000"
X-5566,MAGEC1,9947.0,MutNovel,"S309P,1.000"
X-5566,MAML2,84441.0,Amp8,9.99
X-5566,MAN1C1,57134.0,MutNovel,"G126A,0.600"
X-5566,MAN2A2,4122.0,Amp8,9.38
X-5566,MAP2K1,5604.0,Amp5,5.98
X-5566,MAP3K4,4216.0,MutNovel,"PA1189P,1.000"
X-5566,MAP7D1,55700.0,MutNovel,"T222M,0.541"
X-5566,MAPKAPK2,9261.0,MutNovel,"T25A,0.846"
X-5566,MBD2,8932.0,MutNovel,"G115S,0.591"
X-5566,MBNL2,10150.0,Del0.8,0.75
X-5566,MCAT,27349.0,MutNovel,"P26S,0.293"
X-5566,MCM3AP,8888.0,MutNovel,"V1576I,0.378"
X-5566,MCTP2,55784.0,Amp5,6.63
X-5566,MCU,90550.0,MutNovel,"R43P,1.000"
X-5566,ME3,10873.0,Amp5,5.03
X-5566,MED17,9440.0,Amp8,9.99
X-5566,MED4,29079.0,Del0.8,0.74
X-5566,MEF2A,4205.0,MutNovel,"Q412-,0.469"
X-5566,MIB2,142678.0,MutNovel,"D164N,0.688"
X-5566,MICALL2,79778.0,Amp8,10.13
X-5566,MIOS,54468.0,Amp5,5.78
X-5566,MIR101-2,406894.0,Del0.8,0.73
X-5566,MIR1260B,100422991.0,Amp8,9.99
X-5566,MIR1297,100302187.0,Del0.8,0.75
X-5566,MIR1304,100302240.0,Amp8,9.99
X-5566,MIR1469,100302258.0,Amp8,9
X-5566,MIR16-1,406950.0,Del0.8,0.75
X-5566,MIR17HG,407975.0,Del0.8,0.75
X-5566,MIR19B1,406980.0,Del0.8,0.75
X-5566,MIR2681,100616110.0,Del0.8,0.74
X-5566,MIR3169,100422973.0,Del0.8,0.75
X-5566,MIR3170,100422881.0,Del0.8,0.74
X-5566,MIR3175,100422995.0,Amp5,6.63
X-5566,MIR320D1,100313896.0,Del0.8,0.74
X-5566,MIR339,442907.0,Amp5,7.89
X-5566,MIR3613,100500908.0,Del0.8,0.75
X-5566,MIR3665,100500861.0,Del0.8,0.75
X-5566,MIR3920,100500823.0,Amp8,9.99
X-5566,MIR4305,100422940.0,Del0.8,0.74
X-5566,MIR4306,100422861.0,Del0.8,0.74
X-5566,MIR4490,100616186.0,Amp8,9.99
X-5566,MIR4500,100616182.0,Del0.8,0.75
X-5566,MIR4500HG,642345.0,Del0.8,0.75
X-5566,MIR4655,100616160.0,Amp8,10.13
X-5566,MIR4665,100616288.0,Del0.8,0.73
X-5566,MIR4693,100616457.0,Amp8,12.21
X-5566,MIR4703,100616423.0,Del0.8,0.75
X-5566,MIR4705,100616239.0,Del0.8,0.74
X-5566,MIR4777,100616317.0,Amp5,5.1
X-5566,MIR548AN,100616144.0,Del0.8,0.74
X-5566,MIR548F5,100302239.0,Del0.8,0.74
X-5566,MIR589,693174.0,Amp5,5.24
X-5566,MIR621,693206.0,Del0.8,0.74
X-5566,MIR622,693207.0,Del0.8,0.75
X-5566,MIR623,693208.0,Del0.8,0.74
X-5566,MIR759,100313778.0,Del0.8,0.75
X-5566,MLANA,2315.0,Del0.8,0.73
X-5566,MLL4,9757.0,MutNovel,"KE369K,1.000"
X-5566,MLL5,55904.0,MutNovel,"K1279R,0.290"
X-5566,MLNR,2862.0,Del0.8,0.75
X-5566,MMP1,4312.0,Amp8,9.99
X-5566,MMP10,4319.0,Amp8,9.99
X-5566,MMP12,4321.0,Amp8,9.99
X-5566,MMP13,4322.0,Amp8,9.99
X-5566,MMP2,4313.0,Del0.8,0.74
X-5566,MMP20,9313.0,Amp8,9.99
X-5566,MMP27,64066.0,Amp8,9.99
X-5566,MMP3,4314.0,Amp8,9.99
X-5566,MMP7,4316.0,Amp8,9.99
X-5566,MMP8,4317.0,Amp8,9.99
X-5566,MPDZ,8777.0,Del0.8,0.75
X-5566,MRE11A,4361.0,Amp8,9.99
X-5566,MRP63,78988.0,Del0.8,0.77
X-5566,MRPS26,64949.0,MutNovel,"V42L,0.406"
X-5566,MRPS31,10240.0,Del0.8,0.74
X-5566,MSH3,4437.0,MutNovel,"AAPP61A,1.000"
X-5566,MSH3,4437.0,MutNovel,"P63G,0.385"
X-5566,MTAP,4507.0,Del0.8,0.73
X-5566,MTMR2,8898.0,Amp8,9.99
X-5566,MTNR1B,4544.0,Amp8,9.99
X-5566,MTRF1,9617.0,Del0.8,0.74
X-5566,MUC20,200958.0,MutNovel,"P266S,0.500"
X-5566,MYCBP2,23077.0,Del0.8,0.75
X-5566,MYH8,4626.0,MutKnownFunctional,"-725?,1.000"
X-5566,MZT1,440145.0,Del0.8,0.75
X-5566,N4BP1,9683.0,Del0.8,0.73
X-5566,N6AMT2,221143.0,Del0.8,0.77
X-5566,NAA16,79612.0,Del0.8,0.74
X-5566,NAALAD2,10003.0,Amp8,9.99
X-5566,NALCN,259232.0,Del0.8,0.74
X-5566,NAV3,89795.0,MutNovel,"K488E,0.600"
X-5566,NBPF1,55672.0,MutNovel,"D712H,0.568"
X-5566,NBPF11,200030.0,MutNovel,"G60S,0.500"
X-5566,NBPF12,,MutNovel,"G6S,0.750"
X-5566,NBPF12,,MutNovel,"T210I,0.294"
X-5566,NCL,4691.0,Amp5,5.1
X-5566,NCOA3,8202.0,MutNovel,"Q1264-,1.000"
X-5566,NCOR2,9612.0,MutNovel,"G1839GAAA,0.360"
X-5566,NCOR2,9612.0,MutNovel,"R1444W,0.669"
X-5566,NCRNA00185,55410.0,Del0.8,0.22
X-5566,NDFIP2,54602.0,Del0.8,0.75
X-5566,NEFH,4744.0,MutNovel,"E500ETK,0.812"
X-5566,NEK3,4752.0,Del0.8,0.75
X-5566,NEK5,341676.0,Del0.8,0.75
X-5566,NHLRC3,387921.0,Del0.8,0.74
X-5566,NINJ1,4814.0,MutNovel,"P150S,0.659"
X-5566,NKD1,85407.0,Del0.8,0.73
X-5566,NLGN4Y,22829.0,Del0.8,0.22
X-5566,NMB,4828.0,Amp5,7.57
X-5566,NMU,10874.0,Amp8,14.93
X-5566,NOA1,84273.0,Amp5,7.46
X-5566,NOD2,64127.0,Del0.8,0.73
X-5566,NOTCH1,4851.0,MutNovel,"G2152R,0.253"
X-5566,NOX4,50507.0,Amp8,8.82
X-5566,NR1H2,7376.0,MutNovel,"-173Q,1.000"
X-5566,NR2F2,7026.0,Amp8,9
X-5566,NRG2,9542.0,MutNovel,"GPG667G,0.414"
X-5566,NUDT1,4521.0,Amp5,7.52
X-5566,NUDT15,55270.0,Del0.8,0.74
X-5566,NUDT7,283927.0,MutNovel,"A144G,0.571"
X-5566,NUFIP1,26747.0,Del0.8,0.74
X-5566,NXPH1,30010.0,Amp5,5.78
X-5566,OCLN,100506658.0,MutNovel,"R335Q,0.277"
X-5566,OCM,654231.0,Amp8,9
X-5566,OLFM4,10562.0,Del0.8,0.75
X-5566,OR7E156P,283491.0,Del0.8,0.75
X-5566,OR7E2P,8587.0,Amp8,8.82
X-5566,OR7E37P,100506759.0,Del0.8,0.74
X-5566,ORAI1,84876.0,MutNovel,"PP43-,1.000"
X-5566,OXCT2,64064.0,MutNovel,"A516V,0.545"
X-5566,OXGR1,27199.0,Del0.8,0.75
X-5566,PABPC3,5042.0,MutKnownFunctional,"-296,0.750"
X-5566,PAGE2,203569.0,MutNovel,"P84R,1.000"
X-5566,PAICS,10606.0,Amp5,7.46
X-5566,PALLD,23022.0,MutNovel,"-115P,0.882"
X-5566,PANX1,24145.0,Amp8,9.99
X-5566,PAPD5,64282.0,Del0.8,0.73
X-5566,PARD3,56288.0,MutNovel,"R33C,0.659"
X-5566,PCCA,5095.0,Del0.8,0.74
X-5566,PCDH11Y,83259.0,Del0.8,0.26
X-5566,PCDH17,27253.0,Del0.8,0.75
X-5566,PCDH20,64881.0,Del0.8,0.75
X-5566,PCDH8,5100.0,Del0.8,0.75
X-5566,PCF11,51585.0,Amp8,8.57
X-5566,PCNXL4,,MutNovel,"P807LS,0.728"
X-5566,PCSK4,54760.0,MutNovel,"D184N,0.495"
X-5566,PDCD1LG2,80380.0,Del0.8,0.73
X-5566,PDCL2,132954.0,Amp8,14.93
X-5566,PDE8A,5151.0,Amp5,5.13
X-5566,PDGFD,80310.0,Amp8,12.21
X-5566,PDGFRA,5156.0,Amp8,9.32
X-5566,PGR,5241.0,Amp8,9.99
X-5566,PHF11,51131.0,Del0.8,0.75
X-5566,PHF14,9678.0,MutNovel,"D258A,0.582"
X-5566,PHF21A,51317.0,MutNovel,"R607Q,0.346"
X-5566,PHLDA1,22822.0,MutNovel,"QQ194Q,1.000"
X-5566,PIBF1,10464.0,Del0.8,0.75
X-5566,PICALM,8301.0,Amp8,9.99
X-5566,PIEZO1,9780.0,MutNovel,"D88G,0.485"
X-5566,PITPNM2,57605.0,MutNovel,"GGG620-,1.000"
X-5566,PITPNM2,57605.0,MutNovel,"R18C,0.415"
X-5566,PIWIL4,143689.0,Amp8,9.99
X-5566,PJA2,9867.0,MutNovel,"F556L,0.534"
X-5566,PKD1,5310.0,MutNovel,"G864D,0.653"
X-5566,PKNOX2,63876.0,MutNovel,"G393R,0.442"
X-5566,PKP1,5317.0,MutNovel,"K322E,1.000"
X-5566,PLS1,5357.0,MutNovel,"A215S,0.444"
X-5566,PMS2,5395.0,Amp8,9
X-5566,PMS2CL,441194.0,Amp5,7.41
X-5566,POLR2B,5431.0,Amp5,7.46
X-5566,POM121C,100101267.0,MutNovel,"T766F,0.450"
X-5566,POMC,5443.0,MutNovel,"SS92RG,0.438"
X-5566,POSTN,10631.0,Del0.8,0.74
X-5566,POTEC,388468.0,MutNovel,"M56T,1.000"
X-5566,POTEC,388468.0,MutNovel,"K36R,1.000"
X-5566,POTED,317754.0,MutNovel,"M56T,1.000"
X-5566,POTED,317754.0,MutNovel,"A119T,1.000"
X-5566,POTEF,728378.0,MutNovel,"N444D,0.600"
X-5566,POTEF,728378.0,MutNovel,"T434S,0.400"
X-5566,POTEF,728378.0,MutNovel,"K63R,0.500"
X-5566,POTEH,23784.0,MutNovel,"I238V,1.000"
X-5566,POU4F1,5457.0,Del0.8,0.75
X-5566,PPAPDC2,403313.0,Del0.8,0.73
X-5566,PPAT,5471.0,Amp5,7.46
X-5566,PPIL3,53938.0,MutNovel,"E81D,0.486"
X-5566,PPP1R13L,10848.0,MutNovel,"E459K,0.577"
X-5566,PPP1R16A,84988.0,MutNovel,"-272A,1.000"
X-5566,PPP1R37,284352.0,MutNovel,"P584S,0.230"
X-5566,PPP2R3B,28227.0,MutNovel,"L589S,1.000"
X-5566,PPP2R3B,28227.0,MutNovel,"R546H,1.000"
X-5566,PRC1,9055.0,Amp8,9.38
X-5566,PRCP,5547.0,Amp8,8.57
X-5566,PRKY,5616.0,Del0.8,0.26
X-5566,PROSER1,80209.0,Del0.8,0.74
X-5566,PRR20B,729233.0,Del0.8,0.75
X-5566,PRR24,255783.0,MutNovel,"G138E,0.354"
X-5566,PRSS23,11098.0,Amp8,8.82
X-5566,PRY,9081.0,Del0.8,0.22
X-5566,PRY,9081.0,Del0.8,0.22
X-5566,PRY2,442862.0,Del0.8,0.22
X-5566,PRY2,442862.0,Del0.8,0.22
X-5566,PSG8,440533.0,MutNovel,"R12L,0.500"
X-5566,PSG8,440533.0,MutNovel,"L3P,0.400"
X-5566,PSMD1,5707.0,Amp5,5.1
X-5566,PSMD5,5711.0,MutNovel,"S367F,0.261"
X-5566,PSMG3,84262.0,Amp8,10.13
X-5566,PTOV1,53635.0,MutNovel,"A39G,0.361"
X-5566,PTPRD,5789.0,Del0.8,0.77
X-5566,QSOX1,5768.0,MutNovel,"A29V,0.744"
X-5566,RAB30,27314.0,Amp8,8.57
X-5566,RAB38,23682.0,Amp8,8.82
X-5566,RABL2A,11159.0,MutNovel,"I103V,0.207"
X-5566,RABL6,,MutNovel,"S312F,0.476"
X-5566,RAC1,5879.0,Amp8,9
X-5566,RANBP6,26953.0,Del0.8,0.73
X-5566,RAP2A,5911.0,Del0.8,0.75
X-5566,RB1,5925.0,Del0.8,0.7
X-5566,RBM26,64062.0,Del0.8,0.75
X-5566,RBM26-AS1,100505538.0,Del0.8,0.75
X-5566,RBMY1A3P,286557.0,Del0.8,0.26
X-5566,RBMY1B,378948.0,Del0.8,0.22
X-5566,RBMY1B,378948.0,Del0.8,0.22
X-5566,RBMY1E,378950.0,Del0.8,0.22
X-5566,RBMY1E,378950.0,Del0.8,0.22
X-5566,RBMY1F,159163.0,Del0.8,0.22
X-5566,RBMY1F,159163.0,Del0.8,0.22
X-5566,RBMY1J,378951.0,Del0.8,0.22
X-5566,RBMY1J,378951.0,Del0.8,0.22
X-5566,RBMY2EP,159125.0,Del0.8,0.22
X-5566,RBMY2FP,159162.0,Del0.8,0.22
X-5566,RBMY3AP,64593.0,Del0.8,0.26
X-5566,RCBTB1,55213.0,Del0.8,0.75
X-5566,RCBTB2,1102.0,Del0.8,0.75
X-5566,RCCD1,91433.0,Amp8,9.38
X-5566,RCL1,10171.0,Del0.8,0.73
X-5566,RECQL4,9401.0,MutNovel,"P818S,0.993"
X-5566,REST,5978.0,Amp5,7.46
X-5566,RFPL1,5988.0,MutNovel,"R213L,0.429"
X-5566,RFPL1,5988.0,MutNovel,"S224G,0.765"
X-5566,RFPL3,10738.0,MutNovel,"L237F,0.500"
X-5566,RFX3,5991.0,Del0.8,0.73
X-5566,RFXAP,5994.0,Del0.8,0.74
X-5566,RGMA,56963.0,Amp5,6.63
X-5566,RHOXF2,,MutNovel,"L176F,1.000"
X-5566,RIN2,54453.0,MutNovel,"P358A,0.643"
X-5566,RIN3,79890.0,MutNovel,"G967-,1.000"
X-5566,RLN1,6013.0,Del0.8,0.73
X-5566,RLN2,6019.0,Del0.8,0.73
X-5566,RNASEH2B,79621.0,Del0.8,0.75
X-5566,RNF113B,140432.0,Del0.8,0.74
X-5566,RNF216,54476.0,Amp5,6.87
X-5566,RNF219,79596.0,Del0.8,0.75
X-5566,RPA3,6119.0,Amp5,5.78
X-5566,RPGRIP1L,23322.0,Del0.8,0.74
X-5566,RPL21P44,402176.0,Amp8,8
X-5566,RPL4,6124.0,Amp5,5.98
X-5566,RPS4Y1,6192.0,Del0.8,0.26
X-5566,RPS4Y2,140032.0,Del0.8,0.22
X-5566,RPUSD1,113000.0,MutNovel,"T307M,0.283"
X-5566,RSPH10B2,728194.0,Amp8,8.57
X-5566,RSPH10B2,728194.0,Amp8,9
X-5566,RXRB,6257.0,MutNovel,"-53R,0.507"
X-5566,SALL1,6299.0,Del0.8,0.73
X-5566,SALL4,57167.0,MutNovel,"DV686V,0.212"
X-5566,SAMD1,90378.0,MutNovel,"DEE233E,0.436"
X-5566,SAP18,10284.0,Del0.8,0.77
X-5566,SBNO2,22904.0,MutNovel,"R1100Q,0.456"
X-5566,SCAND2,54581.0,Amp5,7.57
X-5566,SCARNA9,619383.0,Amp8,9.99
X-5566,SCEL,8796.0,Del0.8,0.75
X-5566,SEC11A,23478.0,Amp5,7.57
X-5566,SERINC2,347735.0,MutNovel,"-373Q,1.000"
X-5566,SERP2,387923.0,Del0.8,0.74
X-5566,SERPINE3,647174.0,Del0.8,0.75
X-5566,SERTM1,400120.0,Del0.8,0.74
X-5566,SESN3,143686.0,Amp8,9.99
X-5566,SETDB2,83852.0,Del0.8,0.75
X-5566,SGPP1,81537.0,MutNovel,"Y224C,0.658"
X-5566,SHPK,23729.0,MutNovel,"H332Y,1.000"
X-5566,SIAH1,6477.0,Del0.8,0.73
X-5566,SIAH2,6478.0,MutNovel,"G63AG,0.250"
X-5566,SIAH3,283514.0,Del0.8,0.74
X-5566,SIRPG,55423.0,MutNovel,"M34V,0.933"
X-5566,SKA3,221150.0,Del0.8,0.77
X-5566,SLAIN1,122060.0,Del0.8,0.75
X-5566,SLC15A1,6564.0,Del0.8,0.74
X-5566,SLC1A1,6505.0,Del0.8,0.73
X-5566,SLC25A15,10166.0,Del0.8,0.74
X-5566,SLC25A30,253512.0,Del0.8,0.74
X-5566,SLC28A1,9154.0,Amp5,7.57
X-5566,SLC36A4,120103.0,Amp8,9.99
X-5566,SLC5A9,200010.0,MutNovel,"Q635K,1.000"
X-5566,SLC6A2,6530.0,Del0.8,0.74
X-5566,SLITRK1,114798.0,Del0.8,0.75
X-5566,SLITRK5,26050.0,Del0.8,0.75
X-5566,SLITRK6,84189.0,Del0.8,0.75
X-5566,SMAD3,4088.0,Amp5,5.98
X-5566,SMAD6,4091.0,Amp5,5.98
X-5566,SMAD9,4093.0,Del0.8,0.74
X-5566,SMARCA2,6595.0,Del0.8,0.74
X-5566,SMARCD2,6603.0,MutNovel,"N269S,0.818"
X-5566,SNAPC5,10302.0,Amp5,5.98
X-5566,SNORA1,677792.0,Amp8,9.99
X-5566,SNORA18,677805.0,Amp8,9.99
X-5566,SNORA25,684959.0,Amp8,9.99
X-5566,SNORA31,677814.0,Del0.8,0.74
X-5566,SNORA40,677822.0,Amp8,9.99
X-5566,SNORA70E,100379250.0,Amp8,8.57
X-5566,SNORA75,654321.0,Amp5,5.1
X-5566,SNORA8,654320.0,Amp8,9.99
X-5566,SNORD16,595097.0,Amp5,5.98
X-5566,SNORD18A,595098.0,Amp5,5.98
X-5566,SNORD18B,595099.0,Amp5,5.98
X-5566,SNORD18C,595100.0,Amp5,5.98
X-5566,SNORD20,6082.0,Amp5,5.1
X-5566,SNORD5,692072.0,Amp8,9.99
X-5566,SNORD82,25826.0,Amp5,5.1
X-5566,SNX20,124460.0,Del0.8,0.73
X-5566,SNX8,29886.0,Amp5,7.52
X-5566,SOHLH2,54937.0,Del0.8,0.74
X-5566,SOX21,11166.0,Del0.8,0.75
X-5566,SP140,11262.0,MutNovel,"A566P,1.000"
X-5566,SP140,11262.0,MutNovel,"I610T,1.000"
X-5566,SPATA3,130560.0,Amp5,5.1
X-5566,SPERT,220082.0,Del0.8,0.74
X-5566,SPG20,23111.0,Del0.8,0.74
X-5566,SPG20OS,100507135.0,Del0.8,0.74
X-5566,SPINK2,6691.0,Amp5,7.46
X-5566,SPRY2,10253.0,Del0.8,0.75
X-5566,SPRYD7,57213.0,Del0.8,0.75
X-5566,SPTLC2,9517.0,MutNovel,"M475V,0.696"
X-5566,SRD5A3,79644.0,Amp8,14.93
X-5566,SRP72,6731.0,Amp5,7.46
X-5566,SRSF8,10929.0,Amp8,9.99
X-5566,SRY,6736.0,Del0.8,0.26
X-5566,ST13P4,145165.0,Del0.8,0.75
X-5566,ST8SIA2,8128.0,Amp5,6.63
X-5566,STARD8,9754.0,MutNovel,"R962W,1.000"
X-5566,STK24,8428.0,Del0.8,0.74
X-5566,STOML3,161003.0,Del0.8,0.74
X-5566,STRC,161497.0,MutNovel,"T1565S,0.385"
X-5566,SUCLA2,8803.0,Del0.8,0.74
X-5566,SUGT1,10910.0,Del0.8,0.75
X-5566,SUGT1P3,283507.0,Del0.8,0.74
X-5566,SUN1,23353.0,Amp5,5.31
X-5566,SV2B,9899.0,Amp8,9.38
X-5566,SYTL2,54843.0,Amp8,9.99
X-5566,TAF1D,79101.0,Amp8,9.99
X-5566,TAF7L,54457.0,MutNovel,"EDE349E,1.000"
X-5566,TATDN1,83940.0,MutNovel,"S2G,0.269"
X-5566,TBC1D3,729873.0,MutNovel,"L49F,0.778"
X-5566,TBC1D4,9882.0,Del0.8,0.75
X-5566,TBKBP1,9755.0,MutNovel,"G330C,0.263"
X-5566,TBL1Y,90665.0,Del0.8,0.26
X-5566,TBP,6908.0,MutNovel,"-64Q,1.000"
X-5566,TCOF1,6949.0,MutKnownFunctional,"-1453?,0.444"
X-5566,TCTA,6988.0,MutNovel,"P88S,0.280"
X-5566,TDRD3,81550.0,Del0.8,0.75
X-5566,TEC,7006.0,MutNovel,"I438M,0.471"
X-5566,TECRL,253017.0,Amp8,15.03
X-5566,TFAMP1,260341.0,Amp8,10.13
X-5566,TGDS,23483.0,Del0.8,0.75
X-5566,TGIF2LY,90655.0,Del0.8,0.26
X-5566,THAP9,79725.0,MutNovel,"D206H,0.441"
X-5566,THSD1,55901.0,Del0.8,0.75
X-5566,THSD4,79875.0,MutNovel,"R881T,0.378"
X-5566,TIGD1,200765.0,MutNovel,"S164I,0.627"
X-5566,TIMELESS,8914.0,MutNovel,"R321H,0.500"
X-5566,TLE1,7088.0,MutNovel,"A724D,0.285"
X-5566,TLE3,7090.0,MutNovel,"P148S,0.623"
X-5566,TM9SF2,9375.0,Del0.8,0.74
X-5566,TMEM123,114908.0,Amp8,9.99
X-5566,TMEM126A,84233.0,Amp8,9.99
X-5566,TMEM126B,55863.0,Amp8,9.99
X-5566,TMEM133,83935.0,Amp8,9.99
X-5566,TMEM135,65084.0,Amp8,8.82
X-5566,TMEM165,55858.0,Amp8,14.93
X-5566,TMEM184A,202915.0,MutNovel,"G392GA,1.000"
X-5566,TMEM184A,202915.0,Amp8,10.13
X-5566,TMEM5,10329.0,MutNovel,"I350T,0.488"
X-5566,TMF1,7110.0,MutNovel,"I386M,0.289"
X-5566,TMSB4Y,9087.0,Del0.8,0.22
X-5566,TMTC4,84899.0,Del0.8,0.74
X-5566,TNFSF11,8600.0,Del0.8,0.74
X-5566,TNRC18,84629.0,Amp5,5.24
X-5566,TOR1A,1861.0,MutNovel,"D220N,0.282"
X-5566,TOX3,27324.0,Del0.8,0.75
X-5566,TPD52L3,89882.0,Del0.8,0.74
X-5566,TPT1,7178.0,Del0.8,0.74
X-5566,TPTE2P3,220115.0,Del0.8,0.75
X-5566,TRABD2A,,MutKnownFunctional,"L267*,0.466"
X-5566,TRIM13,10206.0,Del0.8,0.75
X-5566,TRIM49,57093.0,Amp8,10.06
X-5566,TRIM49L1,729384.0,Amp5,6.45
X-5566,TRIM49L1,729384.0,Amp5,6.45
X-5566,TRIM64,120146.0,Amp8,9.99
X-5566,TRIM64B,642446.0,Amp5,6.45
X-5566,TRIM68,55128.0,MutNovel,"Q261R,0.699"
X-5566,TRIM77P,390231.0,Amp8,8.82
X-5566,TRMT10A,,MutNovel,"R102C,0.624"
X-5566,TRMU,55687.0,MutNovel,"E148K,0.721"
X-5566,TRPC4,7223.0,Del0.8,0.74
X-5566,TRPC6,7225.0,Amp8,9.99
X-5566,TSC22D1,8848.0,Del0.8,0.74
X-5566,TSC22D3,1831.0,MutNovel,"N40S,0.985"
X-5566,TSPAN31,6302.0,MutNovel,"S41F,0.504"
X-5566,TSPY1,7258.0,Del0.8,0.26
X-5566,TSPY2,64591.0,Del0.8,0.26
X-5566,TSPY3,728137.0,Del0.8,0.26
X-5566,TSPY4,728395.0,Del0.8,0.26
X-5566,TSPY8,728403.0,Del0.8,0.26
X-5566,TSPYL1,7259.0,MutNovel,"V176VW,1.000"
X-5566,TTTY10,246119.0,Del0.8,0.22
X-5566,TTTY11,83866.0,Del0.8,0.26
X-5566,TTTY12,83867.0,Del0.8,0.26
X-5566,TTTY13,83868.0,Del0.8,0.22
X-5566,TTTY14,83869.0,Del0.8,0.22
X-5566,TTTY15,64595.0,Del0.8,0.22
X-5566,TTTY16,252948.0,Del0.8,0.26
X-5566,TTTY17A,252949.0,Del0.8,0.29
X-5566,TTTY17A,252949.0,Del0.8,0.13
X-5566,TTTY18,252950.0,Del0.8,0.26
X-5566,TTTY19,252952.0,Del0.8,0.26
X-5566,TTTY1B,100101116.0,Del0.8,0.26
X-5566,TTTY1B,100101116.0,Del0.8,0.1
X-5566,TTTY2,60439.0,Del0.8,0.1
X-5566,TTTY2,60439.0,Del0.8,0.26
X-5566,TTTY20,252951.0,Del0.8,0.26
X-5566,TTTY21,252953.0,Del0.8,0.26
X-5566,TTTY21,252953.0,Del0.8,0.1
X-5566,TTTY22,252954.0,Del0.8,0.22
X-5566,TTTY23,252955.0,Del0.8,0.22
X-5566,TTTY23,252955.0,Del0.8,0.26
X-5566,TTTY3,114760.0,Del0.8,0.22
X-5566,TTTY3,114760.0,Del0.8,0.14
X-5566,TTTY4,114761.0,Del0.8,0.13
X-5566,TTTY4,114761.0,Del0.8,0.08
X-5566,TTTY5,83863.0,Del0.8,0.22
X-5566,TTTY6,84672.0,Del0.8,0.22
X-5566,TTTY6,84672.0,Del0.8,0.22
X-5566,TTTY7,246122.0,Del0.8,0.26
X-5566,TTTY7,246122.0,Del0.8,0.1
X-5566,TTTY7B,100101120.0,Del0.8,0.26
X-5566,TTTY7B,100101120.0,Del0.8,0.1
X-5566,TTTY8,84673.0,Del0.8,0.16
X-5566,TTTY8,84673.0,Del0.8,0.26
X-5566,TTTY9A,83864.0,Del0.8,0.22
X-5566,TTTY9A,83864.0,Del0.8,0.22
X-5566,TUBB8,347688.0,MutNovel,"Q134H,0.750"
X-5566,TUBB8,347688.0,MutNovel,"N52H,0.667"
X-5566,TUBB8,347688.0,MutNovel,"Y50H,0.500"
X-5566,TXLNG2P,246126.0,Del0.8,0.22
X-5566,TYR,7299.0,Amp8,8.82
X-5566,TYRP1,7306.0,Del0.8,0.75
X-5566,UAP1L1,91373.0,MutNovel,"V79L,1.000"
X-5566,UBAC2,337867.0,Del0.8,0.74
X-5566,UBAC2-AS1,100289373.0,Del0.8,0.74
X-5566,UBE2Q1,55585.0,MutNovel,"G32V,0.400"
X-5566,UBE2Q2P1,388165.0,Amp5,7.57
X-5566,UBR4,23352.0,MutNovel,"G977Q,0.491"
X-5566,UBTFL1,642623.0,Amp8,9.99
X-5566,UBXN11,91544.0,MutNovel,"C512G,0.267"
X-5566,UCHL3,7347.0,Del0.8,0.75
X-5566,UFM1,51569.0,Del0.8,0.74
X-5566,UGGT2,55757.0,Del0.8,0.75
X-5566,UHRF2,115426.0,Del0.8,0.74
X-5566,UNC45A,55898.0,Amp8,9.38
X-5566,UNCX,340260.0,Amp5,7.89
X-5566,UQCRC1,7384.0,MutNovel,"I449V,0.713"
X-5566,URB1,9875.0,MutNovel,"L2152R,0.556"
X-5566,URB1,9875.0,MutNovel,"R1578Q,1.000"
X-5566,USP32P2,220594.0,Del0.8,0.55
X-5566,USP42,84132.0,Amp8,9
X-5566,USP47,55031.0,MutNovel,"L397F,0.344"
X-5566,USP9Y,8287.0,Del0.8,0.22
X-5566,UTP14C,9724.0,Del0.8,0.75
X-5566,UTY,7404.0,Del0.8,0.22
X-5566,VAV2,7410.0,MutNovel,"L203R,0.366"
X-5566,VCX,26609.0,MutNovel,"E119Q,0.270"
X-5566,VCX,26609.0,MutNovel,"E179R,0.850"
X-5566,VCX3A,51481.0,MutNovel,"V130L,0.396"
X-5566,VCX3B,425054.0,MutNovel,"E109Q,0.328"
X-5566,VCX3B,425054.0,MutNovel,"V130L,0.523"
X-5566,VCX3B,425054.0,MutNovel,"V180L,0.272"
X-5566,VCX3B,425054.0,MutNovel,"P213L,0.263"
X-5566,VCX3B,425054.0,MutNovel,"M230V,0.545"
X-5566,VCY,9084.0,Del0.8,0.22
X-5566,VCY,9084.0,Del0.8,0.22
X-5566,VLDLR,7436.0,Del0.8,0.74
X-5566,VPS33B,26276.0,Amp8,9.38
X-5566,VPS36,51028.0,Del0.8,0.75
X-5566,VSTM2L,128434.0,MutNovel,"A16T,0.667"
X-5566,VSTM5,387804.0,Amp8,9.99
X-5566,WASL,8976.0,MutNovel,"P389PRP,0.204"
X-5566,WBP4,11193.0,Del0.8,0.74
X-5566,WDFY2,115825.0,Del0.8,0.75
X-5566,WDR18,57418.0,MutNovel,"T197M,0.534"
X-5566,WDR73,84942.0,Amp5,7.57
X-5566,WHSC2,7469.0,MutNovel,"V342L,1.000"
X-5566,WWC1,23286.0,MutNovel,"G866-,0.316"
X-5566,XAGE1D,,MutNovel,"K24N,0.500"
X-5566,XKRY2,353515.0,Del0.8,0.22
X-5566,XKRY2,353515.0,Del0.8,0.22
X-5566,XPO4,64328.0,Del0.8,0.77
X-5566,YAP1,10413.0,Amp8,9.99
X-5566,YRDC,79693.0,MutNovel,"I172V,0.492"
X-5566,YY1AP1,55249.0,MutNovel,"S66P,0.346"
X-5566,ZBED3,84327.0,MutNovel,"H61Y,0.348"
X-5566,ZC3H13,23091.0,Del0.8,0.74
X-5566,ZDHHC11,79844.0,MutNovel,"A303D,0.407"
X-5566,ZDHHC11B,,MutNovel,"V331I,0.667"
X-5566,ZDHHC11B,,MutNovel,"P163L,1.000"
X-5566,ZDHHC20,253832.0,Del0.8,0.77
X-5566,ZDHHC4,55146.0,Amp5,6.41
X-5566,ZFAND2A,90637.0,Amp5,7.89
X-5566,ZFHX3,463.0,MutNovel,"Q1741HK,0.474"
X-5566,ZFP62,643836.0,MutNovel,"I717T,0.391"
X-5566,ZFY,7544.0,Del0.8,0.26
X-5566,ZIC2,7546.0,Del0.8,0.74
X-5566,ZIC5,85416.0,Del0.8,0.74
X-5566,ZMYM2,7750.0,Del0.8,0.74
X-5566,ZNF12,7559.0,Amp5,6.41
X-5566,ZNF17,7565.0,MutNovel,"L257F,0.568"
X-5566,ZNF219,51222.0,MutNovel,"QPP233P,0.274"
X-5566,ZNF227,7770.0,MutNovel,"K93T,0.356"
X-5566,ZNF423,23090.0,Del0.8,0.73
X-5566,ZNF518A,9849.0,MutNovel,"R1001P,1.000"
X-5566,ZNF592,9640.0,Amp5,7.57
X-5566,ZNF611,81856.0,MutNovel,"S95N,0.632"
X-5566,ZNF695,57116.0,MutNovel,"E272Q,0.364"
X-5566,ZNF772,400720.0,MutNovel,"A4GP,1.000"
X-5566,ZNF774,342132.0,Amp8,9.38
X-5566,ZNF853,54753.0,Amp5,6.41
X-5566,ZNF98,148198.0,MutNovel,"K560N,1.000"
X-5566,ZSCAN2,54993.0,Amp5,7.57
X-5566,ZWILCH,55055.0,Amp5,5.98
X-5566,ZXDA,7789.0,MutNovel,"P47L,1.000"
X-5584,ABCC5,10057.0,MutNovel,"K1211R,0.754"
X-5584,ACSL4,2182.0,Del0.8,0.59
X-5584,ACTR3C,653857.0,MutNovel,"S163F,1.000"
X-5584,ACTRT1,139741.0,Del0.8,0.59
X-5584,ADAP1,11033.0,Amp5,5.28
X-5584,ADCK5,203054.0,Amp5,5.7
X-5584,ADI1,55256.0,MutNovel,"G27A,0.423"
X-5584,AFF2,2334.0,Del0.8,0.6
X-5584,AGTR2,186.0,Del0.8,0.59
X-5584,AGXT2L1,64850.0,MutNovel,"D181N,0.650"
X-5584,AHNAK,79026.0,MutNovel,"G5216E,0.462"
X-5584,AIFM1,9131.0,Del0.8,0.59
X-5584,AKAP14,158798.0,Del0.8,0.59
X-5584,ALG13,79868.0,Del0.8,0.59
X-5584,AMELY,266.0,Del0.8,0.2
X-5584,AMMECR1,9949.0,Del0.8,0.59
X-5584,AMOT,154796.0,Del0.8,0.59
X-5584,ANAPC1,64682.0,MutNovel,"R1110C,0.323"
X-5584,ANKRD30B,374860.0,MutNovel,"N681K,0.385"
X-5584,ANKZF1,55139.0,MutNovel,"R581H,0.415"
X-5584,AP3B1,8546.0,MutNovel,"KK803K,0.365"
X-5584,APLN,8862.0,Del0.8,0.59
X-5584,APOOL,139322.0,Del0.8,0.61
X-5584,ARFGEF2,10564.0,MutNovel,"S988F,0.384"
X-5584,ARHGAP11A,9824.0,MutKnownFunctional,"-790,0.222"
X-5584,ARHGAP36,158763.0,Del0.8,0.59
X-5584,ARHGAP39,80728.0,Amp5,5.7
X-5584,ARHGEF6,9459.0,Del0.8,0.6
X-5584,ARL13A,392509.0,Del0.8,0.59
X-5584,ARMCX1,51309.0,Del0.8,0.59
X-5584,ARMCX2,9823.0,Del0.8,0.59
X-5584,ARMCX3,51566.0,Del0.8,0.59
X-5584,ARMCX4,100131755.0,MutNovel,"I1032T,1.000"
X-5584,ARMCX4,100131755.0,Del0.8,0.59
X-5584,ARMCX5,64860.0,Del0.8,0.59
X-5584,ARMCX5-GPRASP2,100528062.0,Del0.8,0.59
X-5584,ARMCX6,54470.0,Del0.8,0.59
X-5584,ARNT2,9915.0,MutNovel,"M259I,0.625"
X-5584,ASXL2,55252.0,MutNovel,"L982V,0.264"
X-5584,ATG4A,115201.0,Del0.8,0.59
X-5584,ATM,472.0,MutNovel,"P1054R,0.444"
X-5584,ATP11C,286410.0,Del0.8,0.6
X-5584,ATP1B4,23439.0,Del0.8,0.59
X-5584,ATP6AP1,537.0,Del0.8,0.62
X-5584,ATP6V0A2,23545.0,MutKnownFunctional,"E824*,0.338"
X-5584,ATP6V1H,51606.0,Amp5,5.28
X-5584,AVEN,57099.0,MutNovel,"GGGGG41G,0.667"
X-5584,BAIAP2L2,80115.0,MutNovel,"P389L,0.363"
X-5584,BCL6,604.0,MutNovel,"L425F,0.231"
X-5584,BCL6,604.0,MutNovel,"M418K,0.238"
X-5584,BCL9,607.0,MutNovel,"R798Q,0.633"
X-5584,BCORL1,63035.0,Del0.8,0.59
X-5584,BCORP1,286554.0,Del0.8,0.2
X-5584,BEGAIN,57596.0,MutNovel,"S553F,0.325"
X-5584,BEST1,7439.0,MutKnownFunctional,"-299,0.502"
X-5584,BEX1,55859.0,Del0.8,0.59
X-5584,BEX2,84707.0,Del0.8,0.59
X-5584,BEX4,56271.0,Del0.8,0.59
X-5584,BEX5,340542.0,Del0.8,0.59
X-5584,BHLHB9,80823.0,Del0.8,0.59
X-5584,BIRC6,57448.0,MutNovel,"G982R,0.562"
X-5584,BNC2,54796.0,MutKnownFunctional,"E398*,1.000"
X-5584,BOP1,23246.0,Amp5,5.7
X-5584,BPY2B,442867.0,Del0.8,0.12
X-5584,BPY2B,442867.0,Del0.8,0.08
X-5584,BRAF,673.0,MutKnownFunctional,"V600E,0.705"
X-5584,BRCC3,79184.0,Del0.8,0.62
X-5584,BREA2,286076.0,Amp5,5.7
X-5584,BRS3,680.0,Del0.8,0.6
X-5584,BTK,695.0,Del0.8,0.59
X-5584,BTN3A3,10384.0,MutNovel,"S6F,0.750"
X-5584,BTNL3,10917.0,Del0.8,0.7
X-5584,BTNL8,79908.0,Del0.8,0.74
X-5584,C14orf39,317761.0,MutNovel,"S469F,0.333"
X-5584,C16orf62,57020.0,MutNovel,"P126S,0.488"
X-5584,C16orf93,90835.0,MutNovel,"V215F,0.400"
X-5584,C17orf81,23587.0,MutNovel,"Q215K,0.291"
X-5584,C19orf48,84798.0,MutNovel,"G24E,0.695"
X-5584,C1GALT1C1,29071.0,Del0.8,0.59
X-5584,C20orf132,140699.0,MutNovel,"G562R,0.667"
X-5584,C21orf58,54058.0,MutNovel,"H299PN,0.412"
X-5584,C5orf54,63920.0,MutNovel,"S558F,0.312"
X-5584,C6orf223,221416.0,MutNovel,"P41S,0.816"
X-5584,C7orf50,84310.0,Amp5,5.28
X-5584,C8orf33,65265.0,MutNovel,"PE96P,0.398"
X-5584,C8orf33,65265.0,Amp5,5.7
X-5584,C8orf73,642475.0,Amp5,5.7
X-5584,C8orf82,414919.0,MutNovel,"S16L,0.464"
X-5584,C8orf82,414919.0,Amp5,5.7
X-5584,C9orf53,51198.0,Del0.8,0.58
X-5584,CADM4,199731.0,MutNovel,"P148S,0.381"
X-5584,CAMK2G,818.0,MutKnownFunctional,"Q265*,1.000"
X-5584,CAMKMT,79823.0,MutNovel,"K182E,0.444"
X-5584,CAPN6,827.0,Del0.8,0.59
X-5584,CCDC137,339230.0,MutNovel,"R247C,0.377"
X-5584,CCDC141,285025.0,MutNovel,"Q507H,0.222"
X-5584,CCDC141,285025.0,MutNovel,"P7L,0.500"
X-5584,CCDC160,347475.0,Del0.8,0.58
X-5584,CCDC166,100130274.0,Amp5,5.7
X-5584,CCNI,10983.0,MutNovel,"N345S,0.573"
X-5584,CCPG1,9236.0,MutNovel,"H581Y,0.285"
X-5584,CD40LG,959.0,Del0.8,0.6
X-5584,CD99L2,83692.0,Del0.8,0.6
X-5584,CDC23,8697.0,MutNovel,"L283F,0.310"
X-5584,CDC25B,994.0,MutNovel,"Y511H,0.277"
X-5584,CDKL3,51265.0,MutNovel,"N226I,0.333"
X-5584,CDKN1C,1028.0,MutNovel,"APVAV171V,1.000"
X-5584,CDKN2A,1029.0,Del0.8,0.48
X-5584,CDKN2B,1030.0,Del0.8,0.36
X-5584,CDR1,1038.0,Del0.8,0.6
X-5584,CDY1B,253175.0,Del0.8,0.2
X-5584,CDY1B,253175.0,Del0.8,0.13
X-5584,CDY2A,9426.0,Del0.8,0.2
X-5584,CDY2A,9426.0,Del0.8,0.2
X-5584,CDY2B,203611.0,Del0.8,0.2
X-5584,CDY2B,203611.0,Del0.8,0.2
X-5584,CENPI,2491.0,Del0.8,0.59
X-5584,CEP70,80321.0,MutKnownFunctional,"Q567*,0.294"
X-5584,CETN2,1069.0,Del0.8,0.6
X-5584,CFHR1,3078.0,Amp5,5.06
X-5584,CFHR3,10878.0,Amp5,5.06
X-5584,CFHR4,10877.0,MutKnownFunctional,"W445*,1.000"
X-5584,CHCHD7,79145.0,Amp5,5.28
X-5584,CHD6,84181.0,MutNovel,"A273V,0.682"
X-5584,CHM,1121.0,Del0.8,0.61
X-5584,CHRDL1,91851.0,Del0.8,0.59
X-5584,CLDN2,9075.0,Del0.8,0.59
X-5584,CLIC2,1193.0,Del0.8,0.62
X-5584,CNDP1,84735.0,MutNovel,"V15VL,1.000"
X-5584,CNGA2,1260.0,Del0.8,0.6
X-5584,COBL,23242.0,MutNovel,"N834K,0.667"
X-5584,COL4A5,1287.0,Del0.8,0.59
X-5584,COL4A6,1288.0,Del0.8,0.59
X-5584,COMMD5,28991.0,Amp5,5.7
X-5584,COX19,90639.0,Amp5,5.28
X-5584,COX6B1,1340.0,MutNovel,"R39H,0.671"
X-5584,CPD,1362.0,MutNovel,"I644V,0.697"
X-5584,CPSF1,29894.0,Amp5,5.7
X-5584,CPXCR1,53336.0,Del0.8,0.61
X-5584,CSAG1,158511.0,Del0.8,0.6
X-5584,CSAG2,728461.0,Del0.8,0.6
X-5584,CSAG2,728461.0,Del0.8,0.6
X-5584,CSAG3,389903.0,Del0.8,0.6
X-5584,CSAG3,389903.0,Del0.8,0.6
X-5584,CSPG4P1Y,114758.0,Del0.8,0.13
X-5584,CSPG4P1Y,114758.0,Del0.8,0.2
X-5584,CST2,1470.0,MutNovel,"H49L,0.457"
X-5584,CSTF2,1478.0,Del0.8,0.59
X-5584,CT45A1,541466.0,Del0.8,0.42
X-5584,CT45A2,728911.0,Del0.8,0.31
X-5584,CT45A3,441519.0,Del0.8,0.6
X-5584,CT45A4,441520.0,Del0.8,0.6
X-5584,CT45A4,441520.0,Del0.8,0.43
X-5584,CT45A5,441521.0,Del0.8,0.6
X-5584,CT45A6,541465.0,Del0.8,0.6
X-5584,CT47A1,728096.0,Del0.8,0.59
X-5584,CT47A10,728036.0,Del0.8,0.59
X-5584,CT47A6,728062.0,Del0.8,0.59
X-5584,CT47A7,653282.0,Del0.8,0.59
X-5584,CT47B1,643311.0,Del0.8,0.59
X-5584,CTAG1B,1485.0,Del0.8,0.62
X-5584,CTAG1B,1485.0,Del0.8,0.62
X-5584,CTAG2,30848.0,Del0.8,0.62
X-5584,CTAGE4,100128553.0,Amp5,6.5
X-5584,CUL4B,8450.0,Del0.8,0.59
X-5584,CUX1,1523.0,MutNovel,"D1396N,0.623"
X-5584,CXorf1,9142.0,Del0.8,0.6
X-5584,CXorf40A,91966.0,Del0.8,0.6
X-5584,CXorf40B,541578.0,Del0.8,0.6
X-5584,CXorf48,54967.0,Del0.8,0.58
X-5584,CXorf51A,100129239.0,Del0.8,0.6
X-5584,CXorf51A,100129239.0,Del0.8,0.6
X-5584,CXorf56,63932.0,Del0.8,0.59
X-5584,CXorf57,55086.0,Del0.8,0.59
X-5584,CXorf61,203413.0,Del0.8,0.59
X-5584,CXorf64,100130613.0,Del0.8,0.59
X-5584,CXorf66,347487.0,Del0.8,0.6
X-5584,CXorf68,100132963.0,Del0.8,0.62
X-5584,CXorf69,644538.0,Del0.8,0.58
X-5584,CYC1,1537.0,Amp5,5.7
X-5584,CYFIP1,23191.0,MutNovel,"I1196L,0.720"
X-5584,CYHR1,50626.0,Amp5,5.7
X-5584,CYP2W1,54905.0,Amp5,5.28
X-5584,DACH2,117154.0,Del0.8,0.61
X-5584,DAZ1,1617.0,Del0.8,0.2
X-5584,DAZ2,57055.0,Del0.8,0.14
X-5584,DAZ3,57054.0,Del0.8,0.08
X-5584,DAZ3,57054.0,Del0.8,0.12
X-5584,DAZ4,57135.0,Del0.8,0.11
X-5584,DAZ4,57135.0,Del0.8,0.15
X-5584,DCAF12L1,139170.0,Del0.8,0.59
X-5584,DCAF12L2,340578.0,Del0.8,0.59
X-5584,DCAF17,80067.0,MutNovel,"D416H,0.562"
X-5584,DCX,1641.0,Del0.8,0.59
X-5584,DDO,8528.0,MutNovel,"P365L,1.000"
X-5584,DDX26B,203522.0,Del0.8,0.58
X-5584,DDX3Y,8653.0,Del0.8,0.2
X-5584,DDX42,11325.0,MutNovel,"E408D,0.351"
X-5584,DEFA1B,728358.0,Del0.8,0.69
X-5584,DEFT1P,170949.0,Del0.8,0.69
X-5584,DENND5B,160518.0,MutNovel,"L987S,0.391"
X-5584,DGAT1,8694.0,Amp5,5.7
X-5584,DHX34,9704.0,MutNovel,"P374S,0.667"
X-5584,DIAPH2,1730.0,Del0.8,0.58
X-5584,DIP2B,57609.0,MutNovel,"S229T,0.462"
X-5584,DKC1,1736.0,Del0.8,0.62
X-5584,DKFZp686D0853,401613.0,Del0.8,0.59
X-5584,DNAJC16,23341.0,MutNovel,"S299L,0.765"
X-5584,DNASE1L1,1774.0,Del0.8,0.62
X-5584,DOCK11,139818.0,Del0.8,0.59
X-5584,DRP2,1821.0,Del0.8,0.59
X-5584,DSTYK,25778.0,MutNovel,"I909V,0.400"
X-5584,EEF1D,1936.0,Amp5,5.7
X-5584,EIF1AY,9086.0,Del0.8,0.2
X-5584,EIF3J,8669.0,MutNovel,"M1MAAA,0.370"
X-5584,ELF4,2000.0,Del0.8,0.59
X-5584,ELFN1,392617.0,Amp5,5.28
X-5584,EMD,2010.0,Del0.8,0.62
X-5584,ENOX2,10495.0,Del0.8,0.59
X-5584,EP400,57634.0,MutNovel,"-2728Q,0.971"
X-5584,EPHB3,2049.0,MutNovel,"R173G,0.292"
X-5584,EPPK1,83481.0,MutNovel,"V729I,1.000"
X-5584,EPPK1,83481.0,Amp5,5.7
X-5584,ERVW-1,,MutNovel,"E402K,0.667"
X-5584,ESX1,80712.0,Del0.8,0.59
X-5584,ESYT2,57488.0,MutNovel,"G75R,0.667"
X-5584,EXOSC4,54512.0,Amp5,5.7
X-5584,EXOSC6,118460.0,MutNovel,"R135P,1.000"
X-5584,F8,2157.0,Del0.8,0.62
X-5584,F8A1,8263.0,Del0.8,0.62
X-5584,F8A1,8263.0,Del0.8,0.62
X-5584,F9,2158.0,Del0.8,0.6
X-5584,FAM109A,144717.0,MutNovel,"R100W,0.286"
X-5584,FAM118B,79607.0,MutNovel,"V208I,0.292"
X-5584,FAM122B,159090.0,Del0.8,0.58
X-5584,FAM122C,159091.0,Del0.8,0.58
X-5584,FAM127A,8933.0,Del0.8,0.58
X-5584,FAM127B,26071.0,Del0.8,0.58
X-5584,FAM127C,441518.0,Del0.8,0.58
X-5584,FAM132B,,MutNovel,"R307C,0.714"
X-5584,FAM133A,286499.0,Del0.8,0.6
X-5584,FAM150A,389658.0,Amp5,5.28
X-5584,FAM197Y2P,252946.0,Del0.8,0.2
X-5584,FAM199X,139231.0,Del0.8,0.59
X-5584,FAM203A,51236.0,Amp5,5.7
X-5584,FAM20C,56975.0,Amp5,5.28
X-5584,FAM21A,387680.0,MutNovel,"P400L,0.882"
X-5584,FAM3A,60343.0,Del0.8,0.62
X-5584,FAM41AY1,340618.0,Del0.8,0.2
X-5584,FAM41AY1,340618.0,Del0.8,0.2
X-5584,FAM45B,55855.0,Del0.8,0.59
X-5584,FAM50A,9130.0,Del0.8,0.62
X-5584,FAM63B,54629.0,MutNovel,"P537S,0.451"
X-5584,FAM70A,55026.0,Del0.8,0.59
X-5584,FAM83H,286077.0,Amp5,5.7
X-5584,FATE1,89885.0,Del0.8,0.6
X-5584,FBRSL1,57666.0,MutNovel,"A293T,0.706"
X-5584,FBXL6,26233.0,Amp5,5.7
X-5584,FCHO1,23149.0,MutNovel,"A517E,0.321"
X-5584,FECH,2235.0,MutNovel,"P283S,0.599"
X-5584,FGF13,2258.0,Del0.8,0.6
X-5584,FGFR4,2264.0,MutNovel,"D457N,0.305"
X-5584,FHL1,2273.0,Del0.8,0.6
X-5584,FLJ44511,441307.0,Amp5,5.28
X-5584,FLNB,2317.0,MutNovel,"W609R,0.274"
X-5584,FMR1,2332.0,Del0.8,0.6
X-5584,FMR1-AS1,100126270.0,Del0.8,0.6
X-5584,FMR1NB,158521.0,Del0.8,0.6
X-5584,FOXH1,8928.0,Amp5,5.7
X-5584,FRMD7,90167.0,Del0.8,0.59
X-5584,FSTL4,23105.0,MutNovel,"A517V,1.000"
X-5584,FUNDC2,65991.0,Del0.8,0.62
X-5584,G6PD,2539.0,Del0.8,0.62
X-5584,GAB3,139716.0,Del0.8,0.62
X-5584,GABRA3,2556.0,Del0.8,0.6
X-5584,GABRE,2564.0,Del0.8,0.6
X-5584,GABRQ,55879.0,Del0.8,0.6
X-5584,GDI1,2664.0,Del0.8,0.62
X-5584,GET4,51608.0,Amp5,5.28
X-5584,GLA,2717.0,Del0.8,0.59
X-5584,GLI4,2738.0,Amp5,5.7
X-5584,GLRA4,441509.0,Del0.8,0.59
X-5584,GLUD2,2747.0,Del0.8,0.59
X-5584,GOLGA2P2Y,84559.0,Del0.8,0.2
X-5584,GOLGA2P2Y,84559.0,Del0.8,0.13
X-5584,GOLGA8B,440270.0,MutNovel,"K354E,0.750"
X-5584,GPAA1,8733.0,Amp5,5.7
X-5584,GPC3,2719.0,Del0.8,0.78
X-5584,GPER,2852.0,Amp5,5.28
X-5584,GPR101,83550.0,Del0.8,0.6
X-5584,GPR112,139378.0,Del0.8,0.6
X-5584,GPR119,139760.0,Del0.8,0.59
X-5584,GPR146,115330.0,Amp5,5.28
X-5584,GPR50,9248.0,Del0.8,0.6
X-5584,GPRASP1,9737.0,Del0.8,0.59
X-5584,GPRASP2,114928.0,Del0.8,0.59
X-5584,GPT,2875.0,Amp5,5.7
X-5584,GRAMD1A,57655.0,MutNovel,"L610F,0.276"
X-5584,GRASP,160622.0,MutNovel,"V318L,0.474"
X-5584,GRIA3,2892.0,Del0.8,0.59
X-5584,GRINA,2907.0,Amp5,5.7
X-5584,GSDMD,79792.0,Amp5,5.7
X-5584,GSTM1,2944.0,MutNovel,"S210T,1.000"
X-5584,GTF3C1,2975.0,MutNovel,"C1783Y,0.504"
X-5584,GUCY2F,2986.0,Del0.8,0.59
X-5584,GYG2P1,352887.0,Del0.8,0.2
X-5584,H2AFB1,474382.0,Del0.8,0.62
X-5584,H2AFB1,474382.0,Del0.8,0.62
X-5584,H2BFM,286436.0,Del0.8,0.59
X-5584,H2BFWT,158983.0,Del0.8,0.59
X-5584,H2BFXP,767811.0,Del0.8,0.59
X-5584,H2BFXP,767811.0,Del0.8,0.59
X-5584,HADHB,3032.0,MutNovel,"D73N,0.457"
X-5584,HCN2,610.0,MutNovel,"R76H,1.000"
X-5584,HDX,139324.0,Del0.8,0.61
X-5584,HEATR2,54919.0,Amp5,5.28
X-5584,HEATR7A,727957.0,Amp5,5.7
X-5584,HLA-C,3107.0,MutNovel,"EW190DG,0.590"
X-5584,HLA-G,3135.0,MutNovel,"N175R,1.000"
X-5584,HMCN1,83872.0,MutNovel,"D3111H,0.575"
X-5584,HMGB3,3149.0,Del0.8,0.6
X-5584,HNRNPH2,3188.0,Del0.8,0.59
X-5584,HNRNPU,3192.0,MutNovel,"S420L,0.388"
X-5584,HPRT1,3251.0,Del0.8,0.58
X-5584,HRNR,388697.0,MutNovel,"R2423Q,0.368"
X-5584,HRNR,388697.0,MutNovel,"L1722S,0.250"
X-5584,HS6ST2,90161.0,Del0.8,0.79
X-5584,HSD11B1L,374875.0,MutNovel,"D233N,0.683"
X-5584,HSF1,3297.0,Amp5,5.7
X-5584,HSFX2,100130086.0,Del0.8,0.6
X-5584,HSFX2,100130086.0,Del0.8,0.6
X-5584,HSFY2,159119.0,Del0.8,0.2
X-5584,HSFY2,159119.0,Del0.8,0.2
X-5584,HSP90B1,7184.0,MutNovel,"P581S,0.661"
X-5584,HTATSF1,27336.0,Del0.8,0.6
X-5584,HTR2C,3358.0,Del0.8,0.59
X-5584,IDS,3423.0,Del0.8,0.6
X-5584,IGSF1,3547.0,Del0.8,0.59
X-5584,IKBKG,8517.0,Del0.8,0.62
X-5584,IL13RA1,3597.0,Del0.8,0.59
X-5584,IL13RA2,3598.0,Del0.8,0.59
X-5584,IL1RAPL2,26280.0,Del0.8,0.59
X-5584,IL9R,3581.0,Del0.8,0.62
X-5584,INTS1,26173.0,Amp5,5.28
X-5584,IRS4,8471.0,Del0.8,0.59
X-5584,ITPRIP,85450.0,MutKnownFunctional,"-54,1.000"
X-5584,ITPRIPL1,150771.0,MutNovel,"E69K,0.377"
X-5584,JMJD8,339123.0,MutNovel,"L101P,0.448"
X-5584,KCND1,3750.0,MutNovel,"A184T,1.000"
X-5584,KCNE1L,23630.0,Del0.8,0.59
X-5584,KCTD10,83892.0,MutNovel,"T55I,0.643"
X-5584,KDM5D,8284.0,Del0.8,0.2
X-5584,KEL,3792.0,MutKnownFunctional,"R436*,0.611"
X-5584,KIAA0368,23392.0,MutNovel,"R117P,0.500"
X-5584,KIAA0664,23277.0,MutNovel,"S1270N,0.292"
X-5584,KIAA1109,84162.0,MutNovel,"R4674C,0.352"
X-5584,KIAA1210,57481.0,Del0.8,0.59
X-5584,KIAA1324L,222223.0,MutNovel,"S1006F,0.441"
X-5584,KIAA1875,340390.0,Amp5,5.7
X-5584,KIAA1908,114796.0,Amp5,5.28
X-5584,KIFC2,90990.0,Amp5,5.7
X-5584,KLHL13,90293.0,Del0.8,0.59
X-5584,KLHL4,56062.0,Del0.8,0.61
X-5584,KNTC1,9735.0,MutNovel,"H1558R,0.348"
X-5584,LAGE3,8270.0,Del0.8,0.62
X-5584,LAMA5,3911.0,MutNovel,"R2465W,0.539"
X-5584,LAMP2,3920.0,Del0.8,0.59
X-5584,LATS1,9113.0,MutNovel,"A547G,1.000"
X-5584,LDOC1,23641.0,Del0.8,0.6
X-5584,LHFPL1,340596.0,Del0.8,0.59
X-5584,LIG3,3980.0,MutNovel,"P465L,0.239"
X-5584,LINC00086,399668.0,Del0.8,0.58
X-5584,LINC00087,644596.0,Del0.8,0.58
X-5584,LOC100128338,100128338.0,Amp5,5.7
X-5584,LOC100128420,100128420.0,Del0.8,0.6
X-5584,LOC100129515,100129515.0,Del0.8,0.58
X-5584,LOC100129520,100129520.0,Del0.8,0.59
X-5584,LOC100129662,100129662.0,Del0.8,0.6
X-5584,LOC100131434,100131434.0,Del0.8,0.6
X-5584,LOC100272228,100272228.0,Del0.8,0.6
X-5584,LOC100287765,100287765.0,Del0.8,0.59
X-5584,LOC100288524,100288524.0,Amp5,5.28
X-5584,LOC100288807,,MutNovel,"K107R,0.667"
X-5584,LOC100506757,100506757.0,Del0.8,0.58
X-5584,LOC100507338,,MutNovel,"S95F,0.538"
X-5584,LOC100507404,100507404.0,Del0.8,0.62
X-5584,LOC100507404,100507404.0,Del0.8,0.62
X-5584,LOC158696,158696.0,Del0.8,0.6
X-5584,LOC286437,286437.0,Del0.8,0.59
X-5584,LOC286467,286467.0,Del0.8,0.59
X-5584,LOC340544,340544.0,Del0.8,0.59
X-5584,LOC442459,442459.0,Del0.8,0.59
X-5584,LOC442497,442497.0,Amp5,5.28
X-5584,LOC554223,554223.0,MutNovel,"S187R,1.000"
X-5584,LOC643486,643486.0,Del0.8,0.58
X-5584,LOC643699,,MutNovel,"T411M,0.333"
X-5584,LOC728377,728377.0,Amp5,6.5
X-5584,LONRF3,79836.0,Del0.8,0.59
X-5584,LRCH2,57631.0,Del0.8,0.59
X-5584,LRP1,4035.0,MutNovel,"G3821E,0.526"
X-5584,LRP5,4041.0,MutNovel,"E1211K,0.577"
X-5584,LRRC14,9684.0,Amp5,5.7
X-5584,LRRC24,441381.0,Amp5,5.7
X-5584,LRRC37A,9884.0,MutNovel,"T167I,1.000"
X-5584,LRRK2,120892.0,MutNovel,"T2004A,0.438"
X-5584,LSR,51599.0,MutNovel,"G518GR,0.635"
X-5584,LTK,4058.0,MutKnownFunctional,"-465,0.554"
X-5584,LUZP4,51213.0,Del0.8,0.59
X-5584,LYN,4067.0,Amp5,5.28
X-5584,LYPLA1,10434.0,Amp5,5.28
X-5584,MACF1,23499.0,MutNovel,"S4452P,0.367"
X-5584,MAF1,84232.0,Amp5,5.7
X-5584,MAFA,389692.0,Amp5,5.7
X-5584,MAFK,7975.0,Amp5,5.28
X-5584,MAGEA1,4100.0,Del0.8,0.6
X-5584,MAGEA10,4109.0,Del0.8,0.6
X-5584,MAGEA10-MAGEA5,100533997.0,Del0.8,0.6
X-5584,MAGEA11,4110.0,Del0.8,0.6
X-5584,MAGEA12,4111.0,Del0.8,0.6
X-5584,MAGEA2,4101.0,Del0.8,0.6
X-5584,MAGEA2,4101.0,Del0.8,0.6
X-5584,MAGEA3,4102.0,Del0.8,0.6
X-5584,MAGEA4,4103.0,Del0.8,0.6
X-5584,MAGEA5,4104.0,Del0.8,0.6
X-5584,MAGEA6,4105.0,Del0.8,0.6
X-5584,MAGEA8,4107.0,Del0.8,0.6
X-5584,MAGEA9B,728269.0,Del0.8,0.6
X-5584,MAGEA9B,728269.0,Del0.8,0.6
X-5584,MAGEC1,9947.0,MutNovel,"P239R,0.600"
X-5584,MAGEC1,9947.0,Del0.8,0.6
X-5584,MAGEC2,51438.0,Del0.8,0.6
X-5584,MAGEC3,139081.0,Del0.8,0.6
X-5584,MAMLD1,10046.0,Del0.8,0.6
X-5584,MANBA,4126.0,MutNovel,"T572A,0.401"
X-5584,MAP7D3,79649.0,Del0.8,0.6
X-5584,MAPK15,225689.0,Amp5,5.7
X-5584,MBNL3,55796.0,Del0.8,0.59
X-5584,MCF2,4168.0,Del0.8,0.6
X-5584,MCTS1,28985.0,Del0.8,0.59
X-5584,MED13,9969.0,MutNovel,"Q340R,0.441"
X-5584,MED24,9862.0,MutNovel,"T916I,0.344"
X-5584,MED9,55090.0,MutNovel,"M140V,0.285"
X-5584,MEGF8,1954.0,MutNovel,"R1049L,0.600"
X-5584,MFSD3,113655.0,Amp5,5.7
X-5584,MGC16121,84848.0,Del0.8,0.58
X-5584,MICALL2,79778.0,Amp5,5.28
X-5584,MID2,11043.0,Del0.8,0.59
X-5584,MIR105-1,406897.0,Del0.8,0.6
X-5584,MIR105-2,406898.0,Del0.8,0.6
X-5584,MIR106A,406899.0,Del0.8,0.58
X-5584,MIR1184-1,100302111.0,Del0.8,0.62
X-5584,MIR1184-1,100302111.0,Del0.8,0.62
X-5584,MIR1234,100302196.0,Amp5,5.7
X-5584,MIR1256,100302155.0,Del0.8,0.59
X-5584,MIR1264,100302251.0,Del0.8,0.59
X-5584,MIR1277,100302214.0,Del0.8,0.59
X-5584,MIR1298,100302153.0,Del0.8,0.59
X-5584,MIR18B,574033.0,Del0.8,0.58
X-5584,MIR1911,100302222.0,Del0.8,0.59
X-5584,MIR1912,100302144.0,Del0.8,0.59
X-5584,MIR19B2,406981.0,Del0.8,0.58
X-5584,MIR20B,574032.0,Del0.8,0.58
X-5584,MIR2114,100313839.0,Del0.8,0.6
X-5584,MIR320D2,100302169.0,Del0.8,0.6
X-5584,MIR339,442907.0,Amp5,5.28
X-5584,MIR363,574031.0,Del0.8,0.58
X-5584,MIR3978,100616491.0,Del0.8,0.59
X-5584,MIR424,494336.0,Del0.8,0.58
X-5584,MIR4329,100423009.0,Del0.8,0.59
X-5584,MIR4330,100422930.0,Del0.8,0.6
X-5584,MIR448,554212.0,Del0.8,0.59
X-5584,MIR4500,100616182.0,Del0.8,0.56
X-5584,MIR4500HG,642345.0,Del0.8,0.56
X-5584,MIR450A1,554214.0,Del0.8,0.58
X-5584,MIR450A2,574505.0,Del0.8,0.58
X-5584,MIR450B,100126302.0,Del0.8,0.58
X-5584,MIR452,574412.0,Del0.8,0.6
X-5584,MIR4655,100616160.0,Amp5,5.28
X-5584,MIR4664,100616318.0,Amp5,5.7
X-5584,MIR503,574506.0,Del0.8,0.58
X-5584,MIR504,574507.0,Del0.8,0.6
X-5584,MIR505,574508.0,Del0.8,0.6
X-5584,MIR506,574511.0,Del0.8,0.6
X-5584,MIR507,574512.0,Del0.8,0.6
X-5584,MIR508,574513.0,Del0.8,0.6
X-5584,MIR509-1,574514.0,Del0.8,0.6
X-5584,MIR510,574515.0,Del0.8,0.6
X-5584,MIR514A1,574516.0,Del0.8,0.6
X-5584,MIR514A2,574517.0,Del0.8,0.6
X-5584,MIR514B,100422847.0,Del0.8,0.6
X-5584,MIR542,664617.0,Del0.8,0.58
X-5584,MIR661,724031.0,Amp5,5.7
X-5584,MIR764,100313838.0,Del0.8,0.59
X-5584,MIR766,768218.0,Del0.8,0.59
X-5584,MIR767,768215.0,Del0.8,0.6
X-5584,MIR888,100126306.0,Del0.8,0.6
X-5584,MIR890,100126303.0,Del0.8,0.6
X-5584,MIR891A,100126341.0,Del0.8,0.6
X-5584,MIR891B,100126304.0,Del0.8,0.6
X-5584,MIR892A,100126342.0,Del0.8,0.6
X-5584,MIR892B,100126307.0,Del0.8,0.6
X-5584,MIR92A2,407049.0,Del0.8,0.58
X-5584,MIR934,100126324.0,Del0.8,0.6
X-5584,MIR937,100126338.0,Amp5,5.7
X-5584,MIR939,100126351.0,Amp5,5.7
X-5584,MMGT1,93380.0,Del0.8,0.6
X-5584,MORC4,79710.0,Del0.8,0.59
X-5584,MORF4L2,9643.0,Del0.8,0.59
X-5584,MOS,4342.0,Amp5,5.28
X-5584,MOSPD1,56180.0,Del0.8,0.58
X-5584,MOXD1,26002.0,Del0.8,0.78
X-5584,MPP1,4354.0,Del0.8,0.62
X-5584,MRPL15,29088.0,Amp5,5.28
X-5584,MRPL3,11222.0,MutNovel,"R154H,0.328"
X-5584,MSANTD4,,MutNovel,"E222K,0.525"
X-5584,MST4,51765.0,Del0.8,0.59
X-5584,MT1H,4496.0,MutNovel,"K23E,1.000"
X-5584,MTCP1,4515.0,Del0.8,0.62
X-5584,MTCP1NB,100272147.0,Del0.8,0.62
X-5584,MTM1,4534.0,Del0.8,0.6
X-5584,MTMR1,8776.0,Del0.8,0.6
X-5584,MTUS1,57509.0,MutNovel,"E449K,1.000"
X-5584,MUM1L1,139221.0,Del0.8,0.59
X-5584,MYC,4609.0,MutNovel,"T15K,0.657"
X-5584,MYH3,4621.0,MutNovel,"D1400N,0.850"
X-5584,NACC2,138151.0,MutNovel,"I506M,0.513"
X-5584,NAP1L3,4675.0,Del0.8,0.6
X-5584,NAPRT1,93100.0,Amp5,5.7
X-5584,NBPF10,100132406.0,MutNovel,"G1531E,1.000"
X-5584,NBPF10,100132406.0,MutNovel,"G2507E,1.000"
X-5584,NBPF11,200030.0,MutNovel,"F402L,1.000"
X-5584,NBPF9,400818.0,MutNovel,"Q184R,1.000"
X-5584,NCOA3,8202.0,MutNovel,"Q1255-,1.000"
X-5584,NCOR1,9611.0,MutNovel,"P1673S,0.373"
X-5584,NCOR2,9612.0,MutNovel,"G1839GAAA,1.000"
X-5584,NCOR2,9612.0,MutNovel,"-511S,0.583"
X-5584,NCRNA00185,55410.0,Del0.8,0.2
X-5584,NDST1,3340.0,MutNovel,"P60L,0.352"
X-5584,NDUFA1,4694.0,Del0.8,0.59
X-5584,NFATC3,4775.0,MutNovel,"T502I,1.000"
X-5584,NGDN,25983.0,MutNovel,"A2P,0.326"
X-5584,NGFRAP1,27018.0,Del0.8,0.59
X-5584,NKAP,79576.0,Del0.8,0.59
X-5584,NKAPP1,158801.0,Del0.8,0.59
X-5584,NKRF,55922.0,Del0.8,0.59
X-5584,NLGN4Y,22829.0,Del0.8,0.2
X-5584,NOX1,27035.0,Del0.8,0.59
X-5584,NPBWR1,2831.0,Amp5,5.28
X-5584,NPIPL3,23117.0,MutNovel,"G587R,0.414"
X-5584,NPIPL3,23117.0,MutNovel,"R391H,0.349"
X-5584,NR1H2,7376.0,MutNovel,"-173Q,1.000"
X-5584,NRBP2,340371.0,Amp5,5.7
X-5584,NRG3,10718.0,MutNovel,"Y54H,0.571"
X-5584,NRK,203447.0,Del0.8,0.59
X-5584,NSDHL,50814.0,Del0.8,0.6
X-5584,NT5C1A,84618.0,MutNovel,"G186E,0.636"
X-5584,NUP62CL,54830.0,Del0.8,0.59
X-5584,NXF2,56001.0,Del0.8,0.59
X-5584,NXF2,56001.0,Del0.8,0.59
X-5584,NXF2B,728343.0,Del0.8,0.59
X-5584,NXF2B,728343.0,Del0.8,0.59
X-5584,NXF3,56000.0,Del0.8,0.59
X-5584,NXF4,55999.0,Del0.8,0.59
X-5584,NXF5,55998.0,Del0.8,0.59
X-5584,NXT2,55916.0,Del0.8,0.59
X-5584,OBSCN,84033.0,MutNovel,"L7645F,0.370"
X-5584,OBSCN,84033.0,MutNovel,"Q7920K,0.214"
X-5584,OCRL,4952.0,Del0.8,0.59
X-5584,ODZ1,10178.0,Del0.8,0.59
X-5584,ODZ3,55714.0,MutKnownFunctional,"R2026*,0.545"
X-5584,OPLAH,26873.0,Amp5,5.7
X-5584,OPRK1,4986.0,Amp5,5.28
X-5584,OR13H1,347468.0,Del0.8,0.59
X-5584,OR2A42,402317.0,Amp5,6.5
X-5584,OR2A42,402317.0,Amp5,6.5
X-5584,OR2A7,401427.0,Amp5,6.5
X-5584,OR2A9P,441295.0,Amp5,6.5
X-5584,OR2A9P,441295.0,Amp5,6.5
X-5584,OR52N1,79473.0,Del0.8,0.55
X-5584,OR52N5,390075.0,Del0.8,0.14
X-5584,ORAI1,84876.0,MutNovel,"PP43-,1.000"
X-5584,PABPC3,5042.0,MutKnownFunctional,"-299,0.833"
X-5584,PABPC3,5042.0,MutKnownFunctional,"-333,0.833"
X-5584,PABPC4L,132430.0,MutNovel,"R413S,0.320"
X-5584,PABPC5,140886.0,Del0.8,0.61
X-5584,PAK3,5063.0,Del0.8,0.59
X-5584,PARP10,84875.0,Amp5,5.7
X-5584,PASD1,139135.0,Del0.8,0.6
X-5584,PCDH11X,27328.0,Del0.8,0.6
X-5584,PCDH11Y,83259.0,Del0.8,0.2
X-5584,PCDH19,57526.0,Del0.8,0.59
X-5584,PCMTD1,115294.0,Amp5,5.21
X-5584,PDGFA,5154.0,Amp5,5.28
X-5584,PDZD7,79955.0,MutNovel,"P715L,1.000"
X-5584,PEX6,5190.0,MutNovel,"A79P,0.472"
X-5584,PGRMC1,10857.0,Del0.8,0.59
X-5584,PHACTR4,65979.0,MutKnownFunctional,"-61?,0.263"
X-5584,PHF6,84295.0,Del0.8,0.58
X-5584,PHLDA1,22822.0,MutNovel,"QQ194Q,1.000"
X-5584,PI4KA,5297.0,MutNovel,"P61L,0.483"
X-5584,PLAC1,10761.0,Del0.8,0.58
X-5584,PLAG1,5324.0,Amp5,5.28
X-5584,PLEC,5339.0,Amp5,5.7
X-5584,PLEKHA6,22874.0,MutNovel,"K410N,0.395"
X-5584,PLK4,10733.0,MutNovel,"R410I,0.493"
X-5584,PLP1,5354.0,Del0.8,0.59
X-5584,PLS3,5358.0,Del0.8,0.59
X-5584,PLXNA3,55558.0,Del0.8,0.62
X-5584,PMS2,5395.0,MutNovel,"S418F,0.657"
X-5584,PNMA3,29944.0,Del0.8,0.6
X-5584,PNMA5,114824.0,Del0.8,0.6
X-5584,PNMA6A,84968.0,Del0.8,0.6
X-5584,PNMA6A,84968.0,Del0.8,0.6
X-5584,PNMA6C,100287428.0,Del0.8,0.6
X-5584,PNMA6D,100287466.0,Del0.8,0.6
X-5584,PNMA6D,100287466.0,Del0.8,0.6
X-5584,POC1B,282809.0,MutNovel,"Q115R,0.381"
X-5584,POF1B,79983.0,Del0.8,0.61
X-5584,POTEJ,,MutNovel,"A777V,0.600"
X-5584,PPP1R13B,23368.0,MutNovel,"R194C,0.409"
X-5584,PPP1R16A,84988.0,Amp5,5.7
X-5584,PPP4R4,57718.0,MutNovel,"D520N,0.444"
X-5584,PRDM2,7799.0,MutNovel,"E278-,0.281"
X-5584,PRKAR1B,5575.0,Amp5,5.28
X-5584,PRKRIR,5612.0,MutNovel,"I587T,0.505"
X-5584,PRKY,5616.0,Del0.8,0.2
X-5584,PRPF8,10594.0,MutNovel,"G145R,0.320"
X-5584,PRPS1,5631.0,Del0.8,0.59
X-5584,PRR12,57479.0,MutNovel,"P1475T,0.344"
X-5584,PRR20B,729233.0,Amp5,5.35
X-5584,PRRC2A,7916.0,MutNovel,"S93F,0.669"
X-5584,PRRG3,79057.0,Del0.8,0.6
X-5584,PRRT1,80863.0,MutNovel,"V284M,0.250"
X-5584,PRSS56,646960.0,MutNovel,"A432T,0.391"
X-5584,PRY,9081.0,Del0.8,0.2
X-5584,PRY,9081.0,Del0.8,0.2
X-5584,PRY2,442862.0,Del0.8,0.2
X-5584,PRY2,442862.0,Del0.8,0.2
X-5584,PSMD1,5707.0,MutNovel,"P433L,0.480"
X-5584,PSMD10,5716.0,Del0.8,0.59
X-5584,PSMD14,10213.0,MutNovel,"S78P,0.269"
X-5584,PSMG3,84262.0,Amp5,5.28
X-5584,PUF60,22827.0,Amp5,5.7
X-5584,PYCRL,65263.0,Amp5,5.7
X-5584,PZP,5858.0,MutNovel,"G1090R,1.000"
X-5584,PZP,5858.0,MutNovel,"K835E,1.000"
X-5584,RAB33A,9363.0,Del0.8,0.59
X-5584,RAB39B,116442.0,Del0.8,0.62
X-5584,RAB40A,142684.0,Del0.8,0.59
X-5584,RAB40AL,282808.0,Del0.8,0.59
X-5584,RAB9B,51209.0,Del0.8,0.59
X-5584,RABGAP1,23637.0,MutNovel,"P110S,0.453"
X-5584,RAI1,10743.0,MutNovel,"C845Y,0.714"
X-5584,RAP2C,57826.0,Del0.8,0.59
X-5584,RB1CC1,9821.0,Amp5,5.28
X-5584,RBM41,55285.0,Del0.8,0.59
X-5584,RBMX,27316.0,Del0.8,0.6
X-5584,RBMX2,51634.0,Del0.8,0.59
X-5584,RBMXL3,139804.0,Del0.8,0.59
X-5584,RBMY1A3P,286557.0,Del0.8,0.2
X-5584,RBMY1B,378948.0,Del0.8,0.2
X-5584,RBMY1B,378948.0,Del0.8,0.2
X-5584,RBMY1E,378950.0,Del0.8,0.2
X-5584,RBMY1E,378950.0,Del0.8,0.2
X-5584,RBMY1F,159163.0,Del0.8,0.2
X-5584,RBMY1F,159163.0,Del0.8,0.2
X-5584,RBMY1J,378951.0,Del0.8,0.2
X-5584,RBMY1J,378951.0,Del0.8,0.2
X-5584,RBMY2EP,159125.0,Del0.8,0.2
X-5584,RBMY2FP,159162.0,Del0.8,0.2
X-5584,RBMY3AP,64593.0,Del0.8,0.2
X-5584,RECQL4,9401.0,Amp5,5.7
X-5584,RFWD3,55159.0,MutNovel,"P469S,1.000"
X-5584,RFX7,64864.0,MutNovel,"TPT953T,0.630"
X-5584,RGAG1,57529.0,Del0.8,0.59
X-5584,RGS20,8601.0,Amp5,5.28
X-5584,RHOXF1,158800.0,Del0.8,0.59
X-5584,RHOXF2B,727940.0,Del0.8,0.59
X-5584,RHOXF2B,727940.0,Del0.8,0.59
X-5584,RHPN1,114822.0,Amp5,5.7
X-5584,RICTOR,253260.0,MutNovel,"P1354S,0.691"
X-5584,RIN3,79890.0,MutNovel,"G967-,1.000"
X-5584,RIPPLY1,92129.0,Del0.8,0.59
X-5584,RND2,8153.0,MutNovel,"S223N,0.688"
X-5584,RNF113A,7737.0,Del0.8,0.59
X-5584,RNF128,79589.0,Del0.8,0.59
X-5584,RNF19B,127544.0,MutNovel,"Y379F,0.332"
X-5584,RNF216,54476.0,MutNovel,"A450V,0.304"
X-5584,RNF220,55182.0,MutNovel,"L370M,0.320"
X-5584,RP1,6101.0,Amp5,5.28
X-5584,RP1-177G6.2,286411.0,Del0.8,0.6
X-5584,RPA4,29935.0,Del0.8,0.58
X-5584,RPL10,6134.0,Del0.8,0.62
X-5584,RPL36A,6173.0,Del0.8,0.59
X-5584,RPL36A-HNRNPH2,100529097.0,Del0.8,0.59
X-5584,RPL39,6170.0,Del0.8,0.59
X-5584,RPL8,6132.0,Amp5,5.7
X-5584,RPS20,6224.0,Amp5,5.28
X-5584,RPS4Y1,6192.0,Del0.8,0.2
X-5584,RPS4Y2,140032.0,Del0.8,0.2
X-5584,SAGE1,55511.0,Del0.8,0.6
X-5584,SASH3,54440.0,Del0.8,0.59
X-5584,SATL1,340562.0,Del0.8,0.61
X-5584,SBF1P1,100133234.0,Amp5,5.28
X-5584,SCRIB,23513.0,Amp5,5.7
X-5584,SCRT1,83482.0,Amp5,5.7
X-5584,SCXA,100129885.0,Amp5,5.7
X-5584,SDC3,9672.0,MutNovel,"GAAAGPGA20-,0.800"
X-5584,SDF4,51150.0,MutKnownFunctional,"-281,0.465"
X-5584,SDK1,221935.0,MutNovel,"E314K,0.528"
X-5584,2014-09-06 00:00:00,23157.0,Del0.8,0.59
X-5584,SERINC2,347735.0,MutNovel,"-373Q,0.720"
X-5584,SERPINA7,6906.0,Del0.8,0.59
X-5584,SGMS1,259230.0,Del0.8,0.71
X-5584,SH2B1,25970.0,MutNovel,"R588W,0.519"
X-5584,SH2D1A,4068.0,Del0.8,0.59
X-5584,SHANK3,85358.0,MutNovel,"I245T,0.650"
X-5584,SHARPIN,81858.0,Amp5,5.7
X-5584,SHROOM2,357.0,MutNovel,"G1000E,1.000"
X-5584,SHROOM3,57619.0,MutNovel,"R400Q,0.600"
X-5584,SIGLEC14,100049587.0,Del0.8,0.72
X-5584,SIL1,64374.0,MutNovel,"L40P,0.349"
X-5584,SIRPG,55423.0,MutNovel,"G73A,1.000"
X-5584,SIRPG,55423.0,MutNovel,"M34V,1.000"
X-5584,SKIV2L,6499.0,MutNovel,"L126F,0.653"
X-5584,SLC10A3,8273.0,Del0.8,0.62
X-5584,SLC1A3,6507.0,MutNovel,"G65R,0.412"
X-5584,SLC25A14,9016.0,Del0.8,0.59
X-5584,SLC25A43,203427.0,Del0.8,0.59
X-5584,SLC25A5,292.0,Del0.8,0.59
X-5584,SLC25A5-AS1,100303728.0,Del0.8,0.59
X-5584,SLC26A11,284129.0,MutKnownFunctional,"-527*D?,0.515"
X-5584,SLC39A4,55630.0,Amp5,5.7
X-5584,SLC6A14,11254.0,Del0.8,0.59
X-5584,SLC9A6,10479.0,Del0.8,0.6
X-5584,SLITRK2,84631.0,Del0.8,0.6
X-5584,SLITRK4,139065.0,Del0.8,0.6
X-5584,SLITRK5,26050.0,Del0.8,0.56
X-5584,SLITRK6,84189.0,Del0.8,0.59
X-5584,SMARCA1,6594.0,Del0.8,0.59
X-5584,SMC5,23137.0,MutNovel,"Y1072H,0.500"
X-5584,SMO,6608.0,MutNovel,"G16GL,0.769"
X-5584,SMO,6608.0,MutNovel,"R261C,0.308"
X-5584,SNAPC4,6621.0,MutNovel,"S542-,0.579"
X-5584,SNORA35,677816.0,Del0.8,0.59
X-5584,SNORA36A,677817.0,Del0.8,0.62
X-5584,SNORA56,677835.0,Del0.8,0.62
X-5584,SNORA69,26779.0,Del0.8,0.59
X-5584,SNORA70,26778.0,Del0.8,0.62
X-5584,SNORD54,26795.0,Amp5,5.28
X-5584,SNORD61,26787.0,Del0.8,0.6
X-5584,SNORD96B,692226.0,Del0.8,0.59
X-5584,SNTB1,6641.0,MutNovel,"P245L,0.303"
X-5584,SNW1,22938.0,MutNovel,"P42H,0.573"
X-5584,SORL1,6653.0,MutNovel,"D1962E,0.500"
X-5584,SOWAHD,347454.0,Del0.8,0.59
X-5584,SOX17,64321.0,Amp5,5.28
X-5584,SOX3,6658.0,Del0.8,0.6
X-5584,SPANXA2,728712.0,Del0.8,0.6
X-5584,SPANXA2,728712.0,Del0.8,0.6
X-5584,SPANXA2-OT1,619455.0,Del0.8,0.6
X-5584,SPANXB1,728695.0,Del0.8,0.6
X-5584,SPANXC,64663.0,Del0.8,0.6
X-5584,SPANXN1,494118.0,Del0.8,0.6
X-5584,SPANXN2,494119.0,Del0.8,0.6
X-5584,SPANXN3,139067.0,Del0.8,0.6
X-5584,SPANXN4,441525.0,Del0.8,0.6
X-5584,SPATC1,375686.0,Amp5,5.7
X-5584,SPDYE2,441273.0,MutNovel,"T320I,0.667"
X-5584,SPICE1,152185.0,MutNovel,"D101N,0.868"
X-5584,SPRY3,10251.0,Del0.8,0.62
X-5584,SRD5A1P1,6719.0,Del0.8,0.6
X-5584,SRPK2,6733.0,MutNovel,"E424K,0.719"
X-5584,SRPX2,27286.0,Del0.8,0.59
X-5584,SRY,6736.0,Del0.8,0.2
X-5584,ST18,9705.0,Amp5,6.36
X-5584,STAG2,10735.0,Del0.8,0.59
X-5584,STAG3,10734.0,MutNovel,"V255L,0.913"
X-5584,STAG3,10734.0,MutNovel,"R287H,0.500"
X-5584,STAT5A,6776.0,MutNovel,"H25Y,0.351"
X-5584,STK38,11329.0,MutNovel,"E55K,0.607"
X-5584,SULT1A2,6799.0,MutNovel,"M196I,1.000"
X-5584,SULT1A4,445329.0,MutNovel,"M196I,1.000"
X-5584,SUN1,23353.0,Amp5,5.28
X-5584,SUPT16H,11198.0,MutNovel,"N252K,0.472"
X-5584,SYTL4,94121.0,Del0.8,0.59
X-5584,TAF7L,54457.0,MutNovel,"EDE349E,1.000"
X-5584,TAF7L,54457.0,Del0.8,0.59
X-5584,TAZ,6901.0,Del0.8,0.62
X-5584,TBC1D5,9779.0,MutKnownFunctional,"Q424*,0.227"
X-5584,TBC1D8B,54885.0,Del0.8,0.59
X-5584,TBL1Y,90665.0,Del0.8,0.2
X-5584,TBX18,9096.0,MutNovel,"S371F,0.955"
X-5584,TCEA1,6917.0,Amp5,5.28
X-5584,TCEAL1,9338.0,Del0.8,0.59
X-5584,TCEAL2,140597.0,Del0.8,0.59
X-5584,TCEAL3,85012.0,Del0.8,0.59
X-5584,TCEAL4,79921.0,Del0.8,0.59
X-5584,TCEAL5,340543.0,Del0.8,0.59
X-5584,TCEAL6,158931.0,Del0.8,0.59
X-5584,TCEAL7,56849.0,Del0.8,0.59
X-5584,TCEAL8,90843.0,Del0.8,0.59
X-5584,TCF20,6942.0,MutNovel,"L1191F,0.414"
X-5584,TCTN1,79600.0,MutNovel,"P212S,0.548"
X-5584,TDGF1P3,6998.0,Del0.8,0.59
X-5584,TEX13A,56157.0,Del0.8,0.59
X-5584,TEX13B,56156.0,Del0.8,0.59
X-5584,TFAM,7019.0,MutKnownFunctional,"-144?,0.917"
X-5584,TFAMP1,260341.0,Amp5,5.28
X-5584,TGFBR3L,,MutNovel,"R313K,0.234"
X-5584,TGIF1,7050.0,MutNovel,"R7W,1.000"
X-5584,TGIF2LX,90316.0,Del0.8,0.61
X-5584,TGIF2LY,90655.0,Del0.8,0.2
X-5584,TGS1,96764.0,Amp5,5.28
X-5584,THAP3,90326.0,MutNovel,"R221H,0.565"
X-5584,THBS1,7057.0,MutNovel,"R479W,0.375"
X-5584,THOC2,57187.0,Del0.8,0.59
X-5584,TIGD5,84948.0,Amp5,5.7
X-5584,TIMM8A,1678.0,Del0.8,0.59
X-5584,TLN2,83660.0,MutNovel,"P884T,1.000"
X-5584,TMED10P1,286102.0,Amp5,5.7
X-5584,TMEM164,84187.0,Del0.8,0.59
X-5584,TMEM184A,202915.0,Amp5,5.28
X-5584,TMEM185A,84548.0,Del0.8,0.6
X-5584,TMEM2,23670.0,MutNovel,"T737A,0.438"
X-5584,TMEM31,203562.0,Del0.8,0.59
X-5584,TMEM35,59353.0,Del0.8,0.59
X-5584,TMEM68,137695.0,Amp5,5.28
X-5584,TMLHE,55217.0,Del0.8,0.62
X-5584,TMSB15A,11013.0,Del0.8,0.59
X-5584,TMSB15B,286527.0,Del0.8,0.59
X-5584,TMSB4Y,9087.0,Del0.8,0.2
X-5584,TNMD,64102.0,Del0.8,0.59
X-5584,TONSL,4796.0,Amp5,5.7
X-5584,TOP1MT,116447.0,Amp5,5.7
X-5584,TPP1,1200.0,MutNovel,"E46D,0.476"
X-5584,TPSAB1,7177.0,MutNovel,"N3S,0.909"
X-5584,TPSAB1,7177.0,MutNovel,"R28H,0.824"
X-5584,TPSAB1,7177.0,MutNovel,"A85T,0.857"
X-5584,TPSAB1,7177.0,MutNovel,"T141M,1.000"
X-5584,TPSAB1,7177.0,MutNovel,"R168P,1.000"
X-5584,TPSAB1,7177.0,MutNovel,"V205I,0.947"
X-5584,TPSAB1,7177.0,MutNovel,"T215R,1.000"
X-5584,TPSAB1,7177.0,MutNovel,"C220S,1.000"
X-5584,TPSB2,64499.0,MutNovel,"A238T,0.833"
X-5584,TPSB2,64499.0,MutNovel,"R225W,1.000"
X-5584,TPSB2,64499.0,MutNovel,"R205H,1.000"
X-5584,TPSB2,64499.0,MutNovel,"A85T,1.000"
X-5584,TPSD1,23430.0,MutNovel,"I87V,1.000"
X-5584,TPSD1,23430.0,MutNovel,"A92T,1.000"
X-5584,TPSD1,23430.0,MutNovel,"G126R,1.000"
X-5584,TPSD1,23430.0,MutNovel,"H143R,1.000"
X-5584,TRAF4,9618.0,MutNovel,"T405I,0.277"
X-5584,TRIM26,7726.0,MutNovel,"EE428E,0.742"
X-5584,TRMT2B,79979.0,Del0.8,0.59
X-5584,TRPC5,7224.0,Del0.8,0.59
X-5584,TSC22D3,1831.0,Del0.8,0.59
X-5584,TSPAN6,7105.0,Del0.8,0.59
X-5584,TSPY1,7258.0,Del0.8,0.2
X-5584,TSPY2,64591.0,Del0.8,0.2
X-5584,TSPY3,728137.0,Del0.8,0.2
X-5584,TSPY4,728395.0,Del0.8,0.2
X-5584,TSPY8,728403.0,Del0.8,0.2
X-5584,TSTA3,7264.0,Amp5,5.7
X-5584,TTC13,79573.0,MutNovel,"R433Q,0.454"
X-5584,TTTY10,246119.0,Del0.8,0.2
X-5584,TTTY11,83866.0,Del0.8,0.2
X-5584,TTTY12,83867.0,Del0.8,0.2
X-5584,TTTY13,83868.0,Del0.8,0.2
X-5584,TTTY14,83869.0,Del0.8,0.2
X-5584,TTTY15,64595.0,Del0.8,0.2
X-5584,TTTY16,252948.0,Del0.8,0.2
X-5584,TTTY17A,252949.0,Del0.8,0.12
X-5584,TTTY17A,252949.0,Del0.8,0.08
X-5584,TTTY18,252950.0,Del0.8,0.2
X-5584,TTTY19,252952.0,Del0.8,0.2
X-5584,TTTY1B,100101116.0,Del0.8,0.2
X-5584,TTTY1B,100101116.0,Del0.8,0.2
X-5584,TTTY2,60439.0,Del0.8,0.2
X-5584,TTTY2,60439.0,Del0.8,0.2
X-5584,TTTY20,252951.0,Del0.8,0.2
X-5584,TTTY21,252953.0,Del0.8,0.2
X-5584,TTTY21,252953.0,Del0.8,0.2
X-5584,TTTY22,252954.0,Del0.8,0.2
X-5584,TTTY23,252955.0,Del0.8,0.2
X-5584,TTTY23,252955.0,Del0.8,0.2
X-5584,TTTY3,114760.0,Del0.8,0.13
X-5584,TTTY3,114760.0,Del0.8,0.2
X-5584,TTTY4,114761.0,Del0.8,0.08
X-5584,TTTY4,114761.0,Del0.8,0.12
X-5584,TTTY5,83863.0,Del0.8,0.2
X-5584,TTTY6,84672.0,Del0.8,0.2
X-5584,TTTY6,84672.0,Del0.8,0.2
X-5584,TTTY7,246122.0,Del0.8,0.2
X-5584,TTTY7,246122.0,Del0.8,0.2
X-5584,TTTY7B,100101120.0,Del0.8,0.2
X-5584,TTTY7B,100101120.0,Del0.8,0.2
X-5584,TTTY8,84673.0,Del0.8,0.2
X-5584,TTTY8,84673.0,Del0.8,0.2
X-5584,TTTY9A,83864.0,Del0.8,0.2
X-5584,TTTY9A,83864.0,Del0.8,0.2
X-5584,TUBB,203068.0,MutNovel,"R2G,0.220"
X-5584,TUBB2A,7280.0,MutNovel,"D114H,0.645"
X-5584,TUBB2B,347733.0,MutNovel,"V66M,0.679"
X-5584,TXLNG2P,246126.0,Del0.8,0.2
X-5584,UBE2A,7319.0,Del0.8,0.59
X-5584,UBE2DNL,100131816.0,Del0.8,0.61
X-5584,UBE2NL,389898.0,Del0.8,0.6
X-5584,UBL4A,8266.0,Del0.8,0.62
X-5584,UCP2,7351.0,MutNovel,"A27T,0.528"
X-5584,UGT2B28,54490.0,Del0.8,0.33
X-5584,UHRF1BP1,54887.0,MutNovel,"G175I,0.672"
X-5584,UNCX,340260.0,Amp5,5.28
X-5584,UPF1,5976.0,MutNovel,"S1065F,0.317"
X-5584,UPF3B,65109.0,Del0.8,0.59
X-5584,USP9Y,8287.0,Del0.8,0.2
X-5584,UTP14A,10813.0,Del0.8,0.59
X-5584,UTY,7404.0,Del0.8,0.2
X-5584,VAMP7,6845.0,Del0.8,0.62
X-5584,VBP1,7411.0,Del0.8,0.62
X-5584,VCX,26609.0,MutNovel,"V150L,1.000"
X-5584,VCY,9084.0,Del0.8,0.2
X-5584,VCY,9084.0,Del0.8,0.2
X-5584,VGLL1,51442.0,Del0.8,0.6
X-5584,VIM,7431.0,MutNovel,"E197K,0.516"
X-5584,VMA21,203547.0,Del0.8,0.6
X-5584,VPS16,64601.0,MutNovel,"R557K,0.638"
X-5584,VPS28,51160.0,Amp5,5.7
X-5584,VSIG1,340547.0,Del0.8,0.59
X-5584,WBP5,51186.0,Del0.8,0.59
X-5584,WDR44,54521.0,Del0.8,0.59
X-5584,WDR75,84128.0,MutNovel,"I126T,0.233"
X-5584,WWP1,11059.0,MutNovel,"S565G,0.291"
X-5584,XIAP,331.0,Del0.8,0.59
X-5584,XKR4,114786.0,Amp5,5.28
X-5584,XKRX,402415.0,Del0.8,0.59
X-5584,XKRY2,353515.0,Del0.8,0.2
X-5584,XKRY2,353515.0,Del0.8,0.2
X-5584,XPNPEP2,7512.0,Del0.8,0.59
X-5584,YTHDC1,91746.0,MutNovel,"E249A,0.561"
X-5584,ZBED6,100381270.0,MutNovel,"M910V,0.388"
X-5584,ZBTB12,221527.0,MutNovel,"K43E,0.330"
X-5584,ZBTB33,10009.0,Del0.8,0.59
X-5584,ZBTB47,92999.0,MutNovel,"P391S,0.392"
X-5584,ZC2HC1C,,MutNovel,"Q254H,0.547"
X-5584,ZC3H3,23144.0,Amp5,5.7
X-5584,ZCCHC12,170261.0,Del0.8,0.59
X-5584,ZCCHC16,340595.0,Del0.8,0.59
X-5584,ZCCHC18,644353.0,Del0.8,0.59
X-5584,ZDHHC14,79683.0,MutNovel,"P400L,1.000"
X-5584,ZDHHC23,254887.0,MutNovel,"S119F,0.364"
X-5584,ZDHHC9,51114.0,Del0.8,0.59
X-5584,ZFAND2A,90637.0,Amp5,5.28
X-5584,ZFP41,286128.0,Amp5,5.7
X-5584,ZFP90,146198.0,MutNovel,"H276Y,1.000"
X-5584,ZFP91,80829.0,MutNovel,"I534T,0.211"
X-5584,ZFPM1,161882.0,MutNovel,"E444A,0.933"
X-5584,ZFPM1,161882.0,MutNovel,"EPL444E,1.000"
X-5584,ZFY,7544.0,Del0.8,0.2
X-5584,ZIC3,7547.0,Del0.8,0.6
X-5584,ZMAT1,84460.0,Del0.8,0.59
X-5584,ZMIZ1,57178.0,MutNovel,"P267S,1.000"
X-5584,ZNF16,7564.0,Amp5,5.7
X-5584,ZNF185,7739.0,Del0.8,0.6
X-5584,ZNF250,58500.0,Amp5,5.7
X-5584,ZNF251,90987.0,Amp5,5.7
X-5584,ZNF275,10838.0,Del0.8,0.6
X-5584,ZNF280C,55609.0,Del0.8,0.59
X-5584,ZNF34,80778.0,Amp5,5.7
X-5584,ZNF384,171017.0,MutNovel,"QQ514Q,1.000"
X-5584,ZNF443,10224.0,MutNovel,"Y121H,0.400"
X-5584,ZNF449,203523.0,Del0.8,0.58
X-5584,ZNF506,440515.0,MutKnownFunctional,"Q146*,0.647"
X-5584,ZNF517,340385.0,Amp5,5.7
X-5584,ZNF518B,85460.0,MutNovel,"H17R,0.662"
X-5584,ZNF623,9831.0,Amp5,5.7
X-5584,ZNF642,339559.0,MutNovel,"A424V,0.321"
X-5584,ZNF696,79943.0,Amp5,5.7
X-5584,ZNF7,7553.0,Amp5,5.7
X-5584,ZNF707,286075.0,Amp5,5.7
X-5584,ZNF711,7552.0,Del0.8,0.61
X-5584,ZNF75D,7626.0,Del0.8,0.58
X-5584,ZNF85,7639.0,MutNovel,"R588K,0.778"
X-5584,ZNF880,400713.0,MutNovel,"R257Q,1.000"
X-5643,AACS,65985.0,MutNovel,"S412F,0.667"
X-5643,AAR2,,MutNovel,"S333F,0.605"
X-5643,AASS,10157.0,MutNovel,"S715F,1.000"
X-5643,AASS,10157.0,MutNovel,"S252F,1.000"
X-5643,ABCA2,20.0,MutNovel,"S2189F,1.000"
X-5643,ABCA2,20.0,MutNovel,"D1718H,1.000"
X-5643,ABCA6,23460.0,MutNovel,"F347Y,1.000"
X-5643,ABTB2,25841.0,MutNovel,"S183P,0.556"
X-5643,ACADSB,36.0,MutNovel,"S234F,1.000"
X-5643,ACADVL,37.0,MutNovel,"S250F,0.512"
X-5643,ACAP3,116983.0,MutNovel,"S580F,0.589"
X-5643,ACD,65057.0,MutNovel,"P75S,1.000"
X-5643,ACO2,50.0,MutNovel,"H44Y,0.303"
X-5643,ACOT1,641371.0,Del0.8,0.78
X-5643,ACP2,53.0,MutNovel,"P123S,0.527"
X-5643,ACPL2,92370.0,MutNovel,"G38R,0.304"
X-5643,ACPL2,92370.0,MutNovel,"E332K,0.219"
X-5643,ACSF2,80221.0,MutNovel,"E550K,0.278"
X-5643,ACTR3BP2,440888.0,Amp5,5.06
X-5643,ACVR1B,91.0,MutKnownFunctional,"VQ29V*,0.750"
X-5643,ADAM19,8728.0,MutNovel,"R774Q,0.690"
X-5643,ADAMTSL1,92949.0,MutNovel,"Y374D,0.995"
X-5643,ADAP1,11033.0,MutNovel,"G263W,0.333"
X-5643,ADCY6,112.0,MutNovel,"R573Q,0.400"
X-5643,ADCY8,114.0,MutNovel,"D1246N,0.500"
X-5643,ADCY8,114.0,MutNovel,"N779I,0.500"
X-5643,ADCY8,114.0,MutNovel,"D630N,0.632"
X-5643,ADORA2A,135.0,MutNovel,"P403S,0.500"
X-5643,AFAP1L2,84632.0,MutNovel,"R109Q,0.395"
X-5643,AFAP1L2,84632.0,MutNovel,"E53K,0.411"
X-5643,AFF2,2334.0,MutNovel,"E53K,1.000"
X-5643,AFF2,2334.0,MutNovel,"S1024F,1.000"
X-5643,AFF4,27125.0,MutNovel,"A752T,0.319"
X-5643,AFG3L2,10939.0,MutNovel,"S595F,0.702"
X-5643,AFMID,125061.0,MutNovel,"S84L,0.725"
X-5643,AGAP1,116987.0,MutNovel,"S659F,0.542"
X-5643,AGBL2,79841.0,MutNovel,"P123S,0.667"
X-5643,AHCTF1,25909.0,MutNovel,"R2228W,0.278"
X-5643,AHI1,54806.0,MutNovel,"K237N,0.444"
X-5643,AHNAK,79026.0,MutNovel,"D4207N,0.622"
X-5643,AHNAK2,113146.0,MutNovel,"P5528V,0.900"
X-5643,AIM1,202.0,MutNovel,"P1078L,0.603"
X-5643,AKAP11,11215.0,MutNovel,"P1446L,1.000"
X-5643,AKAP12,9590.0,MutNovel,"A1637V,0.667"
X-5643,AKD1,221264.0,MutKnownFunctional,"L376*,0.615"
X-5643,AKR1C2,1646.0,MutNovel,"M293I,1.000"
X-5643,ALDH16A1,126133.0,MutNovel,"R588W,0.643"
X-5643,ALDH7A1,501.0,MutNovel,"A8T,1.000"
X-5643,ALG13,79868.0,MutNovel,"R233Q,1.000"
X-5643,ALMS1,7840.0,MutNovel,"P3530S,0.400"
X-5643,AMELY,266.0,Del0.8,0.46
X-5643,AMOTL1,154810.0,MutNovel,"S793F,1.000"
X-5643,ANAPC1,64682.0,MutNovel,"H1194R,0.500"
X-5643,ANAPC1,64682.0,MutNovel,"M779I,0.452"
X-5643,ANKRD12,23253.0,MutKnownFunctional,"R173*,0.636"
X-5643,ANKRD13B,124930.0,MutNovel,"R447Q,0.643"
X-5643,ANKRD13D,338692.0,MutNovel,"P413S,0.404"
X-5643,ANKZF1,55139.0,MutNovel,"G604R,0.505"
X-5643,ANO1,55107.0,MutNovel,"P684L,0.505"
X-5643,ANO2,57101.0,MutNovel,"R879Q,0.692"
X-5643,ANO2,57101.0,MutNovel,"S864L,0.692"
X-5643,AP1G2,8906.0,MutKnownFunctional,"Q444*,0.524"
X-5643,AP2B1,163.0,MutNovel,"R138W,0.308"
X-5643,APC,324.0,MutNovel,"Y951H,0.500"
X-5643,API5,8539.0,MutNovel,"A402V,0.456"
X-5643,APLP1,333.0,MutNovel,"P115L,1.000"
X-5643,AQR,9716.0,MutNovel,"E1351K,0.375"
X-5643,ARHGAP22,58504.0,MutNovel,"E661K,0.537"
X-5643,ARHGAP22,58504.0,MutNovel,"S464F,0.636"
X-5643,ARHGAP28,79822.0,MutNovel,"R24C,1.000"
X-5643,ARHGAP33,115703.0,MutNovel,"R117Q,0.538"
X-5643,ARHGAP5,394.0,MutNovel,"L404F,0.383"
X-5643,ARHGEF2,9181.0,MutNovel,"S174F,0.280"
X-5643,ARHGEF35,445328.0,Del0.8,0.67
X-5643,ARHGEF4,50649.0,MutNovel,"R56K,0.250"
X-5643,ARID1A,8289.0,MutNovel,"P1747S,0.353"
X-5643,ARID1B,57492.0,MutNovel,"P1609S,0.625"
X-5643,ARID5B,84159.0,MutNovel,"S504L,0.400"
X-5643,ARMC1,55156.0,MutNovel,"P54L,0.427"
X-5643,ARMC5,79798.0,MutNovel,"G930E,1.000"
X-5643,ASPH,444.0,MutNovel,"A505V,0.512"
X-5643,ASUN,55726.0,MutNovel,"R144C,0.543"
X-5643,ASXL2,55252.0,MutNovel,"S466F,0.357"
X-5643,ATP13A1,57130.0,MutNovel,"A227V,0.644"
X-5643,ATP1A1,476.0,MutNovel,"P785L,0.524"
X-5643,AXIN1,8312.0,MutNovel,"S334F,0.636"
X-5643,B3GNT2,10678.0,MutNovel,"Y296N,0.561"
X-5643,B3GNT9,84752.0,MutNovel,"E241K,1.000"
X-5643,B4GALNT1,2583.0,MutNovel,"R472Q,1.000"
X-5643,B4GALNT4,338707.0,MutNovel,"G767E,0.649"
X-5643,BAG5,9529.0,MutNovel,"P367L,0.569"
X-5643,BAHCC1,57597.0,MutNovel,"G1243R,1.000"
X-5643,BAZ2B,29994.0,MutNovel,"P1390S,0.417"
X-5643,BBIP1,92482.0,MutKnownFunctional,"K54*,0.590"
X-5643,BCAP31,10134.0,MutNovel,"S191L,0.996"
X-5643,BCORP1,286554.0,Del0.8,0.4
X-5643,BICC1,80114.0,MutNovel,"M360L,0.346"
X-5643,BIRC6,57448.0,MutNovel,"R2291C,0.857"
X-5643,BIRC6,57448.0,MutNovel,"S4724F,0.414"
X-5643,BMP1,649.0,MutNovel,"A698V,0.538"
X-5643,BMS1,9790.0,MutNovel,"L219H,0.545"
X-5643,BMS1,9790.0,MutNovel,"Q858E,0.208"
X-5643,BNC1,646.0,MutNovel,"G661E,1.000"
X-5643,BNC1,646.0,MutNovel,"R419K,1.000"
X-5643,BNC2,54796.0,MutKnownFunctional,"SR877S*,1.000"
X-5643,BNIP1,662.0,MutNovel,"L158F,0.620"
X-5643,BOD1L1,,MutNovel,"S484T,0.500"
X-5643,BPY2B,442867.0,Del0.8,0.24
X-5643,BPY2B,442867.0,Del0.8,0.24
X-5643,BRAP,8315.0,MutNovel,"R587C,0.333"
X-5643,BRAP,8315.0,MutNovel,"P123T,0.360"
X-5643,BRIP1,83990.0,MutNovel,"S895F,0.724"
X-5643,BRSK2,9024.0,MutNovel,"G644S,0.800"
X-5643,BRWD3,254065.0,MutNovel,"F505Y,1.000"
X-5643,BTBD1,53339.0,MutNovel,"S33F,1.000"
X-5643,BTBD3,22903.0,MutNovel,"T105I,0.598"
X-5643,BTBD7,55727.0,MutNovel,"T743I,0.615"
X-5643,BTN2A2,10385.0,MutNovel,"P253S,0.333"
X-5643,C11orf41,25758.0,MutNovel,"P1521S,0.588"
X-5643,C11orf80,79703.0,MutNovel,"P420L,0.739"
X-5643,C14orf166,51637.0,MutNovel,"R145H,0.386"
X-5643,C14orf37,145407.0,MutNovel,"V40I,0.364"
X-5643,C17orf100,388327.0,MutNovel,"P12S,0.429"
X-5643,C17orf53,78995.0,MutNovel,"K432T,0.214"
X-5643,C17orf85,55421.0,MutNovel,"S412F,0.471"
X-5643,C19orf18,147685.0,MutNovel,"E168K,0.429"
X-5643,C19orf71,100128569.0,MutKnownFunctional,"Y77*,0.235"
X-5643,C1QTNF2,114898.0,MutNovel,"E291K,0.667"
X-5643,C1orf52,148423.0,MutNovel,"P41S,0.478"
X-5643,C21orf7,56911.0,MutNovel,"A35V,1.000"
X-5643,C21orf7,56911.0,MutNovel,"K230T,0.318"
X-5643,C2CD2L,9854.0,MutNovel,"S503Y,1.000"
X-5643,C2orf42,54980.0,MutNovel,"G32D,0.364"
X-5643,C2orf43,60526.0,MutKnownFunctional,"R292*,0.366"
X-5643,C2orf68,388969.0,Amp5,5.82
X-5643,C5orf42,65250.0,MutNovel,"F2251I,0.400"
X-5643,C5orf46,389336.0,MutNovel,"R66C,0.607"
X-5643,C7orf10,79783.0,MutNovel,"D452N,0.635"
X-5643,C8orf33,65265.0,MutNovel,"A177V,0.615"
X-5643,C9orf53,51198.0,Del0.8,0.44
X-5643,C9orf89,84270.0,MutNovel,"T44I,1.000"
X-5643,CACNA1C,775.0,MutNovel,"N822S,0.545"
X-5643,CADM4,199731.0,MutNovel,"E359K,0.231"
X-5643,CALB2,794.0,MutNovel,"D76N,0.993"
X-5643,CAMLG,819.0,MutNovel,"Y264C,0.364"
X-5643,CAMTA1,23261.0,MutNovel,"R1649C,0.714"
X-5643,CAPG,822.0,Amp5,5.82
X-5643,CAPN10,11132.0,MutNovel,"A101V,0.421"
X-5643,CAPS2,84698.0,MutNovel,"L406F,0.417"
X-5643,CARS,833.0,MutNovel,"H715Y,0.528"
X-5643,CASC1,55259.0,MutNovel,"P580S,0.500"
X-5643,CASP8AP2,9994.0,MutNovel,"S331L,0.533"
X-5643,CAT,847.0,MutNovel,"R127Q,0.390"
X-5643,CBL,867.0,MutNovel,"E240K,1.000"
X-5643,CBX1,10951.0,MutNovel,"D59N,0.331"
X-5643,CCAR1,55749.0,MutNovel,"L1024F,0.606"
X-5643,CCBL2,56267.0,MutNovel,"R187S,0.586"
X-5643,CCDC102A,92922.0,MutKnownFunctional,"Q548*,0.615"
X-5643,CCDC102A,92922.0,MutNovel,"S48V,0.600"
X-5643,CCDC136,64753.0,MutKnownFunctional,"Y867*,0.286"
X-5643,CCDC146,57639.0,MutNovel,"P113S,1.000"
X-5643,CCDC150,284992.0,MutNovel,"S969L,0.571"
X-5643,CCDC51,79714.0,MutNovel,"R226Q,1.000"
X-5643,CCDC80,151887.0,MutNovel,"G933S,0.348"
X-5643,CCDC88A,55704.0,MutNovel,"E206K,0.609"
X-5643,CCDC91,55297.0,MutNovel,"P86L,0.414"
X-5643,CCNH,902.0,MutNovel,"D202N,0.411"
X-5643,CCP110,9738.0,MutKnownFunctional,"L713*,0.227"
X-5643,CD82,3732.0,MutNovel,"H257Y,0.460"
X-5643,CDC25C,995.0,MutNovel,"H138Y,0.657"
X-5643,CDC42BPA,8476.0,MutNovel,"P1551S,0.690"
X-5643,CDC42BPG,55561.0,MutNovel,"S1524L,1.000"
X-5643,CDC42EP1,11135.0,MutNovel,"PAPAANPS253P,0.240"
X-5643,CDH6,1004.0,MutNovel,"E493K,0.625"
X-5643,CDK12,51755.0,MutNovel,"G1399R,0.218"
X-5643,CDK5RAP2,55755.0,MutNovel,"R616W,1.000"
X-5643,CDKL5,6792.0,MutNovel,"L625V,1.000"
X-5643,CDKN1A,1026.0,MutNovel,"G14T,0.308"
X-5643,CDKN2A,1029.0,Del0.8,0.44
X-5643,CDKN2B,1030.0,Del0.8,0.69
X-5643,CDY1B,253175.0,Del0.8,0.24
X-5643,CDY1B,253175.0,Del0.8,0.24
X-5643,CDY2A,9426.0,Del0.8,0.24
X-5643,CDY2A,9426.0,Del0.8,0.24
X-5643,CDY2B,203611.0,Del0.8,0.24
X-5643,CDY2B,203611.0,Del0.8,0.24
X-5643,CEBPZ,10153.0,MutNovel,"E85K,0.522"
X-5643,CELSR1,9620.0,MutNovel,"D2037N,0.538"
X-5643,CEP290,80184.0,MutNovel,"D300N,0.625"
X-5643,CEP350,9857.0,MutNovel,"S1517L,0.400"
X-5643,CERS1,10715.0,MutNovel,"A328V,0.610"
X-5643,CHAF1A,10036.0,MutNovel,"P172S,0.692"
X-5643,CHD3,1107.0,MutNovel,"D594N,0.750"
X-5643,CHD6,84181.0,MutNovel,"A2338P,0.273"
X-5643,CHD6,84181.0,MutNovel,"R1135C,0.500"
X-5643,CHD9,80205.0,MutNovel,"P1741S,1.000"
X-5643,CHST9,83539.0,MutNovel,"S340F,1.000"
X-5643,CINP,51550.0,MutNovel,"L55F,0.408"
X-5643,CKAP4,10970.0,MutNovel,"V258G,0.415"
X-5643,CLIP4,79745.0,MutNovel,"R486C,0.525"
X-5643,CLPX,10845.0,MutNovel,"M535I,1.000"
X-5643,CNTNAP3,79937.0,MutNovel,"P435T,1.000"
X-5643,CNTNAP3,79937.0,MutNovel,"L408F,1.000"
X-5643,CNTNAP3B,728577.0,MutNovel,"G1195R,0.500"
X-5643,CNTNAP3B,728577.0,MutNovel,"G1206W,0.429"
X-5643,CNTRL,11064.0,MutNovel,"P1242S,1.000"
X-5643,COBL,23242.0,MutKnownFunctional,"-1094?,0.278"
X-5643,COL11A1,1301.0,MutNovel,"F1710I,0.516"
X-5643,COL11A1,1301.0,MutNovel,"P1203S,0.463"
X-5643,COL12A1,1303.0,MutNovel,"V2430I,0.657"
X-5643,COL16A1,1307.0,MutNovel,"G656E,0.320"
X-5643,COL22A1,169044.0,MutNovel,"P847F,1.000"
X-5643,COL5A1,1289.0,MutNovel,"E443K,1.000"
X-5643,COL5A1,1289.0,MutNovel,"G829R,1.000"
X-5643,COL5A1,1289.0,MutNovel,"G1045S,1.000"
X-5643,COL6A2,1292.0,MutNovel,"E143K,0.440"
X-5643,COL6A3,1293.0,MutNovel,"S998L,0.359"
X-5643,COL8A1,1295.0,MutNovel,"D690N,0.425"
X-5643,COL9A3,1299.0,MutNovel,"P504S,0.550"
X-5643,COPG1,,MutNovel,"G115E,0.570"
X-5643,COX15,1355.0,MutNovel,"R351K,0.482"
X-5643,COX6A1,1337.0,MutNovel,"P85S,0.446"
X-5643,CPD,1362.0,MutNovel,"H994Y,0.287"
X-5643,CPO,130749.0,MutNovel,"D352N,1.000"
X-5643,CPS1,1373.0,MutNovel,"R809C,0.700"
X-5643,CPS1,1373.0,MutNovel,"K1362R,0.600"
X-5643,CPT1A,1374.0,MutNovel,"L63P,0.425"
X-5643,CRCP,27297.0,MutNovel,"K51I,0.463"
X-5643,CREBZF,58487.0,MutNovel,"E233K,0.436"
X-5643,CROCC,9696.0,MutNovel,"R1617W,0.667"
X-5643,CROCC,9696.0,MutNovel,"D1907N,0.421"
X-5643,CSNK2A2,1459.0,MutNovel,"G92E,0.752"
X-5643,CSPG4P1Y,114758.0,Del0.8,0.24
X-5643,CSPG4P1Y,114758.0,Del0.8,0.24
X-5643,CSRNP1,64651.0,MutNovel,"S356F,0.383"
X-5643,CSTF2T,23283.0,MutNovel,"R451K,0.264"
X-5643,CTAGE4,100128553.0,Del0.8,0.67
X-5643,CTH,1491.0,MutNovel,"N283K,0.521"
X-5643,CTNNAL1,8727.0,MutNovel,"E472K,1.000"
X-5643,CTSA,5476.0,MutNovel,"L29-,1.000"
X-5643,CTTNBP2NL,55917.0,MutNovel,"E158K,0.500"
X-5643,CUBN,8029.0,MutNovel,"S3031F,1.000"
X-5643,CUL3,8452.0,MutNovel,"G505R,0.442"
X-5643,CUL4B,8450.0,MutNovel,"R572C,1.000"
X-5643,CXXC5,51523.0,MutNovel,"F208L,0.265"
X-5643,CYFIP1,23191.0,MutNovel,"P306L,0.742"
X-5643,DACT1,51339.0,MutNovel,"E26K,0.571"
X-5643,DAZ1,1617.0,Del0.8,0.24
X-5643,DAZ2,57055.0,Del0.8,0.24
X-5643,DAZ3,57054.0,Del0.8,0.24
X-5643,DAZ3,57054.0,Del0.8,0.24
X-5643,DAZ4,57135.0,Del0.8,0.24
X-5643,DAZ4,57135.0,Del0.8,0.24
X-5643,DCAF16,54876.0,MutNovel,"E112K,0.418"
X-5643,DCAF17,80067.0,MutKnownFunctional,"S230*,0.432"
X-5643,DCAF8L1,139425.0,MutNovel,"E40K,1.000"
X-5643,DDX3Y,8653.0,Del0.8,0.41
X-5643,DDX5,1655.0,MutNovel,"E512K,0.710"
X-5643,DEM1,64789.0,MutKnownFunctional,"-344?,0.500"
X-5643,DENND4C,55667.0,MutNovel,"S1386L,1.000"
X-5643,DEPDC1,55635.0,MutNovel,"P148L,0.439"
X-5643,DHCR7,1717.0,MutNovel,"D359N,0.590"
X-5643,DHCR7,1717.0,MutNovel,"E288K,0.485"
X-5643,DHX16,8449.0,MutNovel,"P8S,0.526"
X-5643,DHX35,60625.0,MutNovel,"S505T,0.300"
X-5643,DHX37,57647.0,MutNovel,"T957I,0.328"
X-5643,DIABLO,56616.0,MutNovel,"R202W,0.368"
X-5643,DIABLO,56616.0,MutNovel,"T109I,0.306"
X-5643,DIMT1,27292.0,MutNovel,"P215S,0.711"
X-5643,DLG3,1741.0,MutNovel,"P551L,1.000"
X-5643,DMRTA1,63951.0,Del0.8,0.39
X-5643,DMXL1,1657.0,MutNovel,"S528F,0.278"
X-5643,DNAH14,127602.0,MutNovel,"E1229K,1.000"
X-5643,DNAH14,127602.0,MutNovel,"P3567L,1.000"
X-5643,DNAH5,1767.0,MutNovel,"N4207T,0.833"
X-5643,DNAH5,1767.0,MutNovel,"E1262K,1.000"
X-5643,DNAH5,1767.0,MutNovel,"K276E,0.778"
X-5643,DNAH6,1768.0,Amp5,5.82
X-5643,DNAH7,56171.0,MutNovel,"E250K,0.400"
X-5643,DNAJB12,54788.0,MutNovel,"R106K,0.612"
X-5643,DNAJC18,202052.0,MutNovel,"E217K,0.590"
X-5643,DNTTIP1,116092.0,MutNovel,"P137L,0.710"
X-5643,DOCK2,1794.0,MutNovel,"P569S,0.696"
X-5643,DPP3,10072.0,MutNovel,"T4I,0.532"
X-5643,DPY19L2,283417.0,MutNovel,"F250I,0.500"
X-5643,DPYD,1806.0,MutNovel,"E383K,0.598"
X-5643,DROSHA,29102.0,MutNovel,"A135V,0.250"
X-5643,DST,667.0,MutNovel,"I4550T,0.299"
X-5643,DSTYK,25778.0,MutNovel,"H714Y,1.000"
X-5643,DUSP11,8446.0,MutNovel,"S337L,0.466"
X-5643,DUSP19,142679.0,MutNovel,"S155F,0.667"
X-5643,DUSP4,1846.0,MutNovel,"S151F,0.458"
X-5643,DYNC1I1,1780.0,MutNovel,"P45L,1.000"
X-5643,DYSF,8291.0,MutNovel,"R236Q,0.500"
X-5643,DYSF,8291.0,MutNovel,"G289E,0.700"
X-5643,DZIP1L,199221.0,MutNovel,"P731S,0.641"
X-5643,EBF4,57593.0,MutNovel,"R568K,0.333"
X-5643,ECD,11319.0,MutNovel,"R669K,0.412"
X-5643,EFCAB6,64800.0,MutNovel,"F338Y,0.667"
X-5643,EFHC1,114327.0,MutNovel,"V635A,0.669"
X-5643,EGLN1,54583.0,MutNovel,"P71L,0.738"
X-5643,EIF1AY,9086.0,Del0.8,0.4
X-5643,EIF2C1,26523.0,MutNovel,"G148S,0.357"
X-5643,EIF3B,8662.0,MutNovel,"P240S,0.671"
X-5643,EIF4G1,1981.0,MutNovel,"P1052T,0.454"
X-5643,ELAC1,55520.0,MutNovel,"H111Y,0.333"
X-5643,ELMOD3,84173.0,Amp5,5.82
X-5643,ELP2,55250.0,MutNovel,"S39F,0.719"
X-5643,ELTD1,64123.0,MutNovel,"E511K,0.408"
X-5643,EPB41L4A,64097.0,MutNovel,"E416K,0.357"
X-5643,EPC1,80314.0,MutKnownFunctional,"Q371*,1.000"
X-5643,EPHB2,2048.0,MutNovel,"P790S,0.667"
X-5643,EPS15L1,58513.0,MutNovel,"G762E,0.714"
X-5643,ERBB2IP,55914.0,MutNovel,"S128F,0.256"
X-5643,ERCC2,2068.0,MutNovel,"R592C,0.325"
X-5643,ERCC6,2074.0,MutNovel,"P1042L,0.538"
X-5643,ERF,2077.0,MutKnownFunctional,"-328,0.608"
X-5643,ESPL1,9700.0,MutNovel,"S387L,0.556"
X-5643,ETAA1,54465.0,MutNovel,"K315M,0.415"
X-5643,ETV6,2120.0,MutNovel,"P23L,0.515"
X-5643,ETV6,2120.0,MutNovel,"F357L,0.515"
X-5643,ETV6,2120.0,MutNovel,"H383Y,0.469"
X-5643,EXOC6,54536.0,MutNovel,"L615R,0.597"
X-5643,EXOC6B,23233.0,MutNovel,"R785W,0.815"
X-5643,FAF1,11124.0,MutNovel,"P259S,0.546"
X-5643,FAM115C,285966.0,MutNovel,"G56S,0.889"
X-5643,FAM122A,116224.0,MutNovel,"G30E,1.000"
X-5643,FAM122C,159091.0,MutNovel,"N123D,1.000"
X-5643,FAM136A,84908.0,MutNovel,"E21K,0.477"
X-5643,FAM149B1,317662.0,MutNovel,"G224R,0.581"
X-5643,FAM160B2,64760.0,MutNovel,"P636S,0.378"
X-5643,FAM184B,27146.0,MutNovel,"A96V,1.000"
X-5643,FAM186B,84070.0,MutNovel,"L79S,0.500"
X-5643,FAM189B,10712.0,MutNovel,"P654F,0.637"
X-5643,FAM189B,10712.0,MutNovel,"P564L,0.388"
X-5643,FAM193A,8603.0,MutNovel,"P663M,0.571"
X-5643,FAM197Y2P,252946.0,Del0.8,0.41
X-5643,FAM200B,285550.0,MutNovel,"K74E,0.561"
X-5643,FAM212B,55924.0,MutKnownFunctional,"-143,0.566"
X-5643,FAM40B,57464.0,MutNovel,"S788L,1.000"
X-5643,FAM41AY1,340618.0,Del0.8,0.24
X-5643,FAM41AY1,340618.0,Del0.8,0.24
X-5643,FAM59A,64762.0,MutNovel,"G411E,0.500"
X-5643,FAM5B,57795.0,MutNovel,"E292K,0.500"
X-5643,FAM73A,374986.0,MutNovel,"S44F,0.433"
X-5643,FAT3,120114.0,MutNovel,"G2630R,1.000"
X-5643,FBF1,85302.0,MutNovel,"A681V,0.429"
X-5643,FBLIM1,54751.0,MutNovel,"L103F,1.000"
X-5643,FBN2,2201.0,MutNovel,"E1190K,0.429"
X-5643,FBXO34,55030.0,MutNovel,"A160V,0.412"
X-5643,FBXO38,81545.0,MutNovel,"P18S,0.639"
X-5643,FBXO4,26272.0,MutNovel,"N354H,0.254"
X-5643,FBXW11,23291.0,MutNovel,"S137P,0.655"
X-5643,FECH,2235.0,MutNovel,"P415S,0.636"
X-5643,FGFRL1,53834.0,MutNovel,"P378L,0.429"
X-5643,FGFRL1,53834.0,MutNovel,"P433S,0.250"
X-5643,FKBP14,55033.0,MutNovel,"P138V,0.653"
X-5643,FLI1,2313.0,MutNovel,"Q55H,1.000"
X-5643,FLJ35282,441389.0,Del0.8,0.32
X-5643,FLNB,2317.0,MutNovel,"G1335R,0.969"
X-5643,FLRT3,23767.0,MutNovel,"S139F,0.390"
X-5643,FNIP1,96459.0,MutKnownFunctional,"LQ548L*,0.429"
X-5643,FOSL1,8061.0,MutNovel,"R95K,0.482"
X-5643,FOXC2,2303.0,MutNovel,"P107S,1.000"
X-5643,FOXD1,2297.0,MutNovel,"R325H,0.500"
X-5643,FOXP3,50943.0,MutNovel,"G403R,1.000"
X-5643,FRMD3,257019.0,MutNovel,"D164N,1.000"
X-5643,FRMPD4,9758.0,MutNovel,"R1071Q,1.000"
X-5643,FRRS1,391059.0,MutNovel,"W483G,0.217"
X-5643,FRYL,285527.0,MutNovel,"P2057L,0.471"
X-5643,FSIP2,401024.0,MutNovel,"S6895L,0.238"
X-5643,FUCA1,2517.0,MutNovel,"L346P,0.418"
X-5643,GABRA2,2555.0,MutNovel,"N335D,1.000"
X-5643,GALNT10,55568.0,MutNovel,"R253C,0.722"
X-5643,GALNT11,63917.0,MutNovel,"G483E,1.000"
X-5643,GAS2L1,10634.0,MutNovel,"P597L,0.631"
X-5643,GATA6,2627.0,MutNovel,"L440P,0.400"
X-5643,GCNT1,2650.0,MutNovel,"R181Q,1.000"
X-5643,GDAP2,54834.0,MutNovel,"L47F,0.544"
X-5643,GEMIN4,50628.0,MutNovel,"Q450E,0.467"
X-5643,GFM2,84340.0,MutNovel,"T274S,0.300"
X-5643,GGA2,23062.0,MutNovel,"P348S,0.638"
X-5643,GGCX,2677.0,Amp5,5.82
X-5643,GGH,8836.0,MutNovel,"S200F,0.466"
X-5643,GGT8P,645367.0,Amp5,5.06
X-5643,GHDC,84514.0,MutNovel,"T360I,0.730"
X-5643,GIPC1,10755.0,MutNovel,"R248W,0.347"
X-5643,GIT2,9815.0,MutNovel,"D197N,0.706"
X-5643,GLI2,2736.0,MutNovel,"E1301K,1.000"
X-5643,GNA11,2767.0,MutNovel,"R92Q,0.537"
X-5643,GNLY,10578.0,Amp5,5.82
X-5643,GOLGA2P2Y,84559.0,Del0.8,0.24
X-5643,GOLGA2P2Y,84559.0,Del0.8,0.24
X-5643,GOT2,2806.0,MutNovel,"N370S,0.352"
X-5643,GPBP1L1,60313.0,MutNovel,"S266F,0.452"
X-5643,GPC2,221914.0,MutNovel,"P362L,1.000"
X-5643,GPN1,11321.0,MutNovel,"P162S,0.484"
X-5643,GPR158,57512.0,MutNovel,"S817F,1.000"
X-5643,GPR75,10936.0,MutNovel,"A156T,0.667"
X-5643,GRB14,2888.0,MutNovel,"E117V,0.391"
X-5643,GRIK2,2898.0,MutNovel,"D388N,0.667"
X-5643,GRPR,2925.0,MutNovel,"S360F,1.000"
X-5643,GSR,2936.0,MutNovel,"L382F,0.398"
X-5643,GSTK1,373156.0,MutNovel,"H82Y,0.996"
X-5643,GSTT1,2952.0,Amp5,7.73
X-5643,GSTTP1,25774.0,Amp5,7.73
X-5643,GTPBP3,84705.0,MutKnownFunctional,"R136*,0.643"
X-5643,GYG2P1,352887.0,Del0.8,0.41
X-5643,HBP1,26959.0,MutNovel,"R481K,1.000"
X-5643,HDAC9,9734.0,MutNovel,"S280L,0.644"
X-5643,HDAC9,9734.0,MutNovel,"S730F,0.750"
X-5643,HEATR7A,727957.0,MutNovel,"R212K,0.478"
X-5643,HEATR7A,727957.0,MutNovel,"S346L,0.733"
X-5643,HECTD1,25831.0,MutNovel,"P2331S,0.453"
X-5643,HECTD1,25831.0,MutNovel,"S805F,0.455"
X-5643,HERC1,8925.0,MutNovel,"R1393C,1.000"
X-5643,HERC2,8924.0,MutNovel,"E4375K,0.767"
X-5643,HERC2,8924.0,MutNovel,"V3296A,0.833"
X-5643,HIP1R,9026.0,MutNovel,"E162K,0.545"
X-5643,HIPK1,204851.0,MutNovel,"R402C,0.370"
X-5643,HIRA,7290.0,MutNovel,"P700S,0.333"
X-5643,HIVEP2,3097.0,MutNovel,"R762W,0.438"
X-5643,HIVEP3,59269.0,MutNovel,"R2189C,0.615"
X-5643,HLA-A,3105.0,MutNovel,"T252M,0.483"
X-5643,HLA-DQA2,3118.0,MutNovel,"L254P,1.000"
X-5643,HLA-DQB2,3120.0,MutNovel,"Q76R,1.000"
X-5643,HLA-DRB1,3123.0,Amp5,6.63
X-5643,HLA-DRB5,3127.0,Amp5,6.63
X-5643,HLA-DRB6,3128.0,Amp5,6.63
X-5643,HLA-G,3135.0,MutNovel,"T91M,1.000"
X-5643,HNRNPR,10236.0,MutNovel,"P492S,0.616"
X-5643,HOMER1,9456.0,MutNovel,"E273K,0.608"
X-5643,HOXB2,3212.0,MutNovel,"H247Y,1.000"
X-5643,HOXB3,3213.0,MutNovel,"K65T,0.879"
X-5643,HPS1,3257.0,MutNovel,"L211R,0.667"
X-5643,HRCT1,646962.0,MutNovel,"LH100L,1.000"
X-5643,HSFY2,159119.0,Del0.8,0.24
X-5643,HSFY2,159119.0,Del0.8,0.24
X-5643,HSPG2,3339.0,MutNovel,"P2193S,0.595"
X-5643,HTT,3064.0,MutNovel,"Y2838N,0.500"
X-5643,IDE,3416.0,MutNovel,"S901F,0.375"
X-5643,IGF2R,3482.0,MutNovel,"V1727I,0.365"
X-5643,IGHMBP2,3508.0,MutNovel,"A337V,0.545"
X-5643,IGHMBP2,3508.0,MutNovel,"P963S,0.500"
X-5643,IGSF22,283284.0,MutNovel,"T1157M,0.333"
X-5643,IKZF5,64376.0,MutNovel,"K284N,0.403"
X-5643,IL4R,3566.0,MutNovel,"D644N,0.463"
X-5643,ILVBL,10994.0,MutNovel,"P255L,0.286"
X-5643,IMMT,10989.0,MutNovel,"L90I,0.472"
X-5643,INADL,10207.0,MutKnownFunctional,"WA1480*T,0.400"
X-5643,INPP4A,3631.0,MutNovel,"T167I,0.650"
X-5643,INPP4A,3631.0,MutNovel,"E969K,0.411"
X-5643,INPP5A,3632.0,MutNovel,"P345L,0.620"
X-5643,INTS1,26173.0,MutNovel,"P739L,0.347"
X-5643,INTS5,80789.0,MutNovel,"R879W,0.609"
X-5643,IRF2BP1,26145.0,MutNovel,"T570I,0.562"
X-5643,ITFG1,81533.0,MutNovel,"F580L,1.000"
X-5643,ITGB1BP1,9270.0,MutNovel,"S46F,0.473"
X-5643,ITGB3,3690.0,MutNovel,"S194F,0.284"
X-5643,ITPR3,3710.0,MutNovel,"R2671C,0.665"
X-5643,JPH1,56704.0,MutNovel,"E354K,1.000"
X-5643,KALRN,8997.0,MutNovel,"E2012K,1.000"
X-5643,KAT6A,7994.0,MutNovel,"G1999R,0.417"
X-5643,KAT6A,7994.0,MutNovel,"V1471A,0.375"
X-5643,KAT6B,23522.0,MutNovel,"N1708S,0.417"
X-5643,KAT8,84148.0,MutNovel,"D67N,1.000"
X-5643,KCMF1,56888.0,Amp5,5.82
X-5643,KCNMA1,3778.0,MutNovel,"I827M,0.662"
X-5643,KCNMB3,27094.0,MutNovel,"A147V,0.403"
X-5643,KCNS3,3790.0,MutNovel,"D375N,0.554"
X-5643,KCTD11,147040.0,MutNovel,"L56R,0.400"
X-5643,KCTD17,79734.0,MutNovel,"G27S,0.444"
X-5643,KDM3A,55818.0,MutNovel,"S424F,0.469"
X-5643,KDM5D,8284.0,Del0.8,0.4
X-5643,KHDC1,80759.0,MutNovel,"L117F,0.700"
X-5643,KIAA0317,9870.0,MutNovel,"P69S,0.600"
X-5643,KIAA0319L,79932.0,MutNovel,"K380E,0.469"
X-5643,KIAA0430,9665.0,MutNovel,"R977K,0.367"
X-5643,KIAA0556,23247.0,MutNovel,"P752L,0.333"
X-5643,KIAA0913,23053.0,MutNovel,"A869D,0.839"
X-5643,KIAA1009,22832.0,MutNovel,"P1161L,0.740"
X-5643,KIAA1107,23285.0,MutNovel,"G312R,0.500"
X-5643,KIAA1107,23285.0,MutNovel,"K497I,0.429"
X-5643,KIAA1107,23285.0,MutNovel,"E924D,0.667"
X-5643,KIAA1109,84162.0,MutNovel,"F2863Y,1.000"
X-5643,KIAA1383,54627.0,MutNovel,"P480S,0.875"
X-5643,KIAA1407,57577.0,MutNovel,"E247K,0.500"
X-5643,KIAA1755,85449.0,MutNovel,"P752S,0.316"
X-5643,KIAA2018,205717.0,MutNovel,"S1978L,0.600"
X-5643,KIAA2018,205717.0,MutNovel,"S881L,0.750"
X-5643,KIF11,3832.0,MutNovel,"E809K,0.596"
X-5643,KIF13B,23303.0,MutNovel,"S913F,0.588"
X-5643,KIF20B,9585.0,MutNovel,"K591N,0.286"
X-5643,KIF21B,23046.0,MutNovel,"D1132N,1.000"
X-5643,KIFC3,3801.0,MutNovel,"R181C,0.289"
X-5643,KNTC1,9735.0,MutNovel,"P1145S,0.314"
X-5643,KPNA7,402569.0,MutNovel,"D401N,1.000"
X-5643,KRT10,3858.0,MutNovel,"E249D,1.000"
X-5643,KRT14,3861.0,MutNovel,"A233V,0.500"
X-5643,KRT23,25984.0,MutNovel,"E346K,0.833"
X-5643,KRT81,3887.0,MutNovel,"G312E,0.625"
X-5643,KRTAP2-2,728279.0,MutNovel,"F10L,1.000"
X-5643,L1CAM,3897.0,MutNovel,"L1063F,1.000"
X-5643,L2HGDH,79944.0,MutNovel,"P274S,0.450"
X-5643,L3MBTL2,83746.0,MutNovel,"P634S,0.470"
X-5643,L3MBTL4,91133.0,MutNovel,"D234N,0.714"
X-5643,LAMA3,3909.0,MutNovel,"P1497L,1.000"
X-5643,LAPTM4B,55353.0,MutNovel,"S75A,0.235"
X-5643,LARP1B,55132.0,MutNovel,"D795N,1.000"
X-5643,LDB1,8861.0,MutNovel,"T36I,0.548"
X-5643,LEMD3,23592.0,MutNovel,"R242W,0.409"
X-5643,LEMD3,23592.0,MutNovel,"R867Q,0.667"
X-5643,LEPR,3953.0,MutNovel,"L553I,0.682"
X-5643,LGALS3BP,3959.0,MutNovel,"R574C,0.668"
X-5643,LIMA1,51474.0,MutNovel,"Y142H,0.432"
X-5643,LMAN2,10960.0,MutNovel,"T243M,0.651"
X-5643,LMF2,91289.0,MutNovel,"G155S,0.529"
X-5643,LOC100630918,100630918.0,Amp5,5.82
X-5643,LOC100996643,,MutNovel,"H111Y,0.833"
X-5643,LOC100996689,,MutNovel,"R97W,0.286"
X-5643,LOC100996689,,MutNovel,"W92R,0.286"
X-5643,LOC285141,,MutNovel,"E68K,0.571"
X-5643,LOC391322,391322.0,Amp5,7.73
X-5643,LOC654342,654342.0,Amp5,5.06
X-5643,LPHN1,22859.0,MutNovel,"D127N,0.750"
X-5643,LRCH2,57631.0,MutNovel,"R120K,1.000"
X-5643,LRGUK,136332.0,MutNovel,"R401K,1.000"
X-5643,LRIF1,55791.0,MutNovel,"T585S,0.263"
X-5643,LRP1,4035.0,MutNovel,"P671F,0.375"
X-5643,LRP6,4040.0,MutNovel,"M456I,0.622"
X-5643,LRRC16A,55604.0,MutNovel,"L1219F,0.333"
X-5643,LRRC23,10233.0,MutNovel,"P47L,0.233"
X-5643,LRRC48,83450.0,MutNovel,"E409K,0.438"
X-5643,LRRIQ1,84125.0,MutNovel,"E1334V,0.444"
X-5643,LRRTM4,80059.0,MutNovel,"M12I,0.333"
X-5643,LSAMP,4045.0,MutNovel,"R312K,0.815"
X-5643,LSR,51599.0,MutNovel,"G518GR,0.453"
X-5643,LSS,4047.0,MutNovel,"Y723S,0.644"
X-5643,LSS,4047.0,MutNovel,"P171C,0.310"
X-5643,LTBP2,4053.0,MutNovel,"A1616V,0.717"
X-5643,LTBP2,4053.0,MutNovel,"H1582Y,0.220"
X-5643,LUZP1,7798.0,MutNovel,"D321N,0.480"
X-5643,LYN,4067.0,MutNovel,"P243S,0.818"
X-5643,LZTS2,84445.0,MutNovel,"V567A,0.703"
X-5643,MAD1L1,8379.0,MutNovel,"P331S,0.500"
X-5643,MADCAM1,8174.0,MutNovel,"D242N,1.000"
X-5643,MAK,4117.0,MutNovel,"D414N,1.000"
X-5643,MAN1C1,57134.0,MutNovel,"G300E,0.488"
X-5643,MAN2A1,4124.0,MutNovel,"S794L,0.582"
X-5643,MANEA,79694.0,MutNovel,"P354S,0.650"
X-5643,MAP1B,4131.0,MutNovel,"P462S,0.633"
X-5643,MAP3K7,6885.0,MutNovel,"P425S,0.280"
X-5643,MAP4,4134.0,MutNovel,"S1010F,1.000"
X-5643,MAP7D1,55700.0,MutNovel,"P776S,0.524"
X-5643,MAPRE3,22924.0,MutNovel,"A136T,0.494"
X-5643,2014-03-02 00:00:00,51257.0,MutNovel,"P34L,0.397"
X-5643,2014-03-06 00:00:00,10299.0,MutNovel,"P902S,0.297"
X-5643,MARK2,2011.0,MutNovel,"R268C,0.537"
X-5643,MAT2A,4144.0,Amp5,5.82
X-5643,MAVS,57506.0,MutNovel,"S90F,0.396"
X-5643,MB21D1,115004.0,MutNovel,"P257S,0.280"
X-5643,MBNL1,4154.0,MutNovel,"S28T,0.433"
X-5643,MCEE,84693.0,MutNovel,"L161F,0.472"
X-5643,MCIN,,MutNovel,"L258I,0.667"
X-5643,MCM10,55388.0,MutNovel,"S432F,1.000"
X-5643,MDGA1,266727.0,MutNovel,"L950F,0.577"
X-5643,MED15,51586.0,MutNovel,"-251Q,0.500"
X-5643,MEN1,4221.0,MutNovel,"P378L,0.512"
X-5643,METRNL,284207.0,MutNovel,"P187L,0.776"
X-5643,METTL17,64745.0,MutNovel,"V280I,0.544"
X-5643,METTL8,79828.0,MutNovel,"R140C,0.406"
X-5643,MEX3D,399664.0,MutNovel,"P420S,0.646"
X-5643,MFHAS1,9258.0,MutNovel,"P380C,0.714"
X-5643,MFSD2A,84879.0,MutNovel,"V454G,0.395"
X-5643,MGAT1,4245.0,MutNovel,"S234F,0.390"
X-5643,MIB2,142678.0,MutNovel,"A664V,0.566"
X-5643,MIB2,142678.0,MutNovel,"F750L,0.412"
X-5643,MICAL3,57553.0,MutNovel,"P1404L,0.207"
X-5643,MIER2,54531.0,MutNovel,"E494K,1.000"
X-5643,MMP14,4323.0,MutNovel,"S462Y,0.444"
X-5643,MMP17,4326.0,MutNovel,"G416R,0.568"
X-5643,MMS22L,253714.0,MutNovel,"L607S,0.800"
X-5643,MOB2,81532.0,MutNovel,"S148F,0.474"
X-5643,MOB3C,148932.0,MutNovel,"P188S,0.548"
X-5643,MOGS,7841.0,MutNovel,"E337K,0.481"
X-5643,MON2,23041.0,MutNovel,"P1700S,0.236"
X-5643,MORC3,23515.0,MutNovel,"L201F,0.424"
X-5643,MPHOSPH9,10198.0,MutNovel,"E22K,0.684"
X-5643,MPRIP,23164.0,MutNovel,"TS178T,0.622"
X-5643,MRC2,9902.0,MutNovel,"F832Y,0.846"
X-5643,MSRB3,253827.0,MutNovel,"S46F,0.372"
X-5643,MSRB3,253827.0,MutNovel,"S161L,0.589"
X-5643,MT1H,4496.0,MutNovel,"G11V,1.000"
X-5643,MT1H,4496.0,MutNovel,"A16T,1.000"
X-5643,MT1H,4496.0,MutNovel,"K23E,1.000"
X-5643,MTAP,4507.0,Del0.8,0.47
X-5643,MTMR3,8897.0,MutNovel,"H61Y,0.290"
X-5643,MTMR4,9110.0,MutNovel,"R743T,0.300"
X-5643,MXRA5,25878.0,MutNovel,"S2630F,1.000"
X-5643,MXRA5,25878.0,MutNovel,"D2427N,1.000"
X-5643,MXRA5,25878.0,MutNovel,"T1946I,1.000"
X-5643,MXRA5,25878.0,MutNovel,"A505T,1.000"
X-5643,MYH10,4628.0,MutNovel,"R731C,0.364"
X-5643,MYL9,10398.0,MutNovel,"F26L,0.379"
X-5643,MYO1C,4641.0,MutNovel,"A360T,0.243"
X-5643,MYO9B,4650.0,MutNovel,"S480F,0.689"
X-5643,MZB1,51237.0,MutNovel,"G164E,1.000"
X-5643,MZT2A,653784.0,MutNovel,"L70V,0.443"
X-5643,N4BP2,55728.0,MutNovel,"R1645W,0.235"
X-5643,NACAD,23148.0,MutNovel,"D27N,1.000"
X-5643,NARS,4677.0,MutNovel,"R238Q,0.377"
X-5643,NBEA,26960.0,MutNovel,"S2415L,1.000"
X-5643,NBEAL1,65065.0,MutNovel,"G1905D,0.500"
X-5643,NBPF9,400818.0,MutNovel,"Q184R,0.294"
X-5643,NCAM1,4684.0,MutNovel,"S116L,1.000"
X-5643,NCLN,56926.0,MutNovel,"S168F,0.719"
X-5643,NCOA3,8202.0,MutNovel,"Q1255-,0.562"
X-5643,NCOR2,9612.0,MutNovel,"G1839GAAA,0.867"
X-5643,NCOR2,9612.0,MutNovel,"-511S,0.812"
X-5643,NCRNA00185,55410.0,Del0.8,0.4
X-5643,NCSTN,23385.0,MutNovel,"S235F,0.382"
X-5643,NEIL3,55247.0,MutNovel,"S50F,1.000"
X-5643,NEK1,4750.0,MutNovel,"E1156K,1.000"
X-5643,NEK6,10783.0,MutNovel,"S290F,1.000"
X-5643,NETO1,81832.0,MutNovel,"S179F,1.000"
X-5643,NF1,4763.0,MutKnownFunctional,"Q2582*,0.292"
X-5643,NIM1,167359.0,MutNovel,"E172D,0.827"
X-5643,NIPSNAP3A,25934.0,MutNovel,"H86Y,1.000"
X-5643,NKTR,4820.0,MutNovel,"G829S,0.542"
X-5643,NLGN4Y,22829.0,Del0.8,0.41
X-5643,NLK,51701.0,MutNovel,"A74T,0.368"
X-5643,NLRP1,22861.0,MutNovel,"E488K,0.700"
X-5643,NLRP1,22861.0,MutNovel,"P294L,0.720"
X-5643,NOP2,4839.0,MutNovel,"P68F,0.431"
X-5643,NPB,256933.0,MutNovel,"R60K,0.500"
X-5643,NPEPL1,79716.0,MutNovel,"G373R,0.448"
X-5643,NPRL2,10641.0,MutNovel,"G86N,1.000"
X-5643,NR1H2,7376.0,MutNovel,"-173Q,1.000"
X-5643,NR2C2,7182.0,MutNovel,"S12F,0.655"
X-5643,NR2F1,7025.0,MutNovel,"V156A,0.726"
X-5643,NSUN3,63899.0,MutNovel,"G293E,0.427"
X-5643,NTN4,59277.0,MutNovel,"E486K,0.636"
X-5643,NTPCR,84284.0,MutNovel,"P147S,0.368"
X-5643,NUDT18,79873.0,MutNovel,"S160F,0.550"
X-5643,NUMA1,4926.0,MutKnownFunctional,"R2108*,0.497"
X-5643,NUP160,23279.0,MutNovel,"P1320T,0.516"
X-5643,NUP35,129401.0,MutNovel,"L200S,0.434"
X-5643,NUP85,79902.0,MutNovel,"Q66R,0.737"
X-5643,NVL,4931.0,MutNovel,"S837L,0.234"
X-5643,OASL,8638.0,MutNovel,"A159T,0.296"
X-5643,OCRL,4952.0,MutNovel,"T203I,1.000"
X-5643,ODF2L,57489.0,MutNovel,"A215G,0.512"
X-5643,ODZ3,55714.0,MutNovel,"D2N,1.000"
X-5643,ODZ4,26011.0,MutNovel,"G933E,0.667"
X-5643,ODZ4,26011.0,MutNovel,"P650S,0.667"
X-5643,OGDH,4967.0,MutNovel,"P118S,0.336"
X-5643,OMA1,115209.0,MutNovel,"E510K,0.477"
X-5643,OR4A16,81327.0,MutNovel,"E229K,1.000"
X-5643,ORAI1,84876.0,MutNovel,"PP43-,1.000"
X-5643,ORC1,4998.0,MutNovel,"S217F,0.575"
X-5643,OSBPL8,114882.0,MutNovel,"E630K,0.215"
X-5643,OSBPL9,114883.0,MutNovel,"P275L,0.471"
X-5643,OTOGL,283310.0,MutNovel,"M2121I,0.500"
X-5643,PAK3,5063.0,MutNovel,"A197T,1.000"
X-5643,PAK4,10298.0,MutNovel,"P209L,0.620"
X-5643,PAK4,10298.0,MutNovel,"P479S,0.286"
X-5643,PAPPA,5069.0,MutNovel,"A1024T,1.000"
X-5643,PC,5091.0,MutNovel,"P100S,0.583"
X-5643,PCDH11Y,83259.0,Del0.8,0.46
X-5643,PCDH12,51294.0,MutNovel,"E1033K,0.626"
X-5643,PCDH12,51294.0,MutNovel,"D700N,0.321"
X-5643,PCDHGA2,56113.0,MutNovel,"S701F,1.000"
X-5643,PCNX,22990.0,MutNovel,"S721L,0.615"
X-5643,PCNXL2,80003.0,MutNovel,"S1237L,0.545"
X-5643,PCNXL2,80003.0,MutNovel,"P444S,0.455"
X-5643,PCOLCE2,26577.0,MutNovel,"K189Q,0.562"
X-5643,PCSK2,5126.0,MutNovel,"S349F,0.824"
X-5643,PDE4DIP,9659.0,MutNovel,"P155R,0.357"
X-5643,PDGFRA,5156.0,MutNovel,"E459K,1.000"
X-5643,PDGFRB,5159.0,MutNovel,"E72K,0.637"
X-5643,PDIA5,10954.0,MutNovel,"P388S,0.540"
X-5643,PDPR,55066.0,MutNovel,"P487S,0.800"
X-5643,PEAK1,79834.0,MutNovel,"S1253F,1.000"
X-5643,PEAK1,79834.0,MutNovel,"S847F,1.000"
X-5643,PER3,8863.0,MutNovel,"P1145L,0.640"
X-5643,PEX11G,92960.0,MutNovel,"L135F,0.800"
X-5643,PGAP2,27315.0,MutNovel,"S225F,0.344"
X-5643,PHKB,5257.0,MutNovel,"G109R,1.000"
X-5643,PHKB,5257.0,MutNovel,"R274C,1.000"
X-5643,PHLDA1,22822.0,MutNovel,"QQ194Q,1.000"
X-5643,PHTF2,57157.0,MutKnownFunctional,"R270*,1.000"
X-5643,PIAS2,9063.0,MutNovel,"E70K,0.452"
X-5643,PIAS3,10401.0,MutNovel,"A587T,0.583"
X-5643,PIEZO1,9780.0,MutNovel,"P960L,1.000"
X-5643,PIEZO2,63895.0,MutNovel,"G2691E,0.647"
X-5643,PIKFYVE,200576.0,MutNovel,"H2003Y,0.520"
X-5643,PIP5K1C,23396.0,MutNovel,"F280L,0.531"
X-5643,PITPNM2,57605.0,MutNovel,"G620S,1.000"
X-5643,PITPNM2,57605.0,MutNovel,"S310L,0.750"
X-5643,PKD1,5310.0,MutNovel,"H3650Y,0.364"
X-5643,PKNOX2,63876.0,Del0.8,0.62
X-5643,PLA2R1,22925.0,MutNovel,"D585N,0.375"
X-5643,PLAA,9373.0,MutNovel,"P516L,0.991"
X-5643,PLD1,5337.0,MutNovel,"F783Y,0.595"
X-5643,PLEC,5339.0,MutNovel,"R2936Q,0.493"
X-5643,PLEC,5339.0,MutNovel,"A2251V,0.545"
X-5643,PLEKHG2,64857.0,MutNovel,"T936I,0.500"
X-5643,PLS1,5357.0,MutNovel,"E194K,0.500"
X-5643,PLSCR2,57047.0,MutNovel,"Q210E,1.000"
X-5643,PLSCR2,57047.0,MutNovel,"K208Q,1.000"
X-5643,PLSCR2,57047.0,MutNovel,"T203P,1.000"
X-5643,PLXNB2,23654.0,MutNovel,"W639R,0.381"
X-5643,PLXNB2,23654.0,MutNovel,"L433F,0.358"
X-5643,PNISR,25957.0,MutNovel,"P612F,0.648"
X-5643,PNPLA3,80339.0,MutNovel,"Y21C,0.391"
X-5643,PNPT1,87178.0,MutNovel,"P92S,0.519"
X-5643,PNRC1,10957.0,MutNovel,"P33S,0.590"
X-5643,PODXL,5420.0,MutNovel,"D169N,1.000"
X-5643,POFUT1,23509.0,MutNovel,"S173F,0.258"
X-5643,POGLUT1,56983.0,MutKnownFunctional,"W4*,0.429"
X-5643,POLE,5426.0,MutNovel,"S2113Y,0.279"
X-5643,POLE,5426.0,MutNovel,"P1547L,0.333"
X-5643,POLE,5426.0,MutNovel,"E1253K,0.273"
X-5643,POLR1A,25885.0,MutNovel,"P729S,0.783"
X-5643,POLR3F,10621.0,MutNovel,"S305F,0.364"
X-5643,PPHLN1,51535.0,MutNovel,"P388S,0.645"
X-5643,PPIL1,51645.0,MutNovel,"L122F,0.332"
X-5643,PPIL4,85313.0,MutNovel,"R267K,0.663"
X-5643,PPP1R26,9858.0,MutNovel,"A6V,1.000"
X-5643,PPP6R1,22870.0,MutNovel,"P428S,0.722"
X-5643,PPP6R1,22870.0,MutNovel,"N289Y,0.630"
X-5643,PPRC1,23082.0,MutNovel,"P1274L,0.611"
X-5643,PRDX4,10549.0,MutNovel,"R107C,1.000"
X-5643,PRIC285,85441.0,MutNovel,"H784Y,0.462"
X-5643,PRICKLE2,166336.0,MutNovel,"R606C,1.000"
X-5643,PRKCA,5578.0,MutNovel,"D136N,0.933"
X-5643,PRKDC,5591.0,MutKnownFunctional,"Q2708*,0.569"
X-5643,PRKY,5616.0,Del0.8,0.46
X-5643,PRRC2A,7916.0,MutNovel,"R54W,0.700"
X-5643,PRY,9081.0,Del0.8,0.24
X-5643,PRY,9081.0,Del0.8,0.4
X-5643,PRY2,442862.0,Del0.8,0.24
X-5643,PRY2,442862.0,Del0.8,0.4
X-5643,PSMD1,5707.0,MutNovel,"L443F,0.484"
X-5643,PSME4,23198.0,MutNovel,"D1516N,0.486"
X-5643,PSTPIP2,9050.0,MutNovel,"D186N,0.571"
X-5643,PTCD2,79810.0,MutNovel,"L236F,0.571"
X-5643,PTGS2,5743.0,MutNovel,"P571S,0.895"
X-5643,PTK2,5747.0,MutNovel,"R149C,0.462"
X-5643,PTK2B,2185.0,MutNovel,"F435L,0.400"
X-5643,PTPLAD2,401494.0,MutNovel,"N17K,1.000"
X-5643,PTPN11,5781.0,MutNovel,"Y66C,0.351"
X-5643,PTPN11,5781.0,MutNovel,"R278K,0.716"
X-5643,PTPN4,5775.0,MutNovel,"E281K,0.324"
X-5643,PTPRB,5787.0,MutNovel,"L2139F,0.319"
X-5643,PTPRB,5787.0,MutNovel,"S1647L,0.500"
X-5643,PTPRF,5792.0,MutNovel,"A493V,0.530"
X-5643,PWP2,5822.0,MutNovel,"L821F,0.476"
X-5643,PYGL,5836.0,MutNovel,"G152R,0.267"
X-5643,PYROXD2,84795.0,MutNovel,"E308A,0.680"
X-5643,QARS,5859.0,MutNovel,"A507V,1.000"
X-5643,QKI,9444.0,MutNovel,"P304L,0.707"
X-5643,QPCT,25797.0,MutNovel,"Q67H,0.500"
X-5643,QRICH1,54870.0,MutNovel,"P132L,1.000"
X-5643,QSOX1,5768.0,MutNovel,"S718F,0.667"
X-5643,R3HCC1L,,MutNovel,"F486Y,0.209"
X-5643,RAB21,23011.0,MutNovel,"G225R,0.637"
X-5643,RAB3IP,117177.0,MutNovel,"P271S,0.432"
X-5643,RABGAP1L,9910.0,MutNovel,"G284E,0.600"
X-5643,RAD54B,25788.0,MutNovel,"P502L,0.511"
X-5643,RAD54B,25788.0,MutNovel,"P106F,0.356"
X-5643,RAD9A,5883.0,MutNovel,"A247T,0.500"
X-5643,RAD9A,5883.0,MutNovel,"K360R,0.429"
X-5643,RADIL,55698.0,MutNovel,"P870S,0.750"
X-5643,RALGAPB,57148.0,MutNovel,"R337C,0.357"
X-5643,RASSF4,83937.0,MutNovel,"P156L,0.622"
X-5643,RBM11,54033.0,MutNovel,"S133F,0.423"
X-5643,RBM34,23029.0,MutNovel,"M6T,0.645"
X-5643,RBM6,10180.0,MutNovel,"P893S,1.000"
X-5643,RBMY1A3P,286557.0,Del0.8,0.41
X-5643,RBMY1B,378948.0,Del0.8,0.4
X-5643,RBMY1B,378948.0,Del0.8,0.4
X-5643,RBMY1E,378950.0,Del0.8,0.4
X-5643,RBMY1E,378950.0,Del0.8,0.4
X-5643,RBMY1F,159163.0,Del0.8,0.31
X-5643,RBMY1F,159163.0,Del0.8,0.4
X-5643,RBMY1J,378951.0,Del0.8,0.24
X-5643,RBMY1J,378951.0,Del0.8,0.4
X-5643,RBMY2EP,159125.0,Del0.8,0.4
X-5643,RBMY2FP,159162.0,Del0.8,0.4
X-5643,RBMY3AP,64593.0,Del0.8,0.41
X-5643,RC3H2,54542.0,MutNovel,"H241Y,1.000"
X-5643,RDH5,5959.0,MutKnownFunctional,"AK93A*,0.667"
X-5643,RECK,8434.0,MutNovel,"P679S,1.000"
X-5643,RECK,8434.0,MutNovel,"S927F,1.000"
X-5643,RELA,5970.0,MutKnownFunctional,"R329*,0.522"
X-5643,REP15,387849.0,MutNovel,"G194E,0.481"
X-5643,REST,5978.0,MutNovel,"I747M,0.294"
X-5643,RETSAT,54884.0,MutNovel,"P292L,0.800"
X-5643,RETSAT,54884.0,Amp5,5.82
X-5643,RGPD3,653489.0,MutNovel,"Y1008C,1.000"
X-5643,RGPD3,653489.0,MutNovel,"L991P,1.000"
X-5643,RHBDF1,64285.0,MutNovel,"R385C,0.471"
X-5643,RHBDL1,9028.0,MutNovel,"P274V,0.231"
X-5643,RHOBTB2,23221.0,MutNovel,"P338S,0.267"
X-5643,RHOBTB3,22836.0,MutNovel,"P290L,0.719"
X-5643,RNF144A,9781.0,MutNovel,"E168K,0.500"
X-5643,RNF169,254225.0,MutNovel,"R256Q,0.710"
X-5643,RNF181,51255.0,Amp5,5.82
X-5643,RNF217,154214.0,MutNovel,"P70S,0.247"
X-5643,RNF31,55072.0,MutNovel,"E956K,0.621"
X-5643,RNF38,152006.0,MutNovel,"P386S,1.000"
X-5643,ROBO4,54538.0,MutNovel,"S657F,0.972"
X-5643,RPA2,6118.0,MutNovel,"E190K,0.518"
X-5643,RPS12,6206.0,MutNovel,"G9V,0.205"
X-5643,RPS17L,,MutNovel,"P65Q,0.800"
X-5643,RPS4Y1,6192.0,Del0.8,0.46
X-5643,RPS4Y2,140032.0,Del0.8,0.4
X-5643,RQCD1,9125.0,MutNovel,"R136W,0.479"
X-5643,RRAGC,64121.0,MutNovel,"MD121IN,0.517"
X-5643,RRP9,9136.0,MutNovel,"R91C,1.000"
X-5643,RSPRY1,89970.0,MutNovel,"L302S,0.305"
X-5643,RTN1,6252.0,MutNovel,"P570S,0.600"
X-5643,SAMD9,54809.0,MutNovel,"P165S,1.000"
X-5643,SAMD9L,219285.0,MutNovel,"V1046M,1.000"
X-5643,SAMD9L,219285.0,MutNovel,"H819Y,1.000"
X-5643,SAMD9L,219285.0,MutNovel,"E110K,1.000"
X-5643,SAMSN1,64092.0,MutNovel,"G132V,1.000"
X-5643,SARS2,54938.0,MutKnownFunctional,"R346*,0.271"
X-5643,SBNO2,22904.0,MutNovel,"P671L,0.328"
X-5643,SCAF1,58506.0,MutNovel,"S623L,0.333"
X-5643,SCAF8,22828.0,MutNovel,"P637S,0.348"
X-5643,SCLT1,132320.0,MutNovel,"L404V,1.000"
X-5643,SCLY,51540.0,MutNovel,"A14T,0.462"
X-5643,SCNN1B,6338.0,MutNovel,"E155K,1.000"
X-5643,SCUBE3,222663.0,MutNovel,"L310F,0.438"
X-5643,SCUBE3,222663.0,MutNovel,"D359N,0.690"
X-5643,SDC4,6385.0,MutNovel,"P103S,0.336"
X-5643,SERHL2,253190.0,MutNovel,"N145K,1.000"
X-5643,SERINC2,347735.0,MutNovel,"E82K,0.487"
X-5643,SERINC2,347735.0,MutNovel,"-373Q,1.000"
X-5643,SERPINB1,1992.0,MutNovel,"E103G,0.460"
X-5643,SESTD1,91404.0,MutNovel,"S640L,0.600"
X-5643,SETD5,55209.0,MutNovel,"S1106F,0.384"
X-5643,SETDB2,83852.0,MutNovel,"P194S,1.000"
X-5643,SF3B2,10992.0,MutNovel,"P244A,0.492"
X-5643,SFI1,9814.0,MutNovel,"P109S,0.333"
X-5643,SFTPB,6439.0,Amp5,5.82
X-5643,SGMS1,259230.0,MutKnownFunctional,"Q353*,0.287"
X-5643,SH2D6,284948.0,Amp5,5.82
X-5643,SH3BP4,23677.0,MutNovel,"E422K,0.541"
X-5643,SH3TC1,54436.0,MutNovel,"A6V,1.000"
X-5643,SHQ1,55164.0,MutNovel,"G571S,1.000"
X-5643,SIPA1L2,57568.0,MutNovel,"P1053L,0.579"
X-5643,SIRT1,23411.0,MutNovel,"D704A,0.649"
X-5643,SLC16A5,9121.0,MutNovel,"F172Y,0.636"
X-5643,SLC25A40,55972.0,MutNovel,"P51S,1.000"
X-5643,SLC26A6,65010.0,MutNovel,"G197E,1.000"
X-5643,SLC36A1,206358.0,MutNovel,"P69S,0.308"
X-5643,SLC39A13,91252.0,MutNovel,"G247R,0.463"
X-5643,SLC41A2,84102.0,MutNovel,"G443E,0.821"
X-5643,SLC4A3,6508.0,MutNovel,"P1010L,0.707"
X-5643,SLC5A2,6524.0,MutNovel,"G616E,1.000"
X-5643,SLC6A1,6529.0,MutNovel,"T15I,1.000"
X-5643,SLC8A1,6546.0,MutNovel,"R928W,0.750"
X-5643,SLC9A1,6548.0,MutNovel,"P154S,0.500"
X-5643,SLC9A8,23315.0,MutNovel,"H229Y,0.500"
X-5643,SLX1A,548593.0,MutNovel,"H110N,0.667"
X-5643,SMAD1,4086.0,MutNovel,"H335Y,1.000"
X-5643,SMC3,9126.0,MutNovel,"E95K,0.692"
X-5643,SMOX,54498.0,MutNovel,"R346W,0.336"
X-5643,SMTN,6525.0,MutNovel,"E325K,0.325"
X-5643,SNRNP35,11066.0,MutNovel,"S96L,0.675"
X-5643,SNRPB,6628.0,MutNovel,"P232S,0.288"
X-5643,SNX17,9784.0,MutNovel,"P60S,0.518"
X-5643,SOAT1,6646.0,MutNovel,"R253W,0.287"
X-5643,SOGA2,,MutNovel,"R485Q,0.364"
X-5643,SORBS1,10580.0,MutNovel,"R74W,0.765"
X-5643,SOX2,6657.0,MutNovel,"S250F,0.440"
X-5643,SOX5,6660.0,MutNovel,"M522I,0.571"
X-5643,SP110,3431.0,MutNovel,"L546P,0.667"
X-5643,SPA17,53340.0,MutNovel,"KE95NK,1.000"
X-5643,SPA17,53340.0,MutNovel,"S100L,1.000"
X-5643,SPAG9,9043.0,MutNovel,"S858C,0.271"
X-5643,SPATA13,221178.0,MutNovel,"S113F,1.000"
X-5643,SPECC1L,23384.0,MutNovel,"E997Q,0.431"
X-5643,SPEN,23013.0,MutNovel,"L3473P,0.333"
X-5643,SPIRE1,56907.0,MutNovel,"D255N,0.615"
X-5643,SPRED1,161742.0,MutKnownFunctional,"Q50*,0.270"
X-5643,SPRED2,200734.0,MutNovel,"G114E,0.389"
X-5643,SPTBN1,6711.0,MutNovel,"E879K,0.385"
X-5643,SPTLC1,10558.0,MutNovel,"S41C,0.481"
X-5643,SQLE,6713.0,MutNovel,"H173Y,0.522"
X-5643,SRBD1,55133.0,MutNovel,"R526C,0.474"
X-5643,SRCAP,10847.0,MutNovel,"S1033L,1.000"
X-5643,SRF,6722.0,MutNovel,"S462L,0.744"
X-5643,SRRM2,23524.0,MutNovel,"R1912W,0.775"
X-5643,SRSF10,10772.0,MutNovel,"R170Q,0.582"
X-5643,SRSF4,6429.0,MutNovel,"P73L,0.574"
X-5643,SRY,6736.0,Del0.8,0.46
X-5643,SSBP4,170463.0,MutNovel,"P167L,0.342"
X-5643,SSFA2,6744.0,MutNovel,"T280A,0.583"
X-5643,SSFA2,6744.0,MutNovel,"H523R,0.540"
X-5643,SSU72,29101.0,MutNovel,"D50N,0.512"
X-5643,ST3GAL3,6487.0,MutNovel,"F168C,0.530"
X-5643,STAG2,10735.0,MutNovel,"P442L,1.000"
X-5643,STARD13,90627.0,MutNovel,"S314L,1.000"
X-5643,STARD7,56910.0,MutNovel,"V297M,0.558"
X-5643,STAT5A,6776.0,MutNovel,"P685T,0.250"
X-5643,STEAP1,26872.0,MutNovel,"H102R,0.500"
X-5643,STEAP1,26872.0,MutNovel,"S179T,0.333"
X-5643,STEAP1,26872.0,MutNovel,"P183A,0.300"
X-5643,STEAP1,26872.0,MutNovel,"K204E,0.250"
X-5643,STIM2,57620.0,MutNovel,"R308K,0.500"
X-5643,STIM2,57620.0,MutNovel,"S413T,0.519"
X-5643,STK10,6793.0,MutNovel,"S222F,0.710"
X-5643,STK11IP,114790.0,MutNovel,"M12I,0.625"
X-5643,STK17B,9262.0,MutNovel,"P211F,0.800"
X-5643,STK36,27148.0,MutNovel,"R1236Q,0.405"
X-5643,STRN4,29888.0,MutNovel,"W76R,0.636"
X-5643,STS,412.0,Del0.8,0.38
X-5643,SUCLG1,8802.0,Amp5,5.82
X-5643,SUN1,23353.0,MutNovel,"S213F,0.365"
X-5643,SUPT6H,6830.0,MutNovel,"P196L,0.273"
X-5643,SYMPK,8189.0,MutNovel,"E1155G,0.587"
X-5643,SYNC,81493.0,MutNovel,"E98K,0.630"
X-5643,TAF7,6879.0,MutNovel,"P116S,0.568"
X-5643,TATDN2,9797.0,MutNovel,"S362F,0.678"
X-5643,TBC1D1,23216.0,MutNovel,"S706A,0.868"
X-5643,TBC1D7,51256.0,MutNovel,"E142K,0.635"
X-5643,TBC1D8,11138.0,MutNovel,"T547I,0.552"
X-5643,TBC1D9B,23061.0,MutNovel,"A276V,0.617"
X-5643,TBC1D9B,23061.0,MutNovel,"R171W,0.714"
X-5643,TBL1Y,90665.0,Del0.8,0.46
X-5643,TBL3,10607.0,MutNovel,"G515N,0.623"
X-5643,TBL3,10607.0,MutNovel,"A603T,0.321"
X-5643,TBP,6908.0,MutNovel,"-64Q,1.000"
X-5643,TBX2,6909.0,MutNovel,"R400H,0.426"
X-5643,TBX6,6911.0,MutNovel,"P364L,1.000"
X-5643,TCF7L1,83439.0,Amp5,5.82
X-5643,TCP10L,140290.0,MutNovel,"P207L,0.300"
X-5643,TDRKH,11022.0,MutNovel,"P496F,0.500"
X-5643,TENC1,23371.0,MutNovel,"E857K,0.400"
X-5643,TENC1,23371.0,MutKnownFunctional,"Q1181*,0.636"
X-5643,TET3,200424.0,MutNovel,"A1036V,1.000"
X-5643,TGFBR2,7048.0,MutNovel,"L425F,0.444"
X-5643,TGIF2LY,90655.0,Del0.8,0.46
X-5643,TGOLN2,10618.0,Amp5,5.82
X-5643,TGS1,96764.0,MutNovel,"P806S,0.487"
X-5643,THEMIS2,,MutNovel,"T114I,0.500"
X-5643,THSD1,55901.0,MutNovel,"P159S,1.000"
X-5643,THSD4,79875.0,MutNovel,"E569K,1.000"
X-5643,TIMELESS,8914.0,MutKnownFunctional,"Q644*,0.316"
X-5643,TLN2,83660.0,MutNovel,"S208L,1.000"
X-5643,TLR7,51284.0,MutNovel,"F873V,1.000"
X-5643,TMBIM4,51643.0,MutKnownFunctional,"-174?,0.912"
X-5643,TMEM106B,54664.0,MutNovel,"P49L,0.636"
X-5643,TMEM131,23505.0,MutKnownFunctional,"-640?,0.333"
X-5643,TMEM139,135932.0,MutNovel,"R143G,1.000"
X-5643,TMEM150A,129303.0,Amp5,5.82
X-5643,TMEM177,80775.0,MutNovel,"D71G,0.518"
X-5643,TMEM198,130612.0,MutNovel,"R216Q,0.513"
X-5643,TMEM99,147184.0,MutNovel,"S50F,0.754"
X-5643,TMSB10,9168.0,Amp5,5.82
X-5643,TMSB4Y,9087.0,Del0.8,0.41
X-5643,TNFRSF1A,7132.0,MutNovel,"P333L,0.572"
X-5643,TNIK,23043.0,MutNovel,"E315D,0.562"
X-5643,TNK2,10188.0,MutKnownFunctional,"Q429*,0.450"
X-5643,TNK2,10188.0,MutNovel,"E392D,0.571"
X-5643,TNKS,8658.0,MutNovel,"H1184Y,0.507"
X-5643,TNPO2,30000.0,MutNovel,"P406L,0.977"
X-5643,TNRC6A,27327.0,MutNovel,"R1613C,0.450"
X-5643,TNRC6B,23112.0,MutNovel,"P1235S,0.333"
X-5643,TOP2B,7155.0,MutNovel,"P862S,0.376"
X-5643,TOX2,84969.0,MutNovel,"E209K,0.517"
X-5643,TOX2,84969.0,MutNovel,"E300K,0.643"
X-5643,TP53,7157.0,MutNovel,"NR247TW,0.719"
X-5643,TP53BP2,7159.0,MutNovel,"P1076S,0.343"
X-5643,TRAP1,10131.0,MutNovel,"E312D,0.589"
X-5643,TRIM11,81559.0,MutNovel,"P26L,0.379"
X-5643,TRIM33,51592.0,MutNovel,"P922L,0.281"
X-5643,TRIM48,79097.0,MutNovel,"E28K,0.475"
X-5643,TRIM6,117854.0,MutNovel,"P335L,0.724"
X-5643,TRIM64B,642446.0,MutKnownFunctional,"Q159*,1.000"
X-5643,TRIP11,9321.0,MutNovel,"E1871K,0.565"
X-5643,TRMT1L,81627.0,MutNovel,"P49L,0.800"
X-5643,TSC2,7249.0,MutNovel,"S1007F,0.405"
X-5643,TSC2,7249.0,MutNovel,"P1158L,0.327"
X-5643,TSKU,25987.0,MutNovel,"S76L,0.500"
X-5643,TSPY1,7258.0,Del0.8,0.41
X-5643,TSPY2,64591.0,Del0.8,0.46
X-5643,TSPY3,728137.0,Del0.8,0.41
X-5643,TSPY4,728395.0,Del0.8,0.41
X-5643,TSPY8,728403.0,Del0.8,0.41
X-5643,TSPYL1,7259.0,MutNovel,"V176VW,0.245"
X-5643,TSR1,55720.0,MutNovel,"L268W,0.725"
X-5643,TTC13,79573.0,MutNovel,"S843L,0.500"
X-5643,TTC14,151613.0,MutNovel,"D529N,0.544"
X-5643,TTC21A,199223.0,MutNovel,"H571Y,0.857"
X-5643,TTC23,64927.0,MutNovel,"S282L,1.000"
X-5643,TTLL11,158135.0,MutNovel,"L737F,1.000"
X-5643,TTLL4,9654.0,MutNovel,"S477F,0.540"
X-5643,TTLL9,164395.0,MutNovel,"G35E,1.000"
X-5643,TTTY10,246119.0,Del0.8,0.4
X-5643,TTTY11,83866.0,Del0.8,0.41
X-5643,TTTY12,83867.0,Del0.8,0.41
X-5643,TTTY13,83868.0,Del0.8,0.4
X-5643,TTTY14,83869.0,Del0.8,0.4
X-5643,TTTY15,64595.0,Del0.8,0.41
X-5643,TTTY16,252948.0,Del0.8,0.41
X-5643,TTTY17A,252949.0,Del0.8,0.24
X-5643,TTTY17A,252949.0,Del0.8,0.24
X-5643,TTTY18,252950.0,Del0.8,0.41
X-5643,TTTY19,252952.0,Del0.8,0.41
X-5643,TTTY1B,100101116.0,Del0.8,0.46
X-5643,TTTY1B,100101116.0,Del0.8,0.41
X-5643,TTTY2,60439.0,Del0.8,0.41
X-5643,TTTY2,60439.0,Del0.8,0.46
X-5643,TTTY20,252951.0,Del0.8,0.41
X-5643,TTTY21,252953.0,Del0.8,0.41
X-5643,TTTY21,252953.0,Del0.8,0.46
X-5643,TTTY22,252954.0,Del0.8,0.41
X-5643,TTTY23,252955.0,Del0.8,0.41
X-5643,TTTY23,252955.0,Del0.8,0.46
X-5643,TTTY3,114760.0,Del0.8,0.24
X-5643,TTTY3,114760.0,Del0.8,0.24
X-5643,TTTY4,114761.0,Del0.8,0.24
X-5643,TTTY4,114761.0,Del0.8,0.24
X-5643,TTTY5,83863.0,Del0.8,0.4
X-5643,TTTY6,84672.0,Del0.8,0.4
X-5643,TTTY6,84672.0,Del0.8,0.24
X-5643,TTTY7,246122.0,Del0.8,0.41
X-5643,TTTY7,246122.0,Del0.8,0.46
X-5643,TTTY7B,100101120.0,Del0.8,0.41
X-5643,TTTY7B,100101120.0,Del0.8,0.46
X-5643,TTTY8,84673.0,Del0.8,0.46
X-5643,TTTY8,84673.0,Del0.8,0.41
X-5643,TTTY9A,83864.0,Del0.8,0.24
X-5643,TTTY9A,83864.0,Del0.8,0.24
X-5643,TUBB2A,7280.0,MutNovel,"S420F,0.246"
X-5643,TUBB2B,347733.0,MutNovel,"S420F,0.213"
X-5643,TUBGCP6,85378.0,MutNovel,"A1305V,0.500"
X-5643,TUBGCP6,85378.0,MutNovel,"G1081R,0.531"
X-5643,TULP4,56995.0,MutNovel,"A1087V,0.500"
X-5643,TWF1,5756.0,MutNovel,"S93F,0.597"
X-5643,TXLNG2P,246126.0,Del0.8,0.4
X-5643,UBA52,7311.0,MutNovel,"L82F,0.392"
X-5643,UBE3D,,MutNovel,"P350L,0.711"
X-5643,UBR4,23352.0,MutNovel,"S3131F,0.581"
X-5643,UBTD2,92181.0,MutNovel,"W58R,0.625"
X-5643,UPF2,26019.0,MutNovel,"R918K,0.964"
X-5643,UPK3BL,,MutNovel,"R192W,0.222"
X-5643,URB1,9875.0,MutNovel,"R1595C,0.697"
X-5643,USP24,23358.0,MutNovel,"S2077L,0.524"
X-5643,USP25,29761.0,MutKnownFunctional,"R592*,0.260"
X-5643,USP27X,389856.0,MutNovel,"H166Y,1.000"
X-5643,USP34,9736.0,MutNovel,"H1003Y,0.529"
X-5643,USP36,57602.0,MutNovel,"KKK958K,1.000"
X-5643,USP39,10713.0,Amp5,5.82
X-5643,USP43,124739.0,MutNovel,"M972V,0.606"
X-5643,USP48,84196.0,MutNovel,"P680S,0.442"
X-5643,USP54,159195.0,MutNovel,"V467A,1.000"
X-5643,USP9Y,8287.0,Del0.8,0.41
X-5643,UTP14C,9724.0,MutNovel,"S741F,1.000"
X-5643,UTY,7404.0,Del0.8,0.41
X-5643,VAMP5,10791.0,Amp5,5.82
X-5643,VAMP8,8673.0,Amp5,5.82
X-5643,VCAM1,7412.0,MutNovel,"S420F,0.650"
X-5643,VCY,9084.0,Del0.8,0.41
X-5643,VCY,9084.0,Del0.8,0.41
X-5643,VILL,50853.0,MutNovel,"L603F,0.308"
X-5643,VILL,50853.0,MutNovel,"M841I,0.492"
X-5643,VIM,7431.0,MutNovel,"S339F,1.000"
X-5643,VPS13B,157680.0,MutNovel,"G4020E,0.414"
X-5643,VPS16,64601.0,MutNovel,"P414S,0.272"
X-5643,VPS4B,9525.0,MutNovel,"H304Y,0.660"
X-5643,VPS8,23355.0,MutKnownFunctional,"R871*,0.310"
X-5643,WBSCR17,64409.0,MutNovel,"V33L,0.375"
X-5643,WDR27,253769.0,MutNovel,"S289F,0.784"
X-5643,WDR33,55339.0,MutNovel,"G651K,0.409"
X-5643,WDR63,126820.0,MutNovel,"P334S,0.667"
X-5643,WFS1,7466.0,MutNovel,"S626F,0.491"
X-5643,WIPF1,7456.0,MutNovel,"S142P,0.504"
X-5643,WISP1,8840.0,MutNovel,"R198C,0.261"
X-5643,WISP1,8840.0,MutNovel,"P312S,0.492"
X-5643,WNK4,65266.0,MutNovel,"E1093K,0.345"
X-5643,WSB2,55884.0,MutNovel,"P101Q,0.378"
X-5643,WWOX,51741.0,MutNovel,"E306K,1.000"
X-5643,XKRY2,353515.0,Del0.8,0.24
X-5643,XKRY2,353515.0,Del0.8,0.24
X-5643,XRCC5,7520.0,MutNovel,"P518S,0.544"
X-5643,XRN1,54464.0,MutNovel,"E740K,0.208"
X-5643,XRRA1,143570.0,MutNovel,"R518Q,0.333"
X-5643,YY1,7528.0,MutNovel,"EVETIP27E,0.255"
X-5643,ZBTB11,27107.0,MutNovel,"F775S,0.494"
X-5643,ZC3H3,23144.0,MutNovel,"R636W,0.500"
X-5643,ZC3H4,23211.0,MutNovel,"P1010S,0.375"
X-5643,ZCCHC14,23174.0,MutKnownFunctional,"R518*,1.000"
X-5643,ZDHHC24,254359.0,MutNovel,"P180S,0.493"
X-5643,ZER1,10444.0,MutNovel,"F565S,0.536"
X-5643,ZFP37,7539.0,MutNovel,"F554C,1.000"
X-5643,ZFP37,7539.0,MutNovel,"P169S,1.000"
X-5643,ZFP62,643836.0,MutNovel,"S490F,0.385"
X-5643,ZFY,7544.0,Del0.8,0.46
X-5643,ZFYVE19,84936.0,MutNovel,"S56F,1.000"
X-5643,ZHX2,22882.0,MutNovel,"F577G,1.000"
X-5643,ZMYM4,9202.0,MutKnownFunctional,"L614*,0.269"
X-5643,ZNF184,7738.0,MutNovel,"T650S,0.247"
X-5643,ZNF25,219749.0,MutNovel,"S268F,1.000"
X-5643,ZNF267,10308.0,MutNovel,"P603L,1.000"
X-5643,ZNF292,23036.0,MutNovel,"S1510F,0.667"
X-5643,ZNF318,24149.0,MutNovel,"R830S,0.526"
X-5643,ZNF318,24149.0,MutNovel,"P711L,0.364"
X-5643,ZNF384,171017.0,MutNovel,"QQ514Q,1.000"
X-5643,ZNF398,57541.0,MutNovel,"R500C,1.000"
X-5643,ZNF410,57862.0,MutNovel,"G437E,0.316"
X-5643,ZNF445,353274.0,MutNovel,"S498F,0.333"
X-5643,ZNF469,84627.0,MutNovel,"P858S,1.000"
X-5643,ZNF48,197407.0,MutNovel,"P7S,0.600"
X-5643,ZNF503,84858.0,MutNovel,"V469L,0.413"
X-5643,ZNF536,9745.0,MutNovel,"E697K,0.300"
X-5643,ZNF555,148254.0,MutNovel,"S213F,0.400"
X-5643,ZNF570,148268.0,MutNovel,"G466E,0.739"
X-5643,ZNF619,285267.0,MutNovel,"A238V,0.357"
X-5643,ZNF639,51193.0,MutNovel,"D58N,0.490"
X-5643,ZNF658,26149.0,MutNovel,"EH385DY,1.000"
X-5643,ZNF696,79943.0,MutNovel,"H199P,1.000"
X-5643,ZNF70,7621.0,MutNovel,"H441Y,0.800"
X-5643,ZNF707,286075.0,MutNovel,"P134S,0.400"
X-5643,ZNF711,7552.0,MutNovel,"A370V,0.846"
X-5643,ZNF711,7552.0,MutNovel,"P517L,0.962"
X-5643,ZNF711,7552.0,MutNovel,"M524I,1.000"
X-5643,ZNF711,7552.0,MutNovel,"P593L,1.000"
X-5643,ZNF711,7552.0,MutNovel,"H651P,1.000"
X-5643,ZNF721,170960.0,MutNovel,"G665R,0.441"
X-5643,ZNF770,54989.0,MutNovel,"E527K,0.288"
X-5643,ZNF773,374928.0,MutNovel,"L50I,0.462"
X-5643,ZNF776,284309.0,MutNovel,"G463R,0.286"
X-5643,ZNF780A,284323.0,MutNovel,"H496Y,0.278"
X-5643,ZNF800,168850.0,MutNovel,"E19K,1.000"
X-5643,ZNF804A,91752.0,MutNovel,"E824K,1.000"
X-5643,ZNF808,388558.0,MutNovel,"L834F,0.625"
X-5643,ZNF839,55778.0,MutNovel,"S243L,0.600"
X-5643,ZRANB3,84083.0,MutNovel,"P589L,0.636"
X-5643,ZSWIM3,140831.0,MutNovel,"T633I,0.389"
X-5645,ABCF2,10061.0,MutNovel,"L352P,0.220"
X-5645,ABL1,25.0,MutNovel,"R351W,1.000"
X-5645,ACSS2,55902.0,MutNovel,"R153Q,0.407"
X-5645,ACTR3C,653857.0,MutNovel,"Q121W,1.000"
X-5645,ADAM3A,1587.0,Del0.8,0.27
X-5645,ADAM5P,255926.0,Del0.8,0.45
X-5645,ADARB1,104.0,MutNovel,"I239V,0.772"
X-5645,ADRM1,11047.0,MutNovel,"-393DTK,0.603"
X-5645,ADSL,158.0,MutNovel,"P100L,0.636"
X-5645,AGAP7,653268.0,MutNovel,"R528Q,0.750"
X-5645,AHNAK,79026.0,MutNovel,"L1998P,0.486"
X-5645,ANKRD36C,,MutNovel,"E841G,0.600"
X-5645,ANO6,196527.0,MutNovel,"L256Y,0.483"
X-5645,ARHGEF1,9138.0,MutNovel,"IS526I,0.492"
X-5645,ARHGEF10L,55160.0,MutNovel,"G954E,0.467"
X-5645,ARHGEF5,7984.0,MutNovel,"Q228H,1.000"
X-5645,ARID4B,51742.0,MutNovel,"EE548E,0.548"
X-5645,ARSI,340075.0,MutNovel,"G306S,0.800"
X-5645,ASAH2,56624.0,Del0.8,0.74
X-5645,ASB1,51665.0,MutNovel,"D158H,0.555"
X-5645,ASCC2,84164.0,MutNovel,"L247F,0.448"
X-5645,ASH1L,55870.0,MutNovel,"S1109F,0.667"
X-5645,ASMTL,8623.0,MutNovel,"A575E,0.460"
X-5645,ATG14,22863.0,MutNovel,"G8E,0.360"
X-5645,ATG4B,23192.0,MutNovel,"L277M,0.512"
X-5645,BAG1,573.0,MutNovel,"A280V,0.996"
X-5645,BCAP29,55973.0,MutNovel,"P28S,0.256"
X-5645,BEX2,84707.0,MutNovel,"D100H,1.000"
X-5645,BRAF,673.0,MutKnownFunctional,"V600K,0.800"
X-5645,C14orf102,55051.0,MutNovel,"A262V,0.451"
X-5645,C19orf55,148137.0,MutNovel,"R110C,0.478"
X-5645,C19orf71,100128569.0,MutKnownFunctional,"Y77*,0.509"
X-5645,C21orf58,54058.0,MutNovel,"H299PN,1.000"
X-5645,C9orf53,51198.0,Del0.8,0.25
X-5645,CACTIN,,MutNovel,"-539AR,0.280"
X-5645,CARM1,10498.0,MutNovel,"P287S,0.597"
X-5645,CBWD6,644019.0,MutNovel,"C338Y,1.000"
X-5645,CCDC65,85478.0,MutNovel,"M262I,0.455"
X-5645,CCDC66,285331.0,MutNovel,"S606SP,0.471"
X-5645,CCNT1,904.0,MutNovel,"P686L,0.341"
X-5645,CCNT2,905.0,MutNovel,"L436S,0.527"
X-5645,CD74,972.0,MutNovel,"R167K,0.280"
X-5645,CDKN2A,1029.0,Del0.8,0.25
X-5645,CDKN2B,1030.0,Del0.8,0.38
X-5645,CEP170,9859.0,MutNovel,"R1366Q,0.221"
X-5645,CFB,629.0,MutNovel,"R379C,0.600"
X-5645,CGB,1082.0,MutNovel,"R30H,1.000"
X-5645,CGB,1082.0,MutNovel,"K22R,1.000"
X-5645,CGB,1082.0,MutNovel,"T18A,1.000"
X-5645,CHST6,4166.0,MutKnownFunctional,"W385*,0.406"
X-5645,CHST6,4166.0,MutNovel,"S81L,0.473"
X-5645,COL19A1,1310.0,MutNovel,"G920R,1.000"
X-5645,COL5A3,50509.0,MutNovel,"G395E,0.900"
X-5645,CSAG3,389903.0,MutNovel,"A63T,0.235"
X-5645,CTSA,5476.0,MutNovel,"L29-,0.491"
X-5645,CTU1,90353.0,MutNovel,"V53A,0.478"
X-5645,DHX16,8449.0,MutKnownFunctional,"E995*,0.383"
X-5645,DICER1,23405.0,MutKnownFunctional,"-1486?,0.516"
X-5645,DIP2B,57609.0,MutNovel,"L1351F,0.509"
X-5645,DMPK,1760.0,MutNovel,"R26G,0.424"
X-5645,DMRTA1,63951.0,Del0.8,0.23
X-5645,DNAH14,127602.0,MutNovel,"R1723G,0.429"
X-5645,DNAJC5,80331.0,MutNovel,"C118S,0.328"
X-5645,DPAGT1,1798.0,MutNovel,"L98Q,0.449"
X-5645,DTNB,1838.0,MutNovel,"R384C,0.438"
X-5645,DYNC2H1,79659.0,MutNovel,"P1535S,0.438"
X-5645,EEPD1,80820.0,MutNovel,"A549S,0.536"
X-5645,EIF4G1,1981.0,MutNovel,"G108E,0.551"
X-5645,ELAVL2,1993.0,Del0.8,0.28
X-5645,ELMO2,63916.0,MutNovel,"L289F,0.649"
X-5645,ENO3,2027.0,MutNovel,"P141S,0.422"
X-5645,ENTHD1,150350.0,MutNovel,"G117C,1.000"
X-5645,EPHA3,2042.0,MutNovel,"P869L,0.628"
X-5645,EXD2,55218.0,MutNovel,"S574F,0.387"
X-5645,EXOC3L1,283849.0,MutNovel,"G668D,0.600"
X-5645,FAM171B,165215.0,MutNovel,"-50Q,0.947"
X-5645,FAM208A,23272.0,MutNovel,"L1116V,0.486"
X-5645,FAM21A,387680.0,Del0.8,0.52
X-5645,FAM54A,113115.0,MutNovel,"H109Y,0.469"
X-5645,FAM83D,81610.0,MutNovel,"L481F,0.256"
X-5645,FASN,2194.0,MutNovel,"G588S,0.570"
X-5645,FASTK,10922.0,MutNovel,"E415K,0.246"
X-5645,FCF1,51077.0,MutNovel,"L19F,0.429"
X-5645,FCGRT,2217.0,MutNovel,"T149I,0.564"
X-5645,FLJ35282,441389.0,Del0.8,0.26
X-5645,FTSJD1,55783.0,MutNovel,"P176S,0.524"
X-5645,GGA1,26088.0,MutNovel,"V564I,0.668"
X-5645,GIGYF2,26058.0,MutNovel,"PQ1231P,0.500"
X-5645,GLIPR1L2,144321.0,MutNovel,"D239DN,0.600"
X-5645,GLRX2,51022.0,MutKnownFunctional,"-159,0.560"
X-5645,GMPS,8833.0,MutNovel,"N298S,0.518"
X-5645,GOLGA3,2802.0,MutNovel,"Q373E,0.609"
X-5645,GPD2,2820.0,MutNovel,"S68F,0.341"
X-5645,GRIN2B,2904.0,MutNovel,"D1001N,0.333"
X-5645,GSK3A,2931.0,MutNovel,"M56T,0.472"
X-5645,GSTT1,2952.0,Del0.8,0.73
X-5645,HAX1,10456.0,MutNovel,"S153C,0.470"
X-5645,HAX1,10456.0,MutKnownFunctional,"-264?,0.488"
X-5645,HEATR5A,25938.0,MutNovel,"R266K,0.500"
X-5645,HECTD1,25831.0,MutNovel,"P2014L,0.493"
X-5645,HERC2,8924.0,MutNovel,"R2151C,0.217"
X-5645,HHATL,57467.0,MutNovel,"R488Q,0.944"
X-5645,HIVEP3,59269.0,MutNovel,"R1762C,0.429"
X-5645,HLA-DPB1,3115.0,MutNovel,"G113D,1.000"
X-5645,HLA-G,3135.0,MutNovel,"S33N,1.000"
X-5645,HLA-G,3135.0,MutNovel,"M49V,1.000"
X-5645,HLA-G,3135.0,MutNovel,"G231S,1.000"
X-5645,HLA-G,3135.0,MutNovel,"K334E,0.667"
X-5645,HTT,3064.0,MutNovel,"P2192L,0.459"
X-5645,IGHMBP2,3508.0,MutNovel,"D301N,0.500"
X-5645,IGSF3,3321.0,MutNovel,"D1040GN,0.974"
X-5645,INPP4A,3631.0,MutNovel,"H388Y,0.250"
X-5645,IST1,9798.0,MutNovel,"MP236-,0.743"
X-5645,ITGA4,3676.0,MutNovel,"E825K,0.987"
X-5645,ITGB3BP,23421.0,MutKnownFunctional,"-191,0.438"
X-5645,ITPKB,3707.0,MutNovel,"S92MG,0.394"
X-5645,KDM1A,23028.0,MutNovel,"G594D,0.364"
X-5645,KIF21B,23046.0,MutNovel,"G1178R,1.000"
X-5645,KIRREL,55243.0,MutNovel,"E685K,0.468"
X-5645,KPNA3,3839.0,MutNovel,"H468L,0.476"
X-5645,KTN1,3895.0,MutNovel,"V372F,0.478"
X-5645,L3MBTL4,91133.0,MutNovel,"P519L,1.000"
X-5645,LAMA4,3910.0,MutNovel,"P69L,0.667"
X-5645,LAMC1,3915.0,MutNovel,"S1509F,0.472"
X-5645,LAMTOR3,8649.0,MutKnownFunctional,"-68,0.443"
X-5645,LCE3B,353143.0,Del0.8,0.77
X-5645,LCE3C,353144.0,Del0.8,0.16
X-5645,LOC100505781,,MutNovel,"T98N,1.000"
X-5645,LOC100505781,,MutKnownFunctional,"R55*,1.000"
X-5645,LOC100505781,,MutNovel,"A52T,1.000"
X-5645,LOC100506127,,MutNovel,"K120E,0.632"
X-5645,LOC100996492,,MutNovel,"L110P,0.429"
X-5645,LOC100996612,,MutNovel,"Q51K,0.667"
X-5645,LOC100996689,,MutNovel,"S329R,1.000"
X-5645,LOC100996689,,MutNovel,"D237E,1.000"
X-5645,LOC100996689,,MutNovel,"R222T,1.000"
X-5645,LOC100996689,,MutNovel,"P185S,1.000"
X-5645,LOC100996689,,MutNovel,"R132C,0.600"
X-5645,LOC100996689,,MutKnownFunctional,"W116*,1.000"
X-5645,LOC285556,,MutNovel,"P392S,0.833"
X-5645,LOC391322,391322.0,Del0.8,0.73
X-5645,LOC391766,,MutNovel,"R82S,1.000"
X-5645,LOC440292,,MutNovel,"K190E,1.000"
X-5645,LOC730268,,MutNovel,"G299E,0.917"
X-5645,LRAT,9227.0,MutNovel,"P223S,1.000"
X-5645,LRCH1,23143.0,MutNovel,"P271L,0.541"
X-5645,LRRC37A,9884.0,MutNovel,"S1121R,1.000"
X-5645,LRRC42,115353.0,MutNovel,"S241L,0.452"
X-5645,LSR,51599.0,MutNovel,"G518GR,0.500"
X-5645,LTBP2,4053.0,MutNovel,"C1793R,1.000"
X-5645,MADD,8567.0,MutNovel,"S230L,0.456"
X-5645,MAGEA8,4107.0,MutNovel,"P151S,1.000"
X-5645,MAGEB6,158809.0,MutNovel,"S97T,1.000"
X-5645,MAGEB6,158809.0,MutNovel,"A100V,1.000"
X-5645,MAGI3,260425.0,MutKnownFunctional,"-1470,0.510"
X-5645,MAP3K13,9175.0,MutNovel,"R585Q,0.727"
X-5645,MEF2A,4205.0,MutNovel,"QQ412-,0.433"
X-5645,MFSD5,84975.0,MutNovel,"E2K,0.471"
X-5645,MGA,23269.0,MutNovel,"H1325Q,0.562"
X-5645,MIB2,142678.0,MutNovel,"G59D,0.731"
X-5645,MLL2,8085.0,MutNovel,"D4530N,0.609"
X-5645,MLL5,55904.0,MutNovel,"E99K,0.717"
X-5645,MLL5,55904.0,MutNovel,"P1762S,0.280"
X-5645,MTAP,4507.0,Del0.8,0.34
X-5645,MTMR3,8897.0,MutNovel,"P635S,0.605"
X-5645,MTX1,4580.0,MutNovel,"P400L,0.545"
X-5645,MVP,9961.0,MutNovel,"V480M,0.529"
X-5645,NADKD1,133686.0,MutNovel,"R5Q,0.333"
X-5645,NBPF10,100132406.0,MutNovel,"M3360L,0.667"
X-5645,NBPF12,,MutNovel,"SF3004RL,1.000"
X-5645,NBPF12,,MutNovel,"H3014Y,0.400"
X-5645,NBPF15,284565.0,MutNovel,"R110K,0.667"
X-5645,NBPF9,400818.0,MutNovel,"Q184R,0.667"
X-5645,NCAPD3,23310.0,MutNovel,"K1387E,1.000"
X-5645,NCOR2,9612.0,MutNovel,"G1839GAAA,1.000"
X-5645,NDE1,54820.0,MutNovel,"S291F,0.534"
X-5645,NFE2L3,9603.0,MutNovel,"I285T,0.437"
X-5645,NFS1,9054.0,MutNovel,"G286R,0.557"
X-5645,NLRC3,197358.0,MutNovel,"R931W,0.667"
X-5645,NPIPL3,23117.0,MutNovel,"R780H,0.529"
X-5645,NPIPL3,23117.0,MutNovel,"G587R,0.259"
X-5645,NPLOC4,55666.0,MutNovel,"P263L,0.527"
X-5645,NR1D1,9572.0,MutNovel,"D109GN,0.600"
X-5645,NXF1,10482.0,MutNovel,"L214V,0.480"
X-5645,OAF,220323.0,MutNovel,"R135W,0.490"
X-5645,OLFML2B,25903.0,MutNovel,"E129K,0.507"
X-5645,OPHN1,4983.0,MutNovel,"A350V,1.000"
X-5645,OR4C6,219432.0,Del0.8,0.29
X-5645,OR4F21,441308.0,Del0.8,0.5
X-5645,OR4P4,81300.0,Del0.8,0.29
X-5645,OR4S2,219431.0,Del0.8,0.29
X-5645,ORAI1,84876.0,MutNovel,"PP43-,1.000"
X-5645,OSBPL2,9885.0,MutKnownFunctional,"Q123*,0.282"
X-5645,OVOS2,,MutNovel,"Y566C,1.000"
X-5645,PABPC3,5042.0,MutNovel,"S446G,1.000"
X-5645,PABPC3,5042.0,MutNovel,"G451A,1.000"
X-5645,PAGE2,203569.0,MutNovel,"M68L,0.375"
X-5645,PAGE2B,389860.0,MutNovel,"I94T,0.300"
X-5645,PAGE2B,389860.0,MutNovel,"L100P,0.333"
X-5645,PARP3,10039.0,MutNovel,"P510S,0.486"
X-5645,PARP4,143.0,MutNovel,"P1442S,0.536"
X-5645,PC,5091.0,MutNovel,"G1113R,0.601"
X-5645,PCNXL2,80003.0,MutNovel,"G471E,0.556"
X-5645,PEX5,5830.0,MutNovel,"M422T,0.457"
X-5645,PHLDA1,22822.0,MutNovel,"QQ194Q,1.000"
X-5645,PIP5K1C,23396.0,MutNovel,"A661T,0.250"
X-5645,PITHD1,57095.0,MutNovel,"S65F,0.522"
X-5645,PITPNM2,57605.0,MutNovel,"H687Y,0.231"
X-5645,PJA2,9867.0,Del0.8,0.73
X-5645,PKD1,5310.0,MutNovel,"S1937F,0.286"
X-5645,PKD2,5311.0,MutNovel,"P446S,0.554"
X-5645,PKNOX1,5316.0,MutNovel,"S434F,0.633"
X-5645,PKNOX2,63876.0,MutNovel,"P20L,0.618"
X-5645,PLEKHA6,22874.0,MutNovel,"R345C,0.453"
X-5645,PLEKHM1,9842.0,MutNovel,"A666V,0.597"
X-5645,POLR2M,81488.0,MutNovel,"K59Q,0.540"
X-5645,POTEF,728378.0,MutNovel,"M771I,1.000"
X-5645,POTEJ,,MutNovel,"I738L,1.000"
X-5645,PPCS,79717.0,MutNovel,"Y250C,0.544"
X-5645,PPFIA3,8541.0,MutNovel,"V258A,0.567"
X-5645,PPFIBP1,8496.0,MutNovel,"R529C,0.376"
X-5645,PPP2R3C,55012.0,MutKnownFunctional,"-23?,1.000"
X-5645,PRKD3,23683.0,MutNovel,"R153H,0.556"
X-5645,PRSS12,8492.0,MutNovel,"G365E,0.429"
X-5645,PRSS36,146547.0,MutKnownFunctional,"E791*,0.567"
X-5645,PTEN,5728.0,MutNovel,"A120E,1.000"
X-5645,PTK2,5747.0,MutNovel,"P503S,0.672"
X-5645,PTK7,5754.0,MutNovel,"R589C,0.358"
X-5645,RAC1,5879.0,MutLikelyFunctional,"P29S,0.548"
X-5645,RALGAPA1,253959.0,MutNovel,"T1370I,0.396"
X-5645,RBBP5,5929.0,MutNovel,"S196N,0.435"
X-5645,RBM12B,389677.0,MutNovel,"D586N,0.333"
X-5645,RBM23,55147.0,MutNovel,"A390VP,0.944"
X-5645,RDH11,51109.0,MutNovel,"P14L,0.463"
X-5645,RFPL1,5988.0,MutNovel,"S224G,0.667"
X-5645,RIMKLB,57494.0,MutNovel,"I285V,0.528"
X-5645,RIN3,79890.0,MutNovel,"G967-,0.508"
X-5645,RPL23AP53,644128.0,Del0.8,0.74
X-5645,RRAGC,64121.0,MutNovel,"S21L,0.514"
X-5645,RRAS,6237.0,MutNovel,"I62F,0.498"
X-5645,RRAS2,22800.0,MutNovel,"R7Q,0.432"
X-5645,RSF1,51773.0,MutNovel,"V407A,0.463"
X-5645,RTN4IP1,84816.0,MutNovel,"P303S,0.559"
X-5645,SBF2,81846.0,MutNovel,"G1202V,0.514"
X-5645,SC5DL,6309.0,MutNovel,"R214C,0.476"
X-5645,SCRIB,23513.0,MutNovel,"H904Y,0.633"
X-5645,SCRIB,23513.0,MutNovel,"G841E,0.647"
X-5645,SCUBE2,57758.0,MutNovel,"LP22P,0.505"
X-5645,SEMA3A,10371.0,MutNovel,"K600Q,0.547"
X-5645,SEMA4A,64218.0,MutNovel,"G697R,0.667"
X-5645,SERINC2,347735.0,MutNovel,"-373Q,1.000"
X-5645,SF3A2,8175.0,MutNovel,"PPAPGVH303-,0.233"
X-5645,SGK223,157285.0,MutKnownFunctional,"-997,0.391"
X-5645,SHROOM4,57477.0,MutNovel,"V480A,1.000"
X-5645,SIRPG,55423.0,MutNovel,"M34V,1.000"
X-5645,SIRT3,23410.0,MutNovel,"G163D,0.560"
X-5645,SLC12A2,6558.0,MutNovel,"P754Q,1.000"
X-5645,SLC26A11,284129.0,MutNovel,"G533S,0.478"
X-5645,SLC35A5,55032.0,MutNovel,"I161V,0.458"
X-5645,SLC44A5,204962.0,MutNovel,"P702R,0.342"
X-5645,SLC6A10P,386757.0,Del0.8,0.77
X-5645,SMAD5,4090.0,MutKnownFunctional,"-438?,1.000"
X-5645,SMEK2,57223.0,MutNovel,"D411E,0.437"
X-5645,SNAPC4,6621.0,MutNovel,"I1427M,1.000"
X-5645,SS18L2,51188.0,MutNovel,"L61S,0.534"
X-5645,STX12,23673.0,MutNovel,"L81V,0.433"
X-5645,SUCLA2,8803.0,MutNovel,"K306R,0.478"
X-5645,SYNE1,23345.0,MutNovel,"S6367Y,0.400"
X-5645,TAS2R14,50840.0,MutNovel,"R209C,0.769"
X-5645,TBP,6908.0,MutNovel,"-64Q,1.000"
X-5645,TECPR2,9895.0,MutNovel,"R465RK,0.500"
X-5645,TEKT4,150483.0,MutNovel,"E385Q,1.000"
X-5645,TET1,80312.0,MutNovel,"S2045F,1.000"
X-5645,THNSL2,55258.0,MutNovel,"R227Q,0.478"
X-5645,TMBIM4,51643.0,MutKnownFunctional,"-174?,1.000"
X-5645,TMEM120B,144404.0,MutNovel,"R148Q,0.566"
X-5645,TMEM183A,92703.0,MutNovel,"R10M,0.484"
X-5645,TMEM33,55161.0,MutNovel,"S197L,0.508"
X-5645,TNFAIP6,7130.0,MutKnownFunctional,"-278,0.500"
X-5645,TNFRSF10C,8794.0,MutNovel,"D145N,1.000"
X-5645,TOP2A,7153.0,MutNovel,"P1163Q,0.506"
X-5645,TP53TG3,24150.0,Del0.8,0.78
X-5645,TP53TG3B,729355.0,Del0.8,0.78
X-5645,TRIM51,,MutNovel,"C152W,0.212"
X-5645,TRIM51,,MutNovel,"F248L,0.264"
X-5645,TRIP6,7205.0,MutNovel,"P148S,0.223"
X-5645,TRPM7,54822.0,MutNovel,"R1586C,0.425"
X-5645,TSEN54,283989.0,MutNovel,"V71M,0.458"
X-5645,TSPY10,,MutNovel,"P195R,0.412"
X-5645,TSPY10,,MutNovel,"S275I,0.902"
X-5645,TSPY10,,MutNovel,"D277C,0.900"
X-5645,TSPY10,,MutNovel,"LC276PV,0.862"
X-5645,TSPY10,,MutNovel,"CK277WA,0.815"
X-5645,TSPY10,,MutNovel,"D279H,0.743"
X-5645,TSPY10,,MutNovel,"LW280PP,0.699"
X-5645,TSPY10,,MutNovel,"WR281CA,0.688"
X-5645,TSPY10,,MutNovel,"N283I,0.662"
X-5645,TSPY10,,MutNovel,"LQ285QE,0.610"
X-5645,TSPY10,,MutNovel,"Y287D,0.580"
X-5645,TSPY10,,MutNovel,"RM290TW,0.529"
X-5645,TSPY10,,MutNovel,"Q305L,0.267"
X-5645,TSPY10,,MutNovel,"LL306FM,0.287"
X-5645,TSPY10,,MutNovel,"S308I,0.261"
X-5645,TSPYL1,7259.0,MutNovel,"V176VW,1.000"
X-5645,TUBA1C,84790.0,MutNovel,"K164E,0.464"
X-5645,TUBA3C,7278.0,MutNovel,"R390C,0.992"
X-5645,TXNDC11,51061.0,MutNovel,"P182S,0.480"
X-5645,UBE2E3,10477.0,MutNovel,"P30L,0.432"
X-5645,UBR4,23352.0,MutNovel,"R4861W,0.374"
X-5645,UBXN7,26043.0,MutNovel,"P82F,0.484"
X-5645,UNC119,9094.0,MutNovel,"R94W,0.432"
X-5645,UPF3A,65110.0,MutNovel,"A17T,0.432"
X-5645,USP45,85015.0,MutNovel,"G249K,0.338"
X-5645,UTY,7404.0,MutNovel,"AR1078LR,0.500"
X-5645,UTY,7404.0,MutNovel,"H1077P,0.400"
X-5645,UTY,7404.0,MutNovel,"SH1075HD,0.400"
X-5645,UTY,7404.0,MutNovel,"V1074H,0.333"
X-5645,UTY,7404.0,MutNovel,"G1073C,0.333"
X-5645,UTY,7404.0,MutNovel,"GI1070AG,0.333"
X-5645,UTY,7404.0,MutNovel,"AG1069DR,0.333"
X-5645,UTY,7404.0,MutKnownFunctional,"S1068*,0.333"
X-5645,UTY,7404.0,MutNovel,"SQ1066LA,0.333"
X-5645,UTY,7404.0,MutNovel,"S1066T,0.333"
X-5645,UTY,7404.0,MutNovel,"G1060R,0.333"
X-5645,UTY,7404.0,MutKnownFunctional,"LF1027*I,0.333"
X-5645,UTY,7404.0,MutNovel,"LG1025RK,0.333"
X-5645,UTY,7404.0,MutNovel,"L1025V,0.300"
X-5645,UTY,7404.0,MutNovel,"LD1023FH,0.300"
X-5645,UTY,7404.0,MutNovel,"SL578WA,0.258"
X-5645,UTY,7404.0,MutNovel,"A337G,0.625"
X-5645,UTY,7404.0,MutKnownFunctional,"A337*,0.625"
X-5645,UTY,7404.0,MutNovel,"L335T,0.600"
X-5645,UTY,7404.0,MutNovel,"D333E,0.727"
X-5645,UTY,7404.0,MutNovel,"M332P,0.667"
X-5645,UTY,7404.0,MutNovel,"Q327K,0.500"
X-5645,UTY,7404.0,MutNovel,"LY324FT,0.500"
X-5645,UTY,7404.0,MutNovel,"VL323GE,0.667"
X-5645,UTY,7404.0,MutNovel,"V323L,0.600"
X-5645,UTY,7404.0,MutNovel,"G322D,0.714"
X-5645,UTY,7404.0,MutNovel,"IG321SN,0.714"
X-5645,UTY,7404.0,MutNovel,"S320C,0.750"
X-5645,UTY,7404.0,MutNovel,"S320T,0.500"
X-5645,UTY,7404.0,MutKnownFunctional,"CS319*T,0.500"
X-5645,UTY,7404.0,MutKnownFunctional,"C319*,0.500"
X-5645,UTY,7404.0,MutKnownFunctional,"C319*,0.500"
X-5645,UTY,7404.0,MutNovel,"T317S,1.000"
X-5645,UTY,7404.0,MutNovel,"DT316ES,1.000"
X-5645,UTY,7404.0,MutNovel,"A315V,1.000"
X-5645,UTY,7404.0,MutKnownFunctional,"EA312D*,0.750"
X-5645,UTY,7404.0,MutNovel,"E312R,1.000"
X-5645,UTY,7404.0,MutNovel,"K310W,1.000"
X-5645,UTY,7404.0,MutNovel,"K310W,1.000"
X-5645,UTY,7404.0,MutNovel,"D309G,1.000"
X-5645,UTY,7404.0,MutNovel,"S307T,1.000"
X-5645,UTY,7404.0,MutNovel,"QS306HT,1.000"
X-5645,UTY,7404.0,MutNovel,"R305S,0.800"
X-5645,UTY,7404.0,MutKnownFunctional,"SY303*D,0.800"
X-5645,UTY,7404.0,MutKnownFunctional,"G288*,0.545"
X-5645,UTY,7404.0,MutKnownFunctional,"LG287Q*,0.545"
X-5645,UTY,7404.0,MutNovel,"W284S,0.308"
X-5645,UTY,7404.0,MutNovel,"G281F,0.400"
X-5645,UTY,7404.0,MutNovel,"SG280LC,0.500"
X-5645,UTY,7404.0,MutNovel,"N279R,0.364"
X-5645,UTY,7404.0,MutNovel,"DP277AS,0.250"
X-5645,UTY,7404.0,MutNovel,"AD276DN,0.400"
X-5645,UTY,7404.0,MutNovel,"LE274FS,0.500"
X-5645,UTY,7404.0,MutNovel,"KS272RT,0.400"
X-5645,UTY,7404.0,MutNovel,"Q271H,0.333"
X-5645,UTY,7404.0,MutNovel,"Q271P,0.231"
X-5645,UTY,7404.0,MutNovel,"LQ270AE,0.308"
X-5645,UTY,7404.0,MutNovel,"Y269F,0.438"
X-5645,UTY,7404.0,MutNovel,"Y269I,0.438"
X-5645,UTY,7404.0,MutNovel,"I267T,0.308"
X-5645,UTY,7404.0,MutNovel,"A266G,0.308"
X-5645,UTY,7404.0,MutNovel,"A266C,0.538"
X-5645,UTY,7404.0,MutKnownFunctional,"YA265*C,0.538"
X-5645,UTY,7404.0,MutNovel,"SY264IH,0.333"
X-5645,UTY,7404.0,MutNovel,"E263R,0.333"
X-5645,UTY,7404.0,MutNovel,"T261C,0.500"
X-5645,UTY,7404.0,MutNovel,"A260Y,0.286"
X-5645,UTY,7404.0,MutNovel,"A260S,0.611"
X-5645,UTY,7404.0,MutNovel,"A260S,0.611"
X-5645,UTY,7404.0,MutNovel,"D258V,0.562"
X-5645,UTY,7404.0,MutNovel,"D258I,0.562"
X-5645,UTY,7404.0,MutNovel,"G257R,0.300"
X-5645,UTY,7404.0,MutNovel,"V256K,0.500"
X-5645,UTY,7404.0,MutNovel,"L255E,0.333"
X-5645,UTY,7404.0,MutNovel,"M253I,0.286"
X-5645,UTY,7404.0,MutNovel,"H251L,0.529"
X-5645,UTY,7404.0,MutNovel,"MH249RI,0.333"
X-5645,UTY,7404.0,MutNovel,"M249V,0.333"
X-5645,UTY,7404.0,MutNovel,"QQ244IE,0.545"
X-5645,UTY,7404.0,MutNovel,"L243R,0.250"
X-5645,UTY,7404.0,MutNovel,"V242A,0.583"
X-5645,UTY,7404.0,MutNovel,"AT240QS,0.476"
X-5645,UTY,7404.0,MutNovel,"V238Q,0.435"
X-5645,UTY,7404.0,MutNovel,"Q237K,0.407"
X-5645,UTY,7404.0,MutNovel,"A236V,0.440"
X-5645,UTY,7404.0,MutNovel,"A236L,0.440"
X-5645,UTY,7404.0,MutNovel,"NL233KS,0.360"
X-5645,UTY,7404.0,MutNovel,"E232L,0.375"
X-5645,UTY,7404.0,MutNovel,"QT230PE,0.375"
X-5645,UTY,7404.0,MutNovel,"LQ229NK,0.385"
X-5645,UTY,7404.0,MutNovel,"L228R,0.345"
X-5645,UTY,7404.0,MutNovel,"EQ226FK,0.379"
X-5645,UTY,7404.0,MutNovel,"Y225M,0.321"
X-5645,UTY,7404.0,MutNovel,"A224L,0.241"
X-5645,UTY,7404.0,MutNovel,"K222N,0.345"
X-5645,UTY,7404.0,MutNovel,"K222L,0.345"
X-5645,UTY,7404.0,MutNovel,"SA220LR,0.259"
X-5645,UTY,7404.0,MutNovel,"Y218I,0.226"
X-5645,UTY,7404.0,MutNovel,"AK163LQ,0.267"
X-5645,UTY,7404.0,MutNovel,"Q151H,0.455"
X-5645,UTY,7404.0,MutNovel,"AL45RI,0.375"
X-5645,UTY,7404.0,MutNovel,"RE43IL,0.389"
X-5645,UTY,7404.0,MutNovel,"T39C,0.263"
X-5645,UTY,7404.0,MutNovel,"E30V,0.243"
X-5645,UTY,7404.0,MutNovel,"R29C,0.273"
X-5645,UTY,7404.0,MutNovel,"R29C,0.273"
X-5645,UTY,7404.0,MutNovel,"E24Q,0.205"
X-5645,UTY,7404.0,MutNovel,"AE23QQ,0.205"
X-5645,VCAM1,7412.0,MutNovel,"S648F,0.409"
X-5645,VCAN,1462.0,MutNovel,"R1336Q,1.000"
X-5645,VCX3A,51481.0,MutNovel,"V150M,0.750"
X-5645,VPS13C,54832.0,MutNovel,"S736L,0.478"
X-5645,VPS54,51542.0,MutNovel,"H150R,0.471"
X-5645,VPS8,23355.0,MutNovel,"R761C,0.529"
X-5645,VRK3,51231.0,MutKnownFunctional,"Q117*,0.366"
X-5645,VSTM5,387804.0,MutNovel,"S104F,0.667"
X-5645,WARS,7453.0,MutNovel,"E455K,0.506"
X-5645,WARS2,10352.0,MutNovel,"K148E,0.528"
X-5645,WDR1,9948.0,MutNovel,"G521S,0.546"
X-5645,WRNIP1,56897.0,MutNovel,"GDA176G,0.403"
X-5645,ZFAT,57623.0,MutNovel,"H955Y,0.393"
X-5645,ZFP36L2,678.0,MutNovel,"F383I,0.445"
X-5645,ZNF211,10520.0,MutNovel,"S386L,0.475"
X-5645,ZNF318,24149.0,MutNovel,"R67W,0.636"
X-5645,ZNF385A,25946.0,MutNovel,"G188E,0.480"
X-5645,ZNF385D,79750.0,MutNovel,"R164C,1.000"
X-5645,ZNF425,155054.0,MutNovel,"H593R,0.771"
X-5645,ZNF548,147694.0,MutNovel,"G64R,0.421"
X-5645,ZNF611,81856.0,MutNovel,"R613C,0.447"
X-5645,ZNF772,400720.0,MutNovel,"A4GP,0.333"
X-5694,AAMP,14.0,MutNovel,"V118L,0.584"
X-5694,ABCF2,10061.0,MutNovel,"V511M,0.640"
X-5694,AHNAK,79026.0,MutNovel,"I3714T,0.438"
X-5694,AHNAK2,113146.0,MutNovel,"L4341M,0.965"
X-5694,AMELY,266.0,Del0.8,0.38
X-5694,ATG13,9776.0,MutNovel,"A308V,1.000"
X-5694,ATG13,9776.0,MutNovel,"V311L,1.000"
X-5694,ATXN1L,342371.0,MutNovel,"P189Q,0.455"
X-5694,BCORP1,286554.0,Del0.8,0.34
X-5694,BMP1,649.0,MutNovel,"G280D,0.655"
X-5694,BNC2,54796.0,Del0.8,0.6
X-5694,BPY2B,442867.0,Del0.8,0.21
X-5694,BPY2B,442867.0,Del0.8,0.21
X-5694,BUD13,84811.0,MutNovel,"R178K,0.600"
X-5694,C14orf126,112487.0,MutNovel,"D28N,0.475"
X-5694,C20orf112,140688.0,MutNovel,"G356D,0.463"
X-5694,C2CD2,25966.0,MutNovel,"E564K,0.650"
X-5694,C9orf53,51198.0,Del0.8,0.39
X-5694,CAMTA2,23125.0,MutNovel,"S183R,0.622"
X-5694,CARD8,22900.0,MutNovel,"R40Q,0.281"
X-5694,CCDC115,84317.0,MutNovel,"P56H,0.415"
X-5694,CCDC58,131076.0,MutNovel,"T37M,0.440"
X-5694,CDC42EP1,11135.0,MutNovel,"PAPAANPS253P,1.000"
X-5694,CDKN2A,1029.0,Del0.8,0.39
X-5694,CDKN2B,1030.0,Del0.8,0.77
X-5694,CDY1B,253175.0,Del0.8,0.21
X-5694,CDY1B,253175.0,Del0.8,0.21
X-5694,CDY2A,9426.0,Del0.8,0.2
X-5694,CDY2A,9426.0,Del0.8,0.2
X-5694,CDY2B,203611.0,Del0.8,0.2
X-5694,CDY2B,203611.0,Del0.8,0.2
X-5694,CEP170,9859.0,MutNovel,"R1366Q,0.379"
X-5694,CHD2,1106.0,MutKnownFunctional,"-1242?,0.778"
X-5694,CREBBP,1387.0,MutNovel,"A2347V,0.572"
X-5694,CRIPAK,285464.0,MutNovel,"R314C,0.471"
X-5694,CSPG4P1Y,114758.0,Del0.8,0.21
X-5694,CSPG4P1Y,114758.0,Del0.8,0.21
X-5694,CTAGE4,100128553.0,Amp5,5.62
X-5694,CTSA,5476.0,MutNovel,"L29-,1.000"
X-5694,DAZ1,1617.0,Del0.8,0.21
X-5694,DAZ2,57055.0,Del0.8,0.21
X-5694,DAZ3,57054.0,Del0.8,0.21
X-5694,DAZ3,57054.0,Del0.8,0.21
X-5694,DAZ4,57135.0,Del0.8,0.21
X-5694,DAZ4,57135.0,Del0.8,0.21
X-5694,DDX3Y,8653.0,Del0.8,0.35
X-5694,DENND4B,9909.0,MutNovel,"QQQ908-,0.269"
X-5694,DOPEY1,23033.0,MutNovel,"F751S,0.286"
X-5694,E2F4,1874.0,MutNovel,"-316SR,0.420"
X-5694,EIF1AY,9086.0,Del0.8,0.34
X-5694,FAM171B,165215.0,MutNovel,"-44QQ,0.875"
X-5694,FAM197Y2P,252946.0,Del0.8,0.35
X-5694,FAM41AY1,340618.0,Del0.8,0.2
X-5694,FAM41AY1,340618.0,Del0.8,0.2
X-5694,FAM86B2,653333.0,MutNovel,"R285S,0.389"
X-5694,FAM86B2,653333.0,MutNovel,"G108D,0.625"
X-5694,FDX1,2230.0,MutNovel,"G5R,0.484"
X-5694,FHDC1,85462.0,MutNovel,"R537C,0.500"
X-5694,GIGYF2,26058.0,MutNovel,"PQ1231P,1.000"
X-5694,GOLGA2P2Y,84559.0,Del0.8,0.21
X-5694,GOLGA2P2Y,84559.0,Del0.8,0.21
X-5694,GYG2P1,352887.0,Del0.8,0.35
X-5694,GYPE,2996.0,MutNovel,"R57H,1.000"
X-5694,HLA-DQA2,3118.0,MutNovel,"F238L,0.667"
X-5694,HLA-DRB5,3127.0,MutNovel,"K41I,1.000"
X-5694,HLA-G,3135.0,MutNovel,"M49V,0.800"
X-5694,HLA-G,3135.0,MutNovel,"D63A,0.800"
X-5694,HLA-G,3135.0,MutNovel,"M69K,0.667"
X-5694,HLA-G,3135.0,MutNovel,"W75R,1.000"
X-5694,HLA-G,3135.0,MutNovel,"T91S,1.000"
X-5694,HLA-G,3135.0,MutNovel,"E201D,0.571"
X-5694,HOXA10,3206.0,MutNovel,"A263E,0.448"
X-5694,HOXB7,3217.0,MutNovel,"G67A,0.525"
X-5694,HOXD8,3234.0,MutNovel,"K14T,0.550"
X-5694,HOXD8,3234.0,MutNovel,"A70AHP,0.480"
X-5694,HSFY2,159119.0,Del0.8,0.2
X-5694,HSFY2,159119.0,Del0.8,0.2
X-5694,IGSF3,3321.0,MutNovel,"D1041G,0.226"
X-5694,KCNMB3,27094.0,MutKnownFunctional,"Q127*,0.333"
X-5694,KDM3B,51780.0,MutNovel,"A5T,0.300"
X-5694,KDM5D,8284.0,Del0.8,0.34
X-5694,KIAA0368,23392.0,MutNovel,"R117P,0.500"
X-5694,KIAA1024,23251.0,MutNovel,"T852M,0.600"
X-5694,KIAA1919,91749.0,MutNovel,"L182Y,0.476"
X-5694,KIRREL,55243.0,MutNovel,"T233M,0.510"
X-5694,KLF14,136259.0,MutNovel,"H47P,1.000"
X-5694,KRBA1,84626.0,MutNovel,"G564R,0.545"
X-5694,LOC100132247,100132247.0,MutNovel,"R414H,0.421"
X-5694,LOC100132247,100132247.0,MutNovel,"R498H,0.371"
X-5694,LOC100996693,,MutNovel,"R108Q,0.550"
X-5694,LOC554223,554223.0,MutNovel,"T110A,0.375"
X-5694,LOC554223,554223.0,MutNovel,"S181R,0.429"
X-5694,LOC554223,554223.0,MutNovel,"S187R,0.818"
X-5694,LOC728377,728377.0,Amp5,5.62
X-5694,LSR,51599.0,MutNovel,"G518GR,1.000"
X-5694,MAP3K4,4216.0,MutNovel,"M550I,0.276"
X-5694,MAP3K6,9064.0,MutNovel,"S1149R,0.514"
X-5694,MEF2A,4205.0,MutNovel,"QQ412-,0.439"
X-5694,MET,4233.0,MutKnownFunctional,"T1010I,0.840"
X-5694,METRN,79006.0,MutNovel,"A62T,0.479"
X-5694,MGC21881,389741.0,Del0.8,0.73
X-5694,MICB,4277.0,MutNovel,"R271S,0.586"
X-5694,MIR4675,100616383.0,Del0.8,0.63
X-5694,MLL2,8085.0,MutNovel,"P1170L,0.559"
X-5694,MNS1,55329.0,MutKnownFunctional,"C23*,0.583"
X-5694,MPRIP,23164.0,MutNovel,"TS178T,1.000"
X-5694,MTAP,4507.0,Del0.8,0.8
X-5694,MTF1,4520.0,MutNovel,"M26I,0.405"
X-5694,NBPF10,100132406.0,MutNovel,"I1165F,0.457"
X-5694,NBPF14,25832.0,MutNovel,"Q660K,0.250"
X-5694,NBPF24,,MutNovel,"R381K,0.667"
X-5694,NCOR2,9612.0,MutNovel,"G1839GAAA,0.931"
X-5694,NCOR2,9612.0,MutNovel,"-511S,0.922"
X-5694,NCRNA00185,55410.0,Del0.8,0.34
X-5694,NKX3-1,4824.0,MutNovel,"G10R,0.467"
X-5694,NLGN4Y,22829.0,Del0.8,0.35
X-5694,NPAT,4863.0,MutNovel,"N176D,0.459"
X-5694,NR1H2,7376.0,MutNovel,"-173Q,0.540"
X-5694,OR2A42,402317.0,Amp5,5.62
X-5694,OR2A42,402317.0,Amp5,5.62
X-5694,OR2A7,401427.0,Amp5,5.62
X-5694,OR2A9P,441295.0,Amp5,5.62
X-5694,OR2A9P,441295.0,Amp5,5.62
X-5694,ORAI1,84876.0,MutNovel,"PP43-,1.000"
X-5694,OVOS,,MutNovel,"R1319H,0.405"
X-5694,OVOS2,,MutNovel,"R1341H,0.538"
X-5694,PCDH11Y,83259.0,Del0.8,0.48
X-5694,PCSK6,5046.0,MutNovel,"R68C,0.857"
X-5694,PDZRN3,23024.0,MutNovel,"H152Y,0.667"
X-5694,PGAP3,93210.0,MutNovel,"R200W,0.412"
X-5694,PHLDA1,22822.0,MutNovel,"QQ194Q,1.000"
X-5694,PHLPP1,23239.0,MutNovel,"S323P,0.500"
X-5694,PIF1,80119.0,MutKnownFunctional,"E49*,0.667"
X-5694,POTEF,728378.0,MutNovel,"M771I,1.000"
X-5694,POTEJ,,MutNovel,"I738L,0.762"
X-5694,PPP2R3C,55012.0,MutKnownFunctional,"-23?,1.000"
X-5694,PRIC285,85441.0,MutNovel,"P1907L,0.572"
X-5694,PRKY,5616.0,Del0.8,0.38
X-5694,PRY,9081.0,Del0.8,0.21
X-5694,PRY,9081.0,Del0.8,0.34
X-5694,PRY2,442862.0,Del0.8,0.34
X-5694,PRY2,442862.0,Del0.8,0.21
X-5694,RABEPK,10244.0,MutNovel,"A266V,0.556"
X-5694,RBMY1A3P,286557.0,Del0.8,0.35
X-5694,RBMY1B,378948.0,Del0.8,0.34
X-5694,RBMY1B,378948.0,Del0.8,0.34
X-5694,RBMY1E,378950.0,Del0.8,0.34
X-5694,RBMY1E,378950.0,Del0.8,0.34
X-5694,RBMY1F,159163.0,Del0.8,0.27
X-5694,RBMY1F,159163.0,Del0.8,0.34
X-5694,RBMY1J,378951.0,Del0.8,0.34
X-5694,RBMY1J,378951.0,Del0.8,0.21
X-5694,RBMY2EP,159125.0,Del0.8,0.34
X-5694,RBMY2FP,159162.0,Del0.8,0.34
X-5694,RBMY3AP,64593.0,Del0.8,0.35
X-5694,RIN3,79890.0,MutNovel,"G967-,1.000"
X-5694,RING1,6015.0,MutNovel,"A5G,0.526"
X-5694,RNF216,54476.0,MutNovel,"H267R,0.671"
X-5694,RPS4Y1,6192.0,Del0.8,0.48
X-5694,RPS4Y2,140032.0,Del0.8,0.34
X-5694,RTN3,10313.0,MutNovel,"V470T,0.571"
X-5694,SCAF4,57466.0,MutNovel,"QP966P,0.425"
X-5694,SCLY,51540.0,MutNovel,"A14T,0.387"
X-5694,SERINC2,347735.0,MutNovel,"-373Q,1.000"
X-5694,SIRPB1,10326.0,MutNovel,"V131A,1.000"
X-5694,SIRPG,55423.0,MutNovel,"M34V,1.000"
X-5694,SQSTM1,8878.0,MutNovel,"R321L,0.222"
X-5694,SRY,6736.0,Del0.8,0.48
X-5694,TANC1,85461.0,MutNovel,"I340V,0.578"
X-5694,TBL1Y,90665.0,Del0.8,0.38
X-5694,TBP,6908.0,MutNovel,"-64Q,1.000"
X-5694,TCF25,22980.0,MutNovel,"W675G,0.424"
X-5694,TFAM,7019.0,MutKnownFunctional,"-144?,1.000"
X-5694,TGIF2LY,90655.0,Del0.8,0.48
X-5694,TICRR,,MutNovel,"R546C,0.583"
X-5694,TMEM138,51524.0,MutNovel,"N52S,0.543"
X-5694,TMEM161B,153396.0,MutNovel,"P43L,0.295"
X-5694,TMSB4Y,9087.0,Del0.8,0.35
X-5694,TRRAP,8295.0,MutNovel,"V842I,0.364"
X-5694,TSPY1,7258.0,Del0.8,0.35
X-5694,TSPY2,64591.0,Del0.8,0.48
X-5694,TSPY3,728137.0,Del0.8,0.35
X-5694,TSPY4,728395.0,Del0.8,0.35
X-5694,TSPY8,728403.0,Del0.8,0.35
X-5694,TTTY10,246119.0,Del0.8,0.34
X-5694,TTTY11,83866.0,Del0.8,0.35
X-5694,TTTY12,83867.0,Del0.8,0.35
X-5694,TTTY13,83868.0,Del0.8,0.34
X-5694,TTTY14,83869.0,Del0.8,0.34
X-5694,TTTY15,64595.0,Del0.8,0.35
X-5694,TTTY16,252948.0,Del0.8,0.35
X-5694,TTTY17A,252949.0,Del0.8,0.21
X-5694,TTTY17A,252949.0,Del0.8,0.21
X-5694,TTTY18,252950.0,Del0.8,0.35
X-5694,TTTY19,252952.0,Del0.8,0.35
X-5694,TTTY1B,100101116.0,Del0.8,0.16
X-5694,TTTY1B,100101116.0,Del0.8,0.35
X-5694,TTTY2,60439.0,Del0.8,0.35
X-5694,TTTY2,60439.0,Del0.8,0.16
X-5694,TTTY20,252951.0,Del0.8,0.35
X-5694,TTTY21,252953.0,Del0.8,0.35
X-5694,TTTY21,252953.0,Del0.8,0.38
X-5694,TTTY22,252954.0,Del0.8,0.35
X-5694,TTTY23,252955.0,Del0.8,0.35
X-5694,TTTY23,252955.0,Del0.8,0.48
X-5694,TTTY3,114760.0,Del0.8,0.21
X-5694,TTTY3,114760.0,Del0.8,0.21
X-5694,TTTY4,114761.0,Del0.8,0.21
X-5694,TTTY4,114761.0,Del0.8,0.21
X-5694,TTTY5,83863.0,Del0.8,0.34
X-5694,TTTY6,84672.0,Del0.8,0.34
X-5694,TTTY6,84672.0,Del0.8,0.21
X-5694,TTTY7,246122.0,Del0.8,0.35
X-5694,TTTY7,246122.0,Del0.8,0.38
X-5694,TTTY7B,100101120.0,Del0.8,0.35
X-5694,TTTY7B,100101120.0,Del0.8,0.38
X-5694,TTTY8,84673.0,Del0.8,0.38
X-5694,TTTY8,84673.0,Del0.8,0.35
X-5694,TTTY9A,83864.0,Del0.8,0.2
X-5694,TTTY9A,83864.0,Del0.8,0.2
X-5694,TUBGCP2,10844.0,MutNovel,"S225P,0.333"
X-5694,TXLNG2P,246126.0,Del0.8,0.34
X-5694,USP9Y,8287.0,Del0.8,0.35
X-5694,UTY,7404.0,Del0.8,0.35
X-5694,VCY,9084.0,Del0.8,0.35
X-5694,VCY,9084.0,Del0.8,0.35
X-5694,WDR81,124997.0,MutNovel,"R104H,0.421"
X-5694,XKRY2,353515.0,Del0.8,0.2
X-5694,XKRY2,353515.0,Del0.8,0.2
X-5694,ZFP36L2,678.0,MutNovel,"Q401HSR,0.408"
X-5694,ZFY,7544.0,Del0.8,0.48
X-5694,ZNF136,7695.0,MutNovel,"R80H,0.500"
X-5694,ZNF384,171017.0,MutNovel,"QQ514Q,1.000"
X-5694,ZNF462,58499.0,MutNovel,"A1922S,0.400"
X-5694,ZNF498,221785.0,MutNovel,"R450Q,0.500"
X-5694,ZSCAN2,54993.0,MutNovel,"I184V,0.444"
X-5696,A2M,2.0,MutNovel,"V1292M,0.340"
X-5696,AACS,65985.0,MutNovel,"E561K,0.702"
X-5696,AADAT,51166.0,MutNovel,"P396S,0.246"
X-5696,AAED1,,MutNovel,"D199N,0.286"
X-5696,AAK1,22848.0,MutNovel,"P424L,0.250"
X-5696,AAR2,,MutNovel,"R84Q,0.211"
X-5696,AAR2,,MutNovel,"G307D,0.217"
X-5696,AARS,16.0,MutNovel,"P232S,0.252"
X-5696,AARS,16.0,MutNovel,"G197D,0.328"
X-5696,AARS2,57505.0,MutNovel,"A815T,0.213"
X-5696,AARS2,57505.0,MutNovel,"A477V,0.206"
X-5696,AASDH,132949.0,MutNovel,"C766Y,0.375"
X-5696,AATK,9625.0,MutNovel,"P1023S,0.214"
X-5696,AATK,9625.0,MutNovel,"L186F,0.429"
X-5696,ABCA2,20.0,MutKnownFunctional,"Q2041*,0.207"
X-5696,ABCA3,21.0,MutNovel,"P1697S,0.278"
X-5696,ABCA3,21.0,MutNovel,"A1560T,0.750"
X-5696,ABCA7,10347.0,MutNovel,"E178K,0.272"
X-5696,ABCB10,23456.0,MutNovel,"G532D,0.279"
X-5696,ABCB4,5244.0,MutNovel,"T685I,0.245"
X-5696,ABCB5,340273.0,MutNovel,"G1043R,0.346"
X-5696,ABCB6,10058.0,MutNovel,"E275K,0.500"
X-5696,ABCB7,22.0,MutNovel,"T306I,0.561"
X-5696,ABCB7,22.0,MutNovel,"G291D,0.451"
X-5696,ABCC10,89845.0,MutKnownFunctional,"W556*,0.225"
X-5696,ABCC4,10257.0,MutNovel,"A916T,0.536"
X-5696,ABCC5,10057.0,MutNovel,"G815E,0.246"
X-5696,ABCD4,5826.0,MutNovel,"T276I,0.577"
X-5696,ABCF3,55324.0,MutNovel,"G60S,0.286"
X-5696,ABCF3,55324.0,MutNovel,"L143F,0.235"
X-5696,ABHD10,55347.0,MutNovel,"G120D,0.276"
X-5696,ABHD10,55347.0,MutNovel,"D249N,0.442"
X-5696,ABHD11,83451.0,MutNovel,"L55F,0.247"
X-5696,ABHD15,116236.0,MutNovel,"V219I,0.286"
X-5696,ABHD16A,7920.0,MutNovel,"G516E,0.358"
X-5696,ABHD16A,7920.0,MutNovel,"E465K,0.472"
X-5696,ABHD16A,7920.0,MutNovel,"S298F,0.318"
X-5696,ABHD16A,7920.0,MutNovel,"A62T,0.236"
X-5696,ABHD2,11057.0,MutNovel,"A158V,0.221"
X-5696,ABHD2,11057.0,MutNovel,"A239V,0.201"
X-5696,ABL2,27.0,MutNovel,"S159N,0.378"
X-5696,ABLIM3,22885.0,MutNovel,"H396P,1.000"
X-5696,ABLIM3,22885.0,MutNovel,"T661I,0.392"
X-5696,ABR,29.0,MutNovel,"P119S,0.413"
X-5696,ABTB2,25841.0,MutNovel,"G491D,0.435"
X-5696,ACACA,31.0,MutNovel,"G843E,0.667"
X-5696,ACACA,31.0,MutNovel,"A209T,0.444"
X-5696,ACACB,32.0,MutNovel,"S562N,0.500"
X-5696,ACACB,32.0,MutNovel,"S797F,0.895"
X-5696,ACACB,32.0,MutNovel,"V1905M,0.684"
X-5696,ACACB,32.0,MutNovel,"G2091E,0.526"
X-5696,ACAD11,84129.0,MutNovel,"P739S,1.000"
X-5696,ACAD11,84129.0,MutKnownFunctional,"W183*,0.593"
X-5696,ACAD8,27034.0,MutNovel,"D381N,0.419"
X-5696,ACAP2,23527.0,MutNovel,"E639K,0.265"
X-5696,ACAP3,116983.0,MutKnownFunctional,"Q486*,0.336"
X-5696,ACAT1,38.0,MutNovel,"A64V,0.402"
X-5696,ACBD3,64746.0,MutNovel,"E228K,0.283"
X-5696,ACCS,84680.0,MutNovel,"P45S,0.340"
X-5696,ACD,65057.0,MutNovel,"A499V,0.222"
X-5696,ACIN1,22985.0,MutNovel,"D663N,0.289"
X-5696,ACLY,47.0,MutNovel,"D940N,0.316"
X-5696,ACOX3,8310.0,MutNovel,"P691S,0.649"
X-5696,ACP5,54.0,MutNovel,"P175S,0.253"
X-5696,ACPL2,92370.0,MutNovel,"P351S,0.500"
X-5696,ACPL2,92370.0,Del0.8,0.71
X-5696,ACSBG1,23205.0,MutNovel,"A597T,0.328"
X-5696,ACSF3,197322.0,MutNovel,"G366E,0.231"
X-5696,ACSL1,2180.0,MutNovel,"G451S,0.405"
X-5696,ACSL1,2180.0,MutNovel,"E327K,0.364"
X-5696,ACSL1,2180.0,MutNovel,"A206T,0.427"
X-5696,ACTG1,71.0,MutNovel,"A22V,0.241"
X-5696,ACTR3,10096.0,MutNovel,"P216S,0.212"
X-5696,ACTR5,79913.0,MutNovel,"T553I,0.250"
X-5696,ACVR1B,91.0,MutNovel,"G192S,0.324"
X-5696,ADAM10,102.0,MutNovel,"G637S,0.233"
X-5696,ADAM11,4185.0,MutNovel,"P180L,0.385"
X-5696,ADAM11,4185.0,MutKnownFunctional,"W704*,0.300"
X-5696,ADAM15,8751.0,MutNovel,"G31S,0.696"
X-5696,ADAM19,8728.0,MutNovel,"P315L,0.478"
X-5696,ADAM19,8728.0,MutNovel,"A298V,0.476"
X-5696,ADAM23,8745.0,MutNovel,"T663I,0.292"
X-5696,ADAMTS1,9510.0,MutNovel,"E809K,0.250"
X-5696,ADAMTS1,9510.0,MutNovel,"G560E,0.219"
X-5696,ADAMTS1,9510.0,MutNovel,"A45V,0.209"
X-5696,ADAMTS13,11093.0,MutNovel,"G243S,0.750"
X-5696,ADAMTS13,11093.0,MutNovel,"A714T,0.273"
X-5696,ADAMTSL5,339366.0,MutNovel,"P318L,0.217"
X-5696,ADAP1,11033.0,MutNovel,"D220N,0.438"
X-5696,ADARB1,104.0,MutNovel,"S141F,0.277"
X-5696,ADARB1,104.0,MutNovel,"P494S,0.241"
X-5696,ADCK2,90956.0,MutNovel,"P315T,0.220"
X-5696,ADCK2,90956.0,MutNovel,"V358I,0.314"
X-5696,ADCK4,79934.0,MutNovel,"A235V,0.260"
X-5696,ADCK5,203054.0,MutNovel,"G142E,0.324"
X-5696,ADCY6,112.0,MutNovel,"N878S,0.389"
X-5696,ADCY6,112.0,MutNovel,"G32S,0.326"
X-5696,ADCY9,115.0,MutNovel,"S302F,0.219"
X-5696,ADD1,118.0,MutNovel,"S404F,0.288"
X-5696,ADD3,120.0,MutNovel,"A66T,0.514"
X-5696,ADD3,120.0,MutKnownFunctional,"-699?,0.967"
X-5696,ADK,132.0,MutNovel,"V176I,0.554"
X-5696,ADNP,23394.0,MutNovel,"P781L,0.224"
X-5696,ADNP,23394.0,MutNovel,"E744G,0.228"
X-5696,ADRB2,154.0,MutNovel,"G102D,1.000"
X-5696,ADRBK1,156.0,MutNovel,"E611K,0.329"
X-5696,AEBP1,165.0,MutNovel,"D704N,0.339"
X-5696,AFF1,4299.0,MutNovel,"E633K,0.333"
X-5696,AFF3,3899.0,MutNovel,"P293S,0.364"
X-5696,AFF4,27125.0,MutNovel,"D823N,0.455"
X-5696,AFTPH,54812.0,MutNovel,"E180K,0.234"
X-5696,AGAP1,116987.0,MutNovel,"E395K,0.302"
X-5696,AGAP3,116988.0,MutNovel,"A5T,0.375"
X-5696,AGAP4,119016.0,MutNovel,"D345N,0.571"
X-5696,AGAP6,414189.0,MutNovel,"R249H,0.866"
X-5696,AGAP6,414189.0,MutNovel,"P554L,0.600"
X-5696,AGFG1,3267.0,MutNovel,"P213H,0.312"
X-5696,AGFG1,3267.0,MutNovel,"G430E,0.318"
X-5696,AGRN,375790.0,MutNovel,"G1659E,0.348"
X-5696,AGTPBP1,23287.0,MutKnownFunctional,"W997*,1.000"
X-5696,AGXT2L2,85007.0,MutNovel,"G204D,0.600"
X-5696,AHCTF1,25909.0,MutNovel,"D2030N,0.231"
X-5696,AHCTF1,25909.0,MutNovel,"E270K,0.306"
X-5696,AHCY,191.0,MutNovel,"Y119H,0.246"
X-5696,AHCY,191.0,MutNovel,"R49H,0.237"
X-5696,AHDC1,27245.0,MutNovel,"G1276D,0.391"
X-5696,AHDC1,27245.0,MutNovel,"P429L,0.419"
X-5696,AHI1,54806.0,MutNovel,"E1114K,0.275"
X-5696,AHNAK,79026.0,MutNovel,"S5762F,0.303"
X-5696,AHNAK,79026.0,MutNovel,"L2482F,0.362"
X-5696,AHNAK,79026.0,MutNovel,"E120K,0.250"
X-5696,AHNAK,79026.0,MutNovel,"E4K,0.318"
X-5696,AHNAK2,113146.0,MutNovel,"L2354F,0.691"
X-5696,AHNAK2,113146.0,MutNovel,"A1977T,0.500"
X-5696,AHNAK2,113146.0,MutNovel,"P502S,0.214"
X-5696,AHNAK2,113146.0,MutNovel,"A106T,0.556"
X-5696,AIF1L,83543.0,MutNovel,"G12E,0.545"
X-5696,AJUBA,84962.0,MutNovel,"S25F,0.333"
X-5696,AKAP1,8165.0,MutNovel,"V41M,0.327"
X-5696,AKAP1,8165.0,MutNovel,"A50V,0.393"
X-5696,AKAP1,8165.0,MutNovel,"V718I,0.296"
X-5696,AKAP1,8165.0,MutNovel,"G751E,0.259"
X-5696,AKAP1,8165.0,MutNovel,"E760K,0.250"
X-5696,AKAP1,8165.0,MutNovel,"E889K,0.289"
X-5696,AKAP10,11216.0,MutNovel,"T218I,0.567"
X-5696,AKAP11,11215.0,MutNovel,"T41I,0.281"
X-5696,AKAP12,9590.0,MutNovel,"G595E,0.468"
X-5696,AKAP12,9590.0,MutNovel,"M892T,1.000"
X-5696,AKAP12,9590.0,MutNovel,"P1068S,0.265"
X-5696,AKAP13,11214.0,MutNovel,"L1405F,0.312"
X-5696,AKAP13,11214.0,MutNovel,"P1447L,0.261"
X-5696,AKAP13,11214.0,MutNovel,"P1545S,0.226"
X-5696,AKAP13,11214.0,MutNovel,"G1615D,0.292"
X-5696,AKAP13,11214.0,MutNovel,"D2117N,0.338"
X-5696,AKAP17A,8227.0,MutNovel,"G1168D,0.252"
X-5696,AKAP8,10270.0,MutNovel,"A56T,0.541"
X-5696,AKIRIN1,79647.0,MutNovel,"G4E,0.350"
X-5696,AKR1A1,10327.0,MutNovel,"G154E,0.402"
X-5696,AKT1,207.0,MutNovel,"R222H,0.212"
X-5696,ALAD,210.0,MutNovel,"E103D,0.280"
X-5696,ALAS1,211.0,MutNovel,"G420E,0.237"
X-5696,ALAS1,211.0,MutNovel,"G631S,0.221"
X-5696,ALAS1,211.0,MutNovel,"V636I,0.227"
X-5696,ALCAM,214.0,MutNovel,"P289L,0.263"
X-5696,ALDH16A1,126133.0,MutKnownFunctional,"W32*,0.226"
X-5696,ALDH18A1,5832.0,Del0.8,0.76
X-5696,ALDH1A1,216.0,MutNovel,"R476K,0.391"
X-5696,ALDH3B1,221.0,MutNovel,"G332R,0.300"
X-5696,ALDH4A1,8659.0,MutNovel,"G182R,0.323"
X-5696,ALDH7A1,501.0,MutNovel,"G291E,0.995"
X-5696,ALDH9A1,223.0,MutNovel,"A47T,0.319"
X-5696,ALG12,79087.0,MutNovel,"P318S,0.328"
X-5696,ALG12,79087.0,MutNovel,"G70E,0.252"
X-5696,ALG13,79868.0,MutNovel,"P831L,0.461"
X-5696,ALG14,199857.0,MutNovel,"D30N,0.284"
X-5696,ALG2,85365.0,MutNovel,"S207N,0.368"
X-5696,ALG3,10195.0,MutNovel,"T57I,0.312"
X-5696,ALG6,29929.0,MutNovel,"T411I,0.308"
X-5696,ALKBH1,8846.0,MutNovel,"T140I,0.288"
X-5696,ALKBH8,91801.0,MutNovel,"G526E,0.212"
X-5696,ALMS1,7840.0,MutNovel,"V1315I,0.263"
X-5696,ALMS1,7840.0,MutNovel,"S3299F,0.243"
X-5696,ALPK1,80216.0,MutNovel,"S949F,0.378"
X-5696,ALPK1,80216.0,MutNovel,"A1027V,0.210"
X-5696,ALS2,57679.0,MutNovel,"S1597F,0.378"
X-5696,ALS2,57679.0,MutNovel,"A961T,0.568"
X-5696,ALS2,57679.0,MutNovel,"P74S,0.226"
X-5696,ALX3,257.0,MutNovel,"G279R,0.316"
X-5696,AMBRA1,55626.0,MutNovel,"A1225V,0.350"
X-5696,AMBRA1,55626.0,MutNovel,"H825Y,0.266"
X-5696,AMBRA1,55626.0,MutNovel,"P459L,0.588"
X-5696,AMBRA1,55626.0,MutNovel,"R95H,0.667"
X-5696,AMDHD1,144193.0,MutNovel,"H410Y,0.556"
X-5696,AMH,268.0,MutNovel,"G413E,0.375"
X-5696,AMMECR1,9949.0,MutNovel,"G120D,1.000"
X-5696,AMOTL1,154810.0,MutNovel,"P888L,0.294"
X-5696,ANAPC1,64682.0,MutNovel,"E1766K,0.428"
X-5696,ANAPC1,64682.0,MutNovel,"D549N,0.219"
X-5696,ANAPC1,64682.0,MutNovel,"S212N,0.362"
X-5696,ANAPC11,51529.0,MutNovel,"A190T,0.266"
X-5696,ANAPC2,29882.0,MutNovel,"A741T,1.000"
X-5696,ANAPC2,29882.0,MutNovel,"A651T,0.377"
X-5696,ANAPC4,29945.0,MutNovel,"S150N,0.238"
X-5696,ANAPC5,51433.0,MutNovel,"L192F,0.492"
X-5696,ANGEL1,23357.0,MutNovel,"G423D,0.224"
X-5696,ANKFY1,51479.0,MutNovel,"A905T,0.554"
X-5696,ANKFY1,51479.0,MutNovel,"G823E,0.417"
X-5696,ANKIB1,54467.0,MutNovel,"S782N,0.346"
X-5696,ANKIB1,54467.0,MutNovel,"S911N,0.308"
X-5696,ANKMY1,51281.0,MutNovel,"T351I,0.406"
X-5696,ANKRA2,57763.0,MutNovel,"E16K,0.517"
X-5696,ANKRD10,55608.0,MutNovel,"R154K,0.213"
X-5696,ANKRD10,55608.0,MutNovel,"S142G,0.249"
X-5696,ANKRD10,55608.0,MutNovel,"A92V,0.209"
X-5696,ANKRD10,55608.0,MutNovel,"A36T,0.317"
X-5696,ANKRD11,29123.0,MutNovel,"G2513R,0.245"
X-5696,ANKRD11,29123.0,MutNovel,"R570K,0.287"
X-5696,ANKRD11,29123.0,MutNovel,"D193N,0.227"
X-5696,ANKRD13B,124930.0,MutNovel,"P568L,0.311"
X-5696,ANKRD13C,81573.0,MutNovel,"L196F,0.221"
X-5696,ANKRD17,26057.0,MutNovel,"A1190T,0.287"
X-5696,ANKRD20A3,441425.0,Del0.8,0.8
X-5696,ANKRD20A3,441425.0,Del0.8,0.53
X-5696,ANKRD24,170961.0,MutNovel,"P25S,0.714"
X-5696,ANKRD28,23243.0,MutNovel,"C449Y,0.232"
X-5696,ANKRD36,375248.0,MutNovel,"P755S,0.211"
X-5696,ANKRD36,375248.0,MutNovel,"T998S,0.250"
X-5696,ANKRD36C,,MutNovel,"D351N,0.545"
X-5696,ANKRD40,91369.0,MutNovel,"L293F,0.288"
X-5696,ANKRD44,91526.0,MutNovel,"G670E,0.283"
X-5696,ANKRD44,91526.0,MutNovel,"P275L,0.297"
X-5696,ANKRD6,22881.0,MutKnownFunctional,"W505*,0.259"
X-5696,ANKRD9,122416.0,MutNovel,"A26T,0.274"
X-5696,ANKS1A,23294.0,MutNovel,"G379E,0.588"
X-5696,ANKS1A,23294.0,MutNovel,"D638N,0.204"
X-5696,ANKS1A,23294.0,MutNovel,"R750W,0.206"
X-5696,ANLN,54443.0,MutNovel,"M161I,0.231"
X-5696,ANLN,54443.0,MutNovel,"D1096N,0.249"
X-5696,ANO8,57719.0,MutNovel,"S801N,0.336"
X-5696,ANO8,57719.0,MutNovel,"D688N,0.305"
X-5696,ANTXR1,84168.0,MutNovel,"S442F,0.268"
X-5696,ANXA11,311.0,MutNovel,"P153S,0.542"
X-5696,ANXA11,311.0,MutNovel,"A126V,0.994"
X-5696,ANXA6,309.0,MutNovel,"A505V,0.792"
X-5696,AOC2,314.0,MutNovel,"S200F,0.350"
X-5696,AOC2,314.0,MutNovel,"P399S,0.222"
X-5696,AP1M1,8907.0,MutNovel,"P186S,0.429"
X-5696,AP1M1,8907.0,MutNovel,"A370T,0.329"
X-5696,AP1S2,8905.0,MutKnownFunctional,"R14*,0.494"
X-5696,AP2A1,160.0,MutNovel,"G186S,0.273"
X-5696,AP2A2,161.0,MutNovel,"D181N,0.384"
X-5696,AP3M2,10947.0,MutNovel,"N105I,0.451"
X-5696,AP4E1,23431.0,MutNovel,"P1099S,0.220"
X-5696,AP5S1,,MutNovel,"R47K,0.508"
X-5696,APAF1,317.0,MutNovel,"S624F,0.400"
X-5696,APBB3,10307.0,MutNovel,"V308I,0.500"
X-5696,APC,324.0,MutNovel,"S2262N,0.389"
X-5696,APC,324.0,MutNovel,"P2808S,0.611"
X-5696,APC2,10297.0,MutNovel,"R487C,0.463"
X-5696,APEH,327.0,MutNovel,"E602K,0.221"
X-5696,APLP1,333.0,MutNovel,"V620M,0.600"
X-5696,APLP2,334.0,MutNovel,"A458T,0.347"
X-5696,APOBEC3C,27350.0,MutNovel,"G142E,0.201"
X-5696,APOPT1,84334.0,MutNovel,"P80S,0.554"
X-5696,AQP7P3,441432.0,Del0.8,0.53
X-5696,ARAP3,64411.0,MutNovel,"G908E,0.625"
X-5696,ARAP3,64411.0,MutKnownFunctional,"W551*,0.345"
X-5696,ARAP3,64411.0,MutNovel,"A500T,0.597"
X-5696,ARF6,382.0,MutNovel,"D89N,0.261"
X-5696,ARFGAP1,55738.0,MutNovel,"A2T,0.251"
X-5696,ARFGAP1,55738.0,MutNovel,"E165K,0.208"
X-5696,ARFGAP3,26286.0,MutNovel,"V264M,0.328"
X-5696,ARFGEF1,10565.0,MutNovel,"D1655G,0.488"
X-5696,ARFGEF2,10564.0,MutNovel,"G672E,0.463"
X-5696,ARFGEF2,10564.0,MutKnownFunctional,"W1535*,0.222"
X-5696,ARHGAP12,94134.0,MutNovel,"V482I,0.526"
X-5696,ARHGAP17,55114.0,MutNovel,"H619Y,0.234"
X-5696,ARHGAP21,57584.0,MutNovel,"E1618K,0.557"
X-5696,ARHGAP31,57514.0,MutNovel,"P541S,0.393"
X-5696,ARHGAP32,9743.0,MutNovel,"P1485S,0.313"
X-5696,ARHGAP33,115703.0,MutNovel,"G780E,0.234"
X-5696,ARHGAP35,2909.0,MutNovel,"P194S,0.258"
X-5696,ARHGAP35,2909.0,MutNovel,"P387S,0.273"
X-5696,ARHGAP35,2909.0,MutNovel,"NF1028I,0.510"
X-5696,ARHGAP35,2909.0,MutNovel,"A1318T,0.307"
X-5696,ARHGAP5,394.0,MutNovel,"R171K,0.563"
X-5696,ARHGAP5,394.0,MutNovel,"G605D,0.261"
X-5696,ARHGAP5,394.0,MutNovel,"G718E,0.440"
X-5696,ARHGAP5,394.0,MutNovel,"V1473M,0.216"
X-5696,ARHGDIB,397.0,MutNovel,"V120M,0.212"
X-5696,ARHGEF10L,55160.0,MutNovel,"A1029T,0.400"
X-5696,ARHGEF11,9826.0,MutNovel,"G1259S,0.255"
X-5696,ARHGEF12,23365.0,MutNovel,"G195R,0.298"
X-5696,ARHGEF18,23370.0,MutNovel,"P141S,0.265"
X-5696,ARHGEF2,9181.0,MutNovel,"A876T,0.250"
X-5696,ARHGEF2,9181.0,MutNovel,"P513S,0.293"
X-5696,ARHGEF25,115557.0,MutNovel,"P330S,0.234"
X-5696,ARHGEF25,115557.0,MutNovel,"G560D,0.261"
X-5696,ARHGEF3,50650.0,MutNovel,"C369Y,0.320"
X-5696,ARHGEF40,55701.0,MutNovel,"G361R,0.298"
X-5696,ARHGEF7,8874.0,MutNovel,"V486I,0.201"
X-5696,ARHGEF7,8874.0,MutNovel,"P640S,0.403"
X-5696,ARID1A,8289.0,MutNovel,"P559S,0.237"
X-5696,ARID1B,57492.0,MutNovel,"A2148V,0.434"
X-5696,ARID3A,1820.0,MutNovel,"E151K,0.429"
X-5696,ARID3A,1820.0,MutNovel,"A438V,0.250"
X-5696,ARID4B,51742.0,MutNovel,"P955S,0.255"
X-5696,ARIH1,25820.0,MutNovel,"D21N,0.204"
X-5696,ARL2,402.0,MutNovel,"R104W,0.364"
X-5696,ARL6,84100.0,Amp5,5.94
X-5696,ARMC8,25852.0,MutNovel,"A95T,0.588"
X-5696,ARMC9,80210.0,MutNovel,"V15M,0.658"
X-5696,ARMC9,80210.0,MutNovel,"S301F,0.311"
X-5696,ARMC9,80210.0,MutNovel,"E613K,0.367"
X-5696,ARMCX4,100131755.0,MutNovel,"A252T,0.562"
X-5696,ARMCX4,100131755.0,MutNovel,"A558T,0.300"
X-5696,ARMCX4,100131755.0,MutNovel,"G1221R,1.000"
X-5696,ARNT2,9915.0,MutNovel,"P40L,0.297"
X-5696,ARNTL,406.0,MutNovel,"P236S,0.269"
X-5696,ARPC1B,10095.0,MutNovel,"A319V,0.239"
X-5696,ARPC5,10092.0,MutNovel,"G116E,0.327"
X-5696,ARRB1,408.0,MutNovel,"H353Y,0.372"
X-5696,ARRB1,408.0,MutNovel,"D69N,0.220"
X-5696,ARRB2,409.0,MutNovel,"L213F,0.509"
X-5696,ARRB2,409.0,MutNovel,"P364S,1.000"
X-5696,ARRB2,409.0,MutNovel,"P384L,1.000"
X-5696,ARSA,410.0,MutNovel,"D413N,0.225"
X-5696,ARSE,415.0,MutNovel,"L163F,1.000"
X-5696,ARSG,22901.0,MutNovel,"A128T,0.333"
X-5696,ARSK,153642.0,MutNovel,"E117K,0.600"
X-5696,ARVCF,421.0,MutNovel,"T117I,0.730"
X-5696,ASAP1,50807.0,MutNovel,"S843N,0.313"
X-5696,ASAP1,50807.0,MutNovel,"A798V,0.239"
X-5696,ASAP1,50807.0,MutNovel,"G755E,0.253"
X-5696,ASCC1,51008.0,MutNovel,"D343N,0.565"
X-5696,ASCC2,84164.0,MutNovel,"T744I,0.470"
X-5696,ASCC3,10973.0,MutNovel,"H75Y,0.511"
X-5696,ASH1L,55870.0,MutNovel,"P1091S,0.282"
X-5696,ASH1L,55870.0,MutNovel,"S1016F,0.359"
X-5696,ASH1L,55870.0,MutNovel,"S918N,0.323"
X-5696,ASIC3,,MutNovel,"P308L,0.263"
X-5696,ASIP,434.0,MutNovel,"A122V,0.250"
X-5696,ASNA1,439.0,MutNovel,"C53Y,0.276"
X-5696,ASNS,440.0,MutNovel,"G515E,0.248"
X-5696,ASNSD1,54529.0,MutNovel,"G70S,0.289"
X-5696,ASNSD1,54529.0,MutNovel,"G371E,0.311"
X-5696,ASPM,259266.0,MutNovel,"A2817V,0.238"
X-5696,ASPM,259266.0,MutNovel,"S2429F,0.594"
X-5696,ASPM,259266.0,MutNovel,"G2106D,0.246"
X-5696,ASPM,259266.0,MutNovel,"V13M,0.267"
X-5696,ASPRV1,151516.0,MutNovel,"E80K,0.600"
X-5696,ASPSCR1,79058.0,MutNovel,"E203K,0.264"
X-5696,ASPSCR1,79058.0,MutNovel,"G210D,0.234"
X-5696,ASPSCR1,79058.0,MutNovel,"D217N,0.459"
X-5696,ASTE1,28990.0,MutKnownFunctional,"-632,0.531"
X-5696,ASXL1,171023.0,MutNovel,"A95T,0.254"
X-5696,ATAD2,29028.0,MutNovel,"E1238K,0.249"
X-5696,ATAD2B,54454.0,MutNovel,"G472R,0.636"
X-5696,ATAD3A,55210.0,MutNovel,"L151F,0.500"
X-5696,ATAD5,79915.0,MutNovel,"T1049I,0.217"
X-5696,ATAD5,79915.0,MutNovel,"A1661V,0.208"
X-5696,ATE1,11101.0,MutKnownFunctional,"W4*,0.909"
X-5696,ATF2,1386.0,MutNovel,"S203F,0.495"
X-5696,ATF3,467.0,MutNovel,"P71L,0.287"
X-5696,ATF3,467.0,MutNovel,"R156Q,0.554"
X-5696,ATF5,22809.0,MutNovel,"P91L,0.278"
X-5696,ATF6,22926.0,MutNovel,"E120K,0.353"
X-5696,ATF7IP,55729.0,MutNovel,"E391K,0.304"
X-5696,ATF7IP,55729.0,MutNovel,"A949T,0.279"
X-5696,ATG13,9776.0,MutNovel,"G145E,0.290"
X-5696,ATG16L1,55054.0,MutNovel,"C442Y,0.273"
X-5696,ATG16L1,55054.0,MutKnownFunctional,"W604*,0.220"
X-5696,ATG16L2,89849.0,MutNovel,"V339I,0.361"
X-5696,ATG2B,55102.0,MutNovel,"G1903S,0.452"
X-5696,ATG2B,55102.0,MutNovel,"V704I,0.262"
X-5696,ATG2B,55102.0,MutNovel,"S515L,0.261"
X-5696,ATG9A,79065.0,MutNovel,"G792S,0.304"
X-5696,ATG9A,79065.0,MutNovel,"A668T,0.276"
X-5696,ATIC,471.0,MutNovel,"R550K,0.329"
X-5696,ATM,472.0,MutNovel,"A2391T,0.202"
X-5696,ATM,472.0,MutNovel,"P2903L,0.394"
X-5696,ATMIN,23300.0,MutNovel,"T482I,0.225"
X-5696,ATN1,1822.0,MutNovel,"P730S,0.258"
X-5696,ATN1,1822.0,MutNovel,"P856S,0.261"
X-5696,ATP10A,57194.0,MutNovel,"E716K,0.404"
X-5696,ATP10A,57194.0,MutNovel,"D587N,0.309"
X-5696,ATP11A,23250.0,MutNovel,"D637N,0.205"
X-5696,ATP11A,23250.0,MutNovel,"G839D,0.248"
X-5696,ATP13A1,57130.0,MutNovel,"S1204F,0.336"
X-5696,ATP13A1,57130.0,MutNovel,"A1187T,0.296"
X-5696,ATP13A2,23400.0,MutNovel,"G492D,0.278"
X-5696,ATP13A3,79572.0,MutNovel,"A740T,0.355"
X-5696,ATP1A1,476.0,MutNovel,"V165I,0.940"
X-5696,ATP1A1,476.0,MutNovel,"D891N,0.896"
X-5696,ATP2B1,490.0,MutNovel,"D628N,0.448"
X-5696,ATP5B,506.0,MutNovel,"G203E,0.280"
X-5696,ATP6V0A1,535.0,MutNovel,"G391E,0.270"
X-5696,ATP6V0A2,23545.0,MutNovel,"R371H,0.444"
X-5696,ATP6V0D1,9114.0,MutNovel,"G280D,0.237"
X-5696,ATP6V1B1,525.0,MutNovel,"T356I,0.239"
X-5696,ATP6V1D,51382.0,MutNovel,"A39V,0.545"
X-5696,ATP6V1F,9296.0,MutNovel,"G139S,0.281"
X-5696,ATP6V1G2,534.0,MutKnownFunctional,"Q56*,0.290"
X-5696,ATP6V1G2,534.0,MutNovel,"R28K,0.257"
X-5696,ATP7A,538.0,MutNovel,"S316F,0.400"
X-5696,ATP7B,540.0,MutNovel,"A1114T,0.227"
X-5696,ATP8B2,57198.0,MutNovel,"S110F,0.281"
X-5696,ATP8B2,57198.0,MutNovel,"G315E,0.229"
X-5696,ATP8B2,57198.0,MutNovel,"R1181W,0.208"
X-5696,ATR,545.0,MutNovel,"E2340K,0.232"
X-5696,ATR,545.0,MutNovel,"A1266V,0.400"
X-5696,ATR,545.0,MutNovel,"A913T,0.414"
X-5696,ATR,545.0,MutKnownFunctional,"W658*,0.263"
X-5696,ATR,545.0,MutNovel,"L290F,0.429"
X-5696,ATRX,546.0,MutNovel,"P592S,0.500"
X-5696,ATXN1,6310.0,MutNovel,"P367L,0.444"
X-5696,ATXN2,6311.0,MutNovel,"M401I,0.281"
X-5696,ATXN2L,11273.0,MutNovel,"P463S,0.270"
X-5696,ATXN2L,11273.0,MutNovel,"P1056L,0.242"
X-5696,ATXN7,6314.0,MutNovel,"P585S,0.229"
X-5696,ATXN7L1,222255.0,MutNovel,"P423L,0.235"
X-5696,AUTS2,26053.0,MutNovel,"P592S,0.275"
X-5696,AUTS2,26053.0,MutNovel,"P1172S,0.258"
X-5696,AVL9,23080.0,MutNovel,"V511I,0.309"
X-5696,AVL9,23080.0,MutNovel,"S551R,0.510"
X-5696,AXIN1,8312.0,MutNovel,"G599S,0.225"
X-5696,AXIN1,8312.0,MutNovel,"P344L,0.502"
X-5696,AZGP1,563.0,MutNovel,"V5M,0.210"
X-5696,AZIN1,51582.0,MutNovel,"A96T,0.297"
X-5696,B3GALT1,8708.0,MutKnownFunctional,"W101*,0.211"
X-5696,B3GNT1,11041.0,MutNovel,"A216T,0.691"
X-5696,B3GNT1,11041.0,MutNovel,"S102N,0.327"
X-5696,B3GNT2,10678.0,MutNovel,"G308E,0.226"
X-5696,B3GNTL1,146712.0,MutNovel,"A57V,0.478"
X-5696,B4GALNT3,283358.0,MutNovel,"S373F,0.245"
X-5696,B9D1,27077.0,MutNovel,"P181S,0.444"
X-5696,BABAM1,29086.0,MutNovel,"A327V,0.264"
X-5696,BACE1,23621.0,MutNovel,"G178D,0.333"
X-5696,BACH1,571.0,MutNovel,"D507N,0.357"
X-5696,BAG6,7917.0,MutNovel,"P947L,0.452"
X-5696,BAG6,7917.0,MutNovel,"P435S,0.363"
X-5696,BAHCC1,57597.0,MutNovel,"P50S,0.273"
X-5696,BAHCC1,57597.0,MutNovel,"T101I,0.327"
X-5696,BAHCC1,57597.0,MutNovel,"A120T,0.316"
X-5696,BAHCC1,57597.0,MutNovel,"G1931R,0.433"
X-5696,BAHCC1,57597.0,MutNovel,"P2316L,0.624"
X-5696,BAHD1,22893.0,MutNovel,"G623E,0.465"
X-5696,BAI1,575.0,MutNovel,"S823F,0.353"
X-5696,BAI2,576.0,MutNovel,"P1317S,0.312"
X-5696,BAI2,576.0,MutNovel,"P796T,0.308"
X-5696,BAIAP2,10458.0,MutNovel,"A229T,0.321"
X-5696,BAIAP2,10458.0,MutNovel,"P479L,0.274"
X-5696,BAIAP2L2,80115.0,MutNovel,"V354M,0.250"
X-5696,BANP,54971.0,MutNovel,"S3L,0.254"
X-5696,BAP1,8314.0,MutNovel,"L35F,0.206"
X-5696,BARD1,580.0,MutNovel,"T398I,0.805"
X-5696,BATF,10538.0,MutNovel,"P125L,0.276"
X-5696,BAX,581.0,MutNovel,"G179E,0.419"
X-5696,BAZ1A,11177.0,MutNovel,"A963T,0.255"
X-5696,BAZ1B,9031.0,MutNovel,"D1256N,0.276"
X-5696,BAZ1B,9031.0,MutNovel,"A1230T,0.246"
X-5696,BAZ1B,9031.0,MutNovel,"G1011E,0.533"
X-5696,BAZ1B,9031.0,MutNovel,"L637F,0.286"
X-5696,BAZ2A,11176.0,MutNovel,"A1862V,0.242"
X-5696,BAZ2A,11176.0,MutNovel,"G1246E,0.239"
X-5696,BAZ2A,11176.0,MutNovel,"V901I,0.201"
X-5696,BAZ2B,29994.0,MutNovel,"S1667L,0.262"
X-5696,BBC3,27113.0,MutNovel,"P205S,0.299"
X-5696,BBC3,27113.0,MutNovel,"G159E,0.282"
X-5696,BBC3,27113.0,MutNovel,"R101H,0.556"
X-5696,BBS1,582.0,MutNovel,"L503F,0.250"
X-5696,BBS12,166379.0,MutNovel,"N485S,0.607"
X-5696,BBS2,583.0,MutNovel,"G688E,0.490"
X-5696,BBS2,583.0,MutNovel,"D300N,0.230"
X-5696,BBS2,583.0,MutNovel,"G175R,0.217"
X-5696,BBS4,585.0,MutNovel,"Y259F,0.729"
X-5696,BBS9,27241.0,MutNovel,"V209I,0.459"
X-5696,BBS9,27241.0,MutNovel,"A544T,0.296"
X-5696,BCAR1,9564.0,MutNovel,"G470S,0.299"
X-5696,BCAR1,9564.0,MutNovel,"G290R,0.303"
X-5696,BCKDK,10295.0,MutNovel,"G382R,0.540"
X-5696,BCL2L11,10018.0,MutNovel,"R85K,0.273"
X-5696,BCL2L13,23786.0,MutNovel,"A325T,0.610"
X-5696,BCL7C,9274.0,MutNovel,"G117S,0.265"
X-5696,BCL9L,283149.0,MutNovel,"P751S,0.772"
X-5696,BCL9L,283149.0,MutNovel,"P23L,0.306"
X-5696,BCOR,54880.0,MutNovel,"P1451L,0.432"
X-5696,BCOR,54880.0,MutNovel,"A1049T,0.290"
X-5696,BCOR,54880.0,MutNovel,"S91F,0.667"
X-5696,BCORL1,63035.0,MutNovel,"S1222N,0.304"
X-5696,BCORP1,286554.0,Del0.8,0.13
X-5696,BCR,613.0,MutNovel,"P383L,0.340"
X-5696,BCS1L,617.0,MutNovel,"G219D,0.361"
X-5696,BDH2,56898.0,MutNovel,"G156D,0.381"
X-5696,BDH2,56898.0,MutNovel,"R144K,0.369"
X-5696,BDP1,55814.0,MutNovel,"T1983I,1.000"
X-5696,BEND3,57673.0,MutNovel,"E683K,0.375"
X-5696,BFSP1,631.0,MutNovel,"G343E,0.232"
X-5696,BHLHE41,79365.0,MutNovel,"AAAAAAAA404A,0.686"
X-5696,BHLHE41,79365.0,MutNovel,"G286D,0.564"
X-5696,BIRC2,329.0,MutNovel,"P160S,0.278"
X-5696,BIRC6,57448.0,MutNovel,"L2100F,0.333"
X-5696,BIRC6,57448.0,MutNovel,"P4152L,0.256"
X-5696,BIRC7,79444.0,MutNovel,"G70D,0.384"
X-5696,BLM,641.0,MutNovel,"D1188N,0.384"
X-5696,BMP2K,55589.0,MutNovel,"G426E,0.719"
X-5696,BMPR1B,658.0,MutNovel,"T265I,0.364"
X-5696,BMPR2,659.0,MutNovel,"S144L,0.693"
X-5696,BMS1,9790.0,MutNovel,"G123D,0.541"
X-5696,BMS1,9790.0,MutNovel,"R950G,0.411"
X-5696,BMS1,9790.0,MutNovel,"G990R,0.466"
X-5696,BMS1P5,399761.0,Del0.8,0.69
X-5696,BNC2,54796.0,MutNovel,"A262T,0.534"
X-5696,BNIP3L,665.0,MutNovel,"A133T,0.492"
X-5696,BNIP3L,665.0,MutNovel,"G178E,0.455"
X-5696,BOD1L1,,MutNovel,"R1461K,0.233"
X-5696,BPHL,670.0,MutNovel,"G142D,0.697"
X-5696,BPNT1,10380.0,MutNovel,"E158K,0.316"
X-5696,BPTF,2186.0,MutNovel,"E415K,0.451"
X-5696,BPY2B,442867.0,Del0.8,0.06
X-5696,BPY2B,442867.0,Del0.8,0.04
X-5696,BRAT1,221927.0,MutNovel,"P323L,0.317"
X-5696,BRCA1,672.0,MutNovel,"S1253F,0.241"
X-5696,BRCA2,675.0,MutNovel,"E3377K,0.280"
X-5696,BRCC3,79184.0,MutNovel,"S175F,0.420"
X-5696,BRD1,23774.0,MutNovel,"A337V,0.294"
X-5696,BRD2,6046.0,MutNovel,"P12S,0.842"
X-5696,BRD3,8019.0,MutNovel,"V513M,0.361"
X-5696,BRD4,23476.0,MutNovel,"Q1271P,0.260"
X-5696,BRD4,23476.0,MutNovel,"S703L,0.443"
X-5696,BRD7,29117.0,MutNovel,"G228E,0.289"
X-5696,BRF1,2972.0,MutNovel,"S392N,0.209"
X-5696,BRF1,2972.0,MutNovel,"G227D,0.285"
X-5696,BRF1,2972.0,MutNovel,"P225L,0.440"
X-5696,BRF2,55290.0,MutNovel,"P360S,0.423"
X-5696,BRPF3,27154.0,MutNovel,"T72I,0.451"
X-5696,BRPF3,27154.0,MutNovel,"E820K,0.422"
X-5696,BRPF3,27154.0,MutNovel,"D1151N,0.211"
X-5696,BRSK1,84446.0,MutNovel,"P746S,0.256"
X-5696,BRWD1,54014.0,MutKnownFunctional,"Y351*,0.240"
X-5696,BRWD1,54014.0,MutNovel,"T197A,0.259"
X-5696,BTBD1,53339.0,MutNovel,"A368V,0.219"
X-5696,BTBD1,53339.0,MutNovel,"A155T,0.212"
X-5696,BTBD18,643376.0,MutNovel,"R361K,0.333"
X-5696,BTBD2,55643.0,MutNovel,"G84E,0.344"
X-5696,BTBD3,22903.0,MutNovel,"D160N,0.239"
X-5696,BTBD3,22903.0,MutNovel,"V339I,0.247"
X-5696,BTBD6,90135.0,MutNovel,"A83V,0.243"
X-5696,BTBD6,90135.0,MutNovel,"V247M,0.211"
X-5696,BTBD6,90135.0,MutNovel,"H339Y,0.487"
X-5696,BTBD6,90135.0,MutNovel,"V397I,0.227"
X-5696,BTBD7,55727.0,MutNovel,"S786N,0.204"
X-5696,BTN2A1,11120.0,MutNovel,"P181S,0.239"
X-5696,BUB1,699.0,MutNovel,"A281T,0.266"
X-5696,BUB1,699.0,MutNovel,"S198F,0.248"
X-5696,BUB1B,701.0,MutNovel,"G311S,0.434"
X-5696,BUB1B,701.0,MutNovel,"E476K,0.449"
X-5696,BUB1B,701.0,MutNovel,"S566N,0.476"
X-5696,BYSL,705.0,MutNovel,"G11E,0.277"
X-5696,BZW1,9689.0,MutNovel,"E337K,0.427"
X-5696,C10orf118,55088.0,MutNovel,"A94T,0.545"
X-5696,C10orf137,26098.0,MutNovel,"G91E,0.448"
X-5696,C10orf2,56652.0,MutNovel,"S366F,0.397"
X-5696,C10orf2,56652.0,MutNovel,"T645I,0.570"
X-5696,C10orf62,414157.0,MutNovel,"E92K,0.833"
X-5696,C10orf76,79591.0,MutNovel,"P38L,0.605"
X-5696,C10orf88,80007.0,MutNovel,"L393F,0.447"
X-5696,C11orf30,56946.0,MutNovel,"P131S,0.700"
X-5696,C11orf30,56946.0,MutNovel,"P513S,0.379"
X-5696,C11orf31,280636.0,MutNovel,"S90N,0.333"
X-5696,C11orf35,256329.0,MutNovel,"P414Q,0.429"
X-5696,C11orf35,256329.0,MutNovel,"P33L,0.306"
X-5696,C11orf41,25758.0,MutNovel,"G853E,0.462"
X-5696,C11orf48,79081.0,MutNovel,"P116L,0.257"
X-5696,C11orf49,79096.0,MutNovel,"D11N,0.326"
X-5696,C11orf49,79096.0,MutNovel,"G259E,0.225"
X-5696,C11orf49,79096.0,MutNovel,"P306L,0.398"
X-5696,C11orf57,55216.0,MutKnownFunctional,"-159,0.380"
X-5696,C11orf75,56935.0,MutNovel,"A52V,0.235"
X-5696,C11orf80,79703.0,MutNovel,"M220I,0.429"
X-5696,C11orf82,220042.0,MutNovel,"P895S,0.286"
X-5696,C11orf82,220042.0,MutNovel,"P957L,0.295"
X-5696,C12orf23,90488.0,MutKnownFunctional,"W59*,0.540"
X-5696,C12orf29,91298.0,MutNovel,"H171Y,0.991"
X-5696,C12orf4,57102.0,MutKnownFunctional,"W208*,0.235"
X-5696,C12orf51,283450.0,MutNovel,"R4115L,0.581"
X-5696,C12orf51,283450.0,MutKnownFunctional,"W2401*,0.562"
X-5696,C12orf51,283450.0,MutNovel,"G1357D,0.429"
X-5696,C12orf51,283450.0,MutNovel,"H137Y,1.000"
X-5696,C12orf60,144608.0,MutNovel,"E171K,0.480"
X-5696,C12orf66,144577.0,MutNovel,"P211S,0.213"
X-5696,C14orf102,55051.0,MutNovel,"R1046K,0.370"
X-5696,C14orf102,55051.0,MutNovel,"A660V,0.233"
X-5696,C14orf102,55051.0,MutNovel,"S376N,0.273"
X-5696,C14orf126,112487.0,MutNovel,"D28N,0.256"
X-5696,C14orf159,80017.0,MutNovel,"G102D,0.276"
X-5696,C14orf159,80017.0,MutNovel,"G206R,0.526"
X-5696,C14orf43,91748.0,MutNovel,"P331S,0.500"
X-5696,C15orf39,56905.0,MutNovel,"T251I,0.226"
X-5696,C15orf39,56905.0,MutNovel,"R366Q,0.463"
X-5696,C16orf13,84326.0,MutNovel,"P205S,0.273"
X-5696,C16orf13,84326.0,MutNovel,"E120K,0.290"
X-5696,C16orf13,84326.0,MutKnownFunctional,"W94*,0.638"
X-5696,C16orf46,123775.0,MutNovel,"A70T,1.000"
X-5696,C16orf48,84080.0,MutNovel,"A48T,0.250"
X-5696,C16orf58,64755.0,MutNovel,"A274V,0.224"
X-5696,C16orf62,57020.0,MutNovel,"T1017I,0.252"
X-5696,C16orf79,283870.0,MutNovel,"A42T,0.355"
X-5696,C17orf104,284071.0,MutNovel,"S159F,0.250"
X-5696,C17orf53,78995.0,MutNovel,"R451Q,0.405"
X-5696,C17orf62,79415.0,MutNovel,"E68K,0.244"
X-5696,C17orf85,55421.0,MutNovel,"A567T,0.600"
X-5696,C17orf96,100170841.0,MutNovel,"R289Q,0.222"
X-5696,C18orf25,147339.0,MutNovel,"E332K,0.553"
X-5696,C18orf8,29919.0,MutNovel,"G250D,0.493"
X-5696,C19orf26,255057.0,MutNovel,"T261I,0.327"
X-5696,C19orf42,79086.0,MutNovel,"S35F,0.233"
X-5696,C19orf44,84167.0,MutNovel,"P264S,0.536"
X-5696,C19orf47,126526.0,MutNovel,"P216S,0.337"
X-5696,C19orf48,84798.0,MutNovel,"P69S,0.263"
X-5696,C19orf57,79173.0,MutNovel,"P444S,0.359"
X-5696,C19orf6,91304.0,MutNovel,"A614T,0.248"
X-5696,C19orf68,,MutNovel,"S119F,0.280"
X-5696,C1QL4,338761.0,MutNovel,"D194N,0.444"
X-5696,C1R,715.0,MutNovel,"S463L,0.250"
X-5696,C1RL,51279.0,MutNovel,"S438N,0.379"
X-5696,C1orf187,374946.0,MutNovel,"T192I,0.333"
X-5696,C1orf198,84886.0,MutNovel,"R244K,0.333"
X-5696,C1orf31,388753.0,MutNovel,"A49T,0.245"
X-5696,C1orf85,112770.0,MutNovel,"P207L,0.221"
X-5696,C20orf94,128710.0,MutNovel,"D250N,0.211"
X-5696,C21orf58,54058.0,MutNovel,"G320D,0.218"
X-5696,C21orf91,54149.0,MutNovel,"P140S,0.225"
X-5696,C21orf91,54149.0,MutNovel,"S31F,0.281"
X-5696,C22orf28,51493.0,MutNovel,"A333T,0.288"
X-5696,C22orf39,128977.0,MutNovel,"E51K,0.265"
X-5696,C2CD2,25966.0,MutNovel,"A80T,1.000"
X-5696,C2CD2L,9854.0,MutKnownFunctional,"W5*,0.478"
X-5696,C2CD2L,9854.0,MutNovel,"R76W,0.250"
X-5696,C2CD3,26005.0,MutNovel,"G1386D,0.500"
X-5696,C2CD3,26005.0,MutNovel,"P1259S,0.529"
X-5696,C2CD3,26005.0,MutNovel,"S916F,0.400"
X-5696,C2orf18,54978.0,MutNovel,"G154E,0.553"
X-5696,C2orf44,80304.0,MutNovel,"L503M,0.513"
X-5696,C2orf69,205327.0,MutNovel,"A47V,0.818"
X-5696,C2orf81,388963.0,MutNovel,"S318F,0.379"
X-5696,C3orf19,51244.0,MutNovel,"R351K,0.210"
X-5696,C3orf30,152405.0,Del0.8,0.65
X-5696,C3orf33,285315.0,MutKnownFunctional,"-168,0.265"
X-5696,C4orf21,55345.0,MutNovel,"R1928K,0.246"
X-5696,C4orf21,55345.0,MutNovel,"P794S,0.453"
X-5696,C4orf21,55345.0,MutNovel,"E779K,0.306"
X-5696,C4orf46,201725.0,MutNovel,"G61E,0.426"
X-5696,C5,727.0,MutNovel,"D746N,1.000"
X-5696,C5orf15,56951.0,MutNovel,"S134N,0.504"
X-5696,C5orf22,55322.0,MutNovel,"S223F,0.605"
X-5696,C5orf25,375484.0,MutNovel,"P214L,0.565"
X-5696,C5orf25,375484.0,MutNovel,"P215S,0.438"
X-5696,C5orf34,375444.0,MutNovel,"S327F,0.588"
X-5696,C5orf42,65250.0,MutNovel,"V307I,0.750"
X-5696,C5orf44,80006.0,MutNovel,"L185F,0.475"
X-5696,C5orf44,80006.0,MutNovel,"D315N,0.548"
X-5696,C5orf65,389333.0,MutNovel,"V448I,0.800"
X-5696,C6orf203,51250.0,MutNovel,"E219K,0.311"
X-5696,C6orf211,79624.0,MutNovel,"V32I,0.307"
X-5696,C7orf10,79783.0,MutNovel,"G174D,0.321"
X-5696,C7orf31,136895.0,MutNovel,"P361L,0.600"
X-5696,C8orf82,414919.0,MutNovel,"A212V,0.310"
X-5696,C9orf170,401535.0,MutNovel,"S104N,0.643"
X-5696,C9orf172,389813.0,MutNovel,"P593S,0.300"
X-5696,C9orf172,389813.0,MutNovel,"T691I,1.000"
X-5696,C9orf173,441476.0,MutNovel,"T364I,0.300"
X-5696,C9orf174,100499483.0,MutNovel,"G1611E,0.545"
X-5696,C9orf3,84909.0,MutNovel,"S123F,0.667"
X-5696,C9orf3,84909.0,MutNovel,"P577S,1.000"
X-5696,C9orf9,11092.0,MutNovel,"E75K,0.257"
X-5696,CA11,770.0,MutNovel,"A191V,0.225"
X-5696,CA5B,11238.0,MutNovel,"S269F,1.000"
X-5696,CAAP1,,MutNovel,"E156K,0.383"
X-5696,CAB39L,81617.0,MutNovel,"E117K,0.400"
X-5696,CABIN1,23523.0,MutNovel,"R393W,0.250"
X-5696,CABLES1,91768.0,MutNovel,"G99C,0.833"
X-5696,CACFD1,,MutNovel,"A90T,0.231"
X-5696,CACHD1,57685.0,MutNovel,"P70S,0.400"
X-5696,CACNA1H,8912.0,MutNovel,"N134S,0.952"
X-5696,CACNA1H,8912.0,MutNovel,"S792N,0.450"
X-5696,CACNA1H,8912.0,MutNovel,"T950I,0.373"
X-5696,CACNA2D2,9254.0,MutNovel,"G1121D,0.444"
X-5696,CACTIN,,MutNovel,"E243K,0.262"
X-5696,CACUL1,,MutNovel,"D141N,1.000"
X-5696,CAD,790.0,MutNovel,"P1514S,0.663"
X-5696,CADM4,199731.0,MutNovel,"G261E,0.315"
X-5696,CADM4,199731.0,MutNovel,"A226V,0.246"
X-5696,CADPS,8618.0,MutNovel,"S1106F,0.297"
X-5696,CALCOCO1,57658.0,MutNovel,"L269F,0.213"
X-5696,CALCOCO1,57658.0,MutNovel,"G135E,0.281"
X-5696,CALCOCO2,10241.0,MutNovel,"V23I,0.348"
X-5696,CALCOCO2,10241.0,MutNovel,"R51C,0.617"
X-5696,CALCOCO2,10241.0,MutNovel,"E70K,0.478"
X-5696,CALCOCO2,10241.0,MutNovel,"P413V,0.270"
X-5696,CALD1,800.0,MutNovel,"E278K,0.526"
X-5696,CAMK1,8536.0,MutNovel,"V138I,0.431"
X-5696,CAMKK2,10645.0,MutKnownFunctional,"-538,0.385"
X-5696,CAMSAP1,157922.0,MutNovel,"D1151N,0.340"
X-5696,CAMSAP1,157922.0,MutNovel,"L873F,0.367"
X-5696,CAMSAP1,157922.0,MutNovel,"A799T,0.350"
X-5696,CAMSAP1,157922.0,MutNovel,"P423S,0.280"
X-5696,CAP2,10486.0,MutNovel,"G251D,0.273"
X-5696,CAPN10,11132.0,MutNovel,"S24F,0.302"
X-5696,CAPN10,11132.0,MutNovel,"C603Y,0.344"
X-5696,CAPN2,824.0,MutNovel,"G91E,0.263"
X-5696,CAPN3,825.0,MutNovel,"S479N,0.350"
X-5696,CAPRIN1,4076.0,MutNovel,"G441R,0.242"
X-5696,CAPRIN2,65981.0,MutNovel,"S967F,0.280"
X-5696,CAPRIN2,65981.0,MutNovel,"E325K,0.338"
X-5696,CAPS,828.0,MutNovel,"G155E,0.575"
X-5696,CAPZB,832.0,MutNovel,"A265T,0.348"
X-5696,CARM1,10498.0,MutNovel,"G21S,0.370"
X-5696,CARS2,79587.0,MutNovel,"A18T,0.246"
X-5696,CASC3,22794.0,MutNovel,"S373N,0.314"
X-5696,CASC5,57082.0,MutNovel,"A432V,0.250"
X-5696,CASC5,57082.0,MutNovel,"T1067I,0.267"
X-5696,CASC5,57082.0,MutNovel,"S1638F,0.462"
X-5696,CASC5,57082.0,MutNovel,"S2295F,0.392"
X-5696,CASD1,64921.0,MutNovel,"G60E,0.286"
X-5696,CASK,8573.0,MutNovel,"E414K,0.511"
X-5696,CASKIN2,57513.0,MutNovel,"T1174I,0.313"
X-5696,CASKIN2,57513.0,MutNovel,"P733S,0.228"
X-5696,CASP1,834.0,MutNovel,"L89F,0.593"
X-5696,CASP2,835.0,MutNovel,"V29M,0.218"
X-5696,CASP3,836.0,MutNovel,"D68N,0.314"
X-5696,CASP8AP2,9994.0,MutNovel,"V234I,0.456"
X-5696,CASP8AP2,9994.0,MutNovel,"H496Y,0.460"
X-5696,CASZ1,54897.0,MutNovel,"G676D,0.600"
X-5696,CASZ1,54897.0,MutNovel,"S521F,1.000"
X-5696,CATSPER2,117155.0,MutNovel,"L327F,0.364"
X-5696,CATSPER2,117155.0,MutNovel,"A149V,0.524"
X-5696,CBFA2T2,9139.0,MutNovel,"G565D,0.421"
X-5696,CBL,867.0,MutNovel,"P579S,0.400"
X-5696,CBLL1,79872.0,MutNovel,"P463L,0.285"
X-5696,CBWD3,445571.0,MutKnownFunctional,"E288*,0.429"
X-5696,CBX5,23468.0,MutNovel,"D27N,0.268"
X-5696,CBX8,57332.0,MutNovel,"E27K,0.300"
X-5696,CC2D1B,200014.0,MutNovel,"T689I,0.352"
X-5696,CC2D1B,200014.0,MutNovel,"A575V,0.279"
X-5696,CC2D1B,200014.0,MutNovel,"EEE95E,0.500"
X-5696,CC2D2A,57545.0,MutNovel,"G1027D,0.321"
X-5696,CCBL2,56267.0,MutNovel,"P364L,0.230"
X-5696,CCDC102A,92922.0,MutNovel,"V111M,0.375"
X-5696,CCDC106,29903.0,MutNovel,"P31S,0.253"
X-5696,CCDC109B,55013.0,MutNovel,"P31L,0.455"
X-5696,CCDC115,84317.0,MutNovel,"G100D,0.243"
X-5696,CCDC121,79635.0,MutNovel,"A125V,1.000"
X-5696,CCDC127,133957.0,Del0.8,0.62
X-5696,CCDC132,55610.0,MutKnownFunctional,"Q549*,0.260"
X-5696,CCDC136,64753.0,MutNovel,"P294S,0.525"
X-5696,CCDC136,64753.0,MutNovel,"M574I,0.219"
X-5696,CCDC138,165055.0,MutNovel,"M414I,0.203"
X-5696,CCDC142,84865.0,MutNovel,"P727L,0.242"
X-5696,CCDC149,91050.0,MutNovel,"E62K,0.233"
X-5696,CCDC152,100129792.0,Del0.8,0.76
X-5696,CCDC154,645811.0,MutNovel,"E583K,0.524"
X-5696,CCDC154,645811.0,MutNovel,"R164K,0.381"
X-5696,CCDC157,550631.0,MutNovel,"P701L,0.517"
X-5696,CCDC18,343099.0,MutNovel,"T949I,0.255"
X-5696,CCDC18,343099.0,MutKnownFunctional,"Q973*,0.244"
X-5696,CCDC18,343099.0,MutNovel,"A1195T,0.333"
X-5696,CCDC22,28952.0,MutNovel,"A74T,0.468"
X-5696,CCDC25,55246.0,MutNovel,"A77T,0.426"
X-5696,CCDC30,728621.0,MutKnownFunctional,"Q315*,0.875"
X-5696,CCDC36,339834.0,MutNovel,"A278V,0.438"
X-5696,CCDC41,51134.0,MutNovel,"G23V,1.000"
X-5696,CCDC42B,387885.0,MutNovel,"P303H,0.545"
X-5696,CCDC47,57003.0,MutNovel,"G195R,0.244"
X-5696,CCDC50,152137.0,MutNovel,"V14I,0.265"
X-5696,CCDC51,79714.0,MutNovel,"A98V,0.237"
X-5696,CCDC57,284001.0,MutNovel,"E715K,0.256"
X-5696,CCDC57,284001.0,MutNovel,"T315I,0.395"
X-5696,CCDC62,84660.0,MutNovel,"G446E,0.714"
X-5696,CCDC78,124093.0,MutKnownFunctional,"W410*,0.309"
X-5696,CCDC80,151887.0,MutNovel,"E440K,0.273"
X-5696,CCDC85B,11007.0,MutNovel,"P195S,0.333"
X-5696,CCDC88A,55704.0,MutNovel,"S1132F,0.377"
X-5696,CCDC92,80212.0,MutNovel,"E108K,0.439"
X-5696,CCDC94,55702.0,MutNovel,"A232D,0.275"
X-5696,CCL3,6348.0,MutNovel,"S55N,0.429"
X-5696,CCM2,83605.0,MutNovel,"P71L,0.385"
X-5696,CCM2,83605.0,MutNovel,"L362F,0.210"
X-5696,CCNF,899.0,MutNovel,"D519N,0.384"
X-5696,CCNF,899.0,MutNovel,"A658V,0.301"
X-5696,CCNF,899.0,MutNovel,"S709N,0.284"
X-5696,CCNK,8812.0,MutNovel,"L213F,0.237"
X-5696,CCNK,8812.0,MutNovel,"S297F,0.220"
X-5696,CCNL2,81669.0,MutNovel,"E307K,0.313"
X-5696,CCS,9973.0,MutNovel,"A226T,0.367"
X-5696,CCSAP,,MutNovel,"V85I,0.400"
X-5696,CCT2,10576.0,MutNovel,"G243D,0.280"
X-5696,CCT3,7203.0,MutNovel,"G543D,0.262"
X-5696,CCT4,10575.0,MutNovel,"P185S,0.328"
X-5696,CD101,9398.0,MutNovel,"A722T,1.000"
X-5696,CD109,135228.0,MutNovel,"P24L,0.484"
X-5696,CD22,933.0,MutNovel,"S190L,0.500"
X-5696,CD22,933.0,MutNovel,"G258R,0.532"
X-5696,CD33,945.0,MutNovel,"T302I,0.292"
X-5696,CD44,960.0,MutNovel,"S179N,0.308"
X-5696,CD46,4179.0,MutNovel,"P278L,0.233"
X-5696,CD55,1604.0,MutNovel,"G132D,0.341"
X-5696,CDADC1,81602.0,MutNovel,"G477E,0.579"
X-5696,CDAN1,146059.0,MutNovel,"P1002S,0.385"
X-5696,CDC14B,8555.0,MutNovel,"A433V,0.258"
X-5696,CDC25B,994.0,MutNovel,"E247K,0.274"
X-5696,CDC37,11140.0,MutNovel,"P368L,0.210"
X-5696,CDC40,51362.0,MutNovel,"G69E,0.365"
X-5696,CDC42BPA,8476.0,MutNovel,"G1231E,0.270"
X-5696,CDC42BPA,8476.0,MutNovel,"G292E,0.264"
X-5696,CDC42BPB,9578.0,MutNovel,"D1662N,0.225"
X-5696,CDC42BPB,9578.0,MutNovel,"P1537S,0.256"
X-5696,CDC42BPB,9578.0,MutNovel,"G1510S,0.218"
X-5696,CDC42BPB,9578.0,MutNovel,"E435K,0.480"
X-5696,CDC42EP1,11135.0,MutNovel,"S73N,0.344"
X-5696,CDC42EP1,11135.0,MutNovel,"PAPAANPS253P,0.408"
X-5696,CDC42EP3,10602.0,MutNovel,"D186N,0.267"
X-5696,CDC42EP3,10602.0,MutNovel,"S130F,0.255"
X-5696,CDC42EP3,10602.0,MutNovel,"T5I,0.430"
X-5696,CDC42EP4,23580.0,MutNovel,"L22F,0.345"
X-5696,CDC45,8318.0,MutNovel,"V281I,0.343"
X-5696,CDC73,79577.0,MutNovel,"S111N,0.268"
X-5696,CDCA3,83461.0,MutNovel,"P200S,0.370"
X-5696,CDCA3,83461.0,MutNovel,"G33D,0.241"
X-5696,CDCA5,113130.0,MutNovel,"G179E,0.330"
X-5696,CDCP1,64866.0,MutNovel,"G545D,0.750"
X-5696,CDH24,64403.0,MutNovel,"P515S,0.309"
X-5696,CDH24,64403.0,MutNovel,"G75E,0.283"
X-5696,CDH26,60437.0,MutNovel,"P568S,0.571"
X-5696,CDH3,1001.0,MutNovel,"G48D,0.202"
X-5696,CDH3,1001.0,MutNovel,"V116I,0.240"
X-5696,CDH3,1001.0,MutNovel,"P153S,0.217"
X-5696,CDK10,8558.0,MutNovel,"P207S,0.238"
X-5696,CDK12,51755.0,MutNovel,"P553S,0.254"
X-5696,CDK12,51755.0,MutNovel,"A617T,0.214"
X-5696,CDK20,23552.0,MutNovel,"V104I,0.491"
X-5696,CDK3,1018.0,MutNovel,"S93F,0.229"
X-5696,CDK5RAP1,51654.0,MutNovel,"D138N,0.327"
X-5696,CDK5RAP3,80279.0,MutNovel,"R145C,0.232"
X-5696,CDKAL1,54901.0,MutNovel,"D26N,0.309"
X-5696,CDKN1A,1026.0,MutNovel,"A45T,0.378"
X-5696,CDKN1C,1028.0,MutNovel,"R92H,0.500"
X-5696,CDKN2AIP,55602.0,MutNovel,"G129E,0.254"
X-5696,CDKN2AIPNL,91368.0,MutNovel,"G57D,0.447"
X-5696,CDKN3,1033.0,MutNovel,"G112E,0.344"
X-5696,CDON,50937.0,MutNovel,"D258N,0.455"
X-5696,CDS2,8760.0,MutNovel,"A9T,0.405"
X-5696,CDY1B,253175.0,Del0.8,0.08
X-5696,CDY1B,253175.0,Del0.8,0.08
X-5696,CDY2A,9426.0,Del0.8,0.12
X-5696,CDY2A,9426.0,Del0.8,0.12
X-5696,CDY2B,203611.0,Del0.8,0.12
X-5696,CDY2B,203611.0,Del0.8,0.12
X-5696,CDYL,9425.0,MutNovel,"G102E,0.332"
X-5696,CEBPD,1052.0,MutNovel,"G46D,0.286"
X-5696,CECR5,27440.0,MutNovel,"A220V,0.233"
X-5696,CECR5,27440.0,MutNovel,"P122S,0.274"
X-5696,CELF1,10658.0,MutNovel,"G202S,0.338"
X-5696,CELSR1,9620.0,MutNovel,"L2699F,0.667"
X-5696,CELSR2,1952.0,MutNovel,"E293K,0.289"
X-5696,CELSR2,1952.0,MutNovel,"L419F,0.719"
X-5696,CELSR3,1951.0,MutNovel,"L2411F,0.202"
X-5696,CELSR3,1951.0,MutKnownFunctional,"W1848*,0.327"
X-5696,CELSR3,1951.0,MutNovel,"A313T,0.250"
X-5696,CENPB,1059.0,MutNovel,"A139V,0.259"
X-5696,CENPBD1,92806.0,MutNovel,"S158N,0.245"
X-5696,CENPC1,1060.0,MutNovel,"D775N,0.304"
X-5696,CENPF,1063.0,MutNovel,"A212T,0.255"
X-5696,CENPF,1063.0,MutNovel,"E483K,0.570"
X-5696,CENPF,1063.0,MutNovel,"G1366E,0.219"
X-5696,CENPF,1063.0,MutNovel,"R1560Q,0.254"
X-5696,CENPF,1063.0,MutNovel,"E1571K,0.248"
X-5696,CENPN,55839.0,MutNovel,"S47F,0.480"
X-5696,CENPN,55839.0,MutNovel,"A161T,0.260"
X-5696,CENPQ,55166.0,MutNovel,"V35I,0.214"
X-5696,CEP104,9731.0,MutNovel,"G436E,0.347"
X-5696,CEP135,9662.0,MutKnownFunctional,"Q1059*,0.234"
X-5696,CEP170,9859.0,MutNovel,"T1240I,0.284"
X-5696,CEP170,9859.0,MutNovel,"A803T,0.269"
X-5696,CEP170,9859.0,MutNovel,"E75K,0.214"
X-5696,CEP192,55125.0,MutNovel,"P1758S,0.557"
X-5696,CEP250,11190.0,MutNovel,"L461F,0.275"
X-5696,CEP250,11190.0,MutNovel,"E565K,0.250"
X-5696,CEP250,11190.0,MutNovel,"E893K,0.286"
X-5696,CEP350,9857.0,MutNovel,"G169D,0.583"
X-5696,CEP350,9857.0,MutNovel,"P2601S,0.247"
X-5696,CEP41,95681.0,MutNovel,"S41F,0.278"
X-5696,CEP57,9702.0,MutNovel,"E398K,0.639"
X-5696,CEP68,23177.0,MutNovel,"P138L,0.261"
X-5696,CEP76,79959.0,MutKnownFunctional,"W648*,0.805"
X-5696,CEP78,84131.0,MutNovel,"G85D,0.409"
X-5696,CEP78,84131.0,MutNovel,"E489K,0.339"
X-5696,CEP85,64793.0,MutNovel,"A613V,0.660"
X-5696,CEP95,90799.0,MutNovel,"S231N,0.235"
X-5696,CEP97,79598.0,MutNovel,"G24E,0.667"
X-5696,CEP97,79598.0,MutKnownFunctional,"Q621*,0.326"
X-5696,CERK,64781.0,MutNovel,"D377N,0.269"
X-5696,CERS2,29956.0,MutNovel,"A36T,0.277"
X-5696,CES2,8824.0,MutNovel,"P11L,0.424"
X-5696,CES2,8824.0,MutNovel,"D379N,0.275"
X-5696,CES2,8824.0,MutNovel,"P588S,0.254"
X-5696,CFB,629.0,MutNovel,"A233T,0.278"
X-5696,CFB,629.0,MutNovel,"G602R,0.692"
X-5696,CFLAR,8837.0,MutNovel,"R437H,0.220"
X-5696,CHAC2,494143.0,MutNovel,"E158K,0.204"
X-5696,CHAF1A,10036.0,MutNovel,"G48R,0.203"
X-5696,CHAF1A,10036.0,MutNovel,"G262D,0.261"
X-5696,CHAF1B,8208.0,MutNovel,"P181S,0.340"
X-5696,CHAMP1,283489.0,MutNovel,"P333S,0.214"
X-5696,CHD1,1105.0,MutNovel,"G1271E,0.513"
X-5696,CHD1L,9557.0,MutNovel,"G627R,0.236"
X-5696,CHD1L,9557.0,MutNovel,"G794E,0.617"
X-5696,CHD2,1106.0,MutNovel,"S66F,0.773"
X-5696,CHD3,1107.0,MutNovel,"S1227N,0.544"
X-5696,CHD4,1108.0,MutNovel,"L1571F,0.518"
X-5696,CHD4,1108.0,MutNovel,"S653F,0.325"
X-5696,CHD4,1108.0,MutNovel,"E444K,0.253"
X-5696,CHD7,55636.0,MutNovel,"P433S,0.321"
X-5696,CHD7,55636.0,MutNovel,"-684KA,0.488"
X-5696,CHD7,55636.0,MutKnownFunctional,"W1785*,0.269"
X-5696,CHD7,55636.0,MutNovel,"G2094E,0.303"
X-5696,CHD7,55636.0,MutNovel,"S2141F,0.356"
X-5696,CHD8,57680.0,MutNovel,"E2064K,0.210"
X-5696,CHD8,57680.0,MutNovel,"E1166K,0.291"
X-5696,CHD8,57680.0,MutNovel,"P85S,0.648"
X-5696,CHD9,80205.0,MutNovel,"T700I,0.420"
X-5696,CHD9,80205.0,MutNovel,"G2686E,0.201"
X-5696,CHID1,66005.0,MutNovel,"E217K,0.234"
X-5696,CHKA,1119.0,MutNovel,"S211N,0.357"
X-5696,CHMP4A,29082.0,MutNovel,"E177K,0.210"
X-5696,CHPF,79586.0,MutNovel,"G280D,0.344"
X-5696,CHPF2,54480.0,MutNovel,"P599S,0.479"
X-5696,CHPF2,54480.0,MutNovel,"G662R,0.321"
X-5696,CHPF2,54480.0,MutNovel,"R718Q,0.250"
X-5696,CHPT1,56994.0,MutKnownFunctional,"W60*,0.218"
X-5696,CHPT1,56994.0,MutNovel,"L377F,0.296"
X-5696,CHPT1,56994.0,Del0.8,0.72
X-5696,CHRNA3,1136.0,MutNovel,"P266L,0.500"
X-5696,CHRNE,1145.0,MutNovel,"A417T,0.556"
X-5696,CHST10,9486.0,MutNovel,"D246N,0.270"
X-5696,CHST2,9435.0,MutNovel,"G145E,0.625"
X-5696,CHSY1,22856.0,MutNovel,"G731S,0.208"
X-5696,CHSY1,22856.0,MutNovel,"L723F,0.216"
X-5696,CHSY3,337876.0,MutNovel,"G738E,0.500"
X-5696,CHTF18,63922.0,MutNovel,"P120S,0.447"
X-5696,CHTF18,63922.0,MutNovel,"V433I,0.233"
X-5696,CIAO1,9391.0,MutNovel,"C123Y,0.520"
X-5696,CIC,23152.0,MutNovel,"P651S,0.257"
X-5696,CIR1,9541.0,MutNovel,"S269F,0.233"
X-5696,CISD1,55847.0,MutNovel,"S77F,0.496"
X-5696,CITED2,10370.0,MutNovel,"S201N,0.453"
X-5696,CKAP5,9793.0,MutNovel,"A1430T,0.360"
X-5696,CKAP5,9793.0,MutNovel,"A598T,0.734"
X-5696,CLCC1,23155.0,MutNovel,"G551S,0.233"
X-5696,CLCN3,1182.0,MutNovel,"E2K,0.318"
X-5696,CLCN3,1182.0,MutNovel,"S121N,0.371"
X-5696,CLCN6,1185.0,MutNovel,"P491S,0.366"
X-5696,CLDN12,9069.0,MutNovel,"A143T,0.252"
X-5696,CLDN14,23562.0,MutNovel,"D142N,0.333"
X-5696,CLDN15,24146.0,MutNovel,"P149L,0.238"
X-5696,CLDN22,53842.0,MutNovel,"T7I,1.000"
X-5696,CLIP1,6249.0,MutNovel,"A738T,0.595"
X-5696,CLIP4,79745.0,MutNovel,"S439N,0.329"
X-5696,CLMN,79789.0,MutNovel,"S231N,0.444"
X-5696,CLMP,79827.0,MutKnownFunctional,"Q79*,0.500"
X-5696,CLN3,1201.0,MutNovel,"G45D,0.215"
X-5696,CLN5,1203.0,MutNovel,"G218E,0.261"
X-5696,CLN6,54982.0,MutNovel,"S116N,0.218"
X-5696,CLOCK,9575.0,MutNovel,"G390D,0.300"
X-5696,CLPB,81570.0,MutNovel,"G479E,0.226"
X-5696,CLSPN,63967.0,MutNovel,"V650I,0.485"
X-5696,CLSTN1,22883.0,MutNovel,"P818L,0.329"
X-5696,CLSTN1,22883.0,MutNovel,"G564R,0.259"
X-5696,CLSTN1,22883.0,MutNovel,"V26I,0.373"
X-5696,CLTC,1213.0,MutNovel,"P898S,0.304"
X-5696,CMAS,55907.0,MutNovel,"D349N,0.498"
X-5696,CMIP,80790.0,MutNovel,"P240S,0.262"
X-5696,CNKSR3,154043.0,MutNovel,"A174V,0.318"
X-5696,CNN2,1265.0,MutNovel,"G294E,0.204"
X-5696,CNNM2,54805.0,MutNovel,"T479I,0.550"
X-5696,CNNM3,26505.0,MutNovel,"P613L,0.488"
X-5696,CNNM4,26504.0,MutNovel,"D413N,0.318"
X-5696,CNOT1,23019.0,MutKnownFunctional,"-1543?,0.333"
X-5696,CNOT1,23019.0,MutNovel,"S719F,0.554"
X-5696,CNOT4,4850.0,MutNovel,"S569N,0.333"
X-5696,CNP,1267.0,MutNovel,"A26V,0.241"
X-5696,CNST,163882.0,MutNovel,"S228F,0.520"
X-5696,CNST,163882.0,MutNovel,"S587N,0.445"
X-5696,CNTN1,1272.0,MutNovel,"L295F,0.600"
X-5696,CNTNAP1,8506.0,MutNovel,"S37F,0.429"
X-5696,CNTNAP3,79937.0,Del0.8,0.62
X-5696,CNTNAP3B,728577.0,MutNovel,"P614L,0.727"
X-5696,CNTRL,11064.0,MutNovel,"D791N,1.000"
X-5696,CNTRL,11064.0,MutNovel,"R903K,0.442"
X-5696,CNTRL,11064.0,MutNovel,"A1092V,0.538"
X-5696,CNTRL,11064.0,MutNovel,"A1813T,0.466"
X-5696,CNTROB,116840.0,MutKnownFunctional,"Q888*,1.000"
X-5696,COASY,80347.0,MutNovel,"S84Y,0.263"
X-5696,COASY,80347.0,MutNovel,"G219D,0.324"
X-5696,COASY,80347.0,MutNovel,"A340V,0.543"
X-5696,COASY,80347.0,MutNovel,"V436M,0.309"
X-5696,COG2,22796.0,MutNovel,"G248D,0.210"
X-5696,COG3,83548.0,MutNovel,"P625S,0.250"
X-5696,COG5,10466.0,MutNovel,"P602S,0.259"
X-5696,COG5,10466.0,MutNovel,"R113K,0.208"
X-5696,COL11A2,1302.0,MutNovel,"D1083N,0.400"
X-5696,COL12A1,1303.0,MutNovel,"P3002S,0.214"
X-5696,COL12A1,1303.0,MutNovel,"D2625N,0.486"
X-5696,COL12A1,1303.0,MutNovel,"E1461K,0.400"
X-5696,COL12A1,1303.0,MutNovel,"G434D,0.571"
X-5696,COL12A1,1303.0,MutNovel,"G147D,0.667"
X-5696,COL16A1,1307.0,MutNovel,"P1595S,0.304"
X-5696,COL16A1,1307.0,MutNovel,"G541E,0.393"
X-5696,COL18A1,80781.0,MutNovel,"G781E,0.265"
X-5696,COL18A1,80781.0,MutNovel,"P1152L,0.346"
X-5696,COL4A1,1282.0,MutNovel,"G1183R,1.000"
X-5696,COL4A1,1282.0,MutNovel,"P301L,0.459"
X-5696,COL4A2,1284.0,MutNovel,"P1457S,0.586"
X-5696,COL4A2,1284.0,MutNovel,"G1459D,0.413"
X-5696,COL4A2,1284.0,MutNovel,"S1624F,0.515"
X-5696,COL4A2,1284.0,MutNovel,"R1704H,0.417"
X-5696,COL5A2,1290.0,MutNovel,"E1463K,0.500"
X-5696,COL5A3,50509.0,MutNovel,"G713R,0.375"
X-5696,COL5A3,50509.0,MutNovel,"P235S,0.857"
X-5696,COL6A1,1291.0,MutNovel,"S64F,0.284"
X-5696,COL6A1,1291.0,MutNovel,"A899T,0.278"
X-5696,COL6A1,1291.0,MutNovel,"S1001N,0.285"
X-5696,COL6A1,1291.0,MutNovel,"P1007L,0.500"
X-5696,COL7A1,1294.0,MutNovel,"E2065K,0.265"
X-5696,COL7A1,1294.0,MutNovel,"G1884R,0.222"
X-5696,COL7A1,1294.0,MutNovel,"P891S,0.333"
X-5696,COL9A3,1299.0,MutNovel,"D46N,0.259"
X-5696,COL9A3,1299.0,MutNovel,"A260T,0.211"
X-5696,COLQ,8292.0,MutNovel,"G419D,0.450"
X-5696,COMMD1,150684.0,MutNovel,"D22N,0.250"
X-5696,COMMD1,150684.0,MutNovel,"P28S,0.280"
X-5696,COMMD9,29099.0,MutNovel,"P157S,0.312"
X-5696,COMT,1312.0,MutNovel,"E68K,0.283"
X-5696,COPA,1314.0,MutNovel,"L379F,0.369"
X-5696,COPB1,1315.0,MutNovel,"P540S,0.278"
X-5696,COPB1,1315.0,MutNovel,"L437F,0.332"
X-5696,COPG1,,MutNovel,"S697N,0.490"
X-5696,COPS2,9318.0,MutNovel,"G65E,0.208"
X-5696,COPS4,51138.0,MutNovel,"L327P,0.276"
X-5696,COPS6,10980.0,MutNovel,"A5T,0.376"
X-5696,CORO1B,57175.0,MutNovel,"A395T,0.349"
X-5696,CORO1C,23603.0,MutNovel,"V29I,0.562"
X-5696,COX11,1353.0,MutNovel,"S228N,0.209"
X-5696,COX16,51241.0,MutNovel,"V20I,0.520"
X-5696,COX5A,9377.0,MutNovel,"S25C,0.742"
X-5696,COX7A2,1347.0,MutNovel,"E72G,0.502"
X-5696,CPD,1362.0,MutNovel,"D908N,0.294"
X-5696,CPEB2,132864.0,MutNovel,"P260Q,0.300"
X-5696,CPN1,1369.0,MutNovel,"D273N,0.496"
X-5696,CPNE1,8904.0,MutNovel,"V76I,0.276"
X-5696,CPNE2,221184.0,MutNovel,"P383S,0.389"
X-5696,CPNE5,57699.0,MutNovel,"P551S,0.364"
X-5696,CPNE5,57699.0,MutNovel,"P74S,0.322"
X-5696,CPOX,1371.0,MutNovel,"H448Y,0.267"
X-5696,CPOX,1371.0,MutNovel,"M241I,0.265"
X-5696,CPPED1,55313.0,MutNovel,"G156E,0.222"
X-5696,CPPED1,55313.0,MutNovel,"D53N,0.512"
X-5696,CPQ,,MutNovel,"P470S,0.344"
X-5696,CPSF1,29894.0,MutNovel,"D54N,0.310"
X-5696,CPSF2,53981.0,MutNovel,"E478K,0.292"
X-5696,CPSF2,53981.0,MutNovel,"V646I,0.216"
X-5696,CPSF2,53981.0,MutNovel,"G759E,0.252"
X-5696,CPSF3L,54973.0,MutNovel,"E414K,0.376"
X-5696,CPSF6,11052.0,MutNovel,"P266L,0.240"
X-5696,CPT2,1376.0,MutNovel,"P282S,0.280"
X-5696,CRAMP1L,57585.0,MutNovel,"G108D,0.241"
X-5696,CRAMP1L,57585.0,MutNovel,"S863F,0.233"
X-5696,CRAMP1L,57585.0,MutNovel,"T930I,0.203"
X-5696,CRCP,27297.0,MutNovel,"E110K,0.503"
X-5696,CREB3L2,64764.0,MutNovel,"G260R,0.333"
X-5696,CREB3L4,148327.0,MutNovel,"G367D,0.223"
X-5696,CREB5,9586.0,MutNovel,"G213D,0.553"
X-5696,CREBBP,1387.0,MutNovel,"A1966T,0.400"
X-5696,CREBBP,1387.0,MutNovel,"P1494S,0.247"
X-5696,CREBBP,1387.0,MutNovel,"G1456E,0.217"
X-5696,CREBBP,1387.0,MutNovel,"R1223H,0.258"
X-5696,CREBBP,1387.0,MutNovel,"D1143N,0.220"
X-5696,CREBBP,1387.0,MutNovel,"G447R,0.326"
X-5696,CREG1,8804.0,MutNovel,"A2V,0.227"
X-5696,CRELD1,78987.0,MutNovel,"S207N,0.422"
X-5696,CRELD2,79174.0,MutNovel,"P393S,0.221"
X-5696,CRKL,1399.0,MutNovel,"A83V,0.275"
X-5696,CRLF3,51379.0,MutNovel,"G229D,0.269"
X-5696,CROCC,9696.0,MutNovel,"S466G,0.234"
X-5696,CROCC,9696.0,MutNovel,"A583T,0.211"
X-5696,CROCC,9696.0,MutNovel,"S2012F,0.439"
X-5696,CRTC3,64784.0,MutNovel,"G60E,0.264"
X-5696,CRY1,1407.0,MutNovel,"A450V,0.250"
X-5696,CRY1,1407.0,MutNovel,"S404F,0.738"
X-5696,CRYBG3,,MutNovel,"L1436S,0.206"
X-5696,CRYL1,51084.0,MutNovel,"G87D,0.201"
X-5696,CS,1431.0,MutNovel,"P99S,0.228"
X-5696,CSAD,51380.0,MutNovel,"P466L,0.253"
X-5696,CSAG3,389903.0,MutNovel,"P84S,1.000"
X-5696,CSAG3,389903.0,MutNovel,"L78F,0.966"
X-5696,CSDE1,7812.0,MutNovel,"A230T,0.349"
X-5696,CSF1,1435.0,MutNovel,"S485F,0.357"
X-5696,CSMD1,64478.0,MutNovel,"A3550T,0.527"
X-5696,CSNK1A1,1452.0,MutNovel,"G40D,0.407"
X-5696,CSNK1G1,53944.0,MutNovel,"D232N,0.344"
X-5696,CSNK1G2,1455.0,MutNovel,"C400Y,0.218"
X-5696,CSNK2A2,1459.0,MutNovel,"G47D,0.252"
X-5696,CSPG4,1464.0,MutNovel,"P1681S,0.382"
X-5696,CSPG4,1464.0,MutNovel,"A408T,0.428"
X-5696,CSPG4P1Y,114758.0,Del0.8,0.19
X-5696,CSPG4P1Y,114758.0,Del0.8,0.18
X-5696,CSTF2T,23283.0,MutNovel,"R16H,0.599"
X-5696,CSTF3,1479.0,MutNovel,"V18M,0.250"
X-5696,CT45A1,541466.0,Del0.8,0.56
X-5696,CT45A2,728911.0,Del0.8,0.56
X-5696,CT45A3,441519.0,Del0.8,0.56
X-5696,CT45A4,441520.0,Del0.8,0.56
X-5696,CTAGE5,4253.0,MutNovel,"A643V,0.259"
X-5696,CTBP2,1488.0,MutNovel,"A961V,0.996"
X-5696,CTBP2,1488.0,MutNovel,"A734T,0.420"
X-5696,CTCF,10664.0,MutNovel,"G261D,0.209"
X-5696,CTDSP2,10106.0,MutNovel,"G266E,0.204"
X-5696,CTDSP2,10106.0,MutNovel,"S116F,0.292"
X-5696,CTDSPL,10217.0,MutNovel,"P90S,0.211"
X-5696,CTDSPL2,51496.0,MutNovel,"P41S,0.273"
X-5696,CTDSPL2,51496.0,MutNovel,"L229F,0.346"
X-5696,CTIF,9811.0,MutNovel,"T565I,0.417"
X-5696,CTNNA1,1495.0,MutNovel,"A235T,0.462"
X-5696,CTNNA1,1495.0,Del0.8,0.34
X-5696,CTNNAL1,8727.0,MutNovel,"G569E,0.286"
X-5696,CTNNAL1,8727.0,MutNovel,"A78T,0.260"
X-5696,CTNNBL1,56259.0,MutNovel,"A181T,0.249"
X-5696,CTNS,1497.0,MutNovel,"S139F,0.465"
X-5696,CTPS1,,MutNovel,"G372E,0.255"
X-5696,CTR9,9646.0,MutNovel,"A782T,0.299"
X-5696,CTSF,8722.0,MutNovel,"G16S,0.351"
X-5696,CTSL2,1515.0,MutNovel,"D318N,0.273"
X-5696,CTSL2,1515.0,MutNovel,"V282I,0.350"
X-5696,CTSO,1519.0,MutNovel,"G256D,0.326"
X-5696,CTTN,2017.0,MutNovel,"R578K,0.360"
X-5696,CTTNBP2,83992.0,MutNovel,"S1339F,0.261"
X-5696,CTTNBP2,83992.0,MutNovel,"G1152E,0.515"
X-5696,CTU2,348180.0,MutNovel,"P210L,0.284"
X-5696,CUL1,8454.0,MutNovel,"G588R,0.496"
X-5696,CUL3,8452.0,MutNovel,"P526S,0.436"
X-5696,CUL4A,8451.0,MutNovel,"G730E,0.275"
X-5696,CUL4B,8450.0,MutNovel,"G360D,0.549"
X-5696,CUL5,8065.0,MutNovel,"G684S,0.285"
X-5696,CUX1,1523.0,MutNovel,"E185K,0.264"
X-5696,CWC25,54883.0,MutNovel,"D71N,0.281"
X-5696,CWF19L2,143884.0,MutNovel,"R421H,0.269"
X-5696,CX3CL1,6376.0,MutKnownFunctional,"W248*,0.218"
X-5696,CX3CL1,6376.0,MutNovel,"T361I,0.338"
X-5696,CXorf38,159013.0,MutNovel,"A21T,0.533"
X-5696,CYB5R3,1727.0,MutNovel,"G282D,0.440"
X-5696,CYB5R4,51167.0,MutNovel,"A397T,0.294"
X-5696,CYCS,54205.0,MutNovel,"P45S,0.257"
X-5696,CYP2U1,113612.0,MutNovel,"G191E,0.367"
X-5696,CYP2U1,113612.0,MutNovel,"R311K,0.688"
X-5696,CYP39A1,51302.0,MutKnownFunctional,"W35*,0.321"
X-5696,CYTH1,9267.0,MutNovel,"D76N,0.243"
X-5696,CYTH2,9266.0,MutNovel,"T109I,0.272"
X-5696,CYTH3,9265.0,MutNovel,"G255E,0.249"
X-5696,DACT3,147906.0,MutNovel,"A255T,0.600"
X-5696,DAG1,1605.0,MutNovel,"P891S,0.204"
X-5696,DAK,26007.0,MutNovel,"G47S,0.426"
X-5696,DAP3,7818.0,MutNovel,"R50C,0.234"
X-5696,DAPK1,1612.0,MutNovel,"P865S,0.378"
X-5696,DAPK1,1612.0,MutNovel,"P960L,0.309"
X-5696,DARS,1615.0,MutNovel,"G94E,0.212"
X-5696,DAZ1,1617.0,Del0.8,0.08
X-5696,DAZ2,57055.0,Del0.8,0.06
X-5696,DAZ3,57054.0,Del0.8,0.04
X-5696,DAZ3,57054.0,Del0.8,0.06
X-5696,DAZ4,57135.0,Del0.8,0.05
X-5696,DAZ4,57135.0,Del0.8,0.06
X-5696,DBF4,10926.0,MutNovel,"D149N,0.307"
X-5696,DBF4,10926.0,MutNovel,"D498N,0.265"
X-5696,DBF4B,80174.0,MutNovel,"P489S,0.600"
X-5696,DBP,1628.0,MutNovel,"G16D,0.290"
X-5696,DCAF12,25853.0,MutNovel,"K241N,0.990"
X-5696,DCAF13,25879.0,MutNovel,"P228S,0.229"
X-5696,DCAF13,25879.0,MutNovel,"T361I,0.272"
X-5696,DCAF15,90379.0,MutNovel,"V43I,0.288"
X-5696,DCAF17,80067.0,MutNovel,"G266R,0.364"
X-5696,DCAF4,26094.0,MutNovel,"R14K,0.316"
X-5696,DCAF6,55827.0,MutNovel,"D725N,0.257"
X-5696,DCAKD,79877.0,MutNovel,"R173H,0.261"
X-5696,DCBLD1,285761.0,MutKnownFunctional,"Q274*,0.250"
X-5696,DCLK2,166614.0,MutNovel,"V253I,0.206"
X-5696,DCLK2,166614.0,MutNovel,"L618F,0.320"
X-5696,DCLRE1B,64858.0,MutNovel,"P125S,0.565"
X-5696,DCLRE1B,64858.0,MutNovel,"A287V,0.319"
X-5696,DCP1A,55802.0,MutNovel,"S500F,0.213"
X-5696,DCP1B,196513.0,MutNovel,"G143E,0.229"
X-5696,DCT,1638.0,MutNovel,"L477F,0.240"
X-5696,DCTD,1635.0,MutNovel,"P91S,0.650"
X-5696,DCTN2,10540.0,MutNovel,"V48M,0.237"
X-5696,DCTN3,11258.0,MutNovel,"A130V,0.482"
X-5696,DCUN1D2,55208.0,MutNovel,"T113I,0.344"
X-5696,DDI2,84301.0,MutNovel,"D181N,0.310"
X-5696,DDI2,84301.0,MutNovel,"S333F,0.710"
X-5696,DDIT4,54541.0,MutNovel,"S46F,0.618"
X-5696,DDR2,4921.0,MutNovel,"D438N,0.312"
X-5696,DDX10,1662.0,MutNovel,"G9D,0.424"
X-5696,DDX11,1663.0,MutNovel,"R167T,0.214"
X-5696,DDX11,1663.0,MutNovel,"P360S,0.204"
X-5696,DDX19A,55308.0,MutNovel,"A194V,0.279"
X-5696,DDX19B,11269.0,MutNovel,"T430M,0.368"
X-5696,DDX20,11218.0,MutNovel,"T42I,0.735"
X-5696,DDX20,11218.0,MutNovel,"G407E,0.613"
X-5696,DDX23,9416.0,MutNovel,"R508K,0.291"
X-5696,DDX27,55661.0,MutNovel,"A170V,0.213"
X-5696,DDX31,64794.0,MutNovel,"S143N,0.237"
X-5696,DDX31,64794.0,MutNovel,"P125S,0.293"
X-5696,DDX41,51428.0,MutNovel,"K111M,0.480"
X-5696,DDX42,11325.0,MutNovel,"E322K,0.253"
X-5696,DDX47,51202.0,MutNovel,"P81S,0.249"
X-5696,DDX47,51202.0,MutNovel,"T289I,0.456"
X-5696,DDX5,1655.0,MutNovel,"A205V,0.246"
X-5696,DDX51,317781.0,MutNovel,"G114E,0.437"
X-5696,DDX56,54606.0,MutNovel,"P487S,0.211"
X-5696,DDX60L,91351.0,MutNovel,"R184K,0.571"
X-5696,DEGS1,8560.0,MutNovel,"E25K,0.584"
X-5696,DENND1B,163486.0,MutNovel,"A443V,0.268"
X-5696,DENND1B,163486.0,MutNovel,"I93V,1.000"
X-5696,DENND3,22898.0,MutNovel,"G887E,0.647"
X-5696,DENND3,22898.0,MutNovel,"P1030S,0.500"
X-5696,DENND4B,9909.0,MutNovel,"P239L,0.253"
X-5696,DENND4B,9909.0,MutNovel,"G64D,0.263"
X-5696,DENND5A,23258.0,MutNovel,"G1284D,0.261"
X-5696,DEPDC1,55635.0,MutNovel,"E128K,0.400"
X-5696,DEPDC5,9681.0,MutNovel,"G339E,0.256"
X-5696,DERL3,91319.0,MutNovel,"A212T,0.500"
X-5696,DFNA5,1687.0,MutNovel,"G82D,0.282"
X-5696,DFNA5,1687.0,MutNovel,"R48K,0.338"
X-5696,DFNB31,25861.0,MutNovel,"S784L,0.271"
X-5696,DGAT1,8694.0,MutNovel,"A226V,0.227"
X-5696,DGCR2,9993.0,MutNovel,"S134N,0.233"
X-5696,DGCR8,54487.0,MutNovel,"S367N,0.274"
X-5696,DGKD,8527.0,MutNovel,"L507F,0.304"
X-5696,DGKE,8526.0,MutNovel,"C530Y,0.417"
X-5696,DGKG,1608.0,MutNovel,"P690S,0.289"
X-5696,DGKQ,1609.0,MutNovel,"G868E,0.403"
X-5696,DGUOK,1716.0,MutNovel,"A207T,0.650"
X-5696,DHH,50846.0,MutNovel,"E319K,0.250"
X-5696,DHPS,1725.0,MutNovel,"E19K,1.000"
X-5696,DHRS1,115817.0,MutNovel,"A107T,0.300"
X-5696,DHRS12,79758.0,MutNovel,"P291S,0.338"
X-5696,DHTKD1,55526.0,MutNovel,"P619L,0.417"
X-5696,DHX16,8449.0,MutNovel,"A458V,0.202"
X-5696,DHX29,54505.0,MutNovel,"E400K,1.000"
X-5696,DHX30,22907.0,MutNovel,"A1176V,0.204"
X-5696,DHX32,55760.0,MutKnownFunctional,"W664*,0.257"
X-5696,DHX35,60625.0,MutNovel,"L588F,0.224"
X-5696,DHX36,170506.0,MutNovel,"T579I,0.216"
X-5696,DHX37,57647.0,MutNovel,"A1065D,0.385"
X-5696,DHX38,9785.0,MutNovel,"S77F,0.459"
X-5696,DHX38,9785.0,MutNovel,"P748L,0.287"
X-5696,DHX38,9785.0,MutNovel,"A1154T,0.244"
X-5696,DHX57,90957.0,MutNovel,"R1164Q,0.246"
X-5696,DHX57,90957.0,MutNovel,"P488S,0.308"
X-5696,DHX57,90957.0,MutNovel,"P11S,0.286"
X-5696,DHX8,1659.0,MutNovel,"L122F,0.339"
X-5696,DHX8,1659.0,MutNovel,"G591E,0.315"
X-5696,DHX9,1660.0,MutNovel,"G1254E,0.371"
X-5696,DIAPH1,1729.0,MutNovel,"E285K,0.444"
X-5696,DIAPH3,81624.0,MutNovel,"D356N,0.259"
X-5696,DIAPH3,81624.0,MutKnownFunctional,"Q13*,0.333"
X-5696,DICER1,23405.0,MutNovel,"T1829I,0.554"
X-5696,DICER1,23405.0,MutKnownFunctional,"Q1135*,0.239"
X-5696,DIDO1,11083.0,MutNovel,"S964F,0.228"
X-5696,DIDO1,11083.0,MutNovel,"P629S,0.302"
X-5696,DIDO1,11083.0,MutNovel,"A40T,0.268"
X-5696,DIEXF,27042.0,MutNovel,"P268S,0.393"
X-5696,DIP2A,23181.0,MutNovel,"T72I,0.298"
X-5696,DIP2B,57609.0,MutNovel,"A642V,0.418"
X-5696,DIP2B,57609.0,MutNovel,"R858C,0.472"
X-5696,DIP2C,22982.0,MutNovel,"G1490E,0.423"
X-5696,DIP2C,22982.0,MutNovel,"T1295I,0.304"
X-5696,DIP2C,22982.0,MutNovel,"P1059L,1.000"
X-5696,DIP2C,22982.0,MutNovel,"P376S,0.754"
X-5696,DIS3,22894.0,MutNovel,"T428I,0.249"
X-5696,DIS3L,115752.0,MutNovel,"E354K,0.229"
X-5696,DISP1,84976.0,MutNovel,"V12I,0.571"
X-5696,DISP1,84976.0,MutNovel,"G1135E,0.412"
X-5696,DKC1,1736.0,MutNovel,"R211K,1.000"
X-5696,DLC1,10395.0,MutNovel,"D494N,0.529"
X-5696,DLD,1738.0,MutNovel,"A467V,0.206"
X-5696,DLG1,1739.0,MutNovel,"E35K,0.346"
X-5696,DLG5,9231.0,MutNovel,"D1545N,0.381"
X-5696,DLL3,10683.0,MutNovel,"P246L,0.462"
X-5696,DLST,1743.0,MutNovel,"P193S,0.297"
X-5696,DLST,1743.0,MutNovel,"G382E,0.464"
X-5696,DLX1,1745.0,MutNovel,"S62F,0.293"
X-5696,DLX2,1746.0,MutKnownFunctional,"Q71*,0.643"
X-5696,DMBT1,1755.0,Del0.8,0.59
X-5696,DMD,1756.0,MutNovel,"V3659M,1.000"
X-5696,DMPK,1760.0,MutNovel,"S570F,0.503"
X-5696,DMWD,1762.0,MutNovel,"A511T,0.609"
X-5696,DMWD,1762.0,MutNovel,"G162D,0.311"
X-5696,DMXL1,1657.0,MutNovel,"P698L,0.318"
X-5696,DMXL1,1657.0,MutNovel,"A2999V,0.529"
X-5696,DMXL2,23312.0,MutNovel,"R2143K,0.213"
X-5696,DNAAF3,,MutNovel,"P598S,0.234"
X-5696,DNAAF3,,MutNovel,"E409K,0.300"
X-5696,DNAH1,25981.0,MutNovel,"P228S,0.800"
X-5696,DNAH1,25981.0,MutNovel,"A1361T,0.400"
X-5696,DNAH1,25981.0,MutNovel,"E3370K,0.222"
X-5696,DNAJB11,51726.0,MutNovel,"G183E,0.300"
X-5696,DNAJB5,25822.0,MutNovel,"G191D,0.833"
X-5696,DNAJB5,25822.0,MutNovel,"G315E,0.500"
X-5696,DNAJB6,10049.0,MutNovel,"H31Y,0.241"
X-5696,DNAJB6,10049.0,MutNovel,"A237V,0.219"
X-5696,DNAJC10,54431.0,MutNovel,"E101K,0.244"
X-5696,DNAJC10,54431.0,MutNovel,"C483Y,0.219"
X-5696,DNAJC16,23341.0,MutNovel,"P682S,0.553"
X-5696,DNAJC24,120526.0,MutNovel,"R116K,0.625"
X-5696,DNAJC3,5611.0,MutNovel,"E182K,0.250"
X-5696,DNAJC7,7266.0,MutNovel,"G284R,0.240"
X-5696,DNASE1,1773.0,MutKnownFunctional,"W203*,0.240"
X-5696,DNASE2,1777.0,MutNovel,"G241D,0.216"
X-5696,DND1,373863.0,MutNovel,"C277Y,0.478"
X-5696,DNHD1,144132.0,MutNovel,"G9D,0.333"
X-5696,DNHD1,144132.0,MutNovel,"P673S,0.600"
X-5696,DNHD1,144132.0,MutNovel,"S2600N,0.267"
X-5696,DNHD1,144132.0,MutNovel,"V3006M,0.273"
X-5696,DNHD1,144132.0,MutNovel,"S4036N,0.652"
X-5696,DNHD1,144132.0,MutNovel,"A4416V,0.300"
X-5696,DNLZ,728489.0,MutNovel,"A151V,0.429"
X-5696,DNM1L,10059.0,MutNovel,"R209K,0.232"
X-5696,DNMBP,23268.0,MutNovel,"S1323N,0.545"
X-5696,DNMT1,1786.0,MutNovel,"V1495M,0.259"
X-5696,DNMT1,1786.0,MutNovel,"E563K,0.335"
X-5696,DNMT3A,1788.0,MutNovel,"A218T,0.625"
X-5696,DNTTIP2,30836.0,MutNovel,"G647D,0.324"
X-5696,DOCK1,1793.0,MutNovel,"T655I,0.361"
X-5696,DOCK1,1793.0,MutNovel,"A1653V,0.811"
X-5696,DOCK10,55619.0,MutNovel,"G1893D,0.300"
X-5696,DOCK10,55619.0,MutNovel,"D1168N,0.500"
X-5696,DOCK10,55619.0,MutNovel,"R452K,0.300"
X-5696,DOCK5,80005.0,MutNovel,"L224F,0.833"
X-5696,DOCK6,57572.0,MutNovel,"T1078I,0.220"
X-5696,DOCK6,57572.0,MutNovel,"V360A,0.227"
X-5696,DOCK9,23348.0,MutNovel,"G1906E,0.576"
X-5696,DOCK9,23348.0,MutNovel,"P1901S,0.240"
X-5696,DOCK9,23348.0,MutNovel,"G1380D,0.278"
X-5696,DOCK9,23348.0,MutNovel,"E790K,0.509"
X-5696,DOCK9,23348.0,MutNovel,"G583D,0.382"
X-5696,DOCK9,23348.0,MutNovel,"A514T,0.260"
X-5696,DOCK9,23348.0,MutNovel,"S167F,0.217"
X-5696,DOCK9,23348.0,MutNovel,"V33M,0.632"
X-5696,DOK1,1796.0,MutNovel,"A457V,0.205"
X-5696,DOK2,9046.0,MutNovel,"P131S,1.000"
X-5696,DOK3,79930.0,MutNovel,"P496S,0.562"
X-5696,DOLK,22845.0,MutNovel,"L394F,0.669"
X-5696,DOPEY2,9980.0,MutNovel,"E477K,0.467"
X-5696,DOT1L,84444.0,MutNovel,"T154I,0.257"
X-5696,DPH1,1801.0,MutNovel,"A175T,0.517"
X-5696,DPH1,1801.0,MutNovel,"E266K,0.479"
X-5696,DPH1,1801.0,MutNovel,"A425V,0.516"
X-5696,DPH2,1802.0,MutNovel,"F138V,0.229"
X-5696,DPP3,10072.0,MutNovel,"A2T,0.397"
X-5696,DPP7,29952.0,MutNovel,"G387D,0.366"
X-5696,DPP8,54878.0,MutNovel,"A717T,0.224"
X-5696,DPY19L3,147991.0,MutNovel,"R40K,0.217"
X-5696,DPYD,1806.0,MutNovel,"P1013S,0.300"
X-5696,DPYD,1806.0,MutNovel,"A769T,0.364"
X-5696,DPYSL3,1809.0,MutNovel,"V663I,0.704"
X-5696,DPYSL4,10570.0,MutNovel,"G100E,0.244"
X-5696,DRD4,1815.0,MutNovel,"A121V,0.833"
X-5696,DRD4,1815.0,MutNovel,"R334H,0.400"
X-5696,DROSHA,29102.0,MutNovel,"V810I,0.445"
X-5696,DROSHA,29102.0,MutNovel,"G272E,0.510"
X-5696,DRP2,1821.0,MutNovel,"A643V,1.000"
X-5696,DSCC1,79075.0,MutNovel,"T51M,0.319"
X-5696,DSE,29940.0,MutNovel,"L58F,0.750"
X-5696,DSN1,79980.0,MutNovel,"G47D,0.258"
X-5696,DST,667.0,MutNovel,"P3823S,0.237"
X-5696,DST,667.0,MutNovel,"A1954V,0.241"
X-5696,DST,667.0,MutNovel,"P1662S,0.388"
X-5696,DST,667.0,MutNovel,"G2552R,0.364"
X-5696,DST,667.0,MutNovel,"L2106F,0.306"
X-5696,DST,667.0,MutNovel,"V1368I,0.229"
X-5696,DTL,51514.0,MutNovel,"G358D,0.224"
X-5696,DTNA,1837.0,MutNovel,"P295S,0.357"
X-5696,DTNB,1838.0,MutNovel,"G253S,0.526"
X-5696,DTNBP1,84062.0,MutNovel,"A251V,0.229"
X-5696,DUS3L,56931.0,MutNovel,"R219Q,0.304"
X-5696,DUS3L,56931.0,MutNovel,"D61N,0.496"
X-5696,DUSP1,1843.0,MutNovel,"V175M,0.477"
X-5696,DUSP1,1843.0,MutNovel,"S49N,0.300"
X-5696,DUSP10,11221.0,MutNovel,"T140I,0.205"
X-5696,DUSP16,80824.0,MutNovel,"S508N,0.282"
X-5696,DUSP2,1844.0,MutNovel,"P166S,0.286"
X-5696,DUSP23,54935.0,MutKnownFunctional,"W10*,0.265"
X-5696,DUSP3,1845.0,MutNovel,"V9M,0.312"
X-5696,DUSP6,1848.0,MutKnownFunctional,"-378,1.000"
X-5696,DVL3,1857.0,MutNovel,"G563D,0.215"
X-5696,DYM,54808.0,MutNovel,"P137S,0.532"
X-5696,DYNC1H1,1778.0,MutNovel,"G2229E,0.218"
X-5696,DYNC2H1,79659.0,MutNovel,"S1478F,0.800"
X-5696,DYNC2H1,79659.0,MutNovel,"S1876G,0.750"
X-5696,DYNC2H1,79659.0,MutNovel,"G2298E,0.333"
X-5696,DYNLL1,8655.0,MutNovel,"E35K,0.530"
X-5696,DYNLL2,140735.0,MutNovel,"G63D,0.320"
X-5696,DYRK3,8444.0,MutNovel,"S292N,0.459"
X-5696,DYRK3,8444.0,MutNovel,"G466E,0.294"
X-5696,DZIP1L,199221.0,MutNovel,"P637S,1.000"
X-5696,DZIP3,9666.0,MutNovel,"P948S,0.302"
X-5696,E2F1,1869.0,MutNovel,"V159M,0.213"
X-5696,E2F2,1870.0,MutNovel,"D154N,0.462"
X-5696,E2F7,144455.0,MutNovel,"A42V,0.508"
X-5696,EBNA1BP2,10969.0,MutNovel,"G137E,0.300"
X-5696,ECHDC2,55268.0,MutNovel,"G93S,0.297"
X-5696,ECM1,1893.0,MutNovel,"V216I,0.506"
X-5696,ECT2,1894.0,MutNovel,"A345V,0.237"
X-5696,EDEM1,9695.0,MutNovel,"V287M,0.383"
X-5696,EDEM3,80267.0,MutNovel,"G731D,0.238"
X-5696,EDNRB,1910.0,MutNovel,"V103I,0.220"
X-5696,EEA1,8411.0,MutNovel,"T301I,0.510"
X-5696,EEF1D,1936.0,MutNovel,"D572N,0.257"
X-5696,EEF1E1,9521.0,MutNovel,"G19E,0.493"
X-5696,EEF2K,29904.0,MutNovel,"H94Y,0.217"
X-5696,EFHA1,221154.0,MutNovel,"G21E,0.284"
X-5696,EFNA1,1942.0,MutNovel,"T152I,0.395"
X-5696,EGLN1,54583.0,MutNovel,"A88T,0.262"
X-5696,EGR2,1959.0,MutNovel,"G279E,1.000"
X-5696,EHBP1,23301.0,MutNovel,"G1043R,0.283"
X-5696,EHBP1L1,254102.0,MutNovel,"G467E,0.318"
X-5696,EHHADH,1962.0,MutNovel,"S448N,0.351"
X-5696,EHMT1,79813.0,MutNovel,"S145F,0.240"
X-5696,EHMT1,79813.0,MutNovel,"G665S,0.571"
X-5696,EHMT1,79813.0,MutNovel,"A783T,0.277"
X-5696,EHMT1,79813.0,MutNovel,"D865N,0.281"
X-5696,EID1,23741.0,MutNovel,"P79S,0.226"
X-5696,EID1,23741.0,MutNovel,"E187K,0.202"
X-5696,EID2,163126.0,MutNovel,"G45D,0.247"
X-5696,EID2,163126.0,MutNovel,"A25T,0.366"
X-5696,EIF1AY,9086.0,Del0.8,0.13
X-5696,EIF2A,83939.0,MutNovel,"G15R,0.219"
X-5696,EIF2AK1,27102.0,MutNovel,"G628D,0.246"
X-5696,EIF2AK3,9451.0,MutNovel,"S360N,0.319"
X-5696,EIF2AK4,440275.0,MutNovel,"R1340K,0.283"
X-5696,EIF2B1,1967.0,MutNovel,"T117I,0.992"
X-5696,EIF2B5,8893.0,MutNovel,"S529N,0.202"
X-5696,EIF2B5,8893.0,MutNovel,"A645T,0.524"
X-5696,EIF2C1,26523.0,MutNovel,"V196I,0.828"
X-5696,EIF2C2,27161.0,MutNovel,"G674D,0.307"
X-5696,EIF2C4,192670.0,MutNovel,"R169C,0.259"
X-5696,EIF2C4,192670.0,MutNovel,"A588T,0.864"
X-5696,EIF2D,1939.0,MutNovel,"P383S,0.237"
X-5696,EIF2D,1939.0,MutNovel,"G163E,0.230"
X-5696,EIF2D,1939.0,MutNovel,"G139E,0.291"
X-5696,EIF3A,8661.0,MutNovel,"R619K,0.502"
X-5696,EIF3B,8662.0,MutNovel,"G47E,0.222"
X-5696,EIF3B,8662.0,MutNovel,"S51F,0.256"
X-5696,EIF3E,3646.0,MutNovel,"R431K,0.228"
X-5696,EIF3E,3646.0,MutNovel,"R163K,0.206"
X-5696,EIF3E,3646.0,MutNovel,"E72K,0.206"
X-5696,EIF3L,51386.0,MutNovel,"T314I,0.231"
X-5696,EIF4G1,1981.0,MutNovel,"S559N,0.582"
X-5696,EIF4G1,1981.0,MutNovel,"E874K,0.328"
X-5696,EIF4G1,1981.0,MutNovel,"A1531T,0.361"
X-5696,EIF4G2,1982.0,MutNovel,"L217F,0.309"
X-5696,EIF4G2,1982.0,MutNovel,"A63T,0.281"
X-5696,EIF4G2,1982.0,MutNovel,"P30L,0.343"
X-5696,EIF4G3,8672.0,MutNovel,"A981T,0.241"
X-5696,EIF5A2,56648.0,MutNovel,"G130D,0.218"
X-5696,EIF5B,9669.0,MutNovel,"T842I,0.264"
X-5696,EIF6,3692.0,MutNovel,"V107I,0.292"
X-5696,ELF1,1997.0,MutNovel,"T82I,0.254"
X-5696,ELK1,2002.0,MutNovel,"L421F,0.494"
X-5696,ELK4,2005.0,MutNovel,"P329S,0.508"
X-5696,ELK4,2005.0,MutNovel,"P271S,0.246"
X-5696,ELL,8178.0,MutNovel,"A468V,0.373"
X-5696,ELMO3,79767.0,MutNovel,"G688E,0.214"
X-5696,ELP3,55140.0,MutNovel,"A350T,1.000"
X-5696,ELP3,55140.0,MutNovel,"E504K,0.413"
X-5696,ELP3,55140.0,MutNovel,"A505T,0.586"
X-5696,ELP4,26610.0,MutNovel,"A104T,0.245"
X-5696,EMC9,,MutNovel,"E134K,0.245"
X-5696,EME2,197342.0,MutNovel,"T30I,0.800"
X-5696,EML4,27436.0,MutNovel,"S827N,0.508"
X-5696,EML5,161436.0,MutNovel,"E1420K,0.273"
X-5696,EML5,161436.0,MutNovel,"P1353S,1.000"
X-5696,EMR2,30817.0,MutNovel,"A314V,0.212"
X-5696,EN2,2020.0,MutNovel,"S150F,0.431"
X-5696,EN2,2020.0,MutNovel,"S150F,0.431"
X-5696,ENAH,55740.0,MutNovel,"A369V,0.250"
X-5696,ENDOD1,23052.0,MutNovel,"P76L,0.339"
X-5696,ENDOD1,23052.0,MutNovel,"T187I,0.338"
X-5696,ENG,2022.0,MutNovel,"P524S,0.416"
X-5696,ENO3,2027.0,MutNovel,"D294N,0.268"
X-5696,ENTHD2,,MutNovel,"L77F,0.220"
X-5696,ENTPD1,953.0,MutNovel,"V394M,0.308"
X-5696,ENTPD5,957.0,MutKnownFunctional,"Q69*,0.240"
X-5696,ENTPD5,957.0,MutNovel,"S22F,0.281"
X-5696,ENTPD6,955.0,MutNovel,"T131I,0.587"
X-5696,ENTPD6,955.0,MutNovel,"T182I,0.237"
X-5696,ENTPD6,955.0,MutNovel,"D378N,0.562"
X-5696,EP300,2033.0,MutNovel,"P481S,0.310"
X-5696,EP400,57634.0,MutNovel,"G398E,0.235"
X-5696,EP400,57634.0,MutNovel,"V2089M,0.596"
X-5696,EPB41,2035.0,MutNovel,"P713L,0.283"
X-5696,EPB41L1,2036.0,MutNovel,"T265I,0.444"
X-5696,EPB41L5,57669.0,MutNovel,"G259E,0.400"
X-5696,EPG5,57724.0,MutNovel,"D1806N,0.519"
X-5696,EPG5,57724.0,MutNovel,"L1801F,0.476"
X-5696,EPG5,57724.0,MutNovel,"T828I,0.591"
X-5696,EPG5,57724.0,MutNovel,"S248F,0.471"
X-5696,EPG5,57724.0,MutNovel,"P40S,0.593"
X-5696,EPHA2,1969.0,MutNovel,"R861C,0.366"
X-5696,EPHA2,1969.0,MutNovel,"S577F,0.878"
X-5696,EPHA2,1969.0,MutNovel,"E166K,0.688"
X-5696,EPHA3,2042.0,MutNovel,"V935M,1.000"
X-5696,EPHA4,2043.0,MutNovel,"S537F,1.000"
X-5696,EPHB3,2049.0,MutNovel,"A578V,0.750"
X-5696,EPHB4,2050.0,MutNovel,"A455V,0.513"
X-5696,EPHB4,2050.0,MutNovel,"E214K,0.265"
X-5696,EPM2A,7957.0,MutNovel,"P301S,0.430"
X-5696,EPM2AIP1,9852.0,MutNovel,"L259F,0.306"
X-5696,EPRS,2058.0,MutNovel,"P952S,0.288"
X-5696,EPRS,2058.0,MutNovel,"P887S,0.309"
X-5696,EPRS,2058.0,MutNovel,"P618S,0.214"
X-5696,EPRS,2058.0,MutNovel,"G465R,0.225"
X-5696,EPS15,2060.0,MutNovel,"D798N,0.470"
X-5696,EPS15,2060.0,MutNovel,"A36V,0.429"
X-5696,EPS15L1,58513.0,MutNovel,"A880T,0.277"
X-5696,EPS15L1,58513.0,MutNovel,"L161F,0.221"
X-5696,EPS8L2,64787.0,MutNovel,"A172V,0.833"
X-5696,ERAP1,51752.0,MutNovel,"T886I,0.564"
X-5696,ERBB3,2065.0,MutNovel,"G780E,0.267"
X-5696,ERCC3,2071.0,MutNovel,"A88V,0.232"
X-5696,ERCC4,2072.0,MutNovel,"D783N,0.238"
X-5696,ERCC6L2,,MutNovel,"P202S,0.235"
X-5696,ERCC6L2,,MutNovel,"T615I,0.278"
X-5696,ERCC6L2,,MutNovel,"A624V,0.421"
X-5696,ERN1,2081.0,MutNovel,"A707V,0.312"
X-5696,ESD,2098.0,MutNovel,"G152S,0.313"
X-5696,ESF1,51575.0,MutNovel,"E183K,0.297"
X-5696,ESPL1,9700.0,MutNovel,"M1500I,0.288"
X-5696,ESYT1,23344.0,MutNovel,"S699N,0.239"
X-5696,ESYT1,23344.0,MutNovel,"R1101W,0.298"
X-5696,ESYT2,57488.0,MutNovel,"E476K,0.541"
X-5696,ETFDH,2110.0,MutNovel,"A264T,0.739"
X-5696,ETNK2,55224.0,MutNovel,"V128I,0.262"
X-5696,ETS1,2113.0,MutNovel,"T309I,0.343"
X-5696,ETS1,2113.0,MutNovel,"E218K,0.378"
X-5696,ETS1,2113.0,MutNovel,"D180N,0.291"
X-5696,ETV3,2117.0,MutNovel,"P429S,0.357"
X-5696,ETV4,2118.0,MutNovel,"G339D,0.247"
X-5696,ETV4,2118.0,MutNovel,"P117L,0.450"
X-5696,ETV6,2120.0,MutNovel,"S9N,0.489"
X-5696,EVC2,132884.0,MutNovel,"R952K,0.353"
X-5696,EVC2,132884.0,MutNovel,"A33V,1.000"
X-5696,EVI5,7813.0,MutNovel,"T808I,0.229"
X-5696,EVI5,7813.0,MutNovel,"P303S,0.556"
X-5696,EVPL,2125.0,MutNovel,"A1864T,0.750"
X-5696,EWSR1,2130.0,MutNovel,"D5N,0.280"
X-5696,EXD2,55218.0,MutNovel,"P436S,0.287"
X-5696,EXO1,9156.0,MutNovel,"P51S,0.488"
X-5696,EXOC2,55770.0,MutNovel,"T912I,0.441"
X-5696,EXOC3,11336.0,MutNovel,"D651N,1.000"
X-5696,EXOC4,60412.0,MutNovel,"V634I,0.242"
X-5696,EXOC4,60412.0,MutNovel,"D642N,0.283"
X-5696,EXOC5,10640.0,MutNovel,"R609C,0.219"
X-5696,EXOC5,10640.0,MutNovel,"E347K,0.227"
X-5696,EXOC6B,23233.0,MutNovel,"S260N,0.641"
X-5696,EXOC8,149371.0,MutNovel,"A297V,0.258"
X-5696,EXOSC3,51010.0,MutKnownFunctional,"W101*,0.529"
X-5696,EXOSC7,23016.0,MutNovel,"A64T,0.407"
X-5696,EXTL3,2137.0,MutNovel,"P156L,0.491"
X-5696,EXTL3,2137.0,MutNovel,"V717M,0.521"
X-5696,EXTL3,2137.0,MutNovel,"R762K,0.593"
X-5696,EZH1,2145.0,MutNovel,"R17K,0.338"
X-5696,EZH2,2146.0,MutNovel,"V447A,0.314"
X-5696,EZR,7430.0,MutNovel,"P241L,0.345"
X-5696,EZR,7430.0,MutNovel,"M182I,0.346"
X-5696,F12,2161.0,MutNovel,"E611K,0.514"
X-5696,F12,2161.0,MutNovel,"Q429R,0.464"
X-5696,F2R,2149.0,MutNovel,"P40S,0.353"
X-5696,FADS2,9415.0,MutNovel,"E144K,0.385"
X-5696,FAF2,23197.0,MutNovel,"G56S,0.480"
X-5696,FAIM3,9214.0,MutNovel,"V349M,0.202"
X-5696,FAM101B,359845.0,MutNovel,"G40D,0.364"
X-5696,FAM102A,399665.0,MutNovel,"D133N,1.000"
X-5696,FAM104A,84923.0,MutNovel,"P48S,0.303"
X-5696,FAM108B1,51104.0,MutNovel,"T205I,1.000"
X-5696,FAM108C1,58489.0,MutNovel,"D219N,0.238"
X-5696,FAM111A,63901.0,MutNovel,"V13I,0.271"
X-5696,FAM111A,63901.0,MutNovel,"E258K,0.236"
X-5696,FAM111B,374393.0,MutNovel,"E244K,0.353"
X-5696,FAM111B,374393.0,MutNovel,"P567L,0.292"
X-5696,FAM114A1,92689.0,MutNovel,"P72S,0.304"
X-5696,FAM114A2,10827.0,MutNovel,"E504K,0.643"
X-5696,FAM115C,285966.0,MutKnownFunctional,"W827*,0.417"
X-5696,FAM117A,81558.0,MutNovel,"P194S,0.279"
X-5696,FAM120C,54954.0,MutNovel,"P110RRP,1.000"
X-5696,FAM123B,139285.0,MutNovel,"T993I,1.000"
X-5696,FAM123B,139285.0,MutNovel,"T808I,0.400"
X-5696,FAM123B,139285.0,MutNovel,"A590V,0.875"
X-5696,FAM126A,84668.0,MutNovel,"G471D,0.221"
X-5696,FAM129B,64855.0,MutNovel,"P502S,0.297"
X-5696,FAM132A,388581.0,MutNovel,"G92R,0.417"
X-5696,FAM134B,54463.0,MutNovel,"A478V,0.800"
X-5696,FAM13A,10144.0,MutNovel,"P343S,0.407"
X-5696,FAM13A,10144.0,MutNovel,"S285F,0.308"
X-5696,FAM13B,51306.0,MutNovel,"E195K,0.556"
X-5696,FAM160A2,84067.0,MutNovel,"A267V,0.274"
X-5696,FAM160A2,84067.0,MutNovel,"P200S,0.306"
X-5696,FAM168A,23201.0,MutNovel,"A96V,0.302"
X-5696,FAM171A2,284069.0,MutNovel,"T131M,0.215"
X-5696,FAM171A2,284069.0,MutNovel,"P108S,0.461"
X-5696,FAM171A2,284069.0,MutNovel,"V95I,0.395"
X-5696,FAM171A2,284069.0,MutNovel,"T74I,0.449"
X-5696,FAM173A,65990.0,MutNovel,"A169V,0.472"
X-5696,FAM175A,84142.0,MutNovel,"A84T,0.312"
X-5696,FAM176A,84141.0,MutNovel,"D94N,0.440"
X-5696,FAM189A2,9413.0,MutNovel,"P277S,1.000"
X-5696,FAM192A,80011.0,MutNovel,"D178N,0.212"
X-5696,FAM193A,8603.0,MutNovel,"V3I,0.931"
X-5696,FAM193A,8603.0,MutNovel,"A579T,0.232"
X-5696,FAM193A,8603.0,MutNovel,"P941S,0.213"
X-5696,FAM193B,54540.0,MutNovel,"S210F,0.459"
X-5696,FAM199X,139231.0,MutNovel,"D330N,1.000"
X-5696,FAM208A,23272.0,MutNovel,"P1136S,0.218"
X-5696,FAM208A,23272.0,MutNovel,"A782T,0.381"
X-5696,FAM211A,388341.0,MutNovel,"G335S,0.353"
X-5696,FAM212A,389119.0,MutNovel,"A55T,0.562"
X-5696,FAM213A,80195.0,MutNovel,"G142D,0.557"
X-5696,FAM213B,127281.0,MutNovel,"T178I,0.314"
X-5696,FAM214B,80256.0,MutNovel,"P538L,0.522"
X-5696,FAM21A,387680.0,MutNovel,"P936S,0.566"
X-5696,FAM21C,253725.0,MutNovel,"S31N,0.783"
X-5696,FAM220A,,MutNovel,"E184K,0.273"
X-5696,FAM220A,,MutNovel,"T10I,0.281"
X-5696,FAM222B,,MutNovel,"A399V,0.357"
X-5696,FAM222B,,MutKnownFunctional,"W28*,0.406"
X-5696,FAM227A,,MutNovel,"V153M,1.000"
X-5696,FAM35A,54537.0,MutNovel,"D515N,0.556"
X-5696,FAM40B,57464.0,MutNovel,"P607S,0.216"
X-5696,FAM41AY1,340618.0,Del0.8,0.12
X-5696,FAM41AY1,340618.0,Del0.8,0.09
X-5696,FAM48A,55578.0,MutNovel,"M566I,0.228"
X-5696,FAM48A,55578.0,MutNovel,"S475N,0.279"
X-5696,FAM53C,51307.0,MutNovel,"A363T,1.000"
X-5696,FAM54A,113115.0,MutNovel,"P46S,0.395"
X-5696,FAM54B,56181.0,MutNovel,"R27K,0.324"
X-5696,FAM58A,92002.0,MutNovel,"P102S,0.510"
X-5696,FAM63A,55793.0,MutNovel,"S11N,0.263"
X-5696,FAM64A,54478.0,MutNovel,"A58T,0.578"
X-5696,FAM66A,100133172.0,Del0.8,0.64
X-5696,FAM69A,388650.0,MutNovel,"G143E,0.246"
X-5696,FAM73B,84895.0,MutNovel,"S220L,0.217"
X-5696,FAM74A4,401508.0,Del0.8,0.4
X-5696,FAM75A5,727905.0,Del0.8,0.6
X-5696,FAM82A2,55177.0,MutNovel,"D211N,0.275"
X-5696,FAM82B,51115.0,MutNovel,"D296N,0.223"
X-5696,FAM82B,51115.0,MutNovel,"T134I,0.432"
X-5696,FAM83H,286077.0,MutNovel,"P176S,0.525"
X-5696,FAM86C1,55199.0,MutNovel,"G144E,0.333"
X-5696,FAM89B,23625.0,MutKnownFunctional,"Q102*,0.354"
X-5696,FAM95B1,100133036.0,Del0.8,0.53
X-5696,FAM95B1,100133036.0,Del0.8,0.53
X-5696,FAM98C,147965.0,MutNovel,"P171L,0.272"
X-5696,FANCD2,2177.0,MutNovel,"V617I,0.273"
X-5696,FANCD2,2177.0,MutNovel,"E827K,0.464"
X-5696,FANCF,2188.0,MutNovel,"A57T,0.373"
X-5696,FANCI,55215.0,MutNovel,"P1042H,0.339"
X-5696,FANCM,57697.0,MutNovel,"D2038N,0.316"
X-5696,FARS2,10667.0,MutNovel,"V70I,0.258"
X-5696,FARSA,2193.0,MutNovel,"V478M,0.341"
X-5696,FARSA,2193.0,MutNovel,"A285T,0.275"
X-5696,FARSB,10056.0,MutNovel,"L561F,0.363"
X-5696,FARSB,10056.0,MutNovel,"A123T,0.337"
X-5696,FASN,2194.0,MutNovel,"T1879I,0.213"
X-5696,FASTKD1,79675.0,MutNovel,"E377K,0.203"
X-5696,FASTKD5,60493.0,MutNovel,"G677E,0.443"
X-5696,FAT1,2195.0,MutNovel,"P4491S,0.260"
X-5696,FAT1,2195.0,MutNovel,"S3717F,0.291"
X-5696,FAT1,2195.0,MutNovel,"P3454S,0.486"
X-5696,FAT1,2195.0,MutNovel,"E2659K,0.333"
X-5696,FAT1,2195.0,MutNovel,"A2046T,0.650"
X-5696,FAT1,2195.0,MutNovel,"G1407E,0.294"
X-5696,FAT1,2195.0,MutNovel,"P1243S,0.485"
X-5696,FAT4,79633.0,MutNovel,"A4467T,0.875"
X-5696,FAT4,79633.0,MutNovel,"T4927I,0.389"
X-5696,FAT4,79633.0,MutNovel,"D4974N,0.800"
X-5696,FBF1,85302.0,MutNovel,"P1072S,0.407"
X-5696,FBN1,2200.0,MutNovel,"S2813N,0.429"
X-5696,FBN1,2200.0,MutKnownFunctional,"R2414*,0.375"
X-5696,FBXL12,54850.0,MutNovel,"S133N,0.248"
X-5696,FBXL17,64839.0,MutNovel,"R10H,0.500"
X-5696,FBXL18,80028.0,MutNovel,"P259L,0.303"
X-5696,FBXL18,80028.0,MutNovel,"V124M,0.469"
X-5696,FBXL5,26234.0,MutNovel,"S344F,0.314"
X-5696,FBXL5,26234.0,MutNovel,"S236F,0.259"
X-5696,FBXL6,26233.0,MutKnownFunctional,"W278*,0.234"
X-5696,FBXL6,26233.0,MutNovel,"R114C,0.211"
X-5696,FBXL7,23194.0,MutNovel,"A358V,0.419"
X-5696,FBXL7,23194.0,MutNovel,"A489T,0.494"
X-5696,FBXO15,201456.0,MutNovel,"G473E,1.000"
X-5696,FBXO18,84893.0,MutNovel,"G163S,0.592"
X-5696,FBXO2,26232.0,MutNovel,"A25T,0.273"
X-5696,FBXO3,26273.0,MutNovel,"A230V,0.269"
X-5696,FBXO31,79791.0,MutNovel,"G471D,0.300"
X-5696,FBXO32,114907.0,MutNovel,"V247I,0.533"
X-5696,FBXO32,114907.0,MutNovel,"S38N,0.265"
X-5696,FBXO33,254170.0,MutNovel,"D447N,0.222"
X-5696,FBXO38,81545.0,MutNovel,"D1126N,0.580"
X-5696,FBXO38,81545.0,MutNovel,"P1135S,0.540"
X-5696,FBXO44,93611.0,MutNovel,"G55S,0.653"
X-5696,FBXO48,554251.0,MutKnownFunctional,"W101*,0.222"
X-5696,FBXW5,54461.0,MutNovel,"R542H,0.386"
X-5696,FBXW8,26259.0,MutNovel,"V99M,0.333"
X-5696,FBXW9,84261.0,MutNovel,"A234T,0.603"
X-5696,FCGRT,2217.0,MutNovel,"P8L,0.609"
X-5696,FCHO1,23149.0,MutNovel,"V737M,0.474"
X-5696,FCHSD2,9873.0,MutNovel,"G399D,0.326"
X-5696,FCHSD2,9873.0,MutNovel,"A262T,0.219"
X-5696,FDPS,2224.0,MutNovel,"G357E,0.237"
X-5696,FDX1L,112812.0,MutNovel,"R96H,0.276"
X-5696,FDXACB1,91893.0,MutNovel,"E11K,0.750"
X-5696,FEM1A,55527.0,MutNovel,"A478V,0.276"
X-5696,FEM1B,10116.0,MutNovel,"A491T,0.204"
X-5696,FGD4,121512.0,MutNovel,"V313I,0.292"
X-5696,FGD4,121512.0,MutNovel,"V696M,0.233"
X-5696,FGFR1,2260.0,MutNovel,"P753S,0.617"
X-5696,FGFR1,2260.0,MutNovel,"C634Y,0.670"
X-5696,FGFR1OP,11116.0,MutNovel,"E162K,0.446"
X-5696,FGFR1OP2,26127.0,MutNovel,"E216K,0.226"
X-5696,FGFR4,2264.0,MutNovel,"E27K,0.750"
X-5696,FGGY,55277.0,MutNovel,"P148S,0.267"
X-5696,FH,2271.0,MutNovel,"V293I,0.217"
X-5696,FH,2271.0,MutNovel,"M121I,0.275"
X-5696,FHOD1,29109.0,MutNovel,"G1085R,0.281"
X-5696,FHOD3,80206.0,MutNovel,"A728V,0.542"
X-5696,FHOD3,80206.0,MutNovel,"P1372L,0.623"
X-5696,FIG4,9896.0,MutNovel,"S91L,0.222"
X-5696,FIG4,9896.0,MutNovel,"V142I,0.333"
X-5696,FIGF,2277.0,MutKnownFunctional,"R141*,1.000"
X-5696,FIGNL1,63979.0,MutNovel,"A629V,0.254"
X-5696,FIGNL1,63979.0,MutNovel,"E550K,0.228"
X-5696,FIGNL1,63979.0,MutNovel,"P360L,0.268"
X-5696,FIP1L1,81608.0,MutNovel,"P432S,0.284"
X-5696,FJX1,24147.0,MutNovel,"A410V,0.314"
X-5696,FKBP10,60681.0,MutNovel,"G76D,0.218"
X-5696,FKBP4,2288.0,MutKnownFunctional,"Q14*,0.536"
X-5696,FKBP9,11328.0,MutNovel,"G421E,0.285"
X-5696,FKRP,79147.0,MutNovel,"D438N,0.230"
X-5696,FKTN,2218.0,MutNovel,"D375N,0.542"
X-5696,FLG,2312.0,MutNovel,"R2558K,1.000"
X-5696,FLG,2312.0,MutNovel,"E651K,0.571"
X-5696,FLG,2312.0,MutNovel,"S365F,0.222"
X-5696,FLJ22184,80164.0,MutNovel,"P1235S,0.667"
X-5696,FLNA,2316.0,MutNovel,"D70N,0.440"
X-5696,FLNB,2317.0,MutNovel,"P420L,0.289"
X-5696,FLNB,2317.0,MutNovel,"P589L,0.264"
X-5696,FLNB,2317.0,MutNovel,"G1140K,0.207"
X-5696,FLNB,2317.0,MutNovel,"G2072S,0.213"
X-5696,FLNB,2317.0,MutNovel,"P2497L,0.745"
X-5696,FMNL1,752.0,MutNovel,"G539E,0.214"
X-5696,FMNL2,114793.0,MutNovel,"P595L,0.227"
X-5696,FN1,2335.0,MutNovel,"P2431L,0.340"
X-5696,FN1,2335.0,MutNovel,"C2342Y,0.256"
X-5696,FN1,2335.0,MutNovel,"V2278I,0.326"
X-5696,FN1,2335.0,MutNovel,"P1111S,0.322"
X-5696,FN1,2335.0,MutNovel,"E985K,0.273"
X-5696,FN1,2335.0,MutNovel,"G417S,0.329"
X-5696,FNBP4,23360.0,MutNovel,"P811S,0.290"
X-5696,FNBP4,23360.0,MutNovel,"P35S,0.241"
X-5696,FNIP2,57600.0,MutNovel,"G1089R,0.352"
X-5696,FOLH1,2346.0,MutNovel,"S317N,1.000"
X-5696,FOXC1,2296.0,MutNovel,"L328F,0.238"
X-5696,FOXD4L2,100036519.0,Del0.8,0.53
X-5696,FOXF2,2295.0,MutNovel,"P291T,0.625"
X-5696,FOXK1,221937.0,MutNovel,"S441F,0.383"
X-5696,FOXK2,3607.0,MutNovel,"A156T,0.252"
X-5696,FOXM1,2305.0,MutNovel,"G170D,0.229"
X-5696,FOXN2,3344.0,MutNovel,"A36V,0.408"
X-5696,FOXO3,2309.0,MutNovel,"D196N,0.400"
X-5696,FOXO3,2309.0,MutNovel,"S359N,0.404"
X-5696,FOXO3,2309.0,MutNovel,"G374S,0.459"
X-5696,FOXO4,4303.0,MutNovel,"T340I,0.486"
X-5696,FRAT1,10023.0,MutNovel,"P96L,0.600"
X-5696,FRAT2,23401.0,MutNovel,"P175S,0.654"
X-5696,FRAT2,23401.0,MutNovel,"A106T,0.364"
X-5696,FREM2,341640.0,MutNovel,"P1984S,0.300"
X-5696,FRK,2444.0,MutNovel,"A113T,1.000"
X-5696,FRMD4B,23150.0,MutNovel,"G384E,0.296"
X-5696,FRMD4B,23150.0,MutNovel,"E173K,0.283"
X-5696,FRMD7,90167.0,Del0.8,0.75
X-5696,FRS3,10817.0,MutNovel,"T179I,0.233"
X-5696,FRY,10129.0,MutNovel,"T607I,1.000"
X-5696,FRY,10129.0,MutNovel,"A2676V,0.481"
X-5696,FRYL,285527.0,MutNovel,"A2964T,0.337"
X-5696,FSCN1,6624.0,MutNovel,"A319V,0.207"
X-5696,FSCN1,6624.0,MutNovel,"S443N,0.206"
X-5696,FSCN2,25794.0,MutNovel,"V435I,0.500"
X-5696,FSTL1,11167.0,MutNovel,"T266I,0.532"
X-5696,FTO,79068.0,MutNovel,"M172I,0.302"
X-5696,FTSJ3,117246.0,MutNovel,"E700K,0.217"
X-5696,FTSJ3,117246.0,MutNovel,"A180V,0.328"
X-5696,FTSJD1,55783.0,MutNovel,"A262V,0.207"
X-5696,FUK,197258.0,MutNovel,"R523Q,0.211"
X-5696,FUS,2521.0,MutNovel,"G22E,0.821"
X-5696,FUS,2521.0,MutNovel,"A347T,0.364"
X-5696,FUT11,170384.0,MutNovel,"P265L,0.462"
X-5696,FUZ,80199.0,MutNovel,"E320K,0.455"
X-5696,FXR2,9513.0,MutNovel,"S548F,0.521"
X-5696,FXYD5,53827.0,MutNovel,"V50A,0.605"
X-5696,FYN,2534.0,MutNovel,"A146T,0.299"
X-5696,FZD1,8321.0,MutKnownFunctional,"Q81*,0.353"
X-5696,FZD1,8321.0,MutKnownFunctional,"W247*,0.583"
X-5696,FZR1,51343.0,MutNovel,"P37S,0.265"
X-5696,G3BP2,9908.0,MutNovel,"G442D,0.324"
X-5696,G6PC3,92579.0,MutNovel,"A137V,0.296"
X-5696,G6PC3,92579.0,MutNovel,"G262D,0.540"
X-5696,GAA,2548.0,MutNovel,"P63S,0.239"
X-5696,GAA,2548.0,MutNovel,"R837C,0.336"
X-5696,GAA,2548.0,MutNovel,"L948F,0.260"
X-5696,GABPB1,2553.0,MutNovel,"A254T,0.227"
X-5696,GABPB1,2553.0,MutNovel,"A66T,0.261"
X-5696,GABPB2,126626.0,MutNovel,"P281S,0.600"
X-5696,GADD45A,1647.0,MutNovel,"G9R,0.416"
X-5696,GADD45A,1647.0,MutNovel,"P51S,0.360"
X-5696,GADD45B,4616.0,MutNovel,"A106T,0.237"
X-5696,GADD45B,4616.0,MutNovel,"V136M,0.252"
X-5696,GAK,2580.0,MutNovel,"G380S,0.274"
X-5696,GAK,2580.0,MutNovel,"G337D,0.302"
X-5696,GALNT11,63917.0,MutNovel,"D78N,0.449"
X-5696,GALNT11,63917.0,MutNovel,"D86N,0.246"
X-5696,GALNT2,2590.0,MutNovel,"G95E,0.240"
X-5696,GALNT7,51809.0,MutNovel,"P52S,0.286"
X-5696,GAN,8139.0,MutNovel,"P64S,0.357"
X-5696,GANAB,23193.0,MutNovel,"V915M,0.324"
X-5696,GAPVD1,26130.0,MutNovel,"S373N,0.286"
X-5696,GAPVD1,26130.0,MutNovel,"P727S,0.314"
X-5696,GART,2618.0,MutNovel,"G346E,0.254"
X-5696,GAS2L1,10634.0,MutKnownFunctional,"-611,0.271"
X-5696,GAS2L3,283431.0,MutNovel,"P27S,0.481"
X-5696,GATAD1,57798.0,MutNovel,"S203F,0.273"
X-5696,GBA,2629.0,MutNovel,"P94S,0.240"
X-5696,GBE1,2632.0,MutNovel,"V638I,0.208"
X-5696,GBF1,8729.0,MutNovel,"P1366L,0.659"
X-5696,GBP1,2633.0,MutNovel,"L250F,0.312"
X-5696,GCAT,23464.0,MutNovel,"G122E,0.478"
X-5696,GCC1,79571.0,MutNovel,"E469K,0.312"
X-5696,GCC2,9648.0,MutNovel,"P1484S,0.231"
X-5696,GCDH,2639.0,MutNovel,"G175S,0.219"
X-5696,GCFC1,94104.0,MutNovel,"P243S,0.265"
X-5696,GCFC1,94104.0,MutNovel,"A235V,0.536"
X-5696,GCFC2,6936.0,MutNovel,"E748K,0.405"
X-5696,GCFC2,6936.0,MutNovel,"P693S,0.280"
X-5696,GCH1,2643.0,MutNovel,"E61K,0.667"
X-5696,GDAP1,54332.0,MutNovel,"G10E,0.222"
X-5696,GDAP2,54834.0,MutNovel,"G117R,0.383"
X-5696,GDAP2,54834.0,MutNovel,"G106R,0.264"
X-5696,GDF11,10220.0,MutNovel,"E131K,0.321"
X-5696,GDF15,9518.0,MutNovel,"E92K,0.220"
X-5696,GDI1,2664.0,MutNovel,"A445T,0.992"
X-5696,GFI1,2672.0,MutNovel,"G22E,1.000"
X-5696,GFM1,85476.0,MutNovel,"E737K,0.250"
X-5696,GFPT1,2673.0,MutNovel,"S473L,0.217"
X-5696,GGA2,23062.0,MutNovel,"E144K,0.223"
X-5696,GGA3,23163.0,MutNovel,"G620R,0.506"
X-5696,GGA3,23163.0,MutNovel,"D517N,0.228"
X-5696,GGA3,23163.0,MutNovel,"P346S,0.296"
X-5696,GGNBP2,79893.0,MutNovel,"P113S,0.478"
X-5696,GGNBP2,79893.0,MutNovel,"E297K,0.285"
X-5696,GHDC,84514.0,MutNovel,"A273T,0.232"
X-5696,GIGYF1,64599.0,MutNovel,"S1002N,0.265"
X-5696,GIGYF2,26058.0,MutNovel,"P742L,0.377"
X-5696,GIGYF2,26058.0,MutNovel,"PQ1231P,0.270"
X-5696,GINS2,51659.0,MutNovel,"V117I,0.281"
X-5696,GIPR,2696.0,MutNovel,"A340T,0.229"
X-5696,GIPR,2696.0,MutNovel,"G455E,0.312"
X-5696,GIT1,28964.0,MutNovel,"G628S,0.277"
X-5696,GIT2,9815.0,MutNovel,"L541F,0.581"
X-5696,GJC1,10052.0,MutNovel,"P365S,0.236"
X-5696,GJC1,10052.0,MutNovel,"G325S,0.297"
X-5696,GK,2710.0,MutNovel,"A375T,0.443"
X-5696,GLB1L,79411.0,MutNovel,"P401S,0.787"
X-5696,GLE1,2733.0,MutNovel,"P595S,0.348"
X-5696,GLI1,2735.0,MutNovel,"A44T,0.211"
X-5696,GLI1,2735.0,MutNovel,"G273R,0.407"
X-5696,GLI3,2737.0,MutNovel,"A1005T,0.667"
X-5696,GLI4,2738.0,MutNovel,"R69K,0.260"
X-5696,GLMN,11146.0,MutNovel,"A179T,0.388"
X-5696,GLRX5,51218.0,MutNovel,"A10V,0.254"
X-5696,GLUD1,2746.0,MutNovel,"D533N,0.500"
X-5696,GLUL,2752.0,MutNovel,"C346Y,0.813"
X-5696,GLUL,2752.0,MutNovel,"G172D,0.223"
X-5696,GMDS,2762.0,MutNovel,"Y323H,0.333"
X-5696,GMPPA,29926.0,MutNovel,"A45V,0.323"
X-5696,GMPR,2766.0,MutNovel,"T273I,0.226"
X-5696,GMPR2,51292.0,MutNovel,"D325N,0.224"
X-5696,GNA12,2768.0,MutNovel,"T369I,0.259"
X-5696,GNA13,10672.0,MutNovel,"T365I,0.269"
X-5696,GNAI1,2770.0,MutNovel,"G217E,0.263"
X-5696,GNL3,26354.0,MutNovel,"R484M,0.234"
X-5696,GOLGA2,2801.0,MutNovel,"P973L,0.379"
X-5696,GOLGA2,2801.0,MutNovel,"D729N,0.427"
X-5696,GOLGA2,2801.0,MutNovel,"C205Y,0.405"
X-5696,GOLGA2P2Y,84559.0,Del0.8,0.18
X-5696,GOLGA2P2Y,84559.0,Del0.8,0.19
X-5696,GOLGA3,2802.0,MutNovel,"R416Q,0.545"
X-5696,GOLGA5,9950.0,MutNovel,"R141K,0.331"
X-5696,GOLGB1,2804.0,MutNovel,"S3000F,0.508"
X-5696,GOLM1,51280.0,MutNovel,"G275D,0.240"
X-5696,GON4L,54856.0,MutNovel,"A1700V,0.204"
X-5696,GON4L,54856.0,MutNovel,"P1575L,0.239"
X-5696,GON4L,54856.0,MutNovel,"R994K,0.209"
X-5696,GON4L,54856.0,MutNovel,"E649K,0.476"
X-5696,GOPC,57120.0,MutNovel,"G446D,0.507"
X-5696,GORAB,92344.0,MutNovel,"A358V,0.313"
X-5696,GORASP2,26003.0,MutNovel,"A443T,0.213"
X-5696,GPAA1,8733.0,MutNovel,"G56D,0.270"
X-5696,GPATCH1,55094.0,MutNovel,"P403S,0.229"
X-5696,GPATCH3,63906.0,MutNovel,"D309N,0.449"
X-5696,GPATCH3,63906.0,MutNovel,"P135S,0.311"
X-5696,GPATCH4,54865.0,MutNovel,"G159E,0.350"
X-5696,GPATCH8,23131.0,MutNovel,"P1411L,0.295"
X-5696,GPATCH8,23131.0,MutNovel,"D1236N,0.261"
X-5696,GPATCH8,23131.0,MutNovel,"D1125G,0.239"
X-5696,GPATCH8,23131.0,MutNovel,"S942F,0.288"
X-5696,GPATCH8,23131.0,MutNovel,"D348N,0.267"
X-5696,GPBP1L1,60313.0,MutNovel,"P160S,0.317"
X-5696,GPBP1L1,60313.0,MutNovel,"E142K,0.326"
X-5696,GPC1,2817.0,MutNovel,"P519S,0.243"
X-5696,GPCPD1,56261.0,MutNovel,"L405F,0.243"
X-5696,GPI,2821.0,MutNovel,"A111T,0.282"
X-5696,GPKOW,27238.0,MutNovel,"L128F,0.468"
X-5696,GPM6B,2824.0,MutNovel,"V196M,0.516"
X-5696,GPNMB,10457.0,MutNovel,"P87S,0.304"
X-5696,GPR107,57720.0,MutNovel,"P251S,1.000"
X-5696,GPR108,56927.0,MutNovel,"G132E,0.650"
X-5696,GPR124,25960.0,MutNovel,"L139F,0.571"
X-5696,GPR153,387509.0,MutNovel,"R414C,0.342"
X-5696,GPR155,151556.0,MutNovel,"T11I,0.385"
X-5696,GPR158,57512.0,MutNovel,"G1105D,0.600"
X-5696,GPR161,23432.0,MutNovel,"P102S,0.322"
X-5696,GPR3,2827.0,MutNovel,"P40S,0.235"
X-5696,GPR56,9289.0,MutNovel,"P84S,0.618"
X-5696,GPR56,9289.0,MutNovel,"V507I,0.270"
X-5696,GPR63,81491.0,MutNovel,"L220V,1.000"
X-5696,GPR98,84059.0,MutNovel,"T2907I,0.750"
X-5696,GPR98,84059.0,MutNovel,"V2922M,0.857"
X-5696,GPR98,84059.0,MutNovel,"T4040A,0.833"
X-5696,GPR98,84059.0,MutNovel,"P4229L,0.632"
X-5696,GPR98,84059.0,MutNovel,"D4627N,0.667"
X-5696,GPRASP1,9737.0,MutNovel,"R322K,1.000"
X-5696,GPRC5B,51704.0,MutNovel,"S360G,0.363"
X-5696,GPS1,2873.0,MutNovel,"E113K,0.220"
X-5696,GPSM1,26086.0,MutNovel,"C129Y,0.443"
X-5696,GPSM2,29899.0,MutNovel,"E234D,0.772"
X-5696,GPX1,2876.0,MutNovel,"AA12-,0.614"
X-5696,GPX4,2879.0,MutNovel,"P194S,0.317"
X-5696,GRHPR,9380.0,Del0.8,0.76
X-5696,GRK5,2869.0,MutNovel,"C260Y,0.522"
X-5696,GRM2,2912.0,MutNovel,"R656H,1.000"
X-5696,GRN,2896.0,MutNovel,"G462E,0.321"
X-5696,GRWD1,83743.0,MutNovel,"P206S,0.225"
X-5696,GSDMD,79792.0,MutNovel,"A108V,0.457"
X-5696,GSG2,83903.0,MutNovel,"R423W,0.348"
X-5696,GSK3A,2931.0,MutKnownFunctional,"W470*,0.261"
X-5696,GSN,2934.0,MutNovel,"P49S,0.278"
X-5696,GSS,2937.0,MutNovel,"R230K,0.234"
X-5696,GSTT1,2952.0,MutNovel,"P130L,0.237"
X-5696,GTDC1,79712.0,MutNovel,"A201T,0.328"
X-5696,GTDC1,79712.0,MutNovel,"E131K,0.235"
X-5696,GTF2E1,2960.0,MutNovel,"R308C,1.000"
X-5696,GTF2F1,2962.0,MutNovel,"D186N,0.238"
X-5696,GTF2H1,2965.0,MutNovel,"D233N,0.364"
X-5696,GTF2H3,2967.0,MutNovel,"V2I,0.409"
X-5696,GTF2H4,2968.0,MutNovel,"G429D,0.335"
X-5696,GTF2IRD1,9569.0,MutNovel,"G204S,0.556"
X-5696,GTF2IRD1,9569.0,MutNovel,"P772L,0.236"
X-5696,GTF2IRD2,84163.0,MutNovel,"G592D,0.500"
X-5696,GTF3A,2971.0,MutNovel,"T203M,0.308"
X-5696,GTF3C2,2976.0,MutNovel,"P221L,0.524"
X-5696,GTPBP10,85865.0,MutNovel,"CE88WK,0.269"
X-5696,GTPBP2,54676.0,MutNovel,"G38R,0.230"
X-5696,GTPBP5,26164.0,MutNovel,"V230M,0.237"
X-5696,GTPBP5,26164.0,MutNovel,"A352V,0.217"
X-5696,GTPBP5,26164.0,MutNovel,"A354T,0.359"
X-5696,GTSE1,51512.0,MutNovel,"P23S,0.250"
X-5696,GUCY1A2,2977.0,MutNovel,"R136K,0.444"
X-5696,GUK1,2987.0,MutNovel,"A17T,0.272"
X-5696,GXYLT2,727936.0,MutNovel,"P439L,0.500"
X-5696,GYPC,2995.0,MutNovel,"P54S,0.212"
X-5696,GZF1,64412.0,MutNovel,"G431R,0.391"
X-5696,H2AFJ,55766.0,MutNovel,"G47E,0.220"
X-5696,H2AFX,3014.0,MutNovel,"G126R,0.317"
X-5696,H6PD,9563.0,MutNovel,"P421L,0.297"
X-5696,HACE1,57531.0,MutNovel,"A139T,0.214"
X-5696,HACE1,57531.0,MutNovel,"V57I,0.348"
X-5696,HACL1,26061.0,MutNovel,"A7T,0.223"
X-5696,HAGHL,84264.0,MutNovel,"P64S,0.310"
X-5696,HAGHL,84264.0,MutNovel,"P163S,0.290"
X-5696,HAPLN3,145864.0,MutNovel,"A291V,0.262"
X-5696,HAPLN3,145864.0,MutNovel,"G151R,0.247"
X-5696,HARS,3035.0,MutNovel,"D269N,0.996"
X-5696,HARS2,23438.0,MutNovel,"A246T,0.489"
X-5696,HAUS4,54930.0,MutNovel,"A196T,0.265"
X-5696,HAX1,10456.0,MutNovel,"P204S,0.298"
X-5696,HBS1L,10767.0,MutNovel,"V313I,0.474"
X-5696,HBXIP,10542.0,MutNovel,"A62T,0.333"
X-5696,HCCS,3052.0,MutNovel,"G187E,0.498"
X-5696,HCFC1,3054.0,MutNovel,"S1205N,0.438"
X-5696,HCFC1,3054.0,MutNovel,"T936I,0.458"
X-5696,HCFC1,3054.0,MutNovel,"T308I,0.512"
X-5696,HCFC1,3054.0,MutNovel,"A260T,1.000"
X-5696,HCN2,610.0,MutNovel,"R76H,0.739"
X-5696,HCN3,57657.0,MutNovel,"G479D,0.333"
X-5696,HDAC1,3065.0,MutNovel,"E463K,0.291"
X-5696,HDAC10,83933.0,MutNovel,"G524E,0.778"
X-5696,HDAC4,9759.0,MutNovel,"G846E,0.283"
X-5696,HDAC5,10014.0,MutNovel,"A1089T,0.231"
X-5696,HDAC5,10014.0,MutNovel,"S800N,0.244"
X-5696,HDAC6,10013.0,MutNovel,"P212S,0.530"
X-5696,HDAC6,10013.0,MutNovel,"A392V,0.490"
X-5696,HDAC6,10013.0,MutNovel,"G1039R,1.000"
X-5696,HDGFRP3,50810.0,MutKnownFunctional,"Q197*,0.949"
X-5696,HDHD1,8226.0,MutNovel,"L18F,0.594"
X-5696,HDLBP,3069.0,MutNovel,"A1168V,0.335"
X-5696,HDLBP,3069.0,MutNovel,"V753M,0.392"
X-5696,HDLBP,3069.0,MutNovel,"E85K,0.328"
X-5696,HEATR2,54919.0,MutNovel,"A126V,0.750"
X-5696,HEATR2,54919.0,MutNovel,"S627F,0.214"
X-5696,HEATR2,54919.0,MutNovel,"E700K,0.467"
X-5696,HEATR4,399671.0,MutNovel,"A581T,1.000"
X-5696,HEATR7A,727957.0,MutNovel,"P442S,0.244"
X-5696,HEATR7A,727957.0,MutNovel,"G519E,0.393"
X-5696,HEBP2,23593.0,MutNovel,"V173I,0.496"
X-5696,HECTD1,25831.0,MutNovel,"A1988T,0.243"
X-5696,HECTD1,25831.0,MutNovel,"G700E,0.461"
X-5696,HECTD1,25831.0,MutNovel,"L327F,0.267"
X-5696,HELB,92797.0,MutNovel,"D843N,0.364"
X-5696,HELLS,3070.0,MutNovel,"D522N,0.318"
X-5696,HELZ,9931.0,MutNovel,"V768M,0.250"
X-5696,HELZ,9931.0,MutNovel,"T623I,0.288"
X-5696,HELZ,9931.0,MutNovel,"P249S,0.579"
X-5696,HERC1,8925.0,MutNovel,"A3243T,0.218"
X-5696,HERC1,8925.0,MutNovel,"D297N,0.308"
X-5696,HERC2,8924.0,MutNovel,"R4728K,0.345"
X-5696,HERC2,8924.0,MutNovel,"T4546I,0.377"
X-5696,HERC2,8924.0,MutNovel,"G4383E,0.369"
X-5696,HERC2,8924.0,MutNovel,"P2256S,0.333"
X-5696,HERC2,8924.0,MutNovel,"V1980I,0.719"
X-5696,HERC2,8924.0,MutNovel,"S783F,0.812"
X-5696,HERC2,8924.0,MutNovel,"A592V,0.400"
X-5696,HERC3,8916.0,MutNovel,"A1035T,0.294"
X-5696,HERPUD2,64224.0,MutNovel,"G165E,0.299"
X-5696,HERPUD2,64224.0,MutNovel,"G60S,0.321"
X-5696,HEXDC,284004.0,MutNovel,"V87M,0.563"
X-5696,HEY1,23462.0,MutNovel,"G209D,0.292"
X-5696,HGSNAT,138050.0,MutNovel,"E131K,0.351"
X-5696,HGSNAT,138050.0,MutNovel,"L420F,0.260"
X-5696,HGSNAT,138050.0,MutNovel,"A483V,0.237"
X-5696,HHLA3,11147.0,MutNovel,"P92S,0.284"
X-5696,HIAT1,64645.0,MutNovel,"L400F,0.357"
X-5696,HIATL1,84641.0,MutNovel,"P499S,0.333"
X-5696,HIBADH,11112.0,MutNovel,"A165T,0.306"
X-5696,HIBCH,26275.0,MutNovel,"R205K,0.441"
X-5696,HIF1AN,55662.0,MutNovel,"A329T,0.520"
X-5696,HINT2,84681.0,MutNovel,"G22R,0.564"
X-5696,HIP1,3092.0,MutNovel,"G218E,0.562"
X-5696,HIP1R,9026.0,MutNovel,"P301S,0.348"
X-5696,HIP1R,9026.0,MutNovel,"E888K,1.000"
X-5696,HIPK1,204851.0,MutNovel,"L316F,0.446"
X-5696,HIPK2,28996.0,MutNovel,"E149K,0.302"
X-5696,HIPK3,10114.0,MutNovel,"G426D,0.280"
X-5696,HIRA,7290.0,MutNovel,"S905F,0.207"
X-5696,HIST1H2AG,8969.0,MutNovel,"H83Y,0.625"
X-5696,HIST1H2AH,85235.0,MutNovel,"G47D,0.667"
X-5696,HIST1H3E,8353.0,MutNovel,"D124N,0.412"
X-5696,HIST1H3H,8357.0,MutNovel,"A92T,0.500"
X-5696,HIVEP1,3096.0,MutNovel,"P369S,0.500"
X-5696,HIVEP1,3096.0,MutNovel,"G1130E,0.393"
X-5696,HIVEP2,3097.0,MutNovel,"P1223S,0.234"
X-5696,HIVEP2,3097.0,MutNovel,"E18K,0.213"
X-5696,HJURP,55355.0,MutNovel,"A667V,0.382"
X-5696,HKR1,284459.0,MutNovel,"S136F,0.244"
X-5696,HLA-A,3105.0,MutNovel,"E201K,0.478"
X-5696,HLA-DRB1,3123.0,Amp5,7.94
X-5696,HLA-DRB5,3127.0,Amp8,14.62
X-5696,HLA-DRB6,3128.0,Amp5,7.94
X-5696,HLA-F,3134.0,MutKnownFunctional,"-394,0.472"
X-5696,HLA-G,3135.0,MutNovel,"I123F,1.000"
X-5696,HLTF,6596.0,MutNovel,"S825F,0.220"
X-5696,HLX,3142.0,MutNovel,"P169S,0.400"
X-5696,HM13,81502.0,MutNovel,"M107I,0.241"
X-5696,HM13,81502.0,MutNovel,"V223I,0.305"
X-5696,HMG20A,10363.0,MutNovel,"P302S,0.268"
X-5696,HMG20B,10362.0,MutNovel,"G21D,0.613"
X-5696,HMG20B,10362.0,MutNovel,"D94N,0.282"
X-5696,HMG20B,10362.0,MutNovel,"R304H,0.208"
X-5696,HMGCL,3155.0,MutNovel,"E279K,0.305"
X-5696,HMGXB3,22993.0,MutNovel,"V577M,0.510"
X-5696,HMGXB4,10042.0,MutNovel,"E420K,0.293"
X-5696,HMHA1,23526.0,MutNovel,"E220K,0.216"
X-5696,HMHA1,23526.0,MutNovel,"E415K,0.333"
X-5696,HMMR,3161.0,MutNovel,"E418K,0.451"
X-5696,HMOX2,3163.0,MutNovel,"L36F,0.208"
X-5696,HN1L,90861.0,MutNovel,"T61I,0.586"
X-5696,HN1L,90861.0,MutNovel,"S144N,0.306"
X-5696,HNRNPA0,10949.0,MutNovel,"S303N,0.508"
X-5696,HNRNPA1,3178.0,MutNovel,"G278S,0.434"
X-5696,HNRNPA1L2,144983.0,MutNovel,"D48N,0.205"
X-5696,HNRNPA2B1,3181.0,MutNovel,"G329E,0.362"
X-5696,HNRNPC,3183.0,MutNovel,"P116S,0.435"
X-5696,HNRNPD,3184.0,MutNovel,"A13V,0.491"
X-5696,HNRNPH2,3188.0,MutNovel,"P411S,0.508"
X-5696,HNRNPR,10236.0,MutNovel,"A129V,0.331"
X-5696,HNRNPU,3192.0,MutNovel,"G775E,0.261"
X-5696,HNRNPUL1,11100.0,MutNovel,"G790S,0.256"
X-5696,HNRNPUL2,221092.0,MutNovel,"V311I,0.268"
X-5696,HNRPDL,9987.0,MutNovel,"G343D,0.446"
X-5696,HNRPDL,9987.0,MutNovel,"G341S,0.521"
X-5696,HNRPLL,92906.0,MutNovel,"R387K,0.281"
X-5696,HNRPLL,92906.0,MutNovel,"P283S,0.246"
X-5696,HNRPLL,92906.0,MutNovel,"P76L,0.473"
X-5696,HOOK2,29911.0,MutNovel,"P625S,0.234"
X-5696,HOXA13,3209.0,MutNovel,"A201V,1.000"
X-5696,HOXA5,3202.0,MutNovel,"P84S,0.235"
X-5696,HOXA6,3203.0,MutNovel,"E169K,0.333"
X-5696,HOXA6,3203.0,MutNovel,"G155E,0.333"
X-5696,HOXB6,3216.0,MutNovel,"E160K,0.452"
X-5696,HOXB6,3216.0,MutNovel,"S20F,0.618"
X-5696,HOXC10,3226.0,MutNovel,"G22R,0.299"
X-5696,HOXC13,3229.0,MutNovel,"P176S,0.333"
X-5696,HPS4,89781.0,MutNovel,"P520L,0.242"
X-5696,HPS4,89781.0,MutNovel,"P314L,0.245"
X-5696,HPS4,89781.0,MutKnownFunctional,"W15*,0.242"
X-5696,HPS5,11234.0,MutNovel,"A541T,0.220"
X-5696,HPS6,79803.0,MutNovel,"P718S,0.477"
X-5696,HRH2,3274.0,MutNovel,"V234M,0.519"
X-5696,HSD11B1L,374875.0,MutNovel,"R31C,0.222"
X-5696,HSD17B4,3295.0,MutNovel,"D719N,0.492"
X-5696,HSD17B8,7923.0,MutNovel,"G175E,0.201"
X-5696,HSDL2,84263.0,MutNovel,"T5I,0.231"
X-5696,HSDL2,84263.0,MutNovel,"A104V,0.972"
X-5696,HSFY2,159119.0,Del0.8,0.06
X-5696,HSFY2,159119.0,Del0.8,0.06
X-5696,HSPA12A,259217.0,MutNovel,"A393T,0.407"
X-5696,HSPA14,51182.0,MutNovel,"A128T,0.548"
X-5696,HSPA14,51182.0,MutNovel,"G213E,0.995"
X-5696,HSPA1A,3303.0,MutNovel,"T111I,0.333"
X-5696,HSPA1B,3304.0,MutNovel,"T111I,0.267"
X-5696,HSPA4,3308.0,MutNovel,"L266F,0.516"
X-5696,HSPA4L,22824.0,MutNovel,"G460E,0.267"
X-5696,HSPA8,3312.0,MutNovel,"E598K,0.250"
X-5696,HSPA9,3313.0,MutNovel,"A410T,1.000"
X-5696,HSPB1,3315.0,MutNovel,"V6A,0.602"
X-5696,HSPB2,3316.0,MutNovel,"P7L,0.636"
X-5696,HSPBP1,23640.0,MutNovel,"G272E,0.274"
X-5696,HSPD1,3329.0,MutNovel,"L46F,0.403"
X-5696,HSPG2,3339.0,MutNovel,"V2615I,0.583"
X-5696,HSPG2,3339.0,MutNovel,"G72E,0.500"
X-5696,HTATIP2,10553.0,MutNovel,"V249M,0.847"
X-5696,HTRA2,27429.0,MutNovel,"D284N,0.218"
X-5696,HTT,3064.0,MutNovel,"Y1704C,0.280"
X-5696,HTT,3064.0,MutNovel,"G2920S,0.329"
X-5696,HUWE1,10075.0,MutNovel,"T3484I,0.529"
X-5696,HUWE1,10075.0,MutNovel,"L845F,0.354"
X-5696,HUWE1,10075.0,MutNovel,"A737T,0.450"
X-5696,HYDIN,54768.0,MutNovel,"V1717M,1.000"
X-5696,HYDIN,54768.0,MutNovel,"M497I,1.000"
X-5696,IARS2,55699.0,MutNovel,"G92E,0.305"
X-5696,IARS2,55699.0,MutNovel,"V105I,0.264"
X-5696,IARS2,55699.0,MutNovel,"G862W,0.230"
X-5696,ICAM1,3383.0,MutNovel,"K77N,0.230"
X-5696,ICAM3,3385.0,MutNovel,"V342I,0.300"
X-5696,ICAM3,3385.0,MutNovel,"V332M,0.297"
X-5696,ID1,3397.0,MutNovel,"P128S,0.500"
X-5696,IDH1,3417.0,MutKnownFunctional,"R132C,0.335"
X-5696,IDH3A,3419.0,MutNovel,"V31I,0.279"
X-5696,IDS,3423.0,MutNovel,"A519T,0.599"
X-5696,IDS,3423.0,MutNovel,"P423L,0.476"
X-5696,IDS,3423.0,MutNovel,"Y128F,0.471"
X-5696,IDUA,3425.0,MutNovel,"P55S,0.279"
X-5696,IER2,9592.0,MutNovel,"G88D,0.261"
X-5696,IER2,9592.0,MutNovel,"A219V,0.281"
X-5696,IER5L,389792.0,MutNovel,"A143V,0.381"
X-5696,IFFO1,25900.0,MutNovel,"E440K,0.466"
X-5696,IFFO2,126917.0,MutNovel,"P200S,0.333"
X-5696,IFI16,3428.0,MutNovel,"V188I,0.249"
X-5696,IFI27,3429.0,MutNovel,"A43V,0.848"
X-5696,IFI27L2,83982.0,MutNovel,"A88V,0.249"
X-5696,IFI44,10561.0,MutNovel,"G380E,0.341"
X-5696,IFIH1,64135.0,MutNovel,"P480S,0.250"
X-5696,IFIH1,64135.0,MutNovel,"E321K,0.609"
X-5696,IFIT1,3434.0,MutNovel,"P205L,0.393"
X-5696,IFITM10,402778.0,MutNovel,"P101S,0.227"
X-5696,IFNGR2,3460.0,MutNovel,"V248I,0.230"
X-5696,IFT140,9742.0,MutNovel,"G617E,0.411"
X-5696,IFT140,9742.0,MutNovel,"V569M,0.256"
X-5696,IFT172,26160.0,MutNovel,"S1747F,0.367"
X-5696,IFT172,26160.0,MutNovel,"G1680D,0.424"
X-5696,IFT80,57560.0,MutNovel,"R719H,0.244"
X-5696,IFT80,57560.0,MutNovel,"E304K,0.231"
X-5696,IGF1R,3480.0,MutNovel,"A716V,0.219"
X-5696,IGF2R,3482.0,MutNovel,"A1737T,0.470"
X-5696,IGF2R,3482.0,MutNovel,"S2473N,0.486"
X-5696,IGFBP2,3485.0,MutNovel,"S117F,0.926"
X-5696,IGFBP4,3487.0,MutNovel,"P168S,0.233"
X-5696,IGHMBP2,3508.0,MutNovel,"A95V,0.500"
X-5696,IGSF11,152404.0,MutNovel,"T225I,0.273"
X-5696,IGSF22,283284.0,MutNovel,"D1041N,0.400"
X-5696,IGSF3,3321.0,MutNovel,"S1171N,0.282"
X-5696,IGSF9B,22997.0,MutNovel,"E1313K,0.500"
X-5696,IKBKE,9641.0,MutNovel,"T176I,0.314"
X-5696,IKBKE,9641.0,MutNovel,"G435E,0.231"
X-5696,IL12RB2,3595.0,MutNovel,"L92F,0.297"
X-5696,IL16,3603.0,MutNovel,"P661S,0.237"
X-5696,IL16,3603.0,MutNovel,"A1185T,0.279"
X-5696,IL17RD,54756.0,MutNovel,"A390T,0.636"
X-5696,IL17RE,132014.0,MutNovel,"A450T,0.280"
X-5696,IL27RA,9466.0,MutNovel,"G86E,0.388"
X-5696,IL27RA,9466.0,MutNovel,"G248E,0.424"
X-5696,IL2RB,3560.0,MutNovel,"A377T,0.875"
X-5696,IL6R,3570.0,MutNovel,"P117L,0.559"
X-5696,IL6R,3570.0,MutNovel,"A375T,0.302"
X-5696,IL9R,3581.0,MutKnownFunctional,"W1066*,0.556"
X-5696,ILK,3611.0,MutNovel,"T412I,0.321"
X-5696,ILKAP,80895.0,MutNovel,"D2N,0.304"
X-5696,ILVBL,10994.0,MutNovel,"G323R,0.528"
X-5696,IMP4,92856.0,MutNovel,"V85I,0.229"
X-5696,IMPA2,3613.0,MutNovel,"G147D,0.483"
X-5696,IMPDH1,3614.0,MutNovel,"G530D,0.281"
X-5696,IMPDH1,3614.0,MutNovel,"A481V,0.236"
X-5696,INF2,64423.0,MutNovel,"G297S,0.335"
X-5696,ING1,3621.0,MutNovel,"S25F,0.277"
X-5696,ING3,54556.0,MutNovel,"C406Y,0.337"
X-5696,INO80B,83444.0,MutNovel,"P206L,0.239"
X-5696,INO80C,125476.0,MutNovel,"G131D,0.460"
X-5696,INPP4A,3631.0,MutNovel,"P405S,0.297"
X-5696,INPP4A,3631.0,MutNovel,"S660N,0.268"
X-5696,INPP5A,3632.0,MutNovel,"V130I,0.533"
X-5696,INPP5F,22876.0,MutNovel,"D197N,1.000"
X-5696,INSR,3643.0,MutNovel,"D601N,0.281"
X-5696,INTS1,26173.0,MutNovel,"S1937F,0.278"
X-5696,INTS1,26173.0,MutNovel,"A1827T,0.275"
X-5696,INTS1,26173.0,MutNovel,"P262L,0.275"
X-5696,INTS2,57508.0,MutNovel,"E524K,0.379"
X-5696,INTS3,65123.0,MutNovel,"V357I,0.321"
X-5696,INTS3,65123.0,MutNovel,"P826S,0.607"
X-5696,INTS3,65123.0,MutNovel,"E889K,0.592"
X-5696,INTS5,80789.0,MutNovel,"G646R,0.329"
X-5696,INTS7,25896.0,MutNovel,"A13T,0.333"
X-5696,INTS8,55656.0,MutNovel,"A150T,0.295"
X-5696,INTS8,55656.0,MutNovel,"G289S,0.298"
X-5696,INVS,27130.0,MutNovel,"R49K,0.391"
X-5696,INVS,27130.0,MutNovel,"E321K,0.617"
X-5696,IPO13,9670.0,MutNovel,"D883N,0.462"
X-5696,IPO5,3843.0,MutNovel,"A135T,0.237"
X-5696,IPO9,55705.0,MutNovel,"A105T,0.248"
X-5696,IPO9,55705.0,MutNovel,"C450Y,0.308"
X-5696,IPP,3652.0,MutNovel,"A286V,0.516"
X-5696,IPP,3652.0,MutNovel,"C263Y,0.367"
X-5696,IQCE,23288.0,MutNovel,"R445Q,0.365"
X-5696,IQGAP1,8826.0,MutNovel,"E60K,0.455"
X-5696,IQGAP1,8826.0,MutNovel,"M892I,0.286"
X-5696,IQGAP3,128239.0,MutNovel,"L549F,0.263"
X-5696,IQGAP3,128239.0,MutNovel,"S512N,0.250"
X-5696,IQGAP3,128239.0,MutNovel,"L172F,0.274"
X-5696,IREB2,3658.0,MutNovel,"P211S,0.404"
X-5696,IREB2,3658.0,MutNovel,"P448S,0.292"
X-5696,IRF2,3660.0,MutNovel,"R249W,0.378"
X-5696,IRF2BPL,64207.0,MutNovel,"R59Q,0.453"
X-5696,IRS2,8660.0,MutNovel,"A1133T,0.277"
X-5696,IRS2,8660.0,MutNovel,"G1000S,0.323"
X-5696,IRS2,8660.0,MutNovel,"S262L,0.519"
X-5696,IRS2,8660.0,MutNovel,"A13T,0.240"
X-5696,IRX3,79191.0,MutNovel,"E250K,0.520"
X-5696,ISCA2,122961.0,MutNovel,"G76R,0.221"
X-5696,ISG20L2,81875.0,MutNovel,"V338I,0.299"
X-5696,ISM1,140862.0,MutNovel,"F81C,0.286"
X-5696,ISM1,140862.0,MutNovel,"P363L,0.385"
X-5696,ITCH,83737.0,MutNovel,"P63S,0.294"
X-5696,ITFG2,55846.0,MutNovel,"V100M,0.280"
X-5696,ITFG3,83986.0,MutNovel,"P73S,0.224"
X-5696,ITGA2,3673.0,MutNovel,"S171F,0.571"
X-5696,ITGA2,3673.0,MutNovel,"P220S,0.778"
X-5696,ITGA3,3675.0,MutNovel,"A314T,0.210"
X-5696,ITGA3,3675.0,MutNovel,"G667E,0.264"
X-5696,ITGA6,3655.0,MutNovel,"D168N,0.255"
X-5696,ITGA7,3679.0,MutNovel,"A239T,0.230"
X-5696,ITGA7,3679.0,MutNovel,"E22K,0.400"
X-5696,ITGAV,3685.0,MutNovel,"G299S,0.359"
X-5696,ITGAX,3687.0,MutNovel,"A7V,0.646"
X-5696,ITGB3,3690.0,MutNovel,"G477D,0.321"
X-5696,ITGB3BP,23421.0,MutNovel,"A7V,0.444"
X-5696,ITGB4,3691.0,MutNovel,"A1468T,0.308"
X-5696,ITIH4,3700.0,MutNovel,"G375E,0.357"
X-5696,ITIH4,3700.0,MutNovel,"P136S,0.667"
X-5696,ITIH6,347365.0,MutNovel,"G1051E,0.560"
X-5696,ITPA,3704.0,MutNovel,"G15E,0.286"
X-5696,ITPK1,3705.0,MutNovel,"P183L,0.277"
X-5696,ITPKB,3707.0,MutNovel,"T863I,0.202"
X-5696,ITPKB,3707.0,MutNovel,"D618N,0.228"
X-5696,ITPKB,3707.0,MutNovel,"E477K,0.201"
X-5696,ITPKC,80271.0,MutNovel,"D382N,0.215"
X-5696,ITPKC,80271.0,MutNovel,"G530D,0.262"
X-5696,ITPR1,3708.0,MutNovel,"R265K,0.647"
X-5696,ITPR1,3708.0,MutNovel,"G1876R,0.244"
X-5696,ITPR1,3708.0,MutNovel,"A2255T,0.571"
X-5696,ITPR2,3709.0,MutNovel,"A2147T,0.412"
X-5696,ITPR2,3709.0,MutNovel,"E1272K,0.485"
X-5696,ITPR2,3709.0,MutNovel,"T648I,0.731"
X-5696,ITPR3,3710.0,MutNovel,"R2367H,0.222"
X-5696,ITSN1,6453.0,MutNovel,"S844F,0.389"
X-5696,ITSN2,50618.0,MutNovel,"T926I,0.543"
X-5696,ITSN2,50618.0,MutNovel,"S849F,0.367"
X-5696,IVNS1ABP,10625.0,MutNovel,"A280V,0.245"
X-5696,IWS1,55677.0,MutNovel,"S3L,0.278"
X-5696,IZUMO4,113177.0,MutNovel,"P99L,0.250"
X-5696,JAG1,182.0,MutNovel,"A874V,0.316"
X-5696,JAG1,182.0,MutNovel,"G724R,0.380"
X-5696,JAG1,182.0,MutNovel,"P369L,0.409"
X-5696,JAK1,3716.0,MutNovel,"E460K,0.471"
X-5696,JAK1,3716.0,MutNovel,"P429S,0.612"
X-5696,JAK2,3717.0,Del0.8,0.68
X-5696,JAK3,3718.0,MutNovel,"D846G,0.545"
X-5696,JAZF1,221895.0,MutNovel,"P115L,0.364"
X-5696,JMJD1C,221037.0,MutNovel,"P751S,0.412"
X-5696,JMJD6,23210.0,MutNovel,"S38N,0.417"
X-5696,JRK,8629.0,MutNovel,"A437V,0.458"
X-5696,JUNB,3726.0,MutNovel,"G205E,0.216"
X-5696,JUND,3727.0,MutNovel,"G13D,0.243"
X-5696,JUP,3728.0,MutNovel,"P35S,0.344"
X-5696,KANK1,23189.0,MutNovel,"E333K,0.510"
X-5696,KANSL1L,,MutNovel,"M261I,0.265"
X-5696,KANSL2,54934.0,MutNovel,"P57L,0.241"
X-5696,KANSL3,55683.0,MutNovel,"P875S,0.300"
X-5696,KANSL3,55683.0,MutNovel,"S714F,0.214"
X-5696,KANSL3,55683.0,MutNovel,"D529N,0.268"
X-5696,KANSL3,55683.0,MutNovel,"L25R,0.293"
X-5696,KAT2A,2648.0,MutKnownFunctional,"W751*,0.547"
X-5696,KAT2B,8850.0,MutNovel,"T644I,0.260"
X-5696,KAT2B,8850.0,MutNovel,"P805L,0.249"
X-5696,KATNA1,11104.0,MutNovel,"S449F,0.247"
X-5696,KATNB1,10300.0,MutNovel,"V195I,0.265"
X-5696,KATNB1,10300.0,MutNovel,"A450T,0.314"
X-5696,KATNB1,10300.0,MutNovel,"S569N,0.293"
X-5696,KAZN,23254.0,MutNovel,"A193V,0.380"
X-5696,KBTBD10,10324.0,MutNovel,"G590E,0.348"
X-5696,KBTBD7,84078.0,MutNovel,"V382I,0.526"
X-5696,KBTBD7,84078.0,MutNovel,"V124M,0.450"
X-5696,KCNC4,3749.0,MutNovel,"P525L,0.333"
X-5696,KCNH1,3756.0,MutNovel,"A924V,0.500"
X-5696,KCNH1,3756.0,MutNovel,"M859I,0.444"
X-5696,KCNH4,23415.0,MutNovel,"G252D,0.750"
X-5696,KCNH8,131096.0,MutNovel,"G974E,0.298"
X-5696,KCNIP3,30818.0,MutNovel,"V72M,0.235"
X-5696,KCNJ14,3770.0,MutKnownFunctional,"W327*,0.333"
X-5696,KCNQ1,3784.0,MutNovel,"P447S,0.900"
X-5696,KCNQ5,56479.0,MutNovel,"T478I,0.516"
X-5696,KCP,375616.0,MutNovel,"C448Y,0.212"
X-5696,KCTD14,65987.0,MutNovel,"P143S,1.000"
X-5696,KCTD20,222658.0,MutNovel,"D388N,0.209"
X-5696,KCTD21,283219.0,MutNovel,"E225K,0.306"
X-5696,KCTD3,51133.0,MutNovel,"V274M,0.246"
X-5696,KCTD6,200845.0,MutNovel,"R73K,0.242"
X-5696,KCTD7,154881.0,MutNovel,"G233E,0.300"
X-5696,KCTD9,54793.0,MutNovel,"D314Y,0.431"
X-5696,KDELR1,10945.0,MutNovel,"A180T,0.236"
X-5696,KDM2A,22992.0,MutKnownFunctional,"W516*,0.734"
X-5696,KDM2A,22992.0,MutNovel,"P1001L,0.434"
X-5696,KDM2B,84678.0,MutNovel,"S154F,0.548"
X-5696,KDM3B,51780.0,MutNovel,"C806Y,0.509"
X-5696,KDM3B,51780.0,MutNovel,"T1288I,0.554"
X-5696,KDM4B,23030.0,MutNovel,"G536D,0.257"
X-5696,KDM4C,23081.0,MutNovel,"P783S,0.350"
X-5696,KDM5A,5927.0,MutNovel,"S1406F,0.366"
X-5696,KDM5A,5927.0,MutNovel,"P1041S,0.449"
X-5696,KDM5A,5927.0,MutNovel,"D412N,0.766"
X-5696,KDM5B,10765.0,MutNovel,"G1097D,0.505"
X-5696,KDM5B,10765.0,MutNovel,"A781V,0.202"
X-5696,KDM5B,10765.0,MutNovel,"P546S,0.425"
X-5696,KDM5B,10765.0,MutNovel,"G21S,0.286"
X-5696,KDM5D,8284.0,Del0.8,0.13
X-5696,KDM6A,7403.0,MutNovel,"D357N,0.500"
X-5696,KDM6A,7403.0,MutNovel,"G656S,0.706"
X-5696,KDM6A,7403.0,MutNovel,"G1215E,0.512"
X-5696,KDM6B,23135.0,MutNovel,"G338D,0.667"
X-5696,KGFLP1,387628.0,Del0.8,0.4
X-5696,KGFLP2,654466.0,Del0.8,0.53
X-5696,KHDRBS1,10657.0,MutNovel,"P439L,0.324"
X-5696,KHDRBS3,10656.0,MutNovel,"S15F,0.206"
X-5696,KHK,3795.0,MutNovel,"S116N,0.586"
X-5696,KHNYN,23351.0,MutNovel,"G72D,0.266"
X-5696,KHNYN,23351.0,MutNovel,"E77K,0.301"
X-5696,KHNYN,23351.0,MutNovel,"R356K,0.506"
X-5696,KHSRP,8570.0,MutKnownFunctional,"W648*,0.207"
X-5696,KHSRP,8570.0,MutNovel,"P588L,0.307"
X-5696,KHSRP,8570.0,MutNovel,"G536E,0.201"
X-5696,KIAA0020,9933.0,MutNovel,"A176T,1.000"
X-5696,KIAA0146,23514.0,MutNovel,"D522N,0.229"
X-5696,KIAA0182,23199.0,MutNovel,"E1103K,0.232"
X-5696,KIAA0195,9772.0,MutNovel,"S375F,0.600"
X-5696,KIAA0195,9772.0,MutNovel,"G874D,0.330"
X-5696,KIAA0226L,80183.0,MutNovel,"D405N,0.417"
X-5696,KIAA0226L,80183.0,MutNovel,"S11F,0.353"
X-5696,KIAA0232,9778.0,MutNovel,"E399K,0.357"
X-5696,KIAA0284,283638.0,MutNovel,"A315T,0.249"
X-5696,KIAA0284,283638.0,MutNovel,"G381E,0.246"
X-5696,KIAA0284,283638.0,MutNovel,"A1161V,0.476"
X-5696,KIAA0284,283638.0,MutNovel,"A1338T,0.211"
X-5696,KIAA0284,283638.0,MutNovel,"P1537S,0.558"
X-5696,KIAA0317,9870.0,MutNovel,"G97R,0.257"
X-5696,KIAA0355,9710.0,MutNovel,"G79D,0.250"
X-5696,KIAA0355,9710.0,MutNovel,"A494T,0.264"
X-5696,KIAA0368,23392.0,MutNovel,"A1770T,0.413"
X-5696,KIAA0391,9692.0,MutNovel,"A527T,0.262"
X-5696,KIAA0430,9665.0,MutNovel,"P1009S,0.240"
X-5696,KIAA0528,9847.0,MutNovel,"R862C,0.225"
X-5696,KIAA0528,9847.0,MutNovel,"G563R,0.256"
X-5696,KIAA0556,23247.0,MutNovel,"V833I,0.333"
X-5696,KIAA0556,23247.0,MutNovel,"P920L,0.289"
X-5696,KIAA0556,23247.0,MutNovel,"S1332F,0.246"
X-5696,KIAA0564,23078.0,MutNovel,"T1260I,0.419"
X-5696,KIAA0564,23078.0,MutNovel,"L1207F,0.417"
X-5696,KIAA0753,9851.0,MutNovel,"A171V,0.500"
X-5696,KIAA0754,643314.0,MutNovel,"P229S,0.778"
X-5696,KIAA0895L,653319.0,MutNovel,"S419F,0.222"
X-5696,KIAA0913,23053.0,MutNovel,"G346D,0.450"
X-5696,KIAA0913,23053.0,MutNovel,"E1015K,0.478"
X-5696,KIAA0913,23053.0,MutNovel,"S1683F,0.532"
X-5696,KIAA0930,23313.0,MutNovel,"R230C,0.230"
X-5696,KIAA0930,23313.0,MutNovel,"G158E,0.281"
X-5696,KIAA0930,23313.0,MutNovel,"T43I,0.221"
X-5696,KIAA0947,23379.0,MutNovel,"S287F,0.971"
X-5696,KIAA1009,22832.0,MutNovel,"E82K,0.750"
X-5696,KIAA1033,23325.0,MutNovel,"A382T,0.385"
X-5696,KIAA1109,84162.0,MutNovel,"E684K,0.895"
X-5696,KIAA1109,84162.0,MutNovel,"T1743I,0.500"
X-5696,KIAA1109,84162.0,MutNovel,"L2029F,0.333"
X-5696,KIAA1109,84162.0,MutNovel,"G3956E,0.333"
X-5696,KIAA1211,57482.0,MutKnownFunctional,"W300*,0.409"
X-5696,KIAA1217,56243.0,Del0.8,0.67
X-5696,KIAA1324L,222223.0,MutNovel,"A755T,0.389"
X-5696,KIAA1324L,222223.0,MutNovel,"V648I,0.328"
X-5696,KIAA1324L,222223.0,MutNovel,"A593V,0.472"
X-5696,KIAA1429,25962.0,MutNovel,"G1799E,0.220"
X-5696,KIAA1429,25962.0,MutNovel,"M1483I,0.298"
X-5696,KIAA1429,25962.0,MutNovel,"V1274I,0.244"
X-5696,KIAA1430,57587.0,MutNovel,"S155Y,0.316"
X-5696,KIAA1432,57589.0,MutNovel,"A714T,1.000"
X-5696,KIAA1467,57613.0,MutNovel,"P83L,0.273"
X-5696,KIAA1467,57613.0,MutNovel,"T296I,0.432"
X-5696,KIAA1467,57613.0,MutNovel,"G500E,0.368"
X-5696,KIAA1468,57614.0,MutNovel,"E378K,0.564"
X-5696,KIAA1468,57614.0,MutNovel,"A628T,0.458"
X-5696,KIAA1468,57614.0,MutNovel,"V1043M,0.381"
X-5696,KIAA1522,57648.0,MutNovel,"P320L,0.419"
X-5696,KIAA1522,57648.0,MutNovel,"T617M,0.261"
X-5696,KIAA1522,57648.0,MutNovel,"T900I,0.429"
X-5696,KIAA1524,57650.0,MutNovel,"V206M,0.359"
X-5696,KIAA1549,57670.0,MutNovel,"P1578L,0.429"
X-5696,KIAA1731,85459.0,MutNovel,"P660L,0.417"
X-5696,KIAA1737,85457.0,MutNovel,"R301C,0.308"
X-5696,KIAA1755,85449.0,MutNovel,"A1011V,0.231"
X-5696,KIAA1919,91749.0,MutNovel,"G175E,0.390"
X-5696,KIAA1958,158405.0,MutNovel,"E669K,0.360"
X-5696,KIAA1967,57805.0,MutNovel,"L178M,0.543"
X-5696,KIAA2018,205717.0,MutNovel,"S1086F,0.500"
X-5696,KIAA2018,205717.0,MutNovel,"A1084T,0.471"
X-5696,KIAA2018,205717.0,MutKnownFunctional,"-1016,0.833"
X-5696,KIAA2018,205717.0,MutNovel,"V515I,0.667"
X-5696,KIDINS220,57498.0,MutNovel,"P338S,0.972"
X-5696,KIF13A,63971.0,MutNovel,"A696V,0.277"
X-5696,KIF13A,63971.0,MutNovel,"R546K,0.361"
X-5696,KIF13A,63971.0,MutNovel,"E21K,0.550"
X-5696,KIF13B,23303.0,MutNovel,"V805I,0.481"
X-5696,KIF14,9928.0,MutNovel,"D797N,0.241"
X-5696,KIF14,9928.0,MutNovel,"A435T,0.286"
X-5696,KIF16B,55614.0,MutNovel,"A1183V,0.688"
X-5696,KIF16B,55614.0,MutNovel,"A288V,0.354"
X-5696,KIF18A,81930.0,MutNovel,"G520E,0.221"
X-5696,KIF18A,81930.0,MutNovel,"S262F,0.361"
X-5696,KIF18B,146909.0,MutNovel,"P703S,0.444"
X-5696,KIF18B,146909.0,MutNovel,"A283V,0.330"
X-5696,KIF18B,146909.0,MutNovel,"V247M,0.258"
X-5696,KIF1B,23095.0,MutNovel,"G1050D,0.209"
X-5696,KIF1C,10749.0,MutNovel,"P1067S,0.624"
X-5696,KIF20B,9585.0,MutNovel,"E1163K,1.000"
X-5696,KIF20B,9585.0,MutNovel,"E1182K,0.409"
X-5696,KIF22,3835.0,MutNovel,"G599S,0.288"
X-5696,KIF23,9493.0,MutNovel,"G106D,0.211"
X-5696,KIF2C,11004.0,MutNovel,"P672S,0.477"
X-5696,KIF3B,9371.0,MutNovel,"G731E,0.500"
X-5696,KIF4A,24137.0,MutNovel,"E945K,0.588"
X-5696,KIF5B,3799.0,MutNovel,"R295K,0.498"
X-5696,KIF6,221458.0,MutKnownFunctional,"R640*,0.233"
X-5696,KIF7,374654.0,MutNovel,"G1310D,0.250"
X-5696,KIF7,374654.0,MutNovel,"G463D,0.571"
X-5696,KIFC1,3833.0,MutNovel,"R376W,0.236"
X-5696,KIFC3,3801.0,MutNovel,"R17W,0.346"
X-5696,KIRREL,55243.0,MutNovel,"G81E,0.286"
X-5696,KIRREL,55243.0,MutNovel,"A427T,0.266"
X-5696,KIRREL3,84623.0,MutNovel,"S566N,0.750"
X-5696,KIT,3815.0,MutNovel,"E671K,0.391"
X-5696,KIT,3815.0,MutNovel,"P754S,0.692"
X-5696,KLF14,136259.0,MutNovel,"H47P,1.000"
X-5696,KLF15,28999.0,MutNovel,"P102L,0.556"
X-5696,KLF15,28999.0,MutNovel,"L6F,0.476"
X-5696,KLF16,83855.0,MutNovel,"A122V,0.500"
X-5696,KLF3,51274.0,MutKnownFunctional,"-224,0.258"
X-5696,KLF7,8609.0,MutNovel,"V176L,0.667"
X-5696,KLHDC3,116138.0,MutNovel,"P204S,0.288"
X-5696,KLHDC4,54758.0,MutNovel,"G454D,0.326"
X-5696,KLHL12,59349.0,MutNovel,"P45S,0.248"
X-5696,KLHL29,114818.0,MutNovel,"H529Y,0.575"
X-5696,KLHL36,79786.0,MutNovel,"V579I,0.239"
X-5696,KLHL7,55975.0,MutNovel,"E22K,0.214"
X-5696,KLK6,5653.0,MutNovel,"D205V,0.613"
X-5696,KLK6,5653.0,MutNovel,"G174D,0.367"
X-5696,KLKB1,3818.0,MutNovel,"G425R,0.833"
X-5696,KPNA1,3836.0,MutNovel,"P246S,0.566"
X-5696,KPNA3,3839.0,MutNovel,"E345K,0.258"
X-5696,KPNA6,23633.0,MutNovel,"A398T,0.310"
X-5696,KPNB1,3837.0,MutNovel,"V221M,0.535"
X-5696,KRAS,3845.0,MutNovel,"D30N,0.255"
X-5696,KREMEN2,79412.0,MutKnownFunctional,"W223*,0.359"
X-5696,KREMEN2,79412.0,MutNovel,"A254V,0.233"
X-5696,KRR1,11103.0,MutNovel,"S284N,0.300"
X-5696,KRR1,11103.0,MutNovel,"E57K,0.225"
X-5696,KRT8,3856.0,MutNovel,"M276I,0.514"
X-5696,KRT8,3856.0,MutNovel,"S152N,0.260"
X-5696,KTI12,112970.0,MutNovel,"G243R,0.405"
X-5696,KTN1,3895.0,MutNovel,"D680N,0.230"
X-5696,L1CAM,3897.0,MutNovel,"G483S,1.000"
X-5696,LACC1,144811.0,MutNovel,"A37T,0.235"
X-5696,LACC1,144811.0,MutNovel,"G384E,0.250"
X-5696,LACTB,114294.0,MutNovel,"E502K,0.220"
X-5696,LAMA5,3911.0,MutNovel,"G805D,0.364"
X-5696,LAMB1,3912.0,MutNovel,"A1479V,0.344"
X-5696,LAMB1,3912.0,MutNovel,"P402S,0.286"
X-5696,LAMB1,3912.0,MutNovel,"D83N,0.606"
X-5696,LAMB2,3913.0,MutNovel,"A1468T,0.205"
X-5696,LAMB2,3913.0,MutNovel,"A1456T,0.225"
X-5696,LAMB3,3914.0,MutNovel,"A1169V,0.569"
X-5696,LAMB3,3914.0,MutNovel,"D901N,0.225"
X-5696,LAMB3,3914.0,MutNovel,"P52S,0.309"
X-5696,LAMC1,3915.0,MutNovel,"G421E,0.393"
X-5696,LAMC1,3915.0,MutNovel,"R1577Q,0.480"
X-5696,LAMP1,3916.0,MutNovel,"M32I,0.233"
X-5696,LAP3,51056.0,MutNovel,"P276L,0.329"
X-5696,LARGE,9215.0,MutNovel,"S47F,0.619"
X-5696,LARP1B,55132.0,MutNovel,"G154D,0.475"
X-5696,LARP1B,55132.0,MutNovel,"P186S,0.458"
X-5696,LARP4,113251.0,MutNovel,"E640K,0.212"
X-5696,LARP4B,23185.0,MutNovel,"P609S,0.427"
X-5696,LARP7,51574.0,MutKnownFunctional,"-590,0.270"
X-5696,LAT,27040.0,MutNovel,"A198V,0.259"
X-5696,LAT2,7462.0,MutNovel,"P180L,0.625"
X-5696,LATS1,9113.0,MutNovel,"A952T,0.457"
X-5696,LCAT,3931.0,MutNovel,"S43N,0.205"
X-5696,LCMT2,9836.0,MutNovel,"A46T,0.261"
X-5696,LCORL,254251.0,MutNovel,"P572S,0.304"
X-5696,LCORL,254251.0,MutNovel,"V257M,0.274"
X-5696,LDHB,3945.0,MutNovel,"D81N,0.445"
X-5696,LDHB,3945.0,MutNovel,"A46T,0.289"
X-5696,LDHD,197257.0,MutNovel,"A162V,0.237"
X-5696,LDLRAD3,143458.0,MutNovel,"G238D,0.333"
X-5696,LEMD3,23592.0,MutNovel,"G132D,0.243"
X-5696,LEMD3,23592.0,MutNovel,"G739D,0.201"
X-5696,LENG9,94059.0,MutNovel,"A379T,0.273"
X-5696,LEO1,123169.0,MutNovel,"D268N,0.212"
X-5696,LEO1,123169.0,MutNovel,"V218I,0.234"
X-5696,LEPREL2,10536.0,MutNovel,"A400V,0.493"
X-5696,LEPREL2,10536.0,MutNovel,"R450K,0.400"
X-5696,LEPREL4,10609.0,MutNovel,"R70H,0.269"
X-5696,LEPROTL1,23484.0,MutNovel,"P98S,0.800"
X-5696,LETM1,3954.0,MutNovel,"P14L,0.778"
X-5696,LFNG,3955.0,MutKnownFunctional,"W272*,0.278"
X-5696,LGALS3,3958.0,MutNovel,"G47E,0.234"
X-5696,LGALS3BP,3959.0,MutNovel,"G75S,0.329"
X-5696,LGR4,55366.0,MutNovel,"D92N,0.207"
X-5696,LHPP,64077.0,MutNovel,"A82V,0.548"
X-5696,LHX1,3975.0,MutNovel,"D353G,0.333"
X-5696,LIF,3976.0,MutNovel,"A199T,0.292"
X-5696,LIG1,3978.0,MutNovel,"T639I,0.557"
X-5696,LIG1,3978.0,MutNovel,"A103T,0.215"
X-5696,LIG3,3980.0,MutNovel,"E129K,0.228"
X-5696,LIMK2,3985.0,MutNovel,"G390S,0.298"
X-5696,LIMS2,55679.0,MutNovel,"S308F,0.455"
X-5696,LIN37,55957.0,MutNovel,"E31K,0.239"
X-5696,LIN37,55957.0,MutNovel,"G62D,0.305"
X-5696,LIN54,132660.0,MutNovel,"R362Q,0.395"
X-5696,LIN54,132660.0,MutNovel,"V194M,0.391"
X-5696,LIN9,286826.0,MutNovel,"A244T,0.257"
X-5696,LINGO1,84894.0,MutNovel,"P25S,0.268"
X-5696,LLGL1,3996.0,MutNovel,"P287S,0.272"
X-5696,LMBR1L,55716.0,MutKnownFunctional,"W170*,0.417"
X-5696,LMNB1,4001.0,MutNovel,"A243T,0.488"
X-5696,LMNB2,84823.0,MutNovel,"A19T,0.684"
X-5696,LMO7,4008.0,MutNovel,"D1227N,0.333"
X-5696,LMO7,4008.0,MutNovel,"T1346I,0.278"
X-5696,LMTK2,22853.0,MutNovel,"V865I,0.400"
X-5696,LOC100132247,100132247.0,MutNovel,"P359S,0.213"
X-5696,LOC100132247,100132247.0,MutNovel,"G1046D,0.308"
X-5696,LOC100505767,,MutNovel,"C294Y,0.667"
X-5696,LOC100505781,,MutKnownFunctional,"R55*,1.000"
X-5696,LOC100505781,,MutNovel,"A52T,1.000"
X-5696,LOC100507656,,MutNovel,"P373S,0.400"
X-5696,LOC100652741,,MutNovel,"P509S,0.246"
X-5696,LOC100652741,,MutNovel,"P917L,0.382"
X-5696,LOC100653168,,MutNovel,"G487S,0.313"
X-5696,LOC100653168,,MutNovel,"G401E,0.388"
X-5696,LOC100996301,,MutNovel,"A200P,0.392"
X-5696,LOC100996301,,MutKnownFunctional,"-123?,0.361"
X-5696,LOC100996378,,MutNovel,"S35F,1.000"
X-5696,LOC100996473,,MutNovel,"G185S,0.368"
X-5696,LOC100996481,,MutNovel,"G334R,0.259"
X-5696,LOC100996546,,MutNovel,"A99T,0.357"
X-5696,LOC401052,401052.0,MutNovel,"A10T,0.500"
X-5696,LOC441124,,MutNovel,"P160S,0.243"
X-5696,LOC441124,,MutNovel,"P118L,0.250"
X-5696,LOC642441,,MutNovel,"P225S,0.556"
X-5696,LOC643648,643648.0,Del0.8,0.62
X-5696,LOC728392,728392.0,MutNovel,"E78K,0.375"
X-5696,LOC728554,728554.0,Del0.8,0.49
X-5696,LOC728819,728819.0,MutNovel,"L45F,0.412"
X-5696,LOC728888,,MutNovel,"G1064P,0.300"
X-5696,LOC728888,,MutNovel,"S946P,0.667"
X-5696,LONP2,83752.0,MutNovel,"L199F,0.260"
X-5696,LONRF3,79836.0,MutNovel,"G631D,0.367"
X-5696,LONRF3,79836.0,MutNovel,"L694F,0.538"
X-5696,LOXL3,84695.0,MutNovel,"A562V,0.333"
X-5696,LPCAT1,79888.0,MutNovel,"E256K,0.482"
X-5696,LPCAT2,54947.0,MutNovel,"V281I,0.448"
X-5696,LPCAT3,10162.0,MutNovel,"P405L,0.255"
X-5696,LPCAT3,10162.0,MutNovel,"T67I,0.275"
X-5696,LPCAT4,254531.0,MutNovel,"G480E,0.630"
X-5696,LPHN1,22859.0,MutNovel,"P1193L,0.327"
X-5696,LPHN1,22859.0,MutNovel,"V654I,0.232"
X-5696,LPHN1,22859.0,MutNovel,"E578K,0.455"
X-5696,LPIN2,9663.0,MutNovel,"A717T,0.235"
X-5696,LPIN2,9663.0,MutNovel,"S585N,1.000"
X-5696,LPIN3,64900.0,MutNovel,"A212T,0.211"
X-5696,LPIN3,64900.0,MutNovel,"T323I,0.337"
X-5696,LPIN3,64900.0,MutKnownFunctional,"W531*,0.440"
X-5696,LRBA,987.0,MutNovel,"S859N,0.462"
X-5696,LRFN1,57622.0,MutNovel,"M470I,0.500"
X-5696,LRFN3,79414.0,MutNovel,"A199T,0.327"
X-5696,LRIG2,9860.0,MutNovel,"G587D,0.250"
X-5696,LRP10,26020.0,MutNovel,"P494L,0.281"
X-5696,LRP12,29967.0,MutNovel,"A210T,0.544"
X-5696,LRP5,4041.0,MutNovel,"G96E,0.538"
X-5696,LRP5,4041.0,MutNovel,"A347V,0.526"
X-5696,LRP5L,91355.0,MutNovel,"G219E,0.232"
X-5696,LRP6,4040.0,MutNovel,"A383T,0.508"
X-5696,LRP8,7804.0,MutNovel,"D515V,0.341"
X-5696,LRPAP1,4043.0,MutNovel,"E38K,0.394"
X-5696,LRPPRC,10128.0,MutNovel,"A877T,0.389"
X-5696,LRRC1,55227.0,MutNovel,"V109I,0.349"
X-5696,LRRC14,9684.0,MutNovel,"P323L,0.257"
X-5696,LRRC14,9684.0,MutNovel,"E449K,0.269"
X-5696,LRRC14B,389257.0,Del0.8,0.8
X-5696,LRRC16B,90668.0,MutNovel,"S1104F,0.250"
X-5696,LRRC28,123355.0,MutNovel,"A61V,0.250"
X-5696,LRRC37A,9884.0,MutNovel,"L1378P,1.000"
X-5696,LRRC37A2,474170.0,MutNovel,"S1257F,0.295"
X-5696,LRRC40,55631.0,MutNovel,"A74V,0.328"
X-5696,LRRC41,10489.0,MutNovel,"G501S,0.349"
X-5696,LRRC49,54839.0,MutNovel,"L61F,0.375"
X-5696,LRRC56,115399.0,MutNovel,"S171N,0.324"
X-5696,LRRC59,55379.0,MutNovel,"E202K,0.270"
X-5696,LRRC59,55379.0,MutNovel,"L61F,0.281"
X-5696,LRRC8B,23507.0,MutNovel,"T692I,0.294"
X-5696,LRRC8D,55144.0,MutNovel,"P699L,0.355"
X-5696,LRRC8D,55144.0,MutNovel,"G783R,0.663"
X-5696,LRRFIP1,9208.0,MutNovel,"P756S,0.332"
X-5696,LRRK1,79705.0,MutNovel,"D1243N,0.303"
X-5696,LRRK1,79705.0,MutNovel,"P1849L,0.413"
X-5696,LSG1,55341.0,MutNovel,"G641D,0.426"
X-5696,LSG1,55341.0,MutNovel,"S400N,0.297"
X-5696,LSM1,27257.0,MutNovel,"V114M,0.460"
X-5696,LSM1,27257.0,MutNovel,"T105I,0.474"
X-5696,LSM11,134353.0,MutNovel,"G311S,1.000"
X-5696,LSR,51599.0,MutNovel,"V175I,0.984"
X-5696,LSR,51599.0,MutNovel,"G518GR,0.722"
X-5696,LSS,4047.0,MutNovel,"G142D,0.294"
X-5696,LTB4R2,56413.0,MutNovel,"P135S,0.286"
X-5696,LTB4R2,56413.0,MutNovel,"R212C,0.268"
X-5696,LTB4R2,56413.0,MutNovel,"G337R,0.378"
X-5696,LTBP4,8425.0,MutNovel,"G80D,0.354"
X-5696,LTBP4,8425.0,MutNovel,"P408L,0.302"
X-5696,LTBP4,8425.0,MutNovel,"G892D,0.664"
X-5696,LTBP4,8425.0,MutNovel,"G949R,0.444"
X-5696,LTBP4,8425.0,MutNovel,"V1416M,0.206"
X-5696,LTBR,4055.0,MutNovel,"T189I,0.292"
X-5696,LTK,4058.0,MutNovel,"G269E,1.000"
X-5696,LTK,4058.0,MutNovel,"G15S,1.000"
X-5696,LTV1,84946.0,MutNovel,"P371S,0.514"
X-5696,LUZP1,7798.0,MutNovel,"A643V,0.241"
X-5696,LYPD1,116372.0,MutKnownFunctional,"Q22*,0.262"
X-5696,LYPD3,27076.0,MutNovel,"P236S,0.349"
X-5696,LYPD3,27076.0,MutKnownFunctional,"Q195*,0.227"
X-5696,LYSMD3,116068.0,MutNovel,"G46R,0.649"
X-5696,LYST,1130.0,MutNovel,"R983K,0.211"
X-5696,LZIC,84328.0,MutNovel,"S86N,0.320"
X-5696,MACF1,23499.0,MutNovel,"E4197K,0.216"
X-5696,MAD1L1,8379.0,MutNovel,"E304K,0.576"
X-5696,MAD1L1,8379.0,MutNovel,"A155T,0.302"
X-5696,MAF,4094.0,MutNovel,"A75V,0.417"
X-5696,MAGEA12,4111.0,MutNovel,"T49I,0.427"
X-5696,MAGEA3,4102.0,MutNovel,"S152I,0.246"
X-5696,MAGED1,9500.0,MutNovel,"T372I,0.544"
X-5696,MAGEF1,64110.0,MutNovel,"P52S,0.270"
X-5696,MAGEL2,54551.0,MutNovel,"A622T,1.000"
X-5696,MAGI3,260425.0,MutNovel,"A664T,0.412"
X-5696,MAGI3,260425.0,MutNovel,"G1092R,0.533"
X-5696,MAMDC4,158056.0,MutNovel,"H235Y,0.500"
X-5696,MAML1,9794.0,MutNovel,"G386S,0.333"
X-5696,MAML2,84441.0,MutNovel,"G886E,0.300"
X-5696,MAML3,55534.0,MutNovel,"G954R,0.483"
X-5696,MAN1A2,10905.0,MutNovel,"G11E,0.500"
X-5696,MAN1A2,10905.0,MutNovel,"G337D,0.464"
X-5696,MAN1B1,11253.0,MutNovel,"A310T,0.234"
X-5696,MAN2A1,4124.0,MutNovel,"M252I,0.636"
X-5696,MAN2A2,4122.0,MutNovel,"P101S,0.214"
X-5696,MAN2A2,4122.0,MutNovel,"D626N,0.212"
X-5696,MAN2C1,4123.0,MutNovel,"A444V,0.262"
X-5696,MANBAL,63905.0,MutNovel,"P13L,0.296"
X-5696,MANSC4,100287284.0,MutNovel,"V295A,0.282"
X-5696,MANSC4,100287284.0,MutNovel,"G264E,0.286"
X-5696,MANSC4,100287284.0,MutNovel,"D21N,0.321"
X-5696,MAP1S,55201.0,MutNovel,"P529L,0.262"
X-5696,MAP1S,55201.0,MutNovel,"S718N,0.268"
X-5696,MAP2K2,5605.0,MutNovel,"V177I,0.230"
X-5696,MAP3K10,4294.0,MutNovel,"G552D,0.534"
X-5696,MAP3K10,4294.0,MutNovel,"S751F,0.354"
X-5696,MAP3K11,4296.0,MutNovel,"E733K,0.314"
X-5696,MAP3K12,7786.0,MutNovel,"G616E,0.355"
X-5696,MAP3K13,9175.0,MutNovel,"T417I,0.667"
X-5696,MAP3K13,9175.0,MutNovel,"G597D,0.214"
X-5696,MAP3K14,9020.0,MutNovel,"P274S,0.467"
X-5696,MAP3K4,4216.0,MutNovel,"A689T,0.261"
X-5696,MAP3K5,4217.0,MutNovel,"E1079K,0.455"
X-5696,MAP3K9,4293.0,MutNovel,"P953L,0.561"
X-5696,MAP4K1,11184.0,MutNovel,"A209V,0.265"
X-5696,MAP4K4,9448.0,MutNovel,"A454T,0.310"
X-5696,MAP4K4,9448.0,MutNovel,"G648D,0.228"
X-5696,MAP4K4,9448.0,MutNovel,"V1031I,0.620"
X-5696,MAP7,9053.0,MutNovel,"R542K,0.633"
X-5696,MAP7D1,55700.0,MutNovel,"G10R,0.443"
X-5696,MAP7D1,55700.0,MutNovel,"A150T,0.461"
X-5696,MAP7D3,79649.0,MutNovel,"E625K,0.500"
X-5696,MAP7D3,79649.0,MutNovel,"S453F,0.643"
X-5696,MAPK13,5603.0,MutNovel,"T304I,0.364"
X-5696,MAPK6,5597.0,MutNovel,"E654K,0.415"
X-5696,MAPK7,5598.0,MutNovel,"P440S,0.964"
X-5696,MAPK8IP3,23162.0,MutNovel,"M157I,0.274"
X-5696,MAPK8IP3,23162.0,MutNovel,"P287L,0.316"
X-5696,MAPK8IP3,23162.0,MutNovel,"P1170S,0.289"
X-5696,MAPKAPK5,8550.0,MutNovel,"D311N,0.365"
X-5696,MAPKBP1,23005.0,MutNovel,"G604E,0.286"
X-5696,MAPKBP1,23005.0,MutNovel,"P917S,0.386"
X-5696,2014-03-02 00:00:00,54996.0,MutNovel,"D131N,0.261"
X-5696,2014-03-01 00:00:00,55016.0,MutNovel,"T244I,0.267"
X-5696,2014-03-05 00:00:00,54708.0,MutNovel,"G80D,0.394"
X-5696,2014-03-05 00:00:00,54708.0,MutNovel,"G242E,0.442"
X-5696,2014-03-06 00:00:00,10299.0,MutNovel,"V161M,1.000"
X-5696,2014-03-06 00:00:00,10299.0,MutNovel,"G352S,0.568"
X-5696,2014-03-09 00:00:00,92979.0,MutNovel,"G20C,0.304"
X-5696,MARCKS,4082.0,MutNovel,"G37D,0.649"
X-5696,MARK2,2011.0,MutNovel,"G370D,0.500"
X-5696,MARK3,4140.0,MutNovel,"G255E,0.273"
X-5696,MARK3,4140.0,MutNovel,"A560T,0.212"
X-5696,MARS,4141.0,MutNovel,"G715S,0.222"
X-5696,MARS,4141.0,MutNovel,"P758L,0.340"
X-5696,MARS2,92935.0,MutNovel,"A452T,0.227"
X-5696,MAST2,23139.0,MutNovel,"A1010V,0.662"
X-5696,MAST2,23139.0,MutNovel,"P1739S,0.335"
X-5696,MAST3,23031.0,MutNovel,"V35I,0.286"
X-5696,MAST3,23031.0,MutNovel,"S1091N,0.216"
X-5696,MAST4,375449.0,MutNovel,"P2003S,0.750"
X-5696,MASTL,84930.0,MutNovel,"A647T,0.478"
X-5696,MATN1,4146.0,MutNovel,"A77V,0.545"
X-5696,MAU2,23383.0,MutNovel,"A303V,0.229"
X-5696,MBD1,4152.0,MutNovel,"V643M,0.502"
X-5696,MBD2,8932.0,MutNovel,"G71D,1.000"
X-5696,MBD3,53615.0,MutNovel,"E280K,0.244"
X-5696,MBD5,55777.0,MutNovel,"P139L,0.412"
X-5696,MBD5,55777.0,MutNovel,"D741N,0.582"
X-5696,MBD5,55777.0,MutNovel,"L1136F,0.375"
X-5696,MBD6,114785.0,MutNovel,"R731K,0.537"
X-5696,MBD6,114785.0,MutNovel,"G774R,0.248"
X-5696,MBNL1,4154.0,MutNovel,"T219I,0.206"
X-5696,MBOAT1,154141.0,MutNovel,"P385S,0.490"
X-5696,MBP,4155.0,MutNovel,"P230L,0.498"
X-5696,MBTPS1,8720.0,MutNovel,"G873E,0.224"
X-5696,MBTPS1,8720.0,MutNovel,"V735M,0.217"
X-5696,MBTPS1,8720.0,MutNovel,"G717D,0.215"
X-5696,MBTPS2,51360.0,MutKnownFunctional,"W14*,0.600"
X-5696,MCAM,4162.0,MutNovel,"G41S,0.384"
X-5696,MCAT,27349.0,MutNovel,"G34D,0.268"
X-5696,MCF2L,23263.0,MutNovel,"S966N,0.589"
X-5696,MCM3,4172.0,MutNovel,"T245I,0.221"
X-5696,MCM3,4172.0,MutNovel,"T221I,0.339"
X-5696,MCM3AP,8888.0,MutNovel,"V1000I,0.257"
X-5696,MCM4,4173.0,MutNovel,"A601V,0.241"
X-5696,MCM4,4173.0,MutNovel,"A692V,0.216"
X-5696,MCM7,4176.0,MutNovel,"G373S,0.272"
X-5696,MCM7,4176.0,MutNovel,"T162I,0.265"
X-5696,MCM9,254394.0,MutNovel,"H700Y,0.375"
X-5696,MCM9,254394.0,MutNovel,"R482Q,0.429"
X-5696,MCMBP,79892.0,MutNovel,"G83R,0.483"
X-5696,MCOLN1,57192.0,MutNovel,"P18L,0.521"
X-5696,MCOLN1,57192.0,MutNovel,"G154S,0.239"
X-5696,MCOLN3,55283.0,MutNovel,"D458N,0.671"
X-5696,MCPH1,79648.0,MutNovel,"E324K,0.472"
X-5696,MCRS1,10445.0,MutNovel,"D311N,0.252"
X-5696,MCRS1,10445.0,MutNovel,"P120L,0.339"
X-5696,MCTP2,55784.0,MutNovel,"E180K,0.917"
X-5696,MCTP2,55784.0,MutNovel,"G414S,0.818"
X-5696,MCTP2,55784.0,MutNovel,"P563L,0.917"
X-5696,MDC1,9656.0,MutNovel,"T1548I,0.475"
X-5696,MDC1,9656.0,MutNovel,"R805K,0.230"
X-5696,MDFIC,29969.0,MutNovel,"A11V,0.308"
X-5696,MDH2,4191.0,MutNovel,"G34E,0.262"
X-5696,MDH2,4191.0,MutNovel,"T336I,0.236"
X-5696,MDM2,4193.0,MutNovel,"L63F,0.250"
X-5696,MDN1,23195.0,MutNovel,"T3448I,0.500"
X-5696,MDN1,23195.0,MutNovel,"A3322V,0.256"
X-5696,MDN1,23195.0,MutNovel,"V3225M,0.325"
X-5696,MDN1,23195.0,MutNovel,"G1938R,0.381"
X-5696,MDN1,23195.0,MutNovel,"P426L,0.211"
X-5696,MEA1,4201.0,MutNovel,"G2R,0.223"
X-5696,MED1,5469.0,MutNovel,"P228L,0.238"
X-5696,MED1,5469.0,MutNovel,"E111K,0.324"
X-5696,MED12,9968.0,MutNovel,"P1903S,0.496"
X-5696,MED13,9969.0,MutNovel,"L1279F,0.268"
X-5696,MED13L,23389.0,MutNovel,"S1641N,0.483"
X-5696,MED15,51586.0,MutNovel,"P451L,0.372"
X-5696,MED16,10025.0,MutNovel,"R525W,0.523"
X-5696,MED16,10025.0,MutNovel,"P417S,0.295"
X-5696,MED17,9440.0,MutNovel,"S552N,0.371"
X-5696,MED20,9477.0,MutNovel,"T112I,0.206"
X-5696,MED23,9439.0,MutNovel,"V1234I,0.268"
X-5696,MED26,9441.0,MutNovel,"P263L,0.265"
X-5696,MED27,9442.0,MutNovel,"T308I,0.271"
X-5696,MED6,10001.0,MutNovel,"T232I,0.237"
X-5696,MED8,112950.0,MutNovel,"P106L,0.352"
X-5696,MED8,112950.0,MutNovel,"G54E,0.308"
X-5696,MEF2A,4205.0,MutNovel,"V306I,0.267"
X-5696,MEF2A,4205.0,MutNovel,"QQ412-,1.000"
X-5696,MEIS2,4212.0,MutNovel,"R280K,0.286"
X-5696,MEN1,4221.0,MutNovel,"G450D,0.312"
X-5696,MEPCE,56257.0,MutNovel,"E212K,0.255"
X-5696,MESDC1,59274.0,MutNovel,"A17V,0.433"
X-5696,MESP1,55897.0,MutNovel,"A233T,0.571"
X-5696,MET,4233.0,MutNovel,"T140I,0.375"
X-5696,MET,4233.0,MutNovel,"P1301L,0.258"
X-5696,METRNL,284207.0,MutNovel,"D160N,0.203"
X-5696,METTL13,51603.0,MutNovel,"P508L,0.383"
X-5696,METTL17,64745.0,MutNovel,"L154P,0.244"
X-5696,METTL17,64745.0,MutNovel,"G476R,0.292"
X-5696,METTL6,131965.0,MutNovel,"V178I,0.239"
X-5696,METTL7A,25840.0,MutNovel,"T205I,0.545"
X-5696,MEX3C,51320.0,MutNovel,"L41F,0.800"
X-5696,MFAP1,4236.0,MutNovel,"T414I,0.311"
X-5696,MFF,56947.0,MutNovel,"P201S,0.360"
X-5696,MFGE8,4240.0,MutNovel,"A248T,0.211"
X-5696,MFI2,4241.0,MutNovel,"A342T,0.530"
X-5696,MFN2,9927.0,MutNovel,"G630D,0.468"
X-5696,MFSD1,64747.0,MutNovel,"G496E,0.364"
X-5696,MFSD11,79157.0,MutNovel,"S47N,0.342"
X-5696,MFSD5,84975.0,MutNovel,"P106S,0.310"
X-5696,MFSD5,84975.0,MutNovel,"A254V,0.450"
X-5696,MGA,23269.0,MutNovel,"S879F,0.400"
X-5696,MGA,23269.0,MutNovel,"G2144E,0.244"
X-5696,MGA,23269.0,MutNovel,"L2596F,0.241"
X-5696,MGA,23269.0,MutNovel,"T2606I,0.286"
X-5696,MGAT2,4247.0,MutNovel,"G432E,0.272"
X-5696,MGAT4A,11320.0,MutNovel,"G405D,0.396"
X-5696,MGAT4B,11282.0,MutNovel,"P549S,0.424"
X-5696,MGAT5,4249.0,MutNovel,"A716V,0.216"
X-5696,MGAT5B,146664.0,MutNovel,"E553K,0.565"
X-5696,MGAT5B,146664.0,MutNovel,"R699W,0.264"
X-5696,MGAT5B,146664.0,MutNovel,"V794M,0.333"
X-5696,MGC21881,389741.0,Del0.8,0.53
X-5696,MGEA5,10724.0,MutNovel,"S796F,0.502"
X-5696,MGRN1,23295.0,MutNovel,"P559L,0.251"
X-5696,MIA3,375056.0,MutNovel,"P649S,0.232"
X-5696,MIA3,375056.0,MutNovel,"D1456N,0.252"
X-5696,MIB1,57534.0,MutNovel,"P308S,0.531"
X-5696,MIB2,142678.0,MutNovel,"P18S,0.333"
X-5696,MIB2,142678.0,MutNovel,"A181V,0.500"
X-5696,MIB2,142678.0,MutNovel,"D188N,0.409"
X-5696,MIB2,142678.0,MutNovel,"E285K,0.304"
X-5696,MIB2,142678.0,MutNovel,"V339M,0.295"
X-5696,MICA,100507436.0,MutNovel,"T292I,0.216"
X-5696,MICAL1,64780.0,MutNovel,"H744Y,0.399"
X-5696,MICAL1,64780.0,MutNovel,"E728K,0.371"
X-5696,MICAL1,64780.0,MutNovel,"G527E,0.202"
X-5696,MICAL1,64780.0,MutNovel,"G409S,0.281"
X-5696,MICAL3,57553.0,MutNovel,"E1821K,0.244"
X-5696,MICAL3,57553.0,MutNovel,"S1433N,0.252"
X-5696,MICAL3,57553.0,MutNovel,"T864I,0.280"
X-5696,MICALL2,79778.0,MutNovel,"P684S,0.486"
X-5696,MICALL2,79778.0,MutNovel,"P684S,0.486"
X-5696,MICALL2,79778.0,MutNovel,"G234S,0.238"
X-5696,MID1,4281.0,MutNovel,"D217N,0.436"
X-5696,MIDN,90007.0,MutNovel,"A46V,0.226"
X-5696,MINK1,50488.0,MutNovel,"G1115D,0.483"
X-5696,MINK1,50488.0,MutNovel,"G1195E,1.000"
X-5696,MIPOL1,145282.0,MutNovel,"E16K,0.353"
X-5696,MIS18BP1,55320.0,MutNovel,"A106V,0.263"
X-5696,MKI67,4288.0,MutNovel,"E2370K,0.552"
X-5696,MKI67,4288.0,MutNovel,"G1181E,0.446"
X-5696,MKI67IP,84365.0,MutNovel,"P44L,0.488"
X-5696,MKLN1,4289.0,MutNovel,"P724L,0.495"
X-5696,MKNK2,2872.0,MutNovel,"V407I,0.212"
X-5696,MKNK2,2872.0,MutNovel,"E255K,0.276"
X-5696,MKNK2,2872.0,MutNovel,"E151K,0.212"
X-5696,MLL,4297.0,MutNovel,"P799S,0.273"
X-5696,MLL,4297.0,MutNovel,"G2796E,0.436"
X-5696,MLL,4297.0,MutNovel,"G3671E,0.240"
X-5696,MLL,4297.0,MutNovel,"V3700I,0.289"
X-5696,MLL2,8085.0,MutNovel,"R5214C,0.261"
X-5696,MLL2,8085.0,MutNovel,"P4622S,0.272"
X-5696,MLL2,8085.0,MutNovel,"L3655F,0.267"
X-5696,MLL2,8085.0,MutNovel,"A3320V,0.219"
X-5696,MLL2,8085.0,MutNovel,"P1855S,0.265"
X-5696,MLL2,8085.0,MutNovel,"A1598T,0.324"
X-5696,MLL3,58508.0,MutNovel,"E4451K,0.265"
X-5696,MLL3,58508.0,MutNovel,"V2730I,0.250"
X-5696,MLL3,58508.0,MutNovel,"E2107K,0.286"
X-5696,MLL3,58508.0,MutNovel,"P157L,0.278"
X-5696,MLL4,9757.0,MutNovel,"G125S,0.422"
X-5696,MLL4,9757.0,MutNovel,"P458V,0.484"
X-5696,MLL4,9757.0,MutNovel,"T909I,0.311"
X-5696,MLL4,9757.0,MutNovel,"G1902E,0.216"
X-5696,MLL5,55904.0,MutNovel,"R181K,0.312"
X-5696,MLL5,55904.0,MutNovel,"T891I,0.244"
X-5696,MLL5,55904.0,MutNovel,"P1042S,0.310"
X-5696,MLL5,55904.0,MutNovel,"G1601E,0.242"
X-5696,MLLT1,4298.0,MutNovel,"P279S,0.778"
X-5696,MLLT10,8028.0,MutNovel,"C146Y,0.487"
X-5696,MLLT6,4302.0,MutNovel,"T490N,0.202"
X-5696,MLPH,79083.0,MutNovel,"E382K,0.417"
X-5696,MLX,6945.0,MutNovel,"G28D,0.538"
X-5696,MLX,6945.0,MutNovel,"P226T,0.241"
X-5696,MLXIP,22877.0,MutNovel,"V432I,0.469"
X-5696,MLXIP,22877.0,MutNovel,"E694K,0.507"
X-5696,MME,4311.0,MutNovel,"V346I,0.233"
X-5696,MME,4311.0,MutNovel,"A406T,0.226"
X-5696,MMP17,4326.0,MutNovel,"D448N,0.607"
X-5696,MMS22L,253714.0,MutNovel,"E384I,1.000"
X-5696,MMS22L,253714.0,MutNovel,"E2K,0.265"
X-5696,MNS1,55329.0,MutNovel,"A30T,0.233"
X-5696,MNX1,3110.0,MutNovel,"G335R,0.268"
X-5696,MOB1A,55233.0,MutNovel,"G39E,0.462"
X-5696,MOB2,81532.0,MutNovel,"G241E,0.852"
X-5696,MOCOS,55034.0,MutNovel,"G368E,0.929"
X-5696,MOCS1,4337.0,MutNovel,"P295L,0.300"
X-5696,MON1A,84315.0,MutNovel,"G270E,0.272"
X-5696,MON2,23041.0,MutNovel,"V172I,0.345"
X-5696,MON2,23041.0,MutNovel,"G1556S,0.280"
X-5696,MORC2,22880.0,MutNovel,"G342S,0.203"
X-5696,MORC3,23515.0,MutNovel,"V448I,0.261"
X-5696,MORF4L2,9643.0,MutNovel,"S2N,0.434"
X-5696,MPHOSPH10,10199.0,MutNovel,"I554V,0.510"
X-5696,MPHOSPH9,10198.0,MutNovel,"T828I,0.486"
X-5696,MPND,84954.0,MutNovel,"V79M,0.237"
X-5696,MPND,84954.0,MutNovel,"D368N,0.404"
X-5696,MPP1,4354.0,MutNovel,"T403I,0.476"
X-5696,MPP5,64398.0,MutNovel,"A404V,0.278"
X-5696,MPP6,51678.0,MutNovel,"A95T,0.277"
X-5696,MPP6,51678.0,MutNovel,"D473N,0.559"
X-5696,MPRIP,23164.0,MutNovel,"TS178T,0.411"
X-5696,MPRIP,23164.0,MutNovel,"P325S,0.271"
X-5696,MPV17,4358.0,MutNovel,"A173T,0.532"
X-5696,MPV17L2,84769.0,MutNovel,"V162M,0.568"
X-5696,MRI1,84245.0,MutNovel,"S142N,0.302"
X-5696,MRM1,79922.0,MutNovel,"A70T,0.464"
X-5696,MRPL10,124995.0,MutNovel,"P137L,0.486"
X-5696,MRPL21,219927.0,MutNovel,"T73I,0.267"
X-5696,MRPL23,6150.0,MutNovel,"P8S,0.599"
X-5696,MRPL23,6150.0,MutNovel,"S76F,0.305"
X-5696,MRPL28,10573.0,MutNovel,"D152N,0.260"
X-5696,MRPL4,51073.0,MutNovel,"P155S,0.242"
X-5696,MRPL41,64975.0,MutNovel,"G2D,0.305"
X-5696,MRPS24,64951.0,MutNovel,"P150S,0.308"
X-5696,MRPS26,64949.0,MutNovel,"E156K,0.208"
X-5696,MRPS31,10240.0,MutNovel,"A158T,0.314"
X-5696,MRRF,92399.0,MutNovel,"A204T,0.326"
X-5696,MSH6,2956.0,MutNovel,"G430E,0.261"
X-5696,MSH6,2956.0,MutLikelyFunctional,"T1219I,0.487"
X-5696,MSH6,2956.0,MutNovel,"G1316R,0.473"
X-5696,MSL2,55167.0,MutNovel,"P170S,0.516"
X-5696,MST4,51765.0,MutNovel,"G104D,0.943"
X-5696,MST4,51765.0,Del0.8,0.75
X-5696,MSTO1,55154.0,MutNovel,"E544K,0.217"
X-5696,MSX1,4487.0,MutNovel,"D18N,0.448"
X-5696,MSX2,4488.0,MutNovel,"G112E,0.818"
X-5696,MTA1,9112.0,MutNovel,"A57V,0.394"
X-5696,MTA1,9112.0,MutNovel,"A612I,0.304"
X-5696,MTERFD1,51001.0,MutNovel,"P121S,0.308"
X-5696,MTFMT,123263.0,MutNovel,"A100T,0.239"
X-5696,MTHFD1,4522.0,MutNovel,"A801V,0.236"
X-5696,MTHFSD,64779.0,MutNovel,"G156D,0.286"
X-5696,MTMR10,54893.0,MutNovel,"S237F,0.308"
X-5696,MTMR14,64419.0,MutNovel,"A7T,0.208"
X-5696,MTMR2,8898.0,MutNovel,"C284Y,0.348"
X-5696,MTMR3,8897.0,MutNovel,"G416S,0.208"
X-5696,MTMR3,8897.0,MutNovel,"E1041K,0.310"
X-5696,MTMR4,9110.0,MutNovel,"P878S,0.244"
X-5696,MTMR4,9110.0,MutNovel,"E22K,0.311"
X-5696,MTMR6,9107.0,MutNovel,"P577S,0.308"
X-5696,MTOR,2475.0,MutNovel,"S76F,0.316"
X-5696,MTPAP,55149.0,MutKnownFunctional,"W507*,0.587"
X-5696,MTSS1,9788.0,MutNovel,"P597S,0.260"
X-5696,MTSS1,9788.0,MutKnownFunctional,"Q420*,0.246"
X-5696,MTSS1,9788.0,MutNovel,"S285F,0.548"
X-5696,MTSS1L,92154.0,MutNovel,"P625L,0.223"
X-5696,MTSS1L,92154.0,MutNovel,"P596L,0.281"
X-5696,MTX1,4580.0,MutNovel,"S9N,0.429"
X-5696,MUC5B,727897.0,MutNovel,"S399F,0.667"
X-5696,MUC5B,727897.0,MutNovel,"P839L,0.800"
X-5696,MUL1,79594.0,MutNovel,"D133N,0.360"
X-5696,MVD,4597.0,MutNovel,"T363I,0.532"
X-5696,MVK,4598.0,MutNovel,"A189V,0.508"
X-5696,MVP,9961.0,MutNovel,"R597H,0.210"
X-5696,MX2,4600.0,MutNovel,"A400T,0.308"
X-5696,MXD4,10608.0,MutNovel,"P81L,0.305"
X-5696,MYB,4602.0,MutNovel,"P642S,0.348"
X-5696,MYBBP1A,10514.0,MutNovel,"A312V,0.367"
X-5696,MYBL2,4605.0,MutNovel,"L245F,0.365"
X-5696,MYC,4609.0,MutNovel,"A169T,0.268"
X-5696,MYC,4609.0,MutNovel,"S294F,0.292"
X-5696,MYCBP2,23077.0,MutNovel,"A4328T,0.551"
X-5696,MYCBP2,23077.0,MutNovel,"S2843F,0.255"
X-5696,MYCBP2,23077.0,MutNovel,"L940F,0.229"
X-5696,MYH13,8735.0,MutNovel,"G632D,0.533"
X-5696,MYH14,79784.0,MutNovel,"S45F,0.286"
X-5696,MYH9,4627.0,MutNovel,"V67M,0.233"
X-5696,MYL6B,140465.0,MutNovel,"D145N,0.237"
X-5696,MYO10,4651.0,MutNovel,"L1860F,0.412"
X-5696,MYO15A,51168.0,MutNovel,"A3377T,0.750"
X-5696,MYO18A,399687.0,MutNovel,"D82N,0.346"
X-5696,MYO19,80179.0,MutNovel,"P688S,0.241"
X-5696,MYO19,80179.0,MutNovel,"P496L,0.541"
X-5696,MYO19,80179.0,MutNovel,"L284F,0.240"
X-5696,MYO19,80179.0,MutNovel,"G29S,0.465"
X-5696,MYO1C,4641.0,MutNovel,"E514K,0.420"
X-5696,MYO1D,4642.0,MutNovel,"G757R,0.253"
X-5696,MYO1E,4643.0,MutNovel,"P61S,0.387"
X-5696,MYO5A,4644.0,MutNovel,"P1746S,0.260"
X-5696,MYO5A,4644.0,MutNovel,"V1183M,0.284"
X-5696,MYO9B,4650.0,MutNovel,"G1556E,0.275"
X-5696,MYOF,26509.0,MutNovel,"G855R,0.625"
X-5696,MZT2A,653784.0,MutNovel,"G5S,0.456"
X-5696,MZT2B,80097.0,MutNovel,"T141I,0.227"
X-5696,N4BP2,55728.0,MutNovel,"R313W,0.385"
X-5696,N4BP2,55728.0,MutNovel,"G1275E,0.250"
X-5696,NAA15,80155.0,MutNovel,"D854N,0.374"
X-5696,NAA20,51126.0,MutNovel,"G59D,0.279"
X-5696,NAA25,80018.0,MutNovel,"S938L,0.448"
X-5696,NAA25,80018.0,MutNovel,"D906N,0.380"
X-5696,NAA35,60560.0,MutNovel,"P302S,0.322"
X-5696,NAA35,60560.0,MutNovel,"G699E,0.239"
X-5696,NAA40,79829.0,MutNovel,"D71N,0.343"
X-5696,NACC1,112939.0,MutNovel,"T271I,0.232"
X-5696,NADK,65220.0,MutNovel,"P549L,0.290"
X-5696,NADSYN1,55191.0,MutKnownFunctional,"W54*,0.211"
X-5696,NADSYN1,55191.0,MutNovel,"S293N,0.278"
X-5696,NAE1,8883.0,MutNovel,"G55S,0.398"
X-5696,NAGA,4668.0,MutNovel,"G246E,0.250"
X-5696,NAGK,55577.0,MutNovel,"D253N,0.267"
X-5696,NAGLU,4669.0,MutNovel,"A473V,0.246"
X-5696,NAGPA,51172.0,MutNovel,"G114D,0.350"
X-5696,NAPB,63908.0,MutNovel,"E156K,0.316"
X-5696,NAPRT1,93100.0,MutNovel,"D74N,0.297"
X-5696,NARFL,64428.0,MutNovel,"H363Y,0.318"
X-5696,NARFL,64428.0,MutNovel,"V218I,0.227"
X-5696,NASP,4678.0,MutNovel,"I527T,0.684"
X-5696,NAT10,55226.0,MutNovel,"V385I,0.560"
X-5696,NAT10,55226.0,MutNovel,"T608I,0.332"
X-5696,NAV1,89796.0,MutNovel,"G689D,0.471"
X-5696,NAV1,89796.0,MutNovel,"S896N,0.275"
X-5696,NAV2,89797.0,MutNovel,"E68K,0.263"
X-5696,NAV2,89797.0,MutNovel,"S1848F,0.376"
X-5696,NBEA,26960.0,MutNovel,"T1519I,0.667"
X-5696,NBEAL2,23218.0,MutNovel,"E546K,0.250"
X-5696,NBEAL2,23218.0,MutNovel,"G1739D,0.271"
X-5696,NBPF10,100132406.0,MutNovel,"P571L,0.300"
X-5696,NBPF10,100132406.0,MutNovel,"P1346S,0.435"
X-5696,NBPF12,,MutNovel,"E504K,0.231"
X-5696,NBPF24,,MutNovel,"R381K,1.000"
X-5696,NBPF9,400818.0,MutNovel,"A161V,0.271"
X-5696,NBR1,4077.0,MutNovel,"A99V,0.264"
X-5696,NBR1,4077.0,MutNovel,"D251N,0.230"
X-5696,NBR1,4077.0,MutNovel,"T365I,0.253"
X-5696,NCAM2,4685.0,MutNovel,"S16N,0.222"
X-5696,NCAPD2,9918.0,MutNovel,"A433V,0.233"
X-5696,NCAPD3,23310.0,MutNovel,"G524E,0.301"
X-5696,NCAPD3,23310.0,MutNovel,"P152S,0.567"
X-5696,NCAPG2,54892.0,MutNovel,"D371N,0.210"
X-5696,NCAPH2,29781.0,MutNovel,"E35K,0.256"
X-5696,NCDN,23154.0,MutNovel,"V200M,0.750"
X-5696,NCKAP1,10787.0,MutNovel,"A735V,0.516"
X-5696,NCKAP1,10787.0,MutNovel,"V702M,0.220"
X-5696,NCKAP1,10787.0,MutNovel,"L293F,0.253"
X-5696,NCKAP5,344148.0,MutNovel,"G1384E,0.455"
X-5696,NCKAP5,344148.0,MutNovel,"G1168R,0.545"
X-5696,NCKAP5L,57701.0,MutNovel,"L456F,0.608"
X-5696,NCKIPSD,51517.0,MutNovel,"P519L,0.209"
X-5696,NCOA1,8648.0,MutNovel,"P1047S,0.355"
X-5696,NCOA1,8648.0,MutNovel,"A1284V,1.000"
X-5696,NCOA2,10499.0,MutNovel,"S935N,0.226"
X-5696,NCOA3,8202.0,MutNovel,"A1002T,0.326"
X-5696,NCOA3,8202.0,MutNovel,"Q1255-,0.600"
X-5696,NCOA6,23054.0,MutNovel,"V829I,0.225"
X-5696,NCOA6,23054.0,MutNovel,"P315L,0.217"
X-5696,NCOA7,135112.0,MutNovel,"E60K,0.316"
X-5696,NCOR1,9611.0,MutNovel,"S955N,0.493"
X-5696,NCOR2,9612.0,MutNovel,"G1839GAAA,1.000"
X-5696,NCOR2,9612.0,MutNovel,"A1305V,0.519"
X-5696,NCOR2,9612.0,MutNovel,"F409L,0.434"
X-5696,NCRNA00185,55410.0,Del0.8,0.13
X-5696,NCSTN,23385.0,MutNovel,"E364K,0.372"
X-5696,NDOR1,27158.0,MutNovel,"G96D,0.333"
X-5696,NDOR1,27158.0,MutKnownFunctional,"W488*,0.288"
X-5696,NDRG1,10397.0,MutNovel,"T281A,0.254"
X-5696,NDST1,3340.0,MutNovel,"H251Y,1.000"
X-5696,NDST1,3340.0,MutNovel,"G654D,0.448"
X-5696,NDUFA13,51079.0,MutNovel,"G46E,0.466"
X-5696,NDUFA4,4697.0,MutNovel,"A9T,0.506"
X-5696,NDUFA9,4704.0,MutNovel,"V242I,0.512"
X-5696,NDUFAF5,,MutNovel,"P14S,0.269"
X-5696,NDUFAF5,,MutNovel,"S77N,0.261"
X-5696,NDUFAF5,,MutNovel,"G97D,0.240"
X-5696,NDUFC2,4718.0,MutNovel,"A79V,0.376"
X-5696,NDUFS3,4722.0,MutNovel,"P152S,0.315"
X-5696,NDUFS5,4725.0,MutNovel,"G46E,0.294"
X-5696,NDUFS8,4728.0,MutNovel,"A197T,0.393"
X-5696,NECAP2,55707.0,MutNovel,"P254L,0.322"
X-5696,NEDD4L,23327.0,MutNovel,"S631F,1.000"
X-5696,NEDD8,4738.0,MutNovel,"G75E,0.272"
X-5696,NEIL1,79661.0,MutNovel,"A160V,0.275"
X-5696,NEK8,284086.0,MutNovel,"G218D,0.444"
X-5696,NEK8,284086.0,MutNovel,"G514D,0.371"
X-5696,NELF,26012.0,MutNovel,"L73F,0.377"
X-5696,NELL2,4753.0,MutNovel,"A196T,0.217"
X-5696,NEO1,4756.0,MutNovel,"A131V,0.304"
X-5696,NES,10763.0,MutNovel,"A1344T,0.227"
X-5696,NES,10763.0,MutNovel,"P681S,0.246"
X-5696,NES,10763.0,MutNovel,"A155T,0.246"
X-5696,NES,10763.0,MutNovel,"V130T,0.315"
X-5696,NEU4,129807.0,MutNovel,"G161D,1.000"
X-5696,NEURL4,84461.0,MutNovel,"E1531K,0.509"
X-5696,NEURL4,84461.0,MutNovel,"D1073N,0.442"
X-5696,NEURL4,84461.0,MutNovel,"E760K,1.000"
X-5696,NF1,4763.0,MutNovel,"G638E,0.296"
X-5696,NFAT5,10725.0,MutNovel,"P880S,0.333"
X-5696,NFATC2IP,84901.0,MutNovel,"E105K,0.214"
X-5696,NFATC3,4775.0,MutNovel,"M780T,0.516"
X-5696,NFATC4,4776.0,MutNovel,"A103V,1.000"
X-5696,NFE2L1,4779.0,MutNovel,"G135D,0.240"
X-5696,NFE2L2,4780.0,MutNovel,"E362K,0.220"
X-5696,NFE2L2,4780.0,MutNovel,"L324F,0.236"
X-5696,NFIC,4782.0,MutNovel,"A385T,0.336"
X-5696,NFKBIA,4792.0,MutNovel,"E286K,0.246"
X-5696,NFKBIA,4792.0,MutNovel,"Y248H,0.520"
X-5696,NFKBIB,4793.0,MutNovel,"A2T,0.295"
X-5696,NFKBIB,4793.0,MutNovel,"T160I,0.323"
X-5696,NFKBIE,4794.0,MutNovel,"A394V,0.310"
X-5696,NFKBIZ,64332.0,MutNovel,"G109D,0.505"
X-5696,NFKBIZ,64332.0,MutNovel,"T664I,0.213"
X-5696,NFRKB,4798.0,MutNovel,"L55F,0.396"
X-5696,NFXL1,152518.0,MutKnownFunctional,"W904*,0.278"
X-5696,NFYA,4800.0,MutNovel,"V17I,0.304"
X-5696,NGDN,25983.0,MutNovel,"E189K,0.258"
X-5696,NHEJ1,79840.0,MutNovel,"D40N,0.578"
X-5696,NHLRC2,374354.0,MutNovel,"A549T,1.000"
X-5696,NHSL1,57224.0,MutNovel,"G236D,0.268"
X-5696,NID2,22795.0,MutNovel,"D1150N,0.429"
X-5696,NIF3L1,60491.0,MutNovel,"A41V,0.339"
X-5696,NIN,51199.0,MutNovel,"L1610F,0.208"
X-5696,NIN,51199.0,MutNovel,"V1143I,0.229"
X-5696,NIPAL2,79815.0,MutNovel,"A28T,0.222"
X-5696,NISCH,11188.0,MutNovel,"V424M,0.224"
X-5696,NKAP,79576.0,MutNovel,"S269F,0.440"
X-5696,NKIRAS1,28512.0,MutNovel,"G52E,0.209"
X-5696,NKRF,55922.0,MutNovel,"R492H,0.393"
X-5696,NKTR,4820.0,MutNovel,"D5N,0.254"
X-5696,NKTR,4820.0,MutNovel,"P1134L,0.238"
X-5696,NKTR,4820.0,MutNovel,"S1335N,0.234"
X-5696,NLGN1,22871.0,MutNovel,"L215F,0.244"
X-5696,NLGN2,57555.0,MutNovel,"G265E,1.000"
X-5696,NLGN3,54413.0,MutNovel,"G173E,1.000"
X-5696,NLGN4Y,22829.0,Del0.8,0.12
X-5696,NLN,57486.0,MutNovel,"T68I,0.526"
X-5696,NLN,57486.0,MutNovel,"H111Y,0.333"
X-5696,NLRP1,22861.0,MutNovel,"P422S,1.000"
X-5696,NLRX1,79671.0,MutNovel,"G945R,0.218"
X-5696,NMD3,51068.0,MutNovel,"T8I,0.821"
X-5696,NME7,29922.0,MutNovel,"D101N,0.800"
X-5696,NMRK1,,MutNovel,"T110I,0.355"
X-5696,NMT2,9397.0,MutNovel,"V127I,1.000"
X-5696,NOB1,28987.0,MutNovel,"G206S,0.277"
X-5696,NOC3L,64318.0,MutNovel,"G521D,0.563"
X-5696,NOD1,10392.0,MutNovel,"G668R,0.250"
X-5696,NOL10,79954.0,MutNovel,"A235V,0.545"
X-5696,NOL11,25926.0,MutNovel,"P165S,0.257"
X-5696,NOL6,65083.0,MutNovel,"V1081M,0.988"
X-5696,NOL6,65083.0,MutNovel,"G639S,0.568"
X-5696,NOL8,55035.0,MutNovel,"P671S,0.281"
X-5696,NOMO2,283820.0,MutNovel,"L536F,0.205"
X-5696,NOMO2,283820.0,MutNovel,"S196N,0.217"
X-5696,NOMO3,408050.0,MutNovel,"S52F,0.326"
X-5696,NOMO3,408050.0,MutNovel,"A394T,0.521"
X-5696,NONO,4841.0,MutNovel,"A438T,0.524"
X-5696,NOP14,8602.0,MutNovel,"V589M,0.461"
X-5696,NOP14,8602.0,MutNovel,"S584F,0.316"
X-5696,NOP56,10528.0,MutNovel,"A155T,0.233"
X-5696,NOP58,51602.0,MutNovel,"V9M,0.368"
X-5696,NOSIP,51070.0,MutNovel,"A12T,0.493"
X-5696,NOSTRIN,115677.0,MutNovel,"P545S,0.600"
X-5696,NOTCH1,4851.0,MutNovel,"A1329T,0.267"
X-5696,NOTCH2,4853.0,MutKnownFunctional,"W2425*,0.400"
X-5696,NOTCH2,4853.0,MutNovel,"T2306I,0.320"
X-5696,NOV,4856.0,MutNovel,"V161I,0.304"
X-5696,NOXO1,124056.0,MutNovel,"A315T,0.615"
X-5696,NPAS2,4862.0,MutNovel,"E387K,0.247"
X-5696,NPC1,4864.0,MutNovel,"G673D,0.500"
X-5696,NPEPL1,79716.0,MutNovel,"A256V,0.236"
X-5696,NPEPPS,9520.0,MutNovel,"P806S,0.296"
X-5696,NPHP1,4867.0,MutNovel,"G200D,0.375"
X-5696,NPHP4,261734.0,MutNovel,"S972N,0.302"
X-5696,NPHP4,261734.0,MutNovel,"L343F,0.390"
X-5696,NPIP,9284.0,MutNovel,"R32C,0.234"
X-5696,NPIP,9284.0,MutNovel,"S267P,0.600"
X-5696,NPIPL3,23117.0,MutNovel,"A1042T,0.250"
X-5696,NPIPL3,23117.0,MutKnownFunctional,"R970*,0.556"
X-5696,NPM2,10361.0,MutNovel,"A207V,0.447"
X-5696,NPM3,10360.0,MutNovel,"E155K,1.000"
X-5696,NPR2,4882.0,MutKnownFunctional,"Q845*,0.227"
X-5696,NPRL3,8131.0,MutNovel,"R2Q,0.297"
X-5696,NR1H2,7376.0,MutNovel,"A222T,0.216"
X-5696,NR1I3,9970.0,MutNovel,"G322E,0.313"
X-5696,NR2C1,7181.0,MutNovel,"E516K,1.000"
X-5696,NR2C2,7182.0,MutNovel,"S410F,0.270"
X-5696,NR2C2AP,126382.0,MutNovel,"G26E,0.528"
X-5696,NR3C1,2908.0,MutNovel,"L236F,0.441"
X-5696,NR4A1,3164.0,MutNovel,"P366S,0.257"
X-5696,NRM,11270.0,MutNovel,"G75E,0.562"
X-5696,NRN1L,123904.0,MutNovel,"P148L,0.467"
X-5696,NRP2,8828.0,MutNovel,"A481T,0.308"
X-5696,NRP2,8828.0,MutNovel,"D788N,0.325"
X-5696,NRTN,4902.0,MutNovel,"A195V,0.444"
X-5696,NSFL1C,55968.0,MutNovel,"A276V,0.308"
X-5696,NSMCE1,197370.0,MutNovel,"P214S,0.322"
X-5696,NSMCE2,286053.0,MutNovel,"D99N,0.212"
X-5696,NSMCE4A,54780.0,MutNovel,"P53S,0.607"
X-5696,NUB1,51667.0,MutNovel,"A240T,0.272"
X-5696,NUDCD1,84955.0,MutNovel,"D301N,0.242"
X-5696,NUFIP1,26747.0,MutNovel,"R126K,0.649"
X-5696,NUFIP2,57532.0,MutNovel,"G275D,0.225"
X-5696,NUMA1,4926.0,MutNovel,"T2092I,0.314"
X-5696,NUMB,8650.0,MutNovel,"S450N,0.483"
X-5696,NUP153,9972.0,MutNovel,"R1473C,0.369"
X-5696,NUP155,9631.0,MutNovel,"A1135V,0.590"
X-5696,NUP160,23279.0,MutNovel,"P846L,0.250"
X-5696,NUP160,23279.0,MutNovel,"P819S,0.227"
X-5696,NUP188,23511.0,MutNovel,"T509I,0.252"
X-5696,NUP205,23165.0,MutNovel,"R419Q,0.371"
X-5696,NUP205,23165.0,MutNovel,"E1479K,0.260"
X-5696,NUP205,23165.0,MutNovel,"R1878C,0.313"
X-5696,NUP210,23225.0,MutNovel,"A1669V,0.268"
X-5696,NUP210,23225.0,MutNovel,"A1461V,0.247"
X-5696,NUP210,23225.0,MutNovel,"P668S,0.254"
X-5696,NUP214,8021.0,MutNovel,"S471F,0.333"
X-5696,NUP214,8021.0,MutNovel,"P1943L,0.437"
X-5696,NUP85,79902.0,MutNovel,"S107P,0.237"
X-5696,NUP85,79902.0,MutNovel,"G289E,0.342"
X-5696,NUP93,9688.0,MutNovel,"S177F,0.366"
X-5696,NUP98,4928.0,MutNovel,"P288S,0.303"
X-5696,NUPL2,11097.0,MutNovel,"E399K,0.364"
X-5696,NUSAP1,51203.0,MutNovel,"P258S,0.339"
X-5696,NVL,4931.0,MutNovel,"G819D,0.225"
X-5696,NXF1,10482.0,MutNovel,"S9G,0.312"
X-5696,NXPE3,,MutNovel,"V480I,0.857"
X-5696,NXPE3,,MutNovel,"P533S,0.382"
X-5696,OAF,220323.0,MutNovel,"R62H,0.317"
X-5696,OAS2,4939.0,MutKnownFunctional,"W663*,0.595"
X-5696,OAS3,4940.0,MutNovel,"G240D,0.564"
X-5696,OAS3,4940.0,MutNovel,"T1013I,0.543"
X-5696,OASL,8638.0,MutNovel,"A414V,0.500"
X-5696,OAT,4942.0,MutNovel,"T141I,0.516"
X-5696,OBSCN,84033.0,MutNovel,"E346K,0.667"
X-5696,OBSCN,84033.0,MutNovel,"V2308M,0.500"
X-5696,OBSL1,23363.0,MutNovel,"S989N,0.273"
X-5696,OBSL1,23363.0,MutNovel,"P902L,0.752"
X-5696,OCA2,4948.0,MutNovel,"A306V,0.382"
X-5696,OCA2,4948.0,MutNovel,"P47L,0.389"
X-5696,ODC1,4953.0,MutNovel,"G378S,0.548"
X-5696,ODF2L,57489.0,MutNovel,"V184I,0.633"
X-5696,ODF3B,440836.0,MutNovel,"P26L,0.233"
X-5696,ODZ3,55714.0,MutNovel,"S1579F,0.225"
X-5696,OGDH,4967.0,MutNovel,"E198K,0.289"
X-5696,OGFRL1,79627.0,MutNovel,"G39D,0.250"
X-5696,OGFRL1,79627.0,MutNovel,"G429S,0.364"
X-5696,OGG1,4968.0,MutNovel,"S115F,0.246"
X-5696,OPA1,4976.0,MutNovel,"D890N,0.255"
X-5696,OPLAH,26873.0,MutNovel,"L1035F,0.254"
X-5696,OPLAH,26873.0,MutNovel,"P403L,0.286"
X-5696,OPN3,23596.0,MutNovel,"P32S,0.217"
X-5696,OPTN,10133.0,MutNovel,"S427N,0.445"
X-5696,OR2AT4,341152.0,MutNovel,"A269V,0.333"
X-5696,OR2AT4,341152.0,MutNovel,"S212F,0.667"
X-5696,OR4N4,283694.0,Del0.8,0.48
X-5696,OR52N1,79473.0,Del0.8,0.37
X-5696,OR52N5,390075.0,Del0.8,0.09
X-5696,ORAI1,84876.0,MutNovel,"PP43-,1.000"
X-5696,ORAI1,84876.0,MutNovel,"S227N,0.497"
X-5696,ORAI2,80228.0,MutNovel,"V38I,0.232"
X-5696,ORAI3,93129.0,MutNovel,"P92S,0.283"
X-5696,ORAI3,93129.0,MutNovel,"S191F,0.222"
X-5696,ORC1,4998.0,MutNovel,"E660K,0.265"
X-5696,ORC1,4998.0,MutNovel,"E409K,0.314"
X-5696,ORC4,5000.0,MutNovel,"R69Q,0.212"
X-5696,OS9,10956.0,MutNovel,"E461K,0.220"
X-5696,OSBPL10,114884.0,MutNovel,"S534F,0.400"
X-5696,OSBPL2,9885.0,MutNovel,"A120T,0.376"
X-5696,OSBPL5,114879.0,MutNovel,"S467N,0.244"
X-5696,OSGIN1,29948.0,MutNovel,"A300V,0.266"
X-5696,OSR2,116039.0,MutNovel,"R241K,0.440"
X-5696,OTUD7B,56957.0,MutNovel,"V771M,0.208"
X-5696,OTUD7B,56957.0,MutNovel,"P458L,0.217"
X-5696,OTUD7B,56957.0,MutNovel,"E284K,0.237"
X-5696,OVCA2,124641.0,MutNovel,"P153L,0.474"
X-5696,OVCA2,124641.0,MutNovel,"G204D,0.442"
X-5696,OVOS,,MutNovel,"P377L,0.500"
X-5696,OVOS,,MutNovel,"G1090S,0.417"
X-5696,OVOS2,,MutNovel,"S1101F,1.000"
X-5696,OVOS2,,MutNovel,"Y566C,1.000"
X-5696,OXR1,55074.0,MutKnownFunctional,"W871*,0.463"
X-5696,OXSM,54995.0,MutNovel,"G247E,0.336"
X-5696,OXSR1,9943.0,MutNovel,"A29T,0.203"
X-5696,OXTR,5021.0,MutNovel,"P386S,0.600"
X-5696,P2RX4,5025.0,MutNovel,"S217N,0.516"
X-5696,P4HA1,5033.0,MutNovel,"R304K,0.512"
X-5696,P4HB,5034.0,MutNovel,"D167N,0.246"
X-5696,PABPC1,26986.0,MutNovel,"A442T,0.245"
X-5696,PABPC1,26986.0,MutNovel,"T321I,0.560"
X-5696,PABPC1,26986.0,MutNovel,"D64N,0.237"
X-5696,PABPC1L,80336.0,MutNovel,"G334R,0.629"
X-5696,PABPC3,5042.0,MutNovel,"T321I,0.750"
X-5696,PABPC4,8761.0,MutNovel,"G407S,0.424"
X-5696,PABPC4,8761.0,MutNovel,"T347I,0.329"
X-5696,PABPC5,140886.0,Del0.8,0.69
X-5696,PACS2,23241.0,MutNovel,"P21S,0.625"
X-5696,PACSIN3,29763.0,MutNovel,"A179V,0.376"
X-5696,PAIP1,10605.0,MutNovel,"V120I,0.488"
X-5696,PAK2,5062.0,MutNovel,"G97D,0.280"
X-5696,PAK2,5062.0,MutNovel,"E172D,0.289"
X-5696,PAK4,10298.0,MutNovel,"A197T,0.307"
X-5696,PAK4,10298.0,MutNovel,"V469M,0.228"
X-5696,PAK6,56924.0,MutNovel,"F18S,0.405"
X-5696,PALB2,79728.0,MutNovel,"A880T,0.507"
X-5696,PALM2,114299.0,MutNovel,"P193S,1.000"
X-5696,PAN2,9924.0,MutNovel,"V69M,0.254"
X-5696,PAN3,255967.0,MutNovel,"G324R,0.351"
X-5696,PAN3,255967.0,MutNovel,"A883V,0.278"
X-5696,PANK4,55229.0,MutKnownFunctional,"W379*,0.545"
X-5696,PANX1,24145.0,MutNovel,"L48P,0.338"
X-5696,PANX1,24145.0,MutNovel,"A132V,0.360"
X-5696,PAOX,196743.0,MutNovel,"G88E,0.500"
X-5696,PAPD5,64282.0,MutNovel,"S165N,0.250"
X-5696,PAPD5,64282.0,MutNovel,"S617F,0.231"
X-5696,PAPLN,89932.0,MutNovel,"G734D,0.320"
X-5696,PAPLN,89932.0,MutNovel,"R1151C,0.308"
X-5696,PAPOLA,10914.0,MutNovel,"P579S,0.257"
X-5696,PAQR3,152559.0,MutNovel,"T218I,0.358"
X-5696,PARD3B,117583.0,MutNovel,"V772I,0.444"
X-5696,PARD6G,84552.0,MutNovel,"A178V,0.450"
X-5696,PARP10,84875.0,MutNovel,"S79N,0.297"
X-5696,PARP14,54625.0,MutNovel,"E1440T,0.460"
X-5696,PARP3,10039.0,MutNovel,"V173M,0.227"
X-5696,PARP4,143.0,MutNovel,"A1322T,0.236"
X-5696,PARP9,83666.0,MutNovel,"P838S,0.500"
X-5696,PARPBP,,MutNovel,"S496P,0.562"
X-5696,PARVA,55742.0,MutNovel,"S87F,0.357"
X-5696,PARVA,55742.0,MutNovel,"P100S,0.269"
X-5696,PARVB,29780.0,MutNovel,"S292F,0.426"
X-5696,PATL1,219988.0,MutNovel,"R520K,0.326"
X-5696,PATL2,197135.0,MutNovel,"A508T,0.429"
X-5696,PAX3,5077.0,MutNovel,"P373S,0.308"
X-5696,PBK,55872.0,MutNovel,"A232V,0.472"
X-5696,PBLD,64081.0,MutNovel,"H257C,0.500"
X-5696,PBXIP1,57326.0,MutNovel,"E532K,0.221"
X-5696,PCCA,5095.0,MutNovel,"G705D,0.235"
X-5696,PCDH18,54510.0,MutNovel,"P958L,0.944"
X-5696,PCDH7,5099.0,MutNovel,"A30T,0.286"
X-5696,PCDH7,5099.0,MutNovel,"A201V,0.333"
X-5696,PCDH9,5101.0,MutNovel,"D1186N,0.333"
X-5696,PCDH9,5101.0,MutNovel,"G282D,0.346"
X-5696,PCDH9,5101.0,MutNovel,"P35S,0.261"
X-5696,PCDHA11,56138.0,MutNovel,"P393S,1.000"
X-5696,PCDHB10,56126.0,MutNovel,"A526V,0.269"
X-5696,PCDHB10,56126.0,MutNovel,"S789F,0.500"
X-5696,PCDHB13,56123.0,MutNovel,"A267V,0.700"
X-5696,PCDHB15,56121.0,MutNovel,"T428I,1.000"
X-5696,PCDHB15,56121.0,MutNovel,"C754Y,0.343"
X-5696,PCDHB16,57717.0,MutNovel,"V644I,0.639"
X-5696,PCDHB2,56133.0,MutNovel,"P150S,0.300"
X-5696,PCDHB2,56133.0,MutNovel,"P730L,1.000"
X-5696,PCDHB4,56131.0,MutNovel,"P730L,0.636"
X-5696,PCDHGB2,56103.0,MutNovel,"A424V,1.000"
X-5696,PCED1A,,MutNovel,"D267N,0.225"
X-5696,PCF11,51585.0,MutNovel,"S254F,0.294"
X-5696,PCID2,55795.0,MutNovel,"D412N,0.202"
X-5696,PCIF1,63935.0,MutNovel,"P160L,0.254"
X-5696,PCIF1,63935.0,MutNovel,"E370K,0.220"
X-5696,PCIF1,63935.0,MutKnownFunctional,"Q669*,0.231"
X-5696,PCM1,5108.0,MutNovel,"L662F,0.557"
X-5696,PCNT,5116.0,MutNovel,"P2175S,0.250"
X-5696,PCNT,5116.0,MutNovel,"G2348E,0.298"
X-5696,PCNT,5116.0,MutNovel,"E3068K,0.282"
X-5696,PCNX,22990.0,MutNovel,"G1304S,0.279"
X-5696,PCNX,22990.0,MutNovel,"A2233V,0.262"
X-5696,PCNXL3,399909.0,MutNovel,"G108E,0.360"
X-5696,PCNXL3,399909.0,MutNovel,"V604I,0.277"
X-5696,PCNXL3,399909.0,MutNovel,"S1342F,0.330"
X-5696,PCSK4,54760.0,MutNovel,"L274F,0.368"
X-5696,PCSK7,9159.0,MutNovel,"S481F,0.385"
X-5696,PCSK7,9159.0,MutNovel,"V185I,0.239"
X-5696,PCTP,58488.0,MutNovel,"S147F,0.234"
X-5696,PCYOX1L,78991.0,MutKnownFunctional,"W125*,0.227"
X-5696,PDAP1,11333.0,MutNovel,"G4E,0.467"
X-5696,PDCD10,11235.0,MutNovel,"V25I,0.262"
X-5696,PDCD11,22984.0,MutNovel,"E621K,0.473"
X-5696,PDCD2L,84306.0,MutNovel,"P65S,0.365"
X-5696,PDCD6IP,10015.0,MutNovel,"P846L,0.232"
X-5696,PDE11A,50940.0,MutNovel,"E399K,0.438"
X-5696,PDE11A,50940.0,MutNovel,"R5C,0.462"
X-5696,PDE12,201626.0,MutNovel,"S266N,0.221"
X-5696,PDE12,201626.0,MutNovel,"S392N,0.469"
X-5696,PDE3B,5140.0,MutNovel,"P400S,0.264"
X-5696,PDE4DIP,9659.0,MutKnownFunctional,"Q2004*,0.216"
X-5696,PDE5A,8654.0,MutNovel,"I176V,1.000"
X-5696,PDGFRL,5157.0,MutNovel,"G332E,0.667"
X-5696,PDHX,8050.0,MutNovel,"G413E,0.312"
X-5696,PDIA4,9601.0,MutNovel,"V350I,0.353"
X-5696,PDIA5,10954.0,MutNovel,"G275S,0.745"
X-5696,PDK1,5163.0,MutKnownFunctional,"W408*,0.217"
X-5696,PDK3,5165.0,MutNovel,"G325D,0.611"
X-5696,PDLIM3,27295.0,MutNovel,"P244S,0.491"
X-5696,PDP1,54704.0,MutNovel,"A331V,0.209"
X-5696,PDPR,55066.0,MutKnownFunctional,"W244*,0.244"
X-5696,PDS5A,23244.0,MutNovel,"G819E,0.312"
X-5696,PDS5B,23047.0,MutNovel,"H254Y,0.300"
X-5696,PDS5B,23047.0,MutKnownFunctional,"R1347*,0.224"
X-5696,PDXK,8566.0,MutNovel,"D145N,0.286"
X-5696,PDZD8,118987.0,MutNovel,"S338F,0.500"
X-5696,PDZRN3,23024.0,MutNovel,"G818D,0.216"
X-5696,PDZRN3,23024.0,MutNovel,"P661S,0.240"
X-5696,PDZRN3,23024.0,MutNovel,"A39V,0.353"
X-5696,PELI1,57162.0,MutNovel,"G32D,0.204"
X-5696,PELI3,246330.0,MutNovel,"T14I,0.250"
X-5696,PER1,5187.0,MutNovel,"S126N,0.386"
X-5696,PER2,8864.0,MutNovel,"A655V,0.242"
X-5696,PER3,8863.0,MutNovel,"S896L,0.574"
X-5696,PES1,23481.0,MutNovel,"P247S,0.290"
X-5696,PEX1,5189.0,MutNovel,"G1184D,0.448"
X-5696,PEX1,5189.0,MutKnownFunctional,"W2*,0.783"
X-5696,PEX5,5830.0,MutNovel,"A29T,0.302"
X-5696,PEX6,5190.0,MutNovel,"A96T,0.409"
X-5696,PFKFB4,5210.0,MutNovel,"E408K,0.311"
X-5696,PFKFB4,5210.0,MutNovel,"G32D,0.535"
X-5696,PFKM,5213.0,MutNovel,"G501S,0.245"
X-5696,PFKP,5214.0,MutNovel,"A149V,0.990"
X-5696,PFKP,5214.0,MutNovel,"V168M,0.507"
X-5696,PFKP,5214.0,MutNovel,"T409I,0.996"
X-5696,PFKP,5214.0,MutNovel,"A762V,0.504"
X-5696,PGAM2,5224.0,MutNovel,"P147L,0.240"
X-5696,PGAP1,80055.0,MutNovel,"S125N,0.308"
X-5696,PGBD1,84547.0,MutNovel,"P173S,0.440"
X-5696,PGBD2,267002.0,MutNovel,"D399N,0.333"
X-5696,PGD,5226.0,MutNovel,"A135T,0.284"
X-5696,PGM5P2,595135.0,Del0.8,0.52
X-5696,PHACTR4,65979.0,MutNovel,"S320F,0.431"
X-5696,PHC2,1912.0,MutNovel,"A395V,0.273"
X-5696,PHF12,57649.0,MutNovel,"G311S,0.244"
X-5696,PHF13,148479.0,MutNovel,"S16F,0.348"
X-5696,PHF14,9678.0,MutNovel,"P447S,0.302"
X-5696,PHF16,9767.0,MutNovel,"G456E,0.414"
X-5696,PHF2,5253.0,MutNovel,"S158N,0.432"
X-5696,PHF20,51230.0,MutNovel,"R66H,0.241"
X-5696,PHF20,51230.0,MutNovel,"A235V,0.353"
X-5696,PHF21A,51317.0,MutNovel,"S447F,0.689"
X-5696,PHF23,79142.0,MutNovel,"D173N,0.532"
X-5696,PHGDH,26227.0,MutNovel,"A338T,0.589"
X-5696,PHIP,55023.0,MutNovel,"E834K,0.432"
X-5696,PHKA2,5256.0,MutNovel,"D424N,0.397"
X-5696,PHKB,5257.0,MutNovel,"T111I,0.204"
X-5696,PHKB,5257.0,MutNovel,"D293N,0.310"
X-5696,PHKG1,5260.0,MutNovel,"V81I,0.400"
X-5696,PHLDA1,22822.0,MutNovel,"QQ194Q,1.000"
X-5696,PHLDB1,23187.0,MutNovel,"V713M,0.538"
X-5696,PHLDB1,23187.0,MutNovel,"P1084L,0.312"
X-5696,PHLDB3,653583.0,MutNovel,"P262L,0.260"
X-5696,PHTF1,10745.0,MutNovel,"E192K,0.629"
X-5696,PI4K2B,55300.0,MutNovel,"L66F,0.536"
X-5696,PI4KA,5297.0,MutNovel,"A39T,0.354"
X-5696,PI4KB,5298.0,MutNovel,"P548S,0.253"
X-5696,PI4KB,5298.0,MutNovel,"S329N,0.364"
X-5696,PIAS3,10401.0,MutNovel,"G267E,0.253"
X-5696,PIBF1,10464.0,MutNovel,"R636K,0.294"
X-5696,PICALM,8301.0,MutNovel,"P584S,0.375"
X-5696,PICALM,8301.0,MutNovel,"G233D,0.344"
X-5696,PICK1,9463.0,MutNovel,"A391T,0.244"
X-5696,PIDD,55367.0,MutNovel,"E841K,0.281"
X-5696,PIEZO1,9780.0,MutNovel,"Q749E,0.205"
X-5696,PIF1,80119.0,MutNovel,"G296S,0.250"
X-5696,PIGM,93183.0,MutNovel,"L360F,0.381"
X-5696,PIGQ,9091.0,MutNovel,"T462I,0.248"
X-5696,PIGZ,80235.0,MutNovel,"E574K,0.400"
X-5696,PIGZ,80235.0,MutNovel,"P66S,0.321"
X-5696,PIH1D1,55011.0,MutNovel,"P52L,0.276"
X-5696,PIH1D2,120379.0,MutNovel,"P93S,0.400"
X-5696,PIH1D2,120379.0,MutNovel,"L18F,0.417"
X-5696,PIK3AP1,118788.0,MutNovel,"G412E,0.385"
X-5696,PIK3AP1,118788.0,MutNovel,"P214S,1.000"
X-5696,PIK3C2B,5287.0,MutNovel,"V937M,0.538"
X-5696,PIK3CA,5290.0,MutNovel,"A758V,0.303"
X-5696,PIK3CD,5293.0,MutNovel,"G4E,0.324"
X-5696,PIK3IP1,113791.0,MutNovel,"A8T,0.273"
X-5696,PIK3R2,5296.0,MutNovel,"A550V,0.252"
X-5696,PIKFYVE,200576.0,MutNovel,"G1779S,0.213"
X-5696,PIM1,5292.0,MutNovel,"G119D,0.242"
X-5696,PIM2,11040.0,MutNovel,"E26K,0.383"
X-5696,PIM3,415116.0,MutNovel,"G52D,0.203"
X-5696,PION,54103.0,MutNovel,"E524K,0.500"
X-5696,PIP4K2B,8396.0,MutNovel,"A226T,0.556"
X-5696,PIP5K1A,8394.0,MutNovel,"A358V,0.221"
X-5696,PIP5K1A,8394.0,MutNovel,"G384D,0.219"
X-5696,PIP5K1A,8394.0,MutNovel,"S479F,0.207"
X-5696,PIP5KL1,138429.0,MutNovel,"G295D,1.000"
X-5696,PISD,23761.0,MutNovel,"G67R,0.310"
X-5696,PITHD1,57095.0,MutNovel,"P57S,0.299"
X-5696,PITPNA,5306.0,MutNovel,"E123K,0.542"
X-5696,PITPNC1,26207.0,MutNovel,"R239Q,0.587"
X-5696,PITPNM3,83394.0,MutNovel,"T302I,1.000"
X-5696,PITRM1,10531.0,MutNovel,"D83N,0.517"
X-5696,PKD1,5310.0,MutNovel,"E1885K,0.262"
X-5696,PKD1,5310.0,MutNovel,"A1783T,0.524"
X-5696,PKD1,5310.0,MutNovel,"G1021S,0.218"
X-5696,PKD1L1,168507.0,MutNovel,"H1461Y,1.000"
X-5696,PKD1L2,114780.0,MutNovel,"T2145M,0.444"
X-5696,PKD2,5311.0,MutNovel,"L586F,0.297"
X-5696,PKN1,5585.0,MutNovel,"P919L,0.647"
X-5696,PKN2,5586.0,MutNovel,"D250N,0.341"
X-5696,PKN3,29941.0,MutNovel,"G786W,0.414"
X-5696,PKN3,29941.0,MutNovel,"P864L,0.333"
X-5696,PKNOX1,5316.0,MutNovel,"G165E,0.369"
X-5696,PKNOX2,63876.0,MutNovel,"E442-,0.639"
X-5696,PLA2G4A,5321.0,MutNovel,"A471V,0.558"
X-5696,PLA2G6,8398.0,MutNovel,"A368V,0.220"
X-5696,PLAUR,5329.0,MutNovel,"G221E,0.234"
X-5696,PLAUR,5329.0,MutNovel,"G57E,0.282"
X-5696,PLAUR,5329.0,MutNovel,"T48I,0.252"
X-5696,PLCB2,5330.0,MutNovel,"P234S,0.278"
X-5696,PLCB2,5330.0,MutNovel,"L152F,0.349"
X-5696,PLCB3,5331.0,MutNovel,"L438F,0.263"
X-5696,PLCB3,5331.0,MutNovel,"P1184L,0.309"
X-5696,PLCD3,113026.0,MutNovel,"E527K,0.324"
X-5696,PLCG1,5335.0,MutNovel,"V31M,0.362"
X-5696,PLCG2,5336.0,MutNovel,"G373S,0.857"
X-5696,PLCL1,5334.0,MutNovel,"D744N,0.739"
X-5696,PLD1,5337.0,MutNovel,"P1059S,0.298"
X-5696,PLD3,23646.0,MutNovel,"G92D,0.440"
X-5696,PLD3,23646.0,MutNovel,"P287S,0.241"
X-5696,PLEC,5339.0,MutNovel,"L3109F,0.261"
X-5696,PLEC,5339.0,MutNovel,"G2702S,0.307"
X-5696,PLEC,5339.0,MutKnownFunctional,"Q813*,0.209"
X-5696,PLEKHA1,59338.0,MutNovel,"V361I,0.534"
X-5696,PLEKHA4,57664.0,MutNovel,"A258V,0.338"
X-5696,PLEKHA4,57664.0,MutNovel,"A13V,0.249"
X-5696,PLEKHF1,79156.0,MutNovel,"S205N,0.250"
X-5696,PLEKHF2,79666.0,MutNovel,"G65D,0.206"
X-5696,PLEKHG1,57480.0,MutNovel,"T696I,0.280"
X-5696,PLEKHG2,64857.0,MutNovel,"E126K,0.500"
X-5696,PLEKHG2,64857.0,MutNovel,"A730V,0.275"
X-5696,PLEKHG2,64857.0,MutNovel,"E959K,0.315"
X-5696,PLEKHG2,64857.0,MutNovel,"A1177V,0.233"
X-5696,PLEKHG3,26030.0,MutNovel,"V199M,0.306"
X-5696,PLEKHG3,26030.0,MutNovel,"D623N,0.338"
X-5696,PLEKHG3,26030.0,MutNovel,"E834K,0.261"
X-5696,PLEKHG4,25894.0,MutNovel,"E378K,0.252"
X-5696,PLEKHG4,25894.0,MutKnownFunctional,"W403*,0.243"
X-5696,PLEKHH1,57475.0,MutNovel,"A794T,0.277"
X-5696,PLEKHH2,130271.0,MutNovel,"R483K,0.286"
X-5696,PLEKHH2,130271.0,MutNovel,"D846G,0.267"
X-5696,PLEKHH2,130271.0,MutKnownFunctional,"W1193*,0.250"
X-5696,PLEKHH2,130271.0,MutNovel,"P1347S,0.367"
X-5696,PLEKHH3,79990.0,MutNovel,"E79D,0.490"
X-5696,PLEKHM1,9842.0,MutNovel,"P436S,0.340"
X-5696,PLEKHM1,9842.0,MutNovel,"A363T,0.227"
X-5696,PLK2,10769.0,MutKnownFunctional,"-335,0.273"
X-5696,PLK4,10733.0,MutNovel,"G414S,0.783"
X-5696,PLOD3,8985.0,MutNovel,"M376I,0.306"
X-5696,PLXNA1,5361.0,MutNovel,"V1776M,0.524"
X-5696,PLXNA3,55558.0,MutNovel,"T42I,0.435"
X-5696,PLXNA3,55558.0,MutKnownFunctional,"W787*,0.490"
X-5696,PLXNB1,5364.0,MutNovel,"G946D,0.379"
X-5696,PLXNB2,23654.0,MutNovel,"P577S,0.255"
X-5696,PLXNB2,23654.0,MutNovel,"P226S,0.275"
X-5696,PLXNB2,23654.0,MutNovel,"G118S,0.411"
X-5696,PLXNB3,5365.0,MutNovel,"A83V,0.444"
X-5696,PLXNB3,5365.0,MutNovel,"A149V,0.537"
X-5696,PLXNB3,5365.0,MutKnownFunctional,"-436,0.500"
X-5696,PLXNC1,10154.0,MutNovel,"G277D,0.216"
X-5696,PLXND1,23129.0,MutNovel,"P168S,0.750"
X-5696,PMEL,6490.0,MutNovel,"P137S,0.208"
X-5696,PMM2,5373.0,MutNovel,"D160N,0.440"
X-5696,PMPCB,9512.0,MutNovel,"A153V,0.479"
X-5696,PMS1,5378.0,MutNovel,"Y891H,0.328"
X-5696,PNCK,139728.0,MutNovel,"E160K,0.615"
X-5696,PNKD,25953.0,MutNovel,"G327D,0.411"
X-5696,PNMA1,9240.0,MutNovel,"P94L,0.258"
X-5696,PNMA1,9240.0,MutNovel,"D31N,0.326"
X-5696,PNPLA2,57104.0,MutNovel,"V207I,0.369"
X-5696,PNPLA3,80339.0,MutNovel,"P34L,0.500"
X-5696,PNPLA3,80339.0,MutNovel,"P380S,0.389"
X-5696,PNPLA6,10908.0,MutNovel,"S372N,0.271"
X-5696,PNPLA6,10908.0,MutNovel,"G498D,0.268"
X-5696,PNPLA6,10908.0,MutNovel,"A535T,0.254"
X-5696,PNPLA8,50640.0,MutNovel,"S358N,0.238"
X-5696,PNPT1,87178.0,MutNovel,"E265K,0.262"
X-5696,PODXL2,50512.0,MutNovel,"E174K,1.000"
X-5696,POFUT1,23509.0,MutNovel,"P20S,0.365"
X-5696,POGZ,23126.0,MutKnownFunctional,"R1211*,0.225"
X-5696,POLA1,5422.0,MutNovel,"V611I,0.468"
X-5696,POLA1,5422.0,MutNovel,"E896K,0.489"
X-5696,POLA2,23649.0,MutNovel,"Q178R,0.667"
X-5696,POLD2,5425.0,MutNovel,"R478C,0.209"
X-5696,POLD2,5425.0,MutNovel,"G452D,0.316"
X-5696,POLD3,10714.0,MutNovel,"P229S,0.302"
X-5696,POLDIP3,84271.0,MutNovel,"V107M,0.261"
X-5696,POLE,5426.0,MutNovel,"G1065R,0.444"
X-5696,POLG,5428.0,MutNovel,"A957V,0.204"
X-5696,POLG,5428.0,MutNovel,"A865V,0.385"
X-5696,POLH,5429.0,MutNovel,"A194T,0.281"
X-5696,POLH,5429.0,MutNovel,"P671L,0.333"
X-5696,POLR1A,25885.0,MutNovel,"L279F,0.225"
X-5696,POLR1B,84172.0,MutNovel,"D274N,0.239"
X-5696,POLR1B,84172.0,MutNovel,"E631K,0.248"
X-5696,POLR1B,84172.0,MutNovel,"S836N,0.228"
X-5696,POLR2A,5430.0,MutKnownFunctional,"-5?,0.500"
X-5696,POLR2A,5430.0,MutNovel,"V1276M,0.391"
X-5696,POLR2B,5431.0,MutNovel,"D283N,0.300"
X-5696,POLR2M,81488.0,MutNovel,"G7D,0.390"
X-5696,POLR3C,10623.0,MutNovel,"G18E,0.287"
X-5696,POLR3GL,84265.0,MutNovel,"R85K,0.298"
X-5696,POLRMT,5442.0,MutNovel,"Q524P,0.278"
X-5696,POLRMT,5442.0,MutNovel,"T436I,0.225"
X-5696,POM121,9883.0,MutNovel,"T203I,0.207"
X-5696,POM121L8P,29797.0,Del0.8,0.8
X-5696,POMGNT1,55624.0,MutNovel,"G606D,0.801"
X-5696,POMGNT1,55624.0,MutNovel,"G141D,0.423"
X-5696,POMZP3,22932.0,MutNovel,"C120Y,0.250"
X-5696,POP1,10940.0,MutNovel,"R211Q,0.233"
X-5696,POP1,10940.0,MutNovel,"T317I,0.258"
X-5696,POR,5447.0,MutNovel,"E580K,0.255"
X-5696,POT1,25913.0,MutNovel,"D398N,0.245"
X-5696,POU2F1,5451.0,MutNovel,"G60E,0.417"
X-5696,POU4F1,5457.0,MutNovel,"T93I,0.302"
X-5696,PPA2,27068.0,MutNovel,"P228S,0.312"
X-5696,PPAPDC2,403313.0,MutNovel,"S22N,0.667"
X-5696,PPARA,5465.0,MutNovel,"E462K,0.312"
X-5696,PPARGC1B,133522.0,MutNovel,"T177I,1.000"
X-5696,PPARGC1B,133522.0,MutNovel,"G977R,0.778"
X-5696,PPFIA1,8500.0,MutNovel,"E195K,0.343"
X-5696,PPFIA3,8541.0,MutNovel,"L1139F,0.237"
X-5696,PPFIBP1,8496.0,MutNovel,"M241I,0.333"
X-5696,PPFIBP2,8495.0,MutNovel,"P488S,0.474"
X-5696,PPIB,5479.0,MutNovel,"R122H,0.214"
X-5696,PPIG,9360.0,MutKnownFunctional,"Q55*,0.273"
X-5696,PPIG,9360.0,MutNovel,"R288K,0.201"
X-5696,PPIL6,285755.0,MutNovel,"V176I,0.412"
X-5696,PPIP5K1,9677.0,MutNovel,"P1244L,0.304"
X-5696,PPIP5K2,23262.0,MutNovel,"P18S,0.582"
X-5696,PPIP5K2,23262.0,MutNovel,"A523T,0.613"
X-5696,PPM1A,5494.0,MutNovel,"G122E,0.211"
X-5696,PPM1F,9647.0,MutNovel,"S385N,0.273"
X-5696,PPM1K,152926.0,MutNovel,"G207E,0.294"
X-5696,PPOX,5498.0,MutNovel,"P301S,0.312"
X-5696,PPP1CC,5501.0,MutKnownFunctional,"Q14*,0.249"
X-5696,PPP1R10,5514.0,MutNovel,"G898E,0.428"
X-5696,PPP1R10,5514.0,MutNovel,"G570S,0.383"
X-5696,PPP1R10,5514.0,MutNovel,"D428N,0.279"
X-5696,PPP1R12A,4659.0,MutNovel,"P672L,0.282"
X-5696,PPP1R12A,4659.0,MutNovel,"S644F,0.242"
X-5696,PPP1R12A,4659.0,MutNovel,"E338K,0.245"
X-5696,PPP1R12A,4659.0,MutNovel,"G278E,0.376"
X-5696,PPP1R12A,4659.0,MutNovel,"E152K,0.247"
X-5696,PPP1R12A,4659.0,MutNovel,"R62H,0.440"
X-5696,PPP1R12A,4659.0,MutNovel,"R62Y,0.440"
X-5696,PPP1R12C,54776.0,MutNovel,"A571T,0.226"
X-5696,PPP1R12C,54776.0,MutNovel,"G382S,0.507"
X-5696,PPP1R13B,23368.0,MutNovel,"P888S,0.300"
X-5696,PPP1R16A,84988.0,MutNovel,"E57K,0.328"
X-5696,PPP1R16A,84988.0,MutNovel,"P301L,0.284"
X-5696,PPP1R26,9858.0,MutNovel,"S406N,1.000"
X-5696,PPP1R32,220004.0,MutNovel,"T404I,0.296"
X-5696,PPP1R37,284352.0,MutNovel,"G321D,0.222"
X-5696,PPP1R37,284352.0,MutNovel,"P389S,0.308"
X-5696,PPP1R3D,5509.0,MutNovel,"G4D,0.297"
X-5696,PPP1R3F,89801.0,MutNovel,"P234S,0.375"
X-5696,PPP1R9B,84687.0,MutNovel,"G228S,0.351"
X-5696,PPP2R1B,5519.0,MutNovel,"P191S,0.571"
X-5696,PPP2R3C,55012.0,MutNovel,"E115K,0.318"
X-5696,PPP2R3C,55012.0,MutKnownFunctional,"W3*,0.340"
X-5696,PPP2R4,5524.0,MutNovel,"E290K,0.646"
X-5696,PPP2R5A,5525.0,MutNovel,"P136S,0.260"
X-5696,PPP2R5C,5527.0,MutNovel,"E159K,0.269"
X-5696,PPP3CA,5530.0,MutNovel,"G298D,0.388"
X-5696,PPP3CB,5532.0,MutNovel,"L199F,0.486"
X-5696,PPP4C,5531.0,MutNovel,"L279F,0.264"
X-5696,PPP6R1,22870.0,MutNovel,"V150M,0.304"
X-5696,PPP6R2,9701.0,MutNovel,"A932T,0.279"
X-5696,PPP6R3,55291.0,MutNovel,"A772T,0.278"
X-5696,PQLC3,130814.0,MutNovel,"L174F,1.000"
X-5696,PRAME,23532.0,MutNovel,"E279K,0.247"
X-5696,PRDM15,63977.0,MutNovel,"R1245Q,0.321"
X-5696,PRDM15,63977.0,MutNovel,"T675M,0.308"
X-5696,PRDM2,7799.0,MutNovel,"E117K,0.214"
X-5696,PRDM7,11105.0,MutNovel,"V483I,0.282"
X-5696,PRDX6,9588.0,MutNovel,"T192I,0.336"
X-5696,PRELID2,153768.0,MutNovel,"R143K,0.421"
X-5696,PRELID2,153768.0,MutNovel,"V63I,0.357"
X-5696,PREPL,9581.0,MutNovel,"P66S,0.631"
X-5696,PRG4,10216.0,MutNovel,"P1381S,0.214"
X-5696,PRIC285,85441.0,MutNovel,"P2373L,0.343"
X-5696,PRIC285,85441.0,MutNovel,"A1426T,0.309"
X-5696,PRIC285,85441.0,MutNovel,"G1400D,0.600"
X-5696,PRIC285,85441.0,MutNovel,"A1041T,0.370"
X-5696,PRIC285,85441.0,MutNovel,"A915V,0.519"
X-5696,PRICKLE1,144165.0,MutNovel,"G423D,0.875"
X-5696,PRICKLE3,4007.0,MutNovel,"A326V,0.646"
X-5696,PRKAG1,5571.0,MutNovel,"E204K,0.249"
X-5696,PRKAR2A,5576.0,MutNovel,"G231R,0.236"
X-5696,PRKCD,5580.0,MutNovel,"D21N,0.296"
X-5696,PRKCSH,5589.0,MutNovel,"V173M,0.554"
X-5696,PRKD2,25865.0,MutNovel,"R420C,0.313"
X-5696,PRKD3,23683.0,MutNovel,"T126I,0.305"
X-5696,PRKD3,23683.0,MutKnownFunctional,"Q65*,0.223"
X-5696,PRKDC,5591.0,MutNovel,"L3964F,0.248"
X-5696,PRKDC,5591.0,MutNovel,"L2532F,0.237"
X-5696,PRKDC,5591.0,MutKnownFunctional,"W1934*,0.280"
X-5696,PRKDC,5591.0,MutNovel,"T802I,0.217"
X-5696,PRKDC,5591.0,MutNovel,"G711D,0.277"
X-5696,PRKDC,5591.0,MutNovel,"G599S,0.245"
X-5696,PRKDC,5591.0,MutNovel,"L421S,0.327"
X-5696,PRMT2,3275.0,MutNovel,"L263F,0.270"
X-5696,PRMT2,3275.0,MutNovel,"R327H,0.262"
X-5696,PRMT7,54496.0,MutNovel,"P326S,0.244"
X-5696,PRODH,5625.0,MutNovel,"D170N,0.429"
X-5696,PROS1,5627.0,MutNovel,"S566N,0.214"
X-5696,PROS1,5627.0,MutNovel,"V71I,0.271"
X-5696,PROSAPIP1,,MutKnownFunctional,"R380*,0.364"
X-5696,PRPF40A,55660.0,MutNovel,"G4D,0.256"
X-5696,PRPF6,24148.0,MutNovel,"A188T,0.284"
X-5696,PRPF6,24148.0,MutNovel,"M251I,0.256"
X-5696,PRPF6,24148.0,MutNovel,"P774S,0.252"
X-5696,PRPF8,10594.0,MutNovel,"L885F,0.508"
X-5696,PRR12,57479.0,MutNovel,"A147V,0.306"
X-5696,PRR12,57479.0,MutNovel,"G370D,0.714"
X-5696,PRR12,57479.0,MutNovel,"A1991T,0.247"
X-5696,PRR14,78994.0,MutNovel,"A350V,0.253"
X-5696,PRR14L,253143.0,MutNovel,"E2134K,0.278"
X-5696,PRR14L,253143.0,MutNovel,"P1744S,0.375"
X-5696,PRR14L,253143.0,MutNovel,"P1522L,0.259"
X-5696,PRR14L,253143.0,MutNovel,"P731L,0.270"
X-5696,PRR23C,389152.0,Del0.8,0.51
X-5696,PRR5,55615.0,MutNovel,"R262H,0.465"
X-5696,PRR7,80758.0,MutNovel,"G22D,0.600"
X-5696,PRR7,80758.0,MutNovel,"P136L,1.000"
X-5696,PRRC2A,7916.0,MutNovel,"S88N,0.225"
X-5696,PRRC2A,7916.0,MutNovel,"S1656N,0.234"
X-5696,PRRC2A,7916.0,MutNovel,"G1675R,0.227"
X-5696,PRRC2C,23215.0,MutNovel,"E1537K,0.380"
X-5696,PRRT3,285368.0,MutNovel,"P892S,0.250"
X-5696,PRRT3,285368.0,MutNovel,"G575R,0.217"
X-5696,PRTG,283659.0,MutNovel,"E255K,0.339"
X-5696,PRTG,283659.0,MutNovel,"T183I,0.217"
X-5696,PRTG,283659.0,MutNovel,"P4S,0.500"
X-5696,PRUNE,58497.0,MutKnownFunctional,"Q275*,0.267"
X-5696,PRUNE2,158471.0,MutNovel,"E2130K,1.000"
X-5696,PRUNE2,158471.0,MutKnownFunctional,"W176*,1.000"
X-5696,PRX,57716.0,MutNovel,"V832A,0.524"
X-5696,PRX,57716.0,MutNovel,"P418S,0.250"
X-5696,PRY,9081.0,Del0.8,0.13
X-5696,PRY,9081.0,Del0.8,0.13
X-5696,PRY2,442862.0,Del0.8,0.13
X-5696,PRY2,442862.0,Del0.8,0.13
X-5696,PSD4,23550.0,MutNovel,"T286I,0.300"
X-5696,PSD4,23550.0,MutNovel,"E426K,0.450"
X-5696,PSEN1,5663.0,MutNovel,"S23N,0.247"
X-5696,PSEN1,5663.0,MutNovel,"D458N,0.276"
X-5696,PSKH1,5681.0,MutNovel,"G107S,0.234"
X-5696,PSMA1,5682.0,MutNovel,"G135D,0.227"
X-5696,PSMB2,5690.0,MutKnownFunctional,"R181*,0.369"
X-5696,PSMB6,5694.0,MutNovel,"P15L,0.552"
X-5696,PSMC1,5700.0,MutNovel,"E352K,0.277"
X-5696,PSMC2,5701.0,MutNovel,"A73T,0.477"
X-5696,PSMD1,5707.0,MutNovel,"I921N,0.305"
X-5696,PSMD2,5708.0,MutNovel,"G406E,0.310"
X-5696,PSMD9,5715.0,MutNovel,"R122C,0.516"
X-5696,PSME4,23198.0,MutNovel,"E1365K,0.351"
X-5696,PSMG1,8624.0,MutNovel,"E22K,0.263"
X-5696,PSPC1,55269.0,MutNovel,"P108L,0.534"
X-5696,PTAR1,375743.0,MutNovel,"D254N,0.295"
X-5696,PTBP2,58155.0,MutNovel,"G49R,0.426"
X-5696,PTCH1,5727.0,MutNovel,"A935V,0.310"
X-5696,PTEN,5728.0,MutNovel,"S179N,0.535"
X-5696,PTGFRN,5738.0,MutNovel,"E617K,0.382"
X-5696,PTGIS,5740.0,MutNovel,"A139T,0.247"
X-5696,PTGR1,22949.0,MutNovel,"A27S,0.283"
X-5696,PTK2,5747.0,MutNovel,"L673F,0.379"
X-5696,PTK2B,2185.0,MutKnownFunctional,"W616*,1.000"
X-5696,PTK7,5754.0,MutNovel,"D440N,0.235"
X-5696,PTK7,5754.0,MutNovel,"A941T,0.364"
X-5696,PTMS,5763.0,MutNovel,"R93Q,0.247"
X-5696,PTP4A2,8073.0,MutNovel,"P109S,0.387"
X-5696,PTPLB,201562.0,MutNovel,"A120T,0.630"
X-5696,PTPN11,5781.0,MutNovel,"S165F,0.409"
X-5696,PTPN18,26469.0,MutNovel,"G19D,0.357"
X-5696,PTPN18,26469.0,MutNovel,"A35T,0.300"
X-5696,PTPN18,26469.0,MutNovel,"G379E,0.471"
X-5696,PTPN18,26469.0,MutNovel,"P415L,0.267"
X-5696,PTPN23,25930.0,MutNovel,"P341L,0.213"
X-5696,PTPN23,25930.0,MutNovel,"P866L,0.220"
X-5696,PTPRA,5786.0,MutNovel,"P396S,0.545"
X-5696,PTPRA,5786.0,MutNovel,"G756E,0.254"
X-5696,PTPRF,5792.0,MutNovel,"A1180T,0.600"
X-5696,PTPRH,5794.0,MutNovel,"D736N,0.245"
X-5696,PTPRH,5794.0,MutNovel,"T560I,0.741"
X-5696,PTPRJ,5795.0,MutNovel,"A664T,0.321"
X-5696,PTPRM,5797.0,MutNovel,"S779N,0.535"
X-5696,PTPRS,5802.0,MutNovel,"A533V,0.255"
X-5696,PTPRU,10076.0,MutNovel,"R633Q,0.300"
X-5696,PTPRU,10076.0,MutNovel,"E979K,0.333"
X-5696,PTPRZ1,5803.0,MutNovel,"E316K,0.510"
X-5696,PUF60,22827.0,MutNovel,"A447V,0.328"
X-5696,PUM2,23369.0,MutNovel,"G191S,0.553"
X-5696,PURA,5813.0,MutNovel,"S145N,0.538"
X-5696,PVRL2,5819.0,MutNovel,"E500K,0.333"
X-5696,PVRL3,25945.0,MutNovel,"G96D,0.306"
X-5696,PYGB,5834.0,MutNovel,"V41I,0.276"
X-5696,PYGL,5836.0,MutNovel,"V60M,0.436"
X-5696,PYGO2,90780.0,MutNovel,"G396S,0.245"
X-5696,PYGO2,90780.0,MutNovel,"P134S,0.214"
X-5696,PYROXD2,84795.0,MutNovel,"D232N,0.400"
X-5696,QARS,5859.0,MutNovel,"A676V,0.206"
X-5696,QPCTL,54814.0,MutNovel,"G232R,0.278"
X-5696,QRSL1,55278.0,MutNovel,"P72S,0.262"
X-5696,QSER1,79832.0,MutNovel,"G322S,0.391"
X-5696,QSER1,79832.0,MutNovel,"G345D,0.214"
X-5696,QSER1,79832.0,MutNovel,"V360I,0.289"
X-5696,QSER1,79832.0,MutNovel,"P934S,0.492"
X-5696,QSER1,79832.0,MutNovel,"S1009F,0.270"
X-5696,QSER1,79832.0,MutNovel,"Y1414H,0.361"
X-5696,QSER1,79832.0,MutNovel,"T1619I,0.381"
X-5696,QSOX2,169714.0,MutNovel,"D550N,0.318"
X-5696,QSOX2,169714.0,MutNovel,"D245N,0.385"
X-5696,QTRT1,81890.0,MutNovel,"D193N,0.419"
X-5696,R3HDM2,22864.0,MutNovel,"S322F,0.266"
X-5696,RAB11FIP5,26056.0,MutNovel,"S286F,0.244"
X-5696,RAB14,51552.0,MutNovel,"A75V,0.239"
X-5696,RAB14,51552.0,MutNovel,"A75T,0.371"
X-5696,RAB23,51715.0,MutNovel,"A9V,0.250"
X-5696,RAB28,9364.0,MutNovel,"T120I,0.210"
X-5696,RAB2B,84932.0,MutNovel,"D36N,0.235"
X-5696,RAB30,27314.0,MutNovel,"V44I,0.364"
X-5696,RAB32,10981.0,MutKnownFunctional,"W69*,0.343"
X-5696,RAB34,83871.0,MutNovel,"M148I,0.222"
X-5696,RAB3A,5864.0,MutNovel,"G200S,0.367"
X-5696,RAB3GAP1,22930.0,MutNovel,"P940L,0.325"
X-5696,RAB40B,10966.0,MutNovel,"G104D,0.205"
X-5696,RAB6A,5870.0,MutNovel,"E140K,0.382"
X-5696,RABEP1,9135.0,MutNovel,"E626K,0.460"
X-5696,RABEP2,79874.0,MutNovel,"V83M,0.375"
X-5696,RABEP2,79874.0,MutNovel,"A8T,0.289"
X-5696,RABGAP1L,9910.0,MutNovel,"G353D,0.375"
X-5696,RABGAP1L,9910.0,MutNovel,"P361L,0.333"
X-5696,RABGGTA,5875.0,MutNovel,"P416S,0.442"
X-5696,RAD50,10111.0,MutNovel,"V1110I,0.508"
X-5696,RAD50,10111.0,MutNovel,"V1187M,0.486"
X-5696,RAD51B,5890.0,MutNovel,"H95Y,0.378"
X-5696,RAD51D,5892.0,MutNovel,"G285E,0.529"
X-5696,RAD54B,25788.0,MutNovel,"A553T,0.309"
X-5696,RAD54B,25788.0,MutNovel,"L519F,0.471"
X-5696,RAD54L2,23132.0,MutNovel,"E83K,0.267"
X-5696,RAI1,10743.0,MutNovel,"P639S,0.254"
X-5696,RAI1,10743.0,MutNovel,"A832V,0.582"
X-5696,RAI1,10743.0,MutNovel,"G1388E,0.255"
X-5696,RAI1,10743.0,MutNovel,"A1522T,0.252"
X-5696,RAI1,10743.0,MutNovel,"P1713L,0.230"
X-5696,RAI14,26064.0,MutNovel,"S386N,0.538"
X-5696,RALGDS,5900.0,MutNovel,"R632W,0.301"
X-5696,RALGPS1,9649.0,MutNovel,"D209N,0.294"
X-5696,RANBP2,5903.0,MutNovel,"P162S,0.312"
X-5696,RANBP2,5903.0,MutNovel,"E1279K,0.317"
X-5696,RANBP2,5903.0,MutNovel,"A2442T,0.278"
X-5696,RANBP6,26953.0,MutNovel,"V787I,1.000"
X-5696,RAP1GAP,5909.0,MutNovel,"Y609C,0.531"
X-5696,RAPGEF1,2889.0,MutNovel,"P763L,0.360"
X-5696,RAPGEF1,2889.0,MutNovel,"P289L,0.277"
X-5696,RAPGEF2,9693.0,MutNovel,"A1083V,0.418"
X-5696,RAPGEF2,9693.0,MutNovel,"G1245D,0.323"
X-5696,RAPGEF4,11069.0,MutNovel,"G503E,0.344"
X-5696,RAPH1,65059.0,MutNovel,"T974I,0.500"
X-5696,RAPH1,65059.0,MutNovel,"P972L,0.500"
X-5696,RAPH1,65059.0,MutNovel,"P876S,0.625"
X-5696,RARA,5914.0,MutNovel,"P73S,0.278"
X-5696,RARS,5917.0,MutNovel,"V196I,0.487"
X-5696,RASA3,22821.0,MutNovel,"S516F,0.232"
X-5696,RASGRF1,5923.0,MutNovel,"E1096K,0.270"
X-5696,RASSF5,83593.0,MutNovel,"G9E,0.667"
X-5696,RASSF7,8045.0,MutNovel,"P322S,0.219"
X-5696,RASSF8,11228.0,MutNovel,"P125L,0.314"
X-5696,RAVER1,125950.0,MutNovel,"G424E,0.247"
X-5696,RAVER1,125950.0,MutNovel,"V142M,0.321"
X-5696,RAVER2,55225.0,MutNovel,"P387L,0.255"
X-5696,RAVER2,55225.0,MutNovel,"P476S,0.244"
X-5696,RB1,5925.0,MutNovel,"R621C,0.225"
X-5696,RB1CC1,9821.0,MutNovel,"A1300T,0.243"
X-5696,RB1CC1,9821.0,MutNovel,"E1257K,0.237"
X-5696,RB1CC1,9821.0,MutNovel,"A697T,0.225"
X-5696,RB1CC1,9821.0,MutNovel,"E158K,0.269"
X-5696,RB1CC1,9821.0,MutNovel,"T13I,0.226"
X-5696,RBBP4,5928.0,MutNovel,"P158L,0.283"
X-5696,RBBP5,5929.0,MutNovel,"D52N,0.283"
X-5696,RBBP6,5930.0,MutNovel,"A1305T,0.293"
X-5696,RBBP6,5930.0,MutNovel,"V1352I,0.245"
X-5696,RBBP8,5932.0,MutNovel,"D476N,0.233"
X-5696,RBL2,5934.0,MutNovel,"H473Y,0.601"
X-5696,RBL2,5934.0,MutNovel,"D516N,0.300"
X-5696,RBL2,5934.0,MutNovel,"A993T,0.299"
X-5696,RBM12,10137.0,MutNovel,"P835PAP,0.371"
X-5696,RBM14,10432.0,MutNovel,"T154I,0.328"
X-5696,RBM15,64783.0,MutNovel,"A393T,0.467"
X-5696,RBM15,64783.0,MutNovel,"D566N,0.333"
X-5696,RBM17,84991.0,MutNovel,"P303S,0.425"
X-5696,RBM23,55147.0,MutNovel,"E15K,0.227"
X-5696,RBM25,58517.0,MutNovel,"G92D,0.260"
X-5696,RBM26,64062.0,MutNovel,"E649K,0.231"
X-5696,RBM26,64062.0,MutNovel,"G557E,0.256"
X-5696,RBM26,64062.0,MutNovel,"A33T,0.352"
X-5696,RBM33,155435.0,MutNovel,"P24S,0.235"
X-5696,RBM33,155435.0,MutNovel,"P1013L,0.244"
X-5696,RBM48,84060.0,MutNovel,"E44K,0.265"
X-5696,RBMS2,5939.0,MutNovel,"P253S,0.478"
X-5696,RBMY1B,378948.0,Del0.8,0.13
X-5696,RBMY1B,378948.0,Del0.8,0.13
X-5696,RBMY1E,378950.0,Del0.8,0.13
X-5696,RBMY1E,378950.0,Del0.8,0.13
X-5696,RBMY1F,159163.0,Del0.8,0.13
X-5696,RBMY1F,159163.0,Del0.8,0.13
X-5696,RBMY1J,378951.0,Del0.8,0.13
X-5696,RBMY1J,378951.0,Del0.8,0.13
X-5696,RBMY2EP,159125.0,Del0.8,0.13
X-5696,RBMY2FP,159162.0,Del0.8,0.13
X-5696,RC3H1,149041.0,MutNovel,"G921S,1.000"
X-5696,RC3H1,149041.0,MutNovel,"P486S,0.333"
X-5696,RC3H2,54542.0,MutNovel,"E269K,0.338"
X-5696,RC3H2,54542.0,MutNovel,"G159E,0.362"
X-5696,RCE1,9986.0,MutNovel,"A325T,0.653"
X-5696,RDBP,7936.0,MutNovel,"A65T,0.204"
X-5696,RDH14,57665.0,MutNovel,"E128K,0.682"
X-5696,RDH14,57665.0,MutNovel,"A51T,0.500"
X-5696,RDX,5962.0,MutNovel,"A434V,0.238"
X-5696,RECQL,5965.0,MutNovel,"A346V,0.229"
X-5696,RECQL4,9401.0,MutNovel,"G1063R,0.267"
X-5696,RELL1,768211.0,MutNovel,"P149L,0.235"
X-5696,RELL2,285613.0,MutNovel,"R157Q,0.453"
X-5696,REPIN1,29803.0,MutNovel,"A533T,0.222"
X-5696,REPS1,85021.0,MutNovel,"A216V,0.279"
X-5696,REPS1,85021.0,MutNovel,"G128A,1.000"
X-5696,RERE,473.0,MutNovel,"G522S,0.349"
X-5696,RETSAT,54884.0,MutNovel,"D452N,0.529"
X-5696,REV1,51455.0,MutNovel,"R622K,0.260"
X-5696,REV3L,5980.0,MutNovel,"D2349N,0.274"
X-5696,REV3L,5980.0,MutNovel,"P2134S,1.000"
X-5696,REV3L,5980.0,MutNovel,"S1886N,0.321"
X-5696,REXO1,57455.0,MutNovel,"D1102G,0.278"
X-5696,REXO1,57455.0,MutNovel,"A685V,0.324"
X-5696,REXO4,57109.0,MutNovel,"A185T,0.419"
X-5696,RFC1,5981.0,MutNovel,"D424N,0.451"
X-5696,RFC3,5983.0,MutNovel,"A316T,0.235"
X-5696,RFFL,117584.0,MutNovel,"L86F,0.312"
X-5696,RFPL3,10738.0,MutNovel,"E183K,0.615"
X-5696,RFTN2,130132.0,MutNovel,"S108N,0.340"
X-5696,RFWD2,64326.0,MutNovel,"G500E,0.410"
X-5696,RFX2,5990.0,MutNovel,"E76K,0.750"
X-5696,RFX5,5993.0,MutNovel,"R97H,0.211"
X-5696,RGL1,23179.0,MutNovel,"A535T,0.632"
X-5696,RGL2,5863.0,MutNovel,"A465T,0.204"
X-5696,RGL3,57139.0,MutNovel,"A685V,0.284"
X-5696,RGL4,266747.0,MutNovel,"E347K,0.207"
X-5696,RGPD4,285190.0,MutNovel,"V975L,1.000"
X-5696,RGS12,6002.0,MutNovel,"A747V,0.340"
X-5696,RGS12,6002.0,MutKnownFunctional,"-1176?,0.376"
X-5696,RGS20,8601.0,MutNovel,"A110V,0.694"
X-5696,RGS3,5998.0,MutNovel,"P790S,0.429"
X-5696,RHBDD3,25807.0,MutNovel,"A182V,0.255"
X-5696,RHBDL1,9028.0,MutNovel,"G388D,0.269"
X-5696,RHOA,387.0,MutNovel,"G152D,0.208"
X-5696,RHOA,387.0,MutNovel,"P141S,0.204"
X-5696,RHOG,391.0,MutNovel,"T125I,0.291"
X-5696,RHOJ,57381.0,MutNovel,"V116I,0.277"
X-5696,RHOT1,55288.0,MutNovel,"A508V,0.221"
X-5696,RHOT2,89941.0,MutNovel,"F589L,0.281"
X-5696,RHPN1,114822.0,MutNovel,"R495W,0.371"
X-5696,RICTOR,253260.0,MutNovel,"V1620I,0.571"
X-5696,RICTOR,253260.0,MutNovel,"G1457S,0.532"
X-5696,RIF1,55183.0,MutNovel,"G281E,0.283"
X-5696,RIF1,55183.0,MutNovel,"G1695R,0.243"
X-5696,RIN1,9610.0,MutNovel,"H626Y,0.282"
X-5696,RIN1,9610.0,MutNovel,"G573E,0.327"
X-5696,RIN2,54453.0,MutNovel,"V867M,0.364"
X-5696,RIN3,79890.0,MutNovel,"G967-,1.000"
X-5696,RINT1,60561.0,MutNovel,"A298V,0.515"
X-5696,RIPK2,8767.0,MutNovel,"G498E,0.307"
X-5696,RLBP1,6017.0,MutNovel,"A135T,0.250"
X-5696,RLTPR,146206.0,MutNovel,"D1238N,0.333"
X-5696,RMI1,80010.0,MutNovel,"V543I,0.250"
X-5696,RMND5A,64795.0,MutNovel,"A163T,0.248"
X-5696,RMND5B,64777.0,MutNovel,"V235M,0.500"
X-5696,RNF103,7844.0,MutNovel,"A248T,0.234"
X-5696,RNF111,54778.0,MutNovel,"C969Y,0.227"
X-5696,RNF123,63891.0,MutNovel,"E1050K,0.252"
X-5696,RNF123,63891.0,MutNovel,"E1059K,0.243"
X-5696,RNF126,55658.0,MutNovel,"D104N,0.593"
X-5696,RNF139,11236.0,MutNovel,"S381F,0.221"
X-5696,RNF139,11236.0,MutNovel,"P562S,0.312"
X-5696,RNF146,81847.0,MutNovel,"P47S,0.487"
X-5696,RNF152,220441.0,Del0.8,0.76
X-5696,RNF169,254225.0,MutNovel,"G621D,0.310"
X-5696,RNF20,56254.0,MutNovel,"G819E,0.326"
X-5696,RNF208,727800.0,MutNovel,"G79E,0.345"
X-5696,RNF213,57674.0,MutNovel,"D130N,0.630"
X-5696,RNF213,57674.0,MutNovel,"E2158K,0.500"
X-5696,RNF213,57674.0,MutNovel,"S2622F,0.277"
X-5696,RNF213,57674.0,MutNovel,"L2638F,0.622"
X-5696,RNF214,257160.0,MutNovel,"P567S,0.228"
X-5696,RNF215,200312.0,MutNovel,"P106L,0.315"
X-5696,RNF216,54476.0,MutNovel,"L513F,0.218"
X-5696,RNF220,55182.0,MutNovel,"G320E,0.351"
X-5696,RNF26,79102.0,MutNovel,"C155Y,0.260"
X-5696,RNF31,55072.0,MutNovel,"E814K,0.328"
X-5696,RNF32,140545.0,MutNovel,"E276K,0.327"
X-5696,RNF38,152006.0,MutNovel,"D141N,0.429"
X-5696,RNF40,9810.0,MutNovel,"V381I,0.272"
X-5696,RNF40,9810.0,MutNovel,"E549K,0.238"
X-5696,RNF6,6049.0,MutNovel,"R604C,0.217"
X-5696,RNH1,6050.0,MutNovel,"A391T,0.319"
X-5696,RNH1,6050.0,MutNovel,"V382M,0.376"
X-5696,ROBO1,6091.0,MutNovel,"D882N,0.212"
X-5696,ROBO1,6091.0,MutNovel,"P844L,0.213"
X-5696,RP9,6100.0,MutKnownFunctional,"-222,0.419"
X-5696,RPA1,6117.0,MutNovel,"A59T,0.562"
X-5696,RPA2,6118.0,MutNovel,"V74I,0.312"
X-5696,RPA4,29935.0,MutNovel,"P118S,1.000"
X-5696,RPAP1,26015.0,MutNovel,"A1220V,0.231"
X-5696,RPAP1,26015.0,MutNovel,"M355I,0.524"
X-5696,RPAP3,79657.0,MutNovel,"A195V,0.611"
X-5696,RPE,6120.0,MutNovel,"P62S,0.625"
X-5696,RPF1,80135.0,MutNovel,"S9N,0.897"
X-5696,RPF1,80135.0,MutNovel,"G12E,0.851"
X-5696,RPF2,84154.0,MutNovel,"A178T,0.474"
X-5696,RPF2,84154.0,MutNovel,"G218R,0.455"
X-5696,RPGR,6103.0,MutKnownFunctional,"Q790*,0.500"
X-5696,RPGRIP1L,23322.0,MutNovel,"D1085G,0.222"
X-5696,RPH3A,22895.0,MutNovel,"G303D,0.800"
X-5696,RPH3A,22895.0,MutNovel,"D486N,0.857"
X-5696,RPL12,6136.0,MutNovel,"T63I,0.470"
X-5696,RPL28,6158.0,MutNovel,"P154L,0.212"
X-5696,RPL37A,6168.0,MutNovel,"A35T,0.249"
X-5696,RPL8,6132.0,MutNovel,"D65N,0.256"
X-5696,RPN1,6184.0,MutNovel,"D361N,0.496"
X-5696,RPN2,6185.0,MutNovel,"S172F,0.206"
X-5696,RPN2,6185.0,MutNovel,"A310T,0.392"
X-5696,RPP30,10556.0,MutNovel,"T118I,0.584"
X-5696,RPP30,10556.0,MutNovel,"R166K,0.523"
X-5696,RPP30,10556.0,MutNovel,"A264T,0.506"
X-5696,RPP38,10557.0,MutNovel,"R167K,0.529"
X-5696,RPRD1B,58490.0,MutNovel,"D250N,0.500"
X-5696,RPRD2,23248.0,MutNovel,"S223N,0.282"
X-5696,RPS2,6187.0,MutNovel,"R117C,0.286"
X-5696,RPS25,6230.0,MutNovel,"E61K,0.656"
X-5696,RPS4Y2,140032.0,Del0.8,0.13
X-5696,RPS6KA4,8986.0,MutNovel,"S589F,0.366"
X-5696,RPS6KA5,9252.0,MutNovel,"A721T,0.262"
X-5696,RPS6KA5,9252.0,MutNovel,"G644R,0.299"
X-5696,RPS6KB1,6198.0,MutNovel,"G26E,0.244"
X-5696,RPS6KB1,6198.0,MutNovel,"P391L,0.307"
X-5696,RPS6KB2,6199.0,MutNovel,"G245D,0.453"
X-5696,RPS9,6203.0,MutNovel,"P19L,0.232"
X-5696,RPUSD1,113000.0,MutNovel,"S312N,0.203"
X-5696,RPUSD1,113000.0,MutNovel,"S10F,0.300"
X-5696,RRM2B,50484.0,MutNovel,"P85S,0.700"
X-5696,RRP15,51018.0,MutNovel,"P105S,0.252"
X-5696,RRP1B,23076.0,MutNovel,"G136D,0.221"
X-5696,RRP1B,23076.0,MutNovel,"G181E,0.506"
X-5696,RRP1B,23076.0,MutNovel,"S662N,0.250"
X-5696,RRS1,23212.0,MutNovel,"A194T,0.293"
X-5696,RRS1,23212.0,MutNovel,"G320E,0.520"
X-5696,RSBN1,54665.0,MutNovel,"E783K,0.800"
X-5696,RSBN1,54665.0,MutNovel,"P548L,0.478"
X-5696,RSBN1,54665.0,MutNovel,"G511S,0.308"
X-5696,RSBN1L,222194.0,MutNovel,"V678I,0.209"
X-5696,RSF1,51773.0,MutNovel,"E863K,0.361"
X-5696,RSL24D1,51187.0,MutNovel,"R75K,0.373"
X-5696,RSPH1,89765.0,MutNovel,"R275W,0.800"
X-5696,RSPH3,83861.0,MutNovel,"R150H,0.407"
X-5696,RTEL1,51750.0,MutNovel,"A599T,0.647"
X-5696,RTEL1,51750.0,MutNovel,"P616S,0.261"
X-5696,RTEL1,51750.0,MutNovel,"G999D,0.401"
X-5696,RTN2,6253.0,MutNovel,"E138K,0.276"
X-5696,RTN3,10313.0,MutNovel,"A209T,0.604"
X-5696,RTN4,57142.0,MutNovel,"S12F,0.290"
X-5696,RTN4IP1,84816.0,MutNovel,"G312S,0.483"
X-5696,RTN4R,65078.0,MutNovel,"A449V,0.216"
X-5696,RTN4R,65078.0,MutNovel,"P315S,0.327"
X-5696,RTN4RL1,146760.0,MutNovel,"A419T,0.688"
X-5696,RTN4RL1,146760.0,MutNovel,"A396T,0.500"
X-5696,RTN4RL2,349667.0,MutNovel,"P271L,0.538"
X-5696,RTP4,64108.0,MutNovel,"S220N,0.274"
X-5696,RTTN,25914.0,MutNovel,"A692T,0.667"
X-5696,RUFY1,80230.0,MutNovel,"T382I,1.000"
X-5696,RUNX1,861.0,MutNovel,"S265N,0.750"
X-5696,RUSC1,23623.0,MutNovel,"L178M,0.429"
X-5696,RUVBL1,8607.0,MutNovel,"E219K,0.551"
X-5696,RWDD2B,10069.0,MutNovel,"P260S,0.471"
X-5696,RWDD3,25950.0,MutNovel,"L190F,0.317"
X-5696,RXRA,6256.0,MutNovel,"P109S,0.310"
X-5696,RXRA,6256.0,MutNovel,"R184W,0.308"
X-5696,RXRB,6257.0,MutNovel,"G443S,0.217"
X-5696,S100A4,6275.0,MutNovel,"P94S,0.508"
X-5696,S100PBP,64766.0,MutNovel,"S328N,0.207"
X-5696,SAAL1,113174.0,MutNovel,"T474I,0.250"
X-5696,SAC3D1,29901.0,MutNovel,"G312D,0.358"
X-5696,SACM1L,22908.0,MutNovel,"G248E,0.237"
X-5696,SACS,26278.0,MutNovel,"AE2070-,0.450"
X-5696,SAE1,10055.0,MutNovel,"E313K,0.205"
X-5696,SAE1,10055.0,MutKnownFunctional,"R260*,0.252"
X-5696,SAFB2,9667.0,MutNovel,"A661T,0.254"
X-5696,SALL2,6297.0,MutNovel,"P934L,0.368"
X-5696,SALL4,57167.0,MutNovel,"G283S,0.400"
X-5696,SAMD4A,23034.0,MutNovel,"G16S,0.263"
X-5696,SAMD4B,55095.0,MutNovel,"A258V,0.231"
X-5696,SAMM50,25813.0,MutNovel,"D208N,0.239"
X-5696,SAMM50,25813.0,MutNovel,"G363D,0.277"
X-5696,SAP130,79595.0,MutNovel,"A234T,0.305"
X-5696,SAP30BP,29115.0,MutNovel,"A199T,0.270"
X-5696,SARDH,1757.0,MutNovel,"V249M,0.471"
X-5696,SART1,9092.0,MutNovel,"A495T,0.264"
X-5696,SASS6,163786.0,MutNovel,"G652E,0.240"
X-5696,SASS6,163786.0,MutNovel,"V326I,0.260"
X-5696,SATB2,23314.0,MutNovel,"S189N,0.308"
X-5696,SBF1,6305.0,MutNovel,"A1292T,0.322"
X-5696,SBNO1,55206.0,MutNovel,"D1260N,0.580"
X-5696,SBNO2,22904.0,MutNovel,"G946S,0.206"
X-5696,SBNO2,22904.0,MutNovel,"T88I,0.271"
X-5696,SCAF1,58506.0,MutNovel,"E1296K,0.235"
X-5696,SCAF11,9169.0,MutNovel,"P1232S,0.262"
X-5696,SCAF4,57466.0,MutNovel,"P541S,0.201"
X-5696,SCAF8,22828.0,MutNovel,"T95I,0.475"
X-5696,SCAF8,22828.0,MutNovel,"E998K,0.280"
X-5696,SCAI,286205.0,MutNovel,"G405D,0.364"
X-5696,SCAI,286205.0,MutNovel,"P262S,0.571"
X-5696,SCARB1,949.0,MutNovel,"L157F,0.488"
X-5696,SCARB2,950.0,MutNovel,"P334S,0.382"
X-5696,SCCPDH,51097.0,MutNovel,"L96F,0.228"
X-5696,SCFD2,152579.0,MutNovel,"L406F,0.365"
X-5696,SCLY,51540.0,MutNovel,"A433V,0.408"
X-5696,SCML4,256380.0,MutNovel,"R314K,0.381"
X-5696,SCNN1D,6339.0,MutKnownFunctional,"R437*,0.456"
X-5696,SCNN1D,6339.0,MutNovel,"G540D,0.271"
X-5696,SCNN1D,6339.0,MutNovel,"A745V,0.313"
X-5696,SCO1,6341.0,MutNovel,"R21H,0.355"
X-5696,SCP2,6342.0,MutNovel,"A39T,0.389"
X-5696,SCRIB,23513.0,MutNovel,"S1600F,0.237"
X-5696,SCRIB,23513.0,MutNovel,"S165F,0.353"
X-5696,SCYL1,57410.0,MutNovel,"G171R,0.332"
X-5696,SCYL3,57147.0,MutNovel,"V376I,0.259"
X-5696,SDAD1,55153.0,MutNovel,"L594F,0.313"
X-5696,SDC3,9672.0,MutNovel,"A222T,0.288"
X-5696,SDCBP,6386.0,MutNovel,"S170N,0.320"
X-5696,SDHB,6390.0,MutNovel,"T114I,0.304"
X-5696,SDHD,6392.0,MutNovel,"S54N,0.321"
X-5696,SDR39U1,56948.0,MutNovel,"A102T,0.459"
X-5696,SDR39U1,56948.0,MutNovel,"EV26E,0.463"
X-5696,SEC11C,90701.0,MutNovel,"L54F,0.512"
X-5696,SEC14L1,6397.0,MutNovel,"P209S,0.322"
X-5696,SEC14L1,6397.0,MutNovel,"L341F,0.308"
X-5696,SEC14L2,23541.0,MutNovel,"P234S,0.300"
X-5696,SEC16A,9919.0,MutNovel,"D1273N,0.310"
X-5696,SEC16A,9919.0,MutNovel,"G441D,0.350"
X-5696,SEC16A,9919.0,MutNovel,"P130S,1.000"
X-5696,SEC16B,89866.0,MutNovel,"P1056S,0.286"
X-5696,SEC23A,10484.0,MutNovel,"G441S,0.301"
X-5696,SEC23A,10484.0,MutNovel,"V135I,0.237"
X-5696,SEC23A,10484.0,MutNovel,"P53S,0.276"
X-5696,SEC23B,10483.0,MutNovel,"R497C,0.213"
X-5696,SEC31A,22872.0,MutNovel,"S337N,0.381"
X-5696,SEC31B,25956.0,MutNovel,"G41D,0.500"
X-5696,SEMA3B,7869.0,MutNovel,"R358K,0.225"
X-5696,SEMA3D,223117.0,MutNovel,"S617F,0.375"
X-5696,SEMA4C,54910.0,MutKnownFunctional,"W15*,0.293"
X-5696,SEMA4F,10505.0,MutNovel,"S648N,0.275"
X-5696,SEMA5A,9037.0,MutNovel,"G927D,0.618"
X-5696,SEMA6A,57556.0,MutNovel,"A721V,0.475"
X-5696,SEMA6B,10501.0,MutNovel,"G878E,0.297"
X-5696,SEMA6B,10501.0,MutNovel,"G610E,0.230"
X-5696,SEMA6B,10501.0,MutNovel,"P214L,0.294"
X-5696,SEMA6B,10501.0,MutNovel,"P214S,0.438"
X-5696,SEMA6D,80031.0,MutNovel,"G539E,0.214"
X-5696,SEMA6D,80031.0,MutNovel,"G898E,0.215"
X-5696,SENP1,29843.0,MutNovel,"T547I,0.366"
X-5696,SENP1,29843.0,MutNovel,"S266F,0.299"
X-5696,SEPHS1,22929.0,MutNovel,"S303N,0.542"
X-5696,SEPHS2,22928.0,MutNovel,"S388F,0.548"
X-5696,2014-09-01 00:00:00,1731.0,MutNovel,"D342N,0.352"
X-5696,2014-09-02 00:00:00,4735.0,MutNovel,"R229K,0.324"
X-5696,2014-09-02 00:00:00,4735.0,MutNovel,"G307D,0.321"
X-5696,SERF2,10169.0,MutNovel,"T85I,0.593"
X-5696,SERINC2,347735.0,MutNovel,"-373Q,1.000"
X-5696,SERP1,27230.0,MutNovel,"P40L,0.248"
X-5696,SERPINE1,5054.0,MutNovel,"G75R,0.467"
X-5696,SERPINE2,5270.0,MutNovel,"G96D,0.337"
X-5696,SERPINH1,871.0,MutNovel,"V311M,0.684"
X-5696,SERTAD1,29950.0,MutNovel,"T31A,0.425"
X-5696,SERTAD2,9792.0,MutNovel,"S97N,0.291"
X-5696,SESN2,83667.0,MutNovel,"A333T,0.300"
X-5696,SETD1A,9739.0,MutNovel,"T131A,0.356"
X-5696,SETD1B,23067.0,MutNovel,"P7T,0.857"
X-5696,SETD5,55209.0,MutNovel,"G741D,0.293"
X-5696,SETD5,55209.0,MutNovel,"G1217D,0.364"
X-5696,SETD7,80854.0,MutKnownFunctional,"K294*,0.630"
X-5696,SETMAR,6419.0,MutKnownFunctional,"-148,0.364"
X-5696,SEZ6L2,26470.0,MutNovel,"G598R,0.307"
X-5696,SEZ6L2,26470.0,MutNovel,"D305N,0.214"
X-5696,SF3A1,10291.0,MutNovel,"A339T,0.280"
X-5696,SF3A2,8175.0,MutNovel,"G128D,0.498"
X-5696,SF3B1,23451.0,MutNovel,"G693D,0.368"
X-5696,SF3B1,23451.0,MutNovel,"G348E,0.408"
X-5696,SF3B3,23450.0,MutNovel,"P855L,0.277"
X-5696,SF3B3,23450.0,MutNovel,"E1090K,0.257"
X-5696,SF3B4,10262.0,MutNovel,"P171S,0.234"
X-5696,SF3B5,83443.0,MutNovel,"E30K,0.296"
X-5696,SF3B5,83443.0,MutNovel,"G20D,0.452"
X-5696,SFI1,9814.0,MutNovel,"S48F,0.333"
X-5696,SFI1,9814.0,MutNovel,"T715I,0.312"
X-5696,SFT2D3,84826.0,MutNovel,"G18D,0.292"
X-5696,SFXN1,94081.0,MutNovel,"V131I,0.618"
X-5696,SFXN1,94081.0,MutNovel,"A221V,0.595"
X-5696,SFXN4,119559.0,MutNovel,"E4K,1.000"
X-5696,SGK196,84197.0,MutNovel,"L12F,0.278"
X-5696,SGOL1,151648.0,MutNovel,"R26K,0.239"
X-5696,SGPP1,81537.0,MutNovel,"A95V,0.375"
X-5696,SGSM3,27352.0,MutNovel,"G114D,0.284"
X-5696,SGTA,6449.0,MutNovel,"V176M,0.204"
X-5696,SGTA,6449.0,MutNovel,"A79T,0.260"
X-5696,SH2B1,25970.0,MutNovel,"A266T,0.247"
X-5696,SH2B1,25970.0,MutNovel,"S627F,0.486"
X-5696,SH2D6,284948.0,MutNovel,"G162D,0.667"
X-5696,SH3BGR,6450.0,MutNovel,"S185N,0.222"
X-5696,SH3BP1,23616.0,MutNovel,"E194K,0.341"
X-5696,SH3BP2,6452.0,MutNovel,"E463K,0.207"
X-5696,SH3BP4,23677.0,MutNovel,"T317I,0.375"
X-5696,SH3BP4,23677.0,MutNovel,"A329T,0.360"
X-5696,SH3BP4,23677.0,MutNovel,"E916K,0.290"
X-5696,SH3BP5L,80851.0,MutNovel,"P283L,0.990"
X-5696,SH3GL1,6455.0,MutNovel,"T43I,0.312"
X-5696,SH3KBP1,30011.0,MutNovel,"V200M,0.535"
X-5696,SH3PXD2B,285590.0,MutNovel,"P340S,1.000"
X-5696,SH3RF1,57630.0,MutNovel,"P732L,0.600"
X-5696,SH3TC1,54436.0,MutNovel,"P524S,0.350"
X-5696,SHANK1,50944.0,MutNovel,"P2005L,0.352"
X-5696,SHANK1,50944.0,MutNovel,"P1471L,0.280"
X-5696,SHANK1,50944.0,MutNovel,"G202E,0.358"
X-5696,SHANK1,50944.0,MutNovel,"G56S,0.306"
X-5696,SHANK3,85358.0,MutNovel,"S1245N,0.667"
X-5696,SHC1,6464.0,MutNovel,"P464S,0.265"
X-5696,SHCBP1,79801.0,MutNovel,"A580V,0.300"
X-5696,SHCBP1,79801.0,MutNovel,"F71S,0.314"
X-5696,SHISA5,51246.0,MutNovel,"P13S,0.236"
X-5696,SHKBP1,92799.0,MutNovel,"P41S,0.240"
X-5696,SHKBP1,92799.0,MutNovel,"R52H,0.260"
X-5696,SHKBP1,92799.0,MutNovel,"P289S,0.280"
X-5696,SHKBP1,92799.0,MutNovel,"G344N,0.223"
X-5696,SHKBP1,92799.0,MutNovel,"P386S,0.239"
X-5696,SHKBP1,92799.0,MutNovel,"G661D,0.282"
X-5696,SHOC2,8036.0,MutNovel,"V582I,0.463"
X-5696,SHPK,23729.0,MutNovel,"L414F,1.000"
X-5696,SHPK,23729.0,MutNovel,"S50N,0.643"
X-5696,SHPRH,257218.0,MutNovel,"E184K,0.278"
X-5696,SIK3,23387.0,MutNovel,"G178R,0.281"
X-5696,SIL1,64374.0,Del0.8,0.18
X-5696,SIN3A,25942.0,MutNovel,"D547N,0.248"
X-5696,SIPA1L1,26037.0,MutNovel,"G549S,0.455"
X-5696,SIPA1L1,26037.0,MutNovel,"E1795K,0.448"
X-5696,SIPA1L2,57568.0,MutNovel,"S1315F,0.382"
X-5696,SIX1,6495.0,MutKnownFunctional,"Q268*,0.436"
X-5696,SIX5,147912.0,MutNovel,"T382I,0.394"
X-5696,SKA3,221150.0,MutNovel,"P347S,0.252"
X-5696,SKIV2L,6499.0,MutNovel,"G158R,0.210"
X-5696,SKIV2L,6499.0,MutNovel,"V477M,0.300"
X-5696,SKIV2L,6499.0,MutNovel,"G546S,0.313"
X-5696,SKIV2L,6499.0,MutNovel,"R828H,0.225"
X-5696,SKOR1,390598.0,MutNovel,"G152R,0.833"
X-5696,SKP2,6502.0,MutNovel,"T284I,0.571"
X-5696,SLAIN1,122060.0,MutNovel,"A461T,0.538"
X-5696,SLAMF1,6504.0,MutNovel,"E167K,1.000"
X-5696,SLAMF7,57823.0,MutNovel,"S116F,0.959"
X-5696,SLC12A4,6560.0,MutNovel,"A961V,0.300"
X-5696,SLC12A4,6560.0,MutNovel,"L714F,0.284"
X-5696,SLC12A4,6560.0,MutNovel,"T258I,0.226"
X-5696,SLC12A6,9990.0,MutNovel,"T231I,0.353"
X-5696,SLC12A9,56996.0,MutNovel,"A489T,0.205"
X-5696,SLC15A3,51296.0,MutNovel,"R74H,0.857"
X-5696,SLC16A1,6566.0,MutNovel,"V167I,0.311"
X-5696,SLC16A3,9123.0,MutNovel,"G75D,0.854"
X-5696,SLC16A5,9121.0,MutNovel,"C119Y,0.286"
X-5696,SLC16A5,9121.0,MutNovel,"A311T,0.278"
X-5696,SLC16A6,9120.0,MutNovel,"A198V,0.300"
X-5696,SLC17A7,57030.0,MutNovel,"G17E,0.800"
X-5696,SLC19A1,6573.0,MutNovel,"D260N,0.206"
X-5696,SLC1A4,6509.0,MutNovel,"L83F,0.278"
X-5696,SLC20A1,6574.0,MutNovel,"G408D,0.265"
X-5696,SLC20A2,6575.0,MutNovel,"A447T,0.212"
X-5696,SLC20A2,6575.0,MutNovel,"L183F,0.818"
X-5696,SLC22A1,6580.0,MutNovel,"M420-,1.000"
X-5696,SLC22A15,55356.0,MutNovel,"A414V,0.538"
X-5696,SLC22A18,5002.0,MutNovel,"A135V,0.243"
X-5696,SLC22A18AS,5003.0,MutNovel,"G240E,0.468"
X-5696,SLC22A23,63027.0,MutNovel,"R340Q,0.414"
X-5696,SLC24A1,9187.0,MutNovel,"P170L,0.214"
X-5696,SLC24A1,9187.0,MutNovel,"P432S,0.308"
X-5696,SLC25A13,10165.0,MutNovel,"N413S,0.246"
X-5696,SLC25A13,10165.0,MutNovel,"A308V,0.315"
X-5696,SLC25A22,79751.0,MutNovel,"A81T,0.425"
X-5696,SLC25A24,29957.0,MutNovel,"G359D,0.336"
X-5696,SLC25A25,114789.0,MutNovel,"S307G,0.350"
X-5696,SLC25A29,123096.0,MutNovel,"A287T,0.280"
X-5696,SLC25A30,253512.0,MutNovel,"G257E,0.514"
X-5696,SLC25A44,9673.0,MutNovel,"G273D,0.278"
X-5696,SLC25A51,,MutNovel,"R263K,1.000"
X-5696,SLC26A11,284129.0,MutNovel,"T572I,0.337"
X-5696,SLC26A4,5172.0,MutNovel,"A693T,0.545"
X-5696,SLC27A3,11000.0,MutNovel,"A101T,0.264"
X-5696,SLC27A3,11000.0,MutNovel,"A201V,0.241"
X-5696,SLC27A4,10999.0,MutNovel,"D219N,0.230"
X-5696,SLC29A3,55315.0,MutNovel,"G464D,0.391"
X-5696,SLC2A1,6513.0,MutNovel,"G340D,0.358"
X-5696,SLC2A8,29988.0,MutNovel,"P437S,0.215"
X-5696,SLC30A1,7779.0,MutNovel,"E187K,0.212"
X-5696,SLC30A6,55676.0,MutNovel,"G497E,0.319"
X-5696,SLC30A9,10463.0,MutNovel,"T398A,0.376"
X-5696,SLC31A2,1318.0,MutNovel,"P138S,0.310"
X-5696,SLC35A5,55032.0,MutNovel,"P364S,0.267"
X-5696,SLC35B4,84912.0,MutNovel,"G13D,0.231"
X-5696,SLC35F5,80255.0,MutNovel,"S277F,0.246"
X-5696,SLC37A1,54020.0,MutNovel,"G418R,0.744"
X-5696,SLC38A10,124565.0,MutNovel,"P1018S,0.580"
X-5696,SLC38A10,124565.0,MutNovel,"V244M,0.256"
X-5696,SLC38A7,55238.0,MutNovel,"G128S,0.217"
X-5696,SLC39A10,57181.0,MutNovel,"V817M,0.375"
X-5696,SLC39A3,29985.0,MutNovel,"M12I,0.462"
X-5696,SLC39A4,55630.0,MutNovel,"V2M,0.263"
X-5696,SLC39A4,55630.0,MutNovel,"E42K,0.333"
X-5696,SLC39A9,55334.0,MutNovel,"T148I,0.295"
X-5696,SLC41A1,254428.0,MutNovel,"G238E,0.341"
X-5696,SLC44A3,126969.0,MutNovel,"P451S,0.346"
X-5696,SLC45A2,51151.0,MutNovel,"C458Y,0.549"
X-5696,SLC45A4,57210.0,MutNovel,"G687S,0.436"
X-5696,SLC4A11,83959.0,MutNovel,"S422F,0.444"
X-5696,SLC4A2,6522.0,MutNovel,"G303W,0.480"
X-5696,SLC4A2,6522.0,MutNovel,"A312V,0.285"
X-5696,SLC4A2,6522.0,MutNovel,"A627V,0.448"
X-5696,SLC4A2,6522.0,MutNovel,"E639K,0.257"
X-5696,SLC4A2,6522.0,MutNovel,"G879E,0.277"
X-5696,SLC4A5,57835.0,MutNovel,"G970D,1.000"
X-5696,SLC52A2,,MutNovel,"G399D,0.349"
X-5696,SLC5A2,6524.0,MutNovel,"A237T,0.500"
X-5696,SLC5A2,6524.0,MutNovel,"A664V,0.272"
X-5696,SLC5A9,200010.0,MutNovel,"A696V,0.381"
X-5696,SLC6A17,388662.0,MutKnownFunctional,"Q247*,0.326"
X-5696,SLC6A9,6536.0,MutKnownFunctional,"W124*,0.667"
X-5696,SLC7A1,6541.0,MutNovel,"G331S,0.257"
X-5696,SLC7A1,6541.0,MutNovel,"A131V,0.297"
X-5696,SLC7A2,6542.0,MutNovel,"T281I,1.000"
X-5696,SLC7A6,9057.0,MutNovel,"L424P,0.230"
X-5696,SLC7A7,9056.0,MutNovel,"P455S,0.235"
X-5696,SLC7A8,23428.0,MutNovel,"G212E,0.238"
X-5696,SLC9A1,6548.0,MutNovel,"S232N,0.342"
X-5696,SLC9A5,6553.0,MutNovel,"P825S,0.290"
X-5696,SLCO4A1,28231.0,MutNovel,"P327S,0.382"
X-5696,SLFN12,55106.0,MutNovel,"R513K,0.347"
X-5696,SLFN12,55106.0,MutKnownFunctional,"W374*,0.406"
X-5696,SLFN13,146857.0,MutNovel,"G503D,0.750"
X-5696,SLFN5,162394.0,MutKnownFunctional,"-737,0.271"
X-5696,SLFN5,162394.0,MutNovel,"G784D,0.358"
X-5696,SLIRP,81892.0,MutNovel,"L73F,0.225"
X-5696,SLIRP,81892.0,MutNovel,"G86E,0.456"
X-5696,SLIT3,6586.0,Del0.8,0.39
X-5696,SLK,9748.0,MutNovel,"P743S,0.487"
X-5696,SLK,9748.0,MutNovel,"S1077N,0.551"
X-5696,SLMO2,51012.0,MutNovel,"Q23H,0.220"
X-5696,SLX4,84464.0,MutNovel,"P1388S,0.341"
X-5696,SLX4,84464.0,MutNovel,"P1359S,0.339"
X-5696,SLX4,84464.0,MutNovel,"E444K,0.222"
X-5696,SLX4,84464.0,MutNovel,"G363D,0.250"
X-5696,SMARCA4,6597.0,MutNovel,"E474K,0.313"
X-5696,SMARCA4,6597.0,MutNovel,"E1611K,0.244"
X-5696,SMARCAD1,56916.0,MutNovel,"A521T,0.330"
X-5696,SMARCAD1,56916.0,MutNovel,"G1027D,0.217"
X-5696,SMARCC1,6599.0,MutNovel,"A970T,0.432"
X-5696,SMARCC1,6599.0,MutNovel,"V887M,0.205"
X-5696,SMARCC2,6601.0,MutNovel,"E713K,0.270"
X-5696,SMARCD1,6602.0,MutNovel,"A5T,0.240"
X-5696,SMARCD1,6602.0,MutNovel,"E489K,0.234"
X-5696,SMARCE1,6605.0,MutNovel,"G42E,0.272"
X-5696,SMC2,10592.0,MutNovel,"D441N,0.404"
X-5696,SMC2,10592.0,MutNovel,"P1108S,0.338"
X-5696,SMC5,23137.0,MutNovel,"G909R,0.274"
X-5696,SMG1,23049.0,MutNovel,"V1988M,0.223"
X-5696,SMG1,23049.0,MutNovel,"L1337F,0.214"
X-5696,SMG1,23049.0,MutNovel,"L794F,0.293"
X-5696,SMG5,23381.0,MutNovel,"P442S,0.253"
X-5696,SMG5,23381.0,MutNovel,"E29K,0.268"
X-5696,SMG6,23293.0,MutNovel,"V651M,0.464"
X-5696,SMG8,55181.0,MutNovel,"E465K,0.284"
X-5696,SMG8,55181.0,MutNovel,"A741T,0.292"
X-5696,SMG8,55181.0,MutNovel,"P925S,0.449"
X-5696,SMNDC1,10285.0,MutNovel,"G192D,0.492"
X-5696,SMOX,54498.0,MutNovel,"A492T,0.506"
X-5696,SMTN,6525.0,MutNovel,"P589S,0.272"
X-5696,SMTN,6525.0,MutNovel,"P974S,0.284"
X-5696,SMU1,55234.0,MutNovel,"T183I,0.526"
X-5696,SMURF2,64750.0,MutNovel,"V148I,0.218"
X-5696,SNAI1,6615.0,MutNovel,"A150T,0.368"
X-5696,SNAI2,6591.0,MutNovel,"A230T,0.301"
X-5696,SNAP47,116841.0,MutNovel,"R161K,0.276"
X-5696,SNAPC2,6618.0,MutNovel,"P163L,0.238"
X-5696,SNAPC2,6618.0,MutNovel,"D205N,0.225"
X-5696,SNAPC4,6621.0,MutNovel,"E1410K,0.250"
X-5696,SNAPC4,6621.0,MutNovel,"P1264L,0.377"
X-5696,SNAPC4,6621.0,MutNovel,"S542-,1.000"
X-5696,SNAPIN,23557.0,MutNovel,"D125N,0.206"
X-5696,SND1,27044.0,MutKnownFunctional,"W893*,0.256"
X-5696,SNED1,25992.0,MutNovel,"E702K,0.342"
X-5696,SNED1,25992.0,MutNovel,"P1189L,0.466"
X-5696,SNF8,11267.0,MutNovel,"E122K,0.246"
X-5696,SNRK,54861.0,MutNovel,"G211R,0.530"
X-5696,SNRNP200,23020.0,MutNovel,"A1311T,0.240"
X-5696,SNRNP200,23020.0,MutNovel,"D946N,0.248"
X-5696,SNRNP200,23020.0,MutNovel,"G162S,0.316"
X-5696,SNRNP25,79622.0,MutNovel,"A34V,0.261"
X-5696,SNRNP35,11066.0,MutNovel,"R144Q,0.401"
X-5696,SNRNP70,6625.0,MutNovel,"E251K,0.226"
X-5696,SNRNP70,6625.0,MutNovel,"P327S,0.297"
X-5696,SNRPA,6626.0,MutNovel,"P171S,0.258"
X-5696,SNRPD1,6632.0,MutNovel,"G103E,0.426"
X-5696,SNRPG,6637.0,MutNovel,"G33R,0.269"
X-5696,SNTB1,6641.0,MutNovel,"G223R,0.255"
X-5696,SNTB1,6641.0,MutNovel,"G145R,0.212"
X-5696,SNX17,9784.0,MutNovel,"E347K,0.462"
X-5696,SNX18,112574.0,MutNovel,"A113T,1.000"
X-5696,SNX21,90203.0,MutNovel,"H16Y,0.385"
X-5696,SNX25,83891.0,MutNovel,"A237T,0.430"
X-5696,SNX29,92017.0,MutNovel,"P417L,0.467"
X-5696,SNX32,254122.0,MutNovel,"E381K,0.378"
X-5696,SNX33,257364.0,MutNovel,"D168N,0.217"
X-5696,SNX9,51429.0,MutNovel,"S476N,0.476"
X-5696,SOAT1,6646.0,MutNovel,"D111N,0.424"
X-5696,SOCS4,122809.0,MutNovel,"G88D,0.286"
X-5696,SOCS4,122809.0,MutNovel,"V193I,0.204"
X-5696,SOD2,6648.0,MutKnownFunctional,"W210*,0.450"
X-5696,SOGA1,,MutNovel,"G1235E,0.318"
X-5696,SOGA2,,MutNovel,"R276H,1.000"
X-5696,SOGA2,,MutNovel,"A1425V,1.000"
X-5696,SON,6651.0,MutNovel,"E126K,0.296"
X-5696,SON,6651.0,MutNovel,"A593T,0.254"
X-5696,SON,6651.0,MutNovel,"T959I,0.224"
X-5696,SON,6651.0,MutNovel,"T1458I,0.256"
X-5696,SORBS3,10174.0,MutNovel,"A280T,0.973"
X-5696,SORT1,6272.0,MutNovel,"D529N,0.341"
X-5696,SORT1,6272.0,MutNovel,"V188M,0.280"
X-5696,SOX6,55553.0,MutNovel,"P707L,0.400"
X-5696,SOX6,55553.0,MutNovel,"R13K,1.000"
X-5696,SOX8,30812.0,MutNovel,"G292S,0.333"
X-5696,SP100,6672.0,MutNovel,"P678S,0.300"
X-5696,SP110,3431.0,MutNovel,"G508E,0.316"
X-5696,SP110,3431.0,MutNovel,"A224T,0.348"
X-5696,SP2,6668.0,MutNovel,"A198T,0.211"
X-5696,SP2,6668.0,MutNovel,"G476E,0.250"
X-5696,SP3,6670.0,MutNovel,"G238R,0.217"
X-5696,SPAG4,6676.0,MutNovel,"G213E,0.778"
X-5696,SPAG7,9552.0,MutNovel,"R144K,0.458"
X-5696,SPAG9,9043.0,MutNovel,"G1142S,0.449"
X-5696,SPAG9,9043.0,MutNovel,"P600S,0.290"
X-5696,SPAST,6683.0,MutNovel,"S583F,0.243"
X-5696,SPATA13,221178.0,MutNovel,"T104I,0.462"
X-5696,SPATA13,221178.0,MutNovel,"S444F,0.357"
X-5696,SPATA2,9825.0,MutNovel,"P434S,0.366"
X-5696,SPATA25,128497.0,MutNovel,"A183V,0.455"
X-5696,SPATA2L,124044.0,MutNovel,"A77V,0.356"
X-5696,SPATA5L1,79029.0,MutNovel,"V160M,0.286"
X-5696,SPATS2L,26010.0,MutNovel,"A547T,0.641"
X-5696,SPDYA,245711.0,MutNovel,"D302N,0.282"
X-5696,SPECC1,92521.0,MutNovel,"A410V,0.581"
X-5696,SPEN,23013.0,MutNovel,"P173L,0.333"
X-5696,SPEN,23013.0,MutNovel,"A2350T,0.358"
X-5696,SPEN,23013.0,MutNovel,"P2858S,0.284"
X-5696,SPESP1,246777.0,MutNovel,"L310F,1.000"
X-5696,SPG11,80208.0,MutNovel,"G1307D,0.294"
X-5696,SPG11,80208.0,MutNovel,"P585S,0.387"
X-5696,SPHK1,8877.0,MutNovel,"D88N,0.270"
X-5696,SPHK2,56848.0,MutNovel,"P275S,0.513"
X-5696,SPHK2,56848.0,MutNovel,"P522L,0.261"
X-5696,SPIN2B,474343.0,MutNovel,"D246G,0.320"
X-5696,SPIRE2,84501.0,MutNovel,"R211Q,0.291"
X-5696,SPON2,10417.0,MutNovel,"A24V,0.274"
X-5696,SPOPL,339745.0,MutNovel,"E113K,0.244"
X-5696,SPPL2B,56928.0,MutKnownFunctional,"W462*,0.235"
X-5696,SPRY1,10252.0,MutNovel,"D22N,0.217"
X-5696,SPRYD3,84926.0,MutNovel,"V359I,0.215"
X-5696,SPRYD4,283377.0,MutNovel,"S171Y,0.207"
X-5696,SPSB1,80176.0,MutNovel,"P174S,0.237"
X-5696,SPSB3,90864.0,MutNovel,"P339S,0.208"
X-5696,SPSB3,90864.0,MutNovel,"D108N,0.249"
X-5696,SPTAN1,6709.0,MutNovel,"S289N,0.341"
X-5696,SPTAN1,6709.0,MutNovel,"E771K,0.391"
X-5696,SPTAN1,6709.0,MutNovel,"A974V,0.306"
X-5696,SPTAN1,6709.0,MutNovel,"A1232V,0.384"
X-5696,SPTBN1,6711.0,MutNovel,"V482I,0.328"
X-5696,SPTBN1,6711.0,MutNovel,"A1483V,0.320"
X-5696,SPTBN2,6712.0,MutNovel,"S1305F,0.400"
X-5696,SPTLC1,10558.0,MutNovel,"A312V,0.344"
X-5696,SPTY2D1,144108.0,MutNovel,"P159S,0.375"
X-5696,SQLE,6713.0,MutNovel,"T150I,0.237"
X-5696,SRBD1,55133.0,MutNovel,"V703I,0.414"
X-5696,SRCAP,10847.0,MutNovel,"S528F,0.228"
X-5696,SRCAP,10847.0,MutNovel,"P1860S,0.211"
X-5696,SRCIN1,80725.0,MutNovel,"A910T,0.316"
X-5696,SREBF1,6720.0,MutNovel,"L810F,0.292"
X-5696,SREBF1,6720.0,MutNovel,"G149E,0.315"
X-5696,SREBF2,6721.0,MutNovel,"V243I,0.208"
X-5696,SREK1,140890.0,MutNovel,"G10S,0.606"
X-5696,SREK1,140890.0,MutNovel,"A29T,0.630"
X-5696,SREK1IP1,285672.0,MutNovel,"S145F,0.547"
X-5696,SRGAP1,57522.0,MutNovel,"P590L,0.289"
X-5696,SRP72,6731.0,MutNovel,"T289I,0.256"
X-5696,SRPK2,6733.0,MutNovel,"A320V,0.221"
X-5696,SRPRB,58477.0,Del0.8,0.75
X-5696,SRPX,8406.0,MutNovel,"S34L,0.429"
X-5696,SRRM1,10250.0,MutNovel,"R377K,0.371"
X-5696,SRRM2,23524.0,MutNovel,"E75K,0.364"
X-5696,SRRM2,23524.0,MutNovel,"A254V,0.240"
X-5696,SRRM2,23524.0,MutNovel,"S562F,0.260"
X-5696,SRRM2,23524.0,MutNovel,"S1876F,0.273"
X-5696,SRRM2,23524.0,MutNovel,"A2264T,0.226"
X-5696,SRRT,51593.0,MutKnownFunctional,"-102?,0.447"
X-5696,SRRT,51593.0,MutNovel,"G358D,0.301"
X-5696,SRRT,51593.0,MutNovel,"E385K,0.498"
X-5696,SRRT,51593.0,MutNovel,"G709S,0.232"
X-5696,SRSF1,6426.0,MutNovel,"G233E,0.252"
X-5696,SRSF1,6426.0,MutNovel,"D34N,0.269"
X-5696,SRSF11,9295.0,MutNovel,"M223V,0.285"
X-5696,SRSF9,8683.0,MutNovel,"V150I,0.516"
X-5696,SS18L1,26039.0,MutNovel,"G389D,0.226"
X-5696,SSC5D,284297.0,MutNovel,"P1015S,0.600"
X-5696,SSFA2,6744.0,MutNovel,"G1028D,0.238"
X-5696,SSH1,54434.0,MutNovel,"P309L,0.487"
X-5696,SSH3,54961.0,MutNovel,"S154N,0.333"
X-5696,SSR1,6745.0,MutKnownFunctional,"W255*,0.323"
X-5696,SSR2,6746.0,MutNovel,"P66L,0.265"
X-5696,ST13,6767.0,MutNovel,"E27K,0.209"
X-5696,ST3GAL4,6484.0,MutNovel,"G213S,0.408"
X-5696,ST5,6764.0,MutNovel,"P723L,0.549"
X-5696,ST5,6764.0,MutNovel,"P614S,0.328"
X-5696,STAG1,10274.0,MutNovel,"D1040N,0.570"
X-5696,STAG2,10735.0,MutNovel,"E276K,0.413"
X-5696,STAM,8027.0,MutNovel,"G255D,0.363"
X-5696,STARD13,90627.0,MutNovel,"P644L,0.326"
X-5696,STARD13,90627.0,MutNovel,"T579I,0.400"
X-5696,STARD13,90627.0,MutNovel,"P9S,0.308"
X-5696,STARD5,80765.0,MutNovel,"P167L,0.235"
X-5696,STARD9,57519.0,MutNovel,"L3413F,0.273"
X-5696,STAT2,6773.0,MutNovel,"G825C,0.457"
X-5696,STAT2,6773.0,MutNovel,"G748R,0.212"
X-5696,STAT2,6773.0,MutNovel,"A467T,0.341"
X-5696,STAT2,6773.0,MutNovel,"T136A,0.236"
X-5696,STAT2,6773.0,MutNovel,"C91Y,0.217"
X-5696,STAT3,6774.0,MutNovel,"E616Q,0.264"
X-5696,STIL,6491.0,MutNovel,"P851L,0.261"
X-5696,STIM1,6786.0,MutNovel,"R313C,0.389"
X-5696,STIM1,6786.0,MutNovel,"S628F,0.574"
X-5696,STIP1,10963.0,MutNovel,"S16N,0.246"
X-5696,STIP1,10963.0,MutNovel,"E424K,0.336"
X-5696,STK11,6794.0,MutNovel,"G180E,0.443"
X-5696,STK11,6794.0,MutNovel,"D284N,0.473"
X-5696,STK16,8576.0,MutNovel,"G117S,0.375"
X-5696,STK17A,9263.0,MutNovel,"G21S,0.467"
X-5696,STK17B,9262.0,MutNovel,"G13D,0.446"
X-5696,STK19,8859.0,MutNovel,"S112N,0.217"
X-5696,STK3,6788.0,MutNovel,"H187Y,0.258"
X-5696,STK32C,282974.0,MutNovel,"D409N,0.477"
X-5696,STK36,27148.0,MutKnownFunctional,"Q282*,0.217"
X-5696,STK36,27148.0,MutNovel,"G671E,0.363"
X-5696,STK39,27347.0,MutNovel,"D390N,0.211"
X-5696,STK4,6789.0,MutKnownFunctional,"W439*,0.221"
X-5696,STK40,83931.0,MutNovel,"D352N,0.345"
X-5696,STRC,161497.0,MutNovel,"A1664T,0.500"
X-5696,STRN,6801.0,MutNovel,"G17S,0.357"
X-5696,STRN3,29966.0,MutNovel,"P691S,0.302"
X-5696,STT3B,201595.0,MutNovel,"S255F,0.435"
X-5696,STX12,23673.0,MutNovel,"S69F,0.322"
X-5696,STX16,8675.0,MutNovel,"V79M,0.332"
X-5696,STX17,55014.0,MutNovel,"P15S,0.254"
X-5696,STX3,6809.0,MutNovel,"E205K,0.575"
X-5696,STXBP3,6814.0,MutNovel,"E302K,0.418"
X-5696,STXBP5,134957.0,MutNovel,"R86C,0.303"
X-5696,STXBP5,134957.0,MutNovel,"G332E,0.253"
X-5696,STXBP5,134957.0,MutNovel,"E889K,0.532"
X-5696,SUCLG1,8802.0,MutNovel,"P123S,0.280"
X-5696,SUCO,,MutNovel,"A9T,0.792"
X-5696,SUFU,51684.0,MutNovel,"V54I,0.750"
X-5696,SUGP2,10147.0,MutNovel,"A883T,0.248"
X-5696,SUGP2,10147.0,MutNovel,"A792T,0.248"
X-5696,SUGP2,10147.0,MutNovel,"D172N,0.221"
X-5696,SUGT1,10910.0,MutNovel,"G320S,0.306"
X-5696,SULT1A1,6817.0,MutNovel,"S171F,0.255"
X-5696,SULT1A1,6817.0,MutNovel,"P19S,0.238"
X-5696,SULT1A2,6799.0,MutNovel,"P19S,1.000"
X-5696,SUPT16H,11198.0,MutNovel,"P614S,0.257"
X-5696,SUPT3H,8464.0,MutNovel,"A282V,0.369"
X-5696,SUPT5H,6829.0,MutNovel,"G803D,0.266"
X-5696,SUPT6H,6830.0,MutNovel,"P1629S,0.249"
X-5696,SUPT6H,6830.0,MutNovel,"G1675R,0.245"
X-5696,SURF6,6838.0,MutNovel,"A80V,0.321"
X-5696,SUSD2,56241.0,MutNovel,"D39N,1.000"
X-5696,SVIL,6840.0,MutNovel,"D2135N,1.000"
X-5696,SVIL,6840.0,MutKnownFunctional,"W1925*,0.255"
X-5696,SVIL,6840.0,MutNovel,"R1840K,0.579"
X-5696,SVIL,6840.0,MutNovel,"D64N,0.500"
X-5696,SYAP1,94056.0,MutNovel,"L257F,0.318"
X-5696,SYDE1,85360.0,MutNovel,"A554T,0.241"
X-5696,SYNE1,23345.0,MutNovel,"S6229N,0.316"
X-5696,SYNE1,23345.0,MutNovel,"V5258L,1.000"
X-5696,SYNE1,23345.0,MutNovel,"A4955T,0.429"
X-5696,SYNE2,23224.0,MutNovel,"E1921K,0.538"
X-5696,SYNE2,23224.0,MutNovel,"E3774K,0.397"
X-5696,SYNE2,23224.0,MutNovel,"G4746D,0.447"
X-5696,SYNE2,23224.0,MutNovel,"A5759V,0.550"
X-5696,SYNGAP1,8831.0,MutNovel,"P1325L,0.848"
X-5696,SYNGR2,9144.0,MutNovel,"P206L,0.264"
X-5696,SYNRG,11276.0,MutNovel,"S917N,0.238"
X-5696,SYNRG,11276.0,MutNovel,"A541T,0.203"
X-5696,SYPL1,6856.0,MutNovel,"P65S,0.231"
X-5696,SYT5,6861.0,MutNovel,"P11L,1.000"
X-5696,SYVN1,84447.0,MutNovel,"A279T,0.377"
X-5696,SZT2,23334.0,MutNovel,"A1167V,0.410"
X-5696,SZT2,23334.0,MutNovel,"A1667V,0.306"
X-5696,SZT2,23334.0,MutNovel,"A2016T,0.274"
X-5696,SZT2,23334.0,MutNovel,"A2482T,0.443"
X-5696,SZT2,23334.0,MutNovel,"P3044L,0.287"
X-5696,TAB3,257397.0,MutNovel,"P297L,0.618"
X-5696,TAB3,257397.0,MutNovel,"E123K,1.000"
X-5696,TACC1,6867.0,MutNovel,"G466S,0.382"
X-5696,TACC3,10460.0,MutNovel,"E695K,0.336"
X-5696,TADA1,117143.0,MutNovel,"T158I,0.631"
X-5696,TADA2B,93624.0,MutNovel,"D353N,0.364"
X-5696,TADA3,10474.0,MutNovel,"P299S,0.396"
X-5696,TAF1,6872.0,MutNovel,"G177D,1.000"
X-5696,TAF1,6872.0,MutNovel,"E517K,0.324"
X-5696,TAF15,8148.0,MutNovel,"R221K,0.205"
X-5696,TAF15,8148.0,MutNovel,"G550E,0.281"
X-5696,TAF1C,9013.0,MutNovel,"P836L,0.450"
X-5696,TAF1C,9013.0,MutNovel,"G359E,0.316"
X-5696,TAF1C,9013.0,MutNovel,"A282T,0.204"
X-5696,TAF1C,9013.0,MutNovel,"D77N,0.325"
X-5696,TAF2,6873.0,MutNovel,"A718T,0.272"
X-5696,TAF2,6873.0,MutNovel,"V543I,0.377"
X-5696,TAF6,6878.0,MutNovel,"S707F,0.320"
X-5696,TAF6L,10629.0,MutNovel,"G504D,0.365"
X-5696,TAF9,6880.0,MutNovel,"P149S,0.481"
X-5696,TAG,404663.0,Del0.8,0.46
X-5696,TAGAP,117289.0,MutNovel,"R567H,0.515"
X-5696,TAGAP,117289.0,MutNovel,"D466N,0.385"
X-5696,TALDO1,6888.0,MutNovel,"G182D,0.399"
X-5696,TANC1,85461.0,MutNovel,"A273T,0.276"
X-5696,TANC1,85461.0,MutNovel,"S435N,0.240"
X-5696,TANC1,85461.0,MutNovel,"E956K,0.240"
X-5696,TANC2,26115.0,MutNovel,"V1709M,0.211"
X-5696,TANC2,26115.0,MutNovel,"S1731L,0.231"
X-5696,TAOK2,9344.0,MutNovel,"L968F,0.333"
X-5696,TAOK2,9344.0,MutNovel,"P1130S,0.268"
X-5696,TARBP1,6894.0,MutNovel,"L842F,0.245"
X-5696,TASP1,55617.0,MutNovel,"A402T,0.235"
X-5696,TASP1,55617.0,MutNovel,"G6R,0.313"
X-5696,TATDN1,83940.0,MutNovel,"G197D,0.415"
X-5696,TATDN2,9797.0,MutNovel,"P212S,0.385"
X-5696,TATDN2,9797.0,MutNovel,"P301L,0.207"
X-5696,TAX1BP1,8887.0,MutNovel,"V519I,0.522"
X-5696,TBC1D1,23216.0,MutNovel,"S163F,0.358"
X-5696,TBC1D10A,83874.0,MutNovel,"G333S,0.358"
X-5696,TBC1D10B,26000.0,MutNovel,"G278E,0.425"
X-5696,TBC1D10B,26000.0,MutNovel,"V63I,0.480"
X-5696,TBC1D12,23232.0,MutNovel,"S775N,0.552"
X-5696,TBC1D13,54662.0,MutNovel,"V199M,0.316"
X-5696,TBC1D15,64786.0,MutNovel,"G216D,0.234"
X-5696,TBC1D15,64786.0,MutNovel,"D482N,0.246"
X-5696,TBC1D16,125058.0,MutNovel,"R117Q,0.496"
X-5696,TBC1D17,79735.0,MutNovel,"E109K,0.256"
X-5696,TBC1D19,55296.0,MutNovel,"P144S,0.280"
X-5696,TBC1D20,128637.0,MutNovel,"A390T,0.232"
X-5696,TBC1D22A,25771.0,MutNovel,"T68I,0.328"
X-5696,TBC1D22A,25771.0,MutNovel,"S155N,0.250"
X-5696,TBC1D23,55773.0,MutNovel,"D16N,0.300"
X-5696,TBC1D24,57465.0,MutNovel,"E299K,0.280"
X-5696,TBC1D24,57465.0,MutNovel,"P537L,0.267"
X-5696,TBC1D4,9882.0,MutNovel,"N800S,0.424"
X-5696,TBC1D4,9882.0,MutNovel,"S330N,0.692"
X-5696,TBC1D4,9882.0,MutNovel,"R128C,0.340"
X-5696,TBC1D5,9779.0,MutNovel,"G479S,0.232"
X-5696,TBC1D8B,54885.0,MutNovel,"A368V,0.417"
X-5696,TBC1D9,23158.0,MutNovel,"S434N,0.326"
X-5696,TBC1D9B,23061.0,MutNovel,"A801T,0.558"
X-5696,TBC1D9B,23061.0,MutNovel,"R389K,0.477"
X-5696,TBCB,1155.0,MutNovel,"P174S,0.257"
X-5696,TBCC,6903.0,MutNovel,"D346N,0.312"
X-5696,TBCD,6904.0,MutNovel,"L782F,0.279"
X-5696,TBCE,6905.0,MutNovel,"G230D,0.285"
X-5696,TBCK,93627.0,MutNovel,"P453S,0.260"
X-5696,TBK1,29110.0,MutNovel,"G240R,0.237"
X-5696,TBK1,29110.0,MutNovel,"G722D,0.560"
X-5696,TBKBP1,9755.0,MutNovel,"E248K,0.310"
X-5696,TBKBP1,9755.0,MutNovel,"G330D,0.433"
X-5696,TBL2,26608.0,MutNovel,"A435V,0.227"
X-5696,TBL3,10607.0,MutNovel,"G523D,0.224"
X-5696,TBP,6908.0,MutNovel,"-64Q,0.944"
X-5696,TBRG4,9238.0,MutNovel,"P482L,0.236"
X-5696,TBX18,9096.0,MutNovel,"P110S,0.385"
X-5696,TBX2,6909.0,MutNovel,"A178T,0.468"
X-5696,TBX2,6909.0,MutNovel,"G377D,0.310"
X-5696,TBXA2R,6915.0,MutNovel,"P321L,0.224"
X-5696,TBXA2R,6915.0,MutNovel,"A151V,0.224"
X-5696,TCEA1,6917.0,MutNovel,"T278I,0.215"
X-5696,TCEA2,6919.0,MutNovel,"A82V,0.275"
X-5696,TCEANC2,127428.0,MutNovel,"V179I,0.312"
X-5696,TCEB3,6924.0,MutNovel,"E85K,0.371"
X-5696,TCERG1,10915.0,MutNovel,"P59S,0.574"
X-5696,TCF12,6938.0,MutNovel,"S131F,0.204"
X-5696,TCF20,6942.0,MutNovel,"P1603S,0.368"
X-5696,TCF20,6942.0,MutNovel,"S288F,0.241"
X-5696,TCF20,6942.0,MutNovel,"P248S,0.250"
X-5696,TCF3,6929.0,MutNovel,"G243D,0.524"
X-5696,TCF7L2,6934.0,MutNovel,"A64V,0.350"
X-5696,TCFL5,10732.0,MutNovel,"E128K,0.293"
X-5696,TCIRG1,10312.0,MutNovel,"P620L,0.299"
X-5696,TCOF1,6949.0,MutNovel,"G733E,0.443"
X-5696,TCP1,6950.0,MutNovel,"G186D,0.282"
X-5696,TCP11L1,55346.0,MutNovel,"E23K,0.353"
X-5696,TCTEX1D2,255758.0,MutNovel,"T3M,0.284"
X-5696,TCTN3,26123.0,Del0.8,0.76
X-5696,TDP1,55775.0,MutNovel,"E150G,0.280"
X-5696,TDP1,55775.0,MutNovel,"L196F,0.310"
X-5696,TDP1,55775.0,MutNovel,"V606M,0.391"
X-5696,TDRD3,81550.0,MutNovel,"G343S,0.278"
X-5696,TDRD3,81550.0,MutNovel,"G356E,0.238"
X-5696,TDRD7,23424.0,MutNovel,"V107M,0.356"
X-5696,TDRD9,122402.0,MutNovel,"V1068I,0.435"
X-5696,TEAD2,8463.0,MutNovel,"G372D,0.222"
X-5696,TEAD3,7005.0,MutNovel,"G312E,0.291"
X-5696,TEC,7006.0,MutNovel,"P23L,0.846"
X-5696,TECPR1,25851.0,MutNovel,"S274N,0.290"
X-5696,TECPR1,25851.0,MutNovel,"A213T,0.600"
X-5696,TECPR2,9895.0,MutNovel,"P1166S,0.216"
X-5696,TENC1,23371.0,MutNovel,"S1055N,0.309"
X-5696,TEP1,7011.0,MutNovel,"A2354V,0.243"
X-5696,TEP1,7011.0,MutNovel,"T2043M,0.250"
X-5696,TEP1,7011.0,MutNovel,"G1543R,0.256"
X-5696,TEP1,7011.0,MutNovel,"E1242K,0.286"
X-5696,TERF2,7014.0,MutNovel,"A148T,0.261"
X-5696,TERF2,7014.0,MutNovel,"G92E,0.306"
X-5696,TET1,80312.0,MutNovel,"G2130E,0.400"
X-5696,TET2,54790.0,MutNovel,"P818S,0.350"
X-5696,TET2,54790.0,MutNovel,"N926H,0.357"
X-5696,TET2,54790.0,MutNovel,"P1146S,0.667"
X-5696,TET2,54790.0,MutNovel,"E1357K,0.480"
X-5696,TET3,200424.0,MutNovel,"P524L,0.308"
X-5696,TET3,200424.0,MutNovel,"S1127F,0.222"
X-5696,TEX10,54881.0,MutNovel,"T905I,0.341"
X-5696,TEX14,56155.0,MutNovel,"F1258C,1.000"
X-5696,TEX2,55852.0,MutNovel,"E956K,0.265"
X-5696,TEX2,55852.0,MutNovel,"L294F,0.322"
X-5696,TEX264,51368.0,MutNovel,"A240T,0.228"
X-5696,TFAP2C,7022.0,MutNovel,"T397I,0.345"
X-5696,TFDP2,7029.0,MutNovel,"A236V,0.500"
X-5696,TFE3,7030.0,MutNovel,"V157I,0.994"
X-5696,TFE3,7030.0,MutNovel,"S15N,0.544"
X-5696,TFEC,22797.0,MutNovel,"A296T,0.308"
X-5696,TGFB1,7040.0,MutNovel,"P3S,0.431"
X-5696,TGFBR1,7046.0,MutNovel,"A355T,0.411"
X-5696,TGM1,7051.0,MutNovel,"D161N,0.250"
X-5696,TGS1,96764.0,MutNovel,"T60I,0.244"
X-5696,THADA,63892.0,MutNovel,"S734F,0.403"
X-5696,THADA,63892.0,MutNovel,"Y548H,0.367"
X-5696,THADA,63892.0,MutNovel,"S511F,0.364"
X-5696,THAP11,57215.0,MutNovel,"A206T,0.328"
X-5696,THAP4,51078.0,MutNovel,"G176E,0.290"
X-5696,THAP9,79725.0,MutNovel,"A487V,0.227"
X-5696,THEM4,117145.0,MutNovel,"S27N,0.325"
X-5696,THOC2,57187.0,MutNovel,"E1116K,0.552"
X-5696,THOC5,8563.0,MutKnownFunctional,"-654?,0.356"
X-5696,THOC7,80145.0,MutNovel,"L14F,0.205"
X-5696,THOP1,7064.0,MutNovel,"T187I,0.247"
X-5696,THRAP3,9967.0,MutNovel,"A201V,0.335"
X-5696,THSD1,55901.0,MutNovel,"G311E,0.333"
X-5696,THUMPD1,55623.0,MutNovel,"A108T,0.245"
X-5696,TIAM2,26230.0,MutNovel,"P1467S,0.226"
X-5696,TICAM1,148022.0,MutNovel,"G420D,0.271"
X-5696,TICAM1,148022.0,MutNovel,"S254N,0.350"
X-5696,TICRR,,MutNovel,"P161S,0.462"
X-5696,TICRR,,MutNovel,"L464F,0.400"
X-5696,TICRR,,MutNovel,"E771K,0.415"
X-5696,TICRR,,MutNovel,"R1574Q,0.308"
X-5696,TICRR,,MutNovel,"A1834V,0.306"
X-5696,TIFA,92610.0,MutNovel,"P112S,0.235"
X-5696,TIGD1,200765.0,MutNovel,"R218K,0.378"
X-5696,TIGD2,166815.0,MutNovel,"P472L,0.293"
X-5696,TIGD3,220359.0,MutNovel,"T440I,0.429"
X-5696,TIGD5,84948.0,MutNovel,"G397D,0.320"
X-5696,TIMM50,92609.0,MutNovel,"R417Q,0.265"
X-5696,TIMMDC1,51300.0,MutNovel,"A7T,0.623"
X-5696,TIMP2,7077.0,MutNovel,"L173P,0.551"
X-5696,TIMP3,7078.0,MutNovel,"R186Q,0.210"
X-5696,TJP1,7082.0,MutNovel,"P1404S,0.246"
X-5696,TJP1,7082.0,MutNovel,"R1004K,0.292"
X-5696,TJP1,7082.0,MutNovel,"D287N,0.353"
X-5696,TK1,7083.0,MutNovel,"P232S,0.213"
X-5696,TK2,7084.0,MutNovel,"A102V,0.231"
X-5696,TLE2,7089.0,MutNovel,"E221K,0.208"
X-5696,TLK2,11011.0,MutNovel,"R262Q,0.260"
X-5696,TLN1,7094.0,MutNovel,"A2401T,0.478"
X-5696,TLN1,7094.0,MutNovel,"L2058F,0.456"
X-5696,TLN1,7094.0,MutNovel,"E759K,1.000"
X-5696,TLN2,83660.0,MutNovel,"S1432F,0.238"
X-5696,TLN2,83660.0,MutNovel,"A2212V,0.270"
X-5696,TLR6,10333.0,MutNovel,"P764L,0.333"
X-5696,TLR6,10333.0,MutNovel,"E295K,0.700"
X-5696,TM7SF2,7108.0,MutNovel,"D236N,0.315"
X-5696,TM7SF3,51768.0,MutNovel,"G174D,0.234"
X-5696,TM9SF3,56889.0,MutNovel,"G564R,0.440"
X-5696,TM9SF4,9777.0,MutNovel,"D173N,0.349"
X-5696,TMA7,,MutNovel,"G62S,0.431"
X-5696,TMBIM6,7009.0,MutNovel,"L71F,0.245"
X-5696,TMC6,11322.0,MutNovel,"G320D,0.272"
X-5696,TMC6,11322.0,MutNovel,"A233T,0.229"
X-5696,TMC6,11322.0,MutNovel,"P15L,0.273"
X-5696,TMC7,79905.0,MutNovel,"R297Q,0.800"
X-5696,TMC7,79905.0,MutNovel,"R430H,1.000"
X-5696,TMCO3,55002.0,MutNovel,"G278R,0.351"
X-5696,TMED10,10972.0,MutNovel,"E148K,0.256"
X-5696,TMED8,283578.0,MutNovel,"D80N,0.280"
X-5696,TMED8,283578.0,MutNovel,"P10Q,0.421"
X-5696,TMEM102,284114.0,MutNovel,"G498S,0.875"
X-5696,TMEM104,54868.0,MutNovel,"G180S,0.227"
X-5696,TMEM106A,113277.0,MutNovel,"A194T,0.318"
X-5696,TMEM106C,79022.0,MutNovel,"V166I,0.459"
X-5696,TMEM117,84216.0,MutKnownFunctional,"W203*,0.306"
X-5696,TMEM126B,55863.0,MutNovel,"A33T,0.253"
X-5696,TMEM129,92305.0,MutNovel,"G73S,0.324"
X-5696,TMEM131,23505.0,MutKnownFunctional,"W1874*,0.268"
X-5696,TMEM131,23505.0,MutNovel,"P1613L,0.215"
X-5696,TMEM135,65084.0,MutNovel,"V187I,0.211"
X-5696,TMEM138,51524.0,MutNovel,"T4I,0.404"
X-5696,TMEM140,55281.0,MutNovel,"P149L,0.240"
X-5696,TMEM145,284339.0,MutNovel,"T356I,0.700"
X-5696,TMEM145,284339.0,MutNovel,"P374S,0.321"
X-5696,TMEM150A,129303.0,MutNovel,"S105N,0.219"
X-5696,TMEM159,57146.0,MutNovel,"A52V,0.237"
X-5696,TMEM163,81615.0,MutNovel,"D187N,0.590"
X-5696,TMEM165,55858.0,MutNovel,"D36N,0.292"
X-5696,TMEM183A,92703.0,MutNovel,"V16A,0.280"
X-5696,TMEM183A,92703.0,MutNovel,"S85F,0.464"
X-5696,TMEM183A,92703.0,MutNovel,"S97N,0.216"
X-5696,TMEM19,55266.0,MutNovel,"V20I,0.202"
X-5696,TMEM2,23670.0,MutNovel,"R776K,0.244"
X-5696,TMEM203,94107.0,MutNovel,"V21M,0.279"
X-5696,TMEM219,124446.0,MutNovel,"G175S,0.242"
X-5696,TMEM241,85019.0,MutNovel,"G40E,0.700"
X-5696,TMEM245,,MutNovel,"S648N,0.325"
X-5696,TMEM245,,MutNovel,"A362T,0.380"
X-5696,TMEM245,,MutNovel,"R103C,0.302"
X-5696,TMEM55A,55529.0,MutNovel,"A257V,0.222"
X-5696,TMEM55A,55529.0,MutNovel,"I124V,0.268"
X-5696,TMEM55B,90809.0,MutNovel,"G36R,0.239"
X-5696,TMEM62,80021.0,MutNovel,"G110E,0.356"
X-5696,TMEM67,91147.0,MutNovel,"R549C,0.227"
X-5696,TMEM86A,144110.0,MutNovel,"E176K,0.382"
X-5696,TMEM86B,255043.0,MutNovel,"V66I,0.345"
X-5696,TMEM87A,25963.0,MutNovel,"V521I,0.328"
X-5696,TMEM87B,84910.0,MutNovel,"A334V,0.349"
X-5696,TMEM8B,51754.0,MutKnownFunctional,"W289*,0.975"
X-5696,TMEM8B,51754.0,MutNovel,"V323M,0.611"
X-5696,TMEM98,26022.0,MutNovel,"H93Y,0.247"
X-5696,TMF1,7110.0,MutNovel,"P302S,0.202"
X-5696,TMF1,7110.0,MutNovel,"G252D,0.392"
X-5696,TMSB4Y,9087.0,Del0.8,0.12
X-5696,TMTC4,84899.0,MutNovel,"R661K,0.400"
X-5696,TMTC4,84899.0,MutNovel,"S168F,0.316"
X-5696,TMTC4,84899.0,MutNovel,"P15S,0.212"
X-5696,TMUB1,83590.0,MutNovel,"S197N,0.265"
X-5696,TMX1,81542.0,MutNovel,"S270F,0.260"
X-5696,TNC,3371.0,MutNovel,"S1487F,1.000"
X-5696,TNFAIP6,7130.0,MutNovel,"S148F,0.229"
X-5696,TNFAIP6,7130.0,MutKnownFunctional,"-278,0.632"
X-5696,TNFRSF10B,8795.0,MutNovel,"D102N,0.346"
X-5696,TNFRSF14,8764.0,MutNovel,"A140V,0.337"
X-5696,TNFRSF14,8764.0,MutNovel,"P281S,0.394"
X-5696,TNIK,23043.0,MutNovel,"H286Y,0.378"
X-5696,TNK2,10188.0,MutNovel,"P263L,0.243"
X-5696,TNK2,10188.0,MutNovel,"E110K,0.582"
X-5696,TNKS,8658.0,MutNovel,"L253F,0.421"
X-5696,TNKS,8658.0,MutNovel,"G881E,0.500"
X-5696,TNKS1BP1,85456.0,MutNovel,"G910E,0.451"
X-5696,TNKS2,80351.0,MutNovel,"L793F,0.309"
X-5696,TNKS2,80351.0,MutNovel,"R1013K,1.000"
X-5696,TNNT1,7138.0,MutNovel,"A223V,0.252"
X-5696,TNNT1,7138.0,MutNovel,"R110K,0.284"
X-5696,TNPO1,3842.0,MutNovel,"L527F,0.990"
X-5696,TNPO3,23534.0,MutNovel,"T840I,0.257"
X-5696,TNPO3,23534.0,MutNovel,"P496L,0.259"
X-5696,TNPO3,23534.0,MutNovel,"E325K,0.242"
X-5696,TNRC18,84629.0,MutNovel,"G2583R,0.366"
X-5696,TNRC18,84629.0,MutNovel,"P2409L,0.500"
X-5696,TNRC18,84629.0,MutNovel,"A1679T,0.283"
X-5696,TNRC18,84629.0,MutNovel,"A1414V,0.273"
X-5696,TNRC6A,27327.0,MutNovel,"V1821I,0.229"
X-5696,TNRC6A,27327.0,MutNovel,"T1916I,0.268"
X-5696,TNRC6B,23112.0,MutNovel,"P615L,0.314"
X-5696,TNRC6C,57690.0,MutNovel,"G480S,0.364"
X-5696,TNRC6C,57690.0,MutNovel,"A1671V,0.333"
X-5696,TNRC6C,57690.0,MutNovel,"T1713I,0.474"
X-5696,TNS1,7145.0,MutNovel,"A1704V,0.337"
X-5696,TNS1,7145.0,MutNovel,"S1069T,0.277"
X-5696,TNS1,7145.0,MutNovel,"P1044L,0.272"
X-5696,TNS1,7145.0,MutNovel,"A140V,0.396"
X-5696,TOB1,10140.0,MutNovel,"S171F,0.230"
X-5696,TOMM5,401505.0,MutNovel,"V92I,1.000"
X-5696,TOMM70A,9868.0,MutNovel,"A582V,0.456"
X-5696,TOMM70A,9868.0,MutNovel,"S91N,0.236"
X-5696,TONSL,4796.0,MutNovel,"A1200V,0.268"
X-5696,TOP1,7150.0,MutNovel,"P397S,0.239"
X-5696,TOP1,7150.0,MutNovel,"A635T,0.247"
X-5696,TOP2A,7153.0,MutNovel,"T1360I,0.242"
X-5696,TOP2B,7155.0,MutNovel,"T666I,0.208"
X-5696,TOP2B,7155.0,MutNovel,"A19V,0.421"
X-5696,TOP3B,8940.0,MutNovel,"G108D,0.343"
X-5696,TOPBP1,11073.0,MutNovel,"S1159N,0.732"
X-5696,TOPBP1,11073.0,MutNovel,"E749K,0.802"
X-5696,TOR3A,64222.0,MutNovel,"P265L,0.216"
X-5696,TOR4A,,MutNovel,"R402C,0.308"
X-5696,TP53,7157.0,MutKnownFunctional,"Y220C,1.000"
X-5696,TP53,7157.0,MutNovel,"G187D,1.000"
X-5696,TP53,7157.0,MutNovel,"P72C,0.500"
X-5696,TP53BP2,7159.0,MutNovel,"P907L,0.225"
X-5696,TP53INP2,58476.0,MutNovel,"R171W,0.375"
X-5696,TP73,7161.0,MutNovel,"A530V,1.000"
X-5696,TPCN1,53373.0,MutNovel,"A499T,0.519"
X-5696,TPD52L2,7165.0,MutNovel,"E57K,0.393"
X-5696,TPH1,7166.0,MutNovel,"R328K,1.000"
X-5696,TPI1,7167.0,MutNovel,"E221G,0.498"
X-5696,TPR,7175.0,MutNovel,"D1402N,0.336"
X-5696,TPR,7175.0,MutNovel,"A1323T,0.252"
X-5696,TPRKB,51002.0,MutNovel,"G36S,0.241"
X-5696,TPRN,286262.0,MutNovel,"G266E,0.371"
X-5696,TPSAB1,7177.0,MutNovel,"A85T,1.000"
X-5696,TPSAB1,7177.0,MutNovel,"T141M,1.000"
X-5696,TPSAB1,7177.0,MutNovel,"R168P,1.000"
X-5696,TPSAB1,7177.0,MutNovel,"V205I,1.000"
X-5696,TPSB2,64499.0,MutNovel,"A238T,1.000"
X-5696,TPSB2,64499.0,MutNovel,"R225W,1.000"
X-5696,TPSB2,64499.0,MutNovel,"R205H,1.000"
X-5696,TPSB2,64499.0,MutNovel,"S175P,1.000"
X-5696,TPSB2,64499.0,MutNovel,"A85T,1.000"
X-5696,TPSD1,23430.0,MutNovel,"A20T,1.000"
X-5696,TPSD1,23430.0,MutNovel,"G30V,1.000"
X-5696,TPSD1,23430.0,MutNovel,"A92T,1.000"
X-5696,TPSD1,23430.0,MutNovel,"G126R,1.000"
X-5696,TPSD1,23430.0,MutNovel,"H143R,0.986"
X-5696,TPST1,8460.0,MutNovel,"C211Y,0.241"
X-5696,TPX2,22974.0,MutNovel,"P326S,0.205"
X-5696,TRA2B,6434.0,MutNovel,"G181E,0.260"
X-5696,TRA2B,6434.0,MutNovel,"P116L,0.492"
X-5696,TRABD,80305.0,MutNovel,"G3E,0.265"
X-5696,TRAF3IP1,26146.0,MutNovel,"A571T,0.286"
X-5696,TRAF3IP3,80342.0,MutNovel,"D391N,0.264"
X-5696,TRAF5,7188.0,MutNovel,"G303E,0.271"
X-5696,TRAF6,7189.0,MutNovel,"R271K,0.308"
X-5696,TRAK1,22906.0,MutNovel,"L874F,0.226"
X-5696,TRAP1,10131.0,MutNovel,"G289E,0.478"
X-5696,TRAPPC10,7109.0,MutNovel,"V627I,0.297"
X-5696,TRAPPC10,7109.0,MutNovel,"V1243I,0.260"
X-5696,TRAPPC12,51112.0,MutKnownFunctional,"W310*,0.233"
X-5696,TRAPPC8,22878.0,MutNovel,"A510T,0.365"
X-5696,TRAPPC9,83696.0,MutNovel,"G1136D,0.325"
X-5696,TRDMT1,1787.0,MutNovel,"A349T,0.375"
X-5696,TREH,11181.0,MutNovel,"T539M,1.000"
X-5696,TREX1,11277.0,MutNovel,"C19Y,0.222"
X-5696,TREX1,11277.0,MutNovel,"P65H,0.217"
X-5696,TREX2,11219.0,MutNovel,"A91T,0.667"
X-5696,TRIB1,10221.0,MutNovel,"G145D,0.317"
X-5696,TRIM11,81559.0,MutNovel,"P327S,0.268"
X-5696,TRIM2,23321.0,MutNovel,"T84I,0.376"
X-5696,TRIM23,373.0,MutNovel,"R486K,0.532"
X-5696,TRIM28,10155.0,MutNovel,"G474S,0.618"
X-5696,TRIM3,10612.0,MutNovel,"P428S,0.217"
X-5696,TRIM32,22954.0,MutNovel,"P346L,0.375"
X-5696,TRIM33,51592.0,MutNovel,"P554L,0.310"
X-5696,TRIM37,4591.0,MutNovel,"A664T,0.509"
X-5696,TRIM37,4591.0,MutNovel,"P300S,0.314"
X-5696,TRIM38,10475.0,MutNovel,"R311Q,0.309"
X-5696,TRIM41,90933.0,MutNovel,"P397S,1.000"
X-5696,TRIM41,90933.0,MutNovel,"G623D,0.467"
X-5696,TRIM45,80263.0,MutNovel,"A412T,0.515"
X-5696,TRIM47,91107.0,MutNovel,"P97S,0.203"
X-5696,TRIM51,,MutNovel,"E220K,0.222"
X-5696,TRIM51,,MutNovel,"F248L,0.407"
X-5696,TRIM62,55223.0,MutNovel,"G257R,0.255"
X-5696,TRIM63,84676.0,MutNovel,"P24S,0.364"
X-5696,TRIM66,9866.0,MutNovel,"S627F,0.333"
X-5696,TRIM68,55128.0,MutNovel,"G293E,0.662"
X-5696,TRIM9,114088.0,MutNovel,"T634I,0.667"
X-5696,TRIO,7204.0,MutKnownFunctional,"W1495*,0.509"
X-5696,TRIOBP,11078.0,MutNovel,"R737K,0.333"
X-5696,TRIOBP,11078.0,MutNovel,"R885H,0.263"
X-5696,TRIOBP,11078.0,MutNovel,"G1254S,0.389"
X-5696,TRIP10,9322.0,MutNovel,"P322L,0.270"
X-5696,TRIP11,9321.0,MutNovel,"V1054I,0.367"
X-5696,TRIP11,9321.0,MutNovel,"E1019K,0.347"
X-5696,TRIP11,9321.0,MutNovel,"V384M,0.688"
X-5696,TRIP11,9321.0,MutNovel,"A59T,0.333"
X-5696,TRIP12,9320.0,MutNovel,"R429K,0.349"
X-5696,TRIP12,9320.0,MutNovel,"R345K,0.371"
X-5696,TRIP12,9320.0,MutNovel,"R136K,0.453"
X-5696,TRIP12,9320.0,MutNovel,"G22E,0.345"
X-5696,TRIP6,7205.0,MutNovel,"P118S,0.310"
X-5696,TRIT1,54802.0,MutNovel,"P339L,0.446"
X-5696,TRMT1,55621.0,MutNovel,"E505K,0.304"
X-5696,TRMT2A,27037.0,MutNovel,"R127H,0.244"
X-5696,TRMT5,57570.0,MutNovel,"S256F,0.359"
X-5696,TRMT61B,55006.0,MutNovel,"G34R,0.532"
X-5696,TRMU,55687.0,MutNovel,"G13S,0.471"
X-5696,TRMU,55687.0,MutNovel,"V252I,0.274"
X-5696,TRNAU1AP,54952.0,MutNovel,"P12L,0.377"
X-5696,TRNAU1AP,54952.0,MutKnownFunctional,"Q274*,0.436"
X-5696,TRNT1,51095.0,MutNovel,"G370E,0.324"
X-5696,TRO,7216.0,MutNovel,"A305T,0.510"
X-5696,TRO,7216.0,MutNovel,"F1209S,0.468"
X-5696,TROAP,10024.0,MutNovel,"A169T,0.311"
X-5696,TROVE2,6738.0,MutNovel,"E485K,0.285"
X-5696,TRPA1,8989.0,MutNovel,"S921F,0.700"
X-5696,TRPM3,80036.0,MutKnownFunctional,"W1038*,0.667"
X-5696,TRPM4,54795.0,MutNovel,"E316K,0.282"
X-5696,TRPM7,54822.0,MutNovel,"A998T,0.208"
X-5696,TRPM8,79054.0,MutNovel,"V830I,0.667"
X-5696,TRPS1,7227.0,MutNovel,"G1208D,0.263"
X-5696,TRPS1,7227.0,MutNovel,"A1029T,0.556"
X-5696,TRPT1,83707.0,MutNovel,"R248K,0.643"
X-5696,TRPT1,83707.0,MutNovel,"A12T,0.285"
X-5696,TRPV2,51393.0,MutNovel,"E230K,0.520"
X-5696,TRPV2,51393.0,MutNovel,"P282S,0.221"
X-5696,TRPV2,51393.0,MutNovel,"S325F,0.265"
X-5696,TRRAP,8295.0,MutNovel,"E1235K,0.213"
X-5696,TRRAP,8295.0,MutNovel,"D1758N,0.226"
X-5696,TRRAP,8295.0,MutNovel,"G1801R,0.600"
X-5696,TRRAP,8295.0,MutNovel,"E2816K,0.367"
X-5696,TRRAP,8295.0,MutNovel,"S3316F,0.389"
X-5696,TRUB2,26995.0,MutNovel,"R327K,0.419"
X-5696,TSC2,7249.0,MutNovel,"H278Y,0.204"
X-5696,TSC2,7249.0,MutKnownFunctional,"W1740*,0.251"
X-5696,TSC22D1,8848.0,MutNovel,"P919S,0.227"
X-5696,TSC22D1,8848.0,MutNovel,"T575I,0.246"
X-5696,TSC22D2,9819.0,MutNovel,"G141S,0.222"
X-5696,TSC22D4,81628.0,MutNovel,"S314N,0.539"
X-5696,TSC22D4,81628.0,MutNovel,"G205S,0.286"
X-5696,TSNAX,7257.0,MutNovel,"G9R,0.257"
X-5696,TSNAX,7257.0,MutNovel,"P81L,0.219"
X-5696,TSNAXIP1,55815.0,MutNovel,"E415K,0.278"
X-5696,TSPAN33,340348.0,MutNovel,"G158E,0.522"
X-5696,TSPO,706.0,MutNovel,"G36D,0.273"
X-5696,TSPYL1,7259.0,MutNovel,"V176VW,1.000"
X-5696,TSSC1,7260.0,MutNovel,"E12K,0.461"
X-5696,TSSC4,10078.0,MutNovel,"A180T,0.344"
X-5696,TSSK4,283629.0,MutNovel,"A125V,0.500"
X-5696,TST,7263.0,MutNovel,"G225D,0.240"
X-5696,TST,7263.0,MutNovel,"D196N,0.246"
X-5696,TTBK2,146057.0,MutNovel,"D808N,0.286"
X-5696,TTBK2,146057.0,MutNovel,"A604T,0.333"
X-5696,TTC13,79573.0,MutNovel,"T710I,0.202"
X-5696,TTC13,79573.0,MutNovel,"G14S,0.444"
X-5696,TTC19,54902.0,MutNovel,"L368F,0.993"
X-5696,TTC21B,79809.0,MutNovel,"A636V,0.312"
X-5696,TTC23,64927.0,MutNovel,"P417S,0.385"
X-5696,TTC3,7267.0,MutNovel,"G1797D,0.484"
X-5696,TTC30A,92104.0,MutNovel,"P573S,0.343"
X-5696,TTC30B,150737.0,MutNovel,"G228D,0.455"
X-5696,TTC31,64427.0,MutNovel,"E155K,0.305"
X-5696,TTC33,23548.0,MutNovel,"V214D,0.462"
X-5696,TTC37,9652.0,MutNovel,"P303L,0.595"
X-5696,TTF1,7270.0,MutNovel,"T369I,0.304"
X-5696,TTF2,8458.0,MutKnownFunctional,"R988*,0.206"
X-5696,TTK,7272.0,MutNovel,"D681N,0.277"
X-5696,TTLL1,25809.0,MutNovel,"R410Q,1.000"
X-5696,TTLL4,9654.0,MutKnownFunctional,"Q129*,0.731"
X-5696,TTLL4,9654.0,MutNovel,"D993N,0.369"
X-5696,TTTY10,246119.0,Del0.8,0.13
X-5696,TTTY13,83868.0,Del0.8,0.13
X-5696,TTTY14,83869.0,Del0.8,0.13
X-5696,TTTY17A,252949.0,Del0.8,0.06
X-5696,TTTY17A,252949.0,Del0.8,0.19
X-5696,TTTY3,114760.0,Del0.8,0.08
X-5696,TTTY3,114760.0,Del0.8,0.08
X-5696,TTTY4,114761.0,Del0.8,0.04
X-5696,TTTY4,114761.0,Del0.8,0.06
X-5696,TTTY5,83863.0,Del0.8,0.13
X-5696,TTTY6,84672.0,Del0.8,0.13
X-5696,TTTY6,84672.0,Del0.8,0.13
X-5696,TTTY9A,83864.0,Del0.8,0.06
X-5696,TTTY9A,83864.0,Del0.8,0.06
X-5696,TTYH1,57348.0,MutKnownFunctional,"W258*,0.500"
X-5696,TTYH2,94015.0,MutNovel,"T81I,0.276"
X-5696,TTYH2,94015.0,MutNovel,"A243T,0.243"
X-5696,TTYH3,80727.0,MutNovel,"D203N,0.379"
X-5696,TUBA1A,7846.0,MutNovel,"V204I,0.364"
X-5696,TUBA1C,84790.0,MutNovel,"G43R,0.247"
X-5696,TUBB2A,7280.0,MutKnownFunctional,"W21*,0.241"
X-5696,TUBG1,7283.0,MutNovel,"A27V,0.241"
X-5696,TUBGCP3,10426.0,MutNovel,"G190E,0.250"
X-5696,TUBGCP6,85378.0,MutNovel,"E314K,0.383"
X-5696,TULP4,56995.0,MutNovel,"G105D,0.282"
X-5696,TUSC1,286319.0,MutNovel,"G199D,0.615"
X-5696,TUT1,64852.0,MutNovel,"R816W,0.345"
X-5696,TUT1,64852.0,MutNovel,"A598V,0.356"
X-5696,TXLNG,55787.0,MutNovel,"E488K,0.476"
X-5696,TXLNG2P,246126.0,Del0.8,0.13
X-5696,TXNDC16,57544.0,MutNovel,"T536I,0.229"
X-5696,TXNDC16,57544.0,MutNovel,"D361N,0.211"
X-5696,TXNDC16,57544.0,MutNovel,"P250S,0.277"
X-5696,TXNDC5,81567.0,MutNovel,"G373E,0.282"
X-5696,TXNDC9,10190.0,MutNovel,"G165E,0.296"
X-5696,TXNIP,10628.0,MutNovel,"P174L,0.280"
X-5696,TXNIP,10628.0,MutNovel,"C267Y,0.260"
X-5696,TXNIP,10628.0,MutNovel,"P374S,0.254"
X-5696,TXNRD2,10587.0,MutNovel,"V223M,0.213"
X-5696,TXNRD2,10587.0,MutNovel,"A53V,0.227"
X-5696,TXNRD3,114112.0,MutNovel,"R239K,1.000"
X-5696,TYK2,7297.0,MutNovel,"G114D,0.324"
X-5696,TYW1B,441250.0,MutNovel,"A112T,1.000"
X-5696,U2SURP,23350.0,MutNovel,"R56K,0.250"
X-5696,U2SURP,23350.0,MutNovel,"S1012F,0.297"
X-5696,UACA,55075.0,MutNovel,"D197N,0.221"
X-5696,UAP1,6675.0,MutNovel,"A277T,0.305"
X-5696,UBA2,10054.0,MutNovel,"S42F,0.260"
X-5696,UBA3,9039.0,MutNovel,"S399F,0.213"
X-5696,UBA7,7318.0,MutNovel,"P960S,0.266"
X-5696,UBA7,7318.0,MutNovel,"G563D,0.325"
X-5696,UBAC1,10422.0,MutNovel,"E276K,0.307"
X-5696,UBAP1,51271.0,MutNovel,"G250R,0.575"
X-5696,UBAP2,55833.0,MutNovel,"G928D,0.504"
X-5696,UBAP2L,9898.0,MutNovel,"G519E,0.269"
X-5696,UBASH3B,84959.0,MutNovel,"T291I,0.625"
X-5696,UBB,7314.0,MutNovel,"G75D,0.338"
X-5696,UBC,7316.0,MutNovel,"E431K,0.404"
X-5696,UBC,7316.0,MutNovel,"S190P,1.000"
X-5696,UBE2C,11065.0,MutNovel,"A69T,0.245"
X-5696,UBE2G2,7327.0,MutNovel,"A26T,0.259"
X-5696,UBE2L6,9246.0,MutNovel,"R151Q,0.356"
X-5696,UBE2O,63893.0,MutNovel,"P1192S,0.209"
X-5696,UBE2O,63893.0,MutNovel,"A729T,0.291"
X-5696,UBE2W,55284.0,MutNovel,"S97N,0.404"
X-5696,UBE4A,9354.0,MutNovel,"E989K,0.241"
X-5696,UBFD1,56061.0,MutNovel,"A67V,0.329"
X-5696,UBIAD1,29914.0,MutNovel,"A211T,0.351"
X-5696,UBN1,29855.0,MutNovel,"V75G,0.548"
X-5696,UBN2,254048.0,MutNovel,"P1030L,0.529"
X-5696,UBP1,7342.0,MutNovel,"A42T,0.355"
X-5696,UBQLN1,29979.0,MutNovel,"P11L,0.370"
X-5696,UBQLN4,56893.0,MutNovel,"M200I,0.228"
X-5696,UBQLN4,56893.0,MutNovel,"P99S,0.215"
X-5696,UBR1,197131.0,MutNovel,"V644I,0.304"
X-5696,UBR2,23304.0,MutNovel,"G100D,0.262"
X-5696,UBR3,130507.0,MutNovel,"A838T,0.228"
X-5696,UBR4,23352.0,MutNovel,"E4773K,0.296"
X-5696,UBR4,23352.0,MutNovel,"M4475I,0.610"
X-5696,UBR4,23352.0,MutNovel,"G2830S,0.698"
X-5696,UBR4,23352.0,MutNovel,"L956F,0.356"
X-5696,UBR5,51366.0,MutNovel,"R2329K,0.212"
X-5696,UBR5,51366.0,MutNovel,"R2265Q,0.484"
X-5696,UBTD1,80019.0,MutNovel,"A14T,0.600"
X-5696,UBXN6,80700.0,MutNovel,"G422E,0.228"
X-5696,UCHL5,51377.0,MutNovel,"A30G,0.242"
X-5696,UCKL1,54963.0,MutNovel,"P86S,0.426"
X-5696,UCN2,90226.0,MutNovel,"P48S,0.352"
X-5696,UFD1L,7353.0,MutNovel,"C25Y,0.280"
X-5696,UGT2B11,10720.0,MutNovel,"A346T,1.000"
X-5696,UHRF1,29128.0,MutNovel,"A127V,0.270"
X-5696,UHRF1,29128.0,MutNovel,"A352T,0.235"
X-5696,UHRF1BP1,54887.0,MutNovel,"P1266S,0.265"
X-5696,UIMC1,51720.0,MutKnownFunctional,"R624*,1.000"
X-5696,ULK1,8408.0,MutNovel,"A179T,0.372"
X-5696,ULK3,25989.0,MutNovel,"A437V,0.246"
X-5696,ULK4,54986.0,MutNovel,"P308S,0.263"
X-5696,UNC13A,23025.0,MutNovel,"P210L,0.250"
X-5696,UNC50,25972.0,MutNovel,"A29T,0.256"
X-5696,UNG,7374.0,MutNovel,"A80T,0.451"
X-5696,UNK,85451.0,MutNovel,"P247L,0.283"
X-5696,UPF3B,65109.0,MutNovel,"P337L,1.000"
X-5696,UQCRC1,7384.0,MutNovel,"G236R,0.395"
X-5696,UQCRC2,7385.0,MutNovel,"V292I,0.373"
X-5696,UQCRFS1,7386.0,MutNovel,"D145N,0.236"
X-5696,URB1,9875.0,MutNovel,"A1335V,0.597"
X-5696,URB1,9875.0,MutNovel,"M740I,0.331"
X-5696,URB1,9875.0,MutNovel,"T181I,0.240"
X-5696,URGCP,55665.0,MutNovel,"T132I,0.238"
X-5696,URI1,8725.0,MutNovel,"P10L,0.314"
X-5696,UROD,7389.0,MutKnownFunctional,"W24*,0.297"
X-5696,USO1,8615.0,MutNovel,"G692D,0.341"
X-5696,USP11,8237.0,MutNovel,"D301N,0.247"
X-5696,USP11,8237.0,MutNovel,"G353D,0.994"
X-5696,USP13,8975.0,MutNovel,"P862L,0.212"
X-5696,USP20,10868.0,MutNovel,"P366L,0.262"
X-5696,USP20,10868.0,MutNovel,"V396I,1.000"
X-5696,USP21,27005.0,MutNovel,"D491N,0.331"
X-5696,USP24,23358.0,MutNovel,"P2620L,0.391"
X-5696,USP24,23358.0,MutNovel,"G2601D,0.365"
X-5696,USP24,23358.0,MutNovel,"G1939D,0.387"
X-5696,USP25,29761.0,MutNovel,"G234D,0.271"
X-5696,USP27X,389856.0,MutNovel,"E292K,0.500"
X-5696,USP28,57646.0,MutNovel,"D36N,0.389"
X-5696,USP30,84749.0,MutNovel,"S241N,0.571"
X-5696,USP31,57478.0,MutNovel,"S251N,0.278"
X-5696,USP32,84669.0,MutNovel,"R644Q,0.289"
X-5696,USP32,84669.0,MutNovel,"G37E,0.314"
X-5696,USP33,23032.0,MutNovel,"S851N,0.351"
X-5696,USP33,23032.0,MutKnownFunctional,"-823,0.410"
X-5696,USP34,9736.0,MutNovel,"E2131K,0.310"
X-5696,USP34,9736.0,MutNovel,"G1193D,0.208"
X-5696,USP35,57558.0,MutNovel,"G754D,0.287"
X-5696,USP36,57602.0,MutNovel,"KKK958K,1.000"
X-5696,USP38,84640.0,MutNovel,"S885F,0.682"
X-5696,USP40,55230.0,MutNovel,"S962N,0.316"
X-5696,USP40,55230.0,MutNovel,"P500L,0.267"
X-5696,USP42,84132.0,MutNovel,"P777S,0.214"
X-5696,USP45,85015.0,MutNovel,"V795I,0.458"
X-5696,USP48,84196.0,MutNovel,"G1029D,0.367"
X-5696,USP48,84196.0,MutNovel,"V89M,0.325"
X-5696,USP5,8078.0,MutNovel,"S161F,0.283"
X-5696,USP5,8078.0,MutNovel,"A256T,0.218"
X-5696,USP53,54532.0,MutNovel,"G676D,0.255"
X-5696,USP54,159195.0,MutNovel,"G1379D,0.716"
X-5696,USP54,159195.0,MutKnownFunctional,"Q214*,0.379"
X-5696,USP6NL,9712.0,MutNovel,"G836E,0.476"
X-5696,USP7,7874.0,MutNovel,"E492K,0.258"
X-5696,USP8,9101.0,MutNovel,"G299R,0.244"
X-5696,USP9X,8239.0,MutNovel,"A583T,1.000"
X-5696,USP9Y,8287.0,MutNovel,"A675T,0.429"
X-5696,USP9Y,8287.0,MutNovel,"G1924D,0.519"
X-5696,UTP14A,10813.0,MutNovel,"A306T,0.533"
X-5696,UTP14C,9724.0,MutNovel,"E350K,0.286"
X-5696,UTP14C,9724.0,MutNovel,"S380N,0.490"
X-5696,UTP14C,9724.0,MutNovel,"T382I,0.220"
X-5696,UTP14C,9724.0,MutNovel,"S456F,0.537"
X-5696,UTP14C,9724.0,MutNovel,"A546V,0.328"
X-5696,UTP23,84294.0,MutNovel,"P202L,0.600"
X-5696,UTRN,7402.0,MutNovel,"A281T,0.400"
X-5696,UTRN,7402.0,MutNovel,"A403T,0.436"
X-5696,UTRN,7402.0,MutNovel,"A1325T,0.319"
X-5696,UTRN,7402.0,MutNovel,"P3153S,0.476"
X-5696,UTRN,7402.0,MutNovel,"E3313K,0.523"
X-5696,UTS2R,2837.0,MutNovel,"P290L,1.000"
X-5696,UTY,7404.0,MutNovel,"AR1078LR,0.500"
X-5696,UTY,7404.0,MutNovel,"H1077P,0.500"
X-5696,UTY,7404.0,MutNovel,"SH1075HD,0.500"
X-5696,UTY,7404.0,MutNovel,"V1074H,0.500"
X-5696,UTY,7404.0,MutNovel,"G1073C,0.500"
X-5696,UTY,7404.0,MutNovel,"GI1070AG,0.500"
X-5696,UTY,7404.0,MutNovel,"AG1069DR,0.500"
X-5696,UTY,7404.0,MutKnownFunctional,"S1068*,0.500"
X-5696,UTY,7404.0,MutNovel,"SQ1066LA,0.500"
X-5696,UTY,7404.0,MutNovel,"S1066T,0.500"
X-5696,UTY,7404.0,MutNovel,"GG1059VR,0.600"
X-5696,UTY,7404.0,MutNovel,"S1058D,0.600"
X-5696,UTY,7404.0,MutNovel,"LL1055GL,0.600"
X-5696,UTY,7404.0,MutNovel,"E1054L,0.600"
X-5696,UTY,7404.0,MutNovel,"C1052P,0.750"
X-5696,UTY,7404.0,MutNovel,"QA1050RL,0.750"
X-5696,UTY,7404.0,MutNovel,"CD1001EN,0.400"
X-5696,UTY,7404.0,MutNovel,"QW999HK,0.400"
X-5696,UTY,7404.0,MutNovel,"G997H,0.400"
X-5696,UTY,7404.0,MutNovel,"P968S,0.500"
X-5696,UTY,7404.0,MutNovel,"RP966SV,0.533"
X-5696,UTY,7404.0,MutNovel,"P965V,0.562"
X-5696,UTY,7404.0,MutNovel,"PP963LN,0.533"
X-5696,UTY,7404.0,MutNovel,"CP962TT,0.571"
X-5696,UTY,7404.0,MutNovel,"K961L,0.600"
X-5696,UTY,7404.0,MutNovel,"L959P,0.643"
X-5696,UTY,7404.0,MutNovel,"I957Y,0.667"
X-5696,UTY,7404.0,MutNovel,"SC955KI,0.600"
X-5696,UTY,7404.0,MutNovel,"NS954PR,0.643"
X-5696,UTY,7404.0,MutKnownFunctional,"S953*,0.647"
X-5696,UTY,7404.0,MutNovel,"GL951FM,0.611"
X-5696,UTY,7404.0,MutNovel,"KN949NA,0.526"
X-5696,UTY,7404.0,MutNovel,"K949P,0.526"
X-5696,UTY,7404.0,MutNovel,"GK948EP,0.526"
X-5696,UTY,7404.0,MutNovel,"PG947SS,0.529"
X-5696,UTY,7404.0,MutNovel,"N946T,0.526"
X-5696,UTY,7404.0,MutNovel,"D913N,0.750"
X-5696,UTY,7404.0,MutNovel,"T581S,0.300"
X-5696,UTY,7404.0,MutNovel,"S578A,0.300"
X-5696,UTY,7404.0,MutNovel,"TD575IR,0.375"
X-5696,UTY,7404.0,MutNovel,"T575P,0.500"
X-5696,UTY,7404.0,MutNovel,"T575P,0.500"
X-5696,UTY,7404.0,MutNovel,"GA572AI,0.375"
X-5696,UTY,7404.0,MutNovel,"N571T,0.600"
X-5696,UTY,7404.0,MutNovel,"A562K,1.000"
X-5696,UTY,7404.0,MutKnownFunctional,"Q510*,0.778"
X-5696,UTY,7404.0,Del0.8,0.36
X-5696,VAMP7,6845.0,MutNovel,"C895Y,0.552"
X-5696,VANGL1,81839.0,MutNovel,"E29K,0.462"
X-5696,VARS2,57176.0,MutNovel,"S135G,0.278"
X-5696,VARS2,57176.0,MutNovel,"P403L,0.240"
X-5696,VASP,7408.0,MutNovel,"V5I,0.261"
X-5696,VAV2,7410.0,MutNovel,"T535I,0.312"
X-5696,VAV2,7410.0,MutNovel,"L337F,0.237"
X-5696,VAV3,10451.0,MutNovel,"R114Q,1.000"
X-5696,VBP1,7411.0,MutNovel,"G128E,0.454"
X-5696,VBP1,7411.0,MutNovel,"V179I,0.467"
X-5696,VCL,7414.0,MutNovel,"T153I,0.534"
X-5696,VCL,7414.0,MutNovel,"G310D,0.444"
X-5696,VCP,7415.0,MutNovel,"G125D,0.496"
X-5696,VCPIP1,80124.0,MutNovel,"G138E,0.352"
X-5696,VCY,9084.0,Del0.8,0.12
X-5696,VCY,9084.0,Del0.8,0.12
X-5696,VEGFA,7422.0,MutNovel,"P34L,0.204"
X-5696,VEZF1,7716.0,MutNovel,"P70S,0.239"
X-5696,VIM,7431.0,MutNovel,"Q453G,0.234"
X-5696,VLDLR,7436.0,MutNovel,"D94N,0.988"
X-5696,VPRBP,9730.0,MutNovel,"E422K,0.221"
X-5696,VPS11,55823.0,MutNovel,"S482F,0.333"
X-5696,VPS11,55823.0,MutNovel,"R559K,0.329"
X-5696,VPS13A,23230.0,MutNovel,"S2073F,0.273"
X-5696,VPS13B,157680.0,MutNovel,"S1267N,0.227"
X-5696,VPS13B,157680.0,MutNovel,"P2845S,0.250"
X-5696,VPS13B,157680.0,MutNovel,"A3216T,0.231"
X-5696,VPS13B,157680.0,MutNovel,"G3754S,0.222"
X-5696,VPS13C,54832.0,MutNovel,"A2422T,0.273"
X-5696,VPS13D,55187.0,MutNovel,"S785N,0.353"
X-5696,VPS13D,55187.0,MutNovel,"S930F,0.250"
X-5696,VPS13D,55187.0,MutNovel,"G1393E,0.235"
X-5696,VPS13D,55187.0,MutNovel,"S1513N,0.227"
X-5696,VPS13D,55187.0,MutNovel,"P2564S,0.268"
X-5696,VPS13D,55187.0,MutNovel,"P3243S,0.295"
X-5696,VPS29,51699.0,MutNovel,"P136S,0.433"
X-5696,VPS33A,65082.0,MutNovel,"P270S,0.512"
X-5696,VPS35,55737.0,MutNovel,"V195M,0.236"
X-5696,VPS37B,79720.0,MutNovel,"G5E,0.456"
X-5696,VPS4A,27183.0,MutNovel,"G131E,0.316"
X-5696,VPS4B,9525.0,MutNovel,"V365I,0.545"
X-5696,VPS51,,MutNovel,"T577I,0.272"
X-5696,VPS52,6293.0,MutNovel,"G323S,0.490"
X-5696,VPS53,55275.0,MutNovel,"R74K,0.571"
X-5696,VPS54,51542.0,MutNovel,"R613Q,0.244"
X-5696,VPS54,51542.0,MutNovel,"P105S,0.231"
X-5696,VPS72,6944.0,MutNovel,"S41F,0.304"
X-5696,VWCE,220001.0,MutNovel,"P906L,0.353"
X-5696,WARS2,10352.0,MutNovel,"G22R,0.270"
X-5696,WASH1,100287171.0,MutNovel,"E158K,0.270"
X-5696,WBP1,23559.0,MutNovel,"G106D,0.237"
X-5696,WBP11,51729.0,MutNovel,"P209L,0.301"
X-5696,WBP11,51729.0,MutNovel,"L158F,0.248"
X-5696,WBP2,23558.0,MutNovel,"G191R,0.305"
X-5696,WBP4,11193.0,MutNovel,"G260E,0.213"
X-5696,WBSCR16,81554.0,MutNovel,"R175W,0.273"
X-5696,WDFY3,23001.0,MutNovel,"V3205I,0.228"
X-5696,WDHD1,11169.0,MutKnownFunctional,"W676*,0.286"
X-5696,WDHD1,11169.0,MutNovel,"G453E,0.424"
X-5696,WDHD1,11169.0,MutNovel,"H16Y,0.256"
X-5696,WDPCP,51057.0,MutNovel,"A230V,0.393"
X-5696,WDR12,55759.0,MutNovel,"G404R,0.336"
X-5696,WDR13,64743.0,MutNovel,"D151N,0.415"
X-5696,WDR13,64743.0,MutNovel,"P407H,0.516"
X-5696,WDR19,57728.0,MutNovel,"P1298S,0.326"
X-5696,WDR26,80232.0,MutNovel,"R129K,0.205"
X-5696,WDR33,55339.0,MutNovel,"P1038L,0.238"
X-5696,WDR33,55339.0,MutNovel,"P641S,0.500"
X-5696,WDR35,57539.0,MutNovel,"T930I,0.382"
X-5696,WDR44,54521.0,MutNovel,"E320K,0.455"
X-5696,WDR47,22911.0,MutNovel,"S220N,0.382"
X-5696,WDR48,57599.0,MutNovel,"T347I,0.282"
X-5696,WDR59,79726.0,MutNovel,"V551I,0.267"
X-5696,WDR62,284403.0,MutNovel,"S275L,0.581"
X-5696,WDR62,284403.0,MutNovel,"V500I,0.362"
X-5696,WDR63,126820.0,MutKnownFunctional,"-858?,0.316"
X-5696,WDR7,23335.0,MutKnownFunctional,"W568*,0.286"
X-5696,WDR74,54663.0,MutNovel,"A354T,0.305"
X-5696,WDR76,79968.0,MutNovel,"D556N,0.320"
X-5696,WDR81,124997.0,MutNovel,"A1241T,0.676"
X-5696,WDR82,80335.0,MutNovel,"S178F,0.349"
X-5696,WDR82,80335.0,MutNovel,"V36I,0.215"
X-5696,WDR83OS,51398.0,MutNovel,"D31N,0.333"
X-5696,WDR85,92715.0,MutNovel,"L232F,0.639"
X-5696,WDR89,112840.0,MutNovel,"G318R,0.278"
X-5696,WDR90,197335.0,MutNovel,"P208L,0.234"
X-5696,WDR90,197335.0,MutNovel,"P343L,0.521"
X-5696,WDR90,197335.0,MutNovel,"P542L,0.678"
X-5696,WDR90,197335.0,MutKnownFunctional,"Q1151*,0.229"
X-5696,WDR91,29062.0,MutNovel,"S447F,0.228"
X-5696,WDR91,29062.0,MutNovel,"G281S,0.540"
X-5696,WDR91,29062.0,MutNovel,"V245M,0.256"
X-5696,WDR91,29062.0,MutNovel,"A116V,0.253"
X-5696,WDSUB1,151525.0,MutNovel,"V421I,0.542"
X-5696,WFDC1,58189.0,MutNovel,"P74L,0.625"
X-5696,WFS1,7466.0,MutNovel,"A114T,0.262"
X-5696,WFS1,7466.0,MutNovel,"L362F,0.322"
X-5696,WHSC1L1,54904.0,MutNovel,"G1432E,0.442"
X-5696,WHSC1L1,54904.0,MutNovel,"P1363S,0.362"
X-5696,WIPF1,7456.0,MutNovel,"G132R,0.228"
X-5696,WIPF2,147179.0,MutNovel,"S166N,0.281"
X-5696,WIPI1,55062.0,MutNovel,"G437E,0.276"
X-5696,WISP1,8840.0,MutNovel,"V128M,0.571"
X-5696,WNK1,65125.0,MutNovel,"G238D,0.233"
X-5696,WNK1,65125.0,MutNovel,"S702F,0.254"
X-5696,WNK1,65125.0,MutNovel,"G1651D,0.266"
X-5696,WNK1,65125.0,MutNovel,"N2312K,0.506"
X-5696,WRAP53,55135.0,MutNovel,"F318S,1.000"
X-5696,WRAP53,55135.0,MutNovel,"G346D,0.537"
X-5696,WRN,7486.0,MutNovel,"R741Q,0.500"
X-5696,WSB1,26118.0,MutNovel,"D277N,0.440"
X-5696,WTIP,126374.0,MutNovel,"S371F,0.417"
X-5696,WWC3,55841.0,MutNovel,"A501T,0.611"
X-5696,WWOX,51741.0,MutNovel,"G410D,0.258"
X-5696,WWP2,11060.0,MutNovel,"P164L,0.527"
X-5696,XAB2,56949.0,MutNovel,"D801N,0.229"
X-5696,XAB2,56949.0,MutNovel,"P150S,0.293"
X-5696,XBP1,7494.0,MutNovel,"A42V,0.202"
X-5696,XKRY2,353515.0,Del0.8,0.12
X-5696,XKRY2,353515.0,Del0.8,0.12
X-5696,XPC,7508.0,MutNovel,"E841K,0.330"
X-5696,XPO5,57510.0,MutNovel,"S83F,0.307"
X-5696,XPO6,23214.0,MutNovel,"P932S,0.240"
X-5696,XPO6,23214.0,MutNovel,"A249T,0.279"
X-5696,XPO7,23039.0,MutNovel,"A178V,0.433"
X-5696,XPOT,11260.0,MutNovel,"P944L,0.212"
X-5696,XRCC4,7518.0,MutNovel,"E235K,0.481"
X-5696,XRN1,54464.0,MutNovel,"V1439I,0.245"
X-5696,XRN1,54464.0,MutNovel,"L986F,0.250"
X-5696,XRN2,22803.0,MutNovel,"S475F,0.453"
X-5696,XRN2,22803.0,MutNovel,"S868F,0.256"
X-5696,XYLT2,64132.0,MutNovel,"R76K,0.271"
X-5696,XYLT2,64132.0,MutNovel,"P318S,0.267"
X-5696,YARS2,51067.0,MutNovel,"V383I,0.275"
X-5696,YEATS2,55689.0,MutNovel,"G178E,0.430"
X-5696,YEATS2,55689.0,MutNovel,"V1077I,0.256"
X-5696,YIF1B,90522.0,MutNovel,"G247D,0.232"
X-5696,YIPF1,54432.0,MutNovel,"A260T,0.399"
X-5696,YLPM1,56252.0,MutNovel,"T826I,0.393"
X-5696,YLPM1,56252.0,MutNovel,"D1219N,0.324"
X-5696,YLPM1,56252.0,MutNovel,"D2111N,0.234"
X-5696,YME1L1,10730.0,MutNovel,"S220F,0.523"
X-5696,YTHDC1,91746.0,MutNovel,"R697K,0.320"
X-5696,YTHDC1,91746.0,MutNovel,"R694K,0.352"
X-5696,YTHDC2,64848.0,MutNovel,"S2F,1.000"
X-5696,YWHAG,7532.0,MutNovel,"A193T,0.233"
X-5696,YY1,7528.0,MutNovel,"H80R,0.283"
X-5696,YY1AP1,55249.0,MutKnownFunctional,"W542*,0.445"
X-5696,ZAP70,7535.0,MutNovel,"E453K,0.235"
X-5696,ZBED3,84327.0,MutNovel,"G39D,0.333"
X-5696,ZBED4,9889.0,MutNovel,"E225K,0.233"
X-5696,ZBED4,9889.0,MutKnownFunctional,"W791*,0.205"
X-5696,ZBTB1,22890.0,MutNovel,"P170S,0.375"
X-5696,ZBTB20,26137.0,MutNovel,"G741E,1.000"
X-5696,ZBTB22,9278.0,MutNovel,"H507Y,0.220"
X-5696,ZBTB22,9278.0,MutNovel,"A244T,0.371"
X-5696,ZBTB3,79842.0,MutNovel,"G538R,0.522"
X-5696,ZBTB3,79842.0,MutNovel,"G217S,0.267"
X-5696,ZBTB37,84614.0,MutNovel,"G292R,0.423"
X-5696,ZBTB39,9880.0,MutNovel,"P13L,0.250"
X-5696,ZBTB40,9923.0,MutNovel,"T914I,0.326"
X-5696,ZBTB40,9923.0,MutNovel,"R1114C,0.392"
X-5696,ZBTB45,84878.0,MutNovel,"A393V,0.264"
X-5696,ZBTB45,84878.0,MutNovel,"G90S,0.370"
X-5696,ZBTB46,140685.0,MutNovel,"G340D,0.412"
X-5696,ZBTB47,92999.0,MutNovel,"T625I,0.409"
X-5696,ZBTB48,3104.0,MutNovel,"P216L,0.328"
X-5696,ZBTB7A,51341.0,MutNovel,"A280V,0.333"
X-5696,ZC2HC1A,,MutNovel,"P111S,0.264"
X-5696,ZC3H10,84872.0,MutNovel,"E361K,0.210"
X-5696,ZC3H13,23091.0,MutNovel,"A1411V,0.351"
X-5696,ZC3H13,23091.0,MutNovel,"E433K,0.260"
X-5696,ZC3H13,23091.0,MutNovel,"E163K,0.646"
X-5696,ZC3H14,79882.0,MutNovel,"R109K,0.248"
X-5696,ZC3H14,79882.0,MutNovel,"S390F,0.202"
X-5696,ZC3H18,124245.0,MutNovel,"E62K,0.242"
X-5696,ZC3H3,23144.0,MutNovel,"P639S,0.266"
X-5696,ZC3H4,23211.0,MutNovel,"P945S,0.590"
X-5696,ZC3H6,376940.0,MutNovel,"A667T,0.346"
X-5696,ZC3H6,376940.0,MutNovel,"P1187S,0.267"
X-5696,ZC3H7A,29066.0,MutNovel,"S791F,0.488"
X-5696,ZCCHC14,23174.0,MutNovel,"P775S,0.444"
X-5696,ZCCHC24,219654.0,MutNovel,"E221K,0.492"
X-5696,ZCCHC6,79670.0,MutNovel,"P435S,0.290"
X-5696,ZCCHC6,79670.0,MutNovel,"Y244C,0.907"
X-5696,ZCWPW1,55063.0,MutNovel,"P329S,0.238"
X-5696,ZDBF2,57683.0,MutNovel,"G293S,0.375"
X-5696,ZDBF2,57683.0,MutNovel,"S931F,0.786"
X-5696,ZDHHC11,79844.0,Del0.8,0.73
X-5696,ZDHHC18,84243.0,MutNovel,"P176S,0.444"
X-5696,ZDHHC2,51201.0,MutNovel,"E364K,0.375"
X-5696,ZDHHC8,29801.0,MutNovel,"P699S,0.213"
X-5696,ZDHHC9,51114.0,MutNovel,"T247I,0.384"
X-5696,ZER1,10444.0,MutNovel,"G570D,0.361"
X-5696,ZER1,10444.0,MutNovel,"V412M,0.978"
X-5696,ZFAND3,60685.0,MutNovel,"A11T,0.246"
X-5696,ZFAND4,93550.0,MutNovel,"E608K,0.471"
X-5696,ZFC3H1,196441.0,MutNovel,"D797N,0.500"
X-5696,ZFC3H1,196441.0,MutNovel,"E26K,0.278"
X-5696,ZFHX2,85446.0,MutNovel,"A1987T,0.571"
X-5696,ZFHX2,85446.0,MutNovel,"P1065L,0.750"
X-5696,ZFHX2,85446.0,MutNovel,"A1046T,0.750"
X-5696,ZFHX3,463.0,MutNovel,"L2726F,0.389"
X-5696,ZFP1,162239.0,MutNovel,"S222F,0.255"
X-5696,ZFP112,7771.0,MutNovel,"H325Y,0.423"
X-5696,ZFP36,7538.0,MutNovel,"G284E,0.305"
X-5696,ZFP36L1,677.0,MutNovel,"D157N,0.294"
X-5696,ZFP36L2,678.0,MutNovel,"P405L,0.608"
X-5696,ZFP90,146198.0,MutNovel,"P82L,0.286"
X-5696,ZFP91,80829.0,MutNovel,"E211K,0.296"
X-5696,ZFR,51663.0,MutNovel,"S921F,1.000"
X-5696,ZFYVE16,9765.0,MutNovel,"S1338N,0.480"
X-5696,ZFYVE20,64145.0,MutNovel,"G97D,0.284"
X-5696,ZFYVE21,79038.0,MutNovel,"V165M,0.295"
X-5696,ZFYVE26,23503.0,MutNovel,"I2463V,0.245"
X-5696,ZFYVE26,23503.0,MutNovel,"G2365E,0.209"
X-5696,ZFYVE26,23503.0,MutNovel,"P1756S,0.285"
X-5696,ZFYVE27,118813.0,MutNovel,"F152L,0.435"
X-5696,ZGPAT,84619.0,MutNovel,"V152M,0.292"
X-5696,ZGPAT,84619.0,MutNovel,"S276F,0.326"
X-5696,ZGPAT,84619.0,MutNovel,"A390T,0.244"
X-5696,ZHX1,11244.0,MutNovel,"G750R,0.282"
X-5696,ZHX3,23051.0,MutNovel,"R644H,0.270"
X-5696,ZHX3,23051.0,MutNovel,"G416R,0.256"
X-5696,ZIC1,7545.0,MutNovel,"K281R,0.203"
X-5696,ZKSCAN5,23660.0,MutNovel,"V497I,0.242"
X-5696,ZKSCAN5,23660.0,MutNovel,"R547K,0.511"
X-5696,ZMAT3,64393.0,MutNovel,"E42K,0.208"
X-5696,ZMIZ2,83637.0,MutNovel,"P74S,0.220"
X-5696,ZMYM1,79830.0,MutNovel,"E55K,0.364"
X-5696,ZMYM1,79830.0,MutNovel,"T719I,0.286"
X-5696,ZMYM4,9202.0,MutNovel,"D184N,0.500"
X-5696,ZMYM4,9202.0,MutNovel,"A336T,0.326"
X-5696,ZMYM6,9204.0,MutNovel,"M517I,0.297"
X-5696,ZMYM6,9204.0,MutNovel,"I301M,0.275"
X-5696,ZMYND11,10771.0,MutNovel,"S136N,0.411"
X-5696,ZMYND11,10771.0,MutNovel,"E373K,0.535"
X-5696,ZMYND15,84225.0,MutKnownFunctional,"W468*,1.000"
X-5696,ZMYND8,23613.0,MutNovel,"A897V,0.265"
X-5696,ZNF100,163227.0,MutNovel,"T359I,0.294"
X-5696,ZNF114,163071.0,MutNovel,"A288V,0.600"
X-5696,ZNF12,7559.0,MutNovel,"L176F,0.430"
X-5696,ZNF138,7697.0,MutNovel,"A66T,0.291"
X-5696,ZNF142,7701.0,MutNovel,"L1261F,0.375"
X-5696,ZNF142,7701.0,MutNovel,"A520P,0.344"
X-5696,ZNF143,7702.0,MutNovel,"V151I,0.243"
X-5696,ZNF146,7705.0,MutNovel,"D209G,0.253"
X-5696,ZNF148,7707.0,MutNovel,"D443G,0.378"
X-5696,ZNF155,7711.0,MutKnownFunctional,"W394*,0.280"
X-5696,ZNF169,169841.0,MutNovel,"E90K,0.429"
X-5696,ZNF169,169841.0,MutNovel,"L106F,0.571"
X-5696,ZNF184,7738.0,MutNovel,"E583K,0.213"
X-5696,ZNF192,7745.0,MutNovel,"E220K,0.243"
X-5696,ZNF197,10168.0,MutNovel,"V587I,0.213"
X-5696,ZNF200,7752.0,MutNovel,"V97I,0.371"
X-5696,ZNF205,7755.0,MutNovel,"A465T,0.250"
X-5696,ZNF207,7756.0,MutNovel,"P405S,0.228"
X-5696,ZNF213,7760.0,MutNovel,"E29K,0.275"
X-5696,ZNF219,51222.0,MutNovel,"P88S,0.241"
X-5696,ZNF226,7769.0,MutNovel,"T9I,0.230"
X-5696,ZNF226,7769.0,MutNovel,"P642S,0.292"
X-5696,ZNF227,7770.0,MutNovel,"L563F,0.456"
X-5696,ZNF23,7571.0,MutNovel,"E165K,0.259"
X-5696,ZNF235,9310.0,MutNovel,"G76D,0.455"
X-5696,ZNF250,58500.0,MutNovel,"V556M,0.206"
X-5696,ZNF251,90987.0,MutNovel,"E206K,0.308"
X-5696,ZNF264,9422.0,MutNovel,"V228I,0.306"
X-5696,ZNF268,10795.0,MutNovel,"G172D,0.697"
X-5696,ZNF274,10782.0,MutNovel,"G374R,0.207"
X-5696,ZNF281,23528.0,MutNovel,"H688Y,0.221"
X-5696,ZNF283,284349.0,MutKnownFunctional,"Q366*,0.400"
X-5696,ZNF292,23036.0,MutNovel,"P1264L,0.456"
X-5696,ZNF292,23036.0,MutNovel,"A2137V,0.395"
X-5696,ZNF295,49854.0,MutNovel,"P318L,0.260"
X-5696,ZNF302,55900.0,MutNovel,"V4M,0.205"
X-5696,ZNF302,55900.0,MutNovel,"S214L,0.370"
X-5696,ZNF304,57343.0,MutNovel,"A152T,0.303"
X-5696,ZNF304,57343.0,MutNovel,"S515N,0.312"
X-5696,ZNF311,282890.0,MutNovel,"R462K,0.208"
X-5696,ZNF311,282890.0,MutNovel,"S314N,0.350"
X-5696,ZNF319,57567.0,MutNovel,"L529F,0.280"
X-5696,ZNF319,57567.0,MutNovel,"P201L,0.279"
X-5696,ZNF324,25799.0,MutKnownFunctional,"Q238*,0.375"
X-5696,ZNF324,25799.0,MutNovel,"R330W,1.000"
X-5696,ZNF324,25799.0,MutNovel,"G449S,0.304"
X-5696,ZNF324,25799.0,MutNovel,"D457N,0.542"
X-5696,ZNF329,79673.0,MutNovel,"T226I,0.244"
X-5696,ZNF330,27309.0,MutNovel,"R9K,0.286"
X-5696,ZNF331,55422.0,MutNovel,"S147N,0.326"
X-5696,ZNF334,55713.0,MutNovel,"G373E,0.618"
X-5696,ZNF341,84905.0,MutNovel,"P96S,0.400"
X-5696,ZNF341,84905.0,MutNovel,"P226S,0.667"
X-5696,ZNF341,84905.0,MutNovel,"P412S,0.438"
X-5696,ZNF341,84905.0,MutNovel,"A689V,0.222"
X-5696,ZNF341,84905.0,MutNovel,"G700S,0.286"
X-5696,ZNF35,7584.0,MutNovel,"P501S,0.333"
X-5696,ZNF354A,6940.0,MutNovel,"L509F,0.706"
X-5696,ZNF358,140467.0,MutNovel,"S91N,0.286"
X-5696,ZNF367,195828.0,MutNovel,"G88E,0.471"
X-5696,ZNF384,171017.0,MutNovel,"QQ514Q,1.000"
X-5696,ZNF397,84307.0,MutNovel,"S465N,0.486"
X-5696,ZNF398,57541.0,MutNovel,"G461D,0.262"
X-5696,ZNF407,55628.0,MutNovel,"A1825V,0.812"
X-5696,ZNF410,57862.0,MutNovel,"H459Y,0.270"
X-5696,ZNF416,55659.0,MutNovel,"G87E,0.261"
X-5696,ZNF417,147687.0,MutNovel,"G516E,0.205"
X-5696,ZNF417,147687.0,MutKnownFunctional,"-79,0.458"
X-5696,ZNF429,353088.0,MutNovel,"P3S,0.364"
X-5696,ZNF436,80818.0,MutNovel,"S258N,0.229"
X-5696,ZNF44,51710.0,MutNovel,"S649N,0.500"
X-5696,ZNF441,126068.0,MutNovel,"A5T,0.262"
X-5696,ZNF442,79973.0,MutKnownFunctional,"Q203*,0.400"
X-5696,ZNF444,55311.0,MutNovel,"T118M,0.270"
X-5696,ZNF445,353274.0,MutNovel,"G456E,0.367"
X-5696,ZNF446,55663.0,MutNovel,"G253E,0.364"
X-5696,ZNF446,55663.0,MutNovel,"V449I,0.278"
X-5696,ZNF449,203523.0,MutNovel,"A130V,0.571"
X-5696,ZNF462,58499.0,MutNovel,"T694I,0.222"
X-5696,ZNF473,25888.0,MutNovel,"E91K,0.250"
X-5696,ZNF473,25888.0,MutNovel,"T355I,0.559"
X-5696,ZNF473,25888.0,MutNovel,"A483T,0.475"
X-5696,ZNF48,197407.0,MutNovel,"P399S,0.639"
X-5696,ZNF480,147657.0,MutNovel,"R10K,0.253"
X-5696,ZNF496,84838.0,MutNovel,"A538T,0.564"
X-5696,ZNF496,84838.0,MutKnownFunctional,"W417*,0.311"
X-5696,ZNF507,22847.0,MutNovel,"P723L,0.560"
X-5696,ZNF507,22847.0,MutNovel,"G876S,0.214"
X-5696,ZNF510,22869.0,MutNovel,"P65S,0.385"
X-5696,ZNF512,84450.0,MutNovel,"A218T,0.385"
X-5696,ZNF512B,57473.0,MutNovel,"P427S,0.289"
X-5696,ZNF519,162655.0,MutNovel,"C493Y,0.583"
X-5696,ZNF528,84436.0,MutNovel,"S18F,0.447"
X-5696,ZNF544,27300.0,MutNovel,"T306I,1.000"
X-5696,ZNF546,339327.0,MutKnownFunctional,"W74*,0.500"
X-5696,ZNF548,147694.0,MutNovel,"G299E,0.295"
X-5696,ZNF550,162972.0,MutNovel,"A282T,0.280"
X-5696,ZNF550,162972.0,MutNovel,"T76I,0.265"
X-5696,ZNF562,54811.0,MutNovel,"P189S,0.212"
X-5696,ZNF562,54811.0,MutKnownFunctional,"Q173*,0.265"
X-5696,ZNF564,163050.0,MutNovel,"G70R,0.224"
X-5696,ZNF570,148268.0,MutNovel,"A318T,0.421"
X-5696,ZNF572,137209.0,MutKnownFunctional,"W507*,0.333"
X-5696,ZNF575,284346.0,MutNovel,"P97L,0.857"
X-5696,ZNF575,284346.0,MutNovel,"S207N,0.344"
X-5696,ZNF579,163033.0,MutNovel,"E190K,0.230"
X-5696,ZNF579,163033.0,MutNovel,"P6L,0.261"
X-5696,ZNF587,84914.0,MutKnownFunctional,"-79,0.714"
X-5696,ZNF592,9640.0,MutNovel,"E193K,0.261"
X-5696,ZNF592,9640.0,MutNovel,"A1191T,0.250"
X-5696,ZNF597,146434.0,MutNovel,"P340L,0.529"
X-5696,ZNF598,90850.0,MutNovel,"A674T,0.316"
X-5696,ZNF611,81856.0,MutNovel,"T602I,0.538"
X-5696,ZNF618,114991.0,MutNovel,"E378K,0.352"
X-5696,ZNF621,285268.0,MutNovel,"E102K,0.224"
X-5696,ZNF621,285268.0,MutNovel,"C156Y,0.234"
X-5696,ZNF624,57547.0,MutNovel,"T383I,0.222"
X-5696,ZNF628,89887.0,MutNovel,"P151S,0.529"
X-5696,ZNF629,23361.0,MutNovel,"G702S,0.237"
X-5696,ZNF638,27332.0,MutNovel,"G46E,0.245"
X-5696,ZNF638,27332.0,MutNovel,"K1237R,0.515"
X-5696,ZNF639,51193.0,MutKnownFunctional,"Q82*,0.344"
X-5696,ZNF644,84146.0,MutNovel,"V614I,0.346"
X-5696,ZNF644,84146.0,MutNovel,"E397K,0.238"
X-5696,ZNF646,9726.0,MutNovel,"A289V,0.364"
X-5696,ZNF646,9726.0,MutNovel,"R871K,0.233"
X-5696,ZNF646,9726.0,MutNovel,"S972N,0.247"
X-5696,ZNF646,9726.0,MutNovel,"L1416I,0.582"
X-5696,ZNF648,127665.0,MutNovel,"A484V,0.500"
X-5696,ZNF658,26149.0,MutNovel,"L869F,0.250"
X-5696,ZNF664,144348.0,MutNovel,"D230N,0.503"
X-5696,ZNF692,55657.0,MutNovel,"A176V,0.207"
X-5696,ZNF697,90874.0,MutNovel,"A253V,0.310"
X-5696,ZNF7,7553.0,MutNovel,"G330E,0.249"
X-5696,ZNF704,619279.0,MutNovel,"R409K,0.275"
X-5696,ZNF704,619279.0,MutNovel,"G113E,0.205"
X-5696,ZNF710,374655.0,MutNovel,"T262I,0.474"
X-5696,ZNF726,730087.0,MutNovel,"T495I,1.000"
X-5696,ZNF736,728927.0,MutNovel,"L356F,0.625"
X-5696,ZNF74,7625.0,MutNovel,"S637F,0.405"
X-5696,ZNF75A,7627.0,MutNovel,"P107S,0.381"
X-5696,ZNF761,388561.0,MutNovel,"G6D,0.222"
X-5696,ZNF768,79724.0,MutNovel,"V293I,0.255"
X-5696,ZNF771,51333.0,MutNovel,"V36M,0.217"
X-5696,ZNF771,51333.0,MutNovel,"G97E,0.250"
X-5696,ZNF773,374928.0,MutKnownFunctional,"W78*,0.226"
X-5696,ZNF776,284309.0,MutNovel,"L77F,0.276"
X-5696,ZNF780B,163131.0,MutNovel,"G329D,0.290"
X-5696,ZNF782,158431.0,MutNovel,"R600K,0.571"
X-5696,ZNF786,136051.0,MutNovel,"G108E,0.378"
X-5696,ZNF789,285989.0,MutKnownFunctional,"K376*,0.208"
X-5696,ZNF790,388536.0,MutNovel,"R447K,0.500"
X-5696,ZNF792,126375.0,MutNovel,"C405Y,0.263"
X-5696,ZNF8,7554.0,MutNovel,"R428H,0.240"
X-5696,ZNF808,388558.0,MutNovel,"V683I,0.857"
X-5696,ZNF827,152485.0,MutNovel,"P1059L,0.403"
X-5696,ZNF83,55769.0,MutNovel,"H503Y,0.462"
X-5696,ZNF830,91603.0,MutNovel,"E244K,0.308"
X-5696,ZNF839,55778.0,MutNovel,"A871T,0.415"
X-5696,ZNF85,7639.0,MutNovel,"C78Y,0.500"
X-5696,ZNF852,,MutNovel,"V456I,0.312"
X-5696,ZNF853,54753.0,MutKnownFunctional,"Q271*,0.522"
X-5696,ZNF853,54753.0,MutNovel,"A651V,0.364"
X-5696,ZNF862,643641.0,MutNovel,"P374L,0.410"
X-5696,ZNF91,7644.0,MutNovel,"S1062F,0.273"
X-5696,ZNF92,168374.0,MutNovel,"G403D,0.226"
X-5696,ZNHIT2,741.0,MutNovel,"P280S,0.280"
X-5696,ZP3,7784.0,MutNovel,"C282Y,0.333"
X-5696,ZRANB1,54764.0,MutNovel,"D69N,0.423"
X-5696,ZRANB1,54764.0,MutNovel,"R356Q,0.475"
X-5696,ZRANB3,84083.0,MutNovel,"P761L,0.481"
X-5696,ZSCAN2,54993.0,MutNovel,"G218E,0.219"
X-5696,ZSCAN20,7579.0,MutNovel,"H351Y,0.769"
X-5696,ZSCAN20,7579.0,MutNovel,"A366T,0.250"
X-5696,ZSCAN21,7589.0,MutNovel,"V21M,0.221"
X-5696,ZSCAN29,146050.0,MutNovel,"H784Y,0.240"
X-5696,ZSCAN29,146050.0,MutNovel,"P395S,0.342"
X-5696,ZSCAN29,146050.0,MutNovel,"V278M,0.245"
X-5696,ZSWIM3,140831.0,MutNovel,"V54M,0.276"
X-5696,ZSWIM3,140831.0,MutNovel,"V239M,0.405"
X-5696,ZSWIM3,140831.0,MutNovel,"S326F,0.500"
X-5696,ZSWIM4,65249.0,MutNovel,"A449T,0.296"
X-5696,ZUFSP,221302.0,MutNovel,"V429I,0.495"
X-5696,ZUFSP,221302.0,MutNovel,"T140I,0.500"
X-5696,ZW10,9183.0,MutNovel,"A670V,0.615"
X-5696,ZW10,9183.0,MutNovel,"A118T,0.246"
X-5696,ZWILCH,55055.0,MutNovel,"S230F,0.209"
X-5696,ZXDC,79364.0,MutNovel,"P278H,0.421"
X-5696,ZYG11B,79699.0,MutNovel,"L110F,0.381"
X-5696,ZZEF1,23140.0,MutNovel,"L743F,0.550"
X-5696,ZZEF1,23140.0,MutNovel,"P45L,0.800"
X-5713,AASDH,132949.0,Amp8,8.94
X-5713,AATK,9625.0,MutNovel,"P1052S,0.380"
X-5713,ABCA11P,79963.0,Amp5,7.11
X-5713,ABCA2,20.0,MutNovel,"G2139R,0.794"
X-5713,ABCA3,21.0,MutNovel,"P1636A,0.636"
X-5713,ABCB7,22.0,Amp5,6.5
X-5713,ABHD14B,84836.0,MutNovel,"A26V,0.445"
X-5713,ABHD8,79575.0,Amp5,5.7
X-5713,ABLIM2,84448.0,Amp5,5.94
X-5713,ACOX3,8310.0,Amp5,5.94
X-5713,ACTN4,81.0,Amp5,6.77
X-5713,ACTR8,93973.0,Amp5,6.06
X-5713,ACTRT2,140625.0,Amp8,14.52
X-5713,ADD1,118.0,Amp5,7.11
X-5713,ADRA2C,152.0,Amp5,7.11
X-5713,ADTRP,,MutNovel,"I61N,1.000"
X-5713,AFAP1,60312.0,Amp5,5.94
X-5713,AFAP1-AS1,84740.0,Amp5,5.94
X-5713,AGAP2,116986.0,Amp8,12.3
X-5713,AGGF1,55109.0,Amp5,6.41
X-5713,AHNAK2,113146.0,MutNovel,"E2706K,0.667"
X-5713,AHRR,57491.0,Amp5,6.59
X-5713,ALOX12,239.0,MutNovel,"R98C,0.321"
X-5713,AMELY,266.0,Del0.8,0.29
X-5713,AMN1,196394.0,Amp5,7.01
X-5713,ANAPC4,29945.0,Amp8,8.34
X-5713,ANKLE1,126549.0,Amp5,5.7
X-5713,ANKRD36,375248.0,MutNovel,"T998S,0.222"
X-5713,ANKRD5,63926.0,Amp5,5.17
X-5713,ANO1,55107.0,Amp5,5.9
X-5713,ANO8,57719.0,Amp5,5.7
X-5713,APPL1,26060.0,Amp5,7.41
X-5713,ARHGAP11B,89839.0,Del0.8,0.77
X-5713,ARHGEF16,27237.0,Amp8,17.51
X-5713,ARHGEF19,128272.0,Amp5,6.06
X-5713,ARHGEF3,50650.0,Amp5,7.06
X-5713,ARL9,132946.0,Amp8,16.22
X-5713,ARMC6,93436.0,Amp5,6.45
X-5713,ASB14,142686.0,Amp5,7.41
X-5713,ATAD3A,55210.0,MutNovel,"A264S,0.373"
X-5713,ATP13A1,57130.0,Amp5,5.13
X-5713,ATP5I,521.0,Amp5,7.11
X-5713,ATP5S,27109.0,Amp8,24.76
X-5713,ATP8A1,10396.0,Amp5,6.77
X-5713,ATR,545.0,MutNovel,"V2125F,1.000"
X-5713,AVIL,10677.0,Amp8,12.3
X-5713,B3GALT6,126792.0,MutNovel,"T18M,0.810"
X-5713,B3GNT3,10331.0,Amp5,5.7
X-5713,BABAM1,29086.0,Amp5,5.7
X-5713,BANF2,140836.0,Amp5,5.17
X-5713,BBS10,79738.0,Del0.8,0.61
X-5713,BCORP1,286554.0,Del0.8,0.29
X-5713,BDP1,55814.0,MutNovel,"E2553K,0.241"
X-5713,BEND4,389206.0,Amp5,5.5
X-5713,BEST3,144453.0,Amp8,8.69
X-5713,BFSP1,631.0,Amp5,5.17
X-5713,BIK,638.0,MutNovel,"P149A,1.000"
X-5713,BIN1,274.0,Amp8,10.7
X-5713,BPY2B,442867.0,Del0.8,0.18
X-5713,BPY2B,442867.0,Del0.8,0.18
X-5713,BRD9,65980.0,Amp8,8.17
X-5713,BRWD3,254065.0,Amp5,5.13
X-5713,BST1,683.0,Amp5,5.62
X-5713,BST2,684.0,Amp5,5.7
X-5713,BTBD3,22903.0,Amp5,5.17
X-5713,C11orf35,256329.0,MutNovel,"V339A,0.797"
X-5713,C11orf82,220042.0,MutNovel,"H91Y,0.895"
X-5713,C14orf183,196913.0,Amp8,37.27
X-5713,C19orf12,83636.0,Amp5,7.06
X-5713,C19orf33,64073.0,Amp5,5.24
X-5713,C19orf42,79086.0,Amp5,5.7
X-5713,C19orf60,55049.0,Amp5,6.45
X-5713,C1QTNF7,114905.0,Amp5,5.62
X-5713,C1orf144,26099.0,Amp5,6.06
X-5713,C1orf174,339448.0,Amp8,9.51
X-5713,C1orf68,100129271.0,Amp5,5.31
X-5713,C20orf26,26074.0,Amp5,5.17
X-5713,C20orf72,92667.0,Amp5,5.17
X-5713,C20orf79,140856.0,Amp5,5.17
X-5713,C20orf94,128710.0,Amp5,5.17
X-5713,C21orf58,54058.0,MutNovel,"H299PN,0.382"
X-5713,C2orf27A,29798.0,MutNovel,"R19L,1.000"
X-5713,C2orf88,84281.0,Amp5,5.13
X-5713,C4orf48,401115.0,Amp5,7.11
X-5713,C4orf52,389203.0,Amp5,6.87
X-5713,C4orf6,10141.0,Amp5,6.32
X-5713,C5orf52,100190949.0,Amp5,5.94
X-5713,C5orf55,116349.0,Amp5,6.59
X-5713,CACNA1D,776.0,Amp5,5.46
X-5713,CACNA2D3,55799.0,Amp8,8.34
X-5713,CADM2,253559.0,Amp8,12.64
X-5713,CAMSAP3,57662.0,MutNovel,"Q186K,1.000"
X-5713,CAND1,55832.0,Amp8,11.55
X-5713,CANX,821.0,MutNovel,"V368I,0.492"
X-5713,CAPN1,823.0,MutNovel,"A381T,0.776"
X-5713,CAPN12,147968.0,Amp5,6.77
X-5713,CAPRIN2,65981.0,Amp5,5.74
X-5713,CAPS2,84698.0,Del0.8,0.61
X-5713,CASP14,23581.0,Amp5,5.31
X-5713,CATSPERG,57828.0,Amp5,5.24
X-5713,CBL,867.0,MutNovel,"I831M,0.656"
X-5713,CBL,867.0,MutNovel,"P846T,0.662"
X-5713,CC2D2A,57545.0,Amp5,5.62
X-5713,CCDC105,126402.0,Amp5,5.31
X-5713,CCDC124,115098.0,Amp5,5.7
X-5713,CCDC149,91050.0,Amp5,6.96
X-5713,CCDC27,148870.0,Amp8,9.51
X-5713,CCDC66,285331.0,Amp5,7.89
X-5713,CCDC96,257236.0,Amp5,5.94
X-5713,CCKAR,886.0,Amp5,5.74
X-5713,CCL3L1,6349.0,Del0.8,0.75
X-5713,CCL3L3,414062.0,Del0.8,0.75
X-5713,CCL4L1,9560.0,Del0.8,0.75
X-5713,CCND1,595.0,Amp5,6.73
X-5713,CCNE1,898.0,Amp5,7.06
X-5713,CCT2,10576.0,Amp8,8.69
X-5713,CD38,952.0,Amp5,5.62
X-5713,CD46,4179.0,MutNovel,"A353V,1.000"
X-5713,CD93,22918.0,Amp5,5.17
X-5713,CDC42EP1,11135.0,MutNovel,"PAPAANPS253P,0.947"
X-5713,CDK4,1019.0,Amp8,12.3
X-5713,CDKL1,8814.0,Amp8,16.45
X-5713,CDKN1C,1028.0,MutNovel,"APVAV171V,1.000"
X-5713,CDY1B,253175.0,Del0.8,0.18
X-5713,CDY1B,253175.0,Del0.8,0.18
X-5713,CDY2A,9426.0,Del0.8,0.17
X-5713,CDY2A,9426.0,Del0.8,0.17
X-5713,CDY2B,203611.0,Del0.8,0.17
X-5713,CDY2B,203611.0,Del0.8,0.17
X-5713,CEACAM3,1084.0,MutNovel,"H61Q,1.000"
X-5713,CEP104,9731.0,Amp8,9.51
X-5713,CEP135,9662.0,Amp8,8.94
X-5713,CEP72,55722.0,Amp5,6.59
X-5713,CERS1,10715.0,Amp5,6.45
X-5713,CHD9,80205.0,MutKnownFunctional,"-514?,0.263"
X-5713,CHDH,55349.0,Amp5,6.06
X-5713,CHIC2,26511.0,Amp5,6.45
X-5713,CHMP2B,25978.0,Amp5,5.9
X-5713,CHRNA3,1136.0,MutNovel,"Y215C,0.667"
X-5713,CHST7,56548.0,Amp5,7.57
X-5713,CILP2,148113.0,Amp5,5.13
X-5713,CLEC14A,161198.0,Amp8,33.13
X-5713,CLINT1,9685.0,Amp8,24.42
X-5713,CLNK,116449.0,Amp5,6.45
X-5713,CLOCK,9575.0,Amp5,7.41
X-5713,CLPTM1L,81037.0,Amp8,14.83
X-5713,CLRN2,645104.0,Amp5,5.62
X-5713,CNO,55330.0,Amp5,5.94
X-5713,CNOT1,23019.0,MutKnownFunctional,"-1543?,0.368"
X-5713,CNOT2,4848.0,Amp8,8.69
X-5713,CNTN1,1272.0,Amp8,14.52
X-5713,CNTN6,27255.0,Amp5,6.77
X-5713,CNTNAP5,129684.0,Amp8,10.34
X-5713,COMP,1311.0,Amp5,6.45
X-5713,COPE,11316.0,Amp5,6.45
X-5713,CPAMD8,27151.0,Amp5,5.7
X-5713,CPEB2,132864.0,Amp5,5.62
X-5713,CPLX1,10815.0,Amp5,7.11
X-5713,CPM,1368.0,Amp5,5.17
X-5713,CPSF6,11052.0,Amp5,6.82
X-5713,CPT1A,1374.0,Amp8,8.4
X-5713,CPZ,8532.0,Amp5,5.94
X-5713,CRHBP,1393.0,Amp8,23.43
X-5713,CRIPAK,285464.0,Amp5,7.11
X-5713,CRLF1,9244.0,MutNovel,"LL25L,0.500"
X-5713,CRLF1,9244.0,Amp5,6.45
X-5713,CRMP1,1400.0,Amp5,6.32
X-5713,CRNKL1,51340.0,Amp5,5.17
X-5713,CROCCP3,114819.0,Amp5,6.06
X-5713,CRTC1,23373.0,Amp5,6.45
X-5713,CSPG4P1Y,114758.0,Del0.8,0.18
X-5713,CSPG4P1Y,114758.0,Del0.8,0.18
X-5713,CSRP2,1466.0,Del0.8,0.61
X-5713,CSRP2BP,57325.0,Amp5,5.17
X-5713,CST1,1469.0,Amp5,5.17
X-5713,CST11,140880.0,Amp5,5.17
X-5713,CST2,1470.0,Amp5,5.17
X-5713,CST3,1471.0,Amp5,5.17
X-5713,CST4,1472.0,Amp5,5.17
X-5713,CST5,1473.0,Amp5,5.17
X-5713,CST8,10047.0,Amp5,5.17
X-5713,CST9,128822.0,Amp5,5.17
X-5713,CST9L,128821.0,Amp5,5.17
X-5713,CSTL1,128817.0,Amp5,5.17
X-5713,CSTT,164380.0,Amp5,5.17
X-5713,CTBP1,1487.0,Amp5,7.11
X-5713,CTDSP2,10106.0,Amp8,10.2
X-5713,CTSA,5476.0,MutNovel,"L29-,1.000"
X-5713,CTTN,2017.0,Amp8,8.57
X-5713,CYB5R1,51706.0,MutNovel,"P269S,0.444"
X-5713,CYP27B1,1594.0,Amp8,12.3
X-5713,CYTL1,54360.0,Amp5,7.73
X-5713,D4S234E,27065.0,Amp5,7.73
X-5713,DAZ1,1617.0,Del0.8,0.18
X-5713,DAZ2,57055.0,Del0.8,0.18
X-5713,DAZ3,57054.0,Del0.8,0.18
X-5713,DAZ3,57054.0,Del0.8,0.18
X-5713,DAZ4,57135.0,Del0.8,0.18
X-5713,DAZ4,57135.0,Del0.8,0.18
X-5713,DCAF16,54876.0,Amp5,5.62
X-5713,DCAF4L1,285429.0,Amp5,5.5
X-5713,DCP1A,55802.0,Amp8,9.78
X-5713,DCUN1D4,23142.0,Amp8,8.28
X-5713,DDA1,79016.0,Amp5,5.7
X-5713,DDX11,1663.0,Amp5,5.74
X-5713,DDX3Y,8653.0,Del0.8,0.29
X-5713,DDX49,54555.0,Amp5,6.45
X-5713,DEFB131,644414.0,Amp5,5.31
X-5713,DENND5B,160518.0,Amp5,7.01
X-5713,DFFB,1677.0,Amp8,9.51
X-5713,DGKQ,1609.0,Amp5,7.11
X-5713,DHRS4L2,317749.0,MutNovel,"S7G,0.250"
X-5713,DNM1L,10059.0,MutNovel,"T357I,0.485"
X-5713,DOK7,285489.0,Amp5,7.11
X-5713,DRD1,1812.0,Amp8,8.28
X-5713,DRD5,1816.0,Amp5,5.31
X-5713,DSTN,11034.0,Amp5,5.17
X-5713,DTD1,92675.0,Amp5,5.17
X-5713,DYRK2,8445.0,Amp8,15.89
X-5713,DZANK1,55184.0,Amp5,5.17
X-5713,DZANK1-AS1,440757.0,Amp5,5.17
X-5713,E2F7,144455.0,Del0.8,0.61
X-5713,EIF1AY,9086.0,Del0.8,0.29
X-5713,EIF3K,27335.0,Amp5,6.77
X-5713,ELL,8178.0,Amp5,6.45
X-5713,EMR3,84658.0,MutNovel,"A425D,1.000"
X-5713,ERC2,26059.0,Amp5,7.89
X-5713,ERVMER34-1,100288413.0,Amp8,10.85
X-5713,ESF1,51575.0,Amp5,5.17
X-5713,ESRG,790952.0,Amp5,7.52
X-5713,EVC,2121.0,Amp5,6.32
X-5713,EVC2,132884.0,Amp5,6.32
X-5713,EXOC1,55763.0,Amp8,8.94
X-5713,EXOC3,11336.0,Amp5,6.59
X-5713,F2R,2149.0,Amp8,23.43
X-5713,F2RL1,2150.0,Amp8,23.43
X-5713,F2RL2,2151.0,Amp5,7.16
X-5713,F2RL3,9002.0,Amp5,5.7
X-5713,FADD,8772.0,Amp5,5.13
X-5713,FAM120C,54954.0,MutNovel,"P110RRP,1.000"
X-5713,FAM125A,93343.0,Amp5,5.7
X-5713,FAM129C,199786.0,Amp5,5.7
X-5713,FAM184B,27146.0,Amp5,5.62
X-5713,FAM186A,121006.0,MutNovel,"Q1391H,1.000"
X-5713,FAM193A,8603.0,Amp5,7.11
X-5713,FAM197Y2P,252946.0,Del0.8,0.29
X-5713,FAM200B,285550.0,Amp5,5.62
X-5713,FAM203B,,MutNovel,"L363G,1.000"
X-5713,FAM208A,23272.0,Amp5,7.89
X-5713,FAM213B,127281.0,Amp5,5.5
X-5713,FAM21A,387680.0,Del0.8,0.68
X-5713,FAM41AY1,340618.0,Del0.8,0.17
X-5713,FAM41AY1,340618.0,Del0.8,0.17
X-5713,FAM46D,169966.0,Amp5,5.13
X-5713,FAM53A,152877.0,Amp5,7.11
X-5713,FAM5C,339479.0,Amp8,13.93
X-5713,FAM60A,58516.0,Amp5,7.01
X-5713,FAM86EP,348926.0,Amp5,7.11
X-5713,FAM98C,147965.0,Amp5,5.24
X-5713,FAN1,22909.0,Del0.8,0.77
X-5713,FBN1,2200.0,Del0.8,0.71
X-5713,FBXL12,54850.0,MutNovel,"V21I,1.000"
X-5713,FBXL17,64839.0,Amp5,7.16
X-5713,FBXL5,26234.0,Amp5,5.62
X-5713,FBXO42,54455.0,Amp5,6.06
X-5713,FCHO1,23149.0,Amp5,5.7
X-5713,FER,2241.0,Amp8,31.34
X-5713,FGF19,9965.0,Amp5,6.73
X-5713,FGF3,2248.0,Amp5,6.73
X-5713,FGF4,2249.0,Amp5,6.73
X-5713,FGFBP1,9982.0,Amp5,5.62
X-5713,FGFBP2,83888.0,Amp5,5.62
X-5713,FGFR3,2261.0,Amp5,7.11
X-5713,FGFRL1,53834.0,Amp5,7.11
X-5713,FIP1L1,81608.0,Amp5,7.31
X-5713,FKBP8,23770.0,Amp5,6.45
X-5713,FLJ13224,79857.0,Amp5,7.01
X-5713,FLJ35424,285492.0,Amp5,7.11
X-5713,FLJ36777,730971.0,Amp5,5.94
X-5713,FLJ39653,202020.0,Amp5,5.62
X-5713,FLJ42875,440556.0,Amp8,14.52
X-5713,FLRT1,23769.0,Amp5,5.06
X-5713,FLRT3,23767.0,Amp5,5.17
X-5713,FLYWCH1,84256.0,MutNovel,"G515D,0.680"
X-5713,FOXA2,3170.0,Amp5,5.17
X-5713,FOXD4L1,200350.0,MutNovel,"G139D,0.750"
X-5713,FRS2,10818.0,Amp8,8.69
X-5713,FTX,100302692.0,Amp5,5.62
X-5713,GABRG3,2567.0,Del0.8,0.54
X-5713,GAK,2580.0,Amp5,7.11
X-5713,GALNT11,63917.0,MutNovel,"R222C,0.821"
X-5713,GATAD2A,54815.0,Amp5,5.13
X-5713,GCH1,2643.0,Amp8,71.51
X-5713,GDF1,2657.0,Amp5,6.45
X-5713,GEN1,348654.0,MutNovel,"Y857C,1.000"
X-5713,GGN,199720.0,Amp5,5.24
X-5713,GGTLC1,92086.0,Amp5,5.17
X-5713,GLB1,2720.0,MutNovel,"R201H,0.516"
X-5713,GLE1,2733.0,MutNovel,"R670H,0.248"
X-5713,GLIPR1,11010.0,Del0.8,0.61
X-5713,GLIPR1L1,256710.0,Del0.8,0.61
X-5713,GLIPR1L2,144321.0,Del0.8,0.48
X-5713,GLT25D1,79709.0,Amp5,5.7
X-5713,GMIP,51291.0,Amp5,5.13
X-5713,GOLGA2P2Y,84559.0,Del0.8,0.18
X-5713,GOLGA2P2Y,84559.0,Del0.8,0.18
X-5713,GPNMB,10457.0,MutNovel,"R218P,0.324"
X-5713,GPR156,165829.0,Amp5,5.03
X-5713,GPR161,23432.0,MutKnownFunctional,"-18?,0.412"
X-5713,GPR78,27201.0,Amp5,5.94
X-5713,GRK4,2868.0,Amp5,7.11
X-5713,GRM2,2912.0,MutNovel,"R276W,0.261"
X-5713,GRPEL1,80273.0,Amp5,5.94
X-5713,GRXCR1,389207.0,Amp5,5.24
X-5713,GSK3B,2932.0,Amp5,5.03
X-5713,GSTM1,2944.0,Del0.8,0.77
X-5713,GSX2,170825.0,Amp5,6.45
X-5713,GTPBP3,84705.0,Amp5,5.7
X-5713,GYG2P1,352887.0,Del0.8,0.29
X-5713,GYPC,2995.0,Amp8,10.7
X-5713,GZF1,64412.0,Amp5,5.17
X-5713,H3F3C,440093.0,Amp5,7.01
X-5713,HAPLN4,404037.0,Amp5,5.13
X-5713,HAUS3,79441.0,Amp5,7.11
X-5713,HAUS8,93323.0,Amp5,5.7
X-5713,HCN2,610.0,MutNovel,"R76H,1.000"
X-5713,HESX1,8820.0,Amp5,7.41
X-5713,HEY1,23462.0,MutNovel,"K253T,0.435"
X-5713,HGFAC,3083.0,Amp5,7.11
X-5713,HIBCH,26275.0,Amp5,5.98
X-5713,HIRA,7290.0,MutNovel,"V906M,0.831"
X-5713,HLA-G,3135.0,MutNovel,"F219S,0.857"
X-5713,HMX1,3166.0,Amp5,5.94
X-5713,HOMER3,9454.0,Amp5,6.45
X-5713,HOPX,84525.0,Amp8,8.4
X-5713,HOXA13,3209.0,MutNovel,"P166T,1.000"
X-5713,HS3ST1,9957.0,Amp5,5.54
X-5713,HS6ST1,9394.0,Amp8,10.48
X-5713,HSFY2,159119.0,Del0.8,0.17
X-5713,HSFY2,159119.0,Del0.8,0.17
X-5713,HSPC072,29075.0,Amp5,5.17
X-5713,HTRA3,94031.0,Amp5,5.94
X-5713,HTT,3064.0,Amp5,7.11
X-5713,HTT-AS1,100750326.0,Amp5,7.11
X-5713,ICA1,3382.0,MutNovel,"D206E,0.328"
X-5713,IDUA,3425.0,Amp5,7.11
X-5713,IFIT1B,439996.0,MutNovel,"V104M,1.000"
X-5713,IFNG,3458.0,Amp8,9.19
X-5713,IGFBP7,3490.0,Amp5,6.77
X-5713,IGHMBP2,3508.0,Amp5,6.73
X-5713,IL17RB,55540.0,Amp5,6.06
X-5713,IL17RD,54756.0,Amp5,7.41
X-5713,INPP1,3628.0,Amp5,5.98
X-5713,INSL3,3640.0,Amp5,5.7
X-5713,INSM1,3642.0,Amp5,5.17
X-5713,IPO5,3843.0,Del0.8,0.76
X-5713,IPO8,10526.0,Amp5,5.74
X-5713,IQGAP2,10788.0,Amp8,12.38
X-5713,IRS1,3667.0,MutKnownFunctional,"-597?,0.588"
X-5713,IRS2,8660.0,MutNovel,"N28KT,0.645"
X-5713,ISM1,140862.0,Amp5,5.17
X-5713,ISYNA1,51477.0,Amp5,6.45
X-5713,JAG1,182.0,Amp5,5.17
X-5713,JAK3,3718.0,Amp5,5.7
X-5713,JAKMIP1,152789.0,Amp5,6.32
X-5713,KCNC2,3747.0,Del0.8,0.69
X-5713,KCNIP4,80333.0,Amp5,5.21
X-5713,KCNK6,9424.0,Amp5,5.24
X-5713,KCNMB4,27345.0,Amp8,8.69
X-5713,KDM5D,8284.0,Del0.8,0.29
X-5713,KDR,3791.0,Amp5,7.41
X-5713,KHDRBS2,202559.0,Amp5,5.03
X-5713,KIAA0232,9778.0,Amp5,5.94
X-5713,KIAA1211,57482.0,Amp8,8.94
X-5713,KIAA2022,340533.0,Amp5,6.5
X-5713,KIF16B,55614.0,Amp5,5.17
X-5713,KIF1A,547.0,MutNovel,"Y1426N,0.926"
X-5713,KIF21A,55605.0,MutNovel,"M260I,0.733"
X-5713,KIT,3815.0,Amp5,7.41
X-5713,KLF13,51621.0,Del0.8,0.77
X-5713,KLHL26,55295.0,Amp5,6.45
X-5713,KPRP,448834.0,Amp5,5.31
X-5713,KRR1,11103.0,Del0.8,0.61
X-5713,KRTAP19-3,337970.0,MutNovel,"G43S,0.667"
X-5713,KRTAP5-4,387267.0,Del0.8,0.76
X-5713,KXD1,79036.0,Amp5,6.45
X-5713,L2HGDH,79944.0,Amp8,37.27
X-5713,LAMP5,24141.0,Amp5,5.17
X-5713,LAP3,51056.0,Amp5,5.62
X-5713,LCE1E,353135.0,Amp5,5.31
X-5713,LCE1F,353137.0,Amp5,5.31
X-5713,LCE2A,353139.0,Amp5,5.31
X-5713,LCE2B,26239.0,Amp5,5.31
X-5713,LCE4A,199834.0,Amp5,5.31
X-5713,LCORL,254251.0,Amp5,5.62
X-5713,LDB2,9079.0,Amp5,5.62
X-5713,LETM1,3954.0,Amp5,7.11
X-5713,LGALS7,3963.0,Amp5,6.77
X-5713,LGALS7B,653499.0,Amp5,6.77
X-5713,LGI2,55203.0,Amp5,6.96
X-5713,LGSN,51557.0,Amp5,5.03
X-5713,LIG3,3980.0,MutNovel,"N234S,0.573"
X-5713,LIMCH1,22998.0,Amp5,5.5
X-5713,LINC00261,140828.0,Amp5,5.17
X-5713,LINC00493,388789.0,Amp5,5.17
X-5713,LMOD1,25802.0,MutKnownFunctional,"-111?,0.500"
X-5713,LNX1,84708.0,Amp5,6.45
X-5713,LOC100129917,100129917.0,Amp5,7.11
X-5713,LOC100129931,100129931.0,Amp5,5.94
X-5713,LOC100130264,100130264.0,Amp5,5.17
X-5713,LOC100130776,100130776.0,Amp8,12.3
X-5713,LOC100130872,100130872.0,Amp5,7.11
X-5713,LOC100131208,100131208.0,Amp5,5.17
X-5713,LOC100131320,100131320.0,Amp8,8.06
X-5713,LOC100133445,100133445.0,Amp5,5.5
X-5713,LOC100133461,100133461.0,Amp5,7.11
X-5713,LOC100133612,100133612.0,Amp8,9.51
X-5713,LOC100270679,100270679.0,Amp5,5.17
X-5713,LOC100270804,100270804.0,Amp5,5.17
X-5713,LOC100287314,100287314.0,Amp5,5.74
X-5713,LOC100288332,,MutNovel,"D279V,0.973"
X-5713,LOC100288637,100288637.0,Del0.8,0.77
X-5713,LOC100505536,100505536.0,Amp5,5.17
X-5713,LOC100505795,100505795.0,Amp5,5.28
X-5713,LOC100506688,100506688.0,Amp8,8.17
X-5713,LOC100507161,,MutNovel,"F45L,0.243"
X-5713,LOC100507250,100507250.0,Amp5,5.17
X-5713,LOC100507266,100507266.0,Amp5,7.73
X-5713,LOC115110,115110.0,Amp5,5.5
X-5713,LOC152578,152578.0,Amp8,10.85
X-5713,LOC152742,152742.0,Amp5,5.5
X-5713,LOC200261,200261.0,Amp5,5.17
X-5713,LOC255130,255130.0,Amp5,6.77
X-5713,LOC283710,283710.0,Del0.8,0.77
X-5713,LOC284440,284440.0,Amp5,5.13
X-5713,LOC284788,284788.0,Amp5,5.17
X-5713,LOC285484,285484.0,Amp5,6.32
X-5713,LOC285540,285540.0,Amp5,6.96
X-5713,LOC285547,285547.0,Amp5,5.5
X-5713,LOC285548,285548.0,Amp5,5.5
X-5713,LOC339593,339593.0,Amp5,5.17
X-5713,LOC389033,389033.0,Amp8,8.06
X-5713,LOC401588,401588.0,Amp5,7.57
X-5713,LOC402160,402160.0,Amp5,7.11
X-5713,LOC554223,554223.0,MutNovel,"S187R,0.948"
X-5713,LOC642643,,MutNovel,"E124G,1.000"
X-5713,LOC643669,643669.0,Amp5,6.96
X-5713,LOC644145,644145.0,Amp8,8.94
X-5713,LOC650293,650293.0,Amp5,5.94
X-5713,LOC728716,728716.0,Amp8,9.51
X-5713,LOC93622,93622.0,Amp5,5.94
X-5713,LPAR2,9170.0,Amp5,5.13
X-5713,LPCAT1,79888.0,Amp8,14.83
X-5713,LRIG1,26018.0,Amp8,10.63
X-5713,LRP1,4035.0,MutNovel,"E1255K,0.552"
X-5713,LRP1,4035.0,Amp5,5.58
X-5713,LRPAP1,4043.0,Amp5,7.11
X-5713,LRRC10,376132.0,Amp8,8.69
X-5713,LRRC37A2,474170.0,Del0.8,0.71
X-5713,LRRC37A3,374819.0,MutNovel,"R776H,1.000"
X-5713,LRRC38,126755.0,Amp5,6.87
X-5713,LRRC47,57470.0,Amp8,9.51
X-5713,LRRC58,116064.0,Amp5,5.03
X-5713,LRRC66,339977.0,Amp8,8.28
X-5713,LRTM1,57408.0,Amp5,7.52
X-5713,LSM11,134353.0,Amp5,5.94
X-5713,LSR,51599.0,MutNovel,"G518GR,1.000"
X-5713,LYAR,55646.0,Amp5,7.73
X-5713,LYZ,4069.0,Amp8,8.69
X-5713,MACROD2,140733.0,Amp5,5.17
X-5713,MACROD2-AS1,100379174.0,Amp5,5.17
X-5713,MADCAM1,8174.0,MutNovel,"P262Q,0.500"
X-5713,MAEA,10296.0,Amp5,7.11
X-5713,MAGI1,9223.0,Amp5,5.98
X-5713,MAN2B2,23324.0,Amp5,5.94
X-5713,MAP1S,55201.0,Amp5,5.7
X-5713,MAP3K4,4216.0,MutNovel,"PA1189P,1.000"
X-5713,MAP4K1,11184.0,Amp5,6.77
X-5713,MAPK8IP3,23162.0,MutNovel,"G958R,0.631"
X-5713,2014-03-09 00:00:00,92979.0,Amp8,12.3
X-5713,MAU2,23383.0,Amp5,5.13
X-5713,MBNL2,10150.0,Del0.8,0.74
X-5713,MC1R,4157.0,MutNovel,"L252H,0.371"
X-5713,MDM2,4193.0,Amp5,5.17
X-5713,MDN1,23195.0,MutNovel,"D1986E,0.308"
X-5713,MED28,80306.0,Amp5,5.62
X-5713,MEF2B,100271849.0,Amp5,5.13
X-5713,MEF2BNB,729991.0,Amp5,5.13
X-5713,MEF2BNB-MEF2B,4207.0,Amp5,5.13
X-5713,MEGF6,1953.0,Amp8,17.51
X-5713,METTL1,4234.0,Amp8,12.3
X-5713,METTL20,254013.0,Amp5,7.01
X-5713,METTL21B,25895.0,Amp8,12.3
X-5713,METTL21D,79609.0,Amp8,37.27
X-5713,METTL3,56339.0,Amp8,8.17
X-5713,MFSD10,10227.0,Amp5,7.11
X-5713,MFSD6,54842.0,Amp5,5.98
X-5713,MFSD7,84179.0,Amp5,7.11
X-5713,MIR1279,100302182.0,Amp5,6.82
X-5713,MIR211,406993.0,Del0.8,0.77
X-5713,MIR218-1,407000.0,Amp5,6.15
X-5713,MIR221,407006.0,Amp5,7.57
X-5713,MIR222,407007.0,Amp5,7.57
X-5713,MIR26A2,407016.0,Amp8,12.3
X-5713,MIR3138,100423011.0,Amp5,5.31
X-5713,MIR3192,100422875.0,Amp5,5.17
X-5713,MIR3675,100500876.0,Amp5,5.1
X-5713,MIR3675,100500876.0,Amp8,8.4
X-5713,MIR378D1,100616201.0,Amp5,6.32
X-5713,MIR3913-1,100500903.0,Amp8,8.69
X-5713,MIR3913-2,100500868.0,Amp8,8.69
X-5713,MIR3938,100500875.0,Amp5,7.89
X-5713,MIR4251,100422968.0,Amp8,14.52
X-5713,MIR4274,100422826.0,Amp5,5.94
X-5713,MIR4275,100422937.0,Amp5,7.21
X-5713,MIR4308,100422984.0,Amp8,71.51
X-5713,MIR4449,100616436.0,Amp8,10.85
X-5713,MIR4456,100616381.0,Amp5,6.59
X-5713,MIR4457,100616235.0,Amp8,14.83
X-5713,MIR4635,100616479.0,Amp8,19.56
X-5713,MIR4675,100616383.0,Del0.8,0.78
X-5713,MIR4795,100616161.0,Amp5,5.9
X-5713,MIR4798,100616471.0,Amp5,5.94
X-5713,MIR4800,100616358.0,Amp5,7.11
X-5713,MIR548I2,100302277.0,Amp5,5.31
X-5713,MIR548K,100313770.0,Amp5,5.13
X-5713,MIR551A,693135.0,Amp8,17.51
X-5713,MIR572,693157.0,Amp5,5.54
X-5713,MIR943,100126332.0,Amp5,7.11
X-5713,MKKS,8195.0,Amp5,5.17
X-5713,MMEL1,79258.0,Amp5,5.5
X-5713,MPDZ,8777.0,MutNovel,"D123N,0.345"
X-5713,MPRIP,23164.0,MutNovel,"TS178T,0.255"
X-5713,MRFAP1,93621.0,Amp5,5.94
X-5713,MRFAP1L1,114932.0,Amp5,5.94
X-5713,MRGPRD,116512.0,Amp5,6.73
X-5713,MRGPRF,116535.0,Amp5,6.73
X-5713,MRPL21,219927.0,Amp5,6.73
X-5713,MRPL34,64981.0,Amp5,5.7
X-5713,MST1P9,11223.0,Amp5,5.1
X-5713,MSX1,4487.0,Amp5,7.73
X-5713,MTL5,9633.0,Amp5,7.94
X-5713,MTMR10,54893.0,Del0.8,0.77
X-5713,MTOR,2475.0,MutNovel,"M1701V,0.614"
X-5713,MUC19,,MutNovel,"T4708A,0.875"
X-5713,MUC19,,MutNovel,"S4923N,1.000"
X-5713,MUC19,,MutNovel,"R5216S,1.000"
X-5713,MUC19,,MutKnownFunctional,"W5597*,0.955"
X-5713,MUC19,,MutNovel,"S5660K,1.000"
X-5713,MUC19,,MutNovel,"NR5985KW,0.261"
X-5713,MXD4,10608.0,Amp5,7.11
X-5713,MYEOV,26579.0,Amp5,6.73
X-5713,MYL5,4636.0,Amp5,7.11
X-5713,MYO1A,4640.0,Amp8,8.51
X-5713,MYO9B,4650.0,Amp5,5.7
X-5713,MYOF,26509.0,MutNovel,"Y1163H,1.000"
X-5713,NAA20,51126.0,Amp5,5.17
X-5713,NAB1,4664.0,Amp5,5.98
X-5713,NAB2,4665.0,Amp8,8.51
X-5713,NAP1L1,4673.0,Del0.8,0.61
X-5713,NAPB,63908.0,Amp5,5.17
X-5713,NAT8L,339983.0,Amp5,7.11
X-5713,NAV3,89795.0,Del0.8,0.71
X-5713,NBPF1,55672.0,MutNovel,"R114Q,0.556"
X-5713,NBPF11,200030.0,MutNovel,"D256N,0.368"
X-5713,NBPF12,,MutNovel,"D202N,0.417"
X-5713,NBPF12,,MutNovel,"D440G,0.225"
X-5713,NBPF16,728936.0,MutKnownFunctional,"G665*,0.941"
X-5713,NCAN,1463.0,Amp5,5.13
X-5713,NCAPG,64151.0,Amp5,5.62
X-5713,NCOA3,8202.0,MutNovel,"Q1255-,0.723"
X-5713,NCOR2,9612.0,MutNovel,"G1839GAAA,0.970"
X-5713,NCOR2,9612.0,MutNovel,"-511S,0.880"
X-5713,NCRNA00185,55410.0,Del0.8,0.29
X-5713,NCRUPAR,100302746.0,Amp8,23.43
X-5713,NDUFA13,51079.0,Amp5,5.13
X-5713,NECAP2,55707.0,Amp5,6.06
X-5713,NFKBIB,4793.0,Amp5,6.96
X-5713,NINL,22981.0,MutNovel,"S1214T,0.649"
X-5713,NINL,22981.0,MutNovel,"V418L,0.364"
X-5713,NKD2,85409.0,Amp8,8.17
X-5713,NKX2-2,4821.0,Amp5,5.17
X-5713,NKX2-4,644524.0,Amp5,5.17
X-5713,NKX3-2,579.0,Amp5,5.5
X-5713,NLGN4Y,22829.0,Del0.8,0.29
X-5713,NMU,10874.0,Amp5,7.41
X-5713,NOA1,84273.0,Amp8,8.4
X-5713,NOP14,8602.0,Amp5,7.11
X-5713,NPHP4,261734.0,MutNovel,"Q1392R,0.739"
X-5713,NPIPL3,23117.0,MutNovel,"D1033G,0.778"
X-5713,NR1I2,8856.0,Amp5,5.03
X-5713,NR2C2AP,126382.0,Amp5,5.13
X-5713,NR2F6,2063.0,Amp5,5.7
X-5713,NSFP1,728806.0,Del0.8,0.71
X-5713,NUP107,57122.0,Amp5,5.17
X-5713,NWD1,284434.0,Amp5,5.7
X-5713,NXNL1,115861.0,Amp5,5.7
X-5713,NXT1,29107.0,Amp5,5.17
X-5713,OCEL1,79629.0,Amp5,5.7
X-5713,OGG1,4968.0,MutNovel,"K377R,0.231"
X-5713,OR10G3,26533.0,Amp8,8.17
X-5713,OR7C2,26658.0,Amp5,5.31
X-5713,ORAI1,84876.0,MutNovel,"PP43-,1.000"
X-5713,ORAOV1,220064.0,Amp5,6.73
X-5713,ORC1,4998.0,MutNovel,"R720Q,0.879"
X-5713,OS9,10956.0,Amp8,9.92
X-5713,OSBPL8,114882.0,Del0.8,0.61
X-5713,OTOP1,133060.0,Amp5,7.73
X-5713,OTOR,56914.0,Amp5,5.17
X-5713,OVOL2,58495.0,Amp5,5.17
X-5713,OXGR1,27199.0,Del0.8,0.74
X-5713,PABPC3,5042.0,MutKnownFunctional,"-247GG?,0.667"
X-5713,PACRGL,133015.0,Amp5,6.15
X-5713,PAGE2,203569.0,MutNovel,"P84R,1.000"
X-5713,PAICS,10606.0,Amp8,12.04
X-5713,PAK7,57144.0,Amp5,5.17
X-5713,PAX1,5075.0,Amp5,5.17
X-5713,PBX1,5087.0,Amp5,5.28
X-5713,PBX4,80714.0,Amp5,5.13
X-5713,PCDH11Y,83259.0,Del0.8,0.46
X-5713,PCDHB8,56128.0,MutNovel,"L687F,0.667"
X-5713,PCGF3,10336.0,Amp5,7.11
X-5713,PCSK2,5126.0,Amp5,5.17
X-5713,PDCD6,10016.0,Amp5,6.59
X-5713,PDCL2,132954.0,Amp5,7.41
X-5713,PDE12,201626.0,MutNovel,"E291D,0.472"
X-5713,PDE4C,5143.0,MutNovel,"V312I,0.636"
X-5713,PDE6B,5158.0,Amp5,7.11
X-5713,PDGFRA,5156.0,Amp5,6.45
X-5713,PDPN,10630.0,Amp5,5.94
X-5713,PDZRN3,23024.0,MutNovel,"G239R,1.000"
X-5713,PET117,100303755.0,Amp5,5.17
X-5713,PGLS,25796.0,Amp5,5.7
X-5713,PHLDA1,22822.0,MutNovel,"QQ194Q,1.000"
X-5713,PHLDA1,22822.0,Del0.8,0.61
X-5713,PHOX2B,8929.0,Amp5,5.5
X-5713,PI4K2B,55300.0,Amp5,6.96
X-5713,PIGG,54872.0,Amp5,7.11
X-5713,PITPNC1,26207.0,Del0.8,0.72
X-5713,PKNOX2,63876.0,MutNovel,"E442-,1.000"
X-5713,PLCB4,5332.0,Amp5,5.17
X-5713,PLEKHF1,79156.0,Amp5,7.06
X-5713,PLK1S1,55857.0,Amp5,5.17
X-5713,PLVAP,83483.0,Amp5,5.7
X-5713,POLN,353497.0,Amp5,7.11
X-5713,POLR2B,5431.0,Amp5,7.57
X-5713,POLR3F,10621.0,Amp5,5.17
X-5713,POP4,10775.0,Amp5,7.06
X-5713,POTEE,445582.0,MutNovel,"I803V,1.000"
X-5713,POU1F1,5449.0,Amp5,5.9
X-5713,PP7080,25845.0,Amp5,6.59
X-5713,PPAT,5471.0,Amp8,8.94
X-5713,PPFIA1,8500.0,Amp5,6.63
X-5713,PPP1R2P3,153743.0,Amp5,5.46
X-5713,PPP2R2C,5522.0,Amp5,5.46
X-5713,PPP2R3C,55012.0,MutKnownFunctional,"-23?,1.000"
X-5713,PRDM16,63976.0,Amp8,16
X-5713,PRDM2,7799.0,Amp5,5.13
X-5713,PRKCD,5580.0,Amp8,10.13
X-5713,PRKY,5616.0,Del0.8,0.29
X-5713,PROM1,8842.0,Amp5,5.62
X-5713,PRY,9081.0,Del0.8,0.18
X-5713,PRY,9081.0,Del0.8,0.18
X-5713,PRY2,442862.0,Del0.8,0.18
X-5713,PRY2,442862.0,Del0.8,0.18
X-5713,PSAPL1,768239.0,Amp5,5.94
X-5713,PSMD2,5708.0,MutNovel,"Y723C,1.000"
X-5713,PSMD8,5714.0,Amp5,5.24
X-5713,PSME4,23198.0,MutNovel,"S1772C,0.272"
X-5713,PTPN18,26469.0,MutNovel,"V275M,0.536"
X-5713,PTPRB,5787.0,Amp8,8.69
X-5713,PTPRR,5801.0,Amp8,8.69
X-5713,PVRIG,79037.0,MutNovel,"V48A,0.333"
X-5713,PYHIN1,149628.0,MutNovel,"P57R,1.000"
X-5713,PZP,5858.0,MutNovel,"G1090R,0.833"
X-5713,QDPR,5860.0,Amp5,5.62
X-5713,RAB3IP,117177.0,Amp8,8.69
X-5713,RAB6C,84084.0,Amp8,8.06
X-5713,RABEP2,79874.0,MutNovel,"R552H,0.469"
X-5713,RALGAPA2,57186.0,Amp5,5.17
X-5713,RAP2A,5911.0,Del0.8,0.74
X-5713,RASGRP4,115727.0,Amp5,5.24
X-5713,RASL11B,65997.0,Amp8,8.34
X-5713,RBBP9,10741.0,Amp5,5.17
X-5713,RBMY1A3P,286557.0,Del0.8,0.29
X-5713,RBMY1B,378948.0,Del0.8,0.18
X-5713,RBMY1B,378948.0,Del0.8,0.29
X-5713,RBMY1E,378950.0,Del0.8,0.29
X-5713,RBMY1E,378950.0,Del0.8,0.18
X-5713,RBMY1F,159163.0,Del0.8,0.18
X-5713,RBMY1F,159163.0,Del0.8,0.18
X-5713,RBMY1J,378951.0,Del0.8,0.18
X-5713,RBMY1J,378951.0,Del0.8,0.18
X-5713,RBMY2EP,159125.0,Del0.8,0.29
X-5713,RBMY2FP,159162.0,Del0.8,0.18
X-5713,RBMY3AP,64593.0,Del0.8,0.29
X-5713,RBPJ,3516.0,Amp5,5.74
X-5713,REG3A,5068.0,Amp5,6.5
X-5713,REST,5978.0,Amp8,8.4
X-5713,RFT1,91869.0,Amp8,10.13
X-5713,RFXANK,8625.0,Amp5,5.13
X-5713,RGS12,6002.0,Amp5,7.11
X-5713,RIN2,54453.0,Amp5,5.17
X-5713,RIN3,79890.0,MutNovel,"G967-,1.000"
X-5713,RINL,126432.0,Amp5,6.96
X-5713,RLIM,51132.0,Amp5,6.5
X-5713,RNF212,285498.0,Amp5,7.11
X-5713,RNF4,6047.0,Amp5,7.11
X-5713,RPL18A,6142.0,Amp5,5.7
X-5713,RPL21P44,402176.0,Amp5,6.45
X-5713,RPS4Y1,6192.0,Del0.8,0.46
X-5713,RPS4Y2,140032.0,Del0.8,0.29
X-5713,RRBP1,6238.0,Amp5,5.17
X-5713,RSG1,79363.0,Amp5,6.06
X-5713,RTTN,25914.0,MutNovel,"S2042L,0.360"
X-5713,RYR1,6261.0,Amp5,5.94
X-5713,S100P,6286.0,Amp5,5.94
X-5713,S100Z,170591.0,Amp8,23.43
X-5713,SALL2,6297.0,Amp8,8.17
X-5713,SAMD4A,23034.0,Amp8,35.51
X-5713,SCAF11,9169.0,MutNovel,"QE1179Q,1.000"
X-5713,SCARNA22,677770.0,Amp5,7.11
X-5713,SCFD2,152579.0,Amp8,8.34
X-5713,SEC23B,10483.0,Amp5,5.17
X-5713,SEL1L2,80343.0,Amp5,5.17
X-5713,SEL1L3,23231.0,Amp5,5.9
X-5713,SELK,58515.0,Amp5,6.06
X-5713,SEPSECS,51091.0,Amp5,6.96
X-5713,SERINC2,347735.0,MutNovel,"-373Q,0.500"
X-5713,SFMBT1,51460.0,Amp5,5.46
X-5713,SFXN1,94081.0,Amp8,8.28
X-5713,SGCA,6442.0,MutNovel,"P133L,1.000"
X-5713,SGCB,6443.0,Amp8,8.28
X-5713,SGCD,6444.0,Amp5,5.54
X-5713,SH3BP2,6452.0,MutNovel,"R183C,0.534"
X-5713,SH3BP2,6452.0,Amp5,7.11
X-5713,SH3TC1,54436.0,Amp5,5.94
X-5713,SHISA3,152573.0,Amp5,6.77
X-5713,SIN3B,23309.0,Amp5,5.7
X-5713,SIRPB1,10326.0,MutNovel,"C272W,0.800"
X-5713,SIRPB1,10326.0,MutNovel,"A200V,1.000"
X-5713,SIRPB1,10326.0,MutNovel,"DV130E,1.000"
X-5713,SIRPB1,10326.0,MutNovel,"D130T,1.000"
X-5713,SIRPG,55423.0,MutNovel,"M34V,1.000"
X-5713,SIRT2,22933.0,Amp5,6.96
X-5713,SLBP,7884.0,Amp5,7.11
X-5713,SLC12A5,57468.0,MutNovel,"G41A,1.000"
X-5713,SLC12A7,10723.0,Amp8,12.64
X-5713,SLC16A2,6567.0,Amp5,6.5
X-5713,SLC1A6,6511.0,Amp5,5.31
X-5713,SLC22A24,283238.0,Amp8,9.19
X-5713,SLC24A3,57419.0,Amp5,5.17
X-5713,SLC25A26,115286.0,Amp8,10.63
X-5713,SLC25A37,51312.0,Del0.8,0.75
X-5713,SLC25A42,284439.0,Amp5,6.45
X-5713,SLC26A1,10861.0,Amp5,7.11
X-5713,SLC27A1,376497.0,Amp5,5.7
X-5713,SLC2A9,56606.0,Amp5,5.31
X-5713,SLC30A9,10463.0,Amp5,5.5
X-5713,SLC34A2,10568.0,Amp5,5.03
X-5713,SLC35E3,55508.0,Amp5,5.17
X-5713,SLC35G6,643664.0,MutNovel,"W326R,1.000"
X-5713,SLC39A6,25800.0,MutNovel,"S408P,0.448"
X-5713,SLC5A5,6528.0,Amp5,5.7
X-5713,SLC6A18,348932.0,Amp8,11.24
X-5713,SLC6A19,340024.0,Amp8,12.82
X-5713,SLC6A3,6531.0,Amp8,14.83
X-5713,SLC7A5,8140.0,MutNovel,"V329I,0.988"
X-5713,SLC9A3,6550.0,Amp5,6.59
X-5713,SLC9A7,84679.0,Amp5,5.46
X-5713,SLIT2,9353.0,Amp5,6.15
X-5713,SLIT2-IT1,100505893.0,Amp5,6.15
X-5713,SMIM1,,MutKnownFunctional,"-21,0.500"
X-5713,SMIM1,,MutKnownFunctional,"-21,0.447"
X-5713,SNAP25,6616.0,Amp5,5.17
X-5713,SNORA26,677810.0,Amp8,10.85
X-5713,SNORA68,26780.0,Amp5,5.7
X-5713,SNORA70G,100379132.0,Amp5,5.17
X-5713,SNORD17,692086.0,Amp5,5.17
X-5713,SNRPB2,6629.0,Amp5,5.17
X-5713,SNX5,27131.0,Amp5,5.17
X-5713,SOCS4,122809.0,Amp8,12.82
X-5713,SOD3,6649.0,Amp5,6.96
X-5713,SORCS2,57537.0,Amp5,5.94
X-5713,SOS2,6655.0,Amp8,37.27
X-5713,SOX30,11063.0,Amp5,5.94
X-5713,SPATA12,353324.0,Amp5,7.41
X-5713,SPATA18,132671.0,Amp8,9.51
X-5713,SPATA21,374955.0,Amp5,6.06
X-5713,SPINK2,6691.0,Amp8,8.4
X-5713,SPON2,10417.0,Amp5,7.11
X-5713,SPRED3,399473.0,Amp5,5.24
X-5713,SPTLC3,55304.0,Amp5,5.17
X-5713,SPTSSA,171546.0,Amp5,6.41
X-5713,SRD5A3,79644.0,Amp5,7.41
X-5713,SRP72,6731.0,Amp8,16.22
X-5713,SRY,6736.0,Del0.8,0.46
X-5713,SSBP4,170463.0,Amp5,6.45
X-5713,SSTR1,6751.0,Amp8,33.13
X-5713,SSTR4,6754.0,Amp5,5.17
X-5713,STARD7,56910.0,MutNovel,"G136S,0.932"
X-5713,STAT6,6778.0,Amp8,8.51
X-5713,STIM2,57620.0,Amp5,5.74
X-5713,STK32B,55351.0,Amp5,6.36
X-5713,STX18,53407.0,Amp5,7.73
X-5713,SUGP1,57794.0,Amp5,5.13
X-5713,SUGP2,10147.0,Amp5,6.45
X-5713,SYNGAP1,8831.0,MutNovel,"G940S,0.218"
X-5713,TAC3,6866.0,Amp8,8.51
X-5713,TACC3,10460.0,Amp5,7.11
X-5713,TADA2B,93624.0,Amp5,5.94
X-5713,TAPT1,202018.0,Amp5,5.62
X-5713,TASP1,55617.0,Amp5,5.17
X-5713,TBC1D14,57533.0,Amp5,5.94
X-5713,TBC1D19,55296.0,Amp5,5.74
X-5713,TBC1D3B,414059.0,Del0.8,0.53
X-5713,TBL1Y,90665.0,Del0.8,0.29
X-5713,TBP,6908.0,MutNovel,"-64Q,0.947"
X-5713,TERT,7015.0,Amp8,14.83
X-5713,TGIF2LY,90655.0,Del0.8,0.46
X-5713,THBD,7056.0,Amp5,5.17
X-5713,THEG5,100507527.0,Amp8,8.06
X-5713,THG1L,54974.0,Amp5,5.94
X-5713,TKT,7086.0,Amp5,7.46
X-5713,TM6SF2,53345.0,Amp5,5.13
X-5713,TMBIM4,51643.0,MutKnownFunctional,"-174?,0.553"
X-5713,TMED11P,100379220.0,Amp5,7.11
X-5713,TMEM128,85013.0,Amp5,7.73
X-5713,TMEM129,92305.0,Amp5,7.11
X-5713,TMEM161A,54929.0,Amp8,12.64
X-5713,TMEM165,55858.0,Amp5,7.41
X-5713,TMEM175,84286.0,Amp5,7.11
X-5713,TMEM194A,23306.0,Amp8,8.51
X-5713,TMEM194B,100131211.0,Amp5,5.98
X-5713,TMEM221,100130519.0,Amp5,5.7
X-5713,TMEM33,55161.0,Amp5,5.5
X-5713,TMEM38A,79041.0,Amp5,5.7
X-5713,TMEM59L,25789.0,Amp5,6.45
X-5713,TMSB4Y,9087.0,Del0.8,0.29
X-5713,TMTC2,160335.0,MutNovel,"D741G,1.000"
X-5713,TNC,3371.0,MutNovel,"K1659N,0.740"
X-5713,TNC,3371.0,MutNovel,"R249C,0.750"
X-5713,TNFRSF14,8764.0,Amp5,5.5
X-5713,TNIP2,79155.0,Amp5,7.11
X-5713,TNR,7143.0,MutNovel,"V133A,0.900"
X-5713,TOE1,114034.0,MutNovel,"E82G,0.812"
X-5713,TP73,7161.0,Amp8,11.55
X-5713,TP73-AS1,57212.0,Amp8,9.51
X-5713,TPCN2,219931.0,Amp5,6.73
X-5713,TPPP,11076.0,Amp8,8.17
X-5713,TPRG1L,127262.0,Amp8,17.51
X-5713,TRIOBP,11078.0,MutNovel,"I763T,0.385"
X-5713,TRIP13,9319.0,Amp8,8.17
X-5713,TRPM1,4308.0,Del0.8,0.77
X-5713,TSFM,10102.0,Amp8,12.3
X-5713,TSPAN11,441631.0,Amp5,5.74
X-5713,TSPAN31,6302.0,Amp8,12.3
X-5713,TSPAN8,7103.0,Amp5,6.15
X-5713,TSPY1,7258.0,Del0.8,0.29
X-5713,TSPY2,64591.0,Del0.8,0.15
X-5713,TSPY3,728137.0,Del0.8,0.29
X-5713,TSPY4,728395.0,Del0.8,0.29
X-5713,TSPY8,728403.0,Del0.8,0.29
X-5713,TSPYL1,7259.0,MutNovel,"V176VW,1.000"
X-5713,TSSK6,83983.0,Amp5,5.13
X-5713,TST,7263.0,MutNovel,"H93Y,0.308"
X-5713,TTC34,100287898.0,Amp8,8.94
X-5713,TTTY10,246119.0,Del0.8,0.29
X-5713,TTTY11,83866.0,Del0.8,0.29
X-5713,TTTY12,83867.0,Del0.8,0.29
X-5713,TTTY13,83868.0,Del0.8,0.29
X-5713,TTTY14,83869.0,Del0.8,0.29
X-5713,TTTY15,64595.0,Del0.8,0.29
X-5713,TTTY16,252948.0,Del0.8,0.29
X-5713,TTTY17A,252949.0,Del0.8,0.18
X-5713,TTTY17A,252949.0,Del0.8,0.18
X-5713,TTTY18,252950.0,Del0.8,0.29
X-5713,TTTY19,252952.0,Del0.8,0.29
X-5713,TTTY1B,100101116.0,Del0.8,0.29
X-5713,TTTY1B,100101116.0,Del0.8,0.15
X-5713,TTTY2,60439.0,Del0.8,0.15
X-5713,TTTY2,60439.0,Del0.8,0.29
X-5713,TTTY20,252951.0,Del0.8,0.29
X-5713,TTTY21,252953.0,Del0.8,0.29
X-5713,TTTY21,252953.0,Del0.8,0.29
X-5713,TTTY22,252954.0,Del0.8,0.29
X-5713,TTTY23,252955.0,Del0.8,0.29
X-5713,TTTY23,252955.0,Del0.8,0.15
X-5713,TTTY3,114760.0,Del0.8,0.18
X-5713,TTTY3,114760.0,Del0.8,0.18
X-5713,TTTY4,114761.0,Del0.8,0.18
X-5713,TTTY4,114761.0,Del0.8,0.18
X-5713,TTTY5,83863.0,Del0.8,0.18
X-5713,TTTY6,84672.0,Del0.8,0.18
X-5713,TTTY6,84672.0,Del0.8,0.18
X-5713,TTTY7,246122.0,Del0.8,0.29
X-5713,TTTY7,246122.0,Del0.8,0.29
X-5713,TTTY7B,100101120.0,Del0.8,0.29
X-5713,TTTY7B,100101120.0,Del0.8,0.29
X-5713,TTTY8,84673.0,Del0.8,0.29
X-5713,TTTY8,84673.0,Del0.8,0.29
X-5713,TTTY9A,83864.0,Del0.8,0.17
X-5713,TTTY9A,83864.0,Del0.8,0.17
X-5713,TXLNG2P,246126.0,Del0.8,0.29
X-5713,UBA52,7311.0,Amp5,6.45
X-5713,UCHL1,7345.0,Amp5,5.5
X-5713,UGT2A1,10941.0,Amp5,5.7
X-5713,UGT2A2,574537.0,Amp5,5.7
X-5713,UGT2B11,10720.0,Amp5,5.43
X-5713,UGT2B28,54490.0,Amp5,7.01
X-5713,UGT2B4,7363.0,Amp5,5.7
X-5713,UNC13A,23025.0,MutNovel,"D1490Y,0.600"
X-5713,UNC13A,23025.0,Amp5,5.7
X-5713,UPF1,5976.0,Amp5,6.45
X-5713,URI1,8725.0,MutNovel,"S16SAP,0.500"
X-5713,USE1,55850.0,Amp5,5.7
X-5713,USHBP1,83878.0,Amp5,5.7
X-5713,USP46,64854.0,Amp8,10.85
X-5713,USP9Y,8287.0,Del0.8,0.29
X-5713,UTY,7404.0,Del0.8,0.29
X-5713,VCX,26609.0,MutNovel,"V140M,0.286"
X-5713,VCX,26609.0,MutNovel,"M200V,0.714"
X-5713,VCX3B,425054.0,MutNovel,"M240V,1.000"
X-5713,VCY,9084.0,Del0.8,0.29
X-5713,VCY,9084.0,Del0.8,0.29
X-5713,VPS13D,55187.0,MutNovel,"G1200D,0.778"
X-5713,VPS13D,55187.0,MutNovel,"P2886A,0.410"
X-5713,VSTM2B,342865.0,Amp5,7.06
X-5713,WDHD1,11169.0,Amp8,71.51
X-5713,WDR1,9948.0,Amp5,5.31
X-5713,WDR47,22911.0,MutNovel,"P305S,0.346"
X-5713,WDR47,22911.0,MutNovel,"S299F,0.369"
X-5713,WFS1,7466.0,Amp5,6.32
X-5713,WHSC1,7468.0,Amp5,7.11
X-5713,WHSC2,7469.0,Amp5,7.11
X-5713,WNT5A,7474.0,Amp5,7.89
X-5713,WRAP73,49856.0,Amp8,17.51
X-5713,XKRY2,353515.0,Del0.8,0.17
X-5713,XKRY2,353515.0,Del0.8,0.17
X-5713,XRN2,22803.0,Amp5,5.17
X-5713,YEATS4,8089.0,Amp8,8.69
X-5713,YIF1B,90522.0,Amp5,5.24
X-5713,YJEFN3,374887.0,Amp5,5.13
X-5713,ZBTB39,9880.0,Amp5,6.45
X-5713,ZBTB49,166793.0,Amp5,7.73
X-5713,ZCCHC13,389874.0,Amp5,6.5
X-5713,ZCCHC4,29063.0,Amp8,9.51
X-5713,ZDHHC11,79844.0,MutNovel,"A303D,0.923"
X-5713,ZDHHC17,23390.0,Del0.8,0.61
X-5713,ZFHX4,79776.0,MutNovel,"D2371G,1.000"
X-5713,ZFY,7544.0,Del0.8,0.46
X-5713,ZFYVE28,57732.0,Amp5,7.11
X-5713,ZNF101,94039.0,Amp5,5.13
X-5713,ZNF133,7692.0,Amp5,5.17
X-5713,ZNF14,7561.0,Amp5,5.13
X-5713,ZNF141,7700.0,Amp5,7.11
X-5713,ZNF154,7710.0,MutNovel,"F254L,0.333"
X-5713,ZNF154,7710.0,MutNovel,"Y245H,0.222"
X-5713,ZNF253,56242.0,Amp5,5.13
X-5713,ZNF506,440515.0,Amp5,5.13
X-5713,ZNF518B,85460.0,Amp5,6.45
X-5713,ZNF551,90233.0,MutNovel,"Y38C,0.240"
X-5713,ZNF568,374900.0,MutNovel,"E371K,0.833"
X-5713,ZNF585B,92285.0,MutNovel,"V763A,0.500"
X-5713,ZNF673,55634.0,Amp5,7.57
X-5713,ZNF674,641339.0,Amp5,7.57
X-5713,ZNF721,170960.0,Amp5,7.11
X-5713,ZNF732,654254.0,Amp5,7.11
X-5713,ZNF772,400720.0,MutNovel,"R277H,0.667"
X-5713,ZNF876P,642280.0,Amp5,7.11
X-5713,ZNF93,81931.0,Amp5,5.13
X-5727,ABCA13,154664.0,MutNovel,"L1798P,0.667"
X-5727,ABCA7,10347.0,MutNovel,"P820L,0.692"
X-5727,ABR,29.0,MutNovel,"P18T,1.000"
X-5727,ACTR3BP2,440888.0,Del0.8,0.53
X-5727,AKR1D1,6718.0,Amp5,5.06
X-5727,AMELY,266.0,Del0.8,0.17
X-5727,ANKRD20A1,,MutNovel,"R374G,0.667"
X-5727,ANKRD30B,374860.0,MutNovel,"F708L,0.276"
X-5727,APAF1,317.0,MutNovel,"S248T,0.417"
X-5727,ARL13A,392509.0,Amp5,5.94
X-5727,ASZ1,136991.0,Amp5,5.13
X-5727,ATP5O,539.0,Amp5,6.28
X-5727,BCORP1,286554.0,Del0.8,0.17
X-5727,BPY2B,442867.0,Del0.8,0.1
X-5727,BPY2B,442867.0,Del0.8,0.06
X-5727,BTK,695.0,Amp5,5.94
X-5727,BTNL3,10917.0,Del0.8,0.62
X-5727,C16orf95,100506581.0,MutNovel,"R151H,0.989"
X-5727,C17orf58,284018.0,MutNovel,"Q57E,0.533"
X-5727,C21orf49,54067.0,Amp5,6.45
X-5727,C21orf54,728409.0,Amp5,6.45
X-5727,C21orf62,56245.0,Amp5,6.45
X-5727,C4orf19,55286.0,MutKnownFunctional,"K204*,0.486"
X-5727,C9orf11,54586.0,Del0.8,0.19
X-5727,C9orf53,51198.0,Del0.8,0.15
X-5727,C9orf72,203228.0,Del0.8,0.18
X-5727,CCDC144A,9720.0,MutNovel,"Q1091R,1.000"
X-5727,CCDC144B,284047.0,Del0.8,0.78
X-5727,CCDC90A,63933.0,Amp5,5.06
X-5727,CD83,9308.0,Amp5,5.06
X-5727,CDH1,999.0,Amp5,5.54
X-5727,CDKN2A,1029.0,Del0.8,0.15
X-5727,CDKN2B,1030.0,Del0.8,0.25
X-5727,CDY1B,253175.0,Del0.8,0.17
X-5727,CDY1B,253175.0,Del0.8,0.09
X-5727,CDY2A,9426.0,Del0.8,0.17
X-5727,CDY2A,9426.0,Del0.8,0.17
X-5727,CDY2B,203611.0,Del0.8,0.17
X-5727,CDY2B,203611.0,Del0.8,0.17
X-5727,CENPI,2491.0,Amp5,5.94
X-5727,CEP72,55722.0,Amp5,5.39
X-5727,CES1P1,51716.0,Del0.8,0.7
X-5727,CFTR,1080.0,Amp5,5.13
X-5727,CHSY1,22856.0,MutNovel,"K456R,0.728"
X-5727,CHTF18,63922.0,MutKnownFunctional,"Y4*,0.558"
X-5727,CLN6,54982.0,MutNovel,"A12T,0.511"
X-5727,CLSTN1,22883.0,MutNovel,"V577M,0.464"
X-5727,CMYA5,202333.0,MutNovel,"D1626E,0.500"
X-5727,COG4,25839.0,Amp5,5.58
X-5727,COL6A5,256076.0,Del0.8,0.78
X-5727,CPEB4,80315.0,Del0.8,0.77
X-5727,CREB3L2,64764.0,Amp5,5.06
X-5727,CRYBB2P1,1416.0,Amp5,5.17
X-5727,CRYZL1,9946.0,Amp5,6.28
X-5727,CSMD1,64478.0,Del0.8,0.8
X-5727,CSPG4P1Y,114758.0,Del0.8,0.17
X-5727,CSPG4P1Y,114758.0,Del0.8,0.28
X-5727,CSTF2,1478.0,Amp5,5.94
X-5727,CTDSPL,10217.0,Del0.8,0.49
X-5727,CTSA,5476.0,MutNovel,"L29-,0.928"
X-5727,CTU2,348180.0,MutNovel,"I250M,1.000"
X-5727,DAZ1,1617.0,Del0.8,0.17
X-5727,DAZ2,57055.0,Del0.8,0.11
X-5727,DAZ3,57054.0,Del0.8,0.06
X-5727,DAZ3,57054.0,Del0.8,0.1
X-5727,DAZ4,57135.0,Del0.8,0.08
X-5727,DAZ4,57135.0,Del0.8,0.12
X-5727,DCAF12L1,139170.0,Amp5,6.28
X-5727,DCAF12L2,340578.0,Amp5,6.28
X-5727,DDX19A,55308.0,Amp5,5.58
X-5727,DDX19B,11269.0,Amp5,5.58
X-5727,DDX3Y,8653.0,Del0.8,0.17
X-5727,DEFA10P,449493.0,Del0.8,0.66
X-5727,DGKI,9162.0,Amp5,5.06
X-5727,DLG2,1740.0,Del0.8,0.44
X-5727,DMRTA1,63951.0,Del0.8,0.09
X-5727,DNA2,1763.0,MutNovel,"Q313R,0.547"
X-5727,DNAJC28,54943.0,Amp5,6.28
X-5727,DOCK7,85440.0,MutNovel,"V1304I,0.527"
X-5727,DONSON,29980.0,Amp5,6.28
X-5727,DPP9,91039.0,MutNovel,"S21L,0.434"
X-5727,DRP2,1821.0,Amp5,5.94
X-5727,DUS3L,56931.0,MutNovel,"Y604H,0.559"
X-5727,EBNA1BP2,10969.0,MutNovel,"T185M,0.472"
X-5727,EIF1AY,9086.0,Del0.8,0.17
X-5727,EIF3B,8662.0,MutNovel,"E283K,0.521"
X-5727,ELAVL2,1993.0,Del0.8,0.19
X-5727,ENTPD6,955.0,MutNovel,"E354K,0.537"
X-5727,ETFB,2109.0,MutKnownFunctional,"-93?,0.636"
X-5727,FAM106A,80039.0,Del0.8,0.59
X-5727,FAM165B,54065.0,Amp5,6.41
X-5727,FAM197Y2P,252946.0,Del0.8,0.17
X-5727,FAM41AY1,340618.0,Del0.8,0.17
X-5727,FAM41AY1,340618.0,Del0.8,0.17
X-5727,FAR1,84188.0,Del0.8,0.79
X-5727,FBRSL1,57666.0,MutNovel,"GLGRER882G,0.302"
X-5727,FGF10,2255.0,Del0.8,0.71
X-5727,FHAD1,114827.0,MutNovel,"E529D,1.000"
X-5727,FJX1,24147.0,MutNovel,"A271T,1.000"
X-5727,FLJ35282,441389.0,Del0.8,0.13
X-5727,FUK,197258.0,Amp5,5.58
X-5727,GABARAP,11337.0,MutNovel,"D74N,0.997"
X-5727,GART,2618.0,Amp5,6.28
X-5727,GBE1,2632.0,Amp5,5.98
X-5727,GCFC1,94104.0,Amp5,6.45
X-5727,GCFC1-AS1,100506215.0,Amp5,6.45
X-5727,GCFC2,6936.0,MutNovel,"P58L,0.370"
X-5727,GGT8P,645367.0,Del0.8,0.53
X-5727,GIGYF2,26058.0,MutNovel,"PQ1231P,0.219"
X-5727,GLA,2717.0,Amp5,5.94
X-5727,GOLGA2P2Y,84559.0,Del0.8,0.28
X-5727,GOLGA2P2Y,84559.0,Del0.8,0.17
X-5727,GOLGA4,2803.0,MutNovel,"N2013S,0.989"
X-5727,GPR125,166647.0,MutNovel,"T629A,0.479"
X-5727,GREB1L,80000.0,Del0.8,0.64
X-5727,GRK7,131890.0,Del0.8,0.68
X-5727,GYG2P1,352887.0,Del0.8,0.17
X-5727,HDGFRP2,84717.0,MutNovel,"-260SS,0.279"
X-5727,HLA-C,3107.0,MutNovel,"G231S,0.538"
X-5727,HLA-G,3135.0,MutNovel,"T91I,0.625"
X-5727,HNRNPH2,3188.0,Amp5,5.94
X-5727,HSFY2,159119.0,Del0.8,0.17
X-5727,HSFY2,159119.0,Del0.8,0.17
X-5727,HSP90B1,7184.0,MutNovel,"N431S,0.508"
X-5727,IFNA1,3439.0,Del0.8,0.1
X-5727,IFNA10,3446.0,Del0.8,0.3
X-5727,IFNA13,3447.0,Del0.8,0.18
X-5727,IFNA14,3448.0,Del0.8,0.13
X-5727,IFNA16,3449.0,Del0.8,0.3
X-5727,IFNA17,3451.0,Del0.8,0.13
X-5727,IFNA2,3440.0,Del0.8,0.18
X-5727,IFNA21,3452.0,Del0.8,0.2
X-5727,IFNA22P,3453.0,Del0.8,0.13
X-5727,IFNA4,3441.0,Del0.8,0.06
X-5727,IFNA5,3442.0,Del0.8,0.18
X-5727,IFNA6,3443.0,Del0.8,0.18
X-5727,IFNA7,3444.0,Del0.8,0.3
X-5727,IFNA8,3445.0,Del0.8,0.1
X-5727,IFNAR1,3454.0,Amp5,6.45
X-5727,IFNAR2,3455.0,Amp5,6.45
X-5727,IFNB1,3456.0,Del0.8,0.2
X-5727,IFNE,338376.0,Del0.8,0.13
X-5727,IFNGR2,3460.0,Amp5,6.45
X-5727,IFNK,56832.0,Del0.8,0.18
X-5727,IFNW1,3467.0,Del0.8,0.2
X-5727,IFT74,80173.0,Del0.8,0.23
X-5727,IKBKB,3551.0,Del0.8,0.78
X-5727,IL10RB,3588.0,Amp5,6.45
X-5727,ITSN1,6453.0,Amp5,6.28
X-5727,KAT6A,7994.0,MutNovel,"H1489P,0.261"
X-5727,KCNE1,3753.0,Amp5,6.41
X-5727,KCNE2,9992.0,Amp5,6.41
X-5727,KDM1A,23028.0,MutNovel,"G46S,0.528"
X-5727,KDM5D,8284.0,Del0.8,0.17
X-5727,KIAA0368,23392.0,MutNovel,"M1266I,0.988"
X-5727,KIAA0430,9665.0,MutNovel,"A781T,0.540"
X-5727,KLHL9,55958.0,Del0.8,0.18
X-5727,KRCC1,51315.0,Amp5,5.24
X-5727,LATS1,9113.0,MutNovel,"T485I,1.000"
X-5727,LCOR,84458.0,MutNovel,"D306G,0.625"
X-5727,LGALS9C,654346.0,Del0.8,0.23
X-5727,LINC00032,158035.0,Del0.8,0.15
X-5727,LINC00310,114036.0,Amp5,6.41
X-5727,LINGO2,158038.0,Del0.8,0.21
X-5727,LMBR1,64327.0,Amp5,5.78
X-5727,LOC100130880,100130880.0,Amp5,5.06
X-5727,LOC100288432,100288432.0,Amp5,6.45
X-5727,LOC100506083,100506083.0,Amp5,5.58
X-5727,LOC100506334,100506334.0,Amp5,6.28
X-5727,LOC100506422,100506422.0,Del0.8,0.18
X-5727,LOC100506688,100506688.0,Amp5,5.1
X-5727,LOC100996584,,MutNovel,"R40H,0.538"
X-5727,LOC339975,339975.0,Del0.8,0.2
X-5727,LRRC19,64922.0,Del0.8,0.17
X-5727,LSR,51599.0,MutNovel,"G518GR,0.300"
X-5727,LTBP1,4052.0,MutNovel,"P1707L,1.000"
X-5727,MACROD2,140733.0,Del0.8,0.3
X-5727,MACROD2-AS1,100379174.0,Del0.8,0.27
X-5727,MAGI3,260425.0,MutNovel,"R768H,0.385"
X-5727,MEF2A,4205.0,MutNovel,"QQ412-,0.278"
X-5727,MEF2D,4209.0,MutNovel,"R514W,0.455"
X-5727,MGRN1,23295.0,MutNovel,"P479T,0.532"
X-5727,MICA,100507436.0,MutNovel,"F280L,0.926"
X-5727,MIER1,57708.0,MutNovel,"Q198H,0.512"
X-5727,MIR31,407035.0,Del0.8,0.25
X-5727,MIR31HG,554202.0,Del0.8,0.15
X-5727,MIR3668,100500879.0,Del0.8,0.66
X-5727,MIR4435-1,100616499.0,Amp5,5.24
X-5727,MIR4468,100616226.0,Amp5,5.06
X-5727,MIR4635,100616479.0,Amp5,5.1
X-5727,MOB3B,79817.0,Del0.8,0.11
X-5727,MPRIP,23164.0,MutNovel,"TS178T,0.495"
X-5727,MRPS9,64965.0,MutNovel,"R245Q,0.537"
X-5727,MTAP,4507.0,Del0.8,0.21
X-5727,MYBL1,4603.0,MutNovel,"M215V,0.673"
X-5727,NBPF12,,MutNovel,"D440G,0.600"
X-5727,NBPF14,25832.0,MutNovel,"S524N,0.333"
X-5727,NCOR2,9612.0,MutNovel,"G1839GAAA,0.375"
X-5727,NCRNA00185,55410.0,Del0.8,0.17
X-5727,NKD2,85409.0,Amp5,5.1
X-5727,NLGN4Y,22829.0,Del0.8,0.17
X-5727,NOL7,51406.0,Amp5,5.06
X-5727,NOTCH1,4851.0,MutNovel,"G1001A,1.000"
X-5727,NOX1,27035.0,Amp5,5.94
X-5727,NRAS,4893.0,MutKnownFunctional,"Q61K,0.502"
X-5727,NRG3,10718.0,MutNovel,"Y54H,0.500"
X-5727,OLIG1,116448.0,Amp5,6.45
X-5727,OLIG2,10215.0,Amp5,6.45
X-5727,OR2T10,127069.0,Amp5,6.19
X-5727,OR2T34,127068.0,Amp5,6.19
X-5727,OR4F15,390649.0,Amp5,5.39
X-5727,OR4F4,26682.0,Amp5,5.39
X-5727,OR4F6,390648.0,Amp5,5.39
X-5727,OR51A2,401667.0,Del0.8,0.52
X-5727,OR51A4,401666.0,Del0.8,0.6
X-5727,ORAI1,84876.0,MutNovel,"PP43-,0.765"
X-5727,OXR1,55074.0,MutNovel,"G23E,0.529"
X-5727,PABPC3,5042.0,MutNovel,"L530P,1.000"
X-5727,PCDH11Y,83259.0,Del0.8,0.17
X-5727,PHLDA1,22822.0,MutNovel,"QQ194Q,0.577"
X-5727,PKN2,5586.0,MutNovel,"NL382N,0.927"
X-5727,PLAA,9373.0,Del0.8,0.17
X-5727,PLGLB2,5342.0,Amp5,5.24
X-5727,POLG,5428.0,MutNovel,"QQQ51Q,0.222"
X-5727,POM121,9883.0,MutNovel,"V47G,0.986"
X-5727,POM121L8P,29797.0,Del0.8,0.43
X-5727,POTEE,445582.0,MutNovel,"R816N,1.000"
X-5727,POTEJ,,MutNovel,"A798S,1.000"
X-5727,PPIAL4A,,MutNovel,"D75G,1.000"
X-5727,PPRC1,23082.0,MutNovel,"P801R,0.467"
X-5727,PRDM15,63977.0,MutNovel,"A771T,0.520"
X-5727,PRKY,5616.0,Del0.8,0.17
X-5727,PRY,9081.0,Del0.8,0.17
X-5727,PRY,9081.0,Del0.8,0.17
X-5727,PRY2,442862.0,Del0.8,0.17
X-5727,PRY2,442862.0,Del0.8,0.17
X-5727,PTN,5764.0,Amp5,5.06
X-5727,PTPLAD2,401494.0,Del0.8,0.19
X-5727,QRFPR,84109.0,Del0.8,0.5
X-5727,RANBP9,10048.0,Amp5,5.06
X-5727,RBMY1A3P,286557.0,Del0.8,0.17
X-5727,RBMY1B,378948.0,Del0.8,0.17
X-5727,RBMY1B,378948.0,Del0.8,0.17
X-5727,RBMY1E,378950.0,Del0.8,0.17
X-5727,RBMY1E,378950.0,Del0.8,0.17
X-5727,RBMY1F,159163.0,Del0.8,0.17
X-5727,RBMY1F,159163.0,Del0.8,0.17
X-5727,RBMY1J,378951.0,Del0.8,0.17
X-5727,RBMY1J,378951.0,Del0.8,0.17
X-5727,RBMY2EP,159125.0,Del0.8,0.17
X-5727,RBMY2FP,159162.0,Del0.8,0.17
X-5727,RBMY3AP,64593.0,Del0.8,0.17
X-5727,RGPD1,400966.0,Amp5,5.24
X-5727,RIN3,79890.0,MutNovel,"G967-,0.444"
X-5727,RNF182,221687.0,Amp5,5.06
X-5727,RNMTL1,55178.0,MutNovel,"T86S,1.000"
X-5727,ROCK1,6093.0,MutNovel,"Q1217E,1.000"
X-5727,ROCK1,6093.0,Del0.8,0.46
X-5727,RPL13,6137.0,Del0.8,0.68
X-5727,RPL36A,6173.0,Amp5,5.94
X-5727,RPL36A-HNRNPH2,100529097.0,Amp5,5.94
X-5727,RPS4Y1,6192.0,Del0.8,0.17
X-5727,RPS4Y2,140032.0,Del0.8,0.17
X-5727,RRP12,23223.0,MutNovel,"A193V,0.509"
X-5727,SEC16A,9919.0,MutNovel,"G1406S,1.000"
X-5727,SEC24B,10427.0,MutNovel,"R784T,0.462"
X-5727,SECISBP2L,9728.0,MutNovel,"E1000Q,1.000"
X-5727,SF3B3,23450.0,Amp5,5.58
X-5727,SIRT5,23408.0,Amp5,5.06
X-5727,SLC12A7,10723.0,Amp5,5.1
X-5727,SLC39A1,27173.0,MutNovel,"P139L,0.450"
X-5727,SLC43A1,8501.0,MutNovel,"T155M,0.444"
X-5727,SLC48A1,55652.0,MutNovel,"T98S,1.000"
X-5727,SLC5A3,6526.0,Amp5,6.28
X-5727,SLC6A18,348932.0,Amp5,5.1
X-5727,SLC6A19,340024.0,Amp5,5.1
X-5727,SMARCC2,6601.0,MutNovel,"S886Y,1.000"
X-5727,SMPD4,55627.0,MutNovel,"F484V,0.259"
X-5727,SNORD111,692214.0,Amp5,5.58
X-5727,SNORD111B,100113402.0,Amp5,5.58
X-5727,SNORD68,606500.0,Del0.8,0.68
X-5727,SON,6651.0,Amp5,6.28
X-5727,SPHK1,8877.0,MutKnownFunctional,"-285,0.509"
X-5727,SRP14,6727.0,MutNovel,"T133TQ,0.583"
X-5727,SRP14,6727.0,MutNovel,"A132T,0.209"
X-5727,SRPX2,27286.0,Amp5,5.94
X-5727,SRY,6736.0,Del0.8,0.17
X-5727,ST3GAL2,6483.0,Amp5,5.58
X-5727,STAG2,10735.0,MutKnownFunctional,"R216*,1.000"
X-5727,SUSD3,203328.0,MutNovel,"R137Q,1.000"
X-5727,SYNJ1,8867.0,Amp5,7.52
X-5727,SYTL4,94121.0,Amp5,5.94
X-5727,TAF7L,54457.0,Amp5,5.94
X-5727,TARSL2,123283.0,Amp5,5.39
X-5727,TBL1Y,90665.0,Del0.8,0.17
X-5727,TBP,6908.0,MutNovel,"-64Q,0.364"
X-5727,TEK,7010.0,Del0.8,0.16
X-5727,TGIF2LY,90655.0,Del0.8,0.17
X-5727,TIMM8A,1678.0,Amp5,5.94
X-5727,TM2D3,80213.0,Amp5,5.39
X-5727,TMEM129,92305.0,MutNovel,"R343C,0.504"
X-5727,TMEM35,59353.0,Amp5,5.94
X-5727,TMSB4Y,9087.0,Del0.8,0.17
X-5727,TNMD,64102.0,Amp5,5.94
X-5727,TPD52L2,7165.0,MutNovel,"D24V,0.228"
X-5727,TPPP,11076.0,Amp5,5.39
X-5727,TRIM21,6737.0,MutKnownFunctional,"-456?,0.273"
X-5727,TRIM24,8805.0,Amp5,5.06
X-5727,TRIML1,339976.0,Del0.8,0.18
X-5727,TRIML2,205860.0,Del0.8,0.23
X-5727,TRIP13,9319.0,Amp5,5.1
X-5727,TRMT2B,79979.0,Amp5,5.94
X-5727,TSPAN6,7105.0,Amp5,5.94
X-5727,TSPY1,7258.0,Del0.8,0.17
X-5727,TSPY2,64591.0,Del0.8,0.17
X-5727,TSPY3,728137.0,Del0.8,0.17
X-5727,TSPY4,728395.0,Del0.8,0.17
X-5727,TSPY8,728403.0,Del0.8,0.17
X-5727,TSPYL1,7259.0,MutNovel,"V176VW,0.897"
X-5727,TTTY10,246119.0,Del0.8,0.17
X-5727,TTTY11,83866.0,Del0.8,0.17
X-5727,TTTY12,83867.0,Del0.8,0.17
X-5727,TTTY13,83868.0,Del0.8,0.17
X-5727,TTTY14,83869.0,Del0.8,0.17
X-5727,TTTY15,64595.0,Del0.8,0.17
X-5727,TTTY16,252948.0,Del0.8,0.17
X-5727,TTTY17A,252949.0,Del0.8,0.1
X-5727,TTTY17A,252949.0,Del0.8,0.06
X-5727,TTTY18,252950.0,Del0.8,0.17
X-5727,TTTY19,252952.0,Del0.8,0.17
X-5727,TTTY1B,100101116.0,Del0.8,0.17
X-5727,TTTY1B,100101116.0,Del0.8,0.17
X-5727,TTTY2,60439.0,Del0.8,0.17
X-5727,TTTY2,60439.0,Del0.8,0.17
X-5727,TTTY20,252951.0,Del0.8,0.17
X-5727,TTTY21,252953.0,Del0.8,0.17
X-5727,TTTY21,252953.0,Del0.8,0.17
X-5727,TTTY22,252954.0,Del0.8,0.17
X-5727,TTTY23,252955.0,Del0.8,0.17
X-5727,TTTY23,252955.0,Del0.8,0.17
X-5727,TTTY3,114760.0,Del0.8,0.17
X-5727,TTTY3,114760.0,Del0.8,0.09
X-5727,TTTY4,114761.0,Del0.8,0.1
X-5727,TTTY4,114761.0,Del0.8,0.06
X-5727,TTTY5,83863.0,Del0.8,0.17
X-5727,TTTY6,84672.0,Del0.8,0.17
X-5727,TTTY6,84672.0,Del0.8,0.17
X-5727,TTTY7,246122.0,Del0.8,0.17
X-5727,TTTY7,246122.0,Del0.8,0.17
X-5727,TTTY7B,100101120.0,Del0.8,0.17
X-5727,TTTY7B,100101120.0,Del0.8,0.17
X-5727,TTTY8,84673.0,Del0.8,0.17
X-5727,TTTY8,84673.0,Del0.8,0.17
X-5727,TTTY9A,83864.0,Del0.8,0.17
X-5727,TTTY9A,83864.0,Del0.8,0.17
X-5727,TUSC1,286319.0,Del0.8,0.28
X-5727,TXLNG2P,246126.0,Del0.8,0.17
X-5727,USP32P2,220594.0,Del0.8,0.59
X-5727,USP36,57602.0,MutNovel,"KKK958K,0.467"
X-5727,USP9Y,8287.0,Del0.8,0.17
X-5727,UTY,7404.0,Del0.8,0.17
X-5727,VCY,9084.0,Del0.8,0.17
X-5727,VCY,9084.0,Del0.8,0.17
X-5727,VPS13B,157680.0,MutNovel,"S3602P,0.438"
X-5727,VPS26A,9559.0,MutNovel,"K93E,0.496"
X-5727,WNT2,7472.0,Amp5,5.13
X-5727,XKR6,286046.0,Del0.8,0.72
X-5727,XKRX,402415.0,Amp5,5.94
X-5727,XKRY2,353515.0,Del0.8,0.17
X-5727,XKRY2,353515.0,Del0.8,0.17
X-5727,ZCCHC3,85364.0,MutNovel,"P180Q,1.000"
X-5727,ZDHHC11,79844.0,MutNovel,"A303D,0.474"
X-5727,ZDHHC11,79844.0,MutNovel,"V193I,0.630"
X-5727,ZFP42,132625.0,Del0.8,0.13
X-5727,ZFY,7544.0,Del0.8,0.17
X-5727,ZNF304,57343.0,MutNovel,"M243L,0.545"
X-5727,ZNF34,80778.0,MutNovel,"P418L,0.494"
X-5727,ZNF791,163049.0,MutNovel,"R292K,0.479"
X-5808,AAK1,22848.0,MutNovel,"V415A,1.000"
X-5808,ABCC10,89845.0,MutNovel,"V698A,0.308"
X-5808,ABCC5,10057.0,MutNovel,"R535G,0.692"
X-5808,ABCG2,9429.0,MutNovel,"R246Q,0.562"
X-5808,ABL1,25.0,MutNovel,"R13K,1.000"
X-5808,ACAD10,80724.0,MutNovel,"F959L,0.612"
X-5808,ACIN1,22985.0,MutNovel,"P1114L,0.221"
X-5808,ACOT8,10005.0,MutKnownFunctional,"-1R?,0.375"
X-5808,ACPP,55.0,MutNovel,"P64L,0.778"
X-5808,ACSM3,6296.0,MutKnownFunctional,"Q17*,0.692"
X-5808,ACTB,60.0,MutNovel,"E99K,0.478"
X-5808,ACTL6A,86.0,MutNovel,"P66L,0.653"
X-5808,ACTN1,87.0,MutNovel,"D785N,0.246"
X-5808,ACTR5,79913.0,MutNovel,"S571F,0.614"
X-5808,ADAM3A,1587.0,Del0.8,0.3
X-5808,ADAM5P,255926.0,Del0.8,0.68
X-5808,ADAMTS20,80070.0,MutKnownFunctional,"R603*,1.000"
X-5808,ADAMTS5,11096.0,MutNovel,"P228L,1.000"
X-5808,ADARB1,104.0,MutNovel,"S343F,0.493"
X-5808,ADAT2,134637.0,MutNovel,"P106L,0.600"
X-5808,ADCY1,107.0,MutNovel,"E472K,0.474"
X-5808,ADCY6,112.0,MutNovel,"L285F,0.753"
X-5808,ADCY9,115.0,MutNovel,"S948L,0.203"
X-5808,ADM2,79924.0,MutNovel,"A103V,0.556"
X-5808,ADPRHL1,113622.0,Del0.8,0.66
X-5808,ADPRHL2,54936.0,MutNovel,"S228F,0.528"
X-5808,AFF1,4299.0,MutNovel,"P920S,0.444"
X-5808,AFF4,27125.0,MutNovel,"P529S,0.609"
X-5808,AGAP2,116986.0,MutKnownFunctional,"E1039*,0.742"
X-5808,AGMO,392636.0,MutNovel,"H225Y,0.321"
X-5808,AGPAT9,84803.0,MutNovel,"G256E,0.692"
X-5808,AGRN,375790.0,MutNovel,"P15R,0.400"
X-5808,AGRN,375790.0,MutNovel,"P1046L,0.486"
X-5808,AHNAK,79026.0,MutNovel,"P5404S,0.420"
X-5808,AHNAK2,113146.0,MutNovel,"F5195L,0.752"
X-5808,AIM2,9447.0,MutNovel,"E186K,0.500"
X-5808,AKAP1,8165.0,MutNovel,"V85G,0.420"
X-5808,AKAP17A,8227.0,MutNovel,"P1562L,0.430"
X-5808,AKAP6,9472.0,MutNovel,"H2047Y,0.824"
X-5808,ALCAM,214.0,MutNovel,"D82N,1.000"
X-5808,ALDH5A1,7915.0,MutNovel,"F462L,0.222"
X-5808,ALS2CR11,151254.0,MutNovel,"V696I,1.000"
X-5808,ALS2CR12,130540.0,MutNovel,"M262I,1.000"
X-5808,AMDHD2,51005.0,MutNovel,"P177L,0.752"
X-5808,AMDHD2,51005.0,MutNovel,"R283C,0.798"
X-5808,AMELY,266.0,Del0.8,0.3
X-5808,AMOT,154796.0,MutNovel,"L278P,1.000"
X-5808,AMPD3,272.0,MutNovel,"F761L,0.312"
X-5808,AMY1A,276.0,Amp5,5.35
X-5808,ANK2,287.0,MutNovel,"P632S,0.346"
X-5808,ANK3,288.0,MutNovel,"S1138F,1.000"
X-5808,ANKRD29,147463.0,MutNovel,"H190Y,0.571"
X-5808,ANKRD30B,374860.0,MutNovel,"E762D,1.000"
X-5808,ANKRD30B,374860.0,MutNovel,"E796V,1.000"
X-5808,ANKRD30B,374860.0,MutNovel,"L827R,0.571"
X-5808,ANKRD30B,374860.0,MutNovel,"G832A,0.750"
X-5808,ANKRD30B,374860.0,MutNovel,"Q841R,0.400"
X-5808,ANKRD30B,374860.0,MutNovel,"L953V,0.667"
X-5808,ANKRD30B,374860.0,MutNovel,"N966H,0.571"
X-5808,ANKRD30B,374860.0,MutNovel,"T1052A,0.462"
X-5808,ANKRD30B,374860.0,MutNovel,"H1103R,0.308"
X-5808,ANKRD30B,374860.0,MutKnownFunctional,"-1196?,0.261"
X-5808,ANKRD30B,374860.0,MutNovel,"P1210H,0.270"
X-5808,ANKRD36,375248.0,MutNovel,"T998S,0.211"
X-5808,ANKRD5,63926.0,MutNovel,"P728L,0.706"
X-5808,ANKRD50,57182.0,MutNovel,"S1241F,0.581"
X-5808,ANKRD52,283373.0,MutNovel,"R875W,0.771"
X-5808,ANKRD6,22881.0,MutNovel,"S555F,0.327"
X-5808,ANO1,55107.0,MutNovel,"E362K,1.000"
X-5808,ANO6,196527.0,MutNovel,"G634R,0.777"
X-5808,AOC2,314.0,MutNovel,"P115L,0.700"
X-5808,AOC3,8639.0,MutNovel,"S301F,0.778"
X-5808,AP1M1,8907.0,MutNovel,"R237C,0.478"
X-5808,AP5M1,,MutNovel,"G364S,0.336"
X-5808,APAF1,317.0,MutNovel,"S238F,1.000"
X-5808,ARAP1,116985.0,MutNovel,"S999L,0.524"
X-5808,ARHGAP18,93663.0,MutNovel,"A438V,0.727"
X-5808,ARHGAP29,9411.0,MutNovel,"D562N,0.231"
X-5808,ARHGEF2,9181.0,MutNovel,"R317C,0.372"
X-5808,ARHGEF26,26084.0,MutNovel,"N266S,0.321"
X-5808,ARIH1,25820.0,MutNovel,"S514F,0.665"
X-5808,ARR3,407.0,MutNovel,"E374K,1.000"
X-5808,ARSI,340075.0,MutNovel,"R543C,0.990"
X-5808,ASAP2,8853.0,MutNovel,"P346S,0.362"
X-5808,ASAP3,55616.0,MutNovel,"P127S,0.446"
X-5808,ASXL2,55252.0,MutNovel,"P1309S,0.443"
X-5808,ATF6,22926.0,MutNovel,"S133F,0.635"
X-5808,ATG2A,23130.0,MutNovel,"S1269L,0.316"
X-5808,ATG2A,23130.0,MutNovel,"P724L,0.547"
X-5808,ATL1,51062.0,MutNovel,"E224K,0.560"
X-5808,ATM,472.0,MutNovel,"L1824F,0.389"
X-5808,ATM,472.0,MutNovel,"S2168L,0.436"
X-5808,ATP10B,23120.0,MutNovel,"S25L,1.000"
X-5808,ATP10D,57205.0,MutNovel,"S788F,0.600"
X-5808,ATP4B,496.0,Del0.8,0.66
X-5808,ATP5J,522.0,MutNovel,"L11F,0.482"
X-5808,ATP6V0A2,23545.0,MutNovel,"N477K,0.379"
X-5808,ATP6V0A2,23545.0,MutNovel,"P668S,0.478"
X-5808,ATR,545.0,MutNovel,"R2514C,0.385"
X-5808,ATRNL1,26033.0,MutNovel,"C961G,0.286"
X-5808,ATRNL1,26033.0,MutNovel,"R1262Q,1.000"
X-5808,ATRX,546.0,MutKnownFunctional,"W1958*,0.204"
X-5808,ATRX,546.0,MutKnownFunctional,"R907*,0.286"
X-5808,ATRX,546.0,MutNovel,"E683K,0.212"
X-5808,ATRX,546.0,MutNovel,"E31G,0.383"
X-5808,BACH1,571.0,MutKnownFunctional,"E358*,0.349"
X-5808,BAGE2,,MutNovel,"M20I,0.281"
X-5808,BAHCC1,57597.0,MutNovel,"P907S,0.500"
X-5808,BAI2,576.0,MutNovel,"P932L,0.692"
X-5808,BARD1,580.0,MutNovel,"R751W,1.000"
X-5808,BCAS2,10286.0,MutNovel,"E30K,0.444"
X-5808,BCL9L,283149.0,MutNovel,"P752L,0.450"
X-5808,BCORP1,286554.0,Del0.8,0.3
X-5808,BCR,613.0,MutKnownFunctional,"Q1099*,1.000"
X-5808,BDP1,55814.0,MutNovel,"D1412N,0.500"
X-5808,BECN1,8678.0,MutNovel,"R80C,0.514"
X-5808,BEX4,56271.0,MutNovel,"P120S,1.000"
X-5808,BFAR,51283.0,MutNovel,"L284F,0.750"
X-5808,BLM,641.0,MutNovel,"G1298R,0.735"
X-5808,BNIP1,662.0,MutNovel,"P4S,0.312"
X-5808,BOD1L1,,MutNovel,"G2063E,0.505"
X-5808,BPY2B,442867.0,Del0.8,0.2
X-5808,BPY2B,442867.0,Del0.8,0.2
X-5808,BRAF,673.0,MutNovel,"S447T,0.253"
X-5808,BRCA1,672.0,MutNovel,"V1735A,0.634"
X-5808,BRD1,23774.0,MutNovel,"P691S,0.422"
X-5808,BRWD1,54014.0,MutKnownFunctional,"R1433*,0.296"
X-5808,BRWD3,254065.0,MutNovel,"S483A,0.909"
X-5808,BTBD11,121551.0,MutNovel,"P452L,1.000"
X-5808,BTBD3,22903.0,MutKnownFunctional,"Q499*,0.444"
X-5808,BVES,11149.0,MutNovel,"R130Q,0.741"
X-5808,BZRAP1,9256.0,MutNovel,"E468K,0.688"
X-5808,C12orf29,91298.0,MutNovel,"N92I,1.000"
X-5808,C14orf126,112487.0,MutNovel,"D28N,0.209"
X-5808,C14orf43,91748.0,MutNovel,"P746L,0.322"
X-5808,C16orf57,79650.0,MutNovel,"P37L,0.435"
X-5808,C17orf53,78995.0,MutNovel,"S504F,0.534"
X-5808,C1orf168,199920.0,MutNovel,"E615K,1.000"
X-5808,C1orf172,126695.0,MutNovel,"D292N,0.667"
X-5808,C1orf204,284677.0,MutNovel,"P194S,0.667"
X-5808,C1orf27,54953.0,MutNovel,"P157S,0.261"
X-5808,C20orf132,140699.0,MutNovel,"S418N,0.350"
X-5808,C3,718.0,MutNovel,"R679Q,0.250"
X-5808,C3orf23,285343.0,MutNovel,"S192F,0.231"
X-5808,C6orf170,221322.0,MutNovel,"E402K,0.500"
X-5808,C8orf58,541565.0,MutNovel,"P218S,0.459"
X-5808,C9orf11,54586.0,Del0.8,0.33
X-5808,C9orf53,51198.0,Del0.8,0.33
X-5808,C9orf72,203228.0,Del0.8,0.33
X-5808,CA11,770.0,MutNovel,"P305F,0.250"
X-5808,CA11,770.0,MutNovel,"S69N,0.634"
X-5808,CALCOCO1,57658.0,MutKnownFunctional,"R346*,0.459"
X-5808,CAPN14,440854.0,MutKnownFunctional,"W11*,0.684"
X-5808,CASC5,57082.0,MutNovel,"K2214N,0.449"
X-5808,CASP4,837.0,MutNovel,"S366F,0.492"
X-5808,CASP8AP2,9994.0,MutNovel,"H170Y,0.594"
X-5808,CBR1,873.0,MutNovel,"G82E,0.560"
X-5808,CBX6,23466.0,MutNovel,"R308C,0.383"
X-5808,CCDC11,220136.0,MutNovel,"A220T,0.500"
X-5808,CCDC147,159686.0,MutNovel,"E210K,1.000"
X-5808,CCDC39,339829.0,MutKnownFunctional,"-887?,0.768"
X-5808,CCDC62,84660.0,MutNovel,"D46N,0.700"
X-5808,CCDC99,54908.0,MutKnownFunctional,"Q316*,0.427"
X-5808,CCHCR1,54535.0,MutNovel,"P795S,0.367"
X-5808,CCND1,595.0,MutNovel,"C38R,0.428"
X-5808,CCNT1,904.0,MutNovel,"S566F,0.661"
X-5808,CCNT2,905.0,MutNovel,"S280L,0.205"
X-5808,CCT6B,10693.0,MutNovel,"L38S,1.000"
X-5808,CDC16,8881.0,Del0.8,0.66
X-5808,CDC42EP1,11135.0,MutNovel,"PAPAANPS253P,1.000"
X-5808,CDH7,1005.0,MutNovel,"V236I,1.000"
X-5808,CDK12,51755.0,MutKnownFunctional,"Q244*,0.283"
X-5808,CDKN2A,1029.0,Del0.8,0.33
X-5808,CDKN2B,1030.0,Del0.8,0.62
X-5808,CDS1,1040.0,MutNovel,"P245S,0.500"
X-5808,CDY1B,253175.0,Del0.8,0.2
X-5808,CDY1B,253175.0,Del0.8,0.2
X-5808,CDY2A,9426.0,Del0.8,0.3
X-5808,CDY2A,9426.0,Del0.8,0.3
X-5808,CDY2B,203611.0,Del0.8,0.3
X-5808,CDY2B,203611.0,Del0.8,0.3
X-5808,CELSR2,1952.0,MutNovel,"E2750K,0.466"
X-5808,CELSR3,1951.0,MutNovel,"P698F,0.700"
X-5808,CENPK,64105.0,MutNovel,"P189S,0.629"
X-5808,CEP170,9859.0,MutNovel,"S1101F,0.495"
X-5808,CEP63,80254.0,MutNovel,"G76E,0.327"
X-5808,CES1P1,51716.0,Del0.8,0.5
X-5808,CGGBP1,8545.0,MutNovel,"I104F,0.644"
X-5808,CHAMP1,283489.0,Del0.8,0.66
X-5808,CHD3,1107.0,MutNovel,"S1278F,0.472"
X-5808,CHRFAM7A,89832.0,Del0.8,0.69
X-5808,CHRM3,1131.0,MutNovel,"T56I,0.343"
X-5808,CHST15,51363.0,MutKnownFunctional,"-456,1.000"
X-5808,CHTF18,63922.0,MutNovel,"P266L,0.820"
X-5808,CIC,23152.0,MutNovel,"P1536S,0.552"
X-5808,CIITA,4261.0,MutNovel,"C3F,0.800"
X-5808,CIITA,4261.0,MutNovel,"E352K,0.250"
X-5808,CIZ1,25792.0,MutNovel,"P194S,1.000"
X-5808,CLCN3,1182.0,MutNovel,"V431I,0.524"
X-5808,CLEC16A,23274.0,MutNovel,"S375F,0.792"
X-5808,CLK2,1196.0,MutNovel,"P400F,0.533"
X-5808,CLMP,79827.0,MutNovel,"L250F,0.242"
X-5808,CNST,163882.0,MutNovel,"P109S,0.302"
X-5808,COL11A1,1301.0,MutNovel,"R536W,1.000"
X-5808,COL12A1,1303.0,MutNovel,"S1723F,0.393"
X-5808,COL12A1,1303.0,MutNovel,"R1396Q,0.312"
X-5808,COL12A1,1303.0,MutNovel,"E875D,0.667"
X-5808,COL1A1,1277.0,MutNovel,"G716E,0.642"
X-5808,COL24A1,255631.0,MutNovel,"P661S,1.000"
X-5808,COL4A3,1285.0,MutNovel,"G1478E,1.000"
X-5808,COL4A4,1286.0,MutNovel,"G569E,1.000"
X-5808,COL4A6,1288.0,MutNovel,"G1157E,1.000"
X-5808,COL5A3,50509.0,MutNovel,"G692D,0.357"
X-5808,COL5A3,50509.0,MutNovel,"P654L,0.333"
X-5808,COL6A2,1292.0,MutNovel,"E386K,0.514"
X-5808,CORO2A,7464.0,MutNovel,"H223P,1.000"
X-5808,COX10,1352.0,MutNovel,"S346L,0.706"
X-5808,CPSF6,11052.0,MutNovel,"P262S,0.267"
X-5808,CRAMP1L,57585.0,MutNovel,"P513S,0.872"
X-5808,CREM,1390.0,MutNovel,"L293F,1.000"
X-5808,CRHBP,1393.0,MutNovel,"R203Q,0.778"
X-5808,CRIPAK,285464.0,MutNovel,"P285S,0.467"
X-5808,CRISPLD2,83716.0,MutNovel,"R485W,0.269"
X-5808,CRYBG3,,MutNovel,"R233Q,0.353"
X-5808,CSAD,51380.0,MutNovel,"P455L,0.716"
X-5808,CSAG3,389903.0,MutNovel,"P84S,0.625"
X-5808,CSAG3,389903.0,MutNovel,"L78F,0.472"
X-5808,CSAG3,389903.0,MutNovel,"R14K,0.895"
X-5808,CSE1L,1434.0,MutNovel,"S210F,0.522"
X-5808,CSGALNACT2,55454.0,MutNovel,"P477L,1.000"
X-5808,CSPG4P1Y,114758.0,Del0.8,0.2
X-5808,CSPG4P1Y,114758.0,Del0.8,0.2
X-5808,CTAGE5,4253.0,MutNovel,"E448K,0.300"
X-5808,CTSA,5476.0,MutNovel,"L29-,1.000"
X-5808,CTSO,1519.0,MutNovel,"D277G,0.417"
X-5808,CUZD1,50624.0,MutNovel,"S510F,1.000"
X-5808,CWC22,57703.0,MutNovel,"S524F,0.776"
X-5808,CWC22,57703.0,MutNovel,"R457C,0.203"
X-5808,CWC25,54883.0,MutNovel,"S117F,0.437"
X-5808,CYB5R3,1727.0,MutNovel,"P319S,0.504"
X-5808,CYLD,1540.0,MutNovel,"P771S,0.494"
X-5808,CYP2D6,1565.0,MutNovel,"N294S,0.800"
X-5808,CYTH2,9266.0,MutNovel,"P317S,0.496"
X-5808,DAGLA,747.0,MutNovel,"A22T,0.676"
X-5808,DAXX,1616.0,MutNovel,"S588F,0.388"
X-5808,DAZ1,1617.0,Del0.8,0.2
X-5808,DAZ2,57055.0,Del0.8,0.2
X-5808,DAZ3,57054.0,Del0.8,0.2
X-5808,DAZ3,57054.0,Del0.8,0.2
X-5808,DAZ4,57135.0,Del0.8,0.2
X-5808,DAZ4,57135.0,Del0.8,0.2
X-5808,DCP1B,196513.0,MutNovel,"P435L,0.352"
X-5808,DCUN1D2,55208.0,Del0.8,0.66
X-5808,DDB1,1642.0,MutNovel,"R642C,0.514"
X-5808,DDHD1,80821.0,MutNovel,"V553A,0.775"
X-5808,DDR1,780.0,MutNovel,"P601L,0.647"
X-5808,DDX17,10521.0,MutKnownFunctional,"Q634*,0.504"
X-5808,DDX31,64794.0,MutNovel,"R72K,1.000"
X-5808,DDX3Y,8653.0,Del0.8,0.3
X-5808,DDX60,55601.0,MutNovel,"E640K,0.395"
X-5808,DDX60L,91351.0,MutNovel,"S1083L,0.593"
X-5808,DDX60L,91351.0,MutNovel,"G879E,0.222"
X-5808,DDX60L,91351.0,MutNovel,"E609K,0.632"
X-5808,DGCR8,54487.0,MutNovel,"S434F,0.531"
X-5808,DGKA,1606.0,MutNovel,"N591S,0.667"
X-5808,DGKD,8527.0,MutNovel,"P833S,1.000"
X-5808,DHRS12,79758.0,MutNovel,"IM212M,0.821"
X-5808,DHX34,9704.0,MutNovel,"V893L,0.497"
X-5808,DHX35,60625.0,MutNovel,"S383F,0.583"
X-5808,DHX36,170506.0,MutNovel,"R196W,0.627"
X-5808,DHX58,79132.0,MutNovel,"A400V,0.618"
X-5808,DIDO1,11083.0,MutNovel,"S885L,0.389"
X-5808,DIP2A,23181.0,MutNovel,"P249S,0.244"
X-5808,DLGAP4,22839.0,MutNovel,"P913L,0.632"
X-5808,DLL3,10683.0,MutNovel,"G40V,0.333"
X-5808,DMRTA1,63951.0,Del0.8,0.27
X-5808,DMXL2,23312.0,MutNovel,"S1557P,0.524"
X-5808,DMXL2,23312.0,MutNovel,"P551S,0.500"
X-5808,DNA2,1763.0,MutNovel,"S725F,1.000"
X-5808,DNAH14,127602.0,MutNovel,"I1190N,1.000"
X-5808,DNAH2,146754.0,MutNovel,"S858N,0.571"
X-5808,DNAH2,146754.0,MutNovel,"E2072K,0.667"
X-5808,DNAJB12,54788.0,MutNovel,"S336F,1.000"
X-5808,DNAJC11,55735.0,MutNovel,"S204L,0.401"
X-5808,DNAJC16,23341.0,MutNovel,"D564N,0.472"
X-5808,DNMT3A,1788.0,MutNovel,"S417A,0.413"
X-5808,DOCK11,139818.0,MutNovel,"L565F,1.000"
X-5808,DOCK11,139818.0,MutNovel,"R1498K,1.000"
X-5808,DOK3,79930.0,MutNovel,"E276K,0.333"
X-5808,DOK3,79930.0,MutNovel,"P218L,0.800"
X-5808,DOPEY2,9980.0,MutNovel,"E1415K,0.424"
X-5808,DPYD,1806.0,MutNovel,"G679R,0.458"
X-5808,DRAM2,128338.0,MutKnownFunctional,"W165*,0.270"
X-5808,DST,667.0,MutNovel,"L389S,0.344"
X-5808,DTNA,1837.0,MutNovel,"R691H,0.333"
X-5808,DUOX2,50506.0,MutNovel,"S1330N,1.000"
X-5808,DVL1,1855.0,MutNovel,"Y470S,0.530"
X-5808,DVL3,1857.0,MutNovel,"D606N,0.390"
X-5808,DYM,54808.0,MutNovel,"S490F,0.402"
X-5808,DYNC1H1,1778.0,MutNovel,"P2044L,0.257"
X-5808,DYSF,8291.0,MutNovel,"R1898C,1.000"
X-5808,DZIP1,22873.0,MutNovel,"Q15R,0.714"
X-5808,E2F8,79733.0,MutNovel,"P503L,0.605"
X-5808,ECE1,1889.0,MutNovel,"S634F,0.588"
X-5808,EEF1D,1936.0,MutNovel,"S168F,0.256"
X-5808,EEFSEC,60678.0,MutNovel,"L374F,0.672"
X-5808,EFCAB11,90141.0,MutNovel,"R108C,0.709"
X-5808,EFTUD2,9343.0,MutNovel,"R826C,0.944"
X-5808,EGFR,1956.0,MutNovel,"S925L,0.368"
X-5808,EIF1AY,9086.0,Del0.8,0.3
X-5808,EIF2AK4,440275.0,MutNovel,"P1189S,0.429"
X-5808,EIF2C2,27161.0,MutNovel,"P415S,0.224"
X-5808,EIF3B,8662.0,MutNovel,"P177L,0.506"
X-5808,ELAVL2,1993.0,Del0.8,0.31
X-5808,EMB,133418.0,MutNovel,"G152E,1.000"
X-5808,EMG1,10436.0,MutNovel,"P50S,0.557"
X-5808,ENPP5,59084.0,MutNovel,"P202S,0.529"
X-5808,EPB41L2,2037.0,MutNovel,"G610E,0.611"
X-5808,EPG5,57724.0,MutNovel,"S2410F,0.411"
X-5808,EPG5,57724.0,MutNovel,"P1424S,0.507"
X-5808,EPHA2,1969.0,MutNovel,"S790F,0.524"
X-5808,EPN1,29924.0,MutNovel,"P203L,0.528"
X-5808,EPOR,2057.0,MutNovel,"P287L,0.466"
X-5808,EPRS,2058.0,MutNovel,"A1053V,0.241"
X-5808,ERAP2,64167.0,MutNovel,"G477E,0.649"
X-5808,ERGIC1,57222.0,MutNovel,"P127L,0.413"
X-5808,ESYT3,83850.0,MutNovel,"D381N,0.750"
X-5808,ESYT3,83850.0,MutNovel,"P546S,0.500"
X-5808,EVC,2121.0,MutNovel,"R3P,0.444"
X-5808,EVC2,132884.0,MutNovel,"A731V,0.214"
X-5808,EVL,51466.0,MutNovel,"S116F,0.318"
X-5808,EVL,51466.0,MutNovel,"T305I,0.292"
X-5808,EXD2,55218.0,MutNovel,"L95F,0.750"
X-5808,EZH2,2146.0,MutNovel,"P219S,0.497"
X-5808,F10,2159.0,Del0.8,0.69
X-5808,F7,2155.0,Del0.8,0.69
X-5808,FAM106A,80039.0,Del0.8,0.55
X-5808,FAM115A,9747.0,MutKnownFunctional,"W83*,0.268"
X-5808,FAM120C,54954.0,MutNovel,"P110RRP,1.000"
X-5808,FAM131A,131408.0,MutNovel,"R63S,0.752"
X-5808,FAM132A,388581.0,MutNovel,"P200S,0.474"
X-5808,FAM160B2,64760.0,MutNovel,"L92F,0.569"
X-5808,FAM173A,65990.0,MutNovel,"E8K,0.302"
X-5808,FAM18B2,201158.0,MutNovel,"M185K,1.000"
X-5808,FAM197Y2P,252946.0,Del0.8,0.3
X-5808,FAM214A,56204.0,MutNovel,"P893S,0.460"
X-5808,FAM35B,414241.0,Del0.8,0.59
X-5808,FAM40A,85369.0,MutNovel,"P397L,0.350"
X-5808,FAM41AY1,340618.0,Del0.8,0.3
X-5808,FAM41AY1,340618.0,Del0.8,0.3
X-5808,FAM59A,64762.0,MutNovel,"C665F,0.583"
X-5808,FAM59B,150946.0,MutNovel,"G498S,0.417"
X-5808,FAM70B,348013.0,Del0.8,0.66
X-5808,FAM82A2,55177.0,MutNovel,"G251R,0.466"
X-5808,FANCM,57697.0,MutNovel,"H1753Y,0.318"
X-5808,FARP1,10160.0,MutNovel,"P121S,1.000"
X-5808,FASN,2194.0,MutNovel,"A1321V,0.596"
X-5808,FBN1,2200.0,MutNovel,"A1899V,0.400"
X-5808,FBN1,2200.0,MutNovel,"G1441R,0.625"
X-5808,FBP1,2203.0,MutNovel,"A315T,1.000"
X-5808,FBXO15,201456.0,MutNovel,"S127L,0.667"
X-5808,FBXO38,81545.0,MutNovel,"P453L,0.652"
X-5808,FBXO46,23403.0,MutNovel,"S453L,0.535"
X-5808,FCGRT,2217.0,MutNovel,"S297F,0.442"
X-5808,FDXR,2232.0,MutNovel,"A2V,0.694"
X-5808,FGD6,55785.0,MutNovel,"S484F,1.000"
X-5808,FGFR1,2260.0,MutNovel,"C634W,0.471"
X-5808,FGGY,55277.0,MutNovel,"R109Q,0.645"
X-5808,FLJ35282,441389.0,Del0.8,0.26
X-5808,FLRT1,23769.0,MutNovel,"R662Q,1.000"
X-5808,FLRT3,23767.0,MutNovel,"R151Q,0.506"
X-5808,FMN2,56776.0,MutNovel,"S1702L,1.000"
X-5808,FMNL2,114793.0,MutNovel,"D56N,0.400"
X-5808,FMR1NB,158521.0,MutNovel,"R13K,1.000"
X-5808,FNBP4,23360.0,MutNovel,"P1001S,0.498"
X-5808,FOLH1,2346.0,MutNovel,"G206R,1.000"
X-5808,FOLH1,2346.0,MutNovel,"Y176H,1.000"
X-5808,FOLH1B,219595.0,MutNovel,"E187K,1.000"
X-5808,FOS,2353.0,MutNovel,"S288F,0.465"
X-5808,FOSB,2354.0,MutNovel,"P230L,0.500"
X-5808,FOSL1,8061.0,MutNovel,"G15S,0.508"
X-5808,FOXN2,3344.0,MutNovel,"G363E,0.580"
X-5808,FOXO6,,MutNovel,"P518L,0.385"
X-5808,FREM1,158326.0,MutKnownFunctional,"W2160*,0.989"
X-5808,FREM1,158326.0,MutNovel,"P2131L,0.664"
X-5808,FRG1,2483.0,MutNovel,"L231I,0.887"
X-5808,FRMD8,83786.0,MutKnownFunctional,"-16,0.504"
X-5808,FRYL,285527.0,MutKnownFunctional,"R1950*,0.231"
X-5808,FRYL,285527.0,MutNovel,"P1323L,0.654"
X-5808,FURIN,5045.0,MutNovel,"S758F,0.289"
X-5808,FUS,2521.0,MutNovel,"G456E,0.804"
X-5808,GABRE,2564.0,MutNovel,"D135N,1.000"
X-5808,GABRQ,55879.0,MutNovel,"V208I,0.923"
X-5808,GAGE12C,,MutNovel,"M23V,0.571"
X-5808,GAGE12D,100132399.0,MutNovel,"M23V,0.333"
X-5808,GAGE12E,,MutNovel,"M23V,0.444"
X-5808,GAGE12G,,MutNovel,"Y9C,0.382"
X-5808,GAGE12G,,MutNovel,"M23V,0.379"
X-5808,GAGE12H,,MutNovel,"R13S,0.455"
X-5808,GAGE12J,729396.0,MutNovel,"M97V,1.000"
X-5808,GAGE13,645051.0,MutNovel,"M97V,0.786"
X-5808,GAGE2D,729408.0,MutNovel,"M96V,0.341"
X-5808,GAGE2E,26749.0,MutNovel,"M96V,0.833"
X-5808,GALNT2,2590.0,MutNovel,"P72S,0.747"
X-5808,GALNTL4,374378.0,MutNovel,"A381V,0.642"
X-5808,GAS2L1,10634.0,MutNovel,"P679L,0.484"
X-5808,GAS6,2621.0,Del0.8,0.66
X-5808,GBE1,2632.0,MutNovel,"S308F,0.692"
X-5808,GEMIN5,25929.0,MutKnownFunctional,"W373*,0.222"
X-5808,GFOD2,81577.0,MutNovel,"S161T,0.370"
X-5808,GFRA1,2674.0,MutNovel,"E386K,1.000"
X-5808,GIGYF2,26058.0,MutNovel,"PQ1231P,1.000"
X-5808,GIMAP2,26157.0,MutNovel,"L43F,0.438"
X-5808,GIMAP2,26157.0,MutNovel,"E149K,0.571"
X-5808,GJC1,10052.0,MutNovel,"V353A,0.539"
X-5808,GLB1,2720.0,MutNovel,"P513S,0.584"
X-5808,GLRA2,2742.0,MutNovel,"E334K,1.000"
X-5808,GLRB,2743.0,MutNovel,"S14F,0.457"
X-5808,GLRB,2743.0,MutNovel,"D193N,0.393"
X-5808,GLRB,2743.0,MutNovel,"E236K,0.412"
X-5808,GLT8D1,55830.0,MutNovel,"R362Q,0.294"
X-5808,GLYATL2,219970.0,MutNovel,"F276L,0.600"
X-5808,GM2A,2760.0,MutNovel,"P165S,0.458"
X-5808,GMEB1,10691.0,MutNovel,"L304F,0.453"
X-5808,GNAI2,2771.0,MutNovel,"R179C,0.644"
X-5808,GNAI2,2771.0,MutNovel,"L269F,0.656"
X-5808,GNL1,2794.0,MutNovel,"L253F,0.331"
X-5808,GNS,2799.0,MutNovel,"P224T,0.248"
X-5808,GOLGA2P2Y,84559.0,Del0.8,0.2
X-5808,GOLGA2P2Y,84559.0,Del0.8,0.2
X-5808,GOT1,2805.0,MutNovel,"L178P,1.000"
X-5808,GPATCH8,23131.0,MutNovel,"R716Q,0.471"
X-5808,GPKOW,27238.0,MutNovel,"G245E,0.339"
X-5808,GPKOW,27238.0,MutNovel,"E156K,0.266"
X-5808,GPNMB,10457.0,MutNovel,"P330H,0.578"
X-5808,GPR116,221395.0,MutNovel,"N1244S,1.000"
X-5808,GPR158,57512.0,MutNovel,"R752C,1.000"
X-5808,GPR158,57512.0,MutNovel,"R789K,1.000"
X-5808,GPR98,84059.0,MutNovel,"P1233S,0.941"
X-5808,GPR98,84059.0,MutNovel,"S4046F,1.000"
X-5808,GPR98,84059.0,MutNovel,"S4197F,0.333"
X-5808,GPR98,84059.0,MutNovel,"R5277C,0.857"
X-5808,GRK1,6011.0,Del0.8,0.66
X-5808,GRTP1,79774.0,Del0.8,0.66
X-5808,GSTT1,2952.0,Amp5,5.46
X-5808,GTF3C5,9328.0,MutNovel,"P372L,1.000"
X-5808,GYG2,8908.0,MutNovel,"G248E,0.601"
X-5808,GYG2,8908.0,MutNovel,"P434S,0.440"
X-5808,GYG2P1,352887.0,Del0.8,0.3
X-5808,HAL,3034.0,MutNovel,"E653K,1.000"
X-5808,HDAC7,51564.0,MutNovel,"S288F,0.235"
X-5808,HDAC9,9734.0,MutNovel,"G1022D,0.286"
X-5808,HEATR5A,25938.0,MutNovel,"G1725R,0.247"
X-5808,HEATR5B,54497.0,MutNovel,"G386E,0.425"
X-5808,HHIPL1,84439.0,MutNovel,"G523S,0.667"
X-5808,HIST1H3B,8358.0,MutNovel,"E134K,0.227"
X-5808,HIVEP2,3097.0,MutNovel,"P474S,0.250"
X-5808,HLA-G,3135.0,MutNovel,"S28F,0.714"
X-5808,HLA-G,3135.0,MutNovel,"I123F,1.000"
X-5808,HLA-G,3135.0,MutNovel,"E138D,1.000"
X-5808,HMCN1,83872.0,MutNovel,"P935S,0.320"
X-5808,HNRNPM,4670.0,MutNovel,"R550C,0.506"
X-5808,HNRNPU,3192.0,MutNovel,"G64K,0.406"
X-5808,HPRT1,3251.0,MutNovel,"H27Y,1.000"
X-5808,HRNR,388697.0,MutNovel,"R2167C,0.500"
X-5808,HS3ST1,9957.0,MutNovel,"S238L,0.889"
X-5808,HSF4,3299.0,MutNovel,"G251D,0.317"
X-5808,HSFY2,159119.0,Del0.8,0.3
X-5808,HSFY2,159119.0,Del0.8,0.3
X-5808,HSPG2,3339.0,MutNovel,"A1640V,0.608"
X-5808,HTR3C,170572.0,MutKnownFunctional,"Q135*,1.000"
X-5808,HTT,3064.0,MutNovel,"S281L,0.438"
X-5808,HUWE1,10075.0,MutNovel,"D2612E,0.995"
X-5808,IARS,3376.0,MutNovel,"P631S,1.000"
X-5808,IDS,3423.0,MutNovel,"E392K,0.298"
X-5808,IFI35,3430.0,MutNovel,"R135Q,0.393"
X-5808,IFNK,56832.0,Del0.8,0.33
X-5808,IFT74,80173.0,Del0.8,0.33
X-5808,IGHMBP2,3508.0,MutNovel,"S113L,0.312"
X-5808,IGSF10,285313.0,MutNovel,"R644C,1.000"
X-5808,IKBKE,9641.0,MutKnownFunctional,"R650*,0.685"
X-5808,IL12RB1,3594.0,MutNovel,"S400N,0.667"
X-5808,IL12RB1,3594.0,MutNovel,"S244L,0.435"
X-5808,IL17RC,84818.0,MutNovel,"D123N,0.421"
X-5808,IL18RAP,8807.0,MutNovel,"G357E,0.667"
X-5808,IL1B,3553.0,MutNovel,"G149R,0.839"
X-5808,IL1B,3553.0,MutNovel,"D116N,0.789"
X-5808,IL22RA1,58985.0,MutNovel,"P516S,0.405"
X-5808,IL7R,3575.0,MutNovel,"H309Y,1.000"
X-5808,IMP3,55272.0,MutNovel,"E172K,0.348"
X-5808,INO80,54617.0,MutNovel,"N883I,0.634"
X-5808,INPP5J,27124.0,MutNovel,"G637R,0.596"
X-5808,INSR,3643.0,MutNovel,"E876K,0.493"
X-5808,INTS1,26173.0,MutNovel,"A1509V,0.446"
X-5808,IPO4,79711.0,MutNovel,"S433L,0.279"
X-5808,IQGAP1,8826.0,MutNovel,"R142Q,0.595"
X-5808,IQSEC1,9922.0,MutNovel,"P311L,0.612"
X-5808,IRGQ,126298.0,MutNovel,"P498S,0.364"
X-5808,ISCA2,122961.0,MutNovel,"S7L,0.656"
X-5808,ITCH,83737.0,MutNovel,"H869Y,0.406"
X-5808,ITGA4,3676.0,MutNovel,"A527T,0.756"
X-5808,ITGA5,3678.0,MutNovel,"P884S,0.822"
X-5808,ITGAM,3684.0,MutNovel,"G893E,1.000"
X-5808,ITGAV,3685.0,MutNovel,"V805A,0.779"
X-5808,ITGB4,3691.0,MutNovel,"G170E,0.333"
X-5808,ITLN2,142683.0,MutNovel,"E242K,0.829"
X-5808,ITM2B,9445.0,MutNovel,"I119F,0.534"
X-5808,ITPR1,3708.0,MutNovel,"E208K,0.261"
X-5808,ITPR2,3709.0,MutNovel,"P165S,0.407"
X-5808,JAKMIP2,9832.0,MutNovel,"R410Q,0.556"
X-5808,JAKMIP2,9832.0,MutNovel,"R309Q,0.353"
X-5808,JRKL,8690.0,MutKnownFunctional,"R275*,0.348"
X-5808,KANSL2,54934.0,MutNovel,"P399S,0.741"
X-5808,KAT6B,23522.0,MutNovel,"P1382S,1.000"
X-5808,KBTBD2,25948.0,MutNovel,"N532T,0.249"
X-5808,KCNE1,3753.0,MutNovel,"S105L,0.455"
X-5808,KCNE1,3753.0,MutNovel,"S28L,0.300"
X-5808,KCNH1,3756.0,MutNovel,"P236S,0.750"
X-5808,KCNH5,27133.0,MutNovel,"E912K,1.000"
X-5808,KCNJ14,3770.0,MutNovel,"P382S,0.480"
X-5808,KCNQ5,56479.0,MutKnownFunctional,"W252*,0.571"
X-5808,KDM5C,8242.0,MutNovel,"L791F,0.581"
X-5808,KDM5C,8242.0,MutNovel,"S287L,0.572"
X-5808,KDM5D,8284.0,Del0.8,0.3
X-5808,KEL,3792.0,MutNovel,"E309K,0.600"
X-5808,KIAA0195,9772.0,MutKnownFunctional,"W1291*,0.354"
X-5808,KIAA0319,9856.0,MutNovel,"E258K,0.750"
X-5808,KIAA0664,23277.0,MutNovel,"S752A,1.000"
X-5808,KIAA1009,22832.0,MutNovel,"V1313M,0.719"
X-5808,KIAA1009,22832.0,MutNovel,"S544L,0.625"
X-5808,KIAA1107,23285.0,MutNovel,"E1073K,0.391"
X-5808,KIAA1147,57189.0,MutNovel,"P266L,0.432"
X-5808,KIAA1191,57179.0,MutNovel,"M43I,0.295"
X-5808,KIAA1199,57214.0,MutNovel,"H583Y,0.711"
X-5808,KIAA1217,56243.0,MutNovel,"D1772N,1.000"
X-5808,KIAA1383,54627.0,MutNovel,"P633S,0.615"
X-5808,KIAA1614,57710.0,MutNovel,"S258F,0.750"
X-5808,KIAA1671,85379.0,MutNovel,"E1693K,0.364"
X-5808,KIF13A,63971.0,MutKnownFunctional,"R173*,0.235"
X-5808,KIF13A,63971.0,MutNovel,"ME150IK,0.333"
X-5808,KIF13B,23303.0,MutNovel,"P1296S,0.645"
X-5808,KIF14,9928.0,MutKnownFunctional,"R1301*,0.481"
X-5808,KIF14,9928.0,MutNovel,"R1072W,0.533"
X-5808,KIF20B,9585.0,MutNovel,"L1062LKV,1.000"
X-5808,KIF4A,24137.0,MutNovel,"R906Q,0.445"
X-5808,KIF5C,3800.0,MutNovel,"R619K,0.712"
X-5808,KLC1,3831.0,MutNovel,"T409S,0.716"
X-5808,KLF2,10365.0,MutNovel,"D317G,0.488"
X-5808,KLHL13,90293.0,MutNovel,"E618K,1.000"
X-5808,KLHL2,11275.0,MutNovel,"P83S,0.458"
X-5808,KLHL22,84861.0,MutNovel,"D458N,0.514"
X-5808,KLHL24,54800.0,MutNovel,"R485C,0.287"
X-5808,KRAS,3845.0,MutKnownFunctional,"G12S,0.537"
X-5808,KREMEN1,83999.0,MutNovel,"L404P,0.488"
X-5808,KRT8,3856.0,MutNovel,"E192K,0.259"
X-5808,L3MBTL1,26013.0,MutNovel,"S405N,0.462"
X-5808,L3MBTL1,26013.0,MutNovel,"D559N,0.357"
X-5808,L3MBTL1,26013.0,MutNovel,"P581L,0.333"
X-5808,LAMA1,284217.0,MutNovel,"S3035L,0.688"
X-5808,LAMA1,284217.0,MutNovel,"S1098L,0.500"
X-5808,LAMA5,3911.0,MutNovel,"P1380S,0.600"
X-5808,LAMA5,3911.0,MutNovel,"R1066C,0.800"
X-5808,LAMP1,3916.0,Del0.8,0.66
X-5808,LAMP3,27074.0,MutNovel,"D357N,1.000"
X-5808,LARP1,23367.0,MutNovel,"V569A,0.268"
X-5808,LCE3C,353144.0,Del0.8,0.18
X-5808,LEPR,3953.0,MutNovel,"M867I,0.400"
X-5808,LFNG,3955.0,MutNovel,"E283K,0.800"
X-5808,LGALS9C,654346.0,Del0.8,0.55
X-5808,LGI4,163175.0,MutNovel,"S267F,0.609"
X-5808,LIMK1,3984.0,MutNovel,"S179L,0.443"
X-5808,LINC00032,158035.0,Del0.8,0.33
X-5808,LINGO2,158038.0,Del0.8,0.4
X-5808,LLGL1,3996.0,MutNovel,"V554M,0.231"
X-5808,LMO7,4008.0,MutKnownFunctional,"Q134*,1.000"
X-5808,LMO7,4008.0,MutNovel,"L1129F,1.000"
X-5808,LNPEP,4012.0,MutKnownFunctional,"E542*,0.300"
X-5808,LOC100129520,100129520.0,MutNovel,"E701K,0.267"
X-5808,LOC100287368,,MutNovel,"A41V,1.000"
X-5808,LOC100287837,,MutNovel,"E388K,0.708"
X-5808,LOC100288568,,MutNovel,"H197Y,0.267"
X-5808,LOC100506394,100506394.0,Del0.8,0.66
X-5808,LOC100506422,100506422.0,Del0.8,0.35
X-5808,LOC100653168,,MutNovel,"S272A,0.422"
X-5808,LOC100996241,,MutNovel,"Y283H,0.600"
X-5808,LOC100996633,,MutNovel,"T34S,0.750"
X-5808,LOC100996689,,MutNovel,"D237E,0.857"
X-5808,LOC100996689,,MutNovel,"R222T,0.667"
X-5808,LOC391322,391322.0,Amp5,5.46
X-5808,LOC642799,,MutNovel,"H146Q,1.000"
X-5808,LOC730268,,MutNovel,"R437Q,1.000"
X-5808,LPGAT1,9926.0,MutNovel,"S71F,0.632"
X-5808,LRBA,987.0,MutNovel,"S1498F,0.721"
X-5808,LRCH2,57631.0,MutNovel,"D405N,1.000"
X-5808,LRP11,84918.0,MutNovel,"L186F,0.871"
X-5808,LRP6,4040.0,MutKnownFunctional,"R335*,0.361"
X-5808,LRRC19,64922.0,Del0.8,0.33
X-5808,LRRC40,55631.0,MutNovel,"P580S,0.261"
X-5808,LSM5,23658.0,MutNovel,"H27Y,0.466"
X-5808,LSR,51599.0,MutNovel,"G518GR,1.000"
X-5808,LTBP4,8425.0,MutNovel,"E457K,0.645"
X-5808,LUM,4060.0,MutNovel,"L207F,1.000"
X-5808,LY6G5B,58496.0,MutNovel,"Y103H,0.212"
X-5808,LZIC,84328.0,MutNovel,"L110S,0.445"
X-5808,MACROD2,140733.0,MutNovel,"S156F,0.674"
X-5808,MADD,8567.0,MutNovel,"H123Y,0.606"
X-5808,MAGEA2,4101.0,MutNovel,"E311K,0.615"
X-5808,MAGEA2,4101.0,MutNovel,"M247T,0.800"
X-5808,MAGEA2,4101.0,MutNovel,"M135R,0.429"
X-5808,MAGEA2,4101.0,MutNovel,"S87F,0.750"
X-5808,MAGEA2B,,MutNovel,"E311K,0.750"
X-5808,MAGED1,9500.0,MutNovel,"P380L,1.000"
X-5808,MAGT1,84061.0,MutNovel,"G90R,0.431"
X-5808,MAN1C1,57134.0,MutNovel,"E231K,0.561"
X-5808,MANBA,4126.0,MutNovel,"S221F,0.500"
X-5808,MANSC1,54682.0,MutKnownFunctional,"Q174*,0.727"
X-5808,MAP2,4133.0,MutNovel,"V247I,1.000"
X-5808,MAP3K11,4296.0,MutNovel,"F698R,0.490"
X-5808,MAP3K7,6885.0,MutNovel,"H154Y,0.231"
X-5808,MAP7,9053.0,MutNovel,"S485L,0.724"
X-5808,MAP7,9053.0,MutNovel,"P415S,0.586"
X-5808,MAP7D1,55700.0,MutNovel,"P27S,0.518"
X-5808,MAPK8IP2,23542.0,MutNovel,"P296L,0.700"
X-5808,MAST4,375449.0,MutNovel,"P2135L,0.400"
X-5808,MAT2B,27430.0,MutNovel,"P145L,0.313"
X-5808,MATR3,9782.0,MutNovel,"S264F,0.342"
X-5808,MAU2,23383.0,MutNovel,"AAAAQ6A,0.263"
X-5808,MBD5,55777.0,MutNovel,"P341S,0.300"
X-5808,MBD5,55777.0,MutNovel,"M801T,0.700"
X-5808,MBD5,55777.0,MutNovel,"R1299Q,0.273"
X-5808,MC1R,4157.0,MutKnownFunctional,"-29?,0.448"
X-5808,MC5R,4161.0,MutNovel,"W251S,0.364"
X-5808,MCF2L,23263.0,Del0.8,0.69
X-5808,MCF2L-AS1,100289410.0,Del0.8,0.69
X-5808,MCIN,,MutNovel,"S340N,1.000"
X-5808,MCM8,84515.0,MutKnownFunctional,"Q294*,0.233"
X-5808,MCTP1,79772.0,MutNovel,"G645E,0.425"
X-5808,MCTP1,79772.0,MutNovel,"D332N,0.550"
X-5808,MCTP1,79772.0,MutNovel,"G292E,0.521"
X-5808,MCTP1,79772.0,MutKnownFunctional,"R278*,0.356"
X-5808,MCTP1,79772.0,MutNovel,"G259E,0.644"
X-5808,MED12L,116931.0,MutNovel,"V454M,0.714"
X-5808,MED13L,23389.0,MutNovel,"P554S,0.439"
X-5808,MEF2A,4205.0,MutNovel,"QQ412-,0.500"
X-5808,MELK,9833.0,MutNovel,"R331C,1.000"
X-5808,MESDC1,59274.0,MutNovel,"R168C,0.333"
X-5808,MET,4233.0,MutNovel,"P657S,0.293"
X-5808,METTL2A,339175.0,MutNovel,"P372L,0.520"
X-5808,MEX3D,399664.0,MutNovel,"S248F,0.460"
X-5808,MGLL,11343.0,MutNovel,"G308E,0.708"
X-5808,MINK1,50488.0,MutNovel,"R940C,0.995"
X-5808,MIR4675,100616383.0,Del0.8,0.74
X-5808,MIR873,100126316.0,Del0.8,0.32
X-5808,MIR876,100126310.0,Del0.8,0.32
X-5808,MLANA,2315.0,MutNovel,"Y104N,0.991"
X-5808,MLIP,90523.0,MutNovel,"L56F,0.444"
X-5808,MLL,4297.0,MutKnownFunctional,"R745*,0.300"
X-5808,MLL,4297.0,MutNovel,"P1770S,0.613"
X-5808,MLL2,8085.0,MutNovel,"P2894S,0.729"
X-5808,MLL3,58508.0,MutNovel,"G4069S,0.426"
X-5808,MLL4,9757.0,MutKnownFunctional,"Q2483*,0.335"
X-5808,MLPH,79083.0,MutNovel,"P70S,1.000"
X-5808,MME,4311.0,MutNovel,"E280K,0.560"
X-5808,MMP17,4326.0,MutNovel,"S486T,0.312"
X-5808,MOB3B,79817.0,Del0.8,0.33
X-5808,MORC1,27136.0,MutNovel,"E983K,0.421"
X-5808,MORC1,27136.0,MutNovel,"E907K,0.579"
X-5808,MORF4L2,9643.0,MutNovel,"S8F,0.358"
X-5808,MPP3,4356.0,MutKnownFunctional,"Q292*,0.294"
X-5808,MPP6,51678.0,MutNovel,"Q191H,0.507"
X-5808,MPRIP,23164.0,MutNovel,"TS178T,0.534"
X-5808,MRGPRF,116535.0,MutNovel,"MV244II,0.611"
X-5808,MRGPRF,116535.0,MutNovel,"MD197IN,0.457"
X-5808,MRPL48,51642.0,MutNovel,"P179S,0.537"
X-5808,MSH2,4436.0,MutLikelyFunctional,"G322D,0.431"
X-5808,MSL3,10943.0,MutNovel,"P317S,0.342"
X-5808,MSMP,692094.0,MutNovel,"G50E,1.000"
X-5808,MT1G,4495.0,MutNovel,"S54L,0.579"
X-5808,MT1H,4496.0,MutNovel,"G11V,1.000"
X-5808,MT1H,4496.0,MutNovel,"A16T,1.000"
X-5808,MTUS1,57509.0,MutNovel,"V255I,0.639"
X-5808,MTX1,4580.0,MutNovel,"F351L,0.564"
X-5808,MVP,9961.0,MutNovel,"S873F,0.244"
X-5808,MX1,4599.0,MutNovel,"S43N,0.420"
X-5808,MYADML2,255275.0,MutNovel,"R112Q,1.000"
X-5808,MYEOV,26579.0,MutNovel,"L311I,0.493"
X-5808,MYH15,22989.0,MutNovel,"E1230K,1.000"
X-5808,MYLK,4638.0,MutNovel,"E1380K,0.359"
X-5808,MYNN,55892.0,MutNovel,"E534D,0.704"
X-5808,MYO7A,4647.0,MutNovel,"E2094K,0.389"
X-5808,MYO9A,4649.0,MutNovel,"F541L,0.375"
X-5808,MYO9A,4649.0,MutNovel,"S497F,0.714"
X-5808,MYO9B,4650.0,MutKnownFunctional,"Q830*,0.205"
X-5808,MYO9B,4650.0,MutNovel,"S1842L,0.786"
X-5808,MYOM1,8736.0,MutNovel,"R483C,0.600"
X-5808,MYOZ2,51778.0,MutNovel,"E133K,0.538"
X-5808,N4BP2,55728.0,MutNovel,"Q1462P,0.667"
X-5808,NACA2,342538.0,MutNovel,"V215M,1.000"
X-5808,NACC2,138151.0,MutNovel,"P572L,1.000"
X-5808,NAP1L3,4675.0,MutNovel,"R107C,1.000"
X-5808,NARG2,79664.0,MutNovel,"C492W,0.536"
X-5808,NAT10,55226.0,MutNovel,"S712F,0.426"
X-5808,NAV2,89797.0,MutNovel,"P2399S,0.514"
X-5808,NBEA,26960.0,MutNovel,"R264C,0.545"
X-5808,NBPF10,100132406.0,MutNovel,"A372T,1.000"
X-5808,NBPF10,100132406.0,MutNovel,"R392L,0.429"
X-5808,NCEH1,57552.0,MutNovel,"P191S,0.341"
X-5808,NCOA3,8202.0,MutNovel,"Q1255-,0.418"
X-5808,NCOR1,9611.0,MutNovel,"P924L,0.257"
X-5808,NCOR2,9612.0,MutNovel,"S2277F,0.406"
X-5808,NCOR2,9612.0,MutNovel,"G1839GAAA,0.940"
X-5808,NCOR2,9612.0,MutNovel,"P1213S,0.636"
X-5808,NCOR2,9612.0,MutNovel,"-511S,0.470"
X-5808,NCRNA00185,55410.0,Del0.8,0.3
X-5808,NDFIP2,54602.0,MutNovel,"P172S,0.995"
X-5808,NDUFA7,4701.0,MutNovel,"P42S,0.431"
X-5808,NDUFA9,4704.0,MutNovel,"D205N,0.569"
X-5808,NECAB3,63941.0,MutNovel,"S204L,0.295"
X-5808,NEK1,4750.0,MutNovel,"P682L,0.538"
X-5808,NFATC3,4775.0,MutNovel,"F495L,0.472"
X-5808,NFXL1,152518.0,MutNovel,"K803R,0.551"
X-5808,NFXL1,152518.0,MutNovel,"P280S,0.562"
X-5808,NGF,4803.0,MutNovel,"S43F,0.778"
X-5808,NID1,4811.0,MutNovel,"H361Y,0.767"
X-5808,NIPSNAP1,8508.0,MutNovel,"P265L,0.416"
X-5808,NKG7,4818.0,MutNovel,"P82S,1.000"
X-5808,NKTR,4820.0,MutNovel,"S1420N,0.292"
X-5808,NKX6-1,4825.0,MutNovel,"M7I,0.786"
X-5808,NLGN4Y,22829.0,Del0.8,0.3
X-5808,NLRC5,84166.0,MutNovel,"P973L,0.615"
X-5808,NLRX1,79671.0,MutNovel,"P28L,0.500"
X-5808,NOL6,65083.0,MutNovel,"P994L,0.996"
X-5808,NOLC1,9221.0,MutNovel,"E594K,1.000"
X-5808,NOTCH1,4851.0,MutNovel,"T250I,0.982"
X-5808,NPHP4,261734.0,MutNovel,"V405M,0.321"
X-5808,NR1H2,7376.0,MutNovel,"-173Q,1.000"
X-5808,NSDHL,50814.0,MutNovel,"F239L,0.959"
X-5808,NSUN2,54888.0,MutNovel,"G109D,0.375"
X-5808,NT5M,56953.0,MutNovel,"E148K,0.829"
X-5808,NTM,50863.0,MutNovel,"T192P,0.234"
X-5808,NYAP1,222950.0,MutNovel,"P161L,0.700"
X-5808,OAS1,4938.0,MutNovel,"S138L,0.497"
X-5808,OBSCN,84033.0,MutNovel,"M4295I,0.667"
X-5808,ODZ1,10178.0,MutNovel,"G576R,1.000"
X-5808,OFD1,8481.0,MutNovel,"R270K,0.422"
X-5808,OGDH,4967.0,MutNovel,"P480L,0.541"
X-5808,OLFML2B,25903.0,MutNovel,"S253F,0.486"
X-5808,OPA1,4976.0,MutNovel,"I24V,0.711"
X-5808,OR51B2,79345.0,MutNovel,"S165L,1.000"
X-5808,OR51B2,79345.0,MutNovel,"S163L,1.000"
X-5808,OR56A3,390083.0,MutNovel,"R126C,0.571"
X-5808,ORAI1,84876.0,MutNovel,"PP43-,1.000"
X-5808,OSR2,116039.0,MutNovel,"H190Y,0.583"
X-5808,OVGP1,5016.0,MutNovel,"G427E,0.357"
X-5808,OXR1,55074.0,MutNovel,"S14F,0.700"
X-5808,PACS1,55690.0,MutNovel,"S58L,0.500"
X-5808,PALM3,342979.0,MutNovel,"G234E,0.556"
X-5808,PANX1,24145.0,MutNovel,"A157S,0.519"
X-5808,PAPPA,5069.0,MutNovel,"P793S,1.000"
X-5808,PARP12,64761.0,MutNovel,"D657N,0.557"
X-5808,PARP4,143.0,MutNovel,"G1003S,0.475"
X-5808,PARVB,29780.0,MutNovel,"S221P,0.532"
X-5808,PASD1,139135.0,MutNovel,"S283F,0.996"
X-5808,PAXIP1,22976.0,MutKnownFunctional,"Q533*,0.407"
X-5808,PBX1,5087.0,MutNovel,"E174K,1.000"
X-5808,PCCA,5095.0,MutNovel,"M693I,1.000"
X-5808,PCDH11Y,83259.0,Del0.8,0.45
X-5808,PCDH12,51294.0,MutNovel,"M1058I,0.333"
X-5808,PCDHGB4,8641.0,MutNovel,"S137F,0.929"
X-5808,PCID2,55795.0,Del0.8,0.69
X-5808,PCNXL2,80003.0,MutNovel,"E1498K,0.650"
X-5808,PCNXL3,399909.0,MutNovel,"S631F,0.471"
X-5808,PCNXL3,399909.0,MutNovel,"V1008R,0.366"
X-5808,PDE3B,5140.0,MutNovel,"S789L,0.385"
X-5808,PDE7A,5150.0,MutNovel,"L183I,0.400"
X-5808,PDE7B,27115.0,MutNovel,"E62K,0.750"
X-5808,PDLIM5,10611.0,MutNovel,"L494P,0.506"
X-5808,PDS5A,23244.0,MutNovel,"R322C,0.431"
X-5808,PEF1,553115.0,MutNovel,"P236S,0.559"
X-5808,PER1,5187.0,MutKnownFunctional,"R892*,0.511"
X-5808,PFKFB2,5208.0,MutNovel,"P459S,0.519"
X-5808,PFKP,5214.0,MutNovel,"M534T,1.000"
X-5808,PGK1,5230.0,MutNovel,"A354V,0.996"
X-5808,PHACTR2,9749.0,MutNovel,"D64N,0.889"
X-5808,PHKA1,5255.0,MutNovel,"R655C,1.000"
X-5808,PHLDA1,22822.0,MutNovel,"QQ194Q,1.000"
X-5808,PHLDB2,90102.0,MutNovel,"R436K,0.391"
X-5808,PHYHIP,9796.0,MutNovel,"A231T,0.571"
X-5808,PI4KA,5297.0,MutNovel,"GGG14G,0.600"
X-5808,PIAS1,8554.0,MutNovel,"T265R,0.463"
X-5808,PIK3C3,5289.0,MutNovel,"R383W,0.356"
X-5808,PIK3CA,5290.0,MutNovel,"L327F,0.320"
X-5808,PIK3R1,5295.0,MutKnownFunctional,"R386*,0.270"
X-5808,PIK3R3,8503.0,MutNovel,"E17K,0.429"
X-5808,PIKFYVE,200576.0,MutNovel,"L1757F,1.000"
X-5808,PINX1,54984.0,MutNovel,"S110F,0.543"
X-5808,PION,54103.0,MutNovel,"P696S,0.656"
X-5808,PION,54103.0,MutNovel,"S472L,0.622"
X-5808,PITPNC1,26207.0,MutNovel,"E31K,0.426"
X-5808,PITPNM2,57605.0,MutKnownFunctional,"Q413*,0.375"
X-5808,PKD1,5310.0,MutNovel,"P2156L,0.339"
X-5808,PKN2,5586.0,MutNovel,"P539L,0.504"
X-5808,PKNOX2,63876.0,MutNovel,"E442-,0.632"
X-5808,PLAA,9373.0,Del0.8,0.33
X-5808,PLAC1,10761.0,MutNovel,"P118L,1.000"
X-5808,PLCB3,5331.0,MutNovel,"P917L,0.818"
X-5808,PLCB4,5332.0,MutNovel,"G626R,1.000"
X-5808,PLCG2,5336.0,MutNovel,"G594D,0.474"
X-5808,PLEC,5339.0,MutNovel,"E1825G,0.318"
X-5808,PLEKHA7,144100.0,MutNovel,"D550N,0.600"
X-5808,PLEKHN1,84069.0,MutNovel,"G264W,0.471"
X-5808,PLIN3,10226.0,MutNovel,"A422V,0.494"
X-5808,PLOD1,5351.0,MutNovel,"V168M,0.611"
X-5808,PLSCR2,57047.0,MutNovel,"D272G,1.000"
X-5808,PNPLA6,10908.0,MutNovel,"S1014F,0.437"
X-5808,PNPT1,87178.0,MutNovel,"R136C,0.505"
X-5808,POC1A,25886.0,MutNovel,"P197S,0.668"
X-5808,POFUT1,23509.0,MutNovel,"S169F,0.356"
X-5808,POGZ,23126.0,MutNovel,"P877L,0.438"
X-5808,POLR2B,5431.0,MutNovel,"P153S,0.486"
X-5808,POM121,9883.0,MutNovel,"S697L,0.457"
X-5808,POMT1,10585.0,MutNovel,"M247L,0.973"
X-5808,POTEE,445582.0,MutNovel,"E799K,0.615"
X-5808,POTEE,445582.0,MutNovel,"I803M,1.000"
X-5808,POTEF,728378.0,MutNovel,"E799K,0.917"
X-5808,PPA2,27068.0,MutNovel,"P116S,0.509"
X-5808,PPFIA3,8541.0,MutNovel,"A588V,0.275"
X-5808,PPP1R3F,89801.0,MutNovel,"P777S,1.000"
X-5808,PPP1R9B,84687.0,MutNovel,"M2I,0.500"
X-5808,PPP2R3B,28227.0,MutNovel,"R709H,0.500"
X-5808,PPP4R4,57718.0,MutNovel,"G318E,1.000"
X-5808,PRAMEF13,400736.0,Amp5,5.13
X-5808,PRAMEF16,654348.0,Amp5,5.13
X-5808,PRDM15,63977.0,MutNovel,"T1267I,0.571"
X-5808,PRDM2,7799.0,MutNovel,"P1035S,0.438"
X-5808,PRDX6,9588.0,MutNovel,"A111V,0.378"
X-5808,PREPL,9581.0,MutNovel,"P610L,0.634"
X-5808,PRIC285,85441.0,MutNovel,"S920F,0.439"
X-5808,PRKCA,5578.0,MutNovel,"D248N,0.576"
X-5808,PRKDC,5591.0,MutNovel,"R1913K,0.471"
X-5808,PRKDC,5591.0,MutNovel,"H1790Y,0.434"
X-5808,PRKG1,5592.0,MutNovel,"E258K,1.000"
X-5808,PRKY,5616.0,Del0.8,0.3
X-5808,PROX2,283571.0,MutNovel,"R456Q,0.312"
X-5808,PROZ,8858.0,Del0.8,0.69
X-5808,PRPF3,9129.0,MutKnownFunctional,"Q216*,0.276"
X-5808,PRR12,57479.0,MutNovel,"P812S,0.341"
X-5808,PRR12,57479.0,MutNovel,"Y913D,0.541"
X-5808,PRRC1,133619.0,MutNovel,"A276V,0.333"
X-5808,PRRC2C,23215.0,MutNovel,"D1512H,0.675"
X-5808,PRSS50,29122.0,MutKnownFunctional,"W322*,0.267"
X-5808,PRY,9081.0,Del0.8,0.2
X-5808,PRY,9081.0,Del0.8,0.3
X-5808,PRY2,442862.0,Del0.8,0.2
X-5808,PRY2,442862.0,Del0.8,0.3
X-5808,PSMD6,9861.0,MutNovel,"L111F,0.343"
X-5808,PTK2B,2185.0,MutNovel,"P707S,0.714"
X-5808,PTPRB,5787.0,MutNovel,"R1878C,0.784"
X-5808,PTPRG,5793.0,MutNovel,"S161F,0.619"
X-5808,PTPRH,5794.0,MutNovel,"D529N,0.444"
X-5808,PTPRK,5796.0,MutNovel,"H1413Y,0.585"
X-5808,PTPRK,5796.0,MutNovel,"E358K,0.544"
X-5808,PTPRM,5797.0,MutNovel,"R941K,0.344"
X-5808,PTPRO,5800.0,MutNovel,"G174E,0.818"
X-5808,PTPRS,5802.0,MutNovel,"T803I,0.576"
X-5808,PTPRU,10076.0,MutNovel,"S1309L,0.400"
X-5808,PTPRZ1,5803.0,MutNovel,"S164L,0.509"
X-5808,PTX3,5806.0,MutNovel,"G367R,0.684"
X-5808,PYGM,5837.0,MutKnownFunctional,"AQ729A*,1.000"
X-5808,PZP,5858.0,MutNovel,"G1090R,0.857"
X-5808,QPCT,25797.0,MutNovel,"D211Y,0.634"
X-5808,QRSL1,55278.0,MutNovel,"P99L,0.368"
X-5808,R3HCC1L,,MutNovel,"E149K,1.000"
X-5808,RAB3IP,117177.0,MutNovel,"P421S,0.720"
X-5808,RAB3IP,117177.0,MutKnownFunctional,"Q452*,0.700"
X-5808,RAB41,347517.0,MutNovel,"G14R,0.308"
X-5808,RAC2,5880.0,MutNovel,"D118N,0.520"
X-5808,RAD54L,8438.0,MutNovel,"P50L,0.639"
X-5808,RAI1,10743.0,MutNovel,"D731E,0.706"
X-5808,RANBP17,64901.0,MutNovel,"R181C,0.357"
X-5808,RANBP2,5903.0,MutNovel,"P738L,0.250"
X-5808,RANBP2,5903.0,MutNovel,"P2627S,0.790"
X-5808,RAPGEF3,10411.0,MutNovel,"G828E,0.520"
X-5808,RASA3,22821.0,Del0.8,0.66
X-5808,RASEF,158158.0,MutNovel,"R589Q,1.000"
X-5808,RASEF,158158.0,MutNovel,"P88S,1.000"
X-5808,RBAK,57786.0,MutNovel,"H485Y,0.641"
X-5808,RBCK1,10616.0,MutNovel,"P40L,0.468"
X-5808,RBM12,10137.0,MutNovel,"P835PAP,0.447"
X-5808,RBM18,92400.0,MutNovel,"R189Q,1.000"
X-5808,RBM25,58517.0,MutNovel,"P714S,0.245"
X-5808,RBM34,23029.0,MutNovel,"K411T,0.796"
X-5808,RBM45,129831.0,MutNovel,"R412H,0.205"
X-5808,RBM6,10180.0,MutNovel,"P586S,0.644"
X-5808,RBMS3,27303.0,MutNovel,"H342Y,0.240"
X-5808,RBMY1A3P,286557.0,Del0.8,0.3
X-5808,RBMY1B,378948.0,Del0.8,0.3
X-5808,RBMY1B,378948.0,Del0.8,0.3
X-5808,RBMY1E,378950.0,Del0.8,0.3
X-5808,RBMY1E,378950.0,Del0.8,0.3
X-5808,RBMY1F,159163.0,Del0.8,0.24
X-5808,RBMY1F,159163.0,Del0.8,0.3
X-5808,RBMY1J,378951.0,Del0.8,0.2
X-5808,RBMY1J,378951.0,Del0.8,0.3
X-5808,RBMY2EP,159125.0,Del0.8,0.3
X-5808,RBMY2FP,159162.0,Del0.8,0.3
X-5808,RBMY3AP,64593.0,Del0.8,0.3
X-5808,RFX2,5990.0,MutNovel,"P102L,0.472"
X-5808,RGNEF,64283.0,MutNovel,"E775K,0.618"
X-5808,RGPD8,727851.0,MutNovel,"S1517L,0.400"
X-5808,RGS20,8601.0,MutNovel,"A260T,0.565"
X-5808,RHPN2,85415.0,MutNovel,"S506L,0.565"
X-5808,RIF1,55183.0,MutNovel,"S2380F,0.852"
X-5808,RIN2,54453.0,MutNovel,"D512V,0.438"
X-5808,RLIM,51132.0,MutNovel,"R222K,0.360"
X-5808,RND1,27289.0,MutNovel,"D67N,0.727"
X-5808,RNF123,63891.0,MutNovel,"S773F,0.374"
X-5808,RNF213,57674.0,MutNovel,"D3130N,0.522"
X-5808,RNF32,140545.0,MutNovel,"E276K,0.583"
X-5808,ROCK2,9475.0,MutKnownFunctional,"-142,0.214"
X-5808,RPL3,6122.0,MutNovel,"R261C,0.559"
X-5808,RPS4Y1,6192.0,Del0.8,0.45
X-5808,RPS4Y2,140032.0,Del0.8,0.3
X-5808,RPTOR,57521.0,MutNovel,"R718C,0.533"
X-5808,RPUSD2,27079.0,MutNovel,"V65A,0.595"
X-5808,RRAS,6237.0,MutNovel,"R128G,0.516"
X-5808,RRP1B,23076.0,MutNovel,"L585M,0.558"
X-5808,RSC1A1,6248.0,MutNovel,"P573S,0.574"
X-5808,RSPH4A,345895.0,MutNovel,"F476Y,0.429"
X-5808,SAMD9,54809.0,MutNovel,"E712K,0.500"
X-5808,SAMD9,54809.0,MutKnownFunctional,"Q584*,0.360"
X-5808,SAMD9L,219285.0,MutKnownFunctional,"W1513*,0.821"
X-5808,SAMD9L,219285.0,MutNovel,"E646K,0.237"
X-5808,SAMD9L,219285.0,MutNovel,"M215I,0.238"
X-5808,SAP25,100316904.0,MutNovel,"P133S,0.542"
X-5808,SARM1,23098.0,MutNovel,"R408C,0.284"
X-5808,SASS6,163786.0,MutNovel,"L153F,0.536"
X-5808,SATB1,6304.0,MutNovel,"D2N,0.587"
X-5808,SBF2,81846.0,MutNovel,"S372F,0.465"
X-5808,SC5DL,6309.0,MutNovel,"R214C,0.524"
X-5808,SCAF1,58506.0,MutNovel,"S713R,0.442"
X-5808,SCAF8,22828.0,MutNovel,"A648V,0.683"
X-5808,SCAP,22937.0,MutNovel,"S578F,0.587"
X-5808,SCN10A,6336.0,MutNovel,"E626K,0.500"
X-5808,SCN10A,6336.0,MutNovel,"D187N,0.667"
X-5808,SCO1,6341.0,MutNovel,"L98S,0.307"
X-5808,SCRIB,23513.0,MutNovel,"S434L,0.361"
X-5808,SCRN1,9805.0,MutNovel,"S48L,0.747"
X-5808,SEC23IP,11196.0,MutNovel,"P357S,1.000"
X-5808,SEC61G,23480.0,MutNovel,"R20W,0.451"
X-5808,SEMA6B,10501.0,MutKnownFunctional,"Q101*,0.424"
X-5808,SEMA6C,10500.0,MutNovel,"G691N,0.312"
X-5808,SERINC2,347735.0,MutNovel,"-373Q,0.512"
X-5808,SERPINI1,5274.0,MutNovel,"S94L,0.300"
X-5808,SETBP1,26040.0,MutNovel,"S614N,0.238"
X-5808,SETD2,29072.0,MutNovel,"S718L,0.717"
X-5808,SF3A2,8175.0,MutNovel,"P442L,0.668"
X-5808,SF3B3,23450.0,MutNovel,"R42C,0.536"
X-5808,SH3YL1,26751.0,MutNovel,"P335S,0.412"
X-5808,SHC4,399694.0,MutNovel,"P439S,0.508"
X-5808,SIGMAR1,10280.0,MutNovel,"P148S,0.996"
X-5808,SIK2,23235.0,MutKnownFunctional,"Q640*,0.244"
X-5808,SIPA1L1,26037.0,MutNovel,"T1516I,0.229"
X-5808,SIPA1L3,23094.0,MutNovel,"G32E,0.353"
X-5808,SIRT5,23408.0,MutNovel,"P179L,0.466"
X-5808,SKIL,6498.0,MutNovel,"L466F,0.364"
X-5808,SLAMF9,89886.0,MutNovel,"G70R,0.600"
X-5808,SLC14A1,6563.0,MutNovel,"S123F,0.468"
X-5808,SLC15A2,6565.0,MutNovel,"E179K,0.500"
X-5808,SLC22A4,6583.0,MutKnownFunctional,"W349*,0.400"
X-5808,SLC25A12,8604.0,MutNovel,"R453C,0.706"
X-5808,SLC26A2,1836.0,MutNovel,"S327F,0.625"
X-5808,SLC37A1,54020.0,MutNovel,"H36Y,0.316"
X-5808,SLC38A3,10991.0,MutNovel,"P203L,1.000"
X-5808,SLC39A11,201266.0,MutNovel,"A234V,0.429"
X-5808,SLC43A3,29015.0,MutNovel,"P333L,0.452"
X-5808,SLC45A3,85414.0,MutNovel,"D116N,0.727"
X-5808,SLC46A3,283537.0,MutKnownFunctional,"R168*,0.571"
X-5808,SLC52A1,,MutNovel,"L203F,1.000"
X-5808,SLC9A1,6548.0,MutNovel,"D626N,0.512"
X-5808,SLC9A7,84679.0,MutNovel,"G705R,1.000"
X-5808,SLC9B1,150159.0,MutNovel,"C468S,0.528"
X-5808,SLCO3A1,28232.0,MutNovel,"G262R,0.786"
X-5808,SLFN11,91607.0,MutNovel,"M830I,0.445"
X-5808,SLFN13,146857.0,MutNovel,"R43K,0.500"
X-5808,SLFN13,146857.0,MutNovel,"T37I,0.500"
X-5808,SMAD6,4091.0,MutNovel,"S435F,0.500"
X-5808,SMG1,23049.0,MutNovel,"S2761F,0.736"
X-5808,SMG1,23049.0,MutNovel,"P1613S,0.727"
X-5808,SMN1,6606.0,MutNovel,"P237S,0.595"
X-5808,SNAPC3,6619.0,MutNovel,"P200S,0.729"
X-5808,SORD,6652.0,MutNovel,"I61T,0.500"
X-5808,SORT1,6272.0,MutNovel,"P216S,0.494"
X-5808,SOS2,6655.0,MutNovel,"P401S,0.300"
X-5808,SPAG1,6674.0,MutNovel,"E214K,0.333"
X-5808,SPATA13,221178.0,MutNovel,"P637L,0.484"
X-5808,SPATA24,202051.0,MutNovel,"E77K,0.667"
X-5808,SPEN,23013.0,MutNovel,"P2069L,0.537"
X-5808,SPTAN1,6709.0,MutKnownFunctional,"Q16*,1.000"
X-5808,SPTB,6710.0,MutNovel,"E1616K,0.294"
X-5808,SRCAP,10847.0,MutKnownFunctional,"R2444*,0.819"
X-5808,SRD5A3,79644.0,MutKnownFunctional,"W212*,0.213"
X-5808,SRRM2,23524.0,MutNovel,"P234L,0.740"
X-5808,SRSF6,6431.0,MutNovel,"S261F,0.542"
X-5808,SRY,6736.0,Del0.8,0.45
X-5808,SSR4,6748.0,MutKnownFunctional,"Q92*,1.000"
X-5808,SSX1,6756.0,MutNovel,"D13N,0.796"
X-5808,SSX1,6756.0,MutNovel,"P142L,0.216"
X-5808,SSX2IP,117178.0,MutKnownFunctional,"W583*,0.456"
X-5808,STEAP1,26872.0,MutNovel,"P110S,0.478"
X-5808,STIL,6491.0,MutNovel,"V424A,0.580"
X-5808,STOX1,219736.0,MutNovel,"S485F,1.000"
X-5808,STRAP,11171.0,MutNovel,"P223S,0.673"
X-5808,STT3A,3703.0,MutNovel,"S590F,0.528"
X-5808,STX6,10228.0,MutKnownFunctional,"W28*,0.280"
X-5808,STXBP4,252983.0,MutNovel,"E484K,0.684"
X-5808,STXBP5,134957.0,MutNovel,"P1082S,0.767"
X-5808,SUGP2,10147.0,MutNovel,"P651S,0.487"
X-5808,SYBU,55638.0,MutNovel,"Q629R,0.400"
X-5808,SYNJ2,8871.0,MutNovel,"S254F,0.565"
X-5808,SYT13,57586.0,MutNovel,"E222K,0.594"
X-5808,SYTL5,94122.0,MutNovel,"M716I,0.966"
X-5808,TACC2,10579.0,MutNovel,"P1956L,1.000"
X-5808,TADA2A,6871.0,MutNovel,"P349S,0.385"
X-5808,TAF13,6884.0,MutKnownFunctional,"R80*,0.516"
X-5808,TAPBP,6892.0,MutNovel,"L313S,0.448"
X-5808,TAPT1,202018.0,MutKnownFunctional,"Q301*,0.270"
X-5808,TARBP1,6894.0,MutNovel,"R1194K,0.221"
X-5808,TBC1D14,57533.0,MutNovel,"D503N,0.497"
X-5808,TBCEL,219899.0,MutKnownFunctional,"Q101*,0.308"
X-5808,TBL1Y,90665.0,Del0.8,0.3
X-5808,TBP,6908.0,MutNovel,"-64Q,1.000"
X-5808,TBX15,6913.0,MutNovel,"P367L,1.000"
X-5808,TCN2,6948.0,MutNovel,"L398F,0.422"
X-5808,TCOF1,6949.0,MutNovel,"K1457-,0.684"
X-5808,TEK,7010.0,Del0.8,0.33
X-5808,TET2,54790.0,MutNovel,"P656S,0.500"
X-5808,TFAP4,7023.0,MutNovel,"P185S,0.254"
X-5808,TFB2M,64216.0,MutNovel,"P104S,0.784"
X-5808,TFDP1,7027.0,Del0.8,0.66
X-5808,TFEB,7942.0,MutNovel,"D474N,0.306"
X-5808,TGFBR1,7046.0,MutNovel,"R472K,1.000"
X-5808,TGIF2LY,90655.0,Del0.8,0.45
X-5808,TGS1,96764.0,MutKnownFunctional,"R847*,0.411"
X-5808,THAP9,79725.0,MutNovel,"H238Y,0.591"
X-5808,THBS1,7057.0,MutNovel,"D53N,0.494"
X-5808,THOC2,57187.0,MutNovel,"E559K,0.272"
X-5808,TICAM1,148022.0,MutNovel,"R541N,0.488"
X-5808,TICAM1,148022.0,MutNovel,"P383L,0.589"
X-5808,TINAGL1,64129.0,MutNovel,"M146I,0.382"
X-5808,TJP1,7082.0,MutNovel,"S610F,0.521"
X-5808,TLR1,7096.0,MutNovel,"K689N,0.250"
X-5808,TLR3,7098.0,MutKnownFunctional,"W546*,0.462"
X-5808,TMBIM4,51643.0,MutKnownFunctional,"-174?,0.892"
X-5808,TMC7,79905.0,MutNovel,"A371V,0.353"
X-5808,TMCO3,55002.0,Del0.8,0.66
X-5808,TMEM131,23505.0,MutNovel,"P681S,0.321"
X-5808,TMEM154,201799.0,MutNovel,"S93F,0.600"
X-5808,TMEM160,54958.0,MutNovel,"R184W,0.497"
X-5808,TMEM200A,114801.0,MutNovel,"P261S,1.000"
X-5808,TMEM65,157378.0,MutNovel,"F130Y,0.604"
X-5808,TMEM66,51669.0,MutNovel,"A186V,0.480"
X-5808,TMEM99,147184.0,MutNovel,"P52S,0.408"
X-5808,TMSB4Y,9087.0,Del0.8,0.3
X-5808,TMX2,51075.0,MutNovel,"R232Q,0.472"
X-5808,TNFAIP6,7130.0,MutKnownFunctional,"-278,1.000"
X-5808,TNFRSF1B,7133.0,MutNovel,"T201P,0.500"
X-5808,TNKS1BP1,85456.0,MutNovel,"R491W,0.531"
X-5808,TNRC6B,23112.0,MutNovel,"R1620Q,0.617"
X-5808,TONSL,4796.0,MutNovel,"E869K,0.311"
X-5808,TOR1AIP2,163590.0,MutNovel,"E59K,0.299"
X-5808,TP53,7157.0,MutNovel,"Y220N,0.995"
X-5808,TPSAB1,7177.0,MutNovel,"W55L,1.000"
X-5808,TPTE,7179.0,MutNovel,"G449E,0.971"
X-5808,TRA2A,29896.0,MutNovel,"S140F,0.500"
X-5808,TRAF5,7188.0,MutKnownFunctional,"Q135*,0.600"
X-5808,TRANK1,9881.0,MutNovel,"E1659K,0.357"
X-5808,TRAPPC9,83696.0,MutNovel,"G1169D,0.540"
X-5808,TRERF1,55809.0,MutNovel,"P664S,0.500"
X-5808,TRIM27,5987.0,MutNovel,"P358S,0.360"
X-5808,TRIOBP,11078.0,MutNovel,"P1962L,0.420"
X-5808,TRIP12,9320.0,MutNovel,"P25L,0.978"
X-5808,TROAP,10024.0,MutNovel,"E606K,0.780"
X-5808,TRPC1,7220.0,MutNovel,"R455C,0.491"
X-5808,TRPM1,4308.0,MutNovel,"S43F,0.727"
X-5808,TRPM7,54822.0,MutNovel,"L1703F,0.527"
X-5808,TSC2,7249.0,MutNovel,"S1094L,0.208"
X-5808,TSEN2,80746.0,MutNovel,"P290S,0.710"
X-5808,TSHZ1,10194.0,MutNovel,"T180I,0.419"
X-5808,TSHZ3,57616.0,MutNovel,"S593P,0.550"
X-5808,TSHZ3,57616.0,MutNovel,"F208L,0.425"
X-5808,TSPY1,7258.0,Del0.8,0.3
X-5808,TSPY2,64591.0,Del0.8,0.3
X-5808,TSPY3,728137.0,Del0.8,0.3
X-5808,TSPY4,728395.0,Del0.8,0.3
X-5808,TSPY8,728403.0,Del0.8,0.3
X-5808,TSPYL1,7259.0,MutNovel,"V176VW,1.000"
X-5808,TSSC1,7260.0,MutNovel,"D317N,0.597"
X-5808,TTI1,9675.0,MutNovel,"P965S,0.649"
X-5808,TTLL7,79739.0,MutNovel,"R438Q,0.573"
X-5808,TTTY10,246119.0,Del0.8,0.3
X-5808,TTTY11,83866.0,Del0.8,0.3
X-5808,TTTY12,83867.0,Del0.8,0.3
X-5808,TTTY13,83868.0,Del0.8,0.3
X-5808,TTTY14,83869.0,Del0.8,0.3
X-5808,TTTY15,64595.0,Del0.8,0.3
X-5808,TTTY16,252948.0,Del0.8,0.3
X-5808,TTTY17A,252949.0,Del0.8,0.2
X-5808,TTTY17A,252949.0,Del0.8,0.2
X-5808,TTTY18,252950.0,Del0.8,0.3
X-5808,TTTY19,252952.0,Del0.8,0.3
X-5808,TTTY1B,100101116.0,Del0.8,0.3
X-5808,TTTY1B,100101116.0,Del0.8,0.3
X-5808,TTTY2,60439.0,Del0.8,0.3
X-5808,TTTY2,60439.0,Del0.8,0.3
X-5808,TTTY20,252951.0,Del0.8,0.3
X-5808,TTTY21,252953.0,Del0.8,0.3
X-5808,TTTY21,252953.0,Del0.8,0.3
X-5808,TTTY22,252954.0,Del0.8,0.3
X-5808,TTTY23,252955.0,Del0.8,0.3
X-5808,TTTY23,252955.0,Del0.8,0.3
X-5808,TTTY3,114760.0,Del0.8,0.2
X-5808,TTTY3,114760.0,Del0.8,0.2
X-5808,TTTY4,114761.0,Del0.8,0.2
X-5808,TTTY4,114761.0,Del0.8,0.2
X-5808,TTTY5,83863.0,Del0.8,0.3
X-5808,TTTY6,84672.0,Del0.8,0.3
X-5808,TTTY6,84672.0,Del0.8,0.2
X-5808,TTTY7,246122.0,Del0.8,0.3
X-5808,TTTY7,246122.0,Del0.8,0.3
X-5808,TTTY7B,100101120.0,Del0.8,0.3
X-5808,TTTY7B,100101120.0,Del0.8,0.3
X-5808,TTTY8,84673.0,Del0.8,0.3
X-5808,TTTY8,84673.0,Del0.8,0.3
X-5808,TTTY9A,83864.0,Del0.8,0.3
X-5808,TTTY9A,83864.0,Del0.8,0.3
X-5808,TUBA1A,7846.0,MutNovel,"T41I,0.743"
X-5808,TUBA3C,7278.0,MutNovel,"G144S,0.407"
X-5808,TUSC1,286319.0,Del0.8,0.35
X-5808,TXLNG2P,246126.0,Del0.8,0.3
X-5808,TXNDC11,51061.0,MutNovel,"R734C,0.718"
X-5808,UBA2,10054.0,MutNovel,"H332Y,0.520"
X-5808,UBE3C,9690.0,MutKnownFunctional,"TQ32T*,0.245"
X-5808,UBOX5,22888.0,MutNovel,"S519F,0.607"
X-5808,UBQLN2,29978.0,MutNovel,"S52N,0.402"
X-5808,UBQLN2,29978.0,MutNovel,"S67F,0.481"
X-5808,UBR1,197131.0,MutNovel,"P1624S,0.581"
X-5808,UBR3,130507.0,MutNovel,"P821S,0.776"
X-5808,UBR4,23352.0,MutNovel,"S3860F,0.378"
X-5808,ULK4,54986.0,MutNovel,"P522S,0.500"
X-5808,UPF3A,65110.0,Del0.8,0.66
X-5808,URB1,9875.0,MutNovel,"R1931K,0.448"
X-5808,USP18,11274.0,MutNovel,"P286S,0.387"
X-5808,USP24,23358.0,MutNovel,"I1606N,0.597"
X-5808,USP25,29761.0,MutNovel,"M280I,0.361"
X-5808,USP32P2,220594.0,Del0.8,0.55
X-5808,USP36,57602.0,MutNovel,"KKK958K,1.000"
X-5808,USP44,84101.0,MutNovel,"E143K,1.000"
X-5808,USP5,8078.0,MutNovel,"S783F,0.436"
X-5808,USP9Y,8287.0,Del0.8,0.3
X-5808,UTP14A,10813.0,MutNovel,"A618T,1.000"
X-5808,UTY,7404.0,Del0.8,0.3
X-5808,VAMP7,6845.0,MutNovel,"S889F,0.411"
X-5808,VAV2,7410.0,MutNovel,"S416F,1.000"
X-5808,VCX,26609.0,MutNovel,"A70G,1.000"
X-5808,VCX3B,425054.0,MutNovel,"V190M,0.243"
X-5808,VCY,9084.0,Del0.8,0.3
X-5808,VCY,9084.0,Del0.8,0.3
X-5808,VPS29,51699.0,MutKnownFunctional,"Q36*,0.259"
X-5808,VSIG10L,147645.0,MutNovel,"P821S,0.533"
X-5808,VWA5B2,90113.0,MutNovel,"G1011E,0.833"
X-5808,VWCE,220001.0,MutNovel,"G574E,0.545"
X-5808,WASH1,100287171.0,MutNovel,"E132L,0.216"
X-5808,WDR3,10885.0,MutNovel,"D246E,0.441"
X-5808,WDR6,11180.0,MutNovel,"G379S,0.368"
X-5808,WDR65,149465.0,MutNovel,"R317H,1.000"
X-5808,WDR69,164781.0,MutNovel,"D366E,1.000"
X-5808,WDR7,23335.0,MutNovel,"R558C,0.474"
X-5808,WISP2,8839.0,MutNovel,"D96N,0.333"
X-5808,WNK1,65125.0,MutNovel,"P108S,0.484"
X-5808,WTIP,126374.0,MutNovel,"E70K,0.400"
X-5808,XAB2,56949.0,MutNovel,"T594I,0.496"
X-5808,XAGE1C,653048.0,MutNovel,"Q28H,0.727"
X-5808,XDH,7498.0,MutNovel,"G171R,0.375"
X-5808,XKRY2,353515.0,Del0.8,0.3
X-5808,XKRY2,353515.0,Del0.8,0.3
X-5808,XRRA1,143570.0,MutNovel,"P478L,0.556"
X-5808,ZBTB33,10009.0,MutNovel,"L381F,0.370"
X-5808,ZBTB49,166793.0,MutNovel,"G741S,0.527"
X-5808,ZC3H12B,340554.0,MutNovel,"K259T,0.625"
X-5808,ZC3H6,376940.0,MutNovel,"P329S,0.794"
X-5808,ZC3HAV1,56829.0,MutNovel,"P228L,0.660"
X-5808,ZCCHC14,23174.0,MutNovel,"P848L,0.321"
X-5808,ZCCHC17,51538.0,MutNovel,"C133G,0.516"
X-5808,ZDHHC8,29801.0,MutNovel,"P733S,0.481"
X-5808,ZEB1,6935.0,MutNovel,"E98K,1.000"
X-5808,ZFAND1,79752.0,MutNovel,"R107Q,0.317"
X-5808,ZFHX2,85446.0,MutNovel,"G1382E,0.750"
X-5808,ZFHX4,79776.0,MutNovel,"P3288S,1.000"
X-5808,ZFP36L2,678.0,MutNovel,"A419V,0.563"
X-5808,ZFP62,643836.0,MutNovel,"N802I,0.694"
X-5808,ZFP62,643836.0,MutNovel,"S154Y,0.417"
X-5808,ZFP91,80829.0,MutNovel,"P77S,0.576"
X-5808,ZFY,7544.0,Del0.8,0.45
X-5808,ZNF10,7556.0,MutNovel,"S52F,0.411"
X-5808,ZNF148,7707.0,MutKnownFunctional,"-323?,0.638"
X-5808,ZNF202,7753.0,MutNovel,"P7L,0.410"
X-5808,ZNF208,7757.0,MutNovel,"H1163Q,1.000"
X-5808,ZNF222,7673.0,MutNovel,"T402I,0.389"
X-5808,ZNF235,9310.0,MutKnownFunctional,"R34*,0.622"
X-5808,ZNF236,7776.0,MutNovel,"P467L,0.455"
X-5808,ZNF257,113835.0,MutNovel,"D8N,0.667"
X-5808,ZNF257,113835.0,MutNovel,"I424T,0.462"
X-5808,ZNF273,10793.0,MutNovel,"P541L,0.438"
X-5808,ZNF275,10838.0,MutKnownFunctional,"R303*,1.000"
X-5808,ZNF295,49854.0,MutNovel,"P982S,0.621"
X-5808,ZNF300,91975.0,MutNovel,"S122F,0.792"
X-5808,ZNF318,24149.0,MutNovel,"T1968I,0.312"
X-5808,ZNF331,55422.0,MutKnownFunctional,"R197*,0.493"
X-5808,ZNF350,59348.0,MutNovel,"S209G,0.511"
X-5808,ZNF383,163087.0,MutNovel,"P25L,0.640"
X-5808,ZNF384,171017.0,MutNovel,"QQ514Q,0.481"
X-5808,ZNF440,126070.0,MutNovel,"H266Y,0.778"
X-5808,ZNF443,10224.0,MutNovel,"R465Q,0.500"
X-5808,ZNF445,353274.0,MutNovel,"L855F,0.511"
X-5808,ZNF451,26036.0,MutNovel,"N718Y,0.349"
X-5808,ZNF470,388566.0,MutNovel,"S73F,0.444"
X-5808,ZNF502,91392.0,MutNovel,"P406S,0.562"
X-5808,ZNF527,84503.0,MutNovel,"S168F,0.615"
X-5808,ZNF534,147658.0,MutNovel,"G375R,0.429"
X-5808,ZNF560,147741.0,MutNovel,"S63F,0.429"
X-5808,ZNF572,137209.0,MutNovel,"H490Y,0.667"
X-5808,ZNF585A,199704.0,MutNovel,"R234Q,1.000"
X-5808,ZNF624,57547.0,MutNovel,"H802Y,0.524"
X-5808,ZNF642,339559.0,MutNovel,"G131R,0.455"
X-5808,ZNF717,100131827.0,MutNovel,"T697S,1.000"
X-5808,ZNF736,728927.0,MutKnownFunctional,"Q118*,0.647"
X-5808,ZNF746,155061.0,MutNovel,"P603R,0.618"
X-5808,ZNF761,388561.0,MutNovel,"S572L,0.600"
X-5808,ZNF776,284309.0,MutNovel,"S272L,0.667"
X-5808,ZNF780A,284323.0,MutNovel,"H132Y,0.545"
X-5808,ZNF780B,163131.0,MutNovel,"R567C,0.500"
X-5808,ZNF799,90576.0,MutNovel,"H466Y,0.444"
X-5808,ZNF806,,MutNovel,"E73K,1.000"
X-5808,ZNF81,347344.0,MutNovel,"G394S,0.476"
X-5808,ZNF812,729648.0,MutNovel,"G362E,0.543"
X-5808,ZNF812,729648.0,MutNovel,"E14K,0.493"
X-5808,ZNF839,55778.0,MutNovel,"P378L,0.279"
X-5808,ZNF841,284371.0,MutNovel,"E594A,0.525"
X-5808,ZNF846,162993.0,MutNovel,"P281S,0.400"
X-5808,ZNF853,54753.0,MutNovel,"P437S,0.750"
X-5808,ZNF865,100507290.0,MutNovel,"P74S,0.727"
X-5808,ZNF865,100507290.0,MutNovel,"P349L,0.446"
X-5808,ZNF93,81931.0,MutNovel,"H475Y,0.500"
X-5808,ZNFX1,57169.0,MutNovel,"R906C,0.365"
X-5808,ZSCAN18,65982.0,MutNovel,"P366L,0.636"
X-5808,ZSWIM4,65249.0,MutNovel,"P372L,0.500"
X-5959,AARS,16.0,MutNovel,"T578I,1.000"
X-5959,ABCA4,24.0,MutNovel,"V1725M,1.000"
X-5959,ABHD11,83451.0,MutNovel,"E22K,0.412"
X-5959,ACAT2,39.0,Del0.8,0.7
X-5959,ACOT1,641371.0,Del0.8,0.55
X-5959,ACTC1,70.0,Del0.8,0.71
X-5959,ADAL,161823.0,Del0.8,0.71
X-5959,ADAM10,102.0,Del0.8,0.71
X-5959,ADAM6,8755.0,Amp5,6.15
X-5959,ADAT2,134637.0,Del0.8,0.67
X-5959,ADCY3,109.0,MutNovel,"K104R,0.314"
X-5959,ADNP,23394.0,MutNovel,"L868F,0.589"
X-5959,ADNP2,22850.0,MutNovel,"LPAGQMT449L,0.263"
X-5959,AGAP9,642517.0,Del0.8,0.34
X-5959,AGAP9,642517.0,Del0.8,0.71
X-5959,AGPAT4,56895.0,Del0.8,0.7
X-5959,AGPAT4-IT1,79992.0,Del0.8,0.7
X-5959,AHNAK,79026.0,MutNovel,"P217S,0.692"
X-5959,AHNAK2,113146.0,MutNovel,"P948F,0.800"
X-5959,AIG1,51390.0,Del0.8,0.67
X-5959,AKAP12,9590.0,Del0.8,0.69
X-5959,AKAP6,9472.0,MutNovel,"S130F,0.850"
X-5959,AKAP9,10142.0,MutNovel,"R3758H,0.613"
X-5959,ALDH1A2,8854.0,Del0.8,0.71
X-5959,ALMS1,7840.0,MutNovel,"S3192F,0.654"
X-5959,ALS2CR12,130540.0,MutKnownFunctional,"-261?,1.000"
X-5959,AMELY,266.0,Del0.8,0.18
X-5959,ANAPC1,64682.0,MutNovel,"V635F,0.338"
X-5959,ANKRD17,26057.0,MutNovel,"Y719N,0.298"
X-5959,ANKRD20A4,728747.0,MutNovel,"A633V,0.286"
X-5959,ANKRD63,100131244.0,Del0.8,0.71
X-5959,ANP32AP1,723972.0,Del0.8,0.71
X-5959,ANXA8,653145.0,Del0.8,0.71
X-5959,ANXA8,653145.0,Del0.8,0.34
X-5959,ANXA8L1,728113.0,Del0.8,0.71
X-5959,ANXA8L1,728113.0,Del0.8,0.34
X-5959,AP3D1,8943.0,MutNovel,"P1041L,0.287"
X-5959,AP4E1,23431.0,Del0.8,0.69
X-5959,APBA2,321.0,Del0.8,0.72
X-5959,APBB1,322.0,MutNovel,"P199L,0.615"
X-5959,APOBEC3A,200315.0,MutNovel,"G198E,1.000"
X-5959,APOBEC3D,140564.0,MutNovel,"Y162YD,0.218"
X-5959,AQP9,366.0,Del0.8,0.71
X-5959,AQR,9716.0,Del0.8,0.71
X-5959,ARGLU1,55082.0,MutNovel,"Q119R,1.000"
X-5959,ARHGAP11A,9824.0,Del0.8,0.71
X-5959,ARHGAP11B,89839.0,Del0.8,0.72
X-5959,ARHGAP29,9411.0,MutNovel,"R569Q,0.326"
X-5959,ARHGAP39,80728.0,MutNovel,"P234S,0.302"
X-5959,ARHGEF17,9828.0,MutNovel,"G1277S,0.373"
X-5959,ARID1B,57492.0,Del0.8,0.69
X-5959,ARMC5,79798.0,MutNovel,"P185F,1.000"
X-5959,ATF7IP2,80063.0,MutNovel,"DV455D,1.000"
X-5959,ATG2A,23130.0,MutNovel,"S903L,0.610"
X-5959,ATM,472.0,MutNovel,"D1853V,0.693"
X-5959,ATP10A,57194.0,Del0.8,0.73
X-5959,ATP13A1,57130.0,MutNovel,"P564L,0.682"
X-5959,ATP8B4,79895.0,Del0.8,0.69
X-5959,ATPBD4,89978.0,Del0.8,0.71
X-5959,ATR,545.0,MutNovel,"R2514C,0.562"
X-5959,ATRNL1,26033.0,MutNovel,"R1366Q,1.000"
X-5959,AVEN,57099.0,Del0.8,0.71
X-5959,B2M,567.0,Del0.8,0.71
X-5959,BAHD1,22893.0,Del0.8,0.71
X-5959,BAI2,576.0,MutNovel,"P1374F,0.333"
X-5959,BCL2L10,10017.0,Del0.8,0.69
X-5959,BCLAF1,9774.0,Del0.8,0.66
X-5959,BCORP1,286554.0,Del0.8,0.18
X-5959,BMF,90427.0,Del0.8,0.71
X-5959,BPY2B,442867.0,Del0.8,0.11
X-5959,BPY2B,442867.0,Del0.8,0.07
X-5959,BRAF,673.0,MutNovel,"P731S,1.000"
X-5959,BRAF,673.0,MutNovel,"L485Y,1.000"
X-5959,BRCA2,675.0,MutNovel,"S2559F,1.000"
X-5959,BRP44L,51660.0,Del0.8,0.71
X-5959,BUB1B,701.0,Del0.8,0.71
X-5959,C12orf60,144608.0,MutNovel,"T120M,0.833"
X-5959,C14orf126,112487.0,MutNovel,"D28N,0.520"
X-5959,C15orf23,90417.0,Del0.8,0.71
X-5959,C15orf29,79768.0,Del0.8,0.71
X-5959,C15orf41,84529.0,Del0.8,0.71
X-5959,C15orf43,145645.0,Del0.8,0.71
X-5959,C15orf48,84419.0,Del0.8,0.71
X-5959,C15orf52,388115.0,Del0.8,0.71
X-5959,C15orf55,256646.0,Del0.8,0.71
X-5959,C15orf56,644809.0,Del0.8,0.71
X-5959,C15orf57,90416.0,Del0.8,0.71
X-5959,C15orf62,643338.0,Del0.8,0.71
X-5959,C15orf63,25764.0,Del0.8,0.71
X-5959,C19orf54,284325.0,MutNovel,"T2A,0.630"
X-5959,C19orf57,79173.0,MutNovel,"P54L,0.800"
X-5959,C19orf60,55049.0,MutNovel,"A30T,0.711"
X-5959,C19orf81,342918.0,MutNovel,"V54L,1.000"
X-5959,C3orf19,51244.0,MutNovel,"L111F,0.472"
X-5959,C4A,720.0,MutNovel,"Q1129E,0.600"
X-5959,C4orf47,441054.0,MutKnownFunctional,"-259,0.533"
X-5959,C5orf42,65250.0,MutNovel,"R1061C,0.451"
X-5959,C6orf118,168090.0,Del0.8,0.71
X-5959,C6orf120,387263.0,Del0.8,0.72
X-5959,C6orf123,26238.0,Del0.8,0.72
X-5959,C6orf211,79624.0,Del0.8,0.69
X-5959,C6orf70,55780.0,Del0.8,0.72
X-5959,C6orf72,116254.0,Del0.8,0.69
X-5959,C6orf99,100130967.0,Del0.8,0.7
X-5959,CAHM,100526820.0,Del0.8,0.69
X-5959,CAMKK2,10645.0,MutKnownFunctional,"-538?,0.846"
X-5959,CAPN3,825.0,Del0.8,0.71
X-5959,CASC4,113201.0,Del0.8,0.71
X-5959,CASC5,57082.0,Del0.8,0.71
X-5959,CATSPER2,117155.0,Del0.8,0.71
X-5959,CATSPER2P1,440278.0,Del0.8,0.71
X-5959,CCDC120,90060.0,MutNovel,"G626R,1.000"
X-5959,CCDC15,80071.0,MutNovel,"C580G,0.478"
X-5959,CCDC28A,25901.0,Del0.8,0.67
X-5959,CCDC64,92558.0,MutNovel,"R261W,1.000"
X-5959,CCDC99,54908.0,Del0.8,0.66
X-5959,CCNDBP1,23582.0,Del0.8,0.71
X-5959,CCR6,1235.0,Del0.8,0.72
X-5959,CD101,9398.0,MutKnownFunctional,"L870*,0.444"
X-5959,CDAN1,146059.0,Del0.8,0.71
X-5959,CDC42EP1,11135.0,MutNovel,"PAPAANPS253P,1.000"
X-5959,CDH15,1013.0,MutNovel,"R797K,1.000"
X-5959,CDKN2A,1029.0,MutNovel,"P48L,0.994"
X-5959,CDY1B,253175.0,Del0.8,0.18
X-5959,CDY1B,253175.0,Del0.8,0.12
X-5959,CDY2A,9426.0,Del0.8,0.18
X-5959,CDY2A,9426.0,Del0.8,0.18
X-5959,CDY2B,203611.0,Del0.8,0.18
X-5959,CDY2B,203611.0,Del0.8,0.18
X-5959,CEBPB,1051.0,MutNovel,"P85T,0.263"
X-5959,CELSR2,1952.0,MutNovel,"F551L,0.824"
X-5959,CEP152,22995.0,Del0.8,0.7
X-5959,CEP290,80184.0,MutNovel,"T1266K,1.000"
X-5959,CEP78,84131.0,MutNovel,"M669I,1.000"
X-5959,CFLAR,8837.0,MutNovel,"A178S,0.279"
X-5959,CGNL1,84952.0,Del0.8,0.71
X-5959,CHAC1,79094.0,Del0.8,0.71
X-5959,CHD2,1106.0,MutKnownFunctional,"-1242?,0.746"
X-5959,CHRFAM7A,89832.0,Del0.8,0.72
X-5959,CHRM5,1133.0,Del0.8,0.71
X-5959,CHRNA7,1139.0,Del0.8,0.69
X-5959,CHST14,113189.0,Del0.8,0.71
X-5959,CHST9,83539.0,MutNovel,"E75K,0.289"
X-5959,CITED2,10370.0,Del0.8,0.67
X-5959,CKMT1A,548596.0,Del0.8,0.71
X-5959,CKMT1B,1159.0,Del0.8,0.71
X-5959,CLDN20,49861.0,Del0.8,0.69
X-5959,CLK3,1198.0,MutNovel,"T51A,1.000"
X-5959,CLN5,1203.0,MutNovel,"G95C,0.989"
X-5959,CNKSR3,154043.0,Del0.8,0.69
X-5959,CNR1,1268.0,MutNovel,"P151F,1.000"
X-5959,CNTNAP1,8506.0,MutNovel,"S481P,0.538"
X-5959,CNTNAP3B,728577.0,MutNovel,"K1285E,0.667"
X-5959,COG2,22796.0,MutNovel,"S578F,0.363"
X-5959,COL27A1,85301.0,MutNovel,"G1607S,1.000"
X-5959,COL9A1,1297.0,MutNovel,"P392S,0.930"
X-5959,CRIPAK,285464.0,MutNovel,"P173R,0.286"
X-5959,CSNK1A1P1,161635.0,Del0.8,0.71
X-5959,CSNK1G2,1455.0,MutNovel,"D131N,0.657"
X-5959,CSNK2A1,1457.0,MutNovel,"A297V,0.648"
X-5959,CSPG4P1Y,114758.0,Del0.8,0.25
X-5959,CSPG4P1Y,114758.0,Del0.8,0.18
X-5959,CST2,1470.0,MutNovel,"E31D,0.205"
X-5959,CTDSPL2,51496.0,Del0.8,0.71
X-5959,CTSA,5476.0,MutNovel,"L29-,0.261"
X-5959,CTSL1P2,1517.0,Del0.8,0.71
X-5959,CTXN2,399697.0,Del0.8,0.7
X-5959,CYFIP1,23191.0,Del0.8,0.72
X-5959,CYP19A1,1588.0,Del0.8,0.69
X-5959,DACT2,168002.0,Del0.8,0.72
X-5959,DAZ1,1617.0,Del0.8,0.18
X-5959,DAZ2,57055.0,Del0.8,0.12
X-5959,DAZ3,57054.0,Del0.8,0.11
X-5959,DAZ3,57054.0,Del0.8,0.07
X-5959,DAZ4,57135.0,Del0.8,0.13
X-5959,DAZ4,57135.0,Del0.8,0.1
X-5959,DDX3Y,8653.0,Del0.8,0.18
X-5959,DISP2,85455.0,Del0.8,0.71
X-5959,DKFZP434L187,26082.0,Del0.8,0.72
X-5959,DKFZp451B082,401282.0,Del0.8,0.69
X-5959,DLG5,9231.0,MutNovel,"R1162Q,1.000"
X-5959,DLL1,28514.0,Del0.8,0.72
X-5959,DLL4,54567.0,Del0.8,0.71
X-5959,DMXL2,23312.0,Del0.8,0.69
X-5959,DNAH1,25981.0,MutNovel,"D3150N,1.000"
X-5959,DNAJC17,55192.0,Del0.8,0.71
X-5959,DOCK2,1794.0,Del0.8,0.75
X-5959,DPYD,1806.0,MutNovel,"P789S,0.400"
X-5959,DROSHA,29102.0,MutNovel,"P136F,0.333"
X-5959,DTX2P1-UPK3BP1-PMS2P11,441263.0,Amp5,5.46
X-5959,DUOX1,53905.0,Del0.8,0.71
X-5959,DUOX2,50506.0,Del0.8,0.71
X-5959,DUOXA1,90527.0,Del0.8,0.71
X-5959,DUOXA2,405753.0,Del0.8,0.71
X-5959,DUT,1854.0,Del0.8,0.7
X-5959,DYNLT1,6993.0,Del0.8,0.7
X-5959,ECT2L,345930.0,Del0.8,0.67
X-5959,EDEM1,9695.0,MutNovel,"S70L,0.467"
X-5959,EFNA4,1945.0,MutKnownFunctional,"-158,0.974"
X-5959,EFR3A,23167.0,MutNovel,"E565K,0.382"
X-5959,EGR1,1958.0,MutNovel,"S170C,0.757"
X-5959,EHD4,30844.0,Del0.8,0.71
X-5959,EHMT2,10919.0,MutNovel,"G615R,0.628"
X-5959,EID1,23741.0,Del0.8,0.7
X-5959,EIF1AY,9086.0,Del0.8,0.18
X-5959,EIF2AK4,440275.0,Del0.8,0.71
X-5959,EIF2C3,192669.0,MutNovel,"P59S,0.278"
X-5959,EIF3A,8661.0,MutNovel,"R920C,1.000"
X-5959,EIF3J,8669.0,Del0.8,0.71
X-5959,EIF4G1,1981.0,MutNovel,"P661S,0.482"
X-5959,EIF4G3,8672.0,MutNovel,"P33S,0.792"
X-5959,ELL3,80237.0,Del0.8,0.71
X-5959,EP400,57634.0,MutNovel,"-2728QQ,0.913"
X-5959,EPB42,2038.0,Del0.8,0.71
X-5959,EPM2A,7957.0,Del0.8,0.69
X-5959,EPS15L1,58513.0,MutNovel,"K701R,0.303"
X-5959,ERC1,23085.0,MutNovel,"R742S,0.506"
X-5959,ESR1,2099.0,Del0.8,0.69
X-5959,EXD1,161829.0,Del0.8,0.71
X-5959,EXOSC6,118460.0,MutNovel,"R135P,1.000"
X-5959,EZR,7430.0,Del0.8,0.7
X-5959,FABP5P3,220832.0,Del0.8,0.75
X-5959,FAM120B,84498.0,Del0.8,0.72
X-5959,FAM189A1,23359.0,Del0.8,0.72
X-5959,FAM196B,100131897.0,Del0.8,0.67
X-5959,FAM197Y2P,252946.0,Del0.8,0.18
X-5959,FAM19A5,25817.0,MutNovel,"P101L,1.000"
X-5959,FAM214A,56204.0,Del0.8,0.66
X-5959,FAM25C,644054.0,Del0.8,0.5
X-5959,FAM25C,644054.0,Del0.8,0.71
X-5959,FAM35B2,439965.0,Del0.8,0.34
X-5959,FAM41AY1,340618.0,Del0.8,0.18
X-5959,FAM41AY1,340618.0,Del0.8,0.18
X-5959,FAM54A,113115.0,Del0.8,0.66
X-5959,FAM63B,54629.0,Del0.8,0.71
X-5959,FAM82A2,55177.0,Del0.8,0.71
X-5959,FAN1,22909.0,Del0.8,0.72
X-5959,FBN1,2200.0,Del0.8,0.7
X-5959,FBXL18,80028.0,MutNovel,"T71I,0.421"
X-5959,FBXO30,84085.0,Del0.8,0.69
X-5959,FBXO46,23403.0,MutKnownFunctional,"PE420P*,0.381"
X-5959,FBXO5,26271.0,Del0.8,0.69
X-5959,FGFR1OP,11116.0,Del0.8,0.72
X-5959,FLJ10038,55056.0,Del0.8,0.69
X-5959,FLJ46906,441172.0,Del0.8,0.67
X-5959,FMN1,342184.0,Del0.8,0.71
X-5959,FNDC1,84624.0,Del0.8,0.7
X-5959,FOXI1,2299.0,Del0.8,0.67
X-5959,FOXO3,2309.0,MutNovel,"S257G,0.560"
X-5959,FRAS1,80144.0,MutKnownFunctional,"W3124*,1.000"
X-5959,FRMD1,79981.0,Del0.8,0.72
X-5959,FRMD5,84978.0,Del0.8,0.71
X-5959,FRYL,285527.0,MutNovel,"E2637K,0.691"
X-5959,FSIP1,161835.0,Del0.8,0.71
X-5959,FUCA2,2519.0,Del0.8,0.67
X-5959,FZR1,51343.0,MutNovel,"G374R,0.555"
X-5959,GABPB1,2553.0,Del0.8,0.69
X-5959,GABRA5,2558.0,Del0.8,0.72
X-5959,GABRB3,2562.0,Del0.8,0.72
X-5959,GABRG3,2567.0,Del0.8,0.72
X-5959,GALNT11,63917.0,Del0.8,0.75
X-5959,GANC,2595.0,Del0.8,0.71
X-5959,GAPVD1,26130.0,MutNovel,"E358K,1.000"
X-5959,GAPVD1,26130.0,MutNovel,"P361S,1.000"
X-5959,GATM,2628.0,Del0.8,0.71
X-5959,GCHFR,2644.0,Del0.8,0.71
X-5959,GCOM1,145781.0,Del0.8,0.71
X-5959,GDF1,2657.0,MutNovel,"A157GP,0.917"
X-5959,GIGYF2,26058.0,MutNovel,"PQ1231P,1.000"
X-5959,GJD2,57369.0,Del0.8,0.71
X-5959,GLDN,342035.0,Del0.8,0.69
X-5959,GOLGA2P2Y,84559.0,Del0.8,0.25
X-5959,GOLGA2P2Y,84559.0,Del0.8,0.18
X-5959,GOLGA6L1,283767.0,Del0.8,0.72
X-5959,GOLGA6L10,647042.0,MutNovel,"R348Q,1.000"
X-5959,GOLGA8A,23015.0,Del0.8,0.71
X-5959,GOLGA8B,440270.0,Del0.8,0.71
X-5959,GOLGA8DP,100132979.0,Del0.8,0.46
X-5959,GOLGA8E,390535.0,Del0.8,0.72
X-5959,GOLGA8F,100132565.0,Del0.8,0.72
X-5959,GOLGA8F,100132565.0,Del0.8,0.72
X-5959,GOLGA8G,283768.0,Del0.8,0.72
X-5959,GOLGA8G,283768.0,Del0.8,0.72
X-5959,GOLGA8IP,283796.0,Del0.8,0.72
X-5959,GOLGA8J,,MutNovel,"R331H,1.000"
X-5959,GPN1,11321.0,MutNovel,"P101L,0.335"
X-5959,GPR126,57211.0,Del0.8,0.67
X-5959,GPR176,11245.0,Del0.8,0.71
X-5959,GPR31,2853.0,Del0.8,0.72
X-5959,GPRIN2,9721.0,Del0.8,0.72
X-5959,GREM1,26585.0,Del0.8,0.71
X-5959,GRM1,2911.0,Del0.8,0.69
X-5959,GSTM1,2944.0,Del0.8,0.73
X-5959,GSTT1,2952.0,Amp5,5.94
X-5959,GTF2H5,404672.0,Del0.8,0.69
X-5959,GYG2P1,352887.0,Del0.8,0.18
X-5959,HAUS2,55142.0,Del0.8,0.71
X-5959,HDAC9,9734.0,MutNovel,"G915E,0.800"
X-5959,HDC,3067.0,Del0.8,0.69
X-5959,HEBP2,23593.0,Del0.8,0.67
X-5959,HECA,51696.0,Del0.8,0.67
X-5959,HECTD1,25831.0,MutNovel,"G733S,0.554"
X-5959,HERC2,8924.0,Del0.8,0.72
X-5959,HERC2P2,400322.0,Del0.8,0.72
X-5959,HERC2P7,100132101.0,Del0.8,0.72
X-5959,HERC2P9,440248.0,Del0.8,0.72
X-5959,HGC6.3,100128124.0,Del0.8,0.72
X-5959,HIVEP2,3097.0,Del0.8,0.67
X-5959,HLA-DRB1,3123.0,MutNovel,"Q178H,0.571"
X-5959,HLA-DRB5,3127.0,MutNovel,"T210K,0.420"
X-5959,HLA-G,3135.0,MutNovel,"K334E,1.000"
X-5959,HMGN2P46,283651.0,Del0.8,0.71
X-5959,HMGXB3,22993.0,MutNovel,"P478L,0.364"
X-5959,HMMR,3161.0,MutNovel,"S37F,0.528"
X-5959,HRNR,388697.0,MutKnownFunctional,"-1,1.000"
X-5959,HSFY2,159119.0,Del0.8,0.18
X-5959,HSFY2,159119.0,Del0.8,0.18
X-5959,HSP90AB4P,664618.0,Del0.8,0.71
X-5959,HTT,3064.0,MutNovel,"P2243S,0.672"
X-5959,HYDIN,54768.0,MutNovel,"H3869R,1.000"
X-5959,HYMAI,57061.0,Del0.8,0.67
X-5959,IFNGR1,3459.0,Del0.8,0.66
X-5959,IGF2R,3482.0,Del0.8,0.7
X-5959,IL20RA,53832.0,Del0.8,0.66
X-5959,IL22RA2,116379.0,Del0.8,0.66
X-5959,IL28RA,163702.0,MutNovel,"D118N,0.500"
X-5959,INO80,54617.0,Del0.8,0.71
X-5959,INTS12,57117.0,MutNovel,"P71R,0.730"
X-5959,INTU,27152.0,MutNovel,"A421V,0.385"
X-5959,IPCEF1,26034.0,Del0.8,0.69
X-5959,IPW,3653.0,Del0.8,0.73
X-5959,IQCH,64799.0,MutNovel,"P672L,1.000"
X-5959,IST1,9798.0,MutNovel,"MP236-,1.000"
X-5959,ITPKA,3706.0,Del0.8,0.71
X-5959,ITPR3,3710.0,MutNovel,"S877N,0.739"
X-5959,IVD,3712.0,Del0.8,0.71
X-5959,IYD,389434.0,Del0.8,0.69
X-5959,JMJD7,100137047.0,Del0.8,0.71
X-5959,JMJD7-PLA2G4B,8681.0,Del0.8,0.71
X-5959,KATNA1,11104.0,Del0.8,0.69
X-5959,KCNG3,170850.0,MutNovel,"S221F,0.750"
X-5959,KCNQ4,9132.0,MutNovel,"S265F,1.000"
X-5959,KDM5D,8284.0,Del0.8,0.18
X-5959,KDM6B,23135.0,MutNovel,"E414K,0.279"
X-5959,KIAA0182,23199.0,MutNovel,"R223W,1.000"
X-5959,KIAA0319L,79932.0,MutNovel,"D626G,0.760"
X-5959,KIAA0664,23277.0,MutNovel,"H1138R,0.269"
X-5959,KIAA1109,84162.0,MutNovel,"K3119E,0.269"
X-5959,KIAA1244,57221.0,Del0.8,0.67
X-5959,KIAA1614,57710.0,MutNovel,"S1071F,0.333"
X-5959,KIF20B,9585.0,MutNovel,"L1062LKV,1.000"
X-5959,KIF25,3834.0,Del0.8,0.72
X-5959,KLF13,51621.0,Del0.8,0.72
X-5959,KRT10,3858.0,MutNovel,"HGGG487-,1.000"
X-5959,KRTAP2-4,85294.0,Del0.8,0.66
X-5959,LARS,51520.0,MutNovel,"G44S,0.496"
X-5959,LATS1,9113.0,Del0.8,0.69
X-5959,LCA5,167691.0,MutNovel,"R84C,0.714"
X-5959,LCMT2,9836.0,Del0.8,0.71
X-5959,LDB3,11155.0,MutNovel,"P462S,1.000"
X-5959,LEO1,123169.0,Del0.8,0.69
X-5959,LIG1,3978.0,MutKnownFunctional,"-920?,0.364"
X-5959,LINC00226,338004.0,Amp5,5.82
X-5959,LINC00242,401288.0,Del0.8,0.72
X-5959,LINC00473,90632.0,Del0.8,0.71
X-5959,LIPC,3990.0,Del0.8,0.71
X-5959,LOC100128176,100128176.0,Del0.8,0.69
X-5959,LOC100128714,100128714.0,Del0.8,0.73
X-5959,LOC100128822,100128822.0,Del0.8,0.75
X-5959,LOC100129518,100129518.0,Del0.8,0.7
X-5959,LOC100129520,100129520.0,MutNovel,"K522R,1.000"
X-5959,LOC100131089,100131089.0,Del0.8,0.71
X-5959,LOC100132735,100132735.0,Del0.8,0.67
X-5959,LOC100132832,100132832.0,Amp5,5.46
X-5959,LOC100287368,,MutNovel,"R124S,1.000"
X-5959,LOC100288637,100288637.0,Del0.8,0.72
X-5959,LOC100289495,100289495.0,Del0.8,0.71
X-5959,LOC100289656,100289656.0,Del0.8,0.72
X-5959,LOC100505648,100505648.0,Del0.8,0.71
X-5959,LOC100506504,,MutNovel,"P156L,0.900"
X-5959,LOC100507462,100507462.0,Del0.8,0.67
X-5959,LOC100507489,100507489.0,Del0.8,0.67
X-5959,LOC100507557,100507557.0,Del0.8,0.69
X-5959,LOC100652739,100652739.0,Del0.8,0.69
X-5959,LOC145663,145663.0,Del0.8,0.71
X-5959,LOC145783,145783.0,Del0.8,0.71
X-5959,LOC145845,145845.0,Del0.8,0.71
X-5959,LOC153910,153910.0,Del0.8,0.67
X-5959,LOC154449,154449.0,Del0.8,0.72
X-5959,LOC283663,283663.0,Del0.8,0.71
X-5959,LOC283683,283683.0,Del0.8,0.72
X-5959,LOC283710,283710.0,Del0.8,0.72
X-5959,LOC285740,285740.0,Del0.8,0.67
X-5959,LOC391322,391322.0,Amp5,5.94
X-5959,LOC503519,503519.0,Del0.8,0.73
X-5959,LOC643650,643650.0,Del0.8,0.49
X-5959,LOC643699,,MutNovel,"R457W,1.000"
X-5959,LOC645212,645212.0,Del0.8,0.71
X-5959,LOC645434,645434.0,Del0.8,0.67
X-5959,LOC646278,646278.0,Del0.8,0.72
X-5959,LOC653061,653061.0,Del0.8,0.72
X-5959,LOC653075,653075.0,Del0.8,0.72
X-5959,LOC727924,727924.0,Del0.8,0.64
X-5959,LOC728643,728643.0,Del0.8,0.72
X-5959,LOC729176,729176.0,Del0.8,0.69
X-5959,LOC729603,729603.0,Del0.8,0.7
X-5959,LOC730755,730755.0,Del0.8,0.66
X-5959,LPA,4018.0,Del0.8,0.7
X-5959,LPAL2,80350.0,Del0.8,0.7
X-5959,LPCAT4,254531.0,Del0.8,0.71
X-5959,LRFN3,79414.0,MutNovel,"P388S,0.667"
X-5959,LRP11,84918.0,Del0.8,0.69
X-5959,LRRC57,255252.0,Del0.8,0.71
X-5959,LSR,51599.0,MutNovel,"G518GR,0.426"
X-5959,LSS,4047.0,MutNovel,"S699F,0.992"
X-5959,LTB4R2,56413.0,MutNovel,"P254L,0.470"
X-5959,LTB4R2,56413.0,MutNovel,"Q338R,0.260"
X-5959,LTK,4058.0,Del0.8,0.71
X-5959,LTV1,84946.0,Del0.8,0.67
X-5959,LYSMD2,256586.0,Del0.8,0.69
X-5959,MAGEC1,9947.0,MutNovel,"S267L,0.953"
X-5959,MAGEL2,54551.0,Del0.8,0.72
X-5959,MANF,7873.0,MutNovel,"A13V,0.257"
X-5959,MAP1A,4130.0,Del0.8,0.71
X-5959,MAP3K4,4216.0,Del0.8,0.7
X-5959,MAP3K5,4217.0,Del0.8,0.66
X-5959,MAP7,9053.0,Del0.8,0.66
X-5959,MAPK15,225689.0,MutNovel,"L424P,1.000"
X-5959,MAPK6,5597.0,Del0.8,0.69
X-5959,MAPKBP1,23005.0,Del0.8,0.71
X-5959,MAS1,4142.0,Del0.8,0.7
X-5959,MATN2,4147.0,MutNovel,"T227R,0.296"
X-5959,MEGF9,1955.0,MutNovel,"T343I,0.516"
X-5959,MFAP1,4236.0,Del0.8,0.71
X-5959,MFAP3L,9848.0,MutNovel,"I289M,0.600"
X-5959,MFGE8,4240.0,MutNovel,"R219H,0.341"
X-5959,MFGE8,4240.0,MutNovel,"T217P,0.446"
X-5959,MFSD12,126321.0,MutNovel,"A299V,0.641"
X-5959,MGA,23269.0,Del0.8,0.71
X-5959,MIR1233-1,100302160.0,Del0.8,0.71
X-5959,MIR1282,100302254.0,Del0.8,0.71
X-5959,MIR147B,100126311.0,Del0.8,0.71
X-5959,MIR1913,100302141.0,Del0.8,0.72
X-5959,MIR211,406993.0,Del0.8,0.72
X-5959,MIR3145,100423001.0,Del0.8,0.67
X-5959,MIR3668,100500879.0,Del0.8,0.67
X-5959,MIR3692,100500899.0,Del0.8,0.69
X-5959,MIR378E,100616498.0,Del0.8,0.67
X-5959,MIR3918,100500851.0,Del0.8,0.7
X-5959,MIR3939,100500857.0,Del0.8,0.72
X-5959,MIR3942,100500904.0,Del0.8,0.71
X-5959,MIR4310,100423013.0,Del0.8,0.71
X-5959,MIR4465,100616180.0,Del0.8,0.67
X-5959,MIR4466,100616154.0,Del0.8,0.69
X-5959,MIR4508,100616275.0,Del0.8,0.72
X-5959,MIR4509-1,100616223.0,Del0.8,0.72
X-5959,MIR4509-1,100616223.0,Del0.8,0.57
X-5959,MIR4510,100616293.0,Del0.8,0.71
X-5959,MIR4644,100616430.0,Del0.8,0.72
X-5959,MIR4712,100616396.0,Del0.8,0.69
X-5959,MIR4713,100616369.0,Del0.8,0.69
X-5959,MIR4715,100616474.0,Del0.8,0.73
X-5959,MIR585,693170.0,Del0.8,0.67
X-5959,MIR626,693211.0,Del0.8,0.71
X-5959,MIR627,693212.0,Del0.8,0.71
X-5959,MKKS,8195.0,MutNovel,"T171R,0.548"
X-5959,MKRN3,7681.0,Del0.8,0.72
X-5959,MLH3,27030.0,MutNovel,"A42T,0.381"
X-5959,MLL3,58508.0,MutNovel,"L291F,0.522"
X-5959,MLL3,58508.0,Del0.8,0.75
X-5959,MLLT4,4301.0,Del0.8,0.72
X-5959,MMP14,4323.0,MutNovel,"A87V,0.516"
X-5959,MNS1,55329.0,Del0.8,0.71
X-5959,MPHOSPH8,54737.0,MutNovel,"M672I,1.000"
X-5959,MPHOSPH9,10198.0,MutNovel,"P335S,0.947"
X-5959,MRGPRX4,117196.0,MutNovel,"K298T,0.231"
X-5959,MRPL18,29074.0,Del0.8,0.7
X-5959,MRPL42P5,359821.0,Del0.8,0.71
X-5959,MTHFD1L,25902.0,Del0.8,0.69
X-5959,MTMR10,54893.0,Del0.8,0.72
X-5959,MTRF1L,54516.0,Del0.8,0.69
X-5959,MUC20,200958.0,MutNovel,"A344G,0.263"
X-5959,MYBBP1A,10514.0,MutNovel,"P400L,0.222"
X-5959,MYCT1,80177.0,Del0.8,0.69
X-5959,MYEF2,50804.0,Del0.8,0.7
X-5959,MYZAP,100820829.0,Del0.8,0.71
X-5959,NACAD,23148.0,MutNovel,"A841F,0.400"
X-5959,NBAS,51594.0,MutNovel,"S1115F,0.321"
X-5959,NBPF1,55672.0,MutNovel,"S391F,0.333"
X-5959,NBPF16,728936.0,MutNovel,"K564I,1.000"
X-5959,NBPF24,,MutNovel,"Q579K,0.667"
X-5959,NCOR2,9612.0,MutNovel,"G1839GAAA,1.000"
X-5959,NCOR2,9612.0,MutNovel,"G1520S,0.883"
X-5959,NCOR2,9612.0,MutNovel,"-511S,0.812"
X-5959,NCRNA00185,55410.0,Del0.8,0.18
X-5959,NDN,4692.0,Del0.8,0.72
X-5959,NDNL2,56160.0,Del0.8,0.72
X-5959,NDUFAF1,51103.0,Del0.8,0.71
X-5959,NEO1,4756.0,MutNovel,"P633S,0.654"
X-5959,NHEG1,100294720.0,Del0.8,0.66
X-5959,NHSL1,57224.0,MutNovel,"R1166C,1.000"
X-5959,NHSL1,57224.0,MutNovel,"A1093V,1.000"
X-5959,NHSL1,57224.0,Del0.8,0.67
X-5959,NINL,22981.0,MutNovel,"G105R,0.529"
X-5959,NIPA1,123606.0,Del0.8,0.72
X-5959,NIPA2,81614.0,Del0.8,0.72
X-5959,NLGN4Y,22829.0,Del0.8,0.18
X-5959,NMBR,4829.0,Del0.8,0.67
X-5959,NOP10,55505.0,Del0.8,0.71
X-5959,NOX3,50508.0,Del0.8,0.69
X-5959,NT5DC1,221294.0,MutNovel,"F379L,0.536"
X-5959,NT5E,4907.0,MutNovel,"G17V,0.273"
X-5959,NUP43,348995.0,Del0.8,0.69
X-5959,NUP98,4928.0,MutNovel,"S980L,0.685"
X-5959,NUSAP1,51203.0,Del0.8,0.71
X-5959,OAS2,4939.0,MutNovel,"V645G,0.833"
X-5959,OCA2,4948.0,Del0.8,0.72
X-5959,OIP5,11339.0,Del0.8,0.71
X-5959,OIP5-AS1,729082.0,Del0.8,0.71
X-5959,OLIG3,167826.0,Del0.8,0.66
X-5959,OPRM1,4988.0,Del0.8,0.69
X-5959,OR4M2,390538.0,Del0.8,0.46
X-5959,OR4N3P,390539.0,Del0.8,0.46
X-5959,OR4N4,283694.0,Del0.8,0.46
X-5959,OR52N1,79473.0,Del0.8,0.5
X-5959,OR52N5,390075.0,Del0.8,0.12
X-5959,ORAI1,84876.0,MutNovel,"PP43-,1.000"
X-5959,ORC3,23595.0,MutNovel,"A660S,0.637"
X-5959,OSTCP1,202459.0,Del0.8,0.7
X-5959,PACRG,135138.0,Del0.8,0.69
X-5959,PAK1,5058.0,MutNovel,"S133L,0.653"
X-5959,PAK6,56924.0,Del0.8,0.71
X-5959,PAN2,9924.0,MutNovel,"T829I,0.912"
X-5959,PAR-SN,347746.0,Del0.8,0.73
X-5959,PAR1,145624.0,Del0.8,0.73
X-5959,PAR4,347745.0,Del0.8,0.73
X-5959,PAR5,8123.0,Del0.8,0.73
X-5959,PARK2,5071.0,Del0.8,0.45
X-5959,PATL2,197135.0,Del0.8,0.71
X-5959,PBOV1,59351.0,Del0.8,0.67
X-5959,PCDH11Y,83259.0,Del0.8,0.27
X-5959,PCDHB3,56132.0,MutNovel,"S130F,0.240"
X-5959,PCDHB5,26167.0,MutNovel,"A569T,0.333"
X-5959,PCMT1,5110.0,Del0.8,0.69
X-5959,PCNXL2,80003.0,MutNovel,"D1732N,0.500"
X-5959,PCNXL2,80003.0,MutNovel,"P785S,0.667"
X-5959,PCNXL4,,MutNovel,"F187I,0.514"
X-5959,PDCD2,5134.0,Del0.8,0.72
X-5959,PDE10A,10846.0,Del0.8,0.71
X-5959,PDE4DIP,9659.0,MutNovel,"P1295L,0.333"
X-5959,PDIA3,2923.0,Del0.8,0.71
X-5959,PDLIM2,64236.0,MutNovel,"P415L,0.833"
X-5959,PER3,8863.0,MutNovel,"V672L,0.610"
X-5959,PERP,64065.0,Del0.8,0.67
X-5959,PEX3,8504.0,Del0.8,0.67
X-5959,PEX7,5191.0,Del0.8,0.66
X-5959,PGAM2,5224.0,MutKnownFunctional,"-1,0.708"
X-5959,PGBD4,161779.0,Del0.8,0.71
X-5959,PHACTR2,9749.0,Del0.8,0.67
X-5959,PHF10,55274.0,Del0.8,0.72
X-5959,PHGR1,644844.0,Del0.8,0.71
X-5959,PHLDA1,22822.0,MutNovel,"QQ194Q,1.000"
X-5959,PIGT,51604.0,MutNovel,"A23V,0.548"
X-5959,PIK3R5,23533.0,MutNovel,"P512S,1.000"
X-5959,PLA2G4A,5321.0,MutNovel,"R467C,0.626"
X-5959,PLA2G4B,100137049.0,Del0.8,0.71
X-5959,PLA2G4D,283748.0,Del0.8,0.71
X-5959,PLA2G4E,123745.0,Del0.8,0.71
X-5959,PLA2G4F,255189.0,Del0.8,0.71
X-5959,PLAGL1,5325.0,Del0.8,0.67
X-5959,PLCB2,5330.0,Del0.8,0.71
X-5959,PLCG1,5335.0,MutNovel,"A72T,0.506"
X-5959,PLDN,26258.0,Del0.8,0.71
X-5959,PLEKHG1,57480.0,Del0.8,0.69
X-5959,PLG,5340.0,Del0.8,0.7
X-5959,PNLDC1,154197.0,Del0.8,0.7
X-5959,POLR2M,81488.0,Del0.8,0.71
X-5959,POM121,9883.0,MutNovel,"A593T,0.639"
X-5959,POU6F2,11281.0,MutNovel,"S497F,1.000"
X-5959,PPIL4,85313.0,Del0.8,0.69
X-5959,PPIP5K1,9677.0,Del0.8,0.71
X-5959,PPM1J,333926.0,MutNovel,"S207F,0.727"
X-5959,PPP1R14C,81706.0,Del0.8,0.69
X-5959,PPP1R14D,54866.0,Del0.8,0.71
X-5959,PPP1R1C,151242.0,MutNovel,"N96I,0.875"
X-5959,PPP1R3D,5509.0,MutKnownFunctional,"-225WR?,0.438"
X-5959,PPP2R3C,55012.0,MutKnownFunctional,"-23?,1.000"
X-5959,PPP4R4,57718.0,MutNovel,"I29N,0.714"
X-5959,PPYR1,5540.0,Del0.8,0.72
X-5959,PRB2,653247.0,MutNovel,"R109Q,1.000"
X-5959,PREPL,9581.0,MutNovel,"R622L,0.313"
X-5959,PRIC285,85441.0,MutNovel,"S1103F,0.473"
X-5959,PRKY,5616.0,Del0.8,0.18
X-5959,PRR14L,253143.0,MutNovel,"C637S,1.000"
X-5959,PRR18,285800.0,Del0.8,0.71
X-5959,PRSS3,5646.0,MutNovel,"V82I,1.000"
X-5959,PRX,57716.0,MutNovel,"P549L,0.632"
X-5959,PRY,9081.0,Del0.8,0.18
X-5959,PRY,9081.0,Del0.8,0.18
X-5959,PRY2,442862.0,Del0.8,0.18
X-5959,PRY2,442862.0,Del0.8,0.18
X-5959,PSG9,5678.0,MutNovel,"R12L,0.750"
X-5959,PSMB1,5689.0,Del0.8,0.72
X-5959,PWRN1,791114.0,Del0.8,0.73
X-5959,PWRN2,791115.0,Del0.8,0.72
X-5959,PYCARD,29108.0,MutNovel,"V126I,1.000"
X-5959,PYHIN1,149628.0,MutNovel,"R84K,0.500"
X-5959,PZP,5858.0,MutNovel,"G1090R,1.000"
X-5959,QKI,9444.0,Del0.8,0.69
X-5959,RAB32,10981.0,Del0.8,0.69
X-5959,RAD51,5888.0,Del0.8,0.71
X-5959,RAET1E,135250.0,Del0.8,0.69
X-5959,RAET1G,353091.0,Del0.8,0.69
X-5959,RAET1K,646024.0,Del0.8,0.69
X-5959,RAET1L,154064.0,Del0.8,0.69
X-5959,RBM33,155435.0,MutNovel,"P489S,0.976"
X-5959,RBMY1A3P,286557.0,Del0.8,0.18
X-5959,RBMY1B,378948.0,Del0.8,0.18
X-5959,RBMY1B,378948.0,Del0.8,0.18
X-5959,RBMY1E,378950.0,Del0.8,0.18
X-5959,RBMY1E,378950.0,Del0.8,0.18
X-5959,RBMY1F,159163.0,Del0.8,0.18
X-5959,RBMY1F,159163.0,Del0.8,0.18
X-5959,RBMY1J,378951.0,Del0.8,0.18
X-5959,RBMY1J,378951.0,Del0.8,0.18
X-5959,RBMY2EP,159125.0,Del0.8,0.18
X-5959,RBMY2FP,159162.0,Del0.8,0.18
X-5959,RBMY3AP,64593.0,Del0.8,0.18
X-5959,RECQL4,9401.0,MutNovel,"T907S,0.658"
X-5959,REM2,161253.0,MutNovel,"P207S,0.667"
X-5959,REPS1,85021.0,Del0.8,0.67
X-5959,REREP3,646396.0,Del0.8,0.46
X-5959,RFC1,5981.0,MutNovel,"I795F,0.361"
X-5959,RFX7,64864.0,Del0.8,0.71
X-5959,RGNEF,64283.0,MutNovel,"G952E,0.333"
X-5959,RGS17,26575.0,Del0.8,0.69
X-5959,RHBDD3,25807.0,MutNovel,"G199S,0.994"
X-5959,RHOV,171177.0,Del0.8,0.71
X-5959,RIN3,79890.0,MutNovel,"G967-,1.000"
X-5959,RMND1,55005.0,Del0.8,0.69
X-5959,RNASET2,8635.0,Del0.8,0.72
X-5959,RPAP1,26015.0,Del0.8,0.71
X-5959,RPS4Y1,6192.0,Del0.8,0.27
X-5959,RPS4Y2,140032.0,Del0.8,0.18
X-5959,RPUSD2,27079.0,Del0.8,0.71
X-5959,RSPH3,83861.0,Del0.8,0.7
X-5959,RTF1,23168.0,Del0.8,0.71
X-5959,RYR3,6263.0,Del0.8,0.71
X-5959,SACS,26278.0,MutNovel,"S1021C,0.222"
X-5959,SAMD1,90378.0,MutNovel,"DEE233E,0.545"
X-5959,SAMD5,389432.0,Del0.8,0.69
X-5959,SAMD9L,219285.0,MutKnownFunctional,"W333*,0.293"
X-5959,SARM1,23098.0,MutNovel,"W183R,0.944"
X-5959,SASH1,23328.0,Del0.8,0.69
X-5959,SCAF8,22828.0,Del0.8,0.69
X-5959,SCG3,29106.0,Del0.8,0.69
X-5959,SCG5,6447.0,Del0.8,0.71
X-5959,SDC1,6382.0,MutNovel,"A298V,0.297"
X-5959,SEC16B,89866.0,MutNovel,"P269R,0.300"
X-5959,SEC31B,25956.0,MutNovel,"R610C,1.000"
X-5959,SECISBP2L,9728.0,Del0.8,0.7
X-5959,SEMA4F,10505.0,MutNovel,"S674F,0.361"
X-5959,SEMA6D,80031.0,Del0.8,0.7
X-5959,2014-09-09 00:00:00,10801.0,MutNovel,"P256L,0.799"
X-5959,SERAC1,84947.0,Del0.8,0.69
X-5959,SERF2,10169.0,Del0.8,0.71
X-5959,SERF2-C15ORF63,100529067.0,Del0.8,0.71
X-5959,SERINC2,347735.0,MutNovel,"-373Q,1.000"
X-5959,SERINC4,619189.0,Del0.8,0.71
X-5959,SF3B5,83443.0,Del0.8,0.67
X-5959,SFT2D1,113402.0,Del0.8,0.71
X-5959,SGOL2,151246.0,MutNovel,"R718W,0.694"
X-5959,SHC4,399694.0,Del0.8,0.7
X-5959,SHF,90525.0,Del0.8,0.71
X-5959,SHPRH,257218.0,Del0.8,0.69
X-5959,SHROOM1,134549.0,MutNovel,"P104L,0.385"
X-5959,SIAH2,6478.0,MutNovel,"G63AG,0.526"
X-5959,SIK3,23387.0,MutKnownFunctional,"Q630*,0.213"
X-5959,SIPA1L2,57568.0,MutNovel,"P687S,0.709"
X-5959,SIPA1L3,23094.0,MutNovel,"F937L,0.630"
X-5959,SLC12A1,6557.0,Del0.8,0.7
X-5959,SLC12A6,9990.0,MutNovel,"W915C,1.000"
X-5959,SLC12A6,9990.0,Del0.8,0.71
X-5959,SLC22A1,6580.0,Del0.8,0.7
X-5959,SLC22A2,6582.0,Del0.8,0.7
X-5959,SLC22A3,6581.0,Del0.8,0.7
X-5959,SLC24A4,123041.0,MutNovel,"M65I,0.625"
X-5959,SLC24A5,283652.0,Del0.8,0.7
X-5959,SLC27A2,11001.0,Del0.8,0.69
X-5959,SLC28A2,9153.0,Del0.8,0.71
X-5959,SLC30A4,7782.0,Del0.8,0.71
X-5959,SLC35D3,340146.0,Del0.8,0.66
X-5959,SLC43A3,29015.0,MutNovel,"P418S,0.339"
X-5959,SLC6A16,28968.0,MutNovel,"V576D,0.857"
X-5959,SLTM,79811.0,Del0.8,0.71
X-5959,SMC5,23137.0,MutNovel,"H441P,0.496"
X-5959,SMOC2,64094.0,Del0.8,0.72
X-5959,SNAP23,8773.0,Del0.8,0.71
X-5959,SND1,27044.0,MutNovel,"P576L,0.996"
X-5959,SNORA20,677806.0,Del0.8,0.7
X-5959,SNORA29,677812.0,Del0.8,0.7
X-5959,SNORD109B,338429.0,Del0.8,0.73
X-5959,SNORD115-1,338433.0,Del0.8,0.73
X-5959,SNORD115-10,100033447.0,Del0.8,0.73
X-5959,SNORD115-11,100033448.0,Del0.8,0.73
X-5959,SNORD115-13,100033450.0,Del0.8,0.73
X-5959,SNORD115-14,100033451.0,Del0.8,0.73
X-5959,SNORD115-15,100033453.0,Del0.8,0.73
X-5959,SNORD115-16,100033454.0,Del0.8,0.73
X-5959,SNORD115-17,100033455.0,Del0.8,0.73
X-5959,SNORD115-2,100033437.0,Del0.8,0.73
X-5959,SNORD115-22,100033799.0,Del0.8,0.73
X-5959,SNORD115-24,100036563.0,Del0.8,0.73
X-5959,SNORD115-25,100033801.0,Del0.8,0.73
X-5959,SNORD115-26,100033802.0,Del0.8,0.73
X-5959,SNORD115-27,100036564.0,Del0.8,0.73
X-5959,SNORD115-28,100036565.0,Del0.8,0.73
X-5959,SNORD115-3,100033440.0,Del0.8,0.73
X-5959,SNORD115-30,100033804.0,Del0.8,0.73
X-5959,SNORD115-31,100033805.0,Del0.8,0.73
X-5959,SNORD115-32,100033806.0,Del0.8,0.73
X-5959,SNORD115-33,100033807.0,Del0.8,0.73
X-5959,SNORD115-35,100033809.0,Del0.8,0.73
X-5959,SNORD115-37,100033811.0,Del0.8,0.73
X-5959,SNORD115-38,100033812.0,Del0.8,0.73
X-5959,SNORD115-39,100033813.0,Del0.8,0.73
X-5959,SNORD115-4,100033441.0,Del0.8,0.73
X-5959,SNORD115-40,100033814.0,Del0.8,0.73
X-5959,SNORD115-41,100033815.0,Del0.8,0.73
X-5959,SNORD115-44,100033818.0,Del0.8,0.73
X-5959,SNORD115-45,100036566.0,Del0.8,0.73
X-5959,SNORD115-47,100036567.0,Del0.8,0.73
X-5959,SNORD115-48,100033822.0,Del0.8,0.73
X-5959,SNORD115-5,100033442.0,Del0.8,0.73
X-5959,SNORD115-6,100033443.0,Del0.8,0.73
X-5959,SNORD115-7,100033444.0,Del0.8,0.73
X-5959,SNORD115-8,100033445.0,Del0.8,0.73
X-5959,SNORD115-9,100033446.0,Del0.8,0.73
X-5959,SNORD116-1,100033413.0,Del0.8,0.73
X-5959,SNORD116-10,100033422.0,Del0.8,0.73
X-5959,SNORD116-11,100033423.0,Del0.8,0.73
X-5959,SNORD116-12,100033424.0,Del0.8,0.73
X-5959,SNORD116-13,100033425.0,Del0.8,0.73
X-5959,SNORD116-14,100033426.0,Del0.8,0.73
X-5959,SNORD116-15,100033427.0,Del0.8,0.73
X-5959,SNORD116-16,100033428.0,Del0.8,0.73
X-5959,SNORD116-18,100033430.0,Del0.8,0.73
X-5959,SNORD116-19,727708.0,Del0.8,0.73
X-5959,SNORD116-2,100033414.0,Del0.8,0.73
X-5959,SNORD116-20,100033431.0,Del0.8,0.73
X-5959,SNORD116-22,100033433.0,Del0.8,0.73
X-5959,SNORD116-23,100033434.0,Del0.8,0.73
X-5959,SNORD116-24,100033435.0,Del0.8,0.73
X-5959,SNORD116-25,100033436.0,Del0.8,0.73
X-5959,SNORD116-26,100033438.0,Del0.8,0.73
X-5959,SNORD116-27,100033439.0,Del0.8,0.73
X-5959,SNORD116-28,100033820.0,Del0.8,0.73
X-5959,SNORD116-29,100033821.0,Del0.8,0.73
X-5959,SNORD116-3,100033415.0,Del0.8,0.73
X-5959,SNORD116-4,100033416.0,Del0.8,0.73
X-5959,SNORD116-5,100033417.0,Del0.8,0.73
X-5959,SNORD116-8,100033420.0,Del0.8,0.73
X-5959,SNRPN,6638.0,Del0.8,0.73
X-5959,SNURF,8926.0,Del0.8,0.73
X-5959,SNX9,51429.0,Del0.8,0.69
X-5959,SOD2,6648.0,Del0.8,0.7
X-5959,SORD,6652.0,Del0.8,0.71
X-5959,SP140L,93349.0,MutNovel,"ME339IK,0.731"
X-5959,SPATA5L1,79029.0,Del0.8,0.71
X-5959,SPDYE6,729597.0,MutNovel,"S319F,1.000"
X-5959,SPG11,80208.0,Del0.8,0.71
X-5959,SPINT1,6692.0,Del0.8,0.71
X-5959,SPPL2A,84888.0,Del0.8,0.69
X-5959,SPTBN5,51332.0,Del0.8,0.71
X-5959,SQRDL,58472.0,Del0.8,0.71
X-5959,SRCAP,10847.0,MutKnownFunctional,"PQ2357P*,1.000"
X-5959,SRP14,6727.0,Del0.8,0.71
X-5959,SRP72,6731.0,MutNovel,"P643S,0.349"
X-5959,SRPK3,26576.0,MutNovel,"E236K,1.000"
X-5959,SRSF1,6426.0,MutNovel,"R240C,0.241"
X-5959,SRY,6736.0,Del0.8,0.27
X-5959,ST3GAL3,6487.0,MutKnownFunctional,"Q347*,0.259"
X-5959,ST3GAL5,8869.0,MutNovel,"P13S,0.250"
X-5959,STARD9,57519.0,Del0.8,0.71
X-5959,STRC,161497.0,MutNovel,"T1565S,0.842"
X-5959,STRC,161497.0,MutNovel,"P969Q,1.000"
X-5959,STRC,161497.0,Del0.8,0.71
X-5959,STX11,8676.0,Del0.8,0.67
X-5959,STXBP5,134957.0,Del0.8,0.69
X-5959,SUMO4,387082.0,Del0.8,0.69
X-5959,SYNE1,23345.0,Del0.8,0.69
X-5959,SYNE2,23224.0,MutNovel,"Q6645E,0.557"
X-5959,SYNJ2,8871.0,Del0.8,0.69
X-5959,SYT15,83849.0,Del0.8,0.72
X-5959,SYTL1,84958.0,MutNovel,"A263E,0.600"
X-5959,SYTL3,94120.0,Del0.8,0.7
X-5959,T,6862.0,Del0.8,0.71
X-5959,TAB2,23118.0,Del0.8,0.69
X-5959,TAGAP,117289.0,Del0.8,0.7
X-5959,TAOK3,51347.0,MutNovel,"N611S,0.906"
X-5959,TBC1D5,9779.0,MutNovel,"G39E,0.314"
X-5959,TBKBP1,9755.0,MutNovel,"A356V,1.000"
X-5959,TBL1Y,90665.0,Del0.8,0.18
X-5959,TBP,6908.0,Del0.8,0.72
X-5959,TCF12,6938.0,Del0.8,0.71
X-5959,TCF7L1,83439.0,MutNovel,"P301L,0.778"
X-5959,TCP1,6950.0,Del0.8,0.7
X-5959,TCP10,6953.0,Del0.8,0.72
X-5959,TCP10L2,401285.0,Del0.8,0.72
X-5959,TCTE3,6991.0,Del0.8,0.72
X-5959,TET2,54790.0,MutNovel,"S1944F,0.312"
X-5959,TEX9,374618.0,Del0.8,0.71
X-5959,TFB1M,51106.0,Del0.8,0.69
X-5959,TFRC,7037.0,MutNovel,"R174C,0.496"
X-5959,TGIF2LY,90655.0,Del0.8,0.27
X-5959,TGM5,9333.0,Del0.8,0.71
X-5959,TGM7,116179.0,Del0.8,0.71
X-5959,THBS1,7057.0,MutNovel,"E1166K,0.909"
X-5959,THBS1,7057.0,Del0.8,0.71
X-5959,THBS2,7058.0,Del0.8,0.72
X-5959,THRB,7068.0,MutNovel,"R316C,0.455"
X-5959,TIAM2,26230.0,Del0.8,0.69
X-5959,TJP1,7082.0,Del0.8,0.72
X-5959,TLN2,83660.0,MutNovel,"G334R,0.667"
X-5959,TMBIM4,51643.0,MutKnownFunctional,"-174?,0.784"
X-5959,TMEM230,,MutNovel,"T100I,0.537"
X-5959,TMEM242,729515.0,Del0.8,0.69
X-5959,TMEM62,80021.0,Del0.8,0.71
X-5959,TMEM66,51669.0,MutNovel,"Y295C,0.680"
X-5959,TMEM87A,25963.0,Del0.8,0.71
X-5959,TMOD2,29767.0,Del0.8,0.69
X-5959,TMOD3,29766.0,Del0.8,0.69
X-5959,TMSB4Y,9087.0,Del0.8,0.18
X-5959,TNFAIP3,7128.0,Del0.8,0.67
X-5959,TNFAIP6,7130.0,MutKnownFunctional,"-278,0.875"
X-5959,TNFAIP8L3,388121.0,Del0.8,0.69
X-5959,TNFRSF25,8718.0,MutNovel,"G27S,0.667"
X-5959,TP53BP1,7158.0,Del0.8,0.71
X-5959,TRAPPC8,22878.0,MutNovel,"S154F,0.482"
X-5959,TRIM16,10626.0,MutKnownFunctional,"W356*,0.575"
X-5959,TRIM49B,,MutNovel,"N173S,0.667"
X-5959,TRIM49B,,MutNovel,"L176I,0.667"
X-5959,TRIM51,,MutNovel,"D170N,0.380"
X-5959,TRIM69,140691.0,Del0.8,0.71
X-5959,TRPM1,4308.0,Del0.8,0.72
X-5959,TRPM7,54822.0,Del0.8,0.69
X-5959,TRRAP,8295.0,MutNovel,"H1470L,0.509"
X-5959,TSEN2,80746.0,MutNovel,"Y309C,0.528"
X-5959,TSPY1,7258.0,Del0.8,0.18
X-5959,TSPY2,64591.0,Del0.8,0.18
X-5959,TSPY3,728137.0,Del0.8,0.18
X-5959,TSPY4,728395.0,Del0.8,0.18
X-5959,TSPY8,728403.0,Del0.8,0.18
X-5959,TSPYL1,7259.0,MutNovel,"V176VW,1.000"
X-5959,TTBK2,146057.0,Del0.8,0.71
X-5959,TTC14,151613.0,MutNovel,"S674R,0.477"
X-5959,TTC18,118491.0,MutNovel,"C874Y,1.000"
X-5959,TTLL2,83887.0,Del0.8,0.72
X-5959,TTLL4,9654.0,MutNovel,"R335W,0.305"
X-5959,TTTY10,246119.0,Del0.8,0.18
X-5959,TTTY11,83866.0,Del0.8,0.18
X-5959,TTTY12,83867.0,Del0.8,0.18
X-5959,TTTY13,83868.0,Del0.8,0.18
X-5959,TTTY14,83869.0,Del0.8,0.18
X-5959,TTTY15,64595.0,Del0.8,0.18
X-5959,TTTY16,252948.0,Del0.8,0.18
X-5959,TTTY17A,252949.0,Del0.8,0.11
X-5959,TTTY17A,252949.0,Del0.8,0.25
X-5959,TTTY18,252950.0,Del0.8,0.18
X-5959,TTTY19,252952.0,Del0.8,0.18
X-5959,TTTY1B,100101116.0,Del0.8,0.18
X-5959,TTTY1B,100101116.0,Del0.8,0.18
X-5959,TTTY2,60439.0,Del0.8,0.18
X-5959,TTTY2,60439.0,Del0.8,0.18
X-5959,TTTY20,252951.0,Del0.8,0.18
X-5959,TTTY21,252953.0,Del0.8,0.18
X-5959,TTTY21,252953.0,Del0.8,0.18
X-5959,TTTY22,252954.0,Del0.8,0.18
X-5959,TTTY23,252955.0,Del0.8,0.18
X-5959,TTTY23,252955.0,Del0.8,0.18
X-5959,TTTY3,114760.0,Del0.8,0.18
X-5959,TTTY3,114760.0,Del0.8,0.12
X-5959,TTTY4,114761.0,Del0.8,0.11
X-5959,TTTY4,114761.0,Del0.8,0.07
X-5959,TTTY5,83863.0,Del0.8,0.18
X-5959,TTTY6,84672.0,Del0.8,0.18
X-5959,TTTY6,84672.0,Del0.8,0.18
X-5959,TTTY7,246122.0,Del0.8,0.18
X-5959,TTTY7,246122.0,Del0.8,0.18
X-5959,TTTY7B,100101120.0,Del0.8,0.18
X-5959,TTTY7B,100101120.0,Del0.8,0.18
X-5959,TTTY8,84673.0,Del0.8,0.18
X-5959,TTTY8,84673.0,Del0.8,0.18
X-5959,TTTY9A,83864.0,Del0.8,0.18
X-5959,TTTY9A,83864.0,Del0.8,0.18
X-5959,TUBGCP4,27229.0,Del0.8,0.71
X-5959,TUBGCP5,114791.0,Del0.8,0.72
X-5959,TULP4,56995.0,Del0.8,0.7
X-5959,TXLNB,167838.0,Del0.8,0.67
X-5959,TXLNG2P,246126.0,Del0.8,0.18
X-5959,TYRO3,7301.0,Del0.8,0.71
X-5959,UBE2D2,7322.0,MutNovel,"R139W,0.313"
X-5959,UBE3A,7337.0,Del0.8,0.73
X-5959,UBE3B,89910.0,MutNovel,"E861K,0.963"
X-5959,UBR1,197131.0,Del0.8,0.71
X-5959,UBR7,55148.0,MutNovel,"Y59N,0.514"
X-5959,ULBP1,80329.0,Del0.8,0.69
X-5959,ULBP2,80328.0,Del0.8,0.69
X-5959,ULBP3,79465.0,Del0.8,0.69
X-5959,ULK4P1,89838.0,Del0.8,0.72
X-5959,ULK4P3,89837.0,Del0.8,0.72
X-5959,UMPS,7372.0,MutNovel,"P417S,1.000"
X-5959,UNC93A,54346.0,Del0.8,0.72
X-5959,USP21,27005.0,MutNovel,"T168I,0.663"
X-5959,USP36,57602.0,MutNovel,"KKK958K,1.000"
X-5959,USP43,124739.0,MutNovel,"P1018S,0.800"
X-5959,USP50,373509.0,Del0.8,0.69
X-5959,USP53,54532.0,MutNovel,"G543E,0.789"
X-5959,USP8,9101.0,Del0.8,0.69
X-5959,USP9Y,8287.0,Del0.8,0.18
X-5959,UST,10090.0,Del0.8,0.69
X-5959,UTRN,7402.0,Del0.8,0.54
X-5959,UTY,7404.0,Del0.8,0.18
X-5959,VCX3B,425054.0,MutNovel,"E159Q,0.308"
X-5959,VCY,9084.0,Del0.8,0.18
X-5959,VCY,9084.0,Del0.8,0.18
X-5959,VILL,50853.0,MutNovel,"L645V,0.463"
X-5959,VIP,7432.0,Del0.8,0.69
X-5959,VPS13B,157680.0,MutKnownFunctional,"-1704?,0.545"
X-5959,VPS18,57617.0,MutNovel,"R217H,1.000"
X-5959,VPS18,57617.0,Del0.8,0.71
X-5959,VPS39,23339.0,Del0.8,0.71
X-5959,VTA1,51534.0,Del0.8,0.67
X-5959,VWA5A,4013.0,MutNovel,"P46S,0.696"
X-5959,WDR19,57728.0,MutNovel,"V704A,0.338"
X-5959,WDR27,253769.0,Del0.8,0.72
X-5959,WDR76,79968.0,Del0.8,0.71
X-5959,WHAMMP2,440253.0,Del0.8,0.72
X-5959,WHAMMP3,339005.0,Del0.8,0.72
X-5959,WIZ,58525.0,MutNovel,"P453S,0.637"
X-5959,WTAP,9589.0,Del0.8,0.7
X-5959,XKRY2,353515.0,Del0.8,0.18
X-5959,XKRY2,353515.0,Del0.8,0.18
X-5959,XYLT1,64131.0,MutNovel,"A115S,1.000"
X-5959,ZBTB2,57621.0,Del0.8,0.69
X-5959,ZC3H12D,340152.0,Del0.8,0.69
X-5959,ZCCHC11,23318.0,MutNovel,"G849R,0.460"
X-5959,ZDHHC11,79844.0,MutNovel,"A303D,0.240"
X-5959,ZDHHC14,79683.0,Del0.8,0.69
X-5959,ZFP106,64397.0,Del0.8,0.71
X-5959,ZFY,7544.0,Del0.8,0.27
X-5959,ZFYVE19,84936.0,Del0.8,0.71
X-5959,ZMYM6,9204.0,MutNovel,"S226P,0.231"
X-5959,ZNF107,51427.0,MutNovel,"H378Y,0.455"
X-5959,ZNF197,10168.0,MutNovel,"I867T,0.500"
X-5959,ZNF219,51222.0,MutNovel,"QPP233P,0.506"
X-5959,ZNF229,7772.0,MutKnownFunctional,"-364,0.286"
X-5959,ZNF235,9310.0,MutNovel,"R254H,0.688"
X-5959,ZNF28,7576.0,MutNovel,"E639G,0.229"
X-5959,ZNF280D,54816.0,Del0.8,0.71
X-5959,ZNF320,162967.0,MutNovel,"H379Y,0.315"
X-5959,ZNF329,79673.0,MutNovel,"P510S,0.514"
X-5959,ZNF358,140467.0,MutNovel,"G385S,0.668"
X-5959,ZNF445,353274.0,MutNovel,"P368L,0.488"
X-5959,ZNF496,84838.0,MutNovel,"A92V,0.479"
X-5959,ZNF507,22847.0,MutNovel,"P668L,0.767"
X-5959,ZNF561,93134.0,MutNovel,"P173L,0.250"
X-5959,ZNF615,284370.0,MutNovel,"S253F,0.371"
X-5959,ZNF658,26149.0,MutNovel,"G636R,1.000"
X-5959,ZNF770,54989.0,Del0.8,0.71
X-5959,ZNF773,374928.0,MutNovel,"E279K,0.729"
X-5959,ZNF839,55778.0,MutNovel,"P199T,0.514"
X-5959,ZNF862,643641.0,MutNovel,"G37S,1.000"
X-5959,ZNF888,,MutNovel,"Q450P,0.226"
X-5959,ZRANB1,54764.0,MutKnownFunctional,"-709?,0.992"
X-5959,ZSCAN29,146050.0,Del0.8,0.71
X-5959,ZSCAN30,100101467.0,MutNovel,"D32H,0.429"
X-1318,ABCA12,26154.0,MutNovel,"A1219E,1.000"
X-1318,ABCA7,10347.0,MutNovel,"V1092G,1.000"
X-1318,ABCD4,5826.0,MutNovel,"N133S,0.447"
X-1318,ACSL4,2182.0,Amp5,6.54
X-1318,ADCK4,79934.0,Amp8,19.97
X-1318,AGAP6,414189.0,MutNovel,"R249H,0.433"
X-1318,AGAP8,728404.0,MutNovel,"S532T,0.714"
X-1318,AGTR2,186.0,Amp5,6.5
X-1318,AKNA,80709.0,MutNovel,"R1216W,1.000"
X-1318,AKR7A3,22977.0,MutNovel,"E51D,0.250"
X-1318,AKT2,208.0,Amp8,19.97
X-1318,ALG13,79868.0,Amp5,6.54
X-1318,AMELY,266.0,Del0.8,0.26
X-1318,AMMECR1,9949.0,Amp5,6.54
X-1318,AMN,81693.0,MutNovel,"-447AG,0.743"
X-1318,AMOT,154796.0,Amp5,6.54
X-1318,ANKRD42,338699.0,Amp5,5.5
X-1318,ARHGEF5,7984.0,MutNovel,"V1225M,0.222"
X-1318,ARHGEF9,23229.0,MutNovel,"H395Y,1.000"
X-1318,ARID5A,10865.0,MutNovel,"V139G,0.545"
X-1318,ATG4A,115201.0,Amp5,6.54
X-1318,ATM,472.0,MutNovel,"G2023R,0.250"
X-1318,B3GALNT1,8706.0,MutNovel,"Y175C,0.948"
X-1318,BBS9,27241.0,MutNovel,"R656W,1.000"
X-1318,BCORP1,286554.0,Del0.8,0.26
X-1318,BLVRB,645.0,Amp8,19.97
X-1318,BPY2B,442867.0,Del0.8,0.26
X-1318,BPY2B,442867.0,Del0.8,0.26
X-1318,C11orf73,51501.0,Amp5,5.5
X-1318,C11orf82,220042.0,Amp5,5.5
X-1318,C12orf35,55196.0,MutKnownFunctional,"-987,0.388"
X-1318,C19orf12,83636.0,Amp8,14.83
X-1318,C19orf33,64073.0,MutNovel,"K100-,0.721"
X-1318,C19orf47,126526.0,Amp8,19.97
X-1318,C19orf54,284325.0,Amp8,19.97
X-1318,C22orf32,91689.0,MutNovel,"R7P,0.667"
X-1318,CAPN6,827.0,Amp5,6.54
X-1318,CASP2,835.0,MutNovel,"S8F,0.960"
X-1318,CCDC81,60494.0,Amp5,5.5
X-1318,CCDC83,220047.0,Amp5,5.5
X-1318,CCDC89,220388.0,Amp5,5.5
X-1318,CCDC90B,60492.0,Amp5,5.5
X-1318,CCDC91,55297.0,MutNovel,"S238F,0.364"
X-1318,CCNE1,898.0,Amp8,14.83
X-1318,CDY1B,253175.0,Del0.8,0.26
X-1318,CDY1B,253175.0,Del0.8,0.26
X-1318,CDY2A,9426.0,Del0.8,0.26
X-1318,CDY2A,9426.0,Del0.8,0.26
X-1318,CDY2B,203611.0,Del0.8,0.26
X-1318,CDY2B,203611.0,Del0.8,0.26
X-1318,CHRDL1,91851.0,Amp5,6.54
X-1318,CHTF18,63922.0,MutNovel,"E592G,0.639"
X-1318,CILP2,148113.0,MutNovel,"V1005G,1.000"
X-1318,CLDN2,9075.0,Amp5,6.54
X-1318,CLGN,1047.0,MutNovel,"E584K,1.000"
X-1318,CNTD2,79935.0,MutNovel,"R149G,0.962"
X-1318,CNTD2,79935.0,Amp8,19.97
X-1318,CNTRL,11064.0,MutNovel,"D1217G,1.000"
X-1318,CNTROB,116840.0,MutNovel,"A821P,0.468"
X-1318,COL18A1,80781.0,MutNovel,"GPPGPP1119-,0.438"
X-1318,COL4A5,1287.0,Amp5,6.54
X-1318,COL4A6,1288.0,Amp5,6.54
X-1318,CREBZF,58487.0,Amp5,5.5
X-1318,CRYBG3,,MutNovel,"K224M,1.000"
X-1318,CSPG4P1Y,114758.0,Del0.8,0.26
X-1318,CSPG4P1Y,114758.0,Del0.8,0.26
X-1318,CTSC,1075.0,Amp5,5.5
X-1318,CXorf56,63932.0,Amp5,6.36
X-1318,CXorf57,55086.0,Amp5,6.54
X-1318,DAZ1,1617.0,Del0.8,0.26
X-1318,DAZ2,57055.0,Del0.8,0.26
X-1318,DAZ3,57054.0,Del0.8,0.26
X-1318,DAZ3,57054.0,Del0.8,0.26
X-1318,DAZ4,57135.0,Del0.8,0.26
X-1318,DAZ4,57135.0,Del0.8,0.26
X-1318,DBNL,28988.0,MutNovel,"Q204R,0.387"
X-1318,DCTN2,10540.0,MutNovel,"G198E,0.448"
X-1318,DCX,1641.0,Amp5,6.54
X-1318,DDX3Y,8653.0,Del0.8,0.26
X-1318,DDX56,54606.0,MutNovel,"V354M,0.472"
X-1318,DEPDC5,9681.0,MutNovel,"E1400G,1.000"
X-1318,DKFZp686D0853,401613.0,Amp5,6.54
X-1318,DLG2,1740.0,Amp5,5.5
X-1318,DNA2,1763.0,MutNovel,"E814Q,0.500"
X-1318,DNAH5,1767.0,MutNovel,"S3415F,0.385"
X-1318,DNAH5,1767.0,MutNovel,"E800K,0.625"
X-1318,DOCK11,139818.0,Amp5,6.36
X-1318,EDEM1,9695.0,Del0.8,0.45
X-1318,EED,8726.0,Amp5,5.5
X-1318,EGFEM1P,93556.0,Amp5,6.36
X-1318,EGLN2,112398.0,Amp8,19.97
X-1318,EIF1AY,9086.0,Del0.8,0.26
X-1318,EIF4A1,,MutNovel,"R255Q,0.494"
X-1318,EP300,2033.0,MutNovel,"VF1594V,0.945"
X-1318,ERP29,10961.0,MutNovel,"A3G,0.222"
X-1318,FAM132B,,MutNovel,"G281R,0.462"
X-1318,FAM181B,220382.0,Amp5,5.5
X-1318,FAM197Y2P,252946.0,Del0.8,0.26
X-1318,FAM214A,56204.0,MutNovel,"L25S,0.583"
X-1318,FAM41AY1,340618.0,Del0.8,0.26
X-1318,FAM41AY1,340618.0,Del0.8,0.26
X-1318,FAM83H,286077.0,MutNovel,"E573K,0.500"
X-1318,FAM86B1,85002.0,MutNovel,"L168F,1.000"
X-1318,FAM86B1,85002.0,MutNovel,"R164Q,1.000"
X-1318,FAM86B2,653333.0,MutNovel,"G108D,0.667"
X-1318,FBRS,64319.0,MutNovel,"R307W,0.391"
X-1318,FCGBP,8857.0,Amp5,6.45
X-1318,FREM2,341640.0,MutNovel,"D1442N,1.000"
X-1318,FYCO1,79443.0,MutNovel,"P559L,1.000"
X-1318,FZD4,8322.0,Amp5,5.5
X-1318,GABBR2,9568.0,MutNovel,"A310G,0.846"
X-1318,GALNT12,79695.0,MutNovel,"G46R,0.632"
X-1318,GGT2,,MutNovel,"R535W,1.000"
X-1318,GJA1,2697.0,MutNovel,"K68N,0.534"
X-1318,GOLGA2P2Y,84559.0,Del0.8,0.26
X-1318,GOLGA2P2Y,84559.0,Del0.8,0.26
X-1318,GPN1,11321.0,MutNovel,"D86N,0.601"
X-1318,GPN1,11321.0,MutNovel,"P177R,0.460"
X-1318,GSTT1,2952.0,Amp5,5.43
X-1318,GSTTP1,25774.0,Amp5,5.43
X-1318,GTF2I,2969.0,MutNovel,"T707I,0.412"
X-1318,GUCY2F,2986.0,Amp5,6.54
X-1318,GYG2P1,352887.0,Del0.8,0.26
X-1318,HIPK4,147746.0,Amp8,19.97
X-1318,HK2,3099.0,MutNovel,"D612N,0.489"
X-1318,HLA-DQB2,3120.0,MutNovel,"Q153R,1.000"
X-1318,HLA-G,3135.0,MutNovel,"F10V,1.000"
X-1318,HSFY2,159119.0,Del0.8,0.26
X-1318,HSFY2,159119.0,Del0.8,0.26
X-1318,HSPA12A,259217.0,MutNovel,"L56F,0.429"
X-1318,HSPA1B,3304.0,MutKnownFunctional,"GE109V*,0.500"
X-1318,HTR2C,3358.0,Amp5,6.54
X-1318,HTT,3064.0,MutNovel,"S3041Y,0.983"
X-1318,IFI16,3428.0,MutNovel,"I171L,0.491"
X-1318,IGFLR1,79713.0,MutNovel,"G4E,0.500"
X-1318,IL13RA1,3597.0,Amp5,6.36
X-1318,IL13RA2,3598.0,Amp5,6.54
X-1318,IL17RA,23765.0,MutNovel,"P7L,1.000"
X-1318,INTS8,55656.0,MutNovel,"S808A,0.463"
X-1318,IPO8,10526.0,MutNovel,"E905K,0.463"
X-1318,IRS4,8471.0,Amp5,6.54
X-1318,ITPKC,80271.0,Amp8,19.97
X-1318,ITPRIP,85450.0,MutNovel,"D329H,0.611"
X-1318,ITSN2,50618.0,MutNovel,"N1170S,0.468"
X-1318,KCNC3,3748.0,MutNovel,"D63G,1.000"
X-1318,KCNE1L,23630.0,Amp5,6.54
X-1318,KDM5D,8284.0,Del0.8,0.26
X-1318,KIAA0020,9933.0,MutNovel,"M309I,1.000"
X-1318,KIAA0430,9665.0,MutNovel,"S755C,0.462"
X-1318,KIAA1210,57481.0,Amp5,6.36
X-1318,KLHL13,90293.0,Amp5,6.36
X-1318,KTN1,3895.0,MutNovel,"I768V,0.511"
X-1318,LAMA5,3911.0,MutNovel,"A10S,0.548"
X-1318,LCE3C,353144.0,Del0.8,0.67
X-1318,LHFPL1,340596.0,Amp5,6.54
X-1318,LIMS3,,MutKnownFunctional,"R116*,0.227"
X-1318,LMBRD2,92255.0,MutNovel,"I185V,0.478"
X-1318,LOC100505835,100505835.0,Amp8,8.88
X-1318,LOC100506233,100506233.0,Amp5,5.5
X-1318,LOC100506368,100506368.0,Amp5,5.5
X-1318,LOC100996528,,MutNovel,"H90Y,0.333"
X-1318,LOC148145,148145.0,Amp8,8.88
X-1318,LOC148189,148189.0,Amp8,19.43
X-1318,LOC284395,284395.0,Amp8,14.83
X-1318,LOC391322,391322.0,Amp5,5.43
X-1318,LOC401180,,MutNovel,"-133G,1.000"
X-1318,LONRF3,79836.0,Amp5,6.36
X-1318,LPHN1,22859.0,MutNovel,"R3H,1.000"
X-1318,LRCH2,57631.0,Amp5,6.54
X-1318,LRP6,4040.0,MutNovel,"T808A,0.539"
X-1318,LSR,51599.0,MutNovel,"G518GR,0.821"
X-1318,LTBP4,8425.0,Amp8,19.97
X-1318,LUZP4,51213.0,Amp5,6.54
X-1318,MAP3K10,4294.0,Amp8,19.97
X-1318,MAPK15,225689.0,MutNovel,"L424P,0.621"
X-1318,MARCO,8685.0,MutNovel,"V424I,0.625"
X-1318,ME3,10873.0,Amp5,5.5
X-1318,MECOM,2122.0,Amp5,6.19
X-1318,MEGF8,1954.0,MutNovel,"G1189S,1.000"
X-1318,MIA,8190.0,Amp8,19.97
X-1318,MIA-RAB4B,100529262.0,Amp8,19.97
X-1318,MID2,11043.0,Amp5,6.54
X-1318,MIR1264,100302251.0,Amp5,6.54
X-1318,MIR1277,100302214.0,Amp5,6.36
X-1318,MIR1298,100302153.0,Amp5,6.54
X-1318,MIR1911,100302222.0,Amp5,6.54
X-1318,MIR1912,100302144.0,Amp5,6.54
X-1318,MIR3978,100616491.0,Amp5,6.54
X-1318,MIR4300,100422823.0,Amp5,5.5
X-1318,MIR4329,100423009.0,Amp5,6.54
X-1318,MIR448,554212.0,Amp5,6.54
X-1318,MIR4790,100616334.0,Del0.8,0.45
X-1318,MIR551B,693136.0,Amp5,6.36
X-1318,MIR570,693155.0,Amp5,6.15
X-1318,MIR641,693226.0,Amp8,19.97
X-1318,MIR764,100313838.0,Amp5,6.54
X-1318,MIR766,768218.0,Amp5,6.36
X-1318,MKI67IP,84365.0,MutNovel,"E58K,0.412"
X-1318,MOB2,81532.0,MutNovel,"A88G,0.250"
X-1318,MORC4,79710.0,Amp5,6.54
X-1318,MTIF3,219402.0,MutNovel,"Q255E,0.442"
X-1318,MUC20,200958.0,Amp5,6.15
X-1318,MUC22,100507679.0,MutNovel,"M775T,0.667"
X-1318,MUC4,4585.0,MutNovel,"HA4205QT,0.577"
X-1318,MUC4,4585.0,MutNovel,"I4149S,0.333"
X-1318,MUC4,4585.0,MutNovel,"P3872H,1.000"
X-1318,MUC4,4585.0,MutNovel,"H3730P,0.250"
X-1318,MUC4,4585.0,MutNovel,"L3638F,0.850"
X-1318,MUC4,4585.0,MutNovel,"Q3629H,0.941"
X-1318,MUC4,4585.0,MutNovel,"DA3317ET,0.682"
X-1318,MUC4,4585.0,MutNovel,"T3158I,0.500"
X-1318,MUC4,4585.0,MutNovel,"D2979V,1.000"
X-1318,MUC4,4585.0,MutNovel,"T2623M,0.500"
X-1318,MUC4,4585.0,MutNovel,"V2617A,0.667"
X-1318,MUC4,4585.0,MutNovel,"A2585T,0.378"
X-1318,MUC4,4585.0,MutNovel,"S2096P,0.265"
X-1318,MUC4,4585.0,MutNovel,"L1474P,0.333"
X-1318,MUC4,4585.0,MutNovel,"Q1469H,0.400"
X-1318,MUC4,4585.0,MutNovel,"V1385A,1.000"
X-1318,MUC4,4585.0,MutNovel,"L1382P,1.000"
X-1318,MUC4,4585.0,MutNovel,"T1375I,1.000"
X-1318,MUC4,4585.0,MutNovel,"F1046P,0.833"
X-1318,MUC4,4585.0,MutNovel,"V1038A,0.594"
X-1318,MUC4,4585.0,MutNovel,"T1022A,0.354"
X-1318,MUM1L1,139221.0,Amp5,6.54
X-1318,NAGPA,51172.0,MutNovel,"S83W,0.392"
X-1318,NBPF10,100132406.0,MutNovel,"D869A,1.000"
X-1318,NBPF10,100132406.0,MutNovel,"S879P,1.000"
X-1318,NCRNA00185,55410.0,Del0.8,0.26
X-1318,NF2,4771.0,MutKnownFunctional,"E350*,1.000"
X-1318,NKRF,55922.0,Amp5,6.36
X-1318,NLGN4Y,22829.0,Del0.8,0.26
X-1318,NOTCH1,4851.0,MutNovel,"T1371P,0.632"
X-1318,NRK,203447.0,Amp5,6.54
X-1318,NUMBL,9253.0,Amp8,19.97
X-1318,NUP62CL,54830.0,Amp5,6.54
X-1318,NXT2,55916.0,Amp5,6.54
X-1318,OBSCN,84033.0,MutNovel,"V1624A,0.300"
X-1318,OR5E1P,26343.0,Del0.8,0.68
X-1318,OR7E2P,8587.0,Amp5,5.5
X-1318,ORAI1,84876.0,MutNovel,"PP43-,0.839"
X-1318,PAK3,5063.0,Amp5,6.54
X-1318,PAQR4,124222.0,MutNovel,"R40P,0.471"
X-1318,PARP14,54625.0,MutNovel,"N1253S,0.832"
X-1318,PARP8,79668.0,MutNovel,"R383S,0.485"
X-1318,PASK,23178.0,MutNovel,"A680V,0.556"
X-1318,PCDH11Y,83259.0,Del0.8,0.26
X-1318,PCF11,51585.0,Amp5,5.5
X-1318,PGRMC1,10857.0,Amp5,6.36
X-1318,PHLDA1,22822.0,MutNovel,"QQ194Q,0.351"
X-1318,PICALM,8301.0,Amp5,5.5
X-1318,PKD1,5310.0,MutNovel,"S1025F,0.500"
X-1318,PLCB2,5330.0,MutNovel,"G916A,0.632"
X-1318,PLD3,23646.0,Amp8,19.97
X-1318,PLEKHF1,79156.0,Amp8,14.83
X-1318,PLS3,5358.0,Amp5,6.54
X-1318,PNISR,25957.0,MutNovel,"F172S,0.455"
X-1318,POM121C,100101267.0,MutNovel,"T882A,0.947"
X-1318,POP4,10775.0,Amp8,14.83
X-1318,PPP2R5C,5527.0,MutNovel,"D492N,1.000"
X-1318,PRCP,5547.0,Amp5,5.5
X-1318,PRKY,5616.0,Del0.8,0.26
X-1318,PRPS1,5631.0,Amp5,6.54
X-1318,PRSS23,11098.0,Amp5,5.5
X-1318,PRX,57716.0,Amp8,19.97
X-1318,PRY,9081.0,Del0.8,0.26
X-1318,PRY,9081.0,Del0.8,0.26
X-1318,PRY2,442862.0,Del0.8,0.26
X-1318,PRY2,442862.0,Del0.8,0.26
X-1318,PSMB10,5699.0,MutNovel,"Q18P,1.000"
X-1318,PSMC4,5704.0,Amp8,19.97
X-1318,PSMD10,5716.0,Amp5,6.54
X-1318,PTPRF,5792.0,MutNovel,"Q603H,0.265"
X-1318,PYROXD1,79912.0,MutNovel,"N244S,0.585"
X-1318,RAB30,27314.0,Amp5,5.5
X-1318,RAB38,23682.0,Amp5,5.5
X-1318,RAB4B,53916.0,Amp8,19.97
X-1318,RAB4B-EGLN2,100529264.0,Amp8,19.97
X-1318,RBM41,55285.0,Amp5,6.54
X-1318,RBMXL3,139804.0,Amp5,6.54
X-1318,RBMY1A3P,286557.0,Del0.8,0.26
X-1318,RBMY1B,378948.0,Del0.8,0.26
X-1318,RBMY1B,378948.0,Del0.8,0.26
X-1318,RBMY1E,378950.0,Del0.8,0.26
X-1318,RBMY1E,378950.0,Del0.8,0.26
X-1318,RBMY1F,159163.0,Del0.8,0.26
X-1318,RBMY1F,159163.0,Del0.8,0.26
X-1318,RBMY1J,378951.0,Del0.8,0.26
X-1318,RBMY1J,378951.0,Del0.8,0.26
X-1318,RBMY2EP,159125.0,Del0.8,0.26
X-1318,RBMY2FP,159162.0,Del0.8,0.26
X-1318,RBMY3AP,64593.0,Del0.8,0.26
X-1318,RGAG1,57529.0,Amp5,6.54
X-1318,RIN3,79890.0,MutNovel,"G967-,0.294"
X-1318,RIPPLY1,92129.0,Amp5,6.54
X-1318,RNF128,79589.0,Amp5,6.54
X-1318,RNF213,57674.0,MutNovel,"T1705K,1.000"
X-1318,ROPN1L,83853.0,MutNovel,"R90W,0.429"
X-1318,RPL39,6170.0,Amp5,6.36
X-1318,RPS4Y1,6192.0,Del0.8,0.26
X-1318,RPS4Y2,140032.0,Del0.8,0.26
X-1318,SDCBP2,27111.0,MutNovel,"R106Q,0.904"
X-1318,SDK1,221935.0,MutNovel,"S58P,1.000"
X-1318,SDK1,221935.0,MutNovel,"R95W,0.280"
X-1318,SEMA4B,10509.0,MutNovel,"A13P,0.281"
X-1318,SEMA4C,54910.0,MutNovel,"K416R,0.472"
X-1318,2014-09-06 00:00:00,23157.0,Amp5,6.36
X-1318,SERINC2,347735.0,MutNovel,"-373Q,0.585"
X-1318,SERPINA7,6906.0,Amp5,6.54
X-1318,SERTAD1,29950.0,Amp8,19.97
X-1318,SERTAD3,29946.0,Amp8,19.97
X-1318,SHKBP1,92799.0,Amp8,19.97
X-1318,SHROOM1,134549.0,MutNovel,"P104L,0.568"
X-1318,SIX4,51804.0,MutNovel,"P558T,0.448"
X-1318,SIX4,51804.0,MutNovel,"S547C,0.469"
X-1318,SLC22A31,146429.0,MutNovel,"G78R,1.000"
X-1318,SLC25A43,203427.0,Amp5,6.36
X-1318,SLC25A5,292.0,Amp5,6.36
X-1318,SLC25A5-AS1,100303728.0,Amp5,6.36
X-1318,SLC27A3,11000.0,MutNovel,"R439C,0.510"
X-1318,SLC2A1,6513.0,MutNovel,"V257A,0.518"
X-1318,SLC39A8,64116.0,MutNovel,"G187A,0.970"
X-1318,SLIT2,9353.0,MutNovel,"N385S,1.000"
X-1318,SNORA35,677816.0,Amp5,6.54
X-1318,SNORA69,26779.0,Amp5,6.36
X-1318,SNORA70E,100379250.0,Amp5,5.5
X-1318,SNORD96B,692226.0,Amp5,6.54
X-1318,SNRPA,6626.0,Amp8,19.97
X-1318,SORD,6652.0,MutNovel,"I61T,0.463"
X-1318,SOWAHD,347454.0,Amp5,6.36
X-1318,SPG11,80208.0,MutNovel,"E1599G,0.361"
X-1318,SPTBN4,57731.0,Amp8,19.97
X-1318,SRY,6736.0,Del0.8,0.26
X-1318,STAT2,6773.0,MutNovel,"G825C,0.549"
X-1318,SUSD5,26032.0,MutNovel,"A275S,1.000"
X-1318,SVEP1,79987.0,MutNovel,"V2520I,1.000"
X-1318,SYTL2,54843.0,Amp5,5.5
X-1318,TBC1D8B,54885.0,Amp5,6.54
X-1318,TBC1D9B,23061.0,MutNovel,"L361P,0.570"
X-1318,TBL1Y,90665.0,Del0.8,0.26
X-1318,TDGF1P3,6998.0,Amp5,6.54
X-1318,TECPR1,25851.0,MutNovel,"G1126S,1.000"
X-1318,TEX13B,56156.0,Amp5,6.54
X-1318,TGIF2LY,90655.0,Del0.8,0.26
X-1318,TJP1,7082.0,MutNovel,"V1520D,0.463"
X-1318,TMEM126A,84233.0,Amp5,5.5
X-1318,TMEM126B,55863.0,Amp5,5.5
X-1318,TMEM135,65084.0,Amp5,5.5
X-1318,TMEM164,84187.0,Amp5,6.54
X-1318,TMEM184A,202915.0,MutNovel,"G392GA,0.562"
X-1318,TMEM199,147007.0,MutNovel,"P27T,0.560"
X-1318,TMSB4Y,9087.0,Del0.8,0.26
X-1318,TRIM49,57093.0,Amp8,8.69
X-1318,TRIM62,55223.0,MutNovel,"E267K,0.548"
X-1318,TRIM9,114088.0,MutNovel,"N328K,0.500"
X-1318,TRPC5,7224.0,Amp5,6.54
X-1318,TSC22D3,1831.0,Amp5,6.54
X-1318,TSPY1,7258.0,Del0.8,0.26
X-1318,TSPY2,64591.0,Del0.8,0.26
X-1318,TSPY3,728137.0,Del0.8,0.26
X-1318,TSPY4,728395.0,Del0.8,0.26
X-1318,TSPY8,728403.0,Del0.8,0.26
X-1318,TSPYL1,7259.0,MutNovel,"V176VW,0.932"
X-1318,TSSC1,7260.0,MutNovel,"R215W,0.485"
X-1318,TTC9B,148014.0,Amp8,19.97
X-1318,TTTY10,246119.0,Del0.8,0.26
X-1318,TTTY11,83866.0,Del0.8,0.26
X-1318,TTTY12,83867.0,Del0.8,0.26
X-1318,TTTY13,83868.0,Del0.8,0.26
X-1318,TTTY14,83869.0,Del0.8,0.26
X-1318,TTTY15,64595.0,Del0.8,0.26
X-1318,TTTY16,252948.0,Del0.8,0.26
X-1318,TTTY17A,252949.0,Del0.8,0.26
X-1318,TTTY17A,252949.0,Del0.8,0.26
X-1318,TTTY18,252950.0,Del0.8,0.26
X-1318,TTTY19,252952.0,Del0.8,0.26
X-1318,TTTY1B,100101116.0,Del0.8,0.26
X-1318,TTTY1B,100101116.0,Del0.8,0.26
X-1318,TTTY2,60439.0,Del0.8,0.26
X-1318,TTTY2,60439.0,Del0.8,0.26
X-1318,TTTY20,252951.0,Del0.8,0.26
X-1318,TTTY21,252953.0,Del0.8,0.26
X-1318,TTTY21,252953.0,Del0.8,0.26
X-1318,TTTY22,252954.0,Del0.8,0.26
X-1318,TTTY23,252955.0,Del0.8,0.26
X-1318,TTTY23,252955.0,Del0.8,0.26
X-1318,TTTY3,114760.0,Del0.8,0.26
X-1318,TTTY3,114760.0,Del0.8,0.26
X-1318,TTTY4,114761.0,Del0.8,0.26
X-1318,TTTY4,114761.0,Del0.8,0.26
X-1318,TTTY5,83863.0,Del0.8,0.26
X-1318,TTTY6,84672.0,Del0.8,0.26
X-1318,TTTY6,84672.0,Del0.8,0.26
X-1318,TTTY7,246122.0,Del0.8,0.26
X-1318,TTTY7,246122.0,Del0.8,0.26
X-1318,TTTY7B,100101120.0,Del0.8,0.26
X-1318,TTTY7B,100101120.0,Del0.8,0.26
X-1318,TTTY8,84673.0,Del0.8,0.26
X-1318,TTTY8,84673.0,Del0.8,0.26
X-1318,TTTY9A,83864.0,Del0.8,0.26
X-1318,TTTY9A,83864.0,Del0.8,0.26
X-1318,TUBGCP5,114791.0,MutNovel,"R940W,0.444"
X-1318,TXLNG2P,246126.0,Del0.8,0.26
X-1318,UBE2A,7319.0,Amp5,6.36
X-1318,UBTF,7343.0,MutNovel,"F165L,0.500"
X-1318,UBXN11,91544.0,MutNovel,"P503PVP,0.327"
X-1318,UMPS,7372.0,MutNovel,"D271H,0.782"
X-1318,UPF3B,65109.0,Amp5,5.31
X-1318,UQCRFS1,7386.0,Amp8,8.88
X-1318,URI1,8725.0,Amp8,14.83
X-1318,USP4,7375.0,MutNovel,"N872S,1.000"
X-1318,USP9Y,8287.0,Del0.8,0.26
X-1318,UTY,7404.0,Del0.8,0.26
X-1318,VCX3A,51481.0,MutNovel,"V186M,0.917"
X-1318,VCY,9084.0,Del0.8,0.26
X-1318,VCY,9084.0,Del0.8,0.26
X-1318,VSIG1,340547.0,Amp5,6.54
X-1318,VSTM2B,342865.0,Amp8,14.83
X-1318,WDR44,54521.0,Amp5,6.36
X-1318,WDR73,84942.0,MutNovel,"V9G,0.417"
X-1318,XKRY2,353515.0,Del0.8,0.26
X-1318,XKRY2,353515.0,Del0.8,0.26
X-1318,ZCCHC12,170261.0,Amp5,6.36
X-1318,ZCCHC16,340595.0,Amp5,6.54
X-1318,ZFY,7544.0,Del0.8,0.26
X-1318,ZNF318,24149.0,MutNovel,"R84P,0.667"
X-1318,ZNF429,353088.0,MutNovel,"R672H,1.000"
X-1318,ZNF536,9745.0,Amp8,14.83
X-1318,ZNF546,339327.0,Amp8,19.97
X-1318,ZNF728,,MutNovel,"K366N,1.000"
X-1318,ZNF778,197320.0,MutNovel,"G501R,1.000"
X-1318,ZNF780A,284323.0,Amp8,19.97
X-1318,ZNF780B,163131.0,Amp8,19.97
X-1318,ZZEF1,23140.0,MutNovel,"F655V,0.261"
X-1786,AAMP,14.0,Del0.8,0.77
X-1786,ABCA12,26154.0,Del0.8,0.77
X-1786,ABCB6,10058.0,Del0.8,0.77
X-1786,ABCB7,22.0,Del0.8,0.76
X-1786,ABCD1,215.0,Del0.8,0.78
X-1786,ABHD15,116236.0,MutKnownFunctional,"-140,1.000"
X-1786,ABI2,10152.0,Del0.8,0.77
X-1786,ACADL,33.0,Del0.8,0.77
X-1786,ACE2,59272.0,Del0.8,0.74
X-1786,ACER3,55331.0,Amp5,6.36
X-1786,ACOT1,641371.0,Del0.8,0.54
X-1786,ACOT9,23597.0,Del0.8,0.74
X-1786,ACRC,93953.0,Del0.8,0.76
X-1786,ACSL3,2181.0,Del0.8,0.77
X-1786,ACSL4,2182.0,Del0.8,0.76
X-1786,ACTRT1,139741.0,Del0.8,0.76
X-1786,ADAM23,8745.0,Del0.8,0.77
X-1786,ADAM28,10863.0,Del0.8,0.74
X-1786,ADAM7,8756.0,Del0.8,0.74
X-1786,ADAMDEC1,27299.0,Del0.8,0.74
X-1786,ADRA1A,148.0,Del0.8,0.73
X-1786,AEBP2,121536.0,MutNovel,"-104E,0.373"
X-1786,AFF2,2334.0,Del0.8,0.78
X-1786,AGAP6,414189.0,MutNovel,"R249H,0.356"
X-1786,AGAP7,653268.0,MutNovel,"D97E,0.857"
X-1786,AGFG1,3267.0,Del0.8,0.77
X-1786,AGMAT,79814.0,MutNovel,"L4R,0.370"
X-1786,AGPAT5,55326.0,Del0.8,0.74
X-1786,AGTR2,186.0,Del0.8,0.76
X-1786,AIFM1,9131.0,Del0.8,0.76
X-1786,AKAP11,11215.0,Del0.8,0.76
X-1786,AKAP14,158798.0,Del0.8,0.74
X-1786,AKAP17A,8227.0,Del0.8,0.74
X-1786,AKAP4,8852.0,Del0.8,0.76
X-1786,ALAS2,212.0,Del0.8,0.76
X-1786,ALG11,440138.0,Del0.8,0.78
X-1786,ALG13,79868.0,Del0.8,0.76
X-1786,ALG8,79053.0,Amp8,9.85
X-1786,ALK,238.0,MutNovel,"R291H,0.682"
X-1786,ALOX15,246.0,MutNovel,"G113S,1.000"
X-1786,ALPK2,115701.0,Del0.8,0.76
X-1786,ALS2,57679.0,Del0.8,0.74
X-1786,ALS2CR8,79800.0,Del0.8,0.77
X-1786,AMELX,265.0,Del0.8,0.74
X-1786,AMELY,266.0,Del0.8,0.19
X-1786,AMMECR1,9949.0,Del0.8,0.76
X-1786,AMOT,154796.0,Del0.8,0.76
X-1786,ANGPT2,285.0,Del0.8,0.74
X-1786,ANGPTL6,83854.0,Amp5,7.06
X-1786,ANKRD36,375248.0,MutNovel,"G981R,0.233"
X-1786,ANKRD36B,57730.0,MutNovel,"R1336Q,0.417"
X-1786,ANKRD42,338699.0,Del0.8,0.74
X-1786,ANKRD62,,MutNovel,"I506T,1.000"
X-1786,ANKRD62,,MutNovel,"N547T,0.591"
X-1786,ANKRD62,,MutNovel,"R553K,0.550"
X-1786,ANKRD62,,MutNovel,"Q583R,0.556"
X-1786,ANKRD65,441869.0,MutNovel,"T128M,0.635"
X-1786,ANKRD65,441869.0,MutNovel,"G200V,0.364"
X-1786,ANKRD65,441869.0,MutNovel,"R129H,0.470"
X-1786,ANKZF1,55139.0,Del0.8,0.77
X-1786,ANO1,55107.0,Amp5,5.58
X-1786,ANO10,55129.0,MutNovel,"S75F,0.414"
X-1786,AP1M2,10053.0,Amp5,7.06
X-1786,AP1S2,8905.0,Del0.8,0.74
X-1786,AP1S3,130340.0,Del0.8,0.77
X-1786,AP4E1,23431.0,MutNovel,"I580V,0.957"
X-1786,APEX2,27301.0,Del0.8,0.76
X-1786,APLN,8862.0,Del0.8,0.76
X-1786,APOO,79135.0,Del0.8,0.74
X-1786,APOOL,139322.0,Del0.8,0.75
X-1786,AQP11,282679.0,Amp8,9.85
X-1786,AR,367.0,Del0.8,0.76
X-1786,ARAF,369.0,Del0.8,0.76
X-1786,ARHGAP23,57636.0,MutNovel,"S68L,1.000"
X-1786,ARHGAP36,158763.0,Del0.8,0.76
X-1786,ARHGAP4,393.0,Del0.8,0.78
X-1786,ARHGAP6,395.0,Del0.8,0.74
X-1786,ARHGDIB,397.0,MutNovel,"V126I,0.308"
X-1786,ARHGEF17,9828.0,Amp5,6.36
X-1786,ARHGEF6,9459.0,Del0.8,0.76
X-1786,ARHGEF9,23229.0,Del0.8,0.76
X-1786,ARL11,115761.0,Del0.8,0.78
X-1786,ARL13A,392509.0,Del0.8,0.76
X-1786,ARL17A,51326.0,MutNovel,"K7R,1.000"
X-1786,ARMC6,93436.0,Amp5,5.7
X-1786,ARMCX1,51309.0,Del0.8,0.76
X-1786,ARMCX2,9823.0,Del0.8,0.76
X-1786,ARMCX3,51566.0,Del0.8,0.76
X-1786,ARMCX4,100131755.0,Del0.8,0.76
X-1786,ARMCX5,64860.0,Del0.8,0.76
X-1786,ARMCX5-GPRASP2,100528062.0,Del0.8,0.76
X-1786,ARMCX6,54470.0,Del0.8,0.76
X-1786,ARPC2,10109.0,Del0.8,0.77
X-1786,ARR3,407.0,Del0.8,0.76
X-1786,ARRB1,408.0,Amp5,6.36
X-1786,ARRDC2,27106.0,Amp5,5.7
X-1786,ARSD,414.0,Del0.8,0.74
X-1786,ARSE,415.0,Del0.8,0.74
X-1786,ARSF,416.0,Del0.8,0.74
X-1786,ARSH,347527.0,Del0.8,0.74
X-1786,ARX,170302.0,Del0.8,0.74
X-1786,ASAH1,427.0,Del0.8,0.76
X-1786,ASB11,140456.0,Del0.8,0.74
X-1786,ASB12,142689.0,Del0.8,0.76
X-1786,ASB9,140462.0,Del0.8,0.74
X-1786,ASMT,438.0,Del0.8,0.74
X-1786,ASMTL,8623.0,Del0.8,0.74
X-1786,ASMTL-AS1,80161.0,Del0.8,0.74
X-1786,ASXL2,55252.0,MutNovel,"A682T,0.657"
X-1786,ATG4A,115201.0,Del0.8,0.76
X-1786,ATG4D,84971.0,Amp5,7.06
X-1786,ATG9A,79065.0,Del0.8,0.77
X-1786,ATHL1,80162.0,MutNovel,"L62F,0.724"
X-1786,ATIC,471.0,Del0.8,0.77
X-1786,ATM,472.0,MutNovel,"P604S,1.000"
X-1786,ATP11C,286410.0,Del0.8,0.76
X-1786,ATP13A3,79572.0,MutNovel,"I1116F,0.424"
X-1786,ATP1B4,23439.0,Del0.8,0.74
X-1786,ATP2B3,492.0,Del0.8,0.78
X-1786,ATP5A1,498.0,Del0.8,0.78
X-1786,ATP6AP1,537.0,Del0.8,0.78
X-1786,ATP6AP2,10159.0,Del0.8,0.76
X-1786,ATP6V1B2,526.0,Del0.8,0.76
X-1786,ATP7A,538.0,Del0.8,0.75
X-1786,ATP7B,540.0,Del0.8,0.78
X-1786,ATP8B1,5205.0,Del0.8,0.76
X-1786,ATRX,546.0,Del0.8,0.75
X-1786,ATXN3L,92552.0,Del0.8,0.74
X-1786,AVPR2,554.0,Del0.8,0.78
X-1786,AWAT1,158833.0,Del0.8,0.76
X-1786,AWAT2,158835.0,Del0.8,0.76
X-1786,B3GNT3,10331.0,Amp5,5.7
X-1786,B3GNT6,192134.0,Amp5,6.36
X-1786,B4GALNT3,283358.0,MutNovel,"E612D,1.000"
X-1786,BAI2,576.0,MutNovel,"A449V,0.417"
X-1786,BARD1,580.0,Del0.8,0.77
X-1786,BBS12,166379.0,MutNovel,"E420K,1.000"
X-1786,BCAP31,10134.0,Del0.8,0.78
X-1786,BCL2,596.0,Del0.8,0.65
X-1786,BCOR,54880.0,Del0.8,0.76
X-1786,BCORL1,63035.0,Del0.8,0.76
X-1786,BCORP1,286554.0,Del0.8,0.19
X-1786,BCS1L,617.0,Del0.8,0.77
X-1786,BCYRN1,618.0,Del0.8,0.76
X-1786,BEND2,139105.0,Del0.8,0.74
X-1786,BEST2,54831.0,MutNovel,"A12T,1.000"
X-1786,BEX1,55859.0,Del0.8,0.76
X-1786,BEX2,84707.0,Del0.8,0.76
X-1786,BEX4,56271.0,Del0.8,0.76
X-1786,BEX5,340542.0,Del0.8,0.76
X-1786,BGN,633.0,Del0.8,0.78
X-1786,BHLHB9,80823.0,Del0.8,0.76
X-1786,BIN3,55909.0,Del0.8,0.76
X-1786,BMP1,649.0,Del0.8,0.76
X-1786,BMP15,9210.0,Del0.8,0.76
X-1786,BMX,660.0,Del0.8,0.74
X-1786,BNIP3L,665.0,Del0.8,0.73
X-1786,BOD1L2,284257.0,Del0.8,0.76
X-1786,BPY2B,442867.0,Del0.8,0.19
X-1786,BPY2B,442867.0,Del0.8,0.19
X-1786,BRCC3,79184.0,Del0.8,0.78
X-1786,BRS3,680.0,Del0.8,0.76
X-1786,BRWD3,254065.0,Del0.8,0.75
X-1786,BTK,695.0,Del0.8,0.76
X-1786,C10orf57,,MutKnownFunctional,"-38?,0.700"
X-1786,C11orf30,56946.0,Amp5,6.36
X-1786,C11orf67,28971.0,Amp8,9.85
X-1786,C11orf73,51501.0,Del0.8,0.74
X-1786,C18orf25,147339.0,Del0.8,0.78
X-1786,C18orf26,284254.0,Del0.8,0.76
X-1786,C18orf54,162681.0,Del0.8,0.76
X-1786,C18orf62,284274.0,Del0.8,0.77
X-1786,C18orf63,644041.0,Del0.8,0.77
X-1786,C19orf38,255809.0,Amp5,7.06
X-1786,C19orf60,55049.0,Amp5,5.7
X-1786,C19orf66,55337.0,Amp5,7.06
X-1786,C1GALT1C1,29071.0,Del0.8,0.74
X-1786,C2CD3,26005.0,Amp5,6.36
X-1786,C2orf62,375307.0,Del0.8,0.77
X-1786,C2orf80,389073.0,Del0.8,0.77
X-1786,C2orf83,56918.0,Del0.8,0.77
X-1786,C3P1,388503.0,Amp5,7.06
X-1786,C8orf48,157773.0,Del0.8,0.74
X-1786,C8orf58,541565.0,Del0.8,0.76
X-1786,C8orf74,203076.0,Del0.8,0.77
X-1786,CA5B,11238.0,Del0.8,0.74
X-1786,CA5BP1,340591.0,Del0.8,0.74
X-1786,CAB39L,81617.0,Del0.8,0.78
X-1786,CACNA1A,773.0,MutNovel,"QQ2330-,0.809"
X-1786,CACNA1F,778.0,Del0.8,0.76
X-1786,CAHM,100526820.0,Del0.8,0.76
X-1786,CAPN5,726.0,Amp5,6.36
X-1786,CAPN6,827.0,Del0.8,0.76
X-1786,CARM1,10498.0,Amp5,5.5
X-1786,CASK,8573.0,Del0.8,0.76
X-1786,CBLN2,147381.0,Del0.8,0.75
X-1786,CBWD3,445571.0,MutNovel,"D212G,0.455"
X-1786,CBWD7,,MutNovel,"T13A,1.000"
X-1786,CCBE1,147372.0,Del0.8,0.76
X-1786,CCDC102B,79839.0,Del0.8,0.75
X-1786,CCDC108,255101.0,Del0.8,0.77
X-1786,CCDC120,90060.0,Del0.8,0.76
X-1786,CCDC122,160857.0,Del0.8,0.76
X-1786,CCDC124,115098.0,Amp5,5.7
X-1786,CCDC140,151278.0,Del0.8,0.77
X-1786,CCDC160,347475.0,Del0.8,0.76
X-1786,CCDC22,28952.0,Del0.8,0.76
X-1786,CCDC25,55246.0,Del0.8,0.73
X-1786,CCDC68,80323.0,Del0.8,0.76
X-1786,CCDC70,83446.0,Del0.8,0.78
X-1786,CCDC81,60494.0,Del0.8,0.74
X-1786,CCDC83,220047.0,Del0.8,0.74
X-1786,CCDC89,220388.0,Del0.8,0.74
X-1786,CCDC90B,60492.0,Del0.8,0.74
X-1786,CCL20,6364.0,Del0.8,0.77
X-1786,CCNB3,85417.0,Del0.8,0.76
X-1786,CCND1,595.0,Amp5,5.58
X-1786,CCNYL1,151195.0,Del0.8,0.77
X-1786,CD226,10666.0,Del0.8,0.75
X-1786,CD28,940.0,Del0.8,0.77
X-1786,CD40LG,959.0,Del0.8,0.76
X-1786,CD99,4267.0,Del0.8,0.74
X-1786,CD99L2,83692.0,Del0.8,0.78
X-1786,CD99P1,401577.0,Del0.8,0.74
X-1786,CDADC1,81602.0,Del0.8,0.78
X-1786,CDC37,11140.0,Amp5,7.06
X-1786,CDC42EP1,11135.0,MutNovel,"PAPAANPS253P,0.600"
X-1786,CDCA2,157313.0,Del0.8,0.73
X-1786,CDH19,28513.0,Del0.8,0.77
X-1786,CDH20,28316.0,Del0.8,0.78
X-1786,CDH7,1005.0,Del0.8,0.77
X-1786,CDK11A,728642.0,MutNovel,"P740S,0.310"
X-1786,CDK13,8621.0,MutNovel,"E147G,0.367"
X-1786,CDK15,65061.0,Del0.8,0.74
X-1786,CDK16,5127.0,Del0.8,0.76
X-1786,CDK5R2,8941.0,Del0.8,0.77
X-1786,CDKL5,6792.0,Del0.8,0.45
X-1786,CDKN2D,1032.0,Amp5,7.06
X-1786,CDR1,1038.0,Del0.8,0.76
X-1786,CDX4,1046.0,Del0.8,0.76
X-1786,CDY1B,253175.0,Del0.8,0.19
X-1786,CDY1B,253175.0,Del0.8,0.19
X-1786,CDY2A,9426.0,Del0.8,0.19
X-1786,CDY2A,9426.0,Del0.8,0.19
X-1786,CDY2B,203611.0,Del0.8,0.19
X-1786,CDY2B,203611.0,Del0.8,0.19
X-1786,CEBPD,1052.0,Del0.8,0.69
X-1786,CELF4,56853.0,Del0.8,0.78
X-1786,CELSR1,9620.0,MutNovel,"V677M,1.000"
X-1786,CELSR1,9620.0,MutNovel,"R117S,1.000"
X-1786,CELSR1,9620.0,MutNovel,"R72W,1.000"
X-1786,CENPI,2491.0,Del0.8,0.76
X-1786,CERS1,10715.0,Amp5,5.7
X-1786,CES1P1,51716.0,Del0.8,0.57
X-1786,CES3,23491.0,MutNovel,"R367Q,1.000"
X-1786,CETN2,1069.0,Del0.8,0.78
X-1786,CFHR3,10878.0,Amp5,5.31
X-1786,CFP,5199.0,Del0.8,0.76
X-1786,CGN,57530.0,MutNovel,"Q1026P,0.494"
X-1786,CHCHD8,51287.0,Amp5,6.36
X-1786,CHIC1,53344.0,Del0.8,0.76
X-1786,CHM,1121.0,Del0.8,0.75
X-1786,CHMP7,91782.0,Del0.8,0.76
X-1786,CHPF,79586.0,Del0.8,0.77
X-1786,CHRDL1,91851.0,Del0.8,0.76
X-1786,CHRDL2,25884.0,Amp5,6.36
X-1786,CHRNA2,1135.0,Del0.8,0.73
X-1786,CHST7,56548.0,Del0.8,0.76
X-1786,CIB2,10518.0,MutNovel,"L28F,0.990"
X-1786,CITED1,4435.0,Del0.8,0.76
X-1786,CKAP2,26586.0,Del0.8,0.78
X-1786,CLCN4,1183.0,Del0.8,0.74
X-1786,CLCN5,1184.0,Del0.8,0.76
X-1786,CLCNKA,1187.0,MutNovel,"T577D,0.256"
X-1786,CLDN2,9075.0,Del0.8,0.76
X-1786,CLDN23,137075.0,Del0.8,0.73
X-1786,CLEC11A,6320.0,MutNovel,"C187Y,0.421"
X-1786,CLEC18A,348174.0,MutNovel,"A174V,0.381"
X-1786,CLEC18A,348174.0,MutNovel,"R185G,0.375"
X-1786,CLEC18A,348174.0,MutNovel,"D421N,0.567"
X-1786,CLEC18B,497190.0,MutNovel,"R352C,0.435"
X-1786,CLEC18C,283971.0,MutNovel,"A174V,0.611"
X-1786,CLEC18C,283971.0,MutNovel,"R185G,0.567"
X-1786,CLEC18C,283971.0,MutNovel,"R352C,0.471"
X-1786,CLEC18C,283971.0,MutNovel,"I360T,0.444"
X-1786,CLIC2,1193.0,Del0.8,0.78
X-1786,CLNS1A,1207.0,Amp8,9.85
X-1786,CLU,1191.0,Del0.8,0.73
X-1786,CNDP1,84735.0,Del0.8,0.77
X-1786,CNDP2,55748.0,Del0.8,0.77
X-1786,CNGA2,1260.0,Del0.8,0.78
X-1786,CNKSR2,22866.0,Del0.8,0.74
X-1786,CNOT7,29883.0,Del0.8,0.76
X-1786,CNPPD1,27013.0,Del0.8,0.77
X-1786,COG3,83548.0,Del0.8,0.76
X-1786,COG6,57511.0,Del0.8,0.76
X-1786,COL4A3,1285.0,Del0.8,0.77
X-1786,COL4A4,1286.0,Del0.8,0.77
X-1786,COL4A5,1287.0,Del0.8,0.76
X-1786,COL4A6,1288.0,Del0.8,0.76
X-1786,COL5A3,50509.0,Amp5,7.06
X-1786,COMP,1311.0,Amp5,5.7
X-1786,COPE,11316.0,Amp5,5.7
X-1786,COX7B,1349.0,Del0.8,0.75
X-1786,CPB2,1361.0,Del0.8,0.76
X-1786,CPLX4,339302.0,Del0.8,0.76
X-1786,CPO,130749.0,Del0.8,0.77
X-1786,CPPED1,55313.0,MutNovel,"E286A,1.000"
X-1786,CPPED1,55313.0,Del0.8,0.74
X-1786,CPS1,1373.0,Del0.8,0.77
X-1786,CPS1-IT1,29034.0,Del0.8,0.77
X-1786,CPSF1,29894.0,MutNovel,"R1406H,1.000"
X-1786,CPT1A,1374.0,Amp5,5.58
X-1786,CPXCR1,53336.0,Del0.8,0.75
X-1786,CREB1,1385.0,Del0.8,0.77
X-1786,CREBZF,58487.0,Del0.8,0.74
X-1786,CRLF1,9244.0,Amp5,5.7
X-1786,CRLF2,64109.0,Del0.8,0.74
X-1786,CRTC1,23373.0,Amp5,5.7
X-1786,CRYBA2,1412.0,Del0.8,0.77
X-1786,CRYGA,1418.0,Del0.8,0.77
X-1786,CRYGB,1419.0,Del0.8,0.77
X-1786,CRYGC,1420.0,Del0.8,0.77
X-1786,CRYGD,1421.0,Del0.8,0.77
X-1786,CSAG1,158511.0,Del0.8,0.78
X-1786,CSAG2,728461.0,Del0.8,0.78
X-1786,CSAG2,728461.0,Del0.8,0.78
X-1786,CSAG3,389903.0,Del0.8,0.78
X-1786,CSAG3,389903.0,Del0.8,0.78
X-1786,CSF2RA,1438.0,Del0.8,0.74
X-1786,CSGALNACT1,55790.0,Del0.8,0.76
X-1786,CSPG4P1Y,114758.0,Del0.8,0.19
X-1786,CSPG4P1Y,114758.0,Del0.8,0.19
X-1786,CSTF2,1478.0,Del0.8,0.76
X-1786,CT45A1,541466.0,Del0.8,0.76
X-1786,CT45A2,728911.0,MutNovel,"R160H,0.500"
X-1786,CT45A2,728911.0,Del0.8,0.76
X-1786,CT45A3,441519.0,Del0.8,0.76
X-1786,CT45A4,441520.0,Del0.8,0.76
X-1786,CT45A4,441520.0,Del0.8,0.76
X-1786,CT45A5,441521.0,Del0.8,0.76
X-1786,CT45A6,541465.0,Del0.8,0.76
X-1786,CT47A1,728096.0,Del0.8,0.74
X-1786,CT47A10,728036.0,Del0.8,0.74
X-1786,CT47A6,728062.0,Del0.8,0.74
X-1786,CT47A7,653282.0,Del0.8,0.74
X-1786,CT47B1,643311.0,Del0.8,0.74
X-1786,CTAG1B,1485.0,Del0.8,0.78
X-1786,CTAG1B,1485.0,Del0.8,0.78
X-1786,CTAG2,30848.0,Del0.8,0.78
X-1786,CTAGE10P,220429.0,Del0.8,0.78
X-1786,CTDSP1,58190.0,Del0.8,0.77
X-1786,CTLA4,1493.0,Del0.8,0.77
X-1786,CTPS2,56474.0,Del0.8,0.74
X-1786,CTSA,5476.0,MutNovel,"L29-,0.528"
X-1786,CTSB,1508.0,Del0.8,0.72
X-1786,CTTN,2017.0,Amp5,5.58
X-1786,CUL3,8452.0,Del0.8,0.77
X-1786,CUL4B,8450.0,Del0.8,0.74
X-1786,CXCR1,3577.0,Del0.8,0.77
X-1786,CXCR2,3579.0,Del0.8,0.77
X-1786,CXCR2P1,3580.0,Del0.8,0.77
X-1786,CXCR3,2833.0,Del0.8,0.76
X-1786,CXXC1P1,392459.0,Del0.8,0.76
X-1786,CXorf1,9142.0,Del0.8,0.78
X-1786,CXorf21,80231.0,Del0.8,0.74
X-1786,CXorf22,170063.0,Del0.8,0.76
X-1786,CXorf23,256643.0,Del0.8,0.74
X-1786,CXorf26,51260.0,Del0.8,0.76
X-1786,CXorf27,25763.0,Del0.8,0.76
X-1786,CXorf28,100129464.0,Del0.8,0.74
X-1786,CXorf30,645090.0,Del0.8,0.76
X-1786,CXorf36,79742.0,Del0.8,0.76
X-1786,CXorf38,159013.0,Del0.8,0.76
X-1786,CXorf40A,91966.0,Del0.8,0.78
X-1786,CXorf40B,541578.0,Del0.8,0.78
X-1786,CXorf48,54967.0,Del0.8,0.76
X-1786,CXorf49B,100132994.0,Del0.8,0.76
X-1786,CXorf49B,100132994.0,Del0.8,0.76
X-1786,CXorf51A,100129239.0,Del0.8,0.78
X-1786,CXorf51A,100129239.0,Del0.8,0.78
X-1786,CXorf56,63932.0,Del0.8,0.74
X-1786,CXorf57,55086.0,Del0.8,0.76
X-1786,CXorf58,254158.0,Del0.8,0.74
X-1786,CXorf59,286464.0,Del0.8,0.76
X-1786,CXorf61,203413.0,Del0.8,0.74
X-1786,CXorf64,100130613.0,Del0.8,0.76
X-1786,CXorf65,158830.0,Del0.8,0.76
X-1786,CXorf66,347487.0,Del0.8,0.76
X-1786,CXorf68,100132963.0,Del0.8,0.78
X-1786,CXorf69,644538.0,Del0.8,0.76
X-1786,CYB5A,1528.0,Del0.8,0.77
X-1786,CYBB,1536.0,Del0.8,0.76
X-1786,CYLC1,1538.0,Del0.8,0.75
X-1786,CYP20A1,57404.0,Del0.8,0.77
X-1786,CYP27A1,1593.0,Del0.8,0.77
X-1786,CYSLTR1,10800.0,Del0.8,0.75
X-1786,CYSLTR2,57105.0,Del0.8,0.78
X-1786,DACH1,1602.0,MutNovel,"GG82-,0.714"
X-1786,DACH2,117154.0,Del0.8,0.75
X-1786,DAZ1,1617.0,Del0.8,0.19
X-1786,DAZ2,57055.0,Del0.8,0.19
X-1786,DAZ3,57054.0,Del0.8,0.19
X-1786,DAZ3,57054.0,Del0.8,0.19
X-1786,DAZ4,57135.0,Del0.8,0.19
X-1786,DAZ4,57135.0,Del0.8,0.19
X-1786,DCAF12L1,139170.0,Del0.8,0.76
X-1786,DCAF12L2,340578.0,Del0.8,0.76
X-1786,DCAF4L2,138009.0,Amp5,5.24
X-1786,DCAF8L1,139425.0,Del0.8,0.74
X-1786,DCAF8L2,347442.0,Del0.8,0.74
X-1786,DCC,1630.0,Del0.8,0.76
X-1786,DCTN6,10671.0,Del0.8,0.73
X-1786,DCX,1641.0,Del0.8,0.76
X-1786,DDX10,1662.0,MutNovel,"S780SDD,0.598"
X-1786,DDX26B,203522.0,Del0.8,0.76
X-1786,DDX3X,1654.0,Del0.8,0.76
X-1786,DDX3Y,8653.0,Del0.8,0.19
X-1786,DDX49,54555.0,Amp5,5.7
X-1786,DDX53,168400.0,Del0.8,0.74
X-1786,DEFB1,1672.0,Del0.8,0.74
X-1786,DEFB103A,414325.0,Del0.8,0.67
X-1786,DEFB103A,414325.0,Del0.8,0.67
X-1786,DEFB104B,503618.0,Del0.8,0.67
X-1786,DEFB104B,503618.0,Del0.8,0.67
X-1786,DEFB105B,504180.0,Del0.8,0.67
X-1786,DEFB105B,504180.0,Del0.8,0.67
X-1786,DEFB106B,503841.0,Del0.8,0.67
X-1786,DEFB106B,503841.0,Del0.8,0.67
X-1786,DEFB107A,245910.0,Del0.8,0.67
X-1786,DEFB107A,245910.0,Del0.8,0.67
X-1786,DEFB134,613211.0,Del0.8,0.72
X-1786,DEFB135,613209.0,Del0.8,0.72
X-1786,DEFB136,613210.0,Del0.8,0.72
X-1786,DEFB4A,1673.0,Del0.8,0.67
X-1786,DEFB4B,100289462.0,Del0.8,0.67
X-1786,DENND4B,9909.0,MutNovel,"QQQ908-,0.574"
X-1786,DES,1674.0,Del0.8,0.77
X-1786,DGAT2,84649.0,Amp5,6.36
X-1786,DGAT2L6,347516.0,Del0.8,0.76
X-1786,DGKH,160851.0,Del0.8,0.76
X-1786,DGKK,139189.0,Del0.8,0.76
X-1786,DHRS12,79758.0,Del0.8,0.78
X-1786,DHRSX,207063.0,Del0.8,0.74
X-1786,DHX34,9704.0,MutNovel,"D563E,0.386"
X-1786,DHX36,170506.0,MutNovel,"R1001G,0.359"
X-1786,DHX37,57647.0,MutNovel,"L467V,0.340"
X-1786,DIAPH2,1730.0,Del0.8,0.78
X-1786,DIAPH3,81624.0,Del0.8,0.77
X-1786,DIRC3,729582.0,Del0.8,0.77
X-1786,DKC1,1736.0,Del0.8,0.78
X-1786,DKFZp451B082,401282.0,Del0.8,0.76
X-1786,DKFZp686D0853,401613.0,Del0.8,0.76
X-1786,DLC1,10395.0,Del0.8,0.74
X-1786,DLEU1,10301.0,Del0.8,0.78
X-1786,DLEU2,8847.0,Del0.8,0.78
X-1786,DLEU7,220107.0,Del0.8,0.78
X-1786,DLG2,1740.0,Del0.8,0.74
X-1786,DLG3,1741.0,Del0.8,0.76
X-1786,DMD,1756.0,MutNovel,"E1353D,1.000"
X-1786,DMD,1756.0,Del0.8,0.65
X-1786,DMRTC1B,728656.0,Del0.8,0.76
X-1786,DMRTC1B,728656.0,Del0.8,0.76
X-1786,DNAJB13,374407.0,Amp5,6.36
X-1786,DNAJB2,3300.0,Del0.8,0.77
X-1786,DNAJC10,54431.0,MutNovel,"P632A,0.581"
X-1786,DNAJC15,29103.0,Del0.8,0.76
X-1786,DNASE1L1,1774.0,Del0.8,0.78
X-1786,DNM2,1785.0,Amp5,7.06
X-1786,DNMT1,1786.0,Amp5,7.06
X-1786,DNPEP,23549.0,Del0.8,0.77
X-1786,DOCK10,55619.0,Del0.8,0.77
X-1786,DOCK11,139818.0,Del0.8,0.74
X-1786,DOCK5,80005.0,Del0.8,0.73
X-1786,DOCK6,57572.0,MutKnownFunctional,"-1064,0.333"
X-1786,DOK2,9046.0,Del0.8,0.76
X-1786,DOK6,220164.0,Del0.8,0.75
X-1786,DPYSL2,1808.0,Del0.8,0.73
X-1786,DRD4,1815.0,MutNovel,"A281P,0.263"
X-1786,DRP2,1821.0,Del0.8,0.76
X-1786,DSEL,92126.0,Del0.8,0.77
X-1786,DUSP21,63904.0,Del0.8,0.76
X-1786,DUSP4,1846.0,Del0.8,0.73
X-1786,DUSP9,1852.0,Del0.8,0.78
X-1786,DYNLT3,6990.0,Del0.8,0.76
X-1786,DYRK3,8444.0,MutNovel,"V559L,0.333"
X-1786,DYTN,391475.0,Del0.8,0.77
X-1786,EBF2,64641.0,Del0.8,0.73
X-1786,EBP,10682.0,Del0.8,0.76
X-1786,EBPL,84650.0,Del0.8,0.78
X-1786,EDA,1896.0,Del0.8,0.76
X-1786,EDA2R,60401.0,Del0.8,0.76
X-1786,EED,8726.0,Del0.8,0.74
X-1786,EEF1B2,1933.0,Del0.8,0.77
X-1786,EFHA2,286097.0,Del0.8,0.76
X-1786,EFHC2,80258.0,Del0.8,0.76
X-1786,EFNB1,1947.0,Del0.8,0.76
X-1786,EGFL6,25975.0,Del0.8,0.74
X-1786,EGR3,1960.0,Del0.8,0.76
X-1786,EIF1AX,1964.0,Del0.8,0.74
X-1786,EIF1AY,9086.0,Del0.8,0.19
X-1786,EIF2S3,1968.0,Del0.8,0.74
X-1786,EIF3G,8666.0,Amp5,7.06
X-1786,EIF4G3,8672.0,MutNovel,"P180L,0.347"
X-1786,ELAC1,55520.0,Del0.8,0.77
X-1786,ELF1,1997.0,Del0.8,0.76
X-1786,ELF4,2000.0,Del0.8,0.76
X-1786,ELK1,2002.0,Del0.8,0.76
X-1786,ELL,8178.0,Amp5,5.7
X-1786,ELP3,55140.0,Del0.8,0.73
X-1786,EMD,2010.0,Del0.8,0.78
X-1786,ENOX1,55068.0,Del0.8,0.76
X-1786,ENOX2,10495.0,Del0.8,0.76
X-1786,ENTPD4,9583.0,Del0.8,0.76
X-1786,EPB49,2039.0,Del0.8,0.76
X-1786,EPG5,57724.0,Del0.8,0.78
X-1786,EPHA4,2043.0,Del0.8,0.77
X-1786,EPHX2,2053.0,Del0.8,0.73
X-1786,EPSTI1,94240.0,Del0.8,0.76
X-1786,ERAS,3266.0,Del0.8,0.76
X-1786,ERBB4,2066.0,Del0.8,0.77
X-1786,ERCC6L,54821.0,Del0.8,0.76
X-1786,ERI1,90459.0,Del0.8,0.73
X-1786,ESCO2,157570.0,Del0.8,0.73
X-1786,ESD,2098.0,Del0.8,0.76
X-1786,ESX1,80712.0,Del0.8,0.76
X-1786,EXTL3,2137.0,Del0.8,0.73
X-1786,F8,2157.0,Del0.8,0.78
X-1786,F8A1,8263.0,Del0.8,0.78
X-1786,F8A1,8263.0,Del0.8,0.78
X-1786,F9,2158.0,Del0.8,0.76
X-1786,FAAH2,158584.0,Del0.8,0.76
X-1786,FADD,8772.0,Amp5,5.58
X-1786,FAHD2B,151313.0,MutNovel,"L55V,0.643"
X-1786,FAM104B,90736.0,Del0.8,0.76
X-1786,FAM117B,150864.0,Del0.8,0.77
X-1786,FAM120C,54954.0,Del0.8,0.76
X-1786,FAM122B,159090.0,Del0.8,0.76
X-1786,FAM122C,159091.0,Del0.8,0.76
X-1786,FAM123B,139285.0,Del0.8,0.76
X-1786,FAM124A,220108.0,Del0.8,0.78
X-1786,FAM124B,79843.0,Del0.8,0.77
X-1786,FAM127A,8933.0,Del0.8,0.76
X-1786,FAM127B,26071.0,Del0.8,0.76
X-1786,FAM127C,441518.0,Del0.8,0.76
X-1786,FAM133A,286499.0,Del0.8,0.78
X-1786,FAM134A,79137.0,Del0.8,0.77
X-1786,FAM155B,27112.0,Del0.8,0.76
X-1786,FAM156A,29057.0,Del0.8,0.76
X-1786,FAM156A,29057.0,Del0.8,0.76
X-1786,FAM156B,727866.0,Del0.8,0.76
X-1786,FAM156B,727866.0,Del0.8,0.76
X-1786,FAM160B2,64760.0,Del0.8,0.76
X-1786,FAM168A,23201.0,Amp5,6.36
X-1786,FAM181B,220382.0,Del0.8,0.75
X-1786,FAM194B,220081.0,Del0.8,0.76
X-1786,FAM197Y2P,252946.0,Del0.8,0.19
X-1786,FAM199X,139231.0,Del0.8,0.76
X-1786,FAM21A,387680.0,MutNovel,"G258D,0.750"
X-1786,FAM3A,60343.0,Del0.8,0.78
X-1786,FAM41AY1,340618.0,Del0.8,0.19
X-1786,FAM41AY1,340618.0,Del0.8,0.19
X-1786,FAM45B,55855.0,Del0.8,0.76
X-1786,FAM46D,169966.0,Del0.8,0.75
X-1786,FAM47A,158724.0,Del0.8,0.76
X-1786,FAM47B,170062.0,Del0.8,0.76
X-1786,FAM47C,442444.0,Del0.8,0.76
X-1786,FAM48B1,100130302.0,Del0.8,0.74
X-1786,FAM48B2,170067.0,Del0.8,0.74
X-1786,FAM50A,9130.0,Del0.8,0.78
X-1786,FAM58A,92002.0,Del0.8,0.78
X-1786,FAM66D,100132923.0,Del0.8,0.72
X-1786,FAM69C,125704.0,Del0.8,0.77
X-1786,FAM70A,55026.0,Del0.8,0.74
X-1786,FAM9A,171482.0,Del0.8,0.74
X-1786,FAM9B,171483.0,Del0.8,0.74
X-1786,FAM9C,171484.0,Del0.8,0.74
X-1786,FANCB,2187.0,Del0.8,0.74
X-1786,FARSB,10056.0,Del0.8,0.77
X-1786,FASTKD2,22868.0,Del0.8,0.77
X-1786,FATE1,89885.0,Del0.8,0.78
X-1786,FBXO15,201456.0,Del0.8,0.77
X-1786,FBXO16,157574.0,Del0.8,0.73
X-1786,FCHO1,23149.0,Amp5,5.7
X-1786,FCHSD2,9873.0,Amp5,5.03
X-1786,FDFT1,2222.0,Del0.8,0.72
X-1786,FDX1L,112812.0,Amp5,7.06
X-1786,FECH,2235.0,Del0.8,0.76
X-1786,FEV,54738.0,Del0.8,0.77
X-1786,FGD1,2245.0,Del0.8,0.76
X-1786,FGF13,2258.0,Del0.8,0.76
X-1786,FGF16,8823.0,Del0.8,0.75
X-1786,FGF17,8822.0,Del0.8,0.76
X-1786,FGF19,9965.0,Amp5,5.58
X-1786,FGF20,26281.0,Del0.8,0.76
X-1786,FGF3,2248.0,Amp5,5.58
X-1786,FGF4,2249.0,Amp5,5.58
X-1786,FGL1,2267.0,Del0.8,0.76
X-1786,FHL1,2273.0,Del0.8,0.76
X-1786,FIGF,2277.0,Del0.8,0.74
X-1786,FILIP1,27145.0,MutNovel,"A1057G,1.000"
X-1786,FKBP10,60681.0,MutNovel,"R115Q,0.202"
X-1786,FKBP8,23770.0,Amp5,5.7
X-1786,FLG,2312.0,MutNovel,"G2148E,0.442"
X-1786,FLJ10661,286042.0,Del0.8,0.73
X-1786,FLJ14107,80094.0,Del0.8,0.76
X-1786,FLJ44635,392490.0,Del0.8,0.76
X-1786,FLNA,2316.0,Del0.8,0.78
X-1786,FMR1,2332.0,Del0.8,0.78
X-1786,FMR1-AS1,100126270.0,Del0.8,0.78
X-1786,FMR1NB,158521.0,Del0.8,0.78
X-1786,FN1,2335.0,Del0.8,0.77
X-1786,FNDC3A,22862.0,Del0.8,0.78
X-1786,FOXO1,2308.0,Del0.8,0.76
X-1786,FOXO4,4303.0,Del0.8,0.76
X-1786,FOXP3,50943.0,Del0.8,0.76
X-1786,FOXR2,139628.0,Del0.8,0.76
X-1786,FREM2,341640.0,Del0.8,0.76
X-1786,FRMD7,90167.0,Del0.8,0.76
X-1786,FRMD8P1,83957.0,Del0.8,0.76
X-1786,FRMPD1,22844.0,MutNovel,"G577R,1.000"
X-1786,FRMPD4,9758.0,Del0.8,0.74
X-1786,FTHL17,53940.0,Del0.8,0.74
X-1786,FTSJ1,24140.0,Del0.8,0.76
X-1786,FTX,100302692.0,Del0.8,0.76
X-1786,FUNDC1,139341.0,Del0.8,0.76
X-1786,FUNDC2,65991.0,Del0.8,0.78
X-1786,FZD3,7976.0,Del0.8,0.73
X-1786,FZD5,7855.0,Del0.8,0.77
X-1786,FZD7,8324.0,Del0.8,0.74
X-1786,G6PD,2539.0,Del0.8,0.78
X-1786,GAB2,9846.0,Amp8,9.85
X-1786,GAB3,139716.0,Del0.8,0.78
X-1786,GABRA3,2556.0,Del0.8,0.78
X-1786,GABRE,2564.0,Del0.8,0.78
X-1786,GABRQ,55879.0,Del0.8,0.78
X-1786,GAGE1,2543.0,Del0.8,0.76
X-1786,GAGE10,643832.0,MutNovel,"K82Q,1.000"
X-1786,GAGE10,643832.0,MutNovel,"G88E,1.000"
X-1786,GAGE10,643832.0,MutNovel,"G97D,1.000"
X-1786,GAGE10,643832.0,Del0.8,0.76
X-1786,GAGE12D,100132399.0,Del0.8,0.76
X-1786,GAGE12F,100008586.0,Del0.8,0.76
X-1786,GAGE12J,729396.0,Del0.8,0.76
X-1786,GAGE13,645051.0,Del0.8,0.76
X-1786,GAGE2A,729447.0,Del0.8,0.76
X-1786,GAGE2B,645037.0,Del0.8,0.76
X-1786,GAGE2C,2574.0,Del0.8,0.76
X-1786,GAGE2D,729408.0,Del0.8,0.76
X-1786,GAGE2E,26749.0,Del0.8,0.76
X-1786,GAL,51083.0,Amp5,5.58
X-1786,GAL3ST3,89792.0,MutNovel,"D220A,0.500"
X-1786,GALR1,2587.0,Del0.8,0.77
X-1786,GANC,2595.0,MutNovel,"D587N,1.000"
X-1786,GATA1,2623.0,Del0.8,0.76
X-1786,GATA4,2626.0,Del0.8,0.72
X-1786,GDF1,2657.0,Amp5,5.7
X-1786,GDF15,9518.0,Amp5,5.7
X-1786,GDI1,2664.0,Del0.8,0.78
X-1786,GDPD2,54857.0,Del0.8,0.76
X-1786,GDPD4,220032.0,Amp8,9.85
X-1786,GDPD5,81544.0,Amp5,6.36
X-1786,GEMIN8,54960.0,Del0.8,0.74
X-1786,GFRA2,2675.0,Del0.8,0.76
X-1786,GGT2,,MutNovel,"P381L,1.000"
X-1786,GGT7,2686.0,MutNovel,"I414V,1.000"
X-1786,GIGYF2,26058.0,MutNovel,"PQ1231P,0.716"
X-1786,GJB1,2705.0,Del0.8,0.76
X-1786,GK,2710.0,Del0.8,0.74
X-1786,GLA,2717.0,Del0.8,0.76
X-1786,GLB1L,79411.0,Del0.8,0.77
X-1786,GLOD5,392465.0,Del0.8,0.76
X-1786,GLRA2,2742.0,Del0.8,0.74
X-1786,GLRA4,441509.0,Del0.8,0.76
X-1786,GLUD2,2747.0,Del0.8,0.74
X-1786,GMNN,51053.0,MutNovel,"L44V,0.395"
X-1786,GMPPA,29926.0,Del0.8,0.77
X-1786,GNL3L,54552.0,Del0.8,0.76
X-1786,GNPTAB,79158.0,MutNovel,"R375Q,0.664"
X-1786,GNRH1,2796.0,Del0.8,0.73
X-1786,GOLGA2P2Y,84559.0,Del0.8,0.19
X-1786,GOLGA2P2Y,84559.0,Del0.8,0.19
X-1786,GOLGA8B,440270.0,Del0.8,0.78
X-1786,GOLGA8H,,MutNovel,"G60D,0.514"
X-1786,GORAB,92344.0,MutNovel,"Y242H,0.746"
X-1786,GPBAR1,151306.0,Del0.8,0.77
X-1786,GPC3,2719.0,Del0.8,0.76
X-1786,GPC4,2239.0,Del0.8,0.76
X-1786,GPKOW,27238.0,Del0.8,0.76
X-1786,GPM6B,2824.0,Del0.8,0.74
X-1786,GPR1,2825.0,Del0.8,0.77
X-1786,GPR101,83550.0,Del0.8,0.76
X-1786,GPR112,139378.0,Del0.8,0.76
X-1786,GPR119,139760.0,Del0.8,0.76
X-1786,GPR143,4935.0,Del0.8,0.74
X-1786,GPR173,54328.0,Del0.8,0.76
X-1786,GPR174,84636.0,Del0.8,0.75
X-1786,GPR34,2857.0,Del0.8,0.76
X-1786,GPR50,9248.0,Del0.8,0.78
X-1786,GPR64,10149.0,Del0.8,0.74
X-1786,GPR82,27197.0,Del0.8,0.76
X-1786,GPRASP1,9737.0,Del0.8,0.76
X-1786,GPRASP2,114928.0,Del0.8,0.76
X-1786,GPSM2,29899.0,MutNovel,"L68F,0.612"
X-1786,GRAMD1C,54762.0,MutKnownFunctional,"-585,0.557"
X-1786,GRIA3,2892.0,Del0.8,0.76
X-1786,GRIN3B,116444.0,MutNovel,"R375W,1.000"
X-1786,GRIPAP1,56850.0,Del0.8,0.76
X-1786,GRP,2922.0,Del0.8,0.76
X-1786,GRPEL1,80273.0,MutNovel,"R204C,0.313"
X-1786,GRPR,2925.0,Del0.8,0.74
X-1786,GSPT2,23708.0,Del0.8,0.76
X-1786,GSR,2936.0,Del0.8,0.73
X-1786,GSTM1,2944.0,Del0.8,0.75
X-1786,GSTT1,2952.0,Del0.8,0.74
X-1786,GSTTP1,25774.0,Del0.8,0.74
X-1786,GTDC1,79712.0,MutNovel,"P396L,0.512"
X-1786,GTF2E2,2961.0,Del0.8,0.73
X-1786,GTF2F2,2963.0,Del0.8,0.76
X-1786,GUCY1B2,2974.0,Del0.8,0.78
X-1786,GUCY2F,2986.0,Del0.8,0.76
X-1786,GYG2,8908.0,Del0.8,0.74
X-1786,GYG2P1,352887.0,Del0.8,0.19
X-1786,H2AFB1,474382.0,Del0.8,0.78
X-1786,H2AFB1,474382.0,Del0.8,0.78
X-1786,H2BFM,286436.0,Del0.8,0.76
X-1786,H2BFWT,158983.0,Del0.8,0.76
X-1786,H2BFXP,767811.0,Del0.8,0.76
X-1786,H2BFXP,767811.0,Del0.8,0.76
X-1786,H6PD,9563.0,MutNovel,"N737K,0.664"
X-1786,HAUS1,115106.0,Del0.8,0.78
X-1786,HAUS7,55559.0,Del0.8,0.78
X-1786,HCCS,3052.0,Del0.8,0.74
X-1786,HCFC1,3054.0,Del0.8,0.78
X-1786,HDAC6,10013.0,Del0.8,0.76
X-1786,HDAC8,55869.0,Del0.8,0.76
X-1786,HDHD1,8226.0,Del0.8,0.74
X-1786,HDHD2,84064.0,Del0.8,0.78
X-1786,HDX,139324.0,Del0.8,0.75
X-1786,HEPH,9843.0,Del0.8,0.76
X-1786,HERC4,26091.0,MutNovel,"N889D,0.340"
X-1786,HLA-B,3106.0,MutNovel,"A73G,1.000"
X-1786,HMBOX1,79618.0,Del0.8,0.73
X-1786,HMGB3,3149.0,Del0.8,0.78
X-1786,HMGCR,3156.0,MutNovel,"V57I,0.524"
X-1786,HMGN5,79366.0,Del0.8,0.75
X-1786,HMSD,284293.0,Del0.8,0.75
X-1786,HNRNPA1L2,144983.0,Del0.8,0.78
X-1786,HNRNPH2,3188.0,Del0.8,0.76
X-1786,HOMER3,9454.0,Amp5,5.7
X-1786,HPRT1,3251.0,Del0.8,0.76
X-1786,HR,55806.0,Del0.8,0.76
X-1786,HS6ST2,90161.0,Del0.8,0.76
X-1786,HSD17B10,3028.0,Del0.8,0.76
X-1786,HSFX2,100130086.0,Del0.8,0.78
X-1786,HSFX2,100130086.0,Del0.8,0.78
X-1786,HSFY2,159119.0,Del0.8,0.19
X-1786,HSFY2,159119.0,Del0.8,0.19
X-1786,HSPA1B,3304.0,MutNovel,"K328Q,1.000"
X-1786,HTATSF1,27336.0,Del0.8,0.76
X-1786,HTR2A,3356.0,Del0.8,0.76
X-1786,HTR2C,3358.0,Del0.8,0.76
X-1786,HUWE1,10075.0,Del0.8,0.76
X-1786,HYI,81888.0,MutNovel,"L145F,0.679"
X-1786,ICA1L,130026.0,Del0.8,0.77
X-1786,ICAM1,3383.0,Amp5,7.06
X-1786,ICAM3,3385.0,Amp5,7.06
X-1786,ICAM4,3386.0,Amp5,7.06
X-1786,ICAM5,7087.0,Amp5,7.06
X-1786,ICOS,29851.0,Del0.8,0.77
X-1786,IDH1,3417.0,Del0.8,0.77
X-1786,IDH3G,3421.0,Del0.8,0.78
X-1786,IDS,3423.0,Del0.8,0.78
X-1786,IDUA,3425.0,MutNovel,"R447C,1.000"
X-1786,IER3IP1,51124.0,Del0.8,0.78
X-1786,IFI30,10437.0,Amp5,5.7
X-1786,IFIT1B,439996.0,MutNovel,"Y256C,1.000"
X-1786,IGBP1,3476.0,Del0.8,0.76
X-1786,IGFBP2,3485.0,MutNovel,"L17LLPP,0.666"
X-1786,IGFBP2,3485.0,Del0.8,0.77
X-1786,IGFBP5,3488.0,Del0.8,0.77
X-1786,IGHMBP2,3508.0,Amp5,5.58
X-1786,IGSF1,3547.0,Del0.8,0.76
X-1786,IHH,3549.0,Del0.8,0.77
X-1786,IKBKE,9641.0,MutNovel,"R709I,0.564"
X-1786,IKBKG,8517.0,Del0.8,0.78
X-1786,IKZF2,22807.0,Del0.8,0.66
X-1786,IL12RB1,3594.0,Amp5,5.7
X-1786,IL13RA1,3597.0,Del0.8,0.74
X-1786,IL13RA2,3598.0,Del0.8,0.76
X-1786,IL1RAPL1,11141.0,Del0.8,0.74
X-1786,IL1RAPL2,26280.0,Del0.8,0.76
X-1786,IL2RG,3561.0,Del0.8,0.76
X-1786,IL3RA,3563.0,Del0.8,0.74
X-1786,IL9R,3581.0,Del0.8,0.78
X-1786,ILF3,3609.0,Amp5,7.06
X-1786,INE1,8552.0,Del0.8,0.76
X-1786,INE2,8551.0,Del0.8,0.74
X-1786,INGX,27160.0,Del0.8,0.76
X-1786,INHA,3623.0,Del0.8,0.77
X-1786,INO80D,54891.0,Del0.8,0.77
X-1786,INSL3,3640.0,Amp5,5.7
X-1786,INTS10,55174.0,Del0.8,0.76
X-1786,INTS4,92105.0,MutNovel,"Y80N,0.836"
X-1786,INTS4,92105.0,Amp8,9.85
X-1786,INTS6,26512.0,Del0.8,0.78
X-1786,INTS9,55756.0,Del0.8,0.73
X-1786,IQSEC2,23096.0,Del0.8,0.76
X-1786,IRAK1,3654.0,Del0.8,0.78
X-1786,IRS1,3667.0,Del0.8,0.77
X-1786,IRS4,8471.0,Del0.8,0.76
X-1786,ISYNA1,51477.0,Amp5,5.7
X-1786,ITGB1BP2,26548.0,Del0.8,0.76
X-1786,ITIH6,347365.0,Del0.8,0.76
X-1786,ITM2A,9452.0,Del0.8,0.75
X-1786,ITM2B,9445.0,Del0.8,0.74
X-1786,JAK3,3718.0,Amp5,5.7
X-1786,JPX,554203.0,Del0.8,0.76
X-1786,JUND,3727.0,Amp5,5.7
X-1786,KAL1,3730.0,Del0.8,0.74
X-1786,KATNAL2,83473.0,Del0.8,0.78
X-1786,KBTBD6,89890.0,Del0.8,0.76
X-1786,KBTBD7,84078.0,Del0.8,0.76
X-1786,KC6,641516.0,Del0.8,0.78
X-1786,KCND1,3750.0,Del0.8,0.76
X-1786,KCNE1L,23630.0,Del0.8,0.76
X-1786,KCNE3,10008.0,Amp5,6.36
X-1786,KCNE4,23704.0,Del0.8,0.77
X-1786,KCNN1,3780.0,Amp5,5.7
X-1786,KCNRG,283518.0,Del0.8,0.78
X-1786,KCTD14,65987.0,Amp8,9.85
X-1786,KCTD21,283219.0,Amp8,9.85
X-1786,KCTD4,386618.0,Del0.8,0.76
X-1786,KCTD9,54793.0,Del0.8,0.73
X-1786,KDM5C,8242.0,Del0.8,0.76
X-1786,KDM5D,8284.0,Del0.8,0.19
X-1786,KDM6A,7403.0,Del0.8,0.76
X-1786,KDSR,2531.0,Del0.8,0.75
X-1786,KEAP1,9817.0,Amp5,7.06
X-1786,KIAA0226L,80183.0,Del0.8,0.76
X-1786,KIAA0564,23078.0,Del0.8,0.76
X-1786,KIAA0947,23379.0,MutNovel,"T1962R,0.262"
X-1786,KIAA1210,57481.0,Del0.8,0.74
X-1786,KIAA1328,57536.0,Del0.8,0.78
X-1786,KIAA1456,57604.0,Del0.8,0.74
X-1786,KIAA1468,57614.0,Del0.8,0.78
X-1786,KIAA1683,80726.0,Amp5,5.7
X-1786,KIAA1704,55425.0,Del0.8,0.76
X-1786,KIAA1967,57805.0,Del0.8,0.76
X-1786,KIAA2022,340533.0,Del0.8,0.76
X-1786,KIF13B,23303.0,Del0.8,0.73
X-1786,KIF20B,9585.0,MutNovel,"L1062LKV,0.264"
X-1786,KIF4A,24137.0,Del0.8,0.76
X-1786,KIFAP3,22920.0,MutNovel,"R100C,0.286"
X-1786,KLC3,147700.0,MutKnownFunctional,"-145?,0.269"
X-1786,KLF7,8609.0,Del0.8,0.77
X-1786,KLF8,11279.0,Del0.8,0.76
X-1786,KLHDC8A,55220.0,MutNovel,"V179M,0.720"
X-1786,KLHL13,90293.0,Del0.8,0.74
X-1786,KLHL15,80311.0,Del0.8,0.74
X-1786,KLHL26,55295.0,Amp5,5.7
X-1786,KLHL28,54813.0,MutNovel,"G567R,0.214"
X-1786,KLHL34,257240.0,Del0.8,0.74
X-1786,KLHL35,283212.0,Amp5,6.36
X-1786,KLHL4,56062.0,Del0.8,0.75
X-1786,KPNA3,3839.0,Del0.8,0.78
X-1786,KRI1,65095.0,Amp5,7.06
X-1786,KRT6C,286887.0,MutNovel,"G109P,1.000"
X-1786,KXD1,79036.0,Amp5,5.7
X-1786,L1CAM,3897.0,Del0.8,0.78
X-1786,LACC1,144811.0,Del0.8,0.76
X-1786,LAGE3,8270.0,Del0.8,0.78
X-1786,LAMP2,3920.0,Del0.8,0.74
X-1786,LANCL1,10314.0,Del0.8,0.77
X-1786,LANCL3,347404.0,Del0.8,0.76
X-1786,LAS1L,81887.0,Del0.8,0.76
X-1786,LCP1,3936.0,Del0.8,0.76
X-1786,LDOC1,23641.0,Del0.8,0.76
X-1786,LECT1,11061.0,Del0.8,0.78
X-1786,LENG9,94059.0,MutNovel,"T38M,0.455"
X-1786,LEPROTL1,23484.0,MutNovel,"M103I,1.000"
X-1786,LEPROTL1,23484.0,Del0.8,0.73
X-1786,LGI3,203190.0,Del0.8,0.76
X-1786,LHFP,10186.0,Del0.8,0.76
X-1786,LHFPL1,340596.0,Del0.8,0.76
X-1786,LIG3,3980.0,MutNovel,"G101D,0.309"
X-1786,LINC00086,399668.0,Del0.8,0.76
X-1786,LINC00087,644596.0,Del0.8,0.76
X-1786,LINC00102,100359394.0,Del0.8,0.74
X-1786,LINC00208,83655.0,Del0.8,0.72
X-1786,LINC00282,283521.0,Del0.8,0.78
X-1786,LINC00284,121838.0,Del0.8,0.76
X-1786,LINC00305,221241.0,Del0.8,0.75
X-1786,LIPH,200879.0,MutNovel,"S160F,0.667"
X-1786,LIPT2,387787.0,Amp5,6.36
X-1786,LMAN1,3998.0,Del0.8,0.76
X-1786,LOC100128420,100128420.0,Del0.8,0.76
X-1786,LOC100128993,100128993.0,Del0.8,0.76
X-1786,LOC100129098,,MutNovel,"R211H,0.722"
X-1786,LOC100129407,100129407.0,Del0.8,0.76
X-1786,LOC100129407,100129407.0,Del0.8,0.76
X-1786,LOC100129515,100129515.0,Del0.8,0.76
X-1786,LOC100129520,100129520.0,Del0.8,0.76
X-1786,LOC100129662,100129662.0,Del0.8,0.76
X-1786,LOC100130451,100130451.0,Del0.8,0.77
X-1786,LOC100131434,100131434.0,Del0.8,0.78
X-1786,LOC100131655,100131655.0,Del0.8,0.77
X-1786,LOC100132741,100132741.0,Del0.8,0.76
X-1786,LOC100132831,100132831.0,Del0.8,0.76
X-1786,LOC100133123,100133123.0,Del0.8,0.74
X-1786,LOC100133957,100133957.0,Del0.8,0.76
X-1786,LOC100272228,100272228.0,Del0.8,0.78
X-1786,LOC100287015,100287015.0,Del0.8,0.62
X-1786,LOC100287225,100287225.0,Del0.8,0.76
X-1786,LOC100287765,100287765.0,Del0.8,0.76
X-1786,LOC100288568,,MutNovel,"H197Y,0.516"
X-1786,LOC100288814,100288814.0,Del0.8,0.74
X-1786,LOC100505474,100505474.0,Del0.8,0.76
X-1786,LOC100505549,100505549.0,Del0.8,0.76
X-1786,LOC100505776,100505776.0,Del0.8,0.75
X-1786,LOC100505817,100505817.0,Del0.8,0.75
X-1786,LOC100506233,100506233.0,Del0.8,0.74
X-1786,LOC100506757,100506757.0,Del0.8,0.76
X-1786,LOC100506888,100506888.0,Del0.8,0.78
X-1786,LOC100507156,100507156.0,Del0.8,0.76
X-1786,LOC100507240,100507240.0,Del0.8,0.76
X-1786,LOC100507341,100507341.0,Del0.8,0.73
X-1786,LOC100507369,,MutNovel,"Q128K,1.000"
X-1786,LOC100507404,100507404.0,Del0.8,0.78
X-1786,LOC100507404,100507404.0,Del0.8,0.78
X-1786,LOC100507443,100507443.0,Del0.8,0.77
X-1786,LOC100652791,100652791.0,Del0.8,0.74
X-1786,LOC100996276,,MutNovel,"R93W,1.000"
X-1786,LOC100996276,,MutNovel,"T403P,0.571"
X-1786,LOC100996441,,MutNovel,"P110R,1.000"
X-1786,LOC100996441,,MutNovel,"C63S,1.000"
X-1786,LOC100996516,,MutKnownFunctional,"-235?,0.350"
X-1786,LOC147727,147727.0,Amp5,7.06
X-1786,LOC157273,157273.0,Del0.8,0.73
X-1786,LOC158572,158572.0,Del0.8,0.76
X-1786,LOC158696,158696.0,Del0.8,0.76
X-1786,LOC200726,200726.0,Del0.8,0.77
X-1786,LOC284260,284260.0,Del0.8,0.78
X-1786,LOC284276,284276.0,Del0.8,0.77
X-1786,LOC284294,284294.0,Del0.8,0.75
X-1786,LOC286059,286059.0,Del0.8,0.76
X-1786,LOC286114,286114.0,Del0.8,0.76
X-1786,LOC286135,286135.0,Del0.8,0.73
X-1786,LOC286437,286437.0,Del0.8,0.76
X-1786,LOC286442,286442.0,Del0.8,0.76
X-1786,LOC286467,286467.0,Del0.8,0.76
X-1786,LOC339298,339298.0,Del0.8,0.77
X-1786,LOC340357,340357.0,Del0.8,0.74
X-1786,LOC340544,340544.0,Del0.8,0.76
X-1786,LOC347411,347411.0,Del0.8,0.76
X-1786,LOC389641,389641.0,Del0.8,0.76
X-1786,LOC389906,389906.0,Del0.8,0.74
X-1786,LOC390858,390858.0,Del0.8,0.76
X-1786,LOC391322,391322.0,Del0.8,0.74
X-1786,LOC392196,392196.0,Del0.8,0.72
X-1786,LOC400654,400654.0,Del0.8,0.75
X-1786,LOC400655,400655.0,Del0.8,0.75
X-1786,LOC400657,400657.0,Del0.8,0.77
X-1786,LOC401588,401588.0,Del0.8,0.76
X-1786,LOC402160,402160.0,MutNovel,"A420T,1.000"
X-1786,LOC442459,442459.0,Del0.8,0.76
X-1786,LOC550643,550643.0,Del0.8,0.76
X-1786,LOC643486,643486.0,Del0.8,0.78
X-1786,LOC643542,643542.0,Del0.8,0.77
X-1786,LOC647946,647946.0,Del0.8,0.78
X-1786,LOC728503,,MutNovel,"G403W,0.458"
X-1786,LOC728734,,MutNovel,"L285P,1.000"
X-1786,LOC729609,729609.0,Del0.8,0.74
X-1786,LOC729966,729966.0,Amp5,5.7
X-1786,LOC92249,92249.0,Del0.8,0.76
X-1786,LONRF1,91694.0,Del0.8,0.74
X-1786,LONRF3,79836.0,Del0.8,0.74
X-1786,LOXHD1,125336.0,Del0.8,0.78
X-1786,LOXL2,4017.0,Del0.8,0.76
X-1786,LPAR4,2846.0,Del0.8,0.75
X-1786,LPAR6,10161.0,Del0.8,0.78
X-1786,LPL,4023.0,Del0.8,0.76
X-1786,LRCH1,23143.0,MutNovel,"H28R,0.375"
X-1786,LRCH1,23143.0,Del0.8,0.76
X-1786,LRCH2,57631.0,Del0.8,0.76
X-1786,LRRC16B,90668.0,MutNovel,"Q176R,0.400"
X-1786,LRRC25,126364.0,Amp5,5.7
X-1786,LRRC32,2615.0,Amp5,6.36
X-1786,LSM4,25804.0,Amp5,5.7
X-1786,LSR,51599.0,MutNovel,"G518GR,0.445"
X-1786,LTBP3,4054.0,MutNovel,"L35LCW,0.240"
X-1786,LUZP4,51213.0,Del0.8,0.76
X-1786,LZTS1,11178.0,Del0.8,0.76
X-1786,MADCAM1,8174.0,MutNovel,"D242N,0.400"
X-1786,MAGEA1,4100.0,Del0.8,0.78
X-1786,MAGEA10,4109.0,Del0.8,0.78
X-1786,MAGEA10-MAGEA5,100533997.0,Del0.8,0.78
X-1786,MAGEA11,4110.0,Del0.8,0.78
X-1786,MAGEA12,4111.0,Del0.8,0.78
X-1786,MAGEA2,4101.0,Del0.8,0.78
X-1786,MAGEA2,4101.0,Del0.8,0.78
X-1786,MAGEA3,4102.0,Del0.8,0.78
X-1786,MAGEA4,4103.0,Del0.8,0.78
X-1786,MAGEA5,4104.0,Del0.8,0.78
X-1786,MAGEA6,4105.0,Del0.8,0.78
X-1786,MAGEA8,4107.0,Del0.8,0.78
X-1786,MAGEA9B,728269.0,Del0.8,0.78
X-1786,MAGEA9B,728269.0,Del0.8,0.78
X-1786,MAGEB1,4112.0,Del0.8,0.74
X-1786,MAGEB10,139422.0,Del0.8,0.74
X-1786,MAGEB16,139604.0,Del0.8,0.76
X-1786,MAGEB18,286514.0,Del0.8,0.74
X-1786,MAGEB2,4113.0,Del0.8,0.74
X-1786,MAGEB3,4114.0,Del0.8,0.74
X-1786,MAGEB4,4115.0,Del0.8,0.74
X-1786,MAGEB6,158809.0,Del0.8,0.74
X-1786,MAGEC1,9947.0,Del0.8,0.76
X-1786,MAGEC2,51438.0,Del0.8,0.76
X-1786,MAGEC3,139081.0,Del0.8,0.76
X-1786,MAGED1,9500.0,Del0.8,0.76
X-1786,MAGED2,10916.0,Del0.8,0.76
X-1786,MAGED4B,81557.0,Del0.8,0.76
X-1786,MAGED4B,81557.0,Del0.8,0.76
X-1786,MAGEE1,57692.0,Del0.8,0.76
X-1786,MAGEE2,139599.0,Del0.8,0.76
X-1786,MAGEH1,28986.0,Del0.8,0.76
X-1786,MAGIX,79917.0,Del0.8,0.76
X-1786,MAGT1,84061.0,Del0.8,0.75
X-1786,MALT1,10892.0,Del0.8,0.76
X-1786,MAMLD1,10046.0,Del0.8,0.78
X-1786,MAOA,4128.0,MutNovel,"V37L,1.000"
X-1786,MAOA,4128.0,Del0.8,0.76
X-1786,MAOB,4129.0,Del0.8,0.76
X-1786,MAP2,4133.0,Del0.8,0.77
X-1786,MAP3K1,4214.0,MutNovel,"ST941S,0.780"
X-1786,MAP3K15,389840.0,Del0.8,0.74
X-1786,MAP3K4,4216.0,MutNovel,"PA1189P,0.739"
X-1786,MAP6,4135.0,Amp5,6.36
X-1786,MAP7D2,256714.0,Del0.8,0.74
X-1786,MAP7D3,79649.0,Del0.8,0.76
X-1786,MAPK4,5596.0,Del0.8,0.77
X-1786,2014-03-04 00:00:00,57574.0,Del0.8,0.77
X-1786,MAST3,23031.0,Amp5,5.7
X-1786,MBD2,8932.0,Del0.8,0.76
X-1786,MBNL3,55796.0,Del0.8,0.76
X-1786,MBOAT4,619373.0,Del0.8,0.73
X-1786,MBP,4155.0,Del0.8,0.77
X-1786,MBTPS2,51360.0,Del0.8,0.74
X-1786,MC4R,4160.0,Del0.8,0.78
X-1786,MCF2,4168.0,Del0.8,0.76
X-1786,MCM4,4173.0,Del0.8,0.69
X-1786,MCPH1,79648.0,Del0.8,0.8
X-1786,MCTS1,28985.0,Del0.8,0.74
X-1786,MDH1B,130752.0,Del0.8,0.77
X-1786,MDM4,4194.0,MutNovel,"R363G,0.662"
X-1786,ME2,4200.0,Del0.8,0.77
X-1786,MECP2,4204.0,Del0.8,0.78
X-1786,MED12,9968.0,Del0.8,0.76
X-1786,MED14,9282.0,Del0.8,0.76
X-1786,MED4,29079.0,Del0.8,0.74
X-1786,MEF2B,100271849.0,Amp5,5.7
X-1786,MEGF8,1954.0,MutNovel,"D300G,0.403"
X-1786,MERTK,10461.0,MutNovel,"W18F,0.275"
X-1786,METTL21A,151194.0,Del0.8,0.77
X-1786,MEX3C,51320.0,Del0.8,0.76
X-1786,MFF,56947.0,Del0.8,0.77
X-1786,MFHAS1,9258.0,Del0.8,0.73
X-1786,MFSD2A,84879.0,MutNovel,"V43A,0.870"
X-1786,MGC16121,84848.0,Del0.8,0.76
X-1786,MICA,100507436.0,MutKnownFunctional,"-318LL?,0.667"
X-1786,MID1,4281.0,Del0.8,0.74
X-1786,MID1IP1,58526.0,Del0.8,0.76
X-1786,MID2,11043.0,Del0.8,0.76
X-1786,MIR105-1,406897.0,Del0.8,0.78
X-1786,MIR105-2,406898.0,Del0.8,0.78
X-1786,MIR106A,406899.0,Del0.8,0.76
X-1786,MIR1181,100302213.0,Amp5,7.06
X-1786,MIR1184-1,100302111.0,Del0.8,0.78
X-1786,MIR1184-1,100302111.0,Del0.8,0.78
X-1786,MIR122,406906.0,Del0.8,0.76
X-1786,MIR1238,100302226.0,Amp5,7.06
X-1786,MIR124-1,406907.0,Del0.8,0.77
X-1786,MIR1256,100302155.0,Del0.8,0.76
X-1786,MIR1264,100302251.0,Del0.8,0.76
X-1786,MIR1277,100302214.0,Del0.8,0.74
X-1786,MIR1297,100302187.0,Del0.8,0.78
X-1786,MIR1298,100302153.0,Del0.8,0.76
X-1786,MIR1322,100302166.0,Del0.8,0.77
X-1786,MIR1468,100302115.0,Del0.8,0.76
X-1786,MIR153-1,406944.0,Del0.8,0.77
X-1786,MIR16-1,406950.0,Del0.8,0.78
X-1786,MIR188,406964.0,Del0.8,0.76
X-1786,MIR18B,574033.0,Del0.8,0.76
X-1786,MIR1911,100302222.0,Del0.8,0.76
X-1786,MIR1912,100302144.0,Del0.8,0.76
X-1786,MIR199A1,406976.0,Amp5,7.06
X-1786,MIR19B2,406981.0,Del0.8,0.76
X-1786,MIR20B,574032.0,Del0.8,0.76
X-1786,MIR2114,100313839.0,Del0.8,0.78
X-1786,MIR221,407006.0,Del0.8,0.76
X-1786,MIR222,407007.0,Del0.8,0.76
X-1786,MIR223,407008.0,Del0.8,0.76
X-1786,MIR2355,100423036.0,Del0.8,0.77
X-1786,MIR23C,100500809.0,Del0.8,0.74
X-1786,MIR26B,407017.0,Del0.8,0.77
X-1786,MIR3130-1,100422993.0,Del0.8,0.77
X-1786,MIR3130-2,100423002.0,Del0.8,0.77
X-1786,MIR3131,100422957.0,Del0.8,0.77
X-1786,MIR3132,100423039.0,Del0.8,0.77
X-1786,MIR3148,100422876.0,Del0.8,0.73
X-1786,MIR3169,100422973.0,Del0.8,0.77
X-1786,MIR3188,100422833.0,Amp5,5.7
X-1786,MIR3189,100422943.0,Amp5,5.7
X-1786,MIR3202-1,100422987.0,Del0.8,0.78
X-1786,MIR3202-2,100422877.0,Del0.8,0.78
X-1786,MIR320A,407037.0,Del0.8,0.76
X-1786,MIR320D1,100313896.0,Del0.8,0.76
X-1786,MIR320D2,100302169.0,Del0.8,0.76
X-1786,MIR326,442900.0,Amp5,6.36
X-1786,MIR3591,100616357.0,Del0.8,0.76
X-1786,MIR3613,100500908.0,Del0.8,0.78
X-1786,MIR362,574030.0,Del0.8,0.76
X-1786,MIR3622A,100500858.0,Del0.8,0.73
X-1786,MIR3622B,100500871.0,Del0.8,0.73
X-1786,MIR363,574031.0,Del0.8,0.76
X-1786,MIR3664,100500844.0,Amp5,5.58
X-1786,MIR3690,100500894.0,Del0.8,0.74
X-1786,MIR374A,442919.0,Del0.8,0.76
X-1786,MIR374B,100126317.0,Del0.8,0.76
X-1786,MIR374C,100500807.0,Del0.8,0.76
X-1786,MIR375,494324.0,Del0.8,0.77
X-1786,MIR383,494332.0,Del0.8,0.75
X-1786,MIR384,494333.0,Del0.8,0.76
X-1786,MIR3978,100616491.0,Del0.8,0.76
X-1786,MIR421,693122.0,Del0.8,0.76
X-1786,MIR424,494336.0,Del0.8,0.76
X-1786,MIR4268,100422959.0,Del0.8,0.77
X-1786,MIR4287,100422828.0,Del0.8,0.73
X-1786,MIR4288,100422903.0,Del0.8,0.73
X-1786,MIR4300,100422823.0,Del0.8,0.75
X-1786,MIR4305,100422940.0,Del0.8,0.76
X-1786,MIR4318,100422857.0,Del0.8,0.78
X-1786,MIR4319,100422829.0,Del0.8,0.78
X-1786,MIR4322,100422925.0,Amp5,7.06
X-1786,MIR4328,100422932.0,Del0.8,0.75
X-1786,MIR4329,100423009.0,Del0.8,0.76
X-1786,MIR4330,100422930.0,Del0.8,0.78
X-1786,MIR4439,100616207.0,Del0.8,0.77
X-1786,MIR448,554212.0,Del0.8,0.76
X-1786,MIR450A1,554214.0,Del0.8,0.76
X-1786,MIR450A2,574505.0,Del0.8,0.76
X-1786,MIR450B,100126302.0,Del0.8,0.76
X-1786,MIR452,574412.0,Del0.8,0.78
X-1786,MIR4529,100616290.0,Del0.8,0.76
X-1786,MIR4536-1,100616155.0,Del0.8,0.76
X-1786,MIR4659A,100616348.0,Del0.8,0.74
X-1786,MIR4659B,100616372.0,Del0.8,0.74
X-1786,MIR4660,100616350.0,Del0.8,0.73
X-1786,MIR4696,100616402.0,Amp5,6.36
X-1786,MIR4703,100616423.0,Del0.8,0.78
X-1786,MIR4718,100616195.0,Del0.8,0.74
X-1786,MIR4743,100616366.0,Del0.8,0.78
X-1786,MIR4748,100616425.0,Amp5,7.06
X-1786,MIR4767,100616467.0,Del0.8,0.74
X-1786,MIR4768,100616249.0,Del0.8,0.74
X-1786,MIR4769,100616147.0,Del0.8,0.76
X-1786,MIR4770,100616373.0,Del0.8,0.74
X-1786,MIR4775,100616361.0,Del0.8,0.77
X-1786,MIR4776-1,100616267.0,Del0.8,0.77
X-1786,MIR4776-2,100616472.0,Del0.8,0.77
X-1786,MIR500A,574502.0,Del0.8,0.76
X-1786,MIR500B,100422911.0,Del0.8,0.76
X-1786,MIR501,574503.0,Del0.8,0.76
X-1786,MIR502,574504.0,Del0.8,0.76
X-1786,MIR503,574506.0,Del0.8,0.76
X-1786,MIR504,574507.0,Del0.8,0.76
X-1786,MIR505,574508.0,Del0.8,0.76
X-1786,MIR506,574511.0,Del0.8,0.78
X-1786,MIR507,574512.0,Del0.8,0.78
X-1786,MIR508,574513.0,Del0.8,0.78
X-1786,MIR509-1,574514.0,Del0.8,0.78
X-1786,MIR510,574515.0,Del0.8,0.78
X-1786,MIR514A1,574516.0,Del0.8,0.78
X-1786,MIR514A2,574517.0,Del0.8,0.78
X-1786,MIR514B,100422847.0,Del0.8,0.78
X-1786,MIR532,693124.0,Del0.8,0.76
X-1786,MIR542,664617.0,Del0.8,0.76
X-1786,MIR545,664614.0,Del0.8,0.76
X-1786,MIR548A1,693125.0,Amp5,5.54
X-1786,MIR548F2,100313771.0,Del0.8,0.77
X-1786,MIR548K,100313770.0,Amp5,5.58
X-1786,MIR548O2,100616190.0,Del0.8,0.73
X-1786,MIR597,693182.0,Del0.8,0.77
X-1786,MIR598,693183.0,Del0.8,0.77
X-1786,MIR621,693206.0,Del0.8,0.76
X-1786,MIR638,693223.0,Amp5,7.06
X-1786,MIR651,723779.0,Del0.8,0.74
X-1786,MIR660,724030.0,Del0.8,0.76
X-1786,MIR676,100500887.0,Del0.8,0.76
X-1786,MIR708,100126333.0,Amp8,8.28
X-1786,MIR718,100313781.0,Del0.8,0.78
X-1786,MIR759,100313778.0,Del0.8,0.78
X-1786,MIR764,100313838.0,Del0.8,0.76
X-1786,MIR766,768218.0,Del0.8,0.74
X-1786,MIR767,768215.0,Del0.8,0.78
X-1786,MIR888,100126306.0,Del0.8,0.78
X-1786,MIR890,100126303.0,Del0.8,0.78
X-1786,MIR891A,100126341.0,Del0.8,0.78
X-1786,MIR891B,100126304.0,Del0.8,0.78
X-1786,MIR892A,100126342.0,Del0.8,0.78
X-1786,MIR892B,100126307.0,Del0.8,0.78
X-1786,MIR92A2,407049.0,Del0.8,0.76
X-1786,MIR934,100126324.0,Del0.8,0.76
X-1786,MIR98,407054.0,Del0.8,0.76
X-1786,MIRLET7F2,406889.0,Del0.8,0.76
X-1786,MLL4,9757.0,MutNovel,"G1588R,0.243"
X-1786,MLNR,2862.0,Del0.8,0.78
X-1786,MMGT1,93380.0,Del0.8,0.76
X-1786,MMS19,64210.0,MutNovel,"R411W,0.627"
X-1786,MOGAT1,116255.0,Del0.8,0.77
X-1786,MOGAT2,80168.0,Amp5,6.36
X-1786,MORC4,79710.0,Del0.8,0.76
X-1786,MORF4L2,9643.0,Del0.8,0.76
X-1786,MOSPD1,56180.0,Del0.8,0.76
X-1786,MOSPD2,158747.0,Del0.8,0.74
X-1786,MPP1,4354.0,Del0.8,0.78
X-1786,MPP4,58538.0,Del0.8,0.74
X-1786,MPRIP,23164.0,MutNovel,"TS178T,0.485"
X-1786,MPV17L2,84769.0,Amp5,5.7
X-1786,MREG,55686.0,Del0.8,0.77
X-1786,MRGPRD,116512.0,Amp5,5.58
X-1786,MRGPRF,116535.0,Amp5,5.58
X-1786,MRGPRX1,259249.0,Del0.8,0.68
X-1786,MRO,83876.0,Del0.8,0.77
X-1786,MRPL21,219927.0,Amp5,5.58
X-1786,MRPL4,51073.0,Amp5,7.06
X-1786,MRPL44,65080.0,Del0.8,0.77
X-1786,MRPL48,51642.0,Amp5,6.36
X-1786,MRPS31,10240.0,Del0.8,0.76
X-1786,MSL3,10943.0,Del0.8,0.74
X-1786,MSN,4478.0,Del0.8,0.76
X-1786,MSR1,4481.0,Del0.8,0.75
X-1786,MSRA,4482.0,Del0.8,0.77
X-1786,MST4,51765.0,Del0.8,0.76
X-1786,MTCP1,4515.0,Del0.8,0.78
X-1786,MTCP1NB,100272147.0,Del0.8,0.78
X-1786,MTFMT,123263.0,MutNovel,"R6P,1.000"
X-1786,MTL5,9633.0,Amp5,5.58
X-1786,MTM1,4534.0,Del0.8,0.78
X-1786,MTMR1,8776.0,Del0.8,0.78
X-1786,MTMR7,9108.0,Del0.8,0.76
X-1786,MTMR8,55613.0,Del0.8,0.76
X-1786,MTMR9,66036.0,Del0.8,0.77
X-1786,MTOR,2475.0,MutNovel,"A1971P,0.271"
X-1786,MTRF1,9617.0,Del0.8,0.76
X-1786,MTRNR2L10,100463488.0,Del0.8,0.76
X-1786,MTUS1,57509.0,Del0.8,0.76
X-1786,MTX1,4580.0,MutNovel,"T120A,0.435"
X-1786,MUM1L1,139221.0,Del0.8,0.76
X-1786,MXRA5,25878.0,Del0.8,0.74
X-1786,MYCBP2,23077.0,MutNovel,"N731H,1.000"
X-1786,MYEOV,26579.0,Amp5,5.58
X-1786,MYL1,4632.0,Del0.8,0.77
X-1786,MYO7A,4647.0,Amp5,7.89
X-1786,NAA10,8260.0,Del0.8,0.78
X-1786,NAA16,79612.0,Del0.8,0.76
X-1786,NACAD,23148.0,MutNovel,"G833D,0.667"
X-1786,NAP1L2,4674.0,Del0.8,0.76
X-1786,NAP1L3,4675.0,Del0.8,0.78
X-1786,NAP1L6,645996.0,Del0.8,0.76
X-1786,NARS,4677.0,Del0.8,0.76
X-1786,NARS2,79731.0,Amp8,9.85
X-1786,NAT1,9.0,Del0.8,0.76
X-1786,NAT2,10.0,Del0.8,0.76
X-1786,NBEAL1,65065.0,Del0.8,0.77
X-1786,NBPF1,55672.0,MutNovel,"S340F,0.320"
X-1786,NBPF10,100132406.0,MutNovel,"V841F,0.750"
X-1786,NBPF10,100132406.0,MutNovel,"I1165F,0.337"
X-1786,NBPF24,,MutNovel,"R381K,1.000"
X-1786,NCOR2,9612.0,MutNovel,"G1839GAAA,0.577"
X-1786,NCRNA00185,55410.0,Del0.8,0.19
X-1786,NDP,4693.0,Del0.8,0.76
X-1786,NDUFA1,4694.0,Del0.8,0.74
X-1786,NDUFB11,54539.0,Del0.8,0.76
X-1786,NDUFC2,4718.0,Amp8,9.85
X-1786,NDUFC2-KCTD14,100532726.0,Amp8,9.85
X-1786,NDUFS1,4719.0,Del0.8,0.77
X-1786,NECAP2,55707.0,MutNovel,"R178Q,0.317"
X-1786,NEDD4L,23327.0,Del0.8,0.76
X-1786,NEFL,4747.0,Del0.8,0.74
X-1786,NEFM,4741.0,Del0.8,0.74
X-1786,NEIL2,252969.0,Del0.8,0.72
X-1786,NEK2,4751.0,MutNovel,"G134D,0.719"
X-1786,NEK3,4752.0,Del0.8,0.78
X-1786,NEK5,341676.0,Del0.8,0.78
X-1786,NETO1,81832.0,Del0.8,0.75
X-1786,NEU3,10825.0,Amp5,6.36
X-1786,NEU4,129807.0,MutNovel,"N253K,0.375"
X-1786,NFE2L3,9603.0,MutNovel,"A149V,0.608"
X-1786,NGFRAP1,27018.0,Del0.8,0.76
X-1786,NHEJ1,79840.0,Del0.8,0.77
X-1786,NHLRC3,387921.0,Del0.8,0.76
X-1786,NHS,4810.0,Del0.8,0.74
X-1786,NHSL2,340527.0,Del0.8,0.76
X-1786,NKAP,79576.0,Del0.8,0.74
X-1786,NKAPP1,158801.0,Del0.8,0.74
X-1786,NKRF,55922.0,Del0.8,0.74
X-1786,NKX2-6,137814.0,Del0.8,0.74
X-1786,NKX3-1,4824.0,Del0.8,0.74
X-1786,NLGN3,54413.0,Del0.8,0.76
X-1786,NLGN4X,57502.0,Del0.8,0.74
X-1786,NLGN4Y,22829.0,Del0.8,0.19
X-1786,NLRP6,171389.0,MutNovel,"F186L,0.375"
X-1786,NONO,4841.0,Del0.8,0.76
X-1786,NOP58,51602.0,Del0.8,0.74
X-1786,NOX1,27035.0,Del0.8,0.76
X-1786,NPEPPS,9520.0,MutNovel,"P194R,0.245"
X-1786,NPM2,10361.0,Del0.8,0.76
X-1786,NR0B1,190.0,Del0.8,0.74
X-1786,NR2E1,7101.0,Del0.8,0.75
X-1786,NRK,203447.0,Del0.8,0.76
X-1786,NRP2,8828.0,Del0.8,0.77
X-1786,NSDHL,50814.0,Del0.8,0.78
X-1786,NUDT10,170685.0,Del0.8,0.76
X-1786,NUDT11,55190.0,Del0.8,0.76
X-1786,NUDT15,55270.0,Del0.8,0.74
X-1786,NUDT18,79873.0,Del0.8,0.76
X-1786,NUDT19,390916.0,MutNovel,"R176H,0.460"
X-1786,NUFIP1,26747.0,Del0.8,0.76
X-1786,NUP62CL,54830.0,Del0.8,0.76
X-1786,NXF2,56001.0,Del0.8,0.76
X-1786,NXF2,56001.0,Del0.8,0.76
X-1786,NXF2B,728343.0,Del0.8,0.76
X-1786,NXF2B,728343.0,Del0.8,0.76
X-1786,NXF3,56000.0,Del0.8,0.76
X-1786,NXF4,55999.0,Del0.8,0.76
X-1786,NXF5,55998.0,Del0.8,0.76
X-1786,NXT2,55916.0,Del0.8,0.76
X-1786,NYAP2,57624.0,Del0.8,0.77
X-1786,NYX,60506.0,Del0.8,0.76
X-1786,OAT,4942.0,MutNovel,"V258D,0.649"
X-1786,OBSL1,23363.0,Del0.8,0.77
X-1786,OCRL,4952.0,Del0.8,0.76
X-1786,ODZ1,10178.0,Del0.8,0.76
X-1786,ODZ4,26011.0,Amp8,8.28
X-1786,OFD1,8481.0,Del0.8,0.74
X-1786,OGT,8473.0,Del0.8,0.76
X-1786,OLFM4,10562.0,Del0.8,0.78
X-1786,OMP,4975.0,Amp5,6.36
X-1786,ONECUT2,9480.0,Del0.8,0.76
X-1786,OPHN1,4983.0,Del0.8,0.76
X-1786,OPN1LW,5956.0,Del0.8,0.78
X-1786,OPN1MW,2652.0,Del0.8,0.78
X-1786,OR13H1,347468.0,Del0.8,0.76
X-1786,OR2AT4,341152.0,Amp5,6.36
X-1786,OR2T33,391195.0,MutNovel,"W49R,1.000"
X-1786,OR7E37P,100506759.0,Del0.8,0.76
X-1786,ORAI1,84876.0,MutNovel,"PP43-,0.846"
X-1786,ORAOV1,220064.0,Amp5,5.58
X-1786,OSTM1,28962.0,Del0.8,0.75
X-1786,OTC,5009.0,Del0.8,0.76
X-1786,OTUD5,55593.0,Del0.8,0.76
X-1786,OTUD6A,139562.0,Del0.8,0.76
X-1786,OVOS,,MutNovel,"C218R,0.500"
X-1786,P2RY10,27334.0,Del0.8,0.75
X-1786,P2RY11,5032.0,Amp5,7.06
X-1786,P2RY2,5029.0,Amp5,6.36
X-1786,P2RY4,5030.0,Del0.8,0.76
X-1786,P2RY6,5031.0,Amp5,6.36
X-1786,P2RY8,286530.0,Del0.8,0.74
X-1786,P4HA3,283208.0,Amp5,6.36
X-1786,PAAF1,80227.0,Amp5,6.36
X-1786,PABPC1L2A,340529.0,Del0.8,0.76
X-1786,PABPC1L2B,645974.0,Del0.8,0.76
X-1786,PABPC3,5042.0,MutKnownFunctional,"-228,0.400"
X-1786,PABPC3,5042.0,MutNovel,"KG231-,0.333"
X-1786,PABPC3,5042.0,MutKnownFunctional,"-314,1.000"
X-1786,PABPC3,5042.0,MutNovel,"R519L,1.000"
X-1786,PABPC3,5042.0,MutNovel,"L530P,1.000"
X-1786,PABPC5,140886.0,Del0.8,0.75
X-1786,PAGE1,8712.0,Del0.8,0.76
X-1786,PAGE2,203569.0,Del0.8,0.76
X-1786,PAGE2B,389860.0,Del0.8,0.76
X-1786,PAGE3,139793.0,Del0.8,0.76
X-1786,PAGE4,9506.0,Del0.8,0.76
X-1786,PAGE5,90737.0,MutNovel,"E127I,0.857"
X-1786,PAGE5,90737.0,Del0.8,0.76
X-1786,PAK1,5058.0,Amp8,9.85
X-1786,PAK3,5063.0,Del0.8,0.76
X-1786,PARD3B,117583.0,Del0.8,0.77
X-1786,PASD1,139135.0,Del0.8,0.78
X-1786,PAX3,5077.0,Del0.8,0.77
X-1786,PBK,55872.0,Del0.8,0.73
X-1786,PCDH11X,27328.0,Del0.8,0.75
X-1786,PCDH11Y,83259.0,Del0.8,0.22
X-1786,PCDH17,27253.0,Del0.8,0.77
X-1786,PCDH19,57526.0,Del0.8,0.76
X-1786,PCDH20,64881.0,Del0.8,0.77
X-1786,PCDH8,5100.0,Del0.8,0.78
X-1786,PCF11,51585.0,Del0.8,0.74
X-1786,PCM1,5108.0,Del0.8,0.76
X-1786,PCNT,5116.0,MutNovel,"R2728C,0.397"
X-1786,PCSK1N,27344.0,Del0.8,0.76
X-1786,PCYT1B,9468.0,Del0.8,0.74
X-1786,PDE4A,5141.0,Amp5,7.06
X-1786,PDE4C,5143.0,Amp5,5.7
X-1786,PDE4DIP,9659.0,MutNovel,"Q113H,0.500"
X-1786,PDGFRL,5157.0,Del0.8,0.76
X-1786,PDHA1,5160.0,Del0.8,0.74
X-1786,PDK3,5165.0,Del0.8,0.74
X-1786,PDLIM2,64236.0,Del0.8,0.76
X-1786,PDZD11,51248.0,Del0.8,0.76
X-1786,PDZD4,57595.0,Del0.8,0.78
X-1786,PDZD7,79955.0,MutNovel,"S784SAA,0.556"
X-1786,PEBP4,157310.0,Del0.8,0.76
X-1786,PECR,55825.0,Del0.8,0.77
X-1786,PFKFB1,5207.0,Del0.8,0.76
X-1786,PGAM4,441531.0,Del0.8,0.75
X-1786,PGK1,5230.0,Del0.8,0.75
X-1786,PGM2L1,283209.0,Amp5,6.36
X-1786,PGPEP1,54858.0,Amp5,5.7
X-1786,PGRMC1,10857.0,Del0.8,0.74
X-1786,PHEX,5251.0,Del0.8,0.74
X-1786,PHF11,51131.0,Del0.8,0.78
X-1786,PHF16,9767.0,Del0.8,0.76
X-1786,PHF6,84295.0,Del0.8,0.76
X-1786,PHF8,23133.0,Del0.8,0.76
X-1786,PHKA1,5255.0,Del0.8,0.76
X-1786,PHKA2,5256.0,Del0.8,0.74
X-1786,PHLDA1,22822.0,MutNovel,"QQ194Q,0.481"
X-1786,PHLPP1,23239.0,Del0.8,0.78
X-1786,PHYHIP,9796.0,Del0.8,0.76
X-1786,PIAS2,9063.0,Del0.8,0.78
X-1786,PICALM,8301.0,Del0.8,0.74
X-1786,PID1,55022.0,Del0.8,0.76
X-1786,PIGA,5277.0,Del0.8,0.74
X-1786,PIGN,23556.0,Del0.8,0.78
X-1786,PIK3C3,5289.0,Del0.8,0.78
X-1786,PIK3R2,5296.0,Amp5,5.7
X-1786,PIKFYVE,200576.0,Del0.8,0.77
X-1786,PIM2,11040.0,Del0.8,0.76
X-1786,PIN4,5303.0,Del0.8,0.76
X-1786,PINX1,54984.0,Del0.8,0.77
X-1786,PIP5K1A,8394.0,MutNovel,"S475F,0.446"
X-1786,PIR,8544.0,Del0.8,0.74
X-1786,PIR-FIGF,100532742.0,Del0.8,0.74
X-1786,PIWIL2,55124.0,Del0.8,0.76
X-1786,PJA1,64219.0,Del0.8,0.76
X-1786,PKI55,150967.0,Del0.8,0.77
X-1786,PLAC1,10761.0,Del0.8,0.76
X-1786,PLCD4,84812.0,Del0.8,0.77
X-1786,PLEKHA6,22874.0,MutNovel,"R475C,0.407"
X-1786,PLEKHB1,58473.0,Amp5,6.36
X-1786,PLEKHM3,389072.0,Del0.8,0.77
X-1786,PLP1,5354.0,Del0.8,0.76
X-1786,PLP2,5355.0,Del0.8,0.76
X-1786,PLS3,5358.0,Del0.8,0.76
X-1786,PLXNA3,55558.0,Del0.8,0.78
X-1786,PLXNB3,5365.0,Del0.8,0.78
X-1786,PMAIP1,5366.0,Del0.8,0.76
X-1786,PNCK,139728.0,Del0.8,0.78
X-1786,PNKD,25953.0,Del0.8,0.77
X-1786,PNMA2,10687.0,Del0.8,0.73
X-1786,PNMA3,29944.0,Del0.8,0.78
X-1786,PNMA5,114824.0,Del0.8,0.78
X-1786,PNMA6A,84968.0,Del0.8,0.78
X-1786,PNMA6A,84968.0,Del0.8,0.78
X-1786,PNMA6C,100287428.0,Del0.8,0.78
X-1786,PNMA6D,100287466.0,Del0.8,0.78
X-1786,PNMA6D,100287466.0,Del0.8,0.78
X-1786,PNOC,5368.0,Del0.8,0.73
X-1786,PNPLA4,8228.0,Del0.8,0.74
X-1786,POF1B,79983.0,Del0.8,0.75
X-1786,POLA1,5422.0,Del0.8,0.74
X-1786,POLD3,10714.0,Amp5,6.36
X-1786,POLI,11201.0,Del0.8,0.76
X-1786,POLR3D,661.0,Del0.8,0.76
X-1786,PORCN,64840.0,Del0.8,0.76
X-1786,POSTN,10631.0,Del0.8,0.76
X-1786,POTEE,445582.0,MutNovel,"R162K,0.750"
X-1786,POTEE,445582.0,MutNovel,"V166M,0.778"
X-1786,POTEE,445582.0,MutNovel,"D679E,0.800"
X-1786,POTEE,445582.0,MutNovel,"K913T,0.389"
X-1786,POTEF,728378.0,MutNovel,"V930T,1.000"
X-1786,POTEH,23784.0,MutNovel,"L416S,0.382"
X-1786,POTEH,23784.0,MutNovel,"I238V,0.367"
X-1786,POTEI,,MutNovel,"Y898C,0.375"
X-1786,POTEI,,MutNovel,"M890L,0.375"
X-1786,POTEI,,MutNovel,"D887G,1.000"
X-1786,POTEI,,MutNovel,"G514S,1.000"
X-1786,POTEI,,MutNovel,"L379S,1.000"
X-1786,POTEJ,,MutNovel,"W917R,0.800"
X-1786,POTEJ,,MutNovel,"A923V,0.800"
X-1786,POTEM,641455.0,MutNovel,"A146T,0.667"
X-1786,POU3F4,5456.0,Del0.8,0.75
X-1786,PPAN,56342.0,Amp5,7.06
X-1786,PPAN-P2RY11,692312.0,Amp5,7.06
X-1786,PPARGC1B,133522.0,MutNovel,"L42V,0.526"
X-1786,PPEF1,5475.0,Del0.8,0.74
X-1786,PPFIA1,8500.0,Amp5,5.58
X-1786,PPIG,9360.0,MutNovel,"R235Q,0.646"
X-1786,PPME1,51400.0,Amp5,6.36
X-1786,PPP1R2P9,80316.0,Del0.8,0.76
X-1786,PPP1R3B,79660.0,Del0.8,0.73
X-1786,PPP1R3F,89801.0,Del0.8,0.76
X-1786,PPP2CB,5516.0,Del0.8,0.74
X-1786,PPP2R2A,5520.0,Del0.8,0.73
X-1786,PPP2R3B,28227.0,MutNovel,"R709H,1.000"
X-1786,PPP3CC,5533.0,Del0.8,0.76
X-1786,PQBP1,10084.0,Del0.8,0.76
X-1786,PRAF2,11230.0,Del0.8,0.76
X-1786,PRAMEF11,440560.0,MutNovel,"R228H,0.750"
X-1786,PRAMEF6,440561.0,MutNovel,"C124S,0.286"
X-1786,PRAMEF6,440561.0,MutNovel,"H94C,1.000"
X-1786,PRB4,5545.0,MutNovel,"P116H,0.256"
X-1786,PRCP,5547.0,Del0.8,0.75
X-1786,PRDM9,56979.0,MutNovel,"D759N,0.400"
X-1786,PRDX4,10549.0,Del0.8,0.74
X-1786,PRICKLE3,4007.0,Del0.8,0.76
X-1786,PRKAG3,53632.0,Del0.8,0.77
X-1786,PRKDC,5591.0,Del0.8,0.69
X-1786,PRKRIR,5612.0,Amp5,6.36
X-1786,PRKX,5613.0,Del0.8,0.74
X-1786,PRKY,5616.0,Del0.8,0.19
X-1786,PROSER1,80209.0,Del0.8,0.76
X-1786,PRPS1,5631.0,Del0.8,0.76
X-1786,PRPS2,5634.0,Del0.8,0.74
X-1786,PRR20B,729233.0,Del0.8,0.78
X-1786,PRRG1,5638.0,Del0.8,0.76
X-1786,PRRG3,79057.0,Del0.8,0.78
X-1786,PRSS55,203074.0,Del0.8,0.77
X-1786,PRY,9081.0,Del0.8,0.19
X-1786,PRY,9081.0,Del0.8,0.19
X-1786,PRY2,442862.0,Del0.8,0.19
X-1786,PRY2,442862.0,Del0.8,0.19
X-1786,PSD3,23362.0,Del0.8,0.76
X-1786,PSMD10,5716.0,Del0.8,0.76
X-1786,PSORS1C1,170679.0,MutKnownFunctional,"-38?,0.857"
X-1786,PSTPIP2,9050.0,Del0.8,0.78
X-1786,PTCHD1,139411.0,Del0.8,0.74
X-1786,PTH2R,5746.0,Del0.8,0.77
X-1786,PTK2B,2185.0,Del0.8,0.73
X-1786,PTPRN,5798.0,Del0.8,0.77
X-1786,PURG,29942.0,Del0.8,0.74
X-1786,QTRT1,81890.0,Amp5,7.06
X-1786,R3HCC1,203069.0,Del0.8,0.76
X-1786,RAB27B,5874.0,Del0.8,0.76
X-1786,RAB30,27314.0,Del0.8,0.74
X-1786,RAB33A,9363.0,Del0.8,0.76
X-1786,RAB39B,116442.0,Del0.8,0.78
X-1786,RAB3A,5864.0,Amp5,5.7
X-1786,RAB40A,142684.0,Del0.8,0.76
X-1786,RAB40AL,282808.0,Del0.8,0.76
X-1786,RAB41,347517.0,Del0.8,0.76
X-1786,RAB6A,5870.0,Amp5,6.36
X-1786,RAB9A,9367.0,Del0.8,0.74
X-1786,RAB9B,51209.0,Del0.8,0.76
X-1786,RAG1,5896.0,MutNovel,"E1042A,0.500"
X-1786,RAI2,10742.0,Del0.8,0.74
X-1786,RANBP2,5903.0,MutNovel,"K2661R,0.568"
X-1786,RAP2C,57826.0,Del0.8,0.76
X-1786,RAPH1,65059.0,Del0.8,0.77
X-1786,RAVER1,125950.0,Amp5,7.06
X-1786,RAX,30062.0,Del0.8,0.76
X-1786,RBBP7,5931.0,Del0.8,0.74
X-1786,RBM10,8241.0,Del0.8,0.76
X-1786,RBM3,5935.0,Del0.8,0.76
X-1786,RBM41,55285.0,Del0.8,0.76
X-1786,RBMX,27316.0,Del0.8,0.76
X-1786,RBMX2,51634.0,Del0.8,0.76
X-1786,RBMXL3,139804.0,Del0.8,0.76
X-1786,RBMY1A3P,286557.0,Del0.8,0.19
X-1786,RBMY1B,378948.0,Del0.8,0.19
X-1786,RBMY1B,378948.0,Del0.8,0.19
X-1786,RBMY1E,378950.0,Del0.8,0.19
X-1786,RBMY1E,378950.0,Del0.8,0.19
X-1786,RBMY1F,159163.0,Del0.8,0.19
X-1786,RBMY1F,159163.0,Del0.8,0.19
X-1786,RBMY1J,378951.0,Del0.8,0.19
X-1786,RBMY1J,378951.0,Del0.8,0.19
X-1786,RBMY2EP,159125.0,Del0.8,0.19
X-1786,RBMY2FP,159162.0,Del0.8,0.19
X-1786,RBMY3AP,64593.0,Del0.8,0.19
X-1786,RBPMS,11030.0,Del0.8,0.73
X-1786,RCBTB1,55213.0,Del0.8,0.78
X-1786,RCBTB2,1102.0,Del0.8,0.78
X-1786,RDH8,50700.0,Amp5,7.06
X-1786,REEP4,80346.0,Del0.8,0.76
X-1786,RELT,84957.0,Amp5,6.36
X-1786,RENBP,5973.0,Del0.8,0.78
X-1786,REPS2,9185.0,Del0.8,0.74
X-1786,RERE,473.0,MutNovel,"R575Q,0.675"
X-1786,RESP18,389075.0,Del0.8,0.77
X-1786,RGAG1,57529.0,Del0.8,0.76
X-1786,RGAG4,340526.0,Del0.8,0.76
X-1786,RGN,9104.0,Del0.8,0.76
X-1786,RHBDD1,84236.0,Del0.8,0.77
X-1786,RHOBTB2,23221.0,Del0.8,0.76
X-1786,RHOXF1,158800.0,Del0.8,0.74
X-1786,RHOXF2B,727940.0,Del0.8,0.74
X-1786,RHOXF2B,727940.0,Del0.8,0.74
X-1786,RIBC1,158787.0,Del0.8,0.76
X-1786,RIPK3,11035.0,MutKnownFunctional,"-492?,0.400"
X-1786,RIPPLY1,92129.0,Del0.8,0.76
X-1786,RIT2,6014.0,Del0.8,0.78
X-1786,RLIM,51132.0,Del0.8,0.76
X-1786,RNASEH2B,79621.0,Del0.8,0.78
X-1786,RNF113A,7737.0,Del0.8,0.74
X-1786,RNF128,79589.0,Del0.8,0.76
X-1786,RNF144B,255488.0,Amp5,5.54
X-1786,RNF152,220441.0,Del0.8,0.78
X-1786,RNF165,494470.0,Del0.8,0.78
X-1786,RNF169,254225.0,Amp5,6.36
X-1786,RNF25,64320.0,Del0.8,0.77
X-1786,RP1-177G6.2,286411.0,Del0.8,0.76
X-1786,RP1L1,94137.0,Del0.8,0.77
X-1786,RP2,6102.0,Del0.8,0.76
X-1786,RPA4,29935.0,Del0.8,0.78
X-1786,RPAP3,79657.0,MutNovel,"S87C,0.360"
X-1786,RPE,6120.0,Del0.8,0.77
X-1786,RPGR,6103.0,Del0.8,0.76
X-1786,RPL10,6134.0,Del0.8,0.78
X-1786,RPL18A,6142.0,Amp5,5.7
X-1786,RPL22L1,200916.0,MutNovel,"K41-,0.624"
X-1786,RPL36A,6173.0,Del0.8,0.76
X-1786,RPL36A-HNRNPH2,100529097.0,Del0.8,0.76
X-1786,RPL37A,6168.0,Del0.8,0.77
X-1786,RPL39,6170.0,Del0.8,0.74
X-1786,RPS17L,,MutNovel,"K72R,1.000"
X-1786,RPS26P11,441502.0,Del0.8,0.76
X-1786,RPS3,6188.0,Amp5,6.36
X-1786,RPS4X,6191.0,Del0.8,0.76
X-1786,RPS4Y1,6192.0,Del0.8,0.22
X-1786,RPS4Y2,140032.0,Del0.8,0.19
X-1786,RPS6KA3,6197.0,Del0.8,0.74
X-1786,RPS6KA6,27330.0,Del0.8,0.75
X-1786,RPTOR,57521.0,MutNovel,"A1303T,0.367"
X-1786,RQCD1,9125.0,Del0.8,0.77
X-1786,RRAGB,10325.0,Del0.8,0.76
X-1786,RS1,6247.0,Del0.8,0.74
X-1786,RSF1,51773.0,Amp8,9.85
X-1786,RTTN,25914.0,Del0.8,0.75
X-1786,RUFY4,285180.0,Del0.8,0.77
X-1786,RYR2,6262.0,MutKnownFunctional,"-1744?,0.392"
X-1786,S100G,795.0,Del0.8,0.74
X-1786,S1PR2,9294.0,Amp5,7.06
X-1786,S1PR5,53637.0,Amp5,7.06
X-1786,SAGE1,55511.0,Del0.8,0.76
X-1786,SALL4,57167.0,MutNovel,"E689K,0.400"
X-1786,SASH3,54440.0,Del0.8,0.76
X-1786,SAT1,6303.0,Del0.8,0.74
X-1786,SATL1,340562.0,Del0.8,0.75
X-1786,SCARA3,51435.0,Del0.8,0.73
X-1786,SCARA5,286133.0,Del0.8,0.73
X-1786,SCARNA23,677773.0,Del0.8,0.74
X-1786,SCARNA9L,100158262.0,Del0.8,0.74
X-1786,SCG2,7857.0,Del0.8,0.77
X-1786,SCML1,6322.0,Del0.8,0.74
X-1786,SCML2,10389.0,Del0.8,0.74
X-1786,SEC11C,90701.0,Del0.8,0.76
X-1786,SEC63,11231.0,Del0.8,0.75
X-1786,2014-09-06 00:00:00,23157.0,Del0.8,0.74
X-1786,SERINC2,347735.0,MutNovel,"-373Q,0.705"
X-1786,SERP2,387923.0,Del0.8,0.76
X-1786,SERPINA7,6906.0,Del0.8,0.76
X-1786,SERPINB10,5273.0,Del0.8,0.75
X-1786,SERPINB11,89778.0,Del0.8,0.75
X-1786,SERPINB12,89777.0,Del0.8,0.75
X-1786,SERPINB13,5275.0,Del0.8,0.75
X-1786,SERPINB2,5055.0,Del0.8,0.75
X-1786,SERPINB3,6317.0,Del0.8,0.75
X-1786,SERPINB4,6318.0,Del0.8,0.75
X-1786,SERPINB5,5268.0,Del0.8,0.75
X-1786,SERPINB7,8710.0,Del0.8,0.75
X-1786,SERPINB8,5271.0,Del0.8,0.75
X-1786,SERPINE2,5270.0,Del0.8,0.77
X-1786,SERPINE3,647174.0,Del0.8,0.78
X-1786,SERPING1,710.0,MutNovel,"T82S,0.419"
X-1786,SERPINH1,871.0,Amp5,6.36
X-1786,SETBP1,26040.0,Del0.8,0.78
X-1786,SETDB2,83852.0,Del0.8,0.78
X-1786,SFTPC,6440.0,Del0.8,0.76
X-1786,SGCZ,137868.0,Del0.8,0.75
X-1786,SGK223,157285.0,Del0.8,0.73
X-1786,SGPP2,130367.0,Del0.8,0.77
X-1786,SH2D1A,4068.0,Del0.8,0.76
X-1786,SH2D4A,63898.0,Del0.8,0.76
X-1786,SH3BGRL,6451.0,Del0.8,0.75
X-1786,SH3KBP1,30011.0,Del0.8,0.74
X-1786,SHANK2,22941.0,Amp5,5.03
X-1786,SHOX,6473.0,Del0.8,0.74
X-1786,SHROOM2,357.0,Del0.8,0.74
X-1786,SHROOM4,57477.0,Del0.8,0.76
X-1786,SIAH3,283514.0,Del0.8,0.76
X-1786,SIGLEC15,284266.0,Del0.8,0.78
X-1786,SKA1,220134.0,Del0.8,0.77
X-1786,SKI,6497.0,MutNovel,"R618H,0.288"
X-1786,SLC10A3,8273.0,Del0.8,0.78
X-1786,SLC11A1,6556.0,Del0.8,0.77
X-1786,SLC14A1,6563.0,Del0.8,0.78
X-1786,SLC14A2,8170.0,Del0.8,0.78
X-1786,SLC16A2,6567.0,Del0.8,0.76
X-1786,SLC18A1,6570.0,Del0.8,0.76
X-1786,SLC19A3,80704.0,Del0.8,0.77
X-1786,SLC23A3,151295.0,Del0.8,0.77
X-1786,SLC25A14,9016.0,Del0.8,0.76
X-1786,SLC25A15,10166.0,Del0.8,0.76
X-1786,SLC25A17,10478.0,MutNovel,"G60R,1.000"
X-1786,SLC25A30,253512.0,Del0.8,0.76
X-1786,SLC25A34,284723.0,MutNovel,"T100M,0.375"
X-1786,SLC25A42,284439.0,Amp5,5.7
X-1786,SLC25A43,203427.0,Del0.8,0.74
X-1786,SLC25A5,292.0,Del0.8,0.74
X-1786,SLC25A5-AS1,100303728.0,Del0.8,0.74
X-1786,SLC25A6,293.0,Del0.8,0.74
X-1786,SLC28A1,9154.0,MutNovel,"L140LV,0.900"
X-1786,SLC28A2,9153.0,MutKnownFunctional,"-129?,0.387"
X-1786,SLC35A2,7355.0,Del0.8,0.76
X-1786,SLC35G5,83650.0,Del0.8,0.77
X-1786,SLC38A5,92745.0,Del0.8,0.76
X-1786,SLC39A14,23516.0,Del0.8,0.76
X-1786,SLC44A2,57153.0,Amp5,7.06
X-1786,SLC4A3,6508.0,Del0.8,0.77
X-1786,SLC5A5,6528.0,Amp5,5.7
X-1786,SLC6A14,11254.0,Del0.8,0.74
X-1786,SLC6A8,6535.0,Del0.8,0.78
X-1786,SLC7A2,6542.0,Del0.8,0.76
X-1786,SLC7A3,84889.0,Del0.8,0.76
X-1786,SLC9A6,10479.0,Del0.8,0.76
X-1786,SLC9A7,84679.0,Del0.8,0.76
X-1786,SLCO2B1,11309.0,Amp5,6.36
X-1786,SLITRK2,84631.0,Del0.8,0.78
X-1786,SLITRK4,139065.0,Del0.8,0.76
X-1786,SMAD2,4087.0,Del0.8,0.78
X-1786,SMARCA1,6594.0,Del0.8,0.76
X-1786,SMARCAL1,50485.0,Del0.8,0.77
X-1786,SMC1A,8243.0,Del0.8,0.76
X-1786,SMEK3P,139420.0,Del0.8,0.74
X-1786,SMPX,23676.0,Del0.8,0.74
X-1786,SMS,6611.0,Del0.8,0.74
X-1786,SNORA11,677799.0,Del0.8,0.76
X-1786,SNORA11C,100124540.0,Del0.8,0.76
X-1786,SNORA11D,100124541.0,Del0.8,0.76
X-1786,SNORA11D,100124541.0,Del0.8,0.76
X-1786,SNORA11E,100124542.0,Del0.8,0.76
X-1786,SNORA11E,100124542.0,Del0.8,0.76
X-1786,SNORA31,677814.0,Del0.8,0.76
X-1786,SNORA35,677816.0,Del0.8,0.76
X-1786,SNORA36A,677817.0,Del0.8,0.78
X-1786,SNORA37,677819.0,Del0.8,0.76
X-1786,SNORA41,619569.0,Del0.8,0.77
X-1786,SNORA56,677835.0,Del0.8,0.78
X-1786,SNORA68,26780.0,Amp5,5.7
X-1786,SNORA69,26779.0,Del0.8,0.74
X-1786,SNORA70,26778.0,Del0.8,0.78
X-1786,SNORA70E,100379250.0,Del0.8,0.74
X-1786,SNORD105,692229.0,Amp5,7.06
X-1786,SNORD105B,100113382.0,Amp5,7.06
X-1786,SNORD11,692058.0,Del0.8,0.74
X-1786,SNORD11B,100113392.0,Del0.8,0.74
X-1786,SNORD15A,6079.0,Amp5,6.36
X-1786,SNORD15B,114599.0,Amp5,6.36
X-1786,SNORD51,26798.0,Del0.8,0.77
X-1786,SNORD61,26787.0,Del0.8,0.76
X-1786,SNORD70,692110.0,Del0.8,0.74
X-1786,SNORD96B,692226.0,Del0.8,0.76
X-1786,SNX12,29934.0,Del0.8,0.76
X-1786,SNX3,8724.0,Del0.8,0.75
X-1786,SOCS6,9306.0,Del0.8,0.75
X-1786,SORBS3,10174.0,MutNovel,"P258A,1.000"
X-1786,SORBS3,10174.0,Del0.8,0.76
X-1786,SOSTDC1,25928.0,MutNovel,"A162D,0.483"
X-1786,SOWAHD,347454.0,Del0.8,0.74
X-1786,SOX3,6658.0,Del0.8,0.76
X-1786,SOX7,83595.0,Del0.8,0.77
X-1786,SPACA5,389852.0,Del0.8,0.76
X-1786,SPAG11A,653423.0,Del0.8,0.67
X-1786,SPAG11B,10407.0,MutNovel,"H84R,1.000"
X-1786,SPAG11B,10407.0,Del0.8,0.67
X-1786,SPAG11B,10407.0,Del0.8,0.67
X-1786,SPAG16,79582.0,Del0.8,0.77
X-1786,SPANXA2,728712.0,Del0.8,0.76
X-1786,SPANXA2,728712.0,Del0.8,0.76
X-1786,SPANXA2-OT1,619455.0,Del0.8,0.76
X-1786,SPANXB1,728695.0,Del0.8,0.76
X-1786,SPANXC,64663.0,Del0.8,0.76
X-1786,SPANXN1,494118.0,Del0.8,0.78
X-1786,SPANXN2,494119.0,Del0.8,0.76
X-1786,SPANXN3,139067.0,Del0.8,0.76
X-1786,SPANXN4,441525.0,Del0.8,0.76
X-1786,SPANXN5,494197.0,Del0.8,0.76
X-1786,SPCS2,9789.0,Amp5,6.36
X-1786,SPEG,10290.0,Del0.8,0.77
X-1786,SPERT,220082.0,Del0.8,0.76
X-1786,SPHKAP,80309.0,Del0.8,0.77
X-1786,SPIN2A,54466.0,Del0.8,0.76
X-1786,SPIN2B,474343.0,Del0.8,0.76
X-1786,SPIN3,169981.0,Del0.8,0.76
X-1786,SPIN4,139886.0,Del0.8,0.76
X-1786,SPPL2B,56928.0,MutNovel,"V198M,0.512"
X-1786,SPRY3,10251.0,Del0.8,0.78
X-1786,SPRYD7,57213.0,Del0.8,0.78
X-1786,SPTB,6710.0,MutNovel,"V1494L,0.833"
X-1786,SRD5A1P1,6719.0,Del0.8,0.76
X-1786,SRPK3,26576.0,Del0.8,0.78
X-1786,SRPX,8406.0,Del0.8,0.76
X-1786,SRPX2,27286.0,Del0.8,0.76
X-1786,SRY,6736.0,Del0.8,0.22
X-1786,SSBP4,170463.0,Amp5,5.7
X-1786,SSR4,6748.0,Del0.8,0.78
X-1786,SSX1,6756.0,Del0.8,0.76
X-1786,SSX2,6757.0,Del0.8,0.76
X-1786,SSX2,6757.0,Del0.8,0.76
X-1786,SSX2B,727837.0,Del0.8,0.76
X-1786,SSX2B,727837.0,Del0.8,0.76
X-1786,SSX3,10214.0,Del0.8,0.76
X-1786,SSX4,6759.0,Del0.8,0.76
X-1786,SSX4,6759.0,Del0.8,0.76
X-1786,SSX5,6758.0,Del0.8,0.76
X-1786,SSX6,280657.0,Del0.8,0.76
X-1786,SSX7,280658.0,Del0.8,0.76
X-1786,SSX8,280659.0,Del0.8,0.76
X-1786,ST13P4,145165.0,Del0.8,0.78
X-1786,ST8SIA3,51046.0,Del0.8,0.76
X-1786,ST8SIA5,29906.0,Del0.8,0.78
X-1786,STAG2,10735.0,Del0.8,0.76
X-1786,STARD6,147323.0,Del0.8,0.76
X-1786,STARD8,9754.0,MutNovel,"Y385C,1.000"
X-1786,STARD8,9754.0,Del0.8,0.76
X-1786,STARD9,57519.0,MutNovel,"P3132S,1.000"
X-1786,STC1,6781.0,Del0.8,0.74
X-1786,STK11IP,114790.0,Del0.8,0.77
X-1786,STK16,8576.0,Del0.8,0.77
X-1786,STK36,27148.0,Del0.8,0.77
X-1786,STMN4,81551.0,Del0.8,0.73
X-1786,STOML3,161003.0,Del0.8,0.76
X-1786,STS,412.0,Del0.8,0.74
X-1786,STX19,415117.0,MutNovel,"V220L,0.250"
X-1786,STXBP3,6814.0,MutNovel,"N396S,0.264"
X-1786,SUCLA2,8803.0,Del0.8,0.74
X-1786,SUGP2,10147.0,Amp5,5.7
X-1786,SUGT1,10910.0,Del0.8,0.78
X-1786,SUGT1P3,283507.0,Del0.8,0.76
X-1786,SUMO1,7341.0,Del0.8,0.74
X-1786,SUV39H1,6839.0,Del0.8,0.76
X-1786,SYAP1,94056.0,Del0.8,0.74
X-1786,SYN1,6853.0,Del0.8,0.76
X-1786,SYP,6855.0,Del0.8,0.76
X-1786,SYT4,6860.0,Del0.8,0.78
X-1786,SYTL2,54843.0,Del0.8,0.74
X-1786,SYTL4,94121.0,Del0.8,0.76
X-1786,SYTL5,94122.0,Del0.8,0.76
X-1786,TAB3,257397.0,Del0.8,0.74
X-1786,TAF1,6872.0,Del0.8,0.76
X-1786,TAF7L,54457.0,Del0.8,0.76
X-1786,TAF9B,51616.0,Del0.8,0.75
X-1786,TAZ,6901.0,Del0.8,0.78
X-1786,TBC1D25,4943.0,Del0.8,0.76
X-1786,TBC1D8B,54885.0,Del0.8,0.76
X-1786,TBL1X,6907.0,Del0.8,0.74
X-1786,TBL1Y,90665.0,Del0.8,0.19
X-1786,TBP,6908.0,MutNovel,"-64Q,0.242"
X-1786,TBX22,50945.0,Del0.8,0.75
X-1786,TCEAL1,9338.0,Del0.8,0.76
X-1786,TCEAL2,140597.0,Del0.8,0.76
X-1786,TCEAL3,85012.0,Del0.8,0.76
X-1786,TCEAL4,79921.0,Del0.8,0.76
X-1786,TCEAL5,340543.0,Del0.8,0.76
X-1786,TCEAL6,158931.0,Del0.8,0.76
X-1786,TCEAL7,56849.0,Del0.8,0.76
X-1786,TCEAL8,90843.0,Del0.8,0.76
X-1786,TCEANC,170082.0,Del0.8,0.74
X-1786,TCEB3B,51224.0,Del0.8,0.78
X-1786,TCEB3C,162699.0,Del0.8,0.78
X-1786,TCF4,6925.0,Del0.8,0.76
X-1786,TDGF1P3,6998.0,Del0.8,0.76
X-1786,TDH,157739.0,Del0.8,0.77
X-1786,TDRD3,81550.0,Del0.8,0.77
X-1786,TEX11,56159.0,Del0.8,0.76
X-1786,TEX13A,56157.0,Del0.8,0.76
X-1786,TEX13B,56156.0,Del0.8,0.76
X-1786,TEX15,56154.0,Del0.8,0.74
X-1786,TEX28,1527.0,Del0.8,0.78
X-1786,TFDP1,7027.0,MutNovel,"P36H,0.277"
X-1786,TFDP3,51270.0,Del0.8,0.76
X-1786,TFE3,7030.0,Del0.8,0.76
X-1786,TGIF2LX,90316.0,Del0.8,0.75
X-1786,TGIF2LY,90655.0,Del0.8,0.22
X-1786,THOC2,57187.0,Del0.8,0.76
X-1786,THRSP,7069.0,Amp8,9.85
X-1786,THSD1,55901.0,Del0.8,0.78
X-1786,TIMM17B,10245.0,Del0.8,0.76
X-1786,TIMM21,29090.0,Del0.8,0.77
X-1786,TIMM8A,1678.0,Del0.8,0.76
X-1786,TIMP1,7076.0,Del0.8,0.76
X-1786,TKTL1,8277.0,Del0.8,0.78
X-1786,TLR7,51284.0,Del0.8,0.74
X-1786,TLR8,51311.0,Del0.8,0.74
X-1786,TLR8-AS1,349408.0,Del0.8,0.74
X-1786,TM4SF20,79853.0,Del0.8,0.77
X-1786,TMBIM1,64114.0,Del0.8,0.77
X-1786,TMED1,11018.0,Amp5,7.06
X-1786,TMEM126A,84233.0,Del0.8,0.74
X-1786,TMEM126B,55863.0,Del0.8,0.74
X-1786,TMEM161A,54929.0,Amp5,5.7
X-1786,TMEM164,84187.0,Del0.8,0.76
X-1786,TMEM169,92691.0,Del0.8,0.77
X-1786,TMEM173,340061.0,MutNovel,"V329F,0.857"
X-1786,TMEM183B,,MutKnownFunctional,"-116?,0.667"
X-1786,TMEM184A,202915.0,MutNovel,"G392GA,0.297"
X-1786,TMEM185A,84548.0,Del0.8,0.78
X-1786,TMEM187,8269.0,Del0.8,0.78
X-1786,TMEM191B,728229.0,MutNovel,"F159FY,0.750"
X-1786,TMEM198,130612.0,Del0.8,0.77
X-1786,TMEM27,57393.0,Del0.8,0.74
X-1786,TMEM31,203562.0,Del0.8,0.76
X-1786,TMEM35,59353.0,Del0.8,0.76
X-1786,TMEM47,83604.0,Del0.8,0.76
X-1786,TMEM59L,25789.0,Amp5,5.7
X-1786,TMEM66,51669.0,Del0.8,0.73
X-1786,TMLHE,55217.0,Del0.8,0.78
X-1786,TMSB15A,11013.0,Del0.8,0.76
X-1786,TMSB15B,286527.0,Del0.8,0.76
X-1786,TMSB4X,7114.0,Del0.8,0.74
X-1786,TMSB4Y,9087.0,Del0.8,0.19
X-1786,TMX3,54495.0,Del0.8,0.75
X-1786,TNFAIP6,7130.0,MutKnownFunctional,"-278,0.625"
X-1786,TNFRSF10A,8797.0,Del0.8,0.76
X-1786,TNFRSF10B,8795.0,Del0.8,0.76
X-1786,TNFRSF10C,8794.0,Del0.8,0.76
X-1786,TNFRSF10D,8793.0,Del0.8,0.76
X-1786,TNFRSF11A,8792.0,Del0.8,0.78
X-1786,TNFSF11,8600.0,Del0.8,0.76
X-1786,TNKS,8658.0,Del0.8,0.77
X-1786,TNMD,64102.0,Del0.8,0.76
X-1786,TNP1,7141.0,Del0.8,0.77
X-1786,TNS1,7145.0,Del0.8,0.77
X-1786,TP53,7157.0,MutLikelyFunctional,"V272M,0.998"
X-1786,TPCN2,219931.0,Amp5,5.58
X-1786,TPGS2,25941.0,Del0.8,0.78
X-1786,TPT1,7178.0,Del0.8,0.76
X-1786,TPTE2P3,220115.0,Del0.8,0.78
X-1786,TRAF3,7187.0,MutNovel,"R338W,0.438"
X-1786,TRAPPC2,6399.0,Del0.8,0.74
X-1786,TREX2,11219.0,Del0.8,0.78
X-1786,TRIM13,10206.0,Del0.8,0.78
X-1786,TRIM35,23087.0,Del0.8,0.73
X-1786,TRIM44,54765.0,MutNovel,"Y189C,0.549"
X-1786,TRMT2B,79979.0,Del0.8,0.76
X-1786,TRO,7216.0,Del0.8,0.76
X-1786,TRPC4,7223.0,Del0.8,0.76
X-1786,TRPC5,7224.0,Del0.8,0.76
X-1786,TSC22D1,8848.0,Del0.8,0.76
X-1786,TSC22D3,1831.0,Del0.8,0.76
X-1786,TSHZ1,10194.0,Del0.8,0.77
X-1786,TSIX,9383.0,Del0.8,0.76
X-1786,TSKU,25987.0,Amp5,6.36
X-1786,TSPAN6,7105.0,Del0.8,0.76
X-1786,TSPAN7,7102.0,Del0.8,0.76
X-1786,TSPY1,7258.0,Del0.8,0.19
X-1786,TSPY2,64591.0,Del0.8,0.19
X-1786,TSPY3,728137.0,Del0.8,0.19
X-1786,TSPY4,728395.0,Del0.8,0.19
X-1786,TSPY8,728403.0,Del0.8,0.19
X-1786,TSPYL2,64061.0,Del0.8,0.76
X-1786,TSR2,90121.0,Del0.8,0.76
X-1786,TTC3P1,286495.0,Del0.8,0.76
X-1786,TTLL4,9654.0,Del0.8,0.77
X-1786,TTTY10,246119.0,Del0.8,0.19
X-1786,TTTY11,83866.0,Del0.8,0.19
X-1786,TTTY12,83867.0,Del0.8,0.19
X-1786,TTTY13,83868.0,Del0.8,0.19
X-1786,TTTY14,83869.0,Del0.8,0.19
X-1786,TTTY15,64595.0,Del0.8,0.19
X-1786,TTTY16,252948.0,Del0.8,0.19
X-1786,TTTY17A,252949.0,Del0.8,0.19
X-1786,TTTY17A,252949.0,Del0.8,0.19
X-1786,TTTY18,252950.0,Del0.8,0.19
X-1786,TTTY19,252952.0,Del0.8,0.19
X-1786,TTTY1B,100101116.0,Del0.8,0.19
X-1786,TTTY1B,100101116.0,Del0.8,0.19
X-1786,TTTY2,60439.0,Del0.8,0.19
X-1786,TTTY2,60439.0,Del0.8,0.19
X-1786,TTTY20,252951.0,Del0.8,0.19
X-1786,TTTY21,252953.0,Del0.8,0.19
X-1786,TTTY21,252953.0,Del0.8,0.19
X-1786,TTTY22,252954.0,Del0.8,0.19
X-1786,TTTY23,252955.0,Del0.8,0.19
X-1786,TTTY23,252955.0,Del0.8,0.19
X-1786,TTTY3,114760.0,Del0.8,0.19
X-1786,TTTY3,114760.0,Del0.8,0.19
X-1786,TTTY4,114761.0,Del0.8,0.19
X-1786,TTTY4,114761.0,Del0.8,0.19
X-1786,TTTY5,83863.0,Del0.8,0.19
X-1786,TTTY6,84672.0,Del0.8,0.19
X-1786,TTTY6,84672.0,Del0.8,0.19
X-1786,TTTY7,246122.0,Del0.8,0.19
X-1786,TTTY7,246122.0,Del0.8,0.19
X-1786,TTTY7B,100101120.0,Del0.8,0.19
X-1786,TTTY7B,100101120.0,Del0.8,0.19
X-1786,TTTY8,84673.0,Del0.8,0.19
X-1786,TTTY8,84673.0,Del0.8,0.19
X-1786,TTTY9A,83864.0,Del0.8,0.19
X-1786,TTTY9A,83864.0,Del0.8,0.19
X-1786,TUBA4A,7277.0,Del0.8,0.77
X-1786,TUBA4B,80086.0,Del0.8,0.77
X-1786,TUBB8,347688.0,MutNovel,"N52H,1.000"
X-1786,TUSC3,7991.0,Del0.8,0.75
X-1786,TXLNG,55787.0,Del0.8,0.74
X-1786,TXLNG2P,246126.0,Del0.8,0.19
X-1786,TXNL1,9352.0,Del0.8,0.76
X-1786,TYK2,7297.0,Amp5,7.06
X-1786,UBA1,7317.0,Del0.8,0.76
X-1786,UBA52,7311.0,Amp5,5.7
X-1786,UBE2A,7319.0,Del0.8,0.74
X-1786,UBE2DNL,100131816.0,Del0.8,0.75
X-1786,UBE2NL,389898.0,Del0.8,0.76
X-1786,UBL4A,8266.0,Del0.8,0.78
X-1786,UBQLN2,29978.0,Del0.8,0.76
X-1786,UBR3,130507.0,MutNovel,"Y913C,0.625"
X-1786,UBXN8,7993.0,Del0.8,0.59
X-1786,UCP2,7351.0,Amp5,6.36
X-1786,UCP3,7352.0,Amp5,6.36
X-1786,UFM1,51569.0,Del0.8,0.76
X-1786,UGT2B17,7367.0,Del0.8,0.74
X-1786,UNC80,285175.0,Del0.8,0.77
X-1786,UPF1,5976.0,Amp5,5.7
X-1786,UPF3B,65109.0,Del0.8,0.74
X-1786,UPRT,139596.0,Del0.8,0.76
X-1786,UQCRBP1,442454.0,Del0.8,0.76
X-1786,URB1,9875.0,MutNovel,"V168F,0.395"
X-1786,USP11,8237.0,Del0.8,0.76
X-1786,USP17L2,377630.0,Del0.8,0.72
X-1786,USP26,83844.0,Del0.8,0.76
X-1786,USP27X,389856.0,Del0.8,0.76
X-1786,USP35,57558.0,Amp8,9.85
X-1786,USP36,57602.0,MutNovel,"KKK958K,0.739"
X-1786,USP37,57695.0,Del0.8,0.77
X-1786,USP51,158880.0,Del0.8,0.76
X-1786,USP9X,8239.0,MutNovel,"I1974M,0.995"
X-1786,USP9X,8239.0,Del0.8,0.76
X-1786,USP9Y,8287.0,Del0.8,0.19
X-1786,UTP14A,10813.0,Del0.8,0.76
X-1786,UTP14C,9724.0,Del0.8,0.78
X-1786,UTY,7404.0,Del0.8,0.19
X-1786,UVRAG,7405.0,Amp5,6.36
X-1786,UXT,8409.0,Del0.8,0.76
X-1786,VAMP7,6845.0,Del0.8,0.78
X-1786,VBP1,7411.0,Del0.8,0.78
X-1786,VCX,26609.0,Del0.8,0.74
X-1786,VCX2,51480.0,Del0.8,0.74
X-1786,VCX3A,51481.0,Del0.8,0.74
X-1786,VCX3B,425054.0,MutNovel,"V190M,0.286"
X-1786,VCX3B,425054.0,Del0.8,0.74
X-1786,VCY,9084.0,Del0.8,0.19
X-1786,VCY,9084.0,Del0.8,0.19
X-1786,VENTXP1,139538.0,Del0.8,0.74
X-1786,VGLL1,51442.0,Del0.8,0.76
X-1786,VIL1,7429.0,Del0.8,0.77
X-1786,VMA21,203547.0,Del0.8,0.78
X-1786,VPS36,51028.0,Del0.8,0.78
X-1786,VPS37A,137492.0,Del0.8,0.76
X-1786,VPS39,23339.0,MutNovel,"P201S,0.977"
X-1786,VPS4B,9525.0,Del0.8,0.75
X-1786,VSIG1,340547.0,Del0.8,0.76
X-1786,VSIG4,11326.0,Del0.8,0.76
X-1786,VWC2L,402117.0,Del0.8,0.77
X-1786,VWF,7450.0,MutNovel,"C1879R,0.636"
X-1786,VWF,7450.0,MutNovel,"G1874R,0.611"
X-1786,VWF,7450.0,MutNovel,"R1853Q,0.389"
X-1786,VWF,7450.0,MutNovel,"V1848M,0.370"
X-1786,VWF,7450.0,MutNovel,"P1790L,0.345"
X-1786,VWF,7450.0,MutNovel,"V1748A,0.308"
X-1786,WAS,7454.0,Del0.8,0.76
X-1786,WASH1,100287171.0,MutNovel,"T2S,0.400"
X-1786,WBP4,11193.0,Del0.8,0.76
X-1786,WBP5,51186.0,Del0.8,0.76
X-1786,WDFY1,57590.0,Del0.8,0.77
X-1786,WDFY2,115825.0,Del0.8,0.78
X-1786,WDPCP,51057.0,MutNovel,"I563V,0.610"
X-1786,WDR12,55759.0,Del0.8,0.77
X-1786,WDR13,64743.0,Del0.8,0.76
X-1786,WDR44,54521.0,Del0.8,0.74
X-1786,WDR45,11152.0,Del0.8,0.76
X-1786,WDR69,164781.0,Del0.8,0.77
X-1786,WDR7,23335.0,Del0.8,0.76
X-1786,WNK3,65267.0,Del0.8,0.76
X-1786,WNT10A,80326.0,Del0.8,0.77
X-1786,WNT11,7481.0,Amp5,6.36
X-1786,WNT6,7475.0,Del0.8,0.77
X-1786,WRN,7486.0,Del0.8,0.74
X-1786,WWC3,55841.0,Del0.8,0.74
X-1786,XAGE1A,653219.0,Del0.8,0.76
X-1786,XAGE1A,653219.0,Del0.8,0.76
X-1786,XAGE1C,653048.0,Del0.8,0.76
X-1786,XAGE1C,653048.0,Del0.8,0.76
X-1786,XAGE1E,,MutNovel,"K24N,1.000"
X-1786,XAGE2,9502.0,Del0.8,0.76
X-1786,XAGE2,9502.0,Del0.8,0.76
X-1786,XAGE3,170626.0,Del0.8,0.76
X-1786,XAGE5,170627.0,Del0.8,0.76
X-1786,XG,7499.0,Del0.8,0.74
X-1786,XGPY2,100132596.0,Del0.8,0.74
X-1786,XIAP,331.0,Del0.8,0.76
X-1786,XIST,7503.0,Del0.8,0.76
X-1786,XK,7504.0,Del0.8,0.76
X-1786,XKR5,389610.0,Del0.8,0.74
X-1786,XKR6,286046.0,Del0.8,0.77
X-1786,XKRX,402415.0,Del0.8,0.76
X-1786,XKRY2,353515.0,Del0.8,0.19
X-1786,XKRY2,353515.0,Del0.8,0.19
X-1786,XPNPEP2,7512.0,Del0.8,0.76
X-1786,XPO7,23039.0,Del0.8,0.76
X-1786,XRCC5,7520.0,Del0.8,0.77
X-1786,XRRA1,143570.0,Amp5,6.36
X-1786,YIPF6,286451.0,Del0.8,0.76
X-1786,YY2,404281.0,Del0.8,0.74
X-1786,ZADH2,284273.0,Del0.8,0.77
X-1786,ZBED1,9189.0,Del0.8,0.74
X-1786,ZBTB33,10009.0,Del0.8,0.74
X-1786,ZBTB7C,201501.0,Del0.8,0.78
X-1786,ZC3H12B,340554.0,Del0.8,0.76
X-1786,ZC3H13,23091.0,Del0.8,0.76
X-1786,ZC4H2,55906.0,Del0.8,0.76
X-1786,ZCCHC12,170261.0,Del0.8,0.74
X-1786,ZCCHC13,389874.0,Del0.8,0.76
X-1786,ZCCHC16,340595.0,Del0.8,0.76
X-1786,ZCCHC18,644353.0,Del0.8,0.76
X-1786,ZCCHC2,54877.0,Del0.8,0.78
X-1786,ZCCHC5,203430.0,Del0.8,0.75
X-1786,ZDBF2,57683.0,Del0.8,0.77
X-1786,ZDHHC15,158866.0,Del0.8,0.76
X-1786,ZDHHC2,51201.0,Del0.8,0.76
X-1786,ZDHHC9,51114.0,Del0.8,0.76
X-1786,ZFAND2B,130617.0,Del0.8,0.77
X-1786,ZFP92,139735.0,Del0.8,0.78
X-1786,ZFX,7543.0,Del0.8,0.74
X-1786,ZFY,7544.0,Del0.8,0.22
X-1786,ZGLP1,100125288.0,Amp5,7.06
X-1786,ZIC3,7547.0,Del0.8,0.76
X-1786,ZIC4,84107.0,MutNovel,"Q102R,0.915"
X-1786,ZMAT1,84460.0,Del0.8,0.76
X-1786,ZMYM3,9203.0,Del0.8,0.76
X-1786,ZMYM4,9202.0,MutNovel,"L1150H,0.380"
X-1786,ZNF142,7701.0,Del0.8,0.77
X-1786,ZNF157,7712.0,Del0.8,0.76
X-1786,ZNF16,7564.0,MutNovel,"T624M,0.433"
X-1786,ZNF182,7569.0,Del0.8,0.76
X-1786,ZNF185,7739.0,Del0.8,0.78
X-1786,ZNF221,7638.0,MutNovel,"Y478H,0.500"
X-1786,ZNF236,7776.0,Del0.8,0.77
X-1786,ZNF275,10838.0,Del0.8,0.78
X-1786,ZNF280C,55609.0,Del0.8,0.76
X-1786,ZNF395,55893.0,Del0.8,0.73
X-1786,ZNF407,55628.0,Del0.8,0.77
X-1786,ZNF41,7592.0,Del0.8,0.76
X-1786,ZNF429,353088.0,MutKnownFunctional,"S522*,0.229"
X-1786,ZNF449,203523.0,Del0.8,0.76
X-1786,ZNF516,9658.0,Del0.8,0.77
X-1786,ZNF529,57711.0,MutNovel,"A14V,0.376"
X-1786,ZNF532,55205.0,Del0.8,0.76
X-1786,ZNF598,90850.0,MutKnownFunctional,"L588*,1.000"
X-1786,ZNF606,80095.0,MutNovel,"M194V,0.617"
X-1786,ZNF630,57232.0,Del0.8,0.76
X-1786,ZNF645,158506.0,Del0.8,0.74
X-1786,ZNF673,55634.0,Del0.8,0.76
X-1786,ZNF674,641339.0,Del0.8,0.76
X-1786,ZNF705D,728957.0,Del0.8,0.72
X-1786,ZNF711,7552.0,Del0.8,0.75
X-1786,ZNF717,100131827.0,MutNovel,"Q114K,0.333"
X-1786,ZNF732,654254.0,MutNovel,"L100S,0.429"
X-1786,ZNF732,654254.0,MutNovel,"V77M,1.000"
X-1786,ZNF75D,7626.0,Del0.8,0.76
X-1786,ZNF772,400720.0,MutNovel,"A4GP,0.265"
X-1786,ZNF800,168850.0,MutKnownFunctional,"-146,0.540"
X-1786,ZNF81,347344.0,Del0.8,0.76
X-1786,ZNF880,400713.0,MutNovel,"R257Q,1.000"
X-1786,ZNHIT2,741.0,MutNovel,"Q16E,0.636"
X-1786,ZRSR2,8233.0,Del0.8,0.74
X-1786,ZXDA,7789.0,Del0.8,0.76
X-1786,ZXDB,158586.0,Del0.8,0.76
X-2263,ABCD1,215.0,MutNovel,"G92R,1.000"
X-2263,ABR,29.0,MutNovel,"P18T,1.000"
X-2263,ACBD5,91452.0,Amp5,5.62
X-2263,AKR1C2,1646.0,MutNovel,"R304Q,1.000"
X-2263,ALG11,440138.0,MutKnownFunctional,"-486,0.605"
X-2263,AMELY,266.0,Del0.8,0.43
X-2263,ANKDD1A,348094.0,MutKnownFunctional,"-414,0.500"
X-2263,ANKRD24,170961.0,MutNovel,"E807Q,1.000"
X-2263,ANKRD26,22852.0,Amp5,5.62
X-2263,ANKRD30A,91074.0,Amp5,7.16
X-2263,ANKRD36,375248.0,MutNovel,"T998S,0.216"
X-2263,ANKRD36,375248.0,MutNovel,"D1014Y,0.227"
X-2263,APPL1,26060.0,MutNovel,"V233A,0.468"
X-2263,ARHGAP12,94134.0,Amp5,6.87
X-2263,ARHGAP23,57636.0,Amp8,8.51
X-2263,B3GALT5,10317.0,MutNovel,"R73C,1.000"
X-2263,BAI2,576.0,MutNovel,"T324M,1.000"
X-2263,BCORP1,286554.0,Del0.8,0.41
X-2263,BPY2B,442867.0,Del0.8,0.24
X-2263,BPY2B,442867.0,Del0.8,0.24
X-2263,BRAT1,221927.0,MutNovel,"M775I,0.244"
X-2263,BRD7,29117.0,MutNovel,"M584V,0.478"
X-2263,BRD9,65980.0,MutNovel,"A20V,0.366"
X-2263,C10orf68,79741.0,Amp5,6.87
X-2263,C14orf169,79697.0,MutNovel,"A187G,1.000"
X-2263,C17orf96,100170841.0,Amp8,8.51
X-2263,C21orf58,54058.0,MutNovel,"H299PN,0.589"
X-2263,CALD1,800.0,MutNovel,"RE318R,0.600"
X-2263,CASZ1,54897.0,MutNovel,"R1600S,1.000"
X-2263,CBWD6,644019.0,MutKnownFunctional,"-259?,1.000"
X-2263,CCDC7,221016.0,Amp5,6.87
X-2263,CCNY,219771.0,Amp5,7.16
X-2263,CDHR5,53841.0,MutNovel,"A595T,0.600"
X-2263,CDHR5,53841.0,MutNovel,"S585G,0.429"
X-2263,CDK12,51755.0,Amp5,7.62
X-2263,CDY1B,253175.0,Del0.8,0.24
X-2263,CDY1B,253175.0,Del0.8,0.24
X-2263,CDY2A,9426.0,Del0.8,0.23
X-2263,CDY2A,9426.0,Del0.8,0.23
X-2263,CDY2B,203611.0,Del0.8,0.23
X-2263,CDY2B,203611.0,Del0.8,0.23
X-2263,CHST15,51363.0,MutKnownFunctional,"-456,0.700"
X-2263,CISD3,284106.0,Amp8,8.51
X-2263,COL8A2,1296.0,MutNovel,"P521S,1.000"
X-2263,CREM,1390.0,Amp5,7.16
X-2263,CSF3,1440.0,Amp8,22.94
X-2263,CSPG4P1Y,114758.0,Del0.8,0.24
X-2263,CSPG4P1Y,114758.0,Del0.8,0.24
X-2263,CUL2,8453.0,Amp5,7.16
X-2263,CXorf30,645090.0,MutNovel,"F371Y,1.000"
X-2263,DAZ1,1617.0,Del0.8,0.24
X-2263,DAZ2,57055.0,Del0.8,0.24
X-2263,DAZ3,57054.0,Del0.8,0.24
X-2263,DAZ3,57054.0,Del0.8,0.24
X-2263,DAZ4,57135.0,Del0.8,0.24
X-2263,DAZ4,57135.0,Del0.8,0.24
X-2263,DDB1,1642.0,MutNovel,"S428F,0.544"
X-2263,DDTL,100037417.0,MutNovel,"N9S,0.231"
X-2263,DDTL,100037417.0,MutNovel,"N13S,0.385"
X-2263,DDTL,100037417.0,MutNovel,"K21R,0.353"
X-2263,DDTL,100037417.0,MutNovel,"K21R,0.353"
X-2263,DDX3Y,8653.0,Del0.8,0.42
X-2263,DIS3,22894.0,MutNovel,"D488N,0.704"
X-2263,DMTF1,9988.0,MutNovel,"TE651T,0.430"
X-2263,DNAJB13,374407.0,MutNovel,"R222H,0.541"
X-2263,DOCK7,85440.0,MutNovel,"S1572F,1.000"
X-2263,DSCR3,10311.0,MutNovel,"G220R,0.573"
X-2263,EIF1AY,9086.0,Del0.8,0.41
X-2263,EPC1,80314.0,Amp5,6.87
X-2263,ERBB2,2064.0,Amp8,15.89
X-2263,ETS1,2113.0,MutNovel,"P194L,0.438"
X-2263,FAAH2,158584.0,MutNovel,"V527F,1.000"
X-2263,FAM132B,,MutNovel,"R307C,0.690"
X-2263,FAM153A,285596.0,MutNovel,"C44R,1.000"
X-2263,FAM197Y2P,252946.0,Del0.8,0.43
X-2263,FAM41AY1,340618.0,Del0.8,0.23
X-2263,FAM41AY1,340618.0,Del0.8,0.23
X-2263,FAM90A1,55138.0,MutKnownFunctional,"-21,0.800"
X-2263,FAT2,2196.0,MutNovel,"D2839E,1.000"
X-2263,FLNA,2316.0,MutNovel,"L2538V,0.994"
X-2263,FZD8,8325.0,Amp5,7.16
X-2263,GAGE12I,,MutNovel,"Y9C,1.000"
X-2263,GAGE12I,,MutNovel,"R13S,1.000"
X-2263,GAGE12I,,MutNovel,"R28Q,1.000"
X-2263,GIGYF2,26058.0,MutNovel,"PQ1231P,0.477"
X-2263,GJD4,219770.0,Amp5,7.16
X-2263,GOLGA2P2Y,84559.0,Del0.8,0.24
X-2263,GOLGA2P2Y,84559.0,Del0.8,0.24
X-2263,GP1BA,2811.0,MutNovel,"V485I,1.000"
X-2263,GPR179,440435.0,Amp8,8.51
X-2263,GRB7,2886.0,Amp8,22.94
X-2263,GSDMA,284110.0,Amp8,22.94
X-2263,GSDMB,55876.0,Amp8,22.94
X-2263,GSTT2B,,MutKnownFunctional,"R196*,0.600"
X-2263,GTF3C2,2976.0,MutNovel,"Y667F,0.683"
X-2263,GYG2P1,352887.0,Del0.8,0.42
X-2263,HGC6.3,100128124.0,MutNovel,"P94Q,0.667"
X-2263,HGC6.3,100128124.0,MutNovel,"V90A,0.667"
X-2263,HGC6.3,100128124.0,MutNovel,"Q52P,0.273"
X-2263,HIST2H2AA3,,MutNovel,"A127V,0.889"
X-2263,HIST2H2AB,317772.0,MutNovel,"K119R,0.214"
X-2263,HIST2H2AB,317772.0,MutNovel,"N111D,0.375"
X-2263,HLA-DRB1,3123.0,MutNovel,"Y89P,0.750"
X-2263,HSFY2,159119.0,Del0.8,0.23
X-2263,HSFY2,159119.0,Del0.8,0.23
X-2263,IDE,3416.0,MutNovel,"R402C,0.344"
X-2263,IFT20,90410.0,Amp8,8.22
X-2263,IKZF3,22806.0,Amp8,22.94
X-2263,INTU,27152.0,MutNovel,"I676V,0.340"
X-2263,ITGB1,3688.0,Amp5,6.87
X-2263,ITGB6,3694.0,MutNovel,"L65F,0.410"
X-2263,ITPRIPL2,162073.0,MutNovel,"FS87F,0.571"
X-2263,KAZN,23254.0,MutNovel,"V191I,0.512"
X-2263,KDM4A,9682.0,MutNovel,"G503V,1.000"
X-2263,KDM5D,8284.0,Del0.8,0.41
X-2263,KDM6B,23135.0,MutNovel,"V751VT,0.344"
X-2263,KIF5B,3799.0,Amp5,6.87
X-2263,KREMEN2,79412.0,MutNovel,"L17R,0.595"
X-2263,KRT13,3860.0,MutNovel,"N233K,0.417"
X-2263,KRT14,3861.0,MutNovel,"R153W,0.714"
X-2263,LILRA3,11026.0,MutNovel,"T409S,1.000"
X-2263,LIMS3-LOC440895,100271835.0,Amp5,5.03
X-2263,LINC00202,387644.0,Amp5,5.62
X-2263,LMNA,4000.0,MutNovel,"G592R,0.999"
X-2263,LOC100132247,100132247.0,MutNovel,"V1103A,0.750"
X-2263,LOC100505583,100505583.0,Amp5,7.16
X-2263,LOC100507334,100507334.0,Amp5,5.03
X-2263,LOC100996274,,MutNovel,"W23C,0.667"
X-2263,LOC100996433,,MutNovel,"S55C,0.259"
X-2263,LOC100996433,,MutNovel,"R94C,0.231"
X-2263,LOC100996433,,MutNovel,"R213G,0.500"
X-2263,LOC100996433,,MutNovel,"R253C,0.385"
X-2263,LOC151009,151009.0,Amp5,5.03
X-2263,LOC401180,,MutNovel,"-133G,0.444"
X-2263,LOC642441,,MutNovel,"L209S,0.303"
X-2263,LOC643669,643669.0,MutNovel,"K253-,1.000"
X-2263,LOC730256,,MutNovel,"R182I,1.000"
X-2263,LOC732265,,MutKnownFunctional,"-2,0.545"
X-2263,LONRF2,164832.0,MutNovel,"V167M,0.583"
X-2263,LRIG1,26018.0,MutNovel,"S998G,0.596"
X-2263,LRRC3C,100505591.0,Amp8,22.94
X-2263,LYZL2,119180.0,Amp5,5.74
X-2263,MAP1S,55201.0,MutNovel,"R523Q,0.705"
X-2263,MAP3K4,4216.0,MutNovel,"PA1189P,0.647"
X-2263,MAP3K8,1326.0,Amp5,5.74
X-2263,MASTL,84930.0,Amp5,5.62
X-2263,MBD4,8930.0,MutNovel,"V499A,0.255"
X-2263,MED24,9862.0,MutNovel,"D20Y,1.000"
X-2263,MED24,9862.0,Amp8,22.94
X-2263,MEF2A,4205.0,MutNovel,"QQ412-,0.233"
X-2263,MEGF8,1954.0,MutNovel,"V2161M,1.000"
X-2263,MIEN1,84299.0,Amp8,22.94
X-2263,MIR4723,100616388.0,Amp8,8.22
X-2263,MIR4726,100616153.0,Amp8,8.51
X-2263,MIR4728,100616132.0,Amp8,22.94
X-2263,MIR4734,100616203.0,Amp8,8.51
X-2263,MIR943,100126332.0,Del0.8,0.71
X-2263,MKX,283078.0,Amp5,5.62
X-2263,MLLT6,4302.0,Amp8,8.51
X-2263,MPRIP,23164.0,MutNovel,"TSS178T,0.593"
X-2263,MRPL45,84311.0,Amp8,8.51
X-2263,MTPAP,55149.0,Amp5,5.74
X-2263,MUC4,4585.0,MutNovel,"V4131L,0.691"
X-2263,MUC4,4585.0,MutNovel,"Q4125H,0.275"
X-2263,MUC4,4585.0,MutNovel,"P4050T,0.877"
X-2263,MUC4,4585.0,MutNovel,"A3321S,0.400"
X-2263,MUC4,4585.0,MutNovel,"L2738P,1.000"
X-2263,MUC4,4585.0,MutNovel,"S1991P,0.870"
X-2263,MUC4,4585.0,MutNovel,"P1760S,0.630"
X-2263,MUC4,4585.0,MutNovel,"Q1757H,0.529"
X-2263,MUC4,4585.0,MutNovel,"A1657V,0.286"
X-2263,MUC6,4588.0,MutNovel,"L1673R,0.833"
X-2263,MXRA5,25878.0,MutNovel,"K1611E,1.000"
X-2263,MYH4,4622.0,MutNovel,"E510V,1.000"
X-2263,MYO5C,55930.0,MutNovel,"N343K,0.423"
X-2263,NAA25,80018.0,MutNovel,"N573S,0.500"
X-2263,NAGS,162417.0,MutNovel,"R11G,1.000"
X-2263,NBPF10,100132406.0,MutNovel,"C3092S,1.000"
X-2263,NBPF14,25832.0,MutNovel,"S524G,0.500"
X-2263,NBPF9,400818.0,MutNovel,"R97G,0.750"
X-2263,NCOA3,8202.0,MutNovel,"Q1255-,0.206"
X-2263,NCOR2,9612.0,MutNovel,"G1839GAAA,0.415"
X-2263,NCRNA00185,55410.0,Del0.8,0.41
X-2263,NEIL1,79661.0,MutNovel,"A34S,0.636"
X-2263,NEUROD2,4761.0,Amp5,7.62
X-2263,NFE2L3,9603.0,MutNovel,"A149V,0.500"
X-2263,NLGN4Y,22829.0,Del0.8,0.42
X-2263,NPIPL3,23117.0,MutNovel,"R1004Q,0.250"
X-2263,NR1D1,9572.0,Amp8,22.94
X-2263,NRP1,8829.0,Amp5,6.87
X-2263,NXF2,56001.0,Del0.8,0.73
X-2263,NXF2B,728343.0,Del0.8,0.73
X-2263,OBSCN,84033.0,MutNovel,"D878N,0.278"
X-2263,OR2A42,402317.0,Amp5,5.98
X-2263,OR2A9P,441295.0,Amp5,5.98
X-2263,ORAI1,84876.0,MutNovel,"PP43-,0.935"
X-2263,ORMDL3,94103.0,Amp8,22.94
X-2263,PABPC3,5042.0,MutNovel,"Y377H,1.000"
X-2263,PARD3,56288.0,Amp5,7.16
X-2263,PCDH11Y,83259.0,Del0.8,0.43
X-2263,PCDHA3,56145.0,MutNovel,"V698M,1.000"
X-2263,PCGF2,7703.0,Amp8,8.51
X-2263,PGAP3,93210.0,Amp5,7.62
X-2263,PHF14,9678.0,MutNovel,"K860N,0.220"
X-2263,PHLDA1,22822.0,MutNovel,"QQ194Q,0.515"
X-2263,PIP4K2B,8396.0,Amp8,8.46
X-2263,PLEKHM1,9842.0,MutNovel,"Y349H,0.209"
X-2263,PLXNB3,5365.0,MutNovel,"A305T,1.000"
X-2263,PNMT,5409.0,Amp5,7.62
X-2263,POLDIP2,26073.0,Amp8,8.22
X-2263,POM121,9883.0,MutNovel,"Y756H,0.492"
X-2263,POTEF,728378.0,MutNovel,"H896R,1.000"
X-2263,POTEF,728378.0,MutNovel,"Q169K,1.000"
X-2263,POTEI,,MutNovel,"I803M,1.000"
X-2263,POTEJ,,MutNovel,"I738L,0.750"
X-2263,PPIAL4A,,MutNovel,"D75G,1.000"
X-2263,PPP1R1B,84152.0,Amp5,7.62
X-2263,PPP1R37,284352.0,MutNovel,"N671T,0.523"
X-2263,PREX1,57580.0,MutNovel,"S682A,0.460"
X-2263,PRKY,5616.0,Del0.8,0.43
X-2263,PRR15,222171.0,MutNovel,"R101S,0.542"
X-2263,PRY,9081.0,Del0.8,0.41
X-2263,PRY,9081.0,Del0.8,0.24
X-2263,PRY2,442862.0,Del0.8,0.41
X-2263,PRY2,442862.0,Del0.8,0.24
X-2263,PSMB3,5691.0,Amp8,8.51
X-2263,PSMD3,5709.0,Amp8,22.94
X-2263,PTCHD3,374308.0,Amp5,5.62
X-2263,PTGFRN,5738.0,MutNovel,"R624Q,1.000"
X-2263,RAB18,22931.0,Amp5,5.62
X-2263,RAB4A,5867.0,MutNovel,"L175H,0.771"
X-2263,RBMY1A3P,286557.0,Del0.8,0.43
X-2263,RBMY1B,378948.0,Del0.8,0.41
X-2263,RBMY1B,378948.0,Del0.8,0.41
X-2263,RBMY1E,378950.0,Del0.8,0.41
X-2263,RBMY1E,378950.0,Del0.8,0.41
X-2263,RBMY1F,159163.0,Del0.8,0.31
X-2263,RBMY1F,159163.0,Del0.8,0.41
X-2263,RBMY1J,378951.0,Del0.8,0.41
X-2263,RBMY1J,378951.0,Del0.8,0.24
X-2263,RBMY2EP,159125.0,Del0.8,0.41
X-2263,RBMY2FP,159162.0,Del0.8,0.41
X-2263,RBMY3AP,64593.0,Del0.8,0.42
X-2263,RERE,473.0,MutNovel,"R17RTG,0.489"
X-2263,REXO4,57109.0,MutNovel,"V17A,0.529"
X-2263,RIN3,79890.0,MutNovel,"G967-,0.625"
X-2263,RLIM,51132.0,MutNovel,"E498G,1.000"
X-2263,RNF223,401934.0,MutNovel,"P214L,0.750"
X-2263,RPS4Y1,6192.0,Del0.8,0.43
X-2263,RPS4Y2,140032.0,Del0.8,0.41
X-2263,RPSAP58,388524.0,Amp5,5.78
X-2263,RSPH10B2,728194.0,MutNovel,"C533F,1.000"
X-2263,SARM1,23098.0,Amp8,8.22
X-2263,SCARNA22,677770.0,Del0.8,0.71
X-2263,SEBOX,645832.0,Amp8,8.22
X-2263,SERINC2,347735.0,MutNovel,"-373Q,0.681"
X-2263,SH3TC1,54436.0,MutNovel,"S1224L,0.833"
X-2263,SLC24A1,9187.0,MutNovel,"G812D,0.280"
X-2263,SLC28A1,9154.0,MutNovel,"L140LV,0.552"
X-2263,SLC29A4,222962.0,MutNovel,"A52P,0.579"
X-2263,SLC41A3,54946.0,MutNovel,"S473F,0.221"
X-2263,SLC46A1,113235.0,Amp8,8.22
X-2263,SLIT2,9353.0,Del0.8,0.73
X-2263,SLIT2-IT1,100505893.0,Del0.8,0.73
X-2263,SMARCC1,6599.0,MutNovel,"L367V,0.502"
X-2263,SNAPC4,6621.0,MutNovel,"S542-,0.610"
X-2263,SNORD124,100113390.0,Amp8,22.94
X-2263,SOCS7,30837.0,Amp8,8.51
X-2263,SPATA20,64847.0,MutNovel,"P101S,1.000"
X-2263,SRCIN1,80725.0,Amp8,8.51
X-2263,SRY,6736.0,Del0.8,0.43
X-2263,STARD3,10948.0,Amp5,7.62
X-2263,STOX1,219736.0,MutNovel,"R318C,0.500"
X-2263,STX16,8675.0,MutNovel,"K297-,0.474"
X-2263,TBC1D3C,414060.0,MutNovel,"P358Q,1.000"
X-2263,TBC1D3G,654341.0,MutNovel,"P358Q,1.000"
X-2263,TBC1D8B,54885.0,MutNovel,"S722P,1.000"
X-2263,TBL1Y,90665.0,Del0.8,0.43
X-2263,TBP,6908.0,MutNovel,"-64Q,0.231"
X-2263,TCAP,8557.0,Amp5,7.62
X-2263,TCEAL3,85012.0,MutNovel,"R179L,1.000"
X-2263,TCP11L1,55346.0,MutNovel,"A173V,0.545"
X-2263,TEKT4,150483.0,MutNovel,"D286N,0.750"
X-2263,TEKT4,150483.0,MutNovel,"Y304H,1.000"
X-2263,TEKT4,150483.0,MutNovel,"L306M,1.000"
X-2263,TGIF2LY,90655.0,Del0.8,0.43
X-2263,THRA,7067.0,Amp8,22.94
X-2263,TLK2,11011.0,MutNovel,"R262Q,0.215"
X-2263,TMEM199,147007.0,Amp8,8.22
X-2263,TMSB4Y,9087.0,Del0.8,0.42
X-2263,TNFAIP1,7126.0,Amp8,8.22
X-2263,TNNT1,7138.0,MutNovel,"R189H,0.999"
X-2263,TNRC6C,57690.0,MutNovel,"G254S,0.714"
X-2263,TP53,7157.0,MutLikelyFunctional,"H179R,1.000"
X-2263,TRIM16L,147166.0,MutNovel,"I134V,0.241"
X-2263,TRIM41,90933.0,MutNovel,"R468C,1.000"
X-2263,TSPY1,7258.0,Del0.8,0.43
X-2263,TSPY2,64591.0,Del0.8,0.43
X-2263,TSPY3,728137.0,Del0.8,0.43
X-2263,TSPY4,728395.0,Del0.8,0.43
X-2263,TSPY8,728403.0,Del0.8,0.43
X-2263,TSPYL1,7259.0,MutNovel,"V176VW,0.870"
X-2263,TTTY10,246119.0,Del0.8,0.41
X-2263,TTTY11,83866.0,Del0.8,0.43
X-2263,TTTY12,83867.0,Del0.8,0.43
X-2263,TTTY13,83868.0,Del0.8,0.41
X-2263,TTTY14,83869.0,Del0.8,0.41
X-2263,TTTY15,64595.0,Del0.8,0.42
X-2263,TTTY16,252948.0,Del0.8,0.43
X-2263,TTTY17A,252949.0,Del0.8,0.24
X-2263,TTTY17A,252949.0,Del0.8,0.24
X-2263,TTTY18,252950.0,Del0.8,0.43
X-2263,TTTY19,252952.0,Del0.8,0.43
X-2263,TTTY1B,100101116.0,Del0.8,0.42
X-2263,TTTY1B,100101116.0,Del0.8,0.43
X-2263,TTTY2,60439.0,Del0.8,0.42
X-2263,TTTY2,60439.0,Del0.8,0.43
X-2263,TTTY20,252951.0,Del0.8,0.43
X-2263,TTTY21,252953.0,Del0.8,0.42
X-2263,TTTY21,252953.0,Del0.8,0.43
X-2263,TTTY22,252954.0,Del0.8,0.42
X-2263,TTTY23,252955.0,Del0.8,0.42
X-2263,TTTY23,252955.0,Del0.8,0.43
X-2263,TTTY3,114760.0,Del0.8,0.24
X-2263,TTTY3,114760.0,Del0.8,0.24
X-2263,TTTY4,114761.0,Del0.8,0.24
X-2263,TTTY4,114761.0,Del0.8,0.24
X-2263,TTTY5,83863.0,Del0.8,0.41
X-2263,TTTY6,84672.0,Del0.8,0.41
X-2263,TTTY6,84672.0,Del0.8,0.24
X-2263,TTTY7,246122.0,Del0.8,0.42
X-2263,TTTY7,246122.0,Del0.8,0.43
X-2263,TTTY7B,100101120.0,Del0.8,0.42
X-2263,TTTY7B,100101120.0,Del0.8,0.43
X-2263,TTTY8,84673.0,Del0.8,0.43
X-2263,TTTY8,84673.0,Del0.8,0.42
X-2263,TTTY9A,83864.0,Del0.8,0.23
X-2263,TTTY9A,83864.0,Del0.8,0.23
X-2263,TXLNG2P,246126.0,Del0.8,0.41
X-2263,TXNRD3,114112.0,MutNovel,"R261S,0.289"
X-2263,UNC5B,219699.0,MutNovel,"V441M,0.473"
X-2263,USP36,57602.0,MutNovel,"KKK958K,0.846"
X-2263,USP40,55230.0,MutNovel,"A521P,0.216"
X-2263,USP9Y,8287.0,Del0.8,0.42
X-2263,UTY,7404.0,Del0.8,0.42
X-2263,VCY,9084.0,Del0.8,0.42
X-2263,VCY,9084.0,Del0.8,0.42
X-2263,VTN,7448.0,Amp8,8.22
X-2263,VWF,7450.0,MutNovel,"C1879R,1.000"
X-2263,VWF,7450.0,MutNovel,"G1874R,1.000"
X-2263,XKRY2,353515.0,Del0.8,0.23
X-2263,XKRY2,353515.0,Del0.8,0.23
X-2263,YME1L1,10730.0,Amp5,5.62
X-2263,ZDHHC11,79844.0,MutNovel,"A303D,0.231"
X-2263,ZEB1,6935.0,Amp5,5.66
X-2263,ZEB1-AS1,220930.0,Amp5,5.66
X-2263,ZFY,7544.0,Del0.8,0.43
X-2263,ZKSCAN1,7586.0,MutNovel,"P196T,0.448"
X-2263,ZNF154,7710.0,MutNovel,"L38P,0.571"
X-2263,ZNF154,7710.0,MutNovel,"W25R,0.500"
X-2263,ZNF180,7733.0,MutNovel,"E51G,1.000"
X-2263,ZNF254,9534.0,Amp5,5.78
X-2263,ZNF546,339327.0,MutNovel,"F282L,0.231"
X-2263,ZNF551,90233.0,MutNovel,"Y38C,0.375"
X-2263,ZNF551,90233.0,MutNovel,"Y207C,0.429"
X-2263,ZNF675,171392.0,Amp5,5.78
X-2263,ZNF678,339500.0,MutNovel,"I173L,0.800"
X-2263,ZNF681,148213.0,Amp5,5.78
X-2263,ZNF726,730087.0,Amp5,5.78
X-2263,ZNF787,126208.0,MutNovel,"I318V,0.994"
X-2263,ZNRF2,223082.0,MutNovel,"D123DG,0.378"
X-2263,ZNRF3,84133.0,MutNovel,"A897V,0.955"
X-2263,ZPBP2,124626.0,Amp8,22.94
X-2458,ABI1,10006.0,MutNovel,"Q234E,0.509"
X-2458,ADH5,128.0,MutNovel,"G17E,1.000"
X-2458,ADNP2,22850.0,Del0.8,0.7
X-2458,AGAP4,119016.0,MutNovel,"S363I,0.292"
X-2458,AKAP3,10566.0,MutNovel,"R831C,0.857"
X-2458,AKAP9,10142.0,MutNovel,"E3552Q,0.337"
X-2458,ALG8,79053.0,MutNovel,"Y487C,0.649"
X-2458,AMD1,262.0,Amp8,10.7
X-2458,AMELY,266.0,Del0.8,0.31
X-2458,ANKRD16,54522.0,Amp5,6.63
X-2458,ANKS3,124401.0,MutNovel,"SS334S,0.588"
X-2458,APC,324.0,MutNovel,"E1317Q,0.522"
X-2458,AQP12A,375318.0,MutNovel,"A158T,0.235"
X-2458,AQP12B,653437.0,MutNovel,"A170T,0.273"
X-2458,AQP12B,653437.0,MutNovel,"T129M,0.990"
X-2458,AQP5,362.0,MutNovel,"E254K,0.799"
X-2458,ARHGEF2,9181.0,MutKnownFunctional,"-1,0.388"
X-2458,ARHGEF5,7984.0,MutNovel,"G288R,0.429"
X-2458,ARMCX4,100131755.0,MutNovel,"A1654D,1.000"
X-2458,ART5,116969.0,MutNovel,"-25P,0.929"
X-2458,ASB13,79754.0,Amp5,6.63
X-2458,ATP10A,57194.0,MutNovel,"V1140L,1.000"
X-2458,ATP13A1,57130.0,MutNovel,"L827P,0.452"
X-2458,ATP2B3,492.0,MutNovel,"T196M,0.375"
X-2458,ATP6V0A2,23545.0,MutNovel,"G350S,0.433"
X-2458,B3GNT2,10678.0,MutNovel,"T185K,0.694"
X-2458,BCORP1,286554.0,Del0.8,0.31
X-2458,BPY2B,442867.0,Del0.8,0.31
X-2458,BPY2B,442867.0,Del0.8,0.31
X-2458,C14orf80,283643.0,MutNovel,"S32L,0.529"
X-2458,C16orf95,100506581.0,MutNovel,"C131Y,1.000"
X-2458,C1QL3,389941.0,Amp5,5.03
X-2458,C1QTNF9B,387911.0,MutNovel,"M301V,1.000"
X-2458,C1orf51,148523.0,MutNovel,"G91R,0.332"
X-2458,C7orf59,389541.0,MutNovel,"A4V,0.221"
X-2458,C8orf47,203111.0,MutNovel,"G99R,0.727"
X-2458,CBWD6,644019.0,MutKnownFunctional,"-259?,0.269"
X-2458,CCDC112,153733.0,MutNovel,"P509R,0.559"
X-2458,CCDC162P,221262.0,Amp5,5.06
X-2458,CD164,8763.0,Amp5,5.06
X-2458,CDC40,51362.0,Amp8,10.7
X-2458,CDC42EP1,11135.0,MutNovel,"PAPAANPS253P,0.263"
X-2458,CDK19,23097.0,Amp8,10.7
X-2458,CDY1B,253175.0,Del0.8,0.31
X-2458,CDY1B,253175.0,Del0.8,0.31
X-2458,CDY2A,9426.0,Del0.8,0.31
X-2458,CDY2A,9426.0,Del0.8,0.31
X-2458,CDY2B,203611.0,Del0.8,0.31
X-2458,CDY2B,203611.0,Del0.8,0.31
X-2458,CEP57L1,285753.0,Amp5,5.06
X-2458,CFHR1,3078.0,Amp5,6.19
X-2458,CFHR3,10878.0,Amp5,6.19
X-2458,CHST15,51363.0,MutKnownFunctional,"-456,0.633"
X-2458,CP,1356.0,MutNovel,"R668G,0.220"
X-2458,CRIPAK,285464.0,MutNovel,"V164A,0.800"
X-2458,CROCCP2,84809.0,Del0.8,0.73
X-2458,CSPG4P1Y,114758.0,Del0.8,0.31
X-2458,CSPG4P1Y,114758.0,Del0.8,0.31
X-2458,CTAGE4,100128553.0,Amp5,5.9
X-2458,CTAGE5,4253.0,MutNovel,"T544A,0.512"
X-2458,CTDSPL,10217.0,Del0.8,0.69
X-2458,CTSA,5476.0,MutNovel,"L29-,0.365"
X-2458,DAZ1,1617.0,Del0.8,0.31
X-2458,DAZ2,57055.0,Del0.8,0.31
X-2458,DAZ3,57054.0,Del0.8,0.31
X-2458,DAZ3,57054.0,Del0.8,0.31
X-2458,DAZ4,57135.0,Del0.8,0.31
X-2458,DAZ4,57135.0,Del0.8,0.31
X-2458,DDN,23109.0,MutNovel,"S516N,1.000"
X-2458,DDO,8528.0,Amp8,10.7
X-2458,DDX3Y,8653.0,Del0.8,0.31
X-2458,DEFB104B,503618.0,Del0.8,0.59
X-2458,DEFB106B,503841.0,Del0.8,0.79
X-2458,DENND2D,79961.0,MutNovel,"L264R,0.490"
X-2458,DNAH5,1767.0,MutNovel,"R196C,0.575"
X-2458,DNER,92737.0,MutNovel,"G462E,0.229"
X-2458,DTWD2,285605.0,MutNovel,"Q199E,0.474"
X-2458,EEF1DP3,196549.0,Del0.8,0.62
X-2458,EIF1AY,9086.0,Del0.8,0.31
X-2458,EIF4A2,1974.0,MutNovel,"L344M,0.666"
X-2458,ESPNP,284729.0,Del0.8,0.55
X-2458,ESYT1,23344.0,MutNovel,"S841F,0.479"
X-2458,EXOC2,55770.0,Amp5,5.86
X-2458,FAM111A,63901.0,MutKnownFunctional,"-261ADT?,0.250"
X-2458,FAM171A1,221061.0,Amp5,6.59
X-2458,FAM171B,165215.0,MutNovel,"-50Q,0.353"
X-2458,FAM188A,80013.0,Amp5,5.03
X-2458,FAM197Y2P,252946.0,Del0.8,0.31
X-2458,FAM208B,54906.0,Amp5,6.63
X-2458,FAM41AY1,340618.0,Del0.8,0.31
X-2458,FAM41AY1,340618.0,Del0.8,0.31
X-2458,FAM86B2,653333.0,MutNovel,"T86M,0.391"
X-2458,FASTKD3,79072.0,MutNovel,"II239I,0.441"
X-2458,FBXO18,84893.0,Amp5,6.63
X-2458,FNBP4,23360.0,MutNovel,"L558P,0.441"
X-2458,FRMD4A,55691.0,Amp5,6.63
X-2458,GDI2,2665.0,Amp5,6.63
X-2458,GOLGA2P2Y,84559.0,Del0.8,0.31
X-2458,GOLGA2P2Y,84559.0,Del0.8,0.31
X-2458,GOLGA8H,,MutNovel,"C459R,0.341"
X-2458,GPLD1,2822.0,MutKnownFunctional,"-814,0.314"
X-2458,GPR161,23432.0,MutKnownFunctional,"-18?,0.882"
X-2458,GPRIN2,9721.0,MutNovel,"-238MRE,0.467"
X-2458,GSTM2P1,442245.0,Amp5,6.82
X-2458,GTF3C6,112495.0,Amp5,6.82
X-2458,GYG2P1,352887.0,Del0.8,0.31
X-2458,HCFC1,3054.0,MutNovel,"T1525I,0.780"
X-2458,HECTD3,79654.0,MutNovel,"P427H,0.533"
X-2458,HIF1AN,55662.0,MutNovel,"A8P,0.214"
X-2458,HIST2H2AB,317772.0,MutNovel,"K119R,0.429"
X-2458,HLA-C,3107.0,MutNovel,"T187M,0.379"
X-2458,HLA-DRB1,3123.0,MutNovel,"T210M,1.000"
X-2458,HLA-G,3135.0,MutNovel,"EE85DQ,1.000"
X-2458,HLA-G,3135.0,MutNovel,"T91M,0.967"
X-2458,HLA-G,3135.0,MutNovel,"EQ138DE,1.000"
X-2458,HLA-G,3135.0,MutNovel,"Y140A,1.000"
X-2458,HLA-G,3135.0,MutNovel,"I237N,0.333"
X-2458,HLA-G,3135.0,MutNovel,"L303Q,1.000"
X-2458,HLA-G,3135.0,MutNovel,"D338G,1.000"
X-2458,HLA-G,3135.0,MutNovel,"D338G,1.000"
X-2458,HP1BP3,50809.0,MutNovel,"T529I,1.000"
X-2458,HSFY2,159119.0,Del0.8,0.31
X-2458,HSFY2,159119.0,Del0.8,0.31
X-2458,HUS1B,135458.0,Amp5,5.86
X-2458,IGFBP2,3485.0,MutNovel,"L17LLPP,0.350"
X-2458,IL15RA,3601.0,Amp5,6.63
X-2458,IL2RA,3559.0,Amp8,9.38
X-2458,IL6ST,3572.0,Del0.8,0.55
X-2458,ITGA8,8516.0,Amp5,5.03
X-2458,ITGB4,3691.0,MutNovel,"R1574Q,1.000"
X-2458,KCNH2,3757.0,MutNovel,"D896E,0.274"
X-2458,KDM5D,8284.0,Del0.8,0.31
X-2458,KIAA0355,9710.0,MutKnownFunctional,"-943,0.347"
X-2458,KLHL20,27252.0,MutNovel,"A175G,0.338"
X-2458,KRT7,3855.0,MutNovel,"D367Y,0.460"
X-2458,LCE3B,353143.0,Del0.8,0.38
X-2458,LCE3C,353144.0,Del0.8,0.23
X-2458,LGALS9B,284194.0,MutNovel,"D48N,1.000"
X-2458,LGALS9B,284194.0,MutNovel,"A36T,1.000"
X-2458,LINC00226,338004.0,Amp5,6.73
X-2458,LOC100129480,100129480.0,MutNovel,"V83A,1.000"
X-2458,LOC100192204,100192204.0,Amp8,8.63
X-2458,LOC100653168,,MutNovel,"L373V,0.700"
X-2458,LOC100653168,,MutNovel,"S272A,0.714"
X-2458,LOC100996439,,MutNovel,"R433G,0.800"
X-2458,LOC285441,285441.0,Del0.8,0.6
X-2458,LOC399715,399715.0,Amp5,6.63
X-2458,LOC554223,554223.0,MutNovel,"Q96E,0.556"
X-2458,LOC554223,554223.0,MutNovel,"L135F,1.000"
X-2458,LOC728377,728377.0,Amp5,5.9
X-2458,LOC730268,,MutKnownFunctional,"R61*,0.600"
X-2458,LRRC31,79782.0,MutNovel,"A101V,0.667"
X-2458,MAN2A2,4122.0,MutNovel,"A634V,0.993"
X-2458,MAOB,4129.0,MutNovel,"VKQCG189G,0.945"
X-2458,MAP3K1,4214.0,MutNovel,"R1121T,1.000"
X-2458,MAP3K4,4216.0,MutNovel,"PA1189P,0.636"
X-2458,MBD2,8932.0,MutNovel,"E125D,0.460"
X-2458,MED14,9282.0,MutNovel,"N8S,1.000"
X-2458,MICAL1,64780.0,Amp5,5.06
X-2458,MIR3155A,100422989.0,Amp8,9.38
X-2458,MIR3155B,100628560.0,Amp8,9.38
X-2458,MIR586,693171.0,Amp5,6.02
X-2458,MLL4,9757.0,MutNovel,"P1108L,0.500"
X-2458,MLYCD,23417.0,MutNovel,"R11G,1.000"
X-2458,MORC3,23515.0,MutNovel,"D722G,0.579"
X-2458,MPRIP,23164.0,MutNovel,"TS178T,0.480"
X-2458,MST1P9,11223.0,Del0.8,0.68
X-2458,MTDH,92140.0,MutNovel,"V501L,0.447"
X-2458,MTNR1A,4543.0,Del0.8,0.62
X-2458,MXRA7,439921.0,MutNovel,"E36G,1.000"
X-2458,MYBBP1A,10514.0,MutNovel,"R1004W,1.000"
X-2458,NANOS1,340719.0,MutNovel,"P34T,0.212"
X-2458,NBPF12,,MutNovel,"I338L,0.778"
X-2458,NCOR2,9612.0,MutNovel,"G1839GAAA,0.630"
X-2458,NCRNA00185,55410.0,Del0.8,0.31
X-2458,NDUFAF6,,MutNovel,"G28A,0.438"
X-2458,NEURL4,84461.0,MutNovel,"C1397W,1.000"
X-2458,NFAM1,150372.0,MutNovel,"L112R,1.000"
X-2458,NLGN4Y,22829.0,Del0.8,0.31
X-2458,NMT2,9397.0,Amp5,6.5
X-2458,NOL9,79707.0,MutNovel,"V149L,1.000"
X-2458,NOX4,50507.0,MutNovel,"S560R,1.000"
X-2458,NOX4,50507.0,MutNovel,"I521T,0.750"
X-2458,NOX4,50507.0,MutNovel,"R470H,1.000"
X-2458,NOX4,50507.0,MutNovel,"V462A,1.000"
X-2458,NPDC1,56654.0,MutNovel,"Q257H,1.000"
X-2458,NPY1R,4886.0,Del0.8,0.21
X-2458,NR1H2,7376.0,MutNovel,"-173Q,0.843"
X-2458,OBSL1,23363.0,MutNovel,"T1139P,0.268"
X-2458,ODF3B,440836.0,Del0.8,0.67
X-2458,OR2A7,401427.0,Amp5,5.9
X-2458,OR2A9P,441295.0,Amp5,5.9
X-2458,OR2A9P,441295.0,Amp5,5.9
X-2458,OR4F5,79501.0,Del0.8,0.78
X-2458,ORAI1,84876.0,MutNovel,"PP43-,0.764"
X-2458,PABPC3,5042.0,MutNovel,"K324R,0.214"
X-2458,PARD3B,117583.0,MutNovel,"G541E,0.400"
X-2458,PARD6G,84552.0,Del0.8,0.42
X-2458,PASK,23178.0,MutNovel,"V127M,1.000"
X-2458,PCDH11Y,83259.0,Del0.8,0.51
X-2458,PCYT1A,5130.0,MutNovel,"K259E,0.341"
X-2458,PDCD7,10081.0,MutNovel,"A125AR,0.765"
X-2458,PDE4DIP,9659.0,MutNovel,"L1220M,0.565"
X-2458,PFKFB3,5209.0,Amp8,9.38
X-2458,PGM1,5236.0,MutNovel,"S387R,0.543"
X-2458,PHACTR2,9749.0,MutNovel,"P38H,0.938"
X-2458,PHB2,11331.0,MutNovel,"G56A,0.378"
X-2458,PHLDA1,22822.0,MutNovel,"QQ194Q,0.556"
X-2458,PLCB3,5331.0,MutNovel,"R273W,0.561"
X-2458,PLSCR2,57047.0,MutNovel,"Q210E,1.000"
X-2458,PLSCR2,57047.0,MutNovel,"K208Q,1.000"
X-2458,PLSCR2,57047.0,MutNovel,"T203P,1.000"
X-2458,POLN,353497.0,MutKnownFunctional,"-837,1.000"
X-2458,POLR2A,5430.0,MutNovel,"I1007L,1.000"
X-2458,POM121C,100101267.0,MutNovel,"V8L,0.521"
X-2458,PPIL6,285755.0,Amp5,5.06
X-2458,PPIP5K1,9677.0,MutNovel,"R359Q,0.786"
X-2458,PRKY,5616.0,Del0.8,0.31
X-2458,PRY,9081.0,Del0.8,0.31
X-2458,PRY,9081.0,Del0.8,0.31
X-2458,PRY2,442862.0,Del0.8,0.31
X-2458,PRY2,442862.0,Del0.8,0.31
X-2458,PTER,9317.0,Amp5,5.03
X-2458,PUS7L,83448.0,MutNovel,"N100I,0.542"
X-2458,RABGAP1L,9910.0,MutNovel,"L743V,0.400"
X-2458,RBM17,84991.0,Amp8,9.38
X-2458,RBMY1A3P,286557.0,Del0.8,0.31
X-2458,RBMY1B,378948.0,Del0.8,0.31
X-2458,RBMY1B,378948.0,Del0.8,0.31
X-2458,RBMY1E,378950.0,Del0.8,0.31
X-2458,RBMY1E,378950.0,Del0.8,0.31
X-2458,RBMY1F,159163.0,Del0.8,0.31
X-2458,RBMY1F,159163.0,Del0.8,0.31
X-2458,RBMY1J,378951.0,Del0.8,0.31
X-2458,RBMY1J,378951.0,Del0.8,0.31
X-2458,RBMY2EP,159125.0,Del0.8,0.31
X-2458,RBMY2FP,159162.0,Del0.8,0.31
X-2458,RBMY3AP,64593.0,Del0.8,0.31
X-2458,RHD,6007.0,Del0.8,0.54
X-2458,RNF149,284996.0,MutNovel,"I281V,0.523"
X-2458,RPF2,84154.0,Amp5,6.82
X-2458,RPS4Y1,6192.0,Del0.8,0.51
X-2458,RPS4Y2,140032.0,Del0.8,0.31
X-2458,RSU1,6251.0,Amp5,5.03
X-2458,RUNX2,860.0,Amp5,5.24
X-2458,SCAF4,57466.0,MutNovel,"QP966P,0.364"
X-2458,SELPLG,6404.0,MutNovel,"M235T,0.250"
X-2458,SERINC2,347735.0,MutNovel,"-373Q,0.686"
X-2458,SLC16A1,6566.0,MutNovel,"E456V,0.465"
X-2458,SLC16A10,117247.0,Amp5,6.82
X-2458,SLC22A16,85413.0,Amp8,10.7
X-2458,SLC26A11,284129.0,MutNovel,"A406S,0.989"
X-2458,SLC41A2,84102.0,MutNovel,"F501C,0.492"
X-2458,SLC52A2,,MutNovel,"S97F,0.471"
X-2458,SMO,6608.0,MutNovel,"P689S,0.270"
X-2458,SMPD2,6610.0,Amp5,5.06
X-2458,SRY,6736.0,Del0.8,0.51
X-2458,TBL1Y,90665.0,Del0.8,0.31
X-2458,TBP,6908.0,MutNovel,"-64Q,0.217"
X-2458,TECPR1,25851.0,MutNovel,"Q691E,0.247"
X-2458,TGIF2LY,90655.0,Del0.8,0.51
X-2458,THADA,63892.0,MutNovel,"G323V,1.000"
X-2458,TMED3,23423.0,MutNovel,"T4S,0.499"
X-2458,TMEM132A,54972.0,MutNovel,"M792I,0.420"
X-2458,TMEM183B,,MutKnownFunctional,"-116?,0.727"
X-2458,TMEM184A,202915.0,MutNovel,"G392GA,0.339"
X-2458,TMSB4Y,9087.0,Del0.8,0.31
X-2458,TP53,7157.0,MutKnownFunctional,"-195,0.957"
X-2458,TPTE,7179.0,Del0.8,0.75
X-2458,TREH,11181.0,MutNovel,"T539M,0.429"
X-2458,TRMT11,60487.0,MutKnownFunctional,"Y186*,0.941"
X-2458,TSC22D1,8848.0,MutNovel,"S822N,1.000"
X-2458,TSPY1,7258.0,Del0.8,0.31
X-2458,TSPY2,64591.0,Del0.8,0.31
X-2458,TSPY3,728137.0,Del0.8,0.31
X-2458,TSPY4,728395.0,Del0.8,0.31
X-2458,TSPY8,728403.0,Del0.8,0.31
X-2458,TSPYL1,7259.0,MutNovel,"V176VW,0.925"
X-2458,TSSC1,7260.0,MutNovel,"Q21K,0.438"
X-2458,TTTY10,246119.0,Del0.8,0.31
X-2458,TTTY11,83866.0,Del0.8,0.31
X-2458,TTTY12,83867.0,Del0.8,0.31
X-2458,TTTY13,83868.0,Del0.8,0.31
X-2458,TTTY14,83869.0,Del0.8,0.31
X-2458,TTTY15,64595.0,Del0.8,0.31
X-2458,TTTY16,252948.0,Del0.8,0.31
X-2458,TTTY17A,252949.0,Del0.8,0.31
X-2458,TTTY17A,252949.0,Del0.8,0.31
X-2458,TTTY18,252950.0,Del0.8,0.31
X-2458,TTTY19,252952.0,Del0.8,0.31
X-2458,TTTY1B,100101116.0,Del0.8,0.31
X-2458,TTTY1B,100101116.0,Del0.8,0.31
X-2458,TTTY2,60439.0,Del0.8,0.31
X-2458,TTTY2,60439.0,Del0.8,0.31
X-2458,TTTY20,252951.0,Del0.8,0.31
X-2458,TTTY21,252953.0,Del0.8,0.31
X-2458,TTTY21,252953.0,Del0.8,0.31
X-2458,TTTY22,252954.0,Del0.8,0.31
X-2458,TTTY23,252955.0,Del0.8,0.31
X-2458,TTTY23,252955.0,Del0.8,0.31
X-2458,TTTY3,114760.0,Del0.8,0.31
X-2458,TTTY3,114760.0,Del0.8,0.31
X-2458,TTTY4,114761.0,Del0.8,0.31
X-2458,TTTY4,114761.0,Del0.8,0.31
X-2458,TTTY5,83863.0,Del0.8,0.31
X-2458,TTTY6,84672.0,Del0.8,0.31
X-2458,TTTY6,84672.0,Del0.8,0.31
X-2458,TTTY7,246122.0,Del0.8,0.31
X-2458,TTTY7,246122.0,Del0.8,0.31
X-2458,TTTY7B,100101120.0,Del0.8,0.31
X-2458,TTTY7B,100101120.0,Del0.8,0.31
X-2458,TTTY8,84673.0,Del0.8,0.31
X-2458,TTTY8,84673.0,Del0.8,0.31
X-2458,TTTY9A,83864.0,Del0.8,0.31
X-2458,TTTY9A,83864.0,Del0.8,0.31
X-2458,TTYH2,94015.0,MutNovel,"M146R,1.000"
X-2458,TUBB8,347688.0,MutNovel,"A185V,0.571"
X-2458,TXLNG2P,246126.0,Del0.8,0.31
X-2458,UPF3A,65110.0,MutNovel,"R35C,1.000"
X-2458,USP47,55031.0,MutNovel,"C1221S,1.000"
X-2458,USP5,8078.0,MutNovel,"R329Q,0.329"
X-2458,USP9Y,8287.0,Del0.8,0.31
X-2458,UTY,7404.0,Del0.8,0.31
X-2458,VCY,9084.0,Del0.8,0.31
X-2458,VCY,9084.0,Del0.8,0.31
X-2458,VPS13D,55187.0,MutNovel,"E3753D,0.840"
X-2458,WASF1,8936.0,Amp5,7.26
X-2458,XKRY2,353515.0,Del0.8,0.31
X-2458,XKRY2,353515.0,Del0.8,0.31
X-2458,XPO5,57510.0,MutNovel,"I105V,0.436"
X-2458,XRCC6,2547.0,MutNovel,"N101D,1.000"
X-2458,XYLT2,64132.0,MutNovel,"L864V,1.000"
X-2458,ZBTB24,9841.0,Amp5,5.06
X-2458,ZDHHC11,79844.0,MutNovel,"A303D,0.290"
X-2458,ZFY,7544.0,Del0.8,0.51
X-2458,ZIC5,85416.0,MutNovel,"PP420P,0.385"
X-2458,ZNF143,7702.0,MutNovel,"S196N,1.000"
X-2458,ZNF367,195828.0,MutNovel,"P19RP,0.250"
X-2458,ZNF674,641339.0,MutNovel,"R164G,1.000"
X-2471,ACADVL,37.0,MutKnownFunctional,"-481?,0.841"
X-2471,ACAP3,116983.0,MutNovel,"A649T,0.253"
X-2471,AMELY,266.0,Del0.8,0.15
X-2471,ANAPC1,64682.0,MutNovel,"V552A,0.237"
X-2471,ANGPTL6,83854.0,Amp8,8.06
X-2471,ANKRD10,55608.0,MutNovel,"E335-,0.451"
X-2471,ANKRD23,200539.0,MutKnownFunctional,"K18*,0.550"
X-2471,AP1M2,10053.0,Amp8,8.06
X-2471,APOBEC3B,9582.0,Del0.8,0.35
X-2471,ARHGEF2,9181.0,Amp5,5.13
X-2471,ARMCX4,100131755.0,MutNovel,"N1956S,1.000"
X-2471,ARPC1B,10095.0,MutNovel,"G337S,0.480"
X-2471,ART5,116969.0,MutNovel,"-25P,0.750"
X-2471,ATG4D,84971.0,Amp8,8.06
X-2471,BAIAP3,8938.0,MutNovel,"C220G,0.818"
X-2471,BCL7B,9275.0,MutKnownFunctional,"-126,0.255"
X-2471,BCORP1,286554.0,Del0.8,0.15
X-2471,BGLAP,632.0,Amp5,5.13
X-2471,BPY2B,442867.0,Del0.8,0.09
X-2471,BPY2B,442867.0,Del0.8,0.05
X-2471,BRD2,6046.0,MutNovel,"A49C,0.494"
X-2471,BRD4,23476.0,Amp5,6.77
X-2471,BZRAP1,9256.0,MutNovel,"R1480Q,0.994"
X-2471,C19orf12,83636.0,Amp8,10.56
X-2471,C19orf38,255809.0,Amp8,8.06
X-2471,C19orf52,90580.0,Amp8,8.06
X-2471,C19orf66,55337.0,Amp8,8.06
X-2471,C19orf80,55908.0,Amp8,8.06
X-2471,C1orf85,112770.0,Amp5,5.13
X-2471,C21orf58,54058.0,MutNovel,"H299PN,0.239"
X-2471,C3P1,388503.0,Amp8,8.06
X-2471,CACNA1A,773.0,MutNovel,"QQ2330-,0.643"
X-2471,CARM1,10498.0,Amp8,8.06
X-2471,CASP14,23581.0,Amp5,6.77
X-2471,CCDC105,126402.0,Amp5,6.77
X-2471,CCDC144B,284047.0,Del0.8,0.67
X-2471,CCDC37,348807.0,MutNovel,"TE411T,0.473"
X-2471,CCNE1,898.0,Amp8,10.56
X-2471,CDC37,11140.0,Amp8,8.06
X-2471,CDC42EP1,11135.0,MutNovel,"PAPAANPS253P,0.826"
X-2471,CDKN1C,1028.0,MutNovel,"APVAV171V,0.857"
X-2471,CDKN2D,1032.0,Amp8,8.06
X-2471,CDY1B,253175.0,Del0.8,0.15
X-2471,CDY1B,253175.0,Del0.8,0.09
X-2471,CDY2A,9426.0,Del0.8,0.15
X-2471,CDY2A,9426.0,Del0.8,0.15
X-2471,CDY2B,203611.0,Del0.8,0.15
X-2471,CDY2B,203611.0,Del0.8,0.15
X-2471,COL5A3,50509.0,Amp8,8.06
X-2471,CRIPAK,285464.0,MutNovel,"V164A,0.708"
X-2471,CSPG4P1Y,114758.0,Del0.8,0.21
X-2471,CSPG4P1Y,114758.0,Del0.8,0.15
X-2471,CTNNBIP1,56998.0,MutNovel,"R27Q,0.450"
X-2471,CXorf30,645090.0,MutNovel,"F371Y,1.000"
X-2471,DAZ1,1617.0,Del0.8,0.15
X-2471,DAZ2,57055.0,Del0.8,0.1
X-2471,DAZ3,57054.0,Del0.8,0.05
X-2471,DAZ3,57054.0,Del0.8,0.09
X-2471,DAZ4,57135.0,Del0.8,0.08
X-2471,DAZ4,57135.0,Del0.8,0.11
X-2471,DDX3Y,8653.0,Del0.8,0.15
X-2471,DENND4B,9909.0,MutNovel,"QQQ908-,0.225"
X-2471,DNM2,1785.0,Amp8,8.06
X-2471,DNMT1,1786.0,Amp8,8.06
X-2471,DOCK6,57572.0,Amp8,8.06
X-2471,DOLK,22845.0,MutKnownFunctional,"-1?,0.552"
X-2471,EFHD1,80303.0,MutNovel,"L6R,0.733"
X-2471,EIF1AY,9086.0,Del0.8,0.15
X-2471,EIF3G,8666.0,Amp8,8.06
X-2471,EPHX3,79852.0,Amp5,6.77
X-2471,FAM106A,80039.0,Del0.8,0.43
X-2471,FAM197Y2P,252946.0,Del0.8,0.15
X-2471,FAM41AY1,340618.0,Del0.8,0.15
X-2471,FAM41AY1,340618.0,Del0.8,0.15
X-2471,FAT2,2196.0,MutNovel,"P3461R,0.805"
X-2471,FBRS,64319.0,MutNovel,"AAA321-,0.395"
X-2471,FDX1L,112812.0,Amp8,8.06
X-2471,FGFR3,2261.0,MutNovel,"F384L,0.500"
X-2471,FRRS1L,,MutNovel,"R51A,1.000"
X-2471,GIGYF2,26058.0,MutNovel,"PQ1231P,0.327"
X-2471,GLIS2,84662.0,MutNovel,"G201R,0.457"
X-2471,GOLGA2P2Y,84559.0,Del0.8,0.21
X-2471,GOLGA2P2Y,84559.0,Del0.8,0.15
X-2471,GOLGA6B,55889.0,MutNovel,"V680A,1.000"
X-2471,GOLGA6L10,647042.0,MutNovel,"R348M,0.667"
X-2471,GPR137C,283554.0,MutNovel,"S27G,1.000"
X-2471,GRB7,2886.0,MutNovel,"R513H,0.958"
X-2471,GSTM1,2944.0,Del0.8,0.65
X-2471,GSTT2,2953.0,Del0.8,0.49
X-2471,GSTTP1,25774.0,Del0.8,0.49
X-2471,GUK1,2987.0,MutNovel,"A198T,0.518"
X-2471,GYG2P1,352887.0,Del0.8,0.15
X-2471,HAUS5,23354.0,MutNovel,"R315W,0.703"
X-2471,HEATR1,55127.0,MutNovel,"KK988K,0.438"
X-2471,HEATR6,63897.0,Amp5,7.31
X-2471,HIST2H2AC,8338.0,MutNovel,"I112V,0.364"
X-2471,HLA-DRB5,3127.0,Amp5,6.59
X-2471,HSFY2,159119.0,Del0.8,0.15
X-2471,HSFY2,159119.0,Del0.8,0.15
X-2471,HSPA1A,3303.0,MutNovel,"I427D,1.000"
X-2471,HSPG2,3339.0,MutNovel,"R3257W,0.498"
X-2471,ICAM1,3383.0,Amp8,8.06
X-2471,ICAM3,3385.0,Amp8,8.06
X-2471,ICAM4,3386.0,Amp8,8.06
X-2471,ICAM5,7087.0,Amp8,8.06
X-2471,IGFBP2,3485.0,MutNovel,"L17LLPP,0.268"
X-2471,IGFN1,91156.0,MutNovel,"E2006K,1.000"
X-2471,IGFN1,91156.0,MutNovel,"I2008M,1.000"
X-2471,ILF3,3609.0,Amp8,8.06
X-2471,ILVBL,10994.0,Amp5,6.77
X-2471,INPP1,3628.0,MutNovel,"V279M,0.455"
X-2471,KANK2,25959.0,Amp8,8.06
X-2471,KCNG2,26251.0,Del0.8,0.77
X-2471,KCP,375616.0,MutNovel,"Q812K,0.333"
X-2471,KDM5D,8284.0,Del0.8,0.15
X-2471,KEAP1,9817.0,Amp8,8.06
X-2471,KIAA0141,9812.0,MutNovel,"G9R,0.469"
X-2471,KIAA0907,22889.0,Amp5,5.13
X-2471,KIAA1161,57462.0,MutNovel,"G428S,0.562"
X-2471,KIF1A,547.0,MutNovel,"R1630Q,0.459"
X-2471,KIF20B,9585.0,MutNovel,"L1062LKV,0.952"
X-2471,KRI1,65095.0,Amp8,8.06
X-2471,KRT33B,3884.0,Del0.8,0.07
X-2471,LAMTOR2,28956.0,Amp5,5.13
X-2471,LDLR,3949.0,Amp8,8.06
X-2471,LGALS9C,654346.0,Del0.8,0.18
X-2471,LMNA,4000.0,Amp5,5.13
X-2471,LMNB2,84823.0,MutNovel,"A19T,1.000"
X-2471,LOC100505835,100505835.0,Amp8,10.56
X-2471,LOC147727,147727.0,Amp8,8.06
X-2471,LOC148145,148145.0,Amp8,10.56
X-2471,LOC148189,148189.0,Amp5,6.77
X-2471,LOC284395,284395.0,Amp8,10.56
X-2471,LOC645638,645638.0,Amp5,6.06
X-2471,LOC653653,653653.0,Amp5,6.06
X-2471,LRRC37A,9884.0,MutNovel,"S1121R,1.000"
X-2471,LSR,51599.0,MutNovel,"G518GR,0.850"
X-2471,MAGEC1,9947.0,MutNovel,"P239R,0.429"
X-2471,MAMDC2,256691.0,MutNovel,"T32I,0.429"
X-2471,MAST4,375449.0,MutNovel,"P2054L,0.592"
X-2471,MCM9,254394.0,MutNovel,"R666W,0.923"
X-2471,MED15,51586.0,MutNovel,"-251Q,0.364"
X-2471,MEGF8,1954.0,MutNovel,"W1889C,1.000"
X-2471,MEX3A,92312.0,Amp5,5.13
X-2471,MIR1181,100302213.0,Amp8,8.06
X-2471,MIR1238,100302226.0,Amp8,8.06
X-2471,MIR199A1,406976.0,Amp8,8.06
X-2471,MIR21,406991.0,Amp8,8.82
X-2471,MIR4322,100422925.0,Amp8,8.06
X-2471,MIR4737,100616210.0,Amp8,8.82
X-2471,MIR4748,100616425.0,Amp8,8.06
X-2471,MIR638,693223.0,Amp8,8.06
X-2471,MITF,4286.0,MutNovel,"E460K,0.538"
X-2471,MORN1,79906.0,MutNovel,"R497W,0.353"
X-2471,MPRIP,23164.0,MutNovel,"TS178T,0.616"
X-2471,MRGPRX1,259249.0,Del0.8,0.41
X-2471,MRPL4,51073.0,Amp8,8.06
X-2471,MUC19,,MutNovel,"SK8078RE,0.889"
X-2471,MXRA7,439921.0,MutNovel,"E36G,1.000"
X-2471,NACAD,23148.0,MutNovel,"A881V,0.556"
X-2471,NACAD,23148.0,MutNovel,"A881F,0.556"
X-2471,NBPF14,25832.0,MutNovel,"S524N,0.231"
X-2471,NCOR2,9612.0,MutNovel,"G1839GAAA,0.608"
X-2471,NCRNA00185,55410.0,Del0.8,0.15
X-2471,NDE1,54820.0,MutNovel,"S291F,0.545"
X-2471,NF1,4763.0,Del0.8,0.59
X-2471,NLGN4Y,22829.0,Del0.8,0.15
X-2471,NLRP9,338321.0,MutNovel,"T784A,1.000"
X-2471,NOS3,4846.0,MutNovel,"C602Y,0.429"
X-2471,NOTCH3,4854.0,Amp5,6.77
X-2471,NPIPL3,23117.0,MutNovel,"R1074W,0.429"
X-2471,NR1H2,7376.0,MutNovel,"-173Q,0.742"
X-2471,NT5DC3,51559.0,MutNovel,"L507F,0.600"
X-2471,OR1I1,126370.0,Amp5,6.77
X-2471,OR4F5,79501.0,Del0.8,0.52
X-2471,OR51A2,401667.0,Del0.8,0.58
X-2471,OR7A17,26333.0,Amp5,6.77
X-2471,OR7C2,26658.0,Amp5,6.77
X-2471,ORAI1,84876.0,MutNovel,"PP43-,0.800"
X-2471,OVOS,,MutNovel,"R1319H,0.947"
X-2471,P2RY11,5032.0,Amp8,8.06
X-2471,P4HTM,54681.0,MutNovel,"R371G,0.569"
X-2471,PAQR6,79957.0,Amp5,5.13
X-2471,PCDH11Y,83259.0,Del0.8,0.27
X-2471,PCDH9,5101.0,Amp5,5.03
X-2471,PCDP1,200373.0,MutNovel,"R135Q,0.556"
X-2471,PDE4A,5141.0,Amp8,8.06
X-2471,PHF10,55274.0,MutNovel,"G6E,0.560"
X-2471,PHLDA1,22822.0,MutNovel,"QQ194Q,0.457"
X-2471,PHRF1,57661.0,MutNovel,"T1016R,0.980"
X-2471,PITPNM2,57605.0,MutNovel,"I1112F,0.250"
X-2471,PKNOX2,63876.0,Del0.8,0.48
X-2471,PLEKHF1,79156.0,Amp8,10.56
X-2471,PMF1,11243.0,Amp5,5.13
X-2471,PMF1-BGLAP,100527963.0,Amp5,5.13
X-2471,POP4,10775.0,Amp8,10.56
X-2471,PPAN,56342.0,Amp8,8.06
X-2471,PPAN-P2RY11,692312.0,Amp8,8.06
X-2471,PPIF,10105.0,MutNovel,"R18P,0.446"
X-2471,PRKY,5616.0,Del0.8,0.15
X-2471,PRSS27,83886.0,MutNovel,"A102T,0.556"
X-2471,PRY,9081.0,Del0.8,0.15
X-2471,PRY,9081.0,Del0.8,0.15
X-2471,PRY2,442862.0,Del0.8,0.15
X-2471,PRY2,442862.0,Del0.8,0.15
X-2471,QTRT1,81890.0,Amp8,8.06
X-2471,RAB25,57111.0,Amp5,5.13
X-2471,RAVER1,125950.0,Amp8,8.06
X-2471,RBMY1A3P,286557.0,Del0.8,0.15
X-2471,RBMY1B,378948.0,Del0.8,0.15
X-2471,RBMY1B,378948.0,Del0.8,0.15
X-2471,RBMY1E,378950.0,Del0.8,0.15
X-2471,RBMY1E,378950.0,Del0.8,0.15
X-2471,RBMY1F,159163.0,Del0.8,0.15
X-2471,RBMY1F,159163.0,Del0.8,0.15
X-2471,RBMY1J,378951.0,Del0.8,0.15
X-2471,RBMY1J,378951.0,Del0.8,0.15
X-2471,RBMY2EP,159125.0,Del0.8,0.15
X-2471,RBMY2FP,159162.0,Del0.8,0.15
X-2471,RBMY3AP,64593.0,Del0.8,0.15
X-2471,RDH8,50700.0,Amp8,8.06
X-2471,RICTOR,253260.0,MutNovel,"D1006N,0.389"
X-2471,RIT1,6016.0,Amp5,5.13
X-2471,RNF19B,127544.0,MutNovel,"Q62P,1.000"
X-2471,RNFT1,51136.0,Amp8,8.82
X-2471,RPS4Y1,6192.0,Del0.8,0.27
X-2471,RPS4Y2,140032.0,Del0.8,0.15
X-2471,RPS6KB1,6198.0,Amp8,8.82
X-2471,RRN3,54700.0,MutNovel,"L452P,0.552"
X-2471,RSPH10B2,728194.0,MutNovel,"Y548C,0.714"
X-2471,RXFP4,339403.0,Amp5,5.13
X-2471,RYR2,6262.0,MutNovel,"K3441E,0.375"
X-2471,S1PR2,9294.0,Amp8,8.06
X-2471,S1PR5,53637.0,Amp8,8.06
X-2471,SCARNA4,677771.0,Amp5,5.13
X-2471,SEMA4A,64218.0,Amp5,5.13
X-2471,SERINC2,347735.0,MutNovel,"-373Q,0.747"
X-2471,SF1,7536.0,MutNovel,"R627H,0.501"
X-2471,SIGLEC14,100049587.0,Del0.8,0.2
X-2471,SLC1A6,6511.0,Amp5,6.77
X-2471,SLC25A44,9673.0,Amp5,5.13
X-2471,SLC28A2,9153.0,MutKnownFunctional,"-129?,0.443"
X-2471,SLC44A2,57153.0,Amp8,8.06
X-2471,SLX4,84464.0,MutNovel,"E179D,0.421"
X-2471,SMARCA4,6597.0,Amp8,8.06
X-2471,SMG5,23381.0,Amp5,5.13
X-2471,SNORA42,677823.0,Amp5,5.13
X-2471,SNORD105,692229.0,Amp8,8.06
X-2471,SNORD105B,100113382.0,Amp8,8.06
X-2471,SOX17,64321.0,MutNovel,"-317HQ,0.205"
X-2471,SPC24,147841.0,Amp8,8.06
X-2471,SRY,6736.0,Del0.8,0.27
X-2471,SSR2,6746.0,Amp5,5.13
X-2471,STX2,2054.0,MutNovel,"D15V,0.600"
X-2471,SYDE1,85360.0,Amp5,6.77
X-2471,SYT17,51760.0,MutNovel,"R442H,0.364"
X-2471,TBC1D3F,,MutNovel,"R137K,0.983"
X-2471,TBC1D3H,729877.0,MutNovel,"E336D,1.000"
X-2471,TBC1D3P1-DHX40P1,653645.0,Amp8,8.82
X-2471,TBKBP1,9755.0,MutNovel,"A356V,1.000"
X-2471,TBL1Y,90665.0,Del0.8,0.15
X-2471,TBP,6908.0,MutNovel,"-64Q,0.286"
X-2471,TGIF2LY,90655.0,Del0.8,0.27
X-2471,TMED1,11018.0,Amp8,8.06
X-2471,TMEM133,83935.0,MutNovel,"K124N,0.643"
X-2471,TMEM191C,645426.0,Del0.8,0.76
X-2471,TMEM79,84283.0,Amp5,5.13
X-2471,TMSB4Y,9087.0,Del0.8,0.15
X-2471,TP53,7157.0,MutKnownFunctional,"R248W,0.995"
X-2471,TSPAN16,26526.0,Amp5,6.32
X-2471,TSPY1,7258.0,Del0.8,0.15
X-2471,TSPY2,64591.0,Del0.8,0.15
X-2471,TSPY3,728137.0,Del0.8,0.15
X-2471,TSPY4,728395.0,Del0.8,0.15
X-2471,TSPY8,728403.0,Del0.8,0.15
X-2471,TTK,7272.0,MutNovel,"A787G,0.498"
X-2471,TTTY10,246119.0,Del0.8,0.15
X-2471,TTTY11,83866.0,Del0.8,0.15
X-2471,TTTY12,83867.0,Del0.8,0.15
X-2471,TTTY13,83868.0,Del0.8,0.15
X-2471,TTTY14,83869.0,Del0.8,0.15
X-2471,TTTY15,64595.0,Del0.8,0.15
X-2471,TTTY16,252948.0,Del0.8,0.15
X-2471,TTTY17A,252949.0,Del0.8,0.15
X-2471,TTTY17A,252949.0,Del0.8,0.21
X-2471,TTTY18,252950.0,Del0.8,0.15
X-2471,TTTY19,252952.0,Del0.8,0.15
X-2471,TTTY1B,100101116.0,Del0.8,0.15
X-2471,TTTY1B,100101116.0,Del0.8,0.15
X-2471,TTTY2,60439.0,Del0.8,0.15
X-2471,TTTY2,60439.0,Del0.8,0.15
X-2471,TTTY20,252951.0,Del0.8,0.15
X-2471,TTTY21,252953.0,Del0.8,0.15
X-2471,TTTY21,252953.0,Del0.8,0.15
X-2471,TTTY22,252954.0,Del0.8,0.15
X-2471,TTTY23,252955.0,Del0.8,0.15
X-2471,TTTY23,252955.0,Del0.8,0.15
X-2471,TTTY3,114760.0,Del0.8,0.15
X-2471,TTTY3,114760.0,Del0.8,0.09
X-2471,TTTY4,114761.0,Del0.8,0.09
X-2471,TTTY4,114761.0,Del0.8,0.05
X-2471,TTTY5,83863.0,Del0.8,0.15
X-2471,TTTY6,84672.0,Del0.8,0.15
X-2471,TTTY6,84672.0,Del0.8,0.15
X-2471,TTTY7,246122.0,Del0.8,0.15
X-2471,TTTY7,246122.0,Del0.8,0.15
X-2471,TTTY7B,100101120.0,Del0.8,0.15
X-2471,TTTY7B,100101120.0,Del0.8,0.15
X-2471,TTTY8,84673.0,Del0.8,0.15
X-2471,TTTY8,84673.0,Del0.8,0.15
X-2471,TTTY9A,83864.0,Del0.8,0.15
X-2471,TTTY9A,83864.0,Del0.8,0.15
X-2471,TUBD1,51174.0,Amp8,8.82
X-2471,TXLNG2P,246126.0,Del0.8,0.15
X-2471,TXNDC5,81567.0,MutNovel,"-47R,0.397"
X-2471,TYK2,7297.0,Amp8,8.06
X-2471,UBQLN4,56893.0,Amp5,5.13
X-2471,UQCRFS1,7386.0,Amp8,10.56
X-2471,URI1,8725.0,Amp8,10.56
X-2471,USP47,55031.0,Del0.8,0.77
X-2471,USP9Y,8287.0,Del0.8,0.15
X-2471,UTY,7404.0,Del0.8,0.15
X-2471,VCX3B,425054.0,MutNovel,"V180L,0.364"
X-2471,VCY,9084.0,Del0.8,0.15
X-2471,VCY,9084.0,Del0.8,0.15
X-2471,VHLL,391104.0,Amp5,5.13
X-2471,VMP1,81671.0,Amp5,5.17
X-2471,VSTM2B,342865.0,Amp8,10.56
X-2471,WASH1,100287171.0,MutNovel,"P304R,0.308"
X-2471,WASH1,100287171.0,MutNovel,"T302THHQ,0.333"
X-2471,XKRY2,353515.0,Del0.8,0.15
X-2471,XKRY2,353515.0,Del0.8,0.15
X-2471,YIPF2,78992.0,Amp8,8.06
X-2471,ZFY,7544.0,Del0.8,0.27
X-2471,ZGLP1,100125288.0,Amp8,8.06
X-2471,ZNF384,171017.0,MutNovel,"QQ514Q,0.481"
X-2471,ZNF536,9745.0,Amp8,12.55
X-2471,ZNF728,,MutNovel,"K431I,1.000"
X-2526,ABCC6,368.0,MutNovel,"A158V,0.667"
X-2526,ACOT1,641371.0,Del0.8,0.46
X-2526,ACR,49.0,Del0.8,0.78
X-2526,ADAMTS4,9507.0,MutNovel,"A252S,0.500"
X-2526,ADAMTSL2,9719.0,MutNovel,"G421S,0.750"
X-2526,ADCK4,79934.0,Amp5,6.23
X-2526,ADCYAP1R1,117.0,Amp5,5.78
X-2526,ADK,132.0,MutNovel,"R338H,0.494"
X-2526,ADM2,79924.0,Del0.8,0.71
X-2526,ADRA2B,151.0,MutNovel,"E301ERRK,0.333"
X-2526,AGAP4,119016.0,MutNovel,"S363I,0.917"
X-2526,AGAP5,729092.0,MutNovel,"V686M,0.333"
X-2526,AKT2,208.0,Amp5,5.39
X-2526,ALG12,79087.0,Del0.8,0.71
X-2526,AMELY,266.0,Del0.8,0.18
X-2526,AMIGO3,386724.0,Del0.8,0.7
X-2526,AMPD1,270.0,Amp8,15.78
X-2526,ANGPTL6,83854.0,MutNovel,"R81S,0.750"
X-2526,ANKRD18A,253650.0,MutNovel,"S348N,0.667"
X-2526,APEH,327.0,Del0.8,0.7
X-2526,APOC1,341.0,Amp5,5.43
X-2526,APOC1P1,342.0,Amp5,5.43
X-2526,APOC2,344.0,Amp5,5.43
X-2526,APOC4-APOC2,100533990.0,Amp5,5.43
X-2526,APOE,348.0,Amp5,5.43
X-2526,AQP1,358.0,Amp5,5.78
X-2526,ARC,23237.0,MutNovel,"L71V,0.429"
X-2526,ARHGEF3,50650.0,MutNovel,"G165V,0.559"
X-2526,ARHGEF7,8874.0,MutNovel,"A513D,0.237"
X-2526,ARIH2,10425.0,Del0.8,0.75
X-2526,ARSA,410.0,Del0.8,0.78
X-2526,ART5,116969.0,MutNovel,"-25P,1.000"
X-2526,ARV1,64801.0,MutKnownFunctional,"-170?,0.283"
X-2526,ATMIN,23300.0,MutNovel,"G90S,0.659"
X-2526,ATRIP,84126.0,Del0.8,0.68
X-2526,ATXN10,25814.0,Del0.8,0.71
X-2526,AVEN,57099.0,MutNovel,"GGGGG41G,1.000"
X-2526,AVL9,23080.0,Amp5,5.78
X-2526,AXL,558.0,Amp5,6.23
X-2526,B4GALNT4,338707.0,MutNovel,"F426Y,0.510"
X-2526,BCAM,4059.0,Amp5,5.43
X-2526,BCL2L1,598.0,Amp5,5.13
X-2526,BCL9L,283149.0,MutNovel,"D261N,0.207"
X-2526,BCORP1,286554.0,Del0.8,0.15
X-2526,BLOC1S3,388552.0,Amp5,5.43
X-2526,BLVRB,645.0,Amp5,6.23
X-2526,BNIP3L,665.0,MutNovel,"P27R,0.444"
X-2526,BPY2B,442867.0,Del0.8,0.07
X-2526,BPY2B,442867.0,Del0.8,0.1
X-2526,BRD1,23774.0,Del0.8,0.71
X-2526,BSN,8927.0,Del0.8,0.58
X-2526,BSN-AS2,100132677.0,Del0.8,0.48
X-2526,C19orf12,83636.0,Amp5,5.43
X-2526,C19orf33,64073.0,MutNovel,"K100-,0.525"
X-2526,C19orf47,126526.0,Amp5,6.23
X-2526,C19orf54,284325.0,Amp5,6.23
X-2526,C20orf173,140873.0,Amp5,5.1
X-2526,C21orf56,84221.0,MutNovel,"E14K,0.600"
X-2526,C22orf26,55267.0,Del0.8,0.69
X-2526,C22orf34,348645.0,Del0.8,0.71
X-2526,C2CD2L,9854.0,MutNovel,"R437W,0.690"
X-2526,C3orf71,646450.0,Del0.8,0.75
X-2526,C4orf40,401137.0,Amp5,5.28
X-2526,C5orf42,65250.0,MutNovel,"P2360L,0.794"
X-2526,C6orf195,154386.0,MutNovel,"Q119H,0.500"
X-2526,C7orf41,222166.0,Amp5,5.78
X-2526,C7orf71,285941.0,Amp5,6.77
X-2526,CABS1,85438.0,Amp5,5.28
X-2526,CALM3,808.0,Amp5,5.43
X-2526,CAMP,820.0,Del0.8,0.68
X-2526,CAMSAP1,157922.0,MutNovel,"S178L,0.480"
X-2526,CAPRIN2,65981.0,MutNovel,"Q652K,0.657"
X-2526,CAPSL,133690.0,Amp5,5.28
X-2526,CASC5,57082.0,MutNovel,"D894N,1.000"
X-2526,CASKIN1,57524.0,MutNovel,"A1045T,0.815"
X-2526,CBLC,23624.0,Amp5,5.43
X-2526,CBX3,11335.0,Amp5,6.77
X-2526,CCDC126,90693.0,Amp5,6.45
X-2526,CCDC129,223075.0,Amp5,5.78
X-2526,CCDC51,79714.0,Del0.8,0.68
X-2526,CCDC61,729440.0,Amp5,5.43
X-2526,CCDC65,85478.0,MutNovel,"D427G,0.773"
X-2526,CCDC8,83987.0,Amp5,5.43
X-2526,CCDC82,79780.0,MutNovel,"E288K,0.269"
X-2526,CCNE1,898.0,Amp5,5.43
X-2526,CCNYL1,151195.0,Amp5,5.21
X-2526,CD3EAP,10849.0,Amp5,5.43
X-2526,CDC25A,993.0,Del0.8,0.68
X-2526,CDCA2,157313.0,MutNovel,"S131R,0.654"
X-2526,CDCP1,64866.0,MutNovel,"V597M,0.379"
X-2526,CDK12,51755.0,Amp5,5.35
X-2526,CDY1B,253175.0,Del0.8,0.13
X-2526,CDY1B,253175.0,Del0.8,0.15
X-2526,CDY2A,9426.0,Del0.8,0.15
X-2526,CDY2A,9426.0,Del0.8,0.15
X-2526,CDY2B,203611.0,Del0.8,0.15
X-2526,CDY2B,203611.0,Del0.8,0.15
X-2526,CELSR1,9620.0,Del0.8,0.69
X-2526,CELSR2,1952.0,MutNovel,"E2849K,0.412"
X-2526,CELSR3,1951.0,Del0.8,0.75
X-2526,CEP250,11190.0,Amp5,5.1
X-2526,CERK,64781.0,Del0.8,0.69
X-2526,CFHR1,3078.0,Amp5,5.98
X-2526,CFHR3,10878.0,Amp5,5.98
X-2526,CGB,1082.0,MutNovel,"R30H,1.000"
X-2526,CGB,1082.0,MutNovel,"K22R,0.750"
X-2526,CGB2,114336.0,MutNovel,"R28H,0.256"
X-2526,CHD4,1108.0,MutLikelyFunctional,"R975H,0.623"
X-2526,CHKB,1120.0,Del0.8,0.78
X-2526,CHKB-CPT1B,386593.0,Del0.8,0.78
X-2526,CHN2,1124.0,Amp5,6.11
X-2526,CKM,1158.0,Amp5,5.43
X-2526,CLASRP,11129.0,Amp5,5.43
X-2526,CLEC18B,497190.0,MutNovel,"R352C,0.500"
X-2526,CLK2P,1197.0,Amp5,6.45
X-2526,CLPTM1,1209.0,Amp5,5.43
X-2526,CN5H6.4,150384.0,Del0.8,0.69
X-2526,CNTD2,79935.0,Amp5,6.15
X-2526,COL11A1,1301.0,MutNovel,"K587N,1.000"
X-2526,COL7A1,1294.0,Del0.8,0.43
X-2526,CORO2A,7464.0,MutNovel,"I494M,0.380"
X-2526,COX4I2,84701.0,Amp5,5.13
X-2526,CPNE1,8904.0,Amp5,5.1
X-2526,CPQ,,MutNovel,"I139T,0.581"
X-2526,CPT1B,1375.0,Del0.8,0.78
X-2526,CPVL,54504.0,Amp5,6.82
X-2526,CREB5,9586.0,Amp5,6.82
X-2526,CRELD2,79174.0,Del0.8,0.71
X-2526,CRHR2,1395.0,Amp5,5.78
X-2526,CRIPAK,285464.0,MutNovel,"V164A,0.444"
X-2526,CSDE1,7812.0,Amp8,15.78
X-2526,CSN1S2BP,100337616.0,Amp5,5.28
X-2526,CSN3,1448.0,Amp5,5.28
X-2526,CSPG4P1Y,114758.0,Del0.8,0.13
X-2526,CSPG4P1Y,114758.0,Del0.8,0.15
X-2526,CTDSPL,10217.0,Del0.8,0.74
X-2526,CTSA,5476.0,MutNovel,"L29-,1.000"
X-2526,CWF19L2,143884.0,MutNovel,"M766I,0.752"
X-2526,CYP2A13,1553.0,Amp5,6.23
X-2526,CYP2A6,1548.0,Amp5,6.23
X-2526,CYP2A7,1549.0,Amp5,6.23
X-2526,CYP2B6,1555.0,Amp5,6.23
X-2526,CYP2B7P1,1556.0,Amp5,6.23
X-2526,CYP2F1,1572.0,Amp5,6.23
X-2526,CYP2G1P,22952.0,Amp5,6.23
X-2526,CYP2S1,29785.0,Amp5,6.23
X-2526,DACH1,1602.0,MutNovel,"GG82-,1.000"
X-2526,DALRD3,55152.0,Del0.8,0.75
X-2526,DAZ1,1617.0,Del0.8,0.15
X-2526,DAZ2,57055.0,Del0.8,0.11
X-2526,DAZ3,57054.0,Del0.8,0.1
X-2526,DAZ3,57054.0,Del0.8,0.07
X-2526,DAZ4,57135.0,Del0.8,0.09
X-2526,DAZ4,57135.0,Del0.8,0.11
X-2526,DDX3Y,8653.0,Del0.8,0.19
X-2526,DEFB115,245929.0,Amp5,5.13
X-2526,DEFB116,245930.0,Amp5,5.13
X-2526,DEFB118,117285.0,Amp5,5.13
X-2526,DEFB119,245932.0,Amp5,5.13
X-2526,DEFB121,245934.0,Amp5,5.13
X-2526,DEFB122,245935.0,Amp5,5.13
X-2526,DEFB123,245936.0,Amp5,5.13
X-2526,DEFB124,245937.0,Amp5,5.13
X-2526,DENND1A,57706.0,MutNovel,"R801C,0.294"
X-2526,DENND2C,163259.0,Amp5,6.36
X-2526,DIS3,22894.0,MutNovel,"N272S,0.312"
X-2526,DKFZP586I1420,222161.0,Amp5,5.78
X-2526,DKFZp434J0226,93429.0,Amp5,5.43
X-2526,DKFZp566F0947,94023.0,Amp5,5.43
X-2526,DMPK,1760.0,Amp5,5.43
X-2526,DMWD,1762.0,Amp5,5.43
X-2526,DNA2,1763.0,MutNovel,"M467I,0.214"
X-2526,DNAJC4,3338.0,MutNovel,"P70S,0.231"
X-2526,DOCK1,1793.0,MutNovel,"F809L,0.213"
X-2526,DPY19L1P1,100129460.0,Amp5,7.57
X-2526,DPY19L2P3,442524.0,Amp5,5.78
X-2526,DUSP15,128853.0,Amp5,5.13
X-2526,ECT2,1894.0,Amp5,6.06
X-2526,EGLN2,112398.0,Amp5,6.23
X-2526,EIF1AY,9086.0,Del0.8,0.15
X-2526,EML2,24139.0,Amp5,5.43
X-2526,ERBB2,2064.0,Amp5,6.73
X-2526,ERCC1,2067.0,Amp5,5.43
X-2526,ERCC2,2068.0,Amp5,5.43
X-2526,ERGIC3,51614.0,Amp5,5.1
X-2526,ESX1,80712.0,MutNovel,"P323T,0.250"
X-2526,ESX1,80712.0,MutNovel,"W306G,1.000"
X-2526,EVX1,2128.0,Amp5,6.77
X-2526,EXOC3L2,90332.0,Amp5,5.43
X-2526,FAM106A,80039.0,Del0.8,0.66
X-2526,FAM116B,414918.0,Del0.8,0.71
X-2526,FAM155B,27112.0,MutNovel,"P165A,1.000"
X-2526,FAM157A,728262.0,MutNovel,"A346T,1.000"
X-2526,FAM188B,84182.0,Amp5,5.78
X-2526,FAM197Y2P,252946.0,Del0.8,0.18
X-2526,FAM21B,55747.0,MutKnownFunctional,"-236,1.000"
X-2526,FAM22A,728118.0,MutNovel,"P172A,0.441"
X-2526,FAM41AY1,340618.0,Del0.8,0.15
X-2526,FAM41AY1,340618.0,Del0.8,0.15
X-2526,FAM86B1,85002.0,MutNovel,"V215L,1.000"
X-2526,FBLN1,2192.0,Del0.8,0.71
X-2526,FBXO46,23403.0,Amp5,5.43
X-2526,FBXW12,285231.0,Del0.8,0.68
X-2526,FDCSP,260436.0,Amp5,5.28
X-2526,FER1L4,80307.0,Amp5,5.1
X-2526,FGF2,2247.0,MutKnownFunctional,"-59,0.409"
X-2526,FIZ1,84922.0,MutNovel,"L295R,0.500"
X-2526,FKBP14,55033.0,Amp5,5.78
X-2526,FLJ46257,400932.0,Del0.8,0.69
X-2526,FOSB,2354.0,Amp5,5.43
X-2526,FOXA3,3171.0,Amp5,5.43
X-2526,FOXS1,2307.0,Amp5,5.13
X-2526,FYN,2534.0,MutNovel,"G197R,0.287"
X-2526,FZD5,7855.0,Amp5,5.21
X-2526,GARS,2617.0,Amp5,5.78
X-2526,GDF5,8200.0,Amp5,5.1
X-2526,GEMIN7,79760.0,Amp5,5.43
X-2526,GGCT,79017.0,Amp5,5.78
X-2526,GHRHR,2692.0,Amp5,5.78
X-2526,GHSR,2693.0,Amp5,6.06
X-2526,GIGYF2,26058.0,MutNovel,"PQ1231P,0.482"
X-2526,GIPR,2696.0,Amp5,5.43
X-2526,GMPPB,29925.0,Del0.8,0.7
X-2526,GNAT1,2779.0,Amp5,6.87
X-2526,GNG8,94235.0,Amp5,5.43
X-2526,GOLGA2P2Y,84559.0,Del0.8,0.15
X-2526,GOLGA2P2Y,84559.0,Del0.8,0.13
X-2526,GOLGA8A,23015.0,MutNovel,"M421T,1.000"
X-2526,GPNMB,10457.0,Amp5,6.45
X-2526,GPR4,2828.0,Amp5,5.43
X-2526,GRAMD4,23151.0,Del0.8,0.69
X-2526,GRASP,160622.0,MutNovel,"V318L,0.556"
X-2526,GRB7,2886.0,Amp5,7.84
X-2526,GSTT1,2952.0,Del0.8,0.59
X-2526,GTSE1,51512.0,Del0.8,0.69
X-2526,GYG2P1,352887.0,Del0.8,0.19
X-2526,HDAC10,83933.0,Del0.8,0.71
X-2526,HIBADH,11112.0,Amp5,6.82
X-2526,HIF3A,64344.0,Amp5,5.43
X-2526,HIPK4,147746.0,Amp5,6.23
X-2526,HIST1H3E,8353.0,MutNovel,"R132C,0.640"
X-2526,HM13,81502.0,Amp5,5.13
X-2526,HNRNPA2B1,3181.0,Amp5,6.77
X-2526,HNRNPCL1,343069.0,MutNovel,"P253L,1.000"
X-2526,HNRNPCL1,343069.0,MutNovel,"E245D,1.000"
X-2526,HOTAIRM1,100506311.0,Amp5,6.77
X-2526,HOTTIP,100316868.0,Amp5,6.77
X-2526,HOXA1,3198.0,Amp5,6.77
X-2526,HOXA10,3206.0,Amp5,6.77
X-2526,HOXA10-HOXA9,100534589.0,Amp5,6.77
X-2526,HOXA11,3207.0,Amp5,6.77
X-2526,HOXA13,3209.0,Amp5,6.77
X-2526,HOXA2,3199.0,Amp5,6.77
X-2526,HOXA3,3200.0,Amp5,6.77
X-2526,HOXA4,3201.0,Amp5,6.77
X-2526,HOXA5,3202.0,Amp5,6.77
X-2526,HOXA6,3203.0,Amp5,6.77
X-2526,HOXA7,3204.0,Amp5,6.77
X-2526,HOXA9,3205.0,Amp5,6.77
X-2526,HSFY2,159119.0,Del0.8,0.15
X-2526,HSFY2,159119.0,Del0.8,0.15
X-2526,ID1,3397.0,Amp5,5.13
X-2526,IGF2BP3,10643.0,Amp5,6.45
X-2526,IGFL1,374918.0,Amp5,5.43
X-2526,IGFL2,147920.0,Amp5,5.43
X-2526,IGFL3,388555.0,Amp5,5.43
X-2526,IGFL4,444882.0,Amp5,5.43
X-2526,IKZF3,22806.0,Amp5,6.19
X-2526,IL17RE,132014.0,MutNovel,"A307G,0.576"
X-2526,IL17RE,132014.0,MutNovel,"A341AS,0.207"
X-2526,IL17REL,400935.0,Del0.8,0.71
X-2526,IL7R,3575.0,Amp5,5.28
X-2526,IMPDH2,3615.0,Del0.8,0.75
X-2526,INMT,11185.0,Amp5,5.78
X-2526,INMT-FAM188B,100526825.0,Amp5,5.78
X-2526,IP6K2,51447.0,Del0.8,0.75
X-2526,IQSEC1,9922.0,MutNovel,"S285L,0.308"
X-2526,IRF2BP1,26145.0,Amp5,5.43
X-2526,ITPKC,80271.0,Amp5,6.23
X-2526,JAZF1,221895.0,Amp5,6.82
X-2526,JAZF1-AS1,100128081.0,Amp5,6.82
X-2526,KCNC3,3748.0,MutNovel,"D63G,1.000"
X-2526,KCTD1,284252.0,Amp5,5.06
X-2526,KCTD5,54442.0,MutNovel,"N4T,0.241"
X-2526,KDELC2,143888.0,MutNovel,"P66S,0.803"
X-2526,KDM5D,8284.0,Del0.8,0.15
X-2526,KIAA0087,9808.0,Amp5,6.77
X-2526,KIF1B,23095.0,MutNovel,"A1070V,0.387"
X-2526,KIF24,347240.0,MutNovel,"D460E,0.312"
X-2526,KLC3,147700.0,Amp5,5.43
X-2526,KLHDC7B,113730.0,Del0.8,0.78
X-2526,KLHL7,55975.0,Amp5,5.62
X-2526,KPNA5,3841.0,MutNovel,"A376S,0.625"
X-2526,KRT2,3849.0,MutNovel,"V402M,1.000"
X-2526,LEPR,3953.0,MutNovel,"S908T,0.375"
X-2526,LGALS9C,654346.0,Del0.8,0.25
X-2526,LIMCH1,22998.0,MutNovel,"I31S,0.268"
X-2526,LINC00028,140875.0,Amp5,5.13
X-2526,LINS,55180.0,MutNovel,"R621W,1.000"
X-2526,LMBRD2,92255.0,Amp5,5.28
X-2526,LMF2,91289.0,Del0.8,0.71
X-2526,LOC100128946,100128946.0,Del0.8,0.71
X-2526,LOC100130673,100130673.0,Amp5,5.78
X-2526,LOC100132247,100132247.0,MutNovel,"P1098R,0.786"
X-2526,LOC100144603,100144603.0,Del0.8,0.78
X-2526,LOC100271722,100271722.0,Del0.8,0.69
X-2526,LOC100287177,100287177.0,Amp5,5.43
X-2526,LOC100505835,100505835.0,Amp5,5.43
X-2526,LOC100506012,100506012.0,Amp5,5.43
X-2526,LOC100506310,,MutNovel,"S565F,0.814"
X-2526,LOC100506497,100506497.0,Amp5,6.82
X-2526,LOC100506533,,MutNovel,"A21T,0.556"
X-2526,LOC100996274,,MutNovel,"C102W,1.000"
X-2526,LOC148145,148145.0,Amp5,5.43
X-2526,LOC150381,150381.0,Del0.8,0.69
X-2526,LOC284395,284395.0,Amp5,5.43
X-2526,LOC284933,284933.0,Del0.8,0.69
X-2526,LOC348120,348120.0,Amp5,5.06
X-2526,LOC388553,388553.0,Amp5,5.43
X-2526,LOC391322,391322.0,Del0.8,0.59
X-2526,LOC401320,401320.0,Amp5,5.78
X-2526,LOC401321,401321.0,Amp8,9.85
X-2526,LOC441204,441204.0,Amp5,6.77
X-2526,LOC644838,644838.0,Amp5,5.7
X-2526,LOC646021,,MutNovel,"V230L,0.926"
X-2526,LOC646762,646762.0,Amp5,5.78
X-2526,LOC728503,,MutNovel,"G403W,0.240"
X-2526,LOC730668,730668.0,Del0.8,0.69
X-2526,LOC90834,90834.0,Del0.8,0.71
X-2526,LSM5,23658.0,Amp5,5.78
X-2526,LSR,51599.0,MutNovel,"G518GR,1.000"
X-2526,LTBP4,8425.0,Amp5,6.23
X-2526,LUST,100775107.0,Amp5,6.87
X-2526,MAML1,9794.0,MutNovel,"Q869K,0.479"
X-2526,MANEA,79694.0,MutNovel,"H222D,0.444"
X-2526,MAP3K10,4294.0,Amp5,6.15
X-2526,MAP3K4,4216.0,MutNovel,"PA1189P,1.000"
X-2526,MAPK11,5600.0,Del0.8,0.71
X-2526,MAPK12,6300.0,Del0.8,0.71
X-2526,MAPK8IP2,23542.0,Del0.8,0.78
X-2526,MARK4,57787.0,Amp5,5.43
X-2526,MAST4,375449.0,MutNovel,"K2181N,0.635"
X-2526,MECOM,2122.0,Amp5,5.17
X-2526,MED1,5469.0,Amp5,5.35
X-2526,MGAM,8972.0,Del0.8,0.66
X-2526,MIA,8190.0,Amp5,6.23
X-2526,MIA-RAB4B,100529262.0,Amp5,6.23
X-2526,MIEN1,84299.0,Amp5,7.84
X-2526,MIOX,55586.0,Del0.8,0.71
X-2526,MIR191,406966.0,Del0.8,0.75
X-2526,MIR196B,442920.0,Amp5,6.77
X-2526,MIR3193,100422904.0,Amp5,5.13
X-2526,MIR3201,100422916.0,Del0.8,0.69
X-2526,MIR330,442902.0,Amp5,5.43
X-2526,MIR3619,100500828.0,Del0.8,0.69
X-2526,MIR425,494337.0,Del0.8,0.75
X-2526,MIR4443,100616407.0,Del0.8,0.68
X-2526,MIR4535,100616415.0,Del0.8,0.71
X-2526,MIR4728,100616132.0,Amp5,7.84
X-2526,MIR4762,100616253.0,Del0.8,0.71
X-2526,MIR4763,100616143.0,Del0.8,0.69
X-2526,MIR4775,100616361.0,Amp5,5.21
X-2526,MIR4793,100616112.0,Del0.8,0.75
X-2526,MIR550A1,693133.0,Amp5,5.78
X-2526,MIR550A2,693134.0,Amp8,9.85
X-2526,MIR550A3,100616354.0,Amp5,5.78
X-2526,MIR550B1,100500883.0,Amp5,5.78
X-2526,MIR550B2,100500830.0,Amp8,9.85
X-2526,MIR580,693165.0,Amp5,5.28
X-2526,MIR591,693176.0,Amp5,5.54
X-2526,MIR641,693226.0,Amp5,6.23
X-2526,MIR642A,693227.0,Amp5,5.43
X-2526,MIR642B,100500845.0,Amp5,5.43
X-2526,MIR711,100313843.0,Del0.8,0.43
X-2526,MIR759,100313778.0,Amp5,6.45
X-2526,MIR769,768217.0,Amp5,5.43
X-2526,MIRLET7A3,406883.0,Del0.8,0.69
X-2526,MIRLET7B,406884.0,Del0.8,0.69
X-2526,MIRLET7BHG,400931.0,Del0.8,0.69
X-2526,MLC1,23209.0,Del0.8,0.71
X-2526,MLL3,58508.0,MutNovel,"R973G,0.357"
X-2526,MOV10L1,54456.0,Del0.8,0.71
X-2526,MRPL18,29074.0,MutNovel,"R177T,0.576"
X-2526,MST1,4485.0,Del0.8,0.7
X-2526,MTIF2,4528.0,MutNovel,"E496K,0.452"
X-2526,MX1,4599.0,MutNovel,"N144Y,0.348"
X-2526,MYLK2,85366.0,Amp5,5.13
X-2526,MYO1B,4430.0,MutNovel,"E1096D,0.244"
X-2526,MYPOP,339344.0,Amp5,5.43
X-2526,NACAD,23148.0,MutNovel,"A801V,0.600"
X-2526,NADKD1,133686.0,Amp5,5.28
X-2526,NANOS2,339345.0,Amp5,5.43
X-2526,NBPF10,100132406.0,MutNovel,"A1191Q,0.333"
X-2526,NCAPH2,29781.0,Del0.8,0.71
X-2526,NCEH1,57552.0,Amp5,6.06
X-2526,NCKIPSD,51517.0,Del0.8,0.75
X-2526,NCOA3,8202.0,MutNovel,"-1255Q,0.755"
X-2526,NCOR2,9612.0,MutNovel,"G1839GAAA,1.000"
X-2526,NCOR2,9612.0,MutNovel,"-511S,0.967"
X-2526,NCRNA00185,55410.0,Del0.8,0.15
X-2526,NDUFAF3,25915.0,Del0.8,0.75
X-2526,NEFH,4744.0,MutNovel,"KAKSPEKEE651K,0.457"
X-2526,NEU3,10825.0,MutNovel,"C227R,0.878"
X-2526,NEUROD2,4761.0,Amp5,7.36
X-2526,NEUROD6,63974.0,Amp5,5.78
X-2526,NFS1,9054.0,Amp5,5.1
X-2526,NIT1,4817.0,MutNovel,"T2A,0.449"
X-2526,NKPD1,284353.0,Amp5,5.43
X-2526,NLGN4Y,22829.0,Del0.8,0.19
X-2526,NLK,51701.0,MutNovel,"HH30-,0.588"
X-2526,NME6,10201.0,Del0.8,0.68
X-2526,NOD1,10392.0,Amp5,5.78
X-2526,NOMO1,23420.0,MutNovel,"V445M,0.316"
X-2526,NOVA2,4858.0,Amp5,5.43
X-2526,NPY,4852.0,Amp5,6.45
X-2526,NR1H2,7376.0,MutNovel,"-173Q,1.000"
X-2526,NRAS,4893.0,Amp8,15.78
X-2526,NSMCE4A,54780.0,MutNovel,"R203T,0.244"
X-2526,NUDT11,55190.0,MutKnownFunctional,"-1,1.000"
X-2526,NUMBL,9253.0,Amp5,6.23
X-2526,NUPL2,11097.0,Amp5,6.45
X-2526,ODAM,54959.0,Amp5,5.28
X-2526,ODF3B,440836.0,Del0.8,0.41
X-2526,OGFR,11054.0,MutNovel,"Q477H,0.498"
X-2526,OLFM4,10562.0,Amp5,6.45
X-2526,OPA3,80207.0,Amp5,5.43
X-2526,OR1J1,347168.0,MutKnownFunctional,"W149*,1.000"
X-2526,OR4C6,219432.0,Del0.8,0.71
X-2526,OR4P4,81300.0,Del0.8,0.71
X-2526,OR4S2,219431.0,Del0.8,0.71
X-2526,OR51A2,401667.0,Del0.8,0.8
X-2526,OR52N5,390075.0,Del0.8,0.65
X-2526,ORAI1,84876.0,MutNovel,"PP43-,1.000"
X-2526,OSMR,9180.0,MutNovel,"R608S,0.385"
X-2526,P2RY8,286530.0,MutNovel,"C1401S,0.800"
X-2526,P4HTM,54681.0,Del0.8,0.75
X-2526,PANX2,56666.0,Del0.8,0.71
X-2526,PARN,5073.0,MutNovel,"E528K,0.204"
X-2526,PCDH11Y,83259.0,Del0.8,0.3
X-2526,PCDH8,5100.0,Amp5,6.45
X-2526,PCDHB3,56132.0,MutNovel,"T534A,0.737"
X-2526,PCDHB3,56132.0,MutNovel,"G594S,0.680"
X-2526,PCDHGA8,9708.0,MutNovel,"N187K,0.778"
X-2526,PCDHGB2,56103.0,MutNovel,"R12P,0.474"
X-2526,PCDHGB4,8641.0,MutNovel,"V420I,0.929"
X-2526,PDE1C,5137.0,Amp5,5.78
X-2526,PDE3B,5140.0,MutNovel,"D1004G,0.286"
X-2526,PDRG1,81572.0,Amp5,5.13
X-2526,PER3,8863.0,MutNovel,"Q434R,0.591"
X-2526,PFKFB4,5210.0,Del0.8,0.68
X-2526,PGAP3,93210.0,Amp5,7.36
X-2526,PGLYRP1,8993.0,Amp5,5.43
X-2526,PHF10,55274.0,MutNovel,"S335I,0.437"
X-2526,PHLDA1,22822.0,MutNovel,"QQ194Q,1.000"
X-2526,PIK3CA,5290.0,MutNovel,"K111E,0.582"
X-2526,PIM3,415116.0,Del0.8,0.71
X-2526,PKDREJ,10343.0,Del0.8,0.69
X-2526,PLA2G4F,255189.0,MutNovel,"S290F,0.478"
X-2526,PLCL2,23228.0,MutNovel,"P78S,1.000"
X-2526,PLD3,23646.0,Amp5,6.23
X-2526,PLEKHA8,84725.0,Amp5,5.78
X-2526,PLEKHF1,79156.0,Amp5,5.43
X-2526,PLEKHM3,389072.0,Amp5,5.21
X-2526,PLIN4,729359.0,MutNovel,"A463V,0.211"
X-2526,PLXNB1,5364.0,Del0.8,0.68
X-2526,PLXNB2,23654.0,Del0.8,0.71
X-2526,PNMAL1,55228.0,Amp5,5.43
X-2526,PNMAL2,57469.0,Amp5,5.43
X-2526,PNMT,5409.0,Amp5,7.36
X-2526,POP4,10775.0,Amp5,5.43
X-2526,POTEF,728378.0,MutNovel,"E399Q,0.333"
X-2526,PPARA,5465.0,Del0.8,0.69
X-2526,PPM1N,147699.0,Amp5,5.43
X-2526,PPP1R13L,10848.0,Amp5,5.43
X-2526,PPP1R17,10842.0,Amp5,5.78
X-2526,PPP1R1B,84152.0,Amp5,7.36
X-2526,PPP1R37,284352.0,Amp5,5.43
X-2526,PPP5C,5536.0,Amp5,5.43
X-2526,PPP6R2,9701.0,Del0.8,0.71
X-2526,PRDM11,56981.0,MutNovel,"R277K,0.667"
X-2526,PRKAR2A,5576.0,Del0.8,0.75
X-2526,PRKY,5616.0,Del0.8,0.18
X-2526,PROL1,58503.0,Amp5,5.28
X-2526,PRR15,222171.0,Amp5,5.78
X-2526,PRX,57716.0,Amp5,6.23
X-2526,PRY,9081.0,Del0.8,0.15
X-2526,PRY,9081.0,Del0.8,0.15
X-2526,PRY2,442862.0,Del0.8,0.15
X-2526,PRY2,442862.0,Del0.8,0.15
X-2526,PSIMCT-1,100101490.0,Amp5,5.13
X-2526,PSMC4,5704.0,Amp5,6.15
X-2526,PSMD3,5709.0,MutNovel,"L372R,0.310"
X-2526,PTGIR,5739.0,Amp5,5.43
X-2526,PTPRJ,5795.0,MutNovel,"M484L,0.556"
X-2526,PVRL2,5819.0,Amp5,5.43
X-2526,QPCTL,54814.0,Amp5,5.43
X-2526,RAB4B,53916.0,Amp5,6.23
X-2526,RAB4B-EGLN2,100529264.0,Amp5,6.23
X-2526,RANBP3L,202151.0,Amp5,5.28
X-2526,RAP1GAP,5909.0,MutNovel,"Y673C,0.395"
X-2526,RBM12,10137.0,Amp5,5.1
X-2526,RBM12B,389677.0,MutNovel,"RR248R,0.442"
X-2526,RBM39,9584.0,Amp5,5.1
X-2526,RBM5,10181.0,Amp5,6.87
X-2526,RBMY1A3P,286557.0,Del0.8,0.18
X-2526,RBMY1B,378948.0,Del0.8,0.15
X-2526,RBMY1B,378948.0,Del0.8,0.15
X-2526,RBMY1E,378950.0,Del0.8,0.15
X-2526,RBMY1E,378950.0,Del0.8,0.15
X-2526,RBMY1F,159163.0,Del0.8,0.15
X-2526,RBMY1F,159163.0,Del0.8,0.15
X-2526,RBMY1J,378951.0,Del0.8,0.15
X-2526,RBMY1J,378951.0,Del0.8,0.15
X-2526,RBMY2EP,159125.0,Del0.8,0.15
X-2526,RBMY2FP,159162.0,Del0.8,0.15
X-2526,RBMY3AP,64593.0,Del0.8,0.19
X-2526,RELB,5971.0,Amp5,5.43
X-2526,REM1,28954.0,Amp5,5.13
X-2526,RIN3,79890.0,MutNovel,"G967-,1.000"
X-2526,RNF123,63891.0,Del0.8,0.7
X-2526,RNF38,152006.0,MutNovel,"R25K,0.524"
X-2526,ROMO1,140823.0,Amp5,5.1
X-2526,RPL3,6122.0,MutNovel,"N328D,0.221"
X-2526,RPS2P32,256355.0,Amp5,6.45
X-2526,RPS4Y1,6192.0,Del0.8,0.3
X-2526,RPS4Y2,140032.0,Del0.8,0.15
X-2526,RSG1,79363.0,MutNovel,"D226N,0.716"
X-2526,RSPH6A,81492.0,Amp5,5.43
X-2526,RTN2,6253.0,Amp5,5.43
X-2526,SAFB,6294.0,MutNovel,"R671H,1.000"
X-2526,SAMD1,90378.0,MutKnownFunctional,"-112?,1.000"
X-2526,SBF1,6305.0,Del0.8,0.71
X-2526,SCAND3,114821.0,MutNovel,"G293V,0.545"
X-2526,SCO2,9997.0,Del0.8,0.71
X-2526,SCRN1,9805.0,Amp5,5.78
X-2526,SDC3,9672.0,MutNovel,"R209K,0.733"
X-2526,SDK1,221935.0,MutNovel,"S58P,1.000"
X-2526,SELO,83642.0,Del0.8,0.71
X-2526,SEMA3F,6405.0,MutNovel,"R585C,1.000"
X-2526,SEMA3F,6405.0,Amp5,6.87
X-2526,SERINC2,347735.0,MutNovel,"-373Q,0.568"
X-2526,SERTAD1,29950.0,Amp5,6.23
X-2526,SERTAD3,29946.0,Amp5,6.23
X-2526,SHANK3,85358.0,Del0.8,0.78
X-2526,SHKBP1,92799.0,Amp5,6.23
X-2526,SHROOM3,57619.0,MutNovel,"G1260S,0.592"
X-2526,SIKE1,80143.0,Amp8,15.78
X-2526,SIRT5,23408.0,MutNovel,"G186E,0.517"
X-2526,SIX5,147912.0,Amp5,5.43
X-2526,SKAP2,8935.0,Amp5,6.77
X-2526,SKP2,6502.0,Amp5,5.28
X-2526,SLC10A4,201780.0,MutNovel,"G235V,0.429"
X-2526,SLC1A3,6507.0,Amp5,5.28
X-2526,SLC25A20,788.0,Del0.8,0.75
X-2526,SLC26A6,65010.0,Del0.8,0.75
X-2526,SLC35E4,339665.0,MutNovel,"A336T,0.700"
X-2526,SMR3A,26952.0,Amp5,5.28
X-2526,SMR3B,10879.0,Amp5,5.28
X-2526,SNED1,25992.0,MutNovel,"V174M,0.633"
X-2526,SNRPA,6626.0,Amp5,6.23
X-2526,SNRPD2,6633.0,Amp5,5.43
X-2526,SNX10,29887.0,Amp5,6.77
X-2526,SOX4,6659.0,MutNovel,"GGGH163-,0.541"
X-2526,SPAG4,6676.0,MutNovel,"L202P,0.645"
X-2526,SPAG4,6676.0,Amp5,5.1
X-2526,SPATA16,83893.0,Amp5,5.1
X-2526,SPATA18,132671.0,MutNovel,"S227L,0.318"
X-2526,SPINK8,646424.0,Del0.8,0.68
X-2526,SPTBN4,57731.0,Amp5,6.23
X-2526,SRY,6736.0,Del0.8,0.3
X-2526,STARD3,10948.0,Amp5,7.36
X-2526,STK31,56164.0,MutKnownFunctional,"Y689*,0.969"
X-2526,STK31,56164.0,Amp5,6.45
X-2526,SYCE3,644186.0,Del0.8,0.78
X-2526,SYMPK,8189.0,Amp5,5.43
X-2526,TAX1BP1,8887.0,Amp5,6.82
X-2526,TBC1D22A,25771.0,Del0.8,0.69
X-2526,TBKBP1,9755.0,MutNovel,"A356V,0.800"
X-2526,TBL1Y,90665.0,Del0.8,0.18
X-2526,TBP,6908.0,MutNovel,"-64Q,1.000"
X-2526,TCAP,8557.0,Amp5,7.36
X-2526,TFB1M,51106.0,MutNovel,"E123Q,0.600"
X-2526,TGIF2LY,90655.0,Del0.8,0.3
X-2526,THEG5,100507527.0,Amp5,5.43
X-2526,TMBIM4,51643.0,MutKnownFunctional,"-174?,0.600"
X-2526,TMEM168,64418.0,MutNovel,"R521S,1.000"
X-2526,TMEM89,440955.0,Del0.8,0.75
X-2526,TMSB4Y,9087.0,Del0.8,0.19
X-2526,TNFRSF6B,8771.0,MutKnownFunctional,"-43,0.233"
X-2526,TNFSF10,8743.0,Amp5,6.06
X-2526,TNRC18,84629.0,MutNovel,"SS2628S,0.275"
X-2526,TNRC18,84629.0,MutNovel,"T352N,0.773"
X-2526,TNRC6A,27327.0,MutNovel,"Q100P,0.714"
X-2526,TOMM40,10452.0,Amp5,5.43
X-2526,TOX2,84969.0,MutNovel,"-390P,0.234"
X-2526,TP53,7157.0,MutKnownFunctional,"R273H,0.996"
X-2526,TPX2,22974.0,Amp5,5.13
X-2526,TRA2A,29896.0,Amp5,6.45
X-2526,TRABD,80305.0,Del0.8,0.71
X-2526,TRAFD1,10906.0,MutNovel,"Q349E,0.510"
X-2526,TRAPPC6A,79090.0,Amp5,5.43
X-2526,TREX1,11277.0,Del0.8,0.68
X-2526,TRIL,9865.0,Amp5,6.82
X-2526,TRMU,55687.0,Del0.8,0.69
X-2526,TSHZ3,57616.0,Amp5,5.43
X-2526,TSPY1,7258.0,Del0.8,0.18
X-2526,TSPY2,64591.0,Del0.8,0.18
X-2526,TSPY3,728137.0,Del0.8,0.12
X-2526,TSPY4,728395.0,Del0.8,0.13
X-2526,TSPY8,728403.0,Del0.8,0.18
X-2526,TTC38,55020.0,Del0.8,0.69
X-2526,TTC9B,148014.0,Amp5,6.15
X-2526,TTLL9,164395.0,Amp5,5.13
X-2526,TTTY10,246119.0,Del0.8,0.15
X-2526,TTTY11,83866.0,Del0.8,0.18
X-2526,TTTY12,83867.0,Del0.8,0.18
X-2526,TTTY13,83868.0,Del0.8,0.15
X-2526,TTTY14,83869.0,Del0.8,0.15
X-2526,TTTY15,64595.0,Del0.8,0.19
X-2526,TTTY16,252948.0,Del0.8,0.18
X-2526,TTTY17A,252949.0,Del0.8,0.07
X-2526,TTTY17A,252949.0,Del0.8,0.1
X-2526,TTTY18,252950.0,Del0.8,0.18
X-2526,TTTY19,252952.0,Del0.8,0.18
X-2526,TTTY1B,100101116.0,Del0.8,0.18
X-2526,TTTY1B,100101116.0,Del0.8,0.19
X-2526,TTTY2,60439.0,Del0.8,0.18
X-2526,TTTY2,60439.0,Del0.8,0.19
X-2526,TTTY20,252951.0,Del0.8,0.18
X-2526,TTTY21,252953.0,Del0.8,0.18
X-2526,TTTY21,252953.0,Del0.8,0.19
X-2526,TTTY22,252954.0,Del0.8,0.19
X-2526,TTTY23,252955.0,Del0.8,0.19
X-2526,TTTY23,252955.0,Del0.8,0.18
X-2526,TTTY3,114760.0,Del0.8,0.13
X-2526,TTTY3,114760.0,Del0.8,0.15
X-2526,TTTY4,114761.0,Del0.8,0.07
X-2526,TTTY4,114761.0,Del0.8,0.1
X-2526,TTTY5,83863.0,Del0.8,0.15
X-2526,TTTY6,84672.0,Del0.8,0.15
X-2526,TTTY6,84672.0,Del0.8,0.15
X-2526,TTTY7,246122.0,Del0.8,0.18
X-2526,TTTY7,246122.0,Del0.8,0.19
X-2526,TTTY7B,100101120.0,Del0.8,0.19
X-2526,TTTY7B,100101120.0,Del0.8,0.18
X-2526,TTTY8,84673.0,Del0.8,0.18
X-2526,TTTY8,84673.0,Del0.8,0.19
X-2526,TTTY9A,83864.0,Del0.8,0.15
X-2526,TTTY9A,83864.0,Del0.8,0.15
X-2526,TUBGCP2,10844.0,MutNovel,"T201A,0.484"
X-2526,TUBGCP6,85378.0,Del0.8,0.71
X-2526,TXLNG2P,246126.0,Del0.8,0.15
X-2526,TYMP,1890.0,Del0.8,0.54
X-2526,UCN2,90226.0,Del0.8,0.43
X-2526,UGT3A1,133688.0,Amp5,5.28
X-2526,UGT3A2,167127.0,Amp5,5.28
X-2526,UPK3B,80761.0,MutNovel,"R284Q,0.641"
X-2526,UQCRC1,7384.0,Del0.8,0.56
X-2526,UQCRFS1,7386.0,Amp5,5.43
X-2526,URI1,8725.0,Amp5,5.43
X-2526,USP3,9960.0,MutNovel,"R365Q,1.000"
X-2526,USP32P2,220594.0,Del0.8,0.66
X-2526,USP36,57602.0,MutNovel,"KKK958K,1.000"
X-2526,USP9Y,8287.0,Del0.8,0.19
X-2526,UTY,7404.0,Del0.8,0.19
X-2526,VAC14,55697.0,MutNovel,"R108S,0.342"
X-2526,VASP,7408.0,Amp5,5.43
X-2526,VCX3B,425054.0,MutNovel,"E159Q,0.250"
X-2526,VCX3B,425054.0,MutNovel,"V180L,0.500"
X-2526,VCY,9084.0,Del0.8,0.19
X-2526,VCY,9084.0,Del0.8,0.19
X-2526,VSTM2B,342865.0,Amp5,5.43
X-2526,WASH1,100287171.0,MutNovel,"T2S,0.600"
X-2526,WDR6,11180.0,Del0.8,0.75
X-2526,WIPF3,644150.0,Amp5,5.78
X-2526,XKR7,343702.0,Amp5,5.13
X-2526,XKR8,55113.0,MutNovel,"L10-,0.688"
X-2526,XKRY2,353515.0,Del0.8,0.15
X-2526,XKRY2,353515.0,Del0.8,0.15
X-2526,ZBED4,9889.0,Del0.8,0.71
X-2526,ZBTB40,9923.0,MutNovel,"G792S,0.920"
X-2526,ZBTB7C,201501.0,MutNovel,"A537E,1.000"
X-2526,ZC2HC1C,,MutKnownFunctional,"-328?,1.000"
X-2526,ZC3H4,23211.0,MutNovel,"A3T,0.455"
X-2526,ZDHHC11,79844.0,MutNovel,"A303D,0.783"
X-2526,ZFY,7544.0,Del0.8,0.3
X-2526,ZMPSTE24,10269.0,MutKnownFunctional,"-359?,0.258"
X-2526,ZNF17,7565.0,MutKnownFunctional,"-593,0.367"
X-2526,ZNF217,7764.0,Amp5,5.28
X-2526,ZNF296,162979.0,Amp5,5.43
X-2526,ZNF362,149076.0,MutNovel,"T138A,0.681"
X-2526,ZNF536,9745.0,Amp5,5.43
X-2526,ZNF546,339327.0,Amp5,6.15
X-2526,ZNF589,51385.0,Del0.8,0.68
X-2526,ZNF678,339500.0,MutNovel,"K36E,0.688"
X-2526,ZNF732,654254.0,MutNovel,"V77M,1.000"
X-2526,ZNF75D,7626.0,MutNovel,"S487I,0.380"
X-2526,ZNF772,400720.0,MutNovel,"A4GP,0.636"
X-2526,ZNF780A,284323.0,Amp5,6.15
X-2526,ZNF780B,163131.0,Amp5,6.15
X-2526,ZNF888,,MutNovel,"E603D,0.301"
X-2526,ZNRF2,223082.0,Amp5,5.78
X-2526,ZNRF2P1,441208.0,Amp8,9.85
X-2607,AATK,9625.0,MutNovel,"A1332T,0.455"
X-2607,ABCA2,20.0,MutNovel,"A996V,0.347"
X-2607,ABCC10,89845.0,MutNovel,"R489W,0.345"
X-2607,ABHD8,79575.0,MutNovel,"R97Q,0.375"
X-2607,ACAP2,23527.0,MutNovel,"I503T,0.552"
X-2607,ACIN1,22985.0,MutNovel,"A488T,0.538"
X-2607,ACLY,47.0,MutNovel,"G511C,0.495"
X-2607,ACOT7,11332.0,MutNovel,"R322C,0.556"
X-2607,ACSF3,197322.0,MutNovel,"G261V,0.463"
X-2607,ACTR2,10097.0,MutNovel,"A153T,0.461"
X-2607,ADAT3,113179.0,MutNovel,"P68L,0.625"
X-2607,ADIPOR2,79602.0,MutNovel,"G378R,0.467"
X-2607,ADM2,79924.0,MutKnownFunctional,"R107*,0.286"
X-2607,ADNP2,22850.0,MutKnownFunctional,"-322,0.486"
X-2607,ADRM1,11047.0,MutNovel,"M133I,0.438"
X-2607,AFTPH,54812.0,MutNovel,"R7Q,0.383"
X-2607,AGBL5,60509.0,MutNovel,"R638W,0.535"
X-2607,AGPAT5,55326.0,MutNovel,"R264H,0.600"
X-2607,AHDC1,27245.0,MutNovel,"P962L,0.373"
X-2607,AHDC1,27245.0,MutNovel,"R956H,0.554"
X-2607,AIMP1,9255.0,MutNovel,"M115L,0.420"
X-2607,AKT1,207.0,MutNovel,"R174H,0.508"
X-2607,ALX3,257.0,MutKnownFunctional,"-287,0.436"
X-2607,AMELY,266.0,Del0.8,0.17
X-2607,AMPD2,271.0,MutNovel,"T663I,0.447"
X-2607,ANAPC2,29882.0,MutNovel,"A406V,0.487"
X-2607,ANAPC5,51433.0,MutNovel,"A309V,0.496"
X-2607,ANKRD12,23253.0,MutKnownFunctional,"-895,0.400"
X-2607,ANKRD17,26057.0,MutNovel,"A1065V,0.421"
X-2607,ANKRD17,26057.0,MutNovel,"A673T,0.413"
X-2607,ANO10,55129.0,MutNovel,"G351R,0.543"
X-2607,ANO2,57101.0,MutNovel,"D514N,0.750"
X-2607,ANO8,57719.0,MutNovel,"E588D,0.750"
X-2607,API5,8539.0,MutKnownFunctional,"Q20*,0.518"
X-2607,APOE,348.0,MutNovel,"R196C,0.604"
X-2607,ARAP1,116985.0,MutNovel,"A35T,0.444"
X-2607,ARHGAP23,57636.0,MutNovel,"V501I,0.438"
X-2607,ARHGAP27,201176.0,MutNovel,"E203K,0.474"
X-2607,ARHGAP4,393.0,MutNovel,"T938A,0.993"
X-2607,ARHGEF40,55701.0,MutNovel,"R1138W,0.559"
X-2607,ARID1A,8289.0,MutKnownFunctional,"R1276*,0.320"
X-2607,ARID1A,8289.0,MutKnownFunctional,"-2120,0.636"
X-2607,ARID2,196528.0,MutNovel,"Y158C,0.476"
X-2607,ARL2,402.0,MutNovel,"T47M,0.481"
X-2607,ARMC9,80210.0,MutNovel,"R489H,0.521"
X-2607,ARNT,405.0,MutNovel,"Y561F,0.649"
X-2607,ARNT,405.0,MutNovel,"V384L,0.757"
X-2607,ARNT,405.0,MutKnownFunctional,"-246?,0.264"
X-2607,ASAP1,50807.0,MutNovel,"R211M,0.267"
X-2607,ASMTL,8623.0,MutNovel,"R657Q,0.750"
X-2607,ASPM,259266.0,MutNovel,"G3366R,0.477"
X-2607,ATAD5,79915.0,MutNovel,"S1163R,0.312"
X-2607,ATAT1,79969.0,MutNovel,"R284C,0.500"
X-2607,ATF7IP,55729.0,MutNovel,"E627G,0.212"
X-2607,ATM,472.0,MutNovel,"G2508R,0.600"
X-2607,ATP11A,23250.0,MutNovel,"V227M,0.584"
X-2607,ATP2B1,490.0,MutNovel,"R926H,0.227"
X-2607,ATP2C1,27032.0,MutNovel,"T743M,0.526"
X-2607,ATP6V0A2,23545.0,MutNovel,"A635T,0.481"
X-2607,ATP9A,10079.0,MutNovel,"Q698R,0.505"
X-2607,ATXN2L,11273.0,MutKnownFunctional,"-998,0.412"
X-2607,AUTS2,26053.0,MutKnownFunctional,"W809*,0.280"
X-2607,AUTS2,26053.0,MutNovel,"R1141W,0.654"
X-2607,AXL,558.0,MutNovel,"G828V,0.481"
X-2607,B4GALNT4,338707.0,MutNovel,"F426Y,0.487"
X-2607,BACE2,25825.0,MutNovel,"Q382R,0.547"
X-2607,BAG1,573.0,MutKnownFunctional,"E326*,0.429"
X-2607,BAG1,573.0,MutNovel,"Q225H,0.417"
X-2607,BAG6,7917.0,MutNovel,"A529T,0.534"
X-2607,BAI2,576.0,MutNovel,"T891A,0.438"
X-2607,BANP,54971.0,MutNovel,"R157H,0.469"
X-2607,BANP,54971.0,MutNovel,"V483M,0.595"
X-2607,BCAS4,55653.0,MutNovel,"M107I,0.500"
X-2607,BCL3,602.0,MutNovel,"A304V,0.496"
X-2607,BCL9,607.0,MutNovel,"I697F,0.386"
X-2607,BCORP1,286554.0,Del0.8,0.17
X-2607,BIN1,274.0,MutNovel,"A153V,0.516"
X-2607,BPY2B,442867.0,Del0.8,0.17
X-2607,BPY2B,442867.0,Del0.8,0.17
X-2607,BRWD1,54014.0,MutNovel,"A872T,0.500"
X-2607,BZRAP1,9256.0,MutNovel,"A1032V,0.500"
X-2607,C10orf47,254427.0,MutNovel,"E304D,0.296"
X-2607,C12orf63,,MutNovel,"E802K,1.000"
X-2607,C14orf43,91748.0,MutKnownFunctional,"-313,0.477"
X-2607,C16orf3,750.0,MutNovel,"T73I,0.375"
X-2607,C16orf52,730094.0,MutNovel,"F104I,0.500"
X-2607,C16orf71,146562.0,MutNovel,"R200Q,0.769"
X-2607,C19orf12,83636.0,MutNovel,"S100N,0.360"
X-2607,C19orf21,126353.0,MutNovel,"R303C,0.500"
X-2607,C1orf123,54987.0,MutNovel,"K143T,0.418"
X-2607,C1orf158,93190.0,MutNovel,"P190H,0.800"
X-2607,C20orf43,51507.0,MutNovel,"V24I,0.532"
X-2607,C21orf58,54058.0,MutNovel,"H299PN,0.588"
X-2607,C2orf55,343990.0,MutNovel,"A511V,0.800"
X-2607,C2orf81,388963.0,MutNovel,"A48V,0.556"
X-2607,C5orf63,401207.0,MutNovel,"P80T,0.500"
X-2607,C7orf31,136895.0,MutNovel,"P242S,0.727"
X-2607,C9orf169,375791.0,MutNovel,"S39T,0.517"
X-2607,C9orf172,389813.0,MutNovel,"D421N,0.667"
X-2607,CA14,23632.0,MutNovel,"S54N,0.333"
X-2607,CACHD1,57685.0,MutNovel,"E1106K,0.240"
X-2607,CAMSAP3,57662.0,MutNovel,"L105M,0.455"
X-2607,CAPN6,827.0,MutNovel,"A445T,0.216"
X-2607,CARD14,79092.0,MutNovel,"R597Q,0.714"
X-2607,CARD14,79092.0,MutNovel,"D659V,0.227"
X-2607,CASC3,22794.0,MutNovel,"K177T,0.315"
X-2607,CASK,8573.0,MutNovel,"R130C,1.000"
X-2607,CBWD6,644019.0,MutKnownFunctional,"-259?,0.300"
X-2607,CC2D2A,57545.0,MutNovel,"G348S,0.667"
X-2607,CCDC120,90060.0,MutNovel,"A295T,0.826"
X-2607,CCDC120,90060.0,MutKnownFunctional,"-433,0.855"
X-2607,CCDC157,550631.0,MutNovel,"M357I,0.409"
X-2607,CCDC157,550631.0,MutNovel,"S460N,0.619"
X-2607,CCDC157,550631.0,MutNovel,"S506N,0.562"
X-2607,CCDC17,149483.0,MutNovel,"R143M,0.600"
X-2607,CCDC17,149483.0,MutNovel,"R118H,0.400"
X-2607,CCDC66,285331.0,MutNovel,"S606SP,0.500"
X-2607,CCNL2,81669.0,MutNovel,"V233M,0.493"
X-2607,CDC42BPA,8476.0,MutKnownFunctional,"R1288*,0.283"
X-2607,CDC42EP1,11135.0,MutNovel,"PAPAANPS253P,0.217"
X-2607,CDC42EP1,11135.0,MutKnownFunctional,"-286,0.394"
X-2607,CDK11B,984.0,MutNovel,"G542R,0.441"
X-2607,CDY1B,253175.0,Del0.8,0.17
X-2607,CDY1B,253175.0,Del0.8,0.17
X-2607,CDY2A,9426.0,Del0.8,0.17
X-2607,CDY2A,9426.0,Del0.8,0.17
X-2607,CDY2B,203611.0,Del0.8,0.17
X-2607,CDY2B,203611.0,Del0.8,0.17
X-2607,CECR5,27440.0,MutNovel,"G387R,0.437"
X-2607,CEP120,153241.0,MutNovel,"V698A,0.308"
X-2607,CEP192,55125.0,MutNovel,"G2509C,0.593"
X-2607,CHD4,1108.0,MutNovel,"R1127Q,0.496"
X-2607,CHD4,1108.0,MutLikelyFunctional,"R975H,0.499"
X-2607,CHDH,55349.0,MutNovel,"R428W,0.623"
X-2607,CHMP1A,5119.0,MutKnownFunctional,"G149*,0.355"
X-2607,CHN2,1124.0,MutNovel,"V466I,0.261"
X-2607,CIC,23152.0,MutNovel,"R507H,0.401"
X-2607,CIZ1,25792.0,MutNovel,"V465G,0.429"
X-2607,CKAP2,26586.0,MutNovel,"A411T,0.233"
X-2607,CKAP4,10970.0,MutNovel,"L185I,0.505"
X-2607,CLASRP,11129.0,MutNovel,"R401H,0.333"
X-2607,CLDN6,9074.0,MutNovel,"Y67C,0.747"
X-2607,CLEC18B,497190.0,MutNovel,"R70Q,0.800"
X-2607,CLK3,1198.0,MutKnownFunctional,"R154*,0.417"
X-2607,CLN3,1201.0,MutNovel,"V180A,0.527"
X-2607,CLPB,81570.0,MutNovel,"V431I,0.692"
X-2607,COBLL1,22837.0,MutKnownFunctional,"-907,0.350"
X-2607,COL11A2,1302.0,MutNovel,"P809A,0.600"
X-2607,COL5A2,1290.0,MutNovel,"G964S,0.455"
X-2607,COMMD6,170622.0,MutNovel,"A50S,0.500"
X-2607,CORO6,84940.0,MutNovel,"A48V,0.533"
X-2607,CPXM1,56265.0,MutNovel,"Y617H,0.750"
X-2607,CRAT,1384.0,MutNovel,"V160M,0.341"
X-2607,CRELD2,79174.0,MutNovel,"P19L,0.654"
X-2607,CRIPAK,285464.0,MutNovel,"P363S,0.518"
X-2607,CROCC,9696.0,MutNovel,"R1846C,0.583"
X-2607,CRTAP,10491.0,MutNovel,"L21R,0.473"
X-2607,CSDE1,7812.0,MutNovel,"R720H,0.514"
X-2607,CSGALNACT2,55454.0,MutNovel,"E360D,0.500"
X-2607,CSPG4P1Y,114758.0,Del0.8,0.17
X-2607,CSPG4P1Y,114758.0,Del0.8,0.17
X-2607,CSPP1,79848.0,MutKnownFunctional,"R774*,0.423"
X-2607,CTDSPL,10217.0,MutNovel,"R262Q,0.542"
X-2607,CTNNB1,1499.0,MutNovel,"R200H,0.503"
X-2607,CTNND1,1500.0,MutNovel,"R836W,0.486"
X-2607,CTPS2,56474.0,MutNovel,"N516S,0.418"
X-2607,CTR9,9646.0,MutNovel,"V673A,0.495"
X-2607,CTSA,5476.0,MutNovel,"L29-,0.428"
X-2607,CTSA,5476.0,MutNovel,"S305G,0.441"
X-2607,CTU1,90353.0,MutNovel,"C26R,0.625"
X-2607,CUEDC1,404093.0,MutNovel,"R372H,0.691"
X-2607,CUEDC1,404093.0,MutKnownFunctional,"-320,0.210"
X-2607,CUL3,8452.0,MutNovel,"M132T,0.550"
X-2607,CWC22,57703.0,MutNovel,"T837I,0.536"
X-2607,CXorf22,170063.0,MutNovel,"S806P,0.714"
X-2607,CYC1,1537.0,MutNovel,"R228Q,0.517"
X-2607,DAZ1,1617.0,Del0.8,0.17
X-2607,DAZ2,57055.0,Del0.8,0.17
X-2607,DAZ3,57054.0,Del0.8,0.17
X-2607,DAZ3,57054.0,Del0.8,0.17
X-2607,DAZ4,57135.0,Del0.8,0.17
X-2607,DAZ4,57135.0,Del0.8,0.17
X-2607,DCAF10,79269.0,MutNovel,"V399I,0.435"
X-2607,DDX3Y,8653.0,Del0.8,0.17
X-2607,DDX41,51428.0,MutNovel,"R101H,0.510"
X-2607,DDX47,51202.0,MutNovel,"R62H,0.439"
X-2607,DEGS1,8560.0,MutNovel,"T15A,0.415"
X-2607,DENND4B,9909.0,MutNovel,"QQQ908-,0.245"
X-2607,DENND5A,23258.0,MutNovel,"R731H,0.454"
X-2607,DFNB31,25861.0,MutNovel,"Q421R,0.571"
X-2607,DHX8,1659.0,MutNovel,"R301W,0.492"
X-2607,DICER1,23405.0,MutNovel,"T96M,0.700"
X-2607,DIDO1,11083.0,MutNovel,"R63C,0.436"
X-2607,DIEXF,27042.0,MutNovel,"D113N,0.220"
X-2607,DIEXF,27042.0,MutNovel,"V369M,0.583"
X-2607,DIP2A,23181.0,MutNovel,"S162N,0.647"
X-2607,DIP2B,57609.0,MutNovel,"T1336N,0.542"
X-2607,DLG5,9231.0,MutNovel,"R283H,0.429"
X-2607,DMTF1,9988.0,MutNovel,"A670T,0.628"
X-2607,DNAH1,25981.0,MutNovel,"G3882R,0.565"
X-2607,DNAJB12,54788.0,MutNovel,"Y263C,0.452"
X-2607,DNM1,1759.0,MutKnownFunctional,"-809?,0.667"
X-2607,DNMT1,1786.0,MutNovel,"T594M,0.378"
X-2607,DOCK6,57572.0,MutNovel,"R1543W,0.400"
X-2607,DSCAML1,57453.0,MutNovel,"R1714Q,0.240"
X-2607,DST,667.0,MutNovel,"G4343R,0.500"
X-2607,DYRK1B,9149.0,MutNovel,"A464T,0.593"
X-2607,EBP,10682.0,MutNovel,"A70V,0.767"
X-2607,EEF2,1938.0,MutNovel,"R625C,0.532"
X-2607,EEF2K,29904.0,MutNovel,"R171H,0.400"
X-2607,EFHD1,80303.0,MutNovel,"A31V,0.500"
X-2607,EGR1,1958.0,MutNovel,"I108V,0.482"
X-2607,EIF1AY,9086.0,Del0.8,0.17
X-2607,EIF2S1,1965.0,MutNovel,"T279A,0.473"
X-2607,EIF2S3,1968.0,MutNovel,"G291D,0.791"
X-2607,EIF3B,8662.0,MutNovel,"G811W,0.583"
X-2607,EIF3D,8664.0,MutNovel,"R208C,0.380"
X-2607,ELFN1,392617.0,MutNovel,"R119Q,0.625"
X-2607,EMC10,,MutNovel,"R262W,0.354"
X-2607,ENO3,2027.0,MutNovel,"A108V,0.333"
X-2607,ENTPD8,377841.0,MutNovel,"L180S,0.900"
X-2607,EP400,57634.0,MutNovel,"V1442M,0.684"
X-2607,EPB41L1,2036.0,MutNovel,"G390D,0.234"
X-2607,EPHA1,2041.0,MutNovel,"A320T,0.517"
X-2607,EPHA2,1969.0,MutNovel,"R743C,0.581"
X-2607,ERBB3,2065.0,MutNovel,"R929W,0.394"
X-2607,ERF,2077.0,MutNovel,"S431L,0.493"
X-2607,ERN1,2081.0,MutNovel,"P77H,0.231"
X-2607,ERP27,121506.0,MutNovel,"I53T,0.417"
X-2607,ESF1,51575.0,MutNovel,"R795W,0.561"
X-2607,ESPN,83715.0,MutNovel,"D744N,0.415"
X-2607,ETHE1,23474.0,MutNovel,"G117E,0.702"
X-2607,EVI5,7813.0,MutNovel,"K635E,0.400"
X-2607,EVPL,2125.0,MutNovel,"I1135T,0.423"
X-2607,EVPL,2125.0,MutNovel,"G222R,0.417"
X-2607,EXT1,2131.0,MutNovel,"L728P,0.612"
X-2607,FAHD1,81889.0,MutNovel,"S174G,0.523"
X-2607,FAM106A,80039.0,Del0.8,0.48
X-2607,FAM107B,83641.0,MutNovel,"E285K,0.505"
X-2607,FAM114A2,10827.0,MutNovel,"H375R,0.381"
X-2607,FAM131A,131408.0,MutNovel,"H227N,0.364"
X-2607,FAM155B,27112.0,MutNovel,"V361M,1.000"
X-2607,FAM175A,84142.0,MutNovel,"T146S,0.292"
X-2607,FAM18B2,201158.0,MutNovel,"S199C,1.000"
X-2607,FAM197Y2P,252946.0,Del0.8,0.17
X-2607,FAM40B,57464.0,MutNovel,"A128N,1.000"
X-2607,FAM41AY1,340618.0,Del0.8,0.17
X-2607,FAM41AY1,340618.0,Del0.8,0.17
X-2607,FAM71E1,112703.0,MutNovel,"R109L,0.333"
X-2607,FAM83E,54854.0,MutNovel,"R316H,0.654"
X-2607,FAM98A,25940.0,MutNovel,"R308G,0.462"
X-2607,FASTKD3,79072.0,MutNovel,"Q495H,0.351"
X-2607,FAT1,2195.0,MutNovel,"G3456C,0.550"
X-2607,FBXO10,26267.0,MutNovel,"V446I,0.800"
X-2607,FBXO44,93611.0,MutNovel,"T19M,0.382"
X-2607,FBXO46,23403.0,MutNovel,"A441T,0.314"
X-2607,FBXO8,26269.0,MutNovel,"H118Y,0.258"
X-2607,FBXW11,23291.0,MutNovel,"R414C,0.458"
X-2607,FCGBP,8857.0,MutNovel,"R5160C,0.885"
X-2607,FDX1,2230.0,MutNovel,"G5R,0.633"
X-2607,FLYWCH1,84256.0,MutNovel,"R184C,0.705"
X-2607,FNBP1L,54874.0,MutKnownFunctional,"R499*,0.254"
X-2607,FNIP1,96459.0,MutNovel,"A746T,0.467"
X-2607,FRAS1,80144.0,MutNovel,"S1683N,1.000"
X-2607,FREM1,158326.0,MutNovel,"L1532M,0.364"
X-2607,FSTL1,11167.0,MutNovel,"R162H,0.546"
X-2607,FURIN,5045.0,MutNovel,"A649T,0.581"
X-2607,FURIN,5045.0,MutNovel,"R677Q,0.559"
X-2607,FUS,2521.0,MutNovel,"T317M,0.495"
X-2607,FUT1,2523.0,MutNovel,"L336P,0.389"
X-2607,FUT1,2523.0,MutNovel,"R138H,0.625"
X-2607,FUZ,80199.0,MutNovel,"P232T,0.271"
X-2607,FZD2,2535.0,MutNovel,"L136M,0.800"
X-2607,FZD7,8324.0,MutNovel,"A442V,1.000"
X-2607,FZD8,8325.0,MutNovel,"L539F,0.333"
X-2607,GAA,2548.0,MutNovel,"R436Q,0.622"
X-2607,GABRE,2564.0,MutNovel,"L211P,1.000"
X-2607,GALM,130589.0,MutNovel,"T282M,0.536"
X-2607,GATAD2A,54815.0,MutNovel,"V83M,0.531"
X-2607,GDAP2,54834.0,MutNovel,"V152I,0.516"
X-2607,GDPD3,79153.0,MutNovel,"R38H,0.583"
X-2607,GDPD5,81544.0,MutNovel,"E416D,0.406"
X-2607,GIGYF2,26058.0,MutNovel,"PQ1231P,0.391"
X-2607,GLDC,2731.0,MutNovel,"P1004H,0.585"
X-2607,GLTSCR1,29998.0,MutKnownFunctional,"-977,0.364"
X-2607,GNAI2,2771.0,MutNovel,"D103N,0.531"
X-2607,GNG3,2785.0,MutNovel,"A39T,0.417"
X-2607,GOLGA2P2Y,84559.0,Del0.8,0.17
X-2607,GOLGA2P2Y,84559.0,Del0.8,0.17
X-2607,GOLGA6L3,,MutNovel,"G177E,1.000"
X-2607,GOLGA6L4,,MutNovel,"G177E,0.750"
X-2607,GPR108,56927.0,MutNovel,"G369W,0.471"
X-2607,GPR158,57512.0,MutNovel,"R517Q,1.000"
X-2607,GPRIN1,114787.0,MutNovel,"A514V,0.571"
X-2607,GRIP1,23426.0,MutNovel,"A1036V,0.474"
X-2607,GRN,2896.0,MutNovel,"A324V,0.450"
X-2607,GSK3B,2932.0,MutNovel,"G34S,0.487"
X-2607,GSTA4,2941.0,MutNovel,"V216I,0.654"
X-2607,GSTM1,2944.0,Del0.8,0.68
X-2607,GTF2IRD1,9569.0,MutNovel,"A372T,0.494"
X-2607,GUF1,60558.0,MutNovel,"A123T,0.333"
X-2607,GYG2P1,352887.0,Del0.8,0.17
X-2607,HCN3,57657.0,MutNovel,"E389G,0.571"
X-2607,HDAC10,83933.0,MutNovel,"R516W,0.561"
X-2607,HEATR1,55127.0,MutNovel,"K1856R,0.230"
X-2607,HEATR5A,25938.0,MutNovel,"L373-,0.450"
X-2607,HECTD2,143279.0,MutNovel,"R436Q,0.375"
X-2607,HELLS,3070.0,MutNovel,"A342V,0.667"
X-2607,HERC2,8924.0,MutNovel,"H4414Y,0.615"
X-2607,HERC2,8924.0,MutNovel,"G56R,0.500"
X-2607,HES2,54626.0,MutNovel,"P139S,0.333"
X-2607,HNRNPK,3190.0,MutNovel,"R414C,0.556"
X-2607,HOMER3,9454.0,MutNovel,"R226Q,0.493"
X-2607,HOOK2,29911.0,MutKnownFunctional,"Q55*,0.561"
X-2607,HOXB3,3213.0,MutKnownFunctional,"-34,0.475"
X-2607,HOXD3,3232.0,MutNovel,"A276T,0.353"
X-2607,HPS1,3257.0,MutKnownFunctional,"Q682*,0.667"
X-2607,HPS1,3257.0,MutKnownFunctional,"-324,0.297"
X-2607,HRH1,3269.0,MutNovel,"A72V,0.510"
X-2607,HSFY2,159119.0,Del0.8,0.17
X-2607,HSFY2,159119.0,Del0.8,0.17
X-2607,HSPG2,3339.0,MutNovel,"R2281H,0.488"
X-2607,HUWE1,10075.0,MutNovel,"E4040K,0.996"
X-2607,IFT122,55764.0,MutNovel,"R1247C,0.579"
X-2607,IFT140,9742.0,MutNovel,"S558G,0.464"
X-2607,IFT172,26160.0,MutNovel,"Y287C,0.474"
X-2607,IFT43,112752.0,MutNovel,"A33T,0.397"
X-2607,IFT81,28981.0,MutNovel,"G410C,0.500"
X-2607,INA,9118.0,MutNovel,"E156K,1.000"
X-2607,INF2,64423.0,MutNovel,"R1075C,0.438"
X-2607,INO80E,283899.0,MutKnownFunctional,"-209,0.257"
X-2607,INPP5J,27124.0,MutNovel,"R538C,0.458"
X-2607,IRF1,3659.0,MutNovel,"A84T,0.493"
X-2607,IRF2BP1,26145.0,MutNovel,"H322Y,0.377"
X-2607,IRF7,3665.0,MutNovel,"L408R,0.586"
X-2607,ITPKC,80271.0,MutNovel,"R232G,0.449"
X-2607,ITPR3,3710.0,MutNovel,"G1052D,0.442"
X-2607,JHDM1D,80853.0,MutNovel,"R913C,0.438"
X-2607,JMY,133746.0,MutNovel,"H19R,0.462"
X-2607,KBTBD4,55709.0,MutNovel,"A363T,0.500"
X-2607,KCNC3,3748.0,MutNovel,"S399L,0.289"
X-2607,KCNS3,3790.0,MutNovel,"R293W,1.000"
X-2607,KDM2A,22992.0,MutNovel,"L929V,0.398"
X-2607,KDM5B,10765.0,MutNovel,"C723R,0.512"
X-2607,KDM5D,8284.0,Del0.8,0.17
X-2607,KIAA0182,23199.0,MutKnownFunctional,"-120?,0.250"
X-2607,KIAA0182,23199.0,MutKnownFunctional,"R436*,0.400"
X-2607,KIAA0195,9772.0,MutNovel,"L1317P,0.507"
X-2607,KIAA0240,23506.0,MutKnownFunctional,"-895?,0.452"
X-2607,KIAA0391,9692.0,MutNovel,"R502W,0.500"
X-2607,KIAA0556,23247.0,MutNovel,"R804G,0.515"
X-2607,KIAA0947,23379.0,MutNovel,"A1781T,0.408"
X-2607,KIAA1217,56243.0,MutNovel,"R1053C,0.356"
X-2607,KIAA1609,57707.0,MutNovel,"Q163H,0.369"
X-2607,KIAA1731,85459.0,MutKnownFunctional,"-2320,0.439"
X-2607,KIAA1919,91749.0,MutNovel,"S474R,0.571"
X-2607,KIAA2013,90231.0,MutNovel,"A40G,0.600"
X-2607,KIAA2026,158358.0,MutNovel,"E1607G,0.735"
X-2607,KIF14,9928.0,MutNovel,"S105N,0.667"
X-2607,KIF20B,9585.0,MutNovel,"L1062LKV,0.615"
X-2607,KIF21A,55605.0,MutNovel,"S1223T,0.529"
X-2607,KIF26B,55083.0,MutNovel,"S1864C,0.667"
X-2607,KIF3A,11127.0,MutNovel,"R298H,0.414"
X-2607,KLHDC5,57542.0,MutNovel,"V379I,0.538"
X-2607,KRT14,3861.0,MutNovel,"T308S,0.778"
X-2607,KRT14,3861.0,MutNovel,"E304D,0.700"
X-2607,KRT16,3868.0,MutNovel,"S451L,0.608"
X-2607,KSR1,8844.0,MutNovel,"R265W,0.302"
X-2607,KSR1,8844.0,MutNovel,"L659P,0.321"
X-2607,LAMA3,3909.0,MutNovel,"C1696R,0.468"
X-2607,LAMB3,3914.0,MutNovel,"R430C,0.541"
X-2607,LASP1,3927.0,MutNovel,"V232M,0.494"
X-2607,LATS1,9113.0,MutKnownFunctional,"R287*,0.381"
X-2607,LCE3B,353143.0,Del0.8,0.22
X-2607,LCE3C,353144.0,Del0.8,0.14
X-2607,LGALS9C,654346.0,Del0.8,0.48
X-2607,LGMN,5641.0,MutNovel,"V141M,0.437"
X-2607,LHX1,3975.0,MutNovel,"F278L,0.355"
X-2607,LINC00226,338004.0,Amp5,5.78
X-2607,LLGL2,3993.0,MutNovel,"R920H,0.484"
X-2607,LOC100506533,,MutNovel,"A21T,0.889"
X-2607,LOC100653168,,MutNovel,"R560C,1.000"
X-2607,LOC100653168,,MutNovel,"R539W,1.000"
X-2607,LOC728503,,MutNovel,"G403W,0.571"
X-2607,LOC728888,,MutNovel,"R1015W,1.000"
X-2607,LPA,4018.0,MutNovel,"V1070I,1.000"
X-2607,LPIN2,9663.0,MutNovel,"R299W,0.571"
X-2607,LRIF1,55791.0,MutNovel,"A545T,1.000"
X-2607,LRP1,4035.0,MutNovel,"V2325I,0.528"
X-2607,LRP11,84918.0,MutNovel,"M256T,0.314"
X-2607,LRP3,4037.0,MutNovel,"R587Q,0.333"
X-2607,LRP5L,91355.0,MutNovel,"G173V,0.586"
X-2607,LRRC4,64101.0,MutNovel,"P288L,0.500"
X-2607,LRRC61,65999.0,MutNovel,"R184C,0.369"
X-2607,LRRCC1,85444.0,MutNovel,"Q920R,0.464"
X-2607,LSM11,134353.0,MutNovel,"S137N,1.000"
X-2607,MACC1,346389.0,MutNovel,"A754T,0.474"
X-2607,MAN2A1,4124.0,MutNovel,"L26P,0.444"
X-2607,MANF,7873.0,MutNovel,"A97T,0.453"
X-2607,MAP2K6,5608.0,MutNovel,"R9Q,0.510"
X-2607,MAP3K1,4214.0,MutNovel,"ST941S,0.762"
X-2607,MAP3K6,9064.0,MutNovel,"G522D,0.600"
X-2607,MAP3K9,4293.0,MutNovel,"R189C,0.480"
X-2607,MAP4K4,9448.0,MutNovel,"S259L,0.471"
X-2607,MBD5,55777.0,MutNovel,"A110T,0.600"
X-2607,MBD6,114785.0,MutNovel,"G933R,0.562"
X-2607,MCM9,254394.0,MutNovel,"G1048S,0.381"
X-2607,MED13L,23389.0,MutNovel,"P1222H,0.590"
X-2607,MED16,10025.0,MutNovel,"R421H,0.396"
X-2607,MEF2A,4205.0,MutNovel,"R444C,0.430"
X-2607,METTL16,79066.0,MutNovel,"G433W,0.519"
X-2607,MEX3D,399664.0,MutNovel,"T342I,0.482"
X-2607,MGAT4A,11320.0,MutNovel,"L152P,0.419"
X-2607,MINK1,50488.0,MutNovel,"G1315D,0.491"
X-2607,MLL3,58508.0,MutNovel,"P3308S,0.297"
X-2607,MLL3,58508.0,MutKnownFunctional,"-2797,0.688"
X-2607,MLL4,9757.0,MutKnownFunctional,"-172?,0.340"
X-2607,MLL4,9757.0,MutNovel,"A1208T,0.523"
X-2607,MLLT1,4298.0,MutNovel,"E416K,0.573"
X-2607,MLLT4,4301.0,MutNovel,"M1649I,0.286"
X-2607,MMACHC,25974.0,MutNovel,"R214H,0.467"
X-2607,MMP24,10893.0,MutNovel,"E501K,0.500"
X-2607,MORF4L1,10933.0,MutNovel,"R243C,0.503"
X-2607,MPP7,143098.0,MutNovel,"N553D,0.458"
X-2607,MPRIP,23164.0,MutNovel,"TS178T,0.465"
X-2607,MRPL10,124995.0,MutNovel,"L224I,0.525"
X-2607,MRPL23,6150.0,MutNovel,"D124N,0.440"
X-2607,MRPL24,79590.0,MutNovel,"A8T,0.459"
X-2607,MRPL38,64978.0,MutNovel,"R124C,0.497"
X-2607,MRPS21,54460.0,MutNovel,"A2T,0.488"
X-2607,MSH6,2956.0,MutNovel,"Q1155R,0.756"
X-2607,MSI1,4440.0,MutNovel,"M273I,0.263"
X-2607,MTHFR,4524.0,MutNovel,"A353T,0.517"
X-2607,MTR,4548.0,MutNovel,"R518W,0.443"
X-2607,MUC4,4585.0,MutNovel,"HA4205QT,1.000"
X-2607,MUTYH,4595.0,MutNovel,"R217C,0.434"
X-2607,MVD,4597.0,MutNovel,"R87H,0.667"
X-2607,MYL9,10398.0,MutNovel,"R104H,0.530"
X-2607,MYO10,4651.0,MutNovel,"P1641S,0.562"
X-2607,MYO18A,399687.0,MutNovel,"R226W,0.357"
X-2607,MYO1A,4640.0,MutNovel,"R352H,0.500"
X-2607,NAA25,80018.0,MutNovel,"R690Q,0.686"
X-2607,NAE1,8883.0,MutNovel,"V142I,0.466"
X-2607,NBEAL2,23218.0,MutNovel,"R265H,0.575"
X-2607,NBPF11,200030.0,MutNovel,"D679A,1.000"
X-2607,NBPF12,,MutNovel,"SF3004RL,1.000"
X-2607,NBPF14,25832.0,MutNovel,"I861G,1.000"
X-2607,NCOA2,10499.0,MutNovel,"V181L,0.444"
X-2607,NCOA7,135112.0,MutKnownFunctional,"-68,0.533"
X-2607,NCOR2,9612.0,MutNovel,"G1839GAAA,0.435"
X-2607,NCOR2,9612.0,MutNovel,"R1771C,0.609"
X-2607,NCRNA00185,55410.0,Del0.8,0.17
X-2607,NDUFV1,4723.0,MutNovel,"G47S,0.500"
X-2607,NEBL,10529.0,MutKnownFunctional,"E612*,0.484"
X-2607,NF1,4763.0,MutNovel,"A320T,0.316"
X-2607,NIPA1,123606.0,MutNovel,"A35T,0.571"
X-2607,NIPBL,25836.0,MutNovel,"P226Q,0.880"
X-2607,NKTR,4820.0,MutNovel,"P230S,0.407"
X-2607,NKTR,4820.0,MutNovel,"R331W,0.556"
X-2607,NKTR,4820.0,MutNovel,"R1414Q,0.518"
X-2607,NLGN4Y,22829.0,Del0.8,0.17
X-2607,NLRP9,338321.0,MutNovel,"R831W,0.500"
X-2607,NMB,4828.0,MutNovel,"T71S,0.543"
X-2607,NOL10,79954.0,MutNovel,"R259Q,0.500"
X-2607,NOL6,65083.0,MutNovel,"R73W,0.271"
X-2607,NOS1AP,9722.0,MutNovel,"A327V,0.484"
X-2607,NOTCH3,4854.0,MutNovel,"P226H,0.398"
X-2607,NOXA1,10811.0,MutNovel,"S336G,0.326"
X-2607,NPDC1,56654.0,MutNovel,"Y249H,0.518"
X-2607,NR0B2,8431.0,MutNovel,"V114L,0.467"
X-2607,NR1H2,7376.0,MutNovel,"P79L,0.458"
X-2607,NR3C2,4306.0,MutNovel,"T761I,0.375"
X-2607,NSMCE1,197370.0,MutNovel,"Q155R,0.349"
X-2607,NTF4,4909.0,MutNovel,"S205G,0.263"
X-2607,NUCB2,4925.0,MutNovel,"A365E,0.483"
X-2607,NUDT16L1,84309.0,MutNovel,"R14Q,0.590"
X-2607,NUP37,79023.0,MutNovel,"A226V,0.364"
X-2607,NUP93,9688.0,MutNovel,"T454M,0.541"
X-2607,OBSCN,84033.0,MutNovel,"G4897E,0.565"
X-2607,OCA2,4948.0,MutNovel,"W134R,0.714"
X-2607,ODZ4,26011.0,MutNovel,"R2233W,0.625"
X-2607,OGDHL,55753.0,MutNovel,"R837H,0.580"
X-2607,OPN3,23596.0,MutNovel,"L323I,0.727"
X-2607,ORAI1,84876.0,MutNovel,"PP43-,0.727"
X-2607,OSBP,5007.0,MutNovel,"G346D,0.459"
X-2607,OSBPL5,114879.0,MutNovel,"T469I,0.552"
X-2607,OTUB2,78990.0,MutNovel,"R77L,0.625"
X-2607,PALLD,23022.0,MutNovel,"R465C,0.385"
X-2607,PARVA,55742.0,MutNovel,"D131N,0.589"
X-2607,PCDH11Y,83259.0,Del0.8,0.3
X-2607,PCED1A,,MutKnownFunctional,"-285,0.228"
X-2607,PCNXL2,80003.0,MutNovel,"E2014K,0.758"
X-2607,PCSK1N,27344.0,MutNovel,"E89D,1.000"
X-2607,PCSK7,9159.0,MutNovel,"G596R,0.323"
X-2607,PDE4DIP,9659.0,MutNovel,"P2341L,0.417"
X-2607,PEF1,553115.0,MutNovel,"R282W,0.495"
X-2607,PEPD,5184.0,MutNovel,"M317V,0.336"
X-2607,PEX1,5189.0,MutNovel,"R923W,0.500"
X-2607,PEX16,9409.0,MutNovel,"T218I,0.493"
X-2607,PGAM2,5224.0,MutNovel,"V82L,0.794"
X-2607,PGAM5,192111.0,MutNovel,"A271V,0.532"
X-2607,PHF2,5253.0,MutKnownFunctional,"-490,0.306"
X-2607,PHKB,5257.0,MutNovel,"Q516R,0.490"
X-2607,PHLDA1,22822.0,MutNovel,"QQ194Q,0.500"
X-2607,PHRF1,57661.0,MutNovel,"D1146N,0.314"
X-2607,PHTF1,10745.0,MutNovel,"R284W,0.544"
X-2607,PI4K2A,55361.0,MutNovel,"Y465H,0.440"
X-2607,PIAS4,51588.0,MutNovel,"P417L,0.541"
X-2607,PIEZO1,9780.0,MutNovel,"R801H,0.370"
X-2607,PIEZO1,9780.0,MutNovel,"R26H,0.535"
X-2607,PIK3C2A,5286.0,MutNovel,"R1653W,0.278"
X-2607,PIK3C2A,5286.0,MutNovel,"A1547V,0.381"
X-2607,PIK3CA,5290.0,MutKnownFunctional,"E542K,0.684"
X-2607,PIK3CB,5291.0,MutNovel,"V209M,0.414"
X-2607,PITRM1,10531.0,MutNovel,"P822H,0.351"
X-2607,PKN3,29941.0,MutNovel,"N338D,0.714"
X-2607,PLCD1,5333.0,MutNovel,"A287V,0.625"
X-2607,PLCD3,113026.0,MutNovel,"R248Q,0.504"
X-2607,PLEC,5339.0,MutNovel,"R4599Q,0.444"
X-2607,PLEC,5339.0,MutNovel,"R2002H,0.524"
X-2607,PLEKHA2,59339.0,MutNovel,"Y229C,0.391"
X-2607,PLEKHG5,57449.0,MutNovel,"P950S,0.421"
X-2607,PLK4,10733.0,MutNovel,"D496E,0.571"
X-2607,PLXNA1,5361.0,MutNovel,"P232H,0.475"
X-2607,PLXNA2,5362.0,MutNovel,"G1866R,0.571"
X-2607,PMM1,5372.0,MutNovel,"L119F,0.252"
X-2607,PMVK,10654.0,MutNovel,"T126M,0.512"
X-2607,POLN,353497.0,MutKnownFunctional,"R761*,1.000"
X-2607,POT1,25913.0,MutNovel,"N8D,0.793"
X-2607,PPARA,5465.0,MutNovel,"D419N,0.458"
X-2607,PPFIA3,8541.0,MutNovel,"G749D,0.333"
X-2607,PPP1CB,5500.0,MutNovel,"L6R,0.480"
X-2607,PPP1R9B,84687.0,MutNovel,"K589R,0.432"
X-2607,PPP2R3B,28227.0,MutNovel,"L853P,1.000"
X-2607,PRICKLE3,4007.0,MutNovel,"R444C,1.000"
X-2607,PRKCQ,5588.0,MutNovel,"R592C,0.714"
X-2607,PRKCQ,5588.0,MutNovel,"R146Q,0.257"
X-2607,PRKD3,23683.0,MutNovel,"R749W,0.553"
X-2607,PRKY,5616.0,Del0.8,0.17
X-2607,PRNP,5621.0,MutNovel,"T216A,0.479"
X-2607,PROSAPIP1,,MutNovel,"P526L,0.591"
X-2607,PRSS56,646960.0,MutNovel,"P599A,0.455"
X-2607,PRY,9081.0,Del0.8,0.17
X-2607,PRY,9081.0,Del0.8,0.17
X-2607,PRY2,442862.0,Del0.8,0.17
X-2607,PRY2,442862.0,Del0.8,0.17
X-2607,PSMB4,5692.0,MutNovel,"D171N,0.522"
X-2607,PSPC1,55269.0,MutNovel,"R333C,0.529"
X-2607,PTEN,5728.0,MutKnownFunctional,"R130G,0.688"
X-2607,PTEN,5728.0,MutLikelyFunctional,"-321?,0.268"
X-2607,PTGFRN,5738.0,MutNovel,"R868H,0.445"
X-2607,PTH1R,5745.0,MutNovel,"T435M,0.597"
X-2607,PTPN21,11099.0,MutNovel,"P525T,0.375"
X-2607,PTPRH,5794.0,MutNovel,"P1093T,0.623"
X-2607,PTPRH,5794.0,MutNovel,"E1089K,0.312"
X-2607,PTPRS,5802.0,MutNovel,"R1766H,0.428"
X-2607,PTPRU,10076.0,MutNovel,"R1166H,0.507"
X-2607,QSER1,79832.0,MutKnownFunctional,"-1695,0.345"
X-2607,RAB11FIP3,9727.0,MutNovel,"P423L,0.667"
X-2607,RAC3,5881.0,MutNovel,"T108M,0.643"
X-2607,RAD51AP1,10635.0,MutNovel,"Y151H,0.366"
X-2607,RAPGEF2,9693.0,MutNovel,"I563M,0.538"
X-2607,RASEF,158158.0,MutNovel,"N425D,0.333"
X-2607,RAVER1,125950.0,MutNovel,"P232L,0.504"
X-2607,RBM14,10432.0,MutNovel,"R214C,0.458"
X-2607,RBM33,155435.0,MutNovel,"M284T,0.474"
X-2607,RBM6,10180.0,MutKnownFunctional,"R553*,0.447"
X-2607,RBM6,10180.0,MutKnownFunctional,"R936*,0.471"
X-2607,RBMY1A3P,286557.0,Del0.8,0.17
X-2607,RBMY1B,378948.0,Del0.8,0.17
X-2607,RBMY1B,378948.0,Del0.8,0.17
X-2607,RBMY1E,378950.0,Del0.8,0.17
X-2607,RBMY1E,378950.0,Del0.8,0.17
X-2607,RBMY1F,159163.0,Del0.8,0.17
X-2607,RBMY1F,159163.0,Del0.8,0.17
X-2607,RBMY1J,378951.0,Del0.8,0.17
X-2607,RBMY1J,378951.0,Del0.8,0.17
X-2607,RBMY2EP,159125.0,Del0.8,0.17
X-2607,RBMY2FP,159162.0,Del0.8,0.17
X-2607,RBMY3AP,64593.0,Del0.8,0.17
X-2607,RBPMS,11030.0,MutKnownFunctional,"W201*,0.711"
X-2607,RCC2,55920.0,MutNovel,"G33R,0.493"
X-2607,RERE,473.0,MutNovel,"H819R,0.455"
X-2607,REST,5978.0,MutNovel,"T928M,0.500"
X-2607,RFC1,5981.0,MutNovel,"I811S,0.408"
X-2607,RFC5,5985.0,MutNovel,"A13V,0.489"
X-2607,RFFL,117584.0,MutNovel,"H116Y,0.677"
X-2607,RGL2,5863.0,MutNovel,"R72C,0.499"
X-2607,RGMB,285704.0,MutNovel,"T171A,0.529"
X-2607,RGS12,6002.0,MutNovel,"V1063M,0.472"
X-2607,RHBDF2,79651.0,MutNovel,"V667M,0.520"
X-2607,RIN3,79890.0,MutNovel,"A9T,0.643"
X-2607,RIN3,79890.0,MutNovel,"G967-,0.500"
X-2607,RLIM,51132.0,MutNovel,"R443W,1.000"
X-2607,RNF145,153830.0,MutNovel,"K26E,0.222"
X-2607,RNF219,79596.0,MutNovel,"Q705H,0.448"
X-2607,RNF43,54894.0,MutKnownFunctional,"-659,0.622"
X-2607,ROBO2,6092.0,MutNovel,"T1101M,0.500"
X-2607,ROR2,4920.0,MutNovel,"G334D,0.625"
X-2607,RPAP1,26015.0,MutNovel,"R467W,0.590"
X-2607,RPAP2,79871.0,MutNovel,"V91M,0.424"
X-2607,RPS4Y1,6192.0,Del0.8,0.3
X-2607,RPS4Y2,140032.0,Del0.8,0.17
X-2607,RREB1,6239.0,MutNovel,"A1483T,0.519"
X-2607,RRP36,88745.0,MutNovel,"R121C,0.538"
X-2607,RTEL1,51750.0,MutNovel,"L296R,0.379"
X-2607,RTN4,57142.0,MutNovel,"R1108C,0.450"
X-2607,RUFY2,55680.0,MutKnownFunctional,"-153?,0.265"
X-2607,RUFY3,22902.0,MutNovel,"M373T,0.387"
X-2607,SAFB,6294.0,MutNovel,"E683K,0.617"
X-2607,SALL4,57167.0,MutNovel,"R68Q,1.000"
X-2607,SAMD4B,55095.0,MutNovel,"R123C,0.407"
X-2607,SAP130,79595.0,MutNovel,"T401M,0.300"
X-2607,SBF1,6305.0,MutNovel,"T678M,0.370"
X-2607,SCAF1,58506.0,MutNovel,"L482M,0.689"
X-2607,SCAF11,9169.0,MutKnownFunctional,"R312*,0.306"
X-2607,SCRIB,23513.0,MutNovel,"E756K,0.560"
X-2607,SDF4,51150.0,MutNovel,"A355T,0.464"
X-2607,SDHA,6389.0,MutNovel,"R232H,0.635"
X-2607,SEH1L,81929.0,MutNovel,"Y375C,0.306"
X-2607,SEH1L,81929.0,MutNovel,"P384A,0.382"
X-2607,SEH1L,81929.0,MutNovel,"V387L,0.394"
X-2607,SEH1L,81929.0,MutNovel,"R406A,0.328"
X-2607,SELENBP1,8991.0,MutNovel,"R296H,0.536"
X-2607,SEMA4A,64218.0,MutNovel,"L85M,0.441"
X-2607,SEMA4A,64218.0,MutNovel,"G725V,0.543"
X-2607,SEPHS2,22928.0,MutNovel,"P345S,0.462"
X-2607,2014-09-11 00:00:00,55752.0,MutNovel,"V102M,0.266"
X-2607,2014-09-07 00:00:00,989.0,MutNovel,"Q393H,0.451"
X-2607,SERINC2,347735.0,MutNovel,"-373Q,0.647"
X-2607,SETD8,387893.0,MutNovel,"E202K,0.629"
X-2607,SF1,7536.0,MutNovel,"R370W,0.496"
X-2607,SF3B4,10262.0,MutNovel,"P404L,0.408"
X-2607,SFI1,9814.0,MutNovel,"R925H,0.568"
X-2607,SGMS2,166929.0,MutNovel,"T94I,0.405"
X-2607,SH3PXD2A,9644.0,MutNovel,"E116K,0.700"
X-2607,SH3RF1,57630.0,MutNovel,"T602M,0.420"
X-2607,SH3TC1,54436.0,MutNovel,"A1199V,0.343"
X-2607,SHB,6461.0,MutKnownFunctional,"-42,0.414"
X-2607,SHMT2,6472.0,MutNovel,"A483T,0.495"
X-2607,SHROOM3,57619.0,MutNovel,"R1178H,0.490"
X-2607,SIN3B,23309.0,MutNovel,"P764T,0.420"
X-2607,SIPA1L3,23094.0,MutNovel,"Q1156E,0.537"
X-2607,SLC13A3,64849.0,MutNovel,"R184Q,0.333"
X-2607,SLC20A2,6575.0,MutNovel,"S305N,0.444"
X-2607,SLC25A37,51312.0,MutNovel,"R199W,0.471"
X-2607,SLC30A6,55676.0,MutNovel,"V267I,0.447"
X-2607,SLC38A10,124565.0,MutNovel,"R1094H,0.440"
X-2607,SLC39A1,27173.0,MutNovel,"R146G,0.510"
X-2607,SLC4A3,6508.0,MutNovel,"A888S,0.442"
X-2607,SLC4A3,6508.0,MutNovel,"A1203V,0.446"
X-2607,SLC7A8,23428.0,MutNovel,"I373L,0.800"
X-2607,SMARCA4,6597.0,MutNovel,"P197S,0.465"
X-2607,SMC3,9126.0,MutNovel,"L483P,0.321"
X-2607,SMCR7L,54471.0,MutNovel,"R342C,0.477"
X-2607,SMG8,55181.0,MutNovel,"H385Y,0.585"
X-2607,SNAPC4,6621.0,MutNovel,"S542-,0.277"
X-2607,SNRPB,6628.0,MutNovel,"L72M,0.487"
X-2607,SNX19,399979.0,MutNovel,"T212M,0.453"
X-2607,SNX8,29886.0,MutNovel,"A22D,0.500"
X-2607,SOS1,6654.0,MutNovel,"N233Y,0.724"
X-2607,SOWAHC,65124.0,MutNovel,"P46R,0.533"
X-2607,SOX17,64321.0,MutNovel,"G201D,0.448"
X-2607,SPAG1,6674.0,MutNovel,"T14A,0.250"
X-2607,SPAG9,9043.0,MutNovel,"I202M,0.333"
X-2607,SPECC1,92521.0,MutNovel,"T420M,0.346"
X-2607,SPEG,10290.0,MutNovel,"R1235H,0.750"
X-2607,SPPL2A,84888.0,MutNovel,"A184V,0.437"
X-2607,SPPL2B,56928.0,MutNovel,"G262S,0.324"
X-2607,SPRN,503542.0,MutNovel,"G106R,1.000"
X-2607,SRCAP,10847.0,MutNovel,"R192C,0.446"
X-2607,SRRM1,10250.0,MutNovel,"I850T,0.396"
X-2607,SRRM2,23524.0,MutNovel,"R602C,0.445"
X-2607,SRY,6736.0,Del0.8,0.3
X-2607,ST3GAL1,6482.0,MutNovel,"R238G,0.367"
X-2607,STAC,6769.0,MutNovel,"R138H,1.000"
X-2607,STAG1,10274.0,MutKnownFunctional,"R1231*,0.344"
X-2607,STAG1,10274.0,MutNovel,"L1084F,0.611"
X-2607,STIM1,6786.0,MutNovel,"D574N,0.318"
X-2607,STK35,140901.0,MutNovel,"R371W,0.523"
X-2607,STX10,8677.0,MutKnownFunctional,"-246,0.555"
X-2607,SUPT6H,6830.0,MutNovel,"R817W,0.519"
X-2607,TACC2,10579.0,MutKnownFunctional,"-2299?,0.294"
X-2607,TAF15,8148.0,MutNovel,"R343H,0.453"
X-2607,TAF1C,9013.0,MutKnownFunctional,"-534?,0.390"
X-2607,TAF4,6874.0,MutNovel,"A508T,0.600"
X-2607,TANC1,85461.0,MutNovel,"G946D,0.368"
X-2607,TANC2,26115.0,MutNovel,"N728S,0.500"
X-2607,TAPBPL,55080.0,MutNovel,"R429L,0.627"
X-2607,TATDN3,128387.0,MutNovel,"P143S,0.302"
X-2607,TBC1D10B,26000.0,MutNovel,"R671Q,0.380"
X-2607,TBC1D16,125058.0,MutNovel,"A244V,0.529"
X-2607,TBC1D23,55773.0,MutNovel,"R533W,0.250"
X-2607,TBL1Y,90665.0,Del0.8,0.17
X-2607,TBP,6908.0,MutNovel,"-64Q,0.303"
X-2607,TCF3,6929.0,MutKnownFunctional,"R604*,0.481"
X-2607,TCOF1,6949.0,MutNovel,"SEEGSE273-,0.250"
X-2607,TCOF1,6949.0,MutKnownFunctional,"-1448,0.259"
X-2607,TCP11L2,255394.0,MutNovel,"L237I,0.269"
X-2607,TDRD5,163589.0,MutNovel,"V596A,0.600"
X-2607,TEC,7006.0,MutKnownFunctional,"R580*,0.500"
X-2607,TERF1,7013.0,MutNovel,"A53G,0.435"
X-2607,TEX2,55852.0,MutNovel,"A1042T,0.540"
X-2607,TFAP4,7023.0,MutNovel,"R169L,0.500"
X-2607,TGIF2LY,90655.0,Del0.8,0.3
X-2607,THAP3,90326.0,MutNovel,"T80M,0.536"
X-2607,THBS4,7060.0,MutNovel,"A54T,0.273"
X-2607,THEMIS2,,MutNovel,"R327W,0.524"
X-2607,TICAM1,148022.0,MutNovel,"S202P,0.473"
X-2607,TIMM23,100287932.0,MutNovel,"R112G,0.231"
X-2607,TKTL1,8277.0,MutNovel,"A493V,0.998"
X-2607,TLK2,11011.0,MutNovel,"R262Q,0.275"
X-2607,TMCC3,57458.0,MutNovel,"Y16D,0.462"
X-2607,TMCO4,255104.0,MutNovel,"A196V,0.372"
X-2607,TMEM2,23670.0,MutNovel,"R1225C,0.546"
X-2607,TMEM222,84065.0,MutNovel,"A87V,0.508"
X-2607,TMEM60,85025.0,MutKnownFunctional,"-77?,0.395"
X-2607,TMEM72,643236.0,MutNovel,"T253M,0.500"
X-2607,TMPO,7112.0,MutNovel,"T200A,0.622"
X-2607,TMPRSS13,84000.0,MutNovel,"R372W,0.571"
X-2607,TMSB4Y,9087.0,Del0.8,0.17
X-2607,TNRC18,84629.0,MutNovel,"R2608G,0.270"
X-2607,TOX3,27324.0,MutNovel,"A48T,0.500"
X-2607,TRAM2,9697.0,MutNovel,"V66M,0.556"
X-2607,TRAPPC12,51112.0,MutNovel,"E176K,0.512"
X-2607,TRIM16L,147166.0,MutNovel,"Y282C,0.600"
X-2607,TRIM17,51127.0,MutNovel,"N373K,0.455"
X-2607,TRIM2,23321.0,MutNovel,"R91H,0.459"
X-2607,TRIM36,55521.0,MutNovel,"S708N,0.741"
X-2607,TRIM37,4591.0,MutNovel,"R61Q,0.591"
X-2607,TRIP12,9320.0,MutNovel,"D261V,0.500"
X-2607,TSC2,7249.0,MutNovel,"K829N,0.545"
X-2607,TSNARE1,203062.0,MutNovel,"T150M,0.565"
X-2607,TSPY1,7258.0,Del0.8,0.17
X-2607,TSPY2,64591.0,Del0.8,0.17
X-2607,TSPY3,728137.0,Del0.8,0.17
X-2607,TSPY4,728395.0,Del0.8,0.17
X-2607,TSPY8,728403.0,Del0.8,0.17
X-2607,TSPYL1,7259.0,MutNovel,"V176VW,0.837"
X-2607,TST,7263.0,MutNovel,"A283P,0.480"
X-2607,TTLL12,23170.0,MutNovel,"R478W,0.558"
X-2607,TTLL2,83887.0,MutNovel,"T516M,0.667"
X-2607,TTN,7273.0,MutNovel,"D14669V,0.600"
X-2607,TTTY10,246119.0,Del0.8,0.17
X-2607,TTTY11,83866.0,Del0.8,0.17
X-2607,TTTY12,83867.0,Del0.8,0.17
X-2607,TTTY13,83868.0,Del0.8,0.17
X-2607,TTTY14,83869.0,Del0.8,0.17
X-2607,TTTY15,64595.0,Del0.8,0.17
X-2607,TTTY16,252948.0,Del0.8,0.17
X-2607,TTTY17A,252949.0,Del0.8,0.17
X-2607,TTTY17A,252949.0,Del0.8,0.17
X-2607,TTTY18,252950.0,Del0.8,0.17
X-2607,TTTY19,252952.0,Del0.8,0.17
X-2607,TTTY1B,100101116.0,Del0.8,0.17
X-2607,TTTY1B,100101116.0,Del0.8,0.17
X-2607,TTTY2,60439.0,Del0.8,0.17
X-2607,TTTY2,60439.0,Del0.8,0.17
X-2607,TTTY20,252951.0,Del0.8,0.17
X-2607,TTTY21,252953.0,Del0.8,0.17
X-2607,TTTY21,252953.0,Del0.8,0.17
X-2607,TTTY22,252954.0,Del0.8,0.17
X-2607,TTTY23,252955.0,Del0.8,0.17
X-2607,TTTY23,252955.0,Del0.8,0.17
X-2607,TTTY3,114760.0,Del0.8,0.17
X-2607,TTTY3,114760.0,Del0.8,0.17
X-2607,TTTY4,114761.0,Del0.8,0.17
X-2607,TTTY4,114761.0,Del0.8,0.17
X-2607,TTTY5,83863.0,Del0.8,0.17
X-2607,TTTY6,84672.0,Del0.8,0.17
X-2607,TTTY6,84672.0,Del0.8,0.17
X-2607,TTTY7,246122.0,Del0.8,0.17
X-2607,TTTY7,246122.0,Del0.8,0.17
X-2607,TTTY7B,100101120.0,Del0.8,0.17
X-2607,TTTY7B,100101120.0,Del0.8,0.17
X-2607,TTTY8,84673.0,Del0.8,0.17
X-2607,TTTY8,84673.0,Del0.8,0.17
X-2607,TTTY9A,83864.0,Del0.8,0.17
X-2607,TTTY9A,83864.0,Del0.8,0.17
X-2607,TUBB4A,10382.0,MutNovel,"W344L,0.409"
X-2607,TUBGCP3,10426.0,MutNovel,"R366H,0.593"
X-2607,TXLNG2P,246126.0,Del0.8,0.17
X-2607,TXNDC11,51061.0,MutNovel,"E806S,0.567"
X-2607,TYW3,127253.0,MutKnownFunctional,"-176,0.281"
X-2607,UACA,55075.0,MutNovel,"S149N,0.507"
X-2607,UBA52,7311.0,MutNovel,"R54H,0.487"
X-2607,UBA7,7318.0,MutNovel,"E46K,0.933"
X-2607,UBE2O,63893.0,MutNovel,"A30T,0.333"
X-2607,UBP1,7342.0,MutNovel,"R196Q,0.385"
X-2607,UBQLN2,29978.0,MutKnownFunctional,"-523,0.929"
X-2607,UBXN11,91544.0,MutNovel,"G506DPG,0.667"
X-2607,UGT2B7,7364.0,MutNovel,"L426P,0.473"
X-2607,ULK1,8408.0,MutNovel,"R5H,0.231"
X-2607,USP24,23358.0,MutNovel,"V329M,0.500"
X-2607,USP32P2,220594.0,Del0.8,0.48
X-2607,USP36,57602.0,MutNovel,"KKK958K,0.280"
X-2607,USP42,84132.0,MutNovel,"S64L,0.450"
X-2607,USP9Y,8287.0,Del0.8,0.17
X-2607,UTP20,27340.0,MutNovel,"A1635T,0.364"
X-2607,UTY,7404.0,Del0.8,0.17
X-2607,VAV2,7410.0,MutNovel,"K317N,0.480"
X-2607,VCY,9084.0,Del0.8,0.17
X-2607,VCY,9084.0,Del0.8,0.17
X-2607,VHL,7428.0,MutNovel,"P25L,0.700"
X-2607,VPS13B,157680.0,MutNovel,"H3994P,0.489"
X-2607,VPS33B,26276.0,MutNovel,"R485C,0.509"
X-2607,VWA2,340706.0,MutNovel,"T232M,0.385"
X-2607,WDFY3,23001.0,MutNovel,"G1936R,0.529"
X-2607,WDR24,84219.0,MutNovel,"R284C,0.474"
X-2607,WDR24,84219.0,MutNovel,"R167W,0.500"
X-2607,WDR25,79446.0,MutNovel,"R460Q,0.355"
X-2607,WDR66,144406.0,MutNovel,"W473C,0.444"
X-2607,WDR70,55100.0,MutNovel,"R608H,0.486"
X-2607,WDR72,256764.0,MutNovel,"M778I,0.364"
X-2607,WDR73,84942.0,MutNovel,"R318Q,0.409"
X-2607,WDR90,197335.0,MutNovel,"E1424K,0.505"
X-2607,WNK4,65266.0,MutKnownFunctional,"-606,0.625"
X-2607,WRNIP1,56897.0,MutNovel,"P186S,0.511"
X-2607,WWC2,80014.0,MutNovel,"A337V,0.425"
X-2607,XKRY2,353515.0,Del0.8,0.17
X-2607,XKRY2,353515.0,Del0.8,0.17
X-2607,XPC,7508.0,MutNovel,"R240H,0.442"
X-2607,XPO4,64328.0,MutNovel,"R458C,0.682"
X-2607,XPO4,64328.0,MutNovel,"C380Y,0.348"
X-2607,XPOT,11260.0,MutKnownFunctional,"-124,0.351"
X-2607,YEATS2,55689.0,MutNovel,"R203Q,0.432"
X-2607,ZAK,51776.0,MutNovel,"A783T,0.350"
X-2607,ZBTB3,79842.0,MutNovel,"S198G,0.231"
X-2607,ZBTB4,57659.0,MutKnownFunctional,"-4,0.330"
X-2607,ZBTB7C,201501.0,MutNovel,"A531T,0.500"
X-2607,ZBTB7C,201501.0,MutNovel,"V430M,0.214"
X-2607,ZBTB7C,201501.0,MutNovel,"T395P,0.562"
X-2607,ZC3H18,124245.0,MutNovel,"A641S,0.523"
X-2607,ZDHHC11,79844.0,MutNovel,"A303D,0.600"
X-2607,ZFHX3,463.0,MutNovel,"R2339H,0.500"
X-2607,ZFHX3,463.0,MutNovel,"A463K,0.375"
X-2607,ZFY,7544.0,Del0.8,0.3
X-2607,ZFYVE1,53349.0,MutNovel,"R458C,0.571"
X-2607,ZKSCAN5,23660.0,MutNovel,"G380V,0.524"
X-2607,ZNF114,163071.0,MutNovel,"G292S,0.750"
X-2607,ZNF185,7739.0,MutNovel,"E165V,0.979"
X-2607,ZNF202,7753.0,MutNovel,"A561V,0.346"
X-2607,ZNF217,7764.0,MutNovel,"A832V,0.549"
X-2607,ZNF219,51222.0,MutNovel,"QPP233P,0.732"
X-2607,ZNF226,7769.0,MutKnownFunctional,"Q741*,0.472"
X-2607,ZNF263,10127.0,MutNovel,"M675I,0.411"
X-2607,ZNF28,7576.0,MutNovel,"K428N,0.472"
X-2607,ZNF280D,54816.0,MutKnownFunctional,"R135*,0.500"
X-2607,ZNF282,8427.0,MutNovel,"D135N,0.529"
X-2607,ZNF317,57693.0,MutNovel,"V40M,0.525"
X-2607,ZNF318,24149.0,MutKnownFunctional,"-1424,0.400"
X-2607,ZNF319,57567.0,MutNovel,"K493R,0.481"
X-2607,ZNF330,27309.0,MutNovel,"H118Y,0.471"
X-2607,ZNF331,55422.0,MutNovel,"D46Y,0.667"
X-2607,ZNF331,55422.0,MutKnownFunctional,"W198*,0.471"
X-2607,ZNF397,84307.0,MutNovel,"R521I,0.412"
X-2607,ZNF43,7594.0,MutKnownFunctional,"-181,0.308"
X-2607,ZNF443,10224.0,MutKnownFunctional,"-208?,0.433"
X-2607,ZNF451,26036.0,MutNovel,"R168C,0.500"
X-2607,ZNF462,58499.0,MutNovel,"S268N,0.500"
X-2607,ZNF506,440515.0,MutNovel,"Q212R,0.800"
X-2607,ZNF514,84874.0,MutKnownFunctional,"-399,0.400"
X-2607,ZNF516,9658.0,MutNovel,"R1104W,0.757"
X-2607,ZNF517,340385.0,MutNovel,"P10H,0.625"
X-2607,ZNF543,125919.0,MutNovel,"R415Q,0.538"
X-2607,ZNF543,125919.0,MutNovel,"S491N,0.500"
X-2607,ZNF546,339327.0,MutNovel,"R759H,0.500"
X-2607,ZNF563,147837.0,MutNovel,"A205G,0.308"
X-2607,ZNF579,163033.0,MutNovel,"R308C,0.410"
X-2607,ZNF609,23060.0,MutNovel,"E1095G,0.356"
X-2607,ZNF639,51193.0,MutNovel,"A341V,0.493"
X-2607,ZNF668,79759.0,MutNovel,"P15L,1.000"
X-2607,ZNF772,400720.0,MutNovel,"A4GP,0.600"
X-2607,ZNF787,126208.0,MutNovel,"D366N,0.517"
X-2607,ZNF845,91664.0,MutNovel,"R841C,0.667"
X-2607,ZSWIM4,65249.0,MutNovel,"R756H,0.353"
X-2607,ZXDC,79364.0,MutNovel,"G303D,0.385"
X-2607,ZYX,7791.0,MutNovel,"R393W,0.443"
X-2681,ADAM32,203102.0,MutNovel,"N373S,0.708"
X-2681,ADAM3A,1587.0,Del0.8,0.19
X-2681,ADAM5P,255926.0,Del0.8,0.77
X-2681,ADAMTS12,81792.0,MutNovel,"R1401K,0.424"
X-2681,AKAP8,10270.0,MutNovel,"R206H,0.392"
X-2681,AKT1,207.0,MutNovel,"S205C,0.454"
X-2681,ALDH7A1,501.0,MutNovel,"A8T,1.000"
X-2681,AMELY,266.0,Del0.8,0.28
X-2681,ANKLE2,23141.0,MutNovel,"V506I,0.439"
X-2681,ANKRD36,375248.0,MutNovel,"T998S,0.226"
X-2681,ANKS3,124401.0,MutNovel,"SS334S,0.302"
X-2681,ARHGAP32,9743.0,MutNovel,"T1299R,0.482"
X-2681,ARHGAP40,343578.0,MutNovel,"E646Q,0.452"
X-2681,ARID3C,138715.0,MutNovel,"R36Q,0.875"
X-2681,ARL5B,221079.0,MutKnownFunctional,"R98*,0.235"
X-2681,ART5,116969.0,MutNovel,"-25P,0.880"
X-2681,ASCL1,429.0,MutNovel,"S218T,0.400"
X-2681,ATP2A1,487.0,MutNovel,"K141R,0.255"
X-2681,BAI1,575.0,MutNovel,"A229P,0.571"
X-2681,BCORP1,286554.0,Del0.8,0.25
X-2681,BMP2K,55589.0,MutNovel,"QQQQ478-,0.208"
X-2681,BNC2,54796.0,MutNovel,"S150R,0.582"
X-2681,BPY2B,442867.0,Del0.8,0.08
X-2681,BPY2B,442867.0,Del0.8,0.14
X-2681,BTBD7,55727.0,MutNovel,"R717C,0.419"
X-2681,C10orf57,,MutKnownFunctional,"-38?,0.640"
X-2681,C10orf68,79741.0,MutKnownFunctional,"-224,0.389"
X-2681,CACNG4,27092.0,MutNovel,"V317I,0.360"
X-2681,CCDC74B,91409.0,MutNovel,"R24G,0.381"
X-2681,CD2BP2,10421.0,MutKnownFunctional,"-59?,0.313"
X-2681,CD97,976.0,MutNovel,"T59M,0.492"
X-2681,CDC42EP4,23580.0,MutNovel,"R16H,0.533"
X-2681,CDHR1,92211.0,MutNovel,"E119K,0.833"
X-2681,CDKN1C,1028.0,MutNovel,"APVAV171V,0.538"
X-2681,CDY1B,253175.0,Del0.8,0.31
X-2681,CDY1B,253175.0,Del0.8,0.14
X-2681,CDY2A,9426.0,Del0.8,0.28
X-2681,CDY2A,9426.0,Del0.8,0.28
X-2681,CDY2B,203611.0,Del0.8,0.28
X-2681,CDY2B,203611.0,Del0.8,0.28
X-2681,CHRND,1144.0,MutNovel,"I79K,0.250"
X-2681,CHRND,1144.0,MutNovel,"V114L,0.750"
X-2681,CIDEB,27141.0,MutNovel,"V101M,0.548"
X-2681,CLK2,1196.0,MutNovel,"E207Q,0.317"
X-2681,CLSTN1,22883.0,MutNovel,"T815M,0.555"
X-2681,COG3,83548.0,MutNovel,"G124R,0.554"
X-2681,COL6A3,1293.0,MutNovel,"R1252C,0.306"
X-2681,CROCC,9696.0,MutNovel,"R1030W,0.250"
X-2681,CRYBG3,,MutNovel,"K224M,1.000"
X-2681,CSPG4P1Y,114758.0,Del0.8,0.35
X-2681,CSPG4P1Y,114758.0,Del0.8,0.31
X-2681,CTAGE4,100128553.0,Amp5,6.19
X-2681,CTAGE6P,340307.0,MutNovel,"G548R,1.000"
X-2681,CTAGE6P,340307.0,MutNovel,"L537P,1.000"
X-2681,CTAGE6P,340307.0,MutNovel,"S530T,1.000"
X-2681,CTSA,5476.0,MutNovel,"L29-,0.917"
X-2681,CWC27,10283.0,MutNovel,"D239N,0.504"
X-2681,CYP2R1,120227.0,MutNovel,"P273R,0.529"
X-2681,DAZ1,1617.0,Del0.8,0.25
X-2681,DAZ2,57055.0,Del0.8,0.16
X-2681,DAZ3,57054.0,Del0.8,0.14
X-2681,DAZ3,57054.0,Del0.8,0.08
X-2681,DAZ4,57135.0,Del0.8,0.17
X-2681,DAZ4,57135.0,Del0.8,0.12
X-2681,DDX3Y,8653.0,Del0.8,0.28
X-2681,DEM1,64789.0,MutKnownFunctional,"-344?,0.431"
X-2681,DENND5B,160518.0,MutNovel,"Y176C,0.300"
X-2681,DGKA,1606.0,MutNovel,"R536Q,0.510"
X-2681,DHDH,27294.0,MutNovel,"A173P,0.492"
X-2681,DHRSX,207063.0,MutNovel,"R751H,1.000"
X-2681,DHTKD1,55526.0,MutNovel,"E117D,0.522"
X-2681,DHX16,8449.0,MutNovel,"R940C,0.535"
X-2681,DNAH11,8701.0,MutNovel,"F3906C,0.714"
X-2681,DNAJC7,7266.0,MutNovel,"R349G,0.454"
X-2681,DUSP7,1849.0,MutNovel,"G36V,0.500"
X-2681,E2F5,1875.0,MutNovel,"G18A,0.667"
X-2681,EFCAB6,64800.0,MutNovel,"R1208H,0.250"
X-2681,EIF1AY,9086.0,Del0.8,0.25
X-2681,EP300,2033.0,MutKnownFunctional,"E1715*,0.475"
X-2681,EPHA2,1969.0,MutNovel,"E92Q,0.621"
X-2681,FAM120C,54954.0,MutNovel,"P110RRP,0.857"
X-2681,FAM171B,165215.0,MutNovel,"-44Q,0.212"
X-2681,FAM171B,165215.0,MutNovel,"-50Q,0.406"
X-2681,FAM179B,23116.0,MutNovel,"S972C,0.644"
X-2681,FAM197Y2P,252946.0,Del0.8,0.28
X-2681,FAM41AY1,340618.0,Del0.8,0.28
X-2681,FAM41AY1,340618.0,Del0.8,0.28
X-2681,FAM86B2,653333.0,MutNovel,"R285S,1.000"
X-2681,FANCD2,2177.0,MutLikelyFunctional,"R302W,0.543"
X-2681,FBXO45,200933.0,MutNovel,"S41C,0.412"
X-2681,FKBP14,55033.0,MutNovel,"K166-,0.466"
X-2681,FMNL1,752.0,MutNovel,"PP603-,0.320"
X-2681,FNDC1,84624.0,MutNovel,"ATTRRTT1471A,0.528"
X-2681,FOXA2,3170.0,MutKnownFunctional,"-352,0.392"
X-2681,FOXK1,221937.0,MutNovel,"A713P,0.542"
X-2681,GALNT3,2591.0,MutNovel,"A268T,0.335"
X-2681,GGCT,79017.0,MutNovel,"R123G,0.387"
X-2681,GIGYF2,26058.0,MutNovel,"PQ1231P,0.378"
X-2681,GOLGA2P2Y,84559.0,Del0.8,0.31
X-2681,GOLGA2P2Y,84559.0,Del0.8,0.35
X-2681,GPR50,9248.0,MutNovel,"PTTGH501P,0.923"
X-2681,GPRIN1,114787.0,MutNovel,"E774K,0.538"
X-2681,GPRIN2,9721.0,MutNovel,"-238MRE,0.212"
X-2681,GRINA,2907.0,MutNovel,"P17S,0.346"
X-2681,GSC,145258.0,MutNovel,"K244N,0.543"
X-2681,GTF3C4,9329.0,MutNovel,"R662C,0.464"
X-2681,GUK1,2987.0,MutNovel,"A173S,0.364"
X-2681,GYG2P1,352887.0,Del0.8,0.28
X-2681,HAUS2,55142.0,MutNovel,"I56T,0.308"
X-2681,HIVEP2,3097.0,MutNovel,"P1071L,0.346"
X-2681,HLA-G,3135.0,MutNovel,"EQ138DQ,0.667"
X-2681,HOMEZ,57594.0,MutNovel,"EDD537D,0.273"
X-2681,HOOK1,51361.0,MutNovel,"A706V,0.566"
X-2681,HSFY2,159119.0,Del0.8,0.28
X-2681,HSFY2,159119.0,Del0.8,0.1
X-2681,HSPA1A,3303.0,MutNovel,"I427D,0.556"
X-2681,IGSF1,3547.0,MutNovel,"V1129M,1.000"
X-2681,INPP5E,56623.0,MutNovel,"A503T,0.675"
X-2681,JMY,133746.0,MutNovel,"P752T,0.545"
X-2681,KDM5D,8284.0,Del0.8,0.25
X-2681,KIAA0947,23379.0,MutNovel,"S1312L,0.510"
X-2681,KIAA1147,57189.0,MutNovel,"R399W,0.343"
X-2681,KIAA1217,56243.0,MutNovel,"D1029Y,0.532"
X-2681,KIAA1731,85459.0,MutNovel,"A1364G,0.407"
X-2681,KIF3C,3797.0,MutNovel,"S84C,0.648"
X-2681,KLHDC3,116138.0,MutNovel,"V15A,0.506"
X-2681,KRT17,3872.0,MutNovel,"T147I,0.631"
X-2681,KRT6B,3854.0,MutNovel,"S143N,0.283"
X-2681,LARGE,9215.0,MutNovel,"I219T,0.590"
X-2681,LENG1,79165.0,MutKnownFunctional,"-141,0.283"
X-2681,LIMA1,51474.0,MutNovel,"V138I,0.546"
X-2681,LIMD2,80774.0,MutNovel,"P49A,0.525"
X-2681,LOC100996329,,MutNovel,"D59N,1.000"
X-2681,LOC100996433,,MutNovel,"R213G,1.000"
X-2681,LOC100996439,,MutNovel,"E400Q,1.000"
X-2681,LOC391766,,MutNovel,"R114W,1.000"
X-2681,LOC642441,,MutNovel,"L209S,0.538"
X-2681,LOC646862,646862.0,MutNovel,"D82N,0.429"
X-2681,LOC728377,728377.0,Amp5,6.19
X-2681,LOC728503,,MutNovel,"G403W,0.375"
X-2681,LOC728888,,MutNovel,"S606N,0.412"
X-2681,LRIG1,26018.0,MutNovel,"V952A,0.578"
X-2681,LRRC16B,90668.0,MutNovel,"R1359Q,0.833"
X-2681,LRRC36,55282.0,MutNovel,"Q681H,0.625"
X-2681,LSR,51599.0,MutNovel,"G518GR,0.864"
X-2681,LTBP3,4054.0,MutNovel,"L35LCW,0.658"
X-2681,MAFA,389692.0,MutNovel,"HH207H,0.500"
X-2681,MAGI1,9223.0,MutNovel,"Q421HR,0.206"
X-2681,MAP3K4,4216.0,MutNovel,"PA1189P,0.529"
X-2681,MAP3K5,4217.0,MutNovel,"D988ET,0.524"
X-2681,MCPH1,79648.0,MutKnownFunctional,"-685?,0.212"
X-2681,MEOX2,4223.0,MutNovel,"HH76H,0.515"
X-2681,MET,4233.0,MutKnownFunctional,"T1010I,0.273"
X-2681,MGAT5B,146664.0,MutNovel,"R164W,0.432"
X-2681,MICA,100507436.0,MutKnownFunctional,"-298,0.214"
X-2681,MLXIPL,51085.0,MutNovel,"A534V,0.219"
X-2681,MOCS1,4337.0,MutNovel,"P213S,0.684"
X-2681,MOGS,7841.0,MutNovel,"E638Q,0.285"
X-2681,MOGS,7841.0,MutNovel,"D481N,0.244"
X-2681,MPRIP,23164.0,MutNovel,"TS178T,0.538"
X-2681,MTMR14,64419.0,MutNovel,"R605H,0.446"
X-2681,MTOR,2475.0,MutNovel,"E1799K,0.496"
X-2681,MUC16,94025.0,MutNovel,"V9814M,0.464"
X-2681,MUC2,4583.0,MutNovel,"I1442T,1.000"
X-2681,NCOR2,9612.0,MutNovel,"G1839GAAA,0.319"
X-2681,NCRNA00185,55410.0,Del0.8,0.25
X-2681,NEU1,4758.0,MutNovel,"I191V,0.543"
X-2681,NLGN4Y,22829.0,Del0.8,0.28
X-2681,NPEPL1,79716.0,MutNovel,"L513V,0.429"
X-2681,NRXN2,9379.0,MutNovel,"G1312S,0.462"
X-2681,NUDCD1,84955.0,MutNovel,"R227C,0.322"
X-2681,OBSCN,84033.0,MutNovel,"E4908K,0.291"
X-2681,OLFML2B,25903.0,MutNovel,"E260K,0.308"
X-2681,OR2A42,402317.0,Amp5,6.19
X-2681,OR2A7,401427.0,Amp5,6.19
X-2681,OR2A9P,441295.0,Amp5,6.19
X-2681,OR2A9P,441295.0,Amp5,6.19
X-2681,OR2T10,127069.0,Amp5,5.17
X-2681,OR2T11,127077.0,Amp5,5.17
X-2681,OR2T34,127068.0,Amp5,5.17
X-2681,OR4C6,219432.0,Del0.8,0.25
X-2681,OR4P4,81300.0,Del0.8,0.42
X-2681,OR4S2,219431.0,Del0.8,0.25
X-2681,ORAI1,84876.0,MutNovel,"PP43-,0.812"
X-2681,OXR1,55074.0,MutNovel,"G51R,0.605"
X-2681,PARK2,5071.0,MutNovel,"D280E,1.000"
X-2681,PCDH11Y,83259.0,Del0.8,0.28
X-2681,PCDHB2,56133.0,MutNovel,"S540F,1.000"
X-2681,PDZD7,79955.0,MutNovel,"S784SAA,0.429"
X-2681,PHLDA1,22822.0,MutNovel,"QQ194Q,0.561"
X-2681,PHLDB2,90102.0,MutNovel,"Q780H,0.467"
X-2681,PHRF1,57661.0,MutNovel,"M210V,0.719"
X-2681,PIK3CA,5290.0,MutKnownFunctional,"E545K,0.620"
X-2681,PIK3CB,5291.0,MutNovel,"L197F,0.519"
X-2681,PITRM1,10531.0,MutNovel,"C171R,0.291"
X-2681,PNPLA7,375775.0,MutNovel,"H530D,0.389"
X-2681,PNPLA8,50640.0,MutNovel,"S358N,0.683"
X-2681,POM121,9883.0,MutNovel,"A593T,0.818"
X-2681,POM121,9883.0,MutNovel,"Y756H,0.429"
X-2681,POM121,9883.0,MutNovel,"S901G,0.388"
X-2681,POTEE,445582.0,MutNovel,"K913T,0.600"
X-2681,POTEF,728378.0,MutNovel,"T844A,1.000"
X-2681,PPP2R3A,5523.0,MutNovel,"K647N,0.343"
X-2681,PPP2R3B,28227.0,MutNovel,"E498K,0.500"
X-2681,PRAMEF1,65121.0,MutNovel,"C138R,0.333"
X-2681,PRAMEF1,65121.0,MutNovel,"A372G,1.000"
X-2681,PRAMEF1,65121.0,MutNovel,"F430L,0.381"
X-2681,PRAMEF1,65121.0,MutNovel,"P464L,0.300"
X-2681,PRAMEF13,400736.0,MutNovel,"M310V,1.000"
X-2681,PRAMEF13,400736.0,MutNovel,"R265G,0.833"
X-2681,PRAMEF13,400736.0,MutNovel,"M246T,0.667"
X-2681,PRAMEF6,440561.0,MutNovel,"C124S,0.500"
X-2681,PRAMEF6,440561.0,MutNovel,"H94C,0.667"
X-2681,PRKY,5616.0,Del0.8,0.28
X-2681,PRY,9081.0,Del0.8,0.25
X-2681,PRY,9081.0,Del0.8,0.25
X-2681,PRY2,442862.0,Del0.8,0.25
X-2681,PRY2,442862.0,Del0.8,0.25
X-2681,PSMC6,5706.0,MutNovel,"Y93C,0.471"
X-2681,PSMD6,9861.0,MutNovel,"R38C,0.474"
X-2681,PTEN,5728.0,MutNovel,"G36R,1.000"
X-2681,PTOV1,53635.0,MutNovel,"P308L,0.511"
X-2681,PTPRS,5802.0,MutNovel,"S271L,0.504"
X-2681,PTTG1,9232.0,MutNovel,"T49M,0.509"
X-2681,RAB21,23011.0,MutNovel,"S149L,0.452"
X-2681,RBMY1A3P,286557.0,Del0.8,0.28
X-2681,RBMY1B,378948.0,Del0.8,0.25
X-2681,RBMY1B,378948.0,Del0.8,0.25
X-2681,RBMY1E,378950.0,Del0.8,0.25
X-2681,RBMY1E,378950.0,Del0.8,0.25
X-2681,RBMY1F,159163.0,Del0.8,0.25
X-2681,RBMY1F,159163.0,Del0.8,0.25
X-2681,RBMY1J,378951.0,Del0.8,0.25
X-2681,RBMY1J,378951.0,Del0.8,0.25
X-2681,RBMY2EP,159125.0,Del0.8,0.25
X-2681,RBMY2FP,159162.0,Del0.8,0.25
X-2681,RBMY3AP,64593.0,Del0.8,0.28
X-2681,REV3L,5980.0,MutNovel,"HKE641Q,0.389"
X-2681,RFXANK,8625.0,MutNovel,"P86L,0.473"
X-2681,RIN2,54453.0,MutNovel,"G784D,0.516"
X-2681,RIN3,79890.0,MutNovel,"G967-,0.593"
X-2681,ROBO2,6092.0,MutNovel,"G201D,0.476"
X-2681,RPS4Y1,6192.0,Del0.8,0.28
X-2681,RPS4Y2,140032.0,Del0.8,0.25
X-2681,RYK,6259.0,MutNovel,"A50V,0.416"
X-2681,SECISBP2L,9728.0,MutNovel,"P382Q,0.369"
X-2681,SERINC2,347735.0,MutNovel,"-373Q,0.749"
X-2681,SETD2,29072.0,MutNovel,"P104S,0.606"
X-2681,SHOC2,8036.0,MutNovel,"I204V,0.992"
X-2681,SIL1,64374.0,MutNovel,"G311R,0.537"
X-2681,SIRT6,51548.0,MutNovel,"Q100L,0.484"
X-2681,SLMAP,7871.0,MutNovel,"P811A,0.513"
X-2681,SMARCA4,6597.0,MutNovel,"A39T,0.444"
X-2681,SPAG9,9043.0,MutNovel,"V1019I,0.528"
X-2681,SRCAP,10847.0,MutNovel,"V1431I,0.464"
X-2681,SRY,6736.0,Del0.8,0.28
X-2681,STARD8,9754.0,MutNovel,"D910N,1.000"
X-2681,SUN1,23353.0,MutNovel,"L489V,0.647"
X-2681,TBC1D10B,26000.0,MutNovel,"R511Q,0.577"
X-2681,TBL1Y,90665.0,Del0.8,0.28
X-2681,TBP,6908.0,MutNovel,"-64Q,0.212"
X-2681,TCTN1,79600.0,MutNovel,"S7G,0.667"
X-2681,TFAP2A,7020.0,MutNovel,"T40M,0.400"
X-2681,TGIF2LY,90655.0,Del0.8,0.28
X-2681,TMEM183A,92703.0,MutNovel,"R10M,0.614"
X-2681,TMEM184A,202915.0,MutNovel,"G392GA,0.875"
X-2681,TMSB4Y,9087.0,Del0.8,0.28
X-2681,TNFAIP6,7130.0,MutKnownFunctional,"-278,0.296"
X-2681,TOX2,84969.0,MutNovel,"-390P,0.500"
X-2681,TP53,7157.0,MutKnownFunctional,"R273C,0.490"
X-2681,TRIM14,9830.0,MutNovel,"G434E,0.333"
X-2681,TSPY1,7258.0,Del0.8,0.28
X-2681,TSPY2,64591.0,Del0.8,0.28
X-2681,TSPY3,728137.0,Del0.8,0.28
X-2681,TSPY4,728395.0,Del0.8,0.28
X-2681,TSPY8,728403.0,Del0.8,0.28
X-2681,TTF2,8458.0,MutNovel,"I79V,0.417"
X-2681,TTTY10,246119.0,Del0.8,0.25
X-2681,TTTY11,83866.0,Del0.8,0.28
X-2681,TTTY12,83867.0,Del0.8,0.28
X-2681,TTTY13,83868.0,Del0.8,0.25
X-2681,TTTY14,83869.0,Del0.8,0.25
X-2681,TTTY15,64595.0,Del0.8,0.28
X-2681,TTTY16,252948.0,Del0.8,0.28
X-2681,TTTY17A,252949.0,Del0.8,0.14
X-2681,TTTY17A,252949.0,Del0.8,0.35
X-2681,TTTY18,252950.0,Del0.8,0.28
X-2681,TTTY19,252952.0,Del0.8,0.28
X-2681,TTTY1B,100101116.0,Del0.8,0.28
X-2681,TTTY1B,100101116.0,Del0.8,0.28
X-2681,TTTY2,60439.0,Del0.8,0.28
X-2681,TTTY2,60439.0,Del0.8,0.28
X-2681,TTTY20,252951.0,Del0.8,0.28
X-2681,TTTY21,252953.0,Del0.8,0.28
X-2681,TTTY21,252953.0,Del0.8,0.28
X-2681,TTTY22,252954.0,Del0.8,0.28
X-2681,TTTY23,252955.0,Del0.8,0.28
X-2681,TTTY23,252955.0,Del0.8,0.28
X-2681,TTTY3,114760.0,Del0.8,0.1
X-2681,TTTY3,114760.0,Del0.8,0.14
X-2681,TTTY4,114761.0,Del0.8,0.14
X-2681,TTTY4,114761.0,Del0.8,0.08
X-2681,TTTY5,83863.0,Del0.8,0.25
X-2681,TTTY6,84672.0,Del0.8,0.25
X-2681,TTTY6,84672.0,Del0.8,0.25
X-2681,TTTY7,246122.0,Del0.8,0.28
X-2681,TTTY7,246122.0,Del0.8,0.28
X-2681,TTTY7B,100101120.0,Del0.8,0.28
X-2681,TTTY7B,100101120.0,Del0.8,0.28
X-2681,TTTY8,84673.0,Del0.8,0.28
X-2681,TTTY8,84673.0,Del0.8,0.28
X-2681,TTTY9A,83864.0,Del0.8,0.28
X-2681,TTTY9A,83864.0,Del0.8,0.1
X-2681,TXLNG2P,246126.0,Del0.8,0.25
X-2681,TXNIP,10628.0,MutNovel,"A158V,0.315"
X-2681,TYMP,1890.0,MutNovel,"G311S,0.463"
X-2681,UNC5A,90249.0,MutNovel,"I366T,1.000"
X-2681,UNC5D,137970.0,MutNovel,"A665V,0.750"
X-2681,UPK3BL,,MutNovel,"L213V,0.299"
X-2681,USP36,57602.0,MutNovel,"KKK958K,0.724"
X-2681,USP6NL,9712.0,MutNovel,"S706R,0.491"
X-2681,USP9Y,8287.0,Del0.8,0.28
X-2681,UTP20,27340.0,MutNovel,"A1213V,0.333"
X-2681,UTY,7404.0,Del0.8,0.28
X-2681,VCY,9084.0,Del0.8,0.28
X-2681,VCY,9084.0,Del0.8,0.28
X-2681,VPS13A,23230.0,MutNovel,"G2905E,0.443"
X-2681,VSTM5,387804.0,MutNovel,"V110A,0.667"
X-2681,VWDE,221806.0,MutNovel,"R679T,0.762"
X-2681,WDR4,10785.0,MutNovel,"L35F,0.526"
X-2681,WEE1,7465.0,MutNovel,"A159V,0.419"
X-2681,WWC2,80014.0,MutNovel,"Y1176C,0.600"
X-2681,XKRY2,353515.0,Del0.8,0.28
X-2681,XKRY2,353515.0,Del0.8,0.28
X-2681,ZDHHC2,51201.0,MutNovel,"C140G,0.342"
X-2681,ZEB1,6935.0,MutNovel,"R239H,0.497"
X-2681,ZFHX3,463.0,MutNovel,"G3517D,0.529"
X-2681,ZFY,7544.0,Del0.8,0.28
X-2681,ZHX2,22882.0,MutNovel,"D221N,0.300"
X-2681,ZNF267,10308.0,MutNovel,"R207Q,0.579"
X-2681,ZNF295,49854.0,MutNovel,"R445H,0.467"
X-2681,ZNF772,400720.0,MutNovel,"A4GP,0.390"
X-2681,ZNRF2,223082.0,MutNovel,"D123DG,0.250"
X-2681,ZRANB1,54764.0,MutKnownFunctional,"-709?,0.832"
X-2681,ZXDC,79364.0,MutNovel,"A126V,0.400"
X-2725,ACLY,47.0,Amp5,5.39
X-2725,ADAM15,8751.0,Amp5,5.13
X-2725,ADAM28,10863.0,MutNovel,"G523A,1.000"
X-2725,ADAM6,8755.0,Amp5,5.21
X-2725,ADAP1,11033.0,Amp5,5.28
X-2725,ADCY3,109.0,MutNovel,"R1099H,0.209"
X-2725,AGAP7,653268.0,MutNovel,"R528Q,1.000"
X-2725,AGAP8,728404.0,MutNovel,"S532T,1.000"
X-2725,AGBL2,79841.0,Amp5,5.17
X-2725,AHNAK2,113146.0,MutNovel,"V3209L,1.000"
X-2725,AHNAK2,113146.0,MutNovel,"T2049A,1.000"
X-2725,AMELY,266.0,Del0.8,0.31
X-2725,ANKRD11,29123.0,MutNovel,"D2042G,1.000"
X-2725,APC,324.0,MutNovel,"G871V,0.333"
X-2725,APOA1BP,128240.0,MutNovel,"E268K,0.488"
X-2725,ARHGAP23,57636.0,Amp8,8.46
X-2725,ARID1A,8289.0,MutKnownFunctional,"R1461*,1.000"
X-2725,ARL5C,390790.0,Amp5,5.39
X-2725,ARMCX4,100131755.0,MutNovel,"Q2004H,0.489"
X-2725,ATP5J,522.0,Del0.8,0.8
X-2725,ATP6V0A1,535.0,Amp5,7.67
X-2725,AVEN,57099.0,MutNovel,"GGGGG41G,0.867"
X-2725,AXL,558.0,MutNovel,"T797I,0.830"
X-2725,B4GALNT1,2583.0,MutNovel,"T199A,0.343"
X-2725,BAI2,576.0,MutNovel,"G1042C,0.769"
X-2725,BCORL1,63035.0,MutNovel,"D1594E,0.413"
X-2725,BCORP1,286554.0,Del0.8,0.31
X-2725,BMF,90427.0,MutNovel,"R158C,0.357"
X-2725,BMP6,654.0,MutNovel,"R28Q,1.000"
X-2725,BMP8A,353500.0,MutNovel,"A140V,1.000"
X-2725,BPY2B,442867.0,Del0.8,0.31
X-2725,BPY2B,442867.0,Del0.8,0.31
X-2725,C17orf109,643008.0,Amp5,5.54
X-2725,C17orf110,100130933.0,Amp5,5.54
X-2725,C17orf96,100170841.0,Amp8,8.46
X-2725,C17orf98,388381.0,Amp5,5.39
X-2725,C1QTNF4,114900.0,Amp5,5.17
X-2725,C1orf116,79098.0,MutKnownFunctional,"-23?,0.949"
X-2725,C1orf186,440712.0,MutNovel,"P78T,0.379"
X-2725,C21orf33,8209.0,MutNovel,"E99K,0.482"
X-2725,C21orf58,54058.0,MutNovel,"H299PN,0.583"
X-2725,C7orf50,84310.0,Amp5,5.28
X-2725,CACNB1,782.0,Amp5,5.39
X-2725,CASC3,22794.0,Amp5,5.39
X-2725,CASKIN2,57513.0,MutNovel,"V480L,0.844"
X-2725,CASKIN2,57513.0,Amp5,5.54
X-2725,CCDC142,84865.0,MutNovel,"L711V,0.588"
X-2725,CCDC146,57639.0,MutNovel,"E470Q,0.750"
X-2725,CCNC,892.0,MutNovel,"R107T,1.000"
X-2725,CCR7,1236.0,Amp5,5.39
X-2725,CD244,51744.0,MutKnownFunctional,"-325?,0.700"
X-2725,CDC6,990.0,Amp5,5.39
X-2725,CDK12,51755.0,Amp5,5.39
X-2725,CDY1B,253175.0,Del0.8,0.31
X-2725,CDY1B,253175.0,Del0.8,0.31
X-2725,CDY2A,9426.0,Del0.8,0.31
X-2725,CDY2A,9426.0,Del0.8,0.31
X-2725,CDY2B,203611.0,Del0.8,0.31
X-2725,CDY2B,203611.0,Del0.8,0.31
X-2725,CHD3,1107.0,MutNovel,"-74P,0.818"
X-2725,CHD8,57680.0,MutNovel,"G137V,0.427"
X-2725,CHTOP,26097.0,MutNovel,"Q43-,0.406"
X-2725,CIB1,10519.0,MutNovel,"R32S,0.302"
X-2725,CISD3,284106.0,Amp8,8.46
X-2725,CKS1B,1163.0,Amp5,5.13
X-2725,CNIH3,149111.0,MutNovel,"D126Y,0.600"
X-2725,CNP,1267.0,Amp5,5.39
X-2725,CNTNAP3B,728577.0,MutNovel,"G1163D,0.500"
X-2725,COX19,90639.0,Amp5,5.28
X-2725,CPEB1,64506.0,MutNovel,"N133I,0.500"
X-2725,CRIPAK,285464.0,MutNovel,"V164A,0.800"
X-2725,CSF3,1440.0,Amp5,5.39
X-2725,CSPG4P1Y,114758.0,Del0.8,0.31
X-2725,CSPG4P1Y,114758.0,Del0.8,0.31
X-2725,CTAGE4,100128553.0,Amp5,5.7
X-2725,CTSL1,1514.0,MutNovel,"K102E,0.328"
X-2725,CWC25,54883.0,Amp5,6.77
X-2725,CYP2W1,54905.0,Amp5,5.28
X-2725,DAND5,199699.0,Amp5,5.62
X-2725,DAZ1,1617.0,Del0.8,0.31
X-2725,DAZ2,57055.0,Del0.8,0.31
X-2725,DAZ3,57054.0,Del0.8,0.31
X-2725,DAZ3,57054.0,Del0.8,0.31
X-2725,DAZ4,57135.0,Del0.8,0.31
X-2725,DAZ4,57135.0,Del0.8,0.31
X-2725,DCST1,149095.0,Amp5,5.13
X-2725,DCST2,127579.0,Amp5,5.13
X-2725,DDX3Y,8653.0,Del0.8,0.31
X-2725,DDX52,11056.0,Amp8,8.46
X-2725,DEF8,54849.0,MutNovel,"A8V,1.000"
X-2725,DHDH,27294.0,MutNovel,"G100C,0.370"
X-2725,DHX58,79132.0,Amp5,5.39
X-2725,DNAJC7,7266.0,Amp5,5.39
X-2725,DNASE1L2,1775.0,MutNovel,"L146Q,0.750"
X-2725,DNER,92737.0,MutNovel,"G555R,0.557"
X-2725,DPM3,54344.0,Amp5,5.13
X-2725,DSEL,92126.0,MutNovel,"E219K,1.000"
X-2725,DYNC2H1,79659.0,MutNovel,"D241V,1.000"
X-2725,EFNA1,1942.0,Amp5,5.13
X-2725,EFNA3,1944.0,Amp5,5.13
X-2725,EFNA4,1945.0,Amp5,5.13
X-2725,EIF1,10209.0,Amp5,5.39
X-2725,EIF1AY,9086.0,Del0.8,0.31
X-2725,ELFN1,392617.0,Amp5,5.28
X-2725,ENGASE,64772.0,MutNovel,"H393N,0.299"
X-2725,ERBB2,2064.0,Amp5,5.39
X-2725,ESYT2,57488.0,MutNovel,"S18L,0.565"
X-2725,FAM180B,399888.0,Amp5,5.17
X-2725,FAM189B,10712.0,Amp5,5.13
X-2725,FAM197Y2P,252946.0,Del0.8,0.31
X-2725,FAM20C,56975.0,Amp5,5.28
X-2725,FAM21B,55747.0,MutNovel,"KL467NL,1.000"
X-2725,FAM41AY1,340618.0,Del0.8,0.31
X-2725,FAM41AY1,340618.0,Del0.8,0.31
X-2725,FAM59B,150946.0,MutNovel,"Q407R,0.500"
X-2725,FBXL20,84961.0,Amp5,5.39
X-2725,FBXO47,494188.0,Amp5,5.39
X-2725,FHIT,2272.0,Del0.8,0.54
X-2725,FKBP10,60681.0,Amp5,5.39
X-2725,FLAD1,80308.0,Amp5,5.13
X-2725,FLJ44511,441307.0,Amp5,5.28
X-2725,FNBP4,23360.0,Amp5,5.17
X-2725,GALK1,2584.0,Amp5,5.54
X-2725,GAST,2520.0,Amp5,5.39
X-2725,GBA,2629.0,Amp5,5.13
X-2725,GBAP1,2630.0,Amp5,5.13
X-2725,GDI2,2665.0,MutNovel,"R208T,0.509"
X-2725,GET4,51608.0,Amp5,5.28
X-2725,GGA3,23163.0,Amp5,5.54
X-2725,GGT7,2686.0,MutNovel,"T472A,0.448"
X-2725,GHDC,84514.0,Amp5,5.39
X-2725,GIGYF2,26058.0,MutNovel,"PQ1231P,0.763"
X-2725,GJD3,125111.0,Amp5,5.39
X-2725,GOLGA1,2800.0,MutNovel,"K257N,0.705"
X-2725,GOLGA2P2Y,84559.0,Del0.8,0.31
X-2725,GOLGA2P2Y,84559.0,Del0.8,0.31
X-2725,GON4L,54856.0,MutKnownFunctional,"Q1385*,0.304"
X-2725,GPD2,2820.0,MutNovel,"E132Q,0.306"
X-2725,GPER,2852.0,Amp5,5.28
X-2725,GPR146,115330.0,Amp5,5.28
X-2725,GPR179,440435.0,Amp8,8.46
X-2725,GRB2,2885.0,Amp5,5.54
X-2725,GRB7,2886.0,Amp5,5.39
X-2725,GRPR,2925.0,MutNovel,"V177M,1.000"
X-2725,GSDMA,284110.0,Amp5,5.39
X-2725,GSDMB,55876.0,Amp5,5.39
X-2725,GYG2P1,352887.0,Del0.8,0.31
X-2725,GYLTL1B,120071.0,MutNovel,"E659K,0.531"
X-2725,H3F3B,3021.0,Amp5,5.54
X-2725,HADHB,3032.0,MutNovel,"N142S,0.573"
X-2725,HAP1,9001.0,Amp5,5.39
X-2725,HCRT,3060.0,Amp5,5.39
X-2725,HEATR2,54919.0,Amp5,5.28
X-2725,HEATR5A,25938.0,MutNovel,"Q262R,0.375"
X-2725,HLA-DQA2,3118.0,MutNovel,"A16T,1.000"
X-2725,HLA-DQA2,3118.0,MutNovel,"T130I,1.000"
X-2725,HLA-DQA2,3118.0,MutNovel,"F179L,1.000"
X-2725,HLA-DQA2,3118.0,MutNovel,"DE184EE,1.000"
X-2725,HMOX2,3163.0,MutNovel,"LQF296L,0.981"
X-2725,HN1,51155.0,Amp5,5.54
X-2725,HNF1B,6928.0,Amp8,8.46
X-2725,HNRNPUL2,221092.0,MutNovel,"K571N,0.692"
X-2725,HRAS,3265.0,MutNovel,"VG9G,0.274"
X-2725,HSD17B8,7923.0,MutNovel,"G191V,0.990"
X-2725,HSFY2,159119.0,Del0.8,0.31
X-2725,HSFY2,159119.0,Del0.8,0.31
X-2725,HSPB9,94086.0,Amp5,5.39
X-2725,HUWE1,10075.0,MutNovel,"D3076H,1.000"
X-2725,IER2,9592.0,Amp5,5.62
X-2725,IGFBP4,3487.0,Amp5,5.39
X-2725,IGFBP6,3489.0,MutNovel,"H4Y,0.298"
X-2725,IKZF3,22806.0,Amp5,5.39
X-2725,IL8,3576.0,Amp5,5.5
X-2725,INTS1,26173.0,Amp5,5.28
X-2725,IRF2BPL,64207.0,MutNovel,"S310F,0.613"
X-2725,ITGB4,3691.0,Amp5,5.54
X-2725,JUP,3728.0,Amp5,5.39
X-2725,KAT2A,2648.0,Amp5,5.39
X-2725,KBTBD2,25948.0,Amp5,5.82
X-2725,KBTBD4,55709.0,Amp5,5.17
X-2725,KCNH4,23415.0,Amp5,5.39
X-2725,KCNK3,3777.0,MutNovel,"I325V,0.431"
X-2725,KDM4D,55693.0,MutNovel,"H115Y,0.400"
X-2725,KDM5D,8284.0,Del0.8,0.31
X-2725,KIAA0125,9834.0,Amp5,5.21
X-2725,KIAA0195,9772.0,Amp5,5.54
X-2725,KIAA0586,9786.0,MutNovel,"P965L,0.435"
X-2725,KIAA1549,57670.0,MutNovel,"I1928M,0.274"
X-2725,KIAA1908,114796.0,Amp5,5.28
X-2725,KIF1B,23095.0,MutNovel,"V821F,1.000"
X-2725,KLHL10,317719.0,Amp5,5.39
X-2725,KLHL11,55175.0,Amp5,5.39
X-2725,KRT10,3858.0,MutNovel,"HGGG487-,0.353"
X-2725,KRT10,3858.0,Amp5,5.39
X-2725,KRT12,3859.0,Amp5,5.39
X-2725,KRT13,3860.0,Amp5,5.39
X-2725,KRT14,3861.0,Amp5,5.39
X-2725,KRT15,3866.0,Amp5,5.39
X-2725,KRT16,3868.0,Amp5,5.39
X-2725,KRT17,3872.0,Amp5,5.39
X-2725,KRT19,3880.0,Amp5,5.39
X-2725,KRT20,54474.0,Amp5,5.39
X-2725,KRT222,125113.0,Amp5,5.39
X-2725,KRT23,25984.0,Amp5,5.39
X-2725,KRT24,192666.0,Amp5,5.39
X-2725,KRT25,147183.0,Amp5,5.39
X-2725,KRT26,353288.0,Amp5,5.39
X-2725,KRT27,342574.0,Amp5,5.39
X-2725,KRT28,162605.0,Amp5,5.39
X-2725,KRT3,3850.0,MutNovel,"V497D,1.000"
X-2725,KRT31,3881.0,Amp5,5.39
X-2725,KRT32,3882.0,Amp5,5.39
X-2725,KRT33A,3883.0,Amp5,5.39
X-2725,KRT33B,3884.0,Amp5,5.39
X-2725,KRT34,3885.0,Amp5,5.39
X-2725,KRT35,3886.0,Amp5,5.39
X-2725,KRT36,8689.0,Amp5,5.39
X-2725,KRT37,8688.0,Amp5,5.39
X-2725,KRT38,8687.0,Amp5,5.39
X-2725,KRT39,390792.0,Amp5,5.39
X-2725,KRT40,125115.0,Amp5,5.39
X-2725,KRT42P,284116.0,Amp5,5.39
X-2725,KRT78,196374.0,MutNovel,"N136I,1.000"
X-2725,KRT9,3857.0,Amp5,5.39
X-2725,KRTAP1-1,81851.0,Amp5,5.39
X-2725,KRTAP1-3,81850.0,Amp5,5.39
X-2725,KRTAP1-5,83895.0,Amp5,5.39
X-2725,KRTAP16-1,100505753.0,Amp5,5.39
X-2725,KRTAP17-1,83902.0,Amp5,5.39
X-2725,KRTAP2-1,81872.0,Amp5,5.39
X-2725,KRTAP2-2,728279.0,Amp5,5.39
X-2725,KRTAP2-4,85294.0,Amp5,5.39
X-2725,KRTAP3-1,83896.0,Amp5,5.39
X-2725,KRTAP3-2,83897.0,Amp5,5.39
X-2725,KRTAP3-3,85293.0,Amp5,5.39
X-2725,KRTAP4-1,85285.0,Amp5,5.39
X-2725,KRTAP4-11,653240.0,Amp5,5.39
X-2725,KRTAP4-12,83755.0,Amp5,5.39
X-2725,KRTAP4-2,85291.0,Amp5,5.39
X-2725,KRTAP4-3,85290.0,Amp5,5.39
X-2725,KRTAP4-4,84616.0,Amp5,5.39
X-2725,KRTAP4-5,85289.0,Amp5,5.39
X-2725,KRTAP4-6,81871.0,Amp5,5.39
X-2725,KRTAP4-7,100132476.0,Amp5,5.39
X-2725,KRTAP4-8,728224.0,Amp5,5.39
X-2725,KRTAP4-9,100132386.0,Amp5,5.39
X-2725,KRTAP9-1,728318.0,Amp5,5.39
X-2725,KRTAP9-2,83899.0,Amp5,5.39
X-2725,KRTAP9-3,83900.0,Amp5,5.39
X-2725,KRTAP9-4,85280.0,Amp5,5.39
X-2725,KRTAP9-8,83901.0,Amp5,5.39
X-2725,KRTAP9-9,81870.0,Amp5,5.39
X-2725,KRTCAP2,200185.0,Amp5,5.13
X-2725,L1CAM,3897.0,MutNovel,"T627M,0.569"
X-2725,LAMA5,3911.0,MutNovel,"G1624C,0.227"
X-2725,LARP1,23367.0,MutNovel,"S151L,0.332"
X-2725,LASP1,3927.0,Amp5,5.39
X-2725,LCE3C,353144.0,Del0.8,0.35
X-2725,LDB3,11155.0,MutNovel,"P396R,0.800"
X-2725,LENEP,55891.0,Amp5,5.13
X-2725,LEPREL4,10609.0,Amp5,5.39
X-2725,LINC00226,338004.0,Amp5,5.21
X-2725,LLGL2,3993.0,Amp5,5.54
X-2725,LOC100131347,100131347.0,Amp5,5.39
X-2725,LOC100287042,100287042.0,Amp5,5.54
X-2725,LOC100288332,,MutNovel,"L270V,1.000"
X-2725,LOC100288524,100288524.0,Amp5,5.28
X-2725,LOC100505576,100505576.0,Amp5,5.39
X-2725,LOC100505666,100505666.0,Amp5,5.13
X-2725,LOC100505782,100505782.0,Amp5,5.39
X-2725,LOC100506472,100506472.0,Amp5,6.32
X-2725,LOC147093,147093.0,Amp5,5.39
X-2725,LOC284100,284100.0,Amp8,8.46
X-2725,LOC440434,440434.0,Amp8,8.46
X-2725,LOC442497,442497.0,Amp5,5.28
X-2725,LOC728377,728377.0,Amp5,5.7
X-2725,LOC728392,728392.0,MutNovel,"S42L,1.000"
X-2725,LOC730268,,MutKnownFunctional,"R61*,0.606"
X-2725,LOC730755,730755.0,Amp5,5.39
X-2725,LRRC3C,100505591.0,Amp5,5.39
X-2725,LSR,51599.0,MutNovel,"G518GR,0.822"
X-2725,LTBP3,4054.0,MutNovel,"C954W,0.399"
X-2725,LYL1,4066.0,Amp5,5.62
X-2725,LYSMD2,256586.0,MutNovel,"P6A,0.714"
X-2725,MAFK,7975.0,Amp5,5.28
X-2725,MAL,4118.0,Amp5,6.06
X-2725,MAP3K4,4216.0,MutNovel,"PA1189P,0.818"
X-2725,MED1,5469.0,Amp5,5.39
X-2725,MED15,51586.0,MutNovel,"-251Q,0.439"
X-2725,MED24,9862.0,Amp5,5.39
X-2725,MET,4233.0,MutNovel,"G471R,0.510"
X-2725,MFSD2B,388931.0,MutNovel,"V464M,0.500"
X-2725,MICALL2,79778.0,Amp5,5.28
X-2725,MIEN1,84299.0,Amp5,5.39
X-2725,MIF4GD,57409.0,Amp5,5.54
X-2725,MIR21,406991.0,Del0.8,0.78
X-2725,MIR339,442907.0,Amp5,5.28
X-2725,MIR3678,100500841.0,Amp5,5.54
X-2725,MIR4258,100423020.0,Amp5,5.13
X-2725,MIR4655,100616160.0,Amp5,5.28
X-2725,MIR4726,100616153.0,Amp8,8.46
X-2725,MIR4727,100616416.0,Amp5,5.39
X-2725,MIR4728,100616132.0,Amp5,5.39
X-2725,MIR4734,100616203.0,Amp8,8.46
X-2725,MIR4776-1,100616267.0,Del0.8,0.8
X-2725,MIR4776-2,100616472.0,Del0.8,0.8
X-2725,MIR92B,693235.0,Amp5,5.13
X-2725,MIR942,100126331.0,Amp5,5.1
X-2725,MIS18BP1,55320.0,MutNovel,"SL52L,0.414"
X-2725,MKRN1,23608.0,MutNovel,"A18G,0.393"
X-2725,MLLT6,4302.0,Amp8,8.46
X-2725,MRPL38,64978.0,MutNovel,"R17Q,0.366"
X-2725,MRPL45,84311.0,Amp8,8.46
X-2725,MRPS7,51081.0,Amp5,5.54
X-2725,MSH2,4436.0,MutLikelyFunctional,"G322D,0.343"
X-2725,MSL1,339287.0,Amp5,5.39
X-2725,MT1B,4490.0,MutNovel,"V49I,1.000"
X-2725,MTCH2,23788.0,Amp5,5.17
X-2725,MTX1,4580.0,MutNovel,"R417H,0.429"
X-2725,MTX1,4580.0,Amp5,5.13
X-2725,MUC1,4582.0,Amp5,5.13
X-2725,MUC16,94025.0,MutNovel,"R1051I,0.273"
X-2725,MUS81,80198.0,MutNovel,"H155-,0.390"
X-2725,MYO10,4651.0,MutNovel,"A344V,0.382"
X-2725,MYO15B,80022.0,Amp5,5.54
X-2725,NACC1,112939.0,Amp5,5.62
X-2725,NAV2,89797.0,MutNovel,"A1925S,0.678"
X-2725,NBPF9,400818.0,MutNovel,"P546A,1.000"
X-2725,NCAPG2,54892.0,MutNovel,"Q316E,0.388"
X-2725,NCOR2,9612.0,MutNovel,"G1839GAAA,0.307"
X-2725,NCRNA00185,55410.0,Del0.8,0.31
X-2725,NDUFS3,4722.0,Amp5,5.17
X-2725,NEUROD2,4761.0,Amp5,5.39
X-2725,NFAT5,10725.0,MutNovel,"K298T,0.642"
X-2725,NFIX,4784.0,Amp5,5.62
X-2725,NISCH,11188.0,MutNovel,"T1019M,1.000"
X-2725,NKIRAS2,28511.0,Amp5,5.39
X-2725,NLGN4Y,22829.0,Del0.8,0.31
X-2725,NOTCH3,4854.0,MutNovel,"L1658V,0.500"
X-2725,NPIP,9284.0,MutNovel,"S61T,0.271"
X-2725,NR1D1,9572.0,Amp5,5.39
X-2725,NT5C3L,115024.0,Amp5,5.39
X-2725,NUP160,23279.0,Amp5,5.17
X-2725,NUP85,79902.0,Amp5,5.54
X-2725,OR2A42,402317.0,Amp5,5.7
X-2725,OR2A42,402317.0,Amp5,5.7
X-2725,OR2A7,401427.0,Amp5,5.7
X-2725,OR2A9P,441295.0,Amp5,5.7
X-2725,OR2A9P,441295.0,Amp5,5.7
X-2725,ORAI1,84876.0,MutNovel,"PP43-,0.824"
X-2725,ORMDL3,94103.0,Amp5,5.39
X-2725,PABPC3,5042.0,MutNovel,"KG231-,0.435"
X-2725,PABPC3,5042.0,MutKnownFunctional,"-247GE?,0.400"
X-2725,PABPC3,5042.0,MutKnownFunctional,"-296,0.889"
X-2725,PBXIP1,57326.0,Amp5,5.13
X-2725,PCDH11Y,83259.0,Del0.8,0.31
X-2725,PCDHGB2,56103.0,MutNovel,"R12P,1.000"
X-2725,PCGF2,7703.0,Amp8,8.46
X-2725,PCNX,22990.0,MutNovel,"K528Q,0.559"
X-2725,PDGFA,5154.0,Amp5,5.28
X-2725,PDK2,5164.0,MutNovel,"V127M,0.681"
X-2725,PGAP3,93210.0,Amp5,5.39
X-2725,PGBD5,79605.0,MutNovel,"A96S,0.411"
X-2725,PHLDA1,22822.0,MutNovel,"QQ194Q,0.577"
X-2725,PIK3C2B,5287.0,MutNovel,"R1446W,0.417"
X-2725,PIP4K2B,8396.0,Amp8,8.46
X-2725,PLXDC1,57125.0,Amp5,5.39
X-2725,PNMT,5409.0,Amp5,5.39
X-2725,POTEI,,MutNovel,"I803M,1.000"
X-2725,PPP1R1B,84152.0,Amp5,5.39
X-2725,PPP1R37,284352.0,MutNovel,"Y161C,0.386"
X-2725,PRKAR1B,5575.0,Amp5,5.28
X-2725,PRKY,5616.0,Del0.8,0.31
X-2725,PRY,9081.0,Del0.8,0.31
X-2725,PRY,9081.0,Del0.8,0.31
X-2725,PRY2,442862.0,Del0.8,0.31
X-2725,PRY2,442862.0,Del0.8,0.31
X-2725,PSMB3,5691.0,Amp8,8.46
X-2725,PSMD3,5709.0,Amp5,5.39
X-2725,PSMG3,84262.0,Amp5,5.28
X-2725,PTPMT1,114971.0,Amp5,5.17
X-2725,PTPRJ,5795.0,Amp5,5.17
X-2725,PTRF,284119.0,Amp8,10.27
X-2725,PYGO2,90780.0,Amp5,5.13
X-2725,RAB5C,5878.0,Amp5,5.39
X-2725,RAC3,5881.0,MutKnownFunctional,"-142,0.234"
X-2725,RAPGEFL1,51195.0,Amp5,5.39
X-2725,RARA,5914.0,Amp5,5.39
X-2725,RB1CC1,9821.0,MutNovel,"L881I,0.257"
X-2725,RBM23,55147.0,MutNovel,"A390VP,0.298"
X-2725,RBMY1A3P,286557.0,Del0.8,0.31
X-2725,RBMY1B,378948.0,Del0.8,0.31
X-2725,RBMY1B,378948.0,Del0.8,0.31
X-2725,RBMY1E,378950.0,Del0.8,0.31
X-2725,RBMY1E,378950.0,Del0.8,0.31
X-2725,RBMY1F,159163.0,Del0.8,0.31
X-2725,RBMY1F,159163.0,Del0.8,0.31
X-2725,RBMY1J,378951.0,Del0.8,0.31
X-2725,RBMY1J,378951.0,Del0.8,0.31
X-2725,RBMY2EP,159125.0,Del0.8,0.31
X-2725,RBMY2FP,159162.0,Del0.8,0.31
X-2725,RBMY3AP,64593.0,Del0.8,0.31
X-2725,RECQL5,9400.0,Amp5,5.54
X-2725,RGPD4,285190.0,MutNovel,"Q137H,1.000"
X-2725,RIN3,79890.0,MutNovel,"G967-,0.529"
X-2725,RNF126,55658.0,MutNovel,"R130H,0.479"
X-2725,RNF219,79596.0,MutNovel,"Q256E,0.553"
X-2725,RPL19,6143.0,Amp5,5.39
X-2725,RPL23,9349.0,Amp5,5.39
X-2725,RPS4Y1,6192.0,Del0.8,0.31
X-2725,RPS4Y2,140032.0,Del0.8,0.31
X-2725,RTL1,388015.0,MutNovel,"E152EK,0.444"
X-2725,SALL1,6299.0,MutNovel,"S159-,0.429"
X-2725,SAP30BP,29115.0,Amp5,5.54
X-2725,SCAMP3,10067.0,Amp5,5.13
X-2725,SCRIB,23513.0,MutNovel,"F759L,0.228"
X-2725,SERINC2,347735.0,MutNovel,"-373Q,0.693"
X-2725,SFPQ,6421.0,MutNovel,"P216R,1.000"
X-2725,SHC1,6464.0,Amp5,5.13
X-2725,SLC25A19,60386.0,Amp5,5.54
X-2725,SLC37A4,2542.0,MutKnownFunctional,"R377*,1.000"
X-2725,SLC50A1,55974.0,Amp5,5.13
X-2725,SMAD5,4090.0,MutNovel,"D236H,0.682"
X-2725,SMARCD2,6603.0,MutNovel,"R192Q,0.325"
X-2725,SMARCE1,6605.0,Amp5,5.39
X-2725,SNORA21,619505.0,Amp5,5.39
X-2725,SNORD124,100113390.0,Amp5,5.39
X-2725,SOCS7,30837.0,Amp8,8.46
X-2725,SPTBN5,51332.0,MutNovel,"E2614K,0.300"
X-2725,SRCIN1,80725.0,Amp8,8.46
X-2725,SRY,6736.0,Del0.8,0.31
X-2725,SSRP1,6749.0,MutNovel,"R27C,0.377"
X-2725,ST6GALNAC6,30815.0,MutNovel,"A157V,0.485"
X-2725,STAC2,342667.0,Amp5,5.39
X-2725,STARD3,10948.0,Amp5,5.39
X-2725,STAT3,6774.0,Amp5,7.46
X-2725,STAT5A,6776.0,Amp5,5.39
X-2725,STAT5B,6777.0,Amp5,5.39
X-2725,STUB1,10273.0,MutNovel,"E238Q,0.482"
X-2725,STX10,8677.0,Amp5,5.62
X-2725,SUMO2,6613.0,Amp5,5.54
X-2725,SUN1,23353.0,MutNovel,"D47H,0.349"
X-2725,SUN1,23353.0,Amp5,5.28
X-2725,SYNRG,11276.0,Amp5,5.74
X-2725,TACSTD2,4070.0,MutNovel,"E197V,0.476"
X-2725,TBC1D3,729873.0,Amp8,8.46
X-2725,TBC1D3,729873.0,Amp8,8.46
X-2725,TBC1D3B,414059.0,MutNovel,"D17H,1.000"
X-2725,TBC1D3C,414060.0,MutNovel,"D17H,1.000"
X-2725,TBL1Y,90665.0,Del0.8,0.31
X-2725,TBP,6908.0,MutNovel,"-64Q,0.271"
X-2725,TC2N,123036.0,MutNovel,"H275Y,0.244"
X-2725,TCAP,8557.0,Amp5,5.39
X-2725,TFAMP1,260341.0,Amp5,5.28
X-2725,TGIF2LY,90655.0,Del0.8,0.31
X-2725,THBS3,7059.0,Amp5,5.13
X-2725,THRA,7067.0,Amp5,5.39
X-2725,TMEM127,55654.0,MutNovel,"S30G,0.517"
X-2725,TMEM184A,202915.0,Amp5,5.28
X-2725,TMEM99,147184.0,Amp5,5.39
X-2725,TMSB4Y,9087.0,Del0.8,0.31
X-2725,TNFAIP6,7130.0,MutKnownFunctional,"-278,0.519"
X-2725,TNK1,8711.0,MutNovel,"T312M,0.571"
X-2725,TNRC18,84629.0,MutNovel,"S41W,0.389"
X-2725,TNS4,84951.0,Amp5,5.39
X-2725,TOP2A,7153.0,Amp5,5.39
X-2725,TOX2,84969.0,MutNovel,"-390P,0.843"
X-2725,TP53,7157.0,MutNovel,"D281E,1.000"
X-2725,TRIM45,80263.0,Amp5,5.1
X-2725,TRIM46,80128.0,Amp5,5.13
X-2725,TRIP11,9321.0,MutNovel,"K938E,0.216"
X-2725,TRMT1,55621.0,Amp5,5.62
X-2725,TRPM7,54822.0,MutNovel,"E1746K,0.514"
X-2725,TSEN54,283989.0,Amp5,5.54
X-2725,TSPY1,7258.0,Del0.8,0.31
X-2725,TSPY2,64591.0,Del0.8,0.31
X-2725,TSPY3,728137.0,Del0.8,0.31
X-2725,TSPY4,728395.0,Del0.8,0.31
X-2725,TSPY8,728403.0,Del0.8,0.31
X-2725,TSPYL1,7259.0,MutNovel,"V176VW,0.840"
X-2725,TTC25,83538.0,Amp5,5.39
X-2725,TTF2,8458.0,Amp5,5.1
X-2725,TTTY10,246119.0,Del0.8,0.31
X-2725,TTTY11,83866.0,Del0.8,0.31
X-2725,TTTY12,83867.0,Del0.8,0.31
X-2725,TTTY13,83868.0,Del0.8,0.31
X-2725,TTTY14,83869.0,Del0.8,0.31
X-2725,TTTY15,64595.0,Del0.8,0.31
X-2725,TTTY16,252948.0,Del0.8,0.31
X-2725,TTTY17A,252949.0,Del0.8,0.31
X-2725,TTTY17A,252949.0,Del0.8,0.31
X-2725,TTTY18,252950.0,Del0.8,0.31
X-2725,TTTY19,252952.0,Del0.8,0.31
X-2725,TTTY1B,100101116.0,Del0.8,0.31
X-2725,TTTY1B,100101116.0,Del0.8,0.31
X-2725,TTTY2,60439.0,Del0.8,0.31
X-2725,TTTY2,60439.0,Del0.8,0.31
X-2725,TTTY20,252951.0,Del0.8,0.31
X-2725,TTTY21,252953.0,Del0.8,0.31
X-2725,TTTY21,252953.0,Del0.8,0.31
X-2725,TTTY22,252954.0,Del0.8,0.31
X-2725,TTTY23,252955.0,Del0.8,0.31
X-2725,TTTY23,252955.0,Del0.8,0.31
X-2725,TTTY3,114760.0,Del0.8,0.31
X-2725,TTTY3,114760.0,Del0.8,0.31
X-2725,TTTY4,114761.0,Del0.8,0.31
X-2725,TTTY4,114761.0,Del0.8,0.31
X-2725,TTTY5,83863.0,Del0.8,0.31
X-2725,TTTY6,84672.0,Del0.8,0.31
X-2725,TTTY6,84672.0,Del0.8,0.31
X-2725,TTTY7,246122.0,Del0.8,0.31
X-2725,TTTY7,246122.0,Del0.8,0.31
X-2725,TTTY7B,100101120.0,Del0.8,0.31
X-2725,TTTY7B,100101120.0,Del0.8,0.31
X-2725,TTTY8,84673.0,Del0.8,0.31
X-2725,TTTY8,84673.0,Del0.8,0.31
X-2725,TTTY9A,83864.0,Del0.8,0.31
X-2725,TTTY9A,83864.0,Del0.8,0.31
X-2725,TXLNG2P,246126.0,Del0.8,0.31
X-2725,UBXN7,26043.0,MutNovel,"V77I,0.603"
X-2725,UNCX,340260.0,Amp5,5.28
X-2725,USP36,57602.0,MutNovel,"KKK958K,0.532"
X-2725,USP9Y,8287.0,Del0.8,0.31
X-2725,UTY,7404.0,Del0.8,0.31
X-2725,VCY,9084.0,Del0.8,0.31
X-2725,VCY,9084.0,Del0.8,0.31
X-2725,VTCN1,79679.0,Amp5,5.1
X-2725,WDR47,22911.0,MutNovel,"PR551R,0.667"
X-2725,WIPF2,147179.0,Amp5,5.39
X-2725,WNK4,65266.0,MutNovel,"R669W,0.333"
X-2725,XKRY2,353515.0,Del0.8,0.31
X-2725,XKRY2,353515.0,Del0.8,0.31
X-2725,ZBTB7B,51043.0,Amp5,5.13
X-2725,ZFAND2A,90637.0,Amp5,5.28
X-2725,ZFHX3,463.0,MutNovel,"GGG3525-,0.750"
X-2725,ZFY,7544.0,Del0.8,0.31
X-2725,ZNF385C,201181.0,Amp5,5.39
X-2725,ZNF516,9658.0,MutNovel,"P484L,1.000"
X-2725,ZNF667,63934.0,MutNovel,"A118P,1.000"
X-2725,ZPBP2,124626.0,Amp5,5.39
X-2725,ZSWIM3,140831.0,MutNovel,"D89H,0.303"
X-2725,ZXDB,158586.0,MutNovel,"E122K,0.333"
X-2757,ABCF1,23.0,MutNovel,"E235Q,0.278"
X-2757,ACRC,93953.0,MutNovel,"DV213EL,0.250"
X-2757,ACSL4,2182.0,Del0.8,0.78
X-2757,ADAM3A,1587.0,Del0.8,0.17
X-2757,ADAM5P,255926.0,Del0.8,0.44
X-2757,ADAR,103.0,MutNovel,"A606P,0.230"
X-2757,AKT1,207.0,MutNovel,"N53K,0.499"
X-2757,ALDH7A1,501.0,MutNovel,"A8T,1.000"
X-2757,ALS2CL,259173.0,Del0.8,0.69
X-2757,AMACR,23600.0,MutNovel,"D74N,0.562"
X-2757,AMELY,266.0,Del0.8,0.16
X-2757,ANKRD36,375248.0,MutNovel,"T998S,0.250"
X-2757,ANKRD55,79722.0,Del0.8,0.71
X-2757,AP3B1,8546.0,MutNovel,"R344C,0.979"
X-2757,AQP12B,653437.0,MutNovel,"T129M,0.667"
X-2757,ASIC3,,MutNovel,"P232L,0.550"
X-2757,ATP2B4,493.0,MutNovel,"L9F,0.508"
X-2757,B3GNTL1,146712.0,MutNovel,"R251H,0.309"
X-2757,BAP1,8314.0,Del0.8,0.23
X-2757,BCORP1,286554.0,Del0.8,0.16
X-2757,BPY2B,442867.0,Del0.8,0.06
X-2757,BPY2B,442867.0,Del0.8,0.1
X-2757,BRCA1,672.0,MutNovel,"H1767R,0.378"
X-2757,C10orf76,79591.0,Del0.8,0.73
X-2757,C16orf93,90835.0,MutNovel,"A28T,0.571"
X-2757,C1QTNF6,114904.0,MutNovel,"N196H,1.000"
X-2757,C21orf58,54058.0,MutNovel,"H299PN,0.231"
X-2757,C3orf78,440957.0,Del0.8,0.8
X-2757,C5,727.0,MutNovel,"V694L,0.533"
X-2757,C5orf42,65250.0,MutKnownFunctional,"-2793,0.320"
X-2757,CCDC125,202243.0,Del0.8,0.8
X-2757,CCNB1,891.0,Del0.8,0.8
X-2757,CCZ1,51622.0,MutNovel,"IF478I,0.353"
X-2757,CDC42EP1,11135.0,MutNovel,"PAPAANPS253P,0.723"
X-2757,CDK7,1022.0,Del0.8,0.8
X-2757,CDY1B,253175.0,Del0.8,0.16
X-2757,CDY1B,253175.0,Del0.8,0.1
X-2757,CDY2A,9426.0,Del0.8,0.16
X-2757,CDY2A,9426.0,Del0.8,0.16
X-2757,CDY2B,203611.0,Del0.8,0.16
X-2757,CDY2B,203611.0,Del0.8,0.16
X-2757,CELF6,60677.0,MutNovel,"Y73D,0.310"
X-2757,CENPH,64946.0,Del0.8,0.8
X-2757,CHD6,84181.0,MutNovel,"M1943V,0.480"
X-2757,CHKA,1119.0,MutNovel,"L249F,0.337"
X-2757,CHPF,79586.0,MutNovel,"T106S,0.415"
X-2757,CHST9,83539.0,Del0.8,0.74
X-2757,CNTNAP4,85445.0,Del0.8,0.68
X-2757,COL5A2,1290.0,MutNovel,"T1295M,0.769"
X-2757,CRIPAK,285464.0,MutNovel,"V164A,0.605"
X-2757,CSPG4P1Y,114758.0,Del0.8,0.16
X-2757,CSPG4P1Y,114758.0,Del0.8,0.22
X-2757,CTSA,5476.0,MutNovel,"L29-,0.410"
X-2757,CUL2,8453.0,MutNovel,"P71T,0.448"
X-2757,DAZ1,1617.0,Del0.8,0.16
X-2757,DAZ2,57055.0,Del0.8,0.11
X-2757,DAZ3,57054.0,Del0.8,0.1
X-2757,DAZ3,57054.0,Del0.8,0.06
X-2757,DAZ4,57135.0,Del0.8,0.12
X-2757,DAZ4,57135.0,Del0.8,0.08
X-2757,DCT,1638.0,MutNovel,"N460S,1.000"
X-2757,DDB1,1642.0,MutNovel,"D542H,0.359"
X-2757,DDX3Y,8653.0,Del0.8,0.16
X-2757,DEFB4A,1673.0,Del0.8,0.77
X-2757,DENND4B,9909.0,MutNovel,"QQQ908-,0.606"
X-2757,DMD,1756.0,MutNovel,"H392Y,1.000"
X-2757,DPY19L4,286148.0,MutNovel,"L511F,0.298"
X-2757,DPYD,1806.0,Del0.8,0.74
X-2757,DROSHA,29102.0,MutNovel,"E716A,0.462"
X-2757,DSP,1832.0,MutNovel,"R1852C,0.719"
X-2757,E4F1,1877.0,MutNovel,"P419L,0.640"
X-2757,EIF1AY,9086.0,Del0.8,0.16
X-2757,EIF3F,8665.0,MutNovel,"N110S,1.000"
X-2757,EP300,2033.0,MutNovel,"Q1256H,0.603"
X-2757,ERBB4,2066.0,Del0.8,0.69
X-2757,FAM106A,80039.0,Del0.8,0.57
X-2757,FAM13A,10144.0,MutNovel,"D214Y,0.625"
X-2757,FAM153B,202134.0,Del0.8,0.48
X-2757,FAM197Y2P,252946.0,Del0.8,0.16
X-2757,FAM41AY1,340618.0,Del0.8,0.16
X-2757,FAM41AY1,340618.0,Del0.8,0.16
X-2757,FAM66D,100132923.0,Del0.8,0.73
X-2757,FAM72D,728833.0,MutNovel,"S7N,0.214"
X-2757,FAM86B1,85002.0,Del0.8,0.73
X-2757,FAM86B2,653333.0,MutNovel,"D242E,0.250"
X-2757,FBRSL1,57666.0,MutNovel,"A293T,0.657"
X-2757,FBXL16,146330.0,MutNovel,"T323S,0.875"
X-2757,FCGRT,2217.0,MutNovel,"A259V,0.553"
X-2757,FCHO1,23149.0,MutNovel,"P660L,0.466"
X-2757,FOXN3,1112.0,MutNovel,"F240I,0.600"
X-2757,GCFC2,6936.0,MutNovel,"H59Q,0.373"
X-2757,GGCX,2677.0,MutNovel,"S552T,0.299"
X-2757,GIGYF2,26058.0,MutNovel,"PQ1231P,0.694"
X-2757,GMIP,51291.0,MutNovel,"G429S,0.683"
X-2757,GOLGA2P2Y,84559.0,Del0.8,0.22
X-2757,GOLGA2P2Y,84559.0,Del0.8,0.16
X-2757,GSTM1,2944.0,Del0.8,0.57
X-2757,GSTM5,2949.0,MutNovel,"L191V,1.000"
X-2757,GSTT1,2952.0,Del0.8,0.5
X-2757,GTF2H2C,728340.0,Del0.8,0.8
X-2757,GUCY2F,2986.0,Del0.8,0.78
X-2757,GUSBP3,653188.0,Del0.8,0.8
X-2757,GYG2P1,352887.0,Del0.8,0.16
X-2757,HDAC7,51564.0,MutNovel,"S634G,0.692"
X-2757,HEATR5A,25938.0,MutNovel,"K146Q,0.500"
X-2757,HLA-DRB1,3123.0,Amp8,8.51
X-2757,HLA-DRB5,3127.0,MutNovel,"Y42F,0.362"
X-2757,HLA-DRB5,3127.0,Amp8,11.88
X-2757,HLA-DRB6,3128.0,Amp8,8.51
X-2757,HSFY2,159119.0,Del0.8,0.16
X-2757,HSFY2,159119.0,Del0.8,0.16
X-2757,HSPA12A,259217.0,MutNovel,"I670S,1.000"
X-2757,HYDIN,54768.0,MutNovel,"R4868Q,1.000"
X-2757,HYDIN,54768.0,MutNovel,"H3869R,1.000"
X-2757,IFNAR2,3455.0,MutNovel,"L432F,0.257"
X-2757,IFNGR1,3459.0,MutNovel,"A451T,0.994"
X-2757,ISL1,3670.0,Del0.8,0.78
X-2757,ITGA1,3672.0,Del0.8,0.78
X-2757,ITGA2,3673.0,Del0.8,0.78
X-2757,KCNE1L,23630.0,Del0.8,0.78
X-2757,KCTD18,130535.0,MutKnownFunctional,"-387,0.538"
X-2757,KDM2A,22992.0,MutNovel,"D291Y,0.411"
X-2757,KDM5D,8284.0,Del0.8,0.16
X-2757,KIAA0125,9834.0,Amp5,6.11
X-2757,KIAA0146,23514.0,MutNovel,"R3S,0.417"
X-2757,KIAA0368,23392.0,MutNovel,"V1532A,0.337"
X-2757,KIAA0947,23379.0,MutNovel,"P1091S,0.712"
X-2757,KIAA1199,57214.0,MutNovel,"VK1356V,0.708"
X-2757,KIF1A,547.0,MutNovel,"R1630Q,0.750"
X-2757,KIF1B,23095.0,MutNovel,"A1066V,0.216"
X-2757,KIF24,347240.0,MutNovel,"I29T,0.500"
X-2757,KRT33B,3884.0,MutNovel,"I165R,1.000"
X-2757,KRT6A,3853.0,MutNovel,"E165A,0.769"
X-2757,KRTAP5-4,387267.0,Del0.8,0.44
X-2757,LCE3B,353143.0,Del0.8,0.27
X-2757,LCE3C,353144.0,Del0.8,0.13
X-2757,LGALS3BP,3959.0,MutNovel,"R514P,1.000"
X-2757,LGALS9C,654346.0,Del0.8,0.57
X-2757,LILRA6,79168.0,Amp5,6.15
X-2757,LOC100132247,100132247.0,MutNovel,"P1069R,0.600"
X-2757,LOC100272216,100272216.0,Del0.8,0.8
X-2757,LOC100507387,100507387.0,Del0.8,0.48
X-2757,LOC257396,257396.0,Del0.8,0.38
X-2757,LOC391322,391322.0,Del0.8,0.5
X-2757,LOC392196,392196.0,Del0.8,0.73
X-2757,LOC729162,,MutKnownFunctional,"R44*,1.000"
X-2757,LPIN3,64900.0,MutKnownFunctional,"-465,0.224"
X-2757,LRFN1,57622.0,MutNovel,"A159S,0.600"
X-2757,LRRC8D,55144.0,Del0.8,0.63
X-2757,LRRK1,79705.0,MutNovel,"D473V,0.409"
X-2757,LSR,51599.0,MutNovel,"G518GR,0.819"
X-2757,MAGEE1,57692.0,MutNovel,"T167A,1.000"
X-2757,MAPK6,5597.0,MutNovel,"K574E,0.216"
X-2757,MARVELD2,153562.0,Del0.8,0.8
X-2757,MAVS,57506.0,MutNovel,"S258F,0.208"
X-2757,MEF2A,4205.0,MutNovel,"QQ412-,0.226"
X-2757,MELK,9833.0,MutNovel,"Y200C,0.373"
X-2757,METTL9,51108.0,MutKnownFunctional,"-261,0.450"
X-2757,MLL3,58508.0,MutKnownFunctional,"-3998,0.429"
X-2757,MOB2,81532.0,Del0.8,0.8
X-2757,MOCS2,4338.0,Del0.8,0.55
X-2757,MPRIP,23164.0,MutNovel,"TS178T,0.522"
X-2757,MRPS36,92259.0,Del0.8,0.8
X-2757,MUC4,4585.0,MutNovel,"SS2373RP,1.000"
X-2757,MUC4,4585.0,MutNovel,"P2178H,1.000"
X-2757,MXRA5,25878.0,MutNovel,"A2622V,0.326"
X-2757,NANOG,79923.0,MutNovel,"L61P,1.000"
X-2757,NBPF10,100132406.0,MutNovel,"I1165F,0.275"
X-2757,NCAM2,4685.0,MutNovel,"E808K,1.000"
X-2757,NCOR2,9612.0,MutNovel,"G1839GAAA,0.601"
X-2757,NCRNA00185,55410.0,Del0.8,0.16
X-2757,NDUFS4,4724.0,Del0.8,0.69
X-2757,NISCH,11188.0,Del0.8,0.8
X-2757,NLGN4Y,22829.0,Del0.8,0.16
X-2757,NOP2,4839.0,MutNovel,"RR54R,0.374"
X-2757,NT5DC2,64943.0,Del0.8,0.8
X-2757,NUP98,4928.0,MutNovel,"D473H,0.243"
X-2757,NXT2,55916.0,Del0.8,0.78
X-2757,OCLN,100506658.0,Del0.8,0.8
X-2757,OR2T10,127069.0,Amp5,5.46
X-2757,ORAI1,84876.0,MutNovel,"PP43-,0.727"
X-2757,PAQR4,124222.0,MutKnownFunctional,"W80*,0.247"
X-2757,PCDH11Y,83259.0,Del0.8,0.28
X-2757,PCNT,5116.0,MutNovel,"E880K,0.478"
X-2757,PDLIM2,64236.0,MutNovel,"D344E,0.526"
X-2757,PDS5B,23047.0,MutNovel,"F922Y,0.412"
X-2757,PELO,53918.0,Del0.8,0.78
X-2757,PHF7,51533.0,Del0.8,0.23
X-2757,PICALM,8301.0,MutNovel,"G505E,0.485"
X-2757,PIK3R1,5295.0,Del0.8,0.8
X-2757,PIP4K2C,79837.0,MutNovel,"G333R,0.446"
X-2757,PLAA,9373.0,MutNovel,"D323Y,0.620"
X-2757,PLEKHH3,79990.0,MutKnownFunctional,"-625,0.281"
X-2757,PLXND1,23129.0,MutNovel,"E1400A,0.484"
X-2757,POLDIP2,26073.0,MutKnownFunctional,"-27?,0.929"
X-2757,POLR3G,10622.0,MutNovel,"V46E,1.000"
X-2757,POM121,9883.0,MutNovel,"T857A,0.250"
X-2757,PPAN,56342.0,MutNovel,"G451V,0.441"
X-2757,PPP1R26,9858.0,MutNovel,"A95T,0.535"
X-2757,PPP1R26,9858.0,MutNovel,"D254H,0.493"
X-2757,PRKY,5616.0,Del0.8,0.16
X-2757,PRY,9081.0,Del0.8,0.16
X-2757,PRY,9081.0,Del0.8,0.16
X-2757,PRY2,442862.0,Del0.8,0.16
X-2757,PRY2,442862.0,Del0.8,0.16
X-2757,PTGER1,5731.0,MutNovel,"T83N,1.000"
X-2757,PYCR1,5831.0,MutNovel,"A316V,1.000"
X-2757,RAD17,5884.0,Del0.8,0.8
X-2757,RAD51AP1,10635.0,MutNovel,"S143P,0.285"
X-2757,RALGAPA1,253959.0,MutNovel,"I749V,1.000"
X-2757,RB1,5925.0,MutKnownFunctional,"-5,0.833"
X-2757,RBL1,5933.0,MutNovel,"V477L,0.538"
X-2757,RBMY1A3P,286557.0,Del0.8,0.16
X-2757,RBMY1B,378948.0,Del0.8,0.16
X-2757,RBMY1B,378948.0,Del0.8,0.16
X-2757,RBMY1E,378950.0,Del0.8,0.16
X-2757,RBMY1E,378950.0,Del0.8,0.16
X-2757,RBMY1F,159163.0,Del0.8,0.16
X-2757,RBMY1F,159163.0,Del0.8,0.16
X-2757,RBMY1J,378951.0,Del0.8,0.16
X-2757,RBMY1J,378951.0,Del0.8,0.16
X-2757,RBMY2EP,159125.0,Del0.8,0.16
X-2757,RBMY2FP,159162.0,Del0.8,0.16
X-2757,RBMY3AP,64593.0,Del0.8,0.16
X-2757,RIN3,79890.0,MutNovel,"G967-,0.594"
X-2757,RIPK1,8737.0,MutNovel,"A569V,0.697"
X-2757,RNF103,7844.0,MutNovel,"G13C,0.600"
X-2757,RNF169,254225.0,MutNovel,"P75S,0.500"
X-2757,RNF208,727800.0,MutKnownFunctional,"-143,0.846"
X-2757,RPS4Y1,6192.0,Del0.8,0.28
X-2757,RPS4Y2,140032.0,Del0.8,0.16
X-2757,RTP4,64108.0,MutNovel,"G165A,1.000"
X-2757,SALL2,6297.0,MutNovel,"F49L,1.000"
X-2757,SEMA3G,56920.0,Del0.8,0.8
X-2757,SEMA4G,57715.0,MutNovel,"P683H,1.000"
X-2757,SERINC2,347735.0,MutNovel,"-373Q,0.697"
X-2757,SIPA1,6494.0,MutNovel,"AHS72A,0.230"
X-2757,SIRPB1,10326.0,Amp5,5.5
X-2757,SLC30A5,64924.0,Del0.8,0.8
X-2757,SLC39A4,55630.0,MutNovel,"G449S,0.721"
X-2757,SLC6A20,54716.0,Del0.8,0.73
X-2757,SLIT3,6586.0,Del0.8,0.67
X-2757,SMYD5,10322.0,MutNovel,"A57E,0.569"
X-2757,SNX2,6643.0,MutNovel,"G13R,1.000"
X-2757,SRY,6736.0,Del0.8,0.28
X-2757,ST6GALNAC4,27090.0,MutNovel,"R187H,0.449"
X-2757,STAB1,23166.0,Del0.8,0.8
X-2757,SYMPK,8189.0,MutNovel,"I947M,0.277"
X-2757,SYNE2,23224.0,MutNovel,"L5875F,0.343"
X-2757,SYNM,23336.0,MutNovel,"R1540W,0.455"
X-2757,TAF9,6880.0,Del0.8,0.8
X-2757,TBKBP1,9755.0,MutNovel,"R371H,1.000"
X-2757,TBL1Y,90665.0,Del0.8,0.16
X-2757,TBP,6908.0,MutNovel,"-64Q,0.205"
X-2757,TERF2,7014.0,MutNovel,"T371A,1.000"
X-2757,TGIF2LY,90655.0,Del0.8,0.28
X-2757,THG1L,54974.0,MutNovel,"R120S,0.316"
X-2757,TLN1,7094.0,MutNovel,"K1646T,0.644"
X-2757,TMSB4Y,9087.0,Del0.8,0.16
X-2757,TNNC1,7134.0,Del0.8,0.8
X-2757,TNXB,7148.0,MutNovel,"A3577S,0.273"
X-2757,TP53,7157.0,MutKnownFunctional,"-306,0.966"
X-2757,TP53I3,9540.0,MutKnownFunctional,"-250,0.523"
X-2757,TPR,7175.0,MutNovel,"M2351I,0.249"
X-2757,TRIM69,140691.0,MutNovel,"R401W,0.833"
X-2757,TSPAN3,10099.0,MutNovel,"G149R,0.459"
X-2757,TSPY1,7258.0,Del0.8,0.16
X-2757,TSPY2,64591.0,Del0.8,0.16
X-2757,TSPY3,728137.0,Del0.8,0.16
X-2757,TSPY4,728395.0,Del0.8,0.16
X-2757,TSPY8,728403.0,Del0.8,0.16
X-2757,TSPYL1,7259.0,MutNovel,"V176VW,0.878"
X-2757,TTTY10,246119.0,Del0.8,0.16
X-2757,TTTY11,83866.0,Del0.8,0.16
X-2757,TTTY12,83867.0,Del0.8,0.16
X-2757,TTTY13,83868.0,Del0.8,0.16
X-2757,TTTY14,83869.0,Del0.8,0.16
X-2757,TTTY15,64595.0,Del0.8,0.16
X-2757,TTTY16,252948.0,Del0.8,0.16
X-2757,TTTY17A,252949.0,Del0.8,0.1
X-2757,TTTY17A,252949.0,Del0.8,0.22
X-2757,TTTY18,252950.0,Del0.8,0.16
X-2757,TTTY19,252952.0,Del0.8,0.16
X-2757,TTTY1B,100101116.0,Del0.8,0.16
X-2757,TTTY1B,100101116.0,Del0.8,0.16
X-2757,TTTY2,60439.0,Del0.8,0.16
X-2757,TTTY2,60439.0,Del0.8,0.16
X-2757,TTTY20,252951.0,Del0.8,0.16
X-2757,TTTY21,252953.0,Del0.8,0.16
X-2757,TTTY21,252953.0,Del0.8,0.16
X-2757,TTTY22,252954.0,Del0.8,0.16
X-2757,TTTY23,252955.0,Del0.8,0.16
X-2757,TTTY23,252955.0,Del0.8,0.16
X-2757,TTTY3,114760.0,Del0.8,0.16
X-2757,TTTY3,114760.0,Del0.8,0.1
X-2757,TTTY4,114761.0,Del0.8,0.06
X-2757,TTTY4,114761.0,Del0.8,0.1
X-2757,TTTY5,83863.0,Del0.8,0.16
X-2757,TTTY6,84672.0,Del0.8,0.16
X-2757,TTTY6,84672.0,Del0.8,0.16
X-2757,TTTY7,246122.0,Del0.8,0.16
X-2757,TTTY7,246122.0,Del0.8,0.16
X-2757,TTTY7B,100101120.0,Del0.8,0.16
X-2757,TTTY7B,100101120.0,Del0.8,0.16
X-2757,TTTY8,84673.0,Del0.8,0.16
X-2757,TTTY8,84673.0,Del0.8,0.16
X-2757,TTTY9A,83864.0,Del0.8,0.16
X-2757,TTTY9A,83864.0,Del0.8,0.16
X-2757,TXLNG2P,246126.0,Del0.8,0.16
X-2757,TYSND1,219743.0,MutNovel,"V468I,0.495"
X-2757,USP17L2,377630.0,Del0.8,0.73
X-2757,USP32P2,220594.0,Del0.8,0.57
X-2757,USP9Y,8287.0,Del0.8,0.16
X-2757,UTY,7404.0,Del0.8,0.16
X-2757,UXS1,80146.0,Del0.8,0.75
X-2757,VAV2,7410.0,MutNovel,"Q358R,0.560"
X-2757,VCY,9084.0,Del0.8,0.16
X-2757,VCY,9084.0,Del0.8,0.16
X-2757,WASH1,100287171.0,MutNovel,"E132L,0.225"
X-2757,WBSCR22,114049.0,MutNovel,"R245Q,0.524"
X-2757,XKRY2,353515.0,Del0.8,0.16
X-2757,XKRY2,353515.0,Del0.8,0.16
X-2757,ZC3H12D,340152.0,MutNovel,"T370A,1.000"
X-2757,ZFP1,162239.0,Del0.8,0.66
X-2757,ZFP91,80829.0,MutNovel,"L180F,0.592"
X-2757,ZFY,7544.0,Del0.8,0.28
X-2757,ZNF233,353355.0,MutNovel,"L90P,0.625"
X-2757,ZNF323,64288.0,MutKnownFunctional,"R28*,0.207"
X-2757,ZNF384,171017.0,MutNovel,"QQ514Q,0.450"
X-2757,ZNF485,220992.0,MutNovel,"R357H,0.295"
X-2757,ZNF493,284443.0,MutNovel,"Q248H,0.342"
X-2757,ZNF551,90233.0,MutNovel,"M58V,0.333"
X-2757,ZNF596,169270.0,MutNovel,"A399P,0.500"
X-2757,ZNF7,7553.0,MutNovel,"T376N,0.274"
X-2757,ZNF705D,728957.0,Del0.8,0.73
X-2757,ZNF860,344787.0,MutNovel,"E12G,0.308"
X-2757,ZNF860,344787.0,MutNovel,"H23R,0.364"
X-2762,ABCC10,89845.0,MutNovel,"Q311K,0.520"
X-2762,ABCC10,89845.0,MutNovel,"D1250H,0.515"
X-2762,ABCC6,368.0,MutNovel,"T454I,1.000"
X-2762,ADRA2B,151.0,MutNovel,"E301ERRK,1.000"
X-2762,AHNAK2,113146.0,MutNovel,"G135V,0.450"
X-2762,ALS2CL,259173.0,MutNovel,"D746Y,0.500"
X-2762,ANAPC1,64682.0,MutNovel,"R1110C,0.333"
X-2762,ANKRD36,375248.0,MutNovel,"SA1067RT,0.429"
X-2762,ANKRD36,375248.0,MutNovel,"V1073L,0.429"
X-2762,ANKRD36,375248.0,MutNovel,"Y1082N,0.333"
X-2762,ANKS1A,23294.0,MutNovel,"S47G,0.273"
X-2762,ANKS1A,23294.0,MutNovel,"S47D,0.273"
X-2762,ANXA6,309.0,MutNovel,"Q595L,1.000"
X-2762,AR,367.0,MutNovel,"E622K,1.000"
X-2762,ARHGAP32,9743.0,MutKnownFunctional,"R347*,0.290"
X-2762,ASAH1,427.0,MutNovel,"V112L,0.992"
X-2762,ATIC,471.0,MutNovel,"S52F,0.558"
X-2762,ATXN2L,11273.0,MutNovel,"S67G,0.492"
X-2762,BBS7,55212.0,MutNovel,"I292V,1.000"
X-2762,BMP1,649.0,MutNovel,"S468Y,0.965"
X-2762,BRAT1,221927.0,MutNovel,"G486S,0.512"
X-2762,BRCA1,672.0,MutKnownFunctional,"-1531?,1.000"
X-2762,BRP44,25874.0,MutNovel,"S68T,0.358"
X-2762,C11orf63,79864.0,MutNovel,"EME87-,0.216"
X-2762,C12orf51,283450.0,MutNovel,"R1720Q,1.000"
X-2762,C17orf97,400566.0,MutNovel,"E230K,0.636"
X-2762,C1QTNF4,114900.0,MutNovel,"Q141H,0.750"
X-2762,C1orf131,128061.0,MutNovel,"E227Q,0.451"
X-2762,C21orf58,54058.0,MutNovel,"H299PN,0.443"
X-2762,C22orf39,128977.0,MutKnownFunctional,"-18?,0.526"
X-2762,CABLES1,91768.0,MutNovel,"G99C,0.500"
X-2762,CACNA1A,773.0,MutNovel,"QQ2330-,1.000"
X-2762,CBWD3,445571.0,MutNovel,"T386S,0.667"
X-2762,CCDC160,347475.0,MutKnownFunctional,"-78,1.000"
X-2762,CDHR5,53841.0,MutNovel,"SM585RV,0.273"
X-2762,CDHR5,53841.0,MutNovel,"E575K,0.214"
X-2762,CDK5,1020.0,MutNovel,"R274H,1.000"
X-2762,CDSN,1041.0,MutNovel,"G36D,0.300"
X-2762,CEL,1056.0,MutNovel,"A692P,0.318"
X-2762,CHD2,1106.0,MutKnownFunctional,"-1242?,0.755"
X-2762,CHD3,1107.0,MutNovel,"-81P,0.955"
X-2762,CHEK1,1111.0,MutNovel,"Q403E,0.476"
X-2762,CLCNKB,1188.0,MutNovel,"M176I,1.000"
X-2762,COPA,1314.0,MutNovel,"P809R,0.312"
X-2762,COPS8,10920.0,MutNovel,"A135G,1.000"
X-2762,CPAMD8,27151.0,MutNovel,"L930F,0.577"
X-2762,CPNE1,8904.0,MutNovel,"F360L,0.526"
X-2762,CTSA,5476.0,MutNovel,"L29-,1.000"
X-2762,CXCL14,9547.0,MutNovel,"R31G,1.000"
X-2762,DCHS2,54798.0,MutNovel,"G2445V,1.000"
X-2762,DENND4B,9909.0,MutNovel,"QQQ908-,0.458"
X-2762,DGKE,8526.0,MutNovel,"N371K,0.481"
X-2762,DGKK,139189.0,MutKnownFunctional,"-1020?,1.000"
X-2762,DNAL4,10126.0,MutNovel,"D26E,0.544"
X-2762,DOCK7,85440.0,MutNovel,"D1890Y,0.476"
X-2762,DOCK7,85440.0,MutNovel,"Q942K,0.633"
X-2762,DRD4,1815.0,MutNovel,"S284G,0.288"
X-2762,DUOX1,53905.0,MutNovel,"R194G,1.000"
X-2762,DZANK1,55184.0,MutNovel,"G710S,0.537"
X-2762,EFCAB12,,MutNovel,"R215K,0.692"
X-2762,EML2,24139.0,MutNovel,"L303V,1.000"
X-2762,ENC1,8507.0,MutKnownFunctional,"K510*,1.000"
X-2762,FAM134B,54463.0,MutNovel,"S302P,0.603"
X-2762,FAM171B,165215.0,MutNovel,"-44Q,1.000"
X-2762,FAM189B,10712.0,MutKnownFunctional,"-25,0.459"
X-2762,FAM19A3,284467.0,MutNovel,"H155D,0.312"
X-2762,FAM208A,23272.0,MutNovel,"L535F,0.463"
X-2762,FAM22A,728118.0,MutNovel,"L181F,1.000"
X-2762,FANCE,2178.0,MutNovel,"V46A,0.526"
X-2762,FASTKD5,60493.0,MutNovel,"HL536L,0.510"
X-2762,FAT4,79633.0,MutKnownFunctional,"R4891*,1.000"
X-2762,FBXO18,84893.0,MutNovel,"Y918H,0.496"
X-2762,FBXO5,26271.0,MutNovel,"V365L,0.510"
X-2762,FBXO6,26270.0,MutNovel,"M51V,0.375"
X-2762,FGD5,152273.0,MutNovel,"D43E,0.613"
X-2762,FLYWCH1,84256.0,MutNovel,"R340Q,0.496"
X-2762,GLDC,2731.0,MutNovel,"I312V,1.000"
X-2762,GLI4,2738.0,MutNovel,"K190R,0.600"
X-2762,GLT8D1,55830.0,MutNovel,"T105I,0.452"
X-2762,GLUD2,2747.0,MutNovel,"N189Y,0.500"
X-2762,GLUD2,2747.0,MutNovel,"EN195DH,0.500"
X-2762,GOLGA6L9,440295.0,MutNovel,"G72C,1.000"
X-2762,GPR137C,283554.0,MutNovel,"S27G,1.000"
X-2762,GPRASP1,9737.0,MutNovel,"K382N,1.000"
X-2762,GPRIN2,9721.0,MutNovel,"-238MRE,0.500"
X-2762,GRIN2A,2903.0,MutNovel,"I763T,0.556"
X-2762,GSC,145258.0,MutNovel,"-50A,0.485"
X-2762,HLA-DQA2,3118.0,MutNovel,"H152Q,1.000"
X-2762,HOXD8,3234.0,MutNovel,"A70AHP,0.438"
X-2762,HSPA1A,3303.0,MutNovel,"V335A,0.629"
X-2762,HUS1,3364.0,MutNovel,"H179Y,0.266"
X-2762,HYDIN,54768.0,MutNovel,"G3469F,0.333"
X-2762,IGFALS,3483.0,MutNovel,"R344Q,0.441"
X-2762,IGFBP2,3485.0,MutNovel,"L17LLPP,0.852"
X-2762,INVS,27130.0,MutNovel,"I34T,0.538"
X-2762,KDELR3,11015.0,MutNovel,"K27N,0.552"
X-2762,KIAA0564,23078.0,MutKnownFunctional,"-256?,1.000"
X-2762,KLHL28,54813.0,MutNovel,"V416L,1.000"
X-2762,LDLR,3949.0,MutNovel,"H211Q,0.577"
X-2762,LOC100132247,100132247.0,MutNovel,"R1101Q,0.556"
X-2762,LOC100996610,,MutNovel,"Y19H,0.444"
X-2762,LOC100996633,,MutNovel,"S18R,1.000"
X-2762,LOC100996633,,MutNovel,"S11P,1.000"
X-2762,LOC100996689,,MutNovel,"R232C,0.333"
X-2762,LOC100996693,,MutNovel,"R108Q,1.000"
X-2762,LOC440563,440563.0,MutNovel,"K166Q,1.000"
X-2762,LOC441124,,MutNovel,"P110L,0.983"
X-2762,LRP2,4036.0,MutNovel,"S2463L,0.373"
X-2762,MANEAL,149175.0,MutNovel,"Y384H,0.529"
X-2762,MAP3K4,4216.0,MutNovel,"PA1189P,1.000"
X-2762,MBD2,8932.0,MutNovel,"G110S,0.757"
X-2762,MMP15,4324.0,MutNovel,"D596G,0.565"
X-2762,MST1,4485.0,MutNovel,"C338R,0.388"
X-2762,MTRNR2L2,100462981.0,MutNovel,"S12L,1.000"
X-2762,MUC16,94025.0,MutNovel,"T9650I,0.375"
X-2762,MYRIP,25924.0,MutNovel,"A383T,0.231"
X-2762,NACAD,23148.0,MutNovel,"S694L,0.259"
X-2762,NCOA3,8202.0,MutNovel,"Q1255-,0.512"
X-2762,NCOA5,57727.0,MutNovel,"R296C,0.418"
X-2762,NCOR2,9612.0,MutNovel,"G1839GAAA,1.000"
X-2762,NCOR2,9612.0,MutNovel,"-511S,1.000"
X-2762,NTN3,4917.0,MutNovel,"D32N,0.429"
X-2762,NTN4,59277.0,MutNovel,"R103C,1.000"
X-2762,NUMB,8650.0,MutNovel,"L294P,1.000"
X-2762,OBP2B,29989.0,MutNovel,"R149H,0.242"
X-2762,OBSCN,84033.0,MutNovel,"V5767M,1.000"
X-2762,OBSL1,23363.0,MutNovel,"P1042A,1.000"
X-2762,OGFR,11054.0,MutKnownFunctional,"Q115*,0.389"
X-2762,ORAI1,84876.0,MutNovel,"PP43-,1.000"
X-2762,PARP12,64761.0,MutNovel,"P24A,0.471"
X-2762,PAX8,7849.0,MutNovel,"T158M,0.361"
X-2762,PCDHB6,56130.0,MutNovel,"S536F,0.615"
X-2762,PCLO,27445.0,MutKnownFunctional,"G4263*,0.783"
X-2762,PDZD7,79955.0,MutNovel,"H711R,1.000"
X-2762,PHLDA1,22822.0,MutNovel,"QQ194Q,1.000"
X-2762,PKN3,29941.0,MutNovel,"R63C,0.261"
X-2762,PLEC,5339.0,MutNovel,"T3608M,0.452"
X-2762,POLR3A,11128.0,MutNovel,"R344C,0.538"
X-2762,POU2F3,25833.0,MutNovel,"M322T,0.591"
X-2762,PPIC,5480.0,MutNovel,"V40F,1.000"
X-2762,PTPN13,5783.0,MutNovel,"M1691V,0.410"
X-2762,RAB28,9364.0,MutNovel,"I187M,0.454"
X-2762,RB1,5925.0,MutKnownFunctional,"E440*,1.000"
X-2762,RFX7,64864.0,MutNovel,"TPT953T,0.500"
X-2762,RIN3,79890.0,MutNovel,"G967-,1.000"
X-2762,RLN2,6019.0,MutNovel,"G101S,0.600"
X-2762,RNF123,63891.0,MutNovel,"K614N,0.590"
X-2762,RPS15,6209.0,MutNovel,"S120C,0.468"
X-2762,SAP18,10284.0,MutNovel,"N55S,0.488"
X-2762,SCAPER,49855.0,MutNovel,"L599R,0.382"
X-2762,SCN9A,6335.0,MutNovel,"I1545L,0.500"
X-2762,SCUBE1,80274.0,MutNovel,"P415S,0.429"
X-2762,SCUBE2,57758.0,MutNovel,"L25P,0.455"
X-2762,SERINC2,347735.0,MutNovel,"-373Q,0.522"
X-2762,SLC28A2,9153.0,MutKnownFunctional,"-129?,0.457"
X-2762,SLC28A2,9153.0,MutNovel,"K557N,1.000"
X-2762,SLC44A1,23446.0,MutNovel,"L290F,0.292"
X-2762,SLC47A1,55244.0,MutNovel,"I55T,1.000"
X-2762,SOGA1,,MutNovel,"A84V,0.250"
X-2762,SP3,6670.0,MutNovel,"S378T,0.368"
X-2762,TAF10,6881.0,MutNovel,"A12T,0.502"
X-2762,TBC1D26,353149.0,MutNovel,"H59R,1.000"
X-2762,TDRD7,23424.0,MutNovel,"H646D,0.474"
X-2762,TENC1,23371.0,MutNovel,"G372D,0.398"
X-2762,TEX9,374618.0,MutNovel,"A34S,0.352"
X-2762,THAP7,80764.0,MutNovel,"P160L,0.516"
X-2762,THTPA,79178.0,MutNovel,"A135V,1.000"
X-2762,TLK2,11011.0,MutNovel,"R262Q,0.272"
X-2762,TNC,3371.0,MutNovel,"I98T,0.343"
X-2762,TNXB,7148.0,MutNovel,"E3550K,0.308"
X-2762,TPX2,22974.0,MutNovel,"K5N,0.516"
X-2762,TRMT6,51605.0,MutNovel,"K112N,0.598"
X-2762,TRPV6,55503.0,MutNovel,"G287R,0.273"
X-2762,TSPYL1,7259.0,MutNovel,"V176VW,0.496"
X-2762,TTN,7273.0,MutNovel,"R30467H,1.000"
X-2762,VPS37C,55048.0,MutNovel,"D6G,0.339"
X-2762,WNK1,65125.0,MutNovel,"S1795-,0.632"
X-2762,ZBTB17,7709.0,MutNovel,"EGA243E,1.000"
X-2762,ZBTB17,7709.0,MutNovel,"E243Q,1.000"
X-2762,ZFHX3,463.0,MutNovel,"QQQ3202Q,1.000"
X-2762,ZFX,7543.0,MutNovel,"-144VGH,1.000"
X-2762,ZNF235,9310.0,MutNovel,"H589N,1.000"
X-2762,ZNF37A,7587.0,MutNovel,"N526K,0.581"
X-2762,ZNF417,147687.0,MutNovel,"Y329C,0.208"
X-2762,ZSWIM5,57643.0,MutNovel,"P142S,0.500"
X-2805,ABCC10,89845.0,MutNovel,"V880M,0.560"
X-2805,ACOT1,641371.0,Del0.8,0.67
X-2805,ACPL2,92370.0,Amp5,5.13
X-2805,ADAM6,8755.0,Amp5,5.28
X-2805,ADAT1,23536.0,MutNovel,"R377H,0.986"
X-2805,AGAP1,116987.0,MutNovel,"V832M,0.432"
X-2805,AGAP7,653268.0,MutNovel,"D97E,0.429"
X-2805,AHNAK2,113146.0,MutNovel,"V3837M,0.257"
X-2805,AHNAK2,113146.0,MutNovel,"G2824R,0.632"
X-2805,AHNAK2,113146.0,MutNovel,"P1732S,0.688"
X-2805,AKNA,80709.0,MutNovel,"A414E,0.614"
X-2805,AMELY,266.0,Del0.8,0.23
X-2805,AMIGO3,386724.0,MutNovel,"L145M,0.542"
X-2805,ANKFY1,51479.0,MutNovel,"D1083N,0.541"
X-2805,ANKRD17,26057.0,MutNovel,"GGGGG101G,0.483"
X-2805,ANKRD34A,284615.0,Amp5,6.41
X-2805,ANKRD35,148741.0,Amp5,6.41
X-2805,ANKRD36,375248.0,MutNovel,"T998S,0.333"
X-2805,APLP2,334.0,MutNovel,"A27V,0.355"
X-2805,ARHGAP22,58504.0,MutNovel,"V502L,0.316"
X-2805,ARHGEF18,23370.0,MutNovel,"A244V,0.491"
X-2805,ARHGEF26-AS1,100507524.0,Amp5,5.03
X-2805,ARL14,80117.0,Amp5,5.9
X-2805,ARL17A,51326.0,Del0.8,0.79
X-2805,ARRDC1,92714.0,MutNovel,"T381I,0.463"
X-2805,ART5,116969.0,MutNovel,"-25P,0.773"
X-2805,ASH1L,55870.0,MutNovel,"P571A,0.468"
X-2805,ASMTL,8623.0,MutNovel,"R1223G,0.238"
X-2805,ATP1B3,483.0,Amp5,5.13
X-2805,ATP5O,539.0,MutNovel,"F24L,0.490"
X-2805,ATR,545.0,MutNovel,"R109W,0.414"
X-2805,ATR,545.0,Amp5,5.13
X-2805,ATXN1,6310.0,MutNovel,"HQ209Q,0.333"
X-2805,AXIN1,8312.0,MutKnownFunctional,"S579*,1.000"
X-2805,B3GALNT1,8706.0,Amp5,5.9
X-2805,B4GALT7,11285.0,MutNovel,"S69W,1.000"
X-2805,BCHE,590.0,Amp5,6.15
X-2805,BCORP1,286554.0,Del0.8,0.21
X-2805,BEGAIN,57596.0,MutNovel,"P569L,0.294"
X-2805,BLM,641.0,MutNovel,"M348I,0.521"
X-2805,BMS1,9790.0,MutNovel,"S552P,0.476"
X-2805,BOD1L1,,MutNovel,"A2499T,0.661"
X-2805,BOP1,23246.0,MutNovel,"R568C,0.667"
X-2805,BPY2B,442867.0,Del0.8,0.21
X-2805,BPY2B,442867.0,Del0.8,0.21
X-2805,BRCA2,675.0,MutNovel,"L1732F,0.500"
X-2805,C12orf10,60314.0,MutNovel,"P318L,0.537"
X-2805,C12orf51,283450.0,MutNovel,"R574H,0.269"
X-2805,C16orf91,283951.0,MutNovel,"P148S,1.000"
X-2805,C1orf168,199920.0,MutKnownFunctional,"R13*,0.300"
X-2805,C1orf226,400793.0,MutNovel,"Q296R,1.000"
X-2805,C21orf58,54058.0,MutNovel,"H299PN,0.573"
X-2805,C3orf58,205428.0,Amp5,5.13
X-2805,C3orf80,401097.0,Amp5,5.9
X-2805,C4B,721.0,MutNovel,"G1073D,0.280"
X-2805,C5orf62,85027.0,Del0.8,0.8
X-2805,C6orf223,221416.0,MutNovel,"AA124-,0.258"
X-2805,C7orf72,100130988.0,Del0.8,0.17
X-2805,C9orf100,84904.0,MutNovel,"T33I,0.495"
X-2805,C9orf9,11092.0,MutNovel,"V104I,0.333"
X-2805,CAMK1,8536.0,MutNovel,"E361K,0.500"
X-2805,CAPG,822.0,MutNovel,"L239V,0.451"
X-2805,CARS,833.0,MutNovel,"V66M,0.404"
X-2805,CBWD6,644019.0,MutKnownFunctional,"-259?,0.437"
X-2805,CC2D1B,200014.0,MutNovel,"M35I,0.324"
X-2805,CCDC14,64770.0,MutNovel,"I548L,1.000"
X-2805,CCDC74A,90557.0,MutNovel,"G255A,1.000"
X-2805,CCDC88B,283234.0,MutNovel,"R460W,0.286"
X-2805,CCDC88B,283234.0,MutNovel,"D1279E,0.270"
X-2805,CCS,9973.0,MutNovel,"E15V,0.334"
X-2805,CD160,11126.0,Amp5,6.41
X-2805,CD164,8763.0,MutNovel,"P126S,0.997"
X-2805,CDAN1,146059.0,MutNovel,"R121S,0.500"
X-2805,CDC14C,168448.0,Del0.8,0.45
X-2805,CDY1B,253175.0,Del0.8,0.21
X-2805,CDY1B,253175.0,Del0.8,0.21
X-2805,CDY2A,9426.0,Del0.8,0.23
X-2805,CDY2A,9426.0,Del0.8,0.23
X-2805,CDY2B,203611.0,Del0.8,0.23
X-2805,CDY2B,203611.0,Del0.8,0.23
X-2805,CENPJ,55835.0,MutNovel,"P224L,0.459"
X-2805,CEP120,153241.0,MutNovel,"R151Q,1.000"
X-2805,CEP350,9857.0,MutNovel,"G3091V,0.464"
X-2805,CEP350,9857.0,MutNovel,"T3095S,0.606"
X-2805,CES1P1,51716.0,Del0.8,0.48
X-2805,CGNL1,84952.0,MutNovel,"E416Q,0.571"
X-2805,CHD1L,9557.0,Amp5,5.86
X-2805,CHD6,84181.0,MutNovel,"A1976T,0.457"
X-2805,CHD7,55636.0,MutNovel,"A2127T,0.695"
X-2805,CHST2,9435.0,Amp5,5.13
X-2805,CLDN11,5010.0,Amp5,6.06
X-2805,CNGA1,1259.0,MutNovel,"L49P,0.750"
X-2805,CNTNAP3,79937.0,MutNovel,"A660S,0.571"
X-2805,COL16A1,1307.0,MutNovel,"P469S,1.000"
X-2805,CPEB2,132864.0,MutNovel,"K194KPP,0.778"
X-2805,CREBRF,,MutNovel,"T295I,1.000"
X-2805,CRTC2,200186.0,MutNovel,"R379C,0.466"
X-2805,CSMD1,64478.0,Del0.8,0.6
X-2805,CSPG4P1Y,114758.0,Del0.8,0.21
X-2805,CSPG4P1Y,114758.0,Del0.8,0.21
X-2805,CSPP1,79848.0,MutKnownFunctional,"R51*,0.557"
X-2805,CSTF3,1479.0,MutNovel,"P238L,0.469"
X-2805,CTSA,5476.0,MutNovel,"L29-,0.917"
X-2805,CTTNBP2,83992.0,MutNovel,"P1661T,0.410"
X-2805,CUL4B,8450.0,MutNovel,"K234R,1.000"
X-2805,CUL7,9820.0,MutNovel,"T1717M,0.509"
X-2805,DAZ1,1617.0,Del0.8,0.21
X-2805,DAZ2,57055.0,Del0.8,0.21
X-2805,DAZ3,57054.0,Del0.8,0.21
X-2805,DAZ3,57054.0,Del0.8,0.21
X-2805,DAZ4,57135.0,Del0.8,0.21
X-2805,DAZ4,57135.0,Del0.8,0.21
X-2805,DDX3Y,8653.0,Del0.8,0.23
X-2805,DEFA10P,449493.0,Del0.8,0.74
X-2805,DEFA1B,728358.0,Del0.8,0.5
X-2805,DEFT1P,170949.0,Del0.8,0.5
X-2805,DENND1A,57706.0,MutNovel,"D569N,0.561"
X-2805,DNAH17,8632.0,MutNovel,"V1676M,1.000"
X-2805,DNASE2,1777.0,MutNovel,"L6V,0.487"
X-2805,DNHD1,144132.0,MutNovel,"R1358C,0.491"
X-2805,DOCK6,57572.0,MutNovel,"K1301N,0.393"
X-2805,DVL2,1856.0,MutNovel,"M399V,1.000"
X-2805,EGFEM1P,93556.0,Amp5,5.58
X-2805,EHBP1L1,254102.0,MutKnownFunctional,"Q273*,0.358"
X-2805,EIF1AY,9086.0,Del0.8,0.21
X-2805,EIF5A2,56648.0,Amp5,6.06
X-2805,ERCC6L2,,MutNovel,"P8T,1.000"
X-2805,ERGIC2,51290.0,MutNovel,"R216T,0.482"
X-2805,ETS2,2114.0,MutNovel,"M219I,0.470"
X-2805,EVC2,132884.0,MutNovel,"T1138M,0.260"
X-2805,FAM111B,374393.0,MutNovel,"R94G,0.655"
X-2805,FAM115C,285966.0,MutNovel,"T72A,1.000"
X-2805,FAM129A,116496.0,MutNovel,"K62T,0.573"
X-2805,FAM135A,57579.0,MutNovel,"M565I,0.692"
X-2805,FAM171B,165215.0,MutNovel,"-50Q,0.500"
X-2805,FAM197Y2P,252946.0,Del0.8,0.23
X-2805,FAM41AY1,340618.0,Del0.8,0.23
X-2805,FAM41AY1,340618.0,Del0.8,0.23
X-2805,FAM50A,9130.0,MutNovel,"E37D,0.907"
X-2805,FANCI,55215.0,MutNovel,"S734G,0.477"
X-2805,FANCI,55215.0,MutNovel,"E868D,0.459"
X-2805,FBXW5,54461.0,MutNovel,"R491Q,0.514"
X-2805,FBXW7,55294.0,MutNovel,"A54T,1.000"
X-2805,FCGBP,8857.0,MutNovel,"N3815S,0.833"
X-2805,FMO5,2330.0,Amp5,5.86
X-2805,FNDC3B,64778.0,Amp5,5.03
X-2805,FRRS1L,,MutNovel,"R51A,1.000"
X-2805,FRS2,10818.0,MutNovel,"S226N,0.577"
X-2805,GCC1,79571.0,MutNovel,"A648D,0.438"
X-2805,GDPD5,81544.0,MutNovel,"N529D,0.281"
X-2805,GHSR,2693.0,Amp5,5.03
X-2805,GIGYF2,26058.0,MutNovel,"PQ1231P,0.556"
X-2805,GK5,256356.0,Amp5,5.13
X-2805,GNAI3,2773.0,MutNovel,"I285V,0.456"
X-2805,GNRHR2,114814.0,Amp5,6.41
X-2805,GOLGA2P2Y,84559.0,Del0.8,0.21
X-2805,GOLGA2P2Y,84559.0,Del0.8,0.21
X-2805,GOLGA6L9,440295.0,MutNovel,"V377F,1.000"
X-2805,GOLGA8H,,MutNovel,"R201C,0.333"
X-2805,GOLGA8J,,MutNovel,"P296A,1.000"
X-2805,GOLIM4,27333.0,Amp5,5.13
X-2805,GPATCH8,23131.0,MutNovel,"G1392S,1.000"
X-2805,GPR160,26996.0,Amp5,6.06
X-2805,GPSM2,29899.0,MutNovel,"R637W,0.504"
X-2805,GRAPL,400581.0,Del0.8,0.58
X-2805,GRB10,2887.0,MutNovel,"P95S,1.000"
X-2805,GRK7,131890.0,Amp5,5.13
X-2805,GRTP1,79774.0,MutKnownFunctional,"-3,0.952"
X-2805,GYG2P1,352887.0,Del0.8,0.23
X-2805,HACE1,57531.0,MutNovel,"M461I,1.000"
X-2805,HDAC10,83933.0,MutNovel,"N476K,1.000"
X-2805,HEATR2,54919.0,MutNovel,"E51K,0.540"
X-2805,HFE2,148738.0,Amp5,6.41
X-2805,HIPK3,10114.0,MutNovel,"A1134T,0.523"
X-2805,HIST1H1C,3006.0,MutNovel,"V88L,0.364"
X-2805,HLA-B,3106.0,MutNovel,"A93R,0.980"
X-2805,HLA-B,3106.0,MutNovel,"A73G,0.500"
X-2805,HLA-DRB1,3123.0,MutNovel,"T210M,1.000"
X-2805,HLA-DRB1,3123.0,MutNovel,"A87G,1.000"
X-2805,HLA-DRB5,3127.0,MutNovel,"A87G,1.000"
X-2805,HLA-DRB5,3127.0,MutNovel,"F55Y,1.000"
X-2805,HLA-DRB5,3127.0,MutNovel,"Y42F,1.000"
X-2805,HLA-DRB5,3127.0,Amp5,5.21
X-2805,HNRNPL,3191.0,MutNovel,"F535L,0.508"
X-2805,HSFY2,159119.0,Del0.8,0.23
X-2805,HSFY2,159119.0,Del0.8,0.09
X-2805,IFT80,57560.0,Amp5,5.9
X-2805,IGSF10,285313.0,MutKnownFunctional,"R2216*,0.636"
X-2805,IGSF22,283284.0,MutNovel,"P1120R,0.600"
X-2805,IL12A,3592.0,Amp5,5.9
X-2805,IQCJ-SCHIP1,100505385.0,Amp5,5.39
X-2805,ISG20,3669.0,MutNovel,"L75V,0.491"
X-2805,ITGA10,8515.0,Amp5,6.41
X-2805,JAKMIP2,9832.0,MutNovel,"S202T,0.533"
X-2805,JSRP1,126306.0,MutNovel,"R246Q,1.000"
X-2805,KDM4A,9682.0,MutNovel,"A493V,0.313"
X-2805,KDM5D,8284.0,Del0.8,0.21
X-2805,KIAA0125,9834.0,Amp5,5.28
X-2805,KIAA1033,23325.0,MutNovel,"T599S,0.508"
X-2805,KIAA1586,57691.0,MutNovel,"M480KL,0.467"
X-2805,KIF3C,3797.0,MutNovel,"H738Y,0.714"
X-2805,KLC2,64837.0,MutNovel,"R348Q,0.355"
X-2805,KNTC1,9735.0,MutNovel,"F721Y,0.710"
X-2805,KNTC1,9735.0,MutNovel,"L1511F,0.662"
X-2805,KPNA4,3840.0,Amp5,5.9
X-2805,LAD1,3898.0,MutNovel,"L161F,0.550"
X-2805,LAMA5,3911.0,MutNovel,"R2287C,0.571"
X-2805,LAMA5,3911.0,MutNovel,"L1716R,0.506"
X-2805,LAP3,51056.0,MutNovel,"A152V,0.324"
X-2805,LBR,3930.0,MutNovel,"V258L,0.465"
X-2805,LCA5,167691.0,MutNovel,"P548S,0.424"
X-2805,LCA5,167691.0,MutNovel,"N50S,0.406"
X-2805,LCA5L,150082.0,MutNovel,"I278K,0.579"
X-2805,LCE3C,353144.0,Del0.8,0.27
X-2805,LGR4,55366.0,MutNovel,"H515R,0.468"
X-2805,LIX1L,128077.0,Amp5,6.41
X-2805,LMTK3,114783.0,MutNovel,"P453L,0.571"
X-2805,LOC100128164,100128164.0,Amp5,6.06
X-2805,LOC100190986,100190986.0,Del0.8,0.66
X-2805,LOC100271836,100271836.0,Del0.8,0.66
X-2805,LOC100289211,100289211.0,Amp5,5.86
X-2805,LOC100289361,100289361.0,Amp5,5.13
X-2805,LOC100507389,100507389.0,Amp5,5.13
X-2805,LOC100996259,,MutNovel,"P45R,1.000"
X-2805,LOC284344,284344.0,Del0.8,0.4
X-2805,LOC646168,646168.0,Amp5,5.13
X-2805,LOC647107,647107.0,Amp5,6.15
X-2805,LOC728728,,MutNovel,"L77P,1.000"
X-2805,LOC728888,,MutNovel,"P813L,0.667"
X-2805,LONP1,9361.0,MutNovel,"RFSV546-,0.294"
X-2805,LONRF1,91694.0,MutNovel,"V110I,1.000"
X-2805,LPIN3,64900.0,MutNovel,"P24L,0.518"
X-2805,LRGUK,136332.0,MutNovel,"R552H,0.657"
X-2805,LRRC31,79782.0,Amp5,6.06
X-2805,LRRC34,151827.0,Amp5,6.06
X-2805,LRRC37A2,474170.0,Del0.8,0.72
X-2805,LRRIQ4,344657.0,Amp5,6.06
X-2805,LSR,51599.0,MutNovel,"G518GR,0.441"
X-2805,LTBP3,4054.0,MutNovel,"L35LCW,0.400"
X-2805,MACF1,23499.0,MutNovel,"E573D,0.485"
X-2805,MACROD2,140733.0,MutNovel,"N179S,0.533"
X-2805,MAGEC1,9947.0,MutNovel,"S267L,0.364"
X-2805,MAGEC1,9947.0,MutNovel,"S322F,0.600"
X-2805,MAGI1,9223.0,MutNovel,"Q421HR,0.353"
X-2805,MAP1B,4131.0,MutNovel,"D1637H,1.000"
X-2805,MAP3K4,4216.0,MutNovel,"PA1189P,0.600"
X-2805,MAPKBP1,23005.0,MutNovel,"S1118L,0.453"
X-2805,MASTL,84930.0,MutNovel,"D364V,0.565"
X-2805,MBLAC1,255374.0,MutNovel,"P87L,0.571"
X-2805,MECOM,2122.0,Amp5,6.06
X-2805,MFSD1,64747.0,MutNovel,"Y283H,0.488"
X-2805,MFSD2A,84879.0,MutNovel,"I406S,0.710"
X-2805,MIR15B,406949.0,Amp5,5.9
X-2805,MIR16-2,406951.0,Amp5,5.9
X-2805,MIR3675,100500876.0,Del0.8,0.65
X-2805,MIR3941,100500866.0,Del0.8,0.65
X-2805,MIR551B,693136.0,Amp5,5.13
X-2805,MIR569,693154.0,Amp5,6.06
X-2805,MLLT10,8028.0,MutNovel,"T835I,0.473"
X-2805,MPHOSPH10,10199.0,MutNovel,"S359A,1.000"
X-2805,MPRIP,23164.0,MutNovel,"TSS178T,0.596"
X-2805,MSH2,4436.0,MutLikelyFunctional,"Q629R,0.549"
X-2805,MSRB2,22921.0,MutNovel,"A20V,0.491"
X-2805,MUC4,4585.0,MutNovel,"S1978P,0.308"
X-2805,MUC4,4585.0,MutNovel,"S1968P,0.467"
X-2805,MYH7B,57644.0,MutNovel,"Q828R,0.438"
X-2805,MYNN,55892.0,Amp5,6.06
X-2805,MYO19,80179.0,MutNovel,"G11W,1.000"
X-2805,MYO7A,4647.0,MutNovel,"P1514A,0.261"
X-2805,NARF,26502.0,MutNovel,"A25T,1.000"
X-2805,NBPF10,100132406.0,MutNovel,"M574R,0.429"
X-2805,NBPF10,100132406.0,MutNovel,"I921F,0.308"
X-2805,NBPF10,100132406.0,MutNovel,"I1165F,0.422"
X-2805,NBPF14,25832.0,MutNovel,"Q660K,0.414"
X-2805,NBPF24,,MutNovel,"D414N,1.000"
X-2805,NBPF9,400818.0,MutNovel,"R97G,0.291"
X-2805,NBPF9,400818.0,MutNovel,"Q184R,1.000"
X-2805,NBPF9,400818.0,MutNovel,"L491H,0.571"
X-2805,NCL,4691.0,MutNovel,"A61V,0.475"
X-2805,NCOR2,9612.0,MutNovel,"G1839GAAA,0.353"
X-2805,NCRNA00185,55410.0,Del0.8,0.21
X-2805,NELL2,4753.0,MutNovel,"G659R,0.450"
X-2805,NEURL4,84461.0,MutNovel,"V1425A,0.990"
X-2805,NIPA1,123606.0,MutNovel,"T65A,0.667"
X-2805,NKAP,79576.0,MutNovel,"R281Q,1.000"
X-2805,NLGN4Y,22829.0,Del0.8,0.23
X-2805,NMD3,51068.0,Amp5,5.9
X-2805,NPIPL3,23117.0,Del0.8,0.66
X-2805,NSFP1,728806.0,Del0.8,0.72
X-2805,NUDT17,200035.0,Amp5,6.41
X-2805,NUMA1,4926.0,MutNovel,"L1914R,0.659"
X-2805,NUP205,23165.0,MutNovel,"F1600Y,0.277"
X-2805,NYNRIN,57523.0,MutNovel,"V1689I,0.536"
X-2805,OBSCN,84033.0,MutNovel,"V1624A,0.235"
X-2805,OBSCN,84033.0,MutNovel,"V3974I,0.431"
X-2805,ODF3B,440836.0,Del0.8,0.62
X-2805,OPN3,23596.0,MutNovel,"S300L,0.409"
X-2805,OR2T10,127069.0,Amp5,5.9
X-2805,OR2T34,127068.0,Amp5,5.9
X-2805,ORAI1,84876.0,MutNovel,"PP43-,0.729"
X-2805,OTOL1,131149.0,Amp5,5.9
X-2805,P2RY8,286530.0,MutKnownFunctional,"-1394,0.556"
X-2805,P2RY8,286530.0,MutKnownFunctional,"-1394,0.833"
X-2805,P2RY8,286530.0,MutNovel,"V1394A,0.333"
X-2805,PABPC3,5042.0,MutKnownFunctional,"-299,1.000"
X-2805,PAQR7,164091.0,MutNovel,"IL327MI,0.993"
X-2805,PAQR9,344838.0,Amp5,5.13
X-2805,PARD6G,84552.0,MutNovel,"S86N,1.000"
X-2805,PART1,25859.0,Del0.8,0.35
X-2805,PCDH11Y,83259.0,Del0.8,0.39
X-2805,PCDHB12,56124.0,MutNovel,"N487I,0.333"
X-2805,PCOLCE2,26577.0,Amp5,5.13
X-2805,PCSK5,5125.0,MutNovel,"T732I,0.438"
X-2805,PDCD10,11235.0,Amp5,5.13
X-2805,PDE4D,5144.0,Del0.8,0.59
X-2805,PDE4DIP,9659.0,MutNovel,"V76G,0.688"
X-2805,PDE6A,5145.0,MutNovel,"D273E,1.000"
X-2805,PDIA3P,171423.0,Amp5,5.86
X-2805,PDK2,5164.0,MutNovel,"A11E,1.000"
X-2805,PDLIM7,9260.0,MutNovel,"G74R,0.995"
X-2805,PDXDC1,23042.0,Del0.8,0.72
X-2805,PDZK1,5174.0,Amp5,6.41
X-2805,PEAK1,79834.0,MutNovel,"S440P,0.551"
X-2805,PEX11B,8799.0,Amp5,6.41
X-2805,PHC3,80012.0,Amp5,6.06
X-2805,PHF3,23469.0,MutNovel,"H1834Y,0.476"
X-2805,PHKA2,5256.0,MutNovel,"Q892E,1.000"
X-2805,PHLDA1,22822.0,MutNovel,"V303I,0.634"
X-2805,PHLDA1,22822.0,MutNovel,"QQ194Q,0.517"
X-2805,PIAS3,10401.0,Amp5,6.41
X-2805,PIEZO1,9780.0,MutNovel,"I2233L,1.000"
X-2805,PIGO,84720.0,MutKnownFunctional,"-804,0.235"
X-2805,PJA2,9867.0,MutNovel,"A211T,0.995"
X-2805,PLD1,5337.0,Amp5,5.03
X-2805,PLOD2,5352.0,Amp5,5.13
X-2805,PLS1,5357.0,Amp5,5.13
X-2805,PLSCR1,5359.0,Amp5,5.13
X-2805,PLSCR2,57047.0,Amp5,5.13
X-2805,PLSCR4,57088.0,Amp5,5.13
X-2805,PLSCR5,389158.0,Amp5,5.13
X-2805,PLXNB1,5364.0,MutNovel,"A354V,0.534"
X-2805,POGZ,23126.0,MutNovel,"V317G,0.448"
X-2805,POLR3C,10623.0,Amp5,6.41
X-2805,POLR3GL,84265.0,Amp5,6.41
X-2805,POMZP3,22932.0,MutNovel,"KK56K,0.857"
X-2805,PPM1L,151742.0,Amp5,5.9
X-2805,PPME1,51400.0,MutNovel,"R12C,0.299"
X-2805,PPP1R12B,4660.0,MutKnownFunctional,"R804*,0.545"
X-2805,PPP1R13B,23368.0,MutNovel,"E713G,0.374"
X-2805,PPP1R13B,23368.0,MutNovel,"P555T,0.392"
X-2805,PPP1R16A,84988.0,MutNovel,"F499Y,0.334"
X-2805,PPP1R18,,MutNovel,"S184A,0.355"
X-2805,PPP1R7,5510.0,MutNovel,"V350L,0.467"
X-2805,PPP2R3B,28227.0,MutNovel,"R602H,0.429"
X-2805,PRIC285,85441.0,MutNovel,"D486N,0.563"
X-2805,PRKCI,5584.0,Amp5,6.06
X-2805,PRKY,5616.0,Del0.8,0.23
X-2805,PRNP,5621.0,MutNovel,"E219K,0.356"
X-2805,PRUNE2,158471.0,MutNovel,"V912L,0.429"
X-2805,PRY,9081.0,Del0.8,0.21
X-2805,PRY,9081.0,Del0.8,0.21
X-2805,PRY2,442862.0,Del0.8,0.21
X-2805,PRY2,442862.0,Del0.8,0.21
X-2805,PTPN21,11099.0,MutNovel,"A626T,0.524"
X-2805,PTPRF,5792.0,MutNovel,"E845K,0.351"
X-2805,PYGL,5836.0,MutNovel,"G133D,0.435"
X-2805,RAB13,5872.0,MutNovel,"N32S,0.520"
X-2805,RAB22A,57403.0,MutNovel,"R68H,0.511"
X-2805,RABEP1,9135.0,MutNovel,"M462L,0.992"
X-2805,RANBP2,5903.0,MutNovel,"A1512S,0.457"
X-2805,RARA,5914.0,MutNovel,"D433E,1.000"
X-2805,RASA2,5922.0,Amp5,5.13
X-2805,RBM8A,9939.0,Amp5,6.41
X-2805,RBMY1A3P,286557.0,Del0.8,0.23
X-2805,RBMY1B,378948.0,Del0.8,0.21
X-2805,RBMY1B,378948.0,Del0.8,0.21
X-2805,RBMY1E,378950.0,Del0.8,0.21
X-2805,RBMY1E,378950.0,Del0.8,0.21
X-2805,RBMY1F,159163.0,Del0.8,0.21
X-2805,RBMY1F,159163.0,Del0.8,0.21
X-2805,RBMY1J,378951.0,Del0.8,0.21
X-2805,RBMY1J,378951.0,Del0.8,0.21
X-2805,RBMY2EP,159125.0,Del0.8,0.21
X-2805,RBMY2FP,159162.0,Del0.8,0.21
X-2805,RBMY3AP,64593.0,Del0.8,0.23
X-2805,RGPD2,,MutNovel,"S263N,1.000"
X-2805,RGPD4,285190.0,MutNovel,"S264N,1.000"
X-2805,RLN1,6013.0,MutNovel,"T81A,0.636"
X-2805,RLN2,6019.0,MutNovel,"E147G,0.418"
X-2805,RNF115,27246.0,Amp5,6.41
X-2805,RNF7,9616.0,Amp5,5.13
X-2805,RPL22L1,200916.0,Amp5,6.06
X-2805,RPL7,6129.0,MutNovel,"R43Q,0.536"
X-2805,RPS17,6218.0,MutNovel,"Q74H,0.235"
X-2805,RPS17,6218.0,MutNovel,"Q74P,0.235"
X-2805,RPS17,6218.0,MutNovel,"Q74P,0.235"
X-2805,RPS4Y1,6192.0,Del0.8,0.39
X-2805,RPS4Y2,140032.0,Del0.8,0.21
X-2805,RRP1,8568.0,MutNovel,"Q97H,0.437"
X-2805,RTN3,10313.0,MutNovel,"K300E,0.454"
X-2805,SAMD7,344658.0,Amp5,6.06
X-2805,SCARNA7,677767.0,Amp5,5.9
X-2805,SCHIP1,29970.0,Amp5,5.46
X-2805,SCRIB,23513.0,MutNovel,"P1337S,0.349"
X-2805,SCUBE2,57758.0,MutNovel,"L25P,0.800"
X-2805,SEC62,7095.0,Amp5,6.06
X-2805,SERPINI1,5274.0,Amp5,5.13
X-2805,SERPINI2,5276.0,Amp5,5.13
X-2805,SFI1,9814.0,MutNovel,"E726K,1.000"
X-2805,SH2B3,10019.0,MutNovel,"F275I,0.237"
X-2805,SH3PXD2B,285590.0,MutNovel,"L298R,1.000"
X-2805,SI,6476.0,Amp5,6.15
X-2805,SKIL,6498.0,Amp5,6.06
X-2805,SLC25A36,55186.0,Amp5,5.13
X-2805,SLC25A37,51312.0,Del0.8,0.73
X-2805,SLC2A2,6514.0,Amp5,6.06
X-2805,SLC35E2,9906.0,MutNovel,"V125I,0.973"
X-2805,SLC36A1,206358.0,MutNovel,"R133W,1.000"
X-2805,SLC38A6,145389.0,MutNovel,"G6R,0.941"
X-2805,SLC52A2,,MutNovel,"P48S,0.343"
X-2805,SLC6A13,6540.0,MutNovel,"P517Q,0.543"
X-2805,SLC7A14,57709.0,Amp5,6.06
X-2805,SLC7A5P2,387254.0,Del0.8,0.66
X-2805,SLC9A9,285195.0,Amp5,5.13
X-2805,SLITRK3,22865.0,Amp5,6.15
X-2805,SMC4,10051.0,Amp5,5.9
X-2805,SMG9,56006.0,MutNovel,"P126L,0.662"
X-2805,SNAP47,116841.0,MutNovel,"R459W,0.505"
X-2805,SP110,3431.0,MutNovel,"T498I,0.482"
X-2805,SPDEF,25803.0,MutNovel,"V108A,0.407"
X-2805,SPSB4,92369.0,Amp5,5.13
X-2805,SPTSSB,165679.0,Amp5,5.9
X-2805,SRY,6736.0,Del0.8,0.39
X-2805,SVOPL,136306.0,MutNovel,"G42S,0.571"
X-2805,TBC1D3,729873.0,MutNovel,"V3M,1.000"
X-2805,TBL1Y,90665.0,Del0.8,0.23
X-2805,TBP,6908.0,MutNovel,"-64Q,0.333"
X-2805,TERC,7012.0,Amp5,6.06
X-2805,TFDP2,7029.0,Amp5,5.13
X-2805,TGIF2LY,90655.0,Del0.8,0.39
X-2805,THAP6,152815.0,MutNovel,"A201V,0.443"
X-2805,THAP8,199745.0,MutNovel,"R159Q,0.573"
X-2805,THOC3,84321.0,MutKnownFunctional,"-292,0.876"
X-2805,TIMELESS,8914.0,MutNovel,"E375G,0.548"
X-2805,TLK2,11011.0,MutNovel,"R262Q,0.367"
X-2805,TMC6,11322.0,MutNovel,"K235R,0.968"
X-2805,TMEM184A,202915.0,MutNovel,"G392GA,0.262"
X-2805,TMEM212,389177.0,Amp5,5.03
X-2805,TMEM88B,643965.0,MutNovel,"G13R,1.000"
X-2805,TMEM88B,643965.0,MutNovel,"P150T,1.000"
X-2805,TMSB4Y,9087.0,Del0.8,0.23
X-2805,TNFSF10,8743.0,Amp5,5.03
X-2805,TNIK,23043.0,Amp5,5.46
X-2805,TNKS1BP1,85456.0,MutNovel,"E1210K,0.658"
X-2805,TP53,7157.0,MutKnownFunctional,"-301?,0.883"
X-2805,TP53TG3,24150.0,Del0.8,0.63
X-2805,TP53TG3B,729355.0,Del0.8,0.63
X-2805,TRDMT1,1787.0,MutNovel,"E202Q,0.432"
X-2805,TRIM42,287015.0,Amp5,5.13
X-2805,TRIM49,57093.0,Amp5,5.03
X-2805,TRIM59,286827.0,Amp5,5.9
X-2805,TRIP11,9321.0,MutNovel,"T1380I,0.431"
X-2805,TRMT5,57570.0,MutNovel,"K278E,1.000"
X-2805,TRPC1,7220.0,Amp5,5.13
X-2805,TSPY1,7258.0,Del0.8,0.23
X-2805,TSPY2,64591.0,Del0.8,0.23
X-2805,TSPY3,728137.0,Del0.8,0.23
X-2805,TSPY4,728395.0,Del0.8,0.23
X-2805,TSPY8,728403.0,Del0.8,0.23
X-2805,TSPYL1,7259.0,MutNovel,"V176VW,0.842"
X-2805,TTLL3,26140.0,MutNovel,"L43P,0.500"
X-2805,TTTY10,246119.0,Del0.8,0.21
X-2805,TTTY11,83866.0,Del0.8,0.23
X-2805,TTTY12,83867.0,Del0.8,0.23
X-2805,TTTY13,83868.0,Del0.8,0.21
X-2805,TTTY14,83869.0,Del0.8,0.21
X-2805,TTTY15,64595.0,Del0.8,0.23
X-2805,TTTY16,252948.0,Del0.8,0.23
X-2805,TTTY17A,252949.0,Del0.8,0.21
X-2805,TTTY17A,252949.0,Del0.8,0.21
X-2805,TTTY18,252950.0,Del0.8,0.23
X-2805,TTTY19,252952.0,Del0.8,0.23
X-2805,TTTY1B,100101116.0,Del0.8,0.23
X-2805,TTTY1B,100101116.0,Del0.8,0.23
X-2805,TTTY2,60439.0,Del0.8,0.23
X-2805,TTTY2,60439.0,Del0.8,0.23
X-2805,TTTY20,252951.0,Del0.8,0.23
X-2805,TTTY21,252953.0,Del0.8,0.23
X-2805,TTTY21,252953.0,Del0.8,0.23
X-2805,TTTY22,252954.0,Del0.8,0.23
X-2805,TTTY23,252955.0,Del0.8,0.23
X-2805,TTTY23,252955.0,Del0.8,0.23
X-2805,TTTY3,114760.0,Del0.8,0.21
X-2805,TTTY3,114760.0,Del0.8,0.21
X-2805,TTTY4,114761.0,Del0.8,0.21
X-2805,TTTY4,114761.0,Del0.8,0.21
X-2805,TTTY5,83863.0,Del0.8,0.21
X-2805,TTTY6,84672.0,Del0.8,0.21
X-2805,TTTY6,84672.0,Del0.8,0.21
X-2805,TTTY7,246122.0,Del0.8,0.23
X-2805,TTTY7,246122.0,Del0.8,0.23
X-2805,TTTY7B,100101120.0,Del0.8,0.23
X-2805,TTTY7B,100101120.0,Del0.8,0.23
X-2805,TTTY8,84673.0,Del0.8,0.23
X-2805,TTTY8,84673.0,Del0.8,0.23
X-2805,TTTY9A,83864.0,Del0.8,0.09
X-2805,TTTY9A,83864.0,Del0.8,0.23
X-2805,TUSC3,7991.0,Del0.8,0.66
X-2805,TXLNG2P,246126.0,Del0.8,0.21
X-2805,TXNIP,10628.0,Amp5,6.41
X-2805,U2SURP,23350.0,Amp5,5.13
X-2805,UGT2B10,7365.0,MutNovel,"R250G,1.000"
X-2805,USP36,57602.0,MutNovel,"KKK958K,0.730"
X-2805,USP9Y,8287.0,Del0.8,0.23
X-2805,UTY,7404.0,Del0.8,0.23
X-2805,VCY,9084.0,Del0.8,0.23
X-2805,VCY,9084.0,Del0.8,0.23
X-2805,VWC2,375567.0,Del0.8,0.19
X-2805,WDR49,151790.0,Amp5,5.13
X-2805,WDR72,256764.0,MutNovel,"M772L,1.000"
X-2805,WLS,79971.0,MutNovel,"KK205K,0.427"
X-2805,XKRY2,353515.0,Del0.8,0.23
X-2805,XKRY2,353515.0,Del0.8,0.23
X-2805,XRN1,54464.0,Amp5,5.13
X-2805,ZBBX,79740.0,Amp5,5.13
X-2805,ZBTB38,253461.0,Amp5,5.13
X-2805,ZBTB47,92999.0,MutNovel,"E330D,0.556"
X-2805,ZFAND4,93550.0,MutNovel,"I275N,0.526"
X-2805,ZFP112,7771.0,MutNovel,"R705I,0.642"
X-2805,ZFP36L2,678.0,MutNovel,"D219E,0.495"
X-2805,ZFY,7544.0,Del0.8,0.39
X-2805,ZNF222,7673.0,MutNovel,"R473C,0.500"
X-2805,ZNF225,7768.0,MutNovel,"R415H,0.462"
X-2805,ZNF292,23036.0,MutNovel,"N1544D,0.431"
X-2805,ZNF337,26152.0,MutNovel,"R271Q,0.991"
X-2805,ZNF384,171017.0,MutNovel,"QQ514Q,0.230"
X-2805,ZNF502,91392.0,MutNovel,"E439K,0.627"
X-2805,ZNF524,147807.0,MutNovel,"R52L,0.526"
X-2805,ZNF526,116115.0,MutNovel,"S571N,0.657"
X-2805,ZNF549,256051.0,MutNovel,"R249C,0.563"
X-2805,ZNF644,84146.0,MutNovel,"S1229P,0.526"
X-2805,ZNF653,115950.0,MutNovel,"R46Q,0.458"
X-2805,ZNF705A,440077.0,MutNovel,"I55K,0.750"
X-2805,ZNF772,400720.0,MutNovel,"A4GP,0.375"
X-2805,ZNF814,730051.0,MutNovel,"H296HI,0.533"
X-2805,ZNF835,90485.0,MutNovel,"D77E,0.375"
X-2805,ZNF888,,MutNovel,"D26E,0.360"
X-2805,ZNHIT2,741.0,MutNovel,"R384W,0.325"
X-2805,ZPBP,11055.0,Del0.8,0.2
X-3001,ADAM6,8755.0,Amp8,9
X-3001,ADRA2B,151.0,MutNovel,"E301ERRK,1.000"
X-3001,ADRM1,11047.0,MutNovel,"W61S,0.629"
X-3001,AHNAK2,113146.0,MutNovel,"PS2041LS,0.273"
X-3001,AMELY,266.0,Del0.8,0.14
X-3001,ANGPTL4,51129.0,MutKnownFunctional,"-312,1.000"
X-3001,ANKLE2,23141.0,MutKnownFunctional,"S60*,0.507"
X-3001,ANKRD23,200539.0,MutNovel,"F62C,0.479"
X-3001,ANKRD50,57182.0,MutNovel,"A1277P,1.000"
X-3001,ANO8,57719.0,MutNovel,"A4T,0.546"
X-3001,AP5B1,,MutNovel,"A105E,1.000"
X-3001,APBA1,320.0,MutNovel,"F152I,1.000"
X-3001,APEX2,27301.0,MutNovel,"E147Q,1.000"
X-3001,APPL1,26060.0,MutNovel,"T436R,0.484"
X-3001,ARHGEF10L,55160.0,MutNovel,"GQAHE1150G,1.000"
X-3001,ARMCX5,64860.0,Del0.8,0.71
X-3001,ARV1,64801.0,MutKnownFunctional,"-170?,0.355"
X-3001,ASPRV1,151516.0,MutNovel,"L254M,1.000"
X-3001,ASXL1,171023.0,MutNovel,"E1102D,0.496"
X-3001,ATG10,83734.0,Del0.8,0.77
X-3001,ATMIN,23300.0,MutNovel,"M314K,1.000"
X-3001,ATP2B3,492.0,MutNovel,"A52V,0.444"
X-3001,AVEN,57099.0,MutNovel,"GGGGG41G,1.000"
X-3001,BCL9,607.0,MutNovel,"R1134Q,0.565"
X-3001,BCORP1,286554.0,Del0.8,0.14
X-3001,BOD1L1,,MutNovel,"P2951H,0.995"
X-3001,BOP1,23246.0,MutNovel,"D723K,1.000"
X-3001,BPY2B,442867.0,Del0.8,0.1
X-3001,BPY2B,442867.0,Del0.8,0.07
X-3001,BRWD1,54014.0,MutNovel,"R890Q,0.370"
X-3001,C11orf53,341032.0,MutNovel,"E168K,0.559"
X-3001,C12orf35,55196.0,MutKnownFunctional,"-853?,0.395"
X-3001,C12orf55,,MutNovel,"N127K,1.000"
X-3001,C14orf126,112487.0,MutNovel,"D28N,0.231"
X-3001,C21orf58,54058.0,MutNovel,"H299PN,1.000"
X-3001,C5orf52,100190949.0,Del0.8,0.66
X-3001,C9orf116,138162.0,Amp5,7.78
X-3001,C9orf78,51759.0,MutNovel,"E33G,1.000"
X-3001,CACNA1A,773.0,MutNovel,"Q2325-,1.000"
X-3001,CACNA2D1,781.0,Del0.8,0.51
X-3001,CCDC120,90060.0,MutNovel,"R593H,0.486"
X-3001,CCDC136,64753.0,MutNovel,"E1046K,0.238"
X-3001,CDCP1,64866.0,MutNovel,"L18M,0.333"
X-3001,CDH13,1012.0,Del0.8,0.52
X-3001,CDH22,64405.0,MutNovel,"S690R,1.000"
X-3001,CDKN1C,1028.0,MutNovel,"APVAV171V,1.000"
X-3001,CDY1B,253175.0,Del0.8,0.07
X-3001,CDY1B,253175.0,Del0.8,0.1
X-3001,CDY2A,9426.0,Del0.8,0.14
X-3001,CDY2A,9426.0,Del0.8,0.14
X-3001,CDY2B,203611.0,Del0.8,0.14
X-3001,CDY2B,203611.0,Del0.8,0.14
X-3001,CEP350,9857.0,MutNovel,"S1165L,0.467"
X-3001,CES1P1,51716.0,Del0.8,0.8
X-3001,CFHR3,10878.0,MutNovel,"NST108KSI,1.000"
X-3001,CFHR3,10878.0,MutNovel,"E111D,1.000"
X-3001,CFHR3,10878.0,MutNovel,"G119A,1.000"
X-3001,CHCHD10,400916.0,MutNovel,"P34S,0.523"
X-3001,CHD2,1106.0,MutKnownFunctional,"-1242?,0.787"
X-3001,CHPT1,56994.0,MutNovel,"L29P,1.000"
X-3001,CLDN11,5010.0,Amp5,5.21
X-3001,CLTCL1,8218.0,MutKnownFunctional,"-1574,0.429"
X-3001,CNTN5,53942.0,MutNovel,"S23A,0.217"
X-3001,COL12A1,1303.0,MutNovel,"R1086Q,0.351"
X-3001,COL5A1,1289.0,MutNovel,"Q113H,0.290"
X-3001,CRAMP1L,57585.0,MutNovel,"A68V,0.944"
X-3001,CRTC1,23373.0,MutNovel,"G601C,0.481"
X-3001,CSMD1,64478.0,Del0.8,0.76
X-3001,CSPG4P1Y,114758.0,Del0.8,0.17
X-3001,CSPG4P1Y,114758.0,Del0.8,0.1
X-3001,CST2,1470.0,MutNovel,"I87V,0.500"
X-3001,CTSA,5476.0,MutNovel,"L29-,0.492"
X-3001,DAZ1,1617.0,Del0.8,0.14
X-3001,DAZ2,57055.0,Del0.8,0.12
X-3001,DAZ3,57054.0,Del0.8,0.04
X-3001,DAZ3,57054.0,Del0.8,0.12
X-3001,DAZ4,57135.0,Del0.8,0.11
X-3001,DAZ4,57135.0,Del0.8,0.09
X-3001,DDX3Y,8653.0,Del0.8,0.14
X-3001,DGKK,139189.0,MutKnownFunctional,"-1020?,1.000"
X-3001,DGKQ,1609.0,MutNovel,"R310S,0.351"
X-3001,DMRT1,1761.0,MutNovel,"W273WQ,1.000"
X-3001,DMRTC1B,728656.0,Del0.8,0.07
X-3001,DMRTC1B,728656.0,Del0.8,0.07
X-3001,DNAJB14,79982.0,MutNovel,"V262L,1.000"
X-3001,DUSP22,56940.0,Del0.8,0.72
X-3001,E2F5,1875.0,MutNovel,"G18A,1.000"
X-3001,E2F5,1875.0,MutNovel,"D164N,1.000"
X-3001,ECT2,1894.0,Amp5,5.21
X-3001,EGFEM1P,93556.0,Amp5,5.24
X-3001,EID3,493861.0,Del0.8,0.64
X-3001,EIF1AY,9086.0,Del0.8,0.14
X-3001,EIF2AK3,9451.0,MutNovel,"A52T,0.500"
X-3001,EIF2B3,8891.0,MutNovel,"P24L,0.475"
X-3001,EIF5A2,56648.0,Amp5,5.21
X-3001,EPT1,85465.0,MutNovel,"P45A,0.549"
X-3001,ERVV-1,147664.0,MutNovel,"Q355E,0.667"
X-3001,F2RL3,9002.0,MutNovel,"N300K,0.647"
X-3001,FAM153A,285596.0,MutNovel,"T107I,0.500"
X-3001,FAM186B,84070.0,MutNovel,"T765M,0.467"
X-3001,FAM197Y2P,252946.0,Del0.8,0.14
X-3001,FAM22D,728130.0,MutNovel,"L541H,0.909"
X-3001,FAM41AY1,340618.0,Del0.8,0.14
X-3001,FAM41AY1,340618.0,Del0.8,0.14
X-3001,FAM66D,100132923.0,Del0.8,0.59
X-3001,FAM86B1,85002.0,Del0.8,0.59
X-3001,FAM90A1,55138.0,Amp5,5.17
X-3001,FNDC3B,64778.0,Amp5,5.21
X-3001,FNIP1,96459.0,MutNovel,"R1024C,1.000"
X-3001,FRRS1L,,MutNovel,"R51A,1.000"
X-3001,GARS,2617.0,MutNovel,"Y467N,0.579"
X-3001,GCN1L1,10985.0,MutNovel,"E1722Q,1.000"
X-3001,GHSR,2693.0,Amp5,5.21
X-3001,GIGYF2,26058.0,MutNovel,"PQ1231P,1.000"
X-3001,GJA1,2697.0,MutNovel,"F233Y,0.544"
X-3001,GOLGA2P2Y,84559.0,Del0.8,0.17
X-3001,GOLGA2P2Y,84559.0,Del0.8,0.1
X-3001,GORASP1,64689.0,MutNovel,"P206H,0.523"
X-3001,GPHN,10243.0,MutNovel,"N10Y,1.000"
X-3001,GPR124,25960.0,MutNovel,"G981C,1.000"
X-3001,GPR160,26996.0,Amp5,5.21
X-3001,GPRIN2,9721.0,MutNovel,"-238MRE,0.250"
X-3001,GSTM1,2944.0,Del0.8,0.52
X-3001,GYG2P1,352887.0,Del0.8,0.14
X-3001,HLA-B,3106.0,MutNovel,"YT33ST,0.863"
X-3001,HLA-C,3107.0,MutNovel,"DT33AT,0.990"
X-3001,HLA-DRB6,3128.0,Del0.8,0.76
X-3001,HLA-G,3135.0,MutNovel,"I123F,0.357"
X-3001,HLA-H,3136.0,Del0.8,0.45
X-3001,HOOK1,51361.0,MutNovel,"M86T,0.586"
X-3001,HSFY2,159119.0,Del0.8,0.14
X-3001,HSFY2,159119.0,Del0.8,0.14
X-3001,HTT,3064.0,MutNovel,"-18Q,1.000"
X-3001,ICA1L,130026.0,MutNovel,"L424F,0.287"
X-3001,ICAM2,3384.0,MutNovel,"T138S,0.882"
X-3001,IGSF9,57549.0,MutNovel,"R287W,0.480"
X-3001,IRS2,8660.0,MutNovel,"N28KT,1.000"
X-3001,ITPR1,3708.0,MutNovel,"T83N,0.333"
X-3001,KCNMB2,10242.0,Amp5,5.21
X-3001,KCTD15,79047.0,MutNovel,"V58L,0.457"
X-3001,KDM5D,8284.0,Del0.8,0.14
X-3001,KIAA0125,9834.0,Amp8,9
X-3001,KIAA0556,23247.0,MutNovel,"V441I,1.000"
X-3001,KIAA0947,23379.0,MutNovel,"D910E,0.345"
X-3001,KIAA1549,57670.0,MutNovel,"S1414L,0.511"
X-3001,KIF3B,9371.0,MutNovel,"T266S,0.550"
X-3001,KLHL35,283212.0,MutNovel,"I446T,1.000"
X-3001,LAMB2,3913.0,MutNovel,"T1638N,0.502"
X-3001,LCN1,3933.0,Amp5,7.78
X-3001,LGALS9C,654346.0,MutNovel,"S263N,1.000"
X-3001,LGALS9C,654346.0,MutNovel,"M269L,1.000"
X-3001,LINC00226,338004.0,Amp8,9
X-3001,LINC00426,100188949.0,Del0.8,0.72
X-3001,LOC100128164,100128164.0,Amp5,5.21
X-3001,LOC100129407,100129407.0,Del0.8,0.07
X-3001,LOC100129407,100129407.0,Del0.8,0.07
X-3001,LOC100130954,100130954.0,Amp5,7.78
X-3001,LOC100132247,100132247.0,MutNovel,"V697F,0.429"
X-3001,LOC100132247,100132247.0,MutNovel,"S1066L,0.273"
X-3001,LOC100287837,,MutNovel,"E5ER,1.000"
X-3001,LOC100288332,,MutNovel,"D279V,0.950"
X-3001,LOC100652741,,MutNovel,"R207Q,1.000"
X-3001,LOC100996473,,MutNovel,"R2P,0.333"
X-3001,LOC100996473,,MutNovel,"F175L,0.467"
X-3001,LOC100996689,,MutNovel,"R232C,0.235"
X-3001,LOC392196,392196.0,Del0.8,0.59
X-3001,LOC653720,,MutNovel,"S626P,0.750"
X-3001,LOC728323,728323.0,Del0.8,0.72
X-3001,LOC729162,,MutNovel,"L4S,0.714"
X-3001,LOC729264,729264.0,Del0.8,0.7
X-3001,LPP,4026.0,Del0.8,0.43
X-3001,LRRC31,79782.0,Amp5,5.21
X-3001,LRRC34,151827.0,Amp5,5.21
X-3001,LRRIQ4,344657.0,Amp5,5.21
X-3001,LRRTM4,80059.0,MutNovel,"R232C,1.000"
X-3001,LSR,51599.0,MutNovel,"G518R,0.216"
X-3001,LSR,51599.0,MutNovel,"G518GR,1.000"
X-3001,LY6K,54742.0,MutNovel,"P114R,1.000"
X-3001,MAP3K4,4216.0,MutNovel,"PA1189P,1.000"
X-3001,MAP3K9,4293.0,MutNovel,"P132Q,1.000"
X-3001,MAPKAP1,79109.0,MutNovel,"R395Q,1.000"
X-3001,MARK4,57787.0,MutNovel,"N499K,0.494"
X-3001,MCIN,,MutNovel,"P19R,1.000"
X-3001,MCM9,254394.0,MutKnownFunctional,"Q664*,0.766"
X-3001,MECOM,2122.0,Amp5,5.21
X-3001,MEIS3,56917.0,MutNovel,"A382G,1.000"
X-3001,MIR4789,100616395.0,Amp5,5.21
X-3001,MIR569,693154.0,Amp5,5.21
X-3001,MIR570,693155.0,Amp5,6.82
X-3001,MLIP,90523.0,Del0.8,0.7
X-3001,MLL2,8085.0,MutNovel,"P4522H,0.508"
X-3001,MPRIP,23164.0,MutNovel,"TS178T,1.000"
X-3001,MRPS2,51116.0,Amp5,7.78
X-3001,MUC20,200958.0,Amp5,5.03
X-3001,MYNN,55892.0,Amp5,5.21
X-3001,MYO5B,4645.0,MutNovel,"R884Q,1.000"
X-3001,N4BP2L2,10443.0,MutKnownFunctional,"-484?,0.714"
X-3001,NAALADL2,254827.0,Amp5,5.21
X-3001,NANOS1,340719.0,MutNovel,"P34T,1.000"
X-3001,NAP1L2,4674.0,Del0.8,0.15
X-3001,NAP1L6,645996.0,Del0.8,0.27
X-3001,NBPF1,55672.0,MutNovel,"L377V,0.250"
X-3001,NBPF10,100132406.0,MutNovel,"P1138L,0.500"
X-3001,NBPF16,728936.0,MutKnownFunctional,"VPE199GP*,0.667"
X-3001,NBPF16,728936.0,MutNovel,"E201D,0.667"
X-3001,NBPF9,400818.0,MutNovel,"Q184R,0.282"
X-3001,NCEH1,57552.0,Amp5,5.21
X-3001,NCOA3,8202.0,MutNovel,"Q1255-,0.250"
X-3001,NCOR2,9612.0,MutNovel,"G1839GAAA,1.000"
X-3001,NCRNA00185,55410.0,Del0.8,0.14
X-3001,NEDD4L,23327.0,MutNovel,"L190F,1.000"
X-3001,NLGN1,22871.0,Amp5,5.21
X-3001,NLGN4Y,22829.0,Del0.8,0.14
X-3001,NLRX1,79671.0,MutNovel,"E962K,1.000"
X-3001,NPIPL3,23117.0,MutNovel,"R780L,0.768"
X-3001,NPIPL3,23117.0,MutKnownFunctional,"-241?,0.455"
X-3001,NSFP1,728806.0,Del0.8,0.8
X-3001,OBP2A,29991.0,Amp5,7.78
X-3001,OBP2B,29989.0,MutNovel,"P168L,1.000"
X-3001,OBP2B,29989.0,MutNovel,"R149H,1.000"
X-3001,OPLAH,26873.0,MutKnownFunctional,"-1167,1.000"
X-3001,OR2L5,,MutNovel,"G212S,1.000"
X-3001,ORAI1,84876.0,MutNovel,"PP43-,1.000"
X-3001,OSBPL10,114884.0,MutNovel,"S143C,0.463"
X-3001,OTUD1,220213.0,MutNovel,"A59T,1.000"
X-3001,P2RY8,286530.0,MutKnownFunctional,"-1394,1.000"
X-3001,PABPC1L2A,340529.0,Del0.8,0.16
X-3001,PABPC1L2B,645974.0,Del0.8,0.16
X-3001,PAEP,5047.0,Amp5,7.78
X-3001,PALM2-AKAP2,445815.0,MutNovel,"-840EA,0.438"
X-3001,PCDH11Y,83259.0,Del0.8,0.14
X-3001,PCDHB3,56132.0,MutNovel,"T534A,1.000"
X-3001,PCDHB3,56132.0,MutNovel,"G594S,1.000"
X-3001,PHC3,80012.0,Amp5,5.21
X-3001,PHKA1,5255.0,Del0.8,0.4
X-3001,PHLDA1,22822.0,MutNovel,"QQ194Q,1.000"
X-3001,PIK3R3,8503.0,MutNovel,"D310H,0.473"
X-3001,PIK3R4,30849.0,MutNovel,"M1215V,0.337"
X-3001,PLCE1,51196.0,MutNovel,"A878S,1.000"
X-3001,PLD1,5337.0,Amp5,5.21
X-3001,PPCDC,60490.0,MutNovel,"D72N,1.000"
X-3001,PPHLN1,51535.0,MutNovel,"V173M,0.390"
X-3001,PPP1R26,9858.0,Amp5,7.78
X-3001,PRKCI,5584.0,Amp5,5.21
X-3001,PRKY,5616.0,Del0.8,0.14
X-3001,PRY,9081.0,Del0.8,0.14
X-3001,PRY,9081.0,Del0.8,0.14
X-3001,PRY2,442862.0,Del0.8,0.14
X-3001,PRY2,442862.0,Del0.8,0.14
X-3001,PTEN,5728.0,Del0.8,0.57
X-3001,PTPMT1,114971.0,MutNovel,"A148T,0.550"
X-3001,RAB25,57111.0,MutKnownFunctional,"-180,0.400"
X-3001,RALGAPA1,253959.0,MutNovel,"M1400T,0.615"
X-3001,RBMY1A3P,286557.0,Del0.8,0.14
X-3001,RBMY1B,378948.0,Del0.8,0.14
X-3001,RBMY1B,378948.0,Del0.8,0.14
X-3001,RBMY1E,378950.0,Del0.8,0.14
X-3001,RBMY1E,378950.0,Del0.8,0.14
X-3001,RBMY1F,159163.0,Del0.8,0.14
X-3001,RBMY1F,159163.0,Del0.8,0.14
X-3001,RBMY1J,378951.0,Del0.8,0.14
X-3001,RBMY1J,378951.0,Del0.8,0.14
X-3001,RBMY2EP,159125.0,Del0.8,0.14
X-3001,RBMY2FP,159162.0,Del0.8,0.14
X-3001,RBMY3AP,64593.0,Del0.8,0.14
X-3001,RFESD,317671.0,MutNovel,"T16I,1.000"
X-3001,RP9,6100.0,MutKnownFunctional,"-222,0.465"
X-3001,RPL22L1,200916.0,Amp5,5.21
X-3001,RPS4Y1,6192.0,Del0.8,0.14
X-3001,RPS4Y2,140032.0,Del0.8,0.14
X-3001,RUFY3,22902.0,MutNovel,"A52D,0.417"
X-3001,SAMD7,344658.0,Amp5,5.21
X-3001,SCUBE3,222663.0,MutNovel,"A889V,0.292"
X-3001,SEC62,7095.0,Amp5,5.21
X-3001,SEMA3F,6405.0,MutNovel,"A357T,0.459"
X-3001,SERINC2,347735.0,MutNovel,"-373Q,1.000"
X-3001,SFXN2,118980.0,MutNovel,"T160M,1.000"
X-3001,SGK494,124923.0,MutKnownFunctional,"Y280*,1.000"
X-3001,SHROOM4,57477.0,MutNovel,"K1129Q,1.000"
X-3001,SHROOM4,57477.0,MutNovel,"K1129Q,1.000"
X-3001,SIN3B,23309.0,MutNovel,"I97T,0.464"
X-3001,SIRPB1,10326.0,MutNovel,"V131A,1.000"
X-3001,SKIL,6498.0,Amp5,5.21
X-3001,SLC12A5,57468.0,MutNovel,"G41A,1.000"
X-3001,SLC15A1,6564.0,MutNovel,"D49E,0.475"
X-3001,SLC28A2,9153.0,MutKnownFunctional,"-129?,0.508"
X-3001,SLC2A2,6514.0,Amp5,5.21
X-3001,SLC35B3,51000.0,MutNovel,"G357R,0.970"
X-3001,SLC4A1AP,22950.0,MutNovel,"A85E,0.433"
X-3001,SLC7A14,57709.0,Amp5,5.21
X-3001,SLX4,84464.0,MutNovel,"A830S,1.000"
X-3001,SMG1,23049.0,MutNovel,"I1332V,0.312"
X-3001,SNAPC4,6621.0,MutNovel,"S542-,1.000"
X-3001,SOWAHB,345079.0,MutNovel,"K74R,0.714"
X-3001,SOX17,64321.0,MutNovel,"-317HQ,0.412"
X-3001,SPATA16,83893.0,Amp5,5.21
X-3001,SRSF8,10929.0,MutNovel,"S272G,1.000"
X-3001,SRY,6736.0,Del0.8,0.14
X-3001,STRC,161497.0,MutNovel,"T1565S,1.000"
X-3001,TANC2,26115.0,Del0.8,0.72
X-3001,TBC1D3B,414059.0,Del0.8,0.64
X-3001,TBL1XR1,79718.0,Amp5,5.21
X-3001,TBL1Y,90665.0,Del0.8,0.14
X-3001,TBP,6908.0,MutNovel,"-64Q,1.000"
X-3001,TCEA2,6919.0,MutKnownFunctional,"S223*,0.308"
X-3001,TCEAL6,158931.0,MutKnownFunctional,"-175?,1.000"
X-3001,TERC,7012.0,Amp5,5.21
X-3001,TGFB1,7040.0,MutNovel,"M133I,1.000"
X-3001,TGIF2LY,90655.0,Del0.8,0.14
X-3001,THAP11,57215.0,MutNovel,"S133P,1.000"
X-3001,TLK2,11011.0,MutNovel,"R262Q,0.276"
X-3001,TMBIM4,51643.0,MutKnownFunctional,"-174?,0.474"
X-3001,TMEM212,389177.0,Amp5,5.21
X-3001,TMEM237,65062.0,MutNovel,"S286L,0.520"
X-3001,TMSB4Y,9087.0,Del0.8,0.14
X-3001,TNFSF10,8743.0,Amp5,5.21
X-3001,TNIK,23043.0,Amp5,5.21
X-3001,TP53,7157.0,MutKnownFunctional,"Y234*,1.000"
X-3001,TREX2,11219.0,MutNovel,"R89Q,0.667"
X-3001,TRIM16,10626.0,MutNovel,"R258K,0.468"
X-3001,TRIM16L,147166.0,MutNovel,"T55R,1.000"
X-3001,TRIM46,80128.0,MutNovel,"AVQLQEP735-,0.333"
X-3001,TRIM50,135892.0,MutNovel,"N159K,1.000"
X-3001,TRPC4AP,26133.0,MutNovel,"A3S,0.671"
X-3001,TSPY1,7258.0,Del0.8,0.14
X-3001,TSPY2,64591.0,Del0.8,0.14
X-3001,TSPY3,728137.0,Del0.8,0.14
X-3001,TSPY4,728395.0,Del0.8,0.14
X-3001,TSPY8,728403.0,Del0.8,0.14
X-3001,TSPYL1,7259.0,MutNovel,"V176VW,1.000"
X-3001,TSSK4,283629.0,MutNovel,"S205C,0.294"
X-3001,TTTY10,246119.0,Del0.8,0.14
X-3001,TTTY11,83866.0,Del0.8,0.14
X-3001,TTTY12,83867.0,Del0.8,0.14
X-3001,TTTY13,83868.0,Del0.8,0.14
X-3001,TTTY14,83869.0,Del0.8,0.14
X-3001,TTTY15,64595.0,Del0.8,0.14
X-3001,TTTY16,252948.0,Del0.8,0.14
X-3001,TTTY17A,252949.0,Del0.8,0.1
X-3001,TTTY17A,252949.0,Del0.8,0.07
X-3001,TTTY18,252950.0,Del0.8,0.14
X-3001,TTTY19,252952.0,Del0.8,0.14
X-3001,TTTY1B,100101116.0,Del0.8,0.14
X-3001,TTTY1B,100101116.0,Del0.8,0.14
X-3001,TTTY2,60439.0,Del0.8,0.14
X-3001,TTTY2,60439.0,Del0.8,0.14
X-3001,TTTY20,252951.0,Del0.8,0.14
X-3001,TTTY21,252953.0,Del0.8,0.14
X-3001,TTTY21,252953.0,Del0.8,0.14
X-3001,TTTY22,252954.0,Del0.8,0.14
X-3001,TTTY23,252955.0,Del0.8,0.14
X-3001,TTTY23,252955.0,Del0.8,0.14
X-3001,TTTY3,114760.0,Del0.8,0.1
X-3001,TTTY3,114760.0,Del0.8,0.07
X-3001,TTTY4,114761.0,Del0.8,0.1
X-3001,TTTY4,114761.0,Del0.8,0.07
X-3001,TTTY5,83863.0,Del0.8,0.14
X-3001,TTTY6,84672.0,Del0.8,0.14
X-3001,TTTY6,84672.0,Del0.8,0.14
X-3001,TTTY7,246122.0,Del0.8,0.14
X-3001,TTTY7,246122.0,Del0.8,0.14
X-3001,TTTY7B,100101120.0,Del0.8,0.14
X-3001,TTTY7B,100101120.0,Del0.8,0.14
X-3001,TTTY8,84673.0,Del0.8,0.14
X-3001,TTTY8,84673.0,Del0.8,0.14
X-3001,TTTY9A,83864.0,Del0.8,0.14
X-3001,TTTY9A,83864.0,Del0.8,0.14
X-3001,TUBB8,347688.0,MutNovel,"M113T,0.500"
X-3001,TXLNG2P,246126.0,Del0.8,0.14
X-3001,USP17L2,377630.0,Del0.8,0.59
X-3001,USP25,29761.0,MutNovel,"F377V,0.490"
X-3001,USP9Y,8287.0,Del0.8,0.14
X-3001,UTY,7404.0,Del0.8,0.14
X-3001,VCX,26609.0,MutNovel,"V150L,0.438"
X-3001,VCX,26609.0,MutNovel,"M180V,0.444"
X-3001,VCX3B,425054.0,MutNovel,"V150L,0.452"
X-3001,VCX3B,425054.0,MutNovel,"E159Q,0.242"
X-3001,VCX3B,425054.0,MutNovel,"V180L,0.458"
X-3001,VCY,9084.0,Del0.8,0.14
X-3001,VCY,9084.0,Del0.8,0.14
X-3001,VWDE,221806.0,MutNovel,"C1570W,1.000"
X-3001,XKRY2,353515.0,Del0.8,0.14
X-3001,XKRY2,353515.0,Del0.8,0.14
X-3001,ZFP36L1,677.0,MutNovel,"P362A,0.992"
X-3001,ZFY,7544.0,Del0.8,0.14
X-3001,ZMAT3,64393.0,Amp5,5.21
X-3001,ZMIZ1,57178.0,MutNovel,"K226R,1.000"
X-3001,ZNF219,51222.0,MutNovel,"QPP233P,0.500"
X-3001,ZNF273,10793.0,MutNovel,"A79V,0.347"
X-3001,ZNF281,23528.0,MutNovel,"P92T,0.583"
X-3001,ZNF292,23036.0,MutNovel,"L1203F,0.459"
X-3001,ZNF337,26152.0,MutNovel,"S501F,0.475"
X-3001,ZNF471,57573.0,MutKnownFunctional,"-213?,1.000"
X-3001,ZNF507,22847.0,MutNovel,"Q382H,0.571"
X-3001,ZNF544,27300.0,MutNovel,"VEVYRSGPE107V,1.000"
X-3001,ZNF573,126231.0,MutNovel,"H408P,0.636"
X-3001,ZNF623,9831.0,Del0.8,0.75
X-3001,ZNF705D,728957.0,Del0.8,0.59
X-3001,ZNF781,163115.0,MutNovel,"P41T,0.556"
X-3001,ZNF814,730051.0,MutNovel,"T515I,1.000"
X-3001,ZNF839,55778.0,MutNovel,"P55Q,0.250"
X-3001,ZNF845,91664.0,MutKnownFunctional,"Y383*,0.688"
X-3001,ZNF98,148198.0,MutNovel,"Y87C,0.220"
X-3001,ZSWIM4,65249.0,MutNovel,"L718I,0.656"
X-3001,ZSWIM5,57643.0,MutNovel,"P142S,1.000"
X-3102,61E3.4,,MutNovel,"I75V,0.939"
X-3102,AASDH,132949.0,MutNovel,"D635G,0.469"
X-3102,ABCA2,20.0,MutNovel,"V1733I,0.561"
X-3102,ABL1,25.0,MutNovel,"E172G,0.448"
X-3102,ACAP3,116983.0,MutNovel,"R380C,0.433"
X-3102,ACOX1,51.0,MutNovel,"T431M,0.450"
X-3102,ACTA1,58.0,MutNovel,"T360S,0.429"
X-3102,ACVR2A,92.0,MutKnownFunctional,"-435,1.000"
X-3102,ADAMTS14,140766.0,MutNovel,"A1131V,0.667"
X-3102,ADAMTS9,56999.0,MutNovel,"A1866T,0.504"
X-3102,ADCK5,203054.0,MutKnownFunctional,"-193?,0.267"
X-3102,ADD3,120.0,MutNovel,"R434C,0.469"
X-3102,AGAP7,653268.0,MutNovel,"R494Q,0.667"
X-3102,AGBL3,340351.0,MutNovel,"K858R,0.667"
X-3102,AHDC1,27245.0,MutNovel,"R1184H,0.543"
X-3102,AHNAK,79026.0,MutNovel,"E5554G,0.291"
X-3102,AHNAK,79026.0,MutNovel,"R102H,0.448"
X-3102,AIFM1,9131.0,MutNovel,"A407T,1.000"
X-3102,AIP,9049.0,MutNovel,"A140T,0.551"
X-3102,AKAP8,10270.0,MutNovel,"A575V,0.484"
X-3102,ALDH7A1,501.0,MutNovel,"A8T,1.000"
X-3102,ALK,238.0,MutNovel,"R1432Q,0.571"
X-3102,ALMS1,7840.0,MutNovel,"R2894C,0.643"
X-3102,ALMS1,7840.0,MutNovel,"E3445D,0.526"
X-3102,AMELY,266.0,Del0.8,0.19
X-3102,ANKRD11,29123.0,MutNovel,"R2536L,0.556"
X-3102,ANKRD18A,253650.0,MutNovel,"S348N,0.474"
X-3102,ANKRD36,375248.0,MutNovel,"T998S,0.423"
X-3102,ANKRD36,375248.0,MutNovel,"D1014Y,0.214"
X-3102,ANKRD36,375248.0,MutNovel,"R1610C,0.231"
X-3102,ANKRD6,22881.0,MutNovel,"S623Y,0.474"
X-3102,ANXA13,312.0,MutNovel,"A49V,0.376"
X-3102,AP5S1,,MutNovel,"R144C,0.394"
X-3102,AQP7,364.0,MutNovel,"V317I,0.364"
X-3102,ARAP2,116984.0,MutKnownFunctional,"Q1398*,0.370"
X-3102,ARF1,375.0,MutNovel,"T55I,0.508"
X-3102,ARHGAP6,395.0,MutKnownFunctional,"-88?,0.459"
X-3102,ARHGEF5,7984.0,MutKnownFunctional,"-1512,0.524"
X-3102,ARID1A,8289.0,MutKnownFunctional,"-370,1.000"
X-3102,ARID1B,57492.0,MutNovel,"S549P,0.357"
X-3102,ASAP3,55616.0,MutNovel,"V467I,0.789"
X-3102,ASF1B,55723.0,MutNovel,"P126L,0.484"
X-3102,ASMTL,8623.0,MutNovel,"K846R,1.000"
X-3102,ASPM,259266.0,MutKnownFunctional,"-1717,0.257"
X-3102,ASTE1,28990.0,MutKnownFunctional,"-632,0.821"
X-3102,ATG14,22863.0,MutNovel,"R170H,0.527"
X-3102,ATM,472.0,MutNovel,"R2428G,0.595"
X-3102,ATP9B,374868.0,MutNovel,"T315A,0.636"
X-3102,B3GNT3,10331.0,MutNovel,"R199M,0.476"
X-3102,B3GNTL1,146712.0,MutNovel,"V250I,0.594"
X-3102,BAIAP2L1,55971.0,MutNovel,"S455L,0.540"
X-3102,BBS1,582.0,MutNovel,"R341Q,0.487"
X-3102,BCAP31,10134.0,MutNovel,"R280Q,0.988"
X-3102,BCORL1,63035.0,MutNovel,"P1115L,1.000"
X-3102,BCORP1,286554.0,Del0.8,0.19
X-3102,BMF,90427.0,MutNovel,"A141T,0.432"
X-3102,BPY2B,442867.0,Del0.8,0.19
X-3102,BPY2B,442867.0,Del0.8,0.19
X-3102,BRD4,23476.0,MutNovel,"P959S,0.750"
X-3102,BRWD1,54014.0,MutNovel,"R2233Q,0.504"
X-3102,BTBD7,55727.0,MutNovel,"E511D,0.387"
X-3102,BZRAP1,9256.0,MutNovel,"R1480Q,0.283"
X-3102,C11orf9,745.0,MutKnownFunctional,"-261,0.269"
X-3102,C12orf32,83695.0,MutNovel,"L16V,0.397"
X-3102,C12orf65,91574.0,MutKnownFunctional,"R132*,0.441"
X-3102,C14orf101,54916.0,MutNovel,"E144D,0.632"
X-3102,C14orf118,55668.0,MutNovel,"R47H,0.875"
X-3102,C14orf43,91748.0,MutKnownFunctional,"-36,0.538"
X-3102,C14orf93,60686.0,MutNovel,"R471C,0.558"
X-3102,C17orf59,54785.0,MutNovel,"E45D,0.382"
X-3102,C17orf70,80233.0,MutNovel,"P120L,0.448"
X-3102,C19orf21,126353.0,MutNovel,"R346H,0.585"
X-3102,C1QL4,338761.0,MutNovel,"A45V,1.000"
X-3102,C21orf2,755.0,MutNovel,"R60Q,0.500"
X-3102,C5orf42,65250.0,MutNovel,"G159S,0.727"
X-3102,C6orf1,221491.0,MutKnownFunctional,"-94,0.516"
X-3102,CAMKK2,10645.0,MutNovel,"K538-,0.808"
X-3102,CAPN1,823.0,MutNovel,"R616C,0.460"
X-3102,CAPN10,11132.0,MutNovel,"V443M,0.550"
X-3102,CBS,875.0,MutNovel,"R439W,0.471"
X-3102,CBWD5,220869.0,MutKnownFunctional,"-274,0.909"
X-3102,CCDC114,93233.0,MutNovel,"R152C,0.600"
X-3102,CCDC146,57639.0,MutNovel,"R250H,0.500"
X-3102,CCDC148,130940.0,MutNovel,"Q299H,0.500"
X-3102,CCDC18,343099.0,MutNovel,"A1216V,0.352"
X-3102,CCDC40,55036.0,MutNovel,"R1029C,1.000"
X-3102,CCDC64B,146439.0,MutNovel,"R270Q,0.381"
X-3102,CCDC88C,440193.0,MutNovel,"A1221V,0.385"
X-3102,CCNB2,9133.0,MutKnownFunctional,"R32*,0.462"
X-3102,CCNT2,905.0,MutKnownFunctional,"-554,0.414"
X-3102,CDAN1,146059.0,MutNovel,"E112D,0.333"
X-3102,CDHR5,53841.0,MutKnownFunctional,"-750,0.479"
X-3102,CDK11A,728642.0,MutKnownFunctional,"-579?,0.280"
X-3102,CDK20,23552.0,MutNovel,"A116T,0.429"
X-3102,CDR2,1039.0,MutNovel,"A424V,0.439"
X-3102,CDY1B,253175.0,Del0.8,0.19
X-3102,CDY1B,253175.0,Del0.8,0.19
X-3102,CDY2A,9426.0,Del0.8,0.19
X-3102,CDY2A,9426.0,Del0.8,0.19
X-3102,CDY2B,203611.0,Del0.8,0.19
X-3102,CDY2B,203611.0,Del0.8,0.19
X-3102,CEACAM1,634.0,MutNovel,"N95Y,0.500"
X-3102,CELSR1,9620.0,MutNovel,"R2345C,0.536"
X-3102,CENPE,1062.0,MutNovel,"M1392V,0.645"
X-3102,CEP350,9857.0,MutNovel,"L1041V,0.500"
X-3102,CEP95,90799.0,MutNovel,"R477C,0.493"
X-3102,CHD8,57680.0,MutNovel,"R1443C,0.565"
X-3102,CHD8,57680.0,MutNovel,"T535I,0.482"
X-3102,CHMP1A,5119.0,MutNovel,"R195Q,0.604"
X-3102,CIC,23152.0,MutKnownFunctional,"R274*,0.457"
X-3102,CIC,23152.0,MutKnownFunctional,"-507,0.510"
X-3102,CKB,1152.0,MutNovel,"V56I,0.223"
X-3102,CLASP1,23332.0,MutNovel,"A160T,0.455"
X-3102,CLCNKA,1187.0,MutNovel,"T577D,0.671"
X-3102,CLGN,1047.0,MutNovel,"M585T,0.625"
X-3102,CNOT1,23019.0,MutKnownFunctional,"-1543,0.778"
X-3102,CNOT3,4849.0,MutKnownFunctional,"-243,1.000"
X-3102,CNPY3,10695.0,MutNovel,"A267T,0.464"
X-3102,CNTNAP3B,728577.0,MutNovel,"G1163D,0.273"
X-3102,CNTNAP3B,728577.0,MutNovel,"K1285E,0.500"
X-3102,COL11A2,1302.0,MutNovel,"G817D,0.750"
X-3102,COL4A1,1282.0,MutNovel,"G930S,0.408"
X-3102,COL4A1,1282.0,MutNovel,"P911L,0.546"
X-3102,COL7A1,1294.0,MutKnownFunctional,"-1990,0.467"
X-3102,COPG2,26958.0,MutNovel,"R176H,0.667"
X-3102,CORO2A,7464.0,MutNovel,"D303N,0.565"
X-3102,CPT1A,1374.0,MutNovel,"R123H,0.516"
X-3102,CREBBP,1387.0,MutNovel,"R1769W,0.513"
X-3102,CREBBP,1387.0,MutNovel,"C176Y,0.565"
X-3102,CRELD2,79174.0,MutNovel,"A293V,0.476"
X-3102,CRELD2,79174.0,MutNovel,"S344A,0.561"
X-3102,CRTC2,200186.0,MutNovel,"R610H,0.402"
X-3102,CRTC2,200186.0,MutKnownFunctional,"-426,0.411"
X-3102,CRYBG3,,MutNovel,"T1907A,0.500"
X-3102,CRYZ,1429.0,MutNovel,"I222L,0.381"
X-3102,CSPG4P1Y,114758.0,Del0.8,0.19
X-3102,CSPG4P1Y,114758.0,Del0.8,0.19
X-3102,CTDSPL,10217.0,MutNovel,"P133L,0.571"
X-3102,CTNND1,1500.0,MutNovel,"R654Q,0.490"
X-3102,CTTNBP2,83992.0,MutNovel,"A372T,0.566"
X-3102,CUL4A,8451.0,MutNovel,"A580V,0.448"
X-3102,CUL7,9820.0,MutNovel,"R965H,0.505"
X-3102,CXorf30,645090.0,MutNovel,"F371Y,0.520"
X-3102,CYB561,1534.0,MutNovel,"R73C,0.505"
X-3102,CYFIP1,23191.0,MutNovel,"R806C,0.539"
X-3102,CYHR1,50626.0,MutKnownFunctional,"-144,0.542"
X-3102,CYP2C19,1557.0,MutNovel,"I269M,0.500"
X-3102,CYP2D6,1565.0,MutNovel,"K281-,0.529"
X-3102,CYP2R1,120227.0,MutNovel,"G148V,0.407"
X-3102,DAPK1,1612.0,MutNovel,"S909L,0.552"
X-3102,DARS,1615.0,MutNovel,"L473S,0.456"
X-3102,DAZ1,1617.0,Del0.8,0.19
X-3102,DAZ2,57055.0,Del0.8,0.19
X-3102,DAZ3,57054.0,Del0.8,0.19
X-3102,DAZ3,57054.0,Del0.8,0.19
X-3102,DAZ4,57135.0,Del0.8,0.19
X-3102,DAZ4,57135.0,Del0.8,0.19
X-3102,DBP,1628.0,MutNovel,"R312H,0.508"
X-3102,DCST2,127579.0,MutNovel,"R171P,0.417"
X-3102,DCTN4,51164.0,MutKnownFunctional,"W116*,0.233"
X-3102,DDHD2,23259.0,MutKnownFunctional,"R287*,0.295"
X-3102,DDX3Y,8653.0,Del0.8,0.19
X-3102,DDX56,54606.0,MutNovel,"R435C,0.468"
X-3102,DENND2D,79961.0,MutNovel,"R15C,0.714"
X-3102,DGKK,139189.0,MutKnownFunctional,"-1020?,1.000"
X-3102,DHX16,8449.0,MutNovel,"V729A,0.553"
X-3102,DIP2B,57609.0,MutNovel,"T917M,0.512"
X-3102,DMKN,93099.0,MutNovel,"S276G,0.318"
X-3102,DNAH1,25981.0,MutNovel,"T3136M,0.579"
X-3102,DNAJC13,23317.0,MutNovel,"L403R,0.250"
X-3102,DNAJC14,85406.0,MutNovel,"R297W,0.329"
X-3102,DNM1,1759.0,MutNovel,"A337V,0.395"
X-3102,DNM1,1759.0,MutNovel,"R846Q,0.522"
X-3102,DNMT3A,1788.0,MutKnownFunctional,"-413,0.429"
X-3102,DOC2B,8447.0,MutNovel,"T129M,0.625"
X-3102,DOK7,285489.0,MutNovel,"G166R,0.231"
X-3102,DOK7,285489.0,MutKnownFunctional,"-318?,0.500"
X-3102,DOK7,285489.0,MutNovel,"P486L,0.500"
X-3102,DPP7,29952.0,MutNovel,"A185V,0.476"
X-3102,DROSHA,29102.0,MutNovel,"G666D,0.507"
X-3102,DTX2,113878.0,MutNovel,"P289Q,0.484"
X-3102,DYM,54808.0,MutNovel,"S172P,0.578"
X-3102,DYNC1H1,1778.0,MutNovel,"R3060C,0.414"
X-3102,E2F5,1875.0,MutNovel,"G18A,0.552"
X-3102,EGFL8,80864.0,MutNovel,"G121R,0.537"
X-3102,EGFR,1956.0,MutNovel,"R224H,1.000"
X-3102,EIF1AY,9086.0,Del0.8,0.19
X-3102,EIF2B5,8893.0,MutNovel,"P444H,0.504"
X-3102,EIF2S2,8894.0,MutNovel,"Q162E,0.490"
X-3102,EML4,27436.0,MutNovel,"T252M,0.419"
X-3102,EP400,57634.0,MutNovel,"A502T,0.375"
X-3102,EP400,57634.0,MutNovel,"R1940H,0.615"
X-3102,EP400,57634.0,MutNovel,"V1952I,0.465"
X-3102,EPC2,26122.0,MutNovel,"P18S,0.409"
X-3102,EPHA2,1969.0,MutNovel,"R762C,0.423"
X-3102,EPN3,55040.0,MutNovel,"A532T,0.670"
X-3102,EPS8L3,79574.0,MutNovel,"R582W,0.467"
X-3102,ERBB3,2065.0,MutNovel,"G284R,0.534"
X-3102,ETS1,2113.0,MutNovel,"R323H,0.559"
X-3102,ETV4,2118.0,MutKnownFunctional,"-133?,0.365"
X-3102,EXD2,55218.0,MutNovel,"L219V,0.488"
X-3102,F2RL1,2150.0,MutNovel,"V212M,0.472"
X-3102,FAM118B,79607.0,MutNovel,"QE195Q,0.636"
X-3102,FAM157A,728262.0,MutNovel,"G362D,1.000"
X-3102,FAM157B,100132403.0,MutNovel,"T347A,0.692"
X-3102,FAM157B,100132403.0,MutNovel,"I382M,1.000"
X-3102,FAM161B,145483.0,MutNovel,"G269D,0.737"
X-3102,FAM194A,131831.0,MutNovel,"R605H,0.857"
X-3102,FAM197Y2P,252946.0,Del0.8,0.19
X-3102,FAM21A,387680.0,Del0.8,0.79
X-3102,FAM21C,253725.0,MutNovel,"P1019L,0.516"
X-3102,FAM41AY1,340618.0,Del0.8,0.19
X-3102,FAM41AY1,340618.0,Del0.8,0.19
X-3102,FAM57B,83723.0,MutNovel,"R217H,0.429"
X-3102,FAM86B1,85002.0,MutNovel,"V215M,0.375"
X-3102,FANCE,2178.0,MutKnownFunctional,"-308?,0.600"
X-3102,FANCG,2189.0,MutNovel,"A265V,0.505"
X-3102,FAT1,2195.0,MutNovel,"G1578C,0.397"
X-3102,FAT1,2195.0,MutNovel,"A1163V,0.538"
X-3102,FBN3,84467.0,MutKnownFunctional,"R1499*,0.400"
X-3102,FBXO6,26270.0,MutNovel,"M51V,0.233"
X-3102,FBXW7,55294.0,MutKnownFunctional,"R465C,0.610"
X-3102,FCGBP,8857.0,MutNovel,"R4126W,0.500"
X-3102,FCGBP,8857.0,MutNovel,"G3406A,0.429"
X-3102,FCHO2,115548.0,MutNovel,"V654I,0.386"
X-3102,FDXACB1,91893.0,MutNovel,"S410L,0.324"
X-3102,FGD6,55785.0,MutKnownFunctional,"-531?,0.385"
X-3102,FHOD3,80206.0,MutNovel,"R1355Q,0.538"
X-3102,FJX1,24147.0,MutNovel,"P209L,0.369"
X-3102,FLNB,2317.0,MutNovel,"V427M,0.493"
X-3102,FOXP4,116113.0,MutNovel,"V515M,0.436"
X-3102,FOXQ1,94234.0,MutNovel,"W163C,1.000"
X-3102,FREM2,341640.0,MutKnownFunctional,"R899*,0.333"
X-3102,FXR2,9513.0,MutNovel,"P445T,0.558"
X-3102,G6PD,2539.0,MutNovel,"R493H,0.995"
X-3102,GANAB,23193.0,MutNovel,"R399W,0.435"
X-3102,GBA,2629.0,MutNovel,"S527Y,0.478"
X-3102,GDPD5,81544.0,MutNovel,"V270M,0.611"
X-3102,GJD3,125111.0,MutNovel,"G281S,0.333"
X-3102,GLB1L,79411.0,MutNovel,"V93D,0.520"
X-3102,GLB1L2,89944.0,MutNovel,"R81H,0.488"
X-3102,GLYR1,84656.0,MutKnownFunctional,"-380?,1.000"
X-3102,GNB1,2782.0,MutNovel,"A21T,0.504"
X-3102,GOLGA2P2Y,84559.0,Del0.8,0.19
X-3102,GOLGA2P2Y,84559.0,Del0.8,0.19
X-3102,GP6,51206.0,MutKnownFunctional,"-236,0.667"
X-3102,GPR125,166647.0,MutNovel,"R525Q,0.475"
X-3102,GPR137,56834.0,MutNovel,"R360C,0.425"
X-3102,GPR162,27239.0,MutNovel,"R496W,0.800"
X-3102,GPRC5C,55890.0,MutNovel,"P470L,0.494"
X-3102,GRASP,160622.0,MutNovel,"R200C,0.500"
X-3102,GRB14,2888.0,MutKnownFunctional,"-297?,0.306"
X-3102,GSTM1,2944.0,Del0.8,0.72
X-3102,GSTT1,2952.0,Del0.8,0.51
X-3102,GTF2IRD1,9569.0,MutNovel,"A719T,0.542"
X-3102,GTPBP4,23560.0,MutNovel,"K305E,0.525"
X-3102,GUF1,60558.0,MutKnownFunctional,"-643,0.475"
X-3102,GYG2P1,352887.0,Del0.8,0.19
X-3102,HERC1,8925.0,MutKnownFunctional,"-4385,0.333"
X-3102,HERC2,8924.0,MutNovel,"R2912Q,0.390"
X-3102,HIC2,23119.0,MutNovel,"E485K,0.350"
X-3102,HIRA,7290.0,MutNovel,"G435V,0.480"
X-3102,HIVEP3,59269.0,MutNovel,"P1328L,0.833"
X-3102,HLA-DQB2,3120.0,MutNovel,"D162G,1.000"
X-3102,HMGXB4,10042.0,MutKnownFunctional,"-388,0.263"
X-3102,HOXA4,3201.0,MutNovel,"G292S,0.500"
X-3102,HOXD8,3234.0,MutNovel,"A70AHP,0.500"
X-3102,HRNR,388697.0,MutNovel,"R2167C,0.400"
X-3102,HSF4,3299.0,MutKnownFunctional,"-300,0.550"
X-3102,HSFY2,159119.0,Del0.8,0.19
X-3102,HSFY2,159119.0,Del0.8,0.19
X-3102,HSPA5,3309.0,MutNovel,"L509V,0.486"
X-3102,IDH2,3418.0,MutNovel,"R159H,0.453"
X-3102,IFRD2,7866.0,MutKnownFunctional,"-59?,0.506"
X-3102,IKBKE,9641.0,MutNovel,"E705K,0.438"
X-3102,IL27RA,9466.0,MutKnownFunctional,"-629,0.466"
X-3102,IMPDH1,3614.0,MutNovel,"V458M,0.250"
X-3102,INPPL1,3636.0,MutKnownFunctional,"-974?,0.444"
X-3102,IQCH,64799.0,MutNovel,"A745T,0.625"
X-3102,IQGAP3,128239.0,MutNovel,"D1522N,0.464"
X-3102,ITGA7,3679.0,MutNovel,"R308H,0.368"
X-3102,ITPR3,3710.0,MutNovel,"E2616K,0.496"
X-3102,JMJD1C,221037.0,MutNovel,"A1348T,0.507"
X-3102,JPH2,57158.0,MutNovel,"R363H,1.000"
X-3102,KANK2,25959.0,MutKnownFunctional,"-167,0.368"
X-3102,KANSL1,,MutNovel,"P150S,0.455"
X-3102,KCNC4,3749.0,MutNovel,"Y400C,0.643"
X-3102,KCNK3,3777.0,MutNovel,"A207V,0.750"
X-3102,KCTD3,51133.0,MutNovel,"T798A,0.594"
X-3102,KDM5B,10765.0,MutKnownFunctional,"R177*,0.318"
X-3102,KDM5D,8284.0,Del0.8,0.19
X-3102,KGFLP2,654466.0,Del0.8,0.7
X-3102,KIAA0226,9711.0,MutKnownFunctional,"-277,0.769"
X-3102,KIAA0284,283638.0,MutNovel,"R1238Q,0.562"
X-3102,KIAA0664,23277.0,MutNovel,"Y320H,0.478"
X-3102,KIAA0913,23053.0,MutNovel,"R910W,0.636"
X-3102,KIAA0913,23053.0,MutKnownFunctional,"-1685,0.469"
X-3102,KIAA1033,23325.0,MutKnownFunctional,"NK1039K*,0.354"
X-3102,KIAA1549,57670.0,MutNovel,"R1594Q,0.261"
X-3102,KIF20B,9585.0,MutNovel,"L1062LKV,0.510"
X-3102,KNTC1,9735.0,MutNovel,"R570Q,0.483"
X-3102,LAMB2,3913.0,MutNovel,"R1455W,0.442"
X-3102,LANCL2,55915.0,MutNovel,"R138Q,0.328"
X-3102,LCE3B,353143.0,Del0.8,0.22
X-3102,LCE3C,353144.0,Del0.8,0.14
X-3102,LETM1,3954.0,MutNovel,"E665K,0.477"
X-3102,LGALS8,3964.0,MutNovel,"KG246K,0.462"
X-3102,LIG3,3980.0,MutNovel,"A215T,0.475"
X-3102,LIG4,3981.0,MutKnownFunctional,"-604,0.577"
X-3102,LINC00226,338004.0,Amp5,5.98
X-3102,LMO7,4008.0,MutNovel,"V584M,0.386"
X-3102,LOC100132731,,MutNovel,"V573M,0.545"
X-3102,LOC100507607,,MutNovel,"V199D,0.273"
X-3102,LOC100507607,,MutNovel,"P480L,1.000"
X-3102,LOC100507656,,MutNovel,"G467R,0.750"
X-3102,LOC100996493,,MutNovel,"S80T,1.000"
X-3102,LOC100996689,,MutKnownFunctional,"-282?,0.625"
X-3102,LOC391322,391322.0,Del0.8,0.51
X-3102,LOC728855,728855.0,Del0.8,0.72
X-3102,LOC728875,728875.0,Del0.8,0.72
X-3102,LOC728888,,MutNovel,"G1064P,0.357"
X-3102,LPPR2,64748.0,MutNovel,"R230C,0.625"
X-3102,LRRC41,10489.0,MutKnownFunctional,"Q255*,0.244"
X-3102,LRRC56,115399.0,MutNovel,"A505S,0.513"
X-3102,LSR,51599.0,MutNovel,"G518GR,1.000"
X-3102,LTBP4,8425.0,MutNovel,"R1030C,0.281"
X-3102,LTBP4,8425.0,MutNovel,"G1462R,0.676"
X-3102,LZTR1,8216.0,MutNovel,"R283Q,0.514"
X-3102,MAEA,10296.0,MutNovel,"A325V,0.464"
X-3102,MAFF,23764.0,MutNovel,"R88H,0.529"
X-3102,MAP3K12,7786.0,MutKnownFunctional,"Q46*,0.345"
X-3102,MAP3K4,4216.0,MutNovel,"PA1189P,0.875"
X-3102,MAP3K6,9064.0,MutNovel,"K1125-,0.479"
X-3102,MAP7D1,55700.0,MutNovel,"R440H,0.458"
X-3102,MAPK7,5598.0,MutNovel,"R531W,0.513"
X-3102,MBD5,55777.0,MutNovel,"R27H,0.600"
X-3102,MCF2L,23263.0,MutNovel,"V115M,0.333"
X-3102,MDN1,23195.0,MutNovel,"R1806H,0.583"
X-3102,MECOM,2122.0,MutNovel,"A434V,0.500"
X-3102,MECOM,2122.0,MutNovel,"S172L,0.533"
X-3102,MED15,51586.0,MutNovel,"A175V,0.561"
X-3102,MED25,81857.0,MutNovel,"E133K,0.339"
X-3102,MEF2A,4205.0,MutNovel,"S451I,0.494"
X-3102,MEGF8,1954.0,MutNovel,"S1240L,0.433"
X-3102,MEX3A,92312.0,MutKnownFunctional,"-67,0.700"
X-3102,MGC21881,389741.0,Del0.8,0.7
X-3102,MGRN1,23295.0,MutNovel,"A203V,0.468"
X-3102,MIA3,375056.0,MutNovel,"K36T,0.833"
X-3102,MIS18BP1,55320.0,MutKnownFunctional,"-690,0.290"
X-3102,MLEC,9761.0,MutNovel,"L31LGVA,0.360"
X-3102,MLL3,58508.0,MutNovel,"R4549H,0.552"
X-3102,MLL3,58508.0,MutKnownFunctional,"-2797?,0.263"
X-3102,MLL4,9757.0,MutKnownFunctional,"-1099,0.500"
X-3102,MLL4,9757.0,MutKnownFunctional,"-2257,0.667"
X-3102,MMGT1,93380.0,MutNovel,"R124Q,1.000"
X-3102,MPRIP,23164.0,MutNovel,"TS178T,1.000"
X-3102,MPZL1,9019.0,MutNovel,"P14S,0.559"
X-3102,MRPL23,6150.0,MutNovel,"R3W,0.332"
X-3102,MRPL23,6150.0,MutNovel,"M46V,0.500"
X-3102,MSL2,55167.0,MutNovel,"R496C,0.494"
X-3102,MTHFD1L,25902.0,MutNovel,"S402P,0.516"
X-3102,MUC4,4585.0,MutNovel,"R5343H,0.250"
X-3102,MYBBP1A,10514.0,MutNovel,"YW1135W,0.429"
X-3102,MYO10,4651.0,MutKnownFunctional,"-1225,0.259"
X-3102,MYO15A,51168.0,MutNovel,"R3489C,1.000"
X-3102,MYO19,80179.0,MutNovel,"P480T,0.419"
X-3102,MYO5B,4645.0,MutNovel,"D885G,0.389"
X-3102,MZF1,7593.0,MutNovel,"R131K,0.452"
X-3102,NAGPA,51172.0,MutNovel,"G377S,0.576"
X-3102,NAIF1,203245.0,MutNovel,"R80C,0.718"
X-3102,NAPA,8775.0,MutNovel,"I127L,0.457"
X-3102,NAPRT1,93100.0,MutNovel,"R475W,0.498"
X-3102,NBPF16,728936.0,MutNovel,"M324V,0.364"
X-3102,NBPF9,400818.0,MutNovel,"S519R,1.000"
X-3102,NCAPG2,54892.0,MutNovel,"S467N,0.419"
X-3102,NCKIPSD,51517.0,MutNovel,"I686M,0.495"
X-3102,NCOA3,8202.0,MutNovel,"Q1255-,0.515"
X-3102,NCOA4,8031.0,MutNovel,"EK439E,0.497"
X-3102,NCOA6,23054.0,MutNovel,"R107Q,0.341"
X-3102,NCOR2,9612.0,MutNovel,"G1839GAAA,1.000"
X-3102,NCOR2,9612.0,MutNovel,"-511S,1.000"
X-3102,NCRNA00185,55410.0,Del0.8,0.19
X-3102,NFAT5,10725.0,MutNovel,"S947L,0.485"
X-3102,NFXL1,152518.0,MutNovel,"R499W,0.565"
X-3102,NHSL1,57224.0,MutNovel,"P1389L,0.214"
X-3102,NIPA2,81614.0,MutKnownFunctional,"-33?,0.458"
X-3102,NLGN4Y,22829.0,Del0.8,0.19
X-3102,NLRC5,84166.0,MutNovel,"A566V,0.625"
X-3102,NOL6,65083.0,MutKnownFunctional,"-953,0.250"
X-3102,NOL6,65083.0,MutNovel,"T294A,0.258"
X-3102,NOX4,50507.0,MutNovel,"E362K,0.491"
X-3102,NPAS1,4861.0,MutNovel,"T443M,0.500"
X-3102,NPHP4,261734.0,MutNovel,"L248M,0.267"
X-3102,NPIPL3,23117.0,MutNovel,"P430L,0.720"
X-3102,NR1H2,7376.0,MutNovel,"-173Q,0.495"
X-3102,NRBP2,340371.0,MutNovel,"T461M,0.671"
X-3102,NRIP1,8204.0,MutKnownFunctional,"-1155,0.561"
X-3102,NSD1,64324.0,MutNovel,"V366M,0.545"
X-3102,NSD1,64324.0,MutNovel,"A2172V,0.414"
X-3102,NSUN6,221078.0,MutNovel,"P310S,0.469"
X-3102,NUDT12,83594.0,MutNovel,"A101V,0.544"
X-3102,NUMA1,4926.0,MutNovel,"A942V,0.528"
X-3102,NUP160,23279.0,MutNovel,"A1222P,0.524"
X-3102,NUP210,23225.0,MutNovel,"D832N,0.526"
X-3102,OBSCN,84033.0,MutNovel,"L4415M,0.551"
X-3102,OCIAD2,132299.0,MutKnownFunctional,"-116,0.506"
X-3102,ODZ3,55714.0,MutNovel,"T2561M,0.358"
X-3102,OPLAH,26873.0,MutNovel,"R139C,0.436"
X-3102,ORAI1,84876.0,MutNovel,"PP43-,1.000"
X-3102,OSBPL3,26031.0,MutNovel,"E359D,0.378"
X-3102,OSBPL5,114879.0,MutNovel,"T775M,0.557"
X-3102,OTOG,,MutNovel,"L1794P,0.500"
X-3102,P2RX4,5025.0,MutNovel,"V300I,0.516"
X-3102,P2RY8,286530.0,MutNovel,"I1476V,0.375"
X-3102,PALD1,,MutNovel,"R145Q,1.000"
X-3102,PAQR4,124222.0,MutNovel,"A213V,0.520"
X-3102,PARP3,10039.0,MutNovel,"M216T,0.422"
X-3102,PBRM1,55193.0,MutKnownFunctional,"R58*,0.769"
X-3102,PCDH11Y,83259.0,Del0.8,0.19
X-3102,PCDHB2,56133.0,MutNovel,"V259I,0.500"
X-3102,PCDHB8,56128.0,MutNovel,"L576P,0.552"
X-3102,PCK1,5105.0,MutNovel,"D478G,0.556"
X-3102,PCNT,5116.0,MutNovel,"A1043T,0.286"
X-3102,PCNT,5116.0,MutNovel,"-3270A,0.536"
X-3102,PDDC1,347862.0,MutNovel,"R62H,0.489"
X-3102,PDE4DIP,9659.0,MutNovel,"R838Q,0.511"
X-3102,PDHX,8050.0,MutNovel,"V147I,0.413"
X-3102,PDLIM7,9260.0,MutNovel,"A355T,0.468"
X-3102,PEPD,5184.0,MutNovel,"V126A,0.474"
X-3102,PGAM1,5223.0,MutNovel,"R90Q,0.593"
X-3102,PGBD2,267002.0,MutNovel,"K258N,0.514"
X-3102,PGBD3,267004.0,MutKnownFunctional,"R3*,0.333"
X-3102,PHACTR4,65979.0,MutKnownFunctional,"-61,1.000"
X-3102,PHF1,5252.0,MutNovel,"G291W,0.514"
X-3102,PHGDH,26227.0,MutNovel,"L478P,0.477"
X-3102,PIGB,9488.0,MutKnownFunctional,"-12,0.509"
X-3102,PIGO,84720.0,MutNovel,"A83T,0.507"
X-3102,PIGV,55650.0,MutNovel,"T226M,0.365"
X-3102,PIK3CA,5290.0,MutLikelyFunctional,"Q546R,0.500"
X-3102,PINX1,54984.0,MutNovel,"H64L,0.598"
X-3102,PKNOX1,5316.0,MutNovel,"A57D,0.488"
X-3102,PLA2G6,8398.0,MutNovel,"R459W,0.441"
X-3102,PLA2G6,8398.0,MutNovel,"G347R,0.500"
X-3102,PLAA,9373.0,MutNovel,"I274L,0.543"
X-3102,PLAU,5328.0,MutNovel,"T410M,0.412"
X-3102,PLEC,5339.0,MutNovel,"V4273M,0.378"
X-3102,PLEC,5339.0,MutNovel,"R4083W,0.289"
X-3102,PLEC,5339.0,MutNovel,"A2106V,0.770"
X-3102,PLEKHG2,64857.0,MutKnownFunctional,"W771*,0.414"
X-3102,PLEKHH3,79990.0,MutNovel,"P578T,0.905"
X-3102,PLEKHH3,79990.0,MutNovel,"R331Q,0.534"
X-3102,PLXNB3,5365.0,MutNovel,"R699C,1.000"
X-3102,PNISR,25957.0,MutKnownFunctional,"R607*,0.461"
X-3102,PNMAL1,55228.0,MutNovel,"KN248N,0.508"
X-3102,PNPLA7,375775.0,MutNovel,"V1178M,0.467"
X-3102,POFUT2,23275.0,MutNovel,"R176K,0.284"
X-3102,POLE,5426.0,MutKnownFunctional,"-697,0.453"
X-3102,POLG,5428.0,MutNovel,"A99V,0.563"
X-3102,POLR3A,11128.0,MutNovel,"P1029A,0.543"
X-3102,POLR3B,55703.0,MutNovel,"R1041H,0.588"
X-3102,PPARD,5467.0,MutNovel,"R369W,0.598"
X-3102,PPIAL4C,653598.0,Del0.8,0.72
X-3102,PPM1B,5495.0,MutNovel,"K9E,0.528"
X-3102,PPP1R13B,23368.0,MutNovel,"E1054K,0.427"
X-3102,PPP6R1,22870.0,MutNovel,"R692H,0.538"
X-3102,PPRC1,23082.0,MutKnownFunctional,"-938,0.485"
X-3102,PRAM1,84106.0,MutNovel,"A534T,0.407"
X-3102,PRKD3,23683.0,MutNovel,"R749W,0.325"
X-3102,PRKY,5616.0,Del0.8,0.19
X-3102,PRR12,57479.0,MutNovel,"G666R,0.600"
X-3102,PRR14,78994.0,MutKnownFunctional,"-273?,0.378"
X-3102,PRR24,255783.0,MutNovel,"C6Y,0.585"
X-3102,PRY,9081.0,Del0.8,0.19
X-3102,PRY,9081.0,Del0.8,0.19
X-3102,PRY2,442862.0,Del0.8,0.19
X-3102,PRY2,442862.0,Del0.8,0.19
X-3102,PSMC3,5702.0,MutNovel,"A403V,0.441"
X-3102,PSMC5,5705.0,MutNovel,"KE159K,0.489"
X-3102,PTPN21,11099.0,MutKnownFunctional,"-849,0.391"
X-3102,PTPRF,5792.0,MutNovel,"R1467C,0.488"
X-3102,PUSL1,126789.0,MutNovel,"R270H,0.432"
X-3102,PXN,5829.0,MutNovel,"E467K,0.326"
X-3102,QSOX2,169714.0,MutNovel,"C539R,0.260"
X-3102,RAB11FIP2,22841.0,MutNovel,"S31G,0.436"
X-3102,RAB11FIP3,9727.0,MutNovel,"E653Q,0.599"
X-3102,RANBP6,26953.0,MutNovel,"V154A,0.600"
X-3102,RAPH1,65059.0,MutKnownFunctional,"-765,0.667"
X-3102,RB1,5925.0,MutNovel,"R910Q,0.436"
X-3102,RBBP6,5930.0,MutKnownFunctional,"-1523,0.498"
X-3102,RBFOX2,23543.0,MutNovel,"G16A,0.429"
X-3102,RBM25,58517.0,MutNovel,"E406Q,0.484"
X-3102,RBM43,375287.0,MutKnownFunctional,"-27,0.667"
X-3102,RBMY1A3P,286557.0,Del0.8,0.19
X-3102,RBMY1B,378948.0,Del0.8,0.19
X-3102,RBMY1B,378948.0,Del0.8,0.19
X-3102,RBMY1E,378950.0,Del0.8,0.19
X-3102,RBMY1E,378950.0,Del0.8,0.19
X-3102,RBMY1F,159163.0,Del0.8,0.19
X-3102,RBMY1F,159163.0,Del0.8,0.19
X-3102,RBMY1J,378951.0,Del0.8,0.19
X-3102,RBMY1J,378951.0,Del0.8,0.19
X-3102,RBMY2EP,159125.0,Del0.8,0.19
X-3102,RBMY2FP,159162.0,Del0.8,0.19
X-3102,RBMY3AP,64593.0,Del0.8,0.19
X-3102,RC3H2,54542.0,MutNovel,"Q82H,0.481"
X-3102,RCN2,5955.0,MutNovel,"T187M,0.476"
X-3102,RELB,5971.0,MutNovel,"R213W,0.556"
X-3102,RENBP,5973.0,MutNovel,"A280D,0.419"
X-3102,REPIN1,29803.0,MutNovel,"R508C,0.462"
X-3102,RERE,473.0,MutNovel,"E684D,0.583"
X-3102,REST,5978.0,MutNovel,"LI46L,0.469"
X-3102,REV3L,5980.0,MutNovel,"P1596L,0.349"
X-3102,REXO1,57455.0,MutNovel,"S181L,0.296"
X-3102,RGS12,6002.0,MutKnownFunctional,"-1176,0.500"
X-3102,RGS3,5998.0,MutNovel,"T683M,0.460"
X-3102,RIF1,55183.0,MutKnownFunctional,"-470,0.455"
X-3102,RIN3,79890.0,MutNovel,"G967-,0.789"
X-3102,RNF145,153830.0,MutKnownFunctional,"-25,0.364"
X-3102,RNF213,57674.0,MutNovel,"T1705K,0.407"
X-3102,RNPEPL1,57140.0,MutNovel,"R385C,0.555"
X-3102,RPL22,6146.0,MutKnownFunctional,"-15,0.391"
X-3102,RPS4Y1,6192.0,Del0.8,0.19
X-3102,RPS4Y2,140032.0,Del0.8,0.19
X-3102,RRP9,9136.0,MutNovel,"A342T,0.486"
X-3102,RTTN,25914.0,MutNovel,"G274D,1.000"
X-3102,SALL1,6299.0,MutNovel,"G160S,0.489"
X-3102,SASH1,23328.0,MutNovel,"N599K,0.350"
X-3102,SBNO2,22904.0,MutKnownFunctional,"-640?,0.502"
X-3102,SDK2,54549.0,MutNovel,"I2094S,0.750"
X-3102,SEC16A,9919.0,MutNovel,"R1367H,0.607"
X-3102,SEC22A,26984.0,MutKnownFunctional,"R184*,0.236"
X-3102,SEC31A,22872.0,MutKnownFunctional,"-462,0.255"
X-3102,SEMA5A,9037.0,MutNovel,"R995W,0.500"
X-3102,SERINC2,347735.0,MutNovel,"-373Q,1.000"
X-3102,SERPINB8,5271.0,MutNovel,"A239T,0.375"
X-3102,SETBP1,26040.0,MutNovel,"T600M,0.500"
X-3102,SETBP1,26040.0,MutNovel,"R918W,0.333"
X-3102,SETD1B,23067.0,MutKnownFunctional,"-1284,0.509"
X-3102,SF3B1,23451.0,MutNovel,"A143G,0.403"
X-3102,SGOL1,151648.0,MutKnownFunctional,"-319,0.400"
X-3102,SHANK2,22941.0,MutNovel,"R477H,0.625"
X-3102,SIGLEC1,6614.0,MutNovel,"R376W,1.000"
X-3102,SIRT2,22933.0,MutNovel,"R42W,0.559"
X-3102,SKIV2L,6499.0,MutKnownFunctional,"-814,0.473"
X-3102,SLC12A4,6560.0,MutNovel,"K895-,0.494"
X-3102,SLC15A2,6565.0,MutNovel,"Q636R,0.727"
X-3102,SLC23A1,9963.0,MutNovel,"F436L,0.333"
X-3102,SLC24A1,9187.0,MutNovel,"V268I,0.333"
X-3102,SLC2A4RG,56731.0,MutNovel,"G133V,0.504"
X-3102,SLX4,84464.0,MutNovel,"V1703M,0.429"
X-3102,SMC3,9126.0,MutNovel,"R1003H,0.492"
X-3102,SNTA1,6640.0,MutNovel,"R394H,0.353"
X-3102,SNX21,90203.0,MutNovel,"V149M,0.367"
X-3102,SOGA1,,MutNovel,"R297C,0.429"
X-3102,SOGA2,,MutNovel,"S1337N,0.636"
X-3102,SOWAHC,65124.0,MutNovel,"A405T,0.444"
X-3102,SP3,6670.0,MutNovel,"C600Y,0.517"
X-3102,SPTBN1,6711.0,MutNovel,"L2055F,0.468"
X-3102,SPTBN5,51332.0,MutNovel,"T2852M,0.235"
X-3102,SPTY2D1,144108.0,MutNovel,"R205Q,0.243"
X-3102,SRP14,6727.0,MutNovel,"A116-,0.413"
X-3102,SRP72,6731.0,MutNovel,"R121H,0.407"
X-3102,SRY,6736.0,Del0.8,0.19
X-3102,SURF4,6836.0,MutNovel,"V82I,0.470"
X-3102,TAF1B,9014.0,MutKnownFunctional,"-63,0.867"
X-3102,TAF1C,9013.0,MutKnownFunctional,"-534,0.507"
X-3102,TAF6,6878.0,MutNovel,"E118K,0.642"
X-3102,TAX1BP1,8887.0,MutNovel,"R61H,0.462"
X-3102,TBC1D23,55773.0,MutNovel,"R626W,0.521"
X-3102,TBL1Y,90665.0,Del0.8,0.19
X-3102,TBP,6908.0,MutNovel,"-64Q,0.938"
X-3102,TEAD2,8463.0,MutKnownFunctional,"-299,0.576"
X-3102,TESK1,7016.0,MutKnownFunctional,"-371?,0.509"
X-3102,TGFB3,7043.0,MutNovel,"E119K,0.357"
X-3102,TGFBR1,7046.0,MutNovel,"GE217G,0.533"
X-3102,TGFBR2,7048.0,MutNovel,"L438P,0.548"
X-3102,TGFBR2,7048.0,MutNovel,"D446N,0.263"
X-3102,TGFBR3,7049.0,MutNovel,"I797V,0.226"
X-3102,TGIF2LY,90655.0,Del0.8,0.19
X-3102,TICRR,,MutNovel,"R1574Q,0.564"
X-3102,TKT,7086.0,MutNovel,"A178T,0.427"
X-3102,TLK1,9874.0,MutNovel,"H502Y,0.483"
X-3102,TLN2,83660.0,MutNovel,"T2031M,0.463"
X-3102,TMEM184A,202915.0,MutNovel,"G392GA,0.407"
X-3102,TMEM249,,MutNovel,"I185M,0.364"
X-3102,TMEM25,84866.0,MutNovel,"R156H,0.436"
X-3102,TMEM63B,55362.0,MutNovel,"G100R,0.486"
X-3102,TMSB4Y,9087.0,Del0.8,0.19
X-3102,TNC,3371.0,MutNovel,"R2200W,0.657"
X-3102,TNK2,10188.0,MutKnownFunctional,"-759,0.436"
X-3102,TNRC18,84629.0,MutKnownFunctional,"-502,0.490"
X-3102,TNS3,64759.0,MutNovel,"R591C,0.800"
X-3102,TNXB,7148.0,MutNovel,"V2605M,0.800"
X-3102,TOR1A,1861.0,MutKnownFunctional,"-272,0.505"
X-3102,TP53BP1,7158.0,MutNovel,"S1331N,0.488"
X-3102,TPMT,7172.0,MutNovel,"E114K,0.469"
X-3102,TRABD2B,,MutNovel,"P462L,0.456"
X-3102,TRABD2B,,MutNovel,"P281L,0.490"
X-3102,TRAPPC11,60684.0,MutNovel,"P1021S,0.545"
X-3102,TRIM16,10626.0,MutNovel,"T315M,0.299"
X-3102,TRIM3,10612.0,MutKnownFunctional,"R463*,0.400"
X-3102,TRIM32,22954.0,MutNovel,"C100R,0.516"
X-3102,TRPM4,54795.0,MutNovel,"S63N,0.386"
X-3102,TRRAP,8295.0,MutNovel,"P34S,0.577"
X-3102,TSPY1,7258.0,Del0.8,0.19
X-3102,TSPY2,64591.0,Del0.8,0.19
X-3102,TSPY3,728137.0,Del0.8,0.19
X-3102,TSPY4,728395.0,Del0.8,0.19
X-3102,TSPY8,728403.0,Del0.8,0.19
X-3102,TSPYL1,7259.0,MutNovel,"V176VW,1.000"
X-3102,TTC28,23331.0,MutNovel,"G1777D,0.400"
X-3102,TTTY10,246119.0,Del0.8,0.19
X-3102,TTTY11,83866.0,Del0.8,0.19
X-3102,TTTY12,83867.0,Del0.8,0.19
X-3102,TTTY13,83868.0,Del0.8,0.19
X-3102,TTTY14,83869.0,Del0.8,0.19
X-3102,TTTY15,64595.0,Del0.8,0.19
X-3102,TTTY16,252948.0,Del0.8,0.19
X-3102,TTTY17A,252949.0,Del0.8,0.19
X-3102,TTTY17A,252949.0,Del0.8,0.19
X-3102,TTTY18,252950.0,Del0.8,0.19
X-3102,TTTY19,252952.0,Del0.8,0.19
X-3102,TTTY1B,100101116.0,Del0.8,0.19
X-3102,TTTY1B,100101116.0,Del0.8,0.19
X-3102,TTTY2,60439.0,Del0.8,0.19
X-3102,TTTY2,60439.0,Del0.8,0.19
X-3102,TTTY20,252951.0,Del0.8,0.19
X-3102,TTTY21,252953.0,Del0.8,0.19
X-3102,TTTY21,252953.0,Del0.8,0.19
X-3102,TTTY22,252954.0,Del0.8,0.19
X-3102,TTTY23,252955.0,Del0.8,0.19
X-3102,TTTY23,252955.0,Del0.8,0.19
X-3102,TTTY3,114760.0,Del0.8,0.19
X-3102,TTTY3,114760.0,Del0.8,0.19
X-3102,TTTY4,114761.0,Del0.8,0.19
X-3102,TTTY4,114761.0,Del0.8,0.19
X-3102,TTTY5,83863.0,Del0.8,0.19
X-3102,TTTY6,84672.0,Del0.8,0.19
X-3102,TTTY6,84672.0,Del0.8,0.19
X-3102,TTTY7,246122.0,Del0.8,0.19
X-3102,TTTY7,246122.0,Del0.8,0.19
X-3102,TTTY7B,100101120.0,Del0.8,0.19
X-3102,TTTY7B,100101120.0,Del0.8,0.19
X-3102,TTTY8,84673.0,Del0.8,0.19
X-3102,TTTY8,84673.0,Del0.8,0.19
X-3102,TTTY9A,83864.0,Del0.8,0.19
X-3102,TTTY9A,83864.0,Del0.8,0.19
X-3102,TULP4,56995.0,MutKnownFunctional,"-1486?,0.643"
X-3102,TXLNG2P,246126.0,Del0.8,0.19
X-3102,TYRO3,7301.0,MutNovel,"G748R,0.536"
X-3102,TYSND1,219743.0,MutNovel,"R539C,0.490"
X-3102,U2AF2,11338.0,MutNovel,"R452H,0.482"
X-3102,U2SURP,23350.0,MutNovel,"P366L,0.539"
X-3102,UBE2K,3093.0,MutKnownFunctional,"-164,0.509"
X-3102,UBE2O,63893.0,MutKnownFunctional,"-1018?,0.414"
X-3102,UBN1,29855.0,MutNovel,"V365I,0.365"
X-3102,UBN2,254048.0,MutNovel,"Q951H,0.667"
X-3102,UBR3,130507.0,MutNovel,"Q794P,0.353"
X-3102,UBR5,51366.0,MutKnownFunctional,"-2120?,0.368"
X-3102,UGT2B17,7367.0,Del0.8,0.71
X-3102,UNC93B1,81622.0,MutNovel,"R588C,0.472"
X-3102,UPF1,5976.0,MutNovel,"R594Q,0.464"
X-3102,UPK3BL,,MutNovel,"T119I,0.375"
X-3102,UQCRHL,440567.0,MutNovel,"K78R,0.222"
X-3102,UQCRHL,440567.0,MutKnownFunctional,"-22,0.385"
X-3102,USP20,10868.0,MutNovel,"R5M,0.455"
X-3102,USP21,27005.0,MutNovel,"R445Q,0.561"
X-3102,USP36,57602.0,MutNovel,"KKK958K,1.000"
X-3102,USP5,8078.0,MutNovel,"Y568C,0.571"
X-3102,USP54,159195.0,MutNovel,"R223Q,0.469"
X-3102,USP9X,8239.0,MutNovel,"R1220H,0.586"
X-3102,USP9Y,8287.0,Del0.8,0.19
X-3102,UTP20,27340.0,MutNovel,"S2637L,0.461"
X-3102,UTY,7404.0,Del0.8,0.19
X-3102,VAMP3,9341.0,MutNovel,"V33M,0.563"
X-3102,VANGL1,81839.0,MutNovel,"R212Q,0.389"
X-3102,VCY,9084.0,Del0.8,0.19
X-3102,VCY,9084.0,Del0.8,0.19
X-3102,VPS13B,157680.0,MutNovel,"E2688D,0.615"
X-3102,VPS26A,9559.0,MutNovel,"V160I,0.498"
X-3102,VPS35,55737.0,MutNovel,"L94V,0.542"
X-3102,WBP1,23559.0,MutKnownFunctional,"-138?,0.439"
X-3102,WBP1,23559.0,MutKnownFunctional,"-184,0.403"
X-3102,WDR45,11152.0,MutNovel,"P5S,0.703"
X-3102,WDR55,54853.0,MutNovel,"L236I,0.562"
X-3102,WDR77,79084.0,MutNovel,"A295T,0.492"
X-3102,WDR91,29062.0,MutNovel,"R332H,0.508"
X-3102,XKRY2,353515.0,Del0.8,0.19
X-3102,XKRY2,353515.0,Del0.8,0.19
X-3102,XPO5,57510.0,MutNovel,"T1070M,0.480"
X-3102,XPOT,11260.0,MutNovel,"A940V,0.471"
X-3102,ZBTB7B,51043.0,MutNovel,"R397H,0.502"
X-3102,ZC3H10,84872.0,MutNovel,"R59H,0.645"
X-3102,ZC3H18,124245.0,MutKnownFunctional,"R701*,0.256"
X-3102,ZCCHC7,84186.0,MutNovel,"R109S,0.373"
X-3102,ZDHHC16,84287.0,MutNovel,"R27C,0.381"
X-3102,ZFAND4,93550.0,MutNovel,"S457L,0.391"
X-3102,ZFP161,7541.0,MutKnownFunctional,"-102?,0.494"
X-3102,ZFP41,286128.0,MutNovel,"E172K,0.480"
X-3102,ZFPM1,161882.0,MutNovel,"A304T,0.667"
X-3102,ZFY,7544.0,Del0.8,0.19
X-3102,ZMIZ2,83637.0,MutNovel,"S506L,0.567"
X-3102,ZMYM2,7750.0,MutNovel,"P865H,0.315"
X-3102,ZNF134,7693.0,MutNovel,"G81W,0.255"
X-3102,ZNF281,23528.0,MutNovel,"P442S,0.394"
X-3102,ZNF384,171017.0,MutNovel,"QQ514Q,1.000"
X-3102,ZNF407,55628.0,MutKnownFunctional,"-168,0.545"
X-3102,ZNF407,55628.0,MutNovel,"E1955K,0.241"
X-3102,ZNF467,168544.0,MutNovel,"K97E,0.478"
X-3102,ZNF473,25888.0,MutNovel,"T258I,0.540"
X-3102,ZNF532,55205.0,MutNovel,"A414T,0.789"
X-3102,ZNF728,,MutNovel,"L85F,1.000"
X-3102,ZNF728,,MutNovel,"S79P,1.000"
X-3102,ZNF728,,MutNovel,"V76G,1.000"
X-3102,ZNF737,100129842.0,MutNovel,"R268C,0.419"
X-3102,ZNF749,388567.0,MutNovel,"R436W,0.444"
X-3102,ZNF770,54989.0,MutKnownFunctional,"-528,0.423"
X-3102,ZNF8,7554.0,MutNovel,"R51H,0.463"
X-3102,ZNF808,388558.0,MutNovel,"R586H,0.462"
X-3102,ZNF827,152485.0,MutKnownFunctional,"-158,0.471"
X-3102,ZNF83,55769.0,MutNovel,"N497D,0.510"
X-3102,ZNF862,643641.0,MutNovel,"G698D,0.455"
X-3102,ZNF888,,MutNovel,"E603D,0.558"
X-3102,ZNHIT2,741.0,MutKnownFunctional,"-339,0.505"
X-3286,A2M,2.0,Amp5,6.5
X-3286,A2ML1,144568.0,Amp5,6.5
X-3286,A2MP1,3.0,Amp5,6.5
X-3286,AAAS,8086.0,Amp5,5.1
X-3286,ABCC13,150000.0,Amp5,5.21
X-3286,ABCD2,225.0,Amp5,5.5
X-3286,ABCG2,9429.0,Del0.8,0.76
X-3286,ABP1,26.0,MutNovel,"L578R,0.241"
X-3286,ACAP3,116983.0,MutNovel,"A156T,0.256"
X-3286,ACBD7,414149.0,Amp5,5.9
X-3286,ACER2,340485.0,MutNovel,"FCWI190F,0.833"
X-3286,ACER3,55331.0,Amp8,11.79
X-3286,ACN9,57001.0,Amp5,5.98
X-3286,ACOT12,134526.0,Del0.8,0.74
X-3286,ACSS3,79611.0,Del0.8,0.78
X-3286,ACVR1B,91.0,Amp5,5.1
X-3286,ACVRL1,94.0,Amp5,5.1
X-3286,ADAM3A,1587.0,Del0.8,0.21
X-3286,ADAM5P,255926.0,Del0.8,0.54
X-3286,ADAM6,8755.0,Amp5,5.7
X-3286,ADAMTS20,80070.0,Amp5,7.01
X-3286,ADAMTS4,9507.0,Amp5,5.58
X-3286,ADAT2,134637.0,MutNovel,"A143G,0.636"
X-3286,ADCY6,112.0,Amp5,5.1
X-3286,ADRA1A,148.0,Del0.8,0.77
X-3286,AFF1,4299.0,Del0.8,0.74
X-3286,AGAP2,116986.0,Amp5,5.1
X-3286,AGAP8,728404.0,MutNovel,"G601S,1.000"
X-3286,AGPAT9,84803.0,Del0.8,0.74
X-3286,AHSA2,130872.0,MutKnownFunctional,"-106L?,0.273"
X-3286,AICDA,57379.0,Amp5,6.5
X-3286,AK3,50808.0,Del0.8,0.78
X-3286,AKAP11,11215.0,MutNovel,"D170G,0.625"
X-3286,AKT3,10000.0,Amp5,6.73
X-3286,ALDH1A1,216.0,MutNovel,"A67S,0.524"
X-3286,ALG10B,144245.0,Amp5,7.01
X-3286,ALOX15B,247.0,MutNovel,"Q425K,0.860"
X-3286,ALPK2,115701.0,Del0.8,0.78
X-3286,AMELY,266.0,Del0.8,0.26
X-3286,AMHR2,269.0,Amp5,5.1
X-3286,AMIGO2,347902.0,Amp5,7.01
X-3286,AMOTL1,154810.0,Del0.8,0.78
X-3286,ANGPTL5,253935.0,Del0.8,0.78
X-3286,ANKAR,150709.0,MutKnownFunctional,"-1020,1.000"
X-3286,ANKRD32,84250.0,Del0.8,0.73
X-3286,ANKRD33,341405.0,Amp5,5.1
X-3286,ANKRD34B,340120.0,Del0.8,0.26
X-3286,ANKRD36,375248.0,MutNovel,"T998S,0.333"
X-3286,ANKRD49,54851.0,Del0.8,0.78
X-3286,ANKRD52,283373.0,Amp5,5.1
X-3286,ANO1,55107.0,Amp5,5.1
X-3286,ANO6,196527.0,Amp5,7.01
X-3286,ANP32D,23519.0,Amp5,5.1
X-3286,ANTXR2,118429.0,Del0.8,0.74
X-3286,ANXA3,306.0,Del0.8,0.74
X-3286,AP4E1,23431.0,Del0.8,0.76
X-3286,APBB2,323.0,Del0.8,0.74
X-3286,APOA2,336.0,Amp5,5.58
X-3286,APOF,319.0,Amp5,5.1
X-3286,APOLD1,81575.0,Amp5,6.82
X-3286,AQP2,359.0,Amp5,5.1
X-3286,AQP4,361.0,Amp8,10.13
X-3286,AQP5,362.0,Amp5,5.1
X-3286,AQP6,363.0,Amp5,5.1
X-3286,ARAP2,116984.0,Del0.8,0.74
X-3286,ARF3,377.0,Amp5,5.1
X-3286,ARHGAP24,83478.0,Del0.8,0.74
X-3286,ARHGAP30,257106.0,Amp5,5.58
X-3286,ARHGAP9,64333.0,Amp5,5.1
X-3286,ARHGEF25,115557.0,Amp5,5.1
X-3286,ARHGEF5,7984.0,Amp5,6.45
X-3286,ARID2,196528.0,Amp5,7.01
X-3286,ARL5B,221079.0,Amp5,5.9
X-3286,ARPP19,10776.0,Del0.8,0.76
X-3286,ARRDC3,57561.0,Del0.8,0.71
X-3286,ARSB,411.0,Del0.8,0.76
X-3286,ARSK,153642.0,Del0.8,0.73
X-3286,ASB4,51666.0,Amp5,5.98
X-3286,ASB8,140461.0,Amp5,7.01
X-3286,ASNS,440.0,Amp5,5.82
X-3286,ATF1,466.0,Amp5,5.1
X-3286,ATF7,11016.0,Amp5,5.1
X-3286,ATG10,83734.0,Del0.8,0.74
X-3286,ATOH8,84913.0,Amp5,5.9
X-3286,ATP5B,506.0,Amp5,5.1
X-3286,ATP5G2,517.0,Amp5,5.1
X-3286,ATP6AP1L,92270.0,Del0.8,0.74
X-3286,ATP8B1,5205.0,Del0.8,0.78
X-3286,AVIL,10677.0,Amp5,5.1
X-3286,AXL,558.0,MutNovel,"R368P,0.438"
X-3286,B3GALT2,8707.0,Amp5,5.21
X-3286,B3GNT6,192134.0,Amp8,11.79
X-3286,B4GALNT1,2583.0,Amp5,5.1
X-3286,B4GALT3,8703.0,Amp5,5.58
X-3286,BAIAP2L1,55971.0,Amp5,5.7
X-3286,BANP,54971.0,MutNovel,"V31A,0.269"
X-3286,BAZ2A,11176.0,Amp5,5.1
X-3286,BBS10,79738.0,Del0.8,0.78
X-3286,BCDIN3D,144233.0,Amp5,5.1
X-3286,BCL2,596.0,Del0.8,0.79
X-3286,BCL2L10,10017.0,Del0.8,0.76
X-3286,BCL2L14,79370.0,Amp5,6.82
X-3286,BCORL1,63035.0,MutNovel,"S127C,0.429"
X-3286,BCORP1,286554.0,Del0.8,0.26
X-3286,BET1,10282.0,Amp5,5.98
X-3286,BHLHA15,168620.0,Amp5,5.7
X-3286,BHMT,635.0,Del0.8,0.73
X-3286,BHMT2,23743.0,Del0.8,0.73
X-3286,BIN2,51411.0,Amp5,5.1
X-3286,BIRC2,329.0,Del0.8,0.77
X-3286,BIRC3,330.0,Del0.8,0.77
X-3286,BLK,640.0,Del0.8,0.78
X-3286,BLOC1S1,2647.0,Amp5,5.1
X-3286,BLOC1S1-RDH5,100528022.0,Amp5,5.1
X-3286,BMP2K,55589.0,Del0.8,0.74
X-3286,BMP3,651.0,Del0.8,0.74
X-3286,BOD1L2,284257.0,Del0.8,0.78
X-3286,BPY2B,442867.0,Del0.8,0.26
X-3286,BPY2B,442867.0,Del0.8,0.26
X-3286,BRI3,25798.0,Amp5,5.7
X-3286,BRWD1,54014.0,MutNovel,"S1296F,0.567"
X-3286,BTG3,10950.0,Amp5,5.21
X-3286,C10orf111,221060.0,Amp5,5.9
X-3286,C11orf24,53838.0,Amp5,5.1
X-3286,C11orf30,56946.0,Amp8,11.79
X-3286,C11orf70,85016.0,Del0.8,0.78
X-3286,C12orf10,60314.0,Amp5,5.1
X-3286,C12orf26,84190.0,Del0.8,0.78
X-3286,C12orf29,91298.0,Del0.8,0.8
X-3286,C12orf36,283422.0,Amp5,6.82
X-3286,C12orf40,283461.0,Amp5,5.5
X-3286,C12orf44,60673.0,Amp5,5.1
X-3286,C12orf50,160419.0,Del0.8,0.8
X-3286,C12orf54,121273.0,Amp5,5.1
X-3286,C12orf59,120939.0,Amp5,6.82
X-3286,C12orf68,387856.0,Amp5,7.01
X-3286,C14orf169,79697.0,MutNovel,"A187G,1.000"
X-3286,C16orf48,84080.0,MutNovel,"T27A,1.000"
X-3286,C16orf48,84080.0,MutNovel,"P14R,1.000"
X-3286,C17orf76-AS1,125144.0,Del0.8,0.79
X-3286,C18orf26,284254.0,Del0.8,0.78
X-3286,C18orf54,162681.0,Del0.8,0.78
X-3286,C19orf21,126353.0,Del0.8,0.62
X-3286,C1QL3,389941.0,Amp5,5.9
X-3286,C1QL4,338761.0,Amp5,5.1
X-3286,C21orf37,100505929.0,Amp5,5.21
X-3286,C21orf58,54058.0,MutNovel,"H299PN,0.556"
X-3286,C21orf91,54149.0,Amp5,5.21
X-3286,C21orf91-OT1,246312.0,Amp5,5.21
X-3286,C2CD3,26005.0,MutNovel,"H1426Y,0.645"
X-3286,C2orf68,388969.0,Amp5,5.9
X-3286,C2orf81,388963.0,MutNovel,"D418E,0.625"
X-3286,C3AR1,719.0,Amp5,5.35
X-3286,C4orf19,55286.0,Del0.8,0.74
X-3286,C4orf22,255119.0,Del0.8,0.74
X-3286,C4orf34,201895.0,Del0.8,0.74
X-3286,C4orf36,132989.0,Del0.8,0.74
X-3286,C5orf27,202299.0,Del0.8,0.73
X-3286,C8orf12,83656.0,Del0.8,0.78
X-3286,C8orf74,203076.0,Del0.8,0.78
X-3286,C9orf123,90871.0,Del0.8,0.8
X-3286,C9orf53,51198.0,Del0.8,0.78
X-3286,C9orf66,157983.0,Del0.8,0.77
X-3286,CACNB2,783.0,Amp5,5.9
X-3286,CACNB3,784.0,Amp5,5.1
X-3286,CALCOCO1,57658.0,Amp5,5.1
X-3286,CALCR,799.0,Amp5,5.98
X-3286,CAPG,822.0,Amp5,5.9
X-3286,CARD16,114769.0,Del0.8,0.77
X-3286,CARD17,440068.0,Del0.8,0.77
X-3286,CARD18,59082.0,Del0.8,0.77
X-3286,CASD1,64921.0,Amp5,5.98
X-3286,CASP1,834.0,Del0.8,0.77
X-3286,CASP12,100506742.0,Del0.8,0.77
X-3286,CASP4,837.0,Del0.8,0.77
X-3286,CASP5,838.0,Del0.8,0.77
X-3286,CAST,831.0,Del0.8,0.73
X-3286,CBWD1,55871.0,Del0.8,0.77
X-3286,CBX5,23468.0,Amp5,5.1
X-3286,CCBE1,147372.0,Del0.8,0.78
X-3286,CCDC107,203260.0,MutNovel,"A111V,0.496"
X-3286,CCDC132,55610.0,Amp5,5.98
X-3286,CCDC25,55246.0,Del0.8,0.77
X-3286,CCDC59,29080.0,Del0.8,0.78
X-3286,CCDC65,85478.0,Amp5,5.1
X-3286,CCDC68,80323.0,Del0.8,0.78
X-3286,CCND1,595.0,Amp5,5.1
X-3286,CCNH,902.0,Del0.8,0.74
X-3286,CCNT1,904.0,Amp5,5.1
X-3286,CD274,29126.0,Del0.8,0.8
X-3286,CD63,967.0,Amp5,5.1
X-3286,CD69,969.0,Amp5,6.82
X-3286,CD8A,925.0,Amp5,7.57
X-3286,CD8B,926.0,Amp5,7.57
X-3286,CDC37L1,55664.0,Del0.8,0.78
X-3286,CDC42EP1,11135.0,MutNovel,"PAPAANPS253P,0.630"
X-3286,CDC6,990.0,MutNovel,"H116Y,0.317"
X-3286,CDC73,79577.0,Amp5,5.7
X-3286,CDH2,1000.0,Amp8,13.18
X-3286,CDH20,28316.0,Del0.8,0.78
X-3286,CDH7,1005.0,Del0.8,0.79
X-3286,CDK2,1017.0,Amp5,5.1
X-3286,CDK4,1019.0,Amp5,5.1
X-3286,CDK6,1021.0,Amp5,5.46
X-3286,CDKN1B,1027.0,Amp5,6.82
X-3286,CDKN2A,1029.0,Del0.8,0.78
X-3286,CDKN2B,1030.0,Del0.8,0.78
X-3286,CDS1,1040.0,Del0.8,0.74
X-3286,CDY1B,253175.0,Del0.8,0.26
X-3286,CDY1B,253175.0,Del0.8,0.26
X-3286,CDY2A,9426.0,Del0.8,0.26
X-3286,CDY2A,9426.0,Del0.8,0.26
X-3286,CDY2B,203611.0,Del0.8,0.26
X-3286,CDY2B,203611.0,Del0.8,0.26
X-3286,CELA1,1990.0,Amp5,5.1
X-3286,CELF2,10659.0,MutNovel,"P22A,0.400"
X-3286,CELF2,10659.0,Amp5,5.24
X-3286,CEP170,9859.0,Amp5,6.73
X-3286,CEP290,80184.0,Del0.8,0.8
X-3286,CEP57,9702.0,Del0.8,0.78
X-3286,CERS5,91012.0,Amp5,5.1
X-3286,CETN3,1070.0,Del0.8,0.71
X-3286,CHD1,1105.0,Del0.8,0.75
X-3286,CHD1L,9557.0,MutNovel,"D774N,0.982"
X-3286,CHD6,84181.0,MutNovel,"Y319F,0.600"
X-3286,CHML,1122.0,Amp5,6.36
X-3286,CHMP3,51652.0,Amp5,7.57
X-3286,CHODL,140578.0,Amp5,5.21
X-3286,CHODL-AS1,54075.0,Amp5,5.21
X-3286,CHPF,79586.0,MutNovel,"R419W,0.485"
X-3286,CHRNA2,1135.0,Del0.8,0.77
X-3286,CHRNA9,55584.0,Del0.8,0.74
X-3286,CHST9,83539.0,Amp8,11.55
X-3286,CHST9-AS1,147429.0,Amp8,10.13
X-3286,CKMT2,1160.0,Del0.8,0.74
X-3286,CLDN23,137075.0,Del0.8,0.78
X-3286,CLEC12A,160364.0,Amp5,6.82
X-3286,CLEC12B,387837.0,Amp5,6.82
X-3286,CLEC1A,51267.0,Amp5,6.82
X-3286,CLEC1B,51266.0,Amp5,6.82
X-3286,CLEC2A,387836.0,Amp5,6.82
X-3286,CLEC2B,9976.0,Amp5,6.82
X-3286,CLEC2D,29121.0,Amp5,6.82
X-3286,CLEC4A,50856.0,Amp5,5.35
X-3286,CLEC4D,338339.0,Amp5,6.5
X-3286,CLEC4E,26253.0,Amp5,6.5
X-3286,CLEC6A,93978.0,Amp5,6.5
X-3286,CLEC7A,64581.0,Amp5,6.82
X-3286,CLEC9A,283420.0,Amp5,6.82
X-3286,CLECL1,160365.0,Amp5,6.82
X-3286,CLINT1,9685.0,MutNovel,"R220Q,0.987"
X-3286,CLU,1191.0,Del0.8,0.77
X-3286,CMYA5,202333.0,Del0.8,0.73
X-3286,CNPY2,10330.0,Amp5,5.1
X-3286,CNTN1,1272.0,Amp5,7.01
X-3286,CNTRL,11064.0,MutNovel,"I2189L,0.248"
X-3286,COL14A1,7373.0,Del0.8,0.75
X-3286,COL1A2,1278.0,Amp5,5.98
X-3286,COL2A1,1280.0,Amp5,7.01
X-3286,COLEC10,10584.0,Del0.8,0.75
X-3286,COMMD9,29099.0,MutNovel,"L67V,0.394"
X-3286,COPS4,51138.0,Del0.8,0.74
X-3286,COPZ1,22818.0,Amp5,5.1
X-3286,COQ10A,93058.0,Amp5,5.1
X-3286,COQ2,27235.0,Del0.8,0.74
X-3286,COX7C,1350.0,Del0.8,0.74
X-3286,CPA6,57094.0,MutNovel,"K388N,1.000"
X-3286,CPLX4,339302.0,Del0.8,0.78
X-3286,CPNE8,144402.0,Amp5,7.01
X-3286,CPT1A,1374.0,Amp5,5.1
X-3286,CREBL2,1389.0,Amp5,6.82
X-3286,CRSP8P,441089.0,Del0.8,0.37
X-3286,CS,1431.0,Amp5,5.1
X-3286,CSAD,51380.0,Amp5,5.1
X-3286,CSDA,8531.0,Amp5,6.82
X-3286,CSPG4P1Y,114758.0,Del0.8,0.26
X-3286,CSPG4P1Y,114758.0,Del0.8,0.26
X-3286,CSRNP2,81566.0,Amp5,5.1
X-3286,CSRP2,1466.0,Del0.8,0.78
X-3286,CST3,1471.0,MutNovel,"Y68N,0.215"
X-3286,CTAGE4,100128553.0,Amp8,9.45
X-3286,CTDSP2,10106.0,Amp5,5.1
X-3286,CTSA,5476.0,MutNovel,"L29-,0.590"
X-3286,CTSB,1508.0,Del0.8,0.78
X-3286,CTTN,2017.0,Amp5,5.1
X-3286,CUBN,8029.0,Amp5,5.9
X-3286,CWC15,51503.0,Del0.8,0.78
X-3286,CXADR,1525.0,Amp5,5.21
X-3286,CYP19A1,1588.0,Del0.8,0.76
X-3286,CYP27B1,1594.0,Amp5,5.1
X-3286,CYP2D6,1565.0,MutKnownFunctional,"-259,0.857"
X-3286,CYS1,192668.0,MutNovel,"R35L,1.000"
X-3286,D4S234E,27065.0,MutNovel,"V45A,0.555"
X-3286,DAZ1,1617.0,Del0.8,0.26
X-3286,DAZ2,57055.0,Del0.8,0.26
X-3286,DAZ3,57054.0,Del0.8,0.26
X-3286,DAZ3,57054.0,Del0.8,0.26
X-3286,DAZ4,57135.0,Del0.8,0.26
X-3286,DAZ4,57135.0,Del0.8,0.26
X-3286,DAZAP2,9802.0,Amp5,5.1
X-3286,DBX2,440097.0,Amp5,7.01
X-3286,DCAF4L1,285429.0,Del0.8,0.74
X-3286,DCC,1630.0,Del0.8,0.79
X-3286,DCD,117159.0,Amp5,5.1
X-3286,DCTN2,10540.0,Amp5,5.1
X-3286,DCUN1D5,84259.0,Del0.8,0.77
X-3286,DDI1,414301.0,Del0.8,0.77
X-3286,DDIT3,1649.0,Amp5,5.1
X-3286,DDN,23109.0,Amp5,5.1
X-3286,DDX12P,440081.0,Amp5,6.5
X-3286,DDX23,9416.0,Amp5,5.1
X-3286,DDX3Y,8653.0,Del0.8,0.26
X-3286,DDX47,51202.0,Amp5,6.82
X-3286,DEDD,9191.0,Amp5,5.58
X-3286,DEFB103A,414325.0,Del0.8,0.7
X-3286,DEFB103A,414325.0,Del0.8,0.7
X-3286,DEFB104B,503618.0,Del0.8,0.7
X-3286,DEFB104B,503618.0,Del0.8,0.7
X-3286,DEFB105B,504180.0,Del0.8,0.7
X-3286,DEFB105B,504180.0,Del0.8,0.7
X-3286,DEFB106B,503841.0,Del0.8,0.7
X-3286,DEFB106B,503841.0,Del0.8,0.7
X-3286,DEFB107A,245910.0,Del0.8,0.7
X-3286,DEFB107A,245910.0,Del0.8,0.7
X-3286,DEFB109P1B,641517.0,Del0.8,0.7
X-3286,DEFB130,245940.0,Del0.8,0.78
X-3286,DEFB134,613211.0,Del0.8,0.78
X-3286,DEFB135,613209.0,Del0.8,0.78
X-3286,DEFB136,613210.0,Del0.8,0.78
X-3286,DEFB4A,1673.0,Del0.8,0.7
X-3286,DEFB4B,100289462.0,Del0.8,0.7
X-3286,DENND3,22898.0,MutNovel,"L1108V,1.000"
X-3286,DEPTOR,64798.0,Del0.8,0.75
X-3286,DGAT2,84649.0,Amp8,11.79
X-3286,DGKA,1606.0,Amp5,5.1
X-3286,DHFR,1719.0,Del0.8,0.71
X-3286,DHH,50846.0,Amp5,5.1
X-3286,DHX16,8449.0,MutNovel,"R24P,0.238"
X-3286,DHX16,8449.0,MutNovel,"P8S,1.000"
X-3286,DIP2B,57609.0,Amp5,5.1
X-3286,DLX5,1749.0,Amp5,5.98
X-3286,DLX6,1750.0,Amp5,5.98
X-3286,DLX6-AS1,285987.0,Amp5,5.98
X-3286,DMBT1,1755.0,MutNovel,"P357S,1.000"
X-3286,DMBT1,1755.0,MutNovel,"P856Y,0.636"
X-3286,DMBT1,1755.0,MutNovel,"E988K,0.435"
X-3286,DMBT1,1755.0,MutNovel,"H1732S,0.750"
X-3286,DMGDH,29958.0,Del0.8,0.73
X-3286,DMP1,1758.0,Del0.8,0.74
X-3286,DMXL2,23312.0,Del0.8,0.76
X-3286,DNAH6,1768.0,Amp5,5.9
X-3286,DNAJC14,85406.0,Amp5,5.1
X-3286,DNAJC22,79962.0,Amp5,5.1
X-3286,DOCK8,81704.0,Del0.8,0.77
X-3286,DSCC1,79075.0,Del0.8,0.75
X-3286,DSPP,1834.0,Del0.8,0.74
X-3286,DTHD1,401124.0,Del0.8,0.74
X-3286,DTX3,196403.0,Amp5,5.1
X-3286,DUSP16,80824.0,Amp5,6.82
X-3286,DYNC1I1,1780.0,Amp5,5.98
X-3286,DYNC2H1,79659.0,Del0.8,0.77
X-3286,E2F7,144455.0,Del0.8,0.78
X-3286,EDIL3,10085.0,Del0.8,0.74
X-3286,EIF1AY,9086.0,Del0.8,0.26
X-3286,EIF3H,8667.0,Del0.8,0.75
X-3286,EIF4B,1975.0,Amp5,5.1
X-3286,EIF5AL1,143244.0,MutKnownFunctional,"-79?,0.333"
X-3286,ELL2,22936.0,Del0.8,0.73
X-3286,ELMOD3,84173.0,Amp5,5.9
X-3286,ELP3,55140.0,Del0.8,0.77
X-3286,EMP1,2012.0,Amp5,6.82
X-3286,ENDOD1,23052.0,Del0.8,0.78
X-3286,ENDOU,8909.0,Amp5,7.01
X-3286,ENOPH1,58478.0,Del0.8,0.74
X-3286,ENPP2,5168.0,Del0.8,0.75
X-3286,EPHX2,2053.0,Del0.8,0.77
X-3286,EPPK1,83481.0,MutNovel,"R2239H,0.324"
X-3286,ERAP1,51752.0,Del0.8,0.73
X-3286,ERAP2,64167.0,Del0.8,0.73
X-3286,ERBB2IP,55914.0,MutNovel,"I92F,0.421"
X-3286,ERBB3,2065.0,Amp5,5.1
X-3286,ERI1,90459.0,Del0.8,0.78
X-3286,ERMP1,79956.0,Del0.8,0.8
X-3286,ESCO2,157570.0,Del0.8,0.77
X-3286,ESPL1,9700.0,Amp5,5.1
X-3286,ESYT1,23344.0,Amp5,5.1
X-3286,ETV6,2120.0,Amp5,6.82
X-3286,EVC2,132884.0,MutNovel,"R486C,1.000"
X-3286,EXO1,9156.0,Amp5,6.36
X-3286,EXT1,2131.0,Del0.8,0.75
X-3286,EYA3,2140.0,MutNovel,"P158S,0.333"
X-3286,FADD,8772.0,Amp5,5.1
X-3286,FAIM2,23017.0,Amp5,5.1
X-3286,FAM114A1,92689.0,Del0.8,0.74
X-3286,FAM13A,10144.0,Del0.8,0.76
X-3286,FAM13A-AS1,285512.0,Del0.8,0.76
X-3286,FAM149A,25854.0,MutNovel,"P150L,0.400"
X-3286,FAM151B,167555.0,Del0.8,0.17
X-3286,FAM167A,83648.0,Del0.8,0.78
X-3286,FAM171A1,221061.0,Amp5,5.9
X-3286,FAM172A,83989.0,Del0.8,0.73
X-3286,FAM175A,84142.0,Del0.8,0.74
X-3286,FAM186A,121006.0,Amp5,5.1
X-3286,FAM186B,84070.0,Amp5,5.1
X-3286,FAM188A,80013.0,Amp5,5.9
X-3286,FAM190A,401145.0,Del0.8,0.75
X-3286,FAM197Y2P,252946.0,Del0.8,0.26
X-3286,FAM211A,388341.0,Del0.8,0.79
X-3286,FAM41AY1,340618.0,Del0.8,0.26
X-3286,FAM41AY1,340618.0,Del0.8,0.26
X-3286,FAM66A,100133172.0,Del0.8,0.75
X-3286,FAM66C,440078.0,Amp5,5.35
X-3286,FAM66D,100132923.0,Del0.8,0.78
X-3286,FAM76B,143684.0,Del0.8,0.78
X-3286,FAM81B,153643.0,Del0.8,0.73
X-3286,FAM86B1,85002.0,Del0.8,0.78
X-3286,FAM86FP,653113.0,Amp5,5.35
X-3286,FAM90A1,55138.0,Amp5,5.35
X-3286,FASN,2194.0,MutNovel,"V1699L,1.000"
X-3286,FBXO16,157574.0,Del0.8,0.77
X-3286,FCER1G,2207.0,Amp5,5.58
X-3286,FDFT1,2222.0,Del0.8,0.78
X-3286,FECH,2235.0,Del0.8,0.78
X-3286,FGF19,9965.0,Amp5,5.1
X-3286,FGF3,2248.0,Amp5,5.1
X-3286,FGF4,2249.0,Amp5,5.1
X-3286,FGF5,2250.0,Del0.8,0.74
X-3286,FH,2271.0,Amp5,6.36
X-3286,FIGNL2,401720.0,Amp5,5.1
X-3286,FKBP11,51303.0,Amp5,5.1
X-3286,FLJ12825,440101.0,Amp5,5.1
X-3286,FLJ13197,79667.0,Del0.8,0.74
X-3286,FLJ35024,401491.0,Del0.8,0.79
X-3286,FLJ35946,503569.0,Del0.8,0.75
X-3286,FLJ42280,401388.0,Amp5,5.98
X-3286,FLJ42709,441094.0,Del0.8,0.73
X-3286,FMNL3,91010.0,Amp5,5.1
X-3286,FNBP4,23360.0,MutNovel,"M922I,0.509"
X-3286,FOXD4,2298.0,Del0.8,0.77
X-3286,FOXJ2,55810.0,Amp5,5.35
X-3286,FUNDC2P2,388965.0,Amp5,5.9
X-3286,FUT4,2526.0,Del0.8,0.78
X-3286,FZD3,7976.0,Del0.8,0.77
X-3286,GABARAPL1,23710.0,Amp5,6.82
X-3286,GAL,51083.0,Amp5,5.1
X-3286,GALNT6,11226.0,Amp5,5.1
X-3286,GATA4,2626.0,Del0.8,0.78
X-3286,GDEP,118425.0,Del0.8,0.74
X-3286,GDF11,10220.0,Amp5,5.1
X-3286,GDPD5,81544.0,Amp5,5.28
X-3286,GGCX,2677.0,Amp5,5.9
X-3286,GK2,2712.0,Del0.8,0.74
X-3286,GLDC,2731.0,Del0.8,0.8
X-3286,GLDN,342035.0,Del0.8,0.76
X-3286,GLI1,2735.0,Amp5,5.1
X-3286,GLIS3,169792.0,Del0.8,0.78
X-3286,GLIS3-AS1,84850.0,Del0.8,0.78
X-3286,GLRX,2745.0,Del0.8,0.73
X-3286,GLS2,27165.0,Amp5,5.1
X-3286,GLYCAM1,644076.0,Amp5,5.1
X-3286,GNB5,10681.0,Del0.8,0.76
X-3286,GNG11,2791.0,Amp5,5.98
X-3286,GNGT1,2792.0,Amp5,5.98
X-3286,GNLY,10578.0,Amp5,5.9
X-3286,GOLGA2P2Y,84559.0,Del0.8,0.26
X-3286,GOLGA2P2Y,84559.0,Del0.8,0.26
X-3286,GPD1,2819.0,Amp5,5.1
X-3286,GPR137C,283554.0,MutNovel,"S27V,1.000"
X-3286,GPR150,285601.0,Del0.8,0.73
X-3286,GPR182,11318.0,Amp5,5.1
X-3286,GPR19,2842.0,Amp5,6.82
X-3286,GPR83,10888.0,Del0.8,0.78
X-3286,GPR84,53831.0,Amp5,5.1
X-3286,GPR98,84059.0,Del0.8,0.71
X-3286,GPRC5A,9052.0,Amp5,6.82
X-3286,GPRC5D,55507.0,Amp5,6.82
X-3286,GPRIN3,285513.0,Del0.8,0.76
X-3286,GRAP,10750.0,Del0.8,0.65
X-3286,GRAPL,400581.0,Del0.8,0.65
X-3286,GRASP,160622.0,Amp5,5.1
X-3286,GRIPAP1,56850.0,MutNovel,"D570V,1.000"
X-3286,GRP,2922.0,Del0.8,0.78
X-3286,GSG1,83445.0,Amp5,6.82
X-3286,GTSF1,121355.0,Amp5,5.1
X-3286,GXYLT1,283464.0,Amp5,7.01
X-3286,GYG2P1,352887.0,Del0.8,0.26
X-3286,H1FNT,341567.0,Amp5,7.01
X-3286,HAPLN1,1404.0,Del0.8,0.74
X-3286,HAS2,3037.0,Del0.8,0.75
X-3286,HAS2-AS1,594842.0,Del0.8,0.75
X-3286,HDAC7,51564.0,Amp5,7.01
X-3286,HEATR7B1,,MutNovel,"G662V,1.000"
X-3286,HEBP1,50865.0,Amp5,6.82
X-3286,HELQ,113510.0,Del0.8,0.74
X-3286,HEPACAM2,253012.0,Amp5,5.98
X-3286,HERC2,8924.0,MutNovel,"V2532M,0.375"
X-3286,HERC3,8916.0,Del0.8,0.76
X-3286,HERC5,51191.0,Del0.8,0.76
X-3286,HERC6,55008.0,Del0.8,0.76
X-3286,HIGD1C,613227.0,Amp5,5.1
X-3286,HIPK3,10114.0,MutNovel,"E37D,0.235"
X-3286,HLA-DPB1,3115.0,MutNovel,"F74Y,0.280"
X-3286,HLA-DRB5,3127.0,MutNovel,"R218S,0.364"
X-3286,HMCN1,83872.0,MutNovel,"R3964K,0.750"
X-3286,HMSD,284293.0,Del0.8,0.76
X-3286,HNRNPA1,3178.0,Amp5,5.1
X-3286,HNRNPD,3184.0,Del0.8,0.74
X-3286,HNRPDL,9987.0,Del0.8,0.74
X-3286,HOMER1,9456.0,Del0.8,0.73
X-3286,HOTAIR,100124700.0,Amp5,5.1
X-3286,HOXC10,3226.0,Amp5,5.1
X-3286,HOXC11,3227.0,Amp5,5.1
X-3286,HOXC12,3228.0,Amp5,5.1
X-3286,HOXC13,3229.0,Amp5,5.1
X-3286,HOXC4,3221.0,Amp5,5.1
X-3286,HOXC5,3222.0,Amp5,5.1
X-3286,HOXC6,3223.0,Amp5,5.1
X-3286,HOXC8,3224.0,Amp5,5.1
X-3286,HOXC9,3225.0,Amp5,5.1
X-3286,HPSE,10855.0,Del0.8,0.74
X-3286,HSD17B11,51170.0,Del0.8,0.74
X-3286,HSD17B13,345275.0,Del0.8,0.74
X-3286,HSD17B6,8630.0,Amp5,5.1
X-3286,HSFY2,159119.0,Del0.8,0.26
X-3286,HSFY2,159119.0,Del0.8,0.26
X-3286,HSP90AB3P,3327.0,Del0.8,0.76
X-3286,HSPA13,6782.0,Amp5,5.21
X-3286,HSPG2,3339.0,MutNovel,"P3604A,1.000"
X-3286,HTR7P1,93164.0,Amp5,6.82
X-3286,HTT,3064.0,MutNovel,"R1268H,1.000"
X-3286,IBSP,3381.0,Del0.8,0.76
X-3286,IDS,3423.0,MutNovel,"T355N,1.000"
X-3286,IFNA1,3439.0,Del0.8,0.78
X-3286,IFNA10,3446.0,Del0.8,0.76
X-3286,IFNA13,3447.0,Del0.8,0.78
X-3286,IFNA14,3448.0,Del0.8,0.76
X-3286,IFNA16,3449.0,Del0.8,0.76
X-3286,IFNA17,3451.0,Del0.8,0.76
X-3286,IFNA2,3440.0,Del0.8,0.78
X-3286,IFNA21,3452.0,Del0.8,0.76
X-3286,IFNA22P,3453.0,Del0.8,0.76
X-3286,IFNA4,3441.0,Del0.8,0.76
X-3286,IFNA5,3442.0,Del0.8,0.78
X-3286,IFNA6,3443.0,Del0.8,0.78
X-3286,IFNA7,3444.0,Del0.8,0.76
X-3286,IFNA8,3445.0,Del0.8,0.78
X-3286,IFNB1,3456.0,Del0.8,0.76
X-3286,IFNE,338376.0,Del0.8,0.78
X-3286,IFNW1,3467.0,Del0.8,0.76
X-3286,IGFBP6,3489.0,Amp5,5.1
X-3286,IGHMBP2,3508.0,MutKnownFunctional,"-118,0.377"
X-3286,IGHMBP2,3508.0,Amp5,5.1
X-3286,IKZF4,64375.0,Amp5,5.1
X-3286,IL23A,51561.0,Amp5,5.1
X-3286,IL33,90865.0,Del0.8,0.8
X-3286,IMMT,10989.0,Amp5,7.57
X-3286,INHBC,3626.0,Amp5,5.1
X-3286,INHBE,83729.0,Amp5,5.1
X-3286,INSL4,3641.0,Del0.8,0.8
X-3286,INSL6,11172.0,Del0.8,0.8
X-3286,INTS4,92105.0,MutKnownFunctional,"Q254*,0.238"
X-3286,INTU,27152.0,MutNovel,"L873F,1.000"
X-3286,IRAK4,51135.0,Amp5,7.01
X-3286,ITGA5,3678.0,Amp5,5.1
X-3286,ITGA7,3679.0,Amp5,5.1
X-3286,ITGA8,8516.0,Amp5,5.9
X-3286,ITGB7,3695.0,Amp5,5.1
X-3286,ITM2B,9445.0,MutNovel,"W53C,0.300"
X-3286,JAK2,3717.0,Del0.8,0.58
X-3286,JMY,133746.0,Del0.8,0.73
X-3286,KANSL2,54934.0,Amp5,5.1
X-3286,KCMF1,56888.0,Amp5,5.9
X-3286,KCNH3,23416.0,Amp5,5.1
X-3286,KCNV2,169522.0,Del0.8,0.79
X-3286,KCTD1,284252.0,Amp8,10.13
X-3286,KDM1B,221656.0,Amp5,5.58
X-3286,KDM3A,55818.0,Amp5,7.57
X-3286,KDM4C,23081.0,Del0.8,0.8
X-3286,KDM4D,55693.0,Del0.8,0.78
X-3286,KDM5D,8284.0,Del0.8,0.26
X-3286,KDSR,2531.0,Del0.8,0.76
X-3286,KIAA0020,9933.0,Del0.8,0.79
X-3286,KIAA0125,9834.0,Amp5,5.7
X-3286,KIAA0586,9786.0,MutNovel,"L608R,1.000"
X-3286,KIAA0825,285600.0,Del0.8,0.73
X-3286,KIAA1239,57495.0,Del0.8,0.74
X-3286,KIAA1279,26128.0,MutNovel,"V423F,0.284"
X-3286,KIAA1377,57562.0,Del0.8,0.78
X-3286,KIAA1432,57589.0,Del0.8,0.8
X-3286,KIAA1467,57613.0,Amp5,6.82
X-3286,KIAA1468,57614.0,Del0.8,0.78
X-3286,KIAA2026,158358.0,Del0.8,0.8
X-3286,KIF20B,9585.0,MutNovel,"L1062LKV,0.571"
X-3286,KIF21A,55605.0,Amp5,5.5
X-3286,KIF5A,3798.0,Amp5,5.1
X-3286,KL,9365.0,Del0.8,0.78
X-3286,KLB,152831.0,Del0.8,0.74
X-3286,KLF3,51274.0,Del0.8,0.74
X-3286,KLHDC9,126823.0,Amp5,5.58
X-3286,KLHL35,283212.0,Amp5,5.28
X-3286,KLHL5,51088.0,Del0.8,0.74
X-3286,KLHL8,57563.0,Del0.8,0.74
X-3286,KLHL9,55958.0,Del0.8,0.78
X-3286,KLRAP1,10748.0,Amp5,6.82
X-3286,KLRB1,3820.0,Amp5,6.82
X-3286,KLRC1,3821.0,Amp5,6.82
X-3286,KLRC2,3822.0,Amp5,6.82
X-3286,KLRC3,3823.0,Amp5,6.82
X-3286,KLRC4,8302.0,Amp5,6.82
X-3286,KLRC4-KLRK1,100528032.0,Amp5,6.82
X-3286,KLRD1,3824.0,Amp5,6.82
X-3286,KLRF1,51348.0,Amp5,6.82
X-3286,KLRF2,100431172.0,Amp5,6.82
X-3286,KLRG1,10219.0,Amp5,6.5
X-3286,KLRK1,22914.0,Amp5,6.82
X-3286,KMO,8564.0,Amp5,6.36
X-3286,KRI1,65095.0,MutNovel,"P636A,0.610"
X-3286,KRT1,3848.0,Amp5,5.1
X-3286,KRT18,3875.0,Amp5,5.1
X-3286,KRT2,3849.0,Amp5,5.1
X-3286,KRT3,3850.0,Amp5,5.1
X-3286,KRT4,3851.0,Amp5,5.1
X-3286,KRT5,3852.0,Amp5,5.1
X-3286,KRT6A,3853.0,MutNovel,"G88R,0.697"
X-3286,KRT6A,3853.0,Amp5,5.1
X-3286,KRT6B,3854.0,Amp5,5.1
X-3286,KRT6C,286887.0,Amp5,5.1
X-3286,KRT7,3855.0,Amp5,5.1
X-3286,KRT71,112802.0,Amp5,5.1
X-3286,KRT72,140807.0,Amp5,5.1
X-3286,KRT73,319101.0,Amp5,5.1
X-3286,KRT74,121391.0,Amp5,5.1
X-3286,KRT75,9119.0,Amp5,5.1
X-3286,KRT76,51350.0,Amp5,5.1
X-3286,KRT77,374454.0,Amp5,5.1
X-3286,KRT78,196374.0,Amp5,5.1
X-3286,KRT79,338785.0,Amp5,5.1
X-3286,KRT8,3856.0,Amp5,5.1
X-3286,KRT80,144501.0,Amp5,5.1
X-3286,KRT81,3887.0,Amp5,5.1
X-3286,KRT82,3888.0,Amp5,5.1
X-3286,KRT83,3889.0,Amp5,5.1
X-3286,KRT84,3890.0,Amp5,5.1
X-3286,KRT85,3891.0,Amp5,5.1
X-3286,KRT86,3892.0,Amp5,5.1
X-3286,KSR1,8844.0,MutNovel,"W451S,0.438"
X-3286,LACRT,90070.0,Amp5,5.1
X-3286,LALBA,3906.0,Amp5,5.1
X-3286,LAMA3,3909.0,MutNovel,"D1955H,0.326"
X-3286,LARP4,113251.0,Amp5,5.1
X-3286,LCE3B,353143.0,Del0.8,0.31
X-3286,LCE3C,353144.0,Del0.8,0.31
X-3286,LEO1,123169.0,MutNovel,"R250K,1.000"
X-3286,LEO1,123169.0,Del0.8,0.76
X-3286,LEPREL2,10536.0,MutNovel,"Q35E,0.778"
X-3286,LETMD1,25875.0,Amp5,5.1
X-3286,LIAS,11019.0,Del0.8,0.74
X-3286,LIMA1,51474.0,Amp5,5.1
X-3286,LIMCH1,22998.0,Del0.8,0.74
X-3286,LIN54,132660.0,Del0.8,0.74
X-3286,LIN7A,8825.0,Del0.8,0.78
X-3286,LINC00208,83655.0,Del0.8,0.78
X-3286,LINC00226,338004.0,Amp5,5.7
X-3286,LINC00305,221241.0,Del0.8,0.8
X-3286,LINC00320,387486.0,Amp5,6.11
X-3286,LINC00461,645323.0,Del0.8,0.71
X-3286,LINC00478,388815.0,Amp5,5.21
X-3286,LIX1,167410.0,Del0.8,0.73
X-3286,LMAN1,3998.0,Del0.8,0.78
X-3286,LMBR1L,55716.0,Amp5,5.1
X-3286,LMTK2,22853.0,Amp5,5.7
X-3286,LNPEP,4012.0,Del0.8,0.73
X-3286,LOC100128098,100128098.0,Amp5,5.9
X-3286,LOC100129213,100129213.0,Amp5,5.9
X-3286,LOC100130776,100130776.0,Amp5,5.1
X-3286,LOC100131067,100131067.0,Del0.8,0.74
X-3286,LOC100132396,100132396.0,Del0.8,0.7
X-3286,LOC100132731,,MutNovel,"V573M,1.000"
X-3286,LOC100192204,100192204.0,Amp5,5.9
X-3286,LOC100240734,100240734.0,Amp5,5.1
X-3286,LOC100240735,100240735.0,Amp5,5.1
X-3286,LOC100287225,100287225.0,Del0.8,0.79
X-3286,LOC100289230,100289230.0,Del0.8,0.75
X-3286,LOC100335030,100335030.0,Amp5,5.1
X-3286,LOC100499405,100499405.0,Amp5,6.5
X-3286,LOC100505474,100505474.0,Del0.8,0.78
X-3286,LOC100505549,100505549.0,Del0.8,0.78
X-3286,LOC100505702,100505702.0,Del0.8,0.74
X-3286,LOC100505875,100505875.0,Del0.8,0.74
X-3286,LOC100506035,100506035.0,Del0.8,0.74
X-3286,LOC100506136,100506136.0,Amp5,5.98
X-3286,LOC100506314,100506314.0,Amp5,6.82
X-3286,LOC100506746,100506746.0,Del0.8,0.74
X-3286,LOC100506844,100506844.0,Amp5,5.1
X-3286,LOC100630918,100630918.0,Amp5,5.9
X-3286,LOC157273,157273.0,Del0.8,0.78
X-3286,LOC255411,255411.0,Amp5,5.1
X-3286,LOC283332,283332.0,Amp5,5.1
X-3286,LOC283335,283335.0,Amp5,5.1
X-3286,LOC283403,283403.0,Amp5,5.1
X-3286,LOC284294,284294.0,Del0.8,0.8
X-3286,LOC284950,284950.0,Amp5,5.9
X-3286,LOC338817,338817.0,Amp5,6.82
X-3286,LOC344967,344967.0,Del0.8,0.74
X-3286,LOC374443,374443.0,Amp5,6.82
X-3286,LOC389634,389634.0,Amp5,5.35
X-3286,LOC390858,390858.0,Del0.8,0.78
X-3286,LOC392196,392196.0,Del0.8,0.78
X-3286,LOC400027,400027.0,Amp5,7.01
X-3286,LOC400043,400043.0,Amp5,5.1
X-3286,LOC400654,400654.0,Del0.8,0.8
X-3286,LOC401127,401127.0,Del0.8,0.74
X-3286,LOC642846,642846.0,Amp5,6.5
X-3286,LOC643037,643037.0,Del0.8,0.78
X-3286,LOC643733,643733.0,Del0.8,0.77
X-3286,LOC644248,644248.0,Del0.8,0.75
X-3286,LOC644936,644936.0,Del0.8,0.37
X-3286,LOC728377,728377.0,Amp8,9.45
X-3286,LOC728606,728606.0,Amp8,10.13
X-3286,LOC81691,81691.0,MutNovel,"P631I,0.784"
X-3286,LOC90784,90784.0,Amp5,7.57
X-3286,LOH12CR1,118426.0,Amp5,6.82
X-3286,LOH12CR2,503693.0,Amp5,6.82
X-3286,LRIG3,121227.0,Amp5,5.1
X-3286,LRP1,4035.0,Amp5,5.1
X-3286,LRP5,4041.0,Amp5,5.1
X-3286,LRP6,4040.0,Amp5,6.82
X-3286,LRRC32,2615.0,Amp8,11.79
X-3286,LRRC37A,9884.0,MutNovel,"S1121R,1.000"
X-3286,LRRC55,219527.0,MutKnownFunctional,"W48*,0.571"
X-3286,LRRCC1,85444.0,MutNovel,"D731G,0.455"
X-3286,LRRK2,120892.0,Amp5,5.5
X-3286,LSR,51599.0,MutNovel,"G518GR,0.305"
X-3286,LYSMD2,256586.0,Del0.8,0.76
X-3286,LYSMD3,116068.0,Del0.8,0.71
X-3286,M6PR,4074.0,Amp5,6.5
X-3286,MAGOHB,55110.0,Amp5,6.82
X-3286,MAL2,114569.0,Del0.8,0.75
X-3286,MALT1,10892.0,Del0.8,0.78
X-3286,MANSC1,54682.0,Amp5,6.82
X-3286,MAP1LC3C,440738.0,Amp5,6.36
X-3286,MAP3K12,7786.0,Amp5,5.1
X-3286,MAP3K4,4216.0,MutKnownFunctional,"-175?,0.250"
X-3286,MAP6,4135.0,Amp5,7.89
X-3286,MAPK10,5602.0,Del0.8,0.74
X-3286,MAPK6,5597.0,Del0.8,0.76
X-3286,2014-03-09 00:00:00,92979.0,Amp5,5.1
X-3286,MARS,4141.0,Amp5,5.1
X-3286,MAT2A,4144.0,Amp5,5.9
X-3286,MBD2,8932.0,Del0.8,0.78
X-3286,MBD6,114785.0,Amp5,5.1
X-3286,MBLAC2,153364.0,Del0.8,0.71
X-3286,MC4R,4160.0,Del0.8,0.78
X-3286,MCF2L2,23101.0,MutNovel,"H363D,0.667"
X-3286,MCRS1,10445.0,Amp5,5.1
X-3286,MCTP1,79772.0,Del0.8,0.73
X-3286,MED30,90390.0,Del0.8,0.75
X-3286,MEF2C,4208.0,Del0.8,0.71
X-3286,MEGF8,1954.0,MutNovel,"A2577D,0.750"
X-3286,MEPE,56955.0,Del0.8,0.76
X-3286,METTL1,4234.0,Amp5,5.1
X-3286,METTL21B,25895.0,Amp5,5.1
X-3286,METTL7A,25840.0,Amp5,5.1
X-3286,METTL7B,196410.0,Amp5,5.1
X-3286,MEX3C,51320.0,Del0.8,0.79
X-3286,MFAP5,8076.0,Amp5,6.5
X-3286,MFHAS1,9258.0,Del0.8,0.78
X-3286,MFSD4,148808.0,MutNovel,"C250R,0.455"
X-3286,MFSD5,84975.0,Amp5,5.1
X-3286,MGAT4C,25834.0,Del0.8,0.66
X-3286,MGC21881,389741.0,Del0.8,0.59
X-3286,MGC72080,389538.0,Amp5,5.7
X-3286,MIP,4284.0,Amp5,5.1
X-3286,MIR101-2,406894.0,Del0.8,0.78
X-3286,MIR122,406906.0,Del0.8,0.78
X-3286,MIR1228,100302201.0,Amp5,5.1
X-3286,MIR124-1,406907.0,Del0.8,0.78
X-3286,MIR1244-1,100302285.0,Amp5,6.5
X-3286,MIR1244-1,100302285.0,Amp5,6.82
X-3286,MIR1252,100302136.0,Del0.8,0.78
X-3286,MIR125B2,406912.0,Amp5,5.21
X-3286,MIR1266,100302202.0,Del0.8,0.76
X-3286,MIR1278,100302163.0,Amp5,7.01
X-3286,MIR1293,100302220.0,Amp5,5.1
X-3286,MIR1322,100302166.0,Del0.8,0.78
X-3286,MIR148B,442892.0,Amp5,5.1
X-3286,MIR196A2,406973.0,Amp5,5.1
X-3286,MIR2277,100313887.0,Del0.8,0.73
X-3286,MIR26A2,407016.0,Amp5,5.1
X-3286,MIR302F,100302131.0,Amp5,6.28
X-3286,MIR31,407035.0,Del0.8,0.78
X-3286,MIR3123,100422856.0,Amp5,6.36
X-3286,MIR3198-2,100616400.0,Amp5,5.1
X-3286,MIR31HG,554202.0,Del0.8,0.78
X-3286,MIR3591,100616357.0,Del0.8,0.78
X-3286,MIR3607,100500805.0,Del0.8,0.74
X-3286,MIR3609,100500819.0,Amp5,5.7
X-3286,MIR3610,100500914.0,Del0.8,0.75
X-3286,MIR3622A,100500858.0,Del0.8,0.77
X-3286,MIR3622B,100500871.0,Del0.8,0.77
X-3286,MIR3660,100500825.0,Del0.8,0.71
X-3286,MIR3664,100500844.0,Amp5,5.1
X-3286,MIR3920,100500823.0,Del0.8,0.78
X-3286,MIR3977,100616297.0,Del0.8,0.74
X-3286,MIR4280,100422887.0,Del0.8,0.74
X-3286,MIR4287,100422828.0,Del0.8,0.77
X-3286,MIR4288,100422903.0,Del0.8,0.77
X-3286,MIR4436A,100616399.0,Amp5,5.82
X-3286,MIR4451,100616349.0,Del0.8,0.74
X-3286,MIR4473,100616229.0,Del0.8,0.76
X-3286,MIR4474,100616441.0,Del0.8,0.76
X-3286,MIR4529,100616290.0,Del0.8,0.78
X-3286,MIR4652,100616206.0,Amp5,5.98
X-3286,MIR4660,100616350.0,Del0.8,0.78
X-3286,MIR4665,100616288.0,Del0.8,0.8
X-3286,MIR4677,100616343.0,Amp5,6.73
X-3286,MIR4693,100616457.0,Del0.8,0.77
X-3286,MIR4698,100616486.0,Amp5,7.01
X-3286,MIR4699,100616133.0,Del0.8,0.78
X-3286,MIR4701,100616262.0,Amp5,5.1
X-3286,MIR4713,100616369.0,Del0.8,0.76
X-3286,MIR4779,100616159.0,Amp5,7.57
X-3286,MIR4801,100616435.0,Del0.8,0.74
X-3286,MIR4802,100616274.0,Del0.8,0.74
X-3286,MIR489,574442.0,Amp5,5.98
X-3286,MIR491,574444.0,Del0.8,0.76
X-3286,MIR511-1,574445.0,Amp5,5.9
X-3286,MIR548A1,693125.0,Amp5,5.86
X-3286,MIR548F5,100302239.0,Del0.8,0.78
X-3286,MIR548K,100313770.0,Amp5,5.1
X-3286,MIR574,693159.0,Del0.8,0.74
X-3286,MIR575,693160.0,Del0.8,0.74
X-3286,MIR583,693168.0,Del0.8,0.73
X-3286,MIR591,693176.0,Amp5,5.98
X-3286,MIR597,693182.0,Del0.8,0.78
X-3286,MIR598,693183.0,Del0.8,0.78
X-3286,MIR613,693198.0,Amp5,6.82
X-3286,MIR614,693199.0,Amp5,6.82
X-3286,MIR615,693200.0,Amp5,5.1
X-3286,MIR617,693202.0,Del0.8,0.78
X-3286,MIR618,693203.0,Del0.8,0.78
X-3286,MIR653,724023.0,Amp5,5.98
X-3286,MIR9-2,407047.0,Del0.8,0.71
X-3286,MIR99A,407055.0,Amp5,5.21
X-3286,MIRLET7C,406885.0,Amp5,5.21
X-3286,MKRN9P,400058.0,Del0.8,0.8
X-3286,MLANA,2315.0,Del0.8,0.8
X-3286,MLL2,8085.0,Amp5,5.1
X-3286,MLLT3,4300.0,Del0.8,0.76
X-3286,MMP1,4312.0,Del0.8,0.77
X-3286,MMP10,4319.0,Del0.8,0.77
X-3286,MMP12,4321.0,Del0.8,0.77
X-3286,MMP13,4322.0,Del0.8,0.77
X-3286,MMP19,4327.0,Amp5,5.1
X-3286,MMP20,9313.0,Del0.8,0.77
X-3286,MMP27,64066.0,Del0.8,0.77
X-3286,MMP3,4314.0,Del0.8,0.77
X-3286,MMP7,4316.0,Del0.8,0.77
X-3286,MMP8,4317.0,Del0.8,0.77
X-3286,MMRN1,22915.0,Del0.8,0.75
X-3286,MOGAT2,80168.0,Amp8,11.79
X-3286,MPRIP,23164.0,MutNovel,"TS178T,0.611"
X-3286,MRC1,4360.0,Amp5,5.9
X-3286,MRE11A,4361.0,Del0.8,0.78
X-3286,MRGPRD,116512.0,Amp5,5.1
X-3286,MRGPRF,116535.0,Amp5,5.1
X-3286,MRPL13,28998.0,Del0.8,0.75
X-3286,MRPL21,219927.0,Amp5,5.1
X-3286,MRPL35,51318.0,Amp5,7.57
X-3286,MRPS18C,51023.0,Del0.8,0.74
X-3286,MSH3,4437.0,Del0.8,0.71
X-3286,MSRA,4482.0,Del0.8,0.78
X-3286,MTAP,4507.0,Del0.8,0.78
X-3286,MTBP,27085.0,Del0.8,0.75
X-3286,MTIF2,4528.0,MutNovel,"A410T,0.304"
X-3286,MTL5,9633.0,Amp5,5.1
X-3286,MTMR2,8898.0,Del0.8,0.78
X-3286,MTMR8,55613.0,MutNovel,"V177I,1.000"
X-3286,MTMR9,66036.0,Del0.8,0.78
X-3286,MTRNR2L2,100462981.0,Del0.8,0.71
X-3286,MTX3,345778.0,Del0.8,0.32
X-3286,MUCL1,118430.0,Amp5,5.1
X-3286,MYEOV,26579.0,Amp5,5.1
X-3286,MYF5,4617.0,Del0.8,0.78
X-3286,MYF6,4618.0,Del0.8,0.78
X-3286,MYL6,4637.0,Amp5,5.1
X-3286,MYL6B,140465.0,Amp5,5.1
X-3286,MYO1A,4640.0,Amp5,5.1
X-3286,MYO5A,4644.0,Del0.8,0.76
X-3286,MYO5C,55930.0,Del0.8,0.76
X-3286,N4BP2,55728.0,Del0.8,0.74
X-3286,NAA11,84779.0,Del0.8,0.74
X-3286,NAB2,4665.0,Amp5,5.1
X-3286,NACA,4666.0,Amp5,5.1
X-3286,NAF1,92345.0,MutNovel,"A380S,0.333"
X-3286,NAP1L1,4673.0,Del0.8,0.78
X-3286,NAP1L5,266812.0,Del0.8,0.76
X-3286,NARS,4677.0,Del0.8,0.78
X-3286,NAV3,89795.0,Del0.8,0.78
X-3286,NBEA,26960.0,Del0.8,0.78
X-3286,NBPF22P,285622.0,Del0.8,0.74
X-3286,NCKAP1L,3071.0,Amp5,5.1
X-3286,NCKAP5L,57701.0,MutNovel,"G348V,0.740"
X-3286,NCKAP5L,57701.0,Amp5,5.1
X-3286,NCOA3,8202.0,MutNovel,"H205Y,0.259"
X-3286,NCOA3,8202.0,MutNovel,"Q1255-,0.270"
X-3286,NCOR2,9612.0,MutNovel,"G1839GAAA,0.231"
X-3286,NCRNA00185,55410.0,Del0.8,0.26
X-3286,NDUFA4L2,56901.0,Amp5,5.1
X-3286,NDUFAF6,,MutNovel,"Q290H,0.524"
X-3286,NDUFS2,4720.0,Amp5,5.58
X-3286,NECAP1,25977.0,Amp5,5.35
X-3286,NEDD4L,23327.0,Del0.8,0.78
X-3286,NEIL2,252969.0,Del0.8,0.78
X-3286,NELL2,4753.0,Amp5,7.01
X-3286,NEUROD4,58158.0,Amp5,5.1
X-3286,NFE2,4778.0,Amp5,5.1
X-3286,NFX1,4799.0,MutNovel,"N103S,0.342"
X-3286,NHLRC1,378884.0,Amp5,5.58
X-3286,NIT1,4817.0,Amp5,5.58
X-3286,NKX6-1,4825.0,Del0.8,0.74
X-3286,NLGN4Y,22829.0,Del0.8,0.26
X-3286,NMT2,9397.0,Amp5,5.9
X-3286,NOL10,79954.0,MutNovel,"A176T,1.000"
X-3286,NOL6,65083.0,MutNovel,"P145H,0.412"
X-3286,NOTCH2NL,388677.0,MutNovel,"R198Q,0.209"
X-3286,NOV,4856.0,Del0.8,0.75
X-3286,NPFF,8620.0,Amp5,5.1
X-3286,NPTX2,4885.0,Amp5,5.7
X-3286,NR1I3,9970.0,Amp5,5.58
X-3286,NR2F1,7025.0,Del0.8,0.73
X-3286,NR4A1,3164.0,Amp5,5.1
X-3286,NRD1,4898.0,MutNovel,"Q260E,0.263"
X-3286,NRG1,3084.0,Amp5,5.28
X-3286,NRIP1,8204.0,Amp5,5.21
X-3286,NSUN6,221078.0,Amp5,5.9
X-3286,NSUN7,79730.0,Del0.8,0.74
X-3286,NUDT9,53343.0,Del0.8,0.74
X-3286,NUP160,23279.0,MutNovel,"A70P,0.206"
X-3286,NUP205,23165.0,MutNovel,"L1037V,0.215"
X-3286,NXPH4,11247.0,Amp5,5.1
X-3286,OCM2,4951.0,Amp5,5.7
X-3286,OLAH,55301.0,Amp5,5.28
X-3286,OLR1,4973.0,Amp5,6.82
X-3286,ONECUT2,9480.0,Del0.8,0.78
X-3286,OPN3,23596.0,Amp5,6.36
X-3286,OR10A7,121364.0,Amp5,5.1
X-3286,OR10AD1,121275.0,Amp5,7.01
X-3286,OR10P1,121130.0,Amp5,5.1
X-3286,OR11H12,440153.0,Amp5,5.86
X-3286,OR2A42,402317.0,Amp8,9.45
X-3286,OR2A42,402317.0,Amp8,9.45
X-3286,OR2A7,401427.0,Amp8,9.45
X-3286,OR2A9P,441295.0,Amp8,9.45
X-3286,OR2A9P,441295.0,Amp8,9.45
X-3286,OR2T10,127069.0,Amp5,5.74
X-3286,OR2T11,127077.0,Amp5,5.74
X-3286,OR2T34,127068.0,Amp5,5.74
X-3286,OR2T35,403244.0,Amp5,5.74
X-3286,OR4C6,219432.0,Del0.8,0.38
X-3286,OR4K1,79544.0,Amp8,10.85
X-3286,OR4K2,390431.0,Amp8,10.85
X-3286,OR4K5,79317.0,Amp8,10.85
X-3286,OR4M1,441670.0,Amp8,10.85
X-3286,OR4N2,390429.0,Amp8,10.85
X-3286,OR4P4,81300.0,Del0.8,0.38
X-3286,OR4Q3,441669.0,Amp8,10.85
X-3286,OR4S2,219431.0,Del0.8,0.38
X-3286,OR52N1,79473.0,Del0.8,0.48
X-3286,OR52N5,390075.0,Del0.8,0.17
X-3286,OR6C1,390321.0,Amp5,5.1
X-3286,OR6C2,341416.0,Amp5,5.1
X-3286,OR6C3,254786.0,Amp5,5.1
X-3286,OR6C4,341418.0,Amp5,5.1
X-3286,OR6C6,283365.0,Amp5,5.1
X-3286,OR6C65,403282.0,Amp5,5.1
X-3286,OR6C68,403284.0,Amp5,5.1
X-3286,OR6C70,390327.0,Amp5,5.1
X-3286,OR6C74,254783.0,Amp5,5.1
X-3286,OR6C75,390323.0,Amp5,5.1
X-3286,OR6C76,390326.0,Amp5,5.1
X-3286,OR8S1,341568.0,Amp5,5.1
X-3286,OR9K2,441639.0,Amp5,5.1
X-3286,ORAI1,84876.0,MutNovel,"PP43-,0.450"
X-3286,ORAOV1,220064.0,Amp5,5.1
X-3286,ORMDL2,29095.0,Amp5,5.1
X-3286,OS9,10956.0,Amp5,5.1
X-3286,OSBPL11,114885.0,MutNovel,"W75L,0.333"
X-3286,OSBPL1A,114876.0,MutNovel,"G736A,0.222"
X-3286,OSBPL8,114882.0,Del0.8,0.78
X-3286,OTOGL,283310.0,Del0.8,0.78
X-3286,PA2G4,5036.0,Amp5,5.1
X-3286,PALM,5064.0,Del0.8,0.77
X-3286,PAN2,9924.0,Amp5,5.1
X-3286,PAPD4,167153.0,Del0.8,0.73
X-3286,PAQR3,152559.0,Del0.8,0.74
X-3286,PAWR,5074.0,Del0.8,0.78
X-3286,PBK,55872.0,Del0.8,0.77
X-3286,PCBP2,5094.0,Amp5,5.1
X-3286,PCDH11Y,83259.0,Del0.8,0.26
X-3286,PCDH7,5099.0,Del0.8,0.76
X-3286,PCDHB3,56132.0,MutNovel,"G594S,1.000"
X-3286,PCP4L1,654790.0,Amp5,5.58
X-3286,PCSK1,5122.0,Del0.8,0.73
X-3286,PDCD1LG2,80380.0,Del0.8,0.8
X-3286,PDE1B,5153.0,Amp5,5.1
X-3286,PDGFD,80310.0,Del0.8,0.77
X-3286,PDK4,5166.0,Amp5,5.98
X-3286,PDS5A,23244.0,Del0.8,0.74
X-3286,PDZRN4,29951.0,Amp5,7.01
X-3286,PEAK1,79834.0,MutNovel,"M1602V,0.333"
X-3286,PEG10,23089.0,Amp5,5.98
X-3286,PFDN2,5202.0,Amp5,5.58
X-3286,PFDN5,5204.0,Amp5,5.1
X-3286,PFKM,5213.0,Amp5,7.01
X-3286,PGLS,25796.0,MutNovel,"S14R,0.203"
X-3286,PGM2,55276.0,Del0.8,0.74
X-3286,PHC1,1911.0,Amp5,6.5
X-3286,PHF7,51533.0,MutNovel,"R92W,1.000"
X-3286,PHLDA1,22822.0,Del0.8,0.78
X-3286,PHLPP1,23239.0,Del0.8,0.78
X-3286,PHOX2B,8929.0,Del0.8,0.74
X-3286,PI4KA,5297.0,MutNovel,"F234V,0.500"
X-3286,PIGN,23556.0,Del0.8,0.78
X-3286,PIGY,84992.0,Del0.8,0.76
X-3286,PILRA,29992.0,MutNovel,"R85G,0.310"
X-3286,PINX1,54984.0,Del0.8,0.78
X-3286,PIP4K2C,79837.0,Amp5,5.1
X-3286,PITPNM1,9600.0,MutNovel,"D146N,0.233"
X-3286,PIWIL4,143689.0,Del0.8,0.78
X-3286,PKD2,5311.0,Del0.8,0.76
X-3286,PKM,,MutNovel,"G442R,0.516"
X-3286,PLAC8,51316.0,Del0.8,0.74
X-3286,PLD5,200150.0,Amp5,6.36
X-3286,PLEKHA6,22874.0,MutNovel,"T673A,1.000"
X-3286,PLEKHA8P1,51054.0,Amp5,7.01
X-3286,PLXDC2,84898.0,Amp5,5.35
X-3286,PMAIP1,5366.0,Del0.8,0.78
X-3286,PMEL,6490.0,Amp5,5.1
X-3286,PMM1,5372.0,MutNovel,"F227V,0.661"
X-3286,PNOC,5368.0,Del0.8,0.77
X-3286,POLI,11201.0,Del0.8,0.78
X-3286,POLK,51426.0,MutNovel,"G264E,0.526"
X-3286,POLR1A,25885.0,Amp5,7.57
X-3286,POLR2A,5430.0,MutNovel,"Y1947D,0.375"
X-3286,POLR3G,10622.0,Del0.8,0.71
X-3286,POM121L8P,29797.0,Del0.8,0.73
X-3286,PON1,5444.0,Amp5,5.98
X-3286,PON2,5445.0,Amp5,5.98
X-3286,PON3,5446.0,Amp5,5.98
X-3286,POTEF,728378.0,MutNovel,"E817V,1.000"
X-3286,POTEF,728378.0,MutNovel,"M771I,1.000"
X-3286,POTEG,404785.0,Amp5,5.86
X-3286,POTEJ,,MutNovel,"I738L,1.000"
X-3286,POTEM,641455.0,Amp5,5.86
X-3286,POU5F1P3,642559.0,Amp5,5.35
X-3286,POU5F2,134187.0,Del0.8,0.73
X-3286,POU6F1,5463.0,Amp5,5.1
X-3286,PPAPDC2,403313.0,Del0.8,0.78
X-3286,PPFIA1,8500.0,Amp5,5.1
X-3286,PPFIA2,8499.0,Del0.8,0.78
X-3286,PPHLN1,51535.0,Amp5,7.01
X-3286,PPM1K,152926.0,Del0.8,0.76
X-3286,PPOX,5498.0,Amp5,5.58
X-3286,PPP1R12A,4659.0,Del0.8,0.78
X-3286,PPP1R13B,23368.0,MutNovel,"C970R,0.260"
X-3286,PPP1R1A,5502.0,Amp5,5.1
X-3286,PPP1R26,9858.0,MutNovel,"R339-,0.305"
X-3286,PPP1R3B,79660.0,Del0.8,0.78
X-3286,PPP1R9A,55607.0,Amp5,5.98
X-3286,PPP2R3B,28227.0,MutNovel,"R804H,0.524"
X-3286,PPP6R3,55291.0,Amp5,5.1
X-3286,PRB1,5542.0,Amp5,6.82
X-3286,PRB2,653247.0,Amp5,6.82
X-3286,PRB3,5544.0,Amp5,6.82
X-3286,PRB4,5545.0,Amp5,6.82
X-3286,PRDM8,56978.0,Del0.8,0.74
X-3286,PRH1,5554.0,Amp5,6.82
X-3286,PRH1-PRR4,100533464.0,Amp5,6.82
X-3286,PRH2,5555.0,Amp5,6.82
X-3286,PRICKLE1,144165.0,Amp5,7.01
X-3286,PRIM1,5557.0,Amp5,5.1
X-3286,PRKAG1,5571.0,Amp5,5.1
X-3286,PRKG2,5593.0,Del0.8,0.74
X-3286,PRKRIR,5612.0,Amp8,11.79
X-3286,PRKY,5616.0,Del0.8,0.26
X-3286,PRMT2,3275.0,Del0.8,0.73
X-3286,PRPF40B,25766.0,Amp5,5.1
X-3286,PRPH,5630.0,Amp5,5.1
X-3286,PRR13,54458.0,Amp5,5.1
X-3286,PRR14L,253143.0,MutNovel,"R401W,1.000"
X-3286,PRR4,11272.0,Amp5,6.82
X-3286,PRSS55,203074.0,Del0.8,0.78
X-3286,PRSS56,646960.0,MutNovel,"P599A,0.800"
X-3286,PRY,9081.0,Del0.8,0.26
X-3286,PRY,9081.0,Del0.8,0.26
X-3286,PRY2,442862.0,Del0.8,0.26
X-3286,PRY2,442862.0,Del0.8,0.26
X-3286,PSMA8,143471.0,Amp8,10.13
X-3286,PTCD3,55037.0,Amp5,7.57
X-3286,PTER,9317.0,Amp5,5.9
X-3286,PTGES3,10728.0,Amp5,5.1
X-3286,PTK2B,2185.0,Del0.8,0.77
X-3286,PTPLA,9200.0,Amp5,5.9
X-3286,PTPLAD2,401494.0,Del0.8,0.76
X-3286,PTPN13,5783.0,Del0.8,0.74
X-3286,PTPRD,5789.0,Del0.8,0.8
X-3286,PTPRK,5796.0,MutNovel,"D441G,1.000"
X-3286,PTPRQ,374462.0,Del0.8,0.78
X-3286,PTTG2,10744.0,Del0.8,0.74
X-3286,PUS7L,83448.0,Amp5,7.01
X-3286,PVRL1,5818.0,MutNovel,"H408L,1.000"
X-3286,PVRL4,81607.0,Amp5,5.58
X-3286,PZP,5858.0,Amp5,6.5
X-3286,R3HDM2,22864.0,Amp5,5.1
X-3286,RAB27B,5874.0,Del0.8,0.78
X-3286,RAB5B,5869.0,Amp5,5.1
X-3286,RACGAP1,29127.0,Amp5,5.1
X-3286,RACGAP1P,83956.0,Amp5,7.01
X-3286,RAD21,5885.0,Del0.8,0.75
X-3286,RAD21-AS1,644660.0,Del0.8,0.75
X-3286,RANBP6,26953.0,Del0.8,0.8
X-3286,RAPGEF3,10411.0,Amp5,7.01
X-3286,RARG,5916.0,Amp5,5.1
X-3286,RASA1,5921.0,Del0.8,0.74
X-3286,RASGEF1B,153020.0,Del0.8,0.74
X-3286,RASGRF2,5924.0,Del0.8,0.74
X-3286,RAX,30062.0,Del0.8,0.78
X-3286,RBL2,5934.0,MutNovel,"R191W,0.526"
X-3286,RBM10,8241.0,MutNovel,"A553D,1.000"
X-3286,RBM11,54033.0,Amp5,5.21
X-3286,RBM47,54502.0,Del0.8,0.74
X-3286,RBMS2,5939.0,Amp5,5.1
X-3286,RBMY1A3P,286557.0,Del0.8,0.26
X-3286,RBMY1B,378948.0,Del0.8,0.26
X-3286,RBMY1B,378948.0,Del0.8,0.26
X-3286,RBMY1E,378950.0,Del0.8,0.26
X-3286,RBMY1E,378950.0,Del0.8,0.26
X-3286,RBMY1F,159163.0,Del0.8,0.26
X-3286,RBMY1F,159163.0,Del0.8,0.26
X-3286,RBMY1J,378951.0,Del0.8,0.26
X-3286,RBMY1J,378951.0,Del0.8,0.26
X-3286,RBMY2EP,159125.0,Del0.8,0.26
X-3286,RBMY2FP,159162.0,Del0.8,0.26
X-3286,RBMY3AP,64593.0,Del0.8,0.26
X-3286,RCL1,10171.0,Del0.8,0.78
X-3286,RDH16,8608.0,Amp5,5.1
X-3286,RDH5,5959.0,Amp5,5.1
X-3286,REEP1,65055.0,Amp5,7.57
X-3286,RELL1,768211.0,Del0.8,0.74
X-3286,REST,5978.0,MutNovel,"I747M,0.389"
X-3286,RETSAT,54884.0,Amp5,5.9
X-3286,REV3L,5980.0,MutNovel,"D2111-,0.538"
X-3286,RFC1,5981.0,Del0.8,0.74
X-3286,RFC3,5983.0,Del0.8,0.78
X-3286,RFESD,317671.0,Del0.8,0.73
X-3286,RFFL,117584.0,MutNovel,"P165S,0.233"
X-3286,RFX3,5991.0,Del0.8,0.78
X-3286,RGMB,285704.0,Del0.8,0.75
X-3286,RGS14,10636.0,MutNovel,"R70W,1.000"
X-3286,RHEBL1,121268.0,Amp5,5.1
X-3286,RHOBTB3,22836.0,Del0.8,0.73
X-3286,RHOH,399.0,Del0.8,0.74
X-3286,RIMKLB,57494.0,Amp5,6.5
X-3286,RIN3,79890.0,MutNovel,"G967-,0.560"
X-3286,RIOK2,55781.0,Del0.8,0.73
X-3286,RLN1,6013.0,Del0.8,0.8
X-3286,RLN2,6019.0,Del0.8,0.8
X-3286,RMND5A,64795.0,Amp5,7.57
X-3286,RND1,27289.0,Amp5,5.1
X-3286,RNF103,7844.0,Amp5,7.57
X-3286,RNF103-CHMP3,100526767.0,Amp5,7.57
X-3286,RNF144B,255488.0,Amp5,5.86
X-3286,RNF152,220441.0,Del0.8,0.78
X-3286,RNF181,51255.0,Amp5,5.9
X-3286,RNF41,10193.0,Amp5,5.1
X-3286,RNU5E-1,26829.0,Del0.8,0.74
X-3286,RNY5,6090.0,Amp5,7.01
X-3286,ROM1,6094.0,MutNovel,"Q181E,0.500"
X-3286,RP1L1,94137.0,Del0.8,0.78
X-3286,RPAP3,79657.0,Amp5,7.01
X-3286,RPL13AP20,387841.0,Amp5,6.82
X-3286,RPL41,6171.0,Amp5,5.1
X-3286,RPL9,6133.0,Del0.8,0.74
X-3286,RPP38,10557.0,Amp5,5.9
X-3286,RPS17L,,MutNovel,"P65Q,0.417"
X-3286,RPS23,6228.0,Del0.8,0.74
X-3286,RPS26,6231.0,Amp5,5.1
X-3286,RPS3,6188.0,Amp5,5.28
X-3286,RPS4Y1,6192.0,Del0.8,0.26
X-3286,RPS4Y2,140032.0,Del0.8,0.26
X-3286,RSU1,6251.0,Amp5,5.9
X-3286,S100A10,6281.0,MutNovel,"V89A,0.996"
X-3286,SAMD12,401474.0,Del0.8,0.75
X-3286,SAMD12-AS1,552860.0,Del0.8,0.75
X-3286,SAMD9,54809.0,Amp5,5.98
X-3286,SAMD9L,219285.0,Amp5,5.98
X-3286,SAMSN1,64092.0,Amp5,5.21
X-3286,SARNP,84324.0,Amp5,5.1
X-3286,SATB1,6304.0,MutNovel,"R42T,0.227"
X-3286,SCAF11,9169.0,Amp5,7.01
X-3286,SCARA3,51435.0,Del0.8,0.77
X-3286,SCARA5,286133.0,Del0.8,0.77
X-3286,SCARNA18,677765.0,Del0.8,0.74
X-3286,SCD5,79966.0,Del0.8,0.74
X-3286,SCG3,29106.0,Del0.8,0.76
X-3286,SCN8A,6334.0,Amp5,5.1
X-3286,SDCCAG8,10806.0,Amp5,6.73
X-3286,SDR9C7,121214.0,Amp5,5.1
X-3286,SEC11C,90701.0,Del0.8,0.78
X-3286,SEC31A,22872.0,Del0.8,0.74
X-3286,SEH1L,81929.0,MutNovel,"V387L,0.211"
X-3286,SENP1,29843.0,Amp5,7.01
X-3286,SERINC2,347735.0,MutNovel,"-373Q,0.510"
X-3286,SERINC5,256987.0,Del0.8,0.29
X-3286,SERPINB10,5273.0,Del0.8,0.76
X-3286,SERPINB11,89778.0,Del0.8,0.76
X-3286,SERPINB12,89777.0,Del0.8,0.76
X-3286,SERPINB13,5275.0,Del0.8,0.76
X-3286,SERPINB2,5055.0,Del0.8,0.76
X-3286,SERPINB3,6317.0,Del0.8,0.76
X-3286,SERPINB4,6318.0,Del0.8,0.76
X-3286,SERPINB5,5268.0,Del0.8,0.76
X-3286,SERPINB7,8710.0,Del0.8,0.76
X-3286,SERPINH1,871.0,Amp5,5.28
X-3286,SESN3,143686.0,Del0.8,0.78
X-3286,SFTPB,6439.0,Amp5,5.9
X-3286,SFTPD,6441.0,MutNovel,"G205W,0.356"
X-3286,SGCE,8910.0,Amp5,5.98
X-3286,SGK223,157285.0,Del0.8,0.78
X-3286,SH2D6,284948.0,Amp5,5.9
X-3286,SHFM1,7979.0,Amp5,5.98
X-3286,SHMT2,6472.0,Amp5,5.1
X-3286,SHROOM1,134549.0,MutNovel,"A90V,1.000"
X-3286,SIX4,51804.0,MutNovel,"I10S,1.000"
X-3286,SLC10A6,345274.0,Del0.8,0.74
X-3286,SLC11A2,4891.0,Amp5,5.1
X-3286,SLC16A7,9194.0,Amp5,5.1
X-3286,SLC1A1,6505.0,Del0.8,0.78
X-3286,SLC25A13,10165.0,Amp5,5.98
X-3286,SLC26A10,65012.0,Amp5,5.1
X-3286,SLC2A13,114134.0,Amp5,5.5
X-3286,SLC30A8,169026.0,Del0.8,0.75
X-3286,SLC30A9,10463.0,Del0.8,0.74
X-3286,SLC31A2,1318.0,MutNovel,"S129P,0.231"
X-3286,SLC35G5,83650.0,Del0.8,0.78
X-3286,SLC38A1,81539.0,Amp5,7.01
X-3286,SLC38A2,54407.0,Amp5,7.01
X-3286,SLC38A4,55089.0,Amp5,7.01
X-3286,SLC39A12,221074.0,Amp5,5.9
X-3286,SLC39A5,283375.0,Amp5,5.1
X-3286,SLC41A3,54946.0,MutNovel,"P384A,0.732"
X-3286,SLC48A1,55652.0,Amp5,7.01
X-3286,SLC4A8,9498.0,Amp5,5.1
X-3286,SLC9C1,,MutNovel,"R721C,1.000"
X-3286,SLIRP,81892.0,MutNovel,"E71G,0.982"
X-3286,SMAGP,57228.0,Amp5,5.1
X-3286,SMARCA2,6595.0,Del0.8,0.6
X-3286,SMARCA5,8467.0,MutNovel,"F105L,0.311"
X-3286,SMARCC2,6601.0,Amp5,5.1
X-3286,SMARCD1,6602.0,Amp5,5.1
X-3286,SMG1,23049.0,MutNovel,"T747R,1.000"
X-3286,SMUG1,23583.0,Amp5,5.1
X-3286,SMURF1,57154.0,Amp5,5.7
X-3286,SNCA,6622.0,Del0.8,0.75
X-3286,SNORA2A,677793.0,Amp5,5.1
X-3286,SNORA2B,677794.0,Amp5,5.1
X-3286,SNORA34,677815.0,Amp5,5.1
X-3286,SNORA37,677819.0,Del0.8,0.78
X-3286,SNORD15A,6079.0,Amp5,5.28
X-3286,SNORD15B,114599.0,Amp5,5.28
X-3286,SNORD49A,26800.0,Del0.8,0.79
X-3286,SNORD49B,692087.0,Del0.8,0.79
X-3286,SNORD59A,26789.0,Amp5,5.1
X-3286,SNORD59B,692090.0,Amp5,5.1
X-3286,SNORD65,692106.0,Del0.8,0.79
X-3286,SNORD94,692225.0,Amp5,7.57
X-3286,SNRNP200,23020.0,MutNovel,"T825R,0.296"
X-3286,SNTB1,6641.0,Del0.8,0.75
X-3286,SOAT2,8435.0,Amp5,5.1
X-3286,SORCS1,114815.0,MutNovel,"L77M,1.000"
X-3286,SOX7,83595.0,Del0.8,0.78
X-3286,SP1,6667.0,Amp5,5.1
X-3286,SP7,121340.0,Amp5,5.1
X-3286,SPAG11A,653423.0,Del0.8,0.7
X-3286,SPAG11B,10407.0,Del0.8,0.7
X-3286,SPAG11B,10407.0,Del0.8,0.7
X-3286,SPARCL1,8404.0,Del0.8,0.74
X-3286,SPATA9,83890.0,Del0.8,0.73
X-3286,SPATS2,65244.0,Amp5,5.1
X-3286,SPP1,6696.0,Del0.8,0.76
X-3286,SPPL2A,84888.0,Del0.8,0.76
X-3286,SPRYD3,84926.0,Amp5,5.1
X-3286,SPRYD4,283377.0,Amp5,5.1
X-3286,SPZ1,84654.0,Del0.8,0.37
X-3286,SRSF8,10929.0,Del0.8,0.78
X-3286,SRY,6736.0,Del0.8,0.26
X-3286,SS18,6760.0,Amp8,10.13
X-3286,SSBP2,23635.0,Del0.8,0.74
X-3286,ST3GAL5,8869.0,Amp5,5.9
X-3286,ST8SIA3,51046.0,Del0.8,0.78
X-3286,ST8SIA6,338596.0,Amp5,5.9
X-3286,STAC3,246329.0,Amp5,5.1
X-3286,STAM,8027.0,Amp5,5.9
X-3286,STARD13,90627.0,Del0.8,0.78
X-3286,STARD6,147323.0,Del0.8,0.78
X-3286,STAT2,6773.0,Amp5,5.1
X-3286,STAT6,6778.0,Amp5,5.1
X-3286,STMN4,81551.0,Del0.8,0.77
X-3286,STYK1,55359.0,Amp5,6.82
X-3286,SUCLG1,8802.0,Amp5,5.9
X-3286,SUOX,6821.0,Amp5,5.1
X-3286,SUV420H1,51111.0,Amp5,5.1
X-3286,SYT1,6857.0,Del0.8,0.78
X-3286,TAC1,6863.0,Amp5,6.19
X-3286,TAC3,6866.0,Amp5,5.1
X-3286,TADA2B,93624.0,MutNovel,"V357L,1.000"
X-3286,TAF2,6873.0,Del0.8,0.75
X-3286,TAF4B,6875.0,Amp8,10.13
X-3286,TARBP2,6895.0,Amp5,5.1
X-3286,TAS2R10,50839.0,Amp5,6.82
X-3286,TAS2R13,50838.0,Amp5,6.82
X-3286,TAS2R14,50840.0,Amp5,6.82
X-3286,TAS2R19,259294.0,Amp5,6.82
X-3286,TAS2R20,259295.0,Amp5,6.82
X-3286,TAS2R30,259293.0,Amp5,6.82
X-3286,TAS2R31,259290.0,Amp5,6.82
X-3286,TAS2R42,353164.0,Amp5,6.82
X-3286,TAS2R43,259289.0,Amp5,6.82
X-3286,TAS2R46,259292.0,Amp5,6.82
X-3286,TAS2R50,259296.0,Amp5,6.82
X-3286,TAS2R7,50837.0,Amp5,6.82
X-3286,TAS2R8,50836.0,Amp5,6.82
X-3286,TAS2R9,50835.0,Amp5,6.82
X-3286,TBC1D1,23216.0,Del0.8,0.74
X-3286,TBC1D22B,55633.0,MutNovel,"R397S,0.333"
X-3286,TBL1Y,90665.0,Del0.8,0.26
X-3286,TBP,6908.0,MutNovel,"-64Q,0.203"
X-3286,TCF4,6925.0,Del0.8,0.78
X-3286,TCF7L1,83439.0,Amp5,5.9
X-3286,TDH,157739.0,Del0.8,0.78
X-3286,TECPR1,25851.0,Amp5,5.7
X-3286,TENC1,23371.0,Amp5,5.1
X-3286,TFCP2,7024.0,Amp5,5.1
X-3286,TFPI2,7980.0,Amp5,5.98
X-3286,TGIF2LY,90655.0,Del0.8,0.26
X-3286,TGOLN2,10618.0,Amp5,5.9
X-3286,THAP9,79725.0,Del0.8,0.74
X-3286,THBS4,7060.0,Del0.8,0.26
X-3286,TIGD2,166815.0,Del0.8,0.76
X-3286,TIMELESS,8914.0,Amp5,5.1
X-3286,TLR1,7096.0,Del0.8,0.74
X-3286,TLR10,81793.0,Del0.8,0.74
X-3286,TLR6,10333.0,Del0.8,0.74
X-3286,TMBIM6,7009.0,Amp5,5.1
X-3286,TMEM106C,79022.0,Amp5,7.01
X-3286,TMEM117,84216.0,Amp5,7.01
X-3286,TMEM123,114908.0,Del0.8,0.77
X-3286,TMEM130,222865.0,Amp5,5.7
X-3286,TMEM150A,129303.0,Amp5,5.9
X-3286,TMEM150C,441027.0,Del0.8,0.74
X-3286,TMEM156,80008.0,Del0.8,0.74
X-3286,TMEM161B,153396.0,Del0.8,0.71
X-3286,TMEM167A,153339.0,Del0.8,0.74
X-3286,TMEM194A,23306.0,Amp5,5.1
X-3286,TMEM236,653567.0,Amp5,5.9
X-3286,TMEM33,55161.0,Del0.8,0.74
X-3286,TMOD2,29767.0,Del0.8,0.76
X-3286,TMOD3,29766.0,Del0.8,0.76
X-3286,TMPRSS12,283471.0,Amp5,5.1
X-3286,TMPRSS15,5651.0,Amp5,5.21
X-3286,TMSB10,9168.0,Amp5,5.9
X-3286,TMSB4Y,9087.0,Del0.8,0.26
X-3286,TMTC3,160418.0,Del0.8,0.8
X-3286,TNFAIP8L3,388121.0,Del0.8,0.76
X-3286,TNFRSF11A,8792.0,Del0.8,0.78
X-3286,TNFRSF11B,4982.0,Del0.8,0.75
X-3286,TNKS,8658.0,Del0.8,0.78
X-3286,TOMM40L,84134.0,Amp5,5.58
X-3286,TP53,7157.0,MutLikelyFunctional,"I195T,1.000"
X-3286,TP53BP1,7158.0,MutNovel,"S1293F,0.548"
X-3286,TPCN2,219931.0,Amp5,5.1
X-3286,TPD52L3,89882.0,Del0.8,0.8
X-3286,TPMT,7172.0,Amp5,5.58
X-3286,TRDMT1,1787.0,Amp5,5.9
X-3286,TRIM35,23087.0,Del0.8,0.77
X-3286,TROAP,10024.0,Amp5,5.1
X-3286,TRPC6,7225.0,Del0.8,0.78
X-3286,TRPM7,54822.0,Del0.8,0.76
X-3286,TRPV2,51393.0,Del0.8,0.79
X-3286,TRPV6,55503.0,MutNovel,"I482T,0.337"
X-3286,TRRAP,8295.0,Amp5,5.7
X-3286,TSFM,10102.0,Amp5,5.1
X-3286,TSKU,25987.0,Amp8,11.79
X-3286,TSPAN31,6302.0,Amp5,5.1
X-3286,TSPY1,7258.0,Del0.8,0.26
X-3286,TSPY2,64591.0,Del0.8,0.26
X-3286,TSPY3,728137.0,Del0.8,0.26
X-3286,TSPY4,728395.0,Del0.8,0.26
X-3286,TSPY8,728403.0,Del0.8,0.26
X-3286,TSTD1,100131187.0,Amp5,5.58
X-3286,TTC37,9652.0,Del0.8,0.73
X-3286,TTTY10,246119.0,Del0.8,0.26
X-3286,TTTY11,83866.0,Del0.8,0.26
X-3286,TTTY12,83867.0,Del0.8,0.26
X-3286,TTTY13,83868.0,Del0.8,0.26
X-3286,TTTY14,83869.0,Del0.8,0.26
X-3286,TTTY15,64595.0,Del0.8,0.26
X-3286,TTTY16,252948.0,Del0.8,0.26
X-3286,TTTY17A,252949.0,Del0.8,0.26
X-3286,TTTY17A,252949.0,Del0.8,0.26
X-3286,TTTY18,252950.0,Del0.8,0.26
X-3286,TTTY19,252952.0,Del0.8,0.26
X-3286,TTTY1B,100101116.0,Del0.8,0.26
X-3286,TTTY1B,100101116.0,Del0.8,0.26
X-3286,TTTY2,60439.0,Del0.8,0.26
X-3286,TTTY2,60439.0,Del0.8,0.26
X-3286,TTTY20,252951.0,Del0.8,0.26
X-3286,TTTY21,252953.0,Del0.8,0.26
X-3286,TTTY21,252953.0,Del0.8,0.26
X-3286,TTTY22,252954.0,Del0.8,0.26
X-3286,TTTY23,252955.0,Del0.8,0.26
X-3286,TTTY23,252955.0,Del0.8,0.26
X-3286,TTTY3,114760.0,Del0.8,0.26
X-3286,TTTY3,114760.0,Del0.8,0.26
X-3286,TTTY4,114761.0,Del0.8,0.26
X-3286,TTTY4,114761.0,Del0.8,0.26
X-3286,TTTY5,83863.0,Del0.8,0.26
X-3286,TTTY6,84672.0,Del0.8,0.26
X-3286,TTTY6,84672.0,Del0.8,0.26
X-3286,TTTY7,246122.0,Del0.8,0.26
X-3286,TTTY7,246122.0,Del0.8,0.26
X-3286,TTTY7B,100101120.0,Del0.8,0.26
X-3286,TTTY7B,100101120.0,Del0.8,0.26
X-3286,TTTY8,84673.0,Del0.8,0.26
X-3286,TTTY8,84673.0,Del0.8,0.26
X-3286,TTTY9A,83864.0,Del0.8,0.26
X-3286,TTTY9A,83864.0,Del0.8,0.26
X-3286,TUBA1A,7846.0,Amp5,5.1
X-3286,TUBA1B,10376.0,Amp5,5.1
X-3286,TUBA1C,84790.0,Amp5,5.1
X-3286,TWF1,5756.0,Amp5,7.01
X-3286,TXLNG2P,246126.0,Del0.8,0.26
X-3286,TXNDC12,51060.0,MutKnownFunctional,"-23,0.271"
X-3286,TXNL1,9352.0,Del0.8,0.78
X-3286,TXNRD3,114112.0,MutNovel,"D373N,0.235"
X-3286,UBE2K,3093.0,Del0.8,0.74
X-3286,UBN1,29855.0,MutNovel,"E496G,0.565"
X-3286,UCHL1,7345.0,Del0.8,0.74
X-3286,UFC1,51506.0,Amp5,5.58
X-3286,UGDH,7358.0,Del0.8,0.74
X-3286,UGT2B28,54490.0,Del0.8,0.38
X-3286,UHRF2,115426.0,Del0.8,0.8
X-3286,USF1,7391.0,Amp5,5.58
X-3286,USP17L2,377630.0,Del0.8,0.78
X-3286,USP21,27005.0,Amp5,5.58
X-3286,USP25,29761.0,Amp5,5.21
X-3286,USP39,10713.0,Amp5,5.9
X-3286,USP43,124739.0,MutNovel,"S731F,0.227"
X-3286,USP50,373509.0,Del0.8,0.76
X-3286,USP8,9101.0,Del0.8,0.76
X-3286,USP9Y,8287.0,Del0.8,0.26
X-3286,UTP23,84294.0,Del0.8,0.75
X-3286,UTY,7404.0,Del0.8,0.26
X-3286,UVRAG,7405.0,Amp8,11.79
X-3286,VAMP5,10791.0,Amp5,5.9
X-3286,VAMP8,8673.0,Amp5,5.9
X-3286,VCAN,1462.0,Del0.8,0.74
X-3286,VCX3B,425054.0,MutNovel,"V180L,0.600"
X-3286,VCX3B,425054.0,MutNovel,"E189Q,0.500"
X-3286,VCY,9084.0,Del0.8,0.26
X-3286,VCY,9084.0,Del0.8,0.26
X-3286,VDR,7421.0,Amp5,7.01
X-3286,VIM,7431.0,Amp5,5.9
X-3286,VLDLR,7436.0,Del0.8,0.79
X-3286,VPS37C,55048.0,MutNovel,"R253W,0.471"
X-3286,VPS4B,9525.0,Del0.8,0.76
X-3286,WDFY3,23001.0,Del0.8,0.74
X-3286,WDFY3-AS2,404201.0,Del0.8,0.74
X-3286,WDR19,57728.0,Del0.8,0.74
X-3286,WDR25,79446.0,MutNovel,"T337A,0.310"
X-3286,WDR47,22911.0,MutNovel,"D648Y,0.407"
X-3286,WDR64,128025.0,Amp5,6.36
X-3286,WDR7,23335.0,Del0.8,0.78
X-3286,WIBG,84305.0,Amp5,5.1
X-3286,WNT1,7471.0,Amp5,5.1
X-3286,WNT10B,7480.0,Amp5,5.1
X-3286,WNT11,7481.0,Amp8,11.79
X-3286,XKR6,286046.0,Del0.8,0.78
X-3286,XKRY2,353515.0,Del0.8,0.26
X-3286,XKRY2,353515.0,Del0.8,0.26
X-3286,XRCC4,7518.0,Del0.8,0.74
X-3286,XRCC6BP1,91419.0,Amp5,5.1
X-3286,YAF2,10138.0,Amp5,7.01
X-3286,YAP1,10413.0,Del0.8,0.77
X-3286,ZBED6,100381270.0,MutKnownFunctional,"E243*,0.259"
X-3286,ZBTB39,9880.0,Amp5,5.1
X-3286,ZC3H10,84872.0,Amp5,5.1
X-3286,ZCCHC2,54877.0,Del0.8,0.78
X-3286,ZCCHC9,84240.0,Del0.8,0.74
X-3286,ZCRB1,85437.0,Amp5,7.01
X-3286,ZDHHC17,23390.0,Del0.8,0.78
X-3286,ZFY,7544.0,Del0.8,0.26
X-3286,ZFYVE16,9765.0,Del0.8,0.19
X-3286,ZNF14,7561.0,MutNovel,"H629R,0.806"
X-3286,ZNF189,7743.0,MutNovel,"S550I,0.365"
X-3286,ZNF219,51222.0,MutNovel,"QPP233P,0.232"
X-3286,ZNF234,10780.0,MutNovel,"S117A,0.667"
X-3286,ZNF287,57336.0,Del0.8,0.79
X-3286,ZNF385A,25946.0,Amp5,5.1
X-3286,ZNF395,55893.0,Del0.8,0.77
X-3286,ZNF429,353088.0,MutKnownFunctional,"-527,0.294"
X-3286,ZNF467,168544.0,MutNovel,"V475I,1.000"
X-3286,ZNF532,55205.0,Del0.8,0.78
X-3286,ZNF551,90233.0,MutNovel,"M58V,0.375"
X-3286,ZNF624,57547.0,Del0.8,0.79
X-3286,ZNF626,199777.0,MutNovel,"H419N,0.240"
X-3286,ZNF641,121274.0,Amp5,7.01
X-3286,ZNF679,168417.0,MutNovel,"D63G,0.400"
X-3286,ZNF705A,440077.0,Amp5,5.35
X-3286,ZNF705D,728957.0,Del0.8,0.78
X-3286,ZNF740,283337.0,Amp5,5.1
X-3286,ZNF814,730051.0,MutNovel,"F669S,0.500"
X-3559,AADAC,13.0,Del0.8,0.27
X-3559,ACOT1,641371.0,Del0.8,0.62
X-3559,ADAMTS19,171019.0,MutNovel,"A58T,1.000"
X-3559,AIFM3,150209.0,Amp5,5.43
X-3559,AMELY,266.0,Del0.8,0.25
X-3559,ANKRD20A4,728747.0,MutNovel,"N354D,0.429"
X-3559,ANKRD30B,374860.0,MutNovel,"T1052A,0.500"
X-3559,ANKRD36C,,MutNovel,"A1028G,0.667"
X-3559,ANKS1A,23294.0,Amp5,6.28
X-3559,ANKS3,124401.0,MutNovel,"SS334S,0.647"
X-3559,ARAP3,64411.0,MutNovel,"QARG1476-,1.000"
X-3559,ARFGEF2,10564.0,MutNovel,"V1428I,1.000"
X-3559,ARHGAP22,58504.0,MutKnownFunctional,"-664?,0.500"
X-3559,ARHGAP27,201176.0,MutNovel,"R152W,1.000"
X-3559,ARMC12,221481.0,Amp5,6.28
X-3559,ART5,116969.0,MutNovel,"-25P,0.833"
X-3559,BAG1,573.0,MutNovel,"RSEELTL88L,0.492"
X-3559,BCORP1,286554.0,Del0.8,0.25
X-3559,BCR,613.0,Amp5,5.46
X-3559,BCRP2,400892.0,Amp5,5.43
X-3559,BOD1L1,,MutNovel,"R2524H,1.000"
X-3559,BPHL,670.0,Amp5,5.5
X-3559,BPTF,2186.0,MutNovel,"S198G,0.220"
X-3559,BPY2B,442867.0,Del0.8,0.25
X-3559,BPY2B,442867.0,Del0.8,0.25
X-3559,BRPF3,27154.0,Amp5,6.28
X-3559,BTBD9,114781.0,Amp5,7.06
X-3559,C1orf109,54955.0,Amp5,6.87
X-3559,C1orf122,127687.0,Amp5,6.87
X-3559,C22orf15,150248.0,Amp5,5.1
X-3559,C22orf43,51233.0,Amp5,6.63
X-3559,C6orf222,389384.0,Amp5,6.28
X-3559,CABIN1,23523.0,Amp5,5.31
X-3559,CAGE1,285782.0,MutNovel,"R819Q,1.000"
X-3559,CAGE1,285782.0,Amp5,5.58
X-3559,CAMSAP1,157922.0,MutNovel,"D133Y,1.000"
X-3559,CCDC116,164592.0,Amp5,6.11
X-3559,CCDC66,285331.0,MutNovel,"S606SP,1.000"
X-3559,CD177,57126.0,MutNovel,"A261G,0.667"
X-3559,CDC42EP1,11135.0,MutNovel,"PAPAANPS253P,0.562"
X-3559,CDCA8,55143.0,Amp5,6.87
X-3559,CDK11A,728642.0,MutNovel,"W109R,1.000"
X-3559,CDK11A,728642.0,Del0.8,0.41
X-3559,CDK11B,984.0,Del0.8,0.41
X-3559,CDKN1C,1028.0,MutNovel,"APVAV171V,0.591"
X-3559,CDY1B,253175.0,Del0.8,0.25
X-3559,CDY1B,253175.0,Del0.8,0.25
X-3559,CDY2A,9426.0,Del0.8,0.25
X-3559,CDY2A,9426.0,Del0.8,0.25
X-3559,CDY2B,203611.0,Del0.8,0.25
X-3559,CDY2B,203611.0,Del0.8,0.25
X-3559,CES5AP1,649264.0,Amp5,6.63
X-3559,CFHR3,10878.0,Amp5,5.62
X-3559,CHCHD10,400916.0,Amp5,5.1
X-3559,CLPS,1208.0,Amp5,6.28
X-3559,CRIPAK,285464.0,MutNovel,"V164A,0.692"
X-3559,CRKL,1399.0,Amp5,5.43
X-3559,CSPG4P1Y,114758.0,Del0.8,0.25
X-3559,CSPG4P1Y,114758.0,Del0.8,0.25
X-3559,CST2,1470.0,MutNovel,"I87V,0.647"
X-3559,CST4,1472.0,MutNovel,"D129N,0.643"
X-3559,CYP2F1,1572.0,MutNovel,"E275K,1.000"
X-3559,CYP2F1,1572.0,MutNovel,"R433H,1.000"
X-3559,DAZ1,1617.0,Del0.8,0.25
X-3559,DAZ2,57055.0,Del0.8,0.25
X-3559,DAZ3,57054.0,Del0.8,0.25
X-3559,DAZ3,57054.0,Del0.8,0.25
X-3559,DAZ4,57135.0,Del0.8,0.25
X-3559,DAZ4,57135.0,Del0.8,0.25
X-3559,DDX3Y,8653.0,Del0.8,0.25
X-3559,DEF6,50619.0,Amp5,6.28
X-3559,DEK,7913.0,Amp5,5.78
X-3559,DERL3,91319.0,Amp5,5.1
X-3559,DGKK,139189.0,MutKnownFunctional,"-1020?,0.984"
X-3559,DRD4,1815.0,MutNovel,"A281P,0.833"
X-3559,DRD4,1815.0,MutNovel,"S284G,1.000"
X-3559,EIF1AY,9086.0,Del0.8,0.25
X-3559,EP400,57634.0,MutNovel,"Q2727E,0.925"
X-3559,EPHA10,284656.0,Amp5,6.87
X-3559,ERRFI1,54206.0,MutNovel,"RS37-,0.913"
X-3559,ETFB,2109.0,MutKnownFunctional,"-93?,0.923"
X-3559,ETV7,51513.0,Amp5,6.28
X-3559,EXOC4,60412.0,MutNovel,"R702P,0.400"
X-3559,FAM197Y2P,252946.0,Del0.8,0.25
X-3559,FAM41AY1,340618.0,Del0.8,0.25
X-3559,FAM41AY1,340618.0,Del0.8,0.25
X-3559,FANCE,2178.0,Amp5,6.28
X-3559,FBXW4P1,26226.0,Amp5,6.63
X-3559,FHL3,2275.0,Amp5,6.87
X-3559,FKBP5,2289.0,Amp5,6.28
X-3559,FOXF2,2295.0,Amp5,6.63
X-3559,FOXQ1,94234.0,Amp5,6.63
X-3559,FRG1,2483.0,MutNovel,"D74N,0.208"
X-3559,GDF1,2657.0,MutNovel,"A157GP,0.714"
X-3559,GGT5,2687.0,Amp5,5.31
X-3559,GGTLC2,91227.0,Amp8,8.51
X-3559,GIGYF2,26058.0,MutNovel,"PQ1231P,0.758"
X-3559,GLO1,2739.0,Amp5,7.06
X-3559,GMPR,2766.0,Amp5,5.1
X-3559,GNAZ,2781.0,Amp5,6.68
X-3559,GOLGA2P2Y,84559.0,Del0.8,0.25
X-3559,GOLGA2P2Y,84559.0,Del0.8,0.25
X-3559,GSTA4,2941.0,MutNovel,"K205-,0.756"
X-3559,GSTT1,2952.0,Amp8,8.57
X-3559,GSTTP1,25774.0,Amp8,8.57
X-3559,GSTTP2,653399.0,Amp5,6.73
X-3559,GUSBP11,91316.0,Amp5,6.63
X-3559,GYG2P1,352887.0,Del0.8,0.25
X-3559,HEXB,3074.0,MutNovel,"M13I,1.000"
X-3559,HIST1H1E,3008.0,Del0.8,0.69
X-3559,HIST1H2AC,8334.0,Del0.8,0.69
X-3559,HIST1H2BC,8347.0,Del0.8,0.69
X-3559,HIST1H2BD,3017.0,Del0.8,0.69
X-3559,HIST1H2BE,8344.0,Del0.8,0.69
X-3559,HIST1H2BJ,8970.0,MutNovel,"P4S,1.000"
X-3559,HIST1H4D,8360.0,Del0.8,0.69
X-3559,HLA-DRB1,3123.0,MutNovel,"T262Q,0.360"
X-3559,HLA-DRB1,3123.0,MutNovel,"A87E,1.000"
X-3559,HLA-G,3135.0,MutNovel,"M295I,1.000"
X-3559,HN1L,90861.0,Del0.8,0.74
X-3559,HNRNPA1L2,144983.0,MutKnownFunctional,"-277,0.273"
X-3559,HSFY2,159119.0,Del0.8,0.25
X-3559,HSFY2,159119.0,Del0.8,0.25
X-3559,HSPH1,10808.0,MutKnownFunctional,"-561,0.944"
X-3559,ID4,3400.0,MutNovel,"A122G,1.000"
X-3559,IGLL1,3543.0,MutNovel,"A174T,1.000"
X-3559,IGLL1,3543.0,Amp5,6.63
X-3559,IGLL5,100423062.0,Amp5,6.68
X-3559,INPP5B,3633.0,Amp5,6.87
X-3559,IRX5,10265.0,MutNovel,"A239V,1.000"
X-3559,ITPR3,3710.0,MutNovel,"C1525Y,1.000"
X-3559,KCTD20,222658.0,Amp5,6.28
X-3559,KDM1B,221656.0,Amp5,7.36
X-3559,KDM5D,8284.0,Del0.8,0.25
X-3559,KIAA0913,23053.0,MutNovel,"R939Q,1.000"
X-3559,KIAA1549,57670.0,MutKnownFunctional,"-123?,0.556"
X-3559,KIF13A,63971.0,Amp5,5.98
X-3559,KIF1B,23095.0,MutNovel,"Y54C,1.000"
X-3559,KIF7,374654.0,MutNovel,"Q829P,1.000"
X-3559,KLHL8,57563.0,MutNovel,"P166S,1.000"
X-3559,KLRC2,3822.0,Del0.8,0.77
X-3559,KRT18,3875.0,MutNovel,"R382L,0.999"
X-3559,KRT6B,3854.0,MutNovel,"L330M,1.000"
X-3559,LARP4B,23185.0,MutNovel,"T281R,1.000"
X-3559,LARP6,55323.0,MutNovel,"H118L,1.000"
X-3559,LHFPL5,222662.0,Amp5,6.28
X-3559,LOC100131047,100131047.0,Amp5,7.06
X-3559,LOC100507194,100507194.0,Amp5,5.5
X-3559,LOC100507607,,MutNovel,"W536R,1.000"
X-3559,LOC100507607,,MutNovel,"V538A,1.000"
X-3559,LOC284889,284889.0,Amp5,5.1
X-3559,LOC285847,285847.0,Amp5,6.28
X-3559,LOC339442,339442.0,Amp5,6.87
X-3559,LOC391322,391322.0,Amp8,8.57
X-3559,LOC400891,400891.0,Amp5,5.43
X-3559,LOC648691,648691.0,Amp8,8.51
X-3559,LOC728503,,MutNovel,"P437L,1.000"
X-3559,LOC96610,96610.0,Amp5,6.32
X-3559,LONRF1,91694.0,MutNovel,"D662N,0.984"
X-3559,LRPPRC,10128.0,MutNovel,"L22V,1.000"
X-3559,LSR,51599.0,MutNovel,"G518GR,0.858"
X-3559,LZTR1,8216.0,Amp5,5.43
X-3559,MANEAL,149175.0,Amp5,6.87
X-3559,MAP3K2,10746.0,MutNovel,"R351Q,1.000"
X-3559,MAP3K4,4216.0,MutNovel,"PA1189P,0.590"
X-3559,MAPK1,5594.0,Amp5,6.11
X-3559,MAPK13,5603.0,Amp5,6.28
X-3559,MAPK14,1432.0,Amp5,6.28
X-3559,MAPK8IP3,23162.0,Del0.8,0.72
X-3559,MAST4,375449.0,MutNovel,"L95LP,0.750"
X-3559,MGAM,8972.0,Del0.8,0.63
X-3559,MIB2,142678.0,Del0.8,0.59
X-3559,MIF,4282.0,Amp5,5.1
X-3559,MIR130B,406920.0,Amp5,6.11
X-3559,MIR301B,100126318.0,Amp5,6.11
X-3559,MIR3659,100500801.0,Amp5,6.87
X-3559,MIR4639,100616269.0,Amp8,8.4
X-3559,MIR548H2,100313773.0,Del0.8,0.77
X-3559,MIR570,693155.0,Amp5,7.73
X-3559,MIR650,723778.0,Amp8,12.04
X-3559,MMP11,4320.0,Amp5,5.1
X-3559,MMP23A,8511.0,Del0.8,0.59
X-3559,MMP23B,8510.0,Del0.8,0.59
X-3559,MPRIP,23164.0,MutNovel,"TS178T,0.521"
X-3559,MTF1,4520.0,Amp5,6.87
X-3559,MTX1,4580.0,MutNovel,"F351L,0.989"
X-3559,MUC6,4588.0,MutNovel,"V1616I,0.800"
X-3559,MYLIP,29116.0,Amp8,8.4
X-3559,MYO7A,4647.0,MutKnownFunctional,"-1172,1.000"
X-3559,NANOG,79923.0,MutNovel,"L61P,1.000"
X-3559,NANOG,79923.0,MutNovel,"P66H,1.000"
X-3559,NANOG,79923.0,MutNovel,"S79T,1.000"
X-3559,NBPF1,55672.0,MutNovel,"D712H,0.438"
X-3559,NCOR2,9612.0,MutNovel,"G1839GAAA,0.333"
X-3559,NCRNA00185,55410.0,Del0.8,0.25
X-3559,NHLRC1,378884.0,Amp5,5.98
X-3559,NLGN4Y,22829.0,Del0.8,0.25
X-3559,NNT,23530.0,MutNovel,"T150M,1.000"
X-3559,NPEPPS,9520.0,MutNovel,"I146V,0.325"
X-3559,NR1H2,7376.0,MutNovel,"-173Q,0.797"
X-3559,OR2T29,343563.0,MutNovel,"K41M,1.000"
X-3559,OR2T5,401993.0,MutNovel,"M122V,1.000"
X-3559,ORAI1,84876.0,MutNovel,"PP43-,0.765"
X-3559,P2RX6,9127.0,Amp5,5.43
X-3559,P2RX6P,440799.0,Amp5,5.43
X-3559,PCDH11Y,83259.0,Del0.8,0.25
X-3559,PDE4DIP,9659.0,MutNovel,"T2297A,0.417"
X-3559,PHLDA1,22822.0,MutNovel,"QQ194Q,0.600"
X-3559,PKP4,8502.0,MutNovel,"D360C,1.000"
X-3559,PNPLA1,285848.0,Amp5,6.28
X-3559,POLR2J2,246721.0,MutNovel,"F10L,0.444"
X-3559,POM121L1P,25812.0,Amp8,8.51
X-3559,POM121L9P,29774.0,Amp5,5.31
X-3559,POU3F1,5453.0,Amp5,6.87
X-3559,PPARD,5467.0,Amp5,6.28
X-3559,PPIL2,23759.0,Amp5,6.11
X-3559,PPM1F,9647.0,Amp5,6.11
X-3559,PRAME,23532.0,Amp8,8.51
X-3559,PRKAR1A,5573.0,MutNovel,"T73S,1.000"
X-3559,PRKY,5616.0,Del0.8,0.25
X-3559,PRR11,55771.0,MutNovel,"VT260-,0.958"
X-3559,PRY,9081.0,Del0.8,0.25
X-3559,PRY,9081.0,Del0.8,0.25
X-3559,PRY2,442862.0,Del0.8,0.25
X-3559,PRY2,442862.0,Del0.8,0.25
X-3559,PSMG4,389362.0,Amp5,5.5
X-3559,PTPRG,5793.0,MutNovel,"V750M,1.000"
X-3559,PXT1,222659.0,Amp5,6.28
X-3559,RAB36,9609.0,Amp5,6.68
X-3559,RBM6,10180.0,MutNovel,"C502Y,1.000"
X-3559,RBMY1A3P,286557.0,Del0.8,0.25
X-3559,RBMY1B,378948.0,Del0.8,0.25
X-3559,RBMY1B,378948.0,Del0.8,0.25
X-3559,RBMY1E,378950.0,Del0.8,0.25
X-3559,RBMY1E,378950.0,Del0.8,0.25
X-3559,RBMY1F,159163.0,Del0.8,0.25
X-3559,RBMY1F,159163.0,Del0.8,0.25
X-3559,RBMY1J,378951.0,Del0.8,0.25
X-3559,RBMY1J,378951.0,Del0.8,0.25
X-3559,RBMY2EP,159125.0,Del0.8,0.25
X-3559,RBMY2FP,159162.0,Del0.8,0.25
X-3559,RBMY3AP,64593.0,Del0.8,0.25
X-3559,RCC2,55920.0,MutNovel,"G24E,1.000"
X-3559,RECQL4,9401.0,MutNovel,"R1168W,1.000"
X-3559,RGL4,266747.0,Amp5,6.63
X-3559,RIOK1,83732.0,Amp5,5.58
X-3559,RIPK1,8737.0,Amp5,5.5
X-3559,RPL10A,4736.0,Amp5,6.28
X-3559,RPS4Y1,6192.0,Del0.8,0.25
X-3559,RPS4Y2,140032.0,Del0.8,0.25
X-3559,RREB1,6239.0,Amp5,5.58
X-3559,RSPO1,284654.0,Amp5,6.87
X-3559,RTDR1,27156.0,Amp5,6.68
X-3559,SCAPER,49855.0,Del0.8,0.62
X-3559,SCUBE3,222663.0,Amp5,6.28
X-3559,SDF2L1,23753.0,Amp5,6.11
X-3559,SDK1,221935.0,MutNovel,"S58P,1.000"
X-3559,SERINC2,347735.0,MutNovel,"-373Q,0.583"
X-3559,SERPIND1,3053.0,Amp5,5.43
X-3559,SF3A3,10946.0,Amp5,6.87
X-3559,SLC22A15,55356.0,MutNovel,"V433F,1.000"
X-3559,SLC26A8,116369.0,Amp5,6.28
X-3559,SLC2A11,66035.0,Amp5,5.1
X-3559,SLC2A14,144195.0,MutNovel,"N85S,1.000"
X-3559,SLC35E2,9906.0,Del0.8,0.28
X-3559,SLC35E2B,728661.0,Del0.8,0.59
X-3559,SLC7A4,6545.0,Amp5,5.43
X-3559,SMARCB1,6598.0,Amp5,5.1
X-3559,SNAP29,9342.0,Amp5,5.43
X-3559,SNRNP48,154007.0,Amp5,6.23
X-3559,SNRPC,6631.0,Amp5,6.28
X-3559,SRPK1,6732.0,Amp5,6.28
X-3559,SRY,6736.0,Del0.8,0.25
X-3559,SSR1,6745.0,Amp5,5.58
X-3559,ST6GALNAC6,30815.0,MutKnownFunctional,"-127?,0.366"
X-3559,STK38,11329.0,Amp5,6.28
X-3559,STOX1,219736.0,MutNovel,"R894T,1.000"
X-3559,SUSD2,56241.0,Amp5,5.31
X-3559,SWSAP1,126074.0,MutNovel,"A214G,1.000"
X-3559,TAF11,6882.0,Amp5,6.28
X-3559,TBL1Y,90665.0,Del0.8,0.25
X-3559,TBP,6908.0,MutNovel,"-64Q,0.404"
X-3559,TCP11,6954.0,Amp5,6.28
X-3559,TEAD3,7005.0,Amp5,6.28
X-3559,TGIF2LY,90655.0,Del0.8,0.25
X-3559,THAP7,80764.0,Amp5,5.43
X-3559,THAP7-AS1,439931.0,Amp5,5.43
X-3559,TMEM161A,54929.0,MutNovel,"N34D,1.000"
X-3559,TMSB4Y,9087.0,Del0.8,0.25
X-3559,TNFAIP3,7128.0,MutNovel,"H560Y,0.222"
X-3559,TOP3B,8940.0,Amp5,6.11
X-3559,TPMT,7172.0,Amp5,5.98
X-3559,TSPAN2,10100.0,MutNovel,"K50N,1.000"
X-3559,TSPY1,7258.0,Del0.8,0.25
X-3559,TSPY2,64591.0,Del0.8,0.25
X-3559,TSPY3,728137.0,Del0.8,0.25
X-3559,TSPY4,728395.0,Del0.8,0.25
X-3559,TSPY8,728403.0,Del0.8,0.25
X-3559,TSPYL1,7259.0,MutNovel,"V176VW,0.867"
X-3559,TTC27,55622.0,MutNovel,"R528P,0.266"
X-3559,TTI2,80185.0,MutNovel,"R379Q,1.000"
X-3559,TTN,7273.0,MutNovel,"R35164H,1.000"
X-3559,TTN,7273.0,MutNovel,"A12417T,0.429"
X-3559,TTTY10,246119.0,Del0.8,0.25
X-3559,TTTY11,83866.0,Del0.8,0.25
X-3559,TTTY12,83867.0,Del0.8,0.25
X-3559,TTTY13,83868.0,Del0.8,0.25
X-3559,TTTY14,83869.0,Del0.8,0.25
X-3559,TTTY15,64595.0,Del0.8,0.25
X-3559,TTTY16,252948.0,Del0.8,0.25
X-3559,TTTY17A,252949.0,Del0.8,0.25
X-3559,TTTY17A,252949.0,Del0.8,0.25
X-3559,TTTY18,252950.0,Del0.8,0.25
X-3559,TTTY19,252952.0,Del0.8,0.25
X-3559,TTTY1B,100101116.0,Del0.8,0.25
X-3559,TTTY1B,100101116.0,Del0.8,0.25
X-3559,TTTY2,60439.0,Del0.8,0.25
X-3559,TTTY2,60439.0,Del0.8,0.25
X-3559,TTTY20,252951.0,Del0.8,0.25
X-3559,TTTY21,252953.0,Del0.8,0.25
X-3559,TTTY21,252953.0,Del0.8,0.25
X-3559,TTTY22,252954.0,Del0.8,0.25
X-3559,TTTY23,252955.0,Del0.8,0.25
X-3559,TTTY23,252955.0,Del0.8,0.25
X-3559,TTTY3,114760.0,Del0.8,0.25
X-3559,TTTY3,114760.0,Del0.8,0.25
X-3559,TTTY4,114761.0,Del0.8,0.25
X-3559,TTTY4,114761.0,Del0.8,0.25
X-3559,TTTY5,83863.0,Del0.8,0.25
X-3559,TTTY6,84672.0,Del0.8,0.25
X-3559,TTTY6,84672.0,Del0.8,0.25
X-3559,TTTY7,246122.0,Del0.8,0.25
X-3559,TTTY7,246122.0,Del0.8,0.25
X-3559,TTTY7B,100101120.0,Del0.8,0.25
X-3559,TTTY7B,100101120.0,Del0.8,0.25
X-3559,TTTY8,84673.0,Del0.8,0.25
X-3559,TTTY8,84673.0,Del0.8,0.25
X-3559,TTTY9A,83864.0,Del0.8,0.25
X-3559,TTTY9A,83864.0,Del0.8,0.25
X-3559,TUBB2A,7280.0,Amp5,5.5
X-3559,TUBB2B,347733.0,Amp5,5.5
X-3559,TULP1,7287.0,Amp5,6.28
X-3559,TXLNG2P,246126.0,Del0.8,0.25
X-3559,UBE2L3,7332.0,Amp5,6.11
X-3559,UHRF1BP1,54887.0,Amp5,6.28
X-3559,USP31,57478.0,MutNovel,"R1346Q,0.385"
X-3559,USP9Y,8287.0,Del0.8,0.25
X-3559,UTP11L,51118.0,Amp5,6.87
X-3559,UTY,7404.0,Del0.8,0.25
X-3559,VCY,9084.0,Del0.8,0.25
X-3559,VCY,9084.0,Del0.8,0.25
X-3559,VPREB1,7441.0,Amp5,6.32
X-3559,VPREB3,29802.0,Amp5,5.1
X-3559,XKRY2,353515.0,Del0.8,0.25
X-3559,XKRY2,353515.0,Del0.8,0.25
X-3559,YDJC,150223.0,Amp5,6.11
X-3559,YPEL1,29799.0,Amp5,6.11
X-3559,YRDC,79693.0,Amp5,6.87
X-3559,ZDHHC8P1,150244.0,Amp5,6.63
X-3559,ZFAND3,60685.0,Amp5,5.13
X-3559,ZFY,7544.0,Del0.8,0.25
X-3559,ZNF280A,129025.0,Amp8,8.51
X-3559,ZNF280B,140883.0,Amp8,8.51
X-3559,ZNF384,171017.0,MutNovel,"QQ514Q,0.434"
X-3559,ZNF442,79973.0,MutNovel,"C605S,1.000"
X-3559,ZNF468,90333.0,MutKnownFunctional,"R430*,1.000"
X-3559,ZNF468,90333.0,MutNovel,"E334K,1.000"
X-3559,ZNF516,9658.0,MutNovel,"D672H,0.275"
X-3559,ZNF695,57116.0,MutKnownFunctional,"W128*,1.000"
X-3559,ZNF70,7621.0,Amp5,5.1
X-3559,ZNF76,7629.0,Amp5,6.28
X-3559,ZNF772,400720.0,MutNovel,"A4GP,0.700"
X-3559,ZSCAN16,80345.0,MutNovel,"I313T,0.360"
X-3575,ABCB5,340273.0,Del0.8,0.7
X-3575,ABCC11,85320.0,Del0.8,0.71
X-3575,ABCC12,94160.0,Del0.8,0.71
X-3575,ABHD10,55347.0,MutNovel,"M281V,0.264"
X-3575,ACADVL,37.0,MutNovel,"R134C,1.000"
X-3575,ACAP2,23527.0,Amp5,5.28
X-3575,ACSL1,2180.0,Del0.8,0.67
X-3575,ACSL4,2182.0,Del0.8,0.68
X-3575,ACSM4,341392.0,MutNovel,"F337L,0.750"
X-3575,ACTRT1,139741.0,Del0.8,0.69
X-3575,ADA,100.0,MutNovel,"G216R,0.480"
X-3575,ADAM3A,1587.0,Del0.8,0.2
X-3575,ADAM5P,255926.0,Del0.8,0.54
X-3575,ADAMTS13,11093.0,MutKnownFunctional,"W1016*,0.375"
X-3575,ADAMTS19,171019.0,Del0.8,0.68
X-3575,ADCY8,114.0,Amp5,5.54
X-3575,ADCYAP1R1,117.0,Del0.8,0.69
X-3575,AGAP5,729092.0,MutNovel,"K553I,0.692"
X-3575,AGAP7,653268.0,MutNovel,"S437I,0.375"
X-3575,AGTR2,186.0,Del0.8,0.7
X-3575,AIFM1,9131.0,Del0.8,0.69
X-3575,AKAP14,158798.0,Del0.8,0.7
X-3575,AKAP9,10142.0,MutNovel,"R3336Q,0.329"
X-3575,AKR1E2,83592.0,MutNovel,"D289V,0.237"
X-3575,ALAD,210.0,Del0.8,0.74
X-3575,ALDH1A1,216.0,Del0.8,0.73
X-3575,ALDH7A1,501.0,Del0.8,0.69
X-3575,ALG13,79868.0,Del0.8,0.69
X-3575,ALPI,248.0,MutNovel,"P228R,1.000"
X-3575,AMBP,259.0,Del0.8,0.74
X-3575,AMD1,262.0,Del0.8,0.7
X-3575,AMELY,266.0,Del0.8,0.22
X-3575,AMMECR1,9949.0,Del0.8,0.74
X-3575,AMOT,154796.0,Del0.8,0.69
X-3575,ANKHD1,54882.0,Del0.8,0.7
X-3575,ANKHD1-EIF4EBP3,404734.0,Del0.8,0.7
X-3575,ANKRD18DP,348840.0,Amp5,5.28
X-3575,ANKRD26P1,124149.0,Del0.8,0.71
X-3575,ANKRD31,256006.0,MutNovel,"D830N,0.750"
X-3575,ANKRD36,375248.0,MutNovel,"T998S,0.307"
X-3575,ANKRD36C,,MutNovel,"K842R,0.263"
X-3575,ANKRD37,353322.0,Del0.8,0.67
X-3575,ANXA1,301.0,Del0.8,0.73
X-3575,ANXA13,312.0,Amp5,5.54
X-3575,ANXA2P1,303.0,Del0.8,0.77
X-3575,ANXA9,8416.0,MutNovel,"A47V,0.278"
X-3575,AP1G1,164.0,MutNovel,"R565K,0.455"
X-3575,APBB3,10307.0,Del0.8,0.7
X-3575,APH1A,51107.0,MutNovel,"V51M,0.450"
X-3575,APLN,8862.0,Del0.8,0.69
X-3575,APOD,347.0,Amp5,5.28
X-3575,APOOL,139322.0,Del0.8,0.71
X-3575,AQP1,358.0,Del0.8,0.69
X-3575,AQP4,361.0,Amp5,7.94
X-3575,ARCN1,372.0,MutNovel,"F465L,0.386"
X-3575,ARFGAP2,84364.0,MutNovel,"K299E,0.329"
X-3575,ARFIP1,27236.0,Del0.8,0.77
X-3575,ARHGAP10,79658.0,Del0.8,0.76
X-3575,ARHGAP36,158763.0,Del0.8,0.69
X-3575,ARHGEF10,9639.0,MutNovel,"V1095I,0.389"
X-3575,ARID5B,84159.0,MutNovel,"L796F,0.321"
X-3575,ARL13A,392509.0,Del0.8,0.69
X-3575,ARMC2,84071.0,Del0.8,0.71
X-3575,ARMCX1,51309.0,Del0.8,0.69
X-3575,ARMCX2,9823.0,Del0.8,0.69
X-3575,ARMCX3,51566.0,Del0.8,0.69
X-3575,ARMCX4,100131755.0,Del0.8,0.69
X-3575,ARMCX5,64860.0,Del0.8,0.69
X-3575,ARMCX5-GPRASP2,100528062.0,Del0.8,0.69
X-3575,ARMCX6,54470.0,Del0.8,0.69
X-3575,ARSA,410.0,Del0.8,0.76
X-3575,ART5,116969.0,MutNovel,"-25P,1.000"
X-3575,ASAP1,50807.0,Amp5,5.54
X-3575,ASAP1-IT1,29065.0,Amp5,5.54
X-3575,ASF1A,25842.0,Del0.8,0.69
X-3575,ATAD2,29028.0,Amp5,5.54
X-3575,ATG12,9140.0,MutNovel,"E20K,1.000"
X-3575,ATG4A,115201.0,Del0.8,0.69
X-3575,ATP10A,57194.0,MutNovel,"VCSLEA1361A,0.281"
X-3575,ATP13A3,79572.0,Amp5,5.28
X-3575,ATP13A4,84239.0,Amp5,5.28
X-3575,ATP13A5,344905.0,Amp5,5.28
X-3575,ATP1B3,483.0,Amp5,5.35
X-3575,ATP1B4,23439.0,Del0.8,0.7
X-3575,ATP9A,10079.0,Amp5,5.98
X-3575,ATR,545.0,Amp5,5.35
X-3575,AUTS2,26053.0,Del0.8,0.72
X-3575,BAI2,576.0,MutNovel,"M742L,0.217"
X-3575,BCAS1,8537.0,Amp5,5.98
X-3575,BCHE,590.0,Amp5,7.52
X-3575,BCORL1,63035.0,Del0.8,0.69
X-3575,BCORP1,286554.0,Del0.8,0.22
X-3575,BDH1,622.0,Amp5,5.28
X-3575,BET3L,100128327.0,Del0.8,0.69
X-3575,BEX1,55859.0,Del0.8,0.69
X-3575,BEX2,84707.0,Del0.8,0.69
X-3575,BEX4,56271.0,Del0.8,0.69
X-3575,BEX5,340542.0,Del0.8,0.69
X-3575,BHLHB9,80823.0,Del0.8,0.69
X-3575,BOP1,23246.0,MutNovel,"P140R,0.500"
X-3575,BPY2B,442867.0,Del0.8,0.22
X-3575,BPY2B,442867.0,Del0.8,0.22
X-3575,BRCA2,675.0,MutKnownFunctional,"-1689?,0.381"
X-3575,BRD7P3,23629.0,Del0.8,0.69
X-3575,BRWD3,254065.0,Del0.8,0.71
X-3575,BSN,8927.0,MutNovel,"E3556K,1.000"
X-3575,BSPRY,54836.0,Del0.8,0.74
X-3575,BTK,695.0,Del0.8,0.69
X-3575,C15orf61,145853.0,MutNovel,"A3V,0.284"
X-3575,C16orf87,388272.0,Del0.8,0.71
X-3575,C18orf21,83608.0,Del0.8,0.74
X-3575,C1GALT1C1,29071.0,Del0.8,0.7
X-3575,C21orf58,54058.0,MutNovel,"H299PN,0.602"
X-3575,C22orf39,128977.0,MutKnownFunctional,"-18?,0.438"
X-3575,C2orf27A,29798.0,MutNovel,"R19L,0.385"
X-3575,C3orf43,255798.0,Amp5,5.28
X-3575,C3orf58,205428.0,Amp5,5.35
X-3575,C4orf47,441054.0,Del0.8,0.67
X-3575,C5orf48,389320.0,Del0.8,0.69
X-3575,C5orf63,401207.0,Del0.8,0.69
X-3575,C5orf65,389333.0,Del0.8,0.7
X-3575,C6orf170,221322.0,Del0.8,0.7
X-3575,C6orf225,619208.0,Del0.8,0.7
X-3575,C7orf31,136895.0,Del0.8,0.69
X-3575,C7orf41,222166.0,Del0.8,0.69
X-3575,C7orf71,285941.0,Del0.8,0.69
X-3575,C8orf76,84933.0,Amp5,5.54
X-3575,C9orf40,55071.0,Del0.8,0.74
X-3575,C9orf41,138199.0,Del0.8,0.74
X-3575,C9orf43,257169.0,Del0.8,0.74
X-3575,C9orf57,138240.0,Del0.8,0.73
X-3575,C9orf66,157983.0,Del0.8,0.74
X-3575,C9orf85,138241.0,Del0.8,0.73
X-3575,CACNG6,59285.0,Amp5,7.57
X-3575,CACNG8,59283.0,Amp5,7.57
X-3575,CAMSAP1,157922.0,MutNovel,"D645N,0.332"
X-3575,CAPN12,147968.0,Amp5,5.03
X-3575,CAPN6,827.0,Del0.8,0.69
X-3575,CASP3,836.0,Del0.8,0.67
X-3575,CBWD6,644019.0,MutKnownFunctional,"-259?,0.357"
X-3575,CBX3,11335.0,Del0.8,0.69
X-3575,CCDC106,29903.0,MutNovel,"R4W,0.479"
X-3575,CCDC110,256309.0,Del0.8,0.67
X-3575,CCDC111,201973.0,Del0.8,0.67
X-3575,CCDC126,90693.0,Del0.8,0.7
X-3575,CCDC137,339230.0,MutNovel,"Q147H,0.296"
X-3575,CCDC160,347475.0,Del0.8,0.69
X-3575,CCDC162P,221262.0,Del0.8,0.71
X-3575,CCDC50,152137.0,Amp5,5.03
X-3575,CCDC86,79080.0,MutKnownFunctional,"R9*,0.248"
X-3575,CCDC87,55231.0,MutNovel,"P674S,0.250"
X-3575,CCDC88C,440193.0,MutNovel,"T1671S,0.491"
X-3575,CD164,8763.0,Del0.8,0.71
X-3575,CDC26,246184.0,Del0.8,0.74
X-3575,CDC40,51362.0,Del0.8,0.7
X-3575,CDC42EP1,11135.0,MutNovel,"PAPAANPS253P,1.000"
X-3575,CDC42EP5,148170.0,Amp5,7.57
X-3575,CDCA7L,55536.0,Del0.8,0.7
X-3575,CDH2,1000.0,Amp5,7.94
X-3575,CDH23,64072.0,MutNovel,"T1904M,0.400"
X-3575,CDK12,51755.0,MutKnownFunctional,"-1301,0.457"
X-3575,CDK19,23097.0,Del0.8,0.7
X-3575,CDKN2AIP,55602.0,Del0.8,0.7
X-3575,CDY1B,253175.0,Del0.8,0.22
X-3575,CDY1B,253175.0,Del0.8,0.22
X-3575,CDY2A,9426.0,Del0.8,0.22
X-3575,CDY2A,9426.0,Del0.8,0.22
X-3575,CDY2B,203611.0,Del0.8,0.22
X-3575,CDY2B,203611.0,Del0.8,0.22
X-3575,CEL,1056.0,MutNovel,"A692P,0.500"
X-3575,CELF4,56853.0,Del0.8,0.74
X-3575,CENPI,2491.0,Del0.8,0.69
X-3575,CEP120,153241.0,Del0.8,0.71
X-3575,CEP19,84984.0,Amp5,5.28
X-3575,CEP250,11190.0,MutNovel,"L1262V,0.744"
X-3575,CEP290,80184.0,MutNovel,"L896V,0.474"
X-3575,CEP57L1,285753.0,Del0.8,0.71
X-3575,CEP78,84131.0,Del0.8,0.77
X-3575,CEP85,64793.0,MutNovel,"G232R,0.589"
X-3575,CEP85L,387119.0,Del0.8,0.69
X-3575,CERS5,91012.0,MutNovel,"L12P,0.362"
X-3575,CFHR1,3078.0,Amp5,7.52
X-3575,CFHR3,10878.0,Amp5,7.52
X-3575,CHL1,10752.0,Del0.8,0.7
X-3575,CHM,1121.0,Del0.8,0.71
X-3575,CHN2,1124.0,Del0.8,0.69
X-3575,CHRDL1,91851.0,Del0.8,0.69
X-3575,CHST2,9435.0,Amp5,5.35
X-3575,CHST9,83539.0,Amp5,7.94
X-3575,CHST9-AS1,147429.0,Amp5,7.94
X-3575,CHSY3,337876.0,Del0.8,0.68
X-3575,CLDN11,5010.0,Amp5,7.26
X-3575,CLDN2,9075.0,Del0.8,0.69
X-3575,CLDN22,53842.0,MutNovel,"C185Y,1.000"
X-3575,CLDN22,53842.0,Del0.8,0.7
X-3575,CLDN24,100132463.0,Del0.8,0.7
X-3575,CLK2P,1197.0,Del0.8,0.7
X-3575,CLVS2,134829.0,Del0.8,0.7
X-3575,CNOT3,4849.0,Amp5,7.57
X-3575,CNTN4,152330.0,Del0.8,0.7
X-3575,CNTN6,27255.0,Del0.8,0.7
X-3575,COL10A1,1300.0,Del0.8,0.69
X-3575,COL14A1,7373.0,Amp5,5.54
X-3575,COL4A2,1284.0,MutNovel,"L525F,0.353"
X-3575,COL5A1,1289.0,MutNovel,"R1133Q,0.333"
X-3575,COL9A2,1298.0,MutNovel,"R679C,0.318"
X-3575,COLEC10,10584.0,Amp5,5.54
X-3575,CPN2,1370.0,Amp5,5.28
X-3575,CPVL,54504.0,Del0.8,0.69
X-3575,CPXCR1,53336.0,Del0.8,0.73
X-3575,CRAMP1L,57585.0,MutNovel,"A68V,0.643"
X-3575,CRBN,51185.0,Del0.8,0.7
X-3575,CREB5,9586.0,Del0.8,0.69
X-3575,CRHR2,1395.0,Del0.8,0.69
X-3575,CRTC3,64784.0,MutNovel,"G115E,0.565"
X-3575,CSNK1G3,1456.0,Del0.8,0.71
X-3575,CSPG4P1Y,114758.0,Del0.8,0.22
X-3575,CSPG4P1Y,114758.0,Del0.8,0.22
X-3575,CT45A1,541466.0,Del0.8,0.69
X-3575,CT45A2,728911.0,MutNovel,"R160H,0.429"
X-3575,CT45A2,728911.0,Del0.8,0.69
X-3575,CT45A3,441519.0,Del0.8,0.69
X-3575,CT45A4,441520.0,Del0.8,0.69
X-3575,CT45A4,441520.0,Del0.8,0.69
X-3575,CT45A5,441521.0,Del0.8,0.69
X-3575,CT45A6,541465.0,Del0.8,0.69
X-3575,CT47A1,728096.0,Del0.8,0.7
X-3575,CT47A10,728036.0,Del0.8,0.7
X-3575,CT47A6,728062.0,Del0.8,0.7
X-3575,CT47A7,653282.0,Del0.8,0.7
X-3575,CT47B1,643311.0,Del0.8,0.7
X-3575,CTCFL,140690.0,Amp5,5.21
X-3575,CTIF,9811.0,MutNovel,"L303M,0.231"
X-3575,CTSA,5476.0,MutNovel,"L29-,1.000"
X-3575,CTSO,1519.0,Del0.8,0.77
X-3575,CTXN3,613212.0,Del0.8,0.69
X-3575,CUL4B,8450.0,Del0.8,0.7
X-3575,CXXC5,51523.0,Del0.8,0.7
X-3575,CXorf48,54967.0,Del0.8,0.69
X-3575,CXorf56,63932.0,Del0.8,0.7
X-3575,CXorf57,55086.0,Del0.8,0.69
X-3575,CXorf61,203413.0,Del0.8,0.7
X-3575,CXorf64,100130613.0,Del0.8,0.69
X-3575,CXorf69,644538.0,Del0.8,0.69
X-3575,CYCS,54205.0,Del0.8,0.69
X-3575,CYLC1,1538.0,Del0.8,0.71
X-3575,CYP24A1,1591.0,Amp5,5.98
X-3575,CYP2D6,1565.0,MutNovel,"G445R,0.390"
X-3575,CYP4V2,285440.0,Del0.8,0.67
X-3575,DACH2,117154.0,Del0.8,0.59
X-3575,DAZ1,1617.0,Del0.8,0.22
X-3575,DAZ2,57055.0,Del0.8,0.22
X-3575,DAZ3,57054.0,Del0.8,0.22
X-3575,DAZ3,57054.0,Del0.8,0.22
X-3575,DAZ4,57135.0,Del0.8,0.22
X-3575,DAZ4,57135.0,Del0.8,0.22
X-3575,DCAF12L1,139170.0,Del0.8,0.69
X-3575,DCAF12L2,340578.0,Del0.8,0.7
X-3575,DCBLD1,285761.0,Del0.8,0.69
X-3575,DCHS2,54798.0,Del0.8,0.77
X-3575,DCLK2,166614.0,Del0.8,0.76
X-3575,DCTD,1635.0,Del0.8,0.7
X-3575,DCX,1641.0,Del0.8,0.69
X-3575,DDO,8528.0,Del0.8,0.7
X-3575,DDX26B,203522.0,Del0.8,0.69
X-3575,DDX27,55661.0,MutNovel,"E59K,0.476"
X-3575,DDX3Y,8653.0,Del0.8,0.22
X-3575,DDX56,54606.0,MutNovel,"G332R,0.604"
X-3575,DEPTOR,64798.0,Amp5,5.54
X-3575,DERL1,79139.0,Amp5,5.54
X-3575,DFNA5,1687.0,Del0.8,0.7
X-3575,DGCR8,54487.0,MutNovel,"R322K,0.376"
X-3575,DIAPH2,1730.0,Del0.8,0.72
X-3575,DIEXF,27042.0,MutNovel,"T692I,0.607"
X-3575,DKFZP434I0714,54553.0,Del0.8,0.77
X-3575,DKFZP586I1420,222161.0,Del0.8,0.69
X-3575,DKFZp686D0853,401613.0,Del0.8,0.69
X-3575,DLC1,10395.0,MutNovel,"S602C,0.600"
X-3575,DLG1,1739.0,Amp5,5.28
X-3575,DLL3,10683.0,Amp5,5.03
X-3575,DNAH11,8701.0,MutNovel,"K3396R,0.500"
X-3575,DNAH11,8701.0,Del0.8,0.7
X-3575,DNAJA2,10294.0,Del0.8,0.71
X-3575,DNAJC18,202052.0,Del0.8,0.7
X-3575,DOCK11,139818.0,Del0.8,0.7
X-3575,DOCK8,81704.0,Del0.8,0.74
X-3575,DOK5,55816.0,Amp5,5.98
X-3575,DOK7,285489.0,Amp5,5.17
X-3575,DPH1,1801.0,MutNovel,"R277C,0.481"
X-3575,DPM1,8813.0,Amp5,5.98
X-3575,DPY19L2P3,442524.0,Del0.8,0.69
X-3575,DRP2,1821.0,Del0.8,0.69
X-3575,DSC1,1823.0,Amp5,5.39
X-3575,DSC2,1824.0,Amp5,5.39
X-3575,DSC3,1825.0,Amp5,5.39
X-3575,DSCC1,79075.0,Amp5,5.54
X-3575,DSE,29940.0,Del0.8,0.69
X-3575,DSG1,1828.0,Amp5,5.39
X-3575,DTNA,1837.0,Del0.8,0.71
X-3575,DVL3,1857.0,MutNovel,"S559I,0.221"
X-3575,ECH1,1891.0,Amp5,5.03
X-3575,ECSCR,641700.0,Del0.8,0.7
X-3575,ECT2,1894.0,Amp5,7.26
X-3575,EDNRA,1909.0,Del0.8,0.76
X-3575,EFR3A,23167.0,Amp5,5.54
X-3575,EGFEM1P,93556.0,Amp5,7.52
X-3575,EID2,163126.0,Amp5,5.03
X-3575,EID2B,126272.0,Amp5,5.03
X-3575,EIF1AY,9086.0,Del0.8,0.22
X-3575,EIF3H,8667.0,Amp5,5.54
X-3575,EIF4EBP3,8637.0,Del0.8,0.7
X-3575,EIF5,1983.0,MutNovel,"T178TP,0.225"
X-3575,EIF5A2,56648.0,Amp5,7.26
X-3575,ELF4,2000.0,Del0.8,0.69
X-3575,ELP2,55250.0,Del0.8,0.74
X-3575,ENOX2,10495.0,Del0.8,0.69
X-3575,ENPP2,5168.0,Amp5,5.54
X-3575,ESX1,80712.0,Del0.8,0.69
X-3575,ETAA1,54465.0,MutNovel,"F313L,0.602"
X-3575,EVX1,2128.0,Del0.8,0.69
X-3575,EXT1,2131.0,Amp5,5.54
X-3575,F11,2160.0,Del0.8,0.67
X-3575,F8,2157.0,MutNovel,"V122G,0.467"
X-3575,FABP7,2173.0,Del0.8,0.7
X-3575,FAM108B1,51104.0,Del0.8,0.73
X-3575,FAM122B,159090.0,Del0.8,0.69
X-3575,FAM122C,159091.0,Del0.8,0.69
X-3575,FAM126A,84668.0,Del0.8,0.7
X-3575,FAM127A,8933.0,Del0.8,0.69
X-3575,FAM127B,26071.0,Del0.8,0.69
X-3575,FAM127C,441518.0,Del0.8,0.69
X-3575,FAM133A,286499.0,Del0.8,0.72
X-3575,FAM149A,25854.0,Del0.8,0.67
X-3575,FAM149B1,317662.0,MutNovel,"T425A,0.600"
X-3575,FAM157A,728262.0,Amp5,5.28
X-3575,FAM160A1,729830.0,Del0.8,0.77
X-3575,FAM162B,221303.0,Del0.8,0.69
X-3575,FAM171B,165215.0,MutNovel,"-50Q,0.938"
X-3575,FAM184A,79632.0,Del0.8,0.69
X-3575,FAM188B,84182.0,Del0.8,0.69
X-3575,FAM197Y2P,252946.0,Del0.8,0.22
X-3575,FAM199X,139231.0,Del0.8,0.69
X-3575,FAM21A,387680.0,MutNovel,"K555N,1.000"
X-3575,FAM21A,387680.0,Del0.8,0.67
X-3575,FAM21B,55747.0,MutNovel,"V1197M,0.737"
X-3575,FAM26D,221301.0,Del0.8,0.69
X-3575,FAM26E,254228.0,Del0.8,0.69
X-3575,FAM26F,441168.0,Del0.8,0.69
X-3575,FAM41AY1,340618.0,Del0.8,0.22
X-3575,FAM41AY1,340618.0,Del0.8,0.22
X-3575,FAM43A,131583.0,Amp5,5.28
X-3575,FAM45B,55855.0,Del0.8,0.69
X-3575,FAM46D,169966.0,Del0.8,0.71
X-3575,FAM49B,51571.0,Amp5,5.54
X-3575,FAM70A,55026.0,Del0.8,0.7
X-3575,FAM83A,84985.0,Amp5,5.54
X-3575,FAM84B,157638.0,Amp5,5.54
X-3575,FAM86B2,653333.0,MutNovel,"R285S,0.625"
X-3575,FAM86B2,653333.0,MutNovel,"V280M,1.000"
X-3575,FAM91A1,157769.0,Amp5,5.54
X-3575,FASTKD5,60493.0,MutNovel,"A413S,0.620"
X-3575,FBN2,2201.0,Del0.8,0.69
X-3575,FBXO17,115290.0,Amp5,5.03
X-3575,FBXO27,126433.0,Amp5,5.03
X-3575,FBXO32,114907.0,Amp5,5.54
X-3575,FBXO45,200933.0,Amp5,5.28
X-3575,FBXW7,55294.0,Del0.8,0.77
X-3575,FCAR,2204.0,Amp5,7.57
X-3575,FER1L6,654463.0,Amp5,5.54
X-3575,FER1L6-AS1,439941.0,Amp5,5.54
X-3575,FGA,2243.0,Del0.8,0.77
X-3575,FGB,2244.0,Del0.8,0.77
X-3575,FGFR4,2264.0,MutNovel,"L454Q,0.385"
X-3575,FGG,2266.0,Del0.8,0.77
X-3575,FHDC1,85462.0,Del0.8,0.77
X-3575,FHL1,2273.0,MutNovel,"K118E,1.000"
X-3575,FHL1,2273.0,Del0.8,0.69
X-3575,FHOD3,80206.0,Del0.8,0.74
X-3575,FIG4,9896.0,Del0.8,0.7
X-3575,FILIP1,27145.0,MutNovel,"P857R,0.226"
X-3575,FKBP14,55033.0,Del0.8,0.69
X-3575,FKBP15,23307.0,Del0.8,0.74
X-3575,FLJ33630,644873.0,Del0.8,0.69
X-3575,FLJ34208,401106.0,Amp5,5.28
X-3575,FLJ34503,285759.0,Del0.8,0.69
X-3575,FLRT3,23767.0,MutNovel,"V233L,0.312"
X-3575,FNBP4,23360.0,MutNovel,"P9S,0.283"
X-3575,FNDC3B,64778.0,Amp5,7.26
X-3575,FOXB2,442425.0,Del0.8,0.74
X-3575,FOXI3,344167.0,MutNovel,"A50P,1.000"
X-3575,FOXK1,221937.0,Del0.8,0.25
X-3575,FOXO3,2309.0,Del0.8,0.71
X-3575,FRK,2444.0,Del0.8,0.69
X-3575,FRMD7,90167.0,Del0.8,0.69
X-3575,FTMT,94033.0,Del0.8,0.71
X-3575,FYN,2534.0,Del0.8,0.7
X-3575,FYTTD1,84248.0,Amp5,5.28
X-3575,FZD6,8323.0,MutNovel,"S384Y,0.258"
X-3575,GAGE12C,,MutNovel,"M97V,0.800"
X-3575,GAGE12D,100132399.0,MutNovel,"M97V,0.500"
X-3575,GAGE12E,,MutNovel,"M97V,1.000"
X-3575,GAGE12F,100008586.0,MutNovel,"M97V,0.750"
X-3575,GAGE12G,,MutNovel,"Y9C,0.691"
X-3575,GAGE12G,,MutNovel,"R13S,0.333"
X-3575,GAGE12G,,MutNovel,"R28Q,0.222"
X-3575,GAGE12G,,MutNovel,"M97V,0.857"
X-3575,GAGE12H,,MutNovel,"R13S,0.671"
X-3575,GAGE12J,729396.0,MutNovel,"M97V,0.862"
X-3575,GAGE13,645051.0,MutNovel,"M97V,0.931"
X-3575,GAGE2B,645037.0,MutNovel,"M96V,0.375"
X-3575,GAGE2D,729408.0,MutNovel,"M96V,0.516"
X-3575,GAGE2E,26749.0,MutNovel,"M96V,1.000"
X-3575,GALNT1,2589.0,Del0.8,0.74
X-3575,GARS,2617.0,Del0.8,0.69
X-3575,GAS1,2619.0,MutNovel,"P74R,1.000"
X-3575,GBP3,2635.0,MutNovel,"D392E,0.762"
X-3575,GCLC,2729.0,MutNovel,"G502F,0.285"
X-3575,GCNT1,2650.0,Del0.8,0.74
X-3575,GDA,9615.0,Del0.8,0.73
X-3575,GGCT,79017.0,Del0.8,0.69
X-3575,GHRHR,2692.0,Del0.8,0.69
X-3575,GHSR,2693.0,Amp5,7.26
X-3575,GIGYF2,26058.0,MutNovel,"PQ1231P,0.505"
X-3575,GJA1,2697.0,Del0.8,0.7
X-3575,GJB5,2709.0,MutNovel,"L244F,0.429"
X-3575,GK5,256356.0,Amp5,5.35
X-3575,GLA,2717.0,Del0.8,0.69
X-3575,GLE1,2733.0,MutNovel,"R584Q,0.593"
X-3575,GLIPR1L2,144321.0,MutNovel,"D239DN,1.000"
X-3575,GLRA4,441509.0,Del0.8,0.69
X-3575,GLUD2,2747.0,Del0.8,0.7
X-3575,GMFG,9535.0,Amp5,5.03
X-3575,GNA14,9630.0,Del0.8,0.76
X-3575,GOLGA2P2Y,84559.0,Del0.8,0.22
X-3575,GOLGA2P2Y,84559.0,Del0.8,0.22
X-3575,GOLGA6L3,,MutNovel,"Q239H,0.400"
X-3575,GOLGA8B,440270.0,MutNovel,"K389R,0.600"
X-3575,GOLGA8B,440270.0,MutNovel,"L386Q,0.600"
X-3575,GOLIM4,27333.0,Amp5,7.52
X-3575,GOPC,57120.0,Del0.8,0.69
X-3575,GP5,2814.0,Amp5,5.28
X-3575,GPC3,2719.0,Del0.8,0.69
X-3575,GPC4,2239.0,Del0.8,0.69
X-3575,GPNMB,10457.0,Del0.8,0.7
X-3575,GPR119,139760.0,Del0.8,0.69
X-3575,GPR160,26996.0,Amp5,7.26
X-3575,GPR37,2861.0,MutNovel,"V544G,0.551"
X-3575,GPR6,2830.0,Del0.8,0.7
X-3575,GPR98,84059.0,MutNovel,"P4155S,0.435"
X-3575,GPRASP1,9737.0,Del0.8,0.69
X-3575,GPRASP2,114928.0,Del0.8,0.69
X-3575,GPRC6A,222545.0,Del0.8,0.69
X-3575,GPT2,84706.0,Del0.8,0.71
X-3575,GRAMD3,65983.0,Del0.8,0.69
X-3575,GRIA3,2892.0,Del0.8,0.7
X-3575,GRIK2,2898.0,Del0.8,0.71
X-3575,GRK7,131890.0,Amp5,5.35
X-3575,GSDMC,56169.0,Amp5,5.54
X-3575,GSTM2P1,442245.0,Del0.8,0.7
X-3575,GSTT1,2952.0,Amp5,5.35
X-3575,GSTTP1,25774.0,Amp5,5.35
X-3575,GTF3C6,112495.0,Del0.8,0.7
X-3575,GUCY1A3,2982.0,Del0.8,0.77
X-3575,GUCY1B3,2983.0,Del0.8,0.77
X-3575,GUCY2F,2986.0,Del0.8,0.68
X-3575,GYG2P1,352887.0,Del0.8,0.22
X-3575,H2BFM,286436.0,Del0.8,0.69
X-3575,H2BFWT,158983.0,Del0.8,0.69
X-3575,H2BFXP,767811.0,Del0.8,0.69
X-3575,H2BFXP,767811.0,Del0.8,0.69
X-3575,HAS2,3037.0,Amp5,5.54
X-3575,HAS2-AS1,594842.0,Amp5,5.54
X-3575,HBEGF,1839.0,Del0.8,0.7
X-3575,HCFC1R1,54985.0,MutNovel,"P125T,0.458"
X-3575,HDAC2,3066.0,Del0.8,0.69
X-3575,HDDC2,51020.0,Del0.8,0.7
X-3575,HDHD3,81932.0,Del0.8,0.74
X-3575,HDX,139324.0,Del0.8,0.71
X-3575,HELT,391723.0,Del0.8,0.67
X-3575,HES1,3280.0,Amp5,5.28
X-3575,HEY2,23493.0,Del0.8,0.7
X-3575,HGC6.3,100128124.0,MutNovel,"Q66P,0.214"
X-3575,HGC6.3,100128124.0,MutNovel,"Q66P,0.312"
X-3575,HGC6.3,100128124.0,MutNovel,"M58V,0.342"
X-3575,HGC6.3,100128124.0,MutNovel,"Q52P,0.370"
X-3575,HGC6.3,100128124.0,MutNovel,"S21F,0.436"
X-3575,HHLA1,10086.0,Amp5,5.54
X-3575,HIBADH,11112.0,Del0.8,0.69
X-3575,HIST1H1C,3006.0,MutNovel,"P210H,0.351"
X-3575,HLA-DRB5,3127.0,MutNovel,"E125P,0.263"
X-3575,HLA-DRB5,3127.0,MutNovel,"A87E,0.559"
X-3575,HMGN5,79366.0,Del0.8,0.71
X-3575,HNRNPA2B1,3181.0,Del0.8,0.69
X-3575,HNRNPH2,3188.0,Del0.8,0.69
X-3575,HNRNPL,3191.0,Amp5,5.03
X-3575,HOTAIRM1,100506311.0,Del0.8,0.69
X-3575,HOTTIP,100316868.0,Del0.8,0.69
X-3575,HOXA1,3198.0,Del0.8,0.69
X-3575,HOXA10,3206.0,Del0.8,0.69
X-3575,HOXA10-HOXA9,100534589.0,Del0.8,0.69
X-3575,HOXA11,3207.0,Del0.8,0.69
X-3575,HOXA13,3209.0,Del0.8,0.69
X-3575,HOXA2,3199.0,Del0.8,0.69
X-3575,HOXA3,3200.0,Del0.8,0.69
X-3575,HOXA4,3201.0,Del0.8,0.69
X-3575,HOXA5,3202.0,Del0.8,0.69
X-3575,HOXA6,3203.0,Del0.8,0.69
X-3575,HOXA7,3204.0,Del0.8,0.69
X-3575,HOXA9,3205.0,Del0.8,0.69
X-3575,HPRT1,3251.0,Del0.8,0.69
X-3575,HPYR1,93668.0,Amp5,5.54
X-3575,HRASLS,57110.0,Amp5,5.28
X-3575,HS3ST5,222537.0,Del0.8,0.69
X-3575,HS6ST2,90161.0,Del0.8,0.69
X-3575,HSF2,3298.0,Del0.8,0.7
X-3575,HSFY2,159119.0,Del0.8,0.22
X-3575,HSFY2,159119.0,Del0.8,0.22
X-3575,HSP90AA4P,3323.0,Del0.8,0.74
X-3575,HSPA1A,3303.0,MutNovel,"Q441K,0.400"
X-3575,HSPB1,3315.0,MutKnownFunctional,"-145?,0.257"
X-3575,HSPG2,3339.0,MutNovel,"E95D,0.240"
X-3575,HTR2C,3358.0,Del0.8,0.7
X-3575,HUWE1,10075.0,MutNovel,"R431G,1.000"
X-3575,IGF2BP3,10643.0,Del0.8,0.7
X-3575,IGIP,492311.0,Del0.8,0.7
X-3575,IGSF1,3547.0,Del0.8,0.69
X-3575,IGSF10,285313.0,MutNovel,"R2533H,0.400"
X-3575,IL13RA1,3597.0,Del0.8,0.7
X-3575,IL13RA2,3598.0,Del0.8,0.7
X-3575,IL1RAPL2,26280.0,Del0.8,0.69
X-3575,IL28A,282616.0,Amp5,5.03
X-3575,IL28B,282617.0,Amp5,5.03
X-3575,IL29,282618.0,Amp5,5.03
X-3575,IL5RA,3568.0,Del0.8,0.7
X-3575,IL6,3569.0,Del0.8,0.7
X-3575,ING2,3622.0,Del0.8,0.7
X-3575,INMT,11185.0,Del0.8,0.69
X-3575,INMT-FAM188B,100526825.0,Del0.8,0.69
X-3575,INO80C,125476.0,Del0.8,0.74
X-3575,IQCG,84223.0,Amp5,5.28
X-3575,IQSEC1,9922.0,MutNovel,"T341K,0.202"
X-3575,IQSEC2,23096.0,MutNovel,"I883V,0.597"
X-3575,IRF2,3660.0,Del0.8,0.67
X-3575,IRF2BPL,64207.0,MutNovel,"QQ114Q,0.452"
X-3575,IRS4,8471.0,Del0.8,0.65
X-3575,ISOC1,51015.0,Del0.8,0.68
X-3575,ITFG1,81533.0,Del0.8,0.71
X-3575,ITFG2,55846.0,MutNovel,"G191R,0.335"
X-3575,ITGB8,3696.0,Del0.8,0.7
X-3575,ITPKC,80271.0,MutNovel,"E307Q,0.746"
X-3575,ITPR3,3710.0,MutNovel,"R1637H,0.302"
X-3575,JAZF1,221895.0,Del0.8,0.69
X-3575,JAZF1-AS1,100128081.0,Del0.8,0.69
X-3575,KALRN,8997.0,MutNovel,"Y2030N,0.234"
X-3575,KANSL1,,MutNovel,"R525A,1.000"
X-3575,KBTBD8,84541.0,Amp5,5.39
X-3575,KCNE1L,23630.0,Del0.8,0.68
X-3575,KCNG1,3755.0,Amp5,5.98
X-3575,KCNH8,131096.0,MutNovel,"A309T,0.375"
X-3575,KCNK15,60598.0,MutNovel,"V284E,0.566"
X-3575,KCNQ3,3786.0,Amp5,5.54
X-3575,KCTD1,284252.0,Amp5,7.94
X-3575,KDM5D,8284.0,Del0.8,0.22
X-3575,KIAA0087,9808.0,Del0.8,0.69
X-3575,KIAA0196,9897.0,Amp5,5.54
X-3575,KIAA0226,9711.0,Amp5,5.28
X-3575,KIAA0430,9665.0,MutNovel,"R933W,0.730"
X-3575,KIAA0556,23247.0,MutNovel,"Q1374H,0.216"
X-3575,KIAA0922,23240.0,Del0.8,0.77
X-3575,KIAA1210,57481.0,Del0.8,0.7
X-3575,KIAA1328,57536.0,Del0.8,0.74
X-3575,KIAA1430,57587.0,Del0.8,0.67
X-3575,KIAA1919,91749.0,Del0.8,0.7
X-3575,KIF12,113220.0,Del0.8,0.74
X-3575,KIF20B,9585.0,MutNovel,"L1062LKV,0.495"
X-3575,KIF7,374654.0,MutNovel,"A288T,0.420"
X-3575,KIR2DL1,3802.0,Amp5,7.57
X-3575,KIR2DL3,3804.0,Amp5,7.57
X-3575,KIR2DL4,3805.0,Amp5,7.57
X-3575,KIR2DS4,3809.0,Amp5,7.57
X-3575,KIR3DL1,3811.0,Amp5,7.57
X-3575,KIR3DL2,3812.0,Amp5,7.57
X-3575,KIR3DL3,115653.0,Amp5,7.57
X-3575,KIR3DX1,90011.0,Amp5,7.57
X-3575,KLHL13,90293.0,Del0.8,0.7
X-3575,KLHL38,340359.0,Amp5,5.54
X-3575,KLHL4,56062.0,Del0.8,0.73
X-3575,KLHL7,55975.0,Del0.8,0.7
X-3575,KLKB1,3818.0,Del0.8,0.67
X-3575,KLLN,100144748.0,MutNovel,"R128G,0.667"
X-3575,KPNA5,3841.0,Del0.8,0.69
X-3575,KTN1,3895.0,MutNovel,"R629C,0.657"
X-3575,LAIR1,3903.0,Amp5,7.57
X-3575,LAIR2,3904.0,Amp5,7.57
X-3575,LAMA4,3910.0,Del0.8,0.7
X-3575,LAMC2,3918.0,MutNovel,"R347C,0.629"
X-3575,LAMP2,3920.0,Del0.8,0.7
X-3575,LCMT2,9836.0,MutNovel,"L682F,0.457"
X-3575,LCN1,3933.0,MutNovel,"F46L,0.750"
X-3575,LCN1,3933.0,MutNovel,"G99R,1.000"
X-3575,LCN1,3933.0,MutNovel,"V131A,1.000"
X-3575,LCN1,3933.0,MutNovel,"A154V,1.000"
X-3575,LENG1,79165.0,Amp5,7.57
X-3575,LENG8,114823.0,Amp5,7.57
X-3575,LENG9,94059.0,Amp5,7.57
X-3575,LGALS13,29124.0,Amp5,5.03
X-3575,LGALS14,56891.0,Amp5,5.03
X-3575,LGALS16,148003.0,Amp5,5.03
X-3575,LGALS17A,400696.0,Amp5,5.03
X-3575,LGALS4,3960.0,Amp5,5.03
X-3575,LGALS7,3963.0,Amp5,5.03
X-3575,LGALS7B,653499.0,Amp5,5.03
X-3575,LHFPL1,340596.0,Del0.8,0.69
X-3575,LILRA1,11024.0,Amp5,7.57
X-3575,LILRA2,11027.0,Amp5,7.57
X-3575,LILRA3,11026.0,Amp5,7.57
X-3575,LILRA4,23547.0,Amp5,7.57
X-3575,LILRA5,353514.0,Amp5,7.57
X-3575,LILRA6,79168.0,Amp5,7.57
X-3575,LILRB1,10859.0,Amp5,7.57
X-3575,LILRB2,10288.0,Amp5,7.57
X-3575,LILRB3,11025.0,Amp5,7.57
X-3575,LILRB4,11006.0,Amp5,7.57
X-3575,LILRB5,10990.0,Amp5,7.57
X-3575,LILRP2,79166.0,Amp5,7.57
X-3575,LINC00086,399668.0,Del0.8,0.69
X-3575,LINC00087,644596.0,Del0.8,0.69
X-3575,LINC00222,387111.0,Del0.8,0.71
X-3575,LINC00311,197196.0,Del0.8,0.75
X-3575,LMAN2,10960.0,MutNovel,"T43P,0.312"
X-3575,LMLN,89782.0,Amp5,5.28
X-3575,LMNA,4000.0,MutNovel,"L162Q,0.272"
X-3575,LMNB1,4001.0,Del0.8,0.69
X-3575,LOC100128023,100128023.0,Amp5,5.28
X-3575,LOC100128164,100128164.0,Amp5,7.26
X-3575,LOC100129515,100129515.0,Del0.8,0.69
X-3575,LOC100129520,100129520.0,Del0.8,0.7
X-3575,LOC100129935,100129935.0,Amp5,5.03
X-3575,LOC100130231,100130231.0,Amp5,5.54
X-3575,LOC100131551,100131551.0,Amp5,5.28
X-3575,LOC100131726,100131726.0,Amp5,5.54
X-3575,LOC100132247,100132247.0,MutNovel,"P1069R,0.400"
X-3575,LOC100287632,100287632.0,Del0.8,0.69
X-3575,LOC100287765,100287765.0,Del0.8,0.69
X-3575,LOC100289361,100289361.0,Amp5,5.35
X-3575,LOC100505545,100505545.0,Del0.8,0.76
X-3575,LOC100505841,100505841.0,Del0.8,0.71
X-3575,LOC100506178,100506178.0,Del0.8,0.7
X-3575,LOC100506229,100506229.0,Del0.8,0.67
X-3575,LOC100506497,100506497.0,Del0.8,0.69
X-3575,LOC100506757,100506757.0,Del0.8,0.69
X-3575,LOC100507117,100507117.0,Amp5,5.54
X-3575,LOC100507389,100507389.0,Amp5,5.35
X-3575,LOC100507391,100507391.0,Amp5,5.28
X-3575,LOC100507577,100507577.0,Del0.8,0.71
X-3575,LOC100507607,,MutNovel,"P125T,1.000"
X-3575,LOC152217,152217.0,Amp5,5.28
X-3575,LOC157381,157381.0,Amp5,5.54
X-3575,LOC220729,220729.0,Amp5,5.28
X-3575,LOC285441,285441.0,Del0.8,0.67
X-3575,LOC285758,285758.0,Del0.8,0.69
X-3575,LOC286437,286437.0,Del0.8,0.69
X-3575,LOC286467,286467.0,Del0.8,0.69
X-3575,LOC339975,339975.0,Del0.8,0.7
X-3575,LOC340544,340544.0,Del0.8,0.69
X-3575,LOC389247,389247.0,Del0.8,0.7
X-3575,LOC389458,389458.0,Del0.8,0.25
X-3575,LOC391322,391322.0,Amp5,5.35
X-3575,LOC401109,401109.0,Amp5,5.28
X-3575,LOC401164,401164.0,Del0.8,0.71
X-3575,LOC401320,401320.0,Del0.8,0.69
X-3575,LOC441204,441204.0,Del0.8,0.69
X-3575,LOC442459,442459.0,Del0.8,0.69
X-3575,LOC642778,,MutNovel,"R140K,1.000"
X-3575,LOC642799,,MutNovel,"P321L,0.568"
X-3575,LOC643486,643486.0,Del0.8,0.72
X-3575,LOC643623,643623.0,Del0.8,0.7
X-3575,LOC643669,643669.0,Amp5,5.03
X-3575,LOC646168,646168.0,Amp5,7.52
X-3575,LOC646762,646762.0,Del0.8,0.69
X-3575,LOC647107,647107.0,Amp5,6.59
X-3575,LOC647323,647323.0,Amp5,5.28
X-3575,LOC727677,727677.0,Amp5,5.54
X-3575,LOC728175,728175.0,Del0.8,0.67
X-3575,LOC728606,728606.0,Amp5,7.94
X-3575,LOC728724,728724.0,Amp5,5.54
X-3575,LOC728888,,MutNovel,"P532L,0.242"
X-3575,LOC728888,,MutNovel,"P490L,0.273"
X-3575,LOC731424,731424.0,Del0.8,0.67
X-3575,LONP2,83752.0,Del0.8,0.71
X-3575,LONRF3,79836.0,Del0.8,0.7
X-3575,LOX,4015.0,MutNovel,"A316G,1.000"
X-3575,LOX,4015.0,Del0.8,0.71
X-3575,LRAT,9227.0,Del0.8,0.77
X-3575,LRCH2,57631.0,Del0.8,0.7
X-3575,LRCH3,84859.0,Amp5,5.28
X-3575,LRFN1,57622.0,Amp5,5.03
X-3575,LRIG1,26018.0,Amp5,5.39
X-3575,LRP2BP,55805.0,Del0.8,0.67
X-3575,LRRC15,131578.0,Amp5,5.28
X-3575,LRRC20,55222.0,MutNovel,"L86I,0.417"
X-3575,LRRC31,79782.0,Amp5,7.26
X-3575,LRRC33,375387.0,Amp5,5.28
X-3575,LRRC34,151827.0,Amp5,7.26
X-3575,LRRC6,23639.0,Amp5,5.54
X-3575,LRRIQ4,344657.0,Amp5,7.26
X-3575,LRRN1,57633.0,Del0.8,0.7
X-3575,LSG1,55341.0,Amp5,5.28
X-3575,LSM6,11157.0,Del0.8,0.76
X-3575,LSR,51599.0,MutNovel,"G518GR,1.000"
X-3575,LUZP4,51213.0,Del0.8,0.7
X-3575,LYSMD4,145748.0,MutNovel,"T8P,0.321"
X-3575,MAB21L2,10586.0,Del0.8,0.76
X-3575,MAD1L1,8379.0,MutNovel,"P424L,1.000"
X-3575,MAGEA12,4111.0,MutNovel,"V279I,1.000"
X-3575,MAL2,114569.0,Amp5,5.54
X-3575,MAN1A1,4121.0,Del0.8,0.69
X-3575,MAN2C1,4123.0,MutNovel,"M364V,0.553"
X-3575,MAP3K4,4216.0,MutNovel,"PA1189P,1.000"
X-3575,MAP9,79884.0,Del0.8,0.77
X-3575,MAPK8IP2,23542.0,Del0.8,0.76
X-3575,MAPK8IP3,23162.0,MutNovel,"N977K,0.565"
X-3575,MAPRE2,10982.0,Del0.8,0.71
X-3575,2014-03-03 00:00:00,115123.0,Del0.8,0.69
X-3575,MARCKS,4082.0,Del0.8,0.69
X-3575,MATR3,9782.0,Del0.8,0.7
X-3575,MBD5,55777.0,MutNovel,"Q993H,0.523"
X-3575,MBNL3,55796.0,Del0.8,0.69
X-3575,MBOAT7,79143.0,Amp5,7.57
X-3575,MCM9,254394.0,Del0.8,0.69
X-3575,MCTS1,28985.0,Del0.8,0.7
X-3575,MECOM,2122.0,Amp5,7.26
X-3575,MED24,9862.0,MutNovel,"T260P,0.996"
X-3575,MED29,55588.0,Amp5,5.03
X-3575,MED30,90390.0,Amp5,5.54
X-3575,MEGF10,84466.0,Del0.8,0.69
X-3575,MEGF9,1955.0,MutNovel,"P73A,0.375"
X-3575,MFI2,4241.0,Amp5,5.28
X-3575,MFI2-AS1,100507057.0,Amp5,5.28
X-3575,MGAT5,4249.0,MutNovel,"A716T,0.397"
X-3575,MGC16121,84848.0,Del0.8,0.69
X-3575,MGC2889,84789.0,Amp5,5.28
X-3575,MGC45800,90768.0,Del0.8,0.7
X-3575,MICAL1,64780.0,Del0.8,0.71
X-3575,MID2,11043.0,Del0.8,0.69
X-3575,MIR106A,406899.0,Del0.8,0.69
X-3575,MIR1204,100302185.0,Amp5,5.54
X-3575,MIR1205,100302161.0,Amp5,5.54
X-3575,MIR1206,100302170.0,Amp5,5.54
X-3575,MIR1207,100302175.0,Amp5,5.54
X-3575,MIR1208,100302281.0,Amp5,5.54
X-3575,MIR1256,100302155.0,Del0.8,0.69
X-3575,MIR1264,100302251.0,Del0.8,0.7
X-3575,MIR1277,100302214.0,Del0.8,0.7
X-3575,MIR1298,100302153.0,Del0.8,0.7
X-3575,MIR1305,100302270.0,Del0.8,0.7
X-3575,MIR148A,406940.0,Del0.8,0.69
X-3575,MIR187,406963.0,Del0.8,0.74
X-3575,MIR18B,574033.0,Del0.8,0.69
X-3575,MIR1911,100302222.0,Del0.8,0.7
X-3575,MIR1912,100302144.0,Del0.8,0.7
X-3575,MIR196B,442920.0,Del0.8,0.69
X-3575,MIR19B2,406981.0,Del0.8,0.69
X-3575,MIR20B,574032.0,Del0.8,0.69
X-3575,MIR302F,100302131.0,Amp5,5.39
X-3575,MIR3140,100422896.0,Del0.8,0.77
X-3575,MIR3194,100422889.0,Amp5,5.98
X-3575,MIR3610,100500914.0,Amp5,5.54
X-3575,MIR363,574031.0,Del0.8,0.69
X-3575,MIR3914-1,100500836.0,Del0.8,0.76
X-3575,MIR3914-2,100500920.0,Del0.8,0.76
X-3575,MIR3945,100500818.0,Del0.8,0.67
X-3575,MIR3975,100616257.0,Del0.8,0.74
X-3575,MIR3978,100616491.0,Del0.8,0.68
X-3575,MIR424,494336.0,Del0.8,0.69
X-3575,MIR4318,100422857.0,Del0.8,0.74
X-3575,MIR4329,100423009.0,Del0.8,0.69
X-3575,MIR4460,100616325.0,Del0.8,0.68
X-3575,MIR448,554212.0,Del0.8,0.7
X-3575,MIR450A1,554214.0,Del0.8,0.69
X-3575,MIR450A2,574505.0,Del0.8,0.69
X-3575,MIR450B,100126302.0,Del0.8,0.69
X-3575,MIR4530,100616163.0,Amp5,5.03
X-3575,MIR455,619556.0,Del0.8,0.74
X-3575,MIR4633,100616175.0,Del0.8,0.68
X-3575,MIR4650-1,100616310.0,Del0.8,0.72
X-3575,MIR4656,100616465.0,Del0.8,0.25
X-3575,MIR4663,100616260.0,Amp5,5.54
X-3575,MIR4752,100616171.0,Amp5,7.57
X-3575,MIR4756,100616225.0,Amp5,5.98
X-3575,MIR4789,100616395.0,Amp5,7.41
X-3575,MIR4797,100616216.0,Amp5,5.28
X-3575,MIR4799,100616246.0,Del0.8,0.76
X-3575,MIR503,574506.0,Del0.8,0.69
X-3575,MIR542,664617.0,Del0.8,0.69
X-3575,MIR548AE2,100616339.0,Del0.8,0.71
X-3575,MIR548B,693128.0,Del0.8,0.69
X-3575,MIR548H3,100302287.0,Del0.8,0.74
X-3575,MIR550A1,693133.0,Del0.8,0.69
X-3575,MIR550A3,100616354.0,Del0.8,0.69
X-3575,MIR550B1,100500883.0,Del0.8,0.69
X-3575,MIR551B,693136.0,Amp5,7.52
X-3575,MIR569,693154.0,Amp5,7.26
X-3575,MIR570,693155.0,Amp5,5.28
X-3575,MIR764,100313838.0,Del0.8,0.7
X-3575,MIR766,768218.0,Del0.8,0.7
X-3575,MIR922,100126321.0,Amp5,5.28
X-3575,MIR92A2,407049.0,Del0.8,0.69
X-3575,MIR935,100126325.0,Amp5,7.57
X-3575,MLF1IP,79682.0,Del0.8,0.67
X-3575,MMD2,221938.0,Del0.8,0.25
X-3575,MMGT1,93380.0,Del0.8,0.69
X-3575,MND1,84057.0,Del0.8,0.77
X-3575,MOCOS,55034.0,Del0.8,0.74
X-3575,MOCS3,27304.0,Amp5,5.98
X-3575,MON2,23041.0,MutNovel,"Q1060E,0.251"
X-3575,MORC4,79710.0,Del0.8,0.69
X-3575,MORF4L2,9643.0,Del0.8,0.69
X-3575,MOSPD1,56180.0,Del0.8,0.69
X-3575,MPP6,51678.0,Del0.8,0.7
X-3575,MPPED2,744.0,Amp5,6.15
X-3575,MPRIP,23164.0,MutNovel,"TS178T,1.000"
X-3575,MRPL13,28998.0,Amp5,5.54
X-3575,MRPL18,29074.0,MutNovel,"L10W,1.000"
X-3575,MRPL2,51069.0,MutNovel,"S294I,0.257"
X-3575,MRPS12,6183.0,Amp5,5.03
X-3575,MST4,51765.0,Del0.8,0.69
X-3575,MTBP,27085.0,Amp5,5.54
X-3575,MTNR1A,4543.0,Del0.8,0.67
X-3575,MTSS1,9788.0,Amp5,5.54
X-3575,MUC20,200958.0,Amp5,5.28
X-3575,MUC4,4585.0,MutNovel,"P2194L,0.667"
X-3575,MUC4,4585.0,MutNovel,"T2191I,0.667"
X-3575,MUC4,4585.0,Amp5,5.28
X-3575,MUM1L1,139221.0,Del0.8,0.69
X-3575,MYADML2,255275.0,MutNovel,"R112Q,1.000"
X-3575,MYC,4609.0,Amp5,5.54
X-3575,MYLK3,91807.0,Del0.8,0.71
X-3575,MYNN,55892.0,Amp5,7.26
X-3575,MYOF,26509.0,MutNovel,"R1027C,0.611"
X-3575,MZB1,51237.0,Del0.8,0.7
X-3575,N4BP1,9683.0,Del0.8,0.71
X-3575,NACAD,23148.0,MutNovel,"S694L,0.357"
X-3575,NAP1L3,4675.0,Del0.8,0.72
X-3575,NBPF10,100132406.0,MutNovel,"I1165F,0.259"
X-3575,NBPF12,,MutNovel,"P7S,1.000"
X-3575,NBPF12,,MutNovel,"S2793P,1.000"
X-3575,NCBP2,22916.0,Amp5,5.28
X-3575,NCCRP1,342897.0,Amp5,5.03
X-3575,NCEH1,57552.0,Amp5,7.26
X-3575,NCOA3,8202.0,MutNovel,"P1198S,0.477"
X-3575,NCOA3,8202.0,MutNovel,"Q1255-,0.363"
X-3575,NCOR2,9612.0,MutNovel,"G1839GAAA,0.991"
X-3575,NCOR2,9612.0,MutNovel,"-511S,0.621"
X-3575,NCR1,9437.0,Amp5,7.57
X-3575,NCRNA00185,55410.0,Del0.8,0.22
X-3575,NDOR1,27158.0,MutNovel,"P159L,0.713"
X-3575,NDUFA1,4694.0,Del0.8,0.7
X-3575,NDUFA3,4696.0,Amp5,7.57
X-3575,NDUFB9,4715.0,Amp5,5.54
X-3575,NEMF,9147.0,MutNovel,"K923T,0.237"
X-3575,NETO2,81831.0,Del0.8,0.71
X-3575,NEURL,9148.0,MutNovel,"R562H,0.714"
X-3575,NEUROD6,63974.0,Del0.8,0.69
X-3575,NF2,4771.0,MutNovel,"S584C,0.492"
X-3575,NFATC2,4773.0,Amp5,5.98
X-3575,NFE2L3,9603.0,Del0.8,0.69
X-3575,NFKBIB,4793.0,Amp5,5.03
X-3575,NGFRAP1,27018.0,Del0.8,0.69
X-3575,NKAIN2,154215.0,Del0.8,0.7
X-3575,NKAP,79576.0,Del0.8,0.7
X-3575,NKAPP1,158801.0,Del0.8,0.7
X-3575,NKD2,85409.0,MutNovel,"K182R,0.278"
X-3575,NKRF,55922.0,Del0.8,0.7
X-3575,NLGN1,22871.0,Amp8,8.88
X-3575,NLGN4Y,22829.0,Del0.8,0.22
X-3575,NNT,23530.0,MutNovel,"G94D,0.569"
X-3575,NOD1,10392.0,Del0.8,0.69
X-3575,NOV,4856.0,Amp5,5.54
X-3575,NOX1,27035.0,Del0.8,0.69
X-3575,NPIPL3,23117.0,MutNovel,"C1076R,0.353"
X-3575,NPIPL3,23117.0,MutNovel,"V162L,0.229"
X-3575,NPVF,64111.0,Del0.8,0.69
X-3575,NPY,4852.0,Del0.8,0.7
X-3575,NPY2R,4887.0,Del0.8,0.77
X-3575,NR3C2,4306.0,Del0.8,0.76
X-3575,NRG2,9542.0,Del0.8,0.7
X-3575,NRK,203447.0,Del0.8,0.69
X-3575,NSMCE2,286053.0,Amp5,5.54
X-3575,NT5DC1,221294.0,Del0.8,0.69
X-3575,NUDT19,390916.0,MutNovel,"S73L,0.574"
X-3575,NUP133,55746.0,MutNovel,"R659W,0.254"
X-3575,NUP62CL,54830.0,Del0.8,0.69
X-3575,NUPL2,11097.0,Del0.8,0.7
X-3575,NUS1,116150.0,Del0.8,0.69
X-3575,NXF2,56001.0,Del0.8,0.69
X-3575,NXF2,56001.0,Del0.8,0.69
X-3575,NXF2B,728343.0,Del0.8,0.69
X-3575,NXF2B,728343.0,Del0.8,0.69
X-3575,NXF3,56000.0,Del0.8,0.69
X-3575,NXF4,55999.0,Del0.8,0.69
X-3575,NXF5,55998.0,Del0.8,0.69
X-3575,NXT2,55916.0,Del0.8,0.68
X-3575,OBSCN,84033.0,MutNovel,"A5707D,0.561"
X-3575,OC90,729330.0,Amp5,5.54
X-3575,OCRL,4952.0,Del0.8,0.69
X-3575,ODZ1,10178.0,Del0.8,0.7
X-3575,ODZ3,55714.0,Del0.8,0.7
X-3575,OGFOD1,55239.0,MutNovel,"V212VS,1.000"
X-3575,OPA1,4976.0,Amp5,5.28
X-3575,OR11H12,440153.0,MutNovel,"R199L,1.000"
X-3575,OR13H1,347468.0,Del0.8,0.69
X-3575,ORAI1,84876.0,MutNovel,"PP43-,1.000"
X-3575,ORC6,23594.0,Del0.8,0.71
X-3575,OSBPL3,26031.0,Del0.8,0.49
X-3575,OSCAR,126014.0,Amp5,7.57
X-3575,OSTF1,26578.0,Del0.8,0.74
X-3575,OSTalpha,200931.0,Amp5,5.28
X-3575,P2RY8,286530.0,MutKnownFunctional,"-1394,1.000"
X-3575,PABPC3,5042.0,MutKnownFunctional,"-226,1.000"
X-3575,PABPC3,5042.0,MutKnownFunctional,"-299,0.667"
X-3575,PABPC3,5042.0,MutNovel,"Y377H,0.667"
X-3575,PABPC5,140886.0,Del0.8,0.72
X-3575,PADI3,51702.0,MutNovel,"D122A,1.000"
X-3575,PAF1,54623.0,Amp5,5.03
X-3575,PAIP2,51247.0,Del0.8,0.7
X-3575,PAK2,5062.0,Amp5,5.28
X-3575,PAK3,5063.0,Del0.8,0.69
X-3575,PAK4,10298.0,Amp5,5.03
X-3575,PAPL,390928.0,Amp5,5.03
X-3575,PAPOLB,56903.0,Del0.8,0.25
X-3575,PAQR9,344838.0,Amp5,5.35
X-3575,PBK,55872.0,MutNovel,"Q159E,0.466"
X-3575,PBX3,5090.0,MutNovel,"A37V,0.314"
X-3575,PCA3,50652.0,Del0.8,0.74
X-3575,PCAT1,100750225.0,Amp5,5.54
X-3575,PCDH11X,27328.0,Del0.8,0.72
X-3575,PCDH11Y,83259.0,Del0.8,0.22
X-3575,PCDH19,57526.0,Del0.8,0.69
X-3575,PCDHGB4,8641.0,MutNovel,"LPV14L,1.000"
X-3575,PCK1,5105.0,Amp5,5.21
X-3575,PCNT,5116.0,MutNovel,"R1650W,0.712"
X-3575,PCOLCE2,26577.0,Amp5,5.35
X-3575,PCSK5,5125.0,Del0.8,0.61
X-3575,PCYT1A,5130.0,Amp5,5.28
X-3575,PDCD10,11235.0,Amp5,7.52
X-3575,PDLIM3,27295.0,Del0.8,0.67
X-3575,PDLIM7,9260.0,MutNovel,"S89R,0.300"
X-3575,PET112,5188.0,Del0.8,0.77
X-3575,PEX2,5828.0,MutNovel,"V135A,0.252"
X-3575,PFDN1,5201.0,Del0.8,0.7
X-3575,PFDN4,5203.0,Amp5,5.98
X-3575,PGRMC1,10857.0,Del0.8,0.7
X-3575,PHAX,51808.0,Del0.8,0.69
X-3575,PHC3,80012.0,Amp5,7.26
X-3575,PHF15,23338.0,MutNovel,"R416W,0.400"
X-3575,PHF17,79960.0,MutNovel,"H665P,0.433"
X-3575,PHF20L1,51105.0,Amp5,5.54
X-3575,PHF6,84295.0,Del0.8,0.69
X-3575,PHKB,5257.0,Del0.8,0.71
X-3575,PHLDA1,22822.0,MutNovel,"QQ194Q,1.000"
X-3575,PIEZO1,9780.0,MutNovel,"Q749E,0.660"
X-3575,PIGX,54965.0,Amp5,5.28
X-3575,PIGZ,80235.0,Amp5,5.28
X-3575,PIP5K1A,8394.0,MutNovel,"F411C,0.507"
X-3575,PKDREJ,10343.0,MutNovel,"T1286R,1.000"
X-3575,PKIB,5570.0,Del0.8,0.7
X-3575,PKP4,8502.0,MutNovel,"V980A,0.287"
X-3575,PLAC1,10761.0,Del0.8,0.69
X-3575,PLD1,5337.0,Amp5,7.26
X-3575,PLEKHA8,84725.0,Del0.8,0.69
X-3575,PLEKHG2,64857.0,Amp5,5.03
X-3575,PLEKHO2,80301.0,MutNovel,"E2D,0.391"
X-3575,PLN,5350.0,Del0.8,0.69
X-3575,PLOD2,5352.0,Amp5,5.35
X-3575,PLP1,5354.0,Del0.8,0.69
X-3575,PLRG1,5356.0,Del0.8,0.77
X-3575,PLS1,5357.0,Amp5,5.35
X-3575,PLS3,5358.0,Del0.8,0.7
X-3575,PLSCR4,57088.0,Amp5,5.35
X-3575,PLXNB3,5365.0,MutNovel,"Y1835F,0.227"
X-3575,PMEPA1,56937.0,Amp5,5.21
X-3575,PMS2P4,5382.0,Del0.8,0.72
X-3575,POF1B,79983.0,Del0.8,0.71
X-3575,POLE3,54107.0,Del0.8,0.74
X-3575,POTEF,728378.0,MutNovel,"A960V,0.750"
X-3575,POTEF,728378.0,MutNovel,"G951S,0.429"
X-3575,POTEF,728378.0,MutNovel,"V930T,1.000"
X-3575,POTEH,23784.0,MutNovel,"I402M,0.429"
X-3575,POTEH,23784.0,MutNovel,"V251I,0.810"
X-3575,POTEH,23784.0,MutNovel,"A183T,0.647"
X-3575,POTEH,23784.0,MutNovel,"G111E,0.750"
X-3575,POTEH,23784.0,MutNovel,"H104R,0.500"
X-3575,POTEI,,MutNovel,"M890L,1.000"
X-3575,POTEI,,MutNovel,"D887G,1.000"
X-3575,POTEJ,,MutNovel,"W917R,1.000"
X-3575,POTEJ,,MutNovel,"A923V,1.000"
X-3575,POTEM,641455.0,MutNovel,"V214I,1.000"
X-3575,POTEM,641455.0,MutNovel,"A146T,1.000"
X-3575,POU3F4,5456.0,Del0.8,0.71
X-3575,POU4F2,5458.0,Del0.8,0.76
X-3575,POU5F1B,5462.0,Amp5,5.54
X-3575,PPIC,5480.0,Del0.8,0.71
X-3575,PPIL6,285755.0,Del0.8,0.71
X-3575,PPP1R2,5504.0,Amp5,5.28
X-3575,PRDM4,11108.0,MutNovel,"D381N,0.267"
X-3575,PRDM6,93166.0,Del0.8,0.71
X-3575,PRKCI,5584.0,Amp5,7.26
X-3575,PRKY,5616.0,Del0.8,0.22
X-3575,PRMT10,90826.0,Del0.8,0.76
X-3575,PRPF31,26121.0,Amp5,7.57
X-3575,PRPF4,9128.0,Del0.8,0.74
X-3575,PRPF6,24148.0,MutNovel,"K408N,0.272"
X-3575,PRPS1,5631.0,Del0.8,0.69
X-3575,PRR15,222171.0,Del0.8,0.69
X-3575,PRRC1,133619.0,Del0.8,0.69
X-3575,PRSS3,5646.0,MutNovel,"T124S,0.600"
X-3575,PRSS48,345062.0,Del0.8,0.77
X-3575,PRUNE2,158471.0,Del0.8,0.74
X-3575,PRY,9081.0,Del0.8,0.22
X-3575,PRY,9081.0,Del0.8,0.22
X-3575,PRY2,442862.0,Del0.8,0.22
X-3575,PRY2,442862.0,Del0.8,0.22
X-3575,PSAT1,29968.0,Del0.8,0.77
X-3575,PSD2,84249.0,Del0.8,0.7
X-3575,PSMA8,143471.0,Amp5,7.94
X-3575,PSMD10,5716.0,Del0.8,0.69
X-3575,PTGES3,10728.0,MutNovel,"M130R,0.328"
X-3575,PTGFRN,5738.0,MutNovel,"L586F,0.699"
X-3575,PTK6,5753.0,MutNovel,"E41A,0.222"
X-3575,PURA,5813.0,Del0.8,0.7
X-3575,PVT1,5820.0,Amp5,5.54
X-3575,PYDC2,152138.0,Amp5,5.03
X-3575,RAB33A,9363.0,Del0.8,0.69
X-3575,RAB40A,142684.0,Del0.8,0.69
X-3575,RAB40AL,282808.0,Del0.8,0.69
X-3575,RAB7A,7879.0,MutNovel,"D196E,0.423"
X-3575,RAB9B,51209.0,Del0.8,0.69
X-3575,RAD21,5885.0,Amp5,5.54
X-3575,RAD21-AS1,644660.0,Amp5,5.54
X-3575,RAD23A,5886.0,MutNovel,"N359I,0.214"
X-3575,RAD51C,5889.0,MutNovel,"L27P,1.000"
X-3575,RADIL,55698.0,Del0.8,0.25
X-3575,RAP2C,57826.0,Del0.8,0.69
X-3575,RAPGEF5,9771.0,Del0.8,0.7
X-3575,RBAK,57786.0,Del0.8,0.25
X-3575,RBAK-LOC389458,100533952.0,Del0.8,0.25
X-3575,RBM41,55285.0,Del0.8,0.69
X-3575,RBM46,166863.0,Del0.8,0.77
X-3575,RBMX2,51634.0,Del0.8,0.69
X-3575,RBMXL3,139804.0,Del0.8,0.7
X-3575,RBMY1A3P,286557.0,Del0.8,0.22
X-3575,RBMY1B,378948.0,Del0.8,0.22
X-3575,RBMY1B,378948.0,Del0.8,0.22
X-3575,RBMY1E,378950.0,Del0.8,0.22
X-3575,RBMY1E,378950.0,Del0.8,0.22
X-3575,RBMY1F,159163.0,Del0.8,0.22
X-3575,RBMY1F,159163.0,Del0.8,0.22
X-3575,RBMY1J,378951.0,Del0.8,0.22
X-3575,RBMY1J,378951.0,Del0.8,0.22
X-3575,RBMY2EP,159125.0,Del0.8,0.22
X-3575,RBMY2FP,159162.0,Del0.8,0.22
X-3575,RBMY3AP,64593.0,Del0.8,0.22
X-3575,REV3L,5980.0,Del0.8,0.7
X-3575,RFK,55312.0,Del0.8,0.74
X-3575,RFPL4B,442247.0,Del0.8,0.7
X-3575,RFX1,5989.0,MutNovel,"G392R,0.882"
X-3575,RFX6,222546.0,Del0.8,0.69
X-3575,RGAG1,57529.0,Del0.8,0.69
X-3575,RGL2,5863.0,MutNovel,"S204T,0.294"
X-3575,RGS10,6001.0,MutKnownFunctional,"-146,0.364"
X-3575,RGS14,10636.0,MutNovel,"P75S,0.477"
X-3575,RGS2,5997.0,MutNovel,"T206R,0.486"
X-3575,RGS3,5998.0,Del0.8,0.74
X-3575,RHOXF1,158800.0,Del0.8,0.7
X-3575,RHOXF2B,727940.0,Del0.8,0.7
X-3575,RHOXF2B,727940.0,Del0.8,0.7
X-3575,RIN3,79890.0,MutNovel,"G967-,1.000"
X-3575,RINL,126432.0,Amp5,5.03
X-3575,RIPPLY1,92129.0,Del0.8,0.69
X-3575,RNF113A,7737.0,Del0.8,0.7
X-3575,RNF128,79589.0,Del0.8,0.69
X-3575,RNF139,11236.0,Amp5,5.54
X-3575,RNF168,165918.0,Amp5,5.28
X-3575,RNF170,81790.0,MutNovel,"L105H,0.247"
X-3575,RNF175,285533.0,Del0.8,0.77
X-3575,RNF183,138065.0,Del0.8,0.74
X-3575,RNF216P1,441191.0,Del0.8,0.25
X-3575,RNF217,154214.0,Del0.8,0.7
X-3575,RNF7,9616.0,Amp5,5.35
X-3575,RNPEPL1,57140.0,MutNovel,"E581V,0.492"
X-3575,RORB,6096.0,Del0.8,0.74
X-3575,ROS1,6098.0,Del0.8,0.69
X-3575,RP1L1,94137.0,MutNovel,"G1067A,1.000"
X-3575,RPA4,29935.0,Del0.8,0.72
X-3575,RPF2,84154.0,Del0.8,0.7
X-3575,RPL22L1,200916.0,Amp5,7.26
X-3575,RPL23P8,222901.0,Del0.8,0.7
X-3575,RPL35A,6165.0,Amp5,5.28
X-3575,RPL36A,6173.0,Del0.8,0.69
X-3575,RPL36A-HNRNPH2,100529097.0,Del0.8,0.69
X-3575,RPL39,6170.0,Del0.8,0.7
X-3575,RPRD1A,55197.0,Del0.8,0.74
X-3575,RPS16,6217.0,Amp5,5.03
X-3575,RPS17,6218.0,MutNovel,"K44Q,0.385"
X-3575,RPS2P32,256355.0,Del0.8,0.7
X-3575,RPS3A,6189.0,Del0.8,0.77
X-3575,RPS4Y1,6192.0,Del0.8,0.22
X-3575,RPS4Y2,140032.0,Del0.8,0.22
X-3575,RPS6KA6,27330.0,Del0.8,0.71
X-3575,RPS9,6203.0,Amp5,7.57
X-3575,RPSAP9,653162.0,Del0.8,0.74
X-3575,RRP1,8568.0,MutNovel,"D50E,0.291"
X-3575,RRP12,23223.0,MutNovel,"Q430H,0.612"
X-3575,RRP9,9136.0,MutNovel,"A21P,1.000"
X-3575,RSPH4A,345895.0,Del0.8,0.69
X-3575,RTEL1,51750.0,MutNovel,"S224R,0.844"
X-3575,RWDD1,51389.0,Del0.8,0.69
X-3575,RWDD4,201965.0,Del0.8,0.7
X-3575,SAGE1,55511.0,Del0.8,0.69
X-3575,SALL4,57167.0,Amp5,5.98
X-3575,SAMD12,401474.0,Amp5,5.54
X-3575,SAMD12-AS1,552860.0,Amp5,5.54
X-3575,SAMD4B,55095.0,Amp5,5.03
X-3575,SAMD7,344658.0,Amp5,7.26
X-3575,SARS2,54938.0,Amp5,5.03
X-3575,SASH3,54440.0,Del0.8,0.69
X-3575,SATL1,340562.0,Del0.8,0.71
X-3575,SCMH1,22955.0,MutNovel,"P371L,0.720"
X-3575,SCRN1,9805.0,Del0.8,0.69
X-3575,SCYL2,55681.0,MutNovel,"F327I,0.287"
X-3575,SDHAP1,255812.0,Amp5,5.28
X-3575,SDHAP2,727956.0,Amp5,5.28
X-3575,SDK1,221935.0,Del0.8,0.33
X-3575,SEC23B,10483.0,MutNovel,"A351V,0.498"
X-3575,SEC62,7095.0,Amp5,7.26
X-3575,SELV,348303.0,Amp5,5.03
X-3575,SENP5,205564.0,Amp5,5.28
X-3575,2014-09-06 00:00:00,23157.0,Del0.8,0.7
X-3575,SERINC1,57515.0,Del0.8,0.7
X-3575,SERINC2,347735.0,MutNovel,"-373Q,0.429"
X-3575,SERPINA7,6906.0,Del0.8,0.69
X-3575,SERPINI1,5274.0,Amp5,7.52
X-3575,SERPINI2,5276.0,Amp5,7.52
X-3575,SESN1,27244.0,Del0.8,0.71
X-3575,SETMAR,6419.0,MutNovel,"Y502C,1.000"
X-3575,SETMAR,6419.0,Del0.8,0.67
X-3575,SFRP2,6423.0,Del0.8,0.77
X-3575,SGSM3,27352.0,MutNovel,"F501S,0.528"
X-3575,SH2D1A,4068.0,Del0.8,0.7
X-3575,SH3BGRL,6451.0,Del0.8,0.71
X-3575,SH3D19,152503.0,Del0.8,0.77
X-3575,SHCBP1,79801.0,Del0.8,0.71
X-3575,SI,6476.0,Amp5,7.52
X-3575,SIAH1,6477.0,Del0.8,0.71
X-3575,SIGLEC14,100049587.0,Del0.8,0.28
X-3575,SIGLEC6,946.0,Amp5,5.82
X-3575,SIKE1,80143.0,MutNovel,"D163N,0.640"
X-3575,SIRT2,22933.0,Amp5,5.03
X-3575,SKAP2,8935.0,Del0.8,0.69
X-3575,SKIL,6498.0,Amp5,7.26
X-3575,SLA,6503.0,MutNovel,"A224V,0.333"
X-3575,SLC10A7,84068.0,Del0.8,0.76
X-3575,SLC12A2,6558.0,Del0.8,0.69
X-3575,SLC12A5,57468.0,MutNovel,"GD41AN,1.000"
X-3575,SLC16A10,117247.0,Del0.8,0.7
X-3575,SLC22A16,85413.0,Del0.8,0.7
X-3575,SLC23A1,9963.0,Del0.8,0.7
X-3575,SLC25A14,9016.0,Del0.8,0.69
X-3575,SLC25A4,291.0,Del0.8,0.67
X-3575,SLC25A43,203427.0,Del0.8,0.7
X-3575,SLC25A5,292.0,Del0.8,0.7
X-3575,SLC25A5-AS1,100303728.0,Del0.8,0.7
X-3575,SLC27A3,11000.0,MutNovel,"I422F,0.217"
X-3575,SLC27A6,28965.0,Del0.8,0.69
X-3575,SLC29A4,222962.0,Del0.8,0.27
X-3575,SLC2A2,6514.0,Amp5,7.26
X-3575,SLC2A3,6515.0,MutNovel,"E482G,0.368"
X-3575,SLC30A8,169026.0,Amp5,5.54
X-3575,SLC31A1,1317.0,Del0.8,0.74
X-3575,SLC31A2,1318.0,Del0.8,0.74
X-3575,SLC35A4,113829.0,Del0.8,0.7
X-3575,SLC35F1,222553.0,Del0.8,0.69
X-3575,SLC38A10,124565.0,MutNovel,"L57S,1.000"
X-3575,SLC39A6,25800.0,Del0.8,0.74
X-3575,SLC4A9,83697.0,Del0.8,0.7
X-3575,SLC6A14,11254.0,Del0.8,0.7
X-3575,SLC7A14,57709.0,Amp5,7.26
X-3575,SLC9A6,10479.0,Del0.8,0.69
X-3575,SLC9A9,285195.0,Amp5,5.35
X-3575,SLED1,643036.0,Del0.8,0.67
X-3575,SLFN11,91607.0,MutNovel,"D642V,0.886"
X-3575,SLITRK3,22865.0,Amp5,7.52
X-3575,SMARCA1,6594.0,Del0.8,0.69
X-3575,SMC5,23137.0,MutNovel,"A143G,0.604"
X-3575,SMPD2,6610.0,Del0.8,0.71
X-3575,SMPDL3A,10924.0,Del0.8,0.7
X-3575,SNAP47,116841.0,MutNovel,"S47R,0.257"
X-3575,SNAPC4,6621.0,MutNovel,"S542-,0.580"
X-3575,SNCAIP,9627.0,Del0.8,0.71
X-3575,SNHG4,724102.0,Del0.8,0.7
X-3575,SNORA35,677816.0,Del0.8,0.7
X-3575,SNORA69,26779.0,Del0.8,0.7
X-3575,SNORA74A,26821.0,Del0.8,0.7
X-3575,SNORD73A,8944.0,Del0.8,0.77
X-3575,SNORD93,692210.0,Del0.8,0.7
X-3575,SNORD96B,692226.0,Del0.8,0.68
X-3575,SNTB1,6641.0,Amp5,5.54
X-3575,SNX10,29887.0,Del0.8,0.69
X-3575,SNX2,6643.0,Del0.8,0.71
X-3575,SNX24,28966.0,Del0.8,0.71
X-3575,SNX25,83891.0,Del0.8,0.67
X-3575,SORBS2,8470.0,Del0.8,0.67
X-3575,SOWAHD,347454.0,Del0.8,0.7
X-3575,SP4,6671.0,Del0.8,0.7
X-3575,SP8,221833.0,Del0.8,0.7
X-3575,SPAG6,9576.0,MutNovel,"Q177P,1.000"
X-3575,SPATA16,83893.0,Amp8,8.06
X-3575,SPATA24,202051.0,Del0.8,0.7
X-3575,SPHK1,8877.0,MutNovel,"T282I,0.349"
X-3575,SPTBN5,51332.0,MutNovel,"R2756C,0.567"
X-3575,SQLE,6713.0,Amp5,5.54
X-3575,SRA1,10011.0,Del0.8,0.7
X-3575,SRFBP1,153443.0,Del0.8,0.71
X-3575,SRPX2,27286.0,Del0.8,0.69
X-3575,SRY,6736.0,Del0.8,0.22
X-3575,SS18,6760.0,Amp5,7.94
X-3575,SST,6750.0,MutNovel,"L84F,0.983"
X-3575,ST3GAL2,6483.0,MutNovel,"P183A,1.000"
X-3575,STAG2,10735.0,Del0.8,0.7
X-3575,STAG3L4,64940.0,Del0.8,0.72
X-3575,STAT5A,6776.0,MutNovel,"H32R,0.280"
X-3575,STEAP1B,256227.0,Del0.8,0.7
X-3575,STK31,56164.0,Del0.8,0.7
X-3575,STL,7955.0,Del0.8,0.7
X-3575,STOX2,56977.0,Del0.8,0.7
X-3575,STRC,161497.0,MutNovel,"T1565S,0.917"
X-3575,STUB1,10273.0,MutNovel,"R154C,0.445"
X-3575,SULT4A1,25830.0,MutNovel,"N40S,0.667"
X-3575,SUMF1,285362.0,Del0.8,0.67
X-3575,SUMO1P1,391257.0,Amp5,5.98
X-3575,SUPT5H,6829.0,Amp5,5.03
X-3575,SUSD5,26032.0,MutNovel,"D263N,1.000"
X-3575,SYCN,342898.0,Amp5,5.03
X-3575,SYTL4,94121.0,Del0.8,0.69
X-3575,TAF2,6873.0,Amp5,5.54
X-3575,TAF4B,6875.0,Amp5,7.94
X-3575,TAF7L,54457.0,Del0.8,0.69
X-3575,TARBP2,6895.0,MutNovel,"R269Q,0.672"
X-3575,TARM1,441864.0,Amp5,7.57
X-3575,TATDN1,83940.0,Amp5,5.54
X-3575,TAX1BP1,8887.0,Del0.8,0.69
X-3575,TBC1D22B,55633.0,MutNovel,"D74Y,0.243"
X-3575,TBC1D3B,414059.0,Del0.8,0.69
X-3575,TBC1D8B,54885.0,Del0.8,0.69
X-3575,TBC1D9,23158.0,MutNovel,"N907T,1.000"
X-3575,TBL1Y,90665.0,Del0.8,0.22
X-3575,TBL3,10607.0,MutNovel,"E746M,0.560"
X-3575,TBP,6908.0,MutNovel,"-64Q,1.000"
X-3575,TCEAL1,9338.0,Del0.8,0.69
X-3575,TCEAL2,140597.0,Del0.8,0.69
X-3575,TCEAL3,85012.0,Del0.8,0.69
X-3575,TCEAL4,79921.0,Del0.8,0.69
X-3575,TCEAL5,340543.0,Del0.8,0.69
X-3575,TCEAL6,158931.0,Del0.8,0.69
X-3575,TCEAL7,56849.0,Del0.8,0.69
X-3575,TCEAL8,90843.0,Del0.8,0.69
X-3575,TCTEX1D2,255758.0,Amp5,5.28
X-3575,TDGF1P3,6998.0,Del0.8,0.69
X-3575,TDO2,6999.0,Del0.8,0.77
X-3575,TEP1,7011.0,MutNovel,"E544Q,0.414"
X-3575,TERC,7012.0,Amp5,7.26
X-3575,TEX13A,56157.0,Del0.8,0.69
X-3575,TEX13B,56156.0,Del0.8,0.69
X-3575,TEX15,56154.0,MutNovel,"A1562T,0.667"
X-3575,TFDP2,7029.0,Amp5,5.35
X-3575,TFDP3,51270.0,Del0.8,0.69
X-3575,TFPT,29844.0,Amp5,7.57
X-3575,TFRC,7037.0,Amp5,5.28
X-3575,TGIF2LX,90316.0,Del0.8,0.73
X-3575,TGIF2LY,90655.0,Del0.8,0.22
X-3575,THOC2,57187.0,Del0.8,0.7
X-3575,THOP1,7064.0,MutKnownFunctional,"Q678*,0.502"
X-3575,TIGD4,201798.0,Del0.8,0.77
X-3575,TIMM50,92609.0,Amp5,5.03
X-3575,TIMM8A,1678.0,Del0.8,0.69
X-3575,TINF2,26277.0,MutNovel,"L429P,0.400"
X-3575,TINF2,26277.0,MutNovel,"E427A,0.439"
X-3575,TLR2,7097.0,Del0.8,0.77
X-3575,TLR3,7098.0,Del0.8,0.67
X-3575,TM4SF19,116211.0,Amp5,5.28
X-3575,TM4SF19-TCTEX1D2,100534611.0,Amp5,5.28
X-3575,TMBIM4,51643.0,MutKnownFunctional,"-174?,0.488"
X-3575,TMC1,117531.0,Del0.8,0.73
X-3575,TMC4,147798.0,Amp5,7.57
X-3575,TMEM154,201799.0,Del0.8,0.77
X-3575,TMEM164,84187.0,Del0.8,0.68
X-3575,TMEM173,340061.0,Del0.8,0.7
X-3575,TMEM184A,202915.0,MutNovel,"G392GA,1.000"
X-3575,TMEM184C,55751.0,Del0.8,0.76
X-3575,TMEM212,389177.0,Amp5,7.26
X-3575,TMEM31,203562.0,Del0.8,0.69
X-3575,TMEM35,59353.0,Del0.8,0.69
X-3575,TMEM39A,55254.0,MutNovel,"S363T,0.619"
X-3575,TMEM44,93109.0,Amp5,5.28
X-3575,TMEM48,55706.0,MutNovel,"S396C,0.370"
X-3575,TMEM65,157378.0,Amp5,5.54
X-3575,TMEM71,137835.0,Amp5,5.54
X-3575,TMPRSS2,7113.0,MutNovel,"G8R,1.000"
X-3575,TMSB15A,11013.0,Del0.8,0.69
X-3575,TMSB15B,286527.0,Del0.8,0.69
X-3575,TMSB4Y,9087.0,Del0.8,0.22
X-3575,TNFAIP3,7128.0,MutNovel,"R497C,0.494"
X-3575,TNFRSF11B,4982.0,Amp5,5.54
X-3575,TNFSF10,8743.0,Amp5,7.26
X-3575,TNIK,23043.0,Amp5,7.26
X-3575,TNK2,10188.0,Amp5,5.28
X-3575,TNMD,64102.0,Del0.8,0.69
X-3575,TNRC18,84629.0,Del0.8,0.63
X-3575,TOMM7,54543.0,Del0.8,0.7
X-3575,TOR1AIP2,163590.0,MutNovel,"Q10E,0.202"
X-3575,TP53,7157.0,MutKnownFunctional,"R273C,1.000"
X-3575,TP53INP2,58476.0,MutNovel,"E69Q,0.867"
X-3575,TPD52L1,7164.0,Del0.8,0.7
X-3575,TPGS2,25941.0,Del0.8,0.74
X-3575,TPI1P3,728402.0,Del0.8,0.69
X-3575,TPM1,7168.0,MutNovel,"K40R,0.497"
X-3575,TRA2A,29896.0,Del0.8,0.7
X-3575,TRAF3IP2,10758.0,Del0.8,0.7
X-3575,TRAF3IP2-AS1,643749.0,Del0.8,0.7
X-3575,TRAPPC11,60684.0,Del0.8,0.7
X-3575,TRDN,10345.0,Del0.8,0.7
X-3575,TRIB1,10221.0,Amp5,5.54
X-3575,TRIL,9865.0,Del0.8,0.69
X-3575,TRIM2,23321.0,Del0.8,0.77
X-3575,TRIML1,339976.0,Del0.8,0.7
X-3575,TRIML2,205860.0,Del0.8,0.7
X-3575,TRMT12,55039.0,Amp5,5.54
X-3575,TRMT2B,79979.0,Del0.8,0.69
X-3575,TRNT1,51095.0,Del0.8,0.7
X-3575,TRPC1,7220.0,Amp5,5.35
X-3575,TRPC5,7224.0,Del0.8,0.69
X-3575,TRPM6,140803.0,Del0.8,0.74
X-3575,TSC22D3,1831.0,Del0.8,0.69
X-3575,TSEN34,79042.0,Amp5,7.57
X-3575,TSHZ2,128553.0,Amp5,5.98
X-3575,TSPAN6,7105.0,Del0.8,0.69
X-3575,TSPY1,7258.0,Del0.8,0.22
X-3575,TSPY2,64591.0,Del0.8,0.22
X-3575,TSPY3,728137.0,Del0.8,0.22
X-3575,TSPY4,728395.0,Del0.8,0.22
X-3575,TSPY8,728403.0,Del0.8,0.22
X-3575,TSPYL1,7259.0,MutNovel,"V176VW,1.000"
X-3575,TSPYL1,7259.0,Del0.8,0.69
X-3575,TSPYL4,23270.0,Del0.8,0.69
X-3575,TTC29,83894.0,Del0.8,0.76
X-3575,TTC40,54777.0,MutNovel,"T470N,0.500"
X-3575,TTTY10,246119.0,Del0.8,0.22
X-3575,TTTY11,83866.0,Del0.8,0.22
X-3575,TTTY12,83867.0,Del0.8,0.22
X-3575,TTTY13,83868.0,Del0.8,0.22
X-3575,TTTY14,83869.0,Del0.8,0.22
X-3575,TTTY15,64595.0,Del0.8,0.22
X-3575,TTTY16,252948.0,Del0.8,0.22
X-3575,TTTY17A,252949.0,Del0.8,0.22
X-3575,TTTY17A,252949.0,Del0.8,0.22
X-3575,TTTY18,252950.0,Del0.8,0.22
X-3575,TTTY19,252952.0,Del0.8,0.22
X-3575,TTTY1B,100101116.0,Del0.8,0.22
X-3575,TTTY1B,100101116.0,Del0.8,0.22
X-3575,TTTY2,60439.0,Del0.8,0.22
X-3575,TTTY2,60439.0,Del0.8,0.22
X-3575,TTTY20,252951.0,Del0.8,0.22
X-3575,TTTY21,252953.0,Del0.8,0.22
X-3575,TTTY21,252953.0,Del0.8,0.22
X-3575,TTTY22,252954.0,Del0.8,0.22
X-3575,TTTY23,252955.0,Del0.8,0.22
X-3575,TTTY23,252955.0,Del0.8,0.22
X-3575,TTTY3,114760.0,Del0.8,0.22
X-3575,TTTY3,114760.0,Del0.8,0.22
X-3575,TTTY4,114761.0,Del0.8,0.22
X-3575,TTTY4,114761.0,Del0.8,0.22
X-3575,TTTY5,83863.0,Del0.8,0.22
X-3575,TTTY6,84672.0,Del0.8,0.22
X-3575,TTTY6,84672.0,Del0.8,0.22
X-3575,TTTY7,246122.0,Del0.8,0.22
X-3575,TTTY7,246122.0,Del0.8,0.22
X-3575,TTTY7B,100101120.0,Del0.8,0.22
X-3575,TTTY7B,100101120.0,Del0.8,0.22
X-3575,TTTY8,84673.0,Del0.8,0.22
X-3575,TTTY8,84673.0,Del0.8,0.22
X-3575,TTTY9A,83864.0,Del0.8,0.22
X-3575,TTTY9A,83864.0,Del0.8,0.22
X-3575,TTYH1,57348.0,Amp5,7.57
X-3575,TUBA1C,84790.0,MutNovel,"Y103S,0.335"
X-3575,TUBE1,51175.0,Del0.8,0.7
X-3575,TXLNG2P,246126.0,Del0.8,0.22
X-3575,U2SURP,23350.0,Amp5,5.35
X-3575,UBE2A,7319.0,Del0.8,0.7
X-3575,UBE2D2,7322.0,Del0.8,0.7
X-3575,UBE2DNL,100131816.0,Del0.8,0.71
X-3575,UBE2MP1,606551.0,Del0.8,0.73
X-3575,UBXN7,26043.0,Amp5,5.28
X-3575,UFSP2,55325.0,Del0.8,0.67
X-3575,UGT2B10,7365.0,MutNovel,"A345T,1.000"
X-3575,UPF3B,65109.0,Del0.8,0.7
X-3575,USP26,83844.0,Del0.8,0.69
X-3575,USP37,57695.0,MutNovel,"H609Q,0.306"
X-3575,USP9Y,8287.0,Del0.8,0.22
X-3575,UTP14A,10813.0,Del0.8,0.69
X-3575,UTP23,84294.0,Amp5,5.54
X-3575,UTS2D,257313.0,Amp5,5.03
X-3575,UTY,7404.0,Del0.8,0.22
X-3575,VAX2,25806.0,MutNovel,"T44M,0.807"
X-3575,VCX,26609.0,MutNovel,"L203P,0.273"
X-3575,VCX3B,425054.0,MutNovel,"L104P,0.769"
X-3575,VCY,9084.0,Del0.8,0.22
X-3575,VCY,9084.0,Del0.8,0.22
X-3575,VGLL2,245806.0,Del0.8,0.69
X-3575,VPS13B,157680.0,MutNovel,"H2251Y,0.627"
X-3575,VPS16,64601.0,MutNovel,"R643H,0.569"
X-3575,VPS35,55737.0,Del0.8,0.71
X-3575,VSIG1,340547.0,Del0.8,0.69
X-3575,VSTM1,284415.0,Amp5,7.57
X-3575,VWF,7450.0,MutNovel,"C1879R,0.400"
X-3575,VWF,7450.0,MutNovel,"G1874R,0.400"
X-3575,WAC,51322.0,MutNovel,"P55A,0.571"
X-3575,WASF1,8936.0,Del0.8,0.7
X-3575,WBP5,51186.0,Del0.8,0.69
X-3575,WDFY3,23001.0,MutNovel,"A413P,0.238"
X-3575,WDR31,114987.0,Del0.8,0.74
X-3575,WDR44,54521.0,Del0.8,0.7
X-3575,WDR48,57599.0,MutNovel,"S615R,0.508"
X-3575,WDR49,151790.0,Amp5,7.52
X-3575,WDR53,348793.0,Amp5,5.28
X-3575,WDR65,149465.0,MutNovel,"I863T,1.000"
X-3575,WDR67,93594.0,Amp5,5.54
X-3575,WDYHV1,55093.0,Amp5,5.54
X-3575,WIPF3,644150.0,Del0.8,0.69
X-3575,WIPI2,26100.0,Del0.8,0.2
X-3575,WISP3,8838.0,Del0.8,0.7
X-3575,WWC2,80014.0,Del0.8,0.7
X-3575,WWTR1-AS1,100128025.0,Amp5,5.31
X-3575,XIAP,331.0,Del0.8,0.7
X-3575,XKRX,402415.0,Del0.8,0.69
X-3575,XKRY2,353515.0,Del0.8,0.22
X-3575,XKRY2,353515.0,Del0.8,0.22
X-3575,XPNPEP2,7512.0,Del0.8,0.69
X-3575,XRN1,54464.0,Amp5,5.35
X-3575,XXYLT1,152002.0,Amp5,5.28
X-3575,ZBBX,79740.0,Amp5,7.52
X-3575,ZBP1,81030.0,Amp5,5.21
X-3575,ZBTB12B,,MutNovel,"R304RDV,1.000"
X-3575,ZBTB24,9841.0,Del0.8,0.71
X-3575,ZBTB33,10009.0,Del0.8,0.7
X-3575,ZC3H4,23211.0,MutNovel,"T1235I,0.775"
X-3575,ZCCHC12,170261.0,Del0.8,0.7
X-3575,ZCCHC16,340595.0,Del0.8,0.69
X-3575,ZCCHC18,644353.0,Del0.8,0.69
X-3575,ZDHHC11,79844.0,MutNovel,"A303D,0.429"
X-3575,ZDHHC19,131540.0,Amp5,5.28
X-3575,ZDHHC9,51114.0,Del0.8,0.69
X-3575,ZFAND5,7763.0,Del0.8,0.73
X-3575,ZFP36,7538.0,Amp5,5.03
X-3575,ZFP42,132625.0,Del0.8,0.7
X-3575,ZFP64,55734.0,Amp5,5.98
X-3575,ZFY,7544.0,Del0.8,0.22
X-3575,ZGPAT,84619.0,MutNovel,"L305F,0.227"
X-3575,ZHX1,11244.0,Amp5,5.54
X-3575,ZHX1-C8ORF76,100533106.0,Amp5,5.54
X-3575,ZHX2,22882.0,Amp5,5.54
X-3575,ZMAT1,84460.0,Del0.8,0.69
X-3575,ZNF215,7762.0,MutNovel,"Q426H,1.000"
X-3575,ZNF217,7764.0,Amp5,5.98
X-3575,ZNF219,51222.0,MutNovel,"QPP233P,0.474"
X-3575,ZNF233,353355.0,MutNovel,"L90P,0.429"
X-3575,ZNF233,353355.0,MutNovel,"L98P,0.400"
X-3575,ZNF24,7572.0,Del0.8,0.71
X-3575,ZNF271,10778.0,Del0.8,0.71
X-3575,ZNF280C,55609.0,Del0.8,0.69
X-3575,ZNF326,284695.0,MutNovel,"I237M,1.000"
X-3575,ZNF384,171017.0,MutNovel,"QQ514Q,1.000"
X-3575,ZNF397,84307.0,Del0.8,0.71
X-3575,ZNF415,55786.0,Amp5,5.35
X-3575,ZNF449,203523.0,Del0.8,0.69
X-3575,ZNF474,133923.0,Del0.8,0.71
X-3575,ZNF572,137209.0,Amp5,5.54
X-3575,ZNF608,57507.0,Del0.8,0.71
X-3575,ZNF618,114991.0,Del0.8,0.74
X-3575,ZNF658,26149.0,MutNovel,"A591V,1.000"
X-3575,ZNF684,127396.0,MutNovel,"K367R,0.289"
X-3575,ZNF688,146542.0,MutNovel,"A225T,0.303"
X-3575,ZNF711,7552.0,Del0.8,0.71
X-3575,ZNF75D,7626.0,Del0.8,0.69
X-3575,ZNF827,152485.0,Del0.8,0.76
X-3575,ZNF890P,645700.0,Del0.8,0.25
X-3575,ZNRF2,223082.0,MutNovel,"D123DG,1.000"
X-3575,ZNRF2,223082.0,Del0.8,0.69
X-3575,ZSCAN30,100101467.0,Del0.8,0.71
X-3575,ZUFSP,221302.0,Del0.8,0.69
X-3604,ABHD2,11057.0,MutNovel,"I267F,0.522"
X-3604,ACAA1,30.0,MutNovel,"C177F,0.970"
X-3604,ANKRD36,375248.0,MutNovel,"H42R,0.600"
X-3604,ATP13A1,57130.0,MutNovel,"Q616H,0.556"
X-3604,ATP13A3,79572.0,MutNovel,"R125S,0.627"
X-3604,ATXN7L1,222255.0,MutNovel,"T525I,0.600"
X-3604,B4GALNT2,124872.0,MutNovel,"C564Y,0.400"
X-3604,BCAR3,8412.0,MutNovel,"R53W,0.632"
X-3604,C14orf159,80017.0,MutNovel,"P38T,0.821"
X-3604,C17orf75,64149.0,MutKnownFunctional,"R121*,0.249"
X-3604,C9orf41,138199.0,MutNovel,"S360T,0.238"
X-3604,CASP8,841.0,MutNovel,"P90L,0.706"
X-3604,CD276,80381.0,MutNovel,"L136P,0.306"
X-3604,CD58,965.0,MutKnownFunctional,"C22*,0.504"
X-3604,CDCA7,83879.0,MutNovel,"R158Q,0.298"
X-3604,CDH17,1015.0,MutNovel,"P337T,0.895"
X-3604,CDKN2A,1029.0,MutKnownFunctional,"E120*,0.996"
X-3604,CDNF,441549.0,MutNovel,"T100S,1.000"
X-3604,CEACAM6,4680.0,MutNovel,"V83A,0.333"
X-3604,CES1,1066.0,MutKnownFunctional,"R314*,1.000"
X-3604,CHD9,80205.0,MutNovel,"Y1605C,0.333"
X-3604,CITED4,163732.0,MutNovel,"E9D,0.599"
X-3604,COPZ2,51226.0,MutKnownFunctional,"-6?,1.000"
X-3604,CTSA,5476.0,MutNovel,"L29-,0.325"
X-3604,CUL4A,8451.0,MutNovel,"K41N,0.469"
X-3604,DHX16,8449.0,MutNovel,"P8S,0.636"
X-3604,EFNB2,1948.0,MutNovel,"N282-,0.432"
X-3604,EIF3E,3646.0,MutNovel,"D441V,0.333"
X-3604,FAM111B,374393.0,MutNovel,"R413T,0.259"
X-3604,FAM135A,57579.0,MutKnownFunctional,"-506?,0.300"
X-3604,FAM149B1,317662.0,MutNovel,"P258L,0.386"
X-3604,FAM25B,,MutKnownFunctional,"E22*,1.000"
X-3604,FAM25G,,MutKnownFunctional,"E22*,0.400"
X-3604,FBLN1,2192.0,MutNovel,"R652G,0.357"
X-3604,FCGBP,8857.0,MutNovel,"A4607G,0.333"
X-3604,FCGR3A,2214.0,MutNovel,"D118N,0.273"
X-3604,FGD6,55785.0,MutNovel,"H82L,0.500"
X-3604,FGGY,55277.0,MutNovel,"S176P,0.500"
X-3604,GAS8,2622.0,MutNovel,"R278H,0.433"
X-3604,GPR110,266977.0,MutNovel,"K442R,0.432"
X-3604,GPR153,387509.0,MutNovel,"M54I,0.300"
X-3604,HDGFRP2,84717.0,MutNovel,"A116T,0.344"
X-3604,HEATR7A,727957.0,MutNovel,"D460N,0.667"
X-3604,HERC2,8924.0,MutNovel,"A965G,1.000"
X-3604,HFE,3077.0,MutNovel,"D255Y,0.429"
X-3604,HLA-DQA2,3118.0,MutNovel,"T130I,1.000"
X-3604,HLA-G,3135.0,MutNovel,"A182T,0.410"
X-3604,HMCN2,,MutNovel,"R3543Q,0.250"
X-3604,HMOX2,3163.0,MutNovel,"P146L,0.297"
X-3604,HNRNPCL1,343069.0,MutNovel,"Q185K,1.000"
X-3604,IFIT1B,439996.0,MutNovel,"Y256C,1.000"
X-3604,IRF2BP2,359948.0,MutNovel,"P118S,0.269"
X-3604,KIAA0146,23514.0,MutNovel,"S171L,0.662"
X-3604,KIAA0564,23078.0,MutNovel,"Q429R,0.500"
X-3604,KIAA1919,91749.0,MutNovel,"L182Y,0.500"
X-3604,KLK12,43849.0,MutNovel,"A106T,0.322"
X-3604,KRT12,3859.0,MutNovel,"M263L,0.960"
X-3604,KRT12,3859.0,MutNovel,"N257K,0.969"
X-3604,KRT12,3859.0,MutNovel,"T245A,0.947"
X-3604,KRT12,3859.0,MutNovel,"D240V,0.950"
X-3604,KRT13,3860.0,MutNovel,"D131E,0.324"
X-3604,KRT13,3860.0,MutNovel,"E120D,0.253"
X-3604,KRT3,3850.0,MutNovel,"Y511C,0.500"
X-3604,KRT3,3850.0,MutNovel,"Y511S,0.500"
X-3604,KRT3,3850.0,MutNovel,"Q197E,1.000"
X-3604,KRT36,8689.0,MutNovel,"N373S,0.476"
X-3604,KRT36,8689.0,MutNovel,"R371Q,0.615"
X-3604,KRT4,3851.0,MutNovel,"L253M,0.976"
X-3604,KRT7,3855.0,MutNovel,"G259S,0.581"
X-3604,KRT7,3855.0,MutNovel,"G259S,0.581"
X-3604,KRT7,3855.0,MutNovel,"M271I,0.250"
X-3604,KRT72,140807.0,MutNovel,"S433G,0.500"
X-3604,KRT76,51350.0,MutNovel,"V474T,0.227"
X-3604,KRT84,3890.0,MutNovel,"R466T,0.273"
X-3604,KRT85,3891.0,MutNovel,"I295V,1.000"
X-3604,KRT85,3891.0,MutNovel,"C290S,1.000"
X-3604,KRT9,3857.0,MutNovel,"IN311MD,0.568"
X-3604,KRT9,3857.0,MutNovel,"R261H,0.385"
X-3604,LCE3B,353143.0,MutNovel,"Q8K,0.300"
X-3604,LLGL2,3993.0,MutNovel,"D872N,0.418"
X-3604,LOC100996287,,MutNovel,"P170Q,0.714"
X-3604,LOC100996287,,MutNovel,"W192R,1.000"
X-3604,LOC100996287,,MutNovel,"T204M,1.000"
X-3604,LOC100996287,,MutNovel,"M217T,1.000"
X-3604,LRP4,4038.0,MutNovel,"G333R,0.571"
X-3604,LSR,51599.0,MutNovel,"G518GR,0.332"
X-3604,MAP7D1,55700.0,MutNovel,"R450C,0.567"
X-3604,MAP7D2,256714.0,MutNovel,"A418T,0.429"
X-3604,MAPKAPK2,9261.0,MutNovel,"T25A,0.500"
X-3604,MIB1,57534.0,MutNovel,"A361V,0.909"
X-3604,MSH3,4437.0,MutNovel,"AAAAAPP58A,0.538"
X-3604,NAP1L1,4673.0,MutNovel,"V268I,0.474"
X-3604,NAT10,55226.0,MutNovel,"A677S,0.467"
X-3604,NDEL1,81565.0,MutNovel,"G240V,0.999"
X-3604,NF1,4763.0,MutLikelyFunctional,"D176E,1.000"
X-3604,NOS1AP,9722.0,MutNovel,"P394S,0.409"
X-3604,NR1H2,7376.0,MutNovel,"-173Q,0.517"
X-3604,NSMCE4A,54780.0,MutNovel,"D4G,0.569"
X-3604,NUP160,23279.0,MutNovel,"A1334V,0.433"
X-3604,OAT,4942.0,MutNovel,"G75V,0.529"
X-3604,OLFM2,93145.0,MutNovel,"S54G,0.553"
X-3604,ORAI1,84876.0,MutNovel,"PP43-,0.917"
X-3604,OVOS,,MutNovel,"T1312I,0.500"
X-3604,PAAF1,80227.0,MutNovel,"R385G,0.460"
X-3604,PCDH1,5097.0,MutNovel,"A839T,0.804"
X-3604,PCDHB13,56123.0,MutNovel,"T482S,1.000"
X-3604,PCDHB2,56133.0,MutNovel,"P254S,1.000"
X-3604,PCSK9,255738.0,MutNovel,"-15L,0.350"
X-3604,PHLDA1,22822.0,MutNovel,"QQ194Q,0.522"
X-3604,PJA2,9867.0,MutNovel,"S191N,0.997"
X-3604,PLCB3,5331.0,MutNovel,"A858T,0.540"
X-3604,PLSCR2,57047.0,MutNovel,"Q210E,1.000"
X-3604,PLSCR2,57047.0,MutNovel,"K208Q,1.000"
X-3604,PLSCR2,57047.0,MutNovel,"T203P,1.000"
X-3604,PPHLN1,51535.0,MutNovel,"E251K,0.458"
X-3604,PPIB,5479.0,MutKnownFunctional,"W161*,0.291"
X-3604,PSEN2,5664.0,MutNovel,"L446P,0.577"
X-3604,PSG5,5673.0,MutNovel,"E174K,0.226"
X-3604,PSG7,5676.0,MutNovel,"E267K,1.000"
X-3604,PTK6,5753.0,MutKnownFunctional,"R223*,0.226"
X-3604,PYHIN1,149628.0,MutNovel,"H421L,1.000"
X-3604,RAB11B,9230.0,MutNovel,"A186S,0.303"
X-3604,RASA3,22821.0,MutNovel,"T767M,0.706"
X-3604,RDBP,7936.0,MutNovel,"RDR222R,0.328"
X-3604,RHBDF2,79651.0,MutNovel,"R495Q,0.478"
X-3604,S100A7A,338324.0,MutNovel,"G25D,0.302"
X-3604,S100A7A,338324.0,MutNovel,"E28D,0.373"
X-3604,SAFB2,9667.0,MutNovel,"G890E,0.400"
X-3604,SCAF4,57466.0,MutNovel,"D468Y,0.700"
X-3604,SENP7,57337.0,MutNovel,"T712S,0.304"
X-3604,SERINC2,347735.0,MutNovel,"-373Q,0.773"
X-3604,SMARCAD1,56916.0,MutNovel,"D100N,0.516"
X-3604,SNUPN,10073.0,MutNovel,"M248V,0.464"
X-3604,SNX7,51375.0,MutNovel,"L376V,0.464"
X-3604,SUZ12,23512.0,MutNovel,"A66T,0.649"
X-3604,TBP,6908.0,MutNovel,"-64Q,0.202"
X-3604,TCF7L1,83439.0,MutNovel,"G265S,0.583"
X-3604,TGFBR1,7046.0,MutNovel,"R372S,0.780"
X-3604,TMEM131,23505.0,MutNovel,"L1593F,0.556"
X-3604,TP53,7157.0,MutLikelyFunctional,"V173M,0.906"
X-3604,TPST1,8460.0,MutNovel,"G81R,0.450"
X-3604,TSC22D1,8848.0,MutNovel,"S263F,0.385"
X-3604,TSPYL1,7259.0,MutNovel,"V176VW,0.393"
X-3604,TYMS,7298.0,MutNovel,"V158I,0.462"
X-3604,UGGT2,55757.0,MutNovel,"M420I,0.314"
X-3604,USP18,11274.0,MutNovel,"N325S,0.583"
X-3604,USP25,29761.0,MutNovel,"T67A,0.279"
X-3604,VEGFB,7423.0,MutNovel,"R160G,0.264"
X-3604,VILL,50853.0,MutNovel,"T274S,0.529"
X-3604,VPS8,23355.0,MutNovel,"K612R,0.486"
X-3604,ZNF384,171017.0,MutNovel,"QQ514Q,0.462"
X-3604,ZNF430,80264.0,MutNovel,"I176M,0.282"
X-3604,ZNF517,340385.0,MutNovel,"E400V,0.462"
X-3604,ZNF772,400720.0,MutNovel,"A4GP,0.643"
X-3604,ZNF79,7633.0,MutNovel,"H327P,0.444"
X-3615,AAED1,,MutNovel,"P4L,0.647"
X-3615,AATK,9625.0,MutNovel,"P1331PRP,0.722"
X-3615,ACOT2,10965.0,MutNovel,"M140I,0.466"
X-3615,ADAM10,102.0,MutNovel,"K211R,1.000"
X-3615,AGAP5,729092.0,MutNovel,"R512H,0.471"
X-3615,AHNAK2,113146.0,MutNovel,"S2042F,1.000"
X-3615,AHNAK2,113146.0,MutNovel,"E825D,0.252"
X-3615,AIM1L,55057.0,MutNovel,"T770M,0.640"
X-3615,ALDH5A1,7915.0,MutNovel,"L44V,0.714"
X-3615,ALPK1,80216.0,MutNovel,"A105T,0.522"
X-3615,AMY1A,276.0,MutNovel,"I211L,1.000"
X-3615,ANKRD36C,,MutNovel,"K1115Q,0.500"
X-3615,ANKRD65,441869.0,MutNovel,"G200V,1.000"
X-3615,ARHGEF33,100271715.0,MutNovel,"V591L,1.000"
X-3615,ARMC3,219681.0,MutNovel,"N739T,0.433"
X-3615,ART5,116969.0,MutNovel,"-25P,0.692"
X-3615,ARV1,64801.0,MutKnownFunctional,"-170?,0.309"
X-3615,ATP6AP1,537.0,MutNovel,"L32LAA,0.385"
X-3615,BAG2,9532.0,MutNovel,"L135F,0.368"
X-3615,BAHD1,22893.0,MutNovel,"R144H,1.000"
X-3615,BHLHE41,79365.0,MutNovel,"A428T,0.796"
X-3615,BMP1,649.0,MutNovel,"S753Y,0.318"
X-3615,BRD2,6046.0,MutNovel,"E494-,0.335"
X-3615,C14orf101,54916.0,MutKnownFunctional,"-694,0.487"
X-3615,C1GALT1,56913.0,MutNovel,"T37S,0.443"
X-3615,C5orf65,389333.0,MutNovel,"P878S,0.429"
X-3615,C6orf132,647024.0,MutNovel,"P206L,0.474"
X-3615,C9orf171,389799.0,MutNovel,"R172Q,0.587"
X-3615,CARS2,79587.0,MutNovel,"K561E,0.423"
X-3615,CASD1,64921.0,MutNovel,"K172N,0.484"
X-3615,CCDC160,347475.0,MutKnownFunctional,"-78,0.897"
X-3615,CCDC3,83643.0,MutNovel,"H237Y,0.817"
X-3615,CCDC61,729440.0,MutNovel,"E319D,0.263"
X-3615,CCDC66,285331.0,MutNovel,"S606SP,0.889"
X-3615,CCDC80,151887.0,MutNovel,"R462C,0.316"
X-3615,CDKL1,8814.0,MutNovel,"P43S,0.273"
X-3615,CHST15,51363.0,MutKnownFunctional,"-456,0.700"
X-3615,CLCNKA,1187.0,MutNovel,"T562I,0.471"
X-3615,CLCNKA,1187.0,MutNovel,"T577D,0.450"
X-3615,CMYA5,202333.0,MutNovel,"F13L,0.318"
X-3615,CNTLN,54875.0,MutNovel,"K490N,0.435"
X-3615,CNTN2,6900.0,MutNovel,"T896S,0.750"
X-3615,COL6A2,1292.0,MutNovel,"E655K,0.476"
X-3615,CREBBP,1387.0,MutNovel,"A254T,0.514"
X-3615,CRIPAK,285464.0,MutKnownFunctional,"-91,0.333"
X-3615,CTAGE6P,340307.0,MutNovel,"T288M,1.000"
X-3615,CYFIP2,26999.0,MutKnownFunctional,"-94?,0.643"
X-3615,DCAF6,55827.0,MutNovel,"M742V,0.483"
X-3615,DHX29,54505.0,MutNovel,"E243K,0.467"
X-3615,DSC2,1824.0,MutNovel,"V378I,0.465"
X-3615,DST,667.0,MutNovel,"N1129D,0.500"
X-3615,DYM,54808.0,MutNovel,"I176V,0.558"
X-3615,EHBP1L1,254102.0,MutNovel,"R67W,1.000"
X-3615,EME2,197342.0,MutKnownFunctional,"-54,0.458"
X-3615,EMID1,129080.0,MutNovel,"G253E,1.000"
X-3615,EMILIN2,84034.0,MutNovel,"R14S,0.400"
X-3615,ENTPD6,955.0,MutNovel,"V247M,0.510"
X-3615,ERMP1,79956.0,MutNovel,"H103Y,0.564"
X-3615,ESYT3,83850.0,MutNovel,"R813W,0.556"
X-3615,EZH1,2145.0,MutNovel,"A34T,0.430"
X-3615,FAM105B,90268.0,MutNovel,"PAREAAAT21P,0.227"
X-3615,FAM120C,54954.0,MutNovel,"P110RRP,0.571"
X-3615,FAM22A,728118.0,MutNovel,"L563Q,0.300"
X-3615,FAM82A1,151393.0,MutNovel,"D336N,0.571"
X-3615,FLG,2312.0,MutNovel,"T895K,0.417"
X-3615,FNIP1,96459.0,MutNovel,"T572N,0.440"
X-3615,FRRS1L,,MutNovel,"R51A,1.000"
X-3615,GAGE2D,729408.0,MutNovel,"M96V,1.000"
X-3615,GBAS,2631.0,MutNovel,"A8T,0.359"
X-3615,GCAT,23464.0,MutKnownFunctional,"-425?,0.236"
X-3615,GOLGA8H,,MutNovel,"R251W,1.000"
X-3615,GPR135,64582.0,MutKnownFunctional,"-343?,0.348"
X-3615,GPR135,64582.0,MutNovel,"S35L,0.333"
X-3615,GPSM1,26086.0,MutNovel,"V8L,0.269"
X-3615,GSC,145258.0,MutNovel,"A72T,0.727"
X-3615,HDLBP,3069.0,MutNovel,"A63S,0.503"
X-3615,HECTD2,143279.0,MutNovel,"V7L,0.571"
X-3615,HERC2,8924.0,MutNovel,"D1360H,0.256"
X-3615,HIST2H2AB,317772.0,MutNovel,"K119R,0.312"
X-3615,HLA-DQB2,3120.0,MutNovel,"K33E,1.000"
X-3615,HLA-DQB2,3120.0,MutNovel,"A28G,1.000"
X-3615,HNRNPA1L2,144983.0,MutNovel,"D27G,0.500"
X-3615,HOXB3,3213.0,MutNovel,"GGGG158G,0.889"
X-3615,HR,55806.0,MutNovel,"R819L,0.729"
X-3615,IDH1,3417.0,MutNovel,"V71I,0.461"
X-3615,IFT74,80173.0,MutNovel,"R448C,0.552"
X-3615,INO80D,54891.0,MutNovel,"E715Q,0.367"
X-3615,INPPL1,3636.0,MutNovel,"SGLG1194S,0.887"
X-3615,INTU,27152.0,MutNovel,"G557V,0.435"
X-3615,IRF2BP2,359948.0,MutNovel,"E248Q,0.494"
X-3615,ITPRIP,85450.0,MutNovel,"K472E,0.469"
X-3615,ITSN2,50618.0,MutNovel,"S1263C,0.543"
X-3615,KCP,375616.0,MutNovel,"A1391V,0.667"
X-3615,KCP,375616.0,MutNovel,"R148W,0.312"
X-3615,KIAA0146,23514.0,MutNovel,"G4D,0.438"
X-3615,KIF4B,285643.0,MutKnownFunctional,"-667?,1.000"
X-3615,LAGE3,8270.0,MutNovel,"D16N,0.970"
X-3615,LAYN,143903.0,MutNovel,"E148K,1.000"
X-3615,LOC100288568,,MutNovel,"H197Y,0.516"
X-3615,LOC100505549,100505549.0,MutNovel,"L81Q,0.500"
X-3615,LOC100996493,,MutNovel,"S80T,0.700"
X-3615,LOC285141,,MutNovel,"E147K,0.581"
X-3615,LOC441124,,MutNovel,"P110L,0.820"
X-3615,LOC642441,,MutNovel,"R182S,0.600"
X-3615,LOC728763,,MutNovel,"R1139Q,0.308"
X-3615,LRP10,26020.0,MutNovel,"A119T,0.489"
X-3615,LRRC24,441381.0,MutNovel,"R436Q,0.522"
X-3615,LRRC43,254050.0,MutNovel,"K518E,1.000"
X-3615,LSM10,84967.0,MutNovel,"H102Y,0.469"
X-3615,LSR,51599.0,MutNovel,"G518GR,0.827"
X-3615,LTBP1,4052.0,MutNovel,"V1378A,0.439"
X-3615,LTBP2,4053.0,MutNovel,"R105S,0.548"
X-3615,MAGEC1,9947.0,MutNovel,"L318I,0.217"
X-3615,MCC,4163.0,MutNovel,"A280V,0.660"
X-3615,MEGF9,1955.0,MutNovel,"P78R,0.522"
X-3615,MESP1,55897.0,MutNovel,"L61R,1.000"
X-3615,MIOS,54468.0,MutNovel,"Q517H,0.495"
X-3615,MPRIP,23164.0,MutNovel,"TS178T,0.562"
X-3615,MSH3,4437.0,MutNovel,"A58V,0.786"
X-3615,MUC20,200958.0,MutNovel,"P266S,0.235"
X-3615,MUC4,4585.0,MutNovel,"P4050T,1.000"
X-3615,MUC4,4585.0,MutNovel,"SP1013RT,1.000"
X-3615,MVP,9961.0,MutNovel,"E346-,0.450"
X-3615,MXRA8,54587.0,MutNovel,"A41T,0.426"
X-3615,NBPF1,55672.0,MutNovel,"D712H,0.517"
X-3615,NBPF1,55672.0,MutNovel,"R392H,0.227"
X-3615,NBPF1,55672.0,MutNovel,"R121H,0.333"
X-3615,NBPF10,100132406.0,MutNovel,"I1165F,0.303"
X-3615,NBPF12,,MutNovel,"D440G,0.929"
X-3615,NBPF14,25832.0,MutNovel,"I861V,0.810"
X-3615,NBPF6,653149.0,MutNovel,"G517E,1.000"
X-3615,NCOR2,9612.0,MutNovel,"-1840SSA,0.441"
X-3615,NCOR2,9612.0,MutNovel,"G1840R,0.979"
X-3615,NCOR2,9612.0,MutNovel,"-511SS,0.295"
X-3615,NOC3L,64318.0,MutNovel,"I362V,0.469"
X-3615,NPIPL3,23117.0,MutNovel,"R433H,1.000"
X-3615,NR1H2,7376.0,MutNovel,"-173Q,0.809"
X-3615,NUP214,8021.0,MutNovel,"L59F,0.637"
X-3615,OBP2B,29989.0,MutNovel,"P168L,0.206"
X-3615,OCEL1,79629.0,MutNovel,"P76R,0.601"
X-3615,OCRL,4952.0,MutNovel,"S648L,0.984"
X-3615,ORAI1,84876.0,MutNovel,"PP43-,0.735"
X-3615,OVGP1,5016.0,MutNovel,"D358A,0.403"
X-3615,P2RX6,9127.0,MutNovel,"R37W,1.000"
X-3615,P2RY8,286530.0,MutKnownFunctional,"-1371?,0.929"
X-3615,PALM3,342979.0,MutNovel,"V31L,0.370"
X-3615,PCDHB10,56126.0,MutNovel,"A600V,0.357"
X-3615,PCDHB10,56126.0,MutNovel,"R652C,0.255"
X-3615,PCLO,27445.0,MutNovel,"A497T,0.333"
X-3615,PCNXL2,80003.0,MutNovel,"V2043I,0.622"
X-3615,PCOLCE2,26577.0,MutNovel,"G345R,0.714"
X-3615,PCSK9,255738.0,MutNovel,"-15L,0.357"
X-3615,PDE6C,5146.0,MutNovel,"P800H,0.429"
X-3615,PDZD7,79955.0,MutNovel,"S791V,0.800"
X-3615,PGPEP1,54858.0,MutNovel,"Q159H,0.203"
X-3615,PHLDA1,22822.0,MutNovel,"QQ194Q,0.552"
X-3615,PIEZO1,9780.0,MutNovel,"R807Q,1.000"
X-3615,PIGY,84992.0,MutNovel,"G15R,0.486"
X-3615,PIK3C2B,5287.0,MutNovel,"V1235I,0.611"
X-3615,PIP5K1A,8394.0,MutNovel,"A556E,0.531"
X-3615,PLCE1,51196.0,MutNovel,"L2130F,0.528"
X-3615,PLEKHG3,26030.0,MutNovel,"R15W,0.517"
X-3615,PLIN4,729359.0,MutNovel,"N530T,0.333"
X-3615,PLIN4,729359.0,MutNovel,"S527G,0.333"
X-3615,PLSCR2,57047.0,MutNovel,"Q210E,0.800"
X-3615,PLSCR2,57047.0,MutNovel,"K208Q,0.800"
X-3615,PLSCR2,57047.0,MutNovel,"T203P,1.000"
X-3615,PMPCA,23203.0,MutNovel,"R522Q,0.550"
X-3615,POM121C,100101267.0,MutNovel,"K472T,1.000"
X-3615,POTEE,445582.0,MutNovel,"R816N,0.353"
X-3615,PPHLN1,51535.0,MutNovel,"PQAPQPL380P,0.463"
X-3615,PPID,5481.0,MutNovel,"A209V,0.466"
X-3615,PPP1R26,9858.0,MutNovel,"S1057I,0.440"
X-3615,PPP2R1A,5518.0,MutLikelyFunctional,"P179R,0.501"
X-3615,PPP2R3B,28227.0,MutNovel,"GG673G,0.419"
X-3615,PPP2R3B,28227.0,MutNovel,"L589S,1.000"
X-3615,PRICKLE1,144165.0,MutNovel,"R84W,0.476"
X-3615,PSAP,5660.0,MutNovel,"Q433R,0.499"
X-3615,PYGL,5836.0,MutNovel,"R533W,0.408"
X-3615,PYGL,5836.0,MutNovel,"R414T,0.557"
X-3615,QRICH2,84074.0,MutNovel,"A449R,0.500"
X-3615,RAET1G,353091.0,MutNovel,"I114T,0.500"
X-3615,RENBP,5973.0,MutNovel,"A280D,0.974"
X-3615,RFESD,317671.0,MutNovel,"A43V,0.500"
X-3615,RINL,126432.0,MutNovel,"G399E,0.556"
X-3615,RIPK2,8767.0,MutNovel,"L175F,0.582"
X-3615,SCFD2,152579.0,MutNovel,"F673L,0.415"
X-3615,SDK1,221935.0,MutNovel,"S58P,1.000"
X-3615,SELT,51714.0,MutNovel,"E18K,0.387"
X-3615,SERINC2,347735.0,MutNovel,"-373Q,0.710"
X-3615,SGSH,6448.0,MutNovel,"R117C,0.994"
X-3615,SHISA8,440829.0,MutNovel,"A320V,1.000"
X-3615,SKA2,348235.0,MutNovel,"EE106E,0.851"
X-3615,SLC41A3,54946.0,MutNovel,"G214R,0.513"
X-3615,SSC5D,284297.0,MutNovel,"A1489V,0.375"
X-3615,SZT2,23334.0,MutNovel,"R3073W,0.481"
X-3615,TBCC,6903.0,MutNovel,"P160R,0.437"
X-3615,TBP,6908.0,MutNovel,"-64Q,0.321"
X-3615,TERT,7015.0,MutNovel,"V119L,0.500"
X-3615,TGFBR1,7046.0,MutNovel,"LA17L,0.286"
X-3615,THUMPD2,80745.0,MutNovel,"K146T,0.493"
X-3615,TLR5,7100.0,MutNovel,"Y696H,0.704"
X-3615,TMC7,79905.0,MutNovel,"Q110K,0.880"
X-3615,TMEM132A,54972.0,MutNovel,"R95W,0.679"
X-3615,TMEM184A,202915.0,MutNovel,"G392GA,0.317"
X-3615,TMEM245,,MutNovel,"D9E,0.591"
X-3615,TNRC18,84629.0,MutNovel,"S2621YP,0.350"
X-3615,TP53,7157.0,MutKnownFunctional,"R282W,0.998"
X-3615,TSPYL1,7259.0,MutNovel,"V176VW,0.891"
X-3615,TUBB8,347688.0,MutNovel,"M113T,0.500"
X-3615,UAP1L1,91373.0,MutNovel,"V79L,0.500"
X-3615,UBE2J2,118424.0,MutNovel,"W50C,0.222"
X-3615,UBE2J2,118424.0,MutNovel,"R47Q,0.273"
X-3615,UGT2B10,7365.0,MutNovel,"A345T,1.000"
X-3615,UNC13D,201294.0,MutNovel,"E783Q,1.000"
X-3615,VWA3B,200403.0,MutNovel,"T212M,0.562"
X-3615,VWF,7450.0,MutNovel,"P1162L,0.500"
X-3615,WDR24,84219.0,MutNovel,"R66H,0.482"
X-3615,WNT10A,80326.0,MutNovel,"G378S,0.481"
X-3615,WWC1,23286.0,MutNovel,"G866-,0.312"
X-3615,ZC3H3,23144.0,MutNovel,"K132E,0.489"
X-3615,ZC3H4,23211.0,MutNovel,"S1104F,0.509"
X-3615,ZCCHC11,23318.0,MutNovel,"T112A,0.384"
X-3615,ZFHX3,463.0,MutNovel,"H2001D,0.964"
X-3615,ZNF135,7694.0,MutNovel,"R500W,0.590"
X-3615,ZNF135,7694.0,MutNovel,"T513I,0.513"
X-3615,ZNF264,9422.0,MutNovel,"D87N,0.339"
X-3615,ZNF492,57615.0,MutNovel,"S164T,1.000"
X-3615,ZNF503,84858.0,MutNovel,"GGG24G,0.236"
X-3615,ZNF79,7633.0,MutNovel,"L264V,0.553"
X-3615,ZNF808,388558.0,MutNovel,"V689M,0.375"
X-3615,ZNF813,126017.0,MutNovel,"V36M,0.228"
X-3615,ZNF98,148198.0,MutNovel,"Y87C,0.500"
X-3615,ZP3,7784.0,MutNovel,"S315P,0.214"
X-3682,ACTA2,59.0,Del0.8,0.23
X-3682,ADAMTS12,81792.0,Amp5,5.66
X-3682,ADRA2B,151.0,MutNovel,"E301ERRK,1.000"
X-3682,AGAP7,653268.0,MutNovel,"R269Q,0.750"
X-3682,AGAP8,728404.0,MutNovel,"G601S,0.404"
X-3682,AIM2,9447.0,MutKnownFunctional,"-343?,0.273"
X-3682,ALG1L2,644974.0,MutNovel,"D158G,1.000"
X-3682,ALG1L2,644974.0,MutNovel,"C169S,1.000"
X-3682,ALG1L2,644974.0,MutNovel,"A173V,1.000"
X-3682,AMACR,23600.0,Amp5,5.66
X-3682,AMELY,266.0,Del0.8,0.24
X-3682,ANKRD20A1,,MutNovel,"R374G,0.481"
X-3682,ANKRD22,118932.0,Del0.8,0.24
X-3682,ANKRD26,22852.0,MutKnownFunctional,"K1373*,0.421"
X-3682,ANKRD62P1-PARP4P3,23783.0,Del0.8,0.53
X-3682,ANP32C,23520.0,Del0.8,0.2
X-3682,APC,324.0,MutNovel,"L1129S,1.000"
X-3682,AR,367.0,MutNovel,"LQQQQQ57L,1.000"
X-3682,ARAP1,116985.0,MutNovel,"A1107T,0.514"
X-3682,ARHGAP29,9411.0,MutNovel,"D1197N,0.502"
X-3682,ARHGEF33,100271715.0,MutNovel,"V591L,0.769"
X-3682,ARMCX4,100131755.0,MutNovel,"I1032T,1.000"
X-3682,ART5,116969.0,MutNovel,"-25P,1.000"
X-3682,ARV1,64801.0,MutKnownFunctional,"-170?,0.259"
X-3682,ASIC2,,MutNovel,"R46L,1.000"
X-3682,ATAD1,84896.0,Del0.8,0.25
X-3682,ATG10,83734.0,Del0.8,0.76
X-3682,ATP10A,57194.0,MutNovel,"I813S,0.583"
X-3682,ATP13A3,79572.0,MutNovel,"E52Q,0.667"
X-3682,ATP6V1F,9296.0,MutNovel,"P73L,0.273"
X-3682,BARX1,56033.0,MutNovel,"A48T,0.964"
X-3682,BCORP1,286554.0,Del0.8,0.2
X-3682,BPY2B,442867.0,Del0.8,0.12
X-3682,BPY2B,442867.0,Del0.8,0.07
X-3682,BRCA1,672.0,MutKnownFunctional,"-1052,1.000"
X-3682,BRIX1,55299.0,Amp5,5.66
X-3682,C1QTNF3,114899.0,Amp5,5.66
X-3682,C1orf43,25912.0,MutNovel,"D83G,0.448"
X-3682,C5orf22,55322.0,Amp5,5.66
X-3682,C6orf70,55780.0,MutNovel,"V534I,1.000"
X-3682,CACNA1A,773.0,MutNovel,"QQ2330-,1.000"
X-3682,CARD11,84433.0,MutNovel,"R170H,1.000"
X-3682,CCT8L2,150160.0,Del0.8,0.53
X-3682,CDH6,1004.0,Amp5,5.66
X-3682,CDH9,1007.0,Amp5,5.9
X-3682,CDY1B,253175.0,Del0.8,0.2
X-3682,CDY1B,253175.0,Del0.8,0.16
X-3682,CDY2A,9426.0,Del0.8,0.2
X-3682,CDY2A,9426.0,Del0.8,0.2
X-3682,CDY2B,203611.0,Del0.8,0.2
X-3682,CDY2B,203611.0,Del0.8,0.2
X-3682,CEP89,84902.0,MutNovel,"H670N,0.393"
X-3682,CES1P1,51716.0,Del0.8,0.77
X-3682,CFL1P1,142913.0,Del0.8,0.25
X-3682,CGB1,114335.0,MutNovel,"T33I,1.000"
X-3682,CH25H,9023.0,Del0.8,0.29
X-3682,CHEK2P2,646096.0,Del0.8,0.77
X-3682,CNTNAP3,79937.0,MutNovel,"A1204T,0.273"
X-3682,CNTNAP3B,728577.0,MutNovel,"F537S,0.429"
X-3682,CNTNAP3B,728577.0,MutNovel,"G1195R,0.600"
X-3682,CORO1B,57175.0,MutNovel,"R416W,0.560"
X-3682,CRKL,1399.0,MutNovel,"E303D,0.904"
X-3682,CSMD1,64478.0,Del0.8,0.24
X-3682,CSPG4P1Y,114758.0,Del0.8,0.2
X-3682,CSPG4P1Y,114758.0,Del0.8,0.16
X-3682,CXADRP2,646243.0,Del0.8,0.57
X-3682,DAB1,1600.0,MutNovel,"T414M,0.722"
X-3682,DAZ1,1617.0,Del0.8,0.2
X-3682,DAZ2,57055.0,Del0.8,0.13
X-3682,DAZ3,57054.0,Del0.8,0.12
X-3682,DAZ3,57054.0,Del0.8,0.07
X-3682,DAZ4,57135.0,Del0.8,0.14
X-3682,DAZ4,57135.0,Del0.8,0.1
X-3682,DDX3Y,8653.0,Del0.8,0.2
X-3682,DENND4B,9909.0,MutNovel,"QQQ908-,1.000"
X-3682,DHX9,1660.0,MutNovel,"G1217V,0.532"
X-3682,DIP2C,22982.0,MutNovel,"S1081C,0.643"
X-3682,DNAJC21,134218.0,Amp5,5.66
X-3682,DROSHA,29102.0,Amp5,5.66
X-3682,DYRK2,8445.0,MutNovel,"T113I,0.531"
X-3682,ECHDC3,79746.0,MutNovel,"T270N,0.759"
X-3682,EEF1DP3,196549.0,Del0.8,0.45
X-3682,EIF1AY,9086.0,Del0.8,0.2
X-3682,EMC10,,MutKnownFunctional,"-231?,0.459"
X-3682,ERP29,10961.0,MutNovel,"K238E,0.478"
X-3682,ESYT3,83850.0,MutNovel,"G882E,0.529"
X-3682,FAM109B,150368.0,MutNovel,"H250Y,1.000"
X-3682,FAM122A,116224.0,MutNovel,"R105P,0.364"
X-3682,FAM153A,285596.0,MutNovel,"V186G,1.000"
X-3682,FAM171B,165215.0,MutNovel,"-44Q,0.684"
X-3682,FAM171B,165215.0,MutNovel,"-50Q,0.818"
X-3682,FAM197Y2P,252946.0,Del0.8,0.04
X-3682,FAM20C,56975.0,MutNovel,"E527K,0.988"
X-3682,FAM41AY1,340618.0,Del0.8,0.2
X-3682,FAM41AY1,340618.0,Del0.8,0.2
X-3682,FAM86DP,692099.0,Del0.8,0.45
X-3682,FAS,355.0,Del0.8,0.29
X-3682,FAS-AS1,100302740.0,Del0.8,0.29
X-3682,FKBP15,23307.0,MutNovel,"D762H,1.000"
X-3682,FLG,2312.0,MutNovel,"R3210C,0.500"
X-3682,FLG,2312.0,MutNovel,"W1934R,0.500"
X-3682,FLG,2312.0,MutNovel,"N1913C,0.667"
X-3682,FLG,2312.0,MutNovel,"H980D,1.000"
X-3682,FLJ37201,283011.0,Del0.8,0.17
X-3682,FNBP4,23360.0,MutNovel,"E364A,0.459"
X-3682,FRMD4A,55691.0,MutNovel,"Q495P,0.679"
X-3682,FRRS1L,,MutNovel,"R51A,1.000"
X-3682,FSTL5,56884.0,Del0.8,0.77
X-3682,FZD1,8321.0,MutNovel,"L21I,0.450"
X-3682,GALNT14,79623.0,MutNovel,"V326I,0.541"
X-3682,GIGYF2,26058.0,MutNovel,"PQ1231P,1.000"
X-3682,GJD4,219770.0,MutNovel,"P341T,1.000"
X-3682,GOLGA2P2Y,84559.0,Del0.8,0.2
X-3682,GOLGA2P2Y,84559.0,Del0.8,0.16
X-3682,GOLPH3,64083.0,Amp5,5.66
X-3682,GPR137C,283554.0,MutNovel,"S27G,1.000"
X-3682,GSTM1,2944.0,Del0.8,0.66
X-3682,GSTT1,2952.0,Amp5,6.19
X-3682,GSTT2,2953.0,Del0.8,0.67
X-3682,GSTTP1,25774.0,Del0.8,0.67
X-3682,GYG2P1,352887.0,Del0.8,0.2
X-3682,HERC2P3,283755.0,Del0.8,0.75
X-3682,HIVEP1,3096.0,MutNovel,"T1928S,1.000"
X-3682,HIVEP3,59269.0,MutNovel,"W695C,0.680"
X-3682,HLA-G,3135.0,MutNovel,"F219S,0.250"
X-3682,HRCT1,646962.0,MutNovel,"P106H,0.875"
X-3682,HSFY1P1,27437.0,Del0.8,0.53
X-3682,HSFY2,159119.0,Del0.8,0.2
X-3682,HSFY2,159119.0,Del0.8,0.2
X-3682,HSPA1B,3304.0,MutNovel,"F150I,0.750"
X-3682,HYDIN,54768.0,MutNovel,"A4041T,0.556"
X-3682,HYDIN,54768.0,MutNovel,"N3641S,1.000"
X-3682,IFIT1,3434.0,Del0.8,0.18
X-3682,IFIT1B,439996.0,Del0.8,0.14
X-3682,IFIT2,3433.0,Del0.8,0.23
X-3682,IFIT3,3437.0,Del0.8,0.28
X-3682,IFIT5,24138.0,Del0.8,0.23
X-3682,IGFBP2,3485.0,MutNovel,"L17LLPP,0.880"
X-3682,IRF2BPL,64207.0,MutNovel,"QQ114Q,0.422"
X-3682,ITGA1,3672.0,MutNovel,"S609I,0.441"
X-3682,ITGA2,3673.0,MutNovel,"S835G,0.545"
X-3682,KCNAB2,8514.0,MutNovel,"I399M,0.981"
X-3682,KDM5D,8284.0,Del0.8,0.2
X-3682,KIAA0355,9710.0,MutNovel,"TPPQP1036T,0.263"
X-3682,KIAA0494,9813.0,MutNovel,"I152V,0.441"
X-3682,KIF18B,146909.0,MutNovel,"P687S,1.000"
X-3682,KIF20B,9585.0,Del0.8,0.17
X-3682,KLLN,100144748.0,Del0.8,0.25
X-3682,LCE3C,353144.0,Del0.8,0.26
X-3682,LIPA,3988.0,Del0.8,0.16
X-3682,LIPF,8513.0,Del0.8,0.25
X-3682,LIPJ,142910.0,Del0.8,0.37
X-3682,LIPK,643414.0,Del0.8,0.25
X-3682,LIPM,340654.0,Del0.8,0.25
X-3682,LIPN,643418.0,Del0.8,0.25
X-3682,LMTK3,114783.0,MutNovel,"E507Q,0.646"
X-3682,LOC100505781,,MutKnownFunctional,"R55*,0.875"
X-3682,LOC100505781,,MutNovel,"A52T,0.875"
X-3682,LOC100507656,,MutKnownFunctional,"C160*,0.571"
X-3682,LOC100996274,,MutNovel,"E258K,1.000"
X-3682,LOC100996274,,MutNovel,"T423R,1.000"
X-3682,LOC100996433,,MutNovel,"S55Y,0.571"
X-3682,LOC100996433,,MutNovel,"A73T,0.571"
X-3682,LOC100996525,,MutNovel,"R410W,1.000"
X-3682,LOC100996607,,MutNovel,"R279W,1.000"
X-3682,LOC100996701,,MutNovel,"I40T,0.800"
X-3682,LOC100996701,,MutNovel,"G26L,0.833"
X-3682,LOC340107,340107.0,Amp5,5.9
X-3682,LOC340113,340113.0,Amp5,5.66
X-3682,LOC348120,348120.0,Del0.8,0.48
X-3682,LOC391322,391322.0,Amp5,6.19
X-3682,LOC643401,643401.0,Amp5,5.9
X-3682,LOC643529,643529.0,Del0.8,0.29
X-3682,LOC646214,646214.0,Del0.8,0.57
X-3682,LOC727924,727924.0,Del0.8,0.57
X-3682,LOC728734,,MutNovel,"S79T,1.000"
X-3682,LPA,4018.0,MutNovel,"E1371D,1.000"
X-3682,LRRC33,375387.0,MutNovel,"A127G,0.291"
X-3682,LSR,51599.0,MutNovel,"G518GR,0.587"
X-3682,LTBP3,4054.0,MutNovel,"L35LCW,1.000"
X-3682,LTBP4,8425.0,MutNovel,"P1322S,0.371"
X-3682,LYST,1130.0,MutNovel,"S2895F,0.267"
X-3682,MAP1S,55201.0,MutNovel,"R479W,0.517"
X-3682,MAP3K10,4294.0,MutNovel,"R190Q,0.549"
X-3682,MAP3K4,4216.0,MutNovel,"PA1189P,1.000"
X-3682,2014-03-01 00:00:00,55016.0,Del0.8,0.66
X-3682,MED15,51586.0,MutNovel,"-251Q,1.000"
X-3682,MEF2A,4205.0,MutNovel,"QQ412-,0.208"
X-3682,MIER1,57708.0,MutNovel,"E229Q,0.527"
X-3682,MINPP1,9562.0,Del0.8,0.17
X-3682,MIR107,406901.0,Del0.8,0.23
X-3682,MIR21,406991.0,Amp5,5.06
X-3682,MIR4279,100422874.0,Amp5,5.66
X-3682,MIR4678,100616296.0,Del0.8,0.12
X-3682,MIR4679-1,100616128.0,Del0.8,0.14
X-3682,MIR4679-2,100616192.0,Del0.8,0.14
X-3682,MIR4737,100616210.0,Amp5,5.06
X-3682,MIR548H3,100302287.0,Del0.8,0.53
X-3682,MLL,4297.0,MutNovel,"A30G,0.500"
X-3682,MPRIP,23164.0,MutNovel,"TS178T,1.000"
X-3682,MST1,4485.0,MutNovel,"C338R,1.000"
X-3682,MTMR12,54545.0,Amp5,5.66
X-3682,MTMR14,64419.0,MutNovel,"D445N,0.504"
X-3682,MUC20,200958.0,Amp5,6.87
X-3682,MYOM2,9172.0,Del0.8,0.28
X-3682,NACA2,342538.0,MutNovel,"S19P,1.000"
X-3682,NBEAP1,606.0,Del0.8,0.4
X-3682,NBPF11,200030.0,MutNovel,"T564A,1.000"
X-3682,NBPF11,200030.0,MutNovel,"P61S,0.571"
X-3682,NBPF12,,MutNovel,"I338L,0.577"
X-3682,NBPF15,284565.0,MutNovel,"W249Q,0.750"
X-3682,NCOR2,9612.0,MutNovel,"G1839GAAA,1.000"
X-3682,NCOR2,9612.0,MutNovel,"-511SS,1.000"
X-3682,NCRNA00185,55410.0,Del0.8,0.2
X-3682,NEFH,4744.0,MutNovel,"KAKSPEKEE651K,0.500"
X-3682,NF1P2,440225.0,Del0.8,0.48
X-3682,NLGN4Y,22829.0,Del0.8,0.2
X-3682,NPAS3,64067.0,MutNovel,"S674P,0.462"
X-3682,NPC1,4864.0,MutKnownFunctional,"Q1046*,0.241"
X-3682,NPR3,4883.0,Amp5,5.66
X-3682,NUDT11,55190.0,MutKnownFunctional,"-1,1.000"
X-3682,OR2T27,403239.0,Del0.8,0.73
X-3682,OR4M2,390538.0,Del0.8,0.57
X-3682,OR4N3P,390539.0,Del0.8,0.57
X-3682,OR4N4,283694.0,Del0.8,0.57
X-3682,OR52J3,119679.0,Del0.8,0.6
X-3682,ORAI1,84876.0,MutNovel,"PP43-,1.000"
X-3682,PANK1,53354.0,Del0.8,0.23
X-3682,PAPSS2,9060.0,Del0.8,0.25
X-3682,PBLD,64081.0,MutNovel,"T100K,0.462"
X-3682,PCDH11Y,83259.0,Del0.8,0.24
X-3682,PCDHA10,56139.0,Del0.8,0.55
X-3682,PCDHA8,56140.0,Del0.8,0.68
X-3682,PCDHA9,9752.0,MutNovel,"S88C,0.333"
X-3682,PCDHA9,9752.0,Del0.8,0.47
X-3682,PDZD2,23037.0,Amp5,5.66
X-3682,PHLDA1,22822.0,MutNovel,"QQ194Q,1.000"
X-3682,PIEZO2,63895.0,MutNovel,"T828S,0.486"
X-3682,PLEKHG5,57449.0,MutNovel,"C892Y,1.000"
X-3682,PLIN5,440503.0,MutNovel,"P405S,0.750"
X-3682,PNPLA7,375775.0,MutKnownFunctional,"-1230?,0.500"
X-3682,POGLUT1,56983.0,MutNovel,"Y177I,0.375"
X-3682,POM121,9883.0,MutNovel,"K568R,0.429"
X-3682,POTEB,339010.0,Del0.8,0.48
X-3682,POU5F1,5460.0,MutNovel,"R201W,0.583"
X-3682,PRKY,5616.0,Del0.8,0.24
X-3682,PRY,9081.0,Del0.8,0.2
X-3682,PRY,9081.0,Del0.8,0.2
X-3682,PRY2,442862.0,Del0.8,0.2
X-3682,PRY2,442862.0,Del0.8,0.2
X-3682,PTEN,5728.0,Del0.8,0.4
X-3682,PTPRK,5796.0,Del0.8,0.66
X-3682,QRICH1,54870.0,MutNovel,"V742A,1.000"
X-3682,R3HDM2,22864.0,MutNovel,"P108A,0.573"
X-3682,RAD1,5810.0,Amp5,5.66
X-3682,RAI14,26064.0,Amp5,5.66
X-3682,RARG,5916.0,MutNovel,"P8T,1.000"
X-3682,RBMY1A3P,286557.0,Del0.8,0.24
X-3682,RBMY1B,378948.0,Del0.8,0.2
X-3682,RBMY1B,378948.0,Del0.8,0.2
X-3682,RBMY1E,378950.0,Del0.8,0.2
X-3682,RBMY1E,378950.0,Del0.8,0.2
X-3682,RBMY1F,159163.0,Del0.8,0.2
X-3682,RBMY1F,159163.0,Del0.8,0.2
X-3682,RBMY1J,378951.0,Del0.8,0.2
X-3682,RBMY1J,378951.0,Del0.8,0.2
X-3682,RBMY2EP,159125.0,Del0.8,0.2
X-3682,RBMY2FP,159162.0,Del0.8,0.2
X-3682,RBMY3AP,64593.0,Del0.8,0.2
X-3682,REREP3,646396.0,Del0.8,0.57
X-3682,REST,5978.0,MutNovel,"I747M,0.407"
X-3682,RHD,6007.0,Del0.8,0.4
X-3682,RIN3,79890.0,MutNovel,"G967-,0.632"
X-3682,RNF5,6048.0,MutNovel,"RGGA18R,0.781"
X-3682,RNFT1,51136.0,Amp5,5.06
X-3682,RNLS,55328.0,Del0.8,0.22
X-3682,RPS17L,,MutNovel,"K72R,0.571"
X-3682,RPS4Y1,6192.0,Del0.8,0.24
X-3682,RPS4Y2,140032.0,Del0.8,0.2
X-3682,RPS6KB1,6198.0,Amp5,5.06
X-3682,RXFP3,51289.0,Amp5,5.66
X-3682,SATB1,6304.0,Del0.8,0.76
X-3682,SEC14L6,730005.0,MutNovel,"A151G,0.846"
X-3682,SEC14L6,730005.0,MutNovel,"R20Q,1.000"
X-3682,SERINC2,347735.0,MutNovel,"-373Q,1.000"
X-3682,SEZ6L2,26470.0,MutNovel,"G587R,0.562"
X-3682,SGSH,6448.0,MutNovel,"L502V,1.000"
X-3682,SLC12A2,6558.0,MutNovel,"D782N,0.459"
X-3682,SLC16A12,387700.0,Del0.8,0.23
X-3682,SLC45A2,51151.0,Amp5,5.66
X-3682,SMR3A,26952.0,MutNovel,"Q108R,0.500"
X-3682,SMR3A,26952.0,MutNovel,"N122S,0.500"
X-3682,SMR3A,26952.0,MutNovel,"A128T,0.500"
X-3682,SNAPC4,6621.0,MutNovel,"S542-,0.274"
X-3682,SNTB2,6645.0,Del0.8,0.26
X-3682,SPAG11B,10407.0,MutNovel,"H84R,1.000"
X-3682,SRD5A2,6716.0,MutKnownFunctional,"-30?,1.000"
X-3682,SRY,6736.0,Del0.8,0.24
X-3682,STAMBPL1,57559.0,Del0.8,0.2
X-3682,SUB1,10923.0,Amp5,5.66
X-3682,SVIL,6840.0,MutNovel,"S221P,0.829"
X-3682,SYNJ1,8867.0,MutNovel,"M349I,0.571"
X-3682,TARS,6897.0,Amp5,5.66
X-3682,TBC1D3P1-DHX40P1,653645.0,Amp5,5.06
X-3682,TBL1Y,90665.0,Del0.8,0.24
X-3682,TCEAL6,158931.0,MutKnownFunctional,"-175?,1.000"
X-3682,TCERG1,10915.0,MutNovel,"QAQA210-,0.419"
X-3682,TGIF2LY,90655.0,Del0.8,0.24
X-3682,TMBIM4,51643.0,MutKnownFunctional,"-174?,0.553"
X-3682,TMSB4Y,9087.0,Del0.8,0.2
X-3682,TP53,7157.0,MutKnownFunctional,"E287*,0.947"
X-3682,TPTEP1,387590.0,Del0.8,0.53
X-3682,TRABD2B,,MutNovel,"A262T,1.000"
X-3682,TRAPPC12,51112.0,MutNovel,"L563V,0.510"
X-3682,TRIM50,135892.0,MutNovel,"N159K,0.833"
X-3682,TRIOBP,11078.0,MutNovel,"R576T,1.000"
X-3682,TRPC1,7220.0,MutKnownFunctional,"K700*,0.447"
X-3682,TSPY1,7258.0,Del0.8,0.04
X-3682,TSPY2,64591.0,Del0.8,0.24
X-3682,TSPY3,728137.0,Del0.8,0.04
X-3682,TSPY4,728395.0,Del0.8,0.04
X-3682,TSPY8,728403.0,Del0.8,0.04
X-3682,TTC19,54902.0,MutNovel,"R66G,1.000"
X-3682,TTC23L,153657.0,Amp5,5.66
X-3682,TTTY10,246119.0,Del0.8,0.2
X-3682,TTTY11,83866.0,Del0.8,0.24
X-3682,TTTY12,83867.0,Del0.8,0.24
X-3682,TTTY13,83868.0,Del0.8,0.2
X-3682,TTTY14,83869.0,Del0.8,0.2
X-3682,TTTY15,64595.0,Del0.8,0.2
X-3682,TTTY16,252948.0,Del0.8,0.24
X-3682,TTTY17A,252949.0,Del0.8,0.16
X-3682,TTTY17A,252949.0,Del0.8,0.12
X-3682,TTTY18,252950.0,Del0.8,0.24
X-3682,TTTY19,252952.0,Del0.8,0.24
X-3682,TTTY1B,100101116.0,Del0.8,0.24
X-3682,TTTY1B,100101116.0,Del0.8,0.2
X-3682,TTTY2,60439.0,Del0.8,0.24
X-3682,TTTY2,60439.0,Del0.8,0.2
X-3682,TTTY20,252951.0,Del0.8,0.1
X-3682,TTTY21,252953.0,Del0.8,0.2
X-3682,TTTY21,252953.0,Del0.8,0.24
X-3682,TTTY22,252954.0,Del0.8,0.2
X-3682,TTTY23,252955.0,Del0.8,0.2
X-3682,TTTY23,252955.0,Del0.8,0.24
X-3682,TTTY3,114760.0,Del0.8,0.16
X-3682,TTTY3,114760.0,Del0.8,0.2
X-3682,TTTY4,114761.0,Del0.8,0.07
X-3682,TTTY4,114761.0,Del0.8,0.12
X-3682,TTTY5,83863.0,Del0.8,0.2
X-3682,TTTY6,84672.0,Del0.8,0.2
X-3682,TTTY6,84672.0,Del0.8,0.2
X-3682,TTTY7,246122.0,Del0.8,0.2
X-3682,TTTY7,246122.0,Del0.8,0.24
X-3682,TTTY7B,100101120.0,Del0.8,0.2
X-3682,TTTY7B,100101120.0,Del0.8,0.24
X-3682,TTTY8,84673.0,Del0.8,0.24
X-3682,TTTY8,84673.0,Del0.8,0.2
X-3682,TTTY9A,83864.0,Del0.8,0.2
X-3682,TTTY9A,83864.0,Del0.8,0.2
X-3682,TUBD1,51174.0,Amp5,5.06
X-3682,TUSC3,7991.0,Del0.8,0.77
X-3682,TXLNG2P,246126.0,Del0.8,0.2
X-3682,UBR7,55148.0,MutNovel,"P226L,0.447"
X-3682,UGT2B17,7367.0,Del0.8,0.59
X-3682,URI1,8725.0,MutNovel,"S16SAP,0.438"
X-3682,USP9Y,8287.0,Del0.8,0.2
X-3682,UTY,7404.0,Del0.8,0.2
X-3682,VCY,9084.0,Del0.8,0.2
X-3682,VCY,9084.0,Del0.8,0.2
X-3682,VTN,7448.0,MutKnownFunctional,"-95?,1.000"
X-3682,WASH1,100287171.0,MutNovel,"P152A,0.446"
X-3682,XAB2,56949.0,MutNovel,"R575W,0.536"
X-3682,XKR3,150165.0,Del0.8,0.53
X-3682,XKRY2,353515.0,Del0.8,0.2
X-3682,XKRY2,353515.0,Del0.8,0.2
X-3682,ZFR,51663.0,Amp5,5.66
X-3682,ZFY,7544.0,Del0.8,0.24
X-3682,ZIC5,85416.0,MutNovel,"PP420P,1.000"
X-3682,ZNF219,51222.0,MutNovel,"QPP233P,0.496"
X-3682,ZNF30,90075.0,MutNovel,"N49I,0.560"
X-3682,ZNF304,57343.0,MutNovel,"G650S,0.570"
X-3682,ZNF324,25799.0,MutNovel,"E506D,0.409"
X-3682,ZNF384,171017.0,MutNovel,"QQ514Q,0.450"
X-3682,ZNF507,22847.0,MutNovel,"L426V,0.216"
X-3682,ZNF541,84215.0,MutNovel,"L479F,0.643"
X-3682,ZNF616,90317.0,MutKnownFunctional,"-184?,0.500"
X-3682,ZNF667,63934.0,MutNovel,"E392Q,0.551"
X-3682,ZNF750,79755.0,MutNovel,"A541T,1.000"
X-3682,ZNF772,400720.0,MutNovel,"A4GP,0.500"
X-3682,ZNF98,148198.0,MutKnownFunctional,"-102?,0.760"
X-3682,ZNFX1,57169.0,MutKnownFunctional,"R5*,0.443"
X-3682,ZSWIM5,57643.0,MutNovel,"P142S,1.000"
X-3694,AAR2,,MutNovel,"G72D,0.536"
X-3694,AARD,,MutNovel,"Q92H,0.625"
X-3694,AATK,9625.0,MutNovel,"P1331PRP,0.889"
X-3694,ABCG1,9619.0,MutNovel,"D587N,1.000"
X-3694,ACAT2,39.0,MutNovel,"C393F,0.994"
X-3694,ADAM3A,1587.0,Del0.8,0.15
X-3694,ADAM5P,255926.0,Del0.8,0.47
X-3694,ADCK5,203054.0,Amp5,5.74
X-3694,ADCY4,196883.0,MutNovel,"E1031A,0.455"
X-3694,ADCY8,114.0,Amp5,6.5
X-3694,AGAP5,729092.0,MutNovel,"A43V,0.552"
X-3694,AGAP7,653268.0,MutNovel,"R610C,0.500"
X-3694,AHI1,54806.0,Del0.8,0.78
X-3694,ALKBH3,221120.0,MutNovel,"E167Q,0.442"
X-3694,ALLC,55821.0,Del0.8,0.78
X-3694,ALX3,257.0,MutNovel,"P40T,0.800"
X-3694,AMELY,266.0,Del0.8,0.16
X-3694,ANKRD32,84250.0,Del0.8,0.78
X-3694,ANKRD62,,MutNovel,"I506T,1.000"
X-3694,ANKRD62,,MutNovel,"N547T,1.000"
X-3694,ANKRD62,,MutNovel,"R553K,1.000"
X-3694,ANXA13,312.0,Amp5,6.5
X-3694,ARHGAP39,80728.0,Amp5,5.74
X-3694,ARHGEF40,55701.0,MutNovel,"V1256M,0.509"
X-3694,ARSB,411.0,Del0.8,0.78
X-3694,ASAP1,50807.0,Amp5,6.5
X-3694,ASAP1-IT1,29065.0,Amp5,6.5
X-3694,ATAD2,29028.0,Amp5,6.5
X-3694,ATF7,11016.0,MutNovel,"R300C,0.316"
X-3694,ATR,545.0,Del0.8,0.76
X-3694,B3GAT2,135152.0,Del0.8,0.71
X-3694,BCORP1,286554.0,Del0.8,0.16
X-3694,BOP1,23246.0,Amp5,5.74
X-3694,BPY2B,442867.0,Del0.8,0.05
X-3694,BPY2B,442867.0,Del0.8,0.09
X-3694,BRCA1,672.0,MutKnownFunctional,"-965,1.000"
X-3694,BRCC3,79184.0,MutNovel,"V5A,0.990"
X-3694,BREA2,286076.0,Amp5,5.74
X-3694,BTNL8,79908.0,Del0.8,0.44
X-3694,BTNL9,153579.0,MutNovel,"H384Y,1.000"
X-3694,C16orf95,100506581.0,MutNovel,"R151H,0.585"
X-3694,C6orf118,168090.0,Del0.8,0.73
X-3694,C8orf31,286122.0,Amp5,6.15
X-3694,C8orf33,65265.0,Amp5,5.74
X-3694,C8orf37,157657.0,Amp5,5.58
X-3694,C8orf73,642475.0,Amp5,5.74
X-3694,C8orf76,84933.0,Amp5,6.5
X-3694,C8orf82,414919.0,Amp5,5.74
X-3694,C9orf172,389813.0,MutNovel,"E929D,1.000"
X-3694,CA2,760.0,MutNovel,"L183P,0.435"
X-3694,CARD11,84433.0,MutNovel,"K344R,0.429"
X-3694,CCDC102A,92922.0,MutNovel,"A380E,0.444"
X-3694,CCDC144A,9720.0,MutNovel,"Q1091R,1.000"
X-3694,CCDC144B,284047.0,Del0.8,0.8
X-3694,CCDC166,100130274.0,Amp5,5.74
X-3694,CCL3L1,6349.0,Del0.8,0.76
X-3694,CCL3L3,414062.0,Del0.8,0.76
X-3694,CCL4L1,9560.0,Del0.8,0.76
X-3694,CDC42EP1,11135.0,MutNovel,"PAPAANPS253P,0.776"
X-3694,CDY1B,253175.0,Del0.8,0.09
X-3694,CDY1B,253175.0,Del0.8,0.16
X-3694,CDY2A,9426.0,Del0.8,0.16
X-3694,CDY2A,9426.0,Del0.8,0.16
X-3694,CDY2B,203611.0,Del0.8,0.16
X-3694,CDY2B,203611.0,Del0.8,0.16
X-3694,CHD3,1107.0,MutNovel,"-81P,0.615"
X-3694,CHPF2,54480.0,MutNovel,"P504L,0.497"
X-3694,CNGA1,1259.0,MutNovel,"S3F,1.000"
X-3694,CNKSR1,10256.0,MutKnownFunctional,"-282,0.788"
X-3694,COL14A1,7373.0,Amp5,6.96
X-3694,COLEC10,10584.0,Amp5,6.96
X-3694,COMMD5,28991.0,Amp5,5.74
X-3694,CPSF1,29894.0,Amp5,5.74
X-3694,CROCCP2,84809.0,Del0.8,0.68
X-3694,CRSP8P,441089.0,Del0.8,0.59
X-3694,CRYBB2P1,1416.0,Del0.8,0.27
X-3694,CSMD1,64478.0,Del0.8,0.78
X-3694,CSPG4P1Y,114758.0,Del0.8,0.23
X-3694,CSPG4P1Y,114758.0,Del0.8,0.16
X-3694,CTSA,5476.0,MutNovel,"L29-,0.913"
X-3694,CUL9,23113.0,MutNovel,"H2205Y,0.560"
X-3694,CYC1,1537.0,Amp5,5.74
X-3694,CYFIP2,26999.0,MutKnownFunctional,"-94?,0.455"
X-3694,CYHR1,50626.0,Amp5,5.74
X-3694,CYP11B1,1584.0,Amp5,6.15
X-3694,CYP11B2,1585.0,Amp5,6.15
X-3694,CYP2D6,1565.0,MutNovel,"R380H,1.000"
X-3694,DAZ1,1617.0,Del0.8,0.16
X-3694,DAZ2,57055.0,Del0.8,0.1
X-3694,DAZ3,57054.0,Del0.8,0.09
X-3694,DAZ3,57054.0,Del0.8,0.05
X-3694,DAZ4,57135.0,Del0.8,0.11
X-3694,DAZ4,57135.0,Del0.8,0.08
X-3694,DDT,1652.0,Del0.8,0.61
X-3694,DDTL,100037417.0,Del0.8,0.61
X-3694,DDX3Y,8653.0,Del0.8,0.16
X-3694,DEPTOR,64798.0,Amp5,6.96
X-3694,DERL1,79139.0,Amp8,8
X-3694,DERL3,91319.0,MutKnownFunctional,"-105,0.932"
X-3694,DGAT1,8694.0,Amp5,5.74
X-3694,DHRSX,207063.0,MutNovel,"R751H,1.000"
X-3694,DHX9,1660.0,MutNovel,"GGYGS1192-,0.222"
X-3694,DNAJC11,55735.0,MutKnownFunctional,"S278*,0.234"
X-3694,DRD4,1815.0,MutNovel,"Q287P,0.500"
X-3694,DSCC1,79075.0,Amp5,6.96
X-3694,DTD1,92675.0,MutNovel,"A195V,0.467"
X-3694,DVL2,1856.0,MutKnownFunctional,"-528,0.212"
X-3694,E2F5,1875.0,MutNovel,"G18A,0.780"
X-3694,EEF1D,1936.0,Amp5,5.74
X-3694,EFHA2,286097.0,MutNovel,"R362K,1.000"
X-3694,EIF1AY,9086.0,Del0.8,0.16
X-3694,ENPP2,5168.0,Amp5,6.96
X-3694,EPB41L2,2037.0,MutNovel,"P909A,1.000"
X-3694,EPPK1,83481.0,Amp5,5.74
X-3694,ERBB3,2065.0,MutNovel,"S252N,0.431"
X-3694,ESPNP,284729.0,Del0.8,0.48
X-3694,EXOSC4,54512.0,Amp5,5.74
X-3694,EXT1,2131.0,Amp5,6.96
X-3694,FAM106A,80039.0,Del0.8,0.6
X-3694,FAM132B,,MutNovel,"R307C,0.517"
X-3694,FAM159B,100132916.0,Del0.8,0.73
X-3694,FAM171B,165215.0,MutNovel,"-44QQ,0.455"
X-3694,FAM190A,401145.0,Del0.8,0.43
X-3694,FAM197Y2P,252946.0,Del0.8,0.16
X-3694,FAM203A,51236.0,Amp5,5.74
X-3694,FAM22D,728130.0,MutNovel,"V169D,0.562"
X-3694,FAM41AY1,340618.0,Del0.8,0.16
X-3694,FAM41AY1,340618.0,Del0.8,0.16
X-3694,FAM49B,51571.0,Amp5,6.5
X-3694,FAM83A,84985.0,Amp5,6.5
X-3694,FAM83E,54854.0,MutNovel,"P331L,1.000"
X-3694,FAM83H,286077.0,Amp5,5.74
X-3694,FAM84B,157638.0,Amp5,6.5
X-3694,FAM91A1,157769.0,Amp5,6.5
X-3694,FBXL6,26233.0,Amp5,5.74
X-3694,FBXO32,114907.0,Amp5,6.5
X-3694,FBXO38,81545.0,MutNovel,"NGS835N,0.524"
X-3694,FER1L6,654463.0,Amp5,6.5
X-3694,FER1L6-AS1,439941.0,Amp5,6.5
X-3694,FLNB,2317.0,MutNovel,"S484T,0.497"
X-3694,FN1,2335.0,MutNovel,"G353R,0.278"
X-3694,FOXH1,8928.0,Amp5,5.74
X-3694,FRS3,10817.0,MutNovel,"A480T,0.474"
X-3694,GALNTL4,374378.0,Del0.8,0.65
X-3694,GDF9,2661.0,MutKnownFunctional,"-423,0.909"
X-3694,GEMIN5,25929.0,MutNovel,"R1437S,0.497"
X-3694,GFPT2,9945.0,MutNovel,"Q608P,0.444"
X-3694,GIGYF2,26058.0,MutNovel,"PQ1231P,0.421"
X-3694,GLI4,2738.0,Amp5,5.74
X-3694,GML,2765.0,Amp5,5.17
X-3694,GOLGA2P2Y,84559.0,Del0.8,0.16
X-3694,GOLGA2P2Y,84559.0,Del0.8,0.23
X-3694,GOLGA8J,,MutNovel,"E457D,1.000"
X-3694,GPAA1,8733.0,Amp5,5.74
X-3694,GPLD1,2822.0,MutKnownFunctional,"-814,0.833"
X-3694,GPT,2875.0,Amp5,5.74
X-3694,GRINA,2907.0,Amp5,5.74
X-3694,GSDMC,56169.0,Amp5,6.5
X-3694,GSDMD,79792.0,Amp5,5.74
X-3694,GSTT2,2953.0,Del0.8,0.61
X-3694,GSTT2,2953.0,Del0.8,0.61
X-3694,GTF2H2C,728340.0,MutNovel,"R54Q,1.000"
X-3694,GYG2P1,352887.0,Del0.8,0.16
X-3694,HAS2,3037.0,Amp5,6.96
X-3694,HAS2-AS1,594842.0,Amp5,6.96
X-3694,HEATR7A,727957.0,Amp5,5.74
X-3694,HGC6.3,100128124.0,MutNovel,"N156S,0.333"
X-3694,HGC6.3,100128124.0,MutNovel,"M128V,0.571"
X-3694,HGC6.3,100128124.0,MutNovel,"S119F,0.455"
X-3694,HGC6.3,100128124.0,MutNovel,"P108Q,0.350"
X-3694,HGC6.3,100128124.0,MutNovel,"V104A,0.381"
X-3694,HGC6.3,100128124.0,MutNovel,"P102S,0.372"
X-3694,HGC6.3,100128124.0,MutNovel,"P80L,0.256"
X-3694,HGC6.3,100128124.0,MutNovel,"Q52P,0.222"
X-3694,HGC6.3,100128124.0,MutNovel,"Q38L,0.400"
X-3694,HSF1,3297.0,Amp5,5.74
X-3694,HSFY2,159119.0,Del0.8,0.16
X-3694,HSFY2,159119.0,Del0.8,0.16
X-3694,IGLL3P,91353.0,Del0.8,0.64
X-3694,INSL4,3641.0,Amp5,5.31
X-3694,INSL6,11172.0,Amp5,7.31
X-3694,IRF2BP2,359948.0,MutNovel,"P118S,0.606"
X-3694,KCNK5,8645.0,MutNovel,"R262Q,0.498"
X-3694,KDM5D,8284.0,Del0.8,0.16
X-3694,KIAA0196,9897.0,Amp5,6.5
X-3694,KIAA1199,57214.0,MutNovel,"V1193M,1.000"
X-3694,KIAA1875,340390.0,Amp5,5.74
X-3694,KIAA1984,84960.0,MutNovel,"L190P,1.000"
X-3694,KIFC2,90990.0,Amp5,5.74
X-3694,KLHL31,401265.0,MutNovel,"R67G,1.000"
X-3694,KLHL38,340359.0,Amp5,6.5
X-3694,KSR1,8844.0,MutNovel,"V476A,0.632"
X-3694,LAMA2,3908.0,MutNovel,"C1471F,1.000"
X-3694,LCE3C,353144.0,Del0.8,0.25
X-3694,LGALS9C,654346.0,Del0.8,0.6
X-3694,LOC100128338,100128338.0,Amp5,5.74
X-3694,LOC100129098,,MutNovel,"P98S,0.536"
X-3694,LOC100130231,100130231.0,Amp5,6.5
X-3694,LOC100131726,100131726.0,Amp5,6.5
X-3694,LOC100132247,100132247.0,MutNovel,"V1103A,0.571"
X-3694,LOC100132247,100132247.0,MutNovel,"L1124S,0.600"
X-3694,LOC100133669,100133669.0,Amp5,6.15
X-3694,LOC100507117,100507117.0,Amp5,6.5
X-3694,LOC157381,157381.0,Amp5,6.5
X-3694,LOC286238,286238.0,MutNovel,"H100PN,1.000"
X-3694,LOC402160,402160.0,MutNovel,"A420T,1.000"
X-3694,LOC441124,,MutKnownFunctional,"-180?,0.279"
X-3694,LOC646021,,MutNovel,"H174Y,1.000"
X-3694,LOC727677,727677.0,Amp5,6.5
X-3694,LOC728724,728724.0,Amp5,6.5
X-3694,LOC728728,,MutNovel,"S171P,0.750"
X-3694,LOC728888,,MutKnownFunctional,"S874*,0.531"
X-3694,LOC729162,,MutKnownFunctional,"R44*,1.000"
X-3694,LPAR1,1902.0,Del0.8,0.74
X-3694,LRP5L,91355.0,Del0.8,0.28
X-3694,LRRC14,9684.0,Amp5,5.74
X-3694,LRRC24,441381.0,Amp5,5.74
X-3694,LRRC32,2615.0,MutNovel,"A174G,0.312"
X-3694,LSR,51599.0,MutNovel,"G518GR,0.404"
X-3694,LTBP3,4054.0,MutNovel,"LLL33-,0.512"
X-3694,LY6E,4061.0,Amp5,6.15
X-3694,LY6H,4062.0,Amp5,6.15
X-3694,MAF1,84232.0,Amp5,5.74
X-3694,MAFA,389692.0,Amp5,5.74
X-3694,MAFB,9935.0,MutNovel,"G205R,0.698"
X-3694,MAL2,114569.0,Amp5,6.96
X-3694,MAP3K4,4216.0,MutNovel,"PA1189P,0.588"
X-3694,MAPK15,225689.0,MutNovel,"L424P,0.564"
X-3694,MAPK15,225689.0,Amp5,5.74
X-3694,MED30,90390.0,Amp5,6.96
X-3694,MEF2B,100271849.0,MutNovel,"L357V,0.426"
X-3694,METTL15,196074.0,MutNovel,"L19S,0.889"
X-3694,MFSD3,113655.0,Amp5,5.74
X-3694,MIR1204,100302185.0,Amp5,6.5
X-3694,MIR1205,100302161.0,Amp5,6.5
X-3694,MIR1206,100302170.0,Amp5,6.5
X-3694,MIR1207,100302175.0,Amp5,6.5
X-3694,MIR1208,100302281.0,Amp5,6.5
X-3694,MIR1234,100302196.0,Amp5,5.74
X-3694,MIR3610,100500914.0,Amp5,6.96
X-3694,MIR3675,100500876.0,Del0.8,0.68
X-3694,MIR3675,100500876.0,Del0.8,0.8
X-3694,MIR4663,100616260.0,Amp5,6.5
X-3694,MIR4664,100616318.0,Amp5,5.74
X-3694,MIR4760,100616148.0,Del0.8,0.75
X-3694,MIR661,724031.0,Amp5,5.74
X-3694,MIR937,100126338.0,Amp5,5.74
X-3694,MIR939,100126351.0,Amp5,5.74
X-3694,MLL2,8085.0,MutNovel,"Q2514P,0.595"
X-3694,MPRIP,23164.0,MutNovel,"TS178T,0.532"
X-3694,MRPL13,28998.0,Amp5,6.96
X-3694,MST1P2,11209.0,Del0.8,0.68
X-3694,MST1P9,11223.0,Del0.8,0.8
X-3694,MTBP,27085.0,Amp5,6.96
X-3694,MTSS1,9788.0,Amp5,6.5
X-3694,MUC4,4585.0,MutNovel,"P3442A,0.667"
X-3694,MYC,4609.0,Amp5,6.5
X-3694,NACA2,342538.0,MutNovel,"R144K,1.000"
X-3694,NACA2,342538.0,MutNovel,"Q129E,1.000"
X-3694,NACAD,23148.0,MutNovel,"M842I,0.750"
X-3694,NACAD,23148.0,MutNovel,"A104V,0.500"
X-3694,NAPRT1,93100.0,Amp5,5.74
X-3694,NBPF1,55672.0,MutNovel,"R75Q,0.292"
X-3694,NBPF1,55672.0,MutNovel,"A29P,0.267"
X-3694,NBPF1,55672.0,Del0.8,0.68
X-3694,NBPF24,,MutNovel,"R75Q,0.500"
X-3694,NCAM1,4684.0,MutNovel,"S476L,0.904"
X-3694,NCOR2,9612.0,MutNovel,"G1839GAAA,0.304"
X-3694,NCRNA00185,55410.0,Del0.8,0.16
X-3694,NDUFB9,4715.0,Amp5,6.5
X-3694,NEURL1B,54492.0,MutNovel,"G248D,0.667"
X-3694,NLGN4Y,22829.0,Del0.8,0.16
X-3694,NMNAT3,349565.0,Del0.8,0.72
X-3694,NOD1,10392.0,MutNovel,"Q76E,1.000"
X-3694,NOV,4856.0,Amp5,6.96
X-3694,NRBP2,340371.0,Amp5,5.74
X-3694,NSF,4905.0,Del0.8,0.72
X-3694,NSFP1,728806.0,Del0.8,0.51
X-3694,NSMCE2,286053.0,Amp5,6.5
X-3694,OAT,4942.0,MutNovel,"R180T,0.956"
X-3694,OPLAH,26873.0,Amp5,5.74
X-3694,OR5P2,120065.0,Del0.8,0.44
X-3694,ORAI1,84876.0,MutNovel,"PP43-,0.522"
X-3694,P2RY2,5029.0,MutNovel,"F113L,0.519"
X-3694,PALM3,342979.0,MutNovel,"D604N,0.556"
X-3694,PARL,55486.0,MutNovel,"A137P,0.513"
X-3694,PARP10,84875.0,Amp5,5.74
X-3694,PCAT1,100750225.0,Amp5,6.5
X-3694,PCCB,5096.0,Del0.8,0.77
X-3694,PCDH11Y,83259.0,Del0.8,0.27
X-3694,PDLIM5,10611.0,MutNovel,"R513W,0.974"
X-3694,PDPR,55066.0,MutNovel,"H605Q,0.483"
X-3694,PELI3,246330.0,MutNovel,"R322Q,0.554"
X-3694,PHLDA1,22822.0,MutNovel,"QQ194Q,0.583"
X-3694,PIGP,51227.0,MutNovel,"D109N,0.550"
X-3694,PLBD2,196463.0,MutNovel,"P9T,1.000"
X-3694,PLEC,5339.0,Amp5,5.74
X-3694,POM121C,100101267.0,MutNovel,"V8L,0.351"
X-3694,POU5F1B,5462.0,Amp5,6.5
X-3694,PPP1R16A,84988.0,Amp5,5.74
X-3694,PPP1R37,284352.0,MutNovel,"P546L,1.000"
X-3694,PPP2R3B,28227.0,MutNovel,"P885L,0.611"
X-3694,PRKY,5616.0,Del0.8,0.16
X-3694,PRMT3,10196.0,MutNovel,"I419N,0.441"
X-3694,PRPF3,9129.0,MutNovel,"S164G,0.705"
X-3694,PRY,9081.0,Del0.8,0.16
X-3694,PRY,9081.0,Del0.8,0.16
X-3694,PRY2,442862.0,Del0.8,0.16
X-3694,PRY2,442862.0,Del0.8,0.16
X-3694,PUF60,22827.0,Amp5,5.74
X-3694,PVT1,5820.0,Amp5,6.5
X-3694,PYCRL,65263.0,Amp5,5.74
X-3694,RAD21,5885.0,Amp5,6.96
X-3694,RAD21-AS1,644660.0,Amp5,6.96
X-3694,RAD51L3-RFFL,100529207.0,Del0.8,0.78
X-3694,RBMY1A3P,286557.0,Del0.8,0.16
X-3694,RBMY1B,378948.0,Del0.8,0.16
X-3694,RBMY1B,378948.0,Del0.8,0.16
X-3694,RBMY1E,378950.0,Del0.8,0.16
X-3694,RBMY1E,378950.0,Del0.8,0.16
X-3694,RBMY1F,159163.0,Del0.8,0.16
X-3694,RBMY1F,159163.0,Del0.8,0.16
X-3694,RBMY1J,378951.0,Del0.8,0.16
X-3694,RBMY1J,378951.0,Del0.8,0.16
X-3694,RBMY2EP,159125.0,Del0.8,0.16
X-3694,RBMY2FP,159162.0,Del0.8,0.16
X-3694,RBMY3AP,64593.0,Del0.8,0.16
X-3694,RECQL4,9401.0,Amp5,5.74
X-3694,RFFL,117584.0,Del0.8,0.75
X-3694,RHPN1,114822.0,Amp5,5.74
X-3694,RNF139,11236.0,Amp5,6.5
X-3694,RPL8,6132.0,Amp5,5.74
X-3694,RPS4Y1,6192.0,Del0.8,0.27
X-3694,RPS4Y2,140032.0,Del0.8,0.16
X-3694,SAMD12,401474.0,Amp5,6.96
X-3694,SAMD12-AS1,552860.0,Amp5,6.96
X-3694,SBNO2,22904.0,MutKnownFunctional,"-111,0.902"
X-3694,SCRIB,23513.0,Amp5,5.74
X-3694,SCRT1,83482.0,Amp5,5.74
X-3694,SCXA,100129885.0,Amp5,5.74
X-3694,SERINC2,347735.0,MutNovel,"-373Q,0.462"
X-3694,SGCE,8910.0,MutNovel,"S432H,0.520"
X-3694,SHARPIN,81858.0,Amp5,5.74
X-3694,SIGLEC14,100049587.0,Del0.8,0.18
X-3694,SLC12A7,10723.0,MutNovel,"V1037F,0.567"
X-3694,SLC30A8,169026.0,Amp5,6.96
X-3694,SLC39A4,55630.0,Amp5,5.74
X-3694,SLC3A1,6519.0,MutNovel,"A405G,0.333"
X-3694,SLC41A1,254428.0,MutNovel,"E386V,0.583"
X-3694,SLC6A13,6540.0,MutKnownFunctional,"-73,0.333"
X-3694,SNTB1,6641.0,Amp5,6.96
X-3694,SPAG11B,10407.0,MutNovel,"H84R,1.000"
X-3694,SPATC1,375686.0,Amp5,5.74
X-3694,SPATS2,65244.0,MutKnownFunctional,"-476?,0.521"
X-3694,SPDYE2,441273.0,MutNovel,"R72K,0.375"
X-3694,SQLE,6713.0,Amp5,6.5
X-3694,SQRDL,58472.0,MutNovel,"D150Y,0.425"
X-3694,SREK1IP1,285672.0,Del0.8,0.73
X-3694,SRY,6736.0,Del0.8,0.27
X-3694,STAG1,10274.0,Del0.8,0.78
X-3694,SUPT5H,6829.0,MutNovel,"T546A,0.997"
X-3694,TAF2,6873.0,Amp5,6.96
X-3694,TAF4,6874.0,MutNovel,"P499S,0.320"
X-3694,TAG,404663.0,Del0.8,0.76
X-3694,TATDN1,83940.0,Amp5,6.5
X-3694,TBC1D3B,414059.0,Del0.8,0.57
X-3694,TBL1Y,90665.0,Del0.8,0.16
X-3694,TENC1,23371.0,MutNovel,"S520N,0.556"
X-3694,TGIF2LY,90655.0,Del0.8,0.27
X-3694,TIGD5,84948.0,Amp5,5.74
X-3694,TLE1,7088.0,MutNovel,"G241D,1.000"
X-3694,TLK2,11011.0,MutNovel,"R262Q,0.219"
X-3694,TMED10P1,286102.0,Amp5,5.74
X-3694,TMEM108,66000.0,MutNovel,"S530A,1.000"
X-3694,TMEM184A,202915.0,MutNovel,"G392GA,0.840"
X-3694,TMEM65,157378.0,Amp5,6.5
X-3694,TMSB4Y,9087.0,Del0.8,0.16
X-3694,TNFRSF11B,4982.0,Amp5,6.96
X-3694,TNPO2,30000.0,MutNovel,"L887F,0.520"
X-3694,TONSL,4796.0,Amp5,5.74
X-3694,TOP1MT,116447.0,Amp5,5.74
X-3694,TP53,7157.0,MutLikelyFunctional,"E224D,1.000"
X-3694,TPTE2P3,220115.0,Del0.8,0.67
X-3694,TRIB1,10221.0,Amp5,6.5
X-3694,TRMT12,55039.0,Amp5,6.5
X-3694,TRMT2B,79979.0,MutNovel,"A382G,1.000"
X-3694,TSHZ1,10194.0,MutNovel,"L311H,0.591"
X-3694,TSPY1,7258.0,Del0.8,0.16
X-3694,TSPY2,64591.0,Del0.8,0.16
X-3694,TSPY3,728137.0,Del0.8,0.16
X-3694,TSPY4,728395.0,Del0.8,0.16
X-3694,TSPY8,728403.0,Del0.8,0.16
X-3694,TSTA3,7264.0,Amp5,5.74
X-3694,TTTY10,246119.0,Del0.8,0.16
X-3694,TTTY11,83866.0,Del0.8,0.16
X-3694,TTTY12,83867.0,Del0.8,0.16
X-3694,TTTY13,83868.0,Del0.8,0.16
X-3694,TTTY14,83869.0,Del0.8,0.16
X-3694,TTTY15,64595.0,Del0.8,0.16
X-3694,TTTY16,252948.0,Del0.8,0.16
X-3694,TTTY17A,252949.0,Del0.8,0.23
X-3694,TTTY17A,252949.0,Del0.8,0.09
X-3694,TTTY18,252950.0,Del0.8,0.16
X-3694,TTTY19,252952.0,Del0.8,0.16
X-3694,TTTY1B,100101116.0,Del0.8,0.16
X-3694,TTTY1B,100101116.0,Del0.8,0.16
X-3694,TTTY2,60439.0,Del0.8,0.16
X-3694,TTTY2,60439.0,Del0.8,0.16
X-3694,TTTY20,252951.0,Del0.8,0.16
X-3694,TTTY21,252953.0,Del0.8,0.16
X-3694,TTTY21,252953.0,Del0.8,0.16
X-3694,TTTY22,252954.0,Del0.8,0.16
X-3694,TTTY23,252955.0,Del0.8,0.16
X-3694,TTTY23,252955.0,Del0.8,0.16
X-3694,TTTY3,114760.0,Del0.8,0.16
X-3694,TTTY3,114760.0,Del0.8,0.09
X-3694,TTTY4,114761.0,Del0.8,0.05
X-3694,TTTY4,114761.0,Del0.8,0.09
X-3694,TTTY5,83863.0,Del0.8,0.16
X-3694,TTTY6,84672.0,Del0.8,0.16
X-3694,TTTY6,84672.0,Del0.8,0.16
X-3694,TTTY7,246122.0,Del0.8,0.16
X-3694,TTTY7,246122.0,Del0.8,0.16
X-3694,TTTY7B,100101120.0,Del0.8,0.16
X-3694,TTTY7B,100101120.0,Del0.8,0.16
X-3694,TTTY8,84673.0,Del0.8,0.16
X-3694,TTTY8,84673.0,Del0.8,0.16
X-3694,TTTY9A,83864.0,Del0.8,0.16
X-3694,TTTY9A,83864.0,Del0.8,0.16
X-3694,TWISTNB,221830.0,MutNovel,"K233E,1.000"
X-3694,TXLNG2P,246126.0,Del0.8,0.16
X-3694,UGT2B17,7367.0,Del0.8,0.73
X-3694,USP32P2,220594.0,Del0.8,0.6
X-3694,USP9Y,8287.0,Del0.8,0.16
X-3694,UTY,7404.0,Del0.8,0.16
X-3694,VCY,9084.0,Del0.8,0.16
X-3694,VCY,9084.0,Del0.8,0.16
X-3694,VPS28,51160.0,Amp5,5.74
X-3694,VWF,7450.0,MutNovel,"C1879R,0.571"
X-3694,VWF,7450.0,MutNovel,"G1874R,0.667"
X-3694,WDR62,284403.0,MutNovel,"M151T,1.000"
X-3694,WDR65,149465.0,MutNovel,"I863T,0.750"
X-3694,WDR67,93594.0,Amp5,6.5
X-3694,WDYHV1,55093.0,Amp5,6.5
X-3694,XKRY2,353515.0,Del0.8,0.16
X-3694,XKRY2,353515.0,Del0.8,0.16
X-3694,ZC3H3,23144.0,Amp5,5.74
X-3694,ZDHHC11,79844.0,MutNovel,"A303D,0.286"
X-3694,ZFHX3,463.0,MutNovel,"G3517D,0.500"
X-3694,ZFP41,286128.0,Amp5,5.74
X-3694,ZFY,7544.0,Del0.8,0.27
X-3694,ZHX1,11244.0,Amp5,6.5
X-3694,ZHX1-C8ORF76,100533106.0,Amp5,6.5
X-3694,ZHX2,22882.0,Amp5,6.96
X-3694,ZNF16,7564.0,Amp5,5.74
X-3694,ZNF208,7757.0,MutNovel,"E752K,0.600"
X-3694,ZNF219,51222.0,MutNovel,"QPP233P,0.397"
X-3694,ZNF232,7775.0,MutKnownFunctional,"S217*,1.000"
X-3694,ZNF236,7776.0,MutNovel,"K1757R,0.647"
X-3694,ZNF250,58500.0,Amp5,5.74
X-3694,ZNF251,90987.0,Amp5,5.74
X-3694,ZNF34,80778.0,Amp5,5.74
X-3694,ZNF384,171017.0,MutNovel,"QQ514Q,0.406"
X-3694,ZNF517,340385.0,Amp5,5.74
X-3694,ZNF541,84215.0,MutNovel,"C858Y,1.000"
X-3694,ZNF544,27300.0,MutNovel,"V51L,1.000"
X-3694,ZNF572,137209.0,Amp5,6.5
X-3694,ZNF623,9831.0,Amp5,5.74
X-3694,ZNF692,55657.0,MutNovel,"P191S,0.333"
X-3694,ZNF696,79943.0,Amp5,5.74
X-3694,ZNF7,7553.0,Amp5,5.74
X-3694,ZNF707,286075.0,Amp5,5.74
X-3694,ZNF729,100287226.0,MutNovel,"K517N,0.500"
X-3694,ZNF806,,MutNovel,"G53S,1.000"
X-3694,ZNF98,148198.0,MutNovel,"Y350C,0.600"
X-3694,ZRSR2,8233.0,MutNovel,"SRSR439-,0.267"
X-3739,ACOXL,55289.0,MutNovel,"L580F,0.414"
X-3739,ALPI,248.0,MutNovel,"P228R,1.000"
X-3739,AMH,268.0,MutNovel,"L84M,1.000"
X-3739,ANKIB1,54467.0,MutNovel,"R836C,0.535"
X-3739,ANKRD30B,374860.0,MutNovel,"E796V,1.000"
X-3739,ANKRD30B,374860.0,MutNovel,"L827R,1.000"
X-3739,ANKRD62,,MutNovel,"I506T,0.500"
X-3739,ANKRD62,,MutNovel,"N547T,0.667"
X-3739,ANKRD62,,MutNovel,"R553K,0.500"
X-3739,ANKRD62,,MutNovel,"Q583R,0.600"
X-3739,ANO2,57101.0,MutNovel,"R85C,0.286"
X-3739,AQP12B,653437.0,MutNovel,"T129M,1.000"
X-3739,ARHGEF35,445328.0,MutNovel,"Q179R,0.250"
X-3739,ARHGEF5,7984.0,MutNovel,"P815A,0.333"
X-3739,ARV1,64801.0,MutKnownFunctional,"-170?,0.373"
X-3739,ATP6V1F,9296.0,MutNovel,"P73L,0.455"
X-3739,AUTS2,26053.0,MutNovel,"G511A,0.452"
X-3739,BCORL1,63035.0,MutNovel,"Q1372R,0.930"
X-3739,BMP2K,55589.0,MutNovel,"QQQQ478-,0.393"
X-3739,C10orf47,254427.0,MutNovel,"K200M,0.273"
X-3739,C15orf52,388115.0,MutNovel,"K347-,1.000"
X-3739,C16orf95,100506581.0,MutNovel,"C131Y,0.321"
X-3739,C19orf6,91304.0,MutNovel,"E275K,0.221"
X-3739,C1QTNF9B,387911.0,MutNovel,"C243S,1.000"
X-3739,C21orf58,54058.0,MutNovel,"H299PN,0.625"
X-3739,C2orf69,205327.0,MutNovel,"P314L,0.504"
X-3739,C4orf48,401115.0,MutNovel,"-56L,0.536"
X-3739,CABLES1,91768.0,MutNovel,"E178K,0.800"
X-3739,CACNA1A,773.0,MutNovel,"QQ2330-,0.727"
X-3739,CAPN10,11132.0,MutNovel,"P227T,0.297"
X-3739,CARD11,84433.0,MutNovel,"K400R,0.500"
X-3739,CBWD1,55871.0,MutNovel,"C110Y,0.320"
X-3739,CBWD6,644019.0,MutKnownFunctional,"-259?,0.500"
X-3739,CCDC134,79879.0,MutNovel,"R213Q,0.400"
X-3739,CD7,924.0,MutNovel,"PA174QT,0.429"
X-3739,CELSR1,9620.0,MutNovel,"D2286G,0.237"
X-3739,CGB2,114336.0,MutNovel,"R28H,0.588"
X-3739,CHD9,80205.0,MutNovel,"A2254T,0.286"
X-3739,CLEC18C,283971.0,MutNovel,"R185G,0.429"
X-3739,CMYA5,202333.0,MutNovel,"E2654K,0.558"
X-3739,COBRA1,25920.0,MutNovel,"G327S,1.000"
X-3739,COL20A1,57642.0,MutNovel,"R1167Q,1.000"
X-3739,COLEC11,78989.0,MutNovel,"K63R,0.600"
X-3739,COX5A,9377.0,MutNovel,"L6F,1.000"
X-3739,CTAG2,30848.0,MutNovel,"R57G,0.667"
X-3739,CTU1,90353.0,MutNovel,"V53A,0.319"
X-3739,CUZD1,50624.0,MutNovel,"T124M,0.357"
X-3739,CYS1,192668.0,MutNovel,"R35L,0.800"
X-3739,DMXL1,1657.0,MutNovel,"K2839Q,0.405"
X-3739,DNAH5,1767.0,MutNovel,"A1205S,0.600"
X-3739,DNAJB14,79982.0,MutNovel,"L40V,0.540"
X-3739,EIF4E,1977.0,MutNovel,"K159E,0.500"
X-3739,FAM21A,387680.0,MutNovel,"V302M,0.226"
X-3739,FAM21A,387680.0,MutNovel,"P382S,0.230"
X-3739,FAM21A,387680.0,MutNovel,"M427L,0.231"
X-3739,FAM50A,9130.0,MutKnownFunctional,"KK110N*,0.211"
X-3739,FAM76A,199870.0,MutNovel,"A296T,0.397"
X-3739,FARSB,10056.0,MutNovel,"E288K,0.517"
X-3739,FCGBP,8857.0,MutNovel,"A2568T,0.235"
X-3739,FCGBP,8857.0,MutNovel,"A1367T,0.455"
X-3739,FILIP1L,11259.0,MutKnownFunctional,"-358?,0.294"
X-3739,FOXO6,,MutNovel,"S280N,0.529"
X-3739,FRAS1,80144.0,MutNovel,"R2741H,0.667"
X-3739,FRMD4A,55691.0,MutNovel,"I475S,0.800"
X-3739,GGT2,,MutNovel,"G149E,0.250"
X-3739,GGT2,,MutNovel,"L51S,1.000"
X-3739,GIGYF2,26058.0,MutNovel,"PQ1231P,0.489"
X-3739,GNRH2,2797.0,MutKnownFunctional,"-109,1.000"
X-3739,GPM6B,2824.0,MutNovel,"M200V,0.303"
X-3739,GPR155,151556.0,MutKnownFunctional,"K436*,0.333"
X-3739,GPRIN2,9721.0,MutNovel,"M72I,0.800"
X-3739,HBS1L,10767.0,MutNovel,"P509A,0.875"
X-3739,HLA-B,3106.0,MutNovel,"E176M,1.000"
X-3739,HLA-B,3106.0,MutNovel,"Q168K,0.250"
X-3739,HLA-DQA2,3118.0,MutNovel,"F179L,1.000"
X-3739,HLA-DQA2,3118.0,MutNovel,"DE184EE,1.000"
X-3739,HLTF,6596.0,MutNovel,"M930I,0.212"
X-3739,HNRNPA1L2,144983.0,MutNovel,"V307I,0.912"
X-3739,HSPA12A,259217.0,MutNovel,"P534L,0.375"
X-3739,IGFN1,91156.0,MutNovel,"G1703R,0.714"
X-3739,IQCC,55721.0,MutNovel,"P334A,0.803"
X-3739,JUN,3725.0,MutNovel,"S243F,0.300"
X-3739,KCNC3,3748.0,MutNovel,"D63G,1.000"
X-3739,KCNJ12,3768.0,MutNovel,"P156L,0.667"
X-3739,KDM2B,84678.0,MutNovel,"S497F,1.000"
X-3739,KIAA1009,22832.0,MutNovel,"S558P,0.889"
X-3739,KIAA1199,57214.0,MutNovel,"VK1356V,1.000"
X-3739,KIF20B,9585.0,MutNovel,"L1062LKV,1.000"
X-3739,KLF12,11278.0,MutNovel,"R338Q,0.727"
X-3739,KLHL2,11275.0,MutNovel,"E92G,0.221"
X-3739,KREMEN2,79412.0,MutNovel,"R391C,0.494"
X-3739,KRT10,3858.0,MutNovel,"G514A,0.333"
X-3739,KRT10,3858.0,MutNovel,"G510S,0.333"
X-3739,KRT75,9119.0,MutNovel,"K245T,0.500"
X-3739,KRT78,196374.0,MutNovel,"N136I,0.667"
X-3739,LOC100132900,,MutKnownFunctional,"-156,0.667"
X-3739,LOC100288524,100288524.0,MutNovel,"N225K,1.000"
X-3739,LOC100996432,,MutNovel,"R204S,1.000"
X-3739,LOC100996525,,MutNovel,"R410W,1.000"
X-3739,LOC401180,,MutNovel,"-133G,1.000"
X-3739,LRP2,4036.0,MutNovel,"S1617T,0.556"
X-3739,LRP6,4040.0,MutNovel,"N1372S,0.392"
X-3739,LRRC28,123355.0,MutNovel,"I107T,1.000"
X-3739,LRRTM4,80059.0,MutNovel,"G310R,0.600"
X-3739,LSM14B,149986.0,MutNovel,"L305V,0.432"
X-3739,LSR,51599.0,MutNovel,"G518R,0.538"
X-3739,LSR,51599.0,MutNovel,"G518GR,1.000"
X-3739,MAGEC2,51438.0,MutNovel,"P91L,0.939"
X-3739,MAP3K4,4216.0,MutNovel,"PA1189P,1.000"
X-3739,MBD2,8932.0,MutNovel,"G115GA,0.714"
X-3739,MDN1,23195.0,MutNovel,"L1825I,0.700"
X-3739,MEF2A,4205.0,MutNovel,"Q412-,1.000"
X-3739,MEGF8,1954.0,MutNovel,"R415W,0.733"
X-3739,METRN,79006.0,MutNovel,"P221L,0.617"
X-3739,MFN1,55669.0,MutNovel,"R159L,0.428"
X-3739,MICU1,10367.0,MutNovel,"L351V,0.400"
X-3739,MPRIP,23164.0,MutNovel,"TS178T,1.000"
X-3739,MUC12,10071.0,MutNovel,"R3316H,1.000"
X-3739,MUC4,4585.0,MutNovel,"P4050H,1.000"
X-3739,MUC4,4585.0,MutNovel,"P3442A,0.265"
X-3739,MUC4,4585.0,MutNovel,"V2963D,0.571"
X-3739,MUC4,4585.0,MutNovel,"IP2837MT,1.000"
X-3739,MUC4,4585.0,MutNovel,"A2249V,0.227"
X-3739,MUC5B,727897.0,MutNovel,"P2333S,0.318"
X-3739,MYADML2,255275.0,MutNovel,"R112Q,1.000"
X-3739,NADK,65220.0,MutNovel,"D46N,0.500"
X-3739,NBPF14,25832.0,MutNovel,"Q153K,0.226"
X-3739,NCOR2,9612.0,MutNovel,"G1839GAAA,1.000"
X-3739,NCOR2,9612.0,MutNovel,"-511S,1.000"
X-3739,NPHP1,4867.0,MutNovel,"N17S,0.500"
X-3739,NR1H2,7376.0,MutNovel,"-173Q,1.000"
X-3739,NUP98,4928.0,MutNovel,"SN591N,0.507"
X-3739,ORAI1,84876.0,MutNovel,"PP43-,1.000"
X-3739,P2RY8,286530.0,MutKnownFunctional,"-1394,0.600"
X-3739,P2RY8,286530.0,MutKnownFunctional,"-1394,1.000"
X-3739,PBK,55872.0,MutKnownFunctional,"-251,0.512"
X-3739,PCDHGA9,56107.0,MutNovel,"S729G,0.231"
X-3739,PEX6,5190.0,MutNovel,"G437D,0.500"
X-3739,PHLDA1,22822.0,MutNovel,"QQ194Q,1.000"
X-3739,PLCH1,23007.0,MutNovel,"P745T,0.400"
X-3739,POGZ,23126.0,MutNovel,"I25T,0.282"
X-3739,POTEE,445582.0,MutNovel,"R342K,0.333"
X-3739,POTEH,23784.0,MutNovel,"I238V,1.000"
X-3739,PPIG,9360.0,MutNovel,"D446V,0.480"
X-3739,PVRIG,79037.0,MutNovel,"V48A,0.220"
X-3739,REPS2,9185.0,MutNovel,"A592V,0.971"
X-3739,RICTOR,253260.0,MutNovel,"P1668L,0.361"
X-3739,RIPK1,8737.0,MutNovel,"A569V,0.364"
X-3739,SERINC2,347735.0,MutNovel,"-373Q,0.737"
X-3739,SIL1,64374.0,MutNovel,"L35V,0.398"
X-3739,SLAIN1,122060.0,MutKnownFunctional,"-74?,1.000"
X-3739,SLC33A1,9197.0,MutNovel,"G93E,0.506"
X-3739,SNAPC4,6621.0,MutNovel,"S924F,1.000"
X-3739,SPNS2,124976.0,MutNovel,"T74A,0.258"
X-3739,SRCRB4D,136853.0,MutNovel,"G429A,0.284"
X-3739,SRD5A1,6715.0,MutNovel,"SE73RE,0.243"
X-3739,TBP,6908.0,MutNovel,"-64Q,0.893"
X-3739,TBXA2R,6915.0,MutNovel,"Y339C,0.400"
X-3739,TECPR1,25851.0,MutNovel,"S280F,0.281"
X-3739,THADA,63892.0,MutNovel,"D573V,0.355"
X-3739,TIE1,7075.0,MutNovel,"P286A,0.600"
X-3739,TIMM23,100287932.0,MutNovel,"R70W,0.500"
X-3739,TMBIM4,51643.0,MutKnownFunctional,"-174?,0.621"
X-3739,TMEM184A,202915.0,MutNovel,"G392GA,0.400"
X-3739,TNFRSF10C,8794.0,MutNovel,"N184T,0.400"
X-3739,TNIP2,79155.0,MutNovel,"R3Q,0.521"
X-3739,TOR3A,64222.0,MutNovel,"K239T,0.295"
X-3739,TRIM50,135892.0,MutNovel,"W13R,1.000"
X-3739,TRPT1,83707.0,MutKnownFunctional,"-84,0.496"
X-3739,TSPYL1,7259.0,MutNovel,"V176VW,0.536"
X-3739,TTC21B,79809.0,MutNovel,"M733V,0.442"
X-3739,UBR2,23304.0,MutNovel,"M542V,0.747"
X-3739,UGT2B4,7363.0,MutNovel,"K330Q,1.000"
X-3739,UPK3BL,,MutNovel,"T64M,0.303"
X-3739,USP41,,MutNovel,"M141V,1.000"
X-3739,VWF,7450.0,MutNovel,"C1879R,0.455"
X-3739,VWF,7450.0,MutNovel,"G1874R,0.364"
X-3739,VWF,7450.0,MutNovel,"R1853Q,0.500"
X-3739,VWF,7450.0,MutNovel,"V1848M,0.444"
X-3739,VWF,7450.0,MutNovel,"P1790L,0.429"
X-3739,XRN2,22803.0,MutNovel,"P797H,0.532"
X-3739,ZCCHC4,29063.0,MutKnownFunctional,"-429,0.444"
X-3739,ZFP36L2,678.0,MutNovel,"Q401HSR,0.448"
X-3739,ZFPM1,161882.0,MutNovel,"A441T,0.500"
X-3739,ZFX,7543.0,MutNovel,"C749W,0.310"
X-3739,ZHX3,23051.0,MutNovel,"G255R,0.847"
X-3739,ZNF133,7692.0,MutNovel,"R580T,0.424"
X-3739,ZNF343,79175.0,MutNovel,"H127R,0.846"
X-3739,ZNF384,171017.0,MutNovel,"QQ514Q,0.624"
X-3739,ZNF479,90827.0,MutNovel,"R90H,0.214"
X-3739,ZNF608,57507.0,MutKnownFunctional,"-764,0.279"
X-3739,ZNF718,255403.0,MutNovel,"P10S,0.500"
X-3739,ZXDC,79364.0,MutNovel,"A126V,0.458"
X-3766,AARD,,MutNovel,"Q92H,0.714"
X-3766,ABCA5,23461.0,MutNovel,"P897A,0.641"
X-3766,ABCB8,11194.0,Amp5,5.9
X-3766,ABCF2,10061.0,MutNovel,"Q510H,0.270"
X-3766,ABCF2,10061.0,Amp5,5.9
X-3766,ABCF3,55324.0,MutNovel,"R112K,1.000"
X-3766,ABP1,26.0,Amp5,5.9
X-3766,ACTR3C,653857.0,Amp5,5.9
X-3766,ADAM12,8038.0,MutNovel,"Q230E,0.750"
X-3766,ADAM6,8755.0,Amp5,6.11
X-3766,ADCY2,108.0,MutNovel,"A769V,0.231"
X-3766,ADIPOR2,79602.0,MutNovel,"G286C,0.986"
X-3766,AGAP3,116988.0,Amp5,5.9
X-3766,AK3,50808.0,Amp5,6.15
X-3766,AKAP12,9590.0,MutNovel,"G90S,1.000"
X-3766,ALDH1A3,220.0,MutNovel,"T498I,0.375"
X-3766,ALMS1,7840.0,MutNovel,"R4137T,0.527"
X-3766,AMELY,266.0,Del0.8,0.25
X-3766,ANKIB1,54467.0,MutNovel,"R1065T,0.386"
X-3766,ANKRD36,375248.0,MutNovel,"T998S,0.227"
X-3766,AQP12B,653437.0,MutNovel,"T129M,1.000"
X-3766,ARHGAP33,115703.0,MutNovel,"A567D,0.574"
X-3766,ARHGAP44,9912.0,MutNovel,"H260Y,0.889"
X-3766,ARHGEF26,26084.0,Amp5,5.28
X-3766,ARHGEF26-AS1,100507524.0,Amp5,5.28
X-3766,ARHGEF5,7984.0,Amp5,5.9
X-3766,ARHGEF7,8874.0,MutNovel,"S445L,0.472"
X-3766,ART5,116969.0,MutNovel,"-25P,0.875"
X-3766,ASAP3,55616.0,MutNovel,"M842T,1.000"
X-3766,ASB10,136371.0,Amp5,5.9
X-3766,ASTE1,28990.0,MutNovel,"L241V,0.378"
X-3766,ATAD1,84896.0,Del0.8,0.24
X-3766,ATG9B,285973.0,Amp5,5.9
X-3766,ATP6V0E2,155066.0,Amp5,5.9
X-3766,ATP7A,538.0,MutNovel,"D276Y,1.000"
X-3766,ATXN10,25814.0,MutNovel,"E456Q,0.434"
X-3766,ATXN1L,342371.0,MutNovel,"L242F,1.000"
X-3766,ATXN7L1,222255.0,MutNovel,"L686F,0.500"
X-3766,BANK1,55024.0,Del0.8,0.77
X-3766,BANP,54971.0,Del0.8,0.7
X-3766,BARX1,56033.0,MutNovel,"A48T,0.387"
X-3766,BCAS1,8537.0,Del0.8,0.79
X-3766,BCORP1,286554.0,Del0.8,0.22
X-3766,BMP6,654.0,MutNovel,"R28Q,1.000"
X-3766,BPY2B,442867.0,Del0.8,0.1
X-3766,BPY2B,442867.0,Del0.8,0.16
X-3766,C19orf54,284325.0,MutNovel,"T2A,0.639"
X-3766,C21orf58,54058.0,MutNovel,"H299PN,0.580"
X-3766,C3orf33,285315.0,Amp5,5.28
X-3766,C3orf55,152078.0,Amp5,5.28
X-3766,C7orf13,129790.0,Amp5,5.03
X-3766,C7orf29,113763.0,Amp5,5.9
X-3766,C7orf33,202865.0,Amp5,5.9
X-3766,C9orf123,90871.0,Amp5,6.19
X-3766,C9orf66,157983.0,Amp5,6.06
X-3766,CBR4,84869.0,Del0.8,0.2
X-3766,CBWD1,55871.0,Amp5,6.06
X-3766,CBWD6,644019.0,MutKnownFunctional,"-259?,0.344"
X-3766,CCL3L1,6349.0,Del0.8,0.72
X-3766,CCL3L3,414062.0,Del0.8,0.72
X-3766,CCL4L1,9560.0,Del0.8,0.72
X-3766,CCNL1,57018.0,Amp5,5.28
X-3766,CCZ1,51622.0,MutNovel,"M410L,0.534"
X-3766,CD274,29126.0,Amp5,5.9
X-3766,CDC23,8697.0,MutNovel,"N591S,1.000"
X-3766,CDC37L1,55664.0,Amp5,6.15
X-3766,CDK5,1020.0,Amp5,5.9
X-3766,CDY1B,253175.0,Del0.8,0.22
X-3766,CDY1B,253175.0,Del0.8,0.16
X-3766,CDY2A,9426.0,Del0.8,0.22
X-3766,CDY2A,9426.0,Del0.8,0.22
X-3766,CDY2B,203611.0,Del0.8,0.22
X-3766,CDY2B,203611.0,Del0.8,0.22
X-3766,CEL,1056.0,MutNovel,"A692P,0.800"
X-3766,CES1P1,51716.0,Del0.8,0.71
X-3766,CFL1P1,142913.0,Del0.8,0.24
X-3766,CHD9,80205.0,MutNovel,"K1088N,0.486"
X-3766,CHID1,66005.0,MutNovel,"G343R,1.000"
X-3766,CHMP1B,57132.0,MutNovel,"S98L,0.482"
X-3766,CHPF2,54480.0,Amp5,5.9
X-3766,CLCN3,1182.0,Del0.8,0.27
X-3766,CLEC1A,51267.0,MutNovel,"F151L,0.389"
X-3766,CLK1,1195.0,MutNovel,"Q497E,0.503"
X-3766,CNOT6L,246175.0,MutNovel,"D350N,1.000"
X-3766,CNPY1,285888.0,Amp5,5.03
X-3766,CNTNAP2,26047.0,Amp5,5.9
X-3766,COL22A1,169044.0,MutNovel,"R836P,0.571"
X-3766,COL7A1,1294.0,MutNovel,"E1039Q,0.520"
X-3766,COQ6,51004.0,MutNovel,"K63N,0.681"
X-3766,CREB3L1,90993.0,MutNovel,"K321M,0.941"
X-3766,CRIPAK,285464.0,MutNovel,"V164A,0.667"
X-3766,CROCC,9696.0,Del0.8,0.78
X-3766,CRYGN,155051.0,Amp5,5.9
X-3766,CSMD1,64478.0,Del0.8,0.8
X-3766,CSPG4P1Y,114758.0,Del0.8,0.22
X-3766,CSPG4P1Y,114758.0,Del0.8,0.16
X-3766,CTSA,5476.0,MutNovel,"L29-,0.891"
X-3766,CTSO,1519.0,MutNovel,"I216M,1.000"
X-3766,CUL1,8454.0,Amp5,5.9
X-3766,CUL9,23113.0,MutNovel,"F1687I,1.000"
X-3766,DAPK2,23604.0,MutNovel,"P226S,0.727"
X-3766,DAZ1,1617.0,Del0.8,0.22
X-3766,DAZ2,57055.0,Del0.8,0.19
X-3766,DAZ3,57054.0,Del0.8,0.16
X-3766,DAZ3,57054.0,Del0.8,0.19
X-3766,DAZ4,57135.0,Del0.8,0.18
X-3766,DAZ4,57135.0,Del0.8,0.2
X-3766,DCAF5,8816.0,MutNovel,"R424C,0.510"
X-3766,DCLRE1C,64421.0,MutNovel,"H38P,1.000"
X-3766,DDX3Y,8653.0,Del0.8,0.22
X-3766,DDX41,51428.0,MutNovel,"T534A,0.505"
X-3766,DDX60L,91351.0,Del0.8,0.47
X-3766,DEFB103A,414325.0,Del0.8,0.46
X-3766,DEFB104B,503618.0,Del0.8,0.46
X-3766,DEFB4A,1673.0,Del0.8,0.46
X-3766,DENND5A,23258.0,MutNovel,"Q338K,1.000"
X-3766,DHX36,170506.0,Amp5,5.28
X-3766,DMRT1,1761.0,Amp5,6.15
X-3766,DMRT2,10655.0,Amp5,6.15
X-3766,DMRT3,58524.0,Amp5,6.15
X-3766,DMXL2,23312.0,MutNovel,"I37T,0.636"
X-3766,DNAJB6,10049.0,Amp5,5.03
X-3766,DOCK8,81704.0,Amp5,6.06
X-3766,DROSHA,29102.0,MutNovel,"V975L,0.254"
X-3766,DROSHA,29102.0,MutNovel,"P770T,0.238"
X-3766,DSP,1832.0,MutNovel,"Q1861H,0.308"
X-3766,EEF1A2,1917.0,MutNovel,"K330E,0.562"
X-3766,EIF1AY,9086.0,Del0.8,0.22
X-3766,EML3,256364.0,MutNovel,"G583E,0.547"
X-3766,EN2,2020.0,Amp5,5.03
X-3766,EPB41,2035.0,MutNovel,"V367I,0.658"
X-3766,EPM2A,7957.0,MutKnownFunctional,"W129*,1.000"
X-3766,EPS8,2059.0,MutNovel,"D85N,0.535"
X-3766,ERMP1,79956.0,Amp5,5.9
X-3766,ESYT2,57488.0,Amp5,5.03
X-3766,EYA1,2138.0,Del0.8,0.64
X-3766,EZH2,2146.0,Amp5,5.9
X-3766,FABP5P3,220832.0,Amp5,5.9
X-3766,FAM120C,54954.0,MutNovel,"P110RRP,0.600"
X-3766,FAM197Y2P,252946.0,Del0.8,0.04
X-3766,FAM21A,387680.0,Del0.8,0.44
X-3766,FAM41AY1,340618.0,Del0.8,0.22
X-3766,FAM41AY1,340618.0,Del0.8,0.22
X-3766,FAM66A,100133172.0,Del0.8,0.59
X-3766,FAM86DP,692099.0,Del0.8,0.47
X-3766,FAM91A1,157769.0,MutNovel,"M106I,0.347"
X-3766,FASTK,10922.0,Amp5,5.9
X-3766,FBXO10,26267.0,MutNovel,"I844N,0.257"
X-3766,FBXO5,26271.0,MutNovel,"S374T,0.990"
X-3766,FKRP,79147.0,MutNovel,"V99M,0.382"
X-3766,FLJ35024,401491.0,Amp5,6.15
X-3766,FOXD4,2298.0,Amp5,6.06
X-3766,FRYL,285527.0,MutNovel,"S1095G,0.500"
X-3766,FYCO1,79443.0,MutNovel,"G321S,1.000"
X-3766,FZD1,8321.0,MutNovel,"K606E,0.369"
X-3766,GABPB1,2553.0,MutNovel,"P41A,0.518"
X-3766,GALK2,2585.0,MutNovel,"A339D,0.530"
X-3766,GALNT11,63917.0,Amp5,5.9
X-3766,GALNT14,79623.0,MutNovel,"V326I,0.511"
X-3766,GALNTL5,168391.0,Amp5,5.9
X-3766,GBX1,2636.0,Amp5,5.9
X-3766,GFM1,85476.0,Amp5,5.28
X-3766,GIMAP1,170575.0,Amp5,5.9
X-3766,GIMAP1-GIMAP5,100527949.0,Amp5,5.9
X-3766,GIMAP2,26157.0,Amp5,5.9
X-3766,GIMAP4,55303.0,Amp5,5.9
X-3766,GIMAP5,55340.0,Amp5,5.9
X-3766,GIMAP6,474344.0,Amp5,5.9
X-3766,GIMAP7,168537.0,Amp5,5.9
X-3766,GIMAP8,155038.0,Amp5,5.9
X-3766,GJA1,2697.0,MutNovel,"E104K,1.000"
X-3766,GLDC,2731.0,Amp5,6.19
X-3766,GLIS3,169792.0,Amp5,6.15
X-3766,GLIS3-AS1,84850.0,Amp5,6.15
X-3766,GMPS,8833.0,Amp5,5.28
X-3766,GNAL,2774.0,MutNovel,"P36PAL,0.467"
X-3766,GOLGA2P2Y,84559.0,Del0.8,0.22
X-3766,GOLGA2P2Y,84559.0,Del0.8,0.16
X-3766,GPR149,344758.0,Amp5,5.28
X-3766,GRAMD1C,54762.0,MutNovel,"R333G,0.556"
X-3766,GRIK1,2897.0,MutNovel,"R301T,1.000"
X-3766,GSTM1,2944.0,Del0.8,0.6
X-3766,GTF2H2C,728340.0,Del0.8,0.59
X-3766,GUSBP3,653188.0,Del0.8,0.59
X-3766,GYG2P1,352887.0,Del0.8,0.22
X-3766,HCN2,610.0,MutNovel,"L746P,1.000"
X-3766,HELZ,9931.0,MutKnownFunctional,"E1451*,1.000"
X-3766,HEPH,9843.0,MutNovel,"S1170C,1.000"
X-3766,HIST1H1C,3006.0,MutNovel,"K152N,0.254"
X-3766,HJURP,55355.0,MutNovel,"Q431H,0.238"
X-3766,HMBS,3145.0,Del0.8,0.61
X-3766,HOXB4,3214.0,MutNovel,"P91S,1.000"
X-3766,HSFY2,159119.0,Del0.8,0.22
X-3766,HSFY2,159119.0,Del0.8,0.22
X-3766,HTR5A,3361.0,Amp5,5.03
X-3766,HTT,3064.0,MutNovel,"L1590H,0.574"
X-3766,HTT,3064.0,MutNovel,"L2845V,0.557"
X-3766,IDH3B,3420.0,MutNovel,"G364A,0.517"
X-3766,IL33,90865.0,Amp5,6.19
X-3766,INSIG1,3638.0,Amp5,5.03
X-3766,INSL4,3641.0,Amp5,5.9
X-3766,INSL6,11172.0,Amp5,5.9
X-3766,INTS1,26173.0,MutNovel,"I1054V,1.000"
X-3766,IQSEC3,440073.0,Amp5,5.66
X-3766,ITCH,83737.0,MutKnownFunctional,"E683*,0.222"
X-3766,JAK2,3717.0,Amp5,5.39
X-3766,JAK3,3718.0,MutNovel,"E525Q,0.750"
X-3766,KANK1,23189.0,Amp5,7.36
X-3766,KCNAB1,7881.0,Amp5,5.28
X-3766,KCNH2,3757.0,Amp5,5.9
X-3766,KCNV2,169522.0,Amp5,6.15
X-3766,KDM3B,51780.0,MutNovel,"A5T,1.000"
X-3766,KDM4A,9682.0,MutNovel,"D146H,0.562"
X-3766,KDM4C,23081.0,Amp5,6.19
X-3766,KDM5D,8284.0,Del0.8,0.22
X-3766,KIAA0020,9933.0,Amp5,6.15
X-3766,KIAA0125,9834.0,Amp5,6.11
X-3766,KIAA0355,9710.0,MutNovel,"E338D,0.519"
X-3766,KIAA1217,56243.0,Del0.8,0.77
X-3766,KIAA1432,57589.0,Amp5,5.9
X-3766,KIAA1919,91749.0,MutNovel,"Q377E,0.500"
X-3766,KIAA2026,158358.0,Amp5,7.73
X-3766,KIF20A,10112.0,MutNovel,"S412L,1.000"
X-3766,KIT,3815.0,MutNovel,"V852I,1.000"
X-3766,KLLN,100144748.0,Del0.8,0.24
X-3766,KRBA1,84626.0,Amp5,5.9
X-3766,KRT17,3872.0,MutNovel,"A243T,0.383"
X-3766,LEKR1,389170.0,Amp5,5.28
X-3766,LGR4,55366.0,MutNovel,"R948T,0.968"
X-3766,LINC00244,64433.0,Amp5,5.03
X-3766,LMBR1,64327.0,Amp5,5.03
X-3766,LOC100128264,100128264.0,Amp5,5.03
X-3766,LOC100128822,100128822.0,Amp5,5.9
X-3766,LOC100132707,100132707.0,Amp5,5.03
X-3766,LOC100272216,100272216.0,Del0.8,0.59
X-3766,LOC100498859,100498859.0,Amp5,5.28
X-3766,LOC100506585,100506585.0,Amp5,5.03
X-3766,LOC100507537,100507537.0,Amp5,5.28
X-3766,LOC100996301,,MutNovel,"A200P,0.558"
X-3766,LOC100996301,,MutKnownFunctional,"-123?,0.283"
X-3766,LOC154822,154822.0,Amp5,5.03
X-3766,LOC155060,155060.0,Amp5,5.9
X-3766,LOC202781,202781.0,Amp5,5.03
X-3766,LOC285889,285889.0,Amp5,5.03
X-3766,LOC285972,285972.0,Amp5,5.9
X-3766,LOC339894,339894.0,Amp5,5.28
X-3766,LOC574538,574538.0,Amp5,5.66
X-3766,LOC645249,645249.0,Amp5,5.03
X-3766,LOC728743,728743.0,Amp5,5.9
X-3766,LOC729162,,MutKnownFunctional,"R44*,1.000"
X-3766,LOC730091,730091.0,Amp5,5.28
X-3766,LOXL2,4017.0,MutNovel,"T199I,0.485"
X-3766,LPAR6,10161.0,Del0.8,0.23
X-3766,LRRC16B,90668.0,MutNovel,"L1255V,0.569"
X-3766,LRRC37A3,374819.0,MutNovel,"R1288T,0.500"
X-3766,LRRC61,65999.0,Amp5,5.9
X-3766,LSR,51599.0,MutNovel,"G518GR,0.787"
X-3766,LXN,56925.0,Amp5,5.28
X-3766,LYST,1130.0,MutNovel,"R1430Q,0.800"
X-3766,MAP3K4,4216.0,MutNovel,"PA1189P,0.750"
X-3766,MAST3,23031.0,MutNovel,"V899L,0.667"
X-3766,MDN1,23195.0,MutNovel,"Y2540S,0.450"
X-3766,MECP2,4204.0,MutNovel,"G249S,0.980"
X-3766,MED16,10025.0,MutNovel,"L599I,1.000"
X-3766,METTL13,51603.0,MutNovel,"G341V,0.487"
X-3766,MFSD1,64747.0,Amp5,5.28
X-3766,MINPP1,9562.0,Del0.8,0.21
X-3766,MIR101-2,406894.0,Amp5,6.15
X-3766,MIR153-2,406945.0,Amp5,5.03
X-3766,MIR3124,100422879.0,Del0.8,0.11
X-3766,MIR3675,100500876.0,Del0.8,0.59
X-3766,MIR3907,100500835.0,Amp5,5.9
X-3766,MIR4665,100616288.0,Amp8,10.13
X-3766,MIR4678,100616296.0,Del0.8,0.13
X-3766,MIR511-1,574445.0,Del0.8,0.72
X-3766,MIR548F3,100302159.0,Amp5,5.9
X-3766,MIR548F4,100313895.0,Amp5,5.9
X-3766,MIR548I4,100302191.0,Amp5,5.9
X-3766,MIR548T,100422849.0,Amp5,5.9
X-3766,MIR595,693180.0,Amp5,5.03
X-3766,MIR671,768213.0,Amp5,5.9
X-3766,MKL1,57591.0,MutNovel,"G473R,0.528"
X-3766,MKL1,57591.0,MutNovel,"R222C,0.451"
X-3766,MLANA,2315.0,Amp5,5.9
X-3766,MLF1,4291.0,Amp5,5.28
X-3766,MLL2,8085.0,MutNovel,"Q56E,0.273"
X-3766,MLL3,58508.0,Amp5,5.9
X-3766,MME,4311.0,Amp5,5.28
X-3766,MMS22L,253714.0,MutNovel,"S881L,0.484"
X-3766,MNX1,3110.0,Amp5,5.03
X-3766,MOB2,81532.0,MutNovel,"E267D,1.000"
X-3766,MPRIP,23164.0,MutNovel,"TS178T,0.588"
X-3766,MRC1,4360.0,Del0.8,0.72
X-3766,MX1,4599.0,Amp5,6.19
X-3766,MX2,4600.0,Amp5,6.19
X-3766,MYCBP2,23077.0,MutNovel,"R2480C,1.000"
X-3766,NAALAD2,10003.0,MutNovel,"R517T,0.610"
X-3766,NADK,65220.0,MutNovel,"D17E,0.404"
X-3766,NBPF1,55672.0,MutNovel,"A510T,0.250"
X-3766,NBPF9,400818.0,MutNovel,"Q184R,0.206"
X-3766,NCAPG2,54892.0,Amp5,5.03
X-3766,NCOR2,9612.0,MutNovel,"G1839GAAA,0.496"
X-3766,NCRNA00185,55410.0,Del0.8,0.22
X-3766,NEK1,4750.0,Del0.8,0.21
X-3766,NEK7,140609.0,MutNovel,"G198S,0.569"
X-3766,NFKBIL1,4795.0,MutNovel,"R166T,0.555"
X-3766,NFU1,27247.0,MutNovel,"E250Q,0.483"
X-3766,NFX1,4799.0,MutNovel,"F982L,0.525"
X-3766,NLGN4Y,22829.0,Del0.8,0.22
X-3766,NOBOX,135935.0,Amp5,5.9
X-3766,NOM1,64434.0,Amp5,5.03
X-3766,NOP10,55505.0,MutNovel,"P22R,0.425"
X-3766,NOS3,4846.0,Amp5,5.9
X-3766,NPHP3,27031.0,MutNovel,"S572A,0.793"
X-3766,NPIPL2,,MutNovel,"E315K,0.993"
X-3766,NUB1,51667.0,Amp5,5.9
X-3766,NUDCD1,84955.0,MutKnownFunctional,"S492*,0.538"
X-3766,OCLN,100506658.0,Del0.8,0.76
X-3766,OGG1,4968.0,MutNovel,"W55C,0.989"
X-3766,OPRL1,4987.0,MutNovel,"R350H,0.500"
X-3766,OR2A42,402317.0,Amp5,5.9
X-3766,OR2A9P,441295.0,Amp5,5.9
X-3766,OR2T2,401992.0,Del0.8,0.4
X-3766,OR2T3,343173.0,Del0.8,0.4
X-3766,OR4C6,219432.0,Del0.8,0.23
X-3766,OR4P4,81300.0,Del0.8,0.23
X-3766,OR4S2,219431.0,Del0.8,0.23
X-3766,ORAI1,84876.0,MutNovel,"PP43-,0.714"
X-3766,OSTM1,28962.0,MutNovel,"M241I,0.600"
X-3766,OVOL3,,MutNovel,"Q161H,0.533"
X-3766,PA2G4P4,647033.0,Amp5,5.28
X-3766,PABPC3,5042.0,MutKnownFunctional,"-314?,0.833"
X-3766,PALLD,23022.0,Del0.8,0.17
X-3766,PAPSS2,9060.0,Del0.8,0.24
X-3766,PAXIP1,22976.0,Amp5,5.03
X-3766,PCDH11Y,83259.0,Del0.8,0.25
X-3766,PCDHA10,56139.0,Del0.8,0.64
X-3766,PCDHA8,56140.0,Del0.8,0.78
X-3766,PCDHA9,9752.0,Del0.8,0.57
X-3766,PCDHB10,56126.0,MutNovel,"G532S,0.378"
X-3766,PCDHB11,56125.0,MutNovel,"L496P,0.778"
X-3766,PCDHB12,56124.0,MutNovel,"G568S,0.625"
X-3766,PCDHB4,56131.0,MutNovel,"G531S,0.571"
X-3766,PCDHGA7,56108.0,MutNovel,"I386V,1.000"
X-3766,PCF11,51585.0,MutNovel,"H380P,0.613"
X-3766,PDCD1LG2,80380.0,Amp5,5.9
X-3766,PDIA4,9601.0,Amp5,5.9
X-3766,PDS5A,23244.0,MutNovel,"D20Y,1.000"
X-3766,PGBD2,267002.0,Del0.8,0.24
X-3766,PHB2,11331.0,MutNovel,"I50M,0.606"
X-3766,PHLDA1,22822.0,MutNovel,"QQ194Q,0.581"
X-3766,PLCH1,23007.0,Amp5,5.28
X-3766,PLEKHA7,144100.0,MutNovel,"P939L,0.857"
X-3766,PM20D2,135293.0,MutNovel,"E113Q,0.471"
X-3766,POLD2,5425.0,MutNovel,"D465H,0.474"
X-3766,POTEI,,MutNovel,"N815C,0.667"
X-3766,POTEI,,MutNovel,"A814V,1.000"
X-3766,POU3F4,5456.0,Amp5,5.54
X-3766,PPAPDC2,403313.0,Amp5,6.15
X-3766,PPP3R1,5534.0,MutKnownFunctional,"S13*,0.489"
X-3766,PREPL,9581.0,MutNovel,"L384V,0.447"
X-3766,PRKAG2,51422.0,Amp5,5.9
X-3766,PRKY,5616.0,Del0.8,0.25
X-3766,PROM1,8842.0,MutNovel,"S732F,1.000"
X-3766,PRRC2A,7916.0,MutNovel,"P553L,0.508"
X-3766,PRY,9081.0,Del0.8,0.22
X-3766,PRY,9081.0,Del0.8,0.22
X-3766,PRY2,442862.0,Del0.8,0.22
X-3766,PRY2,442862.0,Del0.8,0.22
X-3766,PTEN,5728.0,Del0.8,0.47
X-3766,PTPRD,5789.0,MutNovel,"T1586A,0.320"
X-3766,PTPRD,5789.0,Amp5,5.94
X-3766,PTPRN2,5799.0,Amp5,5.03
X-3766,PTX3,5806.0,Amp5,5.28
X-3766,PVRL2,5819.0,MutNovel,"D232N,0.500"
X-3766,QPCTL,54814.0,MutNovel,"P320L,0.595"
X-3766,RANBP6,26953.0,Amp8,10.13
X-3766,RARRES1,5918.0,Amp5,5.28
X-3766,RARRES2,5919.0,Amp5,5.9
X-3766,RB1,5925.0,Del0.8,0.7
X-3766,RBBP6,5930.0,MutKnownFunctional,"E141*,0.225"
X-3766,RBM33,155435.0,Amp5,5.03
X-3766,RBMY1A3P,286557.0,Del0.8,0.25
X-3766,RBMY1B,378948.0,Del0.8,0.22
X-3766,RBMY1B,378948.0,Del0.8,0.22
X-3766,RBMY1E,378950.0,Del0.8,0.22
X-3766,RBMY1E,378950.0,Del0.8,0.22
X-3766,RBMY1F,159163.0,Del0.8,0.22
X-3766,RBMY1F,159163.0,Del0.8,0.22
X-3766,RBMY1J,378951.0,Del0.8,0.22
X-3766,RBMY1J,378951.0,Del0.8,0.22
X-3766,RBMY2EP,159125.0,Del0.8,0.22
X-3766,RBMY2FP,159162.0,Del0.8,0.22
X-3766,RBMY3AP,64593.0,Del0.8,0.22
X-3766,RC3H2,54542.0,MutNovel,"T616K,0.426"
X-3766,RCL1,10171.0,Amp5,6.15
X-3766,REPIN1,29803.0,Amp5,5.9
X-3766,RFX3,5991.0,Amp5,6.15
X-3766,RGL1,23179.0,MutNovel,"V672L,1.000"
X-3766,RHCE,6006.0,MutNovel,"V335I,0.560"
X-3766,RHD,6007.0,Del0.8,0.42
X-3766,RHEB,6009.0,Amp5,5.9
X-3766,RHOB,388.0,MutNovel,"L179Q,0.323"
X-3766,RIMBP3,85376.0,MutNovel,"C1170F,0.500"
X-3766,RIN3,79890.0,MutNovel,"G967-,0.364"
X-3766,RLN1,6013.0,Amp5,5.9
X-3766,RLN2,6019.0,Amp5,5.9
X-3766,RNF213,57674.0,MutKnownFunctional,"Q5155*,0.355"
X-3766,RNF32,140545.0,Amp5,5.03
X-3766,ROPN1,54763.0,MutNovel,"A37G,1.000"
X-3766,RORA,6095.0,MutNovel,"L318V,0.486"
X-3766,RP9,6100.0,MutNovel,"D170G,0.410"
X-3766,RPS4Y1,6192.0,Del0.8,0.25
X-3766,RPS4Y2,140032.0,Del0.8,0.22
X-3766,RRP15,51018.0,MutNovel,"R160K,0.481"
X-3766,RSRC1,51319.0,Amp5,5.28
X-3766,SCN3B,55800.0,Del0.8,0.78
X-3766,SEC16A,9919.0,MutNovel,"SGA369-,0.422"
X-3766,SEC16B,89866.0,MutNovel,"F565L,1.000"
X-3766,SEC24B,10427.0,Del0.8,0.73
X-3766,SERINC2,347735.0,MutNovel,"-373Q,0.698"
X-3766,SH3BP5L,80851.0,Del0.8,0.11
X-3766,SH3RF1,57630.0,Del0.8,0.26
X-3766,SHH,6469.0,Amp5,5.03
X-3766,SHOX2,6474.0,Amp5,5.28
X-3766,SLC12A2,6558.0,MutNovel,"AAAAAA98-,0.750"
X-3766,SLC16A10,117247.0,MutNovel,"L460V,0.565"
X-3766,SLC1A1,6505.0,Amp5,6.15
X-3766,SLC25A44,9673.0,MutNovel,"G181S,0.571"
X-3766,SLC33A1,9197.0,Amp5,5.28
X-3766,SLC4A2,6522.0,Amp5,5.9
X-3766,SLC6A12,6539.0,Amp5,5.66
X-3766,SLC6A13,6540.0,Amp5,5.66
X-3766,SMARCA2,6595.0,Amp5,6.15
X-3766,SMARCD3,6604.0,Amp5,5.9
X-3766,SNAPC4,6621.0,MutNovel,"S542-,0.696"
X-3766,SNW1,22938.0,MutNovel,"M443T,0.345"
X-3766,SOWAHD,347454.0,MutNovel,"G262S,0.667"
X-3766,SPAG11A,653423.0,Del0.8,0.46
X-3766,SPAG11B,10407.0,Del0.8,0.46
X-3766,SPAG7,9552.0,MutNovel,"S11C,1.000"
X-3766,SPANXA2,728712.0,Del0.8,0.75
X-3766,SPRY3,10251.0,MutKnownFunctional,"-2904,1.000"
X-3766,SRY,6736.0,Del0.8,0.25
X-3766,SSPO,23145.0,Amp5,5.9
X-3766,SSR3,6747.0,Amp5,5.28
X-3766,STARD9,57519.0,MutNovel,"P3888L,0.442"
X-3766,STMN4,81551.0,MutNovel,"Q195L,0.750"
X-3766,STT3A,3703.0,MutNovel,"T562P,0.988"
X-3766,STX19,415117.0,MutNovel,"E115Q,1.000"
X-3766,SULT2B1,6820.0,MutNovel,"D191Y,0.500"
X-3766,SUZ12,23512.0,Del0.8,0.66
X-3766,SYCP2L,221711.0,MutNovel,"L249V,0.500"
X-3766,TARP,445347.0,MutNovel,"C59W,0.231"
X-3766,TARP,445347.0,MutNovel,"C59D,0.394"
X-3766,TARP,445347.0,MutNovel,"M53V,0.363"
X-3766,TARP,445347.0,MutNovel,"V37I,0.238"
X-3766,TBC1D3B,414059.0,Del0.8,0.51
X-3766,TBL1Y,90665.0,Del0.8,0.25
X-3766,TCHP,84260.0,Del0.8,0.67
X-3766,TFIP11,24144.0,MutNovel,"T27I,1.000"
X-3766,TGIF2LY,90655.0,Del0.8,0.25
X-3766,TIPARP,25976.0,Amp5,5.28
X-3766,TIPARP-AS1,100287227.0,Amp5,5.28
X-3766,TMEM176A,55365.0,Amp5,5.9
X-3766,TMEM176B,28959.0,Amp5,5.9
X-3766,TMEM183A,92703.0,MutNovel,"R10M,0.544"
X-3766,TMEM236,653567.0,Del0.8,0.79
X-3766,TMEM65,157378.0,MutNovel,"W31S,0.316"
X-3766,TMPRSS2,7113.0,Amp5,6.19
X-3766,TMSB4Y,9087.0,Del0.8,0.22
X-3766,TMUB1,83590.0,Amp5,5.9
X-3766,TNNC2,7125.0,MutNovel,"E74Q,0.750"
X-3766,TOB1,10140.0,MutNovel,"S225L,0.568"
X-3766,TOPORS,10210.0,MutKnownFunctional,"S475*,0.433"
X-3766,TP53,7157.0,MutLikelyFunctional,"G245V,1.000"
X-3766,TPD52L3,89882.0,Amp5,6.19
X-3766,TPK1,27010.0,Amp5,5.9
X-3766,TSPY1,7258.0,Del0.8,0.04
X-3766,TSPY2,64591.0,Del0.8,0.25
X-3766,TSPY3,728137.0,Del0.8,0.04
X-3766,TSPY4,728395.0,Del0.8,0.04
X-3766,TSPY8,728403.0,Del0.8,0.04
X-3766,TSPYL1,7259.0,MutNovel,"V176VW,0.915"
X-3766,TSR3,,MutNovel,"E218K,0.988"
X-3766,TTTY10,246119.0,Del0.8,0.22
X-3766,TTTY11,83866.0,Del0.8,0.25
X-3766,TTTY12,83867.0,Del0.8,0.25
X-3766,TTTY13,83868.0,Del0.8,0.22
X-3766,TTTY14,83869.0,Del0.8,0.22
X-3766,TTTY15,64595.0,Del0.8,0.22
X-3766,TTTY16,252948.0,Del0.8,0.25
X-3766,TTTY17A,252949.0,Del0.8,0.16
X-3766,TTTY17A,252949.0,Del0.8,0.1
X-3766,TTTY18,252950.0,Del0.8,0.25
X-3766,TTTY19,252952.0,Del0.8,0.25
X-3766,TTTY1B,100101116.0,Del0.8,0.22
X-3766,TTTY1B,100101116.0,Del0.8,0.25
X-3766,TTTY2,60439.0,Del0.8,0.22
X-3766,TTTY2,60439.0,Del0.8,0.25
X-3766,TTTY20,252951.0,Del0.8,0.1
X-3766,TTTY21,252953.0,Del0.8,0.22
X-3766,TTTY21,252953.0,Del0.8,0.25
X-3766,TTTY22,252954.0,Del0.8,0.22
X-3766,TTTY23,252955.0,Del0.8,0.22
X-3766,TTTY23,252955.0,Del0.8,0.25
X-3766,TTTY3,114760.0,Del0.8,0.16
X-3766,TTTY3,114760.0,Del0.8,0.22
X-3766,TTTY4,114761.0,Del0.8,0.16
X-3766,TTTY4,114761.0,Del0.8,0.1
X-3766,TTTY5,83863.0,Del0.8,0.22
X-3766,TTTY6,84672.0,Del0.8,0.22
X-3766,TTTY6,84672.0,Del0.8,0.22
X-3766,TTTY7,246122.0,Del0.8,0.22
X-3766,TTTY7,246122.0,Del0.8,0.25
X-3766,TTTY7B,100101120.0,Del0.8,0.22
X-3766,TTTY7B,100101120.0,Del0.8,0.25
X-3766,TTTY8,84673.0,Del0.8,0.25
X-3766,TTTY8,84673.0,Del0.8,0.22
X-3766,TTTY9A,83864.0,Del0.8,0.22
X-3766,TTTY9A,83864.0,Del0.8,0.22
X-3766,TUSC1,286319.0,MutNovel,"R27Q,0.500"
X-3766,TXLNG2P,246126.0,Del0.8,0.22
X-3766,UBE3C,9690.0,Amp5,5.03
X-3766,UHRF2,115426.0,Amp5,6.19
X-3766,USP19,10869.0,MutNovel,"V1066L,0.976"
X-3766,USP36,57602.0,MutNovel,"KKK958K,0.751"
X-3766,USP48,84196.0,MutNovel,"E997Q,1.000"
X-3766,USP9Y,8287.0,Del0.8,0.22
X-3766,UTY,7404.0,Del0.8,0.22
X-3766,VCY,9084.0,Del0.8,0.22
X-3766,VCY,9084.0,Del0.8,0.22
X-3766,VEPH1,79674.0,Amp5,5.28
X-3766,VIPR2,7434.0,Amp5,5.03
X-3766,VLDLR,7436.0,Amp5,6.15
X-3766,VSIG10,54621.0,MutNovel,"TQPEVII349I,0.895"
X-3766,WDR33,55339.0,MutNovel,"G1240R,1.000"
X-3766,WDR60,55112.0,Amp5,5.03
X-3766,WDR86,349136.0,Amp5,5.9
X-3766,WNT10A,80326.0,MutNovel,"R70Q,0.532"
X-3766,XKRY2,353515.0,Del0.8,0.22
X-3766,XKRY2,353515.0,Del0.8,0.22
X-3766,ZBTB43,23099.0,Del0.8,0.46
X-3766,ZBTB8A,653121.0,MutNovel,"E59V,0.442"
X-3766,ZEB2,9839.0,MutNovel,"T522S,0.583"
X-3766,ZFPM2,23414.0,MutNovel,"E1011Q,0.444"
X-3766,ZFY,7544.0,Del0.8,0.25
X-3766,ZHX3,23051.0,MutNovel,"A214V,0.465"
X-3766,ZNF212,7988.0,Amp5,5.9
X-3766,ZNF282,8427.0,Amp5,5.9
X-3766,ZNF358,140467.0,MutNovel,"S425N,0.426"
X-3766,ZNF398,57541.0,Amp5,5.9
X-3766,ZNF425,155054.0,Amp5,5.9
X-3766,ZNF429,353088.0,MutKnownFunctional,"-527,0.292"
X-3766,ZNF467,168544.0,Amp5,5.9
X-3766,ZNF469,84627.0,MutNovel,"R3602C,1.000"
X-3766,ZNF585A,199704.0,MutNovel,"Q86H,0.600"
X-3766,ZNF672,79894.0,Del0.8,0.24
X-3766,ZNF692,55657.0,Del0.8,0.24
X-3766,ZNF746,155061.0,Amp5,5.9
X-3766,ZNF767,79970.0,Amp5,5.9
X-3766,ZNF77,58492.0,MutNovel,"I71V,1.000"
X-3766,ZNF772,400720.0,MutNovel,"A4GP,0.310"
X-3766,ZNF775,285971.0,Amp5,5.9
X-3766,ZNF777,27153.0,Amp5,5.9
X-3766,ZNF783,100289678.0,Amp5,5.9
X-3766,ZNF786,136051.0,MutNovel,"R545H,0.340"
X-3766,ZNF786,136051.0,Amp5,5.9
X-3766,ZNF814,730051.0,MutNovel,"I207F,0.308"
X-3766,ZNF844,284391.0,MutNovel,"G277E,0.600"
X-3766,ZNF862,643641.0,Amp5,5.9
X-3766,ZNF91,7644.0,MutKnownFunctional,"-1093,0.351"
X-3783,AAED1,,MutNovel,"P4L,1.000"
X-3783,AHNAK2,113146.0,MutNovel,"V2210L,1.000"
X-3783,AHNAK2,113146.0,MutNovel,"A2208T,1.000"
X-3783,AHNAK2,113146.0,MutNovel,"S2175M,0.667"
X-3783,AHNAK2,113146.0,MutNovel,"M2119V,1.000"
X-3783,AK1,203.0,MutKnownFunctional,"-96,0.973"
X-3783,AKAP12,9590.0,MutNovel,"H1627Q,1.000"
X-3783,ALKBH8,91801.0,MutNovel,"C296G,0.864"
X-3783,ANKRD30B,374860.0,MutNovel,"K746N,0.667"
X-3783,ANKRD33B,651746.0,MutNovel,"A398V,0.766"
X-3783,ANKRD65,441869.0,MutNovel,"G200V,1.000"
X-3783,ANKS6,203286.0,MutKnownFunctional,"R440*,1.000"
X-3783,AP1G1,164.0,MutNovel,"TETSKN281-,0.324"
X-3783,ARID3B,10620.0,MutNovel,"T344TAA,0.231"
X-3783,ATAD2,29028.0,MutNovel,"D276EN,0.314"
X-3783,ATG16L2,89849.0,MutNovel,"A169V,0.606"
X-3783,ATG2B,55102.0,MutNovel,"R1308C,0.571"
X-3783,B4GALNT3,283358.0,MutNovel,"R693C,0.759"
X-3783,BCAP29,55973.0,MutNovel,"L3V,0.980"
X-3783,BHLHE41,79365.0,MutNovel,"A428T,0.240"
X-3783,BMP2K,55589.0,MutNovel,"Q460-,0.230"
X-3783,BRCA1,672.0,MutKnownFunctional,"-1257,1.000"
X-3783,BRD4,23476.0,MutNovel,"M425T,0.279"
X-3783,C10orf57,,MutNovel,"R33W,0.423"
X-3783,C11orf49,79096.0,MutNovel,"F295L,0.600"
X-3783,C11orf80,79703.0,MutNovel,"G26GA,0.417"
X-3783,C16orf74,404550.0,MutNovel,"SSS19-,0.636"
X-3783,C16orf95,100506581.0,MutNovel,"L11P,1.000"
X-3783,C17orf51,339263.0,MutNovel,"SL217L,1.000"
X-3783,C17orf72,92340.0,MutNovel,"P14R,1.000"
X-3783,C1orf233,,MutNovel,"C69Y,1.000"
X-3783,C21orf91,54149.0,MutKnownFunctional,"-28,0.425"
X-3783,C6orf132,647024.0,MutNovel,"G1057V,0.288"
X-3783,C6orf170,221322.0,MutNovel,"G741D,0.467"
X-3783,C8orf73,642475.0,MutNovel,"S232L,0.788"
X-3783,CAND1,55832.0,MutNovel,"S1203T,0.763"
X-3783,CBWD5,220869.0,MutNovel,"K334R,1.000"
X-3783,CCDC148,130940.0,MutNovel,"Q299H,0.800"
X-3783,CCDC33,80125.0,MutNovel,"R360C,0.531"
X-3783,CCDC66,285331.0,MutNovel,"S606SP,0.530"
X-3783,CCDC74A,90557.0,MutNovel,"G5A,0.413"
X-3783,CCNI2,645121.0,MutNovel,"A95T,1.000"
X-3783,CDC42BPB,9578.0,MutNovel,"R1169H,0.508"
X-3783,CDCA8,55143.0,MutNovel,"E127-,0.459"
X-3783,CDK16,5127.0,MutNovel,"A41G,1.000"
X-3783,CELSR1,9620.0,MutNovel,"R119W,1.000"
X-3783,CELSR1,9620.0,MutNovel,"R72W,1.000"
X-3783,CFLAR,8837.0,MutNovel,"S418T,0.520"
X-3783,CHIC1,53344.0,MutNovel,"PSSS32P,1.000"
X-3783,CLDN23,137075.0,MutNovel,"R237RKP,0.760"
X-3783,CLMN,79789.0,MutNovel,"S952P,0.231"
X-3783,CMTM2,146225.0,MutNovel,"K37T,1.000"
X-3783,COL7A1,1294.0,MutNovel,"A2513T,0.233"
X-3783,CSRNP1,64651.0,MutNovel,"P380L,0.681"
X-3783,CTAGE4,100128553.0,MutNovel,"E155Q,1.000"
X-3783,CTSA,5476.0,MutNovel,"L29-,0.913"
X-3783,CXorf40B,541578.0,MutNovel,"A112V,1.000"
X-3783,DBF4B,80174.0,MutNovel,"H244R,1.000"
X-3783,DNAH14,127602.0,MutNovel,"I1869V,1.000"
X-3783,DOT1L,84444.0,MutNovel,"T1400M,1.000"
X-3783,DPP7,29952.0,MutKnownFunctional,"-487?,0.929"
X-3783,DPYD,1806.0,MutNovel,"A195V,1.000"
X-3783,DSE,29940.0,MutNovel,"G873-,0.375"
X-3783,DSP,1832.0,MutNovel,"A897P,0.769"
X-3783,DTD1,92675.0,MutNovel,"R10W,0.563"
X-3783,EIF2B5,8893.0,MutNovel,"S51T,0.594"
X-3783,EIF5,1983.0,MutNovel,"I330M,0.501"
X-3783,ELL3,80237.0,MutNovel,"G385A,1.000"
X-3783,EP400,57634.0,MutNovel,"Q2727E,0.526"
X-3783,EPHB3,2049.0,MutNovel,"R440C,0.333"
X-3783,FAM120C,54954.0,MutNovel,"P110RRP,0.778"
X-3783,FAM46B,115572.0,MutNovel,"F229L,0.556"
X-3783,FAM86B1,85002.0,MutNovel,"V210L,0.833"
X-3783,FAM86B1,85002.0,MutNovel,"A120V,0.300"
X-3783,FAM86B1,85002.0,MutNovel,"I116F,0.308"
X-3783,FAM86B2,653333.0,MutNovel,"M232A,1.000"
X-3783,FAM86B2,653333.0,MutNovel,"K91R,0.357"
X-3783,FASTKD3,79072.0,MutNovel,"P29T,0.578"
X-3783,FBLN5,10516.0,MutNovel,"Y306H,0.446"
X-3783,FBXW11,23291.0,MutNovel,"T33I,1.000"
X-3783,FLJ22184,80164.0,MutKnownFunctional,"C353*,0.968"
X-3783,FOXQ1,94234.0,MutNovel,"V387G,0.742"
X-3783,GIGYF2,26058.0,MutNovel,"PQ1231P,0.638"
X-3783,GLTSCR2,29997.0,MutNovel,"D401A,0.342"
X-3783,GOLGA6L4,,MutNovel,"M318L,1.000"
X-3783,HK1,3098.0,MutKnownFunctional,"Y10*,0.599"
X-3783,HLA-B,3106.0,MutNovel,"A73G,0.625"
X-3783,HLA-DRB1,3123.0,MutNovel,"T210M,0.983"
X-3783,HLA-DRB1,3123.0,MutNovel,"M20S,0.222"
X-3783,HLA-DRB5,3127.0,MutNovel,"A87V,0.571"
X-3783,HLA-DRB5,3127.0,MutNovel,"F55Y,0.938"
X-3783,HLA-DRB5,3127.0,MutNovel,"Y42F,1.000"
X-3783,HMCN2,,MutNovel,"R2384L,1.000"
X-3783,HOXD8,3234.0,MutNovel,"-18AA,0.222"
X-3783,HOXD8,3234.0,MutNovel,"A70AHP,0.280"
X-3783,HSPA1L,3305.0,MutNovel,"P93R,0.526"
X-3783,HYDIN,54768.0,MutNovel,"Y289C,0.345"
X-3783,HYDIN,54768.0,MutNovel,"D269N,0.346"
X-3783,ICAM2,3384.0,MutNovel,"H185Q,0.280"
X-3783,IL20RA,53832.0,MutNovel,"E552K,0.606"
X-3783,IPO11,51194.0,MutNovel,"F396L,1.000"
X-3783,IQSEC1,9922.0,MutNovel,"I939L,0.508"
X-3783,KIF20B,9585.0,MutNovel,"E622A,0.396"
X-3783,KIF20B,9585.0,MutNovel,"L1062LKV,0.967"
X-3783,KIF7,374654.0,MutNovel,"R17W,0.324"
X-3783,KRT8,3856.0,MutNovel,"W17R,0.363"
X-3783,LAMA1,284217.0,MutKnownFunctional,"C500*,0.333"
X-3783,LILRB3,11025.0,MutNovel,"R143Q,1.000"
X-3783,LOC100128071,100128071.0,MutNovel,"P31R,0.533"
X-3783,LOC100132247,100132247.0,MutNovel,"Q392P,0.571"
X-3783,LOC100288332,,MutNovel,"R269C,1.000"
X-3783,LOC100505549,100505549.0,MutNovel,"V27I,1.000"
X-3783,LOC100996610,,MutNovel,"L49P,0.750"
X-3783,LOC728741,,MutNovel,"R380W,0.800"
X-3783,LOC730268,,MutNovel,"L668F,0.500"
X-3783,LRRC37A,9884.0,MutNovel,"R785Q,0.750"
X-3783,LRRC37A2,474170.0,MutNovel,"W1272S,1.000"
X-3783,LRRC37A2,474170.0,MutNovel,"P1319T,0.667"
X-3783,LRRC39,127495.0,MutNovel,"EE295E,0.458"
X-3783,LRRC40,55631.0,MutNovel,"F72C,0.560"
X-3783,LRRN2,10446.0,MutNovel,"K695N,0.483"
X-3783,LSR,51599.0,MutNovel,"G518GR,0.328"
X-3783,MAP3K4,4216.0,MutNovel,"PA1189P,0.600"
X-3783,MAP7,9053.0,MutNovel,"EA601A,0.743"
X-3783,MARCKS,4082.0,MutNovel,"E227D,0.443"
X-3783,MESDC2,23184.0,MutNovel,"P191T,0.206"
X-3783,MIPEP,4285.0,MutNovel,"L56W,1.000"
X-3783,MPRIP,23164.0,MutNovel,"TSS178T,0.543"
X-3783,MRPL19,9801.0,MutNovel,"P124T,0.468"
X-3783,MUC4,4585.0,MutNovel,"AAPA5219A,0.830"
X-3783,MUC4,4585.0,MutNovel,"S4088P,1.000"
X-3783,MUC4,4585.0,MutNovel,"L4065I,0.926"
X-3783,MUC4,4585.0,MutNovel,"D3989N,0.500"
X-3783,MUC4,4585.0,MutNovel,"P3826L,1.000"
X-3783,MUC4,4585.0,MutNovel,"P3362S,1.000"
X-3783,MUC4,4585.0,MutNovel,"L3314H,1.000"
X-3783,MUC4,4585.0,MutNovel,"V3251I,1.000"
X-3783,MUC4,4585.0,MutKnownFunctional,"S3208*,0.600"
X-3783,MUC4,4585.0,MutNovel,"S2277I,1.000"
X-3783,MXRA5,25878.0,MutNovel,"A2622V,1.000"
X-3783,MXRA8,54587.0,MutNovel,"A41T,1.000"
X-3783,MYLIP,29116.0,MutNovel,"I219F,0.282"
X-3783,MYO19,80179.0,MutNovel,"N9S,0.499"
X-3783,NBAS,51594.0,MutNovel,"D2146N,1.000"
X-3783,NBPF10,100132406.0,MutNovel,"I1165F,0.277"
X-3783,NBPF10,100132406.0,MutNovel,"R3193K,1.000"
X-3783,NBPF11,200030.0,MutNovel,"A173V,0.714"
X-3783,NBPF12,,MutNovel,"S652P,0.250"
X-3783,NBPF14,25832.0,MutNovel,"I861G,1.000"
X-3783,NBPF14,25832.0,MutNovel,"R692G,0.375"
X-3783,NCOR2,9612.0,MutNovel,"G1839GAAA,0.387"
X-3783,NDUFV3,4731.0,MutNovel,"P4S,0.561"
X-3783,NES,10763.0,MutNovel,"P1345S,0.608"
X-3783,NFASC,23114.0,MutNovel,"K519Q,0.226"
X-3783,NKX6-1,4825.0,MutNovel,"S49P,0.350"
X-3783,NOTUM,147111.0,MutNovel,"P36S,1.000"
X-3783,NPR3,4883.0,MutNovel,"W9S,0.625"
X-3783,NR1H2,7376.0,MutNovel,"-173Q,0.855"
X-3783,NXF1,10482.0,MutNovel,"L214V,0.710"
X-3783,OBP2B,29989.0,MutNovel,"R149H,0.571"
X-3783,OGFR,11054.0,MutNovel,"S579L,0.220"
X-3783,OLFML2A,169611.0,MutNovel,"T25A,1.000"
X-3783,ORAI1,84876.0,MutNovel,"PP43-,0.862"
X-3783,OSBP2,23762.0,MutNovel,"E61D,1.000"
X-3783,PABPC3,5042.0,MutKnownFunctional,"-323,0.462"
X-3783,PABPC3,5042.0,MutKnownFunctional,"-333,0.429"
X-3783,PARG,8505.0,MutNovel,"P954A,0.526"
X-3783,PCCB,5096.0,MutNovel,"P305L,0.391"
X-3783,PCDHA12,56137.0,MutKnownFunctional,"-252,1.000"
X-3783,PCDHB10,56126.0,MutNovel,"R652C,1.000"
X-3783,PCDHB5,26167.0,MutNovel,"S615G,1.000"
X-3783,PDE4DIP,9659.0,MutNovel,"P2341L,0.393"
X-3783,PELP1,27043.0,MutNovel,"ED949D,0.661"
X-3783,PHLDA1,22822.0,MutNovel,"QQ194Q,0.542"
X-3783,PINX1,54984.0,MutNovel,"KK324K,0.762"
X-3783,PKD1,5310.0,MutNovel,"R739E,1.000"
X-3783,PNMAL2,57469.0,MutNovel,"A225D,0.579"
X-3783,PNRC1,10957.0,MutNovel,"P149R,0.526"
X-3783,POP1,10940.0,MutNovel,"N3S,0.378"
X-3783,PPP2R3B,28227.0,MutNovel,"S652L,1.000"
X-3783,PRDM2,7799.0,MutNovel,"-278E,0.304"
X-3783,PRIC285,85441.0,MutNovel,"Q2630R,0.404"
X-3783,PRRC2A,7916.0,MutNovel,"V50L,0.655"
X-3783,PTPN23,25930.0,MutNovel,"P1096L,0.412"
X-3783,PVRIG,79037.0,MutNovel,"G66E,0.429"
X-3783,RAPGEF5,9771.0,MutNovel,"D432C,0.579"
X-3783,RASA4B,,MutNovel,"L326M,0.429"
X-3783,REPS2,9185.0,MutNovel,"A60V,1.000"
X-3783,RIN3,79890.0,MutNovel,"G967-,0.565"
X-3783,RRP12,23223.0,MutNovel,"V740M,0.714"
X-3783,SBNO1,55206.0,MutNovel,"A866V,0.319"
X-3783,SBNO2,22904.0,MutNovel,"A76G,0.485"
X-3783,SCARF2,91179.0,MutNovel,"A9T,1.000"
X-3783,SCFD1,23256.0,MutNovel,"T8TA,0.907"
X-3783,SCLY,51540.0,MutNovel,"A19S,1.000"
X-3783,SEMA4B,10509.0,MutNovel,"F427S,0.593"
X-3783,SERGEF,26297.0,MutNovel,"T93I,0.367"
X-3783,SERINC2,347735.0,MutNovel,"-373Q,0.698"
X-3783,SFPQ,6421.0,MutNovel,"PP185P,0.337"
X-3783,SGSH,6448.0,MutNovel,"V250A,1.000"
X-3783,SH2B2,10603.0,MutNovel,"G525S,1.000"
X-3783,SH3PXD2A,9644.0,MutNovel,"S681SP,0.222"
X-3783,SIRPB1,10326.0,MutNovel,"P352L,1.000"
X-3783,SLC25A36,55186.0,MutNovel,"S37-,0.382"
X-3783,SMARCA4,6597.0,MutNovel,"E1481K,0.571"
X-3783,SMG8,55181.0,MutNovel,"C555S,0.983"
X-3783,SOX4,6659.0,MutNovel,"-168G,0.305"
X-3783,SPATA7,55812.0,MutNovel,"D67E,0.212"
X-3783,SPG11,80208.0,MutNovel,"Y1990C,0.989"
X-3783,SUCO,,MutNovel,"Y634H,0.456"
X-3783,TAF6L,10629.0,MutNovel,"S605R,0.533"
X-3783,TARBP1,6894.0,MutNovel,"S75R,0.538"
X-3783,TBP,6908.0,MutNovel,"-64Q,0.368"
X-3783,TERF1,7013.0,MutNovel,"E32Q,0.264"
X-3783,TMEM184A,202915.0,MutNovel,"G392GA,0.774"
X-3783,TMEM198,130612.0,MutNovel,"A185T,0.500"
X-3783,TMEM63C,57156.0,MutNovel,"A412T,1.000"
X-3783,TNRC6A,27327.0,MutNovel,"Q100P,1.000"
X-3783,TPTE,7179.0,MutNovel,"E69G,1.000"
X-3783,TSPYL1,7259.0,MutNovel,"V176VW,0.858"
X-3783,TUSC1,286319.0,MutNovel,"-48A,0.207"
X-3783,UAP1L1,91373.0,MutNovel,"V79L,1.000"
X-3783,UTRN,7402.0,MutNovel,"D1305G,0.931"
X-3783,VN1R1,57191.0,MutKnownFunctional,"-72,1.000"
X-3783,VRK3,51231.0,MutNovel,"G366R,1.000"
X-3783,VWF,7450.0,MutNovel,"A705V,1.000"
X-3783,WWP2,11060.0,MutNovel,"R330W,1.000"
X-3783,YES1,7525.0,MutNovel,"D330Y,0.567"
X-3783,ZBTB8A,653121.0,MutNovel,"-429E,0.347"
X-3783,ZDHHC11,79844.0,MutNovel,"A303D,0.467"
X-3783,ZDHHC11B,,MutNovel,"P17L,1.000"
X-3783,ZDHHC4,55146.0,MutNovel,"V23I,0.632"
X-3783,ZFAND2B,130617.0,MutNovel,"C220F,0.491"
X-3783,ZNF219,51222.0,MutNovel,"QPP233P,0.688"
X-3783,ZNF28,7576.0,MutNovel,"Q163E,0.220"
X-3783,ZNF384,171017.0,MutNovel,"QQ514Q,0.300"
X-3783,ZNF439,90594.0,MutNovel,"K491-,0.980"
X-3783,ZNF503,84858.0,MutNovel,"P55T,0.530"
X-3783,ZNF587B,,MutNovel,"V83R,1.000"
X-3783,ZNF730,,MutNovel,"S296F,0.360"
X-3783,ZNF770,54989.0,MutKnownFunctional,"Q650*,0.495"
X-3783,ZNF83,55769.0,MutNovel,"R356H,1.000"
X-3783,ZNF843,283933.0,MutNovel,"Q96K,1.000"
X-3783,ZNF865,100507290.0,MutNovel,"P122L,1.000"
X-3783,ZP3,7784.0,MutNovel,"S315P,0.613"
X-3787,ABCC3,8714.0,MutNovel,"L1384P,0.972"
X-3787,ACOX1,51.0,MutNovel,"A492G,1.000"
X-3787,ADAM32,203102.0,MutNovel,"V614L,0.600"
X-3787,ADRA1B,147.0,MutNovel,"S177Y,0.205"
X-3787,AGPS,8540.0,MutNovel,"RQ289SK,0.622"
X-3787,AGRN,375790.0,MutNovel,"R4P,0.359"
X-3787,ANGPTL4,51129.0,MutNovel,"D332N,0.692"
X-3787,ANKMY1,51281.0,MutNovel,"S47R,0.947"
X-3787,ANKRD36,375248.0,MutNovel,"T998S,0.333"
X-3787,APPL1,26060.0,MutNovel,"G77D,0.795"
X-3787,ASAH2B,653308.0,MutNovel,"T74N,0.400"
X-3787,ASXL1,171023.0,MutNovel,"D124N,0.467"
X-3787,ATAD3B,83858.0,MutNovel,"R244W,0.275"
X-3787,ATAD3B,83858.0,MutNovel,"P311S,0.241"
X-3787,ATAD3C,219293.0,MutNovel,"P136S,0.656"
X-3787,ATAD3C,219293.0,MutNovel,"V139A,0.686"
X-3787,ATG14,22863.0,MutNovel,"Q156E,0.800"
X-3787,ATM,472.0,MutNovel,"P604S,0.769"
X-3787,BACH1,571.0,MutNovel,"E612K,0.222"
X-3787,BAZ1A,11177.0,MutNovel,"S521C,0.231"
X-3787,BCORL1,63035.0,MutNovel,"P604L,1.000"
X-3787,BCR,613.0,MutNovel,"T1018A,0.285"
X-3787,BMP4,652.0,MutNovel,"R226Q,0.603"
X-3787,BRPF1,7862.0,MutNovel,"S958P,0.711"
X-3787,BTRC,8945.0,MutNovel,"D532H,1.000"
X-3787,C14orf38,729665.0,MutNovel,"T790I,0.344"
X-3787,C2CD2,25966.0,MutNovel,"A590P,0.450"
X-3787,C4A,720.0,MutNovel,"E959D,0.417"
X-3787,C6orf130,221443.0,MutNovel,"N95T,0.386"
X-3787,C6orf141,135398.0,MutNovel,"E205G,0.714"
X-3787,C8orf42,157695.0,MutNovel,"A33AP,0.630"
X-3787,CACNA1A,773.0,MutNovel,"H2486Q,0.286"
X-3787,CBWD2,150472.0,MutNovel,"S148C,0.299"
X-3787,CC2D2A,57545.0,MutNovel,"G111R,1.000"
X-3787,CCDC11,220136.0,MutNovel,"R470L,1.000"
X-3787,CCDC149,91050.0,MutNovel,"G521R,0.290"
X-3787,CCDC66,285331.0,MutNovel,"S606SP,0.674"
X-3787,CCZ1B,221960.0,MutNovel,"L231F,0.286"
X-3787,CDC42EP1,11135.0,MutNovel,"PAPAANPS253P,0.754"
X-3787,CDC42EP5,148170.0,MutNovel,"D120N,0.543"
X-3787,CDH24,64403.0,MutNovel,"E440K,0.741"
X-3787,CFC1,,MutNovel,"R47Q,1.000"
X-3787,CFC1,,MutNovel,"N21H,1.000"
X-3787,CHD6,84181.0,MutNovel,"A421T,0.500"
X-3787,CHST15,51363.0,MutKnownFunctional,"-456,0.944"
X-3787,CKAP4,10970.0,MutNovel,"QHPQ57-,0.455"
X-3787,CLCNKA,1187.0,MutNovel,"T562I,0.714"
X-3787,CLEC18A,348174.0,MutNovel,"D307N,0.667"
X-3787,CLEC18A,348174.0,MutNovel,"R324S,0.667"
X-3787,CLEC18B,497190.0,MutNovel,"R324S,0.571"
X-3787,CLEC18B,497190.0,MutNovel,"D307N,0.462"
X-3787,CLEC18C,283971.0,MutNovel,"A174V,1.000"
X-3787,CLEC18C,283971.0,MutNovel,"R185G,1.000"
X-3787,COL1A2,1278.0,MutNovel,"R44K,1.000"
X-3787,CPEB2,132864.0,MutNovel,"P221Q,1.000"
X-3787,CRB2,286204.0,MutNovel,"L27V,1.000"
X-3787,CROCC,9696.0,MutNovel,"T1072M,0.438"
X-3787,CSF1,1435.0,MutNovel,"M299V,0.480"
X-3787,CTSA,5476.0,MutNovel,"L29-,0.751"
X-3787,CXorf40B,541578.0,MutNovel,"A112V,0.962"
X-3787,CYP1A2,1544.0,MutNovel,"H388L,1.000"
X-3787,CYP2A13,1553.0,MutNovel,"T214P,0.300"
X-3787,DAND5,199699.0,MutNovel,"Q94K,0.897"
X-3787,DHRSX,207063.0,MutKnownFunctional,"R673*,1.000"
X-3787,DIAPH3,81624.0,MutNovel,"F673S,1.000"
X-3787,DIEXF,27042.0,MutNovel,"R367Q,0.223"
X-3787,DMKN,93099.0,MutNovel,"S276G,0.600"
X-3787,DND1,373863.0,MutNovel,"A157V,0.889"
X-3787,DSP,1832.0,MutNovel,"C1280R,0.395"
X-3787,ECI2,10455.0,MutKnownFunctional,"-48?,0.947"
X-3787,EDEM3,80267.0,MutNovel,"N383S,0.250"
X-3787,EMR2,30817.0,MutNovel,"V8A,1.000"
X-3787,EP300,2033.0,MutNovel,"V1685A,1.000"
X-3787,EPCAM,4072.0,MutNovel,"M115T,0.909"
X-3787,EPHX1,2052.0,MutNovel,"R71H,0.811"
X-3787,FAM86B2,653333.0,MutNovel,"K91R,0.750"
X-3787,FAM86B2,653333.0,MutKnownFunctional,"C72*,1.000"
X-3787,FAM86C1,55199.0,MutNovel,"R98H,0.246"
X-3787,FASTKD1,79675.0,MutNovel,"T596N,0.489"
X-3787,FBXO10,26267.0,MutNovel,"E69K,1.000"
X-3787,FBXO3,26273.0,MutNovel,"R147Q,0.488"
X-3787,FUS,2521.0,MutNovel,"-223G,0.221"
X-3787,FZD2,2535.0,MutNovel,"L11LMP,0.833"
X-3787,FZD2,2535.0,MutNovel,"P13L,0.800"
X-3787,G3BP2,9908.0,MutNovel,"V441E,0.445"
X-3787,GEMIN4,50628.0,MutNovel,"V264M,1.000"
X-3787,GFPT1,2673.0,MutNovel,"V462M,0.733"
X-3787,GJC2,57165.0,MutNovel,"G149S,0.800"
X-3787,GLG1,2734.0,MutNovel,"N677T,1.000"
X-3787,GLUD2,2747.0,MutNovel,"G35R,1.000"
X-3787,GOLGA2,2801.0,MutNovel,"EEA714A,0.367"
X-3787,GOLGA8B,440270.0,MutNovel,"E122D,0.450"
X-3787,GSR,2936.0,MutNovel,"S15G,1.000"
X-3787,GTF2IRD2B,389524.0,MutNovel,"G211S,0.259"
X-3787,HARS2,23438.0,MutNovel,"R215W,0.420"
X-3787,HEATR5B,54497.0,MutNovel,"P252T,0.333"
X-3787,HERC2,8924.0,MutNovel,"A2439D,0.500"
X-3787,HLA-G,3135.0,MutNovel,"N175R,0.500"
X-3787,HMCN1,83872.0,MutNovel,"S4481Y,1.000"
X-3787,HNRNPCL1,343069.0,MutNovel,"L138R,1.000"
X-3787,HTR2C,3358.0,MutNovel,"I356T,1.000"
X-3787,HYDIN,54768.0,MutNovel,"A329G,0.333"
X-3787,INTS1,26173.0,MutNovel,"K370R,0.525"
X-3787,IP6K2,51447.0,MutNovel,"S18F,0.273"
X-3787,IQCC,55721.0,MutNovel,"P436S,0.203"
X-3787,IQSEC1,9922.0,MutNovel,"R1084H,0.667"
X-3787,IRF2BP2,359948.0,MutNovel,"R585T,0.213"
X-3787,IRF2BP2,359948.0,MutKnownFunctional,"G577*,0.210"
X-3787,KHSRP,8570.0,MutNovel,"A17T,0.600"
X-3787,KIAA1143,57456.0,MutNovel,"P40S,0.433"
X-3787,KIAA1462,57608.0,MutNovel,"S859TG,0.263"
X-3787,KIF20B,9585.0,MutNovel,"L1062LKV,0.919"
X-3787,KIF7,374654.0,MutNovel,"R17W,1.000"
X-3787,KLHL30,377007.0,MutNovel,"N369S,0.429"
X-3787,KPNA1,3836.0,MutNovel,"P125S,0.300"
X-3787,KREMEN2,79412.0,MutNovel,"C354Y,0.375"
X-3787,LGR6,59352.0,MutNovel,"D63H,0.724"
X-3787,LIG4,3981.0,MutNovel,"S142C,0.227"
X-3787,LIMS3,,MutNovel,"R74H,0.400"
X-3787,LIMS3,,MutNovel,"T84K,0.800"
X-3787,LIPE,3991.0,MutNovel,"G1064E,0.625"
X-3787,LOC100289561,100289561.0,MutNovel,"P7S,0.292"
X-3787,LOC100505549,100505549.0,MutNovel,"L81Q,1.000"
X-3787,LOC100507369,,MutNovel,"L185F,1.000"
X-3787,LOC440563,440563.0,MutNovel,"F126Y,1.000"
X-3787,LOC642441,,MutNovel,"R182S,0.333"
X-3787,LOC653720,,MutNovel,"E539K,1.000"
X-3787,LOC728888,,MutNovel,"R931W,0.800"
X-3787,LOC728888,,MutNovel,"HP615QA,0.667"
X-3787,LOC728888,,MutNovel,"R331H,1.000"
X-3787,LRPPRC,10128.0,MutNovel,"L20F,0.989"
X-3787,LRRC37A,9884.0,MutNovel,"V1450M,1.000"
X-3787,LRRC39,127495.0,MutNovel,"EE295E,0.400"
X-3787,LSR,51599.0,MutNovel,"G518GR,0.828"
X-3787,LTBP3,4054.0,MutNovel,"LLL33-,0.500"
X-3787,MAN2B1,4125.0,MutNovel,"V957G,0.211"
X-3787,MAP3K6,9064.0,MutNovel,"R375Q,1.000"
X-3787,MAPT,4137.0,MutNovel,"G60D,1.000"
X-3787,MCM9,254394.0,MutNovel,"H940N,0.476"
X-3787,MED7,9443.0,MutNovel,"L67F,0.609"
X-3787,MEIS3,56917.0,MutKnownFunctional,"Y335*,1.000"
X-3787,MFAP3,4238.0,MutNovel,"R292Q,0.489"
X-3787,MPRIP,23164.0,MutNovel,"TS178T,0.595"
X-3787,MRS2,57380.0,MutNovel,"P84R,0.364"
X-3787,MTERFD3,80298.0,MutNovel,"R116T,0.271"
X-3787,MUS81,80198.0,MutNovel,"G221R,0.482"
X-3787,NAAA,27163.0,MutNovel,"R256Q,0.508"
X-3787,NBPF12,,MutNovel,"D440G,0.471"
X-3787,NBPF16,728936.0,MutNovel,"G457V,1.000"
X-3787,NCOR2,9612.0,MutNovel,"G1839GAAA,0.455"
X-3787,NES,10763.0,MutKnownFunctional,"-872,0.292"
X-3787,NFXL1,152518.0,MutNovel,"E839K,0.397"
X-3787,NOTCH1,4851.0,MutNovel,"A2331T,1.000"
X-3787,NOTCH1,4851.0,MutNovel,"DAGNKV1457V,0.250"
X-3787,NR1H2,7376.0,MutNovel,"-173Q,0.472"
X-3787,NT5DC3,51559.0,MutNovel,"Q280K,0.833"
X-3787,NUDT11,55190.0,MutKnownFunctional,"-1,0.429"
X-3787,OBP2B,29989.0,MutNovel,"P168L,0.578"
X-3787,OBP2B,29989.0,MutNovel,"R149H,0.422"
X-3787,OGFR,11054.0,MutNovel,"S579L,0.324"
X-3787,OLFML2A,169611.0,MutNovel,"T25A,1.000"
X-3787,OLFML2A,169611.0,MutNovel,"G267V,1.000"
X-3787,OMA1,115209.0,MutKnownFunctional,"-22,0.677"
X-3787,ORAI1,84876.0,MutNovel,"PP43-,0.885"
X-3787,OSBPL11,114885.0,MutNovel,"P486S,0.205"
X-3787,OTC,5009.0,MutNovel,"Q270R,1.000"
X-3787,PCBP3,54039.0,MutNovel,"R156S,1.000"
X-3787,PCDHB6,56130.0,MutNovel,"V471L,1.000"
X-3787,PCLO,27445.0,MutNovel,"S3876F,0.600"
X-3787,PCNXL4,,MutNovel,"N152S,0.726"
X-3787,PDGFRB,5159.0,MutNovel,"D428E,0.524"
X-3787,PHLDA1,22822.0,MutNovel,"QQ194Q,0.585"
X-3787,PIEZO1,9780.0,MutNovel,"ED756D,0.609"
X-3787,PKD1,5310.0,MutNovel,"T1115V,0.286"
X-3787,PKNOX1,5316.0,MutNovel,"A193V,0.756"
X-3787,PLXNA4,91584.0,MutNovel,"E586Q,0.333"
X-3787,PNKD,25953.0,MutNovel,"A223V,0.310"
X-3787,PODXL,5420.0,MutNovel,"P28PRRRR,0.427"
X-3787,POLE4,56655.0,MutNovel,"M1MA,0.229"
X-3787,POLM,27434.0,MutNovel,"V331L,0.415"
X-3787,POLRMT,5442.0,MutNovel,"-747TC,0.516"
X-3787,PPFIA2,8499.0,MutNovel,"D40N,1.000"
X-3787,PRX,57716.0,MutNovel,"E592Q,0.400"
X-3787,PSD4,23550.0,MutNovel,"L809F,0.257"
X-3787,PSORS1C2,170680.0,MutNovel,"P84S,0.474"
X-3787,QRICH2,84074.0,MutNovel,"V681D,0.333"
X-3787,RAB11FIP1,80223.0,MutNovel,"D203N,0.273"
X-3787,RANBP9,10048.0,MutNovel,"Q11P,0.250"
X-3787,RBM10,8241.0,MutNovel,"D674V,0.513"
X-3787,RDH13,112724.0,MutNovel,"E116-,0.380"
X-3787,RILPL1,353116.0,MutNovel,"R362Q,1.000"
X-3787,RIN3,79890.0,MutNovel,"G967-,0.833"
X-3787,RRS1,23212.0,MutNovel,"C52R,0.463"
X-3787,SAC3D1,29901.0,MutNovel,"R39L,0.456"
X-3787,SBSPON,,MutKnownFunctional,"-243?,0.636"
X-3787,SCARB2,950.0,MutNovel,"M247V,0.539"
X-3787,SF3A2,8175.0,MutNovel,"PPAPGVH310-,0.318"
X-3787,SH3GL1,6455.0,MutNovel,"P367L,1.000"
X-3787,SH3TC1,54436.0,MutNovel,"A375V,0.676"
X-3787,SH3TC1,54436.0,MutNovel,"P433L,0.458"
X-3787,SIRPB1,10326.0,MutNovel,"Q162E,1.000"
X-3787,SIRPB1,10326.0,MutNovel,"A157V,1.000"
X-3787,SIRT3,23410.0,MutNovel,"R21L,0.481"
X-3787,SLC35A4,113829.0,MutNovel,"R135Q,0.452"
X-3787,SLC5A2,6524.0,MutNovel,"G669S,0.495"
X-3787,SMARCA4,6597.0,MutNovel,"G83S,0.642"
X-3787,SMCR7L,54471.0,MutNovel,"R156Q,1.000"
X-3787,SMG6,23293.0,MutNovel,"Q693H,1.000"
X-3787,SMIM1,,MutNovel,"V8L,0.361"
X-3787,SMPD4,55627.0,MutNovel,"R745C,0.486"
X-3787,SNX27,81609.0,MutNovel,"E73K,0.500"
X-3787,SNX8,29886.0,MutNovel,"P8R,0.297"
X-3787,SNX9,51429.0,MutNovel,"V594A,1.000"
X-3787,SPAG8,26206.0,MutNovel,"GSGPG182G,0.417"
X-3787,SULT1A3,,MutNovel,"R9C,0.300"
X-3787,SUSD1,64420.0,MutNovel,"E228D,1.000"
X-3787,SUSD2,56241.0,MutNovel,"A91S,0.712"
X-3787,TBP,6908.0,MutNovel,"-64Q,0.314"
X-3787,TCEAL6,158931.0,MutKnownFunctional,"-175?,0.854"
X-3787,TGM2,7052.0,MutNovel,"D358G,0.404"
X-3787,TIE1,7075.0,MutNovel,"R415C,0.559"
X-3787,TMA16,,MutNovel,"V112I,1.000"
X-3787,TMEM14C,51522.0,MutNovel,"I26F,0.273"
X-3787,TMEM191C,645426.0,MutNovel,"T321I,0.778"
X-3787,TMEM221,100130519.0,MutNovel,"A151T,0.400"
X-3787,TNRC18,84629.0,MutNovel,"P346L,0.800"
X-3787,TNS1,7145.0,MutNovel,"ED8D,0.688"
X-3787,TNXB,7148.0,MutNovel,"M4002T,1.000"
X-3787,TOP2B,7155.0,MutNovel,"K407E,0.693"
X-3787,TP53,7157.0,MutNovel,"I251N,1.000"
X-3787,TRAPPC12,51112.0,MutNovel,"S52W,0.349"
X-3787,TRIM54,57159.0,MutNovel,"K172R,0.714"
X-3787,TSC22D4,81628.0,MutNovel,"G54S,0.700"
X-3787,TSPYL1,7259.0,MutNovel,"V176VW,0.858"
X-3787,UACA,55075.0,MutNovel,"C453G,1.000"
X-3787,UGT2B10,7365.0,MutNovel,"R250G,1.000"
X-3787,UPK3BL,,MutNovel,"R184H,0.216"
X-3787,VPS13C,54832.0,MutNovel,"V3117A,0.591"
X-3787,VPS13D,55187.0,MutNovel,"W465G,1.000"
X-3787,WDR60,55112.0,MutNovel,"R1051C,0.610"
X-3787,WIPI1,55062.0,MutNovel,"C19W,1.000"
X-3787,YAP1,10413.0,MutNovel,"T119I,0.260"
X-3787,YY1AP1,55249.0,MutNovel,"I680M,0.448"
X-3787,ZMYM6,9204.0,MutKnownFunctional,"S1210*,1.000"
X-3787,ZNF185,7739.0,MutNovel,"D428G,1.000"
X-3787,ZNF384,171017.0,MutNovel,"QQ514Q,0.492"
X-3787,ZNF469,84627.0,MutNovel,"Y1441C,1.000"
X-3787,ZNF503,84858.0,MutNovel,"GGG24G,0.279"
X-3787,ZNF642,339559.0,MutNovel,"VI236V,0.310"
X-3787,ZNF652,22834.0,MutKnownFunctional,"-114,0.571"
X-3787,ZNF717,100131827.0,MutNovel,"L89V,0.500"
X-3787,ZNF79,7633.0,MutNovel,"R35Q,1.000"
X-3811,ABCA1,19.0,MutNovel,"A1431E,0.647"
X-3811,ABR,29.0,MutNovel,"M382I,1.000"
X-3811,AGAP5,729092.0,MutNovel,"Q678R,1.000"
X-3811,AGRN,375790.0,MutNovel,"R1776H,0.524"
X-3811,AHNAK2,113146.0,MutNovel,"K4208E,1.000"
X-3811,AHNAK2,113146.0,MutNovel,"L4206V,0.875"
X-3811,AHNAK2,113146.0,MutNovel,"D3025H,1.000"
X-3811,AHNAK2,113146.0,MutNovel,"E3011D,1.000"
X-3811,AHNAK2,113146.0,MutNovel,"V2588I,1.000"
X-3811,AHNAK2,113146.0,MutNovel,"V2423I,1.000"
X-3811,AHNAK2,113146.0,MutNovel,"S2175M,0.714"
X-3811,AHNAK2,113146.0,MutNovel,"M2119S,0.909"
X-3811,AHNAK2,113146.0,MutNovel,"L2079F,1.000"
X-3811,AHNAK2,113146.0,MutNovel,"T2049A,1.000"
X-3811,AHNAK2,113146.0,MutNovel,"D1910E,1.000"
X-3811,AHNAK2,113146.0,MutNovel,"S1748C,0.667"
X-3811,AHNAK2,113146.0,MutNovel,"S1671L,1.000"
X-3811,AHNAK2,113146.0,MutNovel,"S1671L,1.000"
X-3811,AHNAK2,113146.0,MutNovel,"A1650D,1.000"
X-3811,AHNAK2,113146.0,MutNovel,"DM1478EL,1.000"
X-3811,AHNAK2,113146.0,MutNovel,"H1223Q,1.000"
X-3811,AHNAK2,113146.0,MutNovel,"E1221K,0.400"
X-3811,AHNAK2,113146.0,MutNovel,"E1134Q,1.000"
X-3811,AHNAK2,113146.0,MutNovel,"E825D,0.234"
X-3811,AIM2,9447.0,MutKnownFunctional,"-343?,0.462"
X-3811,AMIGO3,386724.0,MutNovel,"S23F,0.316"
X-3811,AP5B1,,MutNovel,"P86S,0.711"
X-3811,APC,324.0,MutKnownFunctional,"-1591?,0.273"
X-3811,ARHGEF16,27237.0,MutNovel,"V559A,0.431"
X-3811,ARHGEF2,9181.0,MutNovel,"T8P,0.474"
X-3811,ASMTL,8623.0,MutNovel,"N515S,1.000"
X-3811,ATG2A,23130.0,MutNovel,"P1388L,0.343"
X-3811,ATM,472.0,MutNovel,"P604S,0.652"
X-3811,B3GALT6,126792.0,MutNovel,"G37R,0.833"
X-3811,BASP1,10409.0,MutNovel,"P120S,0.848"
X-3811,BMP2K,55589.0,MutNovel,"Q460-,0.435"
X-3811,BZW2,28969.0,MutNovel,"T10R,0.238"
X-3811,C12orf51,283450.0,MutNovel,"T287I,1.000"
X-3811,C14orf80,283643.0,MutNovel,"L75V,1.000"
X-3811,C1D,10438.0,MutNovel,"E4G,0.409"
X-3811,C21orf58,54058.0,MutNovel,"H299PN,0.294"
X-3811,C5orf15,56951.0,MutNovel,"V103F,0.691"
X-3811,C8orf4,56892.0,MutNovel,"R17G,0.228"
X-3811,C8orf44,56260.0,MutKnownFunctional,"R70*,0.385"
X-3811,CCDC17,149483.0,MutNovel,"A130V,0.500"
X-3811,CCDC61,729440.0,MutNovel,"E319D,0.500"
X-3811,CCDC85B,11007.0,MutNovel,"P154A,0.503"
X-3811,CD276,80381.0,MutNovel,"R329S,0.282"
X-3811,CDK12,51755.0,MutNovel,"H369R,1.000"
X-3811,CDKL1,8814.0,MutNovel,"P43S,0.417"
X-3811,CHD6,84181.0,MutNovel,"L1764F,0.484"
X-3811,COL18A1,80781.0,MutNovel,"FL1081F,0.521"
X-3811,CTSA,5476.0,MutNovel,"L29-,0.385"
X-3811,CUL4A,8451.0,MutNovel,"S184R,0.875"
X-3811,DAB2IP,153090.0,MutNovel,"F81S,0.240"
X-3811,DDX10,1662.0,MutNovel,"V490L,0.243"
X-3811,DDX10,1662.0,MutNovel,"S780SDD,0.350"
X-3811,DENND4B,9909.0,MutNovel,"QQQ908-,0.639"
X-3811,DNAJC21,134218.0,MutNovel,"V418A,0.750"
X-3811,DVL3,1857.0,MutKnownFunctional,"-658,0.528"
X-3811,EML2,24139.0,MutNovel,"E166V,0.500"
X-3811,EPB41L1,2036.0,MutNovel,"T749M,0.358"
X-3811,EPHX3,79852.0,MutNovel,"R53S,0.875"
X-3811,EVC,2121.0,MutNovel,"E89G,1.000"
X-3811,FABP6,2172.0,MutNovel,"L70H,0.775"
X-3811,FAM134A,79137.0,MutNovel,"-386EE,0.303"
X-3811,FAM153A,285596.0,MutNovel,"V186G,1.000"
X-3811,FAM21B,55747.0,MutNovel,"A803S,1.000"
X-3811,FAM83H,286077.0,MutNovel,"P876L,0.822"
X-3811,FAM86B2,653333.0,MutNovel,"R285S,0.400"
X-3811,FAM86B2,653333.0,MutNovel,"P276S,0.500"
X-3811,FBRSL1,57666.0,MutNovel,"R842H,1.000"
X-3811,FBXO3,26273.0,MutNovel,"D102E,0.720"
X-3811,FLG,2312.0,MutNovel,"Q3042R,1.000"
X-3811,FLG,2312.0,MutNovel,"S2369T,0.513"
X-3811,FLG,2312.0,MutNovel,"A1938V,0.355"
X-3811,FLG,2312.0,MutNovel,"Q650G,0.220"
X-3811,FOXC1,2296.0,MutNovel,"HGGG446H,0.400"
X-3811,FRAS1,80144.0,MutNovel,"L2235F,0.800"
X-3811,FZD1,8321.0,MutNovel,"A64T,0.714"
X-3811,GAK,2580.0,MutNovel,"V828M,0.996"
X-3811,GDF15,9518.0,MutNovel,"S48I,0.532"
X-3811,GIGYF2,26058.0,MutNovel,"PQ1231P,0.321"
X-3811,GJD3,125111.0,MutNovel,"K215N,1.000"
X-3811,GON4L,54856.0,MutNovel,"D1474Y,0.467"
X-3811,GTF2IRD2B,389524.0,MutNovel,"G211S,0.212"
X-3811,GXYLT2,727936.0,MutNovel,"I225F,0.588"
X-3811,H6PD,9563.0,MutNovel,"P434L,0.466"
X-3811,HERC2,8924.0,MutNovel,"G3797V,0.537"
X-3811,HLA-C,3107.0,MutNovel,"EW190DG,0.599"
X-3811,HLA-G,3135.0,MutNovel,"N175R,1.000"
X-3811,HMHA1,23526.0,MutNovel,"V1025A,1.000"
X-3811,HOXD8,3234.0,MutNovel,"A70AHP,0.217"
X-3811,HTATIP2,10553.0,MutNovel,"-9AA,0.255"
X-3811,HYDIN,54768.0,MutNovel,"R4868Q,1.000"
X-3811,HYDIN,54768.0,MutNovel,"M4138I,1.000"
X-3811,HYDIN,54768.0,MutNovel,"D1529Y,0.750"
X-3811,IGFLR1,79713.0,MutNovel,"R138L,0.692"
X-3811,IP6K2,51447.0,MutNovel,"S18F,0.484"
X-3811,IRF2BP2,359948.0,MutNovel,"-99S,0.720"
X-3811,ISPD,729920.0,MutNovel,"P11R,0.667"
X-3811,KANK2,25959.0,MutNovel,"E495D,0.214"
X-3811,KDM5C,8242.0,MutNovel,"T1001I,0.599"
X-3811,KIAA0020,9933.0,MutNovel,"R289A,1.000"
X-3811,KIAA1549,57670.0,MutNovel,"R1937W,0.545"
X-3811,KIAA1609,57707.0,MutNovel,"Q434H,1.000"
X-3811,KLRG2,346689.0,MutNovel,"K152E,0.429"
X-3811,LETM1,3954.0,MutNovel,"I4M,1.000"
X-3811,LHX1,3975.0,MutNovel,"P378L,1.000"
X-3811,LIF,3976.0,MutNovel,"R34C,0.532"
X-3811,LMF1,64788.0,MutNovel,"V66L,0.614"
X-3811,LOC100130705,100130705.0,MutNovel,"P142L,0.429"
X-3811,LOC100132247,100132247.0,MutNovel,"K493N,0.256"
X-3811,LOC100287482,100287482.0,MutNovel,"A39T,0.556"
X-3811,LOC100996515,,MutNovel,"W74C,0.417"
X-3811,LOC100996516,,MutKnownFunctional,"W23*,0.867"
X-3811,LOC643699,,MutNovel,"P416S,0.500"
X-3811,LRP6,4040.0,MutNovel,"D1315H,0.276"
X-3811,LRRC37A,9884.0,MutNovel,"R785Q,1.000"
X-3811,LRRC43,254050.0,MutNovel,"K518E,1.000"
X-3811,LRRC8E,80131.0,MutNovel,"E181R,0.333"
X-3811,MAGEC1,9947.0,MutNovel,"V307T,0.667"
X-3811,MAGEC1,9947.0,MutNovel,"L318I,1.000"
X-3811,MAGEC1,9947.0,MutNovel,"H397Q,0.211"
X-3811,MAGEC1,9947.0,MutNovel,"P407L,0.222"
X-3811,MAGI1,9223.0,MutNovel,"Q421HSR,0.259"
X-3811,MCM3AP,8888.0,MutNovel,"V1576I,0.694"
X-3811,MED14,9282.0,MutNovel,"P32L,0.667"
X-3811,METRN,79006.0,MutNovel,"R22H,0.502"
X-3811,MON1A,84315.0,MutNovel,"FF500F,0.368"
X-3811,MPDZ,8777.0,MutNovel,"M1895L,0.519"
X-3811,MTERFD2,130916.0,MutNovel,"N356-,0.318"
X-3811,MTERFD2,130916.0,MutNovel,"EDD343D,0.276"
X-3811,MUC16,94025.0,MutNovel,"L3084V,1.000"
X-3811,MUC20,200958.0,MutNovel,"F12-,0.218"
X-3811,MUC20,200958.0,MutNovel,"P266S,0.388"
X-3811,MUC4,4585.0,MutNovel,"S4088P,0.456"
X-3811,MUC4,4585.0,MutNovel,"L4065I,0.351"
X-3811,MUC4,4585.0,MutNovel,"P4050T,0.538"
X-3811,MUC4,4585.0,MutNovel,"A4025V,0.351"
X-3811,MUC4,4585.0,MutNovel,"R3920H,0.347"
X-3811,MUC4,4585.0,MutNovel,"P3846V,1.000"
X-3811,MUC4,4585.0,MutNovel,"P3826L,0.867"
X-3811,MUC4,4585.0,MutNovel,"P3362S,1.000"
X-3811,MUC4,4585.0,MutNovel,"L3314H,1.000"
X-3811,MUC4,4585.0,MutNovel,"V3251I,1.000"
X-3811,MUC4,4585.0,MutNovel,"V2947D,0.400"
X-3811,MUC4,4585.0,MutNovel,"P2594H,1.000"
X-3811,MUC4,4585.0,MutNovel,"A2542T,1.000"
X-3811,MUC4,4585.0,MutNovel,"V2361A,0.750"
X-3811,MUC4,4585.0,MutNovel,"H2349Q,0.875"
X-3811,MUC4,4585.0,MutNovel,"A1134T,0.604"
X-3811,MUC4,4585.0,MutNovel,"T1022A,0.750"
X-3811,NAA25,80018.0,MutNovel,"A68V,1.000"
X-3811,NBPF1,55672.0,MutNovel,"E821Q,0.227"
X-3811,NBPF1,55672.0,MutNovel,"DK405EE,0.556"
X-3811,NBPF1,55672.0,MutNovel,"R36G,0.231"
X-3811,NBPF15,284565.0,MutNovel,"V176A,0.500"
X-3811,NBPF16,728936.0,MutNovel,"P669T,0.500"
X-3811,NBPF9,400818.0,MutNovel,"G580E,0.500"
X-3811,NCOA3,8202.0,MutNovel,"Q1264-,0.274"
X-3811,NCOR2,9612.0,MutNovel,"G1839GAAA,0.619"
X-3811,NF1,4763.0,MutKnownFunctional,"-39,0.889"
X-3811,NIN,51199.0,MutNovel,"I1316V,0.727"
X-3811,NOL3,8996.0,MutNovel,"N163NRS,0.727"
X-3811,NOMO3,408050.0,MutNovel,"V580A,1.000"
X-3811,NPB,256933.0,MutNovel,"A62V,1.000"
X-3811,NPIPL3,23117.0,MutNovel,"P845L,0.882"
X-3811,NR1H2,7376.0,MutNovel,"-173Q,0.381"
X-3811,OBP2B,29989.0,MutNovel,"P168L,0.556"
X-3811,OBP2B,29989.0,MutNovel,"R149H,0.810"
X-3811,OBP2B,29989.0,MutNovel,"G130A,0.700"
X-3811,ORAI1,84876.0,MutNovel,"PP43-,0.840"
X-3811,PCDH12,51294.0,MutNovel,"R1182TAAG,0.625"
X-3811,PCDHB10,56126.0,MutNovel,"A600V,1.000"
X-3811,PCDHB10,56126.0,MutNovel,"R652C,1.000"
X-3811,PCNT,5116.0,MutNovel,"V1655L,0.407"
X-3811,PDLIM5,10611.0,MutNovel,"A102T,0.333"
X-3811,PHACTR4,65979.0,MutKnownFunctional,"-61?,0.328"
X-3811,PHLDA1,22822.0,MutNovel,"QQ194Q,0.562"
X-3811,PIF1,80119.0,MutNovel,"F77L,0.667"
X-3811,PINX1,54984.0,MutNovel,"KK324K,0.889"
X-3811,PKP3,11187.0,MutNovel,"E792D,1.000"
X-3811,PLA2G10,8399.0,MutNovel,"CY91Y,0.286"
X-3811,PNCK,139728.0,MutNovel,"Q370H,0.714"
X-3811,PPP1R18,,MutNovel,"Q101RK,0.622"
X-3811,PPP1R3F,89801.0,MutNovel,"A79P,1.000"
X-3811,PPP2R3B,28227.0,MutNovel,"R546H,1.000"
X-3811,PROM2,150696.0,MutNovel,"R767C,0.424"
X-3811,PVRL2,5819.0,MutNovel,"V357G,0.393"
X-3811,PWP2,5822.0,MutNovel,"N770S,0.686"
X-3811,QSER1,79832.0,MutNovel,"L392F,0.213"
X-3811,QSER1,79832.0,MutNovel,"S395L,0.295"
X-3811,RAB36,9609.0,MutNovel,"R303Q,0.625"
X-3811,RBMX,27316.0,MutNovel,"R6G,0.390"
X-3811,RFX7,64864.0,MutNovel,"P300A,0.795"
X-3811,RIN3,79890.0,MutNovel,"G967-,0.417"
X-3811,RNF114,55905.0,MutNovel,"K112T,0.497"
X-3811,RP1L1,94137.0,MutNovel,"G1335R,1.000"
X-3811,RPS17L,,MutNovel,"M105R,0.812"
X-3811,SAA2,6289.0,MutNovel,"R108K,0.471"
X-3811,SAA2,6289.0,MutNovel,"K102E,0.375"
X-3811,SACS,26278.0,MutNovel,"A1373L,0.800"
X-3811,SALL4,57167.0,MutNovel,"D762N,0.500"
X-3811,SAMD9,54809.0,MutKnownFunctional,"-1217?,0.493"
X-3811,SDE2,,MutNovel,"P439L,0.266"
X-3811,SENP6,26054.0,MutNovel,"N670S,0.456"
X-3811,SETD8,387893.0,MutKnownFunctional,"-63,0.927"
X-3811,SF3B2,10992.0,MutNovel,"Q14P,0.430"
X-3811,SGK223,157285.0,MutNovel,"E1112D,1.000"
X-3811,SH2B2,10603.0,MutNovel,"G525S,0.909"
X-3811,SH3GLB1,51100.0,MutKnownFunctional,"Y208*,0.211"
X-3811,SHROOM4,57477.0,MutNovel,"R933Q,1.000"
X-3811,SLC26A9,115019.0,MutNovel,"V411L,0.700"
X-3811,SMARCAL1,50485.0,MutNovel,"F605L,0.588"
X-3811,SMARCC2,6601.0,MutNovel,"P348A,0.451"
X-3811,SMG7,9887.0,MutNovel,"Y356YN,0.407"
X-3811,SPAG11B,10407.0,MutNovel,"H84R,1.000"
X-3811,TAX1BP1,8887.0,MutNovel,"A532T,0.232"
X-3811,TCIRG1,10312.0,MutNovel,"-759GL,0.772"
X-3811,TG,7038.0,MutNovel,"M2656L,1.000"
X-3811,TIGD1,200765.0,MutNovel,"S143N,0.353"
X-3811,TLCD2,727910.0,MutNovel,"R247H,1.000"
X-3811,TLK2,11011.0,MutNovel,"R262Q,0.232"
X-3811,TMEM183B,,MutKnownFunctional,"-116?,0.545"
X-3811,TMTC1,83857.0,MutKnownFunctional,"-382,0.923"
X-3811,TNKS1BP1,85456.0,MutNovel,"C1443Y,0.678"
X-3811,TNKS1BP1,85456.0,MutNovel,"L1348F,0.677"
X-3811,TNNI3,7137.0,MutNovel,"E66Q,0.629"
X-3811,TP53,7157.0,MutKnownFunctional,"R196*,1.000"
X-3811,TRIM17,51127.0,MutKnownFunctional,"-326?,0.778"
X-3811,TRIM41,90933.0,MutNovel,"REE61R,0.435"
X-3811,TRIM73,,MutKnownFunctional,"R163*,1.000"
X-3811,TRIOBP,11078.0,MutNovel,"R726Q,1.000"
X-3811,TSPYL1,7259.0,MutNovel,"V176VW,0.819"
X-3811,TULP3,7289.0,MutKnownFunctional,"G471*,0.298"
X-3811,UBAC2,337867.0,MutNovel,"T174A,0.844"
X-3811,UBE2J2,118424.0,MutNovel,"W50C,1.000"
X-3811,UNKL,64718.0,MutNovel,"G348A,0.318"
X-3811,VPS51,,MutNovel,"G383R,0.675"
X-3811,WASH1,100287171.0,MutNovel,"P152A,0.233"
X-3811,WBSCR16,81554.0,MutNovel,"N268D,0.833"
X-3811,XDH,7498.0,MutNovel,"D701V,0.815"
X-3811,ZBTB17,7709.0,MutNovel,"E258A,0.361"
X-3811,ZBTB47,92999.0,MutNovel,"D283E,0.533"
X-3811,ZDHHC11B,,MutNovel,"D540H,1.000"
X-3811,ZFHX2,85446.0,MutNovel,"T2133N,0.600"
X-3811,ZNF443,10224.0,MutNovel,"D292V,0.280"
X-3811,ZNF587,84914.0,MutNovel,"E189A,0.226"
X-3811,ZNF638,27332.0,MutNovel,"N1268S,0.610"
X-3811,ZNF737,100129842.0,MutNovel,"Y285H,0.476"
X-3811,ZP3,7784.0,MutNovel,"S315P,0.367"
X-3811,ZXDA,7789.0,MutNovel,"P47L,1.000"
X-3861,ABHD6,57406.0,Del0.8,0.73
X-3861,ACOT1,641371.0,Del0.8,0.65
X-3861,ACOX2,8309.0,Del0.8,0.73
X-3861,ACPL2,92370.0,Amp5,5.58
X-3861,ACSS2,55902.0,Amp5,6.02
X-3861,ACTR8,93973.0,Del0.8,0.74
X-3861,ADA,100.0,Amp5,6.41
X-3861,ADAMTS9,56999.0,Del0.8,0.75
X-3861,ADAMTS9-AS2,100507098.0,Del0.8,0.75
X-3861,ADNP,23394.0,Amp5,5.06
X-3861,AHCY,191.0,Amp5,6.02
X-3861,ALS2CL,259173.0,Del0.8,0.78
X-3861,AMELY,266.0,Del0.8,0.26
X-3861,AMY1A,276.0,Del0.8,0.45
X-3861,AMY1A,276.0,Del0.8,0.77
X-3861,ANKRD36,375248.0,MutNovel,"T998S,0.500"
X-3861,ANKS3,124401.0,MutNovel,"SS334S,0.310"
X-3861,APBA3,9546.0,MutNovel,"R465H,1.000"
X-3861,APPL1,26060.0,Del0.8,0.73
X-3861,ARF4,378.0,Del0.8,0.73
X-3861,ARHGEF11,9826.0,MutNovel,"Q161R,0.857"
X-3861,ARHGEF12,23365.0,MutNovel,"C1496S,0.621"
X-3861,ARHGEF3,50650.0,Del0.8,0.73
X-3861,ARL11,115761.0,Del0.8,0.77
X-3861,ARL5C,390790.0,Amp5,5.28
X-3861,ARL6IP5,10550.0,Del0.8,0.75
X-3861,ARSA,410.0,MutNovel,"A115D,0.556"
X-3861,ARX,170302.0,Del0.8,0.7
X-3861,ASB14,142686.0,Del0.8,0.73
X-3861,ASIP,434.0,Amp5,6.02
X-3861,ATP1B3,483.0,Amp5,5.58
X-3861,ATP9A,10079.0,Amp5,5.06
X-3861,ATR,545.0,Amp5,5.58
X-3861,ATRIP,84126.0,Del0.8,0.79
X-3861,ATXN7,6314.0,Del0.8,0.75
X-3861,ATXN8OS,6315.0,Del0.8,0.75
X-3861,AVEN,57099.0,MutNovel,"E285-,0.644"
X-3861,B4GALT5,9334.0,MutNovel,"Q202E,0.455"
X-3861,B4GALT5,9334.0,Amp5,6.63
X-3861,BCAR4,400500.0,Amp5,5.03
X-3861,BCAS4,55653.0,Amp5,6.73
X-3861,BCAT1,586.0,Amp5,5.13
X-3861,BCORP1,286554.0,Del0.8,0.23
X-3861,BIVM,54841.0,Del0.8,0.73
X-3861,BIVM-ERCC5,100533467.0,Del0.8,0.73
X-3861,BLCAP,10904.0,Amp5,6.19
X-3861,BORA,79866.0,Del0.8,0.75
X-3861,BPI,671.0,Amp5,6.19
X-3861,BPY2B,442867.0,Del0.8,0.12
X-3861,BPY2B,442867.0,Del0.8,0.18
X-3861,BRD9,65980.0,MutNovel,"H100Q,0.440"
X-3861,C12orf77,196415.0,Amp5,5.13
X-3861,C16orf72,29035.0,MutNovel,"R122Q,0.478"
X-3861,C20orf111,51526.0,Amp5,6.41
X-3861,C20orf118,140711.0,Amp5,6.02
X-3861,C20orf132,140699.0,Amp5,6.19
X-3861,C20orf151,140893.0,Amp5,5.17
X-3861,C20orf152,140894.0,Amp5,6.02
X-3861,C20orf166,128826.0,Amp5,5.17
X-3861,C20orf166-AS1,253868.0,Amp5,5.17
X-3861,C20orf173,140873.0,Amp5,6.02
X-3861,C20orf24,55969.0,Amp5,6.02
X-3861,C20orf4,25980.0,Amp5,6.02
X-3861,C3orf14,57415.0,Del0.8,0.71
X-3861,C3orf49,132200.0,Del0.8,0.75
X-3861,C3orf67,200844.0,Del0.8,0.73
X-3861,C3orf75,54859.0,Del0.8,0.79
X-3861,C9orf53,51198.0,Del0.8,0.28
X-3861,CABLES2,81928.0,Amp5,5.17
X-3861,CACNA1D,776.0,Del0.8,0.74
X-3861,CACNA2D3,55799.0,Del0.8,0.74
X-3861,CACNB1,782.0,Amp5,5.28
X-3861,CADPS,8618.0,Del0.8,0.71
X-3861,CAMP,820.0,Del0.8,0.79
X-3861,CASC1,55259.0,Amp5,5.13
X-3861,CASC3,22794.0,Amp5,5.28
X-3861,CCDC12,151903.0,Del0.8,0.79
X-3861,CCDC168,643677.0,Del0.8,0.73
X-3861,CCDC51,79714.0,Del0.8,0.79
X-3861,CCDC66,285331.0,Del0.8,0.73
X-3861,CCR1,1230.0,Del0.8,0.78
X-3861,CCR2,729230.0,Del0.8,0.78
X-3861,CCR3,1232.0,Del0.8,0.78
X-3861,CCR5,1234.0,Del0.8,0.78
X-3861,CCR9,10803.0,Del0.8,0.78
X-3861,CCRL2,9034.0,Del0.8,0.78
X-3861,CDC25A,993.0,Del0.8,0.79
X-3861,CDC42EP1,11135.0,MutNovel,"PAPAANPS253P,0.215"
X-3861,CDC6,990.0,Amp5,5.28
X-3861,CDCP1,64866.0,Del0.8,0.78
X-3861,CDK12,51755.0,Amp5,5.28
X-3861,CDKN2A,1029.0,Del0.8,0.28
X-3861,CDKN2B,1030.0,Del0.8,0.41
X-3861,CDY1B,253175.0,Del0.8,0.23
X-3861,CDY1B,253175.0,Del0.8,0.18
X-3861,CDY2A,9426.0,Del0.8,0.23
X-3861,CDY2A,9426.0,Del0.8,0.23
X-3861,CDY2B,203611.0,Del0.8,0.23
X-3861,CDY2B,203611.0,Del0.8,0.23
X-3861,CEBPB,1051.0,Amp8,8.88
X-3861,CEP250,11190.0,Amp5,6.02
X-3861,CHDH,55349.0,Del0.8,0.74
X-3861,CLDN3,1365.0,MutNovel,"A127T,0.328"
X-3861,CLEC3B,7123.0,Del0.8,0.78
X-3861,CLK4,57396.0,MutNovel,"N40S,1.000"
X-3861,CLSTN2,64084.0,Amp5,5.24
X-3861,CNPY3,10695.0,MutNovel,"LLL17L,0.220"
X-3861,CNTN3,5067.0,Del0.8,0.71
X-3861,COG6,57511.0,Amp5,7.01
X-3861,COPB2,9276.0,Amp5,5.24
X-3861,COX5A,9377.0,MutNovel,"S25C,0.915"
X-3861,CPNE1,8904.0,Amp5,6.02
X-3861,CPPED1,55313.0,Amp5,5.03
X-3861,CREB3L4,148327.0,MutNovel,"D233G,0.304"
X-3861,CSF3,1440.0,Amp5,5.28
X-3861,CSPG4P1Y,114758.0,Del0.8,0.23
X-3861,CSPG4P1Y,114758.0,Del0.8,0.18
X-3861,CSPG5,10675.0,Del0.8,0.79
X-3861,CTAGE10P,220429.0,Del0.8,0.77
X-3861,CTNNBL1,56259.0,Amp5,6.19
X-3861,CTSA,5476.0,MutNovel,"L29-,0.881"
X-3861,CXCR6,10663.0,Del0.8,0.78
X-3861,CYSLTR2,57105.0,Del0.8,0.75
X-3861,DACH1,1602.0,Del0.8,0.75
X-3861,DAZ1,1617.0,Del0.8,0.23
X-3861,DAZ2,57055.0,Del0.8,0.21
X-3861,DAZ3,57054.0,Del0.8,0.18
X-3861,DAZ3,57054.0,Del0.8,0.2
X-3861,DAZ4,57135.0,Del0.8,0.19
X-3861,DAZ4,57135.0,Del0.8,0.21
X-3861,DCP1A,55802.0,Del0.8,0.74
X-3861,DDX3Y,8653.0,Del0.8,0.23
X-3861,DHX30,22907.0,Del0.8,0.79
X-3861,DIS3,22894.0,Del0.8,0.75
X-3861,DLEU1,10301.0,Del0.8,0.77
X-3861,DLEU2,8847.0,Del0.8,0.77
X-3861,DLEU7,220107.0,Del0.8,0.77
X-3861,DLGAP4,22839.0,Amp5,6.02
X-3861,DNAH12,201625.0,Del0.8,0.73
X-3861,DNAJC4,3338.0,MutNovel,"P70S,0.643"
X-3861,DNASE1L3,1776.0,Del0.8,0.73
X-3861,DPM1,8813.0,Amp5,5.06
X-3861,DSN1,79980.0,Amp5,6.02
X-3861,DYNLRB1,83658.0,Amp5,6.02
X-3861,EBLN2,55096.0,Del0.8,0.71
X-3861,EBPL,84650.0,Del0.8,0.77
X-3861,EDEM2,55741.0,Amp5,6.02
X-3861,EEF1A2,1917.0,MutNovel,"T104M,0.396"
X-3861,EIF1AY,9086.0,Del0.8,0.23
X-3861,EIF4E3,317649.0,Del0.8,0.75
X-3861,EIF6,3692.0,Amp5,6.02
X-3861,ENO4,387712.0,Del0.8,0.74
X-3861,EPB41L1,2036.0,Amp5,6.02
X-3861,ERBB2,2064.0,Amp5,5.28
X-3861,ERCC5,2073.0,Del0.8,0.73
X-3861,ERGIC3,51614.0,Amp5,6.02
X-3861,ESD,2098.0,Del0.8,0.76
X-3861,ESRG,790952.0,Del0.8,0.74
X-3861,EXOSC7,23016.0,Del0.8,0.63
X-3861,FAM107A,11170.0,Del0.8,0.73
X-3861,FAM116A,201627.0,Del0.8,0.73
X-3861,FAM197Y2P,252946.0,Del0.8,0.05
X-3861,FAM19A1,407738.0,Del0.8,0.75
X-3861,FAM19A4,151647.0,Del0.8,0.75
X-3861,FAM208A,23272.0,Del0.8,0.73
X-3861,FAM3D,131177.0,Del0.8,0.73
X-3861,FAM41AY1,340618.0,Del0.8,0.23
X-3861,FAM41AY1,340618.0,Del0.8,0.23
X-3861,FAM65C,140876.0,Amp8,8.88
X-3861,FAM83C,128876.0,Amp5,6.02
X-3861,FBXL20,84961.0,Amp5,5.28
X-3861,FBXW12,285231.0,Del0.8,0.79
X-3861,FER1L4,80307.0,Amp5,6.02
X-3861,FEZF2,55079.0,Del0.8,0.71
X-3861,FGF14,2259.0,Del0.8,0.73
X-3861,FGF14-IT1,283480.0,Del0.8,0.73
X-3861,FHIT,2272.0,Del0.8,0.27
X-3861,FITM2,128486.0,Amp5,6.41
X-3861,FLJ39534,285352.0,Del0.8,0.79
X-3861,FLNB,2317.0,Del0.8,0.73
X-3861,FOXP1,27086.0,Del0.8,0.75
X-3861,FRMD4B,23150.0,Del0.8,0.75
X-3861,FYCO1,79443.0,Del0.8,0.78
X-3861,GATA5,140628.0,Amp5,5.17
X-3861,GBE1,2632.0,Del0.8,0.69
X-3861,GDAP1L1,78997.0,Amp5,6.41
X-3861,GDF5,8200.0,Amp5,6.02
X-3861,GGT7,2686.0,Amp5,6.02
X-3861,GHRH,2691.0,Amp5,6.19
X-3861,GK5,256356.0,Amp5,5.58
X-3861,GOLGA2P2Y,84559.0,Del0.8,0.23
X-3861,GOLGA2P2Y,84559.0,Del0.8,0.18
X-3861,GPR27,2850.0,Del0.8,0.75
X-3861,GPRIN2,9721.0,MutNovel,"-238MRE,0.385"
X-3861,GRB7,2886.0,Amp5,5.28
X-3861,GRK7,131890.0,Amp5,5.58
X-3861,GSDMA,284110.0,Amp5,5.28
X-3861,GSDMB,55876.0,Amp5,5.28
X-3861,GSPT1,2935.0,Amp5,5.03
X-3861,GSS,2937.0,Amp5,6.02
X-3861,GSTT1,2952.0,Amp5,6.02
X-3861,GSTT2,2953.0,Del0.8,0.74
X-3861,GSTTP1,25774.0,Del0.8,0.74
X-3861,GUCY1B2,2974.0,Del0.8,0.77
X-3861,GXYLT2,727936.0,Del0.8,0.71
X-3861,GYG2P1,352887.0,Del0.8,0.23
X-3861,HESX1,8820.0,Del0.8,0.73
X-3861,HIPK2,28996.0,MutNovel,"G1099S,0.462"
X-3861,HLA-DPB1,3115.0,MutNovel,"G113V,1.000"
X-3861,HMGB3P1,128872.0,Amp5,6.02
X-3861,HNF1A,6927.0,MutNovel,"P325A,0.889"
X-3861,HNF4A,3172.0,Amp5,6.41
X-3861,HSFY2,159119.0,Del0.8,0.23
X-3861,HSFY2,159119.0,Del0.8,0.23
X-3861,HSPBP1,23640.0,MutNovel,"G25V,0.480"
X-3861,HTR2A,3356.0,Del0.8,0.76
X-3861,IFLTD1,160492.0,Amp5,5.9
X-3861,IGF2R,3482.0,MutNovel,"K1433E,0.600"
X-3861,IGFN1,91156.0,MutNovel,"S1583G,0.600"
X-3861,IGSF3,3321.0,MutNovel,"D1041G,1.000"
X-3861,IKZF3,22806.0,Amp5,5.28
X-3861,IL17RB,55540.0,Del0.8,0.74
X-3861,IL17RD,54756.0,Del0.8,0.73
X-3861,ING5,84289.0,MutNovel,"E20K,0.727"
X-3861,ITCH,83737.0,Amp5,6.02
X-3861,ITGBL1,9358.0,Del0.8,0.73
X-3861,ITM2B,9445.0,Del0.8,0.75
X-3861,JDP2,122953.0,MutNovel,"A7T,0.750"
X-3861,KBTBD8,84541.0,Del0.8,0.75
X-3861,KCNG1,3755.0,Amp5,5.06
X-3861,KCNK15,60598.0,Amp5,6.41
X-3861,KCNRG,283518.0,Del0.8,0.77
X-3861,KCNS1,3787.0,Amp5,6.41
X-3861,KCTD6,200845.0,Del0.8,0.73
X-3861,KDELC1,79070.0,Del0.8,0.73
X-3861,KDM5A,5927.0,MutNovel,"G1354V,0.400"
X-3861,KDM5D,8284.0,Del0.8,0.23
X-3861,KIAA0226L,80183.0,Del0.8,0.76
X-3861,KIAA1755,85449.0,Amp5,6.19
X-3861,KIF9,64147.0,Del0.8,0.79
X-3861,KLHL1,57626.0,Del0.8,0.75
X-3861,KLHL18,23276.0,Del0.8,0.79
X-3861,KLK6,5653.0,MutNovel,"P200L,0.770"
X-3861,KPNA3,3839.0,Del0.8,0.77
X-3861,KRAS,3845.0,MutKnownFunctional,"G12D,0.632"
X-3861,KRAS,3845.0,Amp5,5.66
X-3861,KRT14,3861.0,MutNovel,"A197V,1.000"
X-3861,KRT5,3852.0,MutNovel,"L449Q,1.000"
X-3861,KRT75,9119.0,MutNovel,"I440V,1.000"
X-3861,LAMA5,3911.0,Amp5,5.17
X-3861,LAMC2,3918.0,MutNovel,"G1110D,0.240"
X-3861,LARS2,23395.0,Del0.8,0.78
X-3861,LBP,3929.0,Amp5,6.19
X-3861,LIMD1,8994.0,Del0.8,0.78
X-3861,LMOD3,56203.0,Del0.8,0.75
X-3861,LOC100127888,100127888.0,Amp5,5.17
X-3861,LOC100131347,100131347.0,Amp5,5.28
X-3861,LOC100132146,100132146.0,Del0.8,0.78
X-3861,LOC100287792,100287792.0,Amp5,6.19
X-3861,LOC100287879,100287879.0,Del0.8,0.75
X-3861,LOC100505783,100505783.0,Amp5,6.41
X-3861,LOC100506994,100506994.0,Del0.8,0.71
X-3861,LOC100996541,,MutNovel,"R104C,0.429"
X-3861,LOC201617,201617.0,Del0.8,0.75
X-3861,LOC283481,283481.0,Del0.8,0.73
X-3861,LOC284751,284751.0,Amp8,8.88
X-3861,LOC388796,388796.0,Amp5,6.19
X-3861,LOC391322,391322.0,Amp5,6.02
X-3861,LOC647979,647979.0,Amp5,6.02
X-3861,LOC728888,,MutNovel,"R1120G,0.267"
X-3861,LOC79015,79015.0,Amp5,6.41
X-3861,LPAR6,10161.0,Del0.8,0.75
X-3861,LRCH1,23143.0,Del0.8,0.76
X-3861,LRIG1,26018.0,Del0.8,0.75
X-3861,LRMP,4033.0,Amp5,5.13
X-3861,LRRC2,79442.0,Del0.8,0.78
X-3861,LRRC3C,100505591.0,Amp5,5.28
X-3861,LRTM1,57408.0,Del0.8,0.74
X-3861,LSR,51599.0,MutNovel,"G518GR,0.434"
X-3861,LTF,4057.0,Del0.8,0.78
X-3861,LYRM5,144363.0,Amp5,5.13
X-3861,LZIC,84328.0,MutNovel,"G142V,0.437"
X-3861,LZTFL1,54585.0,Del0.8,0.78
X-3861,MACROD2-AS1,100379174.0,Del0.8,0.7
X-3861,MAGI1,9223.0,Del0.8,0.75
X-3861,MANBAL,63905.0,Amp5,6.19
X-3861,MAP1LC3A,84557.0,Amp5,6.02
X-3861,MAP4,4134.0,Del0.8,0.79
X-3861,MED1,5469.0,Amp5,5.28
X-3861,MED24,9862.0,Amp5,5.28
X-3861,MED4,29079.0,Del0.8,0.75
X-3861,METTL21C,196541.0,Del0.8,0.73
X-3861,MIEN1,84299.0,Amp5,5.28
X-3861,MIR1-1,406904.0,Amp5,5.17
X-3861,MIR1226,100302232.0,Del0.8,0.79
X-3861,MIR1284,100302112.0,Del0.8,0.75
X-3861,MIR1297,100302187.0,Del0.8,0.73
X-3861,MIR133A2,406923.0,Amp5,5.17
X-3861,MIR16-1,406950.0,Del0.8,0.77
X-3861,MIR2681,100616110.0,Del0.8,0.73
X-3861,MIR3136,100422859.0,Del0.8,0.75
X-3861,MIR3194,100422889.0,Amp5,5.06
X-3861,MIR3613,100500908.0,Del0.8,0.77
X-3861,MIR3646,100500813.0,Amp5,6.41
X-3861,MIR4272,100422941.0,Del0.8,0.75
X-3861,MIR4305,100422940.0,Amp8,8.46
X-3861,MIR4443,100616407.0,Del0.8,0.79
X-3861,MIR4705,100616239.0,Del0.8,0.73
X-3861,MIR4718,100616195.0,Amp5,5.03
X-3861,MIR4728,100616132.0,Amp5,5.28
X-3861,MIR4758,100616340.0,Amp5,5.17
X-3861,MIR499A,574501.0,Amp5,6.02
X-3861,MIR499B,100616134.0,Amp5,6.02
X-3861,MIR548A2,693126.0,Del0.8,0.75
X-3861,MIR644A,693229.0,Amp5,6.02
X-3861,MIR645,693230.0,Amp8,8.88
X-3861,MITF,4286.0,Del0.8,0.75
X-3861,MMP24,10893.0,Amp5,6.02
X-3861,MOCS3,27304.0,Amp5,5.06
X-3861,MRPS22,56945.0,Amp5,5.24
X-3861,MSL1,339287.0,Amp5,5.28
X-3861,MTAP,4507.0,Del0.8,0.23
X-3861,MUC5B,727897.0,MutNovel,"R2768P,0.800"
X-3861,MUC5B,727897.0,MutNovel,"S3242C,0.243"
X-3861,MYH7B,57644.0,Amp5,6.02
X-3861,MYL3,4634.0,Del0.8,0.79
X-3861,MYL9,10398.0,Amp5,6.02
X-3861,MYO7A,4647.0,MutKnownFunctional,"-1172,1.000"
X-3861,MZT1,440145.0,Del0.8,0.75
X-3861,NBEAL2,23218.0,Del0.8,0.79
X-3861,NCOA6,23054.0,Amp5,6.02
X-3861,NCRNA00185,55410.0,Del0.8,0.23
X-3861,NDRG3,57446.0,Amp5,6.02
X-3861,NEUROD2,4761.0,Amp5,5.28
X-3861,NFATC2,4773.0,Amp5,5.06
X-3861,NFE2L3,9603.0,MutNovel,"P83S,1.000"
X-3861,NFS1,9054.0,Amp5,6.02
X-3861,NLGN4Y,22829.0,Del0.8,0.23
X-3861,NME6,10201.0,Del0.8,0.79
X-3861,NMNAT3,349565.0,Amp5,5.24
X-3861,NNAT,4826.0,Amp5,6.19
X-3861,NR1D1,9572.0,Amp5,5.28
X-3861,NRADDP,100129354.0,Del0.8,0.79
X-3861,NUDT15,55270.0,Del0.8,0.75
X-3861,OR4C6,219432.0,Del0.8,0.31
X-3861,OR4P4,81300.0,Del0.8,0.31
X-3861,OR4S2,219431.0,Del0.8,0.31
X-3861,ORAI1,84876.0,MutNovel,"PP43-,0.667"
X-3861,ORMDL3,94103.0,Amp5,5.28
X-3861,PABPC1L,80336.0,Amp5,6.41
X-3861,PARD6B,84612.0,Amp8,8.88
X-3861,PARG,8505.0,MutNovel,"A584T,0.500"
X-3861,PCDH11Y,83259.0,Del0.8,0.34
X-3861,PCYT1B,9468.0,Del0.8,0.7
X-3861,PDE12,201626.0,Del0.8,0.73
X-3861,PDHB,5162.0,Del0.8,0.73
X-3861,PDK3,5165.0,Del0.8,0.7
X-3861,PDZRN3,23024.0,Del0.8,0.71
X-3861,PGAP3,93210.0,Amp5,5.28
X-3861,PHF11,51131.0,Del0.8,0.77
X-3861,PHF20,51230.0,Amp5,6.02
X-3861,PI3,5266.0,Amp5,6.41
X-3861,PIBF1,10464.0,Del0.8,0.75
X-3861,PIEZO1,9780.0,MutNovel,"P2510L,0.649"
X-3861,PIEZO1,9780.0,MutNovel,"K2502R,0.372"
X-3861,PIGU,128869.0,Amp5,6.02
X-3861,PIK3C2G,5288.0,MutNovel,"S474P,0.833"
X-3861,PISRT1,140464.0,Amp5,5.24
X-3861,PKIG,11142.0,Amp5,6.41
X-3861,PLEC,5339.0,MutKnownFunctional,"Q2109*,0.240"
X-3861,PLS1,5357.0,Amp5,5.58
X-3861,PLXDC1,57125.0,Amp5,5.28
X-3861,PLXNB1,5364.0,Del0.8,0.79
X-3861,PNMT,5409.0,Amp5,5.28
X-3861,PNPLA4,8228.0,MutNovel,"P146T,1.000"
X-3861,POLA1,5422.0,Del0.8,0.7
X-3861,POLRMT,5442.0,MutNovel,"S2W,1.000"
X-3861,POM121L8P,29797.0,Del0.8,0.73
X-3861,POMP,51371.0,Del0.8,0.74
X-3861,PPP1R1B,84152.0,Amp5,5.28
X-3861,PPP4R2,151987.0,Del0.8,0.71
X-3861,PRB3,5544.0,MutNovel,"R158H,0.667"
X-3861,PRICKLE2,166336.0,Del0.8,0.75
X-3861,PRKCD,5580.0,Del0.8,0.74
X-3861,PRKY,5616.0,Del0.8,0.26
X-3861,PROCR,10544.0,Amp5,6.02
X-3861,PROK2,60675.0,Del0.8,0.75
X-3861,PRRC2B,84726.0,MutKnownFunctional,"Q1424*,0.444"
X-3861,PRSS42,339906.0,Del0.8,0.79
X-3861,PRSS45,377047.0,Del0.8,0.78
X-3861,PRSS46,100287362.0,Del0.8,0.78
X-3861,PRSS50,29122.0,Del0.8,0.78
X-3861,PRY,9081.0,Del0.8,0.23
X-3861,PRY,9081.0,Del0.8,0.23
X-3861,PRY2,442862.0,Del0.8,0.23
X-3861,PRY2,442862.0,Del0.8,0.23
X-3861,PSMD3,5709.0,Amp5,5.28
X-3861,PSMD6,9861.0,Del0.8,0.75
X-3861,PTH1R,5745.0,Del0.8,0.79
X-3861,PTPN1,5770.0,Amp8,8.88
X-3861,PTPN23,25930.0,Del0.8,0.79
X-3861,PTPRN2,5799.0,MutNovel,"A1003G,0.319"
X-3861,PXK,54899.0,Del0.8,0.73
X-3861,R3HDML,140902.0,Amp5,6.41
X-3861,RALGAPB,57148.0,Amp5,6.19
X-3861,RAPGEFL1,51195.0,Amp5,5.28
X-3861,RASA2,5922.0,Amp5,5.58
X-3861,RASSF7,8045.0,MutNovel,"Q317R,0.592"
X-3861,RAVER1,125950.0,MutKnownFunctional,"S658*,0.500"
X-3861,RB1,5925.0,Del0.8,0.75
X-3861,RBL1,5933.0,Amp5,5.06
X-3861,RBM12,10137.0,Amp5,6.02
X-3861,RBM39,9584.0,Amp5,6.02
X-3861,RBMY1A3P,286557.0,Del0.8,0.26
X-3861,RBMY1B,378948.0,Del0.8,0.23
X-3861,RBMY1B,378948.0,Del0.8,0.23
X-3861,RBMY1E,378950.0,Del0.8,0.23
X-3861,RBMY1E,378950.0,Del0.8,0.23
X-3861,RBMY1F,159163.0,Del0.8,0.23
X-3861,RBMY1F,159163.0,Del0.8,0.23
X-3861,RBMY1J,378951.0,Del0.8,0.23
X-3861,RBMY1J,378951.0,Del0.8,0.23
X-3861,RBMY2EP,159125.0,Del0.8,0.23
X-3861,RBMY2FP,159162.0,Del0.8,0.23
X-3861,RBMY3AP,64593.0,Del0.8,0.23
X-3861,RBP1,5947.0,Amp5,5.24
X-3861,RBP2,5948.0,Amp5,5.24
X-3861,RCBTB1,55213.0,Del0.8,0.77
X-3861,RCBTB2,1102.0,Del0.8,0.75
X-3861,RFT1,91869.0,Del0.8,0.74
X-3861,RIMS4,140730.0,Amp5,6.41
X-3861,RIN3,79890.0,MutNovel,"G967-,0.604"
X-3861,RNASEH2B,79621.0,Del0.8,0.77
X-3861,RNF114,55905.0,Amp8,8.88
X-3861,RNF7,9616.0,Amp5,5.58
X-3861,ROBO1,6091.0,Del0.8,0.69
X-3861,ROBO2,6092.0,Del0.8,0.69
X-3861,ROMO1,140823.0,Amp5,6.02
X-3861,RPL19,6143.0,Amp5,5.28
X-3861,RPN2,6185.0,Amp5,6.19
X-3861,RPP14,11102.0,Del0.8,0.73
X-3861,RPRD1B,58490.0,Amp5,6.19
X-3861,RPS21,6227.0,Amp5,5.17
X-3861,RPS4Y1,6192.0,Del0.8,0.34
X-3861,RPS4Y2,140032.0,Del0.8,0.23
X-3861,RSL1D1,26156.0,Amp5,5.03
X-3861,RTP3,83597.0,Del0.8,0.78
X-3861,RYBP,23429.0,Del0.8,0.71
X-3861,SACM1L,22908.0,Del0.8,0.78
X-3861,SALL4,57167.0,Amp5,5.06
X-3861,SAMHD1,25939.0,Amp5,6.02
X-3861,SCAND1,51282.0,Amp5,6.02
X-3861,SCAP,22937.0,Del0.8,0.79
X-3861,SCARNA23,677773.0,Del0.8,0.7
X-3861,SELK,58515.0,Del0.8,0.74
X-3861,SEMG1,6406.0,Amp5,6.41
X-3861,SEMG2,6407.0,Amp5,6.41
X-3861,SERINC2,347735.0,MutNovel,"-373Q,0.441"
X-3861,SERINC3,10955.0,Amp5,6.41
X-3861,SERPING1,710.0,MutNovel,"S255T,0.375"
X-3861,SETD2,29072.0,Del0.8,0.79
X-3861,SETDB2,83852.0,Del0.8,0.77
X-3861,SHQ1,55164.0,Del0.8,0.71
X-3861,SLA2,84174.0,Amp5,6.02
X-3861,SLC25A26,115286.0,Del0.8,0.75
X-3861,SLC25A36,55186.0,Amp5,5.58
X-3861,SLC37A4,2542.0,MutKnownFunctional,"-378,0.208"
X-3861,SLC46A3,283537.0,Del0.8,0.74
X-3861,SLC6A20,54716.0,Del0.8,0.78
X-3861,SLC9A8,23315.0,Amp8,8.88
X-3861,SLCO4A1,28231.0,Amp5,5.17
X-3861,SLMAP,7871.0,Del0.8,0.73
X-3861,SMARCC1,6599.0,Del0.8,0.79
X-3861,SNAI1,6615.0,Amp8,8.88
X-3861,SNHG11,128439.0,Amp5,6.19
X-3861,SNN,8303.0,Amp5,5.03
X-3861,SNORA39,677821.0,Amp5,6.19
X-3861,SNORA71A,26777.0,Amp5,6.19
X-3861,SNORA71B,26776.0,Amp5,6.19
X-3861,SNORA71C,677839.0,Amp5,6.19
X-3861,SNORA71D,677840.0,Amp5,6.19
X-3861,SNORD124,100113390.0,Amp5,5.28
X-3861,SNTA1,6640.0,MutNovel,"P74L,0.667"
X-3861,SNTN,132203.0,Del0.8,0.75
X-3861,SNX29,92017.0,Amp5,5.03
X-3861,SORT1,6272.0,MutNovel,"T323S,0.571"
X-3861,SPAG4,6676.0,Amp5,6.02
X-3861,SPATA12,353324.0,Del0.8,0.73
X-3861,SPATA2,9825.0,Amp8,8.88
X-3861,SPINK8,646424.0,Del0.8,0.79
X-3861,SPRYD7,57213.0,Del0.8,0.77
X-3861,SPSB4,92369.0,Amp5,5.58
X-3861,SRC,6714.0,Amp5,6.19
X-3861,SRY,6736.0,Del0.8,0.34
X-3861,ST13P4,145165.0,Del0.8,0.77
X-3861,STAC2,342667.0,Amp5,5.28
X-3861,STARD3,10948.0,Amp5,5.28
X-3861,STK4,6789.0,Amp5,6.41
X-3861,SUCLA2,8803.0,Del0.8,0.75
X-3861,SUCLG2,8801.0,Del0.8,0.75
X-3861,SYNPR,132204.0,Del0.8,0.75
X-3861,TBL1Y,90665.0,Del0.8,0.26
X-3861,TCAP,8557.0,Amp5,5.28
X-3861,TDGF1,6997.0,Del0.8,0.78
X-3861,TFDP2,7029.0,Amp5,5.58
X-3861,TGIF2,60436.0,Amp5,6.02
X-3861,TGIF2-C20ORF24,100527943.0,Amp5,6.02
X-3861,TGIF2LY,90655.0,Del0.8,0.34
X-3861,TGM2,7052.0,Amp5,6.19
X-3861,THOC7,80145.0,Del0.8,0.75
X-3861,THRA,7067.0,Amp5,5.28
X-3861,TKT,7086.0,Del0.8,0.74
X-3861,TMEM131,23505.0,MutNovel,"P1818L,0.556"
X-3861,TMEM158,25907.0,Del0.8,0.78
X-3861,TMEM184A,202915.0,MutNovel,"G392GA,0.471"
X-3861,TMEM189,387521.0,Amp8,8.88
X-3861,TMEM189-UBE2V1,387522.0,Amp8,8.88
X-3861,TMF1,7110.0,Del0.8,0.75
X-3861,TMIE,259236.0,Del0.8,0.78
X-3861,TMSB4Y,9087.0,Del0.8,0.23
X-3861,TNFRSF17,608.0,Amp5,5.03
X-3861,TNK2,10188.0,MutNovel,"R820Q,0.500"
X-3861,TNRC18,84629.0,MutNovel,"R2711Q,0.400"
X-3861,TOMM34,10953.0,Amp5,6.41
X-3861,TP53,7157.0,MutLikelyFunctional,"R213Q,1.000"
X-3861,TP53INP2,58476.0,Amp5,6.02
X-3861,TPP2,7174.0,Del0.8,0.73
X-3861,TREX1,11277.0,Del0.8,0.79
X-3861,TRIM13,10206.0,Del0.8,0.77
X-3861,TRIM42,287015.0,Amp5,5.24
X-3861,TRPC1,7220.0,Amp5,5.58
X-3861,TRPC4AP,26133.0,Amp5,6.02
X-3861,TSPY1,7258.0,Del0.8,0.05
X-3861,TSPY2,64591.0,Del0.8,0.12
X-3861,TSPY3,728137.0,Del0.8,0.05
X-3861,TSPY4,728395.0,Del0.8,0.05
X-3861,TSPY8,728403.0,Del0.8,0.05
X-3861,TSPYL1,7259.0,MutNovel,"V176VW,0.844"
X-3861,TTI1,9675.0,Amp5,6.19
X-3861,TTPAL,79183.0,Amp5,6.41
X-3861,TTTY10,246119.0,Del0.8,0.23
X-3861,TTTY11,83866.0,Del0.8,0.26
X-3861,TTTY12,83867.0,Del0.8,0.26
X-3861,TTTY13,83868.0,Del0.8,0.23
X-3861,TTTY14,83869.0,Del0.8,0.23
X-3861,TTTY15,64595.0,Del0.8,0.23
X-3861,TTTY16,252948.0,Del0.8,0.26
X-3861,TTTY17A,252949.0,Del0.8,0.18
X-3861,TTTY17A,252949.0,Del0.8,0.12
X-3861,TTTY18,252950.0,Del0.8,0.26
X-3861,TTTY19,252952.0,Del0.8,0.26
X-3861,TTTY1B,100101116.0,Del0.8,0.23
X-3861,TTTY1B,100101116.0,Del0.8,0.12
X-3861,TTTY2,60439.0,Del0.8,0.23
X-3861,TTTY2,60439.0,Del0.8,0.17
X-3861,TTTY20,252951.0,Del0.8,0.11
X-3861,TTTY21,252953.0,Del0.8,0.23
X-3861,TTTY21,252953.0,Del0.8,0.26
X-3861,TTTY22,252954.0,Del0.8,0.23
X-3861,TTTY23,252955.0,Del0.8,0.23
X-3861,TTTY23,252955.0,Del0.8,0.12
X-3861,TTTY3,114760.0,Del0.8,0.23
X-3861,TTTY3,114760.0,Del0.8,0.18
X-3861,TTTY4,114761.0,Del0.8,0.12
X-3861,TTTY4,114761.0,Del0.8,0.18
X-3861,TTTY5,83863.0,Del0.8,0.23
X-3861,TTTY6,84672.0,Del0.8,0.23
X-3861,TTTY6,84672.0,Del0.8,0.23
X-3861,TTTY7,246122.0,Del0.8,0.26
X-3861,TTTY7,246122.0,Del0.8,0.23
X-3861,TTTY7B,100101120.0,Del0.8,0.23
X-3861,TTTY7B,100101120.0,Del0.8,0.26
X-3861,TTTY8,84673.0,Del0.8,0.26
X-3861,TTTY8,84673.0,Del0.8,0.23
X-3861,TTTY9A,83864.0,Del0.8,0.23
X-3861,TTTY9A,83864.0,Del0.8,0.23
X-3861,TULP4,56995.0,MutNovel,"V1134I,0.500"
X-3861,TXLNG2P,246126.0,Del0.8,0.23
X-3861,TXNDC11,51061.0,Amp5,5.03
X-3861,UBA3,9039.0,Del0.8,0.75
X-3861,UBE2V1,7335.0,Amp8,8.88
X-3861,UQCC,55245.0,Amp5,6.02
X-3861,USP36,57602.0,MutNovel,"KKK958K,0.265"
X-3861,USP9Y,8287.0,Del0.8,0.23
X-3861,UTY,7404.0,Del0.8,0.23
X-3861,VCY,9084.0,Del0.8,0.23
X-3861,VCY,9084.0,Del0.8,0.23
X-3861,VGLL3,389136.0,Del0.8,0.7
X-3861,VSTM2L,128434.0,Amp5,6.19
X-3861,WFDC12,128488.0,Amp5,6.41
X-3861,WFDC5,149708.0,Amp5,6.41
X-3861,WIPF2,147179.0,Amp5,5.28
X-3861,WISP2,8839.0,Amp5,6.41
X-3861,WNT5A,7474.0,Del0.8,0.74
X-3861,XCR1,2829.0,Del0.8,0.78
X-3861,XKRY2,353515.0,Del0.8,0.23
X-3861,XKRY2,353515.0,Del0.8,0.23
X-3861,XRN1,54464.0,Amp5,5.58
X-3861,YWHAB,7529.0,Amp5,6.41
X-3861,ZBTB38,253461.0,Amp5,5.58
X-3861,ZC3H7A,29066.0,Amp5,5.03
X-3861,ZFY,7544.0,Del0.8,0.34
X-3861,ZNF234,10780.0,MutNovel,"H604Y,1.000"
X-3861,ZNF589,51385.0,Del0.8,0.79
X-3861,ZPBP2,124626.0,Amp5,5.28
X-3867,ABCB10,23456.0,MutNovel,"K495N,0.211"
X-3867,ABCB10,23456.0,MutNovel,"A125D,0.440"
X-3867,ABCC5,10057.0,MutNovel,"P1411L,0.387"
X-3867,ACE2,59272.0,Del0.8,0.78
X-3867,ADAM28,10863.0,Del0.8,0.8
X-3867,ADAM3A,1587.0,Del0.8,0.36
X-3867,ADAM6,8755.0,Amp5,5.06
X-3867,ADAM7,8756.0,Del0.8,0.8
X-3867,ADAMDEC1,27299.0,Del0.8,0.8
X-3867,AFF2,2334.0,Del0.8,0.78
X-3867,AFMID,125061.0,MutNovel,"E250K,0.355"
X-3867,AKAP12,9590.0,MutNovel,"E1531EEE,0.862"
X-3867,AKAP17A,8227.0,Del0.8,0.78
X-3867,AMELX,265.0,Del0.8,0.78
X-3867,AMELY,266.0,Del0.8,0.36
X-3867,ANKAR,150709.0,MutNovel,"D308H,0.500"
X-3867,ANKLE2,23141.0,MutNovel,"V506I,0.996"
X-3867,ANXA9,8416.0,MutNovel,"M8V,0.600"
X-3867,AP1S2,8905.0,Del0.8,0.78
X-3867,APLP1,333.0,MutNovel,"E539D,0.235"
X-3867,ARFGEF1,10565.0,MutNovel,"HWWQ1422Q,0.478"
X-3867,ARHGAP6,395.0,Del0.8,0.78
X-3867,ARSD,414.0,Del0.8,0.78
X-3867,ARSE,415.0,Del0.8,0.78
X-3867,ARSF,416.0,Del0.8,0.78
X-3867,ARSH,347527.0,Del0.8,0.78
X-3867,ART5,116969.0,MutNovel,"-25P,0.636"
X-3867,ARVCF,421.0,MutNovel,"W355R,0.418"
X-3867,ASB11,140456.0,Del0.8,0.78
X-3867,ASB9,140462.0,Del0.8,0.78
X-3867,ASMT,438.0,Del0.8,0.78
X-3867,ASMTL,8623.0,Del0.8,0.78
X-3867,ASMTL-AS1,80161.0,Del0.8,0.78
X-3867,ATXN3L,92552.0,Del0.8,0.78
X-3867,AVEN,57099.0,MutNovel,"GGGGG41G,0.556"
X-3867,B3GALT2,8707.0,Amp5,5.03
X-3867,B4GALT6,9331.0,MutNovel,"T101I,0.296"
X-3867,BCL2L1,598.0,Amp5,5.43
X-3867,BCL9,607.0,MutNovel,"P516A,0.804"
X-3867,BCORP1,286554.0,Del0.8,0.31
X-3867,BEND2,139105.0,Del0.8,0.78
X-3867,BIN3,55909.0,Del0.8,0.8
X-3867,BMP1,649.0,Del0.8,0.8
X-3867,BMX,660.0,Del0.8,0.78
X-3867,BPY2B,442867.0,Del0.8,0.19
X-3867,BPY2B,442867.0,Del0.8,0.11
X-3867,C11orf48,79081.0,MutNovel,"E179K,1.000"
X-3867,C16orf86,388284.0,MutNovel,"L277M,1.000"
X-3867,C1QTNF9B,387911.0,MutNovel,"M301V,1.000"
X-3867,C20orf160,140706.0,Amp5,5.43
X-3867,C21orf58,54058.0,MutNovel,"H299PN,0.343"
X-3867,C2CD3,26005.0,MutNovel,"I52T,0.623"
X-3867,C6orf120,387263.0,MutNovel,"V66G,1.000"
X-3867,C8orf58,541565.0,Del0.8,0.8
X-3867,CA5B,11238.0,Del0.8,0.78
X-3867,CA5BP1,340591.0,Del0.8,0.78
X-3867,CAND2,23066.0,MutNovel,"K931E,0.432"
X-3867,CBWD6,644019.0,MutKnownFunctional,"-259?,0.363"
X-3867,CCDC71L,168455.0,MutNovel,"P114S,1.000"
X-3867,CD7,924.0,MutNovel,"S226P,1.000"
X-3867,CD99,4267.0,Del0.8,0.78
X-3867,CD99L2,83692.0,Del0.8,0.78
X-3867,CD99P1,401577.0,Del0.8,0.78
X-3867,CDC42EP1,11135.0,MutNovel,"PAPAANPS253P,0.760"
X-3867,CDKL5,6792.0,Del0.8,0.78
X-3867,CDY1B,253175.0,Del0.8,0.31
X-3867,CDY1B,253175.0,Del0.8,0.25
X-3867,CDY2A,9426.0,Del0.8,0.31
X-3867,CDY2A,9426.0,Del0.8,0.31
X-3867,CDY2B,203611.0,Del0.8,0.31
X-3867,CDY2B,203611.0,Del0.8,0.31
X-3867,CEP192,55125.0,MutNovel,"Y486C,0.381"
X-3867,CETN2,1069.0,Del0.8,0.78
X-3867,CFH,3075.0,Amp5,5.03
X-3867,CHD7,55636.0,MutNovel,"A707S,0.611"
X-3867,CHMP7,91782.0,Del0.8,0.8
X-3867,CLCN4,1183.0,Del0.8,0.78
X-3867,CLCNKA,1187.0,MutNovel,"T577D,0.316"
X-3867,CLINT1,9685.0,MutNovel,"F195I,0.328"
X-3867,CNGA2,1260.0,Del0.8,0.78
X-3867,COG7,91949.0,MutNovel,"C447R,0.386"
X-3867,COL6A2,1292.0,MutNovel,"D446N,0.307"
X-3867,COX4I2,84701.0,Amp5,5.43
X-3867,CRLF2,64109.0,Del0.8,0.78
X-3867,CSAG1,158511.0,Del0.8,0.78
X-3867,CSAG2,728461.0,Del0.8,0.78
X-3867,CSAG2,728461.0,Del0.8,0.78
X-3867,CSAG3,389903.0,Del0.8,0.78
X-3867,CSAG3,389903.0,Del0.8,0.78
X-3867,CSF2RA,1438.0,Del0.8,0.78
X-3867,CSPG4P1Y,114758.0,Del0.8,0.25
X-3867,CSPG4P1Y,114758.0,Del0.8,0.31
X-3867,CSRNP3,80034.0,MutNovel,"P407S,0.312"
X-3867,CTPS2,56474.0,Del0.8,0.78
X-3867,CTSA,5476.0,MutNovel,"L29-,0.919"
X-3867,CTU1,90353.0,MutNovel,"V53A,0.697"
X-3867,CXorf23,256643.0,Del0.8,0.78
X-3867,CXorf28,100129464.0,Del0.8,0.78
X-3867,CXorf30,645090.0,MutNovel,"F371Y,1.000"
X-3867,CXorf40A,91966.0,Del0.8,0.78
X-3867,CXorf40B,541578.0,Del0.8,0.78
X-3867,DACH1,1602.0,MutNovel,"GG82-,0.765"
X-3867,DAZ1,1617.0,Del0.8,0.31
X-3867,DAZ2,57055.0,Del0.8,0.21
X-3867,DAZ3,57054.0,Del0.8,0.19
X-3867,DAZ3,57054.0,Del0.8,0.11
X-3867,DAZ4,57135.0,Del0.8,0.16
X-3867,DAZ4,57135.0,Del0.8,0.22
X-3867,DDX1,1653.0,Amp5,7.84
X-3867,DDX3Y,8653.0,Del0.8,0.31
X-3867,DDX50,79009.0,MutNovel,"G515V,0.207"
X-3867,DEFB115,245929.0,Amp5,5.43
X-3867,DEFB116,245930.0,Amp5,5.43
X-3867,DEFB118,117285.0,Amp5,5.43
X-3867,DEFB119,245932.0,Amp5,5.43
X-3867,DEFB121,245934.0,Amp5,5.43
X-3867,DEFB122,245935.0,Amp5,5.43
X-3867,DEFB123,245936.0,Amp5,5.43
X-3867,DEFB124,245937.0,Amp5,5.43
X-3867,DEFB126,81623.0,MutKnownFunctional,"-53,1.000"
X-3867,DENND4B,9909.0,MutNovel,"P1078L,0.265"
X-3867,DHRSX,207063.0,Del0.8,0.78
X-3867,DISC1,27185.0,MutNovel,"R449G,0.375"
X-3867,DMKN,93099.0,MutNovel,"S319W,0.223"
X-3867,DOK2,9046.0,Del0.8,0.8
X-3867,DUS1L,64118.0,MutNovel,"R405K,1.000"
X-3867,DUSP15,128853.0,Amp5,5.43
X-3867,EGFL6,25975.0,Del0.8,0.78
X-3867,EGR3,1960.0,Del0.8,0.8
X-3867,EIF1AY,9086.0,Del0.8,0.31
X-3867,ENTPD4,9583.0,Del0.8,0.8
X-3867,EPB49,2039.0,Del0.8,0.8
X-3867,EPS15L1,58513.0,MutNovel,"G731R,0.500"
X-3867,EXT2,2132.0,MutNovel,"Q291L,0.995"
X-3867,F12,2161.0,MutKnownFunctional,"R493*,0.541"
X-3867,FAM131A,131408.0,MutNovel,"R63S,0.565"
X-3867,FAM160B2,64760.0,Del0.8,0.8
X-3867,FAM171B,165215.0,MutNovel,"-50Q,0.571"
X-3867,FAM197Y2P,252946.0,Del0.8,0.06
X-3867,FAM208A,23272.0,MutNovel,"N47S,0.644"
X-3867,FAM21A,387680.0,MutNovel,"D1131N,0.700"
X-3867,FAM21A,387680.0,Del0.8,0.57
X-3867,FAM21B,55747.0,MutNovel,"D1043N,0.500"
X-3867,FAM41AY1,340618.0,Del0.8,0.31
X-3867,FAM41AY1,340618.0,Del0.8,0.31
X-3867,FAM59A,64762.0,MutNovel,"V84L,0.655"
X-3867,FAM71E2,284418.0,MutNovel,"D92N,1.000"
X-3867,FAM83E,54854.0,MutNovel,"R282W,0.262"
X-3867,FAM84A,151354.0,Amp5,7.84
X-3867,FAM86B2,653333.0,MutNovel,"D300S,1.000"
X-3867,FAM9A,171482.0,Del0.8,0.78
X-3867,FAM9B,171483.0,Del0.8,0.78
X-3867,FAM9C,171484.0,Del0.8,0.78
X-3867,FANCB,2187.0,Del0.8,0.78
X-3867,FATE1,89885.0,Del0.8,0.78
X-3867,FGF17,8822.0,Del0.8,0.8
X-3867,FIGF,2277.0,Del0.8,0.78
X-3867,FLJ14107,80094.0,Del0.8,0.8
X-3867,FMNL1,752.0,MutNovel,"-603P,0.857"
X-3867,FOXI3,344167.0,MutKnownFunctional,"-101?,1.000"
X-3867,FOXQ1,94234.0,MutNovel,"P303Q,0.429"
X-3867,FOXS1,2307.0,Amp5,5.43
X-3867,FRMPD4,9758.0,Del0.8,0.78
X-3867,FRYL,285527.0,MutNovel,"Q2822E,0.690"
X-3867,GABRA3,2556.0,Del0.8,0.78
X-3867,GABRE,2564.0,Del0.8,0.78
X-3867,GABRQ,55879.0,Del0.8,0.78
X-3867,GALE,2582.0,MutNovel,"E96K,0.511"
X-3867,GEMIN8,54960.0,Del0.8,0.78
X-3867,GFRA2,2675.0,Del0.8,0.8
X-3867,GIGYF2,26058.0,MutNovel,"PQ1231P,0.280"
X-3867,GLRA2,2742.0,Del0.8,0.78
X-3867,GLRX2,51022.0,Amp5,5.03
X-3867,GMDS,2762.0,MutNovel,"N344T,0.281"
X-3867,GOLGA2P2Y,84559.0,Del0.8,0.25
X-3867,GOLGA2P2Y,84559.0,Del0.8,0.31
X-3867,GOLGA6L9,440295.0,MutNovel,"V377F,1.000"
X-3867,GOLGA8J,,MutNovel,"R331H,0.833"
X-3867,GON4L,54856.0,MutNovel,"N526S,0.257"
X-3867,GPM6B,2824.0,Del0.8,0.78
X-3867,GPR143,4935.0,Del0.8,0.78
X-3867,GPR50,9248.0,Del0.8,0.78
X-3867,GPR64,10149.0,Del0.8,0.78
X-3867,GRPR,2925.0,Del0.8,0.78
X-3867,GTF2H2C,728340.0,MutNovel,"I199T,0.364"
X-3867,GTPBP6,8225.0,Del0.8,0.78
X-3867,GYG2,8908.0,Del0.8,0.78
X-3867,GYG2P1,352887.0,Del0.8,0.31
X-3867,HCCS,3052.0,Del0.8,0.78
X-3867,HCK,3055.0,Amp5,5.43
X-3867,HDHD1,8226.0,Del0.8,0.78
X-3867,HIPK2,28996.0,MutKnownFunctional,"R983*,0.211"
X-3867,HM13,81502.0,Amp5,5.43
X-3867,HMGB3,3149.0,Del0.8,0.78
X-3867,HR,55806.0,Del0.8,0.8
X-3867,HSFX2,100130086.0,Del0.8,0.78
X-3867,HSFX2,100130086.0,Del0.8,0.78
X-3867,HSFY2,159119.0,Del0.8,0.31
X-3867,HSFY2,159119.0,Del0.8,0.31
X-3867,ID1,3397.0,Amp5,5.43
X-3867,IDH3B,3420.0,MutNovel,"R210W,0.480"
X-3867,IDS,3423.0,Del0.8,0.78
X-3867,IGSF9,57549.0,MutNovel,"R767L,0.554"
X-3867,IL1RAPL1,11141.0,Del0.8,0.63
X-3867,IL3RA,3563.0,Del0.8,0.78
X-3867,INE2,8551.0,Del0.8,0.78
X-3867,INO80D,54891.0,MutNovel,"P836S,0.217"
X-3867,INTS4,92105.0,MutNovel,"R428H,0.521"
X-3867,IREB2,3658.0,MutNovel,"G639S,1.000"
X-3867,IST1,9798.0,MutNovel,"MP236-,0.701"
X-3867,KAL1,3730.0,Del0.8,0.78
X-3867,KCNT2,343450.0,Amp5,5.03
X-3867,KDM5D,8284.0,Del0.8,0.31
X-3867,KIAA0125,9834.0,Amp5,5.06
X-3867,KIAA0391,9692.0,MutNovel,"A485T,0.578"
X-3867,KIAA1609,57707.0,MutNovel,"H442Y,0.277"
X-3867,KIAA1683,80726.0,MutNovel,"E995D,0.444"
X-3867,KIAA1967,57805.0,Del0.8,0.8
X-3867,KIF18A,81930.0,MutNovel,"D792N,1.000"
X-3867,KIF20B,9585.0,MutNovel,"L1062LKV,0.372"
X-3867,LANCL1,10314.0,MutNovel,"V235L,0.641"
X-3867,LAP3,51056.0,MutNovel,"D31H,0.644"
X-3867,LGI3,203190.0,Del0.8,0.8
X-3867,LGR5,8549.0,MutNovel,"F277L,0.665"
X-3867,LIG4,3981.0,MutNovel,"P566R,1.000"
X-3867,LINC00028,140875.0,Amp5,5.43
X-3867,LINC00102,100359394.0,Del0.8,0.78
X-3867,LINC00226,338004.0,Amp5,5.06
X-3867,LMNB2,84823.0,MutNovel,"A19T,0.979"
X-3867,LOC100131434,100131434.0,Del0.8,0.78
X-3867,LOC100133123,100133123.0,Del0.8,0.78
X-3867,LOC100272228,100272228.0,Del0.8,0.78
X-3867,LOC100288814,100288814.0,Del0.8,0.78
X-3867,LOC100506474,100506474.0,Amp5,7.84
X-3867,LOC100507156,100507156.0,Del0.8,0.8
X-3867,LOC100507607,,MutNovel,"V199D,0.500"
X-3867,LOC286059,286059.0,Del0.8,0.8
X-3867,LOC286114,286114.0,Del0.8,0.8
X-3867,LOC389641,389641.0,Del0.8,0.8
X-3867,LOC389906,389906.0,Del0.8,0.78
X-3867,LOC440704,440704.0,Amp5,5.03
X-3867,LOC729609,729609.0,Del0.8,0.78
X-3867,LOXL2,4017.0,Del0.8,0.8
X-3867,LRRC37A,9884.0,MutNovel,"L1378P,1.000"
X-3867,LSR,51599.0,MutNovel,"G518GR,0.838"
X-3867,MAGEA1,4100.0,Del0.8,0.78
X-3867,MAGEA10,4109.0,Del0.8,0.78
X-3867,MAGEA10-MAGEA5,100533997.0,Del0.8,0.78
X-3867,MAGEA11,4110.0,Del0.8,0.78
X-3867,MAGEA12,4111.0,Del0.8,0.78
X-3867,MAGEA2,4101.0,Del0.8,0.78
X-3867,MAGEA2,4101.0,Del0.8,0.78
X-3867,MAGEA3,4102.0,Del0.8,0.78
X-3867,MAGEA4,4103.0,Del0.8,0.78
X-3867,MAGEA5,4104.0,Del0.8,0.78
X-3867,MAGEA6,4105.0,Del0.8,0.78
X-3867,MAGEA8,4107.0,Del0.8,0.78
X-3867,MAGEA9B,728269.0,Del0.8,0.78
X-3867,MAGEA9B,728269.0,Del0.8,0.78
X-3867,MAMLD1,10046.0,Del0.8,0.78
X-3867,MAP3K15,389840.0,Del0.8,0.78
X-3867,MAP3K4,4216.0,MutNovel,"PA1189P,0.455"
X-3867,MAP7D2,256714.0,Del0.8,0.51
X-3867,MED25,81857.0,MutNovel,"T602M,0.259"
X-3867,MEF2A,4205.0,MutNovel,"QQ412-,0.306"
X-3867,MFAP2,4237.0,MutNovel,"A174S,0.370"
X-3867,MICAL3,57553.0,MutNovel,"A142D,0.235"
X-3867,MID1,4281.0,Del0.8,0.78
X-3867,MIR105-1,406897.0,Del0.8,0.78
X-3867,MIR105-2,406898.0,Del0.8,0.78
X-3867,MIR1278,100302163.0,Amp5,5.03
X-3867,MIR2114,100313839.0,Del0.8,0.78
X-3867,MIR23C,100500809.0,Del0.8,0.78
X-3867,MIR3125,100422986.0,Amp5,7.84
X-3867,MIR3193,100422904.0,Amp5,5.43
X-3867,MIR320A,407037.0,Del0.8,0.8
X-3867,MIR3690,100500894.0,Del0.8,0.78
X-3867,MIR4330,100422930.0,Del0.8,0.78
X-3867,MIR452,574412.0,Del0.8,0.78
X-3867,MIR4735,100616363.0,Amp5,5.03
X-3867,MIR4767,100616467.0,Del0.8,0.78
X-3867,MIR4768,100616249.0,Del0.8,0.78
X-3867,MIR4770,100616373.0,Del0.8,0.78
X-3867,MIR651,723779.0,Del0.8,0.78
X-3867,MIR767,768215.0,Del0.8,0.78
X-3867,MLL2,8085.0,MutNovel,"P2349S,0.245"
X-3867,MOSPD2,158747.0,Del0.8,0.78
X-3867,MPRIP,23164.0,MutNovel,"TSS178T,0.453"
X-3867,MS4A12,54860.0,Del0.8,0.74
X-3867,MSL3,10943.0,Del0.8,0.78
X-3867,MTM1,4534.0,Del0.8,0.78
X-3867,MTMR1,8776.0,Del0.8,0.78
X-3867,MTMR12,54545.0,MutNovel,"M385L,0.231"
X-3867,MTMR6,9107.0,MutNovel,"S477T,1.000"
X-3867,MUC16,94025.0,MutNovel,"P2147T,0.455"
X-3867,MUC20,200958.0,Amp5,5.7
X-3867,MUC4,4585.0,MutNovel,"D1909N,0.333"
X-3867,MUT,4594.0,MutNovel,"G215S,0.316"
X-3867,MXRA5,25878.0,Del0.8,0.78
X-3867,MYADML2,255275.0,MutNovel,"R112Q,1.000"
X-3867,MYCN,4613.0,Amp5,7.84
X-3867,MYCNOS,10408.0,Amp5,7.84
X-3867,MYLK2,85366.0,Amp5,5.43
X-3867,MYO6,4646.0,MutNovel,"E595D,0.670"
X-3867,NACAD,23148.0,MutNovel,"A761V,0.400"
X-3867,NBAS,51594.0,Amp5,7.84
X-3867,NBPF1,55672.0,MutNovel,"P404L,0.538"
X-3867,NBPF1,55672.0,MutNovel,"P133L,0.500"
X-3867,NBPF15,284565.0,MutNovel,"R110K,1.000"
X-3867,NCOR2,9612.0,MutNovel,"G1839GAAA,0.574"
X-3867,NCOR2,9612.0,MutNovel,"-511SS,0.281"
X-3867,NCRNA00185,55410.0,Del0.8,0.31
X-3867,NEFL,4747.0,Del0.8,0.8
X-3867,NEFM,4741.0,Del0.8,0.8
X-3867,NHS,4810.0,Del0.8,0.78
X-3867,NKX2-6,137814.0,Del0.8,0.8
X-3867,NKX3-1,4824.0,Del0.8,0.8
X-3867,NLGN4X,57502.0,Del0.8,0.78
X-3867,NLGN4Y,22829.0,Del0.8,0.31
X-3867,NPM2,10361.0,Del0.8,0.8
X-3867,NSDHL,50814.0,Del0.8,0.78
X-3867,NUDT11,55190.0,MutKnownFunctional,"-1,0.375"
X-3867,NUDT18,79873.0,Del0.8,0.8
X-3867,OFD1,8481.0,Del0.8,0.78
X-3867,ORAI1,84876.0,MutNovel,"PP43-,0.842"
X-3867,OSBPL11,114885.0,MutNovel,"V546M,0.417"
X-3867,P2RY8,286530.0,Del0.8,0.78
X-3867,PASD1,139135.0,Del0.8,0.78
X-3867,PCDH11Y,83259.0,Del0.8,0.36
X-3867,PCDHA5,56143.0,MutNovel,"S535T,0.600"
X-3867,PCDHA5,56143.0,MutNovel,"A539P,0.600"
X-3867,PCDHB9,56127.0,MutNovel,"P677H,0.429"
X-3867,PDHA1,5160.0,Del0.8,0.78
X-3867,PDLIM2,64236.0,Del0.8,0.8
X-3867,PDRG1,81572.0,Amp5,5.43
X-3867,PEBP4,157310.0,Del0.8,0.8
X-3867,PHKA2,5256.0,Del0.8,0.78
X-3867,PHLDA1,22822.0,MutNovel,"QQ194Q,0.500"
X-3867,PHYHIP,9796.0,Del0.8,0.8
X-3867,PIGA,5277.0,Del0.8,0.78
X-3867,PIR,8544.0,Del0.8,0.78
X-3867,PIR-FIGF,100532742.0,Del0.8,0.78
X-3867,PITPNM2,57605.0,MutNovel,"R1307Q,1.000"
X-3867,PITRM1,10531.0,MutNovel,"P306S,0.347"
X-3867,PIWIL2,55124.0,Del0.8,0.8
X-3867,PLCXD1,55344.0,Del0.8,0.78
X-3867,PLEKHG5,57449.0,MutNovel,"R752C,0.884"
X-3867,PMS1,5378.0,MutKnownFunctional,"E867*,0.245"
X-3867,PNMA3,29944.0,Del0.8,0.78
X-3867,PNMA5,114824.0,Del0.8,0.78
X-3867,PNMA6A,84968.0,Del0.8,0.78
X-3867,PNMA6A,84968.0,Del0.8,0.78
X-3867,PNMA6C,100287428.0,Del0.8,0.78
X-3867,PNMA6D,100287466.0,Del0.8,0.78
X-3867,PNMA6D,100287466.0,Del0.8,0.78
X-3867,PNPLA4,8228.0,Del0.8,0.78
X-3867,POLR3D,661.0,MutNovel,"T289R,1.000"
X-3867,POLR3D,661.0,Del0.8,0.8
X-3867,POM121,9883.0,MutNovel,"A422T,1.000"
X-3867,PPEF1,5475.0,Del0.8,0.78
X-3867,PPP2R3B,28227.0,Del0.8,0.78
X-3867,PPP2R3B-AS1,283981.0,Del0.8,0.78
X-3867,PPP3CC,5533.0,Del0.8,0.8
X-3867,PRKX,5613.0,Del0.8,0.78
X-3867,PRKY,5616.0,Del0.8,0.36
X-3867,PRMT2,3275.0,MutNovel,"P288A,0.349"
X-3867,PRPS2,5634.0,Del0.8,0.78
X-3867,PRRG3,79057.0,Del0.8,0.78
X-3867,PRSS12,8492.0,MutKnownFunctional,"-302,1.000"
X-3867,PRY,9081.0,Del0.8,0.31
X-3867,PRY,9081.0,Del0.8,0.31
X-3867,PRY2,442862.0,Del0.8,0.31
X-3867,PRY2,442862.0,Del0.8,0.31
X-3867,PSIMCT-1,100101490.0,Amp5,5.43
X-3867,PWP1,11137.0,MutNovel,"L222H,0.475"
X-3867,R3HCC1,203069.0,Del0.8,0.8
X-3867,RAB3IP,117177.0,MutNovel,"T115A,0.455"
X-3867,RAB9A,9367.0,Del0.8,0.78
X-3867,RAD23B,5887.0,MutNovel,"P85A,1.000"
X-3867,RAI2,10742.0,Del0.8,0.78
X-3867,RASA4,10156.0,MutNovel,"Q558R,0.667"
X-3867,RB1CC1,9821.0,MutNovel,"R1433K,0.354"
X-3867,RBBP7,5931.0,Del0.8,0.78
X-3867,RBMY1A3P,286557.0,Del0.8,0.36
X-3867,RBMY1B,378948.0,Del0.8,0.31
X-3867,RBMY1B,378948.0,Del0.8,0.31
X-3867,RBMY1E,378950.0,Del0.8,0.31
X-3867,RBMY1E,378950.0,Del0.8,0.31
X-3867,RBMY1F,159163.0,Del0.8,0.31
X-3867,RBMY1F,159163.0,Del0.8,0.31
X-3867,RBMY1J,378951.0,Del0.8,0.31
X-3867,RBMY1J,378951.0,Del0.8,0.31
X-3867,RBMY2EP,159125.0,Del0.8,0.31
X-3867,RBMY2FP,159162.0,Del0.8,0.31
X-3867,RBMY3AP,64593.0,Del0.8,0.31
X-3867,RCN3,57333.0,MutNovel,"R62G,0.703"
X-3867,REEP4,80346.0,Del0.8,0.8
X-3867,REM1,28954.0,Amp5,5.43
X-3867,REPS2,9185.0,Del0.8,0.78
X-3867,RGPD8,727851.0,MutNovel,"E928K,0.393"
X-3867,RGS1,5996.0,Amp5,5.03
X-3867,RGS13,6003.0,Amp5,5.03
X-3867,RGS18,64407.0,Amp5,5.03
X-3867,RGS2,5997.0,Amp5,5.03
X-3867,RGS21,431704.0,Amp5,5.03
X-3867,RHD,6007.0,Del0.8,0.42
X-3867,RHOBTB2,23221.0,Del0.8,0.8
X-3867,RPL14,9045.0,MutNovel,"TAAAAAA149T,0.829"
X-3867,RPS4Y1,6192.0,Del0.8,0.36
X-3867,RPS4Y2,140032.0,Del0.8,0.31
X-3867,RS1,6247.0,Del0.8,0.78
X-3867,S100G,795.0,Del0.8,0.78
X-3867,SACS,26278.0,MutNovel,"L2847V,1.000"
X-3867,SAMD1,90378.0,MutNovel,"DEE233E,0.214"
X-3867,SCML1,6322.0,Del0.8,0.78
X-3867,SCML2,10389.0,Del0.8,0.78
X-3867,SERHL2,253190.0,MutNovel,"H168Q,0.647"
X-3867,SERINC2,347735.0,MutNovel,"-373Q,0.681"
X-3867,SETD1B,23067.0,MutNovel,"G471A,0.237"
X-3867,SFTPC,6440.0,Del0.8,0.8
X-3867,SH3GL3,6457.0,MutNovel,"E266D,1.000"
X-3867,SH3KBP1,30011.0,Del0.8,0.78
X-3867,SHOX,6473.0,Del0.8,0.78
X-3867,SHROOM2,357.0,Del0.8,0.78
X-3867,SIGMAR1,10280.0,MutNovel,"R211W,0.481"
X-3867,SLC12A5,57468.0,MutNovel,"GD41AN,1.000"
X-3867,SLC25A37,51312.0,Del0.8,0.8
X-3867,SLC25A6,293.0,Del0.8,0.78
X-3867,SLC2A4RG,56731.0,MutNovel,"A77V,0.241"
X-3867,SLC39A14,23516.0,Del0.8,0.8
X-3867,SLC6A12,6539.0,MutNovel,"F541I,0.588"
X-3867,SNAPC4,6621.0,MutNovel,"S542-,0.310"
X-3867,SNRPG,6637.0,MutNovel,"R25T,0.211"
X-3867,SORBS3,10174.0,Del0.8,0.8
X-3867,SPAG1,6674.0,MutNovel,"I472V,0.565"
X-3867,SRY,6736.0,Del0.8,0.36
X-3867,STC1,6781.0,Del0.8,0.8
X-3867,STS,412.0,Del0.8,0.78
X-3867,SYAP1,94056.0,Del0.8,0.78
X-3867,SYTL1,84958.0,MutNovel,"P193R,0.931"
X-3867,TBL1X,6907.0,Del0.8,0.78
X-3867,TBL1Y,90665.0,Del0.8,0.36
X-3867,TCEANC,170082.0,Del0.8,0.78
X-3867,TCERG1,10915.0,MutNovel,"QAQA210-,0.212"
X-3867,TGIF2LY,90655.0,Del0.8,0.36
X-3867,THADA,63892.0,MutNovel,"S1340-,0.333"
X-3867,TLR7,51284.0,Del0.8,0.78
X-3867,TLR8,51311.0,Del0.8,0.78
X-3867,TLR8-AS1,349408.0,Del0.8,0.78
X-3867,TMEM160,54958.0,MutNovel,"G46A,0.230"
X-3867,TMEM184A,202915.0,MutNovel,"G392GA,0.891"
X-3867,TMEM185A,84548.0,Del0.8,0.78
X-3867,TMEM27,57393.0,Del0.8,0.78
X-3867,TMSB4X,7114.0,Del0.8,0.78
X-3867,TMSB4Y,9087.0,Del0.8,0.31
X-3867,TNFRSF10A,8797.0,Del0.8,0.8
X-3867,TNFRSF10B,8795.0,Del0.8,0.8
X-3867,TNFRSF10C,8794.0,Del0.8,0.8
X-3867,TNFRSF10D,8793.0,Del0.8,0.8
X-3867,TNS3,64759.0,MutNovel,"E1303Q,0.469"
X-3867,TP53,7157.0,MutKnownFunctional,"-263,0.929"
X-3867,TPX2,22974.0,Amp5,5.43
X-3867,TRAPPC2,6399.0,Del0.8,0.78
X-3867,TRIB2,28951.0,Amp5,7.84
X-3867,TRIM65,201292.0,MutNovel,"-90AP,0.615"
X-3867,TRMT44,,MutNovel,"A276V,0.222"
X-3867,TROVE2,6738.0,Amp5,5.03
X-3867,TSPY1,7258.0,Del0.8,0.06
X-3867,TSPY2,64591.0,Del0.8,0.36
X-3867,TSPY3,728137.0,Del0.8,0.06
X-3867,TSPY4,728395.0,Del0.8,0.06
X-3867,TSPY8,728403.0,Del0.8,0.06
X-3867,TSPYL1,7259.0,MutNovel,"V176VW,0.957"
X-3867,TTLL7,79739.0,MutNovel,"K517N,0.692"
X-3867,TTLL9,164395.0,Amp5,5.43
X-3867,TTTY10,246119.0,Del0.8,0.31
X-3867,TTTY11,83866.0,Del0.8,0.36
X-3867,TTTY12,83867.0,Del0.8,0.36
X-3867,TTTY13,83868.0,Del0.8,0.31
X-3867,TTTY14,83869.0,Del0.8,0.31
X-3867,TTTY15,64595.0,Del0.8,0.31
X-3867,TTTY16,252948.0,Del0.8,0.36
X-3867,TTTY17A,252949.0,Del0.8,0.19
X-3867,TTTY17A,252949.0,Del0.8,0.11
X-3867,TTTY18,252950.0,Del0.8,0.36
X-3867,TTTY19,252952.0,Del0.8,0.36
X-3867,TTTY1B,100101116.0,Del0.8,0.36
X-3867,TTTY1B,100101116.0,Del0.8,0.31
X-3867,TTTY2,60439.0,Del0.8,0.31
X-3867,TTTY2,60439.0,Del0.8,0.36
X-3867,TTTY20,252951.0,Del0.8,0.14
X-3867,TTTY21,252953.0,Del0.8,0.36
X-3867,TTTY21,252953.0,Del0.8,0.31
X-3867,TTTY22,252954.0,Del0.8,0.31
X-3867,TTTY23,252955.0,Del0.8,0.31
X-3867,TTTY23,252955.0,Del0.8,0.36
X-3867,TTTY3,114760.0,Del0.8,0.31
X-3867,TTTY3,114760.0,Del0.8,0.25
X-3867,TTTY4,114761.0,Del0.8,0.11
X-3867,TTTY4,114761.0,Del0.8,0.19
X-3867,TTTY5,83863.0,Del0.8,0.31
X-3867,TTTY6,84672.0,Del0.8,0.31
X-3867,TTTY6,84672.0,Del0.8,0.31
X-3867,TTTY7,246122.0,Del0.8,0.31
X-3867,TTTY7,246122.0,Del0.8,0.36
X-3867,TTTY7B,100101120.0,Del0.8,0.31
X-3867,TTTY7B,100101120.0,Del0.8,0.36
X-3867,TTTY8,84673.0,Del0.8,0.31
X-3867,TTTY8,84673.0,Del0.8,0.36
X-3867,TTTY9A,83864.0,Del0.8,0.31
X-3867,TTTY9A,83864.0,Del0.8,0.31
X-3867,TXLNG,55787.0,Del0.8,0.78
X-3867,TXLNG2P,246126.0,Del0.8,0.31
X-3867,UBR4,23352.0,MutNovel,"R1796Q,0.672"
X-3867,UBXN11,91544.0,MutNovel,"R145W,0.888"
X-3867,UCHL5,51377.0,Amp5,5.03
X-3867,UNC5A,90249.0,MutNovel,"A32S,0.273"
X-3867,USP34,9736.0,MutNovel,"T1515I,0.302"
X-3867,USP9Y,8287.0,Del0.8,0.31
X-3867,UTY,7404.0,Del0.8,0.31
X-3867,VCX,26609.0,Del0.8,0.78
X-3867,VCX2,51480.0,Del0.8,0.78
X-3867,VCX3A,51481.0,Del0.8,0.78
X-3867,VCX3B,425054.0,Del0.8,0.78
X-3867,VCY,9084.0,Del0.8,0.31
X-3867,VCY,9084.0,Del0.8,0.31
X-3867,VMA21,203547.0,Del0.8,0.78
X-3867,WBP2,23558.0,MutNovel,"E19D,0.393"
X-3867,WDR45,11152.0,MutNovel,"I218L,0.482"
X-3867,WSB2,55884.0,MutNovel,"T230M,1.000"
X-3867,WWC3,55841.0,Del0.8,0.78
X-3867,XAF1,54739.0,MutNovel,"R287W,1.000"
X-3867,XG,7499.0,Del0.8,0.78
X-3867,XGPY2,100132596.0,Del0.8,0.78
X-3867,XKR7,343702.0,Amp5,5.43
X-3867,XKRY2,353515.0,Del0.8,0.31
X-3867,XKRY2,353515.0,Del0.8,0.31
X-3867,XPO7,23039.0,Del0.8,0.8
X-3867,YPEL4,219539.0,MutNovel,"G9S,0.789"
X-3867,ZBED1,9189.0,Del0.8,0.78
X-3867,ZDHHC11,79844.0,MutNovel,"A303D,0.750"
X-3867,ZDHHC11,79844.0,Del0.8,0.74
X-3867,ZFY,7544.0,Del0.8,0.36
X-3867,ZNF185,7739.0,Del0.8,0.78
X-3867,ZNF384,171017.0,MutNovel,"QQ514Q,0.427"
X-3867,ZNF496,84838.0,MutNovel,"S109N,0.602"
X-3867,ZNF610,162963.0,MutNovel,"E6K,0.300"
X-3867,ZNF717,100131827.0,MutNovel,"T697S,0.600"
X-3867,ZNF784,147808.0,MutNovel,"E180K,0.257"
X-3867,ZRSR2,8233.0,Del0.8,0.78
X-3939,ABTB2,25841.0,MutNovel,"A529S,1.000"
X-3939,ADRA2B,151.0,MutNovel,"E301ERRK,1.000"
X-3939,AGAP10,,MutNovel,"S103P,1.000"
X-3939,ALAD,210.0,MutNovel,"K265R,1.000"
X-3939,ANKRD36C,,MutNovel,"D1868N,0.750"
X-3939,ARNT,405.0,MutNovel,"Q746E,0.550"
X-3939,BOP1,23246.0,MutNovel,"K339R,1.000"
X-3939,C10orf57,,MutNovel,"N28S,1.000"
X-3939,C12orf28,,MutNovel,"R482W,1.000"
X-3939,C14orf102,55051.0,MutNovel,"D947E,0.368"
X-3939,C21orf58,54058.0,MutNovel,"H299PN,1.000"
X-3939,C2orf62,375307.0,MutNovel,"D330E,0.462"
X-3939,C8orf82,414919.0,MutNovel,"A90V,0.724"
X-3939,CCDC37,348807.0,MutNovel,"TE411T,0.488"
X-3939,CCDC74A,90557.0,MutNovel,"R149H,0.800"
X-3939,CD46,4179.0,MutNovel,"A353V,0.467"
X-3939,CDC42EP1,11135.0,MutNovel,"PAPAANPS253P,1.000"
X-3939,CDH24,64403.0,MutNovel,"E110D,0.306"
X-3939,CFHR4,10877.0,MutKnownFunctional,"W445*,1.000"
X-3939,CHERP,10523.0,MutNovel,"A251D,0.495"
X-3939,CHI3L1,1116.0,MutNovel,"D133H,0.436"
X-3939,COL25A1,84570.0,MutNovel,"L235S,1.000"
X-3939,CPZ,8532.0,MutNovel,"P618L,1.000"
X-3939,CREB1,1385.0,MutNovel,"T220A,0.515"
X-3939,CRELD2,79174.0,MutNovel,"S344A,0.996"
X-3939,CRIPAK,285464.0,MutNovel,"V164A,0.750"
X-3939,CSRP2BP,57325.0,MutNovel,"P388A,0.244"
X-3939,CTXN2,399697.0,MutKnownFunctional,"-27?,0.250"
X-3939,DDX47,51202.0,MutNovel,"R402H,0.316"
X-3939,DNA2,1763.0,MutNovel,"V1017M,0.644"
X-3939,DNAH2,146754.0,MutNovel,"LV2405FL,1.000"
X-3939,DOK7,285489.0,MutNovel,"P503T,0.990"
X-3939,DTNBP1,84062.0,MutNovel,"E29V,0.425"
X-3939,EFCAB12,,MutKnownFunctional,"-464,0.500"
X-3939,EIF2AK2,5610.0,MutKnownFunctional,"-468,1.000"
X-3939,ELMO3,79767.0,MutNovel,"K123N,1.000"
X-3939,EPOR,2057.0,MutNovel,"L199P,0.681"
X-3939,ERCC6,2074.0,MutNovel,"C1464S,0.339"
X-3939,ESF1,51575.0,MutNovel,"D178G,0.218"
X-3939,ESPL1,9700.0,MutNovel,"T433A,0.636"
X-3939,FAM131A,131408.0,MutNovel,"R63S,0.250"
X-3939,FAM136A,84908.0,MutNovel,"Q5H,0.490"
X-3939,FAM153B,202134.0,MutNovel,"P208L,1.000"
X-3939,FAM171B,165215.0,MutNovel,"-50Q,1.000"
X-3939,FAM175B,23172.0,MutNovel,"D374E,0.769"
X-3939,FAM21C,253725.0,MutKnownFunctional,"Q1283*,0.986"
X-3939,FBRSL1,57666.0,MutNovel,"V349M,0.371"
X-3939,FBXO9,26268.0,MutNovel,"D126H,0.267"
X-3939,FCHO1,23149.0,MutNovel,"G669R,0.586"
X-3939,FGD1,2245.0,MutNovel,"P929L,0.986"
X-3939,FRMD4B,23150.0,MutNovel,"T733A,0.552"
X-3939,GBP3,2635.0,MutNovel,"D387E,1.000"
X-3939,GDPD5,81544.0,MutNovel,"Q31E,0.362"
X-3939,GIGYF2,26058.0,MutNovel,"PQ1231P,1.000"
X-3939,GOLGA6L4,,MutNovel,"T144M,0.375"
X-3939,GPN3,51184.0,MutNovel,"E186Q,0.268"
X-3939,GPR125,166647.0,MutNovel,"P18R,1.000"
X-3939,GRIA3,2892.0,MutKnownFunctional,"E452*,0.500"
X-3939,HAUS5,23354.0,MutNovel,"K572R,0.301"
X-3939,HIVEP2,3097.0,MutNovel,"G1956R,0.503"
X-3939,HLA-G,3135.0,MutNovel,"EQ138DE,0.267"
X-3939,HLA-G,3135.0,MutNovel,"A182T,0.800"
X-3939,HOMER3,9454.0,MutNovel,"R226Q,0.382"
X-3939,HSPBP1,23640.0,MutNovel,"G25V,0.992"
X-3939,IP6K2,51447.0,MutNovel,"S18F,0.988"
X-3939,IRS1,3667.0,MutNovel,"R20L,0.333"
X-3939,ITGAV,3685.0,MutNovel,"V1012I,0.496"
X-3939,ITIH5,80760.0,MutNovel,"P818L,0.428"
X-3939,JAK3,3718.0,MutNovel,"P151R,0.667"
X-3939,KIAA0146,23514.0,MutKnownFunctional,"-716,0.211"
X-3939,KIAA0391,9692.0,MutKnownFunctional,"-83?,0.273"
X-3939,KIAA1737,85457.0,MutNovel,"SS248RG,0.667"
X-3939,KRT78,196374.0,MutNovel,"I478S,0.750"
X-3939,LIX1L,128077.0,MutNovel,"P43Q,0.800"
X-3939,LOC100132247,100132247.0,MutNovel,"LPPSA396L,0.214"
X-3939,LOC642799,,MutNovel,"L313F,0.300"
X-3939,LOC728503,,MutNovel,"G403W,0.643"
X-3939,LOC728728,,MutNovel,"P4H,0.750"
X-3939,LOC728728,,MutNovel,"T21I,1.000"
X-3939,LOC728888,,MutNovel,"R395H,1.000"
X-3939,LOC729162,,MutNovel,"L4S,0.824"
X-3939,LRCH2,57631.0,MutNovel,"R650L,0.273"
X-3939,LSR,51599.0,MutNovel,"G518GR,1.000"
X-3939,MAP3K4,4216.0,MutNovel,"PA1189P,1.000"
X-3939,MFNG,4242.0,MutNovel,"R88W,1.000"
X-3939,MICALL2,79778.0,MutNovel,"V195L,0.443"
X-3939,MOXD1,26002.0,MutNovel,"ME487IQ,0.222"
X-3939,MPRIP,23164.0,MutNovel,"TS178T,1.000"
X-3939,MTMR9,66036.0,MutNovel,"L508F,0.571"
X-3939,MUC4,4585.0,MutNovel,"S4088P,1.000"
X-3939,MUC4,4585.0,MutNovel,"L4065I,1.000"
X-3939,MUC4,4585.0,MutNovel,"P3826L,0.667"
X-3939,MUC4,4585.0,MutNovel,"P3362S,1.000"
X-3939,MUC4,4585.0,MutNovel,"L3314H,0.500"
X-3939,MUC4,4585.0,MutNovel,"H3117D,0.400"
X-3939,MUC4,4585.0,MutNovel,"A2574T,0.364"
X-3939,MUC4,4585.0,MutNovel,"L2226P,0.333"
X-3939,MUC4,4585.0,MutNovel,"E2149D,1.000"
X-3939,MUC4,4585.0,MutNovel,"T1566S,1.000"
X-3939,MUC4,4585.0,MutNovel,"P1120T,0.600"
X-3939,MUC6,4588.0,MutNovel,"M1648T,1.000"
X-3939,MUC6,4588.0,MutNovel,"A1471S,0.800"
X-3939,MUC6,4588.0,MutNovel,"P1465T,0.750"
X-3939,MUC6,4588.0,MutNovel,"V1447I,1.000"
X-3939,MUT,4594.0,MutNovel,"L551F,0.212"
X-3939,MYH7B,57644.0,MutKnownFunctional,"E895*,0.262"
X-3939,NADK,65220.0,MutKnownFunctional,"S123*,0.941"
X-3939,NBPF10,100132406.0,MutNovel,"M3500I,0.261"
X-3939,NCOR2,9612.0,MutNovel,"G1839GAAA,0.955"
X-3939,NCOR2,9612.0,MutNovel,"-511S,0.963"
X-3939,NFKB1,4790.0,MutNovel,"R850W,1.000"
X-3939,NHEJ1,79840.0,MutNovel,"M142V,0.600"
X-3939,NIPSNAP1,8508.0,MutNovel,"G24V,0.995"
X-3939,NPIPL2,,MutKnownFunctional,"-354?,1.000"
X-3939,OPN1LW,5956.0,MutNovel,"Y309F,1.000"
X-3939,OR2T12,127064.0,MutNovel,"R55T,1.000"
X-3939,OR2W3,343171.0,MutKnownFunctional,"-298?,0.720"
X-3939,ORAI1,84876.0,MutNovel,"S34R,0.371"
X-3939,ORAI1,84876.0,MutNovel,"PP43-,1.000"
X-3939,OVOS,,MutNovel,"Q421H,0.750"
X-3939,OVOS,,MutNovel,"V427L,0.750"
X-3939,P2RY8,286530.0,MutNovel,"V1520A,0.800"
X-3939,PABPC3,5042.0,MutKnownFunctional,"-247GG?,0.615"
X-3939,PDZD2,23037.0,MutNovel,"A1702T,0.571"
X-3939,PHLDA1,22822.0,MutNovel,"QQ194Q,1.000"
X-3939,PKHD1L1,93035.0,MutNovel,"M3764V,0.800"
X-3939,PLA2G4C,8605.0,MutNovel,"E173K,0.571"
X-3939,PLEKHM1,9842.0,MutNovel,"P641S,0.211"
X-3939,PLK1S1,55857.0,MutKnownFunctional,"-462?,0.464"
X-3939,PPP1R13B,23368.0,MutNovel,"T830R,0.494"
X-3939,PRAMEF1,65121.0,MutNovel,"A372G,1.000"
X-3939,PRIC285,85441.0,MutNovel,"D1513A,0.518"
X-3939,PSMG4,389362.0,MutNovel,"L14V,0.273"
X-3939,PXMP2,5827.0,MutNovel,"P3L,0.345"
X-3939,RAB28,9364.0,MutNovel,"R192P,0.571"
X-3939,RASL10B,91608.0,MutNovel,"A194G,1.000"
X-3939,RBAK-LOC389458,100533952.0,MutNovel,"VA91V,1.000"
X-3939,RFX5,5993.0,MutNovel,"L385I,0.394"
X-3939,RIMS1,22999.0,MutNovel,"M1022T,1.000"
X-3939,RIN3,79890.0,MutNovel,"G967-,0.667"
X-3939,RNF187,149603.0,MutNovel,"E137D,0.293"
X-3939,SERINC2,347735.0,MutNovel,"-373Q,1.000"
X-3939,SLCO6A1,133482.0,MutNovel,"R656H,1.000"
X-3939,SMC4,10051.0,MutNovel,"E802K,0.442"
X-3939,SORL1,6653.0,MutNovel,"E1320A,0.391"
X-3939,SPNS2,124976.0,MutNovel,"T74A,0.556"
X-3939,SRP14,6727.0,MutNovel,"AAA114-,1.000"
X-3939,TAF4,6874.0,MutNovel,"RA968SS,0.432"
X-3939,TAS2R4,50832.0,MutNovel,"D258H,0.292"
X-3939,TBP,6908.0,MutNovel,"-64Q,0.933"
X-3939,TGFB2,7042.0,MutNovel,"E102G,0.402"
X-3939,TLK2,11011.0,MutNovel,"R262Q,0.256"
X-3939,TMBIM4,51643.0,MutKnownFunctional,"-174?,0.596"
X-3939,TMEM184A,202915.0,MutNovel,"G392GA,0.400"
X-3939,TNRC18,84629.0,MutNovel,"A1873S,0.344"
X-3939,TNRC6C,57690.0,MutNovel,"M210T,1.000"
X-3939,TOX2,84969.0,MutNovel,"-390P,0.636"
X-3939,TP53,7157.0,MutKnownFunctional,"R273H,0.992"
X-3939,TSPYL1,7259.0,MutNovel,"V176VW,1.000"
X-3939,TTC40,54777.0,MutNovel,"D1126G,1.000"
X-3939,TUBB8,347688.0,MutNovel,"M113T,1.000"
X-3939,UBN1,29855.0,MutNovel,"E198EKIK,0.345"
X-3939,UNKL,64718.0,MutNovel,"E124D,1.000"
X-3939,UPK3BL,,MutNovel,"L13V,1.000"
X-3939,USP36,57602.0,MutNovel,"KKK958K,1.000"
X-3939,VCX3B,425054.0,MutNovel,"E159Q,0.250"
X-3939,WRNIP1,56897.0,MutNovel,"L122F,0.284"
X-3939,ZDHHC11,79844.0,MutNovel,"A303D,0.947"
X-3939,ZDHHC17,23390.0,MutNovel,"L549P,0.348"
X-3939,ZFP90,146198.0,MutKnownFunctional,"-313,0.286"
X-3939,ZNF143,7702.0,MutNovel,"A236P,1.000"
X-3939,ZNF233,353355.0,MutNovel,"L90P,0.500"
X-3939,ZNF300,91975.0,MutNovel,"D204Y,0.202"
X-3939,ZNF384,171017.0,MutNovel,"QQ514Q,0.764"
X-3939,ZNF721,170960.0,MutNovel,"C562W,0.956"
X-3939,ZNF772,400720.0,MutNovel,"A4GP,1.000"
X-3939,ZNF812,729648.0,MutNovel,"Y305H,0.333"
X-3939,ZNF860,344787.0,MutNovel,"R3Y,0.222"
X-3939,ZNRF2,223082.0,MutNovel,"D123DG,0.750"
X-3939,ZSWIM6,57688.0,MutNovel,"A999V,0.541"
X-4138,A2LD1,87769.0,Amp8,15.24
X-4138,AARD,,MutNovel,"Q92H,0.333"
X-4138,ABCC4,10257.0,Amp5,6.73
X-4138,ABHD13,84945.0,Amp8,30.7
X-4138,ABTB2,25841.0,MutNovel,"E123Q,1.000"
X-4138,ACR,49.0,Del0.8,0.64
X-4138,ADD1,118.0,MutNovel,"K691E,1.000"
X-4138,ADM2,79924.0,Del0.8,0.64
X-4138,AIM1,202.0,Amp8,14.93
X-4138,AMELY,266.0,Del0.8,0.22
X-4138,ANKRD10,55608.0,Amp8,20.39
X-4138,ANKRD36,375248.0,MutNovel,"T998S,0.242"
X-4138,AP1M2,10053.0,MutNovel,"A405T,0.267"
X-4138,ARAP1,116985.0,MutNovel,"S428F,0.745"
X-4138,ARFGEF2,10564.0,MutNovel,"T836M,0.552"
X-4138,ARGLU1,55082.0,Amp8,18.13
X-4138,ARHGAP12,94134.0,MutNovel,"I595V,0.451"
X-4138,ARHGAP35,2909.0,MutKnownFunctional,"-993?,0.485"
X-4138,ARHGEF2,9181.0,MutNovel,"R642L,0.323"
X-4138,ARHGEF7,8874.0,Amp8,16.8
X-4138,ARID3A,1820.0,Del0.8,0.71
X-4138,ARSA,410.0,Del0.8,0.64
X-4138,ASCC3,10973.0,Amp5,7.67
X-4138,ATG5,9474.0,Amp8,14.93
X-4138,ATM,472.0,MutNovel,"P1054R,0.250"
X-4138,ATP5D,513.0,Del0.8,0.67
X-4138,AZU1,566.0,Del0.8,0.71
X-4138,B4GALNT1,2583.0,MutNovel,"T207I,0.212"
X-4138,BCORP1,286554.0,Del0.8,0.22
X-4138,BEND3,57673.0,Amp8,14.93
X-4138,BFSP1,631.0,MutNovel,"V240M,0.818"
X-4138,BHLHA15,168620.0,MutNovel,"S64F,0.545"
X-4138,BIVM,54841.0,Amp8,11.79
X-4138,BIVM-ERCC5,100533467.0,Amp8,11.79
X-4138,BPY2B,442867.0,Del0.8,0.07
X-4138,BPY2B,442867.0,Del0.8,0.13
X-4138,BSG,682.0,Del0.8,0.71
X-4138,BVES,11149.0,Amp8,12.04
X-4138,C19orf21,126353.0,Del0.8,0.71
X-4138,C19orf24,55009.0,Del0.8,0.67
X-4138,C19orf26,255057.0,Del0.8,0.67
X-4138,C19orf55,148137.0,MutNovel,"R281Q,0.277"
X-4138,C2CD4C,126567.0,Del0.8,0.67
X-4138,C2orf77,129881.0,MutNovel,"E242K,0.500"
X-4138,C5orf45,51149.0,MutNovel,"R163H,0.270"
X-4138,C6orf203,51250.0,Amp8,14.93
X-4138,C7orf73,647087.0,MutNovel,"A40V,0.408"
X-4138,C8orf82,414919.0,MutNovel,"A90V,0.463"
X-4138,C9orf3,84909.0,Del0.8,0.67
X-4138,CAMKK2,10645.0,MutKnownFunctional,"-538?,0.370"
X-4138,CARKD,55739.0,Amp8,20.39
X-4138,CARS2,79587.0,Amp8,20.39
X-4138,CCDC168,643677.0,Amp8,11.79
X-4138,CCDC66,285331.0,MutNovel,"S606SP,0.805"
X-4138,CDC34,997.0,Del0.8,0.71
X-4138,CDC42EP1,11135.0,MutNovel,"PAPAANPS253P,0.710"
X-4138,CDKN1C,1028.0,MutNovel,"APVAV171V,0.556"
X-4138,CDY1B,253175.0,Del0.8,0.31
X-4138,CDY1B,253175.0,Del0.8,0.13
X-4138,CDY2A,9426.0,Del0.8,0.22
X-4138,CDY2A,9426.0,Del0.8,0.22
X-4138,CDY2B,203611.0,Del0.8,0.22
X-4138,CDY2B,203611.0,Del0.8,0.22
X-4138,CENPE,1062.0,MutNovel,"Q2014R,1.000"
X-4138,CFD,1675.0,Del0.8,0.71
X-4138,CHAMP1,283489.0,Amp8,9.58
X-4138,CHKB,1120.0,Del0.8,0.64
X-4138,CHKB-CPT1B,386593.0,Del0.8,0.64
X-4138,CHST1,8534.0,MutNovel,"N214D,0.250"
X-4138,CHST6,4166.0,MutNovel,"L348R,0.471"
X-4138,CIRBP,1153.0,Del0.8,0.67
X-4138,CIRBP-AS1,148046.0,Del0.8,0.67
X-4138,CLDN10,9071.0,Amp5,6.73
X-4138,CLYBL,171425.0,Amp5,6.45
X-4138,CNTNAP3,79937.0,MutNovel,"R693Q,1.000"
X-4138,COL12A1,1303.0,MutNovel,"I2703T,0.232"
X-4138,COL4A1,1282.0,Amp8,20.39
X-4138,COL4A2,1284.0,Amp8,20.39
X-4138,CPT1B,1375.0,Del0.8,0.64
X-4138,CSNK2A1P,283106.0,MutNovel,"G256D,0.500"
X-4138,CSPG4P1Y,114758.0,Del0.8,0.31
X-4138,CSPG4P1Y,114758.0,Del0.8,0.31
X-4138,CSRNP1,64651.0,MutNovel,"Q200E,0.615"
X-4138,CSRP2BP,57325.0,MutNovel,"S51P,0.561"
X-4138,CTSA,5476.0,MutNovel,"L29-,0.417"
X-4138,CYP2R1,120227.0,MutNovel,"H381R,1.000"
X-4138,DAOA,267012.0,Amp8,18.13
X-4138,DAOA-AS1,282706.0,Amp8,18.13
X-4138,DAZ1,1617.0,Del0.8,0.22
X-4138,DAZ2,57055.0,Del0.8,0.14
X-4138,DAZ3,57054.0,Del0.8,0.07
X-4138,DAZ3,57054.0,Del0.8,0.13
X-4138,DAZ4,57135.0,Del0.8,0.11
X-4138,DAZ4,57135.0,Del0.8,0.15
X-4138,DCT,1638.0,Amp5,6.73
X-4138,DDX3Y,8653.0,Del0.8,0.22
X-4138,DMXL2,23312.0,MutNovel,"V1134L,0.421"
X-4138,DNAJC3,5611.0,Amp5,6.73
X-4138,DNTTIP2,30836.0,MutNovel,"G642A,1.000"
X-4138,DOCK9,23348.0,Amp5,6.45
X-4138,DZIP1,22873.0,Amp5,6.73
X-4138,ECHDC2,55268.0,MutNovel,"T164M,1.000"
X-4138,EFNA2,1943.0,Del0.8,0.67
X-4138,EFNB2,1948.0,Amp8,18.13
X-4138,EIF1AY,9086.0,Del0.8,0.22
X-4138,EIF2AK3,9451.0,MutNovel,"A82G,0.440"
X-4138,EIF5,1983.0,MutNovel,"D427N,0.370"
X-4138,ELANE,1991.0,Del0.8,0.71
X-4138,ELN,2006.0,MutNovel,"A510S,0.389"
X-4138,ERCC5,2073.0,Amp8,11.79
X-4138,FAM106A,80039.0,Del0.8,0.74
X-4138,FAM116B,414918.0,Del0.8,0.64
X-4138,FAM155A,728215.0,Amp8,21.71
X-4138,FAM190A,401145.0,Del0.8,0.77
X-4138,FAM197Y2P,252946.0,Del0.8,0.22
X-4138,FAM22F,54754.0,MutNovel,"R176G,1.000"
X-4138,FAM41AY1,340618.0,Del0.8,0.22
X-4138,FAM41AY1,340618.0,Del0.8,0.22
X-4138,FAM74A4,401508.0,Del0.8,0.7
X-4138,FAM86B2,653333.0,MutNovel,"K91R,0.667"
X-4138,FANCG,2189.0,MutNovel,"E101Q,1.000"
X-4138,FARP1,10160.0,Amp5,5.78
X-4138,FBXL13,222235.0,MutNovel,"L510F,0.667"
X-4138,FBXW8,26259.0,MutNovel,"R84H,0.318"
X-4138,FGF14,2259.0,Amp8,16.68
X-4138,FGF14-IT1,283480.0,Amp8,16.68
X-4138,FGF22,27006.0,Del0.8,0.71
X-4138,FKSG29,100131561.0,Amp5,6.45
X-4138,FLJ45445,399844.0,Del0.8,0.67
X-4138,FMNL1,752.0,MutNovel,"-603P,0.818"
X-4138,FOXD4L3,286380.0,MutNovel,"H225Q,1.000"
X-4138,FSTL3,10272.0,Del0.8,0.71
X-4138,GAMT,2593.0,Del0.8,0.67
X-4138,GATA3,2625.0,MutNovel,"P62S,1.000"
X-4138,GDF1,2657.0,MutNovel,"A157GP,0.441"
X-4138,GIGYF2,26058.0,MutNovel,"PQ1231P,0.778"
X-4138,GOLGA2P2Y,84559.0,Del0.8,0.31
X-4138,GOLGA2P2Y,84559.0,Del0.8,0.31
X-4138,GOLGA8J,,MutNovel,"K375E,1.000"
X-4138,GOLIM4,27333.0,MutNovel,"R248G,0.794"
X-4138,GPC5,2262.0,Amp8,14.93
X-4138,GPC6,10082.0,Amp8,9.32
X-4138,GPR18,2841.0,Amp5,6.45
X-4138,GPR180,160897.0,Amp5,6.73
X-4138,GPR183,1880.0,Amp5,6.45
X-4138,GPX4,2879.0,Del0.8,0.67
X-4138,GRIK2,2898.0,Amp5,7.73
X-4138,GSTM1,2944.0,Del0.8,0.68
X-4138,GTF2I,2969.0,MutNovel,"R572Q,0.208"
X-4138,GYG2P1,352887.0,Del0.8,0.22
X-4138,GZMM,3004.0,Del0.8,0.71
X-4138,H3F3C,440093.0,MutNovel,"T80N,1.000"
X-4138,HACE1,57531.0,Amp8,12.04
X-4138,HCN2,610.0,Del0.8,0.71
X-4138,HDAC10,83933.0,Del0.8,0.64
X-4138,HEATR5A,25938.0,MutNovel,"C1951Y,0.348"
X-4138,HIC1,3090.0,MutNovel,"P646S,1.000"
X-4138,HLA-DQB2,3120.0,MutNovel,"V37F,1.000"
X-4138,HLA-DQB2,3120.0,MutNovel,"K33E,1.000"
X-4138,HLA-DQB2,3120.0,MutNovel,"A28G,1.000"
X-4138,HMHA1,23526.0,Del0.8,0.67
X-4138,HRC,3270.0,MutNovel,"DV261V,0.406"
X-4138,HS6ST3,266722.0,Amp5,6.73
X-4138,HSFY2,159119.0,Del0.8,0.22
X-4138,HSFY2,159119.0,Del0.8,0.22
X-4138,HYI,81888.0,MutNovel,"G56E,0.993"
X-4138,ING1,3621.0,Amp8,20.39
X-4138,IPO5,3843.0,Amp5,6.73
X-4138,IRS2,8660.0,Amp8,29.86
X-4138,ITGBL1,9358.0,Amp8,16.68
X-4138,KCNC3,3748.0,MutNovel,"D63G,1.000"
X-4138,KDELC1,79070.0,Amp8,11.79
X-4138,KDM5D,8284.0,Del0.8,0.22
X-4138,KGFLP1,387628.0,Del0.8,0.7
X-4138,KIAA0182,23199.0,MutNovel,"P282T,0.600"
X-4138,KIF20B,9585.0,MutNovel,"L1062LKV,0.319"
X-4138,KISS1R,84634.0,Del0.8,0.71
X-4138,KLHDC7B,113730.0,Del0.8,0.64
X-4138,LATS1,9113.0,MutNovel,"R28Q,0.653"
X-4138,LCE3C,353144.0,Del0.8,0.21
X-4138,LGALS9C,654346.0,Del0.8,0.33
X-4138,LIG4,3981.0,Amp8,30.7
X-4138,LIN28B,389421.0,Amp8,12.04
X-4138,LINC00346,283487.0,Amp8,20.39
X-4138,LINC00410,144776.0,Amp8,17.39
X-4138,LINC00460,728192.0,Amp8,18.13
X-4138,LINS,55180.0,MutNovel,"D254G,0.746"
X-4138,LMF2,91289.0,Del0.8,0.64
X-4138,LOC100144603,100144603.0,Del0.8,0.64
X-4138,LOC100287290,,MutNovel,"T7A,0.800"
X-4138,LOC100287313,,MutNovel,"R140S,0.667"
X-4138,LOC100422737,100422737.0,Amp8,14.93
X-4138,LOC100996614,,MutNovel,"Q105R,0.300"
X-4138,LOC283481,283481.0,Amp8,16.68
X-4138,LOC728012,728012.0,Amp5,7.67
X-4138,LPPR3,79948.0,Del0.8,0.71
X-4138,LRRD1,401387.0,MutNovel,"L821S,0.765"
X-4138,LSR,51599.0,MutNovel,"G518GR,0.820"
X-4138,MADCAM1,8174.0,Del0.8,0.71
X-4138,MAFA,389692.0,MutNovel,"G347C,0.455"
X-4138,MAFA,389692.0,MutNovel,"HH207H,0.556"
X-4138,MAP3K4,4216.0,MutNovel,"PA1189P,0.500"
X-4138,MAPK11,5600.0,Del0.8,0.64
X-4138,MAPK12,6300.0,Del0.8,0.64
X-4138,MAPK8IP2,23542.0,Del0.8,0.64
X-4138,MAST3,23031.0,MutNovel,"R1239W,0.500"
X-4138,MBNL2,10150.0,Amp5,6.73
X-4138,MCHR2,84539.0,Amp5,7.67
X-4138,MED16,10025.0,Del0.8,0.71
X-4138,METTL21C,196541.0,Amp8,11.79
X-4138,MIDN,90007.0,Del0.8,0.67
X-4138,MIER2,54531.0,Del0.8,0.67
X-4138,MIOX,55586.0,Del0.8,0.64
X-4138,MIR17HG,407975.0,Amp8,17.39
X-4138,MIR19B1,406980.0,Amp8,17.39
X-4138,MIR2681,100616110.0,Amp8,16.68
X-4138,MIR3170,100422881.0,Amp5,6.73
X-4138,MIR3187,100422854.0,Del0.8,0.71
X-4138,MIR4306,100422861.0,Amp5,6.45
X-4138,MIR4500,100616182.0,Amp8,19.29
X-4138,MIR4500HG,642345.0,Amp8,19.29
X-4138,MIR4705,100616239.0,Amp8,16.68
X-4138,MIR4745,100616459.0,Del0.8,0.71
X-4138,MIR548AN,100616144.0,Amp5,6.45
X-4138,MIR622,693207.0,Amp8,13.55
X-4138,MIR623,693208.0,Amp5,6.45
X-4138,MLC1,23209.0,Del0.8,0.64
X-4138,MMEL1,79258.0,MutNovel,"C776R,1.000"
X-4138,MOV10L1,54456.0,Del0.8,0.64
X-4138,MTHFR,4524.0,MutNovel,"T34I,1.000"
X-4138,MUM1,84939.0,Del0.8,0.67
X-4138,MXRA7,439921.0,MutNovel,"E36G,1.000"
X-4138,MYO16,23026.0,Amp8,30.7
X-4138,MYO5C,55930.0,MutKnownFunctional,"-176,0.462"
X-4138,NALCN,259232.0,Amp8,16.68
X-4138,NBPF1,55672.0,MutNovel,"R1042S,0.219"
X-4138,NBPF10,100132406.0,MutNovel,"E396Q,0.286"
X-4138,NCAPH2,29781.0,Del0.8,0.64
X-4138,NCF2,4688.0,MutNovel,"P231L,1.000"
X-4138,NCOA3,8202.0,MutNovel,"Q1255-,0.409"
X-4138,NCOR2,9612.0,MutNovel,"G1839GAAA,0.595"
X-4138,NCOR2,9612.0,MutNovel,"-511SS,0.202"
X-4138,NCRNA00185,55410.0,Del0.8,0.22
X-4138,NDUFS7,374291.0,Del0.8,0.67
X-4138,NEB,4703.0,MutNovel,"L7952V,0.319"
X-4138,NLGN4Y,22829.0,Del0.8,0.22
X-4138,NPFF,8620.0,MutNovel,"D37E,0.647"
X-4138,NR2E1,7101.0,Amp8,18.25
X-4138,NUDT11,55190.0,MutKnownFunctional,"-1,0.875"
X-4138,NUDT18,79873.0,MutNovel,"G313S,0.727"
X-4138,ODF3B,440836.0,Del0.8,0.64
X-4138,OR4F17,81099.0,Del0.8,0.67
X-4138,OR4K1,79544.0,Amp5,5.7
X-4138,OR4K2,390431.0,Amp5,5.7
X-4138,OR4K5,79317.0,Amp5,5.7
X-4138,OR4M1,441670.0,Amp5,5.7
X-4138,OR4N2,390429.0,Amp5,5.7
X-4138,OR4Q3,441669.0,Amp5,5.7
X-4138,ORAI1,84876.0,MutNovel,"PP43-,0.736"
X-4138,OSTM1,28962.0,Amp8,18.25
X-4138,OXGR1,27199.0,Amp5,6.73
X-4138,PAAF1,80227.0,MutNovel,"R271G,0.781"
X-4138,PALM,5064.0,Del0.8,0.71
X-4138,PANX2,56666.0,Del0.8,0.64
X-4138,PCCA,5095.0,Amp8,13.55
X-4138,PCDH11Y,83259.0,Del0.8,0.22
X-4138,PCDHB13,56123.0,MutNovel,"R652C,0.364"
X-4138,PCK2,5106.0,MutNovel,"T109M,0.333"
X-4138,PDSS2,57107.0,Amp8,16.56
X-4138,PHLDA1,22822.0,MutNovel,"QQ194Q,0.555"
X-4138,PKNOX2,63876.0,MutNovel,"E442-,0.533"
X-4138,PLXNB2,23654.0,Del0.8,0.64
X-4138,POLR2E,5434.0,Del0.8,0.67
X-4138,POLR3A,11128.0,MutNovel,"L538P,0.273"
X-4138,POLRMT,5442.0,Del0.8,0.71
X-4138,POPDC3,64208.0,Amp8,12.04
X-4138,PPAP2C,8612.0,Del0.8,0.67
X-4138,PPM1A,5494.0,MutNovel,"G262A,0.537"
X-4138,PPP6R2,9701.0,Del0.8,0.64
X-4138,PRDM1,639.0,Amp8,14.93
X-4138,PREP,5550.0,Amp8,13.36
X-4138,PRIC285,85441.0,MutNovel,"A905T,0.595"
X-4138,PRKY,5616.0,Del0.8,0.22
X-4138,PRSS57,400668.0,Del0.8,0.71
X-4138,PRTN3,5657.0,Del0.8,0.71
X-4138,PRY,9081.0,Del0.8,0.22
X-4138,PRY,9081.0,Del0.8,0.22
X-4138,PRY2,442862.0,Del0.8,0.22
X-4138,PRY2,442862.0,Del0.8,0.22
X-4138,PTBP1,5725.0,Del0.8,0.71
X-4138,PTPRF,5792.0,MutNovel,"R1343H,1.000"
X-4138,QRSL1,55278.0,Amp8,14.93
X-4138,R3HDM4,91300.0,Del0.8,0.71
X-4138,RAB20,55647.0,Amp8,20.39
X-4138,RABL2B,11158.0,Del0.8,0.64
X-4138,RADIL,55698.0,MutNovel,"R821TLAG,0.385"
X-4138,RADIL,55698.0,MutNovel,"N790S,0.667"
X-4138,RAP2A,5911.0,Amp5,6.73
X-4138,RBMY1A3P,286557.0,Del0.8,0.22
X-4138,RBMY1B,378948.0,Del0.8,0.22
X-4138,RBMY1B,378948.0,Del0.8,0.22
X-4138,RBMY1E,378950.0,Del0.8,0.22
X-4138,RBMY1E,378950.0,Del0.8,0.22
X-4138,RBMY1F,159163.0,Del0.8,0.22
X-4138,RBMY1F,159163.0,Del0.8,0.22
X-4138,RBMY1J,378951.0,Del0.8,0.22
X-4138,RBMY1J,378951.0,Del0.8,0.22
X-4138,RBMY2EP,159125.0,Del0.8,0.22
X-4138,RBMY2FP,159162.0,Del0.8,0.22
X-4138,RBMY3AP,64593.0,Del0.8,0.22
X-4138,RHD,6007.0,Del0.8,0.57
X-4138,RIN3,79890.0,MutNovel,"G967-,0.653"
X-4138,RNF113B,140432.0,Amp5,6.73
X-4138,RNF126,55658.0,Del0.8,0.71
X-4138,RPL23AP82,284942.0,Del0.8,0.64
X-4138,RPS17L,,MutNovel,"F128L,0.667"
X-4138,RPS4Y1,6192.0,Del0.8,0.22
X-4138,RPS4Y2,140032.0,Del0.8,0.22
X-4138,RTN4IP1,84816.0,Amp8,14.93
X-4138,SBF1,6305.0,Del0.8,0.64
X-4138,SBNO2,22904.0,Del0.8,0.67
X-4138,SCML4,256380.0,Amp8,15.78
X-4138,SCO2,9997.0,Del0.8,0.64
X-4138,SEC63,11231.0,Amp8,18.25
X-4138,SELO,83642.0,Del0.8,0.64
X-4138,SERINC2,347735.0,MutNovel,"-373Q,0.731"
X-4138,SETD6,79918.0,MutKnownFunctional,"-288?,0.640"
X-4138,SETD9,,MutNovel,"Y267C,0.284"
X-4138,SHANK3,85358.0,Del0.8,0.64
X-4138,SIM1,6492.0,Amp5,7.67
X-4138,SIRPB1,10326.0,Amp5,5.82
X-4138,SLC10A2,6555.0,Amp8,11.79
X-4138,SLC15A1,6564.0,Amp5,6.45
X-4138,SLC25A1,6576.0,MutNovel,"A5V,1.000"
X-4138,SLITRK5,26050.0,Amp8,19.29
X-4138,SLITRK6,84189.0,Amp8,27.47
X-4138,SMG8,55181.0,MutNovel,"DPG84-,0.260"
X-4138,SMYD3,64754.0,MutNovel,"K42E,0.248"
X-4138,SNAPC4,6621.0,MutNovel,"S542-,0.524"
X-4138,SNED1,25992.0,MutNovel,"G1334R,0.583"
X-4138,SNTB1,6641.0,MutNovel,"Q470P,0.680"
X-4138,SNX3,8724.0,Amp8,18.25
X-4138,SOBP,55084.0,Amp8,15.78
X-4138,SOX1,6656.0,Amp8,9.71
X-4138,SOX21,11166.0,Amp5,6.73
X-4138,SPAG7,9552.0,MutNovel,"R102H,0.347"
X-4138,SPRR2D,6703.0,MutNovel,"P21S,0.455"
X-4138,SPRR2G,6706.0,MutNovel,"T20A,0.824"
X-4138,SPTY2D1,144108.0,MutNovel,"KR107R,0.880"
X-4138,SRY,6736.0,Del0.8,0.22
X-4138,STK11,6794.0,Del0.8,0.67
X-4138,STK24,8428.0,Amp5,6.45
X-4138,SUSD4,55061.0,MutNovel,"R209C,1.000"
X-4138,SYCE3,644186.0,Del0.8,0.64
X-4138,SYNE2,23224.0,MutNovel,"T4517A,0.227"
X-4138,TBL1Y,90665.0,Del0.8,0.22
X-4138,TBP,6908.0,MutNovel,"-64Q,0.333"
X-4138,TCF7L1,83439.0,MutNovel,"G8-,0.607"
X-4138,TGDS,23483.0,Amp5,6.73
X-4138,TGIF2LY,90655.0,Del0.8,0.22
X-4138,TGS1,96764.0,MutNovel,"E196G,0.613"
X-4138,THEG,51298.0,Del0.8,0.67
X-4138,TM9SF2,9375.0,Amp5,6.45
X-4138,TMSB4Y,9087.0,Del0.8,0.22
X-4138,TMTC4,84899.0,Amp8,15.24
X-4138,TNFAIP6,7130.0,MutKnownFunctional,"-278,0.727"
X-4138,TNFSF13B,10673.0,Amp8,30.7
X-4138,TNXB,7148.0,MutNovel,"L3986I,1.000"
X-4138,TP53,7157.0,MutNovel,"Y234D,1.000"
X-4138,TPGS1,91978.0,Del0.8,0.71
X-4138,TPP2,7174.0,Amp8,11.79
X-4138,TRABD,80305.0,Del0.8,0.64
X-4138,TRIM43,129868.0,MutNovel,"S257P,1.000"
X-4138,TRIM43B,653192.0,MutNovel,"L168W,1.000"
X-4138,TRIM43B,653192.0,MutNovel,"D136H,0.600"
X-4138,TRIM43B,653192.0,MutNovel,"T14A,1.000"
X-4138,TSPY1,7258.0,Del0.8,0.22
X-4138,TSPY2,64591.0,Del0.8,0.22
X-4138,TSPY3,728137.0,Del0.8,0.22
X-4138,TSPY4,728395.0,Del0.8,0.22
X-4138,TSPY8,728403.0,Del0.8,0.22
X-4138,TSPYL1,7259.0,MutNovel,"V176VW,0.503"
X-4138,TTC28,23331.0,Del0.8,0.77
X-4138,TTTY10,246119.0,Del0.8,0.22
X-4138,TTTY11,83866.0,Del0.8,0.22
X-4138,TTTY12,83867.0,Del0.8,0.22
X-4138,TTTY13,83868.0,Del0.8,0.22
X-4138,TTTY14,83869.0,Del0.8,0.22
X-4138,TTTY15,64595.0,Del0.8,0.22
X-4138,TTTY16,252948.0,Del0.8,0.22
X-4138,TTTY17A,252949.0,Del0.8,0.31
X-4138,TTTY17A,252949.0,Del0.8,0.13
X-4138,TTTY18,252950.0,Del0.8,0.22
X-4138,TTTY19,252952.0,Del0.8,0.22
X-4138,TTTY1B,100101116.0,Del0.8,0.22
X-4138,TTTY1B,100101116.0,Del0.8,0.22
X-4138,TTTY2,60439.0,Del0.8,0.22
X-4138,TTTY2,60439.0,Del0.8,0.22
X-4138,TTTY20,252951.0,Del0.8,0.22
X-4138,TTTY21,252953.0,Del0.8,0.22
X-4138,TTTY21,252953.0,Del0.8,0.22
X-4138,TTTY22,252954.0,Del0.8,0.22
X-4138,TTTY23,252955.0,Del0.8,0.22
X-4138,TTTY23,252955.0,Del0.8,0.22
X-4138,TTTY3,114760.0,Del0.8,0.13
X-4138,TTTY3,114760.0,Del0.8,0.1
X-4138,TTTY4,114761.0,Del0.8,0.13
X-4138,TTTY4,114761.0,Del0.8,0.07
X-4138,TTTY5,83863.0,Del0.8,0.22
X-4138,TTTY6,84672.0,Del0.8,0.22
X-4138,TTTY6,84672.0,Del0.8,0.22
X-4138,TTTY7,246122.0,Del0.8,0.22
X-4138,TTTY7,246122.0,Del0.8,0.22
X-4138,TTTY7B,100101120.0,Del0.8,0.22
X-4138,TTTY7B,100101120.0,Del0.8,0.22
X-4138,TTTY8,84673.0,Del0.8,0.22
X-4138,TTTY8,84673.0,Del0.8,0.22
X-4138,TTTY9A,83864.0,Del0.8,0.22
X-4138,TTTY9A,83864.0,Del0.8,0.22
X-4138,TUBGCP6,85378.0,Del0.8,0.64
X-4138,TXLNG2P,246126.0,Del0.8,0.22
X-4138,TYMP,1890.0,Del0.8,0.64
X-4138,UBAC2,337867.0,Amp5,6.45
X-4138,UBAC2-AS1,100289373.0,Amp5,6.45
X-4138,UGGT2,55757.0,Amp5,6.73
X-4138,USP17L7,,MutNovel,"T404M,1.000"
X-4138,USP32P2,220594.0,Del0.8,0.74
X-4138,USP54,159195.0,MutNovel,"F1591L,0.696"
X-4138,USP54,159195.0,MutNovel,"I82L,0.345"
X-4138,USP9Y,8287.0,Del0.8,0.22
X-4138,UTY,7404.0,Del0.8,0.22
X-4138,VCY,9084.0,Del0.8,0.22
X-4138,VCY,9084.0,Del0.8,0.22
X-4138,VSIG10,54621.0,MutNovel,"G384S,0.833"
X-4138,WDR18,57418.0,Del0.8,0.71
X-4138,XKRY2,353515.0,Del0.8,0.22
X-4138,XKRY2,353515.0,Del0.8,0.22
X-4138,ZDHHC11,79844.0,MutNovel,"A303D,0.681"
X-4138,ZDHHC11,79844.0,MutNovel,"G58R,0.600"
X-4138,ZFY,7544.0,Del0.8,0.22
X-4138,ZIC2,7546.0,Amp5,6.45
X-4138,ZIC5,85416.0,Amp5,6.45
X-4138,ZNF219,51222.0,MutNovel,"QPP233P,0.526"
X-4138,ZNF347,84671.0,MutNovel,"F17V,0.345"
X-4138,ZNF568,374900.0,MutNovel,"E371K,0.444"
X-4138,ZNF618,114991.0,MutNovel,"L381V,1.000"
X-4138,ZNF655,79027.0,MutKnownFunctional,"-121,0.315"
X-4138,ZNF728,,MutNovel,"A82P,1.000"
X-4138,ZNF728,,MutNovel,"S79P,1.000"
X-4138,ZNF728,,MutNovel,"V76G,1.000"
X-4138,ZNF778,197320.0,MutNovel,"C434Y,0.520"
X-4138,ZW10,9183.0,MutNovel,"S675A,0.652"
X-4261,ABCA2,20.0,MutNovel,"A2435E,0.645"
X-4261,ACOT1,641371.0,Del0.8,0.54
X-4261,ACTA1,58.0,MutNovel,"T360S,0.375"
X-4261,ADAMTS5,11096.0,MutNovel,"G72E,1.000"
X-4261,AGAP7,653268.0,MutNovel,"R528Q,1.000"
X-4261,AGAP8,728404.0,MutNovel,"S532T,0.316"
X-4261,AGAP9,642517.0,MutNovel,"E270K,0.632"
X-4261,AHNAK2,113146.0,MutNovel,"A1650D,0.400"
X-4261,AHNAK2,113146.0,MutNovel,"E825D,0.250"
X-4261,ALPK1,80216.0,MutNovel,"P1195S,1.000"
X-4261,AMELY,266.0,Del0.8,0.21
X-4261,ANKRD20A4,728747.0,MutNovel,"Q362K,0.300"
X-4261,ANKRD20A4,728747.0,MutNovel,"H375R,0.333"
X-4261,ANKRD36,375248.0,MutNovel,"T998S,0.450"
X-4261,ANLN,54443.0,MutNovel,"P907A,0.693"
X-4261,ARHGEF35,445328.0,MutNovel,"E187Q,0.480"
X-4261,ART5,116969.0,MutNovel,"-25P,1.000"
X-4261,ASMTL,8623.0,MutNovel,"Q1147R,0.300"
X-4261,BACE1,23621.0,MutNovel,"P107S,0.541"
X-4261,BAD,572.0,MutNovel,"H38Y,0.316"
X-4261,BASP1P1,646201.0,Del0.8,0.76
X-4261,BBC3,27113.0,MutNovel,"G229S,0.548"
X-4261,BCORP1,286554.0,Del0.8,0.17
X-4261,BPY2B,442867.0,Del0.8,0.06
X-4261,BPY2B,442867.0,Del0.8,0.1
X-4261,BTLA,151888.0,MutNovel,"N228D,0.500"
X-4261,BTNL8,79908.0,Del0.8,0.57
X-4261,BZRAP1,9256.0,MutNovel,"R832Q,0.591"
X-4261,C11orf95,65998.0,MutNovel,"A234V,0.733"
X-4261,C2CD4D,100191040.0,MutNovel,"S105F,0.444"
X-4261,CALHM2,51063.0,MutKnownFunctional,"-114,0.425"
X-4261,CBWD6,644019.0,MutKnownFunctional,"-259?,0.350"
X-4261,CBX4,8535.0,MutNovel,"V505A,0.218"
X-4261,CBX5,23468.0,MutNovel,"D99N,0.990"
X-4261,CCDC66,285331.0,MutNovel,"S606SP,1.000"
X-4261,CCDC80,151887.0,MutNovel,"D174N,0.600"
X-4261,CCL3L1,6349.0,Del0.8,0.79
X-4261,CCL3L3,414062.0,Del0.8,0.79
X-4261,CCL4L1,9560.0,Del0.8,0.79
X-4261,CCNE2,9134.0,Amp5,5.94
X-4261,CD200R1L,344807.0,MutNovel,"V127M,1.000"
X-4261,CD200R1L,344807.0,MutNovel,"G125C,1.000"
X-4261,CD200R1L,344807.0,MutNovel,"T117I,1.000"
X-4261,CDY1B,253175.0,Del0.8,0.14
X-4261,CDY1B,253175.0,Del0.8,0.17
X-4261,CDY2A,9426.0,Del0.8,0.11
X-4261,CDY2A,9426.0,Del0.8,0.11
X-4261,CDY2B,203611.0,Del0.8,0.11
X-4261,CDY2B,203611.0,Del0.8,0.11
X-4261,CHD2,1106.0,MutKnownFunctional,"-1242?,0.818"
X-4261,CLCNKA,1187.0,MutNovel,"T577D,0.529"
X-4261,CLCNKB,1188.0,MutNovel,"M176I,1.000"
X-4261,CLP1,10978.0,MutNovel,"R132H,0.632"
X-4261,CNKSR1,10256.0,MutKnownFunctional,"-282,0.503"
X-4261,CNKSR2,22866.0,MutNovel,"E879Q,1.000"
X-4261,CNTNAP2,26047.0,Del0.8,0.67
X-4261,COX10,1352.0,MutNovel,"I127T,1.000"
X-4261,CPS1,1373.0,MutNovel,"M805V,0.236"
X-4261,CSPG4P1Y,114758.0,Del0.8,0.14
X-4261,CSPG4P1Y,114758.0,Del0.8,0.17
X-4261,CTSA,5476.0,MutNovel,"L29-,1.000"
X-4261,CYP2D6,1565.0,MutNovel,"Y355C,0.265"
X-4261,DAZ1,1617.0,Del0.8,0.17
X-4261,DAZ2,57055.0,Del0.8,0.11
X-4261,DAZ3,57054.0,Del0.8,0.1
X-4261,DAZ3,57054.0,Del0.8,0.06
X-4261,DAZ4,57135.0,Del0.8,0.09
X-4261,DAZ4,57135.0,Del0.8,0.12
X-4261,DDX3Y,8653.0,Del0.8,0.19
X-4261,DGKK,139189.0,MutKnownFunctional,"-1020?,1.000"
X-4261,DHTKD1,55526.0,MutNovel,"S135A,0.511"
X-4261,DLEC1,9940.0,MutNovel,"V1560M,0.387"
X-4261,DMAP1,55929.0,MutNovel,"F315L,0.710"
X-4261,DMD,1756.0,Del0.8,0.31
X-4261,DNAH6,1768.0,MutNovel,"N28H,0.400"
X-4261,DPY19L4,286148.0,Amp5,5.94
X-4261,DTX3L,151636.0,MutNovel,"G696E,0.596"
X-4261,DUSP22,56940.0,Del0.8,0.61
X-4261,EIF1AY,9086.0,Del0.8,0.17
X-4261,EIF2AK1,27102.0,MutNovel,"I382T,0.432"
X-4261,ERBB2,2064.0,MutNovel,"S633C,1.000"
X-4261,ESRP1,54845.0,Amp5,5.94
X-4261,FAM115C,285966.0,MutNovel,"P772Q,0.625"
X-4261,FAM120C,54954.0,MutNovel,"P110RRP,1.000"
X-4261,FAM190B,54462.0,MutNovel,"M668V,0.463"
X-4261,FAM197Y2P,252946.0,Del0.8,0.19
X-4261,FAM21A,387680.0,Del0.8,0.57
X-4261,FAM41AY1,340618.0,Del0.8,0.11
X-4261,FAM41AY1,340618.0,Del0.8,0.11
X-4261,FAM47A,158724.0,Del0.8,0.76
X-4261,FCGR1A,2209.0,MutNovel,"L105P,0.500"
X-4261,FRAT2,23401.0,MutNovel,"R161C,0.485"
X-4261,FSTL3,10272.0,MutKnownFunctional,"-262,1.000"
X-4261,FUT5,2527.0,MutNovel,"A118M,1.000"
X-4261,GCNT3,9245.0,MutNovel,"I68V,0.300"
X-4261,GOLGA2P2Y,84559.0,Del0.8,0.17
X-4261,GOLGA2P2Y,84559.0,Del0.8,0.14
X-4261,GOLGA6L10,647042.0,MutNovel,"W330R,0.429"
X-4261,GOLGA6L3,,MutNovel,"R216C,0.667"
X-4261,GOLGA8A,23015.0,MutNovel,"R87G,0.775"
X-4261,GOLGA8B,440270.0,MutNovel,"R87G,0.354"
X-4261,GP1BB,,MutNovel,"P130L,1.000"
X-4261,GPATCH2,55105.0,MutNovel,"D401H,0.268"
X-4261,GPR137C,283554.0,MutNovel,"S27G,1.000"
X-4261,GPRIN2,9721.0,MutNovel,"-238MRE,0.216"
X-4261,GRIK5,2901.0,MutNovel,"R787W,0.533"
X-4261,GSTA1,2938.0,MutNovel,"E137K,1.000"
X-4261,GSTTP1,25774.0,Del0.8,0.63
X-4261,GYG2P1,352887.0,Del0.8,0.19
X-4261,HARBI1,283254.0,MutNovel,"S312C,0.333"
X-4261,HLA-DQB2,3120.0,MutNovel,"Q153H,0.909"
X-4261,HSD17B4,3295.0,MutNovel,"M411I,0.996"
X-4261,HSFY2,159119.0,Del0.8,0.11
X-4261,HSFY2,159119.0,Del0.8,0.11
X-4261,IFIT1B,439996.0,MutNovel,"H401N,0.667"
X-4261,IFRD2,7866.0,MutNovel,"D98Y,0.536"
X-4261,IGFBP2,3485.0,MutNovel,"L17LLPP,0.792"
X-4261,IGFBP4,3487.0,MutNovel,"P41S,0.987"
X-4261,IL28B,282617.0,MutNovel,"K70R,0.455"
X-4261,INTS8,55656.0,Amp5,5.94
X-4261,KCNIP4,80333.0,Del0.8,0.5
X-4261,KDM5D,8284.0,Del0.8,0.17
X-4261,KIAA0825,285600.0,MutKnownFunctional,"-189?,0.750"
X-4261,LAMA5,3911.0,MutNovel,"R1264Q,0.293"
X-4261,LCE3B,353143.0,Del0.8,0.72
X-4261,LCE3C,353144.0,Del0.8,0.14
X-4261,LCN1,3933.0,MutNovel,"A154V,0.250"
X-4261,LINC00290,728081.0,Del0.8,0.18
X-4261,LOC100288748,100288748.0,Amp5,5.94
X-4261,LOC554223,554223.0,MutNovel,"S187R,0.659"
X-4261,LOC644634,,MutNovel,"P159S,1.000"
X-4261,LOC728554,728554.0,Del0.8,0.77
X-4261,LOC728888,,MutNovel,"G1064P,0.429"
X-4261,LPP,4026.0,MutNovel,"I601V,0.893"
X-4261,LRRC37A,9884.0,MutNovel,"L1378P,1.000"
X-4261,LSAMP-AS3,285194.0,Del0.8,0.73
X-4261,LSR,51599.0,MutNovel,"G518R,0.439"
X-4261,LSR,51599.0,MutNovel,"G518GR,1.000"
X-4261,LYSMD2,256586.0,MutNovel,"S21L,0.707"
X-4261,MAP3K4,4216.0,MutNovel,"PA1189P,1.000"
X-4261,MAP7,9053.0,MutNovel,"H319Y,0.409"
X-4261,MBD2,8932.0,MutNovel,"G115GA,1.000"
X-4261,MBD2,8932.0,MutNovel,"C111G,0.517"
X-4261,MEGF6,1953.0,MutNovel,"E1418G,0.371"
X-4261,MET,4233.0,MutKnownFunctional,"T1010I,0.588"
X-4261,MGA,23269.0,MutNovel,"V1867I,0.476"
X-4261,MINK1,50488.0,MutNovel,"Q372R,0.982"
X-4261,MIR548F4,100313895.0,Del0.8,0.61
X-4261,MMAA,166785.0,MutKnownFunctional,"-197,1.000"
X-4261,MPRIP,23164.0,MutNovel,"TS178T,1.000"
X-4261,MTMR12,54545.0,MutNovel,"M385I,0.653"
X-4261,MUC1,4582.0,MutNovel,"G158V,0.406"
X-4261,MUC4,4585.0,MutNovel,"P3442A,0.667"
X-4261,MUC4,4585.0,MutNovel,"I3017V,1.000"
X-4261,MUC4,4585.0,MutNovel,"P3010S,1.000"
X-4261,MUC4,4585.0,MutNovel,"P2562S,0.562"
X-4261,MUC4,4585.0,MutNovel,"SS2373RP,1.000"
X-4261,MUC4,4585.0,MutNovel,"P2178H,1.000"
X-4261,MUC5B,727897.0,MutNovel,"T2548A,0.438"
X-4261,MXRA8,54587.0,MutNovel,"R322L,0.818"
X-4261,MYBL2,4605.0,MutNovel,"P131S,0.600"
X-4261,N4BP3,23138.0,MutNovel,"S116L,1.000"
X-4261,NAIP,4671.0,MutNovel,"N790I,1.000"
X-4261,NBPF14,25832.0,MutNovel,"I861G,1.000"
X-4261,NCOR2,9612.0,MutNovel,"G1839GAAA,1.000"
X-4261,NCRNA00185,55410.0,Del0.8,0.17
X-4261,NLGN4Y,22829.0,Del0.8,0.19
X-4261,NR1H2,7376.0,MutNovel,"-173Q,1.000"
X-4261,NRD1,4898.0,MutNovel,"EE150E,0.493"
X-4261,NRIP1,8204.0,MutNovel,"G361D,0.289"
X-4261,NUMBL,9253.0,MutNovel,"QQQ444-,1.000"
X-4261,OBP2B,29989.0,MutNovel,"P168L,0.429"
X-4261,OBP2B,29989.0,MutNovel,"R149H,0.356"
X-4261,OBSCN,84033.0,MutNovel,"G5735S,0.818"
X-4261,OR2T33,391195.0,MutNovel,"W49R,1.000"
X-4261,OR2T33,391195.0,MutNovel,"G39S,1.000"
X-4261,OR2T8,343172.0,MutNovel,"L144M,1.000"
X-4261,OR51A2,401667.0,Del0.8,0.52
X-4261,ORAI1,84876.0,MutNovel,"PP43-,1.000"
X-4261,PABPC3,5042.0,MutKnownFunctional,"-247GG?,0.750"
X-4261,PARK2,5071.0,Del0.8,0.3
X-4261,PCDH11Y,83259.0,Del0.8,0.26
X-4261,PDE4D,5144.0,Del0.8,0.27
X-4261,PDE4DIP,9659.0,MutNovel,"S2089-,0.500"
X-4261,PDZD7,79955.0,MutNovel,"P715L,0.714"
X-4261,PGBD5,79605.0,MutNovel,"A96S,0.500"
X-4261,PGLYRP1,8993.0,MutNovel,"Y83H,0.211"
X-4261,PHLDA1,22822.0,MutNovel,"QQ194Q,1.000"
X-4261,PI4KA,5297.0,MutNovel,"T582M,1.000"
X-4261,PIK3CA,5290.0,MutKnownFunctional,"E542K,0.674"
X-4261,PLCG2,5336.0,MutNovel,"F33L,1.000"
X-4261,PLOD1,5351.0,MutNovel,"K401Q,0.324"
X-4261,PLXNB2,23654.0,MutNovel,"Y227S,1.000"
X-4261,POLR2C,5432.0,MutNovel,"V182L,0.996"
X-4261,POM121L8P,29797.0,Del0.8,0.7
X-4261,PPRC1,23082.0,MutNovel,"A615P,0.507"
X-4261,PRDM15,63977.0,MutNovel,"I1024M,0.205"
X-4261,PRKY,5616.0,Del0.8,0.21
X-4261,PRY,9081.0,Del0.8,0.17
X-4261,PRY,9081.0,Del0.8,0.17
X-4261,PRY2,442862.0,Del0.8,0.17
X-4261,PRY2,442862.0,Del0.8,0.17
X-4261,PTPN21,11099.0,MutNovel,"L475F,0.720"
X-4261,PTPRD,5789.0,Del0.8,0.6
X-4261,PXDNL,137902.0,MutNovel,"E1174K,0.455"
X-4261,RAD54B,25788.0,Amp5,5.82
X-4261,RAI1,10743.0,MutNovel,"QQ278-,1.000"
X-4261,RBMY1A3P,286557.0,Del0.8,0.19
X-4261,RBMY1B,378948.0,Del0.8,0.17
X-4261,RBMY1B,378948.0,Del0.8,0.17
X-4261,RBMY1E,378950.0,Del0.8,0.17
X-4261,RBMY1E,378950.0,Del0.8,0.17
X-4261,RBMY1F,159163.0,Del0.8,0.17
X-4261,RBMY1F,159163.0,Del0.8,0.17
X-4261,RBMY1J,378951.0,Del0.8,0.17
X-4261,RBMY1J,378951.0,Del0.8,0.17
X-4261,RBMY2EP,159125.0,Del0.8,0.17
X-4261,RBMY2FP,159162.0,Del0.8,0.17
X-4261,RBMY3AP,64593.0,Del0.8,0.19
X-4261,REST,5978.0,MutNovel,"H298D,1.000"
X-4261,RMI1,80010.0,MutNovel,"G241D,0.754"
X-4261,RPS4Y1,6192.0,Del0.8,0.26
X-4261,RPS4Y2,140032.0,Del0.8,0.17
X-4261,RREB1,6239.0,MutNovel,"K732N,1.000"
X-4261,RRP36,88745.0,MutNovel,"AGARRPR14A,1.000"
X-4261,RRP36,88745.0,MutNovel,"ARRPRGA16A,1.000"
X-4261,RSPO2,340419.0,Amp5,5.1
X-4261,RTTN,25914.0,MutNovel,"K1836R,1.000"
X-4261,RUFY4,285180.0,MutNovel,"R423W,0.272"
X-4261,SAMD1,90378.0,MutKnownFunctional,"-112?,1.000"
X-4261,SAMD9,54809.0,MutNovel,"A722V,0.332"
X-4261,SCAPER,49855.0,MutNovel,"E396-,1.000"
X-4261,SCARB1,949.0,MutNovel,"P485S,0.984"
X-4261,SERINC2,347735.0,MutNovel,"-373Q,1.000"
X-4261,SGCE,8910.0,MutNovel,"S432H,0.500"
X-4261,SIRT6,51548.0,MutNovel,"V47R,1.000"
X-4261,SLC12A5,57468.0,MutNovel,"GD41AN,1.000"
X-4261,SLC2A3,6515.0,MutNovel,"E482G,1.000"
X-4261,SLC37A1,54020.0,MutNovel,"R3Q,0.402"
X-4261,SNAPC4,6621.0,MutNovel,"S542-,0.738"
X-4261,SOX5,6660.0,MutNovel,"T457I,1.000"
X-4261,SPINT1,6692.0,MutNovel,"E414A,0.385"
X-4261,SRY,6736.0,Del0.8,0.26
X-4261,STAG3,10734.0,MutNovel,"G142R,0.600"
X-4261,STX5,6811.0,MutNovel,"G228S,0.472"
X-4261,TACC2,10579.0,MutNovel,"E2819Q,0.467"
X-4261,TATDN2,9797.0,MutKnownFunctional,"Q280*,0.363"
X-4261,TBC1D3B,414059.0,MutNovel,"Q354K,1.000"
X-4261,TBC1D3B,414059.0,Del0.8,0.79
X-4261,TBC1D3C,414060.0,Del0.8,0.79
X-4261,TBC1D3G,654341.0,MutNovel,"Q354K,1.000"
X-4261,TBL1Y,90665.0,Del0.8,0.21
X-4261,TBP,6908.0,MutNovel,"-64Q,1.000"
X-4261,TCF7L2,6934.0,MutKnownFunctional,"-465?,0.286"
X-4261,TDRD3,81550.0,MutNovel,"G722V,0.612"
X-4261,TEP1,7011.0,MutNovel,"L853V,0.833"
X-4261,TGIF2LY,90655.0,Del0.8,0.26
X-4261,TK2,7084.0,MutNovel,"R32W,0.979"
X-4261,TMBIM4,51643.0,MutKnownFunctional,"-174?,0.767"
X-4261,TMEM184A,202915.0,MutNovel,"G392GA,1.000"
X-4261,TMEM200B,399474.0,MutNovel,"R146Q,0.500"
X-4261,TMSB4Y,9087.0,Del0.8,0.19
X-4261,TNFRSF14,8764.0,MutKnownFunctional,"-201?,0.587"
X-4261,TOM1,10043.0,MutNovel,"V231M,1.000"
X-4261,TP53,7157.0,MutKnownFunctional,"E271*,1.000"
X-4261,TP53TG3,24150.0,Del0.8,0.75
X-4261,TP53TG3B,729355.0,Del0.8,0.75
X-4261,TSPY1,7258.0,Del0.8,0.19
X-4261,TSPY2,64591.0,Del0.8,0.26
X-4261,TSPY3,728137.0,Del0.8,0.19
X-4261,TSPY4,728395.0,Del0.8,0.19
X-4261,TSPY8,728403.0,Del0.8,0.19
X-4261,TTTY10,246119.0,Del0.8,0.17
X-4261,TTTY11,83866.0,Del0.8,0.19
X-4261,TTTY12,83867.0,Del0.8,0.19
X-4261,TTTY13,83868.0,Del0.8,0.17
X-4261,TTTY14,83869.0,Del0.8,0.17
X-4261,TTTY15,64595.0,Del0.8,0.19
X-4261,TTTY16,252948.0,Del0.8,0.19
X-4261,TTTY17A,252949.0,Del0.8,0.14
X-4261,TTTY17A,252949.0,Del0.8,0.1
X-4261,TTTY18,252950.0,Del0.8,0.19
X-4261,TTTY19,252952.0,Del0.8,0.19
X-4261,TTTY1B,100101116.0,Del0.8,0.1
X-4261,TTTY1B,100101116.0,Del0.8,0.19
X-4261,TTTY2,60439.0,Del0.8,0.1
X-4261,TTTY2,60439.0,Del0.8,0.19
X-4261,TTTY20,252951.0,Del0.8,0.19
X-4261,TTTY21,252953.0,Del0.8,0.21
X-4261,TTTY21,252953.0,Del0.8,0.19
X-4261,TTTY22,252954.0,Del0.8,0.19
X-4261,TTTY23,252955.0,Del0.8,0.19
X-4261,TTTY23,252955.0,Del0.8,0.26
X-4261,TTTY3,114760.0,Del0.8,0.14
X-4261,TTTY3,114760.0,Del0.8,0.17
X-4261,TTTY4,114761.0,Del0.8,0.1
X-4261,TTTY4,114761.0,Del0.8,0.06
X-4261,TTTY5,83863.0,Del0.8,0.17
X-4261,TTTY6,84672.0,Del0.8,0.17
X-4261,TTTY6,84672.0,Del0.8,0.17
X-4261,TTTY7,246122.0,Del0.8,0.21
X-4261,TTTY7,246122.0,Del0.8,0.19
X-4261,TTTY7B,100101120.0,Del0.8,0.19
X-4261,TTTY7B,100101120.0,Del0.8,0.21
X-4261,TTTY8,84673.0,Del0.8,0.21
X-4261,TTTY8,84673.0,Del0.8,0.19
X-4261,TTTY9A,83864.0,Del0.8,0.11
X-4261,TTTY9A,83864.0,Del0.8,0.11
X-4261,TXLNG2P,246126.0,Del0.8,0.17
X-4261,UBXN11,91544.0,MutNovel,"G492S,0.206"
X-4261,UGT2B11,10720.0,MutNovel,"A346T,1.000"
X-4261,UGT2B17,7367.0,Del0.8,0.43
X-4261,USP12,219333.0,MutNovel,"E337K,0.426"
X-4261,USP6,9098.0,MutNovel,"L435P,0.500"
X-4261,USP9Y,8287.0,Del0.8,0.19
X-4261,UTY,7404.0,Del0.8,0.19
X-4261,VCY,9084.0,Del0.8,0.19
X-4261,VCY,9084.0,Del0.8,0.19
X-4261,XKRY2,353515.0,Del0.8,0.11
X-4261,XKRY2,353515.0,Del0.8,0.11
X-4261,XYLB,9942.0,MutNovel,"R166C,0.593"
X-4261,ZDHHC11,79844.0,MutNovel,"A303D,0.414"
X-4261,ZFY,7544.0,Del0.8,0.26
X-4261,ZMYM6,9204.0,MutNovel,"F1011C,0.578"
X-4261,ZNF506,440515.0,MutKnownFunctional,"-366,0.278"
X-4261,ZNF736,728927.0,MutKnownFunctional,"-91,0.609"
X-4261,ZNF761,388561.0,MutNovel,"N151T,0.247"
X-4261,ZNF787,126208.0,MutNovel,"A254V,0.399"
X-4261,ZNF860,344787.0,MutNovel,"E37Q,0.435"
X-4261,ZNF888,,MutNovel,"E603D,0.433"
X-4412,AASDH,132949.0,MutKnownFunctional,"-440,0.438"
X-4412,ABCA6,23460.0,MutNovel,"Q1456K,0.333"
X-4412,ABP1,26.0,MutNovel,"A10V,0.286"
X-4412,ACAA2,10449.0,MutNovel,"Q218H,0.238"
X-4412,ACSM3,6296.0,MutKnownFunctional,"-547,0.337"
X-4412,ACTR1B,10120.0,MutNovel,"A209T,0.405"
X-4412,ADAM15,8751.0,MutNovel,"F249L,0.262"
X-4412,ADAMTS13,11093.0,MutNovel,"L183Q,0.556"
X-4412,ADAMTS13,11093.0,MutNovel,"R1075C,0.638"
X-4412,ADAMTS7,11173.0,MutNovel,"T1648M,0.396"
X-4412,ADAMTS7,11173.0,MutNovel,"A1027T,0.579"
X-4412,ADCY7,113.0,MutNovel,"R594C,0.250"
X-4412,AFF1,4299.0,MutNovel,"C1189S,0.548"
X-4412,AGA,175.0,MutNovel,"N170T,0.366"
X-4412,AGAP1,116987.0,MutNovel,"N79K,0.540"
X-4412,AGAP7,653268.0,MutNovel,"R528Q,0.500"
X-4412,AGAP8,728404.0,MutNovel,"S532T,0.458"
X-4412,AHCTF1,25909.0,MutNovel,"S1738G,0.274"
X-4412,AHNAK2,113146.0,MutNovel,"R5202H,0.504"
X-4412,AKIP1,56672.0,MutNovel,"S161P,0.267"
X-4412,AKTIP,64400.0,MutNovel,"V177A,0.257"
X-4412,ALKBH5,54890.0,MutNovel,"F362V,0.331"
X-4412,ALMS1,7840.0,MutNovel,"P1032H,0.400"
X-4412,AMELY,266.0,Del0.8,0.26
X-4412,ANAPC11,51529.0,MutNovel,"W16C,0.330"
X-4412,ANAPC5,51433.0,MutNovel,"R709C,0.477"
X-4412,ANKRD11,29123.0,MutKnownFunctional,"-928,0.350"
X-4412,ANKRD36,375248.0,MutNovel,"T998S,0.393"
X-4412,ANKRD36,375248.0,MutNovel,"D1014Y,0.240"
X-4412,AP1S1,1174.0,MutNovel,"V88M,0.734"
X-4412,AP1S1,1174.0,MutKnownFunctional,"-119,0.301"
X-4412,AP2M1,1173.0,MutNovel,"G12E,0.517"
X-4412,AP5B1,,MutNovel,"Q320H,0.381"
X-4412,AP5Z1,,MutNovel,"V211I,0.600"
X-4412,APBB2,323.0,MutNovel,"R753C,0.559"
X-4412,APLP2,334.0,MutNovel,"A382V,0.511"
X-4412,AR,367.0,MutNovel,"LQQQQ57L,0.208"
X-4412,ARHGAP1,392.0,MutNovel,"G128S,0.540"
X-4412,ARHGAP35,2909.0,MutNovel,"Q753R,0.412"
X-4412,ARHGEF10,9639.0,MutNovel,"V442A,0.762"
X-4412,ARID1A,8289.0,MutKnownFunctional,"-222?,0.500"
X-4412,ARID1B,57492.0,MutKnownFunctional,"-734,0.281"
X-4412,ARRB1,408.0,MutNovel,"P131L,0.531"
X-4412,ASIC2,,MutNovel,"R46L,1.000"
X-4412,ASTE1,28990.0,MutKnownFunctional,"-632,0.357"
X-4412,ASTN2,23245.0,MutNovel,"Q1186H,0.458"
X-4412,ATP2C1,27032.0,MutKnownFunctional,"-57,0.414"
X-4412,ATP6V0A2,23545.0,MutNovel,"D852G,0.400"
X-4412,ATR,545.0,MutNovel,"A857V,0.647"
X-4412,ATR,545.0,MutNovel,"G736R,0.364"
X-4412,AZI1,22994.0,MutNovel,"L586R,0.443"
X-4412,B2M,567.0,MutNovel,"G49V,0.268"
X-4412,BAI2,576.0,MutNovel,"R498C,0.375"
X-4412,BAP1,8314.0,MutNovel,"M681T,0.284"
X-4412,BBS12,166379.0,MutKnownFunctional,"-695,0.333"
X-4412,BCL9L,283149.0,MutNovel,"T250M,0.420"
X-4412,BCMO1,53630.0,MutNovel,"R34C,0.667"
X-4412,BCORP1,286554.0,Del0.8,0.26
X-4412,BDP1,55814.0,MutNovel,"T2569I,0.582"
X-4412,BIRC6,57448.0,MutNovel,"P4225H,0.473"
X-4412,BPY2B,442867.0,Del0.8,0.26
X-4412,BPY2B,442867.0,Del0.8,0.26
X-4412,BRD3,8019.0,MutKnownFunctional,"-24,0.437"
X-4412,C10orf76,79591.0,MutNovel,"V487A,0.568"
X-4412,C11orf30,56946.0,MutNovel,"P234S,0.292"
X-4412,C12orf10,60314.0,MutNovel,"C56R,0.505"
X-4412,C15orf40,123207.0,MutNovel,"R9S,0.462"
X-4412,C19orf71,100128569.0,MutKnownFunctional,"Y77*,0.469"
X-4412,C1QL1,10882.0,MutNovel,"E141K,0.612"
X-4412,C21orf58,54058.0,MutNovel,"P176T,0.245"
X-4412,C2CD4A,145741.0,MutNovel,"R225G,0.413"
X-4412,C3orf19,51244.0,MutNovel,"R171H,0.206"
X-4412,C5orf42,65250.0,MutNovel,"A1496T,0.545"
X-4412,C5orf65,389333.0,MutNovel,"P11L,0.889"
X-4412,C7orf50,84310.0,MutKnownFunctional,"-179,0.334"
X-4412,CA8,767.0,MutNovel,"I7M,0.411"
X-4412,CABLES1,91768.0,MutNovel,"E178K,0.625"
X-4412,CACNA1F,778.0,MutNovel,"C1040Y,1.000"
X-4412,CAMK2D,817.0,MutNovel,"A228T,0.531"
X-4412,CAMKK2,10645.0,MutNovel,"K538-,0.404"
X-4412,CBLB,868.0,MutNovel,"R455H,0.627"
X-4412,CC2D2A,57545.0,MutNovel,"R627W,0.447"
X-4412,CCDC28A,25901.0,MutKnownFunctional,"-115,0.412"
X-4412,CCDC37,348807.0,MutNovel,"TE411T,0.593"
X-4412,CCDC71,64925.0,MutNovel,"AKA342A,0.282"
X-4412,CCDC94,55702.0,MutNovel,"A271G,0.456"
X-4412,CDC45,8318.0,MutNovel,"I462T,0.443"
X-4412,CDC7,8317.0,MutKnownFunctional,"-568?,0.840"
X-4412,CDH24,64403.0,MutKnownFunctional,"-712,0.302"
X-4412,CDH3,1001.0,MutNovel,"I379V,0.441"
X-4412,CDK13,8621.0,MutNovel,"G1072C,0.258"
X-4412,CDKN1C,1028.0,MutNovel,"APVAV171V,0.621"
X-4412,CDKN2AIP,55602.0,MutNovel,"T414A,0.595"
X-4412,CDRT15,146822.0,MutNovel,"Q165R,0.833"
X-4412,CDY1B,253175.0,Del0.8,0.26
X-4412,CDY1B,253175.0,Del0.8,0.26
X-4412,CDY2A,9426.0,Del0.8,0.26
X-4412,CDY2A,9426.0,Del0.8,0.26
X-4412,CDY2B,203611.0,Del0.8,0.26
X-4412,CDY2B,203611.0,Del0.8,0.26
X-4412,CENPB,1059.0,MutNovel,"L111P,0.500"
X-4412,CENPJ,55835.0,MutNovel,"A259V,0.381"
X-4412,CEP192,55125.0,MutNovel,"F145S,0.320"
X-4412,CFHR1,3078.0,Amp5,6.41
X-4412,CFHR3,10878.0,Amp5,6.41
X-4412,CHD6,84181.0,MutNovel,"E2005Q,0.527"
X-4412,CHD6,84181.0,MutNovel,"L1236M,0.261"
X-4412,CHD8,57680.0,MutNovel,"G1735C,0.465"
X-4412,CHD9,80205.0,MutKnownFunctional,"-2429?,0.308"
X-4412,CHID1,66005.0,MutNovel,"E239K,0.483"
X-4412,CLASP1,23332.0,MutNovel,"Q82H,0.565"
X-4412,CLSTN3,9746.0,MutKnownFunctional,"-951,0.367"
X-4412,CNST,163882.0,MutNovel,"L579I,0.298"
X-4412,COBL,23242.0,MutNovel,"A681T,0.478"
X-4412,COL28A1,340267.0,MutNovel,"A884T,0.591"
X-4412,COL5A2,1290.0,MutNovel,"Q581E,0.367"
X-4412,COL7A1,1294.0,MutNovel,"R2474H,0.453"
X-4412,CPEB2,132864.0,MutKnownFunctional,"-987,0.460"
X-4412,CPSF1,29894.0,MutKnownFunctional,"-912,0.287"
X-4412,CRIPAK,285464.0,MutNovel,"V164A,0.321"
X-4412,CRISPLD2,83716.0,MutNovel,"K318N,0.450"
X-4412,CRYBG3,,MutNovel,"I1679V,0.571"
X-4412,CRYL1,51084.0,MutNovel,"N48S,0.584"
X-4412,CRYL1,51084.0,MutKnownFunctional,"Q40*,0.462"
X-4412,CSGALNACT1,55790.0,MutKnownFunctional,"-532,0.381"
X-4412,CSNK1D,1453.0,MutKnownFunctional,"-343,0.458"
X-4412,CSNK1G2,1455.0,MutNovel,"T355A,0.523"
X-4412,CSPG4,1464.0,MutNovel,"P407L,0.500"
X-4412,CSPG4P1Y,114758.0,Del0.8,0.26
X-4412,CSPG4P1Y,114758.0,Del0.8,0.26
X-4412,CSPG5,10675.0,MutNovel,"G384C,0.312"
X-4412,CTAGE5,4253.0,MutNovel,"V6A,0.486"
X-4412,CTGF,1490.0,MutNovel,"D309N,0.278"
X-4412,CTNNBL1,56259.0,MutNovel,"R380G,0.488"
X-4412,CTNND1,1500.0,MutNovel,"G162R,0.503"
X-4412,CTSA,5476.0,MutNovel,"L29-,0.920"
X-4412,CUL3,8452.0,MutNovel,"R739Q,0.473"
X-4412,CUL7,9820.0,MutNovel,"E475-,0.564"
X-4412,CXXC1,30827.0,MutNovel,"T628A,0.471"
X-4412,CXorf30,645090.0,MutNovel,"M568V,0.579"
X-4412,CXorf40B,541578.0,MutNovel,"P135L,0.656"
X-4412,DAP3,7818.0,MutNovel,"A386T,0.244"
X-4412,DAPK1,1612.0,MutNovel,"A663V,0.517"
X-4412,DAPK3,1613.0,MutNovel,"A358V,0.552"
X-4412,DAZ1,1617.0,Del0.8,0.26
X-4412,DAZ2,57055.0,Del0.8,0.26
X-4412,DAZ3,57054.0,Del0.8,0.26
X-4412,DAZ3,57054.0,Del0.8,0.26
X-4412,DAZ4,57135.0,Del0.8,0.26
X-4412,DAZ4,57135.0,Del0.8,0.26
X-4412,DCTN6,10671.0,MutNovel,"L177P,0.448"
X-4412,DDX11,1663.0,MutNovel,"N784D,0.303"
X-4412,DDX17,10521.0,MutNovel,"M581I,0.484"
X-4412,DDX21,9188.0,MutNovel,"P712S,0.471"
X-4412,DDX3Y,8653.0,Del0.8,0.26
X-4412,DENND1A,57706.0,MutKnownFunctional,"-701,0.458"
X-4412,DENND4A,10260.0,MutKnownFunctional,"-645,0.391"
X-4412,DGKA,1606.0,MutKnownFunctional,"-724,0.311"
X-4412,DGKQ,1609.0,MutNovel,"P27L,0.857"
X-4412,DHRSX,207063.0,MutNovel,"R751H,1.000"
X-4412,DHRSX,207063.0,MutNovel,"K689G,0.265"
X-4412,DHX16,8449.0,MutKnownFunctional,"-1033,0.551"
X-4412,DHX37,57647.0,MutNovel,"E168-,0.442"
X-4412,DHX9,1660.0,MutNovel,"D1168N,0.245"
X-4412,DICER1,23405.0,MutNovel,"A1710S,0.552"
X-4412,DMXL2,23312.0,MutNovel,"L491F,0.429"
X-4412,DNAH11,8701.0,MutNovel,"S4165L,0.429"
X-4412,DNAH17,8632.0,MutKnownFunctional,"-2389?,0.600"
X-4412,DNHD1,144132.0,MutKnownFunctional,"R2630*,0.357"
X-4412,DOCK8,81704.0,MutNovel,"S1474I,0.227"
X-4412,DSCC1,79075.0,MutNovel,"L230I,0.536"
X-4412,DUSP9,1852.0,MutNovel,"R129G,0.556"
X-4412,DYNC1H1,1778.0,MutNovel,"Y3451C,0.457"
X-4412,ECE1,1889.0,MutNovel,"S480N,0.444"
X-4412,ECE1,1889.0,MutNovel,"S14G,0.512"
X-4412,ECEL1,9427.0,MutNovel,"P576S,0.294"
X-4412,EHMT2,10919.0,MutKnownFunctional,"-855,0.251"
X-4412,EIF1AY,9086.0,Del0.8,0.26
X-4412,EIF4E,1977.0,MutNovel,"K159E,0.500"
X-4412,EIF5B,9669.0,MutNovel,"V893I,0.268"
X-4412,ELK4,2005.0,MutNovel,"T379A,0.347"
X-4412,ENO3,2027.0,MutNovel,"I111V,0.270"
X-4412,EP300,2033.0,MutNovel,"R1197G,0.394"
X-4412,EPB41L2,2037.0,MutNovel,"R671H,0.214"
X-4412,EPB41L5,57669.0,MutNovel,"R46W,0.604"
X-4412,EPN1,29924.0,MutKnownFunctional,"-540,0.331"
X-4412,EPOR,2057.0,MutKnownFunctional,"-502?,0.518"
X-4412,EPPK1,83481.0,MutNovel,"Y854C,0.286"
X-4412,EPS8L1,54869.0,MutNovel,"P363A,0.414"
X-4412,ERF,2077.0,MutKnownFunctional,"-299,0.496"
X-4412,EXOSC8,11340.0,MutKnownFunctional,"-160,0.228"
X-4412,FAM111A,63901.0,MutKnownFunctional,"-261ADT?,0.262"
X-4412,FAM111B,374393.0,MutKnownFunctional,"-269,0.431"
X-4412,FAM120A,23196.0,MutNovel,"C531Y,0.526"
X-4412,FAM120C,54954.0,MutNovel,"P110RRP,0.769"
X-4412,FAM171A2,284069.0,MutNovel,"R762Q,0.291"
X-4412,FAM179A,165186.0,MutNovel,"M682T,0.333"
X-4412,FAM188B,84182.0,MutNovel,"V280A,0.568"
X-4412,FAM197Y2P,252946.0,Del0.8,0.26
X-4412,FAM227B,,MutKnownFunctional,"-174,0.429"
X-4412,FAM41AY1,340618.0,Del0.8,0.26
X-4412,FAM41AY1,340618.0,Del0.8,0.26
X-4412,FAM83E,54854.0,MutNovel,"P331L,0.345"
X-4412,FAM91A1,157769.0,MutNovel,"Y176H,0.439"
X-4412,FBF1,85302.0,MutNovel,"Q306R,0.351"
X-4412,FBRSL1,57666.0,MutNovel,"P923S,0.363"
X-4412,FBXL6,26233.0,MutNovel,"L181V,0.537"
X-4412,FBXO22,26263.0,MutNovel,"R118H,0.502"
X-4412,FBXO44,93611.0,MutNovel,"P193S,0.643"
X-4412,FBXO45,200933.0,MutNovel,"L206P,0.351"
X-4412,FBXO46,23403.0,MutNovel,"R599Q,0.260"
X-4412,FCF1,51077.0,MutNovel,"R169C,0.508"
X-4412,FCHO2,115548.0,MutNovel,"V396A,0.603"
X-4412,FGB,2244.0,MutNovel,"I233V,0.818"
X-4412,FGFR1,2260.0,MutNovel,"T141R,0.568"
X-4412,FGFRL1,53834.0,MutNovel,"S131G,0.540"
X-4412,FJX1,24147.0,MutNovel,"R102G,0.857"
X-4412,FLJ22184,80164.0,MutNovel,"P241S,0.394"
X-4412,FOSL2,2355.0,MutNovel,"S310N,0.497"
X-4412,FOXQ1,94234.0,MutNovel,"L382M,0.455"
X-4412,FRAT1,10023.0,MutNovel,"E14A,0.800"
X-4412,FUBP3,8939.0,MutNovel,"L390F,0.469"
X-4412,FUT8,2530.0,MutNovel,"Q459R,0.267"
X-4412,FZD5,7855.0,MutNovel,"N151Y,0.537"
X-4412,GAK,2580.0,MutNovel,"K175N,0.237"
X-4412,GALNT7,51809.0,MutNovel,"H440Y,0.457"
X-4412,GARNL3,84253.0,MutNovel,"G860D,0.429"
X-4412,GART,2618.0,MutKnownFunctional,"G685*,0.261"
X-4412,GBF1,8729.0,MutNovel,"A1657T,0.465"
X-4412,GBP1,2633.0,MutNovel,"I576M,0.273"
X-4412,GCN1L1,10985.0,MutNovel,"A406V,0.656"
X-4412,GDPD1,284161.0,MutNovel,"I133V,0.280"
X-4412,GDPD3,79153.0,MutNovel,"I176T,0.516"
X-4412,GIGYF2,26058.0,MutNovel,"PQ1231P,0.300"
X-4412,GLIS3,169792.0,MutNovel,"A466V,0.452"
X-4412,GNPTAB,79158.0,MutNovel,"F1123L,0.465"
X-4412,GOLGA2,2801.0,MutKnownFunctional,"-989,0.480"
X-4412,GOLGA2P2Y,84559.0,Del0.8,0.26
X-4412,GOLGA2P2Y,84559.0,Del0.8,0.26
X-4412,GOLGB1,2804.0,MutNovel,"R1246M,0.287"
X-4412,GPT2,84706.0,MutNovel,"S23N,0.258"
X-4412,GRB14,2888.0,MutKnownFunctional,"-297?,0.276"
X-4412,GRIN2D,2906.0,MutNovel,"D1200G,0.444"
X-4412,GTF2H3,2967.0,MutNovel,"V110I,0.504"
X-4412,GYG2P1,352887.0,Del0.8,0.26
X-4412,HHIPL2,79802.0,MutNovel,"Y351C,0.250"
X-4412,HK1,3098.0,MutNovel,"N355S,0.270"
X-4412,HLA-DRB5,3127.0,MutNovel,"A87E,0.909"
X-4412,HLA-DRB5,3127.0,MutNovel,"K41I,1.000"
X-4412,HLA-F,3134.0,MutNovel,"A92S,1.000"
X-4412,HLA-F,3134.0,MutNovel,"R152S,1.000"
X-4412,HLA-F,3134.0,MutNovel,"V160A,1.000"
X-4412,HLA-F,3134.0,MutNovel,"E244D,1.000"
X-4412,HLA-F,3134.0,MutNovel,"Q289E,1.000"
X-4412,HLA-F,3134.0,MutNovel,"V309I,0.294"
X-4412,HLA-F,3134.0,MutNovel,"V313L,0.800"
X-4412,HLA-G,3135.0,MutNovel,"EQ138DE,0.429"
X-4412,HMCN2,,MutNovel,"R2923H,0.571"
X-4412,HOXD3,3232.0,MutNovel,"A367V,1.000"
X-4412,HPS1,3257.0,MutNovel,"Q193H,1.000"
X-4412,HRAS,3265.0,MutKnownFunctional,"-167?,0.481"
X-4412,HSCB,150274.0,MutNovel,"K119E,0.480"
X-4412,HSD17B14,51171.0,MutKnownFunctional,"-248,0.273"
X-4412,HSFY2,159119.0,Del0.8,0.26
X-4412,HSFY2,159119.0,Del0.8,0.26
X-4412,HUWE1,10075.0,MutNovel,"P1181S,0.976"
X-4412,IER5L,389792.0,MutNovel,"S296P,0.529"
X-4412,IFNAR2,3455.0,MutNovel,"D131Y,0.465"
X-4412,IFRD2,7866.0,MutNovel,"Q325R,0.455"
X-4412,IFT172,26160.0,MutNovel,"R1544C,0.525"
X-4412,IGF2R,3482.0,MutNovel,"A1138T,0.613"
X-4412,INPPL1,3636.0,MutNovel,"Y69H,0.506"
X-4412,INPPL1,3636.0,MutNovel,"C560W,0.540"
X-4412,INPPL1,3636.0,MutKnownFunctional,"-1154,0.933"
X-4412,INTS8,55656.0,MutNovel,"S537P,0.253"
X-4412,IP6K2,51447.0,MutNovel,"S18F,0.527"
X-4412,IRAK4,51135.0,MutNovel,"R334Q,0.375"
X-4412,ITGB3,3690.0,MutNovel,"S237I,0.215"
X-4412,JSRP1,126306.0,MutNovel,"R268Q,0.525"
X-4412,KARS,3735.0,MutNovel,"H148R,0.270"
X-4412,KAT2B,8850.0,MutNovel,"P27R,0.538"
X-4412,KCNAB3,9196.0,MutNovel,"G221D,0.692"
X-4412,KCNJ11,3767.0,MutNovel,"R25M,0.357"
X-4412,KCTD17,79734.0,MutNovel,"S159P,0.583"
X-4412,KDM5D,8284.0,Del0.8,0.26
X-4412,KIAA0284,283638.0,MutNovel,"Y78H,0.357"
X-4412,KIAA0430,9665.0,MutNovel,"N1077I,0.500"
X-4412,KIAA0930,23313.0,MutNovel,"G132D,0.422"
X-4412,KIAA0947,23379.0,MutNovel,"G695R,0.400"
X-4412,KIAA1109,84162.0,MutNovel,"V2668M,0.619"
X-4412,KIAA1522,57648.0,MutNovel,"A513T,0.502"
X-4412,KIAA1731,85459.0,MutNovel,"D2408G,0.500"
X-4412,KIF13B,23303.0,MutNovel,"M1263T,0.373"
X-4412,KIF13B,23303.0,MutNovel,"L397M,0.422"
X-4412,KIF18B,146909.0,MutKnownFunctional,"-564,0.273"
X-4412,KIF1C,10749.0,MutNovel,"M1087I,0.669"
X-4412,KIF20B,9585.0,MutNovel,"I1153V,0.413"
X-4412,KRCC1,51315.0,MutKnownFunctional,"-183,0.296"
X-4412,KRT14,3861.0,MutNovel,"E244D,0.471"
X-4412,LAGE3,8270.0,MutNovel,"G17D,1.000"
X-4412,LAMA5,3911.0,MutKnownFunctional,"-2861,0.301"
X-4412,LAMB3,3914.0,MutNovel,"A652T,0.209"
X-4412,LARP4B,23185.0,MutNovel,"L197I,0.622"
X-4412,LCAT,3931.0,MutNovel,"Y422C,0.684"
X-4412,LCE3B,353143.0,Del0.8,0.49
X-4412,LCE3C,353144.0,Del0.8,0.2
X-4412,LDB3,11155.0,MutNovel,"C723Y,1.000"
X-4412,LEMD3,23592.0,MutNovel,"N790D,0.270"
X-4412,LGALS9B,284194.0,MutNovel,"V184M,0.667"
X-4412,LIN9,286826.0,MutNovel,"T517A,0.379"
X-4412,LLGL1,3996.0,MutKnownFunctional,"-795,0.347"
X-4412,LOC100288332,,MutNovel,"L270V,1.000"
X-4412,LOC100652741,,MutNovel,"R348W,0.385"
X-4412,LOC100996276,,MutNovel,"R93W,1.000"
X-4412,LOC645202,,MutNovel,"M318I,1.000"
X-4412,LOC645202,,MutNovel,"E315V,1.000"
X-4412,LPIN3,64900.0,MutNovel,"G710D,0.460"
X-4412,LRCH1,23143.0,MutNovel,"H29N,0.476"
X-4412,LRRC39,127495.0,MutNovel,"N209S,0.444"
X-4412,LRRC8B,23507.0,MutNovel,"L370I,0.471"
X-4412,LRTOMT,220074.0,MutNovel,"T152A,0.311"
X-4412,LSR,51599.0,MutNovel,"G518GR,0.813"
X-4412,LTBP3,4054.0,MutKnownFunctional,"Q328*,0.222"
X-4412,LTK,4058.0,MutNovel,"A127V,0.727"
X-4412,MACC1,346389.0,MutKnownFunctional,"-261,0.375"
X-4412,MACF1,23499.0,MutNovel,"K3111E,0.607"
X-4412,MACF1,23499.0,MutNovel,"A5154V,0.473"
X-4412,MAFB,9935.0,MutNovel,"Y20H,0.595"
X-4412,MAGI1,9223.0,MutKnownFunctional,"R1451*,0.500"
X-4412,MAN2A2,4122.0,MutNovel,"A13V,0.613"
X-4412,MAP2,4133.0,MutNovel,"D861N,0.800"
X-4412,MAP2K7,5609.0,MutKnownFunctional,"-67?,0.268"
X-4412,MAP3K12,7786.0,MutNovel,"E451-,0.408"
X-4412,MAP3K4,4216.0,MutNovel,"PA1189P,0.778"
X-4412,MAP4,4134.0,MutNovel,"H1135R,0.476"
X-4412,MAPK9,5601.0,MutNovel,"T404M,0.248"
X-4412,2014-03-07 00:00:00,64844.0,MutNovel,"E599K,0.467"
X-4412,MARVELD3,91862.0,MutNovel,"T227M,0.375"
X-4412,MAX,4149.0,MutNovel,"R60Q,0.469"
X-4412,MAZ,4150.0,MutNovel,"L86P,0.493"
X-4412,MAZ,4150.0,MutKnownFunctional,"-475?,0.413"
X-4412,MBD6,114785.0,MutKnownFunctional,"-692,0.315"
X-4412,MBD6,114785.0,MutKnownFunctional,"-780,0.453"
X-4412,MCM4,4173.0,MutNovel,"G813D,0.502"
X-4412,MCM8,84515.0,MutNovel,"A722T,0.513"
X-4412,MECR,51102.0,MutNovel,"P130L,0.522"
X-4412,MEGF6,1953.0,MutNovel,"C1162Y,0.571"
X-4412,MEX3A,92312.0,MutKnownFunctional,"-67,0.500"
X-4412,MEX3D,399664.0,MutKnownFunctional,"-576,0.401"
X-4412,MGAT1,4245.0,MutNovel,"R69C,0.541"
X-4412,MGLL,11343.0,MutKnownFunctional,"E13*,0.435"
X-4412,MGST1,4257.0,MutNovel,"V51A,0.331"
X-4412,MIS18BP1,55320.0,MutKnownFunctional,"-157,0.261"
X-4412,MKS1,54903.0,MutNovel,"N136K,0.323"
X-4412,MLL2,8085.0,MutNovel,"G5410W,0.569"
X-4412,MLL2,8085.0,MutNovel,"V3534A,0.540"
X-4412,MLL2,8085.0,MutKnownFunctional,"E1018*,0.562"
X-4412,MLL4,9757.0,MutKnownFunctional,"-676,0.344"
X-4412,MLL4,9757.0,MutKnownFunctional,"-1410?,0.489"
X-4412,MLL4,9757.0,MutKnownFunctional,"W2165*,0.512"
X-4412,MLL4,9757.0,MutNovel,"F2490S,0.223"
X-4412,MPHOSPH9,10198.0,MutNovel,"S779A,0.523"
X-4412,MPRIP,23164.0,MutNovel,"TSSS178T,0.258"
X-4412,MTFP1,51537.0,MutNovel,"M104T,0.490"
X-4412,MUC16,94025.0,MutNovel,"A2966T,0.500"
X-4412,MXI1,4601.0,MutNovel,"P47H,0.579"
X-4412,MYO9B,4650.0,MutNovel,"P2104L,0.476"
X-4412,MYSM1,114803.0,MutNovel,"H756R,0.451"
X-4412,NAGLU,4669.0,MutNovel,"A493V,0.279"
X-4412,NAPRT1,93100.0,MutNovel,"A362V,0.299"
X-4412,NBEAL2,23218.0,MutNovel,"P1334S,0.613"
X-4412,NBPF10,100132406.0,MutNovel,"I1165F,0.212"
X-4412,NCKAP5L,57701.0,MutNovel,"R323H,0.321"
X-4412,NCOR2,9612.0,MutNovel,"G1839GAAA,0.500"
X-4412,NCOR2,9612.0,MutNovel,"V1821A,0.286"
X-4412,NCRNA00185,55410.0,Del0.8,0.26
X-4412,NLGN4Y,22829.0,Del0.8,0.26
X-4412,NOD1,10392.0,MutNovel,"F85Y,0.500"
X-4412,NOTCH1,4851.0,MutNovel,"G2245R,0.545"
X-4412,NOTCH1,4851.0,MutNovel,"R1762W,0.606"
X-4412,NOTCH2,4853.0,MutNovel,"L1794I,0.287"
X-4412,NOTCH2,4853.0,MutNovel,"C1484Y,0.534"
X-4412,NOTCH3,4854.0,MutNovel,"S2100P,0.490"
X-4412,NOTCH3,4854.0,MutKnownFunctional,"-2034,0.446"
X-4412,NPEPL1,79716.0,MutNovel,"I184S,0.529"
X-4412,NPPC,4880.0,MutNovel,"M121V,0.488"
X-4412,NR2C2,7182.0,MutKnownFunctional,"-580,0.394"
X-4412,NRCAM,4897.0,MutNovel,"V139I,0.316"
X-4412,NRD1,4898.0,MutNovel,"T418M,0.298"
X-4412,NRGN,4900.0,MutNovel,"A64S,0.556"
X-4412,NT5DC2,64943.0,MutNovel,"T521A,0.293"
X-4412,NUFIP2,57532.0,MutNovel,"F337C,0.204"
X-4412,NUP160,23279.0,MutNovel,"V1056E,0.508"
X-4412,OBSCN,84033.0,MutNovel,"V543A,0.262"
X-4412,OBSCN,84033.0,MutNovel,"A1540V,0.393"
X-4412,ODZ4,26011.0,MutNovel,"M996V,0.778"
X-4412,OPLAH,26873.0,MutNovel,"P841L,0.519"
X-4412,OR2T10,127069.0,Amp5,5.58
X-4412,OR2T34,127068.0,Amp5,5.58
X-4412,OR4F5,79501.0,Del0.8,0.59
X-4412,ORAI1,84876.0,MutNovel,"PP43-,0.785"
X-4412,OSGEPL1,64172.0,MutNovel,"K191T,0.517"
X-4412,OSR2,116039.0,MutNovel,"P89S,0.706"
X-4412,P2RY11,5032.0,MutNovel,"N4T,0.456"
X-4412,P2RY8,286530.0,MutNovel,"C1375Y,1.000"
X-4412,PAM,5066.0,MutNovel,"M838T,0.249"
X-4412,PARP4,143.0,MutNovel,"M566I,0.440"
X-4412,PASK,23178.0,MutNovel,"C610R,0.333"
X-4412,PCDH11Y,83259.0,Del0.8,0.26
X-4412,PCDHA12,56137.0,MutNovel,"L700P,0.394"
X-4412,PCDHB3,56132.0,MutNovel,"T534A,1.000"
X-4412,PCDHB3,56132.0,MutNovel,"A635V,0.600"
X-4412,PCNT,5116.0,MutNovel,"R169H,0.231"
X-4412,PCNT,5116.0,MutNovel,"R983C,0.415"
X-4412,PCSK5,5125.0,MutNovel,"T79M,0.250"
X-4412,PDZD7,79955.0,MutKnownFunctional,"-230?,1.000"
X-4412,PDZRN3,23024.0,MutNovel,"R573Q,0.571"
X-4412,PEX10,5192.0,MutKnownFunctional,"-292,0.400"
X-4412,PFAS,5198.0,MutNovel,"D615G,0.302"
X-4412,PHACTR4,65979.0,MutKnownFunctional,"-61,0.744"
X-4412,PHLDA1,22822.0,MutNovel,"QQ194Q,0.527"
X-4412,PHLDB1,23187.0,MutNovel,"S310G,0.429"
X-4412,PIGO,84720.0,MutNovel,"G532C,0.551"
X-4412,PIK3C2A,5286.0,MutNovel,"M831V,0.492"
X-4412,PIK3C3,5289.0,MutNovel,"Y496H,0.538"
X-4412,PIK3R1,5295.0,MutNovel,"S690F,0.691"
X-4412,PIK3R4,30849.0,MutNovel,"P760H,0.308"
X-4412,PITPNM3,83394.0,MutKnownFunctional,"-968,0.343"
X-4412,PKD2,5311.0,MutKnownFunctional,"-718,0.337"
X-4412,PKN1,5585.0,MutNovel,"T900M,0.444"
X-4412,PLD3,23646.0,MutNovel,"T136M,0.509"
X-4412,PLEC,5339.0,MutNovel,"R4049W,0.437"
X-4412,PLEC,5339.0,MutNovel,"E3303-,0.533"
X-4412,PLEKHA4,57664.0,MutKnownFunctional,"-247,0.250"
X-4412,PLEKHN1,84069.0,MutNovel,"V498L,0.444"
X-4412,PLEKHO1,51177.0,MutNovel,"MK2M,0.612"
X-4412,PLK3,1263.0,MutKnownFunctional,"-453,0.258"
X-4412,PML,5371.0,MutNovel,"R295C,0.473"
X-4412,PNKD,25953.0,MutNovel,"DMH380D,0.445"
X-4412,POGZ,23126.0,MutNovel,"M639T,0.244"
X-4412,POLQ,10721.0,MutKnownFunctional,"-1430?,0.524"
X-4412,POLR1A,25885.0,MutNovel,"R1707G,0.463"
X-4412,POLR2B,5431.0,MutNovel,"A843V,0.461"
X-4412,POM121C,100101267.0,MutNovel,"V8L,0.438"
X-4412,PPP1R3B,79660.0,MutNovel,"V100L,0.306"
X-4412,PPP1R3B,79660.0,MutNovel,"E81K,0.306"
X-4412,PPP2R1B,5519.0,MutNovel,"I327V,0.603"
X-4412,PPP2R3B,28227.0,MutNovel,"R792H,0.464"
X-4412,PPP2R5D,5528.0,MutNovel,"QP39-,0.398"
X-4412,PRDM10,56980.0,MutKnownFunctional,"-593?,0.289"
X-4412,PRKCDBP,112464.0,MutNovel,"S90L,0.410"
X-4412,PRKRIR,5612.0,MutNovel,"A6T,0.600"
X-4412,PRKY,5616.0,Del0.8,0.26
X-4412,PRMT1,3276.0,MutNovel,"P26L,0.481"
X-4412,PRPF4B,8899.0,MutKnownFunctional,"-44,0.294"
X-4412,PRR11,55771.0,MutNovel,"VT260-,0.750"
X-4412,PRRG1,5638.0,MutKnownFunctional,"-132,0.864"
X-4412,PRY,9081.0,Del0.8,0.26
X-4412,PRY,9081.0,Del0.8,0.26
X-4412,PRY2,442862.0,Del0.8,0.26
X-4412,PRY2,442862.0,Del0.8,0.26
X-4412,PSMD6,9861.0,MutNovel,"F219L,0.490"
X-4412,PSME1,5720.0,MutNovel,"R141Q,0.469"
X-4412,PTCD3,55037.0,MutNovel,"V302A,0.538"
X-4412,PTEN,5728.0,MutLikelyFunctional,"L146*,1.000"
X-4412,PTK2B,2185.0,MutKnownFunctional,"-435,0.352"
X-4412,PTOV1,53635.0,MutNovel,"R201C,0.498"
X-4412,PTPN4,5775.0,MutKnownFunctional,"-319,0.474"
X-4412,PTPRG,5793.0,MutNovel,"V237I,0.708"
X-4412,PTPRK,5796.0,MutNovel,"Q1291R,0.479"
X-4412,PTPRS,5802.0,MutNovel,"R77H,0.260"
X-4412,PUM2,23369.0,MutNovel,"R932G,0.448"
X-4412,PXDC1,221749.0,MutNovel,"R75P,0.596"
X-4412,RAB8A,4218.0,MutNovel,"R71Q,0.456"
X-4412,RAD51B,5890.0,MutNovel,"R191M,0.389"
X-4412,RAD9A,5883.0,MutNovel,"A247T,0.465"
X-4412,RARA,5914.0,MutNovel,"Y277H,0.376"
X-4412,RASA1,5921.0,MutNovel,"R211Q,0.475"
X-4412,RASIP1,54922.0,MutNovel,"E789G,0.963"
X-4412,RB1CC1,9821.0,MutKnownFunctional,"-872,0.295"
X-4412,RBM12,10137.0,MutNovel,"P782S,0.524"
X-4412,RBM22,55696.0,MutNovel,"M36L,0.519"
X-4412,RBMS2,5939.0,MutNovel,"D69E,0.473"
X-4412,RBMY1A3P,286557.0,Del0.8,0.26
X-4412,RBMY1B,378948.0,Del0.8,0.26
X-4412,RBMY1B,378948.0,Del0.8,0.26
X-4412,RBMY1E,378950.0,Del0.8,0.26
X-4412,RBMY1E,378950.0,Del0.8,0.26
X-4412,RBMY1F,159163.0,Del0.8,0.26
X-4412,RBMY1F,159163.0,Del0.8,0.26
X-4412,RBMY1J,378951.0,Del0.8,0.26
X-4412,RBMY1J,378951.0,Del0.8,0.26
X-4412,RBMY2EP,159125.0,Del0.8,0.26
X-4412,RBMY2FP,159162.0,Del0.8,0.26
X-4412,RBMY3AP,64593.0,Del0.8,0.26
X-4412,RCN3,57333.0,MutNovel,"I302T,0.438"
X-4412,REXO1,57455.0,MutNovel,"A1202T,0.527"
X-4412,REXO4,57109.0,MutNovel,"A379V,0.503"
X-4412,RGS12,6002.0,MutKnownFunctional,"-1280?,0.339"
X-4412,RHD,6007.0,Del0.8,0.49
X-4412,RIN3,79890.0,MutNovel,"E672K,0.370"
X-4412,RIN3,79890.0,MutNovel,"G967-,0.694"
X-4412,RNF111,54778.0,MutNovel,"P634H,0.619"
X-4412,RNF169,254225.0,MutNovel,"A114T,0.750"
X-4412,RNF20,56254.0,MutNovel,"M742I,0.559"
X-4412,RNF40,9810.0,MutNovel,"Q888P,0.275"
X-4412,RNF44,22838.0,MutNovel,"T195A,0.646"
X-4412,RPL22,6146.0,MutKnownFunctional,"-15,0.344"
X-4412,RPS4Y1,6192.0,Del0.8,0.26
X-4412,RPS4Y2,140032.0,Del0.8,0.26
X-4412,RPS6KB2,6199.0,MutNovel,"S219P,0.549"
X-4412,RPUSD1,113000.0,MutNovel,"K163N,0.485"
X-4412,RQCD1,9125.0,MutKnownFunctional,"-117,0.307"
X-4412,RSF1,51773.0,MutNovel,"D1051G,0.418"
X-4412,RSPH3,83861.0,MutNovel,"K129E,0.342"
X-4412,RTN3,10313.0,MutNovel,"A187V,0.553"
X-4412,RUFY1,80230.0,MutNovel,"M577L,0.254"
X-4412,S100A7A,338324.0,MutNovel,"G25D,0.714"
X-4412,S100A7A,338324.0,MutNovel,"E28D,0.833"
X-4412,SBF1,6305.0,MutNovel,"R1570H,0.519"
X-4412,SBNO1,55206.0,MutNovel,"G945D,0.557"
X-4412,SCAF4,57466.0,MutNovel,"Q966P,0.378"
X-4412,SCAI,286205.0,MutNovel,"N601S,0.368"
X-4412,SCAP,22937.0,MutNovel,"R988Q,0.450"
X-4412,SCAPER,49855.0,MutNovel,"R829H,0.500"
X-4412,SCYL2,55681.0,MutNovel,"Q863R,0.504"
X-4412,SEC24C,9632.0,MutNovel,"Q392H,0.452"
X-4412,SEMA4D,10507.0,MutKnownFunctional,"S722*,0.536"
X-4412,SERINC2,347735.0,MutNovel,"-373Q,0.472"
X-4412,SERPINH1,871.0,MutNovel,"A109T,0.463"
X-4412,SETD1B,23067.0,MutKnownFunctional,"-5,1.000"
X-4412,SETD2,29072.0,MutNovel,"T781M,0.343"
X-4412,SETD2,29072.0,MutKnownFunctional,"-281?,0.308"
X-4412,SETX,23064.0,MutNovel,"D188E,0.455"
X-4412,SH3PXD2A,9644.0,MutNovel,"V728A,0.423"
X-4412,SIX4,51804.0,MutNovel,"R211C,0.579"
X-4412,SLC29A4,222962.0,MutNovel,"EEAA34E,0.316"
X-4412,SLC35C1,55343.0,MutNovel,"G202C,0.420"
X-4412,SLC35E4,339665.0,MutKnownFunctional,"-34,0.400"
X-4412,SLC38A6,145389.0,MutNovel,"A484V,0.510"
X-4412,SLC41A3,54946.0,MutNovel,"V152A,0.466"
X-4412,SLC45A4,57210.0,MutNovel,"E433K,0.444"
X-4412,SLC6A12,6539.0,MutKnownFunctional,"-523,0.278"
X-4412,SLITRK2,84631.0,MutKnownFunctional,"-59?,0.363"
X-4412,SMNDC1,10285.0,MutNovel,"S135I,0.424"
X-4412,SMYD2,56950.0,MutNovel,"A359V,0.224"
X-4412,SNRNP200,23020.0,MutNovel,"I1331T,0.308"
X-4412,SOCS1,8651.0,MutNovel,"SS31S,0.438"
X-4412,SPEN,23013.0,MutNovel,"E2322K,0.378"
X-4412,SPG11,80208.0,MutNovel,"N681S,0.367"
X-4412,SPG11,80208.0,MutNovel,"E52K,0.565"
X-4412,SPHK2,56848.0,MutNovel,"G574S,0.635"
X-4412,SPNS2,124976.0,MutNovel,"T74A,0.395"
X-4412,SPSB2,84727.0,MutNovel,"L239M,0.244"
X-4412,SREBF2,6721.0,MutNovel,"S940G,0.541"
X-4412,SRSF1,6426.0,MutNovel,"R191P,0.650"
X-4412,SRSF1,6426.0,MutNovel,"P129S,0.652"
X-4412,SRY,6736.0,Del0.8,0.26
X-4412,ST14,6768.0,MutNovel,"S811N,0.277"
X-4412,STAMBPL1,57559.0,MutKnownFunctional,"-403,0.350"
X-4412,STARD7,56910.0,MutNovel,"D285G,0.215"
X-4412,STK38L,23012.0,MutNovel,"P328S,0.526"
X-4412,SUPT7L,9913.0,MutNovel,"R198H,0.548"
X-4412,SURF6,6838.0,MutNovel,"A128V,0.578"
X-4412,SYVN1,84447.0,MutNovel,"A516T,0.553"
X-4412,TAF1C,9013.0,MutKnownFunctional,"-707,0.473"
X-4412,TAL2,6887.0,MutNovel,"A21T,0.667"
X-4412,TAMM41,132001.0,MutNovel,"P40L,0.395"
X-4412,TBC1D3H,729877.0,MutNovel,"A389D,1.000"
X-4412,TBL1Y,90665.0,Del0.8,0.26
X-4412,TBP,6908.0,MutNovel,"-64Q,0.310"
X-4412,TCF15,6939.0,MutNovel,"R82W,0.667"
X-4412,TES,26136.0,MutNovel,"L323P,0.302"
X-4412,TEX10,54881.0,MutNovel,"K34R,0.350"
X-4412,TFE3,7030.0,MutKnownFunctional,"-482,0.647"
X-4412,TGIF2LY,90655.0,Del0.8,0.26
X-4412,THAP11,57215.0,MutNovel,"S247P,0.310"
X-4412,THAP5,168451.0,MutKnownFunctional,"-99,0.649"
X-4412,THYN1,29087.0,MutNovel,"Q139E,0.556"
X-4412,TICAM1,148022.0,MutKnownFunctional,"-642,0.413"
X-4412,TIMM9,26520.0,MutKnownFunctional,"-30?,0.489"
X-4412,TLE1,7088.0,MutNovel,"R641W,0.446"
X-4412,TLN1,7094.0,MutNovel,"Q1356R,0.322"
X-4412,TLN2,83660.0,MutNovel,"A1983T,0.400"
X-4412,TM2D3,80213.0,MutNovel,"R161Q,0.504"
X-4412,TMA16,,MutKnownFunctional,"-13,0.371"
X-4412,TMED4,222068.0,MutNovel,"Y179H,0.384"
X-4412,TMEM141,85014.0,MutNovel,"C26R,0.512"
X-4412,TMEM184A,202915.0,MutNovel,"G392GA,0.294"
X-4412,TMEM185B,79134.0,MutKnownFunctional,"-341,0.325"
X-4412,TMEM97,27346.0,MutKnownFunctional,"-173,0.312"
X-4412,TMPRSS2,7113.0,MutNovel,"G319R,0.286"
X-4412,TMSB4Y,9087.0,Del0.8,0.26
X-4412,TNFRSF25,8718.0,MutNovel,"R6Q,0.467"
X-4412,TNIP2,79155.0,MutKnownFunctional,"Q410*,0.407"
X-4412,TNNT1,7138.0,MutNovel,"G58W,0.227"
X-4412,TNRC6B,23112.0,MutKnownFunctional,"E253*,0.562"
X-4412,TOM1L2,146691.0,MutNovel,"L295I,0.259"
X-4412,TP53,7157.0,MutNovel,"S346P,0.721"
X-4412,TP53,7157.0,MutNovel,"E258A,0.704"
X-4412,TP53BP1,7158.0,MutNovel,"P634L,0.489"
X-4412,TPM4,7171.0,MutKnownFunctional,"E23*,0.211"
X-4412,TPRA1,131601.0,MutNovel,"A109T,0.477"
X-4412,TRAF2,7186.0,MutKnownFunctional,"-7,0.510"
X-4412,TRAF3,7187.0,MutNovel,"V200M,0.473"
X-4412,TRAF3IP2,10758.0,MutNovel,"Q291H,0.477"
X-4412,TRAF5,7188.0,MutKnownFunctional,"-425,0.629"
X-4412,TRIM59,286827.0,MutKnownFunctional,"-202,0.579"
X-4412,TRIO,7204.0,MutNovel,"A2517T,0.537"
X-4412,TRIP10,9322.0,MutNovel,"R354C,0.465"
X-4412,TRMT61B,55006.0,MutNovel,"L14P,0.528"
X-4412,TRPC6,7225.0,MutNovel,"I650T,1.000"
X-4412,TSPY1,7258.0,Del0.8,0.26
X-4412,TSPY2,64591.0,Del0.8,0.26
X-4412,TSPY3,728137.0,Del0.8,0.26
X-4412,TSPY4,728395.0,Del0.8,0.26
X-4412,TSPY8,728403.0,Del0.8,0.26
X-4412,TSPYL1,7259.0,MutNovel,"V176VW,0.872"
X-4412,TTC13,79573.0,MutNovel,"Q65R,0.233"
X-4412,TTC40,54777.0,MutNovel,"N886S,1.000"
X-4412,TTK,7272.0,MutKnownFunctional,"-851?,0.325"
X-4412,TTTY10,246119.0,Del0.8,0.26
X-4412,TTTY11,83866.0,Del0.8,0.26
X-4412,TTTY12,83867.0,Del0.8,0.26
X-4412,TTTY13,83868.0,Del0.8,0.26
X-4412,TTTY14,83869.0,Del0.8,0.26
X-4412,TTTY15,64595.0,Del0.8,0.26
X-4412,TTTY16,252948.0,Del0.8,0.26
X-4412,TTTY17A,252949.0,Del0.8,0.26
X-4412,TTTY17A,252949.0,Del0.8,0.26
X-4412,TTTY18,252950.0,Del0.8,0.26
X-4412,TTTY19,252952.0,Del0.8,0.26
X-4412,TTTY1B,100101116.0,Del0.8,0.26
X-4412,TTTY1B,100101116.0,Del0.8,0.26
X-4412,TTTY2,60439.0,Del0.8,0.26
X-4412,TTTY2,60439.0,Del0.8,0.26
X-4412,TTTY20,252951.0,Del0.8,0.26
X-4412,TTTY21,252953.0,Del0.8,0.26
X-4412,TTTY21,252953.0,Del0.8,0.26
X-4412,TTTY22,252954.0,Del0.8,0.26
X-4412,TTTY23,252955.0,Del0.8,0.26
X-4412,TTTY23,252955.0,Del0.8,0.26
X-4412,TTTY3,114760.0,Del0.8,0.26
X-4412,TTTY3,114760.0,Del0.8,0.26
X-4412,TTTY4,114761.0,Del0.8,0.26
X-4412,TTTY4,114761.0,Del0.8,0.26
X-4412,TTTY5,83863.0,Del0.8,0.26
X-4412,TTTY6,84672.0,Del0.8,0.26
X-4412,TTTY6,84672.0,Del0.8,0.26
X-4412,TTTY7,246122.0,Del0.8,0.26
X-4412,TTTY7,246122.0,Del0.8,0.26
X-4412,TTTY7B,100101120.0,Del0.8,0.26
X-4412,TTTY7B,100101120.0,Del0.8,0.26
X-4412,TTTY8,84673.0,Del0.8,0.26
X-4412,TTTY8,84673.0,Del0.8,0.26
X-4412,TTTY9A,83864.0,Del0.8,0.26
X-4412,TTTY9A,83864.0,Del0.8,0.26
X-4412,TUBA4A,7277.0,MutKnownFunctional,"-176,0.448"
X-4412,TUBB8,347688.0,MutNovel,"A185V,1.000"
X-4412,TUFM,7284.0,MutNovel,"R274C,0.497"
X-4412,TXLNG2P,246126.0,Del0.8,0.26
X-4412,TYSND1,219743.0,MutNovel,"H512R,0.445"
X-4412,U2SURP,23350.0,MutNovel,"A612V,0.414"
X-4412,UBR4,23352.0,MutNovel,"V5056M,0.465"
X-4412,UBR5,51366.0,MutNovel,"M2029V,0.270"
X-4412,ULK2,9706.0,MutNovel,"A70T,0.727"
X-4412,ULK3,25989.0,MutNovel,"R226C,0.481"
X-4412,UQCRQ,27089.0,MutKnownFunctional,"-79?,0.452"
X-4412,USO1,8615.0,MutNovel,"NL661N,0.489"
X-4412,USP36,57602.0,MutNovel,"KKK958K,0.293"
X-4412,USP37,57695.0,MutNovel,"E401Q,0.444"
X-4412,USP42,84132.0,MutKnownFunctional,"-1234,0.417"
X-4412,USP9Y,8287.0,Del0.8,0.26
X-4412,UTY,7404.0,Del0.8,0.26
X-4412,VAX2,25806.0,MutNovel,"T110I,0.560"
X-4412,VCY,9084.0,Del0.8,0.26
X-4412,VCY,9084.0,Del0.8,0.26
X-4412,VEGFB,7423.0,MutNovel,"R184Q,0.475"
X-4412,VPS36,51028.0,MutNovel,"N133S,0.486"
X-4412,VPS37D,155382.0,MutKnownFunctional,"-248,0.410"
X-4412,VWA1,64856.0,MutNovel,"S80N,0.532"
X-4412,WBP1,23559.0,MutKnownFunctional,"-138,0.347"
X-4412,WDR52,55779.0,MutNovel,"S1704R,0.352"
X-4412,WDR78,79819.0,MutKnownFunctional,"W19*,0.667"
X-4412,WNK2,65268.0,MutNovel,"F353S,0.423"
X-4412,WNT7B,7477.0,MutNovel,"A283T,0.296"
X-4412,XKRY2,353515.0,Del0.8,0.26
X-4412,XKRY2,353515.0,Del0.8,0.26
X-4412,ZBED3,84327.0,MutNovel,"A19T,0.333"
X-4412,ZCCHC14,23174.0,MutNovel,"V316I,0.456"
X-4412,ZCCHC6,79670.0,MutNovel,"S1057N,0.416"
X-4412,ZDHHC12,84885.0,MutNovel,"R97W,0.420"
X-4412,ZFHX2,85446.0,MutNovel,"E1712K,0.429"
X-4412,ZFHX3,463.0,MutNovel,"V3495L,0.438"
X-4412,ZFHX3,463.0,MutNovel,"A1944T,0.474"
X-4412,ZFP36L2,678.0,MutKnownFunctional,"-228,0.412"
X-4412,ZFP64,55734.0,MutNovel,"A676T,0.465"
X-4412,ZFY,7544.0,Del0.8,0.26
X-4412,ZMYM2,7750.0,MutNovel,"S1067G,0.516"
X-4412,ZNF16,7564.0,MutKnownFunctional,"G220*,0.429"
X-4412,ZNF235,9310.0,MutNovel,"H733N,0.444"
X-4412,ZNF238,10472.0,MutNovel,"R409H,0.333"
X-4412,ZNF24,7572.0,MutNovel,"F100L,0.553"
X-4412,ZNF250,58500.0,MutKnownFunctional,"-149,0.490"
X-4412,ZNF292,23036.0,MutNovel,"A532V,0.452"
X-4412,ZNF408,79797.0,MutNovel,"S338N,0.321"
X-4412,ZNF41,7592.0,MutNovel,"H621R,0.474"
X-4412,ZNF516,9658.0,MutNovel,"R542H,0.316"
X-4412,ZNF524,147807.0,MutNovel,"R180C,0.439"
X-4412,ZNF57,126295.0,MutKnownFunctional,"-183,0.375"
X-4412,ZNF597,146434.0,MutNovel,"G293D,1.000"
X-4412,ZNF646,9726.0,MutNovel,"A89T,0.333"
X-4412,ZNF71,58491.0,MutNovel,"P91A,0.259"
X-4412,ZNF71,58491.0,MutNovel,"S280N,0.688"
X-4412,ZNF737,100129842.0,MutNovel,"P368T,0.731"
X-4412,ZNF750,79755.0,MutNovel,"P594S,0.857"
X-4412,ZNF814,730051.0,MutNovel,"A11G,0.611"
X-4412,ZNF860,344787.0,MutKnownFunctional,"Q257*,0.375"
X-4412,ZP3,7784.0,MutNovel,"S33N,0.587"
X-4412,ZRANB3,84083.0,MutNovel,"G44D,0.600"
X-4412,ZSCAN29,146050.0,MutKnownFunctional,"-393,0.418"
X-4412,ZUFSP,221302.0,MutKnownFunctional,"Q547*,0.364"
X-4412,ZWILCH,55055.0,MutNovel,"S161R,0.519"
X-4579,AARD,,MutNovel,"Q92H,1.000"
X-4579,AASS,10157.0,Amp5,5.39
X-4579,ABCA13,154664.0,Amp5,5.24
X-4579,ABCB8,11194.0,Amp5,5.31
X-4579,ABCF2,10061.0,Amp5,5.31
X-4579,ABP1,26.0,Amp5,5.31
X-4579,ACTR3B,57180.0,Amp5,5.31
X-4579,ACTR3C,653857.0,Amp5,5.31
X-4579,ADAMTS15,170689.0,MutNovel,"R160W,0.500"
X-4579,ADAMTS3,9508.0,Amp8,8
X-4579,ADCK2,90956.0,Amp5,5.35
X-4579,ADCY1,107.0,Amp5,5.24
X-4579,AFM,173.0,Amp8,9.32
X-4579,AFP,174.0,Amp8,9.32
X-4579,AGAP3,116988.0,Amp5,5.31
X-4579,AGAP7,653268.0,MutNovel,"T346I,1.000"
X-4579,AGBL3,340351.0,Amp5,5.39
X-4579,AGK,55750.0,Amp5,5.35
X-4579,AGRN,375790.0,MutNovel,"G772S,0.488"
X-4579,AHCYL2,23382.0,Amp5,5.39
X-4579,AKAP13,11214.0,MutNovel,"A1140G,1.000"
X-4579,AKAP8,10270.0,MutNovel,"R188W,0.507"
X-4579,AKR1B1,231.0,Amp5,5.39
X-4579,AKR1B10,57016.0,Amp5,5.39
X-4579,AKR1B15,441282.0,Amp5,5.39
X-4579,AKR1D1,6718.0,Amp5,5.39
X-4579,AKR7A3,22977.0,MutNovel,"F110L,0.250"
X-4579,ALB,213.0,Amp8,9.32
X-4579,ALG1L2,644974.0,MutNovel,"I129T,0.500"
X-4579,ALG1L2,644974.0,MutNovel,"D147G,0.571"
X-4579,ALG1L2,644974.0,MutNovel,"C169S,0.429"
X-4579,AMBN,258.0,Amp8,8
X-4579,AMELY,266.0,Del0.8,0.29
X-4579,AMTN,401138.0,Amp8,8
X-4579,ANKRD17,26057.0,Amp8,8.63
X-4579,ANKRD27,84079.0,Amp5,6.77
X-4579,ANKRD7,56311.0,Amp5,5.39
X-4579,AP4E1,23431.0,MutNovel,"Y990C,1.000"
X-4579,AREG,374.0,MutNovel,"K184R,0.600"
X-4579,AREG,374.0,Amp8,9.32
X-4579,ARF5,381.0,Amp5,5.39
X-4579,ARHGAP20,57569.0,MutNovel,"A317P,1.000"
X-4579,ARHGAP30,257106.0,MutNovel,"N419Y,0.333"
X-4579,ARHGEF35,445328.0,Amp5,5.24
X-4579,ARHGEF5,7984.0,Amp5,5.24
X-4579,ARL6IP4,51329.0,MutNovel,"RKKK235R,0.396"
X-4579,ARMC10,83787.0,MutNovel,"N148S,0.692"
X-4579,ARPC1A,10552.0,MutNovel,"R368W,0.324"
X-4579,ART5,116969.0,MutNovel,"-25P,1.000"
X-4579,ASB10,136371.0,Amp5,5.31
X-4579,ASB15,142685.0,Amp5,5.39
X-4579,ASMTL,8623.0,MutNovel,"T651I,0.417"
X-4579,ASZ1,136991.0,Amp5,5.39
X-4579,ATG2B,55102.0,MutNovel,"L1726V,0.627"
X-4579,ATG9B,285973.0,Amp5,5.31
X-4579,ATP6V0A4,50617.0,Amp5,5.39
X-4579,ATP6V0E2,155066.0,Amp5,5.31
X-4579,ATP6V1F,9296.0,Amp5,5.39
X-4579,B4GALT3,8703.0,MutNovel,"D41E,0.560"
X-4579,BAI1,575.0,MutNovel,"P898S,1.000"
X-4579,BARX1,56033.0,MutNovel,"A48T,0.601"
X-4579,BAZ1A,11177.0,MutNovel,"P531S,0.609"
X-4579,BAZ1B,9031.0,MutNovel,"V613G,0.576"
X-4579,BCAM,4059.0,MutNovel,"R517H,0.504"
X-4579,BCORP1,286554.0,Del0.8,0.23
X-4579,BMP6,654.0,MutNovel,"R28Q,1.000"
X-4579,BOP1,23246.0,MutNovel,"P188L,1.000"
X-4579,BPGM,669.0,Amp5,5.39
X-4579,BPY2B,442867.0,Del0.8,0.14
X-4579,BPY2B,442867.0,Del0.8,0.14
X-4579,BRAF,673.0,Amp5,5.35
X-4579,BRWD1,54014.0,MutNovel,"K1262E,0.623"
X-4579,BTC,685.0,Amp8,9.32
X-4579,C14orf93,60686.0,MutNovel,"S119Y,0.507"
X-4579,C19orf12,83636.0,Amp8,23.43
X-4579,C19orf40,91442.0,Amp5,6.77
X-4579,C1orf172,126695.0,MutNovel,"E214K,0.500"
X-4579,C4orf40,401137.0,Amp8,8
X-4579,C7orf13,129790.0,Amp5,5.31
X-4579,C7orf29,113763.0,Amp5,5.31
X-4579,C7orf33,202865.0,Amp5,5.31
X-4579,C7orf34,135927.0,Amp5,5.13
X-4579,C7orf45,136263.0,Amp5,5.39
X-4579,C7orf49,78996.0,Amp5,5.39
X-4579,C7orf53,286006.0,Amp5,5.39
X-4579,C7orf55,154791.0,Amp5,5.39
X-4579,C7orf57,136288.0,Amp5,5.24
X-4579,C7orf60,154743.0,Amp5,5.39
X-4579,C7orf65,401335.0,Amp5,5.24
X-4579,C7orf69,80099.0,Amp5,5.24
X-4579,C7orf72,100130988.0,Amp5,5.24
X-4579,C7orf73,647087.0,Amp5,5.39
X-4579,C9orf169,375791.0,MutNovel,"A13V,0.391"
X-4579,C9orf89,84270.0,MutNovel,"R98H,0.502"
X-4579,CABS1,85438.0,Amp8,8
X-4579,CADPS2,93664.0,Amp5,5.39
X-4579,CALD1,800.0,Amp5,5.39
X-4579,CALU,813.0,Amp5,5.39
X-4579,CAMSAP2,23271.0,MutNovel,"D6N,0.676"
X-4579,CAPZA2,830.0,Amp5,5.39
X-4579,CASP2,835.0,Amp5,5.13
X-4579,CAV1,857.0,Amp5,5.39
X-4579,CAV2,858.0,Amp5,5.39
X-4579,CCDC136,64753.0,Amp5,5.39
X-4579,CCDC6,8030.0,MutNovel,"E139-,0.457"
X-4579,CCDC82,79780.0,MutNovel,"Q487E,0.506"
X-4579,CCDC92,80212.0,MutNovel,"R272Q,0.472"
X-4579,CCL3L1,6349.0,Del0.8,0.77
X-4579,CCL3L3,414062.0,Del0.8,0.77
X-4579,CCL4L1,9560.0,Del0.8,0.77
X-4579,CCNE1,898.0,Amp8,22.32
X-4579,CD70,970.0,MutNovel,"L26F,0.500"
X-4579,CDC14C,168448.0,Amp5,5.24
X-4579,CDC42EP1,11135.0,MutNovel,"PAPAANPS253P,1.000"
X-4579,CDK5,1020.0,Amp5,5.31
X-4579,CDKN1C,1028.0,MutNovel,"APVAV171V,0.611"
X-4579,CDY1B,253175.0,Del0.8,0.14
X-4579,CDY1B,253175.0,Del0.8,0.14
X-4579,CDY2A,9426.0,Del0.8,0.13
X-4579,CDY2A,9426.0,Del0.8,0.13
X-4579,CDY2B,203611.0,Del0.8,0.13
X-4579,CDY2B,203611.0,Del0.8,0.13
X-4579,CEBPA,1050.0,Amp5,6.77
X-4579,CEBPG,1054.0,Amp5,6.77
X-4579,CEP41,95681.0,Amp5,5.39
X-4579,CEP89,84902.0,Amp5,6.77
X-4579,CES1P1,51716.0,Del0.8,0.47
X-4579,CFTR,1080.0,Amp5,5.39
X-4579,CGNL1,84952.0,MutNovel,"P139L,1.000"
X-4579,CHCHD3,54927.0,Amp5,5.39
X-4579,CHD9,80205.0,Del0.8,0.42
X-4579,CHPF2,54480.0,Amp5,5.31
X-4579,CHRM2,1129.0,Amp5,5.39
X-4579,CLCN1,1180.0,Amp5,5.13
X-4579,CLCNKA,1187.0,MutNovel,"T577D,0.600"
X-4579,CLEC2L,154790.0,Amp5,6.73
X-4579,CLEC5A,23601.0,Amp5,5.35
X-4579,CLIP2,7461.0,Amp5,6.06
X-4579,CNOT4,4850.0,Amp5,5.39
X-4579,CNPY1,285888.0,Amp5,5.31
X-4579,CNTNAP2,26047.0,Amp5,5.31
X-4579,COBL,23242.0,Amp5,5.24
X-4579,COBLL1,22837.0,MutNovel,"I1141S,0.548"
X-4579,COL18A1,80781.0,MutNovel,"S1044C,0.459"
X-4579,COPG2,26958.0,Amp5,5.39
X-4579,COX18,285521.0,Amp8,8
X-4579,CPA1,1357.0,Amp5,5.39
X-4579,CPA2,1358.0,Amp5,5.39
X-4579,CPA4,51200.0,Amp5,5.39
X-4579,CPA5,93979.0,Amp5,5.39
X-4579,CPSF3L,54973.0,MutKnownFunctional,"Q530*,0.389"
X-4579,CREB3L2,64764.0,Amp5,5.39
X-4579,CREB3L4,148327.0,MutNovel,"E192-,0.333"
X-4579,CREBBP,1387.0,MutNovel,"P1110R,1.000"
X-4579,CRYGN,155051.0,Amp5,5.31
X-4579,CSN1S1,1446.0,Amp8,8
X-4579,CSN1S2AP,286828.0,Amp8,8
X-4579,CSN1S2BP,100337616.0,Amp8,8
X-4579,CSN2,1447.0,Amp8,8
X-4579,CSN3,1448.0,Amp8,8
X-4579,CSPG4P1Y,114758.0,Del0.8,0.14
X-4579,CSPG4P1Y,114758.0,Del0.8,0.14
X-4579,CTAGE15P,441294.0,Amp5,5.13
X-4579,CTAGE4,100128553.0,Amp5,5.24
X-4579,CTAGE4,100128553.0,Amp5,5.24
X-4579,CTAGE6P,340307.0,Amp5,7.89
X-4579,CTTNBP2,83992.0,Amp5,5.39
X-4579,CUL1,8454.0,Amp5,5.31
X-4579,CUL3,8452.0,MutNovel,"S484T,0.484"
X-4579,CXADRP2,646243.0,Del0.8,0.47
X-4579,CXCL1,2919.0,Amp8,9.32
X-4579,CXCL2,2920.0,Amp8,9.32
X-4579,CXCL3,2921.0,Amp8,9.32
X-4579,CXCL5,6374.0,Amp8,9.32
X-4579,CXCL6,6372.0,Amp8,9.32
X-4579,CYBRD1,79901.0,MutNovel,"G212R,0.582"
X-4579,DACH1,1602.0,MutNovel,"GG82-,1.000"
X-4579,DAZ1,1617.0,Del0.8,0.14
X-4579,DAZ2,57055.0,Del0.8,0.14
X-4579,DAZ3,57054.0,Del0.8,0.14
X-4579,DAZ3,57054.0,Del0.8,0.14
X-4579,DAZ4,57135.0,Del0.8,0.14
X-4579,DAZ4,57135.0,Del0.8,0.14
X-4579,DCBLD2,131566.0,MutNovel,"R34C,0.550"
X-4579,DCHS1,8642.0,MutNovel,"L33LW,0.571"
X-4579,DCK,1633.0,Amp8,8
X-4579,DDC,1644.0,Amp5,5.24
X-4579,DDIT4L,115265.0,MutNovel,"K180R,0.930"
X-4579,DDT,1652.0,Del0.8,0.72
X-4579,DDTL,100037417.0,Del0.8,0.72
X-4579,DDX3Y,8653.0,Del0.8,0.24
X-4579,DEF8,54849.0,MutNovel,"W12R,1.000"
X-4579,DENND2A,27147.0,Amp5,5.35
X-4579,DGKI,9162.0,Amp5,5.39
X-4579,DKFZp566F0947,94023.0,Amp5,6.77
X-4579,DNAH1,25981.0,MutNovel,"R1702Q,1.000"
X-4579,DNAJB6,10049.0,Amp5,5.31
X-4579,DNAJC22,79962.0,MutNovel,"Q298R,0.529"
X-4579,DNAJC24,120526.0,MutNovel,"K33E,0.504"
X-4579,DNASE1L1,1774.0,MutNovel,"Y103C,0.471"
X-4579,DNER,92737.0,MutNovel,"T259S,1.000"
X-4579,DOCK4,9732.0,Amp5,5.39
X-4579,DOK7,285489.0,MutNovel,"P503T,1.000"
X-4579,DPP6,1804.0,Amp5,5.31
X-4579,DPY19L3,147991.0,Amp5,6.77
X-4579,DRD4,1815.0,MutNovel,"G272V,0.500"
X-4579,EEF2,1938.0,MutNovel,"V589M,0.996"
X-4579,EIF1AY,9086.0,Del0.8,0.23
X-4579,EIF3IP1,442720.0,Amp5,5.39
X-4579,EN2,2020.0,Amp5,5.31
X-4579,ENAM,10117.0,Amp8,8
X-4579,EPGN,255324.0,Amp8,9.32
X-4579,EPHA1,2041.0,Amp5,5.13
X-4579,EPHB6,2051.0,Amp5,5.13
X-4579,EREG,2069.0,Amp8,9.32
X-4579,ESYT2,57488.0,Amp5,5.31
X-4579,EXOC4,60412.0,Amp5,5.39
X-4579,EXOC6B,23233.0,MutNovel,"I728T,0.483"
X-4579,EZH2,2146.0,Amp5,5.31
X-4579,FABP5P3,220832.0,Amp5,5.31
X-4579,FAM115A,9747.0,Amp5,6.41
X-4579,FAM115C,285966.0,Amp5,5.13
X-4579,FAM129B,64855.0,MutNovel,"P644L,0.430"
X-4579,FAM131B,9715.0,Amp5,5.13
X-4579,FAM153A,285596.0,MutNovel,"V186G,1.000"
X-4579,FAM155A,728215.0,MutNovel,"R77Q,1.000"
X-4579,FAM167B,84734.0,MutNovel,"E128K,0.625"
X-4579,FAM171B,165215.0,MutNovel,"-44Q,1.000"
X-4579,FAM180A,389558.0,Amp5,5.39
X-4579,FAM197Y2P,252946.0,Del0.8,0.22
X-4579,FAM21A,387680.0,MutNovel,"A465T,0.500"
X-4579,FAM3C,10447.0,Amp5,5.39
X-4579,FAM40B,57464.0,Amp5,5.39
X-4579,FAM41AY1,340618.0,Del0.8,0.13
X-4579,FAM41AY1,340618.0,Del0.8,0.13
X-4579,FAM59A,64762.0,MutNovel,"K475N,0.482"
X-4579,FAM71F1,84691.0,Amp5,5.39
X-4579,FAM71F2,346653.0,Amp5,5.39
X-4579,FASTK,10922.0,Amp5,5.31
X-4579,FBLN2,2199.0,MutNovel,"A1086F,0.494"
X-4579,FBXO48,554251.0,MutNovel,"N28I,0.800"
X-4579,FCGBP,8857.0,MutNovel,"P3983L,0.727"
X-4579,FDCSP,260436.0,Amp8,8
X-4579,FEZF1,389549.0,Amp5,5.39
X-4579,FGFR3,2261.0,MutNovel,"F386L,1.000"
X-4579,FIGNL1,63979.0,Amp5,5.24
X-4579,FLJ40852,285962.0,Amp5,5.35
X-4579,FLJ43663,378805.0,Amp5,5.39
X-4579,FLJ45340,402483.0,Amp5,5.39
X-4579,FLNC,2318.0,Amp5,5.39
X-4579,FOXP2,93986.0,Amp5,5.39
X-4579,FRRS1L,,MutNovel,"R51A,1.000"
X-4579,FSCN3,29999.0,Amp5,5.39
X-4579,FTLP10,100130017.0,Amp8,9.45
X-4579,GALNT11,63917.0,Amp5,5.31
X-4579,GALNTL5,168391.0,Amp5,5.31
X-4579,GBX1,2636.0,Amp5,5.31
X-4579,GC,2638.0,Amp8,8
X-4579,GCC1,79571.0,Amp5,5.39
X-4579,GIMAP1,170575.0,Amp5,5.31
X-4579,GIMAP1-GIMAP5,100527949.0,Amp5,5.31
X-4579,GIMAP2,26157.0,Amp5,5.31
X-4579,GIMAP4,55303.0,Amp5,5.31
X-4579,GIMAP5,55340.0,Amp5,5.31
X-4579,GIMAP6,474344.0,Amp5,5.31
X-4579,GIMAP7,168537.0,Amp5,5.31
X-4579,GIMAP8,155038.0,Amp5,5.31
X-4579,GJB2,2706.0,MutKnownFunctional,"-12,0.487"
X-4579,GOLGA2P2Y,84559.0,Del0.8,0.14
X-4579,GOLGA2P2Y,84559.0,Del0.8,0.14
X-4579,GPATCH1,55094.0,Amp5,6.77
X-4579,GPR37,2861.0,Amp5,5.39
X-4579,GPR85,54329.0,Amp5,5.39
X-4579,GPRIN2,9721.0,MutNovel,"-238MRE,0.569"
X-4579,GRB10,2887.0,Amp5,5.24
X-4579,GRSF1,2926.0,Amp8,8
X-4579,GSTK1,373156.0,Amp5,5.13
X-4579,GSTT2,2953.0,Del0.8,0.72
X-4579,GTF2I,2969.0,Amp5,5.74
X-4579,GTF2IRD1,9569.0,Amp5,7.89
X-4579,GTF2IRD2,84163.0,Amp5,5.74
X-4579,GYG2P1,352887.0,Del0.8,0.24
X-4579,HDAC1,3065.0,MutNovel,"V153I,0.456"
X-4579,HEATR5A,25938.0,MutNovel,"R266K,0.448"
X-4579,HILPDA,29923.0,Amp5,5.39
X-4579,HIPK2,28996.0,Amp5,6.73
X-4579,HIRA,7290.0,MutNovel,"-684C,1.000"
X-4579,HIST2H2AC,8338.0,MutNovel,"I112V,0.205"
X-4579,HOXC13,3229.0,MutNovel,"L15LI,0.477"
X-4579,HSFY2,159119.0,Del0.8,0.13
X-4579,HSFY2,159119.0,Del0.8,0.13
X-4579,HTN1,3346.0,Amp8,8
X-4579,HTN3,3347.0,Amp8,8
X-4579,HTR5A,3361.0,Amp5,5.31
X-4579,HUS1,3364.0,Amp5,5.24
X-4579,HYAL4,23553.0,Amp5,5.39
X-4579,HYALP1,26062.0,Amp5,5.39
X-4579,ICK,22858.0,MutNovel,"PSPLL369L,0.571"
X-4579,IFRD1,3475.0,Amp5,5.39
X-4579,IGFBP1,3484.0,Amp5,5.24
X-4579,IGFBP3,3486.0,Amp5,5.24
X-4579,IGJ,3512.0,Amp8,8
X-4579,IKZF1,10320.0,Amp5,5.24
X-4579,IL8,3576.0,Amp8,9.32
X-4579,ILF3,3609.0,MutNovel,"A735T,0.241"
X-4579,IMMP2L,83943.0,Amp5,5.39
X-4579,IMPDH1,3614.0,Amp5,5.39
X-4579,ING3,54556.0,Amp5,5.39
X-4579,INSIG1,3638.0,Amp5,5.31
X-4579,IQSEC2,23096.0,MutNovel,"A1470T,0.833"
X-4579,IQUB,154865.0,Amp5,5.39
X-4579,IRF2BP2,359948.0,MutNovel,"P490S,0.486"
X-4579,IRF5,3663.0,Amp5,5.39
X-4579,ITFG3,83986.0,MutNovel,"S78P,1.000"
X-4579,ITGB2,3689.0,MutNovel,"A697V,0.289"
X-4579,ITPR3,3710.0,MutNovel,"G1711D,0.407"
X-4579,JHDM1D,80853.0,Amp5,6.73
X-4579,KCND2,3751.0,Amp5,5.39
X-4579,KCNH2,3757.0,Amp5,5.31
X-4579,KCNJ8,3764.0,MutNovel,"Y278C,0.483"
X-4579,KCP,375616.0,Amp5,5.39
X-4579,KDM5D,8284.0,Del0.8,0.23
X-4579,KEL,3792.0,Amp5,5.13
X-4579,KIAA1147,57189.0,Amp5,5.35
X-4579,KIAA1549,57670.0,Amp5,5.39
X-4579,KIF16B,55614.0,MutNovel,"E1344A,0.400"
X-4579,KLF14,136259.0,Amp5,5.39
X-4579,KLHDC10,23008.0,Amp5,5.39
X-4579,KLRG2,346689.0,Amp5,6.73
X-4579,KRBA1,84626.0,Amp5,5.31
X-4579,KRT2,3849.0,MutNovel,"V402M,1.000"
X-4579,KRT86,3892.0,MutNovel,"G69S,0.667"
X-4579,LCE3C,353144.0,Del0.8,0.2
X-4579,LEP,3952.0,Amp5,5.39
X-4579,LGMN,5641.0,MutNovel,"R58C,0.484"
X-4579,LILRB3,11025.0,MutNovel,"Y400R,1.000"
X-4579,LINC00244,64433.0,Amp5,5.31
X-4579,LINC00525,84847.0,Amp5,5.24
X-4579,LMBR1,64327.0,Amp5,5.31
X-4579,LMOD2,442721.0,Amp5,5.39
X-4579,LOC100128264,100128264.0,Amp5,5.31
X-4579,LOC100128822,100128822.0,Amp5,5.31
X-4579,LOC100129148,100129148.0,Amp5,6.73
X-4579,LOC100129427,100129427.0,Amp5,5.24
X-4579,LOC100130705,100130705.0,Amp5,5.39
X-4579,LOC100130880,100130880.0,Amp5,5.39
X-4579,LOC100132247,100132247.0,MutNovel,"R536C,0.238"
X-4579,LOC100132707,100132707.0,Amp5,5.31
X-4579,LOC100134229,100134229.0,Amp5,6.73
X-4579,LOC100287482,100287482.0,Amp5,5.39
X-4579,LOC100287837,,MutNovel,"E5ER,0.444"
X-4579,LOC100505679,100505679.0,Del0.8,0.57
X-4579,LOC100506585,100506585.0,Amp5,5.31
X-4579,LOC100996325,,MutNovel,"P74L,1.000"
X-4579,LOC154761,154761.0,Amp5,7.89
X-4579,LOC154822,154822.0,Amp5,5.31
X-4579,LOC154872,154872.0,Amp5,5.39
X-4579,LOC155060,155060.0,Amp5,5.31
X-4579,LOC202781,202781.0,Amp5,5.31
X-4579,LOC285889,285889.0,Amp5,5.31
X-4579,LOC285972,285972.0,Amp5,5.31
X-4579,LOC388152,388152.0,Del0.8,0.57
X-4579,LOC400680,400680.0,Amp8,19.97
X-4579,LOC401397,401397.0,Amp5,5.39
X-4579,LOC407835,407835.0,Amp5,5.39
X-4579,LOC440300,440300.0,Del0.8,0.57
X-4579,LOC645249,645249.0,Amp5,5.31
X-4579,LOC646214,646214.0,Del0.8,0.68
X-4579,LOC646329,646329.0,Amp5,5.39
X-4579,LOC727924,727924.0,Del0.8,0.7
X-4579,LOC728377,728377.0,Amp5,5.24
X-4579,LOC728743,728743.0,Amp5,5.31
X-4579,LOC729020,729020.0,MutNovel,"E149G,1.000"
X-4579,LOC80054,80054.0,Amp5,6.77
X-4579,LRGUK,136332.0,Amp5,5.39
X-4579,LRP3,4037.0,Amp5,6.77
X-4579,LRRC1,55227.0,MutNovel,"V455I,0.532"
X-4579,LRRC4,64101.0,Amp5,5.39
X-4579,LRRC61,65999.0,Amp5,5.31
X-4579,LRRC8E,80131.0,MutNovel,"I81T,0.645"
X-4579,LRRN3,54674.0,Amp5,5.39
X-4579,LSR,51599.0,MutNovel,"G518R,0.250"
X-4579,LSR,51599.0,MutNovel,"G518GR,1.000"
X-4579,LTBP1,4052.0,MutNovel,"G212E,0.436"
X-4579,LUC7L2,51631.0,Amp5,6.02
X-4579,LUZP6,767558.0,Amp5,5.39
X-4579,MAGED4B,81557.0,MutNovel,"A111T,1.000"
X-4579,MAP3K4,4216.0,MutNovel,"PA1189P,1.000"
X-4579,MDFIC,29969.0,Amp5,5.39
X-4579,ME3,10873.0,MutNovel,"G504R,0.511"
X-4579,MEF2A,4205.0,MutNovel,"QQ412-,0.917"
X-4579,MEST,4232.0,Amp5,5.39
X-4579,MESTIT1,317751.0,Amp5,5.39
X-4579,MET,4233.0,Amp5,5.39
X-4579,METTL2B,55798.0,Amp5,5.39
X-4579,MIR129-1,406917.0,Amp5,5.39
X-4579,MIR153-2,406945.0,Amp5,5.31
X-4579,MIR182,406958.0,Amp5,5.39
X-4579,MIR183,406959.0,Amp5,5.39
X-4579,MIR29A,407021.0,Amp5,5.39
X-4579,MIR29B1,407024.0,Amp5,5.39
X-4579,MIR335,442904.0,Amp5,5.39
X-4579,MIR3666,100500896.0,Amp5,5.39
X-4579,MIR3907,100500835.0,Amp5,5.31
X-4579,MIR4468,100616226.0,Amp5,5.39
X-4579,MIR490,574443.0,Amp5,5.39
X-4579,MIR548F3,100302159.0,Amp5,5.31
X-4579,MIR548F4,100313895.0,Amp5,5.31
X-4579,MIR548I4,100302191.0,Amp5,5.31
X-4579,MIR548T,100422849.0,Amp5,5.31
X-4579,MIR592,693177.0,Amp5,5.39
X-4579,MIR593,693178.0,Amp5,5.39
X-4579,MIR595,693180.0,Amp5,5.31
X-4579,MIR671,768213.0,Amp5,5.31
X-4579,MIR96,407053.0,Amp5,5.39
X-4579,MKLN1,4289.0,Amp5,5.39
X-4579,MKRN1,23608.0,Amp5,5.35
X-4579,MLL3,58508.0,Amp5,5.31
X-4579,MNX1,3110.0,Amp5,5.31
X-4579,MOB1B,92597.0,Amp8,8
X-4579,MRPL55,128308.0,MutNovel,"R33Q,0.375"
X-4579,MRPS33,51650.0,Amp5,5.35
X-4579,MTHFD2L,441024.0,Amp8,9.32
X-4579,MTX1,4580.0,MutNovel,"F351L,0.627"
X-4579,MUC7,4589.0,Amp8,8
X-4579,NAA38,51691.0,Amp5,5.39
X-4579,NACAD,23148.0,MutNovel,"D612E,1.000"
X-4579,NBPF12,,MutNovel,"L3013V,0.906"
X-4579,NCAPG2,54892.0,Amp5,5.31
X-4579,NCF1,653361.0,Amp5,5.74
X-4579,NCOR2,9612.0,MutNovel,"G1839GAAA,1.000"
X-4579,NCOR2,9612.0,MutNovel,"-511S,0.968"
X-4579,NCRNA00185,55410.0,Del0.8,0.23
X-4579,NDUFA5,4698.0,Amp5,5.39
X-4579,NDUFB2,4708.0,Amp5,5.35
X-4579,NEFH,4744.0,MutNovel,"A163P,1.000"
X-4579,NEFH,4744.0,MutNovel,"KAKSPEKEE651K,0.500"
X-4579,NF1P2,440225.0,Del0.8,0.68
X-4579,NLGN4Y,22829.0,Del0.8,0.24
X-4579,NOBOX,135935.0,Amp5,5.24
X-4579,NOM1,64434.0,Amp5,5.31
X-4579,NOP9,,MutNovel,"E162-,0.692"
X-4579,NOS3,4846.0,Amp5,5.31
X-4579,NPC1,4864.0,MutNovel,"I1095N,0.438"
X-4579,NPFFR2,10886.0,Amp8,8
X-4579,NR1H2,7376.0,MutNovel,"-173Q,1.000"
X-4579,NRF1,4899.0,Amp5,5.39
X-4579,NUB1,51667.0,Amp5,5.31
X-4579,NUDT19,390916.0,Amp5,6.77
X-4579,NUP205,23165.0,Amp5,5.39
X-4579,ODAM,54959.0,Amp8,8
X-4579,OPN1SW,611.0,Amp5,5.39
X-4579,OR2A12,346525.0,Amp5,5.24
X-4579,OR2A14,135941.0,Amp5,5.24
X-4579,OR2A2,442361.0,Amp5,5.24
X-4579,OR2A25,392138.0,Amp5,5.24
X-4579,OR2A42,402317.0,Amp5,5.24
X-4579,OR2A42,402317.0,Amp5,5.24
X-4579,OR2A5,393046.0,Amp5,5.24
X-4579,OR2A7,401427.0,Amp5,5.24
X-4579,OR2A9P,441295.0,Amp5,5.24
X-4579,OR2A9P,441295.0,Amp5,5.24
X-4579,OR2F1,26211.0,Amp5,5.24
X-4579,OR2F2,135948.0,Amp5,5.24
X-4579,OR6B1,135946.0,Amp5,5.24
X-4579,OR6V1,346517.0,Amp5,5.13
X-4579,OR6W1P,89883.0,Amp5,5.13
X-4579,OR9A2,135924.0,Amp5,5.13
X-4579,OR9A4,130075.0,Amp5,5.35
X-4579,ORAI1,84876.0,MutNovel,"PP43-,1.000"
X-4579,PANK2,80025.0,MutNovel,"P382L,0.524"
X-4579,PAQR4,124222.0,MutNovel,"L262V,1.000"
X-4579,PARP12,64761.0,Amp5,6.73
X-4579,PAX4,5078.0,Amp5,5.39
X-4579,PAXIP1,22976.0,Amp5,5.31
X-4579,PCDH1,5097.0,MutNovel,"A551G,0.971"
X-4579,PCDH11Y,83259.0,Del0.8,0.29
X-4579,PCDH12,51294.0,MutNovel,"H385N,1.000"
X-4579,PCDHA10,56139.0,Del0.8,0.73
X-4579,PCDHA7,56141.0,MutNovel,"A22E,1.000"
X-4579,PCDHA9,9752.0,Del0.8,0.52
X-4579,PCDHB13,56123.0,MutNovel,"Q528E,1.000"
X-4579,PDCD5,9141.0,Amp5,6.77
X-4579,PDIA4,9601.0,Amp5,5.31
X-4579,PDZRN4,29951.0,MutNovel,"R446W,0.714"
X-4579,PF4,5196.0,Amp8,9.32
X-4579,PF4V1,5197.0,Amp8,9.32
X-4579,PHACTR4,65979.0,MutKnownFunctional,"-61?,0.405"
X-4579,PHLDA1,22822.0,MutNovel,"QQ194Q,1.000"
X-4579,PIP,5304.0,Amp5,5.13
X-4579,PKD1L1,168507.0,Amp5,5.24
X-4579,PKD1L2,114780.0,Del0.8,0.76
X-4579,PLEKHF1,79156.0,Amp8,23.43
X-4579,PLXNA3,55558.0,MutNovel,"D172N,1.000"
X-4579,PLXNA4,91584.0,Amp5,5.39
X-4579,PODXL,5420.0,Amp5,5.39
X-4579,POM121L12,285877.0,Amp5,5.24
X-4579,POM121L8P,29797.0,Del0.8,0.68
X-4579,POP4,10775.0,Amp8,23.43
X-4579,POT1,25913.0,Amp5,5.39
X-4579,POTEB,339010.0,Del0.8,0.68
X-4579,PPBP,5473.0,Amp8,9.32
X-4579,PPP1R3A,5506.0,Amp5,5.39
X-4579,PPP2R3C,55012.0,MutKnownFunctional,"-23?,1.000"
X-4579,PRKAG2,51422.0,Amp5,5.31
X-4579,PRKY,5616.0,Del0.8,0.29
X-4579,PROL1,58503.0,Amp8,8
X-4579,PRPSAP1,5635.0,MutNovel,"R38Q,0.571"
X-4579,PRR12,57479.0,MutNovel,"S813P,0.394"
X-4579,PRRT4,401399.0,Amp5,5.39
X-4579,PRSS37,136242.0,Amp5,5.35
X-4579,PRY,9081.0,Del0.8,0.23
X-4579,PRY,9081.0,Del0.8,0.14
X-4579,PRY2,442862.0,Del0.8,0.23
X-4579,PRY2,442862.0,Del0.8,0.14
X-4579,PTN,5764.0,Amp5,5.39
X-4579,PTPRF,5792.0,MutNovel,"E1161K,0.512"
X-4579,PTPRN2,5799.0,Amp5,5.31
X-4579,PTPRZ1,5803.0,Amp5,5.39
X-4579,RAB19,401409.0,Amp5,5.35
X-4579,RAB20,55647.0,MutNovel,"A74D,0.971"
X-4579,RARRES2,5919.0,Amp5,5.31
X-4579,RASSF3,283349.0,MutNovel,"F141C,0.559"
X-4579,RASSF6,166824.0,Amp8,9.32
X-4579,RBM28,55131.0,Amp5,5.39
X-4579,RBM33,155435.0,Amp5,5.31
X-4579,RBMY1A3P,286557.0,Del0.8,0.22
X-4579,RBMY1B,378948.0,Del0.8,0.23
X-4579,RBMY1B,378948.0,Del0.8,0.23
X-4579,RBMY1E,378950.0,Del0.8,0.23
X-4579,RBMY1E,378950.0,Del0.8,0.23
X-4579,RBMY1F,159163.0,Del0.8,0.18
X-4579,RBMY1F,159163.0,Del0.8,0.23
X-4579,RBMY1J,378951.0,Del0.8,0.14
X-4579,RBMY1J,378951.0,Del0.8,0.23
X-4579,RBMY2EP,159125.0,Del0.8,0.23
X-4579,RBMY2FP,159162.0,Del0.8,0.23
X-4579,RBMY3AP,64593.0,Del0.8,0.22
X-4579,RELL1,768211.0,MutNovel,"P47R,0.304"
X-4579,REPIN1,29803.0,Amp5,5.31
X-4579,RFX1,5989.0,MutNovel,"G841S,0.532"
X-4579,RGS9,8787.0,MutNovel,"P12L,0.667"
X-4579,RGS9BP,388531.0,Amp5,6.77
X-4579,RHD,6007.0,MutNovel,"L121M,1.000"
X-4579,RHD,6007.0,MutNovel,"K198N,1.000"
X-4579,RHEB,6009.0,Amp5,5.31
X-4579,RHPN2,85415.0,Amp5,6.77
X-4579,RIN3,79890.0,MutNovel,"G967-,0.525"
X-4579,RLTPR,146206.0,MutNovel,"R139W,1.000"
X-4579,RMND1,55005.0,MutNovel,"L426F,0.995"
X-4579,RNF133,168433.0,Amp5,5.39
X-4579,RNF148,378925.0,Amp5,5.39
X-4579,RNF32,140545.0,Amp5,5.31
X-4579,RPL3,6122.0,MutNovel,"N328D,0.210"
X-4579,RPS4Y1,6192.0,Del0.8,0.29
X-4579,RPS4Y2,140032.0,Del0.8,0.23
X-4579,RUFY3,22902.0,Amp8,8
X-4579,SALL1,6299.0,MutNovel,"S159RA,0.917"
X-4579,SCAP,22937.0,Del0.8,0.76
X-4579,SCAPER,49855.0,Del0.8,0.51
X-4579,SEPT7P2,641977.0,Amp5,5.24
X-4579,SERINC2,347735.0,MutNovel,"-373Q,1.000"
X-4579,SHH,6469.0,Amp5,5.31
X-4579,SLC13A1,6561.0,Amp5,5.39
X-4579,SLC13A4,26266.0,Amp5,5.39
X-4579,SLC1A3,6507.0,MutNovel,"V454M,0.261"
X-4579,SLC22A18,5002.0,MutNovel,"S18N,0.620"
X-4579,SLC22A18,5002.0,MutNovel,"M138V,0.541"
X-4579,SLC35B4,84912.0,Amp5,5.39
X-4579,SLC37A3,84255.0,Amp5,5.35
X-4579,SLC4A2,6522.0,Amp5,5.31
X-4579,SLC4A4,8671.0,Amp8,8
X-4579,SLC7A10,56301.0,Amp5,6.77
X-4579,SLC7A9,11136.0,Amp5,6.77
X-4579,SMAD5,4090.0,MutKnownFunctional,"-438?,1.000"
X-4579,SMARCD3,6604.0,Amp5,5.31
X-4579,SMC6,79677.0,MutNovel,"R705M,0.491"
X-4579,SMO,6608.0,Amp5,5.39
X-4579,SMR3A,26952.0,MutNovel,"Q108R,0.667"
X-4579,SMR3A,26952.0,MutNovel,"A128T,1.000"
X-4579,SMR3A,26952.0,Amp8,8
X-4579,SMR3B,10879.0,Amp8,8
X-4579,SMTNL2,342527.0,MutNovel,"R315Q,0.500"
X-4579,SNAPC4,6621.0,MutNovel,"S542-,0.517"
X-4579,SND1,27044.0,Amp5,5.39
X-4579,SND1-IT1,27099.0,Amp5,5.39
X-4579,SON,6651.0,MutNovel,"T848A,0.496"
X-4579,SPAM1,6677.0,Amp5,5.39
X-4579,SRRM2,23524.0,MutNovel,"S2625F,0.984"
X-4579,SRY,6736.0,Del0.8,0.29
X-4579,SSBP1,6742.0,Amp5,5.35
X-4579,SSPO,23145.0,Amp5,5.31
X-4579,SSX2IP,117178.0,MutNovel,"S512L,0.514"
X-4579,ST7,7982.0,Amp5,5.39
X-4579,ST7-AS1,93653.0,Amp5,5.39
X-4579,ST7-AS2,93654.0,Amp5,5.39
X-4579,ST7-OT3,93655.0,Amp5,5.39
X-4579,ST7-OT4,338069.0,Amp5,5.39
X-4579,STAG3L2,442582.0,Amp5,5.74
X-4579,STATH,6779.0,Amp8,8
X-4579,STRA8,346673.0,Amp5,5.39
X-4579,SULT1B1,27284.0,Amp8,8
X-4579,SULT1E1,6783.0,Amp8,8
X-4579,SUN3,256979.0,Amp5,5.24
X-4579,SVOPL,136306.0,Amp5,5.39
X-4579,SYT14L,401135.0,Amp8,9.45
X-4579,TAMM41,132001.0,MutNovel,"P40L,0.343"
X-4579,TAS2R16,50833.0,Amp5,5.39
X-4579,TAS2R3,50831.0,Amp5,5.35
X-4579,TAS2R38,5726.0,Amp5,5.35
X-4579,TAS2R39,259285.0,Amp5,5.13
X-4579,TAS2R4,50832.0,Amp5,5.35
X-4579,TAS2R40,259286.0,Amp5,5.13
X-4579,TAS2R41,259287.0,Amp5,5.13
X-4579,TAS2R43,259289.0,Del0.8,0.66
X-4579,TAS2R5,54429.0,Amp5,5.35
X-4579,TAS2R60,338398.0,Amp5,5.13
X-4579,TBC1D3B,414059.0,Del0.8,0.55
X-4579,TBL1Y,90665.0,Del0.8,0.29
X-4579,TBP,6908.0,MutNovel,"-64Q,1.000"
X-4579,TBXAS1,6916.0,Amp5,6.73
X-4579,TDRD12,91646.0,Amp5,6.77
X-4579,TES,26136.0,Amp5,5.39
X-4579,TFEC,22797.0,Amp5,5.39
X-4579,TGIF2LY,90655.0,Del0.8,0.29
X-4579,THBS1,7057.0,MutNovel,"K430E,0.971"
X-4579,THEG5,100507527.0,Amp5,6.77
X-4579,THUMPD2,80745.0,MutNovel,"A328G,0.446"
X-4579,TIAM1,7074.0,MutNovel,"L562F,0.462"
X-4579,TMBIM4,51643.0,MutKnownFunctional,"-174?,0.926"
X-4579,TMEM139,135932.0,Amp5,5.13
X-4579,TMEM140,55281.0,Amp5,5.39
X-4579,TMEM168,64418.0,Amp5,5.39
X-4579,TMEM176A,55365.0,Amp5,5.31
X-4579,TMEM176B,28959.0,Amp5,5.31
X-4579,TMEM183B,,MutKnownFunctional,"-116?,0.333"
X-4579,TMEM184A,202915.0,MutNovel,"G392GA,1.000"
X-4579,TMEM184C,55751.0,MutNovel,"E201K,1.000"
X-4579,TMEM209,84928.0,Amp5,5.39
X-4579,TMEM213,155006.0,Amp5,5.39
X-4579,TMEM229A,730130.0,Amp5,5.39
X-4579,TMEM238,388564.0,MutNovel,"G30V,0.684"
X-4579,TMEM63B,55362.0,MutNovel,"I244V,0.582"
X-4579,TMPRSS11A,339967.0,Amp5,6.36
X-4579,TMPRSS11B,132724.0,Amp8,9.45
X-4579,TMPRSS11BNL,401136.0,Amp8,9.45
X-4579,TMPRSS11E,28983.0,Amp5,5.31
X-4579,TMPRSS11F,389208.0,Amp8,9.45
X-4579,TMSB4Y,9087.0,Del0.8,0.24
X-4579,TMUB1,83590.0,Amp5,5.31
X-4579,TNIK,23043.0,MutNovel,"R821H,0.444"
X-4579,TNPO3,23534.0,Amp5,5.39
X-4579,TNS3,64759.0,Amp5,5.24
X-4579,TNXB,7148.0,MutNovel,"T2942M,0.667"
X-4579,TOMM40,10452.0,MutNovel,"G42D,0.549"
X-4579,TP53,7157.0,MutKnownFunctional,"R175H,1.000"
X-4579,TP53TG3,24150.0,Del0.8,0.62
X-4579,TP53TG3B,729355.0,Del0.8,0.62
X-4579,TPI1P2,286016.0,Amp5,5.39
X-4579,TPK1,27010.0,Amp5,5.24
X-4579,TRIM24,8805.0,Amp5,5.39
X-4579,TRIM5,85363.0,MutNovel,"R59P,0.267"
X-4579,TRPC1,7220.0,MutNovel,"R343Q,0.222"
X-4579,TRPV5,56302.0,Amp5,5.13
X-4579,TRPV6,55503.0,Amp5,5.13
X-4579,TSGA13,114960.0,Amp5,5.39
X-4579,TSHZ3,57616.0,Amp5,6.77
X-4579,TSPAN12,23554.0,Amp5,5.39
X-4579,TSPAN33,340348.0,Amp5,5.39
X-4579,TSPY1,7258.0,Del0.8,0.22
X-4579,TSPY2,64591.0,Del0.8,0.29
X-4579,TSPY3,728137.0,Del0.8,0.22
X-4579,TSPY4,728395.0,Del0.8,0.22
X-4579,TSPY8,728403.0,Del0.8,0.22
X-4579,TSPYL1,7259.0,MutNovel,"V176VW,1.000"
X-4579,TTC26,79989.0,MutNovel,"S460T,0.216"
X-4579,TTC26,79989.0,Amp5,5.39
X-4579,TTC40,54777.0,MutNovel,"E1388G,1.000"
X-4579,TTTY10,246119.0,Del0.8,0.23
X-4579,TTTY11,83866.0,Del0.8,0.22
X-4579,TTTY12,83867.0,Del0.8,0.22
X-4579,TTTY13,83868.0,Del0.8,0.23
X-4579,TTTY14,83869.0,Del0.8,0.23
X-4579,TTTY15,64595.0,Del0.8,0.24
X-4579,TTTY16,252948.0,Del0.8,0.22
X-4579,TTTY17A,252949.0,Del0.8,0.14
X-4579,TTTY17A,252949.0,Del0.8,0.14
X-4579,TTTY18,252950.0,Del0.8,0.22
X-4579,TTTY19,252952.0,Del0.8,0.22
X-4579,TTTY1B,100101116.0,Del0.8,0.12
X-4579,TTTY1B,100101116.0,Del0.8,0.29
X-4579,TTTY2,60439.0,Del0.8,0.22
X-4579,TTTY2,60439.0,Del0.8,0.29
X-4579,TTTY20,252951.0,Del0.8,0.22
X-4579,TTTY21,252953.0,Del0.8,0.29
X-4579,TTTY21,252953.0,Del0.8,0.22
X-4579,TTTY22,252954.0,Del0.8,0.12
X-4579,TTTY23,252955.0,Del0.8,0.24
X-4579,TTTY23,252955.0,Del0.8,0.29
X-4579,TTTY3,114760.0,Del0.8,0.14
X-4579,TTTY3,114760.0,Del0.8,0.14
X-4579,TTTY4,114761.0,Del0.8,0.14
X-4579,TTTY4,114761.0,Del0.8,0.14
X-4579,TTTY5,83863.0,Del0.8,0.23
X-4579,TTTY6,84672.0,Del0.8,0.23
X-4579,TTTY6,84672.0,Del0.8,0.14
X-4579,TTTY7,246122.0,Del0.8,0.22
X-4579,TTTY7,246122.0,Del0.8,0.29
X-4579,TTTY7B,100101120.0,Del0.8,0.22
X-4579,TTTY7B,100101120.0,Del0.8,0.29
X-4579,TTTY8,84673.0,Del0.8,0.29
X-4579,TTTY8,84673.0,Del0.8,0.22
X-4579,TTTY9A,83864.0,Del0.8,0.13
X-4579,TTTY9A,83864.0,Del0.8,0.13
X-4579,TXLNG2P,246126.0,Del0.8,0.23
X-4579,UBE2H,7328.0,Amp5,5.39
X-4579,UBE3C,9690.0,Amp5,5.31
X-4579,UBN2,254048.0,Amp5,5.39
X-4579,UGT2A1,10941.0,Amp8,8
X-4579,UGT2A2,574537.0,Amp8,8
X-4579,UGT2A3,79799.0,Amp8,8
X-4579,UGT2B10,7365.0,Amp8,8
X-4579,UGT2B10,7365.0,Amp8,8
X-4579,UGT2B11,10720.0,Amp8,8
X-4579,UGT2B28,54490.0,Amp8,10.7
X-4579,UGT2B4,7363.0,Amp8,8.11
X-4579,UGT2B7,7364.0,Amp8,8
X-4579,UGT8,7368.0,MutNovel,"R72S,1.000"
X-4579,UPK3BL,,MutNovel,"R192Q,0.272"
X-4579,UPP1,7378.0,Amp5,5.24
X-4579,URI1,8725.0,Amp8,35.26
X-4579,USP36,57602.0,MutNovel,"KKK958K,1.000"
X-4579,USP9Y,8287.0,Del0.8,0.24
X-4579,UTP3,57050.0,Amp8,8
X-4579,UTY,7404.0,Del0.8,0.24
X-4579,VCX3A,51481.0,MutNovel,"Q149E,0.400"
X-4579,VCX3A,51481.0,MutNovel,"EV139DM,0.727"
X-4579,VCY,9084.0,Del0.8,0.24
X-4579,VCY,9084.0,Del0.8,0.24
X-4579,VIPR2,7434.0,Amp5,5.31
X-4579,VPS18,57617.0,MutNovel,"R588H,1.000"
X-4579,VPS37B,79720.0,MutNovel,"T186A,0.453"
X-4579,VSTM2B,342865.0,Amp8,23.43
X-4579,VWC2,375567.0,Amp5,5.24
X-4579,WASL,8976.0,Amp5,5.39
X-4579,WDR60,55112.0,Amp5,5.31
X-4579,WDR86,349136.0,Amp5,5.31
X-4579,WDR88,126248.0,Amp5,6.77
X-4579,WDR91,29062.0,Amp5,5.39
X-4579,WEE2,494551.0,Amp5,5.35
X-4579,WNT16,51384.0,Amp5,5.39
X-4579,WNT2,7472.0,Amp5,5.39
X-4579,WRNIP1,56897.0,MutNovel,"GDGD170-,0.211"
X-4579,XKR8,55113.0,MutNovel,"L10-,0.500"
X-4579,XKRY2,353515.0,Del0.8,0.13
X-4579,XKRY2,353515.0,Del0.8,0.13
X-4579,XPNPEP1,7511.0,MutNovel,"E274D,0.537"
X-4579,XRCC2,7516.0,Amp5,5.31
X-4579,YTHDC1,91746.0,Amp8,9.45
X-4579,ZBTB7A,51341.0,MutNovel,"A446S,0.986"
X-4579,ZBTB7B,51043.0,MutNovel,"F473V,0.643"
X-4579,ZC3HAV1,56829.0,Amp5,5.39
X-4579,ZC3HAV1L,92092.0,Amp5,5.39
X-4579,ZC3HC1,51530.0,Amp5,5.39
X-4579,ZCCHC8,55596.0,MutNovel,"G36S,0.406"
X-4579,ZDHHC11,79844.0,MutNovel,"A303D,0.600"
X-4579,ZFY,7544.0,Del0.8,0.29
X-4579,ZNF212,7988.0,Amp5,5.31
X-4579,ZNF23,7571.0,MutNovel,"Q50R,1.000"
X-4579,ZNF277,11179.0,Amp5,5.39
X-4579,ZNF282,8427.0,Amp5,5.31
X-4579,ZNF384,171017.0,MutNovel,"QQ514Q,0.424"
X-4579,ZNF385A,25946.0,MutNovel,"I280T,0.524"
X-4579,ZNF398,57541.0,Amp5,5.31
X-4579,ZNF425,155054.0,Amp5,5.31
X-4579,ZNF429,353088.0,Amp8,24.93
X-4579,ZNF462,58499.0,MutNovel,"M2457T,0.417"
X-4579,ZNF467,168544.0,Amp5,5.31
X-4579,ZNF469,84627.0,MutNovel,"R3426Q,1.000"
X-4579,ZNF469,84627.0,MutNovel,"P3891L,1.000"
X-4579,ZNF470,388566.0,MutNovel,"Q472K,0.647"
X-4579,ZNF493,284443.0,Amp8,28.05
X-4579,ZNF507,22847.0,Amp5,6.77
X-4579,ZNF536,9745.0,Amp8,28.05
X-4579,ZNF592,9640.0,MutNovel,"S459A,1.000"
X-4579,ZNF638,27332.0,MutNovel,"T689S,0.560"
X-4579,ZNF708,7562.0,Amp5,7.57
X-4579,ZNF738,148203.0,Amp8,28.05
X-4579,ZNF746,155061.0,Amp5,5.31
X-4579,ZNF767,79970.0,Amp5,5.31
X-4579,ZNF775,285971.0,Amp5,5.31
X-4579,ZNF777,27153.0,Amp5,5.31
X-4579,ZNF783,100289678.0,Amp5,5.31
X-4579,ZNF784,147808.0,MutNovel,"E180K,0.242"
X-4579,ZNF786,136051.0,Amp5,5.31
X-4579,ZNF800,168850.0,Amp5,5.39
X-4579,ZNF862,643641.0,Amp5,5.31
X-4579,ZPBP,11055.0,Amp5,5.24
X-4579,ZSCAN21,7589.0,MutNovel,"A368T,0.694"
X-4579,ZYX,7791.0,Amp5,5.13
X-4579,ZZZ3,26009.0,MutNovel,"N336S,0.535"
X-4826,ABTB2,25841.0,MutNovel,"E704A,0.471"
X-4826,ADAMTS15,170689.0,MutNovel,"G420S,0.536"
X-4826,ADCK1,57143.0,MutNovel,"T382M,0.554"
X-4826,AMY1C,,MutNovel,"L7P,1.000"
X-4826,AMY2A,279.0,MutNovel,"S450T,0.750"
X-4826,AMY2A,279.0,MutNovel,"D471H,1.000"
X-4826,ANKRD36C,,MutNovel,"E876K,0.600"
X-4826,ANKRD36C,,MutNovel,"S871N,0.600"
X-4826,ANKRD36C,,MutNovel,"E865K,0.600"
X-4826,AR,367.0,MutNovel,"LQQQ57L,1.000"
X-4826,ARHGDIB,397.0,MutNovel,"I195T,1.000"
X-4826,ART5,116969.0,MutNovel,"-25P,1.000"
X-4826,ATAD2B,54454.0,MutNovel,"K1056Q,0.512"
X-4826,ATAD3C,219293.0,MutNovel,"R327Q,0.800"
X-4826,BAG1,573.0,MutKnownFunctional,"Q120*,0.308"
X-4826,BCDIN3D,144233.0,MutNovel,"E120K,0.481"
X-4826,BCL9,607.0,MutNovel,"H138Q,0.422"
X-4826,BCR,613.0,MutNovel,"H423Y,0.496"
X-4826,C19orf54,284325.0,MutNovel,"A174S,0.562"
X-4826,C21orf58,54058.0,MutNovel,"H299PN,1.000"
X-4826,CC2D1A,54862.0,MutNovel,"G200D,0.531"
X-4826,CDC42EP1,11135.0,MutNovel,"PAPAANPS253P,1.000"
X-4826,CEP170,9859.0,MutNovel,"E986K,0.235"
X-4826,CLK3,1198.0,MutNovel,"P191H,0.568"
X-4826,CNKSR1,10256.0,MutNovel,"E248K,0.994"
X-4826,CRIM1,51232.0,MutNovel,"Y877H,0.220"
X-4826,CRIPAK,285464.0,MutNovel,"V164A,0.278"
X-4826,CRYGD,1421.0,MutKnownFunctional,"Y56*,1.000"
X-4826,CRYGD,1421.0,MutNovel,"M44V,1.000"
X-4826,CSNK2A1P,283106.0,MutNovel,"T360I,0.667"
X-4826,CTSA,5476.0,MutNovel,"L29-,1.000"
X-4826,CUL4B,8450.0,MutNovel,"H635Y,0.281"
X-4826,CXCL11,6373.0,MutNovel,"R29C,0.477"
X-4826,DDIT4L,115265.0,MutKnownFunctional,"-180,0.445"
X-4826,DDX11,1663.0,MutNovel,"P879Q,0.204"
X-4826,DENND4B,9909.0,MutNovel,"QQQ908-,0.216"
X-4826,DEPDC1,55635.0,MutNovel,"I448M,0.494"
X-4826,DMKN,93099.0,MutNovel,"S319W,0.483"
X-4826,DNAH1,25981.0,MutNovel,"E2604K,0.625"
X-4826,DNAJB13,374407.0,MutNovel,"R311H,0.492"
X-4826,DSC2,1824.0,MutNovel,"I345V,0.538"
X-4826,DST,667.0,MutNovel,"T3435A,0.509"
X-4826,EIF3B,8662.0,MutNovel,"D251G,0.996"
X-4826,EP400,57634.0,MutNovel,"Q2547E,0.405"
X-4826,EP400,57634.0,MutNovel,"-2728Q,1.000"
X-4826,FBXO28,23219.0,MutNovel,"R176H,0.578"
X-4826,FDX1,2230.0,MutNovel,"G5R,0.481"
X-4826,FLNB,2317.0,MutKnownFunctional,"Y1202*,0.223"
X-4826,FLNC,2318.0,MutNovel,"G389D,1.000"
X-4826,FMNL1,752.0,MutNovel,"-603P,1.000"
X-4826,FNIP2,57600.0,MutNovel,"N880K,1.000"
X-4826,GBP5,115362.0,MutKnownFunctional,"-439,0.364"
X-4826,GFM1,85476.0,MutNovel,"C153Y,0.494"
X-4826,GIGYF2,26058.0,MutNovel,"PQ1231P,1.000"
X-4826,GLIS3,169792.0,MutNovel,"P420S,0.762"
X-4826,GOLGA8B,440270.0,MutNovel,"K354E,1.000"
X-4826,GPANK1,7918.0,MutNovel,"P258L,0.993"
X-4826,GPR125,166647.0,MutNovel,"P18R,1.000"
X-4826,GTF2IRD2,84163.0,MutNovel,"L500S,1.000"
X-4826,GXYLT2,727936.0,MutNovel,"R92S,0.222"
X-4826,HEATR7B1,,MutNovel,"Y463C,0.600"
X-4826,HIF1A,3091.0,MutNovel,"A696V,0.428"
X-4826,HLA-DRB1,3123.0,MutNovel,"T210M,1.000"
X-4826,HOXD1,3231.0,MutNovel,"P66R,0.369"
X-4826,HSPA1A,3303.0,MutNovel,"N141K,0.571"
X-4826,IGFBP2,3485.0,MutNovel,"P103Q,0.420"
X-4826,IGSF10,285313.0,MutKnownFunctional,"S1964*,0.417"
X-4826,IKBKAP,8518.0,MutNovel,"S596C,0.452"
X-4826,KIF20B,9585.0,MutNovel,"L1062LKV,0.488"
X-4826,KIFC2,90990.0,MutNovel,"R635L,1.000"
X-4826,LAMA5,3911.0,MutNovel,"R2971Q,0.466"
X-4826,LCA5,167691.0,MutNovel,"T616I,0.525"
X-4826,LOC100129098,,MutNovel,"R245C,0.491"
X-4826,LOC100507369,,MutNovel,"R187T,1.000"
X-4826,LOC100507369,,MutNovel,"C184F,1.000"
X-4826,LOC377711,,MutNovel,"A1191T,0.800"
X-4826,LOC377711,,MutNovel,"D1198A,1.000"
X-4826,LOC377711,,MutNovel,"D1198A,1.000"
X-4826,LOC391322,391322.0,MutNovel,"H7D,1.000"
X-4826,LOC391322,391322.0,MutNovel,"F10L,1.000"
X-4826,LOC729162,,MutNovel,"R328W,1.000"
X-4826,LRRC8D,55144.0,MutNovel,"I695V,0.446"
X-4826,LYST,1130.0,MutNovel,"R159K,0.857"
X-4826,MAF1,84232.0,MutNovel,"S111I,0.296"
X-4826,MAP3K4,4216.0,MutNovel,"PA1189P,1.000"
X-4826,MED15,51586.0,MutNovel,"-251Q,0.263"
X-4826,MEF2A,4205.0,MutNovel,"QQ412-,1.000"
X-4826,MPRIP,23164.0,MutNovel,"TS178T,1.000"
X-4826,MSH3,4437.0,MutNovel,"-55AAA,1.000"
X-4826,MSH3,4437.0,MutNovel,"P63G,0.271"
X-4826,MUC20,200958.0,MutNovel,"A54T,0.892"
X-4826,MYLIP,29116.0,MutKnownFunctional,"-128LE?,1.000"
X-4826,NBPF14,25832.0,MutNovel,"Q660K,0.600"
X-4826,NBPF14,25832.0,MutNovel,"S524N,0.273"
X-4826,NBPF14,25832.0,MutNovel,"S524G,0.364"
X-4826,NBPF9,400818.0,MutNovel,"R97G,0.229"
X-4826,NCL,4691.0,MutNovel,"EE264E,0.471"
X-4826,NCOR2,9612.0,MutNovel,"G1839GAAA,1.000"
X-4826,NCOR2,9612.0,MutNovel,"-511S,0.894"
X-4826,NR1H2,7376.0,MutNovel,"-173Q,1.000"
X-4826,NR2E3,10002.0,MutKnownFunctional,"G51*,1.000"
X-4826,ODF2,4957.0,MutNovel,"K458T,0.415"
X-4826,ORAI1,84876.0,MutNovel,"PP43-,1.000"
X-4826,OVOL2,58495.0,MutNovel,"D24Y,0.475"
X-4826,OVOS,,MutNovel,"R1319H,0.952"
X-4826,PABPC3,5042.0,MutKnownFunctional,"-299,1.000"
X-4826,PABPC3,5042.0,MutKnownFunctional,"-333,0.667"
X-4826,PEAK1,79834.0,MutNovel,"Q775R,0.508"
X-4826,PHLDA1,22822.0,MutNovel,"QQ194Q,1.000"
X-4826,PLEKHG2,64857.0,MutKnownFunctional,"-315,1.000"
X-4826,PMFBP1,83449.0,MutNovel,"L528V,1.000"
X-4826,PMS2,5395.0,MutNovel,"S7W,0.214"
X-4826,POLG,5428.0,MutNovel,"QQQQQQQQ46Q,0.237"
X-4826,POLG,5428.0,MutNovel,"G11D,0.516"
X-4826,PRB1,5542.0,MutNovel,"Q213R,1.000"
X-4826,PRKRIR,5612.0,MutNovel,"V342I,0.419"
X-4826,RBMX,27316.0,MutKnownFunctional,"-1,0.921"
X-4826,RD3,343035.0,MutNovel,"R68Q,0.333"
X-4826,RFWD2,64326.0,MutNovel,"N125K,0.556"
X-4826,RRP7A,27341.0,MutNovel,"N65S,0.996"
X-4826,RYR2,6262.0,MutNovel,"Y2923H,0.375"
X-4826,SATB1,6304.0,MutKnownFunctional,"R680*,0.480"
X-4826,SATB1,6304.0,MutNovel,"M73V,0.453"
X-4826,SERINC2,347735.0,MutNovel,"-373Q,1.000"
X-4826,SLC37A4,2542.0,MutKnownFunctional,"R377*,0.492"
X-4826,SNAP47,116841.0,MutNovel,"R316Q,0.384"
X-4826,SNCA,6622.0,MutNovel,"P117T,0.580"
X-4826,SNX33,257364.0,MutNovel,"M546V,0.559"
X-4826,SOS1,6654.0,MutNovel,"V964L,0.476"
X-4826,SPAG11B,10407.0,MutNovel,"H84R,0.259"
X-4826,SPATA2,9825.0,MutNovel,"H306D,0.545"
X-4826,SPEF2,79925.0,MutNovel,"C744F,0.350"
X-4826,ST5,6764.0,MutNovel,"A663V,0.205"
X-4826,ST7L,54879.0,MutNovel,"A10G,0.568"
X-4826,STK4,6789.0,MutNovel,"S438R,1.000"
X-4826,SUV420H1,51111.0,MutNovel,"Q820R,0.471"
X-4826,SYBU,55638.0,MutKnownFunctional,"-345,0.404"
X-4826,SYTL4,94121.0,MutNovel,"S485T,0.235"
X-4826,TAX1BP1,8887.0,MutNovel,"E574G,1.000"
X-4826,TBC1D3G,654341.0,MutNovel,"P358Q,1.000"
X-4826,TBP,6908.0,MutNovel,"-64Q,0.870"
X-4826,TMBIM4,51643.0,MutKnownFunctional,"-174?,0.750"
X-4826,TMEM183B,,MutKnownFunctional,"-116?,0.625"
X-4826,TMEM184A,202915.0,MutNovel,"G392GA,1.000"
X-4826,TMEM99,147184.0,MutNovel,"G162S,1.000"
X-4826,TNS1,7145.0,MutNovel,"N488S,0.350"
X-4826,TOP2B,7155.0,MutNovel,"P1427L,0.500"
X-4826,TP53,7157.0,MutNovel,"E258G,1.000"
X-4826,TRIM33,51592.0,MutNovel,"A100G,0.455"
X-4826,TRIT1,54802.0,MutNovel,"H419P,0.968"
X-4826,TRMT1,55621.0,MutNovel,"H155Y,0.476"
X-4826,TRMT10B,,MutNovel,"Y289L,0.493"
X-4826,TSPYL1,7259.0,MutNovel,"V176VW,1.000"
X-4826,UGT2B10,7365.0,MutNovel,"R250G,1.000"
X-4826,UQCRHL,440567.0,MutKnownFunctional,"-86,0.462"
X-4826,USP36,57602.0,MutNovel,"KKK958K,1.000"
X-4826,WASH1,100287171.0,MutNovel,"T302THHQ,0.333"
X-4826,WDR65,149465.0,MutNovel,"V930G,1.000"
X-4826,WNK2,65268.0,MutNovel,"T1640M,0.552"
X-4826,ZC3H4,23211.0,MutNovel,"A3T,0.667"
X-4826,ZDBF2,57683.0,MutNovel,"A986T,1.000"
X-4826,ZFHX2,85446.0,MutNovel,"A1669V,0.357"
X-4826,ZNF233,353355.0,MutNovel,"L90P,0.231"
X-4826,ZNF513,130557.0,MutNovel,"E70D,0.411"
X-4826,ZNF516,9658.0,MutNovel,"V785F,1.000"
X-4826,ZNF652,22834.0,MutNovel,"H605Q,1.000"
X-4826,ZNF728,,MutNovel,"S79P,1.000"
X-4826,ZNF728,,MutNovel,"V76G,1.000"
X-4826,ZNF772,400720.0,MutNovel,"A4GP,0.375"
X-4826,ZNF814,730051.0,MutNovel,"H296HI,0.833"
X-4826,ZNF816,125893.0,MutNovel,"W117C,0.543"
X-4826,ZNF888,,MutNovel,"Q450P,0.481"
X-4829,AAK1,22848.0,MutNovel,"A459V,0.421"
X-4829,AASS,10157.0,MutNovel,"R267H,0.250"
X-4829,ABCA12,26154.0,MutNovel,"V2032A,0.300"
X-4829,ABCA7,10347.0,MutNovel,"A1877V,0.462"
X-4829,ACE,1636.0,MutNovel,"R1279W,0.750"
X-4829,ACOX1,51.0,MutNovel,"E357D,0.515"
X-4829,ACSL5,51703.0,MutNovel,"E135D,0.500"
X-4829,ACSM3,6296.0,MutNovel,"A74T,0.542"
X-4829,ACTN1,87.0,MutNovel,"R232Q,0.469"
X-4829,ACTR3B,57180.0,MutNovel,"R198S,0.262"
X-4829,ADAM3A,1587.0,Del0.8,0.23
X-4829,ADAM5P,255926.0,Del0.8,0.74
X-4829,ADARB1,104.0,MutNovel,"R468C,1.000"
X-4829,ADC,113451.0,MutNovel,"Q207H,0.429"
X-4829,ADCK5,203054.0,MutNovel,"E548D,0.669"
X-4829,ADCY3,109.0,MutNovel,"R412C,0.552"
X-4829,ADNP2,22850.0,MutKnownFunctional,"-322?,0.502"
X-4829,ADNP2,22850.0,MutNovel,"P660H,0.562"
X-4829,AFTPH,54812.0,MutNovel,"P816H,0.522"
X-4829,AHDC1,27245.0,MutNovel,"SF1091F,0.304"
X-4829,AHI1,54806.0,MutNovel,"K239R,0.533"
X-4829,AHNAK2,113146.0,MutNovel,"G4149D,0.447"
X-4829,AKAP12,9590.0,MutNovel,"E1531EEE,0.853"
X-4829,AKAP13,11214.0,MutNovel,"K1077I,0.658"
X-4829,AKAP7,9465.0,MutNovel,"F252V,0.800"
X-4829,AKT1,207.0,MutKnownFunctional,"E17K,0.464"
X-4829,ALDH7A1,501.0,MutNovel,"A8T,0.933"
X-4829,ALS2,57679.0,MutKnownFunctional,"Q91*,0.496"
X-4829,AMELY,266.0,Del0.8,0.24
X-4829,ANAPC2,29882.0,MutNovel,"A690V,0.483"
X-4829,ANAPC4,29945.0,MutNovel,"K31R,0.514"
X-4829,ANKH,56172.0,MutNovel,"M90V,0.526"
X-4829,ANKLE2,23141.0,MutNovel,"R397C,0.551"
X-4829,ANKRD26,22852.0,MutNovel,"DG579G,0.385"
X-4829,ANKRD36,375248.0,MutNovel,"T998S,0.275"
X-4829,ANO8,57719.0,MutNovel,"A246V,0.667"
X-4829,AP1M2,10053.0,MutNovel,"V110I,0.439"
X-4829,AP3D1,8943.0,MutNovel,"E662K,0.472"
X-4829,AP4S1,11154.0,MutNovel,"Q138R,1.000"
X-4829,APBA2,321.0,MutNovel,"R699H,0.465"
X-4829,APBB1IP,54518.0,MutKnownFunctional,"-620,0.460"
X-4829,ARFGAP2,84364.0,MutNovel,"K387-,0.441"
X-4829,ARHGAP35,2909.0,MutKnownFunctional,"-907,0.279"
X-4829,ARHGAP35,2909.0,MutNovel,"PF1433P,0.441"
X-4829,ARHGEF38,54848.0,MutNovel,"K17N,0.600"
X-4829,ARID1A,8289.0,MutKnownFunctional,"G671*,0.535"
X-4829,ARID1A,8289.0,MutKnownFunctional,"-1114,0.586"
X-4829,ARL14EPL,,MutNovel,"R129W,0.263"
X-4829,ARL5A,26225.0,MutNovel,"A136T,0.526"
X-4829,ARV1,64801.0,MutKnownFunctional,"-170?,0.300"
X-4829,ASAH1,427.0,MutNovel,"D140G,0.306"
X-4829,ASCC1,51008.0,MutNovel,"R138Q,0.513"
X-4829,ASCC3,10973.0,MutNovel,"G524V,0.529"
X-4829,ASH1L,55870.0,MutNovel,"D2826Y,0.401"
X-4829,ASMTL,8623.0,MutNovel,"R1215Q,1.000"
X-4829,ASMTL,8623.0,MutNovel,"A18T,1.000"
X-4829,ATAD1,84896.0,MutKnownFunctional,"-66,0.249"
X-4829,ATAD3B,83858.0,MutNovel,"R238C,0.467"
X-4829,ATAD5,79915.0,MutKnownFunctional,"-444?,0.440"
X-4829,ATN1,1822.0,MutNovel,"G460A,0.484"
X-4829,ATP11B,23200.0,MutNovel,"Y564C,0.720"
X-4829,ATP5A1,498.0,MutNovel,"R186W,0.480"
X-4829,ATP6V1A,523.0,MutNovel,"M61V,0.452"
X-4829,ATP6V1C1,528.0,MutNovel,"V280I,0.966"
X-4829,ATXN7,6314.0,MutKnownFunctional,"-778,0.427"
X-4829,B4GALNT4,338707.0,MutKnownFunctional,"-989,0.341"
X-4829,B4GALT3,8703.0,MutNovel,"E103G,0.815"
X-4829,BACH1,571.0,MutNovel,"S17N,1.000"
X-4829,BAG1,573.0,MutKnownFunctional,"-7?,0.270"
X-4829,BAHCC1,57597.0,MutNovel,"G748S,0.727"
X-4829,BAHCC1,57597.0,MutNovel,"A1436V,0.328"
X-4829,BAHCC1,57597.0,MutKnownFunctional,"-2059,0.366"
X-4829,BBS12,166379.0,MutKnownFunctional,"Q388*,0.460"
X-4829,BCL2L11,10018.0,MutNovel,"L57R,1.000"
X-4829,BCL9,607.0,MutNovel,"M732I,0.510"
X-4829,BCORP1,286554.0,Del0.8,0.24
X-4829,BDH1,622.0,MutKnownFunctional,"-17,0.254"
X-4829,BICD2,23299.0,MutNovel,"K714N,0.567"
X-4829,BIRC6,57448.0,MutNovel,"R1863H,0.767"
X-4829,BMP1,649.0,MutNovel,"R76Q,0.734"
X-4829,BMP2K,55589.0,MutNovel,"Q460-,0.250"
X-4829,BPTF,2186.0,MutNovel,"K2555R,0.659"
X-4829,BPY2B,442867.0,Del0.8,0.11
X-4829,BPY2B,442867.0,Del0.8,0.15
X-4829,BRAF,673.0,MutNovel,"QL98Q,0.500"
X-4829,BRD1,23774.0,MutNovel,"P118L,0.402"
X-4829,BRD3,8019.0,MutKnownFunctional,"-24,0.683"
X-4829,BRD9,65980.0,MutNovel,"L149I,0.438"
X-4829,BRIP1,83990.0,MutNovel,"C88-,0.625"
X-4829,BSCL2,26580.0,MutKnownFunctional,"-325,0.404"
X-4829,BSDC1,55108.0,MutNovel,"R383Q,0.474"
X-4829,BTBD7,55727.0,MutKnownFunctional,"-58,0.463"
X-4829,BTNL2,56244.0,MutKnownFunctional,"-44?,1.000"
X-4829,C10orf12,26148.0,MutNovel,"H265Y,0.750"
X-4829,C10orf57,,MutNovel,"A103V,0.524"
X-4829,C11orf71,54494.0,MutNovel,"A32V,0.455"
X-4829,C11orf91,100131378.0,MutNovel,"L169M,0.357"
X-4829,C11orf95,65998.0,MutKnownFunctional,"-348,0.294"
X-4829,C12orf51,283450.0,MutNovel,"G386D,0.222"
X-4829,C12orf51,283450.0,MutNovel,"P111H,0.679"
X-4829,C14orf169,79697.0,MutKnownFunctional,"-561?,0.342"
X-4829,C14orf37,145407.0,MutNovel,"G248E,0.571"
X-4829,C15orf59,388135.0,MutNovel,"A87T,0.381"
X-4829,C19orf26,255057.0,MutKnownFunctional,"-407,0.667"
X-4829,C19orf33,64073.0,MutNovel,"K95-,0.410"
X-4829,C1QTNF1,114897.0,MutNovel,"R104C,0.250"
X-4829,C1QTNF9B,387911.0,MutNovel,"C243S,0.667"
X-4829,C1orf201,90529.0,MutKnownFunctional,"-281,0.500"
X-4829,C1orf35,79169.0,MutNovel,"V21M,0.498"
X-4829,C20orf111,51526.0,MutNovel,"T15I,0.538"
X-4829,C2orf18,54978.0,MutNovel,"A153V,0.462"
X-4829,C4orf21,55345.0,MutKnownFunctional,"G656*,0.344"
X-4829,C5orf28,64417.0,MutNovel,"KT74T,0.415"
X-4829,C5orf34,375444.0,MutNovel,"L300M,0.405"
X-4829,C5orf42,65250.0,MutNovel,"H2634Y,0.639"
X-4829,C6orf132,647024.0,MutNovel,"A1030V,0.778"
X-4829,CABIN1,23523.0,MutNovel,"L352M,0.452"
X-4829,CADPS2,93664.0,MutNovel,"A479V,0.615"
X-4829,CAPN2,824.0,MutNovel,"E460D,0.497"
X-4829,CARKD,55739.0,MutNovel,"P63H,1.000"
X-4829,CASC5,57082.0,MutNovel,"K2209E,0.534"
X-4829,CASP8AP2,9994.0,MutNovel,"R957H,0.517"
X-4829,CASP8AP2,9994.0,MutNovel,"E1294K,0.527"
X-4829,CASZ1,54897.0,MutNovel,"T392I,0.641"
X-4829,CBLC,23624.0,MutNovel,"P365L,0.518"
X-4829,CBX4,8535.0,MutNovel,"HHH398-,0.311"
X-4829,CC2D1B,200014.0,MutNovel,"EV618V,0.448"
X-4829,CC2D1B,200014.0,MutNovel,"K69N,0.579"
X-4829,CCDC114,93233.0,MutNovel,"T423I,0.875"
X-4829,CCDC138,165055.0,MutNovel,"E475G,0.412"
X-4829,CCDC153,283152.0,MutNovel,"L134I,0.762"
X-4829,CCDC171,,MutNovel,"A107V,0.500"
X-4829,CCDC51,79714.0,MutNovel,"A345V,0.490"
X-4829,CCDC66,285331.0,MutNovel,"S606SP,0.981"
X-4829,CCDC66,285331.0,MutKnownFunctional,"-729,0.535"
X-4829,CCDC66,285331.0,MutKnownFunctional,"-903?,0.382"
X-4829,CCNB1,891.0,MutNovel,"M223V,0.502"
X-4829,CCNB1,891.0,MutNovel,"G296C,0.475"
X-4829,CCNJ,54619.0,MutNovel,"R61H,0.446"
X-4829,CCP110,9738.0,MutKnownFunctional,"R328*,0.365"
X-4829,CD274,29126.0,MutNovel,"H172Q,0.455"
X-4829,CD2AP,23607.0,MutNovel,"A555V,0.425"
X-4829,CD3EAP,10849.0,MutKnownFunctional,"-22,0.507"
X-4829,CDC27,996.0,MutNovel,"S572L,0.534"
X-4829,CDC42BPA,8476.0,MutNovel,"A1045T,0.508"
X-4829,CDC42EP1,11135.0,MutKnownFunctional,"-230,0.396"
X-4829,CDC5L,988.0,MutNovel,"A371V,0.484"
X-4829,CDH24,64403.0,MutKnownFunctional,"-712,0.333"
X-4829,CDK11A,728642.0,MutNovel,"S324I,0.600"
X-4829,CDY1B,253175.0,Del0.8,0.15
X-4829,CDY1B,253175.0,Del0.8,0.24
X-4829,CDY2A,9426.0,Del0.8,0.24
X-4829,CDY2A,9426.0,Del0.8,0.24
X-4829,CDY2B,203611.0,Del0.8,0.24
X-4829,CDY2B,203611.0,Del0.8,0.24
X-4829,CEL,1056.0,MutKnownFunctional,"-593,0.900"
X-4829,CEL,1056.0,MutNovel,"S690A,0.857"
X-4829,CEL,1056.0,MutKnownFunctional,"-691,0.857"
X-4829,CELSR1,9620.0,MutNovel,"C166Y,0.269"
X-4829,CELSR2,1952.0,MutNovel,"R2153W,0.351"
X-4829,CENPT,80152.0,MutNovel,"H456R,0.221"
X-4829,CEP250,11190.0,MutNovel,"E1878V,0.371"
X-4829,CERCAM,51148.0,MutNovel,"G24S,0.599"
X-4829,CETN3,1070.0,MutNovel,"D42N,0.515"
X-4829,CHCHD1,118487.0,MutNovel,"I28V,0.498"
X-4829,CHD3,1107.0,MutNovel,"-81P,0.600"
X-4829,CHD3,1107.0,MutNovel,"R1485C,0.232"
X-4829,CHD4,1108.0,MutNovel,"R957W,0.543"
X-4829,CHD9,80205.0,MutKnownFunctional,"-2413,0.805"
X-4829,CHD9,80205.0,MutNovel,"S2620R,0.542"
X-4829,CHSY1,22856.0,MutKnownFunctional,"-222?,0.296"
X-4829,CHTF18,63922.0,MutKnownFunctional,"-478,0.283"
X-4829,CIAPIN1,57019.0,MutNovel,"G148D,0.546"
X-4829,CIC,23152.0,MutKnownFunctional,"-1595,0.625"
X-4829,CIR1,9541.0,MutKnownFunctional,"-289?,0.314"
X-4829,CLASRP,11129.0,MutKnownFunctional,"-93,0.314"
X-4829,CLCN2,1181.0,MutNovel,"R645PG,0.377"
X-4829,CLTCL1,8218.0,MutNovel,"G280D,0.345"
X-4829,CMTM1,113540.0,MutKnownFunctional,"-175,0.611"
X-4829,CNNM3,26505.0,MutNovel,"G702R,0.568"
X-4829,CNOT1,23019.0,MutNovel,"F1543-,0.636"
X-4829,CNP,1267.0,MutNovel,"Y397C,0.521"
X-4829,CNST,163882.0,MutNovel,"Y686C,0.519"
X-4829,CNTNAP3,79937.0,MutNovel,"A1204E,0.600"
X-4829,COG2,22796.0,MutNovel,"T402I,0.544"
X-4829,COG4,25839.0,MutNovel,"L168M,0.500"
X-4829,COL17A1,1308.0,MutNovel,"G115D,0.333"
X-4829,COL18A1,80781.0,MutNovel,"S505R,0.994"
X-4829,COL4A4,1286.0,MutKnownFunctional,"-1644,0.559"
X-4829,COL5A1,1289.0,MutNovel,"P1395T,0.714"
X-4829,COL7A1,1294.0,MutKnownFunctional,"-2035,0.550"
X-4829,COMT,1312.0,MutNovel,"G116W,0.494"
X-4829,COX6A1,1337.0,MutNovel,"R11Q,0.519"
X-4829,CPEB2,132864.0,MutKnownFunctional,"-987,0.494"
X-4829,CPS1,1373.0,MutNovel,"I1363M,0.498"
X-4829,CPSF2,53981.0,MutNovel,"L700S,0.518"
X-4829,CPSF3L,54973.0,MutNovel,"A4T,0.750"
X-4829,CRIM1,51232.0,MutNovel,"R415Q,0.478"
X-4829,CRTAP,10491.0,MutNovel,"K149R,0.998"
X-4829,CRTC1,23373.0,MutKnownFunctional,"-585,0.396"
X-4829,CSNK2A2,1459.0,MutNovel,"G49E,0.522"
X-4829,CSPG4P1Y,114758.0,Del0.8,0.24
X-4829,CSPG4P1Y,114758.0,Del0.8,0.15
X-4829,CTC1,80169.0,MutNovel,"V265A,0.343"
X-4829,CTSA,5476.0,MutNovel,"L29-,0.910"
X-4829,CUBN,8029.0,MutNovel,"D3073N,0.389"
X-4829,CUEDC1,404093.0,MutNovel,"G96S,0.447"
X-4829,CUL9,23113.0,MutNovel,"A683T,0.439"
X-4829,CYFIP1,23191.0,MutNovel,"R365C,0.453"
X-4829,CYHR1,50626.0,MutKnownFunctional,"-144,0.421"
X-4829,CYLD,1540.0,MutNovel,"I769N,0.441"
X-4829,CYP2C9,1559.0,MutNovel,"P221H,0.429"
X-4829,CYS1,192668.0,MutNovel,"R35L,0.698"
X-4829,DAP3,7818.0,MutNovel,"E246G,0.457"
X-4829,DAZ1,1617.0,Del0.8,0.24
X-4829,DAZ2,57055.0,Del0.8,0.2
X-4829,DAZ3,57054.0,Del0.8,0.09
X-4829,DAZ3,57054.0,Del0.8,0.19
X-4829,DAZ4,57135.0,Del0.8,0.18
X-4829,DAZ4,57135.0,Del0.8,0.15
X-4829,DAZAP1,26528.0,MutKnownFunctional,"-255,0.472"
X-4829,DBR1,51163.0,MutNovel,"I360V,0.456"
X-4829,DCST2,127579.0,MutNovel,"L759F,0.400"
X-4829,DDIT4,54541.0,MutKnownFunctional,"-143?,0.479"
X-4829,DDX10,1662.0,MutNovel,"S780SD,0.345"
X-4829,DDX39B,7919.0,MutNovel,"A31T,0.492"
X-4829,DDX3Y,8653.0,Del0.8,0.24
X-4829,DDX42,11325.0,MutNovel,"S44-,0.477"
X-4829,DDX51,317781.0,MutNovel,"S40N,0.419"
X-4829,DDX59,83479.0,MutNovel,"V42I,0.517"
X-4829,DECR2,26063.0,MutNovel,"E215A,0.463"
X-4829,DEDD2,162989.0,MutKnownFunctional,"-175,0.469"
X-4829,DEGS2,123099.0,MutNovel,"V230M,0.400"
X-4829,DENND2A,27147.0,MutNovel,"Q162R,0.857"
X-4829,DENND4B,9909.0,MutNovel,"QQQ908-,0.210"
X-4829,DGKZ,8525.0,MutNovel,"AS42A,0.533"
X-4829,DHRSX,207063.0,MutNovel,"S820G,0.211"
X-4829,DHX8,1659.0,MutNovel,"D266E,0.497"
X-4829,DIDO1,11083.0,MutNovel,"R2117C,0.437"
X-4829,DIDO1,11083.0,MutKnownFunctional,"-2034,0.456"
X-4829,DIP2B,57609.0,MutNovel,"E1445K,0.341"
X-4829,DMRTA2,63950.0,MutNovel,"M109V,1.000"
X-4829,DMXL2,23312.0,MutNovel,"A1602T,0.442"
X-4829,DNAH14,127602.0,MutNovel,"T2949A,0.429"
X-4829,DNAH5,1767.0,MutNovel,"R3077W,0.485"
X-4829,DNAJB11,51726.0,MutNovel,"E195K,0.501"
X-4829,DNMT1,1786.0,MutNovel,"V1088I,0.540"
X-4829,DOCK7,85440.0,MutNovel,"W1316R,0.435"
X-4829,DOLPP1,57171.0,MutNovel,"N73D,0.411"
X-4829,DPF2,5977.0,MutNovel,"I98V,0.580"
X-4829,DSCAML1,57453.0,MutNovel,"R1952Q,0.704"
X-4829,DSCAML1,57453.0,MutNovel,"I639V,0.267"
X-4829,DST,667.0,MutNovel,"H1507Y,1.000"
X-4829,DVL1,1855.0,MutNovel,"S188F,0.485"
X-4829,DVL2,1856.0,MutKnownFunctional,"-671,0.444"
X-4829,EFCAB13,,MutKnownFunctional,"-422?,0.300"
X-4829,EHBP1L1,254102.0,MutNovel,"A1225P,0.551"
X-4829,EIF1AY,9086.0,Del0.8,0.24
X-4829,EIF2AK3,9451.0,MutKnownFunctional,"-911?,0.236"
X-4829,EIF2C1,26523.0,MutNovel,"L576I,0.508"
X-4829,EIF2C4,192670.0,MutNovel,"R716Q,0.296"
X-4829,EIF3A,8661.0,MutNovel,"K742R,0.497"
X-4829,EIF3J,8669.0,MutNovel,"A177V,0.241"
X-4829,EIF4A3,9775.0,MutNovel,"I171T,0.465"
X-4829,EIF4B,1975.0,MutKnownFunctional,"-595,0.760"
X-4829,EIF4G1,1981.0,MutNovel,"EGEA472E,0.266"
X-4829,ELAVL1,1994.0,MutNovel,"G286W,0.522"
X-4829,ELFN2,114794.0,MutNovel,"G450S,0.492"
X-4829,ELFN2,114794.0,MutNovel,"R21C,0.436"
X-4829,ELMO1,9844.0,MutNovel,"A671V,0.527"
X-4829,EMILIN1,11117.0,MutNovel,"L640M,0.600"
X-4829,EMILIN2,84034.0,MutKnownFunctional,"-830?,0.563"
X-4829,ERBB2IP,55914.0,MutNovel,"Q1274R,0.669"
X-4829,ERCC6,2074.0,MutNovel,"L1297P,0.333"
X-4829,ERVV-2,100271846.0,MutNovel,"R182H,1.000"
X-4829,EVC,2121.0,MutNovel,"R663W,0.474"
X-4829,EVPL,2125.0,MutNovel,"A702T,0.529"
X-4829,EXOC2,55770.0,MutNovel,"C638Y,1.000"
X-4829,FAHD2B,151313.0,MutKnownFunctional,"-281,0.354"
X-4829,FAM106A,80039.0,Del0.8,0.69
X-4829,FAM108B1,51104.0,MutKnownFunctional,"W150*,0.365"
X-4829,FAM110A,83541.0,MutKnownFunctional,"-205,0.438"
X-4829,FAM118A,55007.0,MutNovel,"A43V,0.571"
X-4829,FAM131A,131408.0,MutNovel,"R63S,0.556"
X-4829,FAM149A,25854.0,MutKnownFunctional,"-332,0.325"
X-4829,FAM168B,130074.0,MutNovel,"Y53H,0.436"
X-4829,FAM193A,8603.0,MutKnownFunctional,"-228,0.355"
X-4829,FAM197Y2P,252946.0,Del0.8,0.24
X-4829,FAM200A,221786.0,MutNovel,"N193S,0.415"
X-4829,FAM208B,54906.0,MutNovel,"V797A,0.507"
X-4829,FAM22D,728130.0,MutNovel,"V169D,1.000"
X-4829,FAM41AY1,340618.0,Del0.8,0.24
X-4829,FAM41AY1,340618.0,Del0.8,0.24
X-4829,FAM48A,55578.0,MutNovel,"R262M,0.474"
X-4829,FAM65A,79567.0,MutNovel,"R1109H,0.542"
X-4829,FAM69B,138311.0,MutNovel,"R394H,0.550"
X-4829,FAM83G,644815.0,MutNovel,"V144M,0.423"
X-4829,FAM86A,196483.0,MutNovel,"A142T,0.404"
X-4829,FANCA,2175.0,MutNovel,"E1252K,0.514"
X-4829,FASN,2194.0,MutNovel,"R224C,0.517"
X-4829,FAT1,2195.0,MutNovel,"L3695S,0.473"
X-4829,FBN1,2200.0,MutNovel,"R1541Q,0.418"
X-4829,FBRSL1,57666.0,MutNovel,"S339N,0.472"
X-4829,FBXL18,80028.0,MutNovel,"R248W,0.458"
X-4829,FBXL19,54620.0,MutNovel,"C662Y,0.542"
X-4829,FBXW7,55294.0,MutKnownFunctional,"R367*,0.478"
X-4829,FBXW8,26259.0,MutNovel,"G554E,0.345"
X-4829,FGD4,121512.0,MutNovel,"T740I,0.490"
X-4829,FITM2,128486.0,MutNovel,"E175D,0.516"
X-4829,FIZ1,84922.0,MutNovel,"L295R,0.469"
X-4829,FKBP4,2288.0,MutNovel,"P47L,0.472"
X-4829,FMNL1,752.0,MutNovel,"V229I,0.468"
X-4829,FMNL1,752.0,MutNovel,"P511L,0.496"
X-4829,FMNL1,752.0,MutNovel,"R1087W,0.500"
X-4829,FMO5,2330.0,MutNovel,"R387C,0.650"
X-4829,FMR1,2332.0,MutNovel,"R375M,0.996"
X-4829,FNBP1L,54874.0,MutNovel,"E464K,0.487"
X-4829,FNDC3B,64778.0,MutNovel,"A969V,0.473"
X-4829,FNIP2,57600.0,MutNovel,"Q762H,0.611"
X-4829,FOXC1,2296.0,MutNovel,"K148N,1.000"
X-4829,FOXN2,3344.0,MutKnownFunctional,"-269,0.426"
X-4829,FOXRED2,80020.0,MutNovel,"A91V,0.568"
X-4829,FRAT2,23401.0,MutNovel,"A56T,0.657"
X-4829,FSTL3,10272.0,MutNovel,"R238C,0.349"
X-4829,FSTL5,56884.0,MutNovel,"P813L,0.453"
X-4829,FUT2,2524.0,MutNovel,"W132C,0.944"
X-4829,FUT4,2526.0,MutNovel,"P54S,0.667"
X-4829,FXR1,8087.0,MutNovel,"A544S,0.248"
X-4829,FZD7,8324.0,MutNovel,"R254C,0.333"
X-4829,FZR1,51343.0,MutKnownFunctional,"E465*,0.414"
X-4829,GABRB3,2562.0,MutNovel,"R429Q,1.000"
X-4829,GALNT7,51809.0,MutNovel,"G554E,0.538"
X-4829,GATA2,2624.0,MutNovel,"G346D,0.486"
X-4829,GBF1,8729.0,MutNovel,"P1755L,0.498"
X-4829,GCC1,79571.0,MutNovel,"S60L,0.480"
X-4829,GFER,2671.0,MutNovel,"H111Y,0.529"
X-4829,GGH,8836.0,MutNovel,"V201M,0.295"
X-4829,GHDC,84514.0,MutKnownFunctional,"-509?,0.409"
X-4829,GIGYF2,26058.0,MutNovel,"PQ1231P,0.421"
X-4829,GLUD1,2746.0,MutNovel,"N529S,0.265"
X-4829,GLUD1,2746.0,MutNovel,"G313C,0.507"
X-4829,GNAZ,2781.0,MutNovel,"R24H,0.429"
X-4829,GNB4,59345.0,MutNovel,"R42L,0.455"
X-4829,GOLGA2P2Y,84559.0,Del0.8,0.24
X-4829,GOLGA2P2Y,84559.0,Del0.8,0.15
X-4829,GPR27,2850.0,MutNovel,"V289I,0.417"
X-4829,GPT,2875.0,MutNovel,"AAK387A,0.722"
X-4829,GRAMD1A,57655.0,MutNovel,"R22W,0.515"
X-4829,GRB14,2888.0,MutKnownFunctional,"-297?,0.250"
X-4829,GRK6,2870.0,MutNovel,"A545V,0.511"
X-4829,GSDMD,79792.0,MutNovel,"L353M,0.684"
X-4829,GSK3A,2931.0,MutNovel,"S282P,0.481"
X-4829,GSTM1,2944.0,Del0.8,0.73
X-4829,GTF2E1,2960.0,MutNovel,"G84R,0.474"
X-4829,GTPBP10,85865.0,MutKnownFunctional,"-307?,0.511"
X-4829,GUF1,60558.0,MutKnownFunctional,"-643,0.457"
X-4829,GYG2P1,352887.0,Del0.8,0.24
X-4829,HAGHL,84264.0,MutKnownFunctional,"-43,0.533"
X-4829,HCFC1R1,54985.0,MutNovel,"Q16L,0.523"
X-4829,HDLBP,3069.0,MutNovel,"Q1208H,0.489"
X-4829,HEATR5A,25938.0,MutNovel,"Y1897C,0.435"
X-4829,HECTD1,25831.0,MutNovel,"T2542I,0.751"
X-4829,HECTD1,25831.0,MutKnownFunctional,"-1967,0.293"
X-4829,HEMK1,51409.0,MutNovel,"L278M,0.391"
X-4829,HERC1,8925.0,MutNovel,"G1117W,0.727"
X-4829,HIPK1,204851.0,MutNovel,"P899H,0.375"
X-4829,HIPK1,204851.0,MutKnownFunctional,"-1066?,0.366"
X-4829,HLA-A,3105.0,MutNovel,"H175R,0.500"
X-4829,HLA-B,3106.0,MutNovel,"R258G,0.576"
X-4829,HLA-DRB5,3127.0,MutNovel,"G8E,1.000"
X-4829,HLA-G,3135.0,MutNovel,"A48S,1.000"
X-4829,HLA-G,3135.0,MutNovel,"L148I,1.000"
X-4829,HLA-G,3135.0,MutNovel,"K168Q,1.000"
X-4829,HLA-G,3135.0,MutNovel,"T187E,0.881"
X-4829,HLA-H,3136.0,Del0.8,0.77
X-4829,HNRNPCL1,343069.0,MutNovel,"P253L,1.000"
X-4829,HNRNPK,3190.0,MutNovel,"M27T,0.528"
X-4829,HNRNPU,3192.0,MutNovel,"V479I,0.535"
X-4829,HOXA3,3200.0,MutNovel,"T257M,0.504"
X-4829,HOXA3,3200.0,MutNovel,"R193C,0.476"
X-4829,HOXD8,3234.0,MutNovel,"Q192R,0.306"
X-4829,HR,55806.0,MutNovel,"R409W,0.571"
X-4829,HR,55806.0,MutNovel,"G351C,0.444"
X-4829,HRH1,3269.0,MutNovel,"A414T,0.452"
X-4829,HSFY2,159119.0,Del0.8,0.24
X-4829,HSFY2,159119.0,Del0.8,0.24
X-4829,HSP90AB1,3326.0,MutNovel,"A156T,0.478"
X-4829,HSPA2,3306.0,MutNovel,"G411S,0.356"
X-4829,HSPG2,3339.0,MutNovel,"V1031L,0.429"
X-4829,HTATSF1,27336.0,MutNovel,"I755N,0.998"
X-4829,HTR2C,3358.0,Del0.8,0.45
X-4829,HTT,3064.0,MutNovel,"H2731Y,0.575"
X-4829,HYDIN,54768.0,MutNovel,"R2017H,0.647"
X-4829,IFIT2,3433.0,MutKnownFunctional,"-416,0.341"
X-4829,IFNGR2,3460.0,MutKnownFunctional,"-172,0.727"
X-4829,IL17RA,23765.0,MutNovel,"A94T,0.456"
X-4829,IL27RA,9466.0,MutNovel,"V418A,0.737"
X-4829,INADL,10207.0,MutNovel,"DV433D,0.230"
X-4829,INTS12,57117.0,MutKnownFunctional,"-223?,0.254"
X-4829,INTS12,57117.0,MutNovel,"T89N,0.347"
X-4829,INTU,27152.0,MutKnownFunctional,"-433,0.273"
X-4829,IP6K2,51447.0,MutKnownFunctional,"-28,0.384"
X-4829,IPO5,3843.0,MutNovel,"I814L,1.000"
X-4829,IQSEC2,23096.0,MutNovel,"V872M,1.000"
X-4829,IRF3,3661.0,MutNovel,"R382S,0.489"
X-4829,IRF7,3665.0,MutNovel,"L445Q,0.430"
X-4829,ISCU,23479.0,MutNovel,"A98T,0.434"
X-4829,ITGA5,3678.0,MutNovel,"R558W,0.510"
X-4829,ITGA7,3679.0,MutNovel,"P699S,0.600"
X-4829,ITGB4,3691.0,MutNovel,"G533C,0.300"
X-4829,ITGB5,3693.0,MutNovel,"R119W,0.512"
X-4829,ITPRIP,85450.0,MutNovel,"F414S,0.545"
X-4829,KALRN,8997.0,MutKnownFunctional,"-1318,0.381"
X-4829,KAT2A,2648.0,MutNovel,"R533C,0.511"
X-4829,KATNA1,11104.0,MutNovel,"GE284E,0.448"
X-4829,KCNC4,3749.0,MutKnownFunctional,"-632?,0.469"
X-4829,KCNK5,8645.0,MutNovel,"R259W,0.471"
X-4829,KCNQ1,3784.0,MutNovel,"R243S,0.389"
X-4829,KCTD18,130535.0,MutNovel,"D368V,0.453"
X-4829,KCTD3,51133.0,MutNovel,"D496N,0.590"
X-4829,KDM2A,22992.0,MutNovel,"C620Y,0.531"
X-4829,KDM3B,51780.0,MutNovel,"A5T,0.447"
X-4829,KDM5A,5927.0,MutKnownFunctional,"-8,0.333"
X-4829,KDM5D,8284.0,Del0.8,0.24
X-4829,KHSRP,8570.0,MutNovel,"G669D,0.505"
X-4829,KIAA0100,9703.0,MutKnownFunctional,"-1475,0.289"
X-4829,KIAA0907,22889.0,MutKnownFunctional,"-369,0.302"
X-4829,KIAA0913,23053.0,MutKnownFunctional,"-1685,0.353"
X-4829,KIAA0913,23053.0,MutNovel,"R1829G,0.424"
X-4829,KIAA1109,84162.0,MutNovel,"T4192S,0.376"
X-4829,KIAA1244,57221.0,MutNovel,"P2056H,0.519"
X-4829,KIAA1407,57577.0,MutNovel,"R403Q,0.324"
X-4829,KIAA1407,57577.0,MutNovel,"K217Q,0.500"
X-4829,KIAA1430,57587.0,MutNovel,"D318G,0.479"
X-4829,KIAA1919,91749.0,MutKnownFunctional,"-199,0.486"
X-4829,KIAA2013,90231.0,MutNovel,"P357L,0.502"
X-4829,KIF13A,63971.0,MutNovel,"L402P,0.628"
X-4829,KIF1C,10749.0,MutNovel,"M108T,0.512"
X-4829,KIF20B,9585.0,MutNovel,"I1711V,0.442"
X-4829,KIF21A,55605.0,MutNovel,"R1289H,0.224"
X-4829,KIF26A,26153.0,MutNovel,"S1053N,0.750"
X-4829,KIF26B,55083.0,MutNovel,"R1862H,0.750"
X-4829,KIF3C,3797.0,MutNovel,"A667T,0.431"
X-4829,KLF4,9314.0,MutNovel,"R61S,0.427"
X-4829,KLF9,687.0,MutNovel,"S85I,0.583"
X-4829,KLHL13,90293.0,MutNovel,"T301M,1.000"
X-4829,KLHL20,27252.0,MutNovel,"L147I,0.211"
X-4829,KLHL35,283212.0,MutNovel,"R212C,0.800"
X-4829,KLK1,3816.0,MutNovel,"G157S,0.355"
X-4829,KNTC1,9735.0,MutKnownFunctional,"-552,0.395"
X-4829,KRT19,3880.0,MutNovel,"KN216N,0.460"
X-4829,KRTCAP3,200634.0,MutNovel,"V94I,0.486"
X-4829,KSR1,8844.0,MutNovel,"S312P,0.643"
X-4829,LACTB2,51110.0,MutNovel,"GHTD144D,0.361"
X-4829,LAMA3,3909.0,MutNovel,"T1342I,0.417"
X-4829,LAT,27040.0,MutKnownFunctional,"-15,0.556"
X-4829,LGALS9C,654346.0,Del0.8,0.69
X-4829,LINC00226,338004.0,Amp5,5.9
X-4829,LLGL1,3996.0,MutNovel,"A585D,0.494"
X-4829,LMAN1,3998.0,MutKnownFunctional,"-304,0.885"
X-4829,LMLN,89782.0,MutNovel,"G586R,0.433"
X-4829,LMNA,4000.0,MutNovel,"R455C,0.523"
X-4829,LOC100132396,100132396.0,Del0.8,0.74
X-4829,LOC100506123,100506123.0,Del0.8,0.75
X-4829,LOC100507607,,MutNovel,"P501L,1.000"
X-4829,LOC100507656,,MutNovel,"G637S,0.500"
X-4829,LOC100996241,,MutNovel,"E357D,1.000"
X-4829,LOC284344,284344.0,Del0.8,0.35
X-4829,LOC388210,,MutNovel,"L429V,0.800"
X-4829,LOC388210,,MutNovel,"R38Q,0.667"
X-4829,LOC440335,440335.0,MutNovel,"C55R,0.959"
X-4829,LOC554223,554223.0,MutNovel,"G100R,0.600"
X-4829,LOC554223,554223.0,MutNovel,"S187R,0.957"
X-4829,LOC642131,,MutNovel,"R110T,1.000"
X-4829,LOC728888,,MutNovel,"S110P,0.273"
X-4829,LOC729162,,MutNovel,"L4S,1.000"
X-4829,LRCH4,4034.0,MutNovel,"A17T,0.500"
X-4829,LRRC3B,116135.0,MutNovel,"L236I,0.667"
X-4829,LRRC41,10489.0,MutKnownFunctional,"-666,0.424"
X-4829,LRRC41,10489.0,MutKnownFunctional,"-134?,0.515"
X-4829,LRRC47,57470.0,MutNovel,"A65T,0.500"
X-4829,LRRC8C,84230.0,MutNovel,"S742T,0.333"
X-4829,LRRK1,79705.0,MutNovel,"R1481H,0.411"
X-4829,LRRK1,79705.0,MutNovel,"P1711S,0.363"
X-4829,LSM3,27258.0,MutNovel,"M33T,0.466"
X-4829,LSR,51599.0,MutNovel,"G518GR,0.815"
X-4829,LYST,1130.0,MutNovel,"A1250T,0.833"
X-4829,MACF1,23499.0,MutNovel,"L4245I,0.494"
X-4829,MADD,8567.0,MutKnownFunctional,"R216*,0.368"
X-4829,MAFK,7975.0,MutNovel,"K92R,0.474"
X-4829,MAGED1,9500.0,MutNovel,"P434S,1.000"
X-4829,MAGEF1,64110.0,MutKnownFunctional,"-198,0.417"
X-4829,MAGI1,9223.0,MutNovel,"Q421HR,0.455"
X-4829,MAK,4117.0,MutNovel,"V580A,1.000"
X-4829,MAN1B1,11253.0,MutKnownFunctional,"Y684*,0.491"
X-4829,MAP3K12,7786.0,MutKnownFunctional,"-93,0.455"
X-4829,MAP3K14,9020.0,MutNovel,"S411L,0.650"
X-4829,MAP3K4,4216.0,MutNovel,"PAA1189P,0.265"
X-4829,MAPK12,6300.0,MutNovel,"M216T,0.456"
X-4829,MAPK15,225689.0,MutKnownFunctional,"-403,0.508"
X-4829,MAPK6,5597.0,MutNovel,"E602D,0.477"
X-4829,MAST1,22983.0,MutKnownFunctional,"-1473,0.433"
X-4829,MAZ,4150.0,MutNovel,"P483L,0.471"
X-4829,MBD2,8932.0,MutNovel,"C111G,0.476"
X-4829,MBD6,114785.0,MutKnownFunctional,"-732,0.529"
X-4829,MBD6,114785.0,MutKnownFunctional,"-780,0.430"
X-4829,MBD6,114785.0,MutKnownFunctional,"-842?,0.390"
X-4829,MCM9,254394.0,MutNovel,"R630G,0.368"
X-4829,MCOLN3,55283.0,MutKnownFunctional,"Y370*,0.375"
X-4829,MDC1,9656.0,MutNovel,"D173Y,0.216"
X-4829,MED12,9968.0,MutNovel,"G493V,1.000"
X-4829,MED24,9862.0,MutNovel,"K328N,0.473"
X-4829,MED8,112950.0,MutNovel,"A128V,0.523"
X-4829,MEF2A,4205.0,MutNovel,"QQQ412-,0.204"
X-4829,MEGF6,1953.0,MutNovel,"G1199D,0.558"
X-4829,MEIS3,56917.0,MutNovel,"A382G,0.360"
X-4829,MESDC2,23184.0,MutNovel,"P90H,0.514"
X-4829,METTL13,51603.0,MutNovel,"P679H,0.255"
X-4829,MFI2,4241.0,MutNovel,"A342V,0.444"
X-4829,MGAT4A,11320.0,MutNovel,"S404L,0.524"
X-4829,MICAL3,57553.0,MutNovel,"Q1503H,0.407"
X-4829,MIER1,57708.0,MutNovel,"EEE140-,0.349"
X-4829,MIR1264,100302251.0,Del0.8,0.09
X-4829,MIR1912,100302144.0,Del0.8,0.09
X-4829,MLL2,8085.0,MutKnownFunctional,"-2400,0.467"
X-4829,MLL2,8085.0,MutKnownFunctional,"-656,0.531"
X-4829,MLL3,58508.0,MutNovel,"M3118I,0.508"
X-4829,MLL3,58508.0,MutKnownFunctional,"-2797,0.875"
X-4829,MLL4,9757.0,MutKnownFunctional,"-231?,0.410"
X-4829,MLL4,9757.0,MutKnownFunctional,"-2183,0.390"
X-4829,MLL5,55904.0,MutNovel,"V1599I,0.549"
X-4829,MLXIPL,51085.0,MutNovel,"D294N,0.590"
X-4829,MMS22L,253714.0,MutNovel,"L11R,0.577"
X-4829,MNT,4335.0,MutKnownFunctional,"-371,0.476"
X-4829,MORF4L1,10933.0,MutNovel,"A299V,0.425"
X-4829,MPRIP,23164.0,MutNovel,"TSS178T,0.230"
X-4829,MRAS,22808.0,MutNovel,"LV16L,0.378"
X-4829,MRM1,79922.0,MutNovel,"V221M,0.448"
X-4829,MTERFD3,80298.0,MutKnownFunctional,"-357,0.488"
X-4829,MYD88,4615.0,MutNovel,"K271N,0.454"
X-4829,MYH9,4627.0,MutNovel,"E929-,0.399"
X-4829,MYO19,80179.0,MutNovel,"G69D,0.514"
X-4829,N4BP3,23138.0,MutNovel,"R516S,0.537"
X-4829,NAA16,79612.0,MutNovel,"R144S,0.622"
X-4829,NAA16,79612.0,MutNovel,"M452L,0.569"
X-4829,NAA60,79903.0,MutNovel,"A56V,0.471"
X-4829,NAALAD2,10003.0,MutNovel,"K606R,0.533"
X-4829,NADSYN1,55191.0,MutNovel,"L63I,0.585"
X-4829,NBPF9,400818.0,MutNovel,"Q184R,1.000"
X-4829,NCAPD3,23310.0,MutNovel,"I838T,0.616"
X-4829,NCKAP1,10787.0,MutNovel,"H394R,0.479"
X-4829,NCKAP5L,57701.0,MutNovel,"P1193L,0.560"
X-4829,NCOR2,9612.0,MutNovel,"G1839GAAA,0.578"
X-4829,NCOR2,9612.0,MutNovel,"V926M,0.533"
X-4829,NCOR2,9612.0,MutNovel,"A834V,0.517"
X-4829,NCRNA00185,55410.0,Del0.8,0.24
X-4829,NDOR1,27158.0,MutKnownFunctional,"-202,0.290"
X-4829,NDUFAB1,4706.0,MutNovel,"V86I,0.260"
X-4829,NDUFB5,4711.0,MutNovel,"R123H,0.497"
X-4829,NDUFB5,4711.0,MutNovel,"A138T,0.467"
X-4829,NDUFS1,4719.0,MutNovel,"M229V,0.515"
X-4829,NDUFV1,4723.0,MutNovel,"R147W,0.482"
X-4829,NEK8,284086.0,MutNovel,"R352C,0.414"
X-4829,NEK9,91754.0,MutNovel,"T123M,0.245"
X-4829,NF1,4763.0,MutLikelyFunctional,"D176E,0.471"
X-4829,NF1,4763.0,MutNovel,"R1830C,0.535"
X-4829,NFE2L1,4779.0,MutKnownFunctional,"-368,0.271"
X-4829,NFKBIB,4793.0,MutNovel,"L259P,0.509"
X-4829,NGLY1,55768.0,MutNovel,"S587F,0.446"
X-4829,NHLRC2,374354.0,MutKnownFunctional,"-201,0.400"
X-4829,NISCH,11188.0,MutNovel,"G1439S,0.432"
X-4829,NKD2,85409.0,MutNovel,"P373L,0.509"
X-4829,NKTR,4820.0,MutKnownFunctional,"-614?,0.362"
X-4829,NLGN4Y,22829.0,Del0.8,0.24
X-4829,NLRX1,79671.0,MutNovel,"A496T,0.424"
X-4829,NONO,4841.0,MutKnownFunctional,"-104,0.935"
X-4829,NOTCH1,4851.0,MutNovel,"G2126R,0.474"
X-4829,NOTCH2,4853.0,MutNovel,"F252I,0.492"
X-4829,NR2C2,7182.0,MutKnownFunctional,"-580,0.457"
X-4829,NSL1,25936.0,MutKnownFunctional,"-266,0.459"
X-4829,NT5C2,22978.0,MutNovel,"R509H,0.525"
X-4829,NTRK3,4916.0,MutNovel,"N137Y,0.600"
X-4829,NUDT11,55190.0,MutNovel,"G71R,1.000"
X-4829,NUP107,57122.0,MutNovel,"D386Y,0.555"
X-4829,NUP210,23225.0,MutNovel,"L643H,0.510"
X-4829,NUP210,23225.0,MutNovel,"I608V,0.530"
X-4829,OAS3,4940.0,MutNovel,"P751S,0.474"
X-4829,OBSCN,84033.0,MutNovel,"R541H,0.419"
X-4829,OCLN,100506658.0,MutNovel,"K497N,0.471"
X-4829,OPN5,221391.0,MutNovel,"R239Q,1.000"
X-4829,OPTN,10133.0,MutNovel,"A505V,0.501"
X-4829,OR2W3,343171.0,MutKnownFunctional,"-298?,0.294"
X-4829,OR4M2,390538.0,MutNovel,"M239V,0.500"
X-4829,ORAI1,84876.0,MutNovel,"PP43-,0.745"
X-4829,OTUD7B,56957.0,MutNovel,"L95M,0.595"
X-4829,PACS2,23241.0,MutNovel,"TF95T,0.304"
X-4829,PAG1,55824.0,MutNovel,"R131W,0.342"
X-4829,PALD1,,MutNovel,"A729V,0.561"
X-4829,PARD3B,117583.0,MutNovel,"T873I,0.417"
X-4829,PARD6G,84552.0,MutNovel,"V216I,0.404"
X-4829,PARD6G,84552.0,MutNovel,"V143I,0.379"
X-4829,PARP10,84875.0,MutNovel,"A962V,0.359"
X-4829,PARP14,54625.0,MutNovel,"L1122S,0.549"
X-4829,PBK,55872.0,MutNovel,"S110N,0.651"
X-4829,PCDH11Y,83259.0,Del0.8,0.24
X-4829,PCDHGA3,56112.0,MutNovel,"V662M,1.000"
X-4829,PCDHGA6,56109.0,MutNovel,"H454Y,0.762"
X-4829,PCED1B,,MutNovel,"E113K,0.350"
X-4829,PCM1,5108.0,MutNovel,"E830A,0.382"
X-4829,PCMT1,5110.0,MutNovel,"S191P,0.488"
X-4829,PCSK6,5046.0,MutKnownFunctional,"W705*,0.475"
X-4829,PCSK9,255738.0,MutNovel,"-15L,0.474"
X-4829,PDE2A,5138.0,MutNovel,"A159T,0.500"
X-4829,PDE4D,5144.0,MutKnownFunctional,"-557,0.643"
X-4829,PDE6B,5158.0,MutNovel,"A811T,1.000"
X-4829,PEAK1,79834.0,MutKnownFunctional,"-290?,0.320"
X-4829,PER3,8863.0,MutNovel,"L77P,0.500"
X-4829,PGBD2,267002.0,MutNovel,"R163H,0.600"
X-4829,PGBD5,79605.0,MutNovel,"A96S,0.500"
X-4829,PGM2,55276.0,MutNovel,"P581H,0.485"
X-4829,PHACTR4,65979.0,MutKnownFunctional,"-61,0.763"
X-4829,PHAX,51808.0,MutNovel,"E345A,0.570"
X-4829,PHC1,1911.0,MutNovel,"P153Q,0.444"
X-4829,PHF17,79960.0,MutKnownFunctional,"-392?,0.371"
X-4829,PHF2,5253.0,MutKnownFunctional,"-490,0.299"
X-4829,PHF2,5253.0,MutNovel,"T998M,0.314"
X-4829,PHF21A,51317.0,MutKnownFunctional,"-652,0.425"
X-4829,PHLDA1,22822.0,MutNovel,"QQ194Q,0.526"
X-4829,PIAS2,9063.0,MutNovel,"I525V,0.458"
X-4829,PIK3AP1,118788.0,MutKnownFunctional,"-777,0.486"
X-4829,PIK3R3,8503.0,MutNovel,"R276H,0.405"
X-4829,PITPNB,23760.0,MutNovel,"T58M,0.444"
X-4829,PLA2G15,23659.0,MutKnownFunctional,"-230,0.533"
X-4829,PLA2G7,7941.0,MutNovel,"P311H,0.600"
X-4829,PLAGL2,5326.0,MutKnownFunctional,"-10,0.433"
X-4829,PLAT,5327.0,MutNovel,"A317T,0.500"
X-4829,PLD1,5337.0,MutNovel,"S773N,0.600"
X-4829,PLEC,5339.0,MutNovel,"R660H,0.554"
X-4829,PLEKHA4,57664.0,MutNovel,"R238H,0.592"
X-4829,PLEKHF1,79156.0,MutNovel,"A213T,0.600"
X-4829,PLEKHG2,64857.0,MutNovel,"R1350W,0.482"
X-4829,PLEKHG3,26030.0,MutNovel,"A137T,0.517"
X-4829,PLEKHG5,57449.0,MutNovel,"G1017C,0.422"
X-4829,PLK1,5347.0,MutNovel,"D447N,0.508"
X-4829,PLK4,10733.0,MutNovel,"T935I,0.537"
X-4829,PLXNA3,55558.0,MutNovel,"V14M,1.000"
X-4829,PLXNB2,23654.0,MutKnownFunctional,"-967,0.292"
X-4829,PMEPA1,56937.0,MutKnownFunctional,"Q32*,0.529"
X-4829,PNPLA2,57104.0,MutKnownFunctional,"-182,0.220"
X-4829,POLG,5428.0,MutNovel,"RQQ42Q,0.233"
X-4829,POLR2C,5432.0,MutNovel,"R126W,0.501"
X-4829,PPP1CC,5501.0,MutNovel,"A279V,0.466"
X-4829,PPP1R13L,10848.0,MutNovel,"S119L,0.504"
X-4829,PPP2R1A,5518.0,MutLikelyFunctional,"R183W,0.535"
X-4829,PPP2R2C,5522.0,MutNovel,"V393M,0.467"
X-4829,PPP3CC,5533.0,MutNovel,"S501Y,0.703"
X-4829,PPP6R1,22870.0,MutKnownFunctional,"-839?,0.434"
X-4829,PRDM6,93166.0,MutNovel,"T88TSAS,0.252"
X-4829,PRDX3,10935.0,MutNovel,"A218V,0.487"
X-4829,PRIC285,85441.0,MutNovel,"V897M,0.494"
X-4829,PRIC285,85441.0,MutNovel,"T378M,0.534"
X-4829,PRIM1,5557.0,MutNovel,"R56C,0.400"
X-4829,PRKACB,5567.0,MutNovel,"A266V,0.240"
X-4829,PRKAR2B,5577.0,MutNovel,"C388R,0.578"
X-4829,PRKY,5616.0,Del0.8,0.24
X-4829,PRPF31,26121.0,MutNovel,"K315E,0.457"
X-4829,PRPF40B,25766.0,MutNovel,"P850H,0.550"
X-4829,PRPF8,10594.0,MutNovel,"R1224C,0.540"
X-4829,PRR11,55771.0,MutKnownFunctional,"-20,0.302"
X-4829,PRR15L,79170.0,MutNovel,"L55P,0.750"
X-4829,PRRC2C,23215.0,MutNovel,"S239P,0.459"
X-4829,PRY,9081.0,Del0.8,0.24
X-4829,PRY,9081.0,Del0.8,0.24
X-4829,PRY2,442862.0,Del0.8,0.24
X-4829,PRY2,442862.0,Del0.8,0.24
X-4829,PTGR2,145482.0,MutNovel,"SE346S,0.414"
X-4829,PTK2B,2185.0,MutNovel,"I785V,0.654"
X-4829,PTPDC1,138639.0,MutNovel,"R688G,0.375"
X-4829,PTPLAD2,401494.0,MutNovel,"M232L,0.350"
X-4829,PTPN14,5784.0,MutNovel,"D375N,0.418"
X-4829,PTPRF,5792.0,MutNovel,"R742C,0.464"
X-4829,PTPRF,5792.0,MutNovel,"R750W,0.472"
X-4829,PTPRJ,5795.0,MutNovel,"P1279H,0.486"
X-4829,PTPRU,10076.0,MutNovel,"A290V,0.368"
X-4829,PXDN,7837.0,MutNovel,"A758T,1.000"
X-4829,R3HCC1L,,MutNovel,"G369C,0.500"
X-4829,RAB11FIP4,84440.0,MutNovel,"S208L,0.324"
X-4829,RAB20,55647.0,MutNovel,"P31Q,1.000"
X-4829,RAB3A,5864.0,MutNovel,"A95V,0.353"
X-4829,RAB40C,57799.0,MutNovel,"G89E,0.579"
X-4829,RADIL,55698.0,MutNovel,"N790S,1.000"
X-4829,RALA,5898.0,MutNovel,"G23D,0.594"
X-4829,RALGPS2,55103.0,MutNovel,"R383G,0.596"
X-4829,RALY,22913.0,MutNovel,"-231S,0.224"
X-4829,RAPGEF2,9693.0,MutKnownFunctional,"-1084,0.271"
X-4829,RAPGEF6,51735.0,MutNovel,"H603L,0.540"
X-4829,RASA3,22821.0,MutNovel,"P702S,1.000"
X-4829,RASAL1,8437.0,MutNovel,"R321N,0.537"
X-4829,RASL11A,387496.0,MutNovel,"V145M,0.353"
X-4829,RBAK,57786.0,MutKnownFunctional,"-273,0.441"
X-4829,RBM26,64062.0,MutNovel,"K119-,0.756"
X-4829,RBM4,5936.0,MutNovel,"K152Q,0.606"
X-4829,RBM45,129831.0,MutKnownFunctional,"R122*,0.536"
X-4829,RBM45,129831.0,MutKnownFunctional,"-379,0.400"
X-4829,RBMY1A3P,286557.0,Del0.8,0.24
X-4829,RBMY1B,378948.0,Del0.8,0.24
X-4829,RBMY1B,378948.0,Del0.8,0.24
X-4829,RBMY1E,378950.0,Del0.8,0.24
X-4829,RBMY1E,378950.0,Del0.8,0.24
X-4829,RBMY1F,159163.0,Del0.8,0.24
X-4829,RBMY1F,159163.0,Del0.8,0.24
X-4829,RBMY1J,378951.0,Del0.8,0.24
X-4829,RBMY1J,378951.0,Del0.8,0.24
X-4829,RBMY2EP,159125.0,Del0.8,0.24
X-4829,RBMY2FP,159162.0,Del0.8,0.24
X-4829,RBMY3AP,64593.0,Del0.8,0.24
X-4829,REV3L,5980.0,MutNovel,"P1444L,0.586"
X-4829,RFPL1,5988.0,MutNovel,"S224G,0.429"
X-4829,RGPD3,653489.0,MutNovel,"E929K,1.000"
X-4829,RGPD8,727851.0,MutNovel,"E928K,0.500"
X-4829,RGS22,26166.0,MutNovel,"A978V,1.000"
X-4829,RHD,6007.0,Del0.8,0.55
X-4829,RHOBTB2,23221.0,MutNovel,"A575V,0.384"
X-4829,RIN3,79890.0,MutNovel,"A9P,0.529"
X-4829,RIN3,79890.0,MutNovel,"G967-,0.667"
X-4829,RNF103,7844.0,MutKnownFunctional,"-670,0.503"
X-4829,RNF111,54778.0,MutKnownFunctional,"-780,0.946"
X-4829,RNF169,254225.0,MutNovel,"P75S,0.500"
X-4829,RNF169,254225.0,MutNovel,"D342E,0.495"
X-4829,RNF213,57674.0,MutNovel,"P518Q,0.589"
X-4829,RNF213,57674.0,MutKnownFunctional,"-1951,0.345"
X-4829,RNF213,57674.0,MutNovel,"S3963A,0.603"
X-4829,RNF32,140545.0,MutNovel,"C296Y,0.570"
X-4829,RNPEPL1,57140.0,MutNovel,"R660W,0.562"
X-4829,ROCK1,6093.0,MutNovel,"A234V,0.704"
X-4829,ROCK2,9475.0,MutNovel,"A1359V,0.458"
X-4829,RPH3A,22895.0,MutNovel,"K67N,0.500"
X-4829,RPL22,6146.0,MutKnownFunctional,"-15,0.754"
X-4829,RPP40,10799.0,MutNovel,"E325K,0.995"
X-4829,RPS17L,,MutNovel,"P65Q,0.500"
X-4829,RPS4Y1,6192.0,Del0.8,0.24
X-4829,RPS4Y2,140032.0,Del0.8,0.24
X-4829,RPSA,3921.0,MutNovel,"R117Q,0.487"
X-4829,RRP9,9136.0,MutNovel,"R445G,0.534"
X-4829,RSAD1,55316.0,MutNovel,"W291L,0.480"
X-4829,RWDD2B,10069.0,MutNovel,"T131A,1.000"
X-4829,SACS,26278.0,MutNovel,"A2921V,0.324"
X-4829,SAFB2,9667.0,MutNovel,"V585M,0.478"
X-4829,SALL1,6299.0,MutNovel,"SSS157-,0.694"
X-4829,SAP30L,79685.0,MutNovel,"S10I,0.615"
X-4829,SATB2,23314.0,MutNovel,"P404H,0.690"
X-4829,SBF1,6305.0,MutKnownFunctional,"-1524?,0.271"
X-4829,SBNO2,22904.0,MutNovel,"A1304V,0.594"
X-4829,SBNO2,22904.0,MutKnownFunctional,"Q1085*,0.299"
X-4829,SBNO2,22904.0,MutNovel,"T287M,0.335"
X-4829,SCAMP3,10067.0,MutNovel,"R329Q,0.505"
X-4829,SCAPER,49855.0,MutNovel,"H1185R,0.727"
X-4829,SDCBP2,27111.0,MutNovel,"R106Q,0.449"
X-4829,SDHB,6390.0,MutNovel,"K78E,0.529"
X-4829,SDK1,221935.0,MutNovel,"G358R,0.444"
X-4829,SECISBP2L,9728.0,MutNovel,"EE999E,0.315"
X-4829,SEMA3B,7869.0,MutNovel,"A516V,0.391"
X-4829,SEPHS2,22928.0,MutNovel,"A287V,0.453"
X-4829,SERINC2,347735.0,MutNovel,"-373Q,0.706"
X-4829,SERPINE2,5270.0,MutNovel,"S359G,0.514"
X-4829,SETD1B,23067.0,MutKnownFunctional,"-5,0.655"
X-4829,SETD5,55209.0,MutKnownFunctional,"-471,0.377"
X-4829,SF3B1,23451.0,MutNovel,"A277V,0.463"
X-4829,SFR1,119392.0,MutKnownFunctional,"L222*,0.544"
X-4829,SGOL2,151246.0,MutKnownFunctional,"-641?,0.409"
X-4829,SH2B2,10603.0,MutNovel,"A493T,0.250"
X-4829,SH3BP2,6452.0,MutKnownFunctional,"-264,0.312"
X-4829,SHMT1,6470.0,MutNovel,"S399G,0.509"
X-4829,SHPRH,257218.0,MutNovel,"G376R,0.632"
X-4829,SHROOM2,357.0,MutNovel,"H154R,1.000"
X-4829,SHROOM2,357.0,MutNovel,"L1440F,1.000"
X-4829,SHROOM3,57619.0,MutNovel,"H136Y,0.633"
X-4829,SIGMAR1,10280.0,MutNovel,"FY146Y,0.462"
X-4829,SIPA1L3,23094.0,MutNovel,"R431C,0.553"
X-4829,SIRPG,55423.0,MutNovel,"M34V,1.000"
X-4829,SIRT3,23410.0,MutNovel,"W379R,0.519"
X-4829,SIX2,10736.0,MutNovel,"G205D,0.500"
X-4829,SKIL,6498.0,MutNovel,"R536S,0.401"
X-4829,SKIV2L,6499.0,MutKnownFunctional,"-814,0.911"
X-4829,SLC16A6,9120.0,MutNovel,"H481C,0.788"
X-4829,SLC17A5,26503.0,MutNovel,"F432S,0.481"
X-4829,SLC26A1,10861.0,MutNovel,"L350I,0.500"
X-4829,SLC26A11,284129.0,MutNovel,"A468T,0.441"
X-4829,SLC2A11,66035.0,MutNovel,"A236T,0.600"
X-4829,SLC35A3,23443.0,MutKnownFunctional,"-236,0.313"
X-4829,SLC35C2,51006.0,MutNovel,"Q294E,0.415"
X-4829,SLC35G2,,MutKnownFunctional,"-62?,0.325"
X-4829,SLC4A11,83959.0,MutKnownFunctional,"-111,0.468"
X-4829,SLC4A3,6508.0,MutKnownFunctional,"-155?,0.273"
X-4829,SLC4A3,6508.0,MutNovel,"A1042V,0.548"
X-4829,SLC6A14,11254.0,Del0.8,0.69
X-4829,SLC7A1,6541.0,MutNovel,"G229D,0.448"
X-4829,SLC8A1,6546.0,MutNovel,"H394Y,0.306"
X-4829,SLC9A3R2,9351.0,MutNovel,"R187H,0.555"
X-4829,SLCO4A1,28231.0,MutNovel,"L232P,0.472"
X-4829,SLIT3,6586.0,MutNovel,"E770Q,0.700"
X-4829,SLK,9748.0,MutNovel,"H1231Y,0.507"
X-4829,SLX4,84464.0,MutNovel,"R1046H,0.583"
X-4829,SMARCC2,6601.0,MutKnownFunctional,"-1043,0.287"
X-4829,SMCHD1,23347.0,MutNovel,"G1543F,0.276"
X-4829,SMCR8,140775.0,MutNovel,"L144M,0.407"
X-4829,SNAI1,6615.0,MutNovel,"P83H,0.636"
X-4829,SNAPC4,6621.0,MutNovel,"S542-,0.221"
X-4829,SNRNP200,23020.0,MutNovel,"D257G,0.526"
X-4829,SNTB2,6645.0,MutNovel,"E507D,0.521"
X-4829,SOCS7,30837.0,MutNovel,"P86S,0.471"
X-4829,SOGA2,,MutNovel,"M242T,0.440"
X-4829,SOGA2,,MutNovel,"P433S,0.427"
X-4829,SOWAHC,65124.0,MutNovel,"P180S,0.432"
X-4829,SOX17,64321.0,MutKnownFunctional,"-37,0.755"
X-4829,SP2,6668.0,MutNovel,"R543C,0.503"
X-4829,SPAG5,10615.0,MutNovel,"R370Q,0.516"
X-4829,SPAG5,10615.0,MutNovel,"S10I,0.586"
X-4829,SPATA6L,,MutNovel,"R12W,0.543"
X-4829,SPC24,147841.0,MutNovel,"N21K,0.552"
X-4829,SPEN,23013.0,MutKnownFunctional,"R1475*,0.536"
X-4829,SPICE1,152185.0,MutNovel,"R350Q,0.654"
X-4829,SPOPL,339745.0,MutNovel,"F43S,0.590"
X-4829,SPRTN,,MutKnownFunctional,"-219,0.540"
X-4829,SPSB1,80176.0,MutKnownFunctional,"-122,0.368"
X-4829,SPSB1,80176.0,MutNovel,"P261L,0.724"
X-4829,SPTBN1,6711.0,MutNovel,"P2254T,0.518"
X-4829,SRCAP,10847.0,MutNovel,"R3206H,0.515"
X-4829,SRCIN1,80725.0,MutKnownFunctional,"-865,0.581"
X-4829,SRCIN1,80725.0,MutNovel,"R292Q,0.583"
X-4829,SREK1IP1,285672.0,MutKnownFunctional,"-91,0.379"
X-4829,SRGAP1,57522.0,MutNovel,"A759V,0.296"
X-4829,SRRM2,23524.0,MutKnownFunctional,"-1511,0.250"
X-4829,SRY,6736.0,Del0.8,0.24
X-4829,SS18,6760.0,MutNovel,"S304L,0.333"
X-4829,SSBP1,6742.0,MutNovel,"V54I,0.512"
X-4829,STAG2,10735.0,MutNovel,"D581Y,1.000"
X-4829,STAG3,10734.0,MutNovel,"L164P,0.429"
X-4829,STAT5A,6776.0,MutNovel,"R16H,0.545"
X-4829,STAT5B,6777.0,MutNovel,"V76M,0.564"
X-4829,STK17B,9262.0,MutKnownFunctional,"-302,0.593"
X-4829,STK39,27347.0,MutNovel,"APVTAAAA18A,1.000"
X-4829,STYX,6815.0,MutNovel,"R97C,0.318"
X-4829,SUPT16H,11198.0,MutNovel,"ED960D,0.431"
X-4829,SUPT16H,11198.0,MutNovel,"D331G,0.478"
X-4829,SURF6,6838.0,MutNovel,"A164L,0.443"
X-4829,SVIL,6840.0,MutKnownFunctional,"R2023*,0.319"
X-4829,SWT1,54823.0,MutNovel,"D196E,0.571"
X-4829,SYCP2,10388.0,MutKnownFunctional,"-1202,0.765"
X-4829,SYMPK,8189.0,MutKnownFunctional,"-1167,0.415"
X-4829,SYMPK,8189.0,MutNovel,"R825S,0.522"
X-4829,SYMPK,8189.0,MutNovel,"R348Q,0.490"
X-4829,TAF1B,9014.0,MutKnownFunctional,"-63,0.274"
X-4829,TAF1C,9013.0,MutKnownFunctional,"-534?,0.404"
X-4829,TAF4,6874.0,MutKnownFunctional,"-435,0.369"
X-4829,TAF5L,27097.0,MutNovel,"P344S,0.540"
X-4829,TAOK3,51347.0,MutNovel,"K560N,0.279"
X-4829,TBC1D10B,26000.0,MutNovel,"E241K,0.448"
X-4829,TBC1D23,55773.0,MutKnownFunctional,"-647,0.468"
X-4829,TBL1Y,90665.0,Del0.8,0.24
X-4829,TBP,6908.0,MutNovel,"-72Q,0.365"
X-4829,TCF20,6942.0,MutNovel,"R1365M,0.570"
X-4829,TDRD7,23424.0,MutNovel,"Q670R,0.512"
X-4829,TEAD3,7005.0,MutNovel,"P184S,0.580"
X-4829,TECPR1,25851.0,MutNovel,"R1005M,0.513"
X-4829,TENC1,23371.0,MutNovel,"T1075S,0.481"
X-4829,TEP1,7011.0,MutNovel,"C327F,0.444"
X-4829,TET2,54790.0,MutKnownFunctional,"-1116,0.476"
X-4829,TEX2,55852.0,MutNovel,"R1117C,0.564"
X-4829,TFAP2C,7022.0,MutNovel,"V136L,0.750"
X-4829,TFAP2C,7022.0,MutNovel,"R449M,0.250"
X-4829,TFAP2E,339488.0,MutKnownFunctional,"-256,0.600"
X-4829,TGFBR2,7048.0,MutKnownFunctional,"-150,0.800"
X-4829,TGIF2LY,90655.0,Del0.8,0.24
X-4829,THAP7,80764.0,MutNovel,"K31-,0.449"
X-4829,THSD1,55901.0,MutNovel,"Q613R,0.440"
X-4829,TIGD3,220359.0,MutNovel,"P353L,0.545"
X-4829,TIMP2,7077.0,MutKnownFunctional,"-210?,0.445"
X-4829,TLCD1,116238.0,MutKnownFunctional,"-138,0.441"
X-4829,TLR3,7098.0,MutNovel,"G553C,0.215"
X-4829,TLX1,3195.0,MutKnownFunctional,"-198?,0.556"
X-4829,TMCC1,23023.0,MutNovel,"R544Q,0.500"
X-4829,TMCC2,9911.0,MutNovel,"Q307H,0.333"
X-4829,TMEM209,84928.0,MutNovel,"L403R,0.601"
X-4829,TMEM39A,55254.0,MutNovel,"V154F,0.473"
X-4829,TMEM60,85025.0,MutKnownFunctional,"-77,0.425"
X-4829,TMF1,7110.0,MutNovel,"R622K,0.406"
X-4829,TMSB4Y,9087.0,Del0.8,0.24
X-4829,TNFSF13B,10673.0,MutKnownFunctional,"-278,0.750"
X-4829,TNK2,10188.0,MutKnownFunctional,"-909,0.444"
X-4829,TNK2,10188.0,MutKnownFunctional,"-839,0.279"
X-4829,TNRC18,84629.0,MutKnownFunctional,"-502,0.408"
X-4829,TNRC18,84629.0,MutKnownFunctional,"-342,0.510"
X-4829,TNS3,64759.0,MutNovel,"R668M,0.492"
X-4829,TNXB,7148.0,MutKnownFunctional,"-2840?,0.769"
X-4829,TNXB,7148.0,MutNovel,"K1511N,1.000"
X-4829,TPP2,7174.0,MutKnownFunctional,"-36,0.800"
X-4829,TPRKB,51002.0,MutKnownFunctional,"-25,0.469"
X-4829,TPST2,8459.0,MutNovel,"R183W,0.529"
X-4829,TPST2,8459.0,MutNovel,"Y62C,0.417"
X-4829,TRAF5,7188.0,MutNovel,"D412E,0.590"
X-4829,TRAF5,7188.0,MutNovel,"R445I,0.571"
X-4829,TRAK1,22906.0,MutNovel,"Y450H,0.436"
X-4829,TRIM26,7726.0,MutKnownFunctional,"-282,0.888"
X-4829,TRIM36,55521.0,MutNovel,"R551H,0.500"
X-4829,TRIM56,81844.0,MutNovel,"A608V,0.500"
X-4829,TRIM58,25893.0,MutNovel,"D102N,0.500"
X-4829,TRIM59,286827.0,MutKnownFunctional,"-202,0.366"
X-4829,TRIO,7204.0,MutNovel,"A2960V,0.451"
X-4829,TRMT10C,,MutKnownFunctional,"-128?,0.395"
X-4829,TRMU,55687.0,MutNovel,"A359V,0.530"
X-4829,TRPM7,54822.0,MutNovel,"P1592S,0.426"
X-4829,TSC1,7248.0,MutNovel,"R804M,0.459"
X-4829,TSC1,7248.0,MutNovel,"V128A,0.608"
X-4829,TSKU,25987.0,MutNovel,"R315W,0.530"
X-4829,TSPY1,7258.0,Del0.8,0.24
X-4829,TSPY2,64591.0,Del0.8,0.24
X-4829,TSPY3,728137.0,Del0.8,0.24
X-4829,TSPY4,728395.0,Del0.8,0.24
X-4829,TSPY8,728403.0,Del0.8,0.24
X-4829,TSPYL1,7259.0,MutNovel,"V176VW,0.891"
X-4829,TTC17,55761.0,MutNovel,"H254Q,0.574"
X-4829,TTC19,54902.0,MutNovel,"R452K,0.469"
X-4829,TTC21B,79809.0,MutNovel,"I1306M,0.488"
X-4829,TTK,7272.0,MutKnownFunctional,"-851?,0.335"
X-4829,TTN,7273.0,MutNovel,"N23982D,0.429"
X-4829,TTTY10,246119.0,Del0.8,0.24
X-4829,TTTY11,83866.0,Del0.8,0.24
X-4829,TTTY12,83867.0,Del0.8,0.24
X-4829,TTTY13,83868.0,Del0.8,0.24
X-4829,TTTY14,83869.0,Del0.8,0.24
X-4829,TTTY15,64595.0,Del0.8,0.24
X-4829,TTTY16,252948.0,Del0.8,0.24
X-4829,TTTY17A,252949.0,Del0.8,0.15
X-4829,TTTY17A,252949.0,Del0.8,0.24
X-4829,TTTY18,252950.0,Del0.8,0.24
X-4829,TTTY19,252952.0,Del0.8,0.24
X-4829,TTTY1B,100101116.0,Del0.8,0.24
X-4829,TTTY1B,100101116.0,Del0.8,0.24
X-4829,TTTY2,60439.0,Del0.8,0.24
X-4829,TTTY2,60439.0,Del0.8,0.24
X-4829,TTTY20,252951.0,Del0.8,0.24
X-4829,TTTY21,252953.0,Del0.8,0.24
X-4829,TTTY21,252953.0,Del0.8,0.24
X-4829,TTTY22,252954.0,Del0.8,0.24
X-4829,TTTY23,252955.0,Del0.8,0.24
X-4829,TTTY23,252955.0,Del0.8,0.24
X-4829,TTTY3,114760.0,Del0.8,0.24
X-4829,TTTY3,114760.0,Del0.8,0.15
X-4829,TTTY4,114761.0,Del0.8,0.11
X-4829,TTTY4,114761.0,Del0.8,0.15
X-4829,TTTY5,83863.0,Del0.8,0.24
X-4829,TTTY6,84672.0,Del0.8,0.24
X-4829,TTTY6,84672.0,Del0.8,0.24
X-4829,TTTY7,246122.0,Del0.8,0.24
X-4829,TTTY7,246122.0,Del0.8,0.24
X-4829,TTTY7B,100101120.0,Del0.8,0.24
X-4829,TTTY7B,100101120.0,Del0.8,0.24
X-4829,TTTY8,84673.0,Del0.8,0.24
X-4829,TTTY8,84673.0,Del0.8,0.24
X-4829,TTTY9A,83864.0,Del0.8,0.24
X-4829,TTTY9A,83864.0,Del0.8,0.24
X-4829,TULP3,7289.0,MutNovel,"R475Q,0.542"
X-4829,TULP4,56995.0,MutNovel,"P635L,0.625"
X-4829,TXLNG2P,246126.0,Del0.8,0.24
X-4829,TYRO3,7301.0,MutNovel,"R393H,0.462"
X-4829,UBE2Q2,92912.0,MutNovel,"P124S,0.442"
X-4829,UBE2R2,54926.0,MutNovel,"E220-,0.359"
X-4829,UBE3C,9690.0,MutNovel,"R454S,0.508"
X-4829,UBIAD1,29914.0,MutKnownFunctional,"-70,0.400"
X-4829,UBLCP1,134510.0,MutNovel,"I6F,0.438"
X-4829,UBP1,7342.0,MutNovel,"R141H,0.488"
X-4829,UBR2,23304.0,MutNovel,"R616H,0.494"
X-4829,UHRF1BP1L,23074.0,MutNovel,"H1299Y,0.404"
X-4829,UNC5A,90249.0,MutNovel,"R453W,0.376"
X-4829,UNK,85451.0,MutNovel,"S539N,0.752"
X-4829,UPF1,5976.0,MutNovel,"R148H,0.535"
X-4829,UPK3BL,,MutNovel,"R192Q,0.282"
X-4829,USP11,8237.0,MutNovel,"R713H,0.997"
X-4829,USP22,23326.0,MutNovel,"Y242H,0.514"
X-4829,USP31,57478.0,MutNovel,"F513I,0.628"
X-4829,USP32,84669.0,MutNovel,"S1390R,0.475"
X-4829,USP32P2,220594.0,Del0.8,0.69
X-4829,USP34,9736.0,MutNovel,"Y1845N,0.390"
X-4829,USP35,57558.0,MutKnownFunctional,"-652,0.256"
X-4829,USP36,57602.0,MutNovel,"KKK958K,0.351"
X-4829,USP6NL,9712.0,MutNovel,"Y655H,0.385"
X-4829,USP9Y,8287.0,Del0.8,0.24
X-4829,UTY,7404.0,Del0.8,0.24
X-4829,UVSSA,,MutNovel,"D596G,0.462"
X-4829,VCY,9084.0,Del0.8,0.24
X-4829,VCY,9084.0,Del0.8,0.24
X-4829,VDR,7421.0,MutNovel,"K173R,0.415"
X-4829,VNN1,8876.0,MutNovel,"T26A,0.695"
X-4829,VPS13D,55187.0,MutNovel,"A3673T,0.750"
X-4829,VWA5A,4013.0,MutNovel,"L575I,0.511"
X-4829,WDR19,57728.0,MutKnownFunctional,"-212?,0.517"
X-4829,WDR33,55339.0,MutNovel,"G961S,0.558"
X-4829,WDR35,57539.0,MutNovel,"D184N,0.388"
X-4829,WDR37,22884.0,MutNovel,"R303Q,0.483"
X-4829,WDR45,11152.0,MutNovel,"R233C,0.998"
X-4829,WDR55,54853.0,MutKnownFunctional,"-339,0.457"
X-4829,WDR6,11180.0,MutNovel,"R878H,0.489"
X-4829,WEE1,7465.0,MutNovel,"A351T,0.478"
X-4829,WHSC1,7468.0,MutNovel,"V831M,0.474"
X-4829,WNK2,65268.0,MutNovel,"R169H,0.606"
X-4829,WNK2,65268.0,MutNovel,"A707T,0.533"
X-4829,WNT7A,7476.0,MutNovel,"R189Q,0.481"
X-4829,WRN,7486.0,MutNovel,"A796V,0.663"
X-4829,XKRY2,353515.0,Del0.8,0.24
X-4829,XKRY2,353515.0,Del0.8,0.24
X-4829,YIF1A,10897.0,MutKnownFunctional,"-261,0.564"
X-4829,ZACN,353174.0,MutNovel,"A230T,0.461"
X-4829,ZBTB25,7597.0,MutNovel,"G130D,0.524"
X-4829,ZC3H4,23211.0,MutNovel,"R930Q,0.442"
X-4829,ZCCHC14,23174.0,MutKnownFunctional,"-53?,0.250"
X-4829,ZCCHC4,29063.0,MutNovel,"E14D,0.500"
X-4829,ZER1,10444.0,MutNovel,"A665T,0.568"
X-4829,ZFHX2,85446.0,MutKnownFunctional,"-1803,0.444"
X-4829,ZFHX3,463.0,MutNovel,"QQ3203Q,0.224"
X-4829,ZFHX3,463.0,MutKnownFunctional,"-2365?,0.433"
X-4829,ZFY,7544.0,Del0.8,0.24
X-4829,ZFYVE26,23503.0,MutNovel,"R99W,0.375"
X-4829,ZMPSTE24,10269.0,MutKnownFunctional,"-359?,0.264"
X-4829,ZMYM2,7750.0,MutKnownFunctional,"-1032,0.673"
X-4829,ZMYM4,9202.0,MutKnownFunctional,"-134,0.500"
X-4829,ZMYND12,84217.0,MutNovel,"L77P,0.750"
X-4829,ZNF107,51427.0,MutNovel,"C669Y,0.897"
X-4829,ZNF131,7690.0,MutNovel,"I36V,0.576"
X-4829,ZNF142,7701.0,MutNovel,"KH1018N,0.539"
X-4829,ZNF211,10520.0,MutNovel,"S498L,0.600"
X-4829,ZNF213,7760.0,MutNovel,"G265D,0.590"
X-4829,ZNF227,7770.0,MutNovel,"P435L,0.522"
X-4829,ZNF227,7770.0,MutNovel,"G656R,0.617"
X-4829,ZNF234,10780.0,MutNovel,"Q388R,0.455"
X-4829,ZNF268,10795.0,MutNovel,"L133W,0.521"
X-4829,ZNF292,23036.0,MutKnownFunctional,"-1286,0.519"
X-4829,ZNF296,162979.0,MutNovel,"R220C,0.553"
X-4829,ZNF318,24149.0,MutKnownFunctional,"-1216,0.453"
X-4829,ZNF319,57567.0,MutNovel,"G548W,0.410"
X-4829,ZNF385A,25946.0,MutNovel,"T49R,1.000"
X-4829,ZNF385C,201181.0,MutNovel,"P57L,0.500"
X-4829,ZNF407,55628.0,MutNovel,"K292I,0.462"
X-4829,ZNF408,79797.0,MutNovel,"A4V,0.476"
X-4829,ZNF416,55659.0,MutNovel,"A4V,0.250"
X-4829,ZNF428,126299.0,MutNovel,"G132R,0.530"
X-4829,ZNF469,84627.0,MutNovel,"A3073V,1.000"
X-4829,ZNF492,57615.0,MutNovel,"K363N,0.667"
X-4829,ZNF502,91392.0,MutKnownFunctional,"-152,0.889"
X-4829,ZNF518A,9849.0,MutKnownFunctional,"-926,0.339"
X-4829,ZNF528,84436.0,MutNovel,"E266D,0.506"
X-4829,ZNF552,79818.0,MutNovel,"L53M,0.493"
X-4829,ZNF561,93134.0,MutNovel,"D213G,0.533"
X-4829,ZNF594,84622.0,MutNovel,"C462G,0.636"
X-4829,ZNF598,90850.0,MutNovel,"T194M,0.504"
X-4829,ZNF646,9726.0,MutKnownFunctional,"-59?,0.451"
X-4829,ZNF652,22834.0,MutNovel,"S307L,0.567"
X-4829,ZNF653,115950.0,MutNovel,"G97C,0.519"
X-4829,ZNF697,90874.0,MutNovel,"R531C,0.667"
X-4829,ZNF703,80139.0,MutNovel,"S170G,0.741"
X-4829,ZNF770,54989.0,MutNovel,"L192S,0.481"
X-4829,ZNF772,400720.0,MutNovel,"A4GP,0.467"
X-4829,ZNF777,27153.0,MutNovel,"R746C,0.463"
X-4829,ZNF784,147808.0,MutNovel,"R272C,0.333"
X-4829,ZNF784,147808.0,MutNovel,"D25G,0.273"
X-4829,ZNF800,168850.0,MutKnownFunctional,"-262,0.546"
X-4829,ZNF814,730051.0,MutNovel,"F613S,0.300"
X-4829,ZNF862,643641.0,MutNovel,"G348D,0.561"
X-4829,ZNF92,168374.0,MutNovel,"K432N,0.588"
X-4829,ZRANB1,54764.0,MutKnownFunctional,"-709,0.419"
X-4829,ZSCAN18,65982.0,MutNovel,"R496H,1.000"
X-4852,ABCA3,21.0,MutNovel,"G1674S,0.481"
X-4852,AHNAK,79026.0,MutNovel,"Q503R,0.219"
X-4852,AKNA,80709.0,MutNovel,"P1054R,0.500"
X-4852,ANKRD62,,MutNovel,"I506T,1.000"
X-4852,ANKRD62,,MutNovel,"N547T,1.000"
X-4852,ANKRD62,,MutNovel,"R553K,1.000"
X-4852,ANKS1B,56899.0,MutNovel,"R720W,0.444"
X-4852,APBA2,321.0,MutNovel,"P605L,0.594"
X-4852,ARHGAP23,57636.0,MutNovel,"T212N,0.739"
X-4852,ARHGEF25,115557.0,MutKnownFunctional,"-212?,0.647"
X-4852,ARID1A,8289.0,MutNovel,"Q1342P,0.471"
X-4852,ATP6V1F,9296.0,MutNovel,"P73L,0.792"
X-4852,ATXN7,6314.0,MutNovel,"V185L,0.304"
X-4852,AZI2,64343.0,MutNovel,"L233S,0.478"
X-4852,BCL9L,283149.0,MutNovel,"S156I,0.336"
X-4852,BEST4,266675.0,MutNovel,"V244I,0.515"
X-4852,BMP7,655.0,MutNovel,"V278M,0.525"
X-4852,BOD1L1,,MutNovel,"S1933N,1.000"
X-4852,C10orf57,,MutKnownFunctional,"-38?,1.000"
X-4852,C11orf48,79081.0,MutNovel,"L83V,0.344"
X-4852,C17orf70,80233.0,MutNovel,"G670C,0.996"
X-4852,C17orf97,400566.0,MutNovel,"E230K,0.833"
X-4852,C1orf172,126695.0,MutNovel,"C105S,0.430"
X-4852,C2orf27A,29798.0,MutNovel,"R19L,0.556"
X-4852,C6orf223,221416.0,MutNovel,"-124AA,0.391"
X-4852,CACNA1A,773.0,MutNovel,"QQ2330-,0.786"
X-4852,CAD,790.0,MutNovel,"A2018G,0.506"
X-4852,CCDC39,339829.0,MutNovel,"H519N,0.714"
X-4852,CCDC61,729440.0,MutNovel,"R21Q,0.533"
X-4852,CCNF,899.0,MutNovel,"R239Q,0.570"
X-4852,CCZ1,51622.0,MutNovel,"M367I,0.600"
X-4852,CDC42BPG,55561.0,MutNovel,"D1086-,0.500"
X-4852,CDC42EP1,11135.0,MutNovel,"PAPAANPS253P,1.000"
X-4852,CGB2,114336.0,MutNovel,"R28H,0.714"
X-4852,CHAMP1,283489.0,MutNovel,"I521V,0.430"
X-4852,CHD7,55636.0,MutNovel,"E2012D,0.304"
X-4852,CLMN,79789.0,MutNovel,"R667C,0.636"
X-4852,CLYBL,171425.0,MutNovel,"A2S,0.500"
X-4852,CPEB4,80315.0,MutNovel,"P497S,0.400"
X-4852,CPSF7,79869.0,MutNovel,"K260Q,0.340"
X-4852,CTAGE4,100128553.0,MutNovel,"R740G,0.303"
X-4852,CTPS2,56474.0,MutNovel,"P196L,0.375"
X-4852,CTSA,5476.0,MutNovel,"L29-,0.418"
X-4852,DDX56,54606.0,MutNovel,"D112N,0.713"
X-4852,DEFB126,81623.0,MutKnownFunctional,"-53,0.602"
X-4852,DENND4B,9909.0,MutNovel,"QQQ908-,0.211"
X-4852,DENND4C,55667.0,MutKnownFunctional,"-84?,0.263"
X-4852,DNAH14,127602.0,MutNovel,"A2459S,0.429"
X-4852,DNHD1,144132.0,MutNovel,"K1289T,1.000"
X-4852,DPP7,29952.0,MutNovel,"I469-,0.821"
X-4852,DPP7,29952.0,MutNovel,"I469S,0.682"
X-4852,ECI1,1632.0,MutNovel,"R92C,0.529"
X-4852,EFHD1,80303.0,MutNovel,"A31V,0.667"
X-4852,EIF3D,8664.0,MutNovel,"Y358YVT,1.000"
X-4852,EMC10,,MutKnownFunctional,"-231?,0.889"
X-4852,EP300,2033.0,MutNovel,"P2367L,0.991"
X-4852,EPB41L2,2037.0,MutNovel,"S987L,1.000"
X-4852,ETNK2,55224.0,MutNovel,"P46A,0.235"
X-4852,FAM160B2,64760.0,MutNovel,"A231P,0.467"
X-4852,FAN1,22909.0,MutNovel,"G1010E,0.480"
X-4852,FASTKD3,79072.0,MutNovel,"G212S,0.342"
X-4852,FIGF,2277.0,MutNovel,"A82G,1.000"
X-4852,FOLR3,2352.0,MutNovel,"P117L,0.600"
X-4852,FOXD4L1,200350.0,MutNovel,"G139D,0.800"
X-4852,GABPB2,126626.0,MutNovel,"R117G,0.541"
X-4852,GABRR2,2570.0,MutNovel,"C217S,0.429"
X-4852,GEMIN5,25929.0,MutNovel,"F563L,0.639"
X-4852,GGTLC2,91227.0,MutNovel,"A52T,1.000"
X-4852,GIGYF2,26058.0,MutNovel,"PQ1231P,1.000"
X-4852,GPER,2852.0,MutNovel,"A354T,0.511"
X-4852,GTPBP1,9567.0,MutNovel,"E22Q,1.000"
X-4852,HGC6.3,100128124.0,MutNovel,"N156S,0.273"
X-4852,HGC6.3,100128124.0,MutNovel,"S119F,0.533"
X-4852,HGC6.3,100128124.0,MutNovel,"P108Q,0.538"
X-4852,HGC6.3,100128124.0,MutNovel,"V104A,0.600"
X-4852,HGC6.3,100128124.0,MutNovel,"P102S,0.321"
X-4852,HGC6.3,100128124.0,MutNovel,"P80L,0.308"
X-4852,HGC6.3,100128124.0,MutNovel,"M58V,0.333"
X-4852,HGC6.3,100128124.0,MutNovel,"F49P,0.588"
X-4852,HGC6.3,100128124.0,MutNovel,"V48A,0.588"
X-4852,HGC6.3,100128124.0,MutNovel,"Q24P,0.357"
X-4852,HGC6.3,100128124.0,MutNovel,"FS7S,0.308"
X-4852,HLA-G,3135.0,MutNovel,"V255M,0.429"
X-4852,HNRNPCL1,343069.0,MutNovel,"Q262G,1.000"
X-4852,HNRNPCL1,343069.0,MutNovel,"Q185K,1.000"
X-4852,HSPA1A,3303.0,MutNovel,"T222A,0.385"
X-4852,IGFBP2,3485.0,MutNovel,"L17LLPP,0.867"
X-4852,ILKAP,80895.0,MutNovel,"E364K,0.530"
X-4852,IRS2,8660.0,MutNovel,"H1328R,0.746"
X-4852,KIAA0753,9851.0,MutNovel,"R341L,1.000"
X-4852,KIF13A,63971.0,MutNovel,"D638N,0.529"
X-4852,KRT10,3858.0,MutNovel,"S551G,1.000"
X-4852,KRT15,3866.0,MutNovel,"D414E,0.250"
X-4852,KRT75,9119.0,MutNovel,"A336D,0.364"
X-4852,LAMB1,3912.0,MutNovel,"S863C,0.286"
X-4852,LEFTY1,10637.0,MutNovel,"R347S,1.000"
X-4852,LFNG,3955.0,MutNovel,"G226S,0.434"
X-4852,LOC100132247,100132247.0,MutNovel,"Q706R,0.500"
X-4852,LOC100132247,100132247.0,MutNovel,"A1031V,0.364"
X-4852,LOC728888,,MutNovel,"A1049V,0.750"
X-4852,LSR,51599.0,MutNovel,"G518GR,0.516"
X-4852,MAN1A1,4121.0,MutNovel,"E491K,1.000"
X-4852,MAP3K4,4216.0,MutNovel,"PA1189P,1.000"
X-4852,2014-03-09 00:00:00,92979.0,MutNovel,"C134S,0.412"
X-4852,MED16,10025.0,MutNovel,"G197R,1.000"
X-4852,MEF2A,4205.0,MutNovel,"Q412-,0.417"
X-4852,MON2,23041.0,MutNovel,"E961K,0.576"
X-4852,MTF1,4520.0,MutNovel,"F211L,0.412"
X-4852,MUC16,94025.0,MutNovel,"Q13722H,1.000"
X-4852,MUC20,200958.0,MutNovel,"DS181EG,0.514"
X-4852,MUC20,200958.0,MutNovel,"D200E,0.800"
X-4852,NARFL,64428.0,MutNovel,"V465M,0.492"
X-4852,NBPF10,100132406.0,MutNovel,"E125Q,0.417"
X-4852,NBPF16,728936.0,MutNovel,"N592S,0.429"
X-4852,NBPF24,,MutNovel,"R121L,0.500"
X-4852,NCOR2,9612.0,MutNovel,"G1839GAAA,1.000"
X-4852,NCOR2,9612.0,MutNovel,"-511S,1.000"
X-4852,NEDD9,4739.0,MutNovel,"M380T,0.456"
X-4852,NEMF,9147.0,MutKnownFunctional,"-127,1.000"
X-4852,NET1,10276.0,MutNovel,"R126H,0.982"
X-4852,NFE2L3,9603.0,MutNovel,"A149V,0.370"
X-4852,NPIPL3,23117.0,MutNovel,"C1076R,0.364"
X-4852,OAT,4942.0,MutNovel,"D286Y,0.577"
X-4852,OGFOD2,79676.0,MutNovel,"G238D,0.484"
X-4852,OR10AD1,121275.0,MutKnownFunctional,"-67?,1.000"
X-4852,ORAI1,84876.0,MutNovel,"PP43-,1.000"
X-4852,PABPC3,5042.0,MutKnownFunctional,"-336,0.545"
X-4852,PABPC3,5042.0,MutNovel,"G451A,1.000"
X-4852,PABPN1,8106.0,MutNovel,"L60R,1.000"
X-4852,PCDHB7,56129.0,MutNovel,"L426F,0.778"
X-4852,PCGF3,10336.0,MutNovel,"K170N,0.504"
X-4852,PCLO,27445.0,MutNovel,"A3555V,0.714"
X-4852,PDZD2,23037.0,MutNovel,"Q950E,0.636"
X-4852,PHACTR4,65979.0,MutKnownFunctional,"-61?,0.390"
X-4852,PHLDA1,22822.0,MutNovel,"QQ194Q,1.000"
X-4852,PKDREJ,10343.0,MutNovel,"H81R,1.000"
X-4852,PKN2,5586.0,MutNovel,"NL382N,1.000"
X-4852,PLEKHO1,51177.0,MutNovel,"I55T,0.408"
X-4852,POLQ,10721.0,MutNovel,"S1155I,0.366"
X-4852,POTEH,23784.0,MutNovel,"I238V,1.000"
X-4852,PPOX,5498.0,MutNovel,"P407L,0.526"
X-4852,PSMD9,5715.0,MutNovel,"S65T,0.554"
X-4852,PTPRG,5793.0,MutNovel,"V20L,0.842"
X-4852,PVRL1,5818.0,MutKnownFunctional,"-423,0.578"
X-4852,RAP1GAP,5909.0,MutNovel,"Y609C,0.563"
X-4852,RGPD8,727851.0,MutNovel,"E928K,0.400"
X-4852,RIN3,79890.0,MutNovel,"G967-,1.000"
X-4852,RIPK2,8767.0,MutKnownFunctional,"S168*,0.400"
X-4852,RNF20,56254.0,MutNovel,"E622V,0.489"
X-4852,RPL35A,6165.0,MutNovel,"R85C,0.346"
X-4852,RTDR1,27156.0,MutNovel,"N15I,1.000"
X-4852,SASS6,163786.0,MutNovel,"H624N,1.000"
X-4852,SBF1,6305.0,MutNovel,"R138Q,1.000"
X-4852,SEMA6C,10500.0,MutNovel,"R386Q,0.640"
X-4852,SERINC2,347735.0,MutNovel,"-373Q,0.505"
X-4852,SEZ6L2,26470.0,MutNovel,"H788D,0.263"
X-4852,SH2B2,10603.0,MutNovel,"G36A,0.308"
X-4852,SMG1,23049.0,MutNovel,"S12G,0.619"
X-4852,SNAPC4,6621.0,MutNovel,"S542-,0.549"
X-4852,SPECC1,92521.0,MutNovel,"A637T,1.000"
X-4852,STARD13,90627.0,MutNovel,"R706G,0.467"
X-4852,TANC2,26115.0,MutNovel,"QPPP1380Q,1.000"
X-4852,TANC2,26115.0,MutNovel,"P1382Q,0.571"
X-4852,TANC2,26115.0,MutNovel,"P1383Q,1.000"
X-4852,TBP,6908.0,MutNovel,"-64Q,0.957"
X-4852,TCIRG1,10312.0,MutNovel,"D517N,0.528"
X-4852,TMBIM4,51643.0,MutKnownFunctional,"-174?,0.889"
X-4852,TMEM121,80757.0,MutNovel,"G181A,0.436"
X-4852,TMEM17,200728.0,MutNovel,"L119Q,0.636"
X-4852,TMEM87B,84910.0,MutNovel,"V8L,0.591"
X-4852,TMEM9,252839.0,MutNovel,"R136H,0.321"
X-4852,TNFRSF9,3604.0,MutNovel,"R209H,0.300"
X-4852,TOLLIP,54472.0,MutNovel,"V197I,1.000"
X-4852,TP53,7157.0,MutKnownFunctional,"-190,1.000"
X-4852,TPBG,7162.0,MutNovel,"A118V,1.000"
X-4852,TRIP12,9320.0,MutNovel,"L1353P,0.546"
X-4852,TRMT11,60487.0,MutNovel,"G278C,0.486"
X-4852,TSTD1,100131187.0,MutNovel,"A51V,0.639"
X-4852,TTLL7,79739.0,MutNovel,"T747S,1.000"
X-4852,UBXN11,91544.0,MutNovel,"P503PVP,1.000"
X-4852,VCX3B,425054.0,MutNovel,"E189Q,0.478"
X-4852,VPS13B,157680.0,MutNovel,"A1639S,0.214"
X-4852,VPS13C,54832.0,MutNovel,"T604I,1.000"
X-4852,VWF,7450.0,MutNovel,"C1879R,0.700"
X-4852,VWF,7450.0,MutNovel,"G1874R,0.600"
X-4852,VWF,7450.0,MutNovel,"R1853Q,0.500"
X-4852,VWF,7450.0,MutNovel,"V1848M,0.600"
X-4852,VWF,7450.0,MutNovel,"P1790L,0.571"
X-4852,VWF,7450.0,MutNovel,"Y1780H,0.700"
X-4852,VWF,7450.0,MutNovel,"V1748A,1.000"
X-4852,WNT11,7481.0,MutNovel,"G151E,0.381"
X-4852,YWHAG,7532.0,MutNovel,"R56H,1.000"
X-4852,ZADH2,284273.0,MutNovel,"V232I,0.988"
X-4852,ZC3H4,23211.0,MutNovel,"HADMP649P,0.396"
X-4852,ZCCHC11,23318.0,MutNovel,"V1297L,0.619"
X-4852,ZDHHC11,79844.0,MutNovel,"A303D,0.769"
X-4852,ZFHX3,463.0,MutNovel,"Q3204RK,1.000"
X-4852,ZNF219,51222.0,MutNovel,"QPP233P,1.000"
X-4852,ZNF263,10127.0,MutNovel,"H508Q,0.554"
X-4852,ZNF730,,MutNovel,"S296F,0.714"
X-4852,ZNF763,284390.0,MutNovel,"V212F,1.000"
X-4863,61E3.4,,MutNovel,"R1140L,1.000"
X-4863,ABCA11P,79963.0,Amp5,6.73
X-4863,ABLIM2,84448.0,Amp5,6.28
X-4863,ACHE,43.0,MutNovel,"G588V,0.600"
X-4863,ACOT1,641371.0,Del0.8,0.67
X-4863,ACOX3,8310.0,Amp8,8
X-4863,ADAM18,8749.0,Amp8,13
X-4863,ADAM2,2515.0,Amp8,13
X-4863,ADAM32,203102.0,Amp8,11.79
X-4863,ADAM3A,1587.0,Del0.8,0.32
X-4863,ADAM9,8754.0,Amp8,11.79
X-4863,ADD1,118.0,Amp5,6.06
X-4863,ADRA2C,152.0,Amp5,6.06
X-4863,ADRB3,155.0,Amp8,12.38
X-4863,AGPAT6,137964.0,Amp5,7.78
X-4863,AHRR,57491.0,MutNovel,"S34P,1.000"
X-4863,AKR1C1,1645.0,MutNovel,"Y317D,0.457"
X-4863,AMELY,266.0,Del0.8,0.3
X-4863,AMN1,196394.0,Amp8,23.26
X-4863,ANAPC1,64682.0,MutNovel,"R1110C,0.357"
X-4863,ANK1,286.0,Amp5,7.78
X-4863,ANKRD27,84079.0,MutNovel,"R637C,1.000"
X-4863,ANKRD36,375248.0,MutNovel,"T998S,0.278"
X-4863,AP3M2,10947.0,Amp5,6.32
X-4863,ARMCX4,100131755.0,MutNovel,"M1778I,0.389"
X-4863,ARNTL2,56938.0,Amp8,18.77
X-4863,ART5,116969.0,MutNovel,"-25P,1.000"
X-4863,ASAH2,56624.0,Del0.8,0.77
X-4863,ASH2L,9070.0,Amp8,12.38
X-4863,ASUN,55726.0,Amp8,18.77
X-4863,ATP2B4,493.0,MutNovel,"R183H,0.546"
X-4863,ATP5I,521.0,Amp5,6.73
X-4863,ATP6V0D2,245972.0,Amp5,6.59
X-4863,ATP6V1H,51606.0,Amp5,5.28
X-4863,BAG4,9530.0,Amp8,12.38
X-4863,BCAT1,586.0,Amp8,28.64
X-4863,BCORP1,286554.0,Del0.8,0.3
X-4863,BHLHE41,79365.0,Amp8,28.44
X-4863,BIK,638.0,MutNovel,"VLLALLL136V,1.000"
X-4863,BPY2B,442867.0,Del0.8,0.3
X-4863,BPY2B,442867.0,Del0.8,0.3
X-4863,BRD2,6046.0,MutNovel,"P431A,0.484"
X-4863,BRF2,55290.0,Amp8,12.38
X-4863,C10orf57,,MutKnownFunctional,"-38?,1.000"
X-4863,C12orf35,55196.0,Amp5,6.87
X-4863,C12orf51,283450.0,MutNovel,"D615Y,0.600"
X-4863,C12orf70,341346.0,Amp8,16.45
X-4863,C12orf71,728858.0,Amp8,18.77
X-4863,C12orf77,196415.0,Amp8,28.64
X-4863,C4orf48,401115.0,Amp5,6.73
X-4863,C4orf6,10141.0,Amp8,11.08
X-4863,C5orf65,389333.0,MutNovel,"S260R,1.000"
X-4863,C8orf22,492307.0,Amp5,5.28
X-4863,C8orf4,56892.0,Amp5,7.31
X-4863,C8orf40,114926.0,Amp5,6.32
X-4863,C8orf59,401466.0,MutNovel,"-90LM,1.000"
X-4863,C8orf59,401466.0,Amp5,6.59
X-4863,C8orf86,389649.0,Amp8,11.79
X-4863,CA1,759.0,Amp5,6.59
X-4863,CA13,377677.0,Amp5,6.59
X-4863,CA2,760.0,Amp5,6.59
X-4863,CA3,761.0,Amp5,6.59
X-4863,CAPRIN2,65981.0,Amp8,17.75
X-4863,CASC1,55259.0,Amp8,28.64
X-4863,CAT,847.0,MutNovel,"R382Q,0.464"
X-4863,CBWD3,445571.0,MutNovel,"L207F,0.750"
X-4863,CBWD5,220869.0,MutNovel,"V255M,0.333"
X-4863,CBWD6,644019.0,MutKnownFunctional,"-259?,0.500"
X-4863,CCDC77,84318.0,MutNovel,"Q219E,0.485"
X-4863,CCDC91,55297.0,Amp8,14.42
X-4863,CCDC96,257236.0,Amp5,7.01
X-4863,CCR6,1235.0,MutNovel,"F95I,0.600"
X-4863,CDC42EP1,11135.0,MutNovel,"PAPAANPS253P,1.000"
X-4863,CDH1,999.0,MutLikelyFunctional,"A592T,1.000"
X-4863,CDK2AP2,10263.0,MutNovel,"T75M,0.516"
X-4863,CDY1B,253175.0,Del0.8,0.3
X-4863,CDY1B,253175.0,Del0.8,0.3
X-4863,CDY2A,9426.0,Del0.8,0.3
X-4863,CDY2A,9426.0,Del0.8,0.3
X-4863,CDY2B,203611.0,Del0.8,0.3
X-4863,CDY2B,203611.0,Del0.8,0.3
X-4863,CES4A,283848.0,MutNovel,"Y349H,1.000"
X-4863,CFHR1,3078.0,Amp5,7.89
X-4863,CFHR3,10878.0,Amp5,7.52
X-4863,CHMP4C,92421.0,Amp5,7.73
X-4863,CHRNA6,8973.0,Amp5,5.31
X-4863,CHRNB3,1142.0,Amp5,6.32
X-4863,CNGB3,54714.0,Amp5,6.59
X-4863,CNO,55330.0,Amp5,7.01
X-4863,CPLX1,10815.0,Amp5,6.73
X-4863,CPNE3,8895.0,Amp5,6.59
X-4863,CRAT,1384.0,MutNovel,"C595F,1.000"
X-4863,CRIPAK,285464.0,MutNovel,"V164A,0.202"
X-4863,CRIPAK,285464.0,Amp5,6.73
X-4863,CRMP1,1400.0,Amp8,11.08
X-4863,CSF3R,1441.0,MutNovel,"P760S,0.323"
X-4863,CSPG4P1Y,114758.0,Del0.8,0.3
X-4863,CSPG4P1Y,114758.0,Del0.8,0.3
X-4863,CTBP1,1487.0,Amp5,6.73
X-4863,CTSA,5476.0,MutNovel,"L29-,0.523"
X-4863,CYP2D6,1565.0,MutNovel,"Y355C,0.286"
X-4863,CYTL1,54360.0,Amp5,6.06
X-4863,D4S234E,27065.0,Amp5,6.06
X-4863,DAZ1,1617.0,Del0.8,0.3
X-4863,DAZ2,57055.0,Del0.8,0.3
X-4863,DAZ3,57054.0,Del0.8,0.3
X-4863,DAZ3,57054.0,Del0.8,0.3
X-4863,DAZ4,57135.0,Del0.8,0.3
X-4863,DAZ4,57135.0,Del0.8,0.3
X-4863,DDHD2,23259.0,Amp8,12.38
X-4863,DDX11,1663.0,Amp8,17.75
X-4863,DDX20,11218.0,MutNovel,"S70L,0.364"
X-4863,DDX3Y,8653.0,Del0.8,0.3
X-4863,DEFB103A,414325.0,Del0.8,0.57
X-4863,DEFB103A,414325.0,Del0.8,0.57
X-4863,DEFB104B,503618.0,Del0.8,0.57
X-4863,DEFB104B,503618.0,Del0.8,0.57
X-4863,DEFB105B,504180.0,Del0.8,0.57
X-4863,DEFB105B,504180.0,Del0.8,0.57
X-4863,DEFB106B,503841.0,Del0.8,0.57
X-4863,DEFB106B,503841.0,Del0.8,0.57
X-4863,DEFB107A,245910.0,Del0.8,0.57
X-4863,DEFB107A,245910.0,Del0.8,0.57
X-4863,DEFB109P1,245912.0,Del0.8,0.6
X-4863,DEFB4A,1673.0,Del0.8,0.57
X-4863,DEFB4B,100289462.0,Del0.8,0.57
X-4863,DENND5B,160518.0,Amp8,23.26
X-4863,DGKQ,1609.0,Amp5,6.73
X-4863,DGUOK,1716.0,MutNovel,"P14S,0.351"
X-4863,DKFZp566F0947,94023.0,Amp5,6.23
X-4863,DKK4,27121.0,Amp5,6.32
X-4863,DMKN,93099.0,MutNovel,"G270AAAG,1.000"
X-4863,DNAJC4,3338.0,MutNovel,"P70S,0.489"
X-4863,DOK7,285489.0,Amp5,6.06
X-4863,DRAP1,10589.0,MutNovel,"S163G,0.432"
X-4863,DUOXA1,90527.0,MutKnownFunctional,"E425*,0.643"
X-4863,DZIP3,9666.0,MutNovel,"R811H,0.261"
X-4863,E2F5,1875.0,Amp5,6.59
X-4863,EFCAB1,79645.0,Amp5,5.28
X-4863,EIF1AY,9086.0,Del0.8,0.3
X-4863,EIF4EBP1,1978.0,Amp8,12.38
X-4863,EPHA4,2043.0,MutNovel,"A94V,1.000"
X-4863,ERGIC2,51290.0,Amp8,17.75
X-4863,ERLIN2,11160.0,Amp8,12.38
X-4863,EVC,2121.0,Amp8,11.08
X-4863,EVC2,132884.0,Amp8,11.08
X-4863,FABP12,646486.0,Amp5,7.73
X-4863,FABP4,2167.0,Amp5,7.73
X-4863,FABP5,2171.0,Amp5,7.73
X-4863,FABP9,646480.0,Amp5,7.73
X-4863,FAM150A,389658.0,Amp5,7.78
X-4863,FAM193A,8603.0,Amp8,8.63
X-4863,FAM197Y2P,252946.0,Del0.8,0.3
X-4863,FAM21A,387680.0,Del0.8,0.79
X-4863,FAM41AY1,340618.0,Del0.8,0.3
X-4863,FAM41AY1,340618.0,Del0.8,0.3
X-4863,FAM53A,152877.0,Amp5,6.73
X-4863,FAM60A,58516.0,Amp8,23.26
X-4863,FAM71E2,284418.0,MutNovel,"Q778R,1.000"
X-4863,FAM82B,51115.0,Amp5,6.59
X-4863,FAM86EP,348926.0,Amp5,6.06
X-4863,FAM90A1,55138.0,Amp5,5.58
X-4863,FAR2,55711.0,Amp8,17.75
X-4863,FBN1,2200.0,MutNovel,"C2190S,0.400"
X-4863,FBXO11,80204.0,MutNovel,"-57S,0.500"
X-4863,FGFR1,2260.0,Amp8,9.32
X-4863,FGFR1OP2,26127.0,Amp8,18.77
X-4863,FGFR3,2261.0,Amp5,6.73
X-4863,FGFRL1,53834.0,Amp5,6.73
X-4863,FLJ13224,79857.0,Amp8,23.26
X-4863,FLJ35424,285492.0,Amp5,6.06
X-4863,FLJ36777,730971.0,Amp5,7.01
X-4863,GAK,2580.0,Amp5,6.73
X-4863,GIGYF2,26058.0,MutNovel,"PQ1231P,1.000"
X-4863,GINS4,84296.0,Amp5,7.78
X-4863,GOLGA2P2Y,84559.0,Del0.8,0.3
X-4863,GOLGA2P2Y,84559.0,Del0.8,0.3
X-4863,GOLGA6L10,647042.0,MutNovel,"L360R,1.000"
X-4863,GOLGA6L10,647042.0,MutNovel,"R336Q,1.000"
X-4863,GOLGA6L4,,MutNovel,"M318R,0.571"
X-4863,GOLGA7,51125.0,Amp5,7.78
X-4863,GOLGA8B,440270.0,MutNovel,"S502N,1.000"
X-4863,GOT1L1,137362.0,Amp8,12.38
X-4863,GPR124,25960.0,Amp8,12.38
X-4863,GRK4,2868.0,Amp5,6.06
X-4863,GRPEL1,80273.0,Amp5,7.01
X-4863,GSTA4,2941.0,MutNovel,"K205-,0.612"
X-4863,GYG2P1,352887.0,Del0.8,0.3
X-4863,H3F3C,440093.0,Amp8,23.26
X-4863,HAUS3,79441.0,Amp5,6.73
X-4863,HBB,3043.0,Amp5,7.26
X-4863,HBBP1,3044.0,Amp5,7.26
X-4863,HBD,3045.0,Amp5,7.26
X-4863,HBE1,3046.0,Amp5,7.26
X-4863,HBG1,3047.0,Amp5,7.26
X-4863,HBG2,3048.0,Amp5,7.26
X-4863,HEY1,23462.0,Amp5,7.73
X-4863,HGFAC,3083.0,Amp5,6.06
X-4863,HGSNAT,138050.0,Amp5,6.41
X-4863,HIST2H2AA3,,MutNovel,"A127V,0.958"
X-4863,HLA-DRB1,3123.0,MutNovel,"T210M,0.941"
X-4863,HLA-DRB5,3127.0,MutNovel,"Y89P,1.000"
X-4863,HLA-DRB5,3127.0,MutNovel,"F55Y,1.000"
X-4863,HLA-DRB5,3127.0,MutNovel,"Y42F,1.000"
X-4863,HNRNPCL1,343069.0,MutNovel,"Q185K,1.000"
X-4863,HSFY2,159119.0,Del0.8,0.3
X-4863,HSFY2,159119.0,Del0.8,0.3
X-4863,HTRA3,94031.0,Amp8,8
X-4863,HTRA4,203100.0,Amp8,11.79
X-4863,HTT,3064.0,Amp5,6.06
X-4863,HTT-AS1,100750326.0,Amp5,6.06
X-4863,IDO1,3620.0,Amp8,13
X-4863,IDO2,169355.0,Amp8,9.71
X-4863,IDUA,3425.0,Amp5,6.73
X-4863,IFLTD1,160492.0,Amp8,25.63
X-4863,IKBKB,3551.0,Amp5,6.32
X-4863,IL6ST,3572.0,MutNovel,"A698T,1.000"
X-4863,IL7,3574.0,Amp5,5.31
X-4863,IMPA1,3612.0,Amp5,7.73
X-4863,IPO8,10526.0,Amp8,17.75
X-4863,ITPR2,3709.0,Amp8,28.44
X-4863,JAKMIP1,152789.0,Amp8,11.08
X-4863,KAT6A,7994.0,Amp5,7.78
X-4863,KCNU1,157855.0,Amp8,12.38
X-4863,KDM5D,8284.0,Del0.8,0.3
X-4863,KIAA0232,9778.0,Amp5,7.01
X-4863,KIT,3815.0,MutNovel,"D974N,1.000"
X-4863,KLHDC5,57542.0,Amp8,14.42
X-4863,KLHL20,27252.0,MutNovel,"I79V,0.714"
X-4863,KRAS,3845.0,Amp8,20.97
X-4863,LCE3C,353144.0,Del0.8,0.37
X-4863,LETM1,3954.0,Amp5,6.73
X-4863,LETM2,137994.0,Amp8,12.38
X-4863,LGALS9C,654346.0,Del0.8,0.34
X-4863,LINC00477,144360.0,Amp8,28.64
X-4863,LOC100129917,100129917.0,Amp5,6.73
X-4863,LOC100129931,100129931.0,Amp5,7.01
X-4863,LOC100130872,100130872.0,Amp5,6.73
X-4863,LOC100132396,100132396.0,Del0.8,0.71
X-4863,LOC100133461,100133461.0,Amp5,6.06
X-4863,LOC100287314,100287314.0,Amp8,17.75
X-4863,LOC100505835,100505835.0,Amp5,5.17
X-4863,LOC100506451,100506451.0,Amp8,28.44
X-4863,LOC100507266,100507266.0,Amp5,6.06
X-4863,LOC148145,148145.0,Amp5,5.17
X-4863,LOC285484,285484.0,Amp8,11.08
X-4863,LOC348120,348120.0,Amp5,5.82
X-4863,LOC402160,402160.0,Amp8,12.21
X-4863,LOC440518,440518.0,Amp5,7.73
X-4863,LOC728024,728024.0,Amp8,12.38
X-4863,LOC728503,,MutNovel,"S236T,1.000"
X-4863,LOC93622,93622.0,Amp5,7.01
X-4863,LONP1,9361.0,MutNovel,"L24M,1.000"
X-4863,LRMP,4033.0,Amp8,28.64
X-4863,LRP1,4035.0,MutNovel,"R2043H,0.316"
X-4863,LRPAP1,4043.0,Amp5,6.06
X-4863,LRRC37A2,474170.0,MutNovel,"P312A,1.000"
X-4863,LRRCC1,85444.0,Amp5,6.59
X-4863,LSM1,27257.0,Amp8,12.38
X-4863,LYAR,55646.0,Amp5,6.06
X-4863,LYPLA1,10434.0,Amp5,5.28
X-4863,LYRM5,144363.0,Amp8,28.64
X-4863,MAEA,10296.0,Amp5,6.73
X-4863,MAML2,84441.0,MutNovel,"L240R,0.444"
X-4863,MAN1C1,57134.0,MutNovel,"V251M,0.833"
X-4863,MAN2B2,23324.0,Amp5,7.01
X-4863,MANSC4,100287284.0,Amp8,14.42
X-4863,MAP3K4,4216.0,MutNovel,"PA1189P,1.000"
X-4863,MAST4,375449.0,MutNovel,"P2422S,0.500"
X-4863,MED21,9412.0,Amp8,18.77
X-4863,METTL20,254013.0,Amp8,23.26
X-4863,MFSD10,10227.0,Amp5,6.06
X-4863,MFSD5,84975.0,MutNovel,"A482D,0.411"
X-4863,MFSD7,84179.0,Amp5,6.73
X-4863,MICALL2,79778.0,MutNovel,"L730Q,1.000"
X-4863,MIR378D1,100616201.0,Amp8,11.08
X-4863,MIR4302,100422897.0,Amp8,28.44
X-4863,MIR4798,100616471.0,Amp5,7.01
X-4863,MIR4800,100616358.0,Amp5,6.73
X-4863,MIR486,619554.0,Amp5,7.78
X-4863,MIR943,100126332.0,Amp5,6.73
X-4863,MMP15,4324.0,MutNovel,"D596G,1.000"
X-4863,MOCS1,4337.0,MutNovel,"G147E,0.453"
X-4863,MPRIP,23164.0,MutNovel,"TS178T,1.000"
X-4863,MRFAP1,93621.0,Amp5,7.01
X-4863,MRFAP1L1,114932.0,Amp5,7.01
X-4863,MRPL15,29088.0,Amp5,5.28
X-4863,MRPS28,28957.0,Amp5,7.73
X-4863,MRPS35,60488.0,Amp8,14.42
X-4863,MSX1,4487.0,Amp5,6.06
X-4863,MTHFD1L,25902.0,MutNovel,"A236D,0.584"
X-4863,MUC16,94025.0,MutNovel,"G13421D,1.000"
X-4863,MUC5B,727897.0,MutNovel,"A2102P,0.571"
X-4863,MUC5B,727897.0,MutNovel,"P2203S,1.000"
X-4863,MUC5B,727897.0,MutNovel,"P2207T,0.833"
X-4863,MUC5B,727897.0,MutNovel,"TTA2282T,0.222"
X-4863,MUC5B,727897.0,MutNovel,"R2292H,0.393"
X-4863,MUC5B,727897.0,MutNovel,"V2574A,0.300"
X-4863,MUC5B,727897.0,MutNovel,"E3137K,0.364"
X-4863,MUC5B,727897.0,MutNovel,"I3206T,0.467"
X-4863,MUC5B,727897.0,MutNovel,"R3209K,0.438"
X-4863,MUC5B,727897.0,MutNovel,"N3667S,0.500"
X-4863,MUC5B,727897.0,MutNovel,"S3705T,0.700"
X-4863,MUC5B,727897.0,MutNovel,"P3712L,0.800"
X-4863,MUC5B,727897.0,MutNovel,"T3883M,0.312"
X-4863,MUC5B,727897.0,MutNovel,"T3952N,0.333"
X-4863,MUC5B,727897.0,MutNovel,"T4035I,0.500"
X-4863,MUC5B,727897.0,MutNovel,"TTA4096T,0.483"
X-4863,MUC5B,727897.0,MutNovel,"R4106H,0.472"
X-4863,MUC5B,727897.0,MutNovel,"N4224S,0.500"
X-4863,MUC5B,727897.0,MutNovel,"M4239T,0.857"
X-4863,MUC5B,727897.0,MutNovel,"K4317T,0.500"
X-4863,MUC5B,727897.0,MutNovel,"G4464T,0.400"
X-4863,MUC5B,727897.0,MutNovel,"A5273P,0.355"
X-4863,MXD4,10608.0,Amp5,6.73
X-4863,MYL5,4636.0,Amp5,6.73
X-4863,MYOM3,127294.0,MutNovel,"E912K,0.556"
X-4863,NACA2,342538.0,MutNovel,"R144K,1.000"
X-4863,NAT8L,339983.0,Amp5,6.73
X-4863,NBPF14,25832.0,MutNovel,"I861G,1.000"
X-4863,NCOA3,8202.0,MutNovel,"Q1255-,0.474"
X-4863,NCOR2,9612.0,MutNovel,"G1839GAAA,1.000"
X-4863,NCRNA00185,55410.0,Del0.8,0.3
X-4863,NDUFA8,4702.0,MutNovel,"R119Q,0.992"
X-4863,NKD2,85409.0,MutNovel,"H439-,0.462"
X-4863,NKX6-3,157848.0,Amp5,7.78
X-4863,NLGN4Y,22829.0,Del0.8,0.3
X-4863,NOP14,8602.0,Amp5,6.06
X-4863,NPBWR1,2831.0,Amp5,7.78
X-4863,NPIPL3,23117.0,MutNovel,"D1033G,0.500"
X-4863,NPIPL3,23117.0,MutNovel,"A954V,0.490"
X-4863,OBP2B,29989.0,MutNovel,"P168L,0.667"
X-4863,OBP2B,29989.0,MutNovel,"T159M,0.643"
X-4863,OPRK1,4986.0,Amp5,7.78
X-4863,OR11H12,440153.0,MutNovel,"R199L,1.000"
X-4863,OR2T10,127069.0,Amp5,7.26
X-4863,OR2T11,127077.0,Amp5,5.35
X-4863,OR2T29,343563.0,Amp5,7.26
X-4863,OR2T34,127068.0,Amp5,7.26
X-4863,OR2W3,343171.0,MutKnownFunctional,"-298?,0.514"
X-4863,OR51B4,79339.0,Amp5,7.26
X-4863,OR51V1,283111.0,Amp5,7.26
X-4863,OR52A1,23538.0,Amp5,7.26
X-4863,OR52A5,390054.0,Amp5,7.26
X-4863,OR52E2,119678.0,Amp5,7.26
X-4863,OR52J3,119679.0,Amp5,7.26
X-4863,ORAI1,84876.0,MutNovel,"PP43-,1.000"
X-4863,OTOP1,133060.0,Amp5,6.06
X-4863,OVCH1,341350.0,Amp8,17.75
X-4863,PAG1,55824.0,Amp5,7.73
X-4863,PAK4,10298.0,MutNovel,"A266S,1.000"
X-4863,PCDH11Y,83259.0,Del0.8,0.48
X-4863,PCGF3,10336.0,Amp5,6.73
X-4863,PCM1,5108.0,MutNovel,"I1698L,0.995"
X-4863,PCMTD1,115294.0,Amp5,5.17
X-4863,PDE6B,5158.0,Amp5,6.73
X-4863,PEX2,5828.0,Amp5,5.31
X-4863,PHLDA1,22822.0,MutNovel,"QQ194Q,1.000"
X-4863,PIGG,54872.0,Amp5,6.73
X-4863,PKIA,5569.0,Amp5,5.31
X-4863,PLAT,5327.0,Amp5,6.32
X-4863,PLEKHA2,59339.0,Amp8,11.79
X-4863,PMP2,5375.0,Amp5,7.73
X-4863,POLB,5423.0,Amp5,6.32
X-4863,POLN,353497.0,Amp5,6.73
X-4863,POTEA,340441.0,Amp8,9.06
X-4863,PPAPDC1B,84513.0,Amp8,12.38
X-4863,PPFIBP1,8496.0,Amp8,14.42
X-4863,PPIP5K1,9677.0,MutNovel,"S1127G,0.500"
X-4863,PPP2R2C,5522.0,Amp5,7.01
X-4863,PRKY,5616.0,Del0.8,0.3
X-4863,PROSC,11212.0,Amp8,12.38
X-4863,PRY,9081.0,Del0.8,0.3
X-4863,PRY,9081.0,Del0.8,0.3
X-4863,PRY2,442862.0,Del0.8,0.3
X-4863,PRY2,442862.0,Del0.8,0.3
X-4863,PSAPL1,768239.0,Amp5,7.01
X-4863,PSKH2,85481.0,Amp5,6.59
X-4863,PTHLH,5744.0,Amp8,14.42
X-4863,RAB11FIP1,80223.0,Amp8,12.38
X-4863,RALYL,138046.0,Amp5,6.59
X-4863,RASSF8,11228.0,Amp8,28.44
X-4863,RB1CC1,9821.0,Amp5,7.78
X-4863,RBMY1A3P,286557.0,Del0.8,0.3
X-4863,RBMY1B,378948.0,Del0.8,0.3
X-4863,RBMY1B,378948.0,Del0.8,0.3
X-4863,RBMY1E,378950.0,Del0.8,0.3
X-4863,RBMY1E,378950.0,Del0.8,0.3
X-4863,RBMY1F,159163.0,Del0.8,0.3
X-4863,RBMY1F,159163.0,Del0.8,0.3
X-4863,RBMY1J,378951.0,Del0.8,0.3
X-4863,RBMY1J,378951.0,Del0.8,0.3
X-4863,RBMY2EP,159125.0,Del0.8,0.3
X-4863,RBMY2FP,159162.0,Del0.8,0.3
X-4863,RBMY3AP,64593.0,Del0.8,0.3
X-4863,REP15,387849.0,Amp8,14.42
X-4863,REXO1L1,254958.0,Amp5,6.59
X-4863,REXO1L2P,100288527.0,Amp5,6.59
X-4863,REXO1L2P,100288527.0,Amp5,6.59
X-4863,RGS12,6002.0,Amp5,6.06
X-4863,RGS20,8601.0,Amp5,5.28
X-4863,RIN2,54453.0,MutNovel,"P357L,0.625"
X-4863,RIN3,79890.0,MutNovel,"G967-,1.000"
X-4863,RNF212,285498.0,Amp5,6.73
X-4863,RNF4,6047.0,Amp8,12.21
X-4863,RNF5P1,286140.0,Amp8,11.79
X-4863,RP1,6101.0,Amp5,5.28
X-4863,RPS4Y1,6192.0,Del0.8,0.48
X-4863,RPS4Y2,140032.0,Del0.8,0.3
X-4863,RPSAP58,388524.0,Amp5,6.41
X-4863,RSPH10B2,728194.0,MutNovel,"Y548C,0.583"
X-4863,RTN4,57142.0,MutNovel,"Y529H,0.526"
X-4863,S100P,6286.0,Amp5,7.01
X-4863,SCARNA22,677770.0,Amp5,6.73
X-4863,SERINC2,347735.0,MutNovel,"-373Q,1.000"
X-4863,SF3A3,10946.0,MutNovel,"S31A,0.660"
X-4863,SFRP1,6422.0,Amp5,7.78
X-4863,SH3BP2,6452.0,Amp5,6.06
X-4863,SH3TC1,54436.0,Amp5,6.28
X-4863,SIRT3,23410.0,MutKnownFunctional,"-146,0.279"
X-4863,SLBP,7884.0,Amp5,6.73
X-4863,SLC10A5,347051.0,Amp5,7.73
X-4863,SLC20A2,6575.0,Amp5,6.32
X-4863,SLC26A1,10861.0,Amp5,6.73
X-4863,SLC28A2,9153.0,MutKnownFunctional,"-129?,0.500"
X-4863,SLC35E2B,728661.0,MutNovel,"I283V,0.260"
X-4863,SLC38A6,145389.0,MutNovel,"P458L,1.000"
X-4863,SLC7A13,157724.0,Amp5,6.59
X-4863,SMG1,23049.0,MutNovel,"L1397V,0.235"
X-4863,SMG1,23049.0,MutNovel,"S1379G,0.400"
X-4863,SMG1,23049.0,MutNovel,"I1332V,0.400"
X-4863,SNAI2,6591.0,Amp5,5.28
X-4863,SNAPC4,6621.0,MutNovel,"S542-,1.000"
X-4863,SNX16,64089.0,Amp5,7.73
X-4863,SOX17,64321.0,Amp5,5.28
X-4863,SOX5,6660.0,Amp8,11.39
X-4863,SPAG11A,653423.0,Del0.8,0.57
X-4863,SPAG11B,10407.0,Del0.8,0.57
X-4863,SPAG11B,10407.0,Del0.8,0.57
X-4863,SPDYE5,442590.0,MutNovel,"A191V,0.500"
X-4863,SPEG,10290.0,MutNovel,"V732L,0.481"
X-4863,SPON2,10417.0,Amp5,6.73
X-4863,SRY,6736.0,Del0.8,0.48
X-4863,SSPN,8082.0,Amp8,28.44
X-4863,ST18,9705.0,Amp5,5.17
X-4863,STAR,6770.0,Amp8,12.38
X-4863,STK32B,55351.0,Amp8,8.22
X-4863,STK38L,23012.0,Amp8,18.77
X-4863,STMN2,11075.0,Amp5,7.73
X-4863,STRC,161497.0,MutNovel,"T1565S,0.429"
X-4863,STX18,53407.0,Amp5,6.06
X-4863,STYXL1,51657.0,MutNovel,"R37L,0.346"
X-4863,TAB2,23118.0,MutNovel,"E398K,0.993"
X-4863,TACC1,6867.0,Amp8,11.79
X-4863,TACC3,10460.0,Amp5,6.73
X-4863,TADA2B,93624.0,Amp5,7.01
X-4863,TAF3,83860.0,MutNovel,"P787T,1.000"
X-4863,TBC1D14,57533.0,Amp5,7.01
X-4863,TBL1Y,90665.0,Del0.8,0.3
X-4863,TBP,6908.0,MutNovel,"-64Q,0.733"
X-4863,TCEA1,6917.0,Amp5,5.28
X-4863,TET3,200424.0,MutNovel,"A1435T,0.619"
X-4863,TGIF2LY,90655.0,Del0.8,0.48
X-4863,TM2D2,83877.0,Amp8,11.79
X-4863,TM7SF3,51768.0,Amp8,18.77
X-4863,TMED11P,100379220.0,Amp5,6.73
X-4863,TMEM128,85013.0,Amp5,6.06
X-4863,TMEM129,92305.0,Amp5,6.73
X-4863,TMEM175,84286.0,Amp5,6.73
X-4863,TMEM87B,84910.0,MutNovel,"N497S,0.480"
X-4863,TMSB4Y,9087.0,Del0.8,0.3
X-4863,TMTC1,83857.0,Amp8,17.75
X-4863,TNIP2,79155.0,Amp5,6.06
X-4863,TP53,7157.0,MutKnownFunctional,"-171,1.000"
X-4863,TPD52,7163.0,Amp5,7.73
X-4863,TRAP1,10131.0,MutNovel,"S221P,0.555"
X-4863,TRIM68,55128.0,MutNovel,"R218W,0.468"
X-4863,TRIOBP,11078.0,MutNovel,"T501R,0.500"
X-4863,TSPAN11,441631.0,Amp8,17.75
X-4863,TSPY1,7258.0,Del0.8,0.3
X-4863,TSPY2,64591.0,Del0.8,0.3
X-4863,TSPY3,728137.0,Del0.8,0.3
X-4863,TSPY4,728395.0,Del0.8,0.3
X-4863,TSPY8,728403.0,Del0.8,0.3
X-4863,TSPYL1,7259.0,MutNovel,"V176VW,1.000"
X-4863,TTTY10,246119.0,Del0.8,0.3
X-4863,TTTY11,83866.0,Del0.8,0.3
X-4863,TTTY12,83867.0,Del0.8,0.3
X-4863,TTTY13,83868.0,Del0.8,0.3
X-4863,TTTY14,83869.0,Del0.8,0.3
X-4863,TTTY15,64595.0,Del0.8,0.3
X-4863,TTTY16,252948.0,Del0.8,0.3
X-4863,TTTY17A,252949.0,Del0.8,0.3
X-4863,TTTY17A,252949.0,Del0.8,0.3
X-4863,TTTY18,252950.0,Del0.8,0.3
X-4863,TTTY19,252952.0,Del0.8,0.3
X-4863,TTTY1B,100101116.0,Del0.8,0.3
X-4863,TTTY1B,100101116.0,Del0.8,0.3
X-4863,TTTY2,60439.0,Del0.8,0.3
X-4863,TTTY2,60439.0,Del0.8,0.3
X-4863,TTTY20,252951.0,Del0.8,0.3
X-4863,TTTY21,252953.0,Del0.8,0.3
X-4863,TTTY21,252953.0,Del0.8,0.3
X-4863,TTTY22,252954.0,Del0.8,0.3
X-4863,TTTY23,252955.0,Del0.8,0.3
X-4863,TTTY23,252955.0,Del0.8,0.3
X-4863,TTTY3,114760.0,Del0.8,0.3
X-4863,TTTY3,114760.0,Del0.8,0.3
X-4863,TTTY4,114761.0,Del0.8,0.3
X-4863,TTTY4,114761.0,Del0.8,0.3
X-4863,TTTY5,83863.0,Del0.8,0.3
X-4863,TTTY6,84672.0,Del0.8,0.3
X-4863,TTTY6,84672.0,Del0.8,0.3
X-4863,TTTY7,246122.0,Del0.8,0.3
X-4863,TTTY7,246122.0,Del0.8,0.3
X-4863,TTTY7B,100101120.0,Del0.8,0.3
X-4863,TTTY7B,100101120.0,Del0.8,0.3
X-4863,TTTY8,84673.0,Del0.8,0.3
X-4863,TTTY8,84673.0,Del0.8,0.3
X-4863,TTTY9A,83864.0,Del0.8,0.3
X-4863,TTTY9A,83864.0,Del0.8,0.3
X-4863,TXLNG2P,246126.0,Del0.8,0.3
X-4863,TYW1,55253.0,MutNovel,"P412L,0.756"
X-4863,UGT2B17,7367.0,Del0.8,0.76
X-4863,UNC5D,137970.0,Amp5,6.32
X-4863,UNKL,64718.0,MutNovel,"G456S,0.569"
X-4863,UQCRFS1,7386.0,Amp5,5.17
X-4863,USP36,57602.0,MutNovel,"KKK958K,1.000"
X-4863,USP9Y,8287.0,Del0.8,0.3
X-4863,UTY,7404.0,Del0.8,0.3
X-4863,VCY,9084.0,Del0.8,0.3
X-4863,VCY,9084.0,Del0.8,0.3
X-4863,VDAC3,7419.0,Amp5,6.32
X-4863,WFS1,7466.0,Amp8,11.08
X-4863,WHSC1,7468.0,Amp5,6.73
X-4863,WHSC1L1,54904.0,Amp8,12.38
X-4863,WHSC2,7469.0,Amp5,6.73
X-4863,WNK1,65125.0,MutKnownFunctional,"-580?,0.355"
X-4863,WSB2,55884.0,MutNovel,"T77M,0.522"
X-4863,WWP1,11059.0,Amp5,6.59
X-4863,XKRY2,353515.0,Del0.8,0.3
X-4863,XKRY2,353515.0,Del0.8,0.3
X-4863,YTHDF1,54915.0,MutNovel,"R332C,0.326"
X-4863,ZBTB10,65986.0,Amp5,7.73
X-4863,ZBTB49,166793.0,Amp5,6.06
X-4863,ZDHHC11,79844.0,MutNovel,"A303D,0.333"
X-4863,ZFAND1,79752.0,Amp5,7.73
X-4863,ZFHX2,85446.0,MutNovel,"A1669V,1.000"
X-4863,ZFHX4,79776.0,Amp5,5.31
X-4863,ZFY,7544.0,Del0.8,0.48
X-4863,ZFYVE28,57732.0,Amp8,9.99
X-4863,ZMAT4,79698.0,Amp5,7.78
X-4863,ZNF141,7700.0,Amp5,6.73
X-4863,ZNF180,7733.0,MutNovel,"L229F,1.000"
X-4863,ZNF197,10168.0,MutNovel,"H466Y,1.000"
X-4863,ZNF213,7760.0,MutNovel,"E281K,0.435"
X-4863,ZNF233,353355.0,MutNovel,"Y194H,0.429"
X-4863,ZNF254,9534.0,Amp5,6.41
X-4863,ZNF34,80778.0,MutNovel,"L2F,0.296"
X-4863,ZNF384,171017.0,MutNovel,"QQ514Q,0.510"
X-4863,ZNF492,57615.0,MutNovel,"A40T,0.583"
X-4863,ZNF492,57615.0,MutNovel,"R51H,0.429"
X-4863,ZNF492,57615.0,MutNovel,"K59I,0.500"
X-4863,ZNF492,57615.0,Amp5,6.41
X-4863,ZNF572,137209.0,MutNovel,"E4K,0.250"
X-4863,ZNF674,641339.0,MutNovel,"G61E,1.000"
X-4863,ZNF675,171392.0,Amp5,6.41
X-4863,ZNF681,148213.0,Amp5,6.41
X-4863,ZNF703,80139.0,Amp8,12.38
X-4863,ZNF704,619279.0,Amp5,7.73
X-4863,ZNF721,170960.0,Amp5,6.73
X-4863,ZNF724P,440519.0,Amp5,6.41
X-4863,ZNF726,730087.0,Amp5,6.41
X-4863,ZNF729,100287226.0,Amp8,9.32
X-4863,ZNF732,654254.0,Amp5,6.73
X-4863,ZNF876P,642280.0,Amp5,6.73
X-4863,ZNF91,7644.0,Amp5,6.41
X-4863,ZNF98,148198.0,Amp8,9.32
X-4863,ZNF99,7652.0,Amp5,6.41
X-4863,ZRSR2,8233.0,MutNovel,"-439SR,0.821"
X-4863,ZSCAN20,7579.0,MutNovel,"A424P,0.444"
X-4863,ZZEF1,23140.0,MutKnownFunctional,"-1648,0.455"
X-4886,ABCC1,4363.0,MutNovel,"R1058Q,0.233"
X-4886,ACAD10,80724.0,MutNovel,"W810R,0.597"
X-4886,ACOT2,10965.0,MutNovel,"W36R,0.665"
X-4886,ACY1,95.0,MutNovel,"E299K,0.677"
X-4886,ADAMTS7,11173.0,MutNovel,"S1324L,0.286"
X-4886,ADAMTS7,11173.0,MutNovel,"G1288R,0.300"
X-4886,ADAMTSL3,57188.0,MutNovel,"E741K,0.703"
X-4886,AGRN,375790.0,MutNovel,"P1834L,0.650"
X-4886,AHCTF1,25909.0,MutNovel,"ED1497D,0.432"
X-4886,ALG10B,144245.0,MutNovel,"N189S,0.280"
X-4886,ALOX12B,242.0,MutNovel,"P522L,1.000"
X-4886,AMOTL1,154810.0,MutNovel,"R789H,1.000"
X-4886,ANKRD36,375248.0,MutNovel,"IL214I,0.600"
X-4886,APOBR,55911.0,MutNovel,"A858V,1.000"
X-4886,ARHGAP29,9411.0,MutNovel,"V418I,0.522"
X-4886,ARHGAP31,57514.0,MutNovel,"R199Q,0.732"
X-4886,ARID5B,84159.0,MutNovel,"Y500C,0.570"
X-4886,ARIH1,25820.0,MutNovel,"E28D,0.212"
X-4886,ARMC4,55130.0,MutNovel,"R753W,0.645"
X-4886,ARNT,405.0,MutNovel,"P592L,0.280"
X-4886,ART5,116969.0,MutNovel,"-25P,1.000"
X-4886,ASAP3,55616.0,MutNovel,"E155K,0.234"
X-4886,ASB15,142685.0,MutNovel,"R528H,0.600"
X-4886,ASTN2,23245.0,MutNovel,"T1083I,0.803"
X-4886,ATP10A,57194.0,MutNovel,"M952V,0.571"
X-4886,ATXN1,6310.0,MutNovel,"Q215H,0.800"
X-4886,B4GALNT4,338707.0,MutNovel,"A99T,0.430"
X-4886,B4GALT5,9334.0,MutNovel,"R161Q,0.303"
X-4886,BIN1,274.0,MutNovel,"P431L,0.600"
X-4886,BIRC7,79444.0,MutNovel,"R33C,0.889"
X-4886,BOLA3,388962.0,MutNovel,"E94D,0.753"
X-4886,BPHL,670.0,MutNovel,"R249W,0.771"
X-4886,C10orf71,118461.0,MutNovel,"K1306T,0.429"
X-4886,C14orf1,11161.0,MutNovel,"S117C,0.345"
X-4886,C19orf54,284325.0,MutNovel,"D175N,0.286"
X-4886,C19orf68,,MutNovel,"A430S,0.515"
X-4886,C1orf172,126695.0,MutNovel,"E214K,0.640"
X-4886,C2orf16,84226.0,MutNovel,"W1385L,0.300"
X-4886,C6orf223,221416.0,MutNovel,"AA124-,0.455"
X-4886,C9orf40,55071.0,MutNovel,"G114V,0.306"
X-4886,C9orf9,11092.0,MutNovel,"V104I,0.556"
X-4886,CACNA1B,774.0,MutNovel,"P836L,0.250"
X-4886,CARD9,64170.0,MutNovel,"V491A,0.886"
X-4886,CASKIN1,57524.0,MutNovel,"C156Y,0.842"
X-4886,CCDC50,152137.0,MutNovel,"D295Y,0.282"
X-4886,CCDC66,285331.0,MutNovel,"S606SP,0.946"
X-4886,CCT5,22948.0,MutNovel,"S428C,0.331"
X-4886,CCZ1B,221960.0,MutNovel,"T178M,0.559"
X-4886,CD164,8763.0,MutNovel,"R177S,0.741"
X-4886,CD34,947.0,MutNovel,"A367S,0.678"
X-4886,CDH10,1008.0,MutNovel,"D494N,0.375"
X-4886,CDT1,81620.0,MutNovel,"T152P,0.342"
X-4886,CEP72,55722.0,MutNovel,"E444K,0.320"
X-4886,CLCNKA,1187.0,MutNovel,"T577D,0.357"
X-4886,CLTCL1,8218.0,MutNovel,"R811Q,1.000"
X-4886,CNTNAP3B,728577.0,MutNovel,"G1163D,0.600"
X-4886,COG8,84342.0,MutNovel,"T575I,0.386"
X-4886,COL27A1,85301.0,MutNovel,"P430L,0.625"
X-4886,COL7A1,1294.0,MutNovel,"S1373L,0.667"
X-4886,CPEB2,132864.0,MutNovel,"M591I,1.000"
X-4886,CROCC,9696.0,MutNovel,"R1595C,0.643"
X-4886,CRYGD,1421.0,MutKnownFunctional,"Y56*,1.000"
X-4886,CRYGD,1421.0,MutNovel,"A36V,1.000"
X-4886,CTAG2,30848.0,MutNovel,"R57G,1.000"
X-4886,CTSA,5476.0,MutNovel,"L29-,0.285"
X-4886,CUL7,9820.0,MutNovel,"I1223T,0.760"
X-4886,CUZD1,50624.0,MutNovel,"V246M,1.000"
X-4886,DGCR8,54487.0,MutNovel,"P96L,1.000"
X-4886,DLX6,1750.0,MutNovel,"H86-,0.207"
X-4886,DMTF1,9988.0,MutNovel,"P417R,0.484"
X-4886,DNAH11,8701.0,MutNovel,"I3921V,1.000"
X-4886,DNAH3,55567.0,MutNovel,"A1613S,0.833"
X-4886,DPP4,1803.0,MutNovel,"D488G,0.333"
X-4886,DRP2,1821.0,MutNovel,"R94H,1.000"
X-4886,DSG2,1829.0,MutNovel,"R824C,0.653"
X-4886,DTYMK,1841.0,MutNovel,"H35Y,0.301"
X-4886,DUSP15,128853.0,MutKnownFunctional,"-197,0.227"
X-4886,ECHDC3,79746.0,MutNovel,"M74V,0.352"
X-4886,EEA1,8411.0,MutNovel,"Q902H,0.366"
X-4886,EFCAB13,,MutNovel,"T551A,1.000"
X-4886,EFHA2,286097.0,MutNovel,"L355F,1.000"
X-4886,EIF2AK4,440275.0,MutNovel,"T65S,0.530"
X-4886,EML4,27436.0,MutNovel,"G440D,0.539"
X-4886,ENPP1,5167.0,MutNovel,"T779P,0.712"
X-4886,EP400,57634.0,MutNovel,"Q2743H,0.717"
X-4886,EPB41,2035.0,MutNovel,"R700Q,0.351"
X-4886,EPS15,2060.0,MutNovel,"N845S,0.665"
X-4886,ERBB4,2066.0,MutNovel,"N601D,1.000"
X-4886,ERI1,90459.0,MutNovel,"S246N,0.988"
X-4886,EXOSC6,118460.0,MutNovel,"R7G,0.466"
X-4886,EXT2,2132.0,MutNovel,"A235V,0.466"
X-4886,EXTL2,2135.0,MutNovel,"M277V,0.427"
X-4886,FAM120B,84498.0,MutNovel,"T393R,0.582"
X-4886,FAM126A,84668.0,MutNovel,"G391R,0.263"
X-4886,FAM171B,165215.0,MutNovel,"-50Q,0.439"
X-4886,FAM65A,79567.0,MutNovel,"V46I,0.484"
X-4886,FAM73A,374986.0,MutKnownFunctional,"Q27*,0.325"
X-4886,FAT1,2195.0,MutNovel,"L145F,0.450"
X-4886,FCHSD1,89848.0,MutNovel,"D682A,1.000"
X-4886,FLG,2312.0,MutNovel,"Q3520P,1.000"
X-4886,FOXN4,121643.0,MutNovel,"T232M,0.338"
X-4886,FTO,79068.0,MutNovel,"L464S,0.455"
X-4886,FUT3,2525.0,MutNovel,"R240Q,1.000"
X-4886,GALNT12,79695.0,MutNovel,"G46R,0.375"
X-4886,GDF1,2657.0,MutNovel,"A157GP,0.484"
X-4886,GDF11,10220.0,MutNovel,"E310K,0.359"
X-4886,GGT2,,MutNovel,"L460P,1.000"
X-4886,GJD2,57369.0,MutNovel,"Q155R,0.778"
X-4886,GOLGA8B,440270.0,MutNovel,"R455C,0.312"
X-4886,GOLGA8H,,MutNovel,"G60D,0.318"
X-4886,GORASP1,64689.0,MutNovel,"S322G,0.716"
X-4886,GPR125,166647.0,MutNovel,"Y934C,1.000"
X-4886,GPRC5B,51704.0,MutNovel,"D50N,0.338"
X-4886,GRB14,2888.0,MutKnownFunctional,"-297?,0.300"
X-4886,GTF2IRD2B,389524.0,MutNovel,"E479K,0.407"
X-4886,HBS1L,10767.0,MutNovel,"G144E,0.577"
X-4886,HEATR7A,727957.0,MutNovel,"A430V,0.684"
X-4886,HERC2,8924.0,MutNovel,"S3492P,0.534"
X-4886,HGC6.3,100128124.0,MutNovel,"P108Q,0.314"
X-4886,HGC6.3,100128124.0,MutNovel,"Q52P,0.208"
X-4886,HOXD8,3234.0,MutNovel,"P220S,0.452"
X-4886,HR,55806.0,MutNovel,"E932K,1.000"
X-4886,HRNR,388697.0,MutNovel,"C804S,1.000"
X-4886,HRNR,388697.0,MutKnownFunctional,"-1,0.786"
X-4886,HS1BP3,64342.0,MutNovel,"A123G,0.367"
X-4886,HSPA6,3310.0,MutNovel,"R418S,0.450"
X-4886,HSPG2,3339.0,MutNovel,"A559G,0.325"
X-4886,HTRA1,5654.0,MutNovel,"A20V,0.577"
X-4886,IARS,3376.0,MutNovel,"V208A,0.705"
X-4886,IDS,3423.0,MutNovel,"T33S,1.000"
X-4886,IFT140,9742.0,MutNovel,"R816W,0.645"
X-4886,IGFN1,91156.0,MutNovel,"R2027W,0.316"
X-4886,IGFN1,91156.0,MutNovel,"R3570S,0.633"
X-4886,IL16,3603.0,MutNovel,"E901K,1.000"
X-4886,IL17RC,84818.0,MutNovel,"S56N,0.625"
X-4886,IL4R,3566.0,MutNovel,"L513M,1.000"
X-4886,ILDR1,286676.0,MutNovel,"P255L,0.700"
X-4886,IRAK1BP1,134728.0,MutNovel,"I246M,0.612"
X-4886,IRX1,79192.0,MutNovel,"V430L,0.643"
X-4886,ISM1,140862.0,MutNovel,"Q126E,0.607"
X-4886,JARID2,3720.0,MutNovel,"V88M,0.261"
X-4886,KIAA1210,57481.0,MutNovel,"T266I,1.000"
X-4886,KIAA1731,85459.0,MutNovel,"I1141T,1.000"
X-4886,KIF1A,547.0,MutNovel,"R1005C,0.699"
X-4886,KLC2,64837.0,MutNovel,"A457T,1.000"
X-4886,L3MBTL3,84456.0,MutNovel,"P92S,0.441"
X-4886,LAMA3,3909.0,MutNovel,"R220H,0.282"
X-4886,LAMB1,3912.0,MutNovel,"R1376C,0.564"
X-4886,LOC100130451,100130451.0,MutKnownFunctional,"R131*,0.600"
X-4886,LOC100996439,,MutNovel,"L498P,1.000"
X-4886,LOC642441,,MutNovel,"L209S,0.667"
X-4886,LOC642778,,MutNovel,"R140K,1.000"
X-4886,LOC653125,,MutNovel,"A384T,1.000"
X-4886,LOXHD1,125336.0,MutNovel,"E1553K,0.600"
X-4886,LRFN3,79414.0,MutNovel,"R96C,0.253"
X-4886,LRIG3,121227.0,MutNovel,"A24T,0.669"
X-4886,LTBP1,4052.0,MutNovel,"-100P,0.239"
X-4886,LTBP2,4053.0,MutNovel,"Q1433R,0.401"
X-4886,LTC4S,4056.0,MutNovel,"Y97S,1.000"
X-4886,MACROD2,140733.0,MutNovel,"D328Y,0.491"
X-4886,MAGEF1,64110.0,MutNovel,"P11Q,0.750"
X-4886,MAGI1,9223.0,MutNovel,"Q421HR,0.444"
X-4886,MAMDC4,158056.0,MutNovel,"Y53N,0.667"
X-4886,MAP3K4,4216.0,MutNovel,"PA1189P,0.587"
X-4886,MAPK15,225689.0,MutNovel,"L424P,0.262"
X-4886,MAPK9,5601.0,MutNovel,"S12G,1.000"
X-4886,MATN2,4147.0,MutNovel,"R263T,0.500"
X-4886,MCF2,4168.0,MutNovel,"R91H,1.000"
X-4886,MCF2L,23263.0,MutNovel,"V503M,1.000"
X-4886,MCM2,4171.0,MutNovel,"R18P,0.746"
X-4886,MCM8,84515.0,MutNovel,"I670V,0.519"
X-4886,MED26,9441.0,MutNovel,"P302L,1.000"
X-4886,MESP2,145873.0,MutNovel,"G187R,0.667"
X-4886,MET,4233.0,MutNovel,"A1381T,0.476"
X-4886,MEX3D,399664.0,MutNovel,"T346P,1.000"
X-4886,MIB2,142678.0,MutNovel,"D454N,0.427"
X-4886,MOB3B,79817.0,MutNovel,"I3M,0.412"
X-4886,MPRIP,23164.0,MutNovel,"TS178T,0.518"
X-4886,MRPL32,64983.0,MutNovel,"A135T,0.606"
X-4886,MSTN,2660.0,MutNovel,"L156I,0.853"
X-4886,MTF1,4520.0,MutNovel,"T356R,0.305"
X-4886,MUC2,4583.0,MutNovel,"S1013N,0.615"
X-4886,MUC2,4583.0,MutNovel,"T1563S,1.000"
X-4886,MYO10,4651.0,MutNovel,"R959Q,0.438"
X-4886,MYO5B,4645.0,MutNovel,"R776Q,0.483"
X-4886,MZF1,7593.0,MutNovel,"S256Y,0.654"
X-4886,NBPF10,100132406.0,MutNovel,"V841F,0.833"
X-4886,NBPF16,728936.0,MutNovel,"K571M,1.000"
X-4886,NCOR2,9612.0,MutNovel,"G1839GAAA,0.538"
X-4886,NDUFS4,4724.0,MutNovel,"T94I,0.998"
X-4886,NELL2,4753.0,MutNovel,"V175I,0.669"
X-4886,NLRP2,55655.0,MutNovel,"L760M,0.321"
X-4886,NOL9,79707.0,MutNovel,"I420V,0.357"
X-4886,NUDT11,55190.0,MutKnownFunctional,"-1,0.485"
X-4886,NUP210,23225.0,MutNovel,"M1096I,0.729"
X-4886,NUP98,4928.0,MutNovel,"S398G,0.544"
X-4886,OBSCN,84033.0,MutNovel,"R5016Q,0.586"
X-4886,OGDHL,55753.0,MutNovel,"A795T,0.411"
X-4886,ORAI1,84876.0,MutNovel,"PP43-,0.714"
X-4886,PARP1,142.0,MutNovel,"V762A,0.310"
X-4886,PCDHA12,56137.0,MutNovel,"S246G,1.000"
X-4886,PCDHB13,56123.0,MutNovel,"V163I,0.211"
X-4886,PCDHB8,56128.0,MutNovel,"D685N,0.388"
X-4886,PDCD11,22984.0,MutNovel,"L607F,0.468"
X-4886,PDF,64146.0,MutNovel,"R3Q,0.407"
X-4886,PDSS2,57107.0,MutNovel,"F398L,0.267"
X-4886,PEX1,5189.0,MutNovel,"D681G,0.416"
X-4886,PHLDA1,22822.0,MutNovel,"QQ194Q,0.519"
X-4886,PIK3C2A,5286.0,MutNovel,"L1150S,0.611"
X-4886,PIK3CD,5293.0,MutNovel,"R87Q,0.444"
X-4886,PILRB,29990.0,MutNovel,"L147V,0.364"
X-4886,PLD2,5338.0,MutKnownFunctional,"R471*,1.000"
X-4886,PLEC,5339.0,MutNovel,"R1670W,0.367"
X-4886,PLEKHM3,389072.0,MutNovel,"D198N,0.551"
X-4886,PLXNA4,91584.0,MutNovel,"E543Q,0.385"
X-4886,PNPLA2,57104.0,MutKnownFunctional,"-451,0.483"
X-4886,POFUT1,23509.0,MutNovel,"M251V,0.908"
X-4886,POLD1,5424.0,MutNovel,"D644E,0.291"
X-4886,PPM1D,8493.0,MutNovel,"P88S,1.000"
X-4886,PPP2R3B,28227.0,MutNovel,"Q705R,1.000"
X-4886,PRC1,9055.0,MutNovel,"V107L,0.768"
X-4886,PRIC285,85441.0,MutNovel,"R1796Q,0.636"
X-4886,PRPF40A,55660.0,MutNovel,"D106E,0.660"
X-4886,PRR19,284338.0,MutNovel,"R37C,0.657"
X-4886,PRRC2B,84726.0,MutNovel,"K1194N,0.303"
X-4886,PSTK,118672.0,MutNovel,"N213T,0.553"
X-4886,QRICH2,84074.0,MutNovel,"K1325E,1.000"
X-4886,QRICH2,84074.0,MutNovel,"Q607P,0.300"
X-4886,QRICH2,84074.0,MutNovel,"H603R,0.300"
X-4886,RAB36,9609.0,MutNovel,"V35E,1.000"
X-4886,RABL2A,11159.0,MutKnownFunctional,"-77,0.217"
X-4886,RANBP9,10048.0,MutNovel,"-11R,0.322"
X-4886,RAPGEF3,10411.0,MutNovel,"K395E,0.750"
X-4886,RAPSN,5913.0,MutNovel,"G47D,0.547"
X-4886,RBM34,23029.0,MutNovel,"G5A,0.723"
X-4886,RGS10,6001.0,MutNovel,"D22N,0.442"
X-4886,RIN3,79890.0,MutNovel,"G967-,0.565"
X-4886,RNF128,79589.0,MutNovel,"R312K,1.000"
X-4886,RNF144B,255488.0,MutNovel,"P26S,0.619"
X-4886,RNF43,54894.0,MutNovel,"R519Q,1.000"
X-4886,RNF6,6049.0,MutNovel,"S438N,1.000"
X-4886,RNMT,8731.0,MutNovel,"E142-,0.270"
X-4886,RPS24,6229.0,MutNovel,"S285P,0.444"
X-4886,RREB1,6239.0,MutNovel,"P817R,0.737"
X-4886,SAMD9,54809.0,MutNovel,"S502R,0.535"
X-4886,SCFD1,23256.0,MutNovel,"T8I,0.354"
X-4886,SCMH1,22955.0,MutNovel,"S555P,0.359"
X-4886,SCRN3,79634.0,MutNovel,"K421I,0.533"
X-4886,SDHA,6389.0,MutNovel,"Y55H,0.587"
X-4886,SEC62,7095.0,MutNovel,"H396Q,0.749"
X-4886,SEMA6B,10501.0,MutNovel,"P4Q,1.000"
X-4886,SERINC2,347735.0,MutNovel,"-373Q,0.542"
X-4886,SETBP1,26040.0,MutNovel,"W222S,0.424"
X-4886,SH2D6,284948.0,MutNovel,"G129R,0.500"
X-4886,SIPA1,6494.0,MutNovel,"F445S,0.449"
X-4886,SLC12A2,6558.0,MutNovel,"AAAAAAAA96-,0.625"
X-4886,SLIT1,6585.0,MutNovel,"R1460W,0.450"
X-4886,SLK,9748.0,MutNovel,"Q670R,0.495"
X-4886,SMAD6,4091.0,MutNovel,"C121Y,0.662"
X-4886,SMG9,56006.0,MutNovel,"P126L,0.853"
X-4886,SPAG17,200162.0,MutNovel,"N1613D,1.000"
X-4886,SPIRE2,84501.0,MutNovel,"A14T,0.630"
X-4886,SSC5D,284297.0,MutNovel,"S656R,0.444"
X-4886,STK11IP,114790.0,MutNovel,"R439C,0.818"
X-4886,SUSD1,64420.0,MutNovel,"D34Y,0.667"
X-4886,SYNE2,23224.0,MutNovel,"E1589A,0.527"
X-4886,SYNGR2,9144.0,MutNovel,"L21V,1.000"
X-4886,SYNJ2,8871.0,MutNovel,"E403D,0.638"
X-4886,TARBP1,6894.0,MutNovel,"R225C,0.333"
X-4886,TAS1R3,83756.0,MutNovel,"D445N,0.237"
X-4886,TAS2R42,353164.0,MutNovel,"M129T,1.000"
X-4886,TBL3,10607.0,MutNovel,"N594-,0.594"
X-4886,TBP,6908.0,MutNovel,"-64Q,0.292"
X-4886,TCEAL6,158931.0,MutKnownFunctional,"-175?,0.833"
X-4886,TCF25,22980.0,MutNovel,"D73H,0.628"
X-4886,TDRD3,81550.0,MutNovel,"S305L,1.000"
X-4886,THSD7B,80731.0,MutNovel,"R1255Q,1.000"
X-4886,TJP3,27134.0,MutNovel,"R154C,0.667"
X-4886,TMC5,79838.0,MutNovel,"I404V,0.600"
X-4886,TMEM17,200728.0,MutNovel,"P55L,0.562"
X-4886,TMEM232,642987.0,MutNovel,"M3T,1.000"
X-4886,TMEM8B,51754.0,MutNovel,"L388F,0.679"
X-4886,TNFRSF1A,7132.0,MutNovel,"T90I,0.635"
X-4886,TNK2,10188.0,MutNovel,"G274R,0.226"
X-4886,TNKS1BP1,85456.0,MutNovel,"V1521M,0.993"
X-4886,TP53,7157.0,MutKnownFunctional,"-342,0.966"
X-4886,TPRN,286262.0,MutNovel,"A77T,0.833"
X-4886,TRAF7,84231.0,MutNovel,"R29G,0.678"
X-4886,TRIB3,57761.0,MutNovel,"L247P,0.500"
X-4886,TRMT11,60487.0,MutNovel,"V213M,0.586"
X-4886,TSPYL1,7259.0,MutNovel,"V176VW,0.831"
X-4886,TSPYL1,7259.0,MutNovel,"V125F,0.218"
X-4886,TTN,7273.0,MutNovel,"T30836P,0.278"
X-4886,TTN,7273.0,MutNovel,"W21804R,1.000"
X-4886,TYW1B,441250.0,MutNovel,"P612S,0.625"
X-4886,UBXN11,91544.0,MutNovel,"C512G,0.267"
X-4886,ULK1,8408.0,MutNovel,"R36L,0.682"
X-4886,UPF3A,65110.0,MutNovel,"A66S,1.000"
X-4886,USH1C,10083.0,MutNovel,"R155P,0.847"
X-4886,USP4,7375.0,MutNovel,"S250T,0.862"
X-4886,VIL1,7429.0,MutNovel,"T2S,0.733"
X-4886,VPS11,55823.0,MutNovel,"E904K,1.000"
X-4886,VPS13C,54832.0,MutNovel,"R1156H,0.529"
X-4886,VPS13D,55187.0,MutNovel,"K1646R,0.270"
X-4886,VWDE,221806.0,MutNovel,"S1141A,0.368"
X-4886,WDR59,79726.0,MutNovel,"R839Q,0.521"
X-4886,WDR76,79968.0,MutNovel,"S614G,0.516"
X-4886,WDR81,124997.0,MutNovel,"E204K,1.000"
X-4886,YES1,7525.0,MutNovel,"F359L,0.533"
X-4886,ZC3H7A,29066.0,MutNovel,"R40L,0.375"
X-4886,ZCCHC6,79670.0,MutNovel,"K1479T,0.449"
X-4886,ZDHHC11,79844.0,MutNovel,"A303D,0.247"
X-4886,ZFPM1,161882.0,MutNovel,"P906S,0.364"
X-4886,ZNF169,169841.0,MutNovel,"A100T,0.905"
X-4886,ZNF235,9310.0,MutKnownFunctional,"-342,0.423"
X-4886,ZNF415,55786.0,MutKnownFunctional,"-52,0.259"
X-4886,ZNF474,133923.0,MutKnownFunctional,"-317,0.941"
X-4886,ZNF486,90649.0,MutNovel,"H424Y,1.000"
X-4886,ZNF493,284443.0,MutKnownFunctional,"-483,0.889"
X-4886,ZNF580,51157.0,MutNovel,"P23L,0.472"
X-4886,ZNF703,80139.0,MutNovel,"T178A,0.801"
X-4886,ZNF717,100131827.0,MutNovel,"C740G,1.000"
X-4886,ZNF772,400720.0,MutNovel,"A4GP,0.760"
X-4886,ZXDA,7789.0,MutNovel,"R544H,1.000"
X-4886,ZYG11A,440590.0,MutNovel,"R184H,0.308"
X-5018,ACADSB,36.0,MutNovel,"T382S,1.000"
X-5018,ACADVL,37.0,MutNovel,"I207M,1.000"
X-5018,ADCK5,203054.0,Amp5,5.13
X-5018,ADCY8,114.0,Amp5,5.21
X-5018,AGAP4,119016.0,MutNovel,"T291A,0.562"
X-5018,AGAP6,414189.0,MutNovel,"R249H,0.429"
X-5018,AGAP8,728404.0,MutNovel,"R70Q,0.500"
X-5018,AHNAK2,113146.0,MutNovel,"L5645F,0.488"
X-5018,AHNAK2,113146.0,MutNovel,"L1032V,0.500"
X-5018,AHNAK2,113146.0,MutNovel,"R814Q,0.462"
X-5018,ALG1L2,644974.0,MutNovel,"H182R,0.273"
X-5018,AMELY,266.0,Del0.8,0.23
X-5018,ANGEL1,23357.0,MutNovel,"N274S,0.632"
X-5018,ANGPTL3,27329.0,MutNovel,"I365F,1.000"
X-5018,ANKRD65,441869.0,MutNovel,"G200V,0.933"
X-5018,ANKS1B,56899.0,MutNovel,"M913T,0.308"
X-5018,ARC,23237.0,Amp5,5.06
X-5018,ARHGAP39,80728.0,Amp5,5.13
X-5018,ARHGEF33,100271715.0,MutNovel,"V591L,0.250"
X-5018,ARHGEF5,7984.0,MutNovel,"P815A,0.211"
X-5018,ARID4B,51742.0,MutNovel,"EE548E,0.375"
X-5018,ASAP1,50807.0,Amp5,5.21
X-5018,ASAP1-IT1,29065.0,Amp5,5.21
X-5018,ASPN,54829.0,MutNovel,"R326K,0.750"
X-5018,ASPN,54829.0,MutNovel,"S321Y,0.750"
X-5018,ATAD2,29028.0,Amp5,5.35
X-5018,ATM,472.0,MutKnownFunctional,"-2211,0.525"
X-5018,ATP13A3,79572.0,MutNovel,"D157V,0.704"
X-5018,BAG3,9531.0,MutNovel,"V246L,1.000"
X-5018,BAI1,575.0,Amp5,5.06
X-5018,BCL3,602.0,MutNovel,"A22T,0.417"
X-5018,BCL7A,605.0,MutNovel,"H142D,0.500"
X-5018,BCORP1,286554.0,Del0.8,0.22
X-5018,BOP1,23246.0,Amp5,5.13
X-5018,BPTF,2186.0,MutNovel,"F194V,0.224"
X-5018,BPTF,2186.0,MutNovel,"S198G,0.313"
X-5018,BPY2B,442867.0,Del0.8,0.07
X-5018,BPY2B,442867.0,Del0.8,0.1
X-5018,BRD4,23476.0,MutNovel,"A276T,0.305"
X-5018,BREA2,286076.0,Amp5,5.13
X-5018,BTBD7,55727.0,MutNovel,"V280L,0.593"
X-5018,C11orf96,387763.0,MutNovel,"Q103P,1.000"
X-5018,C14orf101,54916.0,MutNovel,"L151I,0.231"
X-5018,C17orf97,400566.0,MutNovel,"K310E,0.273"
X-5018,C1orf27,54953.0,MutNovel,"V256M,0.597"
X-5018,C20orf26,26074.0,MutNovel,"N836S,0.667"
X-5018,C21orf58,54058.0,MutNovel,"H299PN,0.500"
X-5018,C4A,720.0,MutNovel,"S347Y,1.000"
X-5018,C8orf31,286122.0,Amp5,5.06
X-5018,C8orf33,65265.0,Amp5,5.13
X-5018,C8orf73,642475.0,Amp5,5.13
X-5018,C8orf76,84933.0,Amp5,5.35
X-5018,C8orf82,414919.0,Amp5,5.13
X-5018,C9orf142,286257.0,MutNovel,"T73I,1.000"
X-5018,CAPN12,147968.0,MutNovel,"P305S,0.480"
X-5018,CCDC136,64753.0,MutNovel,"Y762H,0.625"
X-5018,CCDC144B,284047.0,Del0.8,0.77
X-5018,CCDC166,100130274.0,Amp5,5.13
X-5018,CCDC17,149483.0,MutNovel,"I557V,0.303"
X-5018,CD34,947.0,MutNovel,"N356T,0.500"
X-5018,CD34,947.0,MutNovel,"S354N,0.480"
X-5018,CD34,947.0,MutNovel,"A349T,0.577"
X-5018,CD34,947.0,MutNovel,"T345A,0.591"
X-5018,CD34,947.0,MutNovel,"N333S,0.533"
X-5018,CDC45,8318.0,MutNovel,"S183C,0.500"
X-5018,CDKN3,1033.0,MutNovel,"C129Y,0.691"
X-5018,CDY1B,253175.0,Del0.8,0.12
X-5018,CDY1B,253175.0,Del0.8,0.14
X-5018,CDY2A,9426.0,Del0.8,0.13
X-5018,CDY2A,9426.0,Del0.8,0.13
X-5018,CDY2B,203611.0,Del0.8,0.13
X-5018,CDY2B,203611.0,Del0.8,0.13
X-5018,CELSR2,1952.0,MutNovel,"R473L,0.475"
X-5018,CHEK2P2,646096.0,Del0.8,0.55
X-5018,CHRAC1,54108.0,Amp5,5.1
X-5018,CHRFAM7A,89832.0,Del0.8,0.49
X-5018,CHRNA7,1139.0,Del0.8,0.67
X-5018,CLEC18C,283971.0,MutNovel,"A174V,1.000"
X-5018,CMPK1,51727.0,MutNovel,"E107K,0.506"
X-5018,CNTNAP2,26047.0,Del0.8,0.8
X-5018,COG8,84342.0,MutNovel,"G305D,0.466"
X-5018,COL13A1,1305.0,MutNovel,"Q693R,0.581"
X-5018,COL14A1,7373.0,Amp5,5.35
X-5018,COL22A1,169044.0,Amp5,5.1
X-5018,COL3A1,1281.0,MutNovel,"I256V,0.500"
X-5018,COL3A1,1281.0,MutNovel,"L283R,0.438"
X-5018,COL3A1,1281.0,MutNovel,"A784F,0.857"
X-5018,COL3A1,1281.0,MutNovel,"T803H,0.609"
X-5018,COL3A1,1281.0,MutNovel,"G822R,0.235"
X-5018,COL3A1,1281.0,MutNovel,"L1021Q,0.286"
X-5018,COL3A1,1281.0,MutNovel,"A1058S,0.400"
X-5018,COLEC10,10584.0,Amp5,5.35
X-5018,COMMD5,28991.0,Amp5,5.13
X-5018,COMMD6,170622.0,Del0.8,0.71
X-5018,CPSF1,29894.0,Amp5,5.13
X-5018,CRYGD,1421.0,MutNovel,"M44V,1.000"
X-5018,CSF1R,1436.0,MutNovel,"I810V,1.000"
X-5018,CSF1R,1436.0,MutNovel,"G798V,1.000"
X-5018,CSMD3,114788.0,Amp5,5.7
X-5018,CSNK2A1P,283106.0,MutNovel,"G256D,0.500"
X-5018,CSPG4P1Y,114758.0,Del0.8,0.26
X-5018,CSPG4P1Y,114758.0,Del0.8,0.14
X-5018,CTSA,5476.0,MutNovel,"L29-,0.378"
X-5018,CUL7,9820.0,MutNovel,"N1493I,0.441"
X-5018,CXADRP2,646243.0,Del0.8,0.56
X-5018,CXCL14,9547.0,MutNovel,"V75M,1.000"
X-5018,CXCL14,9547.0,MutNovel,"I70V,1.000"
X-5018,CXorf30,645090.0,MutNovel,"F371Y,0.842"
X-5018,CYC1,1537.0,Amp5,5.13
X-5018,CYHR1,50626.0,Amp5,5.13
X-5018,CYP11A1,1583.0,MutNovel,"A108G,0.579"
X-5018,CYP11B1,1584.0,Amp5,5.06
X-5018,CYP11B2,1585.0,Amp5,5.06
X-5018,CYP2F1,1572.0,MutNovel,"H247N,0.630"
X-5018,DAZ1,1617.0,Del0.8,0.14
X-5018,DAZ2,57055.0,Del0.8,0.11
X-5018,DAZ3,57054.0,Del0.8,0.1
X-5018,DAZ3,57054.0,Del0.8,0.07
X-5018,DAZ4,57135.0,Del0.8,0.11
X-5018,DAZ4,57135.0,Del0.8,0.09
X-5018,DCP1A,55802.0,MutNovel,"SAI482I,1.000"
X-5018,DDX3Y,8653.0,Del0.8,0.23
X-5018,DEFB103A,414325.0,Del0.8,0.78
X-5018,DEFB104B,503618.0,Del0.8,0.78
X-5018,DEFB105B,504180.0,Del0.8,0.78
X-5018,DEFB106B,503841.0,Del0.8,0.78
X-5018,DEFB107A,245910.0,Del0.8,0.78
X-5018,DEFB126,81623.0,MutKnownFunctional,"-53,0.259"
X-5018,DEFB4B,100289462.0,Del0.8,0.78
X-5018,DENND3,22898.0,Amp5,5.1
X-5018,DENND4C,55667.0,MutNovel,"E1568K,0.475"
X-5018,DEPTOR,64798.0,Amp5,5.35
X-5018,DERL1,79139.0,Amp5,5.35
X-5018,DGAT1,8694.0,Amp5,5.13
X-5018,DGKK,139189.0,MutKnownFunctional,"-1020?,1.000"
X-5018,DGUOK,1716.0,MutNovel,"P71A,0.512"
X-5018,DHRSX,207063.0,MutNovel,"K689G,0.375"
X-5018,DHX29,54505.0,MutNovel,"L883W,0.568"
X-5018,DKFZP434L187,26082.0,Del0.8,0.71
X-5018,DNAJC4,3338.0,MutNovel,"P70S,0.460"
X-5018,DOCK2,1794.0,MutNovel,"S1331N,1.000"
X-5018,DOCK2,1794.0,MutNovel,"P1338T,1.000"
X-5018,DPP6,1804.0,Del0.8,0.8
X-5018,DSCC1,79075.0,Amp5,5.35
X-5018,EEF1D,1936.0,Amp5,5.13
X-5018,EFR3A,23167.0,Amp5,5.21
X-5018,EIF1AY,9086.0,Del0.8,0.22
X-5018,EIF2C2,27161.0,Amp5,5.1
X-5018,EIF3H,8667.0,Amp5,5.35
X-5018,ELP2,55250.0,MutNovel,"R184L,1.000"
X-5018,EME2,197342.0,MutKnownFunctional,"-54,1.000"
X-5018,ENPP2,5168.0,Amp5,5.35
X-5018,EP400,57634.0,MutNovel,"Q2727E,0.425"
X-5018,EPPK1,83481.0,MutNovel,"P976A,0.336"
X-5018,EPPK1,83481.0,Amp5,5.13
X-5018,ETAA1,54465.0,MutNovel,"S130N,0.505"
X-5018,ETV3L,440695.0,MutNovel,"P34R,1.000"
X-5018,EVI2A,2123.0,Del0.8,0.22
X-5018,EVI2B,2124.0,Del0.8,0.22
X-5018,EXOSC4,54512.0,Amp5,5.13
X-5018,EXT1,2131.0,Amp5,5.35
X-5018,EYA4,2070.0,Del0.8,0.38
X-5018,FAM106A,80039.0,Del0.8,0.56
X-5018,FAM124A,220108.0,MutNovel,"G381R,1.000"
X-5018,FAM135B,51059.0,Amp5,5.1
X-5018,FAM153A,285596.0,MutNovel,"V186G,0.926"
X-5018,FAM153B,202134.0,MutNovel,"L145F,0.857"
X-5018,FAM153B,202134.0,MutNovel,"V186G,0.833"
X-5018,FAM193B,54540.0,MutNovel,"A216S,0.512"
X-5018,FAM197Y2P,252946.0,Del0.8,0.23
X-5018,FAM203A,51236.0,Amp5,5.13
X-5018,FAM41AY1,340618.0,Del0.8,0.13
X-5018,FAM41AY1,340618.0,Del0.8,0.13
X-5018,FAM49B,51571.0,Amp5,5.21
X-5018,FAM53B,9679.0,Del0.8,0.62
X-5018,FAM72D,728833.0,MutNovel,"E145Q,0.474"
X-5018,FAM83A,84985.0,Amp5,5.35
X-5018,FAM83H,286077.0,Amp5,5.13
X-5018,FAM86B1,85002.0,Del0.8,0.72
X-5018,FASTKD2,22868.0,MutNovel,"D398V,0.529"
X-5018,FBN1,2200.0,MutNovel,"C94S,0.750"
X-5018,FBXL6,26233.0,Amp5,5.13
X-5018,FBXO25,26260.0,MutNovel,"F55L,1.000"
X-5018,FBXO25,26260.0,MutNovel,"R14P,1.000"
X-5018,FBXO25,26260.0,MutNovel,"R67K,0.500"
X-5018,FBXO25,26260.0,MutNovel,"R83H,1.000"
X-5018,FBXO25,26260.0,Del0.8,0.59
X-5018,FBXO32,114907.0,Amp5,5.35
X-5018,FERMT1,55612.0,MutNovel,"D581N,0.273"
X-5018,FLJ43860,389690.0,Amp5,5.1
X-5018,FOXH1,8928.0,Amp5,5.13
X-5018,FRAT2,23401.0,MutKnownFunctional,"Q180*,0.460"
X-5018,FREM1,158326.0,MutNovel,"D2117N,0.625"
X-5018,GBP4,115361.0,MutNovel,"P444L,0.425"
X-5018,GJC1,10052.0,MutNovel,"E270D,0.875"
X-5018,GLI4,2738.0,Amp5,5.13
X-5018,GML,2765.0,Amp5,5.06
X-5018,GOLGA2P2Y,84559.0,Del0.8,0.14
X-5018,GOLGA2P2Y,84559.0,Del0.8,0.26
X-5018,GOLGA6L10,647042.0,MutNovel,"C265R,1.000"
X-5018,GOLGA6L10,647042.0,MutNovel,"H216R,1.000"
X-5018,GOLGA6L3,,MutNovel,"C258R,1.000"
X-5018,GOLGA6L4,,MutNovel,"A58F,1.000"
X-5018,GOLGA6L4,,MutNovel,"K124Q,0.333"
X-5018,GOLGA6L9,440295.0,MutNovel,"K124Q,0.778"
X-5018,GOLGA6L9,440295.0,MutNovel,"V159M,0.778"
X-5018,GOLGA6L9,440295.0,MutNovel,"V377F,1.000"
X-5018,GOLGA6L9,440295.0,MutNovel,"V402L,0.667"
X-5018,GOLGA8B,440270.0,MutNovel,"R446G,1.000"
X-5018,GPAA1,8733.0,Amp5,5.13
X-5018,GPKOW,27238.0,MutNovel,"A276V,1.000"
X-5018,GPR179,440435.0,MutNovel,"V1610G,1.000"
X-5018,GPR20,2843.0,Amp5,5.1
X-5018,GPRIN1,114787.0,MutNovel,"C778Y,0.714"
X-5018,GPT,2875.0,Amp5,5.13
X-5018,GRINA,2907.0,Amp5,5.13
X-5018,GRK6,2870.0,MutNovel,"T73R,0.401"
X-5018,GSDMC,56169.0,Amp5,5.21
X-5018,GSDMD,79792.0,Amp5,5.13
X-5018,GSS,2937.0,MutNovel,"E43K,0.580"
X-5018,GYG2P1,352887.0,Del0.8,0.23
X-5018,HAS2,3037.0,Amp5,5.35
X-5018,HAS2-AS1,594842.0,Amp5,5.35
X-5018,HCAR3,8843.0,MutNovel,"R3W,0.526"
X-5018,HDAC11,79885.0,MutNovel,"R310H,0.528"
X-5018,HEATR5A,25938.0,MutNovel,"E770G,0.364"
X-5018,HEATR7A,727957.0,Amp5,5.13
X-5018,HERC2,8924.0,MutNovel,"A2439D,0.500"
X-5018,HERC2P3,283755.0,Del0.8,0.58
X-5018,HHIPL1,84439.0,MutNovel,"V725F,0.391"
X-5018,HHLA1,10086.0,Amp5,5.21
X-5018,HLA-DPB1,3115.0,MutNovel,"G113V,0.215"
X-5018,HLA-G,3135.0,MutNovel,"V255M,0.429"
X-5018,HNRNPCL1,343069.0,MutNovel,"E245D,1.000"
X-5018,HNRNPCL1,343069.0,MutNovel,"Q185K,1.000"
X-5018,HP,3240.0,Del0.8,0.69
X-5018,HPR,3250.0,Del0.8,0.69
X-5018,HPYR1,93668.0,Amp5,5.21
X-5018,HSF1,3297.0,Amp5,5.13
X-5018,HSFY2,159119.0,Del0.8,0.13
X-5018,HSFY2,159119.0,Del0.8,0.13
X-5018,HSPA1A,3303.0,MutNovel,"M122K,0.286"
X-5018,HYDIN,54768.0,MutNovel,"R1891H,0.350"
X-5018,IFIT1B,439996.0,MutNovel,"V104M,1.000"
X-5018,INF2,64423.0,MutNovel,"TPP420T,0.778"
X-5018,IPP,3652.0,MutNovel,"E556K,0.417"
X-5018,IRF8,3394.0,MutNovel,"L86P,1.000"
X-5018,ITGA6,3655.0,MutNovel,"V351L,0.351"
X-5018,ITGB5,3693.0,MutNovel,"T616M,0.480"
X-5018,JRK,8629.0,Amp5,5.06
X-5018,KANK2,25959.0,MutNovel,"Q571R,0.233"
X-5018,KCNK9,51305.0,Amp5,5.1
X-5018,KCNQ3,3786.0,Amp5,5.21
X-5018,KCP,375616.0,MutNovel,"P411R,0.611"
X-5018,KDM3B,51780.0,MutNovel,"A5T,0.706"
X-5018,KDM5D,8284.0,Del0.8,0.22
X-5018,KDR,3791.0,MutNovel,"Q1222H,1.000"
X-5018,KHDRBS3,10656.0,Amp5,5.1
X-5018,KIAA0020,9933.0,MutNovel,"T314N,0.541"
X-5018,KIAA1009,22832.0,MutNovel,"E379-,0.500"
X-5018,KIAA1875,340390.0,Amp5,5.13
X-5018,KIF20B,9585.0,MutNovel,"L1062LKV,0.379"
X-5018,KIFC2,90990.0,Amp5,5.13
X-5018,KRT10,3858.0,MutNovel,"GSSGGG507G,1.000"
X-5018,KRT6A,3853.0,MutNovel,"E165A,0.556"
X-5018,LAMA1,284217.0,MutNovel,"R2396Q,1.000"
X-5018,LAMA5,3911.0,MutNovel,"H2058R,0.753"
X-5018,LCN1,3933.0,MutNovel,"G99R,1.000"
X-5018,LCN1,3933.0,MutNovel,"A154V,1.000"
X-5018,LGALS9C,654346.0,Del0.8,0.25
X-5018,LIFR,3977.0,MutNovel,"V775G,0.525"
X-5018,LINC00051,619434.0,Amp5,5.06
X-5018,LIPE,3991.0,MutNovel,"G514S,0.560"
X-5018,LOC100128338,100128338.0,Amp5,5.13
X-5018,LOC100131726,100131726.0,Amp5,5.35
X-5018,LOC100133669,100133669.0,Amp5,5.06
X-5018,LOC100288181,100288181.0,Amp5,5.06
X-5018,LOC100507117,100507117.0,Amp5,5.21
X-5018,LOC100507369,,MutNovel,"Q100E,0.667"
X-5018,LOC100507489,100507489.0,Del0.8,0.47
X-5018,LOC100996274,,MutNovel,"E258K,0.667"
X-5018,LOC100996304,,MutNovel,"Q270R,0.571"
X-5018,LOC100996515,,MutNovel,"W74C,0.533"
X-5018,LOC100996515,,MutKnownFunctional,"R43*,0.667"
X-5018,LOC100996575,,MutKnownFunctional,"Q65*,0.213"
X-5018,LOC100996614,,MutNovel,"Q66R,0.429"
X-5018,LOC100996677,,MutNovel,"V221L,1.000"
X-5018,LOC286094,286094.0,Amp5,5.1
X-5018,LOC348120,348120.0,Del0.8,0.61
X-5018,LOC402160,402160.0,MutNovel,"R513H,0.545"
X-5018,LOC643669,643669.0,MutNovel,"R29K,0.438"
X-5018,LOC643699,,MutNovel,"R457W,1.000"
X-5018,LOC646214,646214.0,Del0.8,0.56
X-5018,LOC727924,727924.0,Del0.8,0.56
X-5018,LOC728724,728724.0,Amp5,5.21
X-5018,LOC731779,731779.0,Amp5,5.1
X-5018,LRRC14,9684.0,Amp5,5.13
X-5018,LRRC24,441381.0,Amp5,5.13
X-5018,LRRC6,23639.0,Amp5,5.21
X-5018,LSR,51599.0,MutNovel,"G518GR,0.521"
X-5018,LY6D,8581.0,Amp5,5.06
X-5018,LY6E,4061.0,Amp5,5.06
X-5018,LY6H,4062.0,Amp5,5.06
X-5018,LY6K,54742.0,Amp5,5.06
X-5018,LYNX1,66004.0,Amp5,5.06
X-5018,LYPD2,137797.0,Amp5,5.06
X-5018,MAF1,84232.0,Amp5,5.13
X-5018,MAFA,389692.0,Amp5,5.13
X-5018,MAGED4,,MutNovel,"A675T,1.000"
X-5018,MAL2,114569.0,Amp5,5.35
X-5018,MAML1,9794.0,MutNovel,"G136E,1.000"
X-5018,MAP3K4,4216.0,MutNovel,"PA1189P,1.000"
X-5018,MAPK15,225689.0,Amp5,5.13
X-5018,MCC,4163.0,MutNovel,"E313Q,1.000"
X-5018,MCM10,55388.0,MutNovel,"S468W,0.462"
X-5018,MED30,90390.0,Amp5,5.35
X-5018,MEIS3,56917.0,MutNovel,"A382G,1.000"
X-5018,MFSD3,113655.0,Amp5,5.13
X-5018,MICU1,10367.0,MutNovel,"S274C,0.500"
X-5018,MIDN,90007.0,MutNovel,"H36Y,1.000"
X-5018,MIR1234,100302196.0,Amp5,5.13
X-5018,MIR2053,100302225.0,Amp5,5.7
X-5018,MIR30B,407030.0,Amp5,5.1
X-5018,MIR30D,407033.0,Amp5,5.1
X-5018,MIR3610,100500914.0,Amp5,5.35
X-5018,MIR4472-1,100616268.0,Amp5,5.06
X-5018,MIR4663,100616260.0,Amp5,5.35
X-5018,MIR4664,100616318.0,Amp5,5.13
X-5018,MIR661,724031.0,Amp5,5.13
X-5018,MIR937,100126338.0,Amp5,5.13
X-5018,MIR939,100126351.0,Amp5,5.13
X-5018,MOAP1,64112.0,MutKnownFunctional,"W195*,0.376"
X-5018,MOB3A,126308.0,MutNovel,"E133K,1.000"
X-5018,MPHOSPH9,10198.0,MutNovel,"R560Q,0.560"
X-5018,MPRIP,23164.0,MutNovel,"TS178T,1.000"
X-5018,MRPL13,28998.0,Amp5,5.35
X-5018,MTBP,27085.0,Amp5,5.35
X-5018,MTCH1,23787.0,MutNovel,"A16V,0.516"
X-5018,MTRNR2L2,100462981.0,MutNovel,"S12L,1.000"
X-5018,MUC20,200958.0,MutNovel,"F12-,0.380"
X-5018,MUC21,394263.0,MutNovel,"D154E,0.333"
X-5018,MUC21,394263.0,MutNovel,"P293T,0.600"
X-5018,MUC21,394263.0,MutNovel,"N313D,0.667"
X-5018,MUC21,394263.0,MutNovel,"S403G,0.714"
X-5018,MUC4,4585.0,MutNovel,"P4050T,1.000"
X-5018,MUC4,4585.0,MutNovel,"A4025V,1.000"
X-5018,MUC4,4585.0,MutNovel,"P2594H,1.000"
X-5018,MXRA5,25878.0,MutNovel,"A2622V,1.000"
X-5018,NAA15,80155.0,Del0.8,0.76
X-5018,NAPRT1,93100.0,Amp5,5.13
X-5018,NBEAP1,606.0,Del0.8,0.38
X-5018,NBPF1,55672.0,MutNovel,"A450V,0.261"
X-5018,NBPF1,55672.0,MutNovel,"L394F,0.256"
X-5018,NBPF14,25832.0,MutNovel,"I861G,1.000"
X-5018,NBPF9,400818.0,MutNovel,"K599E,0.393"
X-5018,NCOA3,8202.0,MutNovel,"Q1255-,0.421"
X-5018,NCOR2,9612.0,MutNovel,"G1839GAAA,1.000"
X-5018,NCRNA00185,55410.0,Del0.8,0.22
X-5018,NDRG1,10397.0,Amp5,5.1
X-5018,NDUFC1,4717.0,Del0.8,0.75
X-5018,NEU1,4758.0,MutNovel,"A110T,0.480"
X-5018,NF1,4763.0,Del0.8,0.39
X-5018,NF1P2,440225.0,Del0.8,0.46
X-5018,NFAT5,10725.0,MutNovel,"Q735L,0.561"
X-5018,NID1,4811.0,MutNovel,"K647R,0.364"
X-5018,NID1,4811.0,MutNovel,"Q644K,0.364"
X-5018,NLGN4Y,22829.0,Del0.8,0.23
X-5018,NOV,4856.0,Amp5,5.35
X-5018,NPAS3,64067.0,MutNovel,"S619R,0.516"
X-5018,NPIPL2,,MutNovel,"G14E,0.500"
X-5018,NRBP2,340371.0,Amp5,5.13
X-5018,NSMAF,8439.0,MutNovel,"Q66K,0.682"
X-5018,NXPE3,,MutKnownFunctional,"R59*,0.357"
X-5018,NYNRIN,57523.0,MutNovel,"A318D,0.464"
X-5018,OC90,729330.0,Amp5,5.21
X-5018,OLFML3,56944.0,MutNovel,"I139V,0.566"
X-5018,OMG,4974.0,Del0.8,0.22
X-5018,OPLAH,26873.0,Amp5,5.13
X-5018,OR4F21,441308.0,Del0.8,0.68
X-5018,OR4N3P,390539.0,Del0.8,0.61
X-5018,OR4N4,283694.0,Del0.8,0.23
X-5018,OR52B4,143496.0,Del0.8,0.6
X-5018,OR52N1,79473.0,Del0.8,0.34
X-5018,OR52N5,390075.0,Del0.8,0.19
X-5018,ORAI1,84876.0,MutNovel,"PP43-,1.000"
X-5018,OSBPL6,114880.0,MutNovel,"R564Q,0.500"
X-5018,OVGP1,5016.0,MutNovel,"G528S,1.000"
X-5018,PABPC3,5042.0,MutNovel,"KG231-,0.571"
X-5018,PABPC3,5042.0,MutKnownFunctional,"-336,0.458"
X-5018,PALD1,,MutNovel,"P236T,0.410"
X-5018,PARP10,84875.0,Amp5,5.13
X-5018,PCDH11Y,83259.0,Del0.8,0.32
X-5018,PCDH17,27253.0,MutNovel,"V938I,1.000"
X-5018,PCDHB10,56126.0,MutNovel,"G532S,0.214"
X-5018,PCDHB12,56124.0,MutNovel,"W578R,0.333"
X-5018,PCDHB12,56124.0,MutNovel,"P721S,0.227"
X-5018,PCDHB9,56127.0,MutNovel,"R682S,0.299"
X-5018,PCDHGA10,56106.0,MutKnownFunctional,"-823?,0.417"
X-5018,PCNXL3,399909.0,MutNovel,"V1277I,0.537"
X-5018,PCNXL4,,MutNovel,"P807LS,0.226"
X-5018,PDF,64146.0,MutNovel,"P18L,0.623"
X-5018,PEX2,5828.0,MutNovel,"V108L,0.496"
X-5018,PHF20L1,51105.0,MutNovel,"K561R,0.514"
X-5018,PHF20L1,51105.0,Amp5,6.11
X-5018,PHLDA1,22822.0,MutNovel,"QQ194Q,1.000"
X-5018,PHLDB1,23187.0,MutNovel,"G630E,0.405"
X-5018,PIEZO1,9780.0,MutNovel,"ED756D,1.000"
X-5018,PIK3IP1,113791.0,MutNovel,"V146L,1.000"
X-5018,PIK3R1,5295.0,MutKnownFunctional,"-370,1.000"
X-5018,PIK3R1,5295.0,MutNovel,"T371I,1.000"
X-5018,PKP1,5317.0,MutNovel,"A344T,0.500"
X-5018,PLEC,5339.0,Amp5,5.13
X-5018,PLXDC2,84898.0,MutNovel,"V54M,1.000"
X-5018,PLXND1,23129.0,MutNovel,"E969D,0.581"
X-5018,POMZP3,22932.0,MutKnownFunctional,"-133,0.486"
X-5018,POTEB,339010.0,Del0.8,0.46
X-5018,PPM1L,151742.0,MutNovel,"M297I,0.500"
X-5018,PPP1R16A,84988.0,Amp5,5.13
X-5018,PPRC1,23082.0,MutNovel,"V1532M,0.454"
X-5018,PRAME,23532.0,MutNovel,"R333Q,0.217"
X-5018,PRDM2,7799.0,MutNovel,"T192I,0.461"
X-5018,PRKY,5616.0,Del0.8,0.23
X-5018,PRR13,54458.0,MutKnownFunctional,"-12,0.959"
X-5018,PRR13,54458.0,MutNovel,"CP41C,0.944"
X-5018,PRY,9081.0,Del0.8,0.22
X-5018,PRY,9081.0,Del0.8,0.14
X-5018,PRY2,442862.0,Del0.8,0.22
X-5018,PRY2,442862.0,Del0.8,0.14
X-5018,PSCA,8000.0,Amp5,5.06
X-5018,PSEN1,5663.0,MutNovel,"Y189C,0.376"
X-5018,PTK2,5747.0,Amp5,5.1
X-5018,PTP4A3,11156.0,Amp5,5.1
X-5018,PUF60,22827.0,Amp5,5.13
X-5018,PVRIG,79037.0,MutNovel,"H23R,0.250"
X-5018,PVRIG,79037.0,MutNovel,"V27A,0.368"
X-5018,PYCRL,65263.0,Amp5,5.13
X-5018,RAB6B,51560.0,MutNovel,"T137S,0.443"
X-5018,RAD21,5885.0,Amp5,5.35
X-5018,RAD21-AS1,644660.0,Amp5,5.35
X-5018,RASGRF2,5924.0,Del0.8,0.78
X-5018,RASGRP3,25780.0,MutNovel,"T320M,0.500"
X-5018,RBM12,10137.0,MutNovel,"P835PAP,0.410"
X-5018,RBM45,129831.0,MutNovel,"C274Y,0.458"
X-5018,RBMY1A3P,286557.0,Del0.8,0.23
X-5018,RBMY1B,378948.0,Del0.8,0.22
X-5018,RBMY1B,378948.0,Del0.8,0.22
X-5018,RBMY1E,378950.0,Del0.8,0.22
X-5018,RBMY1E,378950.0,Del0.8,0.22
X-5018,RBMY1F,159163.0,Del0.8,0.18
X-5018,RBMY1F,159163.0,Del0.8,0.22
X-5018,RBMY1J,378951.0,Del0.8,0.14
X-5018,RBMY1J,378951.0,Del0.8,0.22
X-5018,RBMY2EP,159125.0,Del0.8,0.22
X-5018,RBMY2FP,159162.0,Del0.8,0.22
X-5018,RBMY3AP,64593.0,Del0.8,0.23
X-5018,RECQL4,9401.0,Amp5,5.13
X-5018,REPS2,9185.0,Del0.8,0.75
X-5018,REREP3,646396.0,Del0.8,0.61
X-5018,RFXANK,8625.0,MutNovel,"R236W,0.309"
X-5018,RGPD8,727851.0,MutNovel,"F924C,0.467"
X-5018,RHPN1,114822.0,Amp5,5.13
X-5018,RIN3,79890.0,MutNovel,"G967-,1.000"
X-5018,RPL23AP53,644128.0,Del0.8,0.45
X-5018,RPL8,6132.0,Amp5,5.13
X-5018,RPS4Y1,6192.0,Del0.8,0.32
X-5018,RPS4Y2,140032.0,Del0.8,0.22
X-5018,RRM2B,50484.0,MutNovel,"I161L,0.575"
X-5018,RUSC2,9853.0,MutNovel,"R1186Q,0.431"
X-5018,RXRB,6257.0,MutNovel,"A52G,0.375"
X-5018,RYK,6259.0,MutNovel,"A50V,0.433"
X-5018,RYR1,6261.0,MutNovel,"R4188H,0.494"
X-5018,SAMD12,401474.0,Amp5,5.35
X-5018,SAMD12-AS1,552860.0,Amp5,5.35
X-5018,SAMD9L,219285.0,MutNovel,"E220G,0.495"
X-5018,SBF2,81846.0,MutNovel,"S730A,0.467"
X-5018,SCRIB,23513.0,Amp5,5.13
X-5018,SCRT1,83482.0,Amp5,5.13
X-5018,SCXA,100129885.0,Amp5,5.13
X-5018,SERINC2,347735.0,MutNovel,"-373Q,0.512"
X-5018,SERINC3,10955.0,MutNovel,"Y54H,0.466"
X-5018,SETBP1,26040.0,MutNovel,"RS1274SA,1.000"
X-5018,SETD1B,23067.0,MutNovel,"A1445T,0.534"
X-5018,SH3PXD2A,9644.0,MutNovel,"R1031C,0.551"
X-5018,SHANK1,50944.0,MutNovel,"P1807L,0.556"
X-5018,SHARPIN,81858.0,Amp5,5.13
X-5018,SHFM1,7979.0,MutNovel,"D51E,0.490"
X-5018,SHOC2,8036.0,MutNovel,"L493F,0.552"
X-5018,SLA,6503.0,Amp5,5.1
X-5018,SLC12A8,84561.0,MutNovel,"I364V,0.600"
X-5018,SLC25A29,123096.0,MutNovel,"R28Q,0.444"
X-5018,SLC30A1,7779.0,MutNovel,"I388L,0.550"
X-5018,SLC30A8,169026.0,Amp5,5.35
X-5018,SLC39A4,55630.0,Amp5,5.13
X-5018,SLC45A4,57210.0,Amp5,5.1
X-5018,SLC7A8,23428.0,MutNovel,"M318I,0.524"
X-5018,SLURP1,57152.0,Amp5,5.06
X-5018,SNAPC4,6621.0,MutNovel,"S542-,0.506"
X-5018,SNTB1,6641.0,Amp5,5.35
X-5018,SORL1,6653.0,MutNovel,"T1889I,0.442"
X-5018,SORT1,6272.0,MutNovel,"G191R,0.528"
X-5018,SPAG11B,10407.0,Del0.8,0.78
X-5018,SPARCL1,8404.0,MutNovel,"R629L,0.273"
X-5018,SPATC1,375686.0,Amp5,5.13
X-5018,SPEN,23013.0,MutNovel,"APT3242A,0.839"
X-5018,SPTLC2,9517.0,MutNovel,"G274R,0.307"
X-5018,SRY,6736.0,Del0.8,0.32
X-5018,SSH1,54434.0,MutNovel,"D346E,0.576"
X-5018,ST3GAL1,6482.0,Amp5,5.1
X-5018,STBD1,8987.0,MutNovel,"A255T,0.497"
X-5018,STIL,6491.0,MutNovel,"H458Q,0.500"
X-5018,STON2,85439.0,MutNovel,"M775T,0.648"
X-5018,STRC,161497.0,MutNovel,"T1565S,0.800"
X-5018,SWAP70,23075.0,MutNovel,"R393K,0.524"
X-5018,SYK,6850.0,MutKnownFunctional,"Y629*,0.473"
X-5018,TAF2,6873.0,Amp5,5.35
X-5018,TARP,445347.0,Del0.8,0.53
X-5018,TAS2R46,259292.0,MutNovel,"L236V,0.769"
X-5018,TBC1D3B,414059.0,Del0.8,0.61
X-5018,TBL1Y,90665.0,Del0.8,0.23
X-5018,TCF23,150921.0,MutNovel,"L148V,0.333"
X-5018,TG,7038.0,Amp5,5.1
X-5018,TGIF2LY,90655.0,Del0.8,0.32
X-5018,THNSL2,55258.0,MutNovel,"D196N,0.585"
X-5018,TIGD5,84948.0,Amp5,5.13
X-5018,TLR5,7100.0,MutNovel,"V707M,0.486"
X-5018,TMBIM4,51643.0,MutKnownFunctional,"-174?,0.556"
X-5018,TMED1,11018.0,MutNovel,"A9T,0.621"
X-5018,TMED10P1,286102.0,Amp5,5.13
X-5018,TMEM184A,202915.0,MutNovel,"G392GA,1.000"
X-5018,TMEM184C,55751.0,MutNovel,"T211S,1.000"
X-5018,TMEM232,642987.0,MutNovel,"M422V,1.000"
X-5018,TMEM71,137835.0,Amp5,5.21
X-5018,TMSB4Y,9087.0,Del0.8,0.23
X-5018,TNFRSF11B,4982.0,Amp5,5.35
X-5018,TNRC6B,23112.0,MutNovel,"N356I,0.966"
X-5018,TOLLIP,54472.0,MutNovel,"M213V,1.000"
X-5018,TONSL,4796.0,Amp5,5.13
X-5018,TOP1MT,116447.0,Amp5,5.13
X-5018,TP53,7157.0,MutLikelyFunctional,"C242Y,0.996"
X-5018,TPTE2,93492.0,MutNovel,"E51G,1.000"
X-5018,TRAF1,7185.0,MutNovel,"N379S,0.526"
X-5018,TRAPPC9,83696.0,Amp5,5.1
X-5018,TRPS1,7227.0,Amp5,5.35
X-5018,TSNARE1,203062.0,Amp5,5.06
X-5018,TSPY1,7258.0,Del0.8,0.23
X-5018,TSPY2,64591.0,Del0.8,0.1
X-5018,TSPY3,728137.0,Del0.8,0.23
X-5018,TSPY4,728395.0,Del0.8,0.23
X-5018,TSPY8,728403.0,Del0.8,0.23
X-5018,TSPYL1,7259.0,MutNovel,"V176VW,1.000"
X-5018,TSTA3,7264.0,Amp5,5.13
X-5018,TTC18,118491.0,MutNovel,"K868T,0.524"
X-5018,TTC39B,158219.0,MutNovel,"G507R,0.284"
X-5018,TTTY10,246119.0,Del0.8,0.22
X-5018,TTTY11,83866.0,Del0.8,0.23
X-5018,TTTY12,83867.0,Del0.8,0.23
X-5018,TTTY13,83868.0,Del0.8,0.22
X-5018,TTTY14,83869.0,Del0.8,0.22
X-5018,TTTY15,64595.0,Del0.8,0.23
X-5018,TTTY16,252948.0,Del0.8,0.23
X-5018,TTTY17A,252949.0,Del0.8,0.26
X-5018,TTTY17A,252949.0,Del0.8,0.14
X-5018,TTTY18,252950.0,Del0.8,0.23
X-5018,TTTY19,252952.0,Del0.8,0.23
X-5018,TTTY1B,100101116.0,Del0.8,0.23
X-5018,TTTY1B,100101116.0,Del0.8,0.23
X-5018,TTTY2,60439.0,Del0.8,0.23
X-5018,TTTY2,60439.0,Del0.8,0.23
X-5018,TTTY20,252951.0,Del0.8,0.23
X-5018,TTTY21,252953.0,Del0.8,0.23
X-5018,TTTY21,252953.0,Del0.8,0.23
X-5018,TTTY22,252954.0,Del0.8,0.23
X-5018,TTTY23,252955.0,Del0.8,0.23
X-5018,TTTY23,252955.0,Del0.8,0.1
X-5018,TTTY3,114760.0,Del0.8,0.14
X-5018,TTTY3,114760.0,Del0.8,0.12
X-5018,TTTY4,114761.0,Del0.8,0.07
X-5018,TTTY4,114761.0,Del0.8,0.1
X-5018,TTTY5,83863.0,Del0.8,0.22
X-5018,TTTY6,84672.0,Del0.8,0.14
X-5018,TTTY6,84672.0,Del0.8,0.22
X-5018,TTTY7,246122.0,Del0.8,0.23
X-5018,TTTY7,246122.0,Del0.8,0.23
X-5018,TTTY7B,100101120.0,Del0.8,0.23
X-5018,TTTY7B,100101120.0,Del0.8,0.23
X-5018,TTTY8,84673.0,Del0.8,0.23
X-5018,TTTY8,84673.0,Del0.8,0.23
X-5018,TTTY9A,83864.0,Del0.8,0.13
X-5018,TTTY9A,83864.0,Del0.8,0.13
X-5018,TUBB8,347688.0,MutNovel,"R276Q,0.412"
X-5018,TXLNG2P,246126.0,Del0.8,0.22
X-5018,UBB,7314.0,MutNovel,"N101H,0.347"
X-5018,UBQLN4,56893.0,MutNovel,"S318F,0.521"
X-5018,UBXN11,91544.0,MutNovel,"P503PVP,0.962"
X-5018,UBXN11,91544.0,MutNovel,"G492S,0.217"
X-5018,ULK4P1,89838.0,Del0.8,0.68
X-5018,ULK4P3,89837.0,Del0.8,0.68
X-5018,USP17L2,377630.0,Del0.8,0.72
X-5018,USP36,57602.0,MutNovel,"KKK958K,1.000"
X-5018,USP38,84640.0,MutNovel,"N1012S,0.989"
X-5018,USP54,159195.0,MutNovel,"T725S,0.517"
X-5018,USP9Y,8287.0,Del0.8,0.23
X-5018,UTP20,27340.0,MutNovel,"A2535T,0.500"
X-5018,UTP23,84294.0,Amp5,5.35
X-5018,UTY,7404.0,Del0.8,0.23
X-5018,VCX,26609.0,MutNovel,"R50C,1.000"
X-5018,VCX3A,51481.0,MutNovel,"R50C,1.000"
X-5018,VCX3B,425054.0,MutNovel,"R50C,0.833"
X-5018,VCX3B,425054.0,MutNovel,"M230G,0.240"
X-5018,VCY,9084.0,Del0.8,0.23
X-5018,VCY,9084.0,Del0.8,0.23
X-5018,VPS28,51160.0,Amp5,5.13
X-5018,VWA1,64856.0,MutNovel,"A326P,0.652"
X-5018,VWA3B,200403.0,MutNovel,"I144L,1.000"
X-5018,WDFY3,23001.0,MutNovel,"K443R,0.571"
X-5018,WDR67,93594.0,Amp5,5.35
X-5018,WDR96,80217.0,MutNovel,"S1296C,0.333"
X-5018,WDYHV1,55093.0,Amp5,5.35
X-5018,WISP1,8840.0,Amp5,5.1
X-5018,WSCD2,9671.0,MutNovel,"G404A,0.800"
X-5018,WWOX,51741.0,Del0.8,0.78
X-5018,XKRY2,353515.0,Del0.8,0.13
X-5018,XKRY2,353515.0,Del0.8,0.13
X-5018,ZC3H3,23144.0,Amp5,5.13
X-5018,ZC3H6,376940.0,MutNovel,"H468Y,0.636"
X-5018,ZEB2,9839.0,MutNovel,"A1091D,1.000"
X-5018,ZFAND2A,90637.0,MutNovel,"K68N,0.973"
X-5018,ZFAT,57623.0,Amp5,5.1
X-5018,ZFAT-AS1,594840.0,Amp5,5.1
X-5018,ZFP41,286128.0,Amp5,5.13
X-5018,ZFY,7544.0,Del0.8,0.32
X-5018,ZHX1,11244.0,Amp5,5.35
X-5018,ZHX1-C8ORF76,100533106.0,Amp5,5.35
X-5018,ZHX2,22882.0,Amp5,5.35
X-5018,ZNF16,7564.0,Amp5,5.13
X-5018,ZNF219,51222.0,MutNovel,"QPP233P,0.500"
X-5018,ZNF250,58500.0,Amp5,5.13
X-5018,ZNF251,90987.0,Amp5,5.13
X-5018,ZNF287,57336.0,MutNovel,"Y676F,1.000"
X-5018,ZNF34,80778.0,Amp5,5.13
X-5018,ZNF384,171017.0,MutNovel,"QQ514Q,0.507"
X-5018,ZNF517,340385.0,Amp5,5.13
X-5018,ZNF532,55205.0,MutNovel,"A200S,1.000"
X-5018,ZNF587,84914.0,MutKnownFunctional,"-455,0.472"
X-5018,ZNF596,169270.0,Del0.8,0.3
X-5018,ZNF623,9831.0,Amp5,5.13
X-5018,ZNF628,89887.0,MutNovel,"E292D,0.286"
X-5018,ZNF662,389114.0,MutNovel,"R29G,0.619"
X-5018,ZNF696,79943.0,Amp5,5.13
X-5018,ZNF7,7553.0,Amp5,5.13
X-5018,ZNF705A,440077.0,MutNovel,"K87T,1.000"
X-5018,ZNF707,286075.0,Amp5,5.13
X-5018,ZNF728,,MutNovel,"S79P,0.600"
X-5018,ZNF728,,MutNovel,"V76G,0.800"
X-5018,ZNF772,400720.0,MutNovel,"A4GP,1.000"
X-5018,ZNRF2,223082.0,MutNovel,"D123DG,1.000"
X-5018,ZZEF1,23140.0,MutNovel,"D1285N,1.000"
X-5094,AARD,,MutNovel,"EAA81E,0.556"
X-5094,ABCB4,5244.0,MutNovel,"G925E,1.000"
X-5094,ABCB6,10058.0,MutNovel,"E469K,0.387"
X-5094,AKAP11,11215.0,MutNovel,"S1074F,0.391"
X-5094,ARHGAP12,94134.0,MutKnownFunctional,"-485?,1.000"
X-5094,ART5,116969.0,MutNovel,"-25P,0.750"
X-5094,ASAH2,56624.0,MutNovel,"T621M,1.000"
X-5094,ASAP1,50807.0,MutNovel,"V341I,0.291"
X-5094,BMP6,654.0,MutNovel,"R28Q,1.000"
X-5094,BRCA1,672.0,MutKnownFunctional,"-1257,1.000"
X-5094,BRD2,6046.0,MutNovel,"E494-,0.448"
X-5094,C10orf57,,MutNovel,"R33W,1.000"
X-5094,C13orf33,84935.0,MutNovel,"D53H,1.000"
X-5094,C1orf123,54987.0,MutNovel,"L54M,0.511"
X-5094,C1orf127,148345.0,MutNovel,"A318V,0.667"
X-5094,CBWD1,55871.0,MutNovel,"A199I,0.545"
X-5094,CBWD1,55871.0,MutNovel,"S115N,0.947"
X-5094,CBWD6,644019.0,MutKnownFunctional,"-259?,0.296"
X-5094,CCBL2,56267.0,MutNovel,"S10A,0.664"
X-5094,CCDC149,91050.0,MutNovel,"G521R,1.000"
X-5094,CCDC66,285331.0,MutNovel,"S606SP,1.000"
X-5094,CCDC88C,440193.0,MutNovel,"L1317V,1.000"
X-5094,CD8A,925.0,MutKnownFunctional,"W56*,1.000"
X-5094,CDK17,5128.0,MutNovel,"V359M,0.452"
X-5094,CHRNA3,1136.0,MutNovel,"L23-,0.520"
X-5094,CHST15,51363.0,MutKnownFunctional,"-456,1.000"
X-5094,CKAP4,10970.0,MutNovel,"GGG75-,0.544"
X-5094,CNTNAP3B,728577.0,MutNovel,"F312S,0.538"
X-5094,CRY2,1408.0,MutNovel,"W92G,0.385"
X-5094,CSRNP3,80034.0,MutNovel,"N140T,1.000"
X-5094,CST2,1470.0,MutNovel,"I87V,0.842"
X-5094,CTSA,5476.0,MutNovel,"L29-,0.894"
X-5094,DBN1,1627.0,MutNovel,"P340R,0.253"
X-5094,DDX20,11218.0,MutNovel,"T139I,0.511"
X-5094,DGCR2,9993.0,MutNovel,"P520S,0.961"
X-5094,DGKQ,1609.0,MutNovel,"S193L,1.000"
X-5094,DHRS4L2,317749.0,MutNovel,"N193H,1.000"
X-5094,DHRSX,207063.0,MutKnownFunctional,"R673*,0.636"
X-5094,DHX33,56919.0,MutNovel,"G48V,0.341"
X-5094,DNAJB2,3300.0,MutNovel,"R283W,0.407"
X-5094,DUS1L,64118.0,MutNovel,"E348-,0.850"
X-5094,FAM171B,165215.0,MutNovel,"-50Q,0.529"
X-5094,FAM194A,131831.0,MutNovel,"E76D,1.000"
X-5094,FAM35A,54537.0,MutNovel,"F343L,1.000"
X-5094,FAM83D,81610.0,MutNovel,"A110-,0.543"
X-5094,FIGNL2,401720.0,MutNovel,"A478E,0.667"
X-5094,FJX1,24147.0,MutNovel,"Q131R,0.521"
X-5094,FKRP,79147.0,MutNovel,"G302S,0.444"
X-5094,FOLH1B,219595.0,MutNovel,"T90I,1.000"
X-5094,FOXO6,,MutNovel,"H318R,0.319"
X-5094,GAL3ST2,64090.0,MutKnownFunctional,"-75,1.000"
X-5094,GIGYF2,26058.0,MutNovel,"PQ1231P,0.615"
X-5094,GLTSCR2,29997.0,MutNovel,"D401A,0.527"
X-5094,GOLGA3,2802.0,MutNovel,"S81R,0.414"
X-5094,GPR50,9248.0,MutNovel,"PTTGH501P,0.917"
X-5094,GPR89A,653519.0,MutNovel,"L441V,0.615"
X-5094,HAPLN2,60484.0,MutNovel,"A91D,0.667"
X-5094,HDAC7,51564.0,MutNovel,"V821L,0.475"
X-5094,HIST1H1E,3008.0,MutNovel,"P201Q,0.875"
X-5094,HLA-C,3107.0,MutNovel,"EW190DG,0.504"
X-5094,HLA-DPB1,3115.0,MutNovel,"G113V,1.000"
X-5094,HLA-DRB1,3123.0,MutNovel,"Q178H,1.000"
X-5094,HLA-G,3135.0,MutNovel,"W121M,0.500"
X-5094,HNRNPCL1,343069.0,MutNovel,"Q185K,1.000"
X-5094,IFT140,9742.0,MutNovel,"-1406G,0.636"
X-5094,ING3,54556.0,MutNovel,"QT338Q,0.406"
X-5094,IPO4,79711.0,MutNovel,"R951Q,0.496"
X-5094,KIAA0146,23514.0,MutNovel,"G4D,0.400"
X-5094,KIAA0195,9772.0,MutKnownFunctional,"-1117P?,1.000"
X-5094,KLHL29,114818.0,MutNovel,"P610L,1.000"
X-5094,KRT2,3849.0,MutNovel,"L459Q,1.000"
X-5094,KRT2,3849.0,MutNovel,"L456M,1.000"
X-5094,LOC100128071,100128071.0,MutNovel,"P31R,0.600"
X-5094,LOC100132859,,MutNovel,"Q119E,0.417"
X-5094,LOC100996301,,MutNovel,"I187T,0.488"
X-5094,LOC100996473,,MutNovel,"F175L,0.395"
X-5094,LOC642441,,MutNovel,"L209S,0.269"
X-5094,LRRC37B,114659.0,MutNovel,"A715V,0.357"
X-5094,LSM10,84967.0,MutNovel,"N89Y,0.323"
X-5094,LSR,51599.0,MutNovel,"G518GR,0.452"
X-5094,MAGEA4,4103.0,MutNovel,"VS40V,0.862"
X-5094,MAP3K4,4216.0,MutNovel,"PA1189P,0.667"
X-5094,MAST2,23139.0,MutNovel,"V282I,0.643"
X-5094,MCIN,,MutNovel,"E286K,1.000"
X-5094,MED15,51586.0,MutNovel,"-251Q,0.250"
X-5094,MEIS3,56917.0,MutKnownFunctional,"Y335*,0.429"
X-5094,METTL11B,149281.0,MutNovel,"R246W,0.857"
X-5094,MPRIP,23164.0,MutNovel,"TS178T,0.714"
X-5094,MSL2,55167.0,MutNovel,"S43W,0.378"
X-5094,MT1E,4493.0,MutNovel,"V49I,0.500"
X-5094,MTR,4548.0,MutNovel,"I707V,0.500"
X-5094,NBPF10,100132406.0,MutNovel,"F340S,1.000"
X-5094,NBPF15,284565.0,MutNovel,"Y535C,0.667"
X-5094,NBPF15,284565.0,MutNovel,"C588R,0.468"
X-5094,NBPF15,284565.0,MutNovel,"R610G,0.643"
X-5094,NCKAP5L,57701.0,MutNovel,"R1070W,0.375"
X-5094,NCOA2,10499.0,MutNovel,"T969A,0.370"
X-5094,NEK3,4752.0,MutNovel,"L419F,1.000"
X-5094,NES,10763.0,MutNovel,"I534V,0.485"
X-5094,NIPBL,25836.0,MutNovel,"V1566F,0.467"
X-5094,NOL8,55035.0,MutNovel,"D368-,0.357"
X-5094,NOMO2,283820.0,MutNovel,"Y267C,0.712"
X-5094,NR1H2,7376.0,MutNovel,"-173Q,0.372"
X-5094,NRIP1,8204.0,MutKnownFunctional,"-51,1.000"
X-5094,NRP2,8828.0,MutNovel,"R376W,0.300"
X-5094,NXPH4,11247.0,MutNovel,"M195MA,0.286"
X-5094,OBSL1,23363.0,MutNovel,"R1348C,0.562"
X-5094,OPA1,4976.0,MutNovel,"E207K,0.994"
X-5094,OR2T33,391195.0,MutNovel,"S87N,1.000"
X-5094,ORAI1,84876.0,MutNovel,"PP43-,0.867"
X-5094,OVOS2,,MutNovel,"S743L,1.000"
X-5094,OXGR1,27199.0,MutNovel,"L45V,1.000"
X-5094,PABPC3,5042.0,MutKnownFunctional,"-246,0.471"
X-5094,PDE4DIP,9659.0,MutNovel,"P2341L,0.214"
X-5094,PHLDA1,22822.0,MutNovel,"QQ194Q,0.420"
X-5094,PHYH,5264.0,MutNovel,"D49Y,0.993"
X-5094,PLK1S1,55857.0,MutNovel,"M148T,0.473"
X-5094,PPP1R12C,54776.0,MutNovel,"R530Q,0.505"
X-5094,PRB4,5545.0,MutNovel,"R122G,0.375"
X-5094,PRB4,5545.0,MutNovel,"P116H,0.333"
X-5094,PRB4,5545.0,MutNovel,"T113P,0.324"
X-5094,PRDM13,59336.0,MutNovel,"H363N,1.000"
X-5094,PRDM2,7799.0,MutNovel,"M887V,0.474"
X-5094,PROM2,150696.0,MutNovel,"S612R,0.438"
X-5094,PRR24,255783.0,MutNovel,"G138E,0.693"
X-5094,RALY,22913.0,MutNovel,"A230T,0.459"
X-5094,RBM10,8241.0,MutNovel,"S6P,1.000"
X-5094,RBM28,55131.0,MutNovel,"ED243D,0.414"
X-5094,RNPEPL1,57140.0,MutNovel,"RAPA92R,0.727"
X-5094,RPAP1,26015.0,MutNovel,"V791M,1.000"
X-5094,RPL14,9045.0,MutNovel,"T149TA,0.576"
X-5094,SEC31A,22872.0,MutKnownFunctional,"L477*,0.970"
X-5094,SEC31B,25956.0,MutKnownFunctional,"W14*,1.000"
X-5094,SERINC2,347735.0,MutNovel,"-373Q,0.687"
X-5094,SH2D3A,10045.0,MutNovel,"L402LRW,0.257"
X-5094,SNAP47,116841.0,MutKnownFunctional,"R66*,0.502"
X-5094,SOCS5,9655.0,MutNovel,"G401R,1.000"
X-5094,SOGA2,,MutNovel,"G1123D,0.333"
X-5094,SRSF2,6427.0,MutNovel,"F34L,0.397"
X-5094,ST6GALNAC5,81849.0,MutNovel,"PQ37P,0.205"
X-5094,STAG3,10734.0,MutNovel,"V104A,1.000"
X-5094,STOML1,9399.0,MutNovel,"A291V,0.565"
X-5094,SURF2,6835.0,MutNovel,"R104W,0.392"
X-5094,SVEP1,79987.0,MutNovel,"V2244L,1.000"
X-5094,TAF6L,10629.0,MutNovel,"D398H,1.000"
X-5094,TCEA2,6919.0,MutNovel,"S100L,0.487"
X-5094,TCERG1,10915.0,MutNovel,"A195V,1.000"
X-5094,TCIRG1,10312.0,MutNovel,"R6L,0.211"
X-5094,TIMELESS,8914.0,MutNovel,"Q1108H,0.589"
X-5094,TIRAP,114609.0,MutNovel,"V104F,1.000"
X-5094,TMEM183B,,MutKnownFunctional,"-116?,0.583"
X-5094,TMEM184A,202915.0,MutNovel,"G392GA,0.684"
X-5094,TMEM55A,55529.0,MutNovel,"P34A,0.644"
X-5094,TMEM99,147184.0,MutKnownFunctional,"-250,0.875"
X-5094,TNS4,84951.0,MutNovel,"G47V,1.000"
X-5094,TP53,7157.0,MutKnownFunctional,"Y220C,1.000"
X-5094,TPCN2,219931.0,MutNovel,"A137V,0.417"
X-5094,TRIM49B,,MutNovel,"A247G,0.903"
X-5094,TRIM49B,,MutNovel,"H253Q,0.933"
X-5094,TRIM49B,,MutNovel,"P268L,0.926"
X-5094,TRIM49C,,MutNovel,"I28T,1.000"
X-5094,TRIM49C,,MutNovel,"L41F,1.000"
X-5094,TRIM49C,,MutNovel,"Q184E,1.000"
X-5094,TRIM49C,,MutNovel,"P187A,1.000"
X-5094,TRIM49DP,,MutNovel,"I28T,1.000"
X-5094,TRIM49DP,,MutNovel,"L19M,1.000"
X-5094,TRIM49L1,729384.0,MutNovel,"V151A,1.000"
X-5094,TRIM49L1,729384.0,MutNovel,"V160M,1.000"
X-5094,TRIM49L1,729384.0,MutNovel,"T163A,1.000"
X-5094,TRIM49L1,729384.0,MutNovel,"E269A,1.000"
X-5094,TRIM51,,MutNovel,"C152W,1.000"
X-5094,TRIM51,,MutNovel,"E220K,1.000"
X-5094,TRIM51,,MutNovel,"F248L,1.000"
X-5094,TSPYL1,7259.0,MutNovel,"V176VW,0.818"
X-5094,TTLL4,9654.0,MutNovel,"H8N,0.549"
X-5094,TULP3,7289.0,MutKnownFunctional,"G471*,0.422"
X-5094,TXLNG,55787.0,MutNovel,"R266G,0.509"
X-5094,UBR3,130507.0,MutNovel,"R1552H,0.526"
X-5094,UBR4,23352.0,MutNovel,"G5S,0.600"
X-5094,USP42,84132.0,MutNovel,"L1187V,1.000"
X-5094,VARS2,57176.0,MutNovel,"P1088Q,0.414"
X-5094,VCX3A,51481.0,MutNovel,"V186M,1.000"
X-5094,VPS13B,157680.0,MutNovel,"Q683L,0.440"
X-5094,VWA1,64856.0,MutNovel,"A326P,0.636"
X-5094,WNK2,65268.0,MutNovel,"G1851S,0.615"
X-5094,WWP1,11059.0,MutNovel,"I643L,0.353"
X-5094,ZNF200,7752.0,MutNovel,"E129V,0.714"
X-5094,ZNF219,51222.0,MutNovel,"QPP233P,0.364"
X-5094,ZNF277,11179.0,MutNovel,"A9T,0.340"
X-5094,ZNF384,171017.0,MutNovel,"QQ514Q,0.381"
X-5094,ZNF384,171017.0,MutNovel,"T96K,0.517"
X-5094,ZNF561,93134.0,MutNovel,"V80L,0.515"
X-5094,ZNF568,374900.0,MutNovel,"E371K,0.316"
X-5094,ZNF578,147660.0,MutNovel,"R528C,0.623"
X-5094,ZNF717,100131827.0,MutNovel,"K631R,1.000"
X-5094,ZNF761,388561.0,MutNovel,"R603A,0.479"
X-5094,ZNF772,400720.0,MutNovel,"A4GP,0.785"
X-5094,ZNF780A,284323.0,MutNovel,"Q600H,0.211"
X-5094,ZNF839,55778.0,MutKnownFunctional,"-850,0.595"
X-5462,ABR,29.0,MutNovel,"A112V,0.435"
X-5462,AGRN,375790.0,MutNovel,"P15R,0.312"
X-5462,ALKBH1,8846.0,MutNovel,"Q60E,0.329"
X-5462,ALS2,57679.0,MutNovel,"T950M,0.758"
X-5462,ARHGAP33,115703.0,MutNovel,"G532D,0.652"
X-5462,ART5,116969.0,MutNovel,"-25P,1.000"
X-5462,ATOH8,84913.0,MutNovel,"Q143E,0.275"
X-5462,ATP2A3,489.0,MutNovel,"R334Q,0.625"
X-5462,ATP5L2,267020.0,MutNovel,"S58N,1.000"
X-5462,AVEN,57099.0,MutNovel,"GGGGG41G,0.727"
X-5462,BCR,613.0,MutNovel,"T732I,0.556"
X-5462,BMP8A,353500.0,MutNovel,"A140V,1.000"
X-5462,C17orf97,400566.0,MutNovel,"E230K,0.857"
X-5462,C21orf58,54058.0,MutNovel,"H299PN,0.500"
X-5462,C2orf16,84226.0,MutNovel,"Q1643E,0.667"
X-5462,C5orf42,65250.0,MutNovel,"D2736N,0.260"
X-5462,C5orf65,389333.0,MutNovel,"S260R,1.000"
X-5462,C9orf64,84267.0,MutNovel,"P42L,1.000"
X-5462,CARS,833.0,MutNovel,"F64L,1.000"
X-5462,CDC34,997.0,MutNovel,"D227N,1.000"
X-5462,CDH23,64072.0,MutNovel,"G123W,0.500"
X-5462,CDKN2A,1029.0,MutKnownFunctional,"-44,1.000"
X-5462,CERKL,375298.0,MutNovel,"R9W,0.333"
X-5462,CFC1,,MutNovel,"A145T,0.667"
X-5462,CKAP5,9793.0,MutNovel,"V681I,1.000"
X-5462,CPAMD8,27151.0,MutNovel,"P1769T,0.833"
X-5462,CRYBG3,,MutNovel,"E1373Q,0.609"
X-5462,CTAG1B,1485.0,MutNovel,"R6Q,0.833"
X-5462,D2HGDH,728294.0,MutNovel,"R15G,0.304"
X-5462,DCAF6,55827.0,MutNovel,"R192H,0.367"
X-5462,DHX32,55760.0,MutNovel,"L652Q,1.000"
X-5462,DLGAP3,58512.0,MutNovel,"Q21P,0.632"
X-5462,DPY19L3,147991.0,MutNovel,"T162A,0.512"
X-5462,DSP,1832.0,MutNovel,"A1521V,0.750"
X-5462,EFCAB7,84455.0,MutNovel,"D8N,0.700"
X-5462,EFHC1,114327.0,MutNovel,"V192I,0.496"
X-5462,EMR3,84658.0,MutNovel,"A425D,1.000"
X-5462,ERGIC3,51614.0,MutNovel,"D161G,1.000"
X-5462,ESD,2098.0,MutNovel,"P81R,0.682"
X-5462,FAM115A,9747.0,MutNovel,"P844A,0.847"
X-5462,FAM123C,205147.0,MutNovel,"V238M,0.746"
X-5462,FAM171B,165215.0,MutNovel,"-44QQ,0.571"
X-5462,FAM171B,165215.0,MutNovel,"-50Q,0.414"
X-5462,FAM175A,84142.0,MutNovel,"E276-,0.241"
X-5462,FAM86C1,55199.0,MutNovel,"V70T,1.000"
X-5462,FBRSL1,57666.0,MutNovel,"GLGRER882G,0.217"
X-5462,FNDC1,84624.0,MutNovel,"ATTRRTT1471A,1.000"
X-5462,FRRS1L,,MutNovel,"R51A,1.000"
X-5462,GIGYF2,26058.0,MutNovel,"PQ1231P,0.567"
X-5462,GLUD2,2747.0,MutNovel,"V374A,0.500"
X-5462,GLUD2,2747.0,MutNovel,"T384S,1.000"
X-5462,GLUD2,2747.0,MutNovel,"L423M,1.000"
X-5462,GPR39,2863.0,MutNovel,"R302W,0.389"
X-5462,GRB14,2888.0,MutKnownFunctional,"-297?,0.393"
X-5462,HDAC9,9734.0,MutNovel,"R628H,1.000"
X-5462,HNRNPCL1,343069.0,MutNovel,"Q185K,1.000"
X-5462,HPS5,11234.0,MutNovel,"R435S,1.000"
X-5462,IGFBP2,3485.0,MutNovel,"L17LLPP,0.942"
X-5462,IQGAP3,128239.0,MutNovel,"E1285G,0.724"
X-5462,KIAA0754,643314.0,MutNovel,"P115L,0.400"
X-5462,KLF4,9314.0,MutNovel,"S254A,1.000"
X-5462,KTI12,112970.0,MutNovel,"S327W,0.671"
X-5462,LRRC16B,90668.0,MutNovel,"S21R,0.442"
X-5462,LSR,51599.0,MutNovel,"G518GR,0.509"
X-5462,MAFA,389692.0,MutNovel,"HH207H,1.000"
X-5462,MAGEA9,,MutNovel,"F161L,1.000"
X-5462,MAP3K4,4216.0,MutNovel,"PA1189P,1.000"
X-5462,MAP4K4,9448.0,MutNovel,"R398W,0.601"
X-5462,MCF2L,23263.0,MutNovel,"G592A,0.300"
X-5462,MED15,51586.0,MutNovel,"-251Q,0.500"
X-5462,MEOX2,4223.0,MutNovel,"HH76H,1.000"
X-5462,MPRIP,23164.0,MutNovel,"TS178T,1.000"
X-5462,MTO1,25821.0,MutNovel,"R324H,0.466"
X-5462,NACA2,342538.0,MutNovel,"R144K,1.000"
X-5462,NBPF14,25832.0,MutNovel,"S176C,0.500"
X-5462,NCOA3,8202.0,MutNovel,"Q1255-,1.000"
X-5462,NCOR2,9612.0,MutNovel,"G1839GAAA,1.000"
X-5462,NOMO2,283820.0,MutNovel,"D490N,0.714"
X-5462,NOP2,4839.0,MutNovel,"E135K,0.716"
X-5462,NPIPL3,23117.0,MutNovel,"R780H,1.000"
X-5462,NUDT11,55190.0,MutKnownFunctional,"-1,1.000"
X-5462,NUDT18,79873.0,MutNovel,"G237S,0.381"
X-5462,ORAI1,84876.0,MutNovel,"PP43-,1.000"
X-5462,OTUD4,54726.0,MutNovel,"S162L,0.253"
X-5462,PCDHB10,56126.0,MutNovel,"E137Q,0.641"
X-5462,PCDHB12,56124.0,MutNovel,"G568S,0.385"
X-5462,PCDHB9,56127.0,MutNovel,"W640S,0.500"
X-5462,PCSK9,255738.0,MutNovel,"-15L,0.579"
X-5462,PGBD5,79605.0,MutNovel,"A96S,0.292"
X-5462,PGM2,55276.0,MutKnownFunctional,"-598?,0.454"
X-5462,PHLDA1,22822.0,MutNovel,"QQ194Q,1.000"
X-5462,PHLDB1,23187.0,MutNovel,"S866A,0.929"
X-5462,PLOD1,5351.0,MutNovel,"Y252D,0.615"
X-5462,PPIAL4G,644591.0,MutNovel,"S95P,1.000"
X-5462,RAI1,10743.0,MutNovel,"QQQQ278-,1.000"
X-5462,RAP1GAP,5909.0,MutNovel,"D30H,0.385"
X-5462,RASA4,10156.0,MutNovel,"R165W,0.364"
X-5462,RASA4B,,MutNovel,"H737R,0.786"
X-5462,RHOBTB1,9886.0,MutNovel,"E367Q,0.426"
X-5462,RNF157,114804.0,MutNovel,"N65K,1.000"
X-5462,SAMD9,54809.0,MutNovel,"I352V,0.760"
X-5462,SARM1,23098.0,MutKnownFunctional,"-182?,1.000"
X-5462,SCYL3,57147.0,MutNovel,"Q380K,0.265"
X-5462,SERINC2,347735.0,MutNovel,"-373Q,1.000"
X-5462,SERINC4,619189.0,MutNovel,"T55I,1.000"
X-5462,SETBP1,26040.0,MutNovel,"T864M,0.333"
X-5462,SETD2,29072.0,MutNovel,"S585F,0.628"
X-5462,SHF,90525.0,MutNovel,"V218A,0.250"
X-5462,SLC19A1,6573.0,MutNovel,"P464L,0.470"
X-5462,SOX4,6659.0,MutNovel,"HS385H,0.509"
X-5462,SPDYE6,729597.0,MutNovel,"R305C,0.214"
X-5462,SPICE1,152185.0,MutNovel,"Y348H,0.722"
X-5462,ST6GALNAC5,81849.0,MutNovel,"P37PQ,0.243"
X-5462,STAG3,10734.0,MutNovel,"V255L,0.391"
X-5462,SYNJ2,8871.0,MutNovel,"A2V,1.000"
X-5462,TARBP1,6894.0,MutNovel,"D1231G,0.746"
X-5462,TBP,6908.0,MutNovel,"-64Q,1.000"
X-5462,TCF3,6929.0,MutNovel,"G254C,1.000"
X-5462,TGFBR1,7046.0,MutKnownFunctional,"R80*,0.350"
X-5462,TMBIM4,51643.0,MutKnownFunctional,"-174?,1.000"
X-5462,TMEM184A,202915.0,MutNovel,"G392GA,0.494"
X-5462,TMEM185A,84548.0,MutNovel,"K162E,1.000"
X-5462,TMEM39A,55254.0,MutNovel,"N104S,0.364"
X-5462,TP53,7157.0,MutNovel,"P278R,1.000"
X-5462,TRABD2B,,MutNovel,"A367E,0.714"
X-5462,TRAF5,7188.0,MutNovel,"Y227N,0.500"
X-5462,TRIP13,9319.0,MutNovel,"D142N,0.233"
X-5462,TTLL5,23093.0,MutNovel,"V354M,0.317"
X-5462,UBR4,23352.0,MutNovel,"P4420L,0.676"
X-5462,VCX,26609.0,MutNovel,"E159Q,0.667"
X-5462,WBP11,51729.0,MutNovel,"D265H,0.308"
X-5462,YLPM1,56252.0,MutNovel,"P113R,0.329"
X-5462,ZBTB5,9925.0,MutNovel,"A103V,0.984"
X-5462,ZDHHC11,79844.0,MutNovel,"A303D,0.500"
X-5462,ZNF219,51222.0,MutNovel,"QPP233P,0.432"
X-5462,ZNF384,171017.0,MutNovel,"QQ514Q,1.000"
X-5462,ZNF396,252884.0,MutKnownFunctional,"-249?,0.714"
X-5462,ZNF551,90233.0,MutNovel,"R448G,0.750"
X-5462,ZNF705E,,MutNovel,"I55K,1.000"
X-5493,ABCA1,19.0,MutNovel,"I1697V,0.333"
X-5493,ACAP1,9744.0,MutNovel,"L476P,0.227"
X-5493,ACOT1,641371.0,Del0.8,0.57
X-5493,ACP6,51205.0,Amp8,8.06
X-5493,ACTN4,81.0,Amp5,6.77
X-5493,ADAMTSL4,54507.0,Amp8,28.84
X-5493,ADCK5,203054.0,Amp5,5.5
X-5493,ADCY8,114.0,Amp5,5.39
X-5493,ADD1,118.0,MutNovel,"K749-,1.000"
X-5493,AGAP11,119385.0,MutNovel,"A308D,0.273"
X-5493,AGAP7,653268.0,MutNovel,"E37G,0.667"
X-5493,AGAP9,642517.0,Amp5,5.78
X-5493,AGAP9,642517.0,Amp5,5.78
X-5493,AGTRAP,57085.0,Amp5,5.66
X-5493,AKT2,208.0,Amp5,7.01
X-5493,ALG12,79087.0,Del0.8,0.56
X-5493,ALKBH6,84964.0,Amp8,8.82
X-5493,AMELY,266.0,Del0.8,0.26
X-5493,ANGPTL4,51129.0,Del0.8,0.69
X-5493,ANKRD24,170961.0,MutNovel,"E807Q,1.000"
X-5493,ANKRD27,84079.0,Amp8,8.82
X-5493,ANKRD33B,651746.0,MutNovel,"R241H,0.800"
X-5493,ANKRD34A,284615.0,Amp8,8.06
X-5493,ANKRD35,148741.0,Amp8,8.06
X-5493,ANKRD36,375248.0,MutNovel,"E593D,0.429"
X-5493,ANP32E,81611.0,Amp8,14.93
X-5493,ANXA13,312.0,Amp8,8.51
X-5493,ANXA8,653145.0,Amp5,5.78
X-5493,ANXA8L1,728113.0,Amp5,5.78
X-5493,ANXA8L2,244.0,Amp5,5.78
X-5493,ANXA9,8416.0,Amp8,10.7
X-5493,APC,324.0,MutNovel,"V2561A,0.595"
X-5493,APH1A,51107.0,Amp8,28.84
X-5493,APLP1,333.0,Amp8,8.82
X-5493,ARAP2,116984.0,MutNovel,"K1704T,0.656"
X-5493,ARC,23237.0,Amp5,6.77
X-5493,ARHGAP23,57636.0,MutNovel,"V1386M,1.000"
X-5493,ARHGAP33,115703.0,Amp8,8.82
X-5493,ARHGAP39,80728.0,Amp5,5.5
X-5493,ARNT,405.0,Amp8,20.97
X-5493,ARRDC3,57561.0,Del0.8,0.72
X-5493,ART5,116969.0,MutNovel,"-25P,1.000"
X-5493,ASAP1,50807.0,Amp5,6.82
X-5493,ASAP1-IT1,29065.0,Amp5,6.82
X-5493,ATP4A,495.0,Amp8,8.82
X-5493,BAHCC1,57597.0,MutNovel,"S2006R,1.000"
X-5493,BAI1,575.0,Amp5,6.77
X-5493,BARD1,580.0,MutNovel,"E599K,0.500"
X-5493,BCL2,596.0,Del0.8,0.62
X-5493,BCL9,607.0,Amp8,8.06
X-5493,BCORP1,286554.0,Del0.8,0.26
X-5493,BLVRB,645.0,Amp5,7.01
X-5493,BMP2K,55589.0,MutNovel,"QQQQ478-,1.000"
X-5493,BNIPL,149428.0,Amp8,10.7
X-5493,BOLA1,51027.0,Amp5,7.67
X-5493,BOP1,23246.0,Amp5,5.5
X-5493,BPY2B,442867.0,Del0.8,0.13
X-5493,BPY2B,442867.0,Del0.8,0.17
X-5493,BRAT1,221927.0,MutNovel,"D142N,0.743"
X-5493,BRD1,23774.0,Del0.8,0.76
X-5493,BREA2,286076.0,Amp5,5.5
X-5493,BYSL,705.0,MutNovel,"A285S,0.568"
X-5493,C10orf95,79946.0,MutNovel,"A172V,0.600"
X-5493,C19orf12,83636.0,Amp8,28.25
X-5493,C19orf33,64073.0,Amp8,8.82
X-5493,C19orf40,91442.0,Amp8,8.82
X-5493,C19orf47,126526.0,Amp5,7.01
X-5493,C19orf55,148137.0,Amp8,8.82
X-5493,C1orf187,374946.0,Amp5,5.66
X-5493,C1orf51,148523.0,Amp8,28.84
X-5493,C1orf54,79630.0,Amp8,28.84
X-5493,C1orf56,54964.0,Amp8,10.7
X-5493,C1orf68,100129271.0,Amp8,10.7
X-5493,C21orf58,54058.0,MutNovel,"H299PN,1.000"
X-5493,C2CD4D,100191040.0,Amp8,10.7
X-5493,C2orf16,84226.0,MutNovel,"C1767H,1.000"
X-5493,C8orf31,286122.0,Amp5,6.77
X-5493,C8orf33,65265.0,Amp5,5.5
X-5493,C8orf73,642475.0,MutNovel,"L518R,1.000"
X-5493,C8orf73,642475.0,Amp5,5.5
X-5493,C8orf82,414919.0,Amp5,5.5
X-5493,CA14,23632.0,Amp8,28.84
X-5493,CAPN12,147968.0,Amp5,5.21
X-5493,CATSPER2,117155.0,Del0.8,0.62
X-5493,CATSPERG,57828.0,Amp8,8.82
X-5493,CCDC166,100130274.0,Amp5,5.5
X-5493,CCDC53,51019.0,MutNovel,"A20T,0.500"
X-5493,CCNE1,898.0,Amp8,26.17
X-5493,CCZ1,51622.0,MutNovel,"M410L,0.864"
X-5493,CD160,11126.0,Amp8,8.06
X-5493,CD22,933.0,Amp8,8.82
X-5493,CD226,10666.0,Del0.8,0.7
X-5493,CD70,970.0,MutNovel,"R192C,0.238"
X-5493,CDC42EP1,11135.0,MutNovel,"PAPAANPS253P,1.000"
X-5493,CDC42SE1,56882.0,Amp8,10.7
X-5493,CDH20,28316.0,Del0.8,0.67
X-5493,CDKN1C,1028.0,MutNovel,"APVAV171V,1.000"
X-5493,CDY1B,253175.0,Del0.8,0.26
X-5493,CDY1B,253175.0,Del0.8,0.17
X-5493,CDY2A,9426.0,Del0.8,0.26
X-5493,CDY2A,9426.0,Del0.8,0.26
X-5493,CDY2B,203611.0,Del0.8,0.26
X-5493,CDY2B,203611.0,Del0.8,0.26
X-5493,CEBPA,1050.0,Amp8,8.82
X-5493,CEBPG,1054.0,Amp8,8.82
X-5493,CEL,1056.0,MutNovel,"D504H,0.600"
X-5493,CELF3,11189.0,Amp8,10.7
X-5493,CEP89,84902.0,Amp8,8.82
X-5493,CERS2,29956.0,Amp8,10.7
X-5493,CFHR1,3078.0,Amp5,6.82
X-5493,CFHR3,10878.0,Amp5,6.82
X-5493,CGN,57530.0,Amp8,10.7
X-5493,CHD1L,9557.0,Amp8,8.06
X-5493,CHFR,55743.0,MutNovel,"A144S,0.800"
X-5493,CHL1,10752.0,MutNovel,"R1062C,1.000"
X-5493,CHRAC1,54108.0,Amp5,6.77
X-5493,CHRNB4,1143.0,MutNovel,"G226D,1.000"
X-5493,CHST8,64377.0,Amp8,8.82
X-5493,CKMT1B,1159.0,Del0.8,0.62
X-5493,CLC,1178.0,Amp8,9.25
X-5493,CLCN2,1181.0,MutNovel,"R645PG,0.500"
X-5493,CLCN6,1185.0,Amp5,5.66
X-5493,CLIP3,25999.0,Amp8,8.82
X-5493,CLOCK,9575.0,MutNovel,"S427I,0.650"
X-5493,CNTD2,79935.0,Amp5,7.01
X-5493,COL22A1,169044.0,Amp5,6.77
X-5493,COMMD5,28991.0,Amp5,5.5
X-5493,COX6B1,1340.0,Amp8,8.82
X-5493,CPSF1,29894.0,Amp5,5.5
X-5493,CRCT1,54544.0,Amp8,10.7
X-5493,CRELD2,79174.0,Del0.8,0.56
X-5493,CRNN,49860.0,Amp8,10.7
X-5493,CSPG4P1Y,114758.0,Del0.8,0.17
X-5493,CSPG4P1Y,114758.0,Del0.8,0.26
X-5493,CTIF,9811.0,MutNovel,"T45M,0.486"
X-5493,CTSK,1513.0,Amp8,20.97
X-5493,CTSL1P2,1517.0,Amp5,5.78
X-5493,CTSS,1520.0,Amp8,22.32
X-5493,CXorf30,645090.0,MutNovel,"F371Y,1.000"
X-5493,CYC1,1537.0,Amp5,5.5
X-5493,CYHR1,50626.0,Amp5,5.5
X-5493,CYP11B1,1584.0,Amp5,6.77
X-5493,CYP11B2,1585.0,Amp5,6.77
X-5493,CYP4F11,57834.0,MutNovel,"R507P,1.000"
X-5493,DAZ1,1617.0,Del0.8,0.26
X-5493,DAZ2,57055.0,Del0.8,0.22
X-5493,DAZ3,57054.0,Del0.8,0.21
X-5493,DAZ3,57054.0,Del0.8,0.17
X-5493,DAZ4,57135.0,Del0.8,0.2
X-5493,DAZ4,57135.0,Del0.8,0.22
X-5493,DCAF13,25879.0,MutNovel,"R191Q,1.000"
X-5493,DDX3Y,8653.0,Del0.8,0.26
X-5493,DEFB103A,414325.0,Del0.8,0.77
X-5493,DEFB104B,503618.0,Del0.8,0.77
X-5493,DEFB105B,504180.0,Del0.8,0.77
X-5493,DEFB106B,503841.0,Del0.8,0.77
X-5493,DEFB107A,245910.0,Del0.8,0.77
X-5493,DEFB4A,1673.0,Del0.8,0.77
X-5493,DENND3,22898.0,Amp5,6.77
X-5493,DEPDC1B,55789.0,Del0.8,0.73
X-5493,DGAT1,8694.0,Amp5,5.5
X-5493,DHTKD1,55526.0,MutNovel,"E725Q,0.360"
X-5493,DHX30,22907.0,MutNovel,"D151N,0.447"
X-5493,DKFZp566F0947,94023.0,Amp8,8.82
X-5493,DLL3,10683.0,Amp8,9.25
X-5493,DMKN,93099.0,Amp8,8.82
X-5493,DNM2,1785.0,MutNovel,"P789A,0.293"
X-5493,DOK6,220164.0,Del0.8,0.75
X-5493,DPAGT1,1798.0,MutKnownFunctional,"-233?,0.263"
X-5493,DPF1,8193.0,Amp8,8.82
X-5493,DPY19L3,147991.0,Amp8,8.82
X-5493,DYRK1B,9149.0,Amp8,9.25
X-5493,ECH1,1891.0,Amp8,9.25
X-5493,ECM1,1893.0,Amp8,28.84
X-5493,ECSIT,51295.0,MutNovel,"E399G,0.312"
X-5493,EEF1D,1936.0,Amp5,5.5
X-5493,EFR3A,23167.0,Amp5,6.82
X-5493,EID2,163126.0,Amp8,9.25
X-5493,EID2B,126272.0,Amp8,9.25
X-5493,EIF1AY,9086.0,Del0.8,0.26
X-5493,EIF2C2,27161.0,Amp5,6.77
X-5493,EIF3K,27335.0,Amp8,8.82
X-5493,EIF4G1,1981.0,MutNovel,"EGEA472E,0.230"
X-5493,ELOVL7,79993.0,Del0.8,0.73
X-5493,ENO1,2023.0,MutNovel,"R327W,0.601"
X-5493,ENSA,2029.0,Amp8,22.32
X-5493,EP300,2033.0,MutNovel,"P925T,0.571"
X-5493,EPHB3,2049.0,Amp5,5.03
X-5493,EPPK1,83481.0,Amp5,5.5
X-5493,ERCC8,1161.0,Del0.8,0.73
X-5493,ERMP1,79956.0,MutNovel,"A60V,0.773"
X-5493,ETV2,2116.0,Amp8,8.82
X-5493,EXOSC3,51010.0,MutKnownFunctional,"-224,0.518"
X-5493,EXOSC4,54512.0,Amp5,5.5
X-5493,FAM135B,51059.0,Amp5,6.77
X-5493,FAM175A,84142.0,MutNovel,"E2Q,0.833"
X-5493,FAM187B,148109.0,Amp8,8.82
X-5493,FAM197Y2P,252946.0,Del0.8,0.26
X-5493,FAM203A,51236.0,MutNovel,"P274L,1.000"
X-5493,FAM203A,51236.0,Amp5,5.5
X-5493,FAM35B2,439965.0,Amp5,5.78
X-5493,FAM41AY1,340618.0,Del0.8,0.26
X-5493,FAM41AY1,340618.0,Del0.8,0.26
X-5493,FAM49B,51571.0,Amp5,6.82
X-5493,FAM63A,55793.0,Amp8,10.7
X-5493,FAM66D,100132923.0,Del0.8,0.77
X-5493,FAM83H,286077.0,Amp5,5.5
X-5493,FAM84B,157638.0,Amp8,8.51
X-5493,FAM91A1,157769.0,Amp8,8.51
X-5493,FAM98C,147965.0,Amp8,8.82
X-5493,FBL,2091.0,Amp8,9.25
X-5493,FBXL6,26233.0,Amp5,5.5
X-5493,FBXO17,115290.0,Amp8,9.25
X-5493,FBXO2,26232.0,Amp5,5.66
X-5493,FBXO24,26261.0,MutNovel,"K468R,0.556"
X-5493,FBXO27,126433.0,Amp8,9.25
X-5493,FBXO32,114907.0,Amp8,8.51
X-5493,FBXO44,93611.0,Amp5,5.66
X-5493,FBXO6,26270.0,Amp5,5.66
X-5493,FCGBP,8857.0,Amp5,6.15
X-5493,FCGR1A,2209.0,Amp5,7.67
X-5493,FCGR1C,100132417.0,Amp5,5.5
X-5493,FER1L6,654463.0,Amp8,8.51
X-5493,FER1L6-AS1,439941.0,Amp8,8.51
X-5493,FFAR1,2864.0,Amp8,8.82
X-5493,FFAR2,2867.0,Amp8,8.82
X-5493,FFAR3,2865.0,Amp8,8.82
X-5493,FLG,2312.0,Amp8,10.7
X-5493,FLG2,388698.0,Amp8,10.7
X-5493,FLJ43860,389690.0,Amp5,6.77
X-5493,FMO5,2330.0,Amp8,8.06
X-5493,FOXA3,3171.0,MutNovel,"A296V,0.400"
X-5493,FOXH1,8928.0,Amp5,5.5
X-5493,FRG1,2483.0,MutNovel,"T188S,0.212"
X-5493,FRRS1L,,MutNovel,"R51A,1.000"
X-5493,FXYD1,5348.0,Amp8,8.82
X-5493,FXYD3,5349.0,Amp8,8.82
X-5493,FXYD5,53827.0,Amp8,8.82
X-5493,FXYD7,53822.0,Amp8,8.82
X-5493,GABPB2,126626.0,Amp8,10.7
X-5493,GALNT12,79695.0,MutNovel,"G46R,0.714"
X-5493,GAPDHS,26330.0,Amp8,8.82
X-5493,GGN,199720.0,Amp8,8.82
X-5493,GJA5,2702.0,Amp8,8.06
X-5493,GJA8,2703.0,Amp8,8.06
X-5493,GLI4,2738.0,Amp5,7.62
X-5493,GLUD2,2747.0,MutNovel,"G35R,1.000"
X-5493,GMFG,9535.0,Amp8,9.25
X-5493,GML,2765.0,Amp5,6.77
X-5493,GNRHR2,114814.0,Amp8,8.06
X-5493,GOLGA2P2Y,84559.0,Del0.8,0.17
X-5493,GOLGA2P2Y,84559.0,Del0.8,0.26
X-5493,GOLPH3L,55204.0,Amp8,22.32
X-5493,GOPC,57120.0,MutNovel,"E362D,0.211"
X-5493,GPAA1,8733.0,Amp5,5.5
X-5493,GPATCH1,55094.0,Amp8,8.82
X-5493,GPI,2821.0,Amp8,8.82
X-5493,GPIHBP1,338328.0,Amp5,6.77
X-5493,GPR20,2843.0,Amp5,6.77
X-5493,GPR89A,653519.0,Amp8,8.06
X-5493,GPR89B,51463.0,Amp8,8.06
X-5493,GPR89C,728932.0,Amp8,8.06
X-5493,GPT,2875.0,Amp5,5.5
X-5493,GRAMD1A,57655.0,Amp8,8.82
X-5493,GRID2IP,392862.0,MutNovel,"P751Q,0.857"
X-5493,GRINA,2907.0,Amp5,5.5
X-5493,GSDMC,56169.0,Amp5,6.82
X-5493,GSDMD,79792.0,Amp5,5.5
X-5493,GYG2P1,352887.0,Del0.8,0.26
X-5493,HAMP,57817.0,Amp8,8.82
X-5493,HAUS5,23354.0,Amp8,8.82
X-5493,HCST,10870.0,Amp8,8.82
X-5493,HEATR7A,727957.0,Amp5,5.5
X-5493,HERC2,8924.0,MutNovel,"R2151C,0.700"
X-5493,HERC2,8924.0,MutNovel,"D318Y,0.667"
X-5493,HFE2,148738.0,Amp8,8.06
X-5493,HHLA1,10086.0,Amp5,6.82
X-5493,HIPK4,147746.0,Amp5,7.01
X-5493,HIST1H1D,3007.0,MutNovel,"T100I,0.556"
X-5493,HIST2H2AA4,723790.0,Amp5,7.67
X-5493,HIST2H2AA4,723790.0,Amp5,7.67
X-5493,HIST2H2AB,317772.0,Amp5,7.67
X-5493,HIST2H2AC,8338.0,Amp5,7.67
X-5493,HIST2H2BC,337873.0,Amp5,7.67
X-5493,HIST2H2BE,8349.0,Amp5,7.67
X-5493,HIST2H2BF,440689.0,Amp5,6.87
X-5493,HIST2H3A,333932.0,Amp5,7.67
X-5493,HIST2H3A,333932.0,Amp5,7.67
X-5493,HIST2H3D,653604.0,Amp5,7.67
X-5493,HIST2H4A,8370.0,Amp5,7.67
X-5493,HIST2H4A,8370.0,Amp5,7.67
X-5493,HIST2H4B,554313.0,Amp5,7.67
X-5493,HIST2H4B,554313.0,Amp5,7.67
X-5493,HKR1,284459.0,Amp8,8.82
X-5493,HLA-DRB1,3123.0,MutNovel,"M20S,0.524"
X-5493,HLA-DRB1,3123.0,MutNovel,"MT12IA,0.500"
X-5493,HLA-G,3135.0,MutNovel,"M49V,1.000"
X-5493,HLA-G,3135.0,MutNovel,"T187P,0.880"
X-5493,HNRNPL,3191.0,Amp8,9.25
X-5493,HNRNPM,4670.0,Del0.8,0.69
X-5493,HORMAD1,84072.0,Amp8,22.32
X-5493,HPN,3249.0,Amp8,8.82
X-5493,HPYR1,93668.0,Amp5,6.82
X-5493,HRCT1,646962.0,MutNovel,"P106H,1.000"
X-5493,HRNR,388697.0,Amp8,10.7
X-5493,HSF1,3297.0,Amp5,5.5
X-5493,HSFY2,159119.0,Del0.8,0.26
X-5493,HSFY2,159119.0,Del0.8,0.26
X-5493,HSPB6,126393.0,Amp8,8.82
X-5493,IFT122,55764.0,MutNovel,"E665K,0.538"
X-5493,IGFLR1,79713.0,Amp8,8.82
X-5493,IGLL1,3543.0,MutNovel,"L126P,0.818"
X-5493,IL28A,282616.0,Amp8,9.25
X-5493,IL28B,282617.0,Amp8,9.25
X-5493,IL29,282618.0,Amp8,9.25
X-5493,IP6K1,9807.0,MutNovel,"E176K,0.524"
X-5493,ITGA10,8515.0,Amp8,8.06
X-5493,IVL,3713.0,Amp8,10.7
X-5493,JRK,8629.0,Amp5,6.77
X-5493,KANSL2,54934.0,MutNovel,"R262Q,0.381"
X-5493,KCNK6,9424.0,Amp8,8.82
X-5493,KCNK9,51305.0,Amp5,6.77
X-5493,KCNQ3,3786.0,Amp5,6.82
X-5493,KCTD15,79047.0,Amp8,8.82
X-5493,KDM5D,8284.0,Del0.8,0.26
X-5493,KDSR,2531.0,Del0.8,0.62
X-5493,KHDRBS3,10656.0,Amp5,6.82
X-5493,KIAA0196,9897.0,Amp8,8.51
X-5493,KIAA0355,9710.0,Amp8,8.82
X-5493,KIAA0664,23277.0,MutNovel,"R532W,0.549"
X-5493,KIAA1383,54627.0,MutNovel,"P443S,0.400"
X-5493,KIAA1468,57614.0,Del0.8,0.67
X-5493,KIAA1671,85379.0,MutNovel,"P556L,0.900"
X-5493,KIAA1875,340390.0,Amp5,5.5
X-5493,KIAA2013,90231.0,Amp5,5.66
X-5493,KIF1C,10749.0,MutNovel,"P965A,0.506"
X-5493,KIFC1,3833.0,MutNovel,"Q176H,0.356"
X-5493,KIFC2,90990.0,Amp5,5.5
X-5493,KIRREL2,84063.0,Amp8,8.82
X-5493,KLHL21,9903.0,MutNovel,"D521N,0.218"
X-5493,KLHL38,340359.0,Amp8,8.51
X-5493,KPRP,448834.0,Amp8,10.7
X-5493,KRT10,3858.0,MutNovel,"G514A,0.700"
X-5493,KRT10,3858.0,MutNovel,"G510S,0.581"
X-5493,KRTDAP,388533.0,Amp8,8.82
X-5493,L3MBTL1,26013.0,MutNovel,"R528H,1.000"
X-5493,LANCL2,55915.0,MutNovel,"R8S,0.600"
X-5493,LCE1A,353131.0,Amp8,10.7
X-5493,LCE1B,353132.0,Amp8,10.7
X-5493,LCE1C,353133.0,Amp8,10.7
X-5493,LCE1D,353134.0,Amp8,10.7
X-5493,LCE1E,353135.0,Amp8,10.7
X-5493,LCE1F,353137.0,Amp8,10.7
X-5493,LCE2A,353139.0,Amp8,10.7
X-5493,LCE2B,26239.0,Amp8,10.7
X-5493,LCE2C,353140.0,Amp8,10.7
X-5493,LCE2D,353141.0,Amp8,10.7
X-5493,LCE3A,353142.0,Amp8,10.7
X-5493,LCE3B,353143.0,Amp8,10.7
X-5493,LCE3C,353144.0,Amp8,10.7
X-5493,LCE3D,84648.0,Amp8,10.7
X-5493,LCE3E,353145.0,Amp8,10.7
X-5493,LCE4A,199834.0,Amp8,10.7
X-5493,LCE5A,254910.0,Amp8,10.7
X-5493,LCE6A,448835.0,Amp8,10.7
X-5493,LELP1,149018.0,Amp8,10.7
X-5493,LEUTX,342900.0,Amp8,9.25
X-5493,LGALS13,29124.0,Amp8,9.25
X-5493,LGALS14,56891.0,Amp8,9.25
X-5493,LGALS16,148003.0,Amp8,9.25
X-5493,LGALS17A,400696.0,Amp8,9.25
X-5493,LGALS4,3960.0,Amp8,9.25
X-5493,LGALS7,3963.0,Amp8,9.25
X-5493,LGALS7B,653499.0,Amp8,9.25
X-5493,LGI4,163175.0,Amp8,8.82
X-5493,LIN37,55957.0,Amp8,8.82
X-5493,LINC00051,619434.0,Amp5,6.77
X-5493,LINGO4,339398.0,Amp8,10.7
X-5493,LIX1L,128077.0,Amp8,8.06
X-5493,LMNB2,84823.0,MutNovel,"A19T,0.857"
X-5493,LOC100128338,100128338.0,Amp5,5.5
X-5493,LOC100128675,100128675.0,Amp8,8.82
X-5493,LOC100128682,100128682.0,Amp8,8.82
X-5493,LOC100129935,100129935.0,Amp8,9.25
X-5493,LOC100130231,100130231.0,Amp8,8.51
X-5493,LOC100132111,100132111.0,Amp8,10.7
X-5493,LOC100133669,100133669.0,Amp5,6.77
X-5493,LOC100134317,100134317.0,Amp8,8.82
X-5493,LOC100288181,100288181.0,Amp5,6.77
X-5493,LOC100289211,100289211.0,Amp8,8.06
X-5493,LOC100506469,100506469.0,Amp8,8.82
X-5493,LOC100506930,100506930.0,Amp8,8.82
X-5493,LOC100507003,100507003.0,MutNovel,"T512M,1.000"
X-5493,LOC100507117,100507117.0,Amp5,6.82
X-5493,LOC100507433,100507433.0,Amp8,8.82
X-5493,LOC100631378,100631378.0,Amp8,8.82
X-5493,LOC100996301,,MutNovel,"G225A,0.432"
X-5493,LOC100996689,,MutNovel,"D237E,0.444"
X-5493,LOC100996689,,MutNovel,"R222T,0.500"
X-5493,LOC157381,157381.0,Amp8,8.51
X-5493,LOC284395,284395.0,Amp5,6.28
X-5493,LOC284412,284412.0,Amp8,8.82
X-5493,LOC286094,286094.0,Amp5,6.82
X-5493,LOC388692,388692.0,Amp5,5.5
X-5493,LOC392196,392196.0,Del0.8,0.77
X-5493,LOC400685,400685.0,Amp8,8.82
X-5493,LOC441124,,MutNovel,"P110L,0.574"
X-5493,LOC642441,,MutNovel,"L209S,0.527"
X-5493,LOC642441,,MutNovel,"G178S,0.429"
X-5493,LOC643650,643650.0,Amp5,5.78
X-5493,LOC643669,643669.0,Amp8,9.25
X-5493,LOC644189,644189.0,Amp8,8.82
X-5493,LOC644554,644554.0,Amp8,8.82
X-5493,LOC727677,727677.0,Amp8,8.57
X-5493,LOC728643,728643.0,Amp5,5.78
X-5493,LOC728724,728724.0,Amp8,8.57
X-5493,LOC728752,728752.0,Amp8,8.82
X-5493,LOC728989,728989.0,Amp8,8.06
X-5493,LOC731779,731779.0,Amp5,6.77
X-5493,LOC80054,80054.0,Amp8,8.82
X-5493,LOR,4014.0,Amp8,8.94
X-5493,LOXL2,4017.0,Del0.8,0.76
X-5493,LPP,4026.0,MutNovel,"N311S,0.714"
X-5493,LRFN1,57622.0,Amp8,9.25
X-5493,LRFN3,79414.0,Amp8,8.82
X-5493,LRP3,4037.0,Amp8,8.82
X-5493,LRP5,4041.0,MutNovel,"H1027Y,0.420"
X-5493,LRRC14,9684.0,Amp5,5.5
X-5493,LRRC24,441381.0,Amp5,5.5
X-5493,LRRC6,23639.0,Amp5,6.82
X-5493,LSM14A,26065.0,Amp8,8.82
X-5493,LSR,51599.0,MutNovel,"G518GR,1.000"
X-5493,LSR,51599.0,Amp8,8.82
X-5493,LY6D,8581.0,Amp5,6.77
X-5493,LY6E,4061.0,Amp5,6.77
X-5493,LY6H,4062.0,Amp5,6.77
X-5493,LY6K,54742.0,Amp5,6.77
X-5493,LYNX1,66004.0,Amp5,6.77
X-5493,LYPD2,137797.0,Amp5,6.77
X-5493,LYSMD1,388695.0,Amp8,10.7
X-5493,MAD2L2,10459.0,Amp5,5.66
X-5493,MAF1,84232.0,Amp5,5.5
X-5493,MAFA,389692.0,Amp5,5.5
X-5493,MAG,4099.0,Amp8,8.82
X-5493,MAGEF1,64110.0,Amp5,5.03
X-5493,MAGI1,9223.0,MutNovel,"Q421HR,1.000"
X-5493,MAP3K10,4294.0,Amp5,7.01
X-5493,MAP3K11,4296.0,MutNovel,"P664L,0.598"
X-5493,MAP3K13,9175.0,MutNovel,"C784Y,0.333"
X-5493,MAP4K1,11184.0,Amp8,8.82
X-5493,MAPK15,225689.0,Amp5,5.5
X-5493,2014-03-02 00:00:00,51257.0,Del0.8,0.69
X-5493,MCL1,4170.0,Amp8,28.84
X-5493,MCM6,4175.0,MutNovel,"K173R,0.864"
X-5493,MCM9,254394.0,MutNovel,"P1075S,0.818"
X-5493,MDGA1,266727.0,MutNovel,"R853Q,0.667"
X-5493,MDH2,4191.0,MutNovel,"A66T,0.524"
X-5493,MED29,55588.0,Amp8,9.25
X-5493,MFN2,9927.0,Amp5,5.66
X-5493,MFSD12,126321.0,MutNovel,"V216L,0.471"
X-5493,MFSD3,113655.0,Amp5,5.5
X-5493,MGAT2,4247.0,MutNovel,"W25C,0.391"
X-5493,MGC21881,389741.0,Del0.8,0.79
X-5493,MICALL2,79778.0,MutNovel,"M560I,0.569"
X-5493,MIIP,60672.0,Amp5,5.66
X-5493,MIR1204,100302185.0,Amp8,8.57
X-5493,MIR1205,100302161.0,Amp8,8.57
X-5493,MIR1206,100302170.0,Amp8,8.57
X-5493,MIR1207,100302175.0,Amp8,8.57
X-5493,MIR1208,100302281.0,Amp8,8.57
X-5493,MIR1234,100302196.0,Amp5,5.5
X-5493,MIR30B,407030.0,Amp5,6.82
X-5493,MIR30D,407033.0,Amp5,6.82
X-5493,MIR4257,100422997.0,Amp8,28.84
X-5493,MIR4472-1,100616268.0,Amp5,6.77
X-5493,MIR4530,100616163.0,Amp8,9.25
X-5493,MIR4632,100616438.0,Amp5,5.66
X-5493,MIR4664,100616318.0,Amp5,5.5
X-5493,MIR554,693139.0,Amp8,10.7
X-5493,MIR570,693155.0,Amp5,6.54
X-5493,MIR573,693158.0,Del0.8,0.64
X-5493,MIR641,693226.0,Amp5,7.01
X-5493,MIR661,724031.0,Amp5,5.5
X-5493,MIR937,100126338.0,Amp5,5.5
X-5493,MIR939,100126351.0,Amp5,5.5
X-5493,MKRN7P,7686.0,Del0.8,0.63
X-5493,MLL4,9757.0,Amp8,8.82
X-5493,MLLT11,10962.0,Amp8,10.7
X-5493,MMACHC,25974.0,MutKnownFunctional,"-91?,0.447"
X-5493,MPRIP,23164.0,MutNovel,"TS178T,1.000"
X-5493,MRPL44,65080.0,MutNovel,"D143N,0.525"
X-5493,MRPL9,65005.0,Amp8,10.7
X-5493,MRPS12,6183.0,Amp8,9.25
X-5493,MRPS21,54460.0,Amp8,28.84
X-5493,MTHFR,4524.0,Amp5,5.66
X-5493,MTMR11,10903.0,Amp5,7.67
X-5493,MTSS1,9788.0,Amp8,8.51
X-5493,MUC6,4588.0,MutNovel,"L1673R,0.800"
X-5493,MYC,4609.0,Amp8,8.57
X-5493,MYD88,4615.0,MutNovel,"L197P,0.557"
X-5493,MYO9A,4649.0,MutNovel,"K1341R,1.000"
X-5493,NAPRT1,93100.0,Amp5,5.5
X-5493,NBPF10,100132406.0,Amp5,5.7
X-5493,NBPF11,200030.0,Amp8,8.06
X-5493,NBPF14,25832.0,Amp5,6.23
X-5493,NBPF15,284565.0,Amp5,6.23
X-5493,NBPF16,728936.0,MutNovel,"D237N,0.839"
X-5493,NBPF16,728936.0,Amp5,5.35
X-5493,NBPF9,400818.0,MutNovel,"S519R,1.000"
X-5493,NCCRP1,342897.0,Amp8,9.25
X-5493,NCEH1,57552.0,MutNovel,"M66T,0.600"
X-5493,NCOA3,8202.0,MutNovel,"Q1255-,0.431"
X-5493,NCOR2,9612.0,MutNovel,"G1839GAAA,1.000"
X-5493,NCOR2,9612.0,MutNovel,"-511SS,1.000"
X-5493,NCRNA00185,55410.0,Del0.8,0.26
X-5493,NDRG1,10397.0,Amp5,6.82
X-5493,NDUFB9,4715.0,Amp8,8.51
X-5493,NFKBIB,4793.0,Amp8,9.25
X-5493,NFKBID,84807.0,Amp8,8.82
X-5493,NLGN4Y,22829.0,Del0.8,0.26
X-5493,NOTCH2NL,388677.0,Amp5,5.7
X-5493,NPEPPS,9520.0,MutNovel,"V782I,1.000"
X-5493,NPHS1,4868.0,Amp8,8.82
X-5493,NPIPL3,23117.0,MutNovel,"P430L,0.800"
X-5493,NPIPL3,23117.0,MutNovel,"R391H,0.368"
X-5493,NPLOC4,55666.0,MutNovel,"R125Q,0.996"
X-5493,NPPA,4878.0,Amp5,5.66
X-5493,NPPA-AS1,100379251.0,Amp5,5.66
X-5493,NPPB,4879.0,Amp5,5.66
X-5493,NRBP2,340371.0,Amp5,5.5
X-5493,NSMCE2,286053.0,Amp8,8.51
X-5493,NUDT11,55190.0,MutKnownFunctional,"-1,1.000"
X-5493,NUDT17,200035.0,Amp8,8.06
X-5493,NUDT19,390916.0,Amp8,8.82
X-5493,OAZ3,51686.0,Amp8,10.7
X-5493,OC90,729330.0,Amp5,6.82
X-5493,OPLAH,26873.0,MutKnownFunctional,"-1167,1.000"
X-5493,OPLAH,26873.0,Amp5,5.5
X-5493,OR4C6,219432.0,Del0.8,0.3
X-5493,OR4P4,81300.0,Del0.8,0.3
X-5493,OR4S2,219431.0,Del0.8,0.3
X-5493,ORAI1,84876.0,MutNovel,"PP43-,1.000"
X-5493,OSBPL1A,114876.0,MutNovel,"E142D,1.000"
X-5493,OTUD7B,56957.0,Amp5,7.67
X-5493,PAF1,54623.0,Amp8,9.25
X-5493,PAK4,10298.0,Amp8,9.25
X-5493,PAPL,390928.0,Amp8,9.25
X-5493,PARN,5073.0,MutNovel,"Q136L,0.352"
X-5493,PARP10,84875.0,Amp5,5.5
X-5493,PCAT1,100750225.0,Amp8,8.57
X-5493,PCDH11Y,83259.0,Del0.8,0.26
X-5493,PCDH9,5101.0,MutNovel,"Q1096H,0.625"
X-5493,PDCD2L,84306.0,Amp8,8.82
X-5493,PDCD5,9141.0,Amp8,8.82
X-5493,PDE11A,50940.0,MutKnownFunctional,"-7,1.000"
X-5493,PDE4DIP,9659.0,Amp5,6.45
X-5493,PDIA3P,171423.0,Amp8,8.06
X-5493,PDZD7,79955.0,MutNovel,"H711R,1.000"
X-5493,PDZK1,5174.0,Amp8,8.06
X-5493,PDZK1P1,728939.0,Amp8,8.06
X-5493,PEPD,5184.0,Amp8,8.82
X-5493,PEX11B,8799.0,Amp8,8.06
X-5493,PGLYRP3,114771.0,Amp8,8.94
X-5493,PGLYRP4,57115.0,Amp8,8.94
X-5493,PHF20L1,51105.0,Amp5,6.82
X-5493,PHLDA1,22822.0,MutNovel,"QQ194Q,1.000"
X-5493,PHLPP1,23239.0,Del0.8,0.65
X-5493,PI4KB,5298.0,Amp8,10.7
X-5493,PIAS3,10401.0,Amp8,8.06
X-5493,PIGG,54872.0,MutNovel,"V32F,1.000"
X-5493,PIGN,23556.0,Del0.8,0.67
X-5493,PIKFYVE,200576.0,MutNovel,"F1512Y,0.480"
X-5493,PIP5K1A,8394.0,Amp8,10.7
X-5493,PLD3,23646.0,Amp5,7.01
X-5493,PLEC,5339.0,Amp5,5.5
X-5493,PLEKHF1,79156.0,Amp8,28.25
X-5493,PLEKHG2,64857.0,MutNovel,"R219C,0.963"
X-5493,PLEKHG2,64857.0,Amp8,9.25
X-5493,PLEKHO1,51177.0,Amp5,7.67
X-5493,PLOD1,5351.0,Amp5,5.66
X-5493,POGZ,23126.0,Amp8,10.7
X-5493,POLR1B,84172.0,MutNovel,"G4D,0.357"
X-5493,POLR2I,5438.0,Amp8,8.82
X-5493,POLR3C,10623.0,Amp8,8.06
X-5493,POLR3GL,84265.0,Amp8,8.06
X-5493,POP4,10775.0,Amp8,28.25
X-5493,POU5F1B,5462.0,Amp8,8.57
X-5493,PPIAL4D,645142.0,Amp5,6.23
X-5493,PPIAL4E,730262.0,Amp5,6.23
X-5493,PPP1R14A,94274.0,Amp8,8.82
X-5493,PPP1R16A,84988.0,Amp5,5.5
X-5493,PPP1R26,9858.0,MutNovel,"P457L,0.634"
X-5493,PPP4R2,151987.0,MutNovel,"D300Y,1.000"
X-5493,PPYR1,5540.0,Amp5,5.78
X-5493,PRAM1,84106.0,Del0.8,0.69
X-5493,PRKAB2,5565.0,Amp8,8.06
X-5493,PRKY,5616.0,Del0.8,0.26
X-5493,PRODH2,58510.0,Amp8,8.82
X-5493,PRPF3,9129.0,Amp8,28.84
X-5493,PRR9,574414.0,Amp8,8.94
X-5493,PRRC2B,84726.0,MutNovel,"P653L,0.288"
X-5493,PRUNE,58497.0,Amp8,10.7
X-5493,PRX,57716.0,Amp5,7.01
X-5493,PRY,9081.0,Del0.8,0.26
X-5493,PRY,9081.0,Del0.8,0.26
X-5493,PRY2,442862.0,Del0.8,0.26
X-5493,PRY2,442862.0,Del0.8,0.26
X-5493,PSCA,8000.0,Amp5,6.77
X-5493,PSENEN,55851.0,Amp8,8.82
X-5493,PSMB4,5692.0,Amp8,10.7
X-5493,PSMC4,5704.0,Amp5,7.01
X-5493,PSMD4,5710.0,Amp8,10.7
X-5493,PSMD8,5714.0,Amp8,8.82
X-5493,PSORS1C1,170679.0,MutKnownFunctional,"-38?,0.615"
X-5493,PTCHD2,57540.0,Amp5,5.66
X-5493,PTK2,5747.0,Amp5,6.77
X-5493,PTP4A3,11156.0,Amp5,6.77
X-5493,PUF60,22827.0,Amp5,5.5
X-5493,PVT1,5820.0,Amp8,8.57
X-5493,PWRN2,791115.0,Del0.8,0.32
X-5493,PXMP2,5827.0,MutNovel,"P3L,0.300"
X-5493,PYCRL,65263.0,Amp5,5.5
X-5493,PYGB,5834.0,MutNovel,"D734N,0.305"
X-5493,RAB11B,9230.0,Del0.8,0.69
X-5493,RAI1,10743.0,MutNovel,"P1206S,1.000"
X-5493,RANBP6,26953.0,MutKnownFunctional,"-973?,0.250"
X-5493,RASGRP4,115727.0,Amp8,8.82
X-5493,RBM42,79171.0,Amp8,8.82
X-5493,RBM8A,9939.0,Amp8,8.06
X-5493,RBMY1A3P,286557.0,Del0.8,0.26
X-5493,RBMY1B,378948.0,Del0.8,0.26
X-5493,RBMY1B,378948.0,Del0.8,0.26
X-5493,RBMY1E,378950.0,Del0.8,0.26
X-5493,RBMY1E,378950.0,Del0.8,0.26
X-5493,RBMY1F,159163.0,Del0.8,0.26
X-5493,RBMY1F,159163.0,Del0.8,0.26
X-5493,RBMY1J,378951.0,Del0.8,0.26
X-5493,RBMY1J,378951.0,Del0.8,0.26
X-5493,RBMY2EP,159125.0,Del0.8,0.26
X-5493,RBMY2FP,159162.0,Del0.8,0.26
X-5493,RBMY3AP,64593.0,Del0.8,0.26
X-5493,RCOR1,23186.0,MutNovel,"S94L,1.000"
X-5493,RECQL4,9401.0,Amp5,5.5
X-5493,RFT1,91869.0,MutNovel,"F251L,0.494"
X-5493,RFX5,5993.0,Amp8,10.7
X-5493,RGS11,8786.0,MutNovel,"V160A,0.333"
X-5493,RGS9BP,388531.0,Amp8,8.82
X-5493,RHPN1,114822.0,Amp5,5.5
X-5493,RHPN2,85415.0,Amp8,8.82
X-5493,RIIAD1,284485.0,Amp8,10.7
X-5493,RIN3,79890.0,MutNovel,"G967-,1.000"
X-5493,RINL,126432.0,Amp8,9.25
X-5493,RNF115,27246.0,Amp8,8.06
X-5493,RNF139,11236.0,Amp8,8.51
X-5493,RNF152,220441.0,Del0.8,0.67
X-5493,RNF40,9810.0,MutNovel,"R914W,0.266"
X-5493,ROBO1,6091.0,MutNovel,"S688F,0.714"
X-5493,ROM1,6094.0,MutNovel,"D210V,1.000"
X-5493,RORC,6097.0,Amp8,10.7
X-5493,RPL8,6132.0,Amp5,5.5
X-5493,RPRD2,23248.0,Amp8,28.84
X-5493,RPS16,6217.0,Amp8,9.25
X-5493,RPS4Y1,6192.0,Del0.8,0.26
X-5493,RPS4Y2,140032.0,Del0.8,0.26
X-5493,RPTN,126638.0,Amp8,10.7
X-5493,RTTN,25914.0,Del0.8,0.77
X-5493,RYR1,6261.0,Amp8,8.82
X-5493,S100A10,6281.0,Amp8,10.7
X-5493,S100A11,6282.0,Amp8,10.7
X-5493,S100A12,6283.0,Amp8,8.94
X-5493,S100A16,140576.0,Amp8,8.94
X-5493,S100A2,6273.0,Amp8,8.94
X-5493,S100A3,6274.0,Amp8,8.94
X-5493,S100A4,6275.0,Amp8,8.94
X-5493,S100A5,6276.0,Amp8,8.94
X-5493,S100A6,6277.0,Amp8,8.94
X-5493,S100A7,6278.0,Amp8,8.94
X-5493,S100A7A,338324.0,Amp8,8.94
X-5493,S100A7L2,645922.0,Amp8,8.94
X-5493,S100A8,6279.0,Amp8,8.94
X-5493,S100A9,6280.0,Amp8,8.94
X-5493,SAMD4B,55095.0,Amp8,9.25
X-5493,SARS2,54938.0,Amp8,9.25
X-5493,SBSN,374897.0,Amp8,8.82
X-5493,SCGB1B2P,643719.0,Amp8,8.82
X-5493,SCGB2B2,284402.0,Amp8,8.82
X-5493,SCGB2B3P,100130342.0,Amp8,8.82
X-5493,SCN1B,6324.0,Amp8,8.82
X-5493,SCNM1,79005.0,Amp8,10.7
X-5493,SCRIB,23513.0,Amp5,5.5
X-5493,SCRT1,83482.0,Amp5,5.5
X-5493,SCXA,100129885.0,Amp5,5.5
X-5493,SDHAF1,644096.0,Amp8,8.82
X-5493,SEC22B,9554.0,Amp5,5.66
X-5493,SELENBP1,8991.0,Amp8,10.7
X-5493,SELV,348303.0,Amp8,9.25
X-5493,SEMA6C,10500.0,Amp8,10.7
X-5493,SERINC2,347735.0,MutNovel,"-373Q,1.000"
X-5493,SERPINB11,89778.0,Del0.8,0.62
X-5493,SERPINB12,89777.0,Del0.8,0.62
X-5493,SERPINB13,5275.0,Del0.8,0.62
X-5493,SERPINB3,6317.0,Del0.8,0.62
X-5493,SERPINB4,6318.0,Del0.8,0.62
X-5493,SERPINB5,5268.0,Del0.8,0.62
X-5493,SERPINB7,8710.0,Del0.8,0.62
X-5493,SERTAD1,29950.0,Amp5,7.01
X-5493,SERTAD3,29946.0,Amp5,7.01
X-5493,SETDB1,9869.0,Amp8,14.93
X-5493,SF3B4,10262.0,Amp5,7.67
X-5493,SGK196,84197.0,MutNovel,"K104Q,1.000"
X-5493,SHANK3,85358.0,MutNovel,"P1637L,0.667"
X-5493,SHARPIN,81858.0,Amp5,5.5
X-5493,SIPA1L3,23094.0,Amp8,8.82
X-5493,SIRT2,22933.0,Amp8,9.25
X-5493,SIRT6,51548.0,MutNovel,"N308K,0.500"
X-5493,SLA,6503.0,Amp5,6.82
X-5493,SLC13A3,64849.0,Del0.8,0.63
X-5493,SLC25A23,79085.0,MutNovel,"A289T,0.254"
X-5493,SLC2A10,81031.0,Del0.8,0.63
X-5493,SLC2A13,114134.0,MutNovel,"E628K,0.300"
X-5493,SLC39A4,55630.0,Amp5,5.5
X-5493,SLC44A5,204962.0,MutKnownFunctional,"Q717*,0.769"
X-5493,SLC45A4,57210.0,Amp5,6.77
X-5493,SLC7A10,56301.0,Amp8,8.82
X-5493,SLC7A9,11136.0,Amp8,8.82
X-5493,SLIRP,81892.0,MutNovel,"P19S,1.000"
X-5493,SLURP1,57152.0,Amp5,6.77
X-5493,SMCP,4184.0,Amp8,10.7
X-5493,SNAPC4,6621.0,MutNovel,"S542-,0.234"
X-5493,SNX27,81609.0,Amp8,10.7
X-5493,SPAG11A,653423.0,Del0.8,0.77
X-5493,SPAG11B,10407.0,Del0.8,0.77
X-5493,SPATC1,375686.0,Amp5,5.5
X-5493,SPINT2,10653.0,Amp8,8.82
X-5493,SPRED3,399473.0,Amp8,8.82
X-5493,SPRR1A,6698.0,Amp8,10.7
X-5493,SPRR1B,6699.0,Amp8,10.7
X-5493,SPRR2A,6700.0,Amp8,10.7
X-5493,SPRR2B,6701.0,Amp8,10.7
X-5493,SPRR2C,6702.0,Amp8,10.7
X-5493,SPRR2D,6703.0,Amp8,10.7
X-5493,SPRR2E,6704.0,Amp8,10.7
X-5493,SPRR2F,6705.0,Amp8,10.7
X-5493,SPRR2G,6706.0,Amp8,10.7
X-5493,SPRR3,6707.0,Amp8,10.7
X-5493,SPRR4,163778.0,Amp8,10.7
X-5493,SPRYD4,283377.0,MutNovel,"E202Q,0.623"
X-5493,SQLE,6713.0,Amp8,8.51
X-5493,SRY,6736.0,Del0.8,0.26
X-5493,ST3GAL1,6482.0,Amp5,6.82
X-5493,STRC,161497.0,MutNovel,"T1565S,0.500"
X-5493,STRC,161497.0,Del0.8,0.62
X-5493,SUPT5H,6829.0,Amp8,9.25
X-5493,SV2A,9900.0,Amp5,7.67
X-5493,SYCN,342898.0,Amp8,9.25
X-5493,TARS2,80222.0,Amp8,28.84
X-5493,TAS2R19,259294.0,MutNovel,"M236V,0.778"
X-5493,TATDN1,83940.0,Amp8,8.51
X-5493,TBC1D10B,26000.0,MutNovel,"A209V,0.337"
X-5493,TBC1D3F,,MutNovel,"R69W,1.000"
X-5493,TBCB,1155.0,Amp8,8.82
X-5493,TBL1Y,90665.0,Del0.8,0.26
X-5493,TBP,6908.0,MutNovel,"-64Q,0.923"
X-5493,TCHH,7062.0,Amp8,10.7
X-5493,TCHHL1,126637.0,Amp8,10.7
X-5493,TCP10L2,401285.0,MutNovel,"E277D,1.000"
X-5493,TDRD12,91646.0,Amp8,8.82
X-5493,TDRKH,11022.0,Amp8,10.7
X-5493,TEAD2,8463.0,MutNovel,"E3K,0.300"
X-5493,TG,7038.0,Amp5,6.82
X-5493,TGIF2LY,90655.0,Del0.8,0.26
X-5493,THAP8,199745.0,Amp8,8.82
X-5493,THEG5,100507527.0,Amp8,8.82
X-5493,THEM4,117145.0,Amp8,10.7
X-5493,THEM5,284486.0,Amp8,10.7
X-5493,THOC6,79228.0,MutNovel,"A103V,0.696"
X-5493,THSD4,79875.0,Del0.8,0.66
X-5493,TIGD5,84948.0,Amp5,5.5
X-5493,TIMM50,92609.0,Amp8,9.25
X-5493,TIPRL,261726.0,MutNovel,"I172T,0.436"
X-5493,TMBIM4,51643.0,MutKnownFunctional,"-174?,0.578"
X-5493,TMED10P1,286102.0,Amp5,5.5
X-5493,TMEM147,10430.0,Amp8,8.82
X-5493,TMEM184A,202915.0,MutNovel,"G392GA,1.000"
X-5493,TMEM198,130612.0,MutNovel,"R254H,1.000"
X-5493,TMEM2,23670.0,MutNovel,"T737K,0.405"
X-5493,TMEM65,157378.0,Amp8,8.51
X-5493,TMEM71,137835.0,Amp5,6.82
X-5493,TMOD4,29765.0,Amp8,10.7
X-5493,TMSB4Y,9087.0,Del0.8,0.26
X-5493,TNFAIP8L2,79626.0,Amp8,10.7
X-5493,TNFAIP8L2-SCNM1,100534012.0,Amp8,10.7
X-5493,TNFRSF11A,8792.0,Del0.8,0.67
X-5493,TNFRSF1B,7133.0,Amp5,5.66
X-5493,TNFRSF8,943.0,Amp5,5.66
X-5493,TONSL,4796.0,Amp5,5.5
X-5493,TOP1MT,116447.0,Amp5,6.68
X-5493,TOX2,84969.0,MutNovel,"-390P,0.300"
X-5493,TP53,7157.0,MutKnownFunctional,"R248Q,0.996"
X-5493,TP53RK,112858.0,Del0.8,0.63
X-5493,TRAPPC9,83696.0,Amp5,6.77
X-5493,TRIB1,10221.0,Amp8,8.51
X-5493,TRIM17,51127.0,MutNovel,"G326V,0.375"
X-5493,TRIM50,135892.0,MutNovel,"W13R,1.000"
X-5493,TRIOBP,11078.0,MutNovel,"R527T,0.300"
X-5493,TRMT10B,,MutNovel,"Y289L,0.561"
X-5493,TRMT12,55039.0,Amp8,8.51
X-5493,TRPT1,83707.0,MutNovel,"V56L,1.000"
X-5493,TRRAP,8295.0,MutNovel,"E1229Q,0.400"
X-5493,TSHZ3,57616.0,Amp8,8.82
X-5493,TSNARE1,203062.0,Amp5,6.77
X-5493,TSPY1,7258.0,Del0.8,0.26
X-5493,TSPY2,64591.0,Del0.8,0.26
X-5493,TSPY3,728137.0,Del0.8,0.26
X-5493,TSPY4,728395.0,Del0.8,0.26
X-5493,TSPY8,728403.0,Del0.8,0.26
X-5493,TSPYL1,7259.0,MutNovel,"V176VW,1.000"
X-5493,TSTA3,7264.0,Amp5,5.5
X-5493,TTC13,79573.0,MutNovel,"Q65R,0.364"
X-5493,TTC9B,148014.0,Amp5,7.01
X-5493,TTTY10,246119.0,Del0.8,0.26
X-5493,TTTY11,83866.0,Del0.8,0.26
X-5493,TTTY12,83867.0,Del0.8,0.26
X-5493,TTTY13,83868.0,Del0.8,0.26
X-5493,TTTY14,83869.0,Del0.8,0.26
X-5493,TTTY15,64595.0,Del0.8,0.26
X-5493,TTTY16,252948.0,Del0.8,0.26
X-5493,TTTY17A,252949.0,Del0.8,0.17
X-5493,TTTY17A,252949.0,Del0.8,0.13
X-5493,TTTY18,252950.0,Del0.8,0.26
X-5493,TTTY19,252952.0,Del0.8,0.26
X-5493,TTTY1B,100101116.0,Del0.8,0.26
X-5493,TTTY1B,100101116.0,Del0.8,0.26
X-5493,TTTY2,60439.0,Del0.8,0.26
X-5493,TTTY2,60439.0,Del0.8,0.26
X-5493,TTTY20,252951.0,Del0.8,0.26
X-5493,TTTY21,252953.0,Del0.8,0.26
X-5493,TTTY21,252953.0,Del0.8,0.26
X-5493,TTTY22,252954.0,Del0.8,0.26
X-5493,TTTY23,252955.0,Del0.8,0.26
X-5493,TTTY23,252955.0,Del0.8,0.26
X-5493,TTTY3,114760.0,Del0.8,0.26
X-5493,TTTY3,114760.0,Del0.8,0.17
X-5493,TTTY4,114761.0,Del0.8,0.17
X-5493,TTTY4,114761.0,Del0.8,0.13
X-5493,TTTY5,83863.0,Del0.8,0.26
X-5493,TTTY6,84672.0,Del0.8,0.26
X-5493,TTTY6,84672.0,Del0.8,0.26
X-5493,TTTY7,246122.0,Del0.8,0.26
X-5493,TTTY7,246122.0,Del0.8,0.26
X-5493,TTTY7B,100101120.0,Del0.8,0.26
X-5493,TTTY7B,100101120.0,Del0.8,0.26
X-5493,TTTY8,84673.0,Del0.8,0.26
X-5493,TTTY8,84673.0,Del0.8,0.26
X-5493,TTTY9A,83864.0,Del0.8,0.26
X-5493,TTTY9A,83864.0,Del0.8,0.26
X-5493,TUBE1,51175.0,MutNovel,"N402K,0.226"
X-5493,TUFT1,7286.0,Amp8,10.7
X-5493,TXLNG2P,246126.0,Del0.8,0.26
X-5493,TXNIP,10628.0,Amp8,8.06
X-5493,TYROBP,7305.0,Amp8,8.82
X-5493,U2AF1L4,199746.0,Amp8,8.82
X-5493,UBA2,10054.0,Amp8,8.82
X-5493,UGT2B17,7367.0,MutKnownFunctional,"-104?,1.000"
X-5493,UNK,85451.0,MutNovel,"S389F,1.000"
X-5493,UPK1A,11045.0,Amp8,8.82
X-5493,URI1,8725.0,Amp8,26.17
X-5493,USF2,7392.0,Amp8,8.82
X-5493,USP17L2,377630.0,Del0.8,0.77
X-5493,USP34,9736.0,MutNovel,"E618Q,0.389"
X-5493,USP44,84101.0,MutKnownFunctional,"-175?,0.417"
X-5493,USP45,85015.0,MutNovel,"A368V,0.600"
X-5493,USP9Y,8287.0,Del0.8,0.26
X-5493,UTY,7404.0,Del0.8,0.26
X-5493,VCX,26609.0,MutNovel,"D30G,1.000"
X-5493,VCY,9084.0,Del0.8,0.26
X-5493,VCY,9084.0,Del0.8,0.26
X-5493,VPS28,51160.0,Amp5,5.5
X-5493,VPS45,11311.0,Amp5,7.67
X-5493,VPS4B,9525.0,Del0.8,0.62
X-5493,VPS72,6944.0,Amp8,10.7
X-5493,VSTM2B,342865.0,Amp8,28.25
X-5493,WDR62,284403.0,Amp8,8.82
X-5493,WDR63,126820.0,MutNovel,"S361C,1.000"
X-5493,WDR87,83889.0,Amp8,8.82
X-5493,WDR88,126248.0,Amp8,8.82
X-5493,WHSC1L1,54904.0,MutNovel,"I387T,1.000"
X-5493,WISP1,8840.0,Amp5,6.82
X-5493,WTIP,126374.0,Amp8,8.82
X-5493,XKRY2,353515.0,Del0.8,0.26
X-5493,XKRY2,353515.0,Del0.8,0.26
X-5493,YIF1B,90522.0,Amp8,8.82
X-5493,ZADH2,284273.0,MutNovel,"P43S,0.308"
X-5493,ZBED4,9889.0,Del0.8,0.56
X-5493,ZBTB32,27033.0,Amp8,8.82
X-5493,ZC3H3,23144.0,Amp5,5.5
X-5493,ZCCHC2,54877.0,Del0.8,0.67
X-5493,ZDHHC11,79844.0,MutNovel,"A303D,0.600"
X-5493,ZDHHC11,79844.0,MutNovel,"V193I,0.273"
X-5493,ZFAT,57623.0,MutNovel,"R919H,1.000"
X-5493,ZFAT,57623.0,Amp5,6.82
X-5493,ZFAT-AS1,594840.0,Amp5,6.82
X-5493,ZFP14,57677.0,Amp8,8.82
X-5493,ZFP30,22835.0,Amp8,8.82
X-5493,ZFP36,7538.0,Amp8,9.25
X-5493,ZFP41,286128.0,Amp5,7.62
X-5493,ZFP82,284406.0,Amp8,8.82
X-5493,ZFY,7544.0,Del0.8,0.26
X-5493,ZMAT5,55954.0,MutNovel,"N71S,0.756"
X-5493,ZNF146,7705.0,Amp8,8.82
X-5493,ZNF16,7564.0,Amp5,5.5
X-5493,ZNF181,339318.0,Amp8,8.82
X-5493,ZNF211,10520.0,MutNovel,"L87S,1.000"
X-5493,ZNF250,58500.0,Amp5,5.5
X-5493,ZNF251,90987.0,Amp5,5.5
X-5493,ZNF260,339324.0,Amp8,8.82
X-5493,ZNF30,90075.0,Amp8,8.82
X-5493,ZNF302,55900.0,Amp8,8.82
X-5493,ZNF334,55713.0,Del0.8,0.63
X-5493,ZNF34,80778.0,Amp5,5.5
X-5493,ZNF345,25850.0,Amp8,8.82
X-5493,ZNF367,195828.0,MutNovel,"P19RP,0.500"
X-5493,ZNF382,84911.0,Amp8,8.82
X-5493,ZNF383,163087.0,Amp8,8.82
X-5493,ZNF384,171017.0,MutNovel,"QQ514Q,1.000"
X-5493,ZNF414,84330.0,Del0.8,0.69
X-5493,ZNF420,147923.0,Amp8,8.82
X-5493,ZNF461,92283.0,Amp8,8.82
X-5493,ZNF507,22847.0,Amp8,8.82
X-5493,ZNF517,340385.0,Amp5,5.5
X-5493,ZNF526,116115.0,MutNovel,"G276R,0.895"
X-5493,ZNF527,84503.0,Amp8,8.82
X-5493,ZNF529,57711.0,Amp8,8.82
X-5493,ZNF536,9745.0,Amp8,26.17
X-5493,ZNF540,163255.0,Amp8,8.82
X-5493,ZNF546,339327.0,Amp5,7.01
X-5493,ZNF565,147929.0,Amp8,8.82
X-5493,ZNF566,84924.0,Amp8,8.82
X-5493,ZNF567,163081.0,Amp8,8.82
X-5493,ZNF568,374900.0,Amp8,8.82
X-5493,ZNF569,148266.0,Amp8,8.82
X-5493,ZNF570,148268.0,Amp8,8.82
X-5493,ZNF571,51276.0,Amp8,8.82
X-5493,ZNF572,137209.0,Amp8,8.51
X-5493,ZNF573,126231.0,Amp8,8.82
X-5493,ZNF585A,199704.0,Amp8,8.82
X-5493,ZNF585B,92285.0,Amp8,8.82
X-5493,ZNF599,148103.0,Amp8,8.82
X-5493,ZNF607,84775.0,Amp8,8.82
X-5493,ZNF623,9831.0,Amp5,5.5
X-5493,ZNF687,57592.0,Amp8,10.7
X-5493,ZNF696,79943.0,Amp5,7.62
X-5493,ZNF7,7553.0,Amp5,5.5
X-5493,ZNF705D,728957.0,Del0.8,0.77
X-5493,ZNF707,286075.0,Amp5,5.5
X-5493,ZNF780A,284323.0,Amp5,7.01
X-5493,ZNF780B,163131.0,Amp5,7.01
X-5493,ZNF781,163115.0,Amp8,8.82
X-5493,ZNF790,388536.0,Amp8,8.82
X-5493,ZNF792,126375.0,Amp8,8.82
X-5493,ZNF793,390927.0,Amp8,8.82
X-5493,ZNF829,374899.0,Amp8,8.82
X-5493,ZNF850,342892.0,Amp8,8.82
X-5493,ZNF888,,MutNovel,"E603D,0.667"
X-5493,ZUFSP,221302.0,MutNovel,"E324K,0.234"
X-1199,AARSD1,80755.0,Amp5,5.13
X-1199,ABCC10,89845.0,MutNovel,"T926P,0.516"
X-1199,ABCC3,8714.0,Amp5,5.1
X-1199,ABCG1,9619.0,MutNovel,"R345W,0.380"
X-1199,ACLY,47.0,Amp5,5.13
X-1199,ACOT4,122970.0,MutNovel,"S37F,0.917"
X-1199,ACSF2,80221.0,Amp5,5.1
X-1199,ADAM28,10863.0,MutNovel,"Y318YH,0.783"
X-1199,ADCY7,113.0,MutNovel,"A480T,0.444"
X-1199,ADH1B,125.0,MutNovel,"V103I,0.600"
X-1199,ADH1B,125.0,MutNovel,"V27G,1.000"
X-1199,ADH1B,125.0,MutNovel,"V18L,1.000"
X-1199,AGAP2,116986.0,Amp8,9.58
X-1199,AGAP7,653268.0,MutNovel,"R451C,1.000"
X-1199,AGAP7,653268.0,MutNovel,"D97E,1.000"
X-1199,AGAP8,728404.0,MutNovel,"R492C,0.304"
X-1199,AHNAK2,113146.0,MutNovel,"E1843A,0.385"
X-1199,AHNAK2,113146.0,MutNovel,"M1825I,0.275"
X-1199,AHNAK2,113146.0,MutNovel,"S846L,0.216"
X-1199,ALCAM,214.0,MutNovel,"R468K,0.557"
X-1199,AMELY,266.0,Del0.8,0.24
X-1199,AMY1A,276.0,Del0.8,0.66
X-1199,AMY1A,276.0,Del0.8,0.44
X-1199,ANKIB1,54467.0,MutNovel,"N508S,0.326"
X-1199,ANKMY2,57037.0,MutNovel,"K166R,0.500"
X-1199,ANKRD12,23253.0,MutNovel,"T586R,0.529"
X-1199,ANKRD32,84250.0,MutNovel,"I73V,0.833"
X-1199,ANKRD40,91369.0,Amp5,5.1
X-1199,ANO3,63982.0,Amp8,13.45
X-1199,ANO8,57719.0,MutNovel,"D1207N,0.571"
X-1199,AOC2,314.0,Amp5,5.13
X-1199,AOC3,8639.0,Amp5,5.13
X-1199,AOC4,90586.0,Amp5,5.13
X-1199,ARAP3,64411.0,MutNovel,"D924E,0.593"
X-1199,ARHGAP23,57636.0,Amp5,5.03
X-1199,ARHGAP33,115703.0,MutNovel,"A461F,0.250"
X-1199,ARHGAP9,64333.0,Amp8,9.58
X-1199,ARHGEF10,9639.0,Del0.8,0.23
X-1199,ARHGEF25,115557.0,Amp8,9.58
X-1199,ARHGEF5,7984.0,MutNovel,"P212S,0.971"
X-1199,ARL5C,390790.0,Amp5,5.03
X-1199,ATAD2B,54454.0,MutNovel,"Q575E,0.474"
X-1199,ATG9B,285973.0,MutNovel,"N399S,1.000"
X-1199,ATP6V0A1,535.0,Amp5,5.13
X-1199,ATP6V1D,51382.0,MutNovel,"Y200F,0.466"
X-1199,AUTS2,26053.0,MutNovel,"R870H,0.750"
X-1199,AVIL,10677.0,MutNovel,"G356E,0.835"
X-1199,AVIL,10677.0,Amp8,9.58
X-1199,B4GALNT1,2583.0,Amp8,9.58
X-1199,BBOX1,8424.0,Amp8,13.45
X-1199,BCORP1,286554.0,Del0.8,0.21
X-1199,BDNF,627.0,Amp8,13.45
X-1199,BECN1,8678.0,Amp5,5.13
X-1199,BFSP1,631.0,MutNovel,"G46A,0.667"
X-1199,BLK,640.0,Amp5,7.41
X-1199,BPY2B,442867.0,Del0.8,0.15
X-1199,BPY2B,442867.0,Del0.8,0.11
X-1199,BRCA1,672.0,MutNovel,"A322S,0.329"
X-1199,BRCA1,672.0,Amp5,5.86
X-1199,BTBD2,55643.0,MutNovel,"AA53-,0.538"
X-1199,C17orf96,100170841.0,Amp5,5.03
X-1199,C17orf98,388381.0,Amp5,5.03
X-1199,C4orf32,132720.0,MutNovel,"G5A,0.431"
X-1199,C6orf108,10591.0,MutNovel,"V166M,0.534"
X-1199,C6orf141,135398.0,MutNovel,"S22T,0.406"
X-1199,C7orf10,79783.0,MutNovel,"V301I,0.625"
X-1199,C8orf12,83656.0,Amp5,7.41
X-1199,C8orf42,157695.0,Del0.8,0.27
X-1199,C8orf74,203076.0,Amp8,9.78
X-1199,CACNA1G,8913.0,Amp5,5.1
X-1199,CACNB1,782.0,Amp5,5.03
X-1199,CASC3,22794.0,Amp5,5.03
X-1199,CASP1,834.0,MutNovel,"K37Q,0.269"
X-1199,CBFB,865.0,MutNovel,"P2L,0.518"
X-1199,CBWD6,644019.0,MutKnownFunctional,"-259?,0.303"
X-1199,CCDC34,91057.0,Amp8,13.45
X-1199,CCDC56,28958.0,Amp5,5.13
X-1199,CCR10,2826.0,Amp5,5.13
X-1199,CCR7,1236.0,Amp5,5.03
X-1199,CD300C,10871.0,MutNovel,"I124V,0.571"
X-1199,CD300C,10871.0,MutNovel,"R118Q,0.571"
X-1199,CDC6,990.0,Amp5,5.03
X-1199,CDK12,51755.0,Amp5,5.03
X-1199,CDK4,1019.0,Amp8,9.58
X-1199,CDKN2A,1029.0,MutKnownFunctional,"-44?,0.966"
X-1199,CDT1,81620.0,MutNovel,"T44P,0.692"
X-1199,CDY1B,253175.0,Del0.8,0.15
X-1199,CDY1B,253175.0,Del0.8,0.21
X-1199,CDY2A,9426.0,Del0.8,0.13
X-1199,CDY2A,9426.0,Del0.8,0.24
X-1199,CDY2B,203611.0,Del0.8,0.13
X-1199,CDY2B,203611.0,Del0.8,0.24
X-1199,CELF2,10659.0,MutNovel,"P22A,1.000"
X-1199,CEP192,55125.0,MutNovel,"D316G,0.429"
X-1199,CHAD,1101.0,Amp5,5.1
X-1199,CIRBP,1153.0,MutNovel,"G149S,0.377"
X-1199,CISD3,284106.0,Amp5,5.03
X-1199,CLEC18B,497190.0,MutNovel,"T173A,0.571"
X-1199,CLN8,2055.0,Del0.8,0.25
X-1199,CNP,1267.0,Amp5,5.13
X-1199,CNTD1,124817.0,Amp5,5.13
X-1199,CNTNAP1,8506.0,Amp5,5.13
X-1199,CNTNAP3B,728577.0,Del0.8,0.75
X-1199,COASY,80347.0,Amp5,5.13
X-1199,COL5A2,1290.0,MutNovel,"G964S,0.364"
X-1199,COX10,1352.0,Del0.8,0.7
X-1199,CRYBB2,1415.0,MutNovel,"W195G,0.286"
X-1199,CRYGS,1427.0,MutNovel,"D103G,0.333"
X-1199,CRYZ,1429.0,Del0.8,0.8
X-1199,CSF3,1440.0,Amp5,5.03
X-1199,CSGALNACT2,55454.0,MutNovel,"C34R,0.519"
X-1199,CSMD1,64478.0,Del0.8,0.25
X-1199,CSNK2A1P,283106.0,MutNovel,"V346I,1.000"
X-1199,CSPG4P1Y,114758.0,Del0.8,0.21
X-1199,CSPG4P1Y,114758.0,Del0.8,0.15
X-1199,CTDSP2,10106.0,Amp8,9.58
X-1199,CTSA,5476.0,MutNovel,"L29-,0.353"
X-1199,CTSB,1508.0,Amp5,7.41
X-1199,CWC25,54883.0,Amp5,5.03
X-1199,CYP27B1,1594.0,Amp8,9.58
X-1199,DAB2IP,153090.0,MutNovel,"N179S,0.990"
X-1199,DAZ1,1617.0,Del0.8,0.21
X-1199,DAZ2,57055.0,Del0.8,0.19
X-1199,DAZ3,57054.0,Del0.8,0.15
X-1199,DAZ3,57054.0,Del0.8,0.18
X-1199,DAZ4,57135.0,Del0.8,0.17
X-1199,DAZ4,57135.0,Del0.8,0.19
X-1199,DCDC5,100506627.0,Amp8,9.92
X-1199,DCTN2,10540.0,Amp8,9.58
X-1199,DDIT3,1649.0,Amp8,9.58
X-1199,DDX3Y,8653.0,Del0.8,0.24
X-1199,DDX52,11056.0,Amp5,5.03
X-1199,DEFB109P1B,641517.0,Amp5,6.96
X-1199,DEFB109P1B,641517.0,Amp8,9.06
X-1199,DEFB130,245940.0,Amp5,7.41
X-1199,DEFB134,613211.0,Amp5,7.41
X-1199,DEFB135,613209.0,Amp5,7.41
X-1199,DEFB136,613210.0,Amp5,7.41
X-1199,DHTKD1,55526.0,MutNovel,"H859N,0.442"
X-1199,DHX38,9785.0,MutNovel,"K80E,0.497"
X-1199,DHX58,79132.0,Amp5,5.13
X-1199,DLEU7,220107.0,MutNovel,"R105Q,1.000"
X-1199,DLGAP2,9228.0,Del0.8,0.31
X-1199,DNAJC18,202052.0,MutNovel,"P172A,0.545"
X-1199,DNAJC25,548645.0,MutNovel,"M290V,1.000"
X-1199,DNAJC7,7266.0,Amp5,5.13
X-1199,DNMT1,1786.0,MutNovel,"V1078M,0.450"
X-1199,DTX3,196403.0,Amp8,9.58
X-1199,DYNC2H1,79659.0,MutNovel,"R462W,0.526"
X-1199,DYNC2H1,79659.0,MutNovel,"V896I,0.682"
X-1199,E2F5,1875.0,MutNovel,"G18A,0.571"
X-1199,ECI1,1632.0,MutNovel,"A55V,0.503"
X-1199,EEF1DP3,196549.0,Del0.8,0.75
X-1199,EIF1,10209.0,Amp5,5.13
X-1199,EIF1AY,9086.0,Del0.8,0.21
X-1199,EIF3B,8662.0,MutNovel,"E157G,0.494"
X-1199,EME1,146956.0,Amp5,5.1
X-1199,EPN3,55040.0,Amp5,5.1
X-1199,ERBB2,2064.0,Amp5,5.03
X-1199,ERBB3,2065.0,MutNovel,"G350R,0.728"
X-1199,ERICH1,157697.0,Del0.8,0.29
X-1199,EVPLL,645027.0,MutKnownFunctional,"W209*,1.000"
X-1199,EXOC6B,23233.0,MutNovel,"T554A,0.444"
X-1199,EZH1,2145.0,Amp5,5.13
X-1199,FAM105B,90268.0,MutNovel,"PAREAAAT21P,0.296"
X-1199,FAM132A,388581.0,MutNovel,"L261V,0.577"
X-1199,FAM134C,162427.0,Amp5,5.13
X-1199,FAM161B,145483.0,MutNovel,"H46P,0.625"
X-1199,FAM167A,83648.0,Amp5,7.41
X-1199,FAM179B,23116.0,MutNovel,"S81T,0.618"
X-1199,FAM197Y2P,252946.0,Del0.8,0.24
X-1199,FAM21B,55747.0,MutNovel,"S481L,0.909"
X-1199,FAM41AY1,340618.0,Del0.8,0.24
X-1199,FAM41AY1,340618.0,Del0.8,0.13
X-1199,FAM66B,100128890.0,Amp5,6.96
X-1199,FAM66D,100132923.0,Amp5,7.41
X-1199,FAM66E,100132103.0,Amp5,5.31
X-1199,FAM75A6,389730.0,Del0.8,0.42
X-1199,FAM86B1,85002.0,Amp5,7.41
X-1199,FANCM,57697.0,MutNovel,"A1689V,0.304"
X-1199,FASN,2194.0,MutNovel,"A1358D,0.571"
X-1199,FBXL20,84961.0,Amp5,5.03
X-1199,FBXO25,26260.0,MutNovel,"R83H,1.000"
X-1199,FBXO25,26260.0,Del0.8,0.32
X-1199,FBXO47,494188.0,Amp5,5.03
X-1199,FDFT1,2222.0,Amp5,7.41
X-1199,FGD5,152273.0,MutNovel,"A404V,1.000"
X-1199,FHIT,2272.0,Del0.8,0.32
X-1199,FIBIN,387758.0,Amp8,13.45
X-1199,FKBP10,60681.0,Amp5,5.13
X-1199,FLJ22184,80164.0,MutNovel,"L103I,0.500"
X-1199,FOXC1,2296.0,MutNovel,"S131W,1.000"
X-1199,FOXD1,2297.0,MutNovel,"A88G,1.000"
X-1199,FOXRED1,55572.0,MutNovel,"G292R,0.486"
X-1199,FSHB,2488.0,Amp8,9.92
X-1199,FZD1,8321.0,MutNovel,"A64T,0.708"
X-1199,FZD6,8323.0,MutNovel,"I400M,0.488"
X-1199,G6PC,2538.0,Amp5,5.13
X-1199,GANC,2595.0,MutNovel,"R652Q,0.562"
X-1199,GAST,2520.0,Amp5,5.13
X-1199,GATA4,2626.0,Amp5,7.41
X-1199,GATA6,2627.0,MutNovel,"A284G,1.000"
X-1199,GHDC,84514.0,Amp5,5.13
X-1199,GJD3,125111.0,Amp5,5.03
X-1199,GLTSCR2,29997.0,MutNovel,"D401A,0.474"
X-1199,GLUL,2752.0,MutNovel,"R181W,0.417"
X-1199,GOLGA2P2Y,84559.0,Del0.8,0.15
X-1199,GOLGA2P2Y,84559.0,Del0.8,0.21
X-1199,GOLGA3,2802.0,MutNovel,"S81R,1.000"
X-1199,GOLGA8B,440270.0,MutNovel,"E122D,0.395"
X-1199,GOLGA8J,,MutNovel,"R331H,1.000"
X-1199,GOLGB1,2804.0,MutNovel,"V280I,0.471"
X-1199,GPR108,56927.0,MutNovel,"R445Q,0.468"
X-1199,GPR135,64582.0,MutKnownFunctional,"-343?,0.625"
X-1199,GPR135,64582.0,MutNovel,"S35L,0.800"
X-1199,GPR179,440435.0,Amp5,5.03
X-1199,GPRIN2,9721.0,MutNovel,"-238MRE,0.600"
X-1199,GRB7,2886.0,Amp5,5.03
X-1199,GSDMA,284110.0,Amp5,5.03
X-1199,GSDMB,55876.0,Amp5,5.03
X-1199,GSTM1,2944.0,MutNovel,"S210T,0.824"
X-1199,GSTM1,2944.0,Del0.8,0.55
X-1199,GTF2F2,2963.0,MutNovel,"R126Q,0.495"
X-1199,GTF2IRD2,84163.0,MutNovel,"R464L,0.465"
X-1199,GTF2IRD2B,389524.0,MutNovel,"G211S,0.259"
X-1199,GTSF1,121355.0,Amp5,5.46
X-1199,GYG2P1,352887.0,Del0.8,0.24
X-1199,HAP1,9001.0,Amp5,5.13
X-1199,HCLS1,3059.0,MutNovel,"E216K,0.800"
X-1199,HCRT,3060.0,Amp5,5.13
X-1199,HEG1,57493.0,MutNovel,"R58H,1.000"
X-1199,HIST1H2AK,8330.0,MutNovel,"R82P,0.762"
X-1199,HLA-DPB1,3115.0,MutNovel,"F74Y,0.250"
X-1199,HLA-DPB1,3115.0,MutNovel,"T78R,0.250"
X-1199,HLA-DPB1,3115.0,MutNovel,"E97Q,0.409"
X-1199,HLA-DRB1,3123.0,MutNovel,"M20S,0.467"
X-1199,HLA-DRB1,3123.0,MutNovel,"MT12IA,0.412"
X-1199,HLA-DRB5,3127.0,MutNovel,"A87E,0.929"
X-1199,HLA-G,3135.0,MutNovel,"L303Q,1.000"
X-1199,HNF1B,6928.0,Amp5,5.03
X-1199,HNRNPA1,3178.0,MutNovel,"NGG292N,0.230"
X-1199,HNRNPA1L2,144983.0,MutKnownFunctional,"-25,0.570"
X-1199,HNRNPH1,3187.0,MutNovel,"T107M,0.546"
X-1199,HSD17B1,3292.0,Amp5,5.13
X-1199,HSFY2,159119.0,Del0.8,0.13
X-1199,HSFY2,159119.0,Del0.8,0.13
X-1199,HSPA1A,3303.0,MutNovel,"M122K,1.000"
X-1199,HSPB9,94086.0,Amp5,5.13
X-1199,HYDIN,54768.0,MutNovel,"P2931L,1.000"
X-1199,IFI35,3430.0,Amp5,5.13
X-1199,IFIT1,3434.0,MutNovel,"E471D,0.989"
X-1199,IGFBP4,3487.0,Amp5,5.03
X-1199,IKZF3,22806.0,Amp5,5.03
X-1199,IL1RAPL2,26280.0,Del0.8,0.56
X-1199,INO80D,54891.0,MutNovel,"F294L,0.559"
X-1199,ITGB5,3693.0,MutNovel,"S659T,0.503"
X-1199,JUP,3728.0,Amp5,5.13
X-1199,KAT2A,2648.0,Amp5,5.13
X-1199,KBTBD11,9920.0,Del0.8,0.25
X-1199,KCNA4,3739.0,Amp5,5.7
X-1199,KCNH4,23415.0,Amp5,5.13
X-1199,KCP,375616.0,MutNovel,"L812V,1.000"
X-1199,KDM5D,8284.0,Del0.8,0.21
X-1199,KIF18A,81930.0,Amp8,14.12
X-1199,KIF5A,3798.0,Amp8,9.58
X-1199,KLHL10,317719.0,Amp5,5.13
X-1199,KLHL11,55175.0,Amp5,5.13
X-1199,KLRC2,3822.0,Del0.8,0.79
X-1199,KRAS,3845.0,MutKnownFunctional,"G12V,0.556"
X-1199,KRT10,3858.0,Amp5,5.03
X-1199,KRT12,3859.0,Amp5,5.03
X-1199,KRT13,3860.0,Amp5,5.13
X-1199,KRT14,3861.0,Amp5,5.13
X-1199,KRT15,3866.0,Amp5,5.13
X-1199,KRT16,3868.0,Amp5,5.13
X-1199,KRT17,3872.0,Amp5,5.13
X-1199,KRT19,3880.0,Amp5,5.13
X-1199,KRT20,54474.0,Amp5,5.03
X-1199,KRT222,125113.0,Amp5,5.03
X-1199,KRT23,25984.0,Amp5,5.03
X-1199,KRT24,192666.0,Amp5,5.03
X-1199,KRT25,147183.0,Amp5,5.03
X-1199,KRT26,353288.0,Amp5,5.03
X-1199,KRT27,342574.0,Amp5,5.03
X-1199,KRT28,162605.0,Amp5,5.03
X-1199,KRT31,3881.0,Amp5,5.13
X-1199,KRT32,3882.0,Amp5,5.13
X-1199,KRT33A,3883.0,Amp5,5.13
X-1199,KRT33B,3884.0,Amp5,5.13
X-1199,KRT34,3885.0,Amp5,5.13
X-1199,KRT35,3886.0,Amp5,5.13
X-1199,KRT36,8689.0,Amp5,5.13
X-1199,KRT37,8688.0,Amp5,5.13
X-1199,KRT38,8687.0,Amp5,5.13
X-1199,KRT39,390792.0,Amp5,5.03
X-1199,KRT40,125115.0,Amp5,5.03
X-1199,KRT42P,284116.0,Amp5,5.13
X-1199,KRT9,3857.0,Amp5,5.13
X-1199,KRTAP1-1,81851.0,Amp5,5.03
X-1199,KRTAP1-3,81850.0,Amp5,5.03
X-1199,KRTAP1-5,83895.0,Amp5,5.03
X-1199,KRTAP16-1,100505753.0,Amp5,5.13
X-1199,KRTAP17-1,83902.0,Amp5,5.13
X-1199,KRTAP2-1,81872.0,Amp5,5.03
X-1199,KRTAP2-2,728279.0,Amp5,5.03
X-1199,KRTAP2-4,85294.0,Amp5,5.03
X-1199,KRTAP3-1,83896.0,Amp5,5.03
X-1199,KRTAP3-2,83897.0,Amp5,5.03
X-1199,KRTAP3-3,85293.0,Amp5,5.03
X-1199,KRTAP4-1,85285.0,Amp5,5.03
X-1199,KRTAP4-11,653240.0,Amp5,5.03
X-1199,KRTAP4-12,83755.0,Amp5,5.03
X-1199,KRTAP4-2,85291.0,Amp5,5.03
X-1199,KRTAP4-3,85290.0,Amp5,5.03
X-1199,KRTAP4-4,84616.0,Amp5,5.03
X-1199,KRTAP4-5,85289.0,Amp5,5.03
X-1199,KRTAP4-6,81871.0,Amp5,5.03
X-1199,KRTAP4-7,100132476.0,Amp5,5.03
X-1199,KRTAP4-8,728224.0,Amp5,5.03
X-1199,KRTAP4-9,100132386.0,Amp5,5.03
X-1199,KRTAP9-1,728318.0,Amp5,5.03
X-1199,KRTAP9-9,81870.0,Amp8,8.4
X-1199,LASP1,3927.0,Amp5,5.03
X-1199,LCE3C,353144.0,Del0.8,0.3
X-1199,LEPREL4,10609.0,Amp5,5.13
X-1199,LFNG,3955.0,MutKnownFunctional,"-47D?,0.600"
X-1199,LGALS9C,654346.0,MutNovel,"V309L,0.667"
X-1199,LGR4,55366.0,Amp8,13.45
X-1199,LIN7C,55327.0,Amp8,13.45
X-1199,LINC00208,83655.0,Amp5,7.41
X-1199,LOC100130776,100130776.0,Amp8,9.58
X-1199,LOC100131347,100131347.0,Amp5,5.03
X-1199,LOC100190938,100190938.0,Amp5,5.13
X-1199,LOC100505576,100505576.0,Amp5,5.03
X-1199,LOC100505782,100505782.0,Amp5,5.13
X-1199,LOC100506422,100506422.0,Del0.8,0.39
X-1199,LOC100506533,,MutNovel,"A21T,1.000"
X-1199,LOC100506844,100506844.0,Amp8,9.58
X-1199,LOC100996318,,MutNovel,"A104V,1.000"
X-1199,LOC100996473,,MutNovel,"R2P,0.818"
X-1199,LOC147093,147093.0,Amp5,5.13
X-1199,LOC283710,283710.0,MutKnownFunctional,"-26,0.732"
X-1199,LOC284100,284100.0,Amp5,5.03
X-1199,LOC286083,286083.0,Del0.8,0.21
X-1199,LOC348120,348120.0,Del0.8,0.62
X-1199,LOC349196,349196.0,Amp5,6.96
X-1199,LOC388387,388387.0,Amp5,5.13
X-1199,LOC392196,392196.0,Amp5,7.41
X-1199,LOC400604,400604.0,Amp5,5.1
X-1199,LOC440434,440434.0,Amp5,5.03
X-1199,LOC554223,554223.0,MutNovel,"S187R,0.426"
X-1199,LOC642441,,MutNovel,"R108G,1.000"
X-1199,LOC730755,730755.0,Amp5,5.03
X-1199,LRIG3,121227.0,Amp5,7.36
X-1199,LRRC16B,90668.0,MutNovel,"P1204L,0.500"
X-1199,LRRC3C,100505591.0,Amp5,5.03
X-1199,LRRC59,55379.0,Amp5,5.1
X-1199,LSR,51599.0,MutNovel,"G518GR,0.459"
X-1199,LUC7L3,51747.0,Amp5,5.1
X-1199,LUZP2,338645.0,Amp5,5.78
X-1199,MAGI1,9223.0,MutNovel,"QQQQQ411Q,0.371"
X-1199,MAP3K10,4294.0,MutNovel,"PSPP774-,0.241"
X-1199,MAP3K4,4216.0,MutNovel,"PA1189P,0.667"
X-1199,2014-03-09 00:00:00,92979.0,Amp8,9.58
X-1199,MARCKS,4082.0,MutNovel,"E227D,0.483"
X-1199,MARS,4141.0,Amp8,9.58
X-1199,MB21D1,115004.0,MutNovel,"P132A,0.333"
X-1199,MBD6,114785.0,Amp8,9.58
X-1199,MBTD1,54799.0,Amp5,5.1
X-1199,MDN1,23195.0,MutNovel,"S3226G,0.400"
X-1199,MED1,5469.0,Amp5,5.03
X-1199,MED15,51586.0,MutNovel,"Q251-,0.274"
X-1199,MED24,9862.0,Amp5,5.03
X-1199,METTL1,4234.0,Amp8,9.58
X-1199,METTL15,196074.0,Amp8,11.24
X-1199,METTL21B,25895.0,Amp8,9.58
X-1199,MIB2,142678.0,MutKnownFunctional,"-2?,0.333"
X-1199,MIB2,142678.0,MutNovel,"R911G,0.472"
X-1199,MICA,100507436.0,MutKnownFunctional,"-44,0.567"
X-1199,MICU1,10367.0,MutNovel,"P60S,0.466"
X-1199,MIEN1,84299.0,Amp5,5.03
X-1199,MIR1322,100302166.0,Amp8,9.78
X-1199,MIR26A2,407016.0,Amp8,9.58
X-1199,MIR4726,100616153.0,Amp5,5.03
X-1199,MIR4727,100616416.0,Amp5,5.03
X-1199,MIR4728,100616132.0,Amp5,5.03
X-1199,MIR4734,100616203.0,Amp5,5.03
X-1199,MIR596,693181.0,Del0.8,0.25
X-1199,MIR598,693183.0,Amp5,7.41
X-1199,MIR610,693195.0,Amp8,14.12
X-1199,MLL3,58508.0,MutKnownFunctional,"G969*,1.000"
X-1199,MLLT6,4302.0,Amp5,5.03
X-1199,MLX,6945.0,Amp5,5.13
X-1199,MPPED2,744.0,Amp8,9.92
X-1199,MPRIP,23164.0,MutNovel,"TS178T,0.545"
X-1199,MRPL27,51264.0,Amp5,5.1
X-1199,MRPL45,84311.0,Amp5,5.03
X-1199,MRPS35,60488.0,MutNovel,"L6S,0.575"
X-1199,MSL1,339287.0,Amp5,5.03
X-1199,MTERFD2,130916.0,MutNovel,"DE366E,0.443"
X-1199,MTMR9,66036.0,Amp5,7.41
X-1199,MUC12,10071.0,MutNovel,"E4601G,1.000"
X-1199,MUC12,10071.0,MutNovel,"T4603M,1.000"
X-1199,MUC15,143662.0,Amp8,13.45
X-1199,MUC3A,,MutNovel,"T412S,0.778"
X-1199,MUS81,80198.0,MutNovel,"A15S,0.457"
X-1199,MYCBPAP,84073.0,Amp5,5.1
X-1199,MYH11,4629.0,MutNovel,"A1391P,0.505"
X-1199,MYOM2,9172.0,Del0.8,0.33
X-1199,NAGLU,4669.0,Amp5,5.13
X-1199,NBPF11,200030.0,MutNovel,"R657Q,1.000"
X-1199,NBPF12,,MutNovel,"D440G,0.647"
X-1199,NBPF16,728936.0,MutNovel,"P669T,1.000"
X-1199,NBPF9,400818.0,MutNovel,"R97G,0.230"
X-1199,NCKAP1L,3071.0,Amp5,5.46
X-1199,NCOA3,8202.0,MutNovel,"Q1255-,0.220"
X-1199,NCOR2,9612.0,MutNovel,"G1839GAAA,0.615"
X-1199,NCRNA00185,55410.0,Del0.8,0.21
X-1199,NEIL2,252969.0,Amp5,7.41
X-1199,NEK11,79858.0,MutNovel,"R157Q,0.500"
X-1199,NELL1,4745.0,Del0.8,0.64
X-1199,NEUROD2,4761.0,Amp5,5.03
X-1199,NKIRAS2,28511.0,Amp5,5.13
X-1199,NLGN4Y,22829.0,Del0.8,0.24
X-1199,NME1,4830.0,Amp5,5.1
X-1199,NME1-NME2,654364.0,Amp5,5.1
X-1199,NME2,4831.0,Amp5,5.1
X-1199,NOMO2,283820.0,MutNovel,"Y267C,0.411"
X-1199,NPIPL3,23117.0,MutNovel,"P845L,0.654"
X-1199,NPIPL3,23117.0,MutNovel,"I650T,0.500"
X-1199,NR1D1,9572.0,Amp5,5.03
X-1199,NR1H2,7376.0,MutNovel,"-173Q,0.807"
X-1199,NT5C3L,115024.0,Amp5,5.13
X-1199,NUDT7,283927.0,MutNovel,"A144G,0.444"
X-1199,NUPL1,9818.0,MutNovel,"P121L,0.544"
X-1199,ODZ1,10178.0,MutNovel,"Y1495C,1.000"
X-1199,OPA1,4976.0,MutNovel,"Q538H,0.471"
X-1199,OR2T10,127069.0,Amp5,5.74
X-1199,OR2T11,127077.0,Amp5,5.74
X-1199,OR2T2,401992.0,Del0.8,0.74
X-1199,OR2T3,343173.0,Del0.8,0.74
X-1199,OR2T35,403244.0,Amp5,5.74
X-1199,OR4F21,441308.0,Del0.8,0.78
X-1199,ORAI1,84876.0,MutNovel,"PP43-,0.964"
X-1199,ORMDL3,94103.0,Amp5,5.03
X-1199,OS9,10956.0,Amp8,9.58
X-1199,PARS2,25973.0,MutNovel,"R143K,0.443"
X-1199,PCDH11Y,83259.0,Del0.8,0.24
X-1199,PCDHA7,56141.0,MutNovel,"S536T,0.962"
X-1199,PCDHB10,56126.0,MutNovel,"R652C,0.393"
X-1199,PCGF2,7703.0,Amp5,5.03
X-1199,PDE1B,5153.0,Amp5,5.46
X-1199,PGAP3,93210.0,Amp5,5.03
X-1199,PHF20L1,51105.0,MutNovel,"H799-,0.277"
X-1199,PIEZO1,9780.0,MutNovel,"L1508V,0.518"
X-1199,PIEZO2,63895.0,MutNovel,"G1763A,1.000"
X-1199,PIF1,80119.0,MutNovel,"F77L,0.250"
X-1199,PINX1,54984.0,Amp8,9.78
X-1199,PIP4K2B,8396.0,Amp5,5.03
X-1199,PIP4K2C,79837.0,Amp8,9.58
X-1199,PLEKHH3,79990.0,Amp5,5.13
X-1199,PLXDC1,57125.0,Amp5,5.03
X-1199,PNMT,5409.0,Amp5,5.03
X-1199,POGK,57645.0,MutNovel,"G167W,0.515"
X-1199,POLRMT,5442.0,MutNovel,"-747TC,0.329"
X-1199,PPP1R1A,5502.0,Amp5,5.46
X-1199,PPP1R1B,84152.0,Amp5,5.03
X-1199,PRKY,5616.0,Del0.8,0.24
X-1199,PRSS55,203074.0,Amp8,9.78
X-1199,PRY,9081.0,Del0.8,0.21
X-1199,PRY,9081.0,Del0.8,0.21
X-1199,PRY2,442862.0,Del0.8,0.21
X-1199,PRY2,442862.0,Del0.8,0.21
X-1199,PSMB3,5691.0,Amp5,5.03
X-1199,PSMC3IP,29893.0,Amp5,5.13
X-1199,PSMD3,5709.0,Amp5,5.03
X-1199,PSME3,10197.0,Amp5,5.13
X-1199,PTPRD,5789.0,Del0.8,0.41
X-1199,PTRF,284119.0,Amp5,5.13
X-1199,RAB5C,5878.0,Amp5,5.13
X-1199,RAMP2,10266.0,Amp5,5.13
X-1199,RAPGEFL1,51195.0,Amp5,5.03
X-1199,RARA,5914.0,Amp5,5.03
X-1199,RASA4,10156.0,MutNovel,"H733Y,0.267"
X-1199,RASA4B,,MutNovel,"H687Y,0.429"
X-1199,RBMS2,5939.0,MutNovel,"T358M,0.256"
X-1199,RBMY1A3P,286557.0,Del0.8,0.24
X-1199,RBMY1B,378948.0,Del0.8,0.21
X-1199,RBMY1B,378948.0,Del0.8,0.21
X-1199,RBMY1E,378950.0,Del0.8,0.21
X-1199,RBMY1E,378950.0,Del0.8,0.21
X-1199,RBMY1F,159163.0,Del0.8,0.21
X-1199,RBMY1F,159163.0,Del0.8,0.21
X-1199,RBMY1J,378951.0,Del0.8,0.21
X-1199,RBMY1J,378951.0,Del0.8,0.21
X-1199,RBMY2EP,159125.0,Del0.8,0.21
X-1199,RBMY2FP,159162.0,Del0.8,0.21
X-1199,RBMY3AP,64593.0,Del0.8,0.24
X-1199,RECQL4,9401.0,MutNovel,"P1058R,0.627"
X-1199,RHOT2,89941.0,MutNovel,"R592Q,0.502"
X-1199,RIF1,55183.0,MutNovel,"KNV1870-,0.500"
X-1199,RIN1,9610.0,MutNovel,"R703Q,0.409"
X-1199,RIN1,9610.0,MutNovel,"G476D,0.517"
X-1199,RIN3,79890.0,MutNovel,"G967-,0.643"
X-1199,RND2,8153.0,Amp5,5.13
X-1199,RNF19B,127544.0,MutNovel,"Q62P,1.000"
X-1199,RNF40,9810.0,MutNovel,"S114N,0.541"
X-1199,RP1L1,94137.0,Amp8,9.78
X-1199,RPL19,6143.0,Amp5,5.03
X-1199,RPL23,9349.0,Amp5,5.03
X-1199,RPL23AP53,644128.0,Del0.8,0.45
X-1199,RPL27,6155.0,Amp5,5.13
X-1199,RPS4Y1,6192.0,Del0.8,0.24
X-1199,RPS4Y2,140032.0,Del0.8,0.21
X-1199,RSAD1,55316.0,Amp5,5.1
X-1199,RUNDC1,146923.0,Amp5,5.13
X-1199,SALL4,57167.0,MutNovel,"DV686V,0.500"
X-1199,2014-09-08 00:00:00,23176.0,MutNovel,"P16S,0.542"
X-1199,SERINC2,347735.0,MutNovel,"-373Q,0.774"
X-1199,SH3RF2,153769.0,MutNovel,"P361H,0.462"
X-1199,SH3TC1,54436.0,MutKnownFunctional,"-755,0.286"
X-1199,SIK2,23235.0,MutNovel,"E622Q,0.535"
X-1199,SLC12A2,6558.0,MutNovel,"V1056E,0.487"
X-1199,SLC15A3,51296.0,MutNovel,"R31L,0.778"
X-1199,SLC25A37,51312.0,Del0.8,0.73
X-1199,SLC26A10,65012.0,Amp8,9.58
X-1199,SLC35G5,83650.0,Amp5,7.41
X-1199,SLC5A12,159963.0,Amp8,13.45
X-1199,SMARCE1,6605.0,Amp5,5.03
X-1199,SNAPC4,6621.0,MutNovel,"S542-,0.667"
X-1199,SNORA21,619505.0,Amp5,5.03
X-1199,SNORD124,100113390.0,Amp5,5.03
X-1199,SOCS7,30837.0,Amp5,5.03
X-1199,SOX7,83595.0,Amp8,9.78
X-1199,SPAG9,9043.0,Amp5,5.1
X-1199,SPANXA2,728712.0,Del0.8,0.55
X-1199,SPANXA2,728712.0,Del0.8,0.55
X-1199,SPATA20,64847.0,Amp5,5.1
X-1199,SPCS1,28972.0,MutNovel,"G30S,1.000"
X-1199,SPPL2B,56928.0,MutKnownFunctional,"-275?,1.000"
X-1199,SRCIN1,80725.0,Amp5,5.03
X-1199,SRY,6736.0,Del0.8,0.24
X-1199,SSFA2,6744.0,MutNovel,"K345R,0.478"
X-1199,STAC2,342667.0,Amp5,5.03
X-1199,STARD3,10948.0,Amp5,5.03
X-1199,STAT3,6774.0,Amp5,5.13
X-1199,STAT5A,6776.0,Amp5,5.13
X-1199,STAT5B,6777.0,Amp5,5.13
X-1199,SVIL,6840.0,MutNovel,"V1315L,0.562"
X-1199,TBC1D3,729873.0,Amp5,5.03
X-1199,TBC1D3,729873.0,Amp5,5.03
X-1199,TBL1Y,90665.0,Del0.8,0.24
X-1199,TBP,6908.0,MutNovel,"-64Q,0.261"
X-1199,TCAP,8557.0,Amp5,5.03
X-1199,TCFL5,10732.0,MutNovel,"A139V,0.500"
X-1199,TDH,157739.0,Amp5,7.41
X-1199,TEX13A,56157.0,Del0.8,0.17
X-1199,TGFBR1,7046.0,MutKnownFunctional,"-416,1.000"
X-1199,TGIF2LY,90655.0,Del0.8,0.24
X-1199,THRA,7067.0,Amp5,5.03
X-1199,TIMM8B,26521.0,MutNovel,"A84D,0.516"
X-1199,TIPIN,54962.0,MutNovel,"T233I,0.563"
X-1199,TMEM184A,202915.0,MutNovel,"G392GA,0.792"
X-1199,TMEM48,55706.0,MutNovel,"P407A,0.473"
X-1199,TMEM99,147184.0,Amp5,5.03
X-1199,TMSB4Y,9087.0,Del0.8,0.24
X-1199,TNS4,84951.0,Amp5,5.03
X-1199,TNXB,7148.0,MutNovel,"V1859I,0.750"
X-1199,TOB1,10140.0,Amp5,5.1
X-1199,TOP2A,7153.0,Amp5,5.03
X-1199,TP53,7157.0,MutKnownFunctional,"-152?,1.000"
X-1199,TRRAP,8295.0,MutNovel,"A3796T,0.341"
X-1199,TSEN54,283989.0,MutNovel,"R374A,0.466"
X-1199,TSFM,10102.0,Amp8,9.58
X-1199,TSPAN31,6302.0,Amp8,9.58
X-1199,TSPY1,7258.0,Del0.8,0.24
X-1199,TSPY2,64591.0,Del0.8,0.24
X-1199,TSPY3,728137.0,Del0.8,0.24
X-1199,TSPY4,728395.0,Del0.8,0.24
X-1199,TSPY8,728403.0,Del0.8,0.24
X-1199,TSPYL1,7259.0,MutNovel,"V176VW,0.890"
X-1199,TTC25,83538.0,Amp5,5.13
X-1199,TTC28,23331.0,MutNovel,"G961R,0.467"
X-1199,TTTY10,246119.0,Del0.8,0.21
X-1199,TTTY11,83866.0,Del0.8,0.24
X-1199,TTTY12,83867.0,Del0.8,0.24
X-1199,TTTY13,83868.0,Del0.8,0.21
X-1199,TTTY14,83869.0,Del0.8,0.21
X-1199,TTTY15,64595.0,Del0.8,0.24
X-1199,TTTY16,252948.0,Del0.8,0.24
X-1199,TTTY17A,252949.0,Del0.8,0.11
X-1199,TTTY17A,252949.0,Del0.8,0.15
X-1199,TTTY18,252950.0,Del0.8,0.24
X-1199,TTTY19,252952.0,Del0.8,0.24
X-1199,TTTY1B,100101116.0,Del0.8,0.24
X-1199,TTTY1B,100101116.0,Del0.8,0.24
X-1199,TTTY2,60439.0,Del0.8,0.24
X-1199,TTTY2,60439.0,Del0.8,0.24
X-1199,TTTY20,252951.0,Del0.8,0.24
X-1199,TTTY21,252953.0,Del0.8,0.24
X-1199,TTTY21,252953.0,Del0.8,0.24
X-1199,TTTY22,252954.0,Del0.8,0.24
X-1199,TTTY23,252955.0,Del0.8,0.24
X-1199,TTTY23,252955.0,Del0.8,0.24
X-1199,TTTY3,114760.0,Del0.8,0.21
X-1199,TTTY3,114760.0,Del0.8,0.15
X-1199,TTTY4,114761.0,Del0.8,0.11
X-1199,TTTY4,114761.0,Del0.8,0.15
X-1199,TTTY5,83863.0,Del0.8,0.21
X-1199,TTTY6,84672.0,Del0.8,0.21
X-1199,TTTY6,84672.0,Del0.8,0.21
X-1199,TTTY7,246122.0,Del0.8,0.24
X-1199,TTTY7,246122.0,Del0.8,0.24
X-1199,TTTY7B,100101120.0,Del0.8,0.24
X-1199,TTTY7B,100101120.0,Del0.8,0.24
X-1199,TTTY8,84673.0,Del0.8,0.24
X-1199,TTTY8,84673.0,Del0.8,0.24
X-1199,TTTY9A,83864.0,Del0.8,0.13
X-1199,TTTY9A,83864.0,Del0.8,0.13
X-1199,TUBG1,7283.0,Amp5,5.13
X-1199,TUBG2,27175.0,Amp5,5.13
X-1199,TXLNG2P,246126.0,Del0.8,0.21
X-1199,TYW3,127253.0,Del0.8,0.79
X-1199,UBE2J2,118424.0,MutNovel,"W50C,0.429"
X-1199,UBR3,130507.0,MutNovel,"I218T,0.409"
X-1199,UGT2B28,54490.0,Del0.8,0.34
X-1199,ULBP2,80328.0,MutNovel,"T38I,1.000"
X-1199,UPK3BL,,MutNovel,"L224F,0.211"
X-1199,USP17L2,377630.0,Amp5,7.41
X-1199,USP36,57602.0,MutNovel,"KKK958K,0.376"
X-1199,USP9Y,8287.0,Del0.8,0.24
X-1199,UTP18,51096.0,Amp5,5.1
X-1199,UTP3,57050.0,MutKnownFunctional,"Q405*,0.507"
X-1199,UTY,7404.0,Del0.8,0.24
X-1199,VAT1,10493.0,Amp5,5.13
X-1199,VCY,9084.0,Del0.8,0.24
X-1199,VCY,9084.0,Del0.8,0.24
X-1199,VPS25,84313.0,Amp5,5.13
X-1199,VWA1,64856.0,MutNovel,"A326P,0.393"
X-1199,WASH1,100287171.0,MutNovel,"E132V,0.214"
X-1199,WDR75,84128.0,MutKnownFunctional,"R549*,0.233"
X-1199,WFIKKN2,124857.0,Amp5,5.1
X-1199,WIPF2,147179.0,Amp5,5.03
X-1199,WNK4,65266.0,Amp5,5.13
X-1199,XKR6,286046.0,Amp8,8.51
X-1199,XKRY2,353515.0,Del0.8,0.13
X-1199,XKRY2,353515.0,Del0.8,0.24
X-1199,XRCC6BP1,91419.0,Amp8,9.58
X-1199,XYLT2,64132.0,Amp5,5.1
X-1199,ZC3H12D,340152.0,MutNovel,"P325Q,0.625"
X-1199,ZDHHC11,79844.0,MutNovel,"A303D,0.455"
X-1199,ZFY,7544.0,Del0.8,0.24
X-1199,ZNF227,7770.0,MutNovel,"H486R,0.505"
X-1199,ZNF25,219749.0,MutNovel,"G124R,0.647"
X-1199,ZNF282,8427.0,MutNovel,"D318N,1.000"
X-1199,ZNF385C,201181.0,Amp5,5.13
X-1199,ZNF394,84124.0,MutNovel,"K495R,0.610"
X-1199,ZNF419,79744.0,MutNovel,"V304A,0.571"
X-1199,ZNF444,55311.0,MutNovel,"H229HPGS,0.276"
X-1199,ZNF486,90649.0,MutKnownFunctional,"-178?,1.000"
X-1199,ZNF596,169270.0,Del0.8,0.26
X-1199,ZNF598,90850.0,MutNovel,"AA558A,0.402"
X-1199,ZNF705D,728957.0,Amp5,7.41
X-1199,ZNF705G,100131980.0,Amp5,6.96
X-1199,ZNF721,170960.0,MutKnownFunctional,"-905,0.288"
X-1199,ZNF772,400720.0,MutNovel,"A4GP,0.457"
X-1199,ZNF814,730051.0,MutNovel,"Y408-,0.600"
X-1199,ZPBP2,124626.0,Amp5,5.03
X-1199,ZSWIM5,57643.0,MutNovel,"E718K,0.489"
X-1199,ZWINT,11130.0,MutNovel,"A232VRP,0.781"
X-1199,ZXDA,7789.0,MutNovel,"P47L,1.000"
X-1289,ACVR1B,91.0,Del0.8,0.43
X-1289,ACVRL1,94.0,Del0.8,0.43
X-1289,ADD1,118.0,MutNovel,"K691E,0.562"
X-1289,AGMO,392636.0,MutNovel,"F400L,0.431"
X-1289,AHNAK2,113146.0,MutNovel,"AV1650DM,0.385"
X-1289,AIM1L,55057.0,MutNovel,"E833GK,0.700"
X-1289,AMELY,266.0,Del0.8,0.4
X-1289,ANKRD24,170961.0,MutNovel,"T1022A,1.000"
X-1289,ANKRD33,341405.0,Del0.8,0.43
X-1289,APBA3,9546.0,MutNovel,"R49W,0.622"
X-1289,BCORP1,286554.0,Del0.8,0.4
X-1289,BPY2B,442867.0,Del0.8,0.4
X-1289,BPY2B,442867.0,Del0.8,0.4
X-1289,BTBD2,55643.0,MutNovel,"A54-,0.605"
X-1289,C10orf47,254427.0,MutNovel,"P323R,0.355"
X-1289,C12orf44,60673.0,Del0.8,0.43
X-1289,C15orf61,145853.0,MutNovel,"E9D,0.537"
X-1289,C17orf97,400566.0,MutNovel,"G47V,0.667"
X-1289,C19orf44,84167.0,MutKnownFunctional,"-183,0.379"
X-1289,C5orf52,100190949.0,MutNovel,"S35P,0.600"
X-1289,C6orf223,221416.0,MutNovel,"AA124-,0.583"
X-1289,CAMSAP3,57662.0,MutKnownFunctional,"R398*,0.217"
X-1289,CAPS2,84698.0,Del0.8,0.77
X-1289,CBR3,874.0,MutKnownFunctional,"-178,0.958"
X-1289,CBWD5,220869.0,MutNovel,"G106C,0.308"
X-1289,CCDC171,,MutNovel,"V433M,0.714"
X-1289,CCHCR1,54535.0,MutKnownFunctional,"-627?,0.867"
X-1289,CD8B,926.0,MutNovel,"R51C,1.000"
X-1289,CDCA2,157313.0,MutNovel,"V856M,0.415"
X-1289,CDY1B,253175.0,Del0.8,0.4
X-1289,CDY1B,253175.0,Del0.8,0.4
X-1289,CDY2A,9426.0,Del0.8,0.4
X-1289,CDY2A,9426.0,Del0.8,0.4
X-1289,CDY2B,203611.0,Del0.8,0.4
X-1289,CDY2B,203611.0,Del0.8,0.4
X-1289,CEACAM7,1087.0,MutNovel,"T172I,0.750"
X-1289,CEACAM8,1088.0,MutNovel,"G196D,1.000"
X-1289,CEACAM8,1088.0,MutNovel,"N155K,0.750"
X-1289,CHEK1,1111.0,MutNovel,"R74K,0.487"
X-1289,CHPF,79586.0,MutNovel,"D424N,0.405"
X-1289,CRYBG3,,MutNovel,"T1907A,0.606"
X-1289,CSPG4P1Y,114758.0,Del0.8,0.4
X-1289,CSPG4P1Y,114758.0,Del0.8,0.4
X-1289,DAZ1,1617.0,Del0.8,0.4
X-1289,DAZ2,57055.0,Del0.8,0.4
X-1289,DAZ3,57054.0,Del0.8,0.4
X-1289,DAZ3,57054.0,Del0.8,0.4
X-1289,DAZ4,57135.0,Del0.8,0.4
X-1289,DAZ4,57135.0,Del0.8,0.4
X-1289,DDX3Y,8653.0,Del0.8,0.4
X-1289,DEFB113,245927.0,Del0.8,0.61
X-1289,DEFB114,245928.0,Del0.8,0.61
X-1289,DGKQ,1609.0,MutNovel,"P27L,0.500"
X-1289,DIDO1,11083.0,MutNovel,"R2133P,0.484"
X-1289,DMBT1,1755.0,MutNovel,"P357S,0.481"
X-1289,DMBT1,1755.0,MutNovel,"P856Y,0.917"
X-1289,DMBT1,1755.0,MutNovel,"E1246K,0.600"
X-1289,DMBT1,1755.0,MutNovel,"H1732S,0.440"
X-1289,DNAH2,146754.0,MutNovel,"D2780N,0.556"
X-1289,DUOX2,50506.0,MutNovel,"Q397K,0.333"
X-1289,DUSP28,285193.0,MutNovel,"G96D,0.692"
X-1289,E2F8,79733.0,MutNovel,"S541R,0.510"
X-1289,EFCAB7,84455.0,MutNovel,"R97S,0.250"
X-1289,EHBP1L1,254102.0,MutNovel,"A1204V,0.521"
X-1289,EIF1AY,9086.0,Del0.8,0.4
X-1289,ELAC1,55520.0,Del0.8,0.43
X-1289,EML2,24139.0,MutNovel,"C703S,0.511"
X-1289,EPHA2,1969.0,Del0.8,0.58
X-1289,EPHA7,2045.0,Del0.8,0.78
X-1289,EPHB3,2049.0,MutNovel,"S11P,0.500"
X-1289,ERCC6L,54821.0,MutKnownFunctional,"-172,1.000"
X-1289,EXOSC10,5394.0,MutNovel,"D819N,1.000"
X-1289,EYS,346007.0,Del0.8,0.66
X-1289,FAM131C,348487.0,Del0.8,0.58
X-1289,FAM173A,65990.0,MutNovel,"A27T,0.575"
X-1289,FAM197Y2P,252946.0,Del0.8,0.4
X-1289,FAM41AY1,340618.0,Del0.8,0.4
X-1289,FAM41AY1,340618.0,Del0.8,0.4
X-1289,FAM46D,169966.0,Del0.8,0.71
X-1289,FAM83E,54854.0,MutNovel,"P331L,0.468"
X-1289,FAM98B,283742.0,MutNovel,"R106S,0.427"
X-1289,FBXO42,54455.0,Del0.8,0.49
X-1289,FBXW7,55294.0,MutKnownFunctional,"R222*,0.593"
X-1289,FH,2271.0,MutNovel,"A41V,0.430"
X-1289,FIGNL2,401720.0,Del0.8,0.43
X-1289,FLNA,2316.0,MutNovel,"S617L,1.000"
X-1289,FOXD4L3,286380.0,MutNovel,"H225Q,1.000"
X-1289,GADL1,339896.0,Del0.8,0.27
X-1289,GIGYF2,26058.0,MutNovel,"PQ1231P,0.342"
X-1289,GJC2,57165.0,MutNovel,"T398I,0.722"
X-1289,GOLGA2P2Y,84559.0,Del0.8,0.4
X-1289,GOLGA2P2Y,84559.0,Del0.8,0.4
X-1289,GPC1,2817.0,MutNovel,"R210C,0.667"
X-1289,GPR125,166647.0,MutNovel,"P18R,0.583"
X-1289,GPRIN2,9721.0,MutNovel,"-238MRE,0.390"
X-1289,GRASP,160622.0,Del0.8,0.43
X-1289,GRIK2,2898.0,Del0.8,0.72
X-1289,GYG2P1,352887.0,Del0.8,0.4
X-1289,HCG4B,80868.0,Del0.8,0.58
X-1289,HEATR5A,25938.0,MutNovel,"R266K,0.547"
X-1289,HEATR7A,727957.0,MutNovel,"R1015Q,0.605"
X-1289,HLA-C,3107.0,MutNovel,"EW190DG,0.248"
X-1289,HLA-G,3135.0,MutNovel,"W121M,1.000"
X-1289,HLA-G,3135.0,MutNovel,"L303Q,1.000"
X-1289,HLA-G,3135.0,MutNovel,"M309A,1.000"
X-1289,HLX,3142.0,MutNovel,"P167S,1.000"
X-1289,HSF1,3297.0,MutNovel,"S444F,0.483"
X-1289,HSFY2,159119.0,Del0.8,0.4
X-1289,HSFY2,159119.0,Del0.8,0.4
X-1289,HSPA1A,3303.0,MutNovel,"M122K,0.500"
X-1289,IER5L,389792.0,MutNovel,"LHQL117L,0.338"
X-1289,IFNAR1,3454.0,Del0.8,0.72
X-1289,IFNGR2,3460.0,Del0.8,0.73
X-1289,IPO11,51194.0,MutNovel,"L893F,1.000"
X-1289,KCNQ5,56479.0,Del0.8,0.66
X-1289,KDM5D,8284.0,Del0.8,0.4
X-1289,KIAA0754,643314.0,MutNovel,"T1079A,0.750"
X-1289,KIF20B,9585.0,MutNovel,"L1062LKV,0.479"
X-1289,KLK11,11012.0,MutNovel,"T18A,0.402"
X-1289,KRAS,3845.0,MutKnownFunctional,"G12R,0.516"
X-1289,KRT1,3848.0,Del0.8,0.47
X-1289,KRT2,3849.0,Del0.8,0.17
X-1289,KRT5,3852.0,Del0.8,0.39
X-1289,KRT6A,3853.0,Del0.8,0.39
X-1289,KRT6B,3854.0,Del0.8,0.39
X-1289,KRT6C,286887.0,Del0.8,0.39
X-1289,KRT7,3855.0,Del0.8,0.4
X-1289,KRT71,112802.0,Del0.8,0.39
X-1289,KRT72,140807.0,Del0.8,0.39
X-1289,KRT73,319101.0,Del0.8,0.39
X-1289,KRT74,121391.0,Del0.8,0.39
X-1289,KRT75,9119.0,Del0.8,0.39
X-1289,KRT77,374454.0,Del0.8,0.47
X-1289,KRT80,144501.0,Del0.8,0.51
X-1289,KRT81,3887.0,Del0.8,0.4
X-1289,KRT82,3888.0,Del0.8,0.39
X-1289,KRT83,3889.0,Del0.8,0.67
X-1289,KRT84,3890.0,Del0.8,0.39
X-1289,LAD1,3898.0,MutNovel,"L161F,0.507"
X-1289,LCE1D,353134.0,MutNovel,"R78H,1.000"
X-1289,LOC100996689,,MutKnownFunctional,"-282?,0.538"
X-1289,LONRF3,79836.0,MutNovel,"A122G,1.000"
X-1289,MAGI1,9223.0,MutNovel,"Q421HR,0.303"
X-1289,MAPK4,5596.0,Del0.8,0.71
X-1289,MCC,4163.0,MutNovel,"G21GA,0.273"
X-1289,ME2,4200.0,Del0.8,0.43
X-1289,MEX3C,51320.0,Del0.8,0.54
X-1289,MIDN,90007.0,MutNovel,"C20G,0.464"
X-1289,MIR1264,100302251.0,Del0.8,0.43
X-1289,MIR1912,100302144.0,Del0.8,0.43
X-1289,MNX1,3110.0,MutNovel,"P390S,0.468"
X-1289,MPRIP,23164.0,MutNovel,"TS178T,0.229"
X-1289,MRO,83876.0,Del0.8,0.43
X-1289,MSH3,4437.0,MutNovel,"-55AAA,0.409"
X-1289,MTL5,9633.0,MutNovel,"S185F,0.333"
X-1289,MUC12,10071.0,MutNovel,"C4988F,0.750"
X-1289,MYCBP2,23077.0,MutNovel,"P1979L,0.588"
X-1289,MYO5C,55930.0,MutNovel,"D1544E,0.448"
X-1289,NCOR2,9612.0,MutNovel,"G1839GAAA,0.635"
X-1289,NCRNA00185,55410.0,Del0.8,0.4
X-1289,NFATC4,4776.0,MutNovel,"E70K,0.889"
X-1289,NLGN4Y,22829.0,Del0.8,0.4
X-1289,NR4A1,3164.0,Del0.8,0.43
X-1289,ORAI1,84876.0,MutNovel,"PP43-,0.860"
X-1289,OXER1,165140.0,MutNovel,"T128M,0.333"
X-1289,PABPC4L,132430.0,Del0.8,0.74
X-1289,PCDH11Y,83259.0,Del0.8,0.4
X-1289,PDXK,8566.0,MutNovel,"G281E,0.997"
X-1289,PHF23,79142.0,MutNovel,"K224N,0.469"
X-1289,PHF23,79142.0,MutNovel,"R186Q,0.602"
X-1289,PHLDA1,22822.0,MutNovel,"QQ194Q,0.486"
X-1289,PHLPP1,23239.0,MutNovel,"F291V,0.250"
X-1289,PKD1,5310.0,MutNovel,"R2404W,0.300"
X-1289,PLOD3,8985.0,MutNovel,"H421R,0.503"
X-1289,PLXND1,23129.0,MutNovel,"P1044L,0.857"
X-1289,POLD1,5424.0,MutNovel,"E245K,0.436"
X-1289,POM121,9883.0,MutNovel,"A593T,0.312"
X-1289,PPFIA2,8499.0,Del0.8,0.8
X-1289,PRB1,5542.0,MutNovel,"R149Q,0.286"
X-1289,PRB2,653247.0,MutNovel,"R109Q,0.280"
X-1289,PRKY,5616.0,Del0.8,0.4
X-1289,PROCA1,147011.0,MutNovel,"G283S,0.857"
X-1289,PRY,9081.0,Del0.8,0.4
X-1289,PRY,9081.0,Del0.8,0.4
X-1289,PRY2,442862.0,Del0.8,0.4
X-1289,PRY2,442862.0,Del0.8,0.4
X-1289,PTPRK,5796.0,Del0.8,0.75
X-1289,RBAK,57786.0,MutNovel,"C263W,0.500"
X-1289,RBM23,55147.0,MutNovel,"A390VP,0.241"
X-1289,RBMS3,27303.0,Del0.8,0.65
X-1289,RBMY1A3P,286557.0,Del0.8,0.4
X-1289,RBMY1B,378948.0,Del0.8,0.4
X-1289,RBMY1B,378948.0,Del0.8,0.4
X-1289,RBMY1E,378950.0,Del0.8,0.4
X-1289,RBMY1E,378950.0,Del0.8,0.4
X-1289,RBMY1F,159163.0,Del0.8,0.4
X-1289,RBMY1F,159163.0,Del0.8,0.4
X-1289,RBMY1J,378951.0,Del0.8,0.4
X-1289,RBMY1J,378951.0,Del0.8,0.4
X-1289,RBMY2EP,159125.0,Del0.8,0.4
X-1289,RBMY2FP,159162.0,Del0.8,0.4
X-1289,RBMY3AP,64593.0,Del0.8,0.4
X-1289,RERE,473.0,MutNovel,"R287P,1.000"
X-1289,RHD,6007.0,Del0.8,0.78
X-1289,RIN3,79890.0,MutNovel,"G967-,0.550"
X-1289,RNF19B,127544.0,MutNovel,"Q62P,1.000"
X-1289,RNF223,401934.0,MutNovel,"R81W,0.714"
X-1289,RNPEP,6051.0,MutNovel,"T62I,0.466"
X-1289,RPAP1,26015.0,MutNovel,"A804T,0.580"
X-1289,RPS4Y1,6192.0,Del0.8,0.4
X-1289,RPS4Y2,140032.0,Del0.8,0.4
X-1289,RSG1,79363.0,Del0.8,0.55
X-1289,SCN8A,6334.0,Del0.8,0.48
X-1289,SERINC2,347735.0,MutNovel,"-373Q,0.800"
X-1289,SGPP2,130367.0,MutNovel,"R20H,0.548"
X-1289,SLC22A1,6580.0,Del0.8,0.58
X-1289,SLC22A2,6582.0,Del0.8,0.49
X-1289,SLC22A3,6581.0,Del0.8,0.66
X-1289,SLFN11,91607.0,MutNovel,"S686T,0.750"
X-1289,SMAD4,4089.0,Del0.8,0.53
X-1289,SNAPC4,6621.0,MutNovel,"S542-,0.333"
X-1289,SPIRE2,84501.0,MutNovel,"A632V,0.535"
X-1289,SRY,6736.0,Del0.8,0.4
X-1289,ST7,7982.0,MutNovel,"L525F,0.525"
X-1289,TBL1Y,90665.0,Del0.8,0.4
X-1289,TBP,6908.0,MutNovel,"-64Q,0.312"
X-1289,TGFBR2,7048.0,Del0.8,0.34
X-1289,TGIF2LY,90655.0,Del0.8,0.4
X-1289,TMEM184A,202915.0,MutNovel,"G392GA,0.714"
X-1289,TMSB4Y,9087.0,Del0.8,0.4
X-1289,TPPP,11076.0,MutNovel,"R30K,0.375"
X-1289,TRHDE,29953.0,Del0.8,0.8
X-1289,TRMT44,,MutNovel,"M300L,0.417"
X-1289,TSPY1,7258.0,Del0.8,0.4
X-1289,TSPY2,64591.0,Del0.8,0.4
X-1289,TSPY3,728137.0,Del0.8,0.4
X-1289,TSPY4,728395.0,Del0.8,0.4
X-1289,TSPY8,728403.0,Del0.8,0.4
X-1289,TSPYL1,7259.0,MutNovel,"V176VW,0.866"
X-1289,TTTY10,246119.0,Del0.8,0.4
X-1289,TTTY11,83866.0,Del0.8,0.4
X-1289,TTTY12,83867.0,Del0.8,0.4
X-1289,TTTY13,83868.0,Del0.8,0.4
X-1289,TTTY14,83869.0,Del0.8,0.4
X-1289,TTTY15,64595.0,Del0.8,0.4
X-1289,TTTY16,252948.0,Del0.8,0.4
X-1289,TTTY17A,252949.0,Del0.8,0.4
X-1289,TTTY17A,252949.0,Del0.8,0.4
X-1289,TTTY18,252950.0,Del0.8,0.4
X-1289,TTTY19,252952.0,Del0.8,0.4
X-1289,TTTY1B,100101116.0,Del0.8,0.4
X-1289,TTTY1B,100101116.0,Del0.8,0.4
X-1289,TTTY2,60439.0,Del0.8,0.4
X-1289,TTTY2,60439.0,Del0.8,0.4
X-1289,TTTY20,252951.0,Del0.8,0.4
X-1289,TTTY21,252953.0,Del0.8,0.4
X-1289,TTTY21,252953.0,Del0.8,0.4
X-1289,TTTY22,252954.0,Del0.8,0.4
X-1289,TTTY23,252955.0,Del0.8,0.4
X-1289,TTTY23,252955.0,Del0.8,0.4
X-1289,TTTY3,114760.0,Del0.8,0.4
X-1289,TTTY3,114760.0,Del0.8,0.4
X-1289,TTTY4,114761.0,Del0.8,0.4
X-1289,TTTY4,114761.0,Del0.8,0.4
X-1289,TTTY5,83863.0,Del0.8,0.4
X-1289,TTTY6,84672.0,Del0.8,0.4
X-1289,TTTY6,84672.0,Del0.8,0.4
X-1289,TTTY7,246122.0,Del0.8,0.4
X-1289,TTTY7,246122.0,Del0.8,0.4
X-1289,TTTY7B,100101120.0,Del0.8,0.4
X-1289,TTTY7B,100101120.0,Del0.8,0.4
X-1289,TTTY8,84673.0,Del0.8,0.4
X-1289,TTTY8,84673.0,Del0.8,0.4
X-1289,TTTY9A,83864.0,Del0.8,0.4
X-1289,TTTY9A,83864.0,Del0.8,0.4
X-1289,TUSC1,286319.0,MutNovel,"-48A,0.260"
X-1289,TXLNG2P,246126.0,Del0.8,0.4
X-1289,UFL1,23376.0,Del0.8,0.7
X-1289,USP36,57602.0,MutNovel,"KKK958K,0.342"
X-1289,USP9Y,8287.0,Del0.8,0.4
X-1289,UTY,7404.0,Del0.8,0.4
X-1289,VCY,9084.0,Del0.8,0.4
X-1289,VCY,9084.0,Del0.8,0.4
X-1289,WDR76,79968.0,MutNovel,"N263S,0.452"
X-1289,XKRY2,353515.0,Del0.8,0.4
X-1289,XKRY2,353515.0,Del0.8,0.4
X-1289,ZDHHC11,79844.0,MutNovel,"A303D,0.640"
X-1289,ZFY,7544.0,Del0.8,0.4
X-1289,ZNF37A,7587.0,MutNovel,"F364I,0.435"
X-1289,ZNF384,171017.0,MutNovel,"QQ514Q,0.236"
X-1289,ZNF792,126375.0,MutNovel,"NE425KK,0.529"
X-1289,ZRANB1,54764.0,MutKnownFunctional,"-709?,0.410"
X-1317,ABCA7,10347.0,MutKnownFunctional,"-708,0.533"
X-1317,ABCB7,22.0,Del0.8,0.77
X-1317,ABCD1,215.0,Del0.8,0.77
X-1317,ABCF1,23.0,Del0.8,0.8
X-1317,ABT1,29777.0,Del0.8,0.8
X-1317,ACE2,59272.0,Del0.8,0.77
X-1317,ACOT11,26027.0,MutNovel,"R42Q,0.438"
X-1317,ACOT12,134526.0,Del0.8,0.76
X-1317,ACOT13,55856.0,Del0.8,0.8
X-1317,ACOT9,23597.0,Del0.8,0.77
X-1317,ACRC,93953.0,Del0.8,0.77
X-1317,ACSL4,2182.0,Del0.8,0.77
X-1317,ACTBL2,345651.0,Del0.8,0.8
X-1317,ACTR3C,653857.0,MutNovel,"F74Y,0.500"
X-1317,ACTRT1,139741.0,Del0.8,0.77
X-1317,ADAM3A,1587.0,Del0.8,0.33
X-1317,ADAMTS13,11093.0,MutNovel,"G534D,0.615"
X-1317,ADAMTS6,11174.0,Del0.8,0.77
X-1317,AFF2,2334.0,Del0.8,0.77
X-1317,AFF4,27125.0,MutNovel,"L659P,0.471"
X-1317,AGAP8,728404.0,MutNovel,"I332V,0.278"
X-1317,AGGF1,55109.0,Del0.8,0.78
X-1317,AGTR2,186.0,Del0.8,0.77
X-1317,AHNAK,79026.0,MutNovel,"I2667T,0.442"
X-1317,AIFM1,9131.0,Del0.8,0.77
X-1317,AIM1L,55057.0,MutNovel,"R790C,0.400"
X-1317,AKAP14,158798.0,Del0.8,0.77
X-1317,AKAP17A,8227.0,Del0.8,0.77
X-1317,AKAP4,8852.0,Del0.8,0.77
X-1317,ALAS2,212.0,Del0.8,0.77
X-1317,ALDH3B1,221.0,MutKnownFunctional,"-300?,1.000"
X-1317,ALDH5A1,7915.0,Del0.8,0.8
X-1317,ALG13,79868.0,Del0.8,0.77
X-1317,AMELX,265.0,Del0.8,0.77
X-1317,AMELY,266.0,Del0.8,0.25
X-1317,AMMECR1,9949.0,Del0.8,0.77
X-1317,AMOT,154796.0,Del0.8,0.77
X-1317,ANKRD31,256006.0,Del0.8,0.78
X-1317,ANKRD36,375248.0,MutNovel,"T998S,0.261"
X-1317,ANKRD55,79722.0,Del0.8,0.65
X-1317,ANKS1A,23294.0,Del0.8,0.8
X-1317,AP1S2,8905.0,Del0.8,0.77
X-1317,AP3B1,8546.0,Del0.8,0.78
X-1317,APC,324.0,MutNovel,"L729V,0.364"
X-1317,APEX2,27301.0,Del0.8,0.77
X-1317,APLN,8862.0,Del0.8,0.77
X-1317,APOBEC2,10930.0,Del0.8,0.8
X-1317,APOO,79135.0,Del0.8,0.77
X-1317,APOOL,139322.0,Del0.8,0.77
X-1317,AR,367.0,Del0.8,0.77
X-1317,ARAF,369.0,Del0.8,0.77
X-1317,ARFGEF2,10564.0,MutNovel,"I1155V,0.213"
X-1317,ARHGAP11A,9824.0,MutNovel,"P837S,0.214"
X-1317,ARHGAP36,158763.0,Del0.8,0.77
X-1317,ARHGAP4,393.0,MutNovel,"G439K,0.714"
X-1317,ARHGAP4,393.0,Del0.8,0.77
X-1317,ARHGAP6,395.0,Del0.8,0.77
X-1317,ARHGEF6,9459.0,Del0.8,0.77
X-1317,ARHGEF9,23229.0,Del0.8,0.77
X-1317,ARL13A,392509.0,Del0.8,0.77
X-1317,ARMC12,221481.0,Del0.8,0.77
X-1317,ARMCX1,51309.0,Del0.8,0.77
X-1317,ARMCX2,9823.0,Del0.8,0.77
X-1317,ARMCX3,51566.0,Del0.8,0.77
X-1317,ARMCX4,100131755.0,Del0.8,0.77
X-1317,ARMCX5,64860.0,Del0.8,0.77
X-1317,ARMCX5-GPRASP2,100528062.0,Del0.8,0.77
X-1317,ARMCX6,54470.0,Del0.8,0.77
X-1317,ARR3,407.0,Del0.8,0.77
X-1317,ARRDC4,91947.0,MutNovel,"N268D,0.227"
X-1317,ARSB,411.0,Del0.8,0.78
X-1317,ARSD,414.0,Del0.8,0.77
X-1317,ARSE,415.0,Del0.8,0.77
X-1317,ARSF,416.0,Del0.8,0.77
X-1317,ARSH,347527.0,Del0.8,0.77
X-1317,ARX,170302.0,Del0.8,0.77
X-1317,ASB11,140456.0,Del0.8,0.77
X-1317,ASB12,142689.0,Del0.8,0.77
X-1317,ASB9,140462.0,Del0.8,0.77
X-1317,ASMT,438.0,Del0.8,0.77
X-1317,ASMTL,8623.0,Del0.8,0.77
X-1317,ASMTL-AS1,80161.0,Del0.8,0.77
X-1317,ASXL2,55252.0,MutNovel,"G1208R,0.495"
X-1317,ATAT1,79969.0,Del0.8,0.8
X-1317,ATG10,83734.0,Del0.8,0.76
X-1317,ATG4A,115201.0,Del0.8,0.77
X-1317,ATL2,64225.0,MutNovel,"A480V,0.206"
X-1317,ATP11C,286410.0,Del0.8,0.77
X-1317,ATP1B4,23439.0,Del0.8,0.77
X-1317,ATP2B3,492.0,Del0.8,0.77
X-1317,ATP6AP1,537.0,Del0.8,0.77
X-1317,ATP6AP2,10159.0,Del0.8,0.77
X-1317,ATP7A,538.0,Del0.8,0.77
X-1317,ATRX,546.0,Del0.8,0.77
X-1317,ATXN1,6310.0,Del0.8,0.77
X-1317,ATXN3L,92552.0,Del0.8,0.77
X-1317,AVPR2,554.0,Del0.8,0.77
X-1317,AWAT1,158833.0,Del0.8,0.77
X-1317,AWAT2,158835.0,Del0.8,0.77
X-1317,BAIAP3,8938.0,MutNovel,"P555L,0.300"
X-1317,BANP,54971.0,MutNovel,"R290W,0.371"
X-1317,BCAP31,10134.0,Del0.8,0.77
X-1317,BCOR,54880.0,Del0.8,0.77
X-1317,BCORL1,63035.0,Del0.8,0.77
X-1317,BCORP1,286554.0,Del0.8,0.25
X-1317,BCYRN1,618.0,Del0.8,0.77
X-1317,BEND2,139105.0,Del0.8,0.77
X-1317,BEX1,55859.0,Del0.8,0.77
X-1317,BEX2,84707.0,Del0.8,0.77
X-1317,BEX4,56271.0,Del0.8,0.77
X-1317,BEX5,340542.0,Del0.8,0.77
X-1317,BGN,633.0,Del0.8,0.77
X-1317,BHLHB9,80823.0,Del0.8,0.77
X-1317,BHMT,635.0,Del0.8,0.78
X-1317,BHMT2,23743.0,Del0.8,0.78
X-1317,BIK,638.0,MutNovel,"E134K,0.678"
X-1317,BMP15,9210.0,Del0.8,0.77
X-1317,BMX,660.0,Del0.8,0.77
X-1317,BPY2B,442867.0,Del0.8,0.25
X-1317,BPY2B,442867.0,Del0.8,0.25
X-1317,BRCC3,79184.0,Del0.8,0.77
X-1317,BRD2,6046.0,Del0.8,0.8
X-1317,BRI3BP,140707.0,MutNovel,"-16LL,0.875"
X-1317,BRPF3,27154.0,Del0.8,0.77
X-1317,BRS3,680.0,Del0.8,0.77
X-1317,BRWD3,254065.0,Del0.8,0.77
X-1317,BTBD9,114781.0,MutNovel,"G269D,0.429"
X-1317,BTBD9,114781.0,Del0.8,0.8
X-1317,BTK,695.0,Del0.8,0.77
X-1317,BTN1A1,696.0,Del0.8,0.8
X-1317,BTN2A1,11120.0,Del0.8,0.8
X-1317,BTN2A2,10385.0,Del0.8,0.8
X-1317,BTN2A3P,54718.0,Del0.8,0.8
X-1317,BTN3A1,11119.0,Del0.8,0.8
X-1317,BTN3A2,11118.0,Del0.8,0.8
X-1317,BTN3A3,10384.0,Del0.8,0.8
X-1317,C16orf72,29035.0,MutNovel,"R122Q,0.231"
X-1317,C1GALT1C1,29071.0,Del0.8,0.77
X-1317,C5orf43,643155.0,Del0.8,0.77
X-1317,C5orf44,80006.0,Del0.8,0.77
X-1317,C5orf64,285668.0,Del0.8,0.77
X-1317,C6orf130,221443.0,Del0.8,0.8
X-1317,C6orf136,221545.0,Del0.8,0.8
X-1317,C6orf15,29113.0,Del0.8,0.8
X-1317,C6orf222,389384.0,Del0.8,0.77
X-1317,C6orf228,221710.0,Del0.8,0.77
X-1317,C6orf52,347744.0,Del0.8,0.77
X-1317,C6orf62,81688.0,Del0.8,0.8
X-1317,CA5B,11238.0,Del0.8,0.77
X-1317,CA5BP1,340591.0,Del0.8,0.77
X-1317,CACNA1F,778.0,Del0.8,0.77
X-1317,CACNA1H,8912.0,MutNovel,"S1354F,0.714"
X-1317,CAP2,10486.0,Del0.8,0.77
X-1317,CAPN6,827.0,Del0.8,0.77
X-1317,CASC4,113201.0,MutNovel,"Q143R,0.234"
X-1317,CASK,8573.0,Del0.8,0.77
X-1317,CCDC120,90060.0,Del0.8,0.77
X-1317,CCDC125,202243.0,Del0.8,0.76
X-1317,CCDC160,347475.0,MutNovel,"S279N,1.000"
X-1317,CCDC160,347475.0,Del0.8,0.77
X-1317,CCDC167,154467.0,Del0.8,0.8
X-1317,CCDC22,28952.0,Del0.8,0.77
X-1317,CCDC90A,63933.0,Del0.8,0.77
X-1317,CCHCR1,54535.0,Del0.8,0.8
X-1317,CCNB1,891.0,Del0.8,0.76
X-1317,CCNB3,85417.0,Del0.8,0.77
X-1317,CCNC,892.0,MutNovel,"L32F,0.236"
X-1317,CCNH,902.0,Del0.8,0.75
X-1317,CCNO,10309.0,Del0.8,0.76
X-1317,CD180,4064.0,Del0.8,0.77
X-1317,CD40LG,959.0,Del0.8,0.77
X-1317,CD83,9308.0,Del0.8,0.77
X-1317,CD99,4267.0,Del0.8,0.77
X-1317,CD99L2,83692.0,Del0.8,0.77
X-1317,CD99P1,401577.0,Del0.8,0.77
X-1317,CDC20B,166979.0,Del0.8,0.76
X-1317,CDH3,1001.0,MutNovel,"D197E,0.284"
X-1317,CDH7,1005.0,Del0.8,0.78
X-1317,CDK16,5127.0,Del0.8,0.77
X-1317,CDK7,1022.0,Del0.8,0.76
X-1317,CDKAL1,54901.0,Del0.8,0.8
X-1317,CDKL5,6792.0,Del0.8,0.77
X-1317,CDKN2A,1029.0,MutKnownFunctional,"E88*,0.575"
X-1317,CDR1,1038.0,Del0.8,0.77
X-1317,CDSN,1041.0,Del0.8,0.8
X-1317,CDX4,1046.0,Del0.8,0.77
X-1317,CDY1B,253175.0,Del0.8,0.25
X-1317,CDY1B,253175.0,Del0.8,0.25
X-1317,CDY2A,9426.0,Del0.8,0.25
X-1317,CDY2A,9426.0,Del0.8,0.25
X-1317,CDY2B,203611.0,Del0.8,0.25
X-1317,CDY2B,203611.0,Del0.8,0.25
X-1317,CENPH,64946.0,Del0.8,0.76
X-1317,CENPI,2491.0,Del0.8,0.77
X-1317,CENPK,64105.0,Del0.8,0.77
X-1317,CERCAM,51148.0,MutNovel,"G24S,0.280"
X-1317,CETN2,1069.0,Del0.8,0.77
X-1317,CFP,5199.0,Del0.8,0.77
X-1317,CHD2,1106.0,MutKnownFunctional,"-1242?,0.843"
X-1317,CHD3,1107.0,MutNovel,"P84L,0.788"
X-1317,CHIC1,53344.0,Del0.8,0.77
X-1317,CHID1,66005.0,MutNovel,"I171V,0.247"
X-1317,CHM,1121.0,Del0.8,0.77
X-1317,CHRDL1,91851.0,Del0.8,0.77
X-1317,CHST7,56548.0,Del0.8,0.77
X-1317,CHST9,83539.0,MutNovel,"R280C,0.625"
X-1317,CITED1,4435.0,Del0.8,0.77
X-1317,CKMT2,1160.0,Del0.8,0.76
X-1317,CLCN4,1183.0,Del0.8,0.77
X-1317,CLCN5,1184.0,Del0.8,0.77
X-1317,CLDN2,9075.0,Del0.8,0.77
X-1317,CLIC2,1193.0,Del0.8,0.77
X-1317,CLPS,1208.0,Del0.8,0.77
X-1317,CMAHP,8418.0,Del0.8,0.8
X-1317,CMYA5,202333.0,Del0.8,0.78
X-1317,CNGA2,1260.0,Del0.8,0.77
X-1317,CNKSR2,22866.0,Del0.8,0.77
X-1317,CNTNAP3,79937.0,MutNovel,"P435T,0.273"
X-1317,COL14A1,7373.0,MutNovel,"G782E,0.750"
X-1317,COL19A1,1310.0,MutNovel,"P386L,1.000"
X-1317,COL3A1,1281.0,MutNovel,"D1453Y,1.000"
X-1317,COL4A3BP,10087.0,Del0.8,0.78
X-1317,COL4A5,1287.0,Del0.8,0.77
X-1317,COL4A6,1288.0,Del0.8,0.77
X-1317,COX7B,1349.0,Del0.8,0.77
X-1317,COX7C,1350.0,Del0.8,0.75
X-1317,CPXCR1,53336.0,Del0.8,0.77
X-1317,CRB1,23418.0,MutNovel,"V554M,0.500"
X-1317,CRHBP,1393.0,Del0.8,0.78
X-1317,CRLF2,64109.0,Del0.8,0.77
X-1317,CRSP8P,441089.0,Del0.8,0.78
X-1317,CSAG1,158511.0,Del0.8,0.77
X-1317,CSAG2,728461.0,Del0.8,0.77
X-1317,CSAG2,728461.0,Del0.8,0.77
X-1317,CSAG3,389903.0,Del0.8,0.77
X-1317,CSAG3,389903.0,Del0.8,0.77
X-1317,CSDA,8531.0,MutNovel,"S34R,0.750"
X-1317,CSF2RA,1438.0,Del0.8,0.77
X-1317,CSPG4P1Y,114758.0,Del0.8,0.25
X-1317,CSPG4P1Y,114758.0,Del0.8,0.25
X-1317,CSTF2,1478.0,Del0.8,0.77
X-1317,CT45A1,541466.0,Del0.8,0.77
X-1317,CT45A2,728911.0,Del0.8,0.77
X-1317,CT45A3,441519.0,Del0.8,0.77
X-1317,CT45A4,441520.0,Del0.8,0.77
X-1317,CT45A4,441520.0,Del0.8,0.77
X-1317,CT45A5,441521.0,Del0.8,0.77
X-1317,CT45A6,541465.0,Del0.8,0.77
X-1317,CT47A1,728096.0,Del0.8,0.77
X-1317,CT47A10,728036.0,Del0.8,0.77
X-1317,CT47A6,728062.0,Del0.8,0.77
X-1317,CT47A7,653282.0,Del0.8,0.77
X-1317,CT47B1,643311.0,Del0.8,0.77
X-1317,CTAG1B,1485.0,Del0.8,0.77
X-1317,CTAG1B,1485.0,Del0.8,0.77
X-1317,CTAG2,30848.0,Del0.8,0.77
X-1317,CTPS2,56474.0,Del0.8,0.77
X-1317,CTSA,5476.0,MutNovel,"L29-,1.000"
X-1317,CTSO,1519.0,MutNovel,"V137M,0.529"
X-1317,CUL4B,8450.0,Del0.8,0.77
X-1317,CWC27,10283.0,Del0.8,0.77
X-1317,CXCR3,2833.0,Del0.8,0.77
X-1317,CXXC1P1,392459.0,Del0.8,0.77
X-1317,CXorf1,9142.0,Del0.8,0.77
X-1317,CXorf21,80231.0,Del0.8,0.77
X-1317,CXorf22,170063.0,Del0.8,0.77
X-1317,CXorf23,256643.0,Del0.8,0.77
X-1317,CXorf26,51260.0,Del0.8,0.77
X-1317,CXorf27,25763.0,Del0.8,0.77
X-1317,CXorf28,100129464.0,Del0.8,0.77
X-1317,CXorf30,645090.0,Del0.8,0.77
X-1317,CXorf36,79742.0,Del0.8,0.77
X-1317,CXorf38,159013.0,Del0.8,0.77
X-1317,CXorf40A,91966.0,Del0.8,0.77
X-1317,CXorf40B,541578.0,Del0.8,0.77
X-1317,CXorf48,54967.0,Del0.8,0.77
X-1317,CXorf49B,100132994.0,Del0.8,0.77
X-1317,CXorf49B,100132994.0,Del0.8,0.77
X-1317,CXorf51A,100129239.0,Del0.8,0.77
X-1317,CXorf51A,100129239.0,Del0.8,0.77
X-1317,CXorf56,63932.0,Del0.8,0.77
X-1317,CXorf57,55086.0,Del0.8,0.77
X-1317,CXorf58,254158.0,Del0.8,0.77
X-1317,CXorf59,286464.0,Del0.8,0.77
X-1317,CXorf61,203413.0,Del0.8,0.77
X-1317,CXorf64,100130613.0,Del0.8,0.77
X-1317,CXorf65,158830.0,Del0.8,0.77
X-1317,CXorf66,347487.0,Del0.8,0.77
X-1317,CXorf68,100132963.0,Del0.8,0.77
X-1317,CXorf69,644538.0,Del0.8,0.77
X-1317,CYBB,1536.0,Del0.8,0.77
X-1317,CYLC1,1538.0,Del0.8,0.77
X-1317,CYP1A1,1543.0,MutNovel,"S153F,0.786"
X-1317,CYSLTR1,10800.0,Del0.8,0.77
X-1317,DAAM2,23500.0,Del0.8,0.8
X-1317,DACH2,117154.0,Del0.8,0.77
X-1317,DAZ1,1617.0,Del0.8,0.25
X-1317,DAZ2,57055.0,Del0.8,0.25
X-1317,DAZ3,57054.0,Del0.8,0.25
X-1317,DAZ3,57054.0,Del0.8,0.25
X-1317,DAZ4,57135.0,Del0.8,0.25
X-1317,DAZ4,57135.0,Del0.8,0.25
X-1317,DCAF12L1,139170.0,Del0.8,0.77
X-1317,DCAF12L2,340578.0,Del0.8,0.77
X-1317,DCAF8L1,139425.0,Del0.8,0.77
X-1317,DCAF8L2,347442.0,Del0.8,0.77
X-1317,DCDC2,51473.0,Del0.8,0.8
X-1317,DCLK2,166614.0,MutNovel,"P309S,0.300"
X-1317,DCT,1638.0,MutNovel,"A264S,0.540"
X-1317,DCX,1641.0,Del0.8,0.77
X-1317,DDR1,780.0,Del0.8,0.8
X-1317,DDX26B,203522.0,Del0.8,0.77
X-1317,DDX3X,1654.0,Del0.8,0.77
X-1317,DDX3Y,8653.0,Del0.8,0.25
X-1317,DDX4,54514.0,Del0.8,0.76
X-1317,DDX53,168400.0,Del0.8,0.77
X-1317,DEFB109P1B,641517.0,Amp5,5.28
X-1317,DEGS1,8560.0,MutNovel,"D9E,0.256"
X-1317,DEPDC1B,55789.0,Del0.8,0.77
X-1317,DGAT2L6,347516.0,Del0.8,0.77
X-1317,DGKK,139189.0,Del0.8,0.77
X-1317,DHFR,1719.0,Del0.8,0.76
X-1317,DHRSX,207063.0,Del0.8,0.77
X-1317,DHX16,8449.0,Del0.8,0.8
X-1317,DHX29,54505.0,Del0.8,0.76
X-1317,DIAPH2,1730.0,Del0.8,0.77
X-1317,DIEXF,27042.0,MutNovel,"A540V,0.423"
X-1317,DIMT1,27292.0,Del0.8,0.72
X-1317,DKC1,1736.0,Del0.8,0.77
X-1317,DKFZp686D0853,401613.0,Del0.8,0.77
X-1317,DLG3,1741.0,Del0.8,0.77
X-1317,DMD,1756.0,Del0.8,0.77
X-1317,DMGDH,29958.0,Del0.8,0.78
X-1317,DMRTC1B,728656.0,Del0.8,0.77
X-1317,DMRTC1B,728656.0,Del0.8,0.77
X-1317,DNAH8,1769.0,Del0.8,0.8
X-1317,DNASE1L1,1774.0,Del0.8,0.77
X-1317,DOCK10,55619.0,MutNovel,"S312L,0.231"
X-1317,DOCK11,139818.0,Del0.8,0.77
X-1317,DOCK8,81704.0,MutNovel,"L1079M,0.889"
X-1317,DPCR1,135656.0,Del0.8,0.8
X-1317,DPY19L1,23333.0,MutNovel,"R405S,0.590"
X-1317,DPY19L3,147991.0,MutNovel,"P517L,0.282"
X-1317,DRP2,1821.0,Del0.8,0.77
X-1317,DTNBP1,84062.0,Del0.8,0.77
X-1317,DUSP21,63904.0,Del0.8,0.77
X-1317,DUSP4,1846.0,MutNovel,"A35V,0.368"
X-1317,DUSP9,1852.0,Del0.8,0.77
X-1317,DYNLT3,6990.0,Del0.8,0.77
X-1317,E2F3,1871.0,Del0.8,0.8
X-1317,EBLN2,55096.0,Del0.8,0.8
X-1317,EBP,10682.0,Del0.8,0.77
X-1317,EDA,1896.0,Del0.8,0.77
X-1317,EDA2R,60401.0,Del0.8,0.77
X-1317,EDN1,1906.0,Del0.8,0.77
X-1317,EEF1E1,9521.0,Del0.8,0.77
X-1317,EEF1E1-MUTED,100526837.0,Del0.8,0.77
X-1317,EFHC2,80258.0,Del0.8,0.77
X-1317,EFNB1,1947.0,Del0.8,0.77
X-1317,EGFL6,25975.0,Del0.8,0.77
X-1317,EIF1AX,1964.0,Del0.8,0.77
X-1317,EIF1AY,9086.0,Del0.8,0.25
X-1317,EIF2S3,1968.0,Del0.8,0.77
X-1317,EIF4E3,317649.0,MutNovel,"S136T,0.640"
X-1317,ELF4,2000.0,Del0.8,0.77
X-1317,ELK1,2002.0,Del0.8,0.77
X-1317,ELOVL2,54898.0,Del0.8,0.77
X-1317,ELOVL7,79993.0,Del0.8,0.77
X-1317,EMB,133418.0,Del0.8,0.77
X-1317,EMD,2010.0,Del0.8,0.77
X-1317,ENC1,8507.0,Del0.8,0.78
X-1317,ENOX2,10495.0,Del0.8,0.77
X-1317,ENPP2,5168.0,MutNovel,"S142L,0.304"
X-1317,ENTHD1,150350.0,MutNovel,"P189S,0.667"
X-1317,ERAS,3266.0,Del0.8,0.77
X-1317,ERBB2IP,55914.0,Del0.8,0.77
X-1317,ERCC6L,54821.0,Del0.8,0.77
X-1317,ERCC8,1161.0,Del0.8,0.77
X-1317,ERMP1,79956.0,MutNovel,"Q300H,0.482"
X-1317,ERVFRD-1,405754.0,Del0.8,0.77
X-1317,ERVMER34-1,100288413.0,MutNovel,"Q443E,0.333"
X-1317,ESM1,11082.0,Del0.8,0.76
X-1317,ESR2,2100.0,MutNovel,"L23V,1.000"
X-1317,ESX1,80712.0,Del0.8,0.77
X-1317,EXOC6B,23233.0,MutNovel,"S198F,0.286"
X-1317,F11R,50848.0,MutNovel,"R148W,0.614"
X-1317,F2R,2149.0,Del0.8,0.78
X-1317,F2RL1,2150.0,Del0.8,0.78
X-1317,F2RL2,2151.0,Del0.8,0.78
X-1317,F8,2157.0,Del0.8,0.77
X-1317,F8A1,8263.0,Del0.8,0.77
X-1317,F8A1,8263.0,Del0.8,0.77
X-1317,F9,2158.0,Del0.8,0.77
X-1317,FAAH2,158584.0,Del0.8,0.77
X-1317,FAM104B,90736.0,Del0.8,0.77
X-1317,FAM106A,80039.0,Del0.8,0.62
X-1317,FAM115A,9747.0,MutNovel,"R262C,0.308"
X-1317,FAM120C,54954.0,Del0.8,0.77
X-1317,FAM122B,159090.0,Del0.8,0.77
X-1317,FAM122C,159091.0,Del0.8,0.77
X-1317,FAM123B,139285.0,Del0.8,0.77
X-1317,FAM127A,8933.0,Del0.8,0.77
X-1317,FAM127B,26071.0,Del0.8,0.77
X-1317,FAM127C,441518.0,Del0.8,0.77
X-1317,FAM133A,286499.0,Del0.8,0.77
X-1317,FAM151B,167555.0,Del0.8,0.78
X-1317,FAM155B,27112.0,Del0.8,0.77
X-1317,FAM156A,29057.0,Del0.8,0.77
X-1317,FAM156A,29057.0,Del0.8,0.77
X-1317,FAM156B,727866.0,Del0.8,0.77
X-1317,FAM156B,727866.0,Del0.8,0.77
X-1317,FAM159B,100132916.0,Del0.8,0.77
X-1317,FAM169A,26049.0,Del0.8,0.78
X-1317,FAM171B,165215.0,MutNovel,"-44QQ,1.000"
X-1317,FAM197Y2P,252946.0,Del0.8,0.25
X-1317,FAM199X,139231.0,Del0.8,0.77
X-1317,FAM3A,60343.0,Del0.8,0.77
X-1317,FAM41AY1,340618.0,Del0.8,0.25
X-1317,FAM41AY1,340618.0,Del0.8,0.25
X-1317,FAM45B,55855.0,Del0.8,0.77
X-1317,FAM46D,169966.0,Del0.8,0.77
X-1317,FAM47A,158724.0,Del0.8,0.77
X-1317,FAM47B,170062.0,Del0.8,0.77
X-1317,FAM47C,442444.0,Del0.8,0.77
X-1317,FAM48B1,100130302.0,Del0.8,0.77
X-1317,FAM48B2,170067.0,Del0.8,0.77
X-1317,FAM50A,9130.0,Del0.8,0.77
X-1317,FAM58A,92002.0,Del0.8,0.77
X-1317,FAM65B,9750.0,Del0.8,0.8
X-1317,FAM66B,100128890.0,Amp5,5.28
X-1317,FAM70A,55026.0,MutNovel,"R332C,0.385"
X-1317,FAM70A,55026.0,Del0.8,0.77
X-1317,FAM83E,54854.0,MutNovel,"P331L,0.658"
X-1317,FAM8A1,51439.0,Del0.8,0.77
X-1317,FAM90A1,55138.0,Amp5,6.54
X-1317,FAM9A,171482.0,Del0.8,0.77
X-1317,FAM9B,171483.0,Del0.8,0.77
X-1317,FAM9C,171484.0,Del0.8,0.77
X-1317,FANCB,2187.0,Del0.8,0.77
X-1317,FANCE,2178.0,Del0.8,0.79
X-1317,FATE1,89885.0,Del0.8,0.77
X-1317,FBXO38,81545.0,MutNovel,"NGS835N,0.378"
X-1317,FGD1,2245.0,Del0.8,0.77
X-1317,FGF13,2258.0,Del0.8,0.77
X-1317,FGF16,8823.0,Del0.8,0.77
X-1317,FHAD1,114827.0,MutNovel,"E278K,0.250"
X-1317,FHDC1,85462.0,MutNovel,"G802A,0.304"
X-1317,FHL1,2273.0,Del0.8,0.77
X-1317,FIGF,2277.0,Del0.8,0.77
X-1317,FKBP5,2289.0,Del0.8,0.77
X-1317,FLJ23152,401236.0,Del0.8,0.77
X-1317,FLJ41649,401260.0,Del0.8,0.8
X-1317,FLJ44635,392490.0,Del0.8,0.77
X-1317,FLNA,2316.0,Del0.8,0.77
X-1317,FLOT1,10211.0,Del0.8,0.8
X-1317,FMR1,2332.0,Del0.8,0.77
X-1317,FMR1-AS1,100126270.0,Del0.8,0.77
X-1317,FMR1NB,158521.0,Del0.8,0.77
X-1317,FOXO4,4303.0,Del0.8,0.77
X-1317,FOXP3,50943.0,Del0.8,0.77
X-1317,FOXR2,139628.0,Del0.8,0.77
X-1317,FRMD7,90167.0,Del0.8,0.77
X-1317,FRMD8P1,83957.0,Del0.8,0.77
X-1317,FRMPD3,,MutNovel,"C1216F,1.000"
X-1317,FRMPD4,9758.0,Del0.8,0.77
X-1317,FST,10468.0,Del0.8,0.77
X-1317,FTHL17,53940.0,Del0.8,0.77
X-1317,FTSJ1,24140.0,Del0.8,0.77
X-1317,FTX,100302692.0,Del0.8,0.77
X-1317,FUNDC1,139341.0,Del0.8,0.77
X-1317,FUNDC2,65991.0,Del0.8,0.77
X-1317,G6PD,2539.0,Del0.8,0.77
X-1317,GAB3,139716.0,Del0.8,0.77
X-1317,GABBR1,2550.0,Del0.8,0.8
X-1317,GABRA3,2556.0,Del0.8,0.77
X-1317,GABRE,2564.0,Del0.8,0.77
X-1317,GABRQ,55879.0,Del0.8,0.77
X-1317,GAGE1,2543.0,Del0.8,0.77
X-1317,GAGE10,643832.0,Del0.8,0.77
X-1317,GAGE12D,100132399.0,Del0.8,0.77
X-1317,GAGE12F,100008586.0,Del0.8,0.77
X-1317,GAGE12J,729396.0,Del0.8,0.77
X-1317,GAGE13,645051.0,Del0.8,0.77
X-1317,GAGE2A,729447.0,Del0.8,0.77
X-1317,GAGE2B,645037.0,Del0.8,0.77
X-1317,GAGE2C,2574.0,Del0.8,0.77
X-1317,GAGE2D,729408.0,Del0.8,0.77
X-1317,GAGE2E,26749.0,Del0.8,0.77
X-1317,GAL3ST4,79690.0,MutNovel,"P219S,0.238"
X-1317,GAPT,202309.0,Del0.8,0.77
X-1317,GATA1,2623.0,Del0.8,0.77
X-1317,GCM2,9247.0,Del0.8,0.77
X-1317,GCNT2,2651.0,Del0.8,0.77
X-1317,GCNT4,51301.0,Del0.8,0.78
X-1317,GDI1,2664.0,Del0.8,0.77
X-1317,GDPD2,54857.0,Del0.8,0.77
X-1317,GEMIN8,54960.0,MutNovel,"P53A,0.293"
X-1317,GEMIN8,54960.0,Del0.8,0.77
X-1317,GFM2,84340.0,Del0.8,0.78
X-1317,GFOD1,54438.0,Del0.8,0.77
X-1317,GGH,8836.0,MutNovel,"L199F,0.240"
X-1317,GIGYF2,26058.0,MutNovel,"PQ1231P,0.458"
X-1317,GJB1,2705.0,Del0.8,0.77
X-1317,GK,2710.0,Del0.8,0.77
X-1317,GLA,2717.0,Del0.8,0.77
X-1317,GLO1,2739.0,Del0.8,0.8
X-1317,GLOD5,392465.0,Del0.8,0.77
X-1317,GLP1R,2740.0,Del0.8,0.8
X-1317,GLRA2,2742.0,Del0.8,0.77
X-1317,GLRA4,441509.0,Del0.8,0.77
X-1317,GLUD2,2747.0,Del0.8,0.77
X-1317,GMIP,51291.0,MutNovel,"R545Q,0.355"
X-1317,GMNN,51053.0,Del0.8,0.8
X-1317,GMPR,2766.0,Del0.8,0.77
X-1317,GNL1,2794.0,Del0.8,0.8
X-1317,GNL3L,54552.0,Del0.8,0.77
X-1317,GOLGA2P2Y,84559.0,Del0.8,0.25
X-1317,GOLGA2P2Y,84559.0,Del0.8,0.25
X-1317,GPBP1,65056.0,Del0.8,0.8
X-1317,GPC3,2719.0,Del0.8,0.77
X-1317,GPC4,2239.0,Del0.8,0.77
X-1317,GPKOW,27238.0,Del0.8,0.77
X-1317,GPLD1,2822.0,Del0.8,0.8
X-1317,GPM6B,2824.0,Del0.8,0.77
X-1317,GPR101,83550.0,Del0.8,0.77
X-1317,GPR112,139378.0,Del0.8,0.77
X-1317,GPR119,139760.0,Del0.8,0.77
X-1317,GPR143,4935.0,Del0.8,0.77
X-1317,GPR153,387509.0,MutNovel,"A211T,0.277"
X-1317,GPR161,23432.0,MutNovel,"R110H,0.286"
X-1317,GPR173,54328.0,Del0.8,0.77
X-1317,GPR174,84636.0,Del0.8,0.77
X-1317,GPR34,2857.0,Del0.8,0.77
X-1317,GPR50,9248.0,Del0.8,0.77
X-1317,GPR64,10149.0,Del0.8,0.77
X-1317,GPR82,27197.0,Del0.8,0.77
X-1317,GPRASP1,9737.0,Del0.8,0.77
X-1317,GPRASP2,114928.0,Del0.8,0.77
X-1317,GPSM1,26086.0,MutNovel,"E124K,0.319"
X-1317,GPX5,2880.0,Del0.8,0.8
X-1317,GPX6,257202.0,Del0.8,0.8
X-1317,GPX8,493869.0,Del0.8,0.76
X-1317,GRIA3,2892.0,Del0.8,0.77
X-1317,GRIPAP1,56850.0,Del0.8,0.77
X-1317,GRPR,2925.0,Del0.8,0.77
X-1317,GSPT2,23708.0,Del0.8,0.77
X-1317,GSTT1,2952.0,Amp5,6.36
X-1317,GTF2H4,2968.0,Del0.8,0.8
X-1317,GTF3C3,9330.0,MutNovel,"EEE108E,0.241"
X-1317,GTPBP6,8225.0,Del0.8,0.77
X-1317,GUCY2F,2986.0,Del0.8,0.77
X-1317,GUSBP2,387036.0,Del0.8,0.8
X-1317,GXYLT2,727936.0,Del0.8,0.8
X-1317,GYG2,8908.0,Del0.8,0.77
X-1317,GYG2P1,352887.0,Del0.8,0.25
X-1317,GZMA,3001.0,Del0.8,0.76
X-1317,GZMK,3003.0,Del0.8,0.76
X-1317,H2AFB1,474382.0,Del0.8,0.77
X-1317,H2AFB1,474382.0,Del0.8,0.77
X-1317,H2BFM,286436.0,Del0.8,0.77
X-1317,H2BFWT,158983.0,Del0.8,0.77
X-1317,H2BFXP,767811.0,Del0.8,0.77
X-1317,H2BFXP,767811.0,Del0.8,0.77
X-1317,HAUS3,79441.0,MutNovel,"L155I,0.203"
X-1317,HAUS7,55559.0,Del0.8,0.77
X-1317,HCCS,3052.0,Del0.8,0.77
X-1317,HCFC1,3054.0,MutNovel,"D1051N,0.256"
X-1317,HCFC1,3054.0,Del0.8,0.77
X-1317,HCG11,493812.0,Del0.8,0.8
X-1317,HCG18,414777.0,Del0.8,0.8
X-1317,HCG22,285834.0,Del0.8,0.8
X-1317,HCG27,253018.0,Del0.8,0.8
X-1317,HCG4,54435.0,Del0.8,0.8
X-1317,HCG4B,80868.0,Del0.8,0.8
X-1317,HCG9,10255.0,Del0.8,0.8
X-1317,HDAC6,10013.0,MutNovel,"G916R,0.589"
X-1317,HDAC6,10013.0,Del0.8,0.77
X-1317,HDAC8,55869.0,Del0.8,0.77
X-1317,HDGFL1,154150.0,Del0.8,0.8
X-1317,HDHD1,8226.0,Del0.8,0.77
X-1317,HDX,139324.0,Del0.8,0.77
X-1317,HEPH,9843.0,Del0.8,0.77
X-1317,HERC6,55008.0,MutNovel,"L484R,0.446"
X-1317,HEXB,3074.0,Del0.8,0.78
X-1317,HFE,3077.0,Del0.8,0.8
X-1317,HIST1H1A,3024.0,Del0.8,0.8
X-1317,HIST1H1B,3009.0,Del0.8,0.8
X-1317,HIST1H1C,3006.0,Del0.8,0.8
X-1317,HIST1H1D,3007.0,Del0.8,0.8
X-1317,HIST1H1E,3008.0,Del0.8,0.8
X-1317,HIST1H1T,3010.0,Del0.8,0.8
X-1317,HIST1H2AA,221613.0,Del0.8,0.8
X-1317,HIST1H2AB,8335.0,Del0.8,0.8
X-1317,HIST1H2AC,8334.0,Del0.8,0.8
X-1317,HIST1H2AD,3013.0,Del0.8,0.8
X-1317,HIST1H2AE,3012.0,Del0.8,0.8
X-1317,HIST1H2AG,8969.0,Del0.8,0.8
X-1317,HIST1H2AH,85235.0,Del0.8,0.8
X-1317,HIST1H2AJ,8331.0,Del0.8,0.8
X-1317,HIST1H2AK,8330.0,Del0.8,0.8
X-1317,HIST1H2AL,8332.0,Del0.8,0.8
X-1317,HIST1H2AM,8336.0,Del0.8,0.8
X-1317,HIST1H2APS1,387319.0,Del0.8,0.8
X-1317,HIST1H2BA,255626.0,Del0.8,0.8
X-1317,HIST1H2BB,3018.0,Del0.8,0.8
X-1317,HIST1H2BC,8347.0,Del0.8,0.8
X-1317,HIST1H2BD,3017.0,Del0.8,0.8
X-1317,HIST1H2BE,8344.0,Del0.8,0.8
X-1317,HIST1H2BF,8343.0,Del0.8,0.8
X-1317,HIST1H2BG,8339.0,Del0.8,0.8
X-1317,HIST1H2BH,8345.0,Del0.8,0.8
X-1317,HIST1H2BI,8346.0,Del0.8,0.8
X-1317,HIST1H2BJ,8970.0,Del0.8,0.8
X-1317,HIST1H2BK,85236.0,Del0.8,0.8
X-1317,HIST1H2BL,8340.0,Del0.8,0.8
X-1317,HIST1H2BM,8342.0,Del0.8,0.8
X-1317,HIST1H2BN,8341.0,Del0.8,0.8
X-1317,HIST1H2BO,8348.0,Del0.8,0.8
X-1317,HIST1H3A,8350.0,Del0.8,0.8
X-1317,HIST1H3B,8358.0,Del0.8,0.8
X-1317,HIST1H3C,8352.0,Del0.8,0.8
X-1317,HIST1H3D,8351.0,Del0.8,0.8
X-1317,HIST1H3E,8353.0,Del0.8,0.8
X-1317,HIST1H3F,8968.0,Del0.8,0.8
X-1317,HIST1H3G,8355.0,Del0.8,0.8
X-1317,HIST1H3H,8357.0,Del0.8,0.8
X-1317,HIST1H3I,8354.0,Del0.8,0.8
X-1317,HIST1H3J,8356.0,Del0.8,0.8
X-1317,HIST1H4A,8359.0,Del0.8,0.8
X-1317,HIST1H4B,8366.0,Del0.8,0.8
X-1317,HIST1H4C,8364.0,Del0.8,0.8
X-1317,HIST1H4D,8360.0,Del0.8,0.8
X-1317,HIST1H4E,8367.0,Del0.8,0.8
X-1317,HIST1H4F,8361.0,Del0.8,0.8
X-1317,HIST1H4G,8369.0,Del0.8,0.8
X-1317,HIST1H4H,8365.0,Del0.8,0.8
X-1317,HIST1H4I,8294.0,Del0.8,0.8
X-1317,HIST1H4J,8363.0,Del0.8,0.8
X-1317,HIST1H4K,8362.0,Del0.8,0.8
X-1317,HIST1H4L,8368.0,Del0.8,0.8
X-1317,HIVEP1,3096.0,Del0.8,0.77
X-1317,HLA-A,3105.0,Del0.8,0.8
X-1317,HLA-C,3107.0,Del0.8,0.8
X-1317,HLA-DMA,3108.0,Del0.8,0.8
X-1317,HLA-DMB,3109.0,Del0.8,0.8
X-1317,HLA-DOA,3111.0,Del0.8,0.8
X-1317,HLA-DOB,3112.0,Del0.8,0.8
X-1317,HLA-DQA2,3118.0,Del0.8,0.8
X-1317,HLA-DQB2,3120.0,Del0.8,0.8
X-1317,HLA-E,3133.0,Del0.8,0.8
X-1317,HLA-F,3134.0,Del0.8,0.8
X-1317,HLA-F-AS1,285830.0,Del0.8,0.8
X-1317,HLA-G,3135.0,MutNovel,"V255M,0.500"
X-1317,HLA-G,3135.0,Del0.8,0.8
X-1317,HLA-H,3136.0,Del0.8,0.8
X-1317,HLA-J,3137.0,Del0.8,0.8
X-1317,HLA-L,3139.0,Del0.8,0.8
X-1317,HMGB3,3149.0,Del0.8,0.77
X-1317,HMGCR,3156.0,Del0.8,0.78
X-1317,HMGN4,10473.0,Del0.8,0.8
X-1317,HMGN5,79366.0,Del0.8,0.77
X-1317,HMOX2,3163.0,MutNovel,"LQF296L,0.465"
X-1317,HMSD,284293.0,Del0.8,0.78
X-1317,HNRNPCL1,343069.0,Del0.8,0.71
X-1317,HNRNPH2,3188.0,Del0.8,0.77
X-1317,HOMER1,9456.0,Del0.8,0.78
X-1317,HPRT1,3251.0,Del0.8,0.77
X-1317,HRNR,388697.0,MutNovel,"G901R,0.333"
X-1317,HS6ST2,90161.0,Del0.8,0.77
X-1317,HSD17B10,3028.0,Del0.8,0.77
X-1317,HSFX2,100130086.0,Del0.8,0.77
X-1317,HSFX2,100130086.0,Del0.8,0.77
X-1317,HSFY2,159119.0,Del0.8,0.25
X-1317,HSFY2,159119.0,Del0.8,0.25
X-1317,HSPB3,8988.0,Del0.8,0.76
X-1317,HTATSF1,27336.0,Del0.8,0.77
X-1317,HTR1A,3350.0,Del0.8,0.77
X-1317,HTR2C,3358.0,Del0.8,0.77
X-1317,HULC,728655.0,Del0.8,0.77
X-1317,HUWE1,10075.0,Del0.8,0.77
X-1317,ID4,3400.0,Del0.8,0.8
X-1317,IDH3G,3421.0,Del0.8,0.77
X-1317,IDS,3423.0,Del0.8,0.77
X-1317,IER3,8870.0,Del0.8,0.8
X-1317,IFITM4P,340198.0,Del0.8,0.8
X-1317,IGBP1,3476.0,Del0.8,0.77
X-1317,IGSF1,3547.0,Del0.8,0.77
X-1317,IKBKG,8517.0,Del0.8,0.77
X-1317,IL13RA1,3597.0,Del0.8,0.77
X-1317,IL13RA2,3598.0,MutNovel,"P200S,1.000"
X-1317,IL13RA2,3598.0,Del0.8,0.77
X-1317,IL1RAPL1,11141.0,Del0.8,0.77
X-1317,IL1RAPL2,26280.0,Del0.8,0.77
X-1317,IL2RG,3561.0,Del0.8,0.77
X-1317,IL31RA,133396.0,Del0.8,0.76
X-1317,IL3RA,3563.0,Del0.8,0.77
X-1317,IL6ST,3572.0,Del0.8,0.76
X-1317,IL9R,3581.0,Del0.8,0.77
X-1317,INE1,8552.0,Del0.8,0.77
X-1317,INE2,8551.0,Del0.8,0.77
X-1317,INGX,27160.0,Del0.8,0.77
X-1317,IPO11,51194.0,Del0.8,0.72
X-1317,IQGAP2,10788.0,Del0.8,0.78
X-1317,IQSEC2,23096.0,Del0.8,0.77
X-1317,IRAK1,3654.0,Del0.8,0.77
X-1317,IRF2BP2,359948.0,MutNovel,"ANG344-,0.263"
X-1317,IRS4,8471.0,Del0.8,0.77
X-1317,ISL1,3670.0,Del0.8,0.77
X-1317,ITGA1,3672.0,MutNovel,"L781F,0.353"
X-1317,ITGA1,3672.0,Del0.8,0.77
X-1317,ITGA2,3673.0,Del0.8,0.77
X-1317,ITGA5,3678.0,MutNovel,"P698L,0.211"
X-1317,ITGB1BP2,26548.0,Del0.8,0.77
X-1317,ITIH6,347365.0,Del0.8,0.77
X-1317,ITM2A,9452.0,Del0.8,0.77
X-1317,ITPRIP,85450.0,MutKnownFunctional,"Q71*,0.548"
X-1317,JARID2,3720.0,Del0.8,0.77
X-1317,JMY,133746.0,Del0.8,0.78
X-1317,JPH1,56704.0,MutNovel,"R213P,0.655"
X-1317,JPX,554203.0,Del0.8,0.77
X-1317,KAAG1,353219.0,Del0.8,0.8
X-1317,KAL1,3730.0,Del0.8,0.77
X-1317,KCND1,3750.0,Del0.8,0.77
X-1317,KCNE1L,23630.0,Del0.8,0.77
X-1317,KCNK16,83795.0,Del0.8,0.8
X-1317,KCNK17,89822.0,Del0.8,0.8
X-1317,KCNK5,8645.0,Del0.8,0.8
X-1317,KCNQ5,56479.0,MutNovel,"E294K,0.500"
X-1317,KDM1B,221656.0,Del0.8,0.77
X-1317,KDM5C,8242.0,Del0.8,0.77
X-1317,KDM5D,8284.0,Del0.8,0.25
X-1317,KDM6A,7403.0,Del0.8,0.77
X-1317,KDSR,2531.0,Del0.8,0.78
X-1317,KHDC1,80759.0,MutNovel,"R178C,0.400"
X-1317,KIAA0319,9856.0,Del0.8,0.8
X-1317,KIAA0355,9710.0,MutNovel,"TPPQP1036T,0.263"
X-1317,KIAA1210,57481.0,Del0.8,0.77
X-1317,KIAA1467,57613.0,MutNovel,"P53S,0.312"
X-1317,KIAA2022,340533.0,Del0.8,0.77
X-1317,KIF13A,63971.0,Del0.8,0.77
X-1317,KIF1B,23095.0,MutNovel,"R807Q,0.323"
X-1317,KIF2A,3796.0,Del0.8,0.72
X-1317,KIF4A,24137.0,Del0.8,0.77
X-1317,KIF6,221458.0,Del0.8,0.8
X-1317,KLF8,11279.0,Del0.8,0.77
X-1317,KLHL13,90293.0,Del0.8,0.77
X-1317,KLHL15,80311.0,Del0.8,0.77
X-1317,KLHL34,257240.0,Del0.8,0.77
X-1317,KLHL4,56062.0,Del0.8,0.77
X-1317,KRAS,3845.0,MutKnownFunctional,"G12V,0.643"
X-1317,KRT14,3861.0,MutNovel,"T308S,0.800"
X-1317,KRT14,3861.0,MutNovel,"E304D,0.667"
X-1317,KRT14,3861.0,MutNovel,"S241N,1.000"
X-1317,L1CAM,3897.0,Del0.8,0.77
X-1317,LAGE3,8270.0,Del0.8,0.77
X-1317,LAMP2,3920.0,Del0.8,0.77
X-1317,LANCL3,347404.0,Del0.8,0.77
X-1317,LARP1,23367.0,MutNovel,"R817H,0.648"
X-1317,LAS1L,81887.0,Del0.8,0.77
X-1317,LDOC1,23641.0,Del0.8,0.77
X-1317,LGALS9C,654346.0,Del0.8,0.62
X-1317,LHFP,10186.0,MutNovel,"G162E,0.205"
X-1317,LHFPL1,340596.0,Del0.8,0.77
X-1317,LHFPL2,10184.0,Del0.8,0.78
X-1317,LHFPL5,222662.0,Del0.8,0.77
X-1317,LINC00086,399668.0,Del0.8,0.77
X-1317,LINC00087,644596.0,Del0.8,0.77
X-1317,LINC00102,100359394.0,Del0.8,0.77
X-1317,LINC00240,100133205.0,Del0.8,0.8
X-1317,LINC00305,221241.0,Del0.8,0.78
X-1317,LINC00340,401237.0,Del0.8,0.8
X-1317,LINC00461,645323.0,Del0.8,0.75
X-1317,LINC00518,221718.0,Del0.8,0.77
X-1317,LLGL2,3993.0,MutNovel,"R185W,0.568"
X-1317,LOC100127983,100127983.0,MutNovel,"P29S,0.206"
X-1317,LOC100128420,100128420.0,Del0.8,0.77
X-1317,LOC100129407,100129407.0,Del0.8,0.77
X-1317,LOC100129407,100129407.0,Del0.8,0.77
X-1317,LOC100129515,100129515.0,Del0.8,0.77
X-1317,LOC100129520,100129520.0,MutNovel,"P467S,1.000"
X-1317,LOC100129520,100129520.0,Del0.8,0.77
X-1317,LOC100129636,100129636.0,Del0.8,0.8
X-1317,LOC100129662,100129662.0,Del0.8,0.77
X-1317,LOC100130275,100130275.0,Del0.8,0.77
X-1317,LOC100130357,100130357.0,Del0.8,0.77
X-1317,LOC100131047,100131047.0,Del0.8,0.8
X-1317,LOC100131067,100131067.0,Del0.8,0.76
X-1317,LOC100131289,100131289.0,Del0.8,0.8
X-1317,LOC100131434,100131434.0,Del0.8,0.77
X-1317,LOC100132741,100132741.0,Del0.8,0.77
X-1317,LOC100132831,100132831.0,Del0.8,0.77
X-1317,LOC100133123,100133123.0,Del0.8,0.77
X-1317,LOC100133957,100133957.0,Del0.8,0.77
X-1317,LOC100270746,100270746.0,Del0.8,0.8
X-1317,LOC100272228,100272228.0,Del0.8,0.77
X-1317,LOC100287765,100287765.0,Del0.8,0.77
X-1317,LOC100288814,100288814.0,Del0.8,0.77
X-1317,LOC100294145,100294145.0,Del0.8,0.8
X-1317,LOC100303749,100303749.0,Del0.8,0.77
X-1317,LOC100506207,100506207.0,Del0.8,0.77
X-1317,LOC100506757,100506757.0,Del0.8,0.77
X-1317,LOC100507173,100507173.0,Del0.8,0.8
X-1317,LOC100507362,100507362.0,Del0.8,0.8
X-1317,LOC100507404,100507404.0,Del0.8,0.77
X-1317,LOC100507404,100507404.0,Del0.8,0.77
X-1317,LOC100507463,100507463.0,Del0.8,0.8
X-1317,LOC100996585,,MutNovel,"A127V,1.000"
X-1317,LOC100996641,,MutNovel,"D304N,1.000"
X-1317,LOC158572,158572.0,Del0.8,0.77
X-1317,LOC158696,158696.0,Del0.8,0.77
X-1317,LOC201617,201617.0,Del0.8,0.8
X-1317,LOC257396,257396.0,Del0.8,0.77
X-1317,LOC284294,284294.0,Del0.8,0.78
X-1317,LOC285819,285819.0,Del0.8,0.8
X-1317,LOC285847,285847.0,Del0.8,0.77
X-1317,LOC286437,286437.0,Del0.8,0.77
X-1317,LOC286442,286442.0,Del0.8,0.77
X-1317,LOC286467,286467.0,Del0.8,0.77
X-1317,LOC340544,340544.0,Del0.8,0.77
X-1317,LOC347411,347411.0,Del0.8,0.77
X-1317,LOC389906,389906.0,Del0.8,0.77
X-1317,LOC391322,391322.0,Amp5,6.36
X-1317,LOC400654,400654.0,Del0.8,0.78
X-1317,LOC401242,401242.0,Del0.8,0.8
X-1317,LOC401588,401588.0,Del0.8,0.77
X-1317,LOC442459,442459.0,Del0.8,0.77
X-1317,LOC550643,550643.0,Del0.8,0.77
X-1317,LOC554223,554223.0,Del0.8,0.8
X-1317,LOC643486,643486.0,Del0.8,0.77
X-1317,LOC644936,644936.0,Del0.8,0.78
X-1317,LOC729177,729177.0,Del0.8,0.8
X-1317,LOC729609,729609.0,Del0.8,0.77
X-1317,LOC92249,92249.0,Del0.8,0.77
X-1317,LONRF3,79836.0,Del0.8,0.77
X-1317,LPAR4,2846.0,Del0.8,0.77
X-1317,LRCH2,57631.0,Del0.8,0.77
X-1317,LRFN2,57497.0,Del0.8,0.8
X-1317,LRRC16A,55604.0,Del0.8,0.8
X-1317,LRRC47,57470.0,MutNovel,"V383I,0.316"
X-1317,LRRC70,100130733.0,Del0.8,0.72
X-1317,LRRFIP1,9208.0,MutNovel,"S209C,0.264"
X-1317,LSR,51599.0,MutNovel,"G518GR,1.000"
X-1317,LUZP4,51213.0,Del0.8,0.77
X-1317,MACF1,23499.0,MutNovel,"N1887S,0.320"
X-1317,MACROD2-AS1,100379174.0,Del0.8,0.65
X-1317,MAGEA1,4100.0,Del0.8,0.77
X-1317,MAGEA10,4109.0,Del0.8,0.77
X-1317,MAGEA10-MAGEA5,100533997.0,Del0.8,0.77
X-1317,MAGEA11,4110.0,MutNovel,"M185I,0.308"
X-1317,MAGEA11,4110.0,Del0.8,0.77
X-1317,MAGEA12,4111.0,Del0.8,0.77
X-1317,MAGEA2,4101.0,Del0.8,0.77
X-1317,MAGEA2,4101.0,Del0.8,0.77
X-1317,MAGEA3,4102.0,Del0.8,0.77
X-1317,MAGEA4,4103.0,Del0.8,0.77
X-1317,MAGEA5,4104.0,Del0.8,0.77
X-1317,MAGEA6,4105.0,Del0.8,0.77
X-1317,MAGEA8,4107.0,Del0.8,0.77
X-1317,MAGEA9B,728269.0,Del0.8,0.77
X-1317,MAGEA9B,728269.0,Del0.8,0.77
X-1317,MAGEB1,4112.0,Del0.8,0.77
X-1317,MAGEB10,139422.0,Del0.8,0.77
X-1317,MAGEB16,139604.0,Del0.8,0.77
X-1317,MAGEB18,286514.0,Del0.8,0.77
X-1317,MAGEB2,4113.0,Del0.8,0.77
X-1317,MAGEB3,4114.0,Del0.8,0.77
X-1317,MAGEB4,4115.0,Del0.8,0.77
X-1317,MAGEB6,158809.0,Del0.8,0.77
X-1317,MAGEC1,9947.0,MutNovel,"F225S,0.688"
X-1317,MAGEC1,9947.0,Del0.8,0.77
X-1317,MAGEC2,51438.0,Del0.8,0.77
X-1317,MAGEC3,139081.0,Del0.8,0.77
X-1317,MAGED1,9500.0,Del0.8,0.77
X-1317,MAGED2,10916.0,Del0.8,0.77
X-1317,MAGED4B,81557.0,Del0.8,0.77
X-1317,MAGED4B,81557.0,Del0.8,0.77
X-1317,MAGEE1,57692.0,Del0.8,0.77
X-1317,MAGEE2,139599.0,Del0.8,0.77
X-1317,MAGEH1,28986.0,Del0.8,0.77
X-1317,MAGIX,79917.0,Del0.8,0.77
X-1317,MAGT1,84061.0,Del0.8,0.77
X-1317,MAK,4117.0,Del0.8,0.77
X-1317,MAMLD1,10046.0,Del0.8,0.77
X-1317,MAOA,4128.0,Del0.8,0.77
X-1317,MAOB,4129.0,Del0.8,0.77
X-1317,MAP3K1,4214.0,Del0.8,0.8
X-1317,MAP3K15,389840.0,Del0.8,0.77
X-1317,MAP3K4,4216.0,MutNovel,"PA1189P,1.000"
X-1317,MAP3K9,4293.0,MutNovel,"R819C,0.308"
X-1317,MAP7D2,256714.0,Del0.8,0.77
X-1317,MAP7D3,79649.0,Del0.8,0.77
X-1317,MAPK13,5603.0,Del0.8,0.77
X-1317,MAPK14,1432.0,Del0.8,0.77
X-1317,MARVELD2,153562.0,Del0.8,0.76
X-1317,MAS1L,116511.0,Del0.8,0.8
X-1317,MAST4,375449.0,Del0.8,0.77
X-1317,MBNL3,55796.0,Del0.8,0.77
X-1317,MBOAT1,154141.0,Del0.8,0.8
X-1317,MBTPS2,51360.0,Del0.8,0.77
X-1317,MCF2,4168.0,Del0.8,0.77
X-1317,MCTS1,28985.0,Del0.8,0.77
X-1317,MDC1,9656.0,Del0.8,0.8
X-1317,MDGA1,266727.0,Del0.8,0.8
X-1317,MECP2,4204.0,Del0.8,0.77
X-1317,MED12,9968.0,Del0.8,0.77
X-1317,MED14,9282.0,Del0.8,0.77
X-1317,MED15,51586.0,MutNovel,"-251Q,0.204"
X-1317,MEF2A,4205.0,MutNovel,"QQ412-,0.556"
X-1317,MEF2C,4208.0,Del0.8,0.75
X-1317,MEN1,4221.0,MutNovel,"R171Q,0.301"
X-1317,MGC16121,84848.0,Del0.8,0.77
X-1317,MID1,4281.0,MutNovel,"S614F,0.422"
X-1317,MID1,4281.0,Del0.8,0.77
X-1317,MID1IP1,58526.0,Del0.8,0.77
X-1317,MID2,11043.0,Del0.8,0.77
X-1317,MIER3,166968.0,Del0.8,0.8
X-1317,MIR105-1,406897.0,Del0.8,0.77
X-1317,MIR105-2,406898.0,Del0.8,0.77
X-1317,MIR106A,406899.0,Del0.8,0.77
X-1317,MIR1184-1,100302111.0,Del0.8,0.77
X-1317,MIR1184-1,100302111.0,Del0.8,0.77
X-1317,MIR1256,100302155.0,Del0.8,0.77
X-1317,MIR1264,100302251.0,Del0.8,0.77
X-1317,MIR1277,100302214.0,Del0.8,0.77
X-1317,MIR1298,100302153.0,Del0.8,0.77
X-1317,MIR1468,100302115.0,Del0.8,0.77
X-1317,MIR188,406964.0,Del0.8,0.77
X-1317,MIR18B,574033.0,Del0.8,0.77
X-1317,MIR1911,100302222.0,Del0.8,0.77
X-1317,MIR1912,100302144.0,Del0.8,0.77
X-1317,MIR19B2,406981.0,Del0.8,0.77
X-1317,MIR20B,574032.0,Del0.8,0.77
X-1317,MIR2114,100313839.0,Del0.8,0.77
X-1317,MIR221,407006.0,Del0.8,0.77
X-1317,MIR222,407007.0,Del0.8,0.77
X-1317,MIR223,407008.0,Del0.8,0.77
X-1317,MIR23C,100500809.0,Del0.8,0.77
X-1317,MIR3143,100422934.0,Del0.8,0.8
X-1317,MIR3202-1,100422987.0,Del0.8,0.77
X-1317,MIR3202-2,100422877.0,Del0.8,0.77
X-1317,MIR320D2,100302169.0,Del0.8,0.77
X-1317,MIR3607,100500805.0,Del0.8,0.75
X-1317,MIR362,574030.0,Del0.8,0.77
X-1317,MIR363,574031.0,Del0.8,0.77
X-1317,MIR3690,100500894.0,Del0.8,0.77
X-1317,MIR374A,442919.0,Del0.8,0.77
X-1317,MIR374B,100126317.0,Del0.8,0.77
X-1317,MIR374C,100500807.0,Del0.8,0.77
X-1317,MIR384,494333.0,Del0.8,0.77
X-1317,MIR3977,100616297.0,Del0.8,0.77
X-1317,MIR3978,100616491.0,Del0.8,0.77
X-1317,MIR421,693122.0,Del0.8,0.77
X-1317,MIR424,494336.0,Del0.8,0.77
X-1317,MIR4280,100422887.0,Del0.8,0.75
X-1317,MIR4328,100422932.0,Del0.8,0.77
X-1317,MIR4329,100423009.0,Del0.8,0.77
X-1317,MIR4330,100422930.0,Del0.8,0.77
X-1317,MIR4462,100616413.0,Del0.8,0.8
X-1317,MIR448,554212.0,Del0.8,0.77
X-1317,MIR449A,554213.0,Del0.8,0.76
X-1317,MIR449B,693123.0,Del0.8,0.76
X-1317,MIR449C,100313923.0,Del0.8,0.76
X-1317,MIR450A1,554214.0,Del0.8,0.77
X-1317,MIR450A2,574505.0,Del0.8,0.77
X-1317,MIR450B,100126302.0,Del0.8,0.77
X-1317,MIR452,574412.0,Del0.8,0.77
X-1317,MIR4536-1,100616155.0,Del0.8,0.77
X-1317,MIR4639,100616269.0,Del0.8,0.77
X-1317,MIR4640,100616237.0,Del0.8,0.8
X-1317,MIR4767,100616467.0,Del0.8,0.77
X-1317,MIR4768,100616249.0,Del0.8,0.77
X-1317,MIR4769,100616147.0,Del0.8,0.77
X-1317,MIR4770,100616373.0,Del0.8,0.77
X-1317,MIR500A,574502.0,Del0.8,0.77
X-1317,MIR500B,100422911.0,Del0.8,0.77
X-1317,MIR501,574503.0,Del0.8,0.77
X-1317,MIR502,574504.0,Del0.8,0.77
X-1317,MIR503,574506.0,Del0.8,0.77
X-1317,MIR504,574507.0,Del0.8,0.77
X-1317,MIR505,574508.0,Del0.8,0.77
X-1317,MIR506,574511.0,Del0.8,0.77
X-1317,MIR507,574512.0,Del0.8,0.77
X-1317,MIR508,574513.0,Del0.8,0.77
X-1317,MIR509-1,574514.0,Del0.8,0.77
X-1317,MIR510,574515.0,Del0.8,0.77
X-1317,MIR514A1,574516.0,Del0.8,0.77
X-1317,MIR514A2,574517.0,Del0.8,0.77
X-1317,MIR514B,100422847.0,Del0.8,0.77
X-1317,MIR532,693124.0,Del0.8,0.77
X-1317,MIR542,664617.0,Del0.8,0.77
X-1317,MIR545,664614.0,Del0.8,0.77
X-1317,MIR548A1,693125.0,Del0.8,0.8
X-1317,MIR581,693166.0,Del0.8,0.77
X-1317,MIR651,723779.0,Del0.8,0.77
X-1317,MIR660,724030.0,Del0.8,0.77
X-1317,MIR676,100500887.0,Del0.8,0.77
X-1317,MIR718,100313781.0,Del0.8,0.77
X-1317,MIR764,100313838.0,Del0.8,0.77
X-1317,MIR766,768218.0,Del0.8,0.77
X-1317,MIR767,768215.0,Del0.8,0.77
X-1317,MIR877,100126314.0,Del0.8,0.8
X-1317,MIR888,100126306.0,Del0.8,0.77
X-1317,MIR890,100126303.0,Del0.8,0.77
X-1317,MIR891A,100126341.0,Del0.8,0.77
X-1317,MIR891B,100126304.0,Del0.8,0.77
X-1317,MIR892A,100126342.0,Del0.8,0.77
X-1317,MIR892B,100126307.0,Del0.8,0.77
X-1317,MIR9-2,407047.0,Del0.8,0.75
X-1317,MIR92A2,407049.0,Del0.8,0.77
X-1317,MIR934,100126324.0,Del0.8,0.77
X-1317,MIR98,407054.0,Del0.8,0.77
X-1317,MIRLET7F2,406889.0,Del0.8,0.77
X-1317,MLL3,58508.0,MutKnownFunctional,"-2797?,0.455"
X-1317,MMGT1,93380.0,Del0.8,0.77
X-1317,MOCS1,4337.0,Del0.8,0.8
X-1317,MOCS2,4338.0,Del0.8,0.77
X-1317,MOG,4340.0,Del0.8,0.8
X-1317,MORC4,79710.0,Del0.8,0.77
X-1317,MORF4L2,9643.0,Del0.8,0.77
X-1317,MOSPD1,56180.0,Del0.8,0.77
X-1317,MOSPD2,158747.0,Del0.8,0.77
X-1317,MPP1,4354.0,Del0.8,0.77
X-1317,MRPS18B,28973.0,Del0.8,0.8
X-1317,MRPS36,92259.0,Del0.8,0.76
X-1317,MRS2,57380.0,Del0.8,0.8
X-1317,MSH3,4437.0,Del0.8,0.76
X-1317,MSL3,10943.0,Del0.8,0.77
X-1317,MSN,4478.0,Del0.8,0.77
X-1317,MST4,51765.0,Del0.8,0.77
X-1317,MTCP1,4515.0,Del0.8,0.77
X-1317,MTCP1NB,100272147.0,Del0.8,0.77
X-1317,MTM1,4534.0,Del0.8,0.77
X-1317,MTMR1,8776.0,Del0.8,0.77
X-1317,MTMR8,55613.0,Del0.8,0.77
X-1317,MTRNR2L10,100463488.0,Del0.8,0.77
X-1317,MTRNR2L2,100462981.0,Del0.8,0.76
X-1317,MTX3,345778.0,Del0.8,0.78
X-1317,MUC16,94025.0,MutNovel,"T13162S,0.333"
X-1317,MUC16,94025.0,MutNovel,"H7416R,0.333"
X-1317,MUC16,94025.0,MutNovel,"H7416G,0.333"
X-1317,MUC2,4583.0,MutNovel,"Q2636H,0.583"
X-1317,MUC21,394263.0,Del0.8,0.8
X-1317,MUC22,100507679.0,Del0.8,0.8
X-1317,MUC5AC,,MutNovel,"L701V,1.000"
X-1317,MUC6,4588.0,MutNovel,"M1648T,0.750"
X-1317,MUM1L1,139221.0,Del0.8,0.77
X-1317,MUTED,63915.0,Del0.8,0.77
X-1317,MXRA5,25878.0,Del0.8,0.77
X-1317,MYLIP,29116.0,Del0.8,0.77
X-1317,MYO18A,399687.0,MutNovel,"L1922R,0.290"
X-1317,MYT1L,23040.0,MutNovel,"P351L,1.000"
X-1317,NAA10,8260.0,Del0.8,0.77
X-1317,NAAA,27163.0,MutNovel,"E7K,0.417"
X-1317,NAP1L2,4674.0,Del0.8,0.77
X-1317,NAP1L3,4675.0,Del0.8,0.77
X-1317,NAP1L6,645996.0,Del0.8,0.77
X-1317,NBPF10,100132406.0,MutNovel,"R1080L,0.667"
X-1317,NBPF22P,285622.0,Del0.8,0.75
X-1317,NCOA3,8202.0,MutNovel,"Q1255-,0.740"
X-1317,NCOR2,9612.0,MutNovel,"G1839GAAA,1.000"
X-1317,NCOR2,9612.0,MutNovel,"-511S,0.947"
X-1317,NCRNA00185,55410.0,Del0.8,0.25
X-1317,NCRUPAR,100302746.0,Del0.8,0.78
X-1317,NDP,4693.0,Del0.8,0.77
X-1317,NDUFA1,4694.0,Del0.8,0.77
X-1317,NDUFAF2,91942.0,Del0.8,0.77
X-1317,NDUFB11,54539.0,Del0.8,0.77
X-1317,NDUFS4,4724.0,Del0.8,0.77
X-1317,NEDD9,4739.0,Del0.8,0.77
X-1317,NEFH,4744.0,MutNovel,"G46C,0.750"
X-1317,NEK6,10783.0,MutNovel,"T217M,0.314"
X-1317,NFYA,4800.0,Del0.8,0.8
X-1317,NGFRAP1,27018.0,Del0.8,0.77
X-1317,NHLRC1,378884.0,Del0.8,0.77
X-1317,NHS,4810.0,Del0.8,0.77
X-1317,NHSL2,340527.0,Del0.8,0.77
X-1317,NKAP,79576.0,Del0.8,0.77
X-1317,NKAPL,222698.0,Del0.8,0.8
X-1317,NKAPP1,158801.0,Del0.8,0.77
X-1317,NKPD1,284353.0,MutNovel,"V79I,1.000"
X-1317,NKRF,55922.0,Del0.8,0.77
X-1317,NLGN3,54413.0,Del0.8,0.77
X-1317,NLGN4X,57502.0,Del0.8,0.77
X-1317,NLGN4Y,22829.0,Del0.8,0.25
X-1317,NLN,57486.0,Del0.8,0.77
X-1317,NOL7,51406.0,Del0.8,0.77
X-1317,NONO,4841.0,Del0.8,0.77
X-1317,NOX1,27035.0,Del0.8,0.77
X-1317,NR0B1,190.0,Del0.8,0.77
X-1317,NRAS,4893.0,MutKnownFunctional,"Q61R,0.293"
X-1317,NRG2,9542.0,MutNovel,"GPG667G,0.684"
X-1317,NRG2,9542.0,MutNovel,"G375R,0.889"
X-1317,NRG3,10718.0,MutNovel,"R499Q,0.261"
X-1317,NRK,203447.0,Del0.8,0.77
X-1317,NRM,11270.0,Del0.8,0.8
X-1317,NRSN1,140767.0,Del0.8,0.8
X-1317,NSA2,10412.0,Del0.8,0.78
X-1317,NSDHL,50814.0,Del0.8,0.77
X-1317,NUDT10,170685.0,Del0.8,0.77
X-1317,NUDT11,55190.0,Del0.8,0.77
X-1317,NUP153,9972.0,Del0.8,0.77
X-1317,NUP37,79023.0,MutKnownFunctional,"R306*,0.360"
X-1317,NUP62CL,54830.0,Del0.8,0.77
X-1317,NXF2,56001.0,Del0.8,0.77
X-1317,NXF2,56001.0,Del0.8,0.77
X-1317,NXF2B,728343.0,Del0.8,0.77
X-1317,NXF2B,728343.0,Del0.8,0.77
X-1317,NXF3,56000.0,Del0.8,0.77
X-1317,NXF4,55999.0,Del0.8,0.77
X-1317,NXF5,55998.0,Del0.8,0.77
X-1317,NXT2,55916.0,Del0.8,0.77
X-1317,NYX,60506.0,Del0.8,0.77
X-1317,OCRL,4952.0,Del0.8,0.77
X-1317,ODZ1,10178.0,Del0.8,0.77
X-1317,OFD1,8481.0,Del0.8,0.77
X-1317,OGT,8473.0,Del0.8,0.77
X-1317,OPHN1,4983.0,Del0.8,0.77
X-1317,OPN1LW,5956.0,Del0.8,0.77
X-1317,OPN1MW,2652.0,Del0.8,0.77
X-1317,OR10C1,442194.0,Del0.8,0.8
X-1317,OR11A1,26531.0,Del0.8,0.8
X-1317,OR12D2,26529.0,Del0.8,0.8
X-1317,OR12D3,81797.0,Del0.8,0.8
X-1317,OR13H1,347468.0,Del0.8,0.77
X-1317,OR14J1,442191.0,Del0.8,0.8
X-1317,OR2B2,81697.0,Del0.8,0.8
X-1317,OR2B3,442184.0,Del0.8,0.8
X-1317,OR2B6,26212.0,Del0.8,0.8
X-1317,OR2H1,26716.0,Del0.8,0.8
X-1317,OR2H2,7932.0,Del0.8,0.8
X-1317,OR2J2,26707.0,Del0.8,0.8
X-1317,OR2J3,442186.0,Del0.8,0.8
X-1317,OR2W1,26692.0,Del0.8,0.8
X-1317,OR5V1,81696.0,Del0.8,0.8
X-1317,ORAI1,84876.0,MutNovel,"PP43-,1.000"
X-1317,OTC,5009.0,Del0.8,0.77
X-1317,OTP,23440.0,Del0.8,0.78
X-1317,OTUD3,23252.0,MutNovel,"R271W,0.303"
X-1317,OTUD5,55593.0,Del0.8,0.77
X-1317,OTUD6A,139562.0,Del0.8,0.77
X-1317,P2RY10,27334.0,Del0.8,0.77
X-1317,P2RY4,5030.0,Del0.8,0.77
X-1317,P2RY8,286530.0,Del0.8,0.77
X-1317,PABPC1L2A,340529.0,Del0.8,0.77
X-1317,PABPC1L2B,645974.0,Del0.8,0.77
X-1317,PABPC3,5042.0,MutKnownFunctional,"-314?,1.000"
X-1317,PABPC5,140886.0,Del0.8,0.77
X-1317,PAGE1,8712.0,Del0.8,0.77
X-1317,PAGE2,203569.0,Del0.8,0.77
X-1317,PAGE2B,389860.0,Del0.8,0.77
X-1317,PAGE3,139793.0,Del0.8,0.77
X-1317,PAGE4,9506.0,Del0.8,0.77
X-1317,PAGE5,90737.0,Del0.8,0.77
X-1317,PAK1IP1,55003.0,Del0.8,0.77
X-1317,PAK3,5063.0,Del0.8,0.77
X-1317,PAPD4,167153.0,Del0.8,0.78
X-1317,PARD6A,50855.0,MutKnownFunctional,"R174*,0.608"
X-1317,PARP8,79668.0,Del0.8,0.77
X-1317,PART1,25859.0,Del0.8,0.77
X-1317,PASD1,139135.0,MutNovel,"S283F,1.000"
X-1317,PASD1,139135.0,Del0.8,0.77
X-1317,PCDH11X,27328.0,Del0.8,0.77
X-1317,PCDH11Y,83259.0,Del0.8,0.25
X-1317,PCDH19,57526.0,Del0.8,0.77
X-1317,PCDHA10,56139.0,Del0.8,0.62
X-1317,PCDHA8,56140.0,Del0.8,0.71
X-1317,PCDHA9,9752.0,Del0.8,0.56
X-1317,PCDHGB2,56103.0,MutNovel,"R12P,0.960"
X-1317,PCNT,5116.0,MutNovel,"Q2303R,0.267"
X-1317,PCSK1N,27344.0,Del0.8,0.77
X-1317,PCSK2,5126.0,MutNovel,"N221D,0.500"
X-1317,PCYT1B,9468.0,Del0.8,0.77
X-1317,PDE3B,5140.0,MutNovel,"S789L,0.250"
X-1317,PDE4D,5144.0,Del0.8,0.77
X-1317,PDE8B,8622.0,Del0.8,0.78
X-1317,PDHA1,5160.0,Del0.8,0.77
X-1317,PDK3,5165.0,Del0.8,0.77
X-1317,PDZD11,51248.0,Del0.8,0.77
X-1317,PDZD4,57595.0,Del0.8,0.77
X-1317,PELO,53918.0,Del0.8,0.77
X-1317,PFKFB1,5207.0,Del0.8,0.77
X-1317,PFKP,5214.0,MutNovel,"R104Q,0.625"
X-1317,PGAM4,441531.0,Del0.8,0.77
X-1317,PGBD1,84547.0,Del0.8,0.8
X-1317,PGK1,5230.0,Del0.8,0.77
X-1317,PGRMC1,10857.0,Del0.8,0.77
X-1317,PHACTR1,221692.0,Del0.8,0.77
X-1317,PHEX,5251.0,Del0.8,0.77
X-1317,PHF16,9767.0,Del0.8,0.77
X-1317,PHF6,84295.0,Del0.8,0.77
X-1317,PHF8,23133.0,Del0.8,0.77
X-1317,PHKA1,5255.0,Del0.8,0.77
X-1317,PHKA2,5256.0,Del0.8,0.77
X-1317,PHLDA1,22822.0,MutNovel,"QQ194Q,1.000"
X-1317,PIEZO2,63895.0,MutNovel,"P2556S,1.000"
X-1317,PIGA,5277.0,Del0.8,0.77
X-1317,PIK3R1,5295.0,Del0.8,0.76
X-1317,PIM2,11040.0,Del0.8,0.77
X-1317,PIN4,5303.0,Del0.8,0.77
X-1317,PIP5K1P1,206426.0,Del0.8,0.77
X-1317,PIR,8544.0,Del0.8,0.77
X-1317,PIR-FIGF,100532742.0,Del0.8,0.77
X-1317,PJA1,64219.0,Del0.8,0.77
X-1317,PKN2,5586.0,MutNovel,"NL382N,0.262"
X-1317,PLAC1,10761.0,Del0.8,0.77
X-1317,PLCE1,51196.0,MutNovel,"Y1240C,0.350"
X-1317,PLCXD1,55344.0,Del0.8,0.77
X-1317,PLEC,5339.0,MutNovel,"R4146H,0.515"
X-1317,PLK2,10769.0,Del0.8,0.77
X-1317,PLP1,5354.0,Del0.8,0.77
X-1317,PLP2,5355.0,Del0.8,0.77
X-1317,PLS3,5358.0,Del0.8,0.77
X-1317,PLXNA2,5362.0,MutNovel,"R1735Q,0.361"
X-1317,PLXNA3,55558.0,Del0.8,0.77
X-1317,PLXNB3,5365.0,Del0.8,0.77
X-1317,PMS1,5378.0,MutNovel,"A659T,0.326"
X-1317,PNCK,139728.0,Del0.8,0.77
X-1317,PNMA3,29944.0,Del0.8,0.77
X-1317,PNMA5,114824.0,Del0.8,0.77
X-1317,PNMA6A,84968.0,Del0.8,0.77
X-1317,PNMA6A,84968.0,Del0.8,0.77
X-1317,PNMA6C,100287428.0,Del0.8,0.77
X-1317,PNMA6D,100287466.0,Del0.8,0.77
X-1317,PNMA6D,100287466.0,Del0.8,0.77
X-1317,PNPLA1,285848.0,Del0.8,0.77
X-1317,PNPLA4,8228.0,Del0.8,0.77
X-1317,PNRC1,10957.0,MutNovel,"A152V,0.214"
X-1317,POC5,134359.0,Del0.8,0.78
X-1317,POF1B,79983.0,Del0.8,0.77
X-1317,POLA1,5422.0,Del0.8,0.77
X-1317,POLK,51426.0,MutNovel,"K218R,0.235"
X-1317,POLK,51426.0,Del0.8,0.78
X-1317,POM121L2,94026.0,Del0.8,0.8
X-1317,PORCN,64840.0,Del0.8,0.77
X-1317,POU3F4,5456.0,Del0.8,0.77
X-1317,POU5F1,5460.0,Del0.8,0.8
X-1317,PPAP2A,8611.0,Del0.8,0.76
X-1317,PPEF1,5475.0,Del0.8,0.77
X-1317,PPP1R10,5514.0,Del0.8,0.8
X-1317,PPP1R11,6992.0,Del0.8,0.8
X-1317,PPP1R2P9,80316.0,Del0.8,0.77
X-1317,PPP1R3F,89801.0,Del0.8,0.77
X-1317,PPP1R9B,84687.0,MutNovel,"S526L,0.274"
X-1317,PPP2R3B,28227.0,Del0.8,0.77
X-1317,PPP2R3B-AS1,283981.0,Del0.8,0.77
X-1317,PPP4R2,151987.0,Del0.8,0.8
X-1317,PPWD1,23398.0,Del0.8,0.77
X-1317,PQBP1,10084.0,Del0.8,0.77
X-1317,PRAF2,11230.0,Del0.8,0.77
X-1317,PRAMEF11,440560.0,Del0.8,0.71
X-1317,PRDX4,10549.0,Del0.8,0.77
X-1317,PRICKLE3,4007.0,Del0.8,0.77
X-1317,PRKCSH,5589.0,MutNovel,"W13S,0.212"
X-1317,PRKCSH,5589.0,MutNovel,"T38A,0.203"
X-1317,PRKX,5613.0,Del0.8,0.77
X-1317,PRKY,5616.0,Del0.8,0.25
X-1317,PRL,5617.0,Del0.8,0.8
X-1317,PRPS1,5631.0,Del0.8,0.77
X-1317,PRPS2,5634.0,Del0.8,0.77
X-1317,PRR12,57479.0,MutNovel,"R1218W,0.257"
X-1317,PRR3,80742.0,Del0.8,0.8
X-1317,PRRG1,5638.0,Del0.8,0.77
X-1317,PRRG3,79057.0,Del0.8,0.77
X-1317,PRSS16,10279.0,Del0.8,0.8
X-1317,PRY,9081.0,Del0.8,0.25
X-1317,PRY,9081.0,Del0.8,0.25
X-1317,PRY2,442862.0,Del0.8,0.25
X-1317,PRY2,442862.0,Del0.8,0.25
X-1317,PSMB8,5696.0,Del0.8,0.8
X-1317,PSMB9,5698.0,Del0.8,0.8
X-1317,PSMD10,5716.0,Del0.8,0.77
X-1317,PSORS1C1,170679.0,Del0.8,0.8
X-1317,PSORS1C2,170680.0,Del0.8,0.8
X-1317,PSORS1C3,100130889.0,Del0.8,0.8
X-1317,PTCHD1,139411.0,Del0.8,0.77
X-1317,PTGS2,5743.0,MutNovel,"V87I,0.786"
X-1317,PTN,5764.0,MutNovel,"S153F,0.364"
X-1317,PTPRD,5789.0,Del0.8,0.56
X-1317,RAB33A,9363.0,Del0.8,0.77
X-1317,RAB39B,116442.0,Del0.8,0.77
X-1317,RAB3C,115827.0,Del0.8,0.77
X-1317,RAB40A,142684.0,Del0.8,0.77
X-1317,RAB40AL,282808.0,Del0.8,0.77
X-1317,RAB41,347517.0,Del0.8,0.77
X-1317,RAB9A,9367.0,Del0.8,0.77
X-1317,RAB9B,51209.0,Del0.8,0.77
X-1317,RABGGTA,5875.0,MutNovel,"Y148C,0.209"
X-1317,RAD17,5884.0,Del0.8,0.76
X-1317,RAI2,10742.0,Del0.8,0.77
X-1317,RANBP9,10048.0,Del0.8,0.77
X-1317,RAP2C,57826.0,Del0.8,0.77
X-1317,RAPGEFL1,51195.0,MutNovel,"E31K,0.224"
X-1317,RASA1,5921.0,Del0.8,0.75
X-1317,RASGRF2,5924.0,Del0.8,0.76
X-1317,RBBP7,5931.0,Del0.8,0.77
X-1317,RBM10,8241.0,Del0.8,0.77
X-1317,RBM12,10137.0,MutNovel,"P835PAP,0.246"
X-1317,RBM23,55147.0,MutNovel,"A390VP,0.565"
X-1317,RBM24,221662.0,Del0.8,0.77
X-1317,RBM3,5935.0,Del0.8,0.77
X-1317,RBM41,55285.0,Del0.8,0.77
X-1317,RBMX,27316.0,Del0.8,0.77
X-1317,RBMX2,51634.0,Del0.8,0.77
X-1317,RBMXL3,139804.0,Del0.8,0.77
X-1317,RBMY1A3P,286557.0,Del0.8,0.25
X-1317,RBMY1B,378948.0,Del0.8,0.25
X-1317,RBMY1B,378948.0,Del0.8,0.25
X-1317,RBMY1E,378950.0,Del0.8,0.25
X-1317,RBMY1E,378950.0,Del0.8,0.25
X-1317,RBMY1F,159163.0,Del0.8,0.25
X-1317,RBMY1F,159163.0,Del0.8,0.25
X-1317,RBMY1J,378951.0,Del0.8,0.25
X-1317,RBMY1J,378951.0,Del0.8,0.25
X-1317,RBMY2EP,159125.0,Del0.8,0.25
X-1317,RBMY2FP,159162.0,Del0.8,0.25
X-1317,RBMY3AP,64593.0,Del0.8,0.25
X-1317,RENBP,5973.0,Del0.8,0.77
X-1317,REPS1,85021.0,MutNovel,"P663L,0.417"
X-1317,REPS2,9185.0,Del0.8,0.77
X-1317,RFX2,5990.0,MutNovel,"G149E,0.250"
X-1317,RGAG1,57529.0,Del0.8,0.77
X-1317,RGAG4,340526.0,Del0.8,0.77
X-1317,RGN,9104.0,Del0.8,0.77
X-1317,RGS12,6002.0,MutNovel,"V1332M,0.257"
X-1317,RGS7BP,401190.0,Del0.8,0.77
X-1317,RHOXF1,158800.0,Del0.8,0.77
X-1317,RHOXF2B,727940.0,Del0.8,0.77
X-1317,RHOXF2B,727940.0,Del0.8,0.77
X-1317,RIBC1,158787.0,Del0.8,0.77
X-1317,RIN3,79890.0,MutNovel,"G967-,1.000"
X-1317,RIPPLY1,92129.0,Del0.8,0.77
X-1317,RLIM,51132.0,Del0.8,0.77
X-1317,RNF111,54778.0,MutNovel,"D136G,0.254"
X-1317,RNF113A,7737.0,Del0.8,0.77
X-1317,RNF128,79589.0,Del0.8,0.77
X-1317,RNF138P1,379013.0,Del0.8,0.76
X-1317,RNF144B,255488.0,Del0.8,0.8
X-1317,RNF180,285671.0,Del0.8,0.77
X-1317,RNF182,221687.0,Del0.8,0.77
X-1317,RNF39,80352.0,Del0.8,0.8
X-1317,RNU5E-1,26829.0,Del0.8,0.76
X-1317,RP1-177G6.2,286411.0,Del0.8,0.77
X-1317,RP2,6102.0,Del0.8,0.77
X-1317,RPA4,29935.0,Del0.8,0.77
X-1317,RPGR,6103.0,Del0.8,0.77
X-1317,RPL10,6134.0,Del0.8,0.77
X-1317,RPL10A,4736.0,Del0.8,0.79
X-1317,RPL36A,6173.0,Del0.8,0.77
X-1317,RPL36A-HNRNPH2,100529097.0,Del0.8,0.77
X-1317,RPL39,6170.0,Del0.8,0.77
X-1317,RPP21,79897.0,Del0.8,0.8
X-1317,RPS23,6228.0,Del0.8,0.76
X-1317,RPS26P11,441502.0,Del0.8,0.77
X-1317,RPS4X,6191.0,Del0.8,0.77
X-1317,RPS4Y1,6192.0,Del0.8,0.25
X-1317,RPS4Y2,140032.0,Del0.8,0.25
X-1317,RPS6KA2,6196.0,MutNovel,"T34A,1.000"
X-1317,RPS6KA3,6197.0,Del0.8,0.77
X-1317,RPS6KA6,27330.0,Del0.8,0.77
X-1317,RRAGB,10325.0,Del0.8,0.77
X-1317,RS1,6247.0,Del0.8,0.77
X-1317,RUSC2,9853.0,MutNovel,"P439L,0.259"
X-1317,RYBP,23429.0,Del0.8,0.8
X-1317,S100G,795.0,Del0.8,0.77
X-1317,S100Z,170591.0,Del0.8,0.78
X-1317,SAGE1,55511.0,Del0.8,0.77
X-1317,SASH3,54440.0,Del0.8,0.77
X-1317,SAT1,6303.0,Del0.8,0.77
X-1317,SATL1,340562.0,Del0.8,0.77
X-1317,SAYSD1,55776.0,Del0.8,0.8
X-1317,SCAMP1,9522.0,Del0.8,0.78
X-1317,SCAND3,114821.0,Del0.8,0.8
X-1317,SCARNA18,677765.0,Del0.8,0.79
X-1317,SCARNA23,677773.0,Del0.8,0.77
X-1317,SCARNA27,100124533.0,Del0.8,0.77
X-1317,SCARNA9L,100158262.0,Del0.8,0.77
X-1317,SCGN,10590.0,Del0.8,0.8
X-1317,SCML1,6322.0,Del0.8,0.77
X-1317,SCML2,10389.0,Del0.8,0.77
X-1317,SCUBE3,222663.0,Del0.8,0.8
X-1317,SEMA5A,9037.0,MutNovel,"S944F,0.311"
X-1317,2014-09-06 00:00:00,23157.0,Del0.8,0.77
X-1317,SERINC2,347735.0,MutNovel,"-373Q,1.000"
X-1317,SERINC5,256987.0,Del0.8,0.78
X-1317,SERPINA7,6906.0,Del0.8,0.77
X-1317,SERPINB10,5273.0,Del0.8,0.78
X-1317,SERPINB11,89778.0,Del0.8,0.78
X-1317,SERPINB12,89777.0,Del0.8,0.78
X-1317,SERPINB13,5275.0,Del0.8,0.78
X-1317,SERPINB2,5055.0,Del0.8,0.78
X-1317,SERPINB3,6317.0,Del0.8,0.78
X-1317,SERPINB4,6318.0,Del0.8,0.78
X-1317,SERPINB5,5268.0,Del0.8,0.78
X-1317,SERPINB7,8710.0,Del0.8,0.78
X-1317,SERPINB8,5271.0,Del0.8,0.78
X-1317,SFTA2,389376.0,Del0.8,0.8
X-1317,SGTB,54557.0,Del0.8,0.77
X-1317,SH2D1A,4068.0,Del0.8,0.77
X-1317,SH3BGRL,6451.0,Del0.8,0.77
X-1317,SH3KBP1,30011.0,Del0.8,0.77
X-1317,SHOX,6473.0,Del0.8,0.77
X-1317,SHQ1,55164.0,Del0.8,0.8
X-1317,SHROOM2,357.0,Del0.8,0.77
X-1317,SHROOM4,57477.0,Del0.8,0.77
X-1317,SIRPB1,10326.0,MutNovel,"H351C,1.000"
X-1317,SIRT5,23408.0,Del0.8,0.77
X-1317,SKIV2L2,23517.0,Del0.8,0.76
X-1317,SLC10A3,8273.0,Del0.8,0.77
X-1317,SLC16A2,6567.0,Del0.8,0.77
X-1317,SLC17A1,6568.0,Del0.8,0.8
X-1317,SLC17A2,10246.0,Del0.8,0.8
X-1317,SLC17A3,10786.0,Del0.8,0.8
X-1317,SLC17A4,10050.0,Del0.8,0.8
X-1317,SLC22A15,55356.0,MutNovel,"S404F,0.259"
X-1317,SLC25A14,9016.0,Del0.8,0.77
X-1317,SLC25A43,203427.0,Del0.8,0.77
X-1317,SLC25A5,292.0,Del0.8,0.77
X-1317,SLC25A5-AS1,100303728.0,Del0.8,0.77
X-1317,SLC25A6,293.0,Del0.8,0.77
X-1317,SLC26A8,116369.0,Del0.8,0.77
X-1317,SLC30A5,64924.0,Del0.8,0.76
X-1317,SLC35A2,7355.0,Del0.8,0.77
X-1317,SLC35B3,51000.0,Del0.8,0.77
X-1317,SLC38A5,92745.0,Del0.8,0.77
X-1317,SLC38A9,153129.0,Del0.8,0.76
X-1317,SLC39A3,29985.0,MutNovel,"P150T,0.263"
X-1317,SLC6A14,11254.0,Del0.8,0.77
X-1317,SLC6A8,6535.0,Del0.8,0.77
X-1317,SLC7A3,84889.0,Del0.8,0.77
X-1317,SLC9A6,10479.0,Del0.8,0.77
X-1317,SLC9A7,84679.0,Del0.8,0.77
X-1317,SLITRK2,84631.0,Del0.8,0.77
X-1317,SLITRK4,139065.0,Del0.8,0.77
X-1317,SMARCA1,6594.0,Del0.8,0.77
X-1317,SMC1A,8243.0,Del0.8,0.77
X-1317,SMEK3P,139420.0,Del0.8,0.77
X-1317,SMPX,23676.0,Del0.8,0.77
X-1317,SMS,6611.0,Del0.8,0.77
X-1317,SNORA11,677799.0,Del0.8,0.77
X-1317,SNORA11C,100124540.0,Del0.8,0.77
X-1317,SNORA11D,100124541.0,Del0.8,0.77
X-1317,SNORA11D,100124541.0,Del0.8,0.77
X-1317,SNORA11E,100124542.0,Del0.8,0.77
X-1317,SNORA11E,100124542.0,Del0.8,0.77
X-1317,SNORA35,677816.0,Del0.8,0.77
X-1317,SNORA36A,677817.0,Del0.8,0.77
X-1317,SNORA47,677828.0,Del0.8,0.78
X-1317,SNORA56,677835.0,Del0.8,0.77
X-1317,SNORA69,26779.0,Del0.8,0.77
X-1317,SNORA70,26778.0,Del0.8,0.77
X-1317,SNORD32B,692092.0,Del0.8,0.8
X-1317,SNORD61,26787.0,Del0.8,0.77
X-1317,SNORD96B,692226.0,Del0.8,0.77
X-1317,SNX12,29934.0,Del0.8,0.77
X-1317,SNX18,112574.0,Del0.8,0.76
X-1317,SOWAHD,347454.0,Del0.8,0.77
X-1317,SOX3,6658.0,Del0.8,0.77
X-1317,SOX4,6659.0,Del0.8,0.8
X-1317,SPACA5,389852.0,Del0.8,0.77
X-1317,SPANXA2,728712.0,Del0.8,0.77
X-1317,SPANXA2,728712.0,Del0.8,0.77
X-1317,SPANXA2-OT1,619455.0,Del0.8,0.77
X-1317,SPANXB1,728695.0,Del0.8,0.77
X-1317,SPANXC,64663.0,Del0.8,0.77
X-1317,SPANXN1,494118.0,Del0.8,0.77
X-1317,SPANXN2,494119.0,Del0.8,0.77
X-1317,SPANXN3,139067.0,Del0.8,0.77
X-1317,SPANXN4,441525.0,Del0.8,0.77
X-1317,SPANXN5,494197.0,Del0.8,0.77
X-1317,SPATA18,132671.0,MutNovel,"S227L,0.727"
X-1317,SPIN2A,54466.0,Del0.8,0.77
X-1317,SPIN2B,474343.0,Del0.8,0.77
X-1317,SPIN3,169981.0,Del0.8,0.77
X-1317,SPIN4,139886.0,Del0.8,0.77
X-1317,SPRY3,10251.0,Del0.8,0.77
X-1317,SPZ1,84654.0,Del0.8,0.78
X-1317,SRCAP,10847.0,MutNovel,"P1739R,0.370"
X-1317,SRD5A1P1,6719.0,Del0.8,0.77
X-1317,SREK1,140890.0,Del0.8,0.77
X-1317,SREK1IP1,285672.0,Del0.8,0.77
X-1317,SRPK1,6732.0,Del0.8,0.77
X-1317,SRPK3,26576.0,Del0.8,0.77
X-1317,SRPX,8406.0,Del0.8,0.77
X-1317,SRPX2,27286.0,Del0.8,0.77
X-1317,SRY,6736.0,Del0.8,0.25
X-1317,SSBP2,23635.0,Del0.8,0.76
X-1317,SSR4,6748.0,Del0.8,0.77
X-1317,SSX1,6756.0,Del0.8,0.77
X-1317,SSX2,6757.0,Del0.8,0.77
X-1317,SSX2,6757.0,Del0.8,0.77
X-1317,SSX2B,727837.0,Del0.8,0.77
X-1317,SSX2B,727837.0,Del0.8,0.77
X-1317,SSX3,10214.0,Del0.8,0.77
X-1317,SSX4,6759.0,Del0.8,0.77
X-1317,SSX4,6759.0,Del0.8,0.77
X-1317,SSX5,6758.0,Del0.8,0.77
X-1317,SSX6,280657.0,Del0.8,0.77
X-1317,SSX7,280658.0,Del0.8,0.77
X-1317,SSX8,280659.0,Del0.8,0.77
X-1317,STAG2,10735.0,Del0.8,0.77
X-1317,STARD8,9754.0,Del0.8,0.77
X-1317,STS,412.0,Del0.8,0.77
X-1317,SUV39H1,6839.0,Del0.8,0.77
X-1317,SV2C,22987.0,Del0.8,0.78
X-1317,SYAP1,94056.0,Del0.8,0.77
X-1317,SYCP2L,221711.0,Del0.8,0.77
X-1317,SYN1,6853.0,Del0.8,0.77
X-1317,SYNE1,23345.0,MutNovel,"S6441F,0.364"
X-1317,SYNE1,23345.0,MutNovel,"M5307V,0.583"
X-1317,SYP,6855.0,Del0.8,0.77
X-1317,SYTL4,94121.0,Del0.8,0.77
X-1317,SYTL5,94122.0,Del0.8,0.77
X-1317,TAB3,257397.0,Del0.8,0.77
X-1317,TAF1,6872.0,Del0.8,0.77
X-1317,TAF11,6882.0,Del0.8,0.8
X-1317,TAF7L,54457.0,Del0.8,0.77
X-1317,TAF9,6880.0,Del0.8,0.76
X-1317,TAF9B,51616.0,Del0.8,0.77
X-1317,TAP1,6890.0,Del0.8,0.8
X-1317,TAP2,6891.0,Del0.8,0.8
X-1317,TAZ,6901.0,Del0.8,0.77
X-1317,TBC1D10B,26000.0,MutNovel,"R722W,0.415"
X-1317,TBC1D10B,26000.0,MutNovel,"R513H,0.437"
X-1317,TBC1D25,4943.0,Del0.8,0.77
X-1317,TBC1D7,51256.0,Del0.8,0.77
X-1317,TBC1D8B,54885.0,Del0.8,0.77
X-1317,TBCA,6902.0,Del0.8,0.78
X-1317,TBL1X,6907.0,Del0.8,0.77
X-1317,TBL1Y,90665.0,Del0.8,0.25
X-1317,TBP,6908.0,MutNovel,"-64Q,1.000"
X-1317,TBX22,50945.0,Del0.8,0.77
X-1317,TCEAL1,9338.0,Del0.8,0.77
X-1317,TCEAL2,140597.0,Del0.8,0.77
X-1317,TCEAL3,85012.0,Del0.8,0.77
X-1317,TCEAL4,79921.0,Del0.8,0.77
X-1317,TCEAL5,340543.0,Del0.8,0.77
X-1317,TCEAL6,158931.0,Del0.8,0.77
X-1317,TCEAL7,56849.0,Del0.8,0.77
X-1317,TCEAL8,90843.0,Del0.8,0.77
X-1317,TCEANC,170082.0,Del0.8,0.77
X-1317,TCF19,6941.0,Del0.8,0.8
X-1317,TCP11,6954.0,Del0.8,0.8
X-1317,TDGF1P3,6998.0,Del0.8,0.77
X-1317,TDP2,51567.0,Del0.8,0.8
X-1317,TDRG1,732253.0,Del0.8,0.8
X-1317,TEX11,56159.0,Del0.8,0.77
X-1317,TEX13A,56157.0,Del0.8,0.77
X-1317,TEX13B,56156.0,Del0.8,0.77
X-1317,TEX28,1527.0,Del0.8,0.77
X-1317,TFAP2A,7020.0,Del0.8,0.77
X-1317,TFDP3,51270.0,Del0.8,0.77
X-1317,TFE3,7030.0,Del0.8,0.77
X-1317,TFIP11,24144.0,MutNovel,"T27I,0.225"
X-1317,TFPI2,7980.0,MutNovel,"F186L,0.245"
X-1317,TGIF2LX,90316.0,Del0.8,0.77
X-1317,TGIF2LY,90655.0,Del0.8,0.25
X-1317,THBS4,7060.0,Del0.8,0.78
X-1317,THOC2,57187.0,Del0.8,0.77
X-1317,TIE1,7075.0,MutNovel,"G108S,1.000"
X-1317,TIMM17B,10245.0,Del0.8,0.77
X-1317,TIMM8A,1678.0,Del0.8,0.77
X-1317,TIMP1,7076.0,Del0.8,0.77
X-1317,TKTL1,8277.0,Del0.8,0.77
X-1317,TLR7,51284.0,Del0.8,0.77
X-1317,TLR8,51311.0,Del0.8,0.77
X-1317,TLR8-AS1,349408.0,Del0.8,0.77
X-1317,TMBIM4,51643.0,MutKnownFunctional,"-174?,0.714"
X-1317,TMEM14B,81853.0,Del0.8,0.77
X-1317,TMEM14C,51522.0,Del0.8,0.77
X-1317,TMEM161B,153396.0,Del0.8,0.75
X-1317,TMEM164,84187.0,Del0.8,0.77
X-1317,TMEM167A,153339.0,Del0.8,0.79
X-1317,TMEM170B,100113407.0,Del0.8,0.77
X-1317,TMEM184A,202915.0,MutNovel,"G392GA,0.436"
X-1317,TMEM185A,84548.0,Del0.8,0.77
X-1317,TMEM187,8269.0,Del0.8,0.77
X-1317,TMEM248,,MutNovel,"Q200R,0.447"
X-1317,TMEM27,57393.0,Del0.8,0.77
X-1317,TMEM31,203562.0,Del0.8,0.77
X-1317,TMEM35,59353.0,Del0.8,0.77
X-1317,TMEM47,83604.0,Del0.8,0.77
X-1317,TMLHE,55217.0,Del0.8,0.77
X-1317,TMSB15A,11013.0,Del0.8,0.77
X-1317,TMSB15B,286527.0,Del0.8,0.77
X-1317,TMSB4X,7114.0,Del0.8,0.77
X-1317,TMSB4Y,9087.0,Del0.8,0.25
X-1317,TNFAIP6,7130.0,MutKnownFunctional,"-278,0.640"
X-1317,TNMD,64102.0,Del0.8,0.77
X-1317,TOB2P1,222699.0,Del0.8,0.8
X-1317,TPMT,7172.0,Del0.8,0.77
X-1317,TRAFD1,10906.0,MutNovel,"H399R,0.257"
X-1317,TRAPPC2,6399.0,Del0.8,0.77
X-1317,TREX2,11219.0,Del0.8,0.77
X-1317,TRIM10,10107.0,Del0.8,0.8
X-1317,TRIM15,89870.0,Del0.8,0.8
X-1317,TRIM23,373.0,Del0.8,0.77
X-1317,TRIM26,7726.0,Del0.8,0.8
X-1317,TRIM27,5987.0,Del0.8,0.8
X-1317,TRIM31,11074.0,Del0.8,0.8
X-1317,TRIM38,10475.0,Del0.8,0.8
X-1317,TRIM39,56658.0,Del0.8,0.8
X-1317,TRIM39-RPP21,202658.0,Del0.8,0.8
X-1317,TRIM40,135644.0,Del0.8,0.8
X-1317,TRMT2B,79979.0,Del0.8,0.77
X-1317,TRO,7216.0,Del0.8,0.77
X-1317,TRPC5,7224.0,Del0.8,0.77
X-1317,TSC22D3,1831.0,Del0.8,0.77
X-1317,TSIX,9383.0,Del0.8,0.77
X-1317,TSPAN6,7105.0,Del0.8,0.77
X-1317,TSPAN7,7102.0,Del0.8,0.77
X-1317,TSPO2,222642.0,Del0.8,0.8
X-1317,TSPY1,7258.0,Del0.8,0.25
X-1317,TSPY2,64591.0,Del0.8,0.25
X-1317,TSPY3,728137.0,Del0.8,0.25
X-1317,TSPY4,728395.0,Del0.8,0.25
X-1317,TSPY8,728403.0,Del0.8,0.25
X-1317,TSPYL1,7259.0,MutNovel,"V176VW,0.974"
X-1317,TSPYL2,64061.0,Del0.8,0.77
X-1317,TSR2,90121.0,Del0.8,0.77
X-1317,TTC3P1,286495.0,Del0.8,0.77
X-1317,TTN,7273.0,MutNovel,"D24263N,0.667"
X-1317,TTTY10,246119.0,Del0.8,0.25
X-1317,TTTY11,83866.0,Del0.8,0.25
X-1317,TTTY12,83867.0,Del0.8,0.25
X-1317,TTTY13,83868.0,Del0.8,0.25
X-1317,TTTY14,83869.0,Del0.8,0.25
X-1317,TTTY15,64595.0,Del0.8,0.25
X-1317,TTTY16,252948.0,Del0.8,0.25
X-1317,TTTY17A,252949.0,Del0.8,0.25
X-1317,TTTY17A,252949.0,Del0.8,0.25
X-1317,TTTY18,252950.0,Del0.8,0.25
X-1317,TTTY19,252952.0,Del0.8,0.25
X-1317,TTTY1B,100101116.0,Del0.8,0.25
X-1317,TTTY1B,100101116.0,Del0.8,0.25
X-1317,TTTY2,60439.0,Del0.8,0.25
X-1317,TTTY2,60439.0,Del0.8,0.25
X-1317,TTTY20,252951.0,Del0.8,0.25
X-1317,TTTY21,252953.0,Del0.8,0.25
X-1317,TTTY21,252953.0,Del0.8,0.25
X-1317,TTTY22,252954.0,Del0.8,0.25
X-1317,TTTY23,252955.0,Del0.8,0.25
X-1317,TTTY23,252955.0,Del0.8,0.25
X-1317,TTTY3,114760.0,Del0.8,0.25
X-1317,TTTY3,114760.0,Del0.8,0.25
X-1317,TTTY4,114761.0,Del0.8,0.25
X-1317,TTTY4,114761.0,Del0.8,0.25
X-1317,TTTY5,83863.0,Del0.8,0.25
X-1317,TTTY6,84672.0,Del0.8,0.25
X-1317,TTTY6,84672.0,Del0.8,0.25
X-1317,TTTY7,246122.0,Del0.8,0.25
X-1317,TTTY7,246122.0,Del0.8,0.25
X-1317,TTTY7B,100101120.0,Del0.8,0.25
X-1317,TTTY7B,100101120.0,Del0.8,0.25
X-1317,TTTY8,84673.0,Del0.8,0.25
X-1317,TTTY8,84673.0,Del0.8,0.25
X-1317,TTTY9A,83864.0,Del0.8,0.25
X-1317,TTTY9A,83864.0,Del0.8,0.25
X-1317,TUBB,203068.0,Del0.8,0.8
X-1317,TXLNG,55787.0,Del0.8,0.77
X-1317,TXLNG2P,246126.0,Del0.8,0.25
X-1317,UAP1L1,91373.0,MutNovel,"V79L,0.222"
X-1317,UAP1L1,91373.0,MutNovel,"G154S,0.239"
X-1317,UBA1,7317.0,Del0.8,0.77
X-1317,UBD,10537.0,Del0.8,0.8
X-1317,UBE2A,7319.0,Del0.8,0.77
X-1317,UBE2DNL,100131816.0,Del0.8,0.77
X-1317,UBE2NL,389898.0,Del0.8,0.77
X-1317,UBL4A,8266.0,Del0.8,0.77
X-1317,UBQLN2,29978.0,Del0.8,0.77
X-1317,UBTF,7343.0,MutNovel,"DE734E,0.206"
X-1317,UHRF1BP1,54887.0,Del0.8,0.8
X-1317,UNC5CL,222643.0,Del0.8,0.8
X-1317,UPF3B,65109.0,Del0.8,0.77
X-1317,UPRT,139596.0,Del0.8,0.77
X-1317,UQCRBP1,442454.0,Del0.8,0.77
X-1317,USP11,8237.0,Del0.8,0.77
X-1317,USP26,83844.0,Del0.8,0.77
X-1317,USP27X,389856.0,Del0.8,0.77
X-1317,USP32P2,220594.0,Del0.8,0.62
X-1317,USP36,57602.0,MutNovel,"KKK958K,0.547"
X-1317,USP51,158880.0,Del0.8,0.77
X-1317,USP9X,8239.0,Del0.8,0.77
X-1317,USP9Y,8287.0,Del0.8,0.25
X-1317,UTP14A,10813.0,Del0.8,0.77
X-1317,UTY,7404.0,Del0.8,0.25
X-1317,UXT,8409.0,Del0.8,0.77
X-1317,VAMP7,6845.0,Del0.8,0.77
X-1317,VARS2,57176.0,Del0.8,0.8
X-1317,VBP1,7411.0,Del0.8,0.77
X-1317,VCX,26609.0,Del0.8,0.77
X-1317,VCX2,51480.0,Del0.8,0.77
X-1317,VCX3A,51481.0,Del0.8,0.77
X-1317,VCX3B,425054.0,Del0.8,0.77
X-1317,VCY,9084.0,Del0.8,0.25
X-1317,VCY,9084.0,Del0.8,0.25
X-1317,VENTXP1,139538.0,Del0.8,0.77
X-1317,VEZT,55591.0,MutKnownFunctional,"-71?,0.266"
X-1317,VGLL1,51442.0,Del0.8,0.77
X-1317,VMA21,203547.0,Del0.8,0.77
X-1317,VN1R10P,387316.0,Del0.8,0.8
X-1317,VPS4B,9525.0,Del0.8,0.78
X-1317,VSIG1,340547.0,Del0.8,0.77
X-1317,VSIG4,11326.0,Del0.8,0.77
X-1317,WAS,7454.0,Del0.8,0.77
X-1317,WBP5,51186.0,Del0.8,0.77
X-1317,WDR13,64743.0,Del0.8,0.77
X-1317,WDR41,55255.0,Del0.8,0.78
X-1317,WDR44,54521.0,Del0.8,0.77
X-1317,WDR45,11152.0,Del0.8,0.77
X-1317,WNK3,65267.0,Del0.8,0.77
X-1317,WNT10A,80326.0,MutNovel,"Q97K,0.309"
X-1317,WRAP53,55135.0,MutNovel,"N187T,0.319"
X-1317,WWC3,55841.0,Del0.8,0.77
X-1317,XAGE1A,653219.0,Del0.8,0.77
X-1317,XAGE1A,653219.0,Del0.8,0.77
X-1317,XAGE1C,653048.0,Del0.8,0.77
X-1317,XAGE1C,653048.0,Del0.8,0.77
X-1317,XAGE2,9502.0,Del0.8,0.77
X-1317,XAGE2,9502.0,Del0.8,0.77
X-1317,XAGE3,170626.0,Del0.8,0.77
X-1317,XAGE5,170627.0,Del0.8,0.77
X-1317,XG,7499.0,Del0.8,0.77
X-1317,XGPY2,100132596.0,Del0.8,0.77
X-1317,XIAP,331.0,Del0.8,0.77
X-1317,XIST,7503.0,Del0.8,0.77
X-1317,XK,7504.0,Del0.8,0.77
X-1317,XKRX,402415.0,Del0.8,0.77
X-1317,XKRY2,353515.0,Del0.8,0.25
X-1317,XKRY2,353515.0,Del0.8,0.25
X-1317,XPNPEP2,7512.0,Del0.8,0.77
X-1317,XRCC4,7518.0,Del0.8,0.79
X-1317,YIPF6,286451.0,Del0.8,0.77
X-1317,YJEFN3,374887.0,MutNovel,"S43Y,0.250"
X-1317,YY2,404281.0,Del0.8,0.77
X-1317,ZBED1,9189.0,Del0.8,0.77
X-1317,ZBED3,84327.0,Del0.8,0.78
X-1317,ZBTB33,10009.0,Del0.8,0.77
X-1317,ZC3H12B,340554.0,Del0.8,0.77
X-1317,ZC4H2,55906.0,Del0.8,0.77
X-1317,ZCCHC12,170261.0,Del0.8,0.77
X-1317,ZCCHC13,389874.0,Del0.8,0.77
X-1317,ZCCHC16,340595.0,Del0.8,0.77
X-1317,ZCCHC18,644353.0,Del0.8,0.77
X-1317,ZCCHC5,203430.0,Del0.8,0.77
X-1317,ZCCHC9,84240.0,Del0.8,0.76
X-1317,ZDHHC15,158866.0,Del0.8,0.77
X-1317,ZDHHC9,51114.0,Del0.8,0.77
X-1317,ZFAND3,60685.0,Del0.8,0.8
X-1317,ZFP106,64397.0,MutNovel,"N1272S,0.329"
X-1317,ZFP57,346171.0,Del0.8,0.8
X-1317,ZFP62,643836.0,MutNovel,"E565Q,0.558"
X-1317,ZFP92,139735.0,Del0.8,0.77
X-1317,ZFX,7543.0,Del0.8,0.77
X-1317,ZFY,7544.0,Del0.8,0.25
X-1317,ZFYVE16,9765.0,Del0.8,0.78
X-1317,ZIC3,7547.0,Del0.8,0.77
X-1317,ZKSCAN3,80317.0,Del0.8,0.8
X-1317,ZKSCAN4,387032.0,Del0.8,0.8
X-1317,ZMAT1,84460.0,Del0.8,0.77
X-1317,ZMYM3,9203.0,Del0.8,0.77
X-1317,ZNF157,7712.0,Del0.8,0.77
X-1317,ZNF165,7718.0,Del0.8,0.8
X-1317,ZNF182,7569.0,Del0.8,0.77
X-1317,ZNF184,7738.0,Del0.8,0.8
X-1317,ZNF185,7739.0,Del0.8,0.77
X-1317,ZNF187,7741.0,Del0.8,0.8
X-1317,ZNF192,7745.0,Del0.8,0.8
X-1317,ZNF193,7746.0,Del0.8,0.8
X-1317,ZNF204P,7754.0,Del0.8,0.8
X-1317,ZNF275,10838.0,Del0.8,0.77
X-1317,ZNF280C,55609.0,Del0.8,0.77
X-1317,ZNF284,342909.0,MutNovel,"H197Y,0.458"
X-1317,ZNF295,49854.0,MutNovel,"P1004S,0.250"
X-1317,ZNF311,282890.0,Del0.8,0.8
X-1317,ZNF322,79692.0,Del0.8,0.8
X-1317,ZNF323,64288.0,Del0.8,0.8
X-1317,ZNF384,171017.0,MutNovel,"QQ514Q,1.000"
X-1317,ZNF391,346157.0,Del0.8,0.8
X-1317,ZNF41,7592.0,Del0.8,0.77
X-1317,ZNF43,7594.0,MutNovel,"H737Y,0.333"
X-1317,ZNF449,203523.0,Del0.8,0.77
X-1317,ZNF543,125919.0,MutNovel,"T437A,0.462"
X-1317,ZNF556,80032.0,MutNovel,"G85E,1.000"
X-1317,ZNF571,51276.0,MutNovel,"V110I,0.500"
X-1317,ZNF630,57232.0,Del0.8,0.77
X-1317,ZNF645,158506.0,Del0.8,0.77
X-1317,ZNF673,55634.0,Del0.8,0.77
X-1317,ZNF674,641339.0,Del0.8,0.77
X-1317,ZNF705G,100131980.0,Amp5,5.28
X-1317,ZNF711,7552.0,Del0.8,0.77
X-1317,ZNF75D,7626.0,Del0.8,0.77
X-1317,ZNF76,7629.0,Del0.8,0.8
X-1317,ZNF772,400720.0,MutNovel,"A4GP,0.600"
X-1317,ZNF81,347344.0,Del0.8,0.77
X-1317,ZNRD1,30834.0,Del0.8,0.8
X-1317,ZNRD1-AS1,80862.0,Del0.8,0.8
X-1317,ZRSR2,8233.0,Del0.8,0.77
X-1317,ZSCAN12,9753.0,Del0.8,0.8
X-1317,ZSCAN12P1,221584.0,Del0.8,0.8
X-1317,ZSCAN16,80345.0,Del0.8,0.8
X-1317,ZSCAN23,222696.0,Del0.8,0.8
X-1317,ZSWIM6,57688.0,Del0.8,0.77
X-1317,ZXDA,7789.0,Del0.8,0.77
X-1317,ZXDB,158586.0,Del0.8,0.77
X-1362,61E3.4,,MutNovel,"I75V,0.991"
X-1362,ABCA13,154664.0,MutKnownFunctional,"-132?,0.280"
X-1362,ABCC13,150000.0,Del0.8,0.62
X-1362,ABCG1,9619.0,Del0.8,0.71
X-1362,ACOT9,23597.0,Del0.8,0.76
X-1362,ADAM6,8755.0,Amp5,7.46
X-1362,AKAP14,158798.0,Del0.8,0.71
X-1362,AKIRIN2,55122.0,Del0.8,0.78
X-1362,AMD1,262.0,Del0.8,0.65
X-1362,AMELY,266.0,Del0.8,0.19
X-1362,ANKRD20A1,,MutNovel,"R374G,0.600"
X-1362,ANKRD20A11P,391267.0,Del0.8,0.62
X-1362,ANKRD26,22852.0,MutKnownFunctional,"-191?,0.429"
X-1362,ANKRD32,84250.0,MutNovel,"R138Q,0.435"
X-1362,ANKRD36,375248.0,MutNovel,"A308T,0.429"
X-1362,ANKRD36,375248.0,MutNovel,"G1278S,0.312"
X-1362,ANKRD5,63926.0,MutNovel,"I233T,0.459"
X-1362,ANXA8L1,728113.0,MutNovel,"G177A,1.000"
X-1362,APOBEC1,339.0,Del0.8,0.7
X-1362,APOO,79135.0,Del0.8,0.76
X-1362,ARHGEF19,128272.0,MutNovel,"L631P,0.524"
X-1362,ARL1,400.0,Del0.8,0.74
X-1362,ATP5A1,498.0,Del0.8,0.78
X-1362,ATP7A,538.0,Del0.8,0.68
X-1362,ATRX,546.0,Del0.8,0.69
X-1362,B3GALT5,10317.0,Del0.8,0.71
X-1362,B4GALNT4,338707.0,MutNovel,"F426Y,0.955"
X-1362,BACE2,25825.0,Del0.8,0.71
X-1362,BAIAP3,8938.0,Amp5,5.31
X-1362,BCORP1,286554.0,Del0.8,0.18
X-1362,BEND3,57673.0,Del0.8,0.69
X-1362,BPY2B,442867.0,Del0.8,0.18
X-1362,BPY2B,442867.0,Del0.8,0.18
X-1362,BRCA1,672.0,MutNovel,"Q687P,0.512"
X-1362,BTG3,10950.0,Del0.8,0.62
X-1362,C12orf59,120939.0,Del0.8,0.79
X-1362,C15orf63,25764.0,Del0.8,0.77
X-1362,C16orf11,146325.0,Amp5,5.31
X-1362,C16orf13,84326.0,Amp5,5.31
X-1362,C16orf91,283951.0,Amp5,5.31
X-1362,C1QTNF8,390664.0,Amp5,5.31
X-1362,C21orf128,150147.0,Del0.8,0.71
X-1362,C21orf15,54094.0,Del0.8,0.62
X-1362,C21orf37,100505929.0,Del0.8,0.62
X-1362,C21orf58,54058.0,MutNovel,"H299PN,0.562"
X-1362,C21orf88,114041.0,Del0.8,0.71
X-1362,C21orf91,54149.0,Del0.8,0.62
X-1362,C21orf91-OT1,246312.0,Del0.8,0.62
X-1362,C2CD2,25966.0,Del0.8,0.71
X-1362,C3orf75,54859.0,Del0.8,0.79
X-1362,C4orf29,80167.0,Del0.8,0.58
X-1362,C4orf34,201895.0,Del0.8,0.75
X-1362,C6orf147,387097.0,Del0.8,0.65
X-1362,C6orf162,57150.0,Del0.8,0.78
X-1362,C6orf163,206412.0,Del0.8,0.78
X-1362,C6orf164,63914.0,Del0.8,0.78
X-1362,C6orf165,154313.0,Del0.8,0.78
X-1362,C6orf203,51250.0,Del0.8,0.69
X-1362,C6orf57,135154.0,Del0.8,0.76
X-1362,CACNA1H,8912.0,Amp5,5.31
X-1362,CAMP,820.0,Del0.8,0.78
X-1362,CASC4,113201.0,Del0.8,0.67
X-1362,CATSPER2,117155.0,Del0.8,0.77
X-1362,CATSPER2P1,440278.0,Del0.8,0.77
X-1362,CCDC144B,284047.0,Del0.8,0.71
X-1362,CCDC153,283152.0,Del0.8,0.66
X-1362,CCDC154,645811.0,Amp5,5.31
X-1362,CCDC58,131076.0,MutNovel,"R133H,0.515"
X-1362,CCDC66,285331.0,MutNovel,"S606SP,0.929"
X-1362,CCDC78,124093.0,Amp5,5.31
X-1362,CCDC90A,63933.0,Del0.8,0.76
X-1362,CCRN4L,25819.0,Del0.8,0.72
X-1362,CDC25A,993.0,Del0.8,0.78
X-1362,CDC42EP1,11135.0,MutNovel,"PAPAANPS253P,0.284"
X-1362,CDK18,5129.0,MutNovel,"D261E,0.500"
X-1362,CDKAL1,54901.0,Del0.8,0.76
X-1362,CDKN2A,1029.0,MutKnownFunctional,"-24,1.000"
X-1362,CDY1B,253175.0,Del0.8,0.18
X-1362,CDY1B,253175.0,Del0.8,0.18
X-1362,CDY2A,9426.0,Del0.8,0.19
X-1362,CDY2A,9426.0,Del0.8,0.19
X-1362,CDY2B,203611.0,Del0.8,0.19
X-1362,CDY2B,203611.0,Del0.8,0.19
X-1362,CFHR4,10877.0,MutKnownFunctional,"W445*,1.000"
X-1362,CHCHD1,118487.0,MutNovel,"N24S,0.466"
X-1362,CHODL,140578.0,Del0.8,0.62
X-1362,CHODL-AS1,54075.0,Del0.8,0.62
X-1362,CHRNA9,55584.0,Del0.8,0.75
X-1362,CHST7,56548.0,Del0.8,0.75
X-1362,CHTF18,63922.0,Amp5,5.31
X-1362,CISD1,55847.0,MutNovel,"A15T,0.503"
X-1362,CKMT1A,548596.0,Del0.8,0.77
X-1362,CLCN7,1186.0,Amp5,5.31
X-1362,CLEC18B,497190.0,MutNovel,"T173A,0.667"
X-1362,CLEC4C,170482.0,Del0.8,0.7
X-1362,CLEC7A,64581.0,Del0.8,0.79
X-1362,CNOT10,25904.0,Del0.8,0.73
X-1362,CNTNAP3,79937.0,MutNovel,"A533S,0.500"
X-1362,CNTNAP3B,728577.0,MutNovel,"G1206W,1.000"
X-1362,CNTNAP3B,728577.0,Del0.8,0.57
X-1362,COX7B,1349.0,Del0.8,0.53
X-1362,CRAMP1L,57585.0,Amp5,5.31
X-1362,CREBBP,1387.0,MutNovel,"R2060G,1.000"
X-1362,CRYBG3,,MutNovel,"L1436S,0.583"
X-1362,CSPG4P1Y,114758.0,Del0.8,0.18
X-1362,CSPG4P1Y,114758.0,Del0.8,0.18
X-1362,CSPG5,10675.0,Del0.8,0.79
X-1362,CTDSPL,10217.0,Del0.8,0.66
X-1362,CTSA,5476.0,MutNovel,"L29-,0.370"
X-1362,CXADR,1525.0,Del0.8,0.62
X-1362,CXorf58,254158.0,Del0.8,0.76
X-1362,D21S2088E,266917.0,Del0.8,0.62
X-1362,DAZ1,1617.0,Del0.8,0.18
X-1362,DAZ2,57055.0,Del0.8,0.18
X-1362,DAZ3,57054.0,Del0.8,0.18
X-1362,DAZ3,57054.0,Del0.8,0.18
X-1362,DAZ4,57135.0,Del0.8,0.18
X-1362,DAZ4,57135.0,Del0.8,0.18
X-1362,DCAF12,25853.0,Del0.8,0.79
X-1362,DDX3Y,8653.0,Del0.8,0.19
X-1362,DDX43,55510.0,Del0.8,0.65
X-1362,DHX30,22907.0,Del0.8,0.79
X-1362,DNAH11,8701.0,MutNovel,"K3396R,1.000"
X-1362,DNAH3,55567.0,Del0.8,0.76
X-1362,DNAJC13,23317.0,MutNovel,"F1532C,0.511"
X-1362,DPPA3,359787.0,Del0.8,0.7
X-1362,DPPA5,340168.0,Del0.8,0.65
X-1362,DSC2,1824.0,MutKnownFunctional,"-896?,0.881"
X-1362,DSCAM,1826.0,Del0.8,0.71
X-1362,DSCAM-AS1,100506492.0,Del0.8,0.71
X-1362,DSG3,1830.0,MutNovel,"S942P,0.995"
X-1362,DUSP21,63904.0,Del0.8,0.78
X-1362,DUSP22,56940.0,Del0.8,0.78
X-1362,DUSP26,78986.0,Del0.8,0.7
X-1362,DUX2,26583.0,Del0.8,0.74
X-1362,DUX4,100288687.0,Del0.8,0.74
X-1362,DUX4L2,728410.0,Del0.8,0.74
X-1362,DUX4L3,653548.0,Del0.8,0.74
X-1362,DUX4L4,441056.0,Del0.8,0.74
X-1362,EEF1A1,1915.0,Del0.8,0.65
X-1362,EEF1DP3,196549.0,Del0.8,0.55
X-1362,EFCAB6,64800.0,MutKnownFunctional,"Q597*,0.500"
X-1362,EFHB,151651.0,Del0.8,0.77
X-1362,EI24,9538.0,MutNovel,"P295S,0.990"
X-1362,EIF1AY,9086.0,Del0.8,0.18
X-1362,EIF2S3,1968.0,Del0.8,0.76
X-1362,ELL3,80237.0,Del0.8,0.77
X-1362,EOMES,8320.0,Del0.8,0.77
X-1362,ETFB,2109.0,MutKnownFunctional,"-93?,0.909"
X-1362,FABP5,2171.0,MutNovel,"E25D,0.480"
X-1362,FABP9,646480.0,MutNovel,"R31Q,1.000"
X-1362,FAM106A,80039.0,Del0.8,0.51
X-1362,FAM120C,54954.0,Del0.8,0.72
X-1362,FAM173A,65990.0,Amp5,5.31
X-1362,FAM195A,84331.0,Amp5,5.31
X-1362,FAM197Y2P,252946.0,Del0.8,0.19
X-1362,FAM3B,54097.0,Del0.8,0.71
X-1362,FAM41AY1,340618.0,Del0.8,0.19
X-1362,FAM41AY1,340618.0,Del0.8,0.19
X-1362,FAM48B2,170067.0,Del0.8,0.76
X-1362,FAM75A6,389730.0,Del0.8,0.73
X-1362,FANCA,2175.0,MutNovel,"P259A,0.219"
X-1362,FANCD2,2177.0,MutNovel,"A1074D,1.000"
X-1362,FBXL16,146330.0,Amp5,5.31
X-1362,FBXO16,157574.0,Del0.8,0.77
X-1362,FLJ39534,285352.0,Del0.8,0.79
X-1362,FRG1,2483.0,MutNovel,"T98S,1.000"
X-1362,FRG1,2483.0,MutKnownFunctional,"C159*,0.333"
X-1362,FRG1,2483.0,MutNovel,"G163E,0.571"
X-1362,FRG1,2483.0,MutNovel,"H241Q,0.833"
X-1362,FRG1,2483.0,Del0.8,0.62
X-1362,FRG2,448831.0,Del0.8,0.74
X-1362,FUNDC1,139341.0,Del0.8,0.78
X-1362,FUT5,2527.0,MutNovel,"A118M,0.750"
X-1362,GABARAPL1,23710.0,Del0.8,0.79
X-1362,GBF1,8729.0,MutNovel,"A1153V,0.514"
X-1362,GDF3,9573.0,Del0.8,0.7
X-1362,GIGYF2,26058.0,MutNovel,"PQ1231P,0.704"
X-1362,GIT1,28964.0,MutNovel,"D125N,0.513"
X-1362,GJA1,2697.0,Del0.8,0.77
X-1362,GJD3,125111.0,MutNovel,"H175Y,0.240"
X-1362,GNG13,51764.0,Amp5,5.31
X-1362,GNPTAB,79158.0,Del0.8,0.79
X-1362,GNPTG,84572.0,Amp5,5.31
X-1362,GOLGA2P2Y,84559.0,Del0.8,0.18
X-1362,GOLGA2P2Y,84559.0,Del0.8,0.18
X-1362,GPR83,10888.0,Del0.8,0.69
X-1362,GSTM2P1,442245.0,Del0.8,0.65
X-1362,GSTT1,2952.0,Amp5,6.45
X-1362,GSTT2B,,MutNovel,"QV161HM,0.571"
X-1362,GSTTP1,25774.0,Amp5,6.45
X-1362,GTF2H5,404672.0,Del0.8,0.75
X-1362,GTF3C6,112495.0,Del0.8,0.65
X-1362,GXYLT2,727936.0,Del0.8,0.76
X-1362,GYG2P1,352887.0,Del0.8,0.19
X-1362,HAGHL,84264.0,Amp5,5.31
X-1362,HAUS1,115106.0,Del0.8,0.78
X-1362,HCFC2,29915.0,MutKnownFunctional,"-307?,0.294"
X-1362,HIST2H2AB,317772.0,MutNovel,"L86R,0.500"
X-1362,HLA-DPB1,3115.0,MutNovel,"F74Y,0.429"
X-1362,HLA-DPB1,3115.0,MutNovel,"E97Q,0.400"
X-1362,HLA-DRB5,3127.0,MutNovel,"K41I,1.000"
X-1362,HLA-G,3135.0,MutNovel,"L303Q,1.000"
X-1362,HLA-G,3135.0,MutNovel,"M309A,1.000"
X-1362,HLA-H,3136.0,Del0.8,0.65
X-1362,HMGA1P7,387065.0,Del0.8,0.71
X-1362,HSFY2,159119.0,Del0.8,0.11
X-1362,HSFY2,159119.0,Del0.8,0.19
X-1362,HSP90AA4P,3323.0,Del0.8,0.47
X-1362,HSPA13,6782.0,Del0.8,0.62
X-1362,HSPA1A,3303.0,MutNovel,"I427D,0.500"
X-1362,HSPA1A,3303.0,MutNovel,"F428I,0.294"
X-1362,IFT140,9742.0,Amp5,5.31
X-1362,IFT46,56912.0,Del0.8,0.66
X-1362,IGSF5,150084.0,Del0.8,0.71
X-1362,IKBIP,121457.0,Del0.8,0.72
X-1362,INPP5F,22876.0,MutNovel,"PS1057P,0.426"
X-1362,INTS1,26173.0,MutNovel,"G753S,0.510"
X-1362,JMJD8,339123.0,Amp5,5.31
X-1362,KANK3,256949.0,MutNovel,"P73L,0.400"
X-1362,KATNA1,11104.0,Del0.8,0.71
X-1362,KCNH8,131096.0,MutNovel,"V323A,1.000"
X-1362,KDM5D,8284.0,Del0.8,0.18
X-1362,KDM6A,7403.0,Del0.8,0.56
X-1362,KIAA0913,23053.0,MutNovel,"D1677N,0.556"
X-1362,KIF20B,9585.0,MutNovel,"L1062LKV,0.394"
X-1362,KIF9,64147.0,Del0.8,0.79
X-1362,KLB,152831.0,Del0.8,0.75
X-1362,KLF12,11278.0,MutNovel,"M22V,1.000"
X-1362,KLHL15,80311.0,Del0.8,0.76
X-1362,KLHL18,23276.0,Del0.8,0.79
X-1362,KRAS,3845.0,MutKnownFunctional,"G12D,0.734"
X-1362,KRT6C,286887.0,MutNovel,"E305V,0.333"
X-1362,KRT75,9119.0,MutNovel,"E418D,1.000"
X-1362,LARP1B,55132.0,Del0.8,0.72
X-1362,LARP7,51574.0,Del0.8,0.69
X-1362,LATS1,9113.0,Del0.8,0.71
X-1362,LATS2,26524.0,Del0.8,0.68
X-1362,LGALS9C,654346.0,Del0.8,0.51
X-1362,LIAS,11019.0,Del0.8,0.75
X-1362,LINC00111,54090.0,Del0.8,0.71
X-1362,LINC00112,54089.0,Del0.8,0.71
X-1362,LINC00235,64493.0,Amp5,5.31
X-1362,LINC00290,728081.0,Del0.8,0.22
X-1362,LINC00308,54143.0,Del0.8,0.62
X-1362,LINC00317,378828.0,Del0.8,0.62
X-1362,LINC00320,387486.0,Del0.8,0.62
X-1362,LINC00323,284835.0,Del0.8,0.71
X-1362,LINC00478,388815.0,Del0.8,0.62
X-1362,LINC00479,150135.0,Del0.8,0.71
X-1362,LIPI,149998.0,Del0.8,0.62
X-1362,LMF1,64788.0,Amp5,5.31
X-1362,LOC100129480,100129480.0,Del0.8,0.8
X-1362,LOC100287632,100287632.0,Del0.8,0.74
X-1362,LOC100506013,100506013.0,Del0.8,0.73
X-1362,LOC100506233,100506233.0,Del0.8,0.78
X-1362,LOC100996314,,MutNovel,"F40L,0.571"
X-1362,LOC100996489,,MutNovel,"P61S,1.000"
X-1362,LOC100996541,,MutNovel,"R104C,0.462"
X-1362,LOC100996543,,MutNovel,"L41P,0.700"
X-1362,LOC344967,344967.0,Del0.8,0.75
X-1362,LOC391322,391322.0,Amp5,6.45
X-1362,LOC401127,401127.0,Del0.8,0.75
X-1362,LOC401588,401588.0,Del0.8,0.61
X-1362,LOC643770,643770.0,Del0.8,0.72
X-1362,LOC727924,727924.0,Del0.8,0.64
X-1362,LOC728888,,MutNovel,"R395H,1.000"
X-1362,LYPD2,137797.0,MutNovel,"V60A,0.321"
X-1362,MAGT1,84061.0,Del0.8,0.53
X-1362,MAK16,84549.0,Del0.8,0.7
X-1362,MB21D1,115004.0,Del0.8,0.65
X-1362,MEN1,4221.0,MutNovel,"K427Q,0.414"
X-1362,METRN,79006.0,Amp5,5.31
X-1362,MFAP1,4236.0,Del0.8,0.77
X-1362,MFSD8,256471.0,Del0.8,0.58
X-1362,MIR1226,100302232.0,Del0.8,0.79
X-1362,MIR125B2,406912.0,Del0.8,0.62
X-1362,MIR1282,100302254.0,Del0.8,0.77
X-1362,MIR302B,442894.0,Del0.8,0.69
X-1362,MIR3176,100423037.0,Amp5,5.31
X-1362,MIR3197,100423023.0,Del0.8,0.71
X-1362,MIR4443,100616407.0,Del0.8,0.78
X-1362,MIR4740,100616294.0,Amp5,5.1
X-1362,MIR4760,100616148.0,Del0.8,0.71
X-1362,MIR4802,100616274.0,Del0.8,0.75
X-1362,MIR622,693207.0,Del0.8,0.21
X-1362,MIR662,724032.0,Amp5,5.31
X-1362,MIR766,768218.0,Del0.8,0.71
X-1362,MIR99A,407055.0,Del0.8,0.62
X-1362,MIRLET7C,406885.0,Del0.8,0.62
X-1362,MKRN2,23609.0,Del0.8,0.8
X-1362,MLIP,90523.0,Del0.8,0.79
X-1362,MPRIP,23164.0,MutNovel,"TS178T,0.478"
X-1362,MRPL44,65080.0,MutKnownFunctional,"E321*,0.435"
X-1362,MSLN,10232.0,Amp5,5.31
X-1362,MTO1,25821.0,Del0.8,0.65
X-1362,MUC2,4583.0,MutNovel,"T1605S,0.278"
X-1362,MUC4,4585.0,MutNovel,"L2738P,0.250"
X-1362,MUC4,4585.0,MutNovel,"S2688P,1.000"
X-1362,MUC4,4585.0,MutNovel,"H2685Q,1.000"
X-1362,MUC4,4585.0,MutNovel,"P2304H,0.423"
X-1362,MUC5B,727897.0,MutNovel,"R3845G,0.279"
X-1362,MUL1,79594.0,MutNovel,"S162L,0.504"
X-1362,MX1,4599.0,Del0.8,0.71
X-1362,MX2,4600.0,Del0.8,0.71
X-1362,MYO9A,4649.0,MutKnownFunctional,"-709?,0.300"
X-1362,N4BP2,55728.0,Del0.8,0.75
X-1362,NANOG,79923.0,Del0.8,0.7
X-1362,NANOGNB,360030.0,Del0.8,0.7
X-1362,NARFL,64428.0,Amp5,5.31
X-1362,NBPF1,55672.0,MutNovel,"V541I,0.238"
X-1362,NBPF10,100132406.0,MutNovel,"G116W,0.600"
X-1362,NBPF10,100132406.0,MutNovel,"I921F,1.000"
X-1362,NBPF10,100132406.0,MutNovel,"I1165F,0.347"
X-1362,NBPF10,100132406.0,MutNovel,"Q2788E,0.286"
X-1362,NBPF10,100132406.0,MutNovel,"G2792S,0.571"
X-1362,NBPF10,100132406.0,MutNovel,"C3332G,0.400"
X-1362,NCAM2,4685.0,Del0.8,0.62
X-1362,NCOR2,9612.0,MutNovel,"G1839GAAA,0.341"
X-1362,NCRNA00185,55410.0,Del0.8,0.18
X-1362,NDUFA1,4694.0,Del0.8,0.71
X-1362,NFIB,4781.0,MutNovel,"R261M,1.000"
X-1362,NHLRC4,283948.0,Amp5,5.31
X-1362,NIT1,4817.0,MutNovel,"T2A,0.370"
X-1362,NLGN4Y,22829.0,Del0.8,0.19
X-1362,NOTCH2,4853.0,MutNovel,"D1785Y,0.486"
X-1362,NRIP1,8204.0,Del0.8,0.62
X-1362,NSUN7,79730.0,Del0.8,0.76
X-1362,NUP43,348995.0,Del0.8,0.71
X-1362,NYX,60506.0,Del0.8,0.64
X-1362,OBSCN,84033.0,MutNovel,"V6478M,0.476"
X-1362,OLR1,4973.0,Del0.8,0.79
X-1362,OOEP,441161.0,Del0.8,0.65
X-1362,OR4M2,390538.0,Del0.8,0.64
X-1362,OR4N3P,390539.0,Del0.8,0.64
X-1362,OR4N4,283694.0,Del0.8,0.64
X-1362,ORAI1,84876.0,MutNovel,"PP43-,0.875"
X-1362,ORC3,23595.0,Del0.8,0.78
X-1362,OSBP,5007.0,MutNovel,"K577Q,0.459"
X-1362,OTOA,146183.0,Del0.8,0.76
X-1362,PABPC3,5042.0,MutKnownFunctional,"-231,0.381"
X-1362,PABPC3,5042.0,MutKnownFunctional,"-245,0.273"
X-1362,PABPC3,5042.0,MutKnownFunctional,"-247GE?,0.300"
X-1362,PABPC3,5042.0,MutKnownFunctional,"-299,0.800"
X-1362,PAN3-AS1,100288730.0,Del0.8,0.66
X-1362,PARG,8505.0,MutNovel,"G67V,0.667"
X-1362,PCDH11Y,83259.0,Del0.8,0.19
X-1362,PCMT1,5110.0,Del0.8,0.71
X-1362,PCP4,5121.0,Del0.8,0.71
X-1362,PDE9A,5152.0,Del0.8,0.71
X-1362,PDIA3,2923.0,Del0.8,0.77
X-1362,PDS5A,23244.0,Del0.8,0.75
X-1362,PHF8,23133.0,Del0.8,0.72
X-1362,PHLDA1,22822.0,MutNovel,"QQ194Q,0.508"
X-1362,PIGQ,9091.0,Amp5,5.31
X-1362,PLAC4,191585.0,Del0.8,0.71
X-1362,PLCH2,9651.0,MutNovel,"P1216R,0.578"
X-1362,PLIN2,123.0,Del0.8,0.72
X-1362,PLK4,10733.0,Del0.8,0.58
X-1362,PM20D2,135293.0,Del0.8,0.74
X-1362,PNRC1,10957.0,Del0.8,0.74
X-1362,POTEE,445582.0,MutNovel,"G546R,0.364"
X-1362,PP2D1,151649.0,Del0.8,0.77
X-1362,PRDM15,63977.0,Del0.8,0.71
X-1362,PRKAR2A,5576.0,Del0.8,0.69
X-1362,PRKX,5613.0,Del0.8,0.79
X-1362,PRKY,5616.0,Del0.8,0.19
X-1362,PRR25,388199.0,Amp5,5.31
X-1362,PRSS48,345062.0,Del0.8,0.76
X-1362,PRY,9081.0,Del0.8,0.18
X-1362,PRY,9081.0,Del0.8,0.18
X-1362,PRY2,442862.0,Del0.8,0.18
X-1362,PRY2,442862.0,Del0.8,0.18
X-1362,PSIP1,11168.0,Del0.8,0.76
X-1362,PSME4,23198.0,MutNovel,"H948R,0.289"
X-1362,PSPC1,55269.0,Del0.8,0.71
X-1362,PSTPIP2,9050.0,Del0.8,0.78
X-1362,PTP4A1,7803.0,Del0.8,0.72
X-1362,PTPN13,5783.0,MutNovel,"A1604V,0.986"
X-1362,PTPN20A,653129.0,MutNovel,"D114G,0.571"
X-1362,PTPN23,25930.0,Del0.8,0.79
X-1362,PTX4,390667.0,Amp5,5.31
X-1362,RAB39A,54734.0,Del0.8,0.72
X-1362,RAB40C,57799.0,Amp5,5.31
X-1362,RAB5A,5868.0,Del0.8,0.77
X-1362,RAPGEFL1,51195.0,MutNovel,"A180S,0.519"
X-1362,RARS2,57038.0,Del0.8,0.78
X-1362,RBBP7,5931.0,Del0.8,0.75
X-1362,RBM11,54033.0,Del0.8,0.62
X-1362,RBM47,54502.0,Del0.8,0.75
X-1362,RBMX,27316.0,Del0.8,0.59
X-1362,RBMY1A3P,286557.0,Del0.8,0.19
X-1362,RBMY1B,378948.0,Del0.8,0.18
X-1362,RBMY1B,378948.0,Del0.8,0.18
X-1362,RBMY1E,378950.0,Del0.8,0.18
X-1362,RBMY1E,378950.0,Del0.8,0.18
X-1362,RBMY1F,159163.0,Del0.8,0.18
X-1362,RBMY1F,159163.0,Del0.8,0.18
X-1362,RBMY1J,378951.0,Del0.8,0.18
X-1362,RBMY1J,378951.0,Del0.8,0.18
X-1362,RBMY2EP,159125.0,Del0.8,0.18
X-1362,RBMY2FP,159162.0,Del0.8,0.18
X-1362,RBMY3AP,64593.0,Del0.8,0.19
X-1362,RCC2,55920.0,MutNovel,"T218M,0.531"
X-1362,REREP3,646396.0,Del0.8,0.64
X-1362,RFC1,5981.0,Del0.8,0.75
X-1362,RHBDL1,9028.0,Amp5,5.31
X-1362,RHOH,399.0,Del0.8,0.75
X-1362,RHOT2,89941.0,Amp5,5.31
X-1362,RIPK4,54101.0,Del0.8,0.71
X-1362,RNASEH1,246243.0,MutNovel,"A125V,0.449"
X-1362,RNF113A,7737.0,Del0.8,0.71
X-1362,RNF122,79845.0,Del0.8,0.7
X-1362,RPF2,84154.0,Del0.8,0.65
X-1362,RPL14,9045.0,Del0.8,0.75
X-1362,RPL39,6170.0,Del0.8,0.71
X-1362,RPL9,6133.0,Del0.8,0.75
X-1362,RPS17L,,MutNovel,"K72R,0.211"
X-1362,RPS3A,6189.0,Del0.8,0.59
X-1362,RPS4Y1,6192.0,Del0.8,0.19
X-1362,RPS4Y2,140032.0,Del0.8,0.18
X-1362,RPTN,126638.0,MutNovel,"G440S,0.250"
X-1362,RPUSD1,113000.0,Amp5,5.31
X-1362,RRN3P1,730092.0,Del0.8,0.76
X-1362,RSPH1,89765.0,Del0.8,0.71
X-1362,RYR1,6261.0,MutNovel,"A4397G,1.000"
X-1362,S100G,795.0,Del0.8,0.75
X-1362,SAMSN1,64092.0,Del0.8,0.62
X-1362,SAT1,6303.0,Del0.8,0.76
X-1362,SCAP,22937.0,Del0.8,0.79
X-1362,SERF2,10169.0,Del0.8,0.77
X-1362,SERF2-C15ORF63,100529067.0,Del0.8,0.77
X-1362,SERINC2,347735.0,MutNovel,"-373Q,0.737"
X-1362,SERINC4,619189.0,Del0.8,0.77
X-1362,SGCE,8910.0,MutNovel,"S432H,1.000"
X-1362,SGK1,6446.0,Del0.8,0.71
X-1362,SH3BGR,6450.0,Del0.8,0.71
X-1362,SH3D19,152503.0,Del0.8,0.67
X-1362,SH3TC2,79628.0,MutNovel,"V1063E,0.312"
X-1362,SHF,90525.0,MutNovel,"S273N,0.217"
X-1362,SHF,90525.0,MutNovel,"P270S,0.261"
X-1362,SIK1,150094.0,MutNovel,"L484F,0.311"
X-1362,SIX5,147912.0,MutNovel,"S331R,0.259"
X-1362,SLC17A5,26503.0,Del0.8,0.65
X-1362,SLC25A3,5250.0,Del0.8,0.72
X-1362,SLC2A14,144195.0,Del0.8,0.7
X-1362,SLC2A3,6515.0,Del0.8,0.7
X-1362,SLC34A2,10568.0,Del0.8,0.75
X-1362,SLC35A1,10559.0,Del0.8,0.78
X-1362,SLC35F2,54733.0,Del0.8,0.72
X-1362,SLC37A1,54020.0,Del0.8,0.71
X-1362,SLC9A1,6548.0,MutNovel,"E728K,0.520"
X-1362,SLC9A7P1,121456.0,Del0.8,0.72
X-1362,SMARCC1,6599.0,Del0.8,0.79
X-1362,SMU1,55234.0,Del0.8,0.71
X-1362,SNAPC3,6619.0,Del0.8,0.76
X-1362,SNAPC4,6621.0,MutKnownFunctional,"Q1244*,0.500"
X-1362,SNORA11C,100124540.0,Del0.8,0.64
X-1362,SNORA53,677832.0,Del0.8,0.72
X-1362,SNORA69,26779.0,Del0.8,0.71
X-1362,SNORA70E,100379250.0,Del0.8,0.78
X-1362,SNORD121A,100113379.0,Del0.8,0.79
X-1362,SNORD121B,100113385.0,Del0.8,0.79
X-1362,SNORD61,26787.0,Del0.8,0.59
X-1362,SNORD73A,8944.0,Del0.8,0.59
X-1362,SNRPC,6631.0,Del0.8,0.74
X-1362,SOLH,6650.0,Amp5,5.31
X-1362,SOWAHD,347454.0,Del0.8,0.71
X-1362,SOX8,30812.0,Amp5,5.31
X-1362,SP140L,93349.0,MutNovel,"A29T,0.467"
X-1362,SPIC,121599.0,Del0.8,0.74
X-1362,SPTY2D1,144108.0,MutNovel,"KR107R,0.500"
X-1362,SRSF12,135295.0,Del0.8,0.74
X-1362,SRY,6736.0,Del0.8,0.19
X-1362,SSTR5,6755.0,Amp5,5.31
X-1362,STUB1,10273.0,MutNovel,"P24S,0.243"
X-1362,STUB1,10273.0,Amp5,5.31
X-1362,SYAP1,94056.0,Del0.8,0.75
X-1362,SYNJ2,8871.0,MutNovel,"D1007E,1.000"
X-1362,SYT5,6861.0,MutNovel,"P315L,0.429"
X-1362,TBL1Y,90665.0,Del0.8,0.19
X-1362,TBP,6908.0,MutNovel,"-64Q,0.208"
X-1362,TELO2,9894.0,Amp5,5.31
X-1362,TFF1,7031.0,Del0.8,0.71
X-1362,TFF2,7032.0,Del0.8,0.71
X-1362,TFF3,7033.0,Del0.8,0.71
X-1362,TFRC,7037.0,MutNovel,"Q4P,0.448"
X-1362,TGFBR2,7048.0,MutNovel,"F174I,1.000"
X-1362,TGIF2LY,90655.0,Del0.8,0.19
X-1362,THBD,7056.0,MutKnownFunctional,"-61?,0.431"
X-1362,THBS3,7059.0,MutNovel,"M753T,0.491"
X-1362,TMC7,79905.0,Del0.8,0.67
X-1362,TMEM159,57146.0,Del0.8,0.76
X-1362,TMEM184A,202915.0,MutNovel,"G392GA,0.844"
X-1362,TMEM192,201931.0,Del0.8,0.73
X-1362,TMEM204,79652.0,Amp5,5.31
X-1362,TMPO,7112.0,Del0.8,0.72
X-1362,TMPRSS15,5651.0,Del0.8,0.62
X-1362,TMPRSS2,7113.0,Del0.8,0.71
X-1362,TMPRSS3,64699.0,Del0.8,0.71
X-1362,TMSB4Y,9087.0,Del0.8,0.19
X-1362,TPSAB1,7177.0,Amp5,5.31
X-1362,TPSB2,64499.0,Amp5,5.31
X-1362,TPSD1,23430.0,Amp5,5.31
X-1362,TPSG1,25823.0,Amp5,5.31
X-1362,TPTE,7179.0,Del0.8,0.4
X-1362,TRIM60,166655.0,Del0.8,0.73
X-1362,TRIM61,391712.0,Del0.8,0.73
X-1362,TSPY1,7258.0,Del0.8,0.19
X-1362,TSPY10,,MutNovel,"S275I,0.897"
X-1362,TSPY10,,MutNovel,"D277C,0.964"
X-1362,TSPY10,,MutNovel,"LC276PV,0.828"
X-1362,TSPY10,,MutNovel,"CK277WA,0.800"
X-1362,TSPY10,,MutNovel,"D279H,0.774"
X-1362,TSPY10,,MutNovel,"LW280PP,0.750"
X-1362,TSPY10,,MutNovel,"WR281CA,0.694"
X-1362,TSPY10,,MutNovel,"N283I,0.686"
X-1362,TSPY10,,MutNovel,"LQ285QE,0.600"
X-1362,TSPY10,,MutNovel,"Y287D,0.585"
X-1362,TSPY10,,MutNovel,"Q305L,0.353"
X-1362,TSPY2,64591.0,Del0.8,0.19
X-1362,TSPY3,728137.0,Del0.8,0.19
X-1362,TSPY4,728395.0,Del0.8,0.19
X-1362,TSPY8,728403.0,Del0.8,0.19
X-1362,TTC39C,125488.0,MutNovel,"R250H,0.769"
X-1362,TTI2,80185.0,Del0.8,0.7
X-1362,TTTY10,246119.0,Del0.8,0.18
X-1362,TTTY11,83866.0,Del0.8,0.19
X-1362,TTTY12,83867.0,Del0.8,0.19
X-1362,TTTY13,83868.0,Del0.8,0.18
X-1362,TTTY14,83869.0,Del0.8,0.18
X-1362,TTTY15,64595.0,Del0.8,0.19
X-1362,TTTY16,252948.0,Del0.8,0.19
X-1362,TTTY17A,252949.0,Del0.8,0.18
X-1362,TTTY17A,252949.0,Del0.8,0.18
X-1362,TTTY18,252950.0,Del0.8,0.19
X-1362,TTTY19,252952.0,Del0.8,0.19
X-1362,TTTY1B,100101116.0,Del0.8,0.19
X-1362,TTTY1B,100101116.0,Del0.8,0.19
X-1362,TTTY2,60439.0,Del0.8,0.19
X-1362,TTTY2,60439.0,Del0.8,0.19
X-1362,TTTY20,252951.0,Del0.8,0.19
X-1362,TTTY21,252953.0,Del0.8,0.19
X-1362,TTTY21,252953.0,Del0.8,0.19
X-1362,TTTY22,252954.0,Del0.8,0.19
X-1362,TTTY23,252955.0,Del0.8,0.19
X-1362,TTTY23,252955.0,Del0.8,0.19
X-1362,TTTY3,114760.0,Del0.8,0.18
X-1362,TTTY3,114760.0,Del0.8,0.18
X-1362,TTTY4,114761.0,Del0.8,0.18
X-1362,TTTY4,114761.0,Del0.8,0.18
X-1362,TTTY5,83863.0,Del0.8,0.18
X-1362,TTTY6,84672.0,Del0.8,0.18
X-1362,TTTY6,84672.0,Del0.8,0.18
X-1362,TTTY7,246122.0,Del0.8,0.19
X-1362,TTTY7,246122.0,Del0.8,0.19
X-1362,TTTY7B,100101120.0,Del0.8,0.19
X-1362,TTTY7B,100101120.0,Del0.8,0.19
X-1362,TTTY8,84673.0,Del0.8,0.19
X-1362,TTTY8,84673.0,Del0.8,0.19
X-1362,TTTY9A,83864.0,Del0.8,0.06
X-1362,TTTY9A,83864.0,Del0.8,0.19
X-1362,TXLNG,55787.0,Del0.8,0.75
X-1362,TXLNG2P,246126.0,Del0.8,0.18
X-1362,UBAP1,51271.0,Del0.8,0.79
X-1362,UBASH3A,53347.0,Del0.8,0.71
X-1362,UBE2I,7329.0,Amp5,5.31
X-1362,UBE2K,3093.0,Del0.8,0.75
X-1362,UBXN8,7993.0,Del0.8,0.64
X-1362,UGDH,7358.0,Del0.8,0.75
X-1362,UGT2B28,54490.0,Del0.8,0.46
X-1362,UMODL1,89766.0,Del0.8,0.71
X-1362,UNKL,64718.0,Amp5,5.31
X-1362,UPF3B,65109.0,Del0.8,0.71
X-1362,URB2,9816.0,MutNovel,"R234K,0.467"
X-1362,USP13,8975.0,MutNovel,"A711S,0.300"
X-1362,USP25,29761.0,Del0.8,0.62
X-1362,USP32P2,220594.0,Del0.8,0.51
X-1362,USP36,57602.0,MutNovel,"KKK958K,0.755"
X-1362,USP9X,8239.0,Del0.8,0.76
X-1362,USP9Y,8287.0,Del0.8,0.19
X-1362,UTY,7404.0,Del0.8,0.19
X-1362,VAV1,7409.0,MutNovel,"R696W,0.287"
X-1362,VCY,9084.0,Del0.8,0.19
X-1362,VCY,9084.0,Del0.8,0.19
X-1362,VPRBP,9730.0,Del0.8,0.7
X-1362,VPS51,,MutNovel,"Q158R,0.451"
X-1362,VWA1,64856.0,MutNovel,"G373S,0.469"
X-1362,WDR19,57728.0,Del0.8,0.75
X-1362,WDR24,84219.0,Amp5,5.31
X-1362,WDR4,10785.0,Del0.8,0.71
X-1362,WDR76,79968.0,Del0.8,0.77
X-1362,WDR90,197335.0,Amp5,5.31
X-1362,WFIKKN1,117166.0,Amp5,5.31
X-1362,WHSC2,7469.0,MutNovel,"P10S,1.000"
X-1362,WNK3,65267.0,Del0.8,0.72
X-1362,WRAP73,49856.0,MutNovel,"G245R,0.541"
X-1362,XIAP,331.0,Del0.8,0.7
X-1362,XKRY2,353515.0,Del0.8,0.19
X-1362,XKRY2,353515.0,Del0.8,0.19
X-1362,ZDHHC11,79844.0,MutNovel,"A303D,0.393"
X-1362,ZFP64,55734.0,MutNovel,"Y450H,0.593"
X-1362,ZFPM1,161882.0,MutNovel,"E444D,1.000"
X-1362,ZFX,7543.0,Del0.8,0.76
X-1362,ZFY,7544.0,Del0.8,0.19
X-1362,ZNF157,7712.0,Del0.8,0.64
X-1362,ZNF295,49854.0,Del0.8,0.71
X-1362,ZNF295-AS1,150142.0,Del0.8,0.71
X-1362,ZNF468,90333.0,MutNovel,"G158R,0.208"
X-1362,ZNF589,51385.0,Del0.8,0.78
X-1362,ZNF614,80110.0,MutNovel,"R148T,0.222"
X-1362,ZNF619,285267.0,Del0.8,0.75
X-1362,ZNF620,253639.0,Del0.8,0.75
X-1362,ZNF621,285268.0,Del0.8,0.75
X-1362,ZNF674,641339.0,Del0.8,0.61
X-1362,ZNF770,54989.0,Del0.8,0.77
X-1362,ZP2,7783.0,Del0.8,0.76
X-1633,AARS2,57505.0,MutNovel,"V59G,0.538"
X-1633,ABCC6,368.0,MutNovel,"T454I,0.500"
X-1633,ADAM6,8755.0,Amp5,6.45
X-1633,ADCY7,113.0,MutNovel,"R372C,0.615"
X-1633,ADRA2B,151.0,MutNovel,"E301ERRK,0.833"
X-1633,AGAP8,728404.0,MutNovel,"S532T,0.615"
X-1633,AGAP8,728404.0,MutNovel,"A325V,1.000"
X-1633,AHNAK2,113146.0,MutNovel,"N2143D,0.500"
X-1633,ALDH3B1,221.0,MutNovel,"R342H,0.520"
X-1633,AMELY,266.0,Del0.8,0.23
X-1633,ARNTL2,56938.0,Amp5,6.41
X-1633,ASUN,55726.0,Amp5,6.41
X-1633,ATG7,10533.0,MutNovel,"D41G,0.636"
X-1633,ATM,472.0,MutNovel,"F858L,0.455"
X-1633,ATM,472.0,MutNovel,"P1054R,0.667"
X-1633,BCORP1,286554.0,Del0.8,0.23
X-1633,BHLHE41,79365.0,Amp5,6.41
X-1633,BPY2B,442867.0,Del0.8,0.23
X-1633,BPY2B,442867.0,Del0.8,0.23
X-1633,BRCC3,79184.0,MutNovel,"V12G,1.000"
X-1633,BRD2,6046.0,MutKnownFunctional,"-512,0.344"
X-1633,C11orf41,25758.0,MutNovel,"P33Q,0.350"
X-1633,C12orf70,341346.0,Amp5,6.41
X-1633,C12orf71,728858.0,Amp5,6.41
X-1633,C21orf58,54058.0,MutNovel,"H299PN,0.350"
X-1633,C9orf53,51198.0,Del0.8,0.29
X-1633,CCDC91,55297.0,Amp5,5.28
X-1633,CDC42EP1,11135.0,MutNovel,"PAPAANPS253P,0.828"
X-1633,CDC42EP3,10602.0,MutNovel,"T98M,0.938"
X-1633,CDKN2A,1029.0,Del0.8,0.29
X-1633,CDKN2B,1030.0,Del0.8,0.42
X-1633,CDY1B,253175.0,Del0.8,0.23
X-1633,CDY1B,253175.0,Del0.8,0.23
X-1633,CDY2A,9426.0,Del0.8,0.23
X-1633,CDY2A,9426.0,Del0.8,0.23
X-1633,CDY2B,203611.0,Del0.8,0.23
X-1633,CDY2B,203611.0,Del0.8,0.23
X-1633,CEACAM8,1088.0,MutNovel,"T171A,1.000"
X-1633,CEACAM8,1088.0,MutNovel,"D61H,1.000"
X-1633,CENPV,201161.0,MutNovel,"P24S,0.500"
X-1633,CEP350,9857.0,MutNovel,"E2087K,0.241"
X-1633,CERS5,91012.0,MutNovel,"P24T,0.280"
X-1633,CFHR1,3078.0,Amp5,5.62
X-1633,CFHR3,10878.0,Amp5,5.62
X-1633,CRIPAK,285464.0,MutNovel,"P173R,0.212"
X-1633,CSPG4P1Y,114758.0,Del0.8,0.23
X-1633,CSPG4P1Y,114758.0,Del0.8,0.23
X-1633,CYP4F12,66002.0,MutNovel,"R149Q,0.231"
X-1633,CYP4F8,11283.0,MutNovel,"R12G,1.000"
X-1633,DAZ1,1617.0,Del0.8,0.23
X-1633,DAZ2,57055.0,Del0.8,0.23
X-1633,DAZ3,57054.0,Del0.8,0.23
X-1633,DAZ3,57054.0,Del0.8,0.23
X-1633,DAZ4,57135.0,Del0.8,0.23
X-1633,DAZ4,57135.0,Del0.8,0.23
X-1633,DDX3Y,8653.0,Del0.8,0.23
X-1633,DEFA1B,728358.0,Del0.8,0.62
X-1633,DEFB103A,414325.0,Del0.8,0.69
X-1633,DEFB104B,503618.0,Del0.8,0.69
X-1633,DEFB104B,503618.0,Del0.8,0.69
X-1633,DEFB105B,504180.0,Del0.8,0.69
X-1633,DEFB105B,504180.0,Del0.8,0.69
X-1633,DEFB106B,503841.0,Del0.8,0.69
X-1633,DEFB106B,503841.0,Del0.8,0.69
X-1633,DEFB107A,245910.0,Del0.8,0.69
X-1633,DEFB107A,245910.0,Del0.8,0.69
X-1633,DEFB4A,1673.0,Del0.8,0.69
X-1633,DEFT1P,170949.0,Del0.8,0.62
X-1633,DENND1A,57706.0,MutNovel,"V734I,0.562"
X-1633,DMRTA1,63951.0,Del0.8,0.12
X-1633,EDN3,1908.0,MutKnownFunctional,"-187?,0.533"
X-1633,EIF1AY,9086.0,Del0.8,0.23
X-1633,ETV3,2117.0,MutNovel,"A374V,0.444"
X-1633,F5,2153.0,MutNovel,"I1321L,0.250"
X-1633,FAM13A,10144.0,MutNovel,"V830G,0.600"
X-1633,FAM157A,728262.0,MutNovel,"A346T,1.000"
X-1633,FAM188A,80013.0,MutNovel,"N222S,0.425"
X-1633,FAM193B,54540.0,MutNovel,"E722K,0.377"
X-1633,FAM193B,54540.0,MutNovel,"G582R,0.468"
X-1633,FAM197Y2P,252946.0,Del0.8,0.23
X-1633,FAM21A,387680.0,Del0.8,0.75
X-1633,FAM41AY1,340618.0,Del0.8,0.23
X-1633,FAM41AY1,340618.0,Del0.8,0.23
X-1633,FAM69A,388650.0,MutNovel,"D304G,1.000"
X-1633,FBRSL1,57666.0,MutNovel,"GLGRER882G,0.263"
X-1633,FCGBP,8857.0,MutNovel,"A2568T,0.300"
X-1633,FCGBP,8857.0,MutNovel,"R2416H,0.528"
X-1633,FER1L6,654463.0,MutNovel,"D101V,0.263"
X-1633,FGFR1OP2,26127.0,Amp5,6.41
X-1633,FGFRL1,53834.0,MutNovel,"S371L,1.000"
X-1633,FLJ35282,441389.0,Del0.8,0.29
X-1633,FPGT,8790.0,MutNovel,"R526C,1.000"
X-1633,GALNTL4,374378.0,MutNovel,"V417I,0.500"
X-1633,GOLGA2P2Y,84559.0,Del0.8,0.23
X-1633,GOLGA2P2Y,84559.0,Del0.8,0.23
X-1633,GPBP1L1,60313.0,MutNovel,"T319S,0.984"
X-1633,GSTM1,2944.0,Del0.8,0.72
X-1633,GYG2P1,352887.0,Del0.8,0.23
X-1633,HSFY2,159119.0,Del0.8,0.23
X-1633,HSFY2,159119.0,Del0.8,0.23
X-1633,HSPA2,3306.0,MutNovel,"K322N,0.526"
X-1633,IGHMBP2,3508.0,MutNovel,"E68D,0.543"
X-1633,IGSF3,3321.0,MutNovel,"D1041G,0.500"
X-1633,INTS10,55174.0,MutNovel,"D72A,0.357"
X-1633,ITPR2,3709.0,Amp5,6.41
X-1633,KCNJ12,3768.0,MutNovel,"P156L,1.000"
X-1633,KDM5D,8284.0,Del0.8,0.23
X-1633,KDM6B,23135.0,MutNovel,"L251LPP,0.455"
X-1633,KIAA0125,9834.0,Amp5,6.45
X-1633,KLHDC5,57542.0,Amp5,6.41
X-1633,KRAS,3845.0,MutKnownFunctional,"G12D,0.792"
X-1633,KRTCAP3,200634.0,MutKnownFunctional,"-64,0.211"
X-1633,KSR1,8844.0,MutNovel,"H636Y,0.839"
X-1633,LAMB2,3913.0,MutNovel,"R957Q,0.495"
X-1633,LCE3C,353144.0,Del0.8,0.36
X-1633,LGALS1,3956.0,MutNovel,"C3F,0.617"
X-1633,LOC100506393,100506393.0,Amp5,6.68
X-1633,LSMD1,84316.0,MutNovel,"V3G,0.294"
X-1633,LSR,51599.0,MutNovel,"G518GR,0.491"
X-1633,LY6D,8581.0,MutNovel,"T15K,0.514"
X-1633,MANSC4,100287284.0,Amp5,6.41
X-1633,MAP1S,55201.0,MutNovel,"H419P,0.280"
X-1633,MAT2B,27430.0,MutNovel,"V20G,0.361"
X-1633,MBTPS2,51360.0,MutNovel,"Q74K,1.000"
X-1633,MED21,9412.0,Amp5,6.41
X-1633,MIDN,90007.0,MutNovel,"C20G,0.667"
X-1633,MRPL30,51263.0,MutNovel,"I4V,0.720"
X-1633,MRPS35,60488.0,Amp5,6.41
X-1633,MUC17,140453.0,MutNovel,"S861T,0.214"
X-1633,MUC17,140453.0,MutNovel,"T1686A,0.296"
X-1633,MUC4,4585.0,MutNovel,"A3902T,0.583"
X-1633,MUC4,4585.0,MutNovel,"A3785V,0.607"
X-1633,MUC4,4585.0,MutNovel,"Q3629H,0.368"
X-1633,MUC4,4585.0,MutNovel,"IP2837MT,0.778"
X-1633,MUC4,4585.0,MutNovel,"S2832P,1.000"
X-1633,NASP,4678.0,MutNovel,"V741L,0.992"
X-1633,NBPF1,55672.0,MutNovel,"Q1115L,0.310"
X-1633,NBPF11,200030.0,MutNovel,"R628M,1.000"
X-1633,NCLN,56926.0,MutNovel,"L37V,0.569"
X-1633,NCOA6,23054.0,MutNovel,"P1896R,0.659"
X-1633,NCOR2,9612.0,MutNovel,"G1839GAAA,0.333"
X-1633,NCRNA00185,55410.0,Del0.8,0.23
X-1633,NDUFS1,4719.0,MutNovel,"F49S,0.495"
X-1633,NFKBIB,4793.0,MutNovel,"T343P,0.478"
X-1633,NLGN4Y,22829.0,Del0.8,0.23
X-1633,NR2F6,2063.0,MutNovel,"A181V,0.260"
X-1633,NRIP1,8204.0,MutNovel,"P354Y,0.590"
X-1633,OBSL1,23363.0,MutKnownFunctional,"-425?,0.223"
X-1633,ORAI1,84876.0,MutNovel,"PP43-,0.842"
X-1633,OSBPL3,26031.0,MutNovel,"S524G,0.553"
X-1633,PAN2,9924.0,MutNovel,"R582W,0.535"
X-1633,PAPD5,64282.0,MutNovel,"N99H,0.273"
X-1633,PCDH11Y,83259.0,Del0.8,0.23
X-1633,PDK2,5164.0,MutNovel,"R194Q,1.000"
X-1633,PGGT1B,5229.0,MutNovel,"D19G,0.462"
X-1633,PHLDA1,22822.0,MutNovel,"QQ194Q,0.278"
X-1633,PNPLA7,375775.0,MutKnownFunctional,"-1230?,0.316"
X-1633,PPFIBP1,8496.0,Amp5,6.41
X-1633,PRKY,5616.0,Del0.8,0.23
X-1633,PRSS1,5644.0,MutNovel,"L14V,0.588"
X-1633,PRSS1,5644.0,MutNovel,"N29I,0.520"
X-1633,PRY,9081.0,Del0.8,0.23
X-1633,PRY,9081.0,Del0.8,0.23
X-1633,PRY2,442862.0,Del0.8,0.23
X-1633,PRY2,442862.0,Del0.8,0.23
X-1633,PSMA3,5684.0,MutNovel,"K238E,0.557"
X-1633,PTHLH,5744.0,Amp5,5.28
X-1633,PTPRK,5796.0,MutNovel,"H640Q,0.473"
X-1633,RBBP6,5930.0,MutNovel,"K1530Q,0.500"
X-1633,RBMY1A3P,286557.0,Del0.8,0.23
X-1633,RBMY1B,378948.0,Del0.8,0.23
X-1633,RBMY1B,378948.0,Del0.8,0.23
X-1633,RBMY1E,378950.0,Del0.8,0.23
X-1633,RBMY1E,378950.0,Del0.8,0.23
X-1633,RBMY1F,159163.0,Del0.8,0.23
X-1633,RBMY1F,159163.0,Del0.8,0.23
X-1633,RBMY1J,378951.0,Del0.8,0.23
X-1633,RBMY1J,378951.0,Del0.8,0.23
X-1633,RBMY2EP,159125.0,Del0.8,0.23
X-1633,RBMY2FP,159162.0,Del0.8,0.23
X-1633,RBMY3AP,64593.0,Del0.8,0.23
X-1633,REL,5966.0,MutNovel,"D224N,0.526"
X-1633,REP15,387849.0,Amp5,6.41
X-1633,RHPN2,85415.0,MutNovel,"A427G,0.201"
X-1633,RIN3,79890.0,MutNovel,"G967-,0.426"
X-1633,RNF43,54894.0,MutKnownFunctional,"R337*,0.995"
X-1633,RPS4Y1,6192.0,Del0.8,0.23
X-1633,RPS4Y2,140032.0,Del0.8,0.23
X-1633,RRP7B,91695.0,Del0.8,0.56
X-1633,RSF1,51773.0,MutNovel,"R150H,0.630"
X-1633,RUVBL2,10856.0,MutNovel,"Y430H,0.405"
X-1633,SEC24C,9632.0,MutNovel,"P434L,0.436"
X-1633,SEMA4B,10509.0,MutNovel,"A13P,0.292"
X-1633,SERINC2,347735.0,MutNovel,"-373Q,0.587"
X-1633,SIRPA,140885.0,MutNovel,"R370W,0.969"
X-1633,SIVA1,10572.0,MutKnownFunctional,"-137,0.483"
X-1633,SLC28A2,9153.0,MutKnownFunctional,"-129?,0.333"
X-1633,SLC6A20,54716.0,MutKnownFunctional,"W77*,0.553"
X-1633,SLFN11,91607.0,MutNovel,"R643G,0.857"
X-1633,SPAG1,6674.0,MutNovel,"I472V,0.654"
X-1633,SPAG11A,653423.0,Del0.8,0.69
X-1633,SPAG11B,10407.0,Del0.8,0.5
X-1633,SPAG11B,10407.0,Del0.8,0.69
X-1633,SRY,6736.0,Del0.8,0.23
X-1633,SSPN,8082.0,Amp5,6.41
X-1633,STK38L,23012.0,Amp5,6.41
X-1633,STOML2,30968.0,MutNovel,"S21F,0.326"
X-1633,STXBP5,134957.0,MutNovel,"I950T,0.533"
X-1633,TBC1D3H,729877.0,MutNovel,"W452G,1.000"
X-1633,TBL1Y,90665.0,Del0.8,0.23
X-1633,TGIF2LY,90655.0,Del0.8,0.23
X-1633,THNSL1,79896.0,MutNovel,"D241G,0.600"
X-1633,TLR9,54106.0,MutKnownFunctional,"R728*,0.750"
X-1633,TM7SF3,51768.0,Amp5,6.41
X-1633,TMEM184A,202915.0,MutNovel,"G392GA,0.571"
X-1633,TMEM92,162461.0,MutNovel,"Q22P,0.333"
X-1633,TMSB4Y,9087.0,Del0.8,0.23
X-1633,TP53,7157.0,MutKnownFunctional,"-47,0.857"
X-1633,TRIM14,9830.0,MutNovel,"N358S,0.439"
X-1633,TSPY1,7258.0,Del0.8,0.23
X-1633,TSPY2,64591.0,Del0.8,0.23
X-1633,TSPY3,728137.0,Del0.8,0.23
X-1633,TSPY4,728395.0,Del0.8,0.23
X-1633,TSPY8,728403.0,Del0.8,0.23
X-1633,TSPYL1,7259.0,MutNovel,"V176VW,0.948"
X-1633,TTTY10,246119.0,Del0.8,0.23
X-1633,TTTY11,83866.0,Del0.8,0.23
X-1633,TTTY12,83867.0,Del0.8,0.23
X-1633,TTTY13,83868.0,Del0.8,0.23
X-1633,TTTY14,83869.0,Del0.8,0.23
X-1633,TTTY15,64595.0,Del0.8,0.23
X-1633,TTTY16,252948.0,Del0.8,0.23
X-1633,TTTY17A,252949.0,Del0.8,0.23
X-1633,TTTY17A,252949.0,Del0.8,0.23
X-1633,TTTY18,252950.0,Del0.8,0.23
X-1633,TTTY19,252952.0,Del0.8,0.23
X-1633,TTTY1B,100101116.0,Del0.8,0.23
X-1633,TTTY1B,100101116.0,Del0.8,0.23
X-1633,TTTY2,60439.0,Del0.8,0.23
X-1633,TTTY2,60439.0,Del0.8,0.23
X-1633,TTTY20,252951.0,Del0.8,0.23
X-1633,TTTY21,252953.0,Del0.8,0.23
X-1633,TTTY21,252953.0,Del0.8,0.23
X-1633,TTTY22,252954.0,Del0.8,0.23
X-1633,TTTY23,252955.0,Del0.8,0.23
X-1633,TTTY23,252955.0,Del0.8,0.23
X-1633,TTTY3,114760.0,Del0.8,0.23
X-1633,TTTY3,114760.0,Del0.8,0.23
X-1633,TTTY4,114761.0,Del0.8,0.23
X-1633,TTTY4,114761.0,Del0.8,0.23
X-1633,TTTY5,83863.0,Del0.8,0.23
X-1633,TTTY6,84672.0,Del0.8,0.23
X-1633,TTTY6,84672.0,Del0.8,0.23
X-1633,TTTY7,246122.0,Del0.8,0.23
X-1633,TTTY7,246122.0,Del0.8,0.23
X-1633,TTTY7B,100101120.0,Del0.8,0.23
X-1633,TTTY7B,100101120.0,Del0.8,0.23
X-1633,TTTY8,84673.0,Del0.8,0.23
X-1633,TTTY8,84673.0,Del0.8,0.23
X-1633,TTTY9A,83864.0,Del0.8,0.23
X-1633,TTTY9A,83864.0,Del0.8,0.23
X-1633,TXLNG2P,246126.0,Del0.8,0.23
X-1633,USP34,9736.0,MutNovel,"L2004S,0.509"
X-1633,USP36,57602.0,MutNovel,"KKK958K,0.795"
X-1633,USP48,84196.0,MutNovel,"T860S,0.986"
X-1633,USP9Y,8287.0,Del0.8,0.23
X-1633,UTY,7404.0,Del0.8,0.23
X-1633,VAMP2,6844.0,MutNovel,"E16G,0.300"
X-1633,VCY,9084.0,Del0.8,0.23
X-1633,VCY,9084.0,Del0.8,0.23
X-1633,WDR60,55112.0,MutNovel,"D988N,0.504"
X-1633,WNK1,65125.0,Del0.8,0.52
X-1633,XKRY2,353515.0,Del0.8,0.23
X-1633,XKRY2,353515.0,Del0.8,0.23
X-1633,YIF1B,90522.0,MutNovel,"D34N,0.375"
X-1633,ZFY,7544.0,Del0.8,0.23
X-1633,ZNF490,57474.0,MutNovel,"R298L,0.400"
X-1633,ZNF516,9658.0,MutNovel,"P484L,1.000"
X-1633,ZNF772,400720.0,MutNovel,"A4GP,0.500"
X-1633,ZNF850,342892.0,MutNovel,"R840C,0.625"
X-1633,ZRANB1,54764.0,MutKnownFunctional,"-709?,0.314"
X-1948,ABCC13,150000.0,Del0.8,0.24
X-1948,ADAM3A,1587.0,Del0.8,0.19
X-1948,ADAM5P,255926.0,Del0.8,0.53
X-1948,ADRBK1,156.0,MutNovel,"N530D,0.526"
X-1948,AGPAT5,55326.0,MutNovel,"A25V,0.256"
X-1948,AMELY,266.0,Del0.8,0.28
X-1948,ANAPC1,64682.0,MutKnownFunctional,"S372*,0.250"
X-1948,ANKRD18A,253650.0,MutNovel,"N346I,0.270"
X-1948,ANKRD18B,441459.0,Amp5,5.35
X-1948,ANKRD20A11P,391267.0,Del0.8,0.39
X-1948,ANKRD36,375248.0,MutNovel,"T998S,0.308"
X-1948,ANXA2P2,304.0,Amp5,5.35
X-1948,APTX,54840.0,Amp5,5.35
X-1948,AQP3,360.0,Amp5,5.35
X-1948,AQP7,364.0,Amp5,5.35
X-1948,ARID3C,138715.0,Amp8,12.91
X-1948,ATAD3A,55210.0,MutNovel,"I7V,1.000"
X-1948,AXDND1,126859.0,MutNovel,"E991Q,0.914"
X-1948,B4GALT1,2683.0,Amp5,5.35
X-1948,BAG1,573.0,Amp5,5.35
X-1948,BCL9,607.0,MutNovel,"D1027Y,0.389"
X-1948,BCORP1,286554.0,Del0.8,0.19
X-1948,BICC1,80114.0,MutNovel,"T666A,0.567"
X-1948,BMP6,654.0,MutNovel,"R28Q,1.000"
X-1948,BPY2B,442867.0,Del0.8,0.19
X-1948,BPY2B,442867.0,Del0.8,0.19
X-1948,BTG3,10950.0,Del0.8,0.24
X-1948,BTNL3,10917.0,MutNovel,"T326K,0.389"
X-1948,C14orf159,80017.0,MutNovel,"T60P,0.667"
X-1948,C1orf198,84886.0,MutNovel,"S259N,0.504"
X-1948,C21orf15,54094.0,Del0.8,0.39
X-1948,C21orf37,100505929.0,Del0.8,0.24
X-1948,C21orf91,54149.0,Del0.8,0.24
X-1948,C21orf91-OT1,246312.0,Del0.8,0.24
X-1948,C4orf29,80167.0,MutNovel,"L398V,0.472"
X-1948,C9orf131,138724.0,Amp8,12.91
X-1948,C9orf24,84688.0,Amp8,12.91
X-1948,CCDC144B,284047.0,Del0.8,0.67
X-1948,CCDC88C,440193.0,MutNovel,"R376Q,0.654"
X-1948,CCL19,6363.0,Amp8,12.91
X-1948,CCL21,6366.0,Amp5,7.41
X-1948,CCL27,10850.0,Amp8,12.91
X-1948,CCP110,9738.0,MutNovel,"D829E,0.524"
X-1948,CDKN2A,1029.0,MutLikelyFunctional,"H83Y,0.998"
X-1948,CDY1B,253175.0,Del0.8,0.19
X-1948,CDY1B,253175.0,Del0.8,0.19
X-1948,CDY2A,9426.0,Del0.8,0.19
X-1948,CDY2A,9426.0,Del0.8,0.19
X-1948,CDY2B,203611.0,Del0.8,0.19
X-1948,CDY2B,203611.0,Del0.8,0.19
X-1948,CEACAM1,634.0,MutNovel,"T100I,0.409"
X-1948,CEACAM1,634.0,MutNovel,"S96I,0.416"
X-1948,CEACAM3,1084.0,MutNovel,"Q123H,0.667"
X-1948,CEACAM8,1088.0,MutNovel,"P145S,1.000"
X-1948,CHFR,55743.0,MutNovel,"A144S,1.000"
X-1948,CHMP5,51510.0,Amp5,5.35
X-1948,CHODL,140578.0,Del0.8,0.24
X-1948,CHODL-AS1,54075.0,Del0.8,0.24
X-1948,CKAP4,10970.0,MutNovel,"APQQPPP39-,0.462"
X-1948,CLIP4,79745.0,MutNovel,"D225V,0.444"
X-1948,CNKSR1,10256.0,Del0.8,0.75
X-1948,CNTFR,1271.0,Amp8,12.91
X-1948,COL1A2,1278.0,MutNovel,"V333A,0.294"
X-1948,COL1A2,1278.0,MutNovel,"G793E,0.333"
X-1948,COL4A3BP,10087.0,MutNovel,"R73G,0.800"
X-1948,COL6A2,1292.0,MutNovel,"E679K,0.714"
X-1948,CREG2,200407.0,MutNovel,"P96Q,0.389"
X-1948,CSPG4P1Y,114758.0,Del0.8,0.19
X-1948,CSPG4P1Y,114758.0,Del0.8,0.19
X-1948,CTSA,5476.0,MutNovel,"L29-,0.405"
X-1948,CXADR,1525.0,Del0.8,0.24
X-1948,D21S2088E,266917.0,Del0.8,0.25
X-1948,DAZ1,1617.0,Del0.8,0.19
X-1948,DAZ2,57055.0,Del0.8,0.19
X-1948,DAZ3,57054.0,Del0.8,0.19
X-1948,DAZ3,57054.0,Del0.8,0.19
X-1948,DAZ4,57135.0,Del0.8,0.19
X-1948,DAZ4,57135.0,Del0.8,0.19
X-1948,DCAF12,25853.0,Amp5,5.35
X-1948,DCTN3,11258.0,Amp8,12.91
X-1948,DDX10,1662.0,MutNovel,"A172S,0.423"
X-1948,DDX3Y,8653.0,Del0.8,0.19
X-1948,DMBT1,1755.0,MutNovel,"P357S,0.455"
X-1948,DMBT1,1755.0,MutNovel,"P856Y,0.762"
X-1948,DMBT1,1755.0,MutNovel,"H1732S,0.275"
X-1948,DNAI1,27019.0,Amp8,12.91
X-1948,DNAJA1,3301.0,Amp5,5.35
X-1948,DNAJB5,25822.0,Amp8,12.91
X-1948,DPT,1805.0,MutNovel,"T14I,1.000"
X-1948,DUSP22,56940.0,Del0.8,0.74
X-1948,EGLN3,112399.0,MutNovel,"S173P,0.345"
X-1948,EIF1AY,9086.0,Del0.8,0.19
X-1948,ENHO,375704.0,Amp8,12.91
X-1948,ENOX2,10495.0,MutKnownFunctional,"E376*,1.000"
X-1948,ERP27,121506.0,MutNovel,"I167K,0.818"
X-1948,ESPL1,9700.0,MutNovel,"R1315H,0.480"
X-1948,FAM104A,84923.0,MutNovel,"S11R,0.706"
X-1948,FAM106A,80039.0,Del0.8,0.43
X-1948,FAM110D,79927.0,Del0.8,0.75
X-1948,FAM127C,441518.0,MutNovel,"G35A,1.000"
X-1948,FAM197Y2P,252946.0,Del0.8,0.19
X-1948,FAM205A,259308.0,Amp5,7.41
X-1948,FAM205B,389715.0,Amp8,12.91
X-1948,FAM214B,80256.0,Amp8,12.91
X-1948,FAM40A,85369.0,MutNovel,"F105L,0.462"
X-1948,FAM41AY1,340618.0,Del0.8,0.19
X-1948,FAM41AY1,340618.0,Del0.8,0.19
X-1948,FAM86C1,55199.0,MutNovel,"V70T,0.500"
X-1948,FANCG,2189.0,Amp8,12.91
X-1948,FBXL15,79176.0,MutNovel,"D274H,0.387"
X-1948,FCGBP,8857.0,MutNovel,"G3264S,0.375"
X-1948,FCGBP,8857.0,MutNovel,"R1916H,0.421"
X-1948,FFAR3,2865.0,Del0.8,0.71
X-1948,FOXD1,2297.0,MutNovel,"AGRRR382-,0.400"
X-1948,GALT,2592.0,Amp8,12.91
X-1948,GIGYF2,26058.0,MutNovel,"PQ1231P,0.286"
X-1948,GNG13,51764.0,MutNovel,"D40H,0.370"
X-1948,GOLGA2P2Y,84559.0,Del0.8,0.19
X-1948,GOLGA2P2Y,84559.0,Del0.8,0.19
X-1948,GPR89A,653519.0,MutNovel,"R149Q,0.214"
X-1948,GPRIN2,9721.0,MutNovel,"-238MRE,0.700"
X-1948,GRB14,2888.0,MutKnownFunctional,"-297?,0.250"
X-1948,GTF2H2C,728340.0,Del0.8,0.77
X-1948,GUSBP3,653188.0,Del0.8,0.77
X-1948,GYG2P1,352887.0,Del0.8,0.19
X-1948,HEATR8,374977.0,MutNovel,"T348I,1.000"
X-1948,HKDC1,80201.0,MutKnownFunctional,"-21,0.216"
X-1948,HLA-C,3107.0,Del0.8,0.68
X-1948,HSFY2,159119.0,Del0.8,0.19
X-1948,HSFY2,159119.0,Del0.8,0.19
X-1948,HSPA13,6782.0,Del0.8,0.24
X-1948,HSPA1A,3303.0,MutNovel,"M122K,0.500"
X-1948,HSPA1A,3303.0,MutNovel,"P466S,0.889"
X-1948,HSPA1B,3304.0,MutNovel,"P466S,0.500"
X-1948,IL11RA,3590.0,Amp8,12.91
X-1948,INPP5B,3633.0,MutNovel,"H251Q,1.000"
X-1948,IRF2BP2,359948.0,MutNovel,"-99S,0.391"
X-1948,ITGA3,3675.0,MutNovel,"L760F,0.537"
X-1948,JAK2,3717.0,Del0.8,0.73
X-1948,KDM5D,8284.0,Del0.8,0.19
X-1948,KIAA0195,9772.0,MutNovel,"H625Y,0.603"
X-1948,KIAA1045,23349.0,Amp8,12.91
X-1948,KIAA1161,57462.0,Amp8,12.91
X-1948,KIF24,347240.0,Amp5,5.35
X-1948,KRAS,3845.0,MutKnownFunctional,"G12V,0.643"
X-1948,LCE3B,353143.0,Del0.8,0.19
X-1948,LCE3C,353144.0,Del0.8,0.19
X-1948,LGALS9C,654346.0,Del0.8,0.24
X-1948,LINC00308,54143.0,Del0.8,0.18
X-1948,LINC00317,378828.0,Del0.8,0.25
X-1948,LINC00320,387486.0,Del0.8,0.25
X-1948,LINC00478,388815.0,Del0.8,0.24
X-1948,LIPI,149998.0,Del0.8,0.24
X-1948,LOC100272216,100272216.0,Del0.8,0.77
X-1948,LOC415056,415056.0,Amp8,12.91
X-1948,LOC441124,,MutNovel,"P110L,0.358"
X-1948,LPCAT4,254531.0,MutNovel,"D142G,1.000"
X-1948,LSM4,25804.0,Del0.8,0.58
X-1948,LZTR1,8216.0,MutNovel,"N309S,0.409"
X-1948,MAP3K1,4214.0,MutNovel,"ST941S,0.600"
X-1948,MBOAT7,79143.0,MutNovel,"K334E,0.714"
X-1948,MGAM,8972.0,Del0.8,0.76
X-1948,MIR125B2,406912.0,Del0.8,0.24
X-1948,MIR3156-3,100423018.0,Del0.8,0.4
X-1948,MIR3675,100500876.0,Del0.8,0.66
X-1948,MIR99A,407055.0,Del0.8,0.24
X-1948,MIRLET7C,406885.0,Del0.8,0.24
X-1948,MKI67,4288.0,MutNovel,"T2548N,0.507"
X-1948,MOSPD1,56180.0,MutKnownFunctional,"-6?,0.286"
X-1948,MPRIP,23164.0,MutNovel,"TS178T,0.596"
X-1948,MRPS5,64969.0,MutNovel,"L148V,0.431"
X-1948,MST1,4485.0,MutNovel,"R535G,0.500"
X-1948,MST1,4485.0,MutNovel,"G522A,0.500"
X-1948,MST1,4485.0,MutNovel,"R513G,0.750"
X-1948,MST1,4485.0,MutKnownFunctional,"-435,0.467"
X-1948,MST1,4485.0,MutKnownFunctional,"W264*,0.667"
X-1948,MUC12,10071.0,MutNovel,"E4601G,1.000"
X-1948,MUC12,10071.0,MutNovel,"T4603M,1.000"
X-1948,MUC2,4583.0,MutNovel,"P1510S,0.211"
X-1948,MUC4,4585.0,MutNovel,"P3442A,0.500"
X-1948,MUC4,4585.0,MutNovel,"IP2837MT,1.000"
X-1948,NACA2,342538.0,MutNovel,"L86R,1.000"
X-1948,NACA2,342538.0,MutNovel,"R75K,1.000"
X-1948,NACA2,342538.0,MutKnownFunctional,"-68,1.000"
X-1948,NACA2,342538.0,MutNovel,"G65S,1.000"
X-1948,NBPF15,284565.0,MutNovel,"E582K,0.512"
X-1948,NCAM2,4685.0,Del0.8,0.25
X-1948,NCOR2,9612.0,MutNovel,"G1839GAAA,0.714"
X-1948,NCRNA00185,55410.0,Del0.8,0.19
X-1948,NDST1,3340.0,MutNovel,"S48L,0.400"
X-1948,NEB,4703.0,MutNovel,"T6828I,0.659"
X-1948,NEB,4703.0,MutNovel,"R5546H,0.333"
X-1948,NFX1,4799.0,Amp5,5.35
X-1948,NLGN4Y,22829.0,Del0.8,0.19
X-1948,NOL6,65083.0,Amp5,5.35
X-1948,NOP56,10528.0,MutNovel,"I309V,0.479"
X-1948,NPIPL3,23117.0,MutNovel,"C1076R,0.429"
X-1948,NRIP1,8204.0,Del0.8,0.24
X-1948,NUDT2,318.0,Amp5,5.35
X-1948,NUP153,9972.0,MutNovel,"R379Q,1.000"
X-1948,OBP2A,29991.0,MutNovel,"F90Y,0.500"
X-1948,ORAI1,84876.0,MutNovel,"PP43-,0.900"
X-1948,OS9,10956.0,MutNovel,"I383M,0.508"
X-1948,PABPC3,5042.0,MutNovel,"KG231-,0.500"
X-1948,PAK2,5062.0,MutNovel,"D173E,0.559"
X-1948,PANK3,79646.0,MutNovel,"R64Q,0.610"
X-1948,PCDH11Y,83259.0,Del0.8,0.28
X-1948,PCM1,5108.0,MutNovel,"A1553G,0.738"
X-1948,PCNT,5116.0,MutNovel,"V161I,1.000"
X-1948,PDIK1L,149420.0,Del0.8,0.75
X-1948,PHLDA1,22822.0,MutNovel,"QQ194Q,0.619"
X-1948,PIGO,84720.0,Amp8,12.91
X-1948,PIKFYVE,200576.0,MutNovel,"S323L,0.429"
X-1948,PLCL2,23228.0,MutNovel,"P78S,0.500"
X-1948,POTED,317754.0,Del0.8,0.4
X-1948,PPP1R3D,5509.0,MutNovel,"E170K,0.500"
X-1948,PPRC1,23082.0,MutNovel,"G26A,0.600"
X-1948,PRKY,5616.0,Del0.8,0.28
X-1948,PRR12,57479.0,MutNovel,"P799H,0.647"
X-1948,PRSS1,5644.0,MutNovel,"S181N,0.429"
X-1948,PRSS3,5646.0,Amp5,5.35
X-1948,PRY,9081.0,Del0.8,0.19
X-1948,PRY,9081.0,Del0.8,0.19
X-1948,PRY2,442862.0,Del0.8,0.19
X-1948,PRY2,442862.0,Del0.8,0.19
X-1948,PSMD3,5709.0,MutNovel,"A244V,0.487"
X-1948,PTENP1,11191.0,Amp5,5.35
X-1948,PTPRD,5789.0,Del0.8,0.54
X-1948,RBM11,54033.0,Del0.8,0.24
X-1948,RBMY1A3P,286557.0,Del0.8,0.19
X-1948,RBMY1B,378948.0,Del0.8,0.19
X-1948,RBMY1B,378948.0,Del0.8,0.19
X-1948,RBMY1E,378950.0,Del0.8,0.19
X-1948,RBMY1E,378950.0,Del0.8,0.19
X-1948,RBMY1F,159163.0,Del0.8,0.19
X-1948,RBMY1F,159163.0,Del0.8,0.19
X-1948,RBMY1J,378951.0,Del0.8,0.19
X-1948,RBMY1J,378951.0,Del0.8,0.19
X-1948,RBMY2EP,159125.0,Del0.8,0.19
X-1948,RBMY2FP,159162.0,Del0.8,0.19
X-1948,RBMY3AP,64593.0,Del0.8,0.19
X-1948,REG4,83998.0,MutNovel,"Y61H,0.498"
X-1948,RHD,6007.0,Del0.8,0.31
X-1948,RNF43,54894.0,MutKnownFunctional,"-289,0.514"
X-1948,RPS4Y1,6192.0,Del0.8,0.28
X-1948,RPS4Y2,140032.0,Del0.8,0.19
X-1948,SACS,26278.0,MutNovel,"E4343K,0.600"
X-1948,SAMSN1,64092.0,Del0.8,0.24
X-1948,SCAF1,58506.0,MutNovel,"R114H,0.317"
X-1948,SCAPER,49855.0,Del0.8,0.45
X-1948,SERINC2,347735.0,MutNovel,"-373Q,0.764"
X-1948,SERPINB3,6317.0,Del0.8,0.74
X-1948,SIGMAR1,10280.0,Amp8,12.91
X-1948,SMAD4,4089.0,MutKnownFunctional,"-529,0.962"
X-1948,SMU1,55234.0,Amp5,5.35
X-1948,SNORD121A,100113379.0,Amp5,5.35
X-1948,SNORD121B,100113385.0,Amp5,5.35
X-1948,SNX32,254122.0,MutNovel,"A303V,0.800"
X-1948,SNX8,29886.0,MutNovel,"L323M,0.417"
X-1948,SP110,3431.0,MutNovel,"K426T,0.433"
X-1948,SPINK4,27290.0,Amp5,5.35
X-1948,SRA1,10011.0,MutNovel,"V110L,0.205"
X-1948,SRY,6736.0,Del0.8,0.28
X-1948,SSB,6741.0,MutNovel,"DDEH367D,0.268"
X-1948,STOML2,30968.0,Amp8,12.91
X-1948,STX6,10228.0,MutNovel,"N19S,0.590"
X-1948,SUGT1P1,441394.0,Amp5,5.35
X-1948,SYNM,23336.0,MutNovel,"R236S,1.000"
X-1948,TARBP1,6894.0,MutNovel,"A145P,1.000"
X-1948,TBC1D4,9882.0,MutNovel,"C753Y,0.667"
X-1948,TBL1Y,90665.0,Del0.8,0.28
X-1948,TGIF2LY,90655.0,Del0.8,0.28
X-1948,THADA,63892.0,MutNovel,"E695G,0.643"
X-1948,THBS3,7059.0,MutNovel,"G208R,0.318"
X-1948,TMEM184A,202915.0,MutNovel,"G392GA,0.294"
X-1948,TMPRSS15,5651.0,Del0.8,0.24
X-1948,TMSB4Y,9087.0,Del0.8,0.19
X-1948,TNRC18,84629.0,MutNovel,"A300V,0.465"
X-1948,TP53,7157.0,MutNovel,"C242G,1.000"
X-1948,TSPY1,7258.0,Del0.8,0.19
X-1948,TSPY2,64591.0,Del0.8,0.28
X-1948,TSPY3,728137.0,Del0.8,0.19
X-1948,TSPY4,728395.0,Del0.8,0.19
X-1948,TSPY8,728403.0,Del0.8,0.19
X-1948,TSPYL1,7259.0,MutNovel,"V176VW,0.835"
X-1948,TTC3,7267.0,MutNovel,"VA11V,0.929"
X-1948,TTTY10,246119.0,Del0.8,0.19
X-1948,TTTY11,83866.0,Del0.8,0.19
X-1948,TTTY12,83867.0,Del0.8,0.19
X-1948,TTTY13,83868.0,Del0.8,0.19
X-1948,TTTY14,83869.0,Del0.8,0.19
X-1948,TTTY15,64595.0,Del0.8,0.19
X-1948,TTTY16,252948.0,Del0.8,0.19
X-1948,TTTY17A,252949.0,Del0.8,0.19
X-1948,TTTY17A,252949.0,Del0.8,0.19
X-1948,TTTY18,252950.0,Del0.8,0.19
X-1948,TTTY19,252952.0,Del0.8,0.19
X-1948,TTTY1B,100101116.0,Del0.8,0.28
X-1948,TTTY1B,100101116.0,Del0.8,0.19
X-1948,TTTY2,60439.0,Del0.8,0.28
X-1948,TTTY2,60439.0,Del0.8,0.19
X-1948,TTTY20,252951.0,Del0.8,0.19
X-1948,TTTY21,252953.0,Del0.8,0.19
X-1948,TTTY21,252953.0,Del0.8,0.28
X-1948,TTTY22,252954.0,Del0.8,0.19
X-1948,TTTY23,252955.0,Del0.8,0.28
X-1948,TTTY23,252955.0,Del0.8,0.19
X-1948,TTTY3,114760.0,Del0.8,0.19
X-1948,TTTY3,114760.0,Del0.8,0.19
X-1948,TTTY4,114761.0,Del0.8,0.19
X-1948,TTTY4,114761.0,Del0.8,0.19
X-1948,TTTY5,83863.0,Del0.8,0.19
X-1948,TTTY6,84672.0,Del0.8,0.19
X-1948,TTTY6,84672.0,Del0.8,0.19
X-1948,TTTY7,246122.0,Del0.8,0.19
X-1948,TTTY7,246122.0,Del0.8,0.28
X-1948,TTTY7B,100101120.0,Del0.8,0.19
X-1948,TTTY7B,100101120.0,Del0.8,0.28
X-1948,TTTY8,84673.0,Del0.8,0.19
X-1948,TTTY8,84673.0,Del0.8,0.28
X-1948,TTTY9A,83864.0,Del0.8,0.19
X-1948,TTTY9A,83864.0,Del0.8,0.19
X-1948,TXLNG2P,246126.0,Del0.8,0.19
X-1948,UBAP1,51271.0,Amp5,5.35
X-1948,UBAP2,55833.0,Amp5,5.35
X-1948,UBE2C,11065.0,MutNovel,"K157E,0.470"
X-1948,UBE2R2,54926.0,Amp5,5.35
X-1948,UNC13B,10497.0,Amp5,6.36
X-1948,USP25,29761.0,Del0.8,0.24
X-1948,USP32P2,220594.0,Del0.8,0.43
X-1948,USP36,57602.0,MutNovel,"KKK958K,0.427"
X-1948,USP9Y,8287.0,Del0.8,0.19
X-1948,UTY,7404.0,Del0.8,0.19
X-1948,VCP,7415.0,Amp8,12.91
X-1948,VCY,9084.0,Del0.8,0.19
X-1948,VCY,9084.0,Del0.8,0.19
X-1948,VWA2,340706.0,MutNovel,"G353V,0.277"
X-1948,XKRY2,353515.0,Del0.8,0.19
X-1948,XKRY2,353515.0,Del0.8,0.19
X-1948,ZBTB4,57659.0,MutNovel,"R352C,1.000"
X-1948,ZDHHC11,79844.0,MutNovel,"A303D,0.229"
X-1948,ZFHX3,463.0,MutNovel,"G3517D,0.750"
X-1948,ZFY,7544.0,Del0.8,0.28
X-1948,ZNF384,171017.0,MutNovel,"QQ514Q,0.207"
X-1948,ZNF498,221785.0,MutNovel,"A250V,0.519"
X-1948,ZNF593,51042.0,Del0.8,0.75
X-1948,ZNF668,79759.0,MutNovel,"E90Q,0.429"
X-1959,ADCY7,113.0,MutNovel,"T618M,0.625"
X-1959,ADORA2B,136.0,Amp5,5.66
X-1959,ADSSL1,122622.0,MutNovel,"G259S,0.615"
X-1959,AGAP5,729092.0,MutNovel,"V556I,0.231"
X-1959,AHNAK2,113146.0,MutNovel,"E4619K,0.602"
X-1959,AKR1B15,441282.0,MutNovel,"G164A,1.000"
X-1959,AKR1B15,441282.0,MutNovel,"N191S,1.000"
X-1959,AKR1C4,1109.0,MutNovel,"V150A,0.250"
X-1959,AMELY,266.0,Del0.8,0.54
X-1959,APOC1,341.0,Amp5,5.43
X-1959,APOC1P1,342.0,Amp5,5.43
X-1959,APOC2,344.0,Amp5,5.43
X-1959,APOC4-APOC2,100533990.0,Amp5,5.43
X-1959,APOE,348.0,Amp5,5.43
X-1959,APOL2,23780.0,MutNovel,"T189A,0.542"
X-1959,ARHGEF1,9138.0,MutKnownFunctional,"-917?,0.326"
X-1959,ARHGEF11,9826.0,MutNovel,"K997E,0.518"
X-1959,ARID3B,10620.0,MutNovel,"R198Q,0.500"
X-1959,ASAP2,8853.0,MutNovel,"I660T,0.491"
X-1959,ATAD2B,54454.0,MutNovel,"D1200Y,1.000"
X-1959,ATG4D,84971.0,MutNovel,"SS417S,0.248"
X-1959,ATP7A,538.0,MutNovel,"D1496N,0.219"
X-1959,BCAM,4059.0,Amp5,5.43
X-1959,BCAS2,10286.0,MutNovel,"M111V,0.473"
X-1959,BCL3,602.0,Amp5,5.43
X-1959,BCORP1,286554.0,Del0.8,0.54
X-1959,BIRC8,112401.0,Amp5,5.24
X-1959,BLOC1S3,388552.0,Amp5,5.43
X-1959,BPY2B,442867.0,Del0.8,0.54
X-1959,BPY2B,442867.0,Del0.8,0.54
X-1959,BTBD7,55727.0,MutNovel,"D191E,0.567"
X-1959,BTNL3,10917.0,MutNovel,"H311G,0.774"
X-1959,BTNL3,10917.0,MutNovel,"T326K,0.667"
X-1959,C14orf80,283643.0,MutNovel,"H359R,0.500"
X-1959,C17orf67,339210.0,MutNovel,"F69V,0.667"
X-1959,C17orf76-AS1,125144.0,Amp5,5.66
X-1959,C21orf58,54058.0,MutNovel,"H299PN,0.462"
X-1959,C2orf68,388969.0,MutNovel,"R154H,0.513"
X-1959,C5orf65,389333.0,MutNovel,"P839S,0.455"
X-1959,C9orf53,51198.0,Del0.8,0.57
X-1959,CADM4,199731.0,Amp5,5.43
X-1959,CBLC,23624.0,Amp5,5.43
X-1959,CBWD6,644019.0,MutKnownFunctional,"-259?,0.372"
X-1959,CCDC144A,9720.0,Amp5,5.1
X-1959,CCDC148,130940.0,MutNovel,"Q299H,1.000"
X-1959,CCDC61,729440.0,Amp5,5.43
X-1959,CCDC66,285331.0,MutNovel,"S606SP,1.000"
X-1959,CD177,57126.0,Amp5,5.43
X-1959,CD3EAP,10849.0,Amp5,5.43
X-1959,CDKL5,6792.0,MutNovel,"P689L,0.400"
X-1959,CDKN2A,1029.0,Del0.8,0.57
X-1959,CDRT1,374286.0,Amp5,5.66
X-1959,CDRT15P2,644694.0,Amp5,5.66
X-1959,CDRT4,284040.0,Amp5,5.66
X-1959,CDRT7,94150.0,Amp5,5.66
X-1959,CDY1B,253175.0,Del0.8,0.54
X-1959,CDY1B,253175.0,Del0.8,0.54
X-1959,CDY2A,9426.0,Del0.8,0.54
X-1959,CDY2A,9426.0,Del0.8,0.54
X-1959,CDY2B,203611.0,Del0.8,0.54
X-1959,CDY2B,203611.0,Del0.8,0.54
X-1959,CEACAM1,634.0,MutNovel,"S346G,0.500"
X-1959,CEACAM16,388551.0,Amp5,5.43
X-1959,CEACAM19,56971.0,Amp5,5.43
X-1959,CEACAM20,125931.0,Amp5,5.43
X-1959,CEACAM22P,388550.0,Amp5,5.43
X-1959,CENPB,1059.0,MutNovel,"E431K,0.667"
X-1959,CENPV,201161.0,Amp5,5.66
X-1959,CFHR3,10878.0,Amp5,5.43
X-1959,CHAMP1,283489.0,MutNovel,"S161A,0.667"
X-1959,CHRNA5,1138.0,MutNovel,"M321V,0.646"
X-1959,CKM,1158.0,Amp5,5.43
X-1959,CLASRP,11129.0,Amp5,5.43
X-1959,CLPTM1,1209.0,Amp5,5.43
X-1959,CSPG4P1Y,114758.0,Del0.8,0.54
X-1959,CSPG4P1Y,114758.0,Del0.8,0.54
X-1959,CTAGE4,100128553.0,MutNovel,"L765S,0.444"
X-1959,CTSA,5476.0,MutNovel,"L29-,0.405"
X-1959,CYB561D1,284613.0,MutKnownFunctional,"-57?,0.345"
X-1959,DAZ1,1617.0,Del0.8,0.54
X-1959,DAZ2,57055.0,Del0.8,0.54
X-1959,DAZ3,57054.0,Del0.8,0.54
X-1959,DAZ3,57054.0,Del0.8,0.54
X-1959,DAZ4,57135.0,Del0.8,0.54
X-1959,DAZ4,57135.0,Del0.8,0.54
X-1959,DDX3Y,8653.0,Del0.8,0.54
X-1959,DEF6,50619.0,MutNovel,"P261L,0.641"
X-1959,DKFZp434J0226,93429.0,Amp5,5.43
X-1959,DMPK,1760.0,Amp5,5.43
X-1959,DMRTA1,63951.0,Del0.8,0.56
X-1959,DMWD,1762.0,Amp5,5.43
X-1959,DPRX,503834.0,Amp5,5.24
X-1959,DYNC2H1,79659.0,MutNovel,"S2050L,0.889"
X-1959,DZANK1,55184.0,MutNovel,"G94R,0.667"
X-1959,EIF1AY,9086.0,Del0.8,0.54
X-1959,EIF2C1,26523.0,MutNovel,"Q417K,0.364"
X-1959,EIF4G3,8672.0,MutKnownFunctional,"-83?,0.265"
X-1959,ELAC1,55520.0,Del0.8,0.53
X-1959,EML2,24139.0,Amp5,5.43
X-1959,ERCC1,2067.0,Amp5,5.43
X-1959,ERCC2,2068.0,Amp5,5.43
X-1959,ERVV-1,147664.0,Amp8,10.13
X-1959,ERVV-2,100271846.0,Amp5,7.26
X-1959,ETHE1,23474.0,Amp5,5.43
X-1959,EVX1,2128.0,MutNovel,"H276HLP,0.450"
X-1959,EXOC3L2,90332.0,Amp5,5.43
X-1959,EXTL3,2137.0,MutNovel,"M890L,0.674"
X-1959,EYA3,2140.0,MutNovel,"P158S,0.333"
X-1959,FAM115A,9747.0,MutNovel,"V635L,0.551"
X-1959,FAM18B2,201158.0,Amp5,5.66
X-1959,FAM18B2-CDRT4,100533496.0,Amp5,5.66
X-1959,FAM197Y2P,252946.0,Del0.8,0.54
X-1959,FAM20C,56975.0,MutNovel,"L102I,0.463"
X-1959,FAM211A,388341.0,Amp5,5.66
X-1959,FAM213B,127281.0,MutKnownFunctional,"-175,0.317"
X-1959,FAM41AY1,340618.0,Del0.8,0.54
X-1959,FAM41AY1,340618.0,Del0.8,0.54
X-1959,FAM90A27P,646508.0,Amp5,5.24
X-1959,FANCG,2189.0,MutNovel,"C544Y,1.000"
X-1959,FAT1,2195.0,MutNovel,"V488I,0.700"
X-1959,FBXO22,26263.0,MutNovel,"P3A,0.684"
X-1959,FBXO46,23403.0,Amp5,5.43
X-1959,FBXW10,10517.0,MutNovel,"G245A,0.667"
X-1959,FCGBP,8857.0,MutNovel,"A2715V,1.000"
X-1959,FOSB,2354.0,Amp5,5.43
X-1959,FOXA3,3171.0,Amp5,5.43
X-1959,FPR1,2357.0,Amp5,5.86
X-1959,FPR2,2358.0,Amp5,5.86
X-1959,FPR3,2359.0,Amp5,5.86
X-1959,FXYD1,5348.0,Amp5,6.19
X-1959,FXYD3,5349.0,Amp5,6.19
X-1959,GEMIN7,79760.0,Amp5,5.43
X-1959,GIGYF2,26058.0,MutNovel,"PQ1231P,0.600"
X-1959,GIPR,2696.0,Amp5,5.43
X-1959,GLCE,26035.0,MutNovel,"T453I,0.800"
X-1959,GOLGA2P2Y,84559.0,Del0.8,0.54
X-1959,GOLGA2P2Y,84559.0,Del0.8,0.54
X-1959,GPATCH1,55094.0,Amp5,5.13
X-1959,GPC2,221914.0,MutNovel,"R79K,0.400"
X-1959,GPR4,2828.0,Amp5,5.43
X-1959,GPRIN2,9721.0,MutNovel,"-238MRE,0.236"
X-1959,GYG2P1,352887.0,Del0.8,0.54
X-1959,HAS1,3036.0,Amp5,5.86
X-1959,HEATR7A,727957.0,MutNovel,"C804R,0.727"
X-1959,HLA-G,3135.0,MutNovel,"A182T,0.941"
X-1959,HSFY2,159119.0,Del0.8,0.54
X-1959,HSFY2,159119.0,Del0.8,0.54
X-1959,IGFL2,147920.0,Amp5,5.43
X-1959,IGFL3,388555.0,Amp5,5.43
X-1959,IGFL4,444882.0,Amp5,5.43
X-1959,IGSF23,147710.0,Amp5,5.43
X-1959,IGSF9,57549.0,MutNovel,"C440Y,0.550"
X-1959,IRF2BP1,26145.0,Amp5,5.43
X-1959,IRGC,56269.0,Amp5,5.43
X-1959,IRGQ,126298.0,Amp5,5.43
X-1959,IRX5,10265.0,MutNovel,"R260S,0.850"
X-1959,ITGAV,3685.0,MutNovel,"N1045K,0.536"
X-1959,KCNN4,3783.0,Amp5,5.43
X-1959,KDM5D,8284.0,Del0.8,0.54
X-1959,KLC3,147700.0,Amp5,5.43
X-1959,KRAS,3845.0,MutKnownFunctional,"G12D,0.600"
X-1959,LGI4,163175.0,Amp5,6.19
X-1959,LINC00085,147650.0,Amp5,5.86
X-1959,LMNA,4000.0,MutNovel,"R571S,0.594"
X-1959,LMNB2,84823.0,MutNovel,"A94V,0.446"
X-1959,LOC100287177,100287177.0,Amp5,5.43
X-1959,LOC100287225,100287225.0,Del0.8,0.65
X-1959,LOC100379224,100379224.0,Amp5,5.43
X-1959,LOC100505715,100505715.0,Amp5,5.43
X-1959,LOC284379,284379.0,Amp5,5.24
X-1959,LOC388553,388553.0,Amp5,5.43
X-1959,LOC390940,390940.0,Amp5,5.43
X-1959,LOC728047,,MutNovel,"P78L,1.000"
X-1959,LONP1,9361.0,MutNovel,"A25V,0.652"
X-1959,LRP11,84918.0,MutNovel,"L186F,0.444"
X-1959,LRRC37A,9884.0,MutNovel,"L1378P,1.000"
X-1959,LRRC42,115353.0,MutNovel,"M26I,0.471"
X-1959,LYPD3,27076.0,Amp5,5.43
X-1959,LYPD5,284348.0,Amp5,5.43
X-1959,MAGI1,9223.0,MutNovel,"Q421HR,0.385"
X-1959,MAPK8IP2,23542.0,MutNovel,"A378G,0.389"
X-1959,MARK4,57787.0,Amp5,5.43
X-1959,MCM2,4171.0,MutNovel,"S296L,0.845"
X-1959,MEIS3P1,4213.0,Amp5,5.66
X-1959,MEX3C,51320.0,Del0.8,0.65
X-1959,MIR125A,406910.0,Amp5,5.86
X-1959,MIR1288,100302124.0,Amp5,5.66
X-1959,MIR1323,100302255.0,Amp5,5.24
X-1959,MIR31,407035.0,Del0.8,0.63
X-1959,MIR330,442902.0,Amp5,5.43
X-1959,MIR4531,100616355.0,Amp5,5.43
X-1959,MIR4731,100616125.0,Amp5,5.66
X-1959,MIR498,574460.0,Amp5,5.24
X-1959,MIR512-2,574459.0,Amp5,5.24
X-1959,MIR515-1,574462.0,Amp5,5.24
X-1959,MIR519E,574463.0,Amp5,5.24
X-1959,MIR520E,574461.0,Amp5,5.24
X-1959,MIR520F,574464.0,Amp5,5.24
X-1959,MIR642A,693227.0,Amp5,5.43
X-1959,MIR642B,100500845.0,Amp5,5.43
X-1959,MIR643,693228.0,Amp5,5.86
X-1959,MIR769,768217.0,Amp5,5.43
X-1959,MIR99B,407056.0,Amp5,5.86
X-1959,MIRLET7E,406887.0,Amp5,5.86
X-1959,MLL,4297.0,MutNovel,"K400T,0.400"
X-1959,MLYCD,23417.0,MutNovel,"R11G,0.833"
X-1959,MPRIP,23164.0,MutNovel,"M146V,0.498"
X-1959,MPRIP,23164.0,MutNovel,"TS178T,0.253"
X-1959,MSX1,4487.0,MutNovel,"T303I,0.364"
X-1959,MTAP,4507.0,Del0.8,0.63
X-1959,MUC5AC,,MutNovel,"L701V,0.816"
X-1959,MX2,4600.0,MutNovel,"Q529H,0.356"
X-1959,MYOM1,8736.0,MutNovel,"Y1483F,0.500"
X-1959,MYPOP,339344.0,Amp5,5.43
X-1959,MZB1,51237.0,MutNovel,"A46T,0.375"
X-1959,NANOS2,339345.0,Amp5,5.43
X-1959,NARFL,64428.0,MutNovel,"D70G,0.673"
X-1959,NCF2,4688.0,MutNovel,"R246H,0.250"
X-1959,NCOR1,9611.0,Amp5,5.66
X-1959,NCOR2,9612.0,MutNovel,"G1839GAAA,0.591"
X-1959,NCRNA00185,55410.0,Del0.8,0.54
X-1959,NEB,4703.0,MutNovel,"R5546H,0.889"
X-1959,NKPD1,284353.0,Amp5,5.43
X-1959,NLGN4Y,22829.0,Del0.8,0.54
X-1959,NOVA2,4858.0,Amp5,5.43
X-1959,NOXO1,124056.0,MutKnownFunctional,"-198,0.550"
X-1959,NPHP3,27031.0,MutNovel,"A1238T,0.421"
X-1959,NPIPL3,23117.0,MutNovel,"R780L,1.000"
X-1959,NUAK1,9891.0,Del0.8,0.52
X-1959,OPA3,80207.0,Amp5,5.43
X-1959,OR4C6,219432.0,Del0.8,0.78
X-1959,OR4F5,79501.0,Del0.8,0.75
X-1959,OR4P4,81300.0,Del0.8,0.78
X-1959,OR4S2,219431.0,Del0.8,0.78
X-1959,ORAI1,84876.0,MutNovel,"PP43-,0.692"
X-1959,PARG,8505.0,MutNovel,"R800C,1.000"
X-1959,PCDH11Y,83259.0,Del0.8,0.54
X-1959,PCSK9,255738.0,MutKnownFunctional,"Q531*,0.280"
X-1959,PDLIM5,10611.0,MutNovel,"R513W,0.315"
X-1959,PGLYRP1,8993.0,Amp5,5.43
X-1959,PHLDA1,22822.0,MutNovel,"QQ194Q,0.692"
X-1959,PHLDB3,653583.0,Amp5,5.43
X-1959,PHRF1,57661.0,MutNovel,"G766R,0.714"
X-1959,PIF1,80119.0,MutKnownFunctional,"E49*,0.333"
X-1959,PIGL,9487.0,Amp5,5.66
X-1959,PLAUR,5329.0,Amp5,5.43
X-1959,PMP22,5376.0,Amp5,5.66
X-1959,PPFIBP1,8496.0,MutNovel,"M173V,0.393"
X-1959,PPM1N,147699.0,Amp5,5.43
X-1959,PPP1R13L,10848.0,Amp5,5.43
X-1959,PPP1R37,284352.0,Amp5,5.43
X-1959,PPP2R1A,5518.0,Amp5,5.86
X-1959,PRB2,653247.0,MutNovel,"R109Q,0.385"
X-1959,PRCC,5546.0,MutNovel,"P92Q,0.473"
X-1959,PRG1,23574.0,Amp5,5.43
X-1959,PRKY,5616.0,Del0.8,0.54
X-1959,PRY,9081.0,Del0.8,0.54
X-1959,PRY,9081.0,Del0.8,0.54
X-1959,PRY2,442862.0,Del0.8,0.54
X-1959,PRY2,442862.0,Del0.8,0.54
X-1959,PVR,5817.0,Amp5,5.43
X-1959,PVRL2,5819.0,Amp5,5.43
X-1959,QPCTL,54814.0,Amp5,5.43
X-1959,R3HCC1L,,MutKnownFunctional,"-485?,0.263"
X-1959,RAB26,25837.0,MutNovel,"R30P,1.000"
X-1959,RAB8B,51762.0,MutNovel,"T74M,0.333"
X-1959,RBMY1A3P,286557.0,Del0.8,0.54
X-1959,RBMY1B,378948.0,Del0.8,0.54
X-1959,RBMY1B,378948.0,Del0.8,0.54
X-1959,RBMY1E,378950.0,Del0.8,0.54
X-1959,RBMY1E,378950.0,Del0.8,0.54
X-1959,RBMY1F,159163.0,Del0.8,0.54
X-1959,RBMY1F,159163.0,Del0.8,0.54
X-1959,RBMY1J,378951.0,Del0.8,0.54
X-1959,RBMY1J,378951.0,Del0.8,0.54
X-1959,RBMY2EP,159125.0,Del0.8,0.54
X-1959,RBMY2FP,159162.0,Del0.8,0.54
X-1959,RBMY3AP,64593.0,Del0.8,0.54
X-1959,RCE1,9986.0,MutNovel,"S221I,0.692"
X-1959,REC8,9985.0,MutNovel,"P175L,0.517"
X-1959,RELB,5971.0,Amp5,5.43
X-1959,RIN3,79890.0,MutNovel,"G967-,0.636"
X-1959,RPL26L1,51121.0,MutNovel,"R126Q,0.563"
X-1959,RPS4Y1,6192.0,Del0.8,0.54
X-1959,RPS4Y2,140032.0,Del0.8,0.54
X-1959,RSPH6A,81492.0,Amp5,5.43
X-1959,RTN2,6253.0,Amp5,5.43
X-1959,SAP25,100316904.0,MutNovel,"S161C,0.444"
X-1959,SCARB1,949.0,MutNovel,"E82K,0.980"
X-1959,SEMA7A,8482.0,MutNovel,"R517C,0.476"
X-1959,SERINC2,347735.0,MutNovel,"-373Q,0.816"
X-1959,SHANK3,85358.0,MutNovel,"P1637L,0.500"
X-1959,SIX5,147912.0,Amp5,5.43
X-1959,SLC12A2,6558.0,MutNovel,"AA96-,0.350"
X-1959,SLC26A6,65010.0,MutNovel,"E43-,0.946"
X-1959,SLC37A3,84255.0,MutNovel,"I472N,0.523"
X-1959,SMG9,56006.0,Amp5,5.43
X-1959,SNORD49A,26800.0,Amp5,5.66
X-1959,SNORD49B,692087.0,Amp5,5.66
X-1959,SNORD65,692106.0,Amp5,5.66
X-1959,SNRPD2,6633.0,Amp5,5.43
X-1959,SNUPN,10073.0,MutNovel,"S241N,0.637"
X-1959,SRRM5,100170229.0,Amp5,5.43
X-1959,SRY,6736.0,Del0.8,0.54
X-1959,SYMPK,8189.0,Amp5,5.43
X-1959,SYNPO,11346.0,MutNovel,"P581S,0.345"
X-1959,TBC1D26,353149.0,Amp5,5.66
X-1959,TBC1D30,23329.0,MutNovel,"P583L,0.494"
X-1959,TBL1Y,90665.0,Del0.8,0.54
X-1959,TCF3,6929.0,MutNovel,"S156R,0.516"
X-1959,TECPR1,25851.0,MutKnownFunctional,"-822,0.273"
X-1959,TECPR2,9895.0,MutNovel,"E1168K,0.571"
X-1959,TEKT3,64518.0,Amp5,5.66
X-1959,TEX101,83639.0,Amp5,5.43
X-1959,TGIF2LY,90655.0,Del0.8,0.54
X-1959,TJP2,9414.0,MutNovel,"R713W,0.992"
X-1959,TLK1,9874.0,MutNovel,"P189S,0.521"
X-1959,TMEM184A,202915.0,MutNovel,"G392GA,0.844"
X-1959,TMSB4Y,9087.0,Del0.8,0.54
X-1959,TOMM40,10452.0,Amp5,5.43
X-1959,TP53,7157.0,MutNovel,"S215R,0.977"
X-1959,TRAPPC6A,79090.0,Amp5,5.43
X-1959,TRIM16,10626.0,Amp5,5.66
X-1959,TRPV2,51393.0,Amp5,5.66
X-1959,TSPY1,7258.0,Del0.8,0.54
X-1959,TSPY2,64591.0,Del0.8,0.54
X-1959,TSPY3,728137.0,Del0.8,0.54
X-1959,TSPY4,728395.0,Del0.8,0.54
X-1959,TSPY8,728403.0,Del0.8,0.54
X-1959,TSPYL1,7259.0,MutNovel,"V176VW,0.849"
X-1959,TTC19,54902.0,Amp5,5.66
X-1959,TTTY10,246119.0,Del0.8,0.54
X-1959,TTTY11,83866.0,Del0.8,0.54
X-1959,TTTY12,83867.0,Del0.8,0.54
X-1959,TTTY13,83868.0,Del0.8,0.54
X-1959,TTTY14,83869.0,Del0.8,0.54
X-1959,TTTY15,64595.0,Del0.8,0.54
X-1959,TTTY16,252948.0,Del0.8,0.54
X-1959,TTTY17A,252949.0,Del0.8,0.54
X-1959,TTTY17A,252949.0,Del0.8,0.54
X-1959,TTTY18,252950.0,Del0.8,0.54
X-1959,TTTY19,252952.0,Del0.8,0.54
X-1959,TTTY1B,100101116.0,Del0.8,0.54
X-1959,TTTY1B,100101116.0,Del0.8,0.54
X-1959,TTTY2,60439.0,Del0.8,0.54
X-1959,TTTY2,60439.0,Del0.8,0.54
X-1959,TTTY20,252951.0,Del0.8,0.54
X-1959,TTTY21,252953.0,Del0.8,0.54
X-1959,TTTY21,252953.0,Del0.8,0.54
X-1959,TTTY22,252954.0,Del0.8,0.54
X-1959,TTTY23,252955.0,Del0.8,0.54
X-1959,TTTY23,252955.0,Del0.8,0.54
X-1959,TTTY3,114760.0,Del0.8,0.54
X-1959,TTTY3,114760.0,Del0.8,0.54
X-1959,TTTY4,114761.0,Del0.8,0.54
X-1959,TTTY4,114761.0,Del0.8,0.54
X-1959,TTTY5,83863.0,Del0.8,0.54
X-1959,TTTY6,84672.0,Del0.8,0.54
X-1959,TTTY6,84672.0,Del0.8,0.54
X-1959,TTTY7,246122.0,Del0.8,0.54
X-1959,TTTY7,246122.0,Del0.8,0.54
X-1959,TTTY7B,100101120.0,Del0.8,0.54
X-1959,TTTY7B,100101120.0,Del0.8,0.54
X-1959,TTTY8,84673.0,Del0.8,0.54
X-1959,TTTY8,84673.0,Del0.8,0.54
X-1959,TTTY9A,83864.0,Del0.8,0.54
X-1959,TTTY9A,83864.0,Del0.8,0.54
X-1959,TXLNG2P,246126.0,Del0.8,0.54
X-1959,UBB,7314.0,Amp5,5.66
X-1959,UBN1,29855.0,MutNovel,"S215L,0.674"
X-1959,USP36,57602.0,MutNovel,"KKK958K,0.765"
X-1959,USP9Y,8287.0,Del0.8,0.54
X-1959,UTRN,7402.0,MutNovel,"E1355Q,0.643"
X-1959,UTY,7404.0,Del0.8,0.54
X-1959,VASP,7408.0,Amp5,5.43
X-1959,VCY,9084.0,Del0.8,0.54
X-1959,VCY,9084.0,Del0.8,0.54
X-1959,VDR,7421.0,MutNovel,"V150L,0.438"
X-1959,VN1R2,317701.0,Amp5,5.24
X-1959,VN1R4,317703.0,Amp5,5.24
X-1959,WASH1,100287171.0,MutNovel,"A344T,0.750"
X-1959,WDR19,57728.0,MutNovel,"D67G,0.444"
X-1959,WDR92,116143.0,MutNovel,"E127K,0.526"
X-1959,XKRY2,353515.0,Del0.8,0.54
X-1959,XKRY2,353515.0,Del0.8,0.54
X-1959,XRCC1,7515.0,Amp5,5.43
X-1959,ZC3HAV1L,92092.0,MutNovel,"R96C,0.462"
X-1959,ZDHHC11,79844.0,MutNovel,"A303D,0.350"
X-1959,ZFP112,7771.0,Amp5,5.43
X-1959,ZFP36L2,678.0,MutKnownFunctional,"-144?,0.898"
X-1959,ZFR,51663.0,MutNovel,"QQQ284Q,0.348"
X-1959,ZFY,7544.0,Del0.8,0.54
X-1959,ZNF137P,7696.0,Amp5,5.86
X-1959,ZNF155,7711.0,Amp5,5.43
X-1959,ZNF160,90338.0,Amp5,5.24
X-1959,ZNF180,7733.0,Amp5,5.43
X-1959,ZNF189,7743.0,MutNovel,"R504I,1.000"
X-1959,ZNF221,7638.0,Amp5,5.43
X-1959,ZNF222,7673.0,Amp5,5.43
X-1959,ZNF223,7766.0,Amp5,5.43
X-1959,ZNF224,7767.0,Amp5,5.43
X-1959,ZNF225,7768.0,Amp5,5.43
X-1959,ZNF226,7769.0,Amp5,5.43
X-1959,ZNF227,7770.0,Amp5,5.43
X-1959,ZNF229,7772.0,Amp5,5.43
X-1959,ZNF230,7773.0,Amp5,5.43
X-1959,ZNF233,353355.0,Amp5,5.43
X-1959,ZNF234,10780.0,Amp5,5.43
X-1959,ZNF235,9310.0,MutNovel,"I186M,0.211"
X-1959,ZNF235,9310.0,Amp5,5.43
X-1959,ZNF28,7576.0,MutNovel,"R589Q,0.250"
X-1959,ZNF28,7576.0,Amp5,5.86
X-1959,ZNF283,284349.0,Amp5,5.43
X-1959,ZNF284,342909.0,Amp5,5.43
X-1959,ZNF285,26974.0,Amp5,5.43
X-1959,ZNF286A,57335.0,Amp5,5.66
X-1959,ZNF287,57336.0,Amp5,5.66
X-1959,ZNF296,162979.0,Amp5,5.43
X-1959,ZNF320,162967.0,Amp5,5.86
X-1959,ZNF321P,399669.0,Amp5,5.86
X-1959,ZNF331,55422.0,Amp5,5.24
X-1959,ZNF334,55713.0,MutNovel,"H455Y,0.385"
X-1959,ZNF347,84671.0,Amp5,5.24
X-1959,ZNF350,59348.0,Amp5,5.86
X-1959,ZNF384,171017.0,MutNovel,"QQ514Q,0.384"
X-1959,ZNF404,342908.0,Amp5,5.43
X-1959,ZNF415,55786.0,Amp5,5.24
X-1959,ZNF428,126299.0,Amp5,5.43
X-1959,ZNF432,9668.0,Amp5,5.86
X-1959,ZNF45,7596.0,Amp5,5.43
X-1959,ZNF468,90333.0,Amp5,5.86
X-1959,ZNF480,147657.0,Amp5,5.86
X-1959,ZNF524,147807.0,MutNovel,"R52C,0.468"
X-1959,ZNF525,170958.0,Amp5,5.24
X-1959,ZNF528,84436.0,Amp5,5.86
X-1959,ZNF534,147658.0,Amp5,5.86
X-1959,ZNF546,339327.0,MutNovel,"F226S,0.429"
X-1959,ZNF575,284346.0,Amp5,5.43
X-1959,ZNF576,79177.0,Amp5,5.43
X-1959,ZNF577,84765.0,Amp5,5.86
X-1959,ZNF578,147660.0,Amp5,5.86
X-1959,ZNF600,162966.0,Amp5,5.86
X-1959,ZNF610,162963.0,Amp5,5.86
X-1959,ZNF611,81856.0,Amp5,5.86
X-1959,ZNF613,79898.0,Amp5,5.86
X-1959,ZNF614,80110.0,Amp5,5.86
X-1959,ZNF615,284370.0,Amp5,5.86
X-1959,ZNF616,90317.0,Amp5,5.86
X-1959,ZNF624,57547.0,Amp5,5.66
X-1959,ZNF649,65251.0,Amp5,5.86
X-1959,ZNF665,79788.0,Amp5,5.24
X-1959,ZNF677,342926.0,Amp5,5.24
X-1959,ZNF701,55762.0,Amp5,5.86
X-1959,ZNF702P,79986.0,Amp5,5.86
X-1959,ZNF761,388561.0,Amp5,5.24
X-1959,ZNF765,91661.0,Amp5,5.24
X-1959,ZNF766,90321.0,Amp5,5.86
X-1959,ZNF808,388558.0,Amp5,5.86
X-1959,ZNF81,347344.0,MutKnownFunctional,"Q649*,1.000"
X-1959,ZNF813,126017.0,Amp5,5.24
X-1959,ZNF816,125893.0,Amp5,5.86
X-1959,ZNF816-ZNF321P,100529240.0,Amp5,5.86
X-1959,ZNF83,55769.0,Amp5,5.86
X-1959,ZNF836,162962.0,Amp5,5.86
X-1959,ZNF841,284371.0,Amp5,5.86
X-1959,ZNF845,91664.0,Amp5,5.24
X-1959,ZNF880,400713.0,Amp5,5.86
X-1959,ZSWIM7,125150.0,Amp5,5.66
X-1963,ACADVL,37.0,MutNovel,"R590Q,0.552"
X-1963,ACOT11,26027.0,MutNovel,"R524C,0.521"
X-1963,ACTR10,55860.0,MutNovel,"Y152H,0.277"
X-1963,AGAP9,642517.0,Amp5,5.78
X-1963,AIM1L,55057.0,MutNovel,"R790C,0.625"
X-1963,ALG8,79053.0,MutNovel,"T64M,0.526"
X-1963,ALPK1,80216.0,MutNovel,"K1067R,0.538"
X-1963,AMELY,266.0,Del0.8,0.2
X-1963,ANKRD36C,,MutNovel,"R786W,1.000"
X-1963,ANXA8,653145.0,Amp5,5.78
X-1963,ANXA8L1,728113.0,Amp5,5.78
X-1963,AP1G2,8906.0,MutNovel,"D557Y,0.426"
X-1963,APC,324.0,MutNovel,"L75F,1.000"
X-1963,APC,324.0,Del0.8,0.22
X-1963,ARAP2,116984.0,MutNovel,"F543L,0.556"
X-1963,ARID1A,8289.0,MutNovel,"P565S,0.485"
X-1963,ARMC9,80210.0,MutNovel,"R388Q,0.591"
X-1963,AVEN,57099.0,MutNovel,"GGGGG41G,0.469"
X-1963,AXIN2,8313.0,MutNovel,"M623T,0.671"
X-1963,B4GALT7,11285.0,MutKnownFunctional,"-264,0.448"
X-1963,BCORP1,286554.0,Del0.8,0.18
X-1963,BOP1,23246.0,MutNovel,"L470Q,0.571"
X-1963,BPY2B,442867.0,Del0.8,0.18
X-1963,BPY2B,442867.0,Del0.8,0.18
X-1963,C15orf39,56905.0,MutNovel,"I464V,0.844"
X-1963,C16orf95,100506581.0,MutNovel,"C131Y,0.313"
X-1963,C2CD4A,145741.0,MutNovel,"R225G,0.500"
X-1963,CCDC110,256309.0,MutKnownFunctional,"-592?,0.258"
X-1963,CDY1B,253175.0,Del0.8,0.18
X-1963,CDY1B,253175.0,Del0.8,0.18
X-1963,CDY2A,9426.0,Del0.8,0.2
X-1963,CDY2A,9426.0,Del0.8,0.2
X-1963,CDY2B,203611.0,Del0.8,0.2
X-1963,CDY2B,203611.0,Del0.8,0.2
X-1963,CENPF,1063.0,MutNovel,"T2562S,0.725"
X-1963,CHAMP1,283489.0,MutNovel,"P422L,0.353"
X-1963,CHD7,55636.0,MutNovel,"R459C,0.391"
X-1963,CHTF18,63922.0,MutNovel,"P266L,0.467"
X-1963,CNNM3,26505.0,MutNovel,"R254Q,0.577"
X-1963,COG8,84342.0,MutNovel,"M141V,0.531"
X-1963,COL9A3,1299.0,MutNovel,"P96L,0.594"
X-1963,COQ10A,93058.0,MutNovel,"A62T,0.551"
X-1963,CPEB2,132864.0,MutNovel,"R907Q,0.550"
X-1963,CRIPAK,285464.0,MutNovel,"V164A,0.833"
X-1963,CSPG4P1Y,114758.0,Del0.8,0.18
X-1963,CSPG4P1Y,114758.0,Del0.8,0.18
X-1963,CTSA,5476.0,MutNovel,"L29-,0.943"
X-1963,DARS,1615.0,MutNovel,"N107T,0.567"
X-1963,DAZ1,1617.0,Del0.8,0.18
X-1963,DAZ2,57055.0,Del0.8,0.18
X-1963,DAZ3,57054.0,Del0.8,0.18
X-1963,DAZ3,57054.0,Del0.8,0.18
X-1963,DAZ4,57135.0,Del0.8,0.18
X-1963,DAZ4,57135.0,Del0.8,0.18
X-1963,DDX3Y,8653.0,Del0.8,0.2
X-1963,DEFB103A,414325.0,Del0.8,0.51
X-1963,DEFB103A,414325.0,Del0.8,0.51
X-1963,DEFB104B,503618.0,Del0.8,0.51
X-1963,DEFB104B,503618.0,Del0.8,0.51
X-1963,DEFB105B,504180.0,Del0.8,0.51
X-1963,DEFB105B,504180.0,Del0.8,0.51
X-1963,DEFB106B,503841.0,Del0.8,0.51
X-1963,DEFB106B,503841.0,Del0.8,0.51
X-1963,DEFB107A,245910.0,Del0.8,0.51
X-1963,DEFB107A,245910.0,Del0.8,0.51
X-1963,DEFB4A,1673.0,Del0.8,0.51
X-1963,DEFB4B,100289462.0,Del0.8,0.51
X-1963,DIAPH2,1730.0,Del0.8,0.33
X-1963,DIP2A,23181.0,MutNovel,"R630S,0.379"
X-1963,DMXL1,1657.0,MutNovel,"E679K,1.000"
X-1963,EIF1AY,9086.0,Del0.8,0.18
X-1963,ENO4,387712.0,MutNovel,"L605P,1.000"
X-1963,ERMP1,79956.0,MutNovel,"G63D,1.000"
X-1963,EXOSC5,56915.0,MutNovel,"R178Q,0.286"
X-1963,FAM188B,84182.0,MutNovel,"Y228C,1.000"
X-1963,FAM197Y2P,252946.0,Del0.8,0.2
X-1963,FAM41AY1,340618.0,Del0.8,0.2
X-1963,FAM41AY1,340618.0,Del0.8,0.2
X-1963,FAM66D,100132923.0,Del0.8,0.54
X-1963,FAM75A6,389730.0,MutNovel,"R623G,1.000"
X-1963,FASTKD3,79072.0,MutNovel,"D86Y,0.400"
X-1963,FBRSL1,57666.0,MutNovel,"E255K,0.471"
X-1963,FBXL17,64839.0,Del0.8,0.28
X-1963,FH,2271.0,MutNovel,"D219N,0.525"
X-1963,FLG,2312.0,MutNovel,"R3699W,0.667"
X-1963,FLG,2312.0,MutNovel,"F793Y,0.500"
X-1963,FOXD1,2297.0,MutNovel,"A395ASP,0.857"
X-1963,FYB,2533.0,MutNovel,"K810E,0.412"
X-1963,G2E3,55632.0,MutNovel,"F185I,0.400"
X-1963,GAPT,202309.0,Amp5,6.02
X-1963,GAST,2520.0,MutNovel,"V69M,0.400"
X-1963,GEMIN5,25929.0,MutNovel,"N420T,0.400"
X-1963,GLTSCR2,29997.0,MutNovel,"D401A,0.339"
X-1963,GLUD2,2747.0,MutNovel,"G35R,1.000"
X-1963,GOLGA2P2Y,84559.0,Del0.8,0.18
X-1963,GOLGA2P2Y,84559.0,Del0.8,0.18
X-1963,GPT,2875.0,MutNovel,"C115R,0.333"
X-1963,GSK3A,2931.0,MutNovel,"E24G,0.589"
X-1963,GSTM1,2944.0,Del0.8,0.66
X-1963,GYG2P1,352887.0,Del0.8,0.2
X-1963,HIST1H1E,3008.0,MutNovel,"P196S,1.000"
X-1963,HIST2H2AA4,723790.0,MutNovel,"A71P,0.500"
X-1963,HNRNPM,4670.0,MutNovel,"G554S,0.994"
X-1963,HSFY2,159119.0,Del0.8,0.11
X-1963,HSFY2,159119.0,Del0.8,0.2
X-1963,HTRA1,5654.0,MutNovel,"P82R,0.656"
X-1963,IFT88,8100.0,MutNovel,"R374K,0.526"
X-1963,IGFBP2,3485.0,MutNovel,"L17LLPP,0.345"
X-1963,INPP5B,3633.0,MutNovel,"I874T,0.452"
X-1963,INPP5J,27124.0,MutNovel,"G31E,1.000"
X-1963,KAT6B,23522.0,MutNovel,"E1086Q,0.467"
X-1963,KDM3B,51780.0,MutNovel,"A5T,0.857"
X-1963,KDM5D,8284.0,Del0.8,0.18
X-1963,KIF26B,55083.0,MutNovel,"G1519S,0.304"
X-1963,KRAS,3845.0,MutKnownFunctional,"G12R,0.636"
X-1963,KRT10,3858.0,MutNovel,"G514A,0.370"
X-1963,KRT10,3858.0,MutNovel,"G510S,0.333"
X-1963,KRT14,3861.0,MutNovel,"T308S,0.625"
X-1963,KRT14,3861.0,MutNovel,"E304D,0.625"
X-1963,KRT2,3849.0,MutNovel,"L459Q,1.000"
X-1963,KRT5,3852.0,MutNovel,"N412D,0.556"
X-1963,KRT5,3852.0,MutNovel,"E348D,0.667"
X-1963,KRT5,3852.0,MutNovel,"G112A,0.714"
X-1963,KRT6C,286887.0,MutNovel,"Y497L,0.368"
X-1963,KRT6C,286887.0,MutNovel,"S404N,0.455"
X-1963,KRT6C,286887.0,MutNovel,"S404H,0.455"
X-1963,KRT6C,286887.0,MutNovel,"D153A,1.000"
X-1963,LAMA5,3911.0,MutNovel,"A2275G,0.571"
X-1963,LARP4B,23185.0,MutNovel,"R694W,0.641"
X-1963,LLPH,84298.0,MutNovel,"P94L,0.498"
X-1963,LMBR1,64327.0,MutNovel,"P125S,0.269"
X-1963,LOC100132396,100132396.0,Del0.8,0.71
X-1963,LOC391322,391322.0,MutNovel,"H7D,1.000"
X-1963,LOC392196,392196.0,Del0.8,0.54
X-1963,LOC642441,,MutNovel,"L209S,1.000"
X-1963,LOC729162,,MutNovel,"L4S,1.000"
X-1963,LRBA,987.0,MutNovel,"D1890V,0.708"
X-1963,LRRK2,120892.0,MutNovel,"S1228R,1.000"
X-1963,MAML1,9794.0,MutNovel,"P852T,0.500"
X-1963,MAMLD1,10046.0,MutNovel,"A829V,0.980"
X-1963,MAP4K4,9448.0,MutNovel,"R816H,0.308"
X-1963,MED13L,23389.0,MutNovel,"D1712N,0.500"
X-1963,MLH1,4292.0,MutLikelyFunctional,"K618T,1.000"
X-1963,MPRIP,23164.0,MutNovel,"TS178T,0.267"
X-1963,MTG1,92170.0,MutNovel,"G232R,0.547"
X-1963,MUC12,10071.0,MutNovel,"R855H,1.000"
X-1963,MUC12,10071.0,MutNovel,"R1165P,1.000"
X-1963,MUC12,10071.0,MutNovel,"D1348G,1.000"
X-1963,MUC12,10071.0,MutNovel,"L1735F,1.000"
X-1963,MUC12,10071.0,MutNovel,"S1741L,1.000"
X-1963,MUC12,10071.0,MutNovel,"H3228R,0.205"
X-1963,MUC12,10071.0,MutNovel,"T3327M,0.220"
X-1963,MUC12,10071.0,MutNovel,"T4071A,1.000"
X-1963,MUC12,10071.0,MutNovel,"T4363I,0.208"
X-1963,MUC12,10071.0,MutNovel,"L4568F,0.778"
X-1963,MYD88,4615.0,MutNovel,"P275A,1.000"
X-1963,MYO10,4651.0,MutNovel,"R1194H,0.280"
X-1963,N4BP3,23138.0,MutNovel,"QRRLRKEL330Q,0.205"
X-1963,NBPF10,100132406.0,MutNovel,"K3046R,1.000"
X-1963,NBPF12,,MutNovel,"L3013V,0.533"
X-1963,NCL,4691.0,MutNovel,"E269G,0.453"
X-1963,NCOR2,9612.0,MutNovel,"G1839GAAA,0.800"
X-1963,NCRNA00185,55410.0,Del0.8,0.18
X-1963,NDST2,8509.0,MutNovel,"L807F,0.364"
X-1963,NFKBIB,4793.0,MutNovel,"P149L,0.697"
X-1963,NLGN4Y,22829.0,Del0.8,0.2
X-1963,NMT1,4836.0,MutNovel,"T7P,0.547"
X-1963,NOP56,10528.0,MutNovel,"A103T,0.433"
X-1963,NPIPL3,23117.0,MutNovel,"G587R,0.571"
X-1963,NSD1,64324.0,MutNovel,"R1031Q,0.667"
X-1963,NUP205,23165.0,MutNovel,"N1001S,0.696"
X-1963,OPN1LW,5956.0,Del0.8,0.55
X-1963,OPN1MW,2652.0,Del0.8,0.55
X-1963,OR2T10,127069.0,Amp5,5.17
X-1963,ORAI1,84876.0,MutNovel,"PP43-,0.795"
X-1963,PCDH11Y,83259.0,Del0.8,0.2
X-1963,PCNXL3,399909.0,MutNovel,"P2024R,0.483"
X-1963,PDPR,55066.0,MutNovel,"V217G,0.333"
X-1963,PELI2,57161.0,MutKnownFunctional,"C351*,0.500"
X-1963,PHLDA1,22822.0,MutNovel,"QQ194Q,0.562"
X-1963,PIEZO1,9780.0,MutNovel,"R1677Q,0.350"
X-1963,PLK2,10769.0,Amp5,6.02
X-1963,PLOD2,5352.0,MutNovel,"I407V,1.000"
X-1963,PLS1,5357.0,MutNovel,"Q482R,0.966"
X-1963,POLL,27343.0,MutNovel,"E298K,0.719"
X-1963,PPDPF,79144.0,MutNovel,"F67L,0.453"
X-1963,PPFIBP1,8496.0,MutNovel,"S377C,0.649"
X-1963,PRB1,5542.0,MutNovel,"R149Q,0.212"
X-1963,PRB2,653247.0,MutNovel,"R109Q,0.253"
X-1963,PRB2,653247.0,MutNovel,"S52P,0.220"
X-1963,PRB4,5545.0,MutNovel,"R122G,0.667"
X-1963,PRB4,5545.0,MutNovel,"E79Q,0.375"
X-1963,PRB4,5545.0,MutNovel,"S68P,0.733"
X-1963,PRB4,5545.0,MutNovel,"R49G,1.000"
X-1963,PRH1,5554.0,MutNovel,"Q109P,0.600"
X-1963,PRKY,5616.0,Del0.8,0.2
X-1963,PRPF38A,84950.0,MutNovel,"P239L,0.589"
X-1963,PRY,9081.0,Del0.8,0.18
X-1963,PRY,9081.0,Del0.8,0.18
X-1963,PRY2,442862.0,Del0.8,0.18
X-1963,PRY2,442862.0,Del0.8,0.18
X-1963,PTPN20A,653129.0,MutNovel,"A101T,0.875"
X-1963,RAB19,401409.0,MutNovel,"R101Q,0.444"
X-1963,RAB3C,115827.0,Amp5,6.82
X-1963,RAD51AP1,10635.0,MutNovel,"E220K,0.238"
X-1963,RAET1G,353091.0,MutNovel,"I114T,0.750"
X-1963,RAI1,10743.0,MutNovel,"M564I,0.438"
X-1963,RAPGEF6,51735.0,MutNovel,"R403W,0.500"
X-1963,RB1CC1,9821.0,MutNovel,"I751V,0.438"
X-1963,RBM14,10432.0,MutNovel,"G481S,0.495"
X-1963,RBMY1A3P,286557.0,Del0.8,0.2
X-1963,RBMY1B,378948.0,Del0.8,0.18
X-1963,RBMY1B,378948.0,Del0.8,0.18
X-1963,RBMY1E,378950.0,Del0.8,0.18
X-1963,RBMY1E,378950.0,Del0.8,0.18
X-1963,RBMY1F,159163.0,Del0.8,0.18
X-1963,RBMY1F,159163.0,Del0.8,0.18
X-1963,RBMY1J,378951.0,Del0.8,0.18
X-1963,RBMY1J,378951.0,Del0.8,0.18
X-1963,RBMY2EP,159125.0,Del0.8,0.18
X-1963,RBMY2FP,159162.0,Del0.8,0.18
X-1963,RBMY3AP,64593.0,Del0.8,0.2
X-1963,RECQL4,9401.0,MutNovel,"A800T,0.622"
X-1963,REEP5,7905.0,Del0.8,0.57
X-1963,REG3A,5068.0,MutNovel,"V102I,1.000"
X-1963,REG3A,5068.0,MutNovel,"G96S,1.000"
X-1963,REG3A,5068.0,MutNovel,"K93R,1.000"
X-1963,RHBDF1,64285.0,MutNovel,"A221V,0.474"
X-1963,RNF19B,127544.0,MutNovel,"Q62P,1.000"
X-1963,RPA4,29935.0,Del0.8,0.19
X-1963,RPL4,6124.0,MutNovel,"TT419T,0.481"
X-1963,RPS17,6218.0,MutNovel,"V66G,0.250"
X-1963,RPS17,6218.0,MutNovel,"S43R,0.278"
X-1963,RPS24,6229.0,MutNovel,"G163V,0.706"
X-1963,RPS4Y1,6192.0,Del0.8,0.2
X-1963,RPS4Y2,140032.0,Del0.8,0.18
X-1963,RPS6KL1,83694.0,MutNovel,"C153S,0.364"
X-1963,RRAD,6236.0,MutNovel,"A55D,0.500"
X-1963,S100A7A,338324.0,MutNovel,"G25D,0.987"
X-1963,S100A7A,338324.0,MutNovel,"E28D,1.000"
X-1963,S100A7A,338324.0,MutNovel,"I52T,0.994"
X-1963,S100A7A,338324.0,MutNovel,"T57D,0.927"
X-1963,S100A7A,338324.0,MutNovel,"C96R,0.579"
X-1963,SCAPER,49855.0,Del0.8,0.7
X-1963,SDCBP2,27111.0,MutNovel,"R106Q,0.541"
X-1963,SERINC2,347735.0,MutNovel,"-373Q,0.695"
X-1963,SGOL1,151648.0,MutKnownFunctional,"-325?,0.400"
X-1963,SIPA1L1,26037.0,MutNovel,"W1303S,0.571"
X-1963,SLC25A37,51312.0,Del0.8,0.78
X-1963,SLC2A14,144195.0,MutNovel,"I296T,0.487"
X-1963,SLC2A3,6515.0,MutNovel,"E482G,1.000"
X-1963,SMG1,23049.0,MutNovel,"T2118A,0.571"
X-1963,SMNDC1,10285.0,MutKnownFunctional,"-125,0.212"
X-1963,SOCS4,122809.0,MutNovel,"M371I,0.571"
X-1963,SPAG11A,653423.0,Del0.8,0.51
X-1963,SPAG11B,10407.0,Del0.8,0.51
X-1963,SPAG11B,10407.0,Del0.8,0.51
X-1963,SRP19,6728.0,Del0.8,0.75
X-1963,SRY,6736.0,Del0.8,0.2
X-1963,SSB,6741.0,MutNovel,"K116T,0.474"
X-1963,STK11,6794.0,MutKnownFunctional,"K84K*,0.877"
X-1963,STK33,65975.0,MutNovel,"S504SGF,0.714"
X-1963,TAPT1,202018.0,MutNovel,"S55R,0.833"
X-1963,TBL1Y,90665.0,Del0.8,0.2
X-1963,TBP,6908.0,MutNovel,"-64Q,0.400"
X-1963,TCIRG1,10312.0,MutNovel,"R366H,0.489"
X-1963,TEX28,1527.0,Del0.8,0.55
X-1963,TGIF2LY,90655.0,Del0.8,0.2
X-1963,THOC6,79228.0,MutNovel,"T318I,0.506"
X-1963,TKTL1,8277.0,Del0.8,0.75
X-1963,TMEM234,56063.0,MutNovel,"T50I,0.603"
X-1963,TMEM63A,9725.0,MutNovel,"I637T,0.676"
X-1963,TMEM87B,84910.0,MutNovel,"V8L,0.714"
X-1963,TMSB4Y,9087.0,Del0.8,0.2
X-1963,TNFAIP8,25816.0,MutNovel,"D45Y,1.000"
X-1963,TNPO3,23534.0,MutNovel,"N455S,0.519"
X-1963,TRAF3IP3,80342.0,MutNovel,"S500P,0.500"
X-1963,TRAPPC8,22878.0,MutNovel,"R902C,0.600"
X-1963,TSPY1,7258.0,Del0.8,0.2
X-1963,TSPY2,64591.0,Del0.8,0.2
X-1963,TSPY3,728137.0,Del0.8,0.2
X-1963,TSPY4,728395.0,Del0.8,0.2
X-1963,TSPY8,728403.0,Del0.8,0.2
X-1963,TSPYL1,7259.0,MutNovel,"V176VW,0.461"
X-1963,TTC23,64927.0,MutKnownFunctional,"-429,0.455"
X-1963,TTC38,55020.0,Del0.8,0.79
X-1963,TTTY10,246119.0,Del0.8,0.18
X-1963,TTTY11,83866.0,Del0.8,0.2
X-1963,TTTY12,83867.0,Del0.8,0.2
X-1963,TTTY13,83868.0,Del0.8,0.18
X-1963,TTTY14,83869.0,Del0.8,0.18
X-1963,TTTY15,64595.0,Del0.8,0.2
X-1963,TTTY16,252948.0,Del0.8,0.2
X-1963,TTTY17A,252949.0,Del0.8,0.18
X-1963,TTTY17A,252949.0,Del0.8,0.18
X-1963,TTTY18,252950.0,Del0.8,0.2
X-1963,TTTY19,252952.0,Del0.8,0.2
X-1963,TTTY1B,100101116.0,Del0.8,0.2
X-1963,TTTY1B,100101116.0,Del0.8,0.2
X-1963,TTTY2,60439.0,Del0.8,0.2
X-1963,TTTY2,60439.0,Del0.8,0.2
X-1963,TTTY20,252951.0,Del0.8,0.2
X-1963,TTTY21,252953.0,Del0.8,0.2
X-1963,TTTY21,252953.0,Del0.8,0.2
X-1963,TTTY22,252954.0,Del0.8,0.2
X-1963,TTTY23,252955.0,Del0.8,0.2
X-1963,TTTY23,252955.0,Del0.8,0.2
X-1963,TTTY3,114760.0,Del0.8,0.18
X-1963,TTTY3,114760.0,Del0.8,0.18
X-1963,TTTY4,114761.0,Del0.8,0.18
X-1963,TTTY4,114761.0,Del0.8,0.18
X-1963,TTTY5,83863.0,Del0.8,0.18
X-1963,TTTY6,84672.0,Del0.8,0.18
X-1963,TTTY6,84672.0,Del0.8,0.18
X-1963,TTTY7,246122.0,Del0.8,0.2
X-1963,TTTY7,246122.0,Del0.8,0.2
X-1963,TTTY7B,100101120.0,Del0.8,0.2
X-1963,TTTY7B,100101120.0,Del0.8,0.2
X-1963,TTTY8,84673.0,Del0.8,0.2
X-1963,TTTY8,84673.0,Del0.8,0.2
X-1963,TTTY9A,83864.0,Del0.8,0.05
X-1963,TTTY9A,83864.0,Del0.8,0.2
X-1963,TXLNG2P,246126.0,Del0.8,0.18
X-1963,UQCRHL,440567.0,MutKnownFunctional,"-87,0.417"
X-1963,UQCRHL,440567.0,MutNovel,"EE19E,0.208"
X-1963,USP17L2,377630.0,Del0.8,0.54
X-1963,USP36,57602.0,MutNovel,"KKK958K,0.774"
X-1963,USP47,55031.0,MutKnownFunctional,"Y1219*,0.517"
X-1963,USP9Y,8287.0,Del0.8,0.2
X-1963,UTP20,27340.0,MutNovel,"A1327P,0.333"
X-1963,UTY,7404.0,Del0.8,0.2
X-1963,VCY,9084.0,Del0.8,0.2
X-1963,VCY,9084.0,Del0.8,0.2
X-1963,XKRY2,353515.0,Del0.8,0.2
X-1963,XKRY2,353515.0,Del0.8,0.2
X-1963,ZBTB47,92999.0,MutNovel,"V27I,1.000"
X-1963,ZBTB7C,201501.0,MutNovel,"G130W,0.282"
X-1963,ZCCHC8,55596.0,MutNovel,"A653V,0.423"
X-1963,ZFP62,643836.0,MutNovel,"I717K,0.409"
X-1963,ZFY,7544.0,Del0.8,0.2
X-1963,ZMYND10,51364.0,MutNovel,"R340Q,1.000"
X-1963,ZNF302,55900.0,MutNovel,"C259R,0.639"
X-1963,ZNF423,23090.0,MutNovel,"R760C,0.400"
X-1963,ZNF511,118472.0,MutNovel,"G106V,0.297"
X-1963,ZNF579,163033.0,MutNovel,"N344F,0.348"
X-1963,ZNF705D,728957.0,Del0.8,0.54
X-1963,ZNF710,374655.0,MutKnownFunctional,"-539,0.364"
X-1963,ZNF732,654254.0,MutNovel,"Q373K,1.000"
X-1963,ZNF770,54989.0,MutNovel,"Q594H,0.699"
X-1963,ZNRF2,223082.0,MutNovel,"S60G,0.824"
X-1963,ZRSR2,8233.0,MutNovel,"-439SR,0.365"
X-2026,ABHD16A,7920.0,MutNovel,"R524W,0.618"
X-2026,ABHD3,171586.0,Amp5,5.06
X-2026,ACHE,43.0,MutKnownFunctional,"-599,0.562"
X-2026,ACSL3,2181.0,MutNovel,"S337N,0.600"
X-2026,ACTL8,81569.0,MutNovel,"V277A,1.000"
X-2026,AHNAK,79026.0,MutNovel,"G3165V,0.595"
X-2026,AMELY,266.0,Del0.8,0.47
X-2026,AMY1A,276.0,Del0.8,0.78
X-2026,ANKRD29,147463.0,Amp5,5.06
X-2026,ANP32B,10541.0,MutNovel,"LD218L,0.548"
X-2026,AP1M2,10053.0,MutNovel,"A405T,0.569"
X-2026,AQP4,361.0,Amp5,5.06
X-2026,ARHGAP21,57584.0,MutNovel,"R1799Q,0.267"
X-2026,ATXN7L1,222255.0,MutNovel,"G855V,1.000"
X-2026,BCORP1,286554.0,Del0.8,0.45
X-2026,BPY2B,442867.0,Del0.8,0.45
X-2026,BPY2B,442867.0,Del0.8,0.45
X-2026,C18orf8,29919.0,Amp5,5.06
X-2026,C19orf6,91304.0,MutNovel,"V331I,0.379"
X-2026,CABLES1,91768.0,Amp5,5.06
X-2026,CABYR,26256.0,Amp5,5.06
X-2026,CAPG,822.0,MutNovel,"R149H,0.315"
X-2026,CD2AP,23607.0,MutNovel,"N103H,0.651"
X-2026,CDKN2A,1029.0,MutNovel,"LEAGALP32P,0.615"
X-2026,CDY1B,253175.0,Del0.8,0.45
X-2026,CDY1B,253175.0,Del0.8,0.45
X-2026,CDY2A,9426.0,Del0.8,0.45
X-2026,CDY2A,9426.0,Del0.8,0.45
X-2026,CDY2B,203611.0,Del0.8,0.45
X-2026,CDY2B,203611.0,Del0.8,0.45
X-2026,CEACAM1,634.0,MutNovel,"T100I,0.450"
X-2026,CEACAM1,634.0,MutNovel,"S96I,0.475"
X-2026,CENPJ,55835.0,MutNovel,"G1232E,0.235"
X-2026,CENPV,201161.0,MutNovel,"P24S,0.500"
X-2026,CFHR1,3078.0,Amp8,10.13
X-2026,CFHR3,10878.0,Amp8,10.13
X-2026,CHST9,83539.0,Amp5,5.06
X-2026,CHST9-AS1,147429.0,Amp5,5.06
X-2026,CRYBB2P1,1416.0,Del0.8,0.67
X-2026,CSPG4P1Y,114758.0,Del0.8,0.45
X-2026,CSPG4P1Y,114758.0,Del0.8,0.45
X-2026,CTAGE1,64693.0,Amp5,5.06
X-2026,CTSA,5476.0,MutNovel,"L29-,0.310"
X-2026,CYP3A5,1577.0,MutKnownFunctional,"-30?,0.513"
X-2026,DAZ1,1617.0,Del0.8,0.45
X-2026,DAZ2,57055.0,Del0.8,0.45
X-2026,DAZ3,57054.0,Del0.8,0.45
X-2026,DAZ3,57054.0,Del0.8,0.45
X-2026,DAZ4,57135.0,Del0.8,0.45
X-2026,DAZ4,57135.0,Del0.8,0.45
X-2026,DCAF4,26094.0,MutNovel,"H369D,0.500"
X-2026,DDX3Y,8653.0,Del0.8,0.45
X-2026,DMBT1,1755.0,MutNovel,"P357S,0.429"
X-2026,DMBT1,1755.0,MutNovel,"P856Y,0.963"
X-2026,DMBT1,1755.0,MutNovel,"H1732S,0.299"
X-2026,DNAH1,25981.0,MutNovel,"I2541V,1.000"
X-2026,DUSP6,1848.0,MutNovel,"L36M,1.000"
X-2026,EGFR,1956.0,MutNovel,"K479N,0.667"
X-2026,EHBP1L1,254102.0,MutNovel,"R827G,0.281"
X-2026,EIF1AY,9086.0,Del0.8,0.45
X-2026,ESCO1,114799.0,Amp5,5.06
X-2026,FAM197Y2P,252946.0,Del0.8,0.21
X-2026,FAM41AY1,340618.0,Del0.8,0.45
X-2026,FAM41AY1,340618.0,Del0.8,0.45
X-2026,FAM98C,147965.0,MutNovel,"L231F,0.583"
X-2026,FOXQ1,94234.0,MutKnownFunctional,"-1?,0.792"
X-2026,GATA6,2627.0,Amp5,5.06
X-2026,GOLGA2P2Y,84559.0,Del0.8,0.45
X-2026,GOLGA2P2Y,84559.0,Del0.8,0.45
X-2026,GREB1L,80000.0,Amp5,5.06
X-2026,GYG2P1,352887.0,Del0.8,0.45
X-2026,HEATR5A,25938.0,MutNovel,"C1743S,1.000"
X-2026,HIST1H2BN,8341.0,MutNovel,"S92P,0.444"
X-2026,HLA-DRB1,3123.0,MutNovel,"Q178H,0.667"
X-2026,HMMR,3161.0,MutKnownFunctional,"-665?,0.250"
X-2026,HRH4,59340.0,Amp5,5.06
X-2026,HSFY2,159119.0,Del0.8,0.45
X-2026,HSFY2,159119.0,Del0.8,0.45
X-2026,IMPACT,55364.0,Amp5,5.06
X-2026,INADL,10207.0,MutNovel,"V1515G,0.316"
X-2026,INF2,64423.0,MutKnownFunctional,"-1245,0.916"
X-2026,IRF3,3661.0,MutNovel,"V229G,0.536"
X-2026,ITSN2,50618.0,MutNovel,"M1135V,0.571"
X-2026,KCTD1,284252.0,Amp5,5.06
X-2026,KDM5D,8284.0,Del0.8,0.45
X-2026,KRAS,3845.0,MutKnownFunctional,"G12R,0.455"
X-2026,LAMA3,3909.0,Amp5,5.06
X-2026,LCE3B,353143.0,Del0.8,0.75
X-2026,LCE3C,353144.0,Del0.8,0.75
X-2026,LOC100132247,100132247.0,MutNovel,"V1045A,0.455"
X-2026,LOC728606,728606.0,Amp5,5.06
X-2026,LOC729950,729950.0,Amp5,5.06
X-2026,LRP5L,91355.0,Del0.8,0.62
X-2026,LSAMP-AS3,285194.0,Del0.8,0.5
X-2026,LSR,51599.0,MutNovel,"G518GR,0.481"
X-2026,LZTS2,84445.0,MutNovel,"AS187A,0.281"
X-2026,MAML2,84441.0,MutNovel,"R1073S,0.750"
X-2026,MAP4,4134.0,MutNovel,"H1135R,1.000"
X-2026,MGAM,8972.0,MutNovel,"C1463R,0.500"
X-2026,MIB1,57534.0,Amp5,5.06
X-2026,MIR1-2,406905.0,Amp5,5.06
X-2026,MIR133A1,406922.0,Amp5,5.06
X-2026,MIR320C1,100302135.0,Amp5,5.06
X-2026,MIR320C2,100302195.0,Amp5,5.06
X-2026,MIR4741,100616139.0,Amp5,5.06
X-2026,MTIF2,4528.0,MutNovel,"T143R,0.240"
X-2026,MUC1,4582.0,MutNovel,"G205S,0.316"
X-2026,NAA25,80018.0,MutNovel,"P323S,0.364"
X-2026,NCRNA00185,55410.0,Del0.8,0.45
X-2026,NEURL,9148.0,MutNovel,"G513R,0.667"
X-2026,NLGN4Y,22829.0,Del0.8,0.45
X-2026,NOM1,64434.0,MutNovel,"K682Q,0.625"
X-2026,NPC1,4864.0,Amp5,5.06
X-2026,NRD1,4898.0,MutNovel,"T231S,0.375"
X-2026,OSBPL1A,114876.0,Amp5,5.06
X-2026,PCDH11Y,83259.0,Del0.8,0.47
X-2026,PDK2,5164.0,MutNovel,"G327V,0.263"
X-2026,PLEKHA3,65977.0,MutNovel,"S221I,0.429"
X-2026,PRKDC,5591.0,MutNovel,"A3282T,0.440"
X-2026,PRKY,5616.0,Del0.8,0.47
X-2026,PRY,9081.0,Del0.8,0.45
X-2026,PRY,9081.0,Del0.8,0.45
X-2026,PRY2,442862.0,Del0.8,0.45
X-2026,PRY2,442862.0,Del0.8,0.45
X-2026,PSMA8,143471.0,Amp5,5.06
X-2026,RAD51C,5889.0,MutNovel,"T5A,1.000"
X-2026,RALGAPB,57148.0,MutNovel,"E277D,0.333"
X-2026,RALY,22913.0,MutNovel,"-231S,0.227"
X-2026,RAVER1,125950.0,MutNovel,"G440A,0.800"
X-2026,RBBP8,5932.0,Amp5,5.06
X-2026,RBMY1A3P,286557.0,Del0.8,0.47
X-2026,RBMY1B,378948.0,Del0.8,0.45
X-2026,RBMY1B,378948.0,Del0.8,0.45
X-2026,RBMY1E,378950.0,Del0.8,0.45
X-2026,RBMY1E,378950.0,Del0.8,0.45
X-2026,RBMY1F,159163.0,Del0.8,0.45
X-2026,RBMY1F,159163.0,Del0.8,0.45
X-2026,RBMY1J,378951.0,Del0.8,0.45
X-2026,RBMY1J,378951.0,Del0.8,0.45
X-2026,RBMY2EP,159125.0,Del0.8,0.45
X-2026,RBMY2FP,159162.0,Del0.8,0.45
X-2026,RBMY3AP,64593.0,Del0.8,0.45
X-2026,RIOK3,8780.0,Amp5,5.06
X-2026,ROCK1,6093.0,Amp5,5.06
X-2026,RPS4Y1,6192.0,Del0.8,0.47
X-2026,RPS4Y2,140032.0,Del0.8,0.45
X-2026,RPS6KA3,6197.0,MutNovel,"V45G,0.333"
X-2026,RTF1,23168.0,MutNovel,"K303N,0.276"
X-2026,SCAPER,49855.0,Del0.8,0.79
X-2026,SEC31B,25956.0,MutNovel,"V696G,1.000"
X-2026,SHISA4,149345.0,MutNovel,"Y113H,0.316"
X-2026,SLC9A6,10479.0,MutKnownFunctional,"-519?,0.294"
X-2026,SMARCA2,6595.0,MutNovel,"S1408C,0.375"
X-2026,SMPD4,55627.0,MutNovel,"S752P,0.767"
X-2026,SNRPD1,6632.0,Amp5,5.06
X-2026,SORD,6652.0,MutNovel,"A253T,0.899"
X-2026,SRY,6736.0,Del0.8,0.47
X-2026,SS18,6760.0,Amp5,5.06
X-2026,SYNE2,23224.0,MutNovel,"R6780Q,1.000"
X-2026,TAF4B,6875.0,Amp5,5.06
X-2026,TAMM41,132001.0,MutNovel,"P40L,1.000"
X-2026,TBL1Y,90665.0,Del0.8,0.47
X-2026,TCP10L2,401285.0,MutNovel,"E277D,1.000"
X-2026,TGIF2LY,90655.0,Del0.8,0.47
X-2026,THADA,63892.0,MutNovel,"S1340-,0.571"
X-2026,TMEM241,85019.0,Amp5,5.06
X-2026,TMSB4Y,9087.0,Del0.8,0.45
X-2026,TP53,7157.0,MutKnownFunctional,"E349*,1.000"
X-2026,TPGS1,91978.0,MutNovel,"R263W,1.000"
X-2026,TSPY1,7258.0,Del0.8,0.21
X-2026,TSPY2,64591.0,Del0.8,0.47
X-2026,TSPY3,728137.0,Del0.8,0.21
X-2026,TSPY4,728395.0,Del0.8,0.21
X-2026,TSPY8,728403.0,Del0.8,0.21
X-2026,TTC39C,125488.0,Amp5,5.06
X-2026,TTTY10,246119.0,Del0.8,0.45
X-2026,TTTY11,83866.0,Del0.8,0.47
X-2026,TTTY12,83867.0,Del0.8,0.47
X-2026,TTTY13,83868.0,Del0.8,0.45
X-2026,TTTY14,83869.0,Del0.8,0.45
X-2026,TTTY15,64595.0,Del0.8,0.45
X-2026,TTTY16,252948.0,Del0.8,0.47
X-2026,TTTY17A,252949.0,Del0.8,0.45
X-2026,TTTY17A,252949.0,Del0.8,0.45
X-2026,TTTY18,252950.0,Del0.8,0.47
X-2026,TTTY19,252952.0,Del0.8,0.47
X-2026,TTTY1B,100101116.0,Del0.8,0.45
X-2026,TTTY1B,100101116.0,Del0.8,0.47
X-2026,TTTY2,60439.0,Del0.8,0.45
X-2026,TTTY2,60439.0,Del0.8,0.47
X-2026,TTTY20,252951.0,Del0.8,0.31
X-2026,TTTY21,252953.0,Del0.8,0.45
X-2026,TTTY21,252953.0,Del0.8,0.47
X-2026,TTTY22,252954.0,Del0.8,0.45
X-2026,TTTY23,252955.0,Del0.8,0.45
X-2026,TTTY23,252955.0,Del0.8,0.47
X-2026,TTTY3,114760.0,Del0.8,0.45
X-2026,TTTY3,114760.0,Del0.8,0.45
X-2026,TTTY4,114761.0,Del0.8,0.45
X-2026,TTTY4,114761.0,Del0.8,0.45
X-2026,TTTY5,83863.0,Del0.8,0.45
X-2026,TTTY6,84672.0,Del0.8,0.45
X-2026,TTTY6,84672.0,Del0.8,0.45
X-2026,TTTY7,246122.0,Del0.8,0.47
X-2026,TTTY7,246122.0,Del0.8,0.45
X-2026,TTTY7B,100101120.0,Del0.8,0.45
X-2026,TTTY7B,100101120.0,Del0.8,0.47
X-2026,TTTY8,84673.0,Del0.8,0.47
X-2026,TTTY8,84673.0,Del0.8,0.45
X-2026,TTTY9A,83864.0,Del0.8,0.45
X-2026,TTTY9A,83864.0,Del0.8,0.45
X-2026,TXLNG2P,246126.0,Del0.8,0.45
X-2026,UBN1,29855.0,MutNovel,"N902D,0.471"
X-2026,UPF1,5976.0,MutNovel,"M1061T,0.514"
X-2026,USP9Y,8287.0,Del0.8,0.45
X-2026,UTY,7404.0,Del0.8,0.45
X-2026,VCY,9084.0,Del0.8,0.45
X-2026,VCY,9084.0,Del0.8,0.45
X-2026,XKRY2,353515.0,Del0.8,0.45
X-2026,XKRY2,353515.0,Del0.8,0.45
X-2026,ZDHHC11,79844.0,MutNovel,"A305T,1.000"
X-2026,ZFPM1,161882.0,MutNovel,"Q296R,0.487"
X-2026,ZFY,7544.0,Del0.8,0.47
X-2026,ZNF141,7700.0,MutNovel,"A46T,1.000"
X-2026,ZNF141,7700.0,MutNovel,"C55S,1.000"
X-2026,ZNF192,7745.0,MutNovel,"E261K,0.500"
X-2026,ZNF234,10780.0,MutNovel,"E152V,0.667"
X-2026,ZNF521,25925.0,Amp5,5.06
X-2026,ZRANB1,54764.0,MutKnownFunctional,"-709?,0.261"
X-2043,ADAMTS4,9507.0,Amp5,6.45
X-2043,ADH1B,125.0,MutNovel,"C104Y,1.000"
X-2043,AHNAK,79026.0,MutKnownFunctional,"-5338?,0.361"
X-2043,AIM2,9447.0,Amp5,6.41
X-2043,AMELY,266.0,Del0.8,0.31
X-2043,ANPEP,290.0,MutNovel,"P654S,0.389"
X-2043,APCS,325.0,Amp5,6.41
X-2043,APOA1BP,128240.0,Amp5,6.41
X-2043,APOA2,336.0,Amp5,6.45
X-2043,ARHGAP17,55114.0,MutNovel,"N841S,0.489"
X-2043,ARHGAP30,257106.0,Amp5,6.45
X-2043,ARHGEF11,9826.0,Amp5,6.41
X-2043,ARPC1B,10095.0,MutNovel,"I253V,0.507"
X-2043,ARSD,414.0,MutNovel,"R288K,1.000"
X-2043,ASIC1,,MutNovel,"T495R,0.556"
X-2043,ATF6,22926.0,Amp5,6.45
X-2043,ATG4D,84971.0,MutNovel,"F371I,0.315"
X-2043,ATP1A2,477.0,Amp5,6.45
X-2043,ATP1A4,480.0,Amp5,6.45
X-2043,B3GALT6,126792.0,MutNovel,"L143V,1.000"
X-2043,B4GALT3,8703.0,Amp5,6.45
X-2043,BCAM,4059.0,MutNovel,"S174N,0.644"
X-2043,BCAN,63827.0,Amp5,6.41
X-2043,BCORP1,286554.0,Del0.8,0.31
X-2043,BPY2B,442867.0,Del0.8,0.31
X-2043,BPY2B,442867.0,Del0.8,0.31
X-2043,C16orf93,90835.0,MutNovel,"A28T,0.471"
X-2043,C1orf106,55765.0,MutNovel,"R390C,0.500"
X-2043,C1orf110,339512.0,Amp5,6.45
X-2043,C1orf111,284680.0,Amp5,6.45
X-2043,C1orf172,126695.0,MutNovel,"TS272S,0.979"
X-2043,C1orf182,128229.0,Amp5,6.41
X-2043,C1orf192,257177.0,Amp5,6.45
X-2043,C1orf204,284677.0,Amp5,6.41
X-2043,C1orf226,400793.0,Amp5,6.45
X-2043,C1orf61,10485.0,Amp5,6.41
X-2043,C9orf53,51198.0,Del0.8,0.4
X-2043,CACNA2D4,93589.0,MutNovel,"G1110V,0.667"
X-2043,CACTIN,,MutNovel,"H276P,0.674"
X-2043,CADM3,57863.0,Amp5,6.41
X-2043,CASK,8573.0,MutNovel,"K820R,1.000"
X-2043,CASQ1,844.0,Amp5,6.45
X-2043,CCDC19,25790.0,Amp5,6.41
X-2043,CCRN4L,25819.0,MutNovel,"S66A,1.000"
X-2043,CCT3,7203.0,Amp5,6.41
X-2043,CD1A,909.0,Amp5,6.41
X-2043,CD1B,910.0,Amp5,6.41
X-2043,CD1C,911.0,Amp5,6.41
X-2043,CD1D,912.0,Amp5,6.41
X-2043,CD1E,913.0,Amp5,6.41
X-2043,CD244,51744.0,Amp5,6.45
X-2043,CD48,962.0,Amp5,6.45
X-2043,CD5L,922.0,Amp5,6.41
X-2043,CD84,8832.0,Amp5,6.45
X-2043,CDAN1,146059.0,MutNovel,"G821R,0.778"
X-2043,CDKN2A,1029.0,Del0.8,0.4
X-2043,CDKN2B,1030.0,Del0.8,0.6
X-2043,CDY1B,253175.0,Del0.8,0.31
X-2043,CDY1B,253175.0,Del0.8,0.31
X-2043,CDY2A,9426.0,Del0.8,0.31
X-2043,CDY2A,9426.0,Del0.8,0.31
X-2043,CDY2B,203611.0,Del0.8,0.31
X-2043,CDY2B,203611.0,Del0.8,0.31
X-2043,CEL,1056.0,MutNovel,"I488T,0.429"
X-2043,CENPV,201161.0,MutNovel,"A22G,0.286"
X-2043,CLEC16A,23274.0,MutNovel,"A903T,1.000"
X-2043,CLN3,1201.0,MutNovel,"V180M,0.462"
X-2043,COPA,1314.0,Amp5,6.45
X-2043,COQ4,51117.0,MutNovel,"A2G,0.543"
X-2043,CRABP2,1382.0,Amp5,6.41
X-2043,CRIPAK,285464.0,MutNovel,"V164A,0.607"
X-2043,CRP,1401.0,Amp5,6.41
X-2043,CSE1L,1434.0,MutNovel,"K497E,0.600"
X-2043,CSPG4P1Y,114758.0,Del0.8,0.31
X-2043,CSPG4P1Y,114758.0,Del0.8,0.31
X-2043,CTNNAL1,8727.0,MutNovel,"L570I,0.427"
X-2043,CYCSP52,360155.0,Amp5,6.41
X-2043,DAG1,1605.0,MutNovel,"P427L,0.575"
X-2043,DARC,2532.0,Amp5,6.41
X-2043,DAZ1,1617.0,Del0.8,0.31
X-2043,DAZ2,57055.0,Del0.8,0.31
X-2043,DAZ3,57054.0,Del0.8,0.31
X-2043,DAZ3,57054.0,Del0.8,0.31
X-2043,DAZ4,57135.0,Del0.8,0.31
X-2043,DAZ4,57135.0,Del0.8,0.31
X-2043,DCAF8,50717.0,Amp5,6.45
X-2043,DDR2,4921.0,Amp5,6.45
X-2043,DDX20,11218.0,MutNovel,"Y462C,0.471"
X-2043,DDX3Y,8653.0,Del0.8,0.31
X-2043,DEDD,9191.0,Amp5,6.45
X-2043,DOK3,79930.0,MutNovel,"R486Q,0.806"
X-2043,DSCAML1,57453.0,MutNovel,"D601Y,1.000"
X-2043,DSCC1,79075.0,MutNovel,"E336G,0.667"
X-2043,DUSP12,11266.0,Amp5,6.45
X-2043,DUSP23,54935.0,Amp5,6.41
X-2043,EIF1AY,9086.0,Del0.8,0.31
X-2043,ESYT1,23344.0,MutNovel,"P434S,0.500"
X-2043,ETV3,2117.0,Amp5,6.41
X-2043,ETV3L,440695.0,Amp5,6.41
X-2043,F11R,50848.0,Amp5,6.45
X-2043,FAM120B,84498.0,MutNovel,"P407S,0.217"
X-2043,FAM197Y2P,252946.0,Del0.8,0.31
X-2043,FAM41AY1,340618.0,Del0.8,0.31
X-2043,FAM41AY1,340618.0,Del0.8,0.31
X-2043,FAM86C1,55199.0,MutKnownFunctional,"Y69*,0.417"
X-2043,FAM91A1,157769.0,MutNovel,"A683S,0.588"
X-2043,FBXL6,26233.0,MutKnownFunctional,"-426,0.292"
X-2043,FCER1A,2205.0,Amp5,6.41
X-2043,FCER1G,2207.0,Amp5,6.45
X-2043,FCGR2A,2212.0,Amp5,6.45
X-2043,FCGR2B,2213.0,Amp5,6.45
X-2043,FCGR2C,9103.0,Amp5,6.45
X-2043,FCGR3A,2214.0,Amp5,6.45
X-2043,FCGR3B,2215.0,Amp5,6.45
X-2043,FCRL1,115350.0,Amp5,6.41
X-2043,FCRL2,79368.0,Amp5,6.41
X-2043,FCRL3,115352.0,Amp5,6.41
X-2043,FCRL4,83417.0,Amp5,6.41
X-2043,FCRL5,83416.0,Amp5,6.41
X-2043,FCRL6,343413.0,Amp5,6.41
X-2043,FCRLA,84824.0,Amp5,6.45
X-2043,FCRLB,127943.0,Amp5,6.45
X-2043,FRMD8,83786.0,MutNovel,"S460T,0.480"
X-2043,FUT5,2527.0,MutNovel,"A118T,1.000"
X-2043,GBP1,2633.0,MutNovel,"S305G,0.294"
X-2043,GGT1,2678.0,MutNovel,"S428N,0.807"
X-2043,GLE1,2733.0,MutNovel,"P533L,0.592"
X-2043,GLTP,51228.0,MutKnownFunctional,"Q71*,0.508"
X-2043,GOLGA2P2Y,84559.0,Del0.8,0.31
X-2043,GOLGA2P2Y,84559.0,Del0.8,0.31
X-2043,GOLGA4,2803.0,MutNovel,"A955D,0.474"
X-2043,GPATCH4,54865.0,Amp5,6.41
X-2043,GSTM1,2944.0,MutNovel,"S210T,1.000"
X-2043,GYG2P1,352887.0,Del0.8,0.31
X-2043,HAPLN2,60484.0,Amp5,6.41
X-2043,HDGF,3068.0,Amp5,6.41
X-2043,HNMT,3176.0,MutNovel,"R189L,0.281"
X-2043,HSD17B7,51478.0,Amp5,6.45
X-2043,HSFY2,159119.0,Del0.8,0.31
X-2043,HSFY2,159119.0,Del0.8,0.31
X-2043,HSPA6,3310.0,Amp5,6.45
X-2043,HSPA7,3311.0,Amp5,6.45
X-2043,IFI16,3428.0,Amp5,6.41
X-2043,IFNA1,3439.0,Del0.8,0.35
X-2043,IFNA10,3446.0,Del0.8,0.42
X-2043,IFNA14,3448.0,Del0.8,0.42
X-2043,IFNA16,3449.0,Del0.8,0.42
X-2043,IFNA17,3451.0,Del0.8,0.42
X-2043,IFNA2,3440.0,Del0.8,0.35
X-2043,IFNA21,3452.0,Del0.8,0.44
X-2043,IFNA22P,3453.0,Del0.8,0.15
X-2043,IFNA4,3441.0,Del0.8,0.17
X-2043,IFNA6,3443.0,Del0.8,0.57
X-2043,IFNA7,3444.0,Del0.8,0.42
X-2043,IFNA8,3445.0,Del0.8,0.35
X-2043,IFNB1,3456.0,Del0.8,0.27
X-2043,IFNE,338376.0,Del0.8,0.35
X-2043,IFNW1,3467.0,Del0.8,0.44
X-2043,IGSF8,93185.0,Amp5,6.45
X-2043,IGSF9,57549.0,Amp5,6.41
X-2043,INSRR,3645.0,Amp5,6.41
X-2043,IQGAP3,128239.0,Amp5,6.41
X-2043,ISG20L2,81875.0,Amp5,6.41
X-2043,ITLN1,55600.0,Amp5,6.45
X-2043,ITLN2,142683.0,Amp5,6.45
X-2043,KANSL1L,,MutKnownFunctional,"-980,0.562"
X-2043,KCNJ10,3766.0,Amp5,6.45
X-2043,KCNJ9,3765.0,Amp5,6.45
X-2043,KDM4C,23081.0,MutNovel,"M584I,0.316"
X-2043,KDM5D,8284.0,Del0.8,0.31
X-2043,KIAA0100,9703.0,MutNovel,"P725L,0.565"
X-2043,KIAA1328,57536.0,MutKnownFunctional,"E117*,0.231"
X-2043,KIAA1586,57691.0,MutKnownFunctional,"-87,0.429"
X-2043,KIAA1614,57710.0,MutNovel,"N1078V,0.429"
X-2043,KIRREL,55243.0,Amp5,6.41
X-2043,KLHDC9,126823.0,Amp5,6.45
X-2043,KLHL9,55958.0,Del0.8,0.3
X-2043,KRAS,3845.0,MutKnownFunctional,"G12V,0.688"
X-2043,KRT3,3850.0,MutNovel,"M455L,1.000"
X-2043,LARP1,23367.0,MutNovel,"A672S,0.632"
X-2043,LCE3C,353144.0,Del0.8,0.44
X-2043,LGALS3,3958.0,MutNovel,"P83L,0.302"
X-2043,LOC100131825,100131825.0,Amp5,6.41
X-2043,LOC100505633,100505633.0,Amp5,6.41
X-2043,LOC646268,646268.0,Amp5,6.41
X-2043,LONP1,9361.0,MutNovel,"L24V,0.700"
X-2043,LRIG3,121227.0,MutNovel,"D1078Y,0.426"
X-2043,LRRC71,149499.0,Amp5,6.41
X-2043,LSR,51599.0,MutNovel,"G518GR,0.680"
X-2043,LY6D,8581.0,MutNovel,"T15K,0.800"
X-2043,LY9,4063.0,Amp5,6.45
X-2043,MAP3K5,4217.0,MutNovel,"D988ET,0.943"
X-2043,MAP3K7,6885.0,MutKnownFunctional,"-57,1.000"
X-2043,MEF2D,4209.0,Amp5,6.41
X-2043,MEN1,4221.0,MutNovel,"R171Q,0.481"
X-2043,MICB,4277.0,MutNovel,"V216A,0.438"
X-2043,MIR31,407035.0,Del0.8,0.67
X-2043,MIR31HG,554202.0,Del0.8,0.36
X-2043,MIR4654,100616386.0,Amp5,6.45
X-2043,MIR491,574444.0,Del0.8,0.33
X-2043,MIR556,693141.0,Amp5,6.45
X-2043,MIR765,768220.0,Amp5,6.41
X-2043,MIR9-1,407046.0,Amp5,6.41
X-2043,MIS18BP1,55320.0,MutNovel,"M760L,0.714"
X-2043,MLLT3,4300.0,Del0.8,0.64
X-2043,MMAA,166785.0,MutNovel,"I208F,1.000"
X-2043,MMP14,4323.0,MutNovel,"D273S,0.636"
X-2043,MNDA,4332.0,Amp5,6.41
X-2043,MPZ,4359.0,Amp5,6.45
X-2043,MRPL24,79590.0,Amp5,6.41
X-2043,MRPL48,51642.0,MutNovel,"V75E,0.472"
X-2043,MST1,4485.0,MutNovel,"C74S,0.500"
X-2043,MTAP,4507.0,Del0.8,0.39
X-2043,MUC20,200958.0,MutNovel,"F12-,0.767"
X-2043,MUC20,200958.0,MutNovel,"TEI256T,0.857"
X-2043,MUC5AC,,MutNovel,"L701V,1.000"
X-2043,MUC6,4588.0,MutNovel,"N1772K,0.391"
X-2043,MUC6,4588.0,MutNovel,"S1768N,0.273"
X-2043,MUC6,4588.0,MutNovel,"M1648T,1.000"
X-2043,MYO15A,51168.0,MutNovel,"Y2561H,1.000"
X-2043,NBR1,4077.0,MutNovel,"A679P,0.426"
X-2043,NCOR2,9612.0,MutNovel,"G1839GAAA,0.333"
X-2043,NCRNA00185,55410.0,Del0.8,0.31
X-2043,NCSTN,23385.0,Amp5,6.45
X-2043,NDUFS2,4720.0,Amp5,6.45
X-2043,NES,10763.0,Amp5,6.41
X-2043,NHLH1,4807.0,Amp5,6.45
X-2043,NIT1,4817.0,Amp5,6.45
X-2043,NLGN4Y,22829.0,Del0.8,0.31
X-2043,NOS1AP,9722.0,Amp5,6.45
X-2043,NPC1L1,29881.0,MutNovel,"D250H,0.643"
X-2043,NPEPPS,9520.0,MutNovel,"P194R,0.364"
X-2043,NR1H2,7376.0,MutNovel,"-173Q,0.448"
X-2043,NR1I3,9970.0,Amp5,6.45
X-2043,NTRK1,4914.0,Amp5,6.41
X-2043,NUF2,83540.0,Amp5,6.45
X-2043,NUP133,55746.0,MutNovel,"D1098E,0.291"
X-2043,NXN,64359.0,MutNovel,"I222F,1.000"
X-2043,OLFML2B,25903.0,Amp5,6.45
X-2043,OR10J1,26476.0,Amp5,6.41
X-2043,OR10J3,441911.0,Amp5,6.41
X-2043,OR10J5,127385.0,Amp5,6.41
X-2043,OR10K1,391109.0,Amp5,6.41
X-2043,OR10K2,391107.0,Amp5,6.41
X-2043,OR10R2,343406.0,Amp5,6.41
X-2043,OR10T2,128360.0,Amp5,6.41
X-2043,OR10X1,128367.0,Amp5,6.41
X-2043,OR10Z1,128368.0,Amp5,6.41
X-2043,OR6K2,81448.0,Amp5,6.41
X-2043,OR6K3,391114.0,Amp5,6.41
X-2043,OR6K6,128371.0,Amp5,6.41
X-2043,OR6N1,128372.0,Amp5,6.41
X-2043,OR6N2,81442.0,Amp5,6.41
X-2043,OR6P1,128366.0,Amp5,6.41
X-2043,OR6Y1,391112.0,Amp5,6.41
X-2043,ORAI1,84876.0,MutNovel,"PP43-,1.000"
X-2043,PALB2,79728.0,MutKnownFunctional,"-684,1.000"
X-2043,PARP14,54625.0,MutNovel,"Y1323N,1.000"
X-2043,PCDH11Y,83259.0,Del0.8,0.31
X-2043,PCDHB9,56127.0,MutNovel,"L651R,0.406"
X-2043,PCM1,5108.0,MutNovel,"I1698L,0.521"
X-2043,PCP4L1,654790.0,Amp5,6.45
X-2043,PEA15,8682.0,Amp5,6.45
X-2043,PEAR1,375033.0,Amp5,6.41
X-2043,PEX19,5824.0,Amp5,6.45
X-2043,PFDN2,5202.0,Amp5,6.45
X-2043,PIGM,93183.0,Amp5,6.45
X-2043,PIGX,54965.0,MutNovel,"H153R,0.253"
X-2043,PKM,,MutNovel,"T36S,0.714"
X-2043,PLCG1,5335.0,MutNovel,"S582C,0.429"
X-2043,POTEE,445582.0,MutNovel,"I803V,1.000"
X-2043,PPOX,5498.0,Amp5,6.45
X-2043,PPP6R1,22870.0,MutNovel,"E376K,0.465"
X-2043,PRCC,5546.0,Amp5,6.41
X-2043,PRKY,5616.0,Del0.8,0.31
X-2043,PRRT2,112476.0,MutNovel,"L38P,0.316"
X-2043,PRX,57716.0,MutNovel,"M1058V,0.308"
X-2043,PRY,9081.0,Del0.8,0.31
X-2043,PRY,9081.0,Del0.8,0.31
X-2043,PRY2,442862.0,Del0.8,0.31
X-2043,PRY2,442862.0,Del0.8,0.31
X-2043,PSPN,5623.0,MutNovel,"R111Q,0.222"
X-2043,PTCD3,55037.0,MutNovel,"K150R,0.312"
X-2043,PTPLAD2,401494.0,Del0.8,0.37
X-2043,PVRL4,81607.0,Amp5,6.45
X-2043,PYHIN1,149628.0,Amp5,6.41
X-2043,RBMY1A3P,286557.0,Del0.8,0.31
X-2043,RBMY1B,378948.0,Del0.8,0.31
X-2043,RBMY1B,378948.0,Del0.8,0.31
X-2043,RBMY1E,378950.0,Del0.8,0.31
X-2043,RBMY1E,378950.0,Del0.8,0.31
X-2043,RBMY1F,159163.0,Del0.8,0.31
X-2043,RBMY1F,159163.0,Del0.8,0.31
X-2043,RBMY1J,378951.0,Del0.8,0.31
X-2043,RBMY1J,378951.0,Del0.8,0.31
X-2043,RBMY2EP,159125.0,Del0.8,0.31
X-2043,RBMY2FP,159162.0,Del0.8,0.31
X-2043,RBMY3AP,64593.0,Del0.8,0.31
X-2043,RGS3,5998.0,MutNovel,"Y865C,0.309"
X-2043,RGS4,5999.0,Amp5,6.45
X-2043,RGS5,8490.0,Amp5,6.45
X-2043,RHBG,57127.0,Amp5,6.41
X-2043,RHD,6007.0,Del0.8,0.59
X-2043,RLIM,51132.0,MutKnownFunctional,"R435*,1.000"
X-2043,RNF10,9921.0,MutNovel,"R83H,0.977"
X-2043,RPL31P11,641311.0,Amp5,6.45
X-2043,RPS4Y1,6192.0,Del0.8,0.31
X-2043,RPS4Y2,140032.0,Del0.8,0.31
X-2043,RRNAD1,51093.0,Amp5,6.41
X-2043,SAC3D1,29901.0,MutNovel,"D143E,0.426"
X-2043,SDHC,6391.0,Amp5,6.45
X-2043,SERINC2,347735.0,MutNovel,"-373Q,0.627"
X-2043,SH2D1B,117157.0,Amp5,6.45
X-2043,SH2D2A,9047.0,Amp5,6.41
X-2043,SH3KBP1,30011.0,MutNovel,"W135L,1.000"
X-2043,SIN3B,23309.0,MutNovel,"E225K,0.310"
X-2043,SLAMF1,6504.0,Amp5,6.45
X-2043,SLAMF6,114836.0,Amp5,6.45
X-2043,SLAMF7,57823.0,Amp5,6.45
X-2043,SLAMF8,56833.0,Amp5,6.41
X-2043,SLAMF9,89886.0,Amp5,6.41
X-2043,SLC9A1,6548.0,MutNovel,"V601F,1.000"
X-2043,SMAD4,4089.0,Del0.8,0.42
X-2043,SMIM1,,MutKnownFunctional,"-21,0.556"
X-2043,SORBS2,8470.0,MutNovel,"P77S,0.923"
X-2043,SPECC1L,23384.0,MutNovel,"G64R,0.833"
X-2043,SPTA1,6708.0,Amp5,6.41
X-2043,SRY,6736.0,Del0.8,0.31
X-2043,SSFA2,6744.0,MutNovel,"NP904N,0.272"
X-2043,STK39,27347.0,MutNovel,"APVTAAAA18A,0.750"
X-2043,SUMO1P3,474338.0,Amp5,6.45
X-2043,SYNPO,11346.0,MutNovel,"Q706H,0.335"
X-2043,TAGLN2,8407.0,Amp5,6.41
X-2043,TBL1Y,90665.0,Del0.8,0.31
X-2043,TGIF2LY,90655.0,Del0.8,0.31
X-2043,THAP10,56906.0,MutNovel,"K178E,0.500"
X-2043,TLK1,9874.0,MutNovel,"L104V,0.211"
X-2043,TMSB4Y,9087.0,Del0.8,0.31
X-2043,TOMM40L,84134.0,Amp5,6.45
X-2043,TRAP1,10131.0,MutNovel,"Q671H,0.516"
X-2043,TSPY1,7258.0,Del0.8,0.31
X-2043,TSPY2,64591.0,Del0.8,0.31
X-2043,TSPY3,728137.0,Del0.8,0.31
X-2043,TSPY4,728395.0,Del0.8,0.31
X-2043,TSPY8,728403.0,Del0.8,0.31
X-2043,TSTD1,100131187.0,Amp5,6.45
X-2043,TTC24,164118.0,Amp5,6.41
X-2043,TTTY10,246119.0,Del0.8,0.31
X-2043,TTTY11,83866.0,Del0.8,0.31
X-2043,TTTY12,83867.0,Del0.8,0.31
X-2043,TTTY13,83868.0,Del0.8,0.31
X-2043,TTTY14,83869.0,Del0.8,0.31
X-2043,TTTY15,64595.0,Del0.8,0.31
X-2043,TTTY16,252948.0,Del0.8,0.31
X-2043,TTTY17A,252949.0,Del0.8,0.31
X-2043,TTTY17A,252949.0,Del0.8,0.31
X-2043,TTTY18,252950.0,Del0.8,0.31
X-2043,TTTY19,252952.0,Del0.8,0.31
X-2043,TTTY1B,100101116.0,Del0.8,0.31
X-2043,TTTY1B,100101116.0,Del0.8,0.31
X-2043,TTTY2,60439.0,Del0.8,0.31
X-2043,TTTY2,60439.0,Del0.8,0.31
X-2043,TTTY20,252951.0,Del0.8,0.31
X-2043,TTTY21,252953.0,Del0.8,0.31
X-2043,TTTY21,252953.0,Del0.8,0.31
X-2043,TTTY22,252954.0,Del0.8,0.31
X-2043,TTTY23,252955.0,Del0.8,0.31
X-2043,TTTY23,252955.0,Del0.8,0.31
X-2043,TTTY3,114760.0,Del0.8,0.31
X-2043,TTTY3,114760.0,Del0.8,0.31
X-2043,TTTY4,114761.0,Del0.8,0.31
X-2043,TTTY4,114761.0,Del0.8,0.31
X-2043,TTTY5,83863.0,Del0.8,0.31
X-2043,TTTY6,84672.0,Del0.8,0.31
X-2043,TTTY6,84672.0,Del0.8,0.31
X-2043,TTTY7,246122.0,Del0.8,0.31
X-2043,TTTY7,246122.0,Del0.8,0.31
X-2043,TTTY7B,100101120.0,Del0.8,0.31
X-2043,TTTY7B,100101120.0,Del0.8,0.31
X-2043,TTTY8,84673.0,Del0.8,0.31
X-2043,TTTY8,84673.0,Del0.8,0.31
X-2043,TTTY9A,83864.0,Del0.8,0.31
X-2043,TTTY9A,83864.0,Del0.8,0.31
X-2043,TXLNG2P,246126.0,Del0.8,0.31
X-2043,UAP1,6675.0,Amp5,6.45
X-2043,UBA7,7318.0,MutNovel,"G459R,0.414"
X-2043,UFC1,51506.0,Amp5,6.45
X-2043,UHMK1,127933.0,Amp5,6.45
X-2043,URB1,9875.0,MutNovel,"R1226C,0.579"
X-2043,USF1,7391.0,Amp5,6.45
X-2043,USP21,27005.0,Amp5,6.45
X-2043,USP36,57602.0,MutNovel,"KKK958K,0.385"
X-2043,USP9Y,8287.0,Del0.8,0.31
X-2043,UTY,7404.0,Del0.8,0.31
X-2043,VANGL2,57216.0,Amp5,6.45
X-2043,VCY,9084.0,Del0.8,0.31
X-2043,VCY,9084.0,Del0.8,0.31
X-2043,VSIG8,391123.0,Amp5,6.41
X-2043,XKRY2,353515.0,Del0.8,0.31
X-2043,XKRY2,353515.0,Del0.8,0.31
X-2043,ZDHHC11,79844.0,MutNovel,"A303D,0.222"
X-2043,ZDHHC20,253832.0,MutNovel,"L326R,0.350"
X-2043,ZFY,7544.0,Del0.8,0.31
X-2043,ZNF219,51222.0,MutNovel,"QPP233P,0.398"
X-2043,ZNF611,81856.0,MutNovel,"E4V,0.462"
X-2043,ZRANB1,54764.0,MutKnownFunctional,"-709?,0.929"
X-2046,ABCC13,150000.0,Del0.8,0.76
X-2046,ACE2,59272.0,Del0.8,0.72
X-2046,ACOT9,23597.0,Del0.8,0.73
X-2046,ACPP,55.0,MutNovel,"I85T,0.636"
X-2046,ADAMTS1,9510.0,Del0.8,0.74
X-2046,ADAMTS5,11096.0,Del0.8,0.74
X-2046,ADH1B,125.0,MutNovel,"V103I,1.000"
X-2046,ADRM1,11047.0,MutNovel,"-393DTK,0.369"
X-2046,AGMAT,79814.0,MutNovel,"V321I,0.297"
X-2046,AKAP17A,8227.0,Del0.8,0.72
X-2046,AKAP4,8852.0,Del0.8,0.74
X-2046,AKR1B15,441282.0,MutNovel,"V107L,0.800"
X-2046,ALAS2,212.0,Del0.8,0.74
X-2046,ALMS1,7840.0,MutNovel,"R2284P,0.273"
X-2046,AMELX,265.0,Del0.8,0.72
X-2046,AMELY,266.0,Del0.8,0.21
X-2046,ANKRD20A11P,391267.0,Del0.8,0.76
X-2046,ANKRD26,22852.0,MutNovel,"G189E,0.571"
X-2046,ANKRD36,375248.0,MutNovel,"T998S,0.407"
X-2046,ANXA4,307.0,MutNovel,"D107G,0.522"
X-2046,AP1S2,8905.0,Del0.8,0.72
X-2046,AP3D1,8943.0,MutNovel,"S1072R,0.520"
X-2046,APC,324.0,MutNovel,"E1317Q,0.400"
X-2046,APEX2,27301.0,Del0.8,0.74
X-2046,APOL1,8542.0,MutNovel,"Y90H,0.652"
X-2046,APOO,79135.0,Del0.8,0.73
X-2046,APP,351.0,Del0.8,0.74
X-2046,ARAF,369.0,Del0.8,0.74
X-2046,ARHGAP23,57636.0,MutNovel,"G366V,0.289"
X-2046,ARHGAP6,395.0,Del0.8,0.72
X-2046,ARID5B,84159.0,MutNovel,"Q807H,1.000"
X-2046,ARMC9,80210.0,MutNovel,"S508L,0.434"
X-2046,ARSD,414.0,Del0.8,0.72
X-2046,ARSE,415.0,Del0.8,0.72
X-2046,ARSF,416.0,Del0.8,0.72
X-2046,ARSH,347527.0,Del0.8,0.72
X-2046,ARX,170302.0,Del0.8,0.73
X-2046,ASB11,140456.0,Del0.8,0.72
X-2046,ASB9,140462.0,Del0.8,0.72
X-2046,ASMT,438.0,Del0.8,0.72
X-2046,ASMTL,8623.0,Del0.8,0.72
X-2046,ASMTL-AS1,80161.0,Del0.8,0.72
X-2046,ATP5J,522.0,Del0.8,0.74
X-2046,ATP6AP2,10159.0,Del0.8,0.74
X-2046,ATXN3L,92552.0,Del0.8,0.72
X-2046,BCL11B,64919.0,MutNovel,"G416S,0.333"
X-2046,BCOR,54880.0,Del0.8,0.74
X-2046,BCORP1,286554.0,Del0.8,0.21
X-2046,BEND2,139105.0,Del0.8,0.73
X-2046,BMP15,9210.0,Del0.8,0.74
X-2046,BMX,660.0,Del0.8,0.72
X-2046,BPY2B,442867.0,Del0.8,0.21
X-2046,BPY2B,442867.0,Del0.8,0.21
X-2046,BTG3,10950.0,Del0.8,0.74
X-2046,C21orf15,54094.0,Del0.8,0.76
X-2046,C21orf37,100505929.0,Del0.8,0.24
X-2046,C21orf58,54058.0,MutNovel,"H299PN,1.000"
X-2046,C21orf91,54149.0,Del0.8,0.74
X-2046,C21orf91-OT1,246312.0,Del0.8,0.74
X-2046,C3,718.0,MutNovel,"E1455G,0.548"
X-2046,C3orf17,25871.0,MutNovel,"R78H,0.500"
X-2046,C6orf223,221416.0,MutNovel,"AA124-,0.553"
X-2046,C7orf73,647087.0,MutNovel,"A40V,1.000"
X-2046,C9orf53,51198.0,Del0.8,0.4
X-2046,CA5B,11238.0,Del0.8,0.72
X-2046,CA5BP1,340591.0,Del0.8,0.72
X-2046,CACNA1D,776.0,MutNovel,"SF1942S,0.444"
X-2046,CACNA1F,778.0,Del0.8,0.74
X-2046,CASK,8573.0,Del0.8,0.74
X-2046,CCDC120,90060.0,Del0.8,0.74
X-2046,CCDC22,28952.0,Del0.8,0.74
X-2046,CCNB3,85417.0,Del0.8,0.74
X-2046,CD99,4267.0,Del0.8,0.72
X-2046,CD99P1,401577.0,Del0.8,0.72
X-2046,CDK16,5127.0,Del0.8,0.74
X-2046,CDKL5,6792.0,Del0.8,0.73
X-2046,CDKN2A,1029.0,Del0.8,0.4
X-2046,CDKN2B,1030.0,Del0.8,0.29
X-2046,CDY1B,253175.0,Del0.8,0.21
X-2046,CDY1B,253175.0,Del0.8,0.21
X-2046,CDY2A,9426.0,Del0.8,0.21
X-2046,CDY2A,9426.0,Del0.8,0.21
X-2046,CDY2B,203611.0,Del0.8,0.21
X-2046,CDY2B,203611.0,Del0.8,0.21
X-2046,CEACAM3,1084.0,MutNovel,"I117T,1.000"
X-2046,CFP,5199.0,Del0.8,0.74
X-2046,CHODL,140578.0,Del0.8,0.74
X-2046,CHODL-AS1,54075.0,Del0.8,0.74
X-2046,CHST7,56548.0,Del0.8,0.74
X-2046,CHTF18,63922.0,MutNovel,"G59E,0.649"
X-2046,CLCN4,1183.0,Del0.8,0.72
X-2046,CLCN5,1184.0,Del0.8,0.74
X-2046,CNKSR2,22866.0,Del0.8,0.73
X-2046,CRLF2,64109.0,Del0.8,0.72
X-2046,CSF2RA,1438.0,Del0.8,0.72
X-2046,CSPG4P1Y,114758.0,Del0.8,0.21
X-2046,CSPG4P1Y,114758.0,Del0.8,0.21
X-2046,CT45A2,728911.0,Del0.8,0.49
X-2046,CT45A4,441520.0,Del0.8,0.49
X-2046,CTDP1,9150.0,MutNovel,"A422T,1.000"
X-2046,CTPS2,56474.0,Del0.8,0.72
X-2046,CTU1,90353.0,MutNovel,"V53A,0.640"
X-2046,CXADR,1525.0,Del0.8,0.42
X-2046,CXXC1P1,392459.0,Del0.8,0.74
X-2046,CXorf21,80231.0,Del0.8,0.73
X-2046,CXorf22,170063.0,Del0.8,0.73
X-2046,CXorf23,256643.0,Del0.8,0.73
X-2046,CXorf27,25763.0,Del0.8,0.73
X-2046,CXorf28,100129464.0,Del0.8,0.72
X-2046,CXorf30,645090.0,Del0.8,0.73
X-2046,CXorf36,79742.0,Del0.8,0.74
X-2046,CXorf38,159013.0,Del0.8,0.74
X-2046,CXorf40B,541578.0,MutNovel,"A112V,0.667"
X-2046,CXorf58,254158.0,Del0.8,0.73
X-2046,CXorf59,286464.0,Del0.8,0.73
X-2046,CYBB,1536.0,Del0.8,0.73
X-2046,CYFIP2,26999.0,MutNovel,"T3M,0.667"
X-2046,CYHR1,50626.0,MutNovel,"P5R,0.481"
X-2046,CYYR1,116159.0,Del0.8,0.74
X-2046,D21S2088E,266917.0,Del0.8,0.74
X-2046,DAZ1,1617.0,Del0.8,0.21
X-2046,DAZ2,57055.0,Del0.8,0.21
X-2046,DAZ3,57054.0,Del0.8,0.21
X-2046,DAZ3,57054.0,Del0.8,0.21
X-2046,DAZ4,57135.0,Del0.8,0.21
X-2046,DAZ4,57135.0,Del0.8,0.21
X-2046,DCAF8L1,139425.0,Del0.8,0.73
X-2046,DCAF8L2,347442.0,Del0.8,0.73
X-2046,DDX3X,1654.0,Del0.8,0.74
X-2046,DDX3Y,8653.0,Del0.8,0.21
X-2046,DDX53,168400.0,Del0.8,0.73
X-2046,DGKK,139189.0,Del0.8,0.74
X-2046,DHRSX,207063.0,Del0.8,0.72
X-2046,DMD,1756.0,Del0.8,0.73
X-2046,DMRTA1,63951.0,Del0.8,0.21
X-2046,DUSP21,63904.0,Del0.8,0.74
X-2046,DYNLT3,6990.0,Del0.8,0.73
X-2046,EBP,10682.0,Del0.8,0.74
X-2046,EFHC2,80258.0,Del0.8,0.74
X-2046,EGFL6,25975.0,Del0.8,0.72
X-2046,EIF1AX,1964.0,Del0.8,0.73
X-2046,EIF1AY,9086.0,Del0.8,0.21
X-2046,EIF2S3,1968.0,Del0.8,0.73
X-2046,ELK1,2002.0,Del0.8,0.74
X-2046,EPB41L2,2037.0,MutNovel,"R64G,0.231"
X-2046,ERAS,3266.0,Del0.8,0.74
X-2046,FAAH2,158584.0,Del0.8,0.74
X-2046,FAM104B,90736.0,Del0.8,0.74
X-2046,FAM120C,54954.0,Del0.8,0.74
X-2046,FAM122B,159090.0,MutNovel,"P154L,1.000"
X-2046,FAM156A,29057.0,Del0.8,0.74
X-2046,FAM156A,29057.0,Del0.8,0.74
X-2046,FAM156B,727866.0,Del0.8,0.74
X-2046,FAM156B,727866.0,Del0.8,0.74
X-2046,FAM197Y2P,252946.0,Del0.8,0.21
X-2046,FAM217B,,MutKnownFunctional,"-368?,0.250"
X-2046,FAM41AY1,340618.0,Del0.8,0.21
X-2046,FAM41AY1,340618.0,Del0.8,0.21
X-2046,FAM47A,158724.0,Del0.8,0.73
X-2046,FAM47B,170062.0,Del0.8,0.73
X-2046,FAM47C,442444.0,Del0.8,0.73
X-2046,FAM48B1,100130302.0,Del0.8,0.73
X-2046,FAM48B2,170067.0,Del0.8,0.73
X-2046,FAM9A,171482.0,Del0.8,0.72
X-2046,FAM9B,171483.0,Del0.8,0.72
X-2046,FAM9C,171484.0,Del0.8,0.72
X-2046,FANCB,2187.0,Del0.8,0.72
X-2046,FCGBP,8857.0,MutNovel,"A2568T,0.273"
X-2046,FGD1,2245.0,Del0.8,0.74
X-2046,FIGF,2277.0,Del0.8,0.72
X-2046,FOXP3,50943.0,Del0.8,0.74
X-2046,FOXR2,139628.0,Del0.8,0.74
X-2046,FREM2,341640.0,Del0.8,0.73
X-2046,FRMPD4,9758.0,Del0.8,0.72
X-2046,FTHL17,53940.0,Del0.8,0.73
X-2046,FTSJ1,24140.0,Del0.8,0.74
X-2046,FUNDC1,139341.0,Del0.8,0.74
X-2046,FUT3,2525.0,MutNovel,"L149P,0.496"
X-2046,FUT5,2527.0,MutNovel,"A118V,1.000"
X-2046,GABPA,2551.0,Del0.8,0.74
X-2046,GAGE1,2543.0,Del0.8,0.74
X-2046,GAGE10,643832.0,Del0.8,0.74
X-2046,GAGE12D,100132399.0,Del0.8,0.74
X-2046,GAGE12F,100008586.0,Del0.8,0.74
X-2046,GAGE12J,729396.0,Del0.8,0.74
X-2046,GAGE13,645051.0,Del0.8,0.74
X-2046,GAGE2A,729447.0,Del0.8,0.74
X-2046,GAGE2B,645037.0,Del0.8,0.74
X-2046,GAGE2C,2574.0,Del0.8,0.74
X-2046,GAGE2D,729408.0,Del0.8,0.74
X-2046,GAGE2E,26749.0,Del0.8,0.74
X-2046,GATA1,2623.0,Del0.8,0.74
X-2046,GCNT1,2650.0,MutNovel,"V404M,1.000"
X-2046,GDPD5,81544.0,MutNovel,"R432H,0.600"
X-2046,GEMIN8,54960.0,Del0.8,0.72
X-2046,GIGYF2,26058.0,MutNovel,"PQ1231P,0.500"
X-2046,GK,2710.0,Del0.8,0.73
X-2046,GLOD5,392465.0,Del0.8,0.74
X-2046,GLRA2,2742.0,Del0.8,0.72
X-2046,GNL3L,54552.0,Del0.8,0.74
X-2046,GOLGA2P2Y,84559.0,Del0.8,0.21
X-2046,GOLGA2P2Y,84559.0,Del0.8,0.21
X-2046,GOLGB1,2804.0,MutNovel,"R1192G,0.253"
X-2046,GPKOW,27238.0,Del0.8,0.74
X-2046,GPM6B,2824.0,Del0.8,0.72
X-2046,GPR143,4935.0,Del0.8,0.72
X-2046,GPR173,54328.0,Del0.8,0.74
X-2046,GPR34,2857.0,Del0.8,0.74
X-2046,GPR64,10149.0,Del0.8,0.73
X-2046,GPR82,27197.0,Del0.8,0.74
X-2046,GPRIN2,9721.0,MutNovel,"-238MRE,1.000"
X-2046,GRB14,2888.0,MutKnownFunctional,"-297?,0.500"
X-2046,GRB7,2886.0,MutNovel,"R485Q,0.624"
X-2046,GRIPAP1,56850.0,Del0.8,0.74
X-2046,GRPR,2925.0,Del0.8,0.72
X-2046,GSPT2,23708.0,Del0.8,0.74
X-2046,GSTT1,2952.0,Amp5,6.59
X-2046,GSTTP1,25774.0,Amp5,6.59
X-2046,GTPBP6,8225.0,Del0.8,0.72
X-2046,GYG2,8908.0,Del0.8,0.72
X-2046,GYG2P1,352887.0,Del0.8,0.21
X-2046,HCCS,3052.0,Del0.8,0.72
X-2046,HDAC6,10013.0,Del0.8,0.74
X-2046,HDHD1,8226.0,Del0.8,0.72
X-2046,HEATR5A,25938.0,MutNovel,"L373-,0.267"
X-2046,HK2,3099.0,MutNovel,"P563L,0.623"
X-2046,HLA-B,3106.0,MutNovel,"A362D,0.402"
X-2046,HRAS,3265.0,MutNovel,"R123C,0.312"
X-2046,HSD17B10,3028.0,Del0.8,0.74
X-2046,HSFY2,159119.0,Del0.8,0.21
X-2046,HSFY2,159119.0,Del0.8,0.21
X-2046,HSPA13,6782.0,Del0.8,0.76
X-2046,HUWE1,10075.0,Del0.8,0.74
X-2046,IDS,3423.0,MutNovel,"A79G,1.000"
X-2046,IER5L,389792.0,MutNovel,"LHQL117L,1.000"
X-2046,IFNA1,3439.0,Del0.8,0.1
X-2046,IFNA10,3446.0,Del0.8,0.14
X-2046,IFNA13,3447.0,Del0.8,0.24
X-2046,IFNA14,3448.0,Del0.8,0.31
X-2046,IFNA16,3449.0,Del0.8,0.14
X-2046,IFNA17,3451.0,Del0.8,0.14
X-2046,IFNA2,3440.0,Del0.8,0.24
X-2046,IFNA21,3452.0,Del0.8,0.24
X-2046,IFNA22P,3453.0,Del0.8,0.09
X-2046,IFNA4,3441.0,Del0.8,0.24
X-2046,IFNA6,3443.0,Del0.8,0.24
X-2046,IFNA7,3444.0,Del0.8,0.14
X-2046,IFNA8,3445.0,Del0.8,0.24
X-2046,IFNB1,3456.0,Del0.8,0.24
X-2046,IFNE,338376.0,Del0.8,0.22
X-2046,IFNW1,3467.0,Del0.8,0.24
X-2046,IL1RAPL1,11141.0,Del0.8,0.73
X-2046,IL3RA,3563.0,Del0.8,0.72
X-2046,INE1,8552.0,Del0.8,0.74
X-2046,INE2,8551.0,Del0.8,0.72
X-2046,INF2,64423.0,MutNovel,"C484Y,0.700"
X-2046,ING1,3621.0,MutNovel,"T318I,0.660"
X-2046,INTS12,57117.0,MutNovel,"P388S,0.941"
X-2046,IQSEC2,23096.0,Del0.8,0.74
X-2046,IRS1,3667.0,MutNovel,"D262H,0.528"
X-2046,ITIH6,347365.0,Del0.8,0.74
X-2046,JAM2,58494.0,Del0.8,0.74
X-2046,KAL1,3730.0,Del0.8,0.72
X-2046,KCND1,3750.0,Del0.8,0.74
X-2046,KDM5C,8242.0,Del0.8,0.74
X-2046,KDM5D,8284.0,Del0.8,0.21
X-2046,KDM6A,7403.0,Del0.8,0.74
X-2046,KIAA0564,23078.0,MutNovel,"R183M,0.281"
X-2046,KIR2DL4,3805.0,Amp5,6.73
X-2046,KLF8,11279.0,Del0.8,0.74
X-2046,KLHL15,80311.0,Del0.8,0.73
X-2046,KLHL34,257240.0,Del0.8,0.73
X-2046,KLHL9,55958.0,Del0.8,0.24
X-2046,KLK10,5655.0,MutKnownFunctional,"-276,0.277"
X-2046,KRAS,3845.0,MutKnownFunctional,"G12D,0.414"
X-2046,KRT14,3861.0,MutNovel,"T308S,0.375"
X-2046,KRT14,3861.0,MutNovel,"E304D,0.333"
X-2046,KRT14,3861.0,MutNovel,"A233V,0.700"
X-2046,LANCL3,347404.0,Del0.8,0.73
X-2046,LARP4B,23185.0,MutKnownFunctional,"Q738*,1.000"
X-2046,LCE3C,353144.0,Del0.8,0.33
X-2046,LINC00102,100359394.0,Del0.8,0.72
X-2046,LINC00158,54072.0,Del0.8,0.74
X-2046,LINC00308,54143.0,Del0.8,0.74
X-2046,LINC00317,378828.0,Del0.8,0.74
X-2046,LINC00320,387486.0,Del0.8,0.74
X-2046,LINC00478,388815.0,Del0.8,0.43
X-2046,LINC00515,282566.0,Del0.8,0.74
X-2046,LIPI,149998.0,Del0.8,0.76
X-2046,LOC100132247,100132247.0,MutNovel,"P1069R,0.214"
X-2046,LOC100132247,100132247.0,MutNovel,"P1098R,0.500"
X-2046,LOC100132831,100132831.0,Del0.8,0.74
X-2046,LOC100133123,100133123.0,Del0.8,0.72
X-2046,LOC100133957,100133957.0,Del0.8,0.74
X-2046,LOC100288814,100288814.0,Del0.8,0.72
X-2046,LOC158572,158572.0,Del0.8,0.74
X-2046,LOC286442,286442.0,Del0.8,0.74
X-2046,LOC347411,347411.0,Del0.8,0.74
X-2046,LOC389906,389906.0,Del0.8,0.72
X-2046,LOC391322,391322.0,Amp5,6.59
X-2046,LOC401588,401588.0,Del0.8,0.74
X-2046,LOC439994,439994.0,Del0.8,0.36
X-2046,LOC550643,550643.0,Del0.8,0.74
X-2046,LOC728190,728190.0,Del0.8,0.69
X-2046,LOC729609,729609.0,Del0.8,0.73
X-2046,LOC81691,81691.0,MutNovel,"I559T,0.211"
X-2046,LSR,51599.0,MutNovel,"G518GR,1.000"
X-2046,MAF1,84232.0,MutNovel,"G236K,0.516"
X-2046,MAGEB1,4112.0,Del0.8,0.73
X-2046,MAGEB10,139422.0,Del0.8,0.73
X-2046,MAGEB16,139604.0,Del0.8,0.73
X-2046,MAGEB18,286514.0,Del0.8,0.73
X-2046,MAGEB2,4113.0,Del0.8,0.73
X-2046,MAGEB3,4114.0,Del0.8,0.73
X-2046,MAGEB4,4115.0,Del0.8,0.73
X-2046,MAGEB6,158809.0,Del0.8,0.73
X-2046,MAGED1,9500.0,Del0.8,0.74
X-2046,MAGED2,10916.0,Del0.8,0.74
X-2046,MAGED4B,81557.0,Del0.8,0.74
X-2046,MAGED4B,81557.0,Del0.8,0.74
X-2046,MAGEH1,28986.0,Del0.8,0.74
X-2046,MAGIX,79917.0,Del0.8,0.74
X-2046,MAN2B1,4125.0,MutNovel,"E911K,0.340"
X-2046,MAOA,4128.0,Del0.8,0.74
X-2046,MAOB,4129.0,Del0.8,0.74
X-2046,MAP2K4,6416.0,Del0.8,0.57
X-2046,MAP3K15,389840.0,Del0.8,0.73
X-2046,MAP3K4,4216.0,MutNovel,"PA1189P,1.000"
X-2046,MAP7D2,256714.0,Del0.8,0.73
X-2046,MARCKS,4082.0,MutNovel,"A217T,0.592"
X-2046,MARK3,4140.0,MutNovel,"S42F,0.739"
X-2046,MBTPS2,51360.0,Del0.8,0.73
X-2046,MCM8,84515.0,MutNovel,"S753P,0.338"
X-2046,MCTS1,28985.0,MutNovel,"L144V,1.000"
X-2046,MED14,9282.0,Del0.8,0.74
X-2046,MED15,51586.0,MutNovel,"-251Q,0.562"
X-2046,MEF2A,4205.0,MutNovel,"Q412-,1.000"
X-2046,MGAM,8972.0,Del0.8,0.59
X-2046,MICAL3,57553.0,MutNovel,"A1062V,0.500"
X-2046,MID1,4281.0,Del0.8,0.72
X-2046,MID1IP1,58526.0,Del0.8,0.74
X-2046,MIR125B2,406912.0,Del0.8,0.24
X-2046,MIR155,406947.0,Del0.8,0.74
X-2046,MIR155HG,114614.0,Del0.8,0.74
X-2046,MIR188,406964.0,Del0.8,0.74
X-2046,MIR221,407006.0,Del0.8,0.74
X-2046,MIR222,407007.0,Del0.8,0.74
X-2046,MIR23C,100500809.0,Del0.8,0.73
X-2046,MIR31,407035.0,Del0.8,0.42
X-2046,MIR3156-3,100423018.0,Del0.8,0.76
X-2046,MIR31HG,554202.0,Del0.8,0.28
X-2046,MIR362,574030.0,Del0.8,0.74
X-2046,MIR3690,100500894.0,Del0.8,0.72
X-2046,MIR4474,100616441.0,Del0.8,0.21
X-2046,MIR4536-1,100616155.0,Del0.8,0.74
X-2046,MIR4759,100616243.0,Del0.8,0.74
X-2046,MIR4767,100616467.0,Del0.8,0.72
X-2046,MIR4768,100616249.0,Del0.8,0.73
X-2046,MIR4769,100616147.0,Del0.8,0.74
X-2046,MIR4770,100616373.0,Del0.8,0.72
X-2046,MIR491,574444.0,Del0.8,0.21
X-2046,MIR500A,574502.0,Del0.8,0.74
X-2046,MIR500B,100422911.0,Del0.8,0.74
X-2046,MIR501,574503.0,Del0.8,0.74
X-2046,MIR502,574504.0,Del0.8,0.74
X-2046,MIR532,693124.0,Del0.8,0.74
X-2046,MIR651,723779.0,Del0.8,0.72
X-2046,MIR660,724030.0,Del0.8,0.74
X-2046,MIR98,407054.0,Del0.8,0.74
X-2046,MIR99A,407055.0,Del0.8,0.24
X-2046,MIRLET7C,406885.0,Del0.8,0.24
X-2046,MIRLET7F2,406889.0,Del0.8,0.74
X-2046,MLL3,58508.0,Del0.8,0.54
X-2046,MLLT3,4300.0,Del0.8,0.53
X-2046,MLYCD,23417.0,MutNovel,"R11G,1.000"
X-2046,MOSPD2,158747.0,Del0.8,0.72
X-2046,MPRIP,23164.0,MutNovel,"TS178T,1.000"
X-2046,MRPL39,54148.0,Del0.8,0.74
X-2046,MSL3,10943.0,Del0.8,0.72
X-2046,MTAP,4507.0,Del0.8,0.23
X-2046,MTRNR2L10,100463488.0,Del0.8,0.74
X-2046,MUC2,4583.0,MutNovel,"T1625A,0.400"
X-2046,MUC4,4585.0,MutNovel,"A3830T,1.000"
X-2046,MUC4,4585.0,MutNovel,"P3746H,0.667"
X-2046,MUC4,4585.0,MutNovel,"Q3629H,0.667"
X-2046,MUC4,4585.0,MutNovel,"A3136P,0.571"
X-2046,MUC4,4585.0,MutNovel,"Q3133H,0.571"
X-2046,MUC4,4585.0,MutNovel,"I3017V,1.000"
X-2046,MUC4,4585.0,MutNovel,"P3010S,1.000"
X-2046,MUC4,4585.0,MutNovel,"L2738P,0.600"
X-2046,MUC4,4585.0,MutNovel,"SS2373RP,1.000"
X-2046,MUC4,4585.0,MutNovel,"P2178H,0.600"
X-2046,MUC5B,727897.0,MutNovel,"M2869T,1.000"
X-2046,MXRA5,25878.0,Del0.8,0.72
X-2046,MYH1,4619.0,MutNovel,"I1749V,1.000"
X-2046,MYO1D,4642.0,MutNovel,"H202Y,0.683"
X-2046,NCAM2,4685.0,Del0.8,0.74
X-2046,NCOA3,8202.0,MutNovel,"Q1255-,1.000"
X-2046,NCOR2,9612.0,MutNovel,"G1839GAAA,1.000"
X-2046,NCOR2,9612.0,MutNovel,"-511S,1.000"
X-2046,NCRNA00185,55410.0,Del0.8,0.21
X-2046,NDP,4693.0,Del0.8,0.74
X-2046,NDUFB11,54539.0,Del0.8,0.74
X-2046,NEDD4L,23327.0,MutNovel,"D228N,1.000"
X-2046,NEDD4L,23327.0,MutNovel,"A346T,0.994"
X-2046,NHS,4810.0,Del0.8,0.73
X-2046,NLGN4X,57502.0,Del0.8,0.72
X-2046,NLGN4Y,22829.0,Del0.8,0.21
X-2046,NONO,4841.0,MutKnownFunctional,"E225*,0.992"
X-2046,NPAT,4863.0,MutNovel,"P1046L,0.205"
X-2046,NPIPL3,23117.0,MutNovel,"F885L,0.400"
X-2046,NPLOC4,55666.0,MutNovel,"Y491C,0.672"
X-2046,NR0B1,190.0,Del0.8,0.73
X-2046,NRIP1,8204.0,Del0.8,0.76
X-2046,NUDT10,170685.0,Del0.8,0.74
X-2046,NUDT11,55190.0,Del0.8,0.74
X-2046,NYX,60506.0,Del0.8,0.74
X-2046,OFD1,8481.0,Del0.8,0.72
X-2046,OR2A42,402317.0,Del0.8,0.76
X-2046,OR4F5,79501.0,Del0.8,0.62
X-2046,ORAI1,84876.0,MutNovel,"PP43-,1.000"
X-2046,OTC,5009.0,Del0.8,0.59
X-2046,OTUD5,55593.0,Del0.8,0.74
X-2046,P2RY8,286530.0,Del0.8,0.72
X-2046,PABPC3,5042.0,MutKnownFunctional,"-299,1.000"
X-2046,PAGE1,8712.0,Del0.8,0.74
X-2046,PAGE2,203569.0,Del0.8,0.74
X-2046,PAGE2B,389860.0,Del0.8,0.74
X-2046,PAGE3,139793.0,Del0.8,0.74
X-2046,PAGE4,9506.0,Del0.8,0.74
X-2046,PAGE5,90737.0,Del0.8,0.74
X-2046,PCDH11Y,83259.0,Del0.8,0.21
X-2046,PCNXL2,80003.0,MutKnownFunctional,"R806*,0.286"
X-2046,PCSK1N,27344.0,Del0.8,0.74
X-2046,PCYT1B,9468.0,Del0.8,0.73
X-2046,PDHA1,5160.0,Del0.8,0.73
X-2046,PDK3,5165.0,Del0.8,0.73
X-2046,PEX6,5190.0,MutNovel,"A79P,0.821"
X-2046,PFKFB1,5207.0,Del0.8,0.74
X-2046,PHEX,5251.0,Del0.8,0.73
X-2046,PHF16,9767.0,Del0.8,0.74
X-2046,PHF8,23133.0,Del0.8,0.74
X-2046,PHKA2,5256.0,Del0.8,0.73
X-2046,PHLDA1,22822.0,MutNovel,"QQ194Q,1.000"
X-2046,PIGA,5277.0,Del0.8,0.72
X-2046,PIM2,11040.0,Del0.8,0.74
X-2046,PIR,8544.0,Del0.8,0.72
X-2046,PIR-FIGF,100532742.0,Del0.8,0.72
X-2046,PLA2G15,23659.0,MutNovel,"R311W,0.281"
X-2046,PLCXD1,55344.0,Del0.8,0.72
X-2046,PLP2,5355.0,Del0.8,0.74
X-2046,PNPLA4,8228.0,Del0.8,0.72
X-2046,POLA1,5422.0,Del0.8,0.73
X-2046,PORCN,64840.0,Del0.8,0.74
X-2046,POTED,317754.0,Del0.8,0.76
X-2046,PPEF1,5475.0,Del0.8,0.73
X-2046,PPL,5493.0,MutNovel,"R482C,0.246"
X-2046,PPM1G,5496.0,MutNovel,"P21S,0.536"
X-2046,PPP1R2P9,80316.0,Del0.8,0.74
X-2046,PPP1R3F,89801.0,Del0.8,0.74
X-2046,PPP2R3B,28227.0,Del0.8,0.72
X-2046,PPP2R3B-AS1,283981.0,Del0.8,0.72
X-2046,PQBP1,10084.0,Del0.8,0.74
X-2046,PRAF2,11230.0,Del0.8,0.74
X-2046,PRDX4,10549.0,Del0.8,0.73
X-2046,PRICKLE3,4007.0,Del0.8,0.74
X-2046,PRKX,5613.0,Del0.8,0.72
X-2046,PRKY,5616.0,Del0.8,0.21
X-2046,PROS1,5627.0,MutNovel,"F224L,0.812"
X-2046,PRPS2,5634.0,Del0.8,0.72
X-2046,PRRG1,5638.0,Del0.8,0.73
X-2046,PRY,9081.0,Del0.8,0.21
X-2046,PRY,9081.0,Del0.8,0.21
X-2046,PRY2,442862.0,Del0.8,0.21
X-2046,PRY2,442862.0,Del0.8,0.21
X-2046,PTCHD1,139411.0,Del0.8,0.73
X-2046,PTPLAD2,401494.0,Del0.8,0.23
X-2046,PTPN13,5783.0,MutNovel,"R1222H,0.852"
X-2046,PVRIG,79037.0,MutNovel,"H23R,0.500"
X-2046,RAB9A,9367.0,Del0.8,0.72
X-2046,RAI2,10742.0,Del0.8,0.73
X-2046,RBBP7,5931.0,Del0.8,0.72
X-2046,RBM10,8241.0,Del0.8,0.74
X-2046,RBM11,54033.0,Del0.8,0.76
X-2046,RBM12,10137.0,MutNovel,"P835PAP,0.220"
X-2046,RBM3,5935.0,Del0.8,0.74
X-2046,RBMY1A3P,286557.0,Del0.8,0.21
X-2046,RBMY1B,378948.0,Del0.8,0.21
X-2046,RBMY1B,378948.0,Del0.8,0.21
X-2046,RBMY1E,378950.0,Del0.8,0.21
X-2046,RBMY1E,378950.0,Del0.8,0.21
X-2046,RBMY1F,159163.0,Del0.8,0.21
X-2046,RBMY1F,159163.0,Del0.8,0.21
X-2046,RBMY1J,378951.0,Del0.8,0.21
X-2046,RBMY1J,378951.0,Del0.8,0.21
X-2046,RBMY2EP,159125.0,Del0.8,0.21
X-2046,RBMY2FP,159162.0,Del0.8,0.21
X-2046,RBMY3AP,64593.0,Del0.8,0.21
X-2046,RDH14,57665.0,MutNovel,"R65H,0.455"
X-2046,RGN,9104.0,Del0.8,0.74
X-2046,RIBC1,158787.0,Del0.8,0.74
X-2046,RIN3,79890.0,MutNovel,"G967-,1.000"
X-2046,RNF39,80352.0,MutNovel,"R247C,0.588"
X-2046,RNPEP,6051.0,MutNovel,"K398N,0.352"
X-2046,RP2,6102.0,Del0.8,0.74
X-2046,RPGR,6103.0,Del0.8,0.73
X-2046,RPS4Y1,6192.0,Del0.8,0.21
X-2046,RPS4Y2,140032.0,Del0.8,0.21
X-2046,RPS6KA3,6197.0,Del0.8,0.73
X-2046,RRAGB,10325.0,Del0.8,0.74
X-2046,RRP9,9136.0,MutNovel,"Q229R,0.360"
X-2046,RS1,6247.0,Del0.8,0.73
X-2046,S100G,795.0,Del0.8,0.72
X-2046,SAMSN1,64092.0,Del0.8,0.76
X-2046,SAT1,6303.0,Del0.8,0.73
X-2046,SCAPER,49855.0,Del0.8,0.59
X-2046,SCARNA23,677773.0,Del0.8,0.73
X-2046,SCARNA9L,100158262.0,Del0.8,0.73
X-2046,SCML1,6322.0,Del0.8,0.73
X-2046,SCML2,10389.0,Del0.8,0.73
X-2046,SEC16A,9919.0,MutNovel,"Q1021R,1.000"
X-2046,SERINC2,347735.0,MutNovel,"-373Q,0.500"
X-2046,SH3KBP1,30011.0,Del0.8,0.73
X-2046,SHOX,6473.0,Del0.8,0.72
X-2046,SHROOM2,357.0,Del0.8,0.72
X-2046,SHROOM4,57477.0,Del0.8,0.74
X-2046,SIGLEC14,100049587.0,Amp5,7.36
X-2046,SLC25A6,293.0,Del0.8,0.72
X-2046,SLC28A2,9153.0,MutKnownFunctional,"-129?,0.450"
X-2046,SLC35A2,7355.0,Del0.8,0.74
X-2046,SLC35B3,51000.0,MutNovel,"P348S,0.557"
X-2046,SLC38A5,92745.0,Del0.8,0.74
X-2046,SLC9A7,84679.0,Del0.8,0.74
X-2046,SMAD4,4089.0,MutNovel,"C115W,0.986"
X-2046,SMC1A,8243.0,Del0.8,0.74
X-2046,SMEK3P,139420.0,Del0.8,0.73
X-2046,SMPD1,6609.0,MutNovel,"V36ARL,0.769"
X-2046,SMPX,23676.0,Del0.8,0.73
X-2046,SMS,6611.0,Del0.8,0.73
X-2046,SMTN,6525.0,MutNovel,"R618C,0.600"
X-2046,SNAPC4,6621.0,MutNovel,"S542-,1.000"
X-2046,SNORA11,677799.0,Del0.8,0.74
X-2046,SNORA11C,100124540.0,Del0.8,0.74
X-2046,SNORA11D,100124541.0,Del0.8,0.74
X-2046,SNORA11D,100124541.0,Del0.8,0.74
X-2046,SNORA11E,100124542.0,Del0.8,0.74
X-2046,SNORA11E,100124542.0,Del0.8,0.74
X-2046,SPACA5,389852.0,Del0.8,0.74
X-2046,SPANXN5,494197.0,Del0.8,0.74
X-2046,SPIN2A,54466.0,Del0.8,0.74
X-2046,SPIN2B,474343.0,Del0.8,0.74
X-2046,SPIN3,169981.0,Del0.8,0.74
X-2046,SRPX,8406.0,Del0.8,0.73
X-2046,SRY,6736.0,Del0.8,0.21
X-2046,SSX1,6756.0,Del0.8,0.74
X-2046,SSX2,6757.0,Del0.8,0.74
X-2046,SSX2,6757.0,Del0.8,0.74
X-2046,SSX2B,727837.0,Del0.8,0.74
X-2046,SSX2B,727837.0,Del0.8,0.74
X-2046,SSX3,10214.0,Del0.8,0.74
X-2046,SSX4,6759.0,Del0.8,0.74
X-2046,SSX4,6759.0,Del0.8,0.74
X-2046,SSX5,6758.0,Del0.8,0.74
X-2046,SSX6,280657.0,Del0.8,0.74
X-2046,SSX7,280658.0,Del0.8,0.74
X-2046,SSX8,280659.0,Del0.8,0.74
X-2046,STS,412.0,Del0.8,0.72
X-2046,SUV39H1,6839.0,Del0.8,0.74
X-2046,SYAP1,94056.0,Del0.8,0.72
X-2046,SYN1,6853.0,Del0.8,0.74
X-2046,SYNC,81493.0,MutNovel,"A146V,0.400"
X-2046,SYP,6855.0,Del0.8,0.74
X-2046,SYTL5,94122.0,Del0.8,0.73
X-2046,TAB3,257397.0,Del0.8,0.73
X-2046,TBC1D25,4943.0,Del0.8,0.74
X-2046,TBC1D8,11138.0,MutNovel,"Y963C,0.516"
X-2046,TBCC,6903.0,MutNovel,"S232G,0.430"
X-2046,TBL1X,6907.0,Del0.8,0.72
X-2046,TBL1Y,90665.0,Del0.8,0.21
X-2046,TBP,6908.0,MutNovel,"-64Q,1.000"
X-2046,TCEANC,170082.0,Del0.8,0.72
X-2046,TEX30,,MutNovel,"Q139R,0.484"
X-2046,TFE3,7030.0,Del0.8,0.74
X-2046,TGIF2LY,90655.0,Del0.8,0.21
X-2046,TIMM17B,10245.0,Del0.8,0.74
X-2046,TIMP1,7076.0,Del0.8,0.74
X-2046,TLR7,51284.0,Del0.8,0.72
X-2046,TLR8,51311.0,Del0.8,0.72
X-2046,TLR8-AS1,349408.0,Del0.8,0.72
X-2046,TMBIM4,51643.0,MutKnownFunctional,"-174?,0.821"
X-2046,TMEM143,55260.0,MutNovel,"I458S,0.372"
X-2046,TMEM27,57393.0,Del0.8,0.72
X-2046,TMEM47,83604.0,Del0.8,0.73
X-2046,TMPRSS15,5651.0,Del0.8,0.74
X-2046,TMSB4X,7114.0,Del0.8,0.72
X-2046,TMSB4Y,9087.0,Del0.8,0.21
X-2046,TP53,7157.0,MutNovel,"V157D,1.000"
X-2046,TRAPPC2,6399.0,Del0.8,0.72
X-2046,TRO,7216.0,Del0.8,0.74
X-2046,TSEN15,116461.0,MutNovel,"V21L,0.515"
X-2046,TSPAN7,7102.0,Del0.8,0.74
X-2046,TSPY1,7258.0,Del0.8,0.21
X-2046,TSPY2,64591.0,Del0.8,0.21
X-2046,TSPY3,728137.0,Del0.8,0.21
X-2046,TSPY4,728395.0,Del0.8,0.21
X-2046,TSPY8,728403.0,Del0.8,0.21
X-2046,TSPYL1,7259.0,MutNovel,"V176VW,0.429"
X-2046,TSPYL2,64061.0,Del0.8,0.74
X-2046,TSR2,90121.0,Del0.8,0.74
X-2046,TSSK1B,83942.0,Del0.8,0.68
X-2046,TTTY10,246119.0,Del0.8,0.21
X-2046,TTTY11,83866.0,Del0.8,0.21
X-2046,TTTY12,83867.0,Del0.8,0.21
X-2046,TTTY13,83868.0,Del0.8,0.21
X-2046,TTTY14,83869.0,Del0.8,0.21
X-2046,TTTY15,64595.0,Del0.8,0.21
X-2046,TTTY16,252948.0,Del0.8,0.21
X-2046,TTTY17A,252949.0,Del0.8,0.21
X-2046,TTTY17A,252949.0,Del0.8,0.21
X-2046,TTTY18,252950.0,Del0.8,0.21
X-2046,TTTY19,252952.0,Del0.8,0.21
X-2046,TTTY1B,100101116.0,Del0.8,0.21
X-2046,TTTY1B,100101116.0,Del0.8,0.21
X-2046,TTTY2,60439.0,Del0.8,0.21
X-2046,TTTY2,60439.0,Del0.8,0.21
X-2046,TTTY20,252951.0,Del0.8,0.21
X-2046,TTTY21,252953.0,Del0.8,0.21
X-2046,TTTY21,252953.0,Del0.8,0.21
X-2046,TTTY22,252954.0,Del0.8,0.21
X-2046,TTTY23,252955.0,Del0.8,0.21
X-2046,TTTY23,252955.0,Del0.8,0.21
X-2046,TTTY3,114760.0,Del0.8,0.21
X-2046,TTTY3,114760.0,Del0.8,0.21
X-2046,TTTY4,114761.0,Del0.8,0.21
X-2046,TTTY4,114761.0,Del0.8,0.21
X-2046,TTTY5,83863.0,Del0.8,0.21
X-2046,TTTY6,84672.0,Del0.8,0.21
X-2046,TTTY6,84672.0,Del0.8,0.21
X-2046,TTTY7,246122.0,Del0.8,0.21
X-2046,TTTY7,246122.0,Del0.8,0.21
X-2046,TTTY7B,100101120.0,Del0.8,0.21
X-2046,TTTY7B,100101120.0,Del0.8,0.21
X-2046,TTTY8,84673.0,Del0.8,0.21
X-2046,TTTY8,84673.0,Del0.8,0.21
X-2046,TTTY9A,83864.0,Del0.8,0.21
X-2046,TTTY9A,83864.0,Del0.8,0.21
X-2046,TXLNG,55787.0,Del0.8,0.72
X-2046,TXLNG2P,246126.0,Del0.8,0.21
X-2046,UBA1,7317.0,Del0.8,0.74
X-2046,UBQLN2,29978.0,Del0.8,0.74
X-2046,UGT2B15,7366.0,Del0.8,0.49
X-2046,UQCRBP1,442454.0,Del0.8,0.74
X-2046,USP11,8237.0,Del0.8,0.74
X-2046,USP25,29761.0,Del0.8,0.76
X-2046,USP27X,389856.0,Del0.8,0.74
X-2046,USP36,57602.0,MutNovel,"KKK958K,0.373"
X-2046,USP51,158880.0,Del0.8,0.74
X-2046,USP9X,8239.0,Del0.8,0.74
X-2046,USP9Y,8287.0,Del0.8,0.21
X-2046,UTY,7404.0,Del0.8,0.21
X-2046,UXT,8409.0,Del0.8,0.74
X-2046,VCX,26609.0,Del0.8,0.72
X-2046,VCX2,51480.0,Del0.8,0.72
X-2046,VCX3A,51481.0,Del0.8,0.72
X-2046,VCX3B,425054.0,Del0.8,0.72
X-2046,VCY,9084.0,Del0.8,0.21
X-2046,VCY,9084.0,Del0.8,0.21
X-2046,VENTXP1,139538.0,Del0.8,0.73
X-2046,VILL,50853.0,MutNovel,"E329G,0.381"
X-2046,WAS,7454.0,Del0.8,0.74
X-2046,WDR13,64743.0,Del0.8,0.74
X-2046,WDR45,11152.0,Del0.8,0.74
X-2046,WNK3,65267.0,Del0.8,0.74
X-2046,WNK4,65266.0,MutNovel,"R736Q,0.621"
X-2046,WWC3,55841.0,Del0.8,0.72
X-2046,XAGE1A,653219.0,Del0.8,0.74
X-2046,XAGE1A,653219.0,Del0.8,0.74
X-2046,XAGE1C,653048.0,Del0.8,0.74
X-2046,XAGE1C,653048.0,Del0.8,0.74
X-2046,XAGE2,9502.0,Del0.8,0.74
X-2046,XAGE2,9502.0,Del0.8,0.74
X-2046,XAGE3,170626.0,Del0.8,0.74
X-2046,XAGE5,170627.0,Del0.8,0.74
X-2046,XG,7499.0,Del0.8,0.72
X-2046,XGPY2,100132596.0,Del0.8,0.72
X-2046,XK,7504.0,Del0.8,0.73
X-2046,XKRY2,353515.0,Del0.8,0.21
X-2046,XKRY2,353515.0,Del0.8,0.21
X-2046,YY2,404281.0,Del0.8,0.73
X-2046,ZBED1,9189.0,Del0.8,0.72
X-2046,ZBTB38,253461.0,MutNovel,"R865K,0.685"
X-2046,ZBTB45,84878.0,MutNovel,"R124C,0.340"
X-2046,ZDHHC11,79844.0,MutNovel,"A303D,1.000"
X-2046,ZFP36L2,678.0,MutNovel,"P79R,0.506"
X-2046,ZFX,7543.0,Del0.8,0.73
X-2046,ZFY,7544.0,Del0.8,0.21
X-2046,ZNF157,7712.0,Del0.8,0.74
X-2046,ZNF182,7569.0,Del0.8,0.74
X-2046,ZNF219,51222.0,MutNovel,"QPP233P,0.579"
X-2046,ZNF311,282890.0,MutNovel,"H87Y,0.400"
X-2046,ZNF384,171017.0,MutNovel,"QQ514Q,1.000"
X-2046,ZNF41,7592.0,Del0.8,0.74
X-2046,ZNF57,126295.0,MutNovel,"S406L,0.667"
X-2046,ZNF630,57232.0,Del0.8,0.74
X-2046,ZNF645,158506.0,Del0.8,0.73
X-2046,ZNF673,55634.0,Del0.8,0.74
X-2046,ZNF674,641339.0,Del0.8,0.74
X-2046,ZNF81,347344.0,Del0.8,0.74
X-2046,ZRSR2,8233.0,Del0.8,0.72
X-2046,ZXDA,7789.0,Del0.8,0.74
X-2046,ZXDB,158586.0,Del0.8,0.74
X-2081,A2LD1,87769.0,MutNovel,"P142L,0.231"
X-2081,AAED1,,MutNovel,"P4L,1.000"
X-2081,AARS,16.0,MutNovel,"G456V,0.359"
X-2081,ABCA5,23461.0,MutNovel,"L435M,1.000"
X-2081,ABHD13,84945.0,MutNovel,"S254F,0.853"
X-2081,ACIN1,22985.0,MutNovel,"M1153V,0.632"
X-2081,ACSL4,2182.0,MutNovel,"E258D,1.000"
X-2081,ACVR2A,92.0,MutKnownFunctional,"-435,0.589"
X-2081,ADNP2,22850.0,MutNovel,"A463G,0.846"
X-2081,ADRA2B,151.0,MutNovel,"E301ERRK,0.625"
X-2081,AGAP5,729092.0,MutNovel,"V556I,0.235"
X-2081,AGAP7,653268.0,MutNovel,"R494G,0.750"
X-2081,AGAP7,653268.0,MutNovel,"I363S,1.000"
X-2081,AGAP8,728404.0,MutNovel,"G601S,1.000"
X-2081,AGSK1,80154.0,Amp5,5.35
X-2081,AHNAK2,113146.0,MutNovel,"L1353V,0.500"
X-2081,AHNAK2,113146.0,MutNovel,"A1175L,0.211"
X-2081,AIM1L,55057.0,MutNovel,"T770M,1.000"
X-2081,AKR1B15,441282.0,MutNovel,"G84R,0.750"
X-2081,AMELY,266.0,Del0.8,0.26
X-2081,ANKRD18A,253650.0,MutNovel,"C610Y,1.000"
X-2081,ANKRD18B,441459.0,MutNovel,"N606K,1.000"
X-2081,APH1B,83464.0,MutNovel,"G187S,0.747"
X-2081,ARHGAP32,9743.0,MutNovel,"I285V,0.452"
X-2081,ARHGEF38,54848.0,MutNovel,"L418H,0.731"
X-2081,ARID4B,51742.0,MutNovel,"EE548E,0.318"
X-2081,ASMTL,8623.0,MutNovel,"I507V,1.000"
X-2081,ATMIN,23300.0,MutKnownFunctional,"C138*,0.667"
X-2081,BCAM,4059.0,MutNovel,"R305H,0.750"
X-2081,BCORP1,286554.0,Del0.8,0.25
X-2081,BLOC1S3,388552.0,MutNovel,"R164C,0.333"
X-2081,BMP2K,55589.0,MutNovel,"S385R,0.600"
X-2081,BPY2B,442867.0,Del0.8,0.25
X-2081,BPY2B,442867.0,Del0.8,0.25
X-2081,BRD7,29117.0,MutNovel,"R92Q,0.505"
X-2081,BYSL,705.0,Amp5,5.03
X-2081,C11orf30,56946.0,Del0.8,0.68
X-2081,C11orf48,79081.0,MutNovel,"Q111P,0.521"
X-2081,C14orf169,79697.0,MutNovel,"LRRR164-,0.294"
X-2081,C6orf223,221416.0,MutNovel,"A124-,0.392"
X-2081,C6orf223,221416.0,Amp5,5.5
X-2081,CAPN11,11131.0,Amp5,5.5
X-2081,CCDC108,255101.0,MutNovel,"Y1754C,1.000"
X-2081,CCDC148,130940.0,MutNovel,"Q299H,1.000"
X-2081,CCDC74A,90557.0,MutKnownFunctional,"-118L?,0.429"
X-2081,CCDC93,54520.0,MutNovel,"H315Q,0.375"
X-2081,CDC5L,988.0,Amp5,5.46
X-2081,CDK11A,728642.0,Del0.8,0.23
X-2081,CDK11B,984.0,Del0.8,0.52
X-2081,CDK12,51755.0,Amp5,5.06
X-2081,CDKN2A,1029.0,MutNovel,"G77S,1.000"
X-2081,CDY1B,253175.0,Del0.8,0.25
X-2081,CDY1B,253175.0,Del0.8,0.25
X-2081,CDY2A,9426.0,Del0.8,0.26
X-2081,CDY2A,9426.0,Del0.8,0.26
X-2081,CDY2B,203611.0,Del0.8,0.26
X-2081,CDY2B,203611.0,Del0.8,0.26
X-2081,CEACAM1,634.0,MutNovel,"S346G,0.273"
X-2081,CEP192,55125.0,MutNovel,"D316G,0.571"
X-2081,CHRD,8646.0,MutNovel,"A354G,1.000"
X-2081,CHRNA3,1136.0,MutNovel,"I250N,1.000"
X-2081,CHRNA5,1138.0,MutNovel,"I282V,0.698"
X-2081,CSDE1,7812.0,MutNovel,"R370Q,0.493"
X-2081,CSNK1A1,1452.0,MutKnownFunctional,"-26,0.350"
X-2081,CSPG4P1Y,114758.0,Del0.8,0.25
X-2081,CSPG4P1Y,114758.0,Del0.8,0.25
X-2081,DAZ1,1617.0,Del0.8,0.25
X-2081,DAZ2,57055.0,Del0.8,0.25
X-2081,DAZ3,57054.0,Del0.8,0.25
X-2081,DAZ3,57054.0,Del0.8,0.25
X-2081,DAZ4,57135.0,Del0.8,0.25
X-2081,DAZ4,57135.0,Del0.8,0.25
X-2081,DBN1,1627.0,MutNovel,"E527D,0.362"
X-2081,DDX3Y,8653.0,Del0.8,0.26
X-2081,DDX46,9879.0,MutNovel,"K137R,0.438"
X-2081,DIDO1,11083.0,MutNovel,"R84C,0.314"
X-2081,DNAH12,201625.0,MutNovel,"Y2234C,1.000"
X-2081,DUSP22,56940.0,MutNovel,"L63P,1.000"
X-2081,DUSP27,92235.0,MutKnownFunctional,"-1045,0.986"
X-2081,E2F5,1875.0,MutNovel,"G18A,0.500"
X-2081,ECT2,1894.0,MutNovel,"P447L,0.640"
X-2081,EIF1AY,9086.0,Del0.8,0.25
X-2081,EIF5AL1,143244.0,MutNovel,"HN77H,0.333"
X-2081,ENC1,8507.0,MutNovel,"T570S,0.211"
X-2081,ERBB2,2064.0,Amp5,5.06
X-2081,FAM197Y2P,252946.0,Del0.8,0.26
X-2081,FAM41AY1,340618.0,Del0.8,0.26
X-2081,FAM41AY1,340618.0,Del0.8,0.26
X-2081,FANCM,57697.0,MutNovel,"H1582Q,0.625"
X-2081,FBXL20,84961.0,Amp5,5.06
X-2081,FOXD1,2297.0,MutNovel,"A88G,1.000"
X-2081,FUK,197258.0,MutNovel,"R428W,0.658"
X-2081,FUT5,2527.0,MutNovel,"A118M,1.000"
X-2081,GIGYF2,26058.0,MutNovel,"PQ1231P,0.286"
X-2081,GNL2,29889.0,MutNovel,"Q541H,0.489"
X-2081,GOLGA2P2Y,84559.0,Del0.8,0.25
X-2081,GOLGA2P2Y,84559.0,Del0.8,0.25
X-2081,GOLGA6L10,647042.0,Amp5,5.35
X-2081,GPR31,2853.0,Del0.8,0.73
X-2081,GPRIN2,9721.0,MutNovel,"-238MRE,0.667"
X-2081,GRB7,2886.0,Amp5,5.06
X-2081,GSDMA,284110.0,Amp5,5.06
X-2081,GSDMB,55876.0,Amp5,5.06
X-2081,GSTM1,2944.0,MutNovel,"S210T,1.000"
X-2081,GSTM1,2944.0,Del0.8,0.78
X-2081,GSTP1,2950.0,MutNovel,"Q126E,0.578"
X-2081,GTPBP2,54676.0,Amp8,8.57
X-2081,GYG2P1,352887.0,Del0.8,0.26
X-2081,HIP1R,9026.0,MutNovel,"G898S,0.996"
X-2081,HIPK1,204851.0,MutNovel,"E740Q,0.240"
X-2081,HLA-G,3135.0,MutNovel,"M69K,1.000"
X-2081,HLA-G,3135.0,MutNovel,"W75R,1.000"
X-2081,HLA-G,3135.0,MutNovel,"P208H,0.400"
X-2081,HLA-G,3135.0,MutNovel,"P208Q,0.400"
X-2081,HLA-G,3135.0,MutNovel,"V255M,0.750"
X-2081,HSFY2,159119.0,Del0.8,0.15
X-2081,HSFY2,159119.0,Del0.8,0.26
X-2081,HSP90AB1,3326.0,Amp5,5.9
X-2081,HSPA1A,3303.0,MutNovel,"S121H,0.400"
X-2081,HSPA1A,3303.0,MutNovel,"M122K,0.800"
X-2081,IDH2,3418.0,MutNovel,"T169I,0.680"
X-2081,IKZF3,22806.0,Amp5,5.06
X-2081,INTS1,26173.0,MutNovel,"L365P,1.000"
X-2081,IP6K2,51447.0,MutNovel,"R300H,1.000"
X-2081,KANK2,25959.0,MutNovel,"P373R,0.448"
X-2081,KDM3A,55818.0,MutNovel,"N154K,0.486"
X-2081,KDM5D,8284.0,Del0.8,0.25
X-2081,KIAA0391,9692.0,MutKnownFunctional,"-83?,0.250"
X-2081,KRAS,3845.0,MutKnownFunctional,"G12D,0.543"
X-2081,KRT14,3861.0,MutNovel,"T308S,0.947"
X-2081,KRT14,3861.0,MutNovel,"E304D,0.947"
X-2081,KRT14,3861.0,MutNovel,"M294V,0.273"
X-2081,KRT14,3861.0,MutNovel,"Y291D,0.500"
X-2081,KRT14,3861.0,MutNovel,"S241N,1.000"
X-2081,KRT2,3849.0,MutNovel,"E454Q,1.000"
X-2081,KRT33A,3883.0,MutNovel,"I165R,1.000"
X-2081,KTN1,3895.0,MutNovel,"E887Q,0.761"
X-2081,LAD1,3898.0,MutNovel,"L161F,0.492"
X-2081,LAMA5,3911.0,MutNovel,"R2248W,0.455"
X-2081,LAMA5,3911.0,MutNovel,"T709M,0.552"
X-2081,LATS1,9113.0,MutKnownFunctional,"R82*,1.000"
X-2081,LEFTY2,7044.0,MutNovel,"K279E,0.500"
X-2081,LGALS9C,654346.0,MutNovel,"I243L,1.000"
X-2081,LGALS9C,654346.0,MutNovel,"S263N,1.000"
X-2081,LMNB2,84823.0,MutNovel,"A19T,0.486"
X-2081,LOC100132354,100132354.0,Amp5,5.5
X-2081,LOC100288332,,MutNovel,"L270V,1.000"
X-2081,LOC100507203,100507203.0,MutNovel,"W35L,1.000"
X-2081,LOC100652772,,MutNovel,"P215H,0.615"
X-2081,LOC100996433,,MutNovel,"S55C,1.000"
X-2081,LOC100996473,,MutKnownFunctional,"Q219*,0.591"
X-2081,LOC390660,390660.0,Amp5,5.35
X-2081,LOC440297,440297.0,Amp5,5.35
X-2081,LOC642131,,MutNovel,"P60S,1.000"
X-2081,LOC642131,,MutNovel,"S51G,1.000"
X-2081,LOC642131,,MutNovel,"G46D,1.000"
X-2081,LOC642131,,MutNovel,"V42T,1.000"
X-2081,LOC646543,,MutNovel,"A19T,0.750"
X-2081,LOC727849,727849.0,Amp5,5.35
X-2081,LOC730183,,MutNovel,"W71C,0.500"
X-2081,LRRC14,9684.0,MutNovel,"G292S,0.609"
X-2081,LRRC3C,100505591.0,Amp5,5.06
X-2081,LRRC73,221424.0,Amp8,8.57
X-2081,LRRK1,79705.0,MutNovel,"E282K,1.000"
X-2081,MAD2L1BP,9587.0,Amp8,8.57
X-2081,MAP1S,55201.0,MutNovel,"G662R,0.529"
X-2081,MAP7,9053.0,MutNovel,"EA601A,0.558"
X-2081,MAPK12,6300.0,MutNovel,"P194T,0.633"
X-2081,MAST2,23139.0,MutNovel,"S1214N,0.513"
X-2081,MED1,5469.0,Amp5,5.06
X-2081,MED20,9477.0,Amp5,5.03
X-2081,MIEN1,84299.0,Amp5,5.06
X-2081,MIR4642,100616352.0,Amp5,5.46
X-2081,MIR4647,100616124.0,Amp5,5.9
X-2081,MIR4728,100616132.0,Amp5,5.06
X-2081,MLKL,197259.0,MutNovel,"N168K,0.354"
X-2081,MLLT6,4302.0,MutNovel,"N897S,0.571"
X-2081,MPRIP,23164.0,MutNovel,"TS178T,0.410"
X-2081,MRPL14,64928.0,Amp5,5.5
X-2081,MRPS18A,55168.0,Amp5,5.5
X-2081,MTSS1L,92154.0,MutNovel,"A610V,0.357"
X-2081,MTUS1,57509.0,MutNovel,"K113N,1.000"
X-2081,MUC12,10071.0,MutNovel,"LG4568FS,0.667"
X-2081,MUC12,10071.0,MutNovel,"E4601G,1.000"
X-2081,MUC12,10071.0,MutNovel,"T4603M,1.000"
X-2081,MUC3A,,MutNovel,"A42T,0.351"
X-2081,MUC3A,,MutNovel,"R485P,0.986"
X-2081,MUC3A,,MutNovel,"E601Q,1.000"
X-2081,MUC3A,,MutNovel,"I736T,0.995"
X-2081,MVP,9961.0,MutNovel,"I662M,0.455"
X-2081,MYO7B,4648.0,MutNovel,"I506F,0.393"
X-2081,N4BP1,9683.0,MutNovel,"K634Q,0.668"
X-2081,NAALADL2,254827.0,MutNovel,"G143R,0.250"
X-2081,NBPF1,55672.0,MutNovel,"P888H,0.400"
X-2081,NBPF9,400818.0,MutNovel,"Q184R,0.364"
X-2081,NBPF9,400818.0,MutNovel,"V346M,0.250"
X-2081,NCOR2,9612.0,MutNovel,"G1839GAAA,0.257"
X-2081,NCRNA00185,55410.0,Del0.8,0.25
X-2081,NEB,4703.0,MutNovel,"L7952V,0.500"
X-2081,NEK9,91754.0,MutNovel,"V394M,0.290"
X-2081,NEUROD2,4761.0,Amp5,5.06
X-2081,NFE2L2,4780.0,MutNovel,"R43Q,0.549"
X-2081,NFE2L3,9603.0,MutNovel,"-34L,0.615"
X-2081,NFKBIE,4794.0,Amp5,5.9
X-2081,NFRKB,4798.0,MutNovel,"A359S,0.536"
X-2081,NLGN4Y,22829.0,Del0.8,0.26
X-2081,NOP10,55505.0,MutKnownFunctional,"-2,0.360"
X-2081,NPIP,9284.0,MutNovel,"HL146QM,0.250"
X-2081,NPIPL3,23117.0,MutNovel,"E779Q,0.882"
X-2081,NR1H2,7376.0,MutNovel,"-173Q,0.818"
X-2081,NUDT2,318.0,MutNovel,"G34V,1.000"
X-2081,OR52E8,390079.0,Del0.8,0.61
X-2081,ORAI1,84876.0,MutNovel,"PP43-,0.974"
X-2081,ORMDL3,94103.0,Amp5,5.06
X-2081,P2RY8,286530.0,MutNovel,"V1520A,1.000"
X-2081,PANK1,53354.0,MutKnownFunctional,"Q196*,1.000"
X-2081,PBRM1,55193.0,MutNovel,"L140F,1.000"
X-2081,PCDH11Y,83259.0,Del0.8,0.26
X-2081,PCLO,27445.0,MutNovel,"P486S,0.889"
X-2081,PCNXL2,80003.0,MutNovel,"A1945V,0.276"
X-2081,PDK4,5166.0,MutNovel,"Y243C,0.623"
X-2081,PDX1,3651.0,MutNovel,"L238LP,0.422"
X-2081,PDX1,3651.0,MutNovel,"R283Q,0.432"
X-2081,PGAP3,93210.0,Amp5,5.06
X-2081,PHLDA1,22822.0,MutNovel,"QQ194Q,0.433"
X-2081,PIEZO1,9780.0,MutNovel,"D88G,0.542"
X-2081,PLEKHS1,,MutNovel,"V323G,0.418"
X-2081,PLXNB1,5364.0,MutNovel,"N543D,1.000"
X-2081,PMS1,5378.0,MutNovel,"L762V,0.470"
X-2081,PNMT,5409.0,Amp5,5.06
X-2081,POGZ,23126.0,MutNovel,"SS720S,0.548"
X-2081,POLH,5429.0,Amp8,8.57
X-2081,POLR1C,9533.0,Amp8,8.57
X-2081,POTEI,,MutNovel,"I803R,1.000"
X-2081,POTEI,,MutNovel,"P798L,1.000"
X-2081,POTEJ,,MutNovel,"A798S,1.000"
X-2081,POU5F1B,5462.0,MutNovel,"F9L,0.600"
X-2081,PPP1R1B,84152.0,Amp5,5.06
X-2081,PRKY,5616.0,Del0.8,0.26
X-2081,PRPF3,9129.0,MutNovel,"R277H,0.494"
X-2081,PRY,9081.0,Del0.8,0.25
X-2081,PRY,9081.0,Del0.8,0.25
X-2081,PRY2,442862.0,Del0.8,0.25
X-2081,PRY2,442862.0,Del0.8,0.25
X-2081,PSMD3,5709.0,Amp5,5.06
X-2081,PTOV1,53635.0,MutNovel,"A39G,0.594"
X-2081,PTPN14,5784.0,MutNovel,"H360P,0.692"
X-2081,RANBP3,8498.0,MutNovel,"C406S,0.571"
X-2081,RAPGEF2,9693.0,MutNovel,"E80G,0.333"
X-2081,RAPGEF3,10411.0,MutNovel,"P923A,0.694"
X-2081,RASA2,5922.0,MutNovel,"V703M,0.733"
X-2081,RBMY1A3P,286557.0,Del0.8,0.26
X-2081,RBMY1B,378948.0,Del0.8,0.25
X-2081,RBMY1B,378948.0,Del0.8,0.25
X-2081,RBMY1E,378950.0,Del0.8,0.25
X-2081,RBMY1E,378950.0,Del0.8,0.25
X-2081,RBMY1F,159163.0,Del0.8,0.25
X-2081,RBMY1F,159163.0,Del0.8,0.25
X-2081,RBMY1J,378951.0,Del0.8,0.25
X-2081,RBMY1J,378951.0,Del0.8,0.25
X-2081,RBMY2EP,159125.0,Del0.8,0.25
X-2081,RBMY2FP,159162.0,Del0.8,0.25
X-2081,RBMY3AP,64593.0,Del0.8,0.26
X-2081,RECQL4,9401.0,MutNovel,"S92L,0.587"
X-2081,RNF19B,127544.0,MutNovel,"Q62P,1.000"
X-2081,RPL14,9045.0,MutNovel,"TAAA149T,0.778"
X-2081,RPL7L1,285855.0,MutNovel,"A31T,0.269"
X-2081,RPS4Y1,6192.0,Del0.8,0.26
X-2081,RPS4Y2,140032.0,Del0.8,0.25
X-2081,RSPH9,221421.0,Amp5,6.87
X-2081,SARS,6301.0,MutNovel,"M229I,0.450"
X-2081,SERINC2,347735.0,MutNovel,"-373Q,0.693"
X-2081,SHROOM1,134549.0,MutNovel,"R711G,0.353"
X-2081,SLC23A2,9962.0,MutNovel,"R213Q,0.429"
X-2081,SLC27A3,11000.0,MutNovel,"R137H,0.435"
X-2081,SLC28A2,9153.0,MutKnownFunctional,"-129?,0.470"
X-2081,SLC29A1,2030.0,Amp8,8.11
X-2081,SLC35B2,347734.0,Amp5,5.9
X-2081,SLC35E2,9906.0,Del0.8,0.23
X-2081,SLC38A6,145389.0,MutNovel,"A484V,0.709"
X-2081,SLCO1B1,10599.0,MutNovel,"S231A,1.000"
X-2081,SMARCAD1,56916.0,MutNovel,"A943S,0.349"
X-2081,SON,6651.0,MutNovel,"P387L,0.415"
X-2081,SPATA13,221178.0,MutNovel,"L596P,0.700"
X-2081,SPG11,80208.0,MutNovel,"H1377Y,0.514"
X-2081,SPOP,8405.0,MutNovel,"V343L,0.470"
X-2081,SRCAP,10847.0,MutKnownFunctional,"R3009*,0.489"
X-2081,SRFBP1,153443.0,MutKnownFunctional,"-234?,0.306"
X-2081,SRRM5,100170229.0,MutNovel,"R533C,0.333"
X-2081,SRY,6736.0,Del0.8,0.26
X-2081,STARD3,10948.0,Amp5,5.06
X-2081,SYCE1L,100130958.0,MutNovel,"E18D,0.372"
X-2081,SYT17,51760.0,MutNovel,"C40F,0.625"
X-2081,TBL1Y,90665.0,Del0.8,0.26
X-2081,TBP,6908.0,MutNovel,"-64QQQ,0.250"
X-2081,TCAP,8557.0,Amp5,5.06
X-2081,TCFL5,10732.0,MutNovel,"A25T,0.571"
X-2081,TCTE1,202500.0,MutNovel,"W258C,1.000"
X-2081,TGIF2LY,90655.0,Del0.8,0.26
X-2081,TJAP1,93643.0,Amp8,8.57
X-2081,TMEM151B,441151.0,Amp5,5.9
X-2081,TMEM63B,55362.0,Amp5,5.5
X-2081,TMSB4Y,9087.0,Del0.8,0.26
X-2081,TMTC4,84899.0,MutNovel,"P702R,0.224"
X-2081,TOPBP1,11073.0,MutNovel,"KN468N,0.250"
X-2081,TP53,7157.0,MutLikelyFunctional,"H214R,0.989"
X-2081,TRIM52,84851.0,MutNovel,"Q200K,0.615"
X-2081,TRIO,7204.0,MutNovel,"WSSIP2486S,0.588"
X-2081,TRMU,55687.0,MutNovel,"E148K,0.562"
X-2081,TRRAP,8295.0,MutNovel,"R1651H,0.417"
X-2081,TSGA10,80705.0,MutNovel,"D265Y,0.417"
X-2081,TSPAN17,26262.0,MutNovel,"E151D,0.365"
X-2081,TSPY1,7258.0,Del0.8,0.26
X-2081,TSPY2,64591.0,Del0.8,0.26
X-2081,TSPY3,728137.0,Del0.8,0.26
X-2081,TSPY4,728395.0,Del0.8,0.26
X-2081,TSPY8,728403.0,Del0.8,0.26
X-2081,TSPYL1,7259.0,MutNovel,"V176VW,0.858"
X-2081,TSSK2,23617.0,MutNovel,"E32D,0.242"
X-2081,TTC39C,125488.0,MutNovel,"E98A,0.615"
X-2081,TTTY10,246119.0,Del0.8,0.25
X-2081,TTTY11,83866.0,Del0.8,0.26
X-2081,TTTY12,83867.0,Del0.8,0.26
X-2081,TTTY13,83868.0,Del0.8,0.25
X-2081,TTTY14,83869.0,Del0.8,0.25
X-2081,TTTY15,64595.0,Del0.8,0.26
X-2081,TTTY16,252948.0,Del0.8,0.26
X-2081,TTTY17A,252949.0,Del0.8,0.25
X-2081,TTTY17A,252949.0,Del0.8,0.25
X-2081,TTTY18,252950.0,Del0.8,0.26
X-2081,TTTY19,252952.0,Del0.8,0.26
X-2081,TTTY1B,100101116.0,Del0.8,0.26
X-2081,TTTY1B,100101116.0,Del0.8,0.26
X-2081,TTTY2,60439.0,Del0.8,0.26
X-2081,TTTY2,60439.0,Del0.8,0.26
X-2081,TTTY20,252951.0,Del0.8,0.26
X-2081,TTTY21,252953.0,Del0.8,0.26
X-2081,TTTY21,252953.0,Del0.8,0.26
X-2081,TTTY22,252954.0,Del0.8,0.26
X-2081,TTTY23,252955.0,Del0.8,0.26
X-2081,TTTY23,252955.0,Del0.8,0.26
X-2081,TTTY3,114760.0,Del0.8,0.25
X-2081,TTTY3,114760.0,Del0.8,0.25
X-2081,TTTY4,114761.0,Del0.8,0.25
X-2081,TTTY4,114761.0,Del0.8,0.25
X-2081,TTTY5,83863.0,Del0.8,0.25
X-2081,TTTY6,84672.0,Del0.8,0.25
X-2081,TTTY6,84672.0,Del0.8,0.25
X-2081,TTTY7,246122.0,Del0.8,0.26
X-2081,TTTY7,246122.0,Del0.8,0.26
X-2081,TTTY7B,100101120.0,Del0.8,0.26
X-2081,TTTY7B,100101120.0,Del0.8,0.26
X-2081,TTTY8,84673.0,Del0.8,0.26
X-2081,TTTY8,84673.0,Del0.8,0.26
X-2081,TTTY9A,83864.0,Del0.8,0.15
X-2081,TTTY9A,83864.0,Del0.8,0.26
X-2081,TULP3,7289.0,MutKnownFunctional,"G471*,0.509"
X-2081,TXLNG2P,246126.0,Del0.8,0.25
X-2081,UBAP1L,390595.0,MutNovel,"R368H,0.344"
X-2081,UHRF1,29128.0,MutNovel,"R248W,0.534"
X-2081,UNC13D,201294.0,MutNovel,"R214Q,0.489"
X-2081,USP31,57478.0,MutNovel,"PL1061L,0.381"
X-2081,USP6NL,9712.0,MutNovel,"I496N,0.449"
X-2081,USP9X,8239.0,MutNovel,"G1715R,1.000"
X-2081,USP9Y,8287.0,Del0.8,0.26
X-2081,UTY,7404.0,Del0.8,0.26
X-2081,VCY,9084.0,Del0.8,0.26
X-2081,VCY,9084.0,Del0.8,0.26
X-2081,VEGFA,7422.0,Amp5,5.5
X-2081,XKRY2,353515.0,Del0.8,0.26
X-2081,XKRY2,353515.0,Del0.8,0.26
X-2081,XPO5,57510.0,Amp8,8.57
X-2081,YIPF3,25844.0,Amp8,8.57
X-2081,YTHDC1,91746.0,MutNovel,"EE245E,0.208"
X-2081,YY1AP1,55249.0,MutNovel,"G525V,0.476"
X-2081,ZFY,7544.0,Del0.8,0.26
X-2081,ZNF334,55713.0,MutKnownFunctional,"C602*,1.000"
X-2081,ZNF461,92283.0,MutNovel,"C197R,0.364"
X-2081,ZNF571,51276.0,MutNovel,"S518R,0.316"
X-2081,ZNRF3,84133.0,MutNovel,"N353S,0.286"
X-2081,ZPBP2,124626.0,Amp5,5.06
X-2081,ZYX,7791.0,MutNovel,"P95S,0.448"
X-2116,ABCG1,9619.0,MutNovel,"L4V,0.750"
X-2116,ACAD10,80724.0,MutNovel,"D1040Y,0.545"
X-2116,ADAM18,8749.0,Del0.8,0.77
X-2116,ADAM2,2515.0,Del0.8,0.77
X-2116,ADAM32,203102.0,Del0.8,0.77
X-2116,ADAM3A,1587.0,Del0.8,0.77
X-2116,ADAM5P,255926.0,Del0.8,0.77
X-2116,ADAM9,8754.0,Del0.8,0.77
X-2116,ADRB3,155.0,Del0.8,0.79
X-2116,AGAP2,116986.0,Amp8,17.15
X-2116,AGPAT6,137964.0,Del0.8,0.78
X-2116,AHNAK2,113146.0,MutNovel,"L2326P,0.465"
X-2116,AKAP12,9590.0,MutNovel,"E1531EEE,0.886"
X-2116,AMELY,266.0,Del0.8,0.33
X-2116,ANK1,286.0,Del0.8,0.78
X-2116,ANKRD52,283373.0,Amp8,17.75
X-2116,AP3M2,10947.0,Del0.8,0.78
X-2116,APBA1,320.0,Amp5,6.41
X-2116,APOF,319.0,Amp8,17.75
X-2116,ARHGAP9,64333.0,Amp8,17.15
X-2116,ARHGEF25,115557.0,Amp8,17.15
X-2116,ARID1A,8289.0,MutNovel,"R2153H,0.654"
X-2116,ASH2L,9070.0,Del0.8,0.79
X-2116,AVIL,10677.0,Amp8,17.15
X-2116,B4GALNT1,2583.0,Amp8,17.15
X-2116,BAG4,9530.0,Del0.8,0.79
X-2116,BCORP1,286554.0,Del0.8,0.33
X-2116,BLOC1S1,2647.0,Amp8,11.08
X-2116,BLOC1S1-RDH5,100528022.0,Amp8,11.08
X-2116,BPY2B,442867.0,Del0.8,0.33
X-2116,BPY2B,442867.0,Del0.8,0.33
X-2116,BRF2,55290.0,Del0.8,0.79
X-2116,BROX,148362.0,MutNovel,"E357K,0.442"
X-2116,C8orf40,114926.0,Del0.8,0.76
X-2116,C8orf86,389649.0,Del0.8,0.77
X-2116,C9orf135,138255.0,Amp5,7.67
X-2116,CASD1,64921.0,MutKnownFunctional,"-725?,0.644"
X-2116,CASP2,835.0,MutNovel,"K177N,0.291"
X-2116,CBLC,23624.0,MutNovel,"MHAEL131M,0.216"
X-2116,CD63,967.0,Amp8,11.08
X-2116,CD72,971.0,MutNovel,"H329L,1.000"
X-2116,CDC42EP1,11135.0,MutNovel,"PAPAANPS253P,0.371"
X-2116,CDK2,1017.0,Amp8,11.08
X-2116,CDK4,1019.0,Amp8,17.15
X-2116,CDKN1C,1028.0,MutNovel,"APVAV171V,0.500"
X-2116,CDKN2A,1029.0,MutNovel,"L117V,0.955"
X-2116,CDY1B,253175.0,Del0.8,0.33
X-2116,CDY1B,253175.0,Del0.8,0.33
X-2116,CDY2A,9426.0,Del0.8,0.33
X-2116,CDY2A,9426.0,Del0.8,0.33
X-2116,CDY2B,203611.0,Del0.8,0.33
X-2116,CDY2B,203611.0,Del0.8,0.33
X-2116,CEACAM1,634.0,MutNovel,"A391V,0.576"
X-2116,CEL,1056.0,MutNovel,"Y490H,1.000"
X-2116,CFHR4,10877.0,MutKnownFunctional,"W445*,1.000"
X-2116,CHL1,10752.0,Del0.8,0.35
X-2116,CHRNA6,8973.0,Del0.8,0.76
X-2116,CHRNB3,1142.0,Del0.8,0.76
X-2116,CHRNB4,1143.0,MutNovel,"G226D,0.250"
X-2116,CLASP2,23122.0,Amp5,5.82
X-2116,CLEC4A,50856.0,MutNovel,"T40N,0.857"
X-2116,CNPY2,10330.0,Amp8,17.75
X-2116,CNTNAP3B,728577.0,MutKnownFunctional,"-533,0.846"
X-2116,CNTNAP3B,728577.0,MutKnownFunctional,"-533,0.846"
X-2116,COQ10A,93058.0,Amp8,17.75
X-2116,CRIPAK,285464.0,MutNovel,"M122T,0.400"
X-2116,CRIPAK,285464.0,MutNovel,"V164A,0.714"
X-2116,CRTAP,10491.0,Amp8,8.06
X-2116,CS,1431.0,Amp8,17.75
X-2116,CSPG4,1464.0,MutNovel,"P407L,0.518"
X-2116,CSPG4P1Y,114758.0,Del0.8,0.33
X-2116,CSPG4P1Y,114758.0,Del0.8,0.33
X-2116,CT45A1,541466.0,Del0.8,0.74
X-2116,CT45A2,728911.0,Del0.8,0.74
X-2116,CT45A4,441520.0,Del0.8,0.74
X-2116,CTAGE4,100128553.0,MutNovel,"SG702RS,1.000"
X-2116,CTSA,5476.0,MutNovel,"L29-,0.365"
X-2116,CUL9,23113.0,MutNovel,"R1277L,0.394"
X-2116,CYP27B1,1594.0,Amp8,17.15
X-2116,DAZ1,1617.0,Del0.8,0.33
X-2116,DAZ2,57055.0,Del0.8,0.33
X-2116,DAZ3,57054.0,Del0.8,0.33
X-2116,DAZ3,57054.0,Del0.8,0.33
X-2116,DAZ4,57135.0,Del0.8,0.33
X-2116,DAZ4,57135.0,Del0.8,0.33
X-2116,DCTN2,10540.0,Amp8,17.15
X-2116,DCTN6,10671.0,Del0.8,0.78
X-2116,DDHD2,23259.0,Del0.8,0.79
X-2116,DDIT3,1649.0,Amp8,17.15
X-2116,DDX3Y,8653.0,Del0.8,0.33
X-2116,DGKA,1606.0,Amp8,11.08
X-2116,DHX16,8449.0,MutNovel,"P8S,0.568"
X-2116,DISC1,27185.0,MutNovel,"A364T,0.250"
X-2116,DKK4,27121.0,Del0.8,0.76
X-2116,DLX6,1750.0,MutNovel,"Q44QP,0.417"
X-2116,DNAH11,8701.0,MutNovel,"P2123R,1.000"
X-2116,DNAJC14,85406.0,Amp8,11.08
X-2116,DNMBP,23268.0,MutKnownFunctional,"G1215*,0.452"
X-2116,DTX3,196403.0,Amp8,17.15
X-2116,DUOXA2,405753.0,MutNovel,"F190L,0.500"
X-2116,DUSP4,1846.0,Del0.8,0.78
X-2116,EIF1AY,9086.0,Del0.8,0.33
X-2116,EIF4EBP1,1978.0,Del0.8,0.79
X-2116,ERBB3,2065.0,Amp8,14.03
X-2116,ERLIN2,11160.0,Del0.8,0.79
X-2116,ESYT1,23344.0,Amp8,17.75
X-2116,ETS2,2114.0,MutNovel,"G65R,1.000"
X-2116,EXOC4,60412.0,MutNovel,"K9E,0.281"
X-2116,EXTL3,2137.0,Del0.8,0.78
X-2116,FAM197Y2P,252946.0,Del0.8,0.33
X-2116,FAM41AY1,340618.0,Del0.8,0.33
X-2116,FAM41AY1,340618.0,Del0.8,0.33
X-2116,FAM66A,100133172.0,Del0.8,0.73
X-2116,FAM90A1,55138.0,MutNovel,"A422G,0.390"
X-2116,FAM90A1,55138.0,Amp8,8.88
X-2116,FBXL2,25827.0,Amp5,5.82
X-2116,FBXO16,157574.0,Del0.8,0.8
X-2116,FNBP1L,54874.0,MutNovel,"G477D,0.480"
X-2116,FNTA,2339.0,Del0.8,0.76
X-2116,FOXA1,3169.0,MutNovel,"M134V,0.667"
X-2116,FOXE1,2304.0,MutNovel,"AA169-,0.466"
X-2116,FRRS1L,,MutNovel,"R51A,1.000"
X-2116,FSTL4,23105.0,MutNovel,"R741C,0.497"
X-2116,FXN,2395.0,MutNovel,"P52L,0.332"
X-2116,FZD3,7976.0,Del0.8,0.65
X-2116,GARS,2617.0,MutNovel,"G303E,0.362"
X-2116,GDF11,10220.0,Amp8,11.08
X-2116,GIGYF2,26058.0,MutNovel,"PQ1231P,0.241"
X-2116,GINS4,84296.0,Del0.8,0.78
X-2116,GLI1,2735.0,Amp8,17.15
X-2116,GLS2,27165.0,Amp8,17.75
X-2116,GOLGA2P2Y,84559.0,Del0.8,0.33
X-2116,GOLGA2P2Y,84559.0,Del0.8,0.33
X-2116,GOLGA7,51125.0,Del0.8,0.78
X-2116,GOT1L1,137362.0,Del0.8,0.79
X-2116,GPR124,25960.0,Del0.8,0.79
X-2116,GPRIN2,9721.0,MutNovel,"-238MRE,0.697"
X-2116,GSTT1,2952.0,Amp5,6.23
X-2116,GTF2E2,2961.0,Del0.8,0.78
X-2116,GYG2P1,352887.0,Del0.8,0.33
X-2116,HERC1,8925.0,MutNovel,"G4089D,0.423"
X-2116,HGSNAT,138050.0,Del0.8,0.76
X-2116,HLA-DRB1,3123.0,MutNovel,"T186I,0.714"
X-2116,HMBOX1,79618.0,Del0.8,0.78
X-2116,HMCN2,,MutNovel,"H3496R,1.000"
X-2116,HNRNPCL1,343069.0,MutNovel,"Q185K,1.000"
X-2116,HOOK3,84376.0,Del0.8,0.76
X-2116,HSFY2,159119.0,Del0.8,0.33
X-2116,HSFY2,159119.0,Del0.8,0.33
X-2116,HTRA4,203100.0,Del0.8,0.77
X-2116,IDO1,3620.0,Del0.8,0.77
X-2116,IKZF4,64375.0,Amp8,11.08
X-2116,IL23A,51561.0,Amp8,17.75
X-2116,INHBC,3626.0,Amp8,17.15
X-2116,INHBE,83729.0,Amp8,17.15
X-2116,INSIG1,3638.0,MutNovel,"A32G,0.585"
X-2116,INSIG1,3638.0,MutNovel,"G35W,0.590"
X-2116,INTS8,55656.0,MutNovel,"E794V,0.458"
X-2116,INTS9,55756.0,Del0.8,0.78
X-2116,IST1,9798.0,MutNovel,"MP236-,0.315"
X-2116,ITGA7,3679.0,Amp8,11.08
X-2116,ITGB7,3695.0,MutNovel,"E762D,0.444"
X-2116,KAT6A,7994.0,Del0.8,0.78
X-2116,KCNQ1,3784.0,MutNovel,"Q107H,1.000"
X-2116,KCNU1,157855.0,Del0.8,0.79
X-2116,KDM5D,8284.0,Del0.8,0.33
X-2116,KDM6A,7403.0,MutKnownFunctional,"-984,0.929"
X-2116,KIAA0913,23053.0,MutNovel,"R442Q,0.643"
X-2116,KIF13B,23303.0,Del0.8,0.78
X-2116,KIF5A,3798.0,Amp8,17.15
X-2116,KRAS,3845.0,MutKnownFunctional,"G12D,0.777"
X-2116,KRT14,3861.0,MutNovel,"T308S,0.313"
X-2116,KRT14,3861.0,MutNovel,"E304D,0.335"
X-2116,KRT6C,286887.0,MutNovel,"I493V,1.000"
X-2116,KRT6C,286887.0,MutNovel,"N425V,0.429"
X-2116,KRT6C,286887.0,MutNovel,"T193K,0.571"
X-2116,KRT75,9119.0,MutNovel,"M427L,0.711"
X-2116,KRT75,9119.0,MutNovel,"E418D,0.679"
X-2116,KRT75,9119.0,MutNovel,"R333Q,0.400"
X-2116,KRT86,3892.0,MutNovel,"M382L,0.286"
X-2116,LEPROTL1,23484.0,Del0.8,0.78
X-2116,LINC00477,144360.0,Amp5,5.06
X-2116,LOC100130776,100130776.0,Amp8,17.15
X-2116,LOC100132247,100132247.0,MutNovel,"P1069R,0.500"
X-2116,LOC100288332,,MutNovel,"L270V,0.375"
X-2116,LOC100507341,100507341.0,Del0.8,0.78
X-2116,LOC100996318,,MutNovel,"V205I,0.875"
X-2116,LOC100996689,,MutNovel,"V336L,0.333"
X-2116,LOC286135,286135.0,Del0.8,0.78
X-2116,LOC391322,391322.0,Amp5,6.23
X-2116,LOC400499,,MutNovel,"L465F,0.636"
X-2116,LOC494558,494558.0,Amp5,7.67
X-2116,LOC642778,,MutNovel,"R50G,0.571"
X-2116,LOC728024,728024.0,Del0.8,0.79
X-2116,LSM1,27257.0,Del0.8,0.79
X-2116,MAGI1,9223.0,MutNovel,"Q421HR,0.348"
X-2116,MAP3K4,4216.0,MutNovel,"PA1189P,0.576"
X-2116,2014-03-09 00:00:00,92979.0,Amp8,17.15
X-2116,MARS,4141.0,Amp8,17.15
X-2116,MBD6,114785.0,Amp8,17.15
X-2116,MBOAT4,619373.0,Del0.8,0.78
X-2116,METTL1,4234.0,Amp8,17.15
X-2116,METTL21B,25895.0,Amp8,17.15
X-2116,METTL7B,196410.0,Amp8,11.08
X-2116,MEX3D,399664.0,MutNovel,"G509R,0.376"
X-2116,MICAL3,57553.0,MutNovel,"H954R,0.308"
X-2116,MIP,4284.0,Amp8,17.75
X-2116,MIR26A2,407016.0,Amp8,17.15
X-2116,MIR3148,100422876.0,Del0.8,0.78
X-2116,MIR4288,100422903.0,Del0.8,0.8
X-2116,MIR4469,100616115.0,Del0.8,0.76
X-2116,MIR486,619554.0,Del0.8,0.78
X-2116,MIR548O2,100616190.0,Del0.8,0.78
X-2116,MMP19,4327.0,Amp8,11.08
X-2116,MN1,4330.0,MutNovel,"Q534R,0.268"
X-2116,MTRF1L,54516.0,MutNovel,"W12L,0.409"
X-2116,MUC20,200958.0,MutNovel,"V325I,0.750"
X-2116,MYH14,79784.0,MutNovel,"A24V,0.544"
X-2116,MYH4,4622.0,MutNovel,"L1903I,1.000"
X-2116,MYL6,4637.0,Amp8,17.75
X-2116,MYL6B,140465.0,Amp8,17.75
X-2116,NACAD,23148.0,MutNovel,"KN982N,0.390"
X-2116,NBPF1,55672.0,MutNovel,"S340F,0.500"
X-2116,NCOR2,9612.0,MutNovel,"G1839GAAA,0.521"
X-2116,NCOR2,9612.0,MutNovel,"-511S,0.211"
X-2116,NCRNA00185,55410.0,Del0.8,0.33
X-2116,NDUFA4L2,56901.0,Amp8,17.15
X-2116,NEURL,9148.0,MutNovel,"L226P,0.480"
X-2116,NEURL4,84461.0,MutNovel,"V1267I,1.000"
X-2116,NFKB1,4790.0,MutKnownFunctional,"-958,0.683"
X-2116,NKX6-3,157848.0,Del0.8,0.78
X-2116,NLGN4Y,22829.0,Del0.8,0.33
X-2116,NR1H2,7376.0,MutNovel,"-173Q,0.402"
X-2116,NRIP1,8204.0,MutNovel,"A1116V,1.000"
X-2116,NRP2,8828.0,MutNovel,"SH904S,0.387"
X-2116,NRP2,8828.0,MutNovel,"C906S,0.387"
X-2116,NUDT11,55190.0,MutKnownFunctional,"-1,0.367"
X-2116,ODZ3,55714.0,MutNovel,"G693R,0.439"
X-2116,OR10P1,121130.0,Amp8,11.08
X-2116,OR6C4,341418.0,Amp8,11.08
X-2116,ORAI1,84876.0,MutNovel,"PP43-,0.810"
X-2116,ORMDL2,29095.0,Amp8,11.08
X-2116,OS9,10956.0,Amp8,17.15
X-2116,PA2G4,5036.0,Amp8,17.75
X-2116,PABPC3,5042.0,MutKnownFunctional,"-615,0.615"
X-2116,PAN2,9924.0,Amp8,17.75
X-2116,PCDH11Y,83259.0,Del0.8,0.33
X-2116,PDCD6IP,10015.0,Amp5,5.82
X-2116,PGBD5,79605.0,MutNovel,"A96S,0.489"
X-2116,PHLDA1,22822.0,MutNovel,"QQ194Q,0.530"
X-2116,PHRF1,57661.0,MutNovel,"A695V,0.401"
X-2116,PIP4K2C,79837.0,Amp8,17.15
X-2116,PLAT,5327.0,Del0.8,0.78
X-2116,PLEKHA2,59339.0,Del0.8,0.77
X-2116,PLEKHF1,79156.0,MutNovel,"T162M,0.242"
X-2116,PMEL,6490.0,Amp8,11.08
X-2116,PNOC,5368.0,Del0.8,0.8
X-2116,POLB,5423.0,Del0.8,0.76
X-2116,POTEA,340441.0,Del0.8,0.76
X-2116,POTEI,,MutNovel,"I822V,0.500"
X-2116,POTEI,,MutNovel,"N815C,1.000"
X-2116,POTEI,,MutNovel,"I803R,1.000"
X-2116,PPAPDC1B,84513.0,Del0.8,0.79
X-2116,PRB1,5542.0,MutNovel,"Q213R,0.212"
X-2116,PRB4,5545.0,MutNovel,"P123G,0.276"
X-2116,PRB4,5545.0,MutNovel,"P116H,0.294"
X-2116,PRB4,5545.0,MutNovel,"T113P,0.361"
X-2116,PRB4,5545.0,MutNovel,"P71T,0.230"
X-2116,PRKY,5616.0,Del0.8,0.33
X-2116,PROSC,11212.0,Del0.8,0.79
X-2116,PRY,9081.0,Del0.8,0.33
X-2116,PRY,9081.0,Del0.8,0.33
X-2116,PRY2,442862.0,Del0.8,0.33
X-2116,PRY2,442862.0,Del0.8,0.33
X-2116,PTAR1,375743.0,Amp5,7.67
X-2116,PVRIG,79037.0,MutNovel,"G66E,1.000"
X-2116,PXDN,7837.0,MutNovel,"R674W,1.000"
X-2116,R3HDM1,23518.0,MutNovel,"R963Q,0.474"
X-2116,R3HDM2,22864.0,Amp8,17.15
X-2116,RAB11FIP1,80223.0,Del0.8,0.79
X-2116,RAB5B,5869.0,Amp8,11.08
X-2116,RBM10,8241.0,MutKnownFunctional,"R858*,0.993"
X-2116,RBMY1A3P,286557.0,Del0.8,0.33
X-2116,RBMY1B,378948.0,Del0.8,0.33
X-2116,RBMY1B,378948.0,Del0.8,0.33
X-2116,RBMY1E,378950.0,Del0.8,0.33
X-2116,RBMY1E,378950.0,Del0.8,0.33
X-2116,RBMY1F,159163.0,Del0.8,0.33
X-2116,RBMY1F,159163.0,Del0.8,0.33
X-2116,RBMY1J,378951.0,Del0.8,0.33
X-2116,RBMY1J,378951.0,Del0.8,0.33
X-2116,RBMY2EP,159125.0,Del0.8,0.33
X-2116,RBMY2FP,159162.0,Del0.8,0.33
X-2116,RBMY3AP,64593.0,Del0.8,0.33
X-2116,RBPMS,11030.0,Del0.8,0.78
X-2116,RDH5,5959.0,Amp8,11.08
X-2116,RFC5,5985.0,MutNovel,"T261R,1.000"
X-2116,RGPD4,285190.0,MutNovel,"L723I,1.000"
X-2116,RHD,6007.0,Del0.8,0.59
X-2116,RNF170,81790.0,Del0.8,0.76
X-2116,RNF41,10193.0,Amp8,17.75
X-2116,RNF5P1,286140.0,Del0.8,0.77
X-2116,ROCK2,9475.0,MutNovel,"E139K,0.227"
X-2116,RPGR,6103.0,MutNovel,"V132I,1.000"
X-2116,RPL41,6171.0,Amp8,17.75
X-2116,RPP40,10799.0,MutNovel,"Y124H,0.545"
X-2116,RPS26,6231.0,Amp8,11.08
X-2116,RPS4Y1,6192.0,Del0.8,0.33
X-2116,RPS4Y2,140032.0,Del0.8,0.33
X-2116,RPS6KB2,6199.0,MutNovel,"N91D,0.638"
X-2116,SACS,26278.0,MutNovel,"S1997F,0.435"
X-2116,SARNP,84324.0,Amp8,11.08
X-2116,SATB2,23314.0,MutNovel,"H657R,0.625"
X-2116,SCIN,85477.0,MutNovel,"V153D,0.266"
X-2116,SEC23A,10484.0,MutNovel,"T455A,0.344"
X-2116,SECISBP2,79048.0,MutNovel,"G369S,0.586"
X-2116,SELM,140606.0,MutNovel,"E91Q,0.540"
X-2116,SEMA4B,10509.0,MutNovel,"K705N,0.680"
X-2116,SERINC2,347735.0,MutNovel,"-373Q,0.668"
X-2116,SFRP1,6422.0,Del0.8,0.78
X-2116,SGK196,84197.0,Del0.8,0.76
X-2116,SHANK2,22941.0,MutNovel,"D151Y,0.620"
X-2116,SHMT2,6472.0,MutNovel,"E477Q,0.926"
X-2116,SHROOM3,57619.0,MutNovel,"E645G,0.519"
X-2116,SLC12A2,6558.0,MutNovel,"AA96-,0.404"
X-2116,SLC16A10,117247.0,MutNovel,"I406T,0.393"
X-2116,SLC20A2,6575.0,Del0.8,0.76
X-2116,SLC26A10,65012.0,Amp8,17.15
X-2116,SLC2A6,11182.0,MutKnownFunctional,"Q299*,0.344"
X-2116,SLC30A4,7782.0,MutNovel,"F22L,0.333"
X-2116,SLC39A5,283375.0,Amp8,17.75
X-2116,SLC6A14,11254.0,MutKnownFunctional,"-3,1.000"
X-2116,SMARCC2,6601.0,Amp8,17.75
X-2116,SMC2,10592.0,Amp5,7.41
X-2116,SNX14,57231.0,MutNovel,"A197T,0.250"
X-2116,SORCS2,57537.0,MutNovel,"T553N,1.000"
X-2116,SPERT,220082.0,MutNovel,"R82H,0.300"
X-2116,SPRR1A,6698.0,MutNovel,"T11I,0.350"
X-2116,SPRR2F,6705.0,MutNovel,"P38S,0.909"
X-2116,SPRYD4,283377.0,Amp8,17.75
X-2116,SRY,6736.0,Del0.8,0.33
X-2116,STAC3,246329.0,Amp8,17.15
X-2116,STAR,6770.0,Del0.8,0.79
X-2116,STAT2,6773.0,Amp8,17.75
X-2116,SUOX,6821.0,Amp8,11.08
X-2116,SUSD5,26032.0,Amp5,6.82
X-2116,SYCP1,6847.0,MutNovel,"N521S,1.000"
X-2116,TACC1,6867.0,Del0.8,0.77
X-2116,TBL1Y,90665.0,Del0.8,0.33
X-2116,TBP,6908.0,MutNovel,"-64Q,0.248"
X-2116,TGIF2LY,90655.0,Del0.8,0.33
X-2116,THAP1,55145.0,Del0.8,0.76
X-2116,THNSL1,79896.0,MutNovel,"M137V,0.541"
X-2116,TIMELESS,8914.0,Amp8,17.75
X-2116,TM2D2,83877.0,Del0.8,0.77
X-2116,TMEM168,64418.0,MutNovel,"D634N,0.753"
X-2116,TMEM66,51669.0,Del0.8,0.78
X-2116,TMPPE,643853.0,Amp8,8.06
X-2116,TMSB4Y,9087.0,Del0.8,0.33
X-2116,TP53,7157.0,MutKnownFunctional,"R175H,0.997"
X-2116,TRIOBP,11078.0,MutNovel,"K413R,0.263"
X-2116,TSC22D1,8848.0,MutNovel,"VE448E,0.377"
X-2116,TSFM,10102.0,Amp8,17.15
X-2116,TSPAN31,6302.0,Amp8,17.15
X-2116,TSPY1,7258.0,Del0.8,0.33
X-2116,TSPY2,64591.0,Del0.8,0.33
X-2116,TSPY3,728137.0,Del0.8,0.33
X-2116,TSPY4,728395.0,Del0.8,0.33
X-2116,TSPY8,728403.0,Del0.8,0.33
X-2116,TSPYL1,7259.0,MutNovel,"V176VW,0.561"
X-2116,TTC39A,22996.0,MutNovel,"A10V,1.000"
X-2116,TTTY10,246119.0,Del0.8,0.33
X-2116,TTTY11,83866.0,Del0.8,0.33
X-2116,TTTY12,83867.0,Del0.8,0.33
X-2116,TTTY13,83868.0,Del0.8,0.33
X-2116,TTTY14,83869.0,Del0.8,0.33
X-2116,TTTY15,64595.0,Del0.8,0.33
X-2116,TTTY16,252948.0,Del0.8,0.33
X-2116,TTTY17A,252949.0,Del0.8,0.33
X-2116,TTTY17A,252949.0,Del0.8,0.33
X-2116,TTTY18,252950.0,Del0.8,0.33
X-2116,TTTY19,252952.0,Del0.8,0.33
X-2116,TTTY1B,100101116.0,Del0.8,0.33
X-2116,TTTY1B,100101116.0,Del0.8,0.33
X-2116,TTTY2,60439.0,Del0.8,0.33
X-2116,TTTY2,60439.0,Del0.8,0.33
X-2116,TTTY20,252951.0,Del0.8,0.33
X-2116,TTTY21,252953.0,Del0.8,0.33
X-2116,TTTY21,252953.0,Del0.8,0.33
X-2116,TTTY22,252954.0,Del0.8,0.33
X-2116,TTTY23,252955.0,Del0.8,0.33
X-2116,TTTY23,252955.0,Del0.8,0.33
X-2116,TTTY3,114760.0,Del0.8,0.33
X-2116,TTTY3,114760.0,Del0.8,0.33
X-2116,TTTY4,114761.0,Del0.8,0.33
X-2116,TTTY4,114761.0,Del0.8,0.33
X-2116,TTTY5,83863.0,Del0.8,0.33
X-2116,TTTY6,84672.0,Del0.8,0.33
X-2116,TTTY6,84672.0,Del0.8,0.33
X-2116,TTTY7,246122.0,Del0.8,0.33
X-2116,TTTY7,246122.0,Del0.8,0.33
X-2116,TTTY7B,100101120.0,Del0.8,0.33
X-2116,TTTY7B,100101120.0,Del0.8,0.33
X-2116,TTTY8,84673.0,Del0.8,0.33
X-2116,TTTY8,84673.0,Del0.8,0.33
X-2116,TTTY9A,83864.0,Del0.8,0.33
X-2116,TTTY9A,83864.0,Del0.8,0.33
X-2116,TXLNG2P,246126.0,Del0.8,0.33
X-2116,UBP1,7342.0,Amp5,5.82
X-2116,UNC5C,8633.0,MutNovel,"D316A,0.382"
X-2116,USP36,57602.0,MutNovel,"KKK958K,0.741"
X-2116,USP9Y,8287.0,Del0.8,0.33
X-2116,UTY,7404.0,Del0.8,0.33
X-2116,VCY,9084.0,Del0.8,0.33
X-2116,VCY,9084.0,Del0.8,0.33
X-2116,VDAC3,7419.0,Del0.8,0.76
X-2116,WASH1,100287171.0,MutNovel,"E132L,0.211"
X-2116,WDYHV1,55093.0,MutNovel,"K172R,0.472"
X-2116,WEE1,7465.0,MutNovel,"A159V,0.800"
X-2116,WHSC1L1,54904.0,Del0.8,0.53
X-2116,WIBG,84305.0,Amp8,11.08
X-2116,XKRY2,353515.0,Del0.8,0.33
X-2116,XKRY2,353515.0,Del0.8,0.33
X-2116,ZC3H10,84872.0,Amp8,17.75
X-2116,ZDBF2,57683.0,MutKnownFunctional,"-1059?,0.250"
X-2116,ZDHHC11,79844.0,Del0.8,0.69
X-2116,ZFP91,80829.0,MutNovel,"AA62-,0.250"
X-2116,ZFPM2,23414.0,MutNovel,"R884H,0.600"
X-2116,ZFY,7544.0,Del0.8,0.33
X-2116,ZMAT4,79698.0,Del0.8,0.77
X-2116,ZNF124,7678.0,MutNovel,"R101H,0.500"
X-2116,ZNF395,55893.0,Del0.8,0.8
X-2116,ZNF473,25888.0,MutNovel,"T641S,0.528"
X-2116,ZNF554,115196.0,MutKnownFunctional,"-509,0.230"
X-2116,ZNF589,51385.0,MutNovel,"S178P,1.000"
X-2116,ZNF658,26149.0,MutNovel,"P97L,0.606"
X-2116,ZNF703,80139.0,Del0.8,0.79
X-2116,ZNF812,729648.0,MutNovel,"Y305H,1.000"
X-2116,ZNF814,730051.0,MutNovel,"L547P,0.375"
X-2198,AATK,9625.0,MutNovel,"A1332T,1.000"
X-2198,ABCA2,20.0,MutNovel,"R1428H,0.267"
X-2198,AFG3L2,10939.0,MutNovel,"H587Y,0.755"
X-2198,AKAP4,8852.0,Amp5,6.82
X-2198,AKR1C1,1645.0,MutNovel,"E77G,0.241"
X-2198,ALPK1,80216.0,MutNovel,"LV113L,0.600"
X-2198,AMELY,266.0,Del0.8,0.57
X-2198,ARHGAP11A,9824.0,MutNovel,"E309Q,0.387"
X-2198,ART5,116969.0,MutNovel,"-25P,0.909"
X-2198,ATAD3B,83858.0,MutNovel,"S216A,0.365"
X-2198,ATXN10,25814.0,MutNovel,"T303I,0.991"
X-2198,BAG1,573.0,MutNovel,"E291D,0.694"
X-2198,BCAT2,587.0,MutNovel,"A220S,0.425"
X-2198,BCORP1,286554.0,Del0.8,0.57
X-2198,BMP15,9210.0,Amp5,6.82
X-2198,BPY2B,442867.0,Del0.8,0.57
X-2198,BPY2B,442867.0,Del0.8,0.57
X-2198,C15orf44,81556.0,MutNovel,"S54F,0.479"
X-2198,C1orf198,84886.0,MutNovel,"A270T,0.577"
X-2198,C3orf67,200844.0,MutNovel,"V451L,0.868"
X-2198,C5orf65,389333.0,MutNovel,"T704R,0.455"
X-2198,CACNA1F,778.0,Amp5,6.82
X-2198,CAPN9,10753.0,MutNovel,"Q402R,0.317"
X-2198,CCDC120,90060.0,Amp5,6.82
X-2198,CCDC22,28952.0,Amp5,6.82
X-2198,CCNB3,85417.0,Amp5,6.82
X-2198,CCZ1,51622.0,Amp5,5.06
X-2198,CDKN2A,1029.0,MutNovel,"P48L,0.966"
X-2198,CDKN2A,1029.0,MutNovel,"P11L,0.970"
X-2198,CDY1B,253175.0,Del0.8,0.57
X-2198,CDY1B,253175.0,Del0.8,0.57
X-2198,CDY2A,9426.0,Del0.8,0.57
X-2198,CDY2A,9426.0,Del0.8,0.57
X-2198,CDY2B,203611.0,Del0.8,0.57
X-2198,CDY2B,203611.0,Del0.8,0.57
X-2198,CERS5,91012.0,MutNovel,"P24T,0.350"
X-2198,CFHR3,10878.0,Amp5,6.54
X-2198,CLCN5,1184.0,Amp5,6.82
X-2198,CLSPN,63967.0,MutNovel,"EE633E,0.455"
X-2198,COL16A1,1307.0,MutNovel,"R1006Q,0.623"
X-2198,COL7A1,1294.0,MutNovel,"R2338G,0.750"
X-2198,CPD,1362.0,MutNovel,"A39V,1.000"
X-2198,CPS1,1373.0,MutNovel,"I950T,0.500"
X-2198,CSPG4P1Y,114758.0,Del0.8,0.57
X-2198,CSPG4P1Y,114758.0,Del0.8,0.57
X-2198,DAZ1,1617.0,Del0.8,0.57
X-2198,DAZ2,57055.0,Del0.8,0.57
X-2198,DAZ3,57054.0,Del0.8,0.57
X-2198,DAZ3,57054.0,Del0.8,0.57
X-2198,DAZ4,57135.0,Del0.8,0.57
X-2198,DAZ4,57135.0,Del0.8,0.57
X-2198,DDX3Y,8653.0,Del0.8,0.57
X-2198,DDX54,79039.0,MutNovel,"A3T,0.682"
X-2198,DGKK,139189.0,Amp5,6.82
X-2198,DHRSX,207063.0,MutNovel,"I924V,0.600"
X-2198,DIMT1,27292.0,MutNovel,"Y172H,0.778"
X-2198,DMBT1,1755.0,MutNovel,"H1080Y,0.443"
X-2198,DUSP22,56940.0,Del0.8,0.67
X-2198,EIF1AY,9086.0,Del0.8,0.57
X-2198,ERAP1,51752.0,MutNovel,"V647I,0.635"
X-2198,ERVFRD-1,405754.0,Amp5,6.06
X-2198,ETFB,2109.0,MutKnownFunctional,"-93?,0.692"
X-2198,EVPL,2125.0,MutNovel,"R829C,0.986"
X-2198,EXOSC7,23016.0,MutNovel,"R111Q,0.677"
X-2198,FAM120B,84498.0,MutNovel,"F88L,0.294"
X-2198,FAM132A,388581.0,MutKnownFunctional,"-42?,0.714"
X-2198,FAM156A,29057.0,Amp5,6.54
X-2198,FAM156A,29057.0,Amp5,6.54
X-2198,FAM156B,727866.0,Amp5,6.54
X-2198,FAM156B,727866.0,Amp5,6.54
X-2198,FAM168B,130074.0,MutNovel,"P72L,0.218"
X-2198,FAM197Y2P,252946.0,Del0.8,0.57
X-2198,FAM214B,80256.0,MutNovel,"S216F,0.385"
X-2198,FAM41AY1,340618.0,Del0.8,0.57
X-2198,FAM41AY1,340618.0,Del0.8,0.57
X-2198,FAM83E,54854.0,MutNovel,"P331L,0.356"
X-2198,FAM83H,286077.0,MutNovel,"R746C,0.656"
X-2198,FCGBP,8857.0,MutNovel,"N4355T,0.600"
X-2198,FKBP10,60681.0,MutNovel,"V456M,1.000"
X-2198,FOXP3,50943.0,Amp5,6.82
X-2198,FTSJD2,23070.0,MutNovel,"V642M,0.229"
X-2198,GAGE1,2543.0,Amp5,6.82
X-2198,GAGE10,643832.0,Amp5,6.82
X-2198,GAGE12C,,MutNovel,"M23V,0.517"
X-2198,GAGE12C,,MutNovel,"M97V,1.000"
X-2198,GAGE12D,100132399.0,MutNovel,"M23V,0.370"
X-2198,GAGE12D,100132399.0,Amp5,6.82
X-2198,GAGE12F,100008586.0,MutNovel,"M23V,0.377"
X-2198,GAGE12F,100008586.0,MutNovel,"M97V,1.000"
X-2198,GAGE12F,100008586.0,Amp5,6.82
X-2198,GAGE12G,,MutNovel,"M23V,0.304"
X-2198,GAGE12H,,MutNovel,"M23V,0.242"
X-2198,GAGE12J,729396.0,MutNovel,"M97V,0.870"
X-2198,GAGE12J,729396.0,Amp5,6.82
X-2198,GAGE13,645051.0,MutNovel,"M97V,0.850"
X-2198,GAGE13,645051.0,Amp5,6.82
X-2198,GAGE2A,729447.0,Amp5,6.82
X-2198,GAGE2B,645037.0,Amp5,6.82
X-2198,GAGE2C,2574.0,Amp5,6.82
X-2198,GAGE2D,729408.0,MutNovel,"Q113K,0.234"
X-2198,GAGE2D,729408.0,Amp5,6.82
X-2198,GAGE2E,26749.0,MutNovel,"M96V,0.826"
X-2198,GAGE2E,26749.0,Amp5,6.82
X-2198,GOLGA2P2Y,84559.0,Del0.8,0.57
X-2198,GOLGA2P2Y,84559.0,Del0.8,0.57
X-2198,GPKOW,27238.0,Amp5,6.82
X-2198,GSPT2,23708.0,Amp5,6.82
X-2198,GSTT1,2952.0,Amp8,8.88
X-2198,GTF3C5,9328.0,MutNovel,"L395M,0.254"
X-2198,GYG2P1,352887.0,Del0.8,0.57
X-2198,HERC1,8925.0,MutNovel,"L1153P,0.333"
X-2198,HERC1,8925.0,MutNovel,"L1148P,0.500"
X-2198,HLA-DRB1,3123.0,MutNovel,"Q99E,0.733"
X-2198,HLA-DRB1,3123.0,MutNovel,"A87Y,0.231"
X-2198,HLA-DRB5,3127.0,MutNovel,"K41I,1.000"
X-2198,HLA-F,3134.0,MutNovel,"H137A,0.208"
X-2198,HLA-G,3135.0,MutNovel,"F10V,0.364"
X-2198,HSFY2,159119.0,Del0.8,0.57
X-2198,HSFY2,159119.0,Del0.8,0.57
X-2198,IGSF3,3321.0,MutNovel,"D1041G,0.600"
X-2198,KDM5D,8284.0,Del0.8,0.57
X-2198,KIAA1211,57482.0,MutNovel,"R237W,0.571"
X-2198,KLHL29,114818.0,MutNovel,"P55L,0.556"
X-2198,KRAS,3845.0,MutKnownFunctional,"G12R,0.429"
X-2198,KRT13,3860.0,MutNovel,"S445C,0.600"
X-2198,KRT5,3852.0,MutNovel,"E170Q,0.465"
X-2198,KRT6A,3853.0,MutNovel,"E294K,0.397"
X-2198,LEMD3,23592.0,MutNovel,"P355S,0.588"
X-2198,LGALS1,3956.0,MutNovel,"C3F,0.421"
X-2198,LGALS9C,654346.0,Del0.8,0.57
X-2198,LIMS3-LOC440895,100271835.0,Amp5,6.87
X-2198,LIMS3L,100288695.0,Amp5,6.87
X-2198,LLGL2,3993.0,MutNovel,"T607P,0.460"
X-2198,LOC100132247,100132247.0,MutNovel,"LPSAP355L,0.235"
X-2198,LOC100507334,100507334.0,Amp5,6.87
X-2198,LOC100996575,,MutNovel,"R232I,0.238"
X-2198,LOC151009,151009.0,Amp5,6.87
X-2198,LOC158572,158572.0,Amp5,6.82
X-2198,LOC388210,,MutNovel,"P789A,0.378"
X-2198,LOC391322,391322.0,Amp8,8.88
X-2198,LSR,51599.0,MutNovel,"G518GR,0.666"
X-2198,MAGED1,9500.0,Amp5,6.82
X-2198,MAGED4B,81557.0,Amp5,6.82
X-2198,MAGED4B,81557.0,Amp5,6.54
X-2198,MAGIX,79917.0,Amp5,6.82
X-2198,MAPK7,5598.0,MutNovel,"N788T,0.269"
X-2198,MIR188,406964.0,Amp5,6.82
X-2198,MIR362,574030.0,Amp5,6.82
X-2198,MIR500A,574502.0,Amp5,6.82
X-2198,MIR500B,100422911.0,Amp5,6.82
X-2198,MIR501,574503.0,Amp5,6.82
X-2198,MIR502,574504.0,Amp5,6.82
X-2198,MIR532,693124.0,Amp5,6.82
X-2198,MIR660,724030.0,Amp5,6.82
X-2198,MST1,4485.0,MutNovel,"C338R,0.440"
X-2198,MUC12,10071.0,MutNovel,"R855H,1.000"
X-2198,MUC12,10071.0,MutNovel,"A1771T,1.000"
X-2198,MUC12,10071.0,MutNovel,"P1785T,1.000"
X-2198,MYO18A,399687.0,MutNovel,"H2037Y,0.539"
X-2198,MYO7A,4647.0,MutNovel,"D21N,0.500"
X-2198,NBPF12,,MutNovel,"M2972V,0.667"
X-2198,NCOR2,9612.0,MutNovel,"G1839GAAA,0.458"
X-2198,NCRNA00185,55410.0,Del0.8,0.57
X-2198,NEB,4703.0,MutNovel,"L7952V,0.667"
X-2198,NEB,4703.0,MutNovel,"M7916L,0.246"
X-2198,NLGN4Y,22829.0,Del0.8,0.57
X-2198,NOTCH2NL,388677.0,MutNovel,"R33H,0.393"
X-2198,NPIPL3,23117.0,MutNovel,"D1033G,0.357"
X-2198,NR1H2,7376.0,MutNovel,"-173Q,0.579"
X-2198,NT5DC3,51559.0,MutNovel,"I96T,0.556"
X-2198,NUDT10,170685.0,Amp5,6.82
X-2198,NUDT11,55190.0,Amp5,6.82
X-2198,OCM,654231.0,Amp5,6.87
X-2198,ORAI1,84876.0,MutNovel,"PP43-,0.944"
X-2198,P2RX4,5025.0,MutNovel,"L95F,0.392"
X-2198,PAGE1,8712.0,Amp5,6.82
X-2198,PAGE4,9506.0,Amp5,6.82
X-2198,PAIP1,10605.0,MutNovel,"Q44K,0.292"
X-2198,PCDH11Y,83259.0,Del0.8,0.57
X-2198,PCF11,51585.0,MutKnownFunctional,"-622?,0.486"
X-2198,PHLDA1,22822.0,MutNovel,"QQ194Q,0.261"
X-2198,PKP1,5317.0,MutNovel,"D527H,0.429"
X-2198,PLIN4,729359.0,MutNovel,"T724S,0.206"
X-2198,PLP2,5355.0,Amp5,6.82
X-2198,POLQ,10721.0,MutNovel,"R2518Q,0.639"
X-2198,POTEF,728378.0,MutNovel,"E817V,0.571"
X-2198,PPP1R3F,89801.0,Amp5,6.82
X-2198,PRAF2,11230.0,Amp5,6.82
X-2198,PRB2,653247.0,MutNovel,"R109Q,0.500"
X-2198,PRICKLE3,4007.0,Amp5,6.82
X-2198,PRKY,5616.0,Del0.8,0.57
X-2198,PRY,9081.0,Del0.8,0.57
X-2198,PRY,9081.0,Del0.8,0.57
X-2198,PRY2,442862.0,Del0.8,0.57
X-2198,PRY2,442862.0,Del0.8,0.57
X-2198,PSMD6,9861.0,MutNovel,"L84F,0.730"
X-2198,RABGAP1L,9910.0,MutNovel,"Q364P,0.588"
X-2198,RBMY1A3P,286557.0,Del0.8,0.57
X-2198,RBMY1B,378948.0,Del0.8,0.57
X-2198,RBMY1B,378948.0,Del0.8,0.57
X-2198,RBMY1E,378950.0,Del0.8,0.57
X-2198,RBMY1E,378950.0,Del0.8,0.57
X-2198,RBMY1F,159163.0,Del0.8,0.57
X-2198,RBMY1F,159163.0,Del0.8,0.57
X-2198,RBMY1J,378951.0,Del0.8,0.57
X-2198,RBMY1J,378951.0,Del0.8,0.57
X-2198,RBMY2EP,159125.0,Del0.8,0.57
X-2198,RBMY2FP,159162.0,Del0.8,0.57
X-2198,RBMY3AP,64593.0,Del0.8,0.57
X-2198,REXO1,57455.0,MutNovel,"P574L,0.958"
X-2198,RGPD6,729540.0,Amp5,6.87
X-2198,RNF216,54476.0,Amp5,5.06
X-2198,RPN2,6185.0,MutNovel,"N543D,0.475"
X-2198,RPS4Y1,6192.0,Del0.8,0.57
X-2198,RPS4Y2,140032.0,Del0.8,0.57
X-2198,RPUSD1,113000.0,MutKnownFunctional,"-290,0.407"
X-2198,RREB1,6239.0,MutNovel,"A797T,1.000"
X-2198,SEC24B,10427.0,MutNovel,"S950T,0.364"
X-2198,SEMG1,6406.0,MutNovel,"S312R,0.471"
X-2198,SERINC2,347735.0,MutNovel,"-373Q,0.278"
X-2198,SF3A1,10291.0,MutNovel,"R268Q,0.221"
X-2198,SGSM3,27352.0,MutKnownFunctional,"-327?,0.218"
X-2198,SHOX2,6474.0,MutNovel,"A235T,1.000"
X-2198,SHROOM4,57477.0,Amp5,6.82
X-2198,SKI,6497.0,MutNovel,"D669E,0.523"
X-2198,SLFN11,91607.0,MutNovel,"R643G,1.000"
X-2198,SMG1,23049.0,MutNovel,"R1383C,0.250"
X-2198,SMG1,23049.0,MutNovel,"S1379G,0.400"
X-2198,SNORA11D,100124541.0,Amp5,6.82
X-2198,SNORA11D,100124541.0,Amp5,6.54
X-2198,SNORA11E,100124542.0,Amp5,6.82
X-2198,SNORA11E,100124542.0,Amp5,6.54
X-2198,SPANXN5,494197.0,Amp5,6.54
X-2198,SPARC,6678.0,MutNovel,"A103V,0.250"
X-2198,SPEN,23013.0,MutNovel,"E1967K,0.222"
X-2198,SPRR2D,6703.0,MutNovel,"Q4E,0.400"
X-2198,SRY,6736.0,Del0.8,0.57
X-2198,SSX2,6757.0,Amp5,6.54
X-2198,SSX2,6757.0,Amp5,6.54
X-2198,SSX2B,727837.0,Amp5,6.54
X-2198,SSX2B,727837.0,Amp5,6.54
X-2198,SSX7,280658.0,Amp5,6.54
X-2198,SSX8,280659.0,Amp5,6.54
X-2198,SYP,6855.0,Amp5,6.82
X-2198,TBL1Y,90665.0,Del0.8,0.57
X-2198,TCF3,6929.0,MutNovel,"R525Q,0.280"
X-2198,TGIF2LY,90655.0,Del0.8,0.57
X-2198,TMEM176B,28959.0,MutNovel,"Y126N,0.736"
X-2198,TMSB4Y,9087.0,Del0.8,0.57
X-2198,TNKS1BP1,85456.0,MutNovel,"G1305V,0.272"
X-2198,TP53,7157.0,MutKnownFunctional,"R175H,0.989"
X-2198,TRAM2,9697.0,MutNovel,"V331A,0.385"
X-2198,TSPY1,7258.0,Del0.8,0.57
X-2198,TSPY2,64591.0,Del0.8,0.57
X-2198,TSPY3,728137.0,Del0.8,0.57
X-2198,TSPY4,728395.0,Del0.8,0.57
X-2198,TSPY8,728403.0,Del0.8,0.57
X-2198,TSPYL1,7259.0,MutNovel,"V176VW,0.677"
X-2198,TSR1,55720.0,MutNovel,"VG269G,0.938"
X-2198,TTC3,7267.0,MutKnownFunctional,"-1295?,0.811"
X-2198,TTTY10,246119.0,Del0.8,0.57
X-2198,TTTY11,83866.0,Del0.8,0.57
X-2198,TTTY12,83867.0,Del0.8,0.57
X-2198,TTTY13,83868.0,Del0.8,0.57
X-2198,TTTY14,83869.0,Del0.8,0.57
X-2198,TTTY15,64595.0,Del0.8,0.57
X-2198,TTTY16,252948.0,Del0.8,0.57
X-2198,TTTY17A,252949.0,Del0.8,0.57
X-2198,TTTY17A,252949.0,Del0.8,0.57
X-2198,TTTY18,252950.0,Del0.8,0.57
X-2198,TTTY19,252952.0,Del0.8,0.57
X-2198,TTTY1B,100101116.0,Del0.8,0.57
X-2198,TTTY1B,100101116.0,Del0.8,0.57
X-2198,TTTY2,60439.0,Del0.8,0.57
X-2198,TTTY2,60439.0,Del0.8,0.57
X-2198,TTTY20,252951.0,Del0.8,0.57
X-2198,TTTY21,252953.0,Del0.8,0.57
X-2198,TTTY21,252953.0,Del0.8,0.57
X-2198,TTTY22,252954.0,Del0.8,0.57
X-2198,TTTY23,252955.0,Del0.8,0.57
X-2198,TTTY23,252955.0,Del0.8,0.57
X-2198,TTTY3,114760.0,Del0.8,0.57
X-2198,TTTY3,114760.0,Del0.8,0.57
X-2198,TTTY4,114761.0,Del0.8,0.57
X-2198,TTTY4,114761.0,Del0.8,0.57
X-2198,TTTY5,83863.0,Del0.8,0.57
X-2198,TTTY6,84672.0,Del0.8,0.57
X-2198,TTTY6,84672.0,Del0.8,0.57
X-2198,TTTY7,246122.0,Del0.8,0.57
X-2198,TTTY7,246122.0,Del0.8,0.57
X-2198,TTTY7B,100101120.0,Del0.8,0.57
X-2198,TTTY7B,100101120.0,Del0.8,0.57
X-2198,TTTY8,84673.0,Del0.8,0.57
X-2198,TTTY8,84673.0,Del0.8,0.57
X-2198,TTTY9A,83864.0,Del0.8,0.57
X-2198,TTTY9A,83864.0,Del0.8,0.57
X-2198,TXLNG2P,246126.0,Del0.8,0.57
X-2198,UBE2J2,118424.0,MutNovel,"W50C,0.400"
X-2198,UBXN11,91544.0,MutNovel,"P503PVP,0.750"
X-2198,USP27X,389856.0,Amp5,6.82
X-2198,USP41,,MutNovel,"L148V,0.500"
X-2198,USP41,,MutNovel,"M141V,0.600"
X-2198,USP9Y,8287.0,Del0.8,0.57
X-2198,UTY,7404.0,Del0.8,0.57
X-2198,VAV1,7409.0,MutNovel,"D439V,0.750"
X-2198,VCY,9084.0,Del0.8,0.57
X-2198,VCY,9084.0,Del0.8,0.57
X-2198,VPS28,51160.0,MutKnownFunctional,"-187,0.686"
X-2198,WDR45,11152.0,Amp5,6.82
X-2198,WDR62,284403.0,MutNovel,"H522Q,0.609"
X-2198,WDR92,116143.0,MutNovel,"H267P,0.750"
X-2198,XAB2,56949.0,MutNovel,"R465C,0.286"
X-2198,XAGE1A,653219.0,Amp5,6.54
X-2198,XAGE1A,653219.0,Amp5,6.54
X-2198,XAGE1C,653048.0,Amp5,6.54
X-2198,XAGE1C,653048.0,Amp5,6.54
X-2198,XAGE2,9502.0,Amp5,6.54
X-2198,XAGE2,9502.0,Amp5,6.54
X-2198,XAGE3,170626.0,Amp5,6.54
X-2198,XAGE5,170627.0,Amp5,6.54
X-2198,XKRY2,353515.0,Del0.8,0.57
X-2198,XKRY2,353515.0,Del0.8,0.57
X-2198,ZBTB3,79842.0,Amp5,5.24
X-2198,ZDHHC11,79844.0,MutNovel,"A303D,0.385"
X-2198,ZFY,7544.0,Del0.8,0.57
X-2198,ZFYVE28,57732.0,MutNovel,"R391W,0.861"
X-2198,ZIK1,284307.0,MutNovel,"Q398L,1.000"
X-2198,ZNF174,7727.0,MutNovel,"Q93H,0.593"
X-2198,ZNF226,7769.0,MutNovel,"S251L,0.500"
X-2198,ZNF318,24149.0,MutNovel,"C2168R,0.216"
X-2198,ZNF83,55769.0,MutNovel,"QH390H,0.312"
X-2198,ZNF860,344787.0,MutNovel,"R492H,0.600"
X-2198,ZNF92,168374.0,MutKnownFunctional,"Q58*,1.000"
X-2198,ZNRD1-AS1,80862.0,Del0.8,0.76
X-2219,ACO2,50.0,MutNovel,"P62L,1.000"
X-2219,ACTR3B,57180.0,MutNovel,"R250W,0.231"
X-2219,AKT1S1,84335.0,MutNovel,"E104K,0.510"
X-2219,ALDH7A1,501.0,MutNovel,"A8T,1.000"
X-2219,AMELY,266.0,Del0.8,0.78
X-2219,ANK1,286.0,MutNovel,"R512H,1.000"
X-2219,ARL6IP4,51329.0,MutNovel,"G114R,0.473"
X-2219,ARNTL,406.0,MutNovel,"N594S,0.333"
X-2219,ATHL1,80162.0,MutNovel,"M72I,0.631"
X-2219,BCORP1,286554.0,Del0.8,0.68
X-2219,BPY2B,442867.0,Del0.8,0.68
X-2219,BPY2B,442867.0,Del0.8,0.68
X-2219,C2orf16,84226.0,MutNovel,"E1425K,1.000"
X-2219,C3orf71,646450.0,MutNovel,"Q259P,0.400"
X-2219,CCNT2,905.0,MutNovel,"I82M,0.560"
X-2219,CDY1B,253175.0,Del0.8,0.68
X-2219,CDY1B,253175.0,Del0.8,0.68
X-2219,CDY2A,9426.0,Del0.8,0.68
X-2219,CDY2A,9426.0,Del0.8,0.68
X-2219,CDY2B,203611.0,Del0.8,0.68
X-2219,CDY2B,203611.0,Del0.8,0.68
X-2219,CFHR1,3078.0,Amp5,5.31
X-2219,CFHR3,10878.0,Amp5,5.31
X-2219,CMPK1,51727.0,MutNovel,"G202A,0.515"
X-2219,CPEB2,132864.0,MutNovel,"D192H,1.000"
X-2219,CRIM1,51232.0,MutNovel,"R563H,0.357"
X-2219,CRIPAK,285464.0,MutNovel,"V164A,0.667"
X-2219,CSPG4P1Y,114758.0,Del0.8,0.68
X-2219,CSPG4P1Y,114758.0,Del0.8,0.68
X-2219,CTSA,5476.0,MutNovel,"L29-,0.431"
X-2219,CYP2C9,1559.0,MutNovel,"R329C,0.378"
X-2219,DAZ1,1617.0,Del0.8,0.68
X-2219,DAZ2,57055.0,Del0.8,0.68
X-2219,DAZ3,57054.0,Del0.8,0.68
X-2219,DAZ3,57054.0,Del0.8,0.68
X-2219,DAZ4,57135.0,Del0.8,0.68
X-2219,DAZ4,57135.0,Del0.8,0.68
X-2219,DCAF5,8816.0,MutNovel,"N113S,0.420"
X-2219,DDX26B,203522.0,MutNovel,"E435D,0.333"
X-2219,DDX31,64794.0,MutNovel,"A141V,0.538"
X-2219,DDX3Y,8653.0,Del0.8,0.68
X-2219,DDX41,51428.0,MutNovel,"G67R,0.473"
X-2219,DENND4B,9909.0,MutNovel,"QQQ908-,0.577"
X-2219,DHX58,79132.0,MutNovel,"M246I,0.684"
X-2219,DIP2A,23181.0,MutNovel,"E1502D,0.467"
X-2219,DNTTIP2,30836.0,MutNovel,"V348I,0.496"
X-2219,EFCAB7,84455.0,MutNovel,"R97S,0.267"
X-2219,EIF1AY,9086.0,Del0.8,0.68
X-2219,EPN3,55040.0,MutNovel,"R180W,0.562"
X-2219,EPS8,2059.0,MutNovel,"V716M,0.465"
X-2219,ERF,2077.0,MutNovel,"T282M,0.509"
X-2219,FAM197Y2P,252946.0,Del0.8,0.16
X-2219,FAM41AY1,340618.0,Del0.8,0.68
X-2219,FAM41AY1,340618.0,Del0.8,0.68
X-2219,FBXO38,81545.0,MutNovel,"S839C,0.259"
X-2219,FKBP15,23307.0,MutNovel,"A970T,0.375"
X-2219,FPGT,8790.0,MutNovel,"K355I,0.523"
X-2219,GAPVD1,26130.0,MutKnownFunctional,"IQ506I*,0.486"
X-2219,GIGYF2,26058.0,MutNovel,"PQ1231P,0.455"
X-2219,GJB5,2709.0,MutNovel,"I30V,0.722"
X-2219,GLTSCR1,29998.0,MutNovel,"P1451L,0.750"
X-2219,GLTSCR2,29997.0,MutNovel,"R364Q,0.474"
X-2219,GOLGA2P2Y,84559.0,Del0.8,0.68
X-2219,GOLGA2P2Y,84559.0,Del0.8,0.68
X-2219,GPRIN2,9721.0,MutNovel,"-238MRE,0.353"
X-2219,GSK3A,2931.0,MutNovel,"R272Q,0.491"
X-2219,GSTT1,2952.0,Amp8,8.82
X-2219,GTDC2,,MutNovel,"M340K,0.694"
X-2219,GTF2E1,2960.0,MutKnownFunctional,"R377*,0.467"
X-2219,GYG2P1,352887.0,Del0.8,0.68
X-2219,HIST2H2AB,317772.0,MutNovel,"K119R,0.267"
X-2219,HSFY2,159119.0,Del0.8,0.68
X-2219,HSFY2,159119.0,Del0.8,0.68
X-2219,IARS,3376.0,MutNovel,"T183M,0.408"
X-2219,IFT140,9742.0,MutNovel,"V226L,0.417"
X-2219,IGFALS,3483.0,MutNovel,"A226V,0.205"
X-2219,IGFBP2,3485.0,MutNovel,"L17LLPP,0.206"
X-2219,INTS5,80789.0,MutNovel,"P221S,0.375"
X-2219,IPO8,10526.0,MutNovel,"A575T,0.457"
X-2219,IPP,3652.0,MutNovel,"V326L,0.429"
X-2219,IQCC,55721.0,MutNovel,"S366P,0.375"
X-2219,IRS2,8660.0,MutNovel,"E912G,0.643"
X-2219,KDM2B,84678.0,MutNovel,"R1025W,0.375"
X-2219,KDM5D,8284.0,Del0.8,0.68
X-2219,KIAA1199,57214.0,MutNovel,"K1294E,0.227"
X-2219,KIF14,9928.0,MutNovel,"Y1108C,0.273"
X-2219,KIF20B,9585.0,MutNovel,"L1062LKV,0.571"
X-2219,KRAS,3845.0,MutKnownFunctional,"Q61H,0.551"
X-2219,KRT10,3858.0,MutNovel,"G541-,0.356"
X-2219,LGALS9B,284194.0,MutNovel,"V184M,0.647"
X-2219,LOC100190986,100190986.0,Del0.8,0.75
X-2219,LOC100271836,100271836.0,Del0.8,0.75
X-2219,LOC391322,391322.0,Amp8,8.82
X-2219,LRRC37B,114659.0,MutNovel,"Y604S,0.429"
X-2219,LRRC49,54839.0,MutNovel,"L684V,0.357"
X-2219,LRWD1,222229.0,MutNovel,"V582I,0.667"
X-2219,MCU,90550.0,MutNovel,"L207I,0.463"
X-2219,MON1A,84315.0,MutNovel,"A610V,0.299"
X-2219,MPPE1,65258.0,MutNovel,"L346R,0.226"
X-2219,MTX1,4580.0,MutNovel,"F351L,0.954"
X-2219,MUC5AC,,MutNovel,"R878Q,0.647"
X-2219,NBPF11,200030.0,MutNovel,"D273V,1.000"
X-2219,NBPF9,400818.0,MutNovel,"R97G,0.208"
X-2219,NCOR2,9612.0,MutNovel,"G1839GAAA,0.478"
X-2219,NCRNA00185,55410.0,Del0.8,0.68
X-2219,NLGN4Y,22829.0,Del0.8,0.68
X-2219,NPIPL3,23117.0,Del0.8,0.75
X-2219,NR1H2,7376.0,MutNovel,"-173Q,0.813"
X-2219,NTHL1,4913.0,MutNovel,"A213V,0.728"
X-2219,NUDT22,84304.0,MutNovel,"T129R,0.484"
X-2219,NUP188,23511.0,MutNovel,"N475S,0.512"
X-2219,ORAI1,84876.0,MutNovel,"PP43-,0.826"
X-2219,PCDH11Y,83259.0,Del0.8,0.78
X-2219,PCSK9,255738.0,MutNovel,"-15L,0.214"
X-2219,PGA3,643834.0,MutNovel,"V92L,1.000"
X-2219,PHLDA1,22822.0,MutNovel,"QQ194Q,0.567"
X-2219,PIEZO1,9780.0,MutNovel,"R403W,0.630"
X-2219,PIGO,84720.0,MutNovel,"H649P,0.407"
X-2219,PIKFYVE,200576.0,MutNovel,"V1916A,0.600"
X-2219,POP1,10940.0,MutNovel,"A209T,0.400"
X-2219,POR,5447.0,MutNovel,"C569Y,0.613"
X-2219,PRDM4,11108.0,MutNovel,"M338V,0.651"
X-2219,PRICKLE1,144165.0,MutNovel,"G362D,0.600"
X-2219,PRKY,5616.0,Del0.8,0.78
X-2219,PRY,9081.0,Del0.8,0.68
X-2219,PRY,9081.0,Del0.8,0.68
X-2219,PRY2,442862.0,Del0.8,0.68
X-2219,PRY2,442862.0,Del0.8,0.68
X-2219,PUF60,22827.0,MutNovel,"A23S,0.577"
X-2219,PYGO1,26108.0,MutNovel,"A313T,1.000"
X-2219,RAB17,64284.0,MutNovel,"A204V,0.491"
X-2219,RBMY1A3P,286557.0,Del0.8,0.78
X-2219,RBMY1B,378948.0,Del0.8,0.68
X-2219,RBMY1B,378948.0,Del0.8,0.68
X-2219,RBMY1E,378950.0,Del0.8,0.68
X-2219,RBMY1E,378950.0,Del0.8,0.68
X-2219,RBMY1F,159163.0,Del0.8,0.68
X-2219,RBMY1F,159163.0,Del0.8,0.68
X-2219,RBMY1J,378951.0,Del0.8,0.68
X-2219,RBMY1J,378951.0,Del0.8,0.68
X-2219,RBMY2EP,159125.0,Del0.8,0.68
X-2219,RBMY2FP,159162.0,Del0.8,0.68
X-2219,RBMY3AP,64593.0,Del0.8,0.68
X-2219,RCOR3,55758.0,MutNovel,"N294S,0.638"
X-2219,RILP,83547.0,MutNovel,"A216S,0.580"
X-2219,RPS11,6205.0,MutNovel,"R97H,0.498"
X-2219,RPS4Y1,6192.0,Del0.8,0.78
X-2219,RPS4Y2,140032.0,Del0.8,0.68
X-2219,RRP8,23378.0,MutNovel,"A15T,0.220"
X-2219,S100A13,6284.0,MutNovel,"N74S,0.251"
X-2219,SCO2,9997.0,MutNovel,"K82-,0.426"
X-2219,SCRN1,9805.0,MutNovel,"V187M,0.525"
X-2219,SERINC2,347735.0,MutNovel,"-373Q,0.469"
X-2219,SFPQ,6421.0,MutNovel,"PP185P,0.316"
X-2219,SHROOM3,57619.0,MutNovel,"V125I,0.689"
X-2219,SLC25A13,10165.0,MutNovel,"K56R,0.558"
X-2219,SLC2A4RG,56731.0,MutNovel,"A77V,0.412"
X-2219,SLC2A4RG,56731.0,MutNovel,"L120F,0.482"
X-2219,SLC38A6,145389.0,MutNovel,"A484V,0.467"
X-2219,SLC7A5P2,387254.0,Del0.8,0.75
X-2219,SLC7A8,23428.0,MutNovel,"I373L,0.238"
X-2219,SMC6,79677.0,MutKnownFunctional,"-410?,0.289"
X-2219,SMG7,9887.0,MutNovel,"L91V,0.233"
X-2219,SRY,6736.0,Del0.8,0.78
X-2219,STK11,6794.0,MutKnownFunctional,"K84*,1.000"
X-2219,TBCCD1,55171.0,MutKnownFunctional,"-24?,0.577"
X-2219,TBL1Y,90665.0,Del0.8,0.78
X-2219,TBP,6908.0,MutNovel,"-64Q,0.385"
X-2219,TGIF2LY,90655.0,Del0.8,0.78
X-2219,TLK2,11011.0,MutNovel,"R262Q,0.262"
X-2219,TMEM184A,202915.0,MutNovel,"G392GA,0.333"
X-2219,TMSB4Y,9087.0,Del0.8,0.68
X-2219,TSPY1,7258.0,Del0.8,0.16
X-2219,TSPY2,64591.0,Del0.8,0.78
X-2219,TSPY3,728137.0,Del0.8,0.16
X-2219,TSPY4,728395.0,Del0.8,0.16
X-2219,TSPY8,728403.0,Del0.8,0.16
X-2219,TSPYL1,7259.0,MutNovel,"V176VW,0.825"
X-2219,TTC12,54970.0,MutNovel,"D51E,0.767"
X-2219,TTTY10,246119.0,Del0.8,0.68
X-2219,TTTY11,83866.0,Del0.8,0.78
X-2219,TTTY12,83867.0,Del0.8,0.78
X-2219,TTTY13,83868.0,Del0.8,0.68
X-2219,TTTY14,83869.0,Del0.8,0.68
X-2219,TTTY15,64595.0,Del0.8,0.68
X-2219,TTTY16,252948.0,Del0.8,0.78
X-2219,TTTY17A,252949.0,Del0.8,0.68
X-2219,TTTY17A,252949.0,Del0.8,0.68
X-2219,TTTY18,252950.0,Del0.8,0.78
X-2219,TTTY19,252952.0,Del0.8,0.78
X-2219,TTTY1B,100101116.0,Del0.8,0.78
X-2219,TTTY1B,100101116.0,Del0.8,0.68
X-2219,TTTY2,60439.0,Del0.8,0.78
X-2219,TTTY2,60439.0,Del0.8,0.68
X-2219,TTTY20,252951.0,Del0.8,0.35
X-2219,TTTY21,252953.0,Del0.8,0.68
X-2219,TTTY21,252953.0,Del0.8,0.78
X-2219,TTTY22,252954.0,Del0.8,0.68
X-2219,TTTY23,252955.0,Del0.8,0.68
X-2219,TTTY23,252955.0,Del0.8,0.78
X-2219,TTTY3,114760.0,Del0.8,0.68
X-2219,TTTY3,114760.0,Del0.8,0.68
X-2219,TTTY4,114761.0,Del0.8,0.68
X-2219,TTTY4,114761.0,Del0.8,0.68
X-2219,TTTY5,83863.0,Del0.8,0.68
X-2219,TTTY6,84672.0,Del0.8,0.68
X-2219,TTTY6,84672.0,Del0.8,0.68
X-2219,TTTY7,246122.0,Del0.8,0.78
X-2219,TTTY7,246122.0,Del0.8,0.68
X-2219,TTTY7B,100101120.0,Del0.8,0.78
X-2219,TTTY7B,100101120.0,Del0.8,0.68
X-2219,TTTY8,84673.0,Del0.8,0.78
X-2219,TTTY8,84673.0,Del0.8,0.68
X-2219,TTTY9A,83864.0,Del0.8,0.68
X-2219,TTTY9A,83864.0,Del0.8,0.68
X-2219,TUT1,64852.0,MutNovel,"P119H,0.422"
X-2219,TXLNG2P,246126.0,Del0.8,0.68
X-2219,UPK3B,80761.0,MutNovel,"A200T,0.866"
X-2219,USP24,23358.0,MutNovel,"T1464R,0.582"
X-2219,USP36,57602.0,MutNovel,"KKK958K,0.317"
X-2219,USP9Y,8287.0,Del0.8,0.68
X-2219,UST,10090.0,MutNovel,"E344K,1.000"
X-2219,UTY,7404.0,Del0.8,0.68
X-2219,VCY,9084.0,Del0.8,0.68
X-2219,VCY,9084.0,Del0.8,0.68
X-2219,VPS37A,137492.0,MutNovel,"S18C,0.300"
X-2219,VSIG10,54621.0,MutNovel,"TQPEVII349I,0.227"
X-2219,XKRY2,353515.0,Del0.8,0.68
X-2219,XKRY2,353515.0,Del0.8,0.68
X-2219,ZBTB41,360023.0,MutNovel,"E876K,0.423"
X-2219,ZDHHC11,79844.0,MutNovel,"A303D,0.500"
X-2219,ZFY,7544.0,Del0.8,0.78
X-2219,ZNF160,90338.0,MutNovel,"A2G,0.400"
X-2219,ZNF197,10168.0,MutKnownFunctional,"-275,0.706"
X-2219,ZNF219,51222.0,MutNovel,"QPP233P,0.355"
X-2219,ZNF384,171017.0,MutNovel,"QQ514Q,0.434"
X-2219,ZNF622,90441.0,MutKnownFunctional,"R443*,0.436"
X-2219,ZNF687,57592.0,MutNovel,"A754V,0.624"
X-2219,ZNF691,51058.0,MutKnownFunctional,"-57?,0.429"
X-2220,ABCA13,154664.0,MutNovel,"T3346I,1.000"
X-2220,ABHD15,116236.0,MutKnownFunctional,"-41,0.300"
X-2220,ABI3BP,25890.0,MutNovel,"T699N,0.500"
X-2220,ADH7,131.0,MutNovel,"P52T,0.333"
X-2220,ADHFE1,137872.0,MutNovel,"K409E,0.364"
X-2220,ADRA2B,151.0,MutNovel,"E301ERRK,1.000"
X-2220,AHNAK2,113146.0,MutNovel,"E3011D,0.244"
X-2220,AHNAK2,113146.0,MutNovel,"L2911H,0.258"
X-2220,AHNAK2,113146.0,MutNovel,"G1607D,0.300"
X-2220,ATF3,467.0,MutNovel,"M145T,0.596"
X-2220,ATM,472.0,MutNovel,"V2951L,0.455"
X-2220,BOD1L1,,MutNovel,"T2848A,0.471"
X-2220,BRIX1,55299.0,MutNovel,"VE39V,0.481"
X-2220,C11orf35,256329.0,MutNovel,"V215A,0.357"
X-2220,C19orf21,126353.0,MutNovel,"P427L,0.589"
X-2220,C9orf53,51198.0,Del0.8,0.51
X-2220,CAP1,10487.0,MutNovel,"T24A,0.592"
X-2220,CARS,833.0,MutNovel,"I640T,0.433"
X-2220,CBWD5,220869.0,MutNovel,"G106C,0.444"
X-2220,CBWD7,,MutNovel,"E146D,0.381"
X-2220,CBWD7,,MutNovel,"V169M,0.273"
X-2220,CDC42EP1,11135.0,MutNovel,"PAPAANPS253P,1.000"
X-2220,CDKN2A,1029.0,Del0.8,0.51
X-2220,CDKN2B,1030.0,Del0.8,0.73
X-2220,CEACAM3,1084.0,MutNovel,"I117T,1.000"
X-2220,CEACAM7,1087.0,MutNovel,"NT174DA,0.667"
X-2220,CEACAM8,1088.0,MutNovel,"T171A,1.000"
X-2220,CENPE,1062.0,MutNovel,"N2192H,0.250"
X-2220,CLCN3,1182.0,MutNovel,"S3T,0.589"
X-2220,COL1A2,1278.0,MutNovel,"G1304V,1.000"
X-2220,COPZ2,51226.0,MutKnownFunctional,"-6?,1.000"
X-2220,CRIPAK,285464.0,MutNovel,"M122T,0.375"
X-2220,CRIPAK,285464.0,MutNovel,"V164A,0.714"
X-2220,CTAGE1,64693.0,MutNovel,"D271N,1.000"
X-2220,CTSA,5476.0,MutNovel,"L29-,1.000"
X-2220,CXCL11,6373.0,MutNovel,"QR72R,1.000"
X-2220,DHX57,90957.0,MutNovel,"L309V,0.526"
X-2220,DNA2,1763.0,MutNovel,"C218Y,0.375"
X-2220,DNAH3,55567.0,MutNovel,"F1739L,0.415"
X-2220,DNAH7,56171.0,MutKnownFunctional,"-2872?,0.556"
X-2220,DSC2,1824.0,MutKnownFunctional,"-896?,0.520"
X-2220,DYNC2H1,79659.0,MutNovel,"C2862Y,0.214"
X-2220,ELAC2,60528.0,MutNovel,"D774Y,0.561"
X-2220,ENTHD2,,MutNovel,"C352R,0.403"
X-2220,EPB41L1,2036.0,MutNovel,"T778A,0.574"
X-2220,ERF,2077.0,MutNovel,"SS371S,0.490"
X-2220,FAM21B,55747.0,MutNovel,"V1197M,0.429"
X-2220,FUT3,2525.0,MutNovel,"V221L,0.539"
X-2220,GBP2,2634.0,MutNovel,"V299A,0.348"
X-2220,GBP5,115362.0,MutNovel,"V299A,0.909"
X-2220,GIGYF2,26058.0,MutNovel,"PQ1231P,0.477"
X-2220,GLUD2,2747.0,MutNovel,"R300G,0.667"
X-2220,GMEB1,10691.0,MutNovel,"P26T,0.294"
X-2220,GPAT2,150763.0,MutNovel,"V409M,0.556"
X-2220,GPAT2,150763.0,MutNovel,"H377R,0.500"
X-2220,GPAT2,150763.0,MutNovel,"R375W,0.571"
X-2220,GPRIN2,9721.0,MutNovel,"-238MRE,1.000"
X-2220,HERC3,8916.0,MutNovel,"I523V,0.537"
X-2220,HINFP,25988.0,MutNovel,"V168M,0.557"
X-2220,HLA-DRB1,3123.0,MutNovel,"D86S,0.429"
X-2220,HLA-DRB5,3127.0,MutNovel,"E125H,1.000"
X-2220,HLA-DRB5,3127.0,MutNovel,"A87E,0.667"
X-2220,HNRNPA1L2,144983.0,MutNovel,"G56A,0.222"
X-2220,HOOK1,51361.0,MutNovel,"D238E,0.444"
X-2220,HOXA13,3209.0,MutNovel,"P166T,1.000"
X-2220,HTRA1,5654.0,MutNovel,"I471T,0.565"
X-2220,IKBKG,8517.0,MutNovel,"D181N,0.992"
X-2220,KIF20B,9585.0,MutNovel,"L1062LKV,1.000"
X-2220,KLRF1,51348.0,MutNovel,"L102I,0.800"
X-2220,KRAS,3845.0,MutKnownFunctional,"G12D,0.805"
X-2220,KRT2,3849.0,MutNovel,"Q450L,0.375"
X-2220,LGALS9B,284194.0,MutNovel,"V184M,0.894"
X-2220,LIMCH1,22998.0,MutNovel,"R421W,0.282"
X-2220,LOC100287837,,MutNovel,"E5ER,0.545"
X-2220,LOC100507656,,MutNovel,"G105E,0.727"
X-2220,LOC338667,,MutNovel,"R782C,0.429"
X-2220,LOC440335,440335.0,MutNovel,"C55R,0.524"
X-2220,LSR,51599.0,MutNovel,"G518R,0.436"
X-2220,LSR,51599.0,MutNovel,"G518GR,1.000"
X-2220,LYST,1130.0,MutNovel,"A2640V,0.400"
X-2220,MAMDC4,158056.0,MutNovel,"R1095W,0.615"
X-2220,MAMLD1,10046.0,MutNovel,"E691K,1.000"
X-2220,MAP3K1,4214.0,MutNovel,"ST941S,1.000"
X-2220,MEF2A,4205.0,MutNovel,"QQ412-,0.471"
X-2220,MEGF6,1953.0,MutNovel,"R584H,0.632"
X-2220,MLL2,8085.0,MutKnownFunctional,"Q2337*,0.571"
X-2220,MLL3,58508.0,MutKnownFunctional,"R3507*,1.000"
X-2220,MMP28,79148.0,MutKnownFunctional,"-147?,1.000"
X-2220,MPRIP,23164.0,MutNovel,"TS178T,1.000"
X-2220,MTAP,4507.0,Del0.8,0.53
X-2220,MTX1,4580.0,MutNovel,"R416W,0.348"
X-2220,MUC21,394263.0,MutNovel,"P293T,0.273"
X-2220,MUC4,4585.0,MutNovel,"P4050H,0.222"
X-2220,MUC4,4585.0,MutNovel,"A2393V,0.267"
X-2220,NBPF10,100132406.0,MutKnownFunctional,"G3548*,0.329"
X-2220,NCOR2,9612.0,MutNovel,"G1839GAAA,0.980"
X-2220,NCOR2,9612.0,MutNovel,"-511S,1.000"
X-2220,NOMO3,408050.0,MutNovel,"G947A,1.000"
X-2220,NT5DC3,51559.0,MutNovel,"A84D,1.000"
X-2220,OFD1,8481.0,MutNovel,"R402H,1.000"
X-2220,ORAI1,84876.0,MutNovel,"PP43-,1.000"
X-2220,P2RY8,286530.0,MutNovel,"R778C,1.000"
X-2220,PAPD4,167153.0,MutNovel,"R412H,0.544"
X-2220,PCDHB13,56123.0,MutNovel,"V163I,0.500"
X-2220,PHLDA1,22822.0,MutNovel,"QQ194Q,1.000"
X-2220,PLXNA2,5362.0,MutNovel,"A1454S,0.615"
X-2220,PRKDC,5591.0,MutNovel,"A885S,0.600"
X-2220,PRPF6,24148.0,MutNovel,"H465R,0.489"
X-2220,PTPRH,5794.0,MutNovel,"L272F,0.308"
X-2220,PYGO2,90780.0,MutNovel,"M193V,0.466"
X-2220,RBM10,8241.0,MutNovel,"R408H,0.994"
X-2220,RBM12,10137.0,MutNovel,"P835PAP,0.476"
X-2220,RECQL4,9401.0,MutNovel,"-859CT,0.250"
X-2220,RHOA,387.0,MutNovel,"C20R,0.558"
X-2220,RIN3,79890.0,MutNovel,"G967-,0.788"
X-2220,RUNX2,860.0,MutNovel,"T481M,0.429"
X-2220,SATB2,23314.0,MutNovel,"D141N,0.833"
X-2220,SERINC2,347735.0,MutNovel,"-373Q,1.000"
X-2220,SLC15A4,121260.0,MutNovel,"G101A,0.542"
X-2220,SMC5,23137.0,MutNovel,"F802L,0.365"
X-2220,SP110,3431.0,MutNovel,"R631Q,0.556"
X-2220,SPRR2B,6701.0,MutNovel,"P46Q,0.571"
X-2220,TBP,6908.0,MutNovel,"-64Q,0.900"
X-2220,TMBIM1,64114.0,MutNovel,"L249V,0.478"
X-2220,TMBIM4,51643.0,MutKnownFunctional,"-174?,1.000"
X-2220,TMEM184A,202915.0,MutNovel,"G392GA,1.000"
X-2220,TPM4,7171.0,MutNovel,"I143T,0.416"
X-2220,TREX2,11219.0,MutNovel,"R89Q,1.000"
X-2220,TSPYL1,7259.0,MutNovel,"V176VW,1.000"
X-2220,TSR1,55720.0,MutNovel,"VG269G,1.000"
X-2220,TXNDC15,79770.0,MutNovel,"A136T,0.545"
X-2220,TYW5,129450.0,MutNovel,"I121V,0.528"
X-2220,UQCRHL,440567.0,MutKnownFunctional,"-25?,0.316"
X-2220,USP36,57602.0,MutNovel,"KKK958K,0.766"
X-2220,UTY,7404.0,MutNovel,"A1065R,0.286"
X-2220,UTY,7404.0,MutNovel,"M1041K,0.250"
X-2220,UTY,7404.0,MutNovel,"LV1033FL,0.222"
X-2220,UTY,7404.0,MutNovel,"T1032F,0.222"
X-2220,UTY,7404.0,MutNovel,"S1029A,0.250"
X-2220,UTY,7404.0,MutNovel,"FS1028LA,0.250"
X-2220,UTY,7404.0,MutNovel,"GL1026EH,0.250"
X-2220,UTY,7404.0,MutNovel,"D1024H,0.214"
X-2220,UTY,7404.0,MutNovel,"H1001K,0.294"
X-2220,UTY,7404.0,MutNovel,"H1001N,0.389"
X-2220,UTY,7404.0,MutNovel,"Q549K,0.500"
X-2220,UTY,7404.0,MutNovel,"SP480RS,0.375"
X-2220,UTY,7404.0,MutNovel,"LS478PV,0.429"
X-2220,UTY,7404.0,MutNovel,"GL477AM,0.500"
X-2220,UTY,7404.0,MutNovel,"E476I,0.500"
X-2220,UTY,7404.0,MutKnownFunctional,"QV474H*,0.500"
X-2220,UTY,7404.0,MutNovel,"Q474K,0.500"
X-2220,UTY,7404.0,MutNovel,"Q440K,0.300"
X-2220,UTY,7404.0,MutNovel,"TA437NK,0.333"
X-2220,UTY,7404.0,MutNovel,"NT436LP,0.429"
X-2220,UTY,7404.0,MutNovel,"M435F,0.429"
X-2220,UTY,7404.0,MutNovel,"GA433KT,0.429"
X-2220,UTY,7404.0,MutNovel,"T429I,0.286"
X-2220,UTY,7404.0,MutNovel,"KF392NL,0.579"
X-2220,UTY,7404.0,MutNovel,"K392N,0.632"
X-2220,UTY,7404.0,MutNovel,"IK391MR,0.632"
X-2220,UTY,7404.0,MutNovel,"RI390IY,0.556"
X-2220,UTY,7404.0,MutNovel,"A389S,0.562"
X-2220,UTY,7404.0,MutNovel,"LA387HH,0.588"
X-2220,UTY,7404.0,MutNovel,"L387V,0.579"
X-2220,UTY,7404.0,MutNovel,"TS384RC,0.600"
X-2220,UTY,7404.0,MutNovel,"NT383TS,0.667"
X-2220,UTY,7404.0,MutNovel,"S382T,0.625"
X-2220,UTY,7404.0,MutNovel,"RC380SS,0.583"
X-2220,UTY,7404.0,MutKnownFunctional,"SK378L*,0.583"
X-2220,UTY,7404.0,MutNovel,"R377C,0.560"
X-2220,UTY,7404.0,MutNovel,"A376L,0.560"
X-2220,UTY,7404.0,MutNovel,"N374Y,0.560"
X-2220,UTY,7404.0,MutNovel,"YL372SA,0.542"
X-2220,UTY,7404.0,MutNovel,"CY371IN,0.565"
X-2220,UTY,7404.0,MutNovel,"K370F,0.591"
X-2220,UTY,7404.0,MutNovel,"I369C,0.609"
X-2220,UTY,7404.0,MutNovel,"QD366GH,0.600"
X-2220,UTY,7404.0,MutNovel,"P365R,0.600"
X-2220,UTY,7404.0,MutKnownFunctional,"NQ363S*,0.600"
X-2220,UTY,7404.0,MutNovel,"C362N,0.579"
X-2220,UTY,7404.0,MutNovel,"ES360DC,0.600"
X-2220,UTY,7404.0,MutKnownFunctional,"YE359Y*,0.529"
X-2220,UTY,7404.0,MutNovel,"L358T,0.500"
X-2220,UTY,7404.0,MutNovel,"G356S,0.556"
X-2220,UTY,7404.0,MutKnownFunctional,"DL354G*,0.529"
X-2220,UTY,7404.0,MutNovel,"MD353RN,0.562"
X-2220,UTY,7404.0,MutKnownFunctional,"W352*,0.632"
X-2220,UTY,7404.0,MutNovel,"W352Q,0.632"
X-2220,UTY,7404.0,MutNovel,"AA350ET,0.462"
X-2220,UTY,7404.0,MutNovel,"HA348QN,0.385"
X-2220,UTY,7404.0,MutNovel,"L344C,0.444"
X-2220,UTY,7404.0,MutNovel,"QL343LW,0.625"
X-2220,UTY,7404.0,MutNovel,"VQ342PE,0.625"
X-2220,UTY,7404.0,MutKnownFunctional,"YI338*V,0.444"
X-2220,UTY,7404.0,MutNovel,"Q336A,0.800"
X-2220,UTY,7404.0,MutNovel,"L335S,0.750"
X-2220,UTY,7404.0,MutNovel,"D333E,0.800"
X-2220,UTY,7404.0,MutNovel,"D333R,0.800"
X-2220,UTY,7404.0,MutNovel,"P331T,0.750"
X-2220,UTY,7404.0,MutNovel,"Q328F,0.600"
X-2220,UTY,7404.0,MutNovel,"V323L,0.667"
X-2220,UTY,7404.0,MutNovel,"EA312VI,0.750"
X-2220,UTY,7404.0,MutNovel,"SE311KK,0.833"
X-2220,UTY,7404.0,MutNovel,"K310W,0.833"
X-2220,UTY,7404.0,MutNovel,"K310W,0.833"
X-2220,UTY,7404.0,MutNovel,"D309C,0.833"
X-2220,UTY,7404.0,MutNovel,"Q306P,0.750"
X-2220,UTY,7404.0,MutNovel,"IG294MW,0.500"
X-2220,UTY,7404.0,MutNovel,"GR288EQ,1.000"
X-2220,UTY,7404.0,MutNovel,"LG287IR,1.000"
X-2220,UTY,7404.0,MutNovel,"Y285N,1.000"
X-2220,UTY,7404.0,MutNovel,"S283A,0.667"
X-2220,UTY,7404.0,MutNovel,"A276S,0.667"
X-2220,UTY,7404.0,MutNovel,"L274M,0.667"
X-2220,UTY,7404.0,MutKnownFunctional,"E263*,0.400"
X-2220,UTY,7404.0,MutNovel,"K259I,0.333"
X-2220,UTY,7404.0,MutNovel,"G257R,0.286"
X-2220,UTY,7404.0,MutNovel,"D254V,0.286"
X-2220,UTY,7404.0,MutNovel,"R162Q,0.250"
X-2220,UTY,7404.0,MutNovel,"F150T,0.400"
X-2220,UTY,7404.0,MutKnownFunctional,"YG131*L,0.556"
X-2220,UTY,7404.0,MutNovel,"FL129LV,0.500"
X-2220,UTY,7404.0,MutNovel,"AF128GG,0.500"
X-2220,UTY,7404.0,MutNovel,"AA127KT,0.556"
X-2220,UTY,7404.0,MutNovel,"N126R,0.500"
X-2220,UTY,7404.0,MutNovel,"K125R,0.444"
X-2220,UTY,7404.0,MutNovel,"S111R,0.556"
X-2220,UTY,7404.0,MutNovel,"S111T,0.667"
X-2220,UTY,7404.0,MutNovel,"LS110TT,0.667"
X-2220,UTY,7404.0,MutNovel,"EA44VP,0.389"
X-2220,UTY,7404.0,MutNovel,"V40F,0.267"
X-2220,UTY,7404.0,MutNovel,"EE33DE,0.231"
X-2220,UTY,7404.0,MutNovel,"E33R,0.286"
X-2220,UTY,7404.0,MutNovel,"E33K,0.250"
X-2220,UTY,7404.0,MutNovel,"ES30DG,0.250"
X-2220,UTY,7404.0,MutNovel,"ES30VG,0.250"
X-2220,UTY,7404.0,MutKnownFunctional,"EG24A*,0.273"
X-2220,UTY,7404.0,MutNovel,"MA22IK,0.286"
X-2220,UTY,7404.0,MutNovel,"MA22RK,0.286"
X-2220,UTY,7404.0,MutNovel,"FG15PR,0.333"
X-2220,UTY,7404.0,MutKnownFunctional,"A14*,0.250"
X-2220,UTY,7404.0,MutNovel,"AV12VC,0.250"
X-2220,VPS11,55823.0,MutNovel,"P200L,0.447"
X-2220,WASH1,100287171.0,MutNovel,"G374V,0.444"
X-2220,WASH1,100287171.0,MutNovel,"G350V,0.444"
X-2220,ZC3H11A,9877.0,MutNovel,"F170L,0.642"
X-2220,ZNF12,7559.0,MutNovel,"Y269C,0.600"
X-2220,ZNF219,51222.0,MutNovel,"QPP233P,1.000"
X-2220,ZNF384,171017.0,MutNovel,"QQ514Q,1.000"
X-2220,ZNF443,10224.0,MutNovel,"P263S,0.286"
X-2220,ZNF524,147807.0,MutNovel,"P222L,0.506"
X-2220,ZNF609,23060.0,MutNovel,"E933K,0.370"
X-2283,ACP6,51205.0,MutNovel,"D245N,0.657"
X-2283,AIP,9049.0,MutNovel,"R325W,0.429"
X-2283,AKAP13,11214.0,MutNovel,"H1636Q,0.484"
X-2283,ALDH2,217.0,MutNovel,"R84W,0.503"
X-2283,ALKBH7,84266.0,MutNovel,"R203H,0.576"
X-2283,AMELY,266.0,Del0.8,0.31
X-2283,ANKRD36C,,MutNovel,"K1115Q,0.429"
X-2283,ANKZF1,55139.0,MutNovel,"R581H,0.544"
X-2283,AP3B1,8546.0,MutNovel,"S717N,0.454"
X-2283,ARHGAP40,343578.0,MutNovel,"R490W,0.429"
X-2283,ARHGEF5,7984.0,MutNovel,"R895C,0.462"
X-2283,ARL6IP4,51329.0,MutNovel,"P115L,0.446"
X-2283,ARMCX4,100131755.0,MutNovel,"A694V,1.000"
X-2283,ARV1,64801.0,MutKnownFunctional,"-170?,0.279"
X-2283,ASXL1,171023.0,MutNovel,"D799Y,0.583"
X-2283,ATAD2B,54454.0,MutNovel,"A451P,0.500"
X-2283,ATP6AP1,537.0,MutNovel,"L32LAA,0.357"
X-2283,BBS5,129880.0,MutNovel,"E277K,0.800"
X-2283,BCOR,54880.0,MutKnownFunctional,"-256?,0.688"
X-2283,BCORP1,286554.0,Del0.8,0.31
X-2283,BPY2B,442867.0,Del0.8,0.31
X-2283,BPY2B,442867.0,Del0.8,0.31
X-2283,BTNL3,10917.0,MutNovel,"H311G,0.730"
X-2283,BTNL3,10917.0,MutNovel,"T326K,0.727"
X-2283,C1QBP,708.0,MutNovel,"G57S,0.461"
X-2283,C1orf116,79098.0,MutKnownFunctional,"-23?,0.500"
X-2283,CASZ1,54897.0,MutNovel,"P1738R,0.500"
X-2283,CCAR1,55749.0,MutNovel,"M452I,0.533"
X-2283,CCDC137,339230.0,MutNovel,"VE251V,0.865"
X-2283,CCDC88B,283234.0,MutNovel,"G1360A,1.000"
X-2283,CCNI2,645121.0,MutNovel,"A95T,0.474"
X-2283,CDC42EP1,11135.0,MutNovel,"PAPAANPS253P,0.279"
X-2283,CDC42EP5,148170.0,MutNovel,"S79P,0.700"
X-2283,CDY1B,253175.0,Del0.8,0.31
X-2283,CDY1B,253175.0,Del0.8,0.31
X-2283,CDY2A,9426.0,Del0.8,0.31
X-2283,CDY2A,9426.0,Del0.8,0.31
X-2283,CDY2B,203611.0,Del0.8,0.31
X-2283,CDY2B,203611.0,Del0.8,0.31
X-2283,CEACAM1,634.0,MutNovel,"T100I,0.281"
X-2283,CEACAM1,634.0,MutNovel,"S96I,0.309"
X-2283,CEACAM3,1084.0,MutNovel,"G48V,0.750"
X-2283,CEACAM3,1084.0,MutNovel,"I117T,1.000"
X-2283,CEACAM8,1088.0,MutNovel,"T171I,1.000"
X-2283,CEACAM8,1088.0,MutNovel,"N155K,1.000"
X-2283,CEACAM8,1088.0,MutNovel,"P145S,1.000"
X-2283,CEP89,84902.0,MutNovel,"A372V,0.583"
X-2283,CHAC2,494143.0,MutNovel,"PE157P,0.393"
X-2283,CHD9,80205.0,MutNovel,"T2626TA,0.240"
X-2283,COL1A1,1277.0,MutNovel,"P1119S,0.803"
X-2283,COL1A2,1278.0,MutNovel,"V333A,0.450"
X-2283,COL1A2,1278.0,MutNovel,"G793E,0.492"
X-2283,COL6A2,1292.0,MutNovel,"E679K,0.547"
X-2283,COL6A3,1293.0,MutNovel,"P1942S,0.340"
X-2283,COPS6,10980.0,MutNovel,"G63R,0.487"
X-2283,CREBBP,1387.0,MutNovel,"S2340G,0.480"
X-2283,CREG2,200407.0,MutNovel,"R123S,0.545"
X-2283,CSPG4P1Y,114758.0,Del0.8,0.31
X-2283,CSPG4P1Y,114758.0,Del0.8,0.31
X-2283,CTSA,5476.0,MutNovel,"L29-,0.437"
X-2283,CXCL12,6387.0,MutKnownFunctional,"W132*,0.667"
X-2283,CXorf40B,541578.0,MutNovel,"A112V,0.667"
X-2283,CYFIP1,23191.0,MutNovel,"T991M,0.470"
X-2283,CYP3A5,1577.0,MutKnownFunctional,"-345?,0.208"
X-2283,DAZ1,1617.0,Del0.8,0.31
X-2283,DAZ2,57055.0,Del0.8,0.31
X-2283,DAZ3,57054.0,Del0.8,0.31
X-2283,DAZ3,57054.0,Del0.8,0.31
X-2283,DAZ4,57135.0,Del0.8,0.31
X-2283,DAZ4,57135.0,Del0.8,0.31
X-2283,DCLRE1C,64421.0,MutKnownFunctional,"-635?,0.444"
X-2283,DDX3Y,8653.0,Del0.8,0.31
X-2283,DDX51,317781.0,MutNovel,"A33V,0.583"
X-2283,DDX54,79039.0,MutNovel,"R510C,0.474"
X-2283,DHRSX,207063.0,MutNovel,"L637F,0.417"
X-2283,DHRSX,207063.0,MutNovel,"M597V,0.400"
X-2283,DHRSX,207063.0,MutNovel,"G503S,0.606"
X-2283,DNAJC13,23317.0,MutNovel,"N155H,0.304"
X-2283,DPT,1805.0,MutNovel,"T14I,0.667"
X-2283,DST,667.0,MutNovel,"E2872K,0.392"
X-2283,EGLN3,112399.0,MutNovel,"K224Q,0.441"
X-2283,EIF1AY,9086.0,Del0.8,0.31
X-2283,EIF5AL1,143244.0,MutKnownFunctional,"-79?,0.312"
X-2283,EMX1,2016.0,MutNovel,"R194W,0.300"
X-2283,EPAS1,2034.0,MutNovel,"T766L,0.385"
X-2283,EPB41L4B,54566.0,MutNovel,"F59L,0.667"
X-2283,ETV6,2120.0,MutNovel,"P214L,0.600"
X-2283,EXD2,55218.0,MutNovel,"L224-,0.375"
X-2283,FAM197Y2P,252946.0,Del0.8,0.31
X-2283,FAM21C,253725.0,MutNovel,"K1199R,0.364"
X-2283,FAM41AY1,340618.0,Del0.8,0.31
X-2283,FAM41AY1,340618.0,Del0.8,0.31
X-2283,FAM86B1,85002.0,MutNovel,"A108T,1.000"
X-2283,FAM90A1,55138.0,Amp8,12.47
X-2283,FER1L6,654463.0,MutNovel,"L238S,0.513"
X-2283,FOXD1,2297.0,MutNovel,"A88G,1.000"
X-2283,FUK,197258.0,MutNovel,"P766T,0.421"
X-2283,FUK,197258.0,MutNovel,"R860W,0.485"
X-2283,FZD3,7976.0,MutNovel,"A333T,0.583"
X-2283,GATA6,2627.0,MutNovel,"A284G,0.520"
X-2283,GCLM,2730.0,MutNovel,"S251L,0.434"
X-2283,GIGYF2,26058.0,MutNovel,"PQ1231P,0.667"
X-2283,GNAS,2778.0,MutKnownFunctional,"R201C,0.527"
X-2283,GOLGA2P2Y,84559.0,Del0.8,0.31
X-2283,GOLGA2P2Y,84559.0,Del0.8,0.31
X-2283,GOLGA3,2802.0,MutNovel,"S81R,0.462"
X-2283,GPRIN2,9721.0,MutNovel,"-238MRE,0.455"
X-2283,GYG2P1,352887.0,Del0.8,0.31
X-2283,HBP1,26959.0,MutNovel,"F406L,0.575"
X-2283,HLA-G,3135.0,MutNovel,"T104N,0.750"
X-2283,HNRNPAB,3182.0,MutNovel,"R245C,0.493"
X-2283,HSFY2,159119.0,Del0.8,0.31
X-2283,HSFY2,159119.0,Del0.8,0.31
X-2283,IMMP2L,83943.0,MutNovel,"K112R,1.000"
X-2283,IP6K2,51447.0,MutNovel,"P26L,0.556"
X-2283,IST1,9798.0,MutNovel,"-230MP,0.275"
X-2283,KDM5D,8284.0,Del0.8,0.31
X-2283,KDM6B,23135.0,MutNovel,"I1325L,0.509"
X-2283,KIAA0125,9834.0,Amp5,6.63
X-2283,KIF20B,9585.0,MutNovel,"E622A,0.462"
X-2283,KIF20B,9585.0,MutNovel,"L1062LKV,0.607"
X-2283,KLF11,8462.0,MutNovel,"A321P,0.833"
X-2283,KRAS,3845.0,MutKnownFunctional,"G12V,0.733"
X-2283,KRBA2,124751.0,MutNovel,"A98I,0.600"
X-2283,KRT14,3861.0,MutNovel,"D423N,0.364"
X-2283,KRT16,3868.0,MutNovel,"E246D,0.290"
X-2283,KTI12,112970.0,MutNovel,"P264L,0.644"
X-2283,L1CAM,3897.0,MutNovel,"R755C,1.000"
X-2283,LCE3C,353144.0,Del0.8,0.25
X-2283,LDHC,3948.0,MutNovel,"R171C,1.000"
X-2283,LEPREL4,10609.0,MutNovel,"E365K,0.946"
X-2283,LGALS9B,284194.0,MutNovel,"V184M,0.857"
X-2283,LOC100288332,,MutNovel,"R269H,0.475"
X-2283,LOC100507369,,MutNovel,"L185F,1.000"
X-2283,LOC100507369,,MutNovel,"G177V,1.000"
X-2283,LOC100507607,,MutNovel,"E496D,1.000"
X-2283,LOC100996541,,MutNovel,"T350A,0.500"
X-2283,LOC646021,,MutNovel,"H174Y,1.000"
X-2283,LOC728734,,MutNovel,"E358D,1.000"
X-2283,LOC728741,,MutNovel,"V357A,1.000"
X-2283,LOC729162,,MutKnownFunctional,"R44*,1.000"
X-2283,LRRC37B,114659.0,MutNovel,"G794E,0.389"
X-2283,LSR,51599.0,MutNovel,"G518GR,0.427"
X-2283,MAP3K5,4217.0,MutNovel,"V303I,0.400"
X-2283,MEF2A,4205.0,MutNovel,"Q412-,0.312"
X-2283,MEGF6,1953.0,MutNovel,"H1100R,0.667"
X-2283,MKI67,4288.0,MutNovel,"G1450DPG,0.556"
X-2283,MMP15,4324.0,MutNovel,"P585A,0.549"
X-2283,MPRIP,23164.0,MutNovel,"TS178T,0.526"
X-2283,MSRB2,22921.0,MutNovel,"G26A,0.806"
X-2283,MTMR14,64419.0,MutNovel,"L591P,0.410"
X-2283,MUC17,140453.0,MutNovel,"S861T,0.300"
X-2283,MUC17,140453.0,MutNovel,"E940G,0.222"
X-2283,MUC17,140453.0,MutNovel,"T1686A,0.467"
X-2283,N4BP2L2,10443.0,MutNovel,"N89S,0.711"
X-2283,NCOR2,9612.0,MutNovel,"G1839GAAA,0.375"
X-2283,NCRNA00185,55410.0,Del0.8,0.31
X-2283,NFX1,4799.0,MutNovel,"A814V,0.462"
X-2283,NLGN4Y,22829.0,Del0.8,0.31
X-2283,NPIPL3,23117.0,MutNovel,"P845L,1.000"
X-2283,NUP214,8021.0,MutNovel,"A1667D,0.515"
X-2283,OAF,220323.0,MutNovel,"L20F,0.448"
X-2283,OGG1,4968.0,MutNovel,"P40T,0.449"
X-2283,ONECUT3,390874.0,MutNovel,"G82E,0.700"
X-2283,ORAI1,84876.0,MutNovel,"PP43-,0.800"
X-2283,PBRM1,55193.0,MutNovel,"P42S,0.375"
X-2283,PCDH11Y,83259.0,Del0.8,0.31
X-2283,PDPR,55066.0,MutNovel,"R294W,0.400"
X-2283,PEX1,5189.0,MutKnownFunctional,"-370?,0.294"
X-2283,PFKFB2,5208.0,MutNovel,"Y358F,0.516"
X-2283,PHLDA1,22822.0,MutNovel,"QQ194Q,0.534"
X-2283,PKNOX1,5316.0,MutNovel,"P192S,0.333"
X-2283,PLEC,5339.0,MutNovel,"R3513C,0.438"
X-2283,POMT1,10585.0,MutNovel,"L483F,0.600"
X-2283,POTEF,728378.0,MutNovel,"E817V,1.000"
X-2283,POTEI,,MutNovel,"K756S,1.000"
X-2283,PPM1F,9647.0,MutNovel,"Q127E,0.692"
X-2283,PRKY,5616.0,Del0.8,0.31
X-2283,PRY,9081.0,Del0.8,0.31
X-2283,PRY,9081.0,Del0.8,0.31
X-2283,PRY2,442862.0,Del0.8,0.31
X-2283,PRY2,442862.0,Del0.8,0.31
X-2283,PSMB8,5696.0,MutNovel,"R163Q,0.492"
X-2283,PTK2B,2185.0,MutNovel,"R586H,0.451"
X-2283,PTPRG,5793.0,MutNovel,"R778H,1.000"
X-2283,PXN,5829.0,MutNovel,"H116R,0.383"
X-2283,RASEF,158158.0,MutNovel,"A89V,0.636"
X-2283,RBMY1A3P,286557.0,Del0.8,0.31
X-2283,RBMY1B,378948.0,Del0.8,0.31
X-2283,RBMY1B,378948.0,Del0.8,0.31
X-2283,RBMY1E,378950.0,Del0.8,0.31
X-2283,RBMY1E,378950.0,Del0.8,0.31
X-2283,RBMY1F,159163.0,Del0.8,0.31
X-2283,RBMY1F,159163.0,Del0.8,0.31
X-2283,RBMY1J,378951.0,Del0.8,0.31
X-2283,RBMY1J,378951.0,Del0.8,0.31
X-2283,RBMY2EP,159125.0,Del0.8,0.31
X-2283,RBMY2FP,159162.0,Del0.8,0.31
X-2283,RBMY3AP,64593.0,Del0.8,0.31
X-2283,RNF19B,127544.0,MutNovel,"Q62P,1.000"
X-2283,RNF43,54894.0,MutKnownFunctional,"R371*,1.000"
X-2283,RPS4Y1,6192.0,Del0.8,0.31
X-2283,RPS4Y2,140032.0,Del0.8,0.31
X-2283,SERINC2,347735.0,MutNovel,"-373Q,0.782"
X-2283,SERPINA4,5267.0,MutNovel,"T170N,0.432"
X-2283,SLC7A5,8140.0,MutNovel,"K112T,0.875"
X-2283,SNAPC4,6621.0,MutNovel,"S542-,0.667"
X-2283,SOX13,9580.0,MutNovel,"R482W,0.417"
X-2283,SPATA18,132671.0,MutNovel,"S227L,0.692"
X-2283,SPINT2,10653.0,MutNovel,"R9P,0.520"
X-2283,SPPL2A,84888.0,MutNovel,"I407V,0.452"
X-2283,SRRD,402055.0,MutNovel,"G50S,0.400"
X-2283,SRY,6736.0,Del0.8,0.31
X-2283,STK11IP,114790.0,MutNovel,"E645K,0.481"
X-2283,TBL1Y,90665.0,Del0.8,0.31
X-2283,TBP,6908.0,MutNovel,"-64Q,0.500"
X-2283,TBRG4,9238.0,MutNovel,"R371G,0.598"
X-2283,TCIRG1,10312.0,MutNovel,"K83E,0.421"
X-2283,TDRD7,23424.0,MutNovel,"K370E,0.480"
X-2283,TEKT4,150483.0,MutNovel,"R424C,1.000"
X-2283,TGFBR2,7048.0,MutNovel,"R460G,0.988"
X-2283,TGIF2LY,90655.0,Del0.8,0.31
X-2283,TIGD1,200765.0,MutNovel,"S164I,0.385"
X-2283,TLK2,11011.0,MutNovel,"R262Q,0.261"
X-2283,TMCO7,79613.0,MutNovel,"D789G,0.250"
X-2283,TMEM184A,202915.0,MutNovel,"G392GA,0.316"
X-2283,TMSB4Y,9087.0,Del0.8,0.31
X-2283,TRAF3IP1,26146.0,MutNovel,"A4V,0.375"
X-2283,TRIM7,81786.0,MutNovel,"A110S,0.448"
X-2283,TRIO,7204.0,MutNovel,"P2456L,0.333"
X-2283,TSPY1,7258.0,Del0.8,0.31
X-2283,TSPY2,64591.0,Del0.8,0.31
X-2283,TSPY3,728137.0,Del0.8,0.31
X-2283,TSPY4,728395.0,Del0.8,0.31
X-2283,TSPY8,728403.0,Del0.8,0.31
X-2283,TSPYL1,7259.0,MutNovel,"V176VW,0.888"
X-2283,TTC3,7267.0,MutNovel,"E844K,0.357"
X-2283,TTTY10,246119.0,Del0.8,0.31
X-2283,TTTY11,83866.0,Del0.8,0.31
X-2283,TTTY12,83867.0,Del0.8,0.31
X-2283,TTTY13,83868.0,Del0.8,0.31
X-2283,TTTY14,83869.0,Del0.8,0.31
X-2283,TTTY15,64595.0,Del0.8,0.31
X-2283,TTTY16,252948.0,Del0.8,0.31
X-2283,TTTY17A,252949.0,Del0.8,0.31
X-2283,TTTY17A,252949.0,Del0.8,0.31
X-2283,TTTY18,252950.0,Del0.8,0.31
X-2283,TTTY19,252952.0,Del0.8,0.31
X-2283,TTTY1B,100101116.0,Del0.8,0.31
X-2283,TTTY1B,100101116.0,Del0.8,0.31
X-2283,TTTY2,60439.0,Del0.8,0.31
X-2283,TTTY2,60439.0,Del0.8,0.31
X-2283,TTTY20,252951.0,Del0.8,0.31
X-2283,TTTY21,252953.0,Del0.8,0.31
X-2283,TTTY21,252953.0,Del0.8,0.31
X-2283,TTTY22,252954.0,Del0.8,0.31
X-2283,TTTY23,252955.0,Del0.8,0.31
X-2283,TTTY23,252955.0,Del0.8,0.31
X-2283,TTTY3,114760.0,Del0.8,0.31
X-2283,TTTY3,114760.0,Del0.8,0.31
X-2283,TTTY4,114761.0,Del0.8,0.31
X-2283,TTTY4,114761.0,Del0.8,0.31
X-2283,TTTY5,83863.0,Del0.8,0.31
X-2283,TTTY6,84672.0,Del0.8,0.31
X-2283,TTTY6,84672.0,Del0.8,0.31
X-2283,TTTY7,246122.0,Del0.8,0.31
X-2283,TTTY7,246122.0,Del0.8,0.31
X-2283,TTTY7B,100101120.0,Del0.8,0.31
X-2283,TTTY7B,100101120.0,Del0.8,0.31
X-2283,TTTY8,84673.0,Del0.8,0.31
X-2283,TTTY8,84673.0,Del0.8,0.31
X-2283,TTTY9A,83864.0,Del0.8,0.31
X-2283,TTTY9A,83864.0,Del0.8,0.31
X-2283,TXLNG2P,246126.0,Del0.8,0.31
X-2283,UGT2B10,7365.0,MutNovel,"R250G,1.000"
X-2283,ULBP2,80328.0,MutNovel,"T38I,0.500"
X-2283,ULBP2,80328.0,MutNovel,"R106L,0.316"
X-2283,URB1,9875.0,MutNovel,"S238C,0.857"
X-2283,USP9Y,8287.0,Del0.8,0.31
X-2283,UTY,7404.0,Del0.8,0.31
X-2283,VCPIP1,80124.0,MutNovel,"L391F,0.545"
X-2283,VCY,9084.0,Del0.8,0.31
X-2283,VCY,9084.0,Del0.8,0.31
X-2283,VEZF1,7716.0,MutNovel,"H355HN,0.233"
X-2283,WDR33,55339.0,MutNovel,"F1124L,0.547"
X-2283,XKRY2,353515.0,Del0.8,0.31
X-2283,XKRY2,353515.0,Del0.8,0.31
X-2283,YPEL5,51646.0,MutNovel,"N77S,0.564"
X-2283,ZFY,7544.0,Del0.8,0.31
X-2283,ZNF23,7571.0,MutNovel,"T471S,0.733"
X-2283,ZNF264,9422.0,MutNovel,"D87N,0.700"
X-2283,ZNF266,10781.0,MutNovel,"L110P,0.511"
X-2283,ZNF384,171017.0,MutNovel,"QQ514Q,0.340"
X-2283,ZNF430,80264.0,MutKnownFunctional,"-208?,0.667"
X-2283,ZNF500,26048.0,MutNovel,"E173K,1.000"
X-2283,ZNF700,90592.0,MutNovel,"T15K,0.333"
X-2283,ZNF76,7629.0,MutNovel,"R166H,0.489"
X-2283,ZSWIM6,57688.0,MutKnownFunctional,"-610?,0.250"
X-2339,AATK,9625.0,MutNovel,"P1331PRP,0.236"
X-2339,ABHD3,171586.0,Amp5,6.5
X-2339,ACAA2,10449.0,Del0.8,0.78
X-2339,ACO1,48.0,Del0.8,0.37
X-2339,ACOT2,10965.0,MutNovel,"L143F,0.371"
X-2339,ACOT4,122970.0,MutNovel,"P89R,0.757"
X-2339,ACOX1,51.0,MutNovel,"Y439H,0.492"
X-2339,ADNP2,22850.0,MutNovel,"LPAGQMT449L,0.500"
X-2339,ADNP2,22850.0,Del0.8,0.79
X-2339,AHNAK2,113146.0,MutNovel,"A1650D,0.962"
X-2339,AHNAK2,113146.0,MutNovel,"E825D,0.263"
X-2339,AKR1B15,441282.0,MutNovel,"T287I,1.000"
X-2339,ALPK2,115701.0,Del0.8,0.77
X-2339,ANKRD29,147463.0,Amp5,6.5
X-2339,ANKRD36,375248.0,MutNovel,"Q1024R,0.231"
X-2339,ANKS4B,257629.0,MutNovel,"S309P,0.237"
X-2339,APOBEC3C,27350.0,MutNovel,"L116V,0.362"
X-2339,AQP4,361.0,Del0.8,0.78
X-2339,ARFGEF1,10565.0,MutNovel,"W953C,0.468"
X-2339,ASXL3,80816.0,Del0.8,0.77
X-2339,ATP5A1,498.0,Del0.8,0.78
X-2339,ATP8B1,5205.0,Del0.8,0.77
X-2339,ATP9B,374868.0,Del0.8,0.79
X-2339,AVEN,57099.0,MutNovel,"GGGGG41G,0.500"
X-2339,B4GALT6,9331.0,Del0.8,0.78
X-2339,BEAN1,146227.0,MutNovel,"R76S,0.468"
X-2339,BHLHE41,79365.0,MutNovel,"P384R,0.217"
X-2339,BOD1L2,284257.0,Del0.8,0.77
X-2339,BRCA1,672.0,MutNovel,"P142H,0.385"
X-2339,BRD2,6046.0,MutNovel,"A49C,0.268"
X-2339,BSG,682.0,MutNovel,"A130D,0.500"
X-2339,C18orf21,83608.0,Del0.8,0.77
X-2339,C18orf25,147339.0,Del0.8,0.78
X-2339,C18orf26,284254.0,Del0.8,0.72
X-2339,C18orf32,497661.0,Del0.8,0.78
X-2339,C18orf54,162681.0,Amp5,6.41
X-2339,C18orf62,284274.0,Del0.8,0.79
X-2339,C18orf63,644041.0,Del0.8,0.79
X-2339,C18orf8,29919.0,Amp5,6.5
X-2339,C22orf24,25775.0,Del0.8,0.77
X-2339,C9orf11,54586.0,Del0.8,0.36
X-2339,C9orf53,51198.0,Del0.8,0.37
X-2339,C9orf72,203228.0,Del0.8,0.36
X-2339,CABLES1,91768.0,Amp5,6.5
X-2339,CABYR,26256.0,Amp5,6.5
X-2339,CBLN2,147381.0,Del0.8,0.79
X-2339,CCDC102B,79839.0,Del0.8,0.76
X-2339,CCDC11,220136.0,Del0.8,0.78
X-2339,CCDC68,80323.0,Del0.8,0.72
X-2339,CD226,10666.0,Del0.8,0.79
X-2339,CD46,4179.0,MutNovel,"A353V,0.328"
X-2339,CDC123,8872.0,MutNovel,"R210H,0.385"
X-2339,CDC42EP1,11135.0,MutNovel,"PAPAANPS253P,0.681"
X-2339,CDH19,28513.0,Del0.8,0.77
X-2339,CDH2,1000.0,Del0.8,0.78
X-2339,CDH20,28316.0,Del0.8,0.77
X-2339,CDH7,1005.0,Del0.8,0.73
X-2339,CDK11A,728642.0,MutNovel,"G323S,0.500"
X-2339,CDKN1C,1028.0,MutNovel,"APAPA181A,0.500"
X-2339,CDKN2A,1029.0,Del0.8,0.37
X-2339,CDKN2B,1030.0,Del0.8,0.6
X-2339,CDON,50937.0,MutNovel,"C141F,0.500"
X-2339,CELF2,10659.0,MutNovel,"P22A,1.000"
X-2339,CELF4,56853.0,Del0.8,0.77
X-2339,CHD6,84181.0,MutNovel,"Q2261P,0.375"
X-2339,CHST9,83539.0,Del0.8,0.78
X-2339,CHST9-AS1,147429.0,Del0.8,0.78
X-2339,CLEC18B,497190.0,MutNovel,"R352C,0.750"
X-2339,CLN3,1201.0,MutNovel,"G264V,0.631"
X-2339,CNDP1,84735.0,Del0.8,0.79
X-2339,CNDP2,55748.0,Del0.8,0.79
X-2339,CNTNAP3B,728577.0,MutNovel,"A1182T,1.000"
X-2339,CPLX4,339302.0,Amp8,9.38
X-2339,CTAGE1,64693.0,Amp5,6.5
X-2339,CTDP1,9150.0,Del0.8,0.79
X-2339,CTIF,9811.0,Del0.8,0.78
X-2339,CTSA,5476.0,MutNovel,"L29-,0.379"
X-2339,CXXC1,30827.0,Del0.8,0.78
X-2339,CYB5A,1528.0,Del0.8,0.79
X-2339,DCAF4,26094.0,MutNovel,"S54A,0.471"
X-2339,DCC,1630.0,Del0.8,0.78
X-2339,DDX58,23586.0,Del0.8,0.37
X-2339,DENND4B,9909.0,MutNovel,"QQQ908-,0.277"
X-2339,DEPDC5,9681.0,Del0.8,0.77
X-2339,DGKQ,1609.0,MutNovel,"P27L,0.750"
X-2339,DMRTA1,63951.0,Del0.8,0.35
X-2339,DMXL1,1657.0,MutNovel,"SCY1418S,0.429"
X-2339,DMXL1,1657.0,MutNovel,"S1421L,0.526"
X-2339,DNAJC18,202052.0,MutNovel,"D284E,0.312"
X-2339,DOCK9,23348.0,MutNovel,"Q1389P,1.000"
X-2339,DPM1,8813.0,MutNovel,"R8C,0.379"
X-2339,DSC1,1823.0,Del0.8,0.78
X-2339,DSC2,1824.0,Del0.8,0.78
X-2339,DSC3,1825.0,Del0.8,0.78
X-2339,DSEL,92126.0,Del0.8,0.76
X-2339,DSG1,1828.0,Del0.8,0.78
X-2339,DSG2,1829.0,Del0.8,0.78
X-2339,DSG3,1830.0,Del0.8,0.78
X-2339,DSG4,147409.0,Del0.8,0.78
X-2339,DTNA,1837.0,Del0.8,0.77
X-2339,DVL2,1856.0,MutNovel,"Q554L,1.000"
X-2339,DYM,54808.0,Del0.8,0.78
X-2339,EGLN2,112398.0,MutNovel,"R354Q,0.688"
X-2339,ELAC1,55520.0,Del0.8,0.78
X-2339,ELAVL2,1993.0,Del0.8,0.39
X-2339,ELP2,55250.0,Del0.8,0.77
X-2339,EPG5,57724.0,Del0.8,0.78
X-2339,FAHD2B,151313.0,MutNovel,"V52I,0.576"
X-2339,FAHD2B,151313.0,MutNovel,"G50R,0.567"
X-2339,FAM110A,83541.0,MutNovel,"R135C,1.000"
X-2339,FAM153A,285596.0,MutNovel,"V186G,0.750"
X-2339,FAM171A1,221061.0,MutNovel,"R853K,0.591"
X-2339,FAM59A,64762.0,Del0.8,0.78
X-2339,FAM69B,138311.0,MutNovel,"Q405P,1.000"
X-2339,FAM69C,125704.0,Del0.8,0.79
X-2339,FBXO15,201456.0,Del0.8,0.79
X-2339,FCHO2,115548.0,MutNovel,"R264K,0.410"
X-2339,FECH,2235.0,Del0.8,0.77
X-2339,FHOD3,80206.0,Del0.8,0.77
X-2339,FIG4,9896.0,MutNovel,"H360Q,0.328"
X-2339,FLJ35282,441389.0,Del0.8,0.35
X-2339,FUT5,2527.0,MutNovel,"A118M,1.000"
X-2339,GALNT1,2589.0,Del0.8,0.77
X-2339,GALR1,2587.0,Del0.8,0.79
X-2339,GATA6,2627.0,Amp5,6.5
X-2339,GOLGA5,9950.0,MutNovel,"V504G,0.517"
X-2339,GOLGA6L4,,MutNovel,"R261Q,0.500"
X-2339,GPRIN2,9721.0,MutNovel,"-238MRE,0.557"
X-2339,GRP,2922.0,Amp8,9.38
X-2339,GSTK1,373156.0,MutKnownFunctional,"-39?,0.744"
X-2339,HAUS1,115106.0,Del0.8,0.78
X-2339,HAUS8,93323.0,MutNovel,"A377V,0.598"
X-2339,HDHD2,84064.0,Del0.8,0.78
X-2339,HLA-DRB5,3127.0,Amp5,6.68
X-2339,HLA-G,3135.0,MutNovel,"A182T,0.676"
X-2339,HMSD,284293.0,Del0.8,0.76
X-2339,HSBP1L1,440498.0,Del0.8,0.79
X-2339,IER3IP1,51124.0,Del0.8,0.78
X-2339,IFNA1,3439.0,Del0.8,0.37
X-2339,IFNA10,3446.0,Del0.8,0.35
X-2339,IFNA13,3447.0,Del0.8,0.37
X-2339,IFNA14,3448.0,Del0.8,0.35
X-2339,IFNA16,3449.0,Del0.8,0.35
X-2339,IFNA17,3451.0,Del0.8,0.35
X-2339,IFNA2,3440.0,Del0.8,0.37
X-2339,IFNA21,3452.0,Del0.8,0.35
X-2339,IFNA22P,3453.0,Del0.8,0.35
X-2339,IFNA4,3441.0,Del0.8,0.35
X-2339,IFNA6,3443.0,Del0.8,0.37
X-2339,IFNA7,3444.0,Del0.8,0.35
X-2339,IFNA8,3445.0,Del0.8,0.37
X-2339,IFNAR1,3454.0,MutNovel,"I221L,1.000"
X-2339,IFNB1,3456.0,Del0.8,0.35
X-2339,IFNE,338376.0,Del0.8,0.37
X-2339,IFNK,56832.0,Del0.8,0.36
X-2339,IFNW1,3467.0,Del0.8,0.35
X-2339,IFT74,80173.0,Del0.8,0.36
X-2339,INO80C,125476.0,Del0.8,0.77
X-2339,IRS1,3667.0,MutNovel,"G752S,0.218"
X-2339,KAT6A,7994.0,MutNovel,"R269Q,0.389"
X-2339,KATNAL2,83473.0,Del0.8,0.78
X-2339,KC6,641516.0,Del0.8,0.78
X-2339,KCNG2,26251.0,Del0.8,0.79
X-2339,KCTD1,284252.0,Del0.8,0.78
X-2339,KDSR,2531.0,Del0.8,0.76
X-2339,KIAA0125,9834.0,Amp8,9.13
X-2339,KIAA0284,283638.0,MutKnownFunctional,"-883?,0.299"
X-2339,KIAA1328,57536.0,Del0.8,0.77
X-2339,KIAA1468,57614.0,Del0.8,0.77
X-2339,KLHL14,57565.0,Del0.8,0.78
X-2339,KLHL9,55958.0,Del0.8,0.37
X-2339,KRAS,3845.0,MutKnownFunctional,"G12R,0.938"
X-2339,KRT13,3860.0,MutNovel,"M239L,0.222"
X-2339,KRT13,3860.0,MutNovel,"N233K,0.222"
X-2339,KRT4,3851.0,MutNovel,"A328G,1.000"
X-2339,KRT73,319101.0,MutNovel,"Q405R,1.000"
X-2339,LAMA3,3909.0,Amp5,6.5
X-2339,LINC00032,158035.0,Del0.8,0.36
X-2339,LINC00305,221241.0,Del0.8,0.76
X-2339,LINGO2,158038.0,Del0.8,0.43
X-2339,LIPG,9388.0,Del0.8,0.78
X-2339,LIX1L,128077.0,MutNovel,"P43Q,0.647"
X-2339,LMAN1,3998.0,Amp5,6.19
X-2339,LOC100129250,100129250.0,Del0.8,0.37
X-2339,LOC100131655,100131655.0,Del0.8,0.79
X-2339,LOC100287225,100287225.0,Del0.8,0.78
X-2339,LOC100505474,100505474.0,Del0.8,0.77
X-2339,LOC100505549,100505549.0,Del0.8,0.77
X-2339,LOC100505776,100505776.0,Del0.8,0.79
X-2339,LOC100505817,100505817.0,Del0.8,0.79
X-2339,LOC100506422,100506422.0,Del0.8,0.37
X-2339,LOC100506888,100506888.0,Del0.8,0.78
X-2339,LOC100652770,100652770.0,Del0.8,0.78
X-2339,LOC284260,284260.0,Del0.8,0.78
X-2339,LOC284276,284276.0,Del0.8,0.79
X-2339,LOC284294,284294.0,Del0.8,0.76
X-2339,LOC339298,339298.0,Del0.8,0.79
X-2339,LOC390858,390858.0,Amp5,6.06
X-2339,LOC400654,400654.0,Del0.8,0.76
X-2339,LOC400655,400655.0,Del0.8,0.79
X-2339,LOC400657,400657.0,Del0.8,0.79
X-2339,LOC643542,643542.0,Del0.8,0.76
X-2339,LOC646021,,MutNovel,"V48A,0.429"
X-2339,LOC647946,647946.0,Del0.8,0.77
X-2339,LOC728606,728606.0,Del0.8,0.78
X-2339,LOXHD1,125336.0,Del0.8,0.78
X-2339,LRRC19,64922.0,Del0.8,0.36
X-2339,LRRC37A2,474170.0,MutNovel,"T1543M,1.000"
X-2339,LSR,51599.0,MutNovel,"G518GR,0.814"
X-2339,MALT1,10892.0,Del0.8,0.77
X-2339,MAP2K4,6416.0,MutNovel,"L168F,1.000"
X-2339,MAP3K6,9064.0,MutNovel,"W611R,0.464"
X-2339,MAPK4,5596.0,Del0.8,0.78
X-2339,MAPRE2,10982.0,Del0.8,0.77
X-2339,MBD1,4152.0,Del0.8,0.78
X-2339,MBD2,8932.0,Del0.8,0.78
X-2339,MBP,4155.0,Del0.8,0.79
X-2339,MC4R,4160.0,Del0.8,0.76
X-2339,MCM5,4174.0,MutNovel,"R282C,0.474"
X-2339,ME2,4200.0,Del0.8,0.78
X-2339,MEP1B,4225.0,Del0.8,0.78
X-2339,MEX3C,51320.0,Del0.8,0.78
X-2339,MIB1,57534.0,Amp5,6.5
X-2339,MIDN,90007.0,MutNovel,"C20G,0.268"
X-2339,MIR1-2,406905.0,Amp5,6.5
X-2339,MIR122,406906.0,Del0.8,0.77
X-2339,MIR133A1,406922.0,Amp5,6.5
X-2339,MIR1539,100302257.0,Del0.8,0.78
X-2339,MIR187,406963.0,Del0.8,0.77
X-2339,MIR302F,100302131.0,Del0.8,0.78
X-2339,MIR31,407035.0,Del0.8,0.37
X-2339,MIR31HG,554202.0,Del0.8,0.37
X-2339,MIR320C1,100302135.0,Amp5,6.5
X-2339,MIR3591,100616357.0,Del0.8,0.77
X-2339,MIR3975,100616257.0,Del0.8,0.77
X-2339,MIR4318,100422857.0,Del0.8,0.77
X-2339,MIR4319,100422829.0,Del0.8,0.78
X-2339,MIR4320,100422865.0,Del0.8,0.78
X-2339,MIR4473,100616229.0,Del0.8,0.35
X-2339,MIR4474,100616441.0,Del0.8,0.35
X-2339,MIR4529,100616290.0,Del0.8,0.72
X-2339,MIR4741,100616139.0,Amp5,6.5
X-2339,MIR4743,100616366.0,Del0.8,0.78
X-2339,MIR4744,100616420.0,Del0.8,0.78
X-2339,MIR491,574444.0,Del0.8,0.35
X-2339,MIR873,100126316.0,Del0.8,0.37
X-2339,MIR876,100126310.0,Del0.8,0.37
X-2339,MLL,4297.0,MutNovel,"P3225S,0.518"
X-2339,MLLT3,4300.0,Del0.8,0.35
X-2339,MOB3B,79817.0,Del0.8,0.36
X-2339,MOCOS,55034.0,Del0.8,0.77
X-2339,MPZL2,10205.0,MutNovel,"S195L,0.597"
X-2339,MRO,83876.0,Del0.8,0.78
X-2339,MTAP,4507.0,Del0.8,0.37
X-2339,MUC4,4585.0,MutNovel,"P1760S,0.600"
X-2339,MUC4,4585.0,MutNovel,"Q1757H,0.429"
X-2339,MUC5AC,,MutNovel,"A1442K,0.455"
X-2339,MYH4,4622.0,MutNovel,"E510V,1.000"
X-2339,MYO5B,4645.0,Del0.8,0.78
X-2339,NARS,4677.0,Del0.8,0.77
X-2339,NBPF1,55672.0,MutNovel,"E677K,0.214"
X-2339,NBPF12,,MutNovel,"D440G,0.375"
X-2339,NCOR2,9612.0,MutNovel,"G1839GAAA,0.627"
X-2339,NCOR2,9612.0,MutNovel,"-511SS,0.336"
X-2339,NDUFB6,4712.0,Del0.8,0.37
X-2339,NEDD4L,23327.0,Del0.8,0.77
X-2339,NETO1,81832.0,Del0.8,0.79
X-2339,NFATC1,4772.0,Del0.8,0.79
X-2339,NOL4,8715.0,Del0.8,0.77
X-2339,NOP58,51602.0,MutKnownFunctional,"W29*,0.780"
X-2339,NPC1,4864.0,Amp5,6.5
X-2339,NPHP1,4867.0,MutNovel,"L627F,0.556"
X-2339,NPHP4,261734.0,MutNovel,"G529S,0.706"
X-2339,NR1H2,7376.0,MutNovel,"-173Q,0.524"
X-2339,ONECUT2,9480.0,Del0.8,0.77
X-2339,ORAI1,84876.0,MutNovel,"PP43-,0.789"
X-2339,PARD6G,84552.0,Del0.8,0.79
X-2339,PHLDA1,22822.0,MutNovel,"QQ194Q,0.507"
X-2339,PHLPP1,23239.0,Del0.8,0.77
X-2339,PIAS2,9063.0,Del0.8,0.78
X-2339,PIGN,23556.0,Del0.8,0.77
X-2339,PIK3C2A,5286.0,MutNovel,"S1114P,0.510"
X-2339,PIK3C3,5289.0,Del0.8,0.78
X-2339,PIM3,415116.0,MutNovel,"P22Q,1.000"
X-2339,PISD,23761.0,Del0.8,0.77
X-2339,PLAA,9373.0,Del0.8,0.36
X-2339,PMAIP1,5366.0,Del0.8,0.76
X-2339,PNPLA7,375775.0,MutNovel,"R680Q,1.000"
X-2339,POLG2,11232.0,MutKnownFunctional,"-304,0.243"
X-2339,POLI,11201.0,Amp5,6.41
X-2339,POTEF,728378.0,MutNovel,"M771I,1.000"
X-2339,POTEJ,,MutNovel,"I738L,1.000"
X-2339,PPFIBP2,8495.0,MutNovel,"S16R,0.464"
X-2339,PQLC1,80148.0,Del0.8,0.79
X-2339,PRR14L,253143.0,Del0.8,0.77
X-2339,PSMA8,143471.0,Del0.8,0.78
X-2339,PSTPIP2,9050.0,Del0.8,0.78
X-2339,PTPLAD2,401494.0,Del0.8,0.35
X-2339,PUF60,22827.0,MutNovel,"A23V,0.244"
X-2339,RAB27B,5874.0,Del0.8,0.72
X-2339,RAX,30062.0,Amp8,9.38
X-2339,RBBP8,5932.0,Amp5,6.5
X-2339,RBFA,79863.0,Del0.8,0.79
X-2339,RIN3,79890.0,MutNovel,"G967-,0.643"
X-2339,RIOK3,8780.0,MutNovel,"N204S,0.922"
X-2339,RIOK3,8780.0,Amp5,6.5
X-2339,RIT2,6014.0,Del0.8,0.78
X-2339,RNF125,54941.0,Del0.8,0.78
X-2339,RNF138,51444.0,Del0.8,0.78
X-2339,RNF152,220441.0,Del0.8,0.77
X-2339,RNF165,494470.0,Del0.8,0.78
X-2339,RPL17,6139.0,Del0.8,0.78
X-2339,RPL17-C18ORF32,100526842.0,Del0.8,0.78
X-2339,RPN2,6185.0,MutNovel,"D85G,0.443"
X-2339,RPRD1A,55197.0,Del0.8,0.77
X-2339,RTTN,25914.0,Del0.8,0.79
X-2339,RUFY2,55680.0,MutKnownFunctional,"-153?,0.250"
X-2339,SALL3,27164.0,Del0.8,0.79
X-2339,SCARNA17,677769.0,Del0.8,0.78
X-2339,SCIN,85477.0,MutNovel,"H379Y,0.471"
X-2339,SEC11C,90701.0,Amp5,6.06
X-2339,SEC24D,9871.0,MutNovel,"P161L,0.224"
X-2339,SERINC2,347735.0,MutNovel,"-373Q,0.607"
X-2339,SERPINB10,5273.0,Del0.8,0.76
X-2339,SERPINB11,89778.0,Del0.8,0.76
X-2339,SERPINB12,89777.0,Del0.8,0.76
X-2339,SERPINB13,5275.0,Del0.8,0.76
X-2339,SERPINB2,5055.0,Del0.8,0.76
X-2339,SERPINB3,6317.0,Del0.8,0.76
X-2339,SERPINB4,6318.0,Del0.8,0.76
X-2339,SERPINB5,5268.0,Del0.8,0.76
X-2339,SERPINB7,8710.0,Del0.8,0.76
X-2339,SERPINB8,5271.0,Del0.8,0.76
X-2339,SETBP1,26040.0,Del0.8,0.78
X-2339,SETMAR,6419.0,MutNovel,"I584V,0.359"
X-2339,SFI1,9814.0,Del0.8,0.77
X-2339,SIGLEC15,284266.0,Del0.8,0.78
X-2339,SKA1,220134.0,Del0.8,0.78
X-2339,SLC12A2,6558.0,MutNovel,"D52E,0.555"
X-2339,SLC14A1,6563.0,Del0.8,0.78
X-2339,SLC14A2,8170.0,Del0.8,0.78
X-2339,SLC22A1,6580.0,MutNovel,"M420-,0.833"
X-2339,SLC26A11,284129.0,MutNovel,"T276I,0.316"
X-2339,SLC39A6,25800.0,Del0.8,0.77
X-2339,SMAD2,4087.0,Del0.8,0.78
X-2339,SMAD4,4089.0,Del0.8,0.78
X-2339,SMAD7,4092.0,Del0.8,0.78
X-2339,SMG7,9887.0,MutNovel,"C327R,0.326"
X-2339,SNORA37,677819.0,Del0.8,0.78
X-2339,SNORD58A,26791.0,Del0.8,0.78
X-2339,SNORD58B,26790.0,Del0.8,0.78
X-2339,SNORD58C,100124516.0,Del0.8,0.78
X-2339,SNRPD1,6632.0,Amp5,6.5
X-2339,SOCS6,9306.0,Del0.8,0.79
X-2339,SPTBN2,6712.0,MutNovel,"C607R,0.333"
X-2339,SS18,6760.0,Del0.8,0.78
X-2339,ST8SIA3,51046.0,Del0.8,0.77
X-2339,ST8SIA5,29906.0,Del0.8,0.78
X-2339,STARD6,147323.0,Amp5,6.41
X-2339,SUCO,,MutNovel,"I773F,0.304"
X-2339,SYT4,6860.0,Del0.8,0.78
X-2339,SYTL1,84958.0,MutNovel,"G180D,0.699"
X-2339,TAF1L,138474.0,Del0.8,0.37
X-2339,TAF4B,6875.0,Del0.8,0.78
X-2339,TBC1D5,9779.0,MutKnownFunctional,"-730*?,0.393"
X-2339,TBP,6908.0,MutNovel,"-64Q,0.212"
X-2339,TCEB3B,51224.0,Del0.8,0.78
X-2339,TCEB3C,162699.0,Del0.8,0.78
X-2339,TCF4,6925.0,Del0.8,0.72
X-2339,TEK,7010.0,Del0.8,0.36
X-2339,TIMM21,29090.0,Del0.8,0.79
X-2339,TMEM184A,202915.0,MutNovel,"G392GA,0.472"
X-2339,TMEM215,401498.0,Del0.8,0.37
X-2339,TMEM241,85019.0,Amp5,6.5
X-2339,TMEM80,283232.0,MutNovel,"A28V,0.692"
X-2339,TMX3,54495.0,Del0.8,0.76
X-2339,TNFRSF11A,8792.0,Del0.8,0.77
X-2339,TOPORS,10210.0,Del0.8,0.37
X-2339,TP53,7157.0,MutKnownFunctional,"R175H,0.995"
X-2339,TPGS2,25941.0,Del0.8,0.77
X-2339,TRAPPC8,22878.0,Del0.8,0.78
X-2339,TRIM49,57093.0,Amp5,5.31
X-2339,TSHZ1,10194.0,Del0.8,0.79
X-2339,TSPYL1,7259.0,MutNovel,"V176VW,0.882"
X-2339,TTC39C,125488.0,Amp5,6.5
X-2339,TTR,7276.0,Del0.8,0.78
X-2339,TUBB8,347688.0,MutNovel,"A185V,1.000"
X-2339,TUSC1,286319.0,Del0.8,0.37
X-2339,TXNL1,9352.0,Del0.8,0.77
X-2339,TXNL4A,10907.0,Del0.8,0.79
X-2339,UGT2B11,10720.0,MutNovel,"A346T,1.000"
X-2339,URB1,9875.0,MutNovel,"R1931K,0.971"
X-2339,VPS4B,9525.0,Del0.8,0.76
X-2339,WBP11P1,441818.0,Del0.8,0.78
X-2339,WDR7,23335.0,Del0.8,0.77
X-2339,XRN1,54464.0,MutKnownFunctional,"-1222,0.283"
X-2339,YWHAH,7533.0,Del0.8,0.77
X-2339,ZADH2,284273.0,Del0.8,0.79
X-2339,ZBTB7C,201501.0,Del0.8,0.78
X-2339,ZCCHC2,54877.0,Del0.8,0.77
X-2339,ZDHHC11,79844.0,MutNovel,"A303D,1.000"
X-2339,ZNF219,51222.0,MutNovel,"QPP233P,0.393"
X-2339,ZNF236,7776.0,Del0.8,0.79
X-2339,ZNF24,7572.0,Del0.8,0.77
X-2339,ZNF271,10778.0,Del0.8,0.77
X-2339,ZNF385A,25946.0,MutNovel,"A56T,1.000"
X-2339,ZNF396,252884.0,Del0.8,0.77
X-2339,ZNF397,84307.0,Del0.8,0.77
X-2339,ZNF404,342908.0,MutKnownFunctional,"-372,0.429"
X-2339,ZNF407,55628.0,Del0.8,0.79
X-2339,ZNF516,9658.0,Del0.8,0.79
X-2339,ZNF521,25925.0,Del0.8,0.78
X-2339,ZNF558,148156.0,MutNovel,"L42F,0.312"
X-2339,ZNF628,89887.0,MutNovel,"E292D,0.636"
X-2339,ZNF649,65251.0,MutNovel,"I287N,0.703"
X-2339,ZNF728,,MutNovel,"A82P,1.000"
X-2339,ZNF728,,MutNovel,"S79P,1.000"
X-2339,ZNF728,,MutNovel,"V76G,1.000"
X-2339,ZNF880,400713.0,MutNovel,"R257Q,0.778"
X-2339,ZSCAN30,100101467.0,Del0.8,0.77
X-2406,61E3.4,,MutNovel,"DN318EH,1.000"
X-2406,ABHD3,171586.0,Amp5,5.66
X-2406,ACOX1,51.0,MutNovel,"N413S,0.439"
X-2406,ACSL1,2180.0,MutNovel,"K628E,0.667"
X-2406,ADAM28,10863.0,MutNovel,"G542W,0.455"
X-2406,ADCY9,115.0,MutNovel,"A879V,0.450"
X-2406,AHNAK,79026.0,MutNovel,"L3678V,0.700"
X-2406,AMELY,266.0,Del0.8,0.46
X-2406,ANKRD29,147463.0,Amp5,5.66
X-2406,APC,324.0,MutNovel,"L1129S,0.750"
X-2406,ARID4A,5926.0,MutNovel,"R1212K,0.577"
X-2406,ARL6IP1,23204.0,MutNovel,"A2G,0.283"
X-2406,ATP2C2,9914.0,MutNovel,"G295A,0.370"
X-2406,BAIAP2L2,80115.0,MutNovel,"R454S,0.700"
X-2406,BCORP1,286554.0,Del0.8,0.46
X-2406,BPY2B,442867.0,Del0.8,0.46
X-2406,BPY2B,442867.0,Del0.8,0.46
X-2406,BTNL8,79908.0,MutNovel,"V21G,0.484"
X-2406,C11orf86,254439.0,MutNovel,"R89W,0.500"
X-2406,C18orf8,29919.0,Amp5,5.66
X-2406,C19orf77,284422.0,MutNovel,"V33G,0.595"
X-2406,C21orf33,8209.0,MutNovel,"L12F,1.000"
X-2406,C2CD3,26005.0,MutNovel,"R768Q,0.556"
X-2406,CABLES1,91768.0,Amp5,5.66
X-2406,CABYR,26256.0,Amp5,5.66
X-2406,CACTIN,,MutNovel,"R641S,0.300"
X-2406,CADM4,199731.0,MutNovel,"V282A,0.577"
X-2406,CADM4,199731.0,MutNovel,"Y107C,0.267"
X-2406,CARNS1,57571.0,MutNovel,"R622C,1.000"
X-2406,CCDC120,90060.0,MutNovel,"R131H,1.000"
X-2406,CCDC56,28958.0,MutNovel,"A41G,0.667"
X-2406,CCDC91,55297.0,MutNovel,"N167S,0.654"
X-2406,CDC42EP1,11135.0,MutNovel,"PAPAANPS253P,0.595"
X-2406,CDKN2A,1029.0,MutNovel,"N42H,1.000"
X-2406,CDY1B,253175.0,Del0.8,0.46
X-2406,CDY1B,253175.0,Del0.8,0.46
X-2406,CDY2A,9426.0,Del0.8,0.46
X-2406,CDY2A,9426.0,Del0.8,0.46
X-2406,CDY2B,203611.0,Del0.8,0.46
X-2406,CDY2B,203611.0,Del0.8,0.46
X-2406,CELSR3,1951.0,MutNovel,"A304S,1.000"
X-2406,CEP164,22897.0,MutNovel,"T1328I,1.000"
X-2406,CFHR3,10878.0,Amp5,5.06
X-2406,CHPF2,54480.0,MutNovel,"R464C,1.000"
X-2406,CHTF18,63922.0,MutNovel,"E592G,0.833"
X-2406,CITED4,163732.0,MutNovel,"P110S,0.464"
X-2406,CLDN9,9080.0,MutNovel,"T184P,0.341"
X-2406,COG6,57511.0,MutNovel,"Q472R,0.450"
X-2406,COL2A1,1280.0,MutNovel,"QT8HS,1.000"
X-2406,CRIPAK,285464.0,MutNovel,"V164A,0.409"
X-2406,CSPG4P1Y,114758.0,Del0.8,0.46
X-2406,CSPG4P1Y,114758.0,Del0.8,0.46
X-2406,CT45A2,728911.0,Del0.8,0.66
X-2406,CT45A3,441519.0,Del0.8,0.66
X-2406,CT45A4,441520.0,Del0.8,0.66
X-2406,CTAGE1,64693.0,Amp5,5.66
X-2406,CTNNAL1,8727.0,MutNovel,"M716R,1.000"
X-2406,CTNNAL1,8727.0,MutNovel,"N91T,1.000"
X-2406,CWF19L1,55280.0,MutNovel,"G59D,0.524"
X-2406,CXorf40B,541578.0,MutNovel,"C53W,0.963"
X-2406,DAZ1,1617.0,Del0.8,0.46
X-2406,DAZ2,57055.0,Del0.8,0.46
X-2406,DAZ3,57054.0,Del0.8,0.46
X-2406,DAZ3,57054.0,Del0.8,0.46
X-2406,DAZ4,57135.0,Del0.8,0.46
X-2406,DAZ4,57135.0,Del0.8,0.46
X-2406,DDX1,1653.0,MutNovel,"A257S,0.353"
X-2406,DDX11,1663.0,MutNovel,"F785S,0.605"
X-2406,DDX3Y,8653.0,Del0.8,0.46
X-2406,DDX60,55601.0,MutNovel,"H1167Q,0.729"
X-2406,DMBT1,1755.0,MutNovel,"R1978H,0.559"
X-2406,DMWD,1762.0,MutNovel,"K368R,0.351"
X-2406,DOCK9,23348.0,MutNovel,"T1447M,0.529"
X-2406,DTX2,113878.0,MutNovel,"R546C,0.399"
X-2406,DUSP8,1850.0,MutNovel,"V244I,0.297"
X-2406,EIF1AY,9086.0,Del0.8,0.46
X-2406,EIF2S2,8894.0,MutNovel,"S67F,0.464"
X-2406,ELAC1,55520.0,Del0.8,0.62
X-2406,EPB41L3,23136.0,MutNovel,"K436R,0.357"
X-2406,EPPK1,83481.0,MutNovel,"K2136Q,0.417"
X-2406,EPS8L1,54869.0,MutNovel,"A645T,0.544"
X-2406,ESCO1,114799.0,Amp5,5.66
X-2406,FAM197Y2P,252946.0,Del0.8,0.46
X-2406,FAM21C,253725.0,MutNovel,"A408V,0.583"
X-2406,FAM41AY1,340618.0,Del0.8,0.46
X-2406,FAM41AY1,340618.0,Del0.8,0.46
X-2406,FAM86B1,85002.0,MutNovel,"L168F,1.000"
X-2406,FAM86B1,85002.0,MutNovel,"R164Q,1.000"
X-2406,FASN,2194.0,MutNovel,"T2072A,0.396"
X-2406,FLNB,2317.0,MutNovel,"R566Q,0.569"
X-2406,GALT,2592.0,MutNovel,"V85M,1.000"
X-2406,GATA6,2627.0,MutNovel,"T406P,0.263"
X-2406,GATA6,2627.0,Amp5,5.66
X-2406,GGA2,23062.0,MutNovel,"P459L,0.535"
X-2406,GLB1L2,89944.0,MutNovel,"R222C,0.650"
X-2406,GOLGA2P2Y,84559.0,Del0.8,0.46
X-2406,GOLGA2P2Y,84559.0,Del0.8,0.46
X-2406,GREB1L,80000.0,Amp5,5.66
X-2406,GSTT2B,,MutKnownFunctional,"R196*,0.667"
X-2406,GSTT2B,,MutNovel,"V118M,0.667"
X-2406,GTF2IRD2,84163.0,MutNovel,"D53H,0.333"
X-2406,GYG2P1,352887.0,Del0.8,0.46
X-2406,HAS3,3038.0,MutNovel,"T473S,0.857"
X-2406,HERC1,8925.0,MutNovel,"W4708L,0.957"
X-2406,HLA-DPB1,3115.0,MutNovel,"T78R,0.375"
X-2406,HLA-DPB1,3115.0,MutNovel,"E97Q,0.800"
X-2406,HRH4,59340.0,Amp5,5.66
X-2406,HSFY2,159119.0,Del0.8,0.46
X-2406,HSFY2,159119.0,Del0.8,0.46
X-2406,IGFBP7,3490.0,MutNovel,"T31A,0.667"
X-2406,IKBKAP,8518.0,MutNovel,"S339R,0.929"
X-2406,IL28B,282617.0,MutNovel,"K70R,1.000"
X-2406,IMPACT,55364.0,Amp5,5.66
X-2406,ITGA2,3673.0,MutNovel,"E950D,0.559"
X-2406,ITPR3,3710.0,MutNovel,"M1689L,0.260"
X-2406,JDP2,122953.0,MutNovel,"P9T,0.778"
X-2406,JMJD4,65094.0,MutNovel,"Q344E,0.316"
X-2406,KDM5D,8284.0,Del0.8,0.46
X-2406,KIAA0125,9834.0,Amp5,5.94
X-2406,KIAA0284,283638.0,MutNovel,"R1198P,0.474"
X-2406,KIF13A,63971.0,MutNovel,"N1247S,0.250"
X-2406,KRAS,3845.0,MutKnownFunctional,"G12V,0.364"
X-2406,KRT17,3872.0,MutNovel,"A124G,0.248"
X-2406,KTI12,112970.0,MutNovel,"T100A,0.429"
X-2406,LAMA3,3909.0,Amp5,5.66
X-2406,LETMD1,25875.0,MutNovel,"H197Y,0.319"
X-2406,LGALS9B,284194.0,MutNovel,"T152A,1.000"
X-2406,LGALS9B,284194.0,MutNovel,"V126M,1.000"
X-2406,LIMS3-LOC440895,100271835.0,Amp5,7.36
X-2406,LITAF,9516.0,MutNovel,"V29G,0.286"
X-2406,LOC100287225,100287225.0,Del0.8,0.53
X-2406,LOC100507334,100507334.0,Amp5,7.36
X-2406,LOC100996543,,MutNovel,"L41P,1.000"
X-2406,LOC151009,151009.0,Amp5,7.36
X-2406,LRRC24,441381.0,MutNovel,"E66Q,0.524"
X-2406,MAML1,9794.0,MutNovel,"S592G,0.643"
X-2406,MAP1S,55201.0,MutNovel,"E663K,0.976"
X-2406,MAP3K5,4217.0,MutNovel,"L1090F,0.412"
X-2406,MAPK4,5596.0,Del0.8,0.62
X-2406,MAPK8IP3,23162.0,MutNovel,"T769I,0.500"
X-2406,MAT2B,27430.0,MutNovel,"V20G,0.667"
X-2406,MCM2,4171.0,MutNovel,"H196Y,0.571"
X-2406,MDM2,4193.0,MutNovel,"S219N,0.500"
X-2406,ME2,4200.0,Del0.8,0.62
X-2406,METTL21D,79609.0,MutNovel,"C171S,0.455"
X-2406,MEX3C,51320.0,Del0.8,0.62
X-2406,MIB1,57534.0,Amp5,5.66
X-2406,MIR1-2,406905.0,Amp5,5.66
X-2406,MIR133A1,406922.0,Amp5,5.66
X-2406,MIR320C1,100302135.0,Amp5,5.66
X-2406,MIR320C2,100302195.0,Amp5,5.66
X-2406,MIR4741,100616139.0,Amp5,5.66
X-2406,MLL4,9757.0,MutNovel,"T615I,0.667"
X-2406,MPI,4351.0,MutNovel,"L31V,0.556"
X-2406,MRO,83876.0,Del0.8,0.62
X-2406,MRPL30,51263.0,MutNovel,"I4V,0.538"
X-2406,MTBP,27085.0,MutNovel,"T700A,1.000"
X-2406,MTPAP,55149.0,MutNovel,"V554G,0.333"
X-2406,MTPAP,55149.0,MutNovel,"S185N,0.579"
X-2406,MUC12,10071.0,MutNovel,"T3643M,1.000"
X-2406,MUC2,4583.0,MutNovel,"T1548N,1.000"
X-2406,MUC2,4583.0,MutNovel,"Q1601H,0.333"
X-2406,MUC4,4585.0,MutNovel,"Q2925H,1.000"
X-2406,MUC4,4585.0,MutNovel,"P2178H,0.500"
X-2406,MUC4,4585.0,MutNovel,"S2160P,1.000"
X-2406,MUC5AC,,MutNovel,"A1442K,0.297"
X-2406,MYBBP1A,10514.0,MutNovel,"R1169Q,0.968"
X-2406,NAIP,4671.0,MutNovel,"I440V,0.600"
X-2406,NBPF1,55672.0,MutNovel,"R385W,0.500"
X-2406,NBPF14,25832.0,MutNovel,"V854I,0.500"
X-2406,NBPF14,25832.0,MutNovel,"EV853DI,0.500"
X-2406,NBPF14,25832.0,MutNovel,"G648A,0.750"
X-2406,NBPF14,25832.0,MutNovel,"Q644K,0.600"
X-2406,NBPF14,25832.0,MutNovel,"G573A,1.000"
X-2406,NBPF16,728936.0,MutNovel,"N124S,0.750"
X-2406,NBPF16,728936.0,MutNovel,"E125Q,1.000"
X-2406,NCRNA00185,55410.0,Del0.8,0.46
X-2406,NFE2L3,9603.0,MutNovel,"H73Q,0.727"
X-2406,NFKBIB,4793.0,MutNovel,"T343P,0.611"
X-2406,NLGN4Y,22829.0,Del0.8,0.46
X-2406,NPC1,4864.0,Amp5,5.66
X-2406,NR1H2,7376.0,MutNovel,"-173Q,0.523"
X-2406,NR1H2,7376.0,MutNovel,"-173Q,0.211"
X-2406,NT5DC2,64943.0,MutNovel,"D110V,0.500"
X-2406,NUDT21,11051.0,MutNovel,"P14A,0.526"
X-2406,NUP214,8021.0,MutNovel,"T1568N,0.231"
X-2406,OAF,220323.0,MutNovel,"V207G,0.481"
X-2406,ORAI1,84876.0,MutNovel,"PP43-,0.667"
X-2406,OSBPL1A,114876.0,Amp5,5.66
X-2406,PCDH11Y,83259.0,Del0.8,0.46
X-2406,PCDHB10,56126.0,MutNovel,"F514V,0.600"
X-2406,PDIA2,64714.0,MutKnownFunctional,"-493?,0.250"
X-2406,PIEZO1,9780.0,MutNovel,"D1893N,0.500"
X-2406,PIK3C2B,5287.0,MutNovel,"Y127C,0.800"
X-2406,PIK3R1,5295.0,MutNovel,"P124L,0.667"
X-2406,PKD1,5310.0,MutNovel,"A2501T,0.929"
X-2406,PKD1,5310.0,MutNovel,"R585H,0.333"
X-2406,PLEKHF2,79666.0,MutNovel,"T117A,0.500"
X-2406,PLEKHG1,57480.0,MutNovel,"S1312Y,0.294"
X-2406,PLK3,1263.0,MutNovel,"R411H,0.408"
X-2406,PMPCB,9512.0,MutNovel,"SL34S,0.500"
X-2406,POLD3,10714.0,MutNovel,"E259K,0.875"
X-2406,POM121L8P,29797.0,Del0.8,0.73
X-2406,PPA2,27068.0,MutKnownFunctional,"-322,0.258"
X-2406,PRB2,653247.0,MutNovel,"Q314K,0.227"
X-2406,PRKY,5616.0,Del0.8,0.46
X-2406,PRPF40B,25766.0,MutNovel,"R503Q,0.222"
X-2406,PRSS1,5644.0,MutNovel,"L14V,0.860"
X-2406,PRSS1,5644.0,MutNovel,"N29I,0.532"
X-2406,PRY,9081.0,Del0.8,0.46
X-2406,PRY,9081.0,Del0.8,0.46
X-2406,PRY2,442862.0,Del0.8,0.46
X-2406,PRY2,442862.0,Del0.8,0.46
X-2406,PSPH,5723.0,MutNovel,"V2I,0.222"
X-2406,PTGFRN,5738.0,MutNovel,"E809K,0.712"
X-2406,PTPRF,5792.0,MutNovel,"A427T,0.347"
X-2406,RABAC1,10567.0,MutNovel,"R37G,0.521"
X-2406,RBBP8,5932.0,Amp5,5.66
X-2406,RBM15B,29890.0,MutNovel,"A660P,0.422"
X-2406,RBM23,55147.0,MutNovel,"AA389A,0.344"
X-2406,RBM4,5936.0,MutNovel,"N162S,0.833"
X-2406,RBMY1A3P,286557.0,Del0.8,0.46
X-2406,RBMY1B,378948.0,Del0.8,0.46
X-2406,RBMY1B,378948.0,Del0.8,0.46
X-2406,RBMY1E,378950.0,Del0.8,0.46
X-2406,RBMY1E,378950.0,Del0.8,0.46
X-2406,RBMY1F,159163.0,Del0.8,0.46
X-2406,RBMY1F,159163.0,Del0.8,0.46
X-2406,RBMY1J,378951.0,Del0.8,0.46
X-2406,RBMY1J,378951.0,Del0.8,0.46
X-2406,RBMY2EP,159125.0,Del0.8,0.46
X-2406,RBMY2FP,159162.0,Del0.8,0.46
X-2406,RBMY3AP,64593.0,Del0.8,0.46
X-2406,RHBDF2,79651.0,MutNovel,"H231P,0.444"
X-2406,RHD,6007.0,Del0.8,0.77
X-2406,RIF1,55183.0,MutNovel,"S1608F,0.375"
X-2406,RIOK3,8780.0,Amp5,5.66
X-2406,RNF24,11237.0,MutNovel,"H96R,1.000"
X-2406,ROCK1,6093.0,Amp5,5.66
X-2406,RPS4Y1,6192.0,Del0.8,0.46
X-2406,RPS4Y2,140032.0,Del0.8,0.46
X-2406,SAMD9L,219285.0,MutNovel,"C328F,0.406"
X-2406,SEPSECS,51091.0,MutKnownFunctional,"R465*,0.333"
X-2406,SERINC2,347735.0,MutNovel,"-373Q,0.506"
X-2406,SETD1B,23067.0,MutNovel,"R1596W,0.455"
X-2406,SLC15A3,51296.0,MutNovel,"H573P,0.319"
X-2406,SLC25A46,91137.0,MutNovel,"V143A,0.475"
X-2406,SLC28A2,9153.0,MutKnownFunctional,"-129?,0.375"
X-2406,SLC2A1,6513.0,MutNovel,"V108M,0.613"
X-2406,SLC35A4,113829.0,MutNovel,"D111G,0.491"
X-2406,SLC35E2B,728661.0,MutNovel,"T392I,0.467"
X-2406,SMAD4,4089.0,Del0.8,0.62
X-2406,SNRPD1,6632.0,Amp5,5.66
X-2406,SOX4,6659.0,MutNovel,"-168G,0.214"
X-2406,SPIRE2,84501.0,MutNovel,"S682P,0.222"
X-2406,SPTY2D1,144108.0,MutNovel,"KR107R,0.455"
X-2406,SRY,6736.0,Del0.8,0.46
X-2406,STX17,55014.0,MutNovel,"K226E,1.000"
X-2406,STXBP5,134957.0,MutNovel,"I134V,0.500"
X-2406,SUMF2,25870.0,MutNovel,"R9S,0.350"
X-2406,TACC1,6867.0,MutNovel,"S460L,0.786"
X-2406,TBC1D7,51256.0,MutNovel,"L243S,0.758"
X-2406,TBL1Y,90665.0,Del0.8,0.46
X-2406,TGFBI,7045.0,MutNovel,"H438Y,0.878"
X-2406,TGIF2LY,90655.0,Del0.8,0.46
X-2406,THADA,63892.0,MutKnownFunctional,"-1817,0.293"
X-2406,TJP2,9414.0,MutNovel,"R224W,1.000"
X-2406,TMEM101,84336.0,MutNovel,"A168G,0.229"
X-2406,TMEM238,388564.0,MutNovel,"A144S,0.739"
X-2406,TMEM241,85019.0,Amp5,5.66
X-2406,TMSB4Y,9087.0,Del0.8,0.46
X-2406,TMTC2,160335.0,MutNovel,"A78G,0.333"
X-2406,TOMM70A,9868.0,MutNovel,"T33A,0.556"
X-2406,TP53,7157.0,MutLikelyFunctional,"P151S,0.973"
X-2406,TRMT44,,MutNovel,"D384G,1.000"
X-2406,TRPC4AP,26133.0,MutNovel,"T114I,0.474"
X-2406,TSPY1,7258.0,Del0.8,0.46
X-2406,TSPY2,64591.0,Del0.8,0.46
X-2406,TSPY3,728137.0,Del0.8,0.46
X-2406,TSPY4,728395.0,Del0.8,0.46
X-2406,TSPY8,728403.0,Del0.8,0.46
X-2406,TSPYL1,7259.0,MutNovel,"V176VW,0.959"
X-2406,TTC28,23331.0,MutNovel,"G1427R,0.750"
X-2406,TTC39C,125488.0,Amp5,5.66
X-2406,TTTY10,246119.0,Del0.8,0.46
X-2406,TTTY11,83866.0,Del0.8,0.46
X-2406,TTTY12,83867.0,Del0.8,0.46
X-2406,TTTY13,83868.0,Del0.8,0.46
X-2406,TTTY14,83869.0,Del0.8,0.46
X-2406,TTTY15,64595.0,Del0.8,0.46
X-2406,TTTY16,252948.0,Del0.8,0.46
X-2406,TTTY17A,252949.0,Del0.8,0.46
X-2406,TTTY17A,252949.0,Del0.8,0.46
X-2406,TTTY18,252950.0,Del0.8,0.46
X-2406,TTTY19,252952.0,Del0.8,0.46
X-2406,TTTY1B,100101116.0,Del0.8,0.46
X-2406,TTTY1B,100101116.0,Del0.8,0.46
X-2406,TTTY2,60439.0,Del0.8,0.46
X-2406,TTTY2,60439.0,Del0.8,0.46
X-2406,TTTY20,252951.0,Del0.8,0.46
X-2406,TTTY21,252953.0,Del0.8,0.46
X-2406,TTTY21,252953.0,Del0.8,0.46
X-2406,TTTY22,252954.0,Del0.8,0.46
X-2406,TTTY23,252955.0,Del0.8,0.46
X-2406,TTTY23,252955.0,Del0.8,0.46
X-2406,TTTY3,114760.0,Del0.8,0.46
X-2406,TTTY3,114760.0,Del0.8,0.46
X-2406,TTTY4,114761.0,Del0.8,0.46
X-2406,TTTY4,114761.0,Del0.8,0.46
X-2406,TTTY5,83863.0,Del0.8,0.46
X-2406,TTTY6,84672.0,Del0.8,0.46
X-2406,TTTY6,84672.0,Del0.8,0.46
X-2406,TTTY7,246122.0,Del0.8,0.46
X-2406,TTTY7,246122.0,Del0.8,0.46
X-2406,TTTY7B,100101120.0,Del0.8,0.46
X-2406,TTTY7B,100101120.0,Del0.8,0.46
X-2406,TTTY8,84673.0,Del0.8,0.46
X-2406,TTTY8,84673.0,Del0.8,0.46
X-2406,TTTY9A,83864.0,Del0.8,0.46
X-2406,TTTY9A,83864.0,Del0.8,0.46
X-2406,TUBB2A,7280.0,MutNovel,"T238P,0.700"
X-2406,TWISTNB,221830.0,MutNovel,"S140F,0.333"
X-2406,TXLNG2P,246126.0,Del0.8,0.46
X-2406,USP36,57602.0,MutNovel,"KKK958K,0.381"
X-2406,USP9Y,8287.0,Del0.8,0.46
X-2406,UTY,7404.0,Del0.8,0.46
X-2406,VCY,9084.0,Del0.8,0.46
X-2406,VCY,9084.0,Del0.8,0.46
X-2406,WARS2,10352.0,MutNovel,"G40S,0.571"
X-2406,WDR11,55717.0,MutNovel,"M769R,0.271"
X-2406,XAF1,54739.0,MutNovel,"C270R,1.000"
X-2406,XKRY2,353515.0,Del0.8,0.46
X-2406,XKRY2,353515.0,Del0.8,0.46
X-2406,YY1AP1,55249.0,MutNovel,"R587Q,0.377"
X-2406,ZC3H11A,9877.0,MutNovel,"R301H,0.403"
X-2406,ZDHHC11,79844.0,MutNovel,"A303D,0.909"
X-2406,ZFY,7544.0,Del0.8,0.46
X-2406,ZNF404,342908.0,MutNovel,"S53R,0.667"
X-2406,ZNF692,55657.0,MutNovel,"D64E,0.273"
X-2406,ZNF700,90592.0,MutNovel,"H328R,0.800"
X-2406,ZNF76,7629.0,MutNovel,"D492N,0.558"
X-2406,ZUFSP,221302.0,MutNovel,"I484T,0.350"
X-2406,ZZEF1,23140.0,MutNovel,"V2832G,0.421"
X-2428,ABCC13,150000.0,Del0.8,0.64
X-2428,ABP1,26.0,MutNovel,"E20K,0.471"
X-2428,ADCY6,112.0,MutNovel,"C298R,0.216"
X-2428,ADCY8,114.0,Amp5,5.21
X-2428,ADNP,23394.0,MutNovel,"-142A,0.423"
X-2428,AGAP4,119016.0,MutNovel,"E561D,0.400"
X-2428,AHNAK2,113146.0,MutNovel,"N3188T,1.000"
X-2428,AMELY,266.0,Del0.8,0.51
X-2428,ANKRD20A11P,391267.0,Del0.8,0.64
X-2428,ANXA13,312.0,Amp5,5.21
X-2428,ARNTL2,56938.0,Amp5,5.1
X-2428,ASAP1,50807.0,Amp5,5.21
X-2428,ASAP1-IT1,29065.0,Amp5,5.21
X-2428,ASUN,55726.0,Amp5,5.1
X-2428,ATAD2,29028.0,Amp5,5.21
X-2428,ATG2A,23130.0,MutNovel,"R1827C,0.693"
X-2428,BAIAP3,8938.0,MutNovel,"D1186G,0.481"
X-2428,BCORP1,286554.0,Del0.8,0.51
X-2428,BHLHE41,79365.0,Amp5,5.1
X-2428,BPY2B,442867.0,Del0.8,0.51
X-2428,BPY2B,442867.0,Del0.8,0.51
X-2428,BTG3,10950.0,Del0.8,0.63
X-2428,C11orf49,79096.0,MutNovel,"E330Q,0.588"
X-2428,C12orf70,341346.0,Amp5,5.1
X-2428,C12orf71,728858.0,Amp5,5.1
X-2428,C14orf102,55051.0,MutNovel,"D235G,0.424"
X-2428,C21orf15,54094.0,Del0.8,0.64
X-2428,C21orf37,100505929.0,Del0.8,0.63
X-2428,C21orf58,54058.0,MutNovel,"H299PN,0.207"
X-2428,C21orf91,54149.0,Del0.8,0.63
X-2428,C21orf91-OT1,246312.0,Del0.8,0.63
X-2428,C8orf76,84933.0,Amp5,5.21
X-2428,C9orf53,51198.0,Del0.8,0.68
X-2428,CAPNS1,826.0,MutNovel,"H131P,0.285"
X-2428,CBX4,8535.0,MutNovel,"HHH398-,0.432"
X-2428,CCDC146,57639.0,MutNovel,"R250H,0.900"
X-2428,CDC42EP1,11135.0,MutNovel,"PAPAANPS253P,0.779"
X-2428,CDK13,8621.0,MutNovel,"T66A,0.375"
X-2428,CDKN2A,1029.0,Del0.8,0.68
X-2428,CDY1B,253175.0,Del0.8,0.51
X-2428,CDY1B,253175.0,Del0.8,0.51
X-2428,CDY2A,9426.0,Del0.8,0.51
X-2428,CDY2A,9426.0,Del0.8,0.51
X-2428,CDY2B,203611.0,Del0.8,0.51
X-2428,CDY2B,203611.0,Del0.8,0.51
X-2428,CEACAM1,634.0,MutNovel,"T100I,0.206"
X-2428,CEACAM7,1087.0,MutNovel,"L187P,0.250"
X-2428,CEACAM8,1088.0,MutNovel,"T171A,1.000"
X-2428,CHODL,140578.0,Del0.8,0.63
X-2428,CHODL-AS1,54075.0,Del0.8,0.63
X-2428,CHST15,51363.0,MutKnownFunctional,"-456,0.500"
X-2428,COL12A1,1303.0,MutNovel,"F162L,0.500"
X-2428,COL14A1,7373.0,Amp5,5.21
X-2428,COLEC10,10584.0,Amp5,5.21
X-2428,CREG2,200407.0,MutNovel,"P96Q,0.561"
X-2428,CRELD2,79174.0,MutNovel,"S344A,0.459"
X-2428,CRYBG3,,MutNovel,"M1594V,0.455"
X-2428,CSPG4P1Y,114758.0,Del0.8,0.51
X-2428,CSPG4P1Y,114758.0,Del0.8,0.51
X-2428,CTSA,5476.0,MutNovel,"L29-,0.355"
X-2428,CXADR,1525.0,Del0.8,0.63
X-2428,DAZ1,1617.0,Del0.8,0.51
X-2428,DAZ2,57055.0,Del0.8,0.51
X-2428,DAZ3,57054.0,Del0.8,0.51
X-2428,DAZ3,57054.0,Del0.8,0.51
X-2428,DAZ4,57135.0,Del0.8,0.51
X-2428,DAZ4,57135.0,Del0.8,0.51
X-2428,DCAF12,25853.0,MutNovel,"V66A,0.986"
X-2428,DDX3Y,8653.0,Del0.8,0.51
X-2428,DDX46,9879.0,MutNovel,"L635V,0.512"
X-2428,DEPTOR,64798.0,Amp5,5.21
X-2428,DERL1,79139.0,Amp5,5.21
X-2428,DGUOK,1716.0,MutKnownFunctional,"-75,0.359"
X-2428,DLC1,10395.0,MutNovel,"N783S,1.000"
X-2428,DMRTA1,63951.0,Del0.8,0.6
X-2428,DSC2,1824.0,MutNovel,"D807Y,0.432"
X-2428,DSCC1,79075.0,Amp5,5.21
X-2428,DST,667.0,MutNovel,"R821Q,0.264"
X-2428,DUSP16,80824.0,MutKnownFunctional,"R483*,0.393"
X-2428,ECHDC1,55862.0,MutNovel,"A8V,0.308"
X-2428,EFR3A,23167.0,Amp5,5.21
X-2428,EIF1AY,9086.0,Del0.8,0.51
X-2428,EIF3H,8667.0,Amp5,5.21
X-2428,EMBP1,647121.0,Amp5,6.36
X-2428,ENPP2,5168.0,Amp5,5.21
X-2428,EXT1,2131.0,Amp5,5.21
X-2428,FAM153A,285596.0,MutNovel,"V186G,1.000"
X-2428,FAM197Y2P,252946.0,Del0.8,0.51
X-2428,FAM208B,54906.0,MutNovel,"L1658F,0.735"
X-2428,FAM41AY1,340618.0,Del0.8,0.51
X-2428,FAM41AY1,340618.0,Del0.8,0.51
X-2428,FAM49B,51571.0,Amp5,5.21
X-2428,FAM72B,653820.0,Amp5,6.36
X-2428,FAM72D,728833.0,Amp5,6.36
X-2428,FAM83A,84985.0,Amp5,5.21
X-2428,FAM84B,157638.0,Amp5,5.21
X-2428,FAM91A1,157769.0,Amp5,5.21
X-2428,FANCM,57697.0,MutKnownFunctional,"Q1701*,0.500"
X-2428,FBXO32,114907.0,Amp5,5.21
X-2428,FBXO41,150726.0,MutNovel,"P374Q,0.958"
X-2428,FCGR1B,2210.0,Amp5,6.36
X-2428,FER1L6,654463.0,Amp5,5.21
X-2428,FER1L6-AS1,439941.0,Amp5,5.21
X-2428,FGFR1OP2,26127.0,Amp5,5.1
X-2428,FLJ35282,441389.0,Del0.8,0.6
X-2428,FRG2C,,MutNovel,"Q93R,1.000"
X-2428,GIGYF2,26058.0,MutNovel,"PQ1231P,0.224"
X-2428,GOLGA2P2Y,84559.0,Del0.8,0.51
X-2428,GOLGA2P2Y,84559.0,Del0.8,0.51
X-2428,GOLGA6L10,647042.0,MutNovel,"E351G,0.500"
X-2428,GOLGA6L10,647042.0,MutNovel,"R348M,0.750"
X-2428,GPC2,221914.0,MutNovel,"V391G,1.000"
X-2428,GPRIN2,9721.0,MutNovel,"-238MRE,0.639"
X-2428,GRB10,2887.0,MutNovel,"A461T,0.252"
X-2428,GRHL2,79977.0,MutNovel,"KE531K,0.202"
X-2428,GRIN3B,116444.0,MutNovel,"H117Y,1.000"
X-2428,GSDMC,56169.0,Amp5,5.21
X-2428,GYG2P1,352887.0,Del0.8,0.51
X-2428,HAS2,3037.0,Amp5,5.21
X-2428,HAS2-AS1,594842.0,Amp5,5.21
X-2428,HHLA1,10086.0,Amp5,5.21
X-2428,HIST2H2BA,337875.0,Amp5,6.36
X-2428,HOMER1,9456.0,MutNovel,"I47L,0.421"
X-2428,HPYR1,93668.0,Amp5,5.21
X-2428,HSFY2,159119.0,Del0.8,0.51
X-2428,HSFY2,159119.0,Del0.8,0.51
X-2428,HSPA13,6782.0,Del0.8,0.64
X-2428,HSPA1A,3303.0,MutNovel,"M122K,0.333"
X-2428,HSPA1B,3304.0,MutNovel,"T425V,0.750"
X-2428,IFIT1B,439996.0,MutNovel,"V104M,0.667"
X-2428,IFIT1B,439996.0,MutNovel,"Y256C,0.600"
X-2428,INF2,64423.0,MutNovel,"S1026I,0.276"
X-2428,ITPR2,3709.0,Amp5,5.1
X-2428,KCNQ3,3786.0,Amp5,5.21
X-2428,KDM3B,51780.0,MutNovel,"A5T,0.684"
X-2428,KDM5D,8284.0,Del0.8,0.51
X-2428,KIAA0196,9897.0,Amp5,5.21
X-2428,KIAA0754,643314.0,MutNovel,"A1109P,0.273"
X-2428,KIAA1524,57650.0,MutNovel,"Q398P,0.625"
X-2428,KLC4,89953.0,MutNovel,"G169E,0.308"
X-2428,KLHDC5,57542.0,Amp5,5.1
X-2428,KLHL38,340359.0,Amp5,5.21
X-2428,KRAS,3845.0,MutKnownFunctional,"G12R,0.700"
X-2428,KRT14,3861.0,MutNovel,"A197V,0.778"
X-2428,KRT3,3850.0,MutNovel,"DL366EM,1.000"
X-2428,KRT5,3852.0,MutNovel,"E348D,0.250"
X-2428,KRT84,3890.0,MutNovel,"D351E,1.000"
X-2428,LAT,27040.0,MutNovel,"V14I,1.000"
X-2428,LINC00478,388815.0,Del0.8,0.63
X-2428,LIPI,149998.0,Del0.8,0.64
X-2428,LIX1L,128077.0,MutNovel,"R22Q,0.400"
X-2428,LOC100130000,100130000.0,Amp5,6.36
X-2428,LOC100130231,100130231.0,Amp5,5.21
X-2428,LOC100131726,100131726.0,Amp5,5.21
X-2428,LOC100286793,100286793.0,Amp5,6.36
X-2428,LOC100288814,100288814.0,MutNovel,"V152I,1.000"
X-2428,LOC100507117,100507117.0,Amp5,5.21
X-2428,LOC100507369,,MutNovel,"A188V,0.571"
X-2428,LOC100996433,,MutNovel,"R94C,0.600"
X-2428,LOC157381,157381.0,Amp5,5.21
X-2428,LOC401180,,MutNovel,"-133G,1.000"
X-2428,LOC440563,440563.0,MutNovel,"K166Q,1.000"
X-2428,LOC554223,554223.0,MutNovel,"L135F,0.231"
X-2428,LOC727677,727677.0,Amp5,5.21
X-2428,LOC728724,728724.0,Amp5,5.21
X-2428,LRP1,4035.0,MutNovel,"R1999C,0.722"
X-2428,LRP5,4041.0,MutNovel,"R1070M,0.679"
X-2428,LRRC6,23639.0,Amp5,5.21
X-2428,MAL2,114569.0,Amp5,5.21
X-2428,MANSC4,100287284.0,Amp5,5.1
X-2428,MAP7,9053.0,MutNovel,"R328Q,0.656"
X-2428,MAZ,4150.0,MutNovel,"P62L,0.996"
X-2428,MED21,9412.0,Amp5,5.1
X-2428,MED30,90390.0,Amp5,5.21
X-2428,MEF2A,4205.0,MutNovel,"QQ412-,0.264"
X-2428,MEIS3,56917.0,MutNovel,"A382G,0.625"
X-2428,MIR1204,100302185.0,Amp5,5.21
X-2428,MIR1205,100302161.0,Amp5,5.21
X-2428,MIR1206,100302170.0,Amp5,5.21
X-2428,MIR1207,100302175.0,Amp5,5.21
X-2428,MIR1208,100302281.0,Amp5,5.21
X-2428,MIR125B2,406912.0,Del0.8,0.63
X-2428,MIR3610,100500914.0,Amp5,5.21
X-2428,MIR4663,100616260.0,Amp5,5.21
X-2428,MIR99A,407055.0,Del0.8,0.63
X-2428,MIRLET7C,406885.0,Del0.8,0.63
X-2428,MLH3,27030.0,MutNovel,"K910N,0.450"
X-2428,MLL3,58508.0,MutKnownFunctional,"-2797?,0.372"
X-2428,MPRIP,23164.0,MutNovel,"TS178T,0.512"
X-2428,MRPL13,28998.0,Amp5,5.21
X-2428,MRPS35,60488.0,Amp5,5.1
X-2428,MTAP,4507.0,Del0.8,0.68
X-2428,MTBP,27085.0,Amp5,5.21
X-2428,MTSS1,9788.0,Amp5,5.21
X-2428,MUC4,4585.0,MutNovel,"D4045H,0.278"
X-2428,MUC4,4585.0,MutNovel,"V517F,0.286"
X-2428,MUC5B,727897.0,MutNovel,"T3961N,0.627"
X-2428,MUC6,4588.0,MutNovel,"S1763P,0.333"
X-2428,MYC,4609.0,Amp5,5.21
X-2428,NBPF12,,MutNovel,"D440G,0.333"
X-2428,NBPF9,400818.0,MutNovel,"R97G,0.208"
X-2428,NBPF9,400818.0,MutNovel,"C132G,0.370"
X-2428,NCAPD2,9918.0,MutNovel,"P3F,0.364"
X-2428,NCOR2,9612.0,MutNovel,"G1839GAAA,0.537"
X-2428,NCOR2,9612.0,MutNovel,"R243W,0.723"
X-2428,NCRNA00185,55410.0,Del0.8,0.51
X-2428,NDUFB9,4715.0,Amp5,5.21
X-2428,NFIC,4782.0,MutNovel,"V356I,0.467"
X-2428,NLGN4Y,22829.0,Del0.8,0.51
X-2428,NOV,4856.0,Amp5,5.21
X-2428,NPAS2,4862.0,MutNovel,"SA571S,0.318"
X-2428,NRG1,3084.0,MutNovel,"H436Y,1.000"
X-2428,NRIP1,8204.0,Del0.8,0.63
X-2428,NSMCE2,286053.0,Amp5,5.21
X-2428,NYAP1,222950.0,MutNovel,"R378Q,0.875"
X-2428,OC90,729330.0,Amp5,5.21
X-2428,OFCC1,,MutNovel,"R663K,1.000"
X-2428,OR4F4,26682.0,Amp5,5.5
X-2428,ORAI1,84876.0,MutNovel,"PP43-,0.840"
X-2428,PABPC3,5042.0,MutKnownFunctional,"-239,0.500"
X-2428,PABPC3,5042.0,MutKnownFunctional,"-247GE?,0.400"
X-2428,PARP16,54956.0,MutNovel,"S307T,0.274"
X-2428,PCAT1,100750225.0,Amp5,5.21
X-2428,PCDH11Y,83259.0,Del0.8,0.51
X-2428,PCDHAC1,56135.0,MutNovel,"V36I,0.400"
X-2428,PHF15,23338.0,MutNovel,"R649C,0.603"
X-2428,PHLDA1,22822.0,MutNovel,"QQ194Q,0.490"
X-2428,PLCG2,5336.0,MutNovel,"D558E,1.000"
X-2428,PLEKHH1,57475.0,MutNovel,"S822L,0.580"
X-2428,PLEKHH1,57475.0,MutNovel,"T1362M,0.562"
X-2428,POLR3A,11128.0,MutNovel,"C1346S,0.354"
X-2428,POU5F1B,5462.0,Amp5,5.21
X-2428,PPFIBP1,8496.0,Amp5,5.1
X-2428,PPIAL4G,644591.0,Amp5,6.36
X-2428,PPP2R5A,5525.0,MutNovel,"M1MS,0.356"
X-2428,PRKY,5616.0,Del0.8,0.51
X-2428,PRRT2,112476.0,MutNovel,"L38P,0.353"
X-2428,PRY,9081.0,Del0.8,0.51
X-2428,PRY,9081.0,Del0.8,0.51
X-2428,PRY2,442862.0,Del0.8,0.51
X-2428,PRY2,442862.0,Del0.8,0.51
X-2428,PSG3,5671.0,MutNovel,"N61H,1.000"
X-2428,PTHLH,5744.0,Amp5,5.1
X-2428,PTPRJ,5795.0,MutNovel,"G877V,0.652"
X-2428,PVT1,5820.0,Amp5,5.21
X-2428,PYHIN1,149628.0,MutNovel,"P57R,1.000"
X-2428,RAD21,5885.0,Amp5,5.21
X-2428,RAD21-AS1,644660.0,Amp5,5.21
X-2428,RALY,22913.0,MutNovel,"-231S,0.262"
X-2428,RAPGEF6,51735.0,MutKnownFunctional,"R942*,0.700"
X-2428,RBM11,54033.0,Del0.8,0.64
X-2428,RBMY1A3P,286557.0,Del0.8,0.51
X-2428,RBMY1B,378948.0,Del0.8,0.51
X-2428,RBMY1B,378948.0,Del0.8,0.51
X-2428,RBMY1E,378950.0,Del0.8,0.51
X-2428,RBMY1E,378950.0,Del0.8,0.51
X-2428,RBMY1F,159163.0,Del0.8,0.51
X-2428,RBMY1F,159163.0,Del0.8,0.51
X-2428,RBMY1J,378951.0,Del0.8,0.51
X-2428,RBMY1J,378951.0,Del0.8,0.51
X-2428,RBMY2EP,159125.0,Del0.8,0.51
X-2428,RBMY2FP,159162.0,Del0.8,0.51
X-2428,RBMY3AP,64593.0,Del0.8,0.51
X-2428,RCC2,55920.0,MutNovel,"G33C,0.299"
X-2428,REP15,387849.0,Amp5,5.1
X-2428,RIN3,79890.0,MutNovel,"G967-,0.326"
X-2428,RNF139,11236.0,Amp5,5.21
X-2428,RP1L1,94137.0,MutNovel,"G2007R,1.000"
X-2428,RPP38,10557.0,MutKnownFunctional,"-32,0.720"
X-2428,RPS4Y1,6192.0,Del0.8,0.51
X-2428,RPS4Y2,140032.0,Del0.8,0.51
X-2428,RTL1,388015.0,MutNovel,"R1108Q,0.471"
X-2428,RTL1,388015.0,MutKnownFunctional,"-594,0.312"
X-2428,RTN3,10313.0,MutNovel,"S30R,0.684"
X-2428,RUSC2,9853.0,MutNovel,"D120H,1.000"
X-2428,SAMD12,401474.0,Amp5,5.21
X-2428,SAMD12-AS1,552860.0,Amp5,5.21
X-2428,SAMSN1,64092.0,Del0.8,0.64
X-2428,SATB1,6304.0,MutNovel,"P311S,0.528"
X-2428,SH3D21,79729.0,MutNovel,"R249Q,0.704"
X-2428,SHARPIN,81858.0,MutNovel,"L31P,0.311"
X-2428,SLC12A2,6558.0,MutNovel,"AA96-,0.448"
X-2428,SLC30A8,169026.0,Amp5,5.21
X-2428,SLC35E2B,728661.0,MutNovel,"I283V,0.224"
X-2428,SNTB1,6641.0,Amp5,5.21
X-2428,SQLE,6713.0,Amp5,5.21
X-2428,SRY,6736.0,Del0.8,0.51
X-2428,SSPN,8082.0,Amp5,5.1
X-2428,STK38L,23012.0,Amp5,5.1
X-2428,STRBP,55342.0,MutNovel,"I275M,1.000"
X-2428,SULF2,55959.0,MutNovel,"R394Q,0.635"
X-2428,TAF2,6873.0,Amp5,5.21
X-2428,TATDN1,83940.0,Amp5,5.21
X-2428,TBC1D2B,23102.0,MutNovel,"N241S,0.232"
X-2428,TBL1Y,90665.0,Del0.8,0.51
X-2428,TCEA3,6920.0,MutNovel,"G90R,0.235"
X-2428,TENC1,23371.0,MutNovel,"H1113Y,0.203"
X-2428,TGIF2LY,90655.0,Del0.8,0.51
X-2428,TLR6,10333.0,MutKnownFunctional,"-589?,0.447"
X-2428,TM7SF3,51768.0,Amp5,5.1
X-2428,TMEM101,84336.0,MutKnownFunctional,"W234*,0.208"
X-2428,TMEM184A,202915.0,MutNovel,"G392GA,0.306"
X-2428,TMEM65,157378.0,Amp5,5.21
X-2428,TMEM89,440955.0,MutNovel,"A22V,0.600"
X-2428,TMPRSS13,84000.0,MutNovel,"Q58G,0.500"
X-2428,TMPRSS15,5651.0,Del0.8,0.63
X-2428,TMSB4Y,9087.0,Del0.8,0.51
X-2428,TNFRSF11B,4982.0,Amp5,5.21
X-2428,TNRC18,84629.0,MutNovel,"P342S,0.607"
X-2428,TP53,7157.0,MutKnownFunctional,"E204*,1.000"
X-2428,TRIB1,10221.0,Amp5,5.21
X-2428,TRMT12,55039.0,Amp5,5.21
X-2428,TRNP1,388610.0,MutNovel,"P44A,0.596"
X-2428,TSPY1,7258.0,Del0.8,0.51
X-2428,TSPY2,64591.0,Del0.8,0.51
X-2428,TSPY3,728137.0,Del0.8,0.51
X-2428,TSPY4,728395.0,Del0.8,0.51
X-2428,TSPY8,728403.0,Del0.8,0.51
X-2428,TSPYL1,7259.0,MutNovel,"V176VW,0.870"
X-2428,TTC39B,158219.0,MutNovel,"H610D,0.619"
X-2428,TTTY10,246119.0,Del0.8,0.51
X-2428,TTTY11,83866.0,Del0.8,0.51
X-2428,TTTY12,83867.0,Del0.8,0.51
X-2428,TTTY13,83868.0,Del0.8,0.51
X-2428,TTTY14,83869.0,Del0.8,0.51
X-2428,TTTY15,64595.0,Del0.8,0.51
X-2428,TTTY16,252948.0,Del0.8,0.51
X-2428,TTTY17A,252949.0,Del0.8,0.51
X-2428,TTTY17A,252949.0,Del0.8,0.51
X-2428,TTTY18,252950.0,Del0.8,0.51
X-2428,TTTY19,252952.0,Del0.8,0.51
X-2428,TTTY1B,100101116.0,Del0.8,0.51
X-2428,TTTY1B,100101116.0,Del0.8,0.51
X-2428,TTTY2,60439.0,Del0.8,0.51
X-2428,TTTY2,60439.0,Del0.8,0.51
X-2428,TTTY20,252951.0,Del0.8,0.51
X-2428,TTTY21,252953.0,Del0.8,0.51
X-2428,TTTY21,252953.0,Del0.8,0.51
X-2428,TTTY22,252954.0,Del0.8,0.51
X-2428,TTTY23,252955.0,Del0.8,0.51
X-2428,TTTY23,252955.0,Del0.8,0.51
X-2428,TTTY3,114760.0,Del0.8,0.51
X-2428,TTTY3,114760.0,Del0.8,0.51
X-2428,TTTY4,114761.0,Del0.8,0.51
X-2428,TTTY4,114761.0,Del0.8,0.51
X-2428,TTTY5,83863.0,Del0.8,0.51
X-2428,TTTY6,84672.0,Del0.8,0.51
X-2428,TTTY6,84672.0,Del0.8,0.51
X-2428,TTTY7,246122.0,Del0.8,0.51
X-2428,TTTY7,246122.0,Del0.8,0.51
X-2428,TTTY7B,100101120.0,Del0.8,0.51
X-2428,TTTY7B,100101120.0,Del0.8,0.51
X-2428,TTTY8,84673.0,Del0.8,0.51
X-2428,TTTY8,84673.0,Del0.8,0.51
X-2428,TTTY9A,83864.0,Del0.8,0.51
X-2428,TTTY9A,83864.0,Del0.8,0.51
X-2428,TUBA1B,10376.0,MutNovel,"K112R,0.282"
X-2428,TXLNG2P,246126.0,Del0.8,0.51
X-2428,TXNDC15,79770.0,MutNovel,"P234L,0.537"
X-2428,UBE2E3,10477.0,MutNovel,"I166V,0.581"
X-2428,UFSP2,55325.0,MutNovel,"K99Q,0.263"
X-2428,UGP2,7360.0,MutNovel,"R504C,0.664"
X-2428,USP25,29761.0,Del0.8,0.63
X-2428,USP36,57602.0,MutNovel,"KKK958K,0.684"
X-2428,USP9Y,8287.0,Del0.8,0.51
X-2428,UTP23,84294.0,Amp5,5.21
X-2428,UTY,7404.0,Del0.8,0.51
X-2428,VCY,9084.0,Del0.8,0.51
X-2428,VCY,9084.0,Del0.8,0.51
X-2428,VSIG10,54621.0,MutNovel,"P123L,0.339"
X-2428,WDR60,55112.0,MutNovel,"R762Q,0.496"
X-2428,WDR67,93594.0,Amp5,5.21
X-2428,WDYHV1,55093.0,Amp5,5.21
X-2428,XKRY2,353515.0,Del0.8,0.51
X-2428,XKRY2,353515.0,Del0.8,0.51
X-2428,ZBED3,84327.0,MutNovel,"A179G,0.600"
X-2428,ZC3H13,23091.0,MutNovel,"D781A,0.343"
X-2428,ZC3H4,23211.0,MutNovel,"A3T,1.000"
X-2428,ZDHHC11,79844.0,MutNovel,"A303D,0.727"
X-2428,ZDHHC11,79844.0,MutNovel,"R276P,0.250"
X-2428,ZFHX3,463.0,MutNovel,"QQKVQQQQP3388P,0.737"
X-2428,ZFY,7544.0,Del0.8,0.51
X-2428,ZHX1,11244.0,Amp5,5.21
X-2428,ZHX1-C8ORF76,100533106.0,Amp5,5.21
X-2428,ZHX2,22882.0,Amp5,5.21
X-2428,ZNF219,51222.0,MutNovel,"QPP233P,0.738"
X-2428,ZNF292,23036.0,MutNovel,"N1642I,0.340"
X-2428,ZNF295,49854.0,MutNovel,"S967L,1.000"
X-2428,ZNF384,171017.0,MutNovel,"QQ514Q,0.449"
X-2428,ZNF418,147686.0,MutNovel,"H297Q,1.000"
X-2428,ZNF513,130557.0,MutNovel,"R153C,0.383"
X-2428,ZNF572,137209.0,Amp5,5.21
X-2428,ZNF750,79755.0,MutNovel,"E177K,0.667"
X-2428,ZNF841,284371.0,MutKnownFunctional,"-261,0.350"
X-2428,ZNF845,91664.0,MutNovel,"H433Y,0.222"
X-2428,ZZEF1,23140.0,MutNovel,"LPL2115L,0.382"
X-2470,AATK,9625.0,MutNovel,"A1332T,0.596"
X-2470,AKAP13,11214.0,MutNovel,"D1589V,0.273"
X-2470,AKR1B15,441282.0,MutNovel,"G84R,0.571"
X-2470,AMELY,266.0,Del0.8,0.47
X-2470,ANAPC4,29945.0,MutNovel,"A384V,0.775"
X-2470,ANKRD36,375248.0,MutNovel,"T998S,0.333"
X-2470,B3GNT6,192134.0,MutNovel,"V185M,0.429"
X-2470,BBS9,27241.0,MutNovel,"K594Q,0.212"
X-2470,BCAR3,8412.0,MutNovel,"A373T,0.372"
X-2470,BCORP1,286554.0,Del0.8,0.47
X-2470,BPY2B,442867.0,Del0.8,0.47
X-2470,BPY2B,442867.0,Del0.8,0.47
X-2470,C6orf132,647024.0,MutNovel,"V782I,0.684"
X-2470,CAD,790.0,MutNovel,"TF1562T,0.887"
X-2470,CASC4,113201.0,MutNovel,"E396D,0.669"
X-2470,CDC42BPB,9578.0,MutNovel,"R1269Q,0.898"
X-2470,CDKN2A,1029.0,MutNovel,"VRALLEA28A,0.882"
X-2470,CDY1B,253175.0,Del0.8,0.47
X-2470,CDY1B,253175.0,Del0.8,0.47
X-2470,CDY2A,9426.0,Del0.8,0.47
X-2470,CDY2A,9426.0,Del0.8,0.47
X-2470,CDY2B,203611.0,Del0.8,0.47
X-2470,CDY2B,203611.0,Del0.8,0.47
X-2470,CEACAM8,1088.0,MutNovel,"D61H,1.000"
X-2470,CHID1,66005.0,MutNovel,"G108S,0.539"
X-2470,CREG2,200407.0,MutNovel,"P96Q,0.714"
X-2470,CRIPAK,285464.0,MutNovel,"V164A,0.286"
X-2470,CSPG4P1Y,114758.0,Del0.8,0.47
X-2470,CSPG4P1Y,114758.0,Del0.8,0.47
X-2470,CTSA,5476.0,MutNovel,"L29-,0.370"
X-2470,DAZ1,1617.0,Del0.8,0.47
X-2470,DAZ2,57055.0,Del0.8,0.47
X-2470,DAZ3,57054.0,Del0.8,0.47
X-2470,DAZ3,57054.0,Del0.8,0.47
X-2470,DAZ4,57135.0,Del0.8,0.47
X-2470,DAZ4,57135.0,Del0.8,0.47
X-2470,DCAF11,80344.0,MutNovel,"N92D,0.500"
X-2470,DDT,1652.0,Del0.8,0.79
X-2470,DDTL,100037417.0,Del0.8,0.79
X-2470,DDX3Y,8653.0,Del0.8,0.47
X-2470,DGKQ,1609.0,MutNovel,"R240H,0.214"
X-2470,DGKZ,8525.0,MutKnownFunctional,"Y1105*,0.292"
X-2470,DIAPH1,1729.0,MutNovel,"PPPPP614P,0.458"
X-2470,EFCAB4B,84766.0,MutNovel,"L336F,0.375"
X-2470,EIF1AY,9086.0,Del0.8,0.47
X-2470,ELAC1,55520.0,Del0.8,0.56
X-2470,EP300,2033.0,MutNovel,"Q2266-,0.421"
X-2470,EPPK1,83481.0,MutNovel,"R2239H,0.214"
X-2470,ERICH1,157697.0,MutNovel,"A2G,0.436"
X-2470,ERN2,10595.0,MutNovel,"R868W,0.480"
X-2470,FAM153A,285596.0,MutNovel,"V186G,1.000"
X-2470,FAM18B2,201158.0,MutNovel,"S199C,1.000"
X-2470,FAM197Y2P,252946.0,Del0.8,0.47
X-2470,FAM41AY1,340618.0,Del0.8,0.47
X-2470,FAM41AY1,340618.0,Del0.8,0.47
X-2470,FBXL19,54620.0,MutNovel,"V208M,0.214"
X-2470,FCGBP,8857.0,MutNovel,"A2715V,1.000"
X-2470,FGFR1OP,11116.0,MutNovel,"G272E,0.413"
X-2470,FOXO6,,MutNovel,"P518L,1.000"
X-2470,GAA,2548.0,MutNovel,"A704S,0.660"
X-2470,GALR1,2587.0,Del0.8,0.63
X-2470,GLTSCR1,29998.0,MutNovel,"G93D,1.000"
X-2470,GOLGA2P2Y,84559.0,Del0.8,0.47
X-2470,GOLGA2P2Y,84559.0,Del0.8,0.47
X-2470,GPRIN2,9721.0,MutNovel,"-238MRE,0.273"
X-2470,GPT,2875.0,MutKnownFunctional,"-132,0.308"
X-2470,GSTT2,2953.0,Del0.8,0.79
X-2470,GSTT2,2953.0,Del0.8,0.79
X-2470,GYG2P1,352887.0,Del0.8,0.47
X-2470,HECA,51696.0,MutNovel,"R289C,0.500"
X-2470,HIST1H2BN,8341.0,MutNovel,"S92P,0.667"
X-2470,HLA-DRB5,3127.0,MutNovel,"A87E,1.000"
X-2470,HRH1,3269.0,MutNovel,"V217I,0.222"
X-2470,HSFY2,159119.0,Del0.8,0.47
X-2470,HSFY2,159119.0,Del0.8,0.47
X-2470,IDO1,3620.0,MutNovel,"L124F,0.750"
X-2470,KDM5D,8284.0,Del0.8,0.47
X-2470,KIAA1107,23285.0,MutNovel,"S1164P,0.333"
X-2470,KIF15,56992.0,MutNovel,"G480C,0.417"
X-2470,KIF3A,11127.0,MutNovel,"A449G,0.475"
X-2470,KNTC1,9735.0,MutNovel,"R742I,0.893"
X-2470,KRAS,3845.0,MutKnownFunctional,"G12D,0.889"
X-2470,KRT2,3849.0,MutNovel,"L459Q,1.000"
X-2470,KRT2,3849.0,MutNovel,"L456M,1.000"
X-2470,KRT2,3849.0,MutNovel,"E454Q,1.000"
X-2470,LAMB1,3912.0,MutNovel,"Y548C,0.395"
X-2470,LEFTY1,10637.0,MutNovel,"R142Q,0.667"
X-2470,LOC100287119,,MutNovel,"Q83H,1.000"
X-2470,LOC100289650,100289650.0,Amp5,6.77
X-2470,LOC642799,,MutNovel,"L271F,1.000"
X-2470,LOC729264,729264.0,Del0.8,0.69
X-2470,LRRFIP1,9208.0,MutKnownFunctional,"-5,0.333"
X-2470,LSR,51599.0,MutNovel,"G518GR,0.494"
X-2470,LY6E,4061.0,MutNovel,"P73L,0.440"
X-2470,LY6G5B,58496.0,MutNovel,"C47Y,0.500"
X-2470,MAGI1,9223.0,MutNovel,"RGGSPERR1388-,0.235"
X-2470,MAP3K4,4216.0,MutNovel,"PA1189P,0.429"
X-2470,MAPKAP1,79109.0,MutNovel,"R395Q,0.218"
X-2470,MBP,4155.0,Del0.8,0.57
X-2470,MCM10,55388.0,MutNovel,"E35G,0.615"
X-2470,MDC1,9656.0,MutNovel,"P1177S,0.333"
X-2470,ME2,4200.0,Del0.8,0.56
X-2470,MEN1,4221.0,MutNovel,"R171Q,0.615"
X-2470,MIDN,90007.0,MutNovel,"P187S,0.897"
X-2470,MLL3,58508.0,MutNovel,"C4462F,0.531"
X-2470,MRO,83876.0,Del0.8,0.56
X-2470,MRPL38,64978.0,MutNovel,"R17Q,0.479"
X-2470,MSH2,4436.0,MutLikelyFunctional,"G322D,0.615"
X-2470,MST1,4485.0,MutNovel,"P416L,0.438"
X-2470,MUC12,10071.0,MutNovel,"T312I,0.429"
X-2470,MUC12,10071.0,MutNovel,"L324F,0.375"
X-2470,MUC12,10071.0,MutNovel,"S330L,0.333"
X-2470,MUC12,10071.0,MutNovel,"T4363I,0.714"
X-2470,MUC4,4585.0,MutNovel,"L4065I,0.385"
X-2470,MXD3,83463.0,MutNovel,"P48L,0.463"
X-2470,MYH1,4619.0,MutNovel,"D1234N,1.000"
X-2470,MYH1,4619.0,MutNovel,"EM1227DL,1.000"
X-2470,MYH1,4619.0,MutNovel,"E510D,1.000"
X-2470,MYH4,4622.0,MutNovel,"L1903I,1.000"
X-2470,MYH4,4622.0,MutNovel,"E510V,1.000"
X-2470,NBPF1,55672.0,MutNovel,"V827I,0.231"
X-2470,NCOR2,9612.0,MutNovel,"G1839GAAA,0.417"
X-2470,NCOR2,9612.0,MutNovel,"-511SS,0.214"
X-2470,NCRNA00185,55410.0,Del0.8,0.47
X-2470,NDUFAF6,,MutNovel,"Y260C,0.450"
X-2470,NLGN4Y,22829.0,Del0.8,0.47
X-2470,NR1H2,7376.0,MutNovel,"-173Q,0.787"
X-2470,NUMA1,4926.0,MutNovel,"R218Q,0.705"
X-2470,OGFOD2,79676.0,MutNovel,"G117R,0.944"
X-2470,OR4C6,219432.0,Del0.8,0.71
X-2470,OR4P4,81300.0,Del0.8,0.71
X-2470,OR4S2,219431.0,Del0.8,0.71
X-2470,ORAI1,84876.0,MutNovel,"PP43-,0.792"
X-2470,OVCA2,124641.0,MutNovel,"D50G,0.884"
X-2470,PAM,5066.0,MutNovel,"K951N,0.499"
X-2470,PC,5091.0,MutNovel,"P1115T,0.622"
X-2470,PCDH11Y,83259.0,Del0.8,0.47
X-2470,PCDHGC3,5098.0,MutNovel,"E341K,1.000"
X-2470,PDE4DIP,9659.0,MutNovel,"Y1345C,1.000"
X-2470,PHLDA1,22822.0,MutNovel,"QQ194Q,0.458"
X-2470,POM121C,100101267.0,MutNovel,"L195M,0.212"
X-2470,PRKY,5616.0,Del0.8,0.47
X-2470,PRR24,255783.0,MutNovel,"P72R,1.000"
X-2470,PRSS3,5646.0,MutNovel,"L11S,1.000"
X-2470,PRY,9081.0,Del0.8,0.47
X-2470,PRY,9081.0,Del0.8,0.47
X-2470,PRY2,442862.0,Del0.8,0.47
X-2470,PRY2,442862.0,Del0.8,0.47
X-2470,RBMY1A3P,286557.0,Del0.8,0.47
X-2470,RBMY1B,378948.0,Del0.8,0.47
X-2470,RBMY1B,378948.0,Del0.8,0.47
X-2470,RBMY1E,378950.0,Del0.8,0.47
X-2470,RBMY1E,378950.0,Del0.8,0.47
X-2470,RBMY1F,159163.0,Del0.8,0.47
X-2470,RBMY1F,159163.0,Del0.8,0.47
X-2470,RBMY1J,378951.0,Del0.8,0.47
X-2470,RBMY1J,378951.0,Del0.8,0.47
X-2470,RBMY2EP,159125.0,Del0.8,0.47
X-2470,RBMY2FP,159162.0,Del0.8,0.47
X-2470,RBMY3AP,64593.0,Del0.8,0.47
X-2470,RCN1,5954.0,MutNovel,"P49L,0.323"
X-2470,RNF157,114804.0,MutNovel,"S46T,0.407"
X-2470,RNF223,401934.0,MutNovel,"A127V,0.400"
X-2470,RPL21,6144.0,MutNovel,"M159V,0.366"
X-2470,RPS4Y1,6192.0,Del0.8,0.47
X-2470,RPS4Y2,140032.0,Del0.8,0.47
X-2470,RTKN,6242.0,MutNovel,"R343W,0.263"
X-2470,SALL3,27164.0,Del0.8,0.69
X-2470,SCAF8,22828.0,MutKnownFunctional,"-1004,0.248"
X-2470,SDCBP2,27111.0,MutNovel,"R106Q,0.527"
X-2470,SERINC2,347735.0,MutNovel,"-373Q,0.675"
X-2470,SERPINA6,866.0,MutNovel,"L243P,0.214"
X-2470,SIGLEC14,100049587.0,Del0.8,0.63
X-2470,SLC28A2,9153.0,MutKnownFunctional,"-129?,0.444"
X-2470,SLC6A10P,386757.0,Del0.8,0.56
X-2470,SMAD4,4089.0,Del0.8,0.64
X-2470,SRY,6736.0,Del0.8,0.47
X-2470,TAF1C,9013.0,MutNovel,"S500R,0.826"
X-2470,TARBP1,6894.0,MutNovel,"P306L,0.778"
X-2470,TBC1D3F,,MutNovel,"R137K,0.456"
X-2470,TBL1Y,90665.0,Del0.8,0.47
X-2470,TBP,6908.0,MutNovel,"-64Q,0.267"
X-2470,TGIF2LY,90655.0,Del0.8,0.47
X-2470,TLCD2,727910.0,MutNovel,"R177H,0.800"
X-2470,TMEM184A,202915.0,MutNovel,"G392GA,0.300"
X-2470,TMSB4Y,9087.0,Del0.8,0.47
X-2470,TNRC18,84629.0,MutNovel,"R2441G,0.530"
X-2470,TP53,7157.0,MutNovel,"C176S,0.714"
X-2470,TP53I11,9537.0,MutNovel,"E58V,0.366"
X-2470,TP53TG3,24150.0,Del0.8,0.69
X-2470,TP53TG3B,729355.0,Del0.8,0.69
X-2470,TSPY1,7258.0,Del0.8,0.47
X-2470,TSPY2,64591.0,Del0.8,0.47
X-2470,TSPY3,728137.0,Del0.8,0.47
X-2470,TSPY4,728395.0,Del0.8,0.47
X-2470,TSPY8,728403.0,Del0.8,0.47
X-2470,TSPYL1,7259.0,MutNovel,"V176VW,0.375"
X-2470,TTC21B,79809.0,MutNovel,"R898Q,0.405"
X-2470,TTTY10,246119.0,Del0.8,0.47
X-2470,TTTY11,83866.0,Del0.8,0.47
X-2470,TTTY12,83867.0,Del0.8,0.47
X-2470,TTTY13,83868.0,Del0.8,0.47
X-2470,TTTY14,83869.0,Del0.8,0.47
X-2470,TTTY15,64595.0,Del0.8,0.47
X-2470,TTTY16,252948.0,Del0.8,0.47
X-2470,TTTY17A,252949.0,Del0.8,0.47
X-2470,TTTY17A,252949.0,Del0.8,0.47
X-2470,TTTY18,252950.0,Del0.8,0.47
X-2470,TTTY19,252952.0,Del0.8,0.47
X-2470,TTTY1B,100101116.0,Del0.8,0.47
X-2470,TTTY1B,100101116.0,Del0.8,0.47
X-2470,TTTY2,60439.0,Del0.8,0.47
X-2470,TTTY2,60439.0,Del0.8,0.47
X-2470,TTTY20,252951.0,Del0.8,0.47
X-2470,TTTY21,252953.0,Del0.8,0.47
X-2470,TTTY21,252953.0,Del0.8,0.47
X-2470,TTTY22,252954.0,Del0.8,0.47
X-2470,TTTY23,252955.0,Del0.8,0.47
X-2470,TTTY23,252955.0,Del0.8,0.47
X-2470,TTTY3,114760.0,Del0.8,0.47
X-2470,TTTY3,114760.0,Del0.8,0.47
X-2470,TTTY4,114761.0,Del0.8,0.47
X-2470,TTTY4,114761.0,Del0.8,0.47
X-2470,TTTY5,83863.0,Del0.8,0.47
X-2470,TTTY6,84672.0,Del0.8,0.47
X-2470,TTTY6,84672.0,Del0.8,0.47
X-2470,TTTY7,246122.0,Del0.8,0.47
X-2470,TTTY7,246122.0,Del0.8,0.47
X-2470,TTTY7B,100101120.0,Del0.8,0.47
X-2470,TTTY7B,100101120.0,Del0.8,0.47
X-2470,TTTY8,84673.0,Del0.8,0.47
X-2470,TTTY8,84673.0,Del0.8,0.47
X-2470,TTTY9A,83864.0,Del0.8,0.47
X-2470,TTTY9A,83864.0,Del0.8,0.47
X-2470,TUBGCP2,10844.0,MutNovel,"D453N,0.253"
X-2470,TXLNG2P,246126.0,Del0.8,0.47
X-2470,UBR1,197131.0,MutNovel,"A1412G,0.595"
X-2470,UBXN11,91544.0,MutNovel,"P503PVP,0.357"
X-2470,USP19,10869.0,MutNovel,"A665T,0.263"
X-2470,USP9Y,8287.0,Del0.8,0.47
X-2470,UTY,7404.0,MutNovel,"I925Q,1.000"
X-2470,UTY,7404.0,MutKnownFunctional,"SQ923S*,1.000"
X-2470,UTY,7404.0,Del0.8,0.47
X-2470,VCY,9084.0,Del0.8,0.47
X-2470,VCY,9084.0,Del0.8,0.47
X-2470,WTAP,9589.0,MutNovel,"N74K,0.350"
X-2470,XKRY2,353515.0,Del0.8,0.47
X-2470,XKRY2,353515.0,Del0.8,0.47
X-2470,XYLT1,64131.0,MutNovel,"A115S,0.833"
X-2470,ZFP36L2,678.0,MutNovel,"P427S,0.453"
X-2470,ZFY,7544.0,Del0.8,0.47
X-2470,ZNF236,7776.0,MutNovel,"F1223L,0.600"
X-2470,ZNF236,7776.0,MutNovel,"H1226Y,0.600"
X-2470,ZNF236,7776.0,MutNovel,"Q1322E,0.750"
X-2470,ZNF384,171017.0,MutNovel,"QQ514Q,0.298"
X-2470,ZNF773,374928.0,MutNovel,"R295K,0.250"
X-2470,ZRANB1,54764.0,MutKnownFunctional,"-709?,0.418"
X-2564,ACOT1,641371.0,Del0.8,0.65
X-2564,ACSL5,51703.0,MutNovel,"C125Y,0.617"
X-2564,ACSS2,55902.0,MutNovel,"G220W,0.560"
X-2564,ADAM3A,1587.0,Del0.8,0.27
X-2564,ADAM5P,255926.0,Del0.8,0.46
X-2564,ADAMTSL1,92949.0,Del0.8,0.28
X-2564,AEBP2,121536.0,Amp8,12.82
X-2564,AGGF1,55109.0,MutNovel,"E443Q,0.481"
X-2564,ANKRD36C,,MutNovel,"R786W,0.625"
X-2564,ANKS3,124401.0,MutNovel,"SS334S,0.286"
X-2564,ARFGAP2,84364.0,MutNovel,"N361S,0.471"
X-2564,ASH1L,55870.0,MutNovel,"R2834Q,0.454"
X-2564,BNC2,54796.0,Del0.8,0.28
X-2564,BPY2B,442867.0,Del0.8,0.59
X-2564,C14orf43,91748.0,MutNovel,"G233D,0.444"
X-2564,C17orf70,80233.0,MutNovel,"E854K,0.528"
X-2564,C9orf174,100499483.0,MutNovel,"R319W,1.000"
X-2564,C9orf53,51198.0,Del0.8,0.3
X-2564,CADM2,253559.0,Amp5,5.46
X-2564,CBWD6,644019.0,MutKnownFunctional,"-259?,0.880"
X-2564,CDKN2A,1029.0,Del0.8,0.3
X-2564,CDKN2B,1030.0,Del0.8,0.53
X-2564,CDY1B,253175.0,Del0.8,0.59
X-2564,CDY1B,253175.0,Del0.8,0.59
X-2564,CGGBP1,8545.0,Amp5,7.16
X-2564,CHMP2B,25978.0,Amp8,10.93
X-2564,CNNM4,26504.0,MutNovel,"W31R,0.571"
X-2564,CNTLN,54875.0,Del0.8,0.47
X-2564,CRIPAK,285464.0,MutNovel,"M317V,0.400"
X-2564,CSK,1445.0,MutNovel,"E205K,0.404"
X-2564,CSPG4P1Y,114758.0,Del0.8,0.59
X-2564,CSPG4P1Y,114758.0,Del0.8,0.59
X-2564,CSRNP2,81566.0,MutNovel,"E354K,0.312"
X-2564,CTSA,5476.0,MutNovel,"L29-,0.905"
X-2564,CXCL6,6372.0,MutKnownFunctional,"-80?,0.381"
X-2564,DAZ1,1617.0,Del0.8,0.59
X-2564,DAZ2,57055.0,Del0.8,0.59
X-2564,DAZ3,57054.0,Del0.8,0.59
X-2564,DAZ3,57054.0,Del0.8,0.59
X-2564,DAZ4,57135.0,Del0.8,0.59
X-2564,DAZ4,57135.0,Del0.8,0.59
X-2564,DENND4B,9909.0,MutNovel,"QQQ908-,0.622"
X-2564,DGKA,1606.0,MutKnownFunctional,"R404*,0.267"
X-2564,DHX16,8449.0,MutNovel,"P8S,0.464"
X-2564,DHX36,170506.0,MutNovel,"G28W,0.545"
X-2564,DMRT1,1761.0,Amp5,5.06
X-2564,DMRT2,10655.0,Amp5,6.54
X-2564,DMRT3,58524.0,Amp5,6.54
X-2564,ENDOV,284131.0,MutNovel,"R112W,0.667"
X-2564,FAM154A,158297.0,Del0.8,0.62
X-2564,FAM53A,152877.0,MutNovel,"R276C,1.000"
X-2564,FAM83H,286077.0,MutNovel,"R348C,0.785"
X-2564,FCGBP,8857.0,MutNovel,"V4469I,1.000"
X-2564,FCGBP,8857.0,MutNovel,"G3871R,0.342"
X-2564,FCGBP,8857.0,MutNovel,"V3268I,0.444"
X-2564,FNDC3B,64778.0,MutNovel,"F634L,0.581"
X-2564,GLIS3,169792.0,Del0.8,0.51
X-2564,GLIS3-AS1,84850.0,Del0.8,0.33
X-2564,GOLGA2P2Y,84559.0,Del0.8,0.59
X-2564,GOLGA2P2Y,84559.0,Del0.8,0.59
X-2564,GPATCH1,55094.0,MutNovel,"G25S,0.286"
X-2564,GSPT1,2935.0,MutNovel,"P41S,0.471"
X-2564,GSTO1,9446.0,MutNovel,"R147C,0.597"
X-2564,HLA-DRB5,3127.0,Amp5,5.28
X-2564,HTR1F,3355.0,Amp8,10.93
X-2564,IFNA1,3439.0,Del0.8,0.18
X-2564,IFNA10,3446.0,Del0.8,0.33
X-2564,IFNA13,3447.0,Del0.8,0.34
X-2564,IFNA14,3448.0,Del0.8,0.33
X-2564,IFNA16,3449.0,Del0.8,0.33
X-2564,IFNA17,3451.0,Del0.8,0.33
X-2564,IFNA2,3440.0,Del0.8,0.34
X-2564,IFNA21,3452.0,Del0.8,0.38
X-2564,IFNA22P,3453.0,Del0.8,0.33
X-2564,IFNA4,3441.0,Del0.8,0.15
X-2564,IFNA6,3443.0,Del0.8,0.34
X-2564,IFNA7,3444.0,Del0.8,0.33
X-2564,IFNA8,3445.0,Del0.8,0.34
X-2564,IFNB1,3456.0,Del0.8,0.38
X-2564,IFNW1,3467.0,Del0.8,0.38
X-2564,INTS12,57117.0,MutNovel,"K242E,0.557"
X-2564,IST1,9798.0,MutNovel,"MP236-,0.266"
X-2564,JUND,3727.0,MutNovel,"AGGA204A,0.351"
X-2564,KCTD18,130535.0,MutNovel,"L237P,0.606"
X-2564,KGFLP2,654466.0,Del0.8,0.56
X-2564,KIAA0125,9834.0,Amp8,9
X-2564,KIF20B,9585.0,MutNovel,"L1062LKV,0.500"
X-2564,KLHL9,55958.0,Del0.8,0.34
X-2564,KRAS,3845.0,MutKnownFunctional,"G12D,1.000"
X-2564,KRT5,3852.0,MutNovel,"E348D,1.000"
X-2564,LAMA5,3911.0,MutNovel,"R1679W,0.447"
X-2564,LGALS9C,654346.0,Del0.8,0.28
X-2564,LOC100132705,,MutNovel,"D68N,1.000"
X-2564,LOC440970,440970.0,Amp5,5.43
X-2564,LRWD1,222229.0,MutNovel,"T130A,0.450"
X-2564,MEF2A,4205.0,MutNovel,"QQ412-,0.346"
X-2564,MGC21881,389741.0,Del0.8,0.56
X-2564,MIR31,407035.0,Del0.8,0.68
X-2564,MIR3152,100422869.0,Del0.8,0.35
X-2564,MIR31HG,554202.0,Del0.8,0.35
X-2564,MIR4675,100616383.0,Del0.8,0.77
X-2564,MIR4795,100616161.0,Amp8,10.93
X-2564,MIR491,574444.0,Del0.8,0.32
X-2564,MLLT3,4300.0,Del0.8,0.59
X-2564,MST1,4485.0,MutKnownFunctional,"W264*,0.750"
X-2564,MTAP,4507.0,Del0.8,0.31
X-2564,MUC4,4585.0,MutNovel,"HA4205QT,0.600"
X-2564,MUC4,4585.0,MutNovel,"P3442A,1.000"
X-2564,MUC5B,727897.0,MutNovel,"P2333S,0.273"
X-2564,NBPF1,55672.0,MutNovel,"Y331N,0.400"
X-2564,NBPF12,,MutNovel,"D440G,0.667"
X-2564,NCOA3,8202.0,MutNovel,"Q1255-,0.267"
X-2564,NCOR2,9612.0,MutNovel,"G1839GAAA,0.429"
X-2564,NCOR2,9612.0,MutNovel,"-511SS,0.243"
X-2564,NFKBIZ,64332.0,MutNovel,"G80C,0.556"
X-2564,NUDT22,84304.0,MutNovel,"T129R,0.487"
X-2564,NXF1,10482.0,MutNovel,"L214V,0.472"
X-2564,ORAI1,84876.0,MutNovel,"PP43-,0.862"
X-2564,PCDHB11,56125.0,MutNovel,"R461H,1.000"
X-2564,PDPR,55066.0,MutNovel,"H214Q,0.214"
X-2564,PEX10,5192.0,MutNovel,"R234C,0.438"
X-2564,PHLDA1,22822.0,MutNovel,"QQ194Q,0.589"
X-2564,PIEZO1,9780.0,MutNovel,"F2458I,0.489"
X-2564,PKN2,5586.0,MutNovel,"V28L,0.578"
X-2564,PLEKHA5,54477.0,Amp5,7.94
X-2564,POM121,9883.0,MutNovel,"A422T,0.350"
X-2564,POU1F1,5449.0,Amp8,10.93
X-2564,PPP1R15B,84919.0,MutNovel,"S416P,0.505"
X-2564,PPP1R21,129285.0,MutNovel,"D254G,0.435"
X-2564,PTPLAD2,401494.0,Del0.8,0.32
X-2564,RAPGEF2,9693.0,MutNovel,"F441V,0.387"
X-2564,RBBP6,5930.0,MutNovel,"T99A,0.545"
X-2564,RHOBTB3,22836.0,MutNovel,"V287A,0.433"
X-2564,RIPK1,8737.0,MutNovel,"V301L,0.402"
X-2564,RPUSD4,84881.0,MutNovel,"R45K,0.605"
X-2564,SCLY,51540.0,MutNovel,"A14T,0.357"
X-2564,SEMA3C,10512.0,MutNovel,"T487P,0.353"
X-2564,SERHL2,253190.0,MutNovel,"H168Q,0.438"
X-2564,SERINC2,347735.0,MutNovel,"-373Q,0.765"
X-2564,SH3GL2,6456.0,Del0.8,0.34
X-2564,SLC44A2,57153.0,MutNovel,"M260V,0.504"
X-2564,SMARCC2,6601.0,MutNovel,"R235K,0.436"
X-2564,STK11IP,114790.0,MutNovel,"A963V,0.435"
X-2564,TANC2,26115.0,MutNovel,"V1148A,0.444"
X-2564,THUMPD3,25917.0,MutNovel,"K453E,0.508"
X-2564,TMEM184A,202915.0,MutNovel,"G392GA,0.885"
X-2564,TNKS,8658.0,MutNovel,"S132A,1.000"
X-2564,TP53,7157.0,MutNovel,"R273P,1.000"
X-2564,TTTY3,114760.0,Del0.8,0.59
X-2564,TTTY3,114760.0,Del0.8,0.59
X-2564,URB1,9875.0,MutNovel,"R1931K,0.388"
X-2564,UTY,7404.0,MutNovel,"K1008P,0.429"
X-2564,UTY,7404.0,MutNovel,"NP1006TI,0.429"
X-2564,UTY,7404.0,MutNovel,"N586L,0.250"
X-2564,UTY,7404.0,MutNovel,"V584E,0.250"
X-2564,UTY,7404.0,MutNovel,"N582K,0.286"
X-2564,UTY,7404.0,MutNovel,"T581S,0.357"
X-2564,UTY,7404.0,MutNovel,"SL578WA,0.357"
X-2564,UTY,7404.0,MutNovel,"S578A,0.357"
X-2564,UTY,7404.0,MutNovel,"TD575IR,0.357"
X-2564,UTY,7404.0,MutNovel,"T575P,0.357"
X-2564,UTY,7404.0,MutNovel,"GA572AI,0.467"
X-2564,UTY,7404.0,MutNovel,"N571T,0.471"
X-2564,UTY,7404.0,MutNovel,"T518L,0.500"
X-2564,UTY,7404.0,MutKnownFunctional,"S505*,0.375"
X-2564,UTY,7404.0,MutNovel,"S505Q,0.438"
X-2564,UTY,7404.0,MutKnownFunctional,"IK369I*,0.500"
X-2564,UTY,7404.0,MutKnownFunctional,"I369*,0.562"
X-2564,UTY,7404.0,MutNovel,"HA348QT,0.280"
X-2564,UTY,7404.0,MutNovel,"H348A,0.333"
X-2564,UTY,7404.0,MutNovel,"G347T,0.286"
X-2564,UTY,7404.0,MutNovel,"LD344FL,0.263"
X-2564,UTY,7404.0,MutNovel,"QL343HW,0.263"
X-2564,UTY,7404.0,MutNovel,"A337G,0.312"
X-2564,UTY,7404.0,MutKnownFunctional,"A337*,0.312"
X-2564,UTY,7404.0,MutNovel,"EA312VI,0.500"
X-2564,UTY,7404.0,MutNovel,"SE311KK,0.400"
X-2564,UTY,7404.0,MutNovel,"K310W,0.400"
X-2564,UTY,7404.0,MutNovel,"D309C,0.400"
X-2564,UTY,7404.0,MutNovel,"A266S,0.500"
X-2564,UTY,7404.0,MutNovel,"YA265CS,0.500"
X-2564,UTY,7404.0,MutNovel,"K262N,0.400"
X-2564,UTY,7404.0,MutNovel,"A260D,0.333"
X-2564,UTY,7404.0,MutNovel,"A260Y,0.286"
X-2564,UTY,7404.0,MutNovel,"A260S,0.333"
X-2564,UTY,7404.0,MutNovel,"G257R,0.333"
X-2564,UTY,7404.0,MutNovel,"DL254VL,0.333"
X-2564,UTY,7404.0,MutNovel,"N252T,0.375"
X-2564,UTY,7404.0,MutNovel,"H250M,0.333"
X-2564,UTY,7404.0,MutNovel,"M249R,0.250"
X-2564,UTY,7404.0,MutNovel,"G247V,0.250"
X-2564,UTY,7404.0,MutNovel,"Q245V,0.417"
X-2564,UTY,7404.0,MutNovel,"QQ244LV,0.417"
X-2564,UTY,7404.0,MutNovel,"LQ243RK,0.364"
X-2564,UTY,7404.0,MutNovel,"T241N,0.417"
X-2564,UTY,7404.0,MutNovel,"AT240EH,0.417"
X-2564,UTY,7404.0,MutNovel,"KA239NP,0.333"
X-2564,UTY,7404.0,MutKnownFunctional,"V238*,0.308"
X-2564,UTY,7404.0,MutNovel,"A236V,0.385"
X-2564,UTY,7404.0,MutNovel,"LP234GT,0.385"
X-2564,UTY,7404.0,MutNovel,"N233K,0.385"
X-2564,UTY,7404.0,MutNovel,"EN232DP,0.385"
X-2564,UTY,7404.0,MutNovel,"E232P,0.308"
X-2564,UTY,7404.0,MutNovel,"Q230S,0.364"
X-2564,UTY,7404.0,MutNovel,"LL228PQ,0.455"
X-2564,UTY,7404.0,MutNovel,"Q227S,0.333"
X-2564,UTY,7404.0,MutNovel,"E226Q,0.400"
X-2564,UTY,7404.0,MutNovel,"E223G,0.364"
X-2564,UTY,7404.0,MutNovel,"E223W,0.455"
X-2564,UTY,7404.0,MutNovel,"K222Q,0.455"
X-2564,UTY,7404.0,MutNovel,"AK221RQ,0.455"
X-2564,UTY,7404.0,MutNovel,"HS219QR,0.400"
X-2564,UTY,7404.0,MutNovel,"YH218LF,0.400"
X-2564,UTY,7404.0,MutNovel,"KY217IV,0.500"
X-2564,UTY,7404.0,MutNovel,"RK216FQ,0.500"
X-2564,UTY,7404.0,MutNovel,"Q215F,0.429"
X-2564,VGLL3,389136.0,Amp8,10.93
X-2564,WWTR1,25937.0,MutNovel,"I291M,0.511"
X-2564,ZDHHC11,79844.0,MutNovel,"A303D,0.500"
X-2564,ZFPM1,161882.0,MutNovel,"E767K,0.857"
X-2564,ZMYM5,9205.0,MutKnownFunctional,"-422,0.278"
X-2564,ZNF219,51222.0,MutNovel,"QPP233P,0.287"
X-2564,ZNF37A,7587.0,MutNovel,"P232L,1.000"
X-2564,ZNF384,171017.0,MutNovel,"QQ514Q,0.500"
X-2564,ZNF461,92283.0,MutNovel,"H407P,0.438"
X-2564,ZNF846,162993.0,MutNovel,"T439I,0.421"
X-2633,ABCA2,20.0,MutNovel,"A824E,0.640"
X-2633,ABCC10,89845.0,MutNovel,"A603G,0.951"
X-2633,ABO,28.0,MutKnownFunctional,"-165,0.366"
X-2633,ADAMTS14,140766.0,MutNovel,"R779Q,0.800"
X-2633,AFTPH,54812.0,MutNovel,"H69P,0.545"
X-2633,AGAP7,653268.0,MutNovel,"R494Q,0.833"
X-2633,AHNAK2,113146.0,MutNovel,"R814Q,0.358"
X-2633,AMELY,266.0,Del0.8,0.39
X-2633,ANO8,57719.0,MutKnownFunctional,"Q728*,0.261"
X-2633,ARHGAP18,93663.0,MutNovel,"I629V,1.000"
X-2633,ARHGAP39,80728.0,MutNovel,"K571M,0.389"
X-2633,ARHGAP6,395.0,MutNovel,"R917Q,0.875"
X-2633,ARHGEF17,9828.0,MutNovel,"T1650M,0.412"
X-2633,ARID4A,5926.0,MutNovel,"A3V,0.594"
X-2633,ATP8A1,10396.0,MutNovel,"I671V,0.635"
X-2633,BBS12,166379.0,MutKnownFunctional,"R675*,0.606"
X-2633,BCORP1,286554.0,Del0.8,0.39
X-2633,BPTF,2186.0,MutNovel,"K684R,0.524"
X-2633,BPY2B,442867.0,Del0.8,0.39
X-2633,BPY2B,442867.0,Del0.8,0.39
X-2633,BTBD8,284697.0,MutNovel,"I167V,0.889"
X-2633,BTNL3,10917.0,MutNovel,"H311G,0.775"
X-2633,C10orf95,79946.0,MutKnownFunctional,"-15,0.429"
X-2633,C11orf45,219833.0,MutNovel,"R129H,0.538"
X-2633,C12orf28,,MutNovel,"R96C,1.000"
X-2633,C16orf93,90835.0,MutNovel,"A28T,0.612"
X-2633,C9orf53,51198.0,Del0.8,0.45
X-2633,CACHD1,57685.0,MutNovel,"V445M,0.429"
X-2633,CADPS2,93664.0,MutNovel,"M1052I,1.000"
X-2633,CASD1,64921.0,MutNovel,"N544D,0.513"
X-2633,CCR1,1230.0,MutNovel,"I156S,1.000"
X-2633,CD3EAP,10849.0,MutNovel,"P399T,0.538"
X-2633,CDK3,1018.0,MutNovel,"L76I,0.514"
X-2633,CDKN2A,1029.0,Del0.8,0.45
X-2633,CDKN2B,1030.0,Del0.8,0.77
X-2633,CDY1B,253175.0,Del0.8,0.39
X-2633,CDY1B,253175.0,Del0.8,0.39
X-2633,CDY2A,9426.0,Del0.8,0.39
X-2633,CDY2A,9426.0,Del0.8,0.39
X-2633,CDY2B,203611.0,Del0.8,0.39
X-2633,CDY2B,203611.0,Del0.8,0.39
X-2633,CEACAM1,634.0,MutNovel,"T100I,0.280"
X-2633,CFHR1,3078.0,Amp5,6.06
X-2633,CHFR,55743.0,MutNovel,"A144S,1.000"
X-2633,CLGN,1047.0,MutNovel,"S554T,0.600"
X-2633,CLSTN1,22883.0,MutNovel,"R3C,0.519"
X-2633,CNTRL,11064.0,MutNovel,"Q1185P,0.405"
X-2633,COL16A1,1307.0,MutNovel,"S843C,0.632"
X-2633,COL7A1,1294.0,MutNovel,"R1201H,1.000"
X-2633,CPNE2,221184.0,MutNovel,"R286Q,0.312"
X-2633,CSPG4P1Y,114758.0,Del0.8,0.39
X-2633,CSPG4P1Y,114758.0,Del0.8,0.39
X-2633,CXorf30,645090.0,MutNovel,"F371Y,1.000"
X-2633,CYB5R3,1727.0,MutNovel,"Y184H,0.499"
X-2633,DAB2IP,153090.0,MutNovel,"H327N,0.491"
X-2633,DAZ1,1617.0,Del0.8,0.39
X-2633,DAZ2,57055.0,Del0.8,0.39
X-2633,DAZ3,57054.0,Del0.8,0.39
X-2633,DAZ3,57054.0,Del0.8,0.39
X-2633,DAZ4,57135.0,Del0.8,0.39
X-2633,DAZ4,57135.0,Del0.8,0.39
X-2633,DBP,1628.0,MutNovel,"P95A,0.471"
X-2633,DDX3Y,8653.0,Del0.8,0.39
X-2633,DEM1,64789.0,MutKnownFunctional,"-344?,0.316"
X-2633,DFFB,1677.0,MutNovel,"R335Q,0.548"
X-2633,DHRS2,10202.0,MutNovel,"A272E,0.533"
X-2633,DMKN,93099.0,MutNovel,"S319W,0.261"
X-2633,DNAH2,146754.0,MutNovel,"T616I,1.000"
X-2633,DQX1,165545.0,MutNovel,"R306Q,0.610"
X-2633,DST,667.0,MutNovel,"K3826R,0.445"
X-2633,EGF,1950.0,MutNovel,"D1123G,0.243"
X-2633,EIF1AY,9086.0,Del0.8,0.39
X-2633,ELMO3,79767.0,MutNovel,"R609Q,0.549"
X-2633,EPPK1,83481.0,MutNovel,"R2239H,0.211"
X-2633,ERBB3,2065.0,MutNovel,"K329E,1.000"
X-2633,FAM153A,285596.0,MutNovel,"C44R,1.000"
X-2633,FAM153B,202134.0,MutNovel,"I107T,1.000"
X-2633,FAM197Y2P,252946.0,Del0.8,0.39
X-2633,FAM41AY1,340618.0,Del0.8,0.39
X-2633,FAM41AY1,340618.0,Del0.8,0.39
X-2633,FAM48A,55578.0,MutNovel,"L455S,0.512"
X-2633,FAM83E,54854.0,MutNovel,"P331L,0.364"
X-2633,FANCD2,2177.0,MutNovel,"T691I,1.000"
X-2633,FBF1,85302.0,MutNovel,"R235H,0.720"
X-2633,FIZ1,84922.0,MutNovel,"E420K,0.578"
X-2633,FKBP15,23307.0,MutNovel,"E283D,0.537"
X-2633,FUK,197258.0,MutNovel,"A1048T,0.511"
X-2633,FUS,2521.0,MutNovel,"GGG227-,0.564"
X-2633,FUT5,2527.0,MutNovel,"E261K,0.938"
X-2633,GIGYF2,26058.0,MutNovel,"PQ1231P,0.833"
X-2633,GLUD2,2747.0,MutNovel,"G35R,1.000"
X-2633,GOLGA2P2Y,84559.0,Del0.8,0.39
X-2633,GOLGA2P2Y,84559.0,Del0.8,0.39
X-2633,GPRIN2,9721.0,MutNovel,"-238MRE,0.439"
X-2633,GRWD1,83743.0,MutNovel,"A347T,0.484"
X-2633,GSTT1,2952.0,Amp5,5.13
X-2633,GYG2P1,352887.0,Del0.8,0.39
X-2633,HIPK3,10114.0,MutNovel,"L502M,0.516"
X-2633,HLA-B,3106.0,MutNovel,"E69A,1.000"
X-2633,HLA-B,3106.0,MutNovel,"E69T,1.000"
X-2633,HLA-DRB1,3123.0,MutNovel,"A87E,1.000"
X-2633,HLA-DRB5,3127.0,MutNovel,"A87E,1.000"
X-2633,HLA-G,3135.0,MutNovel,"R180S,0.211"
X-2633,HLTF,6596.0,MutNovel,"M339V,0.257"
X-2633,HMMR,3161.0,MutNovel,"A691P,0.517"
X-2633,HPS6,79803.0,MutNovel,"A524V,0.444"
X-2633,HSD17B4,3295.0,MutNovel,"M289V,0.470"
X-2633,HSFY2,159119.0,Del0.8,0.39
X-2633,HSFY2,159119.0,Del0.8,0.39
X-2633,HSPG2,3339.0,MutNovel,"R2774C,0.488"
X-2633,ICK,22858.0,MutNovel,"S431R,0.533"
X-2633,IFNA1,3439.0,Del0.8,0.24
X-2633,IFNA13,3447.0,Del0.8,0.48
X-2633,IFNA2,3440.0,Del0.8,0.48
X-2633,IFNA6,3443.0,Del0.8,0.48
X-2633,IFNA8,3445.0,Del0.8,0.24
X-2633,IFNE,338376.0,Del0.8,0.45
X-2633,IL17RC,84818.0,MutNovel,"G473V,1.000"
X-2633,INO80,54617.0,MutNovel,"R1429Q,0.574"
X-2633,INSR,3643.0,MutNovel,"G677E,0.576"
X-2633,IRF2BP1,26145.0,MutNovel,"A81V,0.724"
X-2633,IRF2BP2,359948.0,MutNovel,"Q149QRRR,0.302"
X-2633,JAG2,3714.0,MutNovel,"R778W,0.467"
X-2633,JUND,3727.0,MutNovel,"-167P,0.241"
X-2633,KCNC4,3749.0,MutNovel,"G82D,0.467"
X-2633,KDM5D,8284.0,Del0.8,0.39
X-2633,KIAA0125,9834.0,Amp5,7.52
X-2633,KIAA1024,23251.0,MutNovel,"T852M,0.600"
X-2633,KIF22,3835.0,MutNovel,"ASAA17-,0.344"
X-2633,KIF7,374654.0,MutNovel,"R17Q,0.714"
X-2633,KIFC2,90990.0,MutNovel,"L538F,0.521"
X-2633,KLHL9,55958.0,Del0.8,0.48
X-2633,KRAS,3845.0,MutKnownFunctional,"G12A,1.000"
X-2633,KRT5,3852.0,MutNovel,"L449Q,1.000"
X-2633,LAMC1,3915.0,MutNovel,"F644L,0.489"
X-2633,LAMC2,3918.0,MutNovel,"Q237K,0.473"
X-2633,LCOR,84458.0,MutNovel,"S219G,0.208"
X-2633,LOC100506504,,MutNovel,"R15H,0.509"
X-2633,LOC391322,391322.0,Amp5,5.13
X-2633,LOC643699,,MutNovel,"T411M,0.214"
X-2633,LSR,51599.0,MutNovel,"G518GR,0.347"
X-2633,MAML1,9794.0,MutNovel,"G124S,0.444"
X-2633,2014-03-10 00:00:00,162333.0,MutNovel,"A117G,0.667"
X-2633,MDN1,23195.0,MutNovel,"L2290F,1.000"
X-2633,MIR31,407035.0,Del0.8,0.45
X-2633,MIR31HG,554202.0,Del0.8,0.45
X-2633,MLL2,8085.0,MutKnownFunctional,"Q2796*,0.478"
X-2633,MOCS3,27304.0,MutNovel,"Q459E,0.449"
X-2633,MPRIP,23164.0,MutNovel,"TS178T,0.457"
X-2633,MTAP,4507.0,Del0.8,0.45
X-2633,MUC4,4585.0,MutNovel,"P4194H,0.417"
X-2633,MUC4,4585.0,MutNovel,"D3916G,1.000"
X-2633,MUC4,4585.0,MutNovel,"A3136P,1.000"
X-2633,MUC4,4585.0,MutNovel,"Q3133H,1.000"
X-2633,MUC4,4585.0,MutNovel,"I3017V,1.000"
X-2633,MUC4,4585.0,MutNovel,"P3010S,1.000"
X-2633,MUC4,4585.0,MutNovel,"P2962H,1.000"
X-2633,MUC4,4585.0,MutNovel,"P2562S,0.594"
X-2633,MUC4,4585.0,MutNovel,"H2413D,0.375"
X-2633,MUC4,4585.0,MutNovel,"SS2373RP,1.000"
X-2633,MUC4,4585.0,MutNovel,"P2210H,0.345"
X-2633,MUC4,4585.0,MutNovel,"Q2205H,0.429"
X-2633,MUC4,4585.0,MutNovel,"P1760S,1.000"
X-2633,MUC4,4585.0,MutNovel,"Q1757H,1.000"
X-2633,MUC4,4585.0,MutNovel,"SP1013RT,0.250"
X-2633,MUC5B,727897.0,MutNovel,"A3289G,0.533"
X-2633,MYBBP1A,10514.0,MutNovel,"D892N,1.000"
X-2633,NCOR2,9612.0,MutNovel,"G1839GAAA,0.607"
X-2633,NCOR2,9612.0,MutNovel,"-511SS,0.235"
X-2633,NCRNA00185,55410.0,Del0.8,0.39
X-2633,NLGN4Y,22829.0,Del0.8,0.39
X-2633,NPIPL3,23117.0,MutNovel,"L438F,0.444"
X-2633,NRP2,8828.0,MutNovel,"G484S,0.415"
X-2633,OASL,8638.0,MutNovel,"K297I,1.000"
X-2633,OBSCN,84033.0,MutNovel,"P6301A,0.385"
X-2633,OIP5,11339.0,MutNovel,"C75F,0.541"
X-2633,ORAI1,84876.0,MutNovel,"PP43-,0.900"
X-2633,PALLD,23022.0,MutNovel,"K837E,0.479"
X-2633,PCDH11Y,83259.0,Del0.8,0.39
X-2633,PDHX,8050.0,MutNovel,"P56A,0.443"
X-2633,PDLIM5,10611.0,MutNovel,"N624K,0.510"
X-2633,PHF21A,51317.0,MutNovel,"R409C,0.452"
X-2633,PHKB,5257.0,MutNovel,"L826V,0.512"
X-2633,PHLDA1,22822.0,MutNovel,"QQ194Q,0.491"
X-2633,PHLDB2,90102.0,MutNovel,"R583G,0.462"
X-2633,PIK3CA,5290.0,MutNovel,"K627R,0.721"
X-2633,PKN2,5586.0,MutNovel,"NL382N,0.390"
X-2633,PLEKHB2,55041.0,MutNovel,"F236V,0.503"
X-2633,PLEKHG2,64857.0,MutNovel,"G93E,0.455"
X-2633,POM121,9883.0,MutNovel,"Y756H,0.385"
X-2633,PRKDC,5591.0,MutNovel,"V914L,0.286"
X-2633,PRKY,5616.0,Del0.8,0.39
X-2633,PRY,9081.0,Del0.8,0.39
X-2633,PRY,9081.0,Del0.8,0.39
X-2633,PRY2,442862.0,Del0.8,0.39
X-2633,PRY2,442862.0,Del0.8,0.39
X-2633,PSIP1,11168.0,MutNovel,"K462E,0.990"
X-2633,PYCR1,5831.0,MutNovel,"R119H,0.583"
X-2633,RBMY1A3P,286557.0,Del0.8,0.39
X-2633,RBMY1B,378948.0,Del0.8,0.39
X-2633,RBMY1B,378948.0,Del0.8,0.39
X-2633,RBMY1E,378950.0,Del0.8,0.39
X-2633,RBMY1E,378950.0,Del0.8,0.39
X-2633,RBMY1F,159163.0,Del0.8,0.39
X-2633,RBMY1F,159163.0,Del0.8,0.39
X-2633,RBMY1J,378951.0,Del0.8,0.39
X-2633,RBMY1J,378951.0,Del0.8,0.39
X-2633,RBMY2EP,159125.0,Del0.8,0.39
X-2633,RBMY2FP,159162.0,Del0.8,0.39
X-2633,RBMY3AP,64593.0,Del0.8,0.39
X-2633,RFESD,317671.0,MutNovel,"T16I,0.600"
X-2633,RGP1,9827.0,MutNovel,"T206I,1.000"
X-2633,RGS12,6002.0,MutKnownFunctional,"-1176?,0.286"
X-2633,RIN3,79890.0,MutNovel,"G967-,0.400"
X-2633,RNF19B,127544.0,MutNovel,"Q62P,1.000"
X-2633,RPGR,6103.0,MutNovel,"Q527-,0.667"
X-2633,RPL22L1,200916.0,MutNovel,"V55-,0.614"
X-2633,RPS4Y1,6192.0,Del0.8,0.39
X-2633,RPS4Y2,140032.0,Del0.8,0.39
X-2633,SAPCD1,,MutNovel,"S121G,1.000"
X-2633,SCLY,51540.0,MutNovel,"A19S,0.500"
X-2633,SDCBP2,27111.0,MutNovel,"R106Q,0.486"
X-2633,SEH1L,81929.0,MutNovel,"Y375C,0.239"
X-2633,SEH1L,81929.0,MutNovel,"P384A,0.266"
X-2633,SEH1L,81929.0,MutNovel,"V387L,0.258"
X-2633,SENP2,59343.0,MutNovel,"T11I,0.757"
X-2633,SERGEF,26297.0,MutKnownFunctional,"W177*,0.265"
X-2633,SERINC2,347735.0,MutNovel,"-373Q,0.767"
X-2633,SETX,23064.0,MutNovel,"F765L,0.375"
X-2633,SLC12A8,84561.0,MutNovel,"E481K,0.270"
X-2633,SLC28A2,9153.0,MutKnownFunctional,"-129?,0.429"
X-2633,SLC38A10,124565.0,MutNovel,"P659R,0.500"
X-2633,SLC6A20,54716.0,MutNovel,"A90V,1.000"
X-2633,SLITRK6,84189.0,MutNovel,"E205K,0.286"
X-2633,SNAPC4,6621.0,MutNovel,"S542-,0.214"
X-2633,SRSF11,9295.0,MutNovel,"KD382-,0.439"
X-2633,SRY,6736.0,Del0.8,0.39
X-2633,SYNJ2,8871.0,MutNovel,"T687M,1.000"
X-2633,SYNRG,11276.0,MutNovel,"M393V,0.569"
X-2633,SYTL3,94120.0,MutNovel,"A437V,1.000"
X-2633,TASP1,55617.0,MutNovel,"M214K,0.493"
X-2633,TBL1Y,90665.0,Del0.8,0.39
X-2633,TGIF2LY,90655.0,Del0.8,0.39
X-2633,TJP1,7082.0,MutNovel,"T185A,0.465"
X-2633,TLK2,11011.0,MutNovel,"R262Q,0.231"
X-2633,TMC5,79838.0,MutNovel,"G20V,0.500"
X-2633,TMC7,79905.0,MutNovel,"P14L,0.629"
X-2633,TMCO3,55002.0,MutNovel,"PR603P,0.399"
X-2633,TMEM184A,202915.0,MutNovel,"G392GA,0.253"
X-2633,TMEM206,55248.0,MutNovel,"L186F,0.435"
X-2633,TMSB4Y,9087.0,Del0.8,0.39
X-2633,TMTC2,160335.0,MutNovel,"A78G,1.000"
X-2633,TOX3,27324.0,MutNovel,"Q452RK,0.325"
X-2633,TP53,7157.0,MutNovel,"C242G,0.994"
X-2633,TP53TG5,27296.0,MutNovel,"A267E,1.000"
X-2633,TRIP11,9321.0,MutNovel,"L1810M,0.412"
X-2633,TSPAN16,26526.0,MutNovel,"Y235H,0.429"
X-2633,TSPY1,7258.0,Del0.8,0.39
X-2633,TSPY2,64591.0,Del0.8,0.39
X-2633,TSPY3,728137.0,Del0.8,0.39
X-2633,TSPY4,728395.0,Del0.8,0.39
X-2633,TSPY8,728403.0,Del0.8,0.39
X-2633,TTC39B,158219.0,MutNovel,"S42T,1.000"
X-2633,TTC6,,MutNovel,"G400E,1.000"
X-2633,TTTY10,246119.0,Del0.8,0.39
X-2633,TTTY11,83866.0,Del0.8,0.39
X-2633,TTTY12,83867.0,Del0.8,0.39
X-2633,TTTY13,83868.0,Del0.8,0.39
X-2633,TTTY14,83869.0,Del0.8,0.39
X-2633,TTTY15,64595.0,Del0.8,0.39
X-2633,TTTY16,252948.0,Del0.8,0.39
X-2633,TTTY17A,252949.0,Del0.8,0.39
X-2633,TTTY17A,252949.0,Del0.8,0.39
X-2633,TTTY18,252950.0,Del0.8,0.39
X-2633,TTTY19,252952.0,Del0.8,0.39
X-2633,TTTY1B,100101116.0,Del0.8,0.39
X-2633,TTTY1B,100101116.0,Del0.8,0.39
X-2633,TTTY2,60439.0,Del0.8,0.39
X-2633,TTTY2,60439.0,Del0.8,0.39
X-2633,TTTY20,252951.0,Del0.8,0.39
X-2633,TTTY21,252953.0,Del0.8,0.39
X-2633,TTTY21,252953.0,Del0.8,0.39
X-2633,TTTY22,252954.0,Del0.8,0.39
X-2633,TTTY23,252955.0,Del0.8,0.39
X-2633,TTTY23,252955.0,Del0.8,0.39
X-2633,TTTY3,114760.0,Del0.8,0.39
X-2633,TTTY3,114760.0,Del0.8,0.39
X-2633,TTTY4,114761.0,Del0.8,0.39
X-2633,TTTY4,114761.0,Del0.8,0.39
X-2633,TTTY5,83863.0,Del0.8,0.39
X-2633,TTTY6,84672.0,Del0.8,0.39
X-2633,TTTY6,84672.0,Del0.8,0.39
X-2633,TTTY7,246122.0,Del0.8,0.39
X-2633,TTTY7,246122.0,Del0.8,0.39
X-2633,TTTY7B,100101120.0,Del0.8,0.39
X-2633,TTTY7B,100101120.0,Del0.8,0.39
X-2633,TTTY8,84673.0,Del0.8,0.39
X-2633,TTTY8,84673.0,Del0.8,0.39
X-2633,TTTY9A,83864.0,Del0.8,0.39
X-2633,TTTY9A,83864.0,Del0.8,0.39
X-2633,TXLNG2P,246126.0,Del0.8,0.39
X-2633,UHRF1BP1L,23074.0,MutNovel,"S99R,1.000"
X-2633,USP9Y,8287.0,Del0.8,0.39
X-2633,UTY,7404.0,Del0.8,0.39
X-2633,VCY,9084.0,Del0.8,0.39
X-2633,VCY,9084.0,Del0.8,0.39
X-2633,WDR70,55100.0,MutNovel,"R55C,0.424"
X-2633,WDR78,79819.0,MutKnownFunctional,"-515?,0.455"
X-2633,XKRY2,353515.0,Del0.8,0.39
X-2633,XKRY2,353515.0,Del0.8,0.39
X-2633,ZBED4,9889.0,MutNovel,"A412V,0.437"
X-2633,ZFX,7543.0,MutNovel,"T771M,0.402"
X-2633,ZFY,7544.0,Del0.8,0.39
X-2633,ZFYVE26,23503.0,MutNovel,"R1343G,0.567"
X-2633,ZMIZ2,83637.0,MutNovel,"P769S,0.519"
X-2633,ZNF101,94039.0,MutNovel,"R213Q,0.500"
X-2633,ZNF181,339318.0,MutNovel,"N93I,0.286"
X-2633,ZNF429,353088.0,MutNovel,"V647L,0.538"
X-2633,ZNF48,197407.0,MutNovel,"S205T,0.450"
X-2633,ZNF485,220992.0,MutNovel,"D15N,0.619"
X-2633,ZNF790,388536.0,MutNovel,"N587S,0.333"
X-2633,ZNF790,388536.0,MutNovel,"E174Q,0.400"
X-2633,ZNF837,116412.0,MutNovel,"R212L,0.364"
X-2633,ZNF845,91664.0,MutNovel,"K134N,0.357"
X-2633,ZNF888,,MutNovel,"E603D,0.467"
X-2684,ACAD10,80724.0,MutNovel,"V501M,0.800"
X-2684,ACSL4,2182.0,MutNovel,"I669V,1.000"
X-2684,AGAP6,414189.0,MutNovel,"S374Y,0.455"
X-2684,AGAP7,653268.0,MutNovel,"D97E,1.000"
X-2684,ANG,283.0,Amp5,6.45
X-2684,ANKRD11,29123.0,MutNovel,"S2051L,0.300"
X-2684,BTNL3,10917.0,MutNovel,"P299L,0.312"
X-2684,C6orf132,647024.0,MutNovel,"P427S,0.375"
X-2684,CCDC166,100130274.0,MutNovel,"S384L,0.500"
X-2684,CDC42EP1,11135.0,MutNovel,"PAPAANPS253P,0.750"
X-2684,CDKN2A,1029.0,MutKnownFunctional,"W15*,1.000"
X-2684,CHTF18,63922.0,MutNovel,"A242T,0.733"
X-2684,COL1A1,1277.0,MutNovel,"P1140S,0.585"
X-2684,CROCC,9696.0,MutNovel,"R623P,1.000"
X-2684,CTSA,5476.0,MutNovel,"L29-,0.879"
X-2684,CYP4F12,66002.0,MutNovel,"R126K,0.500"
X-2684,DOK1,1796.0,MutNovel,"G434S,0.608"
X-2684,DUOX2,50506.0,MutNovel,"D506E,1.000"
X-2684,EEF1D,1936.0,MutNovel,"E388K,0.472"
X-2684,EIF1AX,1964.0,MutNovel,"K104Q,0.211"
X-2684,EIF2AK3,9451.0,MutNovel,"N901S,0.438"
X-2684,ERBB2IP,55914.0,MutNovel,"R1176G,0.409"
X-2684,FAM153A,285596.0,MutNovel,"V186G,0.833"
X-2684,FAM22A,728118.0,MutNovel,"S788I,1.000"
X-2684,FRMD5,84978.0,MutNovel,"F532L,1.000"
X-2684,GALK1,2584.0,MutNovel,"R297H,0.467"
X-2684,GCC1,79571.0,MutNovel,"E678D,1.000"
X-2684,GHITM,27069.0,MutNovel,"P69L,0.526"
X-2684,GIGYF2,26058.0,MutNovel,"PQ1231P,0.583"
X-2684,GMPPA,29926.0,MutNovel,"V341M,0.444"
X-2684,HIST1H2BN,8341.0,MutNovel,"S92P,0.625"
X-2684,HLA-DQB2,3120.0,MutNovel,"D162G,1.000"
X-2684,HLA-DRB1,3123.0,MutNovel,"T210M,1.000"
X-2684,HLA-DRB1,3123.0,MutNovel,"M20S,0.244"
X-2684,HLA-DRB1,3123.0,MutNovel,"MT12IA,0.244"
X-2684,HOXB9,3219.0,MutNovel,"E246D,0.500"
X-2684,IFI35,3430.0,MutNovel,"M21K,0.533"
X-2684,IGHMBP2,3508.0,MutNovel,"I35V,1.000"
X-2684,ISCA1,81689.0,MutNovel,"R7W,0.462"
X-2684,ITSN2,50618.0,MutNovel,"K1553N,0.560"
X-2684,JAK2,3717.0,Del0.8,0.7
X-2684,JUN,3725.0,MutNovel,"G179D,0.419"
X-2684,JUP,3728.0,MutNovel,"EA468DS,0.458"
X-2684,KIAA0141,9812.0,MutNovel,"M433R,0.507"
X-2684,KIF16B,55614.0,MutNovel,"L1194R,0.300"
X-2684,KRAS,3845.0,MutKnownFunctional,"G12V,0.812"
X-2684,KRR1,11103.0,MutNovel,"E96K,0.486"
X-2684,LMO3,55885.0,Amp5,5.24
X-2684,LRPPRC,10128.0,MutNovel,"R919P,0.468"
X-2684,LRRIQ1,84125.0,MutNovel,"S1322Y,1.000"
X-2684,LSR,51599.0,MutNovel,"G518GR,0.827"
X-2684,MEPCE,56257.0,MutNovel,"T47M,1.000"
X-2684,MGST1,4257.0,Amp5,5.24
X-2684,MIR3974,100616279.0,Amp5,5.24
X-2684,MPRIP,23164.0,MutNovel,"TS178T,0.421"
X-2684,MUC5B,727897.0,MutNovel,"A1964T,0.297"
X-2684,MUC5B,727897.0,MutNovel,"R1969I,0.317"
X-2684,MUC5B,727897.0,MutNovel,"T1998A,0.533"
X-2684,MUC5B,727897.0,MutNovel,"R2292H,0.714"
X-2684,MUC5B,727897.0,MutNovel,"V2574A,0.538"
X-2684,MUC5B,727897.0,MutNovel,"T2582A,0.235"
X-2684,MUC5B,727897.0,MutNovel,"T2599I,0.273"
X-2684,MUC5B,727897.0,MutNovel,"P2764T,0.750"
X-2684,MUC5B,727897.0,MutNovel,"I3206T,0.286"
X-2684,MUC5B,727897.0,MutNovel,"R3209K,0.267"
X-2684,MUC5B,727897.0,MutNovel,"T3391I,0.333"
X-2684,MUC5B,727897.0,MutNovel,"T3812A,0.375"
X-2684,MUC5B,727897.0,MutNovel,"R3885S,0.455"
X-2684,MUC5B,727897.0,MutNovel,"T3952N,0.263"
X-2684,MUC5B,727897.0,MutNovel,"TTA4096T,0.474"
X-2684,MUC5B,727897.0,MutNovel,"R4106H,0.524"
X-2684,MUC5B,727897.0,MutNovel,"R4159H,0.400"
X-2684,MUC5B,727897.0,MutNovel,"K4317T,0.250"
X-2684,MUC5B,727897.0,MutNovel,"P4453S,0.231"
X-2684,MUC5B,727897.0,MutNovel,"G4464T,0.545"
X-2684,MUC5B,727897.0,MutNovel,"I4642V,0.333"
X-2684,MUC5B,727897.0,MutNovel,"A5273P,0.406"
X-2684,NAAA,27163.0,MutNovel,"I167V,0.500"
X-2684,NCOR1,9611.0,MutNovel,"S737R,1.000"
X-2684,NOP14,8602.0,MutNovel,"D316V,0.667"
X-2684,NPEPPS,9520.0,MutNovel,"P194R,0.429"
X-2684,NPHP4,261734.0,MutNovel,"S1020T,1.000"
X-2684,NR1H2,7376.0,MutNovel,"-173Q,0.287"
X-2684,NUP98,4928.0,MutNovel,"M730L,0.250"
X-2684,NUSAP1,51203.0,MutNovel,"I329V,1.000"
X-2684,OR4F5,79501.0,Del0.8,0.73
X-2684,OR6S1,341799.0,Amp5,6.45
X-2684,PATL1,219988.0,MutNovel,"I29N,0.429"
X-2684,PCDHB12,56124.0,MutNovel,"H435Y,1.000"
X-2684,PCM1,5108.0,MutNovel,"I1698L,1.000"
X-2684,PCSK4,54760.0,MutNovel,"G349S,0.571"
X-2684,PEX6,5190.0,MutNovel,"G354E,0.556"
X-2684,PHLDA1,22822.0,MutNovel,"QQ194Q,0.600"
X-2684,PHRF1,57661.0,MutNovel,"G190S,0.533"
X-2684,PIDD,55367.0,MutNovel,"R767W,0.509"
X-2684,PIF1,80119.0,MutKnownFunctional,"E49*,1.000"
X-2684,PKD1,5310.0,MutNovel,"V3393A,0.333"
X-2684,PLCG1,5335.0,MutNovel,"R1277L,0.740"
X-2684,PPHLN1,51535.0,MutNovel,"V173M,0.386"
X-2684,PPP2R3B,28227.0,MutNovel,"R709H,1.000"
X-2684,PSMD8,5714.0,MutNovel,"Q181P,0.478"
X-2684,QSOX2,169714.0,MutNovel,"E551V,0.476"
X-2684,RNASE10,338879.0,Amp5,6.45
X-2684,RNASE11,122651.0,Amp5,6.45
X-2684,RNASE12,493901.0,Amp5,6.45
X-2684,RNASE4,6038.0,Amp5,5.17
X-2684,RNASE9,390443.0,Amp5,6.45
X-2684,SEH1L,81929.0,MutNovel,"Y375C,0.311"
X-2684,SEH1L,81929.0,MutNovel,"P384A,0.413"
X-2684,SEH1L,81929.0,MutNovel,"V387L,0.451"
X-2684,SEH1L,81929.0,MutNovel,"R406A,0.312"
X-2684,SERINC2,347735.0,MutNovel,"-373Q,0.735"
X-2684,SF3B2,10992.0,MutNovel,"D882G,0.474"
X-2684,SKP1P2,728622.0,Amp5,5.24
X-2684,SLC12A9,56996.0,MutKnownFunctional,"-354?,0.280"
X-2684,SLC15A5,729025.0,Amp5,5.24
X-2684,SLCO4A1,28231.0,MutNovel,"G441R,0.446"
X-2684,SNX21,90203.0,MutNovel,"P144L,0.583"
X-2684,SOLH,6650.0,MutNovel,"R867C,0.419"
X-2684,SON,6651.0,MutNovel,"T1133S,0.375"
X-2684,SP140L,93349.0,MutNovel,"R79H,0.312"
X-2684,SRRM2,23524.0,MutNovel,"S2633-,0.254"
X-2684,SSB,6741.0,MutNovel,"I115V,0.463"
X-2684,STAMBP,10617.0,MutNovel,"R255H,0.476"
X-2684,SULT1A4,445329.0,MutNovel,"M220V,1.000"
X-2684,SWSAP1,126074.0,MutNovel,"A214G,0.600"
X-2684,TLE1,7088.0,MutNovel,"A166G,0.382"
X-2684,TMEM184A,202915.0,MutNovel,"G392GA,0.857"
X-2684,TNIP1,10318.0,MutNovel,"Q595L,0.400"
X-2684,TRIM11,81559.0,MutNovel,"D313N,0.278"
X-2684,TUBB8,347688.0,MutNovel,"A185V,0.333"
X-2684,UPF1,5976.0,MutNovel,"L803P,0.469"
X-2684,URB1,9875.0,MutNovel,"V1949M,0.700"
X-2684,USP36,57602.0,MutNovel,"KKK958K,0.700"
X-2684,ZDHHC11,79844.0,MutNovel,"A303D,0.444"
X-2684,ZNF384,171017.0,MutNovel,"QQ514Q,0.467"
X-2684,ZNF41,7592.0,MutNovel,"EC720-,1.000"
X-2684,ZNF493,284443.0,MutNovel,"Y145C,1.000"
X-2684,ZNF662,389114.0,MutNovel,"R29G,1.000"
X-2684,ZRANB1,54764.0,MutKnownFunctional,"-709?,0.390"
X-2684,ZRSR2,8233.0,MutNovel,"-439SR,0.281"
X-2997,ADAMTS17,170691.0,MutNovel,"C816F,0.400"
X-2997,ADH1B,125.0,MutNovel,"C104Y,1.000"
X-2997,AMELY,266.0,Del0.8,0.3
X-2997,ANKRD36,375248.0,MutNovel,"T998S,0.259"
X-2997,ANKS3,124401.0,MutNovel,"SS334S,0.250"
X-2997,ANLN,54443.0,MutNovel,"R655Q,0.449"
X-2997,ANXA4,307.0,MutNovel,"M19V,0.495"
X-2997,ARHGEF5,7984.0,MutNovel,"P815A,0.273"
X-2997,ARID1B,57492.0,MutKnownFunctional,"Q1344*,1.000"
X-2997,ARID4A,5926.0,MutKnownFunctional,"-533?,0.306"
X-2997,ARVCF,421.0,MutNovel,"G216C,0.750"
X-2997,B4GALT2,8704.0,MutNovel,"P18L,0.348"
X-2997,BCORP1,286554.0,Del0.8,0.29
X-2997,BEST3,144453.0,Amp8,11
X-2997,BLVRB,645.0,MutNovel,"R78C,0.421"
X-2997,BPY2B,442867.0,Del0.8,0.17
X-2997,BPY2B,442867.0,Del0.8,0.1
X-2997,C10orf47,254427.0,MutNovel,"P323R,1.000"
X-2997,C6orf223,221416.0,MutNovel,"-124AA,0.324"
X-2997,C9orf53,51198.0,Del0.8,0.36
X-2997,CALCOCO2,10241.0,MutNovel,"E70K,0.750"
X-2997,CAPN9,10753.0,MutNovel,"E556K,0.628"
X-2997,CAT,847.0,MutNovel,"P309R,0.610"
X-2997,CBWD1,55871.0,MutNovel,"A7P,0.500"
X-2997,CBWD6,644019.0,MutKnownFunctional,"-259?,0.320"
X-2997,CCDC39,339829.0,MutKnownFunctional,"-887?,0.414"
X-2997,CCDC66,285331.0,MutNovel,"-604T,0.909"
X-2997,CCDC85C,317762.0,MutNovel,"P404S,0.461"
X-2997,CCT2,10576.0,Amp8,11
X-2997,CDC42EP1,11135.0,MutNovel,"PAPAANPS253P,0.247"
X-2997,CDKN2A,1029.0,Del0.8,0.36
X-2997,CDKN2B,1030.0,Del0.8,0.48
X-2997,CDRT15,146822.0,Amp5,6.02
X-2997,CDRT15P1,94158.0,Amp5,6.02
X-2997,CDY1B,253175.0,Del0.8,0.23
X-2997,CDY1B,253175.0,Del0.8,0.29
X-2997,CDY2A,9426.0,Del0.8,0.29
X-2997,CDY2A,9426.0,Del0.8,0.29
X-2997,CDY2B,203611.0,Del0.8,0.29
X-2997,CDY2B,203611.0,Del0.8,0.29
X-2997,CENPC1,1060.0,MutNovel,"D703V,0.489"
X-2997,CEP164,22897.0,MutNovel,"T1330M,0.526"
X-2997,CEP85,64793.0,MutNovel,"A396T,0.583"
X-2997,CFHR3,10878.0,MutNovel,"NS108KS,1.000"
X-2997,CFHR3,10878.0,MutNovel,"E111D,1.000"
X-2997,CHEK2P2,646096.0,Del0.8,0.7
X-2997,CHMP4C,92421.0,MutNovel,"N45S,0.538"
X-2997,CNOT2,4848.0,Amp8,10.48
X-2997,COX10,1352.0,Amp5,6.02
X-2997,CPM,1368.0,Amp8,11
X-2997,CPSF6,11052.0,Amp8,11
X-2997,CSPG4P1Y,114758.0,Del0.8,0.23
X-2997,CSPG4P1Y,114758.0,Del0.8,0.29
X-2997,CTSA,5476.0,MutNovel,"L29-,0.380"
X-2997,DAZ1,1617.0,Del0.8,0.29
X-2997,DAZ2,57055.0,Del0.8,0.19
X-2997,DAZ3,57054.0,Del0.8,0.17
X-2997,DAZ3,57054.0,Del0.8,0.1
X-2997,DAZ4,57135.0,Del0.8,0.2
X-2997,DAZ4,57135.0,Del0.8,0.14
X-2997,DCAF4,26094.0,MutNovel,"D239N,0.710"
X-2997,DDX3Y,8653.0,Del0.8,0.29
X-2997,DHX16,8449.0,MutNovel,"P8T,1.000"
X-2997,DMRTA1,63951.0,Del0.8,0.31
X-2997,DMXL2,23312.0,MutNovel,"R884C,0.600"
X-2997,DUSP22,56940.0,Del0.8,0.57
X-2997,EBF4,57593.0,MutNovel,"P526L,0.750"
X-2997,ECD,11319.0,MutNovel,"P513L,0.490"
X-2997,EIF1AY,9086.0,Del0.8,0.29
X-2997,ELAVL2,1993.0,Del0.8,0.29
X-2997,FAM133B,257415.0,MutNovel,"M147V,0.473"
X-2997,FAM197Y2P,252946.0,Del0.8,0.06
X-2997,FAM21A,387680.0,Del0.8,0.64
X-2997,FAM22D,728130.0,MutNovel,"L541H,0.600"
X-2997,FAM41AY1,340618.0,Del0.8,0.29
X-2997,FAM41AY1,340618.0,Del0.8,0.29
X-2997,FAM83D,81610.0,MutNovel,"A374V,0.529"
X-2997,FAM83E,54854.0,MutNovel,"A69V,0.652"
X-2997,FHIT,2272.0,Del0.8,0.52
X-2997,FICD,11153.0,MutNovel,"P324L,1.000"
X-2997,FLJ35282,441389.0,Del0.8,0.25
X-2997,FRAS1,80144.0,MutNovel,"R3852Q,0.368"
X-2997,FRS2,10818.0,Amp8,11
X-2997,GIGYF2,26058.0,MutNovel,"PQ1231P,0.458"
X-2997,GOLGA2P2Y,84559.0,Del0.8,0.29
X-2997,GOLGA2P2Y,84559.0,Del0.8,0.23
X-2997,GOLGA6L6,727832.0,Del0.8,0.64
X-2997,GOLGA8C,729786.0,Del0.8,0.64
X-2997,GPRIN2,9721.0,MutNovel,"-238MRE,0.692"
X-2997,GRAP,10750.0,MutNovel,"R197Q,0.750"
X-2997,GSTT1,2952.0,Amp5,5.66
X-2997,GTPBP8,29083.0,MutNovel,"V19M,0.438"
X-2997,GYG2P1,352887.0,Del0.8,0.29
X-2997,HERC2P3,283755.0,Del0.8,0.64
X-2997,HIST1H2AM,8336.0,MutNovel,"R36H,1.000"
X-2997,HS3ST3B1,9953.0,Amp5,6.02
X-2997,HSFY2,159119.0,Del0.8,0.29
X-2997,HSFY2,159119.0,Del0.8,0.29
X-2997,IFNA1,3439.0,Del0.8,0.33
X-2997,IFNA10,3446.0,Del0.8,0.33
X-2997,IFNA13,3447.0,Del0.8,0.33
X-2997,IFNA14,3448.0,Del0.8,0.33
X-2997,IFNA16,3449.0,Del0.8,0.33
X-2997,IFNA17,3451.0,Del0.8,0.33
X-2997,IFNA2,3440.0,Del0.8,0.33
X-2997,IFNA21,3452.0,Del0.8,0.39
X-2997,IFNA22P,3453.0,Del0.8,0.33
X-2997,IFNA4,3441.0,Del0.8,0.11
X-2997,IFNA6,3443.0,Del0.8,0.33
X-2997,IFNA7,3444.0,Del0.8,0.33
X-2997,IFNA8,3445.0,Del0.8,0.33
X-2997,IFNB1,3456.0,Del0.8,0.39
X-2997,IFNE,338376.0,Del0.8,0.33
X-2997,IFNG,3458.0,Amp8,10.34
X-2997,IFNW1,3467.0,Del0.8,0.39
X-2997,IFT20,90410.0,MutNovel,"R105Q,0.429"
X-2997,IL1RAPL1,11141.0,Del0.8,0.53
X-2997,IL22,50616.0,Amp8,10.34
X-2997,IL26,55801.0,Amp8,10.34
X-2997,ISG20L2,81875.0,MutNovel,"R177Q,0.423"
X-2997,ISG20L2,81875.0,MutNovel,"P14R,0.496"
X-2997,KCNMB4,27345.0,Amp8,14.83
X-2997,KDM3B,51780.0,MutNovel,"A5T,0.524"
X-2997,KDM5D,8284.0,Del0.8,0.29
X-2997,KIAA0284,283638.0,MutNovel,"R1219W,0.555"
X-2997,KIAA1522,57648.0,MutNovel,"P206H,0.500"
X-2997,KLHL9,55958.0,Del0.8,0.33
X-2997,KRAS,3845.0,MutKnownFunctional,"G12D,0.397"
X-2997,LCE3B,353143.0,Del0.8,0.4
X-2997,LCE3C,353144.0,Del0.8,0.4
X-2997,LGALS9B,284194.0,MutNovel,"V184M,0.739"
X-2997,LGALS9C,654346.0,MutNovel,"S263N,0.429"
X-2997,LGALS9C,654346.0,MutNovel,"M269L,0.375"
X-2997,LOC100507250,100507250.0,Amp8,10.34
X-2997,LOC100996439,,MutNovel,"E400Q,1.000"
X-2997,LOC100996439,,MutNovel,"R403W,1.000"
X-2997,LOC391322,391322.0,Amp5,5.66
X-2997,LRRC10,376132.0,Amp8,11
X-2997,LSR,51599.0,MutNovel,"G518GR,0.464"
X-2997,LYZ,4069.0,Amp8,11
X-2997,MAP7D1,55700.0,MutNovel,"V358M,0.395"
X-2997,MCFD2,90411.0,MutNovel,"D133N,0.479"
X-2997,MCM9,254394.0,MutNovel,"Q658H,1.000"
X-2997,MDM1,56890.0,Amp8,10.34
X-2997,MDM2,4193.0,Amp8,8.75
X-2997,MET,4233.0,MutKnownFunctional,"T1010I,1.000"
X-2997,MGC12916,84815.0,Amp5,6.02
X-2997,MIR1279,100302182.0,Amp8,11
X-2997,MIR31,407035.0,Del0.8,0.63
X-2997,MIR31HG,554202.0,Del0.8,0.4
X-2997,MIR3913-1,100500903.0,Amp8,11
X-2997,MIR3913-2,100500868.0,Amp8,11
X-2997,MIR4509-1,100616223.0,Del0.8,0.73
X-2997,MIR491,574444.0,Del0.8,0.32
X-2997,MPRIP,23164.0,MutNovel,"TS178T,0.528"
X-2997,MTAP,4507.0,Del0.8,0.37
X-2997,MTHFD1L,25902.0,MutNovel,"G41S,1.000"
X-2997,MTRF1,9617.0,MutNovel,"Q369R,0.413"
X-2997,MUC4,4585.0,MutNovel,"D4045H,1.000"
X-2997,MUC4,4585.0,MutNovel,"IP2837MT,1.000"
X-2997,MUC4,4585.0,MutNovel,"S2832P,1.000"
X-2997,MUC5AC,,MutNovel,"L701V,0.599"
X-2997,MUC5AC,,MutNovel,"R878Q,0.531"
X-2997,MYO1A,4640.0,MutNovel,"R768Q,0.578"
X-2997,NBEAP1,606.0,Del0.8,0.64
X-2997,NCOR2,9612.0,MutNovel,"G1839GAAA,0.350"
X-2997,NCRNA00185,55410.0,Del0.8,0.29
X-2997,NF1P2,440225.0,Del0.8,0.74
X-2997,NLGN4Y,22829.0,Del0.8,0.29
X-2997,NPEPPS,9520.0,MutNovel,"I146V,0.206"
X-2997,NPHP4,261734.0,MutNovel,"V559I,0.750"
X-2997,NR1H2,7376.0,MutNovel,"-173Q,0.413"
X-2997,NUP107,57122.0,Amp8,10.34
X-2997,NUP54,53371.0,MutNovel,"M327V,0.515"
X-2997,ORAI1,84876.0,MutNovel,"PP43-,0.789"
X-2997,OVOS,,MutNovel,"T1312I,0.762"
X-2997,PABPC3,5042.0,MutNovel,"D209E,1.000"
X-2997,PALM3,342979.0,MutNovel,"D604N,0.462"
X-2997,PCDH11Y,83259.0,Del0.8,0.4
X-2997,PCM1,5108.0,MutNovel,"I1698L,0.556"
X-2997,PCSK9,255738.0,MutNovel,"-15L,0.293"
X-2997,PHLDA1,22822.0,MutNovel,"QQ194Q,0.547"
X-2997,PIEZO1,9780.0,MutNovel,"L1104V,0.379"
X-2997,PIF1,80119.0,MutKnownFunctional,"E49*,0.778"
X-2997,PKP2,5318.0,MutNovel,"G673V,0.537"
X-2997,PLXNB3,5365.0,MutNovel,"N1789S,1.000"
X-2997,PMS2,5395.0,MutNovel,"A423G,0.561"
X-2997,POLR2H,5437.0,MutNovel,"S26F,0.490"
X-2997,POLR3F,10621.0,MutNovel,"V8M,0.250"
X-2997,POM121C,100101267.0,MutNovel,"S367N,0.714"
X-2997,POMGNT1,55624.0,MutNovel,"R442C,0.523"
X-2997,POTEB,339010.0,Del0.8,0.74
X-2997,PRIC285,85441.0,MutNovel,"P303A,0.500"
X-2997,PRKY,5616.0,Del0.8,0.3
X-2997,PRY,9081.0,Del0.8,0.29
X-2997,PRY,9081.0,Del0.8,0.29
X-2997,PRY2,442862.0,Del0.8,0.29
X-2997,PRY2,442862.0,Del0.8,0.29
X-2997,PTPLAD2,401494.0,Del0.8,0.36
X-2997,PTPRB,5787.0,Amp8,14.93
X-2997,PTPRR,5801.0,Amp8,14.93
X-2997,QSER1,79832.0,MutNovel,"R1178W,0.585"
X-2997,RAB3IP,117177.0,Amp8,11
X-2997,RANBP9,10048.0,MutNovel,"P51S,1.000"
X-2997,RAP1B,5908.0,Amp8,10.34
X-2997,RBM42,79171.0,MutNovel,"PTV64-,0.364"
X-2997,RBMY1A3P,286557.0,Del0.8,0.3
X-2997,RBMY1B,378948.0,Del0.8,0.29
X-2997,RBMY1B,378948.0,Del0.8,0.29
X-2997,RBMY1E,378950.0,Del0.8,0.29
X-2997,RBMY1E,378950.0,Del0.8,0.29
X-2997,RBMY1F,159163.0,Del0.8,0.29
X-2997,RBMY1F,159163.0,Del0.8,0.29
X-2997,RBMY1J,378951.0,Del0.8,0.29
X-2997,RBMY1J,378951.0,Del0.8,0.29
X-2997,RBMY2EP,159125.0,Del0.8,0.29
X-2997,RBMY2FP,159162.0,Del0.8,0.29
X-2997,RBMY3AP,64593.0,Del0.8,0.29
X-2997,REREP3,646396.0,Del0.8,0.51
X-2997,RIN3,79890.0,MutNovel,"G967-,0.538"
X-2997,RNPEP,6051.0,MutNovel,"R97L,0.468"
X-2997,RPL19,6143.0,MutNovel,"R176C,0.494"
X-2997,RPS4Y1,6192.0,Del0.8,0.4
X-2997,RPS4Y2,140032.0,Del0.8,0.29
X-2997,RRP8,23378.0,MutNovel,"R306W,0.786"
X-2997,SDPR,8436.0,MutNovel,"T402I,0.667"
X-2997,SERINC2,347735.0,MutNovel,"-373Q,0.772"
X-2997,SESN2,83667.0,MutNovel,"R419Q,0.429"
X-2997,SETD6,79918.0,MutNovel,"S120P,0.529"
X-2997,SH3RF1,57630.0,MutNovel,"C351R,0.479"
X-2997,SIPA1L3,23094.0,MutNovel,"V761I,0.429"
X-2997,SLC28A2,9153.0,MutKnownFunctional,"-129?,0.265"
X-2997,SLC30A4,7782.0,MutNovel,"G3V,1.000"
X-2997,SLC35E3,55508.0,Amp8,10.34
X-2997,SMARCAL1,50485.0,MutNovel,"D459N,0.519"
X-2997,SMG7,9887.0,MutNovel,"S1001L,0.530"
X-2997,SNORA70G,100379132.0,Amp8,10.34
X-2997,SRSF11,9295.0,MutNovel,"V206I,0.505"
X-2997,SRY,6736.0,Del0.8,0.4
X-2997,TBL1Y,90665.0,Del0.8,0.3
X-2997,TGFBR1,7046.0,MutNovel,"G214D,0.909"
X-2997,TGIF2LY,90655.0,Del0.8,0.4
X-2997,TMEM184A,202915.0,MutNovel,"G392GA,0.500"
X-2997,TMSB4Y,9087.0,Del0.8,0.29
X-2997,TP53,7157.0,MutKnownFunctional,"V157F,1.000"
X-2997,TRAPPC11,60684.0,MutNovel,"Q718R,0.519"
X-2997,TSPY1,7258.0,Del0.8,0.06
X-2997,TSPY2,64591.0,Del0.8,0.14
X-2997,TSPY3,728137.0,Del0.8,0.06
X-2997,TSPY4,728395.0,Del0.8,0.06
X-2997,TSPY8,728403.0,Del0.8,0.06
X-2997,TTTY10,246119.0,Del0.8,0.29
X-2997,TTTY11,83866.0,Del0.8,0.3
X-2997,TTTY12,83867.0,Del0.8,0.3
X-2997,TTTY13,83868.0,Del0.8,0.29
X-2997,TTTY14,83869.0,Del0.8,0.29
X-2997,TTTY15,64595.0,Del0.8,0.29
X-2997,TTTY16,252948.0,Del0.8,0.3
X-2997,TTTY17A,252949.0,Del0.8,0.17
X-2997,TTTY17A,252949.0,Del0.8,0.23
X-2997,TTTY18,252950.0,Del0.8,0.3
X-2997,TTTY19,252952.0,Del0.8,0.3
X-2997,TTTY1B,100101116.0,Del0.8,0.14
X-2997,TTTY1B,100101116.0,Del0.8,0.29
X-2997,TTTY2,60439.0,Del0.8,0.2
X-2997,TTTY2,60439.0,Del0.8,0.29
X-2997,TTTY20,252951.0,Del0.8,0.13
X-2997,TTTY21,252953.0,Del0.8,0.29
X-2997,TTTY21,252953.0,Del0.8,0.3
X-2997,TTTY22,252954.0,Del0.8,0.29
X-2997,TTTY23,252955.0,Del0.8,0.29
X-2997,TTTY23,252955.0,Del0.8,0.14
X-2997,TTTY3,114760.0,Del0.8,0.29
X-2997,TTTY3,114760.0,Del0.8,0.23
X-2997,TTTY4,114761.0,Del0.8,0.1
X-2997,TTTY4,114761.0,Del0.8,0.17
X-2997,TTTY5,83863.0,Del0.8,0.29
X-2997,TTTY6,84672.0,Del0.8,0.29
X-2997,TTTY6,84672.0,Del0.8,0.29
X-2997,TTTY7,246122.0,Del0.8,0.3
X-2997,TTTY7,246122.0,Del0.8,0.29
X-2997,TTTY7B,100101120.0,Del0.8,0.3
X-2997,TTTY7B,100101120.0,Del0.8,0.29
X-2997,TTTY8,84673.0,Del0.8,0.3
X-2997,TTTY8,84673.0,Del0.8,0.29
X-2997,TTTY9A,83864.0,Del0.8,0.29
X-2997,TTTY9A,83864.0,Del0.8,0.29
X-2997,TXLNG2P,246126.0,Del0.8,0.29
X-2997,USP36,57602.0,MutNovel,"KKK958K,0.204"
X-2997,USP5,8078.0,MutNovel,"R329Q,0.460"
X-2997,USP9Y,8287.0,Del0.8,0.29
X-2997,UTY,7404.0,Del0.8,0.29
X-2997,VCY,9084.0,Del0.8,0.29
X-2997,VCY,9084.0,Del0.8,0.29
X-2997,VPS13A,23230.0,MutNovel,"R1471Q,1.000"
X-2997,XKRY2,353515.0,Del0.8,0.29
X-2997,XKRY2,353515.0,Del0.8,0.29
X-2997,YEATS4,8089.0,Amp8,11
X-2997,ZDHHC11,79844.0,MutNovel,"A303D,0.250"
X-2997,ZFP36L2,678.0,MutNovel,"S430N,0.532"
X-2997,ZFY,7544.0,Del0.8,0.4
X-2997,ZHX1,11244.0,MutKnownFunctional,"-141,0.412"
X-2997,ZNF219,51222.0,MutNovel,"QPP233P,0.294"
X-2997,ZNF267,10308.0,MutNovel,"H258R,0.605"
X-2997,ZNF384,171017.0,MutNovel,"QQ514Q,0.365"
X-2997,ZNF772,400720.0,MutNovel,"A4GP,0.263"
X-2997,ZNF844,284391.0,MutNovel,"S429L,1.000"
X-2997,ZNF844,284391.0,MutNovel,"L443W,1.000"
X-2997,ZRANB1,54764.0,MutKnownFunctional,"-709?,0.351"
X-3028,ACOT1,641371.0,MutNovel,"A394P,1.000"
X-3028,ACOX3,8310.0,MutNovel,"R276Q,0.522"
X-3028,ADAM9,8754.0,MutNovel,"A424T,0.495"
X-3028,ADAMTSL4,54507.0,MutKnownFunctional,"-1055?,0.400"
X-3028,ADH1B,125.0,MutNovel,"Y35H,1.000"
X-3028,ADH1B,125.0,MutNovel,"V27G,1.000"
X-3028,ADH1B,125.0,MutNovel,"V18L,1.000"
X-3028,AGAP9,642517.0,MutNovel,"V13I,0.429"
X-3028,ALPK1,80216.0,MutNovel,"GS940G,0.490"
X-3028,AMELY,266.0,Del0.8,0.15
X-3028,ANKRD17,26057.0,MutNovel,"GGGGG101G,0.357"
X-3028,ARHGAP22,58504.0,Del0.8,0.77
X-3028,ASAH2,56624.0,Del0.8,0.61
X-3028,AZI1,22994.0,MutNovel,"R893Q,0.309"
X-3028,B3GALNT2,148789.0,MutNovel,"E345G,0.559"
X-3028,BCMO1,53630.0,MutNovel,"G38A,0.429"
X-3028,BCORP1,286554.0,Del0.8,0.15
X-3028,BPY2B,442867.0,Del0.8,0.15
X-3028,BPY2B,442867.0,Del0.8,0.15
X-3028,BTNL3,10917.0,MutNovel,"H311G,0.732"
X-3028,BTNL3,10917.0,MutNovel,"T326K,0.800"
X-3028,C14orf102,55051.0,MutNovel,"L980P,0.300"
X-3028,C6orf132,647024.0,MutNovel,"E1052K,0.482"
X-3028,C9orf53,51198.0,Del0.8,0.15
X-3028,CADPS2,93664.0,MutNovel,"T417I,0.442"
X-3028,CCDC144B,284047.0,Del0.8,0.56
X-3028,CCDC88B,283234.0,MutNovel,"D886A,0.459"
X-3028,CCZ1,51622.0,MutNovel,"P197L,0.545"
X-3028,CCZ1,51622.0,MutNovel,"M410L,0.316"
X-3028,CDH1,999.0,MutLikelyFunctional,"A592T,0.506"
X-3028,CDKN2A,1029.0,Del0.8,0.15
X-3028,CDKN2B,1030.0,Del0.8,0.21
X-3028,CDY1B,253175.0,Del0.8,0.15
X-3028,CDY1B,253175.0,Del0.8,0.15
X-3028,CDY2A,9426.0,Del0.8,0.15
X-3028,CDY2A,9426.0,Del0.8,0.15
X-3028,CDY2B,203611.0,Del0.8,0.15
X-3028,CDY2B,203611.0,Del0.8,0.15
X-3028,CHPF,79586.0,MutNovel,"R347L,0.445"
X-3028,CKLF,51192.0,MutNovel,"E150K,0.276"
X-3028,CLDN6,9074.0,MutNovel,"P205L,0.392"
X-3028,COL3A1,1281.0,MutNovel,"V1241I,0.600"
X-3028,COL5A2,1290.0,MutNovel,"G964S,1.000"
X-3028,CRIPAK,285464.0,MutNovel,"MR122IW,0.462"
X-3028,CSPG4P1Y,114758.0,Del0.8,0.15
X-3028,CSPG4P1Y,114758.0,Del0.8,0.15
X-3028,CTGF,1490.0,Del0.8,0.54
X-3028,CXADRP2,646243.0,Del0.8,0.74
X-3028,DAZ1,1617.0,Del0.8,0.15
X-3028,DAZ2,57055.0,Del0.8,0.15
X-3028,DAZ3,57054.0,Del0.8,0.15
X-3028,DAZ3,57054.0,Del0.8,0.15
X-3028,DAZ4,57135.0,Del0.8,0.15
X-3028,DAZ4,57135.0,Del0.8,0.15
X-3028,DDT,1652.0,Del0.8,0.66
X-3028,DDX3Y,8653.0,Del0.8,0.15
X-3028,DGKQ,1609.0,MutNovel,"V801M,0.450"
X-3028,DHDH,27294.0,MutNovel,"A315T,0.621"
X-3028,DHX16,8449.0,MutNovel,"L799V,0.538"
X-3028,DNAH9,1770.0,Del0.8,0.23
X-3028,DNAJC10,54431.0,MutNovel,"I18L,0.495"
X-3028,DOCK6,57572.0,MutNovel,"P1177T,0.458"
X-3028,DZIP3,9666.0,MutNovel,"S524L,0.488"
X-3028,EGFL7,51162.0,MutKnownFunctional,"-270,1.000"
X-3028,EIF1AY,9086.0,Del0.8,0.15
X-3028,EP400,57634.0,MutNovel,"P1512L,0.263"
X-3028,ERN1,2081.0,MutNovel,"V324I,0.607"
X-3028,ESRP2,80004.0,MutNovel,"K309R,0.508"
X-3028,FAM106A,80039.0,Del0.8,0.32
X-3028,FAM157A,728262.0,MutNovel,"A346T,0.211"
X-3028,FAM197Y2P,252946.0,Del0.8,0.15
X-3028,FAM21A,387680.0,Del0.8,0.63
X-3028,FAM21B,55747.0,Del0.8,0.62
X-3028,FAM41AY1,340618.0,Del0.8,0.15
X-3028,FAM41AY1,340618.0,Del0.8,0.15
X-3028,FAM86B1,85002.0,MutNovel,"V215M,0.500"
X-3028,FEM1A,55527.0,Del0.8,0.62
X-3028,FGD4,121512.0,Del0.8,0.66
X-3028,FGFR3,2261.0,MutNovel,"F384L,0.471"
X-3028,FOXQ1,94234.0,MutNovel,"G162V,0.394"
X-3028,GIGYF2,26058.0,MutNovel,"PQ1231P,0.324"
X-3028,GMEB1,10691.0,MutNovel,"T477A,0.400"
X-3028,GOLGA2P2Y,84559.0,Del0.8,0.15
X-3028,GOLGA2P2Y,84559.0,Del0.8,0.15
X-3028,GOLGA6L6,727832.0,Del0.8,0.74
X-3028,GOLGA8C,729786.0,Del0.8,0.74
X-3028,GSTT2,2953.0,Del0.8,0.42
X-3028,GYG2P1,352887.0,Del0.8,0.15
X-3028,H1FNT,341567.0,Del0.8,0.54
X-3028,HLA-G,3135.0,MutNovel,"S33N,1.000"
X-3028,HLA-G,3135.0,MutNovel,"S33K,1.000"
X-3028,HLA-G,3135.0,MutNovel,"M49V,1.000"
X-3028,HLA-G,3135.0,MutNovel,"V252T,1.000"
X-3028,HSFY2,159119.0,Del0.8,0.15
X-3028,HSFY2,159119.0,Del0.8,0.15
X-3028,HSPG2,3339.0,MutNovel,"R2673Q,0.513"
X-3028,KBTBD11,9920.0,MutNovel,"P440Q,0.409"
X-3028,KDM3B,51780.0,MutNovel,"A5T,0.321"
X-3028,KDM5D,8284.0,Del0.8,0.15
X-3028,KIAA0182,23199.0,MutNovel,"R347C,0.623"
X-3028,KIAA1217,56243.0,Del0.8,0.67
X-3028,KIAA1586,57691.0,MutNovel,"T773S,0.588"
X-3028,KLHL29,114818.0,MutNovel,"V860L,0.632"
X-3028,KRAS,3845.0,MutKnownFunctional,"G12D,1.000"
X-3028,KRT14,3861.0,MutNovel,"A197V,1.000"
X-3028,KRT33A,3883.0,MutNovel,"I165R,1.000"
X-3028,KRT84,3890.0,MutNovel,"D351E,1.000"
X-3028,KYNU,8942.0,MutNovel,"S341A,0.395"
X-3028,LCE3C,353144.0,Del0.8,0.14
X-3028,LGALS9C,654346.0,Del0.8,0.32
X-3028,LOC348120,348120.0,Del0.8,0.74
X-3028,LOC646214,646214.0,Del0.8,0.74
X-3028,LRRK1,79705.0,MutNovel,"V751M,0.778"
X-3028,MAGI1,9223.0,MutNovel,"Q421HR,0.356"
X-3028,MAP2K4,6416.0,Del0.8,0.29
X-3028,MIR4509-1,100616223.0,Del0.8,0.71
X-3028,MIR4675,100616383.0,Del0.8,0.45
X-3028,MIR511-1,574445.0,Del0.8,0.7
X-3028,MIR744,100126313.0,Del0.8,0.14
X-3028,MLL5,55904.0,MutNovel,"Q1504E,0.549"
X-3028,MLLT6,4302.0,MutNovel,"A327T,0.504"
X-3028,MRC1,4360.0,Del0.8,0.7
X-3028,MST1,4485.0,MutNovel,"P416L,0.219"
X-3028,MST1,4485.0,MutNovel,"T294S,0.250"
X-3028,MTA1,9112.0,MutNovel,"A529V,0.613"
X-3028,MTAP,4507.0,Del0.8,0.23
X-3028,MUC17,140453.0,MutNovel,"T707N,0.421"
X-3028,MUC17,140453.0,MutNovel,"S861T,0.222"
X-3028,MUC20,200958.0,MutNovel,"A54T,0.495"
X-3028,MYEOV2,150678.0,MutNovel,"N76D,0.522"
X-3028,NAIF1,203245.0,MutNovel,"R87Q,0.988"
X-3028,NBEAP1,606.0,Del0.8,0.74
X-3028,NBPF1,55672.0,MutNovel,"R385Q,0.385"
X-3028,NBPF9,400818.0,MutNovel,"R97G,0.444"
X-3028,NCOR2,9612.0,MutNovel,"G1839GAAA,0.663"
X-3028,NCRNA00185,55410.0,Del0.8,0.15
X-3028,NF1P2,440225.0,Del0.8,0.74
X-3028,NKAIN2,154215.0,Del0.8,0.8
X-3028,NLGN4Y,22829.0,Del0.8,0.15
X-3028,NOL11,25926.0,MutNovel,"D408V,0.513"
X-3028,NR1H4,9971.0,MutNovel,"R221G,0.889"
X-3028,OAZ2,4947.0,MutNovel,"C31Y,0.469"
X-3028,OR1D4,653166.0,Del0.8,0.55
X-3028,OR4F5,79501.0,Del0.8,0.45
X-3028,ORAI1,84876.0,MutNovel,"PP43-,0.862"
X-3028,PARD6A,50855.0,MutKnownFunctional,"Q326*,0.571"
X-3028,PCDH11Y,83259.0,Del0.8,0.15
X-3028,PCNX,22990.0,MutNovel,"L1998V,0.631"
X-3028,PDIA2,64714.0,MutKnownFunctional,"-493?,1.000"
X-3028,PECR,55825.0,MutNovel,"P275S,0.414"
X-3028,PHLDA1,22822.0,MutNovel,"QQ194Q,0.519"
X-3028,PIEZO1,9780.0,MutNovel,"K2502R,0.453"
X-3028,PLAT,5327.0,MutNovel,"S213G,0.568"
X-3028,POTEB,339010.0,Del0.8,0.74
X-3028,POTEH,23784.0,Del0.8,0.52
X-3028,PRIC285,85441.0,MutNovel,"G1956S,0.403"
X-3028,PRKY,5616.0,Del0.8,0.15
X-3028,PRY,9081.0,Del0.8,0.15
X-3028,PRY,9081.0,Del0.8,0.15
X-3028,PRY2,442862.0,Del0.8,0.15
X-3028,PRY2,442862.0,Del0.8,0.15
X-3028,PSD4,23550.0,MutNovel,"R665H,0.467"
X-3028,RBM12B,389677.0,MutNovel,"L364M,0.444"
X-3028,RBMY1A3P,286557.0,Del0.8,0.15
X-3028,RBMY1B,378948.0,Del0.8,0.15
X-3028,RBMY1B,378948.0,Del0.8,0.15
X-3028,RBMY1E,378950.0,Del0.8,0.15
X-3028,RBMY1E,378950.0,Del0.8,0.15
X-3028,RBMY1F,159163.0,Del0.8,0.15
X-3028,RBMY1F,159163.0,Del0.8,0.15
X-3028,RBMY1J,378951.0,Del0.8,0.15
X-3028,RBMY1J,378951.0,Del0.8,0.15
X-3028,RBMY2EP,159125.0,Del0.8,0.15
X-3028,RBMY2FP,159162.0,Del0.8,0.15
X-3028,RBMY3AP,64593.0,Del0.8,0.15
X-3028,RINT1,60561.0,MutNovel,"H695Q,0.455"
X-3028,RNF152,220441.0,Del0.8,0.75
X-3028,RNF213,57674.0,MutNovel,"T1705K,0.494"
X-3028,RPS4Y1,6192.0,Del0.8,0.15
X-3028,RPS4Y2,140032.0,Del0.8,0.15
X-3028,RPS7,6201.0,MutNovel,"L153I,0.996"
X-3028,SAV1,60485.0,Del0.8,0.73
X-3028,SENP3,26168.0,MutNovel,"R101G,1.000"
X-3028,SERINC2,347735.0,MutNovel,"-373Q,0.686"
X-3028,SH3PXD2A,9644.0,MutNovel,"R383M,1.000"
X-3028,SLC35E2B,728661.0,MutNovel,"V393A,0.531"
X-3028,SLC39A4,55630.0,MutNovel,"V555L,0.481"
X-3028,SMAD4,4089.0,Del0.8,0.39
X-3028,SORD,6652.0,MutNovel,"A312V,0.430"
X-3028,SRY,6736.0,Del0.8,0.15
X-3028,TBL1Y,90665.0,Del0.8,0.15
X-3028,TBP,6908.0,MutNovel,"-64Q,0.259"
X-3028,TET2,54790.0,MutNovel,"Q847E,0.393"
X-3028,TGIF2LY,90655.0,Del0.8,0.15
X-3028,TMEM184A,202915.0,MutNovel,"G392GA,0.297"
X-3028,TMEM236,653567.0,Del0.8,0.7
X-3028,TMSB4Y,9087.0,Del0.8,0.15
X-3028,TP53,7157.0,MutNovel,"I255T,1.000"
X-3028,TRAP1,10131.0,MutNovel,"P346A,0.499"
X-3028,TSPY1,7258.0,Del0.8,0.15
X-3028,TSPY2,64591.0,Del0.8,0.15
X-3028,TSPY3,728137.0,Del0.8,0.15
X-3028,TSPY4,728395.0,Del0.8,0.15
X-3028,TSPY8,728403.0,Del0.8,0.15
X-3028,TTTY10,246119.0,Del0.8,0.15
X-3028,TTTY11,83866.0,Del0.8,0.15
X-3028,TTTY12,83867.0,Del0.8,0.15
X-3028,TTTY13,83868.0,Del0.8,0.15
X-3028,TTTY14,83869.0,Del0.8,0.15
X-3028,TTTY15,64595.0,Del0.8,0.15
X-3028,TTTY16,252948.0,Del0.8,0.15
X-3028,TTTY17A,252949.0,Del0.8,0.15
X-3028,TTTY17A,252949.0,Del0.8,0.15
X-3028,TTTY18,252950.0,Del0.8,0.15
X-3028,TTTY19,252952.0,Del0.8,0.15
X-3028,TTTY1B,100101116.0,Del0.8,0.15
X-3028,TTTY1B,100101116.0,Del0.8,0.15
X-3028,TTTY2,60439.0,Del0.8,0.15
X-3028,TTTY2,60439.0,Del0.8,0.15
X-3028,TTTY20,252951.0,Del0.8,0.15
X-3028,TTTY21,252953.0,Del0.8,0.15
X-3028,TTTY21,252953.0,Del0.8,0.15
X-3028,TTTY22,252954.0,Del0.8,0.15
X-3028,TTTY23,252955.0,Del0.8,0.15
X-3028,TTTY23,252955.0,Del0.8,0.15
X-3028,TTTY3,114760.0,Del0.8,0.15
X-3028,TTTY3,114760.0,Del0.8,0.15
X-3028,TTTY4,114761.0,Del0.8,0.15
X-3028,TTTY4,114761.0,Del0.8,0.15
X-3028,TTTY5,83863.0,Del0.8,0.15
X-3028,TTTY6,84672.0,Del0.8,0.15
X-3028,TTTY6,84672.0,Del0.8,0.15
X-3028,TTTY7,246122.0,Del0.8,0.15
X-3028,TTTY7,246122.0,Del0.8,0.15
X-3028,TTTY7B,100101120.0,Del0.8,0.15
X-3028,TTTY7B,100101120.0,Del0.8,0.15
X-3028,TTTY8,84673.0,Del0.8,0.15
X-3028,TTTY8,84673.0,Del0.8,0.15
X-3028,TTTY9A,83864.0,Del0.8,0.15
X-3028,TTTY9A,83864.0,Del0.8,0.15
X-3028,TXLNG2P,246126.0,Del0.8,0.15
X-3028,UGT2B10,7365.0,MutNovel,"R250G,1.000"
X-3028,UPK3B,80761.0,MutNovel,"R284Q,0.900"
X-3028,USP32P2,220594.0,Del0.8,0.32
X-3028,USP36,57602.0,MutNovel,"KKK958K,0.352"
X-3028,USP9Y,8287.0,Del0.8,0.15
X-3028,UTP20,27340.0,MutNovel,"T280A,0.444"
X-3028,UTRN,7402.0,MutNovel,"D651G,1.000"
X-3028,UTY,7404.0,Del0.8,0.15
X-3028,VCY,9084.0,Del0.8,0.15
X-3028,VCY,9084.0,Del0.8,0.15
X-3028,WDR24,84219.0,MutKnownFunctional,"-619,0.219"
X-3028,WEE1,7465.0,MutNovel,"A159V,0.300"
X-3028,WNT9A,7483.0,MutNovel,"R186Q,0.500"
X-3028,XKR8,55113.0,MutNovel,"L10-,0.312"
X-3028,XKRY2,353515.0,Del0.8,0.15
X-3028,XKRY2,353515.0,Del0.8,0.15
X-3028,YTHDF1,54915.0,MutNovel,"W478C,0.529"
X-3028,ZFY,7544.0,Del0.8,0.15
X-3028,ZNF18,7566.0,Del0.8,0.22
X-3028,ZNF219,51222.0,MutNovel,"QPP233P,0.246"
X-3028,ZNF384,171017.0,MutNovel,"QQ514Q,0.465"
X-3028,ZNF438,220929.0,Del0.8,0.53
X-3028,ZNF592,9640.0,MutNovel,"E990Q,0.473"
X-3028,ZNF888,,MutNovel,"Q450P,0.403"
X-3028,ZSWIM6,57688.0,MutNovel,"GG19-,0.571"
X-3038,ABCG8,64241.0,MutNovel,"P317T,0.333"
X-3038,ABR,29.0,MutNovel,"P18T,1.000"
X-3038,ACSL1,2180.0,MutNovel,"P146Q,0.364"
X-3038,ADCK2,90956.0,MutNovel,"P347L,0.526"
X-3038,ADH1B,125.0,MutNovel,"V103I,0.800"
X-3038,ADPGK,83440.0,MutNovel,"V245M,0.541"
X-3038,AGAP10,,MutNovel,"I156S,0.600"
X-3038,AKAP6,9472.0,MutNovel,"A1937S,0.500"
X-3038,AKR1B15,441282.0,MutNovel,"D341N,0.438"
X-3038,ALS2CR12,130540.0,MutNovel,"S156T,0.500"
X-3038,AMELY,266.0,Del0.8,0.19
X-3038,ANGPTL4,51129.0,Del0.8,0.72
X-3038,ARFGEF2,10564.0,MutNovel,"R33P,0.500"
X-3038,ARHGAP23,57636.0,Amp5,5.74
X-3038,ARL5C,390790.0,Amp5,5.74
X-3038,AVEN,57099.0,MutNovel,"GGGGG41G,0.688"
X-3038,BCAS3,54828.0,Amp5,7.62
X-3038,BCORP1,286554.0,Del0.8,0.19
X-3038,BPY2B,442867.0,Del0.8,0.19
X-3038,BPY2B,442867.0,Del0.8,0.19
X-3038,BRIP1,83990.0,Amp8,19.56
X-3038,C17orf82,388407.0,Amp8,11.79
X-3038,C17orf96,100170841.0,Amp5,5.74
X-3038,C17orf97,400566.0,MutNovel,"E230K,1.000"
X-3038,C17orf97,400566.0,MutNovel,"E240K,1.000"
X-3038,C17orf98,388381.0,Amp5,5.74
X-3038,C19orf21,126353.0,MutNovel,"G445S,0.999"
X-3038,C19orf55,148137.0,MutNovel,"P35L,0.729"
X-3038,C2CD2,25966.0,MutNovel,"I178V,0.562"
X-3038,C5orf54,63920.0,MutNovel,"T25S,0.367"
X-3038,CACNB1,782.0,Amp5,5.74
X-3038,CALCOCO2,10241.0,MutNovel,"E70K,0.900"
X-3038,CCDC138,165055.0,MutNovel,"S20R,0.477"
X-3038,CCDC77,84318.0,MutNovel,"N132D,0.380"
X-3038,CDC42EP1,11135.0,MutNovel,"PAPAANPS253P,0.734"
X-3038,CDCP1,64866.0,MutNovel,"R763W,0.514"
X-3038,CDK12,51755.0,Amp5,5.74
X-3038,CDKN2A,1029.0,MutKnownFunctional,"-52,0.937"
X-3038,CDY1B,253175.0,Del0.8,0.19
X-3038,CDY1B,253175.0,Del0.8,0.19
X-3038,CDY2A,9426.0,Del0.8,0.19
X-3038,CDY2A,9426.0,Del0.8,0.19
X-3038,CDY2B,203611.0,Del0.8,0.19
X-3038,CDY2B,203611.0,Del0.8,0.19
X-3038,CDYL,9425.0,MutKnownFunctional,"-434,0.395"
X-3038,CEACAM1,634.0,MutNovel,"T100I,0.286"
X-3038,CEACAM1,634.0,MutNovel,"S96I,0.266"
X-3038,CEACAM3,1084.0,MutNovel,"I117T,0.600"
X-3038,CEACAM3,1084.0,MutNovel,"Q123H,0.762"
X-3038,CELSR2,1952.0,MutNovel,"L1205V,0.750"
X-3038,CISD3,284106.0,Amp5,5.74
X-3038,CRYBG3,,MutNovel,"G1001D,0.684"
X-3038,CSF3,1440.0,Amp5,5.74
X-3038,CSPG4P1Y,114758.0,Del0.8,0.19
X-3038,CSPG4P1Y,114758.0,Del0.8,0.19
X-3038,CTSA,5476.0,MutNovel,"L29-,0.378"
X-3038,CWC25,54883.0,Amp5,5.74
X-3038,CYP2E1,1571.0,MutNovel,"G113E,1.000"
X-3038,CYP4F8,11283.0,MutNovel,"S7P,1.000"
X-3038,DAZ1,1617.0,Del0.8,0.19
X-3038,DAZ2,57055.0,Del0.8,0.19
X-3038,DAZ3,57054.0,Del0.8,0.19
X-3038,DAZ3,57054.0,Del0.8,0.19
X-3038,DAZ4,57135.0,Del0.8,0.19
X-3038,DAZ4,57135.0,Del0.8,0.19
X-3038,DCP1A,55802.0,MutNovel,"SAI482I,1.000"
X-3038,DDI2,84301.0,MutNovel,"R93Q,0.571"
X-3038,DDX3Y,8653.0,Del0.8,0.19
X-3038,DMTF1,9988.0,MutNovel,"G489E,0.458"
X-3038,DNAH12,201625.0,MutNovel,"I2760T,0.480"
X-3038,DNAH17,8632.0,MutNovel,"S2286L,0.500"
X-3038,DYNC2LI1,51626.0,MutNovel,"D194G,0.495"
X-3038,EFCAB3,146779.0,Amp8,9.45
X-3038,EIF1AY,9086.0,Del0.8,0.19
X-3038,EIF2AK4,440275.0,MutNovel,"R109H,0.409"
X-3038,EIF5AL1,143244.0,MutNovel,"HN77H,0.240"
X-3038,ERBB2,2064.0,Amp5,5.74
X-3038,ERCC2,2068.0,MutKnownFunctional,"Q390*,0.619"
X-3038,ERVMER34-1,100288413.0,MutNovel,"N303D,0.465"
X-3038,ESYT3,83850.0,MutNovel,"L721M,0.737"
X-3038,ETV1,2115.0,MutNovel,"N239D,0.457"
X-3038,EVI2B,2124.0,MutNovel,"D435E,0.634"
X-3038,FAM167B,84734.0,MutNovel,"L129M,0.667"
X-3038,FAM197Y2P,252946.0,Del0.8,0.19
X-3038,FAM212B,55924.0,MutNovel,"Q198R,0.600"
X-3038,FAM21A,387680.0,Del0.8,0.66
X-3038,FAM41AY1,340618.0,Del0.8,0.19
X-3038,FAM41AY1,340618.0,Del0.8,0.19
X-3038,FAM47A,158724.0,Del0.8,0.52
X-3038,FAM86B2,653333.0,MutNovel,"V249M,0.750"
X-3038,FBXL20,84961.0,Amp5,5.74
X-3038,FBXO47,494188.0,Amp5,5.74
X-3038,FCGBP,8857.0,MutNovel,"G3406A,0.778"
X-3038,FCGBP,8857.0,MutNovel,"G3264S,0.571"
X-3038,FCGBP,8857.0,MutNovel,"G1879R,0.667"
X-3038,FCGBP,8857.0,MutNovel,"P1705L,0.594"
X-3038,FGGY,55277.0,MutNovel,"A253V,0.487"
X-3038,FLJ46300,399827.0,Del0.8,0.8
X-3038,FUT5,2527.0,MutNovel,"A118M,1.000"
X-3038,GAK,2580.0,MutNovel,"G1253S,0.542"
X-3038,GIGYF2,26058.0,MutNovel,"PQ1231P,0.291"
X-3038,GLUD2,2747.0,MutNovel,"G35R,1.000"
X-3038,GOLGA2P2Y,84559.0,Del0.8,0.19
X-3038,GOLGA2P2Y,84559.0,Del0.8,0.19
X-3038,GPR108,56927.0,MutNovel,"L25V,0.980"
X-3038,GPR179,440435.0,Amp5,5.74
X-3038,GPR20,2843.0,MutNovel,"R154Q,1.000"
X-3038,GPR31,2853.0,Del0.8,0.62
X-3038,GPRIN2,9721.0,MutNovel,"-238MRE,0.562"
X-3038,GRB14,2888.0,MutKnownFunctional,"-297?,0.281"
X-3038,GRB7,2886.0,Amp5,5.74
X-3038,GRIPAP1,56850.0,MutNovel,"R677Q,0.997"
X-3038,GSDMA,284110.0,Amp5,5.74
X-3038,GSDMB,55876.0,Amp5,5.74
X-3038,GSTM1,2944.0,Del0.8,0.67
X-3038,GYG2P1,352887.0,Del0.8,0.19
X-3038,HAUS3,79441.0,MutNovel,"D306N,0.614"
X-3038,HEATR5A,25938.0,MutNovel,"T1578A,0.549"
X-3038,HEATR5A,25938.0,MutNovel,"R266K,0.303"
X-3038,HERC2,8924.0,MutNovel,"P1888L,0.547"
X-3038,HIPK2,28996.0,MutNovel,"C663Y,0.531"
X-3038,HIST1H1D,3007.0,MutNovel,"V142A,0.429"
X-3038,HLA-DRB1,3123.0,Amp5,6.19
X-3038,HLA-DRB5,3127.0,Amp5,6.19
X-3038,HLA-DRB6,3128.0,Amp5,6.19
X-3038,HLA-G,3135.0,MutNovel,"S33N,0.636"
X-3038,HNRNPL,3191.0,MutNovel,"GGG43-,0.670"
X-3038,HSFY2,159119.0,Del0.8,0.19
X-3038,HSFY2,159119.0,Del0.8,0.19
X-3038,HSPA1A,3303.0,MutNovel,"M122K,0.462"
X-3038,IGSF3,3321.0,MutNovel,"D1041G,0.235"
X-3038,IGSF9,57549.0,MutNovel,"G1044A,0.489"
X-3038,IKZF3,22806.0,Amp5,5.74
X-3038,IL23R,149233.0,MutNovel,"I231V,0.778"
X-3038,INTS2,57508.0,Amp8,13.64
X-3038,KDM5D,8284.0,Del0.8,0.19
X-3038,KIAA0125,9834.0,Amp5,7.11
X-3038,KIAA0240,23506.0,MutNovel,"A396T,0.540"
X-3038,KIAA2018,205717.0,MutKnownFunctional,"-1016?,0.611"
X-3038,KIF2B,84643.0,Amp8,12.82
X-3038,KRAS,3845.0,MutKnownFunctional,"G12V,1.000"
X-3038,KRT14,3861.0,MutNovel,"T308S,0.750"
X-3038,KRT14,3861.0,MutNovel,"E304D,0.750"
X-3038,KRT14,3861.0,MutNovel,"S241N,0.542"
X-3038,KRT72,140807.0,MutNovel,"T316S,1.000"
X-3038,LASP1,3927.0,Amp5,5.74
X-3038,LGALS7,3963.0,MutNovel,"V4I,0.672"
X-3038,LINC00226,338004.0,Amp5,5.03
X-3038,LOC100131347,100131347.0,Amp5,5.74
X-3038,LOC100132247,100132247.0,MutNovel,"P1069R,0.462"
X-3038,LOC100288807,,MutNovel,"S52P,1.000"
X-3038,LOC100505576,100505576.0,Amp5,5.74
X-3038,LOC100652741,,MutNovel,"R207Q,0.699"
X-3038,LOC100652741,,MutNovel,"P327T,0.638"
X-3038,LOC100996300,,MutNovel,"I80N,1.000"
X-3038,LOC440434,440434.0,Amp5,5.74
X-3038,LRP4,4038.0,MutNovel,"G81S,0.600"
X-3038,LRRC3C,100505591.0,Amp5,5.74
X-3038,LSR,51599.0,MutNovel,"G518GR,0.780"
X-3038,MAP3K8,1326.0,MutKnownFunctional,"G150*,0.619"
X-3038,2014-03-10 00:00:00,162333.0,Amp8,9.45
X-3038,MED1,5469.0,Amp5,5.74
X-3038,MED13,9969.0,Amp8,9.45
X-3038,MED13L,23389.0,MutNovel,"V945A,1.000"
X-3038,MED24,9862.0,Amp5,5.74
X-3038,MEF2A,4205.0,MutNovel,"QQ412-,0.217"
X-3038,MESDC1,59274.0,MutNovel,"S348F,0.436"
X-3038,METTL2A,339175.0,Amp8,9.45
X-3038,MIEN1,84299.0,Amp5,5.74
X-3038,MIR4726,100616153.0,Amp5,5.74
X-3038,MIR4727,100616416.0,Amp5,5.74
X-3038,MIR4728,100616132.0,Amp5,5.74
X-3038,MIR4734,100616203.0,Amp5,5.74
X-3038,MLLT6,4302.0,Amp5,5.74
X-3038,MLX,6945.0,MutNovel,"L44M,0.595"
X-3038,MNX1,3110.0,MutNovel,"A134APP,0.714"
X-3038,MPRIP,23164.0,MutNovel,"TS178T,0.489"
X-3038,MRC2,9902.0,Amp8,9.45
X-3038,MRPL45,84311.0,Amp5,5.74
X-3038,MTR,4548.0,MutNovel,"P301A,0.453"
X-3038,MUC12,10071.0,MutNovel,"R855H,1.000"
X-3038,MUC12,10071.0,MutNovel,"L1735F,1.000"
X-3038,MUC12,10071.0,MutNovel,"S1741L,1.000"
X-3038,MUC12,10071.0,MutNovel,"V4103G,0.333"
X-3038,MUC16,94025.0,MutNovel,"L12688V,1.000"
X-3038,MUC17,140453.0,MutNovel,"S861T,0.233"
X-3038,MUC17,140453.0,MutNovel,"T1686A,0.263"
X-3038,MUC20,200958.0,MutNovel,"A54T,0.252"
X-3038,MUT,4594.0,MutNovel,"G155D,0.611"
X-3038,MXRA7,439921.0,MutNovel,"E36G,0.571"
X-3038,NACA2,342538.0,Amp8,19.56
X-3038,NBPF1,55672.0,MutNovel,"L648V,0.308"
X-3038,NBPF1,55672.0,MutNovel,"T378I,0.263"
X-3038,NBPF14,25832.0,MutNovel,"I861G,1.000"
X-3038,NBPF14,25832.0,MutNovel,"N843S,0.667"
X-3038,NBPF14,25832.0,MutNovel,"S524N,0.286"
X-3038,NCLN,56926.0,MutNovel,"R339W,1.000"
X-3038,NCOA3,8202.0,MutNovel,"Q1255-,0.336"
X-3038,NCOR2,9612.0,MutNovel,"G1839GAAA,0.543"
X-3038,NCRNA00185,55410.0,Del0.8,0.19
X-3038,NEUROD2,4761.0,Amp5,5.74
X-3038,NFATC2,4773.0,MutNovel,"P239S,0.643"
X-3038,NGLY1,55768.0,MutNovel,"T345I,0.303"
X-3038,NLGN4Y,22829.0,Del0.8,0.19
X-3038,NR1D1,9572.0,Amp5,5.74
X-3038,NRM,11270.0,MutKnownFunctional,"-130,0.265"
X-3038,OBSCN,84033.0,MutNovel,"T1047M,0.615"
X-3038,ORAI1,84876.0,MutNovel,"PP43-,0.819"
X-3038,ORMDL3,94103.0,Amp5,5.74
X-3038,OSBPL8,114882.0,MutNovel,"S105L,1.000"
X-3038,OXSR1,9943.0,MutNovel,"G97E,0.410"
X-3038,P2RY8,286530.0,MutKnownFunctional,"-1394,1.000"
X-3038,PABPC3,5042.0,MutNovel,"KG231-,0.500"
X-3038,PABPC3,5042.0,MutKnownFunctional,"-247GE?,0.375"
X-3038,PABPC3,5042.0,MutKnownFunctional,"-615,0.353"
X-3038,PARP8,79668.0,MutNovel,"A594V,0.500"
X-3038,PCDH11Y,83259.0,Del0.8,0.31
X-3038,PCDHB10,56126.0,MutNovel,"G532S,0.211"
X-3038,PCDHB4,56131.0,MutNovel,"G531S,0.667"
X-3038,PCGF2,7703.0,Amp5,5.74
X-3038,PELP1,27043.0,MutNovel,"EEEE903E,0.295"
X-3038,PGAP3,93210.0,Amp5,5.74
X-3038,PGBD5,79605.0,MutNovel,"A96S,0.400"
X-3038,PHLDA1,22822.0,MutNovel,"QQ194Q,0.529"
X-3038,PID1,55022.0,MutNovel,"P129L,0.941"
X-3038,PIP4K2B,8396.0,Amp5,5.74
X-3038,PKD1,5310.0,MutNovel,"P1511S,0.574"
X-3038,PKD1,5310.0,MutNovel,"S1232T,0.583"
X-3038,PLBD2,196463.0,MutNovel,"V26M,1.000"
X-3038,PLCD1,5333.0,MutNovel,"L552P,0.471"
X-3038,PLEC,5339.0,MutNovel,"S1656L,0.752"
X-3038,PLXDC1,57125.0,Amp5,5.74
X-3038,PNMT,5409.0,Amp5,5.74
X-3038,POTEI,,MutNovel,"I803M,1.000"
X-3038,PPIP5K1,9677.0,MutNovel,"R929H,1.000"
X-3038,PPIP5K1,9677.0,MutNovel,"G925A,1.000"
X-3038,PPP1R1B,84152.0,Amp5,5.74
X-3038,PRKY,5616.0,Del0.8,0.19
X-3038,PRR12,57479.0,MutNovel,"P1496L,0.653"
X-3038,PRY,9081.0,Del0.8,0.19
X-3038,PRY,9081.0,Del0.8,0.19
X-3038,PRY2,442862.0,Del0.8,0.19
X-3038,PRY2,442862.0,Del0.8,0.19
X-3038,PSMB3,5691.0,Amp5,5.74
X-3038,PSMD3,5709.0,Amp5,5.74
X-3038,PSORS1C1,170679.0,MutKnownFunctional,"-38?,0.452"
X-3038,PTPN20A,653129.0,MutNovel,"E99K,1.000"
X-3038,PUS1,80324.0,MutNovel,"A359S,1.000"
X-3038,RBMX,27316.0,MutNovel,"Y187-,0.973"
X-3038,RBMY1A3P,286557.0,Del0.8,0.19
X-3038,RBMY1B,378948.0,Del0.8,0.19
X-3038,RBMY1B,378948.0,Del0.8,0.19
X-3038,RBMY1E,378950.0,Del0.8,0.19
X-3038,RBMY1E,378950.0,Del0.8,0.19
X-3038,RBMY1F,159163.0,Del0.8,0.19
X-3038,RBMY1F,159163.0,Del0.8,0.19
X-3038,RBMY1J,378951.0,Del0.8,0.19
X-3038,RBMY1J,378951.0,Del0.8,0.19
X-3038,RBMY2EP,159125.0,Del0.8,0.19
X-3038,RBMY2FP,159162.0,Del0.8,0.19
X-3038,RBMY3AP,64593.0,Del0.8,0.19
X-3038,RGPD8,727851.0,MutNovel,"K956N,0.465"
X-3038,RIN3,79890.0,MutNovel,"G967-,0.733"
X-3038,RNF115,27246.0,MutNovel,"H23Q,0.327"
X-3038,RPL19,6143.0,Amp5,5.74
X-3038,RPL23,9349.0,Amp5,5.74
X-3038,RPS4Y1,6192.0,Del0.8,0.31
X-3038,RPS4Y2,140032.0,Del0.8,0.19
X-3038,RSF1,51773.0,MutNovel,"K569Q,0.586"
X-3038,SCAPER,49855.0,Del0.8,0.62
X-3038,SERINC2,347735.0,MutNovel,"-373Q,0.627"
X-3038,SIRPG,55423.0,MutNovel,"M34V,1.000"
X-3038,SLC22A20,440044.0,MutNovel,"E82M,0.517"
X-3038,SNORA21,619505.0,Amp5,5.74
X-3038,SNORD124,100113390.0,Amp5,5.74
X-3038,SOCS7,30837.0,Amp5,5.74
X-3038,SRCIN1,80725.0,Amp5,5.74
X-3038,SRRM2,23524.0,MutNovel,"L762F,0.518"
X-3038,SRRM2,23524.0,MutNovel,"S1441F,0.516"
X-3038,SRY,6736.0,Del0.8,0.31
X-3038,STAC2,342667.0,Amp5,5.74
X-3038,STARD3,10948.0,Amp5,5.74
X-3038,STRA6,64220.0,MutKnownFunctional,"L152*,0.833"
X-3038,STX8,9482.0,MutNovel,"R198C,0.981"
X-3038,TAF1L,138474.0,MutKnownFunctional,"-665?,1.000"
X-3038,TBC1D3,729873.0,MutNovel,"Q354K,0.875"
X-3038,TBC1D3G,654341.0,MutNovel,"Q354K,1.000"
X-3038,TBC1D3H,729877.0,MutNovel,"Q354K,0.833"
X-3038,TBC1D3P2,440452.0,Amp8,9.45
X-3038,TBL1Y,90665.0,Del0.8,0.19
X-3038,TBX2,6909.0,Amp8,11.79
X-3038,TBX4,9496.0,Amp8,19.56
X-3038,TCAP,8557.0,Amp5,5.74
X-3038,TELO2,9894.0,MutNovel,"E130D,0.408"
X-3038,TGIF2LY,90655.0,Del0.8,0.31
X-3038,THRA,7067.0,Amp5,5.74
X-3038,TLK2,11011.0,Amp8,9.45
X-3038,TMEM99,147184.0,MutNovel,"Y190F,0.500"
X-3038,TMSB4Y,9087.0,Del0.8,0.19
X-3038,TP53,7157.0,MutKnownFunctional,"R273H,1.000"
X-3038,TPR,7175.0,MutNovel,"A1099V,0.554"
X-3038,TSPY1,7258.0,Del0.8,0.19
X-3038,TSPY2,64591.0,Del0.8,0.19
X-3038,TSPY3,728137.0,Del0.8,0.19
X-3038,TSPY4,728395.0,Del0.8,0.19
X-3038,TSPY8,728403.0,Del0.8,0.19
X-3038,TSTD2,158427.0,MutNovel,"K123E,0.607"
X-3038,TTTY10,246119.0,Del0.8,0.19
X-3038,TTTY11,83866.0,Del0.8,0.19
X-3038,TTTY12,83867.0,Del0.8,0.19
X-3038,TTTY13,83868.0,Del0.8,0.19
X-3038,TTTY14,83869.0,Del0.8,0.19
X-3038,TTTY15,64595.0,Del0.8,0.19
X-3038,TTTY16,252948.0,Del0.8,0.19
X-3038,TTTY17A,252949.0,Del0.8,0.19
X-3038,TTTY17A,252949.0,Del0.8,0.19
X-3038,TTTY18,252950.0,Del0.8,0.19
X-3038,TTTY19,252952.0,Del0.8,0.19
X-3038,TTTY1B,100101116.0,Del0.8,0.19
X-3038,TTTY1B,100101116.0,Del0.8,0.19
X-3038,TTTY2,60439.0,Del0.8,0.19
X-3038,TTTY2,60439.0,Del0.8,0.19
X-3038,TTTY20,252951.0,Del0.8,0.19
X-3038,TTTY21,252953.0,Del0.8,0.19
X-3038,TTTY21,252953.0,Del0.8,0.19
X-3038,TTTY22,252954.0,Del0.8,0.19
X-3038,TTTY23,252955.0,Del0.8,0.19
X-3038,TTTY23,252955.0,Del0.8,0.19
X-3038,TTTY3,114760.0,Del0.8,0.19
X-3038,TTTY3,114760.0,Del0.8,0.19
X-3038,TTTY4,114761.0,Del0.8,0.19
X-3038,TTTY4,114761.0,Del0.8,0.19
X-3038,TTTY5,83863.0,Del0.8,0.19
X-3038,TTTY6,84672.0,Del0.8,0.19
X-3038,TTTY6,84672.0,Del0.8,0.19
X-3038,TTTY7,246122.0,Del0.8,0.19
X-3038,TTTY7,246122.0,Del0.8,0.19
X-3038,TTTY7B,100101120.0,Del0.8,0.19
X-3038,TTTY7B,100101120.0,Del0.8,0.19
X-3038,TTTY8,84673.0,Del0.8,0.19
X-3038,TTTY8,84673.0,Del0.8,0.19
X-3038,TTTY9A,83864.0,Del0.8,0.19
X-3038,TTTY9A,83864.0,Del0.8,0.19
X-3038,TXLNG2P,246126.0,Del0.8,0.19
X-3038,UGT2B10,7365.0,MutNovel,"R250G,1.000"
X-3038,UGT2B17,7367.0,MutNovel,"K253N,1.000"
X-3038,UGT2B17,7367.0,MutNovel,"T250I,1.000"
X-3038,UHRF1BP1,54887.0,MutNovel,"F1051V,0.577"
X-3038,USF2,7392.0,MutNovel,"D61H,0.406"
X-3038,USP10,9100.0,MutNovel,"G758S,0.494"
X-3038,USP9Y,8287.0,Del0.8,0.19
X-3038,UTY,7404.0,Del0.8,0.19
X-3038,VCY,9084.0,Del0.8,0.19
X-3038,VCY,9084.0,Del0.8,0.19
X-3038,WNK4,65266.0,MutNovel,"G826S,0.889"
X-3038,XKR8,55113.0,MutNovel,"L10-,0.500"
X-3038,XKRY2,353515.0,Del0.8,0.19
X-3038,XKRY2,353515.0,Del0.8,0.19
X-3038,ZBTB3,79842.0,MutNovel,"Y155F,0.609"
X-3038,ZDHHC11,79844.0,MutNovel,"A303D,0.429"
X-3038,ZFP106,64397.0,MutNovel,"R1356W,0.550"
X-3038,ZFY,7544.0,Del0.8,0.31
X-3038,ZNF333,84449.0,MutNovel,"W76C,0.500"
X-3038,ZNF335,63925.0,MutNovel,"P347T,0.606"
X-3038,ZNF358,140467.0,MutNovel,"G439V,1.000"
X-3038,ZNF439,90594.0,MutNovel,"K361R,0.500"
X-3038,ZNF439,90594.0,MutNovel,"R371T,0.500"
X-3038,ZNF555,148254.0,MutNovel,"Y61N,1.000"
X-3038,ZNF790,388536.0,MutKnownFunctional,"-37?,0.797"
X-3038,ZNF844,284391.0,MutKnownFunctional,"-461,0.238"
X-3038,ZNF860,344787.0,MutNovel,"H23R,0.206"
X-3038,ZPBP2,124626.0,Amp5,5.74
X-3052,ABLIM2,84448.0,MutNovel,"K194Q,0.577"
X-3052,ABLIM3,22885.0,MutNovel,"P578L,0.265"
X-3052,ACOT1,641371.0,Del0.8,0.62
X-3052,ACTR3B,57180.0,MutNovel,"R250W,0.231"
X-3052,ADAM3A,1587.0,Del0.8,0.27
X-3052,ADAM5P,255926.0,Del0.8,0.59
X-3052,AGAP8,728404.0,MutNovel,"L324V,1.000"
X-3052,AHCY,191.0,MutNovel,"G213S,0.609"
X-3052,AMELY,266.0,Del0.8,0.25
X-3052,ANO3,63982.0,Amp8,8.06
X-3052,ARHGAP32,9743.0,MutNovel,"L1397P,0.396"
X-3052,ARHGEF10L,55160.0,MutNovel,"V414L,0.500"
X-3052,ASPHD1,253982.0,MutNovel,"-171G,0.333"
X-3052,ASXL1,171023.0,MutNovel,"E1102D,0.594"
X-3052,BAIAP3,8938.0,MutNovel,"A566V,0.500"
X-3052,BBOX1,8424.0,Amp8,11.16
X-3052,BCORP1,286554.0,Del0.8,0.25
X-3052,BDNF,627.0,Amp8,11.16
X-3052,BMS1,9790.0,MutNovel,"Q858E,0.233"
X-3052,BPY2B,442867.0,Del0.8,0.25
X-3052,BPY2B,442867.0,Del0.8,0.25
X-3052,BTNL3,10917.0,MutNovel,"H311G,0.714"
X-3052,BTNL9,153579.0,MutNovel,"H384Y,0.556"
X-3052,BUD13,84811.0,MutNovel,"R216K,0.426"
X-3052,C1orf56,54964.0,MutNovel,"S136P,0.368"
X-3052,C5orf34,375444.0,MutNovel,"D13G,0.600"
X-3052,C9orf53,51198.0,Del0.8,0.3
X-3052,CCDC34,91057.0,Amp8,11.16
X-3052,CCDC99,54908.0,MutNovel,"S471N,0.586"
X-3052,CDK18,5129.0,MutNovel,"R206W,0.417"
X-3052,CDKN2A,1029.0,Del0.8,0.4
X-3052,CDY1B,253175.0,Del0.8,0.25
X-3052,CDY1B,253175.0,Del0.8,0.25
X-3052,CDY2A,9426.0,Del0.8,0.25
X-3052,CDY2A,9426.0,Del0.8,0.25
X-3052,CDY2B,203611.0,Del0.8,0.25
X-3052,CDY2B,203611.0,Del0.8,0.25
X-3052,CEACAM8,1088.0,MutNovel,"T171A,1.000"
X-3052,CHD1L,9557.0,MutNovel,"V124I,0.535"
X-3052,CHPT1,56994.0,MutNovel,"T78R,1.000"
X-3052,CHRFAM7A,89832.0,Del0.8,0.59
X-3052,CITED4,163732.0,MutNovel,"E9D,0.280"
X-3052,CRABP2,1382.0,MutKnownFunctional,"-56?,0.333"
X-3052,CREG2,200407.0,MutNovel,"P96Q,0.333"
X-3052,CRIPAK,285464.0,MutNovel,"P142R,0.600"
X-3052,CRIPAK,285464.0,MutNovel,"V164A,0.417"
X-3052,CRISPLD1,83690.0,MutNovel,"G459R,0.667"
X-3052,CSPG4P1Y,114758.0,Del0.8,0.25
X-3052,CSPG4P1Y,114758.0,Del0.8,0.25
X-3052,CSTF1,1477.0,MutNovel,"I265V,0.481"
X-3052,CT45A2,728911.0,Del0.8,0.47
X-3052,CT45A4,441520.0,Del0.8,0.72
X-3052,CTSA,5476.0,MutNovel,"L29-,0.442"
X-3052,DAZ1,1617.0,Del0.8,0.25
X-3052,DAZ2,57055.0,Del0.8,0.25
X-3052,DAZ3,57054.0,Del0.8,0.25
X-3052,DAZ3,57054.0,Del0.8,0.25
X-3052,DAZ4,57135.0,Del0.8,0.25
X-3052,DAZ4,57135.0,Del0.8,0.25
X-3052,DDX17,10521.0,MutNovel,"A43T,0.525"
X-3052,DDX3Y,8653.0,Del0.8,0.25
X-3052,DMRTA1,63951.0,MutNovel,"R56L,1.000"
X-3052,DNAH3,55567.0,MutNovel,"Q1823H,0.706"
X-3052,DPM1,8813.0,MutNovel,"R191Q,0.434"
X-3052,DPY19L1,23333.0,MutNovel,"E675D,0.423"
X-3052,EIF1AY,9086.0,Del0.8,0.25
X-3052,EIF2AK3,9451.0,MutNovel,"A52T,0.500"
X-3052,EML4,27436.0,MutNovel,"G377C,0.388"
X-3052,EPN1,29924.0,MutNovel,"R252Q,0.362"
X-3052,ERBB2IP,55914.0,MutNovel,"DY1103D,0.493"
X-3052,FAM106A,80039.0,Del0.8,0.68
X-3052,FAM197Y2P,252946.0,Del0.8,0.25
X-3052,FAM21A,387680.0,Del0.8,0.6
X-3052,FAM41AY1,340618.0,Del0.8,0.25
X-3052,FAM41AY1,340618.0,Del0.8,0.25
X-3052,FAM75A6,389730.0,Del0.8,0.59
X-3052,FAM86B2,653333.0,MutNovel,"G108D,0.714"
X-3052,FIBIN,387758.0,Amp8,11.16
X-3052,FN3K,64122.0,MutNovel,"D274A,0.606"
X-3052,GIGYF2,26058.0,MutNovel,"PQ1231P,0.867"
X-3052,GOLGA2P2Y,84559.0,Del0.8,0.25
X-3052,GOLGA2P2Y,84559.0,Del0.8,0.25
X-3052,GOLGA4,2803.0,MutNovel,"S760T,0.289"
X-3052,GPRIN2,9721.0,MutNovel,"-238MRE,0.889"
X-3052,GSTM1,2944.0,Del0.8,0.71
X-3052,GSTT1,2952.0,Del0.8,0.61
X-3052,GSTTP2,653399.0,Del0.8,0.78
X-3052,GYG2P1,352887.0,Del0.8,0.25
X-3052,HERC2,8924.0,MutNovel,"A4523S,1.000"
X-3052,HERC2,8924.0,MutNovel,"E295K,1.000"
X-3052,HERC3,8916.0,MutNovel,"D806N,0.519"
X-3052,HLA-DRB5,3127.0,Amp5,6.45
X-3052,HLA-H,3136.0,Del0.8,0.58
X-3052,HMHA1,23526.0,MutNovel,"T502M,0.360"
X-3052,HSFY2,159119.0,Del0.8,0.25
X-3052,HSFY2,159119.0,Del0.8,0.25
X-3052,IGFBP2,3485.0,MutNovel,"L17LLPP,0.750"
X-3052,IL13RA1,3597.0,MutNovel,"P55H,1.000"
X-3052,ITGAV,3685.0,Del0.8,0.29
X-3052,KCTD17,79734.0,MutNovel,"V237L,0.300"
X-3052,KDM5D,8284.0,Del0.8,0.25
X-3052,KIAA0125,9834.0,Amp5,7.46
X-3052,KRAS,3845.0,MutKnownFunctional,"G12D,0.551"
X-3052,KRT14,3861.0,MutNovel,"T308S,0.800"
X-3052,KRT14,3861.0,MutNovel,"E304D,0.800"
X-3052,KRT14,3861.0,MutNovel,"S241N,1.000"
X-3052,LGALS9C,654346.0,Del0.8,0.68
X-3052,LGR4,55366.0,Amp8,11.16
X-3052,LIN7C,55327.0,Amp8,11.16
X-3052,LOC100192426,100192426.0,Del0.8,0.24
X-3052,LOC100996693,,MutNovel,"V109S,0.600"
X-3052,LOC391322,391322.0,Del0.8,0.61
X-3052,LPGAT1,9926.0,MutNovel,"L353V,0.486"
X-3052,LSR,51599.0,MutNovel,"G518GR,0.845"
X-3052,LTBP3,4054.0,MutNovel,"R1281G,0.426"
X-3052,MFSD2A,84879.0,MutNovel,"T251M,0.750"
X-3052,MFSD2A,84879.0,MutNovel,"R471H,0.833"
X-3052,MLLT4,4301.0,MutNovel,"A452T,1.000"
X-3052,MPRIP,23164.0,MutNovel,"TS178T,0.586"
X-3052,MRPS9,64965.0,MutKnownFunctional,"W363*,0.510"
X-3052,MUC15,143662.0,Amp8,8.06
X-3052,MUC17,140453.0,MutNovel,"S861T,0.545"
X-3052,MUC17,140453.0,MutNovel,"R903Q,0.250"
X-3052,MUC17,140453.0,MutNovel,"V1403D,0.263"
X-3052,MUC17,140453.0,MutNovel,"G1688E,0.333"
X-3052,MVP,9961.0,MutNovel,"R179H,0.317"
X-3052,MXRA7,439921.0,MutNovel,"E36G,0.400"
X-3052,MYO10,4651.0,MutNovel,"R1900W,0.525"
X-3052,MYO7A,4647.0,MutKnownFunctional,"-1172,1.000"
X-3052,NCOR2,9612.0,MutNovel,"G1839GAAA,0.667"
X-3052,NCRNA00185,55410.0,Del0.8,0.25
X-3052,NFYA,4800.0,MutNovel,"M91V,1.000"
X-3052,NLGN4Y,22829.0,Del0.8,0.25
X-3052,NOMO2,283820.0,MutNovel,"E740D,0.273"
X-3052,NR1H2,7376.0,MutNovel,"-173Q,0.806"
X-3052,NUMA1,4926.0,MutNovel,"P1777L,0.506"
X-3052,NUP214,8021.0,MutNovel,"S483P,0.429"
X-3052,ORAI1,84876.0,MutNovel,"PP43-,0.750"
X-3052,PAPLN,89932.0,MutNovel,"S812T,0.667"
X-3052,PCDH11Y,83259.0,Del0.8,0.25
X-3052,PCDHB13,56123.0,MutNovel,"S534T,1.000"
X-3052,PCSK9,255738.0,MutNovel,"-15L,0.417"
X-3052,PDPR,55066.0,MutNovel,"H214Q,0.333"
X-3052,PDPR,55066.0,MutNovel,"V217G,0.286"
X-3052,PES1,23481.0,MutNovel,"R163Q,0.492"
X-3052,PHACTR4,65979.0,MutKnownFunctional,"-61?,0.429"
X-3052,PHF19,26147.0,MutNovel,"S161F,0.672"
X-3052,PHGR1,644844.0,MutNovel,"G48R,1.000"
X-3052,PHLDA1,22822.0,MutNovel,"QQ194Q,0.589"
X-3052,PRKY,5616.0,Del0.8,0.25
X-3052,PRY,9081.0,Del0.8,0.25
X-3052,PRY,9081.0,Del0.8,0.25
X-3052,PRY2,442862.0,Del0.8,0.25
X-3052,PRY2,442862.0,Del0.8,0.25
X-3052,PSMG4,389362.0,MutNovel,"L14V,1.000"
X-3052,PSPC1,55269.0,MutNovel,"M492V,0.306"
X-3052,PTPRM,5797.0,Del0.8,0.38
X-3052,RANBP6,26953.0,MutNovel,"L497Q,1.000"
X-3052,RASAL2,9462.0,MutNovel,"G713S,1.000"
X-3052,RBMY1A3P,286557.0,Del0.8,0.25
X-3052,RBMY1B,378948.0,Del0.8,0.25
X-3052,RBMY1B,378948.0,Del0.8,0.25
X-3052,RBMY1E,378950.0,Del0.8,0.25
X-3052,RBMY1E,378950.0,Del0.8,0.25
X-3052,RBMY1F,159163.0,Del0.8,0.25
X-3052,RBMY1F,159163.0,Del0.8,0.25
X-3052,RBMY1J,378951.0,Del0.8,0.25
X-3052,RBMY1J,378951.0,Del0.8,0.25
X-3052,RBMY2EP,159125.0,Del0.8,0.25
X-3052,RBMY2FP,159162.0,Del0.8,0.25
X-3052,RBMY3AP,64593.0,Del0.8,0.25
X-3052,RELL2,285613.0,MutNovel,"R177C,0.488"
X-3052,RPS4Y1,6192.0,Del0.8,0.25
X-3052,RPS4Y2,140032.0,Del0.8,0.25
X-3052,RPS6KA1,6195.0,MutNovel,"P11A,0.400"
X-3052,RYK,6259.0,MutNovel,"A50V,0.227"
X-3052,SBF1,6305.0,MutNovel,"T1625R,0.417"
X-3052,SDCBP2,27111.0,MutNovel,"R106Q,0.312"
X-3052,SEC23A,10484.0,MutNovel,"L525F,0.506"
X-3052,SERINC2,347735.0,MutNovel,"-373Q,0.789"
X-3052,SGK196,84197.0,MutNovel,"G245R,1.000"
X-3052,SLC22A4,6583.0,MutKnownFunctional,"-505?,0.357"
X-3052,SLC5A12,159963.0,Amp8,9.45
X-3052,SMG6,23293.0,MutNovel,"M939T,1.000"
X-3052,SRPRB,58477.0,MutNovel,"G13R,0.307"
X-3052,SRY,6736.0,Del0.8,0.25
X-3052,SSTR1,6751.0,MutNovel,"R169L,0.462"
X-3052,ST7,7982.0,MutNovel,"L376R,0.643"
X-3052,SULT1A1,6817.0,MutNovel,"S253F,0.593"
X-3052,SULT1C2,6819.0,MutNovel,"S119G,0.235"
X-3052,SYCP3,50511.0,Del0.8,0.63
X-3052,TBL1Y,90665.0,Del0.8,0.25
X-3052,TBP,6908.0,MutNovel,"-64Q,0.273"
X-3052,TCF20,6942.0,MutNovel,"SF246F,0.278"
X-3052,TGIF2LY,90655.0,Del0.8,0.25
X-3052,TMEM184A,202915.0,MutNovel,"G392GA,0.207"
X-3052,TMSB4Y,9087.0,Del0.8,0.25
X-3052,TP53,7157.0,MutKnownFunctional,"R273H,1.000"
X-3052,TSPY1,7258.0,Del0.8,0.25
X-3052,TSPY2,64591.0,Del0.8,0.25
X-3052,TSPY3,728137.0,Del0.8,0.25
X-3052,TSPY4,728395.0,Del0.8,0.25
X-3052,TSPY8,728403.0,Del0.8,0.25
X-3052,TSPYL1,7259.0,MutNovel,"V176VW,0.900"
X-3052,TTTY10,246119.0,Del0.8,0.25
X-3052,TTTY11,83866.0,Del0.8,0.25
X-3052,TTTY12,83867.0,Del0.8,0.25
X-3052,TTTY13,83868.0,Del0.8,0.25
X-3052,TTTY14,83869.0,Del0.8,0.25
X-3052,TTTY15,64595.0,Del0.8,0.25
X-3052,TTTY16,252948.0,Del0.8,0.25
X-3052,TTTY17A,252949.0,Del0.8,0.25
X-3052,TTTY17A,252949.0,Del0.8,0.25
X-3052,TTTY18,252950.0,Del0.8,0.25
X-3052,TTTY19,252952.0,Del0.8,0.25
X-3052,TTTY1B,100101116.0,Del0.8,0.25
X-3052,TTTY1B,100101116.0,Del0.8,0.25
X-3052,TTTY2,60439.0,Del0.8,0.25
X-3052,TTTY2,60439.0,Del0.8,0.25
X-3052,TTTY20,252951.0,Del0.8,0.25
X-3052,TTTY21,252953.0,Del0.8,0.25
X-3052,TTTY21,252953.0,Del0.8,0.25
X-3052,TTTY22,252954.0,Del0.8,0.25
X-3052,TTTY23,252955.0,Del0.8,0.25
X-3052,TTTY23,252955.0,Del0.8,0.25
X-3052,TTTY3,114760.0,Del0.8,0.25
X-3052,TTTY3,114760.0,Del0.8,0.25
X-3052,TTTY4,114761.0,Del0.8,0.25
X-3052,TTTY4,114761.0,Del0.8,0.25
X-3052,TTTY5,83863.0,Del0.8,0.25
X-3052,TTTY6,84672.0,Del0.8,0.25
X-3052,TTTY6,84672.0,Del0.8,0.25
X-3052,TTTY7,246122.0,Del0.8,0.25
X-3052,TTTY7,246122.0,Del0.8,0.25
X-3052,TTTY7B,100101120.0,Del0.8,0.25
X-3052,TTTY7B,100101120.0,Del0.8,0.25
X-3052,TTTY8,84673.0,Del0.8,0.25
X-3052,TTTY8,84673.0,Del0.8,0.25
X-3052,TTTY9A,83864.0,Del0.8,0.25
X-3052,TTTY9A,83864.0,Del0.8,0.25
X-3052,TUBA1A,7846.0,MutNovel,"L269E,0.571"
X-3052,TXLNG2P,246126.0,Del0.8,0.25
X-3052,UBB,7314.0,Del0.8,0.71
X-3052,UBQLN2,29978.0,MutNovel,"L253R,1.000"
X-3052,ULK2,9706.0,MutNovel,"A264E,1.000"
X-3052,UPK3BL,,MutNovel,"R192Q,0.409"
X-3052,USP32P2,220594.0,Del0.8,0.68
X-3052,USP36,57602.0,MutNovel,"KKK958K,0.256"
X-3052,USP7,7874.0,MutNovel,"V507F,0.550"
X-3052,USP9Y,8287.0,Del0.8,0.25
X-3052,UTY,7404.0,Del0.8,0.25
X-3052,VAMP5,10791.0,MutNovel,"V73M,0.459"
X-3052,VCY,9084.0,Del0.8,0.25
X-3052,VCY,9084.0,Del0.8,0.25
X-3052,WDR6,11180.0,MutNovel,"H92P,0.319"
X-3052,XKRY2,353515.0,Del0.8,0.25
X-3052,XKRY2,353515.0,Del0.8,0.25
X-3052,ZC3H3,23144.0,MutNovel,"G862R,0.483"
X-3052,ZDHHC11,79844.0,MutNovel,"A303D,1.000"
X-3052,ZFY,7544.0,Del0.8,0.25
X-3052,ZNF267,10308.0,MutNovel,"C469Y,0.500"
X-3052,ZNF292,23036.0,MutKnownFunctional,"R1107*,1.000"
X-3052,ZNF414,84330.0,MutNovel,"PAA355-,0.632"
X-3052,ZNF689,115509.0,MutNovel,"N295K,0.722"
X-3052,ZNF710,374655.0,MutNovel,"H173R,1.000"
X-3052,ZNRF2,223082.0,MutNovel,"D123DG,0.477"
X-3268,ACTL10,170487.0,MutNovel,"E177K,0.486"
X-3268,ADAM3A,1587.0,Del0.8,0.21
X-3268,ADAM5P,255926.0,Del0.8,0.56
X-3268,AHNAK,79026.0,MutNovel,"G3521C,0.492"
X-3268,AHNAK2,113146.0,MutNovel,"E3194Q,0.600"
X-3268,AHNAK2,113146.0,MutNovel,"A1650D,1.000"
X-3268,AHNAK2,113146.0,MutNovel,"E825D,0.358"
X-3268,AKR1C4,1109.0,MutNovel,"V150A,0.217"
X-3268,AKT1,207.0,MutNovel,"V337M,0.999"
X-3268,AMELY,266.0,Del0.8,0.21
X-3268,ANKFY1,51479.0,MutNovel,"S1141P,1.000"
X-3268,ANKMY1,51281.0,MutNovel,"T621A,0.379"
X-3268,ANKRD12,23253.0,MutNovel,"S1363T,0.500"
X-3268,AP5B1,,MutNovel,"S186R,0.431"
X-3268,ARHGAP23,57636.0,MutNovel,"T1471R,0.310"
X-3268,ARHGAP42,143872.0,MutNovel,"E616K,0.532"
X-3268,ARPC1A,10552.0,MutNovel,"I348V,0.503"
X-3268,ASF1B,55723.0,MutNovel,"R137W,0.651"
X-3268,ATG10,83734.0,Del0.8,0.74
X-3268,AXL,558.0,MutNovel,"I656N,0.500"
X-3268,BCORP1,286554.0,Del0.8,0.18
X-3268,BPY2B,442867.0,Del0.8,0.18
X-3268,BPY2B,442867.0,Del0.8,0.18
X-3268,C12orf60,144608.0,MutKnownFunctional,"-58?,0.375"
X-3268,C15orf61,145853.0,MutKnownFunctional,"-109,0.297"
X-3268,C19orf57,79173.0,MutNovel,"G436S,0.500"
X-3268,C9orf53,51198.0,Del0.8,0.19
X-3268,CABIN1,23523.0,MutNovel,"A2140T,0.414"
X-3268,CALCOCO2,10241.0,MutNovel,"E70K,1.000"
X-3268,CAMKMT,79823.0,MutNovel,"L317V,1.000"
X-3268,CAPN13,92291.0,MutNovel,"V425M,1.000"
X-3268,CDC45,8318.0,MutNovel,"Y47H,0.524"
X-3268,CDKN2A,1029.0,Del0.8,0.19
X-3268,CDKN2B,1030.0,Del0.8,0.31
X-3268,CDY1B,253175.0,Del0.8,0.18
X-3268,CDY1B,253175.0,Del0.8,0.18
X-3268,CDY2A,9426.0,Del0.8,0.21
X-3268,CDY2A,9426.0,Del0.8,0.21
X-3268,CDY2B,203611.0,Del0.8,0.21
X-3268,CDY2B,203611.0,Del0.8,0.21
X-3268,CLCN2,1181.0,MutNovel,"R558Q,0.547"
X-3268,CLDN2,9075.0,MutNovel,"G10A,1.000"
X-3268,CMIP,80790.0,MutNovel,"R408H,0.502"
X-3268,COL5A2,1290.0,MutNovel,"G964S,0.300"
X-3268,CPS1,1373.0,MutNovel,"E682K,0.264"
X-3268,CRIPAK,285464.0,MutNovel,"V164A,0.588"
X-3268,CSPG4P1Y,114758.0,Del0.8,0.18
X-3268,CSPG4P1Y,114758.0,Del0.8,0.18
X-3268,CTAGE1,64693.0,MutNovel,"D271N,1.000"
X-3268,CTSA,5476.0,MutNovel,"L29-,0.402"
X-3268,CYP3A4,1576.0,MutNovel,"I457V,0.375"
X-3268,DAZ1,1617.0,Del0.8,0.18
X-3268,DAZ2,57055.0,Del0.8,0.18
X-3268,DAZ3,57054.0,Del0.8,0.18
X-3268,DAZ3,57054.0,Del0.8,0.18
X-3268,DAZ4,57135.0,Del0.8,0.18
X-3268,DAZ4,57135.0,Del0.8,0.18
X-3268,DDX3Y,8653.0,Del0.8,0.21
X-3268,DENND4B,9909.0,MutNovel,"QQQ908-,0.293"
X-3268,DGKH,160851.0,MutNovel,"D319N,0.480"
X-3268,DHRSX,207063.0,MutNovel,"K707R,0.500"
X-3268,DMRTA1,63951.0,Del0.8,0.12
X-3268,DRD2,1813.0,MutNovel,"A64V,0.667"
X-3268,EIF1AY,9086.0,Del0.8,0.18
X-3268,EPB41,2035.0,MutNovel,"P433S,1.000"
X-3268,EPHA4,2043.0,MutNovel,"D773N,0.273"
X-3268,ERBB2IP,55914.0,MutNovel,"N1264I,1.000"
X-3268,ETV1,2115.0,MutNovel,"Q129H,0.350"
X-3268,FAM131A,131408.0,MutNovel,"R63S,0.545"
X-3268,FAM197Y2P,252946.0,Del0.8,0.21
X-3268,FAM21A,387680.0,Del0.8,0.45
X-3268,FAM41AY1,340618.0,Del0.8,0.21
X-3268,FAM41AY1,340618.0,Del0.8,0.21
X-3268,FAM91A1,157769.0,MutNovel,"D59V,0.450"
X-3268,FANCM,57697.0,MutNovel,"D1271V,1.000"
X-3268,FBRSL1,57666.0,MutNovel,"GLGRER882G,0.242"
X-3268,FBXO41,150726.0,MutNovel,"N388D,0.410"
X-3268,FBXW7,55294.0,MutNovel,"W365R,0.382"
X-3268,FCGBP,8857.0,MutNovel,"SA3300RS,0.333"
X-3268,FCGBP,8857.0,MutNovel,"R2925L,0.400"
X-3268,FGD2,221472.0,MutNovel,"E20D,1.000"
X-3268,FKBP15,23307.0,MutNovel,"Q997R,0.454"
X-3268,FLJ35282,441389.0,Del0.8,0.2
X-3268,FUT5,2527.0,MutNovel,"R340Q,1.000"
X-3268,GANC,2595.0,MutNovel,"T352R,0.353"
X-3268,GBE1,2632.0,MutNovel,"H676R,0.463"
X-3268,GIGYF2,26058.0,MutNovel,"PQ1231P,0.643"
X-3268,GJC2,57165.0,MutNovel,"T398I,0.562"
X-3268,GMPS,8833.0,MutNovel,"V247I,0.545"
X-3268,GOLGA2P2Y,84559.0,Del0.8,0.18
X-3268,GOLGA2P2Y,84559.0,Del0.8,0.18
X-3268,GSTM4,2948.0,Del0.8,0.73
X-3268,GSTT1,2952.0,Del0.8,0.77
X-3268,GTSE1,51512.0,MutNovel,"A416V,0.286"
X-3268,GYG2P1,352887.0,Del0.8,0.21
X-3268,H3F3A,3020.0,MutNovel,"I113V,0.483"
X-3268,HERC1,8925.0,MutNovel,"L1120V,0.571"
X-3268,HLA-B,3106.0,MutNovel,"H137L,1.000"
X-3268,HLA-DRB1,3123.0,MutNovel,"Q99E,0.857"
X-3268,HLA-DRB5,3127.0,MutNovel,"T210K,0.969"
X-3268,HLTF,6596.0,MutNovel,"D215E,0.592"
X-3268,HS1BP3,64342.0,MutNovel,"A50V,1.000"
X-3268,HSFY2,159119.0,Del0.8,0.08
X-3268,HSFY2,159119.0,Del0.8,0.21
X-3268,HYAL2,8692.0,MutNovel,"Q437R,0.534"
X-3268,IGLL1,3543.0,MutNovel,"H198Q,1.000"
X-3268,IL28B,282617.0,MutNovel,"K70R,1.000"
X-3268,KANSL1,,MutNovel,"I18M,0.309"
X-3268,KAZN,23254.0,MutNovel,"V775M,0.417"
X-3268,KBTBD11,9920.0,MutNovel,"P34T,0.581"
X-3268,KDM5D,8284.0,Del0.8,0.18
X-3268,KIAA0125,9834.0,Amp5,7.31
X-3268,KIAA1244,57221.0,Del0.8,0.79
X-3268,KIAA1377,57562.0,MutNovel,"K501-,0.346"
X-3268,KRAS,3845.0,MutKnownFunctional,"G12V,0.525"
X-3268,KRT13,3860.0,MutNovel,"D131E,1.000"
X-3268,KRT13,3860.0,MutNovel,"E120D,0.857"
X-3268,KTI12,112970.0,MutNovel,"S269N,0.512"
X-3268,LARP6,55323.0,MutNovel,"R389C,0.386"
X-3268,LEMD2,221496.0,MutNovel,"P192S,1.000"
X-3268,LEPRE1,64175.0,MutNovel,"R115S,0.548"
X-3268,LMBR1,64327.0,MutNovel,"G3V,0.551"
X-3268,LMTK2,22853.0,MutNovel,"A1242V,0.495"
X-3268,LOC100287290,,MutNovel,"T7A,1.000"
X-3268,LOC391322,391322.0,Del0.8,0.77
X-3268,LOC728888,,MutNovel,"A1078C,0.364"
X-3268,LPHN1,22859.0,MutNovel,"R465W,0.568"
X-3268,LRRC37A,9884.0,MutNovel,"T1055I,1.000"
X-3268,MAGEB2,4113.0,MutKnownFunctional,"R19*,1.000"
X-3268,MAGI1,9223.0,MutNovel,"Q421HR,0.235"
X-3268,MAMDC4,158056.0,MutNovel,"L402R,0.793"
X-3268,MAMDC4,158056.0,MutNovel,"G843C,0.317"
X-3268,MAP3K4,4216.0,MutNovel,"PA1189P,0.500"
X-3268,MATR3,9782.0,MutNovel,"Q492H,0.996"
X-3268,MDH2,4191.0,MutNovel,"F218I,0.543"
X-3268,MEF2A,4205.0,MutNovel,"Q412-,0.276"
X-3268,MLIP,90523.0,Del0.8,0.78
X-3268,MLL,4297.0,MutNovel,"P3115L,0.650"
X-3268,MLL4,9757.0,MutNovel,"A2297N,0.541"
X-3268,MLYCD,23417.0,MutNovel,"R11G,0.407"
X-3268,MPZL3,196264.0,MutNovel,"R218S,0.452"
X-3268,MTAP,4507.0,Del0.8,0.65
X-3268,MUC4,4585.0,MutNovel,"P3442A,1.000"
X-3268,MUC4,4585.0,MutNovel,"I3017V,0.600"
X-3268,MUC4,4585.0,MutNovel,"P3010S,0.500"
X-3268,MUC4,4585.0,MutNovel,"P2562S,0.216"
X-3268,MUC4,4585.0,MutNovel,"L1410H,0.400"
X-3268,MUC5B,727897.0,MutNovel,"A3359P,0.340"
X-3268,MYO18A,399687.0,MutNovel,"M1507L,0.407"
X-3268,NBPF10,100132406.0,MutNovel,"G116W,0.385"
X-3268,NBPF10,100132406.0,MutNovel,"I1165F,0.387"
X-3268,NBPF14,25832.0,MutNovel,"G491E,0.545"
X-3268,NCF2,4688.0,MutNovel,"R376Q,0.583"
X-3268,NCOA3,8202.0,MutNovel,"Q1255-,0.308"
X-3268,NCOR2,9612.0,MutNovel,"G1839GAAA,0.545"
X-3268,NCRNA00185,55410.0,Del0.8,0.18
X-3268,NLGN4Y,22829.0,Del0.8,0.21
X-3268,NPIPL3,23117.0,MutNovel,"G587R,0.400"
X-3268,NR1H2,7376.0,MutNovel,"-173Q,0.821"
X-3268,NUP62,23636.0,MutNovel,"D441V,0.526"
X-3268,OR4F5,79501.0,Del0.8,0.77
X-3268,ORAI1,84876.0,MutNovel,"PP43-,0.650"
X-3268,PCDH11Y,83259.0,Del0.8,0.21
X-3268,PELI1,57162.0,MutNovel,"V299I,0.502"
X-3268,PEX5,5830.0,MutNovel,"R561C,0.504"
X-3268,PHF20,51230.0,MutNovel,"E484D,0.435"
X-3268,PHLDA1,22822.0,MutNovel,"QQ194Q,0.544"
X-3268,PLEKHG2,64857.0,MutNovel,"N921S,0.500"
X-3268,PRKY,5616.0,Del0.8,0.21
X-3268,PRY,9081.0,Del0.8,0.18
X-3268,PRY,9081.0,Del0.8,0.18
X-3268,PRY2,442862.0,Del0.8,0.18
X-3268,PRY2,442862.0,Del0.8,0.18
X-3268,PSMB6,5694.0,MutNovel,"T36A,1.000"
X-3268,PSORS1C1,170679.0,MutKnownFunctional,"-38?,0.933"
X-3268,PURA,5813.0,MutNovel,"Q69H,1.000"
X-3268,RBMY1A3P,286557.0,Del0.8,0.21
X-3268,RBMY1B,378948.0,Del0.8,0.18
X-3268,RBMY1B,378948.0,Del0.8,0.18
X-3268,RBMY1E,378950.0,Del0.8,0.18
X-3268,RBMY1E,378950.0,Del0.8,0.18
X-3268,RBMY1F,159163.0,Del0.8,0.18
X-3268,RBMY1F,159163.0,Del0.8,0.18
X-3268,RBMY1J,378951.0,Del0.8,0.18
X-3268,RBMY1J,378951.0,Del0.8,0.18
X-3268,RBMY2EP,159125.0,Del0.8,0.18
X-3268,RBMY2FP,159162.0,Del0.8,0.18
X-3268,RBMY3AP,64593.0,Del0.8,0.21
X-3268,RIN3,79890.0,MutNovel,"G967-,0.581"
X-3268,RNF223,401934.0,MutNovel,"V73I,0.417"
X-3268,RNF43,54894.0,MutKnownFunctional,"-780F?,0.900"
X-3268,RPS4Y1,6192.0,Del0.8,0.21
X-3268,RPS4Y2,140032.0,Del0.8,0.18
X-3268,SEH1L,81929.0,MutNovel,"P384A,0.233"
X-3268,SEH1L,81929.0,MutNovel,"V387L,0.250"
X-3268,SERHL2,253190.0,MutNovel,"H168Q,0.500"
X-3268,SERINC2,347735.0,MutNovel,"-373Q,0.745"
X-3268,SLC1A3,6507.0,MutNovel,"Y71C,0.611"
X-3268,SLC9A3,6550.0,MutNovel,"E830D,0.571"
X-3268,SMAD4,4089.0,MutKnownFunctional,"-237?,0.938"
X-3268,SMARCA4,6597.0,MutNovel,"D1127Y,1.000"
X-3268,SNPH,9751.0,MutNovel,"S397L,0.462"
X-3268,SOCS6,9306.0,MutNovel,"G236E,1.000"
X-3268,SOX7,83595.0,MutNovel,"G188S,0.353"
X-3268,SPAG8,26206.0,MutNovel,"GSGPG182G,0.545"
X-3268,SPHK2,56848.0,MutNovel,"R227W,0.493"
X-3268,SPON1,10418.0,MutNovel,"P38S,1.000"
X-3268,SRY,6736.0,Del0.8,0.21
X-3268,STAT3,6774.0,MutNovel,"G558A,0.523"
X-3268,STK36,27148.0,MutNovel,"H1135R,0.547"
X-3268,STX19,415117.0,MutNovel,"L87V,0.531"
X-3268,TADA2B,93624.0,MutNovel,"A95V,0.479"
X-3268,TAF2,6873.0,MutNovel,"N108S,0.522"
X-3268,TBL1Y,90665.0,Del0.8,0.21
X-3268,TEKT4,150483.0,MutNovel,"E385Q,1.000"
X-3268,TEKT4,150483.0,MutNovel,"R424C,1.000"
X-3268,TFB2M,64216.0,MutNovel,"K386R,0.564"
X-3268,TGIF2LY,90655.0,Del0.8,0.21
X-3268,TLK2,11011.0,MutNovel,"R262Q,0.266"
X-3268,TMEM184A,202915.0,MutNovel,"G392GA,0.236"
X-3268,TMSB4Y,9087.0,Del0.8,0.21
X-3268,TOR4A,,MutNovel,"R246H,0.467"
X-3268,TP53,7157.0,MutLikelyFunctional,"Y163C,0.992"
X-3268,TRIOBP,11078.0,MutNovel,"T715I,0.333"
X-3268,TSPY1,7258.0,Del0.8,0.21
X-3268,TSPY2,64591.0,Del0.8,0.21
X-3268,TSPY3,728137.0,Del0.8,0.21
X-3268,TSPY4,728395.0,Del0.8,0.21
X-3268,TSPY8,728403.0,Del0.8,0.21
X-3268,TSPYL1,7259.0,MutNovel,"V176VW,0.869"
X-3268,TTTY10,246119.0,Del0.8,0.18
X-3268,TTTY11,83866.0,Del0.8,0.21
X-3268,TTTY12,83867.0,Del0.8,0.21
X-3268,TTTY13,83868.0,Del0.8,0.18
X-3268,TTTY14,83869.0,Del0.8,0.18
X-3268,TTTY15,64595.0,Del0.8,0.21
X-3268,TTTY16,252948.0,Del0.8,0.21
X-3268,TTTY17A,252949.0,Del0.8,0.18
X-3268,TTTY17A,252949.0,Del0.8,0.18
X-3268,TTTY18,252950.0,Del0.8,0.21
X-3268,TTTY19,252952.0,Del0.8,0.21
X-3268,TTTY1B,100101116.0,Del0.8,0.21
X-3268,TTTY1B,100101116.0,Del0.8,0.21
X-3268,TTTY2,60439.0,Del0.8,0.21
X-3268,TTTY2,60439.0,Del0.8,0.21
X-3268,TTTY20,252951.0,Del0.8,0.21
X-3268,TTTY21,252953.0,Del0.8,0.21
X-3268,TTTY21,252953.0,Del0.8,0.21
X-3268,TTTY22,252954.0,Del0.8,0.21
X-3268,TTTY23,252955.0,Del0.8,0.21
X-3268,TTTY23,252955.0,Del0.8,0.21
X-3268,TTTY3,114760.0,Del0.8,0.18
X-3268,TTTY3,114760.0,Del0.8,0.18
X-3268,TTTY4,114761.0,Del0.8,0.18
X-3268,TTTY4,114761.0,Del0.8,0.18
X-3268,TTTY5,83863.0,Del0.8,0.18
X-3268,TTTY6,84672.0,Del0.8,0.18
X-3268,TTTY6,84672.0,Del0.8,0.18
X-3268,TTTY7,246122.0,Del0.8,0.21
X-3268,TTTY7,246122.0,Del0.8,0.21
X-3268,TTTY7B,100101120.0,Del0.8,0.21
X-3268,TTTY7B,100101120.0,Del0.8,0.21
X-3268,TTTY8,84673.0,Del0.8,0.21
X-3268,TTTY8,84673.0,Del0.8,0.21
X-3268,TTTY9A,83864.0,Del0.8,0.08
X-3268,TTTY9A,83864.0,Del0.8,0.21
X-3268,TUBB2A,7280.0,MutNovel,"I381M,0.800"
X-3268,TUBB8,347688.0,MutNovel,"G109V,1.000"
X-3268,TXLNG2P,246126.0,Del0.8,0.18
X-3268,TXNRD2,10587.0,MutNovel,"D257N,0.355"
X-3268,UBQLN4,56893.0,MutNovel,"A32V,0.532"
X-3268,UNKL,64718.0,MutNovel,"G456S,0.333"
X-3268,URB1,9875.0,MutNovel,"P2165L,1.000"
X-3268,USP9Y,8287.0,Del0.8,0.21
X-3268,UTY,7404.0,Del0.8,0.21
X-3268,VCY,9084.0,Del0.8,0.21
X-3268,VCY,9084.0,Del0.8,0.21
X-3268,WASH1,100287171.0,MutNovel,"E132L,0.273"
X-3268,WDR45,11152.0,MutKnownFunctional,"-350,0.883"
X-3268,XKRY2,353515.0,Del0.8,0.21
X-3268,XKRY2,353515.0,Del0.8,0.21
X-3268,ZC2HC1A,,MutNovel,"C316S,0.608"
X-3268,ZC3H8,84524.0,MutKnownFunctional,"-11?,0.309"
X-3268,ZFHX2,85446.0,MutNovel,"P1855S,1.000"
X-3268,ZFY,7544.0,Del0.8,0.21
X-3268,ZNF197,10168.0,MutNovel,"P188S,0.537"
X-3268,ZNF219,51222.0,MutNovel,"QPP233P,0.709"
X-3268,ZNF229,7772.0,MutKnownFunctional,"-682?,0.674"
X-3268,ZNF445,353274.0,MutNovel,"A958T,0.360"
X-3268,ZNF446,55663.0,MutNovel,"R352Q,0.365"
X-3268,ZNF772,400720.0,MutNovel,"A4GP,0.333"
X-3268,ZNF814,730051.0,MutNovel,"I207F,0.571"
X-3268,ZNF888,,MutNovel,"E603D,0.508"
X-3268,ZSCAN22,342945.0,MutNovel,"E349D,0.556"
X-3711,ABHD12B,145447.0,Amp5,6.23
X-3711,ABHD14B,84836.0,MutKnownFunctional,"-105?,0.435"
X-3711,ACTR10,55860.0,Amp5,6.23
X-3711,ADH1B,125.0,MutNovel,"R272Q,0.714"
X-3711,ADRBK1,156.0,MutNovel,"R454G,0.549"
X-3711,AKAP13,11214.0,MutNovel,"E2629V,0.434"
X-3711,AKR1B15,441282.0,MutNovel,"N191S,1.000"
X-3711,AKR1B15,441282.0,MutNovel,"E252K,1.000"
X-3711,AKT2,208.0,Amp8,11.39
X-3711,ALG10,84920.0,Amp5,5.28
X-3711,AMELY,266.0,Del0.8,0.63
X-3711,ANKRD29,147463.0,Amp5,6.92
X-3711,ANKS3,124401.0,MutNovel,"SS334S,0.274"
X-3711,ANO1,55107.0,Amp5,5.06
X-3711,AQP12B,653437.0,MutNovel,"T129M,1.000"
X-3711,ARF6,382.0,Amp5,6.23
X-3711,ARID4A,5926.0,Amp5,6.23
X-3711,ATG14,22863.0,Amp5,6.23
X-3711,ATL1,51062.0,Amp5,6.23
X-3711,ATP5S,27109.0,Amp5,6.23
X-3711,ATXN2L,11273.0,MutNovel,"V1050L,0.255"
X-3711,BCL6,604.0,MutNovel,"A229S,0.356"
X-3711,BCORP1,286554.0,Del0.8,0.63
X-3711,BEST3,144453.0,Amp8,8.57
X-3711,BLK,640.0,Amp8,10.13
X-3711,BMP4,652.0,Amp5,6.23
X-3711,BPY2B,442867.0,Del0.8,0.63
X-3711,BPY2B,442867.0,Del0.8,0.63
X-3711,BTNL3,10917.0,MutNovel,"H311G,0.231"
X-3711,C14orf101,54916.0,Amp5,6.23
X-3711,C14orf105,55195.0,Amp5,6.23
X-3711,C14orf149,112849.0,Amp5,6.23
X-3711,C14orf166,51637.0,Amp5,6.23
X-3711,C14orf182,283551.0,Amp5,6.23
X-3711,C14orf183,196913.0,Amp5,6.23
X-3711,C14orf37,145407.0,Amp5,6.23
X-3711,C14orf38,729665.0,Amp5,6.23
X-3711,C14orf39,317761.0,Amp5,6.23
X-3711,C18orf8,29919.0,Amp5,5.06
X-3711,C19orf47,126526.0,Amp8,11.39
X-3711,C8orf12,83656.0,Amp5,6.92
X-3711,CABLES1,91768.0,Amp5,5.06
X-3711,CABYR,26256.0,Amp5,6.92
X-3711,CAPN12,147968.0,Amp5,7.41
X-3711,CBWD6,644019.0,MutNovel,"D132Y,1.000"
X-3711,CCND1,595.0,Amp5,5.06
X-3711,CCT2,10576.0,Amp8,8.57
X-3711,CDC42EP4,23580.0,MutNovel,"E63K,1.000"
X-3711,CDH3,1001.0,MutNovel,"G285V,0.433"
X-3711,CDK13,8621.0,MutNovel,"K104R,0.267"
X-3711,CDKL1,8814.0,Amp5,6.23
X-3711,CDKN3,1033.0,Amp5,6.23
X-3711,CDY1B,253175.0,Del0.8,0.63
X-3711,CDY1B,253175.0,Del0.8,0.63
X-3711,CDY2A,9426.0,Del0.8,0.63
X-3711,CDY2A,9426.0,Del0.8,0.63
X-3711,CDY2B,203611.0,Del0.8,0.63
X-3711,CDY2B,203611.0,Del0.8,0.63
X-3711,CEBPA,1050.0,MutNovel,"-197TR,0.244"
X-3711,CEBPZ,10153.0,MutNovel,"M534R,0.530"
X-3711,CENPM,79019.0,MutNovel,"V70L,0.532"
X-3711,CGRRF1,10668.0,Amp5,6.23
X-3711,CHP1,,MutNovel,"D164N,1.000"
X-3711,CLC,1178.0,Amp8,11.39
X-3711,CLEC14A,161198.0,Amp8,11
X-3711,CNIH,10175.0,Amp5,6.23
X-3711,CNTD2,79935.0,Amp8,11.39
X-3711,CPM,1368.0,Amp5,5.62
X-3711,CPSF6,11052.0,Amp8,8.57
X-3711,CRIPAK,285464.0,MutNovel,"M122T,0.217"
X-3711,CRIPAK,285464.0,MutNovel,"V164A,0.462"
X-3711,CSPG4P1Y,114758.0,Del0.8,0.63
X-3711,CSPG4P1Y,114758.0,Del0.8,0.63
X-3711,CTAGE1,64693.0,Amp5,5.06
X-3711,CTSB,1508.0,Amp8,14.83
X-3711,CTTN,2017.0,Amp5,5.06
X-3711,CXXC5,51523.0,MutNovel,"P56H,0.500"
X-3711,DAAM1,23002.0,Amp5,6.23
X-3711,DACT1,51339.0,Amp5,6.23
X-3711,DAZ1,1617.0,Del0.8,0.63
X-3711,DAZ2,57055.0,Del0.8,0.63
X-3711,DAZ3,57054.0,Del0.8,0.63
X-3711,DAZ3,57054.0,Del0.8,0.63
X-3711,DAZ4,57135.0,Del0.8,0.63
X-3711,DAZ4,57135.0,Del0.8,0.63
X-3711,DDHD1,80821.0,Amp5,6.23
X-3711,DDX28,55794.0,MutNovel,"G336V,0.478"
X-3711,DDX3Y,8653.0,Del0.8,0.63
X-3711,DDX60,55601.0,MutNovel,"S28R,0.625"
X-3711,DEFB103A,414325.0,Amp5,5.5
X-3711,DEFB103A,414325.0,Amp5,5.5
X-3711,DEFB104B,503618.0,Amp5,5.5
X-3711,DEFB104B,503618.0,Amp5,5.5
X-3711,DEFB105B,504180.0,Amp5,5.5
X-3711,DEFB105B,504180.0,Amp5,5.5
X-3711,DEFB106B,503841.0,Amp5,5.5
X-3711,DEFB106B,503841.0,Amp5,5.5
X-3711,DEFB107A,245910.0,Amp5,5.5
X-3711,DEFB107A,245910.0,Amp5,5.5
X-3711,DEFB109P1,245912.0,Amp8,8.69
X-3711,DEFB130,245940.0,Amp8,19.7
X-3711,DEFB134,613211.0,Amp8,14.83
X-3711,DEFB135,613209.0,Amp8,14.83
X-3711,DEFB136,613210.0,Amp8,14.83
X-3711,DEFB4A,1673.0,Amp5,5.5
X-3711,DEFB4B,100289462.0,Amp5,5.5
X-3711,DHCR7,1717.0,MutNovel,"H119L,0.744"
X-3711,DHCR7,1717.0,Amp5,5.06
X-3711,DHRS7,51635.0,Amp5,6.23
X-3711,DHX16,8449.0,MutNovel,"P8S,0.567"
X-3711,DLGAP5,9787.0,Amp5,6.23
X-3711,DLL3,10683.0,Amp8,11.39
X-3711,DNAAF2,55172.0,MutNovel,"R542W,0.834"
X-3711,DNAAF2,55172.0,Amp5,6.23
X-3711,DNAJC21,134218.0,MutNovel,"R573L,0.692"
X-3711,DYRK1B,9149.0,Amp8,11.39
X-3711,ECH1,1891.0,Amp5,7.41
X-3711,EDEM3,80267.0,MutNovel,"A17G,0.507"
X-3711,EEPD1,80820.0,MutKnownFunctional,"E167*,0.368"
X-3711,EID2,163126.0,Amp8,11.39
X-3711,EID2B,126272.0,Amp8,11.39
X-3711,EIF1AY,9086.0,Del0.8,0.63
X-3711,EPB41L5,57669.0,MutNovel,"C385R,0.559"
X-3711,ERBB2IP,55914.0,MutNovel,"G1252V,0.250"
X-3711,ERO1L,30001.0,Amp5,6.23
X-3711,EXOC5,10640.0,Amp5,6.23
X-3711,FADD,8772.0,Amp5,5.06
X-3711,FAM153A,285596.0,MutNovel,"V186G,1.000"
X-3711,FAM167A,83648.0,Amp5,6.92
X-3711,FAM197Y2P,252946.0,Del0.8,0.63
X-3711,FAM208A,23272.0,MutNovel,"G1361R,0.627"
X-3711,FAM41AY1,340618.0,Del0.8,0.63
X-3711,FAM41AY1,340618.0,Del0.8,0.63
X-3711,FAM66A,100133172.0,Amp8,13.09
X-3711,FAM86B2,653333.0,Amp8,8.69
X-3711,FBL,2091.0,Amp8,11.39
X-3711,FBXO17,115290.0,Amp8,11.39
X-3711,FBXO27,126433.0,Amp8,11.39
X-3711,FBXO34,55030.0,Amp5,6.23
X-3711,FCGBP,8857.0,MutNovel,"R3526G,0.400"
X-3711,FCGBP,8857.0,MutNovel,"Q2719H,1.000"
X-3711,FCGBP,8857.0,MutNovel,"A2715V,1.000"
X-3711,FCGBP,8857.0,MutNovel,"D2025N,0.214"
X-3711,FCGBP,8857.0,Amp8,11.39
X-3711,FDFT1,2222.0,Amp8,14.83
X-3711,FERMT2,10979.0,Amp5,6.23
X-3711,FGF19,9965.0,Amp5,5.06
X-3711,FGF3,2248.0,Amp5,5.06
X-3711,FGF4,2249.0,Amp5,5.06
X-3711,FLJ22447,400221.0,Amp5,6.23
X-3711,FLJ31306,379025.0,Amp5,6.23
X-3711,FLJ42102,399923.0,Amp5,5.06
X-3711,FLJ43390,646113.0,Amp5,6.23
X-3711,FOXA1,3169.0,Amp8,11
X-3711,FRMD6,122786.0,Amp5,6.23
X-3711,FRMD6-AS1,145438.0,Amp5,6.23
X-3711,FRS2,10818.0,Amp8,8.57
X-3711,GALNS,2588.0,MutNovel,"P195R,0.588"
X-3711,GATA4,2626.0,Amp8,14.83
X-3711,GATA6,2627.0,Amp5,5.06
X-3711,GCH1,2643.0,Amp5,6.23
X-3711,GGT7,2686.0,MutNovel,"F393L,0.361"
X-3711,GIGYF2,26058.0,MutNovel,"QQQQLPQQ1226-,0.242"
X-3711,GIMAP2,26157.0,MutKnownFunctional,"-155,0.353"
X-3711,GINS4,84296.0,MutNovel,"G14R,0.543"
X-3711,GIT1,28964.0,MutNovel,"A16G,0.227"
X-3711,GMFB,2764.0,Amp5,6.23
X-3711,GMFG,9535.0,Amp8,11.39
X-3711,GNG2,54331.0,Amp5,6.23
X-3711,GNPNAT1,64841.0,Amp5,6.23
X-3711,GOLGA2P2Y,84559.0,Del0.8,0.63
X-3711,GOLGA2P2Y,84559.0,Del0.8,0.63
X-3711,GPHB5,122876.0,Amp5,6.23
X-3711,GPR135,64582.0,Amp5,6.23
X-3711,GPR137C,283554.0,Amp5,6.23
X-3711,GYG2P1,352887.0,Del0.8,0.63
X-3711,HIF1A,3091.0,Amp5,6.23
X-3711,HIF1A-AS2,100750247.0,Amp5,6.23
X-3711,HIPK4,147746.0,Amp8,11.39
X-3711,HLA-G,3135.0,MutNovel,"V255M,1.000"
X-3711,HLA-G,3135.0,MutKnownFunctional,"-278,0.241"
X-3711,HNRNPL,3191.0,Amp5,7.41
X-3711,HSFY2,159119.0,Del0.8,0.63
X-3711,HSFY2,159119.0,Del0.8,0.63
X-3711,IL1RL2,8808.0,MutNovel,"A344T,1.000"
X-3711,IL28A,282616.0,Amp8,11.39
X-3711,IL28B,282617.0,Amp8,11.39
X-3711,IL29,282618.0,Amp8,11.39
X-3711,IP6K2,51447.0,MutNovel,"S18F,0.571"
X-3711,IQGAP3,128239.0,MutNovel,"R495H,0.293"
X-3711,IRS1,3667.0,MutNovel,"R873Q,0.476"
X-3711,IRS2,8660.0,MutNovel,"G134D,1.000"
X-3711,JKAMP,51528.0,Amp5,6.23
X-3711,JMJD4,65094.0,MutNovel,"E305K,0.690"
X-3711,KCNH5,27133.0,Amp5,6.23
X-3711,KDM5D,8284.0,Del0.8,0.63
X-3711,KIAA0195,9772.0,MutNovel,"R388K,1.000"
X-3711,KIAA0586,9786.0,Amp5,6.23
X-3711,KIAA1217,56243.0,MutNovel,"ME840K,0.964"
X-3711,KIAA1407,57577.0,MutKnownFunctional,"-415,0.833"
X-3711,KIT,3815.0,MutNovel,"M552T,0.375"
X-3711,KLHDC1,122773.0,Amp5,6.23
X-3711,KLHDC2,23588.0,Amp5,6.23
X-3711,KLHL17,339451.0,MutNovel,"T499A,0.712"
X-3711,KLHL2,11275.0,MutNovel,"E92G,0.531"
X-3711,KRAS,3845.0,MutKnownFunctional,"G12V,0.498"
X-3711,KREMEN1,83999.0,MutNovel,"S257R,0.474"
X-3711,KTN1,3895.0,Amp5,6.23
X-3711,KTN1-AS1,100129075.0,Amp5,6.23
X-3711,L2HGDH,79944.0,Amp5,6.23
X-3711,LAMA3,3909.0,Amp5,6.92
X-3711,LAMA5,3911.0,MutNovel,"A10S,0.688"
X-3711,LCE3C,353144.0,Del0.8,0.76
X-3711,LEUTX,342900.0,Amp8,11.39
X-3711,LGALS13,29124.0,Amp8,11.39
X-3711,LGALS14,56891.0,Amp8,11.39
X-3711,LGALS16,148003.0,Amp8,11.39
X-3711,LGALS17A,400696.0,Amp8,11.39
X-3711,LGALS3,3958.0,Amp5,6.23
X-3711,LGALS4,3960.0,Amp5,7.41
X-3711,LGALS7,3963.0,Amp5,7.41
X-3711,LGALS7B,653499.0,Amp5,7.41
X-3711,LINC00208,83655.0,Amp8,14.83
X-3711,LINC00520,645687.0,Amp5,6.23
X-3711,LIPT2,387787.0,MutNovel,"I36T,0.639"
X-3711,LOC100129794,100129794.0,Amp8,11
X-3711,LOC100129935,100129935.0,Amp8,11.39
X-3711,LOC100132396,100132396.0,Amp5,5.5
X-3711,LOC100506433,100506433.0,Amp5,6.23
X-3711,LOC100506990,100506990.0,Amp5,5.86
X-3711,LOC100996482,,MutNovel,"D131N,1.000"
X-3711,LOC283547,283547.0,Amp8,11
X-3711,LOC283553,283553.0,Amp5,6.23
X-3711,LOC642441,,MutNovel,"R108G,1.000"
X-3711,LOC643650,643650.0,Del0.8,0.77
X-3711,LOC643669,643669.0,Amp8,11.39
X-3711,LOC728643,728643.0,Del0.8,0.77
X-3711,LRFN1,57622.0,Amp8,11.39
X-3711,LRR1,122769.0,Amp5,6.23
X-3711,LRRC10,376132.0,Amp8,8.57
X-3711,LSR,51599.0,MutNovel,"G518GR,0.838"
X-3711,LYZ,4069.0,Amp8,8.57
X-3711,MAP3K1,4214.0,MutNovel,"L795Q,0.393"
X-3711,MAP3K10,4294.0,Amp8,11.39
X-3711,MAP4K5,11183.0,Amp5,6.23
X-3711,MAPK1IP1L,93487.0,Amp5,6.23
X-3711,MBIP,51562.0,Amp5,6.68
X-3711,MCM9,254394.0,MutNovel,"L639V,1.000"
X-3711,MDGA2,161357.0,Amp5,6.23
X-3711,MED29,55588.0,Amp8,11.39
X-3711,MEF2A,4205.0,MutNovel,"QQ412-,0.522"
X-3711,METTL21D,79609.0,Amp5,6.23
X-3711,MGAT2,4247.0,Amp5,6.23
X-3711,MIB1,57534.0,Amp8,8.22
X-3711,MIDN,90007.0,MutNovel,"C20G,1.000"
X-3711,MIPOL1,145282.0,Amp8,11
X-3711,MIR1-2,406905.0,Amp8,8.22
X-3711,MIR1279,100302182.0,Amp8,8.57
X-3711,MIR133A1,406922.0,Amp8,8.22
X-3711,MIR3664,100500844.0,Amp5,5.06
X-3711,MIR3913-1,100500903.0,Amp8,8.57
X-3711,MIR3913-2,100500868.0,Amp8,8.57
X-3711,MIR4308,100422984.0,Amp5,6.23
X-3711,MIR4503,100616280.0,Amp8,11
X-3711,MIR4530,100616163.0,Amp8,11.39
X-3711,MIR4741,100616139.0,Amp5,5.06
X-3711,MIR548K,100313770.0,Amp5,5.06
X-3711,MIR548Y,100500919.0,Amp5,6.23
X-3711,MIR598,693183.0,Amp5,6.92
X-3711,MIR641,693226.0,Amp8,11.39
X-3711,MLL2,8085.0,MutNovel,"A5470P,1.000"
X-3711,MNAT1,4331.0,Amp5,6.23
X-3711,MNT,4335.0,MutNovel,"P414T,0.400"
X-3711,MNX1,3110.0,MutNovel,"D10N,0.500"
X-3711,MRGPRD,116512.0,Amp5,5.06
X-3711,MRGPRF,116535.0,Amp5,5.06
X-3711,MRPS12,6183.0,Amp8,11.39
X-3711,MTMR9,66036.0,Amp5,6.92
X-3711,MTSS1L,92154.0,MutNovel,"T707M,0.667"
X-3711,MUC17,140453.0,MutNovel,"I2780M,0.583"
X-3711,MYCBP2,23077.0,MutNovel,"G4412S,0.257"
X-3711,MYEOV,26579.0,Amp5,5.06
X-3711,MYH9,4627.0,MutNovel,"K995E,0.566"
X-3711,NAA30,122830.0,Amp5,6.23
X-3711,NAT8,9027.0,MutNovel,"S107P,1.000"
X-3711,NCCRP1,342897.0,Amp8,11.39
X-3711,NCOR2,9612.0,MutNovel,"G1839GAAA,0.415"
X-3711,NCRNA00185,55410.0,Del0.8,0.63
X-3711,NEIL2,252969.0,Amp8,14.83
X-3711,NEMF,9147.0,Amp5,6.23
X-3711,NFE2L3,9603.0,MutNovel,"A149V,0.433"
X-3711,NFKBIB,4793.0,Amp8,11.39
X-3711,NFKBIE,4794.0,MutNovel,"R235L,0.593"
X-3711,NID2,22795.0,Amp5,6.23
X-3711,NIN,51199.0,Amp5,6.23
X-3711,NKX2-1,7080.0,Amp5,6.68
X-3711,NKX2-8,26257.0,Amp5,6.68
X-3711,NLGN4Y,22829.0,Del0.8,0.63
X-3711,NPC1,4864.0,Amp5,5.9
X-3711,NPIPL3,23117.0,MutNovel,"P803A,0.364"
X-3711,NPIPL3,23117.0,MutKnownFunctional,"Y613*,0.667"
X-3711,OPA1,4976.0,MutNovel,"R940C,0.650"
X-3711,ORAI1,84876.0,MutNovel,"PP43-,0.800"
X-3711,ORAOV1,220064.0,Amp5,5.06
X-3711,OTX2,5015.0,Amp5,6.23
X-3711,PAF1,54623.0,Amp8,11.39
X-3711,PAK4,10298.0,Amp8,11.39
X-3711,PAPL,390928.0,Amp8,11.39
X-3711,PARP8,79668.0,MutNovel,"L541V,0.519"
X-3711,PAX9,5083.0,Amp8,11
X-3711,PCDH11Y,83259.0,Del0.8,0.63
X-3711,PDE11A,50940.0,MutNovel,"I608T,0.667"
X-3711,PDP2,57546.0,MutNovel,"T497A,0.333"
X-3711,PELI2,57161.0,Amp5,6.23
X-3711,PHF20,51230.0,MutNovel,"R647C,0.438"
X-3711,PHLDA1,22822.0,MutNovel,"QQ194Q,0.476"
X-3711,PKHD1,5314.0,MutNovel,"V847M,0.667"
X-3711,PLD3,23646.0,Amp8,11.39
X-3711,PLEKHG2,64857.0,Amp8,11.39
X-3711,PLXNA1,5361.0,MutNovel,"R730W,0.412"
X-3711,POLE2,5427.0,Amp5,6.23
X-3711,PPFIA1,8500.0,Amp5,5.06
X-3711,PPM1A,5494.0,Amp5,6.23
X-3711,PPP2R5E,5529.0,Amp5,6.23
X-3711,PPYR1,5540.0,Del0.8,0.77
X-3711,PRKCH,5583.0,Amp5,6.23
X-3711,PRKY,5616.0,Del0.8,0.63
X-3711,PRY,9081.0,Del0.8,0.63
X-3711,PRY,9081.0,Del0.8,0.63
X-3711,PRY2,442862.0,Del0.8,0.63
X-3711,PRY2,442862.0,Del0.8,0.63
X-3711,PSMA3,5684.0,Amp5,6.23
X-3711,PSMC4,5704.0,Amp8,11.39
X-3711,PSMC6,5706.0,Amp5,6.23
X-3711,PTGDR,5729.0,Amp5,6.23
X-3711,PTGER2,5732.0,Amp5,6.23
X-3711,PYGL,5836.0,Amp5,6.23
X-3711,RAB11FIP3,9727.0,MutNovel,"P450T,0.636"
X-3711,RAB3IP,117177.0,Amp8,8.57
X-3711,RALY,22913.0,MutNovel,"-231S,0.426"
X-3711,RALY,22913.0,MutNovel,"G231I,0.397"
X-3711,RBBP8,5932.0,Amp5,5.06
X-3711,RBM19,9904.0,MutNovel,"KN765N,0.882"
X-3711,RBMX2,51634.0,MutNovel,"Q130H,1.000"
X-3711,RBMY1A3P,286557.0,Del0.8,0.63
X-3711,RBMY1B,378948.0,Del0.8,0.63
X-3711,RBMY1B,378948.0,Del0.8,0.63
X-3711,RBMY1E,378950.0,Del0.8,0.63
X-3711,RBMY1E,378950.0,Del0.8,0.63
X-3711,RBMY1F,159163.0,Del0.8,0.63
X-3711,RBMY1F,159163.0,Del0.8,0.63
X-3711,RBMY1J,378951.0,Del0.8,0.63
X-3711,RBMY1J,378951.0,Del0.8,0.63
X-3711,RBMY2EP,159125.0,Del0.8,0.63
X-3711,RBMY2FP,159162.0,Del0.8,0.63
X-3711,RBMY3AP,64593.0,Del0.8,0.63
X-3711,RCBTB2,1102.0,MutNovel,"I111T,0.438"
X-3711,REP15,387849.0,MutNovel,"I28T,0.562"
X-3711,RGS12,6002.0,MutKnownFunctional,"E749*,0.889"
X-3711,RHOJ,57381.0,Amp5,6.23
X-3711,RIN3,79890.0,MutNovel,"G967-,1.000"
X-3711,RINL,126432.0,Amp8,11.39
X-3711,RIOK3,8780.0,Amp5,5.06
X-3711,RNF123,63891.0,MutNovel,"N1035T,0.679"
X-3711,RNF125,54941.0,MutNovel,"Q130H,0.667"
X-3711,RPL10L,140801.0,Amp5,6.23
X-3711,RPL13AP3,645683.0,Amp5,6.23
X-3711,RPL36AL,6166.0,Amp5,6.23
X-3711,RPS16,6217.0,Amp8,11.39
X-3711,RPS17,6218.0,MutKnownFunctional,"-30,0.240"
X-3711,RPS29,6235.0,Amp5,6.23
X-3711,RPS4Y1,6192.0,Del0.8,0.63
X-3711,RPS4Y2,140032.0,Del0.8,0.63
X-3711,RTN1,6252.0,Amp5,6.23
X-3711,RXRB,6257.0,MutNovel,"S462N,0.458"
X-3711,SAMD4A,23034.0,Amp5,6.23
X-3711,SAMD4B,55095.0,Amp8,11.39
X-3711,SARS2,54938.0,Amp8,11.39
X-3711,SAV1,60485.0,Amp5,6.23
X-3711,SELV,348303.0,Amp8,11.39
X-3711,SERINC2,347735.0,MutNovel,"-373Q,0.706"
X-3711,SFTA3,253970.0,Amp5,6.68
X-3711,SGPL1,8879.0,MutNovel,"F245Y,0.979"
X-3711,SGPP1,81537.0,Amp5,6.23
X-3711,SHANK2,22941.0,Amp5,5.06
X-3711,SIL1,64374.0,MutNovel,"Y445C,0.599"
X-3711,SIRT2,22933.0,Amp8,11.39
X-3711,SIX1,6495.0,MutNovel,"G107C,0.260"
X-3711,SIX1,6495.0,Amp5,6.23
X-3711,SIX4,51804.0,Amp5,6.23
X-3711,SIX6,4990.0,Amp5,6.23
X-3711,SLC22A18,5002.0,MutNovel,"L102V,1.000"
X-3711,SLC25A13,10165.0,MutNovel,"L226F,0.457"
X-3711,SLC25A21,89874.0,Amp8,11
X-3711,SLC35F4,341880.0,Amp5,6.23
X-3711,SLC35G5,83650.0,Amp5,6.92
X-3711,SLC38A6,145389.0,Amp5,6.23
X-3711,SMG5,23381.0,MutNovel,"N40H,0.355"
X-3711,SNAPC1,6617.0,Amp5,6.23
X-3711,SOCS4,122809.0,Amp5,6.23
X-3711,SOS2,6655.0,Amp5,6.23
X-3711,SPAG11A,653423.0,Amp5,5.5
X-3711,SPAG11B,10407.0,Amp5,5.5
X-3711,SPAG11B,10407.0,Amp5,5.5
X-3711,SRY,6736.0,Del0.8,0.63
X-3711,SSB,6741.0,MutNovel,"DDEH367D,0.244"
X-3711,SSTR1,6751.0,Amp8,11
X-3711,STK35,140901.0,MutNovel,"G85A,0.667"
X-3711,STYX,6815.0,Amp5,6.23
X-3711,SUPT5H,6829.0,Amp8,11.39
X-3711,SYCN,342898.0,Amp8,11.39
X-3711,SYT10,341359.0,Amp5,5.28
X-3711,SYT16,83851.0,Amp5,6.23
X-3711,TACC2,10579.0,MutNovel,"T2458A,1.000"
X-3711,TBL1X,6907.0,MutNovel,"E58K,1.000"
X-3711,TBL1Y,90665.0,Del0.8,0.63
X-3711,TBPL2,387332.0,Amp5,6.23
X-3711,TCF3,6929.0,MutNovel,"G254S,0.531"
X-3711,TCOF1,6949.0,MutNovel,"V1377F,0.596"
X-3711,TDH,157739.0,Amp5,6.92
X-3711,TGIF2LY,90655.0,Del0.8,0.63
X-3711,TIMM50,92609.0,Amp8,11.39
X-3711,TIMM9,26520.0,Amp5,6.23
X-3711,TLK2,11011.0,MutNovel,"R262Q,0.327"
X-3711,TMEM184A,202915.0,MutNovel,"G392GA,0.830"
X-3711,TMEM238,388564.0,MutNovel,"G30V,0.993"
X-3711,TMEM241,85019.0,Amp5,5.06
X-3711,TMEM30B,161291.0,Amp5,6.23
X-3711,TMSB4Y,9087.0,Del0.8,0.63
X-3711,TMX1,81542.0,Amp5,6.23
X-3711,TMX4,56255.0,MutNovel,"C326S,0.709"
X-3711,TOMM20L,387990.0,Amp5,6.23
X-3711,TP53,7157.0,MutLikelyFunctional,"Y163C,1.000"
X-3711,TPCN2,219931.0,Amp5,5.06
X-3711,TRIM37,4591.0,MutNovel,"N728D,1.000"
X-3711,TRIM9,114088.0,Amp5,6.23
X-3711,TRMT5,57570.0,Amp5,6.23
X-3711,TSC22D1,8848.0,MutNovel,"VE448E,0.278"
X-3711,TSPY1,7258.0,Del0.8,0.63
X-3711,TSPY2,64591.0,Del0.8,0.63
X-3711,TSPY3,728137.0,Del0.8,0.63
X-3711,TSPY4,728395.0,Del0.8,0.63
X-3711,TSPY8,728403.0,Del0.8,0.63
X-3711,TSPYL1,7259.0,MutNovel,"V176VW,0.901"
X-3711,TTC39C,125488.0,Amp5,6.92
X-3711,TTC9B,148014.0,Amp8,11.39
X-3711,TTTY10,246119.0,Del0.8,0.63
X-3711,TTTY11,83866.0,Del0.8,0.63
X-3711,TTTY12,83867.0,Del0.8,0.63
X-3711,TTTY13,83868.0,Del0.8,0.63
X-3711,TTTY14,83869.0,Del0.8,0.63
X-3711,TTTY15,64595.0,Del0.8,0.63
X-3711,TTTY16,252948.0,Del0.8,0.63
X-3711,TTTY17A,252949.0,Del0.8,0.63
X-3711,TTTY17A,252949.0,Del0.8,0.63
X-3711,TTTY18,252950.0,Del0.8,0.63
X-3711,TTTY19,252952.0,Del0.8,0.63
X-3711,TTTY1B,100101116.0,Del0.8,0.63
X-3711,TTTY1B,100101116.0,Del0.8,0.63
X-3711,TTTY2,60439.0,Del0.8,0.63
X-3711,TTTY2,60439.0,Del0.8,0.63
X-3711,TTTY20,252951.0,Del0.8,0.63
X-3711,TTTY21,252953.0,Del0.8,0.63
X-3711,TTTY21,252953.0,Del0.8,0.63
X-3711,TTTY22,252954.0,Del0.8,0.63
X-3711,TTTY23,252955.0,Del0.8,0.63
X-3711,TTTY23,252955.0,Del0.8,0.63
X-3711,TTTY3,114760.0,Del0.8,0.63
X-3711,TTTY3,114760.0,Del0.8,0.63
X-3711,TTTY4,114761.0,Del0.8,0.63
X-3711,TTTY4,114761.0,Del0.8,0.63
X-3711,TTTY5,83863.0,Del0.8,0.63
X-3711,TTTY6,84672.0,Del0.8,0.63
X-3711,TTTY6,84672.0,Del0.8,0.63
X-3711,TTTY7,246122.0,Del0.8,0.63
X-3711,TTTY7,246122.0,Del0.8,0.63
X-3711,TTTY7B,100101120.0,Del0.8,0.63
X-3711,TTTY7B,100101120.0,Del0.8,0.63
X-3711,TTTY8,84673.0,Del0.8,0.63
X-3711,TTTY8,84673.0,Del0.8,0.63
X-3711,TTTY9A,83864.0,Del0.8,0.63
X-3711,TTTY9A,83864.0,Del0.8,0.63
X-3711,TUBA1A,7846.0,MutNovel,"L269E,0.294"
X-3711,TXLNG2P,246126.0,Del0.8,0.63
X-3711,TXNDC16,57544.0,Amp5,6.23
X-3711,TXNDC5,81567.0,MutNovel,"-47R,0.288"
X-3711,TXNRD3,114112.0,MutNovel,"R26Q,0.467"
X-3711,UBTF,7343.0,MutNovel,"D182N,0.483"
X-3711,UGT1A5,54579.0,MutNovel,"I269V,0.500"
X-3711,UPK3B,80761.0,MutNovel,"R284Q,1.000"
X-3711,USP9Y,8287.0,Del0.8,0.63
X-3711,UTY,7404.0,Del0.8,0.63
X-3711,VCY,9084.0,Del0.8,0.63
X-3711,VCY,9084.0,Del0.8,0.63
X-3711,WDHD1,11169.0,Amp5,6.23
X-3711,WDR89,112840.0,Amp5,6.23
X-3711,XKR6,286046.0,Amp5,6.92
X-3711,XKRY2,353515.0,Del0.8,0.63
X-3711,XKRY2,353515.0,Del0.8,0.63
X-3711,XXYLT1,152002.0,MutNovel,"P282R,0.333"
X-3711,YEATS4,8089.0,Amp8,8.57
X-3711,ZDHHC11,79844.0,MutNovel,"A303D,0.750"
X-3711,ZFP36,7538.0,Amp8,11.39
X-3711,ZFY,7544.0,Del0.8,0.63
X-3711,ZKSCAN3,80317.0,MutNovel,"G295S,0.643"
X-3711,ZNF100,163227.0,MutNovel,"I123L,0.625"
X-3711,ZNF318,24149.0,MutNovel,"R84P,0.625"
X-3711,ZNF354A,6940.0,MutKnownFunctional,"E547*,0.705"
X-3711,ZNF439,90594.0,MutNovel,"K361R,1.000"
X-3711,ZNF439,90594.0,MutNovel,"R371T,1.000"
X-3711,ZNF546,339327.0,Amp8,11.39
X-3711,ZNF763,284390.0,MutNovel,"G311R,0.750"
X-3711,ZNF780A,284323.0,Amp8,11.39
X-3711,ZNF780B,163131.0,Amp8,11.39
X-3782,ABI2,10152.0,MutNovel,"T54I,0.571"
X-3782,ADAM3A,1587.0,Del0.8,0.4
X-3782,ADAM5P,255926.0,Del0.8,0.64
X-3782,AFF1,4299.0,MutNovel,"G929D,0.571"
X-3782,AGRN,375790.0,MutNovel,"V1667M,0.684"
X-3782,AHNAK2,113146.0,MutNovel,"KFKMP3477-,0.613"
X-3782,AKR1B15,441282.0,MutNovel,"V107L,1.000"
X-3782,ALG5,29880.0,MutNovel,"L11V,0.358"
X-3782,AMELY,266.0,Del0.8,0.39
X-3782,AMHR2,269.0,Amp5,5.43
X-3782,ANKRD36,375248.0,MutNovel,"T998S,0.286"
X-3782,ARFGEF2,10564.0,MutNovel,"L1038F,0.212"
X-3782,ARHGEF35,445328.0,MutNovel,"E187Q,0.857"
X-3782,ARL6IP4,51329.0,MutKnownFunctional,"E97*,1.000"
X-3782,ATP13A2,23400.0,MutNovel,"V999L,1.000"
X-3782,AVPR1A,552.0,Amp5,7.78
X-3782,BAG1,573.0,MutNovel,"RSEELTL88L,1.000"
X-3782,BAG1,573.0,MutNovel,"R88L,0.333"
X-3782,BASP1,10409.0,MutNovel,"P83L,0.667"
X-3782,BCORP1,286554.0,Del0.8,0.39
X-3782,BEST3,144453.0,Amp8,13.27
X-3782,BPTF,2186.0,MutNovel,"F194V,0.211"
X-3782,BPY2B,442867.0,Del0.8,0.39
X-3782,BPY2B,442867.0,Del0.8,0.39
X-3782,BTBD7,55727.0,MutKnownFunctional,"-323?,0.385"
X-3782,BTF3L4,91408.0,Amp5,5.5
X-3782,C12orf61,283416.0,Amp5,7.78
X-3782,C16orf93,90835.0,MutNovel,"T42M,0.643"
X-3782,C9orf53,51198.0,Del0.8,0.39
X-3782,CCDC144B,284047.0,Del0.8,0.77
X-3782,CCDC64B,146439.0,MutNovel,"R146W,0.486"
X-3782,CCT2,10576.0,Amp8,13.27
X-3782,CDC42EP1,11135.0,MutNovel,"PAPAANPS253P,1.000"
X-3782,CDKN2A,1029.0,Del0.8,0.39
X-3782,CDKN2B,1030.0,Del0.8,0.52
X-3782,CDY1B,253175.0,Del0.8,0.39
X-3782,CDY1B,253175.0,Del0.8,0.39
X-3782,CDY2A,9426.0,Del0.8,0.39
X-3782,CDY2A,9426.0,Del0.8,0.39
X-3782,CDY2B,203611.0,Del0.8,0.39
X-3782,CDY2B,203611.0,Del0.8,0.39
X-3782,CFTR,1080.0,MutNovel,"IF507I,0.765"
X-3782,CLN6,54982.0,MutNovel,"A12T,0.985"
X-3782,CNOT2,4848.0,Amp8,13.27
X-3782,CPEB2,132864.0,MutNovel,"D192H,1.000"
X-3782,CPSF6,11052.0,Amp8,13.27
X-3782,CRIPAK,285464.0,MutNovel,"V164A,0.542"
X-3782,CRYBG3,,MutNovel,"T1907A,0.471"
X-3782,CSPG4P1Y,114758.0,Del0.8,0.39
X-3782,CSPG4P1Y,114758.0,Del0.8,0.39
X-3782,CSTF3,1479.0,MutKnownFunctional,"-82I?,0.250"
X-3782,CTAGE1,64693.0,Amp8,8
X-3782,CTSA,5476.0,MutNovel,"L29-,0.462"
X-3782,CXCR7,57007.0,MutNovel,"G58S,0.333"
X-3782,DAB2IP,153090.0,MutNovel,"P1048L,0.288"
X-3782,DAZ1,1617.0,Del0.8,0.39
X-3782,DAZ2,57055.0,Del0.8,0.39
X-3782,DAZ3,57054.0,Del0.8,0.39
X-3782,DAZ3,57054.0,Del0.8,0.39
X-3782,DAZ4,57135.0,Del0.8,0.39
X-3782,DAZ4,57135.0,Del0.8,0.39
X-3782,DCAF13,25879.0,MutNovel,"D83E,0.714"
X-3782,DCAF13,25879.0,MutNovel,"A101S,0.750"
X-3782,DCD,117159.0,Amp5,5.9
X-3782,DDX3Y,8653.0,Del0.8,0.39
X-3782,DEAF1,10522.0,MutNovel,"V335M,0.533"
X-3782,DENND4B,9909.0,MutNovel,"QQQ908-,0.417"
X-3782,DHX32,55760.0,MutNovel,"N675K,0.355"
X-3782,DMBT1,1755.0,MutNovel,"P357S,0.762"
X-3782,DMBT1,1755.0,MutNovel,"PE856SK,0.825"
X-3782,DMBT1,1755.0,MutNovel,"Y934N,0.412"
X-3782,DMBT1,1755.0,MutNovel,"E1375K,0.600"
X-3782,DMBT1,1755.0,MutNovel,"H1732S,0.598"
X-3782,DMPK,1760.0,MutNovel,"T544M,0.296"
X-3782,DMRTA1,63951.0,Del0.8,0.43
X-3782,DND1,373863.0,MutNovel,"RA190WT,0.240"
X-3782,DPY19L2,283417.0,Amp5,7.78
X-3782,DTNBP1,84062.0,MutKnownFunctional,"-340,0.265"
X-3782,EIF1AY,9086.0,Del0.8,0.39
X-3782,ELAVL2,1993.0,Del0.8,0.44
X-3782,EPS15,2060.0,Amp5,5.5
X-3782,EZH2,2146.0,MutNovel,"N322S,0.513"
X-3782,FAM106A,80039.0,Del0.8,0.42
X-3782,FAM115C,285966.0,MutNovel,"H787N,1.000"
X-3782,FAM153A,285596.0,MutNovel,"V186G,0.750"
X-3782,FAM153B,202134.0,MutNovel,"L145F,0.500"
X-3782,FAM160A2,84067.0,MutNovel,"R605Q,0.787"
X-3782,FAM18B2-CDRT4,100533496.0,MutNovel,"T150R,0.381"
X-3782,FAM18B2-CDRT4,100533496.0,MutNovel,"S135P,0.421"
X-3782,FAM18B2-CDRT4,100533496.0,MutNovel,"E55G,0.217"
X-3782,FAM197Y2P,252946.0,Del0.8,0.39
X-3782,FAM41AY1,340618.0,Del0.8,0.39
X-3782,FAM41AY1,340618.0,Del0.8,0.39
X-3782,FAM75A6,389730.0,Del0.8,0.77
X-3782,FLJ35282,441389.0,Del0.8,0.43
X-3782,FLJ41278,400046.0,Amp8,9.92
X-3782,FN3K,64122.0,MutNovel,"R305Q,0.508"
X-3782,FRS2,10818.0,Amp8,13.27
X-3782,GATA6,2627.0,Amp8,8
X-3782,GIGYF2,26058.0,MutNovel,"PQ1231P,1.000"
X-3782,GIPC1,10755.0,MutNovel,"G291R,0.708"
X-3782,GLYCAM1,644076.0,Amp5,5.9
X-3782,GOLGA2P2Y,84559.0,Del0.8,0.39
X-3782,GOLGA2P2Y,84559.0,Del0.8,0.39
X-3782,GPRIN2,9721.0,MutNovel,"-238MRE,0.818"
X-3782,GSTM5,2949.0,MutNovel,"K192E,1.000"
X-3782,GTF2H2,2966.0,Del0.8,0.72
X-3782,GYG2P1,352887.0,Del0.8,0.39
X-3782,HLA-DQB2,3120.0,MutNovel,"AQ152GH,0.733"
X-3782,HLA-DRB1,3123.0,Amp5,5.9
X-3782,HLA-DRB5,3127.0,MutNovel,"DL66SV,0.211"
X-3782,HLA-DRB5,3127.0,Amp5,5.9
X-3782,HLA-DRB6,3128.0,Amp5,5.9
X-3782,HNRNPCL1,343069.0,MutNovel,"Q185K,1.000"
X-3782,HSFY2,159119.0,Del0.8,0.39
X-3782,HSFY2,159119.0,Del0.8,0.39
X-3782,KCNMB4,27345.0,Amp5,6.36
X-3782,KCTD18,130535.0,MutKnownFunctional,"-387,0.545"
X-3782,KDM5D,8284.0,Del0.8,0.39
X-3782,KIAA0355,9710.0,MutNovel,"P1041S,0.348"
X-3782,KIAA0391,9692.0,MutKnownFunctional,"-83?,0.261"
X-3782,KIAA0513,9764.0,MutNovel,"D56E,0.538"
X-3782,KRAS,3845.0,MutKnownFunctional,"G12D,0.769"
X-3782,KRI1,65095.0,MutNovel,"S101L,0.639"
X-3782,KRT6C,286887.0,MutNovel,"A87G,0.714"
X-3782,KTI12,112970.0,Amp5,5.5
X-3782,LACRT,90070.0,Amp5,5.9
X-3782,LAMA3,3909.0,MutNovel,"R3292M,0.278"
X-3782,LEMD3,23592.0,Amp8,9.92
X-3782,LGALS7,3963.0,MutNovel,"R15H,1.000"
X-3782,LGALS9C,654346.0,Del0.8,0.42
X-3782,LMO7,4008.0,MutNovel,"R1319C,0.206"
X-3782,LOC100129480,100129480.0,MutNovel,"Y19N,0.357"
X-3782,LOC283710,283710.0,MutNovel,"P23T,0.417"
X-3782,LPIN2,9663.0,MutNovel,"D891N,0.771"
X-3782,LRRC10,376132.0,Amp8,13.27
X-3782,LRRK2,120892.0,MutNovel,"S1403G,0.750"
X-3782,LSR,51599.0,MutNovel,"G518GR,0.463"
X-3782,LYST,1130.0,MutNovel,"T3582A,0.519"
X-3782,LYZ,4069.0,Amp8,13.27
X-3782,MAN1C1,57134.0,MutNovel,"G431R,1.000"
X-3782,MAPK15,225689.0,MutNovel,"L424P,0.411"
X-3782,MAST2,23139.0,MutNovel,"R866Q,0.477"
X-3782,MBD2,8932.0,MutNovel,"C111G,1.000"
X-3782,MED15,51586.0,MutNovel,"-251Q,0.237"
X-3782,MFSD5,84975.0,MutNovel,"V380M,1.000"
X-3782,MIB1,57534.0,Amp5,6.06
X-3782,MIR1-2,406905.0,Amp8,8
X-3782,MIR1279,100302182.0,Amp8,13.27
X-3782,MIR133A1,406922.0,Amp8,8
X-3782,MIR3913-1,100500903.0,Amp8,13.27
X-3782,MIR3913-2,100500868.0,Amp8,13.27
X-3782,MIR4741,100616139.0,Amp8,8
X-3782,MIR761,100313892.0,Amp5,5.5
X-3782,MIRLET7I,406891.0,Amp5,7.78
X-3782,MLYCD,23417.0,MutNovel,"R11G,0.600"
X-3782,MON2,23041.0,Amp5,7.78
X-3782,MPRIP,23164.0,MutNovel,"TS178T,1.000"
X-3782,MTAP,4507.0,Del0.8,0.5
X-3782,MUC5B,727897.0,MutNovel,"V2574A,0.265"
X-3782,MUC5B,727897.0,MutNovel,"R3845G,0.343"
X-3782,MUCL1,118430.0,Amp5,5.9
X-3782,MXD1,4084.0,MutNovel,"V116I,0.569"
X-3782,MYH9,4627.0,MutNovel,"D507N,0.589"
X-3782,NAIP,4671.0,Del0.8,0.72
X-3782,NBPF10,100132406.0,MutNovel,"R36V,0.263"
X-3782,NCOR2,9612.0,MutNovel,"G1839GAAA,0.974"
X-3782,NCOR2,9612.0,MutNovel,"-511S,0.938"
X-3782,NCRNA00185,55410.0,Del0.8,0.39
X-3782,NEUROD4,58158.0,Amp5,5.9
X-3782,NHS,4810.0,MutNovel,"T1051I,1.000"
X-3782,NKAP,79576.0,MutKnownFunctional,"-201,1.000"
X-3782,NLGN4Y,22829.0,Del0.8,0.39
X-3782,NPIPL3,23117.0,MutNovel,"G587R,0.417"
X-3782,NR1H2,7376.0,MutNovel,"-173Q,0.562"
X-3782,NRD1,4898.0,MutNovel,"EE150E,0.854"
X-3782,NRD1,4898.0,Amp5,5.5
X-3782,OLA1,29789.0,MutNovel,"N51S,0.475"
X-3782,ONECUT3,390874.0,MutNovel,"L178V,0.500"
X-3782,OPTN,10133.0,MutNovel,"R96H,0.675"
X-3782,OR9K2,441639.0,Amp5,5.9
X-3782,ORAI1,84876.0,MutNovel,"PP43-,1.000"
X-3782,OSBPL9,114883.0,Amp5,5.5
X-3782,PCBP2,5094.0,Amp5,5.43
X-3782,PCDH11Y,83259.0,Del0.8,0.39
X-3782,PCDHGB2,56103.0,MutNovel,"R12P,1.000"
X-3782,PEX11B,8799.0,MutNovel,"R156Q,0.520"
X-3782,PHLDA1,22822.0,MutNovel,"QQ194Q,1.000"
X-3782,PKD1,5310.0,MutNovel,"NK101K,0.230"
X-3782,PKN2,5586.0,MutNovel,"D114G,0.463"
X-3782,PLA2G4D,283748.0,MutNovel,"S703N,1.000"
X-3782,PPM1B,5495.0,MutNovel,"R397G,0.632"
X-3782,PPM1H,57460.0,Amp5,7.78
X-3782,PPP1R26,9858.0,MutNovel,"Q332E,1.000"
X-3782,PRIC285,85441.0,MutNovel,"R2575W,0.607"
X-3782,PRKY,5616.0,Del0.8,0.39
X-3782,PRR13,54458.0,Amp5,5.43
X-3782,PRY,9081.0,Del0.8,0.39
X-3782,PRY,9081.0,Del0.8,0.39
X-3782,PRY2,442862.0,Del0.8,0.39
X-3782,PRY2,442862.0,Del0.8,0.39
X-3782,PTPRB,5787.0,Amp5,6.36
X-3782,PTPRR,5801.0,Amp5,7.94
X-3782,RAB3B,5865.0,Amp5,5.5
X-3782,RAB3IP,117177.0,Amp8,13.27
X-3782,RAET1L,154064.0,MutNovel,"S208G,0.667"
X-3782,RAVER1,125950.0,MutNovel,"Y192F,0.256"
X-3782,RBBP8,5932.0,Amp8,8
X-3782,RBMY1A3P,286557.0,Del0.8,0.39
X-3782,RBMY1B,378948.0,Del0.8,0.39
X-3782,RBMY1B,378948.0,Del0.8,0.39
X-3782,RBMY1E,378950.0,Del0.8,0.39
X-3782,RBMY1E,378950.0,Del0.8,0.39
X-3782,RBMY1F,159163.0,Del0.8,0.39
X-3782,RBMY1F,159163.0,Del0.8,0.39
X-3782,RBMY1J,378951.0,Del0.8,0.39
X-3782,RBMY1J,378951.0,Del0.8,0.39
X-3782,RBMY2EP,159125.0,Del0.8,0.39
X-3782,RBMY2FP,159162.0,Del0.8,0.39
X-3782,RBMY3AP,64593.0,Del0.8,0.39
X-3782,RECQL5,9400.0,MutNovel,"Y927C,1.000"
X-3782,RHD,6007.0,Del0.8,0.62
X-3782,RNF11,26994.0,Amp5,5.5
X-3782,RPRD1B,58490.0,MutNovel,"D160N,0.539"
X-3782,RPS4Y1,6192.0,Del0.8,0.39
X-3782,RPS4Y2,140032.0,Del0.8,0.39
X-3782,RRBP1,6238.0,MutNovel,"A703V,0.992"
X-3782,SAP25,100316904.0,MutNovel,"A68V,0.612"
X-3782,SERINC2,347735.0,MutNovel,"-373Q,1.000"
X-3782,SHROOM3,57619.0,MutNovel,"R1057W,0.448"
X-3782,SIRT1,23411.0,MutNovel,"P37L,0.667"
X-3782,SLC30A1,7779.0,MutNovel,"S473N,0.531"
X-3782,SLITRK6,84189.0,MutNovel,"A825P,0.766"
X-3782,SNTA1,6640.0,MutNovel,"P74L,0.594"
X-3782,SRFBP1,153443.0,MutKnownFunctional,"-234?,0.265"
X-3782,SRY,6736.0,Del0.8,0.39
X-3782,STK10,6793.0,MutNovel,"M877V,0.768"
X-3782,STRC,161497.0,MutNovel,"T1565S,0.500"
X-3782,TAF1C,9013.0,MutNovel,"S842T,0.586"
X-3782,TBC1D30,23329.0,Amp5,5.43
X-3782,TBL1Y,90665.0,Del0.8,0.39
X-3782,TBP,6908.0,MutNovel,"-64Q,1.000"
X-3782,TFCP2L1,29842.0,MutNovel,"T411S,0.333"
X-3782,TGIF2LY,90655.0,Del0.8,0.39
X-3782,TLK2,11011.0,MutNovel,"R262Q,0.400"
X-3782,TMBIM4,51643.0,MutKnownFunctional,"-174?,0.780"
X-3782,TMEM184A,202915.0,MutNovel,"G392GA,1.000"
X-3782,TMEM238,388564.0,MutNovel,"G30V,0.369"
X-3782,TMEM5,10329.0,Amp5,7.78
X-3782,TMSB4Y,9087.0,Del0.8,0.39
X-3782,TNXB,7148.0,MutNovel,"G2120D,0.833"
X-3782,TOM1L1,10040.0,MutNovel,"Q201E,1.000"
X-3782,TP53,7157.0,MutKnownFunctional,"Y220C,1.000"
X-3782,TRIM37,4591.0,MutNovel,"E890D,1.000"
X-3782,TSNAXIP1,55815.0,MutNovel,"E265D,1.000"
X-3782,TSPY1,7258.0,Del0.8,0.39
X-3782,TSPY2,64591.0,Del0.8,0.39
X-3782,TSPY3,728137.0,Del0.8,0.39
X-3782,TSPY4,728395.0,Del0.8,0.39
X-3782,TSPY8,728403.0,Del0.8,0.39
X-3782,TSPYL1,7259.0,MutNovel,"V176VW,0.250"
X-3782,TTC39A,22996.0,Amp5,5.5
X-3782,TTTY10,246119.0,Del0.8,0.39
X-3782,TTTY11,83866.0,Del0.8,0.39
X-3782,TTTY12,83867.0,Del0.8,0.39
X-3782,TTTY13,83868.0,Del0.8,0.39
X-3782,TTTY14,83869.0,Del0.8,0.39
X-3782,TTTY15,64595.0,Del0.8,0.39
X-3782,TTTY16,252948.0,Del0.8,0.39
X-3782,TTTY17A,252949.0,Del0.8,0.39
X-3782,TTTY17A,252949.0,Del0.8,0.39
X-3782,TTTY18,252950.0,Del0.8,0.39
X-3782,TTTY19,252952.0,Del0.8,0.39
X-3782,TTTY1B,100101116.0,Del0.8,0.39
X-3782,TTTY1B,100101116.0,Del0.8,0.39
X-3782,TTTY2,60439.0,Del0.8,0.39
X-3782,TTTY2,60439.0,Del0.8,0.39
X-3782,TTTY20,252951.0,Del0.8,0.39
X-3782,TTTY21,252953.0,Del0.8,0.39
X-3782,TTTY21,252953.0,Del0.8,0.39
X-3782,TTTY22,252954.0,Del0.8,0.39
X-3782,TTTY23,252955.0,Del0.8,0.39
X-3782,TTTY23,252955.0,Del0.8,0.39
X-3782,TTTY3,114760.0,Del0.8,0.39
X-3782,TTTY3,114760.0,Del0.8,0.39
X-3782,TTTY4,114761.0,Del0.8,0.39
X-3782,TTTY4,114761.0,Del0.8,0.39
X-3782,TTTY5,83863.0,Del0.8,0.39
X-3782,TTTY6,84672.0,Del0.8,0.39
X-3782,TTTY6,84672.0,Del0.8,0.39
X-3782,TTTY7,246122.0,Del0.8,0.39
X-3782,TTTY7,246122.0,Del0.8,0.39
X-3782,TTTY7B,100101120.0,Del0.8,0.39
X-3782,TTTY7B,100101120.0,Del0.8,0.39
X-3782,TTTY8,84673.0,Del0.8,0.39
X-3782,TTTY8,84673.0,Del0.8,0.39
X-3782,TTTY9A,83864.0,Del0.8,0.39
X-3782,TTTY9A,83864.0,Del0.8,0.39
X-3782,TXLNG2P,246126.0,Del0.8,0.39
X-3782,TXNDC12,51060.0,Amp5,5.5
X-3782,UAP1,6675.0,MutNovel,"N435K,0.464"
X-3782,USP32P2,220594.0,Del0.8,0.42
X-3782,USP35,57558.0,MutNovel,"R531W,0.696"
X-3782,USP36,57602.0,MutNovel,"KKK958K,0.623"
X-3782,USP5,8078.0,MutNovel,"E104V,0.347"
X-3782,USP9Y,8287.0,Del0.8,0.39
X-3782,UTY,7404.0,Del0.8,0.39
X-3782,VCY,9084.0,Del0.8,0.39
X-3782,VCY,9084.0,Del0.8,0.39
X-3782,VPS13B,157680.0,MutNovel,"Y3548C,0.353"
X-3782,WASH1,100287171.0,MutNovel,"E132L,0.273"
X-3782,WDR19,57728.0,MutNovel,"N720S,0.478"
X-3782,WIF1,11197.0,Amp8,9.92
X-3782,XKRY2,353515.0,Del0.8,0.39
X-3782,XKRY2,353515.0,Del0.8,0.39
X-3782,YEATS4,8089.0,Amp8,13.27
X-3782,ZC3H4,23211.0,MutNovel,"HADMP649P,0.484"
X-3782,ZDHHC11,79844.0,MutNovel,"A303D,0.304"
X-3782,ZFY,7544.0,Del0.8,0.39
X-3782,ZNF219,51222.0,MutNovel,"QPP233P,0.787"
X-3782,ZNF335,63925.0,MutNovel,"T840I,0.651"
X-3782,ZNF384,171017.0,MutNovel,"QQ514Q,1.000"
X-3782,ZNF43,7594.0,MutNovel,"F248L,0.700"
X-3782,ZNF500,26048.0,MutNovel,"R429W,0.487"
X-3782,ZNF513,130557.0,MutNovel,"G332R,0.583"
X-3782,ZNF544,27300.0,MutNovel,"R81Q,0.658"
X-3782,ZNF598,90850.0,MutNovel,"R548C,0.437"
X-3782,ZNF615,284370.0,MutNovel,"T572S,0.455"
X-3782,ZNF776,284309.0,MutNovel,"DH309HH,0.250"
X-3782,ZNF837,116412.0,MutNovel,"T221M,0.750"
X-3782,ZXDC,79364.0,MutNovel,"A789V,0.233"
X-3800,61E3.4,,MutNovel,"N43S,0.419"
X-3800,ABCB6,10058.0,MutNovel,"R276Q,0.917"
X-3800,ADRA2B,151.0,MutNovel,"E301ERRK,0.833"
X-3800,AHNAK2,113146.0,MutNovel,"R814Q,0.306"
X-3800,ALDOA,226.0,MutNovel,"N223S,0.513"
X-3800,AMELY,266.0,Del0.8,0.38
X-3800,ANKRD36,375248.0,MutNovel,"T998S,0.353"
X-3800,ARHGEF1,9138.0,MutNovel,"S282G,0.490"
X-3800,ASXL2,55252.0,MutNovel,"P618S,0.359"
X-3800,ATM,472.0,MutLikelyFunctional,"V410A,0.533"
X-3800,BACH1,571.0,MutNovel,"A639T,0.537"
X-3800,BCORP1,286554.0,Del0.8,0.38
X-3800,BMP2K,55589.0,MutNovel,"Q486H,0.500"
X-3800,BPY2B,442867.0,Del0.8,0.18
X-3800,BPY2B,442867.0,Del0.8,0.25
X-3800,BRF1,2972.0,MutNovel,"S251T,0.545"
X-3800,C17orf100,388327.0,MutKnownFunctional,"-105?,0.947"
X-3800,C2orf28,51374.0,MutNovel,"A28AR,0.328"
X-3800,C5orf65,389333.0,MutNovel,"S260R,0.800"
X-3800,C9orf11,54586.0,Del0.8,0.51
X-3800,C9orf53,51198.0,Del0.8,0.42
X-3800,C9orf72,203228.0,Del0.8,0.39
X-3800,CASP10,843.0,MutNovel,"N30I,0.400"
X-3800,CDKN2A,1029.0,Del0.8,0.42
X-3800,CDKN2B,1030.0,Del0.8,0.66
X-3800,CDY1B,253175.0,Del0.8,0.38
X-3800,CDY1B,253175.0,Del0.8,0.25
X-3800,CDY2A,9426.0,Del0.8,0.38
X-3800,CDY2A,9426.0,Del0.8,0.38
X-3800,CDY2B,203611.0,Del0.8,0.38
X-3800,CDY2B,203611.0,Del0.8,0.38
X-3800,CEBPD,1052.0,MutNovel,"P105S,0.527"
X-3800,CFLAR,8837.0,MutNovel,"V361L,0.509"
X-3800,CHD9,80205.0,MutNovel,"V773G,0.447"
X-3800,COL17A1,1308.0,MutNovel,"P1107A,0.495"
X-3800,COL5A3,50509.0,MutNovel,"T823A,0.500"
X-3800,COX15,1355.0,MutNovel,"R55K,0.552"
X-3800,CROCCP2,84809.0,Del0.8,0.66
X-3800,CSPG4P1Y,114758.0,Del0.8,0.38
X-3800,CSPG4P1Y,114758.0,Del0.8,0.25
X-3800,CYP27B1,1594.0,MutNovel,"R429H,0.706"
X-3800,DAZ1,1617.0,Del0.8,0.38
X-3800,DAZ2,57055.0,Del0.8,0.33
X-3800,DAZ3,57054.0,Del0.8,0.31
X-3800,DAZ3,57054.0,Del0.8,0.25
X-3800,DAZ4,57135.0,Del0.8,0.33
X-3800,DAZ4,57135.0,Del0.8,0.29
X-3800,DDX3Y,8653.0,Del0.8,0.38
X-3800,DMRTA1,63951.0,Del0.8,0.38
X-3800,EIF1AY,9086.0,Del0.8,0.38
X-3800,ELAC1,55520.0,Del0.8,0.43
X-3800,ELAVL2,1993.0,Del0.8,0.44
X-3800,ESPNP,284729.0,Del0.8,0.65
X-3800,FAM114A2,10827.0,MutNovel,"L503S,0.467"
X-3800,FAM153A,285596.0,MutNovel,"V186G,1.000"
X-3800,FAM185A,222234.0,MutNovel,"Y95N,0.571"
X-3800,FAM197Y2P,252946.0,Del0.8,0.38
X-3800,FAM41AY1,340618.0,Del0.8,0.38
X-3800,FAM41AY1,340618.0,Del0.8,0.38
X-3800,FANCA,2175.0,MutNovel,"R360H,0.500"
X-3800,FLJ35282,441389.0,Del0.8,0.36
X-3800,FNIP2,57600.0,MutNovel,"S791T,0.276"
X-3800,FOXQ1,94234.0,MutKnownFunctional,"-290,0.872"
X-3800,FUCA2,2519.0,MutNovel,"-22CC,0.511"
X-3800,GIGYF2,26058.0,MutNovel,"PQ1231P,0.737"
X-3800,GMDS,2762.0,Del0.8,0.72
X-3800,GOLGA2P2Y,84559.0,Del0.8,0.38
X-3800,GOLGA2P2Y,84559.0,Del0.8,0.25
X-3800,GPRIN2,9721.0,MutNovel,"-238MRE,0.667"
X-3800,GYG2P1,352887.0,Del0.8,0.38
X-3800,HIRA,7290.0,MutNovel,"M243L,0.438"
X-3800,HLA-B,3106.0,MutNovel,"Y123S,0.500"
X-3800,HLA-DPB1,3115.0,MutNovel,"F74Y,0.250"
X-3800,HLA-DPB1,3115.0,MutNovel,"T78R,0.238"
X-3800,HLA-DPB1,3115.0,MutNovel,"E97Q,0.385"
X-3800,HLA-G,3135.0,MutNovel,"E138T,1.000"
X-3800,HLA-G,3135.0,MutNovel,"Y140F,1.000"
X-3800,HLA-G,3135.0,MutNovel,"R180S,0.969"
X-3800,HRNR,388697.0,MutNovel,"G1846S,0.667"
X-3800,HSFY2,159119.0,Del0.8,0.38
X-3800,HSFY2,159119.0,Del0.8,0.38
X-3800,IFNK,56832.0,Del0.8,0.39
X-3800,IFT140,9742.0,MutNovel,"A437V,0.667"
X-3800,IFT74,80173.0,Del0.8,0.55
X-3800,IGFBP2,3485.0,MutNovel,"L17LLPP,0.355"
X-3800,IL11,3589.0,MutNovel,"R198W,0.400"
X-3800,IL28RA,163702.0,MutNovel,"R6G,1.000"
X-3800,IQGAP3,128239.0,MutNovel,"K1626R,0.205"
X-3800,ITFG1,81533.0,MutNovel,"A12P,0.440"
X-3800,KDM5D,8284.0,Del0.8,0.38
X-3800,KHNYN,23351.0,MutNovel,"S155F,0.462"
X-3800,KIAA1033,23325.0,MutNovel,"D17E,0.524"
X-3800,KLF16,83855.0,MutNovel,"A38T,0.500"
X-3800,KLHL2,11275.0,MutNovel,"E92G,0.267"
X-3800,KRAS,3845.0,MutKnownFunctional,"Q61H,0.408"
X-3800,LINC00032,158035.0,Del0.8,0.39
X-3800,LINC00226,338004.0,Amp5,5.58
X-3800,LINGO2,158038.0,Del0.8,0.49
X-3800,LIPE,3991.0,MutNovel,"KR497NG,0.600"
X-3800,LOC100506422,100506422.0,Del0.8,0.46
X-3800,LRRC19,64922.0,Del0.8,0.41
X-3800,LRRC37A,9884.0,MutNovel,"V449I,1.000"
X-3800,LRRC37A2,474170.0,MutNovel,"P463S,1.000"
X-3800,LSR,51599.0,MutNovel,"G518GR,0.851"
X-3800,MAP2K1,5604.0,MutNovel,"D67N,0.987"
X-3800,MAP3K4,4216.0,MutNovel,"PA1189P,1.000"
X-3800,MATN2,4147.0,MutKnownFunctional,"-950?,0.376"
X-3800,ME2,4200.0,Del0.8,0.43
X-3800,MGAM,8972.0,MutNovel,"R881H,1.000"
X-3800,MIR3675,100500876.0,Del0.8,0.79
X-3800,MIR873,100126316.0,Del0.8,0.42
X-3800,MIR876,100126310.0,Del0.8,0.42
X-3800,MOB3B,79817.0,Del0.8,0.29
X-3800,MORC2,22880.0,MutNovel,"G347R,0.556"
X-3800,MSH6,2956.0,MutLikelyFunctional,"V509A,0.500"
X-3800,MSH6,2956.0,MutNovel,"P1278T,0.614"
X-3800,MST1P9,11223.0,Del0.8,0.73
X-3800,MTAP,4507.0,Del0.8,0.51
X-3800,MUC20,200958.0,MutNovel,"A54T,0.470"
X-3800,MUC4,4585.0,MutNovel,"P2562S,0.444"
X-3800,MUC4,4585.0,MutNovel,"P2178H,0.400"
X-3800,NBPF1,55672.0,Del0.8,0.66
X-3800,NBPF10,100132406.0,MutNovel,"I1165F,0.302"
X-3800,NBPF24,,MutNovel,"E168K,0.667"
X-3800,NBPF9,400818.0,MutNovel,"R97G,0.304"
X-3800,NBPF9,400818.0,MutNovel,"Q184R,1.000"
X-3800,NCOA3,8202.0,MutNovel,"Q1255-,0.394"
X-3800,NCOR2,9612.0,MutNovel,"G1839GAAA,0.510"
X-3800,NCRNA00185,55410.0,Del0.8,0.38
X-3800,NFE2L3,9603.0,MutNovel,"P83S,0.476"
X-3800,NLGN4Y,22829.0,Del0.8,0.38
X-3800,NPIPL3,23117.0,MutNovel,"L438F,0.625"
X-3800,NR1H2,7376.0,MutNovel,"-173Q,0.403"
X-3800,ORAI1,84876.0,MutNovel,"PP43-,1.000"
X-3800,PAPOLA,10914.0,MutNovel,"H234R,0.490"
X-3800,PARP14,54625.0,MutNovel,"A758V,0.391"
X-3800,PCDH11Y,83259.0,Del0.8,0.38
X-3800,PCDHA10,56139.0,MutNovel,"G71R,1.000"
X-3800,PCSK9,255738.0,MutNovel,"-15L,0.667"
X-3800,PCYOX1L,78991.0,MutNovel,"A5R,0.556"
X-3800,PDIA4,9601.0,MutNovel,"A239T,0.527"
X-3800,PDZD3,79849.0,MutNovel,"A307T,0.300"
X-3800,PHLDA1,22822.0,MutNovel,"QQ194Q,0.578"
X-3800,PIEZO1,9780.0,MutNovel,"A1431P,0.490"
X-3800,PLAA,9373.0,Del0.8,0.41
X-3800,PLEC,5339.0,MutNovel,"R1963W,0.511"
X-3800,PLSCR1,5359.0,MutKnownFunctional,"-110?,0.212"
X-3800,PPM1G,5496.0,MutNovel,"K542-,0.434"
X-3800,PPP1R37,284352.0,MutNovel,"S471L,0.622"
X-3800,PRKY,5616.0,Del0.8,0.38
X-3800,PRRC2C,23215.0,MutNovel,"A1096T,0.264"
X-3800,PRY,9081.0,Del0.8,0.38
X-3800,PRY,9081.0,Del0.8,0.38
X-3800,PRY2,442862.0,Del0.8,0.38
X-3800,PRY2,442862.0,Del0.8,0.38
X-3800,RBMY1A3P,286557.0,Del0.8,0.38
X-3800,RBMY1B,378948.0,Del0.8,0.38
X-3800,RBMY1B,378948.0,Del0.8,0.38
X-3800,RBMY1E,378950.0,Del0.8,0.38
X-3800,RBMY1E,378950.0,Del0.8,0.38
X-3800,RBMY1F,159163.0,Del0.8,0.38
X-3800,RBMY1F,159163.0,Del0.8,0.38
X-3800,RBMY1J,378951.0,Del0.8,0.38
X-3800,RBMY1J,378951.0,Del0.8,0.38
X-3800,RBMY2EP,159125.0,Del0.8,0.38
X-3800,RBMY2FP,159162.0,Del0.8,0.38
X-3800,RBMY3AP,64593.0,Del0.8,0.38
X-3800,RHOBTB1,9886.0,MutNovel,"T38I,0.500"
X-3800,RIN3,79890.0,MutNovel,"G967-,0.423"
X-3800,RLF,6018.0,MutNovel,"K224I,0.800"
X-3800,RNF207,388591.0,MutNovel,"D569N,0.968"
X-3800,RP9,6100.0,MutKnownFunctional,"-222,0.346"
X-3800,RPL14,9045.0,MutNovel,"TAAA149T,0.891"
X-3800,RPS24,6229.0,MutNovel,"M131N,1.000"
X-3800,RPS4Y1,6192.0,Del0.8,0.38
X-3800,RPS4Y2,140032.0,Del0.8,0.38
X-3800,RPS6KB2,6199.0,MutNovel,"P467H,0.486"
X-3800,SAFB2,9667.0,MutKnownFunctional,"-945?,0.271"
X-3800,SEMA4F,10505.0,MutNovel,"S4C,0.545"
X-3800,SERINC2,347735.0,MutNovel,"-373Q,0.687"
X-3800,SF1,7536.0,MutNovel,"P119A,0.333"
X-3800,SH2B3,10019.0,MutNovel,"H52Q,0.667"
X-3800,SLC19A1,6573.0,MutNovel,"C458G,0.462"
X-3800,SLC26A6,65010.0,MutNovel,"D321E,0.870"
X-3800,SLC26A6,65010.0,MutNovel,"R317K,0.806"
X-3800,SLC27A3,11000.0,MutNovel,"G489D,0.464"
X-3800,SMAD4,4089.0,Del0.8,0.54
X-3800,SNX1,6642.0,MutNovel,"P253L,0.987"
X-3800,SNX33,257364.0,MutNovel,"T295A,0.987"
X-3800,SPDYE1,285955.0,MutNovel,"S180L,0.667"
X-3800,SPTBN2,6712.0,MutNovel,"R1552C,0.426"
X-3800,SRBD1,55133.0,MutNovel,"R523Q,0.357"
X-3800,SRY,6736.0,Del0.8,0.38
X-3800,TBL1Y,90665.0,Del0.8,0.38
X-3800,TCERG1,10915.0,MutNovel,"QAQA210-,0.263"
X-3800,TCHP,84260.0,MutNovel,"K144I,0.486"
X-3800,TEK,7010.0,Del0.8,0.3
X-3800,TGIF2LY,90655.0,Del0.8,0.38
X-3800,THADA,63892.0,MutNovel,"L1694F,0.424"
X-3800,TMEM184A,202915.0,MutNovel,"G392GA,0.293"
X-3800,TMSB4Y,9087.0,Del0.8,0.38
X-3800,TONSL,4796.0,MutNovel,"Q134H,0.294"
X-3800,TSC2,7249.0,MutNovel,"S1276F,0.545"
X-3800,TSPY1,7258.0,Del0.8,0.38
X-3800,TSPY2,64591.0,Del0.8,0.38
X-3800,TSPY3,728137.0,Del0.8,0.38
X-3800,TSPY4,728395.0,Del0.8,0.38
X-3800,TSPY8,728403.0,Del0.8,0.38
X-3800,TSPYL1,7259.0,MutNovel,"V176VW,0.864"
X-3800,TTC7A,57217.0,MutNovel,"A815E,0.451"
X-3800,TTTY10,246119.0,Del0.8,0.38
X-3800,TTTY11,83866.0,Del0.8,0.38
X-3800,TTTY12,83867.0,Del0.8,0.38
X-3800,TTTY13,83868.0,Del0.8,0.38
X-3800,TTTY14,83869.0,Del0.8,0.38
X-3800,TTTY15,64595.0,Del0.8,0.38
X-3800,TTTY16,252948.0,Del0.8,0.38
X-3800,TTTY17A,252949.0,Del0.8,0.25
X-3800,TTTY17A,252949.0,Del0.8,0.38
X-3800,TTTY18,252950.0,Del0.8,0.38
X-3800,TTTY19,252952.0,Del0.8,0.38
X-3800,TTTY1B,100101116.0,Del0.8,0.38
X-3800,TTTY1B,100101116.0,Del0.8,0.38
X-3800,TTTY2,60439.0,Del0.8,0.38
X-3800,TTTY2,60439.0,Del0.8,0.38
X-3800,TTTY20,252951.0,Del0.8,0.38
X-3800,TTTY21,252953.0,Del0.8,0.38
X-3800,TTTY21,252953.0,Del0.8,0.38
X-3800,TTTY22,252954.0,Del0.8,0.38
X-3800,TTTY23,252955.0,Del0.8,0.38
X-3800,TTTY23,252955.0,Del0.8,0.38
X-3800,TTTY3,114760.0,Del0.8,0.38
X-3800,TTTY3,114760.0,Del0.8,0.25
X-3800,TTTY4,114761.0,Del0.8,0.25
X-3800,TTTY4,114761.0,Del0.8,0.18
X-3800,TTTY5,83863.0,Del0.8,0.38
X-3800,TTTY6,84672.0,Del0.8,0.38
X-3800,TTTY6,84672.0,Del0.8,0.38
X-3800,TTTY7,246122.0,Del0.8,0.38
X-3800,TTTY7,246122.0,Del0.8,0.38
X-3800,TTTY7B,100101120.0,Del0.8,0.38
X-3800,TTTY7B,100101120.0,Del0.8,0.38
X-3800,TTTY8,84673.0,Del0.8,0.38
X-3800,TTTY8,84673.0,Del0.8,0.38
X-3800,TTTY9A,83864.0,Del0.8,0.38
X-3800,TTTY9A,83864.0,Del0.8,0.38
X-3800,TUSC1,286319.0,Del0.8,0.41
X-3800,TXLNG2P,246126.0,Del0.8,0.38
X-3800,USP28,57646.0,MutNovel,"A739V,0.667"
X-3800,USP31,57478.0,MutNovel,"L200R,0.714"
X-3800,USP9Y,8287.0,Del0.8,0.38
X-3800,UTY,7404.0,Del0.8,0.38
X-3800,VCY,9084.0,Del0.8,0.38
X-3800,VCY,9084.0,Del0.8,0.38
X-3800,XKRY2,353515.0,Del0.8,0.38
X-3800,XKRY2,353515.0,Del0.8,0.38
X-3800,ZC2HC1C,,MutNovel,"R228Q,0.591"
X-3800,ZCCHC11,23318.0,MutNovel,"D817N,0.600"
X-3800,ZFC3H1,196441.0,MutNovel,"P106A,0.480"
X-3800,ZFY,7544.0,Del0.8,0.38
X-3800,ZNF233,353355.0,MutNovel,"I124T,0.333"
X-3800,ZNF281,23528.0,MutNovel,"G168E,1.000"
X-3800,ZNF30,90075.0,MutNovel,"Q124R,0.600"
X-3800,ZNF384,171017.0,MutNovel,"QQ514Q,0.219"
X-3800,ZNF469,84627.0,MutNovel,"P2395T,0.545"
X-3800,ZNF83,55769.0,MutNovel,"QH390H,0.605"
X-3800,ZNRF3,84133.0,MutNovel,"F624L,0.444"
X-3801,ABCG1,9619.0,MutNovel,"S17R,0.750"
X-3801,ACE2,59272.0,Del0.8,0.76
X-3801,AGAP7,653268.0,MutNovel,"D338N,1.000"
X-3801,AGAP8,728404.0,MutNovel,"S327L,0.750"
X-3801,AGAP9,642517.0,MutNovel,"W565R,1.000"
X-3801,AGRN,375790.0,MutNovel,"R1317H,0.776"
X-3801,AKD1,221264.0,MutNovel,"R719Q,0.368"
X-3801,AMELX,265.0,Del0.8,0.76
X-3801,ANKRD12,23253.0,Amp5,5.13
X-3801,ANKRD20A3,441425.0,Del0.8,0.73
X-3801,ANKRD29,147463.0,Amp5,6.36
X-3801,ANKRD36,375248.0,MutNovel,"T998S,0.250"
X-3801,APCDD1,147495.0,Amp5,5.13
X-3801,AQP7P3,441432.0,Del0.8,0.73
X-3801,ARHGAP6,395.0,Del0.8,0.76
X-3801,ARHGEF1,9138.0,MutNovel,"P35T,0.235"
X-3801,ARMCX4,100131755.0,MutNovel,"G1221R,1.000"
X-3801,ASB11,140456.0,Del0.8,0.76
X-3801,ASB9,140462.0,Del0.8,0.76
X-3801,ATP2B4,493.0,MutKnownFunctional,"R907*,0.207"
X-3801,ATP6V1H,51606.0,Amp5,6.02
X-3801,ATXN3L,92552.0,Del0.8,0.76
X-3801,AZI1,22994.0,MutNovel,"E913K,0.993"
X-3801,BMX,660.0,Del0.8,0.76
X-3801,BRMS1,25855.0,MutNovel,"R247Q,0.310"
X-3801,BROX,148362.0,MutNovel,"G207R,0.323"
X-3801,BTNL3,10917.0,MutNovel,"H311G,0.244"
X-3801,BTNL8,79908.0,MutNovel,"G311R,0.282"
X-3801,C16orf59,80178.0,MutNovel,"A397T,0.571"
X-3801,C17orf70,80233.0,MutNovel,"I563T,1.000"
X-3801,C19orf55,148137.0,MutNovel,"T318M,0.634"
X-3801,C9orf53,51198.0,Del0.8,0.4
X-3801,C9orf66,157983.0,Del0.8,0.42
X-3801,CAMLG,819.0,MutNovel,"E255K,0.543"
X-3801,CAPRIN2,65981.0,MutNovel,"D622H,0.340"
X-3801,CBWD1,55871.0,MutNovel,"A199I,0.600"
X-3801,CBWD1,55871.0,MutNovel,"T179A,0.400"
X-3801,CBWD1,55871.0,Del0.8,0.58
X-3801,CCDC90A,63933.0,MutNovel,"L45V,0.571"
X-3801,CDC42EP1,11135.0,MutNovel,"PAPAANPS253P,0.800"
X-3801,CDKN2A,1029.0,Del0.8,0.4
X-3801,CDKN2B,1030.0,Del0.8,0.68
X-3801,CEP135,9662.0,MutNovel,"L799P,0.414"
X-3801,CETN2,1069.0,Del0.8,0.8
X-3801,CFHR1,3078.0,Amp5,5.24
X-3801,CFHR3,10878.0,Amp5,6.32
X-3801,CISH,1154.0,MutNovel,"R124L,0.286"
X-3801,CLCN4,1183.0,Del0.8,0.76
X-3801,CLINT1,9685.0,MutNovel,"Q460H,0.444"
X-3801,CNTNAP3,79937.0,Del0.8,0.68
X-3801,CPAMD8,27151.0,MutKnownFunctional,"Q1807*,0.286"
X-3801,CSAG1,158511.0,Del0.8,0.8
X-3801,CSAG2,728461.0,Del0.8,0.8
X-3801,CSAG2,728461.0,Del0.8,0.8
X-3801,CSAG3,389903.0,Del0.8,0.8
X-3801,CSAG3,389903.0,Del0.8,0.8
X-3801,CTSA,5476.0,MutNovel,"L29-,0.426"
X-3801,DENND4A,10260.0,MutNovel,"S338F,0.250"
X-3801,DLEC1,9940.0,MutNovel,"N1150S,1.000"
X-3801,DMRT1,1761.0,Del0.8,0.44
X-3801,DMRT2,10655.0,Del0.8,0.44
X-3801,DMRT3,58524.0,Del0.8,0.44
X-3801,DMRTA1,63951.0,Del0.8,0.36
X-3801,DMRTC1B,728656.0,Del0.8,0.67
X-3801,DMRTC1B,728656.0,Del0.8,0.67
X-3801,DNAJC4,3338.0,MutNovel,"P70S,0.370"
X-3801,DOCK1,1793.0,MutNovel,"S1627C,0.582"
X-3801,DOCK8,81704.0,Del0.8,0.34
X-3801,EGFL6,25975.0,Del0.8,0.76
X-3801,ELAVL2,1993.0,Del0.8,0.38
X-3801,EPSTI1,94240.0,MutNovel,"P102L,0.282"
X-3801,ETHE1,23474.0,MutNovel,"S19A,0.281"
X-3801,FAM200B,285550.0,MutNovel,"ST139S,0.410"
X-3801,FAM22D,728130.0,MutNovel,"L541H,0.500"
X-3801,FAM75A4,642629.0,Del0.8,0.73
X-3801,FAM75A5,727905.0,Del0.8,0.73
X-3801,FAM75A6,389730.0,Del0.8,0.35
X-3801,FAM95B1,100133036.0,Del0.8,0.73
X-3801,FAM95B1,100133036.0,Del0.8,0.73
X-3801,FAM9A,171482.0,Del0.8,0.76
X-3801,FAM9B,171483.0,Del0.8,0.76
X-3801,FAM9C,171484.0,Del0.8,0.76
X-3801,FANCB,2187.0,Del0.8,0.76
X-3801,FARP1,10160.0,MutNovel,"I204V,0.473"
X-3801,FBXW9,84261.0,MutNovel,"S322L,0.273"
X-3801,FCGBP,8857.0,MutNovel,"G3406A,0.500"
X-3801,FIGF,2277.0,Del0.8,0.76
X-3801,FLJ35282,441389.0,Del0.8,0.36
X-3801,FOXD4L2,100036519.0,Del0.8,0.73
X-3801,FOXJ2,55810.0,MutNovel,"A354V,0.500"
X-3801,FRMPD4,9758.0,Del0.8,0.76
X-3801,FUT5,2527.0,MutNovel,"A118M,1.000"
X-3801,GABRA3,2556.0,Del0.8,0.8
X-3801,GABRQ,55879.0,Del0.8,0.8
X-3801,GATSL3,652968.0,MutNovel,"A98T,0.444"
X-3801,GBF1,8729.0,MutNovel,"E485D,0.463"
X-3801,GEMIN8,54960.0,Del0.8,0.76
X-3801,GIGYF2,26058.0,MutNovel,"PQ1231P,0.500"
X-3801,GLRA2,2742.0,Del0.8,0.76
X-3801,GPATCH2,55105.0,MutNovel,"D267V,0.864"
X-3801,GPM6B,2824.0,Del0.8,0.76
X-3801,GPR143,4935.0,Del0.8,0.76
X-3801,GPR68,8111.0,MutNovel,"F265L,0.273"
X-3801,GPRIN2,9721.0,MutNovel,"-238MRE,0.348"
X-3801,GRID1,2894.0,Amp5,6.06
X-3801,GSTT2B,,MutNovel,"V118M,0.222"
X-3801,HARBI1,283254.0,MutNovel,"S288P,0.222"
X-3801,HCCS,3052.0,Del0.8,0.76
X-3801,HPYR1,93668.0,Amp8,8.69
X-3801,IFI35,3430.0,MutNovel,"V41I,0.287"
X-3801,IFNA1,3439.0,Del0.8,0.4
X-3801,IFNA13,3447.0,Del0.8,0.4
X-3801,IFNA2,3440.0,Del0.8,0.4
X-3801,IFNA22P,3453.0,Del0.8,0.39
X-3801,IFNA5,3442.0,Del0.8,0.4
X-3801,IFNA6,3443.0,Del0.8,0.4
X-3801,IFNA8,3445.0,Del0.8,0.4
X-3801,IFNE,338376.0,Del0.8,0.4
X-3801,INO80B,83444.0,MutNovel,"S97L,0.247"
X-3801,INO80B,83444.0,MutNovel,"L129V,0.242"
X-3801,INO80B,83444.0,MutNovel,"L332F,0.234"
X-3801,IQGAP3,128239.0,MutNovel,"R1407Q,0.275"
X-3801,JAK2,3717.0,Del0.8,0.57
X-3801,KAL1,3730.0,Del0.8,0.76
X-3801,KANK1,23189.0,Del0.8,0.37
X-3801,KGFLP2,654466.0,Del0.8,0.73
X-3801,KHDRBS3,10656.0,Amp5,7.26
X-3801,KIAA0182,23199.0,MutNovel,"I109F,0.391"
X-3801,KIF14,9928.0,MutNovel,"H1209Q,0.828"
X-3801,KIF4A,24137.0,MutNovel,"E786G,0.474"
X-3801,KLHL9,55958.0,Del0.8,0.4
X-3801,KNTC1,9735.0,MutNovel,"R1539Q,1.000"
X-3801,KRAS,3845.0,MutKnownFunctional,"G12V,0.618"
X-3801,KRT14,3861.0,MutNovel,"T308S,1.000"
X-3801,KRT14,3861.0,MutNovel,"E304D,1.000"
X-3801,LACE1,246269.0,MutNovel,"G450R,0.432"
X-3801,LAMA3,3909.0,Amp5,6.36
X-3801,LAMB2,3913.0,MutNovel,"A1556T,0.674"
X-3801,LGALS9C,654346.0,MutNovel,"S263N,0.750"
X-3801,LGALS9C,654346.0,MutNovel,"M269L,0.750"
X-3801,LIMS1,3987.0,MutNovel,"A2V,1.000"
X-3801,LMNB2,84823.0,MutNovel,"A19T,1.000"
X-3801,LOC100129407,100129407.0,Del0.8,0.67
X-3801,LOC100132247,100132247.0,MutNovel,"Q706R,0.500"
X-3801,LOC100133123,100133123.0,Del0.8,0.76
X-3801,LOC100288814,100288814.0,Del0.8,0.76
X-3801,LOC100499466,100499466.0,Del0.8,0.29
X-3801,LOC100509263,,MutNovel,"R333W,1.000"
X-3801,LOC286094,286094.0,Amp5,7.26
X-3801,LOC642236,642236.0,Del0.8,0.64
X-3801,LOC642929,642929.0,Del0.8,0.73
X-3801,LRRC6,23639.0,Amp8,8.69
X-3801,LSR,51599.0,MutNovel,"G518GR,0.395"
X-3801,LYPLA1,10434.0,Amp5,6.02
X-3801,MAGEA1,4100.0,Del0.8,0.8
X-3801,MAGEA12,4111.0,Del0.8,0.8
X-3801,MAGEA2,4101.0,Del0.8,0.8
X-3801,MAGEA2,4101.0,Del0.8,0.8
X-3801,MAGEA3,4102.0,Del0.8,0.8
X-3801,MAGEA6,4105.0,Del0.8,0.8
X-3801,MAP2K4,6416.0,Del0.8,0.69
X-3801,MAP3K1,4214.0,MutNovel,"P981S,0.453"
X-3801,MFNG,4242.0,MutNovel,"W78C,0.578"
X-3801,MGC21881,389741.0,Del0.8,0.73
X-3801,MID1,4281.0,Del0.8,0.76
X-3801,MIR105-1,406897.0,Del0.8,0.8
X-3801,MIR105-2,406898.0,Del0.8,0.8
X-3801,MIR30B,407030.0,Amp5,7.26
X-3801,MIR30D,407033.0,Amp5,7.26
X-3801,MIR31,407035.0,Del0.8,0.4
X-3801,MIR31HG,554202.0,Del0.8,0.4
X-3801,MIR346,442911.0,Amp5,6.06
X-3801,MIR744,100126313.0,Del0.8,0.34
X-3801,MIR767,768215.0,Del0.8,0.8
X-3801,MLL5,55904.0,MutNovel,"S754L,0.395"
X-3801,MLLT3,4300.0,MutNovel,"K22N,0.250"
X-3801,MOSPD2,158747.0,Del0.8,0.76
X-3801,MPRIP,23164.0,MutNovel,"TSS178T,0.522"
X-3801,MRPL15,29088.0,Amp5,6.02
X-3801,MSL3,10943.0,Del0.8,0.76
X-3801,MTAP,4507.0,Del0.8,0.4
X-3801,MTRNR2L8,100463486.0,MutNovel,"P3S,1.000"
X-3801,MUC2,4583.0,MutNovel,"S1582L,0.250"
X-3801,MUC4,4585.0,MutNovel,"HA4205QT,0.600"
X-3801,MUC4,4585.0,MutNovel,"P3442A,1.000"
X-3801,MUC4,4585.0,MutNovel,"P2562S,0.429"
X-3801,MUC4,4585.0,MutNovel,"G2412S,0.400"
X-3801,MUC4,4585.0,MutNovel,"SS2373RP,1.000"
X-3801,MUC5B,727897.0,MutNovel,"P2333S,0.263"
X-3801,MUC6,4588.0,MutNovel,"A1471S,1.000"
X-3801,MXRA8,54587.0,MutNovel,"A41T,0.705"
X-3801,MZF1,7593.0,MutNovel,"E298K,0.250"
X-3801,NAPG,8774.0,Amp5,5.13
X-3801,NBPF1,55672.0,MutNovel,"C753F,0.231"
X-3801,NBPF1,55672.0,MutNovel,"L648V,1.000"
X-3801,NBPF10,100132406.0,MutNovel,"T1374I,1.000"
X-3801,NBPF9,400818.0,MutNovel,"Q184R,1.000"
X-3801,NCOA3,8202.0,MutNovel,"Q1255-,0.357"
X-3801,NCOR2,9612.0,MutNovel,"G1839GAAA,0.400"
X-3801,NDRG1,10397.0,Amp8,8.69
X-3801,NDUFV2,4729.0,Amp5,5.13
X-3801,NMNAT1,64802.0,MutNovel,"V178M,0.329"
X-3801,NPBWR1,2831.0,Amp5,6.02
X-3801,NPC1,4864.0,Amp5,5.39
X-3801,NPIP,9284.0,MutNovel,"Q189R,1.000"
X-3801,NPIPL3,23117.0,MutNovel,"R1105C,0.500"
X-3801,NR1H2,7376.0,MutNovel,"-173Q,0.286"
X-3801,NSDHL,50814.0,Del0.8,0.8
X-3801,NTMT1,,MutNovel,"S38C,0.444"
X-3801,NUP62CL,54830.0,MutKnownFunctional,"-119,0.850"
X-3801,OFD1,8481.0,Del0.8,0.76
X-3801,OPRK1,4986.0,Amp5,6.02
X-3801,OR2T10,127069.0,Amp5,6.06
X-3801,OR2T11,127077.0,Amp5,6.06
X-3801,OR2T35,403244.0,Amp5,6.06
X-3801,PABPC3,5042.0,MutKnownFunctional,"-247GE?,0.750"
X-3801,PARG,8505.0,MutNovel,"A584T,0.219"
X-3801,PCDHB13,56123.0,MutNovel,"V163I,1.000"
X-3801,PCM1,5108.0,MutNovel,"K658N,0.962"
X-3801,PGP,283871.0,MutNovel,"S284T,0.649"
X-3801,PHF20L1,51105.0,Amp8,8.69
X-3801,PHLDA1,22822.0,MutNovel,"QQ194Q,0.582"
X-3801,PIEZO2,63895.0,Amp5,5.13
X-3801,PIGA,5277.0,Del0.8,0.76
X-3801,PIGO,84720.0,MutNovel,"H908P,0.250"
X-3801,PIR,8544.0,Del0.8,0.76
X-3801,PIR-FIGF,100532742.0,Del0.8,0.76
X-3801,PLA2G10,8399.0,MutNovel,"R38C,0.380"
X-3801,PLEKHN1,84069.0,MutNovel,"S521C,0.489"
X-3801,PNMA3,29944.0,Del0.8,0.8
X-3801,PNMA5,114824.0,Del0.8,0.8
X-3801,PNMA6A,84968.0,Del0.8,0.8
X-3801,PNMA6A,84968.0,Del0.8,0.8
X-3801,PNMA6C,100287428.0,Del0.8,0.8
X-3801,PNMA6D,100287466.0,Del0.8,0.8
X-3801,PNMA6D,100287466.0,Del0.8,0.8
X-3801,PPP4R1,9989.0,Amp5,5.13
X-3801,PRPS2,5634.0,Del0.8,0.76
X-3801,PRR12,57479.0,MutNovel,"G212S,0.471"
X-3801,PRSS50,29122.0,MutNovel,"A53T,0.286"
X-3801,PUM2,23369.0,MutNovel,"N193S,0.360"
X-3801,R3HDM4,91300.0,MutNovel,"S126F,0.290"
X-3801,RAB31,11031.0,Amp5,5.13
X-3801,RAB9A,9367.0,Del0.8,0.76
X-3801,RALBP1,10928.0,Amp5,5.13
X-3801,RGS20,8601.0,Amp5,6.02
X-3801,RIN2,54453.0,MutNovel,"D123N,1.000"
X-3801,RNF135,84282.0,MutNovel,"A330P,1.000"
X-3801,RP1,6101.0,Amp5,6.02
X-3801,RYK,6259.0,MutNovel,"A50V,1.000"
X-3801,SERINC2,347735.0,MutNovel,"-373Q,0.738"
X-3801,SF3A1,10291.0,MutNovel,"P403A,0.412"
X-3801,SFTPA2,729238.0,MutNovel,"V50L,0.600"
X-3801,SHKBP1,92799.0,MutNovel,"P41R,0.480"
X-3801,SHROOM2,357.0,Del0.8,0.76
X-3801,SLA,6503.0,Amp8,8.69
X-3801,SLCO3A1,28232.0,MutNovel,"E660G,0.377"
X-3801,SLX4,84464.0,MutNovel,"Q1041L,0.909"
X-3801,SMARCA2,6595.0,Del0.8,0.64
X-3801,SMC6,79677.0,MutNovel,"I491L,0.397"
X-3801,SOX17,64321.0,Amp5,6.02
X-3801,SPEN,23013.0,MutNovel,"E1100D,1.000"
X-3801,SPR,6697.0,MutKnownFunctional,"K251*,0.648"
X-3801,SSBP2,23635.0,MutNovel,"G346D,0.485"
X-3801,ST3GAL1,6482.0,Amp8,8.69
X-3801,TAF7,6879.0,MutNovel,"Q195K,0.310"
X-3801,TBL1X,6907.0,Del0.8,0.76
X-3801,TCEA1,6917.0,Amp5,6.02
X-3801,TCEANC,170082.0,Del0.8,0.76
X-3801,TCHP,84260.0,MutNovel,"R117W,0.308"
X-3801,TG,7038.0,Amp8,8.69
X-3801,TLE4,7091.0,MutNovel,"A127T,0.667"
X-3801,TLK2,11011.0,MutNovel,"R262Q,0.370"
X-3801,TLR7,51284.0,Del0.8,0.76
X-3801,TLR8,51311.0,Del0.8,0.76
X-3801,TLR8-AS1,349408.0,Del0.8,0.76
X-3801,TMEM27,57393.0,Del0.8,0.76
X-3801,TMEM71,137835.0,Amp8,8.69
X-3801,TMSB4X,7114.0,Del0.8,0.76
X-3801,TONSL,4796.0,MutNovel,"Y121C,0.579"
X-3801,TP53,7157.0,MutKnownFunctional,"-333,0.786"
X-3801,TP53BP1,7158.0,MutNovel,"T1161I,0.524"
X-3801,TRAPPC2,6399.0,Del0.8,0.76
X-3801,TREX2,11219.0,Del0.8,0.8
X-3801,TSPYL1,7259.0,MutNovel,"V176VW,0.603"
X-3801,TTC39C,125488.0,Amp5,6.36
X-3801,TTC7A,57217.0,MutNovel,"M355I,0.500"
X-3801,TTLL5,23093.0,MutNovel,"R552Q,1.000"
X-3801,TTLL6,284076.0,MutNovel,"R298H,1.000"
X-3801,TUBGCP4,27229.0,MutNovel,"S37R,0.727"
X-3801,TWSG1,57045.0,Amp5,5.13
X-3801,TXNDC2,84203.0,Amp5,5.13
X-3801,USP38,84640.0,MutNovel,"T1036A,0.380"
X-3801,UTY,7404.0,MutNovel,"P968S,0.750"
X-3801,UTY,7404.0,MutNovel,"RP966SV,0.833"
X-3801,UTY,7404.0,MutNovel,"P965V,0.778"
X-3801,UTY,7404.0,MutNovel,"P964N,0.636"
X-3801,UTY,7404.0,MutNovel,"PP963IT,0.818"
X-3801,UTY,7404.0,MutNovel,"C962S,0.600"
X-3801,UTY,7404.0,MutNovel,"C962S,0.750"
X-3801,UTY,7404.0,MutNovel,"K961Q,0.636"
X-3801,UTY,7404.0,MutKnownFunctional,"SQ923S*,0.222"
X-3801,UTY,7404.0,MutNovel,"T922Q,0.222"
X-3801,UTY,7404.0,MutKnownFunctional,"VD912V*,0.250"
X-3801,UTY,7404.0,MutNovel,"KV911NQ,0.267"
X-3801,UTY,7404.0,MutNovel,"T910K,0.333"
X-3801,UTY,7404.0,MutKnownFunctional,"ST909S*,0.333"
X-3801,UTY,7404.0,MutNovel,"MQ553TK,0.429"
X-3801,UTY,7404.0,MutNovel,"V551T,0.333"
X-3801,UTY,7404.0,MutNovel,"F550N,0.333"
X-3801,UTY,7404.0,MutNovel,"SQ548AK,0.333"
X-3801,UTY,7404.0,MutNovel,"LE546FS,0.429"
X-3801,UTY,7404.0,MutNovel,"QL545LL,0.500"
X-3801,UTY,7404.0,MutNovel,"E544A,0.500"
X-3801,UTY,7404.0,MutNovel,"H541C,0.500"
X-3801,UTY,7404.0,MutKnownFunctional,"QK539Q*,0.667"
X-3801,UTY,7404.0,MutKnownFunctional,"PA537Q*,0.600"
X-3801,UTY,7404.0,MutNovel,"NP536RT,0.600"
X-3801,UTY,7404.0,MutNovel,"L535S,0.600"
X-3801,UTY,7404.0,MutNovel,"DN533LY,0.600"
X-3801,UTY,7404.0,MutNovel,"L394P,0.571"
X-3801,UTY,7404.0,MutKnownFunctional,"I391*,0.556"
X-3801,UTY,7404.0,MutNovel,"RI390IF,0.500"
X-3801,UTY,7404.0,MutNovel,"A389S,0.500"
X-3801,UTY,7404.0,MutNovel,"A389S,0.500"
X-3801,UTY,7404.0,MutNovel,"LA387HH,0.417"
X-3801,UTY,7404.0,MutNovel,"L387V,0.583"
X-3801,UTY,7404.0,MutNovel,"S385G,0.545"
X-3801,UTY,7404.0,MutNovel,"NT383TS,0.643"
X-3801,UTY,7404.0,MutNovel,"S382T,0.538"
X-3801,UTY,7404.0,MutNovel,"C381S,0.533"
X-3801,UTY,7404.0,MutNovel,"R380S,0.600"
X-3801,UTY,7404.0,MutKnownFunctional,"SK378T*,0.533"
X-3801,UTY,7404.0,MutNovel,"R377L,0.500"
X-3801,UTY,7404.0,MutNovel,"A376L,0.600"
X-3801,UTY,7404.0,MutNovel,"N374L,0.667"
X-3801,UTY,7404.0,MutNovel,"YL372SA,0.667"
X-3801,UTY,7404.0,MutNovel,"CY371YN,0.714"
X-3801,UTY,7404.0,MutNovel,"K370F,0.615"
X-3801,UTY,7404.0,MutNovel,"I369C,0.600"
X-3801,UTY,7404.0,MutNovel,"QD366GH,0.600"
X-3801,UTY,7404.0,MutNovel,"P365R,0.600"
X-3801,UTY,7404.0,MutKnownFunctional,"NQ363S*,0.538"
X-3801,UTY,7404.0,MutNovel,"C362N,0.583"
X-3801,UTY,7404.0,MutNovel,"S361R,0.700"
X-3801,UTY,7404.0,MutKnownFunctional,"YE359Y*,0.556"
X-3801,UTY,7404.0,MutNovel,"L358T,0.556"
X-3801,UTY,7404.0,MutNovel,"G356S,0.556"
X-3801,UTY,7404.0,MutKnownFunctional,"DL354G*,0.556"
X-3801,UTY,7404.0,MutNovel,"MD353RN,0.500"
X-3801,UTY,7404.0,MutNovel,"W352Q,0.500"
X-3801,UTY,7404.0,MutNovel,"AA350ET,0.429"
X-3801,UTY,7404.0,MutNovel,"HA348QN,0.429"
X-3801,UTY,7404.0,MutNovel,"Q343E,0.500"
X-3801,UTY,7404.0,MutNovel,"IC339MS,0.333"
X-3801,UTY,7404.0,MutNovel,"A337G,0.500"
X-3801,UTY,7404.0,MutNovel,"LQ243RK,0.400"
X-3801,UTY,7404.0,MutNovel,"AT240EH,0.400"
X-3801,UTY,7404.0,MutNovel,"KA239NP,0.400"
X-3801,UTY,7404.0,MutKnownFunctional,"V238*,0.400"
X-3801,UTY,7404.0,MutNovel,"LP234GT,0.286"
X-3801,UTY,7404.0,MutNovel,"Y180N,0.250"
X-3801,UTY,7404.0,MutNovel,"M173I,0.286"
X-3801,UTY,7404.0,MutNovel,"V136N,0.364"
X-3801,UTY,7404.0,MutNovel,"GL134VP,0.273"
X-3801,UTY,7404.0,MutKnownFunctional,"K125*,0.375"
X-3801,UTY,7404.0,MutKnownFunctional,"WK124Y*,0.375"
X-3801,UTY,7404.0,MutKnownFunctional,"Y123*,0.375"
X-3801,UTY,7404.0,MutNovel,"Y116H,0.286"
X-3801,UTY,7404.0,MutNovel,"L46S,0.800"
X-3801,UTY,7404.0,MutNovel,"TV39CF,0.429"
X-3801,UTY,7404.0,MutNovel,"L38C,0.429"
X-3801,UTY,7404.0,MutNovel,"S37I,0.429"
X-3801,VAPA,9218.0,Amp5,5.13
X-3801,VCX3B,425054.0,Del0.8,0.76
X-3801,WAPAL,23063.0,Amp5,6.06
X-3801,WDR35,57539.0,MutNovel,"T877A,0.341"
X-3801,WDR62,284403.0,MutNovel,"R856H,0.467"
X-3801,WISP1,8840.0,Amp8,8.69
X-3801,WWC3,55841.0,Del0.8,0.76
X-3801,XPO7,23039.0,Del0.8,0.64
X-3801,ZC3H4,23211.0,MutNovel,"T923A,0.800"
X-3801,ZFAT,57623.0,Amp5,7.26
X-3801,ZFAT-AS1,594840.0,Amp5,7.26
X-3801,ZFP92,139735.0,Del0.8,0.8
X-3801,ZNF185,7739.0,Del0.8,0.8
X-3801,ZNF275,10838.0,Del0.8,0.8
X-3801,ZNF354B,117608.0,MutNovel,"S96L,0.588"
X-3801,ZNF595,152687.0,MutKnownFunctional,"E177*,0.227"
X-3801,ZNF613,79898.0,MutNovel,"G161E,0.360"
X-3801,ZNF728,,MutNovel,"A82P,1.000"
X-3801,ZNF728,,MutNovel,"S79P,1.000"
X-3801,ZNF728,,MutNovel,"V76G,1.000"
X-3801,ZNF772,400720.0,MutNovel,"A4GP,0.833"
X-3801,ZNF850,342892.0,MutNovel,"R840C,0.750"
X-3801,ZRANB1,54764.0,MutKnownFunctional,"-709?,0.455"
X-3816,ADAM3A,1587.0,Del0.8,0.31
X-3816,ADAM5P,255926.0,Del0.8,0.48
X-3816,AHNAK,79026.0,MutNovel,"G4181S,0.332"
X-3816,ALS2CR11,151254.0,Del0.8,0.77
X-3816,AMELY,266.0,Del0.8,0.32
X-3816,ANKRD36C,,MutNovel,"H1858Q,1.000"
X-3816,APOB,338.0,MutKnownFunctional,"Q2180*,0.857"
X-3816,ATP1A1,476.0,Amp5,5.9
X-3816,ATP1A1OS,84852.0,Amp5,5.9
X-3816,BCORP1,286554.0,Del0.8,0.32
X-3816,BPY2B,442867.0,Del0.8,0.32
X-3816,BPY2B,442867.0,Del0.8,0.32
X-3816,BRD9,65980.0,MutNovel,"V397A,0.365"
X-3816,C9orf53,51198.0,Del0.8,0.34
X-3816,CASP10,843.0,Del0.8,0.78
X-3816,CASP8,841.0,Del0.8,0.78
X-3816,CD101,9398.0,Amp5,5.9
X-3816,CD2,914.0,Amp5,5.9
X-3816,CD58,965.0,Amp5,5.9
X-3816,CDKN2A,1029.0,Del0.8,0.34
X-3816,CDKN2B,1030.0,Del0.8,0.44
X-3816,CDY1B,253175.0,Del0.8,0.32
X-3816,CDY1B,253175.0,Del0.8,0.32
X-3816,CDY2A,9426.0,Del0.8,0.32
X-3816,CDY2A,9426.0,Del0.8,0.32
X-3816,CDY2B,203611.0,Del0.8,0.32
X-3816,CDY2B,203611.0,Del0.8,0.32
X-3816,CEACAM1,634.0,MutNovel,"S96I,0.203"
X-3816,CEACAM3,1084.0,MutNovel,"Q123H,0.986"
X-3816,CEACAM8,1088.0,MutNovel,"T171A,0.857"
X-3816,CEP120,153241.0,MutNovel,"L407S,0.600"
X-3816,CHD9,80205.0,MutNovel,"N2433S,0.538"
X-3816,CREB3L1,90993.0,MutNovel,"E323K,0.286"
X-3816,CSPG4P1Y,114758.0,Del0.8,0.32
X-3816,CSPG4P1Y,114758.0,Del0.8,0.32
X-3816,CTDSPL,10217.0,Del0.8,0.78
X-3816,CTSA,5476.0,MutNovel,"L29-,0.949"
X-3816,DAZ1,1617.0,Del0.8,0.32
X-3816,DAZ2,57055.0,Del0.8,0.32
X-3816,DAZ3,57054.0,Del0.8,0.32
X-3816,DAZ3,57054.0,Del0.8,0.32
X-3816,DAZ4,57135.0,Del0.8,0.32
X-3816,DAZ4,57135.0,Del0.8,0.32
X-3816,DDX10,1662.0,MutNovel,"K845A,0.597"
X-3816,DDX3Y,8653.0,Del0.8,0.32
X-3816,DGKD,8527.0,MutNovel,"V1120M,0.405"
X-3816,DST,667.0,MutNovel,"LLKQ3265Q,0.247"
X-3816,EIF1AY,9086.0,Del0.8,0.32
X-3816,ELMO2,63916.0,MutNovel,"L155P,0.406"
X-3816,ETV6,2120.0,MutNovel,"R396T,0.383"
X-3816,FAM197Y2P,252946.0,Del0.8,0.32
X-3816,FAM21A,387680.0,Del0.8,0.57
X-3816,FAM41AY1,340618.0,Del0.8,0.32
X-3816,FAM41AY1,340618.0,Del0.8,0.32
X-3816,FAM46C,54855.0,Amp5,5.9
X-3816,FAM90A1,55138.0,Amp5,5.24
X-3816,FCGBP,8857.0,MutNovel,"A2715V,1.000"
X-3816,FUT4,2526.0,MutNovel,"E22K,0.667"
X-3816,GDAP2,54834.0,Amp5,5.9
X-3816,GOLGA2P2Y,84559.0,Del0.8,0.32
X-3816,GOLGA2P2Y,84559.0,Del0.8,0.32
X-3816,GPR125,166647.0,MutNovel,"P18R,1.000"
X-3816,GPRIN2,9721.0,MutNovel,"-238MRE,0.600"
X-3816,GSTK1,373156.0,MutNovel,"H251Q,0.391"
X-3816,GYG2P1,352887.0,Del0.8,0.32
X-3816,HEXB,3074.0,MutNovel,"HEPA113H,0.598"
X-3816,HLA-A,3105.0,MutNovel,"A182T,0.463"
X-3816,HLA-G,3135.0,MutNovel,"A34T,0.444"
X-3816,HLA-G,3135.0,MutNovel,"A34I,0.444"
X-3816,HSFY2,159119.0,Del0.8,0.32
X-3816,HSFY2,159119.0,Del0.8,0.32
X-3816,IAH1,285148.0,MutNovel,"A7T,0.432"
X-3816,IGSF3,3321.0,Amp5,5.9
X-3816,IL1RL1,9173.0,Del0.8,0.78
X-3816,IVL,3713.0,MutNovel,"E50D,0.429"
X-3816,KDM5D,8284.0,Del0.8,0.32
X-3816,KIAA0391,9692.0,MutKnownFunctional,"-83?,0.267"
X-3816,KIAA0556,23247.0,MutNovel,"R251H,0.474"
X-3816,KIAA1841,84542.0,MutNovel,"R716H,0.385"
X-3816,KRAS,3845.0,MutKnownFunctional,"G12V,0.492"
X-3816,LCE3C,353144.0,Del0.8,0.44
X-3816,LGALS9C,654346.0,Del0.8,0.35
X-3816,LIX1L,128077.0,MutNovel,"R22Q,0.429"
X-3816,LOC440563,440563.0,MutNovel,"K166Q,1.000"
X-3816,LOC728888,,MutNovel,"P532L,0.667"
X-3816,MAB21L3,126868.0,Amp8,9.25
X-3816,MAN1A2,10905.0,Amp5,5.9
X-3816,MCM7,4176.0,MutNovel,"R396Q,0.344"
X-3816,MEF2A,4205.0,MutNovel,"QQ412-,0.312"
X-3816,MEGF6,1953.0,MutNovel,"R1364C,1.000"
X-3816,MIR320B1,100302117.0,Amp5,5.9
X-3816,MIR4767,100616467.0,Del0.8,0.75
X-3816,MIR942,100126331.0,Amp5,5.9
X-3816,MLYCD,23417.0,MutNovel,"G172E,0.529"
X-3816,MPRIP,23164.0,MutNovel,"TS178T,0.550"
X-3816,MTAP,4507.0,Del0.8,0.54
X-3816,MUC20,200958.0,MutNovel,"A54T,0.583"
X-3816,MUC4,4585.0,MutNovel,"A1673V,1.000"
X-3816,NBPF1,55672.0,MutNovel,"R385W,0.500"
X-3816,NBPF10,100132406.0,MutNovel,"Q493K,0.250"
X-3816,NBPF12,,MutNovel,"I338L,0.500"
X-3816,NBPF14,25832.0,MutNovel,"I861G,0.364"
X-3816,NCOA5,57727.0,MutNovel,"M113I,0.294"
X-3816,NCOA5,57727.0,MutNovel,"S66I,0.210"
X-3816,NCOR2,9612.0,MutNovel,"G1839GAAA,0.625"
X-3816,NCRNA00185,55410.0,Del0.8,0.32
X-3816,NDFIP2,54602.0,MutNovel,"V173L,0.679"
X-3816,NEDD1,121441.0,MutNovel,"T130S,0.219"
X-3816,NFATC2,4773.0,MutNovel,"S314L,0.667"
X-3816,NLGN4Y,22829.0,Del0.8,0.32
X-3816,NOMO1,23420.0,MutNovel,"V445M,0.400"
X-3816,NPIPL3,23117.0,MutNovel,"A973V,1.000"
X-3816,NUF2,83540.0,MutNovel,"R343T,0.283"
X-3816,ORAI1,84876.0,MutNovel,"PP43-,0.700"
X-3816,PCDH11Y,83259.0,Del0.8,0.32
X-3816,PDS5B,23047.0,MutNovel,"R89S,0.312"
X-3816,PFKP,5214.0,MutNovel,"R632T,0.482"
X-3816,PGAP1,80055.0,MutNovel,"F921L,0.273"
X-3816,PHF21A,51317.0,MutNovel,"S475F,0.850"
X-3816,PHLDA1,22822.0,MutNovel,"QQ194Q,0.541"
X-3816,PIGN,23556.0,MutNovel,"E129Q,0.263"
X-3816,PLA2G2A,5320.0,MutNovel,"G45S,1.000"
X-3816,PLCH1,23007.0,MutNovel,"F381L,0.250"
X-3816,PNRC1,10957.0,MutNovel,"A152V,1.000"
X-3816,PRDX5,25824.0,MutNovel,"M183V,0.369"
X-3816,PRKY,5616.0,Del0.8,0.32
X-3816,PROS1,5627.0,MutNovel,"T478S,0.525"
X-3816,PRY,9081.0,Del0.8,0.32
X-3816,PRY,9081.0,Del0.8,0.32
X-3816,PRY2,442862.0,Del0.8,0.32
X-3816,PRY2,442862.0,Del0.8,0.32
X-3816,PTGFRN,5738.0,Amp5,5.9
X-3816,RBBP6,5930.0,MutNovel,"T83I,0.581"
X-3816,RBMY1A3P,286557.0,Del0.8,0.32
X-3816,RBMY1B,378948.0,Del0.8,0.32
X-3816,RBMY1B,378948.0,Del0.8,0.32
X-3816,RBMY1E,378950.0,Del0.8,0.32
X-3816,RBMY1E,378950.0,Del0.8,0.32
X-3816,RBMY1F,159163.0,Del0.8,0.32
X-3816,RBMY1F,159163.0,Del0.8,0.32
X-3816,RBMY1J,378951.0,Del0.8,0.32
X-3816,RBMY1J,378951.0,Del0.8,0.32
X-3816,RBMY2EP,159125.0,Del0.8,0.32
X-3816,RBMY2FP,159162.0,Del0.8,0.32
X-3816,RBMY3AP,64593.0,Del0.8,0.32
X-3816,RHD,6007.0,Del0.8,0.55
X-3816,RIN3,79890.0,MutNovel,"G967-,0.522"
X-3816,RPGR,6103.0,MutNovel,"V563M,1.000"
X-3816,RPL7L1,285855.0,MutNovel,"R234Q,0.621"
X-3816,RPS4Y1,6192.0,Del0.8,0.32
X-3816,RPS4Y2,140032.0,Del0.8,0.32
X-3816,SERINC2,347735.0,MutNovel,"-373Q,0.766"
X-3816,SHANK2,22941.0,MutNovel,"R1559H,0.600"
X-3816,SLC16A3,9123.0,MutNovel,"P213H,0.995"
X-3816,SLC22A15,55356.0,MutNovel,"H85R,0.214"
X-3816,SLC22A15,55356.0,Amp8,9.25
X-3816,SLC35C2,51006.0,MutNovel,"V98L,0.417"
X-3816,SLFN11,91607.0,MutNovel,"T490I,1.000"
X-3816,SPAG17,200162.0,Amp5,5.9
X-3816,SRY,6736.0,Del0.8,0.32
X-3816,STK35,140901.0,MutNovel,"G225R,0.471"
X-3816,STRADB,55437.0,Del0.8,0.77
X-3816,TAF2,6873.0,MutNovel,"T961I,1.000"
X-3816,TBL1Y,90665.0,Del0.8,0.32
X-3816,TBP,6908.0,MutNovel,"-64Q,0.400"
X-3816,TCF20,6942.0,MutNovel,"R1045W,0.967"
X-3816,TGIF2LY,90655.0,Del0.8,0.32
X-3816,TLE4,7091.0,MutNovel,"D544N,0.500"
X-3816,TM4SF1,4071.0,MutNovel,"S39F,0.285"
X-3816,TMEM136,219902.0,MutNovel,"E143D,0.545"
X-3816,TMEM214,54867.0,MutNovel,"W666R,0.333"
X-3816,TMEM237,65062.0,Del0.8,0.77
X-3816,TMSB4Y,9087.0,Del0.8,0.32
X-3816,TP53,7157.0,MutLikelyFunctional,"H179Q,1.000"
X-3816,TRAK2,66008.0,Del0.8,0.77
X-3816,TRIM45,80263.0,Amp5,5.9
X-3816,TRMT13,,MutNovel,"D201N,0.636"
X-3816,TSPY1,7258.0,Del0.8,0.32
X-3816,TSPY2,64591.0,Del0.8,0.32
X-3816,TSPY3,728137.0,Del0.8,0.32
X-3816,TSPY4,728395.0,Del0.8,0.32
X-3816,TSPY8,728403.0,Del0.8,0.32
X-3816,TTF2,8458.0,Amp5,5.9
X-3816,TTTY10,246119.0,Del0.8,0.32
X-3816,TTTY11,83866.0,Del0.8,0.32
X-3816,TTTY12,83867.0,Del0.8,0.32
X-3816,TTTY13,83868.0,Del0.8,0.32
X-3816,TTTY14,83869.0,Del0.8,0.32
X-3816,TTTY15,64595.0,Del0.8,0.32
X-3816,TTTY16,252948.0,Del0.8,0.32
X-3816,TTTY17A,252949.0,Del0.8,0.32
X-3816,TTTY17A,252949.0,Del0.8,0.32
X-3816,TTTY18,252950.0,Del0.8,0.32
X-3816,TTTY19,252952.0,Del0.8,0.32
X-3816,TTTY1B,100101116.0,Del0.8,0.32
X-3816,TTTY1B,100101116.0,Del0.8,0.32
X-3816,TTTY2,60439.0,Del0.8,0.32
X-3816,TTTY2,60439.0,Del0.8,0.32
X-3816,TTTY20,252951.0,Del0.8,0.32
X-3816,TTTY21,252953.0,Del0.8,0.32
X-3816,TTTY21,252953.0,Del0.8,0.32
X-3816,TTTY22,252954.0,Del0.8,0.32
X-3816,TTTY23,252955.0,Del0.8,0.32
X-3816,TTTY23,252955.0,Del0.8,0.32
X-3816,TTTY3,114760.0,Del0.8,0.32
X-3816,TTTY3,114760.0,Del0.8,0.32
X-3816,TTTY4,114761.0,Del0.8,0.32
X-3816,TTTY4,114761.0,Del0.8,0.32
X-3816,TTTY5,83863.0,Del0.8,0.32
X-3816,TTTY6,84672.0,Del0.8,0.32
X-3816,TTTY6,84672.0,Del0.8,0.32
X-3816,TTTY7,246122.0,Del0.8,0.32
X-3816,TTTY7,246122.0,Del0.8,0.32
X-3816,TTTY7B,100101120.0,Del0.8,0.32
X-3816,TTTY7B,100101120.0,Del0.8,0.32
X-3816,TTTY8,84673.0,Del0.8,0.32
X-3816,TTTY8,84673.0,Del0.8,0.32
X-3816,TTTY9A,83864.0,Del0.8,0.32
X-3816,TTTY9A,83864.0,Del0.8,0.32
X-3816,TXLNG2P,246126.0,Del0.8,0.32
X-3816,UBR5,51366.0,MutKnownFunctional,"-2120?,0.266"
X-3816,USP9Y,8287.0,Del0.8,0.32
X-3816,UTY,7404.0,Del0.8,0.32
X-3816,VCY,9084.0,Del0.8,0.32
X-3816,VCY,9084.0,Del0.8,0.32
X-3816,VTCN1,79679.0,Amp5,5.9
X-3816,WDR3,10885.0,Amp5,5.9
X-3816,WIPF2,147179.0,MutKnownFunctional,"S364*,0.333"
X-3816,XKRY2,353515.0,Del0.8,0.32
X-3816,XKRY2,353515.0,Del0.8,0.32
X-3816,ZFP36L1,677.0,MutNovel,"L140F,0.445"
X-3816,ZFY,7544.0,Del0.8,0.32
X-3816,ZMYM6,9204.0,MutKnownFunctional,"R486*,1.000"
X-3816,ZNF619,285267.0,MutNovel,"T295A,1.000"
X-3816,ZNF746,155061.0,MutNovel,"E143K,0.609"
X-3816,ZNF845,91664.0,MutNovel,"R599K,0.375"
X-3846,ABCA5,23461.0,MutNovel,"E107V,1.000"
X-3846,ADA,100.0,MutNovel,"R142Q,0.500"
X-3846,ADAMTS1,9510.0,MutNovel,"A889S,1.000"
X-3846,ADH1B,125.0,MutNovel,"C104Y,1.000"
X-3846,AGAP5,729092.0,MutNovel,"V556I,0.273"
X-3846,AGAP8,728404.0,MutNovel,"I332V,1.000"
X-3846,AGAP9,642517.0,MutNovel,"W565R,1.000"
X-3846,AKT1S1,84335.0,Del0.8,0.66
X-3846,ALG9,79796.0,MutNovel,"R344S,0.441"
X-3846,AMELY,266.0,Del0.8,0.43
X-3846,ANTXR2,118429.0,MutNovel,"S141N,1.000"
X-3846,APOBEC3D,140564.0,MutNovel,"G57R,0.524"
X-3846,ARNTL2,56938.0,MutNovel,"G192A,0.564"
X-3846,BCORP1,286554.0,Del0.8,0.43
X-3846,BMP8B,656.0,MutNovel,"G20E,1.000"
X-3846,BPY2B,442867.0,Del0.8,0.27
X-3846,BPY2B,442867.0,Del0.8,0.27
X-3846,BRCA1,672.0,MutNovel,"C61G,1.000"
X-3846,BTBD7,55727.0,MutNovel,"E511D,1.000"
X-3846,C10orf12,26148.0,MutNovel,"D956N,1.000"
X-3846,C16orf89,146556.0,Amp5,6.5
X-3846,C5orf65,389333.0,MutNovel,"S260R,1.000"
X-3846,CDRT15L2,256223.0,Del0.8,0.54
X-3846,CDY1B,253175.0,Del0.8,0.27
X-3846,CDY1B,253175.0,Del0.8,0.27
X-3846,CDY2A,9426.0,Del0.8,0.43
X-3846,CDY2A,9426.0,Del0.8,0.43
X-3846,CDY2B,203611.0,Del0.8,0.43
X-3846,CDY2B,203611.0,Del0.8,0.43
X-3846,CLPTM1L,81037.0,MutNovel,"W328R,0.512"
X-3846,CRIPAK,285464.0,MutNovel,"V164A,1.000"
X-3846,CSDA,8531.0,MutNovel,"F117S,0.548"
X-3846,CSPG4P1Y,114758.0,Del0.8,0.27
X-3846,CSPG4P1Y,114758.0,Del0.8,0.27
X-3846,CTSA,5476.0,MutNovel,"L29-,0.818"
X-3846,DACT2,168002.0,MutNovel,"P410A,0.674"
X-3846,DAZ1,1617.0,Del0.8,0.27
X-3846,DAZ2,57055.0,Del0.8,0.27
X-3846,DAZ3,57054.0,Del0.8,0.27
X-3846,DAZ3,57054.0,Del0.8,0.27
X-3846,DAZ4,57135.0,Del0.8,0.27
X-3846,DAZ4,57135.0,Del0.8,0.27
X-3846,DCAF15,90379.0,MutNovel,"S161L,0.607"
X-3846,DDX3Y,8653.0,Del0.8,0.43
X-3846,DMRT1,1761.0,Amp5,5.9
X-3846,DMRT2,10655.0,Amp5,5.9
X-3846,DMRT3,58524.0,Amp5,5.9
X-3846,DSC2,1824.0,MutNovel,"ED878D,0.398"
X-3846,DST,667.0,MutNovel,"K2122E,0.588"
X-3846,DST,667.0,MutNovel,"K546Q,0.348"
X-3846,EDEM2,55741.0,MutNovel,"M223V,0.570"
X-3846,EIF1AY,9086.0,Del0.8,0.43
X-3846,EMP1,2012.0,MutNovel,"D124N,0.418"
X-3846,ETFB,2109.0,MutKnownFunctional,"-93?,0.727"
X-3846,FAM115A,9747.0,MutNovel,"P844A,0.386"
X-3846,FAM153A,285596.0,MutNovel,"V186G,0.857"
X-3846,FAM197Y2P,252946.0,Del0.8,0.43
X-3846,FAM41AY1,340618.0,Del0.8,0.43
X-3846,FAM41AY1,340618.0,Del0.8,0.3
X-3846,FFAR3,2865.0,Del0.8,0.59
X-3846,FIZ1,84922.0,MutNovel,"V162L,0.583"
X-3846,GIGYF2,26058.0,MutNovel,"PQ1231P,0.278"
X-3846,GLYR1,84656.0,Amp5,6.5
X-3846,GMPR,2766.0,MutNovel,"T273I,0.261"
X-3846,GOLGA2P2Y,84559.0,Del0.8,0.27
X-3846,GOLGA2P2Y,84559.0,Del0.8,0.27
X-3846,GOLGA6L2,,MutNovel,"I520L,1.000"
X-3846,GOLGB1,2804.0,MutNovel,"G2630D,0.469"
X-3846,GPRIN2,9721.0,MutNovel,"-238MRE,0.569"
X-3846,GYG2P1,352887.0,Del0.8,0.43
X-3846,HEG1,57493.0,MutKnownFunctional,"E1226*,0.300"
X-3846,HIST1H2BN,8341.0,MutNovel,"S92P,0.667"
X-3846,HLA-DPB1,3115.0,MutNovel,"Q5L,0.838"
X-3846,HLA-DPB1,3115.0,MutNovel,"F74Y,0.260"
X-3846,HLA-DRB5,3127.0,MutNovel,"E125L,1.000"
X-3846,HLA-DRB5,3127.0,MutNovel,"K41I,1.000"
X-3846,HLA-DRB5,3127.0,Amp5,5.03
X-3846,HLA-G,3135.0,MutNovel,"M69K,1.000"
X-3846,HLA-G,3135.0,MutNovel,"W75R,1.000"
X-3846,HOXB8,3218.0,MutNovel,"R173H,0.500"
X-3846,HSFY2,159119.0,Del0.8,0.21
X-3846,HSFY2,159119.0,Del0.8,0.21
X-3846,HSPA1B,3304.0,MutNovel,"N141S,1.000"
X-3846,IGSF9,57549.0,MutNovel,"R1153H,0.652"
X-3846,ILK,3611.0,MutNovel,"I93S,0.997"
X-3846,KANK1,23189.0,Amp8,8
X-3846,KDM5D,8284.0,Del0.8,0.43
X-3846,KDM6A,7403.0,MutKnownFunctional,"K799*,1.000"
X-3846,KIAA0391,9692.0,MutKnownFunctional,"-83?,0.259"
X-3846,KRAS,3845.0,MutKnownFunctional,"G12V,0.542"
X-3846,KRT14,3861.0,MutNovel,"S241N,0.800"
X-3846,KRT5,3852.0,MutNovel,"N412D,0.857"
X-3846,LAMC1,3915.0,MutNovel,"V304M,0.423"
X-3846,LGALS3,3958.0,MutNovel,"R129H,0.998"
X-3846,LGALS9B,284194.0,MutNovel,"V126M,1.000"
X-3846,LMO7,4008.0,MutNovel,"Y97C,0.667"
X-3846,LOC100132247,100132247.0,MutNovel,"R1086Q,0.500"
X-3846,LOC283710,283710.0,MutKnownFunctional,"-26,0.529"
X-3846,LOC440335,440335.0,Amp5,6.5
X-3846,LRBA,987.0,MutNovel,"T924S,1.000"
X-3846,LRRC31,79782.0,MutNovel,"G550E,0.564"
X-3846,LRRN3,54674.0,Del0.8,0.71
X-3846,MAP3K4,4216.0,MutNovel,"PA1189P,0.455"
X-3846,MAP3K6,9064.0,MutNovel,"R160Q,1.000"
X-3846,METTL17,64745.0,MutNovel,"R111T,0.474"
X-3846,MIDN,90007.0,MutNovel,"V452M,0.394"
X-3846,MIR4750,100616314.0,Del0.8,0.66
X-3846,MLL3,58508.0,MutKnownFunctional,"-2797?,0.250"
X-3846,MLLT6,4302.0,MutNovel,"P353L,0.238"
X-3846,MORC4,79710.0,MutNovel,"D108H,0.435"
X-3846,MPRIP,23164.0,MutNovel,"TS178T,0.478"
X-3846,MRPS18A,55168.0,MutNovel,"S67F,0.722"
X-3846,MUC5B,727897.0,MutNovel,"P2795L,0.232"
X-3846,MYH4,4622.0,MutNovel,"E510V,1.000"
X-3846,NAGPA,51172.0,Amp5,6.5
X-3846,NBPF9,400818.0,MutNovel,"A155K,0.333"
X-3846,NCOA3,8202.0,MutNovel,"Q1255-,0.259"
X-3846,NCOR2,9612.0,MutNovel,"G1839GAAA,0.421"
X-3846,NCRNA00185,55410.0,Del0.8,0.43
X-3846,NID1,4811.0,MutNovel,"E854K,0.736"
X-3846,NIPBL,25836.0,MutNovel,"P982L,0.432"
X-3846,NKD2,85409.0,MutNovel,"R60W,0.375"
X-3846,NLGN4Y,22829.0,Del0.8,0.43
X-3846,NOL10,79954.0,MutNovel,"L523I,1.000"
X-3846,NOMO2,283820.0,MutNovel,"M1232T,1.000"
X-3846,OBSCN,84033.0,MutNovel,"E2519D,0.273"
X-3846,ONECUT3,390874.0,MutNovel,"L178V,0.625"
X-3846,ORAI1,84876.0,MutNovel,"PP43-,0.909"
X-3846,PACRGL,133015.0,MutKnownFunctional,"-66,0.714"
X-3846,PARG,8505.0,MutNovel,"A584T,0.214"
X-3846,PARP11,57097.0,MutNovel,"R102C,0.538"
X-3846,PCDH11Y,83259.0,Del0.8,0.43
X-3846,PCDHB13,56123.0,MutNovel,"G741S,1.000"
X-3846,PCSK9,255738.0,MutNovel,"-15L,0.566"
X-3846,PIEZO1,9780.0,MutNovel,"A577T,0.470"
X-3846,POLA1,5422.0,MutNovel,"R1309H,1.000"
X-3846,POTEI,,MutNovel,"A814V,1.000"
X-3846,PPIL4,85313.0,MutNovel,"T438A,0.481"
X-3846,PPL,5493.0,Amp5,6.5
X-3846,PRDM10,56980.0,MutNovel,"E988D,0.556"
X-3846,PRKY,5616.0,Del0.8,0.43
X-3846,PRY,9081.0,Del0.8,0.43
X-3846,PRY,9081.0,Del0.8,0.27
X-3846,PRY2,442862.0,Del0.8,0.43
X-3846,PRY2,442862.0,Del0.8,0.27
X-3846,RAET1G,353091.0,MutNovel,"E58D,0.333"
X-3846,RAET1L,154064.0,MutNovel,"E58D,0.500"
X-3846,RARRES1,5918.0,MutNovel,"H68R,0.545"
X-3846,RBMY1A3P,286557.0,Del0.8,0.43
X-3846,RBMY1B,378948.0,Del0.8,0.43
X-3846,RBMY1B,378948.0,Del0.8,0.43
X-3846,RBMY1E,378950.0,Del0.8,0.43
X-3846,RBMY1E,378950.0,Del0.8,0.43
X-3846,RBMY1F,159163.0,Del0.8,0.34
X-3846,RBMY1F,159163.0,Del0.8,0.43
X-3846,RBMY1J,378951.0,Del0.8,0.27
X-3846,RBMY1J,378951.0,Del0.8,0.43
X-3846,RBMY2EP,159125.0,Del0.8,0.43
X-3846,RBMY2FP,159162.0,Del0.8,0.43
X-3846,RBMY3AP,64593.0,Del0.8,0.43
X-3846,REG1B,5968.0,MutNovel,"S96F,1.000"
X-3846,REG1B,5968.0,MutNovel,"S92G,1.000"
X-3846,ROGDI,79641.0,Amp5,6.5
X-3846,RPF1,80135.0,MutNovel,"R158Q,1.000"
X-3846,RPIA,22934.0,MutNovel,"R118S,0.506"
X-3846,RPS4Y1,6192.0,Del0.8,0.43
X-3846,RPS4Y2,140032.0,Del0.8,0.43
X-3846,RRBP1,6238.0,MutNovel,"G232S,0.487"
X-3846,SCAF1,58506.0,MutKnownFunctional,"-925,0.943"
X-3846,SEC14L5,9717.0,Amp5,6.5
X-3846,2014-09-12 00:00:00,124404.0,Amp5,6.5
X-3846,SERHL2,253190.0,MutNovel,"H168Q,0.211"
X-3846,SF1,7536.0,MutNovel,"P83Q,0.625"
X-3846,SHF,90525.0,MutNovel,"P270S,0.571"
X-3846,SLC35E3,55508.0,MutNovel,"F216L,0.534"
X-3846,SMARCC2,6601.0,MutNovel,"E762K,0.555"
X-3846,SMC2,10592.0,MutNovel,"R584K,0.824"
X-3846,SOGA1,,MutNovel,"T1211I,0.643"
X-3846,SPAG1,6674.0,MutKnownFunctional,"-499,1.000"
X-3846,SPEG,10290.0,MutNovel,"R685G,0.600"
X-3846,SRC,6714.0,MutNovel,"-528,0.549"
X-3846,SRY,6736.0,Del0.8,0.43
X-3846,ST6GALNAC2,10610.0,MutNovel,"G367S,1.000"
X-3846,SUSD2,56241.0,MutNovel,"G726A,0.467"
X-3846,TBC1D17,79735.0,Del0.8,0.66
X-3846,TBL1Y,90665.0,Del0.8,0.43
X-3846,TBP,6908.0,MutNovel,"-64Q,0.204"
X-3846,TCERG1,10915.0,MutNovel,"-206QA,0.278"
X-3846,TEKT4,150483.0,MutNovel,"R424C,1.000"
X-3846,TGIF2LY,90655.0,Del0.8,0.43
X-3846,TMCC1,23023.0,MutNovel,"I386F,0.593"
X-3846,TMEM184A,202915.0,MutNovel,"G392GA,0.476"
X-3846,TMEM86B,255043.0,MutNovel,"A85G,0.500"
X-3846,TMSB4Y,9087.0,Del0.8,0.43
X-3846,TNFAIP6,7130.0,MutKnownFunctional,"-278,0.381"
X-3846,TNK2,10188.0,MutNovel,"L255F,0.294"
X-3846,TP53,7157.0,MutKnownFunctional,"R273H,0.995"
X-3846,TRMU,55687.0,MutKnownFunctional,"-32,0.277"
X-3846,TSPY1,7258.0,Del0.8,0.43
X-3846,TSPY2,64591.0,Del0.8,0.43
X-3846,TSPY3,728137.0,Del0.8,0.43
X-3846,TSPY4,728395.0,Del0.8,0.43
X-3846,TSPY8,728403.0,Del0.8,0.43
X-3846,TSPYL1,7259.0,MutNovel,"V176VW,0.427"
X-3846,TTC14,151613.0,MutKnownFunctional,"-688?,0.271"
X-3846,TTTY10,246119.0,Del0.8,0.43
X-3846,TTTY11,83866.0,Del0.8,0.43
X-3846,TTTY12,83867.0,Del0.8,0.43
X-3846,TTTY13,83868.0,Del0.8,0.43
X-3846,TTTY14,83869.0,Del0.8,0.43
X-3846,TTTY15,64595.0,Del0.8,0.43
X-3846,TTTY16,252948.0,Del0.8,0.43
X-3846,TTTY17A,252949.0,Del0.8,0.27
X-3846,TTTY17A,252949.0,Del0.8,0.27
X-3846,TTTY18,252950.0,Del0.8,0.43
X-3846,TTTY19,252952.0,Del0.8,0.43
X-3846,TTTY1B,100101116.0,Del0.8,0.43
X-3846,TTTY1B,100101116.0,Del0.8,0.43
X-3846,TTTY2,60439.0,Del0.8,0.43
X-3846,TTTY2,60439.0,Del0.8,0.43
X-3846,TTTY20,252951.0,Del0.8,0.43
X-3846,TTTY21,252953.0,Del0.8,0.43
X-3846,TTTY21,252953.0,Del0.8,0.43
X-3846,TTTY22,252954.0,Del0.8,0.43
X-3846,TTTY23,252955.0,Del0.8,0.43
X-3846,TTTY23,252955.0,Del0.8,0.43
X-3846,TTTY3,114760.0,Del0.8,0.27
X-3846,TTTY3,114760.0,Del0.8,0.27
X-3846,TTTY4,114761.0,Del0.8,0.27
X-3846,TTTY4,114761.0,Del0.8,0.27
X-3846,TTTY5,83863.0,Del0.8,0.43
X-3846,TTTY6,84672.0,Del0.8,0.43
X-3846,TTTY6,84672.0,Del0.8,0.27
X-3846,TTTY7,246122.0,Del0.8,0.43
X-3846,TTTY7,246122.0,Del0.8,0.43
X-3846,TTTY7B,100101120.0,Del0.8,0.43
X-3846,TTTY7B,100101120.0,Del0.8,0.43
X-3846,TTTY8,84673.0,Del0.8,0.43
X-3846,TTTY8,84673.0,Del0.8,0.43
X-3846,TTTY9A,83864.0,Del0.8,0.21
X-3846,TTTY9A,83864.0,Del0.8,0.21
X-3846,TXLNG2P,246126.0,Del0.8,0.43
X-3846,TXNIP,10628.0,MutNovel,"Y69C,0.516"
X-3846,UBN1,29855.0,Amp5,6.5
X-3846,URGCP,55665.0,MutNovel,"D309G,0.495"
X-3846,USP3,9960.0,MutNovel,"N54S,0.398"
X-3846,USP9Y,8287.0,Del0.8,0.43
X-3846,UTY,7404.0,Del0.8,0.43
X-3846,VCY,9084.0,Del0.8,0.43
X-3846,VCY,9084.0,Del0.8,0.43
X-3846,WBP11,51729.0,MutNovel,"Q369P,0.449"
X-3846,WRN,7486.0,MutNovel,"P1095L,0.510"
X-3846,XKRY2,353515.0,Del0.8,0.43
X-3846,XKRY2,353515.0,Del0.8,0.43
X-3846,XYLT1,64131.0,MutNovel,"A115S,1.000"
X-3846,YAP1,10413.0,MutNovel,"G28S,0.579"
X-3846,ZBTB45,84878.0,MutNovel,"P325S,0.307"
X-3846,ZCCHC11,23318.0,MutKnownFunctional,"-184?,0.263"
X-3846,ZFY,7544.0,Del0.8,0.43
X-3846,ZNF195,7748.0,MutNovel,"E289D,1.000"
X-3846,ZNF319,57567.0,MutNovel,"L458M,0.476"
X-3846,ZNF323,64288.0,MutNovel,"D9N,0.529"
X-3846,ZNF335,63925.0,MutKnownFunctional,"R348*,0.441"
X-3846,ZNF439,90594.0,MutNovel,"R371T,0.625"
X-3846,ZNF500,26048.0,Amp5,6.5
X-3846,ZNF611,81856.0,MutNovel,"E4V,0.231"
X-3846,ZRANB1,54764.0,MutKnownFunctional,"-709?,0.859"
X-3898,ABCA13,154664.0,MutNovel,"EI2637D,1.000"
X-3898,ACAP3,116983.0,MutNovel,"R288Q,0.351"
X-3898,ACO1,48.0,Amp5,6.15
X-3898,ACTN4,81.0,MutNovel,"V247M,0.490"
X-3898,AHNAK2,113146.0,MutNovel,"E825D,0.212"
X-3898,AMELY,266.0,Del0.8,0.3
X-3898,ANKRD18B,441459.0,Amp5,6.15
X-3898,ANO8,57719.0,MutNovel,"A4T,0.636"
X-3898,ANXA2P2,304.0,Amp5,6.15
X-3898,APTX,54840.0,Amp5,6.15
X-3898,AQP3,360.0,Amp5,6.15
X-3898,AQP7,364.0,Amp5,6.15
X-3898,ARSA,410.0,MutNovel,"R99Q,0.557"
X-3898,B4GALT1,2683.0,Amp5,6.15
X-3898,BAG1,573.0,Amp5,6.15
X-3898,BCORP1,286554.0,Del0.8,0.26
X-3898,BMP2K,55589.0,MutNovel,"QQQQH483-,0.240"
X-3898,BPY2B,442867.0,Del0.8,0.15
X-3898,BPY2B,442867.0,Del0.8,0.09
X-3898,BRCA1,672.0,MutKnownFunctional,"-23,0.250"
X-3898,C14orf102,55051.0,MutNovel,"S205C,0.468"
X-3898,C19orf57,79173.0,MutNovel,"I488T,0.800"
X-3898,C22orf42,150297.0,MutNovel,"T105I,1.000"
X-3898,C6orf132,647024.0,MutNovel,"P427S,0.452"
X-3898,C8orf47,203111.0,MutNovel,"L218P,0.560"
X-3898,C9orf11,54586.0,Del0.8,0.31
X-3898,C9orf131,138724.0,Amp5,5.17
X-3898,C9orf53,51198.0,Del0.8,0.3
X-3898,C9orf72,203228.0,Del0.8,0.31
X-3898,CBWD6,644019.0,MutKnownFunctional,"-259?,0.265"
X-3898,CCDC51,79714.0,MutNovel,"E160Q,0.421"
X-3898,CCDC73,493860.0,MutNovel,"E1070Q,0.571"
X-3898,CCNDBP1,23582.0,MutNovel,"Q20R,0.452"
X-3898,CDC16,8881.0,MutNovel,"M258T,0.550"
X-3898,CDKN2A,1029.0,Del0.8,0.3
X-3898,CDKN2B,1030.0,Del0.8,0.5
X-3898,CDY1B,253175.0,Del0.8,0.15
X-3898,CDY1B,253175.0,Del0.8,0.26
X-3898,CDY2A,9426.0,Del0.8,0.26
X-3898,CDY2A,9426.0,Del0.8,0.26
X-3898,CDY2B,203611.0,Del0.8,0.26
X-3898,CDY2B,203611.0,Del0.8,0.26
X-3898,CEACAM1,634.0,MutNovel,"T100I,0.336"
X-3898,CEACAM1,634.0,MutNovel,"S96I,0.366"
X-3898,CEACAM3,1084.0,MutNovel,"M41T,1.000"
X-3898,CEACAM3,1084.0,MutNovel,"S44N,1.000"
X-3898,CEACAM3,1084.0,MutNovel,"G48V,0.417"
X-3898,CEACAM3,1084.0,MutNovel,"I117T,0.966"
X-3898,CEACAM3,1084.0,MutNovel,"Q123H,0.970"
X-3898,CEACAM8,1088.0,MutNovel,"T171A,0.727"
X-3898,CEACAM8,1088.0,MutNovel,"N155K,0.611"
X-3898,CELF2,10659.0,MutNovel,"P22A,1.000"
X-3898,CHMP5,51510.0,Amp5,6.15
X-3898,CKMT1A,548596.0,MutNovel,"N254M,0.444"
X-3898,COQ4,51117.0,MutNovel,"R227C,0.481"
X-3898,CRIPAK,285464.0,MutNovel,"V164A,0.412"
X-3898,CSPG4P1Y,114758.0,Del0.8,0.37
X-3898,CSPG4P1Y,114758.0,Del0.8,0.26
X-3898,DAZ1,1617.0,Del0.8,0.26
X-3898,DAZ2,57055.0,Del0.8,0.17
X-3898,DAZ3,57054.0,Del0.8,0.15
X-3898,DAZ3,57054.0,Del0.8,0.09
X-3898,DAZ4,57135.0,Del0.8,0.18
X-3898,DAZ4,57135.0,Del0.8,0.13
X-3898,DCAF12,25853.0,Amp5,6.15
X-3898,DDX3Y,8653.0,Del0.8,0.26
X-3898,DDX58,23586.0,Amp5,6.15
X-3898,DENND4B,9909.0,MutNovel,"QQQ908-,0.231"
X-3898,DGKQ,1609.0,MutNovel,"P27L,0.600"
X-3898,DMBT1,1755.0,MutNovel,"P357S,0.933"
X-3898,DMBT1,1755.0,MutNovel,"P856Y,1.000"
X-3898,DMBT1,1755.0,MutNovel,"E1375K,0.714"
X-3898,DMBT1,1755.0,MutNovel,"H1732S,0.833"
X-3898,DMRTA1,63951.0,Del0.8,0.26
X-3898,DNAAF2,55172.0,MutNovel,"A275V,0.333"
X-3898,DNAJA1,3301.0,Amp5,6.15
X-3898,DNAJB5,25822.0,Amp5,5.17
X-3898,DYNC2H1,79659.0,MutNovel,"K3299N,0.578"
X-3898,EIF1AY,9086.0,Del0.8,0.26
X-3898,EIF4E,1977.0,MutNovel,"K159E,0.207"
X-3898,ELAVL2,1993.0,Del0.8,0.32
X-3898,ERAP1,51752.0,MutNovel,"V647I,0.417"
X-3898,FAM100A,124402.0,MutNovel,"T126M,0.587"
X-3898,FAM131A,131408.0,MutNovel,"R63S,0.301"
X-3898,FAM153A,285596.0,MutNovel,"V186G,1.000"
X-3898,FAM190A,401145.0,MutNovel,"S678L,0.453"
X-3898,FAM197Y2P,252946.0,Del0.8,0.3
X-3898,FAM21A,387680.0,MutNovel,"R296C,1.000"
X-3898,FAM41AY1,340618.0,Del0.8,0.26
X-3898,FAM41AY1,340618.0,Del0.8,0.26
X-3898,FBXO2,26232.0,MutNovel,"S211G,0.448"
X-3898,FCGBP,8857.0,MutNovel,"G3264S,0.400"
X-3898,FCGBP,8857.0,MutNovel,"D2025N,0.368"
X-3898,FCGBP,8857.0,MutNovel,"P1705L,0.657"
X-3898,FLJ35282,441389.0,Del0.8,0.23
X-3898,FOXD1,2297.0,MutNovel,"R431RAA,0.289"
X-3898,FUT5,2527.0,MutNovel,"I369K,1.000"
X-3898,FUT5,2527.0,MutNovel,"E261K,0.477"
X-3898,FZD2,2535.0,MutNovel,"P180S,0.900"
X-3898,GCH1,2643.0,MutNovel,"P23L,0.500"
X-3898,GLUD2,2747.0,MutNovel,"V374A,1.000"
X-3898,GOLGA2P2Y,84559.0,Del0.8,0.26
X-3898,GOLGA2P2Y,84559.0,Del0.8,0.37
X-3898,GPATCH1,55094.0,MutNovel,"P638L,0.455"
X-3898,GPR128,84873.0,Amp5,5.58
X-3898,GPRIN2,9721.0,MutNovel,"-238MRE,0.429"
X-3898,GYG2P1,352887.0,Del0.8,0.26
X-3898,HERC2,8924.0,MutNovel,"R526W,0.477"
X-3898,HLA-DRB5,3127.0,MutNovel,"A87E,1.000"
X-3898,HSFY2,159119.0,Del0.8,0.26
X-3898,HSFY2,159119.0,Del0.8,0.26
X-3898,HSPA1A,3303.0,MutNovel,"M122K,0.333"
X-3898,IFNK,56832.0,Del0.8,0.31
X-3898,IFT74,80173.0,Del0.8,0.4
X-3898,IQSEC1,9922.0,MutNovel,"R1055H,1.000"
X-3898,KCTD1,284252.0,MutNovel,"S539Y,0.468"
X-3898,KDM5D,8284.0,Del0.8,0.26
X-3898,KIAA1045,23349.0,Amp5,5.17
X-3898,KIF20B,9585.0,MutNovel,"L1062LKV,0.455"
X-3898,KIF24,347240.0,Amp5,6.15
X-3898,KRAS,3845.0,MutKnownFunctional,"G12R,0.538"
X-3898,KRT13,3860.0,MutNovel,"M239L,0.333"
X-3898,KRT5,3852.0,MutNovel,"L449Q,1.000"
X-3898,KRT5,3852.0,MutNovel,"E348D,0.667"
X-3898,LCE3C,353144.0,Del0.8,0.33
X-3898,LINC00032,158035.0,Del0.8,0.28
X-3898,LINGO2,158038.0,Del0.8,0.32
X-3898,LOC100129250,100129250.0,Amp5,6.15
X-3898,LOC100132247,100132247.0,MutNovel,"R555H,0.545"
X-3898,LOC100132247,100132247.0,MutNovel,"V758I,0.667"
X-3898,LOC100506422,100506422.0,Del0.8,0.29
X-3898,LOC100996543,,MutNovel,"L41P,0.667"
X-3898,LRRC19,64922.0,Del0.8,0.4
X-3898,LSR,51599.0,MutNovel,"G518GR,0.798"
X-3898,MAD1L1,8379.0,MutNovel,"R695Q,0.530"
X-3898,MAGI1,9223.0,MutNovel,"Q421HR,0.315"
X-3898,MAGI3,260425.0,MutNovel,"R768H,0.442"
X-3898,MAML2,84441.0,MutNovel,"M857V,0.412"
X-3898,MEF2A,4205.0,MutNovel,"QQQQQQ412-,0.222"
X-3898,MESP2,145873.0,MutNovel,"G187R,1.000"
X-3898,MIR31HG,554202.0,Del0.8,0.4
X-3898,MIR873,100126316.0,Del0.8,0.27
X-3898,MIR876,100126310.0,Del0.8,0.27
X-3898,MOB3B,79817.0,Del0.8,0.18
X-3898,MPRIP,23164.0,MutNovel,"TS178T,0.556"
X-3898,MRPL30,51263.0,MutNovel,"V19M,0.488"
X-3898,MRPL38,64978.0,MutNovel,"R17Q,0.444"
X-3898,MTAP,4507.0,Del0.8,0.3
X-3898,MTX1,4580.0,MutNovel,"F351L,0.456"
X-3898,MUC17,140453.0,MutNovel,"S861T,0.367"
X-3898,MUC17,140453.0,MutNovel,"E1412G,0.216"
X-3898,MUC17,140453.0,MutNovel,"V1540D,0.326"
X-3898,MUC17,140453.0,MutNovel,"T1686A,0.773"
X-3898,MUC17,140453.0,MutNovel,"V2296A,0.450"
X-3898,MUC4,4585.0,MutNovel,"T1150A,1.000"
X-3898,MXD3,83463.0,MutNovel,"A151V,0.600"
X-3898,NBPF12,,MutNovel,"I288S,0.833"
X-3898,NBPF14,25832.0,MutNovel,"Q153K,0.222"
X-3898,NBPF9,400818.0,MutNovel,"R97G,0.333"
X-3898,NCOR2,9612.0,MutNovel,"G1839GAAA,0.299"
X-3898,NCRNA00185,55410.0,Del0.8,0.26
X-3898,NDUFB6,4712.0,Amp5,6.15
X-3898,NFX1,4799.0,Amp5,6.15
X-3898,NLGN4Y,22829.0,Del0.8,0.26
X-3898,NOL6,65083.0,Amp5,6.15
X-3898,NPIPL3,23117.0,MutKnownFunctional,"R576*,0.778"
X-3898,NUDT2,318.0,Amp5,6.15
X-3898,NUP210,23225.0,MutKnownFunctional,"-160,0.900"
X-3898,ORAI1,84876.0,MutNovel,"PP43-,0.827"
X-3898,OXR1,55074.0,MutNovel,"P60L,0.389"
X-3898,PABPC3,5042.0,MutKnownFunctional,"-245,0.545"
X-3898,PABPC3,5042.0,MutKnownFunctional,"-299,0.600"
X-3898,PABPC3,5042.0,MutKnownFunctional,"-314,0.875"
X-3898,PABPC3,5042.0,MutKnownFunctional,"-444,0.750"
X-3898,PABPC3,5042.0,MutKnownFunctional,"-444,1.000"
X-3898,PABPC3,5042.0,MutNovel,"S446G,1.000"
X-3898,PABPC3,5042.0,MutNovel,"G451A,1.000"
X-3898,PABPC3,5042.0,MutNovel,"V455P,1.000"
X-3898,PCDH11Y,83259.0,Del0.8,0.3
X-3898,PCDHB6,56130.0,MutNovel,"S524A,1.000"
X-3898,PCDHB6,56130.0,MutNovel,"G530S,1.000"
X-3898,PCDHB7,56129.0,MutNovel,"G756E,0.556"
X-3898,PHLDA1,22822.0,MutNovel,"QQ194Q,0.543"
X-3898,PIGZ,80235.0,MutNovel,"Q18L,0.246"
X-3898,PLA2R1,22925.0,MutKnownFunctional,"-652,0.284"
X-3898,PLAA,9373.0,Del0.8,0.26
X-3898,PLCL2,23228.0,MutNovel,"P78S,1.000"
X-3898,PLSCR2,57047.0,MutNovel,"Q210E,0.429"
X-3898,PLSCR2,57047.0,MutNovel,"K208Q,0.444"
X-3898,PLSCR2,57047.0,MutNovel,"T203P,0.571"
X-3898,POLR1A,25885.0,MutNovel,"V1594I,0.425"
X-3898,POTEF,728378.0,MutNovel,"M771I,1.000"
X-3898,POTEI,,MutNovel,"K756S,1.000"
X-3898,PRKY,5616.0,Del0.8,0.3
X-3898,PRR14,78994.0,MutNovel,"P529H,0.440"
X-3898,PRSS1,5644.0,MutNovel,"L14V,0.375"
X-3898,PRSS1,5644.0,MutNovel,"N29I,0.500"
X-3898,PRSS3,5646.0,Amp5,6.15
X-3898,PRSS53,339105.0,MutNovel,"G235R,0.889"
X-3898,PRY,9081.0,Del0.8,0.26
X-3898,PRY,9081.0,Del0.8,0.26
X-3898,PRY2,442862.0,Del0.8,0.26
X-3898,PRY2,442862.0,Del0.8,0.26
X-3898,PSG1,5669.0,MutNovel,"R285K,1.000"
X-3898,PTENP1,11191.0,Amp5,6.15
X-3898,PTPRO,5800.0,MutNovel,"P953S,1.000"
X-3898,PTPRO,5800.0,MutNovel,"P973A,1.000"
X-3898,RBMY1A3P,286557.0,Del0.8,0.3
X-3898,RBMY1B,378948.0,Del0.8,0.26
X-3898,RBMY1B,378948.0,Del0.8,0.26
X-3898,RBMY1E,378950.0,Del0.8,0.26
X-3898,RBMY1E,378950.0,Del0.8,0.26
X-3898,RBMY1F,159163.0,Del0.8,0.26
X-3898,RBMY1F,159163.0,Del0.8,0.26
X-3898,RBMY1J,378951.0,Del0.8,0.26
X-3898,RBMY1J,378951.0,Del0.8,0.26
X-3898,RBMY2EP,159125.0,Del0.8,0.26
X-3898,RBMY2FP,159162.0,Del0.8,0.26
X-3898,RBMY3AP,64593.0,Del0.8,0.26
X-3898,RDH11,51109.0,MutNovel,"R73W,0.449"
X-3898,RIN3,79890.0,MutNovel,"G967-,0.562"
X-3898,RNF43,54894.0,MutNovel,"G67S,0.523"
X-3898,RNF44,22838.0,MutNovel,"P293Q,0.680"
X-3898,RPS4Y1,6192.0,Del0.8,0.3
X-3898,RPS4Y2,140032.0,Del0.8,0.26
X-3898,RPS6KA1,6195.0,MutNovel,"P11A,0.483"
X-3898,SDHC,6391.0,MutNovel,"P29R,0.502"
X-3898,SERINC2,347735.0,MutNovel,"-373Q,0.727"
X-3898,SHROOM3,57619.0,MutNovel,"HE1501Q,0.461"
X-3898,SIX5,147912.0,MutNovel,"P460L,0.657"
X-3898,SLC28A2,9153.0,MutKnownFunctional,"-129?,0.625"
X-3898,SLC36A1,206358.0,MutNovel,"N45I,0.488"
X-3898,SLC9A2,6549.0,MutKnownFunctional,"R645*,0.342"
X-3898,SMAD4,4089.0,MutKnownFunctional,"Q75*,1.000"
X-3898,SMU1,55234.0,Amp5,6.15
X-3898,SNORD121A,100113379.0,Amp5,6.15
X-3898,SNORD121B,100113385.0,Amp5,6.15
X-3898,SPINK4,27290.0,Amp5,6.15
X-3898,SPTBN2,6712.0,MutNovel,"Q341R,0.493"
X-3898,SRY,6736.0,Del0.8,0.3
X-3898,STIL,6491.0,MutNovel,"L594M,0.487"
X-3898,SUCLG2,8801.0,MutNovel,"E339A,0.999"
X-3898,SUGT1P1,441394.0,Amp5,6.15
X-3898,SYTL1,84958.0,MutNovel,"R54C,0.560"
X-3898,TAF1C,9013.0,MutNovel,"R8H,0.476"
X-3898,TAF1L,138474.0,Amp5,6.15
X-3898,TAF3,83860.0,MutNovel,"M227I,0.500"
X-3898,TAG,404663.0,Del0.8,0.78
X-3898,TBL1Y,90665.0,Del0.8,0.3
X-3898,TBP,6908.0,MutNovel,"-64Q,0.346"
X-3898,TDRD6,221400.0,MutNovel,"T398A,0.667"
X-3898,TEK,7010.0,Del0.8,0.15
X-3898,TFG,10342.0,Amp5,5.58
X-3898,TGFBI,7045.0,MutNovel,"G584R,0.622"
X-3898,TGIF2LY,90655.0,Del0.8,0.3
X-3898,TMEM215,401498.0,Amp5,6.15
X-3898,TMEM38A,79041.0,MutNovel,"HD259H,0.379"
X-3898,TMSB4Y,9087.0,Del0.8,0.26
X-3898,TOPORS,10210.0,Amp5,6.15
X-3898,TRNP1,388610.0,MutNovel,"P26L,0.473"
X-3898,TSPY1,7258.0,Del0.8,0.3
X-3898,TSPY2,64591.0,Del0.8,0.3
X-3898,TSPY3,728137.0,Del0.8,0.3
X-3898,TSPY4,728395.0,Del0.8,0.3
X-3898,TSPY8,728403.0,Del0.8,0.3
X-3898,TSPYL1,7259.0,MutNovel,"V176VW,0.831"
X-3898,TTTY10,246119.0,Del0.8,0.26
X-3898,TTTY11,83866.0,Del0.8,0.3
X-3898,TTTY12,83867.0,Del0.8,0.3
X-3898,TTTY13,83868.0,Del0.8,0.26
X-3898,TTTY14,83869.0,Del0.8,0.26
X-3898,TTTY15,64595.0,Del0.8,0.26
X-3898,TTTY16,252948.0,Del0.8,0.3
X-3898,TTTY17A,252949.0,Del0.8,0.37
X-3898,TTTY17A,252949.0,Del0.8,0.15
X-3898,TTTY18,252950.0,Del0.8,0.3
X-3898,TTTY19,252952.0,Del0.8,0.3
X-3898,TTTY1B,100101116.0,Del0.8,0.3
X-3898,TTTY1B,100101116.0,Del0.8,0.26
X-3898,TTTY2,60439.0,Del0.8,0.3
X-3898,TTTY2,60439.0,Del0.8,0.26
X-3898,TTTY20,252951.0,Del0.8,0.3
X-3898,TTTY21,252953.0,Del0.8,0.3
X-3898,TTTY21,252953.0,Del0.8,0.26
X-3898,TTTY22,252954.0,Del0.8,0.26
X-3898,TTTY23,252955.0,Del0.8,0.26
X-3898,TTTY23,252955.0,Del0.8,0.3
X-3898,TTTY3,114760.0,Del0.8,0.15
X-3898,TTTY3,114760.0,Del0.8,0.26
X-3898,TTTY4,114761.0,Del0.8,0.09
X-3898,TTTY4,114761.0,Del0.8,0.15
X-3898,TTTY5,83863.0,Del0.8,0.26
X-3898,TTTY6,84672.0,Del0.8,0.26
X-3898,TTTY6,84672.0,Del0.8,0.26
X-3898,TTTY7,246122.0,Del0.8,0.26
X-3898,TTTY7,246122.0,Del0.8,0.3
X-3898,TTTY7B,100101120.0,Del0.8,0.26
X-3898,TTTY7B,100101120.0,Del0.8,0.3
X-3898,TTTY8,84673.0,Del0.8,0.26
X-3898,TTTY8,84673.0,Del0.8,0.3
X-3898,TTTY9A,83864.0,Del0.8,0.26
X-3898,TTTY9A,83864.0,Del0.8,0.26
X-3898,TUSC1,286319.0,Del0.8,0.29
X-3898,TXLNG2P,246126.0,Del0.8,0.26
X-3898,UBAP1,51271.0,Amp5,6.15
X-3898,UBAP2,55833.0,Amp5,6.15
X-3898,UBE2R2,54926.0,Amp5,6.15
X-3898,USP36,57602.0,MutNovel,"KKK958K,0.412"
X-3898,USP9Y,8287.0,Del0.8,0.26
X-3898,UTY,7404.0,Del0.8,0.26
X-3898,VCP,7415.0,Amp5,5.17
X-3898,VCY,9084.0,Del0.8,0.26
X-3898,VCY,9084.0,Del0.8,0.26
X-3898,XKRY2,353515.0,Del0.8,0.26
X-3898,XKRY2,353515.0,Del0.8,0.26
X-3898,ZBED5,58486.0,MutNovel,"D544V,0.524"
X-3898,ZDHHC11,79844.0,MutNovel,"A303D,0.783"
X-3898,ZFP106,64397.0,MutNovel,"S215N,0.643"
X-3898,ZFY,7544.0,Del0.8,0.3
X-3898,ZNF219,51222.0,MutNovel,"QPP233P,0.347"
X-3898,ZNF28,7576.0,MutNovel,"P156S,0.240"
X-3898,ZNF443,10224.0,MutNovel,"R405H,0.625"
X-3898,ZNF579,163033.0,MutNovel,"L91V,0.447"
X-3947,ACTA1,58.0,MutNovel,"T360S,1.000"
X-3947,ADC,113451.0,MutNovel,"V219M,0.800"
X-3947,AFMID,125061.0,MutNovel,"H136R,1.000"
X-3947,AIM1L,55057.0,MutNovel,"K1095R,0.659"
X-3947,ALG10B,144245.0,MutNovel,"K117Q,1.000"
X-3947,AMELY,266.0,Del0.8,0.37
X-3947,ANAPC1,64682.0,MutNovel,"L887S,0.333"
X-3947,ANKDD1B,,MutNovel,"R404H,0.897"
X-3947,ANKRD36,375248.0,MutNovel,"T998S,0.429"
X-3947,AP1M2,10053.0,MutNovel,"I398T,0.481"
X-3947,APAF1,317.0,MutNovel,"R226H,1.000"
X-3947,ARHGAP11B,89839.0,Del0.8,0.48
X-3947,ARHGEF10L,55160.0,MutNovel,"E1144G,0.208"
X-3947,ARHGEF35,445328.0,MutNovel,"E187Q,1.000"
X-3947,ATP13A2,23400.0,MutNovel,"P769S,0.263"
X-3947,ATP5O,539.0,MutNovel,"R40C,0.999"
X-3947,BCORP1,286554.0,Del0.8,0.37
X-3947,BPY2B,442867.0,Del0.8,0.37
X-3947,BPY2B,442867.0,Del0.8,0.37
X-3947,BTN3A2,11118.0,MutNovel,"K66R,0.231"
X-3947,BTNL8,79908.0,MutNovel,"F494S,0.418"
X-3947,C10orf47,254427.0,MutNovel,"P323R,0.643"
X-3947,C1orf131,128061.0,MutNovel,"R195H,0.332"
X-3947,C2orf18,54978.0,MutNovel,"R299C,0.783"
X-3947,CA5A,763.0,MutNovel,"A149V,1.000"
X-3947,CASP1,834.0,MutNovel,"I243V,0.221"
X-3947,CBWD5,220869.0,MutNovel,"G106C,0.750"
X-3947,CCDC111,201973.0,MutNovel,"F278L,1.000"
X-3947,CCDC71,64925.0,MutNovel,"A356T,0.320"
X-3947,CDC42EP1,11135.0,MutNovel,"AANPPATT242A,0.406"
X-3947,CDK14,5218.0,MutNovel,"P43S,0.607"
X-3947,CDKN2A,1029.0,MutNovel,"P48L,0.997"
X-3947,CDY1B,253175.0,Del0.8,0.37
X-3947,CDY1B,253175.0,Del0.8,0.37
X-3947,CDY2A,9426.0,Del0.8,0.37
X-3947,CDY2A,9426.0,Del0.8,0.37
X-3947,CDY2B,203611.0,Del0.8,0.37
X-3947,CDY2B,203611.0,Del0.8,0.37
X-3947,CEACAM3,1084.0,MutNovel,"G48V,0.500"
X-3947,CLASRP,11129.0,MutNovel,"R478C,0.562"
X-3947,CLCA2,9635.0,MutNovel,"T524A,1.000"
X-3947,COG1,9382.0,MutNovel,"P168L,1.000"
X-3947,CPNE7,27132.0,MutNovel,"R566H,0.244"
X-3947,CSH1,1442.0,Del0.8,0.28
X-3947,CSPG4P1Y,114758.0,Del0.8,0.37
X-3947,CSPG4P1Y,114758.0,Del0.8,0.37
X-3947,CTSA,5476.0,MutNovel,"L29-,0.797"
X-3947,CUX1,1523.0,MutNovel,"L349V,0.590"
X-3947,DAZ1,1617.0,Del0.8,0.37
X-3947,DAZ2,57055.0,Del0.8,0.37
X-3947,DAZ3,57054.0,Del0.8,0.37
X-3947,DAZ3,57054.0,Del0.8,0.37
X-3947,DAZ4,57135.0,Del0.8,0.37
X-3947,DAZ4,57135.0,Del0.8,0.37
X-3947,DCAF15,90379.0,MutNovel,"R192H,0.543"
X-3947,DDX3Y,8653.0,Del0.8,0.37
X-3947,DENND3,22898.0,MutNovel,"M953I,0.708"
X-3947,DNAJB12,54788.0,MutNovel,"G208S,0.385"
X-3947,DNAJC3,5611.0,MutNovel,"I149T,0.885"
X-3947,DOCK1,1793.0,MutNovel,"R1534Q,0.370"
X-3947,DOCK7,85440.0,MutNovel,"A1751T,0.286"
X-3947,E2F2,1870.0,MutNovel,"S30F,0.500"
X-3947,EEFSEC,60678.0,MutNovel,"N499D,0.235"
X-3947,EIF1AY,9086.0,Del0.8,0.37
X-3947,FAM106A,80039.0,Del0.8,0.74
X-3947,FAM197Y2P,252946.0,Del0.8,0.37
X-3947,FAM200B,285550.0,MutKnownFunctional,"-518,1.000"
X-3947,FAM41AY1,340618.0,Del0.8,0.37
X-3947,FAM41AY1,340618.0,Del0.8,0.37
X-3947,FAM83E,54854.0,MutNovel,"P331L,0.562"
X-3947,FAM84B,157638.0,Amp8,57.28
X-3947,FAM86B1,85002.0,MutNovel,"V215M,1.000"
X-3947,FBXO34,55030.0,MutNovel,"T443S,0.620"
X-3947,FHIT,2272.0,Del0.8,0.76
X-3947,FIGNL1,63979.0,MutNovel,"R181G,0.554"
X-3947,FUT5,2527.0,MutNovel,"A118M,1.000"
X-3947,GALNT14,79623.0,MutNovel,"E445V,0.980"
X-3947,GALNT6,11226.0,MutNovel,"P107A,1.000"
X-3947,GFM1,85476.0,MutNovel,"R250Q,0.720"
X-3947,GH2,2689.0,Del0.8,0.28
X-3947,GINS1,9837.0,MutNovel,"R103Q,0.472"
X-3947,GNL3,26354.0,MutNovel,"N382D,0.332"
X-3947,GOLGA2P2Y,84559.0,Del0.8,0.37
X-3947,GOLGA2P2Y,84559.0,Del0.8,0.37
X-3947,GPR98,84059.0,MutNovel,"Q4839E,1.000"
X-3947,GYG2P1,352887.0,Del0.8,0.37
X-3947,HCG4B,80868.0,Del0.8,0.68
X-3947,HDLBP,3069.0,MutNovel,"N362S,0.393"
X-3947,HIST1H2BN,8341.0,MutNovel,"G27S,1.000"
X-3947,HLA-DRB5,3127.0,MutNovel,"R100E,1.000"
X-3947,HLA-G,3135.0,MutNovel,"M69K,1.000"
X-3947,HLA-G,3135.0,MutNovel,"W75R,1.000"
X-3947,HLA-G,3135.0,MutNovel,"P208H,0.500"
X-3947,HLA-G,3135.0,MutNovel,"K335N,0.500"
X-3947,HLA-H,3136.0,Del0.8,0.68
X-3947,HSFY2,159119.0,Del0.8,0.37
X-3947,HSFY2,159119.0,Del0.8,0.37
X-3947,IFIT1B,439996.0,MutNovel,"V104M,1.000"
X-3947,IFIT1B,439996.0,MutNovel,"Y256C,1.000"
X-3947,IGSF8,93185.0,MutNovel,"R94Q,0.742"
X-3947,IGSF9,57549.0,MutNovel,"I68M,0.625"
X-3947,IKBKAP,8518.0,MutNovel,"M413V,0.789"
X-3947,IL18R1,8809.0,MutNovel,"C343R,0.644"
X-3947,KANSL1L,,MutNovel,"V183I,0.352"
X-3947,KDM5D,8284.0,Del0.8,0.37
X-3947,KIAA0564,23078.0,MutNovel,"E132K,0.844"
X-3947,KIAA1033,23325.0,MutNovel,"R556Q,1.000"
X-3947,KIAA1462,57608.0,MutNovel,"R1258C,0.850"
X-3947,KRAS,3845.0,MutKnownFunctional,"G12R,1.000"
X-3947,KRT13,3860.0,MutNovel,"N233K,1.000"
X-3947,KRT5,3852.0,MutNovel,"E348D,1.000"
X-3947,KRT71,112802.0,MutNovel,"M427I,1.000"
X-3947,KRT73,319101.0,MutNovel,"Q254E,1.000"
X-3947,KRT75,9119.0,MutNovel,"K245T,1.000"
X-3947,KRT78,196374.0,MutNovel,"N136I,0.500"
X-3947,KRT84,3890.0,MutNovel,"G457A,1.000"
X-3947,LCE3C,353144.0,Del0.8,0.36
X-3947,LGALS3,3958.0,MutNovel,"P74L,0.374"
X-3947,LGALS9C,654346.0,Del0.8,0.74
X-3947,LOC100505679,100505679.0,Del0.8,0.73
X-3947,LOC100996473,,MutNovel,"R125G,1.000"
X-3947,LOC388152,388152.0,Del0.8,0.73
X-3947,LOC440300,440300.0,Del0.8,0.73
X-3947,LOC727677,727677.0,Amp8,58.49
X-3947,LOC728855,728855.0,Amp5,5.62
X-3947,LRRC37B,114659.0,MutNovel,"R824W,0.211"
X-3947,LRRC8E,80131.0,MutNovel,"G228D,0.522"
X-3947,LSR,51599.0,MutNovel,"G518GR,0.375"
X-3947,MADD,8567.0,MutNovel,"Y1619H,0.327"
X-3947,MAP4K2,5871.0,MutNovel,"D291N,0.700"
X-3947,MCOLN1,57192.0,MutNovel,"R42H,0.286"
X-3947,MCTP1,79772.0,MutNovel,"D702N,0.402"
X-3947,MIR1204,100302185.0,Amp8,42.52
X-3947,MIR1205,100302161.0,Amp5,6.63
X-3947,MIR1206,100302170.0,Amp5,6.63
X-3947,MIR1207,100302175.0,Amp5,6.63
X-3947,MIR1208,100302281.0,Amp8,41.93
X-3947,MIR630,693215.0,Del0.8,0.73
X-3947,MPPE1,65258.0,MutNovel,"R228H,1.000"
X-3947,MPRIP,23164.0,MutNovel,"TS178T,0.548"
X-3947,MT1A,4489.0,MutNovel,"I49V,0.286"
X-3947,MUC13,56667.0,MutNovel,"I5M,0.724"
X-3947,MUC15,143662.0,MutNovel,"T68A,0.500"
X-3947,MUC3A,,MutNovel,"I736T,0.667"
X-3947,MUC5AC,,MutNovel,"A1442K,0.653"
X-3947,MYADM,91663.0,MutNovel,"R30G,0.424"
X-3947,MYC,4609.0,Amp8,42.52
X-3947,NARFL,64428.0,MutNovel,"A464T,0.312"
X-3947,NCRNA00185,55410.0,Del0.8,0.37
X-3947,NEU1,4758.0,MutNovel,"P335Q,0.990"
X-3947,NLGN4Y,22829.0,Del0.8,0.37
X-3947,NOLC1,9221.0,MutNovel,"K446R,0.687"
X-3947,NR1H2,7376.0,MutNovel,"Q178R,0.537"
X-3947,NR2F1,7025.0,MutNovel,"PN210P,0.278"
X-3947,ORAI1,84876.0,MutNovel,"PP43-,0.889"
X-3947,OSBPL1A,114876.0,MutNovel,"KN802N,0.301"
X-3947,OSBPL1A,114876.0,MutNovel,"T786M,0.462"
X-3947,OSTF1,26578.0,MutNovel,"S63G,0.486"
X-3947,OTOP3,347741.0,MutNovel,"I570V,1.000"
X-3947,PCAT1,100750225.0,Amp8,43.41
X-3947,PCDH11Y,83259.0,Del0.8,0.37
X-3947,PCIF1,63935.0,MutNovel,"S350L,0.388"
X-3947,PGAM4,441531.0,MutNovel,"V63A,0.667"
X-3947,PHLDA1,22822.0,MutNovel,"QQ194Q,0.540"
X-3947,PLSCR2,57047.0,MutNovel,"Q210E,0.875"
X-3947,PLSCR2,57047.0,MutNovel,"K208Q,0.875"
X-3947,PLSCR2,57047.0,MutNovel,"T203P,0.778"
X-3947,POM121,9883.0,MutNovel,"A422T,0.667"
X-3947,POU5F1B,5462.0,Amp8,58.49
X-3947,PPIAL4B,653505.0,Amp5,5.62
X-3947,PPIAL4C,653598.0,Amp5,5.62
X-3947,PPP2R1B,5519.0,MutNovel,"E422K,0.677"
X-3947,PPP6R1,22870.0,MutNovel,"H526L,0.606"
X-3947,PRKY,5616.0,Del0.8,0.37
X-3947,PRY,9081.0,Del0.8,0.37
X-3947,PRY,9081.0,Del0.8,0.37
X-3947,PRY2,442862.0,Del0.8,0.37
X-3947,PRY2,442862.0,Del0.8,0.37
X-3947,PVT1,5820.0,Amp8,16.8
X-3947,RAB11FIP2,22841.0,MutNovel,"F109S,0.417"
X-3947,RBMY1A3P,286557.0,Del0.8,0.37
X-3947,RBMY1B,378948.0,Del0.8,0.37
X-3947,RBMY1B,378948.0,Del0.8,0.37
X-3947,RBMY1E,378950.0,Del0.8,0.37
X-3947,RBMY1E,378950.0,Del0.8,0.37
X-3947,RBMY1F,159163.0,Del0.8,0.37
X-3947,RBMY1F,159163.0,Del0.8,0.37
X-3947,RBMY1J,378951.0,Del0.8,0.37
X-3947,RBMY1J,378951.0,Del0.8,0.37
X-3947,RBMY2EP,159125.0,Del0.8,0.37
X-3947,RBMY2FP,159162.0,Del0.8,0.37
X-3947,RBMY3AP,64593.0,Del0.8,0.37
X-3947,RNF223,401934.0,MutNovel,"R181W,0.727"
X-3947,RPL18,6141.0,MutNovel,"P159L,0.459"
X-3947,RPS24,6229.0,MutNovel,"M131L,0.588"
X-3947,RPS4Y1,6192.0,Del0.8,0.37
X-3947,RPS4Y2,140032.0,Del0.8,0.37
X-3947,SAMD9L,219285.0,MutNovel,"N230S,0.264"
X-3947,SERINC2,347735.0,MutNovel,"-373Q,0.687"
X-3947,SETD2,29072.0,MutKnownFunctional,"W1827*,0.312"
X-3947,SHROOM1,134549.0,MutNovel,"P104L,0.467"
X-3947,SIPA1L1,26037.0,MutNovel,"D107V,0.524"
X-3947,SLC28A2,9153.0,MutKnownFunctional,"-129?,0.493"
X-3947,SMAD4,4089.0,MutLikelyFunctional,"R361H,1.000"
X-3947,SOD3,6649.0,MutNovel,"T20M,1.000"
X-3947,SPARC,6678.0,MutNovel,"A103V,0.500"
X-3947,SRSF2,6427.0,MutNovel,"R180H,1.000"
X-3947,SRY,6736.0,Del0.8,0.37
X-3947,SSH3,54961.0,MutNovel,"R615W,0.355"
X-3947,STT3B,201595.0,MutNovel,"A599T,0.291"
X-3947,SUV420H2,84787.0,MutNovel,"G459S,0.600"
X-3947,TBL1Y,90665.0,Del0.8,0.37
X-3947,TBP,6908.0,MutNovel,"-64Q,0.313"
X-3947,TGIF2LY,90655.0,Del0.8,0.37
X-3947,TJP3,27134.0,MutNovel,"N95S,0.413"
X-3947,TMEM131,23505.0,MutNovel,"V73I,0.571"
X-3947,TMEM183B,,MutKnownFunctional,"-264,0.233"
X-3947,TMEM184A,202915.0,MutNovel,"G392GA,0.404"
X-3947,TMSB4Y,9087.0,Del0.8,0.37
X-3947,TP53,7157.0,MutLikelyFunctional,"C242Y,1.000"
X-3947,TPSG1,25823.0,MutNovel,"G198R,0.957"
X-3947,TRADD,8717.0,MutNovel,"P194S,0.423"
X-3947,TRIM16L,147166.0,MutNovel,"T55R,0.743"
X-3947,TSPY1,7258.0,Del0.8,0.37
X-3947,TSPY2,64591.0,Del0.8,0.37
X-3947,TSPY3,728137.0,Del0.8,0.37
X-3947,TSPY4,728395.0,Del0.8,0.37
X-3947,TSPY8,728403.0,Del0.8,0.37
X-3947,TSPYL1,7259.0,MutNovel,"V176VW,0.843"
X-3947,TTLL5,23093.0,MutNovel,"R556G,0.368"
X-3947,TTTY10,246119.0,Del0.8,0.37
X-3947,TTTY11,83866.0,Del0.8,0.37
X-3947,TTTY12,83867.0,Del0.8,0.37
X-3947,TTTY13,83868.0,Del0.8,0.37
X-3947,TTTY14,83869.0,Del0.8,0.37
X-3947,TTTY15,64595.0,Del0.8,0.37
X-3947,TTTY16,252948.0,Del0.8,0.37
X-3947,TTTY17A,252949.0,Del0.8,0.37
X-3947,TTTY17A,252949.0,Del0.8,0.37
X-3947,TTTY18,252950.0,Del0.8,0.37
X-3947,TTTY19,252952.0,Del0.8,0.37
X-3947,TTTY1B,100101116.0,Del0.8,0.37
X-3947,TTTY1B,100101116.0,Del0.8,0.37
X-3947,TTTY2,60439.0,Del0.8,0.37
X-3947,TTTY2,60439.0,Del0.8,0.37
X-3947,TTTY20,252951.0,Del0.8,0.37
X-3947,TTTY21,252953.0,Del0.8,0.37
X-3947,TTTY21,252953.0,Del0.8,0.37
X-3947,TTTY22,252954.0,Del0.8,0.37
X-3947,TTTY23,252955.0,Del0.8,0.37
X-3947,TTTY23,252955.0,Del0.8,0.37
X-3947,TTTY3,114760.0,Del0.8,0.37
X-3947,TTTY3,114760.0,Del0.8,0.37
X-3947,TTTY4,114761.0,Del0.8,0.37
X-3947,TTTY4,114761.0,Del0.8,0.37
X-3947,TTTY5,83863.0,Del0.8,0.37
X-3947,TTTY6,84672.0,Del0.8,0.37
X-3947,TTTY6,84672.0,Del0.8,0.37
X-3947,TTTY7,246122.0,Del0.8,0.37
X-3947,TTTY7,246122.0,Del0.8,0.37
X-3947,TTTY7B,100101120.0,Del0.8,0.37
X-3947,TTTY7B,100101120.0,Del0.8,0.37
X-3947,TTTY8,84673.0,Del0.8,0.37
X-3947,TTTY8,84673.0,Del0.8,0.37
X-3947,TTTY9A,83864.0,Del0.8,0.37
X-3947,TTTY9A,83864.0,Del0.8,0.37
X-3947,TXLNG2P,246126.0,Del0.8,0.37
X-3947,UBAP2,55833.0,MutNovel,"T486M,0.429"
X-3947,UGT2B10,7365.0,MutNovel,"R250G,0.600"
X-3947,UGT2B10,7365.0,MutNovel,"F269L,0.250"
X-3947,UGT2B28,54490.0,Del0.8,0.62
X-3947,USP32P2,220594.0,Del0.8,0.74
X-3947,USP43,124739.0,MutNovel,"R40H,1.000"
X-3947,USP9Y,8287.0,Del0.8,0.37
X-3947,UTY,7404.0,Del0.8,0.37
X-3947,VCY,9084.0,Del0.8,0.37
X-3947,VCY,9084.0,Del0.8,0.37
X-3947,WDYHV1,55093.0,MutNovel,"L107P,0.349"
X-3947,XKRY2,353515.0,Del0.8,0.37
X-3947,XKRY2,353515.0,Del0.8,0.37
X-3947,ZFY,7544.0,Del0.8,0.37
X-3947,ZNF439,90594.0,MutNovel,"K61R,1.000"
X-3947,ZNF589,51385.0,MutKnownFunctional,"W25*,0.600"
X-3947,ZNF675,171392.0,MutNovel,"K219R,0.517"
X-3947,ZNF778,197320.0,MutNovel,"K354Q,0.400"
X-3947,ZNF839,55778.0,MutNovel,"R384C,0.793"
X-3947,ZNRF2,223082.0,MutNovel,"D123DG,0.667"
X-3982,61E3.4,,MutNovel,"L845I,1.000"
X-3982,ABHD2,11057.0,MutNovel,"E364A,0.472"
X-3982,ADAM3A,1587.0,Del0.8,0.38
X-3982,AGAP8,728404.0,MutNovel,"S532T,1.000"
X-3982,AIM2,9447.0,MutKnownFunctional,"-343?,0.394"
X-3982,AMELY,266.0,Del0.8,0.49
X-3982,ANKRD36C,,MutNovel,"F1746V,0.500"
X-3982,ARAP1,116985.0,MutNovel,"G1398R,0.465"
X-3982,ARHGAP10,79658.0,MutNovel,"I455T,0.593"
X-3982,ATHL1,80162.0,MutNovel,"C103S,0.500"
X-3982,BAZ2B,29994.0,MutNovel,"T337S,0.682"
X-3982,BRPF3,27154.0,MutKnownFunctional,"-131?,0.419"
X-3982,C10orf47,254427.0,MutNovel,"P323R,0.667"
X-3982,C11orf73,51501.0,MutNovel,"E48G,0.508"
X-3982,C1orf106,55765.0,MutNovel,"R235Q,0.570"
X-3982,C22orf26,55267.0,Del0.8,0.54
X-3982,C2CD2L,9854.0,MutNovel,"G6V,0.500"
X-3982,CASC5,57082.0,MutNovel,"E1163G,0.455"
X-3982,CASP7,840.0,Amp5,5.54
X-3982,CCDC39,339829.0,MutKnownFunctional,"-887?,0.370"
X-3982,CCNF,899.0,MutNovel,"S621G,0.545"
X-3982,CCRN4L,25819.0,MutNovel,"A11V,0.800"
X-3982,CCZ1,51622.0,MutNovel,"M410L,0.262"
X-3982,CDC42EP1,11135.0,MutNovel,"PAPAANPS253P,0.745"
X-3982,CELSR1,9620.0,Del0.8,0.73
X-3982,CHAF1B,8208.0,MutNovel,"LQPSSQNT469L,0.409"
X-3982,CIB1,10519.0,MutNovel,"A146V,0.511"
X-3982,CN5H6.4,150384.0,Del0.8,0.73
X-3982,CNDP1,84735.0,Del0.8,0.78
X-3982,CNDP2,55748.0,Del0.8,0.79
X-3982,CNO,55330.0,MutNovel,"A25P,0.355"
X-3982,CRIPAK,285464.0,MutNovel,"V164A,0.304"
X-3982,CSNK1G2,1455.0,MutNovel,"T355A,0.502"
X-3982,CSNK2A1,1457.0,MutNovel,"K74Q,0.487"
X-3982,CTSA,5476.0,MutNovel,"L29-,0.339"
X-3982,DAZAP1,26528.0,MutNovel,"H403Q,0.477"
X-3982,DCTN2,10540.0,MutNovel,"F394V,0.477"
X-3982,DENND1A,57706.0,MutNovel,"T303A,0.333"
X-3982,DMBT1,1755.0,MutNovel,"Q1227R,1.000"
X-3982,ELAC1,55520.0,Del0.8,0.55
X-3982,EPHA2,1969.0,MutNovel,"R103G,1.000"
X-3982,ERBB2IP,55914.0,MutNovel,"V531M,0.768"
X-3982,ERCC6,2074.0,MutNovel,"P677S,1.000"
X-3982,EXOSC2,23404.0,MutNovel,"I220T,0.470"
X-3982,F12,2161.0,MutNovel,"R282H,0.700"
X-3982,FAM197Y2P,252946.0,Del0.8,0.49
X-3982,FAM211B,388886.0,MutNovel,"G14A,0.545"
X-3982,FAM82A1,151393.0,MutNovel,"S142G,0.529"
X-3982,FBXO21,23014.0,MutNovel,"G463V,1.000"
X-3982,FFAR3,2865.0,Del0.8,0.6
X-3982,FIZ1,84922.0,MutNovel,"E420K,0.583"
X-3982,GIGYF2,26058.0,MutNovel,"PQ1231P,0.615"
X-3982,GOLGA4,2803.0,MutNovel,"Q2111E,0.470"
X-3982,GPR108,56927.0,MutNovel,"I281V,0.543"
X-3982,GPR137,56834.0,MutNovel,"D318N,0.539"
X-3982,GPRIN1,114787.0,MutNovel,"G86C,0.267"
X-3982,GPRIN2,9721.0,MutNovel,"-238MRE,0.476"
X-3982,GSPT1,2935.0,MutNovel,"P41S,0.585"
X-3982,GTSE1,51512.0,Del0.8,0.73
X-3982,HAS3,3038.0,MutNovel,"A434E,0.414"
X-3982,HLA-DRB5,3127.0,Amp5,5.54
X-3982,HLA-DRB6,3128.0,Amp5,5.54
X-3982,HLA-G,3135.0,MutNovel,"S33C,1.000"
X-3982,HLA-G,3135.0,MutNovel,"T104N,1.000"
X-3982,HLCS,3141.0,MutNovel,"L21F,0.419"
X-3982,ING1,3621.0,MutNovel,"S35L,0.400"
X-3982,KAT8,84148.0,MutNovel,"P36A,0.486"
X-3982,KIAA2026,158358.0,MutNovel,"C2024F,1.000"
X-3982,KIF20B,9585.0,MutNovel,"L1062LKV,0.750"
X-3982,KLC2,64837.0,MutNovel,"V159I,0.441"
X-3982,KRAS,3845.0,MutKnownFunctional,"G12R,0.514"
X-3982,LCE3C,353144.0,Del0.8,0.65
X-3982,LGALS9C,654346.0,Del0.8,0.41
X-3982,LOC100271722,100271722.0,Del0.8,0.54
X-3982,LOC100996473,,MutNovel,"F175L,0.476"
X-3982,LOC100996677,,MutNovel,"S24R,0.300"
X-3982,LOC150381,150381.0,Del0.8,0.54
X-3982,LOC729162,,MutKnownFunctional,"R44*,1.000"
X-3982,LSR,51599.0,MutNovel,"G518GR,0.449"
X-3982,MAP2K4,6416.0,MutNovel,"R274I,1.000"
X-3982,MAP3K5,4217.0,MutNovel,"R453Q,1.000"
X-3982,MAP7D2,256714.0,MutNovel,"R214Q,1.000"
X-3982,MAPK15,225689.0,MutNovel,"L424P,0.708"
X-3982,MED15,51586.0,MutNovel,"-251Q,0.500"
X-3982,MEGF6,1953.0,MutNovel,"R1235H,0.500"
X-3982,MIR3619,100500828.0,Del0.8,0.54
X-3982,MIR4483,100616162.0,Amp5,5.54
X-3982,MIR4763,100616143.0,Del0.8,0.54
X-3982,MIRLET7A3,406883.0,Del0.8,0.54
X-3982,MIRLET7B,406884.0,Del0.8,0.54
X-3982,MIRLET7BHG,400931.0,Del0.8,0.54
X-3982,MKI67,4288.0,MutNovel,"V2560I,0.330"
X-3982,MLL2,8085.0,MutNovel,"K281T,0.333"
X-3982,MPRIP,23164.0,MutNovel,"TS178T,0.607"
X-3982,MRPS18A,55168.0,MutNovel,"S9A,0.522"
X-3982,MST1,4485.0,MutNovel,"P416L,0.250"
X-3982,MUC6,4588.0,MutNovel,"L1673R,0.258"
X-3982,MYH4,4622.0,MutNovel,"L1903I,1.000"
X-3982,NAT14,57106.0,MutNovel,"A145S,0.533"
X-3982,NFAT5,10725.0,MutNovel,"Q1131R,0.368"
X-3982,NPFF,8620.0,MutNovel,"E36K,0.722"
X-3982,NPIP,9284.0,MutNovel,"S61T,0.308"
X-3982,NPIP,9284.0,MutNovel,"C64W,0.353"
X-3982,NR1H2,7376.0,MutNovel,"-173Q,0.508"
X-3982,NRAP,4892.0,Amp5,5.54
X-3982,NUAK2,81788.0,MutNovel,"H497R,0.500"
X-3982,NUPL1,9818.0,MutNovel,"L247Q,0.613"
X-3982,ORAI1,84876.0,MutNovel,"PP43-,0.844"
X-3982,PAG1,55824.0,MutNovel,"A141V,0.625"
X-3982,PCDH11Y,83259.0,Del0.8,0.49
X-3982,PHLDA1,22822.0,MutNovel,"QQ194Q,0.600"
X-3982,PIEZO1,9780.0,MutNovel,"K2502R,0.532"
X-3982,PKDREJ,10343.0,Del0.8,0.38
X-3982,PMS2,5395.0,MutLikelyFunctional,"K541E,0.483"
X-3982,PMVK,10654.0,MutNovel,"R84H,0.473"
X-3982,PPARA,5465.0,Del0.8,0.54
X-3982,PRKCSH,5589.0,MutNovel,"I367M,0.455"
X-3982,PRKY,5616.0,Del0.8,0.49
X-3982,PRPF31,26121.0,MutNovel,"R406L,0.486"
X-3982,PUS7,54517.0,MutNovel,"R580H,0.672"
X-3982,RBMY1A3P,286557.0,Del0.8,0.49
X-3982,RBMY3AP,64593.0,Del0.8,0.42
X-3982,RENBP,5973.0,MutNovel,"A280D,1.000"
X-3982,RGPD8,727851.0,MutNovel,"E928K,0.750"
X-3982,RHOBTB1,9886.0,MutNovel,"P529L,1.000"
X-3982,RNF113A,7737.0,MutNovel,"D237N,1.000"
X-3982,RNF43,54894.0,MutKnownFunctional,"R371*,1.000"
X-3982,RPL12,6136.0,MutNovel,"V42A,0.505"
X-3982,RRP7A,27341.0,MutNovel,"N65S,0.550"
X-3982,SCAF4,57466.0,MutKnownFunctional,"-120?,0.259"
X-3982,SCRIB,23513.0,MutNovel,"P958S,0.527"
X-3982,SERINC2,347735.0,MutNovel,"-373Q,0.688"
X-3982,SLC12A2,6558.0,MutNovel,"AA96-,0.250"
X-3982,SLC2A13,114134.0,MutNovel,"S6N,0.500"
X-3982,SLC35F5,80255.0,MutNovel,"M361V,0.343"
X-3982,SLC39A5,283375.0,MutNovel,"T82S,0.444"
X-3982,SLC44A2,57153.0,MutNovel,"R130W,0.499"
X-3982,SLFN12,55106.0,MutKnownFunctional,"-31?,0.263"
X-3982,SMG1,23049.0,MutNovel,"W342C,0.417"
X-3982,SPINK1,6690.0,MutKnownFunctional,"-45?,0.432"
X-3982,SPTAN1,6709.0,MutNovel,"D1837N,0.475"
X-3982,SSFA2,6744.0,MutNovel,"K445N,0.576"
X-3982,STK39,27347.0,MutNovel,"APA48A,0.455"
X-3982,TAF4,6874.0,MutNovel,"P1047T,0.420"
X-3982,TBC1D12,23232.0,MutNovel,"A306V,1.000"
X-3982,TBL1Y,90665.0,Del0.8,0.49
X-3982,TBP,6908.0,MutNovel,"-64Q,0.333"
X-3982,TGIF2LY,90655.0,Del0.8,0.49
X-3982,TMEM184A,202915.0,MutNovel,"G392GA,0.812"
X-3982,TRMU,55687.0,Del0.8,0.73
X-3982,TSPY1,7258.0,Del0.8,0.49
X-3982,TSPY2,64591.0,Del0.8,0.49
X-3982,TSPY3,728137.0,Del0.8,0.49
X-3982,TSPY4,728395.0,Del0.8,0.49
X-3982,TSPY8,728403.0,Del0.8,0.49
X-3982,TTC38,55020.0,Del0.8,0.73
X-3982,TTTY11,83866.0,Del0.8,0.49
X-3982,TTTY12,83867.0,Del0.8,0.49
X-3982,TTTY16,252948.0,Del0.8,0.49
X-3982,TTTY18,252950.0,Del0.8,0.49
X-3982,TTTY19,252952.0,Del0.8,0.49
X-3982,TTTY1B,100101116.0,Del0.8,0.49
X-3982,TTTY1B,100101116.0,Del0.8,0.42
X-3982,TTTY2,60439.0,Del0.8,0.49
X-3982,TTTY2,60439.0,Del0.8,0.42
X-3982,TTTY20,252951.0,Del0.8,0.49
X-3982,TTTY21,252953.0,Del0.8,0.42
X-3982,TTTY21,252953.0,Del0.8,0.49
X-3982,TTTY22,252954.0,Del0.8,0.42
X-3982,TTTY23,252955.0,Del0.8,0.49
X-3982,TTTY23,252955.0,Del0.8,0.42
X-3982,TTTY7,246122.0,Del0.8,0.42
X-3982,TTTY7,246122.0,Del0.8,0.49
X-3982,TTTY7B,100101120.0,Del0.8,0.42
X-3982,TTTY7B,100101120.0,Del0.8,0.49
X-3982,TTTY8,84673.0,Del0.8,0.42
X-3982,TTTY8,84673.0,Del0.8,0.49
X-3982,TUBB8,347688.0,MutNovel,"M113T,1.000"
X-3982,UBA3,9039.0,MutNovel,"V163I,0.465"
X-3982,UBE2U,148581.0,MutNovel,"S177R,1.000"
X-3982,UTY,7404.0,MutNovel,"P1010L,1.000"
X-3982,UTY,7404.0,MutNovel,"K1008P,1.000"
X-3982,UTY,7404.0,MutNovel,"NP1006TI,1.000"
X-3982,UTY,7404.0,MutNovel,"D978G,0.800"
X-3982,UTY,7404.0,MutNovel,"LP975SS,0.750"
X-3982,UTY,7404.0,MutNovel,"P974R,0.750"
X-3982,UTY,7404.0,MutNovel,"P973K,0.750"
X-3982,UTY,7404.0,MutNovel,"P971Q,0.750"
X-3982,UTY,7404.0,MutNovel,"TS969MP,0.692"
X-3982,UTY,7404.0,MutNovel,"P968Y,0.692"
X-3982,UTY,7404.0,MutNovel,"RP966SV,0.714"
X-3982,UTY,7404.0,MutNovel,"P965V,0.769"
X-3982,UTY,7404.0,MutNovel,"PP963LN,0.750"
X-3982,UTY,7404.0,MutNovel,"CP962TT,0.700"
X-3982,UTY,7404.0,MutNovel,"K961L,0.700"
X-3982,UTY,7404.0,MutNovel,"L959P,0.700"
X-3982,UTY,7404.0,MutNovel,"I957Y,0.700"
X-3982,UTY,7404.0,MutNovel,"SC955KI,0.750"
X-3982,UTY,7404.0,MutNovel,"NS954PR,0.750"
X-3982,UTY,7404.0,MutKnownFunctional,"S953*,0.556"
X-3982,UTY,7404.0,MutNovel,"GL951FM,0.417"
X-3982,UTY,7404.0,MutNovel,"KN949NA,0.417"
X-3982,UTY,7404.0,MutNovel,"K949P,0.417"
X-3982,UTY,7404.0,MutNovel,"PG947SS,0.364"
X-3982,UTY,7404.0,MutNovel,"N946T,0.364"
X-3982,UTY,7404.0,MutNovel,"Q704K,0.273"
X-3982,UTY,7404.0,MutNovel,"EQ703FK,0.273"
X-3982,UTY,7404.0,MutKnownFunctional,"HG590H*,0.286"
X-3982,UTY,7404.0,MutNovel,"PH589RT,0.333"
X-3982,UTY,7404.0,MutNovel,"QP588VT,0.400"
X-3982,UTY,7404.0,MutNovel,"NR586KF,0.286"
X-3982,UTY,7404.0,MutNovel,"V584E,0.333"
X-3982,UTY,7404.0,MutNovel,"T581S,0.286"
X-3982,UTY,7404.0,MutNovel,"SL578WA,0.250"
X-3982,UTY,7404.0,MutNovel,"S578A,0.333"
X-3982,UTY,7404.0,MutNovel,"TD575IR,0.375"
X-3982,UTY,7404.0,MutNovel,"T575P,0.375"
X-3982,UTY,7404.0,MutNovel,"GA572AI,0.375"
X-3982,UTY,7404.0,MutNovel,"N571T,0.375"
X-3982,UTY,7404.0,MutNovel,"R529P,0.455"
X-3982,UTY,7404.0,MutNovel,"R529A,0.545"
X-3982,UTY,7404.0,MutNovel,"IC339MS,0.500"
X-3982,UTY,7404.0,MutNovel,"A300F,0.400"
X-3982,UTY,7404.0,MutNovel,"Q298T,0.400"
X-3982,UTY,7404.0,MutNovel,"SL273RM,0.500"
X-3982,UTY,7404.0,MutNovel,"Q271A,0.500"
X-3982,UTY,7404.0,MutNovel,"A266F,0.667"
X-3982,UTY,7404.0,MutNovel,"A260S,0.750"
X-3982,UTY,7404.0,MutNovel,"VG256HR,1.000"
X-3982,UTY,7404.0,MutNovel,"D254V,0.750"
X-3982,UTY,7404.0,MutNovel,"D254I,0.750"
X-3982,UTY,7404.0,MutNovel,"HH250QD,1.000"
X-3982,UTY,7404.0,MutNovel,"WM248CG,1.000"
X-3982,UTY,7404.0,MutNovel,"W248T,0.667"
X-3982,UTY,7404.0,MutNovel,"GW247VR,1.000"
X-3982,UTY,7404.0,MutNovel,"LQ243RK,0.286"
X-3982,UTY,7404.0,MutNovel,"AT240EH,0.286"
X-3982,UTY,7404.0,MutNovel,"AI146VF,0.500"
X-3982,UTY,7404.0,MutKnownFunctional,"W145*,0.500"
X-3982,UTY,7404.0,MutNovel,"F138L,0.667"
X-3982,UTY,7404.0,MutNovel,"V136N,0.667"
X-3982,UTY,7404.0,MutNovel,"GL134VP,0.500"
X-3982,UTY,7404.0,MutNovel,"G134C,0.500"
X-3982,UTY,7404.0,MutKnownFunctional,"YG131*L,0.667"
X-3982,UTY,7404.0,MutNovel,"L130S,0.600"
X-3982,UTY,7404.0,MutNovel,"AF128GG,0.667"
X-3982,UTY,7404.0,MutNovel,"AA127KT,0.714"
X-3982,UTY,7404.0,MutNovel,"N126R,0.667"
X-3982,VSIG10,54621.0,MutNovel,"TQPEVII349I,0.786"
X-3982,WBSCR16,81554.0,MutNovel,"R15W,0.381"
X-3982,WNT7B,7477.0,MutKnownFunctional,"W82*,0.333"
X-3982,ZCCHC14,23174.0,MutNovel,"S527L,0.548"
X-3982,ZFX,7543.0,MutNovel,"R401K,0.357"
X-3982,ZNF219,51222.0,MutNovel,"QPP233P,0.696"
X-3982,ZNF784,147808.0,MutNovel,"A166V,0.571"
X-3982,ZNF808,388558.0,MutNovel,"R82T,0.400"
X-3990,ACACB,32.0,MutNovel,"V2427M,0.700"
X-3990,ADCK4,79934.0,Amp5,6.87
X-3990,AGAP8,728404.0,MutNovel,"R610C,0.833"
X-3990,AKAP10,11216.0,MutNovel,"G3R,0.491"
X-3990,ALDH1B1,219.0,Amp5,5.35
X-3990,ALDH7A1,501.0,MutNovel,"A8T,0.833"
X-3990,ANKIB1,54467.0,Amp5,5.39
X-3990,ANKRD18A,253650.0,Amp5,5.35
X-3990,ANKRD36,375248.0,MutNovel,"T998S,0.500"
X-3990,ANO9,338440.0,MutNovel,"V356I,1.000"
X-3990,APLP2,334.0,MutNovel,"E222D,0.213"
X-3990,AQP12B,653437.0,MutNovel,"H256R,0.750"
X-3990,ARFGAP2,84364.0,MutNovel,"A500S,0.517"
X-3990,ARHGEF5,7984.0,MutNovel,"W885R,0.706"
X-3990,ARPC1A,10552.0,Amp8,22.16
X-3990,ARPC1B,10095.0,Amp8,16.91
X-3990,ASNS,440.0,Amp8,18.13
X-3990,ASTE1,28990.0,MutNovel,"S55C,0.591"
X-3990,ATP5J2,9551.0,Amp8,16.91
X-3990,ATP5J2-PTCD1,100526740.0,Amp8,16.91
X-3990,AZGP1,563.0,Amp8,16.91
X-3990,AZGP1P1,646282.0,Amp8,16.91
X-3990,BAIAP2L1,55971.0,Amp8,22.16
X-3990,BHLHA15,168620.0,Amp8,22.16
X-3990,BRI3,25798.0,Amp8,22.16
X-3990,BTD,686.0,MutNovel,"A82V,0.483"
X-3990,BUD31,8896.0,Amp8,16.91
X-3990,C17orf101,79701.0,MutNovel,"A151T,0.493"
X-3990,C4orf21,55345.0,MutKnownFunctional,"Q120*,0.333"
X-3990,C6orf223,221416.0,MutNovel,"G62D,0.415"
X-3990,C7orf62,219557.0,Amp5,5.82
X-3990,C9orf100,84904.0,Amp5,7.67
X-3990,CA9,768.0,Amp5,7.67
X-3990,CCDC107,203260.0,Amp5,7.67
X-3990,CCDC158,339965.0,Del0.8,0.77
X-3990,CCIN,881.0,Amp5,7.67
X-3990,CD72,971.0,Amp5,7.67
X-3990,CDK14,5218.0,Amp5,5.06
X-3990,CDKN1C,1028.0,MutNovel,"APVAV171V,1.000"
X-3990,CDYL,9425.0,MutNovel,"M221T,0.529"
X-3990,CHPF2,54480.0,MutNovel,"S282L,1.000"
X-3990,CLTA,1211.0,Amp5,7.67
X-3990,COL4A3BP,10087.0,MutNovel,"R73G,0.583"
X-3990,CPSF4,10898.0,Amp8,16.91
X-3990,CREB3,10488.0,Amp5,7.67
X-3990,CROCCP2,84809.0,Del0.8,0.67
X-3990,CXADRP2,646243.0,Del0.8,0.72
X-3990,CYP3A4,1576.0,Amp8,16.91
X-3990,CYP3A43,64816.0,Amp8,16.91
X-3990,CYP3A5,1577.0,Amp8,16.91
X-3990,CYP3A7,1551.0,Amp8,16.91
X-3990,DCAF10,79269.0,Amp5,5.35
X-3990,DMPK,1760.0,Amp5,7.31
X-3990,DMWD,1762.0,Amp5,7.31
X-3990,DNAJC4,3338.0,MutNovel,"P70S,0.561"
X-3990,E2F5,1875.0,MutNovel,"G18A,0.682"
X-3990,ERBB2IP,55914.0,MutNovel,"H587R,0.536"
X-3990,ESPNP,284729.0,Del0.8,0.67
X-3990,EXOSC3,51010.0,Amp5,5.35
X-3990,F5,2153.0,MutNovel,"I1321L,0.308"
X-3990,FAM200A,221786.0,Amp8,16.91
X-3990,FAM201A,158228.0,Amp5,5.35
X-3990,FAM20C,56975.0,MutNovel,"E237K,0.366"
X-3990,FAM21A,387680.0,Del0.8,0.71
X-3990,FAM66A,100133172.0,Del0.8,0.77
X-3990,FAM86B1,85002.0,MutNovel,"A108T,0.600"
X-3990,FBXL17,64839.0,MutNovel,"I328V,0.450"
X-3990,FBXO10,26267.0,Amp5,5.35
X-3990,FBXO38,81545.0,MutNovel,"NGS835N,0.538"
X-3990,FBXO46,23403.0,Amp5,7.31
X-3990,FOXD4L3,286380.0,MutNovel,"A254R,0.600"
X-3990,FP588,92973.0,Amp5,7.67
X-3990,FRMPD1,22844.0,Amp5,5.35
X-3990,GBA2,57704.0,Amp5,7.67
X-3990,GJC3,349149.0,Amp8,16.91
X-3990,GLIPR2,152007.0,Amp5,7.67
X-3990,GNE,10020.0,Amp5,7.67
X-3990,GPR31,2853.0,Del0.8,0.53
X-3990,GPRIN2,9721.0,MutNovel,"-238MRE,0.636"
X-3990,GRHPR,9380.0,Amp5,6.41
X-3990,GSTM1,2944.0,Del0.8,0.68
X-3990,GTF2I,2969.0,MutNovel,"R572Q,0.208"
X-3990,HEATR7A,727957.0,MutNovel,"A1630T,0.667"
X-3990,HINT2,84681.0,Amp5,7.67
X-3990,HOXA13,3209.0,MutNovel,"P166T,0.786"
X-3990,HRCT1,646962.0,Amp5,7.67
X-3990,IGFBPL1,347252.0,Amp5,5.35
X-3990,IGFLR1,79713.0,MutKnownFunctional,"-250,0.558"
X-3990,IQGAP3,128239.0,MutKnownFunctional,"-1343,0.840"
X-3990,ITPKC,80271.0,Amp5,5.35
X-3990,KLHL21,9903.0,MutNovel,"P487L,0.582"
X-3990,KPNA7,402569.0,Amp8,22.16
X-3990,KRAS,3845.0,MutKnownFunctional,"G12D,0.702"
X-3990,LMTK2,22853.0,Amp8,22.16
X-3990,LOC100132247,100132247.0,MutNovel,"P249L,1.000"
X-3990,LOC100289187,100289187.0,Amp8,16.91
X-3990,LOC100506710,100506710.0,Amp5,7.67
X-3990,LOC158376,158376.0,Amp5,7.67
X-3990,LOC340357,340357.0,Del0.8,0.78
X-3990,LOC388553,388553.0,Amp5,7.31
X-3990,LPCAT1,79888.0,MutNovel,"I509V,0.500"
X-3990,LRRC37A,9884.0,MutNovel,"S1121R,1.000"
X-3990,LSR,51599.0,MutNovel,"G518R,0.321"
X-3990,LSR,51599.0,MutNovel,"G518GR,1.000"
X-3990,MAGI1,9223.0,MutNovel,"S255T,0.594"
X-3990,MAN2A1,4124.0,MutNovel,"P903S,0.704"
X-3990,MCL1,4170.0,MutNovel,"D127G,0.601"
X-3990,MCM9,254394.0,MutNovel,"Q658H,1.000"
X-3990,MEF2A,4205.0,MutNovel,"QQ412-,0.500"
X-3990,MELK,9833.0,Amp5,7.67
X-3990,MGC72080,389538.0,Amp8,15.03
X-3990,MIR3609,100500819.0,Amp8,22.16
X-3990,MIR4475,100616289.0,Amp5,7.67
X-3990,MIR4476,100616456.0,Amp5,7.67
X-3990,MIR4540,100616278.0,Amp5,7.67
X-3990,MIR4667,100616214.0,Amp5,7.67
X-3990,MLL2,8085.0,MutNovel,"T1075S,0.500"
X-3990,MLST8,64223.0,MutNovel,"E170A,0.474"
X-3990,MRPL32,64983.0,MutKnownFunctional,"R181*,0.524"
X-3990,MSH2,4436.0,MutLikelyFunctional,"G322D,0.432"
X-3990,MSMP,692094.0,Amp5,7.67
X-3990,MST1P2,11209.0,Del0.8,0.67
X-3990,MYH16,84176.0,Amp8,22.16
X-3990,NAIP,4671.0,MutNovel,"M389T,0.333"
X-3990,NBPF1,55672.0,Del0.8,0.67
X-3990,NCOR2,9612.0,MutNovel,"G1839GAAA,1.000"
X-3990,NOLC1,9221.0,MutNovel,"S219R,0.473"
X-3990,NOLC1,9221.0,MutNovel,"I694V,0.545"
X-3990,NPR2,4882.0,Amp5,7.67
X-3990,NPTX2,4885.0,Amp8,22.16
X-3990,NUDT22,84304.0,MutNovel,"T129R,0.500"
X-3990,NUMB,8650.0,MutNovel,"A231V,0.498"
X-3990,NUMBL,9253.0,Amp5,5.06
X-3990,OCM2,4951.0,Amp8,15.03
X-3990,OR13J1,392309.0,Amp5,7.67
X-3990,OR2AE1,81392.0,Amp8,16.91
X-3990,OR2S2,56656.0,Amp5,7.67
X-3990,ORAI1,84876.0,MutNovel,"PP43-,1.000"
X-3990,PAX5,5079.0,Amp5,7.67
X-3990,PCDH1,5097.0,MutNovel,"P1175R,0.606"
X-3990,PDAP1,11333.0,Amp8,16.91
X-3990,PHF13,148479.0,MutNovel,"D283E,0.473"
X-3990,PHLDA1,22822.0,MutNovel,"QQ194Q,1.000"
X-3990,PIEZO1,9780.0,MutNovel,"R1797C,0.542"
X-3990,PLEC,5339.0,MutNovel,"E3914K,0.747"
X-3990,POLR1E,64425.0,Amp5,5.35
X-3990,PPIAL4G,644591.0,MutNovel,"S95P,1.000"
X-3990,PRRC2C,23215.0,MutKnownFunctional,"-1513?,0.263"
X-3990,PSTK,118672.0,MutNovel,"L177F,0.684"
X-3990,PTCD1,26024.0,Amp8,16.91
X-3990,QPCTL,54814.0,Amp5,7.31
X-3990,RAB2B,84932.0,MutNovel,"N95S,0.487"
X-3990,RABGAP1L,9910.0,MutNovel,"V206F,0.622"
X-3990,RAP2A,5911.0,MutNovel,"A168T,0.780"
X-3990,RECK,8434.0,Amp5,7.67
X-3990,RECQL4,9401.0,MutNovel,"R802H,0.833"
X-3990,REST,5978.0,MutNovel,"I747M,0.667"
X-3990,RGP1,9827.0,Amp5,7.67
X-3990,RHD,6007.0,Del0.8,0.33
X-3990,RIN3,79890.0,MutNovel,"G967-,0.500"
X-3990,RIPK3,11035.0,MutKnownFunctional,"-492?,0.510"
X-3990,RMRP,6023.0,Amp5,7.67
X-3990,RNF213,57674.0,MutNovel,"G4496S,0.600"
X-3990,RNF38,152006.0,Amp5,7.67
X-3990,RSPH6A,81492.0,Amp5,5.58
X-3990,SELT,51714.0,MutNovel,"L167I,0.528"
X-3990,SERINC2,347735.0,MutNovel,"-373Q,1.000"
X-3990,SETD1A,9739.0,MutNovel,"A702T,0.353"
X-3990,SH3TC1,54436.0,MutNovel,"G657D,0.667"
X-3990,SHB,6461.0,Amp5,5.35
X-3990,SHKBP1,92799.0,Amp5,5.06
X-3990,SIT1,27240.0,Amp5,7.67
X-3990,SIX5,147912.0,Amp5,7.31
X-3990,SLC1A5,6510.0,Amp5,6.63
X-3990,SLC25A37,51312.0,Del0.8,0.7
X-3990,SMAD4,4089.0,Del0.8,0.73
X-3990,SMURF1,57154.0,Amp8,22.16
X-3990,SNRPD2,6633.0,Amp5,7.31
X-3990,SPAG8,26206.0,MutNovel,"GSGPG182G,0.208"
X-3990,SPAG8,26206.0,Amp5,7.67
X-3990,SPTBN4,57731.0,Amp5,5.31
X-3990,SRF,6722.0,MutNovel,"R373H,0.464"
X-3990,TAC1,6863.0,Amp8,18.38
X-3990,TBP,6908.0,MutNovel,"-64Q,0.938"
X-3990,TBRG4,9238.0,MutKnownFunctional,"-11,0.510"
X-3990,TECPR1,25851.0,Amp8,22.16
X-3990,TESK1,7016.0,Amp5,7.67
X-3990,TJP1,7082.0,MutNovel,"P1336A,0.578"
X-3990,TLN1,7094.0,Amp5,7.67
X-3990,TMEM130,222865.0,Amp8,22.16
X-3990,TMEM183B,,MutKnownFunctional,"-116?,0.778"
X-3990,TMEM184A,202915.0,MutNovel,"G392GA,0.270"
X-3990,TMEM87B,84910.0,MutNovel,"V8L,0.524"
X-3990,TMEM8B,51754.0,Amp5,7.67
X-3990,TNFRSF11B,4982.0,MutNovel,"C105Y,0.285"
X-3990,TOMM5,401505.0,Amp5,5.35
X-3990,TP53,7157.0,MutNovel,"P151H,0.987"
X-3990,TPM2,7169.0,Amp5,7.67
X-3990,TRIM4,89122.0,Amp8,16.91
X-3990,TRRAP,8295.0,Amp8,22.16
X-3990,TUBB8,347688.0,MutNovel,"M113T,0.273"
X-3990,TXNDC5,81567.0,MutNovel,"-47R,0.467"
X-3990,UGT2B11,10720.0,MutNovel,"A346T,0.500"
X-3990,UHRF2,115426.0,MutNovel,"T506I,0.543"
X-3990,USP36,57602.0,MutNovel,"KKK958K,1.000"
X-3990,UTY,7404.0,MutNovel,"S1066I,0.333"
X-3990,UTY,7404.0,MutNovel,"M1041K,0.333"
X-3990,UTY,7404.0,MutNovel,"H1040Y,0.333"
X-3990,UTY,7404.0,MutNovel,"N1038I,0.333"
X-3990,UTY,7404.0,MutNovel,"N1037Y,0.333"
X-3990,UTY,7404.0,MutNovel,"E1035I,0.429"
X-3990,UTY,7404.0,MutNovel,"VE1034AI,0.429"
X-3990,UTY,7404.0,MutNovel,"LV1033FL,0.429"
X-3990,UTY,7404.0,MutNovel,"LV1033SL,0.429"
X-3990,UTY,7404.0,MutNovel,"KT1031IL,0.429"
X-3990,UTY,7404.0,MutKnownFunctional,"TK1030M*,0.333"
X-3990,UTY,7404.0,MutKnownFunctional,"S1029*,0.429"
X-3990,UTY,7404.0,MutNovel,"G1026E,0.500"
X-3990,UTY,7404.0,MutNovel,"G1026K,0.500"
X-3990,UTY,7404.0,MutNovel,"D1024H,0.556"
X-3990,UTY,7404.0,MutNovel,"LD1023HH,0.556"
X-3990,UTY,7404.0,MutNovel,"K1022V,0.500"
X-3990,UTY,7404.0,MutNovel,"L1021H,0.571"
X-3990,UTY,7404.0,MutNovel,"L1021Y,0.571"
X-3990,UTY,7404.0,MutNovel,"G1019P,0.333"
X-3990,UTY,7404.0,MutNovel,"G1016D,0.500"
X-3990,UTY,7404.0,MutNovel,"G1016N,0.500"
X-3990,UTY,7404.0,MutNovel,"V1011R,0.250"
X-3990,UTY,7404.0,MutNovel,"P1010I,0.333"
X-3990,UTY,7404.0,MutNovel,"P1007L,0.364"
X-3990,UTY,7404.0,MutNovel,"QF1002PT,0.364"
X-3990,UTY,7404.0,MutNovel,"HQ1001QK,0.385"
X-3990,UTY,7404.0,MutNovel,"L394P,0.600"
X-3990,UTY,7404.0,MutKnownFunctional,"I391*,0.500"
X-3990,UTY,7404.0,MutNovel,"RI390IF,0.533"
X-3990,UTY,7404.0,MutNovel,"A389S,0.500"
X-3990,UTY,7404.0,MutNovel,"A389S,0.500"
X-3990,UTY,7404.0,MutNovel,"LA387HH,0.438"
X-3990,UTY,7404.0,MutNovel,"L387V,0.500"
X-3990,UTY,7404.0,MutNovel,"NT383TS,0.545"
X-3990,UTY,7404.0,MutKnownFunctional,"YE359Y*,0.520"
X-3990,UTY,7404.0,MutNovel,"L358T,0.520"
X-3990,UTY,7404.0,MutNovel,"G356S,0.542"
X-3990,UTY,7404.0,MutKnownFunctional,"DL354G*,0.542"
X-3990,UTY,7404.0,MutNovel,"MD353RN,0.545"
X-3990,UTY,7404.0,MutNovel,"W352Q,0.545"
X-3990,UTY,7404.0,MutNovel,"AA350ET,0.526"
X-3990,UTY,7404.0,MutNovel,"HA348QN,0.556"
X-3990,UTY,7404.0,MutNovel,"IC339MS,0.700"
X-3990,UTY,7404.0,MutNovel,"MD332IL,0.333"
X-3990,UTY,7404.0,MutNovel,"M332E,0.600"
X-3990,UTY,7404.0,MutNovel,"QN328LL,0.500"
X-3990,UTY,7404.0,MutKnownFunctional,"QQ327Q*,0.500"
X-3990,UTY,7404.0,MutNovel,"Q326K,0.667"
X-3990,UTY,7404.0,MutKnownFunctional,"VL323*V,0.750"
X-3990,UTY,7404.0,MutNovel,"S289R,0.750"
X-3990,UTY,7404.0,MutNovel,"IG321SN,1.000"
X-3990,UTY,7404.0,MutNovel,"S320C,0.667"
X-3990,UTY,7404.0,MutKnownFunctional,"S320*,0.750"
X-3990,UTY,7404.0,MutKnownFunctional,"C319*,0.667"
X-3990,UTY,7404.0,MutKnownFunctional,"C319*,0.667"
X-3990,UTY,7404.0,MutNovel,"T317L,0.750"
X-3990,UTY,7404.0,MutNovel,"D316G,0.500"
X-3990,UTY,7404.0,MutNovel,"S314N,1.000"
X-3990,UTY,7404.0,MutNovel,"S314H,1.000"
X-3990,UTY,7404.0,MutNovel,"E312D,1.000"
X-3990,UTY,7404.0,MutNovel,"K310W,1.000"
X-3990,UTY,7404.0,MutNovel,"K310W,1.000"
X-3990,UTY,7404.0,MutNovel,"D309C,1.000"
X-3990,UTY,7404.0,MutNovel,"E275P,0.625"
X-3990,UTY,7404.0,MutNovel,"LE274RQ,0.750"
X-3990,UTY,7404.0,MutNovel,"S273R,0.714"
X-3990,UTY,7404.0,MutNovel,"QK271HE,0.714"
X-3990,UTY,7404.0,MutNovel,"L270A,0.444"
X-3990,UTY,7404.0,MutNovel,"E263L,0.500"
X-3990,UTY,7404.0,MutNovel,"T261L,0.500"
X-3990,UTY,7404.0,MutNovel,"KA259VS,0.571"
X-3990,UTY,7404.0,MutNovel,"VG256HR,0.571"
X-3990,UTY,7404.0,MutNovel,"D254V,0.556"
X-3990,UTY,7404.0,MutNovel,"D254I,0.556"
X-3990,UTY,7404.0,MutNovel,"HH250LV,0.667"
X-3990,UTY,7404.0,MutNovel,"MH249GN,0.700"
X-3990,UTY,7404.0,MutNovel,"W248T,0.500"
X-3990,UTY,7404.0,MutNovel,"G247V,0.750"
X-3990,UTY,7404.0,MutNovel,"Q245V,0.500"
X-3990,UTY,7404.0,MutNovel,"QQ244ME,0.700"
X-3990,UTY,7404.0,MutNovel,"L243R,0.455"
X-3990,UTY,7404.0,MutNovel,"AT240EH,0.625"
X-3990,UTY,7404.0,MutNovel,"A240P,0.700"
X-3990,UTY,7404.0,MutNovel,"KA239NP,0.700"
X-3990,UTY,7404.0,MutKnownFunctional,"V238*,0.625"
X-3990,UTY,7404.0,MutNovel,"A236V,0.667"
X-3990,UTY,7404.0,MutNovel,"A236L,0.667"
X-3990,UTY,7404.0,MutNovel,"NL233KG,0.400"
X-3990,UTY,7404.0,MutNovel,"EN232AP,0.444"
X-3990,UTY,7404.0,MutNovel,"TE231IQ,0.571"
X-3990,UTY,7404.0,MutNovel,"Q230S,0.571"
X-3990,UTY,7404.0,MutNovel,"LL228PQ,0.545"
X-3990,UTY,7404.0,MutNovel,"E226Q,0.375"
X-3990,UTY,7404.0,MutNovel,"E223W,0.500"
X-3990,UTY,7404.0,MutNovel,"KE222NW,0.500"
X-3990,UTY,7404.0,MutNovel,"D179L,0.211"
X-3990,UTY,7404.0,MutNovel,"M173L,0.231"
X-3990,UTY,7404.0,MutNovel,"LM172WL,0.231"
X-3990,UTY,7404.0,MutNovel,"G171V,0.273"
X-3990,UTY,7404.0,MutNovel,"H167C,0.375"
X-3990,UTY,7404.0,MutNovel,"H167C,0.375"
X-3990,UTY,7404.0,MutNovel,"AK163VL,0.444"
X-3990,UTY,7404.0,MutNovel,"A163P,0.500"
X-3990,UTY,7404.0,MutNovel,"S159I,0.500"
X-3990,UTY,7404.0,MutNovel,"PS158QF,0.500"
X-3990,UTY,7404.0,MutNovel,"AF149DI,0.500"
X-3990,UTY,7404.0,MutNovel,"V136G,0.455"
X-3990,UTY,7404.0,MutNovel,"GL134LL,0.273"
X-3990,UTY,7404.0,MutKnownFunctional,"S107*,0.625"
X-3990,YIF1A,10897.0,MutNovel,"R293W,0.502"
X-3990,ZBTB5,9925.0,Amp5,5.35
X-3990,ZCCHC7,84186.0,Amp5,7.67
X-3990,ZKSCAN1,7586.0,Amp8,16.91
X-3990,ZKSCAN5,23660.0,Amp8,16.91
X-3990,ZNF37A,7587.0,MutNovel,"G463R,0.615"
X-3990,ZNF384,171017.0,MutNovel,"QQ514Q,0.250"
X-3990,ZNF394,84124.0,Amp8,16.91
X-3990,ZNF498,221785.0,Amp8,16.91
X-3990,ZNF543,125919.0,MutNovel,"S548L,1.000"
X-3990,ZNF655,79027.0,Amp8,16.91
X-3990,ZNF77,58492.0,MutNovel,"LR507R,0.455"
X-3990,ZNF772,400720.0,MutNovel,"A4GP,1.000"
X-3990,ZNF789,285989.0,Amp8,16.91
X-3990,ZNF804B,219578.0,Amp5,5.82
X-3990,ZNF888,,MutNovel,"Y550C,1.000"
X-4015,ABLIM1,3983.0,MutNovel,"V748M,0.431"
X-4015,ABLIM3,22885.0,MutNovel,"R635Q,0.441"
X-4015,ACOT13,55856.0,MutNovel,"VE44V,0.400"
X-4015,ADAM3A,1587.0,Del0.8,0.3
X-4015,ADAM5P,255926.0,Del0.8,0.79
X-4015,ADAMTS7,11173.0,MutNovel,"R1621Q,0.625"
X-4015,ADSSL1,122622.0,MutNovel,"V320M,0.800"
X-4015,AIM1L,55057.0,MutNovel,"R790C,0.533"
X-4015,AMELY,266.0,Del0.8,0.37
X-4015,ANKRD6,22881.0,MutNovel,"V57A,1.000"
X-4015,ANO8,57719.0,MutNovel,"A4T,0.588"
X-4015,AP4M1,9179.0,MutNovel,"M380I,0.365"
X-4015,APIP,51074.0,MutNovel,"G150R,0.285"
X-4015,APLP2,334.0,MutNovel,"E222G,0.472"
X-4015,ARFGAP3,26286.0,MutNovel,"R126Q,1.000"
X-4015,ARFGAP3,26286.0,MutNovel,"R114S,1.000"
X-4015,ARHGEF38,54848.0,MutNovel,"E386D,0.667"
X-4015,ARV1,64801.0,MutKnownFunctional,"-170?,0.257"
X-4015,ATL3,25923.0,MutNovel,"L484P,0.411"
X-4015,BCORP1,286554.0,Del0.8,0.37
X-4015,BPY2B,442867.0,Del0.8,0.21
X-4015,BPY2B,442867.0,Del0.8,0.28
X-4015,BRD2,6046.0,MutNovel,"A49C,0.496"
X-4015,C1QBP,708.0,MutNovel,"P36S,0.461"
X-4015,C1orf106,55765.0,MutNovel,"R568C,0.725"
X-4015,C5orf65,389333.0,MutNovel,"P839S,0.800"
X-4015,C7orf59,389541.0,MutKnownFunctional,"Q7*,0.403"
X-4015,C9orf152,401546.0,MutNovel,"H140R,0.520"
X-4015,CACTIN,,MutNovel,"Q591L,0.450"
X-4015,CC2D1B,200014.0,MutNovel,"A297T,0.775"
X-4015,CCM2,83605.0,MutNovel,"P261Q,0.488"
X-4015,CDK11A,728642.0,Del0.8,0.46
X-4015,CDK11B,984.0,Del0.8,0.46
X-4015,CDY1B,253175.0,Del0.8,0.21
X-4015,CDY1B,253175.0,Del0.8,0.37
X-4015,CDY2A,9426.0,Del0.8,0.37
X-4015,CDY2A,9426.0,Del0.8,0.37
X-4015,CDY2B,203611.0,Del0.8,0.37
X-4015,CDY2B,203611.0,Del0.8,0.37
X-4015,CEACAM3,1084.0,MutNovel,"I117T,0.500"
X-4015,CEACAM8,1088.0,MutNovel,"N155K,1.000"
X-4015,CELF2,10659.0,MutNovel,"P22A,1.000"
X-4015,CKMT2,1160.0,MutNovel,"R77C,0.455"
X-4015,COL27A1,85301.0,MutNovel,"R118H,1.000"
X-4015,CPA4,51200.0,MutNovel,"R242Q,1.000"
X-4015,CSPG4P1Y,114758.0,Del0.8,0.21
X-4015,CSPG4P1Y,114758.0,Del0.8,0.37
X-4015,CSTF2T,23283.0,MutNovel,"I602V,0.510"
X-4015,CTBS,1486.0,MutNovel,"N305S,0.511"
X-4015,CTSA,5476.0,MutNovel,"L29-,0.893"
X-4015,CTSE,1510.0,MutNovel,"Y128C,0.300"
X-4015,CXorf40B,541578.0,MutNovel,"C53W,1.000"
X-4015,DAZ1,1617.0,Del0.8,0.37
X-4015,DAZ2,57055.0,Del0.8,0.3
X-4015,DAZ3,57054.0,Del0.8,0.28
X-4015,DAZ3,57054.0,Del0.8,0.21
X-4015,DAZ4,57135.0,Del0.8,0.31
X-4015,DAZ4,57135.0,Del0.8,0.26
X-4015,DCP1A,55802.0,MutNovel,"E220A,0.550"
X-4015,DDX3Y,8653.0,Del0.8,0.37
X-4015,DHX57,90957.0,MutNovel,"S475L,0.560"
X-4015,DIP2B,57609.0,MutNovel,"R880C,0.312"
X-4015,DMXL2,23312.0,MutNovel,"R1308G,0.556"
X-4015,DNMT1,1786.0,MutNovel,"V1067G,0.458"
X-4015,DPP8,54878.0,MutNovel,"I357R,0.429"
X-4015,EIF1AY,9086.0,Del0.8,0.37
X-4015,ELL3,80237.0,MutNovel,"V321A,0.565"
X-4015,ENGASE,64772.0,MutNovel,"E593K,0.621"
X-4015,EPB41L4A,64097.0,MutNovel,"G31S,0.462"
X-4015,EPHA4,2043.0,MutNovel,"C649Y,0.589"
X-4015,FAM131A,131408.0,MutNovel,"Q25E,0.778"
X-4015,FAM153A,285596.0,MutNovel,"V186G,1.000"
X-4015,FAM197Y2P,252946.0,Del0.8,0.37
X-4015,FAM41AY1,340618.0,Del0.8,0.37
X-4015,FAM41AY1,340618.0,Del0.8,0.37
X-4015,FBXO46,23403.0,MutNovel,"R3-,0.344"
X-4015,FCGR2C,9103.0,Amp5,5.21
X-4015,FCGR3A,2214.0,Amp5,5.21
X-4015,FCGR3B,2215.0,Amp5,5.21
X-4015,FOXK2,3607.0,MutNovel,"S158Y,0.483"
X-4015,FSIP2,401024.0,MutNovel,"CG1585C,0.526"
X-4015,FUK,197258.0,MutNovel,"P1084L,0.468"
X-4015,FUT5,2527.0,MutNovel,"A118M,1.000"
X-4015,GJD3,125111.0,MutNovel,"G281S,0.667"
X-4015,GOLGA2P2Y,84559.0,Del0.8,0.37
X-4015,GOLGA2P2Y,84559.0,Del0.8,0.21
X-4015,GPR161,23432.0,MutKnownFunctional,"-18?,0.500"
X-4015,GPRIN2,9721.0,MutNovel,"-238MRE,0.714"
X-4015,GYG2P1,352887.0,Del0.8,0.37
X-4015,HAPLN3,145864.0,MutNovel,"R267W,0.579"
X-4015,HEATR5A,25938.0,MutNovel,"R266K,0.381"
X-4015,HGS,9146.0,MutNovel,"G597S,0.597"
X-4015,HIVEP3,59269.0,MutNovel,"R2206Q,0.750"
X-4015,HLA-B,3106.0,MutNovel,"R194G,0.225"
X-4015,HLA-C,3107.0,MutNovel,"EW190DG,0.257"
X-4015,HLA-G,3135.0,MutNovel,"M49V,1.000"
X-4015,HLA-G,3135.0,MutNovel,"T91M,1.000"
X-4015,HSD17B12,51144.0,MutNovel,"A106T,0.277"
X-4015,HSD17B12,51144.0,MutNovel,"R302W,0.338"
X-4015,HSF4,3299.0,MutNovel,"R132S,0.556"
X-4015,HSFY2,159119.0,Del0.8,0.37
X-4015,HSFY2,159119.0,Del0.8,0.37
X-4015,HSPA7,3311.0,Amp5,5.21
X-4015,IFT122,55764.0,MutNovel,"Y38C,0.564"
X-4015,IGFBP2,3485.0,MutNovel,"ALPLPPPPL9A,0.414"
X-4015,IKBIP,121457.0,MutNovel,"R180Q,0.400"
X-4015,INPP5B,3633.0,MutNovel,"F771I,0.476"
X-4015,IPO7,10527.0,MutNovel,"N493K,0.535"
X-4015,IQGAP1,8826.0,MutNovel,"N860S,0.484"
X-4015,KANK1,23189.0,MutNovel,"E352K,1.000"
X-4015,KCNIP4,80333.0,MutNovel,"K235N,0.800"
X-4015,KDM5D,8284.0,Del0.8,0.37
X-4015,KIAA0368,23392.0,MutNovel,"N1781S,0.495"
X-4015,KIAA0564,23078.0,MutNovel,"D1438G,1.000"
X-4015,KIAA1407,57577.0,MutNovel,"E416K,0.650"
X-4015,KIAA1804,84451.0,MutNovel,"E478Q,0.564"
X-4015,KIF20B,9585.0,MutNovel,"L1062LKV,0.354"
X-4015,KRAS,3845.0,MutKnownFunctional,"Q61H,1.000"
X-4015,KRT14,3861.0,MutNovel,"S241N,0.444"
X-4015,KRT84,3890.0,MutNovel,"D351E,1.000"
X-4015,LENG1,79165.0,MutNovel,"F79L,0.463"
X-4015,LEPREL1,55214.0,MutNovel,"G414R,0.449"
X-4015,LOC100996473,,MutNovel,"A65T,0.833"
X-4015,LOC100996575,,MutKnownFunctional,"Q85*,0.667"
X-4015,LOC642131,,MutNovel,"P60S,1.000"
X-4015,LOC642131,,MutNovel,"S51G,1.000"
X-4015,LOC642131,,MutNovel,"G46D,1.000"
X-4015,LPAR6,10161.0,MutNovel,"L59F,0.500"
X-4015,LRRC37A,9884.0,MutNovel,"S1121R,0.800"
X-4015,LRWD1,222229.0,MutNovel,"D265N,0.484"
X-4015,LSR,51599.0,MutNovel,"G518GR,0.475"
X-4015,MAP2K6,5608.0,MutNovel,"L155S,0.400"
X-4015,MAP3K10,4294.0,MutNovel,"R695C,0.667"
X-4015,MLL2,8085.0,MutKnownFunctional,"R3707*,0.309"
X-4015,MOCS2,4338.0,MutNovel,"C5Y,0.440"
X-4015,MPRIP,23164.0,MutNovel,"TS178T,0.534"
X-4015,MST1,4485.0,MutNovel,"Q324R,0.714"
X-4015,MST1,4485.0,MutNovel,"G307N,0.545"
X-4015,MYBL2,4605.0,MutNovel,"A662T,0.471"
X-4015,MYH14,79784.0,MutNovel,"L323F,0.428"
X-4015,MYOM1,8736.0,MutNovel,"T1593I,1.000"
X-4015,NACC2,138151.0,MutNovel,"A544T,0.571"
X-4015,NBPF10,100132406.0,MutNovel,"E125Q,0.714"
X-4015,NCOR2,9612.0,MutNovel,"G1839GAAA,0.380"
X-4015,NCRNA00185,55410.0,Del0.8,0.37
X-4015,NFIL3,4783.0,MutNovel,"Y432C,0.394"
X-4015,NHS,4810.0,MutNovel,"R484W,1.000"
X-4015,NKX3-1,4824.0,MutNovel,"G10R,0.667"
X-4015,NLGN4Y,22829.0,Del0.8,0.37
X-4015,NOB1,28987.0,MutNovel,"M158V,0.472"
X-4015,NOM1,64434.0,MutNovel,"L503V,0.457"
X-4015,NOXO1,124056.0,MutNovel,"R229L,0.636"
X-4015,NPC1L1,29881.0,MutNovel,"V1119L,0.362"
X-4015,NUS1,116150.0,MutNovel,"H269Y,1.000"
X-4015,OCEL1,79629.0,MutNovel,"H71Q,0.444"
X-4015,OLA1,29789.0,MutNovel,"P13L,0.512"
X-4015,OPLAH,26873.0,MutNovel,"V167L,0.500"
X-4015,OR2T10,127069.0,Amp5,5.43
X-4015,OR2T11,127077.0,Amp5,5.43
X-4015,OR2T34,127068.0,Amp5,5.43
X-4015,OR2T35,403244.0,Amp5,5.43
X-4015,ORAI1,84876.0,MutNovel,"PP43-,1.000"
X-4015,PARP15,165631.0,MutNovel,"D253N,1.000"
X-4015,PCDH11Y,83259.0,Del0.8,0.37
X-4015,PCDH7,5099.0,MutNovel,"R356P,0.527"
X-4015,PCM1,5108.0,MutNovel,"N1488S,0.415"
X-4015,PCP2,126006.0,MutNovel,"R82C,1.000"
X-4015,PDF,64146.0,MutNovel,"M228T,0.505"
X-4015,PGAM1,5223.0,MutNovel,"I160T,0.533"
X-4015,PHACTR4,65979.0,MutKnownFunctional,"-61?,0.262"
X-4015,PHLDA1,22822.0,MutNovel,"QQ194Q,0.594"
X-4015,PITPNM2,57605.0,MutNovel,"E356K,0.778"
X-4015,PLCXD2,257068.0,MutNovel,"R111C,0.667"
X-4015,PLEC,5339.0,MutNovel,"A1319T,0.731"
X-4015,PMEPA1,56937.0,MutKnownFunctional,"-208?,0.385"
X-4015,POLR1A,25885.0,MutNovel,"P1510L,0.593"
X-4015,POLR1A,25885.0,MutNovel,"A1140T,0.421"
X-4015,POTEI,,MutNovel,"I803M,1.000"
X-4015,PPP2R5A,5525.0,MutNovel,"L287S,0.642"
X-4015,PREPL,9581.0,MutNovel,"P573L,0.564"
X-4015,PRKY,5616.0,Del0.8,0.37
X-4015,PRY,9081.0,Del0.8,0.37
X-4015,PRY,9081.0,Del0.8,0.37
X-4015,PRY2,442862.0,Del0.8,0.37
X-4015,PRY2,442862.0,Del0.8,0.37
X-4015,RBMY1A3P,286557.0,Del0.8,0.37
X-4015,RBMY1B,378948.0,Del0.8,0.37
X-4015,RBMY1B,378948.0,Del0.8,0.37
X-4015,RBMY1E,378950.0,Del0.8,0.37
X-4015,RBMY1E,378950.0,Del0.8,0.37
X-4015,RBMY1F,159163.0,Del0.8,0.37
X-4015,RBMY1F,159163.0,Del0.8,0.37
X-4015,RBMY1J,378951.0,Del0.8,0.37
X-4015,RBMY1J,378951.0,Del0.8,0.37
X-4015,RBMY2EP,159125.0,Del0.8,0.37
X-4015,RBMY2FP,159162.0,Del0.8,0.37
X-4015,RBMY3AP,64593.0,Del0.8,0.37
X-4015,RNF43,54894.0,MutKnownFunctional,"-282,0.322"
X-4015,RNF43,54894.0,MutNovel,"V162M,0.496"
X-4015,RPS4Y1,6192.0,Del0.8,0.37
X-4015,RPS4Y2,140032.0,Del0.8,0.37
X-4015,SCAPER,49855.0,Del0.8,0.78
X-4015,SELL,6402.0,MutNovel,"L44P,0.308"
X-4015,SEPP1,6414.0,MutNovel,"K304M,0.547"
X-4015,SERINC2,347735.0,MutNovel,"-373Q,0.473"
X-4015,SERPINB4,6318.0,MutNovel,"W269R,1.000"
X-4015,SETD3,84193.0,MutNovel,"E286A,0.643"
X-4015,SLC2A13,114134.0,MutNovel,"S6N,1.000"
X-4015,SLC35E2,9906.0,Del0.8,0.25
X-4015,SMAD4,4089.0,MutKnownFunctional,"-156?,1.000"
X-4015,SMC3,9126.0,MutNovel,"K1012R,0.398"
X-4015,SMC4,10051.0,MutKnownFunctional,"-908,0.204"
X-4015,SOX12,6666.0,MutNovel,"A217T,1.000"
X-4015,SOX9,6662.0,MutKnownFunctional,"-392,0.648"
X-4015,SPEN,23013.0,MutNovel,"V3287M,0.390"
X-4015,SRY,6736.0,Del0.8,0.37
X-4015,SSR1,6745.0,MutNovel,"I47M,0.487"
X-4015,SZT2,23334.0,MutNovel,"R343Q,0.400"
X-4015,TADA1,117143.0,MutNovel,"P274S,0.750"
X-4015,TATDN1,83940.0,MutNovel,"G105R,0.472"
X-4015,TBC1D2,55357.0,MutNovel,"R300Q,0.243"
X-4015,TBL1Y,90665.0,Del0.8,0.37
X-4015,TET2,54790.0,MutNovel,"Q731E,0.581"
X-4015,TGIF1,7050.0,MutNovel,"E392A,0.997"
X-4015,TGIF2LY,90655.0,Del0.8,0.37
X-4015,TJP1,7082.0,MutNovel,"R265W,0.430"
X-4015,TMEM132C,92293.0,MutNovel,"P988L,0.333"
X-4015,TMEM184A,202915.0,MutNovel,"G392GA,0.442"
X-4015,TMEM38A,79041.0,MutNovel,"HD259H,0.222"
X-4015,TMEM63B,55362.0,MutNovel,"H99R,0.496"
X-4015,TMSB4Y,9087.0,Del0.8,0.37
X-4015,TNFRSF10C,8794.0,MutNovel,"T214N,0.333"
X-4015,TNS3,64759.0,MutNovel,"E1420Q,0.523"
X-4015,TRAK1,22906.0,MutNovel,"L195W,0.500"
X-4015,TRIO,7204.0,MutNovel,"E2384K,0.256"
X-4015,TSPY1,7258.0,Del0.8,0.37
X-4015,TSPY2,64591.0,Del0.8,0.37
X-4015,TSPY3,728137.0,Del0.8,0.37
X-4015,TSPY4,728395.0,Del0.8,0.37
X-4015,TSPY8,728403.0,Del0.8,0.37
X-4015,TTTY10,246119.0,Del0.8,0.37
X-4015,TTTY11,83866.0,Del0.8,0.37
X-4015,TTTY12,83867.0,Del0.8,0.37
X-4015,TTTY13,83868.0,Del0.8,0.37
X-4015,TTTY14,83869.0,Del0.8,0.37
X-4015,TTTY15,64595.0,Del0.8,0.37
X-4015,TTTY16,252948.0,Del0.8,0.37
X-4015,TTTY17A,252949.0,Del0.8,0.21
X-4015,TTTY17A,252949.0,Del0.8,0.28
X-4015,TTTY18,252950.0,Del0.8,0.37
X-4015,TTTY19,252952.0,Del0.8,0.37
X-4015,TTTY1B,100101116.0,Del0.8,0.37
X-4015,TTTY1B,100101116.0,Del0.8,0.37
X-4015,TTTY2,60439.0,Del0.8,0.37
X-4015,TTTY2,60439.0,Del0.8,0.37
X-4015,TTTY20,252951.0,Del0.8,0.37
X-4015,TTTY21,252953.0,Del0.8,0.37
X-4015,TTTY21,252953.0,Del0.8,0.37
X-4015,TTTY22,252954.0,Del0.8,0.37
X-4015,TTTY23,252955.0,Del0.8,0.37
X-4015,TTTY23,252955.0,Del0.8,0.37
X-4015,TTTY3,114760.0,Del0.8,0.37
X-4015,TTTY3,114760.0,Del0.8,0.21
X-4015,TTTY4,114761.0,Del0.8,0.21
X-4015,TTTY4,114761.0,Del0.8,0.28
X-4015,TTTY5,83863.0,Del0.8,0.37
X-4015,TTTY6,84672.0,Del0.8,0.37
X-4015,TTTY6,84672.0,Del0.8,0.37
X-4015,TTTY7,246122.0,Del0.8,0.37
X-4015,TTTY7,246122.0,Del0.8,0.37
X-4015,TTTY7B,100101120.0,Del0.8,0.37
X-4015,TTTY7B,100101120.0,Del0.8,0.37
X-4015,TTTY8,84673.0,Del0.8,0.37
X-4015,TTTY8,84673.0,Del0.8,0.37
X-4015,TTTY9A,83864.0,Del0.8,0.37
X-4015,TTTY9A,83864.0,Del0.8,0.37
X-4015,TXLNG2P,246126.0,Del0.8,0.37
X-4015,UNKL,64718.0,MutNovel,"G456S,0.625"
X-4015,UPF3A,65110.0,MutNovel,"KR254K,0.324"
X-4015,UPK3BL,,MutNovel,"L213V,0.478"
X-4015,USP36,57602.0,MutNovel,"KKK958K,0.622"
X-4015,USP9Y,8287.0,Del0.8,0.37
X-4015,UTY,7404.0,Del0.8,0.37
X-4015,VCY,9084.0,Del0.8,0.37
X-4015,VCY,9084.0,Del0.8,0.37
X-4015,WAPAL,23063.0,MutNovel,"T1063A,0.413"
X-4015,WDR81,124997.0,MutNovel,"R1526H,0.533"
X-4015,XKRY2,353515.0,Del0.8,0.37
X-4015,XKRY2,353515.0,Del0.8,0.37
X-4015,ZFP90,146198.0,MutKnownFunctional,"R633*,0.667"
X-4015,ZFY,7544.0,Del0.8,0.37
X-4015,ZFYVE26,23503.0,MutNovel,"R2329K,0.676"
X-4015,ZNF217,7764.0,MutNovel,"K741R,0.464"
X-4015,ZNF219,51222.0,MutNovel,"QPP233P,0.700"
X-4015,ZNF333,84449.0,MutNovel,"R128Q,0.286"
X-4015,ZNF384,171017.0,MutNovel,"QQ514Q,0.500"
X-4015,ZNF418,147686.0,MutNovel,"H297Q,0.375"
X-4015,ZNF512,84450.0,MutNovel,"V455I,0.240"
X-4015,ZNF611,81856.0,MutNovel,"Q179H,0.429"
X-4015,ZNF703,80139.0,MutNovel,"A32S,0.557"
X-4015,ZNF773,374928.0,MutNovel,"K282N,0.400"
X-4018,A2LD1,87769.0,MutNovel,"E72D,0.667"
X-4018,ABCC1,4363.0,MutNovel,"R1138Q,0.214"
X-4018,ACSM2A,123876.0,MutNovel,"N463D,1.000"
X-4018,ADAM8,101.0,MutNovel,"A153T,0.519"
X-4018,AIM1L,55057.0,MutNovel,"R984S,0.981"
X-4018,ALKBH8,91801.0,MutNovel,"C296G,0.600"
X-4018,AMELY,266.0,Del0.8,0.79
X-4018,ANKRD13B,124930.0,MutNovel,"E612Q,1.000"
X-4018,ANKRD18A,253650.0,MutNovel,"Q559H,0.600"
X-4018,ASH2L,9070.0,MutNovel,"V35A,0.429"
X-4018,ASL,435.0,MutNovel,"M21I,0.320"
X-4018,B4GALT1,2683.0,MutNovel,"Q284L,0.348"
X-4018,BCORP1,286554.0,Del0.8,0.77
X-4018,BHLHE41,79365.0,MutNovel,"A428T,0.417"
X-4018,BPY2B,442867.0,Del0.8,0.44
X-4018,BPY2B,442867.0,Del0.8,0.44
X-4018,BRWD1,54014.0,MutNovel,"R1801K,0.500"
X-4018,BTNL3,10917.0,MutNovel,"H311G,0.615"
X-4018,C16orf95,100506581.0,MutNovel,"C131Y,0.231"
X-4018,C4orf29,80167.0,MutNovel,"E62D,0.625"
X-4018,C9orf172,389813.0,MutNovel,"P228S,0.455"
X-4018,C9orf53,51198.0,Del0.8,0.76
X-4018,CARD8,22900.0,MutNovel,"D21G,0.438"
X-4018,CASKIN2,57513.0,MutNovel,"T299I,0.938"
X-4018,CASP8AP2,9994.0,MutNovel,"R1784S,0.810"
X-4018,CBLB,868.0,MutNovel,"R786Q,0.592"
X-4018,CBWD6,644019.0,MutKnownFunctional,"-259?,0.364"
X-4018,CCDC66,285331.0,MutNovel,"S606SP,0.857"
X-4018,CDKN2A,1029.0,Del0.8,0.76
X-4018,CDY1B,253175.0,Del0.8,0.44
X-4018,CDY1B,253175.0,Del0.8,0.44
X-4018,CDY2A,9426.0,Del0.8,0.44
X-4018,CDY2A,9426.0,Del0.8,0.44
X-4018,CDY2B,203611.0,Del0.8,0.44
X-4018,CDY2B,203611.0,Del0.8,0.44
X-4018,CEACAM3,1084.0,MutNovel,"G85E,0.800"
X-4018,CEP192,55125.0,MutNovel,"S760Y,1.000"
X-4018,CNTNAP3B,728577.0,MutNovel,"S361T,0.615"
X-4018,COBLL1,22837.0,MutNovel,"D134G,0.429"
X-4018,COL4A2,1284.0,MutNovel,"R1662C,0.400"
X-4018,COL4A5,1287.0,MutNovel,"I1135V,1.000"
X-4018,COX7A2L,9167.0,MutNovel,"K4Q,0.354"
X-4018,CSPG4P1Y,114758.0,Del0.8,0.44
X-4018,CSPG4P1Y,114758.0,Del0.8,0.44
X-4018,CT45A2,728911.0,Del0.8,0.55
X-4018,CT45A4,441520.0,Del0.8,0.55
X-4018,CTAGE4,100128553.0,MutNovel,"R734P,0.900"
X-4018,CTNNBL1,56259.0,MutNovel,"L245V,0.475"
X-4018,CTSA,5476.0,MutNovel,"L29-,0.700"
X-4018,DAZ1,1617.0,Del0.8,0.44
X-4018,DAZ2,57055.0,Del0.8,0.44
X-4018,DAZ3,57054.0,Del0.8,0.44
X-4018,DAZ3,57054.0,Del0.8,0.44
X-4018,DAZ4,57135.0,Del0.8,0.44
X-4018,DAZ4,57135.0,Del0.8,0.44
X-4018,DDX3Y,8653.0,Del0.8,0.78
X-4018,DEDD2,162989.0,MutNovel,"S137R,0.456"
X-4018,DEM1,64789.0,MutNovel,"F276L,0.833"
X-4018,DERA,51071.0,MutNovel,"R260C,0.551"
X-4018,DFNB31,25861.0,MutNovel,"G7R,0.667"
X-4018,DPP7,29952.0,MutKnownFunctional,"-487?,0.341"
X-4018,DRD4,1815.0,MutNovel,"S284G,1.000"
X-4018,EIF1AY,9086.0,Del0.8,0.77
X-4018,ERCC6L,54821.0,MutKnownFunctional,"-705,1.000"
X-4018,ESYT2,57488.0,MutNovel,"K862R,0.455"
X-4018,FAM153A,285596.0,MutNovel,"V186G,1.000"
X-4018,FAM173A,65990.0,MutNovel,"P50M,0.310"
X-4018,FAM197Y2P,252946.0,Del0.8,0.22
X-4018,FAM41AY1,340618.0,Del0.8,0.44
X-4018,FAM41AY1,340618.0,Del0.8,0.44
X-4018,FKBP9,11328.0,MutNovel,"I38F,0.381"
X-4018,FLJ22184,80164.0,MutKnownFunctional,"C907*,0.667"
X-4018,FLJ22184,80164.0,MutNovel,"T69S,1.000"
X-4018,FMNL1,752.0,MutNovel,"G1082S,0.400"
X-4018,FUT5,2527.0,MutNovel,"E261K,0.714"
X-4018,FXC1,26515.0,MutNovel,"L36F,0.460"
X-4018,GIT2,9815.0,MutNovel,"G720R,0.370"
X-4018,GOLGA2P2Y,84559.0,Del0.8,0.44
X-4018,GOLGA2P2Y,84559.0,Del0.8,0.44
X-4018,GPATCH1,55094.0,MutNovel,"N414D,0.458"
X-4018,GPC1,2817.0,MutNovel,"P449L,0.803"
X-4018,GSTM1,2944.0,MutNovel,"S210T,1.000"
X-4018,GYG2P1,352887.0,Del0.8,0.78
X-4018,HACE1,57531.0,Del0.8,0.62
X-4018,HES2,54626.0,MutNovel,"L97R,0.750"
X-4018,HLA-DPB1,3115.0,MutNovel,"F74Y,0.714"
X-4018,HLA-DPB1,3115.0,MutNovel,"T78R,0.625"
X-4018,HLA-DPB1,3115.0,MutNovel,"E97Q,0.833"
X-4018,HSFY2,159119.0,Del0.8,0.44
X-4018,HSFY2,159119.0,Del0.8,0.44
X-4018,IFT172,26160.0,MutNovel,"R846L,0.217"
X-4018,IGFN1,91156.0,MutNovel,"M1828I,1.000"
X-4018,KDM5D,8284.0,Del0.8,0.77
X-4018,KIAA0907,22889.0,MutNovel,"M425T,0.322"
X-4018,KIF1B,23095.0,MutNovel,"R1365Q,0.421"
X-4018,KRAS,3845.0,MutKnownFunctional,"G12V,0.556"
X-4018,KREMEN2,79412.0,MutNovel,"P343S,0.750"
X-4018,KRT10,3858.0,MutNovel,"G505S,0.333"
X-4018,LCE3C,353144.0,Del0.8,0.74
X-4018,LCN1,3933.0,MutNovel,"A84V,1.000"
X-4018,LGALS9B,284194.0,MutNovel,"V126M,0.500"
X-4018,LGALS9B,284194.0,MutNovel,"S40C,0.273"
X-4018,LGALS9C,654346.0,MutNovel,"I243L,1.000"
X-4018,LIPE,3991.0,MutNovel,"KR497NG,0.273"
X-4018,LOC100128071,100128071.0,MutNovel,"P31R,0.800"
X-4018,LOC100129083,100129083.0,MutNovel,"T62A,0.667"
X-4018,LOC100129480,100129480.0,MutNovel,"V163I,1.000"
X-4018,LOC100996256,,MutNovel,"P167S,1.000"
X-4018,LOC100996473,,MutNovel,"F175L,0.467"
X-4018,LOC391322,391322.0,MutNovel,"E55K,0.933"
X-4018,LRBA,987.0,MutNovel,"Q1331R,0.545"
X-4018,LRRC26,389816.0,MutNovel,"P312S,0.714"
X-4018,LSR,51599.0,MutNovel,"G518GR,0.422"
X-4018,MAN2C1,4123.0,MutNovel,"R987C,0.503"
X-4018,MAP3K6,9064.0,MutNovel,"R375Q,0.810"
X-4018,MED16,10025.0,MutNovel,"R754W,0.533"
X-4018,MED30,90390.0,MutNovel,"N100S,0.288"
X-4018,MGAT2,4247.0,MutNovel,"I395V,0.510"
X-4018,MIA2,117153.0,MutNovel,"Y389F,0.562"
X-4018,MPRIP,23164.0,MutNovel,"TS178T,0.474"
X-4018,MRPL46,26589.0,MutNovel,"S60C,0.432"
X-4018,MTAP,4507.0,Del0.8,0.76
X-4018,MUC12,10071.0,MutNovel,"E1768G,1.000"
X-4018,MUC3A,,MutNovel,"F453S,1.000"
X-4018,MUC3A,,MutNovel,"E601Q,0.473"
X-4018,MUC3A,,MutNovel,"I736T,0.551"
X-4018,MUC4,4585.0,MutNovel,"G4174A,1.000"
X-4018,MUC4,4585.0,MutNovel,"S3210F,1.000"
X-4018,MUC4,4585.0,MutNovel,"T2798A,1.000"
X-4018,MUC4,4585.0,MutNovel,"P2562S,0.667"
X-4018,MUC4,4585.0,MutNovel,"T2031M,1.000"
X-4018,MYLK,4638.0,MutNovel,"S1656G,0.389"
X-4018,NCOR2,9612.0,MutNovel,"G1839GAAA,0.278"
X-4018,NCRNA00185,55410.0,Del0.8,0.77
X-4018,NLGN4Y,22829.0,Del0.8,0.78
X-4018,NPIP,9284.0,MutNovel,"W110R,0.400"
X-4018,NPIPL3,23117.0,MutKnownFunctional,"R970*,0.667"
X-4018,NPIPL3,23117.0,MutNovel,"P845L,1.000"
X-4018,NR1H2,7376.0,MutNovel,"-173Q,0.780"
X-4018,NRD1,4898.0,MutNovel,"Q260E,0.267"
X-4018,NRD1,4898.0,MutNovel,"T231S,0.250"
X-4018,NUDT14,256281.0,MutNovel,"G6R,0.462"
X-4018,OCLN,100506658.0,MutNovel,"R335Q,0.478"
X-4018,OR52N5,390075.0,Del0.8,0.6
X-4018,ORMDL3,94103.0,MutNovel,"H56D,0.494"
X-4018,OSBPL7,114881.0,MutNovel,"R484C,0.958"
X-4018,OSMR,9180.0,MutNovel,"L613F,0.262"
X-4018,PCDH11Y,83259.0,Del0.8,0.79
X-4018,PDE4DIP,9659.0,MutNovel,"P2341L,0.314"
X-4018,PDIA2,64714.0,MutNovel,"E439K,0.889"
X-4018,PEAK1,79834.0,MutNovel,"E350K,0.429"
X-4018,PEX11G,92960.0,MutKnownFunctional,"-213?,0.500"
X-4018,PHACTR3,116154.0,MutNovel,"V12L,1.000"
X-4018,PHLDA1,22822.0,MutNovel,"QQ194Q,0.400"
X-4018,PHYHD1,254295.0,MutNovel,"R78Q,0.875"
X-4018,PKD1,5310.0,MutNovel,"R739E,1.000"
X-4018,POFUT1,23509.0,MutNovel,"M251V,0.467"
X-4018,POGZ,23126.0,MutNovel,"H1216Y,0.440"
X-4018,POLRMT,5442.0,MutNovel,"P747L,0.583"
X-4018,PPL,5493.0,MutNovel,"T916N,0.557"
X-4018,PPP2R3B,28227.0,MutNovel,"L589S,0.750"
X-4018,PRADC1,84279.0,MutNovel,"N121S,0.433"
X-4018,PRB1,5542.0,MutNovel,"R149Q,0.286"
X-4018,PRB2,653247.0,MutNovel,"R109Q,0.444"
X-4018,PRKACA,5566.0,MutNovel,"D221E,0.380"
X-4018,PRKAR1A,5573.0,MutKnownFunctional,"-334?,0.731"
X-4018,PRKY,5616.0,Del0.8,0.79
X-4018,PRPF31,26121.0,MutNovel,"G355D,0.355"
X-4018,PRY,9081.0,Del0.8,0.77
X-4018,PRY,9081.0,Del0.8,0.44
X-4018,PRY2,442862.0,Del0.8,0.44
X-4018,PRY2,442862.0,Del0.8,0.77
X-4018,PTPN22,26191.0,MutNovel,"N427KI,0.292"
X-4018,QRICH2,84074.0,MutNovel,"G644S,1.000"
X-4018,QRICH2,84074.0,MutNovel,"A640E,1.000"
X-4018,RBMY1A3P,286557.0,Del0.8,0.79
X-4018,RBMY1B,378948.0,Del0.8,0.77
X-4018,RBMY1B,378948.0,Del0.8,0.77
X-4018,RBMY1E,378950.0,Del0.8,0.77
X-4018,RBMY1E,378950.0,Del0.8,0.77
X-4018,RBMY1F,159163.0,Del0.8,0.58
X-4018,RBMY1F,159163.0,Del0.8,0.77
X-4018,RBMY1J,378951.0,Del0.8,0.44
X-4018,RBMY1J,378951.0,Del0.8,0.77
X-4018,RBMY2EP,159125.0,Del0.8,0.77
X-4018,RBMY2FP,159162.0,Del0.8,0.77
X-4018,RBMY3AP,64593.0,Del0.8,0.78
X-4018,RFX1,5989.0,MutNovel,"L957M,0.625"
X-4018,RHOA,387.0,MutNovel,"N94D,0.952"
X-4018,RIN3,79890.0,MutNovel,"G967-,0.312"
X-4018,RNF213,57674.0,MutNovel,"A1135V,0.688"
X-4018,RPS4Y1,6192.0,Del0.8,0.79
X-4018,RPS4Y2,140032.0,Del0.8,0.77
X-4018,RPS6KA4,8986.0,MutNovel,"A754G,0.265"
X-4018,RUNDC1,146923.0,MutNovel,"A60G,1.000"
X-4018,SAFB2,9667.0,MutNovel,"G728R,0.410"
X-4018,SEMA3C,10512.0,MutNovel,"R548W,0.462"
X-4018,SERINC2,347735.0,MutKnownFunctional,"-304,0.397"
X-4018,SERINC2,347735.0,MutNovel,"-373Q,0.673"
X-4018,SIPA1,6494.0,MutNovel,"L197Q,0.750"
X-4018,SKIV2L,6499.0,MutNovel,"G378R,0.857"
X-4018,SLC25A19,60386.0,MutNovel,"K212R,0.926"
X-4018,SNHG5,387066.0,Del0.8,0.62
X-4018,SNORD50A,26799.0,Del0.8,0.62
X-4018,SNORD50B,692088.0,Del0.8,0.62
X-4018,SNX14,57231.0,Del0.8,0.62
X-4018,SPTBN2,6712.0,MutNovel,"R1841Q,0.440"
X-4018,SPTBN2,6712.0,MutNovel,"A631V,0.818"
X-4018,SRY,6736.0,Del0.8,0.79
X-4018,ST3GAL4,6484.0,MutNovel,"A305V,0.545"
X-4018,STARD10,10809.0,MutNovel,"W136R,0.463"
X-4018,STAT6,6778.0,MutNovel,"Q113R,0.442"
X-4018,STK25,10494.0,MutKnownFunctional,"R139*,0.667"
X-4018,SYNCRIP,10492.0,Del0.8,0.62
X-4018,TBC1D23,55773.0,MutNovel,"S66N,0.480"
X-4018,TBL1Y,90665.0,Del0.8,0.79
X-4018,TGFBR1,7046.0,MutNovel,"S287F,0.875"
X-4018,TGIF2LY,90655.0,Del0.8,0.79
X-4018,TLK2,11011.0,MutNovel,"R262Q,0.412"
X-4018,TMEM194B,100131211.0,MutNovel,"L367Q,0.692"
X-4018,TMEM40,55287.0,MutNovel,"D158V,1.000"
X-4018,TMSB4Y,9087.0,Del0.8,0.78
X-4018,TPPP,11076.0,MutNovel,"R30K,0.667"
X-4018,TPPP,11076.0,MutNovel,"R26W,0.667"
X-4018,TRIM21,6737.0,MutNovel,"E104K,0.443"
X-4018,TSGA10,80705.0,MutNovel,"R3Q,0.500"
X-4018,TSPY1,7258.0,Del0.8,0.22
X-4018,TSPY2,64591.0,Del0.8,0.79
X-4018,TSPY3,728137.0,Del0.8,0.22
X-4018,TSPY4,728395.0,Del0.8,0.22
X-4018,TSPY8,728403.0,Del0.8,0.22
X-4018,TTTY10,246119.0,Del0.8,0.77
X-4018,TTTY11,83866.0,Del0.8,0.79
X-4018,TTTY12,83867.0,Del0.8,0.79
X-4018,TTTY13,83868.0,Del0.8,0.77
X-4018,TTTY14,83869.0,Del0.8,0.77
X-4018,TTTY15,64595.0,Del0.8,0.78
X-4018,TTTY16,252948.0,Del0.8,0.79
X-4018,TTTY17A,252949.0,Del0.8,0.44
X-4018,TTTY17A,252949.0,Del0.8,0.44
X-4018,TTTY18,252950.0,Del0.8,0.79
X-4018,TTTY19,252952.0,Del0.8,0.79
X-4018,TTTY1B,100101116.0,Del0.8,0.78
X-4018,TTTY1B,100101116.0,Del0.8,0.79
X-4018,TTTY2,60439.0,Del0.8,0.79
X-4018,TTTY2,60439.0,Del0.8,0.78
X-4018,TTTY20,252951.0,Del0.8,0.41
X-4018,TTTY21,252953.0,Del0.8,0.79
X-4018,TTTY21,252953.0,Del0.8,0.78
X-4018,TTTY22,252954.0,Del0.8,0.78
X-4018,TTTY23,252955.0,Del0.8,0.78
X-4018,TTTY23,252955.0,Del0.8,0.79
X-4018,TTTY3,114760.0,Del0.8,0.44
X-4018,TTTY3,114760.0,Del0.8,0.44
X-4018,TTTY4,114761.0,Del0.8,0.44
X-4018,TTTY4,114761.0,Del0.8,0.44
X-4018,TTTY5,83863.0,Del0.8,0.77
X-4018,TTTY6,84672.0,Del0.8,0.77
X-4018,TTTY6,84672.0,Del0.8,0.44
X-4018,TTTY7,246122.0,Del0.8,0.79
X-4018,TTTY7,246122.0,Del0.8,0.78
X-4018,TTTY7B,100101120.0,Del0.8,0.79
X-4018,TTTY7B,100101120.0,Del0.8,0.78
X-4018,TTTY8,84673.0,Del0.8,0.79
X-4018,TTTY8,84673.0,Del0.8,0.78
X-4018,TTTY9A,83864.0,Del0.8,0.44
X-4018,TTTY9A,83864.0,Del0.8,0.44
X-4018,TULP3,7289.0,MutKnownFunctional,"G471*,0.440"
X-4018,TXLNG2P,246126.0,Del0.8,0.77
X-4018,USP9Y,8287.0,Del0.8,0.78
X-4018,UTP20,27340.0,MutNovel,"V2000I,0.385"
X-4018,UTY,7404.0,MutNovel,"V885I,0.333"
X-4018,UTY,7404.0,MutNovel,"V564Q,0.667"
X-4018,UTY,7404.0,MutKnownFunctional,"K559*,0.500"
X-4018,UTY,7404.0,MutKnownFunctional,"MR556**,0.667"
X-4018,UTY,7404.0,MutNovel,"V551A,0.833"
X-4018,UTY,7404.0,MutNovel,"N536S,0.833"
X-4018,UTY,7404.0,MutKnownFunctional,"L535*,0.750"
X-4018,UTY,7404.0,MutNovel,"L535R,0.750"
X-4018,UTY,7404.0,MutNovel,"T384W,0.500"
X-4018,UTY,7404.0,MutNovel,"T384S,0.750"
X-4018,UTY,7404.0,MutNovel,"NT383TS,0.750"
X-4018,UTY,7404.0,MutNovel,"S382T,0.500"
X-4018,UTY,7404.0,MutNovel,"RC380SS,0.600"
X-4018,UTY,7404.0,MutKnownFunctional,"SK378T*,0.600"
X-4018,UTY,7404.0,MutNovel,"R377L,0.600"
X-4018,UTY,7404.0,MutNovel,"A376L,0.600"
X-4018,UTY,7404.0,MutNovel,"N374L,0.600"
X-4018,UTY,7404.0,MutNovel,"YL372SA,0.600"
X-4018,UTY,7404.0,MutNovel,"CY371YN,0.600"
X-4018,UTY,7404.0,MutNovel,"K370F,0.400"
X-4018,UTY,7404.0,MutNovel,"I369S,0.600"
X-4018,UTY,7404.0,MutNovel,"I369C,0.600"
X-4018,UTY,7404.0,MutNovel,"QD366HH,0.500"
X-4018,UTY,7404.0,MutNovel,"N363T,0.400"
X-4018,UTY,7404.0,MutKnownFunctional,"YE359Y*,0.400"
X-4018,UTY,7404.0,MutNovel,"G356C,0.400"
X-4018,UTY,7404.0,MutNovel,"P235S,0.667"
X-4018,UTY,7404.0,MutNovel,"A149R,0.667"
X-4018,UTY,7404.0,MutNovel,"A73S,0.667"
X-4018,UTY,7404.0,Del0.8,0.78
X-4018,VCY,9084.0,Del0.8,0.78
X-4018,VCY,9084.0,Del0.8,0.78
X-4018,VWA5B2,90113.0,MutNovel,"A1181G,1.000"
X-4018,XKRY2,353515.0,Del0.8,0.44
X-4018,XKRY2,353515.0,Del0.8,0.44
X-4018,ZADH2,284273.0,MutNovel,"K234Q,0.970"
X-4018,ZCCHC6,79670.0,MutNovel,"R129I,0.357"
X-4018,ZDHHC11,79844.0,MutNovel,"A303D,0.600"
X-4018,ZFY,7544.0,Del0.8,0.79
X-4018,ZMYM6,9204.0,MutNovel,"T1133I,0.675"
X-4018,ZNF785,146540.0,MutNovel,"R395Q,0.375"
X-4145,ABCB4,5244.0,MutNovel,"P1162S,0.500"
X-4145,ACAT1,38.0,MutNovel,"I327T,0.265"
X-4145,ADCY3,109.0,MutNovel,"L157V,0.750"
X-4145,AGAP7,653268.0,MutNovel,"R528Q,0.846"
X-4145,AGAP7,653268.0,MutNovel,"K365W,1.000"
X-4145,AGAP7,653268.0,MutNovel,"T362P,1.000"
X-4145,AGAP8,728404.0,MutNovel,"S532T,0.484"
X-4145,ALDH3A1,218.0,MutNovel,"E270A,0.947"
X-4145,AMELY,266.0,Del0.8,0.25
X-4145,ANKRD27,84079.0,MutNovel,"S620P,0.370"
X-4145,ANKRD36,375248.0,MutNovel,"T998S,0.467"
X-4145,ANXA3,306.0,MutNovel,"M103V,0.684"
X-4145,APPL1,26060.0,MutNovel,"D662G,0.902"
X-4145,APTX,54840.0,MutNovel,"R213C,0.963"
X-4145,ASH1L,55870.0,MutNovel,"T1771A,0.308"
X-4145,ATAD2,29028.0,MutNovel,"H815N,0.478"
X-4145,B4GALNT3,283358.0,MutNovel,"A302D,0.644"
X-4145,BASP1,10409.0,MutNovel,"A192V,1.000"
X-4145,BCORP1,286554.0,Del0.8,0.21
X-4145,BPY2B,442867.0,Del0.8,0.08
X-4145,BPY2B,442867.0,Del0.8,0.13
X-4145,BRWD1,54014.0,MutNovel,"EE1690E,0.820"
X-4145,BTNL3,10917.0,MutNovel,"H311G,0.842"
X-4145,C15orf41,84529.0,MutNovel,"I103M,0.458"
X-4145,C9orf11,54586.0,Del0.8,0.22
X-4145,C9orf53,51198.0,Del0.8,0.31
X-4145,C9orf72,203228.0,Del0.8,0.23
X-4145,CASP2,835.0,MutNovel,"E213G,0.800"
X-4145,CASZ1,54897.0,MutNovel,"S258G,1.000"
X-4145,CBWD6,644019.0,MutKnownFunctional,"-259?,0.463"
X-4145,CCDC152,100129792.0,Amp8,10.06
X-4145,CDKN2A,1029.0,Del0.8,0.31
X-4145,CDKN2B,1030.0,Del0.8,0.36
X-4145,CDY1B,253175.0,Del0.8,0.21
X-4145,CDY1B,253175.0,Del0.8,0.18
X-4145,CDY2A,9426.0,Del0.8,0.21
X-4145,CDY2A,9426.0,Del0.8,0.21
X-4145,CDY2B,203611.0,Del0.8,0.21
X-4145,CDY2B,203611.0,Del0.8,0.21
X-4145,CEP85,64793.0,MutNovel,"S75N,1.000"
X-4145,CSPG4P1Y,114758.0,Del0.8,0.18
X-4145,CSPG4P1Y,114758.0,Del0.8,0.21
X-4145,CTSA,5476.0,MutNovel,"L29-,0.814"
X-4145,CYP2C8,1558.0,MutNovel,"I141T,1.000"
X-4145,DAZ1,1617.0,Del0.8,0.21
X-4145,DAZ2,57055.0,Del0.8,0.14
X-4145,DAZ3,57054.0,Del0.8,0.08
X-4145,DAZ3,57054.0,Del0.8,0.13
X-4145,DAZ4,57135.0,Del0.8,0.11
X-4145,DAZ4,57135.0,Del0.8,0.15
X-4145,DDX3Y,8653.0,Del0.8,0.21
X-4145,DEFB103A,414325.0,Del0.8,0.61
X-4145,DEFB103A,414325.0,Del0.8,0.64
X-4145,DEFB104B,503618.0,Del0.8,0.34
X-4145,DEFB104B,503618.0,Del0.8,0.64
X-4145,DEFB105B,504180.0,Del0.8,0.64
X-4145,DEFB105B,504180.0,Del0.8,0.64
X-4145,DEFB106B,503841.0,Del0.8,0.47
X-4145,DEFB106B,503841.0,Del0.8,0.64
X-4145,DEFB107A,245910.0,Del0.8,0.64
X-4145,DEFB107A,245910.0,Del0.8,0.64
X-4145,DEFB4A,1673.0,Del0.8,0.64
X-4145,DEFB4B,100289462.0,Del0.8,0.61
X-4145,DIDO1,11083.0,MutNovel,"R135Q,0.585"
X-4145,DMRTA1,63951.0,Del0.8,0.27
X-4145,DNAH9,1770.0,Del0.8,0.25
X-4145,DRD4,1815.0,MutNovel,"S284G,0.643"
X-4145,EIF1AY,9086.0,Del0.8,0.21
X-4145,ELAVL2,1993.0,Del0.8,0.24
X-4145,ERICH1,157697.0,Del0.8,0.23
X-4145,FAM106A,80039.0,Del0.8,0.71
X-4145,FAM135A,57579.0,MutKnownFunctional,"-506?,0.417"
X-4145,FAM197Y2P,252946.0,Del0.8,0.05
X-4145,FAM41AY1,340618.0,Del0.8,0.21
X-4145,FAM41AY1,340618.0,Del0.8,0.21
X-4145,FAM66D,100132923.0,Del0.8,0.6
X-4145,FAM86B1,85002.0,Del0.8,0.6
X-4145,FAT1,2195.0,MutNovel,"T244M,0.429"
X-4145,FBRSL1,57666.0,MutNovel,"P933L,0.653"
X-4145,FER1L6,654463.0,MutNovel,"P1790S,0.559"
X-4145,FLJ35282,441389.0,Del0.8,0.17
X-4145,FOXO3,2309.0,MutNovel,"S505T,1.000"
X-4145,FUCA2,2519.0,MutNovel,"V443A,0.683"
X-4145,GHR,2690.0,Amp8,10.06
X-4145,GIGYF2,26058.0,MutNovel,"PQ1231P,0.625"
X-4145,GOLGA2P2Y,84559.0,Del0.8,0.18
X-4145,GOLGA2P2Y,84559.0,Del0.8,0.21
X-4145,GSTT1,2952.0,Amp5,5.06
X-4145,GSTT2,2953.0,Del0.8,0.66
X-4145,GSTTP1,25774.0,Del0.8,0.66
X-4145,GTF3C2,2976.0,MutNovel,"R595P,0.679"
X-4145,GYG2P1,352887.0,Del0.8,0.21
X-4145,HSFY2,159119.0,Del0.8,0.21
X-4145,HSFY2,159119.0,Del0.8,0.21
X-4145,IFNK,56832.0,Del0.8,0.23
X-4145,IFT74,80173.0,Del0.8,0.27
X-4145,ISCA2,122961.0,MutNovel,"S130N,0.336"
X-4145,KDM5D,8284.0,Del0.8,0.21
X-4145,KDM6A,7403.0,MutKnownFunctional,"Q309*,1.000"
X-4145,KIAA1407,57577.0,MutKnownFunctional,"-415,0.406"
X-4145,KIF20B,9585.0,MutNovel,"L1720P,0.985"
X-4145,KRAS,3845.0,MutKnownFunctional,"G12V,0.500"
X-4145,KRT14,3861.0,MutNovel,"T308S,0.333"
X-4145,KRT14,3861.0,MutNovel,"E304D,0.364"
X-4145,KRT19,3880.0,MutNovel,"A318P,0.353"
X-4145,KRT3,3850.0,MutNovel,"M455L,0.948"
X-4145,KRT6A,3853.0,MutNovel,"E165A,0.379"
X-4145,LGALS9C,654346.0,Del0.8,0.28
X-4145,LINC00032,158035.0,Del0.8,0.22
X-4145,LINC00167,440072.0,Del0.8,0.76
X-4145,LINGO2,158038.0,Del0.8,0.55
X-4145,LOC100132356,100132356.0,Amp8,10.06
X-4145,LOC100289255,100289255.0,Del0.8,0.27
X-4145,LOC100506422,100506422.0,Del0.8,0.27
X-4145,LOC100507607,,MutNovel,"R338H,1.000"
X-4145,LOC153684,153684.0,Amp8,10.06
X-4145,LOC284801,284801.0,Del0.8,0.35
X-4145,LOC286059,286059.0,Del0.8,0.14
X-4145,LOC391322,391322.0,Amp5,5.06
X-4145,LOC392196,392196.0,Del0.8,0.6
X-4145,LOC648987,648987.0,Amp8,10.06
X-4145,LRRC19,64922.0,Del0.8,0.27
X-4145,LRRC37A,9884.0,MutNovel,"S1121R,1.000"
X-4145,LSR,51599.0,MutNovel,"G518GR,0.746"
X-4145,MAP2K4,6416.0,Del0.8,0.17
X-4145,MAP3K4,4216.0,MutNovel,"PA1189P,0.714"
X-4145,MAPK15,225689.0,MutNovel,"L424P,0.478"
X-4145,MBD2,8932.0,MutNovel,"C111G,1.000"
X-4145,MCRS1,10445.0,MutNovel,"R423Q,0.318"
X-4145,MED20,9477.0,MutNovel,"T169I,0.688"
X-4145,MICALL1,85377.0,MutNovel,"P297S,1.000"
X-4145,MIR663A,724033.0,Del0.8,0.26
X-4145,MIR744,100126313.0,Del0.8,0.27
X-4145,MOB3B,79817.0,Del0.8,0.15
X-4145,MPRIP,23164.0,MutNovel,"TS178T,0.521"
X-4145,MT1A,4489.0,MutNovel,"I49V,0.714"
X-4145,MTAP,4507.0,Del0.8,0.52
X-4145,MUC12,10071.0,MutNovel,"S1006P,0.600"
X-4145,NAA15,80155.0,MutNovel,"Y774D,0.290"
X-4145,NACA2,342538.0,MutNovel,"R144K,1.000"
X-4145,NCOR1P1,149934.0,Del0.8,0.28
X-4145,NCOR2,9612.0,MutNovel,"G1839GAAA,0.455"
X-4145,NCRNA00185,55410.0,Del0.8,0.21
X-4145,NFRKB,4798.0,Del0.8,0.76
X-4145,NLGN4Y,22829.0,Del0.8,0.21
X-4145,NPIPL3,23117.0,MutNovel,"G587R,0.427"
X-4145,NVL,4931.0,MutNovel,"S853P,0.500"
X-4145,OR51A2,401667.0,Del0.8,0.77
X-4145,PCDH11Y,83259.0,Del0.8,0.25
X-4145,PCSK9,255738.0,MutNovel,"-15L,0.417"
X-4145,PDPR,55066.0,MutNovel,"T592A,0.429"
X-4145,PHLDA1,22822.0,MutNovel,"QQ194Q,0.559"
X-4145,PIP4K2B,8396.0,MutNovel,"E295Q,0.306"
X-4145,PIRT,644139.0,Del0.8,0.27
X-4145,PLAA,9373.0,Del0.8,0.2
X-4145,PLEKHA7,144100.0,MutNovel,"N244D,0.622"
X-4145,POM121C,100101267.0,MutNovel,"T766F,0.275"
X-4145,PPP2R3B,28227.0,MutNovel,"T700M,1.000"
X-4145,PRDM10,56980.0,Del0.8,0.76
X-4145,PRKY,5616.0,Del0.8,0.25
X-4145,PRPF3,9129.0,MutNovel,"Q347H,0.463"
X-4145,PRY,9081.0,Del0.8,0.21
X-4145,PRY,9081.0,Del0.8,0.21
X-4145,PRY2,442862.0,Del0.8,0.21
X-4145,PRY2,442862.0,Del0.8,0.21
X-4145,RBMY1A3P,286557.0,Del0.8,0.25
X-4145,RBMY1B,378948.0,Del0.8,0.21
X-4145,RBMY1B,378948.0,Del0.8,0.21
X-4145,RBMY1E,378950.0,Del0.8,0.21
X-4145,RBMY1E,378950.0,Del0.8,0.21
X-4145,RBMY1F,159163.0,Del0.8,0.21
X-4145,RBMY1F,159163.0,Del0.8,0.21
X-4145,RBMY1J,378951.0,Del0.8,0.21
X-4145,RBMY1J,378951.0,Del0.8,0.21
X-4145,RBMY2EP,159125.0,Del0.8,0.21
X-4145,RBMY2FP,159162.0,Del0.8,0.21
X-4145,RBMY3AP,64593.0,Del0.8,0.21
X-4145,RC3H1,149041.0,MutNovel,"G921S,0.421"
X-4145,RIN3,79890.0,MutNovel,"G967-,0.490"
X-4145,RPS4Y1,6192.0,Del0.8,0.25
X-4145,RPS4Y2,140032.0,Del0.8,0.21
X-4145,RRN3,54700.0,MutNovel,"C186Y,0.250"
X-4145,SCMH1,22955.0,MutNovel,"R527PG,0.411"
X-4145,SEPP1,6414.0,Amp8,10.06
X-4145,SERINC2,347735.0,MutNovel,"-373Q,0.709"
X-4145,SH3TC1,54436.0,MutNovel,"R987W,1.000"
X-4145,SHISA6,388336.0,Del0.8,0.27
X-4145,SIK3,23387.0,MutNovel,"S545G,0.400"
X-4145,SLC38A10,124565.0,MutNovel,"V260L,0.481"
X-4145,SMG5,23381.0,MutNovel,"N566S,0.462"
X-4145,SPAG11A,653423.0,Del0.8,0.64
X-4145,SPAG11B,10407.0,Del0.8,0.64
X-4145,SPAG11B,10407.0,Del0.8,0.34
X-4145,SRY,6736.0,Del0.8,0.25
X-4145,ST20,400410.0,MutKnownFunctional,"-22?,0.462"
X-4145,TAG,404663.0,Del0.8,0.68
X-4145,TBC1D3,729873.0,MutNovel,"R69W,0.778"
X-4145,TBC1D3F,,MutNovel,"R69W,0.917"
X-4145,TBC1D3G,654341.0,MutNovel,"R69W,0.400"
X-4145,TBL1Y,90665.0,Del0.8,0.25
X-4145,TBP,6908.0,MutNovel,"-64Q,0.294"
X-4145,TDP1,55775.0,MutNovel,"R276W,0.478"
X-4145,TEK,7010.0,Del0.8,0.18
X-4145,TGFBR2,7048.0,MutNovel,"V203G,0.667"
X-4145,TGIF2LY,90655.0,Del0.8,0.25
X-4145,TIGD1,200765.0,MutNovel,"LT399-,0.439"
X-4145,TLN1,7094.0,MutNovel,"M134V,0.355"
X-4145,TMEM184A,202915.0,MutNovel,"G392GA,0.767"
X-4145,TMEM220,388335.0,Del0.8,0.6
X-4145,TMEM45B,120224.0,Del0.8,0.76
X-4145,TMEM87B,84910.0,MutNovel,"F395L,0.640"
X-4145,TMSB4Y,9087.0,Del0.8,0.21
X-4145,TNFRSF10A,8797.0,Del0.8,0.47
X-4145,TNFRSF10B,8795.0,Del0.8,0.17
X-4145,TNFRSF10C,8794.0,Del0.8,0.14
X-4145,TNFRSF10D,8793.0,Del0.8,0.21
X-4145,TP53,7157.0,MutKnownFunctional,"R175H,0.800"
X-4145,TSPY1,7258.0,Del0.8,0.05
X-4145,TSPY2,64591.0,Del0.8,0.25
X-4145,TSPY3,728137.0,Del0.8,0.05
X-4145,TSPY4,728395.0,Del0.8,0.05
X-4145,TSPY8,728403.0,Del0.8,0.05
X-4145,TSPYL1,7259.0,MutNovel,"V176VW,0.794"
X-4145,TTC6,,MutNovel,"G400E,1.000"
X-4145,TTTY10,246119.0,Del0.8,0.21
X-4145,TTTY11,83866.0,Del0.8,0.25
X-4145,TTTY12,83867.0,Del0.8,0.25
X-4145,TTTY13,83868.0,Del0.8,0.21
X-4145,TTTY14,83869.0,Del0.8,0.21
X-4145,TTTY15,64595.0,Del0.8,0.21
X-4145,TTTY16,252948.0,Del0.8,0.25
X-4145,TTTY17A,252949.0,Del0.8,0.13
X-4145,TTTY17A,252949.0,Del0.8,0.18
X-4145,TTTY18,252950.0,Del0.8,0.25
X-4145,TTTY19,252952.0,Del0.8,0.25
X-4145,TTTY1B,100101116.0,Del0.8,0.21
X-4145,TTTY1B,100101116.0,Del0.8,0.25
X-4145,TTTY2,60439.0,Del0.8,0.21
X-4145,TTTY2,60439.0,Del0.8,0.25
X-4145,TTTY20,252951.0,Del0.8,0.11
X-4145,TTTY21,252953.0,Del0.8,0.21
X-4145,TTTY21,252953.0,Del0.8,0.25
X-4145,TTTY22,252954.0,Del0.8,0.21
X-4145,TTTY23,252955.0,Del0.8,0.21
X-4145,TTTY23,252955.0,Del0.8,0.25
X-4145,TTTY3,114760.0,Del0.8,0.18
X-4145,TTTY3,114760.0,Del0.8,0.21
X-4145,TTTY4,114761.0,Del0.8,0.13
X-4145,TTTY4,114761.0,Del0.8,0.08
X-4145,TTTY5,83863.0,Del0.8,0.21
X-4145,TTTY6,84672.0,Del0.8,0.21
X-4145,TTTY6,84672.0,Del0.8,0.21
X-4145,TTTY7,246122.0,Del0.8,0.25
X-4145,TTTY7,246122.0,Del0.8,0.21
X-4145,TTTY7B,100101120.0,Del0.8,0.25
X-4145,TTTY7B,100101120.0,Del0.8,0.21
X-4145,TTTY8,84673.0,Del0.8,0.25
X-4145,TTTY8,84673.0,Del0.8,0.21
X-4145,TTTY9A,83864.0,Del0.8,0.21
X-4145,TTTY9A,83864.0,Del0.8,0.21
X-4145,TUSC1,286319.0,Del0.8,0.26
X-4145,TXLNG2P,246126.0,Del0.8,0.21
X-4145,UBE3B,89910.0,MutNovel,"N1038S,0.321"
X-4145,UNKL,64718.0,MutNovel,"G456S,0.625"
X-4145,USP17L2,377630.0,Del0.8,0.6
X-4145,USP9Y,8287.0,Del0.8,0.21
X-4145,UTY,7404.0,Del0.8,0.21
X-4145,VCAM1,7412.0,MutNovel,"V427F,0.538"
X-4145,VCY,9084.0,Del0.8,0.21
X-4145,VCY,9084.0,Del0.8,0.21
X-4145,VN1R1,57191.0,MutKnownFunctional,"-203?,0.385"
X-4145,WARS2,10352.0,MutNovel,"M186R,0.371"
X-4145,WDR90,197335.0,MutNovel,"R1230H,0.477"
X-4145,XKRY2,353515.0,Del0.8,0.21
X-4145,XKRY2,353515.0,Del0.8,0.21
X-4145,ZC3H4,23211.0,MutNovel,"Q226E,0.357"
X-4145,ZDHHC11,79844.0,MutNovel,"A303D,0.600"
X-4145,ZFPM1,161882.0,MutNovel,"VK202V,0.333"
X-4145,ZFY,7544.0,Del0.8,0.25
X-4145,ZFYVE26,23503.0,MutNovel,"I1408T,0.444"
X-4145,ZNF131,7690.0,Amp5,6.23
X-4145,ZNF18,7566.0,Del0.8,0.31
X-4145,ZNF219,51222.0,MutNovel,"G636E,0.622"
X-4145,ZNF283,284349.0,MutNovel,"I153V,0.500"
X-4145,ZNF439,90594.0,MutNovel,"R371T,0.231"
X-4145,ZNF578,147660.0,MutNovel,"H3Y,1.000"
X-4145,ZNF611,81856.0,MutNovel,"E4V,0.375"
X-4145,ZNF705D,728957.0,Del0.8,0.6
X-4145,ZNF860,344787.0,MutNovel,"E12G,0.364"
X-4145,ZNF860,344787.0,MutNovel,"H23R,0.333"
X-4145,ZYX,7791.0,MutNovel,"H330N,0.624"
X-4173,ACER2,340485.0,Del0.8,0.46
X-4173,ACOT1,641371.0,MutNovel,"Y128C,0.391"
X-4173,ACRC,93953.0,MutNovel,"P265S,0.500"
X-4173,ADH1B,125.0,MutNovel,"V103I,1.000"
X-4173,AGRN,375790.0,MutNovel,"V23L,0.592"
X-4173,AIM1L,55057.0,MutNovel,"E831D,0.368"
X-4173,AKR1C4,1109.0,MutNovel,"E77G,0.364"
X-4173,ALDH3B1,221.0,Amp8,10.85
X-4173,AMELY,266.0,Del0.8,0.28
X-4173,ANKRD30B,374860.0,Del0.8,0.38
X-4173,ANKRD36,375248.0,MutNovel,"T998S,0.375"
X-4173,ANKRD36,375248.0,MutNovel,"C1594S,0.636"
X-4173,ANXA10,11199.0,MutNovel,"A130V,0.781"
X-4173,ARHGAP10,79658.0,MutNovel,"N772K,0.735"
X-4173,ARHGAP28,79822.0,Del0.8,0.76
X-4173,ARHGEF7,8874.0,MutNovel,"S206L,0.382"
X-4173,ASAP3,55616.0,MutNovel,"A447S,1.000"
X-4173,ASPSCR1,79058.0,MutNovel,"D60N,0.389"
X-4173,ATP6V1F,9296.0,MutNovel,"A80T,0.520"
X-4173,BCORP1,286554.0,Del0.8,0.28
X-4173,BPY2B,442867.0,Del0.8,0.28
X-4173,BPY2B,442867.0,Del0.8,0.28
X-4173,BTNL3,10917.0,MutNovel,"H311G,0.652"
X-4173,C11orf24,53838.0,Amp8,18.13
X-4173,C18orf42,642597.0,Del0.8,0.76
X-4173,C18orf8,29919.0,MutNovel,"K202E,0.662"
X-4173,C7orf31,136895.0,MutNovel,"E465V,0.551"
X-4173,C9orf53,51198.0,Del0.8,0.55
X-4173,CBX3P2,645158.0,Del0.8,0.76
X-4173,CC2D1B,200014.0,MutNovel,"EEE95E,1.000"
X-4173,CCDC82,79780.0,Amp8,22.94
X-4173,CCND1,595.0,Amp8,13.74
X-4173,CD2BP2,10421.0,MutNovel,"G38W,0.448"
X-4173,CDC42EP1,11135.0,MutNovel,"PAPAANPS253P,1.000"
X-4173,CDKN2A,1029.0,Del0.8,0.65
X-4173,CDY1B,253175.0,Del0.8,0.28
X-4173,CDY1B,253175.0,Del0.8,0.28
X-4173,CDY2A,9426.0,Del0.8,0.28
X-4173,CDY2A,9426.0,Del0.8,0.28
X-4173,CDY2B,203611.0,Del0.8,0.28
X-4173,CDY2B,203611.0,Del0.8,0.28
X-4173,CEP170,9859.0,MutNovel,"A549T,0.556"
X-4173,CFHR1,3078.0,Amp5,6.23
X-4173,CFHR3,10878.0,Amp5,6.23
X-4173,CHKA,1119.0,Amp8,14.03
X-4173,CPT1A,1374.0,Amp8,18.13
X-4173,CREG2,200407.0,MutNovel,"P96Q,0.667"
X-4173,CSPG4P1Y,114758.0,Del0.8,0.28
X-4173,CSPG4P1Y,114758.0,Del0.8,0.28
X-4173,CTSA,5476.0,MutNovel,"L29-,1.000"
X-4173,DAZ1,1617.0,Del0.8,0.28
X-4173,DAZ2,57055.0,Del0.8,0.28
X-4173,DAZ3,57054.0,Del0.8,0.28
X-4173,DAZ3,57054.0,Del0.8,0.28
X-4173,DAZ4,57135.0,Del0.8,0.28
X-4173,DAZ4,57135.0,Del0.8,0.28
X-4173,DCTN6,10671.0,Amp8,11.24
X-4173,DDX3Y,8653.0,Del0.8,0.28
X-4173,DENND4B,9909.0,MutNovel,"QQQ908-,0.875"
X-4173,DLGAP1,9229.0,Del0.8,0.76
X-4173,E2F4,1874.0,MutNovel,"DSSSSSS306D,0.456"
X-4173,EIF1AY,9086.0,Del0.8,0.28
X-4173,EMILIN2,84034.0,Del0.8,0.76
X-4173,EPB41L3,23136.0,Del0.8,0.76
X-4173,EPN2,22905.0,MutNovel,"R97W,0.378"
X-4173,EXOSC6,118460.0,MutNovel,"A91S,0.263"
X-4173,FAM106A,80039.0,Del0.8,0.63
X-4173,FAM134B,54463.0,MutNovel,"T449S,0.502"
X-4173,FAM197Y2P,252946.0,Del0.8,0.28
X-4173,FAM41AY1,340618.0,Del0.8,0.28
X-4173,FAM41AY1,340618.0,Del0.8,0.28
X-4173,FAM86C2P,645332.0,Amp5,5.1
X-4173,FGF19,9965.0,Amp8,13.74
X-4173,FGF4,2249.0,Amp8,13.74
X-4173,FLJ35776,649446.0,Del0.8,0.76
X-4173,FOXD4,2298.0,MutNovel,"A284V,1.000"
X-4173,FSIP2,401024.0,MutNovel,"R3336G,1.000"
X-4173,FSIP2,401024.0,MutNovel,"R3493Q,1.000"
X-4173,GAL,51083.0,Amp8,18.13
X-4173,GOLGA2P2Y,84559.0,Del0.8,0.28
X-4173,GOLGA2P2Y,84559.0,Del0.8,0.28
X-4173,GPR137,56834.0,MutNovel,"L156F,1.000"
X-4173,GSR,2936.0,Amp8,8.75
X-4173,GSTM1,2944.0,Del0.8,0.52
X-4173,GTF2E2,2961.0,Amp8,11.24
X-4173,GYG2P1,352887.0,Del0.8,0.28
X-4173,HBXIP,10542.0,MutNovel,"P141L,0.992"
X-4173,HLA-B,3106.0,MutNovel,"A73G,0.256"
X-4173,HLA-DRB1,3123.0,Amp5,5.39
X-4173,HLA-DRB5,3127.0,Amp5,5.39
X-4173,HLA-DRB6,3128.0,Amp5,5.39
X-4173,HLA-G,3135.0,MutNovel,"L148I,1.000"
X-4173,HLA-G,3135.0,MutNovel,"V255M,1.000"
X-4173,HMGXB3,22993.0,MutNovel,"R142W,0.450"
X-4173,HSFY2,159119.0,Del0.8,0.28
X-4173,HSFY2,159119.0,Del0.8,0.28
X-4173,IGHMBP2,3508.0,Amp8,18.13
X-4173,JRKL,8690.0,Amp8,22.94
X-4173,KDM5D,8284.0,Del0.8,0.28
X-4173,KDM6A,7403.0,MutKnownFunctional,"-1152?,1.000"
X-4173,KRAS,3845.0,MutKnownFunctional,"G12D,0.451"
X-4173,KRT14,3861.0,MutNovel,"T308S,1.000"
X-4173,KRT14,3861.0,MutNovel,"E304D,1.000"
X-4173,KRT14,3861.0,MutNovel,"S241N,1.000"
X-4173,L3MBTL4,91133.0,Del0.8,0.76
X-4173,LACTB2,51110.0,MutNovel,"GHTD144D,0.275"
X-4173,LAMA1,284217.0,Del0.8,0.76
X-4173,LEPROTL1,23484.0,Amp8,11.24
X-4173,LGALS9C,654346.0,Del0.8,0.63
X-4173,LINC00526,147525.0,Del0.8,0.76
X-4173,LOC100128071,100128071.0,MutNovel,"PGH9H,0.462"
X-4173,LOC100130480,100130480.0,Del0.8,0.76
X-4173,LOC100192426,100192426.0,Del0.8,0.76
X-4173,LOC100507341,100507341.0,Amp8,11.24
X-4173,LOC201477,201477.0,Del0.8,0.76
X-4173,LOC284215,284215.0,Del0.8,0.76
X-4173,LOC286135,286135.0,Amp8,11.24
X-4173,LOC339290,339290.0,Del0.8,0.76
X-4173,LOC400643,400643.0,Del0.8,0.76
X-4173,LOC644669,644669.0,Del0.8,0.46
X-4173,LOC645355,645355.0,Del0.8,0.76
X-4173,LOC727896,727896.0,Del0.8,0.76
X-4173,LPIN2,9663.0,Del0.8,0.76
X-4173,LRP5,4041.0,Amp8,18.13
X-4173,LRRC30,339291.0,Del0.8,0.76
X-4173,MAGEC2,51438.0,Del0.8,0.33
X-4173,MAP3K4,4216.0,MutNovel,"PA1189P,1.000"
X-4173,MBOAT4,619373.0,Amp8,11.24
X-4173,MCAT,27349.0,MutNovel,"C235Y,0.515"
X-4173,MEF2D,4209.0,MutNovel,"QPQP388P,0.600"
X-4173,METTL4,64863.0,Del0.8,0.76
X-4173,MIR1260B,100422991.0,Amp8,22.94
X-4173,MIR3148,100422876.0,Amp8,11.24
X-4173,MIR3156-2,100422907.0,Del0.8,0.38
X-4173,MIR3976,100616244.0,Del0.8,0.76
X-4173,MIR4317,100422840.0,Del0.8,0.76
X-4173,MIR4691,100616403.0,Amp8,10.85
X-4173,MIR548O2,100616190.0,Amp8,11.24
X-4173,MLL2,8085.0,MutNovel,"R5220C,0.359"
X-4173,MLL2,8085.0,MutNovel,"T1710M,0.382"
X-4173,MLLT4,4301.0,MutKnownFunctional,"Q341*,0.455"
X-4173,MMACHC,25974.0,MutNovel,"V23F,0.448"
X-4173,MRGPRD,116512.0,Amp8,18.13
X-4173,MRGPRF,116535.0,Amp8,18.13
X-4173,MRPL21,219927.0,Amp8,18.13
X-4173,MTL5,9633.0,Amp8,18.13
X-4173,MTMR11,10903.0,MutNovel,"R590L,0.468"
X-4173,MYEOV,26579.0,Amp8,18.13
X-4173,MYL12A,10627.0,Del0.8,0.76
X-4173,MYL12B,103910.0,Del0.8,0.76
X-4173,MYOM1,8736.0,Del0.8,0.76
X-4173,NBPF10,100132406.0,MutNovel,"E125Q,0.455"
X-4173,NBPF10,100132406.0,MutNovel,"I1165F,0.217"
X-4173,NCOA3,8202.0,MutNovel,"Q1255-,1.000"
X-4173,NCOR2,9612.0,MutNovel,"G1839GAAA,1.000"
X-4173,NCOR2,9612.0,MutNovel,"-511S,1.000"
X-4173,NCRNA00185,55410.0,Del0.8,0.28
X-4173,NDC80,10403.0,Del0.8,0.76
X-4173,NDUFS8,4728.0,Amp8,10.85
X-4173,NKIRAS1,28512.0,Del0.8,0.77
X-4173,NLGN4Y,22829.0,Del0.8,0.28
X-4173,NOC3L,64318.0,MutNovel,"F761I,0.577"
X-4173,NPC1L1,29881.0,MutNovel,"Y1057C,1.000"
X-4173,NPHP3,27031.0,MutNovel,"A52E,0.500"
X-4173,OAS1,4938.0,MutKnownFunctional,"-412?,1.000"
X-4173,OR11H12,440153.0,MutNovel,"K105T,1.000"
X-4173,OR2T10,127069.0,Amp5,5.98
X-4173,OR2T34,127068.0,Amp5,5.98
X-4173,OR4C6,219432.0,Del0.8,0.39
X-4173,OR4P4,81300.0,Del0.8,0.39
X-4173,OR4S2,219431.0,Del0.8,0.39
X-4173,ORAOV1,220064.0,Amp8,13.74
X-4173,PAN2,9924.0,MutKnownFunctional,"-323,0.491"
X-4173,PCDH11Y,83259.0,Del0.8,0.28
X-4173,PCDHB2,56133.0,MutNovel,"N420NIT,1.000"
X-4173,PCDHB7,56129.0,MutNovel,"L426F,1.000"
X-4173,PHF10,55274.0,MutNovel,"D300V,0.614"
X-4173,PHLDA1,22822.0,MutNovel,"QQ194Q,1.000"
X-4173,PLEKHM1,9842.0,MutNovel,"G72R,0.696"
X-4173,PM20D2,135293.0,MutNovel,"E428G,0.459"
X-4173,POM121C,100101267.0,MutNovel,"V8L,0.372"
X-4173,PPP2CB,5516.0,Amp8,8.75
X-4173,PPP6R3,55291.0,Amp8,18.13
X-4173,PRKY,5616.0,Del0.8,0.28
X-4173,PRMT1,3276.0,MutNovel,"E162K,0.217"
X-4173,PRY,9081.0,Del0.8,0.28
X-4173,PRY,9081.0,Del0.8,0.28
X-4173,PRY2,442862.0,Del0.8,0.28
X-4173,PRY2,442862.0,Del0.8,0.28
X-4173,PSMD2,5708.0,MutNovel,"M297L,0.419"
X-4173,PTCH2,8643.0,MutNovel,"V689M,1.000"
X-4173,PTPRM,5797.0,Del0.8,0.76
X-4173,PURG,29942.0,Amp8,8.75
X-4173,RAB12,201475.0,Del0.8,0.76
X-4173,RARRES1,5918.0,MutNovel,"C126R,0.846"
X-4173,RBMY1A3P,286557.0,Del0.8,0.28
X-4173,RBMY1B,378948.0,Del0.8,0.28
X-4173,RBMY1B,378948.0,Del0.8,0.28
X-4173,RBMY1E,378950.0,Del0.8,0.28
X-4173,RBMY1E,378950.0,Del0.8,0.28
X-4173,RBMY1F,159163.0,Del0.8,0.28
X-4173,RBMY1F,159163.0,Del0.8,0.28
X-4173,RBMY1J,378951.0,Del0.8,0.28
X-4173,RBMY1J,378951.0,Del0.8,0.28
X-4173,RBMY2EP,159125.0,Del0.8,0.28
X-4173,RBMY2FP,159162.0,Del0.8,0.28
X-4173,RBMY3AP,64593.0,Del0.8,0.28
X-4173,RBPMS,11030.0,Amp8,11.24
X-4173,REV1,51455.0,MutNovel,"S63C,0.786"
X-4173,RHD,6007.0,Del0.8,0.54
X-4173,RIN3,79890.0,MutNovel,"G967-,1.000"
X-4173,RNF126,55658.0,MutNovel,"G50R,0.448"
X-4173,RNF213,57674.0,MutNovel,"T1705K,0.500"
X-4173,RNF223,401934.0,MutNovel,"T10P,0.833"
X-4173,RPL14,9045.0,MutNovel,"TAAA149T,1.000"
X-4173,RPL14,9045.0,MutNovel,"A152T,0.740"
X-4173,RPL15,6138.0,Del0.8,0.77
X-4173,RPS17,6218.0,MutNovel,"V66G,1.000"
X-4173,RPS4Y1,6192.0,Del0.8,0.28
X-4173,RPS4Y2,140032.0,Del0.8,0.28
X-4173,SCAPER,49855.0,Del0.8,0.77
X-4173,SERINC2,347735.0,MutNovel,"-373Q,0.637"
X-4173,SFPQ,6421.0,MutNovel,"G266GPAG,0.392"
X-4173,SHROOM1,134549.0,MutNovel,"R84Q,0.469"
X-4173,SLC24A2,25769.0,Del0.8,0.67
X-4173,SLC25A1,6576.0,MutNovel,"R264W,0.535"
X-4173,SLC2A3,6515.0,Amp5,6.32
X-4173,SLITRK4,139065.0,Del0.8,0.24
X-4173,SMCHD1,23347.0,Del0.8,0.76
X-4173,SOWAHB,345079.0,MutNovel,"S42N,0.700"
X-4173,SPANXN3,139067.0,Del0.8,0.42
X-4173,SPANXN4,441525.0,Del0.8,0.27
X-4173,SPATA13,221178.0,MutNovel,"N15K,0.500"
X-4173,SRGAP2,23380.0,MutNovel,"V941F,0.560"
X-4173,SRY,6736.0,Del0.8,0.28
X-4173,SUV420H1,51111.0,Amp8,18.13
X-4173,TBL1Y,90665.0,Del0.8,0.28
X-4173,TBP,6908.0,MutNovel,"-64Q,0.733"
X-4173,TCF7L2,6934.0,MutKnownFunctional,"-465?,0.435"
X-4173,TCIRG1,10312.0,Amp8,10.85
X-4173,TEX15,56154.0,Amp8,8.75
X-4173,TGIF1,7050.0,Del0.8,0.76
X-4173,TGIF2LY,90655.0,Del0.8,0.28
X-4173,TLK2,11011.0,MutNovel,"R262Q,0.241"
X-4173,TMBIM4,51643.0,MutKnownFunctional,"-174?,0.867"
X-4173,TMEM184A,202915.0,MutNovel,"G392GA,0.489"
X-4173,TMEM200C,645369.0,Del0.8,0.76
X-4173,TMEM66,51669.0,Amp8,11.24
X-4173,TMEM80,283232.0,MutNovel,"A28V,1.000"
X-4173,TMSB4Y,9087.0,Del0.8,0.28
X-4173,TP53,7157.0,MutKnownFunctional,"W146*,1.000"
X-4173,TPCN2,219931.0,Amp8,18.13
X-4173,TRAF3,7187.0,MutNovel,"R118W,0.512"
X-4173,TRIM4,89122.0,MutNovel,"EE226E,0.429"
X-4173,TSPY1,7258.0,Del0.8,0.28
X-4173,TSPY2,64591.0,Del0.8,0.28
X-4173,TSPY3,728137.0,Del0.8,0.28
X-4173,TSPY4,728395.0,Del0.8,0.28
X-4173,TSPY8,728403.0,Del0.8,0.28
X-4173,TSPYL1,7259.0,MutNovel,"V176VW,0.493"
X-4173,TTTY10,246119.0,Del0.8,0.28
X-4173,TTTY11,83866.0,Del0.8,0.28
X-4173,TTTY12,83867.0,Del0.8,0.28
X-4173,TTTY13,83868.0,Del0.8,0.28
X-4173,TTTY14,83869.0,Del0.8,0.28
X-4173,TTTY15,64595.0,Del0.8,0.28
X-4173,TTTY16,252948.0,Del0.8,0.28
X-4173,TTTY17A,252949.0,Del0.8,0.28
X-4173,TTTY17A,252949.0,Del0.8,0.28
X-4173,TTTY18,252950.0,Del0.8,0.28
X-4173,TTTY19,252952.0,Del0.8,0.28
X-4173,TTTY1B,100101116.0,Del0.8,0.28
X-4173,TTTY1B,100101116.0,Del0.8,0.28
X-4173,TTTY2,60439.0,Del0.8,0.28
X-4173,TTTY2,60439.0,Del0.8,0.28
X-4173,TTTY20,252951.0,Del0.8,0.28
X-4173,TTTY21,252953.0,Del0.8,0.28
X-4173,TTTY21,252953.0,Del0.8,0.28
X-4173,TTTY22,252954.0,Del0.8,0.28
X-4173,TTTY23,252955.0,Del0.8,0.28
X-4173,TTTY23,252955.0,Del0.8,0.28
X-4173,TTTY3,114760.0,Del0.8,0.28
X-4173,TTTY3,114760.0,Del0.8,0.28
X-4173,TTTY4,114761.0,Del0.8,0.28
X-4173,TTTY4,114761.0,Del0.8,0.28
X-4173,TTTY5,83863.0,Del0.8,0.28
X-4173,TTTY6,84672.0,Del0.8,0.28
X-4173,TTTY6,84672.0,Del0.8,0.28
X-4173,TTTY7,246122.0,Del0.8,0.28
X-4173,TTTY7,246122.0,Del0.8,0.28
X-4173,TTTY7B,100101120.0,Del0.8,0.28
X-4173,TTTY7B,100101120.0,Del0.8,0.28
X-4173,TTTY8,84673.0,Del0.8,0.28
X-4173,TTTY8,84673.0,Del0.8,0.28
X-4173,TTTY9A,83864.0,Del0.8,0.28
X-4173,TTTY9A,83864.0,Del0.8,0.28
X-4173,TXLNG2P,246126.0,Del0.8,0.28
X-4173,UBXN8,7993.0,Amp8,8.75
X-4173,UNC93B1,81622.0,Amp8,10.85
X-4173,USP32P2,220594.0,Del0.8,0.63
X-4173,USP36,57602.0,MutNovel,"KKK958K,0.446"
X-4173,USP9Y,8287.0,Del0.8,0.28
X-4173,UTY,7404.0,Del0.8,0.28
X-4173,VCY,9084.0,Del0.8,0.28
X-4173,VCY,9084.0,Del0.8,0.28
X-4173,WDR35,57539.0,MutNovel,"M865V,0.273"
X-4173,WIPF2,147179.0,MutNovel,"A202T,0.300"
X-4173,XKRY2,353515.0,Del0.8,0.28
X-4173,XKRY2,353515.0,Del0.8,0.28
X-4173,ZBED3,84327.0,MutNovel,"A179G,1.000"
X-4173,ZCCHC11,23318.0,MutNovel,"D1549N,1.000"
X-4173,ZDHHC11,79844.0,MutNovel,"A303D,0.800"
X-4173,ZFHX3,463.0,MutNovel,"R1123Q,1.000"
X-4173,ZFP161,7541.0,Del0.8,0.76
X-4173,ZFP64,55734.0,MutNovel,"T66K,0.692"
X-4173,ZFY,7544.0,Del0.8,0.28
X-4173,ZMYM1,79830.0,MutNovel,"T363P,0.409"
X-4173,ZNF384,171017.0,MutNovel,"QQ514Q,1.000"
X-4215,APOB,338.0,MutKnownFunctional,"Q2180*,0.690"
X-4215,APOBEC3G,60489.0,MutNovel,"V305M,1.000"
X-4215,ATF6,22926.0,MutNovel,"K375E,0.667"
X-4215,AVEN,57099.0,MutNovel,"R57LAG,0.368"
X-4215,AVEN,57099.0,MutNovel,"GGGGG41G,0.312"
X-4215,BIRC3,330.0,MutNovel,"K502N,0.265"
X-4215,BMS1,9790.0,MutNovel,"Q858E,0.264"
X-4215,C11orf57,55216.0,MutNovel,"R49G,0.270"
X-4215,C6orf223,221416.0,MutNovel,"AA124-,0.237"
X-4215,CA5A,763.0,MutNovel,"A149V,1.000"
X-4215,CACNA1E,777.0,MutNovel,"E1328D,1.000"
X-4215,CCDC126,90693.0,MutKnownFunctional,"-2?,0.250"
X-4215,CRIPAK,285464.0,MutNovel,"V164A,0.526"
X-4215,CTBS,1486.0,MutNovel,"P42T,0.467"
X-4215,CTNND1,1500.0,MutNovel,"T933I,0.330"
X-4215,CTSA,5476.0,MutNovel,"L29-,0.317"
X-4215,CYP4F8,11283.0,MutNovel,"S7P,1.000"
X-4215,DMBT1,1755.0,MutNovel,"P856Y,1.000"
X-4215,DMBT1,1755.0,MutNovel,"E988K,0.500"
X-4215,DMBT1,1755.0,MutNovel,"H1732S,0.500"
X-4215,DSC2,1824.0,MutNovel,"I565S,0.998"
X-4215,DVL3,1857.0,MutNovel,"F711L,0.691"
X-4215,ETFB,2109.0,MutNovel,"I153V,0.659"
X-4215,EXOSC3,51010.0,MutNovel,"R18S,1.000"
X-4215,FAM8A1,51439.0,MutNovel,"G201A,0.259"
X-4215,FBXW10,10517.0,MutNovel,"N93D,0.600"
X-4215,GAK,2580.0,MutNovel,"L911F,0.312"
X-4215,GIGYF2,26058.0,MutNovel,"PQ1231P,0.704"
X-4215,GNPTG,84572.0,MutNovel,"L167P,0.314"
X-4215,GPRIN2,9721.0,MutNovel,"-238MRE,0.390"
X-4215,GTDC1,79712.0,MutNovel,"G194D,1.000"
X-4215,HIST2H2AB,317772.0,MutNovel,"K119R,0.429"
X-4215,HSD17B7,51478.0,MutNovel,"R83I,0.598"
X-4215,IFITM3,10410.0,MutNovel,"S61Y,0.548"
X-4215,IL17RC,84818.0,MutNovel,"F718S,0.380"
X-4215,IL28RA,163702.0,MutNovel,"R6G,1.000"
X-4215,INCENP,3619.0,MutNovel,"R123H,0.737"
X-4215,IRF2BP2,359948.0,MutNovel,"K327E,0.600"
X-4215,IST1,9798.0,MutNovel,"MP236-,0.208"
X-4215,ITSN2,50618.0,MutNovel,"I1364L,1.000"
X-4215,KCP,375616.0,MutNovel,"R1142H,0.238"
X-4215,KIAA0564,23078.0,MutNovel,"T1198I,0.633"
X-4215,KIAA1549,57670.0,MutNovel,"E499D,0.611"
X-4215,KIF20B,9585.0,MutNovel,"L1062LKV,0.651"
X-4215,KRAS,3845.0,MutKnownFunctional,"G12V,0.702"
X-4215,KRT10,3858.0,MutNovel,"G514A,0.421"
X-4215,KRT10,3858.0,MutNovel,"G510S,0.312"
X-4215,LOC100996585,,MutNovel,"G112R,0.800"
X-4215,LOC728888,,MutNovel,"Q17E,0.308"
X-4215,LONP2,83752.0,MutNovel,"A661D,0.337"
X-4215,LRCH3,84859.0,MutNovel,"G22R,0.923"
X-4215,LSR,51599.0,MutNovel,"G518GR,0.268"
X-4215,MAP3K2,10746.0,MutNovel,"Y371C,0.323"
X-4215,MIA3,375056.0,MutNovel,"A1758P,0.325"
X-4215,MIB2,142678.0,MutNovel,"V533M,1.000"
X-4215,MICAL2,9645.0,MutNovel,"V218I,0.296"
X-4215,MKI67,4288.0,MutNovel,"A142D,0.806"
X-4215,MPRIP,23164.0,MutNovel,"TS178T,0.525"
X-4215,MYADML2,255275.0,MutNovel,"R112Q,1.000"
X-4215,NCOR2,9612.0,MutNovel,"G1839GAAA,0.541"
X-4215,NISCH,11188.0,MutNovel,"G873R,0.313"
X-4215,PABPC3,5042.0,MutNovel,"P191T,1.000"
X-4215,PABPC3,5042.0,MutKnownFunctional,"-211,0.667"
X-4215,PABPC3,5042.0,MutKnownFunctional,"-211,1.000"
X-4215,PHF16,9767.0,MutNovel,"P378S,1.000"
X-4215,PHLDA1,22822.0,MutNovel,"QQ194Q,0.500"
X-4215,PIK3C2A,5286.0,MutNovel,"S362G,0.846"
X-4215,PLEKHA7,144100.0,MutNovel,"S1119P,0.726"
X-4215,PNKD,25953.0,MutNovel,"DMH380D,0.343"
X-4215,PPP1R16A,84988.0,MutNovel,"S433C,0.515"
X-4215,PRB2,653247.0,MutNovel,"R109Q,0.291"
X-4215,PRCC,5546.0,MutNovel,"N354S,0.670"
X-4215,PSME4,23198.0,MutNovel,"H723Q,0.459"
X-4215,REXO1,57455.0,MutNovel,"S719L,1.000"
X-4215,RIN3,79890.0,MutNovel,"G967-,0.667"
X-4215,RPS6KC1,26750.0,MutNovel,"V681I,0.714"
X-4215,SCIN,85477.0,MutNovel,"D133N,0.409"
X-4215,SERINC2,347735.0,MutNovel,"-373Q,0.726"
X-4215,SH3BGR,6450.0,MutNovel,"E170K,1.000"
X-4215,SHCBP1,79801.0,MutNovel,"Y485C,0.553"
X-4215,SHKBP1,92799.0,MutNovel,"R52H,0.296"
X-4215,SLC35E2,9906.0,MutNovel,"S218F,0.364"
X-4215,SLC37A4,2542.0,MutKnownFunctional,"R377*,0.778"
X-4215,SLC4A4,8671.0,MutNovel,"-1018KK,0.258"
X-4215,SLC6A6,6533.0,MutNovel,"Y578C,0.725"
X-4215,SON,6651.0,MutNovel,"R1122H,0.262"
X-4215,STAM,8027.0,MutNovel,"AIYDFE217-,0.257"
X-4215,TBP,6908.0,MutNovel,"-64Q,0.286"
X-4215,TGFBRAP1,9392.0,MutNovel,"R381L,0.395"
X-4215,TLK2,11011.0,MutNovel,"R262Q,0.375"
X-4215,TMEM184A,202915.0,MutNovel,"G392GA,0.504"
X-4215,TMEM87A,25963.0,MutNovel,"R325H,0.461"
X-4215,TP53,7157.0,MutKnownFunctional,"-277P?,0.700"
X-4215,TRAPPC2L,51693.0,MutNovel,"K10R,0.682"
X-4215,TRIM27,5987.0,MutKnownFunctional,"Q344*,0.536"
X-4215,TRRAP,8295.0,MutNovel,"V2283I,0.472"
X-4215,TUT1,64852.0,MutNovel,"C28T,0.444"
X-4215,TWISTNB,221830.0,MutNovel,"M169I,0.553"
X-4215,USP33,23032.0,MutNovel,"M292T,1.000"
X-4215,USP35,57558.0,MutNovel,"A82T,0.857"
X-4215,USP36,57602.0,MutNovel,"KKK958K,0.757"
X-4215,UTY,7404.0,MutNovel,"AR1078LR,0.214"
X-4215,UTY,7404.0,MutNovel,"H1077P,0.214"
X-4215,UTY,7404.0,MutNovel,"SH1075HD,0.214"
X-4215,UTY,7404.0,MutNovel,"V1074L,0.267"
X-4215,UTY,7404.0,MutNovel,"I1071G,0.267"
X-4215,UTY,7404.0,MutNovel,"G1070T,0.267"
X-4215,UTY,7404.0,MutKnownFunctional,"S1068*,0.357"
X-4215,UTY,7404.0,MutNovel,"SQ1066LA,0.429"
X-4215,UTY,7404.0,MutNovel,"S1066T,0.429"
X-4215,UTY,7404.0,MutNovel,"GG1059VR,0.643"
X-4215,UTY,7404.0,MutNovel,"S1058D,0.562"
X-4215,UTY,7404.0,MutNovel,"LL1055GL,0.529"
X-4215,UTY,7404.0,MutNovel,"E1054L,0.474"
X-4215,UTY,7404.0,MutNovel,"C1052P,0.471"
X-4215,UTY,7404.0,MutNovel,"QA1050RL,0.444"
X-4215,UTY,7404.0,MutNovel,"Q1050K,0.400"
X-4215,UTY,7404.0,MutNovel,"V1048H,0.381"
X-4215,UTY,7404.0,MutNovel,"FH1045YY,0.474"
X-4215,UTY,7404.0,MutKnownFunctional,"FV1040**,0.474"
X-4215,UTY,7404.0,MutNovel,"IF1039TV,0.444"
X-4215,UTY,7404.0,MutNovel,"C1038W,0.444"
X-4215,UTY,7404.0,MutNovel,"NY1026PD,0.350"
X-4215,UTY,7404.0,MutNovel,"W1025L,0.312"
X-4215,UTY,7404.0,MutNovel,"NS1023IL,0.333"
X-4215,UTY,7404.0,MutNovel,"PN1022GY,0.375"
X-4215,UTY,7404.0,MutNovel,"L1021P,0.286"
X-4215,UTY,7404.0,MutNovel,"L1019T,0.333"
X-4215,UTY,7404.0,MutNovel,"H1018S,0.333"
X-4215,UTY,7404.0,MutNovel,"FS1016QT,0.250"
X-4215,UTY,7404.0,MutNovel,"R1015F,0.375"
X-4215,UTY,7404.0,MutNovel,"F1013H,0.353"
X-4215,UTY,7404.0,MutNovel,"G1012W,0.278"
X-4215,UTY,7404.0,MutNovel,"P1008Q,0.263"
X-4215,UTY,7404.0,MutKnownFunctional,"LQ1006*K,0.286"
X-4215,UTY,7404.0,MutNovel,"S1004G,0.250"
X-4215,UTY,7404.0,MutNovel,"QW999HK,0.263"
X-4215,UTY,7404.0,MutNovel,"P1010L,0.261"
X-4215,UTY,7404.0,MutNovel,"K1008P,0.208"
X-4215,UTY,7404.0,MutNovel,"NP1006TI,0.227"
X-4215,UTY,7404.0,MutNovel,"A351E,0.467"
X-4215,UTY,7404.0,MutNovel,"LD344CL,0.485"
X-4215,UTY,7404.0,MutNovel,"Q343V,0.500"
X-4215,UTY,7404.0,MutNovel,"V342A,0.571"
X-4215,UTY,7404.0,MutNovel,"AV341ES,0.571"
X-4215,UTY,7404.0,MutKnownFunctional,"CA340*T,0.519"
X-4215,UTY,7404.0,MutNovel,"L335T,0.625"
X-4215,UTY,7404.0,MutNovel,"DA333EP,0.211"
X-4215,UTY,7404.0,MutNovel,"D333E,0.684"
X-4215,UTY,7404.0,MutNovel,"MD332IL,0.684"
X-4215,UTY,7404.0,MutNovel,"M332T,0.571"
X-4215,UTY,7404.0,MutNovel,"M332P,0.571"
X-4215,UTY,7404.0,MutNovel,"Q328L,0.500"
X-4215,UTY,7404.0,MutNovel,"Q327K,0.375"
X-4215,UTY,7404.0,MutNovel,"Q327K,0.375"
X-4215,UTY,7404.0,MutKnownFunctional,"Y325*,0.312"
X-4215,UTY,7404.0,MutNovel,"LY324FT,0.312"
X-4215,UTY,7404.0,MutNovel,"VL323GE,0.353"
X-4215,UTY,7404.0,MutNovel,"V323L,0.267"
X-4215,UTY,7404.0,MutNovel,"G322D,0.647"
X-4215,UTY,7404.0,MutNovel,"IG321SN,0.647"
X-4215,UTY,7404.0,MutNovel,"S320T,0.500"
X-4215,UTY,7404.0,MutKnownFunctional,"CS319*T,0.500"
X-4215,UTY,7404.0,MutNovel,"EA312DI,0.364"
X-4215,UTY,7404.0,MutNovel,"E312I,0.520"
X-4215,UTY,7404.0,MutNovel,"E312I,0.520"
X-4215,UTY,7404.0,MutNovel,"KS310RK,0.455"
X-4215,UTY,7404.0,MutKnownFunctional,"K310*,0.480"
X-4215,UTY,7404.0,MutKnownFunctional,"DK309S*,0.480"
X-4215,UTY,7404.0,MutNovel,"Y304F,0.400"
X-4215,UTY,7404.0,MutNovel,"C290S,0.444"
X-4215,UTY,7404.0,MutNovel,"C290S,0.444"
X-4215,UTY,7404.0,MutNovel,"F286L,0.273"
X-4215,UTY,7404.0,MutNovel,"WY284YN,0.350"
X-4215,UTY,7404.0,MutNovel,"S283C,0.368"
X-4215,UTY,7404.0,MutNovel,"Q282A,0.444"
X-4215,UTY,7404.0,MutNovel,"SG280LC,0.400"
X-4215,UTY,7404.0,MutNovel,"DP277EA,0.381"
X-4215,UTY,7404.0,MutNovel,"A276E,0.520"
X-4215,UTY,7404.0,MutKnownFunctional,"A276*,0.520"
X-4215,UTY,7404.0,MutKnownFunctional,"EA275A*,0.520"
X-4215,UTY,7404.0,MutNovel,"LE274RQ,0.423"
X-4215,UTY,7404.0,MutNovel,"QK271HE,0.286"
X-4215,UTY,7404.0,MutNovel,"L270A,0.296"
X-4215,UTY,7404.0,MutNovel,"L270V,0.448"
X-4215,UTY,7404.0,MutNovel,"A266F,0.450"
X-4215,UTY,7404.0,MutNovel,"S264T,0.278"
X-4215,UTY,7404.0,MutKnownFunctional,"E263*,0.316"
X-4215,UTY,7404.0,MutNovel,"T261C,0.333"
X-4215,UTY,7404.0,MutNovel,"A260F,0.294"
X-4215,UTY,7404.0,MutNovel,"A260S,0.500"
X-4215,UTY,7404.0,MutNovel,"KA259TS,0.500"
X-4215,UTY,7404.0,MutNovel,"D258E,0.263"
X-4215,UTY,7404.0,MutNovel,"D258V,0.263"
X-4215,UTY,7404.0,MutNovel,"D258V,0.333"
X-4215,UTY,7404.0,MutNovel,"D258I,0.333"
X-4215,UTY,7404.0,MutNovel,"VG256DR,0.312"
X-4215,UTY,7404.0,MutNovel,"V256K,0.353"
X-4215,UTY,7404.0,MutNovel,"D254V,0.353"
X-4215,UTY,7404.0,MutNovel,"M253E,0.353"
X-4215,UTY,7404.0,MutNovel,"N252T,0.278"
X-4215,UTY,7404.0,MutNovel,"MH249IS,0.250"
X-4215,UTY,7404.0,MutNovel,"G247D,0.231"
X-4215,UTY,7404.0,MutNovel,"LG246FS,0.263"
X-4215,UTY,7404.0,MutNovel,"Q244H,0.231"
X-4215,UTY,7404.0,MutNovel,"Q244I,0.231"
X-4215,UTY,7404.0,MutKnownFunctional,"CR161C*,0.214"
X-4215,UTY,7404.0,MutNovel,"DV152GI,0.417"
X-4215,UTY,7404.0,MutNovel,"QD151LC,0.462"
X-4215,UTY,7404.0,MutNovel,"FQ150LK,0.462"
X-4215,UTY,7404.0,MutNovel,"A149S,0.462"
X-4215,UTY,7404.0,MutNovel,"HW144QR,0.500"
X-4215,UTY,7404.0,MutNovel,"H144Q,0.588"
X-4215,UTY,7404.0,MutNovel,"H144G,0.588"
X-4215,UTY,7404.0,MutNovel,"F138S,0.500"
X-4215,UTY,7404.0,MutKnownFunctional,"YF137*A,0.562"
X-4215,UTY,7404.0,MutNovel,"Y137N,0.571"
X-4215,UTY,7404.0,MutNovel,"GL134VP,0.444"
X-4215,UTY,7404.0,MutNovel,"G134C,0.500"
X-4215,UTY,7404.0,MutKnownFunctional,"YG131*L,0.474"
X-4215,UTY,7404.0,MutNovel,"L130S,0.524"
X-4215,UTY,7404.0,MutNovel,"AF128GG,0.583"
X-4215,UTY,7404.0,MutNovel,"AA127KT,0.640"
X-4215,UTY,7404.0,MutNovel,"N126R,0.680"
X-4215,UTY,7404.0,MutNovel,"T39C,0.333"
X-4215,UTY,7404.0,MutNovel,"E30V,0.205"
X-4215,UTY,7404.0,MutNovel,"R29C,0.216"
X-4215,WDR47,22911.0,MutNovel,"E63K,1.000"
X-4215,YARS2,51067.0,MutNovel,"P405L,0.715"
X-4215,ZBTB47,92999.0,MutNovel,"Q439E,0.600"
X-4215,ZFP36L2,678.0,MutNovel,"Q401HSSR,0.211"
X-4215,ZFP64,55734.0,MutNovel,"T247I,0.595"
X-4215,ZNF233,353355.0,MutNovel,"L98P,0.400"
X-4215,ZNF384,171017.0,MutNovel,"QQ514Q,0.387"
X-4215,ZNF587,84914.0,MutNovel,"S530A,0.317"
X-4226,61E3.4,,MutNovel,"K338N,0.875"
X-4226,61E3.4,,MutNovel,"I75V,0.856"
X-4226,ABCA10,10349.0,MutKnownFunctional,"-1505,0.667"
X-4226,ACIN1,22985.0,MutNovel,"H6N,0.538"
X-4226,ACSL3,2181.0,MutNovel,"L411P,0.501"
X-4226,ACSS2,55902.0,MutNovel,"W29S,0.431"
X-4226,ADAMTSL2,9719.0,MutNovel,"G421S,0.471"
X-4226,AHCTF1,25909.0,MutNovel,"D1464H,0.478"
X-4226,AIM1L,55057.0,MutNovel,"F542S,1.000"
X-4226,AMELY,266.0,Del0.8,0.37
X-4226,ANK1,286.0,MutNovel,"T1002M,0.333"
X-4226,ANKMY2,57037.0,MutNovel,"Q263E,0.511"
X-4226,ANKRD36C,,MutNovel,"D1868N,0.434"
X-4226,AQP5,362.0,MutNovel,"P186L,0.996"
X-4226,ARMCX4,100131755.0,MutNovel,"N2068I,0.778"
X-4226,ARNT2,9915.0,Amp5,6.02
X-4226,B3GNT9,84752.0,MutNovel,"L299R,0.381"
X-4226,BCAP31,10134.0,MutNovel,"E4Q,1.000"
X-4226,BCL2A1,597.0,Amp5,6.02
X-4226,BCORP1,286554.0,Del0.8,0.37
X-4226,BOD1L1,,MutNovel,"R2524H,0.414"
X-4226,BPY2B,442867.0,Del0.8,0.37
X-4226,BPY2B,442867.0,Del0.8,0.37
X-4226,C15orf26,161502.0,Amp5,6.02
X-4226,C15orf37,283687.0,Amp5,6.02
X-4226,C16orf58,64755.0,MutNovel,"V50I,0.485"
X-4226,C22orf39,128977.0,MutNovel,"R25G,0.500"
X-4226,C2CD3,26005.0,MutNovel,"V855F,0.769"
X-4226,C3orf71,646450.0,MutNovel,"K63N,0.222"
X-4226,C5orf65,389333.0,MutNovel,"P839S,0.650"
X-4226,C7orf73,647087.0,MutNovel,"A40V,0.369"
X-4226,C9orf53,51198.0,Del0.8,0.41
X-4226,CASZ1,54897.0,MutNovel,"D1703E,0.273"
X-4226,CASZ1,54897.0,MutNovel,"D1697E,0.417"
X-4226,CBWD5,220869.0,MutNovel,"S78F,0.333"
X-4226,CCDC61,729440.0,MutNovel,"T58I,0.270"
X-4226,CCDC66,285331.0,MutNovel,"S606SP,0.357"
X-4226,CCDC66,285331.0,MutNovel,"D702H,0.457"
X-4226,CCDC9,26093.0,MutNovel,"R512Q,0.494"
X-4226,CDC25A,993.0,MutNovel,"R255Q,0.288"
X-4226,CDKN1C,1028.0,MutNovel,"APVAV171V,0.438"
X-4226,CDKN2A,1029.0,Del0.8,0.41
X-4226,CDKN2B,1030.0,Del0.8,0.65
X-4226,CDY1B,253175.0,Del0.8,0.37
X-4226,CDY1B,253175.0,Del0.8,0.37
X-4226,CDY2A,9426.0,Del0.8,0.37
X-4226,CDY2A,9426.0,Del0.8,0.37
X-4226,CDY2B,203611.0,Del0.8,0.37
X-4226,CDY2B,203611.0,Del0.8,0.37
X-4226,CEACAM8,1088.0,MutNovel,"T171I,0.818"
X-4226,CELF2,10659.0,MutNovel,"P22A,1.000"
X-4226,CEP250,11190.0,MutNovel,"R1272H,0.419"
X-4226,CHD4,1108.0,MutNovel,"D524A,0.996"
X-4226,CLIP2,7461.0,MutNovel,"R954H,0.538"
X-4226,CNTNAP3B,728577.0,MutNovel,"R1214P,0.750"
X-4226,COPB2,9276.0,MutNovel,"C134F,0.470"
X-4226,CREG2,200407.0,MutNovel,"P96Q,0.396"
X-4226,CRISPLD2,83716.0,MutNovel,"M158L,0.700"
X-4226,CSPG4P1Y,114758.0,Del0.8,0.37
X-4226,CSPG4P1Y,114758.0,Del0.8,0.37
X-4226,CTSA,5476.0,MutNovel,"L29-,0.861"
X-4226,DAZ1,1617.0,Del0.8,0.37
X-4226,DAZ2,57055.0,Del0.8,0.37
X-4226,DAZ3,57054.0,Del0.8,0.37
X-4226,DAZ3,57054.0,Del0.8,0.37
X-4226,DAZ4,57135.0,Del0.8,0.37
X-4226,DAZ4,57135.0,Del0.8,0.37
X-4226,DCLRE1C,64421.0,MutNovel,"A438V,0.536"
X-4226,DDX3Y,8653.0,Del0.8,0.37
X-4226,DENND4B,9909.0,MutNovel,"QQQ908-,0.250"
X-4226,DMRTA1,63951.0,Del0.8,0.37
X-4226,DST,667.0,MutNovel,"E1680G,0.414"
X-4226,DTX2,113878.0,MutNovel,"P64S,0.470"
X-4226,DUOX1,53905.0,MutNovel,"D548N,1.000"
X-4226,ECSIT,51295.0,MutNovel,"W373S,0.556"
X-4226,EDC4,23644.0,MutNovel,"T1299N,0.464"
X-4226,EFTUD1,79631.0,Amp5,6.02
X-4226,EIF1AY,9086.0,Del0.8,0.37
X-4226,ELAVL2,1993.0,Del0.8,0.42
X-4226,FAH,2184.0,Amp5,6.02
X-4226,FAM108C1,58489.0,Amp5,6.02
X-4226,FAM154B,283726.0,Amp5,6.02
X-4226,FAM197Y2P,252946.0,Del0.8,0.37
X-4226,FAM41AY1,340618.0,Del0.8,0.37
X-4226,FAM41AY1,340618.0,Del0.8,0.37
X-4226,FAM71E2,284418.0,MutNovel,"Q778R,1.000"
X-4226,FASTKD3,79072.0,MutNovel,"II239I,0.681"
X-4226,FBRSL1,57666.0,MutNovel,"R307C,0.990"
X-4226,FCHO1,23149.0,MutNovel,"S343L,0.468"
X-4226,FFAR3,2865.0,Del0.8,0.56
X-4226,FKBP15,23307.0,MutNovel,"C828W,0.973"
X-4226,FLJ35282,441389.0,Del0.8,0.37
X-4226,FUT5,2527.0,MutNovel,"I369K,1.000"
X-4226,GALNT12,79695.0,MutNovel,"G46R,0.296"
X-4226,GAS2,2620.0,MutNovel,"C120S,0.545"
X-4226,GEMIN5,25929.0,MutNovel,"W1101R,0.479"
X-4226,GIGYF2,26058.0,MutNovel,"PQ1231P,0.362"
X-4226,GOLGA2P2Y,84559.0,Del0.8,0.37
X-4226,GOLGA2P2Y,84559.0,Del0.8,0.37
X-4226,GPATCH8,23131.0,MutNovel,"H51N,0.528"
X-4226,GPRIN2,9721.0,MutNovel,"-238MRE,0.545"
X-4226,GRB14,2888.0,MutKnownFunctional,"-297?,0.385"
X-4226,GYG2P1,352887.0,Del0.8,0.37
X-4226,HEATR5B,54497.0,MutNovel,"A1553V,1.000"
X-4226,HIST1H1E,3008.0,MutNovel,"K156R,1.000"
X-4226,HIST1H2BM,8342.0,MutNovel,"S92P,1.000"
X-4226,HK2,3099.0,MutNovel,"R373W,0.737"
X-4226,HLA-DRB1,3123.0,MutNovel,"P212A,0.786"
X-4226,HLA-DRB1,3123.0,MutNovel,"SP211RA,0.786"
X-4226,HLA-G,3135.0,MutNovel,"W121M,1.000"
X-4226,HSFY2,159119.0,Del0.8,0.37
X-4226,HSFY2,159119.0,Del0.8,0.37
X-4226,HSPB11,51668.0,MutKnownFunctional,"-7,0.383"
X-4226,HSPG2,3339.0,MutNovel,"D2069N,0.518"
X-4226,IFNA1,3439.0,Del0.8,0.45
X-4226,IFNA13,3447.0,Del0.8,0.45
X-4226,IFNA2,3440.0,Del0.8,0.45
X-4226,IFNA22P,3453.0,Del0.8,0.37
X-4226,IFNA6,3443.0,Del0.8,0.45
X-4226,IFNA8,3445.0,Del0.8,0.45
X-4226,IGSF3,3321.0,MutNovel,"D1041E,0.233"
X-4226,IL16,3603.0,Amp5,6.02
X-4226,IL34,146433.0,MutNovel,"S200C,0.833"
X-4226,INTS5,80789.0,MutNovel,"A572T,0.443"
X-4226,JAK2,3717.0,Del0.8,0.78
X-4226,JRK,8629.0,MutNovel,"P106L,0.550"
X-4226,KBTBD4,55709.0,MutNovel,"P462R,0.509"
X-4226,KCTD6,200845.0,MutNovel,"T204M,0.564"
X-4226,KDM5D,8284.0,Del0.8,0.37
X-4226,KIAA0196,9897.0,MutNovel,"Q436H,0.432"
X-4226,KIAA1199,57214.0,Amp5,6.02
X-4226,KLHDC7B,113730.0,MutKnownFunctional,"-554,0.636"
X-4226,KLHL9,55958.0,Del0.8,0.45
X-4226,KRAS,3845.0,MutKnownFunctional,"G12V,0.983"
X-4226,KRT14,3861.0,MutNovel,"S241N,0.833"
X-4226,KRT5,3852.0,MutNovel,"S232N,0.750"
X-4226,KRT6B,3854.0,MutNovel,"R234P,1.000"
X-4226,KRT8,3856.0,MutNovel,"S15F,0.991"
X-4226,LENG8,114823.0,MutNovel,"S122P,0.308"
X-4226,LENG9,94059.0,MutNovel,"G80E,0.750"
X-4226,LIMK2,3985.0,MutNovel,"L396V,0.482"
X-4226,LINGO2,158038.0,Amp5,5.06
X-4226,LMF2,91289.0,MutNovel,"R662W,0.504"
X-4226,LOC100289187,100289187.0,MutNovel,"P102L,0.444"
X-4226,LOC283688,283688.0,Amp5,6.02
X-4226,LOC642441,,MutNovel,"W153R,1.000"
X-4226,LOC727924,727924.0,Del0.8,0.78
X-4226,LOC728888,,MutNovel,"G1064P,0.667"
X-4226,LSG1,55341.0,MutNovel,"E127-,0.327"
X-4226,MAN2A1,4124.0,MutNovel,"K182N,0.382"
X-4226,MESDC1,59274.0,Amp5,6.02
X-4226,MESDC2,23184.0,Amp5,6.02
X-4226,MEX3B,84206.0,Amp5,6.02
X-4226,MICAL1,64780.0,MutNovel,"Q19H,1.000"
X-4226,MIR31HG,554202.0,Del0.8,0.43
X-4226,MIR4514,100616181.0,Amp5,6.02
X-4226,MIR549,693132.0,Amp5,6.02
X-4226,MPP3,4356.0,MutNovel,"Y56N,0.474"
X-4226,MRPS10,55173.0,MutNovel,"S151C,0.467"
X-4226,MTAP,4507.0,Del0.8,0.42
X-4226,MTHFS,10588.0,Amp5,6.02
X-4226,MUC4,4585.0,MutNovel,"P3442A,1.000"
X-4226,MXRA8,54587.0,MutNovel,"ALLT182A,0.294"
X-4226,NBEAL2,23218.0,MutNovel,"G1569S,0.513"
X-4226,NBPF1,55672.0,MutNovel,"C251R,0.286"
X-4226,NBPF10,100132406.0,MutNovel,"R36V,0.231"
X-4226,NBPF10,100132406.0,MutNovel,"K68R,0.429"
X-4226,NCAPD2,9918.0,MutNovel,"R465G,0.996"
X-4226,NCOR2,9612.0,MutNovel,"G1839GAAA,0.333"
X-4226,NCRNA00185,55410.0,Del0.8,0.37
X-4226,NIPAL3,57185.0,MutNovel,"K10T,0.454"
X-4226,NLGN4Y,22829.0,Del0.8,0.37
X-4226,NPIPL2,,MutNovel,"P132L,0.571"
X-4226,NPIPL3,23117.0,MutNovel,"R1105H,1.000"
X-4226,OR4M2,390538.0,Del0.8,0.78
X-4226,OR4N4,283694.0,Del0.8,0.78
X-4226,ORAI1,84876.0,MutNovel,"PP43-,0.800"
X-4226,PABPC3,5042.0,MutKnownFunctional,"-247GE?,1.000"
X-4226,PAK1,5058.0,MutNovel,"R203Q,0.435"
X-4226,PCDH11Y,83259.0,Del0.8,0.37
X-4226,PCDHGB2,56103.0,MutNovel,"R12P,0.944"
X-4226,PHF3,23469.0,Amp5,7.36
X-4226,PHLDA1,22822.0,MutNovel,"QQ194Q,0.607"
X-4226,PI4KB,5298.0,MutNovel,"V90F,0.503"
X-4226,PILRA,29992.0,MutNovel,"Q116R,0.250"
X-4226,PLA2R1,22925.0,MutKnownFunctional,"-652,0.366"
X-4226,PLEKHA7,144100.0,MutNovel,"R24G,0.495"
X-4226,PMFBP1,83449.0,MutKnownFunctional,"Q885*,0.333"
X-4226,PMPCA,23203.0,MutNovel,"M150T,0.419"
X-4226,POLR2B,5431.0,MutNovel,"R335T,0.485"
X-4226,PPP2R3B,28227.0,MutNovel,"S561C,1.000"
X-4226,PRKDC,5591.0,MutNovel,"C1757S,0.319"
X-4226,PRKY,5616.0,Del0.8,0.37
X-4226,PRRC2A,7916.0,MutNovel,"E1288Q,1.000"
X-4226,PRRT2,112476.0,MutNovel,"L38P,0.571"
X-4226,PRSS27,83886.0,MutNovel,"Q243P,0.625"
X-4226,PRY,9081.0,Del0.8,0.37
X-4226,PRY,9081.0,Del0.8,0.37
X-4226,PRY2,442862.0,Del0.8,0.37
X-4226,PRY2,442862.0,Del0.8,0.37
X-4226,PSG8,440533.0,MutNovel,"R285K,1.000"
X-4226,PTPRS,5802.0,MutNovel,"R436Q,1.000"
X-4226,R3HDM2,22864.0,MutNovel,"Y542C,1.000"
X-4226,RAET1E,135250.0,MutNovel,"D190N,1.000"
X-4226,RBL2,5934.0,MutNovel,"G4E,0.476"
X-4226,RBMY1A3P,286557.0,Del0.8,0.37
X-4226,RBMY1B,378948.0,Del0.8,0.37
X-4226,RBMY1B,378948.0,Del0.8,0.37
X-4226,RBMY1E,378950.0,Del0.8,0.37
X-4226,RBMY1E,378950.0,Del0.8,0.37
X-4226,RBMY1F,159163.0,Del0.8,0.37
X-4226,RBMY1F,159163.0,Del0.8,0.37
X-4226,RBMY1J,378951.0,Del0.8,0.37
X-4226,RBMY1J,378951.0,Del0.8,0.37
X-4226,RBMY2EP,159125.0,Del0.8,0.37
X-4226,RBMY2FP,159162.0,Del0.8,0.37
X-4226,RBMY3AP,64593.0,Del0.8,0.37
X-4226,REXO4,57109.0,MutNovel,"Q270P,0.475"
X-4226,RIN3,79890.0,MutNovel,"G967-,0.528"
X-4226,ROCK1,6093.0,MutNovel,"K921N,0.479"
X-4226,RPS17,6218.0,MutNovel,"G125W,0.800"
X-4226,RPS4Y1,6192.0,Del0.8,0.37
X-4226,RPS4Y2,140032.0,Del0.8,0.37
X-4226,RPSA,3921.0,MutNovel,"I99V,0.368"
X-4226,RPUSD1,113000.0,MutNovel,"D190N,0.502"
X-4226,RREB1,6239.0,MutNovel,"F325V,1.000"
X-4226,SERINC2,347735.0,MutNovel,"-373Q,0.493"
X-4226,SETD2,29072.0,MutNovel,"D1400H,0.509"
X-4226,SGCZ,137868.0,Del0.8,0.77
X-4226,SHF,90525.0,MutNovel,"P270S,0.750"
X-4226,SLC25A28,81894.0,MutNovel,"P92S,0.957"
X-4226,SPAG4,6676.0,MutNovel,"R248M,0.536"
X-4226,SRCAP,10847.0,MutNovel,"R2860S,0.446"
X-4226,SRY,6736.0,Del0.8,0.37
X-4226,SSFA2,6744.0,MutNovel,"R1224Q,0.488"
X-4226,ST20,400410.0,Amp5,6.02
X-4226,ST20-MTHFS,100528021.0,Amp5,6.02
X-4226,STARD5,80765.0,Amp5,6.02
X-4226,STK39,27347.0,MutNovel,"A27GP,0.423"
X-4226,SUCO,,MutKnownFunctional,"G1243*,0.312"
X-4226,SULT1A4,445329.0,MutNovel,"M220V,1.000"
X-4226,TAF3,83860.0,MutNovel,"D645E,0.458"
X-4226,TBC1D14,57533.0,MutNovel,"L577V,0.491"
X-4226,TBL1Y,90665.0,Del0.8,0.37
X-4226,TBP,6908.0,MutNovel,"-64Q,0.286"
X-4226,TCEA1,6917.0,MutNovel,"D118G,0.698"
X-4226,TGIF2LY,90655.0,Del0.8,0.37
X-4226,THOP1,7064.0,MutNovel,"R166H,0.976"
X-4226,TMC3,342125.0,Amp5,6.02
X-4226,TMEM120A,83862.0,MutNovel,"R178Q,0.446"
X-4226,TMEM135,65084.0,MutNovel,"T360R,0.471"
X-4226,TMEM184A,202915.0,MutNovel,"G392GA,0.810"
X-4226,TMEM238,388564.0,MutNovel,"P15L,0.451"
X-4226,TMEM245,,MutNovel,"T553P,0.974"
X-4226,TMSB4Y,9087.0,Del0.8,0.37
X-4226,TNFAIP6,7130.0,MutKnownFunctional,"-278,0.500"
X-4226,TP53,7157.0,MutKnownFunctional,"Y220C,0.992"
X-4226,TSPY1,7258.0,Del0.8,0.37
X-4226,TSPY2,64591.0,Del0.8,0.37
X-4226,TSPY3,728137.0,Del0.8,0.37
X-4226,TSPY4,728395.0,Del0.8,0.37
X-4226,TSPY8,728403.0,Del0.8,0.37
X-4226,TTTY10,246119.0,Del0.8,0.37
X-4226,TTTY11,83866.0,Del0.8,0.37
X-4226,TTTY12,83867.0,Del0.8,0.37
X-4226,TTTY13,83868.0,Del0.8,0.37
X-4226,TTTY14,83869.0,Del0.8,0.37
X-4226,TTTY15,64595.0,Del0.8,0.37
X-4226,TTTY16,252948.0,Del0.8,0.37
X-4226,TTTY17A,252949.0,Del0.8,0.37
X-4226,TTTY17A,252949.0,Del0.8,0.37
X-4226,TTTY18,252950.0,Del0.8,0.37
X-4226,TTTY19,252952.0,Del0.8,0.37
X-4226,TTTY1B,100101116.0,Del0.8,0.37
X-4226,TTTY1B,100101116.0,Del0.8,0.37
X-4226,TTTY2,60439.0,Del0.8,0.37
X-4226,TTTY2,60439.0,Del0.8,0.37
X-4226,TTTY20,252951.0,Del0.8,0.37
X-4226,TTTY21,252953.0,Del0.8,0.37
X-4226,TTTY21,252953.0,Del0.8,0.37
X-4226,TTTY22,252954.0,Del0.8,0.37
X-4226,TTTY23,252955.0,Del0.8,0.37
X-4226,TTTY23,252955.0,Del0.8,0.37
X-4226,TTTY3,114760.0,Del0.8,0.37
X-4226,TTTY3,114760.0,Del0.8,0.37
X-4226,TTTY4,114761.0,Del0.8,0.37
X-4226,TTTY4,114761.0,Del0.8,0.37
X-4226,TTTY5,83863.0,Del0.8,0.37
X-4226,TTTY6,84672.0,Del0.8,0.37
X-4226,TTTY6,84672.0,Del0.8,0.37
X-4226,TTTY7,246122.0,Del0.8,0.37
X-4226,TTTY7,246122.0,Del0.8,0.37
X-4226,TTTY7B,100101120.0,Del0.8,0.37
X-4226,TTTY7B,100101120.0,Del0.8,0.37
X-4226,TTTY8,84673.0,Del0.8,0.37
X-4226,TTTY8,84673.0,Del0.8,0.37
X-4226,TTTY9A,83864.0,Del0.8,0.37
X-4226,TTTY9A,83864.0,Del0.8,0.37
X-4226,TXLNG2P,246126.0,Del0.8,0.37
X-4226,USP31,57478.0,MutNovel,"G1189A,0.458"
X-4226,USP36,57602.0,MutNovel,"KKK958K,0.810"
X-4226,USP9Y,8287.0,Del0.8,0.37
X-4226,UTY,7404.0,Del0.8,0.37
X-4226,VCY,9084.0,Del0.8,0.37
X-4226,VCY,9084.0,Del0.8,0.37
X-4226,WBSCR16,81554.0,MutNovel,"R15W,0.643"
X-4226,XKRY2,353515.0,Del0.8,0.37
X-4226,XKRY2,353515.0,Del0.8,0.37
X-4226,ZBTB45,84878.0,MutNovel,"C118Y,0.463"
X-4226,ZDHHC11,79844.0,MutNovel,"A303D,0.377"
X-4226,ZFAND6,54469.0,Amp5,6.02
X-4226,ZFY,7544.0,Del0.8,0.37
X-4226,ZNF219,51222.0,MutNovel,"QPP233P,0.254"
X-4226,ZNF408,79797.0,MutKnownFunctional,"Q134*,0.327"
X-4226,ZNF469,84627.0,MutNovel,"S356P,0.909"
X-4226,ZNF469,84627.0,MutNovel,"H3892Y,0.806"
X-4226,ZNF543,125919.0,MutKnownFunctional,"K421*,0.500"
X-4226,ZNHIT3,9326.0,MutNovel,"T46I,0.485"
X-4244,ABCB1,5243.0,Amp5,5.62
X-4244,ABCB4,5244.0,Amp5,5.62
X-4244,ACAA2,10449.0,Del0.8,0.77
X-4244,ACHE,43.0,Amp8,19.43
X-4244,ACN9,57001.0,Amp5,6.15
X-4244,ACTA1,58.0,MutNovel,"T360S,0.667"
X-4244,ACTL6B,51412.0,Amp8,19.43
X-4244,ADAM22,53616.0,Amp5,5.62
X-4244,ADAT3,113179.0,MutNovel,"P99L,0.433"
X-4244,ADSL,158.0,MutNovel,"R452G,1.000"
X-4244,AFF1,4299.0,MutNovel,"R1183W,0.629"
X-4244,AGFG2,3268.0,Amp8,19.43
X-4244,AHNAK,79026.0,MutKnownFunctional,"K5747*,0.314"
X-4244,AKIRIN1,79647.0,Amp5,6.06
X-4244,ALDH3A1,218.0,MutNovel,"Y116H,1.000"
X-4244,ALPK2,115701.0,Del0.8,0.77
X-4244,AMELY,266.0,Del0.8,0.41
X-4244,ANKIB1,54467.0,Amp8,11.31
X-4244,ANKRD17,26057.0,MutNovel,"H2593P,0.548"
X-4244,AP4M1,9179.0,Amp8,19.43
X-4244,AQP4,361.0,Del0.8,0.77
X-4244,ARHGEF18,23370.0,MutNovel,"Q958R,0.667"
X-4244,ARHGEF40,55701.0,MutNovel,"R1030K,0.467"
X-4244,ARMC5,79798.0,MutKnownFunctional,"R764*,0.468"
X-4244,ARPC1A,10552.0,Amp8,19.43
X-4244,ARPC1B,10095.0,Amp8,19.43
X-4244,ARV1,64801.0,MutKnownFunctional,"-170?,0.297"
X-4244,ASB4,51666.0,Amp5,6.15
X-4244,ASNS,440.0,Amp5,6.15
X-4244,ASTN2,23245.0,MutNovel,"H1225Y,0.467"
X-4244,ASXL1,171023.0,MutNovel,"G1397S,0.669"
X-4244,ATP10D,57205.0,MutNovel,"I342M,0.462"
X-4244,ATP5A1,498.0,Del0.8,0.77
X-4244,ATP5J2,9551.0,Amp8,19.43
X-4244,ATP5J2-PTCD1,100526740.0,Amp8,19.43
X-4244,ATP8B1,5205.0,Del0.8,0.77
X-4244,AZGP1,563.0,Amp8,19.43
X-4244,AZGP1P1,646282.0,Amp8,19.43
X-4244,BAIAP2L1,55971.0,Amp5,6.15
X-4244,BCL11B,64919.0,MutNovel,"P664L,0.750"
X-4244,BCORP1,286554.0,Del0.8,0.36
X-4244,BET1,10282.0,Amp5,6.15
X-4244,BHLHA15,168620.0,Amp5,6.15
X-4244,BIRC6,57448.0,MutNovel,"C4250Y,0.509"
X-4244,BMP8A,353500.0,Amp5,6.06
X-4244,BMP8B,656.0,Amp5,6.06
X-4244,BOD1L2,284257.0,Del0.8,0.77
X-4244,BPY2B,442867.0,Del0.8,0.23
X-4244,BPY2B,442867.0,Del0.8,0.23
X-4244,BRI3,25798.0,Amp5,6.15
X-4244,BUD31,8896.0,Amp8,19.43
X-4244,C14orf45,80127.0,MutNovel,"K290Q,0.500"
X-4244,C16orf74,404550.0,MutNovel,"SS20-,0.400"
X-4244,C17orf70,80233.0,MutNovel,"P392L,0.625"
X-4244,C18orf21,83608.0,Del0.8,0.77
X-4244,C18orf25,147339.0,Del0.8,0.77
X-4244,C18orf26,284254.0,Del0.8,0.77
X-4244,C18orf32,497661.0,Del0.8,0.77
X-4244,C18orf54,162681.0,Del0.8,0.77
X-4244,C19orf24,55009.0,MutNovel,"R72H,0.438"
X-4244,C7orf23,79161.0,Amp5,5.62
X-4244,C7orf43,55262.0,Amp8,19.43
X-4244,C7orf59,389541.0,Amp8,19.43
X-4244,C7orf60,154743.0,Amp8,11.47
X-4244,C7orf61,402573.0,Amp8,19.43
X-4244,C7orf62,219557.0,Amp5,5.62
X-4244,C7orf63,79846.0,Amp5,5.62
X-4244,C9orf53,51198.0,Del0.8,0.74
X-4244,CA9,768.0,MutNovel,"L83P,0.400"
X-4244,CABYR,26256.0,Del0.8,0.8
X-4244,CACHD1,57685.0,MutNovel,"R679H,0.500"
X-4244,CACNG8,59283.0,MutNovel,"A394V,1.000"
X-4244,CAP1,10487.0,Amp5,6.06
X-4244,CASD1,64921.0,Amp5,6.15
X-4244,CCBE1,147372.0,Del0.8,0.77
X-4244,CCDC102B,79839.0,Del0.8,0.75
X-4244,CCDC11,220136.0,Del0.8,0.77
X-4244,CCDC68,80323.0,Del0.8,0.77
X-4244,CCL26,10344.0,MutNovel,"I63R,0.265"
X-4244,CCL26,10344.0,Amp5,6.11
X-4244,CDC42EP1,11135.0,MutNovel,"PAPAANPS253P,1.000"
X-4244,CDC42EP4,23580.0,MutNovel,"R305Q,0.607"
X-4244,CDH19,28513.0,Del0.8,0.75
X-4244,CDH2,1000.0,Del0.8,0.77
X-4244,CDH20,28316.0,Del0.8,0.77
X-4244,CDH7,1005.0,Del0.8,0.75
X-4244,CDK14,5218.0,Amp5,5.62
X-4244,CDK6,1021.0,Amp8,11.31
X-4244,CDKN2A,1029.0,MutKnownFunctional,"-16,1.000"
X-4244,CDKN2A,1029.0,Del0.8,0.74
X-4244,CDY1B,253175.0,Del0.8,0.23
X-4244,CDY1B,253175.0,Del0.8,0.23
X-4244,CDY2A,9426.0,Del0.8,0.22
X-4244,CDY2A,9426.0,Del0.8,0.22
X-4244,CDY2B,203611.0,Del0.8,0.22
X-4244,CDY2B,203611.0,Del0.8,0.22
X-4244,CELF4,56853.0,Del0.8,0.77
X-4244,CHAMP1,283489.0,MutNovel,"A306P,0.475"
X-4244,CHST9,83539.0,Del0.8,0.77
X-4244,CHST9-AS1,147429.0,Del0.8,0.77
X-4244,CITED4,163732.0,Amp5,6.06
X-4244,CLDN12,9069.0,Amp5,5.62
X-4244,CLEC18B,497190.0,Amp5,5.62
X-4244,CLEC18C,283971.0,Amp5,6.02
X-4244,CNPY4,245812.0,Amp8,19.43
X-4244,COL1A2,1278.0,Amp5,6.15
X-4244,COL9A2,1298.0,Amp5,6.06
X-4244,COPS6,10980.0,Amp8,19.43
X-4244,CPLX4,339302.0,Del0.8,0.77
X-4244,CPSF4,10898.0,Amp8,19.43
X-4244,CROT,54677.0,Amp5,5.62
X-4244,CSPG4P1Y,114758.0,Del0.8,0.23
X-4244,CSPG4P1Y,114758.0,Del0.8,0.23
X-4244,CTAGE1,64693.0,Amp8,59.3
X-4244,CTHRC1,115908.0,MutNovel,"P27R,1.000"
X-4244,CTIF,9811.0,Del0.8,0.77
X-4244,CTSA,5476.0,MutNovel,"L29-,1.000"
X-4244,CXXC1,30827.0,Del0.8,0.77
X-4244,CYP3A4,1576.0,Amp8,19.43
X-4244,CYP3A43,64816.0,Amp8,19.43
X-4244,CYP3A5,1577.0,Amp8,19.43
X-4244,CYP3A7,1551.0,Amp8,19.43
X-4244,CYP51A1,1595.0,Amp8,11.31
X-4244,DAZ1,1617.0,Del0.8,0.23
X-4244,DAZ2,57055.0,Del0.8,0.23
X-4244,DAZ3,57054.0,Del0.8,0.23
X-4244,DAZ3,57054.0,Del0.8,0.23
X-4244,DAZ4,57135.0,Del0.8,0.23
X-4244,DAZ4,57135.0,Del0.8,0.23
X-4244,DBF4,10926.0,Amp5,5.62
X-4244,DCC,1630.0,Del0.8,0.77
X-4244,DDX3Y,8653.0,Del0.8,0.37
X-4244,DEM1,64789.0,Amp5,6.06
X-4244,DENND4B,9909.0,MutNovel,"QQQ908-,1.000"
X-4244,DHRSX,207063.0,MutNovel,"R751H,1.000"
X-4244,DLX5,1749.0,Amp5,6.15
X-4244,DLX6,1750.0,Amp5,6.15
X-4244,DLX6-AS1,285987.0,Amp5,6.15
X-4244,DMTF1,9988.0,Amp5,5.62
X-4244,DPY19L2P4,442523.0,Amp5,5.62
X-4244,DSEL,92126.0,Del0.8,0.75
X-4244,DTNA,1837.0,Del0.8,0.77
X-4244,DYM,54808.0,Del0.8,0.77
X-4244,DYNC1I1,1780.0,Amp5,6.15
X-4244,EIF1AY,9086.0,Del0.8,0.36
X-4244,EIF4H,7458.0,Amp5,7.11
X-4244,ELAC1,55520.0,Del0.8,0.77
X-4244,ELAC2,60528.0,MutNovel,"V337M,0.482"
X-4244,ELP2,55250.0,Del0.8,0.77
X-4244,ENGASE,64772.0,MutNovel,"S64I,0.303"
X-4244,EPB41L5,57669.0,MutNovel,"S612Y,0.800"
X-4244,EPG5,57724.0,Del0.8,0.77
X-4244,EPHB4,2050.0,Amp8,19.43
X-4244,EPO,2056.0,Amp8,19.43
X-4244,EPS8L1,54869.0,MutNovel,"A366T,0.268"
X-4244,ERCC2,2068.0,MutNovel,"T709P,0.478"
X-4244,ESD,2098.0,MutNovel,"L160S,0.486"
X-4244,F5,2153.0,MutNovel,"E1152D,0.560"
X-4244,FADS3,3995.0,MutNovel,"T422A,0.661"
X-4244,FAM115A,9747.0,MutNovel,"E656A,0.929"
X-4244,FAM133B,257415.0,Amp8,11.31
X-4244,FAM135A,57579.0,MutNovel,"E591K,0.333"
X-4244,FAM197Y2P,252946.0,Del0.8,0.37
X-4244,FAM200A,221786.0,Amp8,19.43
X-4244,FAM41AY1,340618.0,Del0.8,0.22
X-4244,FAM41AY1,340618.0,Del0.8,0.22
X-4244,FBXO24,26261.0,Amp8,19.43
X-4244,FDX1L,112812.0,MutNovel,"R20T,0.800"
X-4244,FECH,2235.0,Del0.8,0.77
X-4244,FHOD3,80206.0,Del0.8,0.77
X-4244,FLJ42280,401388.0,Amp5,6.15
X-4244,FZD1,8321.0,Amp5,5.62
X-4244,G2E3,55632.0,MutNovel,"N367S,0.345"
X-4244,GAL3ST4,79690.0,Amp8,19.43
X-4244,GALNT1,2589.0,Del0.8,0.77
X-4244,GATA6,2627.0,MutNovel,"A255P,0.978"
X-4244,GATA6,2627.0,Amp8,59.3
X-4244,GATAD1,57798.0,Amp8,11.31
X-4244,GATS,352954.0,Amp8,19.43
X-4244,GBF1,8729.0,MutNovel,"P273S,0.365"
X-4244,GIGYF1,64599.0,Amp8,19.43
X-4244,GIGYF2,26058.0,MutNovel,"PQ1231P,0.429"
X-4244,GJA9,81025.0,Amp5,6.06
X-4244,GJA9-MYCBP,100527950.0,Amp5,6.06
X-4244,GJC3,349149.0,Amp8,19.43
X-4244,GLT25D1,79709.0,MutNovel,"L250P,0.467"
X-4244,GNAI1,2770.0,Amp5,6.02
X-4244,GNB2,2783.0,Amp8,19.43
X-4244,GNG11,2791.0,Amp5,6.15
X-4244,GNGT1,2792.0,Amp5,6.15
X-4244,GOLGA2P2Y,84559.0,Del0.8,0.23
X-4244,GOLGA2P2Y,84559.0,Del0.8,0.23
X-4244,GPC2,221914.0,Amp8,19.43
X-4244,GPR85,54329.0,Amp8,11.47
X-4244,GPRIN2,9721.0,MutNovel,"-238MRE,0.615"
X-4244,GRP,2922.0,Del0.8,0.77
X-4244,GTF2B,2959.0,MutNovel,"G30S,0.454"
X-4244,GTF2F1,2962.0,MutNovel,"S415R,0.462"
X-4244,GTPBP10,85865.0,Amp5,5.62
X-4244,GYG2P1,352887.0,Del0.8,0.37
X-4244,HAUS1,115106.0,Del0.8,0.77
X-4244,HDHD2,84064.0,Del0.8,0.77
X-4244,HEYL,26508.0,Amp5,6.06
X-4244,HIST1H2BF,8343.0,MutNovel,"V119G,1.000"
X-4244,HIVEP1,3096.0,MutNovel,"S2661L,0.371"
X-4244,HLA-DPB1,3115.0,MutNovel,"F74Y,0.375"
X-4244,HLA-DPB1,3115.0,MutNovel,"T78R,0.375"
X-4244,HMSD,284293.0,Del0.8,0.73
X-4244,HPCAL4,51440.0,Amp5,6.06
X-4244,HRH4,59340.0,Del0.8,0.8
X-4244,HSFY2,159119.0,Del0.8,0.22
X-4244,HSFY2,159119.0,Del0.8,0.22
X-4244,IER3IP1,51124.0,Del0.8,0.77
X-4244,IFNA1,3439.0,Del0.8,0.74
X-4244,IFNA10,3446.0,Del0.8,0.74
X-4244,IFNA13,3447.0,Del0.8,0.74
X-4244,IFNA14,3448.0,Del0.8,0.74
X-4244,IFNA16,3449.0,Del0.8,0.74
X-4244,IFNA17,3451.0,Del0.8,0.74
X-4244,IFNA2,3440.0,Del0.8,0.74
X-4244,IFNA21,3452.0,Del0.8,0.74
X-4244,IFNA22P,3453.0,Del0.8,0.74
X-4244,IFNA4,3441.0,Del0.8,0.74
X-4244,IFNA5,3442.0,Del0.8,0.35
X-4244,IFNA6,3443.0,Del0.8,0.74
X-4244,IFNA7,3444.0,Del0.8,0.74
X-4244,IFNA8,3445.0,Del0.8,0.74
X-4244,IFNB1,3456.0,Del0.8,0.74
X-4244,IFNE,338376.0,Del0.8,0.74
X-4244,IFNW1,3467.0,Del0.8,0.74
X-4244,IFT172,26160.0,MutNovel,"D513N,0.412"
X-4244,IFT88,8100.0,MutNovel,"K332E,0.231"
X-4244,ILDR1,286676.0,MutNovel,"E134Q,0.303"
X-4244,IMPACT,55364.0,Del0.8,0.8
X-4244,INO80C,125476.0,Del0.8,0.77
X-4244,IPO4,79711.0,MutNovel,"L859M,0.337"
X-4244,IRF2BP1,26145.0,MutNovel,"N138D,0.622"
X-4244,IST1,9798.0,MutNovel,"-230MP,0.364"
X-4244,ITGA3,3675.0,MutNovel,"R1023H,0.432"
X-4244,KANSL3,55683.0,MutNovel,"M134V,0.333"
X-4244,KATNAL2,83473.0,Del0.8,0.77
X-4244,KC6,641516.0,Del0.8,0.77
X-4244,KCNQ4,9132.0,Amp5,6.06
X-4244,KCP,375616.0,MutNovel,"P1136S,1.000"
X-4244,KCTD1,284252.0,Del0.8,0.8
X-4244,KDM5D,8284.0,Del0.8,0.36
X-4244,KDSR,2531.0,Del0.8,0.73
X-4244,KIAA0754,643314.0,Amp5,6.06
X-4244,KIAA1328,57536.0,Del0.8,0.77
X-4244,KIAA1468,57614.0,Del0.8,0.77
X-4244,KIF18B,146909.0,MutNovel,"L814R,0.527"
X-4244,KIF18B,146909.0,MutNovel,"P803R,0.560"
X-4244,KLF16,83855.0,MutNovel,"A38T,0.409"
X-4244,KLHL9,55958.0,Del0.8,0.74
X-4244,KPNA7,402569.0,Amp8,19.43
X-4244,KRAS,3845.0,MutKnownFunctional,"G12D,1.000"
X-4244,KRIT1,889.0,Amp8,11.31
X-4244,KRT75,9119.0,MutNovel,"K245Q,1.000"
X-4244,LAMA3,3909.0,Del0.8,0.8
X-4244,LAMC1,3915.0,MutNovel,"D532E,0.469"
X-4244,LAS1L,81887.0,MutNovel,"DDEE599E,1.000"
X-4244,LAT2,7462.0,Amp5,7.11
X-4244,LBX2,85474.0,MutNovel,"Q64R,0.450"
X-4244,LHFPL3,375612.0,Amp8,11.39
X-4244,LINC00221,338005.0,Del0.8,0.7
X-4244,LINC00305,221241.0,Del0.8,0.73
X-4244,LIPG,9388.0,Del0.8,0.77
X-4244,LMAN1,3998.0,Del0.8,0.77
X-4244,LMTK2,22853.0,Amp5,6.15
X-4244,LOC100130557,100130557.0,Amp5,6.06
X-4244,LOC100287225,100287225.0,Del0.8,0.77
X-4244,LOC100289187,100289187.0,Amp8,19.43
X-4244,LOC100505474,100505474.0,Del0.8,0.77
X-4244,LOC100505549,100505549.0,Del0.8,0.77
X-4244,LOC100506136,100506136.0,Amp5,6.15
X-4244,LOC100506888,100506888.0,Del0.8,0.77
X-4244,LOC284260,284260.0,Del0.8,0.77
X-4244,LOC284294,284294.0,Del0.8,0.73
X-4244,LOC390858,390858.0,Del0.8,0.77
X-4244,LOC400654,400654.0,Del0.8,0.73
X-4244,LOC401397,401397.0,Amp8,11.47
X-4244,LOC643542,643542.0,Del0.8,0.75
X-4244,LOC643699,,MutNovel,"N317H,0.667"
X-4244,LOC647946,647946.0,Del0.8,0.77
X-4244,LOC728606,728606.0,Del0.8,0.8
X-4244,LOC729950,729950.0,Del0.8,0.8
X-4244,LOXHD1,125336.0,Del0.8,0.77
X-4244,LRCH4,4034.0,Amp8,19.43
X-4244,LRRD1,401387.0,Amp8,11.31
X-4244,LSR,51599.0,MutNovel,"G518GR,0.594"
X-4244,LSS,4047.0,MutNovel,"A55S,0.379"
X-4244,LY6G5B,58496.0,MutNovel,"Q97P,0.250"
X-4244,MACF1,23499.0,Amp5,6.06
X-4244,MALT1,10892.0,Del0.8,0.77
X-4244,MAMLD1,10046.0,MutNovel,"A829V,1.000"
X-4244,MAP3K4,4216.0,MutNovel,"PA1189P,1.000"
X-4244,MAPK4,5596.0,Del0.8,0.77
X-4244,MAPRE2,10982.0,Del0.8,0.77
X-4244,MBD1,4152.0,Del0.8,0.77
X-4244,MBD2,8932.0,Del0.8,0.77
X-4244,MBLAC1,255374.0,Amp8,19.43
X-4244,MC4R,4160.0,Del0.8,0.77
X-4244,MCM7,4176.0,Amp8,19.43
X-4244,ME2,4200.0,MutNovel,"Y175C,1.000"
X-4244,ME2,4200.0,Del0.8,0.77
X-4244,MED15,51586.0,MutNovel,"-251QQQ,1.000"
X-4244,MEPCE,56257.0,Amp8,19.43
X-4244,MEX3C,51320.0,Del0.8,0.77
X-4244,MFAP1,4236.0,MutNovel,"E214Q,1.000"
X-4244,MFSD2A,84879.0,Amp5,6.06
X-4244,MGC16142,84849.0,Amp8,11.31
X-4244,MGC72080,389538.0,Amp5,6.15
X-4244,MIB1,57534.0,Amp8,12.73
X-4244,MIR106B,406900.0,Amp8,19.43
X-4244,MIR122,406906.0,Del0.8,0.77
X-4244,MIR1539,100302257.0,Del0.8,0.77
X-4244,MIR187,406963.0,Del0.8,0.77
X-4244,MIR25,407014.0,Amp8,19.43
X-4244,MIR302F,100302131.0,Del0.8,0.77
X-4244,MIR30C1,407031.0,Amp5,6.06
X-4244,MIR30E,407034.0,Amp5,6.06
X-4244,MIR31,407035.0,Del0.8,0.74
X-4244,MIR31HG,554202.0,Del0.8,0.74
X-4244,MIR320C2,100302195.0,Del0.8,0.8
X-4244,MIR3591,100616357.0,Del0.8,0.77
X-4244,MIR3609,100500819.0,Amp5,6.15
X-4244,MIR3975,100616257.0,Del0.8,0.77
X-4244,MIR4318,100422857.0,Del0.8,0.77
X-4244,MIR4319,100422829.0,Del0.8,0.77
X-4244,MIR4320,100422865.0,Del0.8,0.77
X-4244,MIR4529,100616290.0,Del0.8,0.77
X-4244,MIR4652,100616206.0,Amp5,6.15
X-4244,MIR4658,100616439.0,Amp8,19.43
X-4244,MIR4743,100616366.0,Del0.8,0.77
X-4244,MIR4744,100616420.0,Del0.8,0.77
X-4244,MIR590,693175.0,Amp5,7.11
X-4244,MIR591,693176.0,Amp5,6.15
X-4244,MIR93,407050.0,Amp8,19.43
X-4244,MOCOS,55034.0,Del0.8,0.77
X-4244,MOK,5891.0,MutKnownFunctional,"-315?,0.853"
X-4244,MOSPD3,64598.0,Amp8,19.43
X-4244,MRO,83876.0,Del0.8,0.77
X-4244,MRPL37,51253.0,MutNovel,"D84N,0.220"
X-4244,MSH2,4436.0,MutLikelyFunctional,"G322D,0.593"
X-4244,MST1,4485.0,MutNovel,"P416L,0.364"
X-4244,MTAP,4507.0,Del0.8,0.74
X-4244,MTERF,7978.0,Amp5,5.62
X-4244,MTX1,4580.0,MutNovel,"F351L,0.449"
X-4244,MUC12,10071.0,MutNovel,"H3228R,1.000"
X-4244,MUC12,10071.0,MutNovel,"L4568F,1.000"
X-4244,MUC12,10071.0,Amp8,19.43
X-4244,MUC17,140453.0,MutNovel,"S515G,0.273"
X-4244,MUC17,140453.0,MutNovel,"N834K,0.222"
X-4244,MUC17,140453.0,MutNovel,"S861T,0.500"
X-4244,MUC17,140453.0,MutNovel,"R903Q,0.207"
X-4244,MUC17,140453.0,MutNovel,"E940G,0.312"
X-4244,MUC17,140453.0,MutNovel,"E1412G,0.243"
X-4244,MUC17,140453.0,MutNovel,"I1519M,0.300"
X-4244,MUC17,140453.0,MutNovel,"V1540D,0.466"
X-4244,MUC17,140453.0,MutNovel,"Q1564P,0.211"
X-4244,MUC17,140453.0,MutNovel,"Q1564P,0.211"
X-4244,MUC17,140453.0,MutNovel,"T1686A,0.793"
X-4244,MUC17,140453.0,MutNovel,"T2786A,0.226"
X-4244,MUC17,140453.0,Amp8,19.43
X-4244,MUC4,4585.0,MutNovel,"A2393V,0.500"
X-4244,MUC5AC,,MutNovel,"A1442K,0.435"
X-4244,MXRA7,439921.0,MutNovel,"E36G,0.308"
X-4244,MYCBP,26292.0,Amp5,6.06
X-4244,MYCL1,4610.0,Amp5,6.06
X-4244,MYH16,84176.0,Amp8,19.43
X-4244,MYO5B,4645.0,Del0.8,0.77
X-4244,NAA60,79903.0,MutNovel,"M66I,0.434"
X-4244,NARS,4677.0,Del0.8,0.77
X-4244,NCOA2,10499.0,MutNovel,"P734L,1.000"
X-4244,NCOA3,8202.0,MutNovel,"Q1255-,0.562"
X-4244,NCOA6,23054.0,MutNovel,"N460D,0.418"
X-4244,NCOR1,9611.0,MutNovel,"S1599N,1.000"
X-4244,NCOR2,9612.0,MutNovel,"G1839GAAA,0.931"
X-4244,NCOR2,9612.0,MutNovel,"-511S,0.885"
X-4244,NCRNA00185,55410.0,Del0.8,0.36
X-4244,NDUFS5,4725.0,Amp5,6.06
X-4244,NEDD4L,23327.0,Del0.8,0.77
X-4244,NFYC,4802.0,Amp5,6.06
X-4244,NLGN4Y,22829.0,Del0.8,0.37
X-4244,NOMO1,23420.0,MutNovel,"V445M,0.507"
X-4244,NPNT,255743.0,MutNovel,"N338K,0.561"
X-4244,NPTX2,4885.0,Amp5,6.15
X-4244,NR1H2,7376.0,MutNovel,"-173Q,1.000"
X-4244,NR1H3,10062.0,MutNovel,"H452P,0.268"
X-4244,NT5C1A,84618.0,Amp5,6.06
X-4244,NUP188,23511.0,MutNovel,"Q1131H,0.459"
X-4244,NYAP1,222950.0,Amp8,19.43
X-4244,OCM2,4951.0,Amp5,6.15
X-4244,ONECUT2,9480.0,Del0.8,0.77
X-4244,OR2AE1,81392.0,Amp8,19.43
X-4244,OR2T10,127069.0,Amp5,5.06
X-4244,OR2T11,127077.0,Amp5,5.06
X-4244,OR2T34,127068.0,Amp5,5.06
X-4244,OR2T35,403244.0,Amp5,5.06
X-4244,ORAI1,84876.0,MutNovel,"PP43-,1.000"
X-4244,ORC5,5001.0,Amp8,11.39
X-4244,OSBPL1A,114876.0,Del0.8,0.8
X-4244,OSBPL2,9885.0,MutNovel,"A96T,0.398"
X-4244,OXCT2,64064.0,Amp5,6.06
X-4244,PABPC4,8761.0,Amp5,6.06
X-4244,PAK6,56924.0,MutNovel,"E162K,1.000"
X-4244,PALM3,342979.0,MutNovel,"D604N,0.488"
X-4244,PCDH11Y,83259.0,Del0.8,0.47
X-4244,PCNXL2,80003.0,MutNovel,"R292Q,0.381"
X-4244,PCOLCE,5118.0,Amp8,19.43
X-4244,PDAP1,11333.0,Amp8,19.43
X-4244,PDCD7,10081.0,MutNovel,"R222W,1.000"
X-4244,PDCL3,79031.0,MutNovel,"P156S,0.237"
X-4244,PDK4,5166.0,Amp5,6.15
X-4244,PDPR,55066.0,Amp5,6.02
X-4244,PEG10,23089.0,Amp5,6.15
X-4244,PEX1,5189.0,Amp8,11.31
X-4244,PHC3,80012.0,MutNovel,"C758Y,0.464"
X-4244,PHLDA1,22822.0,MutNovel,"QQ194Q,1.000"
X-4244,PHLPP1,23239.0,Del0.8,0.77
X-4244,PIAS2,9063.0,Del0.8,0.77
X-4244,PIGN,23556.0,Del0.8,0.77
X-4244,PIK3C3,5289.0,Del0.8,0.77
X-4244,PILRA,29992.0,Amp8,19.43
X-4244,PILRB,29990.0,Amp8,19.43
X-4244,PKD2,5311.0,MutNovel,"L729Q,0.535"
X-4244,PKN1,5585.0,MutNovel,"P929S,0.284"
X-4244,PLEKHG3,26030.0,MutNovel,"R81W,0.386"
X-4244,PMAIP1,5366.0,Del0.8,0.77
X-4244,PMS2P1,5379.0,Amp8,19.43
X-4244,POLE,5426.0,MutNovel,"E2103Q,1.000"
X-4244,POLE2,5427.0,MutNovel,"R103K,0.263"
X-4244,POLI,11201.0,Del0.8,0.77
X-4244,PON1,5444.0,Amp5,6.15
X-4244,PON2,5445.0,Amp5,6.15
X-4244,PON3,5446.0,Amp5,6.15
X-4244,POP7,10248.0,Amp8,19.43
X-4244,PPIE,10450.0,Amp5,6.06
X-4244,PPIEL,728448.0,Amp5,6.06
X-4244,PPP1R35,221908.0,Amp8,19.43
X-4244,PPP1R3A,5506.0,Amp8,23.1
X-4244,PPP1R9A,55607.0,Amp5,6.15
X-4244,PPP2R3B,28227.0,MutKnownFunctional,"E667*,0.800"
X-4244,PPT1,5538.0,Amp5,6.06
X-4244,PRKY,5616.0,Del0.8,0.41
X-4244,PRR24,255783.0,MutNovel,"R116C,0.638"
X-4244,PRY,9081.0,Del0.8,0.36
X-4244,PRY,9081.0,Del0.8,0.23
X-4244,PRY2,442862.0,Del0.8,0.36
X-4244,PRY2,442862.0,Del0.8,0.23
X-4244,PSMA8,143471.0,Del0.8,0.8
X-4244,PSTPIP2,9050.0,Del0.8,0.77
X-4244,PTCD1,26024.0,Amp8,19.43
X-4244,PTPLAD2,401494.0,Del0.8,0.74
X-4244,PTPN3,5774.0,MutNovel,"P837T,0.530"
X-4244,PVRIG,79037.0,Amp8,19.43
X-4244,RAB27B,5874.0,Del0.8,0.77
X-4244,RALGAPA2,57186.0,MutNovel,"Y264H,0.286"
X-4244,RAPGEF5,9771.0,MutNovel,"V187L,0.385"
X-4244,RAX,30062.0,Del0.8,0.77
X-4244,RBCK1,10616.0,MutNovel,"D269E,0.348"
X-4244,RBM48,84060.0,Amp8,11.31
X-4244,RBMY1A3P,286557.0,Del0.8,0.37
X-4244,RBMY1B,378948.0,Del0.8,0.36
X-4244,RBMY1B,378948.0,Del0.8,0.36
X-4244,RBMY1E,378950.0,Del0.8,0.36
X-4244,RBMY1E,378950.0,Del0.8,0.36
X-4244,RBMY1F,159163.0,Del0.8,0.29
X-4244,RBMY1F,159163.0,Del0.8,0.36
X-4244,RBMY1J,378951.0,Del0.8,0.23
X-4244,RBMY1J,378951.0,Del0.8,0.36
X-4244,RBMY2EP,159125.0,Del0.8,0.36
X-4244,RBMY2FP,159162.0,Del0.8,0.36
X-4244,RBMY3AP,64593.0,Del0.8,0.37
X-4244,REC8,9985.0,MutNovel,"D151H,0.625"
X-4244,RELN,5649.0,Amp8,11.39
X-4244,RFC2,5982.0,Amp5,7.11
X-4244,RHBDL2,54933.0,Amp5,6.06
X-4244,RIMS3,9783.0,Amp5,6.06
X-4244,RIN3,79890.0,MutNovel,"G967-,1.000"
X-4244,RIT2,6014.0,Del0.8,0.77
X-4244,RLF,6018.0,Amp5,6.06
X-4244,RNF152,220441.0,Del0.8,0.77
X-4244,RNF165,494470.0,Del0.8,0.77
X-4244,RNF207,388591.0,MutNovel,"M488I,0.818"
X-4244,RNF213,57674.0,MutNovel,"G1016E,0.529"
X-4244,RNF213,57674.0,MutNovel,"L1317M,0.609"
X-4244,RNF213,57674.0,MutNovel,"R4731W,0.374"
X-4244,RPL17,6139.0,Del0.8,0.77
X-4244,RPL17-C18ORF32,100526842.0,Del0.8,0.77
X-4244,RPRD1A,55197.0,Del0.8,0.77
X-4244,RPS24,6229.0,MutNovel,"M131N,1.000"
X-4244,RPS4Y1,6192.0,Del0.8,0.47
X-4244,RPS4Y2,140032.0,Del0.8,0.36
X-4244,RRAGC,64121.0,Amp5,6.06
X-4244,RUNDC3B,154661.0,Amp5,5.62
X-4244,S100A7A,338324.0,MutNovel,"G25D,0.450"
X-4244,S100A7A,338324.0,MutNovel,"E28D,0.450"
X-4244,SAE1,10055.0,MutNovel,"A128G,0.448"
X-4244,SAMD9,54809.0,Amp8,11.31
X-4244,SAP25,100316904.0,Amp8,19.43
X-4244,SCAPER,49855.0,Del0.8,0.71
X-4244,SCARNA17,677769.0,Del0.8,0.77
X-4244,SCMH1,22955.0,Amp5,6.06
X-4244,SEC11C,90701.0,Del0.8,0.77
X-4244,SEC24B,10427.0,MutNovel,"A852I,0.512"
X-4244,SERBP1,26135.0,MutNovel,"I296V,0.526"
X-4244,SERHL2,253190.0,MutNovel,"H168Q,1.000"
X-4244,SERINC2,347735.0,MutNovel,"-373Q,1.000"
X-4244,SERPINB10,5273.0,Del0.8,0.73
X-4244,SERPINB11,89778.0,Del0.8,0.73
X-4244,SERPINB12,89777.0,Del0.8,0.73
X-4244,SERPINB13,5275.0,Del0.8,0.73
X-4244,SERPINB2,5055.0,Del0.8,0.73
X-4244,SERPINB3,6317.0,Del0.8,0.73
X-4244,SERPINB4,6318.0,Del0.8,0.73
X-4244,SERPINB5,5268.0,Del0.8,0.73
X-4244,SERPINB7,8710.0,Del0.8,0.73
X-4244,SERPINB8,5271.0,Del0.8,0.73
X-4244,SETBP1,26040.0,Del0.8,0.77
X-4244,SGCE,8910.0,Amp5,6.15
X-4244,SGOL2,151246.0,MutNovel,"D928N,0.350"
X-4244,SH2B2,10603.0,MutNovel,"R197W,0.900"
X-4244,SH2D3A,10045.0,MutNovel,"R38C,0.529"
X-4244,SHFM1,7979.0,Amp5,6.15
X-4244,SIGLEC15,284266.0,Del0.8,0.77
X-4244,SKA1,220134.0,Del0.8,0.77
X-4244,SLAIN1,122060.0,MutNovel,"S181L,0.375"
X-4244,SLC12A9,56996.0,Amp8,19.43
X-4244,SLC14A1,6563.0,Del0.8,0.77
X-4244,SLC14A2,8170.0,Del0.8,0.77
X-4244,SLC25A13,10165.0,Amp5,6.15
X-4244,SLC25A40,55972.0,Amp5,5.62
X-4244,SLC39A6,25800.0,Del0.8,0.77
X-4244,SLFNL1,200172.0,Amp5,6.06
X-4244,SMAD2,4087.0,Del0.8,0.77
X-4244,SMAD4,4089.0,Del0.8,0.77
X-4244,SMAD7,4092.0,Del0.8,0.77
X-4244,SMAP2,64744.0,Amp5,6.06
X-4244,SMURF1,57154.0,Amp8,19.43
X-4244,SNORA37,677819.0,Del0.8,0.77
X-4244,SNORA55,677834.0,Amp5,6.06
X-4244,SNORD58A,26791.0,Del0.8,0.77
X-4244,SNORD58B,26790.0,Del0.8,0.77
X-4244,SNORD58C,100124516.0,Del0.8,0.77
X-4244,SPDYE3,441272.0,Amp8,19.43
X-4244,SRFBP1,153443.0,MutKnownFunctional,"-234?,0.372"
X-4244,SRI,6717.0,Amp5,5.62
X-4244,SRPK2,6733.0,Amp8,11.71
X-4244,SRRT,51593.0,Amp8,19.43
X-4244,SRSF11,9295.0,MutNovel,"R270T,0.220"
X-4244,SRY,6736.0,Del0.8,0.47
X-4244,SS18,6760.0,Del0.8,0.8
X-4244,ST8SIA3,51046.0,Del0.8,0.77
X-4244,ST8SIA5,29906.0,Del0.8,0.77
X-4244,STAG3,10734.0,Amp8,19.43
X-4244,STARD6,147323.0,Del0.8,0.77
X-4244,STAU1,6780.0,MutNovel,"I471V,0.379"
X-4244,STEAP1,26872.0,Amp5,5.62
X-4244,STEAP2,261729.0,Amp5,5.62
X-4244,STEAP4,79689.0,Amp5,5.62
X-4244,SYMPK,8189.0,MutNovel,"QE21Q,0.442"
X-4244,SYT4,6860.0,Del0.8,0.77
X-4244,TAC1,6863.0,Amp5,6.15
X-4244,TAF4B,6875.0,Del0.8,0.8
X-4244,TAF6,6878.0,Amp8,19.43
X-4244,TBL1Y,90665.0,Del0.8,0.41
X-4244,TBP,6908.0,MutNovel,"-64Q,1.000"
X-4244,TCEB3B,51224.0,Del0.8,0.77
X-4244,TCEB3C,162699.0,Del0.8,0.77
X-4244,TCERG1,10915.0,MutNovel,"V329A,1.000"
X-4244,TCF4,6925.0,Del0.8,0.77
X-4244,TEAD2,8463.0,MutNovel,"R439C,0.486"
X-4244,TECPR1,25851.0,Amp5,6.15
X-4244,TEP1,7011.0,MutNovel,"A2301T,0.324"
X-4244,TFPI2,7980.0,Amp5,6.15
X-4244,TFR2,7036.0,Amp8,19.43
X-4244,TGIF2LY,90655.0,Del0.8,0.47
X-4244,TIAM2,26230.0,MutNovel,"L1158P,0.457"
X-4244,TLN1,7094.0,MutNovel,"C1486F,0.505"
X-4244,TMBIM4,51643.0,MutKnownFunctional,"-174?,0.938"
X-4244,TMCO2,127391.0,Amp5,6.06
X-4244,TMEM130,222865.0,Amp5,6.15
X-4244,TMEM184A,202915.0,MutNovel,"G392GA,1.000"
X-4244,TMEM67,91147.0,MutNovel,"K331Q,1.000"
X-4244,TMEM8A,58986.0,MutNovel,"A34D,0.502"
X-4244,TMSB4Y,9087.0,Del0.8,0.37
X-4244,TMX3,54495.0,Del0.8,0.75
X-4244,TNFAIP6,7130.0,MutKnownFunctional,"-278,0.778"
X-4244,TNFRSF11A,8792.0,Del0.8,0.77
X-4244,TOR1AIP1,26092.0,MutNovel,"H134Q,0.569"
X-4244,TP53,7157.0,MutKnownFunctional,"G245S,0.994"
X-4244,TP53TG1,11257.0,Amp5,5.62
X-4244,TPGS2,25941.0,Del0.8,0.77
X-4244,TPX2,22974.0,MutNovel,"N308S,0.373"
X-4244,TRAFD1,10906.0,MutNovel,"E58D,0.990"
X-4244,TRIM4,89122.0,Amp8,19.43
X-4244,TRIM56,81844.0,Amp8,19.43
X-4244,TRIP6,7205.0,Amp8,19.43
X-4244,TRIT1,54802.0,Amp5,6.06
X-4244,TRRAP,8295.0,Amp8,10.93
X-4244,TSC22D4,81628.0,Amp8,19.43
X-4244,TSPAN15,23555.0,MutNovel,"I34M,0.296"
X-4244,TSPY1,7258.0,Del0.8,0.37
X-4244,TSPY2,64591.0,Del0.8,0.47
X-4244,TSPY3,728137.0,Del0.8,0.37
X-4244,TSPY4,728395.0,Del0.8,0.37
X-4244,TSPY8,728403.0,Del0.8,0.37
X-4244,TSSC1,7260.0,MutNovel,"A72T,0.452"
X-4244,TTC39C,125488.0,Del0.8,0.8
X-4244,TTI1,9675.0,MutNovel,"V1053M,0.352"
X-4244,TTTY10,246119.0,Del0.8,0.36
X-4244,TTTY11,83866.0,Del0.8,0.37
X-4244,TTTY12,83867.0,Del0.8,0.37
X-4244,TTTY13,83868.0,Del0.8,0.36
X-4244,TTTY14,83869.0,Del0.8,0.36
X-4244,TTTY15,64595.0,Del0.8,0.37
X-4244,TTTY16,252948.0,Del0.8,0.37
X-4244,TTTY17A,252949.0,Del0.8,0.23
X-4244,TTTY17A,252949.0,Del0.8,0.23
X-4244,TTTY18,252950.0,Del0.8,0.37
X-4244,TTTY19,252952.0,Del0.8,0.37
X-4244,TTTY1B,100101116.0,Del0.8,0.37
X-4244,TTTY1B,100101116.0,Del0.8,0.19
X-4244,TTTY2,60439.0,Del0.8,0.37
X-4244,TTTY2,60439.0,Del0.8,0.19
X-4244,TTTY20,252951.0,Del0.8,0.37
X-4244,TTTY21,252953.0,Del0.8,0.37
X-4244,TTTY21,252953.0,Del0.8,0.41
X-4244,TTTY22,252954.0,Del0.8,0.37
X-4244,TTTY23,252955.0,Del0.8,0.47
X-4244,TTTY23,252955.0,Del0.8,0.37
X-4244,TTTY3,114760.0,Del0.8,0.23
X-4244,TTTY3,114760.0,Del0.8,0.23
X-4244,TTTY4,114761.0,Del0.8,0.23
X-4244,TTTY4,114761.0,Del0.8,0.23
X-4244,TTTY5,83863.0,Del0.8,0.36
X-4244,TTTY6,84672.0,Del0.8,0.36
X-4244,TTTY6,84672.0,Del0.8,0.23
X-4244,TTTY7,246122.0,Del0.8,0.37
X-4244,TTTY7,246122.0,Del0.8,0.41
X-4244,TTTY7B,100101120.0,Del0.8,0.37
X-4244,TTTY7B,100101120.0,Del0.8,0.41
X-4244,TTTY8,84673.0,Del0.8,0.41
X-4244,TTTY8,84673.0,Del0.8,0.37
X-4244,TTTY9A,83864.0,Del0.8,0.22
X-4244,TTTY9A,83864.0,Del0.8,0.22
X-4244,TXLNG2P,246126.0,Del0.8,0.36
X-4244,TXNL1,9352.0,Del0.8,0.77
X-4244,UBAP2L,9898.0,MutNovel,"A144P,0.204"
X-4244,UFSP1,402682.0,Amp8,19.43
X-4244,UNKL,64718.0,MutNovel,"G456S,0.667"
X-4244,USF1,7391.0,MutKnownFunctional,"R293*,0.474"
X-4244,USP34,9736.0,MutNovel,"S3088C,0.269"
X-4244,USP36,57602.0,MutNovel,"KKK958K,0.495"
X-4244,USP42,84132.0,MutNovel,"E758Q,0.655"
X-4244,USP9Y,8287.0,Del0.8,0.37
X-4244,UTY,7404.0,Del0.8,0.37
X-4244,VCY,9084.0,Del0.8,0.37
X-4244,VCY,9084.0,Del0.8,0.37
X-4244,VPS4B,9525.0,Del0.8,0.73
X-4244,WDR7,23335.0,Del0.8,0.77
X-4244,WNK1,65125.0,MutKnownFunctional,"-580?,0.360"
X-4244,XKRY2,353515.0,Del0.8,0.22
X-4244,XKRY2,353515.0,Del0.8,0.22
X-4244,XPC,7508.0,MutNovel,"R191Q,0.292"
X-4244,YIF1A,10897.0,MutNovel,"P142R,0.309"
X-4244,ZAN,7455.0,Amp8,19.43
X-4244,ZAR1L,646799.0,MutNovel,"I290V,0.400"
X-4244,ZBTB7C,201501.0,Del0.8,0.77
X-4244,ZCCHC2,54877.0,Del0.8,0.77
X-4244,ZCWPW1,55063.0,Amp8,19.43
X-4244,ZDHHC11,79844.0,MutNovel,"A303D,1.000"
X-4244,ZFY,7544.0,Del0.8,0.47
X-4244,ZKSCAN1,7586.0,Amp8,19.43
X-4244,ZKSCAN5,23660.0,Amp8,19.43
X-4244,ZMPSTE24,10269.0,Amp5,6.06
X-4244,ZNF24,7572.0,Del0.8,0.77
X-4244,ZNF266,10781.0,MutKnownFunctional,"R344*,0.564"
X-4244,ZNF271,10778.0,Del0.8,0.77
X-4244,ZNF277,11179.0,Amp8,19.7
X-4244,ZNF3,7551.0,Amp8,19.43
X-4244,ZNF384,171017.0,MutNovel,"QQ514Q,1.000"
X-4244,ZNF394,84124.0,Amp8,19.43
X-4244,ZNF396,252884.0,Del0.8,0.77
X-4244,ZNF397,84307.0,Del0.8,0.77
X-4244,ZNF498,221785.0,Amp8,19.43
X-4244,ZNF512B,57473.0,MutNovel,"K202R,0.542"
X-4244,ZNF521,25925.0,Del0.8,0.8
X-4244,ZNF532,55205.0,Del0.8,0.77
X-4244,ZNF642,339559.0,Amp5,6.06
X-4244,ZNF643,65243.0,Amp5,6.06
X-4244,ZNF655,79027.0,Amp8,19.43
X-4244,ZNF684,127396.0,Amp5,6.06
X-4244,ZNF76,7629.0,MutNovel,"V113I,0.263"
X-4244,ZNF789,285989.0,Amp8,19.43
X-4244,ZNF804B,219578.0,Amp5,5.62
X-4244,ZNF814,730051.0,MutNovel,"Y772H,0.286"
X-4244,ZSCAN21,7589.0,Amp8,19.43
X-4244,ZSCAN30,100101467.0,Del0.8,0.77
X-4316,ADAM19,8728.0,MutNovel,"T128M,0.310"
X-4316,ADCY6,112.0,MutNovel,"R770Q,0.456"
X-4316,AHNAK2,113146.0,MutNovel,"V3597I,0.519"
X-4316,ANKRD36,375248.0,MutNovel,"E593D,0.667"
X-4316,ANKRD36,375248.0,MutNovel,"T998S,0.417"
X-4316,ANKRD65,441869.0,MutNovel,"C392R,1.000"
X-4316,ANPEP,290.0,MutNovel,"R907Q,0.375"
X-4316,ARHGAP18,93663.0,MutNovel,"D333H,0.633"
X-4316,ASF1A,25842.0,MutNovel,"L170V,0.964"
X-4316,BAHD1,22893.0,MutNovel,"S353L,0.432"
X-4316,BEAN1,146227.0,MutNovel,"R76S,0.714"
X-4316,BNIP3L,665.0,MutNovel,"S63L,0.290"
X-4316,C10orf47,254427.0,MutNovel,"P323R,0.562"
X-4316,C12orf51,283450.0,MutNovel,"M3124T,0.250"
X-4316,C17orf39,79018.0,Del0.8,0.62
X-4316,C9orf53,51198.0,Del0.8,0.33
X-4316,CACNA1C,775.0,MutNovel,"G1710R,1.000"
X-4316,CADPS,8618.0,MutNovel,"V1213M,0.326"
X-4316,CCDC157,550631.0,MutNovel,"R591C,0.438"
X-4316,CCDC66,285331.0,MutKnownFunctional,"-205?,0.294"
X-4316,CCDC66,285331.0,MutNovel,"S606SP,0.536"
X-4316,CCZ1,51622.0,MutNovel,"M410L,0.222"
X-4316,CDAN1,146059.0,MutNovel,"F1199Y,0.639"
X-4316,CDC42EP1,11135.0,MutNovel,"PAPAANPS253P,0.223"
X-4316,CDKN2A,1029.0,Del0.8,0.33
X-4316,CDKN2B,1030.0,Del0.8,0.41
X-4316,CEACAM3,1084.0,MutNovel,"G48V,0.667"
X-4316,CEACAM3,1084.0,MutNovel,"I117T,0.750"
X-4316,CENPF,1063.0,MutNovel,"E2553D,0.242"
X-4316,CEP120,153241.0,MutNovel,"E640K,0.500"
X-4316,CEP250,11190.0,MutNovel,"S879N,0.486"
X-4316,CEP290,80184.0,MutKnownFunctional,"-1910,0.375"
X-4316,CFHR1,3078.0,Amp5,6.77
X-4316,CFHR3,10878.0,Amp5,6.77
X-4316,CIT,11113.0,MutNovel,"L493R,0.222"
X-4316,CLK3,1198.0,MutNovel,"R100K,0.750"
X-4316,CRIPAK,285464.0,MutNovel,"V164A,0.238"
X-4316,DMRTA1,63951.0,Del0.8,0.29
X-4316,DMXL2,23312.0,MutNovel,"A2519T,0.714"
X-4316,DNAJC12,56521.0,MutNovel,"A3K,0.500"
X-4316,EHMT1,79813.0,MutNovel,"N538K,1.000"
X-4316,ETFB,2109.0,MutKnownFunctional,"-93?,0.875"
X-4316,EXOSC6,118460.0,MutNovel,"R135P,0.306"
X-4316,FBF1,85302.0,MutNovel,"R694W,1.000"
X-4316,FBXW5,54461.0,MutKnownFunctional,"W560*,0.999"
X-4316,FGFR3,2261.0,MutNovel,"A561V,0.436"
X-4316,FLJ35282,441389.0,Del0.8,0.31
X-4316,FLNB,2317.0,MutNovel,"R566Q,0.534"
X-4316,FMNL2,114793.0,MutKnownFunctional,"-730,0.241"
X-4316,FOXD1,2297.0,MutNovel,"R325H,0.500"
X-4316,GATA6,2627.0,MutNovel,"A177G,0.493"
X-4316,GOLGA3,2802.0,MutNovel,"I971L,0.293"
X-4316,GRK6,2870.0,MutNovel,"P94L,0.544"
X-4316,GTF2IRD2,84163.0,MutNovel,"R716C,0.909"
X-4316,HAUS3,79441.0,MutNovel,"L412F,0.524"
X-4316,HLA-B,3106.0,MutNovel,"A73G,0.917"
X-4316,HOPX,84525.0,MutNovel,"E80Q,0.750"
X-4316,HRH1,3269.0,MutNovel,"T367P,0.470"
X-4316,HSPA1A,3303.0,MutNovel,"S121H,0.240"
X-4316,HSPA1A,3303.0,MutNovel,"M122K,0.400"
X-4316,ITPR3,3710.0,MutNovel,"P908T,0.495"
X-4316,KCTD15,79047.0,MutNovel,"R263Q,0.923"
X-4316,KCTD5,54442.0,MutNovel,"H5Q,0.519"
X-4316,KDELC1,79070.0,MutNovel,"D163V,0.467"
X-4316,KIF18B,146909.0,MutNovel,"E150K,0.588"
X-4316,KLF16,83855.0,MutNovel,"G69D,0.471"
X-4316,KRAS,3845.0,MutKnownFunctional,"Q61K,0.647"
X-4316,KRT3,3850.0,MutNovel,"H452R,1.000"
X-4316,LENG9,94059.0,MutKnownFunctional,"-149,0.333"
X-4316,LIPE,3991.0,MutNovel,"R611H,0.500"
X-4316,LOC100129480,100129480.0,MutNovel,"V83A,0.578"
X-4316,LOC100506562,,MutNovel,"I93V,0.600"
X-4316,LSR,51599.0,MutNovel,"G518GR,0.813"
X-4316,LTBP4,8425.0,MutNovel,"R684Q,0.537"
X-4316,LUC7L,55692.0,MutKnownFunctional,"W349*,0.439"
X-4316,MAML1,9794.0,MutNovel,"R190H,0.500"
X-4316,MAP4,4134.0,MutNovel,"K394N,0.514"
X-4316,MFI2,4241.0,MutNovel,"G568S,0.451"
X-4316,MGAT1,4245.0,MutNovel,"K184R,0.508"
X-4316,MPRIP,23164.0,MutNovel,"TS178T,0.559"
X-4316,MUC5AC,,MutNovel,"A1442K,0.539"
X-4316,NARG2,79664.0,MutNovel,"K114Q,0.316"
X-4316,NCOR2,9612.0,MutNovel,"G1839GAAA,0.236"
X-4316,NEB,4703.0,MutNovel,"R5546H,0.556"
X-4316,NFATC4,4776.0,MutNovel,"R180L,0.500"
X-4316,NLRC5,84166.0,MutNovel,"V683E,0.633"
X-4316,NR1I2,8856.0,MutNovel,"M435R,0.300"
X-4316,OR2T10,127069.0,Amp8,9.06
X-4316,OR2T34,127068.0,Amp8,9.06
X-4316,ORAI1,84876.0,MutNovel,"PP43-,0.776"
X-4316,OSBPL10,114884.0,MutNovel,"S209N,0.538"
X-4316,PABPC3,5042.0,MutNovel,"KG231-,0.500"
X-4316,PHLDA1,22822.0,MutNovel,"QQ194Q,0.536"
X-4316,PION,54103.0,MutNovel,"L226P,0.733"
X-4316,PLEKHG3,26030.0,MutNovel,"R106C,0.527"
X-4316,PLXNA1,5361.0,MutNovel,"S1597L,0.426"
X-4316,PPM1N,147699.0,MutNovel,"S357Y,0.640"
X-4316,PRB2,653247.0,MutNovel,"R109Q,1.000"
X-4316,PRKCD,5580.0,MutNovel,"F375V,0.532"
X-4316,PROSER1,80209.0,MutNovel,"A848T,0.500"
X-4316,PRSS12,8492.0,MutNovel,"A204T,0.626"
X-4316,PSORS1C1,170679.0,MutKnownFunctional,"-38?,1.000"
X-4316,RABGEF1,27342.0,MutNovel,"K102N,0.475"
X-4316,RANBP2,5903.0,MutNovel,"A2878P,0.503"
X-4316,RB1,5925.0,MutNovel,"D270Y,0.440"
X-4316,RBKS,64080.0,MutNovel,"A304G,0.300"
X-4316,RECQL4,9401.0,MutNovel,"P1188R,0.294"
X-4316,REPS1,85021.0,MutNovel,"S417N,0.505"
X-4316,RIN3,79890.0,MutNovel,"G967-,0.667"
X-4316,RNF43,54894.0,MutKnownFunctional,"R371*,1.000"
X-4316,RPUSD1,113000.0,MutNovel,"G134D,0.574"
X-4316,SERINC2,347735.0,MutNovel,"-373Q,0.441"
X-4316,SGMS1,259230.0,MutNovel,"R367K,0.550"
X-4316,SLC40A1,30061.0,MutNovel,"H125N,0.508"
X-4316,SMAD4,4089.0,MutKnownFunctional,"-50?,0.920"
X-4316,SNAPC4,6621.0,MutNovel,"S542-,0.562"
X-4316,SNX13,23161.0,MutNovel,"R601C,0.524"
X-4316,STAT2,6773.0,MutNovel,"G825C,0.726"
X-4316,SULF2,55959.0,MutNovel,"R565W,0.325"
X-4316,THOC5,8563.0,MutNovel,"K73R,0.297"
X-4316,TJP1,7082.0,MutNovel,"A7V,0.359"
X-4316,TM9SF3,56889.0,MutNovel,"P5L,1.000"
X-4316,TMCO3,55002.0,MutNovel,"E195K,0.554"
X-4316,TSPAN31,6302.0,MutNovel,"K35R,0.306"
X-4316,TSPYL1,7259.0,MutNovel,"V176VW,0.827"
X-4316,TTC40,54777.0,MutKnownFunctional,"Q7*,0.778"
X-4316,TWISTNB,221830.0,MutNovel,"S18C,0.500"
X-4316,UHRF1BP1L,23074.0,MutNovel,"Q1435R,0.450"
X-4316,USP36,57602.0,MutNovel,"KKK958K,0.778"
X-4316,UTY,7404.0,MutNovel,"T1012Q,0.273"
X-4316,UTY,7404.0,MutNovel,"P1010L,0.273"
X-4316,UTY,7404.0,MutNovel,"K1008P,0.250"
X-4316,UTY,7404.0,MutNovel,"NP1006TT,0.250"
X-4316,UTY,7404.0,MutNovel,"QF1002PI,0.412"
X-4316,UTY,7404.0,MutKnownFunctional,"S937*,0.267"
X-4316,UTY,7404.0,MutNovel,"H896L,0.263"
X-4316,UTY,7404.0,MutNovel,"H896L,0.263"
X-4316,UTY,7404.0,MutNovel,"G894L,0.211"
X-4316,UTY,7404.0,MutNovel,"HS892PF,0.211"
X-4316,UTY,7404.0,MutNovel,"H892P,0.263"
X-4316,UTY,7404.0,MutNovel,"PH891RS,0.263"
X-4316,UTY,7404.0,MutNovel,"P891S,0.211"
X-4316,UTY,7404.0,MutNovel,"NS889KD,0.263"
X-4316,UTY,7404.0,MutNovel,"V551T,0.500"
X-4316,UTY,7404.0,MutNovel,"FV550YI,0.600"
X-4316,UTY,7404.0,MutNovel,"Q542K,0.714"
X-4316,UTY,7404.0,MutNovel,"T518L,0.308"
X-4316,UTY,7404.0,MutNovel,"Q511R,0.286"
X-4316,UTY,7404.0,MutNovel,"S505Q,0.250"
X-4316,UTY,7404.0,MutNovel,"K484S,0.667"
X-4316,UTY,7404.0,MutNovel,"A482D,0.750"
X-4316,UTY,7404.0,MutNovel,"SP480RS,1.000"
X-4316,UTY,7404.0,MutNovel,"LS478PV,1.000"
X-4316,UTY,7404.0,MutNovel,"GL477AM,1.000"
X-4316,UTY,7404.0,MutNovel,"E476I,1.000"
X-4316,UTY,7404.0,MutKnownFunctional,"QV474H*,1.000"
X-4316,UTY,7404.0,MutNovel,"Q474K,1.000"
X-4316,UTY,7404.0,MutNovel,"Q440K,0.500"
X-4316,UTY,7404.0,MutNovel,"TA437NK,0.600"
X-4316,UTY,7404.0,MutNovel,"NT436LP,0.500"
X-4316,UTY,7404.0,MutNovel,"M435I,0.429"
X-4316,UTY,7404.0,MutNovel,"GA433KT,0.429"
X-4316,UTY,7404.0,MutNovel,"T429F,0.500"
X-4316,UTY,7404.0,MutNovel,"EL427DN,0.500"
X-4316,UTY,7404.0,MutNovel,"AE426MK,0.500"
X-4316,UTY,7404.0,MutNovel,"P425D,0.400"
X-4316,UTY,7404.0,MutNovel,"I424G,0.333"
X-4316,UTY,7404.0,MutNovel,"P423T,0.333"
X-4316,UTY,7404.0,MutNovel,"WS420CL,0.333"
X-4316,UTY,7404.0,MutNovel,"AW419VM,0.333"
X-4316,UTY,7404.0,MutNovel,"L344C,0.615"
X-4316,UTY,7404.0,MutNovel,"QL343HW,0.692"
X-4316,UTY,7404.0,MutNovel,"Q343E,0.692"
X-4316,UTY,7404.0,MutNovel,"IC339MS,0.538"
X-4316,UTY,7404.0,MutNovel,"S314N,0.400"
X-4316,UTY,7404.0,MutNovel,"E312I,0.400"
X-4316,UTY,7404.0,MutKnownFunctional,"K310*,0.400"
X-4316,UTY,7404.0,MutNovel,"S303Y,0.500"
X-4316,UTY,7404.0,MutNovel,"A300S,0.500"
X-4316,UTY,7404.0,MutKnownFunctional,"S292*,0.667"
X-4316,UTY,7404.0,MutNovel,"C290Y,0.667"
X-4316,UTY,7404.0,MutKnownFunctional,"G288*,0.750"
X-4316,UTY,7404.0,MutNovel,"E275P,0.400"
X-4316,UTY,7404.0,MutNovel,"E275Q,0.600"
X-4316,UTY,7404.0,MutNovel,"Q271A,0.667"
X-4316,UTY,7404.0,MutNovel,"L270V,0.750"
X-4316,UTY,7404.0,MutNovel,"K262E,0.667"
X-4316,UTY,7404.0,MutNovel,"M253I,0.500"
X-4316,UTY,7404.0,MutNovel,"AK163VL,0.500"
X-4316,UTY,7404.0,MutNovel,"A163P,0.500"
X-4316,UTY,7404.0,MutNovel,"C161S,0.500"
X-4316,UTY,7404.0,MutNovel,"Y116H,0.286"
X-4316,UTY,7404.0,MutNovel,"L102R,0.308"
X-4316,UTY,7404.0,MutNovel,"E85R,0.400"
X-4316,UTY,7404.0,MutNovel,"E78A,0.375"
X-4316,UTY,7404.0,MutKnownFunctional,"YE77*P,0.375"
X-4316,UTY,7404.0,MutNovel,"V74G,0.375"
X-4316,UTY,7404.0,MutNovel,"A73T,0.286"
X-4316,VPS37A,137492.0,MutNovel,"L61V,0.351"
X-4316,VSIG10,54621.0,MutNovel,"TQPEVII349I,0.444"
X-4316,WWC2,80014.0,MutNovel,"R261S,0.467"
X-4316,WWP1,11059.0,MutNovel,"R595H,0.355"
X-4316,XRN2,22803.0,MutNovel,"I251V,0.714"
X-4316,ZDHHC11,79844.0,MutNovel,"A303D,1.000"
X-4316,ZDHHC23,254887.0,MutNovel,"G409R,0.526"
X-4316,ZFAT,57623.0,MutNovel,"K120R,0.429"
X-4316,ZNF287,57336.0,Del0.8,0.77
X-4316,ZNF384,171017.0,MutNovel,"QQ514Q,0.463"
X-4316,ZNF430,80264.0,MutNovel,"C378R,0.524"
X-4316,ZNF623,9831.0,MutNovel,"C408W,0.649"
X-4377,61E3.4,,MutNovel,"N173S,0.500"
X-4377,ABCA10,10349.0,MutKnownFunctional,"-1505,1.000"
X-4377,ADH1B,125.0,MutKnownFunctional,"K234*,0.667"
X-4377,ADH1B,125.0,MutNovel,"V103I,0.857"
X-4377,AGAP4,119016.0,MutNovel,"S87N,1.000"
X-4377,AGAP6,414189.0,MutNovel,"P391L,0.273"
X-4377,AGAP6,414189.0,MutKnownFunctional,"E621*,0.591"
X-4377,AGRN,375790.0,MutNovel,"A563V,0.473"
X-4377,AGRN,375790.0,MutNovel,"T727I,0.484"
X-4377,AHNAK2,113146.0,MutNovel,"E1856V,0.818"
X-4377,AHNAK2,113146.0,MutNovel,"E1843A,0.263"
X-4377,AHNAK2,113146.0,MutNovel,"M1825I,0.231"
X-4377,AKR1B15,441282.0,MutNovel,"N191S,1.000"
X-4377,ALG13,79868.0,MutNovel,"Q1135H,1.000"
X-4377,AMELY,266.0,Del0.8,0.38
X-4377,ANAPC1,64682.0,MutNovel,"R1110C,0.353"
X-4377,ANKRD36C,,MutNovel,"K1115Q,0.538"
X-4377,ARHGEF5,7984.0,Del0.8,0.71
X-4377,ATAD3B,83858.0,MutNovel,"S633C,0.224"
X-4377,ATG16L2,89849.0,MutNovel,"V37M,0.500"
X-4377,ATP11C,286410.0,MutNovel,"K947N,1.000"
X-4377,BCORP1,286554.0,Del0.8,0.33
X-4377,BPY2B,442867.0,Del0.8,0.11
X-4377,BPY2B,442867.0,Del0.8,0.19
X-4377,BTBD9,114781.0,MutNovel,"G27V,0.500"
X-4377,C16orf93,90835.0,MutNovel,"A28T,0.333"
X-4377,C19orf68,,MutNovel,"R568M,0.541"
X-4377,C1orf35,79169.0,MutNovel,"P61L,0.301"
X-4377,C6orf132,647024.0,MutNovel,"A414V,0.571"
X-4377,CCDC66,285331.0,MutNovel,"S606SP,1.000"
X-4377,CCDC85B,11007.0,MutNovel,"P154A,0.544"
X-4377,CDC42BPA,8476.0,MutNovel,"I744L,0.654"
X-4377,CDC42EP1,11135.0,MutNovel,"D201Y,0.554"
X-4377,CDHR5,53841.0,MutKnownFunctional,"-579,0.450"
X-4377,CDKL1,8814.0,MutNovel,"P43S,0.471"
X-4377,CDKN1A,1026.0,MutNovel,"A36V,0.514"
X-4377,CDT1,81620.0,MutNovel,"T44P,0.909"
X-4377,CDY1B,253175.0,Del0.8,0.2
X-4377,CDY1B,253175.0,Del0.8,0.33
X-4377,CDY2A,9426.0,Del0.8,0.33
X-4377,CDY2A,9426.0,Del0.8,0.33
X-4377,CDY2B,203611.0,Del0.8,0.33
X-4377,CDY2B,203611.0,Del0.8,0.33
X-4377,CEP192,55125.0,MutNovel,"EQ980E,0.600"
X-4377,CEP192,55125.0,MutNovel,"Q981R,0.600"
X-4377,CFHR1,3078.0,Amp5,5.66
X-4377,CFHR3,10878.0,Amp5,5.66
X-4377,CHD1,1105.0,MutNovel,"A1152G,0.548"
X-4377,COL15A1,1306.0,Del0.8,0.56
X-4377,CPEB2,132864.0,MutNovel,"P221Q,0.600"
X-4377,CSPG4P1Y,114758.0,Del0.8,0.41
X-4377,CSPG4P1Y,114758.0,Del0.8,0.33
X-4377,CTAGE4,100128553.0,Del0.8,0.47
X-4377,CTSA,5476.0,MutNovel,"L29-,1.000"
X-4377,CXorf40B,541578.0,MutNovel,"C53W,0.974"
X-4377,CYP27A1,1593.0,MutNovel,"E180K,0.700"
X-4377,CYP3A5,1577.0,MutKnownFunctional,"-345?,1.000"
X-4377,CYP4F8,11283.0,MutNovel,"S7P,1.000"
X-4377,DAZ1,1617.0,Del0.8,0.33
X-4377,DAZ2,57055.0,Del0.8,0.22
X-4377,DAZ3,57054.0,Del0.8,0.19
X-4377,DAZ3,57054.0,Del0.8,0.11
X-4377,DAZ4,57135.0,Del0.8,0.16
X-4377,DAZ4,57135.0,Del0.8,0.23
X-4377,DDX3Y,8653.0,Del0.8,0.33
X-4377,DMBT1,1755.0,MutNovel,"S1095P,0.214"
X-4377,DMBT1,1755.0,MutNovel,"S1224P,1.000"
X-4377,DMBT1,1755.0,MutNovel,"Q1227R,1.000"
X-4377,DMBT1,1755.0,MutNovel,"S1231T,1.000"
X-4377,DMBT1,1755.0,MutNovel,"R1305W,0.667"
X-4377,DOT1L,84444.0,MutNovel,"R413H,0.571"
X-4377,DVL1,1855.0,MutNovel,"R559Q,0.460"
X-4377,ECE1,1889.0,MutNovel,"R409C,1.000"
X-4377,EFCAB7,84455.0,MutNovel,"R97S,0.368"
X-4377,EIF1AY,9086.0,Del0.8,0.33
X-4377,EIF3F,8665.0,MutNovel,"A81G,0.448"
X-4377,ETS2,2114.0,MutNovel,"R140A,0.206"
X-4377,EVI5,7813.0,MutNovel,"-120R,0.421"
X-4377,EXD2,55218.0,MutNovel,"A18V,0.625"
X-4377,FAM108A1,81926.0,MutNovel,"S60L,0.552"
X-4377,FAM153A,285596.0,MutNovel,"V186G,1.000"
X-4377,FAM173A,65990.0,MutNovel,"P50M,0.519"
X-4377,FAM197Y2P,252946.0,Del0.8,0.38
X-4377,FAM21A,387680.0,MutNovel,"G444D,1.000"
X-4377,FAM21B,55747.0,MutNovel,"S481L,1.000"
X-4377,FAM22A,728118.0,MutNovel,"L563Q,1.000"
X-4377,FAM35A,54537.0,MutNovel,"F343L,0.846"
X-4377,FAM41AY1,340618.0,Del0.8,0.33
X-4377,FAM41AY1,340618.0,Del0.8,0.33
X-4377,FBXL17,64839.0,MutNovel,"A278V,0.400"
X-4377,FBXO9,26268.0,MutNovel,"S79L,0.547"
X-4377,FLJ22184,80164.0,MutNovel,"R338L,1.000"
X-4377,FSIP2,401024.0,MutNovel,"T3778A,0.562"
X-4377,FUT5,2527.0,MutNovel,"E261K,0.417"
X-4377,FUT5,2527.0,MutNovel,"D175N,1.000"
X-4377,GCAT,23464.0,MutKnownFunctional,"-425?,0.556"
X-4377,GCC2,9648.0,MutNovel,"Q1060R,0.476"
X-4377,GIGYF2,26058.0,MutNovel,"PQ1231P,0.444"
X-4377,GIPR,2696.0,MutNovel,"M1MTTL,0.500"
X-4377,GLG1,2734.0,MutNovel,"I211V,0.317"
X-4377,GLTPD1,80772.0,MutNovel,"V13I,0.533"
X-4377,GOLGA2,2801.0,MutNovel,"EEA714A,1.000"
X-4377,GOLGA2P2Y,84559.0,Del0.8,0.33
X-4377,GOLGA2P2Y,84559.0,Del0.8,0.41
X-4377,GPRIN2,9721.0,MutNovel,"-238MRE,0.875"
X-4377,GSTO2,119391.0,MutNovel,"R39L,0.634"
X-4377,GYG2P1,352887.0,Del0.8,0.33
X-4377,HEATR3,55027.0,MutNovel,"TS679T,0.545"
X-4377,HECTD1,25831.0,MutNovel,"T1829P,0.519"
X-4377,HERC2,8924.0,MutNovel,"A2439D,0.750"
X-4377,HERC2,8924.0,MutKnownFunctional,"R1376*,0.333"
X-4377,HIVEP3,59269.0,MutNovel,"P2134L,0.700"
X-4377,HMHA1,23526.0,MutNovel,"E1100EDG,0.508"
X-4377,HOOK1,51361.0,MutNovel,"N581Y,0.413"
X-4377,HSD11B2,3291.0,MutNovel,"V191L,0.371"
X-4377,HSFY2,159119.0,Del0.8,0.33
X-4377,HSFY2,159119.0,Del0.8,0.33
X-4377,HTRA1,5654.0,MutNovel,"A113S,0.500"
X-4377,ICMT,23463.0,MutNovel,"A5G,0.296"
X-4377,IGFN1,91156.0,MutNovel,"E2006K,0.500"
X-4377,IGFN1,91156.0,MutNovel,"I2008M,0.500"
X-4377,IL31RA,133396.0,MutNovel,"I681M,0.714"
X-4377,INF2,64423.0,MutNovel,"TPPPPPP420T,0.767"
X-4377,IRS1,3667.0,MutNovel,"T311-,0.536"
X-4377,KCTD14,65987.0,MutNovel,"W2R,0.364"
X-4377,KDM5D,8284.0,Del0.8,0.33
X-4377,KIAA0182,23199.0,MutNovel,"R598Q,0.667"
X-4377,KIAA0430,9665.0,MutNovel,"T126N,0.214"
X-4377,KIAA1211,57482.0,MutNovel,"A303AERR,0.700"
X-4377,KLK7,5650.0,MutNovel,"P21H,0.241"
X-4377,KRAS,3845.0,MutKnownFunctional,"G12R,1.000"
X-4377,KRT14,3861.0,MutNovel,"T308S,0.500"
X-4377,KRT14,3861.0,MutNovel,"E304D,0.500"
X-4377,KRT6C,286887.0,MutNovel,"K189N,1.000"
X-4377,KRT75,9119.0,MutNovel,"K245N,1.000"
X-4377,KRT78,196374.0,MutNovel,"C422S,0.333"
X-4377,KRTAP5-4,387267.0,MutNovel,"Y81C,1.000"
X-4377,KRTAP5-4,387267.0,MutNovel,"S69T,1.000"
X-4377,LAD1,3898.0,MutNovel,"V162G,0.931"
X-4377,LAD1,3898.0,MutNovel,"L161F,1.000"
X-4377,LAMA5,3911.0,MutNovel,"PARG69P,0.556"
X-4377,LGALS9B,284194.0,MutNovel,"T152A,1.000"
X-4377,LOC100506504,,MutNovel,"P93L,0.800"
X-4377,LOC100507607,,MutNovel,"V199D,1.000"
X-4377,LOC644070,,MutNovel,"L216V,1.000"
X-4377,LOC728377,728377.0,Del0.8,0.47
X-4377,MAP6D1,79929.0,MutNovel,"A102T,1.000"
X-4377,2014-03-09 00:00:00,92979.0,MutNovel,"T107I,1.000"
X-4377,MARS,4141.0,MutNovel,"Q253R,0.996"
X-4377,MED6,10001.0,MutNovel,"I80M,0.410"
X-4377,METTL2B,55798.0,MutNovel,"P155L,0.845"
X-4377,MFNG,4242.0,MutNovel,"R246C,0.385"
X-4377,MICAL1,64780.0,MutNovel,"P188S,1.000"
X-4377,MLLT6,4302.0,MutNovel,"N897S,0.923"
X-4377,MND1,84057.0,MutNovel,"S106N,0.596"
X-4377,MPRIP,23164.0,MutNovel,"TS178T,1.000"
X-4377,MPZ,4359.0,MutNovel,"T94A,0.800"
X-4377,MT1B,4490.0,MutNovel,"V49I,0.500"
X-4377,MTERFD2,130916.0,MutNovel,"DE366E,0.489"
X-4377,MTERFD2,130916.0,MutNovel,"N356-,0.498"
X-4377,MTERFD2,130916.0,MutNovel,"EDD343D,0.497"
X-4377,MUC1,4582.0,MutNovel,"S149L,0.675"
X-4377,MUC17,140453.0,MutNovel,"S861T,0.388"
X-4377,MUC17,140453.0,MutNovel,"E940G,0.240"
X-4377,MUC17,140453.0,MutNovel,"V1403D,0.215"
X-4377,MUC17,140453.0,MutNovel,"G1427V,0.211"
X-4377,MUC17,140453.0,MutNovel,"V1540D,0.345"
X-4377,MUC17,140453.0,MutNovel,"Q1564P,0.250"
X-4377,MUC17,140453.0,MutNovel,"Q1564P,0.250"
X-4377,MUC17,140453.0,MutNovel,"E1676D,0.204"
X-4377,MUC17,140453.0,MutNovel,"T1686A,0.617"
X-4377,MUC17,140453.0,MutNovel,"G1688E,0.289"
X-4377,MUC17,140453.0,MutNovel,"T2190K,0.240"
X-4377,MUC5B,727897.0,MutNovel,"L3419P,0.714"
X-4377,MUC6,4588.0,MutNovel,"F1978I,0.692"
X-4377,MUC6,4588.0,MutNovel,"S1958T,0.749"
X-4377,MUC6,4588.0,MutNovel,"R1737Q,0.277"
X-4377,MUTED,63915.0,MutNovel,"P92S,0.481"
X-4377,MYH7B,57644.0,MutNovel,"L647V,0.600"
X-4377,MYO5C,55930.0,MutNovel,"M288K,0.615"
X-4377,MYOF,26509.0,MutNovel,"N1845S,0.480"
X-4377,NBPF12,,MutNovel,"C207Y,0.455"
X-4377,NBPF12,,MutNovel,"H486Q,0.412"
X-4377,NBPF12,,MutNovel,"E622K,0.821"
X-4377,NBPF12,,MutNovel,"P896S,1.000"
X-4377,NBPF12,,MutNovel,"W1990C,0.286"
X-4377,NBPF12,,MutNovel,"P2003S,0.714"
X-4377,NBPF12,,MutNovel,"G2931E,0.238"
X-4377,NBPF12,,MutNovel,"MEV2951M,1.000"
X-4377,NCOA3,8202.0,MutNovel,"Q1264-,0.750"
X-4377,NCOR2,9612.0,MutNovel,"G1839GAAA,1.000"
X-4377,NCRNA00185,55410.0,Del0.8,0.33
X-4377,NFE2L3,9603.0,MutNovel,"-34L,1.000"
X-4377,NIT1,4817.0,MutNovel,"G279E,0.667"
X-4377,NLGN4Y,22829.0,Del0.8,0.33
X-4377,NLN,57486.0,MutNovel,"I57V,0.391"
X-4377,NPIPL3,23117.0,MutNovel,"P787S,0.818"
X-4377,NPR1,4881.0,MutNovel,"R383Q,0.600"
X-4377,NR1H2,7376.0,MutNovel,"-173Q,1.000"
X-4377,NR2C1,7181.0,MutNovel,"K68E,1.000"
X-4377,NUBP2,10101.0,MutNovel,"P7L,0.477"
X-4377,NUDT7,283927.0,MutNovel,"A144G,0.500"
X-4377,OR2A42,402317.0,Del0.8,0.47
X-4377,OR2A42,402317.0,Del0.8,0.47
X-4377,OR2A7,401427.0,Del0.8,0.47
X-4377,OR2A9P,441295.0,Del0.8,0.47
X-4377,OR2A9P,441295.0,Del0.8,0.47
X-4377,OR2T8,343172.0,MutNovel,"V69M,1.000"
X-4377,OR2W3,343171.0,MutNovel,"C169S,1.000"
X-4377,ORAI1,84876.0,MutNovel,"PP43-,1.000"
X-4377,OTC,5009.0,MutNovel,"F316L,1.000"
X-4377,PCDH11Y,83259.0,Del0.8,0.38
X-4377,PCYOX1,51449.0,MutNovel,"E461V,0.513"
X-4377,PDE4DIP,9659.0,MutNovel,"P2341L,0.318"
X-4377,PHLDA1,22822.0,MutNovel,"QQ194Q,1.000"
X-4377,PIEZO1,9780.0,MutNovel,"R2279H,0.645"
X-4377,PIEZO1,9780.0,MutNovel,"ED756D,0.250"
X-4377,PLCG1,5335.0,MutNovel,"D447N,0.800"
X-4377,PODXL2,50512.0,MutNovel,"EE165-,0.250"
X-4377,POLRMT,5442.0,MutNovel,"-747TC,0.512"
X-4377,PPFIBP2,8495.0,MutNovel,"A17V,0.268"
X-4377,PPP2R3B,28227.0,MutNovel,"R572H,1.000"
X-4377,PRIC285,85441.0,MutNovel,"G2025R,0.346"
X-4377,PRKY,5616.0,Del0.8,0.38
X-4377,PRR24,255783.0,MutNovel,"G138E,0.586"
X-4377,PRSS3,5646.0,MutNovel,"E88D,0.833"
X-4377,PRY,9081.0,Del0.8,0.33
X-4377,PRY,9081.0,Del0.8,0.33
X-4377,PRY2,442862.0,Del0.8,0.33
X-4377,PRY2,442862.0,Del0.8,0.33
X-4377,RABGGTA,5875.0,MutNovel,"L537V,0.500"
X-4377,RBM10,8241.0,MutNovel,"S6P,1.000"
X-4377,RBMY1A3P,286557.0,Del0.8,0.38
X-4377,RBMY1B,378948.0,Del0.8,0.33
X-4377,RBMY1B,378948.0,Del0.8,0.33
X-4377,RBMY1E,378950.0,Del0.8,0.33
X-4377,RBMY1E,378950.0,Del0.8,0.33
X-4377,RBMY1F,159163.0,Del0.8,0.33
X-4377,RBMY1F,159163.0,Del0.8,0.33
X-4377,RBMY1J,378951.0,Del0.8,0.33
X-4377,RBMY1J,378951.0,Del0.8,0.33
X-4377,RBMY2EP,159125.0,Del0.8,0.33
X-4377,RBMY2FP,159162.0,Del0.8,0.33
X-4377,RBMY3AP,64593.0,Del0.8,0.33
X-4377,REST,5978.0,MutNovel,"I747M,0.259"
X-4377,RFWD2,64326.0,MutNovel,"P64S,0.643"
X-4377,RIF1,55183.0,MutNovel,"S2178C,0.558"
X-4377,RIN2,54453.0,MutKnownFunctional,"R63*,0.366"
X-4377,RIN3,79890.0,MutNovel,"G967-,1.000"
X-4377,RPAP2,79871.0,MutNovel,"K187R,0.560"
X-4377,RPP30,10556.0,MutNovel,"H316D,0.566"
X-4377,RPS4Y1,6192.0,Del0.8,0.38
X-4377,RPS4Y2,140032.0,Del0.8,0.33
X-4377,RRAGC,64121.0,MutNovel,"A18D,0.800"
X-4377,RSPH1,89765.0,MutKnownFunctional,"-244?,0.571"
X-4377,SAMD12,401474.0,MutNovel,"T78S,0.621"
X-4377,SCAF4,57466.0,MutNovel,"QQPQP949P,0.500"
X-4377,SCP2,6342.0,MutNovel,"S292C,0.465"
X-4377,SDHA,6389.0,MutNovel,"Y55H,0.541"
X-4377,SEH1L,81929.0,MutNovel,"V387L,0.208"
X-4377,SERINC2,347735.0,MutNovel,"-373Q,1.000"
X-4377,SHISA8,440829.0,MutNovel,"A320V,1.000"
X-4377,SIM2,6493.0,MutNovel,"A565S,0.625"
X-4377,SLC38A6,145389.0,MutNovel,"D472H,0.640"
X-4377,SLC38A6,145389.0,MutNovel,"T503N,0.471"
X-4377,SLFN13,146857.0,MutNovel,"D20N,0.857"
X-4377,SMG7,9887.0,MutNovel,"Y356YN,0.610"
X-4377,SNRNP200,23020.0,MutNovel,"I263V,0.446"
X-4377,SNX8,29886.0,MutNovel,"P8R,1.000"
X-4377,SPPL2B,56928.0,MutKnownFunctional,"-275?,0.517"
X-4377,SRFBP1,153443.0,MutNovel,"A131D,0.438"
X-4377,SRY,6736.0,Del0.8,0.38
X-4377,STAG3,10734.0,MutNovel,"V104A,0.471"
X-4377,STAG3,10734.0,MutNovel,"R717C,1.000"
X-4377,STIL,6491.0,MutNovel,"M1269V,0.521"
X-4377,STK35,140901.0,MutNovel,"A105T,0.348"
X-4377,STRBP,55342.0,MutNovel,"H312R,1.000"
X-4377,SYNE2,23224.0,MutNovel,"E901K,0.444"
X-4377,SYNGR2,9144.0,MutNovel,"A28S,1.000"
X-4377,T,6862.0,Del0.8,0.67
X-4377,TBC1D25,4943.0,MutNovel,"G370S,1.000"
X-4377,TBL1Y,90665.0,Del0.8,0.38
X-4377,TEAD1,7003.0,MutNovel,"S197L,0.455"
X-4377,TECPR2,9895.0,MutNovel,"Q252K,0.385"
X-4377,TGFBR1,7046.0,Del0.8,0.73
X-4377,TGIF2LY,90655.0,Del0.8,0.38
X-4377,THAP11,57215.0,MutNovel,"-121QQ,0.571"
X-4377,TMBIM4,51643.0,MutKnownFunctional,"-174?,0.933"
X-4377,TMPRSS13,84000.0,MutNovel,"Q58G,1.000"
X-4377,TMSB4Y,9087.0,Del0.8,0.33
X-4377,TNRC6A,27327.0,MutNovel,"Q100P,0.750"
X-4377,TNRC6B,23112.0,MutNovel,"A1239S,0.406"
X-4377,TP53,7157.0,MutKnownFunctional,"-89?,1.000"
X-4377,TPI1,7167.0,MutNovel,"I17R,1.000"
X-4377,TRADD,8717.0,MutNovel,"Q109H,0.306"
X-4377,TSPY1,7258.0,Del0.8,0.38
X-4377,TSPY2,64591.0,Del0.8,0.38
X-4377,TSPY3,728137.0,Del0.8,0.38
X-4377,TSPY4,728395.0,Del0.8,0.38
X-4377,TSPY8,728403.0,Del0.8,0.38
X-4377,TSPYL1,7259.0,MutNovel,"V176VW,1.000"
X-4377,TTTY10,246119.0,Del0.8,0.33
X-4377,TTTY11,83866.0,Del0.8,0.38
X-4377,TTTY12,83867.0,Del0.8,0.38
X-4377,TTTY13,83868.0,Del0.8,0.33
X-4377,TTTY14,83869.0,Del0.8,0.33
X-4377,TTTY15,64595.0,Del0.8,0.33
X-4377,TTTY16,252948.0,Del0.8,0.38
X-4377,TTTY17A,252949.0,Del0.8,0.41
X-4377,TTTY17A,252949.0,Del0.8,0.33
X-4377,TTTY18,252950.0,Del0.8,0.38
X-4377,TTTY19,252952.0,Del0.8,0.38
X-4377,TTTY1B,100101116.0,Del0.8,0.38
X-4377,TTTY1B,100101116.0,Del0.8,0.33
X-4377,TTTY2,60439.0,Del0.8,0.38
X-4377,TTTY2,60439.0,Del0.8,0.33
X-4377,TTTY20,252951.0,Del0.8,0.38
X-4377,TTTY21,252953.0,Del0.8,0.33
X-4377,TTTY21,252953.0,Del0.8,0.38
X-4377,TTTY22,252954.0,Del0.8,0.33
X-4377,TTTY23,252955.0,Del0.8,0.38
X-4377,TTTY23,252955.0,Del0.8,0.33
X-4377,TTTY3,114760.0,Del0.8,0.33
X-4377,TTTY3,114760.0,Del0.8,0.2
X-4377,TTTY4,114761.0,Del0.8,0.19
X-4377,TTTY4,114761.0,Del0.8,0.11
X-4377,TTTY5,83863.0,Del0.8,0.33
X-4377,TTTY6,84672.0,Del0.8,0.33
X-4377,TTTY6,84672.0,Del0.8,0.33
X-4377,TTTY7,246122.0,Del0.8,0.38
X-4377,TTTY7,246122.0,Del0.8,0.33
X-4377,TTTY7B,100101120.0,Del0.8,0.33
X-4377,TTTY7B,100101120.0,Del0.8,0.38
X-4377,TTTY8,84673.0,Del0.8,0.38
X-4377,TTTY8,84673.0,Del0.8,0.33
X-4377,TTTY9A,83864.0,Del0.8,0.33
X-4377,TTTY9A,83864.0,Del0.8,0.33
X-4377,TUBB8,347688.0,MutNovel,"A185V,1.000"
X-4377,TULP3,7289.0,MutKnownFunctional,"G471*,1.000"
X-4377,TXLNG2P,246126.0,Del0.8,0.33
X-4377,USP34,9736.0,MutNovel,"T1290-,0.500"
X-4377,USP9Y,8287.0,Del0.8,0.33
X-4377,UTY,7404.0,Del0.8,0.33
X-4377,VCY,9084.0,Del0.8,0.33
X-4377,VCY,9084.0,Del0.8,0.33
X-4377,VWA1,64856.0,MutNovel,"A326P,0.397"
X-4377,WDR75,84128.0,MutNovel,"G62R,0.678"
X-4377,WDR81,124997.0,MutNovel,"G1014C,1.000"
X-4377,WDR90,197335.0,MutNovel,"VE1670V,0.306"
X-4377,XKRY2,353515.0,Del0.8,0.33
X-4377,XKRY2,353515.0,Del0.8,0.33
X-4377,ZFY,7544.0,Del0.8,0.38
X-4377,ZNF213,7760.0,MutNovel,"R236Q,0.333"
X-4377,ZNF219,51222.0,MutNovel,"QPP233P,1.000"
X-4377,ZNF384,171017.0,MutNovel,"QQ514Q,1.000"
X-4377,ZNF444,55311.0,MutNovel,"H229HPGS,0.414"
X-4377,ZNF703,80139.0,MutNovel,"SAAA505S,0.745"
X-4377,ZNF837,116412.0,MutNovel,"G359V,0.429"
X-4378,61E3.4,,MutNovel,"N173S,0.714"
X-4378,ABHD3,171586.0,Amp8,9.51
X-4378,AGRN,375790.0,MutNovel,"A563V,0.489"
X-4378,AGRN,375790.0,MutNovel,"T727I,0.467"
X-4378,ALG13,79868.0,MutNovel,"Q1135H,1.000"
X-4378,AMELY,266.0,Del0.8,0.29
X-4378,ANKRD29,147463.0,Amp5,7.78
X-4378,ATG16L2,89849.0,MutNovel,"V37M,0.556"
X-4378,ATP11C,286410.0,MutNovel,"K947N,1.000"
X-4378,BCOR,54880.0,MutKnownFunctional,"-1465,0.889"
X-4378,BCORP1,286554.0,Del0.8,0.29
X-4378,BPY2B,442867.0,Del0.8,0.18
X-4378,BPY2B,442867.0,Del0.8,0.18
X-4378,C18orf8,29919.0,Amp5,7.78
X-4378,C19orf68,,MutNovel,"R568M,0.231"
X-4378,C1orf35,79169.0,MutNovel,"P61L,0.802"
X-4378,C6orf132,647024.0,MutNovel,"A414V,0.583"
X-4378,CA11,770.0,MutNovel,"A3S,1.000"
X-4378,CABLES1,91768.0,Amp5,7.78
X-4378,CABYR,26256.0,Amp5,7.78
X-4378,CCDC85B,11007.0,MutNovel,"P154A,0.602"
X-4378,CDC123,8872.0,Del0.8,0.64
X-4378,CDC42BPA,8476.0,MutNovel,"I744L,0.389"
X-4378,CDC42EP1,11135.0,MutNovel,"D201Y,0.996"
X-4378,CDHR5,53841.0,MutKnownFunctional,"-579,1.000"
X-4378,CDKN1A,1026.0,MutNovel,"A36V,0.557"
X-4378,CDT1,81620.0,MutNovel,"T44P,1.000"
X-4378,CDY1B,253175.0,Del0.8,0.18
X-4378,CDY1B,253175.0,Del0.8,0.18
X-4378,CDY2A,9426.0,Del0.8,0.29
X-4378,CDY2A,9426.0,Del0.8,0.29
X-4378,CDY2B,203611.0,Del0.8,0.29
X-4378,CDY2B,203611.0,Del0.8,0.29
X-4378,CEACAM1,634.0,MutNovel,"T113I,0.250"
X-4378,CFHR1,3078.0,Amp5,6.45
X-4378,CFHR3,10878.0,Amp5,6.45
X-4378,CHD1,1105.0,MutNovel,"A1152G,0.737"
X-4378,CNTNAP3B,728577.0,MutNovel,"R1214P,1.000"
X-4378,CSPG4P1Y,114758.0,Del0.8,0.18
X-4378,CSPG4P1Y,114758.0,Del0.8,0.18
X-4378,CTAGE1,64693.0,Amp8,9.51
X-4378,CTSA,5476.0,MutNovel,"L29-,1.000"
X-4378,CYP27A1,1593.0,MutNovel,"E180K,0.308"
X-4378,CYP3A5,1577.0,MutNovel,"P345L,0.867"
X-4378,DAZ1,1617.0,Del0.8,0.18
X-4378,DAZ2,57055.0,Del0.8,0.18
X-4378,DAZ3,57054.0,Del0.8,0.18
X-4378,DAZ3,57054.0,Del0.8,0.18
X-4378,DAZ4,57135.0,Del0.8,0.18
X-4378,DAZ4,57135.0,Del0.8,0.18
X-4378,DDX3Y,8653.0,Del0.8,0.29
X-4378,DMBT1,1755.0,MutNovel,"S1095P,1.000"
X-4378,DMBT1,1755.0,MutNovel,"S1224P,1.000"
X-4378,DMBT1,1755.0,MutNovel,"Q1227R,0.857"
X-4378,DMBT1,1755.0,MutNovel,"S1231T,1.000"
X-4378,DMBT1,1755.0,MutNovel,"R1305W,1.000"
X-4378,DMBT1,1755.0,Del0.8,0.68
X-4378,DOT1L,84444.0,MutNovel,"G210E,0.750"
X-4378,DSC1,1823.0,Amp8,8.22
X-4378,DSC2,1824.0,Amp8,8.22
X-4378,DSC3,1825.0,Amp8,8.22
X-4378,DSG1,1828.0,Amp8,8.22
X-4378,DSG4,147409.0,Amp8,8.22
X-4378,DVL1,1855.0,MutNovel,"R559Q,0.409"
X-4378,EFCAB7,84455.0,MutNovel,"R97S,0.727"
X-4378,EIF1AY,9086.0,Del0.8,0.29
X-4378,EIF3F,8665.0,MutNovel,"A81G,1.000"
X-4378,ESCO1,114799.0,Amp8,9.51
X-4378,ETS2,2114.0,MutNovel,"R140A,0.209"
X-4378,EVI5,7813.0,MutNovel,"-120R,0.833"
X-4378,EYA3,2140.0,MutNovel,"P158S,1.000"
X-4378,FAM108A1,81926.0,MutNovel,"S60L,0.511"
X-4378,FAM173A,65990.0,MutNovel,"P50M,0.448"
X-4378,FAM197Y2P,252946.0,Del0.8,0.29
X-4378,FAM41AY1,340618.0,Del0.8,0.29
X-4378,FAM41AY1,340618.0,Del0.8,0.29
X-4378,FBXO9,26268.0,MutNovel,"S79L,0.517"
X-4378,FKBP15,23307.0,MutNovel,"A106I,0.571"
X-4378,FUT5,2527.0,MutNovel,"D175N,1.000"
X-4378,GATA6,2627.0,Amp8,9.51
X-4378,GCAT,23464.0,MutKnownFunctional,"-425?,0.889"
X-4378,GCC2,9648.0,MutNovel,"Q1060R,0.457"
X-4378,GLTPD1,80772.0,MutNovel,"V13I,0.463"
X-4378,GOLGA2P2Y,84559.0,Del0.8,0.18
X-4378,GOLGA2P2Y,84559.0,Del0.8,0.18
X-4378,GREB1L,80000.0,Amp8,9.51
X-4378,GYG2P1,352887.0,Del0.8,0.29
X-4378,HEATR3,55027.0,MutNovel,"TS679T,0.483"
X-4378,HMHA1,23526.0,MutNovel,"E1100EDG,0.489"
X-4378,HOXB7,3217.0,MutNovel,"A90E,0.762"
X-4378,HRH4,59340.0,Amp5,7.78
X-4378,HSD11B2,3291.0,MutNovel,"V191L,0.379"
X-4378,HSFY2,159119.0,Del0.8,0.29
X-4378,HSFY2,159119.0,Del0.8,0.29
X-4378,HSPG2,3339.0,MutNovel,"R751P,0.364"
X-4378,ICMT,23463.0,MutNovel,"A5G,0.545"
X-4378,IMPACT,55364.0,Amp5,7.78
X-4378,IPO8,10526.0,MutNovel,"F80S,0.800"
X-4378,KCP,375616.0,MutNovel,"R1164C,0.476"
X-4378,KCTD1,284252.0,Amp5,6.73
X-4378,KCTD14,65987.0,MutNovel,"W2R,0.500"
X-4378,KDM5D,8284.0,Del0.8,0.29
X-4378,KDM6A,7403.0,MutNovel,"A389G,0.364"
X-4378,KIAA0182,23199.0,MutNovel,"R598Q,1.000"
X-4378,KIAA1244,57221.0,Del0.8,0.77
X-4378,KLF11,8462.0,MutNovel,"T73M,1.000"
X-4378,KLK7,5650.0,MutNovel,"P21H,0.297"
X-4378,KRAS,3845.0,MutKnownFunctional,"G12R,0.500"
X-4378,KRT2,3849.0,MutNovel,"L459Q,1.000"
X-4378,KRT2,3849.0,MutNovel,"L456M,1.000"
X-4378,KRT2,3849.0,MutNovel,"E454Q,1.000"
X-4378,LAD1,3898.0,MutNovel,"L161F,1.000"
X-4378,LAMA3,3909.0,Amp5,7.78
X-4378,LOC391322,391322.0,Del0.8,0.65
X-4378,LOC728606,728606.0,Amp5,6.73
X-4378,LOC729950,729950.0,Amp5,7.78
X-4378,MAP6D1,79929.0,MutNovel,"A102T,1.000"
X-4378,2014-03-09 00:00:00,92979.0,MutNovel,"T107I,0.400"
X-4378,MARS,4141.0,MutNovel,"Q253R,0.443"
X-4378,MED6,10001.0,MutNovel,"I80M,0.488"
X-4378,METTL2B,55798.0,MutNovel,"P155L,0.696"
X-4378,MIB1,57534.0,Amp8,9.51
X-4378,MICAL1,64780.0,MutNovel,"P188S,1.000"
X-4378,MIR1-2,406905.0,Amp8,9.51
X-4378,MIR133A1,406922.0,Amp8,9.51
X-4378,MIR320C1,100302135.0,Amp8,9.51
X-4378,MIR320C2,100302195.0,Amp5,7.78
X-4378,MIR4741,100616139.0,Amp8,9.51
X-4378,MND1,84057.0,MutNovel,"S106N,0.462"
X-4378,MPRIP,23164.0,MutNovel,"TS178T,1.000"
X-4378,MTERFD2,130916.0,MutNovel,"DE366E,0.581"
X-4378,MTERFD2,130916.0,MutNovel,"N356-,0.463"
X-4378,MTERFD2,130916.0,MutNovel,"EDD343D,0.500"
X-4378,MTMR11,10903.0,MutNovel,"F233V,0.514"
X-4378,MUC1,4582.0,MutNovel,"S149L,0.259"
X-4378,MUC3A,,MutNovel,"E601Q,0.400"
X-4378,MUC3A,,MutNovel,"I736T,0.320"
X-4378,MUC6,4588.0,MutNovel,"F1978I,1.000"
X-4378,MUC6,4588.0,MutNovel,"S1958T,1.000"
X-4378,MUC6,4588.0,MutNovel,"R1737Q,0.365"
X-4378,MUTED,63915.0,MutNovel,"P92S,0.500"
X-4378,MYL5,4636.0,MutKnownFunctional,"-115,0.263"
X-4378,MYO5C,55930.0,MutNovel,"M288K,0.667"
X-4378,NBN,4683.0,MutNovel,"E81K,0.286"
X-4378,NBPF1,55672.0,MutNovel,"R892S,0.375"
X-4378,NBPF12,,MutNovel,"E622K,0.714"
X-4378,NBPF12,,MutNovel,"P2003S,1.000"
X-4378,NCOR2,9612.0,MutNovel,"G1839GAAA,0.929"
X-4378,NCRNA00185,55410.0,Del0.8,0.29
X-4378,NFE2L3,9603.0,MutNovel,"-34L,0.909"
X-4378,NIT1,4817.0,MutNovel,"G279E,0.282"
X-4378,NLGN4Y,22829.0,Del0.8,0.29
X-4378,NLN,57486.0,MutNovel,"I57V,0.500"
X-4378,NPC1,4864.0,Amp5,7.78
X-4378,NPIPL3,23117.0,MutNovel,"P787S,0.800"
X-4378,NUDCD3,23386.0,MutNovel,"E123I,0.667"
X-4378,OR2T8,343172.0,MutNovel,"V69M,1.000"
X-4378,OR2W3,343171.0,MutNovel,"C169S,1.000"
X-4378,OR5P2,120065.0,Del0.8,0.8
X-4378,ORAI1,84876.0,MutNovel,"PP43-,1.000"
X-4378,OSBPL1A,114876.0,Amp5,7.78
X-4378,OTC,5009.0,MutNovel,"F316L,1.000"
X-4378,PCDH11Y,83259.0,Del0.8,0.29
X-4378,PCSK9,255738.0,MutNovel,"-15L,0.500"
X-4378,PCYOX1,51449.0,MutNovel,"E461V,0.375"
X-4378,PHLDA1,22822.0,MutNovel,"QQ194Q,1.000"
X-4378,PIEZO1,9780.0,MutNovel,"R2279H,1.000"
X-4378,PPIE,10450.0,MutKnownFunctional,"-305?,0.471"
X-4378,PPP1R3G,648791.0,MutNovel,"G41R,0.400"
X-4378,PRIC285,85441.0,MutNovel,"G2025R,0.708"
X-4378,PRKY,5616.0,Del0.8,0.29
X-4378,PRR24,255783.0,MutNovel,"G138E,0.431"
X-4378,PRSS1,5644.0,MutNovel,"L14V,0.333"
X-4378,PRY,9081.0,Del0.8,0.18
X-4378,PRY,9081.0,Del0.8,0.29
X-4378,PRY2,442862.0,Del0.8,0.29
X-4378,PRY2,442862.0,Del0.8,0.18
X-4378,PSMA8,143471.0,Amp5,6.73
X-4378,RABGGTA,5875.0,MutNovel,"L537V,0.456"
X-4378,RBBP8,5932.0,Amp8,9.51
X-4378,RBM10,8241.0,MutNovel,"S6P,1.000"
X-4378,RBMY1A3P,286557.0,Del0.8,0.29
X-4378,RBMY1B,378948.0,Del0.8,0.29
X-4378,RBMY1B,378948.0,Del0.8,0.29
X-4378,RBMY1E,378950.0,Del0.8,0.29
X-4378,RBMY1E,378950.0,Del0.8,0.29
X-4378,RBMY1F,159163.0,Del0.8,0.29
X-4378,RBMY1F,159163.0,Del0.8,0.23
X-4378,RBMY1J,378951.0,Del0.8,0.29
X-4378,RBMY1J,378951.0,Del0.8,0.18
X-4378,RBMY2EP,159125.0,Del0.8,0.29
X-4378,RBMY2FP,159162.0,Del0.8,0.29
X-4378,RBMY3AP,64593.0,Del0.8,0.29
X-4378,RFWD2,64326.0,MutNovel,"P64S,0.667"
X-4378,RIF1,55183.0,MutNovel,"S2178C,0.600"
X-4378,RIN2,54453.0,MutKnownFunctional,"R63*,0.667"
X-4378,RIN3,79890.0,MutNovel,"G967-,1.000"
X-4378,RIOK3,8780.0,Amp5,7.78
X-4378,ROCK1,6093.0,Amp5,7.52
X-4378,RPAP2,79871.0,MutNovel,"K187R,0.875"
X-4378,RPP30,10556.0,MutNovel,"H316D,0.909"
X-4378,RPS4Y1,6192.0,Del0.8,0.29
X-4378,RPS4Y2,140032.0,Del0.8,0.29
X-4378,RRAGC,64121.0,MutNovel,"A18D,1.000"
X-4378,SAMD12,401474.0,MutNovel,"T78S,0.571"
X-4378,SCP2,6342.0,MutNovel,"S292C,0.536"
X-4378,SDHA,6389.0,MutNovel,"Y55H,0.507"
X-4378,SEC31A,22872.0,MutNovel,"L977P,0.231"
X-4378,SEH1L,81929.0,MutNovel,"Y375C,0.731"
X-4378,SEH1L,81929.0,MutNovel,"P384A,0.819"
X-4378,SEH1L,81929.0,MutNovel,"V387L,0.830"
X-4378,SEH1L,81929.0,MutNovel,"R406A,0.571"
X-4378,SERINC2,347735.0,MutNovel,"-373Q,1.000"
X-4378,SHC2,25759.0,MutNovel,"-124PP,0.455"
X-4378,SIM2,6493.0,MutNovel,"A565S,1.000"
X-4378,SLC38A6,145389.0,MutNovel,"D472H,0.529"
X-4378,SLC38A6,145389.0,MutNovel,"T503N,0.357"
X-4378,SLFN13,146857.0,MutNovel,"D20N,1.000"
X-4378,SMG7,9887.0,MutNovel,"Y356YN,0.526"
X-4378,SNRNP200,23020.0,MutNovel,"I263V,0.364"
X-4378,SNRPD1,6632.0,Amp8,9.51
X-4378,SRY,6736.0,Del0.8,0.29
X-4378,SS18,6760.0,Amp5,5.98
X-4378,STIL,6491.0,MutNovel,"M1269V,0.357"
X-4378,STRBP,55342.0,MutNovel,"H312R,0.500"
X-4378,SYNGR2,9144.0,MutNovel,"A28S,1.000"
X-4378,TAF4,6874.0,MutKnownFunctional,"Q464*,0.333"
X-4378,TAF4B,6875.0,Amp5,6.73
X-4378,TBC1D25,4943.0,MutNovel,"G370S,1.000"
X-4378,TBL1Y,90665.0,Del0.8,0.29
X-4378,TECPR2,9895.0,MutNovel,"Q252K,0.500"
X-4378,TFIP11,24144.0,MutNovel,"S473L,0.357"
X-4378,TGIF2LY,90655.0,Del0.8,0.29
X-4378,TMEM191C,645426.0,MutNovel,"T321I,0.750"
X-4378,TMEM241,85019.0,Amp5,7.78
X-4378,TMSB4Y,9087.0,Del0.8,0.29
X-4378,TPI1,7167.0,MutNovel,"I17R,1.000"
X-4378,TREH,11181.0,MutNovel,"R553W,0.600"
X-4378,TSPY1,7258.0,Del0.8,0.29
X-4378,TSPY2,64591.0,Del0.8,0.29
X-4378,TSPY3,728137.0,Del0.8,0.29
X-4378,TSPY4,728395.0,Del0.8,0.29
X-4378,TSPY8,728403.0,Del0.8,0.29
X-4378,TSPYL1,7259.0,MutNovel,"V176VW,1.000"
X-4378,TTC39C,125488.0,Amp5,7.78
X-4378,TTTY10,246119.0,Del0.8,0.29
X-4378,TTTY11,83866.0,Del0.8,0.29
X-4378,TTTY12,83867.0,Del0.8,0.29
X-4378,TTTY13,83868.0,Del0.8,0.29
X-4378,TTTY14,83869.0,Del0.8,0.29
X-4378,TTTY15,64595.0,Del0.8,0.29
X-4378,TTTY16,252948.0,Del0.8,0.29
X-4378,TTTY17A,252949.0,Del0.8,0.18
X-4378,TTTY17A,252949.0,Del0.8,0.18
X-4378,TTTY18,252950.0,Del0.8,0.29
X-4378,TTTY19,252952.0,Del0.8,0.29
X-4378,TTTY1B,100101116.0,Del0.8,0.29
X-4378,TTTY1B,100101116.0,Del0.8,0.29
X-4378,TTTY2,60439.0,Del0.8,0.29
X-4378,TTTY2,60439.0,Del0.8,0.29
X-4378,TTTY20,252951.0,Del0.8,0.29
X-4378,TTTY21,252953.0,Del0.8,0.29
X-4378,TTTY21,252953.0,Del0.8,0.29
X-4378,TTTY22,252954.0,Del0.8,0.29
X-4378,TTTY23,252955.0,Del0.8,0.29
X-4378,TTTY23,252955.0,Del0.8,0.29
X-4378,TTTY3,114760.0,Del0.8,0.18
X-4378,TTTY3,114760.0,Del0.8,0.18
X-4378,TTTY4,114761.0,Del0.8,0.18
X-4378,TTTY4,114761.0,Del0.8,0.18
X-4378,TTTY5,83863.0,Del0.8,0.29
X-4378,TTTY6,84672.0,Del0.8,0.29
X-4378,TTTY6,84672.0,Del0.8,0.18
X-4378,TTTY7,246122.0,Del0.8,0.29
X-4378,TTTY7,246122.0,Del0.8,0.29
X-4378,TTTY7B,100101120.0,Del0.8,0.29
X-4378,TTTY7B,100101120.0,Del0.8,0.29
X-4378,TTTY8,84673.0,Del0.8,0.29
X-4378,TTTY8,84673.0,Del0.8,0.29
X-4378,TTTY9A,83864.0,Del0.8,0.29
X-4378,TTTY9A,83864.0,Del0.8,0.29
X-4378,TULP3,7289.0,MutKnownFunctional,"G471*,1.000"
X-4378,TXLNG2P,246126.0,Del0.8,0.29
X-4378,USP9Y,8287.0,Del0.8,0.29
X-4378,UTY,7404.0,Del0.8,0.29
X-4378,VCY,9084.0,Del0.8,0.29
X-4378,VCY,9084.0,Del0.8,0.29
X-4378,VWA1,64856.0,MutNovel,"A326P,0.338"
X-4378,WDR75,84128.0,MutNovel,"G62R,0.406"
X-4378,WDR81,124997.0,MutNovel,"G1014C,1.000"
X-4378,XKRY2,353515.0,Del0.8,0.29
X-4378,XKRY2,353515.0,Del0.8,0.29
X-4378,YES1,7525.0,Del0.8,0.75
X-4378,ZFY,7544.0,Del0.8,0.29
X-4378,ZNF213,7760.0,MutNovel,"R236Q,0.600"
X-4378,ZNF214,7761.0,MutNovel,"R426H,1.000"
X-4378,ZNF219,51222.0,MutNovel,"QPP233P,1.000"
X-4378,ZNF384,171017.0,MutNovel,"QQ514Q,1.000"
X-4378,ZNF521,25925.0,Amp5,6.45
X-4378,ZNF703,80139.0,MutNovel,"SAAA505S,0.735"
X-4378,ZNF814,730051.0,MutNovel,"F660S,0.800"
X-4378,ZNF837,116412.0,MutNovel,"G359V,0.500"
X-4379,61E3.4,,MutNovel,"R1126W,1.000"
X-4379,ABCC6,368.0,MutNovel,"A158V,1.000"
X-4379,ACAP3,116983.0,MutNovel,"R380C,0.293"
X-4379,AKAP9,10142.0,MutNovel,"R3758H,0.687"
X-4379,ALG12,79087.0,MutNovel,"V454I,0.555"
X-4379,AMELY,266.0,Del0.8,0.52
X-4379,ATXN7L1,222255.0,MutNovel,"P37S,0.615"
X-4379,BCORP1,286554.0,Del0.8,0.51
X-4379,BPY2B,442867.0,Del0.8,0.29
X-4379,BPY2B,442867.0,Del0.8,0.29
X-4379,C1orf212,113444.0,MutNovel,"K57R,0.442"
X-4379,C7orf59,389541.0,MutNovel,"S22G,0.409"
X-4379,C9orf53,51198.0,Del0.8,0.58
X-4379,CASP8,841.0,MutNovel,"F57C,0.524"
X-4379,CBWD7,,MutNovel,"T84A,1.000"
X-4379,CDH24,64403.0,MutNovel,"P755S,0.500"
X-4379,CDKN2A,1029.0,Del0.8,0.58
X-4379,CDY1B,253175.0,Del0.8,0.29
X-4379,CDY1B,253175.0,Del0.8,0.29
X-4379,CDY2A,9426.0,Del0.8,0.29
X-4379,CDY2A,9426.0,Del0.8,0.29
X-4379,CDY2B,203611.0,Del0.8,0.29
X-4379,CDY2B,203611.0,Del0.8,0.29
X-4379,CSPG4P1Y,114758.0,Del0.8,0.29
X-4379,CSPG4P1Y,114758.0,Del0.8,0.29
X-4379,CTSA,5476.0,MutNovel,"L29-,0.350"
X-4379,CYP3A43,64816.0,MutNovel,"H403I,1.000"
X-4379,DAZ1,1617.0,Del0.8,0.29
X-4379,DAZ2,57055.0,Del0.8,0.29
X-4379,DAZ3,57054.0,Del0.8,0.29
X-4379,DAZ3,57054.0,Del0.8,0.29
X-4379,DAZ4,57135.0,Del0.8,0.29
X-4379,DAZ4,57135.0,Del0.8,0.29
X-4379,DDX3Y,8653.0,Del0.8,0.52
X-4379,DENND4B,9909.0,MutNovel,"QQQ908-,0.237"
X-4379,DHRSX,207063.0,MutNovel,"R751H,1.000"
X-4379,DOT1L,84444.0,MutNovel,"A1514V,0.846"
X-4379,DYRK1A,1859.0,MutNovel,"T581I,0.346"
X-4379,EIF1AY,9086.0,Del0.8,0.51
X-4379,ELAC1,55520.0,Del0.8,0.67
X-4379,EXOC3L4,91828.0,MutNovel,"M111V,0.471"
X-4379,FAM131C,348487.0,MutNovel,"R74C,0.727"
X-4379,FAM197Y2P,252946.0,Del0.8,0.52
X-4379,FAM214A,56204.0,MutNovel,"S269N,0.364"
X-4379,FAM41AY1,340618.0,Del0.8,0.29
X-4379,FAM41AY1,340618.0,Del0.8,0.29
X-4379,FAM86B2,653333.0,MutNovel,"R285S,1.000"
X-4379,GIGYF2,26058.0,MutNovel,"PQ1231P,0.474"
X-4379,GOLGA2P2Y,84559.0,Del0.8,0.29
X-4379,GOLGA2P2Y,84559.0,Del0.8,0.29
X-4379,GOPC,57120.0,MutNovel,"Y*462*,0.215"
X-4379,GPRIN2,9721.0,MutNovel,"-238MRE,0.636"
X-4379,GPX1,2876.0,MutNovel,"N79S,0.919"
X-4379,GTF2E2,2961.0,MutNovel,"E23G,0.486"
X-4379,GYG2P1,352887.0,Del0.8,0.52
X-4379,HERC2,8924.0,MutNovel,"M1748V,0.333"
X-4379,HSFY2,159119.0,Del0.8,0.29
X-4379,HSFY2,159119.0,Del0.8,0.29
X-4379,IRX3,79191.0,MutNovel,"AAA392A,0.387"
X-4379,ISLR,3671.0,MutNovel,"R87H,0.500"
X-4379,ITPR2,3709.0,MutNovel,"D2510V,0.571"
X-4379,KDM5D,8284.0,Del0.8,0.51
X-4379,KRAS,3845.0,MutKnownFunctional,"G12D,0.434"
X-4379,KRT6A,3853.0,MutNovel,"D248G,0.769"
X-4379,KRT75,9119.0,MutNovel,"I440V,0.750"
X-4379,LCE3C,353144.0,Del0.8,0.78
X-4379,LIPE,3991.0,MutNovel,"KR497NG,0.400"
X-4379,LOC100507607,,MutNovel,"E496D,1.000"
X-4379,LOC100996439,,MutNovel,"G170S,0.857"
X-4379,LOC100996702,,MutNovel,"F7L,0.389"
X-4379,LOC728047,,MutNovel,"M456V,0.600"
X-4379,LOC728734,,MutNovel,"E379D,1.000"
X-4379,LSR,51599.0,MutNovel,"G518GR,0.525"
X-4379,MDN1,23195.0,MutNovel,"A2938T,0.235"
X-4379,ME2,4200.0,Del0.8,0.67
X-4379,MEP1A,4224.0,MutNovel,"P23L,1.000"
X-4379,METTL14,57721.0,MutNovel,"R150T,0.765"
X-4379,MEX3C,51320.0,Del0.8,0.69
X-4379,MLLT6,4302.0,MutNovel,"A327T,0.271"
X-4379,MRO,83876.0,Del0.8,0.76
X-4379,MTAP,4507.0,Del0.8,0.71
X-4379,MUC20,200958.0,MutNovel,"A35V,0.530"
X-4379,MUC3A,,MutNovel,"L456S,0.375"
X-4379,MUC3A,,MutNovel,"E461K,0.765"
X-4379,MUC5AC,,MutNovel,"S457R,0.431"
X-4379,MUC5B,727897.0,MutNovel,"T4544M,0.750"
X-4379,NBPF14,25832.0,MutNovel,"I861V,0.667"
X-4379,NCOR2,9612.0,MutNovel,"G1839GAAA,0.350"
X-4379,NCRNA00185,55410.0,Del0.8,0.51
X-4379,NEB,4703.0,MutNovel,"L7952V,0.429"
X-4379,NFATC3,4775.0,MutNovel,"R274W,0.300"
X-4379,NLGN4Y,22829.0,Del0.8,0.52
X-4379,NPIPL3,23117.0,MutNovel,"P845L,0.417"
X-4379,NUMA1,4926.0,MutNovel,"R1015G,0.397"
X-4379,NUP160,23279.0,MutNovel,"R1339L,0.340"
X-4379,NXF2,56001.0,Del0.8,0.63
X-4379,NXF2B,728343.0,Del0.8,0.63
X-4379,OBP2A,29991.0,MutNovel,"F90Y,1.000"
X-4379,ORAI1,84876.0,MutNovel,"PP43-,0.915"
X-4379,PCDH11Y,83259.0,Del0.8,0.52
X-4379,PDE8A,5151.0,MutNovel,"R368H,0.456"
X-4379,PHLDA1,22822.0,MutNovel,"QQ194Q,0.393"
X-4379,PRKRIR,5612.0,MutKnownFunctional,"-391,0.349"
X-4379,PRKY,5616.0,Del0.8,0.52
X-4379,PRY,9081.0,Del0.8,0.51
X-4379,PRY,9081.0,Del0.8,0.29
X-4379,PRY2,442862.0,Del0.8,0.51
X-4379,PRY2,442862.0,Del0.8,0.29
X-4379,PSKH1,5681.0,MutNovel,"R407W,0.809"
X-4379,PTK7,5754.0,MutNovel,"R503H,0.667"
X-4379,RANBP2,5903.0,MutNovel,"D423N,0.455"
X-4379,RBMY1A3P,286557.0,Del0.8,0.52
X-4379,RBMY1B,378948.0,Del0.8,0.51
X-4379,RBMY1B,378948.0,Del0.8,0.51
X-4379,RBMY1E,378950.0,Del0.8,0.51
X-4379,RBMY1E,378950.0,Del0.8,0.51
X-4379,RBMY1F,159163.0,Del0.8,0.39
X-4379,RBMY1F,159163.0,Del0.8,0.51
X-4379,RBMY1J,378951.0,Del0.8,0.51
X-4379,RBMY1J,378951.0,Del0.8,0.29
X-4379,RBMY2EP,159125.0,Del0.8,0.51
X-4379,RBMY2FP,159162.0,Del0.8,0.51
X-4379,RBMY3AP,64593.0,Del0.8,0.52
X-4379,RIN3,79890.0,MutNovel,"G967-,0.472"
X-4379,RNPEP,6051.0,MutNovel,"E211A,0.575"
X-4379,RPS4Y1,6192.0,Del0.8,0.52
X-4379,RPS4Y2,140032.0,Del0.8,0.51
X-4379,RPUSD1,113000.0,MutNovel,"R199Q,0.392"
X-4379,SERINC2,347735.0,MutNovel,"-373Q,0.669"
X-4379,SETD1B,23067.0,MutNovel,"G1341R,0.650"
X-4379,SLC20A2,6575.0,MutNovel,"V421M,0.492"
X-4379,SRY,6736.0,Del0.8,0.52
X-4379,SYT17,51760.0,MutNovel,"S94L,0.453"
X-4379,TBL1Y,90665.0,Del0.8,0.52
X-4379,TGIF2LY,90655.0,Del0.8,0.52
X-4379,TLK2,11011.0,MutNovel,"R262Q,0.205"
X-4379,TMEM177,80775.0,MutNovel,"T118S,0.500"
X-4379,TMEM184A,202915.0,MutNovel,"G392GA,0.592"
X-4379,TMSB4Y,9087.0,Del0.8,0.52
X-4379,TNXB,7148.0,MutNovel,"M4002T,1.000"
X-4379,TONSL,4796.0,MutNovel,"S1280L,0.357"
X-4379,TP53,7157.0,MutKnownFunctional,"R175H,1.000"
X-4379,TPGS1,91978.0,MutNovel,"R263W,1.000"
X-4379,TRAPPC12,51112.0,MutNovel,"G172R,0.463"
X-4379,TSPY1,7258.0,Del0.8,0.52
X-4379,TSPY2,64591.0,Del0.8,0.52
X-4379,TSPY3,728137.0,Del0.8,0.52
X-4379,TSPY4,728395.0,Del0.8,0.52
X-4379,TSPY8,728403.0,Del0.8,0.52
X-4379,TSPYL1,7259.0,MutNovel,"V176VW,0.906"
X-4379,TTTY10,246119.0,Del0.8,0.51
X-4379,TTTY11,83866.0,Del0.8,0.52
X-4379,TTTY12,83867.0,Del0.8,0.52
X-4379,TTTY13,83868.0,Del0.8,0.51
X-4379,TTTY14,83869.0,Del0.8,0.51
X-4379,TTTY15,64595.0,Del0.8,0.52
X-4379,TTTY16,252948.0,Del0.8,0.52
X-4379,TTTY17A,252949.0,Del0.8,0.29
X-4379,TTTY17A,252949.0,Del0.8,0.29
X-4379,TTTY18,252950.0,Del0.8,0.52
X-4379,TTTY19,252952.0,Del0.8,0.52
X-4379,TTTY1B,100101116.0,Del0.8,0.52
X-4379,TTTY1B,100101116.0,Del0.8,0.52
X-4379,TTTY2,60439.0,Del0.8,0.52
X-4379,TTTY2,60439.0,Del0.8,0.52
X-4379,TTTY20,252951.0,Del0.8,0.52
X-4379,TTTY21,252953.0,Del0.8,0.52
X-4379,TTTY21,252953.0,Del0.8,0.52
X-4379,TTTY22,252954.0,Del0.8,0.52
X-4379,TTTY23,252955.0,Del0.8,0.52
X-4379,TTTY23,252955.0,Del0.8,0.52
X-4379,TTTY3,114760.0,Del0.8,0.29
X-4379,TTTY3,114760.0,Del0.8,0.29
X-4379,TTTY4,114761.0,Del0.8,0.29
X-4379,TTTY4,114761.0,Del0.8,0.29
X-4379,TTTY5,83863.0,Del0.8,0.51
X-4379,TTTY6,84672.0,Del0.8,0.51
X-4379,TTTY6,84672.0,Del0.8,0.29
X-4379,TTTY7,246122.0,Del0.8,0.52
X-4379,TTTY7,246122.0,Del0.8,0.52
X-4379,TTTY7B,100101120.0,Del0.8,0.52
X-4379,TTTY7B,100101120.0,Del0.8,0.52
X-4379,TTTY8,84673.0,Del0.8,0.52
X-4379,TTTY8,84673.0,Del0.8,0.52
X-4379,TTTY9A,83864.0,Del0.8,0.29
X-4379,TTTY9A,83864.0,Del0.8,0.29
X-4379,TUBB8,347688.0,MutNovel,"N52H,0.750"
X-4379,TXLNG2P,246126.0,Del0.8,0.51
X-4379,ULBP2,80328.0,MutNovel,"T38I,0.778"
X-4379,ULBP3,79465.0,MutNovel,"G138V,0.400"
X-4379,UNG,7374.0,MutNovel,"R269Q,0.227"
X-4379,USP36,57602.0,MutNovel,"KKK958K,0.600"
X-4379,USP9Y,8287.0,Del0.8,0.52
X-4379,UTY,7404.0,Del0.8,0.52
X-4379,VCY,9084.0,Del0.8,0.52
X-4379,VCY,9084.0,Del0.8,0.52
X-4379,WDR19,57728.0,MutNovel,"R696C,0.300"
X-4379,WRNIP1,56897.0,MutNovel,"K286R,0.298"
X-4379,XKRY2,353515.0,Del0.8,0.29
X-4379,XKRY2,353515.0,Del0.8,0.29
X-4379,ZFY,7544.0,Del0.8,0.52
X-4379,ZNF384,171017.0,MutNovel,"QQ514Q,0.246"
X-4379,ZNF469,84627.0,MutNovel,"G2340S,1.000"
X-4379,ZNF518B,85460.0,MutNovel,"V712M,0.300"
X-4379,ZNF799,90576.0,MutNovel,"T14I,0.400"
X-4379,ZNF808,388558.0,MutNovel,"H533Q,0.667"
X-4649,ADAM3A,1587.0,Del0.8,0.29
X-4649,ADAM5P,255926.0,Del0.8,0.77
X-4649,ADAT3,113179.0,MutNovel,"R261G,1.000"
X-4649,ADH1B,125.0,MutNovel,"C104Y,0.700"
X-4649,ADH1B,125.0,MutNovel,"V103I,1.000"
X-4649,AHI1,54806.0,MutKnownFunctional,"-1191,0.943"
X-4649,AIM1L,55057.0,MutNovel,"D539A,1.000"
X-4649,ALMS1,7840.0,MutNovel,"R2926Q,0.286"
X-4649,AMELY,266.0,Del0.8,0.34
X-4649,AMFR,267.0,MutNovel,"S569R,0.481"
X-4649,APOL6,80830.0,MutNovel,"K266E,1.000"
X-4649,ARHGAP5,394.0,MutKnownFunctional,"-190?,0.800"
X-4649,ARMC4,55130.0,MutNovel,"S403T,0.400"
X-4649,ARMC7,79637.0,MutNovel,"K4R,0.213"
X-4649,ATP8B3,148229.0,MutNovel,"I1269V,1.000"
X-4649,BCORP1,286554.0,Del0.8,0.29
X-4649,BPY2B,442867.0,Del0.8,0.08
X-4649,BPY2B,442867.0,Del0.8,0.15
X-4649,BRF1,2972.0,MutNovel,"P362R,1.000"
X-4649,C10orf47,254427.0,MutNovel,"P323R,0.408"
X-4649,C11orf30,56946.0,MutNovel,"T274A,0.636"
X-4649,C16orf93,90835.0,MutNovel,"E305K,0.556"
X-4649,C22orf42,150297.0,MutNovel,"T105I,1.000"
X-4649,C9orf53,51198.0,Del0.8,0.38
X-4649,CAMSAP1,157922.0,MutNovel,"K1000E,0.566"
X-4649,CBLB,868.0,MutNovel,"H577D,1.000"
X-4649,CCDC101,112869.0,MutNovel,"A6V,0.636"
X-4649,CCDC144B,284047.0,Del0.8,0.77
X-4649,CCDC17,149483.0,MutNovel,"D424N,0.333"
X-4649,CCDC64,92558.0,MutNovel,"E400D,0.586"
X-4649,CD59,966.0,MutNovel,"T105P,0.444"
X-4649,CDK11B,984.0,MutNovel,"E236A,1.000"
X-4649,CDKN2A,1029.0,Del0.8,0.38
X-4649,CDKN2B,1030.0,Del0.8,0.62
X-4649,CDY1B,253175.0,Del0.8,0.29
X-4649,CDY1B,253175.0,Del0.8,0.19
X-4649,CDY2A,9426.0,Del0.8,0.29
X-4649,CDY2A,9426.0,Del0.8,0.29
X-4649,CDY2B,203611.0,Del0.8,0.29
X-4649,CDY2B,203611.0,Del0.8,0.29
X-4649,CEP250,11190.0,MutNovel,"Q1291R,0.440"
X-4649,CEP57,9702.0,MutNovel,"E436Q,0.499"
X-4649,CFHR3,10878.0,MutNovel,"N108K,1.000"
X-4649,CFHR3,10878.0,MutNovel,"NS108KS,1.000"
X-4649,CNTNAP3,79937.0,MutNovel,"A660S,0.469"
X-4649,CSPG4P1Y,114758.0,Del0.8,0.19
X-4649,CSPG4P1Y,114758.0,Del0.8,0.29
X-4649,CTSA,5476.0,MutNovel,"L29-,0.396"
X-4649,CYP4F3,4051.0,MutNovel,"I106L,1.000"
X-4649,DAZ1,1617.0,Del0.8,0.29
X-4649,DAZ2,57055.0,Del0.8,0.17
X-4649,DAZ3,57054.0,Del0.8,0.08
X-4649,DAZ3,57054.0,Del0.8,0.15
X-4649,DAZ4,57135.0,Del0.8,0.12
X-4649,DAZ4,57135.0,Del0.8,0.19
X-4649,DDX3Y,8653.0,Del0.8,0.29
X-4649,DENND4B,9909.0,MutNovel,"QQQ908-,0.202"
X-4649,DMBT1,1755.0,MutNovel,"H325Y,0.750"
X-4649,DNAH7,56171.0,MutNovel,"R1225H,1.000"
X-4649,DOCK11,139818.0,MutNovel,"A1646T,1.000"
X-4649,DUOX2,50506.0,MutKnownFunctional,"-965,0.414"
X-4649,ECI1,1632.0,MutNovel,"L131P,0.533"
X-4649,EIF1AY,9086.0,Del0.8,0.29
X-4649,ERVMER34-1,100288413.0,MutNovel,"N470T,0.432"
X-4649,ESPN,83715.0,MutNovel,"R774Q,1.000"
X-4649,EXOSC6,118460.0,MutNovel,"P2L,0.526"
X-4649,EXTL2,2135.0,MutNovel,"L59S,0.543"
X-4649,FAM106A,80039.0,Del0.8,0.52
X-4649,FAM153A,285596.0,MutNovel,"G188E,1.000"
X-4649,FAM153B,202134.0,MutNovel,"L145F,0.250"
X-4649,FAM197Y2P,252946.0,Del0.8,0.29
X-4649,FAM41AY1,340618.0,Del0.8,0.29
X-4649,FAM41AY1,340618.0,Del0.8,0.29
X-4649,FAM83E,54854.0,MutNovel,"P331L,0.519"
X-4649,FOPNL,123811.0,MutNovel,"D85G,0.434"
X-4649,FRS2,10818.0,MutNovel,"P14A,0.457"
X-4649,FURIN,5045.0,MutNovel,"R739C,0.415"
X-4649,FZD8,8325.0,MutNovel,"R560H,0.538"
X-4649,GAA,2548.0,MutNovel,"P681S,0.745"
X-4649,GIGYF2,26058.0,MutNovel,"PQ1231P,0.806"
X-4649,GMNN,51053.0,MutNovel,"R133C,0.997"
X-4649,GOLGA2P2Y,84559.0,Del0.8,0.19
X-4649,GOLGA2P2Y,84559.0,Del0.8,0.29
X-4649,GOLGA8H,,MutNovel,"A520T,1.000"
X-4649,GPRIN2,9721.0,MutNovel,"-238MRE,0.588"
X-4649,GSTM1,2944.0,Del0.8,0.63
X-4649,GYG2P1,352887.0,Del0.8,0.29
X-4649,HAUS3,79441.0,MutKnownFunctional,"-377,0.347"
X-4649,HLA-DRB1,3123.0,MutNovel,"T210M,0.950"
X-4649,HLA-G,3135.0,MutNovel,"A34T,0.667"
X-4649,HSFY2,159119.0,Del0.8,0.29
X-4649,HSFY2,159119.0,Del0.8,0.29
X-4649,HSPA1L,3305.0,MutNovel,"A492G,0.375"
X-4649,HSPA1L,3305.0,MutNovel,"H25V,0.500"
X-4649,HTR2C,3358.0,Del0.8,0.44
X-4649,HTR6,3362.0,MutNovel,"T314I,1.000"
X-4649,IKBKG,8517.0,MutNovel,"D181N,1.000"
X-4649,INTS9,55756.0,MutNovel,"N334K,0.496"
X-4649,JAK2,3717.0,Del0.8,0.72
X-4649,KDM5D,8284.0,Del0.8,0.29
X-4649,KIAA0226,9711.0,MutNovel,"M514I,0.287"
X-4649,KIAA0284,283638.0,MutNovel,"N1528S,1.000"
X-4649,KIAA0564,23078.0,MutKnownFunctional,"R664*,1.000"
X-4649,KRAS,3845.0,MutKnownFunctional,"G12V,0.506"
X-4649,KRT13,3860.0,MutNovel,"E120D,0.444"
X-4649,KRT14,3861.0,MutNovel,"T308S,1.000"
X-4649,KRT14,3861.0,MutNovel,"E304D,1.000"
X-4649,KRT6B,3854.0,MutNovel,"R232Q,0.556"
X-4649,KRT79,338785.0,MutNovel,"V169L,1.000"
X-4649,LCN1,3933.0,MutNovel,"A154V,1.000"
X-4649,LDHC,3948.0,MutNovel,"E312V,1.000"
X-4649,LEPREL4,10609.0,MutNovel,"R229W,0.422"
X-4649,LGALS9C,654346.0,Del0.8,0.22
X-4649,LOC100132859,,MutNovel,"Q119H,0.250"
X-4649,LOC100505679,100505679.0,Del0.8,0.71
X-4649,LOC100505906,,MutNovel,"V220I,0.462"
X-4649,LOC100996439,,MutNovel,"G170S,0.667"
X-4649,LOC388152,388152.0,Del0.8,0.71
X-4649,LOC440300,440300.0,Del0.8,0.71
X-4649,LOC646021,,MutNovel,"H174Y,0.375"
X-4649,LOC728175,728175.0,Del0.8,0.62
X-4649,LSR,51599.0,MutNovel,"G518GR,0.427"
X-4649,MAP3K4,4216.0,MutNovel,"PA1189P,0.700"
X-4649,MCPH1,79648.0,MutNovel,"T543S,0.394"
X-4649,MED1,5469.0,MutNovel,"N830S,0.532"
X-4649,MESDC2,23184.0,MutNovel,"LLL22L,0.381"
X-4649,MIR1264,100302251.0,Del0.8,0.07
X-4649,MIR1912,100302144.0,Del0.8,0.07
X-4649,MLYCD,23417.0,MutNovel,"R11G,0.368"
X-4649,MST1,4485.0,MutNovel,"R703C,1.000"
X-4649,MUC16,94025.0,MutNovel,"T14377I,1.000"
X-4649,MUC4,4585.0,MutNovel,"P1014L,1.000"
X-4649,MUC4,4585.0,MutNovel,"A1006V,1.000"
X-4649,MUC5AC,,MutNovel,"N774S,0.243"
X-4649,MXRA7,439921.0,MutNovel,"E36G,0.231"
X-4649,MYH15,22989.0,MutNovel,"T1181I,1.000"
X-4649,NBPF10,100132406.0,MutNovel,"R3484C,0.235"
X-4649,NCOR2,9612.0,MutNovel,"G1839GAAA,0.407"
X-4649,NCRNA00185,55410.0,Del0.8,0.29
X-4649,NEB,4703.0,MutNovel,"L7952V,0.338"
X-4649,NLGN4Y,22829.0,Del0.8,0.29
X-4649,NOP16,51491.0,MutNovel,"E55V,1.000"
X-4649,NRP2,8828.0,MutNovel,"R902H,1.000"
X-4649,OR7C2,26658.0,Del0.8,0.68
X-4649,ORAI1,84876.0,MutNovel,"PP43-,0.688"
X-4649,ORC3,23595.0,MutNovel,"R680Q,1.000"
X-4649,PABPC3,5042.0,MutNovel,"P191T,1.000"
X-4649,PAK1,5058.0,MutNovel,"-184M,0.250"
X-4649,PCDH11Y,83259.0,Del0.8,0.39
X-4649,PCDHB2,56133.0,MutNovel,"S540F,0.750"
X-4649,PCDHB6,56130.0,MutNovel,"S524A,0.571"
X-4649,PCDHB6,56130.0,MutNovel,"S536F,0.846"
X-4649,PCDHGB1,56104.0,MutNovel,"S601Y,1.000"
X-4649,PCM1,5108.0,MutNovel,"I1698L,0.490"
X-4649,PELP1,27043.0,MutNovel,"EE895E,0.583"
X-4649,PFKP,5214.0,MutNovel,"R565H,0.637"
X-4649,PGBD1,84547.0,MutNovel,"Q140E,1.000"
X-4649,PHLDA1,22822.0,MutNovel,"QQ194Q,0.540"
X-4649,PIGB,9488.0,MutNovel,"L271F,0.495"
X-4649,PITRM1,10531.0,MutNovel,"E512K,0.702"
X-4649,PLEKHH3,79990.0,MutNovel,"P761S,0.519"
X-4649,PODXL,5420.0,MutNovel,"Q245R,0.500"
X-4649,PRKY,5616.0,Del0.8,0.34
X-4649,PRY,9081.0,Del0.8,0.29
X-4649,PRY,9081.0,Del0.8,0.29
X-4649,PRY2,442862.0,Del0.8,0.29
X-4649,PRY2,442862.0,Del0.8,0.29
X-4649,PSMC6,5706.0,MutNovel,"R92S,0.988"
X-4649,PSMD5,5711.0,MutNovel,"A353V,0.455"
X-4649,PTPN20A,653129.0,MutNovel,"V217I,0.923"
X-4649,RAB6B,51560.0,Del0.8,0.78
X-4649,RAD50,10111.0,MutNovel,"KS583K,0.955"
X-4649,RAD51C,5889.0,MutNovel,"A30V,0.351"
X-4649,RALBP1,10928.0,MutNovel,"S645L,0.501"
X-4649,RASA4B,,MutKnownFunctional,"Q304*,0.571"
X-4649,RBM12B,389677.0,MutNovel,"P736R,0.644"
X-4649,RBMY1A3P,286557.0,Del0.8,0.29
X-4649,RBMY1B,378948.0,Del0.8,0.29
X-4649,RBMY1B,378948.0,Del0.8,0.29
X-4649,RBMY1E,378950.0,Del0.8,0.29
X-4649,RBMY1E,378950.0,Del0.8,0.29
X-4649,RBMY1F,159163.0,Del0.8,0.29
X-4649,RBMY1F,159163.0,Del0.8,0.29
X-4649,RBMY1J,378951.0,Del0.8,0.29
X-4649,RBMY1J,378951.0,Del0.8,0.29
X-4649,RBMY2EP,159125.0,Del0.8,0.29
X-4649,RBMY2FP,159162.0,Del0.8,0.29
X-4649,RBMY3AP,64593.0,Del0.8,0.29
X-4649,RECQL5,9400.0,MutNovel,"H4R,0.455"
X-4649,RHD,6007.0,Del0.8,0.5
X-4649,RIN3,79890.0,MutNovel,"G967-,0.593"
X-4649,RNF32,140545.0,MutNovel,"C168Y,0.333"
X-4649,ROM1,6094.0,MutNovel,"A250D,0.508"
X-4649,RPGR,6103.0,MutNovel,"S564L,1.000"
X-4649,RPL3,6122.0,MutNovel,"V67M,0.995"
X-4649,RPS4Y1,6192.0,Del0.8,0.39
X-4649,RPS4Y2,140032.0,Del0.8,0.29
X-4649,RYR3,6263.0,MutNovel,"A4857T,0.500"
X-4649,SBF2,81846.0,MutNovel,"R1618Q,0.529"
X-4649,SCAI,286205.0,MutNovel,"R3S,0.857"
X-4649,SELENBP1,8991.0,MutNovel,"K135T,0.507"
X-4649,SERINC2,347735.0,MutNovel,"-373Q,0.713"
X-4649,SIRT2,22933.0,MutNovel,"S90P,0.491"
X-4649,SIX5,147912.0,MutNovel,"T382I,0.471"
X-4649,SLC22A17,51310.0,MutNovel,"V477M,1.000"
X-4649,SLC45A4,57210.0,MutNovel,"C752R,0.768"
X-4649,SLFN13,146857.0,MutNovel,"C571Y,0.375"
X-4649,SMEK2,57223.0,MutNovel,"S820N,0.469"
X-4649,SMG9,56006.0,MutNovel,"G36D,0.629"
X-4649,SPC25,57405.0,MutNovel,"A7T,1.000"
X-4649,SPDYE6,729597.0,MutNovel,"E263K,0.400"
X-4649,SRPRB,58477.0,Del0.8,0.76
X-4649,SRY,6736.0,Del0.8,0.39
X-4649,STK39,27347.0,MutNovel,"A27GP,1.000"
X-4649,TBC1D3G,654341.0,MutNovel,"P358Q,1.000"
X-4649,TBL1Y,90665.0,Del0.8,0.34
X-4649,TBL3,10607.0,MutNovel,"A778T,0.603"
X-4649,TBP,6908.0,MutNovel,"-64Q,0.235"
X-4649,TDRKH,11022.0,MutKnownFunctional,"R97*,0.281"
X-4649,TGIF2LY,90655.0,Del0.8,0.39
X-4649,THADA,63892.0,MutNovel,"A1728V,0.484"
X-4649,TLK2,11011.0,MutNovel,"R262Q,0.245"
X-4649,TMSB4Y,9087.0,Del0.8,0.29
X-4649,TNKS2,80351.0,MutNovel,"D957Y,1.000"
X-4649,TPX2,22974.0,MutNovel,"L61W,0.446"
X-4649,TSPY1,7258.0,Del0.8,0.29
X-4649,TSPY2,64591.0,Del0.8,0.16
X-4649,TSPY3,728137.0,Del0.8,0.29
X-4649,TSPY4,728395.0,Del0.8,0.29
X-4649,TSPY8,728403.0,Del0.8,0.29
X-4649,TSPYL1,7259.0,MutNovel,"V176VW,0.902"
X-4649,TTTY10,246119.0,Del0.8,0.29
X-4649,TTTY11,83866.0,Del0.8,0.29
X-4649,TTTY12,83867.0,Del0.8,0.29
X-4649,TTTY13,83868.0,Del0.8,0.29
X-4649,TTTY14,83869.0,Del0.8,0.29
X-4649,TTTY15,64595.0,Del0.8,0.29
X-4649,TTTY16,252948.0,Del0.8,0.29
X-4649,TTTY17A,252949.0,Del0.8,0.15
X-4649,TTTY17A,252949.0,Del0.8,0.19
X-4649,TTTY18,252950.0,Del0.8,0.29
X-4649,TTTY19,252952.0,Del0.8,0.29
X-4649,TTTY1B,100101116.0,Del0.8,0.29
X-4649,TTTY1B,100101116.0,Del0.8,0.16
X-4649,TTTY2,60439.0,Del0.8,0.29
X-4649,TTTY2,60439.0,Del0.8,0.16
X-4649,TTTY20,252951.0,Del0.8,0.29
X-4649,TTTY21,252953.0,Del0.8,0.29
X-4649,TTTY21,252953.0,Del0.8,0.34
X-4649,TTTY22,252954.0,Del0.8,0.29
X-4649,TTTY23,252955.0,Del0.8,0.16
X-4649,TTTY23,252955.0,Del0.8,0.29
X-4649,TTTY3,114760.0,Del0.8,0.19
X-4649,TTTY3,114760.0,Del0.8,0.29
X-4649,TTTY4,114761.0,Del0.8,0.08
X-4649,TTTY4,114761.0,Del0.8,0.15
X-4649,TTTY5,83863.0,Del0.8,0.29
X-4649,TTTY6,84672.0,Del0.8,0.29
X-4649,TTTY6,84672.0,Del0.8,0.29
X-4649,TTTY7,246122.0,Del0.8,0.29
X-4649,TTTY7,246122.0,Del0.8,0.34
X-4649,TTTY7B,100101120.0,Del0.8,0.29
X-4649,TTTY7B,100101120.0,Del0.8,0.34
X-4649,TTTY8,84673.0,Del0.8,0.34
X-4649,TTTY8,84673.0,Del0.8,0.29
X-4649,TTTY9A,83864.0,Del0.8,0.29
X-4649,TTTY9A,83864.0,Del0.8,0.29
X-4649,TUBB8,347688.0,MutNovel,"G109V,0.238"
X-4649,TXLNG2P,246126.0,Del0.8,0.29
X-4649,TXNIP,10628.0,MutNovel,"F10L,0.495"
X-4649,UAP1L1,91373.0,MutNovel,"M381T,0.352"
X-4649,USP36,57602.0,MutNovel,"KKK958K,0.738"
X-4649,USP9Y,8287.0,Del0.8,0.29
X-4649,UTY,7404.0,Del0.8,0.29
X-4649,VCY,9084.0,Del0.8,0.29
X-4649,VCY,9084.0,Del0.8,0.29
X-4649,WDR65,149465.0,MutNovel,"E1179K,0.909"
X-4649,XKRY2,353515.0,Del0.8,0.29
X-4649,XKRY2,353515.0,Del0.8,0.29
X-4649,ZC3H6,376940.0,MutNovel,"Q161R,1.000"
X-4649,ZFAND2B,130617.0,MutNovel,"Q216R,0.999"
X-4649,ZFX,7543.0,Del0.8,0.75
X-4649,ZFY,7544.0,Del0.8,0.39
X-4649,ZNF384,171017.0,MutNovel,"QQ514Q,0.429"
X-4649,ZNF462,58499.0,MutNovel,"R2362W,0.444"
X-4649,ZNF469,84627.0,MutNovel,"R766Q,1.000"
X-4649,ZNF611,81856.0,MutNovel,"M17V,0.208"
X-4649,ZNF75A,7627.0,MutNovel,"H259Y,0.382"
X-4649,ZRSR2,8233.0,MutNovel,"T207M,1.000"
X-4649,ZSCAN20,7579.0,MutNovel,"P244R,0.364"
X-4649,ZYG11B,79699.0,MutNovel,"R160Q,0.516"
X-4664,ACOT1,641371.0,MutNovel,"Y128C,1.000"
X-4664,ADAM15,8751.0,Amp5,6.28
X-4664,ADAM3A,1587.0,Del0.8,0.2
X-4664,ADAM5P,255926.0,Del0.8,0.42
X-4664,ADAMTSL4,54507.0,Amp5,6.28
X-4664,ADAP2,55803.0,MutNovel,"V107F,0.750"
X-4664,ADAR,103.0,Amp5,6.28
X-4664,ADNP2,22850.0,Del0.8,0.26
X-4664,AKAP13,11214.0,MutNovel,"D2547G,0.580"
X-4664,AMY1A,276.0,Del0.8,0.59
X-4664,AMY1A,276.0,Del0.8,0.59
X-4664,ANKRD17,26057.0,MutNovel,"Y1333F,0.364"
X-4664,ANKRD20A3,441425.0,MutNovel,"V49M,1.000"
X-4664,ANP32E,81611.0,Amp5,6.28
X-4664,ANXA9,8416.0,Amp5,6.28
X-4664,APCDD1L,164284.0,Amp5,6.82
X-4664,APH1A,51107.0,Amp5,6.28
X-4664,APLP2,334.0,MutNovel,"E222D,0.781"
X-4664,AQP10,89872.0,Amp5,6.28
X-4664,ARFGAP3,26286.0,MutKnownFunctional,"-299?,0.278"
X-4664,ARHGAP23,57636.0,MutNovel,"R1321H,0.417"
X-4664,ARHGEF25,115557.0,MutNovel,"V484F,0.364"
X-4664,ARNT,405.0,Amp5,6.28
X-4664,ASAH2,56624.0,Del0.8,0.75
X-4664,ASH1L,55870.0,Amp5,5.43
X-4664,ATP5E,514.0,Amp5,6.82
X-4664,ATP8B2,57198.0,Amp5,6.28
X-4664,ATPAF2,91647.0,MutNovel,"W164R,0.509"
X-4664,AURKA,6790.0,Amp5,6.82
X-4664,B4GALT2,8704.0,MutNovel,"-88S,0.504"
X-4664,BAIAP2L2,80115.0,MutNovel,"R454S,0.833"
X-4664,BAIAP2L2,80115.0,MutKnownFunctional,"M411RHP*HPL,1.000"
X-4664,BMP7,655.0,Amp5,6.82
X-4664,BNC2,54796.0,Del0.8,0.21
X-4664,BNIPL,149428.0,Amp5,6.28
X-4664,BOLA1,51027.0,Amp5,6.28
X-4664,BTN2A1,11120.0,MutNovel,"S218Y,0.600"
X-4664,BTNL3,10917.0,MutNovel,"H311G,0.778"
X-4664,C1orf189,388701.0,Amp5,6.28
X-4664,C1orf43,25912.0,Amp5,6.28
X-4664,C1orf51,148523.0,Amp5,6.28
X-4664,C1orf54,79630.0,Amp5,6.28
X-4664,C1orf56,54964.0,Amp5,6.28
X-4664,C1orf68,100129271.0,Amp5,6.28
X-4664,C20orf43,51507.0,Amp5,6.82
X-4664,C20orf85,128602.0,Amp5,6.82
X-4664,C2CD4D,100191040.0,Amp5,6.28
X-4664,C9orf53,51198.0,Del0.8,0.18
X-4664,C9orf72,203228.0,Del0.8,0.59
X-4664,CA14,23632.0,Amp5,6.28
X-4664,CALCOCO2,10241.0,MutNovel,"T319I,0.588"
X-4664,CASS4,57091.0,Amp5,6.82
X-4664,CCDC59,29080.0,MutNovel,"N216K,0.485"
X-4664,CCDC66,285331.0,MutNovel,"S606SP,1.000"
X-4664,CCDC87,55231.0,MutNovel,"G666W,1.000"
X-4664,CD276,80381.0,MutNovel,"R329S,0.203"
X-4664,CDC42EP1,11135.0,MutNovel,"PAPAANPS253P,1.000"
X-4664,CDC42SE1,56882.0,Amp5,6.28
X-4664,CDKN2A,1029.0,Del0.8,0.18
X-4664,CDKN2B,1030.0,Del0.8,0.32
X-4664,CEACAM7,1087.0,MutNovel,"T172V,0.300"
X-4664,CELF3,11189.0,Amp5,6.28
X-4664,CERS2,29956.0,Amp5,6.28
X-4664,CGN,57530.0,Amp5,6.28
X-4664,CHD7,55636.0,MutNovel,"-684KA,0.412"
X-4664,CHRNB2,1141.0,Amp5,6.28
X-4664,CHTOP,26097.0,Amp5,6.28
X-4664,CIR1,9541.0,MutNovel,"E432G,0.800"
X-4664,CKS1B,1163.0,Amp5,6.28
X-4664,CLK2,1196.0,Amp5,6.28
X-4664,CNTLN,54875.0,Del0.8,0.25
X-4664,CNTNAP3,79937.0,MutNovel,"L110F,0.500"
X-4664,CRCT1,54544.0,Amp5,6.28
X-4664,CREB3L4,148327.0,Amp5,6.28
X-4664,CRNN,49860.0,Amp5,6.28
X-4664,CRTC2,200186.0,Amp5,6.28
X-4664,CSTF1,1477.0,Amp5,6.82
X-4664,CTCF,10664.0,MutNovel,"S210N,0.380"
X-4664,CTCFL,140690.0,Amp5,6.82
X-4664,CTSK,1513.0,Amp5,6.28
X-4664,CTSS,1520.0,Amp5,6.28
X-4664,CTSZ,1522.0,Amp5,6.82
X-4664,CYP2D6,1565.0,MutNovel,"E410K,1.000"
X-4664,DCST1,149095.0,Amp5,6.28
X-4664,DCST2,127579.0,Amp5,6.28
X-4664,DENND4B,9909.0,Amp5,6.28
X-4664,DENND4C,55667.0,MutNovel,"I337V,1.000"
X-4664,DEPTOR,64798.0,MutNovel,"S237F,0.250"
X-4664,DGCR6L,85359.0,MutNovel,"E181V,1.000"
X-4664,DHRSX,207063.0,MutNovel,"G503S,0.635"
X-4664,DIP2A,23181.0,MutNovel,"D1450N,0.636"
X-4664,DPM3,54344.0,Amp5,6.28
X-4664,ECM1,1893.0,Amp5,6.28
X-4664,EDN3,1908.0,Amp5,5.06
X-4664,EEA1,8411.0,MutNovel,"A1092V,0.688"
X-4664,EFNA1,1942.0,Amp5,6.28
X-4664,EFNA3,1944.0,Amp5,6.28
X-4664,EFNA4,1945.0,Amp5,6.28
X-4664,ENSA,2029.0,Amp5,6.28
X-4664,F5,2153.0,Amp5,6.19
X-4664,FAM106A,80039.0,Del0.8,0.62
X-4664,FAM106CP,100129396.0,Amp5,5.35
X-4664,FAM189B,10712.0,Amp5,6.28
X-4664,FAM209A,200232.0,Amp5,6.82
X-4664,FAM209B,388799.0,Amp5,6.82
X-4664,FAM210B,116151.0,Amp5,6.82
X-4664,FAM21A,387680.0,Del0.8,0.76
X-4664,FAM26F,441168.0,MutNovel,"T100V,0.667"
X-4664,FAM63A,55793.0,Amp5,6.28
X-4664,FANCI,55215.0,MutNovel,"S812G,1.000"
X-4664,FBXW11,23291.0,MutNovel,"T301A,0.680"
X-4664,FCGBP,8857.0,MutNovel,"V4469I,1.000"
X-4664,FCGBP,8857.0,MutNovel,"G3871R,0.447"
X-4664,FCGBP,8857.0,MutNovel,"P1705L,0.818"
X-4664,FCGR1A,2209.0,Amp5,6.28
X-4664,FDPS,2224.0,Amp5,6.28
X-4664,FLAD1,80308.0,Amp5,6.28
X-4664,FLG,2312.0,Amp5,6.28
X-4664,FLG2,388698.0,Amp5,6.28
X-4664,GABPB2,126626.0,Amp5,6.28
X-4664,GADL1,339896.0,Del0.8,0.19
X-4664,GATAD2B,57459.0,Amp5,6.28
X-4664,GBA,2629.0,Amp5,6.28
X-4664,GBAP1,2630.0,Amp5,6.28
X-4664,GCNT7,140687.0,Amp5,6.82
X-4664,GIGYF2,26058.0,MutNovel,"PQ1231P,1.000"
X-4664,GNAS,2778.0,Amp5,6.82
X-4664,GNAS-AS1,149775.0,Amp5,6.82
X-4664,GOLPH3L,55204.0,Amp5,6.28
X-4664,GPR125,166647.0,MutNovel,"A37G,1.000"
X-4664,GPRIN2,9721.0,MutNovel,"-238MRE,0.630"
X-4664,GRAPL,400581.0,Amp5,6.02
X-4664,GRM5,2915.0,Del0.8,0.75
X-4664,GSTM1,2944.0,Del0.8,0.62
X-4664,HAX1,10456.0,Amp5,6.28
X-4664,HCN3,57657.0,Amp5,6.28
X-4664,HDAC10,83933.0,MutNovel,"R30C,1.000"
X-4664,HEATR5B,54497.0,MutNovel,"A1094E,0.812"
X-4664,HIST1H1D,3007.0,MutNovel,"V142A,1.000"
X-4664,HIST2H2AA4,723790.0,Amp5,6.28
X-4664,HIST2H2AA4,723790.0,Amp5,6.28
X-4664,HIST2H2AB,317772.0,Amp5,6.28
X-4664,HIST2H2AC,8338.0,Amp5,6.28
X-4664,HIST2H2BC,337873.0,Amp5,6.28
X-4664,HIST2H2BE,8349.0,Amp5,6.28
X-4664,HIST2H2BF,440689.0,Amp5,5.39
X-4664,HIST2H3A,333932.0,Amp5,6.28
X-4664,HIST2H3A,333932.0,Amp5,6.28
X-4664,HIST2H3D,653604.0,Amp5,6.28
X-4664,HIST2H4A,8370.0,Amp5,6.28
X-4664,HIST2H4A,8370.0,Amp5,6.28
X-4664,HIST2H4B,554313.0,Amp5,6.28
X-4664,HIST2H4B,554313.0,Amp5,6.28
X-4664,HLA-DRB1,3123.0,MutNovel,"SP211RA,0.600"
X-4664,HLA-G,3135.0,MutNovel,"E277Q,0.250"
X-4664,HLA-G,3135.0,MutKnownFunctional,"-278,0.545"
X-4664,HORMAD1,84072.0,Amp5,6.28
X-4664,HRNR,388697.0,Amp5,6.28
X-4664,IFNA1,3439.0,Del0.8,0.17
X-4664,IFNA13,3447.0,Del0.8,0.17
X-4664,IFNA2,3440.0,Del0.8,0.17
X-4664,IFNA22P,3453.0,Del0.8,0.18
X-4664,IFNA5,3442.0,Del0.8,0.05
X-4664,IFNA6,3443.0,Del0.8,0.48
X-4664,IFNA8,3445.0,Del0.8,0.17
X-4664,IFNE,338376.0,Del0.8,0.21
X-4664,IL6R,3570.0,Amp5,6.28
X-4664,ILF2,3608.0,Amp5,6.28
X-4664,INCENP,3619.0,MutNovel,"R579C,0.781"
X-4664,INTS3,65123.0,Amp5,6.28
X-4664,INTS8,55656.0,MutNovel,"C447Y,0.350"
X-4664,ITLN2,142683.0,MutNovel,"N118S,0.467"
X-4664,IVL,3713.0,Amp5,6.28
X-4664,JAK2,3717.0,Del0.8,0.75
X-4664,JTB,10899.0,Amp5,6.28
X-4664,KANSL3,55683.0,MutNovel,"R228W,0.783"
X-4664,KCNN3,3782.0,Amp5,6.28
X-4664,KDM3B,51780.0,MutNovel,"A5T,1.000"
X-4664,KIAA1429,25962.0,MutNovel,"T655M,0.579"
X-4664,KLHL9,55958.0,Del0.8,0.21
X-4664,KPRP,448834.0,Amp5,6.28
X-4664,KRAS,3845.0,MutKnownFunctional,"G12V,0.488"
X-4664,KRT2,3849.0,MutNovel,"A448T,0.480"
X-4664,KRT33B,3884.0,MutNovel,"S157A,1.000"
X-4664,KRTCAP2,200185.0,Amp5,6.28
X-4664,LCE1A,353131.0,Amp5,6.28
X-4664,LCE1B,353132.0,Amp5,6.28
X-4664,LCE1C,353133.0,Amp5,6.28
X-4664,LCE1D,353134.0,Amp5,6.28
X-4664,LCE1E,353135.0,Amp5,6.28
X-4664,LCE1F,353137.0,Amp5,6.28
X-4664,LCE2A,353139.0,Amp5,6.28
X-4664,LCE2B,26239.0,Amp5,6.28
X-4664,LCE2C,353140.0,Amp5,6.28
X-4664,LCE2D,353141.0,Amp5,6.28
X-4664,LCE3A,353142.0,Amp5,6.28
X-4664,LCE3B,353143.0,Amp5,6.28
X-4664,LCE3C,353144.0,Amp5,6.28
X-4664,LCE3D,84648.0,Amp5,6.28
X-4664,LCE3E,353145.0,Amp5,6.28
X-4664,LCE4A,199834.0,Amp5,6.28
X-4664,LCE5A,254910.0,Amp5,6.28
X-4664,LCE6A,448835.0,Amp5,6.28
X-4664,LELP1,149018.0,Amp5,6.28
X-4664,LENEP,55891.0,Amp5,6.28
X-4664,LGALS9B,284194.0,MutNovel,"L311F,1.000"
X-4664,LGALS9C,654346.0,Del0.8,0.62
X-4664,LINC00226,338004.0,Amp8,8
X-4664,LINGO2,158038.0,Del0.8,0.24
X-4664,LINGO4,339398.0,Amp5,6.28
X-4664,LOC100132111,100132111.0,Amp5,6.28
X-4664,LOC100505666,100505666.0,Amp5,6.28
X-4664,LOC100506384,100506384.0,Amp5,5.06
X-4664,LOC149773,149773.0,Amp5,6.82
X-4664,LOC727924,727924.0,Del0.8,0.78
X-4664,LOR,4014.0,Amp5,6.28
X-4664,LPHN2,23266.0,MutNovel,"F220S,0.413"
X-4664,LYSMD1,388695.0,Amp5,6.28
X-4664,MACROD2-AS1,100379174.0,Del0.8,0.63
X-4664,MCL1,4170.0,Amp5,6.28
X-4664,MECOM,2122.0,MutNovel,"N963D,0.547"
X-4664,MIIP,60672.0,MutNovel,"K167G,1.000"
X-4664,MIR190B,100126346.0,Amp5,6.28
X-4664,MIR296,407022.0,Amp5,6.82
X-4664,MIR298,100126296.0,Amp5,6.82
X-4664,MIR31,407035.0,Del0.8,0.35
X-4664,MIR31HG,554202.0,Del0.8,0.22
X-4664,MIR4257,100422997.0,Amp5,6.28
X-4664,MIR4258,100423020.0,Amp5,6.28
X-4664,MIR4325,100422883.0,Amp5,6.82
X-4664,MIR4532,100616353.0,Amp5,6.82
X-4664,MIR5095,100616458.0,Amp5,6.82
X-4664,MIR554,693139.0,Amp5,6.28
X-4664,MIR555,693140.0,Amp5,6.28
X-4664,MIR873,100126316.0,Del0.8,0.24
X-4664,MIR876,100126310.0,Del0.8,0.24
X-4664,MIR92B,693235.0,Amp5,6.28
X-4664,MLLT11,10962.0,Amp5,6.28
X-4664,MPRIP,23164.0,MutNovel,"TS178T,1.000"
X-4664,MPZL1,9019.0,Amp5,6.5
X-4664,MRPL9,65005.0,Amp5,6.28
X-4664,MRPS21,54460.0,Amp5,6.28
X-4664,MST1,4485.0,MutNovel,"P416L,0.400"
X-4664,MTAP,4507.0,Del0.8,0.28
X-4664,MTMR11,10903.0,Amp5,6.28
X-4664,MTRNR2L3,100462983.0,Amp5,6.82
X-4664,MTX1,4580.0,Amp5,6.28
X-4664,MUC1,4582.0,Amp5,6.28
X-4664,MZT2A,653784.0,MutNovel,"L70V,0.227"
X-4664,NACA2,342538.0,MutNovel,"V215M,1.000"
X-4664,NAPSA,9476.0,MutNovel,"S238L,0.500"
X-4664,NBPF1,55672.0,MutNovel,"C910Y,0.625"
X-4664,NBPF12,,MutNovel,"K2927E,0.292"
X-4664,NCOR2,9612.0,MutNovel,"G1839GAAA,1.000"
X-4664,NKIRAS1,28512.0,Del0.8,0.76
X-4664,NPEPL1,79716.0,Amp5,6.82
X-4664,NPR1,4881.0,Amp5,6.28
X-4664,NUP210L,91181.0,Amp5,6.28
X-4664,OAZ3,51686.0,Amp5,6.28
X-4664,OR4M2,390538.0,Del0.8,0.78
X-4664,OR4N3P,390539.0,Del0.8,0.78
X-4664,OR4N4,283694.0,Del0.8,0.78
X-4664,OR52N1,79473.0,Del0.8,0.43
X-4664,OR52N5,390075.0,Del0.8,0.14
X-4664,ORAI1,84876.0,MutNovel,"PP43-,1.000"
X-4664,OTUD7B,56957.0,Amp5,6.28
X-4664,PAM,5066.0,MutNovel,"R776C,0.795"
X-4664,PARD6G,84552.0,Del0.8,0.26
X-4664,PBRM1,55193.0,MutNovel,"L868R,1.000"
X-4664,PBXIP1,57326.0,Amp5,6.28
X-4664,PCDHGB2,56103.0,MutNovel,"R12P,1.000"
X-4664,PCK1,5105.0,Amp5,6.82
X-4664,PGLYRP3,114771.0,Amp5,6.28
X-4664,PGLYRP4,57115.0,Amp5,6.28
X-4664,PHACTR3,116154.0,Amp5,5.06
X-4664,PHLDA1,22822.0,MutNovel,"QQ194Q,1.000"
X-4664,PI4KB,5298.0,Amp5,6.28
X-4664,PIEZO1,9780.0,MutNovel,"Q749E,0.333"
X-4664,PIP5K1A,8394.0,Amp5,6.28
X-4664,PKLR,5313.0,Amp5,6.28
X-4664,PLEKHO1,51177.0,Amp5,6.28
X-4664,PMEPA1,56937.0,Amp5,6.82
X-4664,PMVK,10654.0,Amp5,6.28
X-4664,PNPLA8,50640.0,MutNovel,"I99V,0.714"
X-4664,POGZ,23126.0,Amp5,6.28
X-4664,POLR3E,55718.0,MutNovel,"A201T,0.575"
X-4664,POU5F1P4,645682.0,Amp5,6.28
X-4664,PPP1R21,129285.0,MutNovel,"K88R,1.000"
X-4664,PPP1R3D,5509.0,Amp5,5.06
X-4664,PPP4R1L,55370.0,Amp5,6.82
X-4664,PRPF3,9129.0,Amp5,6.28
X-4664,PRR9,574414.0,Amp5,6.28
X-4664,PRUNE,58497.0,Amp5,6.28
X-4664,PSMB4,5692.0,Amp5,6.28
X-4664,PSMD4,5710.0,Amp5,6.28
X-4664,PTPRF,5792.0,MutNovel,"A412V,0.575"
X-4664,PYGO2,90780.0,Amp5,6.28
X-4664,RAB13,5872.0,Amp5,6.28
X-4664,RAB22A,57403.0,Amp5,6.82
X-4664,RAE1,8480.0,Amp5,6.82
X-4664,RAPGEF3,10411.0,MutNovel,"R177Q,0.500"
X-4664,RARS,5917.0,MutNovel,"N511S,0.703"
X-4664,RBM38,55544.0,Amp5,6.82
X-4664,REREP3,646396.0,Del0.8,0.78
X-4664,RFX5,5993.0,Amp5,6.28
X-4664,RHD,6007.0,Del0.8,0.56
X-4664,RIIAD1,284485.0,Amp5,6.28
X-4664,RIN3,79890.0,MutNovel,"G967-,1.000"
X-4664,RNF43,54894.0,MutNovel,"R223C,0.538"
X-4664,RORC,6097.0,Amp5,6.28
X-4664,RPL14,9045.0,MutNovel,"T149TA,1.000"
X-4664,RPL15,6138.0,Del0.8,0.76
X-4664,RPRD2,23248.0,Amp5,6.28
X-4664,RPS27,6232.0,Amp5,6.28
X-4664,RPTN,126638.0,Amp5,6.28
X-4664,RUSC1,23623.0,Amp5,6.28
X-4664,RUSC1-AS1,284618.0,Amp5,6.28
X-4664,S100A1,6271.0,Amp5,6.28
X-4664,S100A10,6281.0,Amp5,6.28
X-4664,S100A11,6282.0,Amp5,6.28
X-4664,S100A12,6283.0,Amp5,6.28
X-4664,S100A13,6284.0,Amp5,6.28
X-4664,S100A14,57402.0,Amp5,6.28
X-4664,S100A16,140576.0,Amp5,6.28
X-4664,S100A2,6273.0,Amp5,6.28
X-4664,S100A3,6274.0,Amp5,6.28
X-4664,S100A4,6275.0,Amp5,6.28
X-4664,S100A5,6276.0,Amp5,6.28
X-4664,S100A6,6277.0,Amp5,6.28
X-4664,S100A7,6278.0,Amp5,6.28
X-4664,S100A7A,338324.0,Amp5,6.28
X-4664,S100A7L2,645922.0,Amp5,6.28
X-4664,S100A8,6279.0,Amp5,6.28
X-4664,S100A9,6280.0,Amp5,6.28
X-4664,SATB1,6304.0,MutNovel,"A573T,0.900"
X-4664,SCAMP3,10067.0,Amp5,6.28
X-4664,SCNM1,79005.0,Amp5,6.28
X-4664,SELENBP1,8991.0,Amp5,6.28
X-4664,SEMA6C,10500.0,Amp5,6.28
X-4664,SERINC2,347735.0,MutNovel,"-373Q,1.000"
X-4664,SETDB1,9869.0,Amp5,6.28
X-4664,SF3B4,10262.0,Amp5,6.28
X-4664,SH3GL2,6456.0,Del0.8,0.67
X-4664,SHC1,6464.0,Amp5,6.28
X-4664,SHE,126669.0,Amp5,6.28
X-4664,SLC15A1,6564.0,MutNovel,"D75N,1.000"
X-4664,SLC27A3,11000.0,Amp5,6.28
X-4664,SLC39A1,27173.0,Amp5,6.28
X-4664,SLC45A4,57210.0,MutNovel,"E272K,0.447"
X-4664,SLC50A1,55974.0,Amp5,6.28
X-4664,SLC6A6,6533.0,MutNovel,"V517I,1.000"
X-4664,SLMO2,51012.0,Amp5,6.82
X-4664,SLMO2-ATP5E,100533975.0,Amp5,6.82
X-4664,SMCP,4184.0,Amp5,6.28
X-4664,SNAPC4,6621.0,MutNovel,"S542-,1.000"
X-4664,SNAPIN,23557.0,Amp5,6.28
X-4664,SNX27,81609.0,Amp5,6.28
X-4664,SPATA18,132671.0,MutNovel,"N373D,0.450"
X-4664,SPNS2,124976.0,MutNovel,"T74A,0.246"
X-4664,SPO11,23626.0,Amp5,6.82
X-4664,SPRR1A,6698.0,Amp5,6.28
X-4664,SPRR1B,6699.0,Amp5,6.28
X-4664,SPRR2A,6700.0,Amp5,6.28
X-4664,SPRR2B,6701.0,Amp5,6.28
X-4664,SPRR2C,6702.0,Amp5,6.28
X-4664,SPRR2D,6703.0,Amp5,6.28
X-4664,SPRR2E,6704.0,Amp5,6.28
X-4664,SPRR2F,6705.0,Amp5,6.28
X-4664,SPRR2G,6706.0,Amp5,6.28
X-4664,SPRR3,6707.0,Amp5,6.28
X-4664,SPRR4,163778.0,Amp5,6.28
X-4664,STAC2,342667.0,MutNovel,"G381S,1.000"
X-4664,STX16,8675.0,Amp5,6.82
X-4664,SV2A,9900.0,Amp5,6.28
X-4664,SYCP2,10388.0,Amp5,5.06
X-4664,TARS2,80222.0,Amp5,6.28
X-4664,TBC1D30,23329.0,MutNovel,"P583L,0.449"
X-4664,TCHH,7062.0,Amp5,6.28
X-4664,TCHHL1,126637.0,Amp5,6.28
X-4664,TDRD10,126668.0,Amp5,6.28
X-4664,TDRKH,11022.0,Amp5,6.28
X-4664,TFAP2C,7022.0,Amp5,6.82
X-4664,TGFBR2,7048.0,Del0.8,0.19
X-4664,TH1L,51497.0,Amp5,6.82
X-4664,THBS3,7059.0,Amp5,6.28
X-4664,THEM4,117145.0,Amp5,6.28
X-4664,THEM5,284486.0,Amp5,6.28
X-4664,TIPARP,25976.0,MutNovel,"K180E,0.529"
X-4664,TMBIM4,51643.0,MutKnownFunctional,"-174?,1.000"
X-4664,TMEM184A,202915.0,MutNovel,"G392GA,0.274"
X-4664,TMOD4,29765.0,Amp5,6.28
X-4664,TNFAIP8L2,79626.0,Amp5,6.28
X-4664,TNFAIP8L2-SCNM1,100534012.0,Amp5,6.28
X-4664,TPM3,7170.0,Amp5,6.28
X-4664,TRIM46,80128.0,Amp5,6.28
X-4664,TSR1,55720.0,MutNovel,"VG269G,0.500"
X-4664,TUBB1,81027.0,Amp5,6.82
X-4664,TUFT1,7286.0,Amp5,6.28
X-4664,UBAP2L,9898.0,Amp5,6.28
X-4664,UBE2Q1,55585.0,Amp5,6.28
X-4664,UGT2B17,7367.0,Del0.8,0.52
X-4664,USP32P1,162632.0,Amp5,5.35
X-4664,USP32P2,220594.0,Del0.8,0.62
X-4664,USP36,57602.0,MutNovel,"KKK958K,1.000"
X-4664,UTY,7404.0,MutNovel,"Q1050S,0.429"
X-4664,UTY,7404.0,MutNovel,"G1049C,0.333"
X-4664,UTY,7404.0,MutNovel,"V1048H,0.444"
X-4664,UTY,7404.0,MutNovel,"FH1045YY,0.333"
X-4664,UTY,7404.0,MutNovel,"NS1023IL,0.250"
X-4664,UTY,7404.0,MutNovel,"PN1022GY,0.250"
X-4664,UTY,7404.0,MutNovel,"L1021P,0.286"
X-4664,UTY,7404.0,MutNovel,"L1019T,0.286"
X-4664,UTY,7404.0,MutNovel,"H1018S,0.286"
X-4664,UTY,7404.0,MutNovel,"CT1004NS,0.667"
X-4664,UTY,7404.0,MutNovel,"QF1002HT,0.667"
X-4664,UTY,7404.0,MutNovel,"HQ1001QT,0.667"
X-4664,UTY,7404.0,MutNovel,"P968S,0.667"
X-4664,UTY,7404.0,MutNovel,"RP966SV,0.778"
X-4664,UTY,7404.0,MutNovel,"P965V,0.667"
X-4664,UTY,7404.0,MutNovel,"P964N,0.500"
X-4664,UTY,7404.0,MutNovel,"PP963IT,0.625"
X-4664,UTY,7404.0,MutNovel,"C962S,0.500"
X-4664,UTY,7404.0,MutNovel,"C962S,0.625"
X-4664,UTY,7404.0,MutNovel,"N536R,0.545"
X-4664,UTY,7404.0,MutNovel,"L535S,0.636"
X-4664,UTY,7404.0,MutNovel,"DN533LY,0.556"
X-4664,UTY,7404.0,MutNovel,"N531A,0.667"
X-4664,UTY,7404.0,MutNovel,"RA529PR,0.625"
X-4664,UTY,7404.0,MutNovel,"R529G,0.625"
X-4664,UTY,7404.0,MutKnownFunctional,"EQ526A*,0.625"
X-4664,UTY,7404.0,MutNovel,"L525R,0.700"
X-4664,UTY,7404.0,MutNovel,"S505Q,0.429"
X-4664,UTY,7404.0,MutNovel,"F393S,0.333"
X-4664,UTY,7404.0,MutNovel,"RI390IF,0.429"
X-4664,UTY,7404.0,MutNovel,"A389G,0.286"
X-4664,UTY,7404.0,MutNovel,"AA388ER,0.429"
X-4664,UTY,7404.0,MutNovel,"LA387DP,0.429"
X-4664,UTY,7404.0,MutNovel,"T386L,0.429"
X-4664,UTY,7404.0,MutNovel,"S385G,0.429"
X-4664,UTY,7404.0,MutNovel,"NT383TS,0.375"
X-4664,UTY,7404.0,MutNovel,"S382T,0.429"
X-4664,UTY,7404.0,MutNovel,"RC380SS,0.429"
X-4664,UTY,7404.0,MutKnownFunctional,"SK378T*,0.375"
X-4664,UTY,7404.0,MutNovel,"R377L,0.429"
X-4664,UTY,7404.0,MutNovel,"A376L,0.429"
X-4664,UTY,7404.0,MutNovel,"N374L,0.429"
X-4664,UTY,7404.0,MutNovel,"YL372SA,0.429"
X-4664,UTY,7404.0,MutNovel,"CY371YN,0.429"
X-4664,UTY,7404.0,MutNovel,"K370F,0.429"
X-4664,UTY,7404.0,MutNovel,"I369C,0.500"
X-4664,UTY,7404.0,MutNovel,"QD366GH,0.375"
X-4664,UTY,7404.0,MutKnownFunctional,"NQ363S*,0.500"
X-4664,UTY,7404.0,MutNovel,"C362N,0.429"
X-4664,UTY,7404.0,MutNovel,"S361R,0.429"
X-4664,UTY,7404.0,MutKnownFunctional,"YE359Y*,0.333"
X-4664,UTY,7404.0,MutNovel,"L358T,0.333"
X-4664,UTY,7404.0,MutNovel,"G356S,0.333"
X-4664,UTY,7404.0,MutKnownFunctional,"DL354G*,0.333"
X-4664,UTY,7404.0,MutNovel,"MD353RN,0.333"
X-4664,UTY,7404.0,MutNovel,"W352Q,0.333"
X-4664,UTY,7404.0,MutNovel,"AA350ET,0.333"
X-4664,UTY,7404.0,MutNovel,"HA348QN,0.400"
X-4664,UTY,7404.0,MutNovel,"Y338F,0.400"
X-4664,UTY,7404.0,MutKnownFunctional,"A337*,0.400"
X-4664,UTY,7404.0,MutNovel,"EA312VI,1.000"
X-4664,UTY,7404.0,MutNovel,"SE311KK,1.000"
X-4664,UTY,7404.0,MutNovel,"K310W,1.000"
X-4664,UTY,7404.0,MutNovel,"D309C,1.000"
X-4664,UTY,7404.0,MutNovel,"WY284CN,1.000"
X-4664,UTY,7404.0,MutNovel,"S283C,1.000"
X-4664,UTY,7404.0,MutNovel,"Q282A,1.000"
X-4664,UTY,7404.0,MutNovel,"S280C,1.000"
X-4664,UTY,7404.0,MutNovel,"D277T,1.000"
X-4664,UTY,7404.0,MutNovel,"A276E,1.000"
X-4664,UTY,7404.0,MutNovel,"L274S,1.000"
X-4664,UTY,7404.0,MutNovel,"K272R,1.000"
X-4664,UTY,7404.0,MutNovel,"L270P,1.000"
X-4664,UTY,7404.0,MutNovel,"Q268P,1.000"
X-4664,UTY,7404.0,MutNovel,"AI266VV,0.667"
X-4664,UTY,7404.0,MutNovel,"E263D,1.000"
X-4664,UTY,7404.0,MutNovel,"N252T,0.667"
X-4664,UTY,7404.0,MutNovel,"H250N,0.667"
X-4664,UTY,7404.0,MutNovel,"G247S,0.400"
X-4664,UTY,7404.0,MutNovel,"A240Q,0.333"
X-4664,UTY,7404.0,MutNovel,"Y155R,1.000"
X-4664,UTY,7404.0,MutNovel,"C76F,0.400"
X-4664,UTY,7404.0,MutNovel,"VR74GG,0.400"
X-4664,UTY,7404.0,MutNovel,"AL45RI,0.214"
X-4664,UTY,7404.0,MutNovel,"RE43IL,0.250"
X-4664,UTY,7404.0,MutNovel,"T39C,0.250"
X-4664,UTY,7404.0,MutNovel,"MA22IQ,0.231"
X-4664,UTY,7404.0,MutNovel,"KM21SL,0.231"
X-4664,UTY,7404.0,MutNovel,"A19T,0.300"
X-4664,UTY,7404.0,MutNovel,"EA18VT,0.300"
X-4664,VAPB,9217.0,Amp5,6.82
X-4664,VPS45,11311.0,Amp5,6.28
X-4664,VPS72,6944.0,Amp5,6.28
X-4664,VWA1,64856.0,MutNovel,"A326P,1.000"
X-4664,ZBP1,81030.0,Amp5,6.82
X-4664,ZBTB7B,51043.0,Amp5,6.28
X-4664,ZNF174,7727.0,MutNovel,"Q66E,0.357"
X-4664,ZNF219,51222.0,MutNovel,"QPP233P,0.455"
X-4664,ZNF384,171017.0,MutNovel,"QQ514Q,1.000"
X-4664,ZNF398,57541.0,MutNovel,"R112W,0.400"
X-4664,ZNF670,93474.0,MutNovel,"E257K,0.600"
X-4664,ZNF670,93474.0,MutNovel,"E254A,0.250"
X-4664,ZNF687,57592.0,Amp5,6.28
X-4664,ZNF814,730051.0,MutNovel,"Y828H,0.286"
X-4664,ZNF831,128611.0,Amp5,6.82
X-4676,ACAA1,30.0,MutKnownFunctional,"-380,0.211"
X-4676,ACOT1,641371.0,Del0.8,0.65
X-4676,ADA,100.0,MutNovel,"R282W,0.639"
X-4676,ADAM2,2515.0,Amp5,5.46
X-4676,ADAM28,10863.0,Amp5,5.62
X-4676,ADAM3A,1587.0,Del0.8,0.3
X-4676,ADAM5P,255926.0,Del0.8,0.65
X-4676,ADAM7,8756.0,Amp5,5.62
X-4676,ADAM9,8754.0,Amp5,5.31
X-4676,ADAMDEC1,27299.0,Amp5,5.62
X-4676,ADCY9,115.0,MutNovel,"A1142T,0.400"
X-4676,ADRA1A,148.0,Amp5,5.43
X-4676,ADRB3,155.0,Amp5,5.5
X-4676,AGPAT5,55326.0,Amp5,5.39
X-4676,AGPAT6,137964.0,Amp5,5.46
X-4676,AMELY,266.0,Del0.8,0.24
X-4676,ANGPT2,285.0,Amp5,5.39
X-4676,ANK1,286.0,Amp5,5.46
X-4676,ANKRD12,23253.0,MutNovel,"I1039K,0.400"
X-4676,ANKRD36B,57730.0,MutNovel,"I16V,1.000"
X-4676,ANKRD65,441869.0,MutNovel,"A272E,0.369"
X-4676,AP3M2,10947.0,Amp5,5.46
X-4676,ARHGAP36,158763.0,Del0.8,0.47
X-4676,ARHGEF10,9639.0,Amp5,5.62
X-4676,ARMC6,93436.0,MutNovel,"R256H,0.492"
X-4676,ASAH1,427.0,Amp5,5.7
X-4676,ASH2L,9070.0,Amp5,5.5
X-4676,ATP6V1B2,526.0,Amp5,5.58
X-4676,ATP6V1H,51606.0,Amp5,5.5
X-4676,AXIN1,8312.0,MutNovel,"S623L,0.609"
X-4676,BAG4,9530.0,Amp5,5.5
X-4676,BAI2,576.0,MutNovel,"A1079T,0.714"
X-4676,BCORP1,286554.0,Del0.8,0.24
X-4676,BIN3,55909.0,Amp5,5.21
X-4676,BLK,640.0,Amp5,5.31
X-4676,BMP1,649.0,Amp5,5.21
X-4676,BNIP3L,665.0,Amp5,5.43
X-4676,BPY2B,442867.0,Del0.8,0.24
X-4676,BPY2B,442867.0,Del0.8,0.24
X-4676,BRF2,55290.0,Amp5,5.5
X-4676,C1orf131,128061.0,MutNovel,"A232S,0.699"
X-4676,C21orf58,54058.0,MutNovel,"H299PN,0.562"
X-4676,C8orf12,83656.0,Amp5,5.31
X-4676,C8orf22,492307.0,Amp5,5.5
X-4676,C8orf4,56892.0,Amp5,5.46
X-4676,C8orf40,114926.0,Amp5,5.46
X-4676,C8orf42,157695.0,Amp5,5.24
X-4676,C8orf48,157773.0,Amp5,5.7
X-4676,C8orf58,541565.0,Amp5,5.21
X-4676,C8orf74,203076.0,Amp5,5.31
X-4676,C8orf86,389649.0,Amp5,5.5
X-4676,C9orf53,51198.0,Del0.8,0.26
X-4676,CCDC132,55610.0,MutNovel,"D195G,0.820"
X-4676,CCDC25,55246.0,Amp5,5.43
X-4676,CDC42EP1,11135.0,MutNovel,"PAPAANPS253P,0.875"
X-4676,CDCA2,157313.0,Amp5,5.62
X-4676,CDKN2A,1029.0,Del0.8,0.26
X-4676,CDKN2B,1030.0,Del0.8,0.54
X-4676,CDY1B,253175.0,Del0.8,0.24
X-4676,CDY1B,253175.0,Del0.8,0.24
X-4676,CDY2A,9426.0,Del0.8,0.24
X-4676,CDY2A,9426.0,Del0.8,0.24
X-4676,CDY2B,203611.0,Del0.8,0.24
X-4676,CDY2B,203611.0,Del0.8,0.24
X-4676,CEACAM8,1088.0,MutNovel,"T171A,0.615"
X-4676,CEBPD,1052.0,Amp5,5.5
X-4676,CEL,1056.0,MutNovel,"I488T,1.000"
X-4676,CELP,1057.0,Del0.8,0.61
X-4676,CELSR1,9620.0,MutNovel,"Y2344S,0.282"
X-4676,CGB1,114335.0,MutNovel,"D123V,0.417"
X-4676,CHMP7,91782.0,Amp5,5.21
X-4676,CHRNA2,1135.0,Amp5,5.43
X-4676,CHRNA6,8973.0,Amp5,5.46
X-4676,CHRNB3,1142.0,Amp5,5.46
X-4676,CLDN23,137075.0,Amp5,5.31
X-4676,CLTCL1,8218.0,MutNovel,"K362R,0.333"
X-4676,CLU,1191.0,Amp5,5.43
X-4676,CNOT7,29883.0,Amp5,5.7
X-4676,COMTD1,118881.0,MutNovel,"E43A,1.000"
X-4676,COPB2,9276.0,MutNovel,"N581S,0.250"
X-4676,COQ9,57017.0,MutNovel,"T312I,0.997"
X-4676,CPD,1362.0,MutNovel,"S1355F,1.000"
X-4676,CPS1,1373.0,MutNovel,"V199M,1.000"
X-4676,CSGALNACT1,55790.0,Amp5,5.58
X-4676,CSPG4P1Y,114758.0,Del0.8,0.24
X-4676,CSPG4P1Y,114758.0,Del0.8,0.24
X-4676,CTSB,1508.0,Amp5,5.31
X-4676,CTSC,1075.0,MutNovel,"F439L,0.999"
X-4676,DAZ1,1617.0,Del0.8,0.24
X-4676,DAZ2,57055.0,Del0.8,0.24
X-4676,DAZ3,57054.0,Del0.8,0.24
X-4676,DAZ3,57054.0,Del0.8,0.24
X-4676,DAZ4,57135.0,Del0.8,0.24
X-4676,DAZ4,57135.0,Del0.8,0.24
X-4676,DBNDD2,55861.0,MutNovel,"TS217T,0.571"
X-4676,DCTN6,10671.0,Amp5,5.43
X-4676,DDHD2,23259.0,Amp5,5.5
X-4676,DDX3Y,8653.0,Del0.8,0.24
X-4676,DEFA10P,449493.0,Amp5,5.39
X-4676,DEFA1B,728358.0,Amp5,5.39
X-4676,DEFA4,1669.0,Amp5,5.39
X-4676,DEFA5,1670.0,Amp5,5.39
X-4676,DEFA6,1671.0,Amp5,5.39
X-4676,DEFB1,1672.0,Amp5,5.39
X-4676,DEFB109P1B,641517.0,Amp5,5.39
X-4676,DEFB134,613211.0,Amp5,5.31
X-4676,DEFB135,613209.0,Amp5,5.31
X-4676,DEFB136,613210.0,Amp5,5.31
X-4676,DEFT1P,170949.0,Amp5,5.39
X-4676,DIDO1,11083.0,MutNovel,"A1203T,0.259"
X-4676,DKK4,27121.0,Amp5,5.46
X-4676,DLC1,10395.0,Amp5,5.7
X-4676,DLGAP2,9228.0,Amp5,5.54
X-4676,DNAH9,1770.0,MutNovel,"G2638R,1.000"
X-4676,DNAJB4,11080.0,MutNovel,"I284T,0.243"
X-4676,DOCK5,80005.0,Amp5,5.62
X-4676,DOK2,9046.0,Amp5,5.21
X-4676,DPYSL2,1808.0,Amp5,5.43
X-4676,DUSP26,78986.0,Amp5,5.5
X-4676,DUSP4,1846.0,Amp5,5.43
X-4676,EBF2,64641.0,Amp5,5.43
X-4676,EFCAB1,79645.0,Amp5,5.5
X-4676,EFHA2,286097.0,Amp5,5.7
X-4676,EGR3,1960.0,Amp5,5.21
X-4676,EIF1AY,9086.0,Del0.8,0.24
X-4676,EIF3C,8663.0,MutNovel,"I573M,1.000"
X-4676,EIF4EBP1,1978.0,Amp5,5.5
X-4676,ELP3,55140.0,Amp5,5.43
X-4676,ENTPD4,9583.0,Amp5,5.21
X-4676,EPB49,2039.0,Amp5,5.21
X-4676,EPHX2,2053.0,Amp5,5.43
X-4676,ERI1,90459.0,Amp5,5.31
X-4676,ERICH1,157697.0,Amp5,5.54
X-4676,ERLIN2,11160.0,Amp5,5.5
X-4676,ESCO2,157570.0,Amp5,5.43
X-4676,EXTL3,2137.0,Amp5,5.43
X-4676,FAM132B,,MutNovel,"V198M,1.000"
X-4676,FAM150A,389658.0,Amp5,5.5
X-4676,FAM156A,29057.0,Del0.8,0.33
X-4676,FAM156B,727866.0,Del0.8,0.12
X-4676,FAM160B2,64760.0,Amp5,5.21
X-4676,FAM167A,83648.0,Amp5,5.31
X-4676,FAM197Y2P,252946.0,Del0.8,0.24
X-4676,FAM21A,387680.0,Del0.8,0.61
X-4676,FAM41AY1,340618.0,Del0.8,0.24
X-4676,FAM41AY1,340618.0,Del0.8,0.24
X-4676,FAM66B,100128890.0,Amp5,5.39
X-4676,FAM83E,54854.0,MutNovel,"P331L,0.857"
X-4676,FAM86C1,55199.0,MutNovel,"V70T,0.750"
X-4676,FAM90A1,55138.0,Amp8,8.11
X-4676,FBXO16,157574.0,Amp5,5.43
X-4676,FBXO25,26260.0,Amp5,5.24
X-4676,FDFT1,2222.0,Amp5,5.31
X-4676,FGF17,8822.0,Amp5,5.21
X-4676,FGF20,26281.0,Amp5,5.7
X-4676,FGFR1,2260.0,Amp5,5.5
X-4676,FGL1,2267.0,Amp5,5.7
X-4676,FLJ10661,286042.0,Amp5,5.31
X-4676,FLJ14107,80094.0,Amp5,5.21
X-4676,FLJ36000,284124.0,Del0.8,0.51
X-4676,FNTA,2339.0,Amp5,5.46
X-4676,FUT10,84750.0,Amp5,5.5
X-4676,FZD3,7976.0,Amp5,5.43
X-4676,GATA4,2626.0,Amp5,5.31
X-4676,GFRA2,2675.0,Amp5,5.21
X-4676,GIGYF2,26058.0,MutNovel,"PQ1231P,0.667"
X-4676,GINS4,84296.0,Amp5,5.46
X-4676,GLUD2,2747.0,MutNovel,"V374A,1.000"
X-4676,GNRH1,2796.0,Amp5,5.62
X-4676,GOLGA2P2Y,84559.0,Del0.8,0.24
X-4676,GOLGA2P2Y,84559.0,Del0.8,0.24
X-4676,GOLGA7,51125.0,Amp5,5.46
X-4676,GOT1L1,137362.0,Amp5,5.5
X-4676,GPR124,25960.0,Amp5,5.5
X-4676,GSR,2936.0,Amp5,5.43
X-4676,GTF2E2,2961.0,Amp5,5.43
X-4676,GYG2P1,352887.0,Del0.8,0.24
X-4676,HBB,3043.0,Del0.8,0.28
X-4676,HBBP1,3044.0,Del0.8,0.28
X-4676,HBD,3045.0,Del0.8,0.28
X-4676,HBE1,3046.0,Del0.8,0.28
X-4676,HBG1,3047.0,Del0.8,0.28
X-4676,HBG2,3048.0,Del0.8,0.28
X-4676,HCAR2,338442.0,MutNovel,"R111C,0.267"
X-4676,HEATR5A,25938.0,MutNovel,"L373-,0.846"
X-4676,HGSNAT,138050.0,Amp5,5.46
X-4676,HMBOX1,79618.0,Amp5,5.43
X-4676,HOOK3,84376.0,Amp5,5.46
X-4676,HR,55806.0,Amp5,5.21
X-4676,HRCT1,646962.0,MutNovel,"LH100L,0.750"
X-4676,HSFY2,159119.0,Del0.8,0.24
X-4676,HSFY2,159119.0,Del0.8,0.24
X-4676,HTRA4,203100.0,Amp5,5.31
X-4676,IDO1,3620.0,Amp5,5.46
X-4676,IDO2,169355.0,Amp5,5.46
X-4676,IER5L,389792.0,MutNovel,"LHQL117L,0.523"
X-4676,IFNA1,3439.0,Del0.8,0.18
X-4676,IFNA10,3446.0,Del0.8,0.47
X-4676,IFNA14,3448.0,Del0.8,0.21
X-4676,IFNA16,3449.0,Del0.8,0.47
X-4676,IFNA17,3451.0,Del0.8,0.21
X-4676,IFNA2,3440.0,Del0.8,0.18
X-4676,IFNA21,3452.0,Del0.8,0.27
X-4676,IFNA22P,3453.0,Del0.8,0.21
X-4676,IFNA4,3441.0,Del0.8,0.14
X-4676,IFNA6,3443.0,Del0.8,0.5
X-4676,IFNA7,3444.0,Del0.8,0.47
X-4676,IFNA8,3445.0,Del0.8,0.18
X-4676,IFNB1,3456.0,Del0.8,0.26
X-4676,IFNW1,3467.0,Del0.8,0.27
X-4676,IGFBP2,3485.0,MutNovel,"L17LLPP,0.818"
X-4676,IGSF1,3547.0,Del0.8,0.23
X-4676,IKBKB,3551.0,Amp5,5.46
X-4676,INTS10,55174.0,Amp5,5.58
X-4676,INTS9,55756.0,Amp5,5.43
X-4676,ITGA6,3655.0,MutKnownFunctional,"-1076?,0.310"
X-4676,ITGB6,3694.0,MutNovel,"H402R,0.998"
X-4676,KAT6A,7994.0,Amp5,5.46
X-4676,KBTBD11,9920.0,Amp5,5.62
X-4676,KCNU1,157855.0,Amp5,5.5
X-4676,KCTD9,54793.0,Amp5,5.62
X-4676,KDM5D,8284.0,Del0.8,0.24
X-4676,KIAA0146,23514.0,Amp5,5.5
X-4676,KIAA1324,57535.0,MutNovel,"V569I,0.714"
X-4676,KIAA1456,57604.0,Amp5,5.7
X-4676,KIAA1967,57805.0,Amp5,5.21
X-4676,KIF13B,23303.0,Amp5,5.43
X-4676,KIF20B,9585.0,MutNovel,"L1062LKV,0.875"
X-4676,KLHL9,55958.0,Del0.8,0.24
X-4676,KRAS,3845.0,MutKnownFunctional,"G12R,0.774"
X-4676,KRT10,3858.0,MutNovel,"G505S,0.250"
X-4676,KRT14,3861.0,MutNovel,"M376V,0.800"
X-4676,KRT14,3861.0,MutNovel,"T308S,0.889"
X-4676,KRT14,3861.0,MutNovel,"E304D,0.800"
X-4676,KRT14,3861.0,MutNovel,"M294V,0.357"
X-4676,KRT14,3861.0,MutNovel,"Y291D,0.333"
X-4676,KRT14,3861.0,MutNovel,"S241N,0.962"
X-4676,KRT2,3849.0,MutNovel,"L459Q,1.000"
X-4676,KRT2,3849.0,MutNovel,"L456M,1.000"
X-4676,KRT2,3849.0,MutNovel,"E454Q,1.000"
X-4676,KRT79,338785.0,MutNovel,"L311M,1.000"
X-4676,LEPROTL1,23484.0,Amp5,5.43
X-4676,LETM2,137994.0,Amp5,5.5
X-4676,LGI3,203190.0,Amp5,5.21
X-4676,LILRA6,79168.0,Amp8,9.32
X-4676,LINC00208,83655.0,Amp5,5.31
X-4676,LINC00293,497634.0,Amp5,5.5
X-4676,LOC100128993,100128993.0,Amp5,5.58
X-4676,LOC100287015,100287015.0,Amp5,5.39
X-4676,LOC100287846,100287846.0,Amp5,5.5
X-4676,LOC100506433,100506433.0,Del0.8,0.62
X-4676,LOC100507156,100507156.0,Amp5,5.21
X-4676,LOC100507341,100507341.0,Amp5,5.43
X-4676,LOC100652791,100652791.0,Amp5,5.39
X-4676,LOC157273,157273.0,Amp5,5.31
X-4676,LOC286059,286059.0,Amp5,5.21
X-4676,LOC286083,286083.0,Amp5,5.54
X-4676,LOC286114,286114.0,Amp5,5.58
X-4676,LOC286135,286135.0,Amp5,5.43
X-4676,LOC286467,286467.0,Del0.8,0.44
X-4676,LOC340357,340357.0,Amp5,5.7
X-4676,LOC349196,349196.0,Amp5,5.39
X-4676,LOC389641,389641.0,Amp5,5.21
X-4676,LOC643699,,MutNovel,"N456K,0.429"
X-4676,LOC646862,646862.0,MutNovel,"D82N,0.429"
X-4676,LOC653125,,MutNovel,"P78L,0.375"
X-4676,LOC728024,728024.0,Amp5,5.5
X-4676,LONRF1,91694.0,Amp5,5.7
X-4676,LOXL2,4017.0,Amp5,5.21
X-4676,LPL,4023.0,Amp5,5.58
X-4676,LRRC39,127495.0,MutNovel,"L131F,0.231"
X-4676,LSM1,27257.0,Amp5,5.5
X-4676,LYN,4067.0,Amp5,5.5
X-4676,LYPLA1,10434.0,Amp5,5.5
X-4676,LZTS1,11178.0,Amp5,5.58
X-4676,MAGIX,79917.0,MutNovel,"E2D,1.000"
X-4676,MAK16,84549.0,Amp5,5.5
X-4676,MAP2K4,6416.0,MutNovel,"A112P,1.000"
X-4676,MBOAT4,619373.0,Amp5,5.43
X-4676,MCM4,4173.0,Amp5,5.5
X-4676,MCPH1,79648.0,Amp5,5.39
X-4676,MDC1,9656.0,MutNovel,"S1594F,0.500"
X-4676,MEOX2,4223.0,MutNovel,"HH76H,0.333"
X-4676,MFHAS1,9258.0,Amp5,5.31
X-4676,MIR124-1,406907.0,Amp5,5.31
X-4676,MIR1322,100302166.0,Amp5,5.31
X-4676,MIR31,407035.0,Del0.8,0.29
X-4676,MIR3148,100422876.0,Amp5,5.43
X-4676,MIR31HG,554202.0,Del0.8,0.23
X-4676,MIR320A,407037.0,Amp5,5.21
X-4676,MIR3622A,100500858.0,Amp5,5.43
X-4676,MIR3622B,100500871.0,Amp5,5.43
X-4676,MIR383,494332.0,Amp5,5.7
X-4676,MIR3926-1,100500870.0,Amp5,5.7
X-4676,MIR3926-2,100500838.0,Amp5,5.7
X-4676,MIR4287,100422828.0,Amp5,5.43
X-4676,MIR4288,100422903.0,Amp5,5.43
X-4676,MIR4469,100616115.0,Amp5,5.46
X-4676,MIR4659A,100616348.0,Amp5,5.39
X-4676,MIR4659B,100616372.0,Amp5,5.39
X-4676,MIR4660,100616350.0,Amp5,5.31
X-4676,MIR486,619554.0,Amp5,5.46
X-4676,MIR548O2,100616190.0,Amp5,5.43
X-4676,MIR596,693181.0,Amp5,5.62
X-4676,MIR597,693182.0,Amp5,5.31
X-4676,MIR598,693183.0,Amp5,5.31
X-4676,MLL,4297.0,MutNovel,"R6W,1.000"
X-4676,MMP26,56547.0,Del0.8,0.43
X-4676,MRPL15,29088.0,Amp5,5.5
X-4676,MSH5,4439.0,MutNovel,"S595L,0.341"
X-4676,MSR1,4481.0,Amp5,5.7
X-4676,MSRA,4482.0,Amp5,5.31
X-4676,MTAP,4507.0,Del0.8,0.28
X-4676,MTCH1,23787.0,MutNovel,"A16V,0.714"
X-4676,MTMR7,9108.0,Amp5,5.7
X-4676,MTMR9,66036.0,Amp5,5.31
X-4676,MTRNR2L1,100462977.0,Del0.8,0.31
X-4676,MTUS1,57509.0,Amp5,5.7
X-4676,MUC20,200958.0,Amp5,5.7
X-4676,MYOM2,9172.0,Amp5,5.62
X-4676,NAT1,9.0,Amp5,5.7
X-4676,NAT2,10.0,Amp5,5.7
X-4676,NCOA3,8202.0,MutNovel,"Q1255-,0.290"
X-4676,NCOR2,9612.0,MutNovel,"G1839GAAA,0.479"
X-4676,NCRNA00185,55410.0,Del0.8,0.24
X-4676,NEFL,4747.0,Amp5,5.62
X-4676,NEFM,4741.0,Amp5,5.62
X-4676,NEIL2,252969.0,Amp5,5.31
X-4676,NKX2-6,137814.0,Amp5,5.62
X-4676,NKX3-1,4824.0,Amp5,5.62
X-4676,NKX6-3,157848.0,Amp5,5.46
X-4676,NLGN4Y,22829.0,Del0.8,0.24
X-4676,NLRC5,84166.0,MutNovel,"G914R,1.000"
X-4676,NPBWR1,2831.0,Amp5,5.5
X-4676,NPM2,10361.0,Amp5,5.21
X-4676,NR1H2,7376.0,MutNovel,"-173Q,0.603"
X-4676,NRG1,3084.0,Amp5,5.43
X-4676,NSMAF,8439.0,MutNovel,"S801I,0.473"
X-4676,NUDT18,79873.0,Amp5,5.21
X-4676,OPRK1,4986.0,Amp5,5.5
X-4676,OR13H1,347468.0,Del0.8,0.23
X-4676,OR2T10,127069.0,Amp5,5.39
X-4676,OR2T11,127077.0,Amp5,5.39
X-4676,OR2T34,127068.0,Amp5,5.39
X-4676,OR2T35,403244.0,Amp5,5.39
X-4676,OR4F21,441308.0,Amp5,5.24
X-4676,OR51A2,401667.0,Del0.8,0.39
X-4676,OR51A4,401666.0,Del0.8,0.2
X-4676,OR51A7,119687.0,Del0.8,0.2
X-4676,OR51B2,79345.0,Del0.8,0.28
X-4676,OR51B4,79339.0,Del0.8,0.28
X-4676,OR51B5,282763.0,Del0.8,0.26
X-4676,OR51B6,390058.0,Del0.8,0.28
X-4676,OR51G1,79324.0,Del0.8,0.2
X-4676,OR51G2,81282.0,Del0.8,0.2
X-4676,OR51I1,390063.0,Del0.8,0.27
X-4676,OR51I2,390064.0,Del0.8,0.27
X-4676,OR51L1,119682.0,Del0.8,0.18
X-4676,OR51M1,390059.0,Del0.8,0.47
X-4676,OR51Q1,390061.0,Del0.8,0.27
X-4676,OR51T1,401665.0,Del0.8,0.43
X-4676,OR51V1,283111.0,Del0.8,0.28
X-4676,OR52A1,23538.0,Del0.8,0.22
X-4676,OR52A5,390054.0,Del0.8,0.31
X-4676,OR52B6,340980.0,Del0.8,0.18
X-4676,OR52D1,390066.0,Del0.8,0.31
X-4676,OR52E2,119678.0,Del0.8,0.21
X-4676,OR52E6,390078.0,Del0.8,0.34
X-4676,OR52E8,390079.0,Del0.8,0.14
X-4676,OR52H1,390067.0,Del0.8,0.23
X-4676,OR52J3,119679.0,Del0.8,0.21
X-4676,OR52N1,79473.0,Del0.8,0.19
X-4676,OR52N2,390077.0,Del0.8,0.34
X-4676,OR52N4,390072.0,Del0.8,0.29
X-4676,OR52N5,390075.0,Del0.8,0.19
X-4676,OR56B1,387748.0,Del0.8,0.29
X-4676,ORAI1,84876.0,MutNovel,"PP43-,0.833"
X-4676,PBK,55872.0,Amp5,5.43
X-4676,PCDH11Y,83259.0,Del0.8,0.24
X-4676,PCM1,5108.0,Amp5,5.7
X-4676,PCMTD1,115294.0,Amp5,5.5
X-4676,PDGFRL,5157.0,Amp5,5.7
X-4676,PDLIM2,64236.0,Amp5,5.21
X-4676,PEBP4,157310.0,Amp5,5.21
X-4676,PHLDA1,22822.0,MutNovel,"QQ194Q,0.470"
X-4676,PHYHIP,9796.0,Amp5,5.21
X-4676,PINX1,54984.0,Amp5,5.31
X-4676,PIWIL2,55124.0,Amp5,5.21
X-4676,PKD1,5310.0,MutNovel,"T1094S,0.500"
X-4676,PKNOX2,63876.0,Del0.8,0.51
X-4676,PLAT,5327.0,Amp5,5.46
X-4676,PLEKHA2,59339.0,Amp5,5.31
X-4676,PLSCR2,57047.0,MutNovel,"Q210E,0.400"
X-4676,PLSCR2,57047.0,MutNovel,"K208Q,0.364"
X-4676,PLSCR2,57047.0,MutNovel,"T203P,0.417"
X-4676,PNMA2,10687.0,Amp5,5.43
X-4676,PNOC,5368.0,Amp5,5.43
X-4676,POLB,5423.0,Amp5,5.46
X-4676,POLR3D,661.0,Amp5,5.21
X-4676,POTEA,340441.0,Amp5,5.46
X-4676,PPAPDC1B,84513.0,Amp5,5.5
X-4676,PPP1R3B,79660.0,Amp5,5.31
X-4676,PPP2CB,5516.0,Amp5,5.43
X-4676,PPP2R2A,5520.0,Amp5,5.43
X-4676,PPP3CC,5533.0,Amp5,5.21
X-4676,PRKDC,5591.0,Amp5,5.5
X-4676,PRKY,5616.0,Del0.8,0.24
X-4676,PROSC,11212.0,Amp5,5.5
X-4676,PRSS55,203074.0,Amp5,5.31
X-4676,PRY,9081.0,Del0.8,0.24
X-4676,PRY,9081.0,Del0.8,0.24
X-4676,PRY2,442862.0,Del0.8,0.24
X-4676,PRY2,442862.0,Del0.8,0.24
X-4676,PSD3,23362.0,Amp5,5.58
X-4676,PTK2B,2185.0,Amp5,5.43
X-4676,PTPLAD2,401494.0,Del0.8,0.7
X-4676,PURG,29942.0,Amp5,5.43
X-4676,PXDNL,137902.0,Amp5,5.5
X-4676,PYHIN1,149628.0,MutNovel,"P57R,1.000"
X-4676,QSER1,79832.0,MutNovel,"Q230R,1.000"
X-4676,R3HCC1,203069.0,Amp5,5.21
X-4676,RAB11FIP1,80223.0,Amp5,5.5
X-4676,RB1CC1,9821.0,Amp5,5.5
X-4676,RBBP5,5929.0,MutNovel,"I204V,0.587"
X-4676,RBM19,9904.0,MutNovel,"KK117K,0.312"
X-4676,RBMY1A3P,286557.0,Del0.8,0.24
X-4676,RBMY1B,378948.0,Del0.8,0.24
X-4676,RBMY1B,378948.0,Del0.8,0.24
X-4676,RBMY1E,378950.0,Del0.8,0.24
X-4676,RBMY1E,378950.0,Del0.8,0.24
X-4676,RBMY1F,159163.0,Del0.8,0.24
X-4676,RBMY1F,159163.0,Del0.8,0.24
X-4676,RBMY1J,378951.0,Del0.8,0.24
X-4676,RBMY1J,378951.0,Del0.8,0.24
X-4676,RBMY2EP,159125.0,Del0.8,0.24
X-4676,RBMY2FP,159162.0,Del0.8,0.24
X-4676,RBMY3AP,64593.0,Del0.8,0.24
X-4676,RBPMS,11030.0,Amp5,5.43
X-4676,REEP4,80346.0,Amp5,5.21
X-4676,RGS20,8601.0,Amp5,5.5
X-4676,RHOBTB2,23221.0,Amp5,5.21
X-4676,RNF122,79845.0,Amp5,5.5
X-4676,RNF170,81790.0,Amp5,5.46
X-4676,RNF213,57674.0,MutNovel,"L2746F,0.516"
X-4676,RNF5P1,286140.0,Amp5,5.5
X-4676,RP1,6101.0,Amp5,5.5
X-4676,RP1L1,94137.0,Amp5,5.31
X-4676,RPL23AP53,644128.0,Amp5,5.24
X-4676,RPS20,6224.0,Amp5,5.5
X-4676,RPS4Y1,6192.0,Del0.8,0.24
X-4676,RPS4Y2,140032.0,Del0.8,0.24
X-4676,RRP36,88745.0,MutNovel,"AGARRPR14A,0.203"
X-4676,RSPH10B2,728194.0,MutNovel,"Y548C,0.500"
X-4676,RTN4IP1,84816.0,MutNovel,"M344T,0.507"
X-4676,RYK,6259.0,MutNovel,"A50V,0.408"
X-4676,SBF1P1,100133234.0,Amp5,5.5
X-4676,SCARA3,51435.0,Amp5,5.43
X-4676,SCARA5,286133.0,Amp5,5.43
X-4676,SERINC2,347735.0,MutNovel,"-373Q,0.679"
X-4676,SERPINH1,871.0,MutNovel,"N155S,1.000"
X-4676,SETDB2,83852.0,MutKnownFunctional,"-715,0.457"
X-4676,SFRP1,6422.0,Amp5,5.46
X-4676,SFTPC,6440.0,Amp5,5.21
X-4676,SGCZ,137868.0,Amp5,5.7
X-4676,SGK196,84197.0,Amp5,5.46
X-4676,SGK223,157285.0,Amp5,5.31
X-4676,SH2D4A,63898.0,Amp5,5.58
X-4676,SLC18A1,6570.0,Amp5,5.58
X-4676,SLC20A2,6575.0,Amp5,5.46
X-4676,SLC25A37,51312.0,Amp5,6.5
X-4676,SLC35G5,83650.0,Amp5,5.31
X-4676,SLC39A14,23516.0,Amp5,5.21
X-4676,SLC7A2,6542.0,Amp5,5.7
X-4676,SNAI2,6591.0,Amp5,5.5
X-4676,SNORD54,26795.0,Amp5,5.5
X-4676,SNTG1,54212.0,Amp5,5.5
X-4676,SORBS3,10174.0,Amp5,5.21
X-4676,SOX17,64321.0,Amp5,5.5
X-4676,SOX7,83595.0,Amp5,5.31
X-4676,SPAG16,79582.0,MutNovel,"A25T,1.000"
X-4676,SPNS2,124976.0,MutNovel,"T74A,0.261"
X-4676,SPRR2G,6706.0,MutNovel,"Y36R,1.000"
X-4676,SRP68,6730.0,MutNovel,"N258S,1.000"
X-4676,SRSF11,9295.0,MutNovel,"R285Q,0.357"
X-4676,SRY,6736.0,Del0.8,0.24
X-4676,ST18,9705.0,Amp5,5.5
X-4676,STAR,6770.0,Amp5,5.5
X-4676,STC1,6781.0,Amp5,5.62
X-4676,STMN4,81551.0,Amp5,5.43
X-4676,STOX1,219736.0,MutNovel,"M250V,1.000"
X-4676,TAF1C,9013.0,MutNovel,"S358L,1.000"
X-4676,TBL1Y,90665.0,Del0.8,0.24
X-4676,TCEA1,6917.0,Amp5,5.5
X-4676,TDH,157739.0,Amp5,5.31
X-4676,TEX15,56154.0,Amp5,5.43
X-4676,TGIF2LY,90655.0,Del0.8,0.24
X-4676,TGS1,96764.0,Amp5,5.5
X-4676,THAP1,55145.0,Amp5,5.46
X-4676,TM2D2,83877.0,Amp5,5.31
X-4676,TMEM184A,202915.0,MutNovel,"G392GA,0.377"
X-4676,TMEM201,199953.0,MutNovel,"A201T,0.667"
X-4676,TMEM25,84866.0,MutNovel,"A55P,1.000"
X-4676,TMEM66,51669.0,Amp5,5.43
X-4676,TMEM68,137695.0,Amp5,5.5
X-4676,TMSB4Y,9087.0,Del0.8,0.24
X-4676,TNFRSF10A,8797.0,Amp5,5.21
X-4676,TNFRSF10B,8795.0,Amp5,5.21
X-4676,TNFRSF10C,8794.0,Amp5,5.21
X-4676,TNFRSF10D,8793.0,Amp5,5.21
X-4676,TNKS,8658.0,Amp5,5.31
X-4676,TP53,7157.0,MutLikelyFunctional,"K132E,1.000"
X-4676,TRIM22,10346.0,Del0.8,0.29
X-4676,TRIM34,53840.0,Del0.8,0.29
X-4676,TRIM35,23087.0,Amp5,5.43
X-4676,TRIM5,85363.0,Del0.8,0.29
X-4676,TRIM6,117854.0,Del0.8,0.29
X-4676,TRIM6-TRIM34,445372.0,Del0.8,0.29
X-4676,TSPY1,7258.0,Del0.8,0.24
X-4676,TSPY2,64591.0,Del0.8,0.24
X-4676,TSPY3,728137.0,Del0.8,0.24
X-4676,TSPY4,728395.0,Del0.8,0.24
X-4676,TSPY8,728403.0,Del0.8,0.24
X-4676,TSPYL1,7259.0,MutNovel,"V176VW,0.874"
X-4676,TTC40,54777.0,MutNovel,"I799M,1.000"
X-4676,TTI2,80185.0,Amp5,5.5
X-4676,TTTY10,246119.0,Del0.8,0.24
X-4676,TTTY11,83866.0,Del0.8,0.24
X-4676,TTTY12,83867.0,Del0.8,0.24
X-4676,TTTY13,83868.0,Del0.8,0.24
X-4676,TTTY14,83869.0,Del0.8,0.24
X-4676,TTTY15,64595.0,Del0.8,0.24
X-4676,TTTY16,252948.0,Del0.8,0.24
X-4676,TTTY17A,252949.0,Del0.8,0.24
X-4676,TTTY17A,252949.0,Del0.8,0.24
X-4676,TTTY18,252950.0,Del0.8,0.24
X-4676,TTTY19,252952.0,Del0.8,0.24
X-4676,TTTY1B,100101116.0,Del0.8,0.24
X-4676,TTTY1B,100101116.0,Del0.8,0.24
X-4676,TTTY2,60439.0,Del0.8,0.24
X-4676,TTTY2,60439.0,Del0.8,0.24
X-4676,TTTY20,252951.0,Del0.8,0.24
X-4676,TTTY21,252953.0,Del0.8,0.24
X-4676,TTTY21,252953.0,Del0.8,0.24
X-4676,TTTY22,252954.0,Del0.8,0.24
X-4676,TTTY23,252955.0,Del0.8,0.24
X-4676,TTTY23,252955.0,Del0.8,0.24
X-4676,TTTY3,114760.0,Del0.8,0.24
X-4676,TTTY3,114760.0,Del0.8,0.24
X-4676,TTTY4,114761.0,Del0.8,0.24
X-4676,TTTY4,114761.0,Del0.8,0.24
X-4676,TTTY5,83863.0,Del0.8,0.24
X-4676,TTTY6,84672.0,Del0.8,0.24
X-4676,TTTY6,84672.0,Del0.8,0.24
X-4676,TTTY7,246122.0,Del0.8,0.24
X-4676,TTTY7,246122.0,Del0.8,0.24
X-4676,TTTY7B,100101120.0,Del0.8,0.24
X-4676,TTTY7B,100101120.0,Del0.8,0.24
X-4676,TTTY8,84673.0,Del0.8,0.24
X-4676,TTTY8,84673.0,Del0.8,0.24
X-4676,TTTY9A,83864.0,Del0.8,0.24
X-4676,TTTY9A,83864.0,Del0.8,0.24
X-4676,TUSC3,7991.0,Amp5,5.7
X-4676,TXLNG2P,246126.0,Del0.8,0.24
X-4676,UBE2V2,7336.0,Amp5,5.5
X-4676,UBQLN3,50613.0,Del0.8,0.31
X-4676,UBQLNL,143630.0,Del0.8,0.31
X-4676,UBXN11,91544.0,MutNovel,"P503PVP,0.222"
X-4676,UBXN8,7993.0,Amp5,5.43
X-4676,UGT2B15,7366.0,Del0.8,0.68
X-4676,UNC5D,137970.0,Amp5,5.5
X-4676,USP36,57602.0,MutNovel,"KKK958K,0.756"
X-4676,USP9Y,8287.0,Del0.8,0.24
X-4676,UTY,7404.0,Del0.8,0.24
X-4676,VCY,9084.0,Del0.8,0.24
X-4676,VCY,9084.0,Del0.8,0.24
X-4676,VDAC3,7419.0,Amp5,5.46
X-4676,VPS36,51028.0,MutNovel,"Q115H,0.368"
X-4676,VPS37A,137492.0,Amp5,5.7
X-4676,WDFY1,57590.0,MutNovel,"T155M,1.000"
X-4676,WHSC1L1,54904.0,Amp5,5.5
X-4676,WRN,7486.0,Amp5,5.43
X-4676,XKR4,114786.0,Amp5,5.5
X-4676,XKR5,389610.0,Amp5,5.39
X-4676,XKR6,286046.0,Amp5,5.31
X-4676,XKRY2,353515.0,Del0.8,0.24
X-4676,XKRY2,353515.0,Del0.8,0.24
X-4676,XPO7,23039.0,Amp5,5.21
X-4676,ZBTB37,84614.0,MutNovel,"H167R,0.750"
X-4676,ZC3H3,23144.0,MutNovel,"K615E,0.229"
X-4676,ZDHHC2,51201.0,Amp5,5.7
X-4676,ZFY,7544.0,Del0.8,0.24
X-4676,ZGPAT,84619.0,MutNovel,"Q219H,0.528"
X-4676,ZMAT4,79698.0,Amp5,5.46
X-4676,ZMYM3,9203.0,MutKnownFunctional,"-1296,0.987"
X-4676,ZMYND12,84217.0,MutNovel,"C37G,0.781"
X-4676,ZNF12,7559.0,MutKnownFunctional,"-133?,0.696"
X-4676,ZNF318,24149.0,MutNovel,"I750V,0.375"
X-4676,ZNF384,171017.0,MutNovel,"QQ514Q,0.325"
X-4676,ZNF395,55893.0,Amp5,5.43
X-4676,ZNF596,169270.0,Amp5,5.24
X-4676,ZNF703,80139.0,Amp5,5.5
X-4676,ZNF705G,100131980.0,Amp5,5.39
X-4676,ZNF74,7625.0,MutNovel,"Y597N,0.435"
X-4833,ABCF2,10061.0,MutNovel,"P152L,0.989"
X-4833,ACCS,84680.0,MutNovel,"K233N,0.417"
X-4833,ACOT2,10965.0,Del0.8,0.41
X-4833,ANAPC1,64682.0,MutNovel,"R1110C,0.304"
X-4833,ANKAR,150709.0,MutNovel,"R563H,0.423"
X-4833,ARHGEF5,7984.0,Del0.8,0.65
X-4833,ARSA,410.0,MutNovel,"G57R,0.587"
X-4833,ASAH2B,653308.0,MutNovel,"T74N,1.000"
X-4833,ASUN,55726.0,MutNovel,"T261A,0.395"
X-4833,ATP13A3,79572.0,MutNovel,"E1035D,0.210"
X-4833,ATRNL1,26033.0,Del0.8,0.79
X-4833,BRD3,8019.0,MutNovel,"A373T,0.673"
X-4833,BTNL3,10917.0,Del0.8,0.71
X-4833,BTNL8,79908.0,MutNovel,"G311R,0.800"
X-4833,C18orf34,374864.0,Del0.8,0.7
X-4833,C6orf223,221416.0,MutNovel,"AA124-,0.333"
X-4833,CAPS2,84698.0,Del0.8,0.76
X-4833,CASZ1,54897.0,MutNovel,"P1738R,0.444"
X-4833,CBWD6,644019.0,MutKnownFunctional,"-259?,0.280"
X-4833,CCDC144B,284047.0,Del0.8,0.73
X-4833,CCDC146,57639.0,MutNovel,"I883S,0.327"
X-4833,CCDC88B,283234.0,MutNovel,"P1332L,0.333"
X-4833,CDC42EP4,23580.0,MutNovel,"R76H,0.559"
X-4833,CDKN2A,1029.0,MutNovel,"LEAGALP32P,0.655"
X-4833,CEP76,79959.0,MutNovel,"M412L,1.000"
X-4833,CLCF1,23529.0,MutNovel,"K208M,0.467"
X-4833,CRIPAK,285464.0,MutKnownFunctional,"-97,0.556"
X-4833,CRYBG3,,MutNovel,"R233Q,1.000"
X-4833,CTAGE4,100128553.0,Del0.8,0.39
X-4833,CTSA,5476.0,MutNovel,"L29-,0.381"
X-4833,CYP4F12,66002.0,MutKnownFunctional,"Y440*,0.622"
X-4833,DACT1,51339.0,MutNovel,"T797M,0.957"
X-4833,DEFB103A,414325.0,Del0.8,0.31
X-4833,DEFB103A,414325.0,Del0.8,0.49
X-4833,DEFB104B,503618.0,Del0.8,0.49
X-4833,DEFB104B,503618.0,Del0.8,0.31
X-4833,DEFB105B,504180.0,Del0.8,0.49
X-4833,DEFB105B,504180.0,Del0.8,0.49
X-4833,DEFB106B,503841.0,Del0.8,0.49
X-4833,DEFB106B,503841.0,Del0.8,0.39
X-4833,DEFB107A,245910.0,Del0.8,0.49
X-4833,DEFB107A,245910.0,Del0.8,0.49
X-4833,DEFB113,245927.0,Del0.8,0.66
X-4833,DEFB114,245928.0,Del0.8,0.66
X-4833,DEFB130,245940.0,Del0.8,0.79
X-4833,DEFB4A,1673.0,Del0.8,0.49
X-4833,DEFB4B,100289462.0,Del0.8,0.58
X-4833,DMXL2,23312.0,MutNovel,"E2096D,0.500"
X-4833,DNAJC10,54431.0,MutNovel,"D140G,0.501"
X-4833,DNAJC11,55735.0,MutNovel,"E210Q,0.386"
X-4833,DUOXA2,405753.0,MutNovel,"V117A,0.522"
X-4833,DUX2,26583.0,Del0.8,0.78
X-4833,DUX4,100288687.0,Del0.8,0.78
X-4833,DUX4L2,728410.0,Del0.8,0.78
X-4833,DUX4L3,653548.0,Del0.8,0.78
X-4833,DYNC1I1,1780.0,MutKnownFunctional,"S197*,0.625"
X-4833,EIF3D,8664.0,MutNovel,"R359C,0.500"
X-4833,EMC10,,MutKnownFunctional,"-231?,0.330"
X-4833,FAM106A,80039.0,Del0.8,0.49
X-4833,FAM114A1,92689.0,MutNovel,"V86M,0.513"
X-4833,FAM46D,169966.0,Del0.8,0.76
X-4833,FAM66A,100133172.0,Del0.8,0.62
X-4833,FAM66D,100132923.0,Del0.8,0.61
X-4833,FAM86B1,85002.0,Del0.8,0.61
X-4833,FARSB,10056.0,MutNovel,"T166A,0.416"
X-4833,FBRSL1,57666.0,MutNovel,"A293T,0.941"
X-4833,FBXW10,10517.0,MutNovel,"V782A,1.000"
X-4833,FRG2B,441581.0,Del0.8,0.78
X-4833,FUT5,2527.0,MutNovel,"T169I,1.000"
X-4833,GADL1,339896.0,Del0.8,0.37
X-4833,GCNT4,51301.0,Del0.8,0.63
X-4833,GKAP1,80318.0,MutNovel,"M161I,0.533"
X-4833,GOLGA8H,,MutNovel,"M291T,1.000"
X-4833,GSTM1,2944.0,Del0.8,0.66
X-4833,HIST1H2BN,8341.0,MutNovel,"S92P,0.571"
X-4833,HLA-DRB5,3127.0,MutNovel,"I60F,1.000"
X-4833,HSPA1A,3303.0,MutNovel,"N499S,0.750"
X-4833,HTR2C,3358.0,Del0.8,0.51
X-4833,IL1RAPL2,26280.0,Del0.8,0.57
X-4833,IL9R,3581.0,MutNovel,"A1150G,1.000"
X-4833,IRF2BP2,359948.0,MutNovel,"-99S,0.293"
X-4833,JAK2,3717.0,Del0.8,0.75
X-4833,KCTD15,79047.0,MutNovel,"R263Q,0.375"
X-4833,KIAA1217,56243.0,MutNovel,"V1602M,0.464"
X-4833,KIF16B,55614.0,MutNovel,"T67A,0.352"
X-4833,KIR2DL4,3805.0,Amp5,5.13
X-4833,KIR3DL1,3811.0,Amp5,5.13
X-4833,KLK10,5655.0,MutKnownFunctional,"-276,0.322"
X-4833,KRAS,3845.0,MutKnownFunctional,"G12D,0.536"
X-4833,LGALS9C,654346.0,MutNovel,"I243L,0.231"
X-4833,LGALS9C,654346.0,Del0.8,0.19
X-4833,LOC100132396,100132396.0,Del0.8,0.71
X-4833,LOC100132858,,MutNovel,"R74Q,0.500"
X-4833,LOC440292,,MutNovel,"K190E,1.000"
X-4833,LOC653125,,MutNovel,"A32V,1.000"
X-4833,LOC653125,,MutNovel,"S25R,1.000"
X-4833,LOC728377,728377.0,Del0.8,0.39
X-4833,LPIN3,64900.0,MutNovel,"S510T,0.507"
X-4833,LSR,51599.0,MutNovel,"G518GR,0.485"
X-4833,LTF,4057.0,MutNovel,"S540N,1.000"
X-4833,MAGEB16,139604.0,Del0.8,0.56
X-4833,MAOB,4129.0,Del0.8,0.51
X-4833,MARK4,57787.0,MutNovel,"V639I,0.360"
X-4833,MBD6,114785.0,MutNovel,"P693H,0.968"
X-4833,METTL15,196074.0,MutNovel,"H379Q,1.000"
X-4833,MIR4675,100616383.0,Del0.8,0.63
X-4833,MLLT10,8028.0,MutNovel,"I167V,0.452"
X-4833,MRPS35,60488.0,MutKnownFunctional,"-239?,0.344"
X-4833,MUC20,200958.0,MutNovel,"A192V,0.786"
X-4833,MUC5B,727897.0,MutNovel,"R3288G,1.000"
X-4833,MUC6,4588.0,MutNovel,"R2397S,1.000"
X-4833,NCOR2,9612.0,MutNovel,"G1839GAAA,0.458"
X-4833,NDUFS2,4720.0,MutNovel,"D110V,0.479"
X-4833,NDUFS5,4725.0,MutNovel,"N13S,0.382"
X-4833,NEDD9,4739.0,MutNovel,"Q88H,0.600"
X-4833,NOD1,10392.0,MutNovel,"V278M,0.588"
X-4833,NR1H2,7376.0,MutNovel,"-173Q,0.376"
X-4833,NR4A2,4929.0,MutNovel,"P252Q,0.300"
X-4833,OR2A42,402317.0,Del0.8,0.39
X-4833,OR2A42,402317.0,Del0.8,0.39
X-4833,OR2A7,401427.0,Del0.8,0.39
X-4833,OR2A9P,441295.0,Del0.8,0.39
X-4833,OR2A9P,441295.0,Del0.8,0.39
X-4833,ORAI1,84876.0,MutNovel,"PP43-,0.857"
X-4833,PCDH7,5099.0,MutNovel,"Q1058H,0.292"
X-4833,PCDHGB2,56103.0,MutNovel,"R12P,1.000"
X-4833,PELI3,246330.0,MutNovel,"V460I,0.333"
X-4833,PIEZO1,9780.0,MutNovel,"R1462Q,0.593"
X-4833,PLA2G4F,255189.0,MutNovel,"P809L,0.512"
X-4833,PLEKHA1,59338.0,MutNovel,"P400L,0.995"
X-4833,PLEKHA4,57664.0,MutNovel,"L362W,0.849"
X-4833,PLXNB1,5364.0,MutNovel,"P85R,1.000"
X-4833,PPP1R13B,23368.0,MutNovel,"R216K,1.000"
X-4833,PRDM5,11107.0,MutNovel,"V110F,0.667"
X-4833,PRIC285,85441.0,MutNovel,"Q407E,0.512"
X-4833,PTPMT1,114971.0,MutNovel,"P30L,0.521"
X-4833,PTPN13,5783.0,MutNovel,"V1382F,0.333"
X-4833,PTPRD,5789.0,Del0.8,0.49
X-4833,RAB3GAP2,25782.0,MutNovel,"K780N,0.500"
X-4833,RABEP2,79874.0,MutKnownFunctional,"-491?,0.234"
X-4833,RAPGEF6,51735.0,MutKnownFunctional,"-640?,0.318"
X-4833,RECQL5,9400.0,MutNovel,"Q892R,0.462"
X-4833,RNF223,401934.0,MutNovel,"R131P,0.375"
X-4833,ROCK2,9475.0,MutNovel,"F136C,1.000"
X-4833,RPH3AL,9501.0,MutNovel,"R171Q,1.000"
X-4833,RRP1,8568.0,MutNovel,"E354K,0.503"
X-4833,RRP7A,27341.0,MutNovel,"N65S,0.634"
X-4833,RYR1,6261.0,MutNovel,"R4757H,0.727"
X-4833,SCRIB,23513.0,MutNovel,"H646L,0.466"
X-4833,SERINC2,347735.0,MutNovel,"-373Q,0.426"
X-4833,SF1,7536.0,MutNovel,"Q82P,0.500"
X-4833,SF3B1,23451.0,MutNovel,"K700E,0.444"
X-4833,SH3PXD2A,9644.0,MutNovel,"T162N,0.273"
X-4833,SLC30A9,10463.0,MutNovel,"Q516R,0.417"
X-4833,SNX19,399979.0,MutNovel,"EG331G,0.347"
X-4833,SPAG11A,653423.0,Del0.8,0.49
X-4833,SPAG11B,10407.0,Del0.8,0.31
X-4833,SPAG11B,10407.0,Del0.8,0.49
X-4833,SPARC,6678.0,MutNovel,"A103V,0.500"
X-4833,SPG7,6687.0,MutKnownFunctional,"-793,0.420"
X-4833,SPOCK3,50859.0,Del0.8,0.67
X-4833,SPRNP1,399833.0,Del0.8,0.78
X-4833,SRA1,10011.0,MutNovel,"V110L,0.976"
X-4833,STK10,6793.0,MutNovel,"S383F,1.000"
X-4833,STK32B,55351.0,MutNovel,"R270C,1.000"
X-4833,STXBP5L,9515.0,Del0.8,0.75
X-4833,SYCE1,93426.0,Del0.8,0.78
X-4833,TARBP1,6894.0,MutNovel,"L5F,0.857"
X-4833,TBC1D3F,,MutNovel,"R137K,0.490"
X-4833,TFF3,7033.0,MutKnownFunctional,"S6KS*G,0.323"
X-4833,TGFBR2,7048.0,Del0.8,0.4
X-4833,TJP1,7082.0,MutNovel,"P156L,0.551"
X-4833,TMC6,11322.0,MutNovel,"G187E,0.569"
X-4833,TMEM184A,202915.0,MutNovel,"G392GA,0.831"
X-4833,TNRC18,84629.0,MutNovel,"A630V,0.286"
X-4833,TOR1A,1861.0,MutNovel,"T321M,0.285"
X-4833,TOR1AIP2,163590.0,MutKnownFunctional,"W72*,0.560"
X-4833,TP53,7157.0,MutNovel,"F113V,0.977"
X-4833,TPCN1,53373.0,MutNovel,"A204T,0.966"
X-4833,TRIM66,9866.0,MutNovel,"P597R,1.000"
X-4833,TSPYL1,7259.0,MutNovel,"V176VW,0.769"
X-4833,TSR1,55720.0,MutNovel,"L220V,1.000"
X-4833,TUBGCP6,85378.0,MutNovel,"R1320Q,0.506"
X-4833,TXNDC5,81567.0,MutNovel,"-47R,0.233"
X-4833,USP17L2,377630.0,Del0.8,0.61
X-4833,USP36,57602.0,MutNovel,"KKK958K,0.752"
X-4833,UTY,7404.0,MutNovel,"AR1078LR,0.375"
X-4833,UTY,7404.0,MutNovel,"H1077P,0.375"
X-4833,UTY,7404.0,MutNovel,"SH1075HD,0.375"
X-4833,UTY,7404.0,MutNovel,"V1074H,0.333"
X-4833,UTY,7404.0,MutNovel,"G1073C,0.333"
X-4833,UTY,7404.0,MutNovel,"GI1070AG,0.400"
X-4833,UTY,7404.0,MutNovel,"AG1069DR,0.444"
X-4833,UTY,7404.0,MutKnownFunctional,"S1068*,0.444"
X-4833,UTY,7404.0,MutNovel,"S1066T,0.364"
X-4833,UTY,7404.0,MutNovel,"GG1059VR,0.300"
X-4833,UTY,7404.0,MutNovel,"LL1055GL,0.250"
X-4833,UTY,7404.0,MutNovel,"Q999H,0.222"
X-4833,UTY,7404.0,MutNovel,"G1016E,0.214"
X-4833,UTY,7404.0,MutNovel,"V1013G,0.286"
X-4833,UTY,7404.0,MutNovel,"V1013R,0.286"
X-4833,UTY,7404.0,MutNovel,"V1011A,0.286"
X-4833,UTY,7404.0,MutNovel,"N1009T,0.400"
X-4833,UTY,7404.0,MutNovel,"KN1008NP,0.400"
X-4833,UTY,7404.0,MutNovel,"PK1007HQ,0.333"
X-4833,UTY,7404.0,MutNovel,"N1006P,0.375"
X-4833,UTY,7404.0,MutNovel,"CT1004YL,0.381"
X-4833,UTY,7404.0,MutNovel,"FC1003TS,0.435"
X-4833,UTY,7404.0,MutNovel,"HQ1001QT,0.435"
X-4833,UTY,7404.0,MutNovel,"H348A,0.538"
X-4833,UTY,7404.0,MutNovel,"QL343HW,0.429"
X-4833,UTY,7404.0,MutNovel,"Q343E,0.467"
X-4833,UTY,7404.0,MutNovel,"EA312DI,0.417"
X-4833,UTY,7404.0,MutNovel,"E312I,0.429"
X-4833,UTY,7404.0,MutNovel,"E312I,0.429"
X-4833,UTY,7404.0,MutNovel,"KS310RK,0.333"
X-4833,UTY,7404.0,MutKnownFunctional,"K310*,0.412"
X-4833,UTY,7404.0,MutKnownFunctional,"DK309V*,0.412"
X-4833,UTY,7404.0,MutNovel,"E275P,0.353"
X-4833,UTY,7404.0,MutKnownFunctional,"SL273*R,0.316"
X-4833,UTY,7404.0,MutNovel,"S273P,0.278"
X-4833,UTY,7404.0,MutNovel,"Q271P,0.250"
X-4833,UTY,7404.0,MutNovel,"Y269F,0.333"
X-4833,UTY,7404.0,MutNovel,"Q268T,0.235"
X-4833,UTY,7404.0,MutNovel,"A266C,0.400"
X-4833,UTY,7404.0,MutKnownFunctional,"YA265*C,0.400"
X-4833,UTY,7404.0,MutNovel,"E263L,0.267"
X-4833,UTY,7404.0,MutNovel,"T261C,0.294"
X-4833,UTY,7404.0,MutNovel,"A260Y,0.267"
X-4833,UTY,7404.0,MutNovel,"A260S,0.438"
X-4833,UTY,7404.0,MutNovel,"KA259TS,0.438"
X-4833,UTY,7404.0,MutNovel,"D258V,0.353"
X-4833,UTY,7404.0,MutNovel,"VG256DR,0.235"
X-4833,UTY,7404.0,MutNovel,"V256Q,0.368"
X-4833,UTY,7404.0,MutNovel,"DL254VL,0.235"
X-4833,UTY,7404.0,MutNovel,"M253R,0.278"
X-4833,UTY,7404.0,MutNovel,"HN251VD,0.222"
X-4833,UTY,7404.0,MutNovel,"MH249IM,0.250"
X-4833,UTY,7404.0,MutNovel,"WM248SG,0.353"
X-4833,UTY,7404.0,MutNovel,"GW247VR,0.312"
X-4833,UTY,7404.0,MutNovel,"QL245VL,0.300"
X-4833,UTY,7404.0,MutNovel,"Q244M,0.294"
X-4833,UTY,7404.0,MutNovel,"VL242GR,0.294"
X-4833,UTY,7404.0,MutNovel,"TV241HI,0.222"
X-4833,UTY,7404.0,MutNovel,"A240Q,0.278"
X-4833,UTY,7404.0,MutNovel,"K239A,0.211"
X-4833,UTY,7404.0,MutNovel,"QV237HL,0.211"
X-4833,UTY,7404.0,MutNovel,"S159I,0.333"
X-4833,UTY,7404.0,MutKnownFunctional,"Y155*,0.417"
X-4833,UTY,7404.0,MutNovel,"Y155R,0.417"
X-4833,UTY,7404.0,MutNovel,"L154D,0.364"
X-4833,UTY,7404.0,MutNovel,"Q151H,0.562"
X-4833,UTY,7404.0,MutNovel,"F150T,0.250"
X-4833,UTY,7404.0,MutNovel,"K148T,0.267"
X-4833,UTY,7404.0,MutNovel,"A146V,0.600"
X-4833,UTY,7404.0,MutKnownFunctional,"W145*,0.333"
X-4833,UTY,7404.0,MutNovel,"YN140SH,0.692"
X-4833,UTY,7404.0,MutNovel,"FY138LL,0.615"
X-4833,UTY,7404.0,MutNovel,"F138S,0.429"
X-4833,UTY,7404.0,MutNovel,"F138T,0.429"
X-4833,UTY,7404.0,MutKnownFunctional,"YF137*I,0.286"
X-4833,UTY,7404.0,MutNovel,"W124R,0.467"
X-4833,UTY,7404.0,MutNovel,"AL45RI,0.289"
X-4833,UTY,7404.0,MutNovel,"RE43IL,0.316"
X-4833,UTY,7404.0,MutNovel,"T39C,0.263"
X-4833,UTY,7404.0,MutNovel,"E30V,0.216"
X-4833,UTY,7404.0,MutNovel,"R29C,0.229"
X-4833,UTY,7404.0,MutNovel,"R29C,0.229"
X-4833,UTY,7404.0,MutNovel,"E24Q,0.216"
X-4833,UTY,7404.0,MutNovel,"AE23QQ,0.216"
X-4833,ZDHHC11,79844.0,MutNovel,"A303D,0.920"
X-4833,ZNF25,219749.0,MutNovel,"A443S,0.364"
X-4833,ZNF384,171017.0,MutNovel,"A494S,0.571"
X-4833,ZNF438,220929.0,MutKnownFunctional,"-187,0.518"
X-4833,ZNF443,10224.0,MutNovel,"P364R,1.000"
X-4833,ZNF513,130557.0,MutNovel,"SC151C,0.226"
X-4833,ZNF749,388567.0,MutNovel,"S699G,0.667"
X-4927,ACER3,55331.0,MutNovel,"A4T,0.667"
X-4927,ACSL4,2182.0,MutNovel,"P263R,1.000"
X-4927,ADAM3A,1587.0,Del0.8,0.25
X-4927,ADAM5P,255926.0,Del0.8,0.77
X-4927,ADCY3,109.0,MutNovel,"V1140M,0.513"
X-4927,ADH1B,125.0,MutNovel,"Y35H,1.000"
X-4927,ADH1B,125.0,MutNovel,"V27G,1.000"
X-4927,ADH1B,125.0,MutNovel,"V18L,1.000"
X-4927,AKR1B15,441282.0,MutNovel,"N191S,0.462"
X-4927,AMELY,266.0,Del0.8,0.31
X-4927,ANKMY1,51281.0,MutNovel,"P721L,0.483"
X-4927,ANKRD18A,253650.0,MutNovel,"A277E,0.409"
X-4927,ANKRD27,84079.0,MutKnownFunctional,"-1038,0.930"
X-4927,ANKRD31,256006.0,MutNovel,"S244N,1.000"
X-4927,ANKRD36,375248.0,MutNovel,"T998S,0.245"
X-4927,ARHGEF5,7984.0,MutNovel,"AE166A,0.419"
X-4927,ARPC5,10092.0,MutNovel,"GDGQAG31-,0.239"
X-4927,ASB16,92591.0,MutNovel,"E337K,0.341"
X-4927,ASIC3,,MutNovel,"R399G,0.750"
X-4927,ATG2A,23130.0,MutNovel,"C135Y,0.566"
X-4927,ATP8A1,10396.0,MutNovel,"R628Q,1.000"
X-4927,BCORP1,286554.0,Del0.8,0.25
X-4927,BPY2B,442867.0,Del0.8,0.17
X-4927,BPY2B,442867.0,Del0.8,0.12
X-4927,BSDC1,55108.0,MutNovel,"D115N,0.524"
X-4927,BTBD7,55727.0,MutNovel,"S913L,0.440"
X-4927,C18orf8,29919.0,MutNovel,"A239V,0.688"
X-4927,C8orf33,65265.0,MutNovel,"A138V,0.609"
X-4927,C9orf117,286207.0,MutNovel,"R382H,0.500"
X-4927,CBWD6,644019.0,MutKnownFunctional,"-259?,0.250"
X-4927,CCDC144B,284047.0,Del0.8,0.58
X-4927,CDH23,64072.0,MutNovel,"S436N,0.750"
X-4927,CDK6,1021.0,MutNovel,"T119A,0.375"
X-4927,CDKN2A,1029.0,MutNovel,"R24P,1.000"
X-4927,CDY1B,253175.0,Del0.8,0.25
X-4927,CDY1B,253175.0,Del0.8,0.17
X-4927,CDY2A,9426.0,Del0.8,0.25
X-4927,CDY2A,9426.0,Del0.8,0.25
X-4927,CDY2B,203611.0,Del0.8,0.25
X-4927,CDY2B,203611.0,Del0.8,0.25
X-4927,CDYL,9425.0,MutNovel,"G157S,1.000"
X-4927,CEACAM7,1087.0,MutNovel,"T172V,1.000"
X-4927,CLEC18B,497190.0,MutNovel,"I196V,1.000"
X-4927,COL4A3BP,10087.0,MutNovel,"P102L,0.578"
X-4927,COQ2,27235.0,MutNovel,"P96R,0.500"
X-4927,CSPG4P1Y,114758.0,Del0.8,0.17
X-4927,CSPG4P1Y,114758.0,Del0.8,0.25
X-4927,CTSA,5476.0,MutNovel,"L29-,0.918"
X-4927,DAPK3,1613.0,MutNovel,"R382Q,0.992"
X-4927,DAZ1,1617.0,Del0.8,0.25
X-4927,DAZ2,57055.0,Del0.8,0.21
X-4927,DAZ3,57054.0,Del0.8,0.1
X-4927,DAZ3,57054.0,Del0.8,0.21
X-4927,DAZ4,57135.0,Del0.8,0.19
X-4927,DAZ4,57135.0,Del0.8,0.16
X-4927,DDX24,57062.0,MutNovel,"R728Q,0.444"
X-4927,DDX3Y,8653.0,Del0.8,0.25
X-4927,DEPDC1B,55789.0,MutNovel,"N220D,0.571"
X-4927,DMXL1,1657.0,MutNovel,"V1958M,0.721"
X-4927,DOLK,22845.0,MutNovel,"R98W,0.423"
X-4927,DOT1L,84444.0,MutNovel,"A353G,1.000"
X-4927,DYNC2H1,79659.0,MutNovel,"T1579I,0.500"
X-4927,E2F7,144455.0,MutNovel,"A481D,0.654"
X-4927,EIF1AY,9086.0,Del0.8,0.25
X-4927,EMB,133418.0,MutNovel,"C180R,0.535"
X-4927,EPB41L1,2036.0,MutNovel,"R55W,0.394"
X-4927,EYS,346007.0,Del0.8,0.78
X-4927,FAM106A,80039.0,Del0.8,0.31
X-4927,FAM157A,728262.0,MutNovel,"WQQQ70W,0.556"
X-4927,FAM197Y2P,252946.0,Del0.8,0.26
X-4927,FAM21A,387680.0,Del0.8,0.55
X-4927,FAM41AY1,340618.0,Del0.8,0.25
X-4927,FAM41AY1,340618.0,Del0.8,0.25
X-4927,FAM59B,150946.0,MutNovel,"E589D,0.714"
X-4927,FBXO43,286151.0,MutNovel,"S591F,0.750"
X-4927,FFAR3,2865.0,Del0.8,0.24
X-4927,FLNC,2318.0,MutNovel,"R1982C,0.470"
X-4927,FRY,10129.0,MutNovel,"D789N,1.000"
X-4927,FUBP1,8880.0,MutNovel,"A557V,0.518"
X-4927,G6PC3,92579.0,MutNovel,"P341L,0.473"
X-4927,GIGYF2,26058.0,MutNovel,"PQ1231P,0.702"
X-4927,GKAP1,80318.0,MutNovel,"I324L,0.577"
X-4927,GOLGA2P2Y,84559.0,Del0.8,0.17
X-4927,GOLGA2P2Y,84559.0,Del0.8,0.25
X-4927,GOLGA8J,,MutNovel,"E457D,1.000"
X-4927,GPRIN2,9721.0,MutNovel,"-238MRE,0.474"
X-4927,GRIK2,2898.0,Del0.8,0.76
X-4927,GYG2P1,352887.0,Del0.8,0.25
X-4927,HECTD1,25831.0,MutNovel,"S808A,0.353"
X-4927,HERC2,8924.0,MutNovel,"R3644Q,0.636"
X-4927,HLA-B,3106.0,MutNovel,"H137L,0.867"
X-4927,HLA-DRB1,3123.0,MutNovel,"T186I,0.500"
X-4927,HSFY2,159119.0,Del0.8,0.25
X-4927,HSFY2,159119.0,Del0.8,0.25
X-4927,HSPG2,3339.0,MutNovel,"G4195C,0.508"
X-4927,INTS1,26173.0,MutNovel,"R941W,0.503"
X-4927,INTS9,55756.0,MutNovel,"G396R,0.359"
X-4927,IRS2,8660.0,MutNovel,"N28H,1.000"
X-4927,ITGB4,3691.0,MutNovel,"R826H,0.454"
X-4927,KDM5D,8284.0,Del0.8,0.25
X-4927,KDM6A,7403.0,Del0.8,0.61
X-4927,KIAA0664,23277.0,MutNovel,"V1011I,1.000"
X-4927,KLC1,3831.0,MutNovel,"I368S,0.485"
X-4927,KRAS,3845.0,MutKnownFunctional,"G12D,0.601"
X-4927,KRT2,3849.0,MutNovel,"V402M,1.000"
X-4927,KRT5,3852.0,MutNovel,"L449Q,1.000"
X-4927,KRT75,9119.0,MutNovel,"K245T,1.000"
X-4927,LCE3C,353144.0,Del0.8,0.27
X-4927,LDHB,3945.0,MutNovel,"N165S,0.667"
X-4927,LDLRAD3,143458.0,MutNovel,"E261K,0.400"
X-4927,LDOC1,23641.0,Del0.8,0.26
X-4927,LGALS9C,654346.0,Del0.8,0.31
X-4927,LIPE,3991.0,MutNovel,"KR497NG,0.455"
X-4927,LMNB2,84823.0,MutNovel,"R8C,1.000"
X-4927,LOC100132247,100132247.0,MutNovel,"T178S,0.333"
X-4927,LOC100132247,100132247.0,MutNovel,"P1098R,1.000"
X-4927,LOC100132858,,MutNovel,"R74K,0.727"
X-4927,LOC100132858,,MutNovel,"R70W,1.000"
X-4927,LOC100505781,,MutKnownFunctional,"R55*,1.000"
X-4927,LOC100505781,,MutNovel,"A52T,1.000"
X-4927,LOC100996612,,MutNovel,"R21G,1.000"
X-4927,LOC283710,283710.0,MutKnownFunctional,"-26,0.582"
X-4927,LOC284344,284344.0,Del0.8,0.33
X-4927,LOC728888,,MutNovel,"A1077V,0.333"
X-4927,LRRC41,10489.0,MutNovel,"R686C,0.511"
X-4927,LRRC8D,55144.0,MutNovel,"R821Q,0.542"
X-4927,MAGEB16,139604.0,Del0.8,0.41
X-4927,MAP3K4,4216.0,MutNovel,"PA1189P,0.455"
X-4927,MAP4K5,11183.0,MutNovel,"K491E,0.685"
X-4927,MASP1,5648.0,MutNovel,"S284L,0.333"
X-4927,MAST4,375449.0,MutNovel,"N1241T,0.571"
X-4927,MDC1,9656.0,MutNovel,"P1177S,0.309"
X-4927,MFAP4,4239.0,MutNovel,"R129H,1.000"
X-4927,MIA3,375056.0,MutNovel,"R1826Q,0.497"
X-4927,MICAL2,9645.0,MutNovel,"R160C,0.379"
X-4927,MIDN,90007.0,MutNovel,"C20G,1.000"
X-4927,MIR320D2,100302169.0,Del0.8,0.26
X-4927,MMACHC,25974.0,MutNovel,"M58V,0.432"
X-4927,MMP15,4324.0,MutNovel,"D596G,0.455"
X-4927,MPRIP,23164.0,MutNovel,"TS178T,0.560"
X-4927,MRPL36,64979.0,MutNovel,"Q102L,0.491"
X-4927,MST1,4485.0,MutNovel,"QR406-,0.300"
X-4927,MUC4,4585.0,MutNovel,"L4057A,0.800"
X-4927,MUC4,4585.0,MutNovel,"P4050H,0.750"
X-4927,MUC4,4585.0,MutNovel,"R3974P,1.000"
X-4927,MUC4,4585.0,MutNovel,"P3970H,0.333"
X-4927,MUC4,4585.0,MutNovel,"S3968P,0.375"
X-4927,MUC4,4585.0,MutNovel,"A3785V,0.658"
X-4927,MUC4,4585.0,MutNovel,"V2963D,0.239"
X-4927,MUC4,4585.0,MutNovel,"S2864P,1.000"
X-4927,MUC4,4585.0,MutNovel,"IP2837MT,0.750"
X-4927,MUC4,4585.0,MutNovel,"S2832P,0.667"
X-4927,MUC4,4585.0,MutNovel,"Q2605H,0.400"
X-4927,MUC4,4585.0,MutNovel,"A2393V,0.224"
X-4927,NBPF16,728936.0,MutNovel,"H627Q,0.455"
X-4927,NCAPG,64151.0,MutNovel,"N1011S,0.709"
X-4927,NCOR2,9612.0,MutNovel,"G1839GAAA,0.323"
X-4927,NCRNA00185,55410.0,Del0.8,0.25
X-4927,NFE2L3,9603.0,MutNovel,"V116M,0.585"
X-4927,NGEF,25791.0,MutNovel,"F8L,0.400"
X-4927,NLGN4Y,22829.0,Del0.8,0.25
X-4927,NOS3,4846.0,MutNovel,"T614A,0.235"
X-4927,OR4F5,79501.0,Del0.8,0.58
X-4927,OR52N5,390075.0,Del0.8,0.33
X-4927,ORAI1,84876.0,MutNovel,"PP43-,0.762"
X-4927,PCDH11Y,83259.0,Del0.8,0.35
X-4927,PDIA4,9601.0,MutNovel,"P3S,0.459"
X-4927,PHLDA1,22822.0,MutNovel,"QQ194Q,0.555"
X-4927,PIEZO1,9780.0,MutNovel,"Q2259H,0.439"
X-4927,PLD1,5337.0,MutNovel,"I404V,0.671"
X-4927,PLXND1,23129.0,MutNovel,"A399T,0.670"
X-4927,POLM,27434.0,MutNovel,"R256W,0.447"
X-4927,POTEE,445582.0,MutNovel,"R816N,0.364"
X-4927,PPP1R15A,23645.0,MutKnownFunctional,"-413,0.977"
X-4927,PRKY,5616.0,Del0.8,0.31
X-4927,PRY,9081.0,Del0.8,0.25
X-4927,PRY,9081.0,Del0.8,0.25
X-4927,PRY2,442862.0,Del0.8,0.25
X-4927,PRY2,442862.0,Del0.8,0.25
X-4927,PSG4,5672.0,Del0.8,0.62
X-4927,PTCHD3,374308.0,MutKnownFunctional,"-589,1.000"
X-4927,PUM1,9698.0,MutNovel,"P512A,0.485"
X-4927,RBMY1A3P,286557.0,Del0.8,0.26
X-4927,RBMY1B,378948.0,Del0.8,0.25
X-4927,RBMY1B,378948.0,Del0.8,0.25
X-4927,RBMY1E,378950.0,Del0.8,0.25
X-4927,RBMY1E,378950.0,Del0.8,0.25
X-4927,RBMY1F,159163.0,Del0.8,0.25
X-4927,RBMY1F,159163.0,Del0.8,0.25
X-4927,RBMY1J,378951.0,Del0.8,0.25
X-4927,RBMY1J,378951.0,Del0.8,0.25
X-4927,RBMY2EP,159125.0,Del0.8,0.25
X-4927,RBMY2FP,159162.0,Del0.8,0.25
X-4927,RBMY3AP,64593.0,Del0.8,0.25
X-4927,RGL4,266747.0,MutKnownFunctional,"-72,0.833"
X-4927,RHD,6007.0,MutNovel,"L121M,1.000"
X-4927,RIN3,79890.0,MutNovel,"G967-,0.296"
X-4927,RPIA,22934.0,MutNovel,"Q2P,0.353"
X-4927,RPS17L,,MutNovel,"K72R,0.357"
X-4927,RPS4Y1,6192.0,Del0.8,0.35
X-4927,RPS4Y2,140032.0,Del0.8,0.25
X-4927,RPS6KB2,6199.0,MutNovel,"Q365H,0.472"
X-4927,RUNX2,860.0,Del0.8,0.69
X-4927,RYK,6259.0,MutNovel,"A50V,0.532"
X-4927,SCAPER,49855.0,Del0.8,0.49
X-4927,SCRIB,23513.0,MutNovel,"E517K,0.349"
X-4927,SDR39U1,56948.0,MutNovel,"R151C,0.326"
X-4927,SELT,51714.0,MutNovel,"N184S,0.581"
X-4927,SERINC2,347735.0,MutNovel,"-373Q,0.584"
X-4927,SETD1A,9739.0,MutNovel,"R300W,0.529"
X-4927,SETD3,84193.0,MutNovel,"T267I,0.453"
X-4927,SIDT2,51092.0,MutNovel,"P120S,0.470"
X-4927,SLC39A7,7922.0,MutNovel,"R441T,0.996"
X-4927,SLC6A14,11254.0,Del0.8,0.74
X-4927,SMAD4,4089.0,MutKnownFunctional,"E520*,1.000"
X-4927,SMC6,79677.0,MutKnownFunctional,"-410?,0.253"
X-4927,SNAPC4,6621.0,MutNovel,"S542-,0.526"
X-4927,SOX12,6666.0,MutNovel,"S256P,0.398"
X-4927,SPANXB1,728695.0,Del0.8,0.26
X-4927,SPANXC,64663.0,Del0.8,0.26
X-4927,SPNS2,124976.0,MutNovel,"G73C,1.000"
X-4927,SRY,6736.0,Del0.8,0.35
X-4927,SUPT3H,8464.0,Del0.8,0.74
X-4927,TBL1Y,90665.0,Del0.8,0.31
X-4927,TCF24,100129654.0,MutKnownFunctional,"-156?,0.412"
X-4927,TCFL5,10732.0,MutNovel,"Q58R,0.444"
X-4927,TEX10,54881.0,MutNovel,"R703G,0.426"
X-4927,TGIF2LY,90655.0,Del0.8,0.35
X-4927,TIGD5,84948.0,MutNovel,"Y187D,0.581"
X-4927,TMSB4Y,9087.0,Del0.8,0.25
X-4927,TP53,7157.0,MutLikelyFunctional,"V272L,1.000"
X-4927,TRAPPC9,83696.0,MutNovel,"R651W,0.656"
X-4927,TSEN54,283989.0,MutNovel,"V498A,0.411"
X-4927,TSPY1,7258.0,Del0.8,0.26
X-4927,TSPY2,64591.0,Del0.8,0.13
X-4927,TSPY3,728137.0,Del0.8,0.26
X-4927,TSPY4,728395.0,Del0.8,0.26
X-4927,TSPY8,728403.0,Del0.8,0.26
X-4927,TSPYL1,7259.0,MutNovel,"V176VW,0.860"
X-4927,TTTY10,246119.0,Del0.8,0.25
X-4927,TTTY11,83866.0,Del0.8,0.26
X-4927,TTTY12,83867.0,Del0.8,0.26
X-4927,TTTY13,83868.0,Del0.8,0.25
X-4927,TTTY14,83869.0,Del0.8,0.25
X-4927,TTTY15,64595.0,Del0.8,0.25
X-4927,TTTY16,252948.0,Del0.8,0.26
X-4927,TTTY17A,252949.0,Del0.8,0.12
X-4927,TTTY17A,252949.0,Del0.8,0.17
X-4927,TTTY18,252950.0,Del0.8,0.26
X-4927,TTTY19,252952.0,Del0.8,0.26
X-4927,TTTY1B,100101116.0,Del0.8,0.25
X-4927,TTTY1B,100101116.0,Del0.8,0.13
X-4927,TTTY2,60439.0,Del0.8,0.25
X-4927,TTTY2,60439.0,Del0.8,0.13
X-4927,TTTY20,252951.0,Del0.8,0.26
X-4927,TTTY21,252953.0,Del0.8,0.31
X-4927,TTTY21,252953.0,Del0.8,0.25
X-4927,TTTY22,252954.0,Del0.8,0.25
X-4927,TTTY23,252955.0,Del0.8,0.25
X-4927,TTTY23,252955.0,Del0.8,0.13
X-4927,TTTY3,114760.0,Del0.8,0.17
X-4927,TTTY3,114760.0,Del0.8,0.25
X-4927,TTTY4,114761.0,Del0.8,0.12
X-4927,TTTY4,114761.0,Del0.8,0.17
X-4927,TTTY5,83863.0,Del0.8,0.25
X-4927,TTTY6,84672.0,Del0.8,0.25
X-4927,TTTY6,84672.0,Del0.8,0.25
X-4927,TTTY7,246122.0,Del0.8,0.31
X-4927,TTTY7,246122.0,Del0.8,0.25
X-4927,TTTY7B,100101120.0,Del0.8,0.31
X-4927,TTTY7B,100101120.0,Del0.8,0.25
X-4927,TTTY8,84673.0,Del0.8,0.31
X-4927,TTTY8,84673.0,Del0.8,0.25
X-4927,TTTY9A,83864.0,Del0.8,0.25
X-4927,TTTY9A,83864.0,Del0.8,0.25
X-4927,TXLNG2P,246126.0,Del0.8,0.25
X-4927,USP32P2,220594.0,Del0.8,0.31
X-4927,USP36,57602.0,MutNovel,"KKK958K,0.765"
X-4927,USP9Y,8287.0,Del0.8,0.25
X-4927,UTY,7404.0,Del0.8,0.25
X-4927,VCY,9084.0,Del0.8,0.25
X-4927,VCY,9084.0,Del0.8,0.25
X-4927,VDAC3,7419.0,MutNovel,"W142R,0.668"
X-4927,WDPCP,51057.0,MutNovel,"G58E,0.714"
X-4927,XKRY2,353515.0,Del0.8,0.25
X-4927,XKRY2,353515.0,Del0.8,0.25
X-4927,ZC3H4,23211.0,MutNovel,"A3T,1.000"
X-4927,ZFP14,57677.0,Del0.8,0.76
X-4927,ZFY,7544.0,Del0.8,0.35
X-4927,ZNF260,339324.0,MutNovel,"Q389H,0.333"
X-4927,ZNF467,168544.0,MutNovel,"V475I,0.500"
X-4927,ZNF772,400720.0,MutNovel,"A4GP,0.750"
X-4927,ZNFX1,57169.0,MutNovel,"Q807R,0.504"
X-5077,61E3.4,,MutNovel,"R1171G,0.571"
X-5077,61E3.4,,MutNovel,"N173S,0.235"
X-5077,AAED1,,MutNovel,"P4L,1.000"
X-5077,AARS2,57505.0,Amp5,7.94
X-5077,AATK,9625.0,MutNovel,"R793S,0.478"
X-5077,ABCB10,23456.0,MutNovel,"L84P,0.750"
X-5077,ABCC10,89845.0,Amp5,7.94
X-5077,AGAP10,,MutNovel,"D120E,0.800"
X-5077,AGAP4,119016.0,MutNovel,"S87N,0.833"
X-5077,AGAP5,729092.0,MutNovel,"R512H,0.462"
X-5077,AGRN,375790.0,MutNovel,"R4P,1.000"
X-5077,AHNAK2,113146.0,MutNovel,"NV2757KL,0.224"
X-5077,AKR1B15,441282.0,MutNovel,"N191S,1.000"
X-5077,ALG9,79796.0,MutNovel,"R503S,0.459"
X-5077,AMELY,266.0,Del0.8,0.36
X-5077,ANKDD1B,,MutNovel,"W159L,1.000"
X-5077,ANXA13,312.0,Amp8,14.83
X-5077,APOBEC2,10930.0,Amp5,7.94
X-5077,ASAP1,50807.0,Amp5,6.19
X-5077,ASPN,54829.0,MutNovel,"E52VK,0.833"
X-5077,ATAD2,29028.0,Amp8,14.83
X-5077,ATAD3C,219293.0,MutNovel,"A199T,0.571"
X-5077,ATP11A,23250.0,MutNovel,"S1135ST,0.669"
X-5077,ATP6V0CP3,442211.0,Amp5,7.94
X-5077,ATP6V0D2,245972.0,Amp5,7.52
X-5077,AVPR1A,552.0,MutNovel,"WPL19-,0.500"
X-5077,B4GALT6,9331.0,Amp5,6.54
X-5077,BAIAP3,8938.0,MutNovel,"A331T,1.000"
X-5077,BAZ1B,9031.0,MutNovel,"M863I,0.435"
X-5077,BCORP1,286554.0,Del0.8,0.36
X-5077,BPY2B,442867.0,Del0.8,0.36
X-5077,BPY2B,442867.0,Del0.8,0.36
X-5077,BTBD1,53339.0,MutNovel,"D472N,0.462"
X-5077,BTBD9,114781.0,Amp5,5.74
X-5077,BYSL,705.0,Amp5,7.94
X-5077,C11orf57,55216.0,MutNovel,"K150Q,0.291"
X-5077,C14orf169,79697.0,MutNovel,"R109C,0.708"
X-5077,C19orf6,91304.0,MutNovel,"S510R,0.808"
X-5077,C6orf108,10591.0,Amp5,7.94
X-5077,C6orf130,221443.0,Amp5,7.94
X-5077,C6orf132,647024.0,Amp5,7.94
X-5077,C6orf223,221416.0,Amp5,7.94
X-5077,C6orf226,441150.0,Amp5,7.94
X-5077,C8orf22,492307.0,Amp5,6.41
X-5077,C8orf44,56260.0,MutKnownFunctional,"R70*,1.000"
X-5077,C8orf59,401466.0,Amp8,11.24
X-5077,C8orf76,84933.0,Amp8,14.83
X-5077,CA1,759.0,Amp5,7.52
X-5077,CA13,377677.0,Amp8,9.19
X-5077,CA2,760.0,Amp5,7.52
X-5077,CA3,761.0,Amp5,7.52
X-5077,CA5A,763.0,MutNovel,"A149V,1.000"
X-5077,CAD,790.0,MutNovel,"T1691I,0.269"
X-5077,CAPN11,11131.0,Amp5,7.94
X-5077,CASZ1,54897.0,MutNovel,"P1738R,1.000"
X-5077,CBWD6,644019.0,MutKnownFunctional,"-259?,0.409"
X-5077,CCDC154,645811.0,MutNovel,"P61S,1.000"
X-5077,CCDC167,154467.0,Amp5,5.74
X-5077,CCDC66,285331.0,MutKnownFunctional,"-205?,0.353"
X-5077,CCND3,896.0,Amp5,7.94
X-5077,CCZ1,51622.0,MutNovel,"QFK375Q,0.276"
X-5077,CD2AP,23607.0,Amp5,7.94
X-5077,CDC5L,988.0,Amp5,7.94
X-5077,CDIPT,10423.0,MutNovel,"G60E,0.993"
X-5077,CDK11B,984.0,MutNovel,"D555E,0.224"
X-5077,CDKN2A,1029.0,MutNovel,"A109P,0.999"
X-5077,CDY1B,253175.0,Del0.8,0.36
X-5077,CDY1B,253175.0,Del0.8,0.36
X-5077,CDY2A,9426.0,Del0.8,0.36
X-5077,CDY2A,9426.0,Del0.8,0.36
X-5077,CDY2B,203611.0,Del0.8,0.36
X-5077,CDY2B,203611.0,Del0.8,0.36
X-5077,CEACAM1,634.0,MutNovel,"T100I,0.247"
X-5077,CEACAM3,1084.0,MutNovel,"G85E,0.770"
X-5077,CEACAM3,1084.0,MutNovel,"I117T,0.857"
X-5077,CEACAM3,1084.0,MutNovel,"Q123H,0.600"
X-5077,CEACAM8,1088.0,MutNovel,"D61H,1.000"
X-5077,CEBPD,1052.0,Amp5,6.41
X-5077,CELSR1,9620.0,MutNovel,"R1924S,0.881"
X-5077,CLIC5,53405.0,Amp5,7.94
X-5077,CNPY3,10695.0,Amp5,7.94
X-5077,COL14A1,7373.0,Amp5,7.73
X-5077,COLEC10,10584.0,Amp8,10.2
X-5077,CPZ,8532.0,MutNovel,"H503Q,0.667"
X-5077,CREM,1390.0,MutNovel,"P86A,0.295"
X-5077,CRIP3,401262.0,Amp5,7.94
X-5077,CSPG4P1Y,114758.0,Del0.8,0.36
X-5077,CSPG4P1Y,114758.0,Del0.8,0.36
X-5077,CTSA,5476.0,MutNovel,"L29-,0.412"
X-5077,CUL7,9820.0,Amp5,7.94
X-5077,CUL9,23113.0,Amp5,7.94
X-5077,CXorf40B,541578.0,MutNovel,"C53W,1.000"
X-5077,CYB5R4,51167.0,MutNovel,"L192S,0.981"
X-5077,CYP2W1,54905.0,MutNovel,"R241C,0.667"
X-5077,CYP39A1,51302.0,Amp5,7.94
X-5077,CYP3A4,1576.0,MutNovel,"T166K,1.000"
X-5077,DAAM2,23500.0,Amp5,5.74
X-5077,DACT2,168002.0,MutNovel,"V202M,1.000"
X-5077,DAZ1,1617.0,Del0.8,0.36
X-5077,DAZ2,57055.0,Del0.8,0.36
X-5077,DAZ3,57054.0,Del0.8,0.36
X-5077,DAZ3,57054.0,Del0.8,0.36
X-5077,DAZ4,57135.0,Del0.8,0.36
X-5077,DAZ4,57135.0,Del0.8,0.36
X-5077,DCAF4L2,138009.0,Amp5,5.03
X-5077,DDX3Y,8653.0,Del0.8,0.36
X-5077,DENND4B,9909.0,MutNovel,"Q910HR,0.439"
X-5077,DENND4C,55667.0,MutNovel,"K278R,1.000"
X-5077,DEPTOR,64798.0,Amp5,7.73
X-5077,DERL1,79139.0,Amp8,14.83
X-5077,DGKQ,1609.0,MutNovel,"R349W,0.652"
X-5077,DLK2,65989.0,Amp5,7.94
X-5077,DMBT1,1755.0,MutNovel,"P357S,0.864"
X-5077,DMBT1,1755.0,MutNovel,"T410M,0.318"
X-5077,DMBT1,1755.0,MutNovel,"T909M,0.429"
X-5077,DNAH8,1769.0,Amp5,5.74
X-5077,DPM1,8813.0,MutNovel,"R8G,0.494"
X-5077,DSC1,1823.0,Amp5,6.54
X-5077,DSC2,1824.0,Amp5,6.54
X-5077,DSC3,1825.0,Amp5,5.66
X-5077,DSCC1,79075.0,Amp5,7.73
X-5077,DSG1,1828.0,Amp5,6.54
X-5077,DSG2,1829.0,Amp5,6.54
X-5077,DSG3,1830.0,Amp5,6.54
X-5077,DSG4,147409.0,Amp5,6.54
X-5077,E2F5,1875.0,Amp8,11.24
X-5077,EBLN2,55096.0,MutNovel,"F45L,0.800"
X-5077,EFCAB1,79645.0,Amp5,6.41
X-5077,EFHC1,114327.0,Amp5,7.73
X-5077,EFTUD1,79631.0,MutNovel,"V198A,0.353"
X-5077,EIF1AY,9086.0,Del0.8,0.36
X-5077,EIF3C,8663.0,MutNovel,"V358I,0.529"
X-5077,ELOVL5,60481.0,Amp5,5.46
X-5077,ENPP2,5168.0,Amp5,7.73
X-5077,ENPP4,22875.0,Amp5,7.94
X-5077,ENPP5,59084.0,Amp5,7.94
X-5077,EPHA10,284656.0,MutKnownFunctional,"R356*,1.000"
X-5077,ERAP1,51752.0,MutNovel,"D274N,0.981"
X-5077,EXT1,2131.0,Amp5,7.89
X-5077,FAM135B,51059.0,Amp5,7.06
X-5077,FAM13A,10144.0,MutNovel,"P991L,0.261"
X-5077,FAM157A,728262.0,MutNovel,"R337K,1.000"
X-5077,FAM157A,728262.0,MutNovel,"A346T,0.800"
X-5077,FAM176A,84141.0,MutNovel,"V54M,0.500"
X-5077,FAM197Y2P,252946.0,Del0.8,0.36
X-5077,FAM41AY1,340618.0,Del0.8,0.36
X-5077,FAM41AY1,340618.0,Del0.8,0.36
X-5077,FAM49B,51571.0,Amp8,8.22
X-5077,FAM59A,64762.0,Amp5,6.54
X-5077,FAM82B,51115.0,Amp5,5.03
X-5077,FAM83A,84985.0,Amp8,14.83
X-5077,FAM83B,222584.0,Amp5,5.46
X-5077,FAM84B,157638.0,Amp8,14.83
X-5077,FAM86B1,85002.0,MutNovel,"R164Q,0.500"
X-5077,FAM90A1,55138.0,MutNovel,"G148R,1.000"
X-5077,FAM91A1,157769.0,Amp8,14.83
X-5077,FBXO32,114907.0,Amp8,14.83
X-5077,FBXO9,26268.0,Amp5,5.46
X-5077,FER1L6,654463.0,Amp8,14.83
X-5077,FER1L6-AS1,439941.0,Amp8,14.83
X-5077,FHOD1,29109.0,MutNovel,"R1121C,0.523"
X-5077,FLJ41649,401260.0,Amp5,5.74
X-5077,FOXP4,116113.0,Amp5,7.94
X-5077,FRAS1,80144.0,MutNovel,"C472Y,0.600"
X-5077,FRS3,10817.0,Amp5,7.94
X-5077,FSIP2,401024.0,MutNovel,"I505K,0.667"
X-5077,FTSJD2,23070.0,Amp8,8.57
X-5077,GCLC,2729.0,Amp5,5.46
X-5077,GCM1,8521.0,Amp5,5.46
X-5077,GFRAL,389400.0,Amp5,5.46
X-5077,GIGYF2,26058.0,MutNovel,"PQ1231P,0.484"
X-5077,GLO1,2739.0,Amp5,5.74
X-5077,GLP1R,2740.0,Amp5,5.74
X-5077,GMPPA,29926.0,MutNovel,"K294R,0.718"
X-5077,GNMT,27232.0,Amp5,7.94
X-5077,GOLGA2P2Y,84559.0,Del0.8,0.36
X-5077,GOLGA2P2Y,84559.0,Del0.8,0.36
X-5077,GPR110,266977.0,Amp5,7.94
X-5077,GPR111,222611.0,Amp5,6.19
X-5077,GPR116,221395.0,Amp5,7.94
X-5077,GPR89A,653519.0,MutNovel,"V220M,0.500"
X-5077,GPRIN2,9721.0,MutNovel,"-238MRE,0.520"
X-5077,GRB14,2888.0,MutKnownFunctional,"-297?,0.500"
X-5077,GSDMC,56169.0,Amp8,8.22
X-5077,GSTA1,2938.0,Amp5,5.46
X-5077,GSTA2,2939.0,Amp5,5.46
X-5077,GSTA3,2940.0,Amp5,5.46
X-5077,GSTA4,2941.0,Amp5,5.46
X-5077,GSTA5,221357.0,Amp5,5.46
X-5077,GSTA7P,730152.0,Amp5,5.46
X-5077,GTPBP2,54676.0,Amp5,7.94
X-5077,GUCA1A,2978.0,Amp5,7.94
X-5077,GUCA1B,2979.0,Amp5,7.94
X-5077,GYG2P1,352887.0,Del0.8,0.36
X-5077,GYLTL1B,120071.0,MutNovel,"A599V,1.000"
X-5077,HAS2,3037.0,Amp8,17.88
X-5077,HAS2-AS1,594842.0,Amp8,17.88
X-5077,HCRTR2,3062.0,Amp5,5.46
X-5077,HERC2,8924.0,MutNovel,"D1360H,0.219"
X-5077,HLA-DRB1,3123.0,MutNovel,"Q178H,0.965"
X-5077,HLA-DRB1,3123.0,MutNovel,"Y89P,1.000"
X-5077,HLA-DRB5,3127.0,MutNovel,"T210K,0.889"
X-5077,HMGCLL1,54511.0,Amp5,5.46
X-5077,HNRNPA1,3178.0,MutNovel,"NGG292N,0.305"
X-5077,HSFY2,159119.0,Del0.8,0.36
X-5077,HSFY2,159119.0,Del0.8,0.36
X-5077,HSP90AB1,3326.0,Amp5,7.94
X-5077,ICK,22858.0,Amp5,5.46
X-5077,IDUA,3425.0,MutNovel,"P528A,0.306"
X-5077,IGLL1,3543.0,MutNovel,"S123C,1.000"
X-5077,IGLL1,3543.0,MutNovel,"P120L,1.000"
X-5077,IL11,3589.0,MutNovel,"R146C,0.400"
X-5077,IL17A,3605.0,Amp5,7.73
X-5077,IL17F,112744.0,Amp5,7.73
X-5077,INTS1,26173.0,MutNovel,"K370R,0.673"
X-5077,IRF2BP2,359948.0,MutNovel,"-99S,0.659"
X-5077,ITGB1,3688.0,MutNovel,"S442N,0.300"
X-5077,JAZF1,221895.0,MutNovel,"KI79I,0.613"
X-5077,KCNK16,83795.0,Amp5,5.74
X-5077,KCNK17,89822.0,Amp5,5.74
X-5077,KCNK5,8645.0,Amp5,5.74
X-5077,KDM5D,8284.0,Del0.8,0.36
X-5077,KHSRP,8570.0,MutNovel,"A17T,1.000"
X-5077,KIAA0146,23514.0,Amp5,6.41
X-5077,KIAA0196,9897.0,Amp8,14.83
X-5077,KIAA0240,23506.0,Amp5,7.94
X-5077,KIF6,221458.0,Amp5,5.74
X-5077,KLC2,64837.0,MutNovel,"M511I,0.608"
X-5077,KLC4,89953.0,Amp5,7.94
X-5077,KLHDC3,116138.0,Amp5,7.94
X-5077,KLHL31,401265.0,Amp5,5.46
X-5077,KLHL38,340359.0,Amp8,14.83
X-5077,KRAS,3845.0,MutKnownFunctional,"G12D,0.609"
X-5077,KRT10,3858.0,MutNovel,"G543A,0.302"
X-5077,KRT14,3861.0,MutNovel,"A197V,1.000"
X-5077,KRT73,319101.0,MutNovel,"L299M,1.000"
X-5077,LAMA5,3911.0,MutNovel,"P3658S,0.487"
X-5077,LAMA5,3911.0,MutNovel,"T709M,0.423"
X-5077,LAMA5,3911.0,MutNovel,"PARG69P,0.424"
X-5077,LARP1,23367.0,MutNovel,"R762C,1.000"
X-5077,LDLRAD1,388633.0,MutNovel,"T158I,1.000"
X-5077,LGALS9B,284194.0,MutNovel,"T152A,0.214"
X-5077,LGALS9B,284194.0,MutNovel,"V126M,0.714"
X-5077,LINC00293,497634.0,Amp5,6.41
X-5077,LMTK2,22853.0,MutNovel,"D1244E,0.786"
X-5077,LOC100130231,100130231.0,Amp8,14.83
X-5077,LOC100131047,100131047.0,Amp5,5.74
X-5077,LOC100131726,100131726.0,Amp8,14.83
X-5077,LOC100132354,100132354.0,Amp5,7.94
X-5077,LOC100287036,100287036.0,MutNovel,"R24L,1.000"
X-5077,LOC100287036,100287036.0,MutNovel,"G40R,1.000"
X-5077,LOC100287718,100287718.0,Amp5,7.94
X-5077,LOC100287846,100287846.0,Amp5,6.41
X-5077,LOC100505767,,MutNovel,"T15K,1.000"
X-5077,LOC100506504,,MutNovel,"P157Q,1.000"
X-5077,LOC100507607,,MutNovel,"V199D,0.500"
X-5077,LOC100652770,100652770.0,Amp5,6.54
X-5077,LOC100653515,100653515.0,MutNovel,"D494G,0.600"
X-5077,LOC157381,157381.0,Amp8,14.83
X-5077,LOC642131,,MutNovel,"S51G,1.000"
X-5077,LOC642131,,MutNovel,"G46D,1.000"
X-5077,LOC642131,,MutNovel,"V42T,1.000"
X-5077,LOC727677,727677.0,Amp8,14.83
X-5077,LOC728724,728724.0,Amp8,14.12
X-5077,LOC730101,730101.0,Amp5,5.46
X-5077,LRFN2,57497.0,Amp5,5.74
X-5077,LRRC1,55227.0,Amp5,5.46
X-5077,LRRC73,221424.0,Amp5,7.94
X-5077,LRRCC1,85444.0,Amp8,11.24
X-5077,MAD2L1BP,9587.0,Amp5,7.94
X-5077,MAL2,114569.0,Amp8,10.2
X-5077,MAST4,375449.0,MutNovel,"A77P,1.000"
X-5077,MCM3,4172.0,Amp5,7.73
X-5077,MCM4,4173.0,Amp5,6.41
X-5077,MCM9,254394.0,MutNovel,"S1047T,1.000"
X-5077,MDFI,4188.0,Amp5,7.94
X-5077,MDGA1,266727.0,Amp5,5.74
X-5077,MEA1,4201.0,Amp5,7.94
X-5077,MED20,9477.0,Amp5,7.94
X-5077,MED30,90390.0,Amp5,7.89
X-5077,MEP1A,4224.0,Amp5,7.94
X-5077,MEP1B,4225.0,Amp5,6.54
X-5077,METTL2B,55798.0,MutNovel,"P155L,0.518"
X-5077,MIR1204,100302185.0,Amp8,14.83
X-5077,MIR1205,100302161.0,Amp8,14.83
X-5077,MIR1206,100302170.0,Amp8,14.83
X-5077,MIR1207,100302175.0,Amp8,14.83
X-5077,MIR1208,100302281.0,Amp8,14.83
X-5077,MIR133B,442890.0,Amp5,7.73
X-5077,MIR206,406989.0,Amp5,7.73
X-5077,MIR30B,407030.0,Amp5,6.41
X-5077,MIR30D,407033.0,Amp5,6.41
X-5077,MIR4462,100616413.0,Amp5,5.74
X-5077,MIR4641,100616178.0,Amp5,7.94
X-5077,MIR4642,100616352.0,Amp5,7.94
X-5077,MIR4647,100616124.0,Amp5,7.94
X-5077,MIR4663,100616260.0,Amp8,14.83
X-5077,MIR570,693155.0,Amp5,7.01
X-5077,MIR586,693171.0,Amp5,7.94
X-5077,MKL1,57591.0,MutNovel,"AP569-,0.768"
X-5077,MLIP,90523.0,Amp5,5.46
X-5077,MLLT3,4300.0,MutNovel,"S228Y,0.991"
X-5077,MOCS1,4337.0,Amp5,5.74
X-5077,MRPL13,28998.0,Amp5,7.73
X-5077,MRPL14,64928.0,Amp5,7.94
X-5077,MRPL2,51069.0,Amp5,7.94
X-5077,MRPS10,55173.0,Amp5,7.94
X-5077,MRPS18A,55168.0,Amp5,7.94
X-5077,MTBP,27085.0,Amp5,7.73
X-5077,MTSS1,9788.0,Amp8,14.83
X-5077,MUC20,200958.0,Amp5,7.01
X-5077,MUC3A,,MutNovel,"A42T,1.000"
X-5077,MUC3A,,MutNovel,"F453S,0.875"
X-5077,MUC3A,,MutNovel,"R485P,0.980"
X-5077,MUC3A,,MutNovel,"E601Q,1.000"
X-5077,MUC3A,,MutNovel,"I736T,1.000"
X-5077,MUC4,4585.0,MutNovel,"R3920H,1.000"
X-5077,MUC4,4585.0,MutNovel,"P2594H,1.000"
X-5077,MUC4,4585.0,Amp5,5.06
X-5077,MUC5B,727897.0,MutNovel,"R2211C,0.621"
X-5077,MYC,4609.0,Amp8,14.83
X-5077,NAGK,55577.0,MutNovel,"S44C,0.237"
X-5077,NBPF10,100132406.0,MutNovel,"S1352T,1.000"
X-5077,NBPF9,400818.0,MutNovel,"G580E,0.800"
X-5077,NCOR2,9612.0,MutNovel,"G1839GAAA,0.333"
X-5077,NCR2,9436.0,Amp5,7.94
X-5077,NCR3LG1,,MutNovel,"S414L,0.867"
X-5077,NCRNA00185,55410.0,Del0.8,0.36
X-5077,NDUFB9,4715.0,Amp8,14.83
X-5077,NFE2L2,4780.0,MutNovel,"V432L,0.754"
X-5077,NFE2L2,4780.0,MutNovel,"R43Q,0.201"
X-5077,NFKBIE,4794.0,Amp5,7.94
X-5077,NFYA,4800.0,Amp5,7.94
X-5077,NLGN4Y,22829.0,Del0.8,0.36
X-5077,NOV,4856.0,Amp8,10.2
X-5077,NPIPL3,23117.0,MutNovel,"P845L,0.317"
X-5077,NPIPL3,23117.0,MutNovel,"P787S,0.656"
X-5077,NRD1,4898.0,MutNovel,"K1133R,0.997"
X-5077,NSMCE2,286053.0,Amp8,14.83
X-5077,NUP205,23165.0,MutNovel,"D1589N,0.261"
X-5077,OGFR,11054.0,MutNovel,"S579L,0.208"
X-5077,ORAI1,84876.0,MutNovel,"PP43-,0.742"
X-5077,P2RY2,5029.0,MutNovel,"R315H,0.667"
X-5077,PABPC3,5042.0,MutNovel,"E239G,0.667"
X-5077,PALMD,54873.0,MutNovel,"S354L,1.000"
X-5077,PAQR8,85315.0,Amp5,7.73
X-5077,PCAT1,100750225.0,Amp8,14.83
X-5077,PCDH11Y,83259.0,Del0.8,0.36
X-5077,PDHB,5162.0,MutNovel,"R13Q,0.671"
X-5077,PDK3,5165.0,MutNovel,"K410Q,1.000"
X-5077,PDZK1,5174.0,MutNovel,"E195K,0.714"
X-5077,PEX6,5190.0,Amp5,7.94
X-5077,PGC,5225.0,Amp5,7.94
X-5077,PHLDA1,22822.0,MutNovel,"QQ194Q,0.527"
X-5077,PKD1,5310.0,MutNovel,"H2607L,0.350"
X-5077,PKHD1,5314.0,Amp5,7.73
X-5077,PLA2G7,7941.0,Amp5,7.94
X-5077,PMS1,5378.0,MutNovel,"I828V,0.272"
X-5077,PNPLA6,10908.0,MutNovel,"P353L,0.900"
X-5077,PODXL2,50512.0,MutNovel,"EE165-,0.466"
X-5077,POLH,5429.0,Amp5,7.94
X-5077,POLR1C,9533.0,Amp5,7.94
X-5077,POU5F1B,5462.0,Amp8,14.83
X-5077,PPP2R3B,28227.0,MutKnownFunctional,"E667*,1.000"
X-5077,PPP2R5D,5528.0,Amp5,7.94
X-5077,PRB2,653247.0,MutNovel,"R357Q,0.500"
X-5077,PRICKLE4,29964.0,Amp5,7.94
X-5077,PRIM1,5557.0,MutNovel,"L416F,0.413"
X-5077,PRKDC,5591.0,Amp5,6.41
X-5077,PRKY,5616.0,Del0.8,0.36
X-5077,PRPH2,5961.0,Amp5,7.94
X-5077,PRRC2B,84726.0,MutNovel,"F1115V,0.316"
X-5077,PRRC2C,23215.0,MutNovel,"Y663C,0.915"
X-5077,PRY,9081.0,Del0.8,0.36
X-5077,PRY,9081.0,Del0.8,0.36
X-5077,PRY2,442862.0,Del0.8,0.36
X-5077,PRY2,442862.0,Del0.8,0.36
X-5077,PSG8,440533.0,MutNovel,"R285K,0.800"
X-5077,PSKH2,85481.0,Amp5,7.52
X-5077,PTCRA,171558.0,Amp5,7.94
X-5077,PTK7,5754.0,Amp5,7.94
X-5077,PVT1,5820.0,Amp8,14.83
X-5077,RALY,22913.0,MutNovel,"-231S,0.263"
X-5077,RALYL,138046.0,Amp8,8.34
X-5077,RBMY1A3P,286557.0,Del0.8,0.36
X-5077,RBMY1B,378948.0,Del0.8,0.36
X-5077,RBMY1B,378948.0,Del0.8,0.36
X-5077,RBMY1E,378950.0,Del0.8,0.36
X-5077,RBMY1E,378950.0,Del0.8,0.36
X-5077,RBMY1F,159163.0,Del0.8,0.36
X-5077,RBMY1F,159163.0,Del0.8,0.36
X-5077,RBMY1J,378951.0,Del0.8,0.36
X-5077,RBMY1J,378951.0,Del0.8,0.36
X-5077,RBMY2EP,159125.0,Del0.8,0.36
X-5077,RBMY2FP,159162.0,Del0.8,0.36
X-5077,RBMY3AP,64593.0,Del0.8,0.36
X-5077,RCAN2,10231.0,Amp5,7.94
X-5077,RCL1,10171.0,MutNovel,"G96R,0.390"
X-5077,REXO1L1,254958.0,Amp5,7.52
X-5077,REXO1L2P,100288527.0,Amp5,7.52
X-5077,REXO1L2P,100288527.0,Amp5,7.52
X-5077,RGPD8,727851.0,MutNovel,"F924C,1.000"
X-5077,RIF1,55183.0,MutNovel,"EIC1837G,0.815"
X-5077,RIN3,79890.0,MutNovel,"G967-,0.526"
X-5077,RINT1,60561.0,MutNovel,"P291S,0.990"
X-5077,RNF125,54941.0,Amp5,6.54
X-5077,RNF138,51444.0,Amp5,6.54
X-5077,RNF139,11236.0,Amp8,14.83
X-5077,RPL14,9045.0,MutNovel,"GT148G,0.323"
X-5077,RPL7L1,285855.0,Amp5,7.94
X-5077,RPS4Y1,6192.0,Del0.8,0.36
X-5077,RPS4Y2,140032.0,Del0.8,0.36
X-5077,RRP36,88745.0,Amp5,7.94
X-5077,RSPH9,221421.0,Amp5,7.94
X-5077,RUNX2,860.0,Amp5,7.94
X-5077,SAMD12,401474.0,Amp8,9.38
X-5077,SAMD12-AS1,552860.0,Amp8,10.2
X-5077,SAYSD1,55776.0,Amp5,5.74
X-5077,SDHAP2,727956.0,Amp5,7.01
X-5077,SEC23IP,11196.0,MutNovel,"M677I,0.255"
X-5077,SERINC2,347735.0,MutNovel,"-373Q,0.750"
X-5077,SF3A1,10291.0,MutNovel,"G365R,0.291"
X-5077,SLC22A7,10864.0,Amp5,7.94
X-5077,SLC25A27,9481.0,Amp5,7.94
X-5077,SLC29A1,2030.0,Amp5,7.94
X-5077,SLC35B2,347734.0,Amp5,7.94
X-5077,SLC7A13,157724.0,Amp5,7.52
X-5077,SMARCD2,6603.0,MutNovel,"A24V,0.759"
X-5077,SMG1,23049.0,MutNovel,"R1020H,0.231"
X-5077,SMOC1,64093.0,MutNovel,"S221L,0.500"
X-5077,SMURF2,64750.0,MutNovel,"L613V,0.246"
X-5077,SNAI2,6591.0,Amp5,6.41
X-5077,SNAPC4,6621.0,MutNovel,"K265R,0.676"
X-5077,SNTB1,6641.0,Amp5,7.73
X-5077,SPATS1,221409.0,Amp5,7.94
X-5077,SPIRE1,56907.0,MutNovel,"P78L,0.231"
X-5077,SQLE,6713.0,Amp8,14.83
X-5077,SRF,6722.0,Amp5,7.94
X-5077,SRFBP1,153443.0,MutKnownFunctional,"-234?,0.277"
X-5077,SRPK1,6732.0,MutNovel,"E646K,0.345"
X-5077,SRXN1,140809.0,MutNovel,"P24R,0.571"
X-5077,SRY,6736.0,Del0.8,0.36
X-5077,SUPT3H,8464.0,Amp5,7.94
X-5077,SUSD1,64420.0,MutNovel,"H145D,0.488"
X-5077,SYT2,127833.0,MutNovel,"Q261A,0.500"
X-5077,TAF2,6873.0,Amp5,7.73
X-5077,TAF8,129685.0,Amp5,7.94
X-5077,TATDN1,83940.0,Amp8,14.83
X-5077,TBC1D26,353149.0,MutNovel,"D34G,1.000"
X-5077,TBCC,6903.0,Amp5,7.94
X-5077,TBL1Y,90665.0,Del0.8,0.36
X-5077,TBP,6908.0,MutNovel,"-64Q,0.333"
X-5077,TBRG1,84897.0,MutNovel,"L233LYI,0.201"
X-5077,TCTE1,202500.0,Amp5,7.94
X-5077,TDRD6,221400.0,Amp5,7.94
X-5077,TDRG1,732253.0,Amp5,5.74
X-5077,TFAP2B,7021.0,Amp5,7.73
X-5077,TFAP2D,83741.0,Amp5,7.73
X-5077,TFEB,7942.0,Amp5,7.94
X-5077,TGIF2LY,90655.0,Del0.8,0.36
X-5077,THUMPD1,55623.0,MutNovel,"Q6R,0.710"
X-5077,TICRR,,MutNovel,"V803I,0.500"
X-5077,TINAG,27283.0,Amp5,5.46
X-5077,TJAP1,93643.0,Amp5,7.94
X-5077,TJP2,9414.0,MutNovel,"A485V,0.308"
X-5077,TLCD2,727910.0,MutNovel,"R190Q,1.000"
X-5077,TMEM14A,28978.0,Amp5,5.46
X-5077,TMEM151B,441151.0,Amp5,7.94
X-5077,TMEM63B,55362.0,Amp5,7.94
X-5077,TMEM65,157378.0,Amp8,14.83
X-5077,TMSB4Y,9087.0,Del0.8,0.36
X-5077,TNFRSF11B,4982.0,Amp8,10.2
X-5077,TNFRSF21,27242.0,Amp5,7.94
X-5077,TOMM6,100188893.0,Amp5,7.94
X-5077,TP53,7157.0,MutNovel,"T125K,0.995"
X-5077,TPRN,286262.0,MutNovel,"EE614E,0.438"
X-5077,TRAM2,9697.0,Amp5,7.73
X-5077,TRAPPC8,22878.0,Amp5,6.54
X-5077,TREM1,54210.0,Amp5,7.94
X-5077,TREM2,54209.0,Amp5,7.94
X-5077,TREML1,340205.0,Amp5,7.94
X-5077,TREML2,79865.0,Amp5,7.94
X-5077,TREML4,285852.0,Amp5,7.94
X-5077,TRERF1,55809.0,Amp5,7.94
X-5077,TRIB1,10221.0,Amp8,14.83
X-5077,TRMT12,55039.0,Amp8,14.83
X-5077,TSC2,7249.0,MutNovel,"A1141V,1.000"
X-5077,TSC2,7249.0,MutNovel,"V1790M,0.992"
X-5077,TSPO2,222642.0,Amp5,7.16
X-5077,TSPY1,7258.0,Del0.8,0.36
X-5077,TSPY2,64591.0,Del0.8,0.36
X-5077,TSPY3,728137.0,Del0.8,0.36
X-5077,TSPY4,728395.0,Del0.8,0.36
X-5077,TSPY8,728403.0,Del0.8,0.36
X-5077,TSPYL1,7259.0,MutNovel,"V176VW,0.879"
X-5077,TTBK1,84630.0,Amp5,7.94
X-5077,TTLL6,284076.0,MutNovel,"G29A,1.000"
X-5077,TTN,7273.0,MutNovel,"Y23861H,0.800"
X-5077,TTR,7276.0,Amp5,6.54
X-5077,TTTY10,246119.0,Del0.8,0.36
X-5077,TTTY11,83866.0,Del0.8,0.36
X-5077,TTTY12,83867.0,Del0.8,0.36
X-5077,TTTY13,83868.0,Del0.8,0.36
X-5077,TTTY14,83869.0,Del0.8,0.36
X-5077,TTTY15,64595.0,Del0.8,0.36
X-5077,TTTY16,252948.0,Del0.8,0.36
X-5077,TTTY17A,252949.0,Del0.8,0.36
X-5077,TTTY17A,252949.0,Del0.8,0.36
X-5077,TTTY18,252950.0,Del0.8,0.36
X-5077,TTTY19,252952.0,Del0.8,0.36
X-5077,TTTY1B,100101116.0,Del0.8,0.36
X-5077,TTTY1B,100101116.0,Del0.8,0.36
X-5077,TTTY2,60439.0,Del0.8,0.36
X-5077,TTTY2,60439.0,Del0.8,0.36
X-5077,TTTY20,252951.0,Del0.8,0.36
X-5077,TTTY21,252953.0,Del0.8,0.36
X-5077,TTTY21,252953.0,Del0.8,0.36
X-5077,TTTY22,252954.0,Del0.8,0.36
X-5077,TTTY23,252955.0,Del0.8,0.36
X-5077,TTTY23,252955.0,Del0.8,0.36
X-5077,TTTY3,114760.0,Del0.8,0.36
X-5077,TTTY3,114760.0,Del0.8,0.36
X-5077,TTTY4,114761.0,Del0.8,0.36
X-5077,TTTY4,114761.0,Del0.8,0.36
X-5077,TTTY5,83863.0,Del0.8,0.36
X-5077,TTTY6,84672.0,Del0.8,0.36
X-5077,TTTY6,84672.0,Del0.8,0.36
X-5077,TTTY7,246122.0,Del0.8,0.36
X-5077,TTTY7,246122.0,Del0.8,0.36
X-5077,TTTY7B,100101120.0,Del0.8,0.36
X-5077,TTTY7B,100101120.0,Del0.8,0.36
X-5077,TTTY8,84673.0,Del0.8,0.36
X-5077,TTTY8,84673.0,Del0.8,0.36
X-5077,TTTY9A,83864.0,Del0.8,0.36
X-5077,TTTY9A,83864.0,Del0.8,0.36
X-5077,TXLNG2P,246126.0,Del0.8,0.36
X-5077,UBE2V2,7336.0,Amp5,6.41
X-5077,UBR2,23304.0,Amp5,7.94
X-5077,UBXN2A,165324.0,MutNovel,"K8R,0.206"
X-5077,UGT1A7,54577.0,MutNovel,"L193H,0.500"
X-5077,ULBP2,80328.0,MutNovel,"T38I,0.982"
X-5077,UNC5CL,222643.0,Amp5,5.74
X-5077,USP49,25862.0,Amp5,7.94
X-5077,USP9Y,8287.0,Del0.8,0.36
X-5077,UTY,7404.0,Del0.8,0.36
X-5077,VCY,9084.0,Del0.8,0.36
X-5077,VCY,9084.0,Del0.8,0.36
X-5077,VEGFA,7422.0,Amp5,7.94
X-5077,WBP11P1,441818.0,Amp5,6.54
X-5077,WDR67,93594.0,Amp8,14.83
X-5077,WDYHV1,55093.0,Amp8,14.83
X-5077,WWP1,11059.0,Amp5,5.03
X-5077,XKRY2,353515.0,Del0.8,0.36
X-5077,XKRY2,353515.0,Del0.8,0.36
X-5077,XPO5,57510.0,Amp5,7.94
X-5077,YIPF3,25844.0,Amp5,7.94
X-5077,ZFAND3,60685.0,Amp5,5.74
X-5077,ZFAT,57623.0,Amp5,6.41
X-5077,ZFAT-AS1,594840.0,Amp5,6.41
X-5077,ZFHX2,85446.0,MutNovel,"R2168H,1.000"
X-5077,ZFY,7544.0,Del0.8,0.36
X-5077,ZHX1,11244.0,Amp8,14.83
X-5077,ZHX1-C8ORF76,100533106.0,Amp8,14.83
X-5077,ZHX2,22882.0,Amp8,11.31
X-5077,ZNF219,51222.0,MutNovel,"QPP233P,0.402"
X-5077,ZNF222,7673.0,MutKnownFunctional,"-216,0.444"
X-5077,ZNF318,24149.0,Amp5,7.94
X-5077,ZNF365,22891.0,MutKnownFunctional,"R323*,0.600"
X-5077,ZNF384,171017.0,MutNovel,"QQ514Q,0.320"
X-5077,ZNF419,79744.0,MutNovel,"Q305R,0.266"
X-5077,ZNF572,137209.0,Amp8,14.83
X-5077,ZNF577,84765.0,MutKnownFunctional,"-393,0.542"
X-5077,ZNF587,84914.0,MutNovel,"R279Q,0.966"
X-5077,ZNF638,27332.0,MutNovel,"D1014G,0.204"
X-5077,ZNF721,170960.0,MutNovel,"D197Y,0.409"
X-5077,ZNF749,388567.0,MutNovel,"L3V,0.400"
X-5077,ZNF772,400720.0,MutNovel,"A4GP,0.467"
X-5077,ZNF805,390980.0,MutNovel,"N206H,0.375"
X-5077,ZNF814,730051.0,MutNovel,"H213Q,0.286"
X-5077,ZNF91,7644.0,MutNovel,"T982S,0.857"
X-5205,ACOT1,641371.0,Del0.8,0.55
X-5205,ADAM3A,1587.0,Del0.8,0.15
X-5205,ADAM5P,255926.0,Del0.8,0.45
X-5205,AGAP7,653268.0,MutNovel,"E591D,0.800"
X-5205,AGAP8,728404.0,MutKnownFunctional,"-593,0.611"
X-5205,AGAP8,728404.0,MutNovel,"E591D,0.647"
X-5205,AGAP8,728404.0,MutNovel,"L324V,0.412"
X-5205,ANAPC1,64682.0,MutNovel,"A1297T,0.260"
X-5205,ANKHD1-EIF4EBP3,404734.0,MutKnownFunctional,"-1460?,0.370"
X-5205,ANKRD20A2,,MutNovel,"R573W,1.000"
X-5205,ANKRD36,375248.0,MutNovel,"T998S,0.293"
X-5205,ANKRD9,122416.0,MutNovel,"A22T,0.333"
X-5205,APC,324.0,Del0.8,0.34
X-5205,AQP6,363.0,MutNovel,"C193S,0.500"
X-5205,ARHGAP23,57636.0,MutNovel,"R265P,0.505"
X-5205,ASIC2,,MutNovel,"R46L,0.737"
X-5205,ASMTL,8623.0,MutNovel,"D227N,0.533"
X-5205,ATG9B,285973.0,MutNovel,"P73T,0.574"
X-5205,AVEN,57099.0,MutNovel,"GGGGG41G,0.278"
X-5205,AZGP1,563.0,MutNovel,"K198E,0.286"
X-5205,BTN3A3,10384.0,MutNovel,"G421V,0.333"
X-5205,C20orf112,140688.0,MutNovel,"R552Q,0.500"
X-5205,C21orf58,54058.0,MutNovel,"H299PN,1.000"
X-5205,C6orf223,221416.0,MutNovel,"AA124-,0.452"
X-5205,C7orf50,84310.0,MutKnownFunctional,"R187*,0.472"
X-5205,CAMKK2,10645.0,MutKnownFunctional,"-538?,1.000"
X-5205,CARNS1,57571.0,MutNovel,"L302P,0.414"
X-5205,CASKIN1,57524.0,MutNovel,"D870E,0.438"
X-5205,CBWD2,150472.0,MutNovel,"S82R,0.409"
X-5205,CBWD6,644019.0,MutKnownFunctional,"-259?,0.421"
X-5205,CCDC71L,168455.0,MutNovel,"T18P,0.545"
X-5205,CD8B,926.0,MutNovel,"R51C,0.444"
X-5205,CDKN1C,1028.0,MutKnownFunctional,"E222*,0.606"
X-5205,CDKN1C,1028.0,MutNovel,"APVAV171V,1.000"
X-5205,CDKN1C,1028.0,MutNovel,"VAAPV169V,1.000"
X-5205,CEL,1056.0,MutNovel,"S690A,1.000"
X-5205,CES1P1,51716.0,Del0.8,0.72
X-5205,CGNL1,84952.0,MutNovel,"K801R,0.273"
X-5205,CHRNA3,1136.0,MutNovel,"L23-,0.511"
X-5205,CLEC18C,283971.0,Del0.8,0.52
X-5205,CNTNAP3,79937.0,MutKnownFunctional,"-533,0.333"
X-5205,CNTNAP3,79937.0,MutKnownFunctional,"R399*,0.214"
X-5205,CNTNAP3B,728577.0,MutKnownFunctional,"-533,1.000"
X-5205,CNTNAP3B,728577.0,MutNovel,"G1206W,0.286"
X-5205,CNTNAP4,85445.0,Del0.8,0.77
X-5205,COL4A3BP,10087.0,MutNovel,"R73G,0.500"
X-5205,COL6A1,1291.0,MutNovel,"A962G,0.488"
X-5205,CPD,1362.0,MutNovel,"K1220R,0.569"
X-5205,CRTAP,10491.0,MutNovel,"R30S,0.497"
X-5205,CTAGE4,100128553.0,MutNovel,"P639L,1.000"
X-5205,CTSA,5476.0,MutNovel,"L29-,0.364"
X-5205,DACH1,1602.0,MutNovel,"GG82-,1.000"
X-5205,DEFA1,,MutNovel,"A24E,1.000"
X-5205,DEFA1,,MutNovel,"P21S,1.000"
X-5205,DEFA1,,MutNovel,"L4I,1.000"
X-5205,DEFA1B,728358.0,MutNovel,"P21S,1.000"
X-5205,DEFA1B,728358.0,MutNovel,"L4I,1.000"
X-5205,DEFA3,,MutNovel,"A24E,1.000"
X-5205,DEFA3,,MutNovel,"P21S,1.000"
X-5205,DEFA3,,MutNovel,"L4I,0.797"
X-5205,DHX57,90957.0,MutKnownFunctional,"R964*,0.404"
X-5205,DMGDH,29958.0,MutNovel,"G133D,0.500"
X-5205,EP400,57634.0,MutNovel,"-2728QQ,0.760"
X-5205,EPB41L4A,64097.0,Del0.8,0.22
X-5205,ERAP1,51752.0,MutKnownFunctional,"-621,1.000"
X-5205,EXD2,55218.0,MutNovel,"Y469C,0.504"
X-5205,FAHD2A,51011.0,MutNovel,"G50R,0.225"
X-5205,FAHD2A,51011.0,MutNovel,"V52I,0.211"
X-5205,FAM18B1,51030.0,MutNovel,"A155S,0.502"
X-5205,FAM197Y2P,252946.0,Del0.8,0.54
X-5205,FAM207A,85395.0,MutNovel,"P210A,0.509"
X-5205,FAM21C,253725.0,MutNovel,"T758S,0.500"
X-5205,FAM65B,9750.0,MutNovel,"G449D,0.675"
X-5205,FAM86DP,692099.0,Del0.8,0.17
X-5205,FAT1,2195.0,MutNovel,"P2916S,0.539"
X-5205,FBF1,85302.0,MutNovel,"S407N,0.382"
X-5205,FBXO11,80204.0,MutNovel,"PPQQQP40P,0.435"
X-5205,FBXO15,201456.0,MutKnownFunctional,"-232?,0.333"
X-5205,FLJ11235,54508.0,Del0.8,0.08
X-5205,FLYWCH1,84256.0,MutNovel,"G25S,0.493"
X-5205,FOXI3,344167.0,MutKnownFunctional,"-101?,1.000"
X-5205,FPGT,8790.0,MutNovel,"Y267C,0.475"
X-5205,FREM2,341640.0,Del0.8,0.43
X-5205,GBGT1,26301.0,MutNovel,"R303H,0.816"
X-5205,GDF1,2657.0,MutNovel,"A157GP,0.619"
X-5205,GIGYF2,26058.0,MutNovel,"PQ1231P,1.000"
X-5205,GIN1,54826.0,Del0.8,0.16
X-5205,GP1BA,2811.0,MutNovel,"V259M,0.667"
X-5205,GPR137C,283554.0,MutNovel,"S27G,1.000"
X-5205,GPRC5D,55507.0,MutNovel,"A133V,0.417"
X-5205,GPRIN2,9721.0,MutNovel,"-238MRE,0.925"
X-5205,GSTM1,2944.0,Del0.8,0.52
X-5205,GTF2H2C,728340.0,MutNovel,"R54Q,0.800"
X-5205,HCN2,610.0,MutNovel,"R76H,0.550"
X-5205,HIVEP1,3096.0,MutNovel,"P2274L,0.520"
X-5205,HIVEP3,59269.0,MutNovel,"K1591N,0.443"
X-5205,HLA-B,3106.0,MutNovel,"R194G,0.259"
X-5205,HLA-C,3107.0,MutNovel,"R194G,0.336"
X-5205,HLA-G,3135.0,MutNovel,"E277Q,0.400"
X-5205,IFT140,9742.0,MutNovel,"V1455L,0.482"
X-5205,INTS1,26173.0,MutNovel,"P1920L,0.508"
X-5205,INTS7,25896.0,MutNovel,"Q219R,0.332"
X-5205,IRS2,8660.0,MutNovel,"-702P,0.480"
X-5205,ITM2B,9445.0,Del0.8,0.34
X-5205,KCMF1,56888.0,MutNovel,"A102G,0.448"
X-5205,KIAA1328,57536.0,MutNovel,"P7S,0.462"
X-5205,KIAA1549,57670.0,MutNovel,"T129I,0.563"
X-5205,KIF20B,9585.0,MutNovel,"L1062LKV,0.566"
X-5205,KRT10,3858.0,MutNovel,"YG513HG,0.257"
X-5205,KRTAP10-7,386675.0,MutNovel,"Q220K,1.000"
X-5205,LCE3B,353143.0,Del0.8,0.17
X-5205,LCE3C,353144.0,Del0.8,0.17
X-5205,LIMD1,8994.0,MutNovel,"A35T,0.515"
X-5205,LOC100506248,,MutNovel,"-66E,0.875"
X-5205,LOC100652740,,MutNovel,"P140H,0.577"
X-5205,LOC100996689,,MutNovel,"Q278E,0.418"
X-5205,LOC391766,,MutNovel,"R82S,1.000"
X-5205,LOC728888,,MutNovel,"R521S,0.429"
X-5205,LPAR6,10161.0,Del0.8,0.15
X-5205,LRFN1,57622.0,MutNovel,"R264Q,0.500"
X-5205,LRIG1,26018.0,MutNovel,"M1012V,0.556"
X-5205,LRRK1,79705.0,MutNovel,"G38D,0.512"
X-5205,LSR,51599.0,MutNovel,"G518GR,1.000"
X-5205,MAGEA6,4105.0,Del0.8,0.56
X-5205,MAP3K4,4216.0,MutNovel,"PA1189P,1.000"
X-5205,MED15,51586.0,MutNovel,"-251Q,0.455"
X-5205,MEF2D,4209.0,MutNovel,"T480M,0.417"
X-5205,MEGF6,1953.0,MutNovel,"V754F,0.429"
X-5205,MEOX2,4223.0,MutNovel,"HH76H,0.973"
X-5205,MPRIP,23164.0,MutNovel,"TSS178T,0.420"
X-5205,MSH2,4436.0,MutLikelyFunctional,"G322D,0.532"
X-5205,MUC6,4588.0,MutNovel,"L1673R,0.374"
X-5205,MYADML2,255275.0,MutNovel,"R112Q,0.462"
X-5205,MYO9B,4650.0,MutNovel,"N205S,0.436"
X-5205,NACAD,23148.0,MutNovel,"D732E,0.667"
X-5205,NAP1L4,4676.0,MutNovel,"K19T,0.535"
X-5205,NBPF10,100132406.0,MutNovel,"C2769Y,0.400"
X-5205,NCOA7,135112.0,MutNovel,"E770K,0.540"
X-5205,NCOR2,9612.0,MutNovel,"G1839GAAA,1.000"
X-5205,NCOR2,9612.0,MutNovel,"-511S,0.946"
X-5205,NEO1,4756.0,MutNovel,"R701L,0.510"
X-5205,NHS,4810.0,Del0.8,0.76
X-5205,NPIPL3,23117.0,MutKnownFunctional,"R576*,0.529"
X-5205,NR1H2,7376.0,MutNovel,"-173Q,1.000"
X-5205,OR2T10,127069.0,Amp5,5.03
X-5205,OR2T11,127077.0,Amp5,5.03
X-5205,OR2T34,127068.0,Amp5,5.03
X-5205,OR51A4,401666.0,Del0.8,0.77
X-5205,ORAI1,84876.0,MutNovel,"PP43-,1.000"
X-5205,OVOS,,MutNovel,"Q421H,1.000"
X-5205,OVOS,,MutNovel,"V427L,1.000"
X-5205,OVOS,,MutNovel,"I478L,1.000"
X-5205,OVOS,,MutNovel,"C536Y,1.000"
X-5205,OVOS,,MutNovel,"Q859K,1.000"
X-5205,OVOS,,MutNovel,"S989N,1.000"
X-5205,OVOS,,MutNovel,"Y1010F,1.000"
X-5205,OVOS,,MutNovel,"P1125T,1.000"
X-5205,P4HTM,54681.0,MutNovel,"R291G,0.494"
X-5205,PAM,5066.0,Del0.8,0.18
X-5205,PCDHAC2,56134.0,MutNovel,"V504L,0.500"
X-5205,PCDHB10,56126.0,MutNovel,"V693L,0.429"
X-5205,PCNXL2,80003.0,MutKnownFunctional,"-662?,0.561"
X-5205,PDLIM4,8572.0,MutNovel,"M159K,0.971"
X-5205,PDPR,55066.0,Del0.8,0.7
X-5205,PHLDA1,22822.0,MutNovel,"QQ194Q,1.000"
X-5205,PHLDB3,653583.0,MutNovel,"L440P,0.496"
X-5205,PICK1,9463.0,MutNovel,"S262W,0.567"
X-5205,PLCH1,23007.0,MutNovel,"G1632S,0.465"
X-5205,PLEKHG4,25894.0,MutNovel,"A630V,1.000"
X-5205,POLQ,10721.0,MutKnownFunctional,"-1421,0.643"
X-5205,PPIP5K2,23262.0,Del0.8,0.16
X-5205,PPP1R26,9858.0,MutNovel,"S1044C,0.471"
X-5205,PPP1R37,284352.0,MutNovel,"T123I,0.565"
X-5205,PPP2R3C,55012.0,MutKnownFunctional,"-23?,1.000"
X-5205,PRDM1,639.0,MutKnownFunctional,"-416?,0.350"
X-5205,PRSS3,5646.0,MutNovel,"D61A,1.000"
X-5205,PTPRN2,5799.0,MutNovel,"R522H,0.403"
X-5205,PTPRN2,5799.0,MutNovel,"S351G,0.414"
X-5205,PYGB,5834.0,MutNovel,"T603S,0.346"
X-5205,RAB7A,7879.0,MutNovel,"I190V,0.522"
X-5205,RB1,5925.0,Del0.8,0.2
X-5205,RCBTB2,1102.0,Del0.8,0.16
X-5205,RGMB,285704.0,MutKnownFunctional,"-422,1.000"
X-5205,RNF213,57674.0,MutNovel,"R1389H,0.565"
X-5205,RPAP2,79871.0,MutNovel,"G11R,0.650"
X-5205,RSBN1L,222194.0,MutNovel,"M533I,0.544"
X-5205,RSPH10B2,728194.0,MutNovel,"Y548C,1.000"
X-5205,RTN4,57142.0,MutNovel,"A165V,0.482"
X-5205,SAE1,10055.0,MutNovel,"P324L,0.448"
X-5205,SAMD1,90378.0,MutKnownFunctional,"-112?,1.000"
X-5205,SCUBE2,57758.0,MutNovel,"L25P,0.500"
X-5205,SERINC2,347735.0,MutNovel,"-373Q,0.533"
X-5205,SERP2,387923.0,Del0.8,0.72
X-5205,SHISA7,729956.0,MutNovel,"W366C,0.800"
X-5205,SLC44A4,80736.0,MutNovel,"T160I,0.615"
X-5205,SLCO4C1,353189.0,Del0.8,0.15
X-5205,SLCO6A1,133482.0,Del0.8,0.11
X-5205,SMAD4,4089.0,MutNovel,"C499Y,0.543"
X-5205,SNX2,6643.0,MutNovel,"R428H,0.521"
X-5205,SOAT1,6646.0,MutNovel,"K120R,0.483"
X-5205,SPAG1,6674.0,MutNovel,"I472V,0.528"
X-5205,SRGAP3,9901.0,MutNovel,"L771Q,0.500"
X-5205,STAT2,6773.0,MutNovel,"G825C,0.540"
X-5205,STK19,8859.0,MutNovel,"D137E,0.497"
X-5205,STRC,161497.0,MutNovel,"T1565S,0.400"
X-5205,SYT4,6860.0,MutNovel,"A169T,1.000"
X-5205,TAG,404663.0,Del0.8,0.73
X-5205,TAOK3,51347.0,MutNovel,"R581W,0.477"
X-5205,TCERG1,10915.0,MutNovel,"QAQA210-,0.400"
X-5205,TFDP1,7027.0,MutNovel,"V345M,0.515"
X-5205,TICRR,,MutNovel,"SP1433S,0.531"
X-5205,TMBIM4,51643.0,MutKnownFunctional,"-174?,0.833"
X-5205,TMEM131,23505.0,MutNovel,"S906R,0.579"
X-5205,TMEM184A,202915.0,MutNovel,"G392GA,1.000"
X-5205,TMEM38B,55151.0,MutNovel,"P171L,0.550"
X-5205,TMPRSS6,164656.0,MutNovel,"C787Y,0.560"
X-5205,TOM1L2,146691.0,MutNovel,"L507V,0.521"
X-5205,TPTE2P3,220115.0,Del0.8,0.74
X-5205,TRIM38,10475.0,MutKnownFunctional,"R72*,0.375"
X-5205,TSPY1,7258.0,Del0.8,0.54
X-5205,TSPY3,728137.0,Del0.8,0.54
X-5205,TSPY4,728395.0,Del0.8,0.54
X-5205,TSPY8,728403.0,Del0.8,0.54
X-5205,TSPYL1,7259.0,MutNovel,"V176VW,1.000"
X-5205,TTTY20,252951.0,Del0.8,0.74
X-5205,UBE2Z,65264.0,MutNovel,"T11A,0.541"
X-5205,UGT2B11,10720.0,MutNovel,"P469C,1.000"
X-5205,UNC13D,201294.0,MutNovel,"R966W,0.478"
X-5205,URB1,9875.0,MutNovel,"R983Q,0.436"
X-5205,USP36,57602.0,MutNovel,"KKK958K,1.000"
X-5205,UTY,7404.0,MutNovel,"V1074H,0.500"
X-5205,UTY,7404.0,MutNovel,"G1073C,0.500"
X-5205,UTY,7404.0,MutNovel,"GI1070AG,0.500"
X-5205,UTY,7404.0,MutNovel,"AG1069IR,0.500"
X-5205,UTY,7404.0,MutNovel,"QS1067HG,0.500"
X-5205,UTY,7404.0,MutNovel,"SQ1066LA,0.500"
X-5205,UTY,7404.0,MutNovel,"AS1065RT,0.500"
X-5205,UTY,7404.0,MutNovel,"G1060R,0.500"
X-5205,UTY,7404.0,MutNovel,"Q1050R,0.500"
X-5205,UTY,7404.0,MutNovel,"N1023Y,0.286"
X-5205,UTY,7404.0,MutNovel,"HL1018RI,0.375"
X-5205,UTY,7404.0,MutNovel,"F1016H,0.333"
X-5205,UTY,7404.0,MutNovel,"P1008Q,0.400"
X-5205,UTY,7404.0,MutKnownFunctional,"LQ1006*K,0.400"
X-5205,UTY,7404.0,MutNovel,"S1005L,0.400"
X-5205,UTY,7404.0,MutNovel,"S1004G,0.400"
X-5205,UTY,7404.0,MutNovel,"CD1001EN,0.400"
X-5205,UTY,7404.0,MutNovel,"QW999HK,0.400"
X-5205,UTY,7404.0,MutNovel,"MQ998WK,0.400"
X-5205,UTY,7404.0,MutNovel,"A996S,0.500"
X-5205,UTY,7404.0,MutNovel,"M1041K,0.222"
X-5205,UTY,7404.0,MutNovel,"NN1037KI,0.240"
X-5205,UTY,7404.0,MutNovel,"E1035I,0.261"
X-5205,UTY,7404.0,MutNovel,"VE1034AI,0.261"
X-5205,UTY,7404.0,MutNovel,"L1033F,0.261"
X-5205,UTY,7404.0,MutNovel,"K1031F,0.211"
X-5205,UTY,7404.0,MutNovel,"NP1009TL,0.217"
X-5205,UTY,7404.0,MutNovel,"NP1006TI,0.231"
X-5205,UTY,7404.0,MutNovel,"P580S,0.243"
X-5205,UTY,7404.0,MutNovel,"VQ342SE,0.520"
X-5205,UTY,7404.0,MutNovel,"Q328L,0.267"
X-5205,UTY,7404.0,MutNovel,"L324K,0.250"
X-5205,UTY,7404.0,MutNovel,"V323M,0.333"
X-5205,UTY,7404.0,MutNovel,"S320T,0.400"
X-5205,UTY,7404.0,MutKnownFunctional,"CS319*T,0.400"
X-5205,UTY,7404.0,MutNovel,"A313I,0.333"
X-5205,UTY,7404.0,MutNovel,"EA312DT,0.400"
X-5205,UTY,7404.0,MutNovel,"E312I,0.467"
X-5205,UTY,7404.0,MutNovel,"E312I,0.467"
X-5205,UTY,7404.0,MutNovel,"KS310RK,0.438"
X-5205,UTY,7404.0,MutKnownFunctional,"K310*,0.500"
X-5205,UTY,7404.0,MutKnownFunctional,"DK309C*,0.500"
X-5205,UTY,7404.0,MutNovel,"QS282HD,0.636"
X-5205,UTY,7404.0,MutNovel,"Q282A,0.533"
X-5205,UTY,7404.0,MutNovel,"Q282A,0.533"
X-5205,UTY,7404.0,MutNovel,"SG280LC,0.533"
X-5205,UTY,7404.0,MutNovel,"N279R,0.400"
X-5205,UTY,7404.0,MutNovel,"DP277EA,0.500"
X-5205,UTY,7404.0,MutNovel,"A276E,0.600"
X-5205,UTY,7404.0,MutKnownFunctional,"A276*,0.600"
X-5205,UTY,7404.0,MutKnownFunctional,"EA275A*,0.600"
X-5205,UTY,7404.0,MutNovel,"LE274RQ,0.462"
X-5205,UTY,7404.0,MutKnownFunctional,"S273*,0.471"
X-5205,UTY,7404.0,MutNovel,"S273H,0.417"
X-5205,UTY,7404.0,MutNovel,"Q271H,0.278"
X-5205,UTY,7404.0,MutNovel,"Q271P,0.400"
X-5205,UTY,7404.0,MutNovel,"L270A,0.429"
X-5205,UTY,7404.0,MutNovel,"L270V,0.562"
X-5205,UTY,7404.0,MutNovel,"Q268P,0.333"
X-5205,UTY,7404.0,MutNovel,"Q268T,0.333"
X-5205,UTY,7404.0,MutNovel,"I267M,0.429"
X-5205,UTY,7404.0,MutNovel,"I267V,0.429"
X-5205,UTY,7404.0,MutNovel,"I267V,0.235"
X-5205,UTY,7404.0,MutNovel,"AI266LV,0.235"
X-5205,UTY,7404.0,MutNovel,"Y265C,0.429"
X-5205,UTY,7404.0,MutNovel,"E263D,0.267"
X-5205,UTY,7404.0,MutNovel,"E263G,0.231"
X-5205,UTY,7404.0,MutNovel,"E263K,0.286"
X-5205,UTY,7404.0,MutNovel,"E263K,0.286"
X-5205,UTY,7404.0,MutNovel,"T261C,0.364"
X-5205,UTY,7404.0,MutNovel,"T261S,0.500"
X-5205,UTY,7404.0,MutNovel,"T261S,0.500"
X-5205,UTY,7404.0,MutNovel,"A260V,0.385"
X-5205,UTY,7404.0,MutNovel,"A260F,0.385"
X-5205,UTY,7404.0,MutNovel,"D258E,0.235"
X-5205,UTY,7404.0,MutNovel,"D258V,0.235"
X-5205,UTY,7404.0,MutNovel,"D258V,0.308"
X-5205,UTY,7404.0,MutNovel,"D258I,0.308"
X-5205,UTY,7404.0,MutNovel,"V256K,0.333"
X-5205,UTY,7404.0,MutNovel,"HN251QS,0.250"
X-5205,UTY,7404.0,MutKnownFunctional,"W248*,0.211"
X-5205,UTY,7404.0,MutNovel,"Q245H,0.211"
X-5205,UTY,7404.0,MutNovel,"H167C,0.227"
X-5205,UTY,7404.0,MutNovel,"IH166KC,0.227"
X-5205,UTY,7404.0,MutNovel,"D157F,0.312"
X-5205,UTY,7404.0,MutNovel,"FQ150IK,0.375"
X-5205,UTY,7404.0,MutNovel,"A149S,0.375"
X-5205,UTY,7404.0,MutNovel,"I147F,0.438"
X-5205,UTY,7404.0,MutNovel,"W145R,0.400"
X-5205,UTY,7404.0,MutNovel,"Q114R,0.400"
X-5205,UTY,7404.0,MutNovel,"YQ113CW,0.500"
X-5205,UTY,7404.0,MutNovel,"AY112QD,0.429"
X-5205,VDAC2,7417.0,MutNovel,"A2T,0.535"
X-5205,VPS4B,9525.0,MutNovel,"I126M,0.500"
X-5205,WWOX,51741.0,Del0.8,0.69
X-5205,YOD1,55432.0,MutNovel,"T328P,0.350"
X-5205,ZBED3,84327.0,MutNovel,"A179G,1.000"
X-5205,ZCCHC8,55596.0,MutNovel,"V290I,0.547"
X-5205,ZDHHC11,79844.0,MutNovel,"A303D,0.500"
X-5205,ZFP14,57677.0,MutNovel,"G336C,0.364"
X-5205,ZFYVE26,23503.0,MutNovel,"R1862C,0.352"
X-5205,ZNF219,51222.0,MutNovel,"QPP233P,0.472"
X-5205,ZNF384,171017.0,MutNovel,"QQ514Q,0.433"
X-5205,ZRANB1,54764.0,MutKnownFunctional,"-709?,0.497"
X-5205,ZSCAN20,7579.0,MutNovel,"V253M,0.600"
X-5205,ZSWIM4,65249.0,MutNovel,"T243N,0.496"
X-5717,ABCA7,10347.0,MutKnownFunctional,"-1571,0.422"
X-5717,ABCB6,10058.0,MutNovel,"T215A,0.793"
X-5717,ADAT3,113179.0,MutNovel,"A24V,0.478"
X-5717,AFMID,125061.0,MutNovel,"H136R,1.000"
X-5717,AHNAK2,113146.0,MutNovel,"E825D,0.211"
X-5717,AKAP6,9472.0,MutNovel,"R1151Q,1.000"
X-5717,AMELY,266.0,Del0.8,0.48
X-5717,ANKRD18A,253650.0,MutNovel,"S177F,1.000"
X-5717,ANKRD35,148741.0,MutNovel,"V28A,0.500"
X-5717,ANKRD36C,,MutNovel,"V1906A,1.000"
X-5717,ARSH,347527.0,MutNovel,"R518S,0.348"
X-5717,ASMTL,8623.0,MutNovel,"R876G,1.000"
X-5717,ATP11A,23250.0,MutNovel,"T693A,0.331"
X-5717,ATP8B3,148229.0,MutNovel,"E1063D,0.375"
X-5717,BCORP1,286554.0,Del0.8,0.45
X-5717,BICC1,80114.0,MutNovel,"A701V,0.680"
X-5717,BPY2B,442867.0,Del0.8,0.27
X-5717,BPY2B,442867.0,Del0.8,0.27
X-5717,C11orf86,254439.0,MutNovel,"R89W,1.000"
X-5717,C12orf57,113246.0,MutNovel,"S12N,0.851"
X-5717,C16orf52,730094.0,MutNovel,"M107T,1.000"
X-5717,C16orf95,100506581.0,Del0.8,0.7
X-5717,C6orf223,221416.0,MutNovel,"-124AA,1.000"
X-5717,CBWD6,644019.0,MutKnownFunctional,"-259?,0.368"
X-5717,CCNG2,901.0,MutNovel,"V215L,1.000"
X-5717,CDK13,8621.0,MutNovel,"F745V,0.278"
X-5717,CDKN2A,1029.0,MutKnownFunctional,"-21,1.000"
X-5717,CDX1,1044.0,MutNovel,"R206W,1.000"
X-5717,CDY1B,253175.0,Del0.8,0.27
X-5717,CDY1B,253175.0,Del0.8,0.27
X-5717,CDY2A,9426.0,Del0.8,0.26
X-5717,CDY2A,9426.0,Del0.8,0.26
X-5717,CDY2B,203611.0,Del0.8,0.26
X-5717,CDY2B,203611.0,Del0.8,0.26
X-5717,CEACAM3,1084.0,MutNovel,"G48V,0.500"
X-5717,CEACAM8,1088.0,MutNovel,"L203F,0.750"
X-5717,CEACAM8,1088.0,MutNovel,"T171A,1.000"
X-5717,CEACAM8,1088.0,MutNovel,"N155K,0.600"
X-5717,CHST15,51363.0,MutKnownFunctional,"-456,1.000"
X-5717,CLASRP,11129.0,MutNovel,"SR521-,0.274"
X-5717,COL4A3BP,10087.0,MutNovel,"R256H,0.357"
X-5717,CPZ,8532.0,MutNovel,"A341T,0.843"
X-5717,CRIPAK,285464.0,MutNovel,"M153T,0.700"
X-5717,CRIPAK,285464.0,MutNovel,"M153T,0.700"
X-5717,CRIPAK,285464.0,MutNovel,"H296A,0.258"
X-5717,CSPG4P1Y,114758.0,Del0.8,0.27
X-5717,CSPG4P1Y,114758.0,Del0.8,0.27
X-5717,DAZ1,1617.0,Del0.8,0.27
X-5717,DAZ2,57055.0,Del0.8,0.27
X-5717,DAZ3,57054.0,Del0.8,0.27
X-5717,DAZ3,57054.0,Del0.8,0.27
X-5717,DAZ4,57135.0,Del0.8,0.27
X-5717,DAZ4,57135.0,Del0.8,0.27
X-5717,DDX3Y,8653.0,Del0.8,0.49
X-5717,DENND4B,9909.0,MutNovel,"QQQ908-,0.789"
X-5717,DGCR2,9993.0,MutNovel,"K4R,0.812"
X-5717,DZIP1,22873.0,MutNovel,"F58L,0.500"
X-5717,EFCAB4A,283229.0,MutNovel,"V71A,1.000"
X-5717,EIF1AY,9086.0,Del0.8,0.45
X-5717,EIF4G1,1981.0,MutNovel,"V1424I,0.724"
X-5717,EP300,2033.0,MutNovel,"P318A,0.300"
X-5717,EP400,57634.0,MutNovel,"-2728Q,0.861"
X-5717,FAM153A,285596.0,MutNovel,"V186G,1.000"
X-5717,FAM197Y2P,252946.0,Del0.8,0.48
X-5717,FAM227A,,MutNovel,"S458N,0.297"
X-5717,FAM41AY1,340618.0,Del0.8,0.26
X-5717,FAM41AY1,340618.0,Del0.8,0.26
X-5717,FAM72D,728833.0,Amp5,6.19
X-5717,FAM86B2,653333.0,MutNovel,"R285S,0.667"
X-5717,FASTKD3,79072.0,MutNovel,"II239I,0.760"
X-5717,FBXO31,79791.0,Del0.8,0.7
X-5717,FCGBP,8857.0,MutNovel,"A4607G,0.750"
X-5717,FLJ22184,80164.0,MutNovel,"R765H,0.438"
X-5717,FLJ22184,80164.0,MutNovel,"R742H,0.641"
X-5717,GIGYF2,26058.0,MutNovel,"-1232QQ,0.226"
X-5717,GOLGA2P2Y,84559.0,Del0.8,0.27
X-5717,GOLGA2P2Y,84559.0,Del0.8,0.27
X-5717,GOLGA6L4,,MutNovel,"C223H,0.500"
X-5717,GPRIN2,9721.0,MutNovel,"-238MRE,0.923"
X-5717,GPS1,2873.0,MutNovel,"H22Q,1.000"
X-5717,GSTT1,2952.0,Amp5,5.31
X-5717,GSTTP2,653399.0,Amp5,5.31
X-5717,GTPBP3,84705.0,MutNovel,"A204T,0.535"
X-5717,GYG2P1,352887.0,Del0.8,0.49
X-5717,HAL,3034.0,MutNovel,"T572I,0.615"
X-5717,HLA-DRB5,3127.0,Amp5,5.5
X-5717,HLA-G,3135.0,MutNovel,"G231S,1.000"
X-5717,HLA-G,3135.0,MutNovel,"V255M,0.778"
X-5717,HLA-G,3135.0,MutKnownFunctional,"-278,1.000"
X-5717,HSFY2,159119.0,Del0.8,0.26
X-5717,HSFY2,159119.0,Del0.8,0.26
X-5717,IQGAP3,128239.0,MutNovel,"R1408H,0.692"
X-5717,ITGA6,3655.0,MutNovel,"R68W,0.380"
X-5717,JPH3,57338.0,Del0.8,0.7
X-5717,KDM5D,8284.0,Del0.8,0.45
X-5717,KIAA1217,56243.0,MutNovel,"R430Q,0.419"
X-5717,KIDINS220,57498.0,MutNovel,"A729T,0.500"
X-5717,KIF20B,9585.0,MutNovel,"L1062LKV,0.629"
X-5717,KLHDC4,54758.0,MutNovel,"A302S,1.000"
X-5717,KLHDC4,54758.0,Del0.8,0.7
X-5717,KRAS,3845.0,MutKnownFunctional,"G12V,0.772"
X-5717,KRT10,3858.0,MutNovel,"HGGG487-,1.000"
X-5717,KRT14,3861.0,MutNovel,"E244V,0.471"
X-5717,KRT85,3891.0,MutNovel,"G415A,1.000"
X-5717,LCE3C,353144.0,Del0.8,0.38
X-5717,LGALS9C,654346.0,Del0.8,0.44
X-5717,LOC100130000,100130000.0,Amp5,6.19
X-5717,LOC100286793,100286793.0,Amp5,6.19
X-5717,LOC100506229,100506229.0,Del0.8,0.69
X-5717,LOC100996633,,MutNovel,"P6L,1.000"
X-5717,LOC391322,391322.0,Amp5,5.31
X-5717,LOC642131,,MutNovel,"S26W,1.000"
X-5717,LOC727677,727677.0,Amp8,25.46
X-5717,MAP1LC3B,81631.0,Del0.8,0.7
X-5717,MEF2A,4205.0,MutNovel,"Q412-,1.000"
X-5717,MIR1204,100302185.0,Amp8,25.46
X-5717,MIR1205,100302161.0,Amp8,25.46
X-5717,MIR1206,100302170.0,Amp8,25.46
X-5717,MIR1207,100302175.0,Amp8,25.46
X-5717,MIR1208,100302281.0,Amp8,25.46
X-5717,MPRIP,23164.0,MutNovel,"TS178T,1.000"
X-5717,MUC17,140453.0,MutNovel,"T4077N,0.333"
X-5717,MUC20,200958.0,Amp5,6.19
X-5717,MUC4,4585.0,MutNovel,"V4131L,0.974"
X-5717,MUC4,4585.0,MutNovel,"Q4125H,1.000"
X-5717,MUC4,4585.0,MutNovel,"T4118P,1.000"
X-5717,MUC4,4585.0,MutNovel,"P4050T,0.986"
X-5717,MUC4,4585.0,MutNovel,"DT3989EP,0.350"
X-5717,MUC4,4585.0,MutNovel,"D3797N,0.444"
X-5717,MUC4,4585.0,MutNovel,"A3737V,0.833"
X-5717,MUC4,4585.0,MutNovel,"V3726A,1.000"
X-5717,MUC4,4585.0,MutNovel,"A3321S,1.000"
X-5717,MUC4,4585.0,MutNovel,"S1991P,0.783"
X-5717,MUC4,4585.0,MutNovel,"P1760S,0.267"
X-5717,MUC4,4585.0,MutNovel,"T1150A,0.667"
X-5717,MUC5B,727897.0,MutNovel,"G4872R,1.000"
X-5717,MYADM,91663.0,MutNovel,"A140V,0.782"
X-5717,MYC,4609.0,Amp8,25.46
X-5717,MYO7A,4647.0,MutKnownFunctional,"-1172,1.000"
X-5717,NARF,26502.0,MutNovel,"S461I,1.000"
X-5717,NBAS,51594.0,MutNovel,"K341I,0.292"
X-5717,NCL,4691.0,MutNovel,"D261E,0.249"
X-5717,NCOA3,8202.0,MutNovel,"Q1255-,1.000"
X-5717,NCOR2,9612.0,MutNovel,"G1839GAAA,1.000"
X-5717,NCOR2,9612.0,MutNovel,"-511S,0.990"
X-5717,NCRNA00185,55410.0,Del0.8,0.45
X-5717,NDUFA9,4704.0,MutNovel,"H169D,0.779"
X-5717,NLGN4Y,22829.0,Del0.8,0.49
X-5717,NOP2,4839.0,Amp5,6.36
X-5717,NPIPL2,,MutNovel,"R325Q,1.000"
X-5717,NR1H2,7376.0,MutNovel,"-173Q,1.000"
X-5717,NRD1,4898.0,MutNovel,"EE150E,0.883"
X-5717,NUDT14,256281.0,MutNovel,"P133L,1.000"
X-5717,ORAI1,84876.0,MutNovel,"PP43-,1.000"
X-5717,PADI2,11240.0,MutNovel,"R293W,1.000"
X-5717,PARP16,54956.0,MutNovel,"W88R,0.292"
X-5717,PCAT1,100750225.0,Amp8,25.46
X-5717,PCDH11Y,83259.0,Del0.8,0.48
X-5717,PCSK9,255738.0,MutNovel,"-15L,0.610"
X-5717,PGBD5,79605.0,MutNovel,"A96S,0.667"
X-5717,PHLDA1,22822.0,MutNovel,"QQ194Q,1.000"
X-5717,PIGT,51604.0,MutNovel,"R209C,0.305"
X-5717,PLCD3,113026.0,MutNovel,"P719H,1.000"
X-5717,PLEC,5339.0,MutNovel,"G2897C,0.722"
X-5717,PMFBP1,83449.0,MutNovel,"K646R,0.625"
X-5717,POLG,5428.0,MutNovel,"Q53RSK,0.421"
X-5717,POLG,5428.0,MutNovel,"Q43R,0.275"
X-5717,POLG,5428.0,MutNovel,"-43G,0.588"
X-5717,POMZP3,22932.0,MutNovel,"L8V,0.273"
X-5717,POU5F1B,5462.0,Amp8,25.46
X-5717,PPIAL4G,644591.0,Amp5,6.19
X-5717,PPP1R12C,54776.0,MutNovel,"R760C,0.783"
X-5717,PRB2,653247.0,MutNovel,"R109Q,0.333"
X-5717,PRDM8,56978.0,MutNovel,"G288S,1.000"
X-5717,PRIC285,85441.0,MutNovel,"R2056W,0.680"
X-5717,PRKY,5616.0,Del0.8,0.48
X-5717,PRY,9081.0,Del0.8,0.45
X-5717,PRY,9081.0,Del0.8,0.27
X-5717,PRY2,442862.0,Del0.8,0.45
X-5717,PRY2,442862.0,Del0.8,0.27
X-5717,PTPRN2,5799.0,MutNovel,"A791V,0.400"
X-5717,PVT1,5820.0,Amp8,25.46
X-5717,RAET1G,353091.0,MutNovel,"I114T,0.208"
X-5717,RBMY1A3P,286557.0,Del0.8,0.48
X-5717,RBMY1B,378948.0,Del0.8,0.45
X-5717,RBMY1B,378948.0,Del0.8,0.45
X-5717,RBMY1E,378950.0,Del0.8,0.45
X-5717,RBMY1E,378950.0,Del0.8,0.45
X-5717,RBMY1F,159163.0,Del0.8,0.35
X-5717,RBMY1F,159163.0,Del0.8,0.45
X-5717,RBMY1J,378951.0,Del0.8,0.27
X-5717,RBMY1J,378951.0,Del0.8,0.45
X-5717,RBMY2EP,159125.0,Del0.8,0.45
X-5717,RBMY2FP,159162.0,Del0.8,0.45
X-5717,RBMY3AP,64593.0,Del0.8,0.48
X-5717,RIN3,79890.0,MutNovel,"G967-,1.000"
X-5717,RNF139,11236.0,MutNovel,"G5E,0.421"
X-5717,RPL9,6133.0,MutNovel,"Q8R,0.372"
X-5717,RPS4Y1,6192.0,Del0.8,0.48
X-5717,RPS4Y2,140032.0,Del0.8,0.45
X-5717,RPUSD3,285367.0,MutNovel,"R162W,1.000"
X-5717,RUVBL1,8607.0,MutNovel,"M259I,1.000"
X-5717,SBF1,6305.0,MutNovel,"K1588E,1.000"
X-5717,SENP6,26054.0,MutNovel,"P650S,0.416"
X-5717,SERINC2,347735.0,MutNovel,"-373Q,1.000"
X-5717,SH3BP4,23677.0,MutNovel,"V177I,0.369"
X-5717,SLC22A14,9389.0,MutNovel,"A340T,1.000"
X-5717,SLC29A3,55315.0,MutNovel,"D27V,0.524"
X-5717,SLC39A6,25800.0,MutNovel,"H680Y,1.000"
X-5717,SLC7A5,8140.0,Del0.8,0.7
X-5717,SLC9C1,,MutNovel,"I821V,1.000"
X-5717,SMG1,23049.0,MutNovel,"R1020H,0.205"
X-5717,SMG1,23049.0,MutNovel,"H784P,0.222"
X-5717,SNTA1,6640.0,MutNovel,"R9C,0.250"
X-5717,SOCS6,9306.0,MutNovel,"D464N,1.000"
X-5717,SOCS7,30837.0,MutNovel,"G104R,1.000"
X-5717,SRY,6736.0,Del0.8,0.48
X-5717,TBC1D8,11138.0,MutNovel,"H844R,1.000"
X-5717,TBL1Y,90665.0,Del0.8,0.48
X-5717,TBP,6908.0,MutNovel,"-64Q,1.000"
X-5717,TCERG1,10915.0,MutNovel,"QAQAQA210-,0.512"
X-5717,TGIF2LY,90655.0,Del0.8,0.48
X-5717,TMBIM4,51643.0,MutKnownFunctional,"-174?,0.833"
X-5717,TMEM184A,202915.0,MutNovel,"G392GA,0.531"
X-5717,TMEM81,388730.0,MutKnownFunctional,"-167?,0.263"
X-5717,TMSB4Y,9087.0,Del0.8,0.49
X-5717,TNRC6C,57690.0,MutNovel,"TTT760-,1.000"
X-5717,TP53,7157.0,MutKnownFunctional,"R273H,0.995"
X-5717,TRIM45,80263.0,MutNovel,"R523L,0.377"
X-5717,TSPY1,7258.0,Del0.8,0.48
X-5717,TSPY2,64591.0,Del0.8,0.48
X-5717,TSPY3,728137.0,Del0.8,0.48
X-5717,TSPY4,728395.0,Del0.8,0.48
X-5717,TSPY8,728403.0,Del0.8,0.48
X-5717,TSPYL1,7259.0,MutNovel,"V176VW,1.000"
X-5717,TTTY10,246119.0,Del0.8,0.45
X-5717,TTTY11,83866.0,Del0.8,0.48
X-5717,TTTY12,83867.0,Del0.8,0.48
X-5717,TTTY13,83868.0,Del0.8,0.45
X-5717,TTTY14,83869.0,Del0.8,0.45
X-5717,TTTY15,64595.0,Del0.8,0.49
X-5717,TTTY16,252948.0,Del0.8,0.48
X-5717,TTTY17A,252949.0,Del0.8,0.27
X-5717,TTTY17A,252949.0,Del0.8,0.27
X-5717,TTTY18,252950.0,Del0.8,0.48
X-5717,TTTY19,252952.0,Del0.8,0.48
X-5717,TTTY1B,100101116.0,Del0.8,0.23
X-5717,TTTY1B,100101116.0,Del0.8,0.48
X-5717,TTTY2,60439.0,Del0.8,0.48
X-5717,TTTY2,60439.0,Del0.8,0.48
X-5717,TTTY20,252951.0,Del0.8,0.48
X-5717,TTTY21,252953.0,Del0.8,0.48
X-5717,TTTY21,252953.0,Del0.8,0.48
X-5717,TTTY22,252954.0,Del0.8,0.49
X-5717,TTTY23,252955.0,Del0.8,0.49
X-5717,TTTY23,252955.0,Del0.8,0.48
X-5717,TTTY3,114760.0,Del0.8,0.27
X-5717,TTTY3,114760.0,Del0.8,0.27
X-5717,TTTY4,114761.0,Del0.8,0.27
X-5717,TTTY4,114761.0,Del0.8,0.27
X-5717,TTTY5,83863.0,Del0.8,0.45
X-5717,TTTY6,84672.0,Del0.8,0.45
X-5717,TTTY6,84672.0,Del0.8,0.27
X-5717,TTTY7,246122.0,Del0.8,0.48
X-5717,TTTY7,246122.0,Del0.8,0.48
X-5717,TTTY7B,100101120.0,Del0.8,0.48
X-5717,TTTY7B,100101120.0,Del0.8,0.48
X-5717,TTTY8,84673.0,Del0.8,0.48
X-5717,TTTY8,84673.0,Del0.8,0.48
X-5717,TTTY9A,83864.0,Del0.8,0.26
X-5717,TTTY9A,83864.0,Del0.8,0.26
X-5717,TXLNG2P,246126.0,Del0.8,0.45
X-5717,UQCR11,10975.0,MutNovel,"G7S,0.593"
X-5717,USP36,57602.0,MutNovel,"KKK958K,1.000"
X-5717,USP9Y,8287.0,Del0.8,0.49
X-5717,UTY,7404.0,Del0.8,0.49
X-5717,VCY,9084.0,Del0.8,0.49
X-5717,VCY,9084.0,Del0.8,0.49
X-5717,WDR65,149465.0,MutNovel,"I863T,1.000"
X-5717,WWC3,55841.0,MutNovel,"R811W,1.000"
X-5717,XKRY2,353515.0,Del0.8,0.26
X-5717,XKRY2,353515.0,Del0.8,0.26
X-5717,ZBTB43,23099.0,MutNovel,"T275P,1.000"
X-5717,ZCCHC14,23174.0,Del0.8,0.7
X-5717,ZDHHC11,79844.0,MutNovel,"A303D,0.500"
X-5717,ZFHX3,463.0,MutNovel,"Q3204RK,0.625"
X-5717,ZFP62,643836.0,MutNovel,"S37C,0.704"
X-5717,ZFY,7544.0,Del0.8,0.48
X-5717,ZNF154,7710.0,MutNovel,"Y385H,0.429"
X-5717,ZNF219,51222.0,MutNovel,"QPP233P,0.462"
X-5717,ZNF233,353355.0,MutNovel,"V93A,0.500"
X-5717,ZNF268,10795.0,MutNovel,"V833F,0.300"
X-5717,ZNF384,171017.0,MutNovel,"QQ514Q,1.000"
X-5717,ZNF417,147687.0,MutNovel,"Q139R,0.667"
X-5717,ZNF595,152687.0,MutNovel,"P23I,0.217"
X-5717,ZNF641,121274.0,MutNovel,"S333Y,0.744"
X-5717,ZNF668,79759.0,MutNovel,"D11N,1.000"
X-5717,ZNF853,54753.0,MutNovel,"V610A,0.600"
X-6030,ABI1,10006.0,MutNovel,"T394A,0.316"
X-6030,ACACA,31.0,MutNovel,"M1248T,0.465"
X-6030,ACOT7,11332.0,MutNovel,"A10P,0.611"
X-6030,ACTR1B,10120.0,MutNovel,"I71V,0.475"
X-6030,ADNP,23394.0,MutNovel,"I536V,0.541"
X-6030,ADSSL1,122622.0,MutNovel,"P11S,1.000"
X-6030,AGAP6,414189.0,MutNovel,"R515H,0.732"
X-6030,AGRN,375790.0,MutNovel,"R956H,0.541"
X-6030,AKR1B15,441282.0,MutNovel,"V107L,0.897"
X-6030,AKR1B15,441282.0,MutNovel,"N191S,0.833"
X-6030,AKR1C4,1109.0,MutNovel,"R66Q,0.731"
X-6030,ALDH3B1,221.0,MutKnownFunctional,"-300?,1.000"
X-6030,ANKRD18A,253650.0,MutNovel,"C610Y,1.000"
X-6030,ANKRD30B,374860.0,MutNovel,"F708L,0.211"
X-6030,ANKRD36,375248.0,MutNovel,"T1018S,0.214"
X-6030,APOBEC3F,200316.0,MutNovel,"P97L,0.500"
X-6030,ARAP2,116984.0,MutNovel,"L1587R,0.302"
X-6030,ARAP3,64411.0,MutNovel,"K1443R,0.628"
X-6030,ARHGEF10,9639.0,MutNovel,"R1323Q,0.593"
X-6030,ARHGEF18,23370.0,MutNovel,"E885K,0.672"
X-6030,ARHGEF4,50649.0,MutNovel,"R673C,0.500"
X-6030,ASTE1,28990.0,MutNovel,"A514T,0.576"
X-6030,ATP10D,57205.0,MutNovel,"G69A,0.294"
X-6030,ATPAF1,64756.0,MutNovel,"E2K,0.667"
X-6030,BOD1L1,,MutNovel,"T2897A,0.369"
X-6030,BOD1L1,,MutNovel,"S978A,0.259"
X-6030,BTN3A1,11119.0,MutNovel,"K66R,0.944"
X-6030,BTNL8,79908.0,MutKnownFunctional,"-304?,0.500"
X-6030,C14orf105,55195.0,MutNovel,"R161C,0.447"
X-6030,C16orf48,84080.0,MutNovel,"R107Q,0.343"
X-6030,C5orf4,10826.0,MutNovel,"H225L,0.312"
X-6030,C6orf132,647024.0,MutNovel,"R1119T,0.535"
X-6030,CA5A,763.0,MutNovel,"A149V,1.000"
X-6030,CAMKK2,10645.0,MutKnownFunctional,"-538?,1.000"
X-6030,CC2D2A,57545.0,MutNovel,"G111R,1.000"
X-6030,CCDC142,84865.0,MutNovel,"TV548NL,0.412"
X-6030,CCDC157,550631.0,MutNovel,"R738W,0.500"
X-6030,CCDC64B,146439.0,MutNovel,"RREH248H,0.979"
X-6030,CCRN4L,25819.0,MutNovel,"A37V,0.714"
X-6030,CDC20,991.0,MutNovel,"RE483R,0.500"
X-6030,CDH16,1014.0,MutNovel,"P660S,0.889"
X-6030,CELSR1,9620.0,MutNovel,"R72W,0.800"
X-6030,CELSR2,1952.0,MutNovel,"E2744A,0.429"
X-6030,CHD2,1106.0,MutKnownFunctional,"-1242?,0.746"
X-6030,CHGA,1113.0,MutNovel,"-229E,0.333"
X-6030,CISD3,284106.0,MutNovel,"L97P,0.512"
X-6030,COASY,80347.0,MutNovel,"G507S,0.480"
X-6030,COG5,10466.0,MutNovel,"C345R,0.481"
X-6030,COPB2,9276.0,MutNovel,"A513G,0.533"
X-6030,COQ6,51004.0,MutNovel,"L260F,0.667"
X-6030,COQ7,10229.0,MutNovel,"G5GA,0.625"
X-6030,CPSF1,29894.0,MutNovel,"K414E,0.256"
X-6030,CRELD2,79174.0,MutNovel,"P13S,0.853"
X-6030,CROCC,9696.0,MutNovel,"D575A,0.474"
X-6030,CTSA,5476.0,MutNovel,"L29-,1.000"
X-6030,CXorf40B,541578.0,MutNovel,"C53W,1.000"
X-6030,DDX11,1663.0,MutNovel,"C951R,0.463"
X-6030,DDX24,57062.0,MutNovel,"L459W,0.556"
X-6030,DHRSX,207063.0,MutNovel,"L637F,0.500"
X-6030,DHRSX,207063.0,MutNovel,"M597V,0.643"
X-6030,DIP2B,57609.0,MutNovel,"A1448V,0.633"
X-6030,DMBT1,1755.0,MutNovel,"P357S,0.444"
X-6030,DMBT1,1755.0,MutNovel,"T909M,0.464"
X-6030,DMBT1,1755.0,MutNovel,"T1153I,0.526"
X-6030,DMBT1,1755.0,MutNovel,"R1190H,0.462"
X-6030,DMBT1,1755.0,MutNovel,"T1282I,0.667"
X-6030,DMBT1,1755.0,MutNovel,"R1319H,0.750"
X-6030,DMBT1,1755.0,MutNovel,"T1411I,0.286"
X-6030,DMBT1,1755.0,MutNovel,"R1448H,0.941"
X-6030,DMBT1,1755.0,MutNovel,"T1506S,0.463"
X-6030,DPYSL3,1809.0,MutNovel,"P86L,1.000"
X-6030,DTD1,92675.0,MutNovel,"R10W,0.473"
X-6030,E2F4,1874.0,MutNovel,"D306DSSS,0.435"
X-6030,EDEM2,55741.0,MutNovel,"R224C,0.560"
X-6030,EID2,163126.0,MutNovel,"P54R,0.621"
X-6030,EIF2AK3,9451.0,MutNovel,"L21-,0.565"
X-6030,ERCC6L,54821.0,MutNovel,"K803E,1.000"
X-6030,ESYT2,57488.0,MutNovel,"G75R,0.585"
X-6030,EXOSC6,118460.0,MutNovel,"P81L,0.583"
X-6030,FAM105B,90268.0,MutNovel,"PAREAAAT21P,0.458"
X-6030,FAM18B2-CDRT4,100533496.0,MutNovel,"T150R,0.280"
X-6030,FAM18B2-CDRT4,100533496.0,MutNovel,"S135P,0.419"
X-6030,FAM18B2-CDRT4,100533496.0,MutNovel,"C51Y,0.265"
X-6030,FAM40B,57464.0,MutKnownFunctional,"-834,0.550"
X-6030,FAM83B,222584.0,MutNovel,"R51Q,0.404"
X-6030,FBXL8,55336.0,MutNovel,"N73K,0.594"
X-6030,FGF18,8817.0,MutNovel,"R202Q,0.500"
X-6030,FGFR4,2264.0,MutNovel,"R201W,0.687"
X-6030,FLNC,2318.0,MutNovel,"V731M,0.679"
X-6030,FOXD1,2297.0,MutNovel,"A88G,0.500"
X-6030,FSIP2,401024.0,MutNovel,"L729F,0.632"
X-6030,FUT5,2527.0,MutNovel,"E261K,0.562"
X-6030,GGN,199720.0,MutNovel,"D491N,0.667"
X-6030,GIGYF2,26058.0,MutNovel,"PQ1231P,1.000"
X-6030,GLOD4,51031.0,MutNovel,"D167G,1.000"
X-6030,GPRIN2,9721.0,MutNovel,"-238MRE,1.000"
X-6030,GRB14,2888.0,MutNovel,"S175C,0.458"
X-6030,GYS1,2997.0,MutNovel,"A608V,0.233"
X-6030,HEATR2,54919.0,MutNovel,"HF236LF,0.495"
X-6030,HLA-G,3135.0,MutNovel,"V218I,1.000"
X-6030,HLA-G,3135.0,MutKnownFunctional,"-278,1.000"
X-6030,HMCN2,,MutNovel,"R2384L,1.000"
X-6030,HNRNPA1,3178.0,MutNovel,"NGG292N,0.262"
X-6030,HOXA11,3207.0,MutNovel,"R215L,0.276"
X-6030,HSPA1A,3303.0,MutNovel,"M122K,0.375"
X-6030,HSPBP1,23640.0,MutNovel,"G25V,0.690"
X-6030,IER5L,389792.0,MutNovel,"D317N,1.000"
X-6030,IGSF10,285313.0,MutKnownFunctional,"R2529*,1.000"
X-6030,IL11RA,3590.0,MutNovel,"Q83E,1.000"
X-6030,ILVBL,10994.0,MutNovel,"T200I,0.681"
X-6030,INF2,64423.0,MutNovel,"D918G,0.436"
X-6030,INO80D,54891.0,MutNovel,"M242V,0.412"
X-6030,INTS2,57508.0,MutNovel,"R1149C,0.549"
X-6030,IST1,9798.0,MutNovel,"I119V,0.337"
X-6030,ITGA2,3673.0,MutNovel,"T1088A,0.589"
X-6030,KAT6B,23522.0,MutNovel,"-1360EEE,0.225"
X-6030,KIAA0146,23514.0,MutNovel,"G4D,0.412"
X-6030,KIAA0195,9772.0,MutNovel,"E543K,0.581"
X-6030,KIAA1199,57214.0,MutNovel,"VK1356V,1.000"
X-6030,KIAA2018,205717.0,MutNovel,"QQQ1471Q,1.000"
X-6030,KIF20B,9585.0,MutNovel,"E622A,0.643"
X-6030,KIF20B,9585.0,MutNovel,"L1062LKV,0.625"
X-6030,KRAS,3845.0,MutKnownFunctional,"G12V,0.556"
X-6030,KRT76,51350.0,MutNovel,"EA431DA,1.000"
X-6030,KRT79,338785.0,MutNovel,"R143G,1.000"
X-6030,LAMA5,3911.0,MutNovel,"R618W,0.647"
X-6030,LOC100129480,100129480.0,MutNovel,"V206D,0.676"
X-6030,LOC100132247,100132247.0,MutNovel,"P630L,0.214"
X-6030,LOC100287482,100287482.0,MutNovel,"A39T,0.320"
X-6030,LOC100287837,,MutNovel,"E5ER,0.929"
X-6030,LOC100288332,,MutNovel,"D279V,0.936"
X-6030,LOC100507338,,MutNovel,"Y230C,0.385"
X-6030,LOC100507607,,MutNovel,"V199D,1.000"
X-6030,LOC100996575,,MutNovel,"N252K,0.457"
X-6030,LOC554223,554223.0,MutNovel,"R147E,1.000"
X-6030,LOC728741,,MutNovel,"Y251C,1.000"
X-6030,LOC728888,,MutNovel,"Q19P,0.250"
X-6030,LOC730268,,MutNovel,"Q698P,0.500"
X-6030,LRP4,4038.0,MutNovel,"R491Q,0.533"
X-6030,LRRN1,57633.0,MutNovel,"R364H,0.750"
X-6030,LSR,51599.0,MutNovel,"G518GR,0.534"
X-6030,LYSMD2,256586.0,MutNovel,"P6A,1.000"
X-6030,MAGIX,79917.0,MutNovel,"R53C,1.000"
X-6030,MAP3K1,4214.0,MutNovel,"ST941S,1.000"
X-6030,MAP3K13,9175.0,MutNovel,"S941L,0.553"
X-6030,MAP3K4,4216.0,MutNovel,"PA1189P,1.000"
X-6030,MAP7,9053.0,MutNovel,"EA601A,0.511"
X-6030,MED15,51586.0,MutNovel,"-251Q,0.493"
X-6030,MEF2A,4205.0,MutNovel,"QQQQQQ412-,1.000"
X-6030,METRN,79006.0,MutNovel,"R22H,0.842"
X-6030,METRN,79006.0,MutNovel,"R77L,0.273"
X-6030,MIER2,54531.0,MutNovel,"R361W,0.318"
X-6030,MPRIP,23164.0,MutNovel,"TS178T,1.000"
X-6030,MR1,3140.0,MutNovel,"S150F,0.586"
X-6030,MSTO1,55154.0,MutNovel,"Y218F,0.520"
X-6030,MUC17,140453.0,MutNovel,"S861T,0.335"
X-6030,MUC17,140453.0,MutNovel,"RS903HS,0.266"
X-6030,MUC17,140453.0,MutNovel,"EA1412GV,0.213"
X-6030,MUC17,140453.0,MutNovel,"VT1540DP,0.257"
X-6030,MUC17,140453.0,MutNovel,"T1686S,0.379"
X-6030,MUC20,200958.0,MutNovel,"F12-,0.451"
X-6030,MUC3A,,MutNovel,"T412S,0.885"
X-6030,MUC3A,,MutNovel,"F453S,1.000"
X-6030,MUC3A,,MutNovel,"E601Q,0.442"
X-6030,MUC3A,,MutNovel,"I736T,0.547"
X-6030,MUC5AC,,MutNovel,"P1589L,0.410"
X-6030,NBPF1,55672.0,MutNovel,"G986E,0.286"
X-6030,NBPF10,100132406.0,MutNovel,"P1272R,0.786"
X-6030,NBPF10,100132406.0,MutNovel,"T3537M,0.245"
X-6030,NBPF9,400818.0,MutNovel,"Q184R,1.000"
X-6030,NCOA3,8202.0,MutNovel,"Q1255-,0.429"
X-6030,NCOA6,23054.0,MutNovel,"Q277RK,0.421"
X-6030,NCOR2,9612.0,MutNovel,"G1839GAAA,1.000"
X-6030,NCOR2,9612.0,MutNovel,"-511S,1.000"
X-6030,NEB,4703.0,MutNovel,"L7952V,0.214"
X-6030,NINL,22981.0,MutKnownFunctional,"-938,0.450"
X-6030,NOL11,25926.0,MutNovel,"S390R,0.531"
X-6030,NPIP,9284.0,MutNovel,"S267P,0.750"
X-6030,NR1H2,7376.0,MutNovel,"-173Q,1.000"
X-6030,NUDT18,79873.0,MutNovel,"A9T,0.750"
X-6030,NUP107,57122.0,MutNovel,"TS310T,0.483"
X-6030,OCLN,100506658.0,MutNovel,"Y467C,0.648"
X-6030,ORAI1,84876.0,MutNovel,"PP43-,1.000"
X-6030,P2RY8,286530.0,MutNovel,"V1583G,1.000"
X-6030,PARD3,56288.0,MutNovel,"R172H,0.228"
X-6030,PCM1,5108.0,MutNovel,"I1359V,0.455"
X-6030,PCSK9,255738.0,MutNovel,"-15L,0.474"
X-6030,PDCD11,22984.0,MutNovel,"H658Y,0.347"
X-6030,PDE4DIP,9659.0,MutNovel,"Q1033P,0.250"
X-6030,PDZK1,5174.0,MutNovel,"R206C,0.333"
X-6030,PELP1,27043.0,MutNovel,"EPG1002G,0.993"
X-6030,PHLDA1,22822.0,MutNovel,"QQ194Q,1.000"
X-6030,PKM,,MutKnownFunctional,"S5*,1.000"
X-6030,PLEC,5339.0,MutNovel,"R3666Q,0.551"
X-6030,PLEC,5339.0,MutNovel,"R1317W,0.500"
X-6030,PLEKHG1,57480.0,MutNovel,"G97R,0.458"
X-6030,PLK1S1,55857.0,MutNovel,"T288I,0.466"
X-6030,PODXL,5420.0,MutNovel,"PSPSP26P,0.500"
X-6030,PPID,5481.0,MutNovel,"A209V,0.239"
X-6030,PPP1R9B,84687.0,MutNovel,"R371Q,0.492"
X-6030,PPP2R3B,28227.0,MutNovel,"LA853PA,1.000"
X-6030,PSME1,5720.0,MutNovel,"K35-,0.507"
X-6030,PTPRF,5792.0,MutNovel,"R355H,0.513"
X-6030,RASEF,158158.0,MutNovel,"A89V,1.000"
X-6030,RIN3,79890.0,MutNovel,"G967-,0.538"
X-6030,RIPK1,8737.0,MutNovel,"A569V,1.000"
X-6030,RLIM,51132.0,MutNovel,"SSSSS467S,1.000"
X-6030,RNASEL,6041.0,MutKnownFunctional,"Q489*,0.246"
X-6030,RPGRIP1L,23322.0,MutNovel,"I1149N,0.273"
X-6030,SAMD1,90378.0,MutNovel,"DEE233E,0.366"
X-6030,SAMD1,90378.0,MutNovel,"E232D,0.269"
X-6030,SBF2,81846.0,MutNovel,"E153K,0.325"
X-6030,SCAF8,22828.0,MutNovel,"P158S,0.406"
X-6030,SCIN,85477.0,MutNovel,"S534L,0.386"
X-6030,SEC16B,89866.0,MutNovel,"I867S,0.552"
X-6030,SEC62,7095.0,MutNovel,"Q373E,0.404"
X-6030,SERINC2,347735.0,MutNovel,"-373Q,1.000"
X-6030,SFPQ,6421.0,MutNovel,"PP185P,0.497"
X-6030,SH3RF1,57630.0,MutNovel,"P428L,0.313"
X-6030,SNRNP200,23020.0,MutNovel,"A246S,0.477"
X-6030,SORD,6652.0,MutNovel,"E156D,0.992"
X-6030,SP140,11262.0,MutNovel,"E629Y,0.667"
X-6030,SPEN,23013.0,MutNovel,"L1091A,0.509"
X-6030,SRA1,10011.0,MutNovel,"R206M,0.352"
X-6030,SRPK2,6733.0,MutNovel,"E361G,0.504"
X-6030,STARD10,10809.0,MutNovel,"T169M,0.394"
X-6030,SUFU,51684.0,MutNovel,"L383V,0.389"
X-6030,SUPT16H,11198.0,MutNovel,"N685S,0.376"
X-6030,SYCE1L,100130958.0,MutNovel,"E18D,0.534"
X-6030,TAF4,6874.0,MutNovel,"G376R,0.308"
X-6030,TBC1D12,23232.0,MutNovel,"A292V,0.618"
X-6030,TCF7L2,6934.0,MutNovel,"H528Y,0.653"
X-6030,TMBIM4,51643.0,MutKnownFunctional,"-174?,0.875"
X-6030,TMEM184A,202915.0,MutNovel,"G392GA,0.464"
X-6030,TMEM185B,79134.0,MutNovel,"L299V,0.487"
X-6030,TMEM189-UBE2V1,387522.0,MutNovel,"NW6DG,1.000"
X-6030,TMEM191C,645426.0,MutNovel,"T321I,1.000"
X-6030,TOP1MT,116447.0,MutNovel,"A89V,0.530"
X-6030,TRAF5,7188.0,MutNovel,"A200T,0.481"
X-6030,TRIP10,9322.0,MutNovel,"R222C,0.632"
X-6030,TRIP11,9321.0,MutNovel,"M422I,0.310"
X-6030,TRMT12,55039.0,MutNovel,"K106I,0.360"
X-6030,TRMU,55687.0,MutNovel,"E148K,0.298"
X-6030,TRPV6,55503.0,MutNovel,"I407V,0.500"
X-6030,TSC22D4,81628.0,MutNovel,"G53R,0.436"
X-6030,TSPYL1,7259.0,MutNovel,"V176VW,1.000"
X-6030,UGT2B10,7365.0,MutNovel,"R250G,1.000"
X-6030,UTY,7404.0,MutNovel,"A1065G,1.000"
X-6030,UTY,7404.0,MutNovel,"GG1059SR,1.000"
X-6030,UTY,7404.0,MutNovel,"S1058D,1.000"
X-6030,UTY,7404.0,MutNovel,"LL1055GL,0.667"
X-6030,UTY,7404.0,MutNovel,"E1054V,0.667"
X-6030,UTY,7404.0,MutNovel,"F1045I,0.750"
X-6030,UTY,7404.0,MutNovel,"GF1044VI,0.750"
X-6030,UTY,7404.0,MutNovel,"N1036Y,0.500"
X-6030,UTY,7404.0,MutNovel,"N1023Y,0.667"
X-6030,UTY,7404.0,MutNovel,"S1020I,0.500"
X-6030,UTY,7404.0,MutNovel,"H1018R,0.500"
X-6030,UTY,7404.0,MutNovel,"F1016H,0.500"
X-6030,UTY,7404.0,MutNovel,"N1006T,0.273"
X-6030,UTY,7404.0,MutNovel,"HQ1001QT,0.300"
X-6030,UTY,7404.0,MutNovel,"NP981KS,0.650"
X-6030,UTY,7404.0,MutNovel,"LN980QD,0.636"
X-6030,UTY,7404.0,MutNovel,"DK978GM,0.667"
X-6030,UTY,7404.0,MutNovel,"D978N,0.654"
X-6030,UTY,7404.0,MutNovel,"LP975SS,0.708"
X-6030,UTY,7404.0,MutNovel,"P974R,0.708"
X-6030,UTY,7404.0,MutNovel,"YP972FK,0.739"
X-6030,UTY,7404.0,MutNovel,"P971Q,0.731"
X-6030,UTY,7404.0,MutNovel,"TS969MP,0.692"
X-6030,UTY,7404.0,MutNovel,"P968Y,0.720"
X-6030,UTY,7404.0,MutNovel,"RP966SV,0.818"
X-6030,UTY,7404.0,MutNovel,"P965V,0.840"
X-6030,UTY,7404.0,MutNovel,"PP963LN,0.826"
X-6030,UTY,7404.0,MutNovel,"CP962TT,0.792"
X-6030,UTY,7404.0,MutNovel,"K961L,0.792"
X-6030,UTY,7404.0,MutNovel,"LL958FS,0.760"
X-6030,UTY,7404.0,MutNovel,"I957Y,0.760"
X-6030,UTY,7404.0,MutNovel,"SC955KI,0.692"
X-6030,UTY,7404.0,MutNovel,"NS954PR,0.692"
X-6030,UTY,7404.0,MutKnownFunctional,"S953*,0.692"
X-6030,UTY,7404.0,MutNovel,"GL951FM,0.692"
X-6030,UTY,7404.0,MutNovel,"KN949NA,0.692"
X-6030,UTY,7404.0,MutNovel,"K949P,0.600"
X-6030,UTY,7404.0,MutNovel,"PG947SS,0.579"
X-6030,UTY,7404.0,MutNovel,"RN945SK,0.444"
X-6030,UTY,7404.0,MutNovel,"TG720WS,0.211"
X-6030,UTY,7404.0,MutNovel,"S719D,0.216"
X-6030,UTY,7404.0,MutNovel,"YH714SL,0.216"
X-6030,UTY,7404.0,MutNovel,"S585F,0.227"
X-6030,UTY,7404.0,MutNovel,"LN535FS,0.438"
X-6030,UTY,7404.0,MutNovel,"L535S,0.500"
X-6030,UTY,7404.0,MutNovel,"DN533LY,0.438"
X-6030,UTY,7404.0,MutNovel,"QL527HL,0.400"
X-6030,UTY,7404.0,MutKnownFunctional,"Y325*,0.273"
X-6030,UTY,7404.0,MutNovel,"LY324FT,0.273"
X-6030,UTY,7404.0,MutNovel,"G322D,0.462"
X-6030,UTY,7404.0,MutNovel,"IG321SN,0.462"
X-6030,UTY,7404.0,MutNovel,"EA312DI,0.300"
X-6030,UTY,7404.0,MutNovel,"E312I,0.417"
X-6030,UTY,7404.0,MutNovel,"E312I,0.417"
X-6030,UTY,7404.0,MutNovel,"KS310RK,0.364"
X-6030,UTY,7404.0,MutKnownFunctional,"K310*,0.385"
X-6030,UTY,7404.0,MutKnownFunctional,"DK309C*,0.385"
X-6030,UTY,7404.0,MutKnownFunctional,"G288*,0.500"
X-6030,UTY,7404.0,MutNovel,"W284S,0.556"
X-6030,UTY,7404.0,MutNovel,"G281F,0.400"
X-6030,UTY,7404.0,MutNovel,"E275P,0.455"
X-6030,UTY,7404.0,MutNovel,"L274R,0.300"
X-6030,UTY,7404.0,MutNovel,"SL273RM,0.400"
X-6030,UTY,7404.0,MutNovel,"K272E,0.400"
X-6030,UTY,7404.0,MutNovel,"LQ270PP,0.273"
X-6030,UTY,7404.0,MutNovel,"L270V,0.364"
X-6030,UTY,7404.0,MutNovel,"E263S,0.300"
X-6030,UTY,7404.0,MutNovel,"I147F,0.250"
X-6030,UTY,7404.0,MutNovel,"LV135FF,0.300"
X-6030,UTY,7404.0,MutNovel,"LG133PA,0.333"
X-6030,UTY,7404.0,MutNovel,"G132V,0.455"
X-6030,UTY,7404.0,MutKnownFunctional,"YG131*I,0.455"
X-6030,UTY,7404.0,MutNovel,"L130F,0.375"
X-6030,UTY,7404.0,MutNovel,"L130C,0.375"
X-6030,UTY,7404.0,MutNovel,"F129V,0.583"
X-6030,UTY,7404.0,MutNovel,"AF128SV,0.583"
X-6030,UTY,7404.0,MutNovel,"NA126KK,0.583"
X-6030,UTY,7404.0,MutNovel,"N126S,0.500"
X-6030,UTY,7404.0,MutNovel,"W124M,0.300"
X-6030,UTY,7404.0,MutKnownFunctional,"YW123*R,0.700"
X-6030,UTY,7404.0,MutNovel,"D122L,0.667"
X-6030,UTY,7404.0,MutNovel,"QA120LN,0.778"
X-6030,UTY,7404.0,MutKnownFunctional,"LQ119F*,0.667"
X-6030,UTY,7404.0,MutKnownFunctional,"Y116*,0.625"
X-6030,UTY,7404.0,MutNovel,"Y116L,0.625"
X-6030,UTY,7404.0,MutKnownFunctional,"YQ113G*,0.333"
X-6030,UTY,7404.0,MutNovel,"ES89DG,0.231"
X-6030,UTY,7404.0,MutNovel,"L46S,0.250"
X-6030,UTY,7404.0,MutNovel,"AL45RI,0.350"
X-6030,UTY,7404.0,MutNovel,"RE43IV,0.292"
X-6030,UTY,7404.0,MutNovel,"V13G,0.214"
X-6030,UTY,7404.0,MutNovel,"A11P,0.222"
X-6030,UTY,7404.0,MutNovel,"V6R,0.261"
X-6030,VCAN,1462.0,MutNovel,"R3092C,0.798"
X-6030,VSTM2L,128434.0,MutNovel,"A16T,0.448"
X-6030,WDR55,54853.0,MutNovel,"R346Q,0.740"
X-6030,WIPI1,55062.0,MutNovel,"V352I,0.560"
X-6030,XDH,7498.0,MutNovel,"T837S,0.477"
X-6030,ZBTB12B,,MutNovel,"S209F,1.000"
X-6030,ZDHHC11,79844.0,MutNovel,"A303D,0.711"
X-6030,ZDHHC11,79844.0,MutNovel,"V86I,0.429"
X-6030,ZNF235,9310.0,MutNovel,"N83D,0.545"
X-6030,ZNF320,162967.0,MutNovel,"V36M,0.500"
X-6030,ZNF333,84449.0,MutNovel,"D207Y,0.556"
X-6030,ZNF384,171017.0,MutNovel,"QQ514Q,1.000"
X-6030,ZNF513,130557.0,MutNovel,"S349I,0.355"
X-6030,ZNF837,116412.0,MutNovel,"S65Y,0.385"
X-6030,ZP3,7784.0,MutNovel,"S315P,0.333"
X-1451,AARS2,57505.0,MutNovel,"R769L,0.550"
X-1451,AASDH,132949.0,MutNovel,"V930I,0.557"
X-1451,ABLIM1,3983.0,MutNovel,"P503S,0.800"
X-1451,ADAM6,8755.0,Amp5,5.43
X-1451,ADAMTS13,11093.0,MutNovel,"R916C,0.424"
X-1451,ADAMTS8,11095.0,MutNovel,"-22C,0.625"
X-1451,ADAMTS9,56999.0,MutNovel,"V1143A,0.574"
X-1451,ADPRHL2,54936.0,MutNovel,"R133C,0.490"
X-1451,ADRA2A,150.0,MutNovel,"P297S,0.410"
X-1451,ADRBK2,157.0,MutNovel,"I624L,0.407"
X-1451,AGL,178.0,MutNovel,"L22R,0.527"
X-1451,AHNAK2,113146.0,MutNovel,"T2049A,0.206"
X-1451,AMELY,266.0,Del0.8,0.19
X-1451,ARHGAP28,79822.0,MutNovel,"I260V,0.727"
X-1451,ARHGAP35,2909.0,MutNovel,"Y1198C,0.460"
X-1451,ARHGEF40,55701.0,MutNovel,"D582H,0.506"
X-1451,ATG2A,23130.0,MutNovel,"P890L,0.444"
X-1451,B3GALTL,145173.0,MutNovel,"D469Y,0.472"
X-1451,BAG3,9531.0,MutNovel,"V113I,0.500"
X-1451,BCORP1,286554.0,Del0.8,0.19
X-1451,BMP6,654.0,MutNovel,"R28Q,1.000"
X-1451,BPY2B,442867.0,Del0.8,0.19
X-1451,BPY2B,442867.0,Del0.8,0.19
X-1451,C2orf42,54980.0,MutKnownFunctional,"-558?,0.492"
X-1451,C8orf33,65265.0,Amp5,5.1
X-1451,CASKIN2,57513.0,MutNovel,"V845M,0.486"
X-1451,CCDC40,55036.0,MutNovel,"P283S,0.600"
X-1451,CDH23,64072.0,MutNovel,"T204M,0.556"
X-1451,CDY1B,253175.0,Del0.8,0.19
X-1451,CDY1B,253175.0,Del0.8,0.19
X-1451,CDY2A,9426.0,Del0.8,0.19
X-1451,CDY2A,9426.0,Del0.8,0.19
X-1451,CDY2B,203611.0,Del0.8,0.19
X-1451,CDY2B,203611.0,Del0.8,0.19
X-1451,CEP120,153241.0,MutNovel,"E665D,0.522"
X-1451,CEP192,55125.0,MutNovel,"F765L,0.440"
X-1451,CEP290,80184.0,MutNovel,"E795D,0.434"
X-1451,CHD2,1106.0,MutKnownFunctional,"-1242?,0.800"
X-1451,CMTM3,123920.0,MutNovel,"P22L,0.460"
X-1451,CNDP1,84735.0,MutNovel,"V15VL,0.923"
X-1451,CNO,55330.0,MutNovel,"V113VVI,0.514"
X-1451,COQ9,57017.0,MutNovel,"A13T,0.483"
X-1451,CPAMD8,27151.0,MutNovel,"P1769T,0.367"
X-1451,CREBBP,1387.0,MutNovel,"N1978S,0.448"
X-1451,CRIPAK,285464.0,MutNovel,"V164A,0.450"
X-1451,CRMP1,1400.0,MutNovel,"G100A,0.500"
X-1451,CROCC,9696.0,MutNovel,"T1911M,0.468"
X-1451,CSPG4P1Y,114758.0,Del0.8,0.19
X-1451,CSPG4P1Y,114758.0,Del0.8,0.19
X-1451,CT45A1,541466.0,Del0.8,0.78
X-1451,CT45A2,728911.0,Del0.8,0.62
X-1451,CT45A3,441519.0,Del0.8,0.62
X-1451,CT45A4,441520.0,Del0.8,0.62
X-1451,CUL7,9820.0,MutNovel,"E475-,0.497"
X-1451,CYP2W1,54905.0,MutNovel,"R366H,0.857"
X-1451,CYTH2,9266.0,MutNovel,"K394R,0.496"
X-1451,DAZ1,1617.0,Del0.8,0.19
X-1451,DAZ2,57055.0,Del0.8,0.19
X-1451,DAZ3,57054.0,Del0.8,0.19
X-1451,DAZ3,57054.0,Del0.8,0.19
X-1451,DAZ4,57135.0,Del0.8,0.19
X-1451,DAZ4,57135.0,Del0.8,0.19
X-1451,DCP1A,55802.0,MutNovel,"SAI482I,1.000"
X-1451,DDN,23109.0,MutNovel,"D642E,0.508"
X-1451,DDX3Y,8653.0,Del0.8,0.19
X-1451,DMD,1756.0,Del0.8,0.75
X-1451,DNER,92737.0,MutNovel,"P41S,0.548"
X-1451,DNMT3B,1789.0,MutNovel,"V111I,0.300"
X-1451,DUOX1,53905.0,MutNovel,"L502P,0.400"
X-1451,DZIP1L,199221.0,MutNovel,"-88C,0.438"
X-1451,E2F4,1874.0,MutNovel,"DSSSSS306D,0.390"
X-1451,EIF1AY,9086.0,Del0.8,0.19
X-1451,EP400,57634.0,MutNovel,"R1187C,0.448"
X-1451,EP400,57634.0,MutNovel,"-2728Q,0.929"
X-1451,EPHX1,2052.0,MutNovel,"K117R,0.516"
X-1451,EVC2,132884.0,MutNovel,"P41H,0.556"
X-1451,FAM109A,144717.0,MutNovel,"R222H,0.542"
X-1451,FAM197Y2P,252946.0,Del0.8,0.19
X-1451,FAM41AY1,340618.0,Del0.8,0.19
X-1451,FAM41AY1,340618.0,Del0.8,0.19
X-1451,FLG,2312.0,MutNovel,"G1783E,0.545"
X-1451,FLNB,2317.0,MutNovel,"T116M,0.521"
X-1451,FNDC1,84624.0,MutNovel,"ATTRRTT1471A,1.000"
X-1451,FNDC1,84624.0,MutNovel,"R1474C,0.402"
X-1451,FNDC3B,64778.0,MutNovel,"V145A,0.468"
X-1451,FOXN3,1112.0,MutNovel,"GSEG379G,0.466"
X-1451,GIGYF2,26058.0,MutNovel,"PQ1231P,1.000"
X-1451,GINS3,64785.0,MutNovel,"N223S,0.441"
X-1451,GIPC2,54810.0,MutKnownFunctional,"R312*,0.680"
X-1451,GLI1,2735.0,MutNovel,"P535S,0.449"
X-1451,GOLGA2P2Y,84559.0,Del0.8,0.19
X-1451,GOLGA2P2Y,84559.0,Del0.8,0.19
X-1451,GOLGA4,2803.0,MutNovel,"S61W,0.582"
X-1451,GPBP1L1,60313.0,MutNovel,"P409L,0.544"
X-1451,GPI,2821.0,MutNovel,"Y352H,0.514"
X-1451,GPR137C,283554.0,MutNovel,"S27G,1.000"
X-1451,GPR137C,283554.0,MutNovel,"S27V,1.000"
X-1451,GSDMB,55876.0,MutNovel,"A18T,0.345"
X-1451,GSTT1,2952.0,Amp5,6.19
X-1451,GYG2P1,352887.0,Del0.8,0.19
X-1451,HDLBP,3069.0,MutNovel,"S17G,0.512"
X-1451,HEATR5B,54497.0,MutNovel,"P23Q,0.491"
X-1451,HELQ,113510.0,MutNovel,"S539R,0.571"
X-1451,HGC6.3,100128124.0,MutNovel,"Q151P,0.250"
X-1451,HGC6.3,100128124.0,MutNovel,"S119F,0.386"
X-1451,HGC6.3,100128124.0,MutNovel,"P108Q,0.310"
X-1451,HGC6.3,100128124.0,MutNovel,"V104A,0.349"
X-1451,HGC6.3,100128124.0,MutNovel,"P102S,0.443"
X-1451,HGC6.3,100128124.0,MutNovel,"Q66P,0.235"
X-1451,HGC6.3,100128124.0,MutNovel,"Q52P,0.483"
X-1451,HGC6.3,100128124.0,MutNovel,"Q38L,0.375"
X-1451,HGC6.3,100128124.0,MutNovel,"Q24P,0.246"
X-1451,HLA-DRB5,3127.0,Amp8,11.47
X-1451,HMOX2,3163.0,MutNovel,"LQF296L,0.495"
X-1451,HNRNPUL2,221092.0,MutNovel,"ED84D,0.378"
X-1451,HNRNPUL2,221092.0,MutNovel,"P53S,0.514"
X-1451,HOMEZ,57594.0,MutNovel,"EDD537D,0.421"
X-1451,HRNR,388697.0,MutNovel,"R2167C,0.310"
X-1451,HRNR,388697.0,MutNovel,"G989D,0.636"
X-1451,HSFY2,159119.0,Del0.8,0.19
X-1451,HSFY2,159119.0,Del0.8,0.19
X-1451,HYDIN,54768.0,MutNovel,"A4041T,0.818"
X-1451,HYDIN,54768.0,MutNovel,"H3869R,1.000"
X-1451,HYDIN,54768.0,MutNovel,"G2557E,0.667"
X-1451,INPPL1,3636.0,MutNovel,"K626E,0.492"
X-1451,IQGAP3,128239.0,MutNovel,"P55L,0.431"
X-1451,IQSEC2,23096.0,MutNovel,"A1470T,1.000"
X-1451,IRF2BPL,64207.0,MutNovel,"QQ114Q,0.556"
X-1451,KCNN3,3782.0,MutKnownFunctional,"-112?,0.368"
X-1451,KDM4E,,MutNovel,"Q113R,1.000"
X-1451,KDM5D,8284.0,Del0.8,0.19
X-1451,KDM6B,23135.0,MutNovel,"L251LPP,1.000"
X-1451,KIAA0125,9834.0,Amp5,5.43
X-1451,KIAA0368,23392.0,MutNovel,"A102T,0.587"
X-1451,KLC4,89953.0,MutNovel,"A381P,0.453"
X-1451,KNTC1,9735.0,MutNovel,"M842L,0.600"
X-1451,L2HGDH,79944.0,MutKnownFunctional,"-346,0.400"
X-1451,LARP6,55323.0,MutNovel,"F221Y,0.451"
X-1451,LETM1,3954.0,MutNovel,"D550E,0.488"
X-1451,LOC100996614,,MutKnownFunctional,"-32,1.000"
X-1451,LOC391322,391322.0,Amp5,6.19
X-1451,LOC643699,,MutNovel,"Q392HK,0.625"
X-1451,LOC653125,,MutNovel,"P78L,0.273"
X-1451,LOC728392,728392.0,MutNovel,"S42L,0.438"
X-1451,LOC728728,,MutNovel,"P4H,1.000"
X-1451,LOC728728,,MutNovel,"T21I,1.000"
X-1451,LOC728888,,MutNovel,"V1092A,0.417"
X-1451,LOC731282,,MutNovel,"R262G,0.500"
X-1451,LRRC37A,9884.0,MutNovel,"H435Q,1.000"
X-1451,LRRC37A,9884.0,MutNovel,"T1319R,1.000"
X-1451,LRRC37A2,474170.0,MutNovel,"V449I,1.000"
X-1451,LRRC37A2,474170.0,MutNovel,"P463S,1.000"
X-1451,LSR,51599.0,MutNovel,"G518GR,1.000"
X-1451,LTBP2,4053.0,MutNovel,"R247H,0.419"
X-1451,MAFA,389692.0,MutNovel,"HH207H,1.000"
X-1451,MAN2C1,4123.0,MutNovel,"A149V,0.508"
X-1451,MAP3K1,4214.0,MutNovel,"ST941S,1.000"
X-1451,MCU,90550.0,MutNovel,"T175A,0.565"
X-1451,MDGA1,266727.0,MutNovel,"T921M,1.000"
X-1451,MEF2A,4205.0,MutNovel,"QQ412-,0.234"
X-1451,MEGF6,1953.0,MutNovel,"S651W,0.476"
X-1451,MEOX2,4223.0,MutNovel,"HH76H,0.395"
X-1451,MFSD2A,84879.0,MutNovel,"H175Y,0.333"
X-1451,MIR514A1,574516.0,Del0.8,0.56
X-1451,MKRN1,23608.0,MutNovel,"R396H,0.450"
X-1451,MLH1,4292.0,MutLikelyFunctional,"S93G,0.426"
X-1451,MLLT10,8028.0,MutKnownFunctional,"R111*,0.455"
X-1451,MPND,84954.0,MutNovel,"V466L,0.464"
X-1451,MPRIP,23164.0,MutNovel,"TS178T,0.472"
X-1451,MRPS31,10240.0,MutNovel,"K284E,0.488"
X-1451,MUC20,200958.0,MutNovel,"V325I,0.231"
X-1451,MUC6,4588.0,MutNovel,"L1673R,0.254"
X-1451,NANOS1,340719.0,MutNovel,"P34T,0.600"
X-1451,NBPF10,100132406.0,MutNovel,"D1405E,1.000"
X-1451,NBPF11,200030.0,MutNovel,"DS45EP,0.300"
X-1451,NBPF12,,MutNovel,"V2278E,1.000"
X-1451,NBPF14,25832.0,MutNovel,"V322I,1.000"
X-1451,NCAPH2,29781.0,MutNovel,"V185I,0.488"
X-1451,NCOR2,9612.0,MutNovel,"G1839GAAA,1.000"
X-1451,NCOR2,9612.0,MutNovel,"-511SS,0.201"
X-1451,NCRNA00185,55410.0,Del0.8,0.19
X-1451,NFATC2,4773.0,MutNovel,"R16L,0.581"
X-1451,NGEF,25791.0,MutNovel,"T133I,1.000"
X-1451,NKTR,4820.0,MutNovel,"T1302M,0.502"
X-1451,NLGN4Y,22829.0,Del0.8,0.19
X-1451,NPIPL3,23117.0,MutNovel,"C1076R,0.714"
X-1451,NRG2,9542.0,MutNovel,"GPG667G,0.789"
X-1451,NUDT11,55190.0,MutKnownFunctional,"-1,1.000"
X-1451,OR52N1,79473.0,Del0.8,0.59
X-1451,OR52N5,390075.0,Del0.8,0.18
X-1451,ORAI1,84876.0,MutNovel,"PP43-,1.000"
X-1451,ORAI1,84876.0,MutNovel,"PPP43P,1.000"
X-1451,OTUD3,23252.0,MutNovel,"T243A,0.543"
X-1451,PABPC3,5042.0,MutKnownFunctional,"-299,0.421"
X-1451,PABPC3,5042.0,MutKnownFunctional,"-314,0.783"
X-1451,PARP14,54625.0,MutNovel,"E1469G,0.455"
X-1451,PCDH11Y,83259.0,Del0.8,0.22
X-1451,PDZD7,79955.0,MutNovel,"H711R,0.333"
X-1451,PEX7,5191.0,MutNovel,"F24L,0.571"
X-1451,PHACTR2,9749.0,MutNovel,"P339T,1.000"
X-1451,PHLDA1,22822.0,MutNovel,"QQ194Q,1.000"
X-1451,PI4KA,5297.0,MutNovel,"I1787V,0.472"
X-1451,PLD4,122618.0,MutNovel,"G244C,0.750"
X-1451,PMM2,5373.0,MutNovel,"S47L,0.425"
X-1451,PODXL2,50512.0,MutNovel,"S230L,0.442"
X-1451,PRKY,5616.0,Del0.8,0.19
X-1451,PRY,9081.0,Del0.8,0.19
X-1451,PRY,9081.0,Del0.8,0.19
X-1451,PRY2,442862.0,Del0.8,0.19
X-1451,PRY2,442862.0,Del0.8,0.19
X-1451,PTK7,5754.0,MutNovel,"P29H,0.500"
X-1451,PTPN20A,653129.0,MutNovel,"E99K,0.833"
X-1451,PTPN21,11099.0,MutNovel,"P571L,1.000"
X-1451,PTPRD,5789.0,MutNovel,"E1202K,0.627"
X-1451,RALGAPA1,253959.0,MutNovel,"V1162L,0.583"
X-1451,RARS2,57038.0,MutKnownFunctional,"-575?,0.460"
X-1451,RBMY1A3P,286557.0,Del0.8,0.19
X-1451,RBMY1B,378948.0,Del0.8,0.19
X-1451,RBMY1B,378948.0,Del0.8,0.19
X-1451,RBMY1E,378950.0,Del0.8,0.19
X-1451,RBMY1E,378950.0,Del0.8,0.19
X-1451,RBMY1F,159163.0,Del0.8,0.19
X-1451,RBMY1F,159163.0,Del0.8,0.19
X-1451,RBMY1J,378951.0,Del0.8,0.19
X-1451,RBMY1J,378951.0,Del0.8,0.19
X-1451,RBMY2EP,159125.0,Del0.8,0.19
X-1451,RBMY2FP,159162.0,Del0.8,0.19
X-1451,RBMY3AP,64593.0,Del0.8,0.19
X-1451,RGL1,23179.0,MutNovel,"N404I,0.434"
X-1451,RHOBTB1,9886.0,MutNovel,"I675T,0.508"
X-1451,RIN3,79890.0,MutNovel,"G967-,1.000"
X-1451,RPLP0,6175.0,MutNovel,"R83W,0.358"
X-1451,RPS4Y1,6192.0,Del0.8,0.22
X-1451,RPS4Y2,140032.0,Del0.8,0.19
X-1451,RREB1,6239.0,MutNovel,"P450S,0.434"
X-1451,RRP7A,27341.0,MutNovel,"N65S,0.530"
X-1451,SCAP,22937.0,MutNovel,"S120F,0.511"
X-1451,SEC23IP,11196.0,MutNovel,"Q177H,0.459"
X-1451,SERINC2,347735.0,MutNovel,"-373Q,1.000"
X-1451,SFXN5,94097.0,MutNovel,"K276R,0.792"
X-1451,SHPRH,257218.0,MutNovel,"N1201K,0.504"
X-1451,SIRPG,55423.0,MutNovel,"M34V,1.000"
X-1451,SLC37A4,2542.0,MutKnownFunctional,"R377*,0.446"
X-1451,SLC5A3,6526.0,MutNovel,"N332S,0.411"
X-1451,SLFN13,146857.0,MutNovel,"C312F,0.404"
X-1451,SNTB2,6645.0,MutNovel,"L357F,0.537"
X-1451,SOGA2,,MutNovel,"G619R,0.800"
X-1451,SOSTDC1,25928.0,MutNovel,"H35D,0.488"
X-1451,SPPL2B,56928.0,MutKnownFunctional,"-510,0.732"
X-1451,SPRY3,10251.0,MutKnownFunctional,"-2904,1.000"
X-1451,SRY,6736.0,Del0.8,0.22
X-1451,SSPO,23145.0,MutNovel,"P3836L,0.403"
X-1451,ST3GAL1,6482.0,MutNovel,"S136L,0.559"
X-1451,STAG1,10274.0,MutNovel,"N690S,0.496"
X-1451,STRC,161497.0,MutNovel,"T1565S,0.500"
X-1451,TAG,404663.0,Del0.8,0.78
X-1451,TANC1,85461.0,MutNovel,"E1068D,0.476"
X-1451,TANC2,26115.0,MutNovel,"P30L,0.464"
X-1451,TBC1D9,23158.0,MutNovel,"D110G,0.478"
X-1451,TBL1Y,90665.0,Del0.8,0.19
X-1451,TBP,6908.0,MutNovel,"-64Q,1.000"
X-1451,TGIF2LY,90655.0,Del0.8,0.22
X-1451,TK2,7084.0,MutNovel,"R32W,0.500"
X-1451,TMEM115,11070.0,MutNovel,"R282Q,0.565"
X-1451,TMSB4Y,9087.0,Del0.8,0.19
X-1451,TOR1A,1861.0,MutNovel,"R213G,0.484"
X-1451,TSPY1,7258.0,Del0.8,0.19
X-1451,TSPY2,64591.0,Del0.8,0.19
X-1451,TSPY3,728137.0,Del0.8,0.19
X-1451,TSPY4,728395.0,Del0.8,0.19
X-1451,TSPY8,728403.0,Del0.8,0.19
X-1451,TSPYL1,7259.0,MutNovel,"V176VW,0.502"
X-1451,TTC40,54777.0,MutNovel,"T422M,1.000"
X-1451,TTTY10,246119.0,Del0.8,0.19
X-1451,TTTY11,83866.0,Del0.8,0.19
X-1451,TTTY12,83867.0,Del0.8,0.19
X-1451,TTTY13,83868.0,Del0.8,0.19
X-1451,TTTY14,83869.0,Del0.8,0.19
X-1451,TTTY15,64595.0,Del0.8,0.19
X-1451,TTTY16,252948.0,Del0.8,0.19
X-1451,TTTY17A,252949.0,Del0.8,0.19
X-1451,TTTY17A,252949.0,Del0.8,0.19
X-1451,TTTY18,252950.0,Del0.8,0.19
X-1451,TTTY19,252952.0,Del0.8,0.19
X-1451,TTTY1B,100101116.0,Del0.8,0.19
X-1451,TTTY1B,100101116.0,Del0.8,0.19
X-1451,TTTY2,60439.0,Del0.8,0.19
X-1451,TTTY2,60439.0,Del0.8,0.19
X-1451,TTTY20,252951.0,Del0.8,0.19
X-1451,TTTY21,252953.0,Del0.8,0.19
X-1451,TTTY21,252953.0,Del0.8,0.19
X-1451,TTTY22,252954.0,Del0.8,0.19
X-1451,TTTY23,252955.0,Del0.8,0.19
X-1451,TTTY23,252955.0,Del0.8,0.19
X-1451,TTTY3,114760.0,Del0.8,0.19
X-1451,TTTY3,114760.0,Del0.8,0.19
X-1451,TTTY4,114761.0,Del0.8,0.19
X-1451,TTTY4,114761.0,Del0.8,0.19
X-1451,TTTY5,83863.0,Del0.8,0.19
X-1451,TTTY6,84672.0,Del0.8,0.19
X-1451,TTTY6,84672.0,Del0.8,0.19
X-1451,TTTY7,246122.0,Del0.8,0.19
X-1451,TTTY7,246122.0,Del0.8,0.19
X-1451,TTTY7B,100101120.0,Del0.8,0.19
X-1451,TTTY7B,100101120.0,Del0.8,0.19
X-1451,TTTY8,84673.0,Del0.8,0.19
X-1451,TTTY8,84673.0,Del0.8,0.19
X-1451,TTTY9A,83864.0,Del0.8,0.19
X-1451,TTTY9A,83864.0,Del0.8,0.19
X-1451,TUBGCP6,85378.0,MutNovel,"R774W,0.524"
X-1451,TXLNG2P,246126.0,Del0.8,0.19
X-1451,UBAP2,55833.0,MutNovel,"R137W,0.464"
X-1451,UNC93B1,81622.0,MutNovel,"R589S,0.419"
X-1451,UPK3BL,,MutNovel,"T119I,0.267"
X-1451,USP36,57602.0,MutNovel,"KKK958K,0.495"
X-1451,USP40,55230.0,MutKnownFunctional,"-133,0.304"
X-1451,USP9Y,8287.0,Del0.8,0.19
X-1451,UTY,7404.0,Del0.8,0.19
X-1451,VCY,9084.0,Del0.8,0.19
X-1451,VCY,9084.0,Del0.8,0.19
X-1451,VPS16,64601.0,MutNovel,"V291M,0.643"
X-1451,XKRY2,353515.0,Del0.8,0.19
X-1451,XKRY2,353515.0,Del0.8,0.19
X-1451,YIPF3,25844.0,MutNovel,"T257I,0.519"
X-1451,ZDHHC11,79844.0,MutNovel,"A303D,0.786"
X-1451,ZDHHC11,79844.0,MutNovel,"R276P,0.259"
X-1451,ZFHX4,79776.0,MutNovel,"P2048-,0.429"
X-1451,ZFY,7544.0,Del0.8,0.22
X-1451,ZNF155,7711.0,MutNovel,"N343K,0.622"
X-1451,ZNF302,55900.0,MutNovel,"H324D,0.430"
X-1451,ZNF347,84671.0,MutNovel,"Q335E,0.429"
X-1451,ZNF384,171017.0,MutNovel,"QQ514Q,1.000"
X-1451,ZNF439,90594.0,MutNovel,"E46D,0.562"
X-1451,ZNF628,89887.0,MutNovel,"E292D,0.588"
X-1451,ZNF662,389114.0,MutNovel,"L449-,0.464"
X-1451,ZNF717,100131827.0,MutNovel,"K798R,1.000"
X-1451,ZNF730,,MutNovel,"T412I,0.324"
X-1451,ZNF75A,7627.0,MutNovel,"S99P,0.652"
X-1451,ZNF814,730051.0,MutNovel,"R75G,0.444"
X-1451,ZNHIT2,741.0,MutNovel,"G231S,0.532"
X-2208,ACOT1,641371.0,Del0.8,0.61
X-2208,ACTC1,70.0,Amp5,5.62
X-2208,ADAL,161823.0,Amp5,5.62
X-2208,ADAMTS16,170690.0,Amp5,6.77
X-2208,ADAMTS2,9509.0,MutNovel,"-24C,0.240"
X-2208,ADCY2,108.0,Amp5,6.77
X-2208,AGSK1,80154.0,Del0.8,0.77
X-2208,AGXT,189.0,Del0.8,0.7
X-2208,AHRR,57491.0,Amp8,9.99
X-2208,ALG12,79087.0,MutNovel,"D56N,1.000"
X-2208,AMELY,266.0,Del0.8,0.48
X-2208,ANG,283.0,MutNovel,"K41I,0.462"
X-2208,ANKH,56172.0,Amp5,6.77
X-2208,ANKRD16,54522.0,Del0.8,0.72
X-2208,ANKRD33B,651746.0,Amp5,6.77
X-2208,ANKRD36,375248.0,MutNovel,"N1301D,0.667"
X-2208,ANKRD63,100131244.0,Amp5,5.62
X-2208,ANO7,50636.0,Del0.8,0.7
X-2208,ANP32AP1,723972.0,Amp5,5.62
X-2208,APBA2,321.0,Amp5,5.39
X-2208,AQP12A,375318.0,Del0.8,0.7
X-2208,AQP12B,653437.0,Del0.8,0.7
X-2208,AQR,9716.0,Amp5,5.62
X-2208,ARHGAP11A,9824.0,Amp5,5.62
X-2208,ARHGAP11B,89839.0,Amp5,5.62
X-2208,ARL11,115761.0,Del0.8,0.42
X-2208,ARRDC1,92714.0,Del0.8,0.73
X-2208,ASPN,54829.0,MutNovel,"DE51E,0.460"
X-2208,ATG4B,23192.0,Del0.8,0.7
X-2208,ATP10A,57194.0,Amp5,5.39
X-2208,ATPBD4,89978.0,Amp5,5.62
X-2208,AVEN,57099.0,MutNovel,"GGGGG41G,0.611"
X-2208,AVEN,57099.0,Amp5,5.62
X-2208,B2M,567.0,Amp5,5.62
X-2208,BAHD1,22893.0,Amp5,5.62
X-2208,BASP1,10409.0,Amp5,7.41
X-2208,BAX,581.0,MutNovel,"S118R,0.318"
X-2208,BCORP1,286554.0,Del0.8,0.33
X-2208,BMF,90427.0,Amp5,5.62
X-2208,BMP4,652.0,MutNovel,"P270S,0.435"
X-2208,BMP6,654.0,MutNovel,"R28Q,1.000"
X-2208,BOK,666.0,Del0.8,0.7
X-2208,BOK-AS1,100379249.0,Del0.8,0.7
X-2208,BPY2B,442867.0,Del0.8,0.23
X-2208,BPY2B,442867.0,Del0.8,0.17
X-2208,BRD9,65980.0,Amp8,9.65
X-2208,BTBD7,55727.0,MutNovel,"R650H,0.667"
X-2208,BUB1B,701.0,Amp5,5.62
X-2208,C14orf126,112487.0,MutNovel,"D28N,0.426"
X-2208,C15orf23,90417.0,Amp5,5.62
X-2208,C15orf29,79768.0,Amp5,5.62
X-2208,C15orf41,84529.0,Amp5,5.62
X-2208,C15orf43,145645.0,Amp5,5.62
X-2208,C15orf48,84419.0,Amp5,5.62
X-2208,C15orf52,388115.0,Amp5,5.62
X-2208,C15orf53,400359.0,Amp5,5.62
X-2208,C15orf54,400360.0,Amp5,5.62
X-2208,C15orf55,256646.0,Amp5,5.62
X-2208,C15orf56,644809.0,Amp5,5.62
X-2208,C15orf57,90416.0,Amp5,5.62
X-2208,C15orf62,643338.0,Amp5,5.62
X-2208,C15orf63,25764.0,Amp5,5.62
X-2208,C17orf103,256302.0,Amp5,7.89
X-2208,C17orf51,339263.0,Amp5,7.89
X-2208,C19orf12,83636.0,Amp8,17.75
X-2208,C21orf58,54058.0,MutNovel,"H299PN,0.500"
X-2208,C2orf54,79919.0,Del0.8,0.7
X-2208,C5orf38,153571.0,Amp5,6.77
X-2208,C5orf49,134121.0,Amp5,6.77
X-2208,C5orf55,116349.0,Amp8,9.99
X-2208,C5orf62,85027.0,MutNovel,"S36L,0.584"
X-2208,C9orf37,85026.0,Del0.8,0.73
X-2208,CAB39L,81617.0,Del0.8,0.46
X-2208,CAPN10,11132.0,Del0.8,0.7
X-2208,CAPN3,825.0,Amp5,5.62
X-2208,CASC4,113201.0,Amp5,5.62
X-2208,CASC5,57082.0,Amp5,5.62
X-2208,CATSPER2,117155.0,Amp5,5.62
X-2208,CATSPER2P1,440278.0,Amp5,5.62
X-2208,CCDC127,133957.0,Amp8,9.99
X-2208,CCDC144NL,339184.0,Amp5,7.78
X-2208,CCDC147,159686.0,MutKnownFunctional,"Q752*,1.000"
X-2208,CCDC66,285331.0,MutNovel,"S606SP,0.930"
X-2208,CCNDBP1,23582.0,Amp5,5.62
X-2208,CCNE1,898.0,Amp8,17.75
X-2208,CCT5,22948.0,Amp5,6.77
X-2208,CDADC1,81602.0,Del0.8,0.27
X-2208,CDAN1,146059.0,Amp5,5.62
X-2208,CDC42EP1,11135.0,MutNovel,"PAPAANPS253P,0.206"
X-2208,CDK11B,984.0,MutNovel,"K89Q,0.556"
X-2208,CDKN1C,1028.0,MutNovel,"APVAV171V,0.333"
X-2208,CDY1B,253175.0,Del0.8,0.23
X-2208,CDY1B,253175.0,Del0.8,0.33
X-2208,CDY2A,9426.0,Del0.8,0.33
X-2208,CDY2A,9426.0,Del0.8,0.33
X-2208,CDY2B,203611.0,Del0.8,0.33
X-2208,CDY2B,203611.0,Del0.8,0.33
X-2208,CENPC1,1060.0,Amp5,5.24
X-2208,CEP72,55722.0,Amp8,9.99
X-2208,CFHR1,3078.0,Amp8,8.17
X-2208,CFHR3,10878.0,Amp8,8.17
X-2208,CHAC1,79094.0,Amp5,5.62
X-2208,CHRFAM7A,89832.0,Amp5,5.62
X-2208,CHRM5,1133.0,Amp5,5.62
X-2208,CHRNA7,1139.0,Amp5,5.62
X-2208,CHST14,113189.0,Amp5,5.62
X-2208,CHST15,51363.0,MutKnownFunctional,"-456,0.615"
X-2208,CKMT1A,548596.0,Amp5,5.62
X-2208,CKMT1B,1159.0,Amp5,5.62
X-2208,CLASRP,11129.0,MutNovel,"-423SR,0.406"
X-2208,CMBL,134147.0,Amp5,6.77
X-2208,CRIPAK,285464.0,MutNovel,"V164A,0.273"
X-2208,CRYBG3,,MutNovel,"M1594V,1.000"
X-2208,CSNK1A1P1,161635.0,Amp5,5.62
X-2208,CSPG4P1Y,114758.0,Del0.8,0.23
X-2208,CSPG4P1Y,114758.0,Del0.8,0.33
X-2208,CTAGE10P,220429.0,Del0.8,0.39
X-2208,CTDSPL2,51496.0,Amp5,5.62
X-2208,CTNND2,1501.0,Amp5,6.77
X-2208,CTSA,5476.0,MutNovel,"L29-,0.900"
X-2208,CTXN2,399697.0,Amp5,5.62
X-2208,CYFIP1,23191.0,Amp5,5.31
X-2208,CYSLTR2,57105.0,Del0.8,0.37
X-2208,D2HGDH,728294.0,Del0.8,0.7
X-2208,DAP,1611.0,Amp5,6.77
X-2208,DAZ1,1617.0,Del0.8,0.33
X-2208,DAZ2,57055.0,Del0.8,0.29
X-2208,DAZ3,57054.0,Del0.8,0.14
X-2208,DAZ3,57054.0,Del0.8,0.28
X-2208,DAZ4,57135.0,Del0.8,0.26
X-2208,DAZ4,57135.0,Del0.8,0.22
X-2208,DDX3Y,8653.0,Del0.8,0.33
X-2208,DENND4B,9909.0,MutNovel,"QQQ908-,0.356"
X-2208,DENND4C,55667.0,MutNovel,"S947C,1.000"
X-2208,DHRS7B,25979.0,Amp5,7.89
X-2208,DISP2,85455.0,Amp5,5.62
X-2208,DKFZP434L187,26082.0,Amp5,5.39
X-2208,DKFZp566F0947,94023.0,Amp8,23.1
X-2208,DLEU1,10301.0,Del0.8,0.67
X-2208,DLEU2,8847.0,Del0.8,0.37
X-2208,DLEU7,220107.0,Del0.8,0.61
X-2208,DLGAP5,9787.0,MutNovel,"I23S,0.435"
X-2208,DLL4,54567.0,Amp5,5.62
X-2208,DMXL2,23312.0,MutNovel,"Y246C,0.394"
X-2208,DNAH5,1767.0,Amp5,6.77
X-2208,DNAJC17,55192.0,Amp5,5.62
X-2208,DPY19L3,147991.0,Amp8,16.45
X-2208,DTYMK,1841.0,Del0.8,0.7
X-2208,DUOX1,53905.0,Amp5,5.62
X-2208,DUOX2,50506.0,Amp5,5.62
X-2208,DUOXA1,90527.0,Amp5,5.62
X-2208,DUOXA2,405753.0,Amp5,5.62
X-2208,DUSP28,285193.0,Del0.8,0.7
X-2208,DUT,1854.0,Amp5,5.62
X-2208,EBPL,84650.0,Del0.8,0.42
X-2208,EHD4,30844.0,Amp5,5.62
X-2208,EHMT1,79813.0,Del0.8,0.73
X-2208,EIF1AY,9086.0,Del0.8,0.33
X-2208,EIF2AK4,440275.0,Amp5,5.62
X-2208,EIF3J,8669.0,Amp5,5.62
X-2208,EIF3M,10480.0,MutNovel,"W357R,0.997"
X-2208,EIF6,3692.0,MutNovel,"G42R,0.517"
X-2208,ELL3,80237.0,Amp5,5.62
X-2208,EPB42,2038.0,Amp5,5.62
X-2208,EPHA5,2044.0,Amp5,5.24
X-2208,EXD1,161829.0,Amp5,5.62
X-2208,EXOC3,11336.0,Amp8,9.99
X-2208,FAM105A,54491.0,Amp5,6.77
X-2208,FAM105B,90268.0,Amp5,6.77
X-2208,FAM115A,9747.0,MutNovel,"V635L,0.542"
X-2208,FAM131A,131408.0,MutNovel,"R63S,0.336"
X-2208,FAM134B,54463.0,Amp5,7.41
X-2208,FAM171B,165215.0,MutNovel,"-44Q,0.579"
X-2208,FAM173B,134145.0,Amp5,6.77
X-2208,FAM189A1,23359.0,Amp5,5.39
X-2208,FAM197Y2P,252946.0,Del0.8,0.07
X-2208,FAM214A,56204.0,MutNovel,"Q50P,0.673"
X-2208,FAM41AY1,340618.0,Del0.8,0.33
X-2208,FAM41AY1,340618.0,Del0.8,0.33
X-2208,FAM72D,728833.0,MutNovel,"C74S,0.281"
X-2208,FAM82A2,55177.0,Amp5,5.62
X-2208,FAM98B,283742.0,Amp5,5.62
X-2208,FAN1,22909.0,Amp5,5.62
X-2208,FARP2,9855.0,Del0.8,0.7
X-2208,FASTKD3,79072.0,Amp5,6.77
X-2208,FBXL7,23194.0,Amp5,7.41
X-2208,FBXO45,200933.0,MutNovel,"P6A,0.667"
X-2208,FCF1,51077.0,MutNovel,"V48A,0.475"
X-2208,FGFR1OP,11116.0,MutNovel,"SH345RY,0.711"
X-2208,FLG,2312.0,MutNovel,"H980D,0.615"
X-2208,FLJ33360,401172.0,Amp5,6.77
X-2208,FLJ40292,643210.0,Del0.8,0.73
X-2208,FMN1,342184.0,Amp5,5.62
X-2208,FNDC1,84624.0,MutNovel,"ATTRRTT1471A,0.522"
X-2208,FNDC1,84624.0,MutNovel,"D1521N,0.574"
X-2208,FNDC3A,22862.0,Del0.8,0.41
X-2208,FRMD5,84978.0,Amp5,5.62
X-2208,FSIP1,161835.0,Amp5,5.62
X-2208,FTLP10,100130017.0,Amp5,5.24
X-2208,GABRA5,2558.0,Amp5,5.39
X-2208,GABRB3,2562.0,Amp5,5.39
X-2208,GABRG3,2567.0,Amp5,5.39
X-2208,GANC,2595.0,Amp5,5.62
X-2208,GATM,2628.0,Amp5,5.62
X-2208,GCHFR,2644.0,Amp5,5.62
X-2208,GET4,51608.0,MutNovel,"E103K,0.229"
X-2208,GJD2,57369.0,Amp5,5.62
X-2208,GLI3,2737.0,MutNovel,"A1300V,0.594"
X-2208,GNRHR,2798.0,Amp5,5.24
X-2208,GOLGA2P2Y,84559.0,Del0.8,0.33
X-2208,GOLGA2P2Y,84559.0,Del0.8,0.23
X-2208,GOLGA6L1,283767.0,Amp5,5.31
X-2208,GOLGA8A,23015.0,MutNovel,"E340K,1.000"
X-2208,GOLGA8A,23015.0,MutNovel,"E337G,1.000"
X-2208,GOLGA8A,23015.0,Amp5,5.62
X-2208,GOLGA8B,440270.0,Amp5,5.62
X-2208,GOLGA8DP,100132979.0,Amp5,5.31
X-2208,GOLGA8E,390535.0,Amp5,5.31
X-2208,GOLGA8F,100132565.0,Amp5,5.39
X-2208,GOLGA8F,100132565.0,Amp5,5.39
X-2208,GOLGA8G,283768.0,Amp5,5.39
X-2208,GOLGA8G,283768.0,Amp5,5.39
X-2208,GOLGA8IP,283796.0,Amp5,5.31
X-2208,GPC1,2817.0,Del0.8,0.75
X-2208,GPR125,166647.0,MutNovel,"P18R,0.714"
X-2208,GPR176,11245.0,Amp5,5.62
X-2208,GPR35,2859.0,Del0.8,0.7
X-2208,GREM1,26585.0,Amp5,5.62
X-2208,GSTT1,2952.0,Amp5,7.01
X-2208,GSTTP1,25774.0,Amp5,7.01
X-2208,GYG2P1,352887.0,Del0.8,0.33
X-2208,HAUS2,55142.0,Amp5,5.62
X-2208,HDLBP,3069.0,Del0.8,0.7
X-2208,HERC2,8924.0,Amp5,5.39
X-2208,HERC2P2,400322.0,Amp5,5.31
X-2208,HERC2P7,100132101.0,Amp5,5.31
X-2208,HERC2P9,440248.0,Amp5,5.39
X-2208,HLA-G,3135.0,MutNovel,"S33C,1.000"
X-2208,HLA-G,3135.0,MutNovel,"A34T,1.000"
X-2208,HMGN2P46,283651.0,Amp5,5.62
X-2208,HOXC13,3229.0,MutNovel,"L15LI,1.000"
X-2208,HRNR,388697.0,MutKnownFunctional,"-1,1.000"
X-2208,HSFY2,159119.0,Del0.8,0.33
X-2208,HSFY2,159119.0,Del0.8,0.33
X-2208,HYDIN,54768.0,MutNovel,"H3869R,1.000"
X-2208,ING5,84289.0,Del0.8,0.7
X-2208,INO80,54617.0,Amp5,5.62
X-2208,IPW,3653.0,Amp5,5.39
X-2208,IRX1,79192.0,Amp5,6.77
X-2208,IRX2,153572.0,Amp5,6.77
X-2208,ITPKA,3706.0,Amp5,5.62
X-2208,IVD,3712.0,Amp5,5.62
X-2208,JMJD7,100137047.0,Amp5,5.62
X-2208,JMJD7-PLA2G4B,8681.0,Amp5,5.62
X-2208,KCNJ12,3768.0,Amp5,7.89
X-2208,KCNRG,283518.0,Del0.8,0.42
X-2208,KDM5D,8284.0,Del0.8,0.33
X-2208,KIAA0947,23379.0,Amp5,6.77
X-2208,KIF1A,547.0,Del0.8,0.7
X-2208,KLF13,51621.0,Amp5,5.62
X-2208,KPNA3,3839.0,Del0.8,0.32
X-2208,LCMT2,9836.0,Amp5,5.62
X-2208,LOC100128714,100128714.0,Amp5,5.39
X-2208,LOC100131089,100131089.0,Amp5,5.62
X-2208,LOC100144602,100144602.0,Amp5,5.24
X-2208,LOC100288637,100288637.0,Amp5,5.62
X-2208,LOC100289200,,MutNovel,"AAV15A,0.800"
X-2208,LOC100289650,100289650.0,Del0.8,0.41
X-2208,LOC100289656,100289656.0,Amp5,5.39
X-2208,LOC100505648,100505648.0,Amp5,5.62
X-2208,LOC100505679,100505679.0,Del0.8,0.74
X-2208,LOC100505738,100505738.0,Amp5,6.77
X-2208,LOC100505806,100505806.0,Amp5,6.77
X-2208,LOC100505835,100505835.0,Amp8,19.84
X-2208,LOC100506688,100506688.0,Amp8,9.65
X-2208,LOC100507369,,MutNovel,"P94L,1.000"
X-2208,LOC100996433,,MutNovel,"G98A,1.000"
X-2208,LOC100996439,,MutNovel,"EK312E,1.000"
X-2208,LOC100996689,,MutNovel,"G337E,0.375"
X-2208,LOC100996689,,MutNovel,"S329R,0.417"
X-2208,LOC100996689,,MutNovel,"G324L,0.455"
X-2208,LOC100996689,,MutNovel,"T263M,0.625"
X-2208,LOC100996689,,MutNovel,"G193E,0.500"
X-2208,LOC145663,145663.0,Amp5,5.62
X-2208,LOC145845,145845.0,Amp5,5.62
X-2208,LOC148145,148145.0,Amp8,58.08
X-2208,LOC148189,148189.0,Amp5,5.03
X-2208,LOC200772,200772.0,Del0.8,0.7
X-2208,LOC255167,255167.0,Amp5,6.77
X-2208,LOC283683,283683.0,Amp5,5.31
X-2208,LOC283710,283710.0,Amp5,5.62
X-2208,LOC284385,284385.0,Amp5,6.63
X-2208,LOC284395,284395.0,Amp8,17.75
X-2208,LOC285577,285577.0,Amp5,6.77
X-2208,LOC285692,285692.0,Amp5,6.77
X-2208,LOC285696,285696.0,Amp5,7.41
X-2208,LOC340094,340094.0,Amp5,6.77
X-2208,LOC348120,348120.0,Amp5,7.06
X-2208,LOC388152,388152.0,Del0.8,0.74
X-2208,LOC391322,391322.0,Amp5,7.01
X-2208,LOC401134,401134.0,Amp5,5.24
X-2208,LOC401177,401177.0,Amp5,7.41
X-2208,LOC401180,,MutNovel,"-133G,0.833"
X-2208,LOC440297,440297.0,Del0.8,0.77
X-2208,LOC440300,440300.0,Del0.8,0.74
X-2208,LOC442132,442132.0,Amp5,6.77
X-2208,LOC503519,503519.0,Amp5,5.39
X-2208,LOC550112,550112.0,Amp5,5.24
X-2208,LOC554223,554223.0,MutNovel,"T110A,1.000"
X-2208,LOC554223,554223.0,MutNovel,"S187R,1.000"
X-2208,LOC643699,,MutNovel,"N456K,1.000"
X-2208,LOC645212,645212.0,Amp5,5.62
X-2208,LOC646278,646278.0,Amp5,5.39
X-2208,LOC653061,653061.0,Amp5,5.31
X-2208,LOC653075,653075.0,Amp5,5.39
X-2208,LOC727849,727849.0,Del0.8,0.77
X-2208,LOC728047,,MutNovel,"K194-,0.900"
X-2208,LOC728888,,MutNovel,"R395H,1.000"
X-2208,LOC729506,729506.0,Amp5,6.77
X-2208,LOC729974,,MutNovel,"G259E,1.000"
X-2208,LOC730268,,MutKnownFunctional,"-148?,0.909"
X-2208,LPAR6,10161.0,Del0.8,0.75
X-2208,LPCAT4,254531.0,Amp5,5.62
X-2208,LPHN3,23284.0,Amp5,5.24
X-2208,LRRC14B,389257.0,Amp8,9.99
X-2208,LRRC57,255252.0,Amp5,5.62
X-2208,LTK,4058.0,Amp5,5.62
X-2208,MADD,8567.0,MutNovel,"S797T,1.000"
X-2208,MAGEL2,54551.0,Amp5,5.31
X-2208,MAP1A,4130.0,Amp5,5.62
X-2208,MAP2K3,5606.0,Amp5,7.89
X-2208,MAPKBP1,23005.0,Amp5,5.62
X-2208,2014-03-11 00:00:00,441061.0,Amp5,7.41
X-2208,2014-03-06 00:00:00,10299.0,Amp5,6.77
X-2208,MCC,4163.0,MutNovel,"S15G,1.000"
X-2208,MDGA1,266727.0,MutNovel,"P377L,0.780"
X-2208,MED10,84246.0,Amp5,6.77
X-2208,MEIS2,4212.0,Amp5,5.62
X-2208,MEIS3,56917.0,MutNovel,"A382G,1.000"
X-2208,MEOX2,4223.0,MutNovel,"HH76H,0.455"
X-2208,MFAP1,4236.0,Amp5,5.62
X-2208,MGA,23269.0,Amp5,5.62
X-2208,MIR1233-1,100302160.0,Amp5,5.62
X-2208,MIR1282,100302254.0,Amp5,5.62
X-2208,MIR147B,100126311.0,Amp5,5.62
X-2208,MIR149,406941.0,Del0.8,0.75
X-2208,MIR16-1,406950.0,Del0.8,0.19
X-2208,MIR211,406993.0,Amp5,5.62
X-2208,MIR3613,100500908.0,Del0.8,0.42
X-2208,MIR3942,100500904.0,Amp5,5.62
X-2208,MIR4278,100422999.0,Amp5,6.77
X-2208,MIR4310,100423013.0,Amp5,5.62
X-2208,MIR4454,100616234.0,Amp5,6.77
X-2208,MIR4456,100616381.0,Amp8,9.99
X-2208,MIR4457,100616235.0,Amp8,9.65
X-2208,MIR4458,100616142.0,Amp5,6.77
X-2208,MIR4508,100616275.0,Amp5,5.31
X-2208,MIR4509-1,100616223.0,Amp5,5.39
X-2208,MIR4509-1,100616223.0,Amp5,5.35
X-2208,MIR4510,100616293.0,Amp5,5.62
X-2208,MIR4635,100616479.0,Amp8,9.65
X-2208,MIR4636,100616326.0,Amp5,6.77
X-2208,MIR4637,100616271.0,Amp5,6.77
X-2208,MIR4715,100616474.0,Amp5,5.39
X-2208,MIR514A1,574516.0,Amp5,6.15
X-2208,MIR514A2,574517.0,Amp5,6.15
X-2208,MIR602,693187.0,Del0.8,0.73
X-2208,MIR626,693211.0,Amp5,5.62
X-2208,MIR627,693212.0,Amp5,5.62
X-2208,MKRN3,7681.0,Amp5,5.31
X-2208,MLNR,2862.0,Del0.8,0.46
X-2208,MRPL42P5,359821.0,Amp5,5.62
X-2208,MSTO1,55154.0,MutKnownFunctional,"Q90*,0.316"
X-2208,MTCH1,23787.0,MutNovel,"A16V,0.402"
X-2208,MTERFD2,130916.0,Del0.8,0.7
X-2208,MTMR10,54893.0,Amp5,5.62
X-2208,MTRR,4552.0,Amp5,6.77
X-2208,MYEF2,50804.0,Amp5,5.62
X-2208,MYEOV2,150678.0,Del0.8,0.75
X-2208,MYO10,4651.0,MutNovel,"R1894W,0.389"
X-2208,MYO10,4651.0,Amp5,7.41
X-2208,NAV3,89795.0,MutNovel,"D659N,1.000"
X-2208,NBPF10,100132406.0,MutNovel,"G3070D,0.700"
X-2208,NBPF11,200030.0,MutNovel,"T564A,1.000"
X-2208,NBPF9,400818.0,MutNovel,"R97G,0.289"
X-2208,NBPF9,400818.0,MutNovel,"Q184R,1.000"
X-2208,NCOR2,9612.0,MutNovel,"G1839GAAA,0.665"
X-2208,NCOR2,9612.0,MutNovel,"-511SS,0.340"
X-2208,NCRNA00185,55410.0,Del0.8,0.33
X-2208,NDN,4692.0,Amp5,5.31
X-2208,NDNL2,56160.0,Amp5,5.39
X-2208,NDUFAF1,51103.0,Amp5,5.62
X-2208,NIPA1,123606.0,Amp5,5.31
X-2208,NIPA2,81614.0,Amp5,5.31
X-2208,NKD2,85409.0,Amp8,9.65
X-2208,NLGN4Y,22829.0,Del0.8,0.33
X-2208,NOP10,55505.0,Amp5,5.62
X-2208,NOP2,4839.0,MutNovel,"RR54R,0.875"
X-2208,NSUN2,54888.0,Amp5,6.77
X-2208,NUP153,9972.0,MutNovel,"S390-,0.279"
X-2208,NUSAP1,51203.0,Amp5,5.62
X-2208,OCA2,4948.0,Amp5,5.39
X-2208,OIP5,11339.0,Amp5,5.62
X-2208,OIP5-AS1,729082.0,Amp5,5.62
X-2208,ORAI1,84876.0,MutNovel,"PP43-,0.712"
X-2208,OTOP1,133060.0,MutNovel,"K56R,1.000"
X-2208,OTOS,150677.0,Del0.8,0.75
X-2208,OTUD7A,161725.0,Amp5,5.62
X-2208,PAK6,56924.0,Amp5,5.62
X-2208,PAPD7,11044.0,Amp5,6.77
X-2208,PAR-SN,347746.0,Amp5,5.39
X-2208,PAR1,145624.0,Amp5,5.39
X-2208,PAR4,347745.0,Amp5,5.39
X-2208,PAR5,8123.0,Amp5,5.39
X-2208,PASK,23178.0,Del0.8,0.7
X-2208,PATL2,197135.0,Amp5,5.62
X-2208,PBX3,5090.0,MutKnownFunctional,"Q363*,0.432"
X-2208,PCDH11Y,83259.0,Del0.8,0.48
X-2208,PCSK7,9159.0,MutNovel,"G596R,0.323"
X-2208,PDCD6,10016.0,Amp8,9.99
X-2208,PDIA3,2923.0,Amp5,5.62
X-2208,PDK2,5164.0,MutNovel,"R194Q,1.000"
X-2208,PEX6,5190.0,MutNovel,"A79P,0.727"
X-2208,PGBD4,161779.0,Amp5,5.62
X-2208,PHF11,51131.0,Del0.8,0.44
X-2208,PHF3,23469.0,MutKnownFunctional,"S214*,0.311"
X-2208,PHGR1,644844.0,Amp5,5.62
X-2208,PHLDA1,22822.0,MutNovel,"QQ194Q,0.580"
X-2208,PIM3,415116.0,Del0.8,0.6
X-2208,PKP2,5318.0,Del0.8,0.77
X-2208,PLA2G4B,100137049.0,Amp5,5.62
X-2208,PLA2G4D,283748.0,Amp5,5.62
X-2208,PLA2G4E,123745.0,Amp5,5.62
X-2208,PLA2G4F,255189.0,Amp5,5.62
X-2208,PLCB2,5330.0,Amp5,5.62
X-2208,PLDN,26258.0,Amp5,5.62
X-2208,PLEKHF1,79156.0,Amp8,17.75
X-2208,PLEKHG4B,153478.0,Amp8,9.99
X-2208,POGLUT1,56983.0,MutNovel,"F369L,1.000"
X-2208,POP4,10775.0,Amp8,17.75
X-2208,POTEF,728378.0,MutNovel,"D986G,1.000"
X-2208,POTEI,,MutNovel,"C965S,1.000"
X-2208,PP14571,100130449.0,Del0.8,0.75
X-2208,PP7080,25845.0,Amp8,9.99
X-2208,PPIP5K1,9677.0,Amp5,5.62
X-2208,PPP1R14D,54866.0,Amp5,5.62
X-2208,PPP1R7,5510.0,Del0.8,0.7
X-2208,PPP2R2A,5520.0,MutNovel,"P285A,0.997"
X-2208,PRDM6,93166.0,MutNovel,"G158R,1.000"
X-2208,PRKY,5616.0,Del0.8,0.48
X-2208,PRRC2B,84726.0,MutNovel,"V2145I,0.320"
X-2208,PRY,9081.0,Del0.8,0.33
X-2208,PRY,9081.0,Del0.8,0.33
X-2208,PRY2,442862.0,Del0.8,0.33
X-2208,PRY2,442862.0,Del0.8,0.33
X-2208,PSG1,5669.0,Del0.8,0.41
X-2208,PSG10P,653492.0,Del0.8,0.41
X-2208,PSG11,5680.0,Del0.8,0.55
X-2208,PSG6,5675.0,Del0.8,0.41
X-2208,PSG7,5676.0,Del0.8,0.41
X-2208,PUS7,54517.0,MutNovel,"Y230C,0.423"
X-2208,PWRN2,791115.0,Amp5,5.31
X-2208,RAD51,5888.0,Amp5,5.62
X-2208,RAPGEF1,2889.0,MutNovel,"Q702R,0.252"
X-2208,RASGRP1,10125.0,Amp5,5.62
X-2208,RB1,5925.0,Del0.8,0.61
X-2208,RBM23,55147.0,MutNovel,"GA407A,0.414"
X-2208,RBMY1A3P,286557.0,Del0.8,0.33
X-2208,RBMY1B,378948.0,Del0.8,0.33
X-2208,RBMY1B,378948.0,Del0.8,0.33
X-2208,RBMY1E,378950.0,Del0.8,0.33
X-2208,RBMY1E,378950.0,Del0.8,0.33
X-2208,RBMY1F,159163.0,Del0.8,0.33
X-2208,RBMY1F,159163.0,Del0.8,0.33
X-2208,RBMY1J,378951.0,Del0.8,0.33
X-2208,RBMY1J,378951.0,Del0.8,0.33
X-2208,RBMY2EP,159125.0,Del0.8,0.33
X-2208,RBMY2FP,159162.0,Del0.8,0.33
X-2208,RBMY3AP,64593.0,Del0.8,0.33
X-2208,RBPMS,11030.0,MutNovel,"P218S,0.422"
X-2208,RCBTB1,55213.0,Del0.8,0.32
X-2208,RCBTB2,1102.0,Del0.8,0.34
X-2208,RGPD8,727851.0,MutNovel,"Q1700E,1.000"
X-2208,RGPD8,727851.0,MutNovel,"F924C,1.000"
X-2208,RHOV,171177.0,Amp5,5.62
X-2208,RIN3,79890.0,MutNovel,"G967-,0.231"
X-2208,RNPEPL1,57140.0,Del0.8,0.7
X-2208,ROPN1L,83853.0,Amp5,6.77
X-2208,RPAP1,26015.0,Amp5,5.62
X-2208,RPS4Y1,6192.0,Del0.8,0.48
X-2208,RPS4Y2,140032.0,Del0.8,0.33
X-2208,RPUSD2,27079.0,Amp5,5.62
X-2208,RTF1,23168.0,Amp5,5.62
X-2208,RYR3,6263.0,Amp5,5.62
X-2208,S100A16,140576.0,MutNovel,"G88C,0.318"
X-2208,SCG5,6447.0,Amp5,5.62
X-2208,SDHA,6389.0,Amp8,9.99
X-2208,SDK1,221935.0,MutNovel,"S58P,1.000"
X-2208,SEC16A,9919.0,MutNovel,"P647A,0.385"
X-2208,SEMA5A,9037.0,Amp5,6.77
X-2208,SEMA6D,80031.0,Amp5,5.62
X-2208,2014-09-02 00:00:00,4735.0,Del0.8,0.7
X-2208,SERF2,10169.0,Amp5,5.62
X-2208,SERF2-C15ORF63,100529067.0,Amp5,5.62
X-2208,SERINC2,347735.0,MutNovel,"-373Q,0.692"
X-2208,SERINC4,619189.0,MutNovel,"S376R,0.385"
X-2208,SERINC4,619189.0,Amp5,5.62
X-2208,SETDB2,83852.0,Del0.8,0.47
X-2208,SHF,90525.0,Amp5,5.62
X-2208,SIRPB1,10326.0,MutNovel,"H351C,1.000"
X-2208,SIRPG,55423.0,MutNovel,"M34V,1.000"
X-2208,SKA3,221150.0,MutNovel,"E84G,0.615"
X-2208,SKOR1,390598.0,MutNovel,"G152R,1.000"
X-2208,SLC12A1,6557.0,Amp5,5.62
X-2208,SLC12A2,6558.0,MutNovel,"AA96-,0.556"
X-2208,SLC12A6,9990.0,Amp5,5.62
X-2208,SLC12A7,10723.0,Amp8,9.65
X-2208,SLC24A5,283652.0,Amp5,5.62
X-2208,SLC28A2,9153.0,Amp5,5.62
X-2208,SLC30A4,7782.0,Amp5,5.62
X-2208,SLC47A1,55244.0,MutNovel,"V435A,0.481"
X-2208,SLC6A18,348932.0,Amp8,9.65
X-2208,SLC6A19,340024.0,Amp8,9.65
X-2208,SLC9A3,6550.0,Amp8,9.99
X-2208,SMCR9,140776.0,MutNovel,"T86S,0.455"
X-2208,SMPD4,55627.0,MutNovel,"A502T,0.986"
X-2208,SNAP23,8773.0,Amp5,5.62
X-2208,SNED1,25992.0,Del0.8,0.7
X-2208,SNORD109B,338429.0,Amp5,5.39
X-2208,SNORD115-1,338433.0,Amp5,5.39
X-2208,SNORD115-10,100033447.0,Amp5,5.39
X-2208,SNORD115-11,100033448.0,Amp5,5.39
X-2208,SNORD115-13,100033450.0,Amp5,5.39
X-2208,SNORD115-14,100033451.0,Amp5,5.39
X-2208,SNORD115-15,100033453.0,Amp5,5.39
X-2208,SNORD115-16,100033454.0,Amp5,5.39
X-2208,SNORD115-17,100033455.0,Amp5,5.39
X-2208,SNORD115-2,100033437.0,Amp5,5.39
X-2208,SNORD115-22,100033799.0,Amp5,5.39
X-2208,SNORD115-24,100036563.0,Amp5,5.39
X-2208,SNORD115-25,100033801.0,Amp5,5.39
X-2208,SNORD115-26,100033802.0,Amp5,5.39
X-2208,SNORD115-27,100036564.0,Amp5,5.39
X-2208,SNORD115-28,100036565.0,Amp5,5.39
X-2208,SNORD115-3,100033440.0,Amp5,5.39
X-2208,SNORD115-30,100033804.0,Amp5,5.39
X-2208,SNORD115-31,100033805.0,Amp5,5.39
X-2208,SNORD115-32,100033806.0,Amp5,5.39
X-2208,SNORD115-33,100033807.0,Amp5,5.39
X-2208,SNORD115-35,100033809.0,Amp5,5.39
X-2208,SNORD115-37,100033811.0,Amp5,5.39
X-2208,SNORD115-38,100033812.0,Amp5,5.39
X-2208,SNORD115-39,100033813.0,Amp5,5.39
X-2208,SNORD115-4,100033441.0,Amp5,5.39
X-2208,SNORD115-40,100033814.0,Amp5,5.39
X-2208,SNORD115-41,100033815.0,Amp5,5.39
X-2208,SNORD115-44,100033818.0,Amp5,5.39
X-2208,SNORD115-45,100036566.0,Amp5,5.39
X-2208,SNORD115-47,100036567.0,Amp5,5.39
X-2208,SNORD115-48,100033822.0,Amp5,5.39
X-2208,SNORD115-5,100033442.0,Amp5,5.39
X-2208,SNORD115-6,100033443.0,Amp5,5.39
X-2208,SNORD115-7,100033444.0,Amp5,5.39
X-2208,SNORD115-8,100033445.0,Amp5,5.39
X-2208,SNORD115-9,100033446.0,Amp5,5.39
X-2208,SNORD116-1,100033413.0,Amp5,5.39
X-2208,SNORD116-10,100033422.0,Amp5,5.39
X-2208,SNORD116-11,100033423.0,Amp5,5.39
X-2208,SNORD116-12,100033424.0,Amp5,5.39
X-2208,SNORD116-13,100033425.0,Amp5,5.39
X-2208,SNORD116-14,100033426.0,Amp5,5.39
X-2208,SNORD116-15,100033427.0,Amp5,5.39
X-2208,SNORD116-16,100033428.0,Amp5,5.39
X-2208,SNORD116-18,100033430.0,Amp5,5.39
X-2208,SNORD116-19,727708.0,Amp5,5.39
X-2208,SNORD116-2,100033414.0,Amp5,5.39
X-2208,SNORD116-20,100033431.0,Amp5,5.39
X-2208,SNORD116-22,100033433.0,Amp5,5.39
X-2208,SNORD116-23,100033434.0,Amp5,5.39
X-2208,SNORD116-24,100033435.0,Amp5,5.39
X-2208,SNORD116-25,100033436.0,Amp5,5.39
X-2208,SNORD116-26,100033438.0,Amp5,5.39
X-2208,SNORD116-27,100033439.0,Amp5,5.39
X-2208,SNORD116-28,100033820.0,Amp5,5.39
X-2208,SNORD116-29,100033821.0,Amp5,5.39
X-2208,SNORD116-3,100033415.0,Amp5,5.39
X-2208,SNORD116-4,100033416.0,Amp5,5.39
X-2208,SNORD116-5,100033417.0,Amp5,5.39
X-2208,SNORD116-8,100033420.0,Amp5,5.39
X-2208,SNORD123,100113384.0,Amp5,6.77
X-2208,SNRPN,6638.0,Amp5,5.39
X-2208,SNURF,8926.0,Amp5,5.39
X-2208,SORD,6652.0,Amp5,5.62
X-2208,SPATA5L1,79029.0,Amp5,5.62
X-2208,SPEG,10290.0,MutNovel,"P284A,0.286"
X-2208,SPG11,80208.0,Amp5,5.62
X-2208,SPHKAP,80309.0,MutNovel,"F721L,0.800"
X-2208,SPINT1,6692.0,Amp5,5.62
X-2208,SPRED1,161742.0,Amp5,5.62
X-2208,SPRYD7,57213.0,Del0.8,0.39
X-2208,SPTBN5,51332.0,Amp5,5.62
X-2208,SQRDL,58472.0,Amp5,5.62
X-2208,SRD5A1,6715.0,Amp5,6.77
X-2208,SRP14,6727.0,Amp5,5.62
X-2208,SRY,6736.0,Del0.8,0.48
X-2208,ST13P4,145165.0,Del0.8,0.34
X-2208,STAC2,342667.0,MutNovel,"R288Q,0.606"
X-2208,STAP1,26228.0,Amp5,5.24
X-2208,STARD9,57519.0,Amp5,5.62
X-2208,STK25,10494.0,Del0.8,0.7
X-2208,STRC,161497.0,Amp5,5.62
X-2208,STRN4,29888.0,MutNovel,"R200C,0.309"
X-2208,SUV420H2,84787.0,MutNovel,"P328H,0.370"
X-2208,SYNE2,23224.0,MutNovel,"K5676E,0.351"
X-2208,SYT14L,401135.0,Amp5,5.24
X-2208,SYT2,127833.0,MutNovel,"Q261A,1.000"
X-2208,TAF1L,138474.0,MutKnownFunctional,"-665?,1.000"
X-2208,TAG,404663.0,Amp5,6.77
X-2208,TAS2R1,50834.0,Amp5,6.77
X-2208,TBL1Y,90665.0,Del0.8,0.48
X-2208,TECRL,253017.0,Amp5,5.24
X-2208,TERT,7015.0,Amp8,9.65
X-2208,TGIF2LY,90655.0,Del0.8,0.48
X-2208,TGM5,9333.0,Amp5,5.62
X-2208,TGM7,116179.0,Amp5,5.62
X-2208,THAP4,51078.0,Del0.8,0.7
X-2208,THBS1,7057.0,Amp5,5.62
X-2208,THEG5,100507527.0,Amp8,23.1
X-2208,TJP1,7082.0,Amp5,5.39
X-2208,TMCO5A,145942.0,Amp5,5.62
X-2208,TMEM11,8834.0,Amp5,7.89
X-2208,TMEM183A,92703.0,MutNovel,"R10M,1.000"
X-2208,TMEM184A,202915.0,MutNovel,"G392GA,0.833"
X-2208,TMEM2,23670.0,MutNovel,"V403I,0.429"
X-2208,TMEM62,80021.0,Amp5,5.62
X-2208,TMEM87A,25963.0,Amp5,5.62
X-2208,TMPRSS11A,339967.0,Amp5,5.24
X-2208,TMPRSS11B,132724.0,Amp5,5.24
X-2208,TMPRSS11BNL,401136.0,Amp5,5.24
X-2208,TMPRSS11D,9407.0,Amp5,5.24
X-2208,TMPRSS11F,389208.0,Amp5,5.24
X-2208,TMSB4Y,9087.0,Del0.8,0.33
X-2208,TNXB,7148.0,MutNovel,"M4002T,0.320"
X-2208,TOX2,84969.0,MutNovel,"-390P,0.448"
X-2208,TP53,7157.0,MutKnownFunctional,"R213*,1.000"
X-2208,TP53BP1,7158.0,Amp5,5.62
X-2208,TPPP,11076.0,Amp8,9.99
X-2208,TRIM13,10206.0,Del0.8,0.42
X-2208,TRIM69,140691.0,Amp5,5.62
X-2208,TRIO,7204.0,MutNovel,"S2299G,0.259"
X-2208,TRIO,7204.0,Amp5,6.77
X-2208,TRIP13,9319.0,Amp8,9.65
X-2208,TRPM1,4308.0,Amp5,5.62
X-2208,TRPV4,59341.0,MutNovel,"E393K,1.000"
X-2208,TSHZ3,57616.0,Amp8,23.1
X-2208,TSPY1,7258.0,Del0.8,0.07
X-2208,TSPY2,64591.0,Del0.8,0.48
X-2208,TSPY3,728137.0,Del0.8,0.07
X-2208,TSPY4,728395.0,Del0.8,0.07
X-2208,TSPY8,728403.0,Del0.8,0.07
X-2208,TSPYL1,7259.0,MutNovel,"V176VW,0.888"
X-2208,TTBK2,146057.0,Amp5,5.62
X-2208,TTTY10,246119.0,Del0.8,0.33
X-2208,TTTY11,83866.0,Del0.8,0.33
X-2208,TTTY12,83867.0,Del0.8,0.33
X-2208,TTTY13,83868.0,Del0.8,0.33
X-2208,TTTY14,83869.0,Del0.8,0.33
X-2208,TTTY15,64595.0,Del0.8,0.33
X-2208,TTTY16,252948.0,Del0.8,0.33
X-2208,TTTY17A,252949.0,Del0.8,0.23
X-2208,TTTY17A,252949.0,Del0.8,0.17
X-2208,TTTY18,252950.0,Del0.8,0.33
X-2208,TTTY19,252952.0,Del0.8,0.33
X-2208,TTTY1B,100101116.0,Del0.8,0.33
X-2208,TTTY1B,100101116.0,Del0.8,0.48
X-2208,TTTY2,60439.0,Del0.8,0.33
X-2208,TTTY2,60439.0,Del0.8,0.48
X-2208,TTTY20,252951.0,Del0.8,0.15
X-2208,TTTY21,252953.0,Del0.8,0.48
X-2208,TTTY21,252953.0,Del0.8,0.33
X-2208,TTTY22,252954.0,Del0.8,0.33
X-2208,TTTY23,252955.0,Del0.8,0.33
X-2208,TTTY23,252955.0,Del0.8,0.48
X-2208,TTTY3,114760.0,Del0.8,0.33
X-2208,TTTY3,114760.0,Del0.8,0.23
X-2208,TTTY4,114761.0,Del0.8,0.17
X-2208,TTTY4,114761.0,Del0.8,0.23
X-2208,TTTY5,83863.0,Del0.8,0.33
X-2208,TTTY6,84672.0,Del0.8,0.33
X-2208,TTTY6,84672.0,Del0.8,0.33
X-2208,TTTY7,246122.0,Del0.8,0.48
X-2208,TTTY7,246122.0,Del0.8,0.33
X-2208,TTTY7B,100101120.0,Del0.8,0.48
X-2208,TTTY7B,100101120.0,Del0.8,0.33
X-2208,TTTY8,84673.0,Del0.8,0.33
X-2208,TTTY8,84673.0,Del0.8,0.48
X-2208,TTTY9A,83864.0,Del0.8,0.33
X-2208,TTTY9A,83864.0,Del0.8,0.33
X-2208,TUBGCP4,27229.0,Amp5,5.62
X-2208,TUBGCP5,114791.0,Amp5,5.31
X-2208,TXLNG2P,246126.0,Del0.8,0.33
X-2208,TYRO3,7301.0,Amp5,5.62
X-2208,UBA6,55236.0,Amp5,5.24
X-2208,UBE2QL1,134111.0,Amp5,6.77
X-2208,UBE3A,7337.0,Amp5,5.39
X-2208,UBR1,197131.0,Amp5,5.62
X-2208,ULK4P1,89838.0,Amp5,5.62
X-2208,ULK4P1,89838.0,Amp5,5.62
X-2208,ULK4P3,89837.0,Amp5,5.39
X-2208,ULK4P3,89837.0,Amp5,5.62
X-2208,UQCRFS1,7386.0,Amp8,17.75
X-2208,URI1,8725.0,Amp8,17.75
X-2208,USP22,23326.0,Amp5,6.11
X-2208,USP36,57602.0,MutNovel,"KKK958K,0.822"
X-2208,USP9Y,8287.0,Del0.8,0.33
X-2208,UTY,7404.0,Del0.8,0.33
X-2208,VCX3A,51481.0,MutNovel,"V186M,1.000"
X-2208,VCY,9084.0,Del0.8,0.33
X-2208,VCY,9084.0,Del0.8,0.33
X-2208,VPS18,57617.0,Amp5,5.62
X-2208,VPS39,23339.0,Amp5,5.62
X-2208,VSTM2B,342865.0,Amp8,17.75
X-2208,WDR76,79968.0,Amp5,5.62
X-2208,WDR85,92715.0,Del0.8,0.73
X-2208,WDR92,116143.0,MutNovel,"T140I,1.000"
X-2208,WHAMMP2,440253.0,Amp5,5.39
X-2208,WHAMMP3,339005.0,Amp5,5.31
X-2208,WRAP73,49856.0,MutNovel,"G297A,0.469"
X-2208,WWC1,23286.0,MutNovel,"S619L,0.667"
X-2208,XKRY2,353515.0,Del0.8,0.33
X-2208,XKRY2,353515.0,Del0.8,0.33
X-2208,YTHDC1,91746.0,Amp5,5.24
X-2208,ZBED3,84327.0,MutNovel,"A179G,1.000"
X-2208,ZDHHC11,79844.0,Amp5,7.21
X-2208,ZFP106,64397.0,Amp5,5.62
X-2208,ZFY,7544.0,Del0.8,0.48
X-2208,ZFYVE19,84936.0,Amp5,5.62
X-2208,ZMYND19,116225.0,Del0.8,0.73
X-2208,ZNF121,7675.0,Amp5,6.63
X-2208,ZNF133,7692.0,MutKnownFunctional,"G163*,0.468"
X-2208,ZNF177,7730.0,Amp5,6.63
X-2208,ZNF202,7753.0,MutNovel,"D398V,0.461"
X-2208,ZNF266,10781.0,Amp5,6.63
X-2208,ZNF302,55900.0,MutNovel,"I88N,0.444"
X-2208,ZNF333,84449.0,Amp5,6.28
X-2208,ZNF384,171017.0,MutNovel,"QQ514Q,0.395"
X-2208,ZNF426,79088.0,Amp5,6.63
X-2208,ZNF507,22847.0,Amp8,16.45
X-2208,ZNF536,9745.0,Amp8,23.1
X-2208,ZNF559,84527.0,Amp5,6.63
X-2208,ZNF559-ZNF177,100529215.0,Amp5,6.63
X-2208,ZNF560,147741.0,Amp5,6.63
X-2208,ZNF561,93134.0,Amp5,6.63
X-2208,ZNF562,54811.0,Amp5,6.63
X-2208,ZNF57,126295.0,MutNovel,"F435L,0.327"
X-2208,ZNF597,146434.0,MutNovel,"E365D,1.000"
X-2208,ZNF622,90441.0,Amp5,7.41
X-2208,ZNF770,54989.0,Amp5,5.62
X-2208,ZNF812,729648.0,Amp5,6.63
X-2208,ZSCAN29,146050.0,Amp5,5.62
X-2454,ABHD4,63874.0,Amp5,5.31
X-2454,ACIN1,22985.0,Amp5,7.31
X-2454,ADAM19,8728.0,Amp5,5.66
X-2454,ADCY4,196883.0,Amp5,5.62
X-2454,ADCY7,113.0,MutNovel,"Q290L,1.000"
X-2454,ADRA2B,151.0,MutNovel,"E301ERRK,0.833"
X-2454,AGAP1,116987.0,Del0.8,0.41
X-2454,AGXT2,64902.0,Amp5,5.54
X-2454,AHNAK2,113146.0,MutNovel,"V1321M,1.000"
X-2454,AJUBA,84962.0,Amp5,7.31
X-2454,AKAP12,9590.0,MutNovel,"E367K,0.552"
X-2454,AKAP6,9472.0,Amp5,5.78
X-2454,AKAP8,10270.0,MutNovel,"A596T,0.462"
X-2454,AMACR,23600.0,Amp5,5.62
X-2454,AMELY,266.0,Del0.8,0.35
X-2454,ANAPC1,64682.0,MutNovel,"R1110C,0.455"
X-2454,ANAPC2,29882.0,MutNovel,"D13H,0.489"
X-2454,ANG,283.0,Amp5,5.39
X-2454,ANKRD53,79998.0,MutNovel,"E425D,0.750"
X-2454,AP1G2,8906.0,Amp5,5.62
X-2454,AP4S1,11154.0,Amp5,7.46
X-2454,APEX1,328.0,Amp5,5.39
X-2454,ARHGAP5,394.0,Amp5,5.78
X-2454,ARHGAP5-AS1,84837.0,Amp5,5.78
X-2454,ARHGEF40,55701.0,Amp5,7.06
X-2454,ARL4C,10123.0,Del0.8,0.4
X-2454,ASB18,401036.0,Del0.8,0.39
X-2454,ASPN,54829.0,MutNovel,"DE51E,0.227"
X-2454,AVEN,57099.0,MutNovel,"GGGGG41G,0.818"
X-2454,AXIN1,8312.0,MutNovel,"R484H,1.000"
X-2454,BCL2L2,599.0,Amp5,5.62
X-2454,BCL2L2-PABPN1,100529063.0,Amp5,5.62
X-2454,BCORP1,286554.0,Del0.8,0.35
X-2454,BMP1,649.0,MutNovel,"T774M,1.000"
X-2454,BPTF,2186.0,MutNovel,"F194V,0.238"
X-2454,BPTF,2186.0,MutNovel,"S198G,0.273"
X-2454,BPY2B,442867.0,Del0.8,0.35
X-2454,BPY2B,442867.0,Del0.8,0.35
X-2454,BRIX1,55299.0,Amp5,5.54
X-2454,BRPF1,7862.0,MutNovel,"G306V,1.000"
X-2454,C14orf119,55017.0,Amp5,7.31
X-2454,C14orf126,112487.0,Amp5,7.46
X-2454,C14orf176,643382.0,Amp5,7.06
X-2454,C14orf23,387978.0,Amp5,7.46
X-2454,C14orf93,60686.0,Amp5,7.31
X-2454,C1QTNF3,114899.0,Amp5,5.62
X-2454,C21orf58,54058.0,MutNovel,"H299PN,0.536"
X-2454,C4orf47,441054.0,MutKnownFunctional,"-259,1.000"
X-2454,C5orf52,100190949.0,Amp5,5.66
X-2454,C5orf60,285679.0,Amp5,5.7
X-2454,C7orf43,55262.0,MutNovel,"D101Y,0.500"
X-2454,CALHM2,51063.0,MutKnownFunctional,"-114,0.911"
X-2454,CAPSL,133690.0,Amp5,5.54
X-2454,CATSPERG,57828.0,MutNovel,"H620Y,1.000"
X-2454,CBLN3,643866.0,Amp5,5.62
X-2454,CCDC121,79635.0,MutKnownFunctional,"-408,1.000"
X-2454,CCNB1IP1,57820.0,Amp5,5.39
X-2454,CD200R1L,344807.0,MutNovel,"V127M,1.000"
X-2454,CD200R1L,344807.0,MutNovel,"G125C,1.000"
X-2454,CD200R1L,344807.0,MutNovel,"T117I,0.978"
X-2454,CD200R1L,344807.0,MutNovel,"D116P,1.000"
X-2454,CD200R1L,344807.0,MutNovel,"P114T,1.000"
X-2454,CD200R1L,344807.0,MutNovel,"V95D,1.000"
X-2454,CD46,4179.0,MutNovel,"A353V,0.998"
X-2454,CDH24,64403.0,Amp5,7.31
X-2454,CDY1B,253175.0,Del0.8,0.35
X-2454,CDY1B,253175.0,Del0.8,0.35
X-2454,CDY2A,9426.0,Del0.8,0.35
X-2454,CDY2A,9426.0,Del0.8,0.35
X-2454,CDY2B,203611.0,Del0.8,0.35
X-2454,CDY2B,203611.0,Del0.8,0.35
X-2454,CEBPE,1053.0,Amp5,7.31
X-2454,CEL,1056.0,MutNovel,"S690G,0.333"
X-2454,CEP164,22897.0,MutNovel,"R1417Q,1.000"
X-2454,CHD8,57680.0,Amp5,7.06
X-2454,CHFR,55743.0,MutNovel,"A144S,0.389"
X-2454,CHMP4A,29082.0,Amp5,5.62
X-2454,CHUK,1147.0,MutNovel,"I128T,0.947"
X-2454,CIDEB,27141.0,Amp5,5.62
X-2454,CLINT1,9685.0,Amp5,5.66
X-2454,CLTB,1212.0,MutNovel,"E145V,0.555"
X-2454,CMA1,1215.0,Amp5,5.62
X-2454,CMTM5,116173.0,Amp5,5.62
X-2454,CNTNAP3B,728577.0,MutNovel,"A629V,0.983"
X-2454,COCH,1690.0,Amp5,7.46
X-2454,CPNE6,9362.0,Amp5,5.62
X-2454,CSPG4P1Y,114758.0,Del0.8,0.35
X-2454,CSPG4P1Y,114758.0,Del0.8,0.35
X-2454,CTSG,1511.0,Amp5,5.62
X-2454,CYFIP2,26999.0,Amp5,5.66
X-2454,DAD1,1603.0,Amp5,5.31
X-2454,DAZ1,1617.0,Del0.8,0.35
X-2454,DAZ2,57055.0,Del0.8,0.35
X-2454,DAZ3,57054.0,Del0.8,0.35
X-2454,DAZ3,57054.0,Del0.8,0.35
X-2454,DAZ4,57135.0,Del0.8,0.35
X-2454,DAZ4,57135.0,Del0.8,0.35
X-2454,DCAF11,80344.0,Amp5,5.62
X-2454,DCHS1,8642.0,MutNovel,"L33LW,0.538"
X-2454,DDX3Y,8653.0,Del0.8,0.35
X-2454,DESI2,,MutNovel,"G58E,1.000"
X-2454,DHRS1,115817.0,Amp5,5.62
X-2454,DHRS2,10202.0,Amp5,5.62
X-2454,DHRS4,10901.0,Amp5,5.62
X-2454,DHRS4L1,728635.0,Amp5,5.62
X-2454,DHRS4L2,317749.0,Amp5,5.62
X-2454,DHX34,9704.0,MutNovel,"Y515C,0.509"
X-2454,DMRT2,10655.0,MutNovel,"T106S,0.900"
X-2454,DNAJC21,134218.0,Amp5,5.54
X-2454,DPY19L2,283417.0,MutNovel,"R290C,1.000"
X-2454,EBF1,1879.0,Amp5,5.66
X-2454,ECRP,643332.0,Amp5,7.06
X-2454,EDDM3A,10876.0,Amp5,5.39
X-2454,EDDM3B,64184.0,Amp5,5.39
X-2454,EFS,10278.0,Amp5,5.62
X-2454,EIF1AY,9086.0,Del0.8,0.35
X-2454,ESYT2,57488.0,MutNovel,"Q216R,1.000"
X-2454,ETFB,2109.0,MutKnownFunctional,"-93?,0.389"
X-2454,FAM171B,165215.0,MutNovel,"-50Q,0.538"
X-2454,FAM197Y2P,252946.0,Del0.8,0.35
X-2454,FAM41AY1,340618.0,Del0.8,0.35
X-2454,FAM41AY1,340618.0,Del0.8,0.35
X-2454,FAM59B,150946.0,MutNovel,"Q407R,1.000"
X-2454,FAM71B,153745.0,Amp5,5.66
X-2454,FITM1,161247.0,Amp5,5.62
X-2454,FNDC1,84624.0,MutNovel,"ATTRRTT1471A,0.576"
X-2454,FNDC9,408263.0,Amp5,5.66
X-2454,FOXG1,2290.0,Amp5,7.46
X-2454,G2E3,55632.0,Amp5,7.46
X-2454,GBX2,2637.0,Del0.8,0.41
X-2454,GLI3,2737.0,MutNovel,"S752L,0.526"
X-2454,GMPR2,51292.0,Amp5,5.62
X-2454,GOLGA2,2801.0,MutNovel,"R733Q,0.463"
X-2454,GOLGA2P2Y,84559.0,Del0.8,0.35
X-2454,GOLGA2P2Y,84559.0,Del0.8,0.35
X-2454,GPR33,2856.0,Amp5,7.46
X-2454,GSTT1,2952.0,Amp8,8.94
X-2454,GYG2P1,352887.0,Del0.8,0.35
X-2454,GZMB,3002.0,Amp5,5.62
X-2454,GZMH,2999.0,Amp5,5.62
X-2454,HARBI1,283254.0,MutNovel,"P322L,1.000"
X-2454,HAUS4,54930.0,Amp5,7.31
X-2454,HAUS6,54801.0,MutNovel,"M218V,0.500"
X-2454,HAVCR1,26762.0,Amp5,5.66
X-2454,HAVCR2,84868.0,Amp5,5.66
X-2454,HCCS,3052.0,MutNovel,"I150V,1.000"
X-2454,HEATR5A,25938.0,Amp5,7.46
X-2454,HECTD1,25831.0,Amp5,7.46
X-2454,HNRNPC,3183.0,Amp5,7.06
X-2454,HNRNPH1,3187.0,Amp5,5.7
X-2454,HOMEZ,57594.0,Amp5,5.62
X-2454,HSFY2,159119.0,Del0.8,0.35
X-2454,HSFY2,159119.0,Del0.8,0.35
X-2454,HYDIN,54768.0,MutNovel,"R3480W,1.000"
X-2454,IFIH1,64135.0,MutNovel,"M886T,1.000"
X-2454,IL12B,3593.0,Amp5,5.66
X-2454,IL25,64806.0,Amp5,5.62
X-2454,IL7R,3575.0,Amp5,5.54
X-2454,IL9R,3581.0,Del0.8,0.75
X-2454,IPO4,79711.0,Amp5,5.62
X-2454,IRF9,10379.0,Amp5,5.62
X-2454,ITGA7,3679.0,MutNovel,"A578T,0.379"
X-2454,ITK,3702.0,Amp5,5.66
X-2454,JPH4,84502.0,Amp5,5.62
X-2454,KDM5D,8284.0,Del0.8,0.35
X-2454,KHNYN,23351.0,Amp5,5.62
X-2454,KIAA0556,23247.0,MutNovel,"H897Q,1.000"
X-2454,KIF3C,3797.0,MutNovel,"Q370W,1.000"
X-2454,KIR2DL4,3805.0,Amp5,6.02
X-2454,KLF14,136259.0,MutNovel,"H47P,1.000"
X-2454,KLHL33,123103.0,Amp5,5.39
X-2454,LCE3C,353144.0,Del0.8,0.62
X-2454,LEMD3,23592.0,MutNovel,"L900P,0.496"
X-2454,LINC00226,338004.0,Del0.8,0.7
X-2454,LMBRD2,92255.0,Amp5,5.54
X-2454,LOC100287063,,MutNovel,"L236R,1.000"
X-2454,LOC100505967,100505967.0,Amp5,5.62
X-2454,LOC100506071,100506071.0,Amp5,7.46
X-2454,LOC100996489,,MutNovel,"F145C,1.000"
X-2454,LOC100996489,,MutNovel,"V148L,1.000"
X-2454,LOC100996547,,MutNovel,"A169S,1.000"
X-2454,LOC283624,283624.0,Amp5,7.06
X-2454,LOC285626,285626.0,Amp5,5.66
X-2454,LOC285627,285627.0,Amp5,5.66
X-2454,LOC391322,391322.0,Amp8,8.94
X-2454,LOC441124,,MutNovel,"P110L,1.000"
X-2454,LOC642799,,MutNovel,"L271F,1.000"
X-2454,LOC93432,93432.0,Amp5,5.9
X-2454,LRP10,26020.0,Amp5,7.31
X-2454,LRP6,4040.0,MutNovel,"E826Q,0.636"
X-2454,LRRC16B,90668.0,Amp5,5.62
X-2454,LRRC37A,9884.0,MutNovel,"A1200T,1.000"
X-2454,LSM11,134353.0,Amp5,5.66
X-2454,LSR,51599.0,MutNovel,"G518GR,0.667"
X-2454,LTB4R,1241.0,Amp5,5.62
X-2454,LTB4R2,56413.0,Amp5,5.62
X-2454,LTBP3,4054.0,MutNovel,"L35LCW,0.706"
X-2454,LYPLA2,11313.0,MutKnownFunctional,"R115*,1.000"
X-2454,MADCAM1,8174.0,MutNovel,"D242N,0.500"
X-2454,MAP3K4,4216.0,MutNovel,"PA1189P,0.667"
X-2454,MBD6,114785.0,MutNovel,"A327V,0.500"
X-2454,MCRS1,10445.0,MutNovel,"N419S,0.538"
X-2454,MDP1,145553.0,Amp5,5.62
X-2454,MED15,51586.0,MutNovel,"-251Q,0.348"
X-2454,MED18,54797.0,MutNovel,"R86C,1.000"
X-2454,MED7,9443.0,Amp5,5.66
X-2454,MEF2A,4205.0,MutNovel,"Q412-,0.362"
X-2454,MEOX2,4223.0,MutNovel,"HH76H,0.458"
X-2454,MESDC1,59274.0,Del0.8,0.32
X-2454,MESDC2,23184.0,Del0.8,0.32
X-2454,METTL17,64745.0,Amp5,7.06
X-2454,METTL3,56339.0,Amp5,7.06
X-2454,MGAM,8972.0,Amp5,5.46
X-2454,MIR208A,406990.0,Amp5,5.62
X-2454,MIR208B,100126336.0,Amp5,5.62
X-2454,MIR4307,100423019.0,Amp5,5.62
X-2454,MIR4514,100616181.0,Del0.8,0.32
X-2454,MIR4707,100616424.0,Amp5,7.31
X-2454,MIR548AI,100616347.0,Amp5,7.46
X-2454,MIR580,693165.0,Amp5,5.54
X-2454,MIR599,693184.0,Del0.8,0.8
X-2454,MIR624,693209.0,Amp5,7.46
X-2454,MIR875,100126309.0,Del0.8,0.8
X-2454,MKI67,4288.0,MutNovel,"P514T,1.000"
X-2454,MMP14,4323.0,Amp5,7.31
X-2454,MORC4,79710.0,MutNovel,"M178I,1.000"
X-2454,MOSPD1,56180.0,MutNovel,"L117F,1.000"
X-2454,MOXD2P,100289017.0,Amp5,5.9
X-2454,MRPL52,122704.0,Amp5,7.31
X-2454,MUC1,4582.0,MutNovel,"G205S,0.857"
X-2454,MYH1,4619.0,MutNovel,"R1902K,1.000"
X-2454,MYH13,8735.0,MutNovel,"A1917V,1.000"
X-2454,MYH2,4620.0,MutNovel,"L1801H,1.000"
X-2454,MYH4,4622.0,MutNovel,"L1903I,1.000"
X-2454,MYH4,4622.0,MutNovel,"E510V,1.000"
X-2454,MYH6,4624.0,Amp5,5.62
X-2454,MYH7,4625.0,Amp5,5.62
X-2454,NACAD,23148.0,MutNovel,"P817S,0.250"
X-2454,NADKD1,133686.0,Amp5,5.54
X-2454,NBPF10,100132406.0,MutNovel,"R121C,1.000"
X-2454,NBPF10,100132406.0,MutNovel,"R392C,0.250"
X-2454,NBPF10,100132406.0,MutNovel,"I1165F,0.388"
X-2454,NBPF12,,MutNovel,"D440G,0.867"
X-2454,NBPF12,,MutNovel,"R667C,0.333"
X-2454,NBPF14,25832.0,MutNovel,"G916V,0.500"
X-2454,NBPF14,25832.0,MutNovel,"L846V,0.750"
X-2454,NBPF14,25832.0,MutNovel,"Q660K,0.667"
X-2454,NBPF16,728936.0,MutNovel,"L595V,1.000"
X-2454,NCOA3,8202.0,MutNovel,"Q1255-,0.474"
X-2454,NCOR2,9612.0,MutNovel,"G1839GAAA,0.581"
X-2454,NCRNA00185,55410.0,Del0.8,0.35
X-2454,NDRG2,57447.0,Amp5,7.06
X-2454,NEDD8,4738.0,Amp5,5.62
X-2454,NEDD8-MDP1,100528064.0,Amp5,5.62
X-2454,NEU3,10825.0,MutNovel,"M254L,1.000"
X-2454,NFATC4,4776.0,Amp5,5.62
X-2454,NGDN,25983.0,Amp5,5.62
X-2454,NIPAL4,348938.0,Amp5,5.66
X-2454,NLGN4Y,22829.0,Del0.8,0.35
X-2454,NOMO2,283820.0,MutNovel,"V580M,0.667"
X-2454,NOVA1,4857.0,Amp5,5.62
X-2454,NPAS3,64067.0,Amp5,5.78
X-2454,NR1H2,7376.0,MutNovel,"-173Q,0.434"
X-2454,NRL,4901.0,Amp5,5.62
X-2454,NUBPL,80224.0,Amp5,7.46
X-2454,NUP214,8021.0,MutNovel,"P1583S,0.588"
X-2454,NYNRIN,57523.0,Amp5,5.62
X-2454,OR10G2,26534.0,Amp5,7.06
X-2454,OR10G3,26533.0,Amp5,7.06
X-2454,OR11G2,390439.0,Amp5,5.39
X-2454,OR11H12,440153.0,Amp5,7.26
X-2454,OR11H2,79334.0,Amp5,7.26
X-2454,OR11H4,390442.0,Amp5,5.39
X-2454,OR11H6,122748.0,Amp5,5.39
X-2454,OR4E2,26686.0,Amp5,7.06
X-2454,OR4K1,79544.0,Amp5,7.26
X-2454,OR4K13,390433.0,Amp5,5.39
X-2454,OR4K14,122740.0,Amp5,5.39
X-2454,OR4K15,81127.0,Amp5,5.39
X-2454,OR4K17,390436.0,Amp5,5.39
X-2454,OR4K2,390431.0,Amp5,7.26
X-2454,OR4K5,79317.0,Amp5,7.26
X-2454,OR4L1,122742.0,Amp5,5.39
X-2454,OR4M1,441670.0,Amp5,7.26
X-2454,OR4N2,390429.0,Amp5,7.26
X-2454,OR4N5,390437.0,Amp5,5.39
X-2454,OR4Q3,441669.0,Amp5,7.26
X-2454,OR5AU1,390445.0,Amp5,7.06
X-2454,OR6S1,341799.0,Amp5,5.39
X-2454,ORAI1,84876.0,MutNovel,"PP43-,0.705"
X-2454,OSGEP,55644.0,Amp5,5.39
X-2454,OXA1L,5018.0,Amp5,5.31
X-2454,PABPN1,8106.0,Amp5,5.62
X-2454,PARP2,10038.0,Amp5,5.39
X-2454,PCDH11Y,83259.0,Del0.8,0.35
X-2454,PCDHB5,26167.0,MutNovel,"R651C,0.571"
X-2454,PCK2,5106.0,Amp5,5.62
X-2454,PDCD10,11235.0,MutNovel,"S175N,1.000"
X-2454,PDZRN4,29951.0,MutNovel,"G116R,1.000"
X-2454,PHF12,57649.0,MutNovel,"R282H,1.000"
X-2454,PHLDA1,22822.0,MutNovel,"QQ194Q,0.598"
X-2454,PIEZO1,9780.0,MutNovel,"R1462Q,1.000"
X-2454,PLSCR2,57047.0,MutNovel,"Q210E,1.000"
X-2454,PLSCR2,57047.0,MutNovel,"K208Q,1.000"
X-2454,PLSCR2,57047.0,MutNovel,"T203P,1.000"
X-2454,PNP,4860.0,Amp5,5.39
X-2454,POTEF,728378.0,MutNovel,"M771I,1.000"
X-2454,POTEG,404785.0,Amp5,7.26
X-2454,POTEI,,MutNovel,"I803M,1.000"
X-2454,POTEJ,,MutNovel,"I738L,0.714"
X-2454,POTEM,641455.0,Amp5,7.26
X-2454,PPARD,5467.0,MutNovel,"D174N,0.473"
X-2454,PPP1R2P3,153743.0,Amp5,5.66
X-2454,PPP1R3E,90673.0,Amp5,5.62
X-2454,PRAMEF2,65122.0,Del0.8,0.64
X-2454,PRKD1,5587.0,Amp5,7.46
X-2454,PRKY,5616.0,Del0.8,0.35
X-2454,PRLR,5618.0,Amp5,5.54
X-2454,PRMT5,10419.0,Amp5,7.31
X-2454,PRSS58,136541.0,Amp5,5.9
X-2454,PRY,9081.0,Del0.8,0.35
X-2454,PRY,9081.0,Del0.8,0.35
X-2454,PRY2,442862.0,Del0.8,0.35
X-2454,PRY2,442862.0,Del0.8,0.35
X-2454,PSMB11,122706.0,Amp5,7.31
X-2454,PSMB5,5693.0,Amp5,7.31
X-2454,PSME1,5720.0,Amp5,5.62
X-2454,PSME2,5721.0,Amp5,5.62
X-2454,RAB2B,84932.0,Amp5,7.06
X-2454,RABGGTA,5875.0,Amp5,5.62
X-2454,RAD1,5810.0,Amp5,5.54
X-2454,RAI14,26064.0,Amp5,5.54
X-2454,RALGDS,5900.0,MutNovel,"R95H,0.655"
X-2454,RANBP3L,202151.0,Amp5,5.54
X-2454,RBL2,5934.0,MutKnownFunctional,"-951?,0.961"
X-2454,RBM23,55147.0,Amp5,7.31
X-2454,RBMY1A3P,286557.0,Del0.8,0.35
X-2454,RBMY1B,378948.0,Del0.8,0.35
X-2454,RBMY1B,378948.0,Del0.8,0.35
X-2454,RBMY1E,378950.0,Del0.8,0.35
X-2454,RBMY1E,378950.0,Del0.8,0.35
X-2454,RBMY1F,159163.0,Del0.8,0.35
X-2454,RBMY1F,159163.0,Del0.8,0.35
X-2454,RBMY1J,378951.0,Del0.8,0.35
X-2454,RBMY1J,378951.0,Del0.8,0.35
X-2454,RBMY2EP,159125.0,Del0.8,0.35
X-2454,RBMY2FP,159162.0,Del0.8,0.35
X-2454,RBMY3AP,64593.0,Del0.8,0.35
X-2454,REC8,9985.0,Amp5,5.62
X-2454,REM2,161253.0,Amp5,7.31
X-2454,RIN3,79890.0,MutNovel,"G967-,0.538"
X-2454,RIPK3,11035.0,Amp5,5.62
X-2454,RNASE1,6035.0,Amp5,5.39
X-2454,RNASE10,338879.0,Amp5,5.39
X-2454,RNASE11,122651.0,Amp5,5.39
X-2454,RNASE12,493901.0,Amp5,5.39
X-2454,RNASE13,440163.0,Amp5,7.06
X-2454,RNASE2,6036.0,Amp5,7.06
X-2454,RNASE3,6037.0,Amp5,7.06
X-2454,RNASE4,6038.0,Amp5,5.39
X-2454,RNASE6,6039.0,Amp5,5.39
X-2454,RNASE7,84659.0,Amp5,7.06
X-2454,RNASE8,122665.0,Amp5,7.06
X-2454,RNASE9,390443.0,Amp5,5.39
X-2454,RNF145,153830.0,Amp5,5.66
X-2454,RNF31,55072.0,Amp5,5.62
X-2454,RPGRIP1,57096.0,Amp5,7.06
X-2454,RPPH1,85495.0,Amp5,5.39
X-2454,RPS4Y1,6192.0,Del0.8,0.35
X-2454,RPS4Y2,140032.0,Del0.8,0.35
X-2454,RXFP3,51289.0,Amp5,5.62
X-2454,SALL2,6297.0,Amp5,7.06
X-2454,SALL4,57167.0,MutNovel,"A198V,1.000"
X-2454,SCFD1,23256.0,Amp5,7.46
X-2454,SDF4,51150.0,MutNovel,"E301K,0.996"
X-2454,SDR39U1,56948.0,Amp5,5.62
X-2454,SECISBP2,79048.0,MutNovel,"Q362E,0.435"
X-2454,SERINC2,347735.0,MutNovel,"-373Q,0.698"
X-2454,SH3BP4,23677.0,Del0.8,0.42
X-2454,SKP2,6502.0,Amp5,5.54
X-2454,SLC1A3,6507.0,Amp5,5.54
X-2454,SLC22A17,51310.0,Amp5,5.62
X-2454,SLC39A2,29986.0,Amp5,7.06
X-2454,SLC45A2,51151.0,Amp5,5.62
X-2454,SLC7A7,9056.0,Amp5,5.31
X-2454,SLC7A8,23428.0,Amp5,6.41
X-2454,SNCA,6622.0,MutNovel,"P138T,0.990"
X-2454,SNORD126,100113391.0,Amp5,5.39
X-2454,SNORD8,319103.0,Amp5,7.06
X-2454,SNORD9,692053.0,Amp5,7.06
X-2454,SOX30,11063.0,Amp5,5.66
X-2454,SPDYE5,442590.0,MutNovel,"P257L,0.500"
X-2454,SPEF2,79925.0,Amp5,5.54
X-2454,SPP2,6694.0,Del0.8,0.4
X-2454,SPRY3,10251.0,Del0.8,0.47
X-2454,SRY,6736.0,Del0.8,0.35
X-2454,STRN3,29966.0,Amp5,7.46
X-2454,STXBP6,29091.0,Amp5,5.62
X-2454,SUPT16H,11198.0,Amp5,7.06
X-2454,SYNCRIP,10492.0,MutNovel,"V535I,0.485"
X-2454,TBL1Y,90665.0,Del0.8,0.35
X-2454,TEKT4,150483.0,MutNovel,"E385Q,1.000"
X-2454,TEKT4,150483.0,MutNovel,"R424C,1.000"
X-2454,TEP1,7011.0,Amp5,5.39
X-2454,TGIF2LY,90655.0,Del0.8,0.35
X-2454,TGM1,7051.0,Amp5,5.62
X-2454,THG1L,54974.0,Amp5,5.66
X-2454,THTPA,79178.0,Amp5,5.62
X-2454,TIMD4,91937.0,Amp5,5.66
X-2454,TINF2,26277.0,Amp5,5.62
X-2454,TM9SF1,10548.0,Amp5,5.62
X-2454,TMEM184A,202915.0,MutNovel,"G392GA,0.790"
X-2454,TMEM55B,90809.0,Amp5,5.39
X-2454,TMLHE,55217.0,Del0.8,0.33
X-2454,TMSB4Y,9087.0,Del0.8,0.35
X-2454,TOR4A,,MutNovel,"R96H,0.750"
X-2454,TOX4,9878.0,Amp5,7.06
X-2454,TP53,7157.0,MutKnownFunctional,"-27,0.895"
X-2454,TPPP2,122664.0,Amp5,7.06
X-2454,TRIP11,9321.0,MutNovel,"V559I,1.000"
X-2454,TRMT1,55621.0,MutNovel,"A539V,0.318"
X-2454,TRPM8,79054.0,Del0.8,0.66
X-2454,TSPY1,7258.0,Del0.8,0.35
X-2454,TSPY2,64591.0,Del0.8,0.35
X-2454,TSPY3,728137.0,Del0.8,0.35
X-2454,TSPY4,728395.0,Del0.8,0.35
X-2454,TSPY8,728403.0,Del0.8,0.35
X-2454,TSPYL1,7259.0,MutNovel,"V176VW,0.462"
X-2454,TSSK4,283629.0,Amp5,5.62
X-2454,TTC23L,153657.0,Amp5,5.54
X-2454,TTC5,91875.0,Amp5,5.39
X-2454,TTTY10,246119.0,Del0.8,0.35
X-2454,TTTY11,83866.0,Del0.8,0.35
X-2454,TTTY12,83867.0,Del0.8,0.35
X-2454,TTTY13,83868.0,Del0.8,0.35
X-2454,TTTY14,83869.0,Del0.8,0.35
X-2454,TTTY15,64595.0,Del0.8,0.35
X-2454,TTTY16,252948.0,Del0.8,0.35
X-2454,TTTY17A,252949.0,Del0.8,0.35
X-2454,TTTY17A,252949.0,Del0.8,0.35
X-2454,TTTY18,252950.0,Del0.8,0.35
X-2454,TTTY19,252952.0,Del0.8,0.35
X-2454,TTTY1B,100101116.0,Del0.8,0.35
X-2454,TTTY1B,100101116.0,Del0.8,0.35
X-2454,TTTY2,60439.0,Del0.8,0.35
X-2454,TTTY2,60439.0,Del0.8,0.35
X-2454,TTTY20,252951.0,Del0.8,0.35
X-2454,TTTY21,252953.0,Del0.8,0.35
X-2454,TTTY21,252953.0,Del0.8,0.35
X-2454,TTTY22,252954.0,Del0.8,0.35
X-2454,TTTY23,252955.0,Del0.8,0.35
X-2454,TTTY23,252955.0,Del0.8,0.35
X-2454,TTTY3,114760.0,Del0.8,0.35
X-2454,TTTY3,114760.0,Del0.8,0.35
X-2454,TTTY4,114761.0,Del0.8,0.35
X-2454,TTTY4,114761.0,Del0.8,0.35
X-2454,TTTY5,83863.0,Del0.8,0.35
X-2454,TTTY6,84672.0,Del0.8,0.35
X-2454,TTTY6,84672.0,Del0.8,0.35
X-2454,TTTY7,246122.0,Del0.8,0.35
X-2454,TTTY7,246122.0,Del0.8,0.35
X-2454,TTTY7B,100101120.0,Del0.8,0.35
X-2454,TTTY7B,100101120.0,Del0.8,0.35
X-2454,TTTY8,84673.0,Del0.8,0.35
X-2454,TTTY8,84673.0,Del0.8,0.35
X-2454,TTTY9A,83864.0,Del0.8,0.35
X-2454,TTTY9A,83864.0,Del0.8,0.35
X-2454,TXLNG2P,246126.0,Del0.8,0.35
X-2454,TXNDC5,81567.0,MutNovel,"-47R,0.236"
X-2454,UBLCP1,134510.0,Amp5,5.66
X-2454,UGT3A1,133688.0,Amp5,5.54
X-2454,UGT3A2,167127.0,Amp5,5.54
X-2454,USP9Y,8287.0,Del0.8,0.35
X-2454,UTY,7404.0,Del0.8,0.35
X-2454,VAMP7,6845.0,Del0.8,0.75
X-2454,VCY,9084.0,Del0.8,0.35
X-2454,VCY,9084.0,Del0.8,0.35
X-2454,WNT1,7471.0,MutNovel,"L305V,0.553"
X-2454,XKRY2,353515.0,Del0.8,0.35
X-2454,XKRY2,353515.0,Del0.8,0.35
X-2454,ZFHX2,85446.0,Amp5,5.62
X-2454,ZFY,7544.0,Del0.8,0.35
X-2454,ZMIZ1,57178.0,MutNovel,"I403V,0.988"
X-2454,ZNF185,7739.0,MutNovel,"R151H,1.000"
X-2454,ZNF219,51222.0,Amp5,7.06
X-2454,ZNF384,171017.0,MutNovel,"QQ514Q,0.439"
X-2454,ZNF469,84627.0,MutNovel,"R3414T,1.000"
X-2454,ZNF516,9658.0,MutNovel,"P484L,1.000"
X-2454,ZNF592,9640.0,MutNovel,"A974T,1.000"
X-2454,ZNF83,55769.0,MutNovel,"QH390H,0.233"
X-2454,ZNF91,7644.0,MutNovel,"R333H,0.233"
X-2511,AADAT,51166.0,MutNovel,"L194F,1.000"
X-2511,AARS2,57505.0,Amp5,7.94
X-2511,ABCA13,154664.0,MutNovel,"I1161L,1.000"
X-2511,ABCC1,4363.0,MutNovel,"G815R,0.509"
X-2511,ABCC9,10060.0,MutNovel,"R1361K,0.244"
X-2511,ABHD11,83451.0,MutNovel,"R311Q,0.468"
X-2511,ABHD16B,140701.0,Amp5,5.43
X-2511,ACACB,32.0,MutNovel,"P590S,0.818"
X-2511,ACIN1,22985.0,Amp5,5.5
X-2511,ACOT8,10005.0,Amp5,7.36
X-2511,ACTC1,70.0,MutNovel,"P166S,0.500"
X-2511,ACTR5,79913.0,MutNovel,"P480L,0.875"
X-2511,ACTR5,79913.0,Amp5,5.94
X-2511,ADA,100.0,Amp5,7.36
X-2511,ADAM6,8755.0,Amp5,6.5
X-2511,ADAMTS12,81792.0,MutNovel,"S1096F,0.683"
X-2511,ADAMTS2,9509.0,MutKnownFunctional,"Q1064*,0.590"
X-2511,ADAMTS2,9509.0,MutNovel,"P869F,0.394"
X-2511,ADAMTS7,11173.0,MutNovel,"P1295S,0.406"
X-2511,ADCY7,113.0,MutNovel,"M841I,0.416"
X-2511,ADIG,149685.0,Amp5,5.94
X-2511,ADNP,23394.0,Amp5,7.11
X-2511,ADPRHL2,54936.0,MutNovel,"M237I,0.710"
X-2511,ADRA2A,150.0,MutNovel,"S313F,0.635"
X-2511,ADRM1,11047.0,Amp5,5.43
X-2511,AFF3,3899.0,MutNovel,"P312L,1.000"
X-2511,AFF3,3899.0,MutNovel,"H116Y,1.000"
X-2511,AGAP5,729092.0,MutNovel,"R565Q,0.500"
X-2511,AGAP5,729092.0,MutNovel,"R517G,0.750"
X-2511,AHCYL1,10768.0,MutNovel,"S70F,0.668"
X-2511,AHDC1,27245.0,MutNovel,"R469Q,0.385"
X-2511,AHNAK,79026.0,MutNovel,"D3639N,0.650"
X-2511,AHNAK2,113146.0,MutNovel,"N2143D,1.000"
X-2511,AHNAK2,113146.0,MutNovel,"A1650D,1.000"
X-2511,AHR,196.0,MutNovel,"P376L,0.356"
X-2511,AIM1,202.0,MutNovel,"P555S,0.354"
X-2511,AIP,9049.0,MutNovel,"D263N,0.315"
X-2511,AJUBA,84962.0,Amp5,5.5
X-2511,AKAP13,11214.0,MutNovel,"P1332S,0.783"
X-2511,AKAP9,10142.0,MutNovel,"E1520K,0.422"
X-2511,ALDOC,230.0,MutKnownFunctional,"Q340*,0.403"
X-2511,ALG1,56052.0,MutNovel,"P73L,0.512"
X-2511,ALPK2,115701.0,MutNovel,"S690F,1.000"
X-2511,ALS2CL,259173.0,MutNovel,"A705V,0.333"
X-2511,ANGPT1,284.0,MutNovel,"R225C,0.462"
X-2511,ANGPTL5,253935.0,Amp8,51.98
X-2511,ANKRD11,29123.0,MutNovel,"P2494L,0.694"
X-2511,ANKRD13C,81573.0,MutNovel,"S241F,0.727"
X-2511,ANKRD24,170961.0,MutNovel,"E807Q,1.000"
X-2511,ANKS1B,56899.0,MutNovel,"D256N,0.500"
X-2511,AP1G2,8906.0,Amp5,5.5
X-2511,AP5B1,,MutNovel,"G628R,0.324"
X-2511,APCDD1L,164284.0,Amp5,6.63
X-2511,APMAP,,MutNovel,"R210M,0.589"
X-2511,ARFGAP1,55738.0,Amp5,5.43
X-2511,ARFGEF2,10564.0,Amp5,7.11
X-2511,ARFRP1,10139.0,Amp5,5.43
X-2511,ARHGAP26,23092.0,MutNovel,"E565K,0.455"
X-2511,ARHGAP35,2909.0,MutKnownFunctional,"-671,1.000"
X-2511,ARHGAP40,343578.0,Amp5,5.94
X-2511,ARHGAP42,143872.0,Amp8,23.1
X-2511,ARHGEF25,115557.0,MutNovel,"R468C,0.298"
X-2511,ARID1A,8289.0,MutNovel,"G272K,0.682"
X-2511,ARID1A,8289.0,MutNovel,"G406R,0.729"
X-2511,ARID3A,1820.0,MutNovel,"R494W,0.468"
X-2511,ARID3B,10620.0,MutNovel,"S381F,0.353"
X-2511,ARL16,339231.0,MutNovel,"T111I,0.641"
X-2511,ARMC6,93436.0,MutNovel,"S324V,0.408"
X-2511,ARNT,405.0,MutNovel,"T374I,0.315"
X-2511,ARSB,411.0,MutNovel,"P492L,0.507"
X-2511,ASH1L,55870.0,MutNovel,"L1070F,0.229"
X-2511,ATAD3B,83858.0,MutNovel,"T221I,0.698"
X-2511,ATAD3C,219293.0,MutNovel,"K370E,1.000"
X-2511,ATAD5,79915.0,MutKnownFunctional,"E384*,0.583"
X-2511,ATG2B,55102.0,MutNovel,"G313E,0.600"
X-2511,ATL2,64225.0,MutNovel,"E87K,0.235"
X-2511,ATP5E,514.0,Amp5,6.63
X-2511,ATP8B2,57198.0,MutNovel,"T272I,0.278"
X-2511,ATP9A,10079.0,Amp5,7.11
X-2511,AURKA,6790.0,Amp5,5.39
X-2511,AXIN2,8313.0,MutNovel,"S475L,0.450"
X-2511,B4GALT5,9334.0,Amp5,7.11
X-2511,BAHCC1,57597.0,MutNovel,"G1202S,0.294"
X-2511,BAI2,576.0,MutNovel,"H798Y,0.800"
X-2511,BCAS1,8537.0,Amp8,8.63
X-2511,BCAS4,55653.0,Amp5,7.11
X-2511,BCKDHB,594.0,MutNovel,"P185S,0.342"
X-2511,BCL2L2,599.0,Amp5,5.5
X-2511,BCL2L2-PABPN1,100529063.0,Amp5,5.5
X-2511,BCL9L,283149.0,MutNovel,"P215S,1.000"
X-2511,BHLHE23,128408.0,Amp5,5.43
X-2511,BIRC2,329.0,Amp8,67.65
X-2511,BIRC3,330.0,Amp8,51.98
X-2511,BIRC6,57448.0,MutNovel,"A4045V,0.690"
X-2511,BIRC6,57448.0,MutNovel,"G4055W,0.302"
X-2511,BIRC6,57448.0,MutNovel,"V4543I,0.362"
X-2511,BIRC7,79444.0,Amp5,5.43
X-2511,BLCAP,10904.0,Amp5,5.94
X-2511,BMP7,655.0,Amp5,6.63
X-2511,BOC,91653.0,MutNovel,"P712L,0.389"
X-2511,BOD1L1,,MutNovel,"D805N,1.000"
X-2511,BPI,671.0,Amp5,5.94
X-2511,BRCA2,675.0,MutNovel,"P2477L,1.000"
X-2511,BRD8,10902.0,MutNovel,"T836M,0.556"
X-2511,BRPF3,27154.0,MutNovel,"S723F,0.519"
X-2511,BRWD1,54014.0,MutNovel,"M234I,0.360"
X-2511,BTAF1,9044.0,MutNovel,"R1539C,0.651"
X-2511,BTN3A1,11119.0,MutNovel,"S363F,0.750"
X-2511,BUB1,699.0,MutNovel,"G807E,0.634"
X-2511,C10orf137,26098.0,MutNovel,"H1035Y,0.750"
X-2511,C11orf24,53838.0,MutNovel,"A372G,0.499"
X-2511,C11orf70,85016.0,Amp8,51.98
X-2511,C12orf35,55196.0,MutNovel,"F1062I,0.621"
X-2511,C14orf101,54916.0,MutNovel,"Q654R,0.594"
X-2511,C14orf119,55017.0,Amp5,5.5
X-2511,C14orf126,112487.0,MutNovel,"D28N,0.404"
X-2511,C14orf93,60686.0,Amp5,5.5
X-2511,C16orf86,388284.0,MutNovel,"G267K,0.238"
X-2511,C19orf47,126526.0,MutNovel,"M142T,0.377"
X-2511,C20orf11,54994.0,Amp5,5.43
X-2511,C20orf111,51526.0,Amp5,6.63
X-2511,C20orf132,140699.0,Amp5,5.43
X-2511,C20orf151,140893.0,Amp5,5.43
X-2511,C20orf166,128826.0,Amp5,5.43
X-2511,C20orf166-AS1,253868.0,Amp5,5.43
X-2511,C20orf195,79025.0,Amp5,5.43
X-2511,C20orf197,284756.0,Amp5,6.63
X-2511,C20orf20,55257.0,Amp5,5.43
X-2511,C20orf201,198437.0,Amp5,5.43
X-2511,C20orf43,51507.0,Amp5,5.39
X-2511,C20orf85,128602.0,Amp5,6.63
X-2511,C2orf74,339804.0,MutNovel,"P106L,0.322"
X-2511,C3,718.0,MutNovel,"E1314K,0.500"
X-2511,C3orf33,285315.0,MutNovel,"E184K,0.299"
X-2511,C3orf62,375341.0,MutNovel,"S38F,0.700"
X-2511,C4orf27,54969.0,MutNovel,"P140L,1.000"
X-2511,C5orf4,10826.0,MutNovel,"G3E,0.570"
X-2511,C5orf42,65250.0,MutNovel,"H970Y,0.561"
X-2511,C6orf223,221416.0,Amp5,5.62
X-2511,C6orf70,55780.0,MutNovel,"M261T,0.689"
X-2511,C7orf25,79020.0,MutNovel,"T425I,0.627"
X-2511,CABLES2,81928.0,Amp5,5.43
X-2511,CACNA1C,775.0,MutNovel,"E1112K,0.407"
X-2511,CADM1,23705.0,MutNovel,"D150N,1.000"
X-2511,CAMK4,814.0,MutNovel,"S341I,0.543"
X-2511,CAMKK1,84254.0,MutNovel,"P515L,0.556"
X-2511,CAMSAP1,157922.0,MutNovel,"H1496Y,0.613"
X-2511,CAMSAP2,23271.0,MutNovel,"P1103S,0.584"
X-2511,CAPN11,11131.0,Amp5,7.94
X-2511,CASKIN2,57513.0,MutNovel,"R992Q,0.476"
X-2511,CASS4,57091.0,Amp5,5.39
X-2511,CBLN4,140689.0,Amp5,5.39
X-2511,CCBL1,883.0,MutNovel,"G136R,1.000"
X-2511,CCDC14,64770.0,MutNovel,"E657K,0.285"
X-2511,CCDC171,,MutKnownFunctional,"W827*,1.000"
X-2511,CCDC71,64925.0,MutNovel,"P220L,0.725"
X-2511,CCNL2,81669.0,MutNovel,"P480L,0.668"
X-2511,CD40,958.0,Amp5,7.36
X-2511,CDAN1,146059.0,MutNovel,"H856Y,0.406"
X-2511,CDC42BPA,8476.0,MutNovel,"G1108E,0.328"
X-2511,CDC42EP3,10602.0,MutNovel,"S57F,0.281"
X-2511,CDC5L,988.0,Amp5,7.94
X-2511,CDH2,1000.0,MutNovel,"R808Q,1.000"
X-2511,CDH22,64405.0,Amp5,7.36
X-2511,CDH24,64403.0,Amp5,5.5
X-2511,CDH26,60437.0,Amp5,6.63
X-2511,CDH4,1002.0,Amp5,5.43
X-2511,CDIPT,10423.0,MutNovel,"R173Q,0.489"
X-2511,CDK11A,728642.0,MutNovel,"E388D,0.458"
X-2511,CDK5,1020.0,MutNovel,"I134T,0.538"
X-2511,CDKN2A,1029.0,MutKnownFunctional,"AR57A*,0.995"
X-2511,CEBPB,1051.0,Amp5,7.11
X-2511,CEBPE,1053.0,Amp5,5.5
X-2511,CELSR1,9620.0,MutNovel,"N561K,1.000"
X-2511,CELSR2,1952.0,MutNovel,"R725W,0.444"
X-2511,CENPA,1058.0,MutNovel,"A12V,0.326"
X-2511,CENPF,1063.0,MutKnownFunctional,"Q1151*,0.291"
X-2511,CEP120,153241.0,MutNovel,"S267F,0.581"
X-2511,CEP128,145508.0,MutKnownFunctional,"Q89*,0.389"
X-2511,CEP192,55125.0,MutNovel,"P72S,0.514"
X-2511,CEP192,55125.0,MutNovel,"P2207S,0.404"
X-2511,CEP250,11190.0,MutNovel,"P1211L,0.912"
X-2511,CEP72,55722.0,MutNovel,"E374K,0.350"
X-2511,CFH,3075.0,MutNovel,"K478N,0.455"
X-2511,CHD6,84181.0,Amp5,5.94
X-2511,CHI3L2,1117.0,MutNovel,"P325L,0.312"
X-2511,CHM,1121.0,MutNovel,"P159L,1.000"
X-2511,CHPF2,54480.0,MutNovel,"P129S,0.440"
X-2511,CHRAC1,54108.0,MutNovel,"H126Y,0.493"
X-2511,CHRNA4,1137.0,Amp5,5.43
X-2511,CLCC1,23155.0,MutNovel,"S503L,0.300"
X-2511,CLCN6,1185.0,MutNovel,"L133P,0.319"
X-2511,CLU,1191.0,MutNovel,"E90K,0.363"
X-2511,CMTM5,116173.0,Amp5,5.5
X-2511,CNOT1,23019.0,MutNovel,"P2137S,0.490"
X-2511,CNOT6,57472.0,MutNovel,"K372T,0.348"
X-2511,COG4,25839.0,MutNovel,"A588T,0.500"
X-2511,COL1A1,1277.0,MutNovel,"P1119S,0.880"
X-2511,COL1A2,1278.0,MutNovel,"V333A,0.491"
X-2511,COL1A2,1278.0,MutNovel,"G793E,0.519"
X-2511,COL20A1,57642.0,Amp5,5.43
X-2511,COL5A3,50509.0,MutNovel,"A627V,0.714"
X-2511,COL6A2,1292.0,MutNovel,"E679K,0.509"
X-2511,COL6A3,1293.0,MutNovel,"P1942S,0.288"
X-2511,COL9A3,1299.0,Amp5,5.43
X-2511,CPNE6,9362.0,Amp5,5.46
X-2511,CREB3L1,90993.0,MutNovel,"E323K,0.207"
X-2511,CRELD2,79174.0,MutNovel,"E72K,0.475"
X-2511,CREM,1390.0,MutKnownFunctional,"R261*,0.426"
X-2511,CRY1,1407.0,MutNovel,"S129L,0.516"
X-2511,CSDA,8531.0,MutNovel,"P210S,0.742"
X-2511,CSE1L,1434.0,Amp5,7.11
X-2511,CSTF1,1477.0,Amp5,5.39
X-2511,CTCFL,140690.0,Amp5,6.63
X-2511,CTNNBL1,56259.0,Amp5,5.94
X-2511,CTSA,5476.0,Amp5,7.36
X-2511,CTSZ,1522.0,Amp5,6.63
X-2511,CTTNBP2,83992.0,MutNovel,"R942K,1.000"
X-2511,CTU2,348180.0,MutNovel,"S384F,0.358"
X-2511,CUBN,8029.0,MutNovel,"G480E,1.000"
X-2511,CWC22,57703.0,MutNovel,"P227T,0.637"
X-2511,CXCL12,6387.0,MutKnownFunctional,"W132*,0.661"
X-2511,CXCR7,57007.0,MutNovel,"R348K,0.737"
X-2511,CYBASC3,220002.0,MutNovel,"P206L,0.312"
X-2511,CYFIP1,23191.0,Del0.8,0.65
X-2511,CYP24A1,1591.0,Amp8,8.63
X-2511,DBNDD2,55861.0,Amp5,7.36
X-2511,DCAF11,80344.0,MutNovel,"S372F,0.688"
X-2511,DCAF11,80344.0,MutNovel,"G433S,0.725"
X-2511,DCAF5,8816.0,MutNovel,"D764N,0.445"
X-2511,DDX1,1653.0,MutNovel,"P262R,0.649"
X-2511,DDX27,55661.0,Amp5,7.11
X-2511,DDX59,83479.0,MutNovel,"L136F,0.617"
X-2511,DENND4B,9909.0,MutNovel,"R751Q,0.235"
X-2511,DENND5A,23258.0,MutNovel,"E1140K,0.545"
X-2511,DENND5A,23258.0,MutNovel,"P68S,0.586"
X-2511,DFFB,1677.0,MutNovel,"E283K,0.655"
X-2511,DHRS2,10202.0,Amp5,5.5
X-2511,DHRS4,10901.0,MutNovel,"T25I,0.384"
X-2511,DHRS4,10901.0,Amp5,5.5
X-2511,DHRS4L1,728635.0,Amp5,5.46
X-2511,DHRS4L2,317749.0,Amp5,5.5
X-2511,DHX35,60625.0,Amp5,5.94
X-2511,DHX58,79132.0,MutNovel,"A190V,0.594"
X-2511,DIDO1,11083.0,MutNovel,"P1780L,0.839"
X-2511,DIDO1,11083.0,Amp5,5.43
X-2511,DIP2A,23181.0,MutNovel,"D1147N,0.474"
X-2511,DLC1,10395.0,MutNovel,"A793T,0.657"
X-2511,DNAH1,25981.0,MutNovel,"G3310E,0.750"
X-2511,DNAH7,56171.0,MutNovel,"K3057Q,1.000"
X-2511,DNAH7,56171.0,MutNovel,"V2365A,1.000"
X-2511,DNAJC5,80331.0,Amp5,5.43
X-2511,DNM2,1785.0,MutNovel,"P263S,0.493"
X-2511,DNTTIP1,116092.0,Amp5,7.36
X-2511,DOCK2,1794.0,MutNovel,"T1467A,0.250"
X-2511,DOCK5,80005.0,MutNovel,"R261C,0.585"
X-2511,DOK5,55816.0,Amp8,8.63
X-2511,DPH3P1,100132911.0,Amp5,5.43
X-2511,DPM1,8813.0,Amp5,7.11
X-2511,DPT,1805.0,MutNovel,"T14I,0.480"
X-2511,DST,667.0,MutNovel,"S1584F,0.657"
X-2511,DYNC2H1,79659.0,MutNovel,"E2632K,1.000"
X-2511,DYNC2H1,79659.0,MutNovel,"R3241K,1.000"
X-2511,DYRK3,8444.0,MutKnownFunctional,"R232*,0.413"
X-2511,E2F7,144455.0,MutNovel,"P484S,0.231"
X-2511,EDN3,1908.0,Amp5,6.63
X-2511,EEF1A2,1917.0,Amp5,5.43
X-2511,EEF1G,1937.0,MutNovel,"T5I,0.726"
X-2511,EFS,10278.0,Amp5,5.5
X-2511,EHBP1,23301.0,MutNovel,"G620E,0.484"
X-2511,EHBP1L1,254102.0,MutNovel,"R307W,0.486"
X-2511,EIF2AK3,9451.0,MutNovel,"L501I,0.330"
X-2511,EIF2S2,8894.0,MutNovel,"G260K,0.716"
X-2511,EIF3C,8663.0,MutNovel,"A270V,0.277"
X-2511,EIF4ENIF1,56478.0,MutNovel,"G871C,0.748"
X-2511,EIF4G1,1981.0,MutNovel,"S54F,1.000"
X-2511,EIF4G3,8672.0,MutNovel,"P392L,0.659"
X-2511,ELMO2,63916.0,Amp5,7.36
X-2511,EMILIN3,90187.0,Amp5,5.94
X-2511,EML2,24139.0,MutNovel,"S609F,0.602"
X-2511,EML6,400954.0,MutNovel,"T1663I,0.750"
X-2511,ENC1,8507.0,MutNovel,"F139Y,0.576"
X-2511,ENDOV,284131.0,MutNovel,"S275F,0.326"
X-2511,ENO1,2023.0,MutNovel,"G425S,0.276"
X-2511,EPB41L1,2036.0,MutNovel,"S564F,0.886"
X-2511,EPHB4,2050.0,MutNovel,"G258K,0.514"
X-2511,EPS15L1,58513.0,MutNovel,"P710S,1.000"
X-2511,EPS15L1,58513.0,MutNovel,"G659E,0.362"
X-2511,ERAP1,51752.0,MutNovel,"P48F,0.667"
X-2511,ERC1,23085.0,MutNovel,"K378N,0.640"
X-2511,ERCC1,2067.0,MutNovel,"A61V,0.495"
X-2511,ERCC6L2,,MutNovel,"R365Q,0.419"
X-2511,ERO1LB,56605.0,MutNovel,"R298K,0.279"
X-2511,ESPL1,9700.0,MutNovel,"F1969S,0.794"
X-2511,ETFDH,2110.0,MutNovel,"E58K,0.989"
X-2511,EVL,51466.0,MutNovel,"P30L,0.631"
X-2511,EYA2,2139.0,Amp5,7.36
X-2511,FAM109B,150368.0,MutNovel,"E234K,0.596"
X-2511,FAM117B,150864.0,MutNovel,"S410F,0.600"
X-2511,FAM118A,55007.0,MutNovel,"E29K,0.692"
X-2511,FAM120B,84498.0,MutKnownFunctional,"Q279*,0.354"
X-2511,FAM160B1,57700.0,MutNovel,"S403F,0.290"
X-2511,FAM161A,84140.0,MutKnownFunctional,"W203*,0.553"
X-2511,FAM171B,165215.0,MutNovel,"-50Q,0.528"
X-2511,FAM171B,165215.0,MutNovel,"D788N,0.672"
X-2511,FAM190B,54462.0,MutNovel,"S147F,0.352"
X-2511,FAM190B,54462.0,MutNovel,"P626T,0.407"
X-2511,FAM209A,200232.0,Amp5,5.39
X-2511,FAM209B,388799.0,Amp5,5.39
X-2511,FAM210B,116151.0,Amp5,5.39
X-2511,FAM21B,55747.0,MutNovel,"P845L,1.000"
X-2511,FAM222B,,MutNovel,"L251F,0.469"
X-2511,FAM65C,140876.0,Amp5,7.11
X-2511,FAM75A6,389730.0,Del0.8,0.31
X-2511,FAM83D,81610.0,Amp5,5.94
X-2511,FAM86B2,653333.0,MutNovel,"G108D,0.857"
X-2511,FARSB,10056.0,MutNovel,"P526L,0.671"
X-2511,FAT1,2195.0,MutKnownFunctional,"R1096*,1.000"
X-2511,FBXL17,64839.0,MutNovel,"E194Q,0.619"
X-2511,FBXL19,54620.0,MutNovel,"S588F,0.451"
X-2511,FBXO24,26261.0,MutNovel,"S58F,1.000"
X-2511,FITM2,128486.0,Amp5,7.36
X-2511,FLG,2312.0,MutNovel,"V816G,0.650"
X-2511,FLJ16779,100192386.0,Amp5,5.43
X-2511,FMO4,2329.0,MutNovel,"L370F,0.357"
X-2511,FNDC1,84624.0,MutNovel,"E550K,1.000"
X-2511,FNDC1,84624.0,MutNovel,"P1380L,1.000"
X-2511,FOXP1,27086.0,MutNovel,"H25Y,0.772"
X-2511,FRRS1L,,MutNovel,"R51A,1.000"
X-2511,GABBR2,9568.0,MutNovel,"G38E,1.000"
X-2511,GABPA,2551.0,MutNovel,"D334N,0.393"
X-2511,GALNT1,2589.0,MutNovel,"S324F,1.000"
X-2511,GATA5,140628.0,Amp5,5.43
X-2511,GBA2,57704.0,MutNovel,"T237S,0.979"
X-2511,GBP2,2634.0,MutNovel,"S52F,0.656"
X-2511,GCFC1,94104.0,MutNovel,"P719S,0.532"
X-2511,GCNT1,2650.0,MutNovel,"S12F,0.315"
X-2511,GCNT1,2650.0,MutNovel,"E51K,0.591"
X-2511,GCNT7,140687.0,Amp5,5.39
X-2511,GDAP1L1,78997.0,Amp5,7.36
X-2511,GFOD2,81577.0,MutNovel,"G306S,0.316"
X-2511,GHDC,84514.0,MutNovel,"E245K,0.585"
X-2511,GHRH,2691.0,Amp5,5.94
X-2511,GLCCI1,113263.0,MutNovel,"R136Q,0.688"
X-2511,GLIPR1L2,144321.0,MutNovel,"D239DN,0.667"
X-2511,GLO1,2739.0,MutNovel,"P133S,0.677"
X-2511,GLUD2,2747.0,MutNovel,"K457Q,0.625"
X-2511,GLUD2,2747.0,MutNovel,"S496R,1.000"
X-2511,GMEB2,26205.0,Amp5,5.43
X-2511,GMPPA,29926.0,MutNovel,"L69V,0.276"
X-2511,GMPR,2766.0,MutNovel,"P150S,0.496"
X-2511,GMPS,8833.0,MutNovel,"S525F,0.728"
X-2511,GNA12,2768.0,MutNovel,"A166V,0.457"
X-2511,GNAS,2778.0,Amp5,6.63
X-2511,GNAS-AS1,149775.0,Amp5,6.63
X-2511,GNB1L,54584.0,MutNovel,"P6S,1.000"
X-2511,GNB3,2784.0,MutKnownFunctional,"-285?,0.556"
X-2511,GPRIN1,114787.0,MutNovel,"P624L,0.365"
X-2511,GRAMD4,23151.0,MutNovel,"R52K,0.623"
X-2511,GSTM1,2944.0,Del0.8,0.63
X-2511,GSTT1,2952.0,Del0.8,0.65
X-2511,GTF2IRD2,84163.0,MutNovel,"R716C,0.500"
X-2511,GTF3C1,2975.0,MutNovel,"L262H,0.454"
X-2511,GTPBP2,54676.0,Amp5,5.62
X-2511,GTPBP5,26164.0,Amp5,5.43
X-2511,GTSF1L,149699.0,Amp5,5.94
X-2511,HAGH,3029.0,MutNovel,"G92E,0.482"
X-2511,HAR1A,768096.0,Amp5,5.43
X-2511,HAR1B,768097.0,Amp5,5.43
X-2511,HAUS4,54930.0,Amp5,5.5
X-2511,HCFC1,3054.0,MutNovel,"T712I,0.982"
X-2511,HCN3,57657.0,MutNovel,"R211C,0.357"
X-2511,HDAC6,10013.0,MutNovel,"S797F,0.993"
X-2511,HDAC7,51564.0,MutNovel,"P53S,0.593"
X-2511,HELLS,3070.0,MutNovel,"R203G,0.688"
X-2511,HEMK1,51409.0,MutNovel,"D272N,0.313"
X-2511,HEXA,3073.0,MutNovel,"A414V,0.488"
X-2511,HIC1,3090.0,MutNovel,"T103I,0.733"
X-2511,HIST1H2AG,8969.0,MutNovel,"T102I,0.208"
X-2511,HLA-F,3134.0,MutNovel,"Q289E,0.682"
X-2511,HLA-G,3135.0,MutNovel,"N175R,1.000"
X-2511,HMGB1,3146.0,MutNovel,"E47K,0.998"
X-2511,HNF4A,3172.0,Amp5,7.36
X-2511,HNRNPUL1,11100.0,MutNovel,"R179W,0.368"
X-2511,HOMEZ,57594.0,Amp5,5.5
X-2511,HOXB3,3213.0,MutNovel,"G251R,0.594"
X-2511,HOXB4,3214.0,MutNovel,"P91S,1.000"
X-2511,HOXD4,3233.0,MutNovel,"P216F,0.287"
X-2511,HOXD8,3234.0,MutNovel,"A70AHP,0.333"
X-2511,HRH3,11255.0,Amp5,5.43
X-2511,HSP90AB1,3326.0,Amp5,7.94
X-2511,HYAL2,8692.0,MutNovel,"R443K,0.347"
X-2511,ICAM1,3383.0,MutNovel,"P39L,0.929"
X-2511,IDI1,3422.0,Del0.8,0.74
X-2511,IFT52,51098.0,Amp5,5.94
X-2511,IGFBP5,3488.0,MutNovel,"P175S,0.714"
X-2511,IL25,64806.0,Amp5,5.5
X-2511,INTS1,26173.0,MutNovel,"S1371F,0.528"
X-2511,IP6K1,9807.0,MutNovel,"P95L,0.287"
X-2511,IPO11,51194.0,MutNovel,"A496V,0.457"
X-2511,IQGAP3,128239.0,MutNovel,"L569F,0.267"
X-2511,IRAK2,3656.0,MutNovel,"S293F,0.579"
X-2511,IRF2BPL,64207.0,MutNovel,"S607F,0.433"
X-2511,ITPRIP,85450.0,MutNovel,"G152E,0.396"
X-2511,JAGN1,84522.0,MutNovel,"R4Q,0.578"
X-2511,JPH2,57158.0,Amp5,5.94
X-2511,JPH4,84502.0,Amp5,5.5
X-2511,KCNB1,3745.0,Amp5,7.11
X-2511,KCNG1,3755.0,MutNovel,"E203K,0.870"
X-2511,KCNG1,3755.0,Amp5,7.11
X-2511,KCNJ5,3762.0,MutNovel,"E356K,1.000"
X-2511,KCNK15,60598.0,Amp5,7.36
X-2511,KCNMA1,3778.0,MutNovel,"K1153Q,0.707"
X-2511,KCNQ2,3785.0,Amp5,5.43
X-2511,KCNS1,3787.0,Amp5,7.36
X-2511,KDM4D,55693.0,MutNovel,"DMDLYSINY195D,0.256"
X-2511,KDM4E,,MutNovel,"F203L,1.000"
X-2511,KDM4E,,MutNovel,"Q218E,1.000"
X-2511,KDM6A,7403.0,MutNovel,"P1206L,0.983"
X-2511,KIAA0125,9834.0,Amp5,6.5
X-2511,KIAA0196,9897.0,MutNovel,"E772K,0.510"
X-2511,KIAA0368,23392.0,MutNovel,"E173K,0.400"
X-2511,KIAA0913,23053.0,MutNovel,"S185F,0.468"
X-2511,KIAA1109,84162.0,MutNovel,"P2082S,1.000"
X-2511,KIAA1199,57214.0,MutNovel,"VK1356V,0.211"
X-2511,KIAA1244,57221.0,MutKnownFunctional,"W493*,0.250"
X-2511,KIAA1244,57221.0,MutNovel,"R1205G,0.625"
X-2511,KIAA1377,57562.0,Amp8,51.98
X-2511,KIAA1522,57648.0,MutNovel,"P662S,0.650"
X-2511,KIAA1598,57698.0,MutNovel,"R545H,0.294"
X-2511,KIAA1644,85352.0,MutNovel,"G139R,0.626"
X-2511,KIAA1731,85459.0,MutNovel,"N775I,0.792"
X-2511,KIAA1755,85449.0,Amp5,5.94
X-2511,KIF13B,23303.0,MutNovel,"P1603L,0.889"
X-2511,KIF1B,23095.0,MutNovel,"P1217L,0.250"
X-2511,KIF1C,10749.0,MutNovel,"S694F,0.699"
X-2511,KIF20B,9585.0,MutNovel,"L1062LKV,0.328"
X-2511,KIF26B,55083.0,MutNovel,"P1062F,0.846"
X-2511,KIFC2,90990.0,MutNovel,"P497S,0.343"
X-2511,KLC1,3831.0,MutNovel,"A98V,0.657"
X-2511,KLHDC2,23588.0,MutNovel,"F61L,0.491"
X-2511,KLHL11,55175.0,MutNovel,"D528N,0.250"
X-2511,KLHL29,114818.0,MutNovel,"R370Q,0.300"
X-2511,KLK15,55554.0,Del0.8,0.66
X-2511,KRT13,3860.0,MutNovel,"G84V,1.000"
X-2511,KRT14,3861.0,MutNovel,"D423N,0.289"
X-2511,KRT16,3868.0,MutNovel,"S76IG,0.584"
X-2511,KRT17,3872.0,MutNovel,"L211R,0.905"
X-2511,L1CAM,3897.0,MutNovel,"L1135F,1.000"
X-2511,L1CAM,3897.0,MutNovel,"R755C,1.000"
X-2511,L3MBTL1,26013.0,Amp5,5.94
X-2511,LAMA5,3911.0,MutNovel,"E2624K,0.811"
X-2511,LAMA5,3911.0,Amp5,5.43
X-2511,LAMB3,3914.0,MutNovel,"R623W,0.643"
X-2511,LBP,3929.0,Amp5,5.94
X-2511,LIME1,54923.0,Amp5,5.43
X-2511,LINC00029,100144596.0,Amp5,5.43
X-2511,LINC00176,284739.0,Amp5,5.43
X-2511,LINC00226,338004.0,Amp5,6.5
X-2511,LINC00494,284749.0,Amp5,7.11
X-2511,LMNB1,4001.0,MutNovel,"S534F,0.418"
X-2511,LMO7,4008.0,MutNovel,"E1042K,1.000"
X-2511,LOC100127888,100127888.0,Amp5,5.43
X-2511,LOC100131496,100131496.0,Amp5,7.36
X-2511,LOC100132354,100132354.0,Amp5,5.62
X-2511,LOC100144597,100144597.0,Amp5,5.43
X-2511,LOC100287792,100287792.0,Amp5,5.94
X-2511,LOC100505783,100505783.0,Amp5,7.36
X-2511,LOC100505815,100505815.0,Amp5,5.43
X-2511,LOC100506384,100506384.0,Amp5,6.63
X-2511,LOC100996314,,MutNovel,"P51S,1.000"
X-2511,LOC100996528,,MutNovel,"F84S,0.267"
X-2511,LOC149773,149773.0,Amp5,6.63
X-2511,LOC284751,284751.0,Amp5,7.11
X-2511,LOC285141,,MutNovel,"Q90L,0.212"
X-2511,LOC339568,339568.0,Amp5,5.94
X-2511,LOC388796,388796.0,Amp5,5.94
X-2511,LOC391322,391322.0,Del0.8,0.65
X-2511,LOC63930,63930.0,Amp5,5.43
X-2511,LOC79015,79015.0,Amp5,7.36
X-2511,LONRF1,91694.0,MutNovel,"A176V,0.538"
X-2511,LPIN3,64900.0,Amp5,5.94
X-2511,LRP5,4041.0,MutNovel,"V498I,0.688"
X-2511,LRRC16B,90668.0,Amp5,5.46
X-2511,LRRC33,375387.0,MutNovel,"F177S,1.000"
X-2511,LRRC45,201255.0,MutNovel,"R252W,0.456"
X-2511,LRRC56,115399.0,MutNovel,"L143F,0.700"
X-2511,LRRC66,339977.0,MutNovel,"A586T,1.000"
X-2511,LRRN4CL,221091.0,MutNovel,"G89E,0.681"
X-2511,LSM14B,149986.0,Amp5,5.43
X-2511,LSR,51599.0,MutNovel,"G518GR,0.877"
X-2511,LTA4H,4048.0,MutNovel,"G177R,0.335"
X-2511,LTBP1,4052.0,MutNovel,"S1687F,0.822"
X-2511,LTBP3,4054.0,MutNovel,"R269W,0.313"
X-2511,LY6E,4061.0,MutKnownFunctional,"DQ43D*,0.338"
X-2511,LZTFL1,54585.0,MutKnownFunctional,"R108*,0.345"
X-2511,MAD2L1BP,9587.0,Amp5,5.62
X-2511,MADD,8567.0,MutNovel,"T80I,0.203"
X-2511,MAFB,9935.0,Amp5,5.94
X-2511,MAGEL2,54551.0,Del0.8,0.64
X-2511,MAN2A1,4124.0,MutNovel,"P383F,0.306"
X-2511,MANBAL,63905.0,Amp5,5.94
X-2511,MAP3K4,4216.0,MutNovel,"PA1189P,1.000"
X-2511,MAPK12,6300.0,MutNovel,"P266L,0.401"
X-2511,MAST4,375449.0,MutNovel,"L95LP,1.000"
X-2511,MAST4,375449.0,MutNovel,"S1217T,0.806"
X-2511,MATN4,8785.0,MutNovel,"S390L,1.000"
X-2511,MATN4,8785.0,Amp5,7.36
X-2511,MBLAC1,255374.0,MutNovel,"G121E,0.385"
X-2511,MC3R,4159.0,Amp5,5.39
X-2511,MCIN,,MutNovel,"N336S,0.800"
X-2511,MCM10,55388.0,MutNovel,"G462K,0.353"
X-2511,MCMBP,79892.0,MutNovel,"L515F,0.389"
X-2511,MDN1,23195.0,MutNovel,"T1773I,0.636"
X-2511,MECP2,4204.0,MutNovel,"P400S,0.994"
X-2511,MEF2A,4205.0,MutNovel,"P465S,0.579"
X-2511,MEGF8,1954.0,MutNovel,"E2112K,0.990"
X-2511,MEIS2,4212.0,MutNovel,"L429S,0.424"
X-2511,MEMO1,51072.0,MutNovel,"E168G,0.327"
X-2511,METTL16,79066.0,MutNovel,"G473K,0.211"
X-2511,METTL16,79066.0,MutNovel,"L406V,0.325"
X-2511,MEX3D,399664.0,MutNovel,"A500V,0.427"
X-2511,MGLL,11343.0,MutNovel,"R145K,0.327"
X-2511,MGST2,4258.0,MutNovel,"G125E,0.824"
X-2511,MIPOL1,145282.0,MutNovel,"N217I,0.618"
X-2511,MIR1-1,406904.0,Amp5,5.43
X-2511,MIR124-3,406909.0,Amp5,5.43
X-2511,MIR1257,100302168.0,Amp5,5.43
X-2511,MIR133A2,406923.0,Amp5,5.43
X-2511,MIR1914,100302137.0,Amp5,5.43
X-2511,MIR208A,406990.0,Amp5,5.5
X-2511,MIR208B,100126336.0,Amp5,5.5
X-2511,MIR296,407022.0,Amp5,6.63
X-2511,MIR298,100126296.0,Amp5,6.63
X-2511,MIR3194,100422889.0,Amp5,7.11
X-2511,MIR3196,100423014.0,Amp5,5.43
X-2511,MIR3616,100500814.0,Amp5,7.36
X-2511,MIR3646,100500813.0,Amp5,7.36
X-2511,MIR3920,100500823.0,Amp8,43.41
X-2511,MIR4325,100422883.0,Amp5,6.63
X-2511,MIR4326,100422945.0,Amp5,5.43
X-2511,MIR4508,100616275.0,Del0.8,0.57
X-2511,MIR4532,100616353.0,Amp5,6.63
X-2511,MIR4642,100616352.0,Amp5,7.94
X-2511,MIR4647,100616124.0,Amp5,7.94
X-2511,MIR4707,100616424.0,Amp5,5.5
X-2511,MIR4756,100616225.0,Amp8,8.63
X-2511,MIR4758,100616340.0,Amp5,5.43
X-2511,MIR5095,100616458.0,Amp5,6.63
X-2511,MIR570,693155.0,Amp5,5.54
X-2511,MIR645,693230.0,Amp5,7.11
X-2511,MIR647,693232.0,Amp5,5.43
X-2511,MIR941-1,100126329.0,Amp5,5.43
X-2511,MIR941-3,100126352.0,Amp5,5.43
X-2511,MKI67,4288.0,MutNovel,"E2214G,0.275"
X-2511,MKRN3,7681.0,Del0.8,0.57
X-2511,MKRN7P,7686.0,Amp5,7.36
X-2511,MKS1,54903.0,MutNovel,"G171E,0.372"
X-2511,MKX,283078.0,MutNovel,"P266L,0.653"
X-2511,MLL3,58508.0,MutNovel,"P3165S,0.613"
X-2511,MMP20,9313.0,Amp8,8.82
X-2511,MMP7,4316.0,Amp8,61.39
X-2511,MMP9,4318.0,Amp5,7.36
X-2511,MMS19,64210.0,MutNovel,"R384Q,0.570"
X-2511,MOCS3,27304.0,Amp5,7.11
X-2511,MRPL14,64928.0,Amp5,7.94
X-2511,MRPS18A,55168.0,Amp5,5.62
X-2511,MRPS34,65993.0,MutNovel,"R99W,0.406"
X-2511,MST1,4485.0,MutNovel,"C338R,1.000"
X-2511,MT1A,4489.0,MutNovel,"I49V,0.900"
X-2511,MT1H,4496.0,MutNovel,"K23E,1.000"
X-2511,MTERFD3,80298.0,MutNovel,"P260L,0.667"
X-2511,MTMR3,8897.0,MutNovel,"H1140Y,0.687"
X-2511,MTRNR2L3,100462983.0,Amp5,6.63
X-2511,MUC20,200958.0,Amp5,5.54
X-2511,MUTED,63915.0,MutNovel,"A15V,0.516"
X-2511,MYBL2,4605.0,Amp5,5.94
X-2511,MYH6,4624.0,Amp5,5.5
X-2511,MYH7,4625.0,Amp5,5.5
X-2511,MYO7A,4647.0,MutNovel,"E2033K,0.429"
X-2511,MYT1,4661.0,Amp5,5.43
X-2511,NALCN,259232.0,MutNovel,"R143Q,1.000"
X-2511,NARS2,79731.0,MutNovel,"S91F,0.723"
X-2511,NAV2,89797.0,MutNovel,"P1130L,0.263"
X-2511,NAV2,89797.0,MutKnownFunctional,"Q2141*,0.269"
X-2511,NBEAL1,65065.0,MutNovel,"S412F,0.833"
X-2511,NBEAL2,23218.0,MutNovel,"G213K,0.636"
X-2511,NBPF10,100132406.0,MutNovel,"S120F,0.512"
X-2511,NCOA3,8202.0,MutNovel,"Q1255-,0.395"
X-2511,NCOA3,8202.0,Amp5,7.36
X-2511,NCOA5,57727.0,Amp5,7.36
X-2511,NCOR2,9612.0,MutNovel,"P2183S,0.363"
X-2511,NDN,4692.0,Del0.8,0.64
X-2511,NELF,26012.0,MutNovel,"L388F,0.620"
X-2511,NEO1,4756.0,MutNovel,"T13I,0.250"
X-2511,NEO1,4756.0,MutNovel,"P241L,0.931"
X-2511,NEURL2,140825.0,Amp5,7.36
X-2511,NFASC,23114.0,MutNovel,"P964R,0.508"
X-2511,NFATC2,4773.0,MutNovel,"R478Q,0.824"
X-2511,NFATC2,4773.0,Amp5,7.11
X-2511,NFIL3,4783.0,MutNovel,"A241T,0.749"
X-2511,NFKBIA,4792.0,MutNovel,"D31V,0.254"
X-2511,NFKBIE,4794.0,Amp5,7.94
X-2511,NGDN,25983.0,Amp5,5.5
X-2511,NID2,22795.0,MutNovel,"S915F,0.544"
X-2511,NIN,51199.0,MutNovel,"D377N,0.495"
X-2511,NIPA1,123606.0,Del0.8,0.76
X-2511,NIPA2,81614.0,Del0.8,0.65
X-2511,NIPSNAP3A,25934.0,MutNovel,"S232F,0.362"
X-2511,NKAIN4,128414.0,Amp5,5.43
X-2511,NKAP,79576.0,MutNovel,"D222N,0.997"
X-2511,NKTR,4820.0,MutNovel,"S211P,0.315"
X-2511,NNAT,4826.0,Amp5,5.94
X-2511,NOP56,10528.0,MutNovel,"A102V,0.439"
X-2511,NOTCH2,4853.0,MutKnownFunctional,"Q1923*,0.415"
X-2511,NOTCH2,4853.0,MutKnownFunctional,"W1450*,0.523"
X-2511,NOX4,50507.0,MutNovel,"E323K,1.000"
X-2511,NPBWR2,2832.0,Amp5,5.43
X-2511,NPEPL1,79716.0,Amp5,6.63
X-2511,NPHP3,27031.0,MutNovel,"Q1136K,0.258"
X-2511,NR2F2,7026.0,MutNovel,"P192L,0.495"
X-2511,NRL,4901.0,Amp5,5.46
X-2511,NSL1,25936.0,MutNovel,"P271L,0.332"
X-2511,NSL1,25936.0,MutNovel,"K268N,0.652"
X-2511,NTF3,4908.0,MutNovel,"G268E,0.288"
X-2511,NTSR1,4923.0,Amp5,5.43
X-2511,NUDT11,55190.0,MutKnownFunctional,"-1,0.524"
X-2511,NUMA1,4926.0,MutNovel,"A926T,0.287"
X-2511,NUP133,55746.0,MutNovel,"A1051V,0.586"
X-2511,NUP133,55746.0,MutNovel,"G469R,0.387"
X-2511,OBSL1,23363.0,MutNovel,"R789K,0.658"
X-2511,OGFR,11054.0,Amp5,5.43
X-2511,OPLAH,26873.0,MutNovel,"H870Y,0.512"
X-2511,OPRL1,4987.0,Amp5,5.43
X-2511,ORAI1,84876.0,MutNovel,"PP43-,0.850"
X-2511,OSBPL2,9885.0,Amp5,5.43
X-2511,OSCP1,127700.0,MutNovel,"E138K,0.276"
X-2511,P4HB,5034.0,MutNovel,"P51S,0.474"
X-2511,PABPC1L,80336.0,Amp5,7.36
X-2511,PABPC3,5042.0,MutKnownFunctional,"-214,0.429"
X-2511,PABPC3,5042.0,MutKnownFunctional,"-239,0.600"
X-2511,PABPN1,8106.0,Amp5,5.5
X-2511,PACS1,55690.0,MutNovel,"S252F,0.349"
X-2511,PACS2,23241.0,MutNovel,"P550L,0.417"
X-2511,PAK4,10298.0,MutNovel,"S97F,1.000"
X-2511,PALB2,79728.0,MutNovel,"A736T,0.463"
X-2511,PAPPA,5069.0,MutNovel,"D955N,0.625"
X-2511,PARD6B,84612.0,Amp5,7.11
X-2511,PBX1,5087.0,MutNovel,"L108R,0.275"
X-2511,PCDHB10,56126.0,MutNovel,"P733L,0.632"
X-2511,PCDHGC4,56098.0,MutNovel,"G742E,1.000"
X-2511,PCIF1,63935.0,Amp5,7.36
X-2511,PCK1,5105.0,Amp5,6.63
X-2511,PCK2,5106.0,Amp5,5.46
X-2511,PCMTD2,55251.0,Amp5,5.43
X-2511,PCNT,5116.0,MutNovel,"A1196T,0.493"
X-2511,PCNT,5116.0,MutNovel,"L1243F,0.385"
X-2511,PCNXL3,399909.0,MutKnownFunctional,"E103*,0.284"
X-2511,PCNXL3,399909.0,MutNovel,"P408S,0.328"
X-2511,PCSK9,255738.0,MutNovel,"-15L,0.800"
X-2511,PDDC1,347862.0,MutNovel,"G127D,0.409"
X-2511,PDE4DIP,9659.0,MutNovel,"T2297A,0.324"
X-2511,PDGFRB,5159.0,MutNovel,"E321Q,0.617"
X-2511,PDYN,5173.0,Amp5,6.59
X-2511,PER1,5187.0,MutNovel,"S526F,0.268"
X-2511,PEX13,5194.0,MutNovel,"P247S,0.269"
X-2511,PFDN4,5203.0,Amp8,8.63
X-2511,PFKM,5213.0,MutNovel,"R166Q,0.422"
X-2511,PFKM,5213.0,MutNovel,"R495K,0.316"
X-2511,PGR,5241.0,Amp8,50.56
X-2511,PHACTR3,116154.0,Amp5,6.63
X-2511,PHKG1,5260.0,MutNovel,"P185L,0.500"
X-2511,PHLDA1,22822.0,MutNovel,"QQ194Q,0.500"
X-2511,PHLDB2,90102.0,MutNovel,"G310E,0.782"
X-2511,PI3,5266.0,Amp5,7.36
X-2511,PIEZO2,63895.0,MutNovel,"L2017F,0.326"
X-2511,PIGT,51604.0,Amp5,7.36
X-2511,PIK3C2B,5287.0,MutNovel,"G1627K,1.000"
X-2511,PIK3C2B,5287.0,MutNovel,"A529V,1.000"
X-2511,PIKFYVE,200576.0,MutNovel,"L1914F,0.659"
X-2511,PJA1,64219.0,MutNovel,"G605E,1.000"
X-2511,PKIG,11142.0,Amp5,7.36
X-2511,PLCB3,5331.0,MutNovel,"R73Q,0.702"
X-2511,PLCB4,5332.0,MutNovel,"E949K,0.642"
X-2511,PLCG1,5335.0,Amp5,5.94
X-2511,PLCL2,23228.0,MutNovel,"E1085K,0.760"
X-2511,PLD2,5338.0,MutNovel,"E914K,0.273"
X-2511,PLEKHH2,130271.0,MutNovel,"H1448Y,0.265"
X-2511,PLIN3,10226.0,MutNovel,"L206F,0.512"
X-2511,PLK1S1,55857.0,MutNovel,"T445S,0.580"
X-2511,PLK3,1263.0,MutNovel,"A297V,0.724"
X-2511,PLTP,5360.0,Amp5,7.36
X-2511,PLXNA2,5362.0,MutNovel,"R459W,0.741"
X-2511,PLXNB3,5365.0,MutNovel,"D1423N,1.000"
X-2511,PMEPA1,56937.0,Amp5,6.63
X-2511,PML,5371.0,MutNovel,"S654F,0.631"
X-2511,PNKP,11284.0,MutNovel,"P200H,0.582"
X-2511,POFUT1,23509.0,MutNovel,"S259L,0.667"
X-2511,POLE,5426.0,MutNovel,"P1688S,0.495"
X-2511,POLR2A,5430.0,MutNovel,"R1224W,0.380"
X-2511,POU2F2,5452.0,MutNovel,"P476L,1.000"
X-2511,PPARA,5465.0,MutNovel,"S40F,0.623"
X-2511,PPARA,5465.0,MutNovel,"F343V,0.474"
X-2511,PPDPF,79144.0,Amp5,5.43
X-2511,PPP1R13L,10848.0,MutNovel,"P393S,0.600"
X-2511,PPP1R16B,26051.0,Amp5,5.94
X-2511,PPP1R3D,5509.0,Amp5,6.63
X-2511,PPP1R3E,90673.0,Amp5,5.5
X-2511,PPP2CA,5515.0,MutNovel,"R303S,0.617"
X-2511,PPP4R1L,55370.0,Amp5,6.63
X-2511,PREX1,57580.0,Amp5,7.11
X-2511,PRIC285,85441.0,Amp5,5.43
X-2511,PRKAR1B,5575.0,MutNovel,"N193S,0.450"
X-2511,PRMT5,10419.0,Amp5,5.5
X-2511,PRPF6,24148.0,Amp5,5.43
X-2511,PRR4,11272.0,MutNovel,"P108S,0.500"
X-2511,PRRC2C,23215.0,MutNovel,"S670A,0.324"
X-2511,PRSS27,83886.0,MutNovel,"P173L,0.556"
X-2511,PRUNE2,158471.0,MutNovel,"L2434F,0.381"
X-2511,PRUNE2,158471.0,MutNovel,"E1676K,0.661"
X-2511,PSAT1,29968.0,MutNovel,"S238F,0.542"
X-2511,PSG11,5680.0,MutNovel,"L20V,1.000"
X-2511,PSMA7,5688.0,Amp5,5.43
X-2511,PSMB11,122706.0,Amp5,5.5
X-2511,PSMB5,5693.0,Amp5,5.5
X-2511,PTAR1,375743.0,MutNovel,"P169S,0.400"
X-2511,PTGIS,5740.0,Amp5,7.11
X-2511,PTK6,5753.0,Amp5,5.43
X-2511,PTPN1,5770.0,Amp5,7.11
X-2511,PTPN21,11099.0,MutNovel,"P171S,0.636"
X-2511,PTPRM,5797.0,MutNovel,"S835L,0.558"
X-2511,PTPRT,11122.0,Amp5,5.94
X-2511,PUSL1,126789.0,MutNovel,"P263L,0.720"
X-2511,PWRN2,791115.0,Del0.8,0.67
X-2511,R3HDM4,91300.0,MutNovel,"E167K,0.578"
X-2511,R3HDML,140902.0,Amp5,7.36
X-2511,RAB11FIP1,80223.0,MutNovel,"L1056F,1.000"
X-2511,RAB11FIP5,26056.0,MutNovel,"P186S,0.629"
X-2511,RAB22A,57403.0,Amp5,6.63
X-2511,RAE1,8480.0,Amp5,6.63
X-2511,RALGAPB,57148.0,Amp5,5.94
X-2511,RANBP2,5903.0,MutNovel,"G1462R,0.257"
X-2511,RAP1B,5908.0,MutNovel,"E30K,0.666"
X-2511,RAP1GAP2,23108.0,MutNovel,"E93K,0.794"
X-2511,RAPGEF6,51735.0,MutNovel,"S570L,0.395"
X-2511,RARA,5914.0,MutNovel,"G289E,0.565"
X-2511,RB1CC1,9821.0,MutNovel,"E1096K,0.517"
X-2511,RBM33,155435.0,MutKnownFunctional,"W449*,0.298"
X-2511,RBM38,55544.0,Amp5,6.63
X-2511,RBMS3,27303.0,MutNovel,"G247R,0.778"
X-2511,RBPJL,11317.0,Amp5,7.36
X-2511,RBX1,9978.0,MutNovel,"T69I,0.698"
X-2511,RECQL4,9401.0,MutNovel,"P285S,0.460"
X-2511,REEP4,80346.0,MutNovel,"E34V,0.228"
X-2511,REG4,83998.0,MutNovel,"Y61H,0.536"
X-2511,RGAG1,57529.0,MutNovel,"S1161L,1.000"
X-2511,RGS19,10287.0,MutNovel,"S215F,0.794"
X-2511,RGS19,10287.0,Amp5,5.43
X-2511,RGS9,8787.0,MutNovel,"P492L,0.667"
X-2511,RIMS4,140730.0,Amp5,7.36
X-2511,RIN3,79890.0,MutNovel,"G967-,0.273"
X-2511,RIPK4,54101.0,MutNovel,"G615E,1.000"
X-2511,RNF111,54778.0,MutNovel,"D390N,0.653"
X-2511,RNF114,55905.0,Amp5,7.11
X-2511,RNF220,55182.0,MutNovel,"A221V,0.479"
X-2511,RNFT2,84900.0,MutNovel,"G354E,1.000"
X-2511,ROR1,4919.0,MutNovel,"E370K,0.729"
X-2511,RPF1,80135.0,MutNovel,"G51N,0.327"
X-2511,RPGR,6103.0,MutNovel,"K590T,1.000"
X-2511,RPL26,6154.0,MutNovel,"P5L,0.277"
X-2511,RPN2,6185.0,Amp5,5.94
X-2511,RPRD1B,58490.0,Amp5,5.94
X-2511,RPS21,6227.0,Amp5,5.43
X-2511,RSPH9,221421.0,Amp5,5.62
X-2511,RTEL1,51750.0,MutNovel,"P214S,0.922"
X-2511,RTEL1,51750.0,Amp5,5.43
X-2511,RTEL1-TNFRSF6B,100533107.0,Amp5,5.43
X-2511,SALL4,57167.0,Amp5,7.11
X-2511,SAMD1,90378.0,MutNovel,"P4A,0.375"
X-2511,SAMD10,140700.0,Amp5,5.43
X-2511,SAMD15,161394.0,MutNovel,"D38N,0.533"
X-2511,SAP130,79595.0,MutNovel,"G803S,0.712"
X-2511,SCLY,51540.0,MutNovel,"P175M,0.556"
X-2511,SCN3A,6328.0,MutNovel,"G1739R,0.717"
X-2511,SDC4,6385.0,Amp5,7.36
X-2511,SEC23A,10484.0,MutNovel,"S627F,0.487"
X-2511,SEC31A,22872.0,MutNovel,"G513V,1.000"
X-2511,SECISBP2L,9728.0,MutNovel,"S599F,0.527"
X-2511,SEMG1,6406.0,Amp5,7.36
X-2511,SEMG2,6407.0,Amp5,7.36
X-2511,SERINC2,347735.0,MutNovel,"-373Q,0.708"
X-2511,SERINC3,10955.0,Amp5,7.36
X-2511,SERPINB6,5269.0,MutNovel,"A351V,0.533"
X-2511,SETD8,387893.0,MutNovel,"T307I,0.265"
X-2511,SF3B2,10992.0,MutNovel,"S743N,0.252"
X-2511,SFXN1,94081.0,MutNovel,"P266L,0.574"
X-2511,SGK2,10110.0,Amp5,5.94
X-2511,SIM1,6492.0,MutNovel,"S536F,1.000"
X-2511,SIPA1,6494.0,MutNovel,"P818S,0.654"
X-2511,SIPA1L1,26037.0,MutKnownFunctional,"R58*,0.398"
X-2511,SIPA1L1,26037.0,MutNovel,"G1383D,0.500"
X-2511,SIRPA,140885.0,Amp5,5.39
X-2511,SIRPG,55423.0,MutNovel,"G73A,1.000"
X-2511,SIRPG,55423.0,MutNovel,"M34V,1.000"
X-2511,SLC12A4,6560.0,MutNovel,"A567V,0.535"
X-2511,SLC12A4,6560.0,MutNovel,"S54L,0.206"
X-2511,SLC12A5,57468.0,Amp5,7.36
X-2511,SLC13A3,64849.0,Amp5,7.36
X-2511,SLC17A9,63910.0,Amp5,5.43
X-2511,SLC22A17,51310.0,Amp5,5.5
X-2511,SLC29A1,2030.0,Amp5,7.94
X-2511,SLC2A10,81031.0,MutNovel,"G96N,0.726"
X-2511,SLC2A10,81031.0,Amp5,7.36
X-2511,SLC2A4RG,56731.0,Amp5,5.43
X-2511,SLC32A1,140679.0,Amp5,5.94
X-2511,SLC35B2,347734.0,Amp5,7.94
X-2511,SLC35C1,55343.0,MutNovel,"SF167S,0.704"
X-2511,SLC35C2,51006.0,Amp5,7.36
X-2511,SLC35D2,11046.0,MutNovel,"P84S,0.560"
X-2511,SLC4A3,6508.0,MutNovel,"P701L,1.000"
X-2511,SLC5A3,6526.0,MutNovel,"P560L,0.653"
X-2511,SLC7A8,23428.0,Amp5,5.5
X-2511,SLC9A1,6548.0,MutNovel,"S18F,0.523"
X-2511,SLC9A8,23315.0,Amp5,7.11
X-2511,SLCO4A1,28231.0,Amp5,5.43
X-2511,SLIT2,9353.0,MutNovel,"R1212W,0.992"
X-2511,SLMO2,51012.0,Amp5,6.63
X-2511,SLMO2-ATP5E,100533975.0,Amp5,6.63
X-2511,SLPI,6590.0,Amp5,7.36
X-2511,SMCHD1,23347.0,MutNovel,"P470F,0.628"
X-2511,SNAI1,6615.0,Amp5,7.11
X-2511,SND1,27044.0,MutNovel,"A813V,0.535"
X-2511,SNED1,25992.0,MutNovel,"P1089L,0.731"
X-2511,SNHG11,128439.0,Amp5,5.94
X-2511,SNORA39,677821.0,Amp5,5.94
X-2511,SNORA71A,26777.0,Amp5,5.94
X-2511,SNORA71B,26776.0,Amp5,5.94
X-2511,SNORA71C,677839.0,Amp5,5.94
X-2511,SNORA71D,677840.0,Amp5,5.94
X-2511,SNORD119,100113378.0,Amp5,6.59
X-2511,SNORD12,692057.0,Amp5,7.11
X-2511,SNORD12B,100113393.0,Amp5,7.11
X-2511,SNORD12C,26765.0,Amp5,7.11
X-2511,SNRNP200,23020.0,MutNovel,"R110W,0.637"
X-2511,SNRPB,6628.0,Amp5,6.59
X-2511,SNTB2,6645.0,MutNovel,"R275K,0.509"
X-2511,SNX21,90203.0,Amp5,7.36
X-2511,SOGA2,,MutNovel,"R368H,0.612"
X-2511,SON,6651.0,MutNovel,"P170S,0.495"
X-2511,SOX18,54345.0,Amp5,5.43
X-2511,SP140L,93349.0,MutNovel,"M448I,0.833"
X-2511,SPAG7,9552.0,MutNovel,"H169Y,0.222"
X-2511,SPAG9,9043.0,MutNovel,"L610F,0.551"
X-2511,SPATA2,9825.0,Amp5,7.11
X-2511,SPATA25,128497.0,Amp5,7.36
X-2511,SPATA5,166378.0,MutNovel,"L134F,1.000"
X-2511,SPATS1,221409.0,Amp5,7.94
X-2511,SPC24,147841.0,MutNovel,"E84K,0.435"
X-2511,SPEF2,79925.0,MutNovel,"R1415C,1.000"
X-2511,SPEG,10290.0,MutNovel,"G1916E,0.889"
X-2511,SPEN,23013.0,MutNovel,"R226W,0.492"
X-2511,SPG21,51324.0,MutNovel,"E120G,0.388"
X-2511,SPG7,6687.0,MutNovel,"D478N,0.420"
X-2511,SPIN1,10927.0,MutNovel,"E138K,0.362"
X-2511,SPINLW1,57119.0,Amp5,7.36
X-2511,SPINLW1-WFDC6,100526773.0,Amp5,7.36
X-2511,SPINT3,10816.0,Amp5,7.36
X-2511,SPINT4,391253.0,Amp5,7.36
X-2511,SPIRE1,56907.0,MutKnownFunctional,"R728*,0.702"
X-2511,SPO11,23626.0,Amp5,6.63
X-2511,SPPL2B,56928.0,MutNovel,"Q551R,0.497"
X-2511,SPRY1,10252.0,MutNovel,"S12L,1.000"
X-2511,SPTAN1,6709.0,MutNovel,"P1017L,0.668"
X-2511,SPTBN1,6711.0,MutNovel,"S1079F,0.658"
X-2511,SRBD1,55133.0,MutNovel,"E971K,0.519"
X-2511,SRC,6714.0,Amp5,5.94
X-2511,SRCAP,10847.0,MutNovel,"S2371F,0.558"
X-2511,SRMS,6725.0,Amp5,5.43
X-2511,SRSF6,6431.0,Amp5,5.94
X-2511,SS18L1,26039.0,Amp5,5.43
X-2511,SSBP4,170463.0,MutNovel,"A74T,0.565"
X-2511,SSC5D,284297.0,MutNovel,"E687K,1.000"
X-2511,STAG3,10734.0,MutNovel,"V104A,0.667"
X-2511,STAT6,6778.0,MutNovel,"S678F,0.337"
X-2511,STAU1,6780.0,Amp5,7.11
X-2511,STK25,10494.0,MutNovel,"P398L,0.320"
X-2511,STK35,140901.0,Amp5,6.59
X-2511,STK39,27347.0,MutNovel,"APVTAAAA18A,0.500"
X-2511,STK4,6789.0,Amp5,7.36
X-2511,STMN3,50861.0,Amp5,5.43
X-2511,STRBP,55342.0,MutNovel,"E304G,0.268"
X-2511,STRN3,29966.0,MutNovel,"D443N,0.336"
X-2511,STX16,8675.0,Amp5,6.63
X-2511,STXBP1,6812.0,MutNovel,"S80F,0.754"
X-2511,STXBP3,6814.0,MutNovel,"E352K,0.281"
X-2511,SULF2,55959.0,Amp5,7.36
X-2511,SUMO1P1,391257.0,Amp8,8.63
X-2511,SUMO3,6612.0,MutNovel,"S27F,0.502"
X-2511,SUPT5H,6829.0,MutNovel,"P846S,0.391"
X-2511,SUV420H2,84787.0,MutNovel,"A418V,1.000"
X-2511,SYCP2,10388.0,Amp5,6.63
X-2511,SYNGAP1,8831.0,MutNovel,"S861T,0.535"
X-2511,SYS1,90196.0,Amp5,7.36
X-2511,SYS1-DBNDD2,767557.0,Amp5,7.36
X-2511,TACC1,6867.0,MutNovel,"E107K,0.509"
X-2511,TAF4,6874.0,Amp5,5.43
X-2511,TAOK1,57551.0,MutNovel,"P925S,0.613"
X-2511,TARBP1,6894.0,MutNovel,"P1587S,0.586"
X-2511,TBC1D1,23216.0,MutNovel,"L756P,1.000"
X-2511,TBC1D2B,23102.0,MutNovel,"A8G,1.000"
X-2511,TBCD,6904.0,MutNovel,"S158F,0.593"
X-2511,TBP,6908.0,MutNovel,"-64Q,0.312"
X-2511,TBX18,9096.0,MutNovel,"I363M,1.000"
X-2511,TCEA2,6919.0,Amp5,5.43
X-2511,TCFL5,10732.0,Amp5,5.43
X-2511,TCTE1,202500.0,Amp5,7.94
X-2511,TDO2,6999.0,MutNovel,"R232K,1.000"
X-2511,TENC1,23371.0,MutNovel,"G777A,0.486"
X-2511,TET1,80312.0,MutNovel,"D1188N,0.778"
X-2511,TFAP2C,7022.0,Amp5,5.39
X-2511,TFR2,7036.0,MutNovel,"G668R,0.875"
X-2511,TGM2,7052.0,Amp5,5.94
X-2511,TGM3,7053.0,Amp5,6.59
X-2511,TGM6,343641.0,Amp5,6.59
X-2511,TH1L,51497.0,Amp5,6.63
X-2511,THADA,63892.0,MutKnownFunctional,"W1792*,0.263"
X-2511,THBS1,7057.0,MutNovel,"D180N,0.513"
X-2511,THTPA,79178.0,Amp5,5.5
X-2511,TMCC3,57458.0,MutNovel,"S272L,0.929"
X-2511,TMEM104,54868.0,MutNovel,"P266L,0.500"
X-2511,TMEM123,114908.0,Amp8,88.03
X-2511,TMEM133,83935.0,Amp8,38.59
X-2511,TMEM151B,441151.0,Amp5,7.94
X-2511,TMEM183A,92703.0,MutNovel,"F260L,0.817"
X-2511,TMEM189,387521.0,Amp5,7.11
X-2511,TMEM189-UBE2V1,387522.0,Amp5,7.11
X-2511,TMEM244,,MutNovel,"L18F,0.667"
X-2511,TMEM63B,55362.0,Amp5,7.94
X-2511,TMOD3,29766.0,MutNovel,"L21F,0.468"
X-2511,TMPO,7112.0,MutNovel,"P430S,0.286"
X-2511,TMPPE,643853.0,MutNovel,"A108T,0.750"
X-2511,TMUB1,83590.0,MutNovel,"P67L,0.422"
X-2511,TNFRSF6B,8771.0,Amp5,5.43
X-2511,TNNC2,7125.0,Amp5,7.36
X-2511,TOMM34,10953.0,Amp5,7.36
X-2511,TONSL,4796.0,MutNovel,"R544C,0.595"
X-2511,TOP1,7150.0,Amp5,5.94
X-2511,TOPBP1,11073.0,MutNovel,"F352Y,0.756"
X-2511,TOR1AIP1,26092.0,MutNovel,"S435F,0.279"
X-2511,TOX2,84969.0,Amp5,5.94
X-2511,TP53,7157.0,MutKnownFunctional,"R248W,0.981"
X-2511,TP53RK,112858.0,Amp5,7.36
X-2511,TP53TG5,27296.0,Amp5,7.36
X-2511,TPD52L2,7165.0,Amp5,5.43
X-2511,TPK1,27010.0,MutNovel,"P10L,0.938"
X-2511,TPTE2P3,220115.0,Del0.8,0.72
X-2511,TRAK1,22906.0,MutNovel,"E581K,0.674"
X-2511,TRAM1,23471.0,MutNovel,"L222F,0.385"
X-2511,TRIB1,10221.0,MutNovel,"G4N,0.476"
X-2511,TRIM5,85363.0,MutNovel,"P424S,0.571"
X-2511,TRIM56,81844.0,MutNovel,"P57L,0.406"
X-2511,TRIM66,9866.0,MutNovel,"E1008K,0.600"
X-2511,TRIO,7204.0,MutNovel,"S2455L,0.378"
X-2511,TRIP11,9321.0,MutNovel,"S285P,0.530"
X-2511,TRMT12,55039.0,MutNovel,"T388I,0.367"
X-2511,TRMT44,,MutNovel,"L718F,1.000"
X-2511,TRMT5,57570.0,MutNovel,"P32S,0.526"
X-2511,TRPC6,7225.0,Amp8,43.41
X-2511,TRPM8,79054.0,MutNovel,"W725R,1.000"
X-2511,TSC2,7249.0,MutNovel,"R1795C,0.472"
X-2511,TSC22D4,81628.0,MutNovel,"A119T,0.438"
X-2511,TSHZ2,128553.0,Amp8,8.63
X-2511,TSHZ3,57616.0,MutNovel,"L1045F,0.528"
X-2511,TSPYL1,7259.0,MutNovel,"V176VW,0.859"
X-2511,TSR3,,MutNovel,"P229L,0.455"
X-2511,TTC28,23331.0,MutNovel,"T2436I,0.267"
X-2511,TTC7A,57217.0,MutNovel,"A738T,0.357"
X-2511,TTF1,7270.0,MutNovel,"E703K,0.507"
X-2511,TTI1,9675.0,Amp5,5.94
X-2511,TTN,7273.0,MutNovel,"D16261N,0.333"
X-2511,TTPAL,79183.0,Amp5,7.36
X-2511,TUBB1,81027.0,MutNovel,"G82R,1.000"
X-2511,TUBB1,81027.0,Amp5,6.63
X-2511,TUBGCP5,114791.0,Del0.8,0.65
X-2511,TUT1,64852.0,MutNovel,"G138E,0.208"
X-2511,TYK2,7297.0,MutNovel,"H178Y,0.432"
X-2511,UBE2C,11065.0,Amp5,7.36
X-2511,UBE2V1,7335.0,Amp5,7.11
X-2511,UBR7,55148.0,MutNovel,"R98C,0.537"
X-2511,UCKL1,54963.0,Amp5,5.43
X-2511,UCKL1-AS1,100113386.0,Amp5,5.43
X-2511,ULK2,9706.0,MutNovel,"T826I,0.492"
X-2511,UNC93B1,81622.0,MutNovel,"R402W,0.574"
X-2511,UPF3A,65110.0,MutNovel,"E300K,1.000"
X-2511,UPF3A,65110.0,MutNovel,"G302E,1.000"
X-2511,USP19,10869.0,MutNovel,"F693L,0.301"
X-2511,USP49,25862.0,MutNovel,"G259D,0.692"
X-2511,UTP6,55813.0,MutNovel,"S545F,0.503"
X-2511,UTRN,7402.0,MutNovel,"S3309P,0.386"
X-2511,UTY,7404.0,MutNovel,"G1060R,0.286"
X-2511,UTY,7404.0,MutNovel,"LL1055GL,0.375"
X-2511,UTY,7404.0,MutNovel,"E1054L,0.375"
X-2511,UTY,7404.0,MutNovel,"C1052P,0.333"
X-2511,UTY,7404.0,MutNovel,"QA1050RL,0.400"
X-2511,UTY,7404.0,MutNovel,"Q1050K,0.400"
X-2511,UTY,7404.0,MutNovel,"V1048H,0.400"
X-2511,UTY,7404.0,MutKnownFunctional,"FV1040**,0.667"
X-2511,UTY,7404.0,MutNovel,"IF1039TV,0.667"
X-2511,UTY,7404.0,MutNovel,"C1038W,0.667"
X-2511,UTY,7404.0,MutNovel,"NY1026PD,1.000"
X-2511,UTY,7404.0,MutNovel,"W1025L,1.000"
X-2511,UTY,7404.0,MutNovel,"NS1023IL,1.000"
X-2511,UTY,7404.0,MutNovel,"PN1022GY,1.000"
X-2511,UTY,7404.0,MutNovel,"L1021P,1.000"
X-2511,UTY,7404.0,MutNovel,"L1019T,1.000"
X-2511,UTY,7404.0,MutNovel,"H1018S,1.000"
X-2511,UTY,7404.0,MutNovel,"FS1016QT,0.500"
X-2511,UTY,7404.0,MutNovel,"R1015F,0.333"
X-2511,UTY,7404.0,MutNovel,"F1013H,0.286"
X-2511,UTY,7404.0,MutNovel,"G1012W,0.286"
X-2511,UTY,7404.0,MutNovel,"P1010I,0.286"
X-2511,UTY,7404.0,MutNovel,"P1008Q,0.286"
X-2511,UTY,7404.0,MutNovel,"S1005L,0.500"
X-2511,UTY,7404.0,MutNovel,"S1004G,0.250"
X-2511,UTY,7404.0,MutNovel,"A1018T,0.250"
X-2511,UTY,7404.0,MutNovel,"R1015G,0.222"
X-2511,UTY,7404.0,MutNovel,"P1010L,0.300"
X-2511,UTY,7404.0,MutNovel,"P1010I,0.300"
X-2511,UTY,7404.0,MutNovel,"P1007L,0.300"
X-2511,UTY,7404.0,MutNovel,"N1006T,0.481"
X-2511,UTY,7404.0,MutNovel,"SL578WA,0.286"
X-2511,UTY,7404.0,MutNovel,"N571T,0.296"
X-2511,UTY,7404.0,MutNovel,"A351E,0.426"
X-2511,UTY,7404.0,MutKnownFunctional,"AA349A*,0.405"
X-2511,UTY,7404.0,MutNovel,"L335T,0.438"
X-2511,UTY,7404.0,MutNovel,"D333E,0.550"
X-2511,UTY,7404.0,MutNovel,"D333G,0.550"
X-2511,UTY,7404.0,MutNovel,"P331R,0.333"
X-2511,UTY,7404.0,MutNovel,"QP330PS,0.474"
X-2511,UTY,7404.0,MutKnownFunctional,"NQ329K*,0.462"
X-2511,UTY,7404.0,MutKnownFunctional,"YQ325*K,0.357"
X-2511,UTY,7404.0,MutNovel,"L324E,0.357"
X-2511,UTY,7404.0,MutNovel,"S289R,0.375"
X-2511,UTY,7404.0,MutNovel,"S320T,0.500"
X-2511,UTY,7404.0,MutKnownFunctional,"CS319*T,0.500"
X-2511,UTY,7404.0,MutNovel,"D316P,0.238"
X-2511,UTY,7404.0,MutNovel,"EA312DT,0.444"
X-2511,UTY,7404.0,MutNovel,"E312I,0.593"
X-2511,UTY,7404.0,MutNovel,"E312I,0.593"
X-2511,UTY,7404.0,MutNovel,"KS310RK,0.560"
X-2511,UTY,7404.0,MutKnownFunctional,"K310*,0.621"
X-2511,UTY,7404.0,MutKnownFunctional,"DK309V*,0.621"
X-2511,UTY,7404.0,MutNovel,"K296N,0.500"
X-2511,UTY,7404.0,MutNovel,"I294M,0.789"
X-2511,UTY,7404.0,MutNovel,"I294K,0.789"
X-2511,UTY,7404.0,MutNovel,"Y291F,0.789"
X-2511,UTY,7404.0,MutKnownFunctional,"G288*,0.727"
X-2511,UTY,7404.0,MutNovel,"Q282A,0.727"
X-2511,UTY,7404.0,MutNovel,"Q282A,0.727"
X-2511,UTY,7404.0,MutNovel,"SG280LC,0.706"
X-2511,UTY,7404.0,MutNovel,"DP277EA,0.667"
X-2511,UTY,7404.0,MutNovel,"A276E,0.733"
X-2511,UTY,7404.0,MutKnownFunctional,"A276*,0.733"
X-2511,UTY,7404.0,MutNovel,"S273P,0.765"
X-2511,UTY,7404.0,MutNovel,"S273P,0.765"
X-2511,UTY,7404.0,MutNovel,"Q271K,0.353"
X-2511,UTY,7404.0,MutNovel,"I267M,0.722"
X-2511,UTY,7404.0,MutNovel,"I267R,0.722"
X-2511,UTY,7404.0,MutNovel,"S264R,0.778"
X-2511,UTY,7404.0,MutNovel,"S264I,0.778"
X-2511,UTY,7404.0,MutNovel,"T261S,0.529"
X-2511,UTY,7404.0,MutNovel,"K259R,0.467"
X-2511,UTY,7404.0,MutNovel,"GD257EN,0.263"
X-2511,UTY,7404.0,MutNovel,"LV255PK,0.353"
X-2511,UTY,7404.0,MutNovel,"DL254VI,0.231"
X-2511,UTY,7404.0,MutNovel,"HN251QL,0.214"
X-2511,UTY,7404.0,MutNovel,"HH250QD,0.353"
X-2511,UTY,7404.0,MutNovel,"M249K,0.368"
X-2511,UTY,7404.0,MutKnownFunctional,"WM248*Q,0.368"
X-2511,UTY,7404.0,MutNovel,"W248R,0.250"
X-2511,UTY,7404.0,MutNovel,"L246S,0.263"
X-2511,UTY,7404.0,MutNovel,"QQ244HT,0.333"
X-2511,UTY,7404.0,MutNovel,"LQ243SA,0.250"
X-2511,UTY,7404.0,MutNovel,"VL242HM,0.261"
X-2511,UTY,7404.0,MutNovel,"T241C,0.238"
X-2511,UTY,7404.0,MutNovel,"Q237K,0.242"
X-2511,UTY,7404.0,MutNovel,"Q237K,0.242"
X-2511,UTY,7404.0,MutNovel,"N233T,0.206"
X-2511,UTY,7404.0,MutNovel,"Y225M,0.207"
X-2511,UTY,7404.0,MutNovel,"M173L,0.222"
X-2511,UTY,7404.0,MutNovel,"LM172RL,0.222"
X-2511,UTY,7404.0,MutNovel,"G171V,0.269"
X-2511,UTY,7404.0,MutNovel,"G171M,0.269"
X-2511,UTY,7404.0,MutNovel,"R169I,0.250"
X-2511,UTY,7404.0,MutNovel,"H167W,0.211"
X-2511,UTY,7404.0,MutNovel,"AK163VL,0.440"
X-2511,UTY,7404.0,MutNovel,"A163P,0.480"
X-2511,UTY,7404.0,MutNovel,"C161S,0.348"
X-2511,UTY,7404.0,MutNovel,"YV155WI,0.400"
X-2511,UTY,7404.0,MutNovel,"L154S,0.500"
X-2511,UTY,7404.0,MutNovel,"Q151H,0.522"
X-2511,UTY,7404.0,MutNovel,"YW123RR,0.737"
X-2511,UTY,7404.0,MutNovel,"D122L,0.714"
X-2511,UTY,7404.0,MutNovel,"QA120LN,0.625"
X-2511,UTY,7404.0,MutKnownFunctional,"LQ119F*,0.538"
X-2511,UTY,7404.0,MutNovel,"YS117LR,0.429"
X-2511,UTY,7404.0,MutKnownFunctional,"Y116*,0.533"
X-2511,UTY,7404.0,MutNovel,"Y116L,0.533"
X-2511,UTY,7404.0,MutNovel,"QR114RS,0.333"
X-2511,UTY,7404.0,MutKnownFunctional,"YQ113G*,0.308"
X-2511,UTY,7404.0,MutNovel,"SA111WQ,0.235"
X-2511,UTY,7404.0,MutNovel,"LS110TT,0.222"
X-2511,UTY,7404.0,MutNovel,"TV39CF,0.222"
X-2511,VAPB,9217.0,Amp5,6.63
X-2511,VARS,7407.0,MutNovel,"S881F,0.459"
X-2511,VAT1,10493.0,MutNovel,"T54I,0.519"
X-2511,VEGFA,7422.0,Amp5,5.62
X-2511,VILL,50853.0,MutNovel,"I830T,0.235"
X-2511,VIT,5212.0,MutNovel,"G176E,1.000"
X-2511,VPS37B,79720.0,MutNovel,"S256F,0.684"
X-2511,VSTM2L,128434.0,Amp5,5.94
X-2511,VWA7,80737.0,MutNovel,"P674L,0.625"
X-2511,WASF2,10163.0,MutNovel,"P398S,0.344"
X-2511,WASL,8976.0,MutNovel,"P323L,0.515"
X-2511,WBP1L,,MutNovel,"E350K,0.610"
X-2511,WDPCP,51057.0,MutNovel,"P387L,0.438"
X-2511,WDR67,93594.0,MutNovel,"L1046F,0.379"
X-2511,WDR69,164781.0,MutNovel,"V382I,1.000"
X-2511,WDR78,79819.0,MutNovel,"R424C,0.524"
X-2511,WFDC10A,140832.0,Amp5,7.36
X-2511,WFDC10B,280664.0,Amp5,7.36
X-2511,WFDC11,259239.0,Amp5,7.36
X-2511,WFDC12,128488.0,Amp5,7.36
X-2511,WFDC13,164237.0,Amp5,7.36
X-2511,WFDC2,10406.0,Amp5,7.36
X-2511,WFDC3,140686.0,MutNovel,"G62D,1.000"
X-2511,WFDC3,140686.0,Amp5,7.36
X-2511,WFDC5,149708.0,Amp5,7.36
X-2511,WFDC6,140870.0,Amp5,7.36
X-2511,WFDC8,90199.0,Amp5,7.36
X-2511,WFDC9,259240.0,Amp5,7.36
X-2511,WIPF2,147179.0,MutNovel,"P373S,0.480"
X-2511,WISP2,8839.0,Amp5,7.36
X-2511,WLS,79971.0,MutNovel,"P362L,0.788"
X-2511,WNK1,65125.0,MutNovel,"D2515N,0.351"
X-2511,XPNPEP3,63929.0,MutNovel,"E458K,0.605"
X-2511,YAP1,10413.0,Amp8,51.98
X-2511,YME1L1,10730.0,MutNovel,"T667I,0.359"
X-2511,YTHDF1,54915.0,Amp5,5.43
X-2511,YWHAB,7529.0,Amp5,7.36
X-2511,ZBP1,81030.0,Amp5,6.63
X-2511,ZBTB46,140685.0,Amp5,5.43
X-2511,ZC3H4,23211.0,MutNovel,"A3T,1.000"
X-2511,ZC3H7B,23264.0,MutNovel,"V306L,0.667"
X-2511,ZDHHC1,29800.0,MutNovel,"P235S,0.514"
X-2511,ZDHHC18,84243.0,MutNovel,"P223T,0.698"
X-2511,ZFAT,57623.0,MutNovel,"G553K,0.471"
X-2511,ZFHX2,85446.0,MutNovel,"G229K,0.643"
X-2511,ZFHX2,85446.0,Amp5,5.5
X-2511,ZFHX3,463.0,MutNovel,"P2650L,0.429"
X-2511,ZFHX4,79776.0,MutNovel,"S673F,1.000"
X-2511,ZFHX4,79776.0,MutKnownFunctional,"-2421?,0.867"
X-2511,ZFP64,55734.0,Amp5,7.11
X-2511,ZFYVE26,23503.0,MutNovel,"P1467L,0.528"
X-2511,ZFYVE9,9372.0,MutNovel,"N1305Y,0.246"
X-2511,ZG16B,124220.0,MutNovel,"R131W,0.600"
X-2511,ZGPAT,84619.0,Amp5,5.43
X-2511,ZHX3,23051.0,Amp5,5.94
X-2511,ZIC4,84107.0,MutNovel,"Y169H,0.600"
X-2511,ZKSCAN1,7586.0,MutNovel,"R508Q,0.425"
X-2511,ZMIZ1,57178.0,MutNovel,"S987F,0.285"
X-2511,ZMIZ2,83637.0,MutNovel,"P426T,0.489"
X-2511,ZMYM2,7750.0,MutNovel,"H365Y,1.000"
X-2511,ZMYND8,23613.0,Amp5,7.36
X-2511,ZNF100,163227.0,MutNovel,"F382Y,0.679"
X-2511,ZNF143,7702.0,MutNovel,"R397K,0.651"
X-2511,ZNF160,90338.0,MutKnownFunctional,"R752*,0.446"
X-2511,ZNF217,7764.0,Amp8,8.63
X-2511,ZNF219,51222.0,MutNovel,"QPP233P,0.381"
X-2511,ZNF276,92822.0,MutNovel,"R156K,0.486"
X-2511,ZNF287,57336.0,MutKnownFunctional,"Q721*,0.625"
X-2511,ZNF292,23036.0,MutNovel,"I371V,0.354"
X-2511,ZNF318,24149.0,MutNovel,"E1626K,0.390"
X-2511,ZNF334,55713.0,Amp5,7.36
X-2511,ZNF335,63925.0,Amp5,7.36
X-2511,ZNF343,79175.0,Amp5,6.59
X-2511,ZNF384,171017.0,MutNovel,"QQ514Q,0.460"
X-2511,ZNF396,252884.0,MutNovel,"S328L,1.000"
X-2511,ZNF420,147923.0,MutNovel,"S16F,0.303"
X-2511,ZNF461,92283.0,MutNovel,"H463Y,0.556"
X-2511,ZNF470,388566.0,MutNovel,"G505E,1.000"
X-2511,ZNF473,25888.0,MutKnownFunctional,"E401*,1.000"
X-2511,ZNF500,26048.0,MutNovel,"S220W,0.417"
X-2511,ZNF510,22869.0,MutNovel,"T669I,0.389"
X-2511,ZNF512B,57473.0,Amp5,5.43
X-2511,ZNF521,25925.0,MutNovel,"S568L,1.000"
X-2511,ZNF546,339327.0,MutNovel,"E725K,0.419"
X-2511,ZNF561,93134.0,MutNovel,"E62Q,1.000"
X-2511,ZNF609,23060.0,MutNovel,"S90F,0.447"
X-2511,ZNF618,114991.0,MutKnownFunctional,"Q172*,0.333"
X-2511,ZNF619,285267.0,MutNovel,"E224K,0.286"
X-2511,ZNF626,199777.0,MutNovel,"H447Y,1.000"
X-2511,ZNF696,79943.0,MutNovel,"P264L,0.684"
X-2511,ZNF697,90874.0,MutNovel,"P139L,0.600"
X-2511,ZNF780B,163131.0,MutNovel,"L344F,0.605"
X-2511,ZNF784,147808.0,MutNovel,"E17K,0.333"
X-2511,ZNF786,136051.0,MutNovel,"E701K,0.536"
X-2511,ZNF79,7633.0,MutKnownFunctional,"-472,0.725"
X-2511,ZNF812,729648.0,MutNovel,"A416S,1.000"
X-2511,ZNF812,729648.0,MutNovel,"G362E,1.000"
X-2511,ZNF827,152485.0,MutNovel,"S36F,1.000"
X-2511,ZNF831,128611.0,Amp5,6.63
X-2511,ZNF878,729747.0,MutNovel,"K202R,0.500"
X-2511,ZNF878,729747.0,MutNovel,"Y199C,0.600"
X-2511,ZNF880,400713.0,MutNovel,"R257Q,1.000"
X-2511,ZNF91,7644.0,MutNovel,"H904Y,0.528"
X-2511,ZNFX1,57169.0,Amp5,7.11
X-2511,ZNFX1-AS1,441951.0,Amp5,7.11
X-2511,ZNRF2,223082.0,MutNovel,"G64A,0.556"
X-2511,ZSWIM1,90204.0,Amp5,7.36
X-2511,ZSWIM3,140831.0,Amp5,7.36
X-2511,ZXDB,158586.0,MutNovel,"E122K,0.263"
X-2569,AARS,16.0,Amp5,5.21
X-2569,ABCA7,10347.0,MutNovel,"R1349W,0.556"
X-2569,ABCD1,215.0,Del0.8,0.77
X-2569,ACAD10,80724.0,Amp5,7.11
X-2569,ACOT8,10005.0,Amp5,7.41
X-2569,ACSL4,2182.0,Del0.8,0.8
X-2569,ACSS3,79611.0,Amp8,23.26
X-2569,ACTRT1,139741.0,Del0.8,0.78
X-2569,ADA,100.0,Amp5,7.41
X-2569,ADAMTS7,11173.0,MutNovel,"A1104-,0.614"
X-2569,ADNP,23394.0,Amp8,9.45
X-2569,AGAP2,116986.0,Amp8,16.45
X-2569,AGTR2,186.0,Del0.8,0.8
X-2569,AIFM1,9131.0,Del0.8,0.78
X-2569,AKAP14,158798.0,Del0.8,0.8
X-2569,AKAP6,9472.0,MutNovel,"L1810F,0.875"
X-2569,AKR1C2,1646.0,MutNovel,"S87C,0.250"
X-2569,AKR7A3,22977.0,MutNovel,"L247R,0.500"
X-2569,ALAS1,211.0,MutNovel,"D252E,0.600"
X-2569,ALG13,79868.0,Del0.8,0.8
X-2569,ALS2,57679.0,MutNovel,"Q1560E,0.303"
X-2569,AMDHD1,144193.0,Amp8,20.25
X-2569,AMELY,266.0,Del0.8,0.71
X-2569,AMMECR1,9949.0,Del0.8,0.8
X-2569,AMOT,154796.0,Del0.8,0.8
X-2569,ANK2,287.0,MutNovel,"M1349I,0.400"
X-2569,ANKRD10,55608.0,Del0.8,0.79
X-2569,ANKRD18B,441459.0,MutNovel,"N774S,1.000"
X-2569,ANKRD42,338699.0,MutNovel,"D331N,0.462"
X-2569,ANO4,121601.0,Del0.8,0.8
X-2569,APAF1,317.0,Del0.8,0.79
X-2569,APC2,10297.0,MutNovel,"T2077S,0.300"
X-2569,APCDD1L,164284.0,Amp8,10.13
X-2569,APLN,8862.0,Del0.8,0.78
X-2569,ARFGEF2,10564.0,Amp8,9.45
X-2569,ARHGAP36,158763.0,Del0.8,0.78
X-2569,ARHGAP4,393.0,MutNovel,"E432K,0.500"
X-2569,ARHGAP4,393.0,Del0.8,0.77
X-2569,ARHGEF6,9459.0,Del0.8,0.78
X-2569,ARHGEF7,8874.0,Del0.8,0.79
X-2569,ARL13A,392509.0,Del0.8,0.8
X-2569,ARMCX1,51309.0,Del0.8,0.8
X-2569,ARMCX2,9823.0,Del0.8,0.8
X-2569,ARMCX3,51566.0,Del0.8,0.8
X-2569,ARMCX4,100131755.0,Del0.8,0.8
X-2569,ARMCX5,64860.0,Del0.8,0.8
X-2569,ARMCX5-GPRASP2,100528062.0,Del0.8,0.8
X-2569,ARMCX6,54470.0,Del0.8,0.8
X-2569,ASB15,142685.0,Del0.8,0.77
X-2569,ASB8,140461.0,MutNovel,"R21H,0.250"
X-2569,ASTN1,460.0,MutNovel,"V1025L,0.600"
X-2569,ATG4A,115201.0,Del0.8,0.8
X-2569,ATMIN,23300.0,Amp5,5.17
X-2569,ATOH8,84913.0,MutNovel,"TP123T,0.583"
X-2569,ATP13A2,23400.0,MutNovel,"R161Q,0.413"
X-2569,ATP1B4,23439.0,Del0.8,0.8
X-2569,ATP2B1,490.0,Amp8,13.45
X-2569,ATP2B3,492.0,Del0.8,0.77
X-2569,ATP5E,514.0,Amp5,7.57
X-2569,ATP6AP1,537.0,Del0.8,0.77
X-2569,ATP9A,10079.0,Amp8,14.12
X-2569,ATXN2,6311.0,Amp8,16.56
X-2569,AVIL,10677.0,Amp8,16.45
X-2569,AVPR2,554.0,Del0.8,0.77
X-2569,B4GALT5,9334.0,Amp8,9.45
X-2569,BBS10,79738.0,Amp8,17.15
X-2569,BCAP31,10134.0,Del0.8,0.77
X-2569,BCAS1,8537.0,Amp8,11.39
X-2569,BCAS4,55653.0,Amp8,9.45
X-2569,BCL9,607.0,MutNovel,"P258L,0.259"
X-2569,BCMO1,53630.0,Amp5,5.17
X-2569,BCORL1,63035.0,Del0.8,0.78
X-2569,BCORP1,286554.0,Del0.8,0.27
X-2569,BEST3,144453.0,Amp8,19.56
X-2569,BEX1,55859.0,Del0.8,0.8
X-2569,BEX2,84707.0,Del0.8,0.8
X-2569,BEX4,56271.0,Del0.8,0.8
X-2569,BEX5,340542.0,Del0.8,0.8
X-2569,BGN,633.0,Del0.8,0.77
X-2569,BHLHB9,80823.0,Del0.8,0.8
X-2569,BMP8A,353500.0,MutNovel,"A140V,1.000"
X-2569,BPY2B,442867.0,Del0.8,0.59
X-2569,BRAP,8315.0,Amp8,25.11
X-2569,BRCC3,79184.0,Del0.8,0.77
X-2569,BRS3,680.0,Del0.8,0.78
X-2569,BTK,695.0,Del0.8,0.8
X-2569,C12orf56,115749.0,Amp8,15.14
X-2569,C12orf66,144577.0,Amp8,15.14
X-2569,C12orf74,338809.0,Del0.8,0.8
X-2569,C16orf46,123775.0,Amp5,5.17
X-2569,C16orf93,90835.0,MutNovel,"T42M,0.731"
X-2569,C17orf51,339263.0,MutKnownFunctional,"-34?,0.552"
X-2569,C1GALT1C1,29071.0,Del0.8,0.8
X-2569,C20orf111,51526.0,Amp5,5.66
X-2569,C20orf85,128602.0,Amp8,8.34
X-2569,C5orf65,389333.0,MutNovel,"P689Q,0.520"
X-2569,C9orf66,157983.0,Amp5,5.82
X-2569,CALB2,794.0,Amp5,5.21
X-2569,CAPN6,827.0,Del0.8,0.8
X-2569,CARKD,55739.0,Del0.8,0.79
X-2569,CARS2,79587.0,Del0.8,0.79
X-2569,CATSPER2,117155.0,MutNovel,"I229V,1.000"
X-2569,CBLN4,140689.0,Amp5,7.94
X-2569,CCDC160,347475.0,Del0.8,0.78
X-2569,CCDC38,120935.0,Amp8,20.25
X-2569,CCDC41,51134.0,Del0.8,0.8
X-2569,CCT2,10576.0,Amp8,19.56
X-2569,CD248,57124.0,MutKnownFunctional,"W397*,0.395"
X-2569,CD274,29126.0,Amp5,6.41
X-2569,CD40,958.0,Amp5,7.41
X-2569,CD40LG,959.0,Del0.8,0.78
X-2569,CDC42BPB,9578.0,MutNovel,"N904S,0.618"
X-2569,CDC42EP1,11135.0,MutNovel,"PAPAANPS253P,0.370"
X-2569,CDH1,999.0,Amp5,5.82
X-2569,CDH22,64405.0,Amp5,7.41
X-2569,CDH3,1001.0,Amp5,5.82
X-2569,CDH5,1003.0,Amp5,5.24
X-2569,CDK17,5128.0,Amp8,14.12
X-2569,CDK4,1019.0,Amp8,16.45
X-2569,CDY2A,9426.0,Del0.8,0.27
X-2569,CDY2A,9426.0,Del0.8,0.27
X-2569,CDY2B,203611.0,Del0.8,0.27
X-2569,CDY2B,203611.0,Del0.8,0.27
X-2569,CEBPB,1051.0,Amp8,9.45
X-2569,CENPI,2491.0,Del0.8,0.8
X-2569,CENPN,55839.0,Amp5,5.17
X-2569,CES1,1066.0,MutNovel,"A223V,0.667"
X-2569,CES1,1066.0,MutNovel,"E221G,0.667"
X-2569,CFP,5199.0,MutNovel,"M420L,1.000"
X-2569,CHD1,1105.0,Del0.8,0.78
X-2569,CHODL,140578.0,Amp5,6.36
X-2569,CHODL-AS1,54075.0,Amp5,5.5
X-2569,CHRDL1,91851.0,Del0.8,0.8
X-2569,CHST4,10164.0,Amp5,5.21
X-2569,CHTF8,54921.0,Amp5,5.82
X-2569,CIRH1A,84916.0,Amp5,5.82
X-2569,CLDN2,9075.0,Del0.8,0.8
X-2569,CLDN23,137075.0,MutNovel,"R237RKP,0.325"
X-2569,CLEC18A,348174.0,Amp5,5.21
X-2569,CLEC18C,283971.0,Amp5,5.21
X-2569,CLIC2,1193.0,Del0.8,0.77
X-2569,CLLU1,574028.0,Del0.8,0.8
X-2569,CLLU1OS,574016.0,Del0.8,0.8
X-2569,CMIP,80790.0,Amp5,5.17
X-2569,CNOT2,4848.0,Amp8,28.44
X-2569,COG4,25839.0,Amp5,5.21
X-2569,COG8,84342.0,Amp5,5.82
X-2569,COL4A1,1282.0,Del0.8,0.79
X-2569,COL4A2,1284.0,Del0.8,0.79
X-2569,COL4A5,1287.0,Del0.8,0.8
X-2569,COL4A6,1288.0,Del0.8,0.8
X-2569,COL6A3,1293.0,MutKnownFunctional,"-1227,1.000"
X-2569,CPM,1368.0,Amp8,29.04
X-2569,CPSF6,11052.0,Amp8,29.04
X-2569,CPZ,8532.0,MutNovel,"R19W,0.738"
X-2569,CRADD,8738.0,Del0.8,0.8
X-2569,CRAMP1L,57585.0,MutNovel,"R1235W,0.306"
X-2569,CRIPAK,285464.0,MutKnownFunctional,"-67,0.333"
X-2569,CRIPAK,285464.0,MutKnownFunctional,"-91,0.231"
X-2569,CROCC,9696.0,MutNovel,"E1032K,0.219"
X-2569,CRYBG3,,MutNovel,"G1096C,0.500"
X-2569,CRYBG3,,MutNovel,"T1100S,0.400"
X-2569,CSE1L,1434.0,Amp8,9.45
X-2569,CSRP2,1466.0,Amp8,8.63
X-2569,CSTF2,1478.0,Del0.8,0.8
X-2569,CT45A1,541466.0,Del0.8,0.78
X-2569,CT45A2,728911.0,Del0.8,0.78
X-2569,CT45A3,441519.0,Del0.8,0.78
X-2569,CT45A4,441520.0,Del0.8,0.78
X-2569,CT45A4,441520.0,Del0.8,0.78
X-2569,CT45A5,441521.0,Del0.8,0.78
X-2569,CT45A6,541465.0,Del0.8,0.78
X-2569,CT47A1,728096.0,Del0.8,0.78
X-2569,CT47A10,728036.0,Del0.8,0.78
X-2569,CT47A6,728062.0,Del0.8,0.78
X-2569,CT47A7,653282.0,Del0.8,0.78
X-2569,CT47B1,643311.0,Del0.8,0.78
X-2569,CTAG1B,1485.0,Del0.8,0.77
X-2569,CTAG1B,1485.0,Del0.8,0.77
X-2569,CTAG2,30848.0,Del0.8,0.77
X-2569,CTDSP2,10106.0,Amp8,16.45
X-2569,CTSA,5476.0,MutNovel,"L29-,0.202"
X-2569,CTSA,5476.0,Amp5,7.41
X-2569,CTSZ,1522.0,Amp5,5.03
X-2569,CUBN,8029.0,MutNovel,"I3189V,1.000"
X-2569,CUL4B,8450.0,Del0.8,0.8
X-2569,CXorf48,54967.0,MutNovel,"H86F,1.000"
X-2569,CXorf48,54967.0,MutNovel,"M52V,1.000"
X-2569,CXorf48,54967.0,Del0.8,0.78
X-2569,CXorf56,63932.0,Del0.8,0.8
X-2569,CXorf57,55086.0,Del0.8,0.8
X-2569,CXorf61,203413.0,Del0.8,0.8
X-2569,CXorf64,100130613.0,Del0.8,0.78
X-2569,CXorf68,100132963.0,Del0.8,0.77
X-2569,CXorf69,644538.0,Del0.8,0.78
X-2569,CYB5B,80777.0,Amp8,9.45
X-2569,CYP24A1,1591.0,Amp8,11.39
X-2569,CYP27A1,1593.0,MutNovel,"R188L,0.273"
X-2569,CYP27B1,1594.0,Amp8,16.45
X-2569,CYP2D6,1565.0,MutNovel,"G471R,0.667"
X-2569,CYS1,192668.0,MutNovel,"P87L,0.444"
X-2569,CYS1,192668.0,MutNovel,"V45L,0.500"
X-2569,D2HGDH,728294.0,MutNovel,"Q169L,0.277"
X-2569,DAZ1,1617.0,Del0.8,0.28
X-2569,DAZ2,57055.0,Del0.8,0.51
X-2569,DAZ3,57054.0,Del0.8,0.59
X-2569,DAZ4,57135.0,Del0.8,0.46
X-2569,DAZ4,57135.0,Del0.8,0.76
X-2569,DBNDD2,55861.0,Amp5,7.41
X-2569,DCAF12L1,139170.0,Del0.8,0.78
X-2569,DCAF12L2,340578.0,Del0.8,0.78
X-2569,DCX,1641.0,Del0.8,0.8
X-2569,DDX19A,55308.0,Amp5,5.21
X-2569,DDX19B,11269.0,Amp5,5.21
X-2569,DDX26B,203522.0,Del0.8,0.78
X-2569,DDX27,55661.0,Amp8,9.45
X-2569,DDX54,79039.0,MutNovel,"R657Q,0.776"
X-2569,DHRSX,207063.0,MutNovel,"R751H,1.000"
X-2569,DHRSX,207063.0,MutNovel,"L637F,0.833"
X-2569,DHRSX,207063.0,MutNovel,"M597V,0.900"
X-2569,DKC1,1736.0,Del0.8,0.77
X-2569,DKFZp686D0853,401613.0,Del0.8,0.8
X-2569,DNASE1L1,1774.0,Del0.8,0.77
X-2569,DNTTIP1,116092.0,Amp5,7.41
X-2569,DOCK11,139818.0,Del0.8,0.8
X-2569,DOCK8,81704.0,Amp5,5.82
X-2569,DOK5,55816.0,Amp8,13.36
X-2569,DPM1,8813.0,Amp8,9.45
X-2569,DRD4,1815.0,MutNovel,"A335G,1.000"
X-2569,DRP2,1821.0,Del0.8,0.8
X-2569,DSC2,1824.0,MutKnownFunctional,"-896?,0.294"
X-2569,DSC2,1824.0,MutNovel,"E210Q,0.444"
X-2569,DUSP6,1848.0,Amp8,11
X-2569,DUSP9,1852.0,Del0.8,0.77
X-2569,DUT,1854.0,MutNovel,"G87E,0.331"
X-2569,E2F7,144455.0,Amp5,6.06
X-2569,EEA1,8411.0,Del0.8,0.8
X-2569,EHMT2,10919.0,MutNovel,"S579-,0.312"
X-2569,EIF1AY,9086.0,Del0.8,0.31
X-2569,ELF4,2000.0,Del0.8,0.78
X-2569,ELK3,2004.0,Amp8,20.25
X-2569,ELMO2,63916.0,Amp5,7.41
X-2569,EMD,2010.0,Del0.8,0.77
X-2569,ENOX2,10495.0,Del0.8,0.78
X-2569,EPCAM,4072.0,MutNovel,"M115T,0.667"
X-2569,ESX1,80712.0,Del0.8,0.8
X-2569,EXOSC6,118460.0,Amp5,5.21
X-2569,EYA2,2139.0,Amp8,9.45
X-2569,F8,2157.0,Del0.8,0.77
X-2569,F8A1,8263.0,Del0.8,0.77
X-2569,F8A1,8263.0,Del0.8,0.77
X-2569,FABP5,2171.0,MutKnownFunctional,"Q5*,0.230"
X-2569,FAM122B,159090.0,Del0.8,0.78
X-2569,FAM122C,159091.0,Del0.8,0.78
X-2569,FAM127A,8933.0,Del0.8,0.78
X-2569,FAM127B,26071.0,Del0.8,0.78
X-2569,FAM127C,441518.0,Del0.8,0.78
X-2569,FAM149B1,317662.0,MutNovel,"D356E,1.000"
X-2569,FAM174B,400451.0,MutNovel,"R2C,0.647"
X-2569,FAM199X,139231.0,Del0.8,0.8
X-2569,FAM3A,60343.0,Del0.8,0.77
X-2569,FAM40B,57464.0,MutNovel,"E434Q,0.540"
X-2569,FAM41AY1,340618.0,Del0.8,0.27
X-2569,FAM41AY1,340618.0,Del0.8,0.27
X-2569,FAM45B,55855.0,Del0.8,0.78
X-2569,FAM50A,9130.0,Del0.8,0.77
X-2569,FAM58A,92002.0,Del0.8,0.77
X-2569,FAM65C,140876.0,Amp8,9.45
X-2569,FAM70A,55026.0,Del0.8,0.8
X-2569,FAM83G,644815.0,MutNovel,"R265Q,0.571"
X-2569,FBXO27,126433.0,MutNovel,"P92A,1.000"
X-2569,FER,2241.0,Del0.8,0.79
X-2569,FHAD1,114827.0,MutNovel,"Q1099E,1.000"
X-2569,FHL1,2273.0,Del0.8,0.78
X-2569,FITM2,128486.0,Amp5,7.41
X-2569,FLJ35024,401491.0,Amp5,5.66
X-2569,FLJ35946,503569.0,Del0.8,0.78
X-2569,FLNA,2316.0,Del0.8,0.77
X-2569,FOXD1,2297.0,MutNovel,"A88G,0.500"
X-2569,FOXK1,221937.0,MutNovel,"A68T,0.400"
X-2569,FOXL2,668.0,MutNovel,"A179G,0.846"
X-2569,FRG2,448831.0,MutNovel,"I15N,1.000"
X-2569,FRG2,448831.0,MutNovel,"S8P,0.833"
X-2569,FRMD7,90167.0,Del0.8,0.78
X-2569,FRS2,10818.0,Amp8,23.92
X-2569,FTSJD1,55783.0,Amp5,5.21
X-2569,FUK,197258.0,Amp5,5.21
X-2569,FUNDC2,65991.0,Del0.8,0.77
X-2569,G6PD,2539.0,Del0.8,0.77
X-2569,GAB3,139716.0,Del0.8,0.77
X-2569,GAGE2D,729408.0,MutNovel,"M96V,0.600"
X-2569,GALNT4,8693.0,Amp8,11
X-2569,GAN,8139.0,Amp5,5.17
X-2569,GCSH,2653.0,Amp5,5.17
X-2569,GDAP1L1,78997.0,Amp5,7.41
X-2569,GDI1,2664.0,Del0.8,0.77
X-2569,GFOD1,54438.0,MutKnownFunctional,"-104,0.625"
X-2569,GGNBP2,79893.0,MutNovel,"PLTVG113-,0.347"
X-2569,GINM1,,MutNovel,"V286L,0.639"
X-2569,GJC1,10052.0,MutNovel,"H327R,0.638"
X-2569,GLA,2717.0,Del0.8,0.8
X-2569,GLRA4,441509.0,Del0.8,0.8
X-2569,GLT8D2,83468.0,MutNovel,"L199P,0.508"
X-2569,GLUD2,2747.0,Del0.8,0.78
X-2569,GNAS-AS1,149775.0,Amp8,10.13
X-2569,GOLGA2,2801.0,MutNovel,"EEA714A,0.448"
X-2569,GOLGA3,2802.0,MutNovel,"S81R,0.273"
X-2569,GPC3,2719.0,Del0.8,0.78
X-2569,GPC4,2239.0,Del0.8,0.78
X-2569,GPR101,83550.0,Del0.8,0.78
X-2569,GPR112,139378.0,Del0.8,0.78
X-2569,GPR119,139760.0,Del0.8,0.78
X-2569,GPR37,2861.0,Del0.8,0.77
X-2569,GPRASP1,9737.0,Del0.8,0.8
X-2569,GPRASP2,114928.0,Del0.8,0.8
X-2569,GPSM1,26086.0,MutNovel,"V8L,0.482"
X-2569,GRIA3,2892.0,Del0.8,0.8
X-2569,GSTT1,2952.0,Del0.8,0.71
X-2569,GSTTP1,25774.0,Del0.8,0.71
X-2569,GTPBP6,8225.0,Amp5,6.02
X-2569,GUCY2F,2986.0,Del0.8,0.8
X-2569,H2AFB1,474382.0,Del0.8,0.77
X-2569,H2AFB1,474382.0,Del0.8,0.77
X-2569,H2BFM,286436.0,Del0.8,0.8
X-2569,H2BFWT,158983.0,Del0.8,0.8
X-2569,H2BFXP,767811.0,Del0.8,0.8
X-2569,H2BFXP,767811.0,Del0.8,0.8
X-2569,HAL,3034.0,Amp8,20.25
X-2569,HAS3,3038.0,Amp5,5.82
X-2569,HAUS7,55559.0,Del0.8,0.77
X-2569,HCFC1,3054.0,Del0.8,0.77
X-2569,HERC2,8924.0,MutNovel,"V2532M,1.000"
X-2569,HLA-DQB2,3120.0,MutNovel,"D162G,0.727"
X-2569,HLA-DRB5,3127.0,MutNovel,"A87V,1.000"
X-2569,HLA-DRB5,3127.0,MutNovel,"F55Y,1.000"
X-2569,HLA-DRB5,3127.0,MutNovel,"Y42F,1.000"
X-2569,HMGA2,8091.0,Amp8,9
X-2569,HMGB3,3149.0,MutNovel,"E192-,0.564"
X-2569,HNF4A,3172.0,Amp5,7.41
X-2569,HNRNPH2,3188.0,Del0.8,0.8
X-2569,HPRT1,3251.0,Del0.8,0.78
X-2569,HS6ST2,90161.0,Del0.8,0.78
X-2569,HSD17B2,3294.0,Amp5,5.17
X-2569,HSFY2,159119.0,Del0.8,0.27
X-2569,HSFY2,159119.0,Del0.8,0.27
X-2569,HTATSF1,27336.0,Del0.8,0.78
X-2569,HTR2C,3358.0,Del0.8,0.8
X-2569,HYAL4,23553.0,Del0.8,0.77
X-2569,HYALP1,26062.0,Del0.8,0.77
X-2569,HYDIN,54768.0,Amp5,5.21
X-2569,IDH3G,3421.0,Del0.8,0.77
X-2569,IGSF1,3547.0,Del0.8,0.78
X-2569,IKBIP,121457.0,Del0.8,0.79
X-2569,IKBKG,8517.0,Del0.8,0.77
X-2569,IL13RA1,3597.0,Del0.8,0.8
X-2569,IL13RA2,3598.0,Del0.8,0.8
X-2569,IL1RAPL2,26280.0,Del0.8,0.8
X-2569,IL34,146433.0,Amp5,5.21
X-2569,ING1,3621.0,Del0.8,0.79
X-2569,IQUB,154865.0,Del0.8,0.77
X-2569,IRAK1,3654.0,Del0.8,0.77
X-2569,IRS2,8660.0,Del0.8,0.79
X-2569,IRS4,8471.0,Del0.8,0.8
X-2569,ITGB4,3691.0,MutNovel,"E88Q,1.000"
X-2569,JPH2,57158.0,Amp5,5.24
X-2569,KANK1,23189.0,Amp5,5.31
X-2569,KCNB1,3745.0,Amp8,9.45
X-2569,KCNE1L,23630.0,Del0.8,0.8
X-2569,KCNG1,3755.0,Amp8,9.45
X-2569,KCNK15,60598.0,Amp5,7.41
X-2569,KCNMB4,27345.0,Amp8,32
X-2569,KCNS1,3787.0,Amp5,7.41
X-2569,KCNV2,169522.0,Amp5,5.66
X-2569,KDM5D,8284.0,Del0.8,0.27
X-2569,KIAA0020,9933.0,Amp5,5.66
X-2569,KIAA1210,57481.0,Del0.8,0.8
X-2569,KIF20B,9585.0,MutNovel,"L1062LKV,0.455"
X-2569,KLHL13,90293.0,Del0.8,0.8
X-2569,KRT13,3860.0,MutNovel,"S445C,0.398"
X-2569,KRT5,3852.0,MutNovel,"E170Q,0.484"
X-2569,KRT6A,3853.0,MutNovel,"E294K,0.507"
X-2569,KRT6C,286887.0,MutNovel,"Q346H,0.750"
X-2569,KRT81,3887.0,MutNovel,"A462V,0.636"
X-2569,L1CAM,3897.0,Del0.8,0.77
X-2569,LAGE3,8270.0,Del0.8,0.77
X-2569,LAMC2,3918.0,MutNovel,"R112K,0.571"
X-2569,LAMP2,3920.0,Del0.8,0.8
X-2569,LHFPL1,340596.0,Del0.8,0.8
X-2569,LIN7A,8825.0,Amp8,23.26
X-2569,LINC00086,399668.0,Del0.8,0.78
X-2569,LINC00087,644596.0,Del0.8,0.78
X-2569,LINC00346,283487.0,Del0.8,0.79
X-2569,LINC00494,284749.0,Amp8,9.45
X-2569,LIPF,8513.0,Amp5,5.17
X-2569,LIPJ,142910.0,Amp5,5.17
X-2569,LIPK,643414.0,Amp5,5.17
X-2569,LIPM,340654.0,Amp5,5.17
X-2569,LIPN,643418.0,Amp5,5.17
X-2569,LIX1,167410.0,Del0.8,0.78
X-2569,LMNB2,84823.0,MutNovel,"A19T,0.516"
X-2569,LMOD2,442721.0,Del0.8,0.77
X-2569,LMTK3,114783.0,MutNovel,"A1164S,1.000"
X-2569,LOC100128420,100128420.0,Del0.8,0.78
X-2569,LOC100129515,100129515.0,Del0.8,0.78
X-2569,LOC100129520,100129520.0,Del0.8,0.78
X-2569,LOC100129617,100129617.0,Amp5,5.17
X-2569,LOC100130776,100130776.0,Amp8,16.45
X-2569,LOC100130894,100130894.0,Amp5,5.21
X-2569,LOC100130921,,MutNovel,"R50G,0.667"
X-2569,LOC100131496,100131496.0,Amp8,9.45
X-2569,LOC100287482,100287482.0,MutNovel,"A39T,0.438"
X-2569,LOC100287765,100287765.0,Del0.8,0.8
X-2569,LOC100288332,,MutNovel,"L270V,0.429"
X-2569,LOC100289230,100289230.0,Del0.8,0.78
X-2569,LOC100289673,100289673.0,Del0.8,0.79
X-2569,LOC100505783,100505783.0,Amp5,7.41
X-2569,LOC100506083,100506083.0,Amp5,5.21
X-2569,LOC100506310,,MutNovel,"C527R,0.435"
X-2569,LOC100506757,100506757.0,Del0.8,0.78
X-2569,LOC100506844,100506844.0,Amp8,16.45
X-2569,LOC100507338,,MutNovel,"Y230C,0.636"
X-2569,LOC100507404,100507404.0,Del0.8,0.77
X-2569,LOC100507404,100507404.0,Del0.8,0.77
X-2569,LOC144486,144486.0,Del0.8,0.8
X-2569,LOC149773,149773.0,Amp8,10.13
X-2569,LOC154872,154872.0,Del0.8,0.77
X-2569,LOC284751,284751.0,Amp8,9.45
X-2569,LOC286437,286437.0,Del0.8,0.8
X-2569,LOC286467,286467.0,Del0.8,0.78
X-2569,LOC338758,338758.0,Amp8,16.45
X-2569,LOC340544,340544.0,Del0.8,0.8
X-2569,LOC391322,391322.0,Del0.8,0.71
X-2569,LOC442459,442459.0,Del0.8,0.8
X-2569,LOC643339,643339.0,Del0.8,0.8
X-2569,LOC643770,643770.0,Amp8,13.45
X-2569,LOC729176,729176.0,Amp5,6.73
X-2569,LOC79015,79015.0,Amp5,7.41
X-2569,LONRF3,79836.0,Del0.8,0.8
X-2569,LRCH2,57631.0,Del0.8,0.8
X-2569,LRP5,4041.0,MutNovel,"V46G,0.733"
X-2569,LRRC10,376132.0,Amp8,19.56
X-2569,LRRC8A,56262.0,MutNovel,"R417W,0.753"
X-2569,LRRC8E,80131.0,MutNovel,"E181R,0.769"
X-2569,LSR,51599.0,MutNovel,"G518GR,0.219"
X-2569,LTA4H,4048.0,Amp8,20.25
X-2569,LUZP4,51213.0,Del0.8,0.8
X-2569,LYZ,4069.0,Amp8,29.04
X-2569,MAGEA1,4100.0,Del0.8,0.77
X-2569,MAN2A1,4124.0,Del0.8,0.79
X-2569,MAN2A2,4122.0,MutNovel,"R53H,0.259"
X-2569,MAP7D3,79649.0,Del0.8,0.78
X-2569,MAPK13,5603.0,MutNovel,"E309Q,0.286"
X-2569,MAPKBP1,23005.0,MutNovel,"N161S,0.263"
X-2569,2014-03-09 00:00:00,92979.0,Amp8,16.45
X-2569,MARVELD3,91862.0,Amp5,5.21
X-2569,MATN4,8785.0,Amp5,7.41
X-2569,MBNL3,55796.0,Del0.8,0.78
X-2569,MCTS1,28985.0,Del0.8,0.8
X-2569,MDM2,4193.0,Amp8,24.08
X-2569,MECP2,4204.0,Del0.8,0.77
X-2569,MED16,10025.0,MutNovel,"M265L,0.301"
X-2569,MEGF8,1954.0,MutNovel,"S2756G,0.353"
X-2569,MEGF8,1954.0,MutNovel,"S2756G,0.412"
X-2569,METAP2,10988.0,Del0.8,0.73
X-2569,METTL1,4234.0,Amp8,16.45
X-2569,METTL21B,25895.0,Amp8,16.45
X-2569,MEX3D,399664.0,MutNovel,"F434L,0.660"
X-2569,MGC16121,84848.0,Del0.8,0.78
X-2569,MICAL1,64780.0,MutNovel,"V213I,0.556"
X-2569,MID2,11043.0,Del0.8,0.8
X-2569,MIR106A,406899.0,Del0.8,0.78
X-2569,MIR1184-1,100302111.0,Del0.8,0.77
X-2569,MIR1184-1,100302111.0,Del0.8,0.77
X-2569,MIR1251,100302289.0,Amp5,6.73
X-2569,MIR1256,100302155.0,Del0.8,0.8
X-2569,MIR1264,100302251.0,Del0.8,0.8
X-2569,MIR1277,100302214.0,Del0.8,0.8
X-2569,MIR1279,100302182.0,Amp8,29.04
X-2569,MIR1298,100302153.0,Del0.8,0.8
X-2569,MIR135A2,406926.0,Amp8,9.32
X-2569,MIR140,406932.0,Amp5,5.21
X-2569,MIR1538,100302119.0,Amp5,5.21
X-2569,MIR18B,574033.0,Del0.8,0.78
X-2569,MIR1911,100302222.0,Del0.8,0.8
X-2569,MIR1912,100302144.0,Del0.8,0.8
X-2569,MIR1972-1,100302243.0,Amp5,5.21
X-2569,MIR19B2,406981.0,Del0.8,0.78
X-2569,MIR20B,574032.0,Del0.8,0.78
X-2569,MIR26A2,407016.0,Amp8,16.45
X-2569,MIR296,407022.0,Amp8,10.13
X-2569,MIR298,100126296.0,Amp8,10.13
X-2569,MIR3194,100422889.0,Amp8,14.12
X-2569,MIR3202-1,100422987.0,Del0.8,0.77
X-2569,MIR3202-2,100422877.0,Del0.8,0.77
X-2569,MIR3616,100500814.0,Amp8,9.45
X-2569,MIR363,574031.0,Del0.8,0.78
X-2569,MIR3646,100500813.0,Amp5,7.41
X-2569,MIR3913-1,100500903.0,Amp8,19.56
X-2569,MIR3913-2,100500868.0,Amp8,19.56
X-2569,MIR3978,100616491.0,Del0.8,0.8
X-2569,MIR424,494336.0,Del0.8,0.78
X-2569,MIR4303,100422924.0,Amp8,9.32
X-2569,MIR4329,100423009.0,Del0.8,0.8
X-2569,MIR448,554212.0,Del0.8,0.8
X-2569,MIR450A1,554214.0,Del0.8,0.78
X-2569,MIR450A2,574505.0,Del0.8,0.78
X-2569,MIR450B,100126302.0,Del0.8,0.78
X-2569,MIR4699,100616133.0,Amp8,23.26
X-2569,MIR4720,100616150.0,Amp5,5.17
X-2569,MIR4756,100616225.0,Amp8,11.39
X-2569,MIR503,574506.0,Del0.8,0.78
X-2569,MIR542,664617.0,Del0.8,0.78
X-2569,MIR548C,693129.0,Amp8,15.14
X-2569,MIR548Z,100500856.0,Amp8,15.14
X-2569,MIR617,693202.0,Amp8,23.26
X-2569,MIR618,693203.0,Amp8,23.26
X-2569,MIR645,693230.0,Amp8,9.45
X-2569,MIR718,100313781.0,Del0.8,0.77
X-2569,MIR764,100313838.0,Del0.8,0.8
X-2569,MIR766,768218.0,Del0.8,0.8
X-2569,MIR92A2,407049.0,Del0.8,0.78
X-2569,MIR934,100126324.0,Del0.8,0.78
X-2569,MKRN7P,7686.0,Amp5,7.41
X-2569,MLXIP,22877.0,MutNovel,"G209R,0.275"
X-2569,MMGT1,93380.0,Del0.8,0.78
X-2569,MMP17,4326.0,MutNovel,"P24L,0.500"
X-2569,MMP28,79148.0,MutNovel,"C282R,0.600"
X-2569,MMP9,4318.0,Amp5,7.41
X-2569,MOCS3,27304.0,Amp8,9.45
X-2569,MORC4,79710.0,Del0.8,0.8
X-2569,MORF4L2,9643.0,Del0.8,0.8
X-2569,MOSPD1,56180.0,Del0.8,0.78
X-2569,MPHOSPH6,10200.0,Amp5,5.17
X-2569,MPP1,4354.0,Del0.8,0.77
X-2569,MRPL42,28977.0,Del0.8,0.8
X-2569,MRS2P2,729633.0,Amp8,10.56
X-2569,MST4,51765.0,Del0.8,0.78
X-2569,MTCP1,4515.0,Del0.8,0.77
X-2569,MTCP1NB,100272147.0,Del0.8,0.77
X-2569,MTSS1L,92154.0,Amp5,5.21
X-2569,MUC20,200958.0,MutNovel,"D40E,0.500"
X-2569,MUC20,200958.0,MutNovel,"P266S,1.000"
X-2569,MUM1L1,139221.0,Del0.8,0.8
X-2569,MVK,4598.0,MutNovel,"I185L,0.680"
X-2569,MXRA5,25878.0,MutNovel,"A2622V,1.000"
X-2569,MYF5,4617.0,Amp8,23.26
X-2569,MYF6,4618.0,Amp8,23.26
X-2569,MYO16,23026.0,Del0.8,0.79
X-2569,NAA10,8260.0,Del0.8,0.77
X-2569,NBPF10,100132406.0,MutNovel,"L3164V,0.321"
X-2569,NCKAP5L,57701.0,MutNovel,"SS300S,0.523"
X-2569,NCOA3,8202.0,Amp8,9.45
X-2569,NCOA5,57727.0,Amp5,7.41
X-2569,NCOR2,9612.0,MutNovel,"G1839GAAA,0.261"
X-2569,NCRNA00185,55410.0,Del0.8,0.27
X-2569,NDE1,54820.0,MutNovel,"R262W,0.610"
X-2569,NDUFA1,4694.0,Del0.8,0.8
X-2569,NDUFA5,4698.0,Del0.8,0.77
X-2569,NEDD1,121441.0,Amp8,9.85
X-2569,NEURL2,140825.0,Amp5,7.41
X-2569,NFAT5,10725.0,Amp5,5.21
X-2569,NFATC2,4773.0,Amp8,11.55
X-2569,NGFRAP1,27018.0,Del0.8,0.8
X-2569,NIP7,51388.0,Amp5,5.82
X-2569,NKAP,79576.0,Del0.8,0.8
X-2569,NKAPP1,158801.0,Del0.8,0.8
X-2569,NKRF,55922.0,Del0.8,0.8
X-2569,NLGN4Y,22829.0,Del0.8,0.76
X-2569,NOB1,28987.0,Amp5,5.21
X-2569,NOX1,27035.0,Del0.8,0.8
X-2569,NPEPL1,79716.0,Amp8,10.13
X-2569,NPIPL3,23117.0,MutNovel,"P845L,0.429"
X-2569,NQO1,1728.0,Amp5,5.21
X-2569,NR1H2,7376.0,MutNovel,"-173Q,0.841"
X-2569,NRK,203447.0,Del0.8,0.8
X-2569,NTN4,59277.0,Amp8,20.25
X-2569,NUBP1,4682.0,MutNovel,"E164K,0.333"
X-2569,NUDT4,11163.0,Del0.8,0.8
X-2569,NUMA1,4926.0,MutNovel,"C1367Y,0.739"
X-2569,NUP107,57122.0,Amp8,8.06
X-2569,NUP62CL,54830.0,Del0.8,0.8
X-2569,NXF2,56001.0,Del0.8,0.8
X-2569,NXF2,56001.0,Del0.8,0.8
X-2569,NXF2B,728343.0,Del0.8,0.8
X-2569,NXF2B,728343.0,Del0.8,0.8
X-2569,NXF3,56000.0,Del0.8,0.8
X-2569,NXF4,55999.0,Del0.8,0.8
X-2569,NXF5,55998.0,Del0.8,0.8
X-2569,NXPH4,11247.0,MutNovel,"M195MA,0.714"
X-2569,NXT2,55916.0,Del0.8,0.8
X-2569,OCRL,4952.0,Del0.8,0.78
X-2569,ODZ1,10178.0,Del0.8,0.78
X-2569,OPN1LW,5956.0,Del0.8,0.77
X-2569,OPN1MW,2652.0,Del0.8,0.77
X-2569,OR13H1,347468.0,Del0.8,0.78
X-2569,ORAI1,84876.0,MutNovel,"PP43-,0.895"
X-2569,OS9,10956.0,Amp5,5.86
X-2569,OSBPL8,114882.0,Amp8,17.15
X-2569,OTOGL,283310.0,Amp8,8.11
X-2569,PABPC1L,80336.0,Amp5,7.41
X-2569,PAK3,5063.0,Del0.8,0.8
X-2569,PARD6B,84612.0,Amp8,9.45
X-2569,PBLD,64081.0,MutKnownFunctional,"-13,0.909"
X-2569,PCDH11Y,83259.0,Del0.8,0.71
X-2569,PCDH19,57526.0,Del0.8,0.8
X-2569,PCDHB7,56129.0,MutNovel,"S568G,1.000"
X-2569,PCIF1,63935.0,Amp5,7.41
X-2569,PDF,64146.0,Amp5,5.82
X-2569,PDIA5,10954.0,MutNovel,"A423T,0.687"
X-2569,PDPR,55066.0,Amp5,5.21
X-2569,PDXDC2P,283970.0,Amp5,5.21
X-2569,PDZD4,57595.0,Del0.8,0.77
X-2569,PFDN4,5203.0,Amp8,11.39
X-2569,PGRMC1,10857.0,Del0.8,0.8
X-2569,PHF3,23469.0,MutNovel,"S1614C,0.393"
X-2569,PHF6,84295.0,Del0.8,0.78
X-2569,PHLDA1,22822.0,MutNovel,"QQ194Q,0.350"
X-2569,PHLDB3,653583.0,MutNovel,"EV58V,0.615"
X-2569,PHLPP2,23035.0,Amp5,5.21
X-2569,PI3,5266.0,Amp5,7.41
X-2569,PIGT,51604.0,Amp5,7.41
X-2569,PITPNM1,9600.0,MutNovel,"A1009T,0.746"
X-2569,PJA2,9867.0,Del0.8,0.79
X-2569,PKD1L2,114780.0,Amp5,5.17
X-2569,PKIG,11142.0,Amp5,7.41
X-2569,PKP1,5317.0,MutNovel,"D527H,0.292"
X-2569,PLAC1,10761.0,Del0.8,0.78
X-2569,PLCG2,5336.0,Amp5,5.17
X-2569,PLCXD1,55344.0,Amp5,6.02
X-2569,PLD5,200150.0,Del0.8,0.59
X-2569,PLEKHG7,440107.0,Del0.8,0.8
X-2569,PLP1,5354.0,Del0.8,0.8
X-2569,PLS3,5358.0,Del0.8,0.8
X-2569,PLTP,5360.0,Amp5,7.41
X-2569,PLXNA3,55558.0,Del0.8,0.77
X-2569,PLXNB3,5365.0,Del0.8,0.77
X-2569,PLXNC1,10154.0,Del0.8,0.8
X-2569,PM20D2,135293.0,MutNovel,"A134S,0.375"
X-2569,PMS2,5395.0,MutKnownFunctional,"-729,0.421"
X-2569,PMS2,5395.0,MutNovel,"T728A,0.600"
X-2569,PNCK,139728.0,Del0.8,0.77
X-2569,PNMA3,29944.0,Del0.8,0.77
X-2569,PNMA5,114824.0,Del0.8,0.77
X-2569,PNMA6A,84968.0,Del0.8,0.77
X-2569,PNMA6A,84968.0,Del0.8,0.77
X-2569,PNMA6C,100287428.0,Del0.8,0.77
X-2569,PNMA6D,100287466.0,Del0.8,0.77
X-2569,PNMA6D,100287466.0,Del0.8,0.77
X-2569,PNRC1,10957.0,MutNovel,"P143L,0.353"
X-2569,POC1B,282809.0,Amp8,11
X-2569,POC1B-GALNT4,100528030.0,Amp8,11
X-2569,POLK,51426.0,MutNovel,"I716V,0.360"
X-2569,POLR2J2,246721.0,MutKnownFunctional,"R73*,0.833"
X-2569,POT1,25913.0,Del0.8,0.77
X-2569,PPP1R37,284352.0,MutNovel,"DS504-,0.551"
X-2569,PPP2R3B,28227.0,Amp5,6.02
X-2569,PPP2R3B-AS1,283981.0,Amp5,6.02
X-2569,PQLC2,54896.0,MutNovel,"I46V,0.476"
X-2569,PRDM15,63977.0,MutNovel,"SQPQAPP1481S,1.000"
X-2569,PREX1,57580.0,Amp8,9.45
X-2569,PRPS1,5631.0,Del0.8,0.8
X-2569,PRR12,57479.0,MutNovel,"A816V,0.941"
X-2569,PRY,9081.0,Del0.8,0.6
X-2569,PRY,9081.0,Del0.8,0.6
X-2569,PRY2,442862.0,Del0.8,0.6
X-2569,PRY2,442862.0,Del0.8,0.6
X-2569,PSMD10,5716.0,Del0.8,0.8
X-2569,PTGIS,5740.0,Amp8,9.45
X-2569,PTPN1,5770.0,Amp8,9.45
X-2569,PTPRB,5787.0,Amp8,15.67
X-2569,PTPRQ,374462.0,Amp8,19.29
X-2569,QRFPR,84109.0,MutNovel,"V70L,0.750"
X-2569,R3HDML,140902.0,Amp5,7.41
X-2569,RAB20,55647.0,Del0.8,0.79
X-2569,RAB22A,57403.0,Amp5,6.36
X-2569,RAB33A,9363.0,Del0.8,0.78
X-2569,RAB39B,116442.0,Del0.8,0.77
X-2569,RAB3IP,117177.0,Amp8,24.08
X-2569,RAB40A,142684.0,Del0.8,0.8
X-2569,RAB40AL,282808.0,Del0.8,0.8
X-2569,RAB9B,51209.0,Del0.8,0.8
X-2569,RAD9A,5883.0,MutNovel,"E342-,0.375"
X-2569,RAP2C,57826.0,Del0.8,0.78
X-2569,RASSF3,283349.0,Amp5,5.7
X-2569,RBM41,55285.0,Del0.8,0.8
X-2569,RBMX,27316.0,Del0.8,0.78
X-2569,RBMX2,51634.0,Del0.8,0.78
X-2569,RBMXL3,139804.0,Del0.8,0.8
X-2569,RBMY1B,378948.0,Del0.8,0.31
X-2569,RBMY1B,378948.0,Del0.8,0.31
X-2569,RBMY1E,378950.0,Del0.8,0.31
X-2569,RBMY1E,378950.0,Del0.8,0.31
X-2569,RBMY1F,159163.0,Del0.8,0.6
X-2569,RBMY1F,159163.0,Del0.8,0.6
X-2569,RBMY1J,378951.0,Del0.8,0.6
X-2569,RBMY1J,378951.0,Del0.8,0.6
X-2569,RBMY2EP,159125.0,Del0.8,0.31
X-2569,RBMY2FP,159162.0,Del0.8,0.6
X-2569,RBPJL,11317.0,Amp5,7.41
X-2569,RECQL4,9401.0,MutNovel,"P1058R,0.619"
X-2569,RENBP,5973.0,Del0.8,0.77
X-2569,RGAG1,57529.0,Del0.8,0.8
X-2569,RGMB,285704.0,Del0.8,0.78
X-2569,RHOXF1,158800.0,Del0.8,0.8
X-2569,RHOXF2B,727940.0,Del0.8,0.8
X-2569,RHOXF2B,727940.0,Del0.8,0.8
X-2569,RIMS4,140730.0,Amp5,7.41
X-2569,RIN3,79890.0,MutNovel,"G967-,0.241"
X-2569,RIOK2,55781.0,Del0.8,0.78
X-2569,RIPPLY1,92129.0,Del0.8,0.8
X-2569,RMST,196475.0,Amp5,7.89
X-2569,RNF113A,7737.0,Del0.8,0.8
X-2569,RNF114,55905.0,Amp8,9.45
X-2569,RNF128,79589.0,Del0.8,0.8
X-2569,RNF133,168433.0,Del0.8,0.77
X-2569,RNF148,378925.0,Del0.8,0.77
X-2569,ROCK1,6093.0,Del0.8,0.8
X-2569,RPL10,6134.0,Del0.8,0.77
X-2569,RPL14,9045.0,MutNovel,"TAAA149T,0.601"
X-2569,RPL36A,6173.0,Del0.8,0.8
X-2569,RPL36A-HNRNPH2,100529097.0,Del0.8,0.8
X-2569,RPL39,6170.0,Del0.8,0.8
X-2569,RPS4Y2,140032.0,Del0.8,0.31
X-2569,RPSAP52,204010.0,Amp8,22.16
X-2569,SAGE1,55511.0,Del0.8,0.78
X-2569,SALL4,57167.0,Amp8,14.12
X-2569,SASH3,54440.0,Del0.8,0.78
X-2569,SDC4,6385.0,Amp5,7.41
X-2569,SDR42E1,93517.0,Amp5,5.17
X-2569,SELO,83642.0,MutNovel,"A54G,1.000"
X-2569,SEMA6B,10501.0,MutNovel,"R372Q,0.327"
X-2569,SEMG1,6406.0,Amp5,7.41
X-2569,SEMG2,6407.0,Amp5,7.41
X-2569,2014-09-06 00:00:00,23157.0,Del0.8,0.8
X-2569,SERINC2,347735.0,MutNovel,"-373Q,0.336"
X-2569,SERINC3,10955.0,Amp5,7.41
X-2569,SERPINA7,6906.0,Del0.8,0.8
X-2569,SERPINB3,6317.0,Del0.8,0.4
X-2569,SERPINB4,6318.0,Del0.8,0.56
X-2569,SESN1,27244.0,MutNovel,"I531T,0.400"
X-2569,SF3B3,23450.0,Amp5,5.21
X-2569,SH2B3,10019.0,Amp5,6.54
X-2569,SH2D1A,4068.0,Del0.8,0.78
X-2569,SH3BGR,6450.0,MutNovel,"V188S,1.000"
X-2569,SHOX,6473.0,Amp5,6.02
X-2569,SLC10A3,8273.0,Del0.8,0.77
X-2569,SLC12A5,57468.0,Amp5,7.41
X-2569,SLC13A1,6561.0,Del0.8,0.77
X-2569,SLC13A3,64849.0,Amp8,8.4
X-2569,SLC15A3,51296.0,MutKnownFunctional,"-144,0.714"
X-2569,SLC25A14,9016.0,Del0.8,0.78
X-2569,SLC25A21,89874.0,MutNovel,"I114V,1.000"
X-2569,SLC25A3,5250.0,Del0.8,0.79
X-2569,SLC25A43,203427.0,Del0.8,0.8
X-2569,SLC25A46,91137.0,Del0.8,0.79
X-2569,SLC25A5,292.0,Del0.8,0.8
X-2569,SLC25A5-AS1,100303728.0,Del0.8,0.8
X-2569,SLC2A10,81031.0,Amp8,9.45
X-2569,SLC35C2,51006.0,Amp5,7.41
X-2569,SLC35E3,55508.0,Amp8,33.36
X-2569,SLC6A14,11254.0,Del0.8,0.8
X-2569,SLC6A8,6535.0,Del0.8,0.77
X-2569,SLC9A6,10479.0,Del0.8,0.78
X-2569,SLC9A7P1,121456.0,Amp8,13.45
X-2569,SLC9A8,23315.0,Amp8,9.45
X-2569,SLMO2,51012.0,Amp5,7.57
X-2569,SLMO2-ATP5E,100533975.0,Amp5,7.57
X-2569,SLPI,6590.0,Amp5,7.41
X-2569,SMARCA1,6594.0,Del0.8,0.78
X-2569,SMARCA2,6595.0,Amp5,5.66
X-2569,SMG1,23049.0,MutNovel,"S1358P,0.357"
X-2569,SMG1,23049.0,MutNovel,"G465S,0.500"
X-2569,SNAI1,6615.0,Amp8,9.45
X-2569,SNORA35,677816.0,Del0.8,0.8
X-2569,SNORA36A,677817.0,Del0.8,0.77
X-2569,SNORA53,677832.0,Del0.8,0.79
X-2569,SNORA56,677835.0,Del0.8,0.77
X-2569,SNORA69,26779.0,Del0.8,0.8
X-2569,SNORA70,26778.0,Del0.8,0.77
X-2569,SNORA70D,100379141.0,Amp5,5.21
X-2569,SNORD111,692214.0,Amp5,5.21
X-2569,SNORD111B,100113402.0,Amp5,5.21
X-2569,SNORD12,692057.0,Amp8,9.45
X-2569,SNORD12B,100113393.0,Amp8,9.45
X-2569,SNORD12C,26765.0,Amp8,9.45
X-2569,SNORD61,26787.0,Del0.8,0.78
X-2569,SNORD96B,692226.0,Del0.8,0.8
X-2569,SNRPF,6636.0,Amp8,20.25
X-2569,SNTB2,6645.0,Amp5,5.82
X-2569,SNX21,90203.0,Amp5,7.41
X-2569,SOCS2,8835.0,Del0.8,0.8
X-2569,SOWAHD,347454.0,Del0.8,0.8
X-2569,SOX1,6656.0,Del0.8,0.79
X-2569,SPACA7,122258.0,Del0.8,0.79
X-2569,SPAM1,6677.0,Del0.8,0.77
X-2569,SPATA2,9825.0,Amp8,9.45
X-2569,SPATA25,128497.0,Amp5,7.41
X-2569,SPEG,10290.0,MutNovel,"R1643L,0.593"
X-2569,SPINLW1,57119.0,Amp5,7.41
X-2569,SPINLW1-WFDC6,100526773.0,Amp5,7.41
X-2569,SPINT3,10816.0,Amp5,7.41
X-2569,SPINT4,391253.0,Amp5,7.41
X-2569,SPRR2D,6703.0,MutNovel,"Q4E,0.240"
X-2569,SPTY2D1,144108.0,MutNovel,"I101T,1.000"
X-2569,SRFBP1,153443.0,MutKnownFunctional,"-234?,0.333"
X-2569,SRPK3,26576.0,Del0.8,0.77
X-2569,SRPX2,27286.0,Del0.8,0.8
X-2569,SSR4,6748.0,Del0.8,0.77
X-2569,ST3GAL2,6483.0,Amp5,5.21
X-2569,STARD9,57519.0,MutNovel,"P1295L,0.571"
X-2569,STARD9,57519.0,MutNovel,"A3479V,0.375"
X-2569,STAU1,6780.0,Amp8,9.45
X-2569,STK4,6789.0,Amp5,7.41
X-2569,STX16,8675.0,Amp8,10.13
X-2569,SULF2,55959.0,Amp8,9.45
X-2569,SUMO1P1,391257.0,Amp8,11.39
X-2569,SYNM,23336.0,MutNovel,"EM844GL,0.500"
X-2569,SYS1,90196.0,Amp5,7.41
X-2569,SYS1-DBNDD2,767557.0,Amp5,7.41
X-2569,SYTL4,94121.0,Del0.8,0.8
X-2569,TAF7L,54457.0,Del0.8,0.8
X-2569,TAS2R16,50833.0,Del0.8,0.77
X-2569,TAT,6898.0,Amp5,5.21
X-2569,TAZ,6901.0,Del0.8,0.77
X-2569,TBC1D15,64786.0,Amp5,5.86
X-2569,TBC1D8B,54885.0,Del0.8,0.8
X-2569,TBK1,29110.0,Amp8,15.14
X-2569,TBL1Y,90665.0,Del0.8,0.71
X-2569,TCEAL1,9338.0,Del0.8,0.8
X-2569,TCEAL2,140597.0,Del0.8,0.8
X-2569,TCEAL3,85012.0,Del0.8,0.8
X-2569,TCEAL4,79921.0,Del0.8,0.8
X-2569,TCEAL5,340543.0,Del0.8,0.8
X-2569,TCEAL6,158931.0,Del0.8,0.8
X-2569,TCEAL7,56849.0,Del0.8,0.8
X-2569,TCEAL8,90843.0,Del0.8,0.8
X-2569,TCF7,6932.0,MutNovel,"IPGV68I,0.333"
X-2569,TCOF1,6949.0,MutNovel,"A99T,0.589"
X-2569,TDGF1P3,6998.0,Del0.8,0.8
X-2569,TERF2,7014.0,Amp5,5.82
X-2569,TEX13A,56157.0,Del0.8,0.8
X-2569,TEX13B,56156.0,Del0.8,0.8
X-2569,TEX28,1527.0,Del0.8,0.77
X-2569,TFDP3,51270.0,Del0.8,0.78
X-2569,THAP2,83591.0,Amp5,5.86
X-2569,THOC2,57187.0,Del0.8,0.8
X-2569,TIMM8A,1678.0,Del0.8,0.8
X-2569,TKTL1,8277.0,Del0.8,0.77
X-2569,TMCC3,57458.0,Del0.8,0.8
X-2569,TMCO7,79613.0,Amp5,5.82
X-2569,TMED6,146456.0,Amp5,5.82
X-2569,TMEM126B,55863.0,MutNovel,"R95H,0.568"
X-2569,TMEM129,92305.0,MutNovel,"Y112I,0.468"
X-2569,TMEM164,84187.0,Del0.8,0.8
X-2569,TMEM187,8269.0,Del0.8,0.77
X-2569,TMEM189,387521.0,Amp8,9.45
X-2569,TMEM189-UBE2V1,387522.0,Amp8,9.45
X-2569,TMEM19,55266.0,Amp5,5.86
X-2569,TMEM229A,730130.0,Del0.8,0.77
X-2569,TMEM232,642987.0,Del0.8,0.79
X-2569,TMEM245,,MutNovel,"D9E,1.000"
X-2569,TMEM31,203562.0,Del0.8,0.8
X-2569,TMEM35,59353.0,Del0.8,0.8
X-2569,TMEM43,79188.0,MutNovel,"E31K,0.268"
X-2569,TMLHE,55217.0,Del0.8,0.77
X-2569,TMPO,7112.0,Amp8,13.45
X-2569,TMPRSS15,5651.0,Amp5,6.36
X-2569,TMSB15A,11013.0,Del0.8,0.8
X-2569,TMSB15B,286527.0,Del0.8,0.8
X-2569,TNFSF13B,10673.0,Del0.8,0.79
X-2569,TNMD,64102.0,Del0.8,0.8
X-2569,TNNC2,7125.0,Amp5,7.41
X-2569,TNPO2,30000.0,MutNovel,"N715K,0.286"
X-2569,TNXB,7148.0,MutNovel,"M4002T,0.500"
X-2569,TOMM34,10953.0,Amp5,7.41
X-2569,TOX2,84969.0,Amp5,5.86
X-2569,TP53RK,112858.0,Amp8,9.45
X-2569,TP53TG5,27296.0,Amp5,7.41
X-2569,TPH2,121278.0,Amp5,5.58
X-2569,TRERF1,55809.0,MutNovel,"Q308H,0.750"
X-2569,TREX2,11219.0,Del0.8,0.77
X-2569,TRHDE,29953.0,Amp8,8.94
X-2569,TRMT13,,MutNovel,"K223M,0.778"
X-2569,TRMT2B,79979.0,Del0.8,0.8
X-2569,TRPC5,7224.0,Del0.8,0.8
X-2569,TSC22D3,1831.0,Del0.8,0.8
X-2569,TSFM,10102.0,Amp8,16.45
X-2569,TSHZ2,128553.0,Amp8,11.39
X-2569,TSNAXIP1,55815.0,MutNovel,"Y458C,0.682"
X-2569,TSPAN31,6302.0,Amp8,16.45
X-2569,TSPAN6,7105.0,Del0.8,0.8
X-2569,TSPY2,64591.0,Del0.8,0.71
X-2569,TSPYL1,7259.0,MutNovel,"V176VW,0.333"
X-2569,TTPAL,79183.0,Amp5,7.41
X-2569,TTTY10,246119.0,Del0.8,0.31
X-2569,TTTY13,83868.0,Del0.8,0.31
X-2569,TTTY14,83869.0,Del0.8,0.27
X-2569,TTTY17A,252949.0,Del0.8,0.59
X-2569,TTTY1B,100101116.0,Del0.8,0.71
X-2569,TTTY2,60439.0,Del0.8,0.71
X-2569,TTTY21,252953.0,Del0.8,0.71
X-2569,TTTY23,252955.0,Del0.8,0.71
X-2569,TTTY3,114760.0,Del0.8,0.28
X-2569,TTTY3,114760.0,Del0.8,0.25
X-2569,TTTY4,114761.0,Del0.8,0.59
X-2569,TTTY5,83863.0,Del0.8,0.6
X-2569,TTTY6,84672.0,Del0.8,0.6
X-2569,TTTY6,84672.0,Del0.8,0.6
X-2569,TTTY7,246122.0,Del0.8,0.71
X-2569,TTTY7B,100101120.0,Del0.8,0.71
X-2569,TTTY8,84673.0,Del0.8,0.71
X-2569,TTTY9A,83864.0,Del0.8,0.27
X-2569,TTTY9A,83864.0,Del0.8,0.27
X-2569,TUBB1,81027.0,Amp5,7.57
X-2569,TUBGCP3,10426.0,Del0.8,0.79
X-2569,TXLNG2P,246126.0,Del0.8,0.27
X-2569,UBE2A,7319.0,Del0.8,0.8
X-2569,UBE2C,11065.0,Amp5,7.41
X-2569,UBE2D2,7322.0,MutNovel,"K133M,0.537"
X-2569,UBE2N,7334.0,Del0.8,0.8
X-2569,UBE2V1,7335.0,Amp8,9.45
X-2569,UBL4A,8266.0,Del0.8,0.77
X-2569,UPF3B,65109.0,Del0.8,0.8
X-2569,USP26,83844.0,Del0.8,0.78
X-2569,USP44,84101.0,Del0.8,0.73
X-2569,UTP14A,10813.0,Del0.8,0.78
X-2569,UTP20,27340.0,MutNovel,"C959Y,1.000"
X-2569,UTY,7404.0,MutNovel,"P1010L,0.667"
X-2569,UTY,7404.0,MutNovel,"P1007L,0.667"
X-2569,UTY,7404.0,MutNovel,"T1005I,0.667"
X-2569,UTY,7404.0,MutNovel,"QF1002PT,0.750"
X-2569,UTY,7404.0,MutNovel,"HQ1001QK,0.600"
X-2569,UTY,7404.0,MutNovel,"H570E,0.500"
X-2569,UTY,7404.0,MutNovel,"GI568VD,0.500"
X-2569,UTY,7404.0,MutNovel,"G568R,0.600"
X-2569,UTY,7404.0,MutNovel,"T566S,0.600"
X-2569,UTY,7404.0,MutNovel,"V564H,0.600"
X-2569,UTY,7404.0,MutNovel,"RC380SS,0.667"
X-2569,UTY,7404.0,MutKnownFunctional,"SK378T*,0.667"
X-2569,UTY,7404.0,MutNovel,"R377L,1.000"
X-2569,UTY,7404.0,MutNovel,"A376L,1.000"
X-2569,UTY,7404.0,MutNovel,"N374L,1.000"
X-2569,UTY,7404.0,MutNovel,"YL372SA,1.000"
X-2569,UTY,7404.0,MutNovel,"CY371YN,1.000"
X-2569,UTY,7404.0,MutNovel,"K370F,1.000"
X-2569,UTY,7404.0,MutNovel,"I369C,1.000"
X-2569,UTY,7404.0,MutNovel,"QD366GH,1.000"
X-2569,UTY,7404.0,MutNovel,"P365R,1.000"
X-2569,UTY,7404.0,MutKnownFunctional,"NQ363S*,1.000"
X-2569,UTY,7404.0,MutNovel,"C362N,1.000"
X-2569,UTY,7404.0,MutNovel,"S361R,1.000"
X-2569,UTY,7404.0,MutKnownFunctional,"YE359Y*,1.000"
X-2569,UTY,7404.0,MutNovel,"LG355RS,1.000"
X-2569,UTY,7404.0,MutNovel,"DL354SL,1.000"
X-2569,UTY,7404.0,MutNovel,"M353R,1.000"
X-2569,UTY,7404.0,MutNovel,"IC339MS,1.000"
X-2569,UTY,7404.0,MutNovel,"Q328L,1.000"
X-2569,UTY,7404.0,MutNovel,"Q268K,1.000"
X-2569,UTY,7404.0,MutNovel,"A266S,1.000"
X-2569,UTY,7404.0,MutNovel,"DY122LN,0.667"
X-2569,UTY,7404.0,MutNovel,"QA120LN,0.667"
X-2569,UTY,7404.0,MutKnownFunctional,"LQ119F*,0.500"
X-2569,UTY,7404.0,MutNovel,"Y116L,0.500"
X-2569,UTY,7404.0,MutKnownFunctional,"YQ113G*,0.600"
X-2569,UTY,7404.0,MutNovel,"SA111WQ,0.600"
X-2569,UTY,7404.0,MutNovel,"LS110TT,0.750"
X-2569,VAC14,55697.0,Amp5,5.21
X-2569,VAPB,9217.0,Amp8,10.13
X-2569,VBP1,7411.0,Del0.8,0.77
X-2569,VCX,26609.0,MutNovel,"R50C,1.000"
X-2569,VCX,26609.0,MutNovel,"A70G,1.000"
X-2569,VCX3A,51481.0,MutNovel,"R50C,1.000"
X-2569,VCX3B,425054.0,MutNovel,"L224P,0.333"
X-2569,VCX3B,425054.0,MutNovel,"L234P,0.333"
X-2569,VEZT,55591.0,MutKnownFunctional,"-71?,0.312"
X-2569,VGLL1,51442.0,Del0.8,0.78
X-2569,VLDLR,7436.0,Amp5,5.66
X-2569,VPS13D,55187.0,MutNovel,"D1634H,0.500"
X-2569,VPS4A,27183.0,Amp5,5.82
X-2569,VSIG1,340547.0,Del0.8,0.8
X-2569,WASL,8976.0,Del0.8,0.77
X-2569,WBP5,51186.0,Del0.8,0.8
X-2569,WDR44,54521.0,Del0.8,0.8
X-2569,WFDC10A,140832.0,Amp5,7.41
X-2569,WFDC10B,280664.0,Amp5,7.41
X-2569,WFDC11,259239.0,Amp5,7.41
X-2569,WFDC12,128488.0,Amp5,7.41
X-2569,WFDC13,164237.0,Amp5,7.41
X-2569,WFDC2,10406.0,Amp5,7.41
X-2569,WFDC3,140686.0,Amp5,7.41
X-2569,WFDC5,149708.0,Amp5,7.41
X-2569,WFDC6,140870.0,Amp5,7.41
X-2569,WFDC8,90199.0,Amp5,7.41
X-2569,WFDC9,259240.0,Amp5,7.41
X-2569,WISP2,8839.0,Amp5,7.41
X-2569,WTIP,126374.0,MutNovel,"E70K,0.333"
X-2569,WWP2,11060.0,Amp5,5.21
X-2569,XIAP,331.0,Del0.8,0.8
X-2569,XKRX,402415.0,Del0.8,0.8
X-2569,XKRY2,353515.0,Del0.8,0.27
X-2569,XKRY2,353515.0,Del0.8,0.27
X-2569,XPNPEP2,7512.0,Del0.8,0.78
X-2569,XPOT,11260.0,Amp8,15.14
X-2569,XRCC6BP1,91419.0,Amp8,16.45
X-2569,YBX2,51087.0,MutNovel,"R282Q,0.500"
X-2569,YEATS4,8089.0,Amp8,29.04
X-2569,YWHAB,7529.0,Amp5,7.41
X-2569,ZBED6,100381270.0,MutNovel,"A82V,0.571"
X-2569,ZBTB12,221527.0,MutNovel,"S270P,0.429"
X-2569,ZBTB33,10009.0,Del0.8,0.8
X-2569,ZC3H18,124245.0,MutNovel,"QTR751Q,0.401"
X-2569,ZCCHC12,170261.0,Del0.8,0.8
X-2569,ZCCHC16,340595.0,Del0.8,0.8
X-2569,ZCCHC18,644353.0,Del0.8,0.8
X-2569,ZDHHC17,23390.0,Amp8,8.63
X-2569,ZDHHC9,51114.0,Del0.8,0.78
X-2569,ZFC3H1,196441.0,Amp5,5.86
X-2569,ZFP64,55734.0,Amp8,14.12
X-2569,ZFP92,139735.0,Del0.8,0.77
X-2569,ZMAT1,84460.0,Del0.8,0.8
X-2569,ZMYND8,23613.0,Amp8,9.45
X-2569,ZNF185,7739.0,Del0.8,0.77
X-2569,ZNF19,7567.0,Amp5,5.21
X-2569,ZNF217,7764.0,Amp8,11.39
X-2569,ZNF23,7571.0,Amp5,5.21
X-2569,ZNF275,10838.0,Del0.8,0.77
X-2569,ZNF280C,55609.0,Del0.8,0.78
X-2569,ZNF334,55713.0,Amp5,7.41
X-2569,ZNF335,63925.0,Amp5,7.41
X-2569,ZNF434,54925.0,MutNovel,"R363G,0.303"
X-2569,ZNF449,203523.0,Del0.8,0.78
X-2569,ZNF544,27300.0,MutNovel,"T711N,1.000"
X-2569,ZNF623,9831.0,MutKnownFunctional,"-536,0.292"
X-2569,ZNF732,654254.0,MutNovel,"A24D,1.000"
X-2569,ZNF750,79755.0,MutKnownFunctional,"K221*,1.000"
X-2569,ZNF75D,7626.0,Del0.8,0.78
X-2569,ZNFX1,57169.0,Amp8,9.45
X-2569,ZNFX1-AS1,441951.0,Amp8,9.45
X-2569,ZRANB1,54764.0,MutKnownFunctional,"-709?,0.568"
X-2569,ZSWIM1,90204.0,Amp5,7.41
X-2569,ZSWIM3,140831.0,Amp5,7.41
X-2569,ZXDA,7789.0,MutNovel,"P47L,1.000"
X-2592,ACOT1,641371.0,Del0.8,0.75
X-2592,ACTR5,79913.0,MutNovel,"S365N,0.734"
X-2592,ADAM6,8755.0,Amp5,5.03
X-2592,ADAMTS15,170689.0,MutNovel,"R483H,0.846"
X-2592,ADAMTS2,9509.0,MutNovel,"-24C,0.250"
X-2592,ADRBK1,156.0,MutNovel,"R386W,0.233"
X-2592,AFAP1,60312.0,MutNovel,"L36R,0.653"
X-2592,ANXA2P1,303.0,Amp8,11.16
X-2592,ARFIP1,27236.0,Amp8,11.16
X-2592,ARHGAP23,57636.0,MutNovel,"L24P,0.482"
X-2592,ASPN,54829.0,MutNovel,"E52VK,0.280"
X-2592,C19orf33,64073.0,MutNovel,"K100-,0.303"
X-2592,C21orf56,84221.0,MutNovel,"E14K,1.000"
X-2592,C4orf45,152940.0,Amp8,14.62
X-2592,C4orf46,201725.0,Amp8,14.62
X-2592,CDK11A,728642.0,Del0.8,0.32
X-2592,CDK11B,984.0,Del0.8,0.62
X-2592,CHID1,66005.0,MutNovel,"E217Q,0.684"
X-2592,CHST7,56548.0,MutNovel,"Q81E,1.000"
X-2592,COL6A3,1293.0,MutNovel,"V1710I,0.654"
X-2592,CTSO,1519.0,Amp8,14.93
X-2592,DCHS2,54798.0,Amp8,11.79
X-2592,DENND4B,9909.0,MutNovel,"QQQ908-,0.288"
X-2592,DHRS4L2,317749.0,MutNovel,"S7G,0.333"
X-2592,DHX16,8449.0,MutNovel,"T704S,1.000"
X-2592,DHX57,90957.0,MutNovel,"N460S,0.852"
X-2592,DKFZP434I0714,54553.0,Amp8,11.16
X-2592,DLG4,1742.0,MutNovel,"D526G,0.255"
X-2592,DLG5,9231.0,MutNovel,"G90S,0.543"
X-2592,EDEM3,80267.0,MutNovel,"A17G,0.432"
X-2592,EPSTI1,94240.0,MutNovel,"R76W,1.000"
X-2592,ETFDH,2110.0,Amp8,14.62
X-2592,EXOSC6,118460.0,MutNovel,"R135P,0.703"
X-2592,FAM111A,63901.0,MutKnownFunctional,"-261ADT?,0.242"
X-2592,FAM198B,51313.0,Amp8,14.62
X-2592,FAM200B,285550.0,MutNovel,"R203Q,0.308"
X-2592,FAM84B,157638.0,Amp8,11.71
X-2592,FBLN2,2199.0,MutNovel,"H1149Q,1.000"
X-2592,FBXW7,55294.0,Amp8,11.16
X-2592,FFAR3,2865.0,Del0.8,0.41
X-2592,FHDC1,85462.0,Amp8,11.16
X-2592,FNIP2,57600.0,Amp8,14.62
X-2592,FREM3,166752.0,Amp8,12.82
X-2592,GAB1,2549.0,Amp8,12.82
X-2592,GCSH,2653.0,MutNovel,"A18V,0.717"
X-2592,GIGYF2,26058.0,MutNovel,"PQ1231P,0.706"
X-2592,GJD3,125111.0,MutNovel,"H175Y,0.357"
X-2592,GLRB,2743.0,Amp8,14.62
X-2592,GOLGA8B,440270.0,MutNovel,"L359Q,1.000"
X-2592,GOLGA8J,,MutNovel,"E457D,1.000"
X-2592,GPRIN1,114787.0,MutNovel,"P418S,0.452"
X-2592,GRIA2,2891.0,Amp8,14.62
X-2592,GRK4,2868.0,MutNovel,"L479P,0.500"
X-2592,GUCY1A3,2982.0,Amp8,14.93
X-2592,GUCY1B3,2983.0,Amp8,14.93
X-2592,GUSBP5,441046.0,Amp8,12.82
X-2592,GYPA,2993.0,Amp8,12.91
X-2592,GYPB,2994.0,Amp8,12.91
X-2592,GYPE,2996.0,Amp8,12.91
X-2592,HIC1,3090.0,MutNovel,"P646S,0.519"
X-2592,HOMEZ,57594.0,MutNovel,"EDD537D,0.333"
X-2592,KAT6B,23522.0,MutNovel,"EEE1360-,0.256"
X-2592,KIAA0125,9834.0,Amp5,5.03
X-2592,KIAA0922,23240.0,Amp8,8.34
X-2592,KIF3B,9371.0,MutNovel,"Q567E,0.288"
X-2592,KRT13,3860.0,MutNovel,"T223A,1.000"
X-2592,KRT13,3860.0,MutNovel,"G84V,1.000"
X-2592,KRT16,3868.0,MutNovel,"A100G,0.308"
X-2592,KRT16,3868.0,MutNovel,"F94L,0.429"
X-2592,KRT16,3868.0,MutNovel,"S77RA,0.604"
X-2592,LIMK2,3985.0,MutNovel,"K279Q,0.214"
X-2592,LINC00226,338004.0,Amp5,6.77
X-2592,LOC100132396,100132396.0,Del0.8,0.79
X-2592,LOC340017,340017.0,Amp8,14.62
X-2592,LOC727677,727677.0,Amp8,11.71
X-2592,LRRC37A2,474170.0,MutNovel,"S369I,1.000"
X-2592,LSR,51599.0,MutNovel,"G518GR,0.768"
X-2592,MADCAM1,8174.0,MutNovel,"D242N,1.000"
X-2592,MAP4,4134.0,MutNovel,"N1121T,0.999"
X-2592,MAP9,79884.0,Amp8,14.93
X-2592,MAPK8IP3,23162.0,MutNovel,"L1034P,0.240"
X-2592,MCAM,4162.0,MutNovel,"S538T,0.926"
X-2592,MCTP1,79772.0,Del0.8,0.38
X-2592,MED15,51586.0,MutNovel,"-251Q,0.344"
X-2592,MEOX2,4223.0,MutNovel,"HH76H,0.460"
X-2592,MIR1204,100302185.0,Amp8,11.71
X-2592,MIR1205,100302161.0,Amp8,11.71
X-2592,MIR1206,100302170.0,Amp8,11.71
X-2592,MIR1207,100302175.0,Amp8,11.71
X-2592,MIR1208,100302281.0,Amp8,11.71
X-2592,MIR3140,100422896.0,Amp8,11.16
X-2592,MIR3688-1,100500881.0,Amp8,14.62
X-2592,MIR3688-2,100616303.0,Amp8,14.62
X-2592,MLYCD,23417.0,MutNovel,"T466A,0.711"
X-2592,MMP23A,8511.0,Del0.8,0.62
X-2592,MND1,84057.0,Amp8,11.16
X-2592,MPRIP,23164.0,MutNovel,"TS178T,0.256"
X-2592,MRGPRX1,259249.0,Del0.8,0.77
X-2592,MYC,4609.0,Amp8,11.71
X-2592,NBPF10,100132406.0,MutNovel,"G3070D,0.778"
X-2592,NCOR2,9612.0,MutNovel,"G1839GAAA,0.554"
X-2592,NEB,4703.0,MutNovel,"H8124Y,0.400"
X-2592,NFATC2,4773.0,MutNovel,"D690H,0.714"
X-2592,NLRX1,79671.0,MutNovel,"L679V,0.642"
X-2592,NOP16,51491.0,MutKnownFunctional,"-196?,0.218"
X-2592,NPEPPS,9520.0,MutKnownFunctional,"-917,0.466"
X-2592,NR1H2,7376.0,MutNovel,"-173Q,0.461"
X-2592,NSUN2,54888.0,MutNovel,"G2W,0.267"
X-2592,NUDT11,55190.0,MutKnownFunctional,"-1,0.474"
X-2592,OBSCN,84033.0,MutNovel,"P6301A,0.667"
X-2592,OPN1LW,5956.0,Del0.8,0.3
X-2592,OPN1MW,2652.0,Del0.8,0.3
X-2592,OR2T10,127069.0,Amp5,7.67
X-2592,OR4F5,79501.0,Del0.8,0.75
X-2592,OR52N1,79473.0,Del0.8,0.76
X-2592,OR52N5,390075.0,Del0.8,0.31
X-2592,ORAI1,84876.0,MutNovel,"PP43-,0.829"
X-2592,PAPSS2,9060.0,MutNovel,"R505W,0.425"
X-2592,PCAT1,100750225.0,Amp8,11.71
X-2592,PDE5A,8654.0,MutNovel,"L187Q,1.000"
X-2592,PDGFC,56034.0,Amp8,14.62
X-2592,PHLDA1,22822.0,MutNovel,"QQ194Q,0.492"
X-2592,PHLPP1,23239.0,MutNovel,"A136V,1.000"
X-2592,PIGN,23556.0,Del0.8,0.58
X-2592,PKP3,11187.0,MutNovel,"E473Q,0.268"
X-2592,PLEKHH3,79990.0,MutNovel,"-35GT,0.228"
X-2592,PLK5,126520.0,MutNovel,"P89L,0.750"
X-2592,POU5F1B,5462.0,Amp8,11.71
X-2592,PPID,5481.0,Amp8,14.62
X-2592,PRDM2,7799.0,MutNovel,"N578-,0.367"
X-2592,PRRC2A,7916.0,MutKnownFunctional,"R1050*,1.000"
X-2592,PSG1,5669.0,MutNovel,"I319M,1.000"
X-2592,PSG1,5669.0,MutNovel,"Y316D,1.000"
X-2592,PTK2B,2185.0,MutNovel,"G414V,0.571"
X-2592,PUS7,54517.0,MutNovel,"P532S,0.587"
X-2592,PVRL3,25945.0,MutNovel,"R464W,0.491"
X-2592,PVT1,5820.0,Amp8,11.71
X-2592,RAPGEF2,9693.0,Amp8,14.62
X-2592,RNF152,220441.0,Del0.8,0.29
X-2592,RNF175,285533.0,Amp8,11.79
X-2592,RPGR,6103.0,MutNovel,"I567F,1.000"
X-2592,RPL13P5,283345.0,Del0.8,0.65
X-2592,RPL8,6132.0,MutNovel,"N97I,0.997"
X-2592,RXFP1,59350.0,Amp8,14.62
X-2592,RYK,6259.0,MutNovel,"A50V,0.405"
X-2592,SART3,9733.0,MutNovel,"I332V,0.233"
X-2592,SERINC2,347735.0,MutNovel,"-373Q,0.651"
X-2592,SF1,7536.0,MutNovel,"PP608P,0.552"
X-2592,SFRP2,6423.0,Amp8,11.79
X-2592,SFSWAP,6433.0,MutNovel,"R855K,0.455"
X-2592,SLC2A10,81031.0,MutNovel,"M417R,0.406"
X-2592,SLC35E2,9906.0,Del0.8,0.32
X-2592,SLC37A3,84255.0,MutNovel,"R38Q,0.262"
X-2592,SLCO1B3,28234.0,MutKnownFunctional,"-68N?,0.750"
X-2592,SMARCA5,8467.0,Amp8,12.82
X-2592,SPSB2,84727.0,Del0.8,0.65
X-2592,SPTBN4,57731.0,MutNovel,"R1209H,0.667"
X-2592,SRP14,6727.0,MutNovel,"T133TQ,0.213"
X-2592,STK39,27347.0,MutNovel,"A27GP,0.556"
X-2592,TDO2,6999.0,Amp8,14.93
X-2592,TENC1,23371.0,MutNovel,"S1179-,0.962"
X-2592,TEX28,1527.0,Del0.8,0.3
X-2592,TIGD4,201798.0,Amp8,11.16
X-2592,TKTL1,8277.0,Del0.8,0.61
X-2592,TLR2,7097.0,Amp8,11.79
X-2592,TMEM144,55314.0,Amp8,14.62
X-2592,TMEM154,201799.0,Amp8,11.16
X-2592,TMEM191C,645426.0,MutNovel,"FY159F,0.263"
X-2592,TNRC18,84629.0,MutNovel,"T282S,0.500"
X-2592,TPI1,7167.0,Del0.8,0.65
X-2592,TRAF3,7187.0,MutNovel,"N311S,0.241"
X-2592,TRANK1,9881.0,MutNovel,"E1249K,1.000"
X-2592,TRIM2,23321.0,Amp8,11.16
X-2592,TRIO,7204.0,MutNovel,"R1643G,0.645"
X-2592,TSPY10,,MutNovel,"S275I,1.000"
X-2592,TSPY10,,MutNovel,"D277C,1.000"
X-2592,TSPY10,,MutNovel,"LC276PV,1.000"
X-2592,TSPY10,,MutNovel,"CK277WA,1.000"
X-2592,TSPY10,,MutNovel,"D279H,1.000"
X-2592,TSPY10,,MutNovel,"LW280PP,1.000"
X-2592,TSPY10,,MutNovel,"WR281CA,1.000"
X-2592,TSPY10,,MutNovel,"N283I,1.000"
X-2592,TSPY10,,MutNovel,"LQ285QE,1.000"
X-2592,TSPY10,,MutNovel,"Y287D,1.000"
X-2592,TSPY10,,MutKnownFunctional,"YK288*A,1.000"
X-2592,TSPY10,,MutNovel,"RM290TW,1.000"
X-2592,TSPY10,,MutNovel,"MK291IE,1.000"
X-2592,TSPY10,,MutNovel,"PP293GT,1.000"
X-2592,TSPY10,,MutNovel,"PE294HR,1.000"
X-2592,TSPY10,,MutNovel,"EG296DS,1.000"
X-2592,TSPY10,,MutNovel,"T298R,1.000"
X-2592,TSPY10,,MutNovel,"TS300LP,1.000"
X-2592,TSPYL1,7259.0,MutNovel,"V176VW,0.230"
X-2592,TSTA3,7264.0,Del0.8,0.69
X-2592,UGT2B17,7367.0,Del0.8,0.7
X-2592,UNKL,64718.0,MutNovel,"G456S,0.644"
X-2592,URB1,9875.0,MutNovel,"R1931K,1.000"
X-2592,USP36,57602.0,MutNovel,"KKK958K,0.688"
X-2592,USP38,84640.0,Amp8,12.82
X-2592,UTY,7404.0,MutNovel,"SH1075NA,0.250"
X-2592,UTY,7404.0,MutNovel,"G1073C,0.250"
X-2592,UTY,7404.0,MutNovel,"GI1070AG,0.250"
X-2592,UTY,7404.0,MutKnownFunctional,"S1068*,0.286"
X-2592,UTY,7404.0,MutNovel,"S1066T,0.375"
X-2592,UTY,7404.0,MutNovel,"GG1059VR,0.600"
X-2592,UTY,7404.0,MutNovel,"S1058Y,0.400"
X-2592,UTY,7404.0,MutNovel,"L1056S,0.333"
X-2592,UTY,7404.0,MutKnownFunctional,"QP1050P*,0.235"
X-2592,UTY,7404.0,MutNovel,"LQ1049NK,0.211"
X-2592,UTY,7404.0,MutKnownFunctional,"TQ1046C*,0.227"
X-2592,UTY,7404.0,MutNovel,"V1044K,0.211"
X-2592,UTY,7404.0,MutNovel,"MV1041IS,0.222"
X-2592,UTY,7404.0,MutNovel,"M1041Q,0.211"
X-2592,UTY,7404.0,MutNovel,"H1040Y,0.211"
X-2592,UTY,7404.0,MutNovel,"E1039V,0.263"
X-2592,UTY,7404.0,MutNovel,"E1039L,0.263"
X-2592,UTY,7404.0,MutNovel,"N1037Y,0.263"
X-2592,UTY,7404.0,MutNovel,"VE1034AI,0.278"
X-2592,UTY,7404.0,MutNovel,"LV1033SL,0.294"
X-2592,UTY,7404.0,MutNovel,"KT1031IL,0.294"
X-2592,UTY,7404.0,MutKnownFunctional,"TK1030T*,0.286"
X-2592,UTY,7404.0,MutKnownFunctional,"ST1029*C,0.308"
X-2592,UTY,7404.0,MutNovel,"F1028T,0.333"
X-2592,UTY,7404.0,MutNovel,"L1027Y,0.267"
X-2592,UTY,7404.0,MutNovel,"L1025G,0.250"
X-2592,UTY,7404.0,MutNovel,"LD1023FH,0.312"
X-2592,UTY,7404.0,MutKnownFunctional,"LK1021**,0.250"
X-2592,UTY,7404.0,MutNovel,"A1020H,0.286"
X-2592,UTY,7404.0,MutNovel,"G1019Q,0.231"
X-2592,UTY,7404.0,MutNovel,"G1016E,0.231"
X-2592,UTY,7404.0,MutNovel,"IR1014TG,0.300"
X-2592,UTY,7404.0,MutNovel,"V1013G,0.300"
X-2592,UTY,7404.0,MutNovel,"V1011S,0.357"
X-2592,UTY,7404.0,MutNovel,"KN1008NP,0.357"
X-2592,UTY,7404.0,MutNovel,"PK1007HQ,0.375"
X-2592,UTY,7404.0,MutNovel,"N1006P,0.375"
X-2592,UTY,7404.0,MutNovel,"CT1004YL,0.412"
X-2592,UTY,7404.0,MutNovel,"Q1002H,0.471"
X-2592,UTY,7404.0,MutNovel,"HQ1001QT,0.471"
X-2592,UTY,7404.0,MutNovel,"P968S,0.632"
X-2592,UTY,7404.0,MutNovel,"RP966SV,0.684"
X-2592,UTY,7404.0,MutNovel,"P965V,0.737"
X-2592,UTY,7404.0,MutNovel,"PP963LN,0.700"
X-2592,UTY,7404.0,MutNovel,"CP962TT,0.700"
X-2592,UTY,7404.0,MutNovel,"K961L,0.625"
X-2592,UTY,7404.0,MutNovel,"L959P,0.591"
X-2592,UTY,7404.0,MutNovel,"I957Y,0.500"
X-2592,UTY,7404.0,MutNovel,"SC955KI,0.476"
X-2592,UTY,7404.0,MutNovel,"NS954PR,0.450"
X-2592,UTY,7404.0,MutKnownFunctional,"S953*,0.476"
X-2592,UTY,7404.0,MutNovel,"GL951FM,0.455"
X-2592,UTY,7404.0,MutNovel,"PG947SS,0.375"
X-2592,UTY,7404.0,MutNovel,"N946T,0.333"
X-2592,UTY,7404.0,MutNovel,"M556I,0.438"
X-2592,UTY,7404.0,MutNovel,"QQ554HS,0.467"
X-2592,UTY,7404.0,MutNovel,"V551T,0.438"
X-2592,UTY,7404.0,MutNovel,"FV550YI,0.471"
X-2592,UTY,7404.0,MutNovel,"F550N,0.529"
X-2592,UTY,7404.0,MutNovel,"F550N,0.529"
X-2592,UTY,7404.0,MutNovel,"SQ548AK,0.526"
X-2592,UTY,7404.0,MutNovel,"LE546FS,0.333"
X-2592,UTY,7404.0,MutNovel,"EQ544DL,0.600"
X-2592,UTY,7404.0,MutNovel,"E544S,0.562"
X-2592,UTY,7404.0,MutNovel,"QL542RL,0.550"
X-2592,UTY,7404.0,MutNovel,"H541Y,0.550"
X-2592,UTY,7404.0,MutNovel,"W352R,0.583"
X-2592,UTY,7404.0,MutNovel,"A351E,0.636"
X-2592,UTY,7404.0,MutKnownFunctional,"AA349A*,0.636"
X-2592,UTY,7404.0,MutNovel,"HA348PT,0.636"
X-2592,UTY,7404.0,MutNovel,"L344C,0.500"
X-2592,UTY,7404.0,MutNovel,"QL343HW,0.625"
X-2592,UTY,7404.0,MutKnownFunctional,"YI338*V,0.400"
X-2592,UTY,7404.0,MutNovel,"A337G,0.667"
X-2592,UTY,7404.0,MutKnownFunctional,"A337*,0.667"
X-2592,UTY,7404.0,MutNovel,"L335T,0.667"
X-2592,UTY,7404.0,MutNovel,"D333E,0.750"
X-2592,UTY,7404.0,MutNovel,"M332P,0.667"
X-2592,UTY,7404.0,MutNovel,"Q326P,1.000"
X-2592,UTY,7404.0,MutNovel,"G322D,0.600"
X-2592,UTY,7404.0,MutNovel,"G322C,0.333"
X-2592,UTY,7404.0,MutNovel,"I321R,0.500"
X-2592,UTY,7404.0,MutNovel,"CS319ST,0.800"
X-2592,UTY,7404.0,MutNovel,"TW317NL,0.800"
X-2592,UTY,7404.0,MutNovel,"T317S,0.750"
X-2592,UTY,7404.0,MutNovel,"SA314RK,0.600"
X-2592,UTY,7404.0,MutNovel,"AS313VH,0.500"
X-2592,UTY,7404.0,MutNovel,"EA312DT,0.375"
X-2592,UTY,7404.0,MutNovel,"E312I,0.500"
X-2592,UTY,7404.0,MutNovel,"E312I,0.500"
X-2592,UTY,7404.0,MutNovel,"KS310RK,0.333"
X-2592,UTY,7404.0,MutKnownFunctional,"K310*,0.556"
X-2592,UTY,7404.0,MutKnownFunctional,"DK309V*,0.556"
X-2592,UTY,7404.0,MutNovel,"AF300VV,0.375"
X-2592,UTY,7404.0,MutNovel,"A300V,0.500"
X-2592,UTY,7404.0,MutNovel,"A300F,0.500"
X-2592,UTY,7404.0,MutNovel,"DA299VS,0.500"
X-2592,UTY,7404.0,MutNovel,"Q298T,0.444"
X-2592,UTY,7404.0,MutNovel,"KV296SL,0.286"
X-2592,UTY,7404.0,MutKnownFunctional,"YS291*K,0.400"
X-2592,UTY,7404.0,MutKnownFunctional,"Y291*,0.600"
X-2592,UTY,7404.0,MutNovel,"CY290WL,0.600"
X-2592,UTY,7404.0,MutNovel,"C290N,0.400"
X-2592,UTY,7404.0,MutNovel,"EA275DC,0.333"
X-2592,UTY,7404.0,MutNovel,"E275A,0.429"
X-2592,UTY,7404.0,MutNovel,"Q268K,0.333"
X-2592,UTY,7404.0,MutNovel,"T261R,0.429"
X-2592,UTY,7404.0,MutNovel,"D258V,0.429"
X-2592,UTY,7404.0,MutNovel,"V256E,0.429"
X-2592,UTY,7404.0,MutNovel,"D254I,0.500"
X-2592,UTY,7404.0,MutNovel,"H251L,0.429"
X-2592,UTY,7404.0,MutNovel,"M249R,0.500"
X-2592,UTY,7404.0,MutNovel,"WM248SG,0.500"
X-2592,UTY,7404.0,MutNovel,"L243R,0.375"
X-2592,UTY,7404.0,MutNovel,"TV241NR,0.333"
X-2592,UTY,7404.0,MutNovel,"AT240QP,0.375"
X-2592,UTY,7404.0,MutNovel,"K239A,0.375"
X-2592,UTY,7404.0,MutNovel,"QV237HL,0.375"
X-2592,UTY,7404.0,MutNovel,"LP234GT,0.250"
X-2592,UTY,7404.0,MutNovel,"Q230H,0.231"
X-2592,UTY,7404.0,MutNovel,"Q230S,0.231"
X-2592,UTY,7404.0,MutKnownFunctional,"EQ226D*,0.250"
X-2592,UTY,7404.0,MutNovel,"K181T,0.267"
X-2592,UTY,7404.0,MutNovel,"T178L,0.214"
X-2592,UTY,7404.0,MutNovel,"N177H,0.214"
X-2592,UTY,7404.0,MutNovel,"FK174LL,0.231"
X-2592,UTY,7404.0,MutNovel,"M173I,0.250"
X-2592,UTY,7404.0,MutNovel,"M173P,0.250"
X-2592,UTY,7404.0,MutNovel,"GL171IF,0.231"
X-2592,UTY,7404.0,MutNovel,"RL169VF,0.500"
X-2592,UTY,7404.0,MutNovel,"L168R,0.455"
X-2592,UTY,7404.0,MutNovel,"IH166KC,0.333"
X-2592,UTY,7404.0,MutNovel,"EI165VF,0.286"
X-2592,UTY,7404.0,MutNovel,"K164L,0.333"
X-2592,UTY,7404.0,MutNovel,"K164Q,0.500"
X-2592,UTY,7404.0,MutKnownFunctional,"CR161C*,0.625"
X-2592,UTY,7404.0,MutNovel,"S159C,0.364"
X-2592,UTY,7404.0,MutNovel,"VD156EY,0.625"
X-2592,UTY,7404.0,MutKnownFunctional,"Y155*,0.600"
X-2592,UTY,7404.0,MutNovel,"Y155W,0.600"
X-2592,UTY,7404.0,MutNovel,"L154F,0.556"
X-2592,UTY,7404.0,MutNovel,"QD151LC,0.545"
X-2592,UTY,7404.0,MutNovel,"FQ150LK,0.500"
X-2592,UTY,7404.0,MutNovel,"A149S,0.455"
X-2592,UTY,7404.0,MutNovel,"W145R,0.667"
X-2592,UTY,7404.0,MutNovel,"F138L,0.538"
X-2592,UTY,7404.0,MutNovel,"V136N,0.500"
X-2592,UTY,7404.0,MutNovel,"GL134VP,0.357"
X-2592,UTY,7404.0,MutNovel,"G134C,0.500"
X-2592,UTY,7404.0,MutNovel,"G134C,0.500"
X-2592,UTY,7404.0,MutKnownFunctional,"YG131*L,0.533"
X-2592,UTY,7404.0,MutNovel,"L130S,0.462"
X-2592,UTY,7404.0,MutNovel,"AF128GG,0.462"
X-2592,UTY,7404.0,MutNovel,"AA127KT,0.538"
X-2592,UTY,7404.0,MutNovel,"N126R,0.385"
X-2592,UTY,7404.0,MutNovel,"Y116H,0.667"
X-2592,UTY,7404.0,MutNovel,"SR51RT,0.632"
X-2592,UTY,7404.0,MutNovel,"AL45RI,0.619"
X-2592,UTY,7404.0,MutNovel,"RE43IL,0.619"
X-2592,UTY,7404.0,MutNovel,"V40A,0.211"
X-2592,UTY,7404.0,MutNovel,"V40F,0.389"
X-2592,UTY,7404.0,MutNovel,"T39C,0.556"
X-2592,UTY,7404.0,MutNovel,"SL37IW,0.438"
X-2592,UTY,7404.0,MutNovel,"V36E,0.412"
X-2592,UTY,7404.0,MutNovel,"E34G,0.357"
X-2592,UTY,7404.0,MutNovel,"E33G,0.278"
X-2592,UTY,7404.0,MutNovel,"EE32AW,0.278"
X-2592,UTY,7404.0,MutKnownFunctional,"SE31S*,0.348"
X-2592,UTY,7404.0,MutNovel,"E30V,0.250"
X-2592,UTY,7404.0,MutNovel,"R29C,0.273"
X-2592,UTY,7404.0,MutNovel,"R29C,0.273"
X-2592,WDPCP,51057.0,MutNovel,"V638F,0.750"
X-2592,YTHDF3,253943.0,MutNovel,"D66Y,0.300"
X-2592,ZNF219,51222.0,MutNovel,"QPP233P,0.219"
X-2592,ZNF772,400720.0,MutNovel,"A4GP,0.806"
X-2592,ZNF888,,MutNovel,"Q450P,0.500"
X-2592,ZSWIM6,57688.0,MutNovel,"R1040H,1.000"
X-2628,61E3.4,,MutKnownFunctional,"R94*,1.000"
X-2628,AASS,10157.0,MutNovel,"P281S,0.526"
X-2628,ABCA8,10351.0,MutNovel,"V1452I,0.722"
X-2628,ABLIM3,22885.0,MutNovel,"P578L,0.513"
X-2628,ACBD4,79777.0,MutNovel,"P104L,0.443"
X-2628,ADAMTS15,170689.0,MutNovel,"G677E,0.596"
X-2628,ADAT3,113179.0,MutNovel,"V260I,0.451"
X-2628,AMELY,266.0,Del0.8,0.24
X-2628,AP1B1,162.0,MutNovel,"R913W,0.472"
X-2628,AP3M2,10947.0,MutNovel,"Q156H,0.395"
X-2628,APLP2,334.0,MutNovel,"I489V,0.455"
X-2628,AQP7,364.0,MutNovel,"T190V,0.810"
X-2628,AQP7,364.0,MutNovel,"A176E,1.000"
X-2628,AQP7,364.0,MutNovel,"Q145E,1.000"
X-2628,AQP7,364.0,MutNovel,"I88T,1.000"
X-2628,AQP7,364.0,MutNovel,"V34A,1.000"
X-2628,ARL13B,200894.0,MutNovel,"R79W,0.286"
X-2628,ARNTL2,56938.0,MutNovel,"G508E,0.382"
X-2628,ARPC1B,10095.0,MutNovel,"R97Q,0.447"
X-2628,ASAH2,56624.0,Del0.8,0.77
X-2628,ASAP3,55616.0,MutNovel,"R265Q,0.320"
X-2628,ASB18,401036.0,MutNovel,"R241L,1.000"
X-2628,ATP7B,540.0,MutNovel,"P840S,1.000"
X-2628,ATPAF1,64756.0,MutNovel,"S284F,0.676"
X-2628,ATXN2,6311.0,MutNovel,"L1198P,1.000"
X-2628,BATF2,116071.0,MutNovel,"P174L,0.389"
X-2628,BCORP1,286554.0,Del0.8,0.24
X-2628,BPY2B,442867.0,Del0.8,0.12
X-2628,BPY2B,442867.0,Del0.8,0.18
X-2628,BRAF,673.0,MutKnownFunctional,"V600E,0.375"
X-2628,C16orf72,29035.0,MutNovel,"P152S,1.000"
X-2628,C21orf58,54058.0,MutNovel,"H299PN,0.341"
X-2628,C3orf38,285237.0,Amp8,24.76
X-2628,C3orf58,205428.0,MutNovel,"K407E,0.423"
X-2628,C9orf169,375791.0,MutNovel,"S39T,0.938"
X-2628,CABLES1,91768.0,MutNovel,"A114V,1.000"
X-2628,CACNA2D1,781.0,MutNovel,"Q535K,1.000"
X-2628,CADM3,57863.0,MutNovel,"H399Y,0.292"
X-2628,CAMK4,814.0,MutNovel,"P450L,1.000"
X-2628,CARHSP1,23589.0,MutNovel,"P61T,0.995"
X-2628,CARNS1,57571.0,MutNovel,"D281N,0.667"
X-2628,CASC5,57082.0,MutNovel,"L2284V,0.365"
X-2628,CCDC114,93233.0,MutNovel,"D474N,1.000"
X-2628,CCDC144A,9720.0,MutNovel,"Q1091R,0.833"
X-2628,CCDC157,550631.0,MutNovel,"R31H,0.619"
X-2628,CCDC19,25790.0,MutNovel,"E220K,0.617"
X-2628,CCDC3,83643.0,MutNovel,"S187F,1.000"
X-2628,CDC42EP1,11135.0,MutNovel,"PAPAANPS253P,0.898"
X-2628,CDH11,1009.0,MutNovel,"P71L,0.667"
X-2628,CDH20,28316.0,MutNovel,"G796E,1.000"
X-2628,CDY1B,253175.0,Del0.8,0.24
X-2628,CDY1B,253175.0,Del0.8,0.18
X-2628,CDY2A,9426.0,Del0.8,0.24
X-2628,CDY2A,9426.0,Del0.8,0.24
X-2628,CDY2B,203611.0,Del0.8,0.24
X-2628,CDY2B,203611.0,Del0.8,0.24
X-2628,CGGBP1,8545.0,Amp8,24.76
X-2628,CLDND2,125875.0,MutNovel,"G80R,0.632"
X-2628,CMTM6,54918.0,MutNovel,"S8G,0.385"
X-2628,CNTNAP3B,728577.0,MutNovel,"G1195R,0.667"
X-2628,COL27A1,85301.0,MutNovel,"G1087R,0.735"
X-2628,COL4A5,1287.0,MutNovel,"G334D,1.000"
X-2628,COL5A2,1290.0,MutNovel,"H1228Y,0.458"
X-2628,COL5A2,1290.0,MutNovel,"G450E,0.499"
X-2628,CRIPAK,285464.0,MutKnownFunctional,"-108H?,0.353"
X-2628,CRIPAK,285464.0,MutNovel,"V164A,0.476"
X-2628,CRYAA,1409.0,MutNovel,"P16L,1.000"
X-2628,CSMD2,114784.0,MutNovel,"S2490F,0.636"
X-2628,CSPG4,1464.0,MutNovel,"P407L,0.537"
X-2628,CSPG4P1Y,114758.0,Del0.8,0.24
X-2628,CSPG4P1Y,114758.0,Del0.8,0.18
X-2628,DAZ1,1617.0,Del0.8,0.24
X-2628,DAZ2,57055.0,Del0.8,0.21
X-2628,DAZ3,57054.0,Del0.8,0.21
X-2628,DAZ3,57054.0,Del0.8,0.18
X-2628,DAZ4,57135.0,Del0.8,0.2
X-2628,DAZ4,57135.0,Del0.8,0.22
X-2628,DDX3Y,8653.0,Del0.8,0.24
X-2628,DPP6,1804.0,MutNovel,"G64D,1.000"
X-2628,DZIP3,9666.0,MutNovel,"S1103L,0.257"
X-2628,EEPD1,80820.0,MutNovel,"T212I,0.636"
X-2628,EIF1AY,9086.0,Del0.8,0.24
X-2628,EIF4G1,1981.0,MutNovel,"R319C,0.504"
X-2628,ELMO1,9844.0,MutNovel,"G597R,0.348"
X-2628,ENOX1,55068.0,MutNovel,"G6E,0.667"
X-2628,EPHA3,2042.0,Amp8,11.47
X-2628,ERVMER34-1,100288413.0,MutNovel,"L239F,0.857"
X-2628,F11,2160.0,MutNovel,"G573E,1.000"
X-2628,FAM106A,80039.0,Del0.8,0.74
X-2628,FAM120C,54954.0,MutNovel,"S522F,0.950"
X-2628,FAM120C,54954.0,MutNovel,"S522F,1.000"
X-2628,FAM197Y2P,252946.0,Del0.8,0.24
X-2628,FAM21A,387680.0,Del0.8,0.79
X-2628,FAM41AY1,340618.0,Del0.8,0.24
X-2628,FAM41AY1,340618.0,Del0.8,0.24
X-2628,FLAD1,80308.0,MutNovel,"P12T,0.536"
X-2628,FMN1,342184.0,MutNovel,"R790Q,0.750"
X-2628,FMNL2,114793.0,MutNovel,"H195R,0.500"
X-2628,FOXI3,344167.0,MutNovel,"T339I,0.800"
X-2628,GKAP1,80318.0,MutNovel,"E109K,0.758"
X-2628,GOLGA2P2Y,84559.0,Del0.8,0.18
X-2628,GOLGA2P2Y,84559.0,Del0.8,0.24
X-2628,GPLD1,2822.0,MutNovel,"D303N,1.000"
X-2628,GSTM5,2949.0,MutNovel,"N85S,1.000"
X-2628,GSTM5,2949.0,MutNovel,"L191V,1.000"
X-2628,GSTM5,2949.0,MutNovel,"Q202R,1.000"
X-2628,GYG2P1,352887.0,Del0.8,0.24
X-2628,HEATR8,374977.0,MutNovel,"R943H,0.750"
X-2628,HERC2,8924.0,MutKnownFunctional,"R1376*,0.214"
X-2628,HES6,55502.0,MutNovel,"D184N,0.538"
X-2628,HIST1H2AH,85235.0,MutNovel,"P81L,0.571"
X-2628,HLA-G,3135.0,MutNovel,"A34T,1.000"
X-2628,HLA-G,3135.0,MutNovel,"Y137P,1.000"
X-2628,HP1BP3,50809.0,MutNovel,"S377C,0.367"
X-2628,HPCAL1,3241.0,MutNovel,"R83W,0.461"
X-2628,HS1BP3,64342.0,MutNovel,"V339L,0.423"
X-2628,HSFY2,159119.0,Del0.8,0.24
X-2628,HSFY2,159119.0,Del0.8,0.24
X-2628,HSPA12A,259217.0,MutNovel,"R26W,1.000"
X-2628,HTR1F,3355.0,Amp8,24.76
X-2628,INTS1,26173.0,MutNovel,"P906L,0.466"
X-2628,JAGN1,84522.0,MutNovel,"S111F,0.528"
X-2628,KCNA6,3742.0,MutNovel,"G495R,0.600"
X-2628,KCNJ14,3770.0,MutNovel,"H350Y,0.450"
X-2628,KCTD17,79734.0,MutNovel,"P265L,0.533"
X-2628,KCTD5,54442.0,MutNovel,"S176F,1.000"
X-2628,KDM5D,8284.0,Del0.8,0.24
X-2628,KDM6B,23135.0,MutNovel,"L251LPP,0.625"
X-2628,KIAA0586,9786.0,MutNovel,"L1568P,1.000"
X-2628,KIAA0922,23240.0,MutNovel,"Q682L,0.370"
X-2628,KIAA0922,23240.0,MutNovel,"S997R,0.597"
X-2628,KIF5A,3798.0,MutNovel,"G553E,1.000"
X-2628,LAMB3,3914.0,MutNovel,"M1129I,0.622"
X-2628,LCE3C,353144.0,Del0.8,0.21
X-2628,LGALS9C,654346.0,Del0.8,0.74
X-2628,LOC100996489,,MutNovel,"P61S,1.000"
X-2628,LOC441124,,MutNovel,"P152Q,0.351"
X-2628,LOC728888,,MutNovel,"R1061Q,0.500"
X-2628,LRP1,4035.0,MutNovel,"P978S,1.000"
X-2628,LRRC7,57554.0,MutNovel,"G227E,1.000"
X-2628,LRRFIP1,9208.0,MutNovel,"P519L,0.459"
X-2628,MAP1A,4130.0,MutNovel,"P1204L,0.833"
X-2628,MAPRE3,22924.0,MutNovel,"K83R,0.531"
X-2628,MAST4,375449.0,MutNovel,"R390C,1.000"
X-2628,MED1,5469.0,MutNovel,"P308L,0.714"
X-2628,MED1,5469.0,MutNovel,"T78A,0.571"
X-2628,MED13,9969.0,MutNovel,"Q1953R,0.659"
X-2628,MEGF8,1954.0,MutNovel,"R2401W,0.481"
X-2628,MLL,4297.0,MutNovel,"A30G,1.000"
X-2628,MMAA,166785.0,MutNovel,"L240F,0.222"
X-2628,MMP15,4324.0,MutNovel,"R381C,0.293"
X-2628,MORC2,22880.0,MutNovel,"H843Y,0.500"
X-2628,MTERFD1,51001.0,MutNovel,"G206V,0.383"
X-2628,MTUS1,57509.0,MutNovel,"T36I,0.500"
X-2628,MTX1,4580.0,MutNovel,"F351L,0.674"
X-2628,MYH7,4625.0,MutNovel,"E1461G,1.000"
X-2628,NACA2,342538.0,MutNovel,"R144K,1.000"
X-2628,NACA2,342538.0,MutNovel,"Q129E,1.000"
X-2628,NACAD,23148.0,MutNovel,"A801V,0.467"
X-2628,NACAD,23148.0,MutNovel,"A801F,0.467"
X-2628,NAGPA,51172.0,MutNovel,"P71T,1.000"
X-2628,NBEA,26960.0,MutNovel,"G388R,0.600"
X-2628,NBEA,26960.0,MutNovel,"G411R,0.500"
X-2628,NBPF10,100132406.0,MutNovel,"I1165F,0.238"
X-2628,NCRNA00185,55410.0,Del0.8,0.24
X-2628,NLGN4Y,22829.0,Del0.8,0.24
X-2628,NOTCH3,4854.0,MutNovel,"P21S,0.750"
X-2628,NPAS3,64067.0,MutNovel,"G473D,1.000"
X-2628,NR1H2,7376.0,MutNovel,"-173Q,0.438"
X-2628,NUAK2,81788.0,MutNovel,"E485K,0.444"
X-2628,OCLN,100506658.0,MutKnownFunctional,"W58*,1.000"
X-2628,OCLN,100506658.0,MutNovel,"H509Y,1.000"
X-2628,OR2W3,343171.0,MutKnownFunctional,"-298?,0.368"
X-2628,OR52N5,390075.0,Del0.8,0.74
X-2628,ORAI1,84876.0,MutNovel,"PP43-,0.864"
X-2628,OTUD7A,161725.0,MutNovel,"P607L,1.000"
X-2628,PAPPA,5069.0,MutNovel,"T559P,0.429"
X-2628,PARL,55486.0,MutNovel,"T191S,0.544"
X-2628,PARN,5073.0,MutNovel,"S392F,1.000"
X-2628,PASK,23178.0,MutNovel,"H900D,0.298"
X-2628,PCDH11Y,83259.0,Del0.8,0.42
X-2628,PCDH18,54510.0,MutNovel,"H599Y,0.692"
X-2628,PCDHA5,56143.0,MutNovel,"R98W,1.000"
X-2628,PCDHA5,56143.0,MutNovel,"S607L,1.000"
X-2628,PCDHB12,56124.0,MutNovel,"N487I,0.500"
X-2628,PCDHB13,56123.0,MutNovel,"R180W,1.000"
X-2628,PCDHB14,56122.0,MutNovel,"E40K,1.000"
X-2628,PCDHB8,56128.0,MutNovel,"E206K,0.368"
X-2628,PCDHGB2,56103.0,MutNovel,"L212F,1.000"
X-2628,PDK2,5164.0,MutNovel,"R194Q,0.500"
X-2628,PHGDH,26227.0,MutNovel,"R135G,0.632"
X-2628,PHLDA1,22822.0,MutNovel,"QQ194Q,0.385"
X-2628,PLEKHG1,57480.0,MutNovel,"H1219R,0.693"
X-2628,PLEKHG4,25894.0,MutNovel,"P99S,0.641"
X-2628,POTEI,,MutNovel,"I803M,1.000"
X-2628,PP2D1,151649.0,MutNovel,"V410A,1.000"
X-2628,PRC1,9055.0,MutNovel,"P148S,0.692"
X-2628,PRKY,5616.0,Del0.8,0.24
X-2628,PRR14L,253143.0,MutNovel,"E1090Q,0.448"
X-2628,PRY,9081.0,Del0.8,0.24
X-2628,PRY,9081.0,Del0.8,0.24
X-2628,PRY2,442862.0,Del0.8,0.24
X-2628,PRY2,442862.0,Del0.8,0.24
X-2628,PSRC1,84722.0,MutNovel,"T215N,0.754"
X-2628,PTEN,5728.0,MutNovel,"P38S,1.000"
X-2628,PTGES2,80142.0,MutNovel,"K233N,0.231"
X-2628,PYGO1,26108.0,MutNovel,"S335L,0.800"
X-2628,QRICH2,84074.0,MutNovel,"R175C,0.652"
X-2628,RBMY1A3P,286557.0,Del0.8,0.24
X-2628,RBMY1B,378948.0,Del0.8,0.24
X-2628,RBMY1B,378948.0,Del0.8,0.24
X-2628,RBMY1E,378950.0,Del0.8,0.24
X-2628,RBMY1E,378950.0,Del0.8,0.24
X-2628,RBMY1F,159163.0,Del0.8,0.24
X-2628,RBMY1F,159163.0,Del0.8,0.24
X-2628,RBMY1J,378951.0,Del0.8,0.24
X-2628,RBMY1J,378951.0,Del0.8,0.24
X-2628,RBMY2EP,159125.0,Del0.8,0.24
X-2628,RBMY2FP,159162.0,Del0.8,0.24
X-2628,RBMY3AP,64593.0,Del0.8,0.24
X-2628,RCAN1,1827.0,MutNovel,"V79L,0.726"
X-2628,RELN,5649.0,MutNovel,"D1959N,0.500"
X-2628,RFC2,5982.0,MutNovel,"N71T,0.507"
X-2628,RNPEP,6051.0,MutNovel,"P296L,0.269"
X-2628,RPS4Y1,6192.0,Del0.8,0.42
X-2628,RPS4Y2,140032.0,Del0.8,0.24
X-2628,RSF1,51773.0,MutNovel,"A642V,0.417"
X-2628,SAFB,6294.0,MutNovel,"D530H,0.421"
X-2628,SAMD14,201191.0,MutNovel,"S64L,0.736"
X-2628,SATB2,23314.0,MutNovel,"P344L,0.357"
X-2628,SCAND1,51282.0,MutNovel,"R7T,0.911"
X-2628,SCN5A,6331.0,MutNovel,"G1040E,0.500"
X-2628,SCNN1D,6339.0,MutNovel,"R496C,0.270"
X-2628,SEC16A,9919.0,MutNovel,"S1372P,0.891"
X-2628,SERINC2,347735.0,MutNovel,"-373Q,0.542"
X-2628,SHANK3,85358.0,MutNovel,"P1176L,0.250"
X-2628,SIPA1L2,57568.0,MutNovel,"F977L,0.458"
X-2628,SLC44A2,57153.0,MutNovel,"R519C,0.532"
X-2628,SOCS7,30837.0,MutNovel,"P311S,0.765"
X-2628,SRP9,6726.0,MutNovel,"R79S,0.456"
X-2628,SRY,6736.0,Del0.8,0.42
X-2628,ST6GALNAC5,81849.0,MutNovel,"M123I,0.760"
X-2628,SUPT5H,6829.0,MutNovel,"L359F,0.522"
X-2628,SUSD2,56241.0,MutNovel,"R359G,0.639"
X-2628,TAB3,257397.0,MutNovel,"D681E,1.000"
X-2628,TAF7L,54457.0,MutNovel,"EDE349E,0.565"
X-2628,TAMM41,132001.0,MutNovel,"P40L,0.758"
X-2628,TARBP1,6894.0,MutNovel,"P956L,0.500"
X-2628,TBC1D2B,23102.0,MutNovel,"A8G,0.556"
X-2628,TBL1Y,90665.0,Del0.8,0.24
X-2628,TGIF2LY,90655.0,Del0.8,0.42
X-2628,TGM2,7052.0,MutNovel,"E647K,0.600"
X-2628,TMEM145,284339.0,MutNovel,"E237K,0.225"
X-2628,TMEM185B,79134.0,MutNovel,"H110HT,0.388"
X-2628,TMEM54,113452.0,MutNovel,"A68V,0.633"
X-2628,TMEM97,27346.0,MutKnownFunctional,"-144,0.446"
X-2628,TMSB4Y,9087.0,Del0.8,0.24
X-2628,TNKS1BP1,85456.0,MutNovel,"P330L,0.426"
X-2628,TOMM70A,9868.0,MutNovel,"L370V,0.427"
X-2628,TP53,7157.0,MutNovel,"H178D,0.999"
X-2628,TRAF6,7189.0,MutNovel,"H230Y,0.571"
X-2628,TRIM2,23321.0,MutNovel,"A139V,0.450"
X-2628,TSPAN13,27075.0,MutNovel,"G36S,0.504"
X-2628,TSPY1,7258.0,Del0.8,0.24
X-2628,TSPY2,64591.0,Del0.8,0.24
X-2628,TSPY3,728137.0,Del0.8,0.24
X-2628,TSPY4,728395.0,Del0.8,0.24
X-2628,TSPY8,728403.0,Del0.8,0.24
X-2628,TSPYL1,7259.0,MutNovel,"V176VW,0.591"
X-2628,TTC28,23331.0,MutNovel,"I105M,0.517"
X-2628,TTTY10,246119.0,Del0.8,0.24
X-2628,TTTY11,83866.0,Del0.8,0.24
X-2628,TTTY12,83867.0,Del0.8,0.24
X-2628,TTTY13,83868.0,Del0.8,0.24
X-2628,TTTY14,83869.0,Del0.8,0.24
X-2628,TTTY15,64595.0,Del0.8,0.24
X-2628,TTTY16,252948.0,Del0.8,0.24
X-2628,TTTY17A,252949.0,Del0.8,0.24
X-2628,TTTY17A,252949.0,Del0.8,0.18
X-2628,TTTY18,252950.0,Del0.8,0.24
X-2628,TTTY19,252952.0,Del0.8,0.24
X-2628,TTTY1B,100101116.0,Del0.8,0.24
X-2628,TTTY1B,100101116.0,Del0.8,0.24
X-2628,TTTY2,60439.0,Del0.8,0.24
X-2628,TTTY2,60439.0,Del0.8,0.24
X-2628,TTTY20,252951.0,Del0.8,0.24
X-2628,TTTY21,252953.0,Del0.8,0.24
X-2628,TTTY21,252953.0,Del0.8,0.24
X-2628,TTTY22,252954.0,Del0.8,0.24
X-2628,TTTY23,252955.0,Del0.8,0.24
X-2628,TTTY23,252955.0,Del0.8,0.24
X-2628,TTTY3,114760.0,Del0.8,0.24
X-2628,TTTY3,114760.0,Del0.8,0.18
X-2628,TTTY4,114761.0,Del0.8,0.18
X-2628,TTTY4,114761.0,Del0.8,0.12
X-2628,TTTY5,83863.0,Del0.8,0.24
X-2628,TTTY6,84672.0,Del0.8,0.24
X-2628,TTTY6,84672.0,Del0.8,0.24
X-2628,TTTY7,246122.0,Del0.8,0.24
X-2628,TTTY7,246122.0,Del0.8,0.24
X-2628,TTTY7B,100101120.0,Del0.8,0.24
X-2628,TTTY7B,100101120.0,Del0.8,0.24
X-2628,TTTY8,84673.0,Del0.8,0.24
X-2628,TTTY8,84673.0,Del0.8,0.24
X-2628,TTTY9A,83864.0,Del0.8,0.24
X-2628,TTTY9A,83864.0,Del0.8,0.24
X-2628,TXLNG2P,246126.0,Del0.8,0.24
X-2628,UBOX5,22888.0,MutKnownFunctional,"W194*,1.000"
X-2628,UBR5,51366.0,MutNovel,"I1457T,0.718"
X-2628,USP32P2,220594.0,Del0.8,0.74
X-2628,USP36,57602.0,MutNovel,"KKK958K,0.409"
X-2628,USP9X,8239.0,MutNovel,"R154C,0.950"
X-2628,USP9Y,8287.0,Del0.8,0.24
X-2628,UTY,7404.0,Del0.8,0.24
X-2628,VANGL1,81839.0,MutNovel,"P437S,0.226"
X-2628,VAT1L,57687.0,MutNovel,"E413K,0.510"
X-2628,VCY,9084.0,Del0.8,0.24
X-2628,VCY,9084.0,Del0.8,0.24
X-2628,WBP2NL,164684.0,MutNovel,"A290V,1.000"
X-2628,WDR52,55779.0,MutNovel,"T399F,0.500"
X-2628,XKRY2,353515.0,Del0.8,0.24
X-2628,XKRY2,353515.0,Del0.8,0.24
X-2628,XRN1,54464.0,MutNovel,"P90L,0.600"
X-2628,XYLT2,64132.0,MutNovel,"F438L,0.663"
X-2628,YTHDC1,91746.0,MutNovel,"D263Y,0.392"
X-2628,ZBTB37,84614.0,MutNovel,"K336N,1.000"
X-2628,ZFY,7544.0,Del0.8,0.42
X-2628,ZNF101,94039.0,MutKnownFunctional,"R165*,0.524"
X-2628,ZNF185,7739.0,MutNovel,"G691E,1.000"
X-2628,ZNF212,7988.0,MutKnownFunctional,"-267,0.463"
X-2628,ZNF407,55628.0,MutNovel,"E1829K,1.000"
X-2628,ZNF462,58499.0,MutNovel,"P296S,0.486"
X-2628,ZNF498,221785.0,MutNovel,"R49C,0.585"
X-2628,ZNF519,162655.0,MutNovel,"P141S,1.000"
X-2628,ZNF530,348327.0,MutKnownFunctional,"Q482*,0.516"
X-2628,ZNF587,84914.0,MutNovel,"S523N,0.414"
X-2628,ZNF619,285267.0,MutNovel,"S605F,0.529"
X-2628,ZNF649,65251.0,MutNovel,"VE463E,0.628"
X-2628,ZNF654,55279.0,Amp8,24.76
X-2628,ZNF672,79894.0,MutNovel,"L143I,0.681"
X-2628,ZNF682,91120.0,MutNovel,"N239T,0.312"
X-2655,AACSP1,729522.0,Amp5,6.96
X-2655,AANAT,15.0,Amp5,5.03
X-2655,ABCA8,10351.0,Amp5,5.62
X-2655,ABCA9,10350.0,Amp5,5.62
X-2655,ACE,1636.0,Amp5,5.1
X-2655,ACOX1,51.0,MutNovel,"L632F,0.227"
X-2655,ADAM19,8728.0,Amp5,5.13
X-2655,ADAM6,8755.0,Amp5,6.63
X-2655,ADAMTS2,9509.0,Amp5,6.96
X-2655,ADNP2,22850.0,Del0.8,0.35
X-2655,ADRA1B,147.0,Amp8,8.28
X-2655,AFMID,125061.0,Amp5,5.78
X-2655,AGXT2L2,85007.0,Amp5,6.96
X-2655,ALX1,8092.0,Amp8,15.78
X-2655,AMELY,266.0,Del0.8,0.26
X-2655,AMZ2,51321.0,Amp5,5.62
X-2655,ANKRD13D,338692.0,MutNovel,"R39C,0.309"
X-2655,ANKRD36,375248.0,MutNovel,"T998S,0.280"
X-2655,ARMC9,80210.0,MutNovel,"R405C,0.481"
X-2655,ARSG,22901.0,Amp5,5.62
X-2655,ASAP2,8853.0,MutNovel,"N85I,0.492"
X-2655,ASCC3,10973.0,Amp5,6.02
X-2655,ATAD3C,219293.0,MutNovel,"Y98F,1.000"
X-2655,ATP10B,23120.0,Amp5,5.66
X-2655,ATP6V1G3,127124.0,Amp8,21.11
X-2655,ATRX,546.0,MutKnownFunctional,"Q770*,1.000"
X-2655,ATXN7L3B,552889.0,Amp8,27.47
X-2655,AVIL,10677.0,Amp8,19.56
X-2655,AZIN1,51582.0,MutNovel,"Y30C,0.370"
X-2655,BCORP1,286554.0,Del0.8,0.26
X-2655,BEST3,144453.0,Amp8,32.45
X-2655,BIRC2,329.0,Amp5,5.17
X-2655,BIRC3,330.0,Amp5,5.17
X-2655,BIRC5,332.0,Amp5,5.78
X-2655,BNC2,54796.0,Del0.8,0.5
X-2655,BPY2B,442867.0,Del0.8,0.26
X-2655,BPY2B,442867.0,Del0.8,0.26
X-2655,BTBD19,149478.0,MutNovel,"V94F,0.556"
X-2655,BTNL3,10917.0,MutNovel,"H311G,1.000"
X-2655,BTNL3,10917.0,Amp5,5.39
X-2655,BTNL8,79908.0,Amp5,5.39
X-2655,BTNL9,153579.0,Amp5,5.39
X-2655,BZRAP1,9256.0,Amp5,5.39
X-2655,C16orf62,57020.0,MutNovel,"N267S,0.658"
X-2655,C17orf72,92340.0,Amp5,5.1
X-2655,C17orf80,55028.0,Amp5,5.46
X-2655,C17orf99,100141515.0,Amp5,5.78
X-2655,C18orf62,284274.0,Del0.8,0.78
X-2655,C1QTNF2,114898.0,Amp8,8.28
X-2655,C5orf45,51149.0,Amp5,5.39
X-2655,C5orf52,100190949.0,Amp5,5.13
X-2655,C5orf54,63920.0,Amp8,8.28
X-2655,C5orf58,133874.0,Amp5,5.7
X-2655,C5orf60,285679.0,Amp5,5.39
X-2655,C9orf53,51198.0,Del0.8,0.32
X-2655,C9orf66,157983.0,Del0.8,0.24
X-2655,CANX,821.0,Amp5,5.39
X-2655,CARD16,114769.0,Amp5,7.52
X-2655,CARD17,440068.0,Amp5,7.52
X-2655,CARD18,59082.0,Amp5,7.52
X-2655,CASP1,834.0,Amp5,7.52
X-2655,CASP12,100506742.0,Amp5,7.52
X-2655,CASP3,836.0,MutNovel,"N141D,0.703"
X-2655,CASP4,837.0,Amp5,7.52
X-2655,CASP5,838.0,Amp5,7.52
X-2655,CBWD1,55871.0,Del0.8,0.58
X-2655,CBWD6,644019.0,MutKnownFunctional,"-259?,0.312"
X-2655,CBY3,646019.0,Amp5,5.39
X-2655,CCDC47,57003.0,Amp5,5.1
X-2655,CCDC66,285331.0,MutNovel,"S606SP,0.515"
X-2655,CCDC71L,168455.0,MutNovel,"V166E,1.000"
X-2655,CCDC99,54908.0,Amp5,5.7
X-2655,CCNJL,79616.0,Amp8,8.28
X-2655,CCT2,10576.0,Amp8,32.45
X-2655,CD226,10666.0,Del0.8,0.79
X-2655,CD79B,974.0,Amp5,5.1
X-2655,CDC42EP4,23580.0,Amp5,5.46
X-2655,CDH7,1005.0,Amp5,5.66
X-2655,CDK17,5128.0,Amp8,15.14
X-2655,CDK4,1019.0,Amp8,19.56
X-2655,CDKN2A,1029.0,Del0.8,0.32
X-2655,CDKN2B,1030.0,Del0.8,0.78
X-2655,CDY1B,253175.0,Del0.8,0.26
X-2655,CDY1B,253175.0,Del0.8,0.26
X-2655,CDY2A,9426.0,Del0.8,0.26
X-2655,CDY2A,9426.0,Del0.8,0.26
X-2655,CDY2B,203611.0,Del0.8,0.26
X-2655,CDY2B,203611.0,Del0.8,0.26
X-2655,CEBPD,1052.0,MutNovel,"A212V,0.536"
X-2655,CEP128,145508.0,Amp5,5.06
X-2655,CES1,1066.0,MutKnownFunctional,"R314*,1.000"
X-2655,CES1,1066.0,MutNovel,"P313S,1.000"
X-2655,CFHR1,3078.0,Amp5,5.82
X-2655,CFHR3,10878.0,Amp5,5.82
X-2655,CHODL,140578.0,Amp5,5.5
X-2655,CHODL-AS1,54075.0,Amp8,19.16
X-2655,CLINT1,9685.0,Amp5,5.13
X-2655,CLK4,57396.0,Amp5,6.96
X-2655,CNOT2,4848.0,Amp8,31.56
X-2655,CNOT6,57472.0,Amp5,5.39
X-2655,CNOT7,29883.0,Amp8,23.1
X-2655,CNTN5,53942.0,Amp5,6.02
X-2655,COG1,9382.0,Amp5,5.46
X-2655,COL1A1,1277.0,Amp5,6.77
X-2655,COL23A1,91522.0,Amp5,6.96
X-2655,CPD,1362.0,MutNovel,"SGRDNSR206S,0.524"
X-2655,CPM,1368.0,Amp8,33.13
X-2655,CPSF4L,642843.0,Amp5,5.46
X-2655,CPSF6,11052.0,Amp8,42.22
X-2655,CRAMP1L,57585.0,MutNovel,"A68V,0.700"
X-2655,CRIPAK,285464.0,MutNovel,"P173H,0.600"
X-2655,CRIPAK,285464.0,MutNovel,"W287R,0.333"
X-2655,CRYBG3,,MutNovel,"V1636E,0.523"
X-2655,CSH1,1442.0,Amp5,5.1
X-2655,CSH2,1443.0,Amp5,5.1
X-2655,CSHL1,1444.0,Amp5,5.1
X-2655,CSPG4P1Y,114758.0,Del0.8,0.26
X-2655,CSPG4P1Y,114758.0,Del0.8,0.26
X-2655,CTDSP2,10106.0,Amp8,19.56
X-2655,CTSA,5476.0,MutNovel,"L29-,0.392"
X-2655,CUBN,8029.0,MutNovel,"L2803V,0.364"
X-2655,CUEDC1,404093.0,Amp5,5.39
X-2655,CXADRP2,646243.0,Amp5,5.62
X-2655,CYB561,1534.0,Amp5,5.1
X-2655,CYB5A,1528.0,Del0.8,0.75
X-2655,CYFIP2,26999.0,Amp5,5.13
X-2655,CYP27B1,1594.0,Amp8,19.56
X-2655,DAZ1,1617.0,Del0.8,0.26
X-2655,DAZ2,57055.0,Del0.8,0.26
X-2655,DAZ3,57054.0,Del0.8,0.26
X-2655,DAZ3,57054.0,Del0.8,0.26
X-2655,DAZ4,57135.0,Del0.8,0.26
X-2655,DAZ4,57135.0,Del0.8,0.26
X-2655,DCAF7,10238.0,Amp5,5.1
X-2655,DCUN1D1,54165.0,MutNovel,"E54D,0.331"
X-2655,DCUN1D5,84259.0,Amp5,5.17
X-2655,DDI1,414301.0,Amp5,7.52
X-2655,DDX3Y,8653.0,Del0.8,0.26
X-2655,DDX42,11325.0,Amp5,5.1
X-2655,DDX5,1655.0,Amp5,5.1
X-2655,DENND4B,9909.0,MutNovel,"QQQ908-,0.635"
X-2655,DENND4C,55667.0,MutNovel,"P486L,0.424"
X-2655,DIO2,1734.0,Amp5,5.06
X-2655,DIP2A,23181.0,MutNovel,"I663M,1.000"
X-2655,DLX3,1747.0,Amp5,6.77
X-2655,DLX4,1748.0,Amp5,6.77
X-2655,DNAI2,64446.0,Amp5,5.46
X-2655,DNHD1,144132.0,MutNovel,"M4365V,0.526"
X-2655,DOCK2,1794.0,Amp5,5.7
X-2655,DOCK8,81704.0,Del0.8,0.36
X-2655,DUSP22,56940.0,Del0.8,0.6
X-2655,DYNC2H1,79659.0,Amp5,5.17
X-2655,DYNLL2,140735.0,Amp5,5.39
X-2655,EBF1,1879.0,Amp8,8.28
X-2655,EIF1AY,9086.0,Del0.8,0.26
X-2655,ELK3,2004.0,Amp8,24.76
X-2655,EPX,8288.0,Amp5,5.39
X-2655,ERN1,2081.0,Amp5,5.1
X-2655,FABP6,2172.0,Amp8,8.28
X-2655,FAM104A,84923.0,Amp5,5.46
X-2655,FAM110C,642273.0,Del0.8,0.62
X-2655,FAM117A,81558.0,Amp5,6.77
X-2655,FAM153C,653316.0,Amp5,6.96
X-2655,FAM154B,283726.0,MutKnownFunctional,"-176,0.533"
X-2655,FAM171B,165215.0,MutNovel,"-44QQ,0.455"
X-2655,FAM196B,100131897.0,Amp5,5.7
X-2655,FAM197Y2P,252946.0,Del0.8,0.26
X-2655,FAM20A,54757.0,Amp5,5.62
X-2655,FAM41AY1,340618.0,Del0.8,0.26
X-2655,FAM41AY1,340618.0,Del0.8,0.26
X-2655,FAM71B,153745.0,Amp5,5.13
X-2655,FAM83D,81610.0,MutNovel,"R571Q,0.308"
X-2655,FAM86B2,653333.0,MutNovel,"K91R,0.217"
X-2655,FAM86B2,653333.0,MutKnownFunctional,"C72*,0.500"
X-2655,FASTKD3,79072.0,MutNovel,"II239I,0.625"
X-2655,FBXO30,84085.0,MutNovel,"P22S,0.437"
X-2655,FERMT1,55612.0,MutNovel,"E424K,0.444"
X-2655,FGD1,2245.0,MutNovel,"R807Q,1.000"
X-2655,FHL5,9457.0,Amp8,13.64
X-2655,FLJ45079,400624.0,Amp5,5.78
X-2655,FLJ45513,729220.0,Amp5,6.77
X-2655,FLRT2,23768.0,Amp5,5.86
X-2655,FLT4,2324.0,Amp5,5.39
X-2655,FNDC1,84624.0,MutNovel,"ATTRRTT1471A,0.583"
X-2655,FNDC9,408263.0,Amp5,5.13
X-2655,FOXD4,2298.0,Del0.8,0.58
X-2655,FOXI1,2299.0,Amp5,5.7
X-2655,FRS2,10818.0,Amp8,50.21
X-2655,FSD1,79187.0,MutNovel,"Q482K,0.375"
X-2655,FTSJ3,117246.0,Amp5,5.1
X-2655,FUT9,10690.0,Amp8,18
X-2655,GABRB2,2561.0,Amp5,5.66
X-2655,GABRP,2568.0,Amp5,6.06
X-2655,GALR1,2587.0,Del0.8,0.78
X-2655,GFPT2,9945.0,Amp5,5.39
X-2655,GGT1,2678.0,MutNovel,"K52E,0.233"
X-2655,GH1,2688.0,Amp5,5.1
X-2655,GH2,2689.0,Amp5,5.1
X-2655,GIGYF2,26058.0,MutNovel,"PQ1231P,0.344"
X-2655,GLIPR1L2,144321.0,Amp8,19.16
X-2655,GMCL1P1,64396.0,Amp5,6.96
X-2655,GOLGA2P2Y,84559.0,Del0.8,0.26
X-2655,GOLGA2P2Y,84559.0,Del0.8,0.26
X-2655,GPR146,115330.0,MutNovel,"S169N,0.650"
X-2655,GPR182,11318.0,Amp8,17.63
X-2655,GPR63,81491.0,Amp8,13.64
X-2655,GRIA4,2893.0,Amp5,5.03
X-2655,GRM6,2916.0,Amp5,6.96
X-2655,GSTM5,2949.0,MutNovel,"N85S,0.900"
X-2655,GTF2A1,2957.0,Amp5,5.06
X-2655,GYG2P1,352887.0,Del0.8,0.26
X-2655,HAUS6,54801.0,Del0.8,0.8
X-2655,HAVCR1,26762.0,Amp5,5.13
X-2655,HAVCR2,84868.0,Amp5,5.13
X-2655,HILS1,373861.0,Amp5,6.77
X-2655,HLA-DPB1,3115.0,MutNovel,"G113V,1.000"
X-2655,HLA-E,3133.0,MutNovel,"G128K,0.471"
X-2655,HMGA2,8091.0,Amp8,21.56
X-2655,HNRNPAB,3182.0,Amp5,6.96
X-2655,HNRNPH1,3187.0,Amp5,6.96
X-2655,HSBP1L1,440498.0,Del0.8,0.71
X-2655,HSF5,124535.0,Amp5,5.39
X-2655,HSFY2,159119.0,Del0.8,0.26
X-2655,HSFY2,159119.0,Del0.8,0.26
X-2655,ICAM2,3384.0,Amp5,5.1
X-2655,ICK,22858.0,MutNovel,"PSPLL369L,0.300"
X-2655,IFNB1,3456.0,Del0.8,0.77
X-2655,IFT20,90410.0,MutNovel,"R105Q,0.333"
X-2655,IL12B,3593.0,Amp8,8.28
X-2655,ITGA3,3675.0,Amp5,6.77
X-2655,ITK,3702.0,Amp5,5.13
X-2655,JMJD6,23210.0,Amp5,5.78
X-2655,KANK1,23189.0,Del0.8,0.4
X-2655,KAT7,11143.0,Amp5,6.77
X-2655,KCNG2,26251.0,Del0.8,0.71
X-2655,KCNH6,81033.0,Amp5,5.1
X-2655,KCNIP1,30820.0,Amp5,6.77
X-2655,KCNMB1,3779.0,Amp8,9.45
X-2655,KCNMB4,27345.0,Amp8,26.17
X-2655,KCNU1,157855.0,Amp5,5.35
X-2655,KDM5D,8284.0,Del0.8,0.26
X-2655,KHDRBS2,202559.0,Amp8,20.97
X-2655,KIAA0125,9834.0,Amp5,6.63
X-2655,KIAA2026,158358.0,MutNovel,"V2043I,0.679"
X-2655,KIF4B,285643.0,Amp5,5.13
X-2655,KLF14,136259.0,MutNovel,"H47P,1.000"
X-2655,KLHL32,114792.0,Amp8,13.64
X-2655,KLHL38,340359.0,MutNovel,"T550M,0.556"
X-2655,LCP2,3937.0,Amp5,5.7
X-2655,LIMD2,80774.0,Amp5,5.1
X-2655,LIN7A,8825.0,Amp8,17.75
X-2655,LINC00226,338004.0,Amp5,6.63
X-2655,LINC00266-1,140849.0,Del0.8,0.73
X-2655,LINC00338,654434.0,Amp5,5.78
X-2655,LINC00469,283982.0,Amp5,5.46
X-2655,LINC00511,400619.0,Amp5,6.54
X-2655,LLGL1,3996.0,MutNovel,"R5W,0.849"
X-2655,LOC100131096,100131096.0,Amp5,5.78
X-2655,LOC100131655,100131655.0,Del0.8,0.78
X-2655,LOC100288332,,MutNovel,"L270V,1.000"
X-2655,LOC100499467,100499467.0,Amp5,5.46
X-2655,LOC100506844,100506844.0,Amp8,19.56
X-2655,LOC100507351,100507351.0,Amp5,5.78
X-2655,LOC100996301,,MutNovel,"G225A,0.597"
X-2655,LOC257358,257358.0,Amp5,5.7
X-2655,LOC284080,284080.0,Amp5,6.77
X-2655,LOC284276,284276.0,Del0.8,0.78
X-2655,LOC285626,285626.0,Amp8,8.28
X-2655,LOC285627,285627.0,Amp8,8.28
X-2655,LOC285629,285629.0,Amp5,5.66
X-2655,LOC339298,339298.0,Del0.8,0.79
X-2655,LOC348120,348120.0,Amp5,5.62
X-2655,LOC400620,400620.0,Amp5,5.46
X-2655,LOC440461,440461.0,Amp5,5.62
X-2655,LOC642441,,MutNovel,"L209S,0.600"
X-2655,LOC643733,643733.0,Amp5,7.52
X-2655,LOC646214,646214.0,Amp5,5.62
X-2655,LOC729678,729678.0,Amp5,5.39
X-2655,LPO,4025.0,Amp5,5.39
X-2655,LRRC10,376132.0,Amp8,32.45
X-2655,LSM11,134353.0,Amp5,5.13
X-2655,LSR,51599.0,MutNovel,"G518GR,0.722"
X-2655,LTC4S,4056.0,Amp5,5.39
X-2655,LYZ,4069.0,Amp8,42.22
X-2655,MAML1,9794.0,Amp5,5.39
X-2655,MANEA,79694.0,Amp8,26.35
X-2655,MAP3K3,4215.0,Amp5,5.1
X-2655,MAPK9,5601.0,Amp5,5.39
X-2655,2014-03-10 00:00:00,162333.0,Amp5,5.1
X-2655,2014-03-09 00:00:00,92979.0,Amp8,19.56
X-2655,MAST4,375449.0,MutNovel,"L1758F,0.452"
X-2655,MBP,4155.0,Del0.8,0.78
X-2655,MCM7,4176.0,MutKnownFunctional,"-644,0.540"
X-2655,MDM1,56890.0,Amp5,5.39
X-2655,MDM2,4193.0,Amp8,33.36
X-2655,ME2,4200.0,MutNovel,"H20R,1.000"
X-2655,MED7,9443.0,Amp5,5.13
X-2655,MEOX2,4223.0,MutNovel,"HH76H,0.246"
X-2655,METTL1,4234.0,Amp8,19.56
X-2655,METTL21B,25895.0,Amp8,19.56
X-2655,METTL23,124512.0,Amp5,5.78
X-2655,METTL2A,339175.0,Amp5,5.1
X-2655,MFSD11,79157.0,Amp5,5.78
X-2655,MGAT1,4245.0,Amp5,5.39
X-2655,MGAT4B,11282.0,Amp5,5.39
X-2655,MGAT4C,25834.0,Amp5,5.86
X-2655,MGAT5B,146664.0,Amp5,5.78
X-2655,MGC16275,85001.0,Amp5,5.46
X-2655,MILR1,284021.0,Amp5,5.1
X-2655,MIR1229,100302156.0,Amp5,5.39
X-2655,MIR1252,100302136.0,Amp8,10.13
X-2655,MIR1279,100302182.0,Amp8,42.22
X-2655,MIR142,406934.0,Amp5,5.39
X-2655,MIR146A,406938.0,Amp5,5.66
X-2655,MIR218-2,407001.0,Amp5,7.31
X-2655,MIR26A2,407016.0,Amp8,19.56
X-2655,MIR3064,100616387.0,Amp5,5.1
X-2655,MIR3142,100422938.0,Amp5,5.66
X-2655,MIR340,442908.0,Amp5,5.39
X-2655,MIR378E,100616498.0,Amp5,5.7
X-2655,MIR3913-1,100500903.0,Amp8,32.45
X-2655,MIR3913-2,100500868.0,Amp8,32.45
X-2655,MIR4316,100422851.0,Amp5,5.78
X-2655,MIR4473,100616229.0,Del0.8,0.33
X-2655,MIR4474,100616441.0,Del0.8,0.33
X-2655,MIR4524A,100616316.0,Amp5,5.62
X-2655,MIR4693,100616457.0,Amp5,7.52
X-2655,MIR4736,100616220.0,Amp5,5.39
X-2655,MIR491,574444.0,Del0.8,0.33
X-2655,MIR5047,100616408.0,Amp5,5.1
X-2655,MIR548AL,100616215.0,Amp8,27.47
X-2655,MIR548H3,100302287.0,Amp8,9.13
X-2655,MIR548W,100422923.0,Amp5,5.1
X-2655,MIR617,693202.0,Amp8,13.74
X-2655,MIR618,693203.0,Amp8,22.94
X-2655,MIR635,693220.0,Amp5,5.62
X-2655,MIR636,693221.0,Amp5,5.78
X-2655,MKS1,54903.0,Amp5,5.39
X-2655,MLLT3,4300.0,Del0.8,0.33
X-2655,MMP1,4312.0,Amp5,5.17
X-2655,MMP10,4319.0,Amp5,5.17
X-2655,MMP12,4321.0,Amp5,5.17
X-2655,MMP13,4322.0,Amp5,5.17
X-2655,MMP20,9313.0,Amp5,5.17
X-2655,MMP27,64066.0,Amp5,5.17
X-2655,MMP3,4314.0,Amp5,5.17
X-2655,MMP7,4316.0,Amp5,5.17
X-2655,MMP8,4317.0,Amp5,5.17
X-2655,MMS19,64210.0,MutNovel,"V146M,0.376"
X-2655,MMS22L,253714.0,Amp8,9.13
X-2655,MPO,4353.0,Amp5,5.39
X-2655,MRC2,9902.0,Amp5,5.1
X-2655,MRPL17,63875.0,MutNovel,"A72V,0.525"
X-2655,MRPL22,29093.0,Amp5,5.13
X-2655,MRPL38,64978.0,MutNovel,"R17Q,0.475"
X-2655,MRPS23,51649.0,Amp5,5.39
X-2655,MSRA,4482.0,Amp5,7.52
X-2655,MSRB3,253827.0,Amp5,5.94
X-2655,MSX2P1,55545.0,Amp5,5.39
X-2655,MTAP,4507.0,Del0.8,0.38
X-2655,MTMR4,9110.0,Amp5,5.39
X-2655,MTMR7,9108.0,Amp8,17.63
X-2655,MUC20,200958.0,MutNovel,"P266S,0.714"
X-2655,MXRA7,439921.0,Amp5,5.78
X-2655,MYF5,4617.0,Amp8,13.74
X-2655,MYF6,4618.0,Amp8,13.74
X-2655,MYO1A,4640.0,Amp8,17.63
X-2655,N4BP3,23138.0,Amp5,6.96
X-2655,NAB2,4665.0,Amp8,17.63
X-2655,NBEAP1,606.0,Amp5,5.62
X-2655,NBPF1,55672.0,MutNovel,"E821Q,0.262"
X-2655,NBPF1,55672.0,MutNovel,"R36G,0.246"
X-2655,NBPF10,100132406.0,MutNovel,"D855Y,1.000"
X-2655,NBPF10,100132406.0,MutNovel,"I1165F,0.273"
X-2655,NBPF10,100132406.0,MutNovel,"D2757N,0.700"
X-2655,NBPF15,284565.0,MutNovel,"E279Q,0.923"
X-2655,NBPF24,,MutNovel,"E550Q,0.400"
X-2655,NCOA3,8202.0,MutNovel,"Q1255-,0.340"
X-2655,NCOR2,9612.0,MutNovel,"G1839GAAA,0.608"
X-2655,NCRNA00185,55410.0,Del0.8,0.26
X-2655,NDUFAF4,29078.0,Amp8,13.64
X-2655,NEIL3,55247.0,MutNovel,"L292I,0.562"
X-2655,NF1P2,440225.0,Amp5,5.62
X-2655,NGFR,4804.0,Amp5,6.77
X-2655,NHP2,55651.0,Amp5,6.96
X-2655,NIPAL4,348938.0,Amp5,5.13
X-2655,NKX3-2,579.0,MutNovel,"D165H,0.261"
X-2655,NLGN4Y,22829.0,Del0.8,0.26
X-2655,NPHP4,261734.0,MutNovel,"W37R,0.410"
X-2655,NRXN3,9369.0,Amp5,5.06
X-2655,NUDT11,55190.0,MutKnownFunctional,"-1,0.582"
X-2655,NXPH3,11248.0,Amp5,6.77
X-2655,ODZ2,57451.0,Amp5,5.9
X-2655,OR2V2,285659.0,Amp5,5.39
X-2655,OR2Y1,134083.0,Amp5,5.39
X-2655,OR4D1,26689.0,Amp5,5.39
X-2655,OR4D2,124538.0,Amp5,5.39
X-2655,ORAI1,84876.0,MutNovel,"PP43-,0.789"
X-2655,P2RY8,286530.0,MutNovel,"Q428R,1.000"
X-2655,PABPC3,5042.0,MutKnownFunctional,"-211,1.000"
X-2655,PABPC3,5042.0,MutKnownFunctional,"-247GE?,0.545"
X-2655,PABPC3,5042.0,MutNovel,"G451A,1.000"
X-2655,PARD6G,84552.0,Del0.8,0.35
X-2655,PCDH11Y,83259.0,Del0.8,0.26
X-2655,PCDHGA3,56112.0,MutNovel,"A331S,1.000"
X-2655,PCDHGB2,56103.0,MutNovel,"R12P,0.740"
X-2655,PCDHGB4,8641.0,MutNovel,"V420I,0.273"
X-2655,PCMTD2,55251.0,Del0.8,0.73
X-2655,PDGFD,80310.0,Amp5,7.52
X-2655,PDGFRL,5157.0,Amp5,6.59
X-2655,PDK2,5164.0,Amp5,6.77
X-2655,PECAM1,5175.0,Amp5,5.1
X-2655,PFKFB3,5209.0,MutNovel,"P495S,0.507"
X-2655,PGBD2,267002.0,Del0.8,0.72
X-2655,PGS1,9489.0,Amp5,5.78
X-2655,PHACTR4,65979.0,MutKnownFunctional,"-61?,0.254"
X-2655,PHB,5245.0,Amp5,6.77
X-2655,PHLDA1,22822.0,MutNovel,"QQ194Q,0.507"
X-2655,PIAS4,51588.0,MutNovel,"E389K,0.730"
X-2655,PKN1,5585.0,MutNovel,"D942N,0.316"
X-2655,PKP3,11187.0,MutNovel,"V271I,0.400"
X-2655,PLEKHG3,26030.0,MutNovel,"C911R,1.000"
X-2655,PLIN2,123.0,Del0.8,0.8
X-2655,POLG2,11232.0,Amp5,5.1
X-2655,POTEB,339010.0,Amp5,5.62
X-2655,PPP1R2P3,153743.0,Amp5,5.13
X-2655,PPP1R9B,84687.0,Amp5,6.77
X-2655,PQLC1,80148.0,Del0.8,0.71
X-2655,PRKAR1A,5573.0,Amp5,5.62
X-2655,PRKY,5616.0,Del0.8,0.26
X-2655,PRMT2,3275.0,Del0.8,0.23
X-2655,PROP1,5626.0,Amp5,6.96
X-2655,PRSS55,203074.0,Amp5,7.52
X-2655,PRY,9081.0,Del0.8,0.26
X-2655,PRY,9081.0,Del0.8,0.26
X-2655,PRY2,442862.0,Del0.8,0.26
X-2655,PRY2,442862.0,Del0.8,0.26
X-2655,PSMC5,5705.0,Amp5,5.1
X-2655,PTPLAD2,401494.0,Del0.8,0.77
X-2655,PTPRR,5801.0,Amp5,7.89
X-2655,PTTG1,9232.0,Amp5,5.66
X-2655,PWWP2A,114825.0,Amp8,8.28
X-2655,RAB3IP,117177.0,Amp8,32.45
X-2655,RAB40AL,282808.0,MutNovel,"I216R,1.000"
X-2655,RASGEF1C,255426.0,Amp5,5.39
X-2655,RASSF9,9182.0,Amp8,21.11
X-2655,RBFA,79863.0,Del0.8,0.5
X-2655,RBMY1A3P,286557.0,Del0.8,0.26
X-2655,RBMY1B,378948.0,Del0.8,0.26
X-2655,RBMY1B,378948.0,Del0.8,0.26
X-2655,RBMY1E,378950.0,Del0.8,0.26
X-2655,RBMY1E,378950.0,Del0.8,0.26
X-2655,RBMY1F,159163.0,Del0.8,0.26
X-2655,RBMY1F,159163.0,Del0.8,0.26
X-2655,RBMY1J,378951.0,Del0.8,0.26
X-2655,RBMY1J,378951.0,Del0.8,0.26
X-2655,RBMY2EP,159125.0,Del0.8,0.26
X-2655,RBMY2FP,159162.0,Del0.8,0.26
X-2655,RBMY3AP,64593.0,Del0.8,0.26
X-2655,RFPL1,5988.0,MutNovel,"S224G,1.000"
X-2655,RIMS3,9783.0,MutNovel,"P232S,0.400"
X-2655,RIN2,54453.0,MutNovel,"S330I,0.605"
X-2655,RLIM,51132.0,MutNovel,"G448D,0.995"
X-2655,RMND5B,64777.0,Amp5,6.96
X-2655,RNF130,55819.0,Amp5,5.39
X-2655,RNF145,153830.0,Amp8,8.28
X-2655,RNF40,9810.0,MutNovel,"A418T,0.561"
X-2655,RNF43,54894.0,Amp5,5.39
X-2655,RP1L1,94137.0,MutNovel,"P1846L,0.975"
X-2655,RPL38,6169.0,Amp5,5.46
X-2655,RPN2,6185.0,MutNovel,"T24M,0.509"
X-2655,RPS4Y1,6192.0,Del0.8,0.26
X-2655,RPS4Y2,140032.0,Del0.8,0.26
X-2655,RRAGA,10670.0,Del0.8,0.8
X-2655,RTL1,388015.0,MutNovel,"E152EK,0.841"
X-2655,RTTN,25914.0,Del0.8,0.79
X-2655,RUFY1,80230.0,Amp5,6.96
X-2655,RYR2,6262.0,MutNovel,"G1752S,0.833"
X-2655,S100B,6285.0,Del0.8,0.42
X-2655,SAMD14,201191.0,Amp5,6.77
X-2655,SCARNA16,677781.0,Amp5,5.78
X-2655,SCARNA8,677776.0,Del0.8,0.8
X-2655,SCGB3A1,92304.0,Amp5,5.39
X-2655,SCN4A,6329.0,Amp5,5.1
X-2655,SCRIB,23513.0,MutNovel,"A1537V,0.659"
X-2655,SDK2,54549.0,Amp5,5.46
X-2655,SEC14L1,6397.0,Amp5,5.78
X-2655,SEL1L,6400.0,Amp5,5.06
X-2655,2014-09-04 00:00:00,5414.0,Amp5,5.39
X-2655,2014-09-09 00:00:00,10801.0,Amp5,5.78
X-2655,SERINC2,347735.0,MutNovel,"-373Q,0.408"
X-2655,SETD1B,23067.0,MutNovel,"A1445T,0.469"
X-2655,SGCA,6442.0,Amp5,6.77
X-2655,SGCD,6444.0,Amp5,5.13
X-2655,SH3YL1,26751.0,Del0.8,0.62
X-2655,SLC16A6,9120.0,Amp5,5.62
X-2655,SLC24A2,25769.0,Del0.8,0.58
X-2655,SLC35B1,10237.0,Amp5,6.77
X-2655,SLC35E3,55508.0,Amp8,28.44
X-2655,SLC39A11,201266.0,Amp5,5.78
X-2655,SLC44A5,204962.0,MutNovel,"S398L,0.382"
X-2655,SLC7A2,6542.0,Amp8,13.45
X-2655,SLIT3,6586.0,Amp5,5.31
X-2655,SLU7,10569.0,Amp8,8.28
X-2655,SMARCD2,6603.0,Amp5,5.1
X-2655,SNORA76,677842.0,Amp5,5.1
X-2655,SNORA79,677845.0,Amp5,5.06
X-2655,SNORD104,692227.0,Amp5,5.1
X-2655,SOCS3,9021.0,Amp5,5.78
X-2655,SOCS6,9306.0,Del0.8,0.79
X-2655,SOX13,9580.0,MutNovel,"A349T,0.549"
X-2655,SOX30,11063.0,Amp5,5.13
X-2655,SPEN,23013.0,MutNovel,"R1854W,0.669"
X-2655,SPOP,8405.0,Amp5,6.77
X-2655,SQSTM1,8878.0,Amp5,5.39
X-2655,SRP14,6727.0,MutNovel,"A116AQ,0.264"
X-2655,SRSF1,6426.0,Amp5,5.39
X-2655,SRSF2,6427.0,Amp5,5.78
X-2655,SRY,6736.0,Del0.8,0.26
X-2655,SSH1,54434.0,MutNovel,"FL1014L,0.415"
X-2655,SSTR2,6752.0,Amp5,5.46
X-2655,ST6GALNAC1,55808.0,Amp5,5.78
X-2655,STAT6,6778.0,Amp8,17.63
X-2655,STON2,85439.0,Amp5,5.06
X-2655,STRADA,92335.0,Amp5,5.1
X-2655,SUPT4H1,6827.0,Amp5,5.39
X-2655,SYNE1,23345.0,MutKnownFunctional,"-3853?,0.294"
X-2655,SYNGR2,9144.0,Amp5,5.78
X-2655,TAC3,6866.0,Amp8,17.63
X-2655,TAC4,255061.0,Amp5,6.77
X-2655,TACO1,51204.0,Amp5,5.1
X-2655,TANC2,26115.0,Amp5,5.1
X-2655,TBC1D9B,23061.0,Amp5,5.39
X-2655,TBL1Y,90665.0,Del0.8,0.26
X-2655,TBP,6908.0,MutNovel,"-64Q,0.250"
X-2655,TCAM1P,146771.0,Amp5,5.1
X-2655,TEX2,55852.0,Amp5,5.1
X-2655,TGIF2LY,90655.0,Del0.8,0.26
X-2655,THBS1,7057.0,MutNovel,"D671N,0.580"
X-2655,THG1L,54974.0,Amp5,5.13
X-2655,TIMD4,91937.0,Amp5,5.13
X-2655,TK1,7083.0,Amp5,5.78
X-2655,TMC6,11322.0,Amp5,5.78
X-2655,TMC8,147138.0,Amp5,5.78
X-2655,TMEM123,114908.0,Amp5,5.17
X-2655,TMEM132A,54972.0,MutNovel,"A523K,0.506"
X-2655,TMEM194A,23306.0,Amp8,17.63
X-2655,TMEM235,283999.0,Amp5,5.78
X-2655,TMEM92,162461.0,Amp5,6.77
X-2655,TMSB4Y,9087.0,Del0.8,0.26
X-2655,TNRC6C,57690.0,Amp5,5.78
X-2655,TRIM59,286827.0,MutNovel,"P220A,0.500"
X-2655,TRIM7,81786.0,Amp5,5.39
X-2655,TSFM,10102.0,Amp8,19.56
X-2655,TSHR,7253.0,Amp5,5.06
X-2655,TSPAN31,6302.0,Amp8,19.56
X-2655,TSPY1,7258.0,Del0.8,0.26
X-2655,TSPY2,64591.0,Del0.8,0.26
X-2655,TSPY3,728137.0,Del0.8,0.26
X-2655,TSPY4,728395.0,Del0.8,0.26
X-2655,TSPY8,728403.0,Del0.8,0.26
X-2655,TSPYL1,7259.0,MutNovel,"V176VW,0.848"
X-2655,TSR1,55720.0,MutNovel,"VG269G,0.339"
X-2655,TTC1,7265.0,Amp8,8.28
X-2655,TTTY10,246119.0,Del0.8,0.26
X-2655,TTTY11,83866.0,Del0.8,0.26
X-2655,TTTY12,83867.0,Del0.8,0.26
X-2655,TTTY13,83868.0,Del0.8,0.26
X-2655,TTTY14,83869.0,Del0.8,0.26
X-2655,TTTY15,64595.0,Del0.8,0.26
X-2655,TTTY16,252948.0,Del0.8,0.26
X-2655,TTTY17A,252949.0,Del0.8,0.26
X-2655,TTTY17A,252949.0,Del0.8,0.26
X-2655,TTTY18,252950.0,Del0.8,0.26
X-2655,TTTY19,252952.0,Del0.8,0.26
X-2655,TTTY1B,100101116.0,Del0.8,0.26
X-2655,TTTY1B,100101116.0,Del0.8,0.26
X-2655,TTTY2,60439.0,Del0.8,0.26
X-2655,TTTY2,60439.0,Del0.8,0.26
X-2655,TTTY20,252951.0,Del0.8,0.26
X-2655,TTTY21,252953.0,Del0.8,0.26
X-2655,TTTY21,252953.0,Del0.8,0.26
X-2655,TTTY22,252954.0,Del0.8,0.26
X-2655,TTTY23,252955.0,Del0.8,0.26
X-2655,TTTY23,252955.0,Del0.8,0.26
X-2655,TTTY3,114760.0,Del0.8,0.26
X-2655,TTTY3,114760.0,Del0.8,0.26
X-2655,TTTY4,114761.0,Del0.8,0.26
X-2655,TTTY4,114761.0,Del0.8,0.26
X-2655,TTTY5,83863.0,Del0.8,0.26
X-2655,TTTY6,84672.0,Del0.8,0.26
X-2655,TTTY6,84672.0,Del0.8,0.26
X-2655,TTTY7,246122.0,Del0.8,0.26
X-2655,TTTY7,246122.0,Del0.8,0.26
X-2655,TTTY7B,100101120.0,Del0.8,0.26
X-2655,TTTY7B,100101120.0,Del0.8,0.26
X-2655,TTTY8,84673.0,Del0.8,0.26
X-2655,TTTY8,84673.0,Del0.8,0.26
X-2655,TTTY9A,83864.0,Del0.8,0.26
X-2655,TTTY9A,83864.0,Del0.8,0.26
X-2655,TTYH2,94015.0,Amp5,5.46
X-2655,TXLNG2P,246126.0,Del0.8,0.26
X-2655,TXNL4A,10907.0,Del0.8,0.71
X-2655,UBE2O,63893.0,Amp5,5.66
X-2655,UBLCP1,134510.0,Amp8,8.28
X-2655,UFL1,23376.0,Amp8,11.16
X-2655,UNC93A,54346.0,MutNovel,"W340R,1.000"
X-2655,URB1,9875.0,MutNovel,"R1931K,1.000"
X-2655,USP36,57602.0,MutNovel,"KKK958K,0.744"
X-2655,USP9Y,8287.0,Del0.8,0.26
X-2655,UTY,7404.0,Del0.8,0.26
X-2655,VCY,9084.0,Del0.8,0.26
X-2655,VCY,9084.0,Del0.8,0.26
X-2655,VEZF1,7716.0,Amp5,5.39
X-2655,VGLL3,389136.0,MutNovel,"R143Q,0.523"
X-2655,VPS37A,137492.0,Amp8,23.1
X-2655,VPS37B,79720.0,MutNovel,"A225V,0.524"
X-2655,WIPI1,55062.0,Amp5,5.62
X-2655,WTIP,126374.0,MutNovel,"E70K,0.500"
X-2655,WWC1,23286.0,Amp5,5.7
X-2655,XKRY2,353515.0,Del0.8,0.26
X-2655,XKRY2,353515.0,Del0.8,0.26
X-2655,XRCC6BP1,91419.0,Amp8,19.56
X-2655,YEATS4,8089.0,Amp8,42.22
X-2655,YIPF3,25844.0,MutNovel,"DA65A,0.446"
X-2655,ZBTB39,9880.0,Amp8,17.63
X-2655,ZDHHC2,51201.0,Amp8,8.82
X-2655,ZFP2,80108.0,Amp5,6.96
X-2655,ZFP62,643836.0,Amp5,5.39
X-2655,ZFY,7544.0,Del0.8,0.26
X-2655,ZNF236,7776.0,Del0.8,0.78
X-2655,ZNF354A,6940.0,Amp5,6.96
X-2655,ZNF354B,117608.0,Amp5,6.96
X-2655,ZNF354C,30832.0,Amp5,6.96
X-2655,ZNF454,285676.0,Amp5,6.96
X-2655,ZNF462,58499.0,MutNovel,"A595T,0.514"
X-2655,ZNF772,400720.0,MutNovel,"A4GP,0.636"
X-2655,ZNF879,345462.0,Amp5,6.96
X-2655,ZRANB1,54764.0,MutKnownFunctional,"-709?,0.345"
X-2715,ADAMTS2,9509.0,MutNovel,"-24C,0.355"
X-2715,ADARB1,104.0,MutNovel,"L222P,0.347"
X-2715,ADRA2B,151.0,MutNovel,"E301ERRK,0.214"
X-2715,AGRN,375790.0,MutNovel,"V23L,0.629"
X-2715,ALDH7A1,501.0,MutNovel,"A8T,1.000"
X-2715,ANKRD32,84250.0,MutNovel,"E319Q,0.426"
X-2715,APOO,79135.0,MutNovel,"A120V,0.423"
X-2715,ARNT,405.0,MutNovel,"E111A,0.359"
X-2715,ASCC2,84164.0,MutNovel,"V62I,0.459"
X-2715,ASPN,54829.0,MutNovel,"E52VK,0.386"
X-2715,ATM,472.0,MutNovel,"P1054R,1.000"
X-2715,ATP6V0B,533.0,MutNovel,"A14G,0.403"
X-2715,BARX1,56033.0,MutNovel,"A48T,0.952"
X-2715,BMP2K,55589.0,MutNovel,"Q486H,0.475"
X-2715,C11orf82,220042.0,MutNovel,"V847I,1.000"
X-2715,C14orf126,112487.0,MutNovel,"D28N,0.554"
X-2715,C20orf43,51507.0,MutNovel,"S275L,0.258"
X-2715,C7orf63,79846.0,MutKnownFunctional,"-406?,0.455"
X-2715,C9orf53,51198.0,Del0.8,0.55
X-2715,CACNA1A,773.0,MutNovel,"QQ2330-,0.483"
X-2715,CBWD6,644019.0,MutKnownFunctional,"-259?,0.455"
X-2715,CCDC88C,440193.0,MutNovel,"R1814Q,0.600"
X-2715,CD274,29126.0,MutNovel,"H233D,1.000"
X-2715,CDKN2A,1029.0,Del0.8,0.55
X-2715,CELSR3,1951.0,MutNovel,"A2159S,0.429"
X-2715,CEP44,80817.0,MutNovel,"P144S,0.457"
X-2715,CFHR1,3078.0,Amp5,6.23
X-2715,CFHR3,10878.0,Amp5,6.23
X-2715,CHEK1,1111.0,MutNovel,"T396S,0.982"
X-2715,CHFR,55743.0,MutNovel,"A144S,1.000"
X-2715,CHTF18,63922.0,MutNovel,"V154L,0.661"
X-2715,CNTNAP3B,728577.0,MutNovel,"G1195R,1.000"
X-2715,COPZ2,51226.0,MutKnownFunctional,"-6?,1.000"
X-2715,CRIPAK,285464.0,MutNovel,"P173H,0.538"
X-2715,CTSA,5476.0,MutNovel,"L29-,0.892"
X-2715,CUL9,23113.0,MutNovel,"R669W,0.500"
X-2715,CXorf36,79742.0,Del0.8,0.46
X-2715,DAAM1,23002.0,MutNovel,"P588L,0.688"
X-2715,DENND4B,9909.0,MutNovel,"QQQ908-,0.537"
X-2715,DHX38,9785.0,MutNovel,"K30R,0.991"
X-2715,DIAPH3,81624.0,MutNovel,"R367H,0.500"
X-2715,DMXL1,1657.0,MutNovel,"S587R,0.727"
X-2715,DNAJC13,23317.0,MutNovel,"S503L,0.742"
X-2715,DTL,51514.0,MutNovel,"S632T,0.336"
X-2715,DUSP21,63904.0,Del0.8,0.46
X-2715,DYNC1H1,1778.0,MutNovel,"T3697S,0.495"
X-2715,EIF4G2,1982.0,MutNovel,"P510S,0.462"
X-2715,ELFN1,392617.0,MutNovel,"S629N,0.600"
X-2715,ENPP1,5167.0,MutNovel,"T68S,0.605"
X-2715,ERCC6L2,,MutKnownFunctional,"R564*,0.682"
X-2715,FAM120B,84498.0,MutNovel,"A159T,0.677"
X-2715,FAM132B,,MutNovel,"G281R,0.729"
X-2715,FAM171B,165215.0,MutNovel,"-44QQ,0.714"
X-2715,FBXO31,79791.0,MutNovel,"K200E,1.000"
X-2715,FOXD4L5,653427.0,MutNovel,"P110R,1.000"
X-2715,FOXE1,2304.0,MutNovel,"AA169-,0.556"
X-2715,FUS,2521.0,MutNovel,"GGG223-,0.490"
X-2715,GAS8,2622.0,MutNovel,"N386S,1.000"
X-2715,GIGYF2,26058.0,MutNovel,"R903W,0.648"
X-2715,GIGYF2,26058.0,MutNovel,"PQ1231P,0.773"
X-2715,GK5,256356.0,MutNovel,"C229Y,0.364"
X-2715,GLI4,2738.0,MutNovel,"R161L,0.308"
X-2715,GNB3,2784.0,MutNovel,"A21T,1.000"
X-2715,HIVEP2,3097.0,MutNovel,"R1610H,0.800"
X-2715,HIVEP3,59269.0,MutNovel,"R167H,0.333"
X-2715,HLA-G,3135.0,MutNovel,"M49V,1.000"
X-2715,HLA-G,3135.0,MutNovel,"I123N,1.000"
X-2715,HMCN2,,MutNovel,"R673C,1.000"
X-2715,HNRNPA1L2,144983.0,MutKnownFunctional,"-25,0.286"
X-2715,HSPA1B,3304.0,MutNovel,"N141S,0.500"
X-2715,IFIT1B,439996.0,MutNovel,"Y256C,1.000"
X-2715,IGFN1,91156.0,MutNovel,"G1703R,0.231"
X-2715,IGFN1,91156.0,MutNovel,"M2188I,0.685"
X-2715,IPO4,79711.0,MutNovel,"T92I,0.481"
X-2715,KAT8,84148.0,MutNovel,"A6G,0.600"
X-2715,KDM1A,23028.0,MutNovel,"G46S,0.651"
X-2715,KDM6A,7403.0,Del0.8,0.46
X-2715,KIAA0922,23240.0,MutNovel,"L207P,0.562"
X-2715,KIAA1109,84162.0,MutNovel,"N1074S,0.478"
X-2715,KIF20B,9585.0,MutNovel,"L1062LKV,0.953"
X-2715,KPNA6,23633.0,MutNovel,"I352F,0.596"
X-2715,LCE3C,353144.0,Del0.8,0.58
X-2715,LOC643699,,MutNovel,"R457W,1.000"
X-2715,LOC728047,,MutNovel,"S199C,1.000"
X-2715,MAP3K1,4214.0,MutNovel,"ST941S,0.701"
X-2715,MGA,23269.0,MutNovel,"T1990M,1.000"
X-2715,MPRIP,23164.0,MutNovel,"TS178T,0.580"
X-2715,MRPL44,65080.0,MutNovel,"M231I,0.257"
X-2715,MTG1,92170.0,MutNovel,"T4I,1.000"
X-2715,MTHFD1,4522.0,MutNovel,"D522N,0.576"
X-2715,MYF6,4618.0,MutNovel,"L174F,1.000"
X-2715,NBPF24,,MutNovel,"R36V,0.667"
X-2715,NBPF9,400818.0,MutNovel,"Q184R,0.364"
X-2715,NBPF9,400818.0,MutNovel,"G580E,0.750"
X-2715,NCOA3,8202.0,MutNovel,"Q1255-,0.262"
X-2715,NCOR2,9612.0,MutNovel,"G1839GAAA,0.354"
X-2715,NFKBIA,4792.0,MutNovel,"L104F,0.548"
X-2715,NFKBIZ,64332.0,MutNovel,"E93K,0.462"
X-2715,NFKBIZ,64332.0,MutNovel,"Q95K,0.625"
X-2715,NIP7,51388.0,MutNovel,"V64L,1.000"
X-2715,NPHP4,261734.0,MutNovel,"T679M,0.439"
X-2715,NPIPL3,23117.0,MutNovel,"F885L,0.333"
X-2715,NR1H2,7376.0,MutNovel,"-173Q,0.814"
X-2715,NR2F6,2063.0,MutNovel,"R274C,0.484"
X-2715,NTN5,126147.0,MutNovel,"G147R,1.000"
X-2715,NUP210,23225.0,MutNovel,"I411V,1.000"
X-2715,NUP210,23225.0,MutNovel,"S402A,0.667"
X-2715,OAS2,4939.0,MutNovel,"I607T,0.997"
X-2715,ORAI1,84876.0,MutNovel,"PP43-,0.812"
X-2715,ORC4,5000.0,MutNovel,"R277Q,0.743"
X-2715,OTOP1,133060.0,MutNovel,"R598A,1.000"
X-2715,PABPC1L,80336.0,MutNovel,"A247V,0.333"
X-2715,PCCA,5095.0,MutNovel,"M174I,0.426"
X-2715,PCDHB14,56122.0,MutKnownFunctional,"Q668*,0.526"
X-2715,PCDHB7,56129.0,MutNovel,"R530C,0.441"
X-2715,PCDHGA3,56112.0,MutNovel,"A331S,0.500"
X-2715,PCDHGB2,56103.0,MutNovel,"R12P,0.970"
X-2715,PEX1,5189.0,MutKnownFunctional,"R872*,0.429"
X-2715,PGM3,5238.0,MutKnownFunctional,"-519,0.612"
X-2715,PHLDA1,22822.0,MutNovel,"QQ194Q,0.575"
X-2715,PIH1D2,120379.0,MutNovel,"Y30S,1.000"
X-2715,PJA2,9867.0,MutNovel,"S91C,0.488"
X-2715,PKNOX1,5316.0,MutNovel,"I234V,0.375"
X-2715,PLEKHG7,440107.0,MutNovel,"K344R,0.973"
X-2715,PLOD1,5351.0,MutNovel,"R463W,0.610"
X-2715,PSG6,5675.0,MutNovel,"L192F,1.000"
X-2715,PTPN23,25930.0,MutNovel,"R1301C,0.524"
X-2715,PTPN3,5774.0,MutNovel,"S538T,0.323"
X-2715,PTPRH,5794.0,MutNovel,"P145T,0.364"
X-2715,RAB27A,5873.0,MutNovel,"I44V,1.000"
X-2715,RAD23B,5887.0,MutNovel,"P161L,0.265"
X-2715,RAI1,10743.0,MutNovel,"L266F,0.628"
X-2715,RBM28,55131.0,MutNovel,"T76I,0.330"
X-2715,RBM33,155435.0,MutNovel,"R279Q,0.545"
X-2715,RDBP,7936.0,MutNovel,"RDR222R,0.338"
X-2715,RIN3,79890.0,MutNovel,"G967-,0.471"
X-2715,RNF19A,25897.0,MutNovel,"V172I,0.503"
X-2715,RPRD1A,55197.0,MutNovel,"K144N,0.322"
X-2715,SAP130,79595.0,MutNovel,"N636S,0.284"
X-2715,SDK1,221935.0,MutNovel,"S58P,1.000"
X-2715,SEC31A,22872.0,MutNovel,"D670A,0.520"
X-2715,SERHL2,253190.0,MutNovel,"H168Q,0.857"
X-2715,SERINC2,347735.0,MutNovel,"-373Q,0.719"
X-2715,SGCB,6443.0,MutNovel,"N158K,0.476"
X-2715,SLC7A8,23428.0,MutNovel,"I373L,0.667"
X-2715,SLC9A3R1,9368.0,MutNovel,"A274E,0.659"
X-2715,SLFN13,146857.0,MutNovel,"K255E,0.400"
X-2715,SNED1,25992.0,MutNovel,"A6P,0.600"
X-2715,SOAT1,6646.0,MutNovel,"P116L,0.387"
X-2715,SPTLC1,10558.0,MutNovel,"A310G,0.731"
X-2715,STAG3,10734.0,MutNovel,"R90W,1.000"
X-2715,STAG3,10734.0,MutNovel,"V104A,1.000"
X-2715,STARD9,57519.0,MutNovel,"A1817G,1.000"
X-2715,STXBP5,134957.0,MutNovel,"R709C,0.789"
X-2715,TAF1B,9014.0,MutNovel,"H327L,0.359"
X-2715,TBC1D17,79735.0,MutNovel,"E346Q,0.313"
X-2715,TCEAL1,9338.0,Del0.8,0.39
X-2715,TCEAL3,85012.0,Del0.8,0.39
X-2715,TCEAL4,79921.0,Del0.8,0.39
X-2715,TLL1,7092.0,MutNovel,"N765S,0.385"
X-2715,TLR1,7096.0,MutNovel,"V308G,0.750"
X-2715,TMEM184A,202915.0,MutNovel,"G392GA,0.550"
X-2715,TNXB,7148.0,MutNovel,"M4002T,0.441"
X-2715,TRIM47,91107.0,MutNovel,"P91R,0.372"
X-2715,TSPY10,,MutNovel,"LC276PV,1.000"
X-2715,TSPY10,,MutNovel,"K278A,1.000"
X-2715,TSPYL1,7259.0,MutNovel,"V176VW,0.281"
X-2715,UBQLN1,29979.0,MutNovel,"E54D,0.729"
X-2715,URI1,8725.0,MutNovel,"SDD298S,0.711"
X-2715,USPL1,10208.0,MutNovel,"V811I,0.500"
X-2715,UTY,7404.0,MutNovel,"L1162F,1.000"
X-2715,UTY,7404.0,MutNovel,"HA348PT,0.382"
X-2715,UTY,7404.0,MutNovel,"Q343V,0.409"
X-2715,UTY,7404.0,MutNovel,"V342A,0.519"
X-2715,UTY,7404.0,MutNovel,"AV341ES,0.519"
X-2715,UTY,7404.0,MutNovel,"CA340LP,0.350"
X-2715,UTY,7404.0,MutNovel,"Y338F,0.368"
X-2715,UTY,7404.0,MutKnownFunctional,"A337*,0.368"
X-2715,UTY,7404.0,MutNovel,"CS319ST,0.500"
X-2715,UTY,7404.0,MutNovel,"TW317NL,0.556"
X-2715,UTY,7404.0,MutNovel,"T317S,0.588"
X-2715,UTY,7404.0,MutNovel,"SA314RK,0.500"
X-2715,UTY,7404.0,MutNovel,"S314N,0.526"
X-2715,UTY,7404.0,MutNovel,"AS313VH,0.526"
X-2715,UTY,7404.0,MutNovel,"EA312IT,0.476"
X-2715,UTY,7404.0,MutNovel,"S311K,0.476"
X-2715,UTY,7404.0,MutKnownFunctional,"K310*,0.500"
X-2715,UTY,7404.0,MutNovel,"QS306LT,0.524"
X-2715,UTY,7404.0,MutNovel,"R305T,0.500"
X-2715,UTY,7404.0,MutKnownFunctional,"SY303*D,0.429"
X-2715,UTY,7404.0,MutKnownFunctional,"R289*,0.250"
X-2715,UTY,7404.0,MutNovel,"Y285N,0.211"
X-2715,UTY,7404.0,MutNovel,"DP277TT,0.250"
X-2715,UTY,7404.0,MutNovel,"A276D,0.333"
X-2715,UTY,7404.0,MutNovel,"A276Y,0.333"
X-2715,UTY,7404.0,MutNovel,"EA275DY,0.333"
X-2715,UTY,7404.0,MutNovel,"LE274SS,0.235"
X-2715,UTY,7404.0,MutNovel,"K272R,0.250"
X-2715,UTY,7404.0,MutNovel,"LQ270AE,0.235"
X-2715,UTY,7404.0,MutNovel,"QY268HF,0.316"
X-2715,UTY,7404.0,MutNovel,"IQ267TK,0.353"
X-2715,UTY,7404.0,MutKnownFunctional,"YA265**,0.294"
X-2715,UTY,7404.0,MutNovel,"Y265I,0.333"
X-2715,UTY,7404.0,MutNovel,"E263R,0.312"
X-2715,UTY,7404.0,MutNovel,"T261C,0.400"
X-2715,UTY,7404.0,MutNovel,"AT260VS,0.438"
X-2715,UTY,7404.0,MutNovel,"DK258VS,0.333"
X-2715,UTY,7404.0,MutNovel,"G257E,0.429"
X-2715,UTY,7404.0,MutNovel,"G257E,0.429"
X-2715,UTY,7404.0,MutNovel,"LV255RI,0.267"
X-2715,UTY,7404.0,MutNovel,"MD253IS,0.231"
X-2715,UTY,7404.0,MutNovel,"HN251QS,0.357"
X-2715,UTY,7404.0,MutNovel,"H251F,0.286"
X-2715,UTY,7404.0,MutNovel,"LG246CS,0.235"
X-2715,UTY,7404.0,MutNovel,"Q244I,0.250"
X-2715,UTY,7404.0,MutNovel,"V242A,0.250"
X-2715,UTY,7404.0,MutNovel,"W124R,0.444"
X-2715,VCX3B,425054.0,MutNovel,"K40E,1.000"
X-2715,VPS13A,23230.0,MutNovel,"H2154R,0.822"
X-2715,WARS,7453.0,MutNovel,"D419N,0.479"
X-2715,WIZ,58525.0,MutNovel,"R764W,0.515"
X-2715,WRNIP1,56897.0,MutNovel,"GDGD170-,0.211"
X-2715,YPEL4,219539.0,MutNovel,"R19H,1.000"
X-2715,ZBTB17,7709.0,MutNovel,"D690N,0.435"
X-2715,ZDHHC11,79844.0,MutNovel,"A303D,0.429"
X-2715,ZNF320,162967.0,MutNovel,"T106K,0.489"
X-2715,ZNF384,171017.0,MutNovel,"QQ514Q,0.341"
X-2715,ZNF575,284346.0,MutKnownFunctional,"-229,1.000"
X-2715,ZNF582,147948.0,MutNovel,"Y367C,0.429"
X-2715,ZNF623,9831.0,MutKnownFunctional,"-536,0.474"
X-2715,ZNF717,100131827.0,MutNovel,"G153E,1.000"
X-2715,ZNF728,,MutNovel,"S79P,1.000"
X-2715,ZNF728,,MutNovel,"V76G,1.000"
X-2715,ZNF772,400720.0,MutNovel,"A4GP,0.714"
X-2729,ABR,29.0,MutNovel,"T720M,0.402"
X-2729,ACBD5,91452.0,MutNovel,"Q55H,0.457"
X-2729,ACOT13,55856.0,MutNovel,"V2I,0.636"
X-2729,ADTRP,,MutNovel,"E194Q,0.998"
X-2729,AGTPBP1,23287.0,MutNovel,"P951A,0.732"
X-2729,AKAP12,9590.0,MutNovel,"E1531EEE,0.884"
X-2729,ALDH9A1,223.0,Amp5,5.31
X-2729,AMELY,266.0,Del0.8,0.31
X-2729,ANKRD18A,253650.0,MutNovel,"R285G,1.000"
X-2729,ANKRD27,84079.0,MutNovel,"S638F,0.531"
X-2729,APPL1,26060.0,MutNovel,"N677T,0.216"
X-2729,ATN1,1822.0,MutNovel,"H517R,0.699"
X-2729,ATP1B1,481.0,Amp5,5.03
X-2729,ATP6V1F,9296.0,MutNovel,"P73L,0.500"
X-2729,ATXN7,6314.0,Amp8,35.75
X-2729,AVIL,10677.0,Amp8,26.91
X-2729,BCORP1,286554.0,Del0.8,0.25
X-2729,BEST3,144453.0,MutKnownFunctional,"-59,0.867"
X-2729,BEST3,144453.0,Amp8,27.47
X-2729,BLZF1,8548.0,Amp5,7.73
X-2729,BPY2B,442867.0,Del0.8,0.25
X-2729,BPY2B,442867.0,Del0.8,0.25
X-2729,BRF2,55290.0,Amp8,21.26
X-2729,BRI3,25798.0,MutNovel,"L7P,0.538"
X-2729,BTG3,10950.0,MutNovel,"V108I,0.302"
X-2729,BTRC,8945.0,MutNovel,"E64K,0.447"
X-2729,BZW1,9689.0,MutNovel,"T28I,0.600"
X-2729,C11orf80,79703.0,MutNovel,"G26GA,0.714"
X-2729,C11orf95,65998.0,MutNovel,"P498L,0.609"
X-2729,C12orf28,,MutNovel,"R96C,1.000"
X-2729,C12orf51,283450.0,MutNovel,"S156T,0.333"
X-2729,C1orf105,92346.0,Amp8,14.52
X-2729,C1orf112,55732.0,Amp8,40.5
X-2729,C1orf114,57821.0,Amp5,7.73
X-2729,C1orf129,80133.0,Amp8,13.74
X-2729,C3orf49,132200.0,Amp8,35.75
X-2729,C6orf132,647024.0,MutNovel,"P427S,0.400"
X-2729,CA11,770.0,MutNovel,"V250F,0.600"
X-2729,CACNA1A,773.0,MutNovel,"QQ2330-,0.636"
X-2729,CASC5,57082.0,MutNovel,"W670G,0.464"
X-2729,CCDC149,91050.0,MutNovel,"E490D,0.386"
X-2729,CCT2,10576.0,Amp8,27.47
X-2729,CDADC1,81602.0,MutNovel,"D107V,0.405"
X-2729,CDK4,1019.0,Amp8,26.91
X-2729,CDY1B,253175.0,Del0.8,0.25
X-2729,CDY1B,253175.0,Del0.8,0.25
X-2729,CDY2A,9426.0,Del0.8,0.25
X-2729,CDY2A,9426.0,Del0.8,0.25
X-2729,CDY2B,203611.0,Del0.8,0.25
X-2729,CDY2B,203611.0,Del0.8,0.25
X-2729,CENPE,1062.0,MutNovel,"H771R,0.556"
X-2729,CENPJ,55835.0,MutNovel,"Q951H,0.667"
X-2729,CEP250,11190.0,MutNovel,"E1202M,0.478"
X-2729,CERS4,79603.0,MutNovel,"K96R,0.460"
X-2729,CHCHD10,400916.0,MutNovel,"V85G,0.667"
X-2729,CHTOP,26097.0,Amp8,25.81
X-2729,CNOT2,4848.0,Amp8,31.12
X-2729,CNTNAP3,79937.0,MutNovel,"F1173L,0.667"
X-2729,CNTNAP3B,728577.0,MutNovel,"P847L,0.583"
X-2729,CNTNAP3B,728577.0,MutNovel,"A990T,0.327"
X-2729,CNTNAP3B,728577.0,MutNovel,"G1163D,0.750"
X-2729,CNTNAP3B,728577.0,MutNovel,"A1207T,0.429"
X-2729,COG4,25839.0,MutNovel,"A34T,0.241"
X-2729,COPA,1314.0,Amp5,6.06
X-2729,CPEB2,132864.0,MutNovel,"D192H,0.308"
X-2729,CPM,1368.0,Amp8,35.26
X-2729,CPSF6,11052.0,Amp8,42.81
X-2729,CREG2,200407.0,MutNovel,"P96Q,0.750"
X-2729,CRIPAK,285464.0,MutNovel,"V164A,0.727"
X-2729,CRIPAK,285464.0,MutNovel,"V264M,0.214"
X-2729,CSPG4P1Y,114758.0,Del0.8,0.25
X-2729,CSPG4P1Y,114758.0,Del0.8,0.25
X-2729,CTDSP2,10106.0,Amp8,26.91
X-2729,CTSA,5476.0,MutNovel,"L29-,0.339"
X-2729,CYP27B1,1594.0,Amp8,26.91
X-2729,DAZ1,1617.0,Del0.8,0.25
X-2729,DAZ2,57055.0,Del0.8,0.25
X-2729,DAZ3,57054.0,Del0.8,0.25
X-2729,DAZ3,57054.0,Del0.8,0.25
X-2729,DAZ4,57135.0,Del0.8,0.25
X-2729,DAZ4,57135.0,Del0.8,0.25
X-2729,DCHS1,8642.0,MutNovel,"R2455Q,0.494"
X-2729,DDX3Y,8653.0,Del0.8,0.25
X-2729,DMXL1,1657.0,MutNovel,"S1418N,0.222"
X-2729,DNM3,26052.0,Amp8,26.91
X-2729,DNM3OS,100628315.0,Amp8,33.36
X-2729,DPY19L4,286148.0,MutNovel,"Y425C,0.359"
X-2729,DTWD2,285605.0,MutNovel,"P67R,0.556"
X-2729,EIF1AY,9086.0,Del0.8,0.25
X-2729,EIF2AK3,9451.0,MutNovel,"A52T,0.450"
X-2729,ERLIN2,11160.0,Amp8,21.26
X-2729,F5,2153.0,Amp5,7.73
X-2729,FAM108A1,81926.0,MutNovel,"A220S,0.460"
X-2729,FAM197Y2P,252946.0,Del0.8,0.31
X-2729,FAM41AY1,340618.0,Del0.8,0.25
X-2729,FAM41AY1,340618.0,Del0.8,0.25
X-2729,FAM78B,149297.0,Amp5,7.21
X-2729,FAM9C,171484.0,Del0.8,0.23
X-2729,FANCM,57697.0,MutNovel,"R666G,0.471"
X-2729,FBXL17,64839.0,MutNovel,"Q290H,0.400"
X-2729,FEZ2,9637.0,MutNovel,"L377P,0.532"
X-2729,FGGY,55277.0,Amp8,38.32
X-2729,FLJ39739,388685.0,Amp5,6.77
X-2729,FLRT3,23767.0,Amp8,50.91
X-2729,FMO1,2326.0,Amp8,8.46
X-2729,FMO2,2327.0,Amp8,8.46
X-2729,FMO3,2328.0,Amp8,8.46
X-2729,FMO4,2329.0,Amp8,16.68
X-2729,FMO6P,388714.0,Amp8,8.46
X-2729,FMO9P,116123.0,Amp8,31.56
X-2729,FNDC1,84624.0,MutNovel,"ATTRRTT1471A,0.582"
X-2729,FOXD1,2297.0,MutNovel,"R325H,0.500"
X-2729,FRS2,10818.0,Amp8,25.46
X-2729,GFOD1,54438.0,Amp5,5.5
X-2729,GIGYF2,26058.0,MutNovel,"PQ1231P,0.766"
X-2729,GIT2,9815.0,MutNovel,"V204I,0.491"
X-2729,GLUD2,2747.0,MutNovel,"N227S,1.000"
X-2729,GLUD2,2747.0,MutNovel,"S496R,0.750"
X-2729,GOLGA2P2Y,84559.0,Del0.8,0.25
X-2729,GOLGA2P2Y,84559.0,Del0.8,0.25
X-2729,GOLGA6L10,647042.0,MutNovel,"L360R,0.500"
X-2729,GPR124,25960.0,Amp8,21.26
X-2729,GYG2P1,352887.0,Del0.8,0.25
X-2729,HEATR7A,727957.0,MutNovel,"S873G,0.667"
X-2729,HMGXB3,22993.0,MutNovel,"D1223E,0.537"
X-2729,HNRNPU,3192.0,MutNovel,"G218S,0.474"
X-2729,HOOK1,51361.0,Amp8,36.76
X-2729,HSD52,729467.0,Amp8,25.46
X-2729,HSFY2,159119.0,Del0.8,0.25
X-2729,HSFY2,159119.0,Del0.8,0.25
X-2729,HYDIN,54768.0,MutNovel,"G2557E,1.000"
X-2729,IFNAR2,3455.0,MutNovel,"T480A,0.250"
X-2729,IL1RAPL2,26280.0,Del0.8,0.51
X-2729,ILF2,3608.0,Amp8,25.81
X-2729,IP6K2,51447.0,MutNovel,"S18F,0.375"
X-2729,IRAK3,11213.0,Amp5,7.73
X-2729,ITGBL1,9358.0,MutNovel,"D454H,0.318"
X-2729,JUN,3725.0,Amp8,25.46
X-2729,KCNMB4,27345.0,Amp8,21.11
X-2729,KCNQ5,56479.0,MutNovel,"E938G,0.286"
X-2729,KDM5D,8284.0,Del0.8,0.25
X-2729,KIAA0141,9812.0,MutNovel,"S63P,0.540"
X-2729,KIAA0947,23379.0,MutNovel,"A2203G,0.548"
X-2729,KIAA2026,158358.0,MutNovel,"C585Y,0.368"
X-2729,KIF23,9493.0,MutNovel,"G129R,0.518"
X-2729,KIFAP3,22920.0,Amp5,6.02
X-2729,KLRC2,3822.0,Del0.8,0.61
X-2729,LGR5,8549.0,Amp8,9.13
X-2729,LOC100130357,100130357.0,Amp8,34.3
X-2729,LOC100131060,100131060.0,Amp8,25.46
X-2729,LOC100506844,100506844.0,Amp8,26.91
X-2729,LOC100996543,,MutNovel,"L41P,0.600"
X-2729,LOC619207,619207.0,Amp5,5.98
X-2729,LOC642441,,MutNovel,"W153R,1.000"
X-2729,LOC642441,,MutNovel,"R108G,1.000"
X-2729,LOC728024,728024.0,Amp8,21.26
X-2729,LOC728855,728855.0,Amp5,5.31
X-2729,LOC728855,728855.0,Amp5,6.36
X-2729,LOC728875,728875.0,Amp5,6.36
X-2729,LRRC10,376132.0,Amp8,27.47
X-2729,LSG1,55341.0,MutNovel,"A532V,0.367"
X-2729,LSR,51599.0,MutNovel,"G518GR,0.815"
X-2729,LYZ,4069.0,Amp8,33.13
X-2729,MACROD2,140733.0,Amp8,17.75
X-2729,2014-03-09 00:00:00,92979.0,Amp8,26.91
X-2729,MDM2,4193.0,Amp8,35.26
X-2729,MEF2D,4209.0,MutNovel,"K4E,0.367"
X-2729,METTL1,4234.0,Amp8,26.91
X-2729,METTL11B,149281.0,Amp8,12.21
X-2729,METTL13,51603.0,Amp8,22.47
X-2729,METTL18,92342.0,Amp8,29.24
X-2729,METTL21B,25895.0,Amp8,26.91
X-2729,MFN1,55669.0,MutNovel,"R630I,0.282"
X-2729,MGST3,4259.0,Amp5,5.35
X-2729,MIPEP,4285.0,MutNovel,"S638F,0.366"
X-2729,MIR1279,100302182.0,Amp8,33.13
X-2729,MIR1295A,100302178.0,Amp8,8.46
X-2729,MIR26A2,407016.0,Amp8,26.91
X-2729,MIR3119-1,100422839.0,Amp8,12.21
X-2729,MIR3119-2,100423010.0,Amp8,12.21
X-2729,MIR3120,100422882.0,Amp8,33.36
X-2729,MIR3913-1,100500903.0,Amp8,27.47
X-2729,MIR3913-2,100500868.0,Amp8,27.47
X-2729,MIR4711,100616409.0,Amp8,36.76
X-2729,MIR921,100126349.0,Amp8,25.46
X-2729,MPRIP,23164.0,MutNovel,"TS178T,0.527"
X-2729,MVK,4598.0,MutNovel,"P43S,0.542"
X-2729,MYOC,4653.0,Amp8,24.42
X-2729,MYSM1,114803.0,Amp8,25.46
X-2729,MZT2A,653784.0,MutNovel,"L70V,0.525"
X-2729,NBPF1,55672.0,MutNovel,"P404L,0.368"
X-2729,NBPF10,100132406.0,Amp5,6.11
X-2729,NBPF11,200030.0,MutNovel,"D679A,1.000"
X-2729,NBPF14,25832.0,MutNovel,"R730G,0.429"
X-2729,NBPF14,25832.0,MutNovel,"S176C,0.556"
X-2729,NBPF24,,MutNovel,"V370F,0.500"
X-2729,NCOR2,9612.0,MutNovel,"G1839GAAA,0.472"
X-2729,NCRNA00185,55410.0,Del0.8,0.25
X-2729,NFE2L3,9603.0,MutNovel,"A149V,0.585"
X-2729,NFIA,4774.0,Amp5,6.54
X-2729,NLGN4Y,22829.0,Del0.8,0.25
X-2729,NME7,29922.0,Amp5,5.24
X-2729,NOTCH2NL,388677.0,Amp5,6.11
X-2729,NPIPL3,23117.0,MutNovel,"F885L,0.214"
X-2729,NPR1,4881.0,Amp8,18.77
X-2729,NPTX2,4885.0,MutNovel,"P404L,0.433"
X-2729,NR1H2,7376.0,MutNovel,"-173Q,0.479"
X-2729,NUDT11,55190.0,MutKnownFunctional,"-1,0.545"
X-2729,NUP107,57122.0,Amp5,7.84
X-2729,OBSCN,84033.0,MutNovel,"M3706T,0.231"
X-2729,OR10P1,121130.0,Amp8,21.71
X-2729,OR2W3,343171.0,MutKnownFunctional,"-298?,0.444"
X-2729,ORAI1,84876.0,MutNovel,"PP43-,0.842"
X-2729,OSCP1,127700.0,MutNovel,"G224V,0.308"
X-2729,PCDH11Y,83259.0,Del0.8,0.31
X-2729,PHACTR1,221692.0,Amp8,38.05
X-2729,PHLDA1,22822.0,MutNovel,"QQ194Q,0.418"
X-2729,PIGC,5279.0,Amp8,25.81
X-2729,PLEC,5339.0,MutNovel,"L3361F,0.516"
X-2729,PLXNB2,23654.0,MutNovel,"R724W,0.476"
X-2729,POM121L8P,29797.0,Del0.8,0.79
X-2729,POMZP3,22932.0,MutNovel,"V178M,1.000"
X-2729,PPIAL4A,,MutNovel,"A128V,1.000"
X-2729,PPIAL4B,653505.0,Amp5,6.36
X-2729,PPIAL4B,653505.0,Amp5,5.31
X-2729,PPIAL4C,653598.0,Amp5,6.36
X-2729,PPIAL4C,653598.0,Amp5,5.31
X-2729,PPP4R2,151987.0,MutNovel,"R290H,0.372"
X-2729,PRKY,5616.0,Del0.8,0.31
X-2729,PROSC,11212.0,Amp8,21.26
X-2729,PRRC2C,23215.0,Amp8,28.44
X-2729,PRY,9081.0,Del0.8,0.25
X-2729,PRY,9081.0,Del0.8,0.25
X-2729,PRY2,442862.0,Del0.8,0.25
X-2729,PRY2,442862.0,Del0.8,0.25
X-2729,PSG3,5671.0,MutNovel,"T141N,1.000"
X-2729,PTPRB,5787.0,MutNovel,"F1813L,0.412"
X-2729,RAB11FIP1,80223.0,Amp8,8.46
X-2729,RAB3IP,117177.0,Amp8,16.45
X-2729,RBMY1A3P,286557.0,Del0.8,0.31
X-2729,RBMY1B,378948.0,Del0.8,0.25
X-2729,RBMY1B,378948.0,Del0.8,0.25
X-2729,RBMY1E,378950.0,Del0.8,0.25
X-2729,RBMY1E,378950.0,Del0.8,0.25
X-2729,RBMY1F,159163.0,Del0.8,0.25
X-2729,RBMY1F,159163.0,Del0.8,0.25
X-2729,RBMY1J,378951.0,Del0.8,0.25
X-2729,RBMY1J,378951.0,Del0.8,0.25
X-2729,RBMY2EP,159125.0,Del0.8,0.25
X-2729,RBMY2FP,159162.0,Del0.8,0.25
X-2729,RBMY3AP,64593.0,Del0.8,0.25
X-2729,RIN3,79890.0,MutNovel,"G967-,0.592"
X-2729,RNASEH2A,10535.0,MutNovel,"A170D,0.402"
X-2729,RNF216,54476.0,MutNovel,"E537Q,0.538"
X-2729,RPS4Y1,6192.0,Del0.8,0.31
X-2729,RPS4Y2,140032.0,Del0.8,0.25
X-2729,S100A1,6271.0,Amp8,25.81
X-2729,S100A13,6284.0,Amp8,25.81
X-2729,S100A14,57402.0,Amp8,25.81
X-2729,S100A16,140576.0,Amp8,25.81
X-2729,S100A2,6273.0,Amp8,48.5
X-2729,S100A3,6274.0,Amp8,48.5
X-2729,S100A4,6275.0,Amp8,48.5
X-2729,S100A5,6276.0,Amp8,27.67
X-2729,S100A6,6277.0,Amp8,27.67
X-2729,S100A7,6278.0,Amp8,18.13
X-2729,S100A7A,338324.0,Amp5,6.11
X-2729,S100A7L2,645922.0,Amp8,18.13
X-2729,SCYL3,57147.0,Amp8,37.53
X-2729,SECISBP2L,9728.0,MutNovel,"A203T,0.462"
X-2729,SEL1L2,80343.0,Amp8,10.48
X-2729,SELE,6401.0,Amp5,5.86
X-2729,SELL,6402.0,Amp5,6.73
X-2729,SELP,6403.0,Amp5,7.73
X-2729,SENP7,57337.0,MutNovel,"E622Q,0.404"
X-2729,SERINC2,347735.0,MutNovel,"-373Q,0.455"
X-2729,SHARPIN,81858.0,MutNovel,"A8T,0.522"
X-2729,SLC19A2,10560.0,Amp5,7.73
X-2729,SLC2A13,114134.0,MutNovel,"S6N,0.929"
X-2729,SLC35E3,55508.0,Amp8,35.26
X-2729,SLC9A1,6548.0,MutNovel,"T603-,0.288"
X-2729,SLC9A3,6550.0,MutNovel,"R683W,0.750"
X-2729,SNAPC4,6621.0,MutNovel,"S542-,0.477"
X-2729,SNAPIN,23557.0,Amp8,25.81
X-2729,SNTN,132203.0,Amp8,23.75
X-2729,SOX17,64321.0,MutNovel,"M270L,0.203"
X-2729,SPTY2D1,144108.0,MutNovel,"KR107R,0.432"
X-2729,SRGAP1,57522.0,Amp5,6.11
X-2729,SRPX2,27286.0,Del0.8,0.2
X-2729,SRY,6736.0,Del0.8,0.31
X-2729,STAT5B,6777.0,MutNovel,"A729S,0.340"
X-2729,SUMO1P3,474338.0,Amp8,25.11
X-2729,SYNPR,132204.0,Amp8,8.22
X-2729,SYTL4,94121.0,Del0.8,0.27
X-2729,TBC1D7,51256.0,Amp8,34.3
X-2729,TBL1Y,90665.0,Del0.8,0.31
X-2729,TBP,6908.0,MutNovel,"-64Q,0.571"
X-2729,TEAD4,7004.0,MutNovel,"S18F,0.533"
X-2729,TGIF2LY,90655.0,Del0.8,0.31
X-2729,THAP2,83591.0,Amp8,9.13
X-2729,THOC7,80145.0,Amp8,35.75
X-2729,TM2D1,83941.0,MutNovel,"I182F,0.469"
X-2729,TMEM19,55266.0,Amp8,9.13
X-2729,TMOD1,7111.0,MutNovel,"R189Q,0.846"
X-2729,TMSB4Y,9087.0,Del0.8,0.25
X-2729,TNFAIP6,7130.0,MutKnownFunctional,"-278,0.319"
X-2729,TOP1P1,7151.0,Amp8,32.9
X-2729,TOR3A,64222.0,MutNovel,"A54E,0.427"
X-2729,TPH1,7166.0,MutNovel,"D433N,0.750"
X-2729,TRIM73,,MutNovel,"M210T,0.750"
X-2729,TRMT44,,MutNovel,"M300L,0.488"
X-2729,TSFM,10102.0,Amp8,26.91
X-2729,TSPAN31,6302.0,Amp8,26.91
X-2729,TSPAN8,7103.0,Amp8,9.13
X-2729,TSPY1,7258.0,Del0.8,0.31
X-2729,TSPY2,64591.0,Del0.8,0.31
X-2729,TSPY3,728137.0,Del0.8,0.31
X-2729,TSPY4,728395.0,Del0.8,0.31
X-2729,TSPY8,728403.0,Del0.8,0.31
X-2729,TSPYL1,7259.0,MutNovel,"V176VW,0.853"
X-2729,TTTY10,246119.0,Del0.8,0.25
X-2729,TTTY11,83866.0,Del0.8,0.31
X-2729,TTTY12,83867.0,Del0.8,0.31
X-2729,TTTY13,83868.0,Del0.8,0.25
X-2729,TTTY14,83869.0,Del0.8,0.25
X-2729,TTTY15,64595.0,Del0.8,0.25
X-2729,TTTY16,252948.0,Del0.8,0.31
X-2729,TTTY17A,252949.0,Del0.8,0.25
X-2729,TTTY17A,252949.0,Del0.8,0.25
X-2729,TTTY18,252950.0,Del0.8,0.31
X-2729,TTTY19,252952.0,Del0.8,0.31
X-2729,TTTY1B,100101116.0,Del0.8,0.25
X-2729,TTTY1B,100101116.0,Del0.8,0.31
X-2729,TTTY2,60439.0,Del0.8,0.31
X-2729,TTTY2,60439.0,Del0.8,0.25
X-2729,TTTY20,252951.0,Del0.8,0.31
X-2729,TTTY21,252953.0,Del0.8,0.31
X-2729,TTTY21,252953.0,Del0.8,0.25
X-2729,TTTY22,252954.0,Del0.8,0.25
X-2729,TTTY23,252955.0,Del0.8,0.25
X-2729,TTTY23,252955.0,Del0.8,0.31
X-2729,TTTY3,114760.0,Del0.8,0.25
X-2729,TTTY3,114760.0,Del0.8,0.25
X-2729,TTTY4,114761.0,Del0.8,0.25
X-2729,TTTY4,114761.0,Del0.8,0.25
X-2729,TTTY5,83863.0,Del0.8,0.25
X-2729,TTTY6,84672.0,Del0.8,0.25
X-2729,TTTY6,84672.0,Del0.8,0.25
X-2729,TTTY7,246122.0,Del0.8,0.31
X-2729,TTTY7,246122.0,Del0.8,0.25
X-2729,TTTY7B,100101120.0,Del0.8,0.31
X-2729,TTTY7B,100101120.0,Del0.8,0.25
X-2729,TTTY8,84673.0,Del0.8,0.31
X-2729,TTTY8,84673.0,Del0.8,0.25
X-2729,TTTY9A,83864.0,Del0.8,0.25
X-2729,TTTY9A,83864.0,Del0.8,0.25
X-2729,TXLNG2P,246126.0,Del0.8,0.25
X-2729,TXNDC11,51061.0,MutNovel,"R707W,0.735"
X-2729,USP28,57646.0,MutNovel,"D15E,0.588"
X-2729,USP36,57602.0,MutNovel,"KKK958K,0.615"
X-2729,USP9X,8239.0,MutNovel,"K1156R,0.439"
X-2729,USP9Y,8287.0,Del0.8,0.25
X-2729,UTY,7404.0,Del0.8,0.25
X-2729,VAMP4,8674.0,Amp8,32.22
X-2729,VCY,9084.0,Del0.8,0.25
X-2729,VCY,9084.0,Del0.8,0.25
X-2729,VPS26B,112936.0,MutNovel,"GK32G,0.971"
X-2729,WDR33,55339.0,MutNovel,"R1028Q,0.509"
X-2729,XKRY2,353515.0,Del0.8,0.25
X-2729,XKRY2,353515.0,Del0.8,0.25
X-2729,XRCC6BP1,91419.0,Amp8,26.91
X-2729,YEATS4,8089.0,Amp8,33.13
X-2729,ZBTB25,7597.0,MutNovel,"T425K,0.205"
X-2729,ZFC3H1,196441.0,Amp8,9.13
X-2729,ZFY,7544.0,Del0.8,0.31
X-2729,ZNF219,51222.0,MutNovel,"QPP233P,0.250"
X-2729,ZNF223,7766.0,Amp5,7.46
X-2729,ZNF266,10781.0,MutKnownFunctional,"-443,0.394"
X-2729,ZNF284,342909.0,Amp5,7.46
X-2729,ZNF438,220929.0,MutNovel,"G201A,0.389"
X-2729,ZNF469,84627.0,MutNovel,"R3414T,0.500"
X-2729,ZNF585B,92285.0,MutKnownFunctional,"-284,0.842"
X-2729,ZNF703,80139.0,Amp8,21.26
X-2729,ZNF787,126208.0,MutNovel,"A254V,0.547"
X-2930,61E3.4,,MutNovel,"K338N,1.000"
X-2930,61E3.4,,MutNovel,"R113H,0.244"
X-2930,ABLIM1,3983.0,MutNovel,"S651A,0.519"
X-2930,ADAMTS8,11095.0,MutNovel,"LP21P,0.630"
X-2930,ALS2,57679.0,MutNovel,"E143D,0.467"
X-2930,ALS2CR11,151254.0,MutNovel,"Q1326H,0.600"
X-2930,ANHX,,MutNovel,"A346V,1.000"
X-2930,ANKRD36,375248.0,MutNovel,"T998S,0.266"
X-2930,ARHGEF5,7984.0,MutNovel,"V502L,1.000"
X-2930,ASIC2,,MutNovel,"R46L,0.667"
X-2930,ATAD3C,219293.0,MutNovel,"Y98F,0.391"
X-2930,ATHL1,80162.0,MutNovel,"C103G,0.439"
X-2930,AXL,558.0,MutNovel,"V127M,0.502"
X-2930,BMP2K,55589.0,MutNovel,"N283H,0.273"
X-2930,BMP2K,55589.0,MutNovel,"Q486H,0.571"
X-2930,BMPR2,659.0,MutNovel,"R10Q,0.480"
X-2930,C10orf118,55088.0,MutNovel,"L537S,0.411"
X-2930,C11orf35,256329.0,MutNovel,"P545T,0.576"
X-2930,C16orf95,100506581.0,MutNovel,"R151H,0.523"
X-2930,C16orf95,100506581.0,MutNovel,"C131Y,0.577"
X-2930,C1orf159,54991.0,MutNovel,"A10G,0.630"
X-2930,CALR,811.0,MutNovel,"EDE393-,0.266"
X-2930,CBWD6,644019.0,MutKnownFunctional,"-259?,0.324"
X-2930,CCZ1,51622.0,MutNovel,"M410L,0.368"
X-2930,CD2BP2,10421.0,MutNovel,"S273L,0.528"
X-2930,CDC42EP1,11135.0,MutNovel,"PAPAANPS253P,0.241"
X-2930,CEP152,22995.0,MutNovel,"L1256R,0.417"
X-2930,CEP164,22897.0,MutNovel,"R998L,0.522"
X-2930,CEP68,23177.0,MutNovel,"G553R,0.438"
X-2930,CPS1,1373.0,MutNovel,"F571I,0.556"
X-2930,CRAMP1L,57585.0,MutNovel,"A68V,0.692"
X-2930,CRIPAK,285464.0,MutNovel,"V164A,0.538"
X-2930,CTAG2,30848.0,MutNovel,"R57G,0.625"
X-2930,CXorf30,645090.0,MutNovel,"F371Y,1.000"
X-2930,CYP27B1,1594.0,MutNovel,"R459C,0.429"
X-2930,DAZ1,1617.0,MutNovel,"S599R,0.750"
X-2930,DHX9,1660.0,MutNovel,"N100H,0.511"
X-2930,ETFB,2109.0,MutKnownFunctional,"-93?,0.714"
X-2930,FAM120C,54954.0,MutNovel,"P110RRP,0.650"
X-2930,FAM155B,27112.0,MutNovel,"K374R,0.950"
X-2930,FAM177A1,283635.0,MutKnownFunctional,"-70,0.244"
X-2930,FAM86B2,653333.0,MutNovel,"V280M,1.000"
X-2930,FBXO11,80204.0,MutNovel,"-57S,0.298"
X-2930,FNDC1,84624.0,MutNovel,"ATTRRTT1471A,0.492"
X-2930,FTSJD2,23070.0,MutNovel,"T168N,0.556"
X-2930,GIGYF2,26058.0,MutNovel,"PQ1231P,0.768"
X-2930,GOLGA8B,440270.0,MutNovel,"R455C,0.953"
X-2930,GOLGA8H,,MutNovel,"L311V,0.750"
X-2930,GPR137C,283554.0,MutNovel,"S27G,0.667"
X-2930,GPR35,2859.0,MutNovel,"T197I,0.467"
X-2930,GPR85,54329.0,MutNovel,"V160M,0.500"
X-2930,GUF1,60558.0,MutKnownFunctional,"-467,0.238"
X-2930,HEATR1,55127.0,MutNovel,"P345R,0.462"
X-2930,HIC1,3090.0,MutNovel,"P370A,0.557"
X-2930,HLA-DRB1,3123.0,Del0.8,0.65
X-2930,HLA-DRB6,3128.0,Del0.8,0.65
X-2930,HMCN1,83872.0,MutNovel,"R383Q,0.567"
X-2930,HMCN2,,MutNovel,"R2836H,0.555"
X-2930,HRNR,388697.0,MutKnownFunctional,"-1,0.875"
X-2930,HS6ST1,9394.0,MutNovel,"V21A,0.633"
X-2930,IER5,51278.0,MutNovel,"EEE290-,0.364"
X-2930,KDM4E,,MutNovel,"Q113R,1.000"
X-2930,KIAA1024,23251.0,MutNovel,"T852M,0.667"
X-2930,KIAA1549,57670.0,MutNovel,"R8C,0.857"
X-2930,KIF20B,9585.0,MutNovel,"L1062LKV,0.353"
X-2930,LCE3B,353143.0,Del0.8,0.12
X-2930,LCE3C,353144.0,Del0.8,0.12
X-2930,LOC642643,,MutNovel,"E124G,1.000"
X-2930,LOC728888,,MutNovel,"R113H,0.750"
X-2930,LRRC17,10234.0,MutKnownFunctional,"-422?,0.273"
X-2930,LRRC37A,9884.0,MutNovel,"T167I,1.000"
X-2930,MAFA,389692.0,MutNovel,"HH207H,0.357"
X-2930,MAFA,389692.0,MutNovel,"P157S,0.634"
X-2930,MAFA,389692.0,MutNovel,"N127Y,0.643"
X-2930,MAML1,9794.0,MutNovel,"A68T,0.449"
X-2930,MAP3K4,4216.0,MutNovel,"PA1189P,0.562"
X-2930,MEGF8,1954.0,MutNovel,"R1049C,0.565"
X-2930,MPRIP,23164.0,MutNovel,"TS178T,0.556"
X-2930,NACAD,23148.0,MutNovel,"D612E,0.273"
X-2930,NBPF10,100132406.0,MutNovel,"I1165F,0.263"
X-2930,NBPF11,200030.0,MutNovel,"A504N,1.000"
X-2930,NBPF15,284565.0,MutNovel,"A101T,1.000"
X-2930,NCOR2,9612.0,MutNovel,"G1839GAAA,0.653"
X-2930,NCOR2,9612.0,MutNovel,"-511SS,0.225"
X-2930,NF1,4763.0,MutNovel,"L2073F,0.469"
X-2930,NR1H2,7376.0,MutNovel,"-173Q,0.404"
X-2930,OGDHL,55753.0,MutNovel,"T891M,0.417"
X-2930,OR11H12,440153.0,MutNovel,"I175T,0.600"
X-2930,ORAI1,84876.0,MutNovel,"PP43-,0.733"
X-2930,OVGP1,5016.0,MutNovel,"V198G,0.364"
X-2930,PABPC3,5042.0,MutKnownFunctional,"-299,0.889"
X-2930,PAK6,56924.0,MutNovel,"R228Q,0.800"
X-2930,PHC1,1911.0,MutKnownFunctional,"-840?,0.250"
X-2930,PHF3,23469.0,MutNovel,"G98S,0.519"
X-2930,PHLDA1,22822.0,MutNovel,"QQ194Q,0.471"
X-2930,PIEZO1,9780.0,MutNovel,"HQQQQQEE744-,0.397"
X-2930,PKDREJ,10343.0,MutNovel,"H81R,1.000"
X-2930,PKNOX2,63876.0,MutNovel,"E442-,0.310"
X-2930,PPP1R3F,89801.0,MutNovel,"A257V,1.000"
X-2930,QRICH2,84074.0,MutNovel,"R275C,0.400"
X-2930,RAB3GAP2,25782.0,MutNovel,"D1027N,0.524"
X-2930,RABL2A,11159.0,MutKnownFunctional,"-77,0.341"
X-2930,RCAN1,1827.0,MutNovel,"AEAA17A,0.545"
X-2930,RHOXF2B,727940.0,Del0.8,0.56
X-2930,RIN3,79890.0,MutNovel,"G967-,0.500"
X-2930,RNPS1,10921.0,MutNovel,"S127-,0.576"
X-2930,SAMM50,25813.0,MutNovel,"V446I,0.549"
X-2930,SERINC2,347735.0,MutNovel,"-373Q,0.806"
X-2930,SIRT2,22933.0,MutNovel,"R163H,0.482"
X-2930,SLC22A4,6583.0,MutNovel,"I400V,0.533"
X-2930,SLC2A13,114134.0,MutNovel,"S6N,0.250"
X-2930,SLC35B4,84912.0,MutNovel,"I247V,0.443"
X-2930,SLC35E2,9906.0,MutNovel,"V232I,0.252"
X-2930,SLC9C1,,MutNovel,"I711T,1.000"
X-2930,SMPD5,,MutNovel,"G417E,0.455"
X-2930,SNAPC4,6621.0,MutNovel,"S542-,0.286"
X-2930,SRSF8,10929.0,MutNovel,"RRSRSYG116-,0.254"
X-2930,STARD9,57519.0,MutNovel,"S1893Y,0.564"
X-2930,TAG,404663.0,Del0.8,0.64
X-2930,TARBP1,6894.0,MutNovel,"E713A,0.421"
X-2930,TBP,6908.0,MutNovel,"-64Q,0.281"
X-2930,TLK2,11011.0,MutNovel,"R262Q,0.217"
X-2930,TMTC4,84899.0,MutNovel,"V713M,0.483"
X-2930,TRMT44,,MutNovel,"A2P,0.812"
X-2930,TRNAU1AP,54952.0,MutNovel,"A76V,0.681"
X-2930,TSEN54,283989.0,MutNovel,"M1MEP,0.263"
X-2930,TSPYL1,7259.0,MutNovel,"V176VW,0.904"
X-2930,UPF3A,65110.0,MutNovel,"D403N,0.558"
X-2930,USP36,57602.0,MutNovel,"KKK958K,0.402"
X-2930,UTP20,27340.0,MutNovel,"L196W,0.465"
X-2930,UTY,7404.0,MutNovel,"EH1039LY,0.286"
X-2930,UTY,7404.0,MutNovel,"N1038I,0.286"
X-2930,UTY,7404.0,MutNovel,"VE1034AI,0.500"
X-2930,UTY,7404.0,MutNovel,"LV1033SL,0.500"
X-2930,UTY,7404.0,MutNovel,"KT1031FP,0.500"
X-2930,UTY,7404.0,MutNovel,"F1028T,0.500"
X-2930,UTY,7404.0,MutNovel,"LD1023FH,0.429"
X-2930,UTY,7404.0,MutNovel,"L1021Q,0.333"
X-2930,UTY,7404.0,MutNovel,"KN1008NP,0.312"
X-2930,UTY,7404.0,MutNovel,"PK1007HQ,0.333"
X-2930,UTY,7404.0,MutNovel,"N1006P,0.389"
X-2930,UTY,7404.0,MutNovel,"CT1004YL,0.476"
X-2930,UTY,7404.0,MutNovel,"H348P,0.409"
X-2930,UTY,7404.0,MutNovel,"I339G,0.333"
X-2930,UTY,7404.0,MutNovel,"Q336A,0.333"
X-2930,UTY,7404.0,MutNovel,"M332E,0.500"
X-2930,UTY,7404.0,MutNovel,"QP330HS,0.471"
X-2930,UTY,7404.0,MutNovel,"NQ329LK,0.357"
X-2930,UTY,7404.0,MutNovel,"Q328F,0.286"
X-2930,UTY,7404.0,MutNovel,"Q327K,0.438"
X-2930,UTY,7404.0,MutKnownFunctional,"Y325*,0.529"
X-2930,UTY,7404.0,MutNovel,"Y325T,0.529"
X-2930,UTY,7404.0,MutNovel,"VL323GE,0.429"
X-2930,UTY,7404.0,MutNovel,"V323M,0.385"
X-2930,UTY,7404.0,MutNovel,"G322D,0.562"
X-2930,UTY,7404.0,MutNovel,"IG321SN,0.562"
X-2930,UTY,7404.0,MutNovel,"S320T,0.450"
X-2930,UTY,7404.0,MutKnownFunctional,"CS319*T,0.450"
X-2930,UTY,7404.0,MutKnownFunctional,"C319*,0.261"
X-2930,UTY,7404.0,MutKnownFunctional,"C319*,0.261"
X-2930,UTY,7404.0,MutNovel,"D316P,0.250"
X-2930,UTY,7404.0,MutNovel,"EA312DT,0.545"
X-2930,UTY,7404.0,MutNovel,"E312I,0.696"
X-2930,UTY,7404.0,MutNovel,"E312I,0.696"
X-2930,UTY,7404.0,MutNovel,"KS310RK,0.714"
X-2930,UTY,7404.0,MutKnownFunctional,"K310*,0.739"
X-2930,UTY,7404.0,MutKnownFunctional,"DK309G*,0.739"
X-2930,UTY,7404.0,MutKnownFunctional,"G288*,0.722"
X-2930,UTY,7404.0,MutNovel,"SG280LC,0.647"
X-2930,UTY,7404.0,MutNovel,"DP277EA,0.538"
X-2930,UTY,7404.0,MutNovel,"A276E,0.647"
X-2930,UTY,7404.0,MutKnownFunctional,"A276*,0.647"
X-2930,UTY,7404.0,MutKnownFunctional,"EA275A*,0.647"
X-2930,UTY,7404.0,MutNovel,"LE274RQ,0.471"
X-2930,UTY,7404.0,MutNovel,"Q271A,0.538"
X-2930,UTY,7404.0,MutNovel,"I267M,0.545"
X-2930,UTY,7404.0,MutNovel,"I267R,0.545"
X-2930,UTY,7404.0,MutNovel,"I267V,0.273"
X-2930,UTY,7404.0,MutNovel,"SY264RG,0.600"
X-2930,UTY,7404.0,MutNovel,"AT260VS,0.421"
X-2930,UTY,7404.0,MutNovel,"G257K,0.312"
X-2930,UTY,7404.0,MutNovel,"M253R,0.217"
X-2930,UTY,7404.0,MutNovel,"MH249IM,0.227"
X-2930,UTY,7404.0,MutNovel,"M249G,0.261"
X-2930,UTY,7404.0,MutNovel,"QQ244IE,0.300"
X-2930,UTY,7404.0,MutNovel,"V242A,0.318"
X-2930,UTY,7404.0,MutNovel,"AT240QS,0.304"
X-2930,UTY,7404.0,MutNovel,"K239F,0.227"
X-2930,UTY,7404.0,MutNovel,"V238Q,0.273"
X-2930,UTY,7404.0,MutNovel,"AQ236VK,0.308"
X-2930,UTY,7404.0,MutNovel,"P235S,0.240"
X-2930,UTY,7404.0,MutNovel,"N233T,0.222"
X-2930,UTY,7404.0,MutNovel,"LQ229FT,0.259"
X-2930,UTY,7404.0,MutNovel,"L229K,0.259"
X-2930,UTY,7404.0,MutNovel,"L228V,0.259"
X-2930,UTY,7404.0,MutKnownFunctional,"YE225*F,0.250"
X-2930,UTY,7404.0,MutNovel,"AY224VI,0.292"
X-2930,UTY,7404.0,MutNovel,"A224P,0.250"
X-2930,UTY,7404.0,MutNovel,"K222N,0.308"
X-2930,UTY,7404.0,MutNovel,"K222L,0.308"
X-2930,UTY,7404.0,MutNovel,"SA220LR,0.304"
X-2930,UTY,7404.0,MutNovel,"Y218I,0.238"
X-2930,UTY,7404.0,MutNovel,"V136I,0.562"
X-2930,UTY,7404.0,MutNovel,"G134C,0.500"
X-2930,UTY,7404.0,MutKnownFunctional,"YG131*L,0.455"
X-2930,UTY,7404.0,MutNovel,"L130S,0.435"
X-2930,UTY,7404.0,MutNovel,"AA127KT,0.500"
X-2930,UTY,7404.0,MutNovel,"N126R,0.500"
X-2930,UTY,7404.0,MutNovel,"RE43IL,0.256"
X-2930,VPS13D,55187.0,MutNovel,"G2082D,0.597"
X-2930,VPS13D,55187.0,MutNovel,"Q4060H,0.520"
X-2930,WRNIP1,56897.0,MutNovel,"D184E,0.467"
X-2930,WTIP,126374.0,MutNovel,"E70K,0.465"
X-2930,ZDHHC11,79844.0,MutNovel,"A303D,0.650"
X-2930,ZFAT,57623.0,MutNovel,"E1167K,0.542"
X-2930,ZFP106,64397.0,MutNovel,"N445S,0.522"
X-2930,ZNF384,171017.0,MutNovel,"QQ514Q,0.455"
X-2930,ZNF41,7592.0,MutNovel,"A442T,1.000"
X-2930,ZNF528,84436.0,MutNovel,"IHTG486R,0.833"
X-2930,ZNF594,84622.0,MutNovel,"K430I,0.396"
X-2930,ZNF730,,MutNovel,"S296F,0.471"
X-2930,ZNF76,7629.0,MutNovel,"P448L,0.513"
X-2930,ZNF772,400720.0,MutNovel,"A4GP,0.318"
X-2930,ZXDC,79364.0,MutNovel,"A126V,0.667"
X-2990,AANAT,15.0,Amp5,6.32
X-2990,AATK,9625.0,Amp5,5.94
X-2990,AATK-AS1,388428.0,Amp5,5.94
X-2990,ABCA12,26154.0,Del0.8,0.56
X-2990,ACADL,33.0,Del0.8,0.55
X-2990,ACOT8,10005.0,MutKnownFunctional,"-1R?,0.357"
X-2990,ACOX1,51.0,Amp5,6.32
X-2990,ACSS3,79611.0,Amp8,62.68
X-2990,ACTRT1,139741.0,Del0.8,0.53
X-2990,ADAM15,8751.0,MutNovel,"P744R,0.424"
X-2990,ADAM23,8745.0,Del0.8,0.52
X-2990,ADAMTSL2,9719.0,MutNovel,"D914E,0.500"
X-2990,ADIPOR1,51094.0,Amp5,7.73
X-2990,ADORA1,134.0,Amp5,7.73
X-2990,AGAP1,116987.0,Del0.8,0.54
X-2990,AGAP2,116986.0,Amp8,28.05
X-2990,AGAP7,653268.0,MutNovel,"D97E,1.000"
X-2990,AGFG1,3267.0,Del0.8,0.54
X-2990,AGPAT2,10555.0,MutNovel,"R81W,0.357"
X-2990,AGXT,189.0,Del0.8,0.5
X-2990,AIFM1,9131.0,Del0.8,0.53
X-2990,AKT3,10000.0,Del0.8,0.79
X-2990,ALG13,79868.0,Del0.8,0.54
X-2990,ALPI,248.0,Del0.8,0.59
X-2990,ALPP,250.0,Del0.8,0.59
X-2990,ALPPL2,251.0,Del0.8,0.59
X-2990,ALS2CR12,130540.0,Del0.8,0.68
X-2990,ALX1,8092.0,Amp8,44.32
X-2990,AMOT,154796.0,Del0.8,0.54
X-2990,ANG,283.0,MutNovel,"R145H,0.218"
X-2990,ANKMY1,51281.0,Del0.8,0.6
X-2990,ANO7,50636.0,Del0.8,0.5
X-2990,AOX1,316.0,Del0.8,0.56
X-2990,AOX2P,344454.0,Del0.8,0.56
X-2990,APLN,8862.0,Del0.8,0.53
X-2990,APOOL,139322.0,Del0.8,0.56
X-2990,AQP12A,375318.0,Del0.8,0.5
X-2990,AQP12B,653437.0,Del0.8,0.5
X-2990,AQR,9716.0,MutNovel,"I527T,0.325"
X-2990,ARHGAP36,158763.0,Del0.8,0.53
X-2990,ARHGEF25,115557.0,Amp8,19.16
X-2990,ARHGEF6,9459.0,Del0.8,0.54
X-2990,ARL4C,10123.0,Del0.8,0.54
X-2990,ARL8A,127829.0,Amp8,8.17
X-2990,ARMC7,79637.0,Amp5,6.32
X-2990,ARMC9,80210.0,Del0.8,0.52
X-2990,ASCL1,429.0,Amp8,43.41
X-2990,ASPHD2,57168.0,MutNovel,"Y76C,1.000"
X-2990,ASTN1,460.0,Amp5,5.43
X-2990,ATAD2,29028.0,MutNovel,"D277E,0.490"
X-2990,ATG16L1,55054.0,Del0.8,0.54
X-2990,ATG4B,23192.0,Del0.8,0.5
X-2990,ATP10A,57194.0,MutNovel,"A695V,0.800"
X-2990,ATP11C,286410.0,Del0.8,0.54
X-2990,ATP2B4,493.0,Amp5,7.73
X-2990,ATP5H,10476.0,Amp5,6.32
X-2990,ATP6V1G3,127124.0,Amp5,6.11
X-2990,ATRX,546.0,Del0.8,0.37
X-2990,ATXN2,6311.0,Amp5,6.54
X-2990,AVIL,10677.0,Amp8,28.05
X-2990,AXIN2,8313.0,Amp5,6.82
X-2990,AZI1,22994.0,Amp5,5.94
X-2990,B3GNT7,93010.0,Del0.8,0.52
X-2990,B4GALNT1,2583.0,Amp8,19.16
X-2990,BAIAP2,10458.0,Amp5,5.94
X-2990,BARD1,580.0,Del0.8,0.56
X-2990,BCORL1,63035.0,Del0.8,0.53
X-2990,BDH2,56898.0,MutNovel,"K48N,0.563"
X-2990,BEST3,144453.0,Amp8,8.57
X-2990,BEX2,84707.0,Amp5,7.16
X-2990,BEX4,56271.0,Amp5,7.16
X-2990,BMP6,654.0,MutNovel,"R28Q,1.000"
X-2990,BMPR2,659.0,Del0.8,0.76
X-2990,BOK,666.0,Del0.8,0.5
X-2990,BOK-AS1,100379249.0,Del0.8,0.5
X-2990,BRS3,680.0,Del0.8,0.54
X-2990,BRWD3,254065.0,Del0.8,0.75
X-2990,BTBD17,388419.0,Amp5,6.32
X-2990,BTG2,7832.0,Amp5,7.73
X-2990,BZW1,9689.0,Del0.8,0.56
X-2990,C12orf29,91298.0,Amp5,5.35
X-2990,C12orf50,160419.0,Amp5,5.35
X-2990,C12orf55,,MutNovel,"A267P,0.957"
X-2990,C12orf55,,MutNovel,"A267G,1.000"
X-2990,C17orf109,643008.0,Amp5,6.32
X-2990,C17orf110,100130933.0,Amp5,6.32
X-2990,C17orf28,283987.0,Amp5,6.32
X-2990,C17orf77,146723.0,Amp5,6.32
X-2990,C1QTNF1,114897.0,Amp5,6.41
X-2990,C21orf58,54058.0,MutNovel,"H299PN,0.692"
X-2990,C2orf54,79919.0,Del0.8,0.5
X-2990,C2orf57,165100.0,Del0.8,0.52
X-2990,C2orf72,257407.0,Del0.8,0.52
X-2990,C2orf80,389073.0,Del0.8,0.55
X-2990,C2orf82,389084.0,Del0.8,0.54
X-2990,C2orf83,56918.0,Del0.8,0.54
X-2990,CAB39,51719.0,Del0.8,0.52
X-2990,CAMK1G,57172.0,Amp8,8.75
X-2990,CANT1,124583.0,Amp5,6.41
X-2990,CAPN10,11132.0,Del0.8,0.5
X-2990,CAPS2,84698.0,Amp8,9.92
X-2990,CARD14,79092.0,Amp5,5.94
X-2990,CASKIN2,57513.0,Amp5,6.32
X-2990,CASP10,843.0,Del0.8,0.56
X-2990,CASP8,841.0,Del0.8,0.56
X-2990,CBX2,84733.0,Amp5,5.94
X-2990,CBX4,8535.0,Amp5,5.94
X-2990,CBX8,57332.0,Amp5,5.94
X-2990,CCDC160,347475.0,Del0.8,0.5
X-2990,CCDC40,55036.0,Amp5,5.94
X-2990,CCDC59,29080.0,Amp8,9
X-2990,CCDC66,285331.0,MutNovel,"S606SP,0.649"
X-2990,CCL20,6364.0,Del0.8,0.54
X-2990,CCNYL1,151195.0,Del0.8,0.55
X-2990,CCT2,10576.0,Amp8,32.22
X-2990,CD300A,11314.0,Amp5,6.32
X-2990,CD300C,10871.0,Amp5,6.32
X-2990,CD300E,342510.0,Amp5,6.32
X-2990,CD300LB,124599.0,Amp5,6.32
X-2990,CD300LD,100131439.0,Amp5,6.32
X-2990,CD300LF,146722.0,Amp5,6.32
X-2990,CD40LG,959.0,Del0.8,0.54
X-2990,CDC42EP1,11135.0,MutNovel,"PAPAANPS253P,0.778"
X-2990,CDK17,5128.0,Amp8,86.82
X-2990,CDK3,1018.0,Amp5,6.32
X-2990,CDK4,1019.0,Amp8,28.05
X-2990,CDKN1C,1028.0,MutNovel,"APVAV171V,0.750"
X-2990,CDR1,1038.0,Del0.8,0.54
X-2990,CDR2L,30850.0,Amp5,6.32
X-2990,CEP112,201134.0,Amp5,5.82
X-2990,CEP290,80184.0,Amp8,9.19
X-2990,CFLAR,8837.0,Del0.8,0.56
X-2990,CFLAR-AS1,65072.0,Del0.8,0.56
X-2990,CHI3L1,1116.0,Amp5,7.73
X-2990,CHIT1,1118.0,Amp5,7.73
X-2990,CHM,1121.0,Del0.8,0.56
X-2990,CHMP6,79643.0,Amp5,5.94
X-2990,CHRND,1144.0,Del0.8,0.59
X-2990,CHRNG,1146.0,Del0.8,0.59
X-2990,CHST15,51363.0,MutKnownFunctional,"-456,0.615"
X-2990,CHTOP,26097.0,Amp8,13.09
X-2990,CLK1,1195.0,Del0.8,0.56
X-2990,CLP1,10978.0,MutNovel,"H69R,0.281"
X-2990,CNOT2,4848.0,Amp5,7.57
X-2990,COL4A3,1285.0,Del0.8,0.54
X-2990,COL4A4,1286.0,Del0.8,0.54
X-2990,COPS7B,64708.0,Del0.8,0.52
X-2990,CPAMD8,27151.0,MutKnownFunctional,"-1896,0.667"
X-2990,CPM,1368.0,Amp8,11.71
X-2990,CPO,130749.0,Del0.8,0.56
X-2990,CPS1,1373.0,Del0.8,0.55
X-2990,CPS1-IT1,29034.0,Del0.8,0.55
X-2990,CPXCR1,53336.0,Del0.8,0.57
X-2990,CRAMP1L,57585.0,MutNovel,"A68V,0.600"
X-2990,CREB1,1385.0,Del0.8,0.55
X-2990,CRIPAK,285464.0,MutNovel,"P142R,0.412"
X-2990,CRIPAK,285464.0,MutNovel,"V164A,0.800"
X-2990,CRYGA,1418.0,Del0.8,0.55
X-2990,CRYGB,1419.0,Del0.8,0.55
X-2990,CRYGC,1420.0,Del0.8,0.55
X-2990,CRYGD,1421.0,Del0.8,0.55
X-2990,CSRP1,1465.0,Amp5,7.73
X-2990,CT45A1,541466.0,Del0.8,0.54
X-2990,CT45A2,728911.0,Del0.8,0.54
X-2990,CT45A3,441519.0,Del0.8,0.54
X-2990,CT45A4,441520.0,Del0.8,0.54
X-2990,CT45A4,441520.0,Del0.8,0.54
X-2990,CT45A5,441521.0,Del0.8,0.54
X-2990,CT45A6,541465.0,Del0.8,0.54
X-2990,CTDSP2,10106.0,Amp8,28.05
X-2990,CTSA,5476.0,MutNovel,"L29-,0.897"
X-2990,CXXC11,285093.0,Del0.8,0.5
X-2990,CXorf48,54967.0,Del0.8,0.52
X-2990,CXorf64,100130613.0,Del0.8,0.54
X-2990,CXorf66,347487.0,Del0.8,0.54
X-2990,CXorf69,644538.0,Del0.8,0.52
X-2990,CYB5R1,51706.0,Amp5,7.73
X-2990,CYGB,114757.0,Amp5,6.32
X-2990,CYLC1,1538.0,Del0.8,0.56
X-2990,CYP27B1,1594.0,Amp8,28.05
X-2990,D2HGDH,728294.0,Del0.8,0.5
X-2990,DACH2,117154.0,Del0.8,0.56
X-2990,DCAF12L1,139170.0,Del0.8,0.54
X-2990,DCAF12L2,340578.0,Del0.8,0.54
X-2990,DDX26B,203522.0,Del0.8,0.54
X-2990,DGKD,8527.0,Del0.8,0.54
X-2990,DGKQ,1609.0,MutNovel,"P27L,0.833"
X-2990,DIS3L2,129563.0,Del0.8,0.45
X-2990,DKFZp686D0853,401613.0,Del0.8,0.54
X-2990,DNAAF2,55172.0,MutNovel,"H281Q,0.714"
X-2990,DNAI2,64446.0,Amp5,6.32
X-2990,DNAJB3,414061.0,Del0.8,0.54
X-2990,DNER,92737.0,Del0.8,0.53
X-2990,DPT,1805.0,MutNovel,"G37E,0.807"
X-2990,DTX3,196403.0,Amp8,19.16
X-2990,DTYMK,1841.0,Del0.8,0.5
X-2990,DUSP28,285193.0,Del0.8,0.5
X-2990,DYTN,391475.0,Del0.8,0.52
X-2990,E2F7,144455.0,Amp8,9.65
X-2990,ECEL1,9427.0,Del0.8,0.59
X-2990,ECEL1P2,347694.0,Del0.8,0.59
X-2990,EFHD1,80303.0,MutNovel,"L6R,1.000"
X-2990,EFHD1,80303.0,Del0.8,0.59
X-2990,EIF4A3,9775.0,Amp5,5.94
X-2990,EIF4E2,9470.0,Del0.8,0.59
X-2990,ELF3,1999.0,Amp8,8.17
X-2990,ELF4,2000.0,Del0.8,0.53
X-2990,ELK3,2004.0,Amp8,70.03
X-2990,ENDOV,284131.0,Amp5,5.94
X-2990,ENGASE,64772.0,Amp5,6.41
X-2990,ENOX2,10495.0,Del0.8,0.53
X-2990,ENPP7,339221.0,Amp5,5.94
X-2990,ERBB4,2066.0,Del0.8,0.55
X-2990,ESX1,80712.0,Amp5,7.21
X-2990,ETNK2,55224.0,Amp5,7.73
X-2990,EVPL,2125.0,Amp5,6.32
X-2990,EXOC7,23265.0,Amp5,6.32
X-2990,F9,2158.0,Del0.8,0.54
X-2990,FADS6,283985.0,Amp5,6.32
X-2990,FAM100B,283991.0,Amp5,6.32
X-2990,FAM117B,150864.0,Del0.8,0.73
X-2990,FAM122B,159090.0,Del0.8,0.52
X-2990,FAM122C,159091.0,Del0.8,0.52
X-2990,FAM126B,285172.0,Del0.8,0.56
X-2990,FAM127A,8933.0,Del0.8,0.52
X-2990,FAM127B,26071.0,Del0.8,0.52
X-2990,FAM127C,441518.0,Del0.8,0.52
X-2990,FAM199X,139231.0,Amp5,7.21
X-2990,FAM21A,387680.0,Del0.8,0.75
X-2990,FAM45B,55855.0,Del0.8,0.53
X-2990,FAM5B,57795.0,Amp5,5.43
X-2990,FARP2,9855.0,Del0.8,0.5
X-2990,FBF1,85302.0,Amp5,6.32
X-2990,FBXO11,80204.0,MutNovel,"Y521F,0.412"
X-2990,FBXO21,23014.0,MutNovel,"R296C,0.992"
X-2990,FBXO36,130888.0,Del0.8,0.53
X-2990,FDXR,2232.0,Amp5,6.32
X-2990,FGF13,2258.0,Del0.8,0.54
X-2990,FHL1,2273.0,Del0.8,0.54
X-2990,FLJ45079,400624.0,Amp5,6.32
X-2990,FLJ90757,440465.0,Amp5,5.94
X-2990,FMOD,2331.0,Amp5,7.73
X-2990,FN1,2335.0,Del0.8,0.73
X-2990,FOXJ1,2302.0,Amp5,6.32
X-2990,FRMD7,90167.0,Del0.8,0.53
X-2990,FRMPD3,,MutNovel,"S865L,1.000"
X-2990,FRS2,10818.0,Amp8,32.22
X-2990,FUK,197258.0,MutNovel,"L198S,0.593"
X-2990,FZD5,7855.0,Del0.8,0.55
X-2990,FZD7,8324.0,Del0.8,0.59
X-2990,GAA,2548.0,Amp5,5.94
X-2990,GABRA3,2556.0,Del0.8,0.75
X-2990,GABRE,2564.0,Del0.8,0.56
X-2990,GABRQ,55879.0,Del0.8,0.49
X-2990,GAL3ST2,64090.0,Del0.8,0.5
X-2990,GALK1,2584.0,Amp5,6.32
X-2990,GALNT4,8693.0,Amp8,8.63
X-2990,GALR2,8811.0,Amp5,6.32
X-2990,GGA3,23163.0,Amp5,6.32
X-2990,GIGYF2,26058.0,Del0.8,0.46
X-2990,GKAP1,80318.0,Del0.8,0.53
X-2990,GLIPR1,11010.0,Amp8,17.03
X-2990,GLIPR1L1,256710.0,Amp8,11.63
X-2990,GLIPR1L2,144321.0,Amp8,17.03
X-2990,GLRA4,441509.0,Amp5,7.16
X-2990,GLTSCR2,29997.0,MutNovel,"D401A,0.353"
X-2990,GOLT1A,127845.0,Amp5,7.73
X-2990,GPC1,2817.0,Del0.8,0.5
X-2990,GPC3,2719.0,Del0.8,0.67
X-2990,GPC4,2239.0,Del0.8,0.52
X-2990,GPR1,2825.0,Del0.8,0.52
X-2990,GPR101,83550.0,Del0.8,0.54
X-2990,GPR112,139378.0,Del0.8,0.54
X-2990,GPR119,139760.0,Del0.8,0.53
X-2990,GPR142,350383.0,Amp5,6.32
X-2990,GPR35,2859.0,Del0.8,0.5
X-2990,GPR37L1,9283.0,Amp8,8.17
X-2990,GPR55,9290.0,Del0.8,0.52
X-2990,GPRC5C,55890.0,Amp5,6.32
X-2990,GRB2,2885.0,Amp5,6.32
X-2990,GRIN2C,2905.0,Amp5,6.32
X-2990,GRIP1,23426.0,Amp5,6.54
X-2990,GSTM1,2944.0,Del0.8,0.55
X-2990,GSTT2,2953.0,Del0.8,0.75
X-2990,H2BFM,286436.0,Amp8,15.35
X-2990,H2BFWT,158983.0,Amp8,15.35
X-2990,H2BFXP,767811.0,Amp5,7.16
X-2990,H2BFXP,767811.0,Amp5,7.21
X-2990,H3F3B,3021.0,Amp5,6.32
X-2990,HDLBP,3069.0,Del0.8,0.5
X-2990,HDX,139324.0,Del0.8,0.56
X-2990,HELB,92797.0,Amp5,6.73
X-2990,HJURP,55355.0,Del0.8,0.54
X-2990,HLA-G,3135.0,MutNovel,"A34T,0.714"
X-2990,HLA-G,3135.0,MutNovel,"Y137H,1.000"
X-2990,HMGA2,8091.0,Amp8,10.13
X-2990,HMGN5,79366.0,Del0.8,0.56
X-2990,HN1,51155.0,Amp5,6.32
X-2990,HNRNPA0,10949.0,MutNovel,"G227AG,0.250"
X-2990,HNRPDL,9987.0,MutNovel,"L38P,0.608"
X-2990,HPRT1,3251.0,Del0.8,0.52
X-2990,HSF2,3298.0,MutNovel,"R502H,0.336"
X-2990,HTATSF1,27336.0,Del0.8,0.54
X-2990,HTR2B,3357.0,Del0.8,0.52
X-2990,HTR2C,3358.0,Del0.8,0.54
X-2990,ICT1,3396.0,Amp5,6.32
X-2990,IDH1,3417.0,Del0.8,0.55
X-2990,IGSF1,3547.0,Del0.8,0.53
X-2990,IL1RAPL2,26280.0,Amp8,11.88
X-2990,ILF2,3608.0,Amp5,5.35
X-2990,ING5,84289.0,Del0.8,0.5
X-2990,INPP5D,3635.0,Del0.8,0.54
X-2990,IPO9,55705.0,Amp8,8.17
X-2990,IRS1,3667.0,Del0.8,0.54
X-2990,ITGB4,3691.0,Amp5,6.32
X-2990,ITM2C,81618.0,Del0.8,0.52
X-2990,IVL,3713.0,Amp8,13.27
X-2990,JMJD6,23210.0,Amp5,6.32
X-2990,KALRN,8997.0,MutNovel,"G2296D,0.312"
X-2990,KATNAL2,83473.0,MutNovel,"R303Q,0.500"
X-2990,KCNC2,3747.0,Amp8,10.34
X-2990,KCNJ13,3769.0,Del0.8,0.39
X-2990,KCTD18,130535.0,Del0.8,0.56
X-2990,KCTD2,23510.0,Amp5,6.32
X-2990,KDM5B,10765.0,Amp5,7.73
X-2990,KIAA0195,9772.0,Amp5,6.32
X-2990,KIAA0284,283638.0,MutNovel,"T571I,0.310"
X-2990,KIAA1199,57214.0,MutNovel,"VK1356V,0.417"
X-2990,KIF19,124602.0,Amp5,6.32
X-2990,KIF1A,547.0,Del0.8,0.5
X-2990,KISS1,3814.0,Amp5,7.73
X-2990,KITLG,4254.0,Amp5,7.67
X-2990,KLF7,8609.0,Del0.8,0.56
X-2990,KLHL12,59349.0,Amp5,7.73
X-2990,KRR1,11103.0,Amp8,17.03
X-2990,KRTAP16-1,100505753.0,Amp5,5.1
X-2990,KRTAP17-1,83902.0,Amp5,5.1
X-2990,KRTAP9-3,83900.0,Amp8,9.19
X-2990,KRTAP9-4,85280.0,Amp8,9.19
X-2990,KRTAP9-8,83901.0,Amp8,9.19
X-2990,LAD1,3898.0,Amp5,7.73
X-2990,LAMB3,3914.0,Amp8,8.75
X-2990,LANCL1,10314.0,Del0.8,0.55
X-2990,LAX1,54900.0,Amp5,7.73
X-2990,LCE1A,353131.0,Amp8,13.27
X-2990,LCE3B,353143.0,Del0.8,0.14
X-2990,LCE3C,353144.0,Del0.8,0.14
X-2990,LCE6A,448835.0,Amp8,13.27
X-2990,LDOC1,23641.0,Del0.8,0.54
X-2990,LELP1,149018.0,Amp8,13.27
X-2990,LGALS3BP,3959.0,Amp5,6.41
X-2990,LGR5,8549.0,Amp8,26.35
X-2990,LGR6,59352.0,Amp8,8.17
X-2990,LHFPL1,340596.0,Del0.8,0.54
X-2990,LINC00086,399668.0,Del0.8,0.54
X-2990,LINC00087,644596.0,Del0.8,0.52
X-2990,LINC00303,284573.0,Amp5,7.73
X-2990,LINC00338,654434.0,Amp5,6.32
X-2990,LINC00469,283982.0,Amp5,5.54
X-2990,LINC00471,151477.0,Del0.8,0.52
X-2990,LINC00511,400619.0,Amp5,5.94
X-2990,LLGL2,3993.0,Amp5,6.32
X-2990,LLPH,84298.0,Amp8,30.7
X-2990,LMOD1,25802.0,Amp8,8.17
X-2990,LOC100128420,100128420.0,Del0.8,0.54
X-2990,LOC100129515,100129515.0,Del0.8,0.52
X-2990,LOC100129520,100129520.0,Del0.8,0.54
X-2990,LOC100129662,100129662.0,Del0.8,0.54
X-2990,LOC100130776,100130776.0,Amp8,28.05
X-2990,LOC100131234,100131234.0,Amp5,6.11
X-2990,LOC100286922,100286922.0,Del0.8,0.54
X-2990,LOC100287042,100287042.0,Amp5,6.32
X-2990,LOC100294362,100294362.0,Amp5,5.94
X-2990,LOC100499467,100499467.0,Amp5,5.94
X-2990,LOC100506757,100506757.0,Del0.8,0.52
X-2990,LOC100507140,100507140.0,Del0.8,0.56
X-2990,LOC100507246,100507246.0,Amp5,6.32
X-2990,LOC100507351,100507351.0,Amp5,6.32
X-2990,LOC100507410,100507410.0,Amp5,6.41
X-2990,LOC100507443,100507443.0,Del0.8,0.55
X-2990,LOC100653515,100653515.0,Amp5,6.41
X-2990,LOC127841,127841.0,Amp8,10.41
X-2990,LOC148709,148709.0,Amp5,7.73
X-2990,LOC151475,151475.0,Del0.8,0.72
X-2990,LOC151484,151484.0,Del0.8,0.52
X-2990,LOC158696,158696.0,Del0.8,0.54
X-2990,LOC200726,200726.0,Del0.8,0.52
X-2990,LOC200772,200772.0,Del0.8,0.5
X-2990,LOC286437,286437.0,Amp5,7.21
X-2990,LOC286467,286467.0,Del0.8,0.53
X-2990,LOC338758,338758.0,Amp8,9.51
X-2990,LOC340544,340544.0,Amp5,7.16
X-2990,LOC348761,348761.0,Del0.8,0.52
X-2990,LOC400620,400620.0,Amp5,5.54
X-2990,LOC439994,439994.0,Del0.8,0.8
X-2990,LOC440704,440704.0,Amp5,6.41
X-2990,LOC641515,641515.0,Amp5,7.73
X-2990,LOC728323,728323.0,Del0.8,0.5
X-2990,LOC730227,730227.0,Amp5,7.73
X-2990,LOR,4014.0,Amp8,13.27
X-2990,LRRC10,376132.0,Amp8,32.22
X-2990,LRRIQ1,84125.0,Amp8,41.36
X-2990,LRRN2,10446.0,Amp8,8.69
X-2990,LYZ,4069.0,Amp8,57.28
X-2990,MACF1,23499.0,MutKnownFunctional,"R4775*,0.328"
X-2990,MADCAM1,8174.0,MutNovel,"P262Q,0.333"
X-2990,MAGEA10,4109.0,Del0.8,0.56
X-2990,MAGEA10-MAGEA5,100533997.0,Del0.8,0.56
X-2990,MAGEA4,4103.0,Del0.8,0.56
X-2990,MAGEA5,4104.0,Del0.8,0.56
X-2990,MAGEC1,9947.0,Del0.8,0.56
X-2990,MAGEC2,51438.0,Del0.8,0.56
X-2990,MAGEC3,139081.0,Del0.8,0.56
X-2990,MAGT1,84061.0,Del0.8,0.35
X-2990,MAP2,4133.0,Del0.8,0.55
X-2990,MAP3K4,4216.0,MutNovel,"PA1189P,0.500"
X-2990,MAP7D3,79649.0,Del0.8,0.54
X-2990,2014-03-10 00:00:00,162333.0,Amp5,5.86
X-2990,2014-03-04 00:00:00,57574.0,Del0.8,0.55
X-2990,2014-03-09 00:00:00,92979.0,Amp8,28.05
X-2990,MBNL3,55796.0,Del0.8,0.53
X-2990,MCF2,4168.0,Del0.8,0.54
X-2990,MCM4,4173.0,MutNovel,"P62S,0.604"
X-2990,MDH1B,130752.0,Del0.8,0.75
X-2990,MDM1,56890.0,Amp8,17.39
X-2990,MDM2,4193.0,Amp8,38.85
X-2990,MDM4,4194.0,Amp5,6.5
X-2990,MED12,9968.0,MutNovel,"-2070Q,0.386"
X-2990,METTL1,4234.0,Amp8,28.05
X-2990,METTL21A,151194.0,Del0.8,0.55
X-2990,METTL21B,25895.0,Amp8,28.05
X-2990,METTL23,124512.0,Amp5,6.32
X-2990,MFF,56947.0,Del0.8,0.54
X-2990,MFSD11,79157.0,Amp5,6.32
X-2990,MGAT4C,25834.0,Amp8,11.55
X-2990,MGAT5B,146664.0,Amp5,6.32
X-2990,MGC16121,84848.0,Del0.8,0.52
X-2990,MGC16275,85001.0,Amp5,6.32
X-2990,MIF4GD,57409.0,Amp5,6.32
X-2990,MIR106A,406899.0,Del0.8,0.5
X-2990,MIR1231,100302158.0,Amp8,8.17
X-2990,MIR1244-1,100302285.0,Del0.8,0.52
X-2990,MIR1250,100302229.0,Amp5,5.94
X-2990,MIR1252,100302136.0,Amp8,41.07
X-2990,MIR1256,100302155.0,Amp8,9.25
X-2990,MIR1264,100302251.0,Del0.8,0.54
X-2990,MIR1298,100302153.0,Del0.8,0.54
X-2990,MIR1471,100302126.0,Del0.8,0.52
X-2990,MIR149,406941.0,Del0.8,0.5
X-2990,MIR181A1,406995.0,Amp5,6.11
X-2990,MIR181B1,406955.0,Amp5,6.11
X-2990,MIR18B,574033.0,Del0.8,0.5
X-2990,MIR1911,100302222.0,Del0.8,0.54
X-2990,MIR1912,100302144.0,Del0.8,0.54
X-2990,MIR19B2,406981.0,Del0.8,0.5
X-2990,MIR205,406988.0,Amp8,8.75
X-2990,MIR205HG,642587.0,Amp8,8.75
X-2990,MIR20B,574032.0,Del0.8,0.5
X-2990,MIR2355,100423036.0,Del0.8,0.56
X-2990,MIR26A2,407016.0,Amp8,28.05
X-2990,MIR3065,100422915.0,Amp5,5.94
X-2990,MIR320D2,100302169.0,Del0.8,0.54
X-2990,MIR338,442906.0,Amp5,5.94
X-2990,MIR3615,100500847.0,Amp5,6.32
X-2990,MIR363,574031.0,Del0.8,0.5
X-2990,MIR3678,100500841.0,Amp5,6.32
X-2990,MIR3913-1,100500903.0,Amp8,32.22
X-2990,MIR3913-2,100500868.0,Amp8,32.22
X-2990,MIR424,494336.0,Del0.8,0.52
X-2990,MIR4260,100422894.0,Amp8,8.75
X-2990,MIR4316,100422851.0,Amp5,6.32
X-2990,MIR4329,100423009.0,Del0.8,0.54
X-2990,MIR448,554212.0,Del0.8,0.54
X-2990,MIR450A1,554214.0,Del0.8,0.52
X-2990,MIR450A2,574505.0,Del0.8,0.52
X-2990,MIR450B,100126302.0,Del0.8,0.52
X-2990,MIR452,574412.0,Del0.8,0.56
X-2990,MIR4699,100616133.0,Amp8,42.22
X-2990,MIR4730,100616359.0,Amp5,5.94
X-2990,MIR4738,100616282.0,Amp5,6.32
X-2990,MIR4739,100616170.0,Amp5,5.94
X-2990,MIR4775,100616361.0,Del0.8,0.55
X-2990,MIR4776-1,100616267.0,Del0.8,0.55
X-2990,MIR4776-2,100616472.0,Del0.8,0.55
X-2990,MIR4777,100616317.0,Del0.8,0.52
X-2990,MIR488,574441.0,Amp5,5.43
X-2990,MIR503,574506.0,Del0.8,0.52
X-2990,MIR504,574507.0,Del0.8,0.54
X-2990,MIR505,574508.0,Del0.8,0.54
X-2990,MIR542,664617.0,Del0.8,0.52
X-2990,MIR548AL,100616215.0,Amp8,38.59
X-2990,MIR548F2,100313771.0,Del0.8,0.55
X-2990,MIR636,693221.0,Amp5,6.32
X-2990,MIR657,724027.0,Amp5,5.94
X-2990,MIR764,100313838.0,Del0.8,0.54
X-2990,MIR92A2,407049.0,Del0.8,0.5
X-2990,MIR934,100126324.0,Del0.8,0.54
X-2990,MMGT1,93380.0,Del0.8,0.54
X-2990,MOGAT1,116255.0,Del0.8,0.56
X-2990,MORF4L2,9643.0,Amp5,7.16
X-2990,MOSPD1,56180.0,Del0.8,0.52
X-2990,MPRIP,23164.0,MutNovel,"TS178T,0.253"
X-2990,MREG,55686.0,Del0.8,0.57
X-2990,MRPL38,64978.0,Amp5,6.32
X-2990,MRPS35,60488.0,MutNovel,"L225V,0.690"
X-2990,MRPS7,51081.0,Amp5,6.32
X-2990,MRS2P2,729633.0,Amp8,41.07
X-2990,MSL3P1,151507.0,Del0.8,0.54
X-2990,MST4,51765.0,Del0.8,0.53
X-2990,MTERFD2,130916.0,Del0.8,0.5
X-2990,MTMR11,10903.0,MutNovel,"L462R,0.531"
X-2990,MUM1L1,139221.0,Amp8,15.14
X-2990,MXRA7,439921.0,Amp5,6.32
X-2990,MYBPH,4608.0,Amp5,7.73
X-2990,MYEOV2,150678.0,Del0.8,0.5
X-2990,MYF5,4617.0,Amp8,39.4
X-2990,MYF6,4618.0,Amp8,39.4
X-2990,MYL1,4632.0,Del0.8,0.55
X-2990,MYO15B,80022.0,Amp5,6.32
X-2990,MYOG,4656.0,Amp5,7.73
X-2990,NAT9,26151.0,Amp5,6.32
X-2990,NAV1,89796.0,Amp8,8.17
X-2990,NAV3,89795.0,Amp8,11.63
X-2990,NBPF10,100132406.0,MutNovel,"D855Y,0.667"
X-2990,NBPF10,100132406.0,MutNovel,"S1103P,0.250"
X-2990,NBPF10,100132406.0,MutNovel,"I1165F,0.425"
X-2990,NBPF10,100132406.0,MutNovel,"M3360L,0.506"
X-2990,NBPF14,25832.0,MutNovel,"S524G,0.571"
X-2990,NBPF9,400818.0,MutNovel,"R97G,0.342"
X-2990,NBPF9,400818.0,MutNovel,"Q184R,0.222"
X-2990,NCL,4691.0,Del0.8,0.52
X-2990,NCOR2,9612.0,MutNovel,"G1839GAAA,0.303"
X-2990,NDRG1,10397.0,MutNovel,"N166K,0.479"
X-2990,NDUFA10,4705.0,Del0.8,0.5
X-2990,NDUFB3,4709.0,Del0.8,0.56
X-2990,NEU2,4759.0,Del0.8,0.54
X-2990,NEU4,129807.0,Del0.8,0.5
X-2990,NFE2L3,9603.0,MutKnownFunctional,"-430,0.379"
X-2990,NGEF,25791.0,Del0.8,0.54
X-2990,NGFRAP1,27018.0,Amp5,7.16
X-2990,NIF3L1,60491.0,Del0.8,0.56
X-2990,NLRC5,84166.0,MutNovel,"G835S,0.583"
X-2990,NMUR1,10316.0,Del0.8,0.52
X-2990,NPIPL3,23117.0,MutNovel,"W108R,1.000"
X-2990,NPPC,4880.0,Del0.8,0.52
X-2990,NPTX1,4884.0,Amp5,5.94
X-2990,NR1H2,7376.0,MutNovel,"-173Q,0.376"
X-2990,NRD1,4898.0,MutNovel,"T231S,0.261"
X-2990,NRK,203447.0,Amp8,19.56
X-2990,NT5C,30833.0,Amp5,6.32
X-2990,NT5M,56953.0,MutKnownFunctional,"-206?,0.533"
X-2990,NTS,4922.0,Amp8,30.06
X-2990,NUP85,79902.0,Amp5,6.32
X-2990,OCRL,4952.0,Del0.8,0.53
X-2990,ODZ1,10178.0,Del0.8,0.54
X-2990,OGFR,11054.0,MutNovel,"R605S,0.309"
X-2990,OPTC,26254.0,Amp5,7.73
X-2990,OR13H1,347468.0,Del0.8,0.53
X-2990,OR2T27,403239.0,Del0.8,0.64
X-2990,OR6B2,389090.0,Del0.8,0.5
X-2990,OR6B3,150681.0,Del0.8,0.5
X-2990,ORAI1,84876.0,MutNovel,"PP43-,0.843"
X-2990,ORC2,4999.0,Del0.8,0.56
X-2990,OS9,10956.0,Amp8,28.05
X-2990,OSBPL8,114882.0,Amp5,5.58
X-2990,OTOGL,283310.0,Amp8,18.64
X-2990,OTOP1,133060.0,MutNovel,"R598A,1.000"
X-2990,OTOP2,92736.0,Amp5,6.32
X-2990,OTOP3,347741.0,Amp5,6.32
X-2990,OTOS,150677.0,Del0.8,0.5
X-2990,OTUD1,220213.0,MutNovel,"S326C,0.283"
X-2990,PAH,5053.0,Amp8,11.79
X-2990,PARD3,56288.0,MutNovel,"T96M,0.515"
X-2990,PASK,23178.0,Del0.8,0.5
X-2990,PCDHB11,56125.0,MutNovel,"L496P,0.636"
X-2990,PCDHB15,56121.0,MutNovel,"A448P,0.733"
X-2990,PCDHB6,56130.0,MutNovel,"S524A,0.864"
X-2990,PCDHB6,56130.0,MutNovel,"G530S,0.793"
X-2990,PDCD1,5133.0,Del0.8,0.5
X-2990,PDE6D,5147.0,Del0.8,0.52
X-2990,PECR,55825.0,Del0.8,0.57
X-2990,PFDN5,5204.0,MutNovel,"A46V,0.309"
X-2990,PGLYRP3,114771.0,Amp8,13.27
X-2990,PGLYRP4,57115.0,Amp8,13.27
X-2990,PHF6,84295.0,Del0.8,0.37
X-2990,PHLDA1,22822.0,MutNovel,"QQ194Q,0.546"
X-2990,PHLDA3,23612.0,Amp5,7.73
X-2990,PHLPP2,23035.0,MutNovel,"L673P,0.600"
X-2990,PID1,55022.0,Del0.8,0.53
X-2990,PIK3C2B,5287.0,Amp8,8.34
X-2990,PIKFYVE,200576.0,Del0.8,0.55
X-2990,PIP4K2C,79837.0,Amp8,19.16
X-2990,PKI55,150967.0,Del0.8,0.55
X-2990,PKNOX2,63876.0,MutNovel,"E442-,0.776"
X-2990,PLAC1,10761.0,Del0.8,0.52
X-2990,PLB1,151056.0,MutKnownFunctional,"W1363*,0.333"
X-2990,PLCL2,23228.0,MutNovel,"P78S,0.400"
X-2990,PLEKHA6,22874.0,Amp8,8.94
X-2990,PLEKHM3,389072.0,Del0.8,0.55
X-2990,PLP1,5354.0,Amp5,7.16
X-2990,POC1B-GALNT4,100528030.0,Amp8,8.63
X-2990,POF1B,79983.0,Del0.8,0.56
X-2990,POM121C,100101267.0,MutNovel,"A135T,0.403"
X-2990,POU3F4,5456.0,Del0.8,0.56
X-2990,PP14571,100130449.0,Del0.8,0.5
X-2990,PPFIA2,8499.0,Amp8,22.78
X-2990,PPFIA4,8497.0,Amp5,7.73
X-2990,PPIL3,53938.0,Del0.8,0.56
X-2990,PPP1R12A,4659.0,Amp5,5.9
X-2990,PPP1R12B,4660.0,Amp8,8.17
X-2990,PPP1R15B,84919.0,Amp8,8.34
X-2990,PPP1R7,5510.0,Del0.8,0.5
X-2990,PRCD,768206.0,Amp5,6.32
X-2990,PRELP,5549.0,Amp5,7.73
X-2990,PRG4,10216.0,MutNovel,"H158N,0.306"
X-2990,PRIC285,85441.0,MutNovel,"L1297F,0.491"
X-2990,PRPSAP1,5635.0,Amp5,6.32
X-2990,PRR21,643905.0,Del0.8,0.5
X-2990,PRR9,574414.0,Amp8,13.27
X-2990,PRSS56,646960.0,Del0.8,0.59
X-2990,PSMD1,5707.0,Del0.8,0.52
X-2990,PSMG4,389362.0,MutNovel,"L14V,0.520"
X-2990,PTH2R,5746.0,Del0.8,0.55
X-2990,PTMA,5757.0,Del0.8,0.52
X-2990,PTPN7,5778.0,Amp8,8.17
X-2990,PTPRB,5787.0,Amp8,34.54
X-2990,PTPRC,5788.0,Amp5,6.11
X-2990,PTPRQ,374462.0,Amp8,8.22
X-2990,PTPRR,5801.0,Amp8,22.63
X-2990,PTPRVP,148713.0,Amp8,8.17
X-2990,QRICH2,84074.0,Amp5,6.32
X-2990,RAB21,23011.0,Amp8,31.34
X-2990,RAB33A,9363.0,Del0.8,0.53
X-2990,RAB37,326624.0,Amp5,6.32
X-2990,RAB3IP,117177.0,Amp8,12.82
X-2990,RAB40A,142684.0,Amp5,7.16
X-2990,RAB9B,51209.0,Amp5,7.16
X-2990,RABIF,5877.0,Amp5,7.73
X-2990,RAP2C,57826.0,Del0.8,0.53
X-2990,RASSF9,9182.0,Amp8,40.22
X-2990,RBFOX3,146713.0,Amp5,6.41
X-2990,RBMX,27316.0,Del0.8,0.54
X-2990,RBMX2,51634.0,Del0.8,0.53
X-2990,RECK,8434.0,MutNovel,"Q898K,0.508"
X-2990,RECQL5,9400.0,Amp5,6.32
X-2990,REN,5972.0,Amp5,7.73
X-2990,REREP3,646396.0,Del0.8,0.75
X-2990,RHBDD1,84236.0,Del0.8,0.54
X-2990,RHBDF2,79651.0,Amp5,6.32
X-2990,RIN3,79890.0,MutNovel,"G967-,0.500"
X-2990,RNF157,114804.0,Amp5,6.32
X-2990,RNF213,57674.0,Amp5,5.94
X-2990,RNPEP,6051.0,Amp8,8.17
X-2990,RNPEPL1,57140.0,Del0.8,0.5
X-2990,RP1-177G6.2,286411.0,Del0.8,0.54
X-2990,RPE,6120.0,Del0.8,0.55
X-2990,RPL38,6169.0,Amp5,6.32
X-2990,RPS10P7,376693.0,Amp5,7.73
X-2990,RPS6KA6,27330.0,Del0.8,0.56
X-2990,RPTOR,57521.0,Amp5,5.94
X-2990,S100A1,6271.0,Amp8,13.09
X-2990,S100A12,6283.0,Amp8,19.7
X-2990,S100A13,6284.0,Amp8,13.09
X-2990,S100A14,57402.0,Amp8,13.09
X-2990,S100A16,140576.0,Amp8,13.09
X-2990,S100A2,6273.0,Amp8,13.09
X-2990,S100A3,6274.0,Amp8,13.09
X-2990,S100A4,6275.0,Amp8,13.09
X-2990,S100A5,6276.0,Amp8,13.09
X-2990,S100A6,6277.0,Amp8,13.09
X-2990,S100A7,6278.0,Amp8,13.09
X-2990,S100A7A,338324.0,Amp8,13.09
X-2990,S100A7L2,645922.0,Amp8,13.09
X-2990,S100A8,6279.0,Amp8,13.09
X-2990,S100A9,6280.0,Amp8,19.7
X-2990,SAG,6295.0,Del0.8,0.54
X-2990,SAGE1,55511.0,Del0.8,0.54
X-2990,SAP30BP,29115.0,Amp5,6.32
X-2990,SASH3,54440.0,Del0.8,0.53
X-2990,SATL1,340562.0,Del0.8,0.56
X-2990,SCARNA16,677781.0,Amp5,6.32
X-2990,SCARNA5,677775.0,Del0.8,0.54
X-2990,SCARNA6,677772.0,Del0.8,0.54
X-2990,SDK1,221935.0,MutNovel,"S58P,1.000"
X-2990,SEC14L1,6397.0,Amp5,6.32
X-2990,2014-09-02 00:00:00,4735.0,Del0.8,0.5
X-2990,2014-09-09 00:00:00,10801.0,Amp5,6.32
X-2990,SERINC2,347735.0,MutNovel,"-373Q,0.707"
X-2990,SERPINA7,6906.0,Amp8,19.56
X-2990,SGOL2,151246.0,Del0.8,0.56
X-2990,SGSH,6448.0,Amp5,5.94
X-2990,SH2B3,10019.0,Amp8,33.13
X-2990,SH2D1A,4068.0,Del0.8,0.54
X-2990,SH3BGRL,6451.0,Del0.8,0.56
X-2990,SH3BP4,23677.0,Del0.8,0.54
X-2990,SHISA4,149345.0,Amp8,8.17
X-2990,SLC16A14,151473.0,Del0.8,0.53
X-2990,SLC16A5,9121.0,Amp5,6.32
X-2990,SLC16A7,9194.0,Amp8,15.24
X-2990,SLC19A3,80704.0,Del0.8,0.54
X-2990,SLC25A14,9016.0,Del0.8,0.53
X-2990,SLC25A19,60386.0,Amp5,6.32
X-2990,SLC26A10,65012.0,Amp8,19.16
X-2990,SLC26A11,284129.0,Amp5,5.94
X-2990,SLC28A3,64078.0,MutNovel,"F540L,0.895"
X-2990,SLC39A11,201266.0,Amp5,5.94
X-2990,SLC6A15,55117.0,Amp8,91.77
X-2990,SLC9A3R1,9368.0,Amp5,6.32
X-2990,SLC9A6,10479.0,Del0.8,0.54
X-2990,SMARCA1,6594.0,Del0.8,0.53
X-2990,SMCP,4184.0,Amp8,13.27
X-2990,SNAPIN,23557.0,Amp8,13.09
X-2990,SNED1,25992.0,Del0.8,0.5
X-2990,SNORA35,677816.0,Del0.8,0.54
X-2990,SNORA75,654321.0,Del0.8,0.52
X-2990,SNORA77,677843.0,Amp5,7.73
X-2990,SNORD1A,677848.0,Amp5,6.32
X-2990,SNORD1B,677849.0,Amp5,6.32
X-2990,SNORD1C,677850.0,Amp5,6.32
X-2990,SNORD20,6082.0,Del0.8,0.52
X-2990,SNORD61,26787.0,Del0.8,0.54
X-2990,SNORD70,692110.0,Del0.8,0.59
X-2990,SNORD82,25826.0,Del0.8,0.52
X-2990,SNRPE,6635.0,Amp5,7.73
X-2990,SOX13,9580.0,Amp5,7.73
X-2990,SOX3,6658.0,Del0.8,0.54
X-2990,SOX6,55553.0,MutNovel,"R443Q,0.444"
X-2990,SOX9,6662.0,Amp5,5.94
X-2990,SP100,6672.0,Del0.8,0.53
X-2990,SP110,3431.0,Del0.8,0.53
X-2990,SP140,11262.0,Del0.8,0.53
X-2990,SP140L,93349.0,Del0.8,0.53
X-2990,SPAG16,79582.0,Del0.8,0.78
X-2990,SPANXA2-OT1,619455.0,Del0.8,0.69
X-2990,SPANXB1,728695.0,Del0.8,0.54
X-2990,SPANXC,64663.0,Del0.8,0.54
X-2990,SPANXN1,494118.0,Del0.8,0.55
X-2990,SPATA3,130560.0,Del0.8,0.52
X-2990,SPDYE2,441273.0,MutNovel,"R72K,1.000"
X-2990,SPHK1,8877.0,Amp5,6.32
X-2990,SPHKAP,80309.0,Del0.8,0.54
X-2990,SPI1,6688.0,MutNovel,"P269Q,0.500"
X-2990,SPP2,6694.0,Del0.8,0.54
X-2990,SPRR1A,6698.0,Amp8,13.27
X-2990,SPRR1B,6699.0,Amp8,13.27
X-2990,SPRR2A,6700.0,Amp8,13.27
X-2990,SPRR2B,6701.0,Amp8,13.27
X-2990,SPRR2C,6702.0,Amp8,13.27
X-2990,SPRR2D,6703.0,Amp8,13.27
X-2990,SPRR2E,6704.0,Amp8,13.27
X-2990,SPRR2F,6705.0,Amp8,13.27
X-2990,SPRR2G,6706.0,Amp8,13.27
X-2990,SPRR3,6707.0,Amp8,13.27
X-2990,SPRR4,163778.0,Amp8,13.27
X-2990,SPTAN1,6709.0,MutNovel,"S1190Y,0.276"
X-2990,SRD5A1P1,6719.0,Del0.8,0.54
X-2990,SRP68,6730.0,Amp5,6.32
X-2990,SRSF2,6427.0,Amp5,6.32
X-2990,SSX2IP,117178.0,MutNovel,"C393S,0.500"
X-2990,ST6GALNAC1,55808.0,Amp5,6.32
X-2990,ST6GALNAC2,10610.0,Amp5,6.32
X-2990,STAG2,10735.0,Del0.8,0.78
X-2990,STK25,10494.0,Del0.8,0.5
X-2990,SUMO1,7341.0,Del0.8,0.59
X-2990,SUMO2,6613.0,Amp5,6.32
X-2990,SYNE2,23224.0,MutNovel,"V4322M,0.241"
X-2990,SYT1,6857.0,Amp8,9.85
X-2990,SYT2,127833.0,Amp5,7.78
X-2990,TAS2R46,259292.0,Del0.8,0.36
X-2990,TBC1D15,64786.0,Amp8,41.07
X-2990,TBC1D16,125058.0,Amp5,5.94
X-2990,TBCEL,219899.0,Del0.8,0.78
X-2990,TCEAL1,9338.0,Amp5,7.16
X-2990,TCEAL3,85012.0,Amp5,7.16
X-2990,TCEAL4,79921.0,Amp5,7.16
X-2990,TCEAL5,340543.0,Amp5,7.16
X-2990,TCEAL7,56849.0,Amp5,7.16
X-2990,TCEAL8,90843.0,Amp5,7.16
X-2990,TCERG1,10915.0,MutNovel,"QAQA210-,0.250"
X-2990,TEN1-CDK3,100529145.0,Amp5,6.32
X-2990,TEX13A,56157.0,Amp8,19.56
X-2990,TFDP3,51270.0,Del0.8,0.52
X-2990,TGIF2LX,90316.0,Del0.8,0.71
X-2990,THAP2,83591.0,Amp8,31.34
X-2990,THAP4,51078.0,Del0.8,0.5
X-2990,TIAM2,26230.0,MutNovel,"A109T,0.571"
X-2990,TIGD1,200765.0,Del0.8,0.59
X-2990,TIGD5,84948.0,MutNovel,"P223S,0.655"
X-2990,TIMM17A,10440.0,Amp8,8.17
X-2990,TIMP2,7077.0,Amp5,6.41
X-2990,TM4SF20,79853.0,Del0.8,0.54
X-2990,TMBIM4,51643.0,Amp8,8.34
X-2990,TMEM104,54868.0,Amp5,6.32
X-2990,TMEM169,92691.0,Del0.8,0.57
X-2990,TMEM183A,92703.0,Amp5,7.73
X-2990,TMEM184A,202915.0,MutNovel,"G392GA,0.714"
X-2990,TMEM19,55266.0,Amp8,31.34
X-2990,TMEM31,203562.0,Amp5,7.16
X-2990,TMSB15B,286527.0,Amp5,7.16
X-2990,TMTC2,160335.0,Amp8,21.86
X-2990,TMTC3,160418.0,Amp8,15.89
X-2990,TNNI1,7135.0,Amp5,7.73
X-2990,TNNT2,7139.0,Amp5,7.73
X-2990,TNRC6C,57690.0,Amp5,5.31
X-2990,TPH2,121278.0,Amp8,28.05
X-2990,TRAK2,66008.0,Del0.8,0.7
X-2990,TRHDE,29953.0,Amp8,16.22
X-2990,TRIM47,91107.0,Amp5,6.32
X-2990,TRIM65,201292.0,Amp5,6.32
X-2990,TRIP12,9320.0,Del0.8,0.53
X-2990,TRPC5,7224.0,Del0.8,0.54
X-2990,TRPM8,79054.0,Del0.8,0.54
X-2990,TSEN54,283989.0,Amp5,6.32
X-2990,TSFM,10102.0,Amp8,28.05
X-2990,TSPAN19,144448.0,Amp8,91.77
X-2990,TSPAN31,6302.0,Amp8,28.05
X-2990,TSPAN8,7103.0,Amp5,6.82
X-2990,TSPYL1,7259.0,MutNovel,"V176VW,0.854"
X-2990,TTLL3,26140.0,MutNovel,"P87R,0.375"
X-2990,TTLL4,9654.0,MutNovel,"T6A,0.552"
X-2990,TTYH2,94015.0,Amp5,6.32
X-2990,TUSC1,286319.0,MutNovel,"-48A,0.303"
X-2990,UBE2DNL,100131816.0,Del0.8,0.56
X-2990,UBE2O,63893.0,Amp5,6.32
X-2990,UBE2T,29089.0,Amp8,8.17
X-2990,UBQLN1,29979.0,Del0.8,0.53
X-2990,UGT1A1,54658.0,Del0.8,0.54
X-2990,UGT1A10,54575.0,Del0.8,0.54
X-2990,UGT1A3,54659.0,Del0.8,0.54
X-2990,UGT1A4,54657.0,Del0.8,0.54
X-2990,UGT1A5,54579.0,Del0.8,0.54
X-2990,UGT1A6,54578.0,Del0.8,0.54
X-2990,UGT1A7,54577.0,Del0.8,0.54
X-2990,UGT1A8,54576.0,Del0.8,0.54
X-2990,UGT1A9,54600.0,Del0.8,0.54
X-2990,UNC13D,201294.0,Amp5,6.32
X-2990,UNC5B,219699.0,MutNovel,"R713Q,0.333"
X-2990,UNC80,285175.0,Del0.8,0.55
X-2990,UNK,85451.0,Amp5,6.32
X-2990,USH1G,124590.0,Amp5,6.32
X-2990,USP36,57602.0,MutNovel,"KKK958K,0.536"
X-2990,USP40,55230.0,Del0.8,0.54
X-2990,UTP14A,10813.0,Del0.8,0.53
X-2990,UTY,7404.0,MutNovel,"AR1078LR,0.400"
X-2990,UTY,7404.0,MutNovel,"H1077P,0.400"
X-2990,UTY,7404.0,MutNovel,"SH1075HD,0.400"
X-2990,UTY,7404.0,MutNovel,"V1074H,0.333"
X-2990,UTY,7404.0,MutNovel,"G1073C,0.429"
X-2990,UTY,7404.0,MutNovel,"GI1070AG,0.429"
X-2990,UTY,7404.0,MutNovel,"AG1069DR,0.429"
X-2990,UTY,7404.0,MutKnownFunctional,"S1068*,0.429"
X-2990,UTY,7404.0,MutNovel,"S1066T,0.500"
X-2990,UTY,7404.0,MutNovel,"GG1059VR,0.500"
X-2990,UTY,7404.0,MutNovel,"S1058D,0.500"
X-2990,UTY,7404.0,MutNovel,"LL1055GL,0.600"
X-2990,UTY,7404.0,MutNovel,"E1054L,0.600"
X-2990,UTY,7404.0,MutNovel,"C1052P,0.600"
X-2990,UTY,7404.0,MutNovel,"QA1050RL,0.600"
X-2990,UTY,7404.0,MutNovel,"Q1050K,0.600"
X-2990,UTY,7404.0,MutNovel,"V1048H,0.600"
X-2990,UTY,7404.0,MutKnownFunctional,"FV1040**,0.750"
X-2990,UTY,7404.0,MutNovel,"IF1039TV,0.667"
X-2990,UTY,7404.0,MutNovel,"C1038W,0.667"
X-2990,UTY,7404.0,MutNovel,"WN1025FP,0.500"
X-2990,UTY,7404.0,MutNovel,"SW1024TR,0.500"
X-2990,UTY,7404.0,MutNovel,"N1023F,0.500"
X-2990,UTY,7404.0,MutNovel,"LP1021PG,0.500"
X-2990,UTY,7404.0,MutNovel,"R1015G,0.286"
X-2990,UTY,7404.0,MutNovel,"V1011S,0.333"
X-2990,UTY,7404.0,MutNovel,"PK1007HQ,0.429"
X-2990,UTY,7404.0,MutNovel,"N1006P,0.571"
X-2990,UTY,7404.0,MutNovel,"CT1004NS,0.571"
X-2990,UTY,7404.0,MutNovel,"QF1002HT,0.625"
X-2990,UTY,7404.0,MutNovel,"HQ1001QT,0.556"
X-2990,UTY,7404.0,MutNovel,"N954K,0.737"
X-2990,UTY,7404.0,MutNovel,"N954P,0.737"
X-2990,UTY,7404.0,MutNovel,"S953H,0.706"
X-2990,UTY,7404.0,MutNovel,"GL951FM,0.609"
X-2990,UTY,7404.0,MutNovel,"KN949NA,0.560"
X-2990,UTY,7404.0,MutNovel,"K949P,0.522"
X-2990,UTY,7404.0,MutNovel,"PG947SS,0.476"
X-2990,UTY,7404.0,MutNovel,"N946T,0.450"
X-2990,UTY,7404.0,MutNovel,"Q440K,0.222"
X-2990,UTY,7404.0,MutNovel,"TA437NK,0.286"
X-2990,UTY,7404.0,MutNovel,"NT436LP,0.286"
X-2990,UTY,7404.0,MutNovel,"RI390IF,0.500"
X-2990,UTY,7404.0,MutNovel,"A389S,0.412"
X-2990,UTY,7404.0,MutNovel,"LA387HH,0.421"
X-2990,UTY,7404.0,MutNovel,"L387V,0.421"
X-2990,UTY,7404.0,MutNovel,"NT383TS,0.591"
X-2990,UTY,7404.0,MutKnownFunctional,"SK378T*,0.545"
X-2990,UTY,7404.0,MutNovel,"A376L,0.591"
X-2990,UTY,7404.0,MutNovel,"N374L,0.619"
X-2990,UTY,7404.0,MutNovel,"YL372SA,0.600"
X-2990,UTY,7404.0,MutNovel,"CY371YN,0.667"
X-2990,UTY,7404.0,MutNovel,"I369C,0.704"
X-2990,UTY,7404.0,MutNovel,"QD366GH,0.720"
X-2990,UTY,7404.0,MutNovel,"P365R,0.625"
X-2990,UTY,7404.0,MutKnownFunctional,"NQ363S*,0.667"
X-2990,UTY,7404.0,MutNovel,"C362N,0.680"
X-2990,UTY,7404.0,MutNovel,"S361R,0.667"
X-2990,UTY,7404.0,MutKnownFunctional,"YE359Y*,0.750"
X-2990,UTY,7404.0,MutNovel,"L358T,0.720"
X-2990,UTY,7404.0,MutNovel,"G356S,0.826"
X-2990,UTY,7404.0,MutKnownFunctional,"DL354G*,0.773"
X-2990,UTY,7404.0,MutNovel,"MD353RN,0.818"
X-2990,UTY,7404.0,MutNovel,"W352Q,0.818"
X-2990,UTY,7404.0,MutNovel,"AA350ET,0.737"
X-2990,UTY,7404.0,MutNovel,"HA348QN,0.778"
X-2990,UTY,7404.0,MutNovel,"L344C,0.765"
X-2990,UTY,7404.0,MutNovel,"QL343HW,0.875"
X-2990,UTY,7404.0,MutNovel,"Q343E,0.800"
X-2990,UTY,7404.0,MutNovel,"V342A,0.812"
X-2990,UTY,7404.0,MutNovel,"V342S,0.812"
X-2990,UTY,7404.0,MutNovel,"V342L,0.812"
X-2990,UTY,7404.0,MutNovel,"IC339MS,0.733"
X-2990,UTY,7404.0,MutNovel,"Y338T,0.667"
X-2990,UTY,7404.0,MutNovel,"Q336A,0.857"
X-2990,UTY,7404.0,MutNovel,"N329L,0.429"
X-2990,UTY,7404.0,MutNovel,"Q327K,0.500"
X-2990,UTY,7404.0,MutNovel,"Y325T,0.750"
X-2990,UTY,7404.0,MutNovel,"VL323GE,0.750"
X-2990,UTY,7404.0,MutNovel,"V323L,0.750"
X-2990,UTY,7404.0,MutNovel,"G322D,0.714"
X-2990,UTY,7404.0,MutNovel,"IG321SN,0.714"
X-2990,UTY,7404.0,MutNovel,"EA312DI,0.625"
X-2990,UTY,7404.0,MutNovel,"E312I,0.800"
X-2990,UTY,7404.0,MutNovel,"E312I,0.800"
X-2990,UTY,7404.0,MutNovel,"KS310RK,0.778"
X-2990,UTY,7404.0,MutKnownFunctional,"K310*,0.800"
X-2990,UTY,7404.0,MutKnownFunctional,"DK309G*,0.800"
X-2990,UTY,7404.0,MutKnownFunctional,"G288*,0.833"
X-2990,UTY,7404.0,MutNovel,"F286L,0.667"
X-2990,UTY,7404.0,MutNovel,"WY284YN,1.000"
X-2990,UTY,7404.0,MutNovel,"S283C,1.000"
X-2990,UTY,7404.0,MutNovel,"Q282A,1.000"
X-2990,UTY,7404.0,MutNovel,"SG280LC,1.000"
X-2990,UTY,7404.0,MutNovel,"N279R,0.800"
X-2990,UTY,7404.0,MutNovel,"D277G,0.400"
X-2990,UTY,7404.0,MutNovel,"E275P,0.600"
X-2990,UTY,7404.0,MutNovel,"E275Q,1.000"
X-2990,UTY,7404.0,MutNovel,"Q271H,0.400"
X-2990,UTY,7404.0,MutNovel,"Y269N,0.800"
X-2990,UTY,7404.0,MutNovel,"QY268PN,0.800"
X-2990,UTY,7404.0,MutNovel,"I267M,0.800"
X-2990,UTY,7404.0,MutNovel,"I267G,0.800"
X-2990,UTY,7404.0,MutNovel,"A266V,0.667"
X-2990,UTY,7404.0,MutNovel,"T261S,0.600"
X-2990,UTY,7404.0,MutNovel,"D258A,0.333"
X-2990,UTY,7404.0,MutNovel,"GD257AH,0.333"
X-2990,UTY,7404.0,MutNovel,"D254V,0.429"
X-2990,UTY,7404.0,MutNovel,"HN251QS,0.556"
X-2990,UTY,7404.0,MutNovel,"HH250QS,0.556"
X-2990,UTY,7404.0,MutNovel,"H250N,0.500"
X-2990,UTY,7404.0,MutNovel,"W248R,0.556"
X-2990,UTY,7404.0,MutNovel,"LG246CS,0.333"
X-2990,UTY,7404.0,MutNovel,"Q245C,0.455"
X-2990,UTY,7404.0,MutNovel,"Q244I,0.400"
X-2990,UTY,7404.0,MutNovel,"V242A,0.455"
X-2990,UTY,7404.0,MutNovel,"T241S,0.462"
X-2990,UTY,7404.0,MutNovel,"VK238DL,0.462"
X-2990,UTY,7404.0,MutNovel,"V238L,0.500"
X-2990,UTY,7404.0,MutNovel,"A236L,0.357"
X-2990,UTY,7404.0,MutNovel,"NL233KS,0.385"
X-2990,UTY,7404.0,MutNovel,"E232L,0.385"
X-2990,UTY,7404.0,MutNovel,"QT230PE,0.385"
X-2990,UTY,7404.0,MutNovel,"LQ229NK,0.385"
X-2990,UTY,7404.0,MutNovel,"L228R,0.357"
X-2990,UTY,7404.0,MutNovel,"EQ226FK,0.385"
X-2990,UTY,7404.0,MutNovel,"Y225M,0.333"
X-2990,UTY,7404.0,MutNovel,"A224L,0.333"
X-2990,UTY,7404.0,MutNovel,"K222L,0.312"
X-2990,UTY,7404.0,MutNovel,"SA220LR,0.267"
X-2990,UTY,7404.0,MutNovel,"Q151H,0.600"
X-2990,UTY,7404.0,MutNovel,"V136I,0.444"
X-2990,UTY,7404.0,MutNovel,"LV135SI,0.444"
X-2990,UTY,7404.0,MutNovel,"F129A,0.286"
X-2990,UTY,7404.0,MutNovel,"NA126KK,0.500"
X-2990,UTY,7404.0,MutNovel,"N126S,0.375"
X-2990,UTY,7404.0,MutNovel,"W124M,0.286"
X-2990,UTY,7404.0,MutKnownFunctional,"YW123*R,0.714"
X-2990,UTY,7404.0,MutNovel,"D122L,0.600"
X-2990,UTY,7404.0,MutNovel,"QA120LN,0.667"
X-2990,UTY,7404.0,MutKnownFunctional,"LQ119F*,0.600"
X-2990,UTY,7404.0,MutNovel,"YS117LR,0.600"
X-2990,UTY,7404.0,MutNovel,"Y116L,0.600"
X-2990,UTY,7404.0,MutNovel,"QR114RS,0.600"
X-2990,UTY,7404.0,MutKnownFunctional,"YQ113G*,0.750"
X-2990,UTY,7404.0,MutNovel,"SA111WQ,0.600"
X-2990,UTY,7404.0,MutNovel,"LS110TT,0.600"
X-2990,UTY,7404.0,MutNovel,"Y106D,0.500"
X-2990,UTY,7404.0,MutNovel,"ED104RH,0.400"
X-2990,UTY,7404.0,MutNovel,"L103R,0.400"
X-2990,UTY,7404.0,MutKnownFunctional,"LL101*M,0.500"
X-2990,UTY,7404.0,MutNovel,"N100S,0.429"
X-2990,UTY,7404.0,MutNovel,"H98D,0.400"
X-2990,UTY,7404.0,MutNovel,"L96G,0.333"
X-2990,UTY,7404.0,MutNovel,"L46S,0.250"
X-2990,UTY,7404.0,MutNovel,"AL45RI,0.312"
X-2990,UTY,7404.0,MutNovel,"RE43SL,0.278"
X-2990,UTY,7404.0,MutNovel,"E41D,0.211"
X-2990,UTY,7404.0,MutNovel,"T39C,0.235"
X-2990,UTY,7404.0,MutNovel,"S31R,0.235"
X-2990,UTY,7404.0,MutNovel,"E30V,0.211"
X-2990,VANGL2,57216.0,MutNovel,"R332Q,0.625"
X-2990,VGLL1,51442.0,Del0.8,0.54
X-2990,VSIG10L,147645.0,MutKnownFunctional,"G807*,0.222"
X-2990,VWC2L,402117.0,Del0.8,0.75
X-2990,WASH1,100287171.0,MutNovel,"L323F,0.273"
X-2990,WBP2,23558.0,Amp5,6.32
X-2990,WBP5,51186.0,Amp5,7.16
X-2990,WDR12,55759.0,Del0.8,0.66
X-2990,WDR69,164781.0,Del0.8,0.54
X-2990,XIAP,331.0,Del0.8,0.6
X-2990,XPNPEP2,7512.0,Del0.8,0.53
X-2990,XRCC5,7520.0,Del0.8,0.67
X-2990,YEATS4,8089.0,Amp8,43.11
X-2990,ZACN,353174.0,Amp5,6.32
X-2990,ZBED6,100381270.0,Amp5,7.73
X-2990,ZC3H11A,9877.0,Amp5,7.73
X-2990,ZCCHC16,340595.0,Del0.8,0.54
X-2990,ZCCHC18,644353.0,Amp5,7.21
X-2990,ZDBF2,57683.0,Del0.8,0.52
X-2990,ZDHHC9,51114.0,Del0.8,0.53
X-2990,ZFC3H1,196441.0,Amp8,31.34
X-2990,ZFHX3,463.0,MutNovel,"GGG3525-,0.455"
X-2990,ZIC3,7547.0,Del0.8,0.54
X-2990,ZNF219,51222.0,MutNovel,"QPP233P,0.384"
X-2990,ZNF280C,55609.0,Del0.8,0.53
X-2990,ZNF282,8427.0,MutNovel,"G473R,0.500"
X-2990,ZNF286B,729288.0,MutKnownFunctional,"Q374*,0.833"
X-2990,ZNF318,24149.0,MutNovel,"R84P,0.364"
X-2990,ZNF384,171017.0,MutNovel,"QQ514Q,0.400"
X-2990,ZNF449,203523.0,Del0.8,0.39
X-2990,ZNF502,91392.0,MutNovel,"S542N,0.397"
X-2990,ZNF557,79230.0,MutKnownFunctional,"-111Y?,0.273"
X-2990,ZNF628,89887.0,MutNovel,"P435L,0.667"
X-2990,ZNF662,389114.0,MutNovel,"R97Q,0.725"
X-2990,ZNF705E,,MutNovel,"H194N,0.750"
X-2990,ZNF711,7552.0,Del0.8,0.56
X-2990,ZNF75D,7626.0,Del0.8,0.52
X-2990,ZNF850,342892.0,MutNovel,"I745T,0.333"
X-3009,ACAN,176.0,MutNovel,"D1390E,0.500"
X-3009,ACO1,48.0,Del0.8,0.25
X-3009,ACOT2,10965.0,MutNovel,"S279N,0.484"
X-3009,ACSL4,2182.0,Del0.8,0.78
X-3009,ACTRT1,139741.0,Del0.8,0.77
X-3009,ADAM23,8745.0,MutNovel,"P716R,0.409"
X-3009,ADAM3A,1587.0,Del0.8,0.24
X-3009,ADAM5P,255926.0,Del0.8,0.47
X-3009,ADAM6,8755.0,Amp5,5.9
X-3009,AFF2,2334.0,Del0.8,0.79
X-3009,AIFM1,9131.0,Del0.8,0.78
X-3009,ALG13,79868.0,Del0.8,0.78
X-3009,AMELY,266.0,Del0.8,0.23
X-3009,AMMECR1,9949.0,Del0.8,0.78
X-3009,AMOT,154796.0,Del0.8,0.78
X-3009,ANKRD30A,91074.0,MutNovel,"T238M,1.000"
X-3009,ANKRD30A,91074.0,MutNovel,"T246P,1.000"
X-3009,ANKRD36,375248.0,MutNovel,"T998S,0.357"
X-3009,ANKRD36B,57730.0,MutNovel,"E303D,0.400"
X-3009,AP1G2,8906.0,MutNovel,"L373V,0.408"
X-3009,APBB1,322.0,MutNovel,"P285S,0.545"
X-3009,APLN,8862.0,Del0.8,0.78
X-3009,APOOL,139322.0,Del0.8,0.8
X-3009,ARHGAP36,158763.0,Del0.8,0.78
X-3009,ARHGEF6,9459.0,Del0.8,0.79
X-3009,ARL13A,392509.0,Del0.8,0.78
X-3009,ARMCX1,51309.0,Del0.8,0.8
X-3009,ARMCX2,9823.0,Del0.8,0.8
X-3009,ARMCX3,51566.0,Del0.8,0.8
X-3009,ARMCX4,100131755.0,Del0.8,0.8
X-3009,ARMCX5,64860.0,Del0.8,0.78
X-3009,ARMCX5-GPRASP2,100528062.0,Del0.8,0.78
X-3009,ARMCX6,54470.0,Del0.8,0.8
X-3009,ASPN,54829.0,MutNovel,"DE51E,0.561"
X-3009,ATG9A,79065.0,MutNovel,"H778N,0.587"
X-3009,ATP11C,286410.0,Del0.8,0.79
X-3009,BCORL1,63035.0,Del0.8,0.78
X-3009,BCORP1,286554.0,Del0.8,0.23
X-3009,BEX1,55859.0,Del0.8,0.78
X-3009,BEX2,84707.0,Del0.8,0.78
X-3009,BEX4,56271.0,Del0.8,0.78
X-3009,BEX5,340542.0,Del0.8,0.78
X-3009,BHLHB9,80823.0,Del0.8,0.78
X-3009,BPTF,2186.0,MutNovel,"D181-,0.281"
X-3009,BPY2B,442867.0,Del0.8,0.23
X-3009,BPY2B,442867.0,Del0.8,0.23
X-3009,BRS3,680.0,Del0.8,0.79
X-3009,BRWD3,254065.0,Del0.8,0.8
X-3009,BTK,695.0,Del0.8,0.8
X-3009,C11orf9,745.0,MutNovel,"L1008F,0.600"
X-3009,C17orf70,80233.0,MutNovel,"V804I,0.368"
X-3009,C5orf49,134121.0,Amp5,5.21
X-3009,C7orf26,79034.0,MutNovel,"R313H,0.345"
X-3009,C9orf172,389813.0,MutNovel,"S688T,0.429"
X-3009,C9orf53,51198.0,Del0.8,0.26
X-3009,CAPN6,827.0,Del0.8,0.78
X-3009,CCDC160,347475.0,Del0.8,0.78
X-3009,CCND2,894.0,MutNovel,"R262H,0.349"
X-3009,CCNDBP1,23582.0,MutNovel,"L261F,1.000"
X-3009,CD40LG,959.0,Del0.8,0.79
X-3009,CD99L2,83692.0,Del0.8,0.79
X-3009,CDAN1,146059.0,MutNovel,"R408C,1.000"
X-3009,CDKN2A,1029.0,Del0.8,0.26
X-3009,CDKN2B,1030.0,Del0.8,0.36
X-3009,CDR1,1038.0,Del0.8,0.79
X-3009,CDY1B,253175.0,Del0.8,0.23
X-3009,CDY1B,253175.0,Del0.8,0.23
X-3009,CDY2A,9426.0,Del0.8,0.23
X-3009,CDY2A,9426.0,Del0.8,0.23
X-3009,CDY2B,203611.0,Del0.8,0.23
X-3009,CDY2B,203611.0,Del0.8,0.23
X-3009,CENPI,2491.0,Del0.8,0.8
X-3009,CHM,1121.0,Del0.8,0.8
X-3009,CHRDL1,91851.0,Del0.8,0.78
X-3009,CLDN2,9075.0,Del0.8,0.79
X-3009,CNGA2,1260.0,Del0.8,0.79
X-3009,COL5A1,1289.0,MutNovel,"P1536L,0.546"
X-3009,COMMD10,51397.0,MutNovel,"M116I,1.000"
X-3009,CORO6,84940.0,MutNovel,"G237A,0.400"
X-3009,CPXCR1,53336.0,Del0.8,0.8
X-3009,CRIPAK,285464.0,MutNovel,"V30M,0.333"
X-3009,CRIPAK,285464.0,MutNovel,"V100M,0.357"
X-3009,CSPG4P1Y,114758.0,Del0.8,0.23
X-3009,CSPG4P1Y,114758.0,Del0.8,0.23
X-3009,CSTF2,1478.0,Del0.8,0.78
X-3009,CT45A1,541466.0,Del0.8,0.56
X-3009,CT45A2,728911.0,Del0.8,0.41
X-3009,CT45A3,441519.0,Del0.8,0.79
X-3009,CT45A4,441520.0,Del0.8,0.79
X-3009,CT45A4,441520.0,Del0.8,0.57
X-3009,CT45A5,441521.0,Del0.8,0.79
X-3009,CT45A6,541465.0,Del0.8,0.79
X-3009,CTSA,5476.0,MutNovel,"L29-,0.473"
X-3009,CXorf1,9142.0,Del0.8,0.79
X-3009,CXorf40A,91966.0,Del0.8,0.79
X-3009,CXorf40B,541578.0,Del0.8,0.79
X-3009,CXorf48,54967.0,Del0.8,0.77
X-3009,CXorf51A,100129239.0,Del0.8,0.79
X-3009,CXorf51A,100129239.0,Del0.8,0.79
X-3009,CXorf57,55086.0,Del0.8,0.79
X-3009,CXorf64,100130613.0,Del0.8,0.77
X-3009,CXorf66,347487.0,Del0.8,0.79
X-3009,CXorf69,644538.0,Del0.8,0.78
X-3009,CYB561D1,284613.0,MutNovel,"A43V,0.600"
X-3009,CYSLTR1,10800.0,Del0.8,0.8
X-3009,DACH2,117154.0,Del0.8,0.8
X-3009,DAGLB,221955.0,MutNovel,"T136I,0.667"
X-3009,DAZ1,1617.0,Del0.8,0.23
X-3009,DAZ2,57055.0,Del0.8,0.23
X-3009,DAZ3,57054.0,Del0.8,0.23
X-3009,DAZ3,57054.0,Del0.8,0.23
X-3009,DAZ4,57135.0,Del0.8,0.23
X-3009,DAZ4,57135.0,Del0.8,0.23
X-3009,DCAF12L1,139170.0,Del0.8,0.77
X-3009,DCAF12L2,340578.0,Del0.8,0.74
X-3009,DCX,1641.0,Del0.8,0.78
X-3009,DDX10,1662.0,MutNovel,"K34-,0.826"
X-3009,DDX26B,203522.0,Del0.8,0.77
X-3009,DDX3Y,8653.0,Del0.8,0.23
X-3009,DDX58,23586.0,Del0.8,0.33
X-3009,DEFB103A,414325.0,Del0.8,0.66
X-3009,DEFB103A,414325.0,Del0.8,0.66
X-3009,DEFB104B,503618.0,Del0.8,0.66
X-3009,DEFB104B,503618.0,Del0.8,0.66
X-3009,DEFB105B,504180.0,Del0.8,0.66
X-3009,DEFB105B,504180.0,Del0.8,0.66
X-3009,DEFB106B,503841.0,Del0.8,0.66
X-3009,DEFB106B,503841.0,Del0.8,0.66
X-3009,DEFB107A,245910.0,Del0.8,0.66
X-3009,DEFB107A,245910.0,Del0.8,0.66
X-3009,DEFB4A,1673.0,Del0.8,0.66
X-3009,DEFB4B,100289462.0,Del0.8,0.66
X-3009,DIAPH2,1730.0,Del0.8,0.79
X-3009,DKFZp686D0853,401613.0,Del0.8,0.78
X-3009,DMRT2,10655.0,MutNovel,"T106S,1.000"
X-3009,DMRTA1,63951.0,Del0.8,0.25
X-3009,DNAH5,1767.0,Amp5,5.28
X-3009,DNASE1L2,1775.0,MutNovel,"M73K,0.500"
X-3009,DRP2,1821.0,Del0.8,0.8
X-3009,DUS1L,64118.0,MutNovel,"T365K,0.485"
X-3009,EIF1AY,9086.0,Del0.8,0.23
X-3009,ELAVL2,1993.0,Del0.8,0.31
X-3009,ELF4,2000.0,Del0.8,0.78
X-3009,ENOX2,10495.0,Del0.8,0.78
X-3009,ESX1,80712.0,Del0.8,0.79
X-3009,F9,2158.0,Del0.8,0.79
X-3009,FAM106A,80039.0,Del0.8,0.69
X-3009,FAM122B,159090.0,Del0.8,0.78
X-3009,FAM122C,159091.0,Del0.8,0.78
X-3009,FAM127B,26071.0,Del0.8,0.77
X-3009,FAM127C,441518.0,Del0.8,0.78
X-3009,FAM133A,286499.0,Del0.8,0.79
X-3009,FAM171B,165215.0,MutNovel,"-50Q,0.474"
X-3009,FAM193B,54540.0,MutNovel,"D795N,0.310"
X-3009,FAM197Y2P,252946.0,Del0.8,0.23
X-3009,FAM199X,139231.0,Del0.8,0.79
X-3009,FAM41AY1,340618.0,Del0.8,0.23
X-3009,FAM41AY1,340618.0,Del0.8,0.23
X-3009,FAM45B,55855.0,Del0.8,0.78
X-3009,FAM46D,169966.0,Del0.8,0.8
X-3009,FAM66A,100133172.0,Del0.8,0.58
X-3009,FASTKD2,22868.0,MutNovel,"D412H,0.410"
X-3009,FASTKD3,79072.0,Amp5,5.86
X-3009,FATE1,89885.0,Del0.8,0.79
X-3009,FDFT1,2222.0,MutNovel,"H347R,1.000"
X-3009,FGF13,2258.0,Del0.8,0.79
X-3009,FHL1,2273.0,Del0.8,0.79
X-3009,FLJ35282,441389.0,Del0.8,0.23
X-3009,FLJ45974,401337.0,Amp5,5.06
X-3009,FMR1,2332.0,Del0.8,0.79
X-3009,FMR1-AS1,100126270.0,Del0.8,0.79
X-3009,FMR1NB,158521.0,Del0.8,0.79
X-3009,FNDC1,84624.0,MutNovel,"ATTRRTT1471A,0.364"
X-3009,FRMD7,90167.0,Del0.8,0.78
X-3009,GABRA3,2556.0,Del0.8,0.79
X-3009,GABRE,2564.0,Del0.8,0.79
X-3009,GABRQ,55879.0,Del0.8,0.79
X-3009,GCFC2,6936.0,MutNovel,"L687P,0.433"
X-3009,GCSH,2653.0,MutNovel,"A18V,0.641"
X-3009,GIGYF2,26058.0,MutNovel,"PQ1231P,0.667"
X-3009,GLA,2717.0,Del0.8,0.8
X-3009,GLRA4,441509.0,Del0.8,0.79
X-3009,GOLGA2P2Y,84559.0,Del0.8,0.23
X-3009,GOLGA2P2Y,84559.0,Del0.8,0.23
X-3009,GPC3,2719.0,Del0.8,0.78
X-3009,GPC4,2239.0,Del0.8,0.78
X-3009,GPCPD1,56261.0,MutNovel,"I572S,0.219"
X-3009,GPR101,83550.0,Del0.8,0.79
X-3009,GPR112,139378.0,Del0.8,0.79
X-3009,GPR119,139760.0,Del0.8,0.78
X-3009,GPR174,84636.0,Del0.8,0.8
X-3009,GPR50,9248.0,Del0.8,0.79
X-3009,GPRASP1,9737.0,Del0.8,0.78
X-3009,GPRASP2,114928.0,Del0.8,0.78
X-3009,GRIA3,2892.0,Del0.8,0.78
X-3009,GRIA4,2893.0,MutNovel,"L849V,0.600"
X-3009,GRM8,2918.0,MutNovel,"R348Q,0.750"
X-3009,GRM8,2918.0,MutNovel,"R343Q,0.833"
X-3009,GSTT2,2953.0,Del0.8,0.64
X-3009,GTF2IRD1,9569.0,MutNovel,"I594V,0.409"
X-3009,GUCY2F,2986.0,Del0.8,0.78
X-3009,GYG2P1,352887.0,Del0.8,0.23
X-3009,H2BFM,286436.0,Del0.8,0.79
X-3009,H2BFWT,158983.0,Del0.8,0.79
X-3009,H2BFXP,767811.0,Del0.8,0.79
X-3009,H2BFXP,767811.0,Del0.8,0.79
X-3009,HDX,139324.0,Del0.8,0.8
X-3009,HMGB3,3149.0,Del0.8,0.79
X-3009,HMGN5,79366.0,Del0.8,0.8
X-3009,HNRNPH2,3188.0,Del0.8,0.8
X-3009,HPRT1,3251.0,Del0.8,0.78
X-3009,HPVC1,3262.0,Amp5,5.06
X-3009,HS6ST2,90161.0,Del0.8,0.78
X-3009,HSFX2,100130086.0,Del0.8,0.79
X-3009,HSFX2,100130086.0,Del0.8,0.79
X-3009,HSFY2,159119.0,Del0.8,0.23
X-3009,HSFY2,159119.0,Del0.8,0.23
X-3009,HTATSF1,27336.0,Del0.8,0.79
X-3009,HTR2C,3358.0,Del0.8,0.78
X-3009,HTT,3064.0,MutNovel,"P1540L,0.308"
X-3009,IARS,3376.0,MutNovel,"D647G,0.445"
X-3009,IDS,3423.0,Del0.8,0.79
X-3009,IGSF1,3547.0,Del0.8,0.78
X-3009,IL1RAPL2,26280.0,Del0.8,0.79
X-3009,IRS4,8471.0,Del0.8,0.73
X-3009,IRX1,79192.0,Amp5,5.21
X-3009,ITM2A,9452.0,Del0.8,0.8
X-3009,KCNE1L,23630.0,Del0.8,0.78
X-3009,KDM5D,8284.0,Del0.8,0.23
X-3009,KIAA0125,9834.0,Amp5,5.9
X-3009,KIAA1009,22832.0,MutNovel,"E379-,0.444"
X-3009,KLHL4,56062.0,Del0.8,0.8
X-3009,LATS1,9113.0,MutNovel,"T541A,0.747"
X-3009,LCE3C,353144.0,Del0.8,0.24
X-3009,LDOC1,23641.0,Del0.8,0.79
X-3009,LGALS9C,654346.0,Del0.8,0.69
X-3009,LHFPL1,340596.0,Del0.8,0.78
X-3009,LINC00086,399668.0,Del0.8,0.77
X-3009,LINC00087,644596.0,Del0.8,0.77
X-3009,LINC00226,338004.0,Amp5,7.36
X-3009,LOC100128420,100128420.0,Del0.8,0.79
X-3009,LOC100129250,100129250.0,Del0.8,0.33
X-3009,LOC100129515,100129515.0,Del0.8,0.77
X-3009,LOC100129520,100129520.0,Del0.8,0.78
X-3009,LOC100129662,100129662.0,Del0.8,0.79
X-3009,LOC100131434,100131434.0,Del0.8,0.79
X-3009,LOC100272228,100272228.0,Del0.8,0.79
X-3009,LOC100287765,100287765.0,Del0.8,0.78
X-3009,LOC100506757,100506757.0,Del0.8,0.78
X-3009,LOC158696,158696.0,Del0.8,0.79
X-3009,LOC257396,257396.0,Del0.8,0.77
X-3009,LOC285577,285577.0,Amp5,5.21
X-3009,LOC286437,286437.0,Del0.8,0.79
X-3009,LOC286467,286467.0,Del0.8,0.78
X-3009,LOC340544,340544.0,Del0.8,0.79
X-3009,LOC442459,442459.0,Del0.8,0.78
X-3009,LOC642441,,MutNovel,"L209S,0.500"
X-3009,LOC643486,643486.0,Del0.8,0.79
X-3009,LPAR4,2846.0,Del0.8,0.8
X-3009,LSR,51599.0,MutNovel,"G518GR,0.826"
X-3009,MACF1,23499.0,MutNovel,"T2115I,0.500"
X-3009,MAGEA10,4109.0,Del0.8,0.79
X-3009,MAGEA10-MAGEA5,100533997.0,Del0.8,0.79
X-3009,MAGEA11,4110.0,Del0.8,0.79
X-3009,MAGEA4,4103.0,Del0.8,0.79
X-3009,MAGEA5,4104.0,Del0.8,0.79
X-3009,MAGEA8,4107.0,Del0.8,0.79
X-3009,MAGEA9B,728269.0,Del0.8,0.79
X-3009,MAGEA9B,728269.0,Del0.8,0.79
X-3009,MAGEC1,9947.0,MutNovel,"S309R,0.923"
X-3009,MAGEC1,9947.0,MutNovel,"G377V,0.214"
X-3009,MAGEC1,9947.0,MutNovel,"P379R,0.273"
X-3009,MAGEC1,9947.0,Del0.8,0.79
X-3009,MAGEC2,51438.0,Del0.8,0.79
X-3009,MAGEC3,139081.0,Del0.8,0.79
X-3009,MAGEL2,54551.0,MutNovel,"A360V,0.500"
X-3009,MAMLD1,10046.0,Del0.8,0.79
X-3009,MAP2K5,5607.0,MutNovel,"G425E,0.975"
X-3009,MAP3K4,4216.0,MutNovel,"PA1189P,0.750"
X-3009,MAP7D3,79649.0,Del0.8,0.79
X-3009,MBNL3,55796.0,Del0.8,0.78
X-3009,MCF2,4168.0,Del0.8,0.79
X-3009,MED15,51586.0,MutNovel,"-251Q,0.359"
X-3009,MEF2A,4205.0,MutNovel,"QQ412-,0.214"
X-3009,MGC16121,84848.0,Del0.8,0.78
X-3009,MID2,11043.0,Del0.8,0.79
X-3009,MIR105-1,406897.0,Del0.8,0.79
X-3009,MIR105-2,406898.0,Del0.8,0.79
X-3009,MIR106A,406899.0,Del0.8,0.78
X-3009,MIR1256,100302155.0,Del0.8,0.79
X-3009,MIR1264,100302251.0,Del0.8,0.78
X-3009,MIR1298,100302153.0,Del0.8,0.78
X-3009,MIR18B,574033.0,Del0.8,0.78
X-3009,MIR1911,100302222.0,Del0.8,0.78
X-3009,MIR1912,100302144.0,Del0.8,0.78
X-3009,MIR19B2,406981.0,Del0.8,0.78
X-3009,MIR20B,574032.0,Del0.8,0.78
X-3009,MIR2114,100313839.0,Del0.8,0.79
X-3009,MIR31,407035.0,Del0.8,0.5
X-3009,MIR320D2,100302169.0,Del0.8,0.79
X-3009,MIR363,574031.0,Del0.8,0.78
X-3009,MIR3978,100616491.0,Del0.8,0.78
X-3009,MIR424,494336.0,Del0.8,0.78
X-3009,MIR4328,100422932.0,Del0.8,0.8
X-3009,MIR4329,100423009.0,Del0.8,0.78
X-3009,MIR4330,100422930.0,Del0.8,0.79
X-3009,MIR448,554212.0,Del0.8,0.78
X-3009,MIR450A1,554214.0,Del0.8,0.78
X-3009,MIR450A2,574505.0,Del0.8,0.78
X-3009,MIR450B,100126302.0,Del0.8,0.78
X-3009,MIR452,574412.0,Del0.8,0.79
X-3009,MIR503,574506.0,Del0.8,0.78
X-3009,MIR504,574507.0,Del0.8,0.79
X-3009,MIR505,574508.0,Del0.8,0.79
X-3009,MIR506,574511.0,Del0.8,0.79
X-3009,MIR507,574512.0,Del0.8,0.79
X-3009,MIR508,574513.0,Del0.8,0.79
X-3009,MIR509-1,574514.0,Del0.8,0.79
X-3009,MIR510,574515.0,Del0.8,0.79
X-3009,MIR514A1,574516.0,Del0.8,0.79
X-3009,MIR514A2,574517.0,Del0.8,0.79
X-3009,MIR514B,100422847.0,Del0.8,0.79
X-3009,MIR542,664617.0,Del0.8,0.78
X-3009,MIR764,100313838.0,Del0.8,0.78
X-3009,MIR767,768215.0,Del0.8,0.79
X-3009,MIR888,100126306.0,Del0.8,0.79
X-3009,MIR890,100126303.0,Del0.8,0.79
X-3009,MIR891A,100126341.0,Del0.8,0.79
X-3009,MIR891B,100126304.0,Del0.8,0.79
X-3009,MIR892A,100126342.0,Del0.8,0.79
X-3009,MIR892B,100126307.0,Del0.8,0.79
X-3009,MIR92A2,407049.0,Del0.8,0.78
X-3009,MIR934,100126324.0,Del0.8,0.79
X-3009,MKRN1,23608.0,MutNovel,"L81F,0.512"
X-3009,MMGT1,93380.0,Del0.8,0.79
X-3009,MORC4,79710.0,Del0.8,0.79
X-3009,MORF4L2,9643.0,Del0.8,0.79
X-3009,MOSPD1,56180.0,Del0.8,0.78
X-3009,MST4,51765.0,Del0.8,0.78
X-3009,MTAP,4507.0,Del0.8,0.29
X-3009,MTM1,4534.0,Del0.8,0.79
X-3009,MTMR1,8776.0,Del0.8,0.79
X-3009,MTRR,4552.0,Amp5,5.86
X-3009,MUM1L1,139221.0,Del0.8,0.79
X-3009,MUS81,80198.0,MutNovel,"L249F,0.696"
X-3009,NADKD1,133686.0,MutNovel,"G25E,0.333"
X-3009,NAP1L3,4675.0,MutNovel,"R420H,0.548"
X-3009,NAP1L3,4675.0,Del0.8,0.79
X-3009,NBPF14,25832.0,MutNovel,"Y640H,0.229"
X-3009,NBPF16,728936.0,MutNovel,"G665V,1.000"
X-3009,NCOR2,9612.0,MutNovel,"G1839GAAA,0.776"
X-3009,NCRNA00185,55410.0,Del0.8,0.23
X-3009,NDUFB6,4712.0,Del0.8,0.22
X-3009,NGFRAP1,27018.0,Del0.8,0.78
X-3009,NIPA1,123606.0,MutNovel,"S38L,0.280"
X-3009,NLGN4Y,22829.0,Del0.8,0.23
X-3009,NOX1,27035.0,Del0.8,0.78
X-3009,NPIPL3,23117.0,MutNovel,"D1009E,1.000"
X-3009,NRK,203447.0,Del0.8,0.79
X-3009,NTAN1,123803.0,MutNovel,"A220V,1.000"
X-3009,NUDT11,55190.0,MutKnownFunctional,"-1,0.478"
X-3009,NUDT19,390916.0,MutNovel,"A21E,0.571"
X-3009,NUP62CL,54830.0,Del0.8,0.79
X-3009,NVL,4931.0,MutNovel,"S853P,0.361"
X-3009,NXF2,56001.0,Del0.8,0.78
X-3009,NXF2,56001.0,Del0.8,0.78
X-3009,NXF2B,728343.0,Del0.8,0.78
X-3009,NXF2B,728343.0,Del0.8,0.78
X-3009,NXF3,56000.0,Del0.8,0.78
X-3009,NXF4,55999.0,Del0.8,0.78
X-3009,NXF5,55998.0,Del0.8,0.8
X-3009,NXT2,55916.0,Del0.8,0.78
X-3009,OCRL,4952.0,Del0.8,0.78
X-3009,ODZ1,10178.0,Del0.8,0.78
X-3009,OR11H2,79334.0,MutNovel,"K181M,1.000"
X-3009,OR13H1,347468.0,Del0.8,0.78
X-3009,ORAI1,84876.0,MutNovel,"PP43-,0.941"
X-3009,OTUD1,220213.0,MutNovel,"S326C,0.326"
X-3009,P2RY10,27334.0,Del0.8,0.8
X-3009,PAK3,5063.0,Del0.8,0.78
X-3009,PANX2,56666.0,MutNovel,"A127V,1.000"
X-3009,PASD1,139135.0,Del0.8,0.79
X-3009,PCDH11X,27328.0,Del0.8,0.79
X-3009,PCDH11Y,83259.0,Del0.8,0.23
X-3009,PCDH19,57526.0,Del0.8,0.78
X-3009,PCDHB11,56125.0,MutNovel,"L496P,1.000"
X-3009,PCDHB4,56131.0,MutNovel,"G531S,0.500"
X-3009,PCDHB6,56130.0,MutNovel,"G530S,0.333"
X-3009,PHF6,84295.0,Del0.8,0.78
X-3009,PHF7,51533.0,MutNovel,"I63V,1.000"
X-3009,PHLDA1,22822.0,MutNovel,"QQ194Q,0.513"
X-3009,PLAC1,10761.0,Del0.8,0.78
X-3009,PLP1,5354.0,Del0.8,0.79
X-3009,POF1B,79983.0,Del0.8,0.8
X-3009,POM121L12,285877.0,Amp5,5.06
X-3009,POTEE,445582.0,MutNovel,"G546R,1.000"
X-3009,PRKY,5616.0,Del0.8,0.23
X-3009,PRPS1,5631.0,Del0.8,0.79
X-3009,PRRG3,79057.0,Del0.8,0.79
X-3009,PRY,9081.0,Del0.8,0.23
X-3009,PRY,9081.0,Del0.8,0.23
X-3009,PRY2,442862.0,Del0.8,0.23
X-3009,PRY2,442862.0,Del0.8,0.23
X-3009,PUM2,23369.0,MutNovel,"F358L,0.606"
X-3009,RAB33A,9363.0,Del0.8,0.78
X-3009,RAB40A,142684.0,Del0.8,0.78
X-3009,RAB40AL,282808.0,Del0.8,0.78
X-3009,RAB9B,51209.0,Del0.8,0.79
X-3009,RAP2C,57826.0,Del0.8,0.78
X-3009,RASAL2,9462.0,MutNovel,"R694H,0.394"
X-3009,RBM41,55285.0,Del0.8,0.79
X-3009,RBMX,27316.0,Del0.8,0.79
X-3009,RBMX2,51634.0,Del0.8,0.78
X-3009,RBMY1A3P,286557.0,Del0.8,0.23
X-3009,RBMY1B,378948.0,Del0.8,0.23
X-3009,RBMY1B,378948.0,Del0.8,0.23
X-3009,RBMY1E,378950.0,Del0.8,0.23
X-3009,RBMY1E,378950.0,Del0.8,0.23
X-3009,RBMY1F,159163.0,Del0.8,0.23
X-3009,RBMY1F,159163.0,Del0.8,0.23
X-3009,RBMY1J,378951.0,Del0.8,0.23
X-3009,RBMY1J,378951.0,Del0.8,0.23
X-3009,RBMY2EP,159125.0,Del0.8,0.23
X-3009,RBMY2FP,159162.0,Del0.8,0.23
X-3009,RBMY3AP,64593.0,Del0.8,0.23
X-3009,RGAG1,57529.0,Del0.8,0.78
X-3009,RGPD8,727851.0,MutNovel,"E928K,0.206"
X-3009,RIPPLY1,92129.0,Del0.8,0.79
X-3009,RNF128,79589.0,Del0.8,0.79
X-3009,RP1-177G6.2,286411.0,Del0.8,0.79
X-3009,RPA4,29935.0,Del0.8,0.79
X-3009,RPL36A,6173.0,Del0.8,0.8
X-3009,RPL36A-HNRNPH2,100529097.0,Del0.8,0.8
X-3009,RPS4Y1,6192.0,Del0.8,0.23
X-3009,RPS4Y2,140032.0,Del0.8,0.23
X-3009,RPS6KA6,27330.0,Del0.8,0.8
X-3009,RTL1,388015.0,MutNovel,"E152EK,1.000"
X-3009,SAGE1,55511.0,Del0.8,0.79
X-3009,SASH3,54440.0,Del0.8,0.78
X-3009,SATL1,340562.0,Del0.8,0.8
X-3009,SERINC2,347735.0,MutNovel,"-373Q,0.631"
X-3009,SERPINA7,6906.0,Del0.8,0.79
X-3009,SETD1B,23067.0,MutNovel,"L1493F,1.000"
X-3009,SH2D1A,4068.0,Del0.8,0.78
X-3009,SHROOM4,57477.0,MutNovel,"K1129Q,1.000"
X-3009,SLC19A3,80704.0,MutNovel,"C372S,0.556"
X-3009,SLC25A14,9016.0,Del0.8,0.78
X-3009,SLC38A6,145389.0,MutNovel,"A484V,0.333"
X-3009,SLC9A6,10479.0,Del0.8,0.79
X-3009,SLITRK2,84631.0,Del0.8,0.79
X-3009,SLITRK4,139065.0,Del0.8,0.79
X-3009,SMARCA1,6594.0,Del0.8,0.78
X-3009,SNAPC4,6621.0,MutNovel,"S542-,0.655"
X-3009,SNORA35,677816.0,Del0.8,0.78
X-3009,SNORD61,26787.0,Del0.8,0.79
X-3009,SNORD96B,692226.0,Del0.8,0.78
X-3009,SNX6,58533.0,MutNovel,"M155I,0.287"
X-3009,SOX3,6658.0,Del0.8,0.79
X-3009,SPAG11A,653423.0,Del0.8,0.66
X-3009,SPAG11B,10407.0,Del0.8,0.66
X-3009,SPAG11B,10407.0,Del0.8,0.66
X-3009,SPANXA2,728712.0,Del0.8,0.79
X-3009,SPANXA2,728712.0,Del0.8,0.79
X-3009,SPANXA2-OT1,619455.0,Del0.8,0.79
X-3009,SPANXB1,728695.0,Del0.8,0.79
X-3009,SPANXC,64663.0,Del0.8,0.79
X-3009,SPANXN1,494118.0,Del0.8,0.79
X-3009,SPANXN2,494119.0,Del0.8,0.79
X-3009,SPANXN3,139067.0,Del0.8,0.79
X-3009,SPANXN4,441525.0,Del0.8,0.79
X-3009,SRCAP,10847.0,MutNovel,"P457L,0.472"
X-3009,SRD5A1P1,6719.0,Del0.8,0.79
X-3009,SRPX2,27286.0,Del0.8,0.78
X-3009,SRY,6736.0,Del0.8,0.23
X-3009,STAG2,10735.0,Del0.8,0.78
X-3009,STK24,8428.0,MutNovel,"A414V,0.528"
X-3009,SYTL4,94121.0,Del0.8,0.78
X-3009,TAF1L,138474.0,Del0.8,0.27
X-3009,TAF7L,54457.0,Del0.8,0.8
X-3009,TAG,404663.0,Amp5,6.87
X-3009,TBC1D8B,54885.0,Del0.8,0.79
X-3009,TBL1Y,90665.0,Del0.8,0.23
X-3009,TBP,6908.0,MutNovel,"-64Q,0.289"
X-3009,TBRG4,9238.0,MutKnownFunctional,"-11,0.571"
X-3009,TBX22,50945.0,Del0.8,0.8
X-3009,TCEAL1,9338.0,Del0.8,0.79
X-3009,TCEAL2,140597.0,Del0.8,0.78
X-3009,TCEAL3,85012.0,Del0.8,0.79
X-3009,TCEAL5,340543.0,Del0.8,0.78
X-3009,TCEAL6,158931.0,Del0.8,0.78
X-3009,TCEAL7,56849.0,Del0.8,0.78
X-3009,TCEAL8,90843.0,Del0.8,0.78
X-3009,TDGF1P3,6998.0,Del0.8,0.78
X-3009,TEX13A,56157.0,Del0.8,0.79
X-3009,TEX13B,56156.0,Del0.8,0.79
X-3009,TFDP3,51270.0,Del0.8,0.78
X-3009,TGIF2LY,90655.0,Del0.8,0.23
X-3009,THEM6,,MutNovel,"L61V,0.412"
X-3009,THOC2,57187.0,Del0.8,0.78
X-3009,TIMM8A,1678.0,Del0.8,0.8
X-3009,TM6SF2,53345.0,MutNovel,"L79F,1.000"
X-3009,TMEM132A,54972.0,MutNovel,"A523K,0.312"
X-3009,TMEM164,84187.0,Del0.8,0.78
X-3009,TMEM185A,84548.0,Del0.8,0.79
X-3009,TMEM215,401498.0,Del0.8,0.34
X-3009,TMEM31,203562.0,Del0.8,0.79
X-3009,TMPRSS13,84000.0,MutNovel,"Q78R,0.750"
X-3009,TMSB15A,11013.0,Del0.8,0.78
X-3009,TMSB15B,286527.0,Del0.8,0.79
X-3009,TMSB4Y,9087.0,Del0.8,0.23
X-3009,TNMD,64102.0,Del0.8,0.78
X-3009,TNRC6C,57690.0,MutNovel,"P1245R,0.600"
X-3009,TOPORS,10210.0,Del0.8,0.33
X-3009,TP53,7157.0,MutLikelyFunctional,"G245D,1.000"
X-3009,TRPC5,7224.0,Del0.8,0.78
X-3009,TSC22D3,1831.0,Del0.8,0.79
X-3009,TSPAN6,7105.0,Del0.8,0.78
X-3009,TSPY1,7258.0,Del0.8,0.23
X-3009,TSPY2,64591.0,Del0.8,0.23
X-3009,TSPY3,728137.0,Del0.8,0.23
X-3009,TSPY4,728395.0,Del0.8,0.23
X-3009,TSPY8,728403.0,Del0.8,0.23
X-3009,TSPYL1,7259.0,MutNovel,"V176VW,0.919"
X-3009,TTTY10,246119.0,Del0.8,0.23
X-3009,TTTY11,83866.0,Del0.8,0.23
X-3009,TTTY12,83867.0,Del0.8,0.23
X-3009,TTTY13,83868.0,Del0.8,0.23
X-3009,TTTY14,83869.0,Del0.8,0.23
X-3009,TTTY15,64595.0,Del0.8,0.23
X-3009,TTTY16,252948.0,Del0.8,0.23
X-3009,TTTY17A,252949.0,Del0.8,0.23
X-3009,TTTY17A,252949.0,Del0.8,0.23
X-3009,TTTY18,252950.0,Del0.8,0.23
X-3009,TTTY19,252952.0,Del0.8,0.23
X-3009,TTTY1B,100101116.0,Del0.8,0.23
X-3009,TTTY1B,100101116.0,Del0.8,0.23
X-3009,TTTY2,60439.0,Del0.8,0.23
X-3009,TTTY2,60439.0,Del0.8,0.23
X-3009,TTTY20,252951.0,Del0.8,0.23
X-3009,TTTY21,252953.0,Del0.8,0.23
X-3009,TTTY21,252953.0,Del0.8,0.23
X-3009,TTTY22,252954.0,Del0.8,0.23
X-3009,TTTY23,252955.0,Del0.8,0.23
X-3009,TTTY23,252955.0,Del0.8,0.23
X-3009,TTTY3,114760.0,Del0.8,0.23
X-3009,TTTY3,114760.0,Del0.8,0.23
X-3009,TTTY4,114761.0,Del0.8,0.23
X-3009,TTTY4,114761.0,Del0.8,0.23
X-3009,TTTY5,83863.0,Del0.8,0.23
X-3009,TTTY6,84672.0,Del0.8,0.23
X-3009,TTTY6,84672.0,Del0.8,0.23
X-3009,TTTY7,246122.0,Del0.8,0.23
X-3009,TTTY7,246122.0,Del0.8,0.23
X-3009,TTTY7B,100101120.0,Del0.8,0.23
X-3009,TTTY7B,100101120.0,Del0.8,0.23
X-3009,TTTY8,84673.0,Del0.8,0.23
X-3009,TTTY8,84673.0,Del0.8,0.23
X-3009,TTTY9A,83864.0,Del0.8,0.23
X-3009,TTTY9A,83864.0,Del0.8,0.23
X-3009,TWIST1,7291.0,MutNovel,"G32S,0.421"
X-3009,TXLNG2P,246126.0,Del0.8,0.23
X-3009,UBE2DNL,100131816.0,Del0.8,0.8
X-3009,UBE2NL,389898.0,Del0.8,0.79
X-3009,USP26,83844.0,Del0.8,0.78
X-3009,USP32P2,220594.0,Del0.8,0.69
X-3009,USP36,57602.0,MutNovel,"KKK958K,0.392"
X-3009,USP9Y,8287.0,Del0.8,0.23
X-3009,UTP14A,10813.0,Del0.8,0.78
X-3009,UTY,7404.0,Del0.8,0.23
X-3009,VCX,26609.0,MutNovel,"M180V,1.000"
X-3009,VCX3A,51481.0,MutNovel,"E109Q,1.000"
X-3009,VCX3B,425054.0,MutNovel,"V130L,0.333"
X-3009,VCX3B,425054.0,MutNovel,"V180L,0.540"
X-3009,VCX3B,425054.0,MutNovel,"M230R,1.000"
X-3009,VCY,9084.0,Del0.8,0.23
X-3009,VCY,9084.0,Del0.8,0.23
X-3009,VGLL1,51442.0,Del0.8,0.79
X-3009,VMA21,203547.0,Del0.8,0.79
X-3009,VSIG1,340547.0,Del0.8,0.79
X-3009,WBP5,51186.0,Del0.8,0.78
X-3009,XIAP,331.0,Del0.8,0.78
X-3009,XKRX,402415.0,Del0.8,0.78
X-3009,XKRY2,353515.0,Del0.8,0.23
X-3009,XKRY2,353515.0,Del0.8,0.23
X-3009,XPNPEP2,7512.0,Del0.8,0.78
X-3009,ZCCHC16,340595.0,Del0.8,0.78
X-3009,ZCCHC18,644353.0,Del0.8,0.79
X-3009,ZCCHC5,203430.0,Del0.8,0.8
X-3009,ZDHHC9,51114.0,Del0.8,0.78
X-3009,ZFY,7544.0,Del0.8,0.23
X-3009,ZIC3,7547.0,Del0.8,0.79
X-3009,ZMAT1,84460.0,Del0.8,0.8
X-3009,ZNF280C,55609.0,Del0.8,0.78
X-3009,ZNF384,171017.0,MutNovel,"QQ514Q,0.302"
X-3009,ZNF449,203523.0,Del0.8,0.77
X-3009,ZNF529,57711.0,MutNovel,"I220L,0.316"
X-3009,ZNF711,7552.0,Del0.8,0.8
X-3009,ZNF75D,7626.0,Del0.8,0.77
X-3009,ZNF77,58492.0,MutNovel,"LR507R,0.391"
X-3009,ZNF772,400720.0,MutNovel,"A4GP,0.727"
X-3009,ZNRF3,84133.0,MutNovel,"A929V,1.000"
X-3041,ABCC10,89845.0,Amp5,5.86
X-3041,ABHD4,63874.0,Amp5,5.35
X-3041,ACIN1,22985.0,Amp5,5.31
X-3041,ACSS2,55902.0,Amp5,7.52
X-3041,ACTA2,59.0,Del0.8,0.34
X-3041,ACTL10,170487.0,Amp5,7.52
X-3041,ADAM6,8755.0,Amp5,6.02
X-3041,ADARB2,105.0,Amp5,5.54
X-3041,ADARB2-AS1,642394.0,Amp5,5.54
X-3041,ADD3,120.0,Amp5,5.74
X-3041,ADRA2A,150.0,Amp5,5.74
X-3041,AEBP2,121536.0,Amp8,10.56
X-3041,AHCY,191.0,Amp5,7.52
X-3041,AJUBA,84962.0,Amp5,5.31
X-3041,AK4,205.0,MutNovel,"R188Q,0.232"
X-3041,AKAP7,9465.0,Amp5,6.06
X-3041,AKR1C1,1645.0,Amp5,5.54
X-3041,AKR1C2,1646.0,Amp5,5.54
X-3041,AKR1C3,8644.0,Amp5,5.54
X-3041,AKR1C4,1109.0,Amp5,5.54
X-3041,AKR1CL1,340811.0,Amp5,5.54
X-3041,AKR1E2,83592.0,Amp5,5.54
X-3041,ALG10,84920.0,Amp5,5.78
X-3041,ALG12,79087.0,MutNovel,"D415G,0.691"
X-3041,AMDHD1,144193.0,MutNovel,"I392N,0.630"
X-3041,AMELY,266.0,Del0.8,0.29
X-3041,AMN1,196394.0,Amp5,7.31
X-3041,AMOTL2,51421.0,Amp5,7.67
X-3041,ANAPC13,25847.0,Amp5,7.67
X-3041,ANG,283.0,Amp5,5.35
X-3041,ANGPT4,51378.0,Del0.8,0.23
X-3041,ANKRD16,54522.0,Amp5,5.54
X-3041,ANKRD22,118932.0,Del0.8,0.31
X-3041,ANKRD27,84079.0,Amp5,5.35
X-3041,ANKRD36,375248.0,MutNovel,"T998S,0.333"
X-3041,ANKRD50,57182.0,MutNovel,"G545E,0.400"
X-3041,AP1G2,8906.0,Amp5,5.31
X-3041,AP5S1,,MutNovel,"P75S,1.000"
X-3041,APEX1,328.0,Amp5,5.35
X-3041,APOH,350.0,Amp5,5.78
X-3041,ARG1,383.0,Amp5,6.06
X-3041,ARHGAP18,93663.0,Amp5,6.06
X-3041,ARHGAP8,23779.0,Amp5,5.74
X-3041,ARHGDIG,398.0,Amp5,6.92
X-3041,ARHGEF2,9181.0,Amp5,5.9
X-3041,ARHGEF40,55701.0,Amp5,5.35
X-3041,ARID1A,8289.0,MutNovel,"L2088F,0.386"
X-3041,ARL13A,392509.0,Amp5,6.06
X-3041,ARL14,80117.0,Amp5,5.58
X-3041,ARL15,54622.0,Amp8,11.79
X-3041,ARL5B,221079.0,Amp5,5.94
X-3041,ARMCX4,100131755.0,MutNovel,"G1221R,1.000"
X-3041,ARNTL2,56938.0,Amp8,9.38
X-3041,ARV1,64801.0,MutKnownFunctional,"-170?,0.268"
X-3041,ASAH1,427.0,MutNovel,"V224M,1.000"
X-3041,ASB13,79754.0,Amp5,5.54
X-3041,ASIP,434.0,Amp5,7.52
X-3041,ATOH1,474.0,Amp8,8.06
X-3041,ATP5C1,509.0,Amp5,5.54
X-3041,ATP6V1A,523.0,MutNovel,"R142W,0.364"
X-3041,ATP9A,10079.0,Amp8,9.99
X-3041,AXIN1,8312.0,Amp5,6.92
X-3041,AXIN2,8313.0,Amp5,5.78
X-3041,AXL,558.0,MutNovel,"G508S,0.206"
X-3041,BBIP1,92482.0,Amp5,5.74
X-3041,BBS12,166379.0,Amp5,7.62
X-3041,BCAS1,8537.0,Amp5,5.78
X-3041,BCL2L2,599.0,Amp5,5.31
X-3041,BCL2L2-PABPN1,100529063.0,Amp5,5.31
X-3041,BCORP1,286554.0,Del0.8,0.26
X-3041,BGLAP,632.0,Amp5,5.9
X-3041,BICD1,636.0,Amp5,7.26
X-3041,BIN1,274.0,MutNovel,"E586K,0.313"
X-3041,BMP5,653.0,Amp5,6.06
X-3041,BPIFA1,51297.0,Amp5,7.52
X-3041,BPIFA2,140683.0,Amp5,7.52
X-3041,BPIFA3,128861.0,Amp5,7.52
X-3041,BPIFA4P,317716.0,Amp5,7.52
X-3041,BPIFB1,92747.0,Amp5,7.52
X-3041,BPIFB2,80341.0,Amp5,7.52
X-3041,BPIFB3,359710.0,Amp5,7.52
X-3041,BPIFB4,149954.0,Amp5,7.52
X-3041,BPIFB6,128859.0,Amp5,7.52
X-3041,BPY2B,442867.0,Del0.8,0.15
X-3041,BPY2B,442867.0,Del0.8,0.09
X-3041,BTG3,10950.0,Amp8,8.57
X-3041,BUD13,84811.0,MutNovel,"R583C,0.425"
X-3041,BVES,11149.0,Amp5,6.96
X-3041,C10orf108,414235.0,Amp5,7.31
X-3041,C11orf67,28971.0,MutNovel,"G61V,0.579"
X-3041,C12orf35,55196.0,Amp5,7.26
X-3041,C12orf59,120939.0,Amp5,5.54
X-3041,C12orf70,341346.0,Amp8,9.38
X-3041,C14orf119,55017.0,Amp5,5.31
X-3041,C14orf176,643382.0,Amp5,5.35
X-3041,C14orf93,60686.0,Amp5,5.31
X-3041,C16orf11,146325.0,Amp5,6.92
X-3041,C16orf13,84326.0,Amp5,6.92
X-3041,C1orf85,112770.0,Amp5,5.9
X-3041,C20orf112,140688.0,Amp5,5.54
X-3041,C20orf144,128864.0,Amp5,7.52
X-3041,C20orf152,140894.0,Amp5,7.31
X-3041,C20orf173,140873.0,Amp5,7.31
X-3041,C20orf203,284805.0,Amp5,7.52
X-3041,C20orf96,140680.0,Del0.8,0.3
X-3041,C21orf2,755.0,MutNovel,"T150A,0.995"
X-3041,C21orf37,100505929.0,Amp8,8.57
X-3041,C21orf91,54149.0,Amp8,8.57
X-3041,C21orf91-OT1,246312.0,Amp8,8.57
X-3041,C2orf27A,29798.0,MutNovel,"R19L,0.833"
X-3041,C2orf55,343990.0,MutNovel,"R714Q,0.875"
X-3041,C3orf80,401097.0,Amp5,5.58
X-3041,C6orf108,10591.0,Amp5,5.86
X-3041,C6orf141,135398.0,Amp5,6.02
X-3041,C9orf114,51490.0,MutNovel,"R200Q,0.664"
X-3041,CACNA1A,773.0,MutNovel,"QQQQQ2327-,0.462"
X-3041,CACNG1,786.0,Amp5,5.78
X-3041,CACNG4,27092.0,Amp5,5.78
X-3041,CACNG5,27091.0,Amp5,5.78
X-3041,CALCOCO2,10241.0,MutNovel,"E70K,0.600"
X-3041,CALML3,810.0,Amp5,5.54
X-3041,CALML5,51806.0,Amp5,5.54
X-3041,CAND2,23066.0,MutNovel,"T93A,0.395"
X-3041,CAPZA3,93661.0,Amp8,10.56
X-3041,CBFA2T2,9139.0,Amp5,7.52
X-3041,CCDC15,80071.0,MutNovel,"D520H,0.583"
X-3041,CCDC17,149483.0,MutNovel,"T30I,0.562"
X-3041,CCDC74A,90557.0,MutNovel,"C119S,0.800"
X-3041,CCDC78,124093.0,Amp5,6.92
X-3041,CCNB1IP1,57820.0,Amp5,5.35
X-3041,CCNO,10309.0,Amp8,8.63
X-3041,CCT3,7203.0,Amp5,5.13
X-3041,CD2AP,23607.0,Amp5,5.1
X-3041,CD69,969.0,Amp5,5.54
X-3041,CDC20B,166979.0,Amp8,8.63
X-3041,CDC6,990.0,MutNovel,"K535N,0.243"
X-3041,CDH12,1010.0,Amp5,5.35
X-3041,CDH24,64403.0,Amp5,5.31
X-3041,CDK5RAP1,51654.0,Amp5,7.52
X-3041,CDY1B,253175.0,Del0.8,0.2
X-3041,CDY1B,253175.0,Del0.8,0.26
X-3041,CDY2A,9426.0,Del0.8,0.26
X-3041,CDY2A,9426.0,Del0.8,0.26
X-3041,CDY2B,203611.0,Del0.8,0.26
X-3041,CDY2B,203611.0,Del0.8,0.26
X-3041,CEBPE,1053.0,Amp5,5.31
X-3041,CENPC1,1060.0,Amp5,7.62
X-3041,CENPI,2491.0,Amp5,6.06
X-3041,CENPQ,55166.0,Amp5,6.02
X-3041,CEP112,201134.0,Amp5,5.78
X-3041,CEP250,11190.0,Amp5,7.31
X-3041,CEP290,80184.0,MutNovel,"P2376S,0.462"
X-3041,CEP63,80254.0,Amp5,7.67
X-3041,CES4A,283848.0,MutNovel,"Y349H,0.667"
X-3041,CETN4P,729338.0,Amp5,7.62
X-3041,CH25H,9023.0,Del0.8,0.36
X-3041,CHD8,57680.0,Amp5,5.35
X-3041,CHMP4B,128866.0,Amp5,7.52
X-3041,CHODL,140578.0,Amp8,8.57
X-3041,CHODL-AS1,54075.0,Amp8,8.57
X-3041,CHST15,51363.0,MutKnownFunctional,"-456,1.000"
X-3041,CHTF18,63922.0,Amp5,6.92
X-3041,CLCNKA,1187.0,MutNovel,"T577D,0.600"
X-3041,CLEC12A,160364.0,Amp5,5.54
X-3041,CLEC12B,387837.0,Amp5,5.54
X-3041,CLEC1A,51267.0,Amp5,5.54
X-3041,CLEC1B,51266.0,Amp5,5.54
X-3041,CLEC2A,387836.0,Amp5,5.54
X-3041,CLEC2B,9976.0,Amp5,5.54
X-3041,CLEC2D,29121.0,Amp5,5.54
X-3041,CLEC7A,64581.0,Amp5,5.54
X-3041,CLEC9A,283420.0,Amp5,5.54
X-3041,CLECL1,160365.0,Amp5,5.54
X-3041,CLGN,1047.0,Amp5,7.84
X-3041,CMTM5,116173.0,Amp5,5.31
X-3041,CNTNAP5,129684.0,Amp5,6.19
X-3041,COL22A1,169044.0,MutNovel,"V356D,0.296"
X-3041,COL5A1,1289.0,MutNovel,"G1378A,0.996"
X-3041,COMMD7,149951.0,Amp5,7.52
X-3041,COPZ2,51226.0,MutKnownFunctional,"-6?,1.000"
X-3041,CPNE1,8904.0,Amp5,7.31
X-3041,CRIP3,401262.0,Amp5,5.86
X-3041,CRIPAK,285464.0,MutNovel,"M153T,0.364"
X-3041,CRIPAK,285464.0,MutNovel,"V164A,0.545"
X-3041,CRISP1,167.0,Amp5,6.02
X-3041,CRISP2,7180.0,Amp5,6.02
X-3041,CRISP3,10321.0,Amp5,6.02
X-3041,CRLF1,9244.0,MutNovel,"LL25L,1.000"
X-3041,CRYBB2P1,1416.0,Amp5,5.58
X-3041,CSNK2A1,1457.0,Del0.8,0.3
X-3041,CSPG4P1Y,114758.0,Del0.8,0.2
X-3041,CSPG4P1Y,114758.0,Del0.8,0.26
X-3041,CSTF2,1478.0,Amp5,6.06
X-3041,CUL9,23113.0,Amp5,5.03
X-3041,CXADR,1525.0,Amp8,8.57
X-3041,CYP24A1,1591.0,Amp5,5.78
X-3041,CYP2D6,1565.0,MutKnownFunctional,"-259,0.500"
X-3041,CYP4V2,285440.0,MutNovel,"L381P,0.500"
X-3041,CYSLTR2,57105.0,Del0.8,0.26
X-3041,DAD1,1603.0,Amp5,5.35
X-3041,DAP3,7818.0,Amp5,5.9
X-3041,DAZ1,1617.0,Del0.8,0.26
X-3041,DAZ2,57055.0,Del0.8,0.17
X-3041,DAZ3,57054.0,Del0.8,0.15
X-3041,DAZ3,57054.0,Del0.8,0.09
X-3041,DAZ4,57135.0,Del0.8,0.18
X-3041,DAZ4,57135.0,Del0.8,0.13
X-3041,DDX3Y,8653.0,Del0.8,0.26
X-3041,DECR2,26063.0,Amp5,6.92
X-3041,DEFB110,245913.0,Amp5,6.02
X-3041,DEFB112,245915.0,Amp5,6.02
X-3041,DEFB113,245927.0,Amp5,6.02
X-3041,DEFB114,245928.0,Amp5,6.02
X-3041,DEFB125,245938.0,Del0.8,0.36
X-3041,DEFB126,81623.0,Del0.8,0.36
X-3041,DEFB127,140850.0,Del0.8,0.51
X-3041,DEFB128,245939.0,Del0.8,0.3
X-3041,DEFB129,140881.0,Del0.8,0.3
X-3041,DEFB132,400830.0,Del0.8,0.3
X-3041,DEFB133,403339.0,Amp5,6.02
X-3041,DENND5B,160518.0,Amp5,6.77
X-3041,DHRS13,147015.0,MutNovel,"L10F,0.300"
X-3041,DHRS2,10202.0,Amp5,5.31
X-3041,DHRS4,10901.0,Amp5,5.31
X-3041,DHRS4L2,317749.0,Amp5,5.31
X-3041,DHX29,54505.0,Amp8,8.63
X-3041,DIMT1,27292.0,Amp8,9.65
X-3041,DIP2C,22982.0,Amp5,7.31
X-3041,DLK2,65989.0,Amp5,5.86
X-3041,DNM1L,10059.0,Amp5,7.26
X-3041,DNMT3B,1789.0,Amp5,7.52
X-3041,DPY19L3,147991.0,Amp5,5.35
X-3041,DRP2,1821.0,Amp5,6.06
X-3041,DUSP5,1847.0,Amp5,5.74
X-3041,DYNLRB1,83658.0,Amp5,7.52
X-3041,E2F1,1869.0,Amp5,7.52
X-3041,ECRP,643332.0,Amp5,5.35
X-3041,EDDM3A,10876.0,Amp5,5.35
X-3041,EDDM3B,64184.0,Amp5,5.35
X-3041,EDEM2,55741.0,Amp5,7.52
X-3041,EFHC1,114327.0,Amp5,6.02
X-3041,EFS,10278.0,Amp5,5.31
X-3041,EIF1AY,9086.0,Del0.8,0.26
X-3041,EIF2S2,8894.0,Amp5,7.52
X-3041,EIF6,3692.0,Amp8,12.73
X-3041,ELMOD2,255520.0,Amp5,7.84
X-3041,ELOVL5,60481.0,Amp5,6.02
X-3041,EMB,133418.0,Amp5,7.46
X-3041,EPB41L2,2037.0,Amp5,6.06
X-3041,EPHA5,2044.0,Amp8,9.51
X-3041,EPPK1,83481.0,MutNovel,"R2239H,1.000"
X-3041,ERGIC3,51614.0,Amp5,7.31
X-3041,ESM1,11082.0,Amp8,8.63
X-3041,ESPNP,284729.0,Amp5,5.17
X-3041,FAAH2,158584.0,Amp8,11.24
X-3041,FAM110A,83541.0,Del0.8,0.35
X-3041,FAM13A,10144.0,Amp5,5.9
X-3041,FAM13A-AS1,285512.0,Amp5,5.9
X-3041,FAM173A,65990.0,Amp5,6.92
X-3041,FAM180A,389558.0,MutKnownFunctional,"Q157*,0.575"
X-3041,FAM195A,84331.0,Amp5,6.92
X-3041,FAM197Y2P,252946.0,Del0.8,0.05
X-3041,FAM208B,54906.0,Amp5,5.54
X-3041,FAM41AY1,340618.0,Del0.8,0.26
X-3041,FAM41AY1,340618.0,Del0.8,0.26
X-3041,FAM72D,728833.0,MutNovel,"E145Q,0.207"
X-3041,FAM83B,222584.0,Amp5,6.06
X-3041,FAM83C,128876.0,Amp8,12.73
X-3041,FAS,355.0,Del0.8,0.34
X-3041,FAS-AS1,100302740.0,Del0.8,0.34
X-3041,FBRSL1,57666.0,MutNovel,"T1010A,0.767"
X-3041,FBXL16,146330.0,Amp5,6.92
X-3041,FBXO18,84893.0,Amp5,5.54
X-3041,FBXO9,26268.0,Amp5,6.02
X-3041,FER1L4,80307.0,Amp5,7.31
X-3041,FGD4,121512.0,Amp5,7.26
X-3041,FLJ45983,399717.0,Amp5,5.54
X-3041,FOXD1,2297.0,MutNovel,"R325H,0.533"
X-3041,FOXE3,2301.0,MutNovel,"G196A,0.545"
X-3041,FOXM1,2305.0,MutKnownFunctional,"-457,0.714"
X-3041,FST,10468.0,Amp5,7.46
X-3041,GABARAPL1,23710.0,Amp5,5.54
X-3041,GATA3,2625.0,Amp5,5.54
X-3041,GCLC,2729.0,Amp5,6.02
X-3041,GCM1,8521.0,Amp5,6.02
X-3041,GDF5,8200.0,Amp5,7.31
X-3041,GDI2,2665.0,Amp5,5.54
X-3041,GFM1,85476.0,Amp8,16
X-3041,GFRAL,389400.0,Amp5,6.06
X-3041,GGT1,2678.0,MutNovel,"S428N,0.381"
X-3041,GGT7,2686.0,Amp5,7.52
X-3041,GIGYF2,26058.0,MutNovel,"PQ1231P,1.000"
X-3041,GLYATL3,389396.0,Amp5,6.02
X-3041,GNG13,51764.0,Amp5,6.92
X-3041,GOLGA2P2Y,84559.0,Del0.8,0.26
X-3041,GOLGA2P2Y,84559.0,Del0.8,0.2
X-3041,GOLGA8IP,283796.0,Amp5,7.89
X-3041,GON4L,54856.0,Amp5,5.9
X-3041,GPAM,57678.0,Amp5,5.74
X-3041,GPR111,222611.0,Amp5,5.74
X-3041,GPR115,221393.0,Amp5,5.74
X-3041,GPR39,2863.0,MutNovel,"A277S,0.429"
X-3041,GPRIN3,285513.0,Amp5,5.9
X-3041,GPX8,493869.0,Amp8,8.63
X-3041,GRID2,2895.0,Amp8,8.06
X-3041,GRM8,2918.0,Del0.8,0.77
X-3041,GSS,2937.0,Amp5,7.52
X-3041,GSTA1,2938.0,Amp5,6.02
X-3041,GSTA2,2939.0,Amp5,6.02
X-3041,GSTA3,2940.0,Amp5,6.02
X-3041,GSTA4,2941.0,Amp5,6.02
X-3041,GSTA5,221357.0,Amp5,6.02
X-3041,GSTA7P,730152.0,Amp5,6.02
X-3041,GSTM1,2944.0,MutNovel,"A16S,1.000"
X-3041,GSTT1,2952.0,Amp5,6.87
X-3041,GTPBP2,54676.0,Amp5,5.86
X-3041,GTPBP4,23560.0,Amp5,7.31
X-3041,GUSBP1,728411.0,Amp5,6.06
X-3041,GYG2P1,352887.0,Del0.8,0.26
X-3041,GZMA,3001.0,Amp8,8.63
X-3041,GZMK,3003.0,Amp8,8.63
X-3041,H3F3C,440093.0,Amp5,7.26
X-3041,HACE1,57531.0,Amp5,5.1
X-3041,HAGHL,84264.0,Amp5,6.92
X-3041,HAUS4,54930.0,Amp5,5.31
X-3041,HBA1,3039.0,Amp5,6.92
X-3041,HBA2,3040.0,Amp5,6.92
X-3041,HBM,3042.0,Amp5,6.92
X-3041,HBQ1,3049.0,Amp5,6.92
X-3041,HBZ,3050.0,Amp5,6.92
X-3041,HCRTR2,3062.0,Amp5,6.06
X-3041,HDGFRP2,84717.0,MutNovel,"V212L,0.568"
X-3041,HERC2P2,400322.0,Amp5,5.74
X-3041,HERC2P3,283755.0,Amp5,5.35
X-3041,HERC3,8916.0,Amp5,5.9
X-3041,HERC5,51191.0,MutNovel,"D521Y,0.247"
X-3041,HERC5,51191.0,Amp5,5.9
X-3041,HERC6,55008.0,Amp5,5.9
X-3041,HGD,3081.0,MutNovel,"D153Y,1.000"
X-3041,HLA-G,3135.0,MutNovel,"V255M,0.444"
X-3041,HMGB3P1,128872.0,Amp5,7.52
X-3041,HMGCLL1,54511.0,Amp5,6.06
X-3041,HMMR,3161.0,MutKnownFunctional,"-665?,0.281"
X-3041,HNRNPC,3183.0,Amp5,5.35
X-3041,HOMEZ,57594.0,Amp5,5.31
X-3041,HPGDS,27306.0,Amp8,8.06
X-3041,HSFY2,159119.0,Del0.8,0.26
X-3041,HSFY2,159119.0,Del0.8,0.26
X-3041,HSPB3,8988.0,Amp8,11.79
X-3041,HYDIN,54768.0,MutNovel,"H3869R,1.000"
X-3041,ICK,22858.0,Amp5,6.02
X-3041,IDI1,3422.0,Amp5,7.31
X-3041,IDI2,91734.0,Amp5,7.31
X-3041,IDI2-AS1,55853.0,Amp5,7.31
X-3041,IFIT1,3434.0,Del0.8,0.2
X-3041,IFIT1B,439996.0,Del0.8,0.2
X-3041,IFIT2,3433.0,Del0.8,0.19
X-3041,IFIT3,3437.0,Del0.8,0.35
X-3041,IFT80,57560.0,Amp5,5.58
X-3041,IGFN1,91156.0,MutNovel,"G1703R,1.000"
X-3041,IGLL1,3543.0,MutNovel,"A174V,1.000"
X-3041,IGLL3P,91353.0,Amp5,5.58
X-3041,IL12A,3592.0,Amp5,5.58
X-3041,IL15RA,3601.0,Amp5,5.54
X-3041,IL17A,3605.0,Amp5,6.02
X-3041,IL17F,112744.0,Amp5,6.02
X-3041,IL21,59067.0,Amp5,7.62
X-3041,IL25,64806.0,Amp5,5.31
X-3041,IL2RA,3559.0,Amp5,5.54
X-3041,INPPL1,3636.0,MutNovel,"R953W,0.520"
X-3041,INSR,3643.0,MutNovel,"K294R,0.550"
X-3041,IPO11,51194.0,Amp8,9.65
X-3041,IQCJ,654502.0,Amp5,5.58
X-3041,IQCJ-SCHIP1,100505385.0,Amp5,5.58
X-3041,ISL1,3670.0,Amp5,7.46
X-3041,ITCH,83737.0,Amp5,7.52
X-3041,ITFG3,83986.0,Amp5,6.92
X-3041,ITGA1,3672.0,Amp5,7.46
X-3041,ITGA2,3673.0,Amp5,7.46
X-3041,ITIH2,3698.0,Amp5,5.54
X-3041,ITIH5,80760.0,Amp5,5.54
X-3041,JMJD8,339123.0,Amp5,6.92
X-3041,JPH4,84502.0,Amp5,5.31
X-3041,KDM1A,23028.0,MutNovel,"G46S,0.328"
X-3041,KDM3A,55818.0,MutNovel,"G830R,0.380"
X-3041,KDM5D,8284.0,Del0.8,0.26
X-3041,KHDRBS2,202559.0,Amp5,5.1
X-3041,KIAA0125,9834.0,Amp5,5.28
X-3041,KIAA0196,9897.0,MutNovel,"I821T,0.423"
X-3041,KIAA0754,643314.0,MutNovel,"P1280L,0.833"
X-3041,KIAA0907,22889.0,Amp5,5.9
X-3041,KIAA0930,23313.0,Amp5,5.74
X-3041,KIAA1737,85457.0,MutNovel,"I305T,0.375"
X-3041,KIF20B,9585.0,MutNovel,"L1062LKV,1.000"
X-3041,KIF2A,3796.0,Amp8,9.65
X-3041,KIN,22944.0,Amp5,5.54
X-3041,KL,9365.0,MutNovel,"E182K,1.000"
X-3041,KLF6,1316.0,Amp5,5.54
X-3041,KLHDC5,57542.0,Amp8,9.38
X-3041,KLHL15,80311.0,MutNovel,"G76D,0.393"
X-3041,KLHL31,401265.0,Amp5,6.02
X-3041,KLHL33,123103.0,Amp5,5.35
X-3041,KLRAP1,10748.0,Amp8,9.78
X-3041,KLRB1,3820.0,Amp5,5.54
X-3041,KLRC4,8302.0,Amp5,5.54
X-3041,KLRC4-KLRK1,100528032.0,Amp5,5.54
X-3041,KLRD1,3824.0,Amp5,5.54
X-3041,KLRF1,51348.0,Amp5,5.54
X-3041,KLRF2,100431172.0,Amp5,5.54
X-3041,KLRK1,22914.0,Amp5,5.54
X-3041,KPNA4,3840.0,Amp5,5.58
X-3041,KRT19,3880.0,MutNovel,"L82V,0.667"
X-3041,KRT6A,3853.0,MutNovel,"E165A,0.968"
X-3041,KY,339855.0,Amp5,7.67
X-3041,L3MBTL3,84456.0,Amp5,6.06
X-3041,LAMA2,3908.0,Amp5,5.28
X-3041,LAMTOR2,28956.0,Amp5,5.9
X-3041,LARP4B,23185.0,Amp5,7.31
X-3041,LARS2,23395.0,Del0.8,0.75
X-3041,LFNG,3955.0,MutNovel,"K123R,0.474"
X-3041,LIN28B,389421.0,Amp5,6.96
X-3041,LINC00200,399706.0,Amp5,5.54
X-3041,LINC00226,338004.0,Amp5,6.87
X-3041,LINC00235,64493.0,Amp5,6.92
X-3041,LINC00478,388815.0,Amp8,9.71
X-3041,LIPA,3988.0,Del0.8,0.31
X-3041,LIPF,8513.0,Del0.8,0.44
X-3041,LIPJ,142910.0,Del0.8,0.39
X-3041,LIPK,643414.0,Del0.8,0.36
X-3041,LIPM,340654.0,Del0.8,0.36
X-3041,LIPN,643418.0,Del0.8,0.36
X-3041,LMF1,64788.0,Amp5,6.92
X-3041,LMNA,4000.0,Amp5,5.9
X-3041,LOC100129858,100129858.0,Amp5,7.84
X-3041,LOC100130298,100130298.0,Amp5,5.62
X-3041,LOC100132354,100132354.0,Amp5,5.17
X-3041,LOC100134368,100134368.0,Amp5,6.92
X-3041,LOC100144602,100144602.0,Amp8,9.51
X-3041,LOC100216001,100216001.0,Amp5,5.54
X-3041,LOC100505933,100505933.0,Amp5,5.74
X-3041,LOC100506393,100506393.0,Amp8,10.56
X-3041,LOC100506714,100506714.0,Amp5,5.74
X-3041,LOC100507034,100507034.0,Amp5,5.54
X-3041,LOC100507035,,MutNovel,"K109Q,1.000"
X-3041,LOC100507127,100507127.0,Amp5,5.54
X-3041,LOC100507203,100507203.0,Amp5,6.06
X-3041,LOC100996271,,MutNovel,"G138V,1.000"
X-3041,LOC100996689,,MutNovel,"S329R,0.267"
X-3041,LOC149950,149950.0,Amp5,7.52
X-3041,LOC257396,257396.0,Amp5,7.46
X-3041,LOC282980,282980.0,Amp5,5.54
X-3041,LOC282997,282997.0,Amp5,5.74
X-3041,LOC283624,283624.0,Amp5,5.35
X-3041,LOC338588,338588.0,Amp5,5.54
X-3041,LOC348120,348120.0,Amp5,5.13
X-3041,LOC374443,374443.0,Amp5,5.54
X-3041,LOC391322,391322.0,Amp5,6.87
X-3041,LOC399708,399708.0,Amp5,5.54
X-3041,LOC399715,399715.0,Amp5,5.54
X-3041,LOC439949,439949.0,Amp5,5.54
X-3041,LOC550643,550643.0,Amp8,9.25
X-3041,LOC642799,,MutNovel,"L271F,1.000"
X-3041,LOC643669,643669.0,MutNovel,"T68S,0.667"
X-3041,LOC644248,644248.0,Amp5,5.9
X-3041,LOC647979,647979.0,Amp5,7.31
X-3041,LOC728012,728012.0,Amp8,10.34
X-3041,LOC728728,,MutNovel,"P4H,1.000"
X-3041,LOC728728,,MutNovel,"T21I,1.000"
X-3041,LOC728728,,MutNovel,"H103P,0.600"
X-3041,LOC730101,730101.0,Amp5,6.02
X-3041,LPAR6,10161.0,Del0.8,0.34
X-3041,LRP10,26020.0,Amp5,5.31
X-3041,LRP5L,91355.0,Amp5,5.58
X-3041,LRR1,122769.0,MutNovel,"S149G,0.256"
X-3041,LRRC1,55227.0,Amp5,6.02
X-3041,LRRC70,100130733.0,Amp8,9.65
X-3041,LRRC73,221424.0,Amp5,5.86
X-3041,LRRC8B,23507.0,MutKnownFunctional,"-352?,0.333"
X-3041,LSR,51599.0,MutNovel,"G518GR,1.000"
X-3041,LUC7L,55692.0,Amp5,6.92
X-3041,LXN,56925.0,Amp8,16
X-3041,MAD2L1BP,9587.0,Amp5,5.86
X-3041,MAGEA1,4100.0,MutNovel,"A63T,0.980"
X-3041,MAGOHB,55110.0,Amp5,5.35
X-3041,MAML3,55534.0,Amp5,7.84
X-3041,MANSC4,100287284.0,Amp8,9.38
X-3041,MAP1LC3A,84557.0,Amp5,7.52
X-3041,MAP3K4,4216.0,MutNovel,"E439K,0.643"
X-3041,MAPRE1,22919.0,Amp5,7.52
X-3041,MCHR2,84539.0,Amp8,10.34
X-3041,MCM3,4172.0,Amp5,6.02
X-3041,MED15,51586.0,MutNovel,"-251Q,0.525"
X-3041,MED23,9439.0,Amp5,6.06
X-3041,MEF2A,4205.0,MutNovel,"QQ412-,1.000"
X-3041,MEN1,4221.0,MutNovel,"R171Q,0.566"
X-3041,MEOX2,4223.0,MutNovel,"HH76H,1.000"
X-3041,MERTK,10461.0,MutNovel,"K666Q,0.556"
X-3041,METRN,79006.0,Amp5,6.92
X-3041,METTL17,64745.0,Amp5,5.35
X-3041,METTL20,254013.0,Amp5,6.41
X-3041,METTL3,56339.0,Amp5,5.35
X-3041,MEX3A,92312.0,Amp5,5.9
X-3041,MFSD1,64747.0,Amp8,16
X-3041,MGST2,4258.0,Amp5,7.84
X-3041,MIR1249,100302149.0,Amp5,5.74
X-3041,MIR125B2,406912.0,Amp8,8.57
X-3041,MIR133B,442890.0,Amp5,6.02
X-3041,MIR15B,406949.0,Amp5,5.58
X-3041,MIR16-2,406951.0,Amp5,5.58
X-3041,MIR1973,100302290.0,Amp5,7.67
X-3041,MIR206,406989.0,Amp5,6.02
X-3041,MIR208A,406990.0,Amp5,5.31
X-3041,MIR208B,100126336.0,Amp5,5.31
X-3041,MIR3155A,100422989.0,Amp5,5.54
X-3041,MIR3155B,100628560.0,Amp5,5.54
X-3041,MIR3176,100423037.0,Amp5,6.92
X-3041,MIR3919,100500803.0,Amp5,5.58
X-3041,MIR3974,100616279.0,Amp8,11.39
X-3041,MIR4295,100422909.0,Amp5,6.11
X-3041,MIR449A,554213.0,Amp8,8.63
X-3041,MIR449B,693123.0,Amp8,8.63
X-3041,MIR449C,100313923.0,Amp8,8.63
X-3041,MIR4679-1,100616128.0,Del0.8,0.23
X-3041,MIR4679-2,100616192.0,Del0.8,0.23
X-3041,MIR4680,100616113.0,Amp5,5.74
X-3041,MIR4707,100616424.0,Amp5,5.31
X-3041,MIR4755,100616434.0,Amp5,7.52
X-3041,MIR4756,100616225.0,Amp5,5.78
X-3041,MIR4788,100616281.0,Amp5,7.67
X-3041,MIR499A,574501.0,Amp5,7.52
X-3041,MIR499B,100616134.0,Amp5,7.52
X-3041,MIR581,693166.0,Amp8,11.79
X-3041,MIR634,693219.0,Amp5,5.78
X-3041,MIR644A,693229.0,Amp5,7.52
X-3041,MIR662,724032.0,Amp5,6.92
X-3041,MIR99A,407055.0,Amp8,8.57
X-3041,MIRLET7C,406885.0,Amp8,8.57
X-3041,MLF1,4291.0,Amp8,16
X-3041,MLL,4297.0,MutNovel,"A676T,0.800"
X-3041,MMP14,4323.0,Amp5,5.31
X-3041,MMP24,10893.0,Amp8,9.78
X-3041,MMRN1,22915.0,Amp5,6.96
X-3041,MOCS2,4338.0,Amp5,7.46
X-3041,MRPL28,10573.0,Amp5,6.92
X-3041,MRPL52,122704.0,Amp5,5.31
X-3041,MRPS18A,55168.0,Amp5,5.86
X-3041,MRPS30,10884.0,MutNovel,"-124EP,0.426"
X-3041,MRPS35,60488.0,Amp8,9.38
X-3041,MSLN,10232.0,Amp5,6.92
X-3041,MST1P9,11223.0,Amp5,5.17
X-3041,MSTO2P,100129405.0,Amp5,5.06
X-3041,MUT,4594.0,Amp5,6.02
X-3041,MXI1,4601.0,Amp5,5.74
X-3041,MYH4,4622.0,MutNovel,"E510V,1.000"
X-3041,MYH6,4624.0,Amp5,5.31
X-3041,MYH7,4625.0,Amp5,5.31
X-3041,MYH7B,57644.0,Amp5,7.52
X-3041,NAALADL2,254827.0,Amp5,6.36
X-3041,NACAD,23148.0,MutNovel,"S654L,1.000"
X-3041,NAP1L5,266812.0,Amp5,5.9
X-3041,NARFL,64428.0,Amp5,6.92
X-3041,NBEAP1,606.0,Amp5,5.13
X-3041,NCOA3,8202.0,MutNovel,"Q1255-,1.000"
X-3041,NCOA6,23054.0,Amp5,7.52
X-3041,NCOR2,9612.0,MutNovel,"G1839GAAA,1.000"
X-3041,NCOR2,9612.0,MutNovel,"-511S,0.391"
X-3041,NCRNA00185,55410.0,Del0.8,0.26
X-3041,NDRG2,57447.0,Amp5,5.35
X-3041,NDST3,9348.0,Amp5,7.67
X-3041,NDUFS4,4724.0,Amp8,11.55
X-3041,NECAB3,63941.0,Amp5,7.52
X-3041,NET1,10276.0,Amp5,5.54
X-3041,NF2,4771.0,MutNovel,"Q111H,0.343"
X-3041,NFATC2,4773.0,Amp5,6.02
X-3041,NFS1,9054.0,Amp5,7.31
X-3041,NGDN,25983.0,Amp5,5.31
X-3041,NHLRC4,283948.0,Amp5,6.92
X-3041,NLGN1,22871.0,Amp8,11.79
X-3041,NLGN4Y,22829.0,Del0.8,0.26
X-3041,NLRC5,84166.0,MutNovel,"G1701V,1.000"
X-3041,NME4,4833.0,Amp5,6.92
X-3041,NOX1,27035.0,Amp5,6.06
X-3041,NPAS4,266743.0,MutNovel,"G433S,0.250"
X-3041,NPHP4,261734.0,MutNovel,"F1362Y,0.268"
X-3041,NPIPL3,23117.0,MutNovel,"R1004G,1.000"
X-3041,NRBF2,29982.0,MutNovel,"N286D,0.284"
X-3041,NRSN2,80023.0,Del0.8,0.3
X-3041,NSUN6,221078.0,Amp5,5.94
X-3041,NUDT11,55190.0,MutKnownFunctional,"-1,1.000"
X-3041,NUDT19,390916.0,Amp5,5.35
X-3041,NUP50,10762.0,Amp5,5.74
X-3041,NVL,4931.0,MutNovel,"S853P,0.283"
X-3041,NXF2,56001.0,Del0.8,0.55
X-3041,NXF2B,728343.0,Del0.8,0.55
X-3041,NYNRIN,57523.0,MutKnownFunctional,"S1025*,0.409"
X-3041,ODZ3,55714.0,Del0.8,0.74
X-3041,OLR1,4973.0,Amp5,5.54
X-3041,OPN5,221391.0,Amp5,5.74
X-3041,OR10G2,26534.0,Amp5,5.35
X-3041,OR10G3,26533.0,Amp5,5.35
X-3041,OR11G2,390439.0,Amp5,5.35
X-3041,OR11H4,390442.0,Amp5,5.35
X-3041,OR11H6,122748.0,Amp5,5.35
X-3041,OR4E2,26686.0,Amp5,5.35
X-3041,OR4K13,390433.0,Amp5,5.35
X-3041,OR4K14,122740.0,Amp5,5.35
X-3041,OR4K15,81127.0,Amp5,5.35
X-3041,OR4K17,390436.0,Amp5,5.35
X-3041,OR4L1,122742.0,Amp5,5.35
X-3041,OR4N5,390437.0,Amp5,5.35
X-3041,OR5AU1,390445.0,Amp5,5.35
X-3041,OR6S1,341799.0,Amp5,5.35
X-3041,ORAI1,84876.0,MutNovel,"PP43-,1.000"
X-3041,OSGEP,55644.0,Amp5,5.35
X-3041,OTUD3,23252.0,MutNovel,"R22L,0.800"
X-3041,OXA1L,5018.0,Amp5,5.31
X-3041,P2RY8,286530.0,MutKnownFunctional,"G1053*,1.000"
X-3041,PABPC3,5042.0,MutKnownFunctional,"-442,1.000"
X-3041,PABPC3,5042.0,MutNovel,"K444M,0.800"
X-3041,PABPC3,5042.0,MutNovel,"G451A,1.000"
X-3041,PABPC4L,132430.0,Amp8,9.99
X-3041,PABPN1,8106.0,Amp5,5.31
X-3041,PAQR6,79957.0,Amp5,5.9
X-3041,PAQR8,85315.0,Amp5,6.02
X-3041,PARP2,10038.0,Amp5,5.35
X-3041,PARP8,79668.0,Amp5,7.46
X-3041,PCDH11Y,83259.0,Del0.8,0.29
X-3041,PCDH19,57526.0,Amp5,6.15
X-3041,PCSK9,255738.0,MutNovel,"-15L,0.939"
X-3041,PDCD4,27250.0,Amp5,5.74
X-3041,PDCD5,9141.0,Amp5,5.35
X-3041,PDE3A,5139.0,Amp8,10.56
X-3041,PDE4DIP,9659.0,Amp5,5.24
X-3041,PDIA2,64714.0,Amp5,6.92
X-3041,PDLIM5,10611.0,Amp8,8.06
X-3041,PDZRN3,23024.0,MutNovel,"H152Y,1.000"
X-3041,PELO,53918.0,Amp5,7.46
X-3041,PFDN4,5203.0,Amp5,5.78
X-3041,PFKFB3,5209.0,Amp5,5.54
X-3041,PFKP,5214.0,Amp5,5.54
X-3041,PGK2,5232.0,Amp5,6.02
X-3041,PHF20,51230.0,Amp5,7.31
X-3041,PHF21B,112885.0,Amp5,5.74
X-3041,PHLDA1,22822.0,MutNovel,"QQ194Q,1.000"
X-3041,PIGQ,9091.0,Amp5,6.92
X-3041,PIGU,128869.0,Amp5,7.52
X-3041,PIGY,84992.0,Amp5,5.9
X-3041,PIK3C2G,5288.0,Amp8,11.47
X-3041,PITRM1,10531.0,Amp5,5.54
X-3041,PKHD1,5314.0,Amp5,6.02
X-3041,PKP2,5318.0,Amp5,7.26
X-3041,PLA2G12A,81579.0,MutNovel,"T154I,0.333"
X-3041,PLCZ1,89869.0,Amp8,10.56
X-3041,PLD4,122618.0,MutNovel,"V377I,1.000"
X-3041,PLEC,5339.0,MutNovel,"K28Q,0.500"
X-3041,PLEKHA5,54477.0,Amp8,10.56
X-3041,PLK1S1,55857.0,MutKnownFunctional,"-462?,0.842"
X-3041,PLK3,1263.0,MutNovel,"V518M,0.229"
X-3041,PLXNB2,23654.0,MutNovel,"T606R,0.364"
X-3041,PMF1,11243.0,Amp5,5.9
X-3041,PMF1-BGLAP,100527963.0,Amp5,5.9
X-3041,PNP,4860.0,Amp5,5.35
X-3041,POLH,5429.0,Amp5,5.86
X-3041,POLR1C,9533.0,Amp5,5.86
X-3041,POPDC3,64208.0,Amp5,6.96
X-3041,PPAP2A,8611.0,Amp8,15.45
X-3041,PPFIBP1,8496.0,Amp8,9.38
X-3041,PPM1K,152926.0,Amp5,5.9
X-3041,PPP1R3E,90673.0,Amp5,5.31
X-3041,PREP,5550.0,Amp5,6.96
X-3041,PRKCA,5578.0,Amp5,5.78
X-3041,PRKCE,5581.0,MutNovel,"D699H,0.235"
X-3041,PRKCQ,5588.0,Amp5,5.54
X-3041,PRKY,5616.0,Del0.8,0.29
X-3041,PRMT5,10419.0,Amp5,5.31
X-3041,PROCR,10544.0,Amp5,7.52
X-3041,PRR25,388199.0,Amp5,6.92
X-3041,PRR5,55615.0,Amp5,5.74
X-3041,PRR5-ARHGAP8,553158.0,Amp5,5.74
X-3041,PRSS12,8492.0,Amp5,7.67
X-3041,PRY,9081.0,Del0.8,0.26
X-3041,PRY,9081.0,Del0.8,0.26
X-3041,PRY2,442862.0,Del0.8,0.26
X-3041,PRY2,442862.0,Del0.8,0.26
X-3041,PSMB11,122706.0,Amp5,5.31
X-3041,PSMB5,5693.0,Amp5,5.31
X-3041,PSPC1,55269.0,MutNovel,"M492V,1.000"
X-3041,PTEN,5728.0,Del0.8,0.59
X-3041,PTHLH,5744.0,Amp5,5.13
X-3041,PTPRD,5789.0,MutNovel,"D1121H,0.840"
X-3041,PXMP4,11264.0,Amp5,7.52
X-3041,RAB11FIP3,9727.0,Amp5,6.92
X-3041,RAB25,57111.0,Amp5,5.9
X-3041,RAB2B,84932.0,Amp5,5.35
X-3041,RAB40C,57799.0,Amp5,6.92
X-3041,RALY,22913.0,Amp5,7.52
X-3041,RARRES1,5918.0,Amp8,16
X-3041,RASGEF1A,221002.0,MutNovel,"D237G,0.750"
X-3041,RB1,5925.0,Del0.8,0.59
X-3041,RBCK1,10616.0,Del0.8,0.3
X-3041,RBM12,10137.0,Amp5,7.31
X-3041,RBM17,84991.0,Amp5,5.54
X-3041,RBM20,282996.0,Amp5,5.74
X-3041,RBM23,55147.0,Amp5,5.31
X-3041,RBM39,9584.0,Amp5,7.31
X-3041,RBMY1A3P,286557.0,Del0.8,0.29
X-3041,RBMY1B,378948.0,Del0.8,0.26
X-3041,RBMY1B,378948.0,Del0.8,0.26
X-3041,RBMY1E,378950.0,Del0.8,0.26
X-3041,RBMY1E,378950.0,Del0.8,0.26
X-3041,RBMY1F,159163.0,Del0.8,0.26
X-3041,RBMY1F,159163.0,Del0.8,0.26
X-3041,RBMY1J,378951.0,Del0.8,0.26
X-3041,RBMY1J,378951.0,Del0.8,0.26
X-3041,RBMY2EP,159125.0,Del0.8,0.26
X-3041,RBMY2FP,159162.0,Del0.8,0.26
X-3041,RBMY3AP,64593.0,Del0.8,0.26
X-3041,RCBTB2,1102.0,Del0.8,0.27
X-3041,REM2,161253.0,Amp5,5.31
X-3041,REP15,387849.0,Amp8,9.38
X-3041,RERGL,79785.0,Amp5,5.62
X-3041,RGS11,8786.0,Amp5,6.92
X-3041,RGS9BP,388531.0,Amp5,5.35
X-3041,RHAG,6005.0,Amp5,6.02
X-3041,RHBDL1,9028.0,Amp5,6.92
X-3041,RHOT2,89941.0,Amp5,6.92
X-3041,RILPL1,353116.0,MutNovel,"R291C,0.445"
X-3041,RIN3,79890.0,MutNovel,"G967-,0.714"
X-3041,RIT1,6016.0,Amp5,5.9
X-3041,RNASE1,6035.0,Amp5,5.35
X-3041,RNASE10,338879.0,Amp5,5.35
X-3041,RNASE11,122651.0,Amp5,5.35
X-3041,RNASE12,493901.0,Amp5,5.35
X-3041,RNASE13,440163.0,Amp5,5.35
X-3041,RNASE2,6036.0,Amp5,5.35
X-3041,RNASE3,6037.0,Amp5,5.35
X-3041,RNASE4,6038.0,Amp5,5.35
X-3041,RNASE6,6039.0,Amp5,5.35
X-3041,RNASE7,84659.0,Amp5,5.35
X-3041,RNASE8,122665.0,Amp5,5.35
X-3041,RNASE9,390443.0,Amp5,5.35
X-3041,RNF138P1,379013.0,Amp8,15.45
X-3041,RNF150,57484.0,Amp5,7.84
X-3041,RNF43,54894.0,MutNovel,"R219C,0.944"
X-3041,RNLS,55328.0,Del0.8,0.28
X-3041,ROMO1,140823.0,Amp5,7.31
X-3041,RPGRIP1,57096.0,Amp5,5.35
X-3041,RPL13AP6,644511.0,Amp5,5.74
X-3041,RPL3L,6123.0,MutNovel,"I363F,0.588"
X-3041,RPPH1,85495.0,Amp5,5.35
X-3041,RPS4Y1,6192.0,Del0.8,0.29
X-3041,RPS4Y2,140032.0,Del0.8,0.26
X-3041,RPSAP58,388524.0,Amp5,5.78
X-3041,RPTN,126638.0,MutNovel,"M538T,0.267"
X-3041,RPTN,126638.0,MutNovel,"M538T,0.333"
X-3041,RPUSD1,113000.0,Amp5,6.92
X-3041,RSPH9,221421.0,Amp5,5.86
X-3041,RSPO4,343637.0,Del0.8,0.55
X-3041,RSRC1,51319.0,Amp8,9.85
X-3041,RTEL1,51750.0,MutNovel,"GE794G,1.000"
X-3041,RUNX3,864.0,MutNovel,"A133T,0.336"
X-3041,RXFP4,339403.0,Amp5,5.9
X-3041,SALL2,6297.0,Amp5,5.35
X-3041,SALL4,57167.0,Amp8,8.28
X-3041,SAMD3,154075.0,Amp5,6.06
X-3041,SCAND1,51282.0,Amp5,7.31
X-3041,SCAPER,49855.0,MutNovel,"T853A,0.452"
X-3041,SCARNA4,677771.0,Amp5,5.9
X-3041,SCARNA7,677767.0,Amp5,5.58
X-3041,SCHIP1,29970.0,Amp5,5.58
X-3041,SCOC,60592.0,Amp5,7.84
X-3041,SCRT2,85508.0,Del0.8,0.33
X-3041,SCUBE2,57758.0,MutNovel,"L25P,1.000"
X-3041,SEMA4A,64218.0,Amp5,5.9
X-3041,SEMA6B,10501.0,MutNovel,"Y775C,1.000"
X-3041,SERINC2,347735.0,MutNovel,"-373Q,1.000"
X-3041,SETD7,80854.0,Amp5,7.84
X-3041,SF3B2,10992.0,MutNovel,"K891Q,0.544"
X-3041,SFMBT2,57713.0,Amp5,5.54
X-3041,SHOC2,8036.0,Amp5,5.74
X-3041,SHOX2,6474.0,Amp5,5.98
X-3041,SIM1,6492.0,Amp5,5.74
X-3041,SKIV2L2,23517.0,Amp8,15.45
X-3041,SKP1P2,728622.0,Amp5,7.21
X-3041,SLC17A1,6568.0,Del0.8,0.74
X-3041,SLC22A17,51310.0,Amp5,5.31
X-3041,SLC22A7,10864.0,Amp5,5.86
X-3041,SLC25A44,9673.0,Amp5,5.9
X-3041,SLC39A2,29986.0,Amp5,5.35
X-3041,SLC6A8,6535.0,MutNovel,"V572M,0.952"
X-3041,SLC7A7,9056.0,Amp5,5.31
X-3041,SLC7A8,23428.0,Amp5,5.31
X-3041,SLC7A9,11136.0,Amp5,5.35
X-3041,SLCO1C1,53919.0,Amp8,10.56
X-3041,SLITRK5,26050.0,MutKnownFunctional,"E769*,1.000"
X-3041,SMARCAD1,56916.0,Amp8,8.06
X-3041,SMC3,9126.0,Amp5,5.74
X-3041,SMC4,10051.0,Amp5,5.58
X-3041,SMG5,23381.0,Amp5,5.9
X-3041,SMNDC1,10285.0,Amp5,5.74
X-3041,SNCA,6622.0,Amp5,5.9
X-3041,SNHG8,100093630.0,Amp5,7.67
X-3041,SNORA24,677809.0,Amp5,7.67
X-3041,SNORA42,677823.0,Amp5,5.9
X-3041,SNORD126,100113391.0,Amp5,5.35
X-3041,SNORD8,319103.0,Amp5,5.35
X-3041,SNORD9,692053.0,Amp5,5.35
X-3041,SNTA1,6640.0,Amp5,7.52
X-3041,SNX18,112574.0,Amp8,11.79
X-3041,SOLH,6650.0,Amp5,6.92
X-3041,SOX12,6666.0,Del0.8,0.3
X-3041,SOX8,30812.0,Amp5,6.92
X-3041,SPAG4,6676.0,Amp5,7.31
X-3041,SPATA16,83893.0,Amp8,12.47
X-3041,SPEN,23013.0,MutNovel,"R3554W,0.361"
X-3041,SPIN2A,54466.0,Amp8,9.25
X-3041,SPIN2B,474343.0,Amp8,9.25
X-3041,SPIN3,169981.0,Amp8,9.25
X-3041,SRPX2,27286.0,Amp5,6.92
X-3041,SRXN1,140809.0,Del0.8,0.33
X-3041,SRY,6736.0,Del0.8,0.29
X-3041,SSR2,6746.0,Amp5,5.9
X-3041,STAG2,10735.0,MutKnownFunctional,"-1013KT?,0.917"
X-3041,STAMBPL1,57559.0,Del0.8,0.23
X-3041,STAP1,26228.0,Amp5,7.62
X-3041,STEAP3,55240.0,MutNovel,"A457V,0.471"
X-3041,STK38L,23012.0,Amp8,9.38
X-3041,STUB1,10273.0,Amp5,6.92
X-3041,SUMO1P1,391257.0,Amp5,5.78
X-3041,SUN5,140732.0,Amp5,7.52
X-3041,SUPT16H,11198.0,Amp5,5.35
X-3041,SUSD3,203328.0,MutNovel,"Q222P,1.000"
X-3041,SYT10,341359.0,Amp5,5.78
X-3041,SYT11,23208.0,Amp5,5.9
X-3041,SYTL4,94121.0,Amp5,6.06
X-3041,TAF3,83860.0,Amp5,5.54
X-3041,TAF4B,6875.0,MutNovel,"L515P,0.308"
X-3041,TARS,6897.0,MutNovel,"P380S,0.470"
X-3041,TBC1D20,128637.0,Del0.8,0.3
X-3041,TBC1D2B,23102.0,MutNovel,"L436F,0.500"
X-3041,TBC1D9,23158.0,Amp5,7.84
X-3041,TBL1Y,90665.0,Del0.8,0.29
X-3041,TCEB3,6924.0,MutNovel,"D313N,0.352"
X-3041,TCF15,6939.0,Del0.8,0.19
X-3041,TCOF1,6949.0,MutNovel,"P1058T,0.374"
X-3041,TDRD12,91646.0,Amp5,5.35
X-3041,TEP1,7011.0,Amp5,5.35
X-3041,TFAP2B,7021.0,Amp5,6.02
X-3041,TFAP2D,83741.0,Amp5,6.02
X-3041,TGIF2LY,90655.0,Del0.8,0.29
X-3041,THTPA,79178.0,Amp5,5.31
X-3041,TIGD2,166815.0,Amp5,5.9
X-3041,TINAG,27283.0,Amp5,6.06
X-3041,TJAP1,93643.0,Amp5,5.86
X-3041,TMBIM4,51643.0,MutKnownFunctional,"-174?,0.581"
X-3041,TMEM14A,28978.0,Amp5,6.02
X-3041,TMEM173,340061.0,MutNovel,"A97T,0.304"
X-3041,TMEM183B,,MutKnownFunctional,"-116?,0.350"
X-3041,TMEM200A,114801.0,Amp5,6.06
X-3041,TMEM35,59353.0,Amp5,6.06
X-3041,TMEM55B,90809.0,Amp5,5.35
X-3041,TMEM79,84283.0,Amp5,5.9
X-3041,TMEM8A,58986.0,Amp5,6.92
X-3041,TMPRSS15,5651.0,Amp8,8.57
X-3041,TMSB4Y,9087.0,Del0.8,0.26
X-3041,TNMD,64102.0,Amp5,7.89
X-3041,TOX4,9878.0,Amp5,5.35
X-3041,TP53,7157.0,MutLikelyFunctional,"V197M,0.988"
X-3041,TP53INP2,58476.0,Amp5,7.52
X-3041,TPPP2,122664.0,Amp5,5.35
X-3041,TPTE2P3,220115.0,Del0.8,0.79
X-3041,TRAF6,7189.0,Amp5,5.58
X-3041,TRAM1L1,133022.0,Amp5,7.67
X-3041,TRAM2,9697.0,Amp5,6.02
X-3041,TRAPPC3,27095.0,MutNovel,"A61V,0.350"
X-3041,TRIB3,57761.0,Del0.8,0.3
X-3041,TRIM59,286827.0,Amp5,5.58
X-3041,TRIM65,201292.0,MutKnownFunctional,"-196,0.562"
X-3041,TRMT2B,79979.0,Amp5,6.06
X-3041,TRPC4AP,26133.0,Amp5,7.52
X-3041,TSHZ2,128553.0,Amp8,8.28
X-3041,TSPAN6,7105.0,Amp5,7.89
X-3041,TSPY1,7258.0,Del0.8,0.05
X-3041,TSPY2,64591.0,Del0.8,0.29
X-3041,TSPY3,728137.0,Del0.8,0.05
X-3041,TSPY4,728395.0,Del0.8,0.05
X-3041,TSPY8,728403.0,Del0.8,0.05
X-3041,TSPYL1,7259.0,MutNovel,"V176VW,0.500"
X-3041,TTBK1,84630.0,Amp5,5.86
X-3041,TTC5,91875.0,Amp5,5.35
X-3041,TTTY10,246119.0,Del0.8,0.26
X-3041,TTTY11,83866.0,Del0.8,0.29
X-3041,TTTY12,83867.0,Del0.8,0.29
X-3041,TTTY13,83868.0,Del0.8,0.26
X-3041,TTTY14,83869.0,Del0.8,0.26
X-3041,TTTY15,64595.0,Del0.8,0.26
X-3041,TTTY16,252948.0,Del0.8,0.29
X-3041,TTTY17A,252949.0,Del0.8,0.2
X-3041,TTTY17A,252949.0,Del0.8,0.15
X-3041,TTTY18,252950.0,Del0.8,0.29
X-3041,TTTY19,252952.0,Del0.8,0.29
X-3041,TTTY1B,100101116.0,Del0.8,0.29
X-3041,TTTY1B,100101116.0,Del0.8,0.26
X-3041,TTTY2,60439.0,Del0.8,0.29
X-3041,TTTY2,60439.0,Del0.8,0.26
X-3041,TTTY20,252951.0,Del0.8,0.12
X-3041,TTTY21,252953.0,Del0.8,0.26
X-3041,TTTY21,252953.0,Del0.8,0.29
X-3041,TTTY22,252954.0,Del0.8,0.26
X-3041,TTTY23,252955.0,Del0.8,0.26
X-3041,TTTY23,252955.0,Del0.8,0.29
X-3041,TTTY3,114760.0,Del0.8,0.26
X-3041,TTTY3,114760.0,Del0.8,0.2
X-3041,TTTY4,114761.0,Del0.8,0.09
X-3041,TTTY4,114761.0,Del0.8,0.15
X-3041,TTTY5,83863.0,Del0.8,0.26
X-3041,TTTY6,84672.0,Del0.8,0.26
X-3041,TTTY6,84672.0,Del0.8,0.26
X-3041,TTTY7,246122.0,Del0.8,0.29
X-3041,TTTY7,246122.0,Del0.8,0.26
X-3041,TTTY7B,100101120.0,Del0.8,0.29
X-3041,TTTY7B,100101120.0,Del0.8,0.26
X-3041,TTTY8,84673.0,Del0.8,0.29
X-3041,TTTY8,84673.0,Del0.8,0.26
X-3041,TTTY9A,83864.0,Del0.8,0.26
X-3041,TTTY9A,83864.0,Del0.8,0.26
X-3041,TUBAL3,79861.0,Amp5,5.54
X-3041,TXLNG2P,246126.0,Del0.8,0.26
X-3041,UBE2J1,51465.0,MutNovel,"D131H,0.290"
X-3041,UBQLN2,29978.0,Amp8,9.25
X-3041,UBQLN4,56893.0,Amp5,5.9
X-3041,UBR3,130507.0,MutNovel,"E763Q,0.565"
X-3041,UCN3,114131.0,Amp5,5.54
X-3041,UCP1,7350.0,Amp5,7.84
X-3041,UQCC,55245.0,Amp8,9.65
X-3041,UQCRBP1,442454.0,Amp8,9.25
X-3041,USP25,29761.0,Amp8,11
X-3041,USP36,57602.0,MutNovel,"D266Y,0.378"
X-3041,USP7,7874.0,Del0.8,0.79
X-3041,USP9Y,8287.0,Del0.8,0.26
X-3041,UTY,7404.0,Del0.8,0.26
X-3041,VCY,9084.0,Del0.8,0.26
X-3041,VCY,9084.0,Del0.8,0.26
X-3041,VEGFA,7422.0,Amp5,5.86
X-3041,VHLL,391104.0,Amp5,5.9
X-3041,WDR24,84219.0,Amp5,6.92
X-3041,WDR37,22884.0,Amp5,6.36
X-3041,WDR78,79819.0,MutKnownFunctional,"-515?,0.312"
X-3041,WDR90,197335.0,Amp5,6.92
X-3041,WFIKKN1,117166.0,Amp5,6.92
X-3041,XKRX,402415.0,Amp5,6.06
X-3041,XKRY2,353515.0,Del0.8,0.26
X-3041,XKRY2,353515.0,Del0.8,0.26
X-3041,XPNPEP1,7511.0,Amp5,5.74
X-3041,XPO5,57510.0,Amp5,5.86
X-3041,XYLT1,64131.0,MutNovel,"G47R,1.000"
X-3041,YARS2,51067.0,Amp5,7.26
X-3041,YIPF3,25844.0,Amp5,5.86
X-3041,YY1AP1,55249.0,Amp5,5.06
X-3041,ZC3H3,23144.0,MutNovel,"R528W,0.553"
X-3041,ZCCHC3,85364.0,Del0.8,0.3
X-3041,ZFC3H1,196441.0,MutNovel,"I672V,0.647"
X-3041,ZFHX2,85446.0,Amp5,5.31
X-3041,ZFHX3,463.0,MutNovel,"Q3204RK,0.370"
X-3041,ZFP64,55734.0,Amp8,8.28
X-3041,ZFY,7544.0,Del0.8,0.29
X-3041,ZMYND11,10771.0,Amp5,7.31
X-3041,ZNF217,7764.0,Amp8,8.28
X-3041,ZNF219,51222.0,MutNovel,"QPP233P,0.496"
X-3041,ZNF219,51222.0,Amp5,5.35
X-3041,ZNF254,9534.0,Amp5,5.78
X-3041,ZNF318,24149.0,Amp5,5.86
X-3041,ZNF330,27309.0,Amp5,7.84
X-3041,ZNF333,84449.0,MutNovel,"L633F,0.352"
X-3041,ZNF341,84905.0,Amp5,7.52
X-3041,ZNF384,171017.0,MutNovel,"QQ514Q,1.000"
X-3041,ZNF398,57541.0,MutNovel,"H347Y,0.278"
X-3041,ZNF469,84627.0,MutNovel,"S242I,0.400"
X-3041,ZNF469,84627.0,MutNovel,"S242I,0.400"
X-3041,ZNF507,22847.0,Amp5,5.35
X-3041,ZNF642,339559.0,MutNovel,"RH241SY,0.308"
X-3041,ZNF675,171392.0,Amp5,5.78
X-3041,ZNF681,148213.0,Amp5,5.78
X-3041,ZNF724P,440519.0,Amp5,5.78
X-3041,ZNF726,730087.0,Amp5,5.78
X-3041,ZNF730,,MutNovel,"G252R,0.467"
X-3041,ZNF883,169834.0,MutNovel,"R257G,0.366"
X-3041,ZNF91,7644.0,Amp5,5.78
X-3041,ZRANB1,54764.0,MutKnownFunctional,"-709?,0.985"
X-3041,ZXDA,7789.0,Amp8,13.64
X-3041,ZXDB,158586.0,Amp8,13.64
X-3041,ZZZ3,26009.0,MutNovel,"Y893H,0.407"
X-3041,ZZZ3,26009.0,MutNovel,"E194Q,0.326"
X-3042,AASDH,132949.0,MutNovel,"L583S,0.650"
X-3042,ACSL3,2181.0,MutNovel,"V658A,0.532"
X-3042,AGAP7,653268.0,MutNovel,"D97E,0.600"
X-3042,ALDH7A1,501.0,MutNovel,"A8T,0.818"
X-3042,AMPD2,271.0,MutNovel,"G841D,0.475"
X-3042,ANKRD30A,91074.0,MutNovel,"T768A,1.000"
X-3042,ANKRD30A,91074.0,MutNovel,"E1118G,0.430"
X-3042,ASIC2,,MutNovel,"R46L,0.385"
X-3042,ATM,472.0,MutNovel,"F858L,0.634"
X-3042,ATM,472.0,MutNovel,"P1054R,0.440"
X-3042,BMP2,650.0,MutNovel,"V49D,0.506"
X-3042,BMP2K,55589.0,MutNovel,"QQQQ478-,0.208"
X-3042,BMP6,654.0,MutNovel,"R28Q,0.833"
X-3042,BOP1,23246.0,MutNovel,"L470Q,0.714"
X-3042,C10orf47,254427.0,MutNovel,"P323R,0.419"
X-3042,C14orf93,60686.0,MutNovel,"L255F,0.530"
X-3042,C16orf95,100506581.0,MutNovel,"R151H,0.538"
X-3042,C17orf50,146853.0,MutNovel,"S174F,0.353"
X-3042,C21orf58,54058.0,MutNovel,"H299PN,0.389"
X-3042,C2orf29,55571.0,MutNovel,"S28L,0.543"
X-3042,C7orf43,55262.0,MutNovel,"A329S,0.215"
X-3042,CACNA1C,775.0,MutNovel,"P1323R,0.591"
X-3042,CAMK2A,815.0,MutNovel,"R468C,0.667"
X-3042,CARM1,10498.0,MutNovel,"A362D,0.491"
X-3042,CBWD5,220869.0,MutNovel,"E80K,1.000"
X-3042,CDC34,997.0,MutNovel,"K63N,0.208"
X-3042,CDKN1C,1028.0,MutNovel,"APVAV171V,0.656"
X-3042,CHD3,1107.0,MutNovel,"-81P,0.462"
X-3042,CMAS,55907.0,MutNovel,"V108I,0.453"
X-3042,CNTLN,54875.0,MutNovel,"N242H,0.476"
X-3042,CROCCP2,84809.0,Del0.8,0.74
X-3042,CTSA,5476.0,MutNovel,"L29-,0.902"
X-3042,DDHD2,23259.0,MutNovel,"M584I,0.475"
X-3042,DGKH,160851.0,MutNovel,"R973Q,0.333"
X-3042,EME2,197342.0,MutKnownFunctional,"-54,0.506"
X-3042,ESPNP,284729.0,Del0.8,0.49
X-3042,EVC,2121.0,MutNovel,"I294V,0.475"
X-3042,FOXD1,2297.0,MutNovel,"R325H,0.522"
X-3042,FOXN3,1112.0,MutNovel,"D38N,0.507"
X-3042,FUK,197258.0,MutNovel,"A554D,0.824"
X-3042,GAS8,2622.0,MutNovel,"R278H,0.461"
X-3042,GBF1,8729.0,MutNovel,"E1166A,0.463"
X-3042,GIGYF2,26058.0,MutNovel,"PQ1231P,0.471"
X-3042,GJD3,125111.0,MutNovel,"H175Y,0.433"
X-3042,GNPTG,84572.0,MutNovel,"R296Q,0.493"
X-3042,GPBP1,65056.0,MutNovel,"G79V,0.414"
X-3042,GPR156,165829.0,MutNovel,"T122I,0.727"
X-3042,GSTT1,2952.0,Amp5,5.24
X-3042,HGC6.3,100128124.0,MutNovel,"P108Q,0.500"
X-3042,HGC6.3,100128124.0,MutNovel,"P102S,0.625"
X-3042,HGC6.3,100128124.0,MutNovel,"P80L,0.238"
X-3042,HGC6.3,100128124.0,MutNovel,"Q38H,0.600"
X-3042,HLA-H,3136.0,Del0.8,0.69
X-3042,HMGXB3,22993.0,MutNovel,"M517V,0.650"
X-3042,HSPA1A,3303.0,MutNovel,"M122K,0.800"
X-3042,IFT80,57560.0,MutNovel,"G128A,0.613"
X-3042,ITGAV,3685.0,MutNovel,"L723F,0.435"
X-3042,KCNJ11,3767.0,MutNovel,"R325S,0.688"
X-3042,KDM3B,51780.0,MutNovel,"A5T,0.571"
X-3042,KIT,3815.0,MutNovel,"V399I,0.524"
X-3042,LOC391322,391322.0,Amp5,5.24
X-3042,LPAR2,9170.0,MutKnownFunctional,"-266,0.450"
X-3042,LRP6,4040.0,MutNovel,"I535V,0.458"
X-3042,LRRC37A2,474170.0,MutNovel,"T1543M,1.000"
X-3042,LRRC70,100130733.0,MutNovel,"D505V,0.409"
X-3042,MAGEL2,54551.0,MutNovel,"Q525R,0.300"
X-3042,MAP3K4,4216.0,MutNovel,"PA1189P,0.737"
X-3042,MDC1,9656.0,MutNovel,"S1430C,0.302"
X-3042,MDN1,23195.0,MutNovel,"EE4785E,0.585"
X-3042,MEOX2,4223.0,MutNovel,"HH76H,0.273"
X-3042,MFN1,55669.0,MutNovel,"V591L,0.564"
X-3042,MN1,4330.0,MutNovel,"G634R,0.566"
X-3042,MRGPRX1,259249.0,Del0.8,0.72
X-3042,MST1P2,11209.0,Del0.8,0.74
X-3042,MST1P9,11223.0,Del0.8,0.71
X-3042,MUC5AC,,MutNovel,"A1442K,0.549"
X-3042,MXD4,10608.0,MutNovel,"E162D,0.522"
X-3042,MYO9B,4650.0,MutNovel,"A1809V,0.436"
X-3042,NBPF10,100132406.0,MutNovel,"I1165F,0.274"
X-3042,NBPF9,400818.0,MutNovel,"R97G,0.258"
X-3042,NCOR2,9612.0,MutNovel,"V1560M,0.396"
X-3042,NPIPL3,23117.0,MutNovel,"F885L,0.211"
X-3042,NQO1,1728.0,MutNovel,"W116L,0.533"
X-3042,OBSCN,84033.0,MutNovel,"A166T,0.667"
X-3042,OBSCN,84033.0,MutNovel,"Y378C,0.410"
X-3042,OBSCN,84033.0,MutNovel,"Q4302H,0.625"
X-3042,OR4M2,390538.0,Del0.8,0.8
X-3042,OR4N4,283694.0,Del0.8,0.8
X-3042,ORAI1,84876.0,MutNovel,"PP43-,0.875"
X-3042,P2RY6,5031.0,MutNovel,"R174P,0.542"
X-3042,PARD3,56288.0,MutNovel,"K984R,0.433"
X-3042,PCDH12,51294.0,MutNovel,"R1182TAAG,0.667"
X-3042,PCDHB4,56131.0,MutNovel,"G531S,0.214"
X-3042,PCDHB9,56127.0,MutKnownFunctional,"W531*,0.224"
X-3042,PCIF1,63935.0,MutNovel,"S8R,0.404"
X-3042,PEX6,5190.0,MutNovel,"A79P,0.745"
X-3042,PHLDA1,22822.0,MutNovel,"QQ194Q,0.560"
X-3042,PIKFYVE,200576.0,MutNovel,"G907S,0.417"
X-3042,PLEKHM2,23207.0,MutNovel,"R388H,1.000"
X-3042,PMM1,5372.0,MutNovel,"C250F,0.480"
X-3042,POTEE,445582.0,MutNovel,"R816N,0.261"
X-3042,POTEI,,MutNovel,"D986G,1.000"
X-3042,PPFIA1,8500.0,MutNovel,"R554C,0.381"
X-3042,PRPF8,10594.0,MutNovel,"S1358R,0.430"
X-3042,PSAT1,29968.0,MutNovel,"A99V,0.471"
X-3042,RAD51AP1,10635.0,MutNovel,"D162G,0.365"
X-3042,RHD,6007.0,Del0.8,0.31
X-3042,RNF2,6045.0,MutNovel,"D221N,0.558"
X-3042,RNF216,54476.0,MutNovel,"R823H,0.575"
X-3042,SAFB2,9667.0,MutNovel,"P943A,0.530"
X-3042,SALL1,6299.0,MutNovel,"G160S,0.543"
X-3042,SAMD1,90378.0,MutNovel,"P4A,0.298"
X-3042,SCAMP1,9522.0,MutNovel,"N29K,0.493"
X-3042,SERINC2,347735.0,MutNovel,"-373Q,0.624"
X-3042,SHOC2,8036.0,MutNovel,"L194F,0.571"
X-3042,SIAH2,6478.0,MutNovel,"R272Q,0.506"
X-3042,SIN3A,25942.0,MutNovel,"Q1036R,0.313"
X-3042,SIRT6,51548.0,MutNovel,"A176D,0.617"
X-3042,SLC13A4,26266.0,MutNovel,"V470I,0.350"
X-3042,SLC2A4RG,56731.0,MutNovel,"R384W,0.532"
X-3042,SLC38A6,145389.0,MutNovel,"P458L,0.474"
X-3042,SMG1,23049.0,MutNovel,"I1332V,0.256"
X-3042,SMG7,9887.0,MutKnownFunctional,"R1174*,0.561"
X-3042,SPDYE2,441273.0,MutNovel,"T320I,1.000"
X-3042,SPRTN,,MutNovel,"E237D,0.611"
X-3042,SRCAP,10847.0,MutNovel,"A2279V,0.508"
X-3042,SVIL,6840.0,MutNovel,"N1403S,0.444"
X-3042,SVIL,6840.0,MutNovel,"M1398I,0.500"
X-3042,TANC1,85461.0,MutNovel,"A1086T,0.409"
X-3042,TCF7L1,83439.0,MutNovel,"G8-,0.500"
X-3042,TCHH,7062.0,MutNovel,"E999K,0.667"
X-3042,TLK2,11011.0,MutNovel,"R262Q,0.201"
X-3042,TNPO3,23534.0,MutNovel,"M861V,0.495"
X-3042,TPT1,7178.0,MutNovel,"N42S,0.565"
X-3042,TRIP11,9321.0,MutKnownFunctional,"Q1564*,0.341"
X-3042,USP36,57602.0,MutNovel,"KKK958K,0.697"
X-3042,UTY,7404.0,MutNovel,"SH1075NA,0.333"
X-3042,UTY,7404.0,MutKnownFunctional,"S1068*,0.286"
X-3042,UTY,7404.0,MutNovel,"S1066T,0.286"
X-3042,UTY,7404.0,MutNovel,"L1061T,0.286"
X-3042,UTY,7404.0,MutNovel,"L1025R,0.214"
X-3042,UTY,7404.0,MutNovel,"LD1023FH,0.231"
X-3042,UTY,7404.0,MutKnownFunctional,"LK1021**,0.250"
X-3042,UTY,7404.0,MutNovel,"CT1004YL,0.538"
X-3042,UTY,7404.0,MutNovel,"FC1003TS,0.533"
X-3042,UTY,7404.0,MutNovel,"HQ1001QT,0.600"
X-3042,UTY,7404.0,MutNovel,"H1001N,0.688"
X-3042,UTY,7404.0,MutNovel,"P983S,0.810"
X-3042,UTY,7404.0,MutNovel,"P968S,0.538"
X-3042,UTY,7404.0,MutNovel,"RP966SV,0.615"
X-3042,UTY,7404.0,MutNovel,"P965V,0.560"
X-3042,UTY,7404.0,MutNovel,"PP963IT,0.593"
X-3042,UTY,7404.0,MutNovel,"C962S,0.607"
X-3042,UTY,7404.0,MutNovel,"N946T,0.467"
X-3042,UTY,7404.0,MutNovel,"Q588V,0.267"
X-3042,UTY,7404.0,MutNovel,"S585F,0.267"
X-3042,UTY,7404.0,MutNovel,"IC339MS,0.429"
X-3042,UTY,7404.0,MutNovel,"P331S,0.286"
X-3042,UTY,7404.0,MutNovel,"QN328LH,0.250"
X-3042,UTY,7404.0,MutNovel,"Q327K,0.250"
X-3042,UTY,7404.0,MutNovel,"LY324FT,0.375"
X-3042,UTY,7404.0,MutNovel,"VL323GE,0.333"
X-3042,UTY,7404.0,MutNovel,"V323L,0.429"
X-3042,UTY,7404.0,MutNovel,"IG321SN,0.286"
X-3042,UTY,7404.0,MutNovel,"S320C,0.500"
X-3042,UTY,7404.0,MutNovel,"W318S,0.333"
X-3042,UTY,7404.0,MutNovel,"T317S,0.500"
X-3042,UTY,7404.0,MutNovel,"DT316ES,0.500"
X-3042,UTY,7404.0,MutNovel,"EA312ST,0.500"
X-3042,UTY,7404.0,MutNovel,"S311N,0.500"
X-3042,UTY,7404.0,MutKnownFunctional,"K310*,0.571"
X-3042,UTY,7404.0,MutKnownFunctional,"DK309G*,0.571"
X-3042,UTY,7404.0,MutNovel,"D309Y,0.333"
X-3042,UTY,7404.0,MutNovel,"QS306HT,0.300"
X-3042,UTY,7404.0,MutNovel,"Y304D,0.286"
X-3042,UTY,7404.0,MutNovel,"F301S,0.286"
X-3042,UTY,7404.0,MutNovel,"A300S,0.429"
X-3042,UTY,7404.0,MutNovel,"Q298A,0.429"
X-3042,UTY,7404.0,MutNovel,"IG294MW,0.375"
X-3042,UTY,7404.0,MutNovel,"S293R,0.375"
X-3042,UTY,7404.0,MutNovel,"S293K,0.375"
X-3042,UTY,7404.0,MutNovel,"YS291LT,0.286"
X-3042,UTY,7404.0,MutNovel,"C290Y,0.500"
X-3042,UTY,7404.0,MutNovel,"C290N,0.500"
X-3042,UTY,7404.0,MutKnownFunctional,"LG287L*,0.300"
X-3042,UTY,7404.0,MutNovel,"S273H,0.286"
X-3042,UTY,7404.0,MutNovel,"Q268K,0.286"
X-3042,UTY,7404.0,MutNovel,"YA265CS,0.375"
X-3042,UTY,7404.0,MutNovel,"T261S,0.250"
X-3042,UTY,7404.0,MutNovel,"V256K,0.333"
X-3042,UTY,7404.0,MutNovel,"D254V,0.222"
X-3042,UTY,7404.0,MutNovel,"M249K,0.300"
X-3042,UTY,7404.0,MutNovel,"D179I,0.286"
X-3042,UTY,7404.0,MutNovel,"N177L,0.214"
X-3042,UTY,7404.0,MutNovel,"VN176GH,0.308"
X-3042,UTY,7404.0,MutNovel,"M173L,0.400"
X-3042,UTY,7404.0,MutNovel,"LM172RL,0.400"
X-3042,UTY,7404.0,MutNovel,"G171V,0.455"
X-3042,UTY,7404.0,MutNovel,"G171M,0.455"
X-3042,UTY,7404.0,MutNovel,"R169V,0.333"
X-3042,UTY,7404.0,MutNovel,"R169G,0.300"
X-3042,UTY,7404.0,MutNovel,"H167R,0.300"
X-3042,UTY,7404.0,MutNovel,"AK163VL,0.400"
X-3042,UTY,7404.0,MutNovel,"A163P,0.500"
X-3042,UTY,7404.0,MutNovel,"C161S,0.444"
X-3042,UTY,7404.0,MutNovel,"D157V,0.400"
X-3042,UTY,7404.0,MutNovel,"D157F,0.556"
X-3042,UTY,7404.0,MutNovel,"L154P,0.500"
X-3042,UTY,7404.0,MutNovel,"FQ150LK,0.455"
X-3042,UTY,7404.0,MutNovel,"A149S,0.417"
X-3042,UTY,7404.0,MutNovel,"V136I,0.500"
X-3042,UTY,7404.0,MutNovel,"T68A,0.600"
X-3042,UTY,7404.0,MutNovel,"G47V,0.300"
X-3042,UTY,7404.0,MutNovel,"AL45RI,0.333"
X-3042,UTY,7404.0,MutNovel,"RE43IL,0.364"
X-3042,UTY,7404.0,MutNovel,"V40F,0.231"
X-3042,UTY,7404.0,MutNovel,"T39C,0.250"
X-3042,UTY,7404.0,MutKnownFunctional,"SE31R*,0.214"
X-3042,UTY,7404.0,MutNovel,"R29L,0.214"
X-3042,WDFY3,23001.0,MutNovel,"I2809R,0.441"
X-3042,ZDHHC11,79844.0,MutNovel,"A303D,0.444"
X-3042,ZFP36L2,678.0,MutNovel,"Q401HSSR,0.350"
X-3042,ZNF254,9534.0,MutNovel,"Y350C,0.537"
X-3042,ZNF268,10795.0,MutNovel,"R828Q,0.436"
X-3042,ZNF532,55205.0,MutNovel,"G1287S,0.515"
X-3042,ZNF639,51193.0,MutNovel,"E292V,0.286"
X-3042,ZNF728,,MutNovel,"K247E,0.600"
X-3114,AASDH,132949.0,MutNovel,"V797I,0.415"
X-3114,ACAN,176.0,Amp5,5.31
X-3114,ACAP3,116983.0,Amp5,5.1
X-3114,ACTR3,10096.0,MutNovel,"P137S,0.238"
X-3114,ADAM3A,1587.0,Del0.8,0.29
X-3114,ADAM5P,255926.0,Del0.8,0.59
X-3114,ADAMTS12,81792.0,Amp5,5.74
X-3114,ADCY10,55811.0,Amp8,45.25
X-3114,ADCY9,115.0,MutNovel,"E646K,0.438"
X-3114,AEN,64782.0,Amp5,5.31
X-3114,AGAP2,116986.0,Amp8,25.28
X-3114,AGBL1,123624.0,Amp5,5.28
X-3114,AGRN,375790.0,Amp5,5.74
X-3114,AGXT2,64902.0,Amp5,7.26
X-3114,AKAP11,11215.0,MutNovel,"V1451I,0.353"
X-3114,ALG5,29880.0,MutNovel,"P187R,0.778"
X-3114,ALG6,29929.0,Amp8,12.55
X-3114,AMACR,23600.0,Amp5,6.5
X-3114,ANAPC1,64682.0,MutNovel,"R1110C,0.370"
X-3114,ANGPTL3,27329.0,Amp8,25.46
X-3114,ANKRD11,29123.0,MutNovel,"S1271L,0.342"
X-3114,ANKRD36,375248.0,MutNovel,"T998S,0.400"
X-3114,ANKRD36C,,MutNovel,"N1734S,0.600"
X-3114,APOBEC4,403314.0,Amp5,5.9
X-3114,ARID1A,8289.0,MutNovel,"V1982I,0.551"
X-3114,ARPC5,10092.0,Amp5,5.9
X-3114,ARRDC2,27106.0,MutNovel,"S187L,0.549"
X-3114,ASTN1,460.0,Amp5,5.7
X-3114,ATG4C,84938.0,Amp8,21.41
X-3114,ATN1,1822.0,MutNovel,"K840R,0.537"
X-3114,ATP10A,57194.0,Amp8,8.46
X-3114,ATP10D,57205.0,MutNovel,"S500R,0.412"
X-3114,ATP2A1,487.0,MutNovel,"E895K,0.429"
X-3114,ATP6V0B,533.0,Amp8,10.63
X-3114,AVIL,10677.0,Amp8,25.28
X-3114,B3GALT6,126792.0,Amp5,5.74
X-3114,B4GALT2,8704.0,Amp8,10.63
X-3114,BEST3,144453.0,Amp8,11.55
X-3114,BLOC1S1,2647.0,Amp8,33.36
X-3114,BLOC1S1-RDH5,100528022.0,Amp8,33.36
X-3114,BRIX1,55299.0,Amp5,7.26
X-3114,BRP44,25874.0,Amp8,45.25
X-3114,BTBD2,55643.0,MutNovel,"A54-,0.500"
X-3114,C19orf44,84167.0,MutNovel,"D379N,0.545"
X-3114,C1QTNF3,114899.0,Amp5,6.5
X-3114,C1orf105,92346.0,Amp8,29.86
X-3114,C1orf112,55732.0,Amp8,17.27
X-3114,C1orf159,54991.0,Amp5,5.74
X-3114,C1orf168,199920.0,Amp8,22.94
X-3114,C1orf170,84808.0,Amp5,5.74
X-3114,C1orf21,81563.0,Amp5,5.9
X-3114,C1orf87,127795.0,Amp8,19.16
X-3114,C2CD4D,100191040.0,Amp8,36.25
X-3114,C5orf24,134553.0,MutNovel,"R55S,0.372"
X-3114,C5orf42,65250.0,Amp5,5.5
X-3114,C5orf45,51149.0,MutNovel,"R255K,0.241"
X-3114,C8A,731.0,Amp8,19.29
X-3114,C8B,732.0,Amp8,19.29
X-3114,CABIN1,23523.0,MutNovel,"S55A,0.591"
X-3114,CACYBP,27101.0,Amp8,38.85
X-3114,CAMTA2,23125.0,MutNovel,"Y1105F,0.379"
X-3114,CAPSL,133690.0,Amp5,7.26
X-3114,CASP8AP2,9994.0,MutNovel,"F156S,0.714"
X-3114,CCDC24,149473.0,Amp8,10.63
X-3114,CCDC66,285331.0,MutNovel,"S606SP,0.952"
X-3114,CCT2,10576.0,Amp8,36
X-3114,CD2AP,23607.0,MutNovel,"V474F,0.560"
X-3114,CD63,967.0,Amp8,33.36
X-3114,CDK17,5128.0,Amp8,15.35
X-3114,CDK2,1017.0,Amp8,16.68
X-3114,CDK4,1019.0,Amp8,25.28
X-3114,CELF3,11189.0,Amp8,36.25
X-3114,CEMP1,752014.0,MutNovel,"W85C,0.480"
X-3114,CENPL,91687.0,Amp5,6.02
X-3114,CFH,3075.0,MutNovel,"P418L,0.286"
X-3114,CGN,57530.0,Amp8,30.7
X-3114,CHD9,80205.0,MutNovel,"D613G,0.286"
X-3114,CHN1,1123.0,MutNovel,"T272M,0.622"
X-3114,COG3,83548.0,MutNovel,"V709G,0.661"
X-3114,COL3A1,1281.0,MutNovel,"V1241I,0.451"
X-3114,COL5A3,50509.0,MutNovel,"P300L,0.458"
X-3114,CPM,1368.0,Amp8,39.4
X-3114,CPSF6,11052.0,Amp8,60.55
X-3114,CRYGD,1421.0,MutNovel,"M44V,1.000"
X-3114,CSMD1,64478.0,MutNovel,"V2687A,0.579"
X-3114,CSRP1,1465.0,Amp5,7.16
X-3114,CT45A2,728911.0,Del0.8,0.68
X-3114,CT45A3,441519.0,Del0.8,0.68
X-3114,CT45A4,441520.0,Del0.8,0.68
X-3114,CTDSP2,10106.0,Amp8,25.28
X-3114,CYP27B1,1594.0,Amp8,25.28
X-3114,CYP2J2,1573.0,Amp8,25.63
X-3114,DAB1,1600.0,Amp8,18.64
X-3114,DARS2,55157.0,Amp5,6.02
X-3114,DCAF6,55827.0,Amp8,21.11
X-3114,DET1,55070.0,Amp5,5.31
X-3114,DGKA,1606.0,Amp8,16.68
X-3114,DIS3,22894.0,MutNovel,"L214V,0.658"
X-3114,DKFZP564C196,284649.0,Amp5,5.9
X-3114,DLEU2L,79469.0,Amp8,20.68
X-3114,DMTF1,9988.0,MutNovel,"R375C,0.379"
X-3114,DNAJC21,134218.0,Amp5,7.26
X-3114,DNM3,26052.0,Amp8,27.67
X-3114,DNM3OS,100628315.0,Amp8,31.34
X-3114,DOCK10,55619.0,MutNovel,"E1957Q,0.233"
X-3114,DOCK7,85440.0,Amp8,25.46
X-3114,DUSP27,92235.0,Amp5,6.19
X-3114,EEFSEC,60678.0,MutNovel,"P323L,0.478"
X-3114,EFCAB7,84455.0,Amp8,20.68
X-3114,EIF2AK4,440275.0,MutNovel,"I1278M,0.530"
X-3114,ELK3,2004.0,Amp8,23.75
X-3114,EP400,57634.0,MutNovel,"P2512S,1.000"
X-3114,EPRS,2058.0,MutNovel,"G869V,0.439"
X-3114,ERI1,90459.0,MutNovel,"A13D,0.600"
X-3114,ERRFI1,54206.0,Amp8,45.89
X-3114,EXOSC6,118460.0,MutNovel,"R135P,0.240"
X-3114,F5,2153.0,Amp5,5.98
X-3114,FAM129A,116496.0,MutKnownFunctional,"-632,0.625"
X-3114,FAM132A,388581.0,Amp5,5.74
X-3114,FAM78B,149297.0,Amp8,13.55
X-3114,FAM96B,51647.0,MutNovel,"G4S,0.711"
X-3114,FASLG,356.0,Amp8,47.18
X-3114,FBXL7,23194.0,MutNovel,"K33E,0.429"
X-3114,FGGY,55277.0,Amp8,18.38
X-3114,FLNA,2316.0,MutNovel,"-22S,0.600"
X-3114,FLNA,2316.0,MutNovel,"G20V,0.227"
X-3114,FMO1,2326.0,Amp8,9.92
X-3114,FMO9P,116123.0,Amp8,11.88
X-3114,FRS2,10818.0,Amp8,34.78
X-3114,FZD6,8323.0,MutNovel,"R368C,0.536"
X-3114,GABRA5,2558.0,Amp8,8.46
X-3114,GABRB3,2562.0,Amp8,8.46
X-3114,GABRG3,2567.0,Amp8,9.25
X-3114,GAS5,60674.0,Amp5,6.02
X-3114,GCN1L1,10985.0,MutNovel,"R2092W,0.403"
X-3114,GIGYF2,26058.0,MutNovel,"PQ1231P,0.643"
X-3114,GLT25D2,23127.0,Amp5,5.9
X-3114,GNL2,29889.0,MutNovel,"M118V,0.419"
X-3114,GPATCH2,55105.0,MutNovel,"P383L,0.333"
X-3114,GPR161,23432.0,MutKnownFunctional,"-18?,0.938"
X-3114,GPR161,23432.0,Amp5,7.62
X-3114,GPR52,9293.0,Amp8,41.93
X-3114,GTF3C5,9328.0,MutNovel,"K38N,0.386"
X-3114,GUCA2A,2980.0,Amp5,5.82
X-3114,GUCA2B,2981.0,Amp5,5.82
X-3114,HAPLN3,145864.0,Amp5,5.31
X-3114,HES4,57801.0,Amp5,5.74
X-3114,HIVEP3,59269.0,Amp5,6.06
X-3114,HLA-G,3135.0,MutNovel,"T187P,1.000"
X-3114,HOOK1,51361.0,Amp8,25.63
X-3114,HOXB3,3213.0,MutNovel,"P284S,0.811"
X-3114,HSD52,729467.0,Amp8,26.54
X-3114,IGSF3,3321.0,MutNovel,"D1041G,0.500"
X-3114,IL7R,3575.0,Amp5,7.26
X-3114,INADL,10207.0,Amp8,32.9
X-3114,IPO9,55705.0,Amp8,8.17
X-3114,ISG15,9636.0,Amp5,5.74
X-3114,ISG20,3669.0,Amp5,5.31
X-3114,ITGA7,3679.0,Amp8,22.78
X-3114,ITGB3BP,23421.0,Amp8,25.99
X-3114,JAK1,3716.0,Amp5,5.86
X-3114,JUN,3725.0,Amp8,33.59
X-3114,KANK4,163782.0,Amp8,25.46
X-3114,KDM4A,9682.0,Amp8,24.93
X-3114,KIAA0040,9674.0,Amp8,22.32
X-3114,KIAA0232,9778.0,MutNovel,"E1372D,0.595"
X-3114,KLHL17,339451.0,Amp5,5.74
X-3114,KPNB1,3837.0,Amp5,6.23
X-3114,L1TD1,54596.0,Amp8,25.46
X-3114,LAD1,3898.0,Amp5,6.32
X-3114,LCE1A,353131.0,Amp5,7.41
X-3114,LCE1B,353132.0,Amp5,7.41
X-3114,LCE1C,353133.0,Amp5,7.41
X-3114,LCE1E,353135.0,Amp5,7.36
X-3114,LCE1F,353137.0,Amp5,7.36
X-3114,LCE3C,353144.0,Del0.8,0.68
X-3114,LCE6A,448835.0,Amp5,7.41
X-3114,LINC00052,145978.0,Amp5,5.28
X-3114,LINGO4,339398.0,Amp8,36.25
X-3114,LMBRD2,92255.0,Amp5,5.31
X-3114,LOC100128714,100128714.0,Amp8,8.46
X-3114,LOC100130776,100130776.0,Amp8,25.28
X-3114,LOC100131060,100131060.0,Amp8,33.59
X-3114,LOC100132111,100132111.0,Amp8,36.25
X-3114,LOC100506023,100506023.0,Amp8,12.13
X-3114,LOC100506844,100506844.0,Amp8,25.28
X-3114,LOC254099,254099.0,Amp5,5.74
X-3114,LOC340113,340113.0,Amp5,6.68
X-3114,LOC503519,503519.0,Amp8,8.46
X-3114,LOC728855,728855.0,Amp5,5.54
X-3114,LRIG3,121227.0,Amp8,28.84
X-3114,LRRC10,376132.0,Amp8,45.89
X-3114,MAGEC1,9947.0,MutNovel,"S267L,0.895"
X-3114,MAGEC1,9947.0,MutNovel,"L316V,0.963"
X-3114,MALT1,10892.0,MutNovel,"P125A,0.591"
X-3114,2014-03-09 00:00:00,92979.0,Amp8,25.28
X-3114,MDM2,4193.0,Amp8,31.34
X-3114,MED15,51586.0,MutNovel,"-211Q,0.360"
X-3114,METTL1,4234.0,Amp8,25.28
X-3114,METTL13,51603.0,Amp8,35.26
X-3114,METTL18,92342.0,Amp8,16.34
X-3114,METTL21B,25895.0,Amp8,25.28
X-3114,METTL7B,196410.0,Amp8,15.56
X-3114,MFGE8,4240.0,Amp5,5.31
X-3114,MICALL2,79778.0,MutNovel,"L790F,0.429"
X-3114,MIR1179,100302235.0,Amp5,5.31
X-3114,MIR1231,100302158.0,Amp8,8.17
X-3114,MIR1279,100302182.0,Amp8,44.94
X-3114,MIR200A,406983.0,Amp5,5.74
X-3114,MIR200B,406984.0,Amp5,5.74
X-3114,MIR26A2,407016.0,Amp8,25.28
X-3114,MIR3120,100422882.0,Amp8,31.34
X-3114,MIR3529,100616238.0,Amp5,5.31
X-3114,MIR3658,100500832.0,Amp8,22.94
X-3114,MIR3913-1,100500903.0,Amp8,28.44
X-3114,MIR3913-2,100500868.0,Amp8,28.44
X-3114,MIR429,554210.0,Amp5,5.74
X-3114,MIR4635,100616479.0,Amp8,9.71
X-3114,MIR4711,100616409.0,Amp8,25.63
X-3114,MIR4715,100616474.0,Amp8,8.46
X-3114,MIR554,693139.0,Amp8,30.7
X-3114,MIR580,693165.0,Amp5,5.31
X-3114,MIR7-2,407044.0,Amp5,5.31
X-3114,MIR921,100126349.0,Amp5,5.66
X-3114,MLL3,58508.0,MutNovel,"C988V,0.636"
X-3114,MPP5,64398.0,MutNovel,"T195A,0.471"
X-3114,MPZL1,9019.0,Amp8,53.45
X-3114,MRPL45P2,653479.0,Amp5,6.23
X-3114,MRPL46,26589.0,Amp5,5.31
X-3114,MRPL9,65005.0,Amp8,36.25
X-3114,MRPS11,64963.0,Amp5,5.31
X-3114,MRPS14,63931.0,Amp8,38.85
X-3114,MRPS30,10884.0,Amp5,6.54
X-3114,MXD4,10608.0,MutNovel,"P198L,0.558"
X-3114,MYBL2,4605.0,MutNovel,"R417H,0.325"
X-3114,MYO1D,4642.0,MutNovel,"E422A,0.500"
X-3114,MYOC,4653.0,Amp8,33.82
X-3114,MYSM1,114803.0,Amp8,33.59
X-3114,NADKD1,133686.0,Amp5,5.31
X-3114,NALCN,259232.0,MutNovel,"T1725I,0.681"
X-3114,NAV1,89796.0,Amp8,8.17
X-3114,NBPF10,100132406.0,MutNovel,"E1227K,0.600"
X-3114,NBPF10,100132406.0,Amp8,11.24
X-3114,NCF2,4688.0,Amp5,5.9
X-3114,NCOR1,9611.0,MutNovel,"R1739Q,0.667"
X-3114,NCOR2,9612.0,MutNovel,"G1839GAAA,0.571"
X-3114,NEFH,4744.0,MutNovel,"KAKSPEKEE651K,0.212"
X-3114,NFIA,4774.0,Amp8,21.11
X-3114,NHP2L1,4809.0,MutNovel,"A16S,0.566"
X-3114,NIPBL,25836.0,Amp5,6.68
X-3114,NOC2L,26155.0,Amp5,5.74
X-3114,NOTCH2NL,388677.0,Amp8,11.24
X-3114,NPEPPS,9520.0,Amp5,6.23
X-3114,NPIPL3,23117.0,MutNovel,"P430L,0.857"
X-3114,NR1H2,7376.0,MutNovel,"-173Q,0.439"
X-3114,NTRK3,4916.0,Amp5,5.31
X-3114,NUDT11,55190.0,MutKnownFunctional,"-1,0.417"
X-3114,OAZ3,51686.0,Amp8,36.25
X-3114,OCA2,4948.0,Amp5,7.73
X-3114,OMA1,115209.0,Amp8,33.59
X-3114,OR10P1,121130.0,Amp8,29.65
X-3114,ORAI1,84876.0,MutNovel,"PP43-,0.647"
X-3114,OS9,10956.0,Amp8,25.28
X-3114,PABPC3,5042.0,MutKnownFunctional,"-226,1.000"
X-3114,PAPPA2,60676.0,Amp8,35.26
X-3114,PARK7,11315.0,Amp8,45.89
X-3114,PCDHB12,56124.0,MutNovel,"L662P,1.000"
X-3114,PDHX,8050.0,MutNovel,"F445V,0.795"
X-3114,PER2,8864.0,MutNovel,"R277Q,0.625"
X-3114,PGM1,5236.0,Amp8,20.68
X-3114,PHACTR4,65979.0,MutKnownFunctional,"-61?,0.265"
X-3114,PHB,5245.0,MutNovel,"S151N,0.362"
X-3114,PHLDA1,22822.0,MutNovel,"QQ194Q,0.558"
X-3114,PHLDA3,23612.0,Amp5,6.32
X-3114,PI4KB,5298.0,Amp8,37.27
X-3114,PIGC,5279.0,Amp8,23.75
X-3114,PIK3CB,5291.0,MutNovel,"Y244C,0.889"
X-3114,PIP5K1A,8394.0,Amp5,7.31
X-3114,PKP1,5317.0,Amp5,6.32
X-3114,PLEKHN1,84069.0,Amp5,5.74
X-3114,PMEL,6490.0,Amp8,16.68
X-3114,PNPLA3,80339.0,MutNovel,"L102H,0.273"
X-3114,POGZ,23126.0,Amp8,44.94
X-3114,POLE2,5427.0,MutNovel,"S161N,0.429"
X-3114,POM121,9883.0,MutNovel,"A718T,0.469"
X-3114,POU2F1,5451.0,Amp8,10.27
X-3114,PPAP2B,8613.0,Amp8,27.28
X-3114,PPIAL4B,653505.0,Amp5,5.54
X-3114,PPIAL4C,653598.0,Amp5,5.54
X-3114,PPM1L,151742.0,MutNovel,"K350R,0.300"
X-3114,PPP2CB,5516.0,MutNovel,"V256M,0.460"
X-3114,PPP4R1,9989.0,MutNovel,"E761D,0.202"
X-3114,PRDX6,9588.0,Amp8,25.99
X-3114,PRKAA2,5563.0,Amp8,27.28
X-3114,PRKCE,5581.0,MutNovel,"S346L,0.290"
X-3114,PRLR,5618.0,Amp5,7.26
X-3114,PRRC2C,23215.0,Amp8,35.02
X-3114,PSMB4,5692.0,Amp8,41.07
X-3114,PSMD4,5710.0,Amp8,26.72
X-3114,PTX3,5806.0,MutNovel,"H2R,0.464"
X-3114,RABGAP1L,9910.0,Amp8,34.3
X-3114,RAD1,5810.0,Amp5,7.26
X-3114,RADIL,55698.0,MutNovel,"N790S,0.375"
X-3114,RAI14,26064.0,Amp5,7.26
X-3114,RANBP2,5903.0,MutNovel,"S313Y,0.214"
X-3114,RANBP3L,202151.0,Amp5,5.31
X-3114,RCSD1,92241.0,Amp8,54.19
X-3114,RDH5,5959.0,Amp8,33.36
X-3114,RFX5,5993.0,Amp8,52.35
X-3114,RGL1,23179.0,Amp5,5.9
X-3114,RGS4,5999.0,Amp5,6.28
X-3114,RGS5,8490.0,Amp5,5.24
X-3114,RIF1,55183.0,MutNovel,"Y404S,0.389"
X-3114,RIF1,55183.0,MutNovel,"N1313K,0.474"
X-3114,RIIAD1,284485.0,Amp8,36.25
X-3114,RIN3,79890.0,MutNovel,"G967-,0.389"
X-3114,RNF223,401934.0,Amp5,5.74
X-3114,ROR1,4919.0,Amp8,10.27
X-3114,RORC,6097.0,Amp8,36.25
X-3114,RPS10P7,376693.0,Amp8,8.17
X-3114,RPS17,6218.0,MutNovel,"G25R,0.444"
X-3114,RXFP3,51289.0,Amp5,6.5
X-3114,SAMD11,148398.0,Amp5,5.74
X-3114,SCNN1D,6339.0,Amp8,12.91
X-3114,SDF4,51150.0,Amp5,5.74
X-3114,SEC22B,9554.0,Amp5,5.13
X-3114,SELE,6401.0,Amp5,7.67
X-3114,SELENBP1,8991.0,Amp8,27.86
X-3114,SELL,6402.0,Amp5,5.98
X-3114,SELP,6403.0,Amp5,5.98
X-3114,SERHL2,253190.0,MutNovel,"N145K,0.571"
X-3114,SERPINC1,462.0,Amp5,6.02
X-3114,SFT2D2,375035.0,Amp5,7.62
X-3114,SGOL2,151246.0,MutNovel,"D328E,0.553"
X-3114,SHISA4,149345.0,Amp8,8.17
X-3114,SKINTL,391037.0,Amp8,26.91
X-3114,SKP2,6502.0,Amp5,5.31
X-3114,SLC12A7,10723.0,Amp5,6.73
X-3114,SLC19A2,10560.0,Amp5,5.98
X-3114,SLC1A3,6507.0,Amp5,6.68
X-3114,SLC45A2,51151.0,Amp5,6.5
X-3114,SLC5A9,200010.0,Amp8,26.91
X-3114,SLC6A18,348932.0,Amp5,6.32
X-3114,SLC6A19,340024.0,Amp5,6.32
X-3114,SLC6A9,6536.0,Amp8,10.63
X-3114,SLITRK2,84631.0,MutNovel,"P295T,1.000"
X-3114,SMCP,4184.0,Amp5,7.41
X-3114,SMG7,9887.0,Amp5,5.9
X-3114,SNAPC4,6621.0,MutKnownFunctional,"-777,0.311"
X-3114,SNORD44,26806.0,Amp5,6.02
X-3114,SNORD47,26802.0,Amp5,6.02
X-3114,SNORD74,619498.0,Amp5,6.02
X-3114,SNORD75,692195.0,Amp5,6.02
X-3114,SNORD76,692196.0,Amp5,6.02
X-3114,SNORD77,692197.0,Amp5,6.02
X-3114,SNORD78,692198.0,Amp5,6.02
X-3114,SNORD79,26770.0,Amp5,6.02
X-3114,SNORD80,26774.0,Amp5,6.02
X-3114,SNORD81,26769.0,Amp5,6.02
X-3114,SNX27,81609.0,Amp8,40.79
X-3114,SPECC1L,23384.0,MutNovel,"R777W,0.275"
X-3114,SPEF2,79925.0,Amp5,7.26
X-3114,ST3GAL3,6487.0,Amp5,7.11
X-3114,STBD1,8987.0,MutNovel,"G26V,0.524"
X-3114,STS,412.0,Del0.8,0.77
X-3114,SUMF2,25870.0,MutNovel,"W203R,0.468"
X-3114,TACSTD2,4070.0,Amp8,33.59
X-3114,TARS,6897.0,Amp5,5.03
X-3114,TBC1D2,55357.0,MutNovel,"H403Y,0.700"
X-3114,TBL2,26608.0,MutNovel,"S7L,0.560"
X-3114,TCOF1,6949.0,MutNovel,"V44I,0.344"
X-3114,TDRKH,11022.0,MutNovel,"I218N,0.286"
X-3114,TDRKH,11022.0,Amp8,36.25
X-3114,TERT,7015.0,Amp5,6.32
X-3114,THEM4,117145.0,Amp8,22.63
X-3114,THEM5,284486.0,Amp8,36.25
X-3114,THEM6,,MutNovel,"E93Q,0.636"
X-3114,TIPRL,261726.0,Amp5,7.62
X-3114,TM2D1,83941.0,Amp8,25.11
X-3114,TNFAIP6,7130.0,MutKnownFunctional,"-278,0.556"
X-3114,TNFRSF18,8784.0,Amp5,5.74
X-3114,TNFRSF4,7293.0,Amp5,5.74
X-3114,TNFRSF9,3604.0,Amp8,25.81
X-3114,TNN,63923.0,Amp8,31.12
X-3114,TNNI1,7135.0,Amp5,6.32
X-3114,TNNT2,7139.0,Amp5,6.32
X-3114,TNR,7143.0,Amp8,23.1
X-3114,TNRC6A,27327.0,MutNovel,"Q100P,1.000"
X-3114,TP73,7161.0,Amp5,5.7
X-3114,TRAPPC10,7109.0,MutNovel,"W1015R,0.400"
X-3114,TRIM3,10612.0,MutNovel,"E297D,0.438"
X-3114,TSEN15,116461.0,Amp5,5.9
X-3114,TSFM,10102.0,Amp8,25.28
X-3114,TSPAN31,6302.0,Amp8,25.28
X-3114,TSPYL1,7259.0,MutNovel,"V176VW,0.827"
X-3114,TTC23L,153657.0,Amp5,7.26
X-3114,TTLL10,254173.0,Amp5,5.74
X-3114,TUBGCP2,10844.0,MutNovel,"A818S,0.299"
X-3114,TUFT1,7286.0,Amp8,30.7
X-3114,UBE2J2,118424.0,Amp5,5.74
X-3114,UBE2U,148581.0,Amp5,5.06
X-3114,UCK2,7371.0,Amp5,6.77
X-3114,UGT3A1,133688.0,Amp5,7.26
X-3114,UGT3A2,167127.0,Amp5,6.19
X-3114,USP1,7398.0,Amp8,25.46
X-3114,USP36,57602.0,MutNovel,"KKK958K,0.805"
X-3114,USP9Y,8287.0,MutNovel,"A1060T,1.000"
X-3114,UTY,7404.0,MutNovel,"R993F,0.286"
X-3114,UTY,7404.0,MutNovel,"N991M,0.286"
X-3114,UTY,7404.0,MutNovel,"PS985KC,0.500"
X-3114,UTY,7404.0,MutKnownFunctional,"PT983R*,0.600"
X-3114,UTY,7404.0,MutNovel,"P983T,0.500"
X-3114,UTY,7404.0,MutNovel,"LN980SD,0.571"
X-3114,UTY,7404.0,MutNovel,"K979V,0.571"
X-3114,UTY,7404.0,MutNovel,"D978N,0.571"
X-3114,UTY,7404.0,MutNovel,"LP975SS,0.625"
X-3114,UTY,7404.0,MutNovel,"P974R,0.625"
X-3114,UTY,7404.0,MutNovel,"P973K,0.750"
X-3114,UTY,7404.0,MutNovel,"P971Q,0.857"
X-3114,UTY,7404.0,MutNovel,"TS969MP,0.778"
X-3114,UTY,7404.0,MutNovel,"P968Y,0.778"
X-3114,UTY,7404.0,MutNovel,"RP966SV,0.778"
X-3114,UTY,7404.0,MutNovel,"P965V,0.818"
X-3114,UTY,7404.0,MutNovel,"PP963LN,0.800"
X-3114,UTY,7404.0,MutNovel,"CP962TT,0.800"
X-3114,UTY,7404.0,MutNovel,"K961L,0.800"
X-3114,UTY,7404.0,MutNovel,"L959P,0.800"
X-3114,UTY,7404.0,MutNovel,"I957Y,0.800"
X-3114,UTY,7404.0,MutNovel,"SC955KI,0.800"
X-3114,UTY,7404.0,MutNovel,"NS954PR,0.800"
X-3114,UTY,7404.0,MutKnownFunctional,"S953*,0.700"
X-3114,UTY,7404.0,MutNovel,"GL951FM,0.727"
X-3114,UTY,7404.0,MutNovel,"KN949NA,0.667"
X-3114,UTY,7404.0,MutNovel,"K949P,0.727"
X-3114,UTY,7404.0,MutNovel,"PG947SS,0.667"
X-3114,UTY,7404.0,MutNovel,"N946T,0.700"
X-3114,UTY,7404.0,MutNovel,"E939G,0.500"
X-3114,UTY,7404.0,MutKnownFunctional,"E939*,0.500"
X-3114,UTY,7404.0,MutNovel,"ST937GA,0.364"
X-3114,UTY,7404.0,MutNovel,"S936R,0.333"
X-3114,UTY,7404.0,MutKnownFunctional,"CP934*C,0.333"
X-3114,UTY,7404.0,MutNovel,"IC933SR,0.333"
X-3114,UTY,7404.0,MutNovel,"TD575IR,0.375"
X-3114,UTY,7404.0,MutNovel,"T575P,0.429"
X-3114,UTY,7404.0,MutNovel,"GA572AI,0.429"
X-3114,UTY,7404.0,MutNovel,"N571T,0.500"
X-3114,UTY,7404.0,MutNovel,"T518L,0.833"
X-3114,UTY,7404.0,MutNovel,"IC339MS,1.000"
X-3114,UTY,7404.0,MutNovel,"A300S,1.000"
X-3114,UTY,7404.0,MutKnownFunctional,"S292*,1.000"
X-3114,UTY,7404.0,MutNovel,"C290Y,1.000"
X-3114,UTY,7404.0,MutKnownFunctional,"GR288G*,0.500"
X-3114,UTY,7404.0,MutKnownFunctional,"G288*,0.600"
X-3114,UTY,7404.0,MutNovel,"F286V,0.500"
X-3114,UTY,7404.0,MutNovel,"W284G,0.500"
X-3114,UTY,7404.0,MutNovel,"S280C,0.500"
X-3114,UTY,7404.0,MutNovel,"D277T,0.500"
X-3114,UTY,7404.0,MutNovel,"K272R,0.500"
X-3114,UTY,7404.0,MutKnownFunctional,"T261*,0.500"
X-3114,UTY,7404.0,MutNovel,"AT260VS,0.600"
X-3114,UTY,7404.0,MutNovel,"DK258VS,0.333"
X-3114,UTY,7404.0,MutNovel,"G257E,0.333"
X-3114,UTY,7404.0,MutNovel,"LV255RI,0.333"
X-3114,UTY,7404.0,MutNovel,"Q245H,0.333"
X-3114,UTY,7404.0,MutNovel,"QL227SI,0.286"
X-3114,UTY,7404.0,MutKnownFunctional,"YE225*P,0.400"
X-3114,UTY,7404.0,MutNovel,"Y225L,0.400"
X-3114,UTY,7404.0,MutNovel,"EA223LT,0.400"
X-3114,UTY,7404.0,MutNovel,"K222T,0.400"
X-3114,UTY,7404.0,MutNovel,"HS219AT,0.333"
X-3114,UTY,7404.0,MutNovel,"YQ113CW,0.500"
X-3114,UTY,7404.0,MutNovel,"Y113D,0.500"
X-3114,UTY,7404.0,MutNovel,"L96G,0.500"
X-3114,UTY,7404.0,MutKnownFunctional,"GK86A*,0.667"
X-3114,UTY,7404.0,MutNovel,"TV39CF,0.250"
X-3114,VAMP4,8674.0,Amp8,41.36
X-3114,VCX3B,425054.0,MutNovel,"K40E,0.800"
X-3114,WIBG,84305.0,Amp5,5.82
X-3114,XRCC6BP1,91419.0,Amp8,25.28
X-3114,ZBED3,84327.0,MutNovel,"A179G,0.556"
X-3114,ZBTB37,84614.0,Amp5,6.02
X-3114,ZBTB48,3104.0,MutNovel,"R419Q,0.440"
X-3114,ZCCHC6,79670.0,MutNovel,"T211A,0.231"
X-3114,ZNF142,7701.0,MutNovel,"V40L,0.720"
X-3114,ZNF167,55888.0,MutNovel,"Q242R,0.469"
X-3114,ZNF384,171017.0,MutNovel,"QQ514Q,0.452"
X-3114,ZNF434,54925.0,MutNovel,"I429T,0.429"
X-3114,ZNF687,57592.0,Amp8,26.72
X-3114,ZNF784,147808.0,MutNovel,"R11Q,0.750"
X-3114,ZNF79,7633.0,MutKnownFunctional,"-368,0.261"
X-3158,ABCA5,23461.0,MutKnownFunctional,"-248?,0.250"
X-3158,ACRC,93953.0,MutNovel,"P265S,0.250"
X-3158,ACSM3,6296.0,MutNovel,"V416G,1.000"
X-3158,ADAM3A,1587.0,Del0.8,0.26
X-3158,ADAM5P,255926.0,Del0.8,0.55
X-3158,ADAMTSL4,54507.0,MutKnownFunctional,"-253,0.732"
X-3158,AK4,205.0,MutNovel,"R188Q,0.417"
X-3158,AKAP12,9590.0,MutNovel,"E1531EEE,0.850"
X-3158,AKR1C4,1109.0,MutNovel,"K225E,1.000"
X-3158,ALMS1,7840.0,MutNovel,"E3460K,1.000"
X-3158,ARL17A,51326.0,Amp5,5.39
X-3158,ASCC3,10973.0,Del0.8,0.3
X-3158,ATAD1,84896.0,Del0.8,0.23
X-3158,BTBD7,55727.0,MutNovel,"L706F,0.543"
X-3158,BTN3A2,11118.0,MutNovel,"K66R,0.478"
X-3158,BTN3A2,11118.0,MutNovel,"K123R,0.364"
X-3158,C14orf126,112487.0,MutNovel,"D28N,0.397"
X-3158,C14orf177,283598.0,Del0.8,0.32
X-3158,C21orf58,54058.0,MutNovel,"H299PN,0.650"
X-3158,C9orf169,375791.0,MutNovel,"A13V,0.316"
X-3158,C9orf53,51198.0,Del0.8,0.24
X-3158,CARD8,22900.0,MutNovel,"R304W,0.342"
X-3158,CDC42EP1,11135.0,MutNovel,"AANPPATT242A,0.404"
X-3158,CDKN2A,1029.0,Del0.8,0.37
X-3158,CFL1P1,142913.0,Del0.8,0.23
X-3158,CHD3,1107.0,MutNovel,"-81P,0.538"
X-3158,CMIP,80790.0,MutNovel,"V396I,1.000"
X-3158,CNTNAP3,79937.0,MutNovel,"L110F,0.440"
X-3158,CNTNAP3B,728577.0,MutNovel,"L110F,0.333"
X-3158,CNTNAP3B,728577.0,MutNovel,"G1163D,1.000"
X-3158,CSPG4,1464.0,MutNovel,"P407L,1.000"
X-3158,CTSA,5476.0,MutNovel,"L29-,0.306"
X-3158,CTSL1,1514.0,MutNovel,"K299N,0.461"
X-3158,CTU1,90353.0,MutNovel,"L99F,0.224"
X-3158,CUL1,8454.0,MutNovel,"A571T,0.521"
X-3158,DENND4B,9909.0,MutNovel,"QQQ908-,0.455"
X-3158,DNAH11,8701.0,MutNovel,"G3667A,0.429"
X-3158,EEF1DP3,196549.0,Del0.8,0.7
X-3158,EPG5,57724.0,MutNovel,"S1879N,1.000"
X-3158,FAM120A,23196.0,MutNovel,"N478S,0.485"
X-3158,FAM120C,54954.0,MutNovel,"P110RRP,0.667"
X-3158,FAM171B,165215.0,MutNovel,"-50Q,0.639"
X-3158,FAM22D,728130.0,Del0.8,0.48
X-3158,FAM59B,150946.0,MutNovel,"S544L,1.000"
X-3158,FAM64A,54478.0,MutNovel,"S229R,1.000"
X-3158,FAM66D,100132923.0,Del0.8,0.77
X-3158,FAM75A6,389730.0,Amp5,5.62
X-3158,FAM84A,151354.0,Del0.8,0.22
X-3158,FAM86B1,85002.0,Del0.8,0.77
X-3158,FBRSL1,57666.0,MutNovel,"L976R,0.333"
X-3158,FBXO11,80204.0,MutNovel,"QQP55P,0.542"
X-3158,FLG,2312.0,MutNovel,"N1913C,0.324"
X-3158,FLG,2312.0,MutNovel,"H980D,1.000"
X-3158,FLII,2314.0,MutNovel,"S395L,0.996"
X-3158,FMN2,56776.0,MutNovel,"R1148A,0.400"
X-3158,FNDC1,84624.0,MutNovel,"ATTRRTT1471A,0.494"
X-3158,FRRS1L,,MutNovel,"R51A,1.000"
X-3158,GJD3,125111.0,MutNovel,"G281S,1.000"
X-3158,GLTSCR1,29998.0,MutNovel,"P658L,0.917"
X-3158,GOLGA6L4,,MutNovel,"R216C,0.500"
X-3158,GRIK2,2898.0,Del0.8,0.31
X-3158,GRIP2,80852.0,MutKnownFunctional,"-437?,0.877"
X-3158,HAUS6,54801.0,Amp5,5.21
X-3158,HCG4B,80868.0,Del0.8,0.59
X-3158,HEG1,57493.0,MutNovel,"L23LW,0.533"
X-3158,HLA-H,3136.0,Del0.8,0.59
X-3158,HRCT1,646962.0,MutNovel,"P106H,1.000"
X-3158,HYDIN,54768.0,MutNovel,"H3869R,1.000"
X-3158,HYDIN,54768.0,MutNovel,"G2557E,1.000"
X-3158,HYDIN,54768.0,MutNovel,"R1951Q,0.500"
X-3158,IFI30,10437.0,MutNovel,"L71P,0.311"
X-3158,INADL,10207.0,MutNovel,"A1568T,1.000"
X-3158,INPP5K,51763.0,MutNovel,"N39K,0.556"
X-3158,IRF1,3659.0,MutNovel,"Y269C,0.588"
X-3158,ITPKC,80271.0,MutNovel,"D647N,0.333"
X-3158,KANK1,23189.0,Amp5,5.31
X-3158,KIF20B,9585.0,MutNovel,"L1062LKV,0.864"
X-3158,KLF16,83855.0,MutNovel,"A38T,0.769"
X-3158,KLLN,100144748.0,Del0.8,0.52
X-3158,KRT10,3858.0,MutNovel,"G514A,0.310"
X-3158,LOC100996493,,MutNovel,"H13Q,1.000"
X-3158,LOC392196,392196.0,Del0.8,0.77
X-3158,LOC439994,439994.0,Del0.8,0.48
X-3158,LOC728190,728190.0,Del0.8,0.73
X-3158,LOC728377,728377.0,Amp5,5.13
X-3158,LRRC37A,9884.0,Amp5,5.39
X-3158,LRRC37A2,474170.0,Amp5,5.39
X-3158,LSR,51599.0,MutNovel,"G518GR,0.769"
X-3158,MCM8,84515.0,MutNovel,"K30T,0.270"
X-3158,MED15,51586.0,MutNovel,"-251Q,0.271"
X-3158,MEF2A,4205.0,MutNovel,"Q412-,0.254"
X-3158,MEN1,4221.0,MutKnownFunctional,"-343,0.938"
X-3158,MGARP,,MutNovel,"T169M,1.000"
X-3158,MINK1,50488.0,MutNovel,"P655T,0.993"
X-3158,MINPP1,9562.0,Del0.8,0.28
X-3158,MIR4678,100616296.0,Del0.8,0.2
X-3158,MMADHC,27249.0,MutNovel,"V25F,1.000"
X-3158,MN1,4330.0,MutNovel,"Q534R,0.211"
X-3158,MPRIP,23164.0,MutNovel,"TS178T,0.582"
X-3158,MTCH1,23787.0,MutNovel,"A16V,1.000"
X-3158,NACAD,23148.0,MutNovel,"D612E,0.333"
X-3158,NBPF10,100132406.0,MutNovel,"G3111A,0.429"
X-3158,NBPF14,25832.0,MutNovel,"G512R,0.231"
X-3158,NCAM2,4685.0,MutNovel,"I544T,1.000"
X-3158,NCOR2,9612.0,MutNovel,"G1839GAAA,0.336"
X-3158,NELL1,4745.0,Del0.8,0.36
X-3158,NF2,4771.0,MutKnownFunctional,"-29,0.971"
X-3158,NF2,4771.0,MutNovel,"A31D,1.000"
X-3158,NSFP1,728806.0,Amp5,5.39
X-3158,OR2A7,401427.0,Amp5,6.63
X-3158,OR2A9P,441295.0,Amp5,6.63
X-3158,OR52N1,79473.0,Del0.8,0.57
X-3158,OR52N5,390075.0,Del0.8,0.17
X-3158,ORAI1,84876.0,MutNovel,"PP43-,0.943"
X-3158,OVOS,,MutNovel,"G1245S,0.500"
X-3158,P2RY8,286530.0,MutNovel,"C1401S,1.000"
X-3158,PAPSS2,9060.0,Del0.8,0.26
X-3158,PARN,5073.0,MutNovel,"A481S,0.534"
X-3158,PBRM1,55193.0,MutNovel,"L1287V,1.000"
X-3158,PCDHGB2,56103.0,MutNovel,"R12P,0.383"
X-3158,PHLDA1,22822.0,MutNovel,"QQ194Q,0.581"
X-3158,PIEZO1,9780.0,MutNovel,"D757GN,0.490"
X-3158,PLA2G4C,8605.0,MutKnownFunctional,"Q13*,0.229"
X-3158,PLAC9,219348.0,MutNovel,"V51I,1.000"
X-3158,PLIN2,123.0,Amp5,5.06
X-3158,PPFIA4,8497.0,MutNovel,"V21M,1.000"
X-3158,PPP1R9A,55607.0,MutNovel,"D1010Y,0.623"
X-3158,PPP2R3B,28227.0,MutNovel,"P885L,0.583"
X-3158,PRR13,54458.0,MutNovel,"CP41C,0.436"
X-3158,PSMG4,389362.0,MutNovel,"L14V,1.000"
X-3158,PTEN,5728.0,Del0.8,0.57
X-3158,PXDN,7837.0,MutNovel,"N87K,1.000"
X-3158,RANBP2,5903.0,MutNovel,"E1193G,1.000"
X-3158,RBFOX1,54715.0,Del0.8,0.54
X-3158,RBM19,9904.0,MutNovel,"H512Q,0.509"
X-3158,RHD,6007.0,MutNovel,"P313L,1.000"
X-3158,RIN3,79890.0,MutNovel,"G967-,0.675"
X-3158,RIPK1,8737.0,MutNovel,"A569V,1.000"
X-3158,RNF168,165918.0,MutNovel,"E373G,1.000"
X-3158,RNLS,55328.0,Del0.8,0.64
X-3158,RRP36,88745.0,MutNovel,"AGARRPR14A,0.872"
X-3158,SAFB,6294.0,MutNovel,"G905E,0.663"
X-3158,SBDS,51119.0,MutKnownFunctional,"SK61S*,0.206"
X-3158,SCAPER,49855.0,Del0.8,0.64
X-3158,SCNN1D,6339.0,MutNovel,"S45L,0.667"
X-3158,SDK1,221935.0,MutNovel,"S58P,0.417"
X-3158,SERINC2,347735.0,MutNovel,"-373Q,0.735"
X-3158,SIRPB1,10326.0,Amp5,7.01
X-3158,SLC28A1,9154.0,MutNovel,"L140LV,1.000"
X-3158,SRD5A3,79644.0,MutNovel,"A117V,1.000"
X-3158,SYNE1,23345.0,Del0.8,0.52
X-3158,TACC1,6867.0,MutNovel,"Q750R,1.000"
X-3158,TAF1L,138474.0,MutNovel,"H1057R,1.000"
X-3158,TBP,6908.0,MutNovel,"-64Q,0.355"
X-3158,TCOF1,6949.0,MutNovel,"S1471A,0.567"
X-3158,TCTN1,79600.0,MutNovel,"D15N,0.955"
X-3158,TMEM132A,54972.0,MutNovel,"D122H,0.988"
X-3158,TMEM184A,202915.0,MutNovel,"G392GA,0.336"
X-3158,TNFAIP6,7130.0,MutKnownFunctional,"-278,0.385"
X-3158,TSC2,7249.0,MutNovel,"W1208S,1.000"
X-3158,TSC2,7249.0,MutNovel,"S1276F,1.000"
X-3158,TSPY10,,MutNovel,"S275I,0.857"
X-3158,TSPY10,,MutNovel,"D277C,0.857"
X-3158,TSPY10,,MutNovel,"LC276PV,0.833"
X-3158,TSPY10,,MutNovel,"CK277WA,0.625"
X-3158,TSPY10,,MutNovel,"D279H,0.625"
X-3158,TSPY10,,MutNovel,"LW280PP,0.625"
X-3158,TSPY10,,MutNovel,"WR281CA,0.571"
X-3158,TSPY10,,MutNovel,"N283I,0.571"
X-3158,TSPY10,,MutNovel,"LQ285QE,0.500"
X-3158,TSPY10,,MutNovel,"Y287D,0.500"
X-3158,TSPY10,,MutNovel,"MK291IE,0.333"
X-3158,TSPY10,,MutNovel,"P293A,0.333"
X-3158,TSPYL1,7259.0,MutNovel,"V176VW,0.857"
X-3158,UBXN2B,137886.0,MutNovel,"I243V,1.000"
X-3158,UHRF1BP1,54887.0,MutNovel,"H625R,1.000"
X-3158,USP17L2,377630.0,Del0.8,0.77
X-3158,USP36,57602.0,MutNovel,"KKK958K,0.740"
X-3158,UTY,7404.0,MutNovel,"AR1078LR,0.375"
X-3158,UTY,7404.0,MutNovel,"H1077P,0.375"
X-3158,UTY,7404.0,MutNovel,"SH1075HD,0.375"
X-3158,UTY,7404.0,MutNovel,"V1074H,0.375"
X-3158,UTY,7404.0,MutNovel,"G1073C,0.375"
X-3158,UTY,7404.0,MutNovel,"GI1070AG,0.375"
X-3158,UTY,7404.0,MutNovel,"AG1069DR,0.375"
X-3158,UTY,7404.0,MutKnownFunctional,"S1068*,0.375"
X-3158,UTY,7404.0,MutNovel,"S1066T,0.500"
X-3158,UTY,7404.0,MutNovel,"GG1059VR,0.500"
X-3158,UTY,7404.0,MutNovel,"S1058D,0.500"
X-3158,UTY,7404.0,MutNovel,"LL1055RL,0.400"
X-3158,UTY,7404.0,MutNovel,"L1055R,0.600"
X-3158,UTY,7404.0,MutNovel,"EL1054VG,0.600"
X-3158,UTY,7404.0,MutNovel,"E1054Q,0.400"
X-3158,UTY,7404.0,MutNovel,"C1052R,0.500"
X-3158,UTY,7404.0,MutNovel,"PN1022RF,0.500"
X-3158,UTY,7404.0,MutNovel,"LP1021PA,0.400"
X-3158,UTY,7404.0,MutNovel,"HL1018QI,0.429"
X-3158,UTY,7404.0,MutNovel,"P1010L,0.229"
X-3158,UTY,7404.0,MutNovel,"K1008P,0.206"
X-3158,UTY,7404.0,MutNovel,"NP1006TI,0.229"
X-3158,UTY,7404.0,MutNovel,"Q343V,0.465"
X-3158,UTY,7404.0,MutNovel,"V342A,0.532"
X-3158,UTY,7404.0,MutNovel,"AV341ES,0.532"
X-3158,UTY,7404.0,MutNovel,"Q336A,0.250"
X-3158,UTY,7404.0,MutNovel,"L335T,0.238"
X-3158,UTY,7404.0,MutNovel,"D333E,0.333"
X-3158,UTY,7404.0,MutNovel,"M332T,0.316"
X-3158,UTY,7404.0,MutNovel,"M332P,0.316"
X-3158,UTY,7404.0,MutNovel,"Y325K,0.231"
X-3158,UTY,7404.0,MutNovel,"S289R,0.231"
X-3158,UTY,7404.0,MutNovel,"E312I,0.607"
X-3158,UTY,7404.0,MutNovel,"E312I,0.607"
X-3158,UTY,7404.0,MutNovel,"KS310RK,0.593"
X-3158,UTY,7404.0,MutKnownFunctional,"K310*,0.621"
X-3158,UTY,7404.0,MutKnownFunctional,"DK309V*,0.621"
X-3158,UTY,7404.0,MutNovel,"QS306LT,0.500"
X-3158,UTY,7404.0,MutNovel,"R305T,0.519"
X-3158,UTY,7404.0,MutKnownFunctional,"SY303*D,0.542"
X-3158,UTY,7404.0,MutNovel,"S283C,0.353"
X-3158,UTY,7404.0,MutNovel,"Q282A,0.353"
X-3158,UTY,7404.0,MutNovel,"SG280LC,0.368"
X-3158,UTY,7404.0,MutNovel,"N279R,0.300"
X-3158,UTY,7404.0,MutNovel,"DP277EA,0.350"
X-3158,UTY,7404.0,MutKnownFunctional,"A276*,0.400"
X-3158,UTY,7404.0,MutKnownFunctional,"EA275A*,0.400"
X-3158,UTY,7404.0,MutNovel,"LE274RQ,0.421"
X-3158,UTY,7404.0,MutNovel,"S273R,0.389"
X-3158,UTY,7404.0,MutNovel,"QK271HE,0.368"
X-3158,UTY,7404.0,MutKnownFunctional,"YL269*A,0.318"
X-3158,UTY,7404.0,MutNovel,"Y269I,0.333"
X-3158,UTY,7404.0,MutNovel,"I267T,0.381"
X-3158,UTY,7404.0,MutNovel,"KE262SS,0.318"
X-3158,UTY,7404.0,MutNovel,"K262E,0.292"
X-3158,UTY,7404.0,MutNovel,"N252T,0.207"
X-3158,UTY,7404.0,MutNovel,"Y116H,0.348"
X-3158,VMAC,400673.0,MutNovel,"G141S,0.718"
X-3158,ZDHHC11,79844.0,MutNovel,"A303D,0.793"
X-3158,ZIC1,7545.0,MutNovel,"E279G,0.333"
X-3158,ZIC1,7545.0,MutNovel,"K281R,0.250"
X-3158,ZNF384,171017.0,MutNovel,"QQ514Q,0.336"
X-3158,ZNF395,55893.0,MutNovel,"V443A,1.000"
X-3158,ZNF414,84330.0,MutNovel,"PAA355-,0.636"
X-3158,ZNF419,79744.0,MutNovel,"E317K,0.734"
X-3158,ZNF451,26036.0,MutNovel,"V163D,1.000"
X-3158,ZNF549,256051.0,MutNovel,"G616S,1.000"
X-3158,ZNF582,147948.0,MutNovel,"K314E,0.286"
X-3158,ZNF705D,728957.0,Del0.8,0.77
X-3158,ZNF75D,7626.0,MutNovel,"K193E,1.000"
X-3158,ZNF799,90576.0,MutKnownFunctional,"K394*,0.360"
X-3158,ZNF850,342892.0,MutNovel,"E1062K,0.400"
X-3189,ABCB1,5243.0,Del0.8,0.61
X-3189,ABCB4,5244.0,Del0.8,0.61
X-3189,ABHD11,83451.0,Del0.8,0.66
X-3189,ABHD11-AS1,171022.0,Del0.8,0.66
X-3189,ACACA,31.0,MutNovel,"A273T,0.226"
X-3189,ADAM22,53616.0,Del0.8,0.61
X-3189,AGGF1,55109.0,MutNovel,"D608V,0.493"
X-3189,ALDH16A1,126133.0,MutNovel,"R256C,0.304"
X-3189,AMELY,266.0,Del0.8,0.28
X-3189,ANKRD36,375248.0,MutNovel,"T998S,0.375"
X-3189,ANXA11,311.0,MutNovel,"K282N,0.580"
X-3189,AP3D1,8943.0,MutNovel,"D464N,0.427"
X-3189,ARHGAP23,57636.0,MutNovel,"R115H,0.385"
X-3189,ARHGEF35,445328.0,Amp5,6.5
X-3189,ARHGEF5,7984.0,Amp5,5.06
X-3189,ASL,435.0,Del0.8,0.65
X-3189,ATP11A,23250.0,MutNovel,"R798H,0.250"
X-3189,ATP13A2,23400.0,MutNovel,"R1144H,0.720"
X-3189,AUTS2,26053.0,Del0.8,0.65
X-3189,BAZ1B,9031.0,Del0.8,0.66
X-3189,BCL7B,9275.0,Del0.8,0.66
X-3189,BCORP1,286554.0,Del0.8,0.2
X-3189,BMS1,9790.0,MutNovel,"R925H,0.569"
X-3189,BPY2B,442867.0,Del0.8,0.2
X-3189,BPY2B,442867.0,Del0.8,0.2
X-3189,BRCA1,672.0,MutNovel,"H239Q,0.714"
X-3189,C17orf97,400566.0,MutNovel,"E230K,0.300"
X-3189,C1QTNF9B,387911.0,MutNovel,"M301V,0.429"
X-3189,C2CD3,26005.0,MutNovel,"V1554F,0.333"
X-3189,C7orf23,79161.0,Del0.8,0.61
X-3189,C7orf62,219557.0,Del0.8,0.61
X-3189,C9orf142,286257.0,MutNovel,"L87M,0.345"
X-3189,C9orf53,51198.0,Del0.8,0.24
X-3189,CACNA2D1,781.0,Del0.8,0.67
X-3189,CALM2,805.0,MutNovel,"R91C,0.659"
X-3189,CALN1,83698.0,Del0.8,0.66
X-3189,CCDC146,57639.0,Del0.8,0.73
X-3189,CCL24,6369.0,Del0.8,0.66
X-3189,CCL26,10344.0,Del0.8,0.66
X-3189,CCNE1,898.0,MutNovel,"V352I,0.571"
X-3189,CCT6P1,643253.0,Del0.8,0.65
X-3189,CCT6P3,643180.0,Del0.8,0.65
X-3189,CD36,948.0,Del0.8,0.67
X-3189,CDKN2A,1029.0,Del0.8,0.24
X-3189,CDKN2B,1030.0,Del0.8,0.33
X-3189,CDY1B,253175.0,Del0.8,0.2
X-3189,CDY1B,253175.0,Del0.8,0.2
X-3189,CDY2A,9426.0,Del0.8,0.2
X-3189,CDY2A,9426.0,Del0.8,0.28
X-3189,CDY2B,203611.0,Del0.8,0.28
X-3189,CDY2B,203611.0,Del0.8,0.2
X-3189,CEP85L,387119.0,MutNovel,"L283V,1.000"
X-3189,CHTF18,63922.0,MutNovel,"P266L,0.694"
X-3189,CLDN3,1365.0,Del0.8,0.66
X-3189,CLDN4,1364.0,Del0.8,0.66
X-3189,CLIP2,7461.0,Del0.8,0.66
X-3189,CNPPD1,27013.0,MutKnownFunctional,"-376,0.496"
X-3189,CPSF1,29894.0,MutNovel,"R91W,0.657"
X-3189,CRCP,27297.0,Del0.8,0.65
X-3189,CRIPAK,285464.0,MutNovel,"D163N,0.267"
X-3189,CROT,54677.0,Del0.8,0.61
X-3189,CSPG4P1Y,114758.0,Del0.8,0.2
X-3189,CSPG4P1Y,114758.0,Del0.8,0.2
X-3189,CTAGE4,100128553.0,Amp5,6.5
X-3189,CTAGE4,100128553.0,Amp5,6.5
X-3189,CTSA,5476.0,MutNovel,"L29-,0.906"
X-3189,CUTA,51596.0,MutKnownFunctional,"-188,0.410"
X-3189,DAPK3,1613.0,MutNovel,"G213S,0.559"
X-3189,DAZ1,1617.0,Del0.8,0.2
X-3189,DAZ2,57055.0,Del0.8,0.2
X-3189,DAZ3,57054.0,Del0.8,0.2
X-3189,DAZ3,57054.0,Del0.8,0.2
X-3189,DAZ4,57135.0,Del0.8,0.2
X-3189,DAZ4,57135.0,Del0.8,0.2
X-3189,DBF4,10926.0,Del0.8,0.61
X-3189,DDB1,1642.0,MutNovel,"V479A,0.211"
X-3189,DDX3Y,8653.0,Del0.8,0.28
X-3189,DGKI,9162.0,MutNovel,"R404Q,1.000"
X-3189,DLG5,9231.0,MutNovel,"T718M,0.500"
X-3189,DMTF1,9988.0,Del0.8,0.61
X-3189,DNAJC30,84277.0,Del0.8,0.66
X-3189,DPY19L2P4,442523.0,Del0.8,0.61
X-3189,DTX2,113878.0,Del0.8,0.66
X-3189,EIF1AY,9086.0,Del0.8,0.2
X-3189,EIF4G1,1981.0,MutNovel,"A1591T,0.389"
X-3189,EIF4H,7458.0,Del0.8,0.66
X-3189,ELN,2006.0,Del0.8,0.66
X-3189,ERV3-1,2086.0,Del0.8,0.65
X-3189,FAM197Y2P,252946.0,Del0.8,0.28
X-3189,FAM41AY1,340618.0,Del0.8,0.28
X-3189,FAM41AY1,340618.0,Del0.8,0.2
X-3189,FDPSL2A,619190.0,Del0.8,0.66
X-3189,FGL2,10875.0,Del0.8,0.62
X-3189,FKBP6,8468.0,Del0.8,0.66
X-3189,FZD9,8326.0,Del0.8,0.66
X-3189,GATSL1,389523.0,Del0.8,0.66
X-3189,GATSL2,729438.0,Del0.8,0.66
X-3189,GNAI1,2770.0,Del0.8,0.64
X-3189,GNAT3,346562.0,Del0.8,0.67
X-3189,GOLGA2P2Y,84559.0,Del0.8,0.2
X-3189,GOLGA2P2Y,84559.0,Del0.8,0.2
X-3189,GPRIN1,114787.0,MutNovel,"G834S,1.000"
X-3189,GPS1,2873.0,MutNovel,"C19G,0.774"
X-3189,GRIK2,2898.0,Del0.8,0.57
X-3189,GRM3,2913.0,Del0.8,0.63
X-3189,GSTM1,2944.0,Del0.8,0.74
X-3189,GTF2I,2969.0,Del0.8,0.66
X-3189,GTF2IP1,2970.0,Del0.8,0.66
X-3189,GTF2IP1,2970.0,Del0.8,0.66
X-3189,GTF2IRD1,9569.0,Del0.8,0.66
X-3189,GTF2IRD2,84163.0,Del0.8,0.66
X-3189,GTF2IRD2B,389524.0,Del0.8,0.66
X-3189,GTF2IRD2P1,401375.0,Del0.8,0.66
X-3189,GTPBP4,23560.0,MutNovel,"R384C,0.522"
X-3189,GUSB,2990.0,Del0.8,0.65
X-3189,GYG2P1,352887.0,Del0.8,0.28
X-3189,HGF,3082.0,Del0.8,0.67
X-3189,HIP1,3092.0,Del0.8,0.66
X-3189,HIVEP2,3097.0,MutNovel,"H363R,0.706"
X-3189,HLA-DRB1,3123.0,Amp5,7.41
X-3189,HLA-DRB5,3127.0,Amp5,7.41
X-3189,HLA-DRB6,3128.0,Amp5,7.41
X-3189,HLA-G,3135.0,MutNovel,"A34I,0.750"
X-3189,HLA-G,3135.0,MutNovel,"M49V,1.000"
X-3189,HSFY2,159119.0,Del0.8,0.2
X-3189,HSFY2,159119.0,Del0.8,0.2
X-3189,HSPA1A,3303.0,MutNovel,"I427D,0.500"
X-3189,HSPB1,3315.0,Del0.8,0.66
X-3189,ILF3,3609.0,MutNovel,"I431M,0.485"
X-3189,INTS4L2,644619.0,Del0.8,0.65
X-3189,IST1,9798.0,MutNovel,"MP236-,0.422"
X-3189,ITGB5,3693.0,MutNovel,"E643K,0.389"
X-3189,KCTD7,154881.0,Del0.8,0.65
X-3189,KDM5D,8284.0,Del0.8,0.2
X-3189,KIAA0232,9778.0,MutNovel,"W918C,0.259"
X-3189,KIAA1324L,222223.0,Del0.8,0.63
X-3189,KLF4,9314.0,MutNovel,"S254A,0.333"
X-3189,LAMA1,284217.0,MutNovel,"L515F,1.000"
X-3189,LARGE,9215.0,MutNovel,"S58N,0.333"
X-3189,LAT2,7462.0,Del0.8,0.66
X-3189,LCE3C,353144.0,Del0.8,0.55
X-3189,LIMK1,3984.0,Del0.8,0.66
X-3189,LINC00174,285908.0,Del0.8,0.65
X-3189,LOC100093631,100093631.0,Del0.8,0.66
X-3189,LOC100093631,100093631.0,Del0.8,0.66
X-3189,LOC100287704,100287704.0,Del0.8,0.71
X-3189,LOC100287834,100287834.0,Del0.8,0.71
X-3189,LOC100287834,100287834.0,Del0.8,0.71
X-3189,LOC100506050,100506050.0,Del0.8,0.65
X-3189,LOC100996287,,MutNovel,"C136R,0.292"
X-3189,LOC100996287,,MutNovel,"P170Q,0.314"
X-3189,LOC100996301,,MutNovel,"A200P,1.000"
X-3189,LOC441242,441242.0,Del0.8,0.65
X-3189,LOC493754,493754.0,Del0.8,0.65
X-3189,LOC541473,541473.0,Del0.8,0.66
X-3189,LOC641746,641746.0,Del0.8,0.65
X-3189,LOC643955,643955.0,Del0.8,0.71
X-3189,LOC649395,649395.0,Del0.8,0.65
X-3189,LOC653125,,MutNovel,"Q95R,1.000"
X-3189,LOC728377,728377.0,Amp5,6.5
X-3189,LOC728888,,MutNovel,"Q1047R,1.000"
X-3189,LSR,51599.0,MutNovel,"G518GR,0.800"
X-3189,MAEA,10296.0,MutNovel,"A116V,0.370"
X-3189,MAGI2,9863.0,Del0.8,0.75
X-3189,MAGI2-AS3,100505881.0,Del0.8,0.64
X-3189,MALSU1,,MutNovel,"V142I,0.704"
X-3189,MAP3K10,4294.0,MutNovel,"A658T,1.000"
X-3189,MARCKS,4082.0,MutNovel,"A203V,0.393"
X-3189,MDH2,4191.0,Del0.8,0.66
X-3189,METTL12,751071.0,MutNovel,"A2T,0.700"
X-3189,MIR3914-1,100500836.0,Del0.8,0.66
X-3189,MIR3914-2,100500920.0,Del0.8,0.66
X-3189,MIR4284,100422948.0,Del0.8,0.66
X-3189,MIR4650-1,100616310.0,Del0.8,0.65
X-3189,MIR4650-1,100616310.0,Del0.8,0.66
X-3189,MIR4651,100616270.0,Del0.8,0.66
X-3189,MIR548M,100313772.0,Del0.8,0.64
X-3189,MIR590,693175.0,Del0.8,0.66
X-3189,MIS18BP1,55320.0,MutNovel,"DLS578A,0.636"
X-3189,MLL,4297.0,MutNovel,"S3009I,0.571"
X-3189,MLL3,58508.0,MutNovel,"R4845M,0.375"
X-3189,MLXIPL,51085.0,Del0.8,0.66
X-3189,MMP17,4326.0,MutKnownFunctional,"Q514*,0.250"
X-3189,MPRIP,23164.0,MutNovel,"TS178T,0.624"
X-3189,MRGPRX1,259249.0,Del0.8,0.76
X-3189,MT1B,4490.0,MutNovel,"G47A,1.000"
X-3189,MT1G,4495.0,MutNovel,"I49V,0.400"
X-3189,MT1G,4495.0,MutNovel,"K20M,0.800"
X-3189,MT1G,4495.0,MutNovel,"S17G,1.000"
X-3189,MT1H,4496.0,MutNovel,"K23E,1.000"
X-3189,MT4,84560.0,MutNovel,"R47Q,1.000"
X-3189,MT4,84560.0,MutNovel,"G54R,1.000"
X-3189,MTAP,4507.0,Del0.8,0.35
X-3189,MTBP,27085.0,MutKnownFunctional,"K900*,0.304"
X-3189,NAV2,89797.0,MutNovel,"R1955Q,0.649"
X-3189,NBPF1,55672.0,MutNovel,"EV1054DI,0.818"
X-3189,NBPF1,55672.0,MutNovel,"R385W,0.300"
X-3189,NBPF12,,MutNovel,"A194T,0.750"
X-3189,NBPF9,400818.0,MutNovel,"R97G,0.429"
X-3189,NCAPD2,9918.0,MutNovel,"S378A,0.508"
X-3189,NCF1,653361.0,Del0.8,0.66
X-3189,NCF1B,654816.0,Del0.8,0.66
X-3189,NCF1C,654817.0,Del0.8,0.66
X-3189,NCOA3,8202.0,MutNovel,"Q1255-,0.207"
X-3189,NCOR2,9612.0,MutNovel,"G1839GAAA,0.441"
X-3189,NCRNA00185,55410.0,Del0.8,0.2
X-3189,NLGN4Y,22829.0,Del0.8,0.28
X-3189,NR1H2,7376.0,MutNovel,"-173Q,0.467"
X-3189,NSUN5,55695.0,Del0.8,0.66
X-3189,NSUN5P1,155400.0,Del0.8,0.66
X-3189,NSUN5P2,260294.0,Del0.8,0.66
X-3189,NUDT11,55190.0,MutKnownFunctional,"-1,0.556"
X-3189,OR2A42,402317.0,Amp5,6.5
X-3189,OR2A42,402317.0,Amp5,6.5
X-3189,OR2A7,401427.0,Amp5,6.5
X-3189,OR2A9P,441295.0,Amp5,6.5
X-3189,OR2A9P,441295.0,Amp5,6.5
X-3189,ORAI1,84876.0,MutNovel,"PP43-,1.000"
X-3189,PAFAH1B2,5049.0,MutNovel,"P165L,0.767"
X-3189,PCDH11Y,83259.0,Del0.8,0.28
X-3189,PCDHGA11,56105.0,MutNovel,"G225D,0.962"
X-3189,PCLO,27445.0,Del0.8,0.67
X-3189,PHF20L1,51105.0,MutNovel,"D645N,0.286"
X-3189,PHLDA1,22822.0,MutNovel,"QQ194Q,0.683"
X-3189,PHLPP1,23239.0,MutNovel,"S323P,1.000"
X-3189,PHTF2,57157.0,Del0.8,0.62
X-3189,PIEZO1,9780.0,MutNovel,"D757GN,0.214"
X-3189,PIGT,51604.0,MutKnownFunctional,"-575?,0.379"
X-3189,PION,54103.0,Del0.8,0.62
X-3189,PMS2L2,5380.0,Del0.8,0.66
X-3189,PMS2L2,5380.0,Del0.8,0.66
X-3189,PMS2P3,5387.0,Del0.8,0.66
X-3189,PMS2P4,5382.0,Del0.8,0.65
X-3189,PMS2P5,5383.0,Del0.8,0.66
X-3189,POLR1A,25885.0,MutNovel,"R1249W,0.462"
X-3189,POM121,9883.0,Del0.8,0.66
X-3189,POM121C,100101267.0,Del0.8,0.66
X-3189,POR,5447.0,Del0.8,0.66
X-3189,POT1,25913.0,MutNovel,"G274V,0.917"
X-3189,PPP2R5B,5526.0,MutNovel,"R131H,0.453"
X-3189,PRIC285,85441.0,MutNovel,"L1911I,0.625"
X-3189,PRKY,5616.0,Del0.8,0.28
X-3189,PROSER1,80209.0,MutNovel,"F845V,0.385"
X-3189,PRPSAP2,5636.0,MutNovel,"I271T,0.370"
X-3189,PRY,9081.0,Del0.8,0.2
X-3189,PRY,9081.0,Del0.8,0.2
X-3189,PRY2,442862.0,Del0.8,0.2
X-3189,PRY2,442862.0,Del0.8,0.2
X-3189,PSMB10,5699.0,MutNovel,"Q18P,0.399"
X-3189,PTPN12,5782.0,Del0.8,0.62
X-3189,RABGEF1,27342.0,MutKnownFunctional,"-327,0.933"
X-3189,RABGEF1,27342.0,Del0.8,0.65
X-3189,RAI14,26064.0,MutNovel,"R465Q,0.281"
X-3189,RARRES3,5920.0,MutNovel,"G138S,1.000"
X-3189,RBM5,10181.0,MutNovel,"G17S,0.203"
X-3189,RBMY1A3P,286557.0,Del0.8,0.28
X-3189,RBMY1B,378948.0,Del0.8,0.2
X-3189,RBMY1B,378948.0,Del0.8,0.2
X-3189,RBMY1E,378950.0,Del0.8,0.2
X-3189,RBMY1E,378950.0,Del0.8,0.2
X-3189,RBMY1F,159163.0,Del0.8,0.2
X-3189,RBMY1F,159163.0,Del0.8,0.2
X-3189,RBMY1J,378951.0,Del0.8,0.2
X-3189,RBMY1J,378951.0,Del0.8,0.2
X-3189,RBMY2EP,159125.0,Del0.8,0.2
X-3189,RBMY2FP,159162.0,Del0.8,0.2
X-3189,RBMY3AP,64593.0,Del0.8,0.28
X-3189,RFC2,5982.0,Del0.8,0.66
X-3189,RHBDD2,57414.0,Del0.8,0.66
X-3189,RHD,6007.0,Del0.8,0.52
X-3189,RIN3,79890.0,MutNovel,"G967-,0.770"
X-3189,RPL13AP17,399670.0,Del0.8,0.62
X-3189,RPL26L1,51121.0,MutNovel,"R126Q,0.542"
X-3189,RPS4Y1,6192.0,Del0.8,0.28
X-3189,RPS4Y2,140032.0,Del0.8,0.2
X-3189,RSBN1L,222194.0,Del0.8,0.62
X-3189,RTL1,388015.0,MutNovel,"T524I,1.000"
X-3189,RTN3,10313.0,MutKnownFunctional,"-1028,0.281"
X-3189,RUNDC3B,154661.0,Del0.8,0.61
X-3189,S100A1,6271.0,MutNovel,"K28I,1.000"
X-3189,SBDS,51119.0,Del0.8,0.65
X-3189,SBDSP1,155370.0,Del0.8,0.66
X-3189,SBNO2,22904.0,MutNovel,"A1362T,0.487"
X-3189,SEMA3A,10371.0,Del0.8,0.63
X-3189,SEMA3C,10512.0,Del0.8,0.67
X-3189,SEMA3D,223117.0,Del0.8,0.63
X-3189,SEMA3E,9723.0,Del0.8,0.8
X-3189,SERINC2,347735.0,MutNovel,"-373Q,0.864"
X-3189,SH3BP4,23677.0,MutNovel,"G621R,0.613"
X-3189,SIGLEC14,100049587.0,Del0.8,0.29
X-3189,SLC15A3,51296.0,MutNovel,"R150H,1.000"
X-3189,SLC25A40,55972.0,Del0.8,0.61
X-3189,SLC38A2,54407.0,MutNovel,"V498A,0.545"
X-3189,SLC38A6,145389.0,MutNovel,"A466S,0.778"
X-3189,SLC44A1,23446.0,MutNovel,"S8F,0.800"
X-3189,SNORA14A,677801.0,Del0.8,0.66
X-3189,SNORA22,677807.0,Del0.8,0.65
X-3189,SPDYE5,442590.0,Del0.8,0.66
X-3189,SPDYE7P,441251.0,Del0.8,0.66
X-3189,SPDYE8P,389517.0,Del0.8,0.66
X-3189,SPDYE8P,389517.0,Del0.8,0.66
X-3189,SPSB3,90864.0,MutNovel,"R354W,0.413"
X-3189,SRCRB4D,136853.0,Del0.8,0.66
X-3189,SREK1IP1,285672.0,MutKnownFunctional,"-91,0.404"
X-3189,SRI,6717.0,Del0.8,0.61
X-3189,SRPX2,27286.0,MutNovel,"R304W,0.266"
X-3189,SRR,63826.0,MutNovel,"T235P,0.482"
X-3189,SRRM3,222183.0,Del0.8,0.66
X-3189,SRY,6736.0,Del0.8,0.28
X-3189,STAG3L1,54441.0,Del0.8,0.66
X-3189,STAG3L2,442582.0,Del0.8,0.66
X-3189,STAG3L3,442578.0,Del0.8,0.66
X-3189,STAG3L4,64940.0,Del0.8,0.65
X-3189,STARD9,57519.0,MutNovel,"I406T,1.000"
X-3189,STAT5B,6777.0,MutNovel,"A478V,0.244"
X-3189,STEAP1,26872.0,Del0.8,0.61
X-3189,STEAP4,79689.0,Del0.8,0.61
X-3189,STK11IP,114790.0,MutNovel,"R436Q,0.465"
X-3189,STX1A,6804.0,Del0.8,0.66
X-3189,STYXL1,51657.0,Del0.8,0.66
X-3189,SYNC,81493.0,MutNovel,"R117Q,0.239"
X-3189,SYNE1,23345.0,MutNovel,"P5292L,0.308"
X-3189,TBC1D23,55773.0,MutKnownFunctional,"-647,0.360"
X-3189,TBL1Y,90665.0,Del0.8,0.28
X-3189,TBL2,26608.0,Del0.8,0.66
X-3189,TBP,6908.0,MutNovel,"-64Q,0.243"
X-3189,TGIF2LY,90655.0,Del0.8,0.28
X-3189,TMEM120A,83862.0,Del0.8,0.66
X-3189,TMEM60,85025.0,Del0.8,0.62
X-3189,TMSB4Y,9087.0,Del0.8,0.28
X-3189,TNIK,23043.0,MutNovel,"R403Q,0.667"
X-3189,TP53,7157.0,MutKnownFunctional,"R273C,0.482"
X-3189,TP53,7157.0,MutNovel,"R267W,0.525"
X-3189,TP53TG1,11257.0,Del0.8,0.61
X-3189,TPST1,8460.0,Del0.8,0.65
X-3189,TRIM50,135892.0,Del0.8,0.66
X-3189,TRIM74,378108.0,Del0.8,0.66
X-3189,TRPM3,80036.0,MutNovel,"R114H,1.000"
X-3189,TSPY1,7258.0,Del0.8,0.28
X-3189,TSPY2,64591.0,Del0.8,0.28
X-3189,TSPY3,728137.0,Del0.8,0.28
X-3189,TSPY4,728395.0,Del0.8,0.28
X-3189,TSPY8,728403.0,Del0.8,0.28
X-3189,TTTY10,246119.0,Del0.8,0.2
X-3189,TTTY11,83866.0,Del0.8,0.28
X-3189,TTTY12,83867.0,Del0.8,0.28
X-3189,TTTY13,83868.0,Del0.8,0.2
X-3189,TTTY14,83869.0,Del0.8,0.2
X-3189,TTTY15,64595.0,Del0.8,0.28
X-3189,TTTY16,252948.0,Del0.8,0.28
X-3189,TTTY17A,252949.0,Del0.8,0.2
X-3189,TTTY17A,252949.0,Del0.8,0.2
X-3189,TTTY18,252950.0,Del0.8,0.28
X-3189,TTTY19,252952.0,Del0.8,0.28
X-3189,TTTY1B,100101116.0,Del0.8,0.28
X-3189,TTTY1B,100101116.0,Del0.8,0.28
X-3189,TTTY2,60439.0,Del0.8,0.28
X-3189,TTTY2,60439.0,Del0.8,0.28
X-3189,TTTY20,252951.0,Del0.8,0.28
X-3189,TTTY21,252953.0,Del0.8,0.28
X-3189,TTTY21,252953.0,Del0.8,0.28
X-3189,TTTY22,252954.0,Del0.8,0.28
X-3189,TTTY23,252955.0,Del0.8,0.28
X-3189,TTTY23,252955.0,Del0.8,0.28
X-3189,TTTY3,114760.0,Del0.8,0.2
X-3189,TTTY3,114760.0,Del0.8,0.2
X-3189,TTTY4,114761.0,Del0.8,0.2
X-3189,TTTY4,114761.0,Del0.8,0.2
X-3189,TTTY5,83863.0,Del0.8,0.2
X-3189,TTTY6,84672.0,Del0.8,0.2
X-3189,TTTY6,84672.0,Del0.8,0.2
X-3189,TTTY7,246122.0,Del0.8,0.28
X-3189,TTTY7,246122.0,Del0.8,0.28
X-3189,TTTY7B,100101120.0,Del0.8,0.28
X-3189,TTTY7B,100101120.0,Del0.8,0.28
X-3189,TTTY8,84673.0,Del0.8,0.28
X-3189,TTTY8,84673.0,Del0.8,0.28
X-3189,TTTY9A,83864.0,Del0.8,0.2
X-3189,TTTY9A,83864.0,Del0.8,0.2
X-3189,TWIST1,7291.0,MutNovel,"S68C,0.455"
X-3189,TXLNG2P,246126.0,Del0.8,0.2
X-3189,TYW1,55253.0,Del0.8,0.65
X-3189,TYW1B,441250.0,Del0.8,0.66
X-3189,UBA2,10054.0,MutNovel,"L361I,0.234"
X-3189,UBE4A,9354.0,MutNovel,"D651N,0.625"
X-3189,UCK1,83549.0,MutNovel,"P136R,0.260"
X-3189,UNC93B1,81622.0,MutNovel,"P575R,1.000"
X-3189,USP9Y,8287.0,Del0.8,0.28
X-3189,UTP11L,51118.0,MutNovel,"V73I,0.627"
X-3189,UTY,7404.0,Del0.8,0.28
X-3189,VCY,9084.0,Del0.8,0.28
X-3189,VCY,9084.0,Del0.8,0.28
X-3189,VKORC1L1,154807.0,Del0.8,0.65
X-3189,VPS37D,155382.0,Del0.8,0.66
X-3189,WBSCR16,81554.0,Del0.8,0.66
X-3189,WBSCR22,114049.0,Del0.8,0.66
X-3189,WBSCR27,155368.0,Del0.8,0.66
X-3189,WBSCR28,135886.0,Del0.8,0.66
X-3189,WDR78,79819.0,MutNovel,"K671E,0.833"
X-3189,XKRY2,353515.0,Del0.8,0.28
X-3189,XKRY2,353515.0,Del0.8,0.2
X-3189,YWHAG,7532.0,Del0.8,0.66
X-3189,ZDHHC14,79683.0,MutNovel,"V232I,0.375"
X-3189,ZDHHC8,29801.0,MutNovel,"R277Q,0.260"
X-3189,ZFY,7544.0,Del0.8,0.28
X-3189,ZNF107,51427.0,Del0.8,0.65
X-3189,ZNF117,51351.0,Del0.8,0.65
X-3189,ZNF138,7697.0,Del0.8,0.65
X-3189,ZNF273,10793.0,Del0.8,0.65
X-3189,ZNF384,171017.0,MutNovel,"QQ514Q,0.286"
X-3189,ZNF517,340385.0,MutKnownFunctional,"-128,0.281"
X-3189,ZNF598,90850.0,MutNovel,"H14P,1.000"
X-3189,ZNF679,168417.0,Del0.8,0.65
X-3189,ZNF680,340252.0,Del0.8,0.65
X-3189,ZNF688,146542.0,MutNovel,"P5R,0.595"
X-3189,ZNF727,442319.0,Del0.8,0.65
X-3189,ZNF735,730291.0,Del0.8,0.65
X-3189,ZNF736,728927.0,Del0.8,0.65
X-3189,ZNF763,284390.0,MutNovel,"V212F,1.000"
X-3189,ZNF804B,219578.0,Del0.8,0.61
X-3189,ZNF814,730051.0,MutNovel,"Y772H,0.273"
X-3189,ZNF814,730051.0,MutNovel,"Y772H,0.273"
X-3189,ZNF92,168374.0,Del0.8,0.65
X-3189,ZP3,7784.0,Del0.8,0.66
X-3419,A1CF,29974.0,Del0.8,0.7
X-3419,AAED1,,MutNovel,"P4L,0.585"
X-3419,ABCF2,10061.0,Del0.8,0.62
X-3419,ABRA,137735.0,Amp5,5.17
X-3419,ACAP3,116983.0,Del0.8,0.79
X-3419,ACTRT2,140625.0,Del0.8,0.79
X-3419,ADAM20,8748.0,Del0.8,0.58
X-3419,ADAMTS13,11093.0,MutNovel,"T205P,0.667"
X-3419,ADAMTS7,11173.0,MutNovel,"M1347T,0.571"
X-3419,ADCY1,107.0,MutNovel,"G778D,1.000"
X-3419,ADCY7,113.0,Del0.8,0.75
X-3419,ADNP2,22850.0,MutNovel,"LPAGQMT449L,0.221"
X-3419,ADORA3,140.0,Del0.8,0.74
X-3419,ADSSL1,122622.0,Del0.8,0.78
X-3419,AFF2,2334.0,Del0.8,0.72
X-3419,AGAP3,116988.0,Del0.8,0.62
X-3419,AGBL3,340351.0,Del0.8,0.76
X-3419,AGK,55750.0,Del0.8,0.59
X-3419,AGRN,375790.0,Del0.8,0.79
X-3419,AHNAK2,113146.0,MutNovel,"G2824R,0.412"
X-3419,AHNAK2,113146.0,MutNovel,"L2326P,0.544"
X-3419,AHNAK2,113146.0,MutNovel,"M2187V,0.368"
X-3419,AHNAK2,113146.0,MutNovel,"V1557L,0.625"
X-3419,AHNAK2,113146.0,MutNovel,"V1552L,0.500"
X-3419,AHNAK2,113146.0,Del0.8,0.78
X-3419,AK4,205.0,Amp5,5.28
X-3419,AKAP17A,8227.0,Del0.8,0.74
X-3419,AKR1CL1,340811.0,Del0.8,0.58
X-3419,AKT1,207.0,Del0.8,0.78
X-3419,ALG14,199857.0,Amp5,5.1
X-3419,ALG6,29929.0,Amp5,6.15
X-3419,AMELY,266.0,Del0.8,0.28
X-3419,AMY1A,276.0,Del0.8,0.44
X-3419,AMY1A,276.0,Del0.8,0.44
X-3419,ANAPC4,29945.0,Del0.8,0.69
X-3419,ANKRD36,375248.0,MutNovel,"A475T,0.500"
X-3419,ANKRD65,441869.0,Del0.8,0.79
X-3419,AP5B1,,MutNovel,"P3S,0.357"
X-3419,AR,367.0,Del0.8,0.72
X-3419,ARAP2,116984.0,Del0.8,0.68
X-3419,ARHGAP23,57636.0,MutNovel,"L1374V,1.000"
X-3419,ARHGEF16,27237.0,Del0.8,0.79
X-3419,ARID1B,57492.0,MutNovel,"AAA42-,0.529"
X-3419,ARID1B,57492.0,MutNovel,"S139I,0.538"
X-3419,ARL11,115761.0,Del0.8,0.27
X-3419,ARL2BP,23568.0,Del0.8,0.71
X-3419,ARL4A,10124.0,MutNovel,"L150F,0.684"
X-3419,ARMC8,25852.0,MutNovel,"P164L,0.502"
X-3419,ASAH2,56624.0,Del0.8,0.4
X-3419,ASB10,136371.0,Del0.8,0.62
X-3419,ASMT,438.0,Del0.8,0.74
X-3419,ASMTL,8623.0,Del0.8,0.74
X-3419,ASMTL-AS1,80161.0,Del0.8,0.74
X-3419,ASTN2,23245.0,MutNovel,"V1086I,0.269"
X-3419,ATAD3A,55210.0,Del0.8,0.79
X-3419,ATAD3B,83858.0,MutNovel,"R244W,0.363"
X-3419,ATAD3B,83858.0,MutNovel,"P311S,0.406"
X-3419,ATAD3B,83858.0,MutNovel,"V314A,0.308"
X-3419,ATAD3B,83858.0,Del0.8,0.79
X-3419,ATAD3C,219293.0,MutNovel,"Y98F,1.000"
X-3419,ATAD3C,219293.0,MutNovel,"P136S,1.000"
X-3419,ATAD3C,219293.0,MutNovel,"V139A,1.000"
X-3419,ATAD3C,219293.0,Del0.8,0.79
X-3419,ATP6V0E2,155066.0,Del0.8,0.78
X-3419,ATP6V1A,523.0,Amp5,5.28
X-3419,ATP6V1G3,127124.0,Del0.8,0.39
X-3419,ATPAF1,64756.0,MutNovel,"E2K,0.619"
X-3419,ATRX,546.0,MutKnownFunctional,"-2261,0.912"
X-3419,ATXN7L3B,552889.0,Amp5,6.96
X-3419,AURKAIP1,54998.0,Del0.8,0.79
X-3419,AZI2,64343.0,Del0.8,0.64
X-3419,B3GALT6,126792.0,Del0.8,0.79
X-3419,B3GNTL1,146712.0,Del0.8,0.68
X-3419,BAIAP2,10458.0,MutNovel,"V287M,1.000"
X-3419,BBX,56987.0,MutNovel,"K540E,0.546"
X-3419,BCL10,8915.0,Amp5,5.46
X-3419,BCORP1,286554.0,Del0.8,0.21
X-3419,BCR,613.0,MutNovel,"D1106N,0.286"
X-3419,BLM,641.0,MutNovel,"A772V,0.652"
X-3419,BMP10,27302.0,Del0.8,0.66
X-3419,BMX,660.0,Del0.8,0.74
X-3419,BOLA2,552900.0,MutNovel,"N95S,0.339"
X-3419,BPY2B,442867.0,Del0.8,0.21
X-3419,BPY2B,442867.0,Del0.8,0.21
X-3419,BRAF,673.0,Del0.8,0.65
X-3419,BRD7,29117.0,Del0.8,0.75
X-3419,BRDT,676.0,Amp5,5.06
X-3419,BRF1,2972.0,Del0.8,0.78
X-3419,BTBD19,149478.0,MutNovel,"V8M,0.281"
X-3419,BTBD6,90135.0,Del0.8,0.78
X-3419,BTBD8,284697.0,Amp5,5.06
X-3419,BZRAP1,9256.0,MutNovel,"R1705Q,0.205"
X-3419,C10orf113,387638.0,Del0.8,0.77
X-3419,C11orf95,65998.0,MutNovel,"P493S,0.500"
X-3419,C14orf105,55195.0,Del0.8,0.7
X-3419,C14orf180,400258.0,Del0.8,0.78
X-3419,C14orf79,122616.0,Del0.8,0.78
X-3419,C14orf80,283643.0,Del0.8,0.78
X-3419,C15orf54,400360.0,Del0.8,0.38
X-3419,C16orf78,123970.0,Del0.8,0.61
X-3419,C18orf26,284254.0,Del0.8,0.37
X-3419,C1orf140,400804.0,Del0.8,0.54
X-3419,C1orf146,388649.0,Amp5,5.06
X-3419,C1orf159,54991.0,Del0.8,0.79
X-3419,C1orf170,84808.0,Del0.8,0.79
X-3419,C1orf52,148423.0,Amp5,5.46
X-3419,C1orf86,199990.0,Del0.8,0.79
X-3419,C21orf56,84221.0,Del0.8,0.62
X-3419,C21orf58,54058.0,Del0.8,0.62
X-3419,C3orf17,25871.0,MutKnownFunctional,"-454,0.475"
X-3419,C7orf13,129790.0,Del0.8,0.72
X-3419,C7orf62,219557.0,Del0.8,0.31
X-3419,C9orf142,286257.0,MutNovel,"G14D,0.516"
X-3419,C9orf172,389813.0,MutNovel,"A123T,1.000"
X-3419,CA1,759.0,Del0.8,0.68
X-3419,CAB39L,81617.0,Del0.8,0.27
X-3419,CADM1,23705.0,Del0.8,0.69
X-3419,CALCR,799.0,Del0.8,0.76
X-3419,CALML6,163688.0,Del0.8,0.79
X-3419,CAPNS2,84290.0,Del0.8,0.54
X-3419,CARD16,114769.0,Del0.8,0.67
X-3419,CARD17,440068.0,Del0.8,0.78
X-3419,CARD18,59082.0,Del0.8,0.72
X-3419,CASC2,255082.0,Del0.8,0.69
X-3419,CASP12,100506742.0,Del0.8,0.51
X-3419,CAST,831.0,MutNovel,"E491Q,0.511"
X-3419,CBLN1,869.0,Del0.8,0.61
X-3419,CBWD3,445571.0,Del0.8,0.65
X-3419,CBWD3,445571.0,Del0.8,0.65
X-3419,CBWD5,220869.0,Del0.8,0.65
X-3419,CCBL2,56267.0,Amp5,5.62
X-3419,CCDC107,203260.0,MutKnownFunctional,"-222,0.415"
X-3419,CCDC169,728591.0,Del0.8,0.59
X-3419,CCDC169-SOHLH2,100526761.0,Del0.8,0.7
X-3419,CCDC18,343099.0,Amp5,5.06
X-3419,CCDC27,148870.0,Del0.8,0.79
X-3419,CCDC61,729440.0,MutNovel,"E319D,1.000"
X-3419,CCDC70,83446.0,Del0.8,0.34
X-3419,CCL8,6355.0,Del0.8,0.75
X-3419,CCNL2,81669.0,Del0.8,0.79
X-3419,CCNT2,905.0,MutNovel,"D688N,1.000"
X-3419,CCR8,1237.0,Del0.8,0.74
X-3419,CD48,962.0,Del0.8,0.68
X-3419,CD53,963.0,Del0.8,0.54
X-3419,CD99,4267.0,Del0.8,0.74
X-3419,CD99L2,83692.0,MutNovel,"E268K,0.993"
X-3419,CD99P1,401577.0,Del0.8,0.74
X-3419,CDADC1,81602.0,Del0.8,0.27
X-3419,CDC123,8872.0,Del0.8,0.73
X-3419,CDC40,51362.0,Del0.8,0.76
X-3419,CDC7,8317.0,Amp5,5.74
X-3419,CDCA4,55038.0,Del0.8,0.78
X-3419,CDK11A,728642.0,Del0.8,0.79
X-3419,CDK11B,984.0,Del0.8,0.79
X-3419,CDY1B,253175.0,Del0.8,0.21
X-3419,CDY1B,253175.0,Del0.8,0.21
X-3419,CDY2A,9426.0,Del0.8,0.28
X-3419,CDY2A,9426.0,Del0.8,0.21
X-3419,CDY2B,203611.0,Del0.8,0.21
X-3419,CDY2B,203611.0,Del0.8,0.28
X-3419,CEP104,9731.0,Del0.8,0.79
X-3419,CES1P1,51716.0,Del0.8,0.46
X-3419,CES5A,221223.0,Del0.8,0.66
X-3419,CETP,1071.0,Del0.8,0.71
X-3419,CFHR1,3078.0,Amp5,5.03
X-3419,CFHR3,10878.0,MutNovel,"NS108KS,1.000"
X-3419,CFHR3,10878.0,MutNovel,"E111D,1.000"
X-3419,CFHR3,10878.0,Amp5,5.03
X-3419,CHD9,80205.0,MutKnownFunctional,"Q1836*,1.000"
X-3419,CHI3L2,1117.0,Del0.8,0.58
X-3419,CHIC1,53344.0,Del0.8,0.74
X-3419,CHKA,1119.0,MutNovel,"P73L,0.417"
X-3419,CHPF2,54480.0,Del0.8,0.62
X-3419,CHRFAM7A,89832.0,MutNovel,"A34T,1.000"
X-3419,CLASRP,11129.0,MutNovel,"SR521-,0.692"
X-3419,CLDN16,10686.0,Amp5,5.06
X-3419,CLDN17,26285.0,Del0.8,0.7
X-3419,CLEC5A,23601.0,Del0.8,0.27
X-3419,CLNK,116449.0,Del0.8,0.77
X-3419,CLVS2,134829.0,Del0.8,0.75
X-3419,CNN3,1266.0,Amp5,5.1
X-3419,CNPY1,285888.0,Del0.8,0.73
X-3419,CNTNAP5,129684.0,Del0.8,0.76
X-3419,COG1,9382.0,MutNovel,"Y682H,0.995"
X-3419,COL11A1,1301.0,Del0.8,0.75
X-3419,COL4A6,1288.0,Del0.8,0.75
X-3419,COL6A1,1291.0,Del0.8,0.62
X-3419,COL6A2,1292.0,Del0.8,0.62
X-3419,COMMD8,54951.0,Amp5,6.19
X-3419,CPLX1,10815.0,Del0.8,0.72
X-3419,CPNE2,221184.0,Del0.8,0.71
X-3419,CPSF3L,54973.0,Del0.8,0.79
X-3419,CR2,1380.0,Del0.8,0.73
X-3419,CRB1,23418.0,Del0.8,0.68
X-3419,CREB3L4,148327.0,MutNovel,"Q232-,0.284"
X-3419,CRIP1,1396.0,Del0.8,0.78
X-3419,CRIP2,1397.0,Del0.8,0.78
X-3419,CRIPAK,285464.0,Del0.8,0.56
X-3419,CRLF2,64109.0,Del0.8,0.74
X-3419,CROCC,9696.0,MutNovel,"E785K,0.271"
X-3419,CROCC,9696.0,MutNovel,"R1049H,0.568"
X-3419,CRYBG3,,MutNovel,"F18L,0.345"
X-3419,CRYGN,155051.0,Del0.8,0.62
X-3419,CSF2RA,1438.0,Del0.8,0.74
X-3419,CSPG4P1Y,114758.0,Del0.8,0.21
X-3419,CSPG4P1Y,114758.0,Del0.8,0.21
X-3419,CTAGE10P,220429.0,Del0.8,0.27
X-3419,CTBP1,1487.0,Del0.8,0.56
X-3419,CTSA,5476.0,MutNovel,"L29-,0.922"
X-3419,CXADRP2,646243.0,Amp5,5.13
X-3419,CXorf22,170063.0,Amp5,5.21
X-3419,CXorf28,100129464.0,Del0.8,0.34
X-3419,CYCS,54205.0,MutKnownFunctional,"-101?,0.249"
X-3419,CYLD,1540.0,Del0.8,0.6
X-3419,CYP2C18,1562.0,Del0.8,0.65
X-3419,CYP2C9,1559.0,Del0.8,0.58
X-3419,CYP3A4,1576.0,Del0.8,0.41
X-3419,CYP3A7,1551.0,Del0.8,0.36
X-3419,CYP4Z2P,163720.0,Del0.8,0.67
X-3419,CYR61,3491.0,Amp5,5.9
X-3419,CYSLTR2,57105.0,Del0.8,0.27
X-3419,DACH1,1602.0,Del0.8,0.72
X-3419,DAZ1,1617.0,Del0.8,0.21
X-3419,DAZ2,57055.0,Del0.8,0.21
X-3419,DAZ3,57054.0,Del0.8,0.21
X-3419,DAZ3,57054.0,Del0.8,0.21
X-3419,DAZ4,57135.0,Del0.8,0.21
X-3419,DAZ4,57135.0,Del0.8,0.21
X-3419,DCAF4L2,138009.0,Amp5,6.87
X-3419,DCX,1641.0,Del0.8,0.63
X-3419,DDX39B,7919.0,MutNovel,"P68S,0.661"
X-3419,DDX3Y,8653.0,Del0.8,0.28
X-3419,DEFB113,245927.0,Del0.8,0.5
X-3419,DEFB114,245928.0,Del0.8,0.5
X-3419,DEFB116,245930.0,Del0.8,0.71
X-3419,DEFB128,245939.0,Del0.8,0.39
X-3419,DGKQ,1609.0,Del0.8,0.56
X-3419,DHODH,1723.0,MutKnownFunctional,"-92,0.258"
X-3419,DHRS12,79758.0,Del0.8,0.34
X-3419,DHRSX,207063.0,MutNovel,"P802S,1.000"
X-3419,DHRSX,207063.0,MutNovel,"R577H,1.000"
X-3419,DHRSX,207063.0,Del0.8,0.74
X-3419,DIAPH3,81624.0,Del0.8,0.74
X-3419,DIP2A,23181.0,Del0.8,0.62
X-3419,DIS3L2,129563.0,Del0.8,0.78
X-3419,DLEU1,10301.0,Del0.8,0.25
X-3419,DLEU2,8847.0,Del0.8,0.25
X-3419,DLEU2L,79469.0,Amp5,6.15
X-3419,DLEU7,220107.0,Del0.8,0.34
X-3419,DMBT1,1755.0,MutNovel,"P357S,0.977"
X-3419,DNAH14,127602.0,Del0.8,0.73
X-3419,DNAH5,1767.0,MutNovel,"S988F,0.700"
X-3419,DNAJB6,10049.0,Del0.8,0.72
X-3419,DNAJC19,131118.0,Amp5,5.62
X-3419,DNAJC6,9829.0,Amp5,5.28
X-3419,DNHD1,144132.0,MutNovel,"R4287C,0.341"
X-3419,DNM3OS,100628315.0,Del0.8,0.49
X-3419,DPP6,1804.0,Del0.8,0.55
X-3419,DPP7,29952.0,MutKnownFunctional,"-487?,0.379"
X-3419,DPPA2,151871.0,Amp5,5.03
X-3419,DPPA4,55211.0,Amp5,5.03
X-3419,DR1,1810.0,Amp5,5.06
X-3419,DVL1,1855.0,Del0.8,0.79
X-3419,EBPL,84650.0,Del0.8,0.27
X-3419,ECI1,1632.0,MutNovel,"A55V,0.485"
X-3419,EDNRB,1910.0,Del0.8,0.79
X-3419,EFCAB7,84455.0,Amp5,6.15
X-3419,EIF1AY,9086.0,Del0.8,0.21
X-3419,EIF3IP1,442720.0,Del0.8,0.77
X-3419,EN2,2020.0,Del0.8,0.73
X-3419,ENOX1,55068.0,Del0.8,0.54
X-3419,ENPP4,22875.0,Del0.8,0.8
X-3419,EPHX4,253152.0,Amp5,5.06
X-3419,ESYT2,57488.0,Del0.8,0.72
X-3419,EVI5,7813.0,Amp5,5.06
X-3419,EXTL2,2135.0,Del0.8,0.5
X-3419,EZH2,2146.0,Del0.8,0.78
X-3419,F3,2152.0,Amp5,5.1
X-3419,FAM117A,81558.0,Del0.8,0.8
X-3419,FAM120C,54954.0,MutNovel,"P110RRP,0.746"
X-3419,FAM124A,220108.0,Del0.8,0.27
X-3419,FAM132A,388581.0,Del0.8,0.79
X-3419,FAM153A,285596.0,MutNovel,"V186G,1.000"
X-3419,FAM171B,165215.0,MutNovel,"-50Q,0.579"
X-3419,FAM184A,79632.0,MutKnownFunctional,"-91?,0.263"
X-3419,FAM188A,80013.0,Del0.8,0.7
X-3419,FAM192A,80011.0,Del0.8,0.71
X-3419,FAM197Y2P,252946.0,Del0.8,0.28
X-3419,FAM213B,127281.0,Del0.8,0.79
X-3419,FAM21A,387680.0,MutNovel,"V302M,1.000"
X-3419,FAM21C,253725.0,MutNovel,"S468C,0.667"
X-3419,FAM22A,728118.0,MutNovel,"P560L,1.000"
X-3419,FAM22A,728118.0,MutNovel,"L563Q,1.000"
X-3419,FAM41AY1,340618.0,Del0.8,0.28
X-3419,FAM41AY1,340618.0,Del0.8,0.21
X-3419,FAM41C,284593.0,Del0.8,0.79
X-3419,FAM47A,158724.0,Amp5,5.43
X-3419,FAM47B,170062.0,Amp5,5.58
X-3419,FAM53A,152877.0,Del0.8,0.56
X-3419,FAM63A,55793.0,MutNovel,"V136I,0.306"
X-3419,FAM69A,388650.0,Amp5,5.06
X-3419,FAM74A4,401508.0,Del0.8,0.71
X-3419,FAM75A6,389730.0,Amp5,5.86
X-3419,FASTK,10922.0,Del0.8,0.62
X-3419,FBXO39,162517.0,Del0.8,0.77
X-3419,FDCSP,260436.0,Del0.8,0.78
X-3419,FER1L6,654463.0,MutNovel,"L238S,0.439"
X-3419,FGF13,2258.0,Del0.8,0.8
X-3419,FGFRL1,53834.0,Del0.8,0.56
X-3419,FH,2271.0,MutNovel,"V297M,0.498"
X-3419,FLJ42280,401388.0,Del0.8,0.3
X-3419,FLJ42875,440556.0,Del0.8,0.79
X-3419,FLJ43390,646113.0,Del0.8,0.65
X-3419,FN3K,64122.0,Del0.8,0.68
X-3419,FN3KRP,79672.0,Del0.8,0.68
X-3419,FNBP1L,54874.0,Amp5,5.06
X-3419,FNDC3A,22862.0,Del0.8,0.27
X-3419,FOXD3,27022.0,Amp5,6.15
X-3419,FOXD4L2,100036519.0,Del0.8,0.65
X-3419,FOXD4L3,286380.0,Del0.8,0.65
X-3419,FOXD4L5,653427.0,Del0.8,0.65
X-3419,FOXK2,3607.0,Del0.8,0.68
X-3419,FOXO1,2308.0,Del0.8,0.65
X-3419,FRMPD4,9758.0,Del0.8,0.77
X-3419,FSIP2,401024.0,Del0.8,0.77
X-3419,FTCD,10841.0,Del0.8,0.62
X-3419,FTO,79068.0,Del0.8,0.74
X-3419,FXR1,8087.0,Amp5,5.62
X-3419,G2E3,55632.0,MutNovel,"D659H,0.592"
X-3419,GAA,2548.0,MutNovel,"G453R,1.000"
X-3419,GABRA2,2555.0,Del0.8,0.59
X-3419,GABRA3,2556.0,Del0.8,0.72
X-3419,GABRD,2563.0,Del0.8,0.79
X-3419,GABRG1,2565.0,Del0.8,0.51
X-3419,GADD45A,1647.0,Amp5,7.89
X-3419,GAK,2580.0,Del0.8,0.56
X-3419,GBX1,2636.0,Del0.8,0.62
X-3419,GCNT3,9245.0,MutNovel,"K5E,0.375"
X-3419,GFI1,2672.0,Amp5,5.06
X-3419,GIGYF2,26058.0,MutNovel,"PQ1231P,0.785"
X-3419,GLMN,11146.0,Amp5,5.06
X-3419,GLTPD1,80772.0,Del0.8,0.79
X-3419,GLYAT,10249.0,Del0.8,0.59
X-3419,GNB1,2782.0,Del0.8,0.79
X-3419,GOLGA2P2Y,84559.0,Del0.8,0.21
X-3419,GOLGA2P2Y,84559.0,Del0.8,0.21
X-3419,GOLGA8B,440270.0,MutNovel,"D493N,0.714"
X-3419,GOLGA8B,440270.0,MutNovel,"Q232T,0.667"
X-3419,GOLGA8H,,MutNovel,"M291T,1.000"
X-3419,GPATCH8,23131.0,MutNovel,"EE841E,0.260"
X-3419,GPR126,57211.0,Del0.8,0.75
X-3419,GPR132,29933.0,Del0.8,0.78
X-3419,GPR141,353345.0,Del0.8,0.57
X-3419,GPR174,84636.0,Del0.8,0.26
X-3419,GPR65,8477.0,Del0.8,0.64
X-3419,GPRC6A,222545.0,Del0.8,0.8
X-3419,GPRIN1,114787.0,MutNovel,"L897M,0.516"
X-3419,GRAMD1C,54762.0,Amp5,5.28
X-3419,GRASP,160622.0,MutNovel,"C288W,1.000"
X-3419,GRIN2B,2904.0,Del0.8,0.8
X-3419,GRM3,2913.0,Del0.8,0.7
X-3419,GSTA1,2938.0,Del0.8,0.72
X-3419,GSTT2,2953.0,MutNovel,"T80M,0.312"
X-3419,GTF2B,2959.0,Amp5,5.62
X-3419,GTF2IRD2B,389524.0,MutNovel,"G211S,0.471"
X-3419,GTPBP6,8225.0,Del0.8,0.74
X-3419,GUCY1B2,2974.0,Del0.8,0.29
X-3419,GUCY2F,2986.0,Del0.8,0.78
X-3419,GYG2P1,352887.0,Del0.8,0.28
X-3419,GYPA,2993.0,Del0.8,0.37
X-3419,HAS2,3037.0,Amp5,5.17
X-3419,HAS2-AS1,594842.0,Amp5,5.17
X-3419,HDAC2,3066.0,MutKnownFunctional,"-475,0.328"
X-3419,HEATR3,55027.0,Del0.8,0.75
X-3419,HEPACAM2,253012.0,Del0.8,0.42
X-3419,HEPH,9843.0,Del0.8,0.5
X-3419,HERPUD1,9709.0,Del0.8,0.71
X-3419,HES4,57801.0,Del0.8,0.79
X-3419,HES5,388585.0,Del0.8,0.79
X-3419,HIVEP3,59269.0,MutNovel,"S1853L,0.433"
X-3419,HLA-DPB1,3115.0,MutNovel,"G113V,1.000"
X-3419,HMCN2,,MutNovel,"S1719W,0.250"
X-3419,HMHA1,23526.0,MutNovel,"E1100EDG,0.490"
X-3419,HMMR,3161.0,MutNovel,"K653R,0.318"
X-3419,HOXD1,3231.0,MutNovel,"A67P,1.000"
X-3419,HPVC1,3262.0,Del0.8,0.54
X-3419,HS6ST2,90161.0,Del0.8,0.73
X-3419,HSD11B1,3290.0,Del0.8,0.75
X-3419,HSD3B1,3283.0,Del0.8,0.71
X-3419,HSD3B2,3284.0,Del0.8,0.5
X-3419,HSFY2,159119.0,Del0.8,0.21
X-3419,HSFY2,159119.0,Del0.8,0.21
X-3419,HSP90AB2P,391634.0,Del0.8,0.65
X-3419,HSP90B3P,343477.0,Amp5,5.74
X-3419,HTR2A,3356.0,Del0.8,0.71
X-3419,HTR5A,3361.0,Del0.8,0.73
X-3419,HTR7,3363.0,Del0.8,0.76
X-3419,HUS1,3364.0,MutNovel,"P149L,0.209"
X-3419,HYDIN,54768.0,MutNovel,"R1891H,1.000"
X-3419,IBTK,25998.0,MutNovel,"L1209Q,0.612"
X-3419,IDUA,3425.0,Del0.8,0.56
X-3419,IFNB1,3456.0,Del0.8,0.5
X-3419,IL12RB2,3595.0,Amp5,6.32
X-3419,IL3RA,3563.0,Del0.8,0.74
X-3419,INF2,64423.0,Del0.8,0.78
X-3419,INSIG1,3638.0,Del0.8,0.73
X-3419,INSL4,3641.0,Del0.8,0.43
X-3419,INSL5,10022.0,Amp5,5.1
X-3419,INTS6,26512.0,Del0.8,0.27
X-3419,IRF2BPL,64207.0,MutNovel,"AAAAAAAA157A,0.311"
X-3419,IRX6,79190.0,Del0.8,0.79
X-3419,ISG15,9636.0,Del0.8,0.79
X-3419,ITGB3BP,23421.0,Amp5,6.15
X-3419,JAG2,3714.0,Del0.8,0.78
X-3419,JUN,3725.0,Amp5,6.11
X-3419,KANK4,163782.0,Amp5,5.7
X-3419,KAT5,10524.0,MutNovel,"K263N,0.252"
X-3419,KAZN,23254.0,MutNovel,"P37L,0.522"
X-3419,KC6,641516.0,Del0.8,0.58
X-3419,KCNA3,3738.0,Del0.8,0.38
X-3419,KCND1,3750.0,MutNovel,"F363L,1.000"
X-3419,KCNIP4-IT1,359822.0,Del0.8,0.72
X-3419,KCNJ12,3768.0,MutNovel,"I100V,0.300"
X-3419,KCNJ12,3768.0,MutNovel,"P156L,0.333"
X-3419,KCNJ12,3768.0,MutNovel,"E430G,0.333"
X-3419,KCNRG,283518.0,Del0.8,0.25
X-3419,KCNV1,27012.0,Amp5,5.43
X-3419,KDM5A,5927.0,Del0.8,0.56
X-3419,KDM5D,8284.0,Del0.8,0.21
X-3419,KGFLP1,387628.0,Del0.8,0.71
X-3419,KIAA0284,283638.0,Del0.8,0.78
X-3419,KIAA0564,23078.0,Del0.8,0.71
X-3419,KIAA0825,285600.0,MutNovel,"L1219M,0.833"
X-3419,KIAA0825,285600.0,MutKnownFunctional,"-189?,0.385"
X-3419,KIAA1107,23285.0,Amp5,5.06
X-3419,KIAA1211,57482.0,MutNovel,"PS1053P,0.409"
X-3419,KIAA1217,56243.0,Del0.8,0.79
X-3419,KIAA1324L,222223.0,Del0.8,0.68
X-3419,KIAA1751,85452.0,Del0.8,0.79
X-3419,KIAA2018,205717.0,Amp5,5.28
X-3419,KIF20B,9585.0,MutNovel,"L1062LKV,0.896"
X-3419,KLF12,11278.0,Del0.8,0.66
X-3419,KLF14,136259.0,MutNovel,"H47P,1.000"
X-3419,KLHL1,57626.0,Del0.8,0.71
X-3419,KLHL17,339451.0,Del0.8,0.79
X-3419,KPNA3,3839.0,Del0.8,0.27
X-3419,KPTN,11133.0,MutNovel,"D308Y,0.533"
X-3419,KRBA1,84626.0,Del0.8,0.78
X-3419,KRTAP2-1,81872.0,MutNovel,"A95V,1.000"
X-3419,KRTAP2-2,728279.0,MutNovel,"F10L,0.875"
X-3419,KRTAP21-1,337977.0,Del0.8,0.65
X-3419,KRTAP21-2,337978.0,Del0.8,0.65
X-3419,KRTAP24-1,643803.0,Del0.8,0.45
X-3419,KRTAP25-1,100131902.0,Del0.8,0.45
X-3419,KRTAP4-11,653240.0,Del0.8,0.75
X-3419,KRTAP4-12,83755.0,Del0.8,0.75
X-3419,KRTAP4-9,100132386.0,MutNovel,"D18V,0.750"
X-3419,KRTAP9-1,728318.0,MutNovel,"C162S,0.556"
X-3419,KRTAP9-2,83899.0,MutNovel,"P36S,1.000"
X-3419,KRTAP9-2,83899.0,MutNovel,"V165G,0.571"
X-3419,KRTAP9-2,83899.0,MutNovel,"S166Y,0.429"
X-3419,KRTAP9-8,83901.0,MutNovel,"N124S,1.000"
X-3419,KRTAP9-8,83901.0,MutNovel,"S151Y,0.882"
X-3419,L1TD1,54596.0,Amp5,5.7
X-3419,LAMA5,3911.0,MutNovel,"L2430V,0.456"
X-3419,LCE6A,448835.0,Del0.8,0.31
X-3419,LENG9,94059.0,MutNovel,"R307G,0.467"
X-3419,LEPROT,54741.0,Amp5,5.28
X-3419,LGR6,59352.0,MutNovel,"S542R,0.455"
X-3419,LINC00102,100359394.0,Del0.8,0.74
X-3419,LINC00115,79854.0,Del0.8,0.79
X-3419,LINC00244,64433.0,Del0.8,0.72
X-3419,LINC00282,283521.0,Del0.8,0.34
X-3419,LINC00293,497634.0,Del0.8,0.44
X-3419,LINC00305,221241.0,Del0.8,0.62
X-3419,LINC00326,285735.0,Del0.8,0.7
X-3419,LINC00474,58483.0,Del0.8,0.56
X-3419,LIPN,643418.0,Del0.8,0.46
X-3419,LMBR1,64327.0,Del0.8,0.72
X-3419,LOC100128054,100128054.0,Del0.8,0.63
X-3419,LOC100128264,100128264.0,Del0.8,0.73
X-3419,LOC100129027,100129027.0,Del0.8,0.62
X-3419,LOC100129046,100129046.0,Amp5,5.06
X-3419,LOC100129345,100129345.0,Del0.8,0.68
X-3419,LOC100129534,100129534.0,Del0.8,0.79
X-3419,LOC100129620,100129620.0,Del0.8,0.76
X-3419,LOC100130231,100130231.0,Del0.8,0.49
X-3419,LOC100130417,100130417.0,Del0.8,0.79
X-3419,LOC100130872,100130872.0,Del0.8,0.56
X-3419,LOC100131234,100131234.0,Del0.8,0.52
X-3419,LOC100131564,100131564.0,Amp5,5.06
X-3419,LOC100132247,100132247.0,MutNovel,"Q392P,0.273"
X-3419,LOC100132707,100132707.0,Del0.8,0.73
X-3419,LOC100133050,100133050.0,Amp8,8.4
X-3419,LOC100133331,100133331.0,Del0.8,0.79
X-3419,LOC100133445,100133445.0,Del0.8,0.79
X-3419,LOC100272228,100272228.0,Del0.8,0.73
X-3419,LOC100288069,100288069.0,Del0.8,0.79
X-3419,LOC100289200,,MutNovel,"AAV15A,0.947"
X-3419,LOC100289200,,MutNovel,"I185M,0.286"
X-3419,LOC100499183,100499183.0,Del0.8,0.6
X-3419,LOC100505619,100505619.0,Del0.8,0.29
X-3419,LOC100505776,100505776.0,Del0.8,0.71
X-3419,LOC100505912,100505912.0,Del0.8,0.62
X-3419,LOC100505967,100505967.0,Del0.8,0.37
X-3419,LOC100506310,,MutNovel,"R702K,0.602"
X-3419,LOC100506585,100506585.0,Del0.8,0.72
X-3419,LOC100507203,100507203.0,Del0.8,0.52
X-3419,LOC100507254,100507254.0,Del0.8,0.74
X-3419,LOC100996378,,MutNovel,"D195N,0.500"
X-3419,LOC115110,115110.0,Del0.8,0.79
X-3419,LOC148189,148189.0,Amp5,7.52
X-3419,LOC148413,148413.0,Del0.8,0.79
X-3419,LOC152742,152742.0,Del0.8,0.37
X-3419,LOC153910,153910.0,Del0.8,0.71
X-3419,LOC154822,154822.0,Del0.8,0.72
X-3419,LOC155060,155060.0,Del0.8,0.78
X-3419,LOC202781,202781.0,Del0.8,0.73
X-3419,LOC254099,254099.0,Del0.8,0.79
X-3419,LOC283856,283856.0,Del0.8,0.5
X-3419,LOC284294,284294.0,Del0.8,0.77
X-3419,LOC284688,284688.0,Del0.8,0.52
X-3419,LOC285484,285484.0,Del0.8,0.78
X-3419,LOC285758,285758.0,Del0.8,0.38
X-3419,LOC285889,285889.0,Del0.8,0.72
X-3419,LOC388276,388276.0,Del0.8,0.38
X-3419,LOC401134,401134.0,Del0.8,0.48
X-3419,LOC441009,441009.0,Del0.8,0.75
X-3419,LOC441025,441025.0,Del0.8,0.4
X-3419,LOC442459,442459.0,Del0.8,0.58
X-3419,LOC642441,,MutNovel,"L209S,1.000"
X-3419,LOC642441,,MutNovel,"G178S,1.000"
X-3419,LOC643623,643623.0,Del0.8,0.63
X-3419,LOC643669,643669.0,MutNovel,"R157Q,0.750"
X-3419,LOC643714,643714.0,Del0.8,0.34
X-3419,LOC643837,643837.0,Del0.8,0.79
X-3419,LOC645249,645249.0,Del0.8,0.72
X-3419,LOC645949,645949.0,Del0.8,0.72
X-3419,LOC646214,646214.0,Amp5,5.13
X-3419,LOC646626,646626.0,Amp5,5.46
X-3419,LOC646813,646813.0,Del0.8,0.4
X-3419,LOC650623,650623.0,Del0.8,0.72
X-3419,LOC728606,728606.0,Del0.8,0.64
X-3419,LOC729970,729970.0,Amp5,5.1
X-3419,LOC730183,,MutKnownFunctional,"W77*,0.814"
X-3419,LOC730755,730755.0,MutNovel,"R59C,1.000"
X-3419,LPAL2,80350.0,Del0.8,0.79
X-3419,LPAR6,10161.0,Del0.8,0.27
X-3419,LPCAT2,54947.0,Del0.8,0.46
X-3419,LPPR4,9890.0,Del0.8,0.75
X-3419,LPPR5,163404.0,Del0.8,0.76
X-3419,LRRC47,57470.0,Del0.8,0.79
X-3419,LRRC70,100130733.0,Del0.8,0.66
X-3419,LRRC8E,80131.0,MutNovel,"E181R,0.217"
X-3419,LSM11,134353.0,MutNovel,"R6L,0.882"
X-3419,LSR,51599.0,MutNovel,"G518GR,0.333"
X-3419,LSS,4047.0,Del0.8,0.62
X-3419,MAB21L3,126868.0,Del0.8,0.78
X-3419,MAEA,10296.0,Del0.8,0.56
X-3419,MAFA,389692.0,MutNovel,"HH207H,0.875"
X-3419,MAP1LC3C,440738.0,MutKnownFunctional,"-56,0.392"
X-3419,MAST2,23139.0,MutNovel,"E746K,0.702"
X-3419,MBD4,8930.0,MutNovel,"AFKKWTP434A,0.222"
X-3419,MCF2,4168.0,Del0.8,0.55
X-3419,MCM3AP,8888.0,Del0.8,0.62
X-3419,MCM3AP-AS1,114044.0,Del0.8,0.62
X-3419,MED28,80306.0,MutNovel,"N66S,1.000"
X-3419,MEF2A,4205.0,MutNovel,"QQQP420Q,0.245"
X-3419,MEGF6,1953.0,Del0.8,0.79
X-3419,METRN,79006.0,MutNovel,"R77L,0.545"
X-3419,METRNL,284207.0,Del0.8,0.68
X-3419,MGC23270,196872.0,Del0.8,0.78
X-3419,MIB2,142678.0,Del0.8,0.79
X-3419,MIR100,406892.0,Del0.8,0.3
X-3419,MIR101-1,406893.0,Amp5,5.86
X-3419,MIR105-1,406897.0,Del0.8,0.2
X-3419,MIR105-2,406898.0,Del0.8,0.2
X-3419,MIR1251,100302289.0,Del0.8,0.79
X-3419,MIR1295A,100302178.0,Del0.8,0.54
X-3419,MIR135A2,406926.0,Del0.8,0.53
X-3419,MIR138-2,406930.0,Del0.8,0.71
X-3419,MIR153-2,406945.0,Del0.8,0.72
X-3419,MIR16-1,406950.0,Del0.8,0.25
X-3419,MIR181A1,406995.0,Del0.8,0.26
X-3419,MIR181B1,406955.0,Del0.8,0.26
X-3419,MIR200A,406983.0,Del0.8,0.79
X-3419,MIR200B,406984.0,Del0.8,0.79
X-3419,MIR2113,100302164.0,Del0.8,0.47
X-3419,MIR223,407008.0,Del0.8,0.27
X-3419,MIR302F,100302131.0,Del0.8,0.78
X-3419,MIR3117,100422871.0,Del0.8,0.45
X-3419,MIR3120,100422882.0,Del0.8,0.49
X-3419,MIR3169,100422973.0,Del0.8,0.54
X-3419,MIR3613,100500908.0,Del0.8,0.25
X-3419,MIR3660,100500825.0,Del0.8,0.57
X-3419,MIR3671,100500854.0,Amp5,5.86
X-3419,MIR3690,100500894.0,Del0.8,0.74
X-3419,MIR383,494332.0,Del0.8,0.6
X-3419,MIR3907,100500835.0,Del0.8,0.62
X-3419,MIR3941,100500866.0,Del0.8,0.57
X-3419,MIR3977,100616297.0,Del0.8,0.62
X-3419,MIR3978,100616491.0,Del0.8,0.75
X-3419,MIR4251,100422968.0,Del0.8,0.79
X-3419,MIR4273,100422955.0,Del0.8,0.56
X-3419,MIR429,554210.0,Del0.8,0.79
X-3419,MIR4307,100423019.0,Del0.8,0.53
X-3419,MIR4318,100422857.0,Del0.8,0.46
X-3419,MIR4328,100422932.0,Del0.8,0.64
X-3419,MIR4446,100616476.0,Amp5,5.28
X-3419,MIR4473,100616229.0,Del0.8,0.8
X-3419,MIR4524A,100616316.0,Del0.8,0.44
X-3419,MIR4643,100616174.0,Del0.8,0.4
X-3419,MIR4703,100616423.0,Del0.8,0.27
X-3419,MIR4705,100616239.0,Del0.8,0.61
X-3419,MIR4710,100616300.0,Del0.8,0.78
X-3419,MIR4711,100616409.0,Amp5,5.24
X-3419,MIR4719,100616172.0,Del0.8,0.67
X-3419,MIR4770,100616373.0,Del0.8,0.69
X-3419,MIR4789,100616395.0,Amp5,6.15
X-3419,MIR489,574442.0,Del0.8,0.42
X-3419,MIR504,574507.0,Del0.8,0.37
X-3419,MIR510,574515.0,Del0.8,0.69
X-3419,MIR514A1,574516.0,Del0.8,0.69
X-3419,MIR514A2,574517.0,Del0.8,0.43
X-3419,MIR548AA1,100500863.0,Del0.8,0.53
X-3419,MIR548D1,693130.0,Del0.8,0.53
X-3419,MIR548F2,100313771.0,Del0.8,0.38
X-3419,MIR548F4,100313895.0,Del0.8,0.56
X-3419,MIR551A,693135.0,Del0.8,0.79
X-3419,MIR592,693177.0,Del0.8,0.62
X-3419,MIR595,693180.0,Del0.8,0.72
X-3419,MIR605,693190.0,Del0.8,0.73
X-3419,MIR653,724023.0,Del0.8,0.42
X-3419,MIR671,768213.0,Del0.8,0.62
X-3419,MIR767,768215.0,Del0.8,0.2
X-3419,MLLT6,4302.0,MutNovel,"V967A,0.686"
X-3419,MLNR,2862.0,Del0.8,0.27
X-3419,MMEL1,79258.0,Del0.8,0.79
X-3419,MMP23A,8511.0,Del0.8,0.79
X-3419,MMP23B,8510.0,Del0.8,0.79
X-3419,MMP26,56547.0,Amp5,5.03
X-3419,MMRN1,22915.0,Del0.8,0.4
X-3419,MNX1,3110.0,Del0.8,0.72
X-3419,MORN1,79906.0,Del0.8,0.79
X-3419,MOSPD2,158747.0,Del0.8,0.75
X-3419,MRPL20,55052.0,Del0.8,0.79
X-3419,MTA1,9112.0,Del0.8,0.78
X-3419,MTF2,22823.0,Amp5,5.06
X-3419,MTMR8,55613.0,Del0.8,0.79
X-3419,MTRNR2L7,100288485.0,Del0.8,0.47
X-3419,MUCL1,118430.0,Del0.8,0.42
X-3419,MXRA5,25878.0,MutNovel,"Y1533C,1.000"
X-3419,MXRA8,54587.0,Del0.8,0.79
X-3419,MYH1,4619.0,MutNovel,"L1659I,0.600"
X-3419,MYH6,4624.0,MutNovel,"G1826N,0.231"
X-3419,MYO1D,4642.0,MutNovel,"Q820R,0.675"
X-3419,NAA50,80218.0,Amp5,5.28
X-3419,NADK,65220.0,Del0.8,0.79
X-3419,NARF,26502.0,Del0.8,0.68
X-3419,NBPF1,55672.0,MutNovel,"V255L,0.265"
X-3419,NBPF1,55672.0,MutNovel,"K96E,0.271"
X-3419,NBPF10,100132406.0,MutNovel,"P1272R,0.923"
X-3419,NBPF14,25832.0,MutNovel,"I861V,0.295"
X-3419,NBPF15,284565.0,MutNovel,"R121L,1.000"
X-3419,NBPF15,284565.0,MutNovel,"S312G,0.714"
X-3419,NCAPG2,54892.0,Del0.8,0.72
X-3419,NCOA5,57727.0,MutNovel,"G45V,0.518"
X-3419,NCOR2,9612.0,MutNovel,"G1839GAAA,0.590"
X-3419,NCR3LG1,,MutNovel,"S191F,0.444"
X-3419,NCRNA00185,55410.0,Del0.8,0.21
X-3419,NEB,4703.0,MutNovel,"A4223T,0.667"
X-3419,NEB,4703.0,MutNovel,"K1471T,0.513"
X-3419,NEK7,140609.0,Del0.8,0.62
X-3419,NFX1,4799.0,MutNovel,"S549C,0.411"
X-3419,NIT2,56954.0,Amp5,5.06
X-3419,NKD1,85407.0,Del0.8,0.75
X-3419,NLGN4Y,22829.0,Del0.8,0.28
X-3419,NLRC5,84166.0,Del0.8,0.71
X-3419,NMT2,9397.0,MutNovel,"M189L,0.486"
X-3419,NOC2L,26155.0,Del0.8,0.79
X-3419,NOD2,64127.0,Del0.8,0.75
X-3419,NOM1,64434.0,Del0.8,0.72
X-3419,NOTUM,147111.0,MutNovel,"P36S,1.000"
X-3419,NPIPL3,23117.0,MutNovel,"P845L,0.636"
X-3419,NPIPL3,23117.0,MutNovel,"P787S,0.929"
X-3419,NPIPL3,23117.0,MutNovel,"S713T,1.000"
X-3419,NTNG1,22854.0,Del0.8,0.62
X-3419,NTS,4922.0,Amp5,5.21
X-3419,NUB1,51667.0,Del0.8,0.62
X-3419,NUDT14,256281.0,Del0.8,0.78
X-3419,NUP93,9688.0,Del0.8,0.62
X-3419,NXPH3,11248.0,Del0.8,0.8
X-3419,OASL,8638.0,MutNovel,"H284Q,0.328"
X-3419,OBSCN,84033.0,MutNovel,"A1540S,0.400"
X-3419,ODAM,54959.0,Del0.8,0.41
X-3419,OLFM3,118427.0,Del0.8,0.74
X-3419,OLFML2A,169611.0,MutNovel,"R289Q,0.473"
X-3419,OR10A6,390093.0,Del0.8,0.77
X-3419,OR10J1,26476.0,Del0.8,0.76
X-3419,OR10J3,441911.0,Del0.8,0.68
X-3419,OR10K2,391107.0,Del0.8,0.63
X-3419,OR10Q1,219960.0,Amp5,5.24
X-3419,OR13C2,392376.0,Del0.8,0.55
X-3419,OR13C5,138799.0,Del0.8,0.31
X-3419,OR13G1,441933.0,Del0.8,0.13
X-3419,OR2D2,120776.0,Del0.8,0.75
X-3419,OR2T1,26696.0,Del0.8,0.5
X-3419,OR2T2,401992.0,Del0.8,0.57
X-3419,OR4A16,81327.0,Del0.8,0.52
X-3419,OR4B1,119765.0,Del0.8,0.59
X-3419,OR4C15,81309.0,Del0.8,0.51
X-3419,OR4F15,390649.0,Del0.8,0.78
X-3419,OR4F29,729759.0,Del0.8,0.79
X-3419,OR4L1,122742.0,Del0.8,0.44
X-3419,OR4N5,390437.0,Del0.8,0.44
X-3419,OR4P4,81300.0,Del0.8,0.69
X-3419,OR4Q3,441669.0,Del0.8,0.5
X-3419,OR4S2,219431.0,Del0.8,0.69
X-3419,OR51G1,79324.0,Del0.8,0.53
X-3419,OR51S1,119692.0,Amp5,5.62
X-3419,OR52B2,255725.0,Del0.8,0.75
X-3419,OR52B4,143496.0,Del0.8,0.78
X-3419,OR52E4,390081.0,Del0.8,0.68
X-3419,OR52E6,390078.0,Del0.8,0.68
X-3419,OR52E8,390079.0,Del0.8,0.68
X-3419,OR52N1,79473.0,Del0.8,0.66
X-3419,OR52N4,390072.0,Del0.8,0.66
X-3419,OR52N5,390075.0,Del0.8,0.66
X-3419,OR5AK4P,219525.0,Del0.8,0.33
X-3419,OR5AR1,219493.0,Del0.8,0.54
X-3419,OR5B17,219965.0,Del0.8,0.59
X-3419,OR5B2,390190.0,Del0.8,0.74
X-3419,OR5B3,441608.0,Del0.8,0.74
X-3419,OR5D13,390142.0,Del0.8,0.39
X-3419,OR5D16,390144.0,Del0.8,0.43
X-3419,OR5H1,26341.0,Del0.8,0.64
X-3419,OR5H14,403273.0,Del0.8,0.64
X-3419,OR5I1,10798.0,Del0.8,0.74
X-3419,OR5K4,403278.0,Del0.8,0.68
X-3419,OR5M1,390168.0,Del0.8,0.8
X-3419,OR5M3,219482.0,Del0.8,0.67
X-3419,OR5M9,390162.0,Del0.8,0.67
X-3419,OR6A2,8590.0,Del0.8,0.69
X-3419,OR6C2,341416.0,Del0.8,0.44
X-3419,OR6C76,390326.0,Del0.8,0.44
X-3419,OR6F1,343169.0,Del0.8,0.19
X-3419,OR6K3,391114.0,Del0.8,0.59
X-3419,OR6M1,390261.0,Del0.8,0.53
X-3419,OR6Y1,391112.0,Del0.8,0.62
X-3419,OR8A1,390275.0,Del0.8,0.35
X-3419,OR8B2,26595.0,Del0.8,0.43
X-3419,OR8D1,283159.0,Del0.8,0.46
X-3419,OR8D2,283160.0,Del0.8,0.25
X-3419,OR8D4,338662.0,Del0.8,0.28
X-3419,OR8G1,26494.0,Del0.8,0.46
X-3419,OR8I2,120586.0,Del0.8,0.62
X-3419,OR8J1,219477.0,Del0.8,0.64
X-3419,OR8K1,390157.0,Del0.8,0.64
X-3419,OR9A4,130075.0,Del0.8,0.27
X-3419,OR9I1,219954.0,Del0.8,0.4
X-3419,ORAI1,84876.0,MutNovel,"PP43-,0.884"
X-3419,OTOG,,MutNovel,"R2072H,0.667"
X-3419,OTOG,,MutNovel,"A2271T,0.600"
X-3419,OTOG,,MutNovel,"K2842N,0.580"
X-3419,OTOR,56914.0,Del0.8,0.38
X-3419,OXR1,55074.0,MutNovel,"I614V,0.515"
X-3419,P2RY8,286530.0,MutNovel,"L1526V,1.000"
X-3419,P2RY8,286530.0,MutKnownFunctional,"-1417,0.556"
X-3419,P2RY8,286530.0,MutKnownFunctional,"-1371?,1.000"
X-3419,P2RY8,286530.0,Del0.8,0.74
X-3419,PACS2,23241.0,Del0.8,0.78
X-3419,PALLD,23022.0,MutNovel,"-115P,0.432"
X-3419,PALMD,54873.0,Del0.8,0.37
X-3419,PANK4,55229.0,Del0.8,0.79
X-3419,PAPD5,64282.0,Del0.8,0.75
X-3419,PAR1,145624.0,Del0.8,0.72
X-3419,PAWR,5074.0,Amp5,5.06
X-3419,PAXIP1,22976.0,Del0.8,0.73
X-3419,PCBP3,54039.0,Del0.8,0.62
X-3419,PCDH11Y,83259.0,Del0.8,0.28
X-3419,PCDH17,27253.0,Del0.8,0.75
X-3419,PCDH9,5101.0,Del0.8,0.77
X-3419,PCDHB9,56127.0,MutNovel,"W640S,0.667"
X-3419,PCGEM1,64002.0,Del0.8,0.66
X-3419,PCNT,5116.0,Del0.8,0.62
X-3419,PDE1A,5136.0,Del0.8,0.77
X-3419,PDIA4,9601.0,Del0.8,0.78
X-3419,PEX10,5192.0,Del0.8,0.79
X-3419,PGBD3,267004.0,Del0.8,0.59
X-3419,PGM1,5236.0,Amp5,6.15
X-3419,PHF11,51131.0,Del0.8,0.27
X-3419,PHF15,23338.0,MutNovel,"K605KP,0.560"
X-3419,PHKB,5257.0,Del0.8,0.73
X-3419,PHLDA1,22822.0,MutNovel,"QQ194Q,0.515"
X-3419,PIEZO1,9780.0,MutNovel,"ED756D,0.240"
X-3419,PKN2,5586.0,Amp5,5.62
X-3419,PLCH2,9651.0,Del0.8,0.79
X-3419,PLCL1,5334.0,Del0.8,0.7
X-3419,PLCXD1,55344.0,Del0.8,0.74
X-3419,PLD4,122618.0,Del0.8,0.78
X-3419,PLEKHF1,79156.0,MutNovel,"S187W,0.472"
X-3419,PLEKHN1,84069.0,Del0.8,0.79
X-3419,PLIN4,729359.0,MutNovel,"N464K,0.500"
X-3419,PLIN4,729359.0,MutNovel,"N332S,0.800"
X-3419,PLLP,51090.0,Del0.8,0.71
X-3419,PLSCR1,5359.0,Amp5,6.23
X-3419,PMCHL1,5369.0,Del0.8,0.62
X-3419,POF1B,79983.0,Del0.8,0.61
X-3419,PPL,5493.0,MutNovel,"L1133H,0.571"
X-3419,PPP1R3A,5506.0,Del0.8,0.42
X-3419,PPP2R2C,5522.0,Del0.8,0.78
X-3419,PPP2R3B,28227.0,Del0.8,0.74
X-3419,PPP2R3B-AS1,283981.0,Del0.8,0.74
X-3419,PRDM16,63976.0,Del0.8,0.79
X-3419,PRDM8,56978.0,Amp5,5.78
X-3419,PRKAG2,51422.0,Del0.8,0.71
X-3419,PRKCZ,5590.0,Del0.8,0.79
X-3419,PRKY,5616.0,Del0.8,0.28
X-3419,PRMT2,3275.0,Del0.8,0.62
X-3419,PRY,9081.0,Del0.8,0.21
X-3419,PRY,9081.0,Del0.8,0.21
X-3419,PRY2,442862.0,Del0.8,0.21
X-3419,PRY2,442862.0,Del0.8,0.21
X-3419,PTBP2,58155.0,Amp5,7.46
X-3419,PTH,5741.0,Del0.8,0.7
X-3419,PTPRC,5788.0,Del0.8,0.71
X-3419,PTPRN2,5799.0,Del0.8,0.72
X-3419,PUSL1,126789.0,Del0.8,0.79
X-3419,RAB20,55647.0,MutNovel,"P213L,1.000"
X-3419,RAB40B,10966.0,Del0.8,0.68
X-3419,RACGAP1P,83956.0,Del0.8,0.73
X-3419,RAP1A,5906.0,Del0.8,0.64
X-3419,RAP2B,5912.0,Amp5,5.03
X-3419,RASA4B,,MutNovel,"R334L,0.469"
X-3419,RASSF9,9182.0,Amp5,5.21
X-3419,RB1,5925.0,Del0.8,0.43
X-3419,RBM33,155435.0,Del0.8,0.56
X-3419,RBM44,375316.0,Del0.8,0.78
X-3419,RBMXL1,494115.0,Amp5,5.62
X-3419,RBMY1A3P,286557.0,Del0.8,0.28
X-3419,RBMY1B,378948.0,Del0.8,0.21
X-3419,RBMY1B,378948.0,Del0.8,0.21
X-3419,RBMY1E,378950.0,Del0.8,0.21
X-3419,RBMY1E,378950.0,Del0.8,0.21
X-3419,RBMY1F,159163.0,Del0.8,0.21
X-3419,RBMY1F,159163.0,Del0.8,0.21
X-3419,RBMY1J,378951.0,Del0.8,0.21
X-3419,RBMY1J,378951.0,Del0.8,0.21
X-3419,RBMY2EP,159125.0,Del0.8,0.21
X-3419,RBMY2FP,159162.0,Del0.8,0.21
X-3419,RBMY3AP,64593.0,Del0.8,0.28
X-3419,RCBTB1,55213.0,Del0.8,0.27
X-3419,RCBTB2,1102.0,Del0.8,0.27
X-3419,RDH5,5959.0,MutNovel,"R21G,0.231"
X-3419,RECQL4,9401.0,MutNovel,"R344W,0.473"
X-3419,RER1,11079.0,Del0.8,0.79
X-3419,RFX6,222546.0,Del0.8,0.59
X-3419,RHEB,6009.0,Del0.8,0.62
X-3419,RIN3,79890.0,MutNovel,"G967-,0.522"
X-3419,RNASEH2B,79621.0,Del0.8,0.29
X-3419,RNF148,378925.0,Del0.8,0.46
X-3419,RNF20,56254.0,Amp5,5.06
X-3419,RNF212,285498.0,Del0.8,0.56
X-3419,RNF223,401934.0,Del0.8,0.79
X-3419,RNF32,140545.0,Del0.8,0.72
X-3419,RPAP2,79871.0,Amp5,5.06
X-3419,RPL5,6125.0,Amp5,5.06
X-3419,RPS4Y1,6192.0,Del0.8,0.28
X-3419,RPS4Y2,140032.0,Del0.8,0.21
X-3419,RPTN,126638.0,Del0.8,0.58
X-3419,RRP36,88745.0,MutNovel,"N5S,0.518"
X-3419,RSBN1,54665.0,Del0.8,0.71
X-3419,RSPRY1,89970.0,Del0.8,0.71
X-3419,RWDD3,25950.0,Amp5,5.1
X-3419,S100B,6285.0,Del0.8,0.62
X-3419,SAMD11,148398.0,Del0.8,0.79
X-3419,SCAND3,114821.0,Del0.8,0.8
X-3419,SCFD1,23256.0,MutNovel,"T8TA,0.414"
X-3419,SCNN1D,6339.0,Del0.8,0.79
X-3419,SDF4,51150.0,Del0.8,0.79
X-3419,SDPR,8436.0,MutNovel,"E331G,1.000"
X-3419,SEC24B,10427.0,MutNovel,"S166T,0.710"
X-3419,SEMA6B,10501.0,MutNovel,"T160N,0.717"
X-3419,SERBP1,26135.0,Amp5,6.32
X-3419,SERINC2,347735.0,MutNovel,"-373Q,0.272"
X-3419,SERPINB3,6317.0,Del0.8,0.23
X-3419,SERPINB4,6318.0,Del0.8,0.66
X-3419,SERPINE3,647174.0,Del0.8,0.27
X-3419,SERTM1,400120.0,Del0.8,0.6
X-3419,SETDB2,83852.0,Del0.8,0.27
X-3419,SHH,6469.0,Del0.8,0.72
X-3419,SHOX,6473.0,Del0.8,0.74
X-3419,SHPRH,257218.0,Del0.8,0.69
X-3419,SIDT1,54847.0,Amp5,5.28
X-3419,SIRPB1,10326.0,MutNovel,"P352L,1.000"
X-3419,SIVA1,10572.0,Del0.8,0.78
X-3419,SKI,6497.0,Del0.8,0.79
X-3419,SLAIN1,122060.0,Del0.8,0.77
X-3419,SLBP,7884.0,Del0.8,0.67
X-3419,SLC12A3,6559.0,Del0.8,0.71
X-3419,SLC12A9,56996.0,MutNovel,"R847C,1.000"
X-3419,SLC22A1,6580.0,MutNovel,"N374Y,0.750"
X-3419,SLC22A15,55356.0,Del0.8,0.62
X-3419,SLC22A25,387601.0,Del0.8,0.76
X-3419,SLC22A9,114571.0,Del0.8,0.55
X-3419,SLC25A6,293.0,Del0.8,0.74
X-3419,SLC26A1,10861.0,Del0.8,0.56
X-3419,SLC35B1,10237.0,Del0.8,0.8
X-3419,SLC35E2,9906.0,Del0.8,0.79
X-3419,SLC35E2B,728661.0,Del0.8,0.79
X-3419,SLC36A4,120103.0,Del0.8,0.66
X-3419,SLC44A3,126969.0,Amp5,5.1
X-3419,SLC6A10P,386757.0,Del0.8,0.37
X-3419,SLC7A13,157724.0,Del0.8,0.69
X-3419,SLIT2-IT1,100505893.0,Del0.8,0.43
X-3419,SLITRK1,114798.0,Amp5,5.1
X-3419,SLITRK2,84631.0,MutKnownFunctional,"-726?,0.375"
X-3419,SLITRK3,22865.0,Amp8,8
X-3419,SMARCD3,6604.0,Del0.8,0.62
X-3419,SMR3A,26952.0,Del0.8,0.43
X-3419,SNAPC1,6617.0,MutNovel,"L59F,0.479"
X-3419,SNORA66,26782.0,Amp5,5.06
X-3419,SNORD113-1,767561.0,Del0.8,0.43
X-3419,SNORD113-2,767562.0,Del0.8,0.43
X-3419,SNORD113-4,767564.0,Del0.8,0.43
X-3419,SNORD113-5,767565.0,Del0.8,0.43
X-3419,SNORD113-6,767566.0,Del0.8,0.43
X-3419,SNORD113-7,767567.0,Del0.8,0.43
X-3419,SNORD113-9,767569.0,Del0.8,0.43
X-3419,SNORD114-1,767577.0,Del0.8,0.43
X-3419,SNORD114-10,767588.0,Del0.8,0.43
X-3419,SNORD114-11,767589.0,Del0.8,0.43
X-3419,SNORD114-12,767590.0,Del0.8,0.43
X-3419,SNORD114-13,767591.0,Del0.8,0.43
X-3419,SNORD114-14,767592.0,Del0.8,0.43
X-3419,SNORD114-15,767593.0,Del0.8,0.43
X-3419,SNORD114-16,767594.0,Del0.8,0.43
X-3419,SNORD114-17,767595.0,Del0.8,0.43
X-3419,SNORD114-18,767596.0,Del0.8,0.43
X-3419,SNORD114-19,767597.0,Del0.8,0.43
X-3419,SNORD114-2,767578.0,Del0.8,0.43
X-3419,SNORD114-20,767598.0,Del0.8,0.43
X-3419,SNORD114-21,767599.0,Del0.8,0.43
X-3419,SNORD114-22,767600.0,Del0.8,0.43
X-3419,SNORD114-23,767603.0,Del0.8,0.43
X-3419,SNORD114-24,767604.0,Del0.8,0.43
X-3419,SNORD114-25,767605.0,Del0.8,0.43
X-3419,SNORD114-26,767606.0,Del0.8,0.43
X-3419,SNORD114-27,767608.0,Del0.8,0.43
X-3419,SNORD114-28,767609.0,Del0.8,0.43
X-3419,SNORD114-29,767610.0,Del0.8,0.43
X-3419,SNORD114-3,767579.0,Del0.8,0.43
X-3419,SNORD114-30,767611.0,Del0.8,0.43
X-3419,SNORD114-31,767612.0,Del0.8,0.43
X-3419,SNORD114-4,767580.0,Del0.8,0.43
X-3419,SNORD114-5,767581.0,Del0.8,0.43
X-3419,SNORD114-6,767582.0,Del0.8,0.43
X-3419,SNORD114-7,767583.0,Del0.8,0.43
X-3419,SNORD114-8,767584.0,Del0.8,0.43
X-3419,SNORD114-9,767585.0,Del0.8,0.43
X-3419,SNORD21,6083.0,Amp5,5.06
X-3419,SNX20,124460.0,Del0.8,0.75
X-3419,SNX7,51375.0,Del0.8,0.4
X-3419,SORCS3,22986.0,Del0.8,0.77
X-3419,SOX2,6657.0,Amp5,5.06
X-3419,SPAM1,6677.0,Del0.8,0.76
X-3419,SPICE1,152185.0,Amp5,5.28
X-3419,SPINK1,6690.0,Del0.8,0.48
X-3419,SPINLW1,57119.0,Del0.8,0.41
X-3419,SPINLW1-WFDC6,100526773.0,Del0.8,0.41
X-3419,SPON2,10417.0,Del0.8,0.56
X-3419,SPOP,8405.0,Del0.8,0.8
X-3419,SPP2,6694.0,Del0.8,0.78
X-3419,SPPL2B,56928.0,MutKnownFunctional,"-275?,0.931"
X-3419,SPRR3,6707.0,Del0.8,0.78
X-3419,SPRYD7,57213.0,Del0.8,0.42
X-3419,SRGAP2,23380.0,MutNovel,"VQ247V,0.414"
X-3419,SRY,6736.0,Del0.8,0.28
X-3419,SSPO,23145.0,Del0.8,0.78
X-3419,SSU72,29101.0,Del0.8,0.79
X-3419,ST13P4,145165.0,Del0.8,0.25
X-3419,STAMBPL1,57559.0,Del0.8,0.77
X-3419,STARD4,134429.0,Amp5,5.03
X-3419,STARD8,9754.0,MutNovel,"E516-,0.954"
X-3419,STEAP4,79689.0,Del0.8,0.77
X-3419,STK32B,55351.0,Del0.8,0.64
X-3419,SUCO,,MutNovel,"K377E,0.721"
X-3419,SYCP1,6847.0,Del0.8,0.61
X-3419,SYCP2,10388.0,Del0.8,0.69
X-3419,SYDE2,84144.0,Amp5,5.7
X-3419,TAAR2,9287.0,Del0.8,0.32
X-3419,TAAR3,9288.0,Del0.8,0.32
X-3419,TAAR6,319100.0,Del0.8,0.63
X-3419,TAF3,83860.0,Del0.8,0.74
X-3419,TAS1R3,83756.0,Del0.8,0.79
X-3419,TAS2R46,259292.0,Del0.8,0.78
X-3419,TBC1D30,23329.0,MutNovel,"R116C,1.000"
X-3419,TBC1D4,9882.0,Del0.8,0.64
X-3419,TBCD,6904.0,Del0.8,0.68
X-3419,TBL1Y,90665.0,Del0.8,0.28
X-3419,TBP,6908.0,MutNovel,"-64Q,0.262"
X-3419,TCERG1,10915.0,MutNovel,"QA210-,0.233"
X-3419,TEKT4,150483.0,MutNovel,"E385Q,1.000"
X-3419,TEX22,647310.0,Del0.8,0.78
X-3419,TFEC,22797.0,Del0.8,0.45
X-3419,TGIF2LY,90655.0,Del0.8,0.28
X-3419,THEGL,,MutNovel,"Y237C,0.600"
X-3419,THUMPD1,55623.0,MutNovel,"E349G,0.413"
X-3419,TM2D1,83941.0,Amp5,5.5
X-3419,TMCO5A,145942.0,Del0.8,0.63
X-3419,TMED11P,100379220.0,Del0.8,0.56
X-3419,TMED5,50999.0,Amp5,5.06
X-3419,TMEM121,80757.0,Del0.8,0.78
X-3419,TMEM14E,645843.0,Del0.8,0.51
X-3419,TMEM175,84286.0,Del0.8,0.56
X-3419,TMEM179,388021.0,Del0.8,0.78
X-3419,TMEM191B,728229.0,MutKnownFunctional,"-344?,0.818"
X-3419,TMEM191C,645426.0,MutNovel,"L165P,0.619"
X-3419,TMEM200A,114801.0,Del0.8,0.63
X-3419,TMEM225,338661.0,Del0.8,0.28
X-3419,TMEM240,339453.0,Del0.8,0.79
X-3419,TMEM47,83604.0,Amp5,5.1
X-3419,TMEM52,339456.0,Del0.8,0.79
X-3419,TMEM56,148534.0,Amp5,5.1
X-3419,TMEM56-RWDD3,100527978.0,Amp5,5.1
X-3419,TMEM88B,643965.0,Del0.8,0.79
X-3419,TMSB4Y,9087.0,Del0.8,0.28
X-3419,TMUB1,83590.0,Del0.8,0.62
X-3419,TNFRSF14,8764.0,Del0.8,0.79
X-3419,TNFRSF18,8784.0,Del0.8,0.79
X-3419,TNFRSF4,7293.0,Del0.8,0.79
X-3419,TNNT3,7140.0,MutNovel,"A34V,0.416"
X-3419,TNPO1,3842.0,MutNovel,"P306S,0.312"
X-3419,TNRC18,84629.0,MutNovel,"S2621YP,0.209"
X-3419,TOMM70A,9868.0,Amp5,5.06
X-3419,TOX3,27324.0,Del0.8,0.57
X-3419,TP53,7157.0,MutKnownFunctional,"E17*,0.994"
X-3419,TP53TG3,24150.0,Del0.8,0.8
X-3419,TP53TG3B,729355.0,Del0.8,0.8
X-3419,TP73,7161.0,Del0.8,0.79
X-3419,TP73-AS1,57212.0,Del0.8,0.79
X-3419,TPRG1L,127262.0,Del0.8,0.79
X-3419,TRIM13,10206.0,Del0.8,0.25
X-3419,TRPC4,7223.0,Del0.8,0.5
X-3419,TSC2,7249.0,MutNovel,"A1141V,0.400"
X-3419,TSLP,85480.0,Amp5,5.17
X-3419,TSPY1,7258.0,Del0.8,0.28
X-3419,TSPY2,64591.0,Del0.8,0.28
X-3419,TSPY3,728137.0,Del0.8,0.28
X-3419,TSPY4,728395.0,Del0.8,0.28
X-3419,TSPY8,728403.0,Del0.8,0.28
X-3419,TSPYL1,7259.0,MutNovel,"V176VW,0.928"
X-3419,TSTD3,,MutNovel,"N66H,0.625"
X-3419,TTC34,100287898.0,Del0.8,0.79
X-3419,TTC37,9652.0,MutNovel,"R514H,0.497"
X-3419,TTLL10,254173.0,Del0.8,0.79
X-3419,TTN,7273.0,MutNovel,"A12528V,0.333"
X-3419,TTN,7273.0,MutNovel,"A12417T,0.423"
X-3419,TTN,7273.0,MutNovel,"A12277V,0.667"
X-3419,TTTY10,246119.0,Del0.8,0.21
X-3419,TTTY11,83866.0,Del0.8,0.28
X-3419,TTTY12,83867.0,Del0.8,0.28
X-3419,TTTY13,83868.0,Del0.8,0.21
X-3419,TTTY14,83869.0,Del0.8,0.21
X-3419,TTTY15,64595.0,Del0.8,0.28
X-3419,TTTY16,252948.0,Del0.8,0.28
X-3419,TTTY17A,252949.0,Del0.8,0.21
X-3419,TTTY17A,252949.0,Del0.8,0.21
X-3419,TTTY18,252950.0,Del0.8,0.28
X-3419,TTTY19,252952.0,Del0.8,0.28
X-3419,TTTY1B,100101116.0,Del0.8,0.28
X-3419,TTTY1B,100101116.0,Del0.8,0.28
X-3419,TTTY2,60439.0,Del0.8,0.28
X-3419,TTTY2,60439.0,Del0.8,0.28
X-3419,TTTY20,252951.0,Del0.8,0.28
X-3419,TTTY21,252953.0,Del0.8,0.28
X-3419,TTTY21,252953.0,Del0.8,0.28
X-3419,TTTY22,252954.0,Del0.8,0.28
X-3419,TTTY23,252955.0,Del0.8,0.28
X-3419,TTTY23,252955.0,Del0.8,0.28
X-3419,TTTY3,114760.0,Del0.8,0.21
X-3419,TTTY3,114760.0,Del0.8,0.21
X-3419,TTTY4,114761.0,Del0.8,0.21
X-3419,TTTY4,114761.0,Del0.8,0.21
X-3419,TTTY5,83863.0,Del0.8,0.21
X-3419,TTTY6,84672.0,Del0.8,0.21
X-3419,TTTY6,84672.0,Del0.8,0.21
X-3419,TTTY7,246122.0,Del0.8,0.28
X-3419,TTTY7,246122.0,Del0.8,0.28
X-3419,TTTY7B,100101120.0,Del0.8,0.28
X-3419,TTTY7B,100101120.0,Del0.8,0.28
X-3419,TTTY8,84673.0,Del0.8,0.28
X-3419,TTTY8,84673.0,Del0.8,0.28
X-3419,TTTY9A,83864.0,Del0.8,0.21
X-3419,TTTY9A,83864.0,Del0.8,0.21
X-3419,TUBB6,84617.0,MutNovel,"NS337N,0.337"
X-3419,TXLNG2P,246126.0,Del0.8,0.21
X-3419,UAP1L1,91373.0,MutNovel,"V79L,0.385"
X-3419,UBE2J2,118424.0,Del0.8,0.79
X-3419,UBE3C,9690.0,Del0.8,0.72
X-3419,UGT2A3,79799.0,Del0.8,0.54
X-3419,UGT2B10,7365.0,Del0.8,0.41
X-3419,UGT2B11,10720.0,Del0.8,0.65
X-3419,UGT2B28,54490.0,Del0.8,0.46
X-3419,ULBP2,80328.0,MutNovel,"T38I,0.857"
X-3419,USH2A,7399.0,Del0.8,0.76
X-3419,USP1,7398.0,Amp5,5.7
X-3419,USP26,83844.0,Del0.8,0.72
X-3419,USP9Y,8287.0,Del0.8,0.28
X-3419,UTS2D,257313.0,Amp5,5.21
X-3419,UTY,7404.0,Del0.8,0.28
X-3419,UVRAG,7405.0,Del0.8,0.78
X-3419,VAMP1,6843.0,MutNovel,"V52M,0.719"
X-3419,VAV3,10451.0,Del0.8,0.66
X-3419,VCAM1,7412.0,Del0.8,0.66
X-3419,VCY,9084.0,Del0.8,0.28
X-3419,VCY,9084.0,Del0.8,0.28
X-3419,VEZF1,7716.0,MutNovel,"H355HN,0.221"
X-3419,VGLL3,389136.0,Amp5,6.59
X-3419,VIPR2,7434.0,Del0.8,0.72
X-3419,VSIG4,11326.0,Del0.8,0.27
X-3419,VWA1,64856.0,Del0.8,0.79
X-3419,VWF,7450.0,MutNovel,"P1162L,1.000"
X-3419,WASF1,8936.0,Del0.8,0.75
X-3419,WDFY2,115825.0,Del0.8,0.2
X-3419,WDR45L,56270.0,Del0.8,0.68
X-3419,WDR60,55112.0,Del0.8,0.72
X-3419,WDR86,349136.0,Del0.8,0.62
X-3419,WFDC6,140870.0,Del0.8,0.41
X-3419,WFS1,7466.0,Del0.8,0.78
X-3419,WRAP73,49856.0,Del0.8,0.79
X-3419,XAB2,56949.0,MutNovel,"S660L,0.674"
X-3419,XCL1,6375.0,Del0.8,0.61
X-3419,XCL2,6846.0,Del0.8,0.47
X-3419,XG,7499.0,Del0.8,0.74
X-3419,XGPY2,100132596.0,Del0.8,0.74
X-3419,XKRY2,353515.0,Del0.8,0.21
X-3419,XKRY2,353515.0,Del0.8,0.28
X-3419,YBEY,54059.0,Del0.8,0.62
X-3419,YEATS4,8089.0,MutNovel,"S191G,0.518"
X-3419,ZBED1,9189.0,Del0.8,0.74
X-3419,ZBTB3,79842.0,MutNovel,"R232C,0.263"
X-3419,ZBTB40,9923.0,MutNovel,"S115R,0.468"
X-3419,ZBTB42,100128927.0,Del0.8,0.78
X-3419,ZFPM1,161882.0,MutNovel,"Q556QGA,0.300"
X-3419,ZFY,7544.0,Del0.8,0.28
X-3419,ZFYVE16,9765.0,MutNovel,"C377W,0.512"
X-3419,ZMAT1,84460.0,Del0.8,0.58
X-3419,ZNF195,7748.0,MutNovel,"A614D,0.237"
X-3419,ZNF212,7988.0,Del0.8,0.78
X-3419,ZNF28,7576.0,MutNovel,"R589Q,0.521"
X-3419,ZNF282,8427.0,Del0.8,0.78
X-3419,ZNF283,284349.0,MutKnownFunctional,"-122?,0.353"
X-3419,ZNF384,171017.0,MutNovel,"QQ514Q,0.467"
X-3419,ZNF398,57541.0,Del0.8,0.78
X-3419,ZNF423,23090.0,Del0.8,0.75
X-3419,ZNF425,155054.0,Del0.8,0.78
X-3419,ZNF439,90594.0,MutKnownFunctional,"-177,0.714"
X-3419,ZNF467,168544.0,Del0.8,0.78
X-3419,ZNF469,84627.0,MutNovel,"G1753S,0.375"
X-3419,ZNF474,133923.0,MutKnownFunctional,"-317,0.979"
X-3419,ZNF567,163081.0,MutNovel,"S64C,0.232"
X-3419,ZNF587,84914.0,MutNovel,"R173H,0.220"
X-3419,ZNF628,89887.0,MutNovel,"H263N,0.571"
X-3419,ZNF662,389114.0,Del0.8,0.78
X-3419,ZNF676,163223.0,Del0.8,0.38
X-3419,ZNF711,7552.0,Del0.8,0.75
X-3419,ZNF746,155061.0,Del0.8,0.78
X-3419,ZNF750,79755.0,Del0.8,0.68
X-3419,ZNF767,79970.0,Del0.8,0.78
X-3419,ZNF777,27153.0,Del0.8,0.78
X-3419,ZNF783,100289678.0,Del0.8,0.78
X-3419,ZNF786,136051.0,Del0.8,0.78
X-3419,ZNF850,342892.0,MutKnownFunctional,"C314*,0.559"
X-3419,ZNF852,,MutNovel,"R42H,1.000"
X-3419,ZNF862,643641.0,Del0.8,0.78
X-3419,ZNHIT6,54680.0,Amp5,5.9
X-3419,ZPBP,11055.0,Del0.8,0.71
X-3419,ZYX,7791.0,MutNovel,"E122P,0.930"
X-3425,ABCB6,10058.0,MutNovel,"R240Q,0.553"
X-3425,ANKRD36B,57730.0,MutNovel,"G691D,0.600"
X-3425,BARX1,56033.0,MutNovel,"A48T,0.689"
X-3425,BCAR3,8412.0,MutNovel,"T545I,0.565"
X-3425,BMPR1A,657.0,MutNovel,"M460I,0.675"
X-3425,C16orf89,146556.0,MutNovel,"S354G,0.286"
X-3425,C1QTNF4,114900.0,MutNovel,"Q141H,0.547"
X-3425,C2orf28,51374.0,MutNovel,"E9K,0.480"
X-3425,C5orf34,375444.0,MutNovel,"V60F,0.750"
X-3425,C9orf169,375791.0,MutNovel,"S39T,0.429"
X-3425,CANT1,124583.0,MutNovel,"A34V,0.756"
X-3425,CDC42EP1,11135.0,MutNovel,"PAPAANPS253P,0.667"
X-3425,CEP19,84984.0,MutKnownFunctional,"-81?,0.259"
X-3425,CFHR2,3080.0,MutNovel,"Q211E,1.000"
X-3425,CMIP,80790.0,MutNovel,"T215R,0.245"
X-3425,CNTNAP3B,728577.0,MutNovel,"G1163D,0.500"
X-3425,CNTNAP3B,728577.0,MutNovel,"G1195R,0.500"
X-3425,CNTNAP4,85445.0,MutKnownFunctional,"-15?,1.000"
X-3425,COBLL1,22837.0,MutKnownFunctional,"-907?,0.625"
X-3425,COL6A3,1293.0,MutNovel,"A184T,0.909"
X-3425,COPZ2,51226.0,MutKnownFunctional,"-23?,0.250"
X-3425,COPZ2,51226.0,MutKnownFunctional,"-6?,1.000"
X-3425,COQ5,84274.0,MutNovel,"R19W,0.500"
X-3425,CRISPLD1,83690.0,MutNovel,"V463I,0.503"
X-3425,CRLF1,9244.0,MutNovel,"LL25L,0.343"
X-3425,CRYBG3,,MutNovel,"T1907A,0.600"
X-3425,CTSA,5476.0,MutNovel,"L29-,0.879"
X-3425,CYS1,192668.0,MutNovel,"R35L,0.702"
X-3425,DDIT4L,115265.0,MutKnownFunctional,"-180,0.458"
X-3425,DDX54,79039.0,MutNovel,"A54V,0.556"
X-3425,DGUOK,1716.0,MutKnownFunctional,"-249,0.482"
X-3425,EDC3,80153.0,MutNovel,"S352T,0.286"
X-3425,EEA1,8411.0,MutNovel,"E249K,0.486"
X-3425,EGFR,1956.0,MutNovel,"C326F,0.667"
X-3425,EHD2,30846.0,MutNovel,"V88M,0.409"
X-3425,ETFB,2109.0,MutKnownFunctional,"-93?,0.857"
X-3425,EXTL1,2134.0,MutKnownFunctional,"-677?,0.368"
X-3425,FAM171B,165215.0,MutNovel,"-50Q,0.545"
X-3425,FAM198B,51313.0,MutNovel,"A45G,0.512"
X-3425,FAM59B,150946.0,MutNovel,"Q407R,0.786"
X-3425,FES,2242.0,MutNovel,"S410L,0.647"
X-3425,FGD5,152273.0,MutNovel,"R655H,0.500"
X-3425,FLNB,2317.0,MutNovel,"G530W,0.778"
X-3425,FN1,2335.0,MutNovel,"T1108M,0.461"
X-3425,FOLR1,2348.0,MutNovel,"A249T,1.000"
X-3425,FZD4,8322.0,MutNovel,"S508F,0.614"
X-3425,GIGYF2,26058.0,MutNovel,"PQ1231P,0.913"
X-3425,GOLGA8J,,MutNovel,"E457D,1.000"
X-3425,GYPC,2995.0,MutNovel,"E17K,0.343"
X-3425,HEATR5A,25938.0,MutNovel,"R266K,0.750"
X-3425,HECTD3,79654.0,MutNovel,"Y598C,0.415"
X-3425,HMCN2,,MutNovel,"R2384H,0.643"
X-3425,HOXC5,3222.0,MutNovel,"A107T,0.421"
X-3425,HOXD8,3234.0,MutNovel,"A70AHP,0.303"
X-3425,HRNR,388697.0,MutNovel,"L1722S,0.375"
X-3425,HRNR,388697.0,MutKnownFunctional,"-1,0.857"
X-3425,HYDIN,54768.0,MutNovel,"R4868Q,1.000"
X-3425,HYDIN,54768.0,MutNovel,"A4471V,0.333"
X-3425,IFT140,9742.0,MutNovel,"Y332S,0.609"
X-3425,ISM1,140862.0,MutNovel,"A279V,0.655"
X-3425,KIAA1549,57670.0,MutNovel,"E1249G,0.429"
X-3425,KIF20B,9585.0,MutNovel,"L1062LKV,0.833"
X-3425,LLGL2,3993.0,MutNovel,"P123S,0.500"
X-3425,LMBRD1,55788.0,MutNovel,"A409G,0.568"
X-3425,LOC100289200,,MutKnownFunctional,"S698*,1.000"
X-3425,LOC100996433,,MutNovel,"Q201R,0.750"
X-3425,LOC554223,554223.0,MutNovel,"A117G,1.000"
X-3425,LRRCC1,85444.0,MutNovel,"G222D,0.467"
X-3425,LSR,51599.0,MutNovel,"G518GR,0.818"
X-3425,MAGEL2,54551.0,MutNovel,"A463P,1.000"
X-3425,MAMDC4,158056.0,MutNovel,"R129C,0.387"
X-3425,MEF2A,4205.0,MutNovel,"QQ412-,0.278"
X-3425,MEOX2,4223.0,MutNovel,"HH76H,0.448"
X-3425,METTL16,79066.0,MutNovel,"D69Y,0.286"
X-3425,MKL1,57591.0,MutNovel,"T828P,0.403"
X-3425,MLL,4297.0,MutNovel,"A30G,0.500"
X-3425,MLL4,9757.0,MutNovel,"G1602R,0.528"
X-3425,MPRIP,23164.0,MutNovel,"TS178T,0.530"
X-3425,MYOM3,127294.0,MutNovel,"T399I,1.000"
X-3425,NAALADL2,254827.0,MutNovel,"S457G,0.455"
X-3425,NANOS1,340719.0,MutNovel,"P34T,0.500"
X-3425,NBPF24,,MutNovel,"T510A,1.000"
X-3425,NBPF9,400818.0,MutNovel,"Q184R,1.000"
X-3425,NCL,4691.0,MutNovel,"DE250E,0.226"
X-3425,NCOR2,9612.0,MutNovel,"G1839GAAA,0.551"
X-3425,NDUFAF6,,MutNovel,"G28A,0.455"
X-3425,NLRP11,204801.0,MutNovel,"R797S,1.000"
X-3425,NUB1,51667.0,MutNovel,"D400E,0.392"
X-3425,NUDCD3,23386.0,MutNovel,"G357E,0.581"
X-3425,NUP155,9631.0,MutNovel,"R885Q,0.240"
X-3425,OBSCN,84033.0,MutNovel,"N3932S,0.381"
X-3425,OBSCN,84033.0,MutNovel,"P6558R,0.413"
X-3425,ORAI1,84876.0,MutNovel,"PP43-,0.750"
X-3425,OSMR,9180.0,MutNovel,"V35I,0.409"
X-3425,PAF1,54623.0,MutNovel,"N487K,0.548"
X-3425,PCNT,5116.0,MutNovel,"L683V,0.429"
X-3425,PDZRN3,23024.0,MutNovel,"H152Y,0.447"
X-3425,PHLDA1,22822.0,MutNovel,"QQ194Q,0.569"
X-3425,PKM,,MutNovel,"S141A,0.648"
X-3425,PLIN3,10226.0,MutNovel,"R331W,0.433"
X-3425,PLIN4,729359.0,MutNovel,"G296S,0.400"
X-3425,PMS2,5395.0,MutNovel,"S7W,0.333"
X-3425,POLQ,10721.0,MutNovel,"L2334V,0.231"
X-3425,POTEJ,,MutNovel,"A777V,1.000"
X-3425,PPARGC1A,10891.0,MutNovel,"F534L,1.000"
X-3425,RBL2,5934.0,MutNovel,"I209T,0.645"
X-3425,RGPD8,727851.0,MutNovel,"T1737M,0.625"
X-3425,RIN3,79890.0,MutNovel,"G967-,0.370"
X-3425,RSU1,6251.0,MutNovel,"G200A,0.585"
X-3425,SCUBE2,57758.0,MutNovel,"L25P,0.476"
X-3425,SCUBE2,57758.0,MutNovel,"LP22P,0.617"
X-3425,SDE2,,MutNovel,"S59G,0.467"
X-3425,SERINC2,347735.0,MutNovel,"-373Q,0.673"
X-3425,SPC25,57405.0,MutNovel,"K84I,0.263"
X-3425,SPEG,10290.0,MutNovel,"S2047G,0.250"
X-3425,SPTAN1,6709.0,MutNovel,"A2133T,0.412"
X-3425,SUV420H2,84787.0,MutNovel,"P41S,0.696"
X-3425,SYMPK,8189.0,MutNovel,"T822M,0.456"
X-3425,SYTL3,94120.0,MutNovel,"R454P,0.550"
X-3425,TNK2,10188.0,MutNovel,"R820Q,0.510"
X-3425,TNRC18,84629.0,MutKnownFunctional,"-252,0.487"
X-3425,TPBG,7162.0,MutNovel,"A118V,0.583"
X-3425,TRAPPC12,51112.0,MutNovel,"A82T,0.437"
X-3425,TRIM4,89122.0,MutNovel,"T435A,0.540"
X-3425,TRIM8,81603.0,MutNovel,"P113S,0.675"
X-3425,TSPAN12,23554.0,MutNovel,"E116G,1.000"
X-3425,TSPYL1,7259.0,MutNovel,"V176VW,0.919"
X-3425,TUSC1,286319.0,MutNovel,"-48A,0.327"
X-3425,USP36,57602.0,MutNovel,"KKK958K,0.415"
X-3425,VEZF1,7716.0,MutNovel,"L466V,0.528"
X-3425,VSNL1,7447.0,MutKnownFunctional,"Q66*,0.333"
X-3425,WNK1,65125.0,MutKnownFunctional,"-580?,0.250"
X-3425,ZNF219,51222.0,MutNovel,"QPP233P,0.424"
X-3425,ZNF384,171017.0,MutNovel,"QQ514Q,0.300"
X-3425,ZNF469,84627.0,MutNovel,"P2126L,0.706"
X-3425,ZNF469,84627.0,MutNovel,"G3415A,0.400"
X-3425,ZXDC,79364.0,MutNovel,"P653S,0.481"
X-3447,ABCA3,21.0,MutNovel,"T831S,0.875"
X-3447,ABHD1,84696.0,MutNovel,"P346H,1.000"
X-3447,ACSF3,197322.0,MutNovel,"R84K,0.912"
X-3447,AGXT2L2,85007.0,MutNovel,"M42L,0.966"
X-3447,AHNAK2,113146.0,MutNovel,"D1526V,1.000"
X-3447,AKNA,80709.0,MutNovel,"H1096P,0.357"
X-3447,AMELY,266.0,Del0.8,0.45
X-3447,AMY1A,276.0,Del0.8,0.68
X-3447,ANKIB1,54467.0,MutNovel,"N855S,0.527"
X-3447,ANKRD17,26057.0,MutNovel,"M2325T,0.978"
X-3447,ANKRD18B,441459.0,MutKnownFunctional,"E513*,0.875"
X-3447,AP1B1,162.0,MutNovel,"S579G,0.898"
X-3447,ARHGEF11,9826.0,MutNovel,"R717C,0.966"
X-3447,ART5,116969.0,MutNovel,"-25P,0.921"
X-3447,ARVCF,421.0,MutNovel,"N5D,1.000"
X-3447,ASPN,54829.0,MutNovel,"DE51E,0.603"
X-3447,ATG2B,55102.0,MutNovel,"T529M,1.000"
X-3447,ATP11A,23250.0,MutNovel,"V1191M,0.939"
X-3447,ATP13A1,57130.0,MutNovel,"A71V,0.630"
X-3447,ATR,545.0,MutNovel,"R109W,1.000"
X-3447,B3GALT2,8707.0,MutNovel,"L421P,1.000"
X-3447,BAGE2,,MutNovel,"T71S,1.000"
X-3447,BCORP1,286554.0,Del0.8,0.45
X-3447,BPY2B,442867.0,Del0.8,0.45
X-3447,BPY2B,442867.0,Del0.8,0.45
X-3447,BRF1,2972.0,MutNovel,"V249I,0.985"
X-3447,BTAF1,9044.0,MutNovel,"D661N,0.983"
X-3447,C10orf118,55088.0,MutNovel,"A771T,1.000"
X-3447,C19orf52,90580.0,MutNovel,"P219R,0.694"
X-3447,C20orf152,140894.0,MutNovel,"R303H,0.400"
X-3447,C9orf53,51198.0,Del0.8,0.56
X-3447,C9orf89,84270.0,MutNovel,"R22H,0.974"
X-3447,CAPRIN2,65981.0,MutNovel,"Q601R,0.614"
X-3447,CCDC110,256309.0,MutNovel,"Y476C,1.000"
X-3447,CCDC111,201973.0,MutNovel,"S255L,0.500"
X-3447,CCDC136,64753.0,MutNovel,"EE16-,0.250"
X-3447,CCDC137,339230.0,MutNovel,"R276Q,0.957"
X-3447,CCDC66,285331.0,MutNovel,"S606SP,0.923"
X-3447,CCT6A,908.0,MutNovel,"I402V,0.456"
X-3447,CDC25B,994.0,MutNovel,"C315W,0.584"
X-3447,CDC42EP5,148170.0,MutNovel,"P129L,0.356"
X-3447,CDCA8,55143.0,MutNovel,"S41P,0.551"
X-3447,CDKN2A,1029.0,Del0.8,0.56
X-3447,CDY1B,253175.0,Del0.8,0.45
X-3447,CDY1B,253175.0,Del0.8,0.45
X-3447,CDY2A,9426.0,Del0.8,0.45
X-3447,CDY2A,9426.0,Del0.8,0.45
X-3447,CDY2B,203611.0,Del0.8,0.45
X-3447,CDY2B,203611.0,Del0.8,0.45
X-3447,CEP192,55125.0,MutNovel,"P1350L,1.000"
X-3447,CES1P1,51716.0,Del0.8,0.79
X-3447,CFHR2,3080.0,MutNovel,"S172E,1.000"
X-3447,CHFR,55743.0,MutNovel,"V427M,0.364"
X-3447,CHST15,51363.0,MutNovel,"R305Q,1.000"
X-3447,CLDN23,137075.0,MutNovel,"N38T,0.500"
X-3447,CNTN5,53942.0,MutNovel,"S23A,1.000"
X-3447,CNTNAP3B,728577.0,MutNovel,"G1163D,0.500"
X-3447,CNTNAP4,85445.0,MutKnownFunctional,"-15?,1.000"
X-3447,COL12A1,1303.0,MutNovel,"K649Q,0.997"
X-3447,COL2A1,1280.0,MutNovel,"A94T,0.401"
X-3447,COL6A3,1293.0,MutNovel,"A3050T,0.999"
X-3447,COMMD4,54939.0,MutNovel,"S175C,0.454"
X-3447,CPAMD8,27151.0,MutNovel,"K1601E,0.346"
X-3447,CRLF1,9244.0,MutNovel,"LL25L,0.367"
X-3447,CSNK1G2,1455.0,MutNovel,"T355A,0.353"
X-3447,CSPG4P1Y,114758.0,Del0.8,0.45
X-3447,CSPG4P1Y,114758.0,Del0.8,0.45
X-3447,CUL2,8453.0,MutNovel,"A503T,0.992"
X-3447,CUX1,1523.0,MutNovel,"S1054L,0.643"
X-3447,CYP4F12,66002.0,MutNovel,"D373Y,0.714"
X-3447,DAZ1,1617.0,Del0.8,0.45
X-3447,DAZ2,57055.0,Del0.8,0.45
X-3447,DAZ3,57054.0,Del0.8,0.45
X-3447,DAZ3,57054.0,Del0.8,0.45
X-3447,DAZ4,57135.0,Del0.8,0.45
X-3447,DAZ4,57135.0,Del0.8,0.45
X-3447,DBF4B,80174.0,MutNovel,"L11V,1.000"
X-3447,DCAF11,80344.0,MutNovel,"D520A,0.965"
X-3447,DCUN1D4,23142.0,MutNovel,"R49W,0.981"
X-3447,DDX3Y,8653.0,Del0.8,0.45
X-3447,DHRS12,79758.0,MutNovel,"L3R,1.000"
X-3447,DHX40,79665.0,MutNovel,"P686S,0.986"
X-3447,DLGAP3,58512.0,MutNovel,"P98T,1.000"
X-3447,DMD,1756.0,Del0.8,0.42
X-3447,DNASE2,1777.0,MutNovel,"V206I,0.340"
X-3447,DOCK5,80005.0,MutNovel,"S747P,0.500"
X-3447,DPH1,1801.0,MutNovel,"A287S,0.994"
X-3447,DPYSL3,1809.0,MutNovel,"E94D,1.000"
X-3447,ECHDC3,79746.0,MutNovel,"P45L,1.000"
X-3447,EEF1D,1936.0,MutNovel,"V480M,0.524"
X-3447,EFR3A,23167.0,MutNovel,"H417R,0.541"
X-3447,EFR3A,23167.0,MutNovel,"A599V,0.441"
X-3447,EIF1AY,9086.0,Del0.8,0.45
X-3447,EN2,2020.0,MutNovel,"A40G,0.600"
X-3447,ENPP6,133121.0,MutNovel,"Y93H,1.000"
X-3447,EPC2,26122.0,MutNovel,"S423P,0.995"
X-3447,ESCO2,157570.0,MutNovel,"G128R,0.507"
X-3447,EXO1,9156.0,MutKnownFunctional,"C695*,0.966"
X-3447,EYA3,2140.0,MutKnownFunctional,"-2,0.965"
X-3447,FAM108B1,51104.0,MutNovel,"R45H,1.000"
X-3447,FAM171B,165215.0,MutNovel,"-50Q,0.574"
X-3447,FAM197Y2P,252946.0,Del0.8,0.45
X-3447,FAM40B,57464.0,MutNovel,"V311M,0.800"
X-3447,FAM41AY1,340618.0,Del0.8,0.45
X-3447,FAM41AY1,340618.0,Del0.8,0.45
X-3447,FAM91A1,157769.0,MutNovel,"I159M,0.476"
X-3447,FHOD1,29109.0,MutNovel,"R113W,1.000"
X-3447,FLG,2312.0,MutNovel,"H519N,1.000"
X-3447,FOXK1,221937.0,MutNovel,"A713P,0.348"
X-3447,FRRS1,391059.0,MutNovel,"A297V,1.000"
X-3447,FTCD,10841.0,MutNovel,"L425F,0.857"
X-3447,FYCO1,79443.0,MutNovel,"K501R,1.000"
X-3447,GFM2,84340.0,MutNovel,"H60N,1.000"
X-3447,GIGYF2,26058.0,MutNovel,"PQ1231P,0.711"
X-3447,GIPC1,10755.0,MutNovel,"R240Q,0.341"
X-3447,GNPTAB,79158.0,MutNovel,"S390G,0.391"
X-3447,GOLGA2P2Y,84559.0,Del0.8,0.45
X-3447,GOLGA2P2Y,84559.0,Del0.8,0.45
X-3447,GOLGA8H,,MutNovel,"G60D,0.500"
X-3447,GYG2P1,352887.0,Del0.8,0.45
X-3447,HBS1L,10767.0,MutNovel,"G144E,0.996"
X-3447,HEATR5B,54497.0,MutNovel,"S1601A,0.988"
X-3447,HECTD3,79654.0,MutNovel,"G85V,0.923"
X-3447,HELZ,9931.0,MutNovel,"H1539D,1.000"
X-3447,HERC2,8924.0,MutNovel,"R2451C,0.550"
X-3447,HMMR,3161.0,MutNovel,"P35L,1.000"
X-3447,HNRNPCL1,343069.0,Del0.8,0.65
X-3447,HOXA10,3206.0,MutNovel,"G227S,0.700"
X-3447,HS6ST2,90161.0,Del0.8,0.71
X-3447,HSFY2,159119.0,Del0.8,0.45
X-3447,HSFY2,159119.0,Del0.8,0.45
X-3447,HSP90AA1,3320.0,MutNovel,"R304C,0.986"
X-3447,HYDIN,54768.0,MutNovel,"E4667K,1.000"
X-3447,HYDIN,54768.0,MutNovel,"V4075A,0.375"
X-3447,IFIH1,64135.0,MutNovel,"M570R,0.950"
X-3447,IGSF3,3321.0,MutNovel,"H426Y,1.000"
X-3447,IGSF9,57549.0,MutNovel,"G6S,1.000"
X-3447,IGSF9B,22997.0,MutNovel,"E864K,1.000"
X-3447,INO80,54617.0,MutNovel,"Q326R,0.556"
X-3447,INSR,3643.0,MutNovel,"S442G,0.275"
X-3447,INTS1,26173.0,MutNovel,"A42V,0.449"
X-3447,ISM1,140862.0,MutNovel,"Q126E,0.266"
X-3447,KAT6A,7994.0,MutNovel,"ED1109D,0.312"
X-3447,KDM4D,55693.0,MutNovel,"R338C,1.000"
X-3447,KDM5D,8284.0,Del0.8,0.45
X-3447,KIAA1199,57214.0,MutNovel,"M504T,0.600"
X-3447,KIFC2,90990.0,MutNovel,"V604I,0.404"
X-3447,KLF14,136259.0,MutNovel,"H47P,1.000"
X-3447,KRBA1,84626.0,MutNovel,"S369R,0.412"
X-3447,KRTAP19-1,337882.0,MutNovel,"G72A,1.000"
X-3447,KRTAP19-1,337882.0,MutNovel,"F68Y,1.000"
X-3447,LAMA1,284217.0,MutNovel,"T1987I,1.000"
X-3447,LAMA5,3911.0,MutNovel,"A3414T,0.333"
X-3447,LENG8,114823.0,MutNovel,"R716Q,0.634"
X-3447,LGALS9B,284194.0,MutNovel,"V126M,0.667"
X-3447,LMAN1,3998.0,MutNovel,"Q173K,1.000"
X-3447,LOC100129098,,MutNovel,"G248D,1.000"
X-3447,LOC100190986,100190986.0,Del0.8,0.77
X-3447,LOC100271836,100271836.0,Del0.8,0.77
X-3447,LOC100287482,100287482.0,MutNovel,"A30T,0.750"
X-3447,LOC100507369,,MutNovel,"L185F,0.923"
X-3447,LOC100996612,,MutNovel,"R21E,0.600"
X-3447,LOC100996689,,MutKnownFunctional,"-282?,0.650"
X-3447,LOC728047,,MutNovel,"S324A,1.000"
X-3447,LOC728741,,MutNovel,"R380W,0.800"
X-3447,LRBA,987.0,MutNovel,"K2812N,0.988"
X-3447,LRIG3,121227.0,MutNovel,"T772A,0.408"
X-3447,LRRC63,,MutNovel,"R55H,1.000"
X-3447,LRRC8D,55144.0,MutNovel,"T837P,0.333"
X-3447,LSR,51599.0,MutNovel,"G518GR,0.294"
X-3447,MAN2A1,4124.0,MutNovel,"F10V,1.000"
X-3447,MAN2B1,4125.0,MutNovel,"R240Q,0.344"
X-3447,MAP4K2,5871.0,MutNovel,"Q334H,0.978"
X-3447,MEGF6,1953.0,MutNovel,"P482L,0.979"
X-3447,MEOX2,4223.0,MutNovel,"HH76H,0.238"
X-3447,MESDC1,59274.0,MutNovel,"L61F,0.404"
X-3447,MFSD6,54842.0,MutNovel,"W455L,0.333"
X-3447,MGA,23269.0,MutNovel,"S2807C,0.405"
X-3447,MIA2,117153.0,MutNovel,"Y389F,1.000"
X-3447,MIR4768,100616249.0,Del0.8,0.32
X-3447,MLL,4297.0,MutNovel,"P1309L,1.000"
X-3447,MLL3,58508.0,MutNovel,"M69L,0.578"
X-3447,MPRIP,23164.0,MutNovel,"TSS178T,0.602"
X-3447,MRGPRF,116535.0,MutNovel,"A286T,0.992"
X-3447,MTSS1,9788.0,MutNovel,"C476Y,0.600"
X-3447,MUC3A,,MutNovel,"E601Q,0.600"
X-3447,MYH3,4621.0,MutNovel,"T1692A,1.000"
X-3447,MYSM1,114803.0,MutNovel,"R150H,1.000"
X-3447,N4BP2L2,10443.0,MutNovel,"S379P,1.000"
X-3447,NARF,26502.0,MutNovel,"A25T,0.979"
X-3447,NBPF10,100132406.0,MutNovel,"P1102T,1.000"
X-3447,NBPF10,100132406.0,MutNovel,"Q3108V,0.300"
X-3447,NBPF10,100132406.0,MutNovel,"R3193K,1.000"
X-3447,NBPF12,,MutNovel,"S2793P,0.667"
X-3447,NBPF14,25832.0,MutNovel,"Q464L,0.333"
X-3447,NBPF16,728936.0,MutNovel,"K571M,0.600"
X-3447,NBPF9,400818.0,MutNovel,"R27S,0.267"
X-3447,NBPF9,400818.0,MutNovel,"Q184R,0.778"
X-3447,NCOR2,9612.0,MutNovel,"G1839GAAA,0.375"
X-3447,NCRNA00185,55410.0,Del0.8,0.45
X-3447,NF1,4763.0,MutKnownFunctional,"-1472,0.864"
X-3447,NLGN4Y,22829.0,Del0.8,0.45
X-3447,NLRC5,84166.0,MutNovel,"A424S,1.000"
X-3447,NOP14,8602.0,MutNovel,"L583P,0.986"
X-3447,NOS1,4842.0,MutNovel,"G1113V,0.286"
X-3447,NPAS2,4862.0,MutNovel,"S471T,0.922"
X-3447,NPIPL3,23117.0,MutNovel,"R1105C,1.000"
X-3447,NPIPL3,23117.0,Del0.8,0.77
X-3447,NQO2,4835.0,MutNovel,"V184A,0.966"
X-3447,NR2C1,7181.0,MutNovel,"K68E,0.516"
X-3447,NSUN5,55695.0,MutNovel,"R457W,0.498"
X-3447,NUB1,51667.0,MutNovel,"A487V,0.386"
X-3447,NUDT11,55190.0,MutKnownFunctional,"-1,0.389"
X-3447,OASL,8638.0,MutNovel,"R60W,0.208"
X-3447,OPN1SW,611.0,MutNovel,"I302V,1.000"
X-3447,OR2T10,127069.0,Del0.8,0.74
X-3447,OR4C6,219432.0,Del0.8,0.59
X-3447,OR4P4,81300.0,Del0.8,0.59
X-3447,OR4S2,219431.0,Del0.8,0.59
X-3447,OXTR,5021.0,MutNovel,"R376G,1.000"
X-3447,PCDH11Y,83259.0,Del0.8,0.45
X-3447,PCDHB10,56126.0,MutNovel,"A712V,0.923"
X-3447,PDLIM2,64236.0,MutNovel,"A602V,0.431"
X-3447,PIEZO1,9780.0,MutNovel,"T561M,0.966"
X-3447,PKD1,5310.0,MutNovel,"A2815V,0.986"
X-3447,PLAG1,5324.0,MutNovel,"R193Q,0.455"
X-3447,PLG,5340.0,MutNovel,"Q757K,0.333"
X-3447,PODN,127435.0,MutNovel,"R32C,1.000"
X-3447,POM121,9883.0,MutNovel,"Y756H,0.312"
X-3447,PPL,5493.0,MutNovel,"T916N,0.429"
X-3447,PPM1D,8493.0,MutNovel,"P88S,1.000"
X-3447,PRAMEF1,65121.0,Del0.8,0.45
X-3447,PRAMEF11,440560.0,Del0.8,0.65
X-3447,PRDM1,639.0,MutNovel,"E42D,1.000"
X-3447,PRKDC,5591.0,MutNovel,"L3793S,0.489"
X-3447,PRKY,5616.0,Del0.8,0.45
X-3447,PRPF40A,55660.0,MutNovel,"G6S,0.929"
X-3447,PRRC2B,84726.0,MutNovel,"A2198P,0.997"
X-3447,PRX,57716.0,MutNovel,"V701M,0.287"
X-3447,PRY,9081.0,Del0.8,0.45
X-3447,PRY,9081.0,Del0.8,0.45
X-3447,PRY2,442862.0,Del0.8,0.45
X-3447,PRY2,442862.0,Del0.8,0.45
X-3447,PTPN2,5771.0,MutNovel,"E11Q,1.000"
X-3447,PTPN20A,653129.0,MutNovel,"E99K,0.214"
X-3447,RAB5A,5868.0,MutNovel,"A152S,0.986"
X-3447,RAD51AP2,729475.0,MutNovel,"S701P,1.000"
X-3447,RALGAPA2,57186.0,MutNovel,"Q1052P,0.463"
X-3447,RBMY1A3P,286557.0,Del0.8,0.45
X-3447,RBMY1B,378948.0,Del0.8,0.45
X-3447,RBMY1B,378948.0,Del0.8,0.45
X-3447,RBMY1E,378950.0,Del0.8,0.45
X-3447,RBMY1E,378950.0,Del0.8,0.45
X-3447,RBMY1F,159163.0,Del0.8,0.45
X-3447,RBMY1F,159163.0,Del0.8,0.45
X-3447,RBMY1J,378951.0,Del0.8,0.45
X-3447,RBMY1J,378951.0,Del0.8,0.45
X-3447,RBMY2EP,159125.0,Del0.8,0.45
X-3447,RBMY2FP,159162.0,Del0.8,0.45
X-3447,RBMY3AP,64593.0,Del0.8,0.45
X-3447,RGS12,6002.0,MutNovel,"V56M,1.000"
X-3447,RGS6,9628.0,MutNovel,"G475V,1.000"
X-3447,RHPN1,114822.0,MutNovel,"R528Q,0.643"
X-3447,RIN3,79890.0,MutNovel,"G967-,0.517"
X-3447,RNF180,285671.0,MutNovel,"A544S,1.000"
X-3447,RPS17L,,MutNovel,"K72R,0.600"
X-3447,RPS24,6229.0,MutNovel,"I271L,1.000"
X-3447,RPS4Y1,6192.0,Del0.8,0.45
X-3447,RPS4Y2,140032.0,Del0.8,0.45
X-3447,RTTN,25914.0,MutNovel,"N278S,0.971"
X-3447,SCUBE2,57758.0,MutNovel,"L25P,0.870"
X-3447,SCUBE2,57758.0,MutNovel,"LP22P,0.522"
X-3447,SDK1,221935.0,MutNovel,"A1639G,0.347"
X-3447,SEMA6C,10500.0,MutNovel,"G775R,0.965"
X-3447,SERINC2,347735.0,MutNovel,"-373Q,0.685"
X-3447,SETD1B,23067.0,MutNovel,"T1110M,0.610"
X-3447,SF3A1,10291.0,MutNovel,"I141M,0.996"
X-3447,SHARPIN,81858.0,MutNovel,"A63V,0.364"
X-3447,SIRT6,51548.0,MutNovel,"R335Q,0.294"
X-3447,SLC22A31,146429.0,MutNovel,"R237S,1.000"
X-3447,SLC35A4,113829.0,MutNovel,"G31V,0.989"
X-3447,SLC35B3,51000.0,MutNovel,"Q80R,1.000"
X-3447,SLC44A2,57153.0,MutNovel,"G13R,0.368"
X-3447,SLC7A5P2,387254.0,Del0.8,0.77
X-3447,SLIT3,6586.0,MutNovel,"Q130R,1.000"
X-3447,SLX4,84464.0,MutNovel,"V1257G,0.636"
X-3447,SNTB1,6641.0,MutNovel,"A13T,0.667"
X-3447,SORT1,6272.0,MutNovel,"R411H,0.923"
X-3447,SPON2,10417.0,MutNovel,"T46I,0.995"
X-3447,SRY,6736.0,Del0.8,0.45
X-3447,SSPO,23145.0,MutNovel,"P5110L,0.730"
X-3447,SYP,6855.0,MutNovel,"R184C,0.964"
X-3447,TAF1A,9015.0,MutNovel,"S444R,0.989"
X-3447,TBL1Y,90665.0,Del0.8,0.45
X-3447,TBL3,10607.0,MutNovel,"V379I,0.974"
X-3447,TBP,6908.0,MutNovel,"-64Q,0.333"
X-3447,TBX3,6926.0,MutNovel,"L482H,0.508"
X-3447,TCF24,100129654.0,MutKnownFunctional,"-156?,0.316"
X-3447,TDP1,55775.0,MutNovel,"R487H,1.000"
X-3447,TDRD5,163589.0,MutNovel,"E981K,0.750"
X-3447,TECTA,7007.0,MutKnownFunctional,"-432?,0.857"
X-3447,TFPI2,7980.0,MutNovel,"R231Q,0.368"
X-3447,TGIF2LY,90655.0,Del0.8,0.45
X-3447,THNSL2,55258.0,MutNovel,"E366K,0.957"
X-3447,THSD7B,80731.0,MutNovel,"R692Q,1.000"
X-3447,TMEM221,100130519.0,MutNovel,"R177W,0.278"
X-3447,TMEM245,,MutNovel,"L169F,1.000"
X-3447,TMEM88B,643965.0,MutNovel,"G13R,1.000"
X-3447,TMSB4Y,9087.0,Del0.8,0.45
X-3447,TNXB,7148.0,MutNovel,"S3652A,1.000"
X-3447,TOP3A,7156.0,MutNovel,"R765H,0.962"
X-3447,TRIM5,85363.0,MutNovel,"H304L,1.000"
X-3447,TRPM4,54795.0,MutNovel,"Q293R,0.353"
X-3447,TRPS1,7227.0,MutNovel,"R814L,0.488"
X-3447,TSPY1,7258.0,Del0.8,0.45
X-3447,TSPY2,64591.0,Del0.8,0.45
X-3447,TSPY3,728137.0,Del0.8,0.45
X-3447,TSPY4,728395.0,Del0.8,0.45
X-3447,TSPY8,728403.0,Del0.8,0.45
X-3447,TSPYL1,7259.0,MutNovel,"V176VW,0.834"
X-3447,TTC25,83538.0,MutNovel,"G521R,1.000"
X-3447,TTLL3,26140.0,MutNovel,"L43P,1.000"
X-3447,TTTY10,246119.0,Del0.8,0.45
X-3447,TTTY11,83866.0,Del0.8,0.45
X-3447,TTTY12,83867.0,Del0.8,0.45
X-3447,TTTY13,83868.0,Del0.8,0.45
X-3447,TTTY14,83869.0,Del0.8,0.45
X-3447,TTTY15,64595.0,Del0.8,0.45
X-3447,TTTY16,252948.0,Del0.8,0.45
X-3447,TTTY17A,252949.0,Del0.8,0.45
X-3447,TTTY17A,252949.0,Del0.8,0.45
X-3447,TTTY18,252950.0,Del0.8,0.45
X-3447,TTTY19,252952.0,Del0.8,0.45
X-3447,TTTY1B,100101116.0,Del0.8,0.45
X-3447,TTTY1B,100101116.0,Del0.8,0.45
X-3447,TTTY2,60439.0,Del0.8,0.45
X-3447,TTTY2,60439.0,Del0.8,0.45
X-3447,TTTY20,252951.0,Del0.8,0.45
X-3447,TTTY21,252953.0,Del0.8,0.45
X-3447,TTTY21,252953.0,Del0.8,0.45
X-3447,TTTY22,252954.0,Del0.8,0.45
X-3447,TTTY23,252955.0,Del0.8,0.45
X-3447,TTTY23,252955.0,Del0.8,0.45
X-3447,TTTY3,114760.0,Del0.8,0.45
X-3447,TTTY3,114760.0,Del0.8,0.45
X-3447,TTTY4,114761.0,Del0.8,0.45
X-3447,TTTY4,114761.0,Del0.8,0.45
X-3447,TTTY5,83863.0,Del0.8,0.45
X-3447,TTTY6,84672.0,Del0.8,0.45
X-3447,TTTY6,84672.0,Del0.8,0.45
X-3447,TTTY7,246122.0,Del0.8,0.45
X-3447,TTTY7,246122.0,Del0.8,0.45
X-3447,TTTY7B,100101120.0,Del0.8,0.45
X-3447,TTTY7B,100101120.0,Del0.8,0.45
X-3447,TTTY8,84673.0,Del0.8,0.45
X-3447,TTTY8,84673.0,Del0.8,0.45
X-3447,TTTY9A,83864.0,Del0.8,0.45
X-3447,TTTY9A,83864.0,Del0.8,0.45
X-3447,TUBGCP6,85378.0,MutNovel,"R1047W,0.979"
X-3447,TXLNG2P,246126.0,Del0.8,0.45
X-3447,URB1,9875.0,MutNovel,"D2088N,0.448"
X-3447,URB1,9875.0,MutNovel,"L1564P,0.448"
X-3447,USE1,55850.0,MutNovel,"Q191H,0.694"
X-3447,USP1,7398.0,MutNovel,"KE220K,0.826"
X-3447,USP2,9099.0,MutNovel,"T188I,1.000"
X-3447,USP33,23032.0,MutNovel,"T9M,1.000"
X-3447,USP9Y,8287.0,Del0.8,0.45
X-3447,UTY,7404.0,Del0.8,0.45
X-3447,VCY,9084.0,Del0.8,0.45
X-3447,VCY,9084.0,Del0.8,0.45
X-3447,VRK2,7444.0,MutNovel,"A259T,0.964"
X-3447,WDR66,144406.0,MutNovel,"M721I,0.500"
X-3447,WDR76,79968.0,MutNovel,"Y309N,0.469"
X-3447,XKRY2,353515.0,Del0.8,0.45
X-3447,XKRY2,353515.0,Del0.8,0.45
X-3447,ZC3H14,79882.0,MutNovel,"I212V,0.989"
X-3447,ZFY,7544.0,Del0.8,0.45
X-3447,ZIC1,7545.0,MutNovel,"K300G,0.259"
X-3447,ZNF273,10793.0,MutKnownFunctional,"-12G?,0.464"
X-3447,ZNF274,10782.0,MutNovel,"D508G,0.333"
X-3447,ZNF28,7576.0,MutNovel,"A547T,0.295"
X-3447,ZNF317,57693.0,MutNovel,"T435I,0.630"
X-3447,ZNF442,79973.0,MutNovel,"T189A,0.700"
X-3447,ZNF469,84627.0,MutNovel,"L885V,1.000"
X-3447,ZNF516,9658.0,MutNovel,"P920L,1.000"
X-3447,ZNF615,284370.0,MutNovel,"R431Q,0.218"
X-3447,ZNF793,390927.0,MutNovel,"H301Y,0.333"
X-3558,ACOT1,641371.0,MutNovel,"A83T,1.000"
X-3558,ADCY7,113.0,MutNovel,"R592W,0.651"
X-3558,AGAP4,119016.0,MutNovel,"S104I,0.667"
X-3558,AGAP7,653268.0,MutNovel,"L568Q,0.571"
X-3558,ALDH7A1,501.0,MutNovel,"A8T,0.750"
X-3558,ANKRD13B,124930.0,MutNovel,"M359V,0.736"
X-3558,ANKRD36,375248.0,MutNovel,"T998S,0.229"
X-3558,ARHGEF3,50650.0,MutNovel,"S546F,0.554"
X-3558,ARIH2,10425.0,MutKnownFunctional,"Y428*,0.990"
X-3558,ATG2B,55102.0,MutNovel,"E980K,0.375"
X-3558,AUTS2,26053.0,MutNovel,"S1125SR,0.500"
X-3558,AUTS2,26053.0,MutNovel,"H1126R,0.309"
X-3558,BYSL,705.0,MutNovel,"P426F,0.449"
X-3558,CCHCR1,54535.0,MutNovel,"M488I,0.543"
X-3558,CDADC1,81602.0,MutNovel,"G365S,1.000"
X-3558,CEL,1056.0,MutNovel,"T707R,0.600"
X-3558,CHCHD3,54927.0,MutNovel,"Q192E,0.488"
X-3558,COX18,285521.0,MutNovel,"S61F,0.241"
X-3558,CRIPAK,285464.0,MutNovel,"V164A,0.258"
X-3558,CTSA,5476.0,MutNovel,"L29-,0.421"
X-3558,CYB561D1,284613.0,MutNovel,"F103-,1.000"
X-3558,CYP2E1,1571.0,MutNovel,"I383M,0.740"
X-3558,CYP2U1,113612.0,MutNovel,"W48C,0.500"
X-3558,CYS1,192668.0,MutNovel,"R35L,0.857"
X-3558,DCAKD,79877.0,MutKnownFunctional,"-7,0.500"
X-3558,DCHS1,8642.0,MutNovel,"L33LW,0.358"
X-3558,DDX49,54555.0,MutNovel,"D133N,0.528"
X-3558,DFNB59,494513.0,MutKnownFunctional,"-309,0.412"
X-3558,DMRT2,10655.0,MutNovel,"T106S,1.000"
X-3558,DNAH14,127602.0,MutNovel,"R2955Q,0.727"
X-3558,DUOXA2,405753.0,MutNovel,"F190L,0.500"
X-3558,EEF2,1938.0,MutNovel,"P377A,0.554"
X-3558,EWSR1,2130.0,MutNovel,"R568P,0.504"
X-3558,FAM132B,,MutNovel,"R307C,0.870"
X-3558,FAM171B,165215.0,MutNovel,"-50Q,0.947"
X-3558,FAM86C1,55199.0,MutKnownFunctional,"Y69*,0.583"
X-3558,FBXL2,25827.0,MutNovel,"P406L,0.430"
X-3558,FNDC1,84624.0,MutNovel,"ATTRRTT1471A,0.514"
X-3558,FOXA1,3169.0,MutNovel,"A115T,0.444"
X-3558,FREM1,158326.0,MutNovel,"R849V,0.212"
X-3558,FSIP2,401024.0,MutNovel,"Q562L,1.000"
X-3558,FUK,197258.0,MutNovel,"Q194K,0.525"
X-3558,GABPB1,2553.0,MutNovel,"D151G,0.503"
X-3558,GIGYF2,26058.0,MutNovel,"PQ1231P,1.000"
X-3558,GOLGA2,2801.0,MutNovel,"D708E,0.273"
X-3558,HCN2,610.0,MutNovel,"R76H,1.000"
X-3558,HIC1,3090.0,MutNovel,"P370A,0.559"
X-3558,HLA-G,3135.0,MutNovel,"M49V,1.000"
X-3558,HLA-G,3135.0,MutNovel,"G80R,1.000"
X-3558,HLA-G,3135.0,MutNovel,"EQ278DQ,0.231"
X-3558,HLA-G,3135.0,MutNovel,"R280T,0.429"
X-3558,HLA-G,3135.0,MutNovel,"K334E,1.000"
X-3558,HMCN1,83872.0,MutNovel,"N5194H,0.409"
X-3558,HNRNPCL1,343069.0,MutNovel,"Q185K,1.000"
X-3558,IFIT1B,439996.0,MutNovel,"Y256C,0.760"
X-3558,IP6K2,51447.0,MutNovel,"E322D,0.993"
X-3558,IP6K2,51447.0,MutNovel,"S18F,1.000"
X-3558,KAT8,84148.0,MutNovel,"P36A,0.404"
X-3558,KIF20B,9585.0,MutNovel,"L1062LKV,0.495"
X-3558,KLHL21,9903.0,MutNovel,"A208T,1.000"
X-3558,LDB1,8861.0,MutNovel,"C269Y,0.394"
X-3558,LMF1,64788.0,MutNovel,"G525E,0.504"
X-3558,LOC100132247,100132247.0,MutNovel,"A423V,0.278"
X-3558,LOC100132247,100132247.0,MutNovel,"A507V,0.333"
X-3558,LOC100144595,,MutNovel,"Y56H,1.000"
X-3558,LOC100288332,,MutNovel,"L270V,0.667"
X-3558,LOC100507369,,MutNovel,"L103V,0.600"
X-3558,LOC100507369,,MutNovel,"P94L,0.500"
X-3558,LOC646021,,MutNovel,"G158A,0.769"
X-3558,LOC653720,,MutNovel,"E380Q,1.000"
X-3558,LRIG3,121227.0,MutNovel,"M182L,1.000"
X-3558,LRRC66,339977.0,MutNovel,"T664I,0.607"
X-3558,LSR,51599.0,MutNovel,"G518GR,0.643"
X-3558,LTBP3,4054.0,MutNovel,"L35LCW,0.889"
X-3558,MCC,4163.0,MutNovel,"S15G,0.625"
X-3558,MCM2,4171.0,MutNovel,"R276C,0.459"
X-3558,MED12,9968.0,MutKnownFunctional,"E1464*,0.971"
X-3558,MEF2A,4205.0,MutNovel,"L180P,0.506"
X-3558,MEF2A,4205.0,MutNovel,"QQ412-,0.276"
X-3558,MGAM,8972.0,MutNovel,"R1039C,1.000"
X-3558,MLLT3,4300.0,MutNovel,"SS156S,1.000"
X-3558,MPRIP,23164.0,MutNovel,"TS178T,0.372"
X-3558,MRPS28,28957.0,MutNovel,"S151C,0.488"
X-3558,NAV1,89796.0,MutNovel,"P50PG,0.489"
X-3558,NBPF10,100132406.0,MutNovel,"Q1557H,0.800"
X-3558,NBPF12,,MutNovel,"I338L,0.719"
X-3558,NCOR2,9612.0,MutNovel,"G1839GAAA,1.000"
X-3558,NCOR2,9612.0,MutNovel,"-511S,1.000"
X-3558,NPIPL3,23117.0,MutNovel,"R1004Q,0.500"
X-3558,NPR1,4881.0,MutNovel,"G541S,0.600"
X-3558,NRSN2,80023.0,MutNovel,"Q199K,0.486"
X-3558,NTPCR,84284.0,MutNovel,"E39K,0.333"
X-3558,NUDT11,55190.0,MutKnownFunctional,"-1,1.000"
X-3558,OR2T4,127074.0,MutKnownFunctional,"-253,1.000"
X-3558,ORAI1,84876.0,MutNovel,"PP43-,1.000"
X-3558,OSGIN1,29948.0,MutNovel,"V19F,0.487"
X-3558,PCDHB11,56125.0,MutNovel,"L496P,0.409"
X-3558,PCDHB4,56131.0,MutNovel,"H468P,0.400"
X-3558,PCDHB4,56131.0,MutNovel,"A507T,0.750"
X-3558,PCDHB4,56131.0,MutNovel,"G531S,0.714"
X-3558,PCDHB6,56130.0,MutNovel,"S524A,0.440"
X-3558,PCDHB6,56130.0,MutNovel,"G530S,0.519"
X-3558,PDDC1,347862.0,MutNovel,"K77Q,0.442"
X-3558,PHLDA1,22822.0,MutNovel,"QQ194Q,1.000"
X-3558,PKD1,5310.0,MutNovel,"V2618M,0.502"
X-3558,PLXNA1,5361.0,MutNovel,"A1437S,0.486"
X-3558,POLG,5428.0,MutNovel,"QQQQ50Q,0.389"
X-3558,POM121,9883.0,MutNovel,"A593T,0.524"
X-3558,POT1,25913.0,MutNovel,"Y26C,1.000"
X-3558,POTEE,445582.0,MutKnownFunctional,"-816,0.267"
X-3558,POTEI,,MutNovel,"K756S,1.000"
X-3558,PPP1R12C,54776.0,MutNovel,"A709V,0.285"
X-3558,PPP1R18,,MutNovel,"Q304H,0.461"
X-3558,PPP1R3B,79660.0,MutNovel,"D97E,1.000"
X-3558,PPP4R1,9989.0,MutNovel,"L4F,1.000"
X-3558,PRDM10,56980.0,MutNovel,"P164L,1.000"
X-3558,QRFP,347148.0,MutNovel,"R25S,0.714"
X-3558,RAB28,9364.0,MutNovel,"G71A,0.482"
X-3558,RASA4,10156.0,MutNovel,"Q444H,0.667"
X-3558,RB1CC1,9821.0,MutNovel,"E1494K,0.461"
X-3558,RELL1,768211.0,MutNovel,"P214T,1.000"
X-3558,RGPD5,84220.0,MutNovel,"A1760P,0.667"
X-3558,RIMBP3B,,MutNovel,"R1513F,0.429"
X-3558,RIN3,79890.0,MutNovel,"G967-,0.479"
X-3558,S100A3,6274.0,MutKnownFunctional,"-70,0.440"
X-3558,SCAF1,58506.0,MutNovel,"S574R,0.375"
X-3558,SCYL2,55681.0,MutNovel,"T401N,1.000"
X-3558,SERINC2,347735.0,MutNovel,"-373Q,0.561"
X-3558,SERPINE2,5270.0,MutNovel,"V97I,0.456"
X-3558,SF3A2,8175.0,MutNovel,"P416L,0.504"
X-3558,SFI1,9814.0,MutNovel,"A844V,0.505"
X-3558,SFPQ,6421.0,MutNovel,"H247Y,0.429"
X-3558,SLC25A1,6576.0,MutNovel,"A5V,0.444"
X-3558,SLC45A3,85414.0,MutNovel,"R245W,0.654"
X-3558,SOBP,55084.0,MutNovel,"G652C,0.929"
X-3558,SPEG,10290.0,MutNovel,"S2047G,0.233"
X-3558,TBP,6908.0,MutNovel,"-64Q,1.000"
X-3558,TMBIM4,51643.0,MutKnownFunctional,"-174?,0.857"
X-3558,TMEM184A,202915.0,MutNovel,"G392GA,1.000"
X-3558,TMPO,7112.0,MutNovel,"V129L,0.396"
X-3558,TNFAIP6,7130.0,MutKnownFunctional,"-278,0.491"
X-3558,TPBG,7162.0,MutNovel,"A118V,1.000"
X-3558,TPRN,286262.0,MutNovel,"G341A,0.412"
X-3558,TSPAN15,23555.0,MutNovel,"R86H,0.333"
X-3558,TUBGCP2,10844.0,MutNovel,"S225P,0.311"
X-3558,URI1,8725.0,MutNovel,"S16SAP,0.588"
X-3558,USP36,57602.0,MutNovel,"KKK958K,0.490"
X-3558,USP38,84640.0,MutKnownFunctional,"-149,0.273"
X-3558,USP47,55031.0,MutNovel,"S925C,0.462"
X-3558,VHL,7428.0,MutNovel,"P25L,0.491"
X-3558,WASH1,100287171.0,MutNovel,"P152A,0.219"
X-3558,WDR81,124997.0,MutNovel,"V1490M,0.569"
X-3558,WTH3DI,150786.0,MutNovel,"T122M,1.000"
X-3558,WTH3DI,150786.0,MutNovel,"G115R,1.000"
X-3558,XYLT1,64131.0,MutNovel,"G52S,0.769"
X-3558,ZBTB10,65986.0,MutNovel,"L168V,0.486"
X-3558,ZCCHC2,54877.0,MutNovel,"P16L,1.000"
X-3558,ZNF384,171017.0,MutNovel,"QQ514Q,0.455"
X-3558,ZNF469,84627.0,MutNovel,"A1230E,0.744"
X-3558,ZNF519,162655.0,MutNovel,"Q309R,1.000"
X-3558,ZNF554,115196.0,MutNovel,"H402R,0.357"
X-3558,ZXDC,79364.0,MutNovel,"A126V,0.500"
X-3588,61E3.4,,MutNovel,"S120F,0.341"
X-3588,ACAA2,10449.0,Amp5,5.7
X-3588,ACOT1,641371.0,Del0.8,0.73
X-3588,ACOX2,8309.0,MutNovel,"D194N,1.000"
X-3588,AHDC1,27245.0,MutNovel,"P336H,0.545"
X-3588,ALKBH7,84266.0,MutNovel,"L137V,0.546"
X-3588,ANAPC1,64682.0,MutNovel,"L887S,0.242"
X-3588,ANKRD26,22852.0,MutNovel,"I1360V,0.304"
X-3588,ANKRD31,256006.0,MutNovel,"P725S,1.000"
X-3588,ANO10,55129.0,MutNovel,"P619T,1.000"
X-3588,APPL2,55198.0,MutNovel,"R46C,0.707"
X-3588,ARHGAP10,79658.0,MutNovel,"T109A,0.314"
X-3588,ARID1B,57492.0,MutNovel,"R750L,0.529"
X-3588,ASH1L,55870.0,MutNovel,"Q2046R,0.625"
X-3588,ATP5A1,498.0,Amp5,5.7
X-3588,ATXN2,6311.0,MutNovel,"S72F,0.750"
X-3588,ATXN7,6314.0,MutNovel,"R420T,0.433"
X-3588,AXL,558.0,MutNovel,"G508S,0.678"
X-3588,BCORP1,286554.0,Del0.8,0.34
X-3588,BMS1,9790.0,MutNovel,"V146I,1.000"
X-3588,BPY2B,442867.0,Del0.8,0.34
X-3588,BPY2B,442867.0,Del0.8,0.34
X-3588,BTN2A2,10385.0,MutNovel,"G447A,0.370"
X-3588,C10orf10,11067.0,Amp5,6.5
X-3588,C10orf25,220979.0,Amp5,6.5
X-3588,C12orf63,,MutNovel,"V514I,1.000"
X-3588,C18orf25,147339.0,Amp5,5.7
X-3588,C18orf32,497661.0,Amp5,5.7
X-3588,C19orf12,83636.0,Amp5,5.78
X-3588,C21orf58,54058.0,MutNovel,"H299PN,0.714"
X-3588,C9orf53,51198.0,Del0.8,0.3
X-3588,CACNA1A,773.0,MutNovel,"Q2331-,0.556"
X-3588,CCDC102A,92922.0,MutNovel,"R128H,0.300"
X-3588,CCDC11,220136.0,Amp5,5.7
X-3588,CCDC66,285331.0,MutNovel,"S606SP,0.917"
X-3588,CCNE1,898.0,Amp5,5.78
X-3588,CDKN2A,1029.0,Del0.8,0.3
X-3588,CDKN2B,1030.0,Del0.8,0.47
X-3588,CDY1B,253175.0,Del0.8,0.34
X-3588,CDY1B,253175.0,Del0.8,0.34
X-3588,CDY2A,9426.0,Del0.8,0.34
X-3588,CDY2A,9426.0,Del0.8,0.34
X-3588,CDY2B,203611.0,Del0.8,0.34
X-3588,CDY2B,203611.0,Del0.8,0.34
X-3588,CITED4,163732.0,MutNovel,"E9D,0.510"
X-3588,CLU,1191.0,MutNovel,"R138H,0.619"
X-3588,COPZ2,51226.0,MutKnownFunctional,"-23?,0.360"
X-3588,COPZ2,51226.0,MutKnownFunctional,"-6?,1.000"
X-3588,CRIPAK,285464.0,MutNovel,"V164A,0.312"
X-3588,CSPG4P1Y,114758.0,Del0.8,0.34
X-3588,CSPG4P1Y,114758.0,Del0.8,0.34
X-3588,CTIF,9811.0,Amp5,5.7
X-3588,CTSA,5476.0,MutNovel,"L29-,0.370"
X-3588,CUL1,8454.0,Del0.8,0.68
X-3588,CXXC1,30827.0,Amp5,5.7
X-3588,DAZ1,1617.0,Del0.8,0.34
X-3588,DAZ2,57055.0,Del0.8,0.34
X-3588,DAZ3,57054.0,Del0.8,0.34
X-3588,DAZ3,57054.0,Del0.8,0.34
X-3588,DAZ4,57135.0,Del0.8,0.34
X-3588,DAZ4,57135.0,Del0.8,0.34
X-3588,DDX3Y,8653.0,Del0.8,0.34
X-3588,DENND4B,9909.0,MutNovel,"QQQ908-,0.286"
X-3588,DET1,55070.0,MutNovel,"R269C,0.581"
X-3588,DKFZp566F0947,94023.0,Amp5,5.78
X-3588,DMRTA1,63951.0,Del0.8,0.33
X-3588,DNAH1,25981.0,MutNovel,"R884Q,1.000"
X-3588,DYM,54808.0,Amp5,5.7
X-3588,EIF1AY,9086.0,Del0.8,0.34
X-3588,ELAC1,55520.0,Amp5,5.7
X-3588,ELAVL2,1993.0,Del0.8,0.35
X-3588,EMILIN1,11117.0,MutNovel,"H264L,0.672"
X-3588,EP400,57634.0,MutNovel,"A2961T,0.591"
X-3588,EPG5,57724.0,Amp5,5.7
X-3588,EPM2A,7957.0,MutNovel,"Q55K,0.400"
X-3588,ERRFI1,54206.0,MutNovel,"H106Y,0.364"
X-3588,EXOSC6,118460.0,MutNovel,"R135P,0.667"
X-3588,FAM171B,165215.0,MutNovel,"-50Q,0.600"
X-3588,FAM41AY1,340618.0,Del0.8,0.34
X-3588,FAM41AY1,340618.0,Del0.8,0.34
X-3588,FCHO2,115548.0,MutNovel,"SS508S,0.918"
X-3588,FLJ35282,441389.0,Del0.8,0.24
X-3588,FLNC,2318.0,MutNovel,"P2007R,0.219"
X-3588,GBE1,2632.0,MutNovel,"H665R,0.230"
X-3588,GNAL,2774.0,MutNovel,"P36PAL,0.875"
X-3588,GNPTG,84572.0,MutNovel,"KY80-,0.202"
X-3588,GOLGA2P2Y,84559.0,Del0.8,0.34
X-3588,GOLGA2P2Y,84559.0,Del0.8,0.34
X-3588,GTPBP5,26164.0,MutKnownFunctional,"-189,0.365"
X-3588,GYG2P1,352887.0,Del0.8,0.34
X-3588,HAUS1,115106.0,Amp5,5.7
X-3588,HDHD2,84064.0,Amp5,5.7
X-3588,HLA-H,3136.0,Del0.8,0.75
X-3588,HSFY2,159119.0,Del0.8,0.34
X-3588,HSFY2,159119.0,Del0.8,0.34
X-3588,IER3IP1,51124.0,Amp5,5.7
X-3588,IFNA1,3439.0,Del0.8,0.35
X-3588,IFNA10,3446.0,Del0.8,0.63
X-3588,IFNA13,3447.0,Del0.8,0.35
X-3588,IFNA14,3448.0,Del0.8,0.33
X-3588,IFNA16,3449.0,Del0.8,0.63
X-3588,IFNA17,3451.0,Del0.8,0.33
X-3588,IFNA2,3440.0,Del0.8,0.35
X-3588,IFNA21,3452.0,Del0.8,0.42
X-3588,IFNA22P,3453.0,Del0.8,0.33
X-3588,IFNA4,3441.0,Del0.8,0.13
X-3588,IFNA6,3443.0,Del0.8,0.35
X-3588,IFNA7,3444.0,Del0.8,0.63
X-3588,IFNA8,3445.0,Del0.8,0.35
X-3588,IFNB1,3456.0,Del0.8,0.42
X-3588,IFNE,338376.0,Del0.8,0.35
X-3588,IFNW1,3467.0,Del0.8,0.42
X-3588,IGF2R,3482.0,MutNovel,"A933V,0.579"
X-3588,KATNAL2,83473.0,Amp5,5.7
X-3588,KC6,641516.0,Amp5,5.7
X-3588,KDM5D,8284.0,Del0.8,0.34
X-3588,KIF20B,9585.0,MutNovel,"L1062LKV,0.245"
X-3588,KLHL9,55958.0,Del0.8,0.35
X-3588,LAMA1,284217.0,MutNovel,"G2627A,0.286"
X-3588,LCE1E,353135.0,Del0.8,0.62
X-3588,LCE3C,353144.0,Del0.8,0.26
X-3588,LIFR,3977.0,MutNovel,"G486A,0.333"
X-3588,LIPG,9388.0,Amp5,5.7
X-3588,LMBR1,64327.0,Del0.8,0.66
X-3588,LMF2,91289.0,MutNovel,"R492Q,0.732"
X-3588,LOC100132707,100132707.0,Del0.8,0.5
X-3588,LOC100133308,100133308.0,Amp8,9.71
X-3588,LOC100287225,100287225.0,Amp5,5.7
X-3588,LOC100505835,100505835.0,Amp5,5.78
X-3588,LOC100506422,100506422.0,Del0.8,0.74
X-3588,LOC100506888,100506888.0,Amp5,5.7
X-3588,LOC148145,148145.0,Amp5,5.78
X-3588,LOC284260,284260.0,Amp5,5.7
X-3588,LOC284395,284395.0,Amp5,5.78
X-3588,LOC338579,338579.0,Amp8,14.52
X-3588,LOC391322,391322.0,MutNovel,"H7D,0.500"
X-3588,LOC646021,,MutNovel,"H174Y,1.000"
X-3588,LOC730268,,MutNovel,"V398A,0.970"
X-3588,LOXHD1,125336.0,Amp5,5.7
X-3588,LPIN1,23175.0,MutKnownFunctional,"R110*,0.224"
X-3588,LSR,51599.0,MutNovel,"G518GR,0.868"
X-3588,LTBP1,4052.0,MutNovel,"T1601A,0.359"
X-3588,LTBP3,4054.0,MutNovel,"L35LCW,0.391"
X-3588,MADCAM1,8174.0,MutNovel,"P262Q,1.000"
X-3588,MAFF,23764.0,MutNovel,"E85K,0.313"
X-3588,MAPK4,5596.0,Amp5,5.7
X-3588,MBD1,4152.0,Amp5,5.7
X-3588,ME2,4200.0,Amp5,5.7
X-3588,MEPCE,56257.0,MutNovel,"P16R,0.451"
X-3588,MEX3C,51320.0,Amp5,5.7
X-3588,MIB1,57534.0,MutKnownFunctional,"W163*,1.000"
X-3588,MIR1539,100302257.0,Amp5,5.7
X-3588,MIR3156-1,100422988.0,Amp8,14.52
X-3588,MIR31HG,554202.0,Del0.8,0.48
X-3588,MIR4319,100422829.0,Amp5,5.7
X-3588,MIR4320,100422865.0,Amp5,5.7
X-3588,MIR4473,100616229.0,Del0.8,0.32
X-3588,MIR4474,100616441.0,Del0.8,0.32
X-3588,MIR4743,100616366.0,Amp5,5.7
X-3588,MIR4744,100616420.0,Amp5,5.7
X-3588,MIR491,574444.0,Del0.8,0.3
X-3588,MLLT3,4300.0,Del0.8,0.4
X-3588,MRO,83876.0,Amp5,5.7
X-3588,MT1A,4489.0,MutNovel,"I49V,1.000"
X-3588,MTAP,4507.0,Del0.8,0.44
X-3588,MTX1,4580.0,MutNovel,"F351L,0.329"
X-3588,MYO5B,4645.0,Amp5,5.7
X-3588,MYO9A,4649.0,MutNovel,"R133G,0.909"
X-3588,NACAD,23148.0,MutNovel,"D27N,0.625"
X-3588,NBR1,4077.0,MutNovel,"V431L,0.547"
X-3588,NCOR2,9612.0,MutNovel,"G1839GAAA,0.572"
X-3588,NCRNA00185,55410.0,Del0.8,0.34
X-3588,NFATC3,4775.0,MutNovel,"CG388C,0.333"
X-3588,NLGN4Y,22829.0,Del0.8,0.34
X-3588,NR1H2,7376.0,MutNovel,"-173Q,0.366"
X-3588,NTM,50863.0,MutNovel,"R193Q,1.000"
X-3588,ORAI1,84876.0,MutNovel,"PP43-,0.731"
X-3588,OSMR,9180.0,MutNovel,"D560V,0.213"
X-3588,PABPC3,5042.0,MutNovel,"KG231-,1.000"
X-3588,PAXIP1,22976.0,Del0.8,0.44
X-3588,PDCD11,22984.0,MutNovel,"H1262Y,0.455"
X-3588,PDE4DIP,9659.0,MutNovel,"T2297A,0.276"
X-3588,PDGFRB,5159.0,MutNovel,"N512I,0.523"
X-3588,PDZRN3,23024.0,MutNovel,"H152Y,0.500"
X-3588,PES1,23481.0,MutNovel,"A319V,0.758"
X-3588,PHF3,23469.0,MutNovel,"S427R,1.000"
X-3588,PHLDA1,22822.0,MutNovel,"QQ194Q,0.590"
X-3588,PIAS2,9063.0,Amp5,5.7
X-3588,PIK3C3,5289.0,Amp5,5.7
X-3588,PLEKHF1,79156.0,Amp5,5.78
X-3588,POP4,10775.0,Amp5,5.78
X-3588,POTEE,445582.0,MutNovel,"R816N,0.400"
X-3588,PRIC285,85441.0,MutNovel,"S1805F,0.565"
X-3588,PRY,9081.0,Del0.8,0.34
X-3588,PRY,9081.0,Del0.8,0.34
X-3588,PRY2,442862.0,Del0.8,0.34
X-3588,PRY2,442862.0,Del0.8,0.34
X-3588,PSTPIP2,9050.0,Amp5,5.7
X-3588,PTPLAD2,401494.0,Del0.8,0.35
X-3588,PTPRD,5789.0,Amp8,9.19
X-3588,RASSF4,83937.0,Amp5,6.5
X-3588,RBMY1B,378948.0,Del0.8,0.34
X-3588,RBMY1B,378948.0,Del0.8,0.34
X-3588,RBMY1E,378950.0,Del0.8,0.34
X-3588,RBMY1E,378950.0,Del0.8,0.34
X-3588,RBMY1F,159163.0,Del0.8,0.34
X-3588,RBMY1F,159163.0,Del0.8,0.34
X-3588,RBMY1J,378951.0,Del0.8,0.34
X-3588,RBMY1J,378951.0,Del0.8,0.34
X-3588,RBMY2EP,159125.0,Del0.8,0.34
X-3588,RBMY2FP,159162.0,Del0.8,0.34
X-3588,RIN3,79890.0,MutNovel,"G967-,0.365"
X-3588,RIT2,6014.0,Amp5,5.7
X-3588,RNF165,494470.0,Amp5,5.7
X-3588,RPL17,6139.0,Amp5,5.7
X-3588,RPL17-C18ORF32,100526842.0,Amp5,5.7
X-3588,RPS4Y2,140032.0,Del0.8,0.34
X-3588,RSBN1L,222194.0,MutNovel,"D812H,0.250"
X-3588,RUFY3,22902.0,MutNovel,"A52D,1.000"
X-3588,SCAPER,49855.0,Del0.8,0.68
X-3588,SCARNA17,677769.0,Amp5,5.7
X-3588,SERBP1,26135.0,MutNovel,"L117I,0.470"
X-3588,SERINC2,347735.0,MutNovel,"-373Q,0.615"
X-3588,SETBP1,26040.0,Amp5,5.7
X-3588,SH3BP4,23677.0,MutNovel,"A9V,0.444"
X-3588,SIGLEC15,284266.0,Amp5,5.7
X-3588,SKA1,220134.0,Amp5,5.7
X-3588,SLC14A1,6563.0,Amp5,5.7
X-3588,SLC14A2,8170.0,Amp5,5.7
X-3588,SLC5A6,8884.0,MutNovel,"W100F,0.337"
X-3588,SMAD2,4087.0,Amp5,5.7
X-3588,SMAD4,4089.0,Amp5,5.7
X-3588,SMAD7,4092.0,Amp5,5.7
X-3588,SNAPC4,6621.0,MutNovel,"S542-,0.623"
X-3588,SNORD58A,26791.0,Amp5,5.7
X-3588,SNORD58B,26790.0,Amp5,5.7
X-3588,SNORD58C,100124516.0,Amp5,5.7
X-3588,SNURF,8926.0,MutNovel,"K26R,1.000"
X-3588,SOCS1,8651.0,MutNovel,"Q210H,0.710"
X-3588,SRP14,6727.0,MutNovel,"A116AQQ,0.283"
X-3588,ST8SIA5,29906.0,Amp5,5.7
X-3588,SYT4,6860.0,Amp5,5.7
X-3588,TBC1D3B,414059.0,Del0.8,0.78
X-3588,TBP,6908.0,MutNovel,"-64Q,0.271"
X-3588,TBX4,9496.0,MutNovel,"S223F,0.800"
X-3588,TCEB3B,51224.0,Amp5,5.7
X-3588,TCEB3C,162699.0,Amp5,5.7
X-3588,THEG5,100507527.0,Amp5,5.78
X-3588,TMEM72,643236.0,Amp5,6.5
X-3588,TMEM72-AS1,220980.0,Amp5,6.5
X-3588,TMEM87B,84910.0,MutNovel,"V8L,0.238"
X-3588,TMSB4Y,9087.0,Del0.8,0.34
X-3588,TP53,7157.0,MutNovel,"P151A,1.000"
X-3588,TRABD2B,,MutNovel,"A367E,0.300"
X-3588,TRPC3,7222.0,MutNovel,"M522T,0.900"
X-3588,TSHZ3,57616.0,Amp5,5.78
X-3588,TTTY10,246119.0,Del0.8,0.34
X-3588,TTTY13,83868.0,Del0.8,0.34
X-3588,TTTY14,83869.0,Del0.8,0.34
X-3588,TTTY15,64595.0,Del0.8,0.34
X-3588,TTTY17A,252949.0,Del0.8,0.34
X-3588,TTTY17A,252949.0,Del0.8,0.34
X-3588,TTTY3,114760.0,Del0.8,0.34
X-3588,TTTY3,114760.0,Del0.8,0.34
X-3588,TTTY4,114761.0,Del0.8,0.34
X-3588,TTTY4,114761.0,Del0.8,0.34
X-3588,TTTY5,83863.0,Del0.8,0.34
X-3588,TTTY6,84672.0,Del0.8,0.34
X-3588,TTTY6,84672.0,Del0.8,0.34
X-3588,TTTY9A,83864.0,Del0.8,0.34
X-3588,TTTY9A,83864.0,Del0.8,0.34
X-3588,TULP4,56995.0,MutNovel,"S676C,0.286"
X-3588,TUSC1,286319.0,Del0.8,0.35
X-3588,TXLNG2P,246126.0,Del0.8,0.34
X-3588,UBE2Q1,55585.0,MutNovel,"G32V,0.500"
X-3588,UQCRFS1,7386.0,Amp5,5.78
X-3588,URI1,8725.0,Amp5,5.78
X-3588,USP36,57602.0,MutNovel,"KKK958K,0.326"
X-3588,USP9Y,8287.0,Del0.8,0.34
X-3588,UTY,7404.0,MutNovel,"HK690PA,0.500"
X-3588,UTY,7404.0,MutNovel,"LH689QD,0.500"
X-3588,UTY,7404.0,MutNovel,"G688L,0.500"
X-3588,UTY,7404.0,MutNovel,"Q687C,0.500"
X-3588,UTY,7404.0,MutNovel,"A686I,0.500"
X-3588,UTY,7404.0,MutNovel,"N684K,0.500"
X-3588,UTY,7404.0,MutNovel,"QL681TV,0.500"
X-3588,UTY,7404.0,MutNovel,"RK679TG,0.667"
X-3588,UTY,7404.0,MutNovel,"WR678SG,0.667"
X-3588,UTY,7404.0,MutNovel,"P677A,0.667"
X-3588,UTY,7404.0,MutNovel,"TE674ST,0.667"
X-3588,UTY,7404.0,MutNovel,"SS672KS,1.000"
X-3588,UTY,7404.0,MutNovel,"N671F,1.000"
X-3588,UTY,7404.0,MutKnownFunctional,"DL669G*,1.000"
X-3588,UTY,7404.0,MutKnownFunctional,"TD668*N,1.000"
X-3588,UTY,7404.0,MutNovel,"H667Q,1.000"
X-3588,UTY,7404.0,MutNovel,"N666G,1.000"
X-3588,UTY,7404.0,MutNovel,"CY371YN,1.000"
X-3588,UTY,7404.0,MutNovel,"K370F,1.000"
X-3588,UTY,7404.0,MutNovel,"I369C,0.667"
X-3588,UTY,7404.0,MutNovel,"QD366GH,0.667"
X-3588,UTY,7404.0,MutNovel,"P365R,0.667"
X-3588,UTY,7404.0,MutKnownFunctional,"NQ363S*,0.667"
X-3588,UTY,7404.0,MutNovel,"C362N,0.667"
X-3588,UTY,7404.0,MutNovel,"S361R,0.667"
X-3588,UTY,7404.0,MutKnownFunctional,"YE359Y*,0.500"
X-3588,UTY,7404.0,MutNovel,"L358T,0.500"
X-3588,UTY,7404.0,MutNovel,"G356S,0.500"
X-3588,UTY,7404.0,MutKnownFunctional,"DL354G*,0.500"
X-3588,UTY,7404.0,MutNovel,"MD353RN,0.500"
X-3588,UTY,7404.0,MutNovel,"W352Q,0.500"
X-3588,UTY,7404.0,MutNovel,"AA350ET,0.500"
X-3588,UTY,7404.0,MutNovel,"HA348QN,0.500"
X-3588,UTY,7404.0,MutNovel,"L344C,0.500"
X-3588,UTY,7404.0,MutKnownFunctional,"Y123*,0.667"
X-3588,UTY,7404.0,MutNovel,"S111R,0.667"
X-3588,UTY,7404.0,MutNovel,"E104G,1.000"
X-3588,UTY,7404.0,MutNovel,"LL101RR,1.000"
X-3588,UTY,7404.0,MutNovel,"NL100SF,0.667"
X-3588,UTY,7404.0,MutNovel,"HF98QA,0.667"
X-3588,UTY,7404.0,MutNovel,"H98D,0.667"
X-3588,UTY,7404.0,MutNovel,"L96G,0.667"
X-3588,UTY,7404.0,Del0.8,0.34
X-3588,VCY,9084.0,Del0.8,0.34
X-3588,VCY,9084.0,Del0.8,0.34
X-3588,VSTM2B,342865.0,Amp5,5.78
X-3588,WDHD1,11169.0,MutNovel,"D786G,0.542"
X-3588,WWOX,51741.0,Del0.8,0.72
X-3588,XKRY2,353515.0,Del0.8,0.34
X-3588,XKRY2,353515.0,Del0.8,0.34
X-3588,ZBTB39,9880.0,MutNovel,"H702R,0.600"
X-3588,ZBTB7C,201501.0,Amp5,5.7
X-3588,ZFP2,80108.0,MutNovel,"C384S,0.714"
X-3588,ZFX,7543.0,MutNovel,"R401K,0.417"
X-3588,ZNF22,7570.0,Amp5,6.5
X-3588,ZNF335,63925.0,MutNovel,"R286Q,0.392"
X-3588,ZNF384,171017.0,MutNovel,"QQ514Q,0.403"
X-3588,ZNF536,9745.0,Amp5,5.78
X-3588,ZNF628,89887.0,MutNovel,"E292D,0.333"
X-3588,ZNF718,255403.0,MutNovel,"F248L,0.667"
X-3588,ZNF814,730051.0,MutNovel,"F669S,0.273"
X-3588,ZNF862,643641.0,MutNovel,"R883H,1.000"
X-3588,ZNF888,,MutNovel,"E603D,0.571"
X-3662,ACTR3C,653857.0,MutNovel,"K101N,0.625"
X-3662,ACTR8,93973.0,MutKnownFunctional,"-459,0.250"
X-3662,AK4,205.0,MutNovel,"R188Q,0.340"
X-3662,ANAPC1,64682.0,MutNovel,"D1036G,0.333"
X-3662,ANHX,,MutNovel,"S230C,1.000"
X-3662,ANKFY1,51479.0,MutNovel,"L681F,0.536"
X-3662,ANKRD36,375248.0,MutNovel,"S547P,1.000"
X-3662,ANKRD36,375248.0,MutNovel,"P551R,1.000"
X-3662,ARHGAP4,393.0,MutNovel,"V225L,1.000"
X-3662,ASXL1,171023.0,MutNovel,"N986S,0.490"
X-3662,ATP6V0A1,535.0,MutNovel,"N442I,0.472"
X-3662,ATXN1L,342371.0,MutNovel,"L242F,0.510"
X-3662,C14orf80,283643.0,MutNovel,"R166C,0.464"
X-3662,C16orf89,146556.0,MutNovel,"Y368C,0.300"
X-3662,C16orf89,146556.0,MutNovel,"S354G,0.600"
X-3662,C21orf58,54058.0,MutNovel,"H299PN,1.000"
X-3662,C4orf21,55345.0,MutNovel,"G285R,0.462"
X-3662,C5orf42,65250.0,MutNovel,"S1031F,0.560"
X-3662,CHD2,1106.0,MutKnownFunctional,"-1242?,0.852"
X-3662,CITED4,163732.0,MutNovel,"E9D,0.429"
X-3662,CLEC18C,283971.0,MutNovel,"T151M,1.000"
X-3662,CLIP3,25999.0,MutNovel,"A137V,0.429"
X-3662,CNTNAP3,79937.0,MutNovel,"M1010I,0.600"
X-3662,CRIPAK,285464.0,MutNovel,"V100M,0.211"
X-3662,CRIPAK,285464.0,MutNovel,"R126H,0.308"
X-3662,CRIPAK,285464.0,MutNovel,"V164A,0.583"
X-3662,CRTAP,10491.0,MutNovel,"Y260C,0.238"
X-3662,CTAG1B,1485.0,MutNovel,"R6Q,0.244"
X-3662,CTSA,5476.0,MutNovel,"L29-,0.365"
X-3662,CUTC,51076.0,MutNovel,"R187Q,1.000"
X-3662,DCTD,1635.0,MutNovel,"T107S,0.476"
X-3662,DEF8,54849.0,MutNovel,"A8D,0.559"
X-3662,DENND4B,9909.0,MutNovel,"QQQ908-,1.000"
X-3662,DNASE1L1,1774.0,MutNovel,"A16V,1.000"
X-3662,DRD4,1815.0,MutNovel,"A281P,1.000"
X-3662,DRD4,1815.0,MutNovel,"S284G,1.000"
X-3662,EIF3M,10480.0,MutNovel,"K149R,0.528"
X-3662,ETS2,2114.0,MutNovel,"P115L,0.704"
X-3662,EYS,346007.0,MutNovel,"I2694V,0.700"
X-3662,FAM117B,150864.0,MutNovel,"G63D,0.385"
X-3662,FAM27E3,,MutNovel,"N85D,0.500"
X-3662,FAT1,2195.0,MutKnownFunctional,"-4364,0.564"
X-3662,FBXL21,26223.0,MutNovel,"V172A,0.833"
X-3662,FOXD1,2297.0,MutNovel,"AGRRR382-,0.667"
X-3662,FOXD1,2297.0,MutNovel,"R325H,0.524"
X-3662,GIGYF2,26058.0,MutNovel,"PQ1231P,1.000"
X-3662,HADHB,3032.0,MutNovel,"P36S,0.508"
X-3662,HIF1A,3091.0,MutNovel,"E290K,0.519"
X-3662,HLA-G,3135.0,MutKnownFunctional,"-278,0.833"
X-3662,IFIT1B,439996.0,MutNovel,"Q255R,1.000"
X-3662,IFIT1B,439996.0,MutNovel,"Y256C,0.636"
X-3662,IGFBP2,3485.0,MutNovel,"L17LLPP,0.882"
X-3662,IQGAP1,8826.0,MutNovel,"A216T,0.394"
X-3662,IST1,9798.0,MutNovel,"M230V,0.457"
X-3662,KLHDC7B,113730.0,MutNovel,"D474Y,0.600"
X-3662,LOC100507607,,MutNovel,"V538A,1.000"
X-3662,LOC100996543,,MutNovel,"M74V,0.208"
X-3662,LOC256021,,MutNovel,"V87L,0.500"
X-3662,LOC643699,,MutNovel,"T411M,0.273"
X-3662,LSR,51599.0,MutNovel,"G518GR,1.000"
X-3662,LTBP3,4054.0,MutNovel,"L35LCW,0.429"
X-3662,MAML2,84441.0,MutNovel,"T243I,0.439"
X-3662,MAST4,375449.0,MutNovel,"L95LP,0.492"
X-3662,MAU2,23383.0,MutNovel,"AAQAA8-,0.400"
X-3662,MEX3C,51320.0,MutNovel,"G43A,0.500"
X-3662,MN1,4330.0,MutNovel,"Q534R,0.235"
X-3662,MPRIP,23164.0,MutNovel,"TS178T,0.260"
X-3662,MYOM2,9172.0,MutNovel,"T1404I,1.000"
X-3662,N4BP2L2,10443.0,MutNovel,"V239F,0.471"
X-3662,NBPF1,55672.0,MutNovel,"L337R,0.273"
X-3662,NBPF10,100132406.0,MutNovel,"I1165F,0.385"
X-3662,NBPF16,728936.0,MutNovel,"D237N,0.297"
X-3662,NCL,4691.0,MutNovel,"EE264E,0.370"
X-3662,NCOA3,8202.0,MutNovel,"Q1255-,0.667"
X-3662,NCOR2,9612.0,MutNovel,"G1839GAAA,1.000"
X-3662,NCOR2,9612.0,MutNovel,"-511S,1.000"
X-3662,NF1,4763.0,MutNovel,"Q1033R,0.691"
X-3662,NNT,23530.0,MutNovel,"P449A,0.577"
X-3662,NPEPPS,9520.0,MutNovel,"P194R,0.214"
X-3662,NUDT11,55190.0,MutKnownFunctional,"-1,1.000"
X-3662,ORAI1,84876.0,MutNovel,"PP43-,1.000"
X-3662,PABPC3,5042.0,MutKnownFunctional,"-299,0.600"
X-3662,PCK2,5106.0,MutNovel,"E245A,0.595"
X-3662,PDE4D,5144.0,MutNovel,"P5T,1.000"
X-3662,PHLPP1,23239.0,MutNovel,"P1668L,0.620"
X-3662,PIP4K2B,8396.0,MutNovel,"P90S,0.411"
X-3662,PLD2,5338.0,MutNovel,"N426D,0.575"
X-3662,POTEG,404785.0,MutNovel,"V321I,1.000"
X-3662,POTEH,23784.0,MutNovel,"V358I,1.000"
X-3662,POTEH,23784.0,MutNovel,"I238V,0.833"
X-3662,PPIL3,53938.0,MutNovel,"N95S,0.359"
X-3662,PPP2R3C,55012.0,MutKnownFunctional,"-23?,1.000"
X-3662,PRODH,5625.0,MutNovel,"M312V,1.000"
X-3662,PRRT3,285368.0,MutNovel,"G922R,0.460"
X-3662,PTEN,5728.0,MutLikelyFunctional,"-169,1.000"
X-3662,PTH2R,5746.0,MutKnownFunctional,"S82*,0.393"
X-3662,PTPN18,26469.0,MutNovel,"I87T,0.529"
X-3662,RAD50,10111.0,MutNovel,"E1232G,0.638"
X-3662,RALY,22913.0,MutNovel,"-231S,1.000"
X-3662,RBL2,5934.0,MutNovel,"G29R,0.583"
X-3662,RBM12B,389677.0,MutNovel,"QLPEEDFRQ645Q,0.286"
X-3662,RGPD8,727851.0,MutNovel,"E928K,0.275"
X-3662,RHPN1,114822.0,MutNovel,"A583T,0.700"
X-3662,RHPN2,85415.0,MutNovel,"A353V,0.364"
X-3662,RIN3,79890.0,MutNovel,"G967-,1.000"
X-3662,RNF112,7732.0,MutNovel,"R98W,0.667"
X-3662,ROBO1,6091.0,MutNovel,"N244Y,0.554"
X-3662,RUVBL2,10856.0,MutNovel,"R336Q,0.409"
X-3662,RYK,6259.0,MutNovel,"A50V,0.483"
X-3662,SAPCD2,,MutNovel,"C170F,0.889"
X-3662,SCRN2,90507.0,MutNovel,"V40M,0.996"
X-3662,SCUBE2,57758.0,MutNovel,"L25P,0.800"
X-3662,SCUBE2,57758.0,MutNovel,"LP22P,1.000"
X-3662,SERINC2,347735.0,MutNovel,"-373Q,0.486"
X-3662,SLC25A12,8604.0,MutNovel,"G102A,0.404"
X-3662,SLC38A1,81539.0,MutNovel,"L390F,0.273"
X-3662,SLC6A8,6535.0,MutNovel,"V372M,0.328"
X-3662,SMO,6608.0,MutNovel,"G16GL,0.500"
X-3662,SOAT1,6646.0,MutNovel,"M395V,0.406"
X-3662,SPDYE2,441273.0,MutNovel,"R72K,0.667"
X-3662,STAG1,10274.0,MutNovel,"R697W,0.492"
X-3662,STAT2,6773.0,MutNovel,"G825C,0.454"
X-3662,SUMO3,6612.0,MutNovel,"K7M,0.607"
X-3662,TBP,6908.0,MutNovel,"-64Q,1.000"
X-3662,TCEB3,6924.0,MutNovel,"P15A,1.000"
X-3662,THAP8,199745.0,MutKnownFunctional,"-209,0.577"
X-3662,THUMPD3,25917.0,MutNovel,"N159D,0.597"
X-3662,TMBIM4,51643.0,MutKnownFunctional,"-174?,0.511"
X-3662,TMCO3,55002.0,MutNovel,"R632Q,0.458"
X-3662,TPTE,7179.0,MutNovel,"E57K,1.000"
X-3662,TSPYL1,7259.0,MutNovel,"V176VW,0.519"
X-3662,TTN,7273.0,MutKnownFunctional,"-22786,0.500"
X-3662,TTN,7273.0,MutNovel,"K2568Q,1.000"
X-3662,UAP1,6675.0,MutNovel,"L37P,0.486"
X-3662,UBE2G2,7327.0,MutNovel,"Y13C,0.365"
X-3662,USP36,57602.0,MutNovel,"KKK958K,0.529"
X-3662,VCX3A,51481.0,MutNovel,"V186M,1.000"
X-3662,VHL,7428.0,MutNovel,"P25L,0.585"
X-3662,WASH1,100287171.0,MutNovel,"T302THHQ,0.308"
X-3662,WDR67,93594.0,MutNovel,"K907N,0.551"
X-3662,WDR70,55100.0,MutNovel,"R652C,0.496"
X-3662,WDR86,349136.0,MutNovel,"R338C,0.461"
X-3662,WNK2,65268.0,MutNovel,"P712L,0.500"
X-3662,ZFP90,146198.0,MutNovel,"V382A,0.500"
X-3662,ZNF384,171017.0,MutNovel,"QQ514Q,1.000"
X-3662,ZNF544,27300.0,MutNovel,"R304K,0.630"
X-3662,ZNF732,654254.0,MutNovel,"L3P,1.000"
X-3729,AADAT,51166.0,Amp8,14.93
X-3729,ABCA11P,79963.0,Amp5,6.54
X-3729,ABCA8,10351.0,MutNovel,"A253S,1.000"
X-3729,ABCE1,6059.0,Amp8,15.45
X-3729,ACOT1,641371.0,Amp5,6.02
X-3729,ACSL1,2180.0,Del0.8,0.65
X-3729,ADAM29,11086.0,Del0.8,0.72
X-3729,ADAMTS7,11173.0,MutNovel,"A1104-,0.920"
X-3729,ADAMTSL5,339366.0,MutNovel,"R64Q,0.531"
X-3729,ADAT1,23536.0,MutNovel,"D497E,1.000"
X-3729,ADCY8,114.0,Amp5,5.43
X-3729,AGA,175.0,Del0.8,0.72
X-3729,AGAP6,414189.0,MutNovel,"L443V,1.000"
X-3729,AHNAK,79026.0,MutNovel,"M4321I,0.477"
X-3729,AHNAK2,113146.0,MutNovel,"E3011D,0.217"
X-3729,AHNAK2,113146.0,MutNovel,"D2021V,0.939"
X-3729,ALDH3B1,221.0,MutNovel,"A448V,0.618"
X-3729,AMELY,266.0,Del0.8,0.32
X-3729,AMY1A,276.0,Amp5,5.28
X-3729,ANAPC10,10393.0,Amp8,15.45
X-3729,ANKRD20A4,728747.0,Amp5,5.1
X-3729,ANKRD28,23243.0,Amp5,5.9
X-3729,ANKRD37,353322.0,Del0.8,0.65
X-3729,ANP32C,23520.0,Amp8,14.62
X-3729,ANXA10,11199.0,Amp8,15.35
X-3729,ANXA2P1,303.0,Amp8,14.03
X-3729,APIP,51074.0,Amp8,65.8
X-3729,ARFIP1,27236.0,Amp8,14.03
X-3729,ARHGAP10,79658.0,Amp8,16.11
X-3729,ARHGAP35,2909.0,MutNovel,"R1164Q,0.404"
X-3729,ARID4B,51742.0,MutNovel,"EE548E,0.568"
X-3729,ARL6IP4,51329.0,MutNovel,"P115L,0.681"
X-3729,ARL8B,55207.0,Amp5,5.86
X-3729,ARPC4,10093.0,Amp5,5.54
X-3729,ARPC4-TTLL3,100526693.0,Amp5,5.54
X-3729,ASAP1,50807.0,Amp5,5.43
X-3729,ASAP1-IT1,29065.0,Amp5,5.43
X-3729,ASB5,140458.0,Del0.8,0.72
X-3729,ASIC1,,MutKnownFunctional,"-456,1.000"
X-3729,ASMTL,8623.0,MutNovel,"P1121L,1.000"
X-3729,ATAD3B,83858.0,MutNovel,"R244W,0.496"
X-3729,ATAD3B,83858.0,MutNovel,"P311S,0.658"
X-3729,ATAD3C,219293.0,MutNovel,"P136S,1.000"
X-3729,ATAD3C,219293.0,MutNovel,"V139A,1.000"
X-3729,ATG7,10533.0,Amp5,5.54
X-3729,ATP2A3,489.0,MutNovel,"R674H,1.000"
X-3729,ATP2B2,491.0,Amp5,5.54
X-3729,ATP5I,521.0,Amp5,5.5
X-3729,BCORP1,286554.0,Del0.8,0.27
X-3729,BEAN1,146227.0,MutNovel,"R73C,1.000"
X-3729,BHLHE40,8553.0,Amp5,5.54
X-3729,BPY2B,442867.0,Del0.8,0.13
X-3729,BPY2B,442867.0,Del0.8,0.2
X-3729,BRK1,55845.0,Amp5,5.54
X-3729,BRPF1,7862.0,Amp5,5.54
X-3729,BTD,686.0,Amp5,5.9
X-3729,C11orf74,119710.0,Amp8,79.89
X-3729,C1GALT1,56913.0,Amp5,5.9
X-3729,C3orf24,115795.0,Amp5,5.54
X-3729,C3orf32,51066.0,Amp5,5.54
X-3729,C4orf27,54969.0,Amp8,11.47
X-3729,C4orf45,152940.0,Amp8,15.35
X-3729,C4orf46,201725.0,Amp8,15.35
X-3729,C4orf47,441054.0,Del0.8,0.65
X-3729,C4orf51,646603.0,Amp8,15.45
X-3729,C5orf65,389333.0,MutNovel,"P878S,1.000"
X-3729,C8orf33,65265.0,Amp8,10.06
X-3729,CAMK1,8536.0,Amp5,5.54
X-3729,CAND2,23066.0,Amp5,5.54
X-3729,CAPN7,23473.0,Amp5,5.9
X-3729,CASP12,100506742.0,MutNovel,"I215V,1.000"
X-3729,CASP12,100506742.0,MutNovel,"D193N,1.000"
X-3729,CASP3,836.0,Del0.8,0.65
X-3729,CAV3,859.0,Amp5,5.54
X-3729,CBR4,84869.0,Amp8,15.35
X-3729,CBWD6,644019.0,Amp5,5.1
X-3729,CBX4,8535.0,MutNovel,"HH399-,0.708"
X-3729,CCDC110,256309.0,Del0.8,0.65
X-3729,CCDC111,201973.0,Del0.8,0.65
X-3729,CCDC88B,283234.0,MutNovel,"G327S,1.000"
X-3729,CD276,80381.0,MutNovel,"R329S,0.232"
X-3729,CD44,960.0,Amp8,68.59
X-3729,CDKN2A,1029.0,MutKnownFunctional,"R80*,0.997"
X-3729,CDKN2AIP,55602.0,Del0.8,0.65
X-3729,CDY1B,253175.0,Del0.8,0.06
X-3729,CDY1B,253175.0,Del0.8,0.2
X-3729,CDY2A,9426.0,Del0.8,0.27
X-3729,CDY2A,9426.0,Del0.8,0.27
X-3729,CDY2B,203611.0,Del0.8,0.27
X-3729,CDY2B,203611.0,Del0.8,0.27
X-3729,CEP44,80817.0,Del0.8,0.72
X-3729,CHD6,84181.0,MutNovel,"D1688Y,0.333"
X-3729,CHIC2,26511.0,Amp5,5.86
X-3729,CHL1,10752.0,Amp5,6.06
X-3729,CIDEC,63924.0,Amp5,5.54
X-3729,CIDECP,152302.0,Amp5,5.54
X-3729,CKAP4,10970.0,MutNovel,"G77-,0.670"
X-3729,CLCN3,1182.0,Amp8,15.35
X-3729,CLDN22,53842.0,Del0.8,0.65
X-3729,CLDN24,100132463.0,Del0.8,0.65
X-3729,CNTN4,152330.0,Amp5,6.02
X-3729,CNTN6,27255.0,Amp5,6.06
X-3729,COL11A2,1302.0,MutNovel,"E1628D,0.600"
X-3729,COL22A1,169044.0,Amp5,5.43
X-3729,COL28A1,340267.0,Amp5,5.9
X-3729,COLQ,8292.0,Amp5,5.9
X-3729,COPZ2,51226.0,MutKnownFunctional,"-6?,1.000"
X-3729,CPE,1363.0,Amp8,14.93
X-3729,CPLX1,10815.0,Amp5,5.5
X-3729,CPNE9,151835.0,Amp5,5.54
X-3729,CRBN,51185.0,Amp5,6.02
X-3729,CRELD1,78987.0,Amp5,5.54
X-3729,CSPG4P1Y,114758.0,Del0.8,0.2
X-3729,CSPG4P1Y,114758.0,Del0.8,0.29
X-3729,CST3,1471.0,MutNovel,"D66N,0.440"
X-3729,CTSO,1519.0,Amp8,15.24
X-3729,CUL7,9820.0,MutNovel,"T313M,0.583"
X-3729,CYP2E1,1571.0,Del0.8,0.14
X-3729,CYP4V2,285440.0,Del0.8,0.65
X-3729,DAZ1,1617.0,Del0.8,0.27
X-3729,DAZ2,57055.0,Del0.8,0.24
X-3729,DAZ3,57054.0,Del0.8,0.2
X-3729,DAZ3,57054.0,Del0.8,0.23
X-3729,DAZ4,57135.0,Del0.8,0.22
X-3729,DAZ4,57135.0,Del0.8,0.24
X-3729,DAZL,1618.0,Amp5,7.52
X-3729,DCHS2,54798.0,Amp8,14.03
X-3729,DCLK2,166614.0,Amp8,16.11
X-3729,DCTD,1635.0,Del0.8,0.4
X-3729,DCUN1D4,23142.0,Amp5,6.02
X-3729,DDX3Y,8653.0,Del0.8,0.27
X-3729,DDX60,55601.0,Amp8,15.35
X-3729,DDX60L,91351.0,Amp8,15.35
X-3729,DHRSX,207063.0,MutNovel,"R577H,1.000"
X-3729,DKFZP434I0714,54553.0,Amp8,14.03
X-3729,DMPK,1760.0,MutKnownFunctional,"-45?,0.435"
X-3729,DOCK10,55619.0,MutNovel,"S1286F,1.000"
X-3729,DPH3,285381.0,Amp5,7.52
X-3729,DPP7,29952.0,MutKnownFunctional,"-487?,0.893"
X-3729,EAF1,85403.0,Amp5,5.9
X-3729,EDEM1,9695.0,Amp5,5.86
X-3729,EDNRA,1909.0,Amp8,16.11
X-3729,EFHD2,79180.0,MutNovel,"-34AA,0.523"
X-3729,EFR3A,23167.0,Amp5,5.43
X-3729,EGOT,100126791.0,Amp5,5.54
X-3729,EHF,26298.0,Amp8,65.8
X-3729,EIF1AY,9086.0,Del0.8,0.27
X-3729,ELMOD2,255520.0,Amp8,16.34
X-3729,EML2,24139.0,MutNovel,"M234I,0.457"
X-3729,ENDOD1,23052.0,MutNovel,"S306F,0.887"
X-3729,ENPP6,133121.0,Del0.8,0.65
X-3729,EPPK1,83481.0,MutNovel,"S2282T,0.231"
X-3729,EPS8L2,64787.0,MutNovel,"M62L,0.513"
X-3729,ERICH1,157697.0,MutNovel,"KDTREEDG291-,0.460"
X-3729,ERVMER34-1,100288413.0,Amp5,5.98
X-3729,ETFDH,2110.0,Amp8,15.35
X-3729,F11,2160.0,Del0.8,0.65
X-3729,FAM135B,51059.0,Amp5,5.43
X-3729,FAM149A,25854.0,Del0.8,0.65
X-3729,FAM153B,202134.0,Del0.8,0.51
X-3729,FAM160A1,729830.0,Amp8,13.27
X-3729,FAM161B,145483.0,MutNovel,"H46P,1.000"
X-3729,FAM171B,165215.0,MutNovel,"-50Q,0.571"
X-3729,FAM178A,55719.0,MutNovel,"L486P,1.000"
X-3729,FAM197Y2P,252946.0,Del0.8,0.05
X-3729,FAM198B,51313.0,Amp8,15.35
X-3729,FAM22A,728118.0,MutNovel,"L563Q,0.833"
X-3729,FAM41AY1,340618.0,Del0.8,0.27
X-3729,FAM41AY1,340618.0,Del0.8,0.27
X-3729,FAM49B,51571.0,Amp5,5.43
X-3729,FAM84B,157638.0,Amp5,5.13
X-3729,FAM86C1,55199.0,MutNovel,"S102T,0.269"
X-3729,FANCD2,2177.0,Amp5,5.54
X-3729,FAT1,2195.0,Del0.8,0.65
X-3729,FBXO8,26269.0,Del0.8,0.72
X-3729,FBXW7,55294.0,Amp8,14.03
X-3729,FGA,2243.0,Amp8,14.03
X-3729,FGB,2244.0,Amp8,14.03
X-3729,FGG,2266.0,Amp8,14.03
X-3729,FHDC1,85462.0,Amp8,14.03
X-3729,FIGF,2277.0,MutNovel,"ED212D,0.873"
X-3729,FIP1L1,81608.0,Amp5,5.98
X-3729,FIZ1,84922.0,MutNovel,"V302L,0.355"
X-3729,FJX1,24147.0,Amp8,62.25
X-3729,FLG,2312.0,MutNovel,"T895K,0.400"
X-3729,FNDC1,84624.0,MutNovel,"ATTRRTT1471A,0.562"
X-3729,FNIP2,57600.0,Amp8,15.35
X-3729,FOXD1,2297.0,MutNovel,"A88G,1.000"
X-3729,FOXD4L6,653404.0,Amp5,5.1
X-3729,FOXK1,221937.0,Amp5,5.21
X-3729,FREM3,166752.0,Amp8,16.22
X-3729,FSTL5,56884.0,Amp8,15.35
X-3729,FZD7,8324.0,MutNovel,"K463Q,1.000"
X-3729,GAB1,2549.0,Amp8,13.74
X-3729,GAK,2580.0,Amp5,5.5
X-3729,GALNT7,51809.0,Del0.8,0.72
X-3729,GALNTL2,117248.0,Amp5,7.52
X-3729,GCC1,79571.0,MutNovel,"V431I,1.000"
X-3729,GCN1L1,10985.0,MutNovel,"S1510L,0.326"
X-3729,GHRL,51738.0,Amp5,5.54
X-3729,GHRLOS,100126793.0,Amp5,5.54
X-3729,GHRLOS2,84657.0,Amp5,5.54
X-3729,GIGYF2,26058.0,MutNovel,"K1036KQ,0.557"
X-3729,GK3P,2713.0,Amp8,14.93
X-3729,GLCCI1,113263.0,Amp5,5.9
X-3729,GLRA3,8001.0,Del0.8,0.72
X-3729,GLRB,2743.0,Amp8,16.8
X-3729,GLUD2,2747.0,MutNovel,"T384S,1.000"
X-3729,GOLGA2P2Y,84559.0,Del0.8,0.29
X-3729,GOLGA2P2Y,84559.0,Del0.8,0.2
X-3729,GOLGA3,2802.0,MutNovel,"S81R,0.697"
X-3729,GPM6A,2823.0,Del0.8,0.72
X-3729,GRIA2,2891.0,Amp8,16.8
X-3729,GSDMC,56169.0,Amp5,5.43
X-3729,GSTT1,2952.0,Amp8,8.88
X-3729,GSX2,170825.0,Amp5,5.86
X-3729,GTF2IRD2B,389524.0,MutNovel,"G211S,0.500"
X-3729,GUCY1B3,2983.0,Amp8,15.24
X-3729,GUSBP5,441046.0,Amp8,16.22
X-3729,GYG2P1,352887.0,Del0.8,0.27
X-3729,GYPA,2993.0,Amp8,15.45
X-3729,GYPB,2994.0,Amp8,15.45
X-3729,GYPE,2996.0,Amp8,15.45
X-3729,HACL1,26061.0,Amp5,5.9
X-3729,HAND2,9464.0,Del0.8,0.72
X-3729,HEATR8,374977.0,MutNovel,"R1215W,1.000"
X-3729,HELT,391723.0,Del0.8,0.65
X-3729,HHIP,64399.0,Amp8,15.45
X-3729,HHLA1,10086.0,Amp5,5.43
X-3729,HLA-B,3106.0,MutNovel,"R194G,0.353"
X-3729,HLA-DQB1,3119.0,Amp5,5.21
X-3729,HLA-G,3135.0,MutNovel,"A182V,0.747"
X-3729,HLA-G,3135.0,MutNovel,"V218I,1.000"
X-3729,HLA-G,3135.0,MutNovel,"L303Q,1.000"
X-3729,HLA-G,3135.0,MutNovel,"M309A,1.000"
X-3729,HLA-G,3135.0,MutNovel,"D338G,1.000"
X-3729,HMGB2,3148.0,MutNovel,"ED199D,0.754"
X-3729,HMGB2,3148.0,Del0.8,0.72
X-3729,HNRPLL,92906.0,MutNovel,"G57GA,0.698"
X-3729,HPGD,3248.0,Del0.8,0.72
X-3729,HPYR1,93668.0,Amp5,5.43
X-3729,HRH1,3269.0,Amp5,5.54
X-3729,HSFY2,159119.0,Del0.8,0.27
X-3729,HSFY2,159119.0,Del0.8,0.27
X-3729,HSP90AA4P,3323.0,Del0.8,0.72
X-3729,HSP90AA6P,441051.0,Del0.8,0.74
X-3729,HSPA1A,3303.0,MutNovel,"M122K,0.364"
X-3729,ICA1,3382.0,Amp5,5.9
X-3729,IL15,3600.0,Amp8,16.68
X-3729,IL17RC,84818.0,Amp5,5.54
X-3729,IL17RE,132014.0,Amp5,5.54
X-3729,IL5RA,3568.0,Amp5,6.02
X-3729,ING2,3622.0,Del0.8,0.65
X-3729,INPP4B,8821.0,Amp8,16.68
X-3729,INPPL1,3636.0,MutNovel,"R342Q,0.536"
X-3729,INPPL1,3636.0,MutNovel,"R1172G,0.518"
X-3729,IRAK2,3656.0,Amp5,5.54
X-3729,IRF2,3660.0,Del0.8,0.65
X-3729,IRF2BP1,26145.0,MutNovel,"L181V,0.459"
X-3729,IST1,9798.0,MutNovel,"-230MP,0.557"
X-3729,ITPR1,3708.0,Amp5,5.54
X-3729,ITPR3,3710.0,MutNovel,"E2353K,0.525"
X-3729,JAGN1,84522.0,Amp5,5.54
X-3729,KCNQ3,3786.0,Amp5,5.43
X-3729,KDM5D,8284.0,Del0.8,0.27
X-3729,KHDRBS3,10656.0,Amp5,5.43
X-3729,KIAA0922,23240.0,Amp8,14.03
X-3729,KIAA1377,57562.0,MutNovel,"A608-,0.286"
X-3729,KIAA1430,57587.0,Del0.8,0.65
X-3729,KLF16,83855.0,MutNovel,"A38T,0.727"
X-3729,KLHL2,11275.0,Amp8,14.93
X-3729,KLHL21,9903.0,MutNovel,"A57V,1.000"
X-3729,KLKB1,3818.0,Del0.8,0.65
X-3729,KRT16P2,400578.0,Del0.8,0.74
X-3729,LAPTM4B,55353.0,MutNovel,"R14L,1.000"
X-3729,LHFPL4,375323.0,Amp5,5.54
X-3729,LINC00290,728081.0,Del0.8,0.71
X-3729,LINC00312,29931.0,Amp5,5.54
X-3729,LMCD1,29995.0,Amp5,5.54
X-3729,LNX1,84708.0,Amp5,5.98
X-3729,LOC100128071,100128071.0,MutNovel,"P31R,1.000"
X-3729,LOC100129480,100129480.0,Amp5,5.54
X-3729,LOC100129917,100129917.0,Amp5,5.5
X-3729,LOC100130231,100130231.0,Amp5,5.13
X-3729,LOC100131257,100131257.0,Amp5,5.9
X-3729,LOC100288428,100288428.0,Amp5,5.54
X-3729,LOC100505545,100505545.0,Amp8,15.45
X-3729,LOC100505989,100505989.0,Amp8,14.62
X-3729,LOC100506013,100506013.0,Amp8,14.93
X-3729,LOC100506085,100506085.0,Amp8,14.93
X-3729,LOC100506122,100506122.0,Del0.8,0.74
X-3729,LOC100506229,100506229.0,Del0.8,0.65
X-3729,LOC100507117,100507117.0,Amp5,5.43
X-3729,LOC100507387,100507387.0,Del0.8,0.51
X-3729,LOC100507582,100507582.0,Amp5,5.54
X-3729,LOC100996276,,MutNovel,"L185F,1.000"
X-3729,LOC100996433,,MutNovel,"S55C,0.333"
X-3729,LOC100996433,,MutNovel,"G98A,0.444"
X-3729,LOC100996433,,MutNovel,"A124V,0.250"
X-3729,LOC100996433,,MutNovel,"R231V,0.714"
X-3729,LOC100996433,,MutNovel,"A287V,0.385"
X-3729,LOC152578,152578.0,Amp5,5.98
X-3729,LOC285441,285441.0,Del0.8,0.65
X-3729,LOC285501,285501.0,Del0.8,0.72
X-3729,LOC286094,286094.0,Amp5,5.43
X-3729,LOC339975,339975.0,Del0.8,0.65
X-3729,LOC340017,340017.0,Amp8,16.8
X-3729,LOC389247,389247.0,Del0.8,0.65
X-3729,LOC389458,389458.0,Amp5,5.21
X-3729,LOC391322,391322.0,Amp8,8.88
X-3729,LOC401052,401052.0,Amp5,5.54
X-3729,LOC401164,401164.0,Del0.8,0.72
X-3729,LOC440944,440944.0,Amp5,5.54
X-3729,LOC554223,554223.0,MutNovel,"S187R,0.917"
X-3729,LOC619207,619207.0,Del0.8,0.23
X-3729,LOC643201,643201.0,Del0.8,0.27
X-3729,LOC727677,727677.0,Amp5,5.13
X-3729,LOC728175,728175.0,Del0.8,0.65
X-3729,LOC728724,728724.0,Amp5,5.54
X-3729,LOC729852,729852.0,Amp5,5.9
X-3729,LOC731424,731424.0,Del0.8,0.65
X-3729,LRAT,9227.0,Amp8,14.03
X-3729,LRBA,987.0,Amp5,7.94
X-3729,LRP2BP,55805.0,Del0.8,0.65
X-3729,LRRC6,23639.0,Amp5,5.43
X-3729,LRRC66,339977.0,Amp5,6.02
X-3729,LSM6,11157.0,Amp8,15.45
X-3729,MAB21L2,10586.0,Amp8,15.56
X-3729,MACF1,23499.0,MutNovel,"L768F,1.000"
X-3729,MAP3K4,4216.0,MutNovel,"PA1189P,0.714"
X-3729,MAP9,79884.0,Amp8,15.35
X-3729,2014-03-01 00:00:00,55016.0,Amp8,14.62
X-3729,MAST4,375449.0,MutNovel,"L95LP,0.889"
X-3729,MCAT,27349.0,MutNovel,"P26S,1.000"
X-3729,MCRS1,10445.0,MutNovel,"H337R,0.507"
X-3729,MED15,51586.0,MutNovel,"-251Q,0.320"
X-3729,METTL6,131965.0,Amp5,5.9
X-3729,MFAP3L,9848.0,Amp8,14.93
X-3729,MFSD7,84179.0,Amp5,5.5
X-3729,MGC45800,90768.0,Del0.8,0.66
X-3729,MIA3,375056.0,MutNovel,"H35Y,1.000"
X-3729,MIOS,54468.0,Amp5,5.9
X-3729,MIR1204,100302185.0,Amp5,5.13
X-3729,MIR1205,100302161.0,Amp5,5.13
X-3729,MIR1206,100302170.0,Amp5,5.13
X-3729,MIR1207,100302175.0,Amp5,5.13
X-3729,MIR1208,100302281.0,Amp5,5.13
X-3729,MIR1305,100302270.0,Del0.8,0.66
X-3729,MIR1343,100616437.0,Amp8,65.8
X-3729,MIR30B,407030.0,Amp5,5.43
X-3729,MIR30D,407033.0,Amp5,5.43
X-3729,MIR3140,100422896.0,Amp8,14.03
X-3729,MIR3688-1,100500881.0,Amp8,15.35
X-3729,MIR3688-2,100616303.0,Amp8,15.35
X-3729,MIR3945,100500818.0,Del0.8,0.65
X-3729,MIR4270,100422868.0,Amp5,5.9
X-3729,MIR4276,100423042.0,Del0.8,0.72
X-3729,MIR4449,100616436.0,Amp5,5.98
X-3729,MIR4656,100616465.0,Amp5,5.21
X-3729,MIR4790,100616334.0,Amp5,5.86
X-3729,MIR4799,100616246.0,Amp8,16.11
X-3729,MIR563,693148.0,Amp5,5.9
X-3729,MIR578,693163.0,Amp8,14.93
X-3729,MIR885,100126334.0,Amp5,5.54
X-3729,MKRN2,23609.0,Amp5,5.54
X-3729,MLF1IP,79682.0,Del0.8,0.65
X-3729,MMAA,166785.0,Amp8,15.45
X-3729,MMAB,326625.0,MutNovel,"V82A,0.688"
X-3729,MMD2,221938.0,Amp5,5.21
X-3729,MND1,84057.0,Amp8,14.03
X-3729,MSMO1,6307.0,Amp8,14.93
X-3729,MSTO1,55154.0,MutNovel,"P41T,1.000"
X-3729,MSTO1,55154.0,MutNovel,"A94T,0.500"
X-3729,MTMR14,64419.0,Amp5,5.54
X-3729,MTNR1A,4543.0,Del0.8,0.65
X-3729,MXRA7,439921.0,MutNovel,"E36G,1.000"
X-3729,MYC,4609.0,Amp5,5.13
X-3729,MYL5,4636.0,Amp5,5.5
X-3729,NAF1,92345.0,Amp8,14.12
X-3729,NBLA00301,79804.0,Del0.8,0.72
X-3729,NBPF1,55672.0,MutNovel,"P675L,0.286"
X-3729,NBPF1,55672.0,MutNovel,"L648V,0.429"
X-3729,NBPF1,55672.0,MutNovel,"L377V,0.455"
X-3729,NBPF1,55672.0,MutNovel,"R114W,0.692"
X-3729,NBPF1,55672.0,MutNovel,"H100Y,0.565"
X-3729,NBPF10,100132406.0,MutNovel,"R3193K,0.667"
X-3729,NBPF11,200030.0,MutNovel,"E299K,1.000"
X-3729,NBPF14,25832.0,MutNovel,"C142F,0.947"
X-3729,NBPF14,25832.0,MutNovel,"A32S,0.857"
X-3729,NBPF9,400818.0,MutNovel,"Q184R,1.000"
X-3729,NBPF9,400818.0,MutNovel,"G580E,1.000"
X-3729,NCOR2,9612.0,MutNovel,"G1839GAAA,0.658"
X-3729,NCR3LG1,,MutNovel,"R324Q,0.447"
X-3729,NCRNA00185,55410.0,Del0.8,0.27
X-3729,NDRG1,10397.0,Amp5,5.43
X-3729,NEIL3,55247.0,Del0.8,0.72
X-3729,NEK1,4750.0,Amp8,15.35
X-3729,NFE2L2,4780.0,MutNovel,"G240S,1.000"
X-3729,NLGN4Y,22829.0,Del0.8,0.27
X-3729,NOMO2,283820.0,MutNovel,"R717C,1.000"
X-3729,NPIPL3,23117.0,MutNovel,"P845L,1.000"
X-3729,NPIPL3,23117.0,MutNovel,"E306Q,0.455"
X-3729,NPY1R,4886.0,Amp8,14.12
X-3729,NPY2R,4887.0,Amp8,15.35
X-3729,NPY5R,4889.0,Amp8,14.12
X-3729,NR1H2,7376.0,MutNovel,"-173Q,0.836"
X-3729,NR3C2,4306.0,Amp8,16.11
X-3729,NSMCE2,286053.0,Amp5,5.39
X-3729,NUDT11,55190.0,MutKnownFunctional,"-1,0.484"
X-3729,NUMA1,4926.0,MutNovel,"R1160W,0.460"
X-3729,NXPH1,30010.0,Amp5,5.9
X-3729,OC90,729330.0,Amp5,5.43
X-3729,ODZ3,55714.0,Del0.8,0.42
X-3729,OGG1,4968.0,Amp5,5.54
X-3729,OR2T10,127069.0,Del0.8,0.59
X-3729,OR2T11,127077.0,Del0.8,0.59
X-3729,OR2T34,127068.0,Del0.8,0.59
X-3729,OR4M2,390538.0,Del0.8,0.48
X-3729,OR4N4,283694.0,Del0.8,0.48
X-3729,ORAI1,84876.0,MutNovel,"PP43-,0.829"
X-3729,OSBP,5007.0,MutNovel,"A62S,0.452"
X-3729,OTUD1,220213.0,MutNovel,"A270S,1.000"
X-3729,OTUD4,54726.0,Amp8,15.45
X-3729,OXNAD1,92106.0,Amp5,7.52
X-3729,OXTR,5021.0,Amp5,5.54
X-3729,PALLD,23022.0,Amp8,15.35
X-3729,PAMR1,25891.0,Amp8,78.79
X-3729,PAPOLB,56903.0,Amp5,5.21
X-3729,PCAT1,100750225.0,Amp5,5.13
X-3729,PCDH11Y,83259.0,Del0.8,0.32
X-3729,PCGF3,10336.0,Amp5,5.5
X-3729,PCNX,22990.0,MutNovel,"T1710P,0.400"
X-3729,PCNXL4,,MutNovel,"P807LS,0.971"
X-3729,PDE4DIP,9659.0,MutNovel,"P2341L,0.505"
X-3729,PDGFC,56034.0,Amp8,16.8
X-3729,PDHX,8050.0,Amp8,56.89
X-3729,PDLIM3,27295.0,Del0.8,0.65
X-3729,PET112,5188.0,Amp8,13.27
X-3729,PHF20L1,51105.0,Amp5,5.43
X-3729,PHLDA1,22822.0,MutNovel,"QQ194Q,0.589"
X-3729,PIGG,54872.0,Amp5,6.54
X-3729,PITPNM2,57605.0,MutNovel,"GGG620-,0.667"
X-3729,PKMYT1,9088.0,MutNovel,"H197Y,0.505"
X-3729,PLRG1,5356.0,Amp8,14.03
X-3729,PNRC1,10957.0,MutNovel,"P149R,0.469"
X-3729,PODXL,5420.0,MutNovel,"PSPSP26P,0.621"
X-3729,POLRMT,5442.0,MutNovel,"-747TC,0.544"
X-3729,POU4F2,5458.0,Amp8,16.11
X-3729,POU5F1B,5462.0,Amp5,5.13
X-3729,PPARG,5468.0,Amp5,5.54
X-3729,PPID,5481.0,Amp8,15.35
X-3729,PPP2R3B,28227.0,MutNovel,"S652L,1.000"
X-3729,PRKY,5616.0,Del0.8,0.32
X-3729,PRMT10,90826.0,Amp8,16.11
X-3729,PRRT3,285368.0,Amp5,5.54
X-3729,PRSS48,345062.0,Amp8,13.27
X-3729,PRY,9081.0,Del0.8,0.27
X-3729,PRY,9081.0,Del0.8,0.27
X-3729,PRY2,442862.0,Del0.8,0.27
X-3729,PRY2,442862.0,Del0.8,0.27
X-3729,PVT1,5820.0,Amp5,5.13
X-3729,RAD18,56852.0,Amp5,5.54
X-3729,RADIL,55698.0,Amp5,5.21
X-3729,RAF1,5894.0,Amp5,5.54
X-3729,RAG1,5896.0,Amp8,79.89
X-3729,RAG2,5897.0,Amp8,79.89
X-3729,RAPGEF2,9693.0,Amp8,15.35
X-3729,RASL11B,65997.0,Amp5,5.98
X-3729,RBAK,57786.0,Amp5,5.21
X-3729,RBAK-LOC389458,100533952.0,Amp5,5.21
X-3729,RBM10,8241.0,MutNovel,"S6P,1.000"
X-3729,RBM46,166863.0,Amp8,14.03
X-3729,RBMY1A3P,286557.0,Del0.8,0.32
X-3729,RBMY1B,378948.0,Del0.8,0.27
X-3729,RBMY1B,378948.0,Del0.8,0.27
X-3729,RBMY1E,378950.0,Del0.8,0.27
X-3729,RBMY1E,378950.0,Del0.8,0.27
X-3729,RBMY1F,159163.0,Del0.8,0.27
X-3729,RBMY1F,159163.0,Del0.8,0.27
X-3729,RBMY1J,378951.0,Del0.8,0.27
X-3729,RBMY1J,378951.0,Del0.8,0.27
X-3729,RBMY2EP,159125.0,Del0.8,0.27
X-3729,RBMY2FP,159162.0,Del0.8,0.27
X-3729,RBMY3AP,64593.0,Del0.8,0.27
X-3729,RFTN1,23180.0,Amp5,7.52
X-3729,RIMBP3,85376.0,MutNovel,"S1273G,1.000"
X-3729,RIN3,79890.0,MutNovel,"G967-,0.696"
X-3729,RNF123,63891.0,MutNovel,"T186M,1.000"
X-3729,RNF150,57484.0,Amp8,12.82
X-3729,RNF175,285533.0,Amp8,14.03
X-3729,RNF216P1,441191.0,Amp5,5.21
X-3729,RNFT1,51136.0,MutNovel,"S227T,1.000"
X-3729,RP2,6102.0,MutNovel,"T56M,1.000"
X-3729,RPA3,6119.0,Amp5,5.9
X-3729,RPL21P44,402176.0,Amp5,5.86
X-3729,RPL32,6161.0,Amp5,5.54
X-3729,RPS3A,6189.0,Amp8,9.25
X-3729,RPS4Y1,6192.0,Del0.8,0.32
X-3729,RPS4Y2,140032.0,Del0.8,0.27
X-3729,RPUSD3,285367.0,Amp5,5.54
X-3729,RWDD3,25950.0,MutNovel,"K210E,1.000"
X-3729,RWDD4,201965.0,Del0.8,0.65
X-3729,RXFP1,59350.0,Amp8,15.35
X-3729,SAFB2,9667.0,MutNovel,"F198V,0.566"
X-3729,SAFB2,9667.0,MutNovel,"S195L,0.564"
X-3729,SAP25,100316904.0,MutNovel,"R91W,0.857"
X-3729,SAP30,8819.0,Del0.8,0.72
X-3729,SCFD2,152579.0,Amp5,5.98
X-3729,SCRG1,11341.0,Del0.8,0.72
X-3729,SEC13,6396.0,Amp5,5.54
X-3729,SERAC1,84947.0,MutKnownFunctional,"R68*,0.557"
X-3729,SERINC2,347735.0,MutNovel,"-373Q,0.687"
X-3729,SETD5,55209.0,Amp5,5.54
X-3729,SETMAR,6419.0,Amp5,5.54
X-3729,SFRP2,6423.0,Amp8,14.03
X-3729,SGCB,6443.0,Amp5,6.02
X-3729,SH2D4B,387694.0,Del0.8,0.77
X-3729,SH3BP5,9467.0,Amp5,5.9
X-3729,SH3D19,152503.0,Amp8,13.27
X-3729,SH3RF1,57630.0,Amp8,15.35
X-3729,SKI,6497.0,MutNovel,"E725A,1.000"
X-3729,SLA,6503.0,Amp5,5.43
X-3729,SLC10A7,84068.0,Amp8,13.18
X-3729,SLC1A2,6506.0,Amp8,68.59
X-3729,SLC25A4,291.0,Del0.8,0.65
X-3729,SLC38A5,92745.0,MutNovel,"L422I,1.000"
X-3729,SLC6A1,6529.0,Amp5,5.54
X-3729,SLC6A11,6538.0,Amp5,5.54
X-3729,SLED1,643036.0,Del0.8,0.65
X-3729,SMAD1,4086.0,Amp8,15.45
X-3729,SMARCA5,8467.0,Amp8,16.22
X-3729,SNORA26,677810.0,Amp5,5.98
X-3729,SNORD73A,8944.0,Amp8,13.27
X-3729,SNTB1,6641.0,MutNovel,"A10GP,0.595"
X-3729,SNX25,83891.0,Del0.8,0.65
X-3729,SNX8,29886.0,MutNovel,"P8R,0.327"
X-3729,SOGA1,,MutNovel,"P1659L,0.453"
X-3729,SORBS2,8470.0,Del0.8,0.65
X-3729,SPATA18,132671.0,Amp5,6.02
X-3729,SPATA4,132851.0,Del0.8,0.72
X-3729,SPCS3,60559.0,Del0.8,0.72
X-3729,SPOCK3,50859.0,Amp8,15.35
X-3729,SPRNP1,399833.0,Del0.8,0.43
X-3729,SPTAN1,6709.0,MutNovel,"R765C,1.000"
X-3729,SRGAP3,9901.0,Amp5,5.54
X-3729,SRY,6736.0,Del0.8,0.32
X-3729,ST3GAL1,6482.0,Amp5,5.43
X-3729,STARD9,57519.0,MutNovel,"H985R,1.000"
X-3729,STOX2,56977.0,Del0.8,0.65
X-3729,SUMF1,285362.0,Amp5,5.54
X-3729,SUPT16H,11198.0,MutNovel,"K1021Q,0.992"
X-3729,SYCE1,93426.0,Del0.8,0.19
X-3729,SYN2,6854.0,Amp5,5.54
X-3729,TADA3,10474.0,Amp5,5.54
X-3729,TAF4,6874.0,MutNovel,"Q352H,0.857"
X-3729,TAMM41,132001.0,Amp5,5.54
X-3729,TATDN2,9797.0,Amp5,5.54
X-3729,TBC1D9,23158.0,Amp8,16.34
X-3729,TBL1Y,90665.0,Del0.8,0.32
X-3729,TBP,6908.0,MutNovel,"-64Q,0.303"
X-3729,TDO2,6999.0,Amp8,15.24
X-3729,TG,7038.0,Amp5,5.43
X-3729,TGIF2LY,90655.0,Del0.8,0.32
X-3729,THAP11,57215.0,MutNovel,"QQQ111-,0.474"
X-3729,THUMPD3,25917.0,Amp5,5.54
X-3729,TIGD4,201798.0,Amp8,14.03
X-3729,TIMP4,7079.0,Amp5,5.54
X-3729,TKTL2,84076.0,Amp8,14.62
X-3729,TLL1,7092.0,Amp8,14.93
X-3729,TLR2,7097.0,Amp8,14.03
X-3729,TLR3,7098.0,Del0.8,0.65
X-3729,TMED10P1,286102.0,Amp8,10.06
X-3729,TMEM144,55314.0,Amp8,15.35
X-3729,TMEM154,201799.0,Amp8,14.03
X-3729,TMEM184C,55751.0,Amp8,16.11
X-3729,TMEM192,201931.0,Amp8,14.93
X-3729,TMEM230,,MutNovel,"R161L,0.564"
X-3729,TMEM249,,MutNovel,"G106R,1.000"
X-3729,TMEM249,,MutNovel,"E82K,1.000"
X-3729,TMEM40,55287.0,Amp5,5.54
X-3729,TMEM71,137835.0,Amp5,5.43
X-3729,TMPPE,643853.0,MutNovel,"ED326D,1.000"
X-3729,TMSB4Y,9087.0,Del0.8,0.27
X-3729,TNXB,7148.0,MutNovel,"S3652A,0.518"
X-3729,TP53,7157.0,MutLikelyFunctional,"Y236C,1.000"
X-3729,TPM2,7169.0,MutNovel,"K77R,1.000"
X-3729,TRAPPC11,60684.0,Del0.8,0.65
X-3729,TRIB1,10221.0,Amp5,5.39
X-3729,TRIM2,23321.0,Amp8,14.03
X-3729,TRIM44,54765.0,Amp8,62.25
X-3729,TRIM60,166655.0,Amp8,14.93
X-3729,TRIM61,391712.0,Amp8,14.93
X-3729,TRIML1,339976.0,Del0.8,0.72
X-3729,TRIML2,205860.0,Del0.8,0.72
X-3729,TRIP12,9320.0,MutNovel,"E1976D,1.000"
X-3729,TRMT44,,MutNovel,"M300L,1.000"
X-3729,TRNT1,51095.0,Amp5,6.02
X-3729,TSEN2,80746.0,Amp5,5.54
X-3729,TSPY1,7258.0,Del0.8,0.05
X-3729,TSPY2,64591.0,Del0.8,0.32
X-3729,TSPY3,728137.0,Del0.8,0.05
X-3729,TSPY4,728395.0,Del0.8,0.05
X-3729,TSPY8,728403.0,Del0.8,0.05
X-3729,TSPYL1,7259.0,MutNovel,"V176VW,0.884"
X-3729,TTC29,83894.0,Amp8,16.11
X-3729,TTK,7272.0,MutNovel,"G855R,0.495"
X-3729,TTLL3,26140.0,Amp5,5.54
X-3729,TTTY10,246119.0,Del0.8,0.27
X-3729,TTTY11,83866.0,Del0.8,0.32
X-3729,TTTY12,83867.0,Del0.8,0.32
X-3729,TTTY13,83868.0,Del0.8,0.27
X-3729,TTTY14,83869.0,Del0.8,0.27
X-3729,TTTY15,64595.0,Del0.8,0.27
X-3729,TTTY16,252948.0,Del0.8,0.32
X-3729,TTTY17A,252949.0,Del0.8,0.2
X-3729,TTTY17A,252949.0,Del0.8,0.13
X-3729,TTTY18,252950.0,Del0.8,0.32
X-3729,TTTY19,252952.0,Del0.8,0.32
X-3729,TTTY1B,100101116.0,Del0.8,0.27
X-3729,TTTY1B,100101116.0,Del0.8,0.32
X-3729,TTTY2,60439.0,Del0.8,0.32
X-3729,TTTY2,60439.0,Del0.8,0.27
X-3729,TTTY20,252951.0,Del0.8,0.13
X-3729,TTTY21,252953.0,Del0.8,0.32
X-3729,TTTY21,252953.0,Del0.8,0.27
X-3729,TTTY22,252954.0,Del0.8,0.27
X-3729,TTTY23,252955.0,Del0.8,0.27
X-3729,TTTY23,252955.0,Del0.8,0.32
X-3729,TTTY3,114760.0,Del0.8,0.27
X-3729,TTTY3,114760.0,Del0.8,0.2
X-3729,TTTY4,114761.0,Del0.8,0.2
X-3729,TTTY4,114761.0,Del0.8,0.13
X-3729,TTTY5,83863.0,Del0.8,0.27
X-3729,TTTY6,84672.0,Del0.8,0.27
X-3729,TTTY6,84672.0,Del0.8,0.27
X-3729,TTTY7,246122.0,Del0.8,0.32
X-3729,TTTY7,246122.0,Del0.8,0.27
X-3729,TTTY7B,100101120.0,Del0.8,0.32
X-3729,TTTY7B,100101120.0,Del0.8,0.27
X-3729,TTTY8,84673.0,Del0.8,0.32
X-3729,TTTY8,84673.0,Del0.8,0.27
X-3729,TTTY9A,83864.0,Del0.8,0.27
X-3729,TTTY9A,83864.0,Del0.8,0.27
X-3729,TXLNG2P,246126.0,Del0.8,0.27
X-3729,UAP1L1,91373.0,MutNovel,"V79L,1.000"
X-3729,UCP1,7350.0,Amp8,16.34
X-3729,UFSP2,55325.0,Del0.8,0.65
X-3729,USP28,57646.0,MutNovel,"Q699E,0.509"
X-3729,USP38,84640.0,Amp8,16.68
X-3729,USP46,64854.0,Amp5,5.98
X-3729,USP9Y,8287.0,Del0.8,0.27
X-3729,UTY,7404.0,Del0.8,0.27
X-3729,VCY,9084.0,Del0.8,0.27
X-3729,VCY,9084.0,Del0.8,0.27
X-3729,VEGFC,7424.0,Del0.8,0.72
X-3729,VGLL4,9686.0,Amp5,5.54
X-3729,VHL,7428.0,Amp5,5.54
X-3729,WASH1,100287171.0,MutNovel,"T286N,0.333"
X-3729,WDR17,116966.0,Del0.8,0.72
X-3729,WDR75,84128.0,MutNovel,"N68S,1.000"
X-3729,WISP1,8840.0,Amp5,5.43
X-3729,WWC2,80014.0,Del0.8,0.65
X-3729,XKRY2,353515.0,Del0.8,0.27
X-3729,XKRY2,353515.0,Del0.8,0.27
X-3729,YY1AP1,55249.0,MutNovel,"Q573R,1.000"
X-3729,ZFAT,57623.0,Amp5,5.43
X-3729,ZFAT-AS1,594840.0,Amp5,5.43
X-3729,ZFP42,132625.0,Del0.8,0.65
X-3729,ZFY,7544.0,Del0.8,0.32
X-3729,ZNF141,7700.0,Amp5,6.54
X-3729,ZNF16,7564.0,Amp8,10.06
X-3729,ZNF167,55888.0,MutNovel,"K661N,0.316"
X-3729,ZNF219,51222.0,MutNovel,"QPP233P,0.725"
X-3729,ZNF266,10781.0,MutNovel,"N228H,0.571"
X-3729,ZNF330,27309.0,Amp8,16.68
X-3729,ZNF384,171017.0,MutNovel,"QQ514Q,0.430"
X-3729,ZNF721,170960.0,Amp5,6.54
X-3729,ZNF732,654254.0,Amp5,6.54
X-3729,ZNF827,152485.0,Amp8,15.45
X-3729,ZNF876P,642280.0,Amp5,6.54
X-3729,ZNRF2,223082.0,MutNovel,"V87M,1.000"
X-3729,ZXDC,79364.0,MutNovel,"A53E,1.000"
X-3735,ABCC8,6833.0,Amp5,5.13
X-3735,ACACA,31.0,Del0.8,0.76
X-3735,ACE2,59272.0,Del0.8,0.76
X-3735,ACER2,340485.0,Del0.8,0.78
X-3735,ACOT9,23597.0,Del0.8,0.76
X-3735,ADAMTSL1,92949.0,Del0.8,0.78
X-3735,AHCYL1,10768.0,Del0.8,0.66
X-3735,AHNAK2,113146.0,MutNovel,"N2143D,0.750"
X-3735,AHRR,57491.0,Amp5,7.41
X-3735,AKAP4,8852.0,Del0.8,0.79
X-3735,ALX3,257.0,Del0.8,0.66
X-3735,AMELX,265.0,Del0.8,0.76
X-3735,AMT,275.0,MutNovel,"R320H,1.000"
X-3735,ANKRD11,29123.0,MutNovel,"F1052S,0.640"
X-3735,ANKRD30B,374860.0,MutNovel,"N928S,0.455"
X-3735,ANO3,63982.0,Amp5,5.06
X-3735,ANO5,203859.0,Amp5,5.24
X-3735,AP1S2,8905.0,Del0.8,0.76
X-3735,APOO,79135.0,Del0.8,0.76
X-3735,ARAF,369.0,Del0.8,0.79
X-3735,ARHGAP10,79658.0,Del0.8,0.7
X-3735,ARHGAP6,395.0,Del0.8,0.76
X-3735,ARID2,196528.0,MutNovel,"V1111L,0.700"
X-3735,ARNTL,406.0,Amp5,5.13
X-3735,ARSD,414.0,Del0.8,0.76
X-3735,ARSE,415.0,Del0.8,0.76
X-3735,ARSF,416.0,Del0.8,0.76
X-3735,ARSH,347527.0,Del0.8,0.76
X-3735,ARX,170302.0,Del0.8,0.76
X-3735,ASB11,140456.0,Del0.8,0.76
X-3735,ASB9,140462.0,Del0.8,0.76
X-3735,ASPN,54829.0,MutNovel,"DE51E,0.551"
X-3735,ATAD3C,219293.0,MutNovel,"E316K,1.000"
X-3735,ATG9A,79065.0,MutNovel,"C331Y,0.449"
X-3735,ATP2B1,490.0,MutNovel,"L390S,0.658"
X-3735,ATP6AP2,10159.0,Del0.8,0.76
X-3735,ATXN3L,92552.0,Del0.8,0.76
X-3735,AXL,558.0,MutNovel,"R474Q,0.216"
X-3735,BAMBI,25805.0,MutNovel,"G90S,0.387"
X-3735,BBOX1,8424.0,Amp5,5.06
X-3735,BCOR,54880.0,Del0.8,0.76
X-3735,BDNF,627.0,Amp5,5.06
X-3735,BEND2,139105.0,Del0.8,0.76
X-3735,BMP15,9210.0,Del0.8,0.79
X-3735,BMP6,654.0,MutNovel,"R28Q,0.800"
X-3735,BMX,660.0,Del0.8,0.76
X-3735,BNC2,54796.0,Del0.8,0.78
X-3735,BRD9,65980.0,Amp5,5.06
X-3735,BRPF1,7862.0,MutNovel,"R848W,0.654"
X-3735,BTBD10,84280.0,Amp5,5.13
X-3735,C11orf58,10944.0,Amp5,5.13
X-3735,C16orf7,9605.0,MutNovel,"L279I,0.640"
X-3735,C1R,715.0,MutNovel,"R228W,0.645"
X-3735,C21orf58,54058.0,MutNovel,"H299PN,0.833"
X-3735,C7orf53,286006.0,Amp5,6.36
X-3735,C9orf53,51198.0,Del0.8,0.23
X-3735,CA5B,11238.0,Del0.8,0.76
X-3735,CA5BP1,340591.0,Del0.8,0.76
X-3735,CACNA1F,778.0,Del0.8,0.79
X-3735,CALCA,796.0,Amp5,5.13
X-3735,CALCB,797.0,Amp5,5.13
X-3735,CASK,8573.0,Del0.8,0.76
X-3735,CCDC120,90060.0,Del0.8,0.79
X-3735,CCDC127,133957.0,Amp8,11.24
X-3735,CCDC150,284992.0,MutNovel,"G709A,0.667"
X-3735,CCDC22,28952.0,Del0.8,0.79
X-3735,CCDC34,91057.0,Amp5,5.06
X-3735,CCDC66,285331.0,Del0.8,0.79
X-3735,CCL3L1,6349.0,Del0.8,0.68
X-3735,CCL3L3,414062.0,Del0.8,0.68
X-3735,CCL4L1,9560.0,Del0.8,0.68
X-3735,CCNB3,85417.0,Del0.8,0.79
X-3735,CDC42EP1,11135.0,MutNovel,"PAPAANPS253P,0.538"
X-3735,CDH12,1010.0,Amp5,5.28
X-3735,CDK16,5127.0,Del0.8,0.79
X-3735,CDKL5,6792.0,Del0.8,0.76
X-3735,CDKN1A,1026.0,MutNovel,"R122H,0.584"
X-3735,CDKN2A,1029.0,Del0.8,0.23
X-3735,CDKN2B,1030.0,Del0.8,0.33
X-3735,CER1,9350.0,Del0.8,0.78
X-3735,CES1P1,51716.0,Del0.8,0.55
X-3735,CFP,5199.0,Del0.8,0.79
X-3735,CHST7,56548.0,Del0.8,0.79
X-3735,CLCN4,1183.0,Del0.8,0.76
X-3735,CLCN5,1184.0,Del0.8,0.79
X-3735,CNKSR2,22866.0,Del0.8,0.76
X-3735,CNTLN,54875.0,Del0.8,0.78
X-3735,COPB1,1315.0,Amp5,5.13
X-3735,COPZ2,51226.0,MutKnownFunctional,"-6?,1.000"
X-3735,CRYBB2,1415.0,MutNovel,"W195G,1.000"
X-3735,CSF1,1435.0,Del0.8,0.66
X-3735,CSRP3,8048.0,Amp5,5.24
X-3735,CTPS2,56474.0,Del0.8,0.76
X-3735,CTSA,5476.0,MutNovel,"L29-,0.899"
X-3735,CXXC1P1,392459.0,Del0.8,0.79
X-3735,CXorf21,80231.0,Del0.8,0.76
X-3735,CXorf22,170063.0,Del0.8,0.76
X-3735,CXorf23,256643.0,Del0.8,0.76
X-3735,CXorf27,25763.0,Del0.8,0.76
X-3735,CXorf28,100129464.0,Del0.8,0.76
X-3735,CXorf30,645090.0,Del0.8,0.76
X-3735,CXorf36,79742.0,Del0.8,0.79
X-3735,CXorf38,159013.0,Del0.8,0.76
X-3735,CXorf58,254158.0,Del0.8,0.76
X-3735,CXorf59,286464.0,Del0.8,0.76
X-3735,CYBB,1536.0,Del0.8,0.76
X-3735,CYMP,643160.0,Del0.8,0.2
X-3735,CYP2D6,1565.0,MutNovel,"R380H,0.375"
X-3735,CYP2R1,120227.0,Amp5,5.13
X-3735,DBT,1629.0,MutNovel,"P134L,0.698"
X-3735,DBX1,120237.0,Amp5,5.24
X-3735,DCAF8L1,139425.0,Del0.8,0.76
X-3735,DCAF8L2,347442.0,Del0.8,0.76
X-3735,DCDC1,341019.0,Amp5,5.06
X-3735,DCDC5,100506627.0,Amp5,5.06
X-3735,DDX3X,1654.0,Del0.8,0.76
X-3735,DDX53,168400.0,Del0.8,0.76
X-3735,DEFB109P1B,641517.0,Amp5,5.7
X-3735,DENND4C,55667.0,Del0.8,0.78
X-3735,DGKK,139189.0,Del0.8,0.79
X-3735,DKFZp686K1684,440034.0,Amp5,5.06
X-3735,DMD,1756.0,Del0.8,0.76
X-3735,DMRTA1,63951.0,Del0.8,0.15
X-3735,DNAJC24,120526.0,Amp5,5.06
X-3735,DOCK4,9732.0,Amp5,5.46
X-3735,DUSP21,63904.0,Del0.8,0.79
X-3735,DYNLT3,6990.0,Del0.8,0.76
X-3735,E2F8,79733.0,Amp5,5.24
X-3735,EBP,10682.0,Del0.8,0.79
X-3735,ECEL1P2,347694.0,Del0.8,0.72
X-3735,EFHC2,80258.0,Del0.8,0.76
X-3735,EGFL6,25975.0,Del0.8,0.76
X-3735,EIF1AX,1964.0,Del0.8,0.76
X-3735,EIF2S3,1968.0,Del0.8,0.76
X-3735,ELK1,2002.0,Del0.8,0.79
X-3735,ELP4,26610.0,Amp5,5.06
X-3735,EPHA4,2043.0,MutNovel,"A852V,0.500"
X-3735,EPS8L3,79574.0,Del0.8,0.66
X-3735,ERAS,3266.0,Del0.8,0.79
X-3735,ERVV-1,147664.0,Amp5,6.15
X-3735,ESPNP,284729.0,Amp5,5.24
X-3735,EXOSC6,118460.0,MutNovel,"R135P,0.208"
X-3735,FAM154A,158297.0,Del0.8,0.78
X-3735,FAM156A,29057.0,Del0.8,0.79
X-3735,FAM156A,29057.0,Del0.8,0.79
X-3735,FAM156B,727866.0,Del0.8,0.79
X-3735,FAM156B,727866.0,Del0.8,0.79
X-3735,FAM171B,165215.0,MutNovel,"-50Q,0.548"
X-3735,FAM214B,80256.0,MutNovel,"C145R,1.000"
X-3735,FAM21A,387680.0,Del0.8,0.59
X-3735,FAM40A,85369.0,Del0.8,0.66
X-3735,FAM47A,158724.0,Del0.8,0.76
X-3735,FAM47B,170062.0,Del0.8,0.76
X-3735,FAM47C,442444.0,Del0.8,0.76
X-3735,FAM48B1,100130302.0,Del0.8,0.76
X-3735,FAM48B2,170067.0,Del0.8,0.76
X-3735,FAM65A,79567.0,MutNovel,"R1116W,0.578"
X-3735,FAM66B,100128890.0,Amp5,5.7
X-3735,FAM86B1,85002.0,MutNovel,"D266A,0.353"
X-3735,FAM86B1,85002.0,MutNovel,"V215L,0.500"
X-3735,FAM9A,171482.0,Del0.8,0.76
X-3735,FAM9B,171483.0,Del0.8,0.76
X-3735,FAM9C,171484.0,Del0.8,0.76
X-3735,FANCB,2187.0,Del0.8,0.76
X-3735,FANCF,2188.0,Amp5,5.06
X-3735,FAR1,84188.0,Amp5,5.13
X-3735,FBRSL1,57666.0,MutNovel,"A293T,0.441"
X-3735,FFAR3,2865.0,Del0.8,0.2
X-3735,FIBIN,387758.0,Amp5,5.06
X-3735,FIGF,2277.0,Del0.8,0.76
X-3735,FIZ1,84922.0,MutNovel,"L295R,0.361"
X-3735,FLJ35282,441389.0,Del0.8,0.36
X-3735,FLJ41200,401492.0,Del0.8,0.78
X-3735,FNDC1,84624.0,MutNovel,"ATTRRTT1471A,0.513"
X-3735,FOXP3,50943.0,Del0.8,0.79
X-3735,FREM1,158326.0,Del0.8,0.78
X-3735,FRMPD4,9758.0,Del0.8,0.76
X-3735,FSHB,2488.0,Amp5,5.06
X-3735,FTHL17,53940.0,Del0.8,0.76
X-3735,FTSJ1,24140.0,Del0.8,0.79
X-3735,FUNDC1,139341.0,Del0.8,0.76
X-3735,GAGE1,2543.0,Del0.8,0.79
X-3735,GAGE10,643832.0,Del0.8,0.79
X-3735,GAGE12D,100132399.0,Del0.8,0.79
X-3735,GAGE12F,100008586.0,Del0.8,0.79
X-3735,GAGE12J,729396.0,Del0.8,0.79
X-3735,GAGE13,645051.0,Del0.8,0.79
X-3735,GAGE2A,729447.0,Del0.8,0.79
X-3735,GAGE2B,645037.0,Del0.8,0.79
X-3735,GAGE2C,2574.0,Del0.8,0.79
X-3735,GAGE2D,729408.0,Del0.8,0.79
X-3735,GAGE2E,26749.0,Del0.8,0.79
X-3735,GAS2,2620.0,Amp5,5.06
X-3735,GATA1,2623.0,Del0.8,0.79
X-3735,GEMIN8,54960.0,Del0.8,0.76
X-3735,GIGYF2,26058.0,MutNovel,"PQ1231P,0.464"
X-3735,GK,2710.0,Del0.8,0.76
X-3735,GLOD5,392465.0,Del0.8,0.79
X-3735,GLRA2,2742.0,Del0.8,0.76
X-3735,GOLGA1,2800.0,MutNovel,"D429E,0.442"
X-3735,GPKOW,27238.0,Del0.8,0.79
X-3735,GPM6B,2824.0,Del0.8,0.76
X-3735,GPR143,4935.0,Del0.8,0.76
X-3735,GPR173,54328.0,Del0.8,0.79
X-3735,GPR34,2857.0,Del0.8,0.76
X-3735,GPR64,10149.0,Del0.8,0.76
X-3735,GPR82,27197.0,Del0.8,0.76
X-3735,GRIPAP1,56850.0,Del0.8,0.79
X-3735,GRPR,2925.0,Del0.8,0.76
X-3735,GSPT2,23708.0,Del0.8,0.79
X-3735,GSTM1,2944.0,Del0.8,0.41
X-3735,GSTM2,2946.0,Del0.8,0.63
X-3735,GSTM3,2947.0,Del0.8,0.66
X-3735,GSTM5,2949.0,Del0.8,0.66
X-3735,GSTT1,2952.0,Del0.8,0.54
X-3735,GTF2H1,2965.0,Amp5,5.13
X-3735,GUSBP1,728411.0,Amp5,5.82
X-3735,GYG2,8908.0,Del0.8,0.76
X-3735,HAUS6,54801.0,Del0.8,0.78
X-3735,HBXIP,10542.0,Del0.8,0.14
X-3735,HCCS,3052.0,Del0.8,0.76
X-3735,HDAC6,10013.0,Del0.8,0.79
X-3735,HDHD1,8226.0,Del0.8,0.76
X-3735,HEG1,57493.0,MutNovel,"R31Q,1.000"
X-3735,HLA-DRB1,3123.0,Amp5,6.32
X-3735,HLA-DRB5,3127.0,Amp5,6.32
X-3735,HLA-DRB6,3128.0,Amp5,6.32
X-3735,HPS5,11234.0,Amp5,5.13
X-3735,HSD17B10,3028.0,Del0.8,0.79
X-3735,HSP90AA1,3320.0,MutNovel,"D829V,0.665"
X-3735,HTATIP2,10553.0,Amp5,5.24
X-3735,IFNA1,3439.0,Del0.8,0.14
X-3735,IFNA10,3446.0,Del0.8,0.78
X-3735,IFNA13,3447.0,Del0.8,0.14
X-3735,IFNA14,3448.0,Del0.8,0.78
X-3735,IFNA16,3449.0,Del0.8,0.78
X-3735,IFNA17,3451.0,Del0.8,0.78
X-3735,IFNA2,3440.0,Del0.8,0.14
X-3735,IFNA21,3452.0,Del0.8,0.78
X-3735,IFNA22P,3453.0,Del0.8,0.18
X-3735,IFNA4,3441.0,Del0.8,0.78
X-3735,IFNA5,3442.0,Del0.8,0.17
X-3735,IFNA6,3443.0,Del0.8,0.35
X-3735,IFNA7,3444.0,Del0.8,0.78
X-3735,IFNA8,3445.0,Del0.8,0.14
X-3735,IFNB1,3456.0,Del0.8,0.78
X-3735,IFNW1,3467.0,Del0.8,0.78
X-3735,IFRD1,3475.0,Amp5,6.36
X-3735,IGSF22,283284.0,Amp5,5.13
X-3735,IL1RAPL1,11141.0,Del0.8,0.76
X-3735,IMMP1L,196294.0,Amp5,5.06
X-3735,INE1,8552.0,Del0.8,0.79
X-3735,INE2,8551.0,Del0.8,0.76
X-3735,INPPL1,3636.0,MutNovel,"D1230A,0.994"
X-3735,INSC,387755.0,Amp5,5.13
X-3735,IQSEC2,23096.0,Del0.8,0.79
X-3735,KAL1,3730.0,Del0.8,0.76
X-3735,KCNA10,3744.0,Del0.8,0.2
X-3735,KCNA4,3739.0,Amp5,5.06
X-3735,KCNC1,3746.0,Amp5,5.13
X-3735,KCNC4,3749.0,Del0.8,0.66
X-3735,KCND1,3750.0,Del0.8,0.79
X-3735,KCNJ11,3767.0,Amp5,5.13
X-3735,KDM5C,8242.0,Del0.8,0.79
X-3735,KDM6A,7403.0,Del0.8,0.79
X-3735,KIF18A,81930.0,Amp5,5.06
X-3735,KLHL15,80311.0,Del0.8,0.76
X-3735,KLHL34,257240.0,Del0.8,0.76
X-3735,KLHL9,55958.0,Del0.8,0.17
X-3735,LANCL3,347404.0,Del0.8,0.76
X-3735,LDHA,3939.0,Amp5,5.13
X-3735,LDHAL6A,160287.0,Amp5,5.13
X-3735,LDHC,3948.0,Amp5,5.13
X-3735,LGR4,55366.0,Amp5,5.06
X-3735,LIN7C,55327.0,Amp5,5.06
X-3735,LOC100126784,100126784.0,Amp5,5.24
X-3735,LOC100132831,100132831.0,Del0.8,0.76
X-3735,LOC100133123,100133123.0,Del0.8,0.76
X-3735,LOC100133957,100133957.0,Del0.8,0.79
X-3735,LOC100288814,100288814.0,Del0.8,0.76
X-3735,LOC100500938,100500938.0,Amp5,5.06
X-3735,LOC100506305,100506305.0,Amp5,5.13
X-3735,LOC100506688,100506688.0,Amp5,5.06
X-3735,LOC100996433,,MutNovel,"G98A,1.000"
X-3735,LOC100996439,,MutNovel,"EK312E,1.000"
X-3735,LOC100996614,,MutNovel,"T106A,0.235"
X-3735,LOC158572,158572.0,Del0.8,0.79
X-3735,LOC284344,284344.0,Del0.8,0.21
X-3735,LOC286442,286442.0,Del0.8,0.76
X-3735,LOC347411,347411.0,Del0.8,0.76
X-3735,LOC349196,349196.0,Amp5,5.7
X-3735,LOC389705,389705.0,Del0.8,0.78
X-3735,LOC389906,389906.0,Del0.8,0.76
X-3735,LOC391322,391322.0,Del0.8,0.54
X-3735,LOC401588,401588.0,Del0.8,0.79
X-3735,LOC440600,440600.0,Del0.8,0.29
X-3735,LOC494141,494141.0,Amp5,5.13
X-3735,LOC729609,729609.0,Del0.8,0.76
X-3735,LRRC14B,389257.0,Amp8,11.24
X-3735,LSR,51599.0,MutNovel,"G518GR,0.833"
X-3735,LTBP3,4054.0,MutNovel,"L35LCW,0.226"
X-3735,LUZP2,338645.0,Amp5,5.06
X-3735,MAGEB1,4112.0,Del0.8,0.76
X-3735,MAGEB10,139422.0,Del0.8,0.76
X-3735,MAGEB16,139604.0,Del0.8,0.76
X-3735,MAGEB18,286514.0,Del0.8,0.76
X-3735,MAGEB2,4113.0,Del0.8,0.76
X-3735,MAGEB3,4114.0,Del0.8,0.76
X-3735,MAGEB4,4115.0,Del0.8,0.76
X-3735,MAGEB6,158809.0,Del0.8,0.76
X-3735,MAGED1,9500.0,Del0.8,0.79
X-3735,MAGED4B,81557.0,Del0.8,0.79
X-3735,MAGED4B,81557.0,Del0.8,0.79
X-3735,MAGIX,79917.0,Del0.8,0.79
X-3735,MAOA,4128.0,Del0.8,0.76
X-3735,MAOB,4129.0,Del0.8,0.76
X-3735,MAP3K15,389840.0,Del0.8,0.76
X-3735,MAP7D2,256714.0,Del0.8,0.76
X-3735,MARCKS,4082.0,MutNovel,"G182GEA,0.419"
X-3735,MARCKS,4082.0,MutNovel,"-183EAEA,0.419"
X-3735,MAST4,375449.0,MutNovel,"R1308Q,0.353"
X-3735,MAZ,4150.0,MutNovel,"AAAAAAA98-,0.254"
X-3735,MBTPS2,51360.0,Del0.8,0.76
X-3735,MED14,9282.0,Del0.8,0.76
X-3735,MED15,51586.0,MutNovel,"-251Q,0.235"
X-3735,METTL15,196074.0,Amp5,5.06
X-3735,MGC21881,389741.0,Del0.8,0.72
X-3735,MID1,4281.0,Del0.8,0.76
X-3735,MID1IP1,58526.0,Del0.8,0.76
X-3735,MIR188,406964.0,Del0.8,0.79
X-3735,MIR221,407006.0,Del0.8,0.79
X-3735,MIR222,407007.0,Del0.8,0.79
X-3735,MIR23C,100500809.0,Del0.8,0.76
X-3735,MIR31,407035.0,Del0.8,0.3
X-3735,MIR3152,100422869.0,Del0.8,0.78
X-3735,MIR31HG,554202.0,Del0.8,0.19
X-3735,MIR362,574030.0,Del0.8,0.79
X-3735,MIR4457,100616235.0,Amp5,5.06
X-3735,MIR4473,100616229.0,Del0.8,0.78
X-3735,MIR4474,100616441.0,Del0.8,0.78
X-3735,MIR4486,100616118.0,Amp5,5.24
X-3735,MIR4635,100616479.0,Amp5,5.06
X-3735,MIR4694,100616426.0,Amp5,5.24
X-3735,MIR4767,100616467.0,Del0.8,0.76
X-3735,MIR4768,100616249.0,Del0.8,0.76
X-3735,MIR4769,100616147.0,Del0.8,0.79
X-3735,MIR4770,100616373.0,Del0.8,0.76
X-3735,MIR491,574444.0,Del0.8,0.78
X-3735,MIR500A,574502.0,Del0.8,0.79
X-3735,MIR500B,100422911.0,Del0.8,0.79
X-3735,MIR501,574503.0,Del0.8,0.79
X-3735,MIR502,574504.0,Del0.8,0.79
X-3735,MIR532,693124.0,Del0.8,0.79
X-3735,MIR610,693195.0,Amp5,5.06
X-3735,MIR651,723779.0,Del0.8,0.76
X-3735,MIR660,724030.0,Del0.8,0.79
X-3735,MLLT3,4300.0,Del0.8,0.78
X-3735,MLYCD,23417.0,MutNovel,"R11G,0.429"
X-3735,MMP17,4326.0,MutNovel,"P22PLLS,0.250"
X-3735,MMP17,4326.0,MutNovel,"P22PLLS,0.391"
X-3735,MOSPD2,158747.0,Del0.8,0.76
X-3735,MPDZ,8777.0,MutNovel,"N1145I,1.000"
X-3735,MPDZ,8777.0,Del0.8,0.78
X-3735,MPPED2,744.0,Amp5,5.06
X-3735,MPRIP,23164.0,MutNovel,"TS178T,0.526"
X-3735,MRGPRX1,259249.0,Amp5,5.13
X-3735,MRGPRX2,117194.0,Amp5,5.24
X-3735,MRGPRX3,117195.0,Amp5,5.13
X-3735,MRGPRX4,117196.0,Amp5,5.13
X-3735,MRPS9,64965.0,MutNovel,"R245Q,0.404"
X-3735,MSL3,10943.0,Del0.8,0.76
X-3735,MST1P9,11223.0,Amp5,5.24
X-3735,MT1A,4489.0,MutNovel,"I49V,1.000"
X-3735,MTAP,4507.0,Del0.8,0.22
X-3735,MUC15,143662.0,Amp5,5.06
X-3735,MXRA5,25878.0,Del0.8,0.76
X-3735,MYLK,4638.0,MutNovel,"G113V,0.350"
X-3735,MYOD1,4654.0,Amp5,5.13
X-3735,NAV2,89797.0,Amp5,5.24
X-3735,NAV2-AS4,399876.0,Amp5,5.24
X-3735,NBPF14,25832.0,MutNovel,"N333H,0.250"
X-3735,NBPF9,400818.0,MutNovel,"R97G,0.810"
X-3735,NBPF9,400818.0,MutNovel,"A127T,0.238"
X-3735,NCL,4691.0,MutNovel,"DE261E,0.246"
X-3735,NCOR2,9612.0,MutNovel,"G1839GAAA,0.642"
X-3735,NDP,4693.0,Del0.8,0.76
X-3735,NDUFB11,54539.0,Del0.8,0.79
X-3735,NELL1,4745.0,Amp5,5.24
X-3735,NFIB,4781.0,Del0.8,0.78
X-3735,NHS,4810.0,Del0.8,0.76
X-3735,NKD2,85409.0,Amp5,5.06
X-3735,NLGN4X,57502.0,Del0.8,0.76
X-3735,NR0B1,190.0,Del0.8,0.76
X-3735,NR1H2,7376.0,MutNovel,"-173Q,0.344"
X-3735,NUCB2,4925.0,Amp5,5.13
X-3735,NUDT10,170685.0,Del0.8,0.79
X-3735,NUDT11,55190.0,MutKnownFunctional,"-1,0.500"
X-3735,NUDT11,55190.0,Del0.8,0.79
X-3735,NUP205,23165.0,MutNovel,"A1623V,0.658"
X-3735,NYX,60506.0,Del0.8,0.76
X-3735,OFD1,8481.0,Del0.8,0.76
X-3735,OR2T2,401992.0,Del0.8,0.68
X-3735,OR2T3,343173.0,Del0.8,0.68
X-3735,OR2W3,343171.0,MutKnownFunctional,"-298?,0.873"
X-3735,OR4F5,79501.0,Del0.8,0.62
X-3735,OR51A2,401667.0,Del0.8,0.66
X-3735,OR7E14P,10819.0,Amp5,5.13
X-3735,ORAI1,84876.0,MutNovel,"PP43-,0.769"
X-3735,OTC,5009.0,Del0.8,0.76
X-3735,OTUD5,55593.0,Del0.8,0.79
X-3735,PAGE1,8712.0,Del0.8,0.79
X-3735,PAGE4,9506.0,Del0.8,0.79
X-3735,PAN3,255967.0,MutNovel,"P256S,0.500"
X-3735,PARVA,55742.0,Amp5,5.13
X-3735,PAX6,5080.0,Amp5,5.06
X-3735,PCSK1N,27344.0,Del0.8,0.79
X-3735,PCSK9,255738.0,MutNovel,"-15L,0.566"
X-3735,PCYT1B,9468.0,Del0.8,0.76
X-3735,PDCD6,10016.0,Amp8,11.24
X-3735,PDE3B,5140.0,Amp5,5.13
X-3735,PDHA1,5160.0,Del0.8,0.76
X-3735,PDK3,5165.0,Del0.8,0.76
X-3735,PHEX,5251.0,Del0.8,0.76
X-3735,PHF16,9767.0,Del0.8,0.79
X-3735,PHF23,79142.0,MutNovel,"R118C,1.000"
X-3735,PHKA2,5256.0,Del0.8,0.76
X-3735,PHLDA1,22822.0,MutNovel,"QQ194Q,0.535"
X-3735,PIF1,80119.0,MutNovel,"P109S,1.000"
X-3735,PIGA,5277.0,Del0.8,0.76
X-3735,PIK3C2A,5286.0,Amp5,5.13
X-3735,PIM2,11040.0,Del0.8,0.79
X-3735,PIR,8544.0,Del0.8,0.76
X-3735,PIR-FIGF,100532742.0,Del0.8,0.76
X-3735,PLEC,5339.0,MutNovel,"L1322P,0.460"
X-3735,PLEKHA7,144100.0,Amp5,5.13
X-3735,PLEKHG4B,153478.0,Amp8,11.24
X-3735,PLIN2,123.0,Del0.8,0.78
X-3735,PLP2,5355.0,Del0.8,0.79
X-3735,PMCHL1,5369.0,Amp5,5.82
X-3735,PNPLA4,8228.0,Del0.8,0.76
X-3735,POLA1,5422.0,Del0.8,0.76
X-3735,PORCN,64840.0,Del0.8,0.79
X-3735,PPEF1,5475.0,Del0.8,0.76
X-3735,PPP1R2P9,80316.0,Del0.8,0.76
X-3735,PPP1R3F,89801.0,Del0.8,0.79
X-3735,PQBP1,10084.0,Del0.8,0.79
X-3735,PRAF2,11230.0,Del0.8,0.79
X-3735,PRDM6,93166.0,MutNovel,"P134L,0.500"
X-3735,PRDX4,10549.0,Del0.8,0.76
X-3735,PRICKLE3,4007.0,Del0.8,0.79
X-3735,PRKX,5613.0,Del0.8,0.76
X-3735,PRMT3,10196.0,Amp5,5.24
X-3735,PROK1,84432.0,Del0.8,0.2
X-3735,PRPS2,5634.0,Del0.8,0.76
X-3735,PRRG1,5638.0,Del0.8,0.76
X-3735,PSG4,5672.0,Del0.8,0.59
X-3735,PSG5,5673.0,Del0.8,0.35
X-3735,PSIP1,11168.0,Del0.8,0.78
X-3735,PSMA1,5682.0,Amp5,5.13
X-3735,PTCHD1,139411.0,Del0.8,0.76
X-3735,PTGES3,10728.0,MutNovel,"D70G,0.596"
X-3735,PTH,5741.0,Amp5,5.13
X-3735,PTPLAD2,401494.0,Del0.8,0.78
X-3735,PTPN5,84867.0,Amp5,5.13
X-3735,RAB9A,9367.0,Del0.8,0.76
X-3735,RAI2,10742.0,Del0.8,0.76
X-3735,RASSF10,644943.0,Amp5,5.13
X-3735,RBBP7,5931.0,Del0.8,0.76
X-3735,RBM10,8241.0,Del0.8,0.79
X-3735,RBM15,64783.0,Del0.8,0.14
X-3735,RBM3,5935.0,Del0.8,0.79
X-3735,REPS2,9185.0,Del0.8,0.76
X-3735,RGMB,285704.0,MutNovel,"R21G,0.304"
X-3735,RGN,9104.0,Del0.8,0.79
X-3735,RIBC1,158787.0,Del0.8,0.79
X-3735,RIN3,79890.0,MutNovel,"G967-,0.609"
X-3735,RLIM,51132.0,MutNovel,"R219Q,1.000"
X-3735,RP2,6102.0,Del0.8,0.79
X-3735,RPGR,6103.0,Del0.8,0.76
X-3735,RPS13,6207.0,Amp5,5.13
X-3735,RPS6,6194.0,Del0.8,0.78
X-3735,RPS6KA3,6197.0,Del0.8,0.76
X-3735,RRAGA,10670.0,Del0.8,0.78
X-3735,RRAS2,22800.0,Amp5,5.13
X-3735,RS1,6247.0,Del0.8,0.76
X-3735,S100G,795.0,Del0.8,0.76
X-3735,SAA1,6288.0,Amp5,5.13
X-3735,SAA2,6289.0,Amp5,5.13
X-3735,SAA2-SAA4,100528017.0,Amp5,5.13
X-3735,SAA3P,6290.0,Amp5,5.13
X-3735,SAA4,6291.0,Amp5,5.13
X-3735,SAAL1,113174.0,Amp5,5.13
X-3735,SAT1,6303.0,Del0.8,0.76
X-3735,SCAPER,49855.0,Del0.8,0.45
X-3735,SCARNA23,677773.0,Del0.8,0.76
X-3735,SCARNA8,677776.0,Del0.8,0.78
X-3735,SCARNA9L,100158262.0,Del0.8,0.76
X-3735,SCML1,6322.0,Del0.8,0.76
X-3735,SCML2,10389.0,Del0.8,0.76
X-3735,SDHA,6389.0,Amp8,11.24
X-3735,SERGEF,26297.0,Amp5,5.13
X-3735,SERINC2,347735.0,MutNovel,"-373Q,0.706"
X-3735,SH3GL2,6456.0,Del0.8,0.78
X-3735,SH3KBP1,30011.0,Del0.8,0.76
X-3735,SHROOM2,357.0,Del0.8,0.76
X-3735,SHROOM4,57477.0,Del0.8,0.79
X-3735,SIRPA,140885.0,MutNovel,"R480Q,1.000"
X-3735,SLC12A7,10723.0,Amp5,5.06
X-3735,SLC16A4,9122.0,Del0.8,0.14
X-3735,SLC17A6,57084.0,Amp5,5.24
X-3735,SLC24A2,25769.0,Del0.8,0.78
X-3735,SLC35A2,7355.0,Del0.8,0.79
X-3735,SLC36A4,120103.0,MutNovel,"I407V,1.000"
X-3735,SLC38A5,92745.0,Del0.8,0.79
X-3735,SLC5A12,159963.0,Amp5,5.06
X-3735,SLC6A17,388662.0,Del0.8,0.66
X-3735,SLC6A18,348932.0,Amp5,5.06
X-3735,SLC6A19,340024.0,Amp5,5.06
X-3735,SLC6A5,9152.0,Amp5,5.24
X-3735,SLC9A7,84679.0,Del0.8,0.79
X-3735,SMC1A,8243.0,Del0.8,0.79
X-3735,SMEK3P,139420.0,Del0.8,0.76
X-3735,SMPX,23676.0,Del0.8,0.76
X-3735,SMS,6611.0,Del0.8,0.76
X-3735,SNAPC3,6619.0,Del0.8,0.78
X-3735,SNORA11C,100124540.0,Del0.8,0.79
X-3735,SNORA11D,100124541.0,Del0.8,0.79
X-3735,SNORA11D,100124541.0,Del0.8,0.79
X-3735,SNORA11E,100124542.0,Del0.8,0.79
X-3735,SNORA11E,100124542.0,Del0.8,0.79
X-3735,SOX6,55553.0,Amp5,5.13
X-3735,SPACA5,389852.0,Del0.8,0.79
X-3735,SPANXN5,494197.0,Del0.8,0.79
X-3735,SPON1,10418.0,Amp5,5.13
X-3735,SPTY2D1,144108.0,Amp5,5.13
X-3735,SRPX,8406.0,Del0.8,0.76
X-3735,SSX1,6756.0,Del0.8,0.79
X-3735,SSX2,6757.0,Del0.8,0.79
X-3735,SSX2,6757.0,Del0.8,0.79
X-3735,SSX2B,727837.0,Del0.8,0.79
X-3735,SSX2B,727837.0,Del0.8,0.79
X-3735,SSX3,10214.0,Del0.8,0.79
X-3735,SSX4,6759.0,Del0.8,0.79
X-3735,SSX4,6759.0,Del0.8,0.79
X-3735,SSX5,6758.0,Del0.8,0.79
X-3735,SSX6,280657.0,Del0.8,0.79
X-3735,SSX7,280658.0,Del0.8,0.79
X-3735,SSX8,280659.0,Del0.8,0.79
X-3735,STARD9,57519.0,MutNovel,"Q4360H,0.259"
X-3735,STS,412.0,Del0.8,0.76
X-3735,SUV39H1,6839.0,Del0.8,0.79
X-3735,SVIP,258010.0,Amp5,5.06
X-3735,SYAP1,94056.0,Del0.8,0.76
X-3735,SYN1,6853.0,Del0.8,0.79
X-3735,SYP,6855.0,Del0.8,0.79
X-3735,SYTL5,94122.0,Del0.8,0.76
X-3735,TAB3,257397.0,Del0.8,0.76
X-3735,TAPBP,6892.0,MutNovel,"PR56R,0.538"
X-3735,TAPBP,6892.0,MutNovel,"P56A,0.577"
X-3735,TBC1D25,4943.0,Del0.8,0.79
X-3735,TBC1D2B,23102.0,MutNovel,"A8G,1.000"
X-3735,TBC1D3B,414059.0,Del0.8,0.51
X-3735,TBL1X,6907.0,Del0.8,0.76
X-3735,TCEANC,170082.0,Del0.8,0.76
X-3735,TEAD1,7003.0,Amp5,5.13
X-3735,TERT,7015.0,Amp5,5.06
X-3735,TFE3,7030.0,Del0.8,0.79
X-3735,TIMM17B,10245.0,Del0.8,0.79
X-3735,TIMP1,7076.0,Del0.8,0.79
X-3735,TLR7,51284.0,Del0.8,0.76
X-3735,TLR8,51311.0,Del0.8,0.76
X-3735,TLR8-AS1,349408.0,Del0.8,0.76
X-3735,TMEM27,57393.0,Del0.8,0.76
X-3735,TMEM47,83604.0,Del0.8,0.76
X-3735,TMEM86A,144110.0,Amp5,5.13
X-3735,TMSB4X,7114.0,Del0.8,0.76
X-3735,TP53,7157.0,MutKnownFunctional,"-85,0.967"
X-3735,TPH1,7166.0,Amp5,5.13
X-3735,TPTE,7179.0,Del0.8,0.24
X-3735,TRAPPC2,6399.0,Del0.8,0.76
X-3735,TRIP13,9319.0,Amp5,5.06
X-3735,TSC22D1,8848.0,MutNovel,"S127F,0.250"
X-3735,TSG101,7251.0,Amp5,5.13
X-3735,TSPAN7,7102.0,Del0.8,0.76
X-3735,TSPYL1,7259.0,MutNovel,"V176VW,0.837"
X-3735,TSPYL2,64061.0,Del0.8,0.79
X-3735,TTC39B,158219.0,Del0.8,0.78
X-3735,TXLNG,55787.0,Del0.8,0.76
X-3735,UBA1,7317.0,Del0.8,0.79
X-3735,UBL4B,164153.0,Del0.8,0.66
X-3735,UEVLD,55293.0,Amp5,5.13
X-3735,USH1C,10083.0,Amp5,5.13
X-3735,USP11,8237.0,Del0.8,0.79
X-3735,USP27X,389856.0,Del0.8,0.79
X-3735,USP36,57602.0,MutNovel,"KKK958K,0.696"
X-3735,USP9X,8239.0,Del0.8,0.76
X-3735,UTY,7404.0,MutNovel,"AR1078LR,1.000"
X-3735,UTY,7404.0,MutNovel,"H1077P,1.000"
X-3735,UTY,7404.0,MutNovel,"SH1075HD,1.000"
X-3735,UTY,7404.0,MutNovel,"V1074H,1.000"
X-3735,UTY,7404.0,MutNovel,"G1073C,1.000"
X-3735,UTY,7404.0,MutNovel,"GI1070AG,1.000"
X-3735,UTY,7404.0,MutNovel,"AG1069DR,1.000"
X-3735,UTY,7404.0,MutKnownFunctional,"S1068*,1.000"
X-3735,UTY,7404.0,MutNovel,"S1066T,1.000"
X-3735,UTY,7404.0,MutNovel,"L1061P,1.000"
X-3735,UTY,7404.0,MutNovel,"GG1059VR,1.000"
X-3735,UTY,7404.0,MutNovel,"S1058D,1.000"
X-3735,UTY,7404.0,MutNovel,"LL1055GL,1.000"
X-3735,UTY,7404.0,MutNovel,"E1054L,1.000"
X-3735,UTY,7404.0,MutNovel,"P1010L,0.286"
X-3735,UTY,7404.0,MutNovel,"K1008P,0.429"
X-3735,UTY,7404.0,MutNovel,"NP1006TI,0.375"
X-3735,UTY,7404.0,MutNovel,"H1001Q,0.500"
X-3735,UTY,7404.0,MutNovel,"H1001N,0.583"
X-3735,UTY,7404.0,MutKnownFunctional,"F996*,0.467"
X-3735,UTY,7404.0,MutNovel,"F996N,0.571"
X-3735,UTY,7404.0,MutNovel,"A995T,0.571"
X-3735,UTY,7404.0,MutNovel,"R993L,0.643"
X-3735,UTY,7404.0,MutNovel,"SL578WA,0.214"
X-3735,UTY,7404.0,MutNovel,"HP507SS,0.632"
X-3735,UTY,7404.0,MutNovel,"HA348PT,0.600"
X-3735,UTY,7404.0,MutNovel,"H346N,0.773"
X-3735,UTY,7404.0,MutNovel,"Q343V,0.778"
X-3735,UTY,7404.0,MutNovel,"V342A,0.762"
X-3735,UTY,7404.0,MutNovel,"AV341ES,0.762"
X-3735,UTY,7404.0,MutNovel,"Q336A,0.833"
X-3735,UTY,7404.0,MutNovel,"L335T,0.818"
X-3735,UTY,7404.0,MutNovel,"D333E,0.846"
X-3735,UTY,7404.0,MutNovel,"D333R,0.846"
X-3735,UTY,7404.0,MutNovel,"M332V,0.231"
X-3735,UTY,7404.0,MutNovel,"NQ329KS,0.727"
X-3735,UTY,7404.0,MutNovel,"Q327K,0.333"
X-3735,UTY,7404.0,MutNovel,"L324V,0.333"
X-3735,UTY,7404.0,MutKnownFunctional,"GV322G*,0.600"
X-3735,UTY,7404.0,MutNovel,"G322D,0.800"
X-3735,UTY,7404.0,MutNovel,"IG321SN,0.800"
X-3735,UTY,7404.0,MutNovel,"EA312VI,0.667"
X-3735,UTY,7404.0,MutNovel,"SE311KK,0.692"
X-3735,UTY,7404.0,MutNovel,"K310W,0.714"
X-3735,UTY,7404.0,MutNovel,"K310W,0.714"
X-3735,UTY,7404.0,MutNovel,"D309C,0.714"
X-3735,UTY,7404.0,MutKnownFunctional,"S292*,0.500"
X-3735,UTY,7404.0,MutNovel,"F286L,0.400"
X-3735,UTY,7404.0,MutNovel,"Y285N,0.533"
X-3735,UTY,7404.0,MutNovel,"WY284SN,0.533"
X-3735,UTY,7404.0,MutNovel,"S283F,0.467"
X-3735,UTY,7404.0,MutNovel,"GQ281VE,0.545"
X-3735,UTY,7404.0,MutNovel,"S280L,0.571"
X-3735,UTY,7404.0,MutNovel,"NS279RL,0.615"
X-3735,UTY,7404.0,MutNovel,"LE274RQ,0.600"
X-3735,UTY,7404.0,MutNovel,"S273R,0.571"
X-3735,UTY,7404.0,MutNovel,"QK271HE,0.438"
X-3735,UTY,7404.0,MutNovel,"KE262SS,0.583"
X-3735,UTY,7404.0,MutNovel,"KA259VS,0.727"
X-3735,UTY,7404.0,MutNovel,"D258P,0.500"
X-3735,UTY,7404.0,MutNovel,"G257R,0.556"
X-3735,UTY,7404.0,MutNovel,"DL254VA,0.300"
X-3735,UTY,7404.0,MutNovel,"M253R,0.300"
X-3735,UTY,7404.0,MutNovel,"M253L,0.333"
X-3735,UTY,7404.0,MutNovel,"N252T,0.556"
X-3735,UTY,7404.0,MutNovel,"HH250GN,0.500"
X-3735,UTY,7404.0,MutNovel,"WM248CG,0.556"
X-3735,UTY,7404.0,MutNovel,"W248T,0.333"
X-3735,UTY,7404.0,MutNovel,"W248R,0.500"
X-3735,UTY,7404.0,MutNovel,"QQ244ME,0.444"
X-3735,UTY,7404.0,MutNovel,"L243R,0.273"
X-3735,UTY,7404.0,MutNovel,"A240P,0.333"
X-3735,UTY,7404.0,MutNovel,"KA239NP,0.333"
X-3735,UTY,7404.0,MutNovel,"Y225N,0.231"
X-3735,UTY,7404.0,MutNovel,"AK163VL,0.231"
X-3735,UTY,7404.0,MutNovel,"A163P,0.385"
X-3735,UTY,7404.0,MutNovel,"RA162HP,0.385"
X-3735,UTY,7404.0,MutNovel,"C161A,0.417"
X-3735,UTY,7404.0,MutNovel,"D157V,0.300"
X-3735,UTY,7404.0,MutNovel,"D157F,0.500"
X-3735,UTY,7404.0,MutNovel,"L154S,0.500"
X-3735,UTY,7404.0,MutNovel,"Q151H,0.500"
X-3735,UTY,7404.0,MutNovel,"Q151K,0.500"
X-3735,UTY,7404.0,MutNovel,"Q151K,0.500"
X-3735,UTY,7404.0,MutNovel,"F150I,0.500"
X-3735,UTY,7404.0,MutNovel,"A149S,0.571"
X-3735,UTY,7404.0,MutNovel,"W145R,0.600"
X-3735,UTY,7404.0,MutNovel,"AA127KT,1.000"
X-3735,UTY,7404.0,MutNovel,"N126R,1.000"
X-3735,UTY,7404.0,MutNovel,"Y113D,0.500"
X-3735,UTY,7404.0,MutNovel,"R52P,0.435"
X-3735,UTY,7404.0,MutNovel,"AL45RI,0.333"
X-3735,UTY,7404.0,MutNovel,"RE43IL,0.429"
X-3735,UTY,7404.0,MutNovel,"T39C,0.308"
X-3735,UTY,7404.0,MutNovel,"V36E,0.280"
X-3735,UTY,7404.0,MutNovel,"E34V,0.250"
X-3735,UTY,7404.0,MutNovel,"E33R,0.320"
X-3735,UTY,7404.0,MutNovel,"E33K,0.250"
X-3735,UTY,7404.0,MutNovel,"R29L,0.364"
X-3735,UTY,7404.0,MutKnownFunctional,"AS27*G,0.304"
X-3735,UTY,7404.0,MutNovel,"G25L,0.370"
X-3735,UTY,7404.0,MutNovel,"MA22RK,0.375"
X-3735,UTY,7404.0,MutNovel,"FG15SR,0.294"
X-3735,UTY,7404.0,MutNovel,"AV12VC,0.294"
X-3735,UTY,7404.0,MutNovel,"L8F,0.267"
X-3735,UXT,8409.0,Del0.8,0.79
X-3735,VCX,26609.0,Del0.8,0.76
X-3735,VCX2,51480.0,Del0.8,0.76
X-3735,VCX3A,51481.0,Del0.8,0.76
X-3735,VCX3B,425054.0,Del0.8,0.76
X-3735,VENTXP1,139538.0,Del0.8,0.76
X-3735,WAS,7454.0,Del0.8,0.79
X-3735,WASF1,8936.0,MutNovel,"G380R,0.655"
X-3735,WDR13,64743.0,Del0.8,0.79
X-3735,WDR45,11152.0,Del0.8,0.79
X-3735,WWC3,55841.0,Del0.8,0.76
X-3735,XAGE1A,653219.0,Del0.8,0.79
X-3735,XAGE1A,653219.0,Del0.8,0.79
X-3735,XAGE1C,653048.0,Del0.8,0.79
X-3735,XAGE1C,653048.0,Del0.8,0.79
X-3735,XAGE2,9502.0,Del0.8,0.79
X-3735,XAGE2,9502.0,Del0.8,0.79
X-3735,XAGE3,170626.0,Del0.8,0.79
X-3735,XAGE5,170627.0,Del0.8,0.79
X-3735,XK,7504.0,Del0.8,0.76
X-3735,XYLT1,64131.0,MutNovel,"A115S,0.615"
X-3735,YY2,404281.0,Del0.8,0.76
X-3735,ZC3H18,124245.0,MutNovel,"QRE414Q,0.357"
X-3735,ZCCHC4,29063.0,MutKnownFunctional,"-429,0.645"
X-3735,ZDHHC13,54503.0,Amp5,5.24
X-3735,ZDHHC21,340481.0,Del0.8,0.78
X-3735,ZFX,7543.0,Del0.8,0.76
X-3735,ZNF157,7712.0,Del0.8,0.79
X-3735,ZNF182,7569.0,Del0.8,0.79
X-3735,ZNF219,51222.0,MutNovel,"QPP233P,0.420"
X-3735,ZNF277,11179.0,Amp5,6.36
X-3735,ZNF384,171017.0,MutNovel,"QQ514Q,0.459"
X-3735,ZNF41,7592.0,Del0.8,0.79
X-3735,ZNF630,57232.0,Del0.8,0.79
X-3735,ZNF645,158506.0,Del0.8,0.76
X-3735,ZNF673,55634.0,Del0.8,0.79
X-3735,ZNF674,641339.0,Del0.8,0.79
X-3735,ZNF705G,100131980.0,Amp5,5.7
X-3735,ZNF709,163051.0,MutNovel,"I469T,0.333"
X-3735,ZNF81,347344.0,Del0.8,0.79
X-3735,ZNF850,342892.0,MutNovel,"I549T,1.000"
X-3735,ZRSR2,8233.0,Del0.8,0.76
X-3749,A2LD1,87769.0,Amp5,5.31
X-3749,ABCC4,10257.0,Amp5,5.31
X-3749,ABCD1,215.0,Del0.8,0.69
X-3749,ABHD13,84945.0,Amp5,5.31
X-3749,ABI1,10006.0,MutNovel,"P418-,0.369"
X-3749,ACE2,59272.0,Del0.8,0.66
X-3749,ACOT9,23597.0,Del0.8,0.66
X-3749,ACSL4,2182.0,Del0.8,0.67
X-3749,ACTA1,58.0,MutNovel,"T360S,0.692"
X-3749,ACTRT1,139741.0,Del0.8,0.67
X-3749,ADAM17,6868.0,MutNovel,"D794N,1.000"
X-3749,ADAM3A,1587.0,Del0.8,0.62
X-3749,ADAM6,8755.0,Amp5,5.21
X-3749,ADAMTS14,140766.0,MutNovel,"R901C,0.357"
X-3749,ADAMTS7,11173.0,MutNovel,"A1449T,0.231"
X-3749,ADK,132.0,Del0.8,0.49
X-3749,ADNP2,22850.0,Del0.8,0.74
X-3749,ADORA2B,136.0,Amp5,5.24
X-3749,ADPRHL1,113622.0,Amp5,5.39
X-3749,AFF2,2334.0,Del0.8,0.69
X-3749,AGAP1,116987.0,Del0.8,0.74
X-3749,AGTR2,186.0,Del0.8,0.67
X-3749,AGXT,189.0,Del0.8,0.79
X-3749,AHSA2,130872.0,Amp5,5.17
X-3749,AIFM1,9131.0,Del0.8,0.67
X-3749,AKAP14,158798.0,Del0.8,0.67
X-3749,AKAP17A,8227.0,Del0.8,0.66
X-3749,ALG10,84920.0,MutKnownFunctional,"-314,0.786"
X-3749,ALG13,79868.0,Del0.8,0.67
X-3749,ALPI,248.0,Del0.8,0.74
X-3749,ALPK3,57538.0,MutNovel,"R1215H,0.250"
X-3749,ALPPL2,251.0,Del0.8,0.74
X-3749,AMELX,265.0,Del0.8,0.66
X-3749,AMMECR1,9949.0,Del0.8,0.67
X-3749,AMOT,154796.0,Del0.8,0.67
X-3749,ANAPC4,29945.0,Amp5,5.06
X-3749,ANKRD10,55608.0,Amp5,5.39
X-3749,ANKRD36B,57730.0,MutNovel,"R634P,1.000"
X-3749,ANO7,50636.0,Del0.8,0.79
X-3749,AP1S2,8905.0,Del0.8,0.66
X-3749,APLN,8862.0,Del0.8,0.67
X-3749,APOO,79135.0,Del0.8,0.66
X-3749,APOOL,139322.0,Del0.8,0.71
X-3749,AQP12A,375318.0,Del0.8,0.79
X-3749,AQP12B,653437.0,Del0.8,0.79
X-3749,ARGLU1,55082.0,Amp5,5.31
X-3749,ARHGAP36,158763.0,Del0.8,0.67
X-3749,ARHGAP4,393.0,Del0.8,0.69
X-3749,ARHGAP44,9912.0,Amp5,5.58
X-3749,ARHGAP6,395.0,Del0.8,0.66
X-3749,ARHGEF6,9459.0,Del0.8,0.67
X-3749,ARHGEF7,8874.0,Amp5,5.39
X-3749,ARID3B,10620.0,MutNovel,"-5QQQ,0.278"
X-3749,ARL11,115761.0,Del0.8,0.31
X-3749,ARL13A,392509.0,Del0.8,0.67
X-3749,ARL4C,10123.0,Del0.8,0.74
X-3749,ARMC9,80210.0,Del0.8,0.71
X-3749,ARMCX1,51309.0,Del0.8,0.67
X-3749,ARMCX2,9823.0,Del0.8,0.67
X-3749,ARMCX3,51566.0,Del0.8,0.67
X-3749,ARMCX4,100131755.0,Del0.8,0.67
X-3749,ARMCX5,64860.0,Del0.8,0.67
X-3749,ARMCX5-GPRASP2,100528062.0,Del0.8,0.67
X-3749,ARMCX6,54470.0,Del0.8,0.67
X-3749,ARSD,414.0,Del0.8,0.66
X-3749,ARSE,415.0,Del0.8,0.66
X-3749,ARSF,416.0,Del0.8,0.66
X-3749,ARSH,347527.0,Del0.8,0.66
X-3749,ART5,116969.0,MutNovel,"-25P,1.000"
X-3749,ARX,170302.0,Del0.8,0.66
X-3749,ASB1,51665.0,Del0.8,0.74
X-3749,ASB11,140456.0,Del0.8,0.66
X-3749,ASB18,401036.0,Del0.8,0.74
X-3749,ASB9,140462.0,Del0.8,0.66
X-3749,ASMT,438.0,Del0.8,0.66
X-3749,ASMTL,8623.0,Del0.8,0.66
X-3749,ASMTL-AS1,80161.0,Del0.8,0.66
X-3749,ATAD1,84896.0,Del0.8,0.33
X-3749,ATG16L1,55054.0,Del0.8,0.74
X-3749,ATG4A,115201.0,Del0.8,0.67
X-3749,ATG4B,23192.0,Del0.8,0.79
X-3749,ATM,472.0,MutNovel,"S707P,0.750"
X-3749,ATM,472.0,MutNovel,"F858L,0.375"
X-3749,ATM,472.0,MutNovel,"P1054R,1.000"
X-3749,ATP11A,23250.0,Amp5,5.39
X-3749,ATP11C,286410.0,Del0.8,0.67
X-3749,ATP1B4,23439.0,Del0.8,0.67
X-3749,ATP2B3,492.0,Del0.8,0.69
X-3749,ATP4B,496.0,Amp5,5.39
X-3749,ATP6AP1,537.0,Del0.8,0.69
X-3749,ATP6AP2,10159.0,Del0.8,0.68
X-3749,ATPAF2,91647.0,Amp5,5.24
X-3749,ATRX,546.0,Del0.8,0.58
X-3749,ATXN3L,92552.0,Del0.8,0.66
X-3749,AUH,549.0,MutNovel,"A266T,0.441"
X-3749,AVPR2,554.0,Del0.8,0.69
X-3749,B3GNT2,10678.0,Amp5,5.17
X-3749,B3GNT7,93010.0,Del0.8,0.71
X-3749,BCAP31,10134.0,Del0.8,0.69
X-3749,BCOR,54880.0,Del0.8,0.68
X-3749,BCORL1,63035.0,Del0.8,0.67
X-3749,BEND2,139105.0,Del0.8,0.66
X-3749,BEX1,55859.0,Del0.8,0.67
X-3749,BEX2,84707.0,Del0.8,0.67
X-3749,BEX4,56271.0,Del0.8,0.67
X-3749,BEX5,340542.0,Del0.8,0.67
X-3749,BGN,633.0,Del0.8,0.69
X-3749,BHLHB9,80823.0,Del0.8,0.67
X-3749,BIVM,54841.0,Amp5,5.31
X-3749,BIVM-ERCC5,100533467.0,Amp5,5.31
X-3749,BMS1,9790.0,Amp5,5.03
X-3749,BMX,660.0,Del0.8,0.66
X-3749,BNIP3,664.0,Del0.8,0.77
X-3749,BOK,666.0,Del0.8,0.79
X-3749,BOK-AS1,100379249.0,Del0.8,0.79
X-3749,BRCC3,79184.0,Del0.8,0.69
X-3749,BRS3,680.0,Del0.8,0.67
X-3749,BST1,683.0,Amp5,5.06
X-3749,BTK,695.0,Del0.8,0.67
X-3749,C10orf11,83938.0,Del0.8,0.3
X-3749,C13orf35,400165.0,Amp5,5.39
X-3749,C17orf39,79018.0,Amp5,5.24
X-3749,C17orf48,56985.0,Amp5,5.58
X-3749,C17orf96,100170841.0,Amp5,5.24
X-3749,C17orf98,388381.0,Amp5,5.24
X-3749,C1GALT1C1,29071.0,Del0.8,0.67
X-3749,C1QTNF7,114905.0,Amp5,5.06
X-3749,C21orf58,54058.0,MutNovel,"H299PN,0.462"
X-3749,C2orf54,79919.0,Del0.8,0.79
X-3749,C2orf57,165100.0,Del0.8,0.71
X-3749,C2orf72,257407.0,Del0.8,0.71
X-3749,C2orf74,339804.0,Amp5,5.17
X-3749,C2orf82,389084.0,Del0.8,0.74
X-3749,C4orf52,389203.0,Amp5,5.06
X-3749,C6orf70,55780.0,MutNovel,"V534I,0.368"
X-3749,CA5B,11238.0,Del0.8,0.66
X-3749,CA5BP1,340591.0,Del0.8,0.66
X-3749,CAB39,51719.0,Del0.8,0.71
X-3749,CAB39L,81617.0,Del0.8,0.19
X-3749,CAND2,23066.0,MutNovel,"Q408R,0.693"
X-3749,CAPN10,11132.0,Del0.8,0.79
X-3749,CAPN6,827.0,Del0.8,0.67
X-3749,CARKD,55739.0,Amp5,5.39
X-3749,CARS2,79587.0,Amp5,5.39
X-3749,CC2D2A,57545.0,Amp5,5.06
X-3749,CCBE1,147372.0,MutNovel,"L383P,1.000"
X-3749,CCDC127,133957.0,Del0.8,0.56
X-3749,CCDC144A,9720.0,Amp5,5.24
X-3749,CCDC149,91050.0,Amp5,5.06
X-3749,CCDC160,347475.0,Del0.8,0.67
X-3749,CCDC168,643677.0,Amp5,5.31
X-3749,CCKAR,886.0,Amp5,5.06
X-3749,CCT4,10575.0,Amp5,5.17
X-3749,CD38,952.0,Amp5,5.06
X-3749,CD40LG,959.0,Del0.8,0.67
X-3749,CD99,4267.0,Del0.8,0.66
X-3749,CD99L2,83692.0,Del0.8,0.69
X-3749,CD99P1,401577.0,Del0.8,0.66
X-3749,CDADC1,81602.0,Del0.8,0.38
X-3749,CDC16,8881.0,Amp5,5.39
X-3749,CDKL5,6792.0,Del0.8,0.66
X-3749,CDR1,1038.0,Del0.8,0.67
X-3749,CDRT1,374286.0,Amp5,5.58
X-3749,CDRT15,146822.0,Amp5,5.58
X-3749,CDRT15P1,94158.0,Amp5,5.58
X-3749,CDRT15P2,644694.0,Amp5,5.24
X-3749,CDRT4,284040.0,Amp5,5.58
X-3749,CDRT7,94150.0,Amp5,5.58
X-3749,CEL,1056.0,MutNovel,"D504H,1.000"
X-3749,CENPI,2491.0,Del0.8,0.67
X-3749,CETN2,1069.0,Del0.8,0.69
X-3749,CHAMP1,283489.0,Amp5,5.39
X-3749,CHD3,1107.0,MutNovel,"-81P,0.429"
X-3749,CHM,1121.0,Del0.8,0.71
X-3749,CHRDL1,91851.0,Del0.8,0.67
X-3749,CHRND,1144.0,Del0.8,0.74
X-3749,CHRNG,1146.0,Del0.8,0.74
X-3749,CISD3,284106.0,Amp5,5.24
X-3749,CLCN4,1183.0,Del0.8,0.66
X-3749,CLDN10,9071.0,Amp5,5.31
X-3749,CLDN2,9075.0,Del0.8,0.67
X-3749,CLIC2,1193.0,Del0.8,0.69
X-3749,CLNK,116449.0,Amp5,5.06
X-3749,CLRN2,645104.0,Amp5,5.06
X-3749,CLYBL,171425.0,Amp5,5.31
X-3749,CNGA2,1260.0,Del0.8,0.69
X-3749,CNKSR2,22866.0,Del0.8,0.66
X-3749,CNNM3,26505.0,MutNovel,"A158V,0.571"
X-3749,CNTNAP3B,728577.0,MutNovel,"R1214W,0.429"
X-3749,COG3,83548.0,Amp5,6.11
X-3749,COL4A1,1282.0,Amp5,5.39
X-3749,COL4A2,1284.0,Amp5,5.39
X-3749,COL4A3BP,10087.0,MutNovel,"R73G,0.523"
X-3749,COL4A5,1287.0,Del0.8,0.67
X-3749,COL4A6,1288.0,Del0.8,0.67
X-3749,COL5A1,1289.0,MutNovel,"K1473R,1.000"
X-3749,COL6A3,1293.0,Del0.8,0.74
X-3749,COMMD1,150684.0,Amp5,5.17
X-3749,COMMD6,170622.0,Amp5,5.78
X-3749,COMTD1,118881.0,Del0.8,0.36
X-3749,COPA,1314.0,MutNovel,"T216A,0.635"
X-3749,COPS3,8533.0,Amp5,5.24
X-3749,COPS7B,64708.0,Del0.8,0.71
X-3749,COPS8,10920.0,Del0.8,0.74
X-3749,COX10,1352.0,Amp5,5.58
X-3749,CPB2,1361.0,Amp5,6.11
X-3749,CPEB2,132864.0,Amp5,5.06
X-3749,CPXCR1,53336.0,Del0.8,0.71
X-3749,CRLF2,64109.0,Del0.8,0.66
X-3749,CRYBG3,,MutNovel,"D1721H,0.479"
X-3749,CSAG1,158511.0,Del0.8,0.69
X-3749,CSAG2,728461.0,Del0.8,0.69
X-3749,CSAG2,728461.0,Del0.8,0.69
X-3749,CSAG3,389903.0,Del0.8,0.69
X-3749,CSAG3,389903.0,Del0.8,0.69
X-3749,CSF2RA,1438.0,Del0.8,0.66
X-3749,CSGALNACT2,55454.0,Amp5,5.03
X-3749,CSTF2,1478.0,Del0.8,0.67
X-3749,CT45A1,541466.0,Del0.8,0.67
X-3749,CT45A2,728911.0,Del0.8,0.67
X-3749,CT45A3,441519.0,Del0.8,0.67
X-3749,CT45A4,441520.0,Del0.8,0.67
X-3749,CT45A4,441520.0,Del0.8,0.67
X-3749,CT45A5,441521.0,Del0.8,0.67
X-3749,CT45A6,541465.0,Del0.8,0.67
X-3749,CT47A1,728096.0,Del0.8,0.67
X-3749,CT47A10,728036.0,Del0.8,0.67
X-3749,CT47A6,728062.0,Del0.8,0.67
X-3749,CT47A7,653282.0,Del0.8,0.67
X-3749,CT47B1,643311.0,Del0.8,0.67
X-3749,CTAG1B,1485.0,Del0.8,0.69
X-3749,CTAG1B,1485.0,Del0.8,0.69
X-3749,CTAG2,30848.0,Del0.8,0.69
X-3749,CTAGE10P,220429.0,Del0.8,0.21
X-3749,CTAGE4,100128553.0,Amp5,5.31
X-3749,CTAGE7P,119437.0,Del0.8,0.74
X-3749,CTPS2,56474.0,Del0.8,0.66
X-3749,CTSA,5476.0,MutNovel,"L29-,0.255"
X-3749,CUL4A,8451.0,Amp5,5.39
X-3749,CUL4B,8450.0,Del0.8,0.67
X-3749,CWC25,54883.0,Amp5,5.24
X-3749,CXCR7,57007.0,Del0.8,0.74
X-3749,CXXC11,285093.0,Del0.8,0.79
X-3749,CXorf1,9142.0,Del0.8,0.67
X-3749,CXorf21,80231.0,Del0.8,0.66
X-3749,CXorf22,170063.0,Del0.8,0.2
X-3749,CXorf23,256643.0,Del0.8,0.66
X-3749,CXorf27,25763.0,Del0.8,0.68
X-3749,CXorf28,100129464.0,Del0.8,0.66
X-3749,CXorf30,645090.0,Del0.8,0.2
X-3749,CXorf38,159013.0,Del0.8,0.68
X-3749,CXorf40A,91966.0,Del0.8,0.69
X-3749,CXorf40B,541578.0,Del0.8,0.69
X-3749,CXorf48,54967.0,Del0.8,0.67
X-3749,CXorf51A,100129239.0,Del0.8,0.67
X-3749,CXorf51A,100129239.0,Del0.8,0.67
X-3749,CXorf56,63932.0,Del0.8,0.67
X-3749,CXorf57,55086.0,Del0.8,0.67
X-3749,CXorf58,254158.0,Del0.8,0.66
X-3749,CXorf59,286464.0,Del0.8,0.2
X-3749,CXorf61,203413.0,Del0.8,0.67
X-3749,CXorf64,100130613.0,Del0.8,0.67
X-3749,CXorf66,347487.0,Del0.8,0.67
X-3749,CXorf68,100132963.0,Del0.8,0.69
X-3749,CXorf69,644538.0,Del0.8,0.67
X-3749,CYBB,1536.0,Del0.8,0.68
X-3749,CYSLTR2,57105.0,Del0.8,0.77
X-3749,D2HGDH,728294.0,Del0.8,0.79
X-3749,DACH2,117154.0,Del0.8,0.71
X-3749,DAOA,267012.0,Amp5,5.31
X-3749,DAOA-AS1,282706.0,Amp5,5.31
X-3749,DBIL5P2,100169989.0,Amp5,5.17
X-3749,DCAF12L1,139170.0,Del0.8,0.67
X-3749,DCAF12L2,340578.0,Del0.8,0.67
X-3749,DCAF16,54876.0,Amp5,5.06
X-3749,DCAF8L1,139425.0,Del0.8,0.66
X-3749,DCAF8L2,347442.0,Del0.8,0.66
X-3749,DCHS2,54798.0,MutKnownFunctional,"-1365,0.600"
X-3749,DCT,1638.0,Amp5,5.31
X-3749,DCUN1D2,55208.0,Amp5,5.39
X-3749,DCX,1641.0,Del0.8,0.67
X-3749,DDX18,8886.0,MutNovel,"KKK109-,0.531"
X-3749,DDX26B,203522.0,Del0.8,0.67
X-3749,DDX53,168400.0,Del0.8,0.66
X-3749,DENND4B,9909.0,MutNovel,"QQQ908-,0.426"
X-3749,DGKD,8527.0,Del0.8,0.74
X-3749,DHRSX,207063.0,Del0.8,0.66
X-3749,DHX15,1665.0,Amp5,5.06
X-3749,DIAPH2,1730.0,Del0.8,0.67
X-3749,DIP2C,22982.0,Del0.8,0.71
X-3749,DIS3L2,129563.0,Del0.8,0.71
X-3749,DKC1,1736.0,Del0.8,0.69
X-3749,DKFZp686D0853,401613.0,Del0.8,0.67
X-3749,DLEU1,10301.0,Del0.8,0.24
X-3749,DLEU2,8847.0,Del0.8,0.34
X-3749,DLX4,1748.0,MutNovel,"K2E,1.000"
X-3749,DMD,1756.0,Del0.8,0.22
X-3749,DNAH9,1770.0,Amp5,5.58
X-3749,DNAJB3,414061.0,Del0.8,0.74
X-3749,DNAJC3,5611.0,Amp5,5.31
X-3749,DNASE1L1,1774.0,Del0.8,0.69
X-3749,DNER,92737.0,Del0.8,0.71
X-3749,DOCK11,139818.0,Del0.8,0.67
X-3749,DOCK9,23348.0,Amp5,5.31
X-3749,DPP3,10072.0,MutNovel,"S27L,0.312"
X-3749,DRG2,1819.0,Amp5,5.24
X-3749,DRP2,1821.0,Del0.8,0.67
X-3749,DTYMK,1841.0,Del0.8,0.79
X-3749,DUPD1,338599.0,Del0.8,0.13
X-3749,DUSP13,51207.0,Del0.8,0.36
X-3749,DUSP28,285193.0,Del0.8,0.79
X-3749,DUSP9,1852.0,Del0.8,0.69
X-3749,DYNLT3,6990.0,Del0.8,0.68
X-3749,DZIP1,22873.0,Amp5,5.31
X-3749,EBF3,253738.0,Del0.8,0.74
X-3749,EBPL,84650.0,Del0.8,0.31
X-3749,ECEL1,9427.0,Del0.8,0.74
X-3749,ECEL1P2,347694.0,Del0.8,0.74
X-3749,EDNRB,1910.0,Amp8,8.34
X-3749,EFHD1,80303.0,Del0.8,0.74
X-3749,EFNB2,1948.0,Amp5,5.31
X-3749,EGFL6,25975.0,Del0.8,0.66
X-3749,EHBP1,23301.0,Amp5,5.17
X-3749,EIF1AX,1964.0,Del0.8,0.66
X-3749,EIF2S3,1968.0,Del0.8,0.66
X-3749,EIF4E2,9470.0,Del0.8,0.74
X-3749,ELAC2,60528.0,Amp5,5.58
X-3749,ELF4,2000.0,Del0.8,0.67
X-3749,EMD,2010.0,Del0.8,0.69
X-3749,EMILIN2,84034.0,MutNovel,"V548A,0.614"
X-3749,ENOX2,10495.0,Del0.8,0.67
X-3749,ERCC5,2073.0,Amp5,5.31
X-3749,ERN1,2081.0,MutNovel,"P974L,0.500"
X-3749,ESD,2098.0,Amp5,6.11
X-3749,ESPNL,339768.0,Del0.8,0.74
X-3749,ESX1,80712.0,Del0.8,0.67
X-3749,F10,2159.0,Amp5,5.39
X-3749,F7,2155.0,Amp5,5.39
X-3749,F8,2157.0,Del0.8,0.69
X-3749,F8A1,8263.0,Del0.8,0.69
X-3749,F8A1,8263.0,Del0.8,0.69
X-3749,F9,2158.0,Del0.8,0.67
X-3749,FAM106CP,100129396.0,Amp5,5.24
X-3749,FAM122B,159090.0,Del0.8,0.67
X-3749,FAM122C,159091.0,Del0.8,0.67
X-3749,FAM127A,8933.0,Del0.8,0.67
X-3749,FAM127B,26071.0,Del0.8,0.67
X-3749,FAM127C,441518.0,Del0.8,0.67
X-3749,FAM133A,286499.0,Del0.8,0.67
X-3749,FAM155A,728215.0,Amp5,5.31
X-3749,FAM161A,84140.0,Amp5,5.17
X-3749,FAM171B,165215.0,MutNovel,"-50Q,0.692"
X-3749,FAM184B,27146.0,Amp5,5.06
X-3749,FAM18B2,201158.0,Amp5,5.58
X-3749,FAM18B2-CDRT4,100533496.0,Amp5,5.58
X-3749,FAM194B,220081.0,Amp5,6.11
X-3749,FAM199X,139231.0,Del0.8,0.67
X-3749,FAM200B,285550.0,Amp5,5.06
X-3749,FAM3A,60343.0,Del0.8,0.69
X-3749,FAM45B,55855.0,Del0.8,0.67
X-3749,FAM47A,158724.0,Del0.8,0.21
X-3749,FAM47B,170062.0,Del0.8,0.21
X-3749,FAM47C,442444.0,Del0.8,0.68
X-3749,FAM48B1,100130302.0,Del0.8,0.66
X-3749,FAM48B2,170067.0,Del0.8,0.66
X-3749,FAM50A,9130.0,Del0.8,0.69
X-3749,FAM58A,92002.0,Del0.8,0.69
X-3749,FAM65A,79567.0,MutNovel,"T681-,0.947"
X-3749,FAM70A,55026.0,Del0.8,0.67
X-3749,FAM70B,348013.0,Amp5,5.39
X-3749,FAM9A,171482.0,Del0.8,0.66
X-3749,FAM9B,171483.0,Del0.8,0.66
X-3749,FAM9C,171484.0,Del0.8,0.66
X-3749,FANCB,2187.0,Del0.8,0.66
X-3749,FARP1,10160.0,Amp5,5.31
X-3749,FARP2,9855.0,Del0.8,0.79
X-3749,FAT1,2195.0,MutNovel,"V2615A,0.269"
X-3749,FATE1,89885.0,Del0.8,0.69
X-3749,FBXL5,26234.0,Amp5,5.06
X-3749,FBXO36,130888.0,Del0.8,0.71
X-3749,FBXO42,54455.0,MutNovel,"SMR526-,0.313"
X-3749,FBXO47,494188.0,Amp5,5.24
X-3749,FFAR3,2865.0,MutNovel,"Q44R,0.439"
X-3749,FGF13,2258.0,Del0.8,0.67
X-3749,FGF14,2259.0,Amp5,5.31
X-3749,FGF14-IT1,283480.0,Amp5,5.31
X-3749,FGFBP1,9982.0,Amp5,5.06
X-3749,FGFBP2,83888.0,Amp5,5.06
X-3749,FGGY,55277.0,MutNovel,"D391N,0.208"
X-3749,FHL1,2273.0,Del0.8,0.67
X-3749,FHOD1,29109.0,MutNovel,"P584T,1.000"
X-3749,FIGF,2277.0,Del0.8,0.66
X-3749,FKSG29,100131561.0,Amp5,5.31
X-3749,FLCN,201163.0,Amp5,5.24
X-3749,FLJ34690,284034.0,Amp5,5.58
X-3749,FLJ39653,202020.0,Amp5,5.06
X-3749,FLJ43879,401039.0,Del0.8,0.74
X-3749,FLJ46300,399827.0,Del0.8,0.77
X-3749,FLNA,2316.0,Del0.8,0.69
X-3749,FMR1,2332.0,Del0.8,0.69
X-3749,FMR1-AS1,100126270.0,Del0.8,0.69
X-3749,FMR1NB,158521.0,Del0.8,0.69
X-3749,FNDC1,84624.0,MutNovel,"ATTRRTT1471A,0.430"
X-3749,FNDC3A,22862.0,Del0.8,0.77
X-3749,FRMD7,90167.0,Del0.8,0.67
X-3749,FRMPD4,9758.0,Del0.8,0.66
X-3749,FTHL17,53940.0,Del0.8,0.66
X-3749,FUNDC2,65991.0,Del0.8,0.69
X-3749,FXYD4,53828.0,Amp5,5.03
X-3749,G6PD,2539.0,Del0.8,0.69
X-3749,GAB3,139716.0,Del0.8,0.69
X-3749,GABRA3,2556.0,Del0.8,0.69
X-3749,GABRE,2564.0,Del0.8,0.69
X-3749,GABRQ,55879.0,Del0.8,0.69
X-3749,GAGE2D,729408.0,MutNovel,"R27Q,0.500"
X-3749,GAGE2D,729408.0,MutNovel,"M96V,0.500"
X-3749,GAL3ST2,64090.0,Del0.8,0.79
X-3749,GAS6,2621.0,Amp5,5.39
X-3749,GBA3,57733.0,Amp5,5.06
X-3749,GBX2,2637.0,Del0.8,0.74
X-3749,GDI1,2664.0,Del0.8,0.69
X-3749,GEMIN8,54960.0,Del0.8,0.66
X-3749,GIGYF2,26058.0,MutNovel,"PQ1231P,0.714"
X-3749,GIGYF2,26058.0,Del0.8,0.74
X-3749,GK,2710.0,Del0.8,0.66
X-3749,GLA,2717.0,Del0.8,0.67
X-3749,GLRA2,2742.0,Del0.8,0.66
X-3749,GLRA4,441509.0,Del0.8,0.67
X-3749,GLRX3,10539.0,Del0.8,0.74
X-3749,GLUD2,2747.0,Del0.8,0.67
X-3749,GOLGA6L3,,MutNovel,"Q239H,1.000"
X-3749,GOLGA8B,440270.0,Del0.8,0.67
X-3749,GPC1,2817.0,Del0.8,0.76
X-3749,GPC3,2719.0,Del0.8,0.67
X-3749,GPC4,2239.0,Del0.8,0.67
X-3749,GPC5,2262.0,Amp5,6.68
X-3749,GPC6,10082.0,Amp5,5.31
X-3749,GPM6B,2824.0,Del0.8,0.66
X-3749,GPR101,83550.0,Del0.8,0.67
X-3749,GPR112,139378.0,Del0.8,0.67
X-3749,GPR119,139760.0,Del0.8,0.67
X-3749,GPR125,166647.0,Amp5,5.06
X-3749,GPR137C,283554.0,MutNovel,"S27G,0.667"
X-3749,GPR143,4935.0,Del0.8,0.66
X-3749,GPR18,2841.0,Amp5,5.31
X-3749,GPR180,160897.0,Amp5,5.31
X-3749,GPR183,1880.0,Amp5,5.31
X-3749,GPR35,2859.0,Del0.8,0.79
X-3749,GPR50,9248.0,Del0.8,0.69
X-3749,GPR55,9290.0,Del0.8,0.71
X-3749,GPR64,10149.0,Del0.8,0.66
X-3749,GPRASP1,9737.0,Del0.8,0.67
X-3749,GPRASP2,114928.0,Del0.8,0.67
X-3749,GRIA3,2892.0,Del0.8,0.67
X-3749,GRK1,6011.0,Amp5,5.39
X-3749,GRPR,2925.0,Del0.8,0.66
X-3749,GRTP1,79774.0,Amp5,5.39
X-3749,GSTCD,79807.0,MutNovel,"P553S,0.463"
X-3749,GSTM1,2944.0,Del0.8,0.71
X-3749,GTF2F2,2963.0,Amp5,6.11
X-3749,GTF2H5,404672.0,MutNovel,"S67F,0.636"
X-3749,GTPBP6,8225.0,Del0.8,0.66
X-3749,GUCY2F,2986.0,Del0.8,0.67
X-3749,GYG2,8908.0,Del0.8,0.66
X-3749,H2AFB1,474382.0,Del0.8,0.69
X-3749,H2AFB1,474382.0,Del0.8,0.69
X-3749,H2BFM,286436.0,Del0.8,0.67
X-3749,H2BFWT,158983.0,Del0.8,0.67
X-3749,H2BFXP,767811.0,Del0.8,0.67
X-3749,H2BFXP,767811.0,Del0.8,0.67
X-3749,HAUS7,55559.0,Del0.8,0.69
X-3749,HCCS,3052.0,Del0.8,0.66
X-3749,HCFC1,3054.0,Del0.8,0.69
X-3749,HDAC4,9759.0,Del0.8,0.74
X-3749,HDGFRP2,84717.0,MutNovel,"E400D,0.988"
X-3749,HDHD1,8226.0,Del0.8,0.66
X-3749,HDLBP,3069.0,Del0.8,0.79
X-3749,HES6,55502.0,Del0.8,0.74
X-3749,HGSNAT,138050.0,MutNovel,"V584I,0.568"
X-3749,HJURP,55355.0,Del0.8,0.74
X-3749,HLA-DPB1,3115.0,MutNovel,"G113V,0.410"
X-3749,HLA-DQA2,3118.0,MutNovel,"L200V,1.000"
X-3749,HLA-DQB2,3120.0,MutNovel,"D162G,1.000"
X-3749,HLA-G,3135.0,MutNovel,"I123Y,1.000"
X-3749,HLA-G,3135.0,MutNovel,"D338G,0.600"
X-3749,HMGB3,3149.0,Del0.8,0.69
X-3749,HNRNPA3P1,10151.0,Amp5,5.03
X-3749,HNRNPF,3185.0,Amp5,5.03
X-3749,HNRNPH2,3188.0,Del0.8,0.67
X-3749,HPRT1,3251.0,Del0.8,0.67
X-3749,HS3ST1,9957.0,Amp5,5.06
X-3749,HS3ST3A1,9955.0,MutNovel,"I211V,0.231"
X-3749,HS3ST3A1,9955.0,Amp5,5.58
X-3749,HS3ST3B1,9953.0,Amp5,5.58
X-3749,HS6ST2,90161.0,Del0.8,0.67
X-3749,HS6ST3,266722.0,Amp5,5.31
X-3749,HSFX2,100130086.0,Del0.8,0.69
X-3749,HSFX2,100130086.0,Del0.8,0.69
X-3749,HSP90AB2P,391634.0,Amp5,5.06
X-3749,HTATSF1,27336.0,Del0.8,0.67
X-3749,HTR2A,3356.0,Amp5,6.11
X-3749,HTR2B,3357.0,Del0.8,0.71
X-3749,HTR2C,3358.0,Del0.8,0.67
X-3749,IDH3G,3421.0,Del0.8,0.69
X-3749,IDS,3423.0,Del0.8,0.69
X-3749,IGSF1,3547.0,Del0.8,0.67
X-3749,IKBKG,8517.0,Del0.8,0.69
X-3749,IL13RA1,3597.0,Del0.8,0.67
X-3749,IL13RA2,3598.0,Del0.8,0.67
X-3749,IL1RAPL1,11141.0,Del0.8,0.66
X-3749,IL1RAPL2,26280.0,Del0.8,0.67
X-3749,IL3RA,3563.0,Del0.8,0.66
X-3749,ILF3,3609.0,MutNovel,"S809R,0.249"
X-3749,ILKAP,80895.0,Del0.8,0.74
X-3749,INE2,8551.0,Del0.8,0.66
X-3749,ING1,3621.0,Amp5,5.39
X-3749,ING5,84289.0,Del0.8,0.79
X-3749,INPP5D,3635.0,Del0.8,0.74
X-3749,IPO5,3843.0,Amp5,5.31
X-3749,IQCA1,79781.0,Del0.8,0.74
X-3749,IQGAP1,8826.0,MutNovel,"R798P,0.211"
X-3749,IRAK1,3654.0,Del0.8,0.69
X-3749,IRS2,8660.0,Amp5,5.39
X-3749,IRS4,8471.0,Del0.8,0.67
X-3749,ITGBL1,9358.0,Amp5,5.31
X-3749,ITM2C,81618.0,Del0.8,0.71
X-3749,KAL1,3730.0,Del0.8,0.66
X-3749,KAT6B,23522.0,Del0.8,0.36
X-3749,KCNE1L,23630.0,Del0.8,0.67
X-3749,KCNIP4,80333.0,Amp5,5.06
X-3749,KCNIP4-IT1,359822.0,Amp5,5.06
X-3749,KCNJ13,3769.0,Del0.8,0.74
X-3749,KCNRG,283518.0,Del0.8,0.19
X-3749,KCTD4,386618.0,Amp5,6.11
X-3749,KDELC1,79070.0,Amp5,5.31
X-3749,KIAA0125,9834.0,Amp5,5.21
X-3749,KIAA0226L,80183.0,Amp5,6.11
X-3749,KIAA0368,23392.0,MutNovel,"R117P,0.286"
X-3749,KIAA0825,285600.0,MutNovel,"E537D,0.750"
X-3749,KIAA1210,57481.0,Del0.8,0.67
X-3749,KIAA1211,57482.0,MutNovel,"L269S,0.857"
X-3749,KIAA1239,57495.0,Amp5,6.36
X-3749,KIAA1704,55425.0,Amp5,6.11
X-3749,KIAA1841,84542.0,Amp5,5.17
X-3749,KIF1A,547.0,Del0.8,0.79
X-3749,KLF16,83855.0,MutNovel,"A38T,1.000"
X-3749,KLHL13,90293.0,Del0.8,0.67
X-3749,KLHL15,80311.0,Del0.8,0.66
X-3749,KLHL30,377007.0,Del0.8,0.74
X-3749,KLHL34,257240.0,Del0.8,0.66
X-3749,KLHL4,56062.0,Del0.8,0.71
X-3749,KPNA3,3839.0,Del0.8,0.21
X-3749,KRT16P2,400578.0,Amp5,5.24
X-3749,L1CAM,3897.0,Del0.8,0.69
X-3749,LAGE3,8270.0,Del0.8,0.69
X-3749,LAMP1,3916.0,Amp5,5.39
X-3749,LAMP2,3920.0,Del0.8,0.67
X-3749,LANCL3,347404.0,Del0.8,0.68
X-3749,LAP3,51056.0,Amp5,5.06
X-3749,LASP1,3927.0,Amp5,5.24
X-3749,LCORL,254251.0,Amp5,5.06
X-3749,LCP1,3936.0,Amp5,6.11
X-3749,LDB2,9079.0,Amp5,5.06
X-3749,LDOC1,23641.0,Del0.8,0.67
X-3749,LGI2,55203.0,Amp5,5.06
X-3749,LHFPL1,340596.0,Del0.8,0.67
X-3749,LIG4,3981.0,Amp5,5.31
X-3749,LINC00086,399668.0,Del0.8,0.67
X-3749,LINC00087,644596.0,Del0.8,0.67
X-3749,LINC00102,100359394.0,Del0.8,0.66
X-3749,LINC00226,338004.0,Amp8,12.64
X-3749,LINC00266-1,140849.0,Del0.8,0.58
X-3749,LINC00346,283487.0,Amp5,5.39
X-3749,LINC00410,144776.0,Amp8,8.34
X-3749,LINC00460,728192.0,Amp5,5.31
X-3749,LINC00471,151477.0,Del0.8,0.71
X-3749,LOC100128420,100128420.0,Del0.8,0.67
X-3749,LOC100129515,100129515.0,Del0.8,0.67
X-3749,LOC100129520,100129520.0,Del0.8,0.67
X-3749,LOC100129662,100129662.0,Del0.8,0.67
X-3749,LOC100131434,100131434.0,Del0.8,0.69
X-3749,LOC100132215,100132215.0,Amp5,5.17
X-3749,LOC100132247,100132247.0,MutKnownFunctional,"S544*,0.473"
X-3749,LOC100132247,100132247.0,MutNovel,"R650I,0.625"
X-3749,LOC100133123,100133123.0,Del0.8,0.66
X-3749,LOC100272228,100272228.0,Del0.8,0.69
X-3749,LOC100286922,100286922.0,Del0.8,0.74
X-3749,LOC100287765,100287765.0,Del0.8,0.67
X-3749,LOC100288814,100288814.0,Del0.8,0.66
X-3749,LOC100289255,100289255.0,Amp5,5.58
X-3749,LOC100505576,100505576.0,Amp5,5.24
X-3749,LOC100505912,100505912.0,Amp5,5.06
X-3749,LOC100506394,100506394.0,Amp5,5.39
X-3749,LOC100506757,100506757.0,Del0.8,0.67
X-3749,LOC100506835,100506835.0,Amp5,5.03
X-3749,LOC100507404,100507404.0,Del0.8,0.69
X-3749,LOC100507404,100507404.0,Del0.8,0.69
X-3749,LOC150935,150935.0,Del0.8,0.76
X-3749,LOC151171,151171.0,Del0.8,0.74
X-3749,LOC151174,151174.0,Del0.8,0.74
X-3749,LOC151475,151475.0,Del0.8,0.71
X-3749,LOC151484,151484.0,Del0.8,0.71
X-3749,LOC152742,152742.0,Amp5,5.06
X-3749,LOC158696,158696.0,Del0.8,0.67
X-3749,LOC200772,200772.0,Del0.8,0.79
X-3749,LOC256021,,MutNovel,"F32I,1.000"
X-3749,LOC283481,283481.0,Amp5,5.31
X-3749,LOC285540,285540.0,Amp5,5.06
X-3749,LOC285547,285547.0,Amp5,5.06
X-3749,LOC285548,285548.0,Amp5,5.06
X-3749,LOC286437,286437.0,Del0.8,0.67
X-3749,LOC286442,286442.0,Del0.8,0.68
X-3749,LOC286467,286467.0,Del0.8,0.67
X-3749,LOC339803,339803.0,Amp5,5.17
X-3749,LOC340544,340544.0,Del0.8,0.67
X-3749,LOC347411,347411.0,Del0.8,0.68
X-3749,LOC348761,348761.0,Del0.8,0.71
X-3749,LOC387723,387723.0,Del0.8,0.74
X-3749,LOC389906,389906.0,Del0.8,0.66
X-3749,LOC390956,,MutNovel,"H59R,1.000"
X-3749,LOC441009,441009.0,Amp5,5.06
X-3749,LOC441666,441666.0,Amp5,5.03
X-3749,LOC442459,442459.0,Del0.8,0.67
X-3749,LOC643387,643387.0,Del0.8,0.74
X-3749,LOC643486,643486.0,Del0.8,0.67
X-3749,LOC728323,728323.0,Del0.8,0.79
X-3749,LOC728377,728377.0,Amp5,5.31
X-3749,LOC729609,729609.0,Del0.8,0.66
X-3749,LOC84856,84856.0,Amp5,5.03
X-3749,LONRF3,79836.0,Del0.8,0.67
X-3749,LOXL2,4017.0,MutNovel,"R690C,0.669"
X-3749,LPAR6,10161.0,Del0.8,0.22
X-3749,LPCAT4,254531.0,MutNovel,"G7R,1.000"
X-3749,LRCH1,23143.0,Amp5,6.11
X-3749,LRCH2,57631.0,Del0.8,0.67
X-3749,LRRC48,83450.0,Amp5,5.24
X-3749,LRRFIP1,9208.0,Del0.8,0.74
X-3749,LSR,51599.0,MutNovel,"G518GR,0.700"
X-3749,LUZP4,51213.0,Del0.8,0.67
X-3749,MACF1,23499.0,MutNovel,"L1916F,0.227"
X-3749,MAGEA1,4100.0,Del0.8,0.69
X-3749,MAGEA10,4109.0,Del0.8,0.69
X-3749,MAGEA10-MAGEA5,100533997.0,Del0.8,0.69
X-3749,MAGEA11,4110.0,Del0.8,0.69
X-3749,MAGEA12,4111.0,Del0.8,0.69
X-3749,MAGEA2,4101.0,Del0.8,0.69
X-3749,MAGEA2,4101.0,Del0.8,0.69
X-3749,MAGEA3,4102.0,Del0.8,0.69
X-3749,MAGEA4,4103.0,Del0.8,0.69
X-3749,MAGEA5,4104.0,Del0.8,0.69
X-3749,MAGEA6,4105.0,Del0.8,0.69
X-3749,MAGEA8,4107.0,Del0.8,0.69
X-3749,MAGEA9B,728269.0,Del0.8,0.69
X-3749,MAGEA9B,728269.0,Del0.8,0.69
X-3749,MAGEB1,4112.0,Del0.8,0.66
X-3749,MAGEB10,139422.0,Del0.8,0.66
X-3749,MAGEB16,139604.0,Del0.8,0.2
X-3749,MAGEB18,286514.0,Del0.8,0.66
X-3749,MAGEB2,4113.0,Del0.8,0.66
X-3749,MAGEB3,4114.0,Del0.8,0.66
X-3749,MAGEB4,4115.0,Del0.8,0.66
X-3749,MAGEB6,158809.0,Del0.8,0.66
X-3749,MAGEC1,9947.0,Del0.8,0.67
X-3749,MAGEC2,51438.0,Del0.8,0.67
X-3749,MAGEC3,139081.0,Del0.8,0.67
X-3749,MAMLD1,10046.0,Del0.8,0.69
X-3749,MANEA,79694.0,MutNovel,"M83V,0.434"
X-3749,MAP2K4,6416.0,Amp5,5.58
X-3749,MAP3K15,389840.0,Del0.8,0.66
X-3749,MAP3K4,4216.0,MutNovel,"M166I,0.383"
X-3749,MAP3K4,4216.0,MutNovel,"PA1189P,0.273"
X-3749,MAP7D2,256714.0,Del0.8,0.66
X-3749,MAP7D3,79649.0,Del0.8,0.67
X-3749,MBNL2,10150.0,Amp5,5.31
X-3749,MBNL3,55796.0,Del0.8,0.67
X-3749,MBTPS2,51360.0,Del0.8,0.66
X-3749,MCC,4163.0,MutNovel,"S434N,1.000"
X-3749,MCF2,4168.0,Del0.8,0.67
X-3749,MCF2L,23263.0,Amp5,5.39
X-3749,MCF2L-AS1,100289410.0,Amp5,5.39
X-3749,MCTS1,28985.0,Del0.8,0.67
X-3749,MDH1,4190.0,Amp5,5.17
X-3749,MECP2,4204.0,Del0.8,0.69
X-3749,MED15,51586.0,MutNovel,"QQ211-,0.692"
X-3749,MED15,51586.0,MutNovel,"-251Q,0.250"
X-3749,MED28,80306.0,Amp5,5.06
X-3749,MED9,55090.0,Amp5,5.24
X-3749,MEIS3P1,4213.0,Amp5,5.24
X-3749,METTL21C,196541.0,Amp5,5.31
X-3749,MGC12916,84815.0,Amp5,5.58
X-3749,MGC16025,85009.0,Del0.8,0.74
X-3749,MGC16121,84848.0,Del0.8,0.67
X-3749,MGMT,4255.0,Del0.8,0.74
X-3749,MID1,4281.0,Del0.8,0.66
X-3749,MID1IP1,58526.0,Del0.8,0.68
X-3749,MID2,11043.0,Del0.8,0.67
X-3749,MIR105-1,406897.0,Del0.8,0.69
X-3749,MIR105-2,406898.0,Del0.8,0.69
X-3749,MIR106A,406899.0,Del0.8,0.67
X-3749,MIR1184-1,100302111.0,Del0.8,0.69
X-3749,MIR1184-1,100302111.0,Del0.8,0.69
X-3749,MIR1244-1,100302285.0,Del0.8,0.71
X-3749,MIR1256,100302155.0,Del0.8,0.67
X-3749,MIR1264,100302251.0,Del0.8,0.67
X-3749,MIR1277,100302214.0,Del0.8,0.67
X-3749,MIR1298,100302153.0,Del0.8,0.67
X-3749,MIR1471,100302126.0,Del0.8,0.71
X-3749,MIR149,406941.0,Del0.8,0.76
X-3749,MIR16-1,406950.0,Del0.8,0.19
X-3749,MIR17HG,407975.0,Amp8,8.34
X-3749,MIR18B,574033.0,Del0.8,0.67
X-3749,MIR1911,100302222.0,Del0.8,0.67
X-3749,MIR1912,100302144.0,Del0.8,0.67
X-3749,MIR19B1,406980.0,Amp8,8.34
X-3749,MIR19B2,406981.0,Del0.8,0.67
X-3749,MIR20B,574032.0,Del0.8,0.67
X-3749,MIR2114,100313839.0,Del0.8,0.69
X-3749,MIR218-1,407000.0,Amp5,5.06
X-3749,MIR23C,100500809.0,Del0.8,0.66
X-3749,MIR2467,100616360.0,Del0.8,0.74
X-3749,MIR2681,100616110.0,Amp5,5.31
X-3749,MIR3125,100422986.0,Del0.8,0.14
X-3749,MIR3170,100422881.0,Amp5,5.31
X-3749,MIR3202-1,100422987.0,Del0.8,0.69
X-3749,MIR3202-2,100422877.0,Del0.8,0.69
X-3749,MIR320D2,100302169.0,Del0.8,0.67
X-3749,MIR33B,693120.0,Amp5,5.24
X-3749,MIR3613,100500908.0,Del0.8,0.19
X-3749,MIR363,574031.0,Del0.8,0.67
X-3749,MIR3665,100500861.0,Amp8,8.34
X-3749,MIR3690,100500894.0,Del0.8,0.66
X-3749,MIR378C,100422867.0,Del0.8,0.77
X-3749,MIR3978,100616491.0,Del0.8,0.67
X-3749,MIR424,494336.0,Del0.8,0.67
X-3749,MIR4269,100423043.0,Del0.8,0.74
X-3749,MIR4275,100422937.0,Amp5,5.06
X-3749,MIR4297,100422873.0,Del0.8,0.74
X-3749,MIR4306,100422861.0,Amp5,5.31
X-3749,MIR4329,100423009.0,Del0.8,0.67
X-3749,MIR4330,100422930.0,Del0.8,0.69
X-3749,MIR4440,100616397.0,Del0.8,0.74
X-3749,MIR4441,100616493.0,Del0.8,0.74
X-3749,MIR448,554212.0,Del0.8,0.67
X-3749,MIR4500,100616182.0,Amp8,8.34
X-3749,MIR4500HG,642345.0,Amp8,8.34
X-3749,MIR450A1,554214.0,Del0.8,0.67
X-3749,MIR450A2,574505.0,Del0.8,0.67
X-3749,MIR450B,100126302.0,Del0.8,0.67
X-3749,MIR452,574412.0,Del0.8,0.69
X-3749,MIR4705,100616239.0,Amp5,5.31
X-3749,MIR4726,100616153.0,Amp5,5.24
X-3749,MIR4727,100616416.0,Amp5,5.24
X-3749,MIR4731,100616125.0,Amp5,5.58
X-3749,MIR4734,100616203.0,Amp5,5.24
X-3749,MIR4767,100616467.0,Del0.8,0.66
X-3749,MIR4768,100616249.0,Del0.8,0.66
X-3749,MIR4770,100616373.0,Del0.8,0.66
X-3749,MIR4777,100616317.0,Del0.8,0.71
X-3749,MIR4786,100616417.0,Del0.8,0.76
X-3749,MIR4801,100616435.0,Amp8,8.28
X-3749,MIR503,574506.0,Del0.8,0.67
X-3749,MIR504,574507.0,Del0.8,0.67
X-3749,MIR505,574508.0,Del0.8,0.67
X-3749,MIR506,574511.0,Del0.8,0.69
X-3749,MIR507,574512.0,Del0.8,0.69
X-3749,MIR508,574513.0,Del0.8,0.69
X-3749,MIR509-1,574514.0,Del0.8,0.69
X-3749,MIR510,574515.0,Del0.8,0.69
X-3749,MIR514A1,574516.0,Del0.8,0.69
X-3749,MIR514A2,574517.0,Del0.8,0.69
X-3749,MIR514B,100422847.0,Del0.8,0.69
X-3749,MIR542,664617.0,Del0.8,0.67
X-3749,MIR548AJ2,100616252.0,Amp5,5.06
X-3749,MIR548AN,100616144.0,Amp5,5.31
X-3749,MIR572,693157.0,Amp5,5.06
X-3749,MIR573,693158.0,Amp5,5.06
X-3749,MIR622,693207.0,Amp8,8.34
X-3749,MIR623,693208.0,Amp5,5.31
X-3749,MIR651,723779.0,Del0.8,0.66
X-3749,MIR718,100313781.0,Del0.8,0.69
X-3749,MIR744,100126313.0,Amp5,5.58
X-3749,MIR764,100313838.0,Del0.8,0.67
X-3749,MIR766,768218.0,Del0.8,0.67
X-3749,MIR767,768215.0,Del0.8,0.69
X-3749,MIR888,100126306.0,Del0.8,0.67
X-3749,MIR890,100126303.0,Del0.8,0.67
X-3749,MIR891A,100126341.0,Del0.8,0.67
X-3749,MIR891B,100126304.0,Del0.8,0.67
X-3749,MIR892A,100126342.0,Del0.8,0.67
X-3749,MIR892B,100126307.0,Del0.8,0.67
X-3749,MIR92A2,407049.0,Del0.8,0.67
X-3749,MIR934,100126324.0,Del0.8,0.67
X-3749,MLLT6,4302.0,Amp5,5.24
X-3749,MLNR,2862.0,Del0.8,0.77
X-3749,MLPH,79083.0,Del0.8,0.74
X-3749,MMGT1,93380.0,Del0.8,0.67
X-3749,MMS19,64210.0,MutNovel,"V7A,1.000"
X-3749,MOCS3,27304.0,MutNovel,"G91D,0.727"
X-3749,MORC4,79710.0,Del0.8,0.67
X-3749,MORF4L2,9643.0,Del0.8,0.67
X-3749,MOSPD1,56180.0,Del0.8,0.67
X-3749,MOSPD2,158747.0,Del0.8,0.66
X-3749,MOSPD3,64598.0,MutNovel,"P154S,0.371"
X-3749,MPP1,4354.0,Del0.8,0.69
X-3749,MPRIP,23164.0,Amp5,5.24
X-3749,MSL3,10943.0,Del0.8,0.66
X-3749,MSL3P1,151507.0,Del0.8,0.74
X-3749,MST4,51765.0,Del0.8,0.67
X-3749,MTA3,57504.0,Del0.8,0.45
X-3749,MTCP1,4515.0,Del0.8,0.69
X-3749,MTCP1NB,100272147.0,Del0.8,0.69
X-3749,MTERFD2,130916.0,Del0.8,0.79
X-3749,MTM1,4534.0,Del0.8,0.69
X-3749,MTMR1,8776.0,Del0.8,0.69
X-3749,MTSS1,9788.0,MutNovel,"M64V,0.306"
X-3749,MUM1L1,139221.0,Del0.8,0.67
X-3749,MXRA5,25878.0,Del0.8,0.66
X-3749,MYCBP2,23077.0,Amp5,5.43
X-3749,MYEOV2,150678.0,Del0.8,0.76
X-3749,MYH1,4619.0,Amp5,5.58
X-3749,MYH13,8735.0,Amp5,5.58
X-3749,MYH2,4620.0,Amp5,5.58
X-3749,MYH3,4621.0,Amp5,5.58
X-3749,MYH4,4622.0,Amp5,5.58
X-3749,MYH8,4626.0,Amp5,5.58
X-3749,MYO16,23026.0,Amp5,5.31
X-3749,MYOCD,93649.0,Amp5,5.58
X-3749,NAA10,8260.0,Del0.8,0.69
X-3749,NALCN,259232.0,Amp5,5.31
X-3749,NAP1L3,4675.0,Del0.8,0.67
X-3749,NCAPG,64151.0,Amp5,5.06
X-3749,NCL,4691.0,Del0.8,0.71
X-3749,NCOA3,8202.0,MutNovel,"Q1255-,0.273"
X-3749,NCOR2,9612.0,MutNovel,"G1839GAAA,0.625"
X-3749,NDFIP2,54602.0,Amp8,8.34
X-3749,NDUFA1,4694.0,Del0.8,0.67
X-3749,NDUFA10,4705.0,Del0.8,0.76
X-3749,NEU2,4759.0,Del0.8,0.74
X-3749,NEU4,129807.0,Del0.8,0.79
X-3749,NGEF,25791.0,Del0.8,0.74
X-3749,NGFRAP1,27018.0,Del0.8,0.67
X-3749,NHS,4810.0,Del0.8,0.66
X-3749,NKAP,79576.0,Del0.8,0.67
X-3749,NKAPP1,158801.0,Del0.8,0.67
X-3749,NKRF,55922.0,Del0.8,0.67
X-3749,NKX3-2,579.0,Amp5,5.06
X-3749,NLGN4X,57502.0,Del0.8,0.66
X-3749,NMUR1,10316.0,Del0.8,0.71
X-3749,NOMO2,283820.0,MutNovel,"D490N,0.600"
X-3749,NOTCH2NL,388677.0,MutNovel,"C70R,0.296"
X-3749,NOX1,27035.0,Del0.8,0.67
X-3749,NPPC,4880.0,Del0.8,0.71
X-3749,NR0B1,190.0,Del0.8,0.66
X-3749,NRK,203447.0,MutNovel,"R682W,1.000"
X-3749,NRK,203447.0,Del0.8,0.67
X-3749,NSDHL,50814.0,Del0.8,0.69
X-3749,NT5M,56953.0,Amp5,5.24
X-3749,NUDT11,55190.0,MutKnownFunctional,"-1,0.467"
X-3749,NUDT14,256281.0,MutNovel,"E180A,0.293"
X-3749,NUFIP1,26747.0,Amp5,6.11
X-3749,NUP62CL,54830.0,Del0.8,0.67
X-3749,NXF2,56001.0,Del0.8,0.67
X-3749,NXF2,56001.0,Del0.8,0.67
X-3749,NXF2B,728343.0,Del0.8,0.67
X-3749,NXF2B,728343.0,Del0.8,0.67
X-3749,NXF3,56000.0,Del0.8,0.67
X-3749,NXF4,55999.0,Del0.8,0.67
X-3749,NXF5,55998.0,Del0.8,0.67
X-3749,NXT2,55916.0,Del0.8,0.67
X-3749,OCRL,4952.0,Del0.8,0.67
X-3749,ODZ1,10178.0,Del0.8,0.67
X-3749,ODZ3,55714.0,MutNovel,"R1496W,0.537"
X-3749,OFD1,8481.0,Del0.8,0.66
X-3749,OPN1LW,5956.0,Del0.8,0.69
X-3749,OPN1MW,2652.0,Del0.8,0.69
X-3749,OR13H1,347468.0,Del0.8,0.67
X-3749,OR2A42,402317.0,Amp5,5.31
X-3749,OR2A42,402317.0,Amp5,5.31
X-3749,OR2A7,401427.0,Amp5,5.31
X-3749,OR2A9P,441295.0,Amp5,5.31
X-3749,OR2A9P,441295.0,Amp5,5.31
X-3749,OR4F5,79501.0,Del0.8,0.69
X-3749,OR52N1,79473.0,Del0.8,0.69
X-3749,OR52N5,390075.0,Del0.8,0.33
X-3749,OR6B2,389090.0,Del0.8,0.76
X-3749,OR6B3,150681.0,Del0.8,0.76
X-3749,ORAI1,84876.0,MutNovel,"PP43-,0.889"
X-3749,OTC,5009.0,Del0.8,0.68
X-3749,OTOS,150677.0,Del0.8,0.76
X-3749,OTX1,5013.0,Amp5,5.17
X-3749,OXGR1,27199.0,Amp5,5.31
X-3749,P2RY8,286530.0,MutNovel,"M992I,1.000"
X-3749,P2RY8,286530.0,MutNovel,"K925Q,1.000"
X-3749,P2RY8,286530.0,MutNovel,"G908E,1.000"
X-3749,P2RY8,286530.0,MutNovel,"Q810H,1.000"
X-3749,P2RY8,286530.0,MutKnownFunctional,"-587?,0.750"
X-3749,P2RY8,286530.0,Del0.8,0.66
X-3749,PABPC5,140886.0,Del0.8,0.71
X-3749,PACRGL,133015.0,Amp5,5.06
X-3749,PAK3,5063.0,Del0.8,0.67
X-3749,PALB2,79728.0,MutNovel,"M875I,1.000"
X-3749,PAPSS2,9060.0,Del0.8,0.32
X-3749,PARD6G,84552.0,Del0.8,0.74
X-3749,PASD1,139135.0,Del0.8,0.69
X-3749,PASK,23178.0,Del0.8,0.79
X-3749,PCCA,5095.0,Amp5,5.31
X-3749,PCDH11X,27328.0,Del0.8,0.71
X-3749,PCDH11Y,83259.0,Del0.8,0.41
X-3749,PCDH17,27253.0,Del0.8,0.71
X-3749,PCDH19,57526.0,Del0.8,0.67
X-3749,PCDH7,5099.0,Amp5,5.28
X-3749,PCGF2,7703.0,Amp5,5.24
X-3749,PCID2,55795.0,Amp5,5.39
X-3749,PCMTD2,55251.0,Del0.8,0.58
X-3749,PCSK9,255738.0,MutNovel,"-15L,0.412"
X-3749,PCYT1B,9468.0,Del0.8,0.66
X-3749,PDCD1,5133.0,Del0.8,0.79
X-3749,PDE4DIP,9659.0,MutNovel,"S2089-,0.368"
X-3749,PDE6D,5147.0,Del0.8,0.71
X-3749,PDHA1,5160.0,Del0.8,0.66
X-3749,PDK3,5165.0,Del0.8,0.66
X-3749,PDZD4,57595.0,Del0.8,0.69
X-3749,PEMT,10400.0,Amp5,5.24
X-3749,PER2,8864.0,Del0.8,0.74
X-3749,PEX13,5194.0,Amp5,5.17
X-3749,PGAM4,441531.0,MutNovel,"I243M,1.000"
X-3749,PGD,5226.0,MutNovel,"S411G,0.387"
X-3749,PGRMC1,10857.0,Del0.8,0.67
X-3749,PHEX,5251.0,Del0.8,0.66
X-3749,PHF11,51131.0,Del0.8,0.31
X-3749,PHF6,84295.0,Del0.8,0.67
X-3749,PHKA2,5256.0,Del0.8,0.66
X-3749,PHLDA1,22822.0,MutNovel,"QQ194Q,0.547"
X-3749,PI4K2B,55300.0,Amp5,5.06
X-3749,PID1,55022.0,Del0.8,0.71
X-3749,PIEZO1,9780.0,MutNovel,"K2502R,0.997"
X-3749,PIF1,80119.0,MutKnownFunctional,"E49*,0.714"
X-3749,PIGA,5277.0,Del0.8,0.66
X-3749,PIP4K2B,8396.0,Amp5,5.24
X-3749,PIR,8544.0,Del0.8,0.66
X-3749,PIR-FIGF,100532742.0,Del0.8,0.66
X-3749,PIRT,644139.0,Amp5,5.58
X-3749,PKD1,5310.0,MutNovel,"P126L,0.232"
X-3749,PKNOX2,63876.0,MutNovel,"E442-,0.750"
X-3749,PLAC1,10761.0,Del0.8,0.67
X-3749,PLCXD1,55344.0,Del0.8,0.66
X-3749,PLD6,201164.0,Amp5,5.24
X-3749,PLP1,5354.0,Del0.8,0.67
X-3749,PLS3,5358.0,Del0.8,0.67
X-3749,PLXNA3,55558.0,Del0.8,0.69
X-3749,PLXNB3,5365.0,Del0.8,0.69
X-3749,PMP22,5376.0,Amp5,5.58
X-3749,PNCK,139728.0,Del0.8,0.69
X-3749,PNKD,25953.0,MutNovel,"A8V,1.000"
X-3749,PNMA3,29944.0,Del0.8,0.69
X-3749,PNMA5,114824.0,Del0.8,0.69
X-3749,PNMA6A,84968.0,Del0.8,0.69
X-3749,PNMA6A,84968.0,Del0.8,0.69
X-3749,PNMA6C,100287428.0,Del0.8,0.69
X-3749,PNMA6D,100287466.0,Del0.8,0.69
X-3749,PNMA6D,100287466.0,Del0.8,0.69
X-3749,PNPLA4,8228.0,Del0.8,0.66
X-3749,POF1B,79983.0,Del0.8,0.71
X-3749,POLA1,5422.0,Del0.8,0.66
X-3749,POM121,9883.0,MutNovel,"A593T,0.636"
X-3749,POTEI,,MutNovel,"I803M,1.000"
X-3749,POTEJ,,MutNovel,"S1011L,1.000"
X-3749,POU4F1,5457.0,Amp8,8.34
X-3749,PP14571,100130449.0,Del0.8,0.76
X-3749,PPARGC1A,10891.0,Amp5,5.06
X-3749,PPEF1,5475.0,Del0.8,0.66
X-3749,PPP1R7,5510.0,Del0.8,0.79
X-3749,PPP1R9B,84687.0,MutNovel,"-419G,0.686"
X-3749,PPP2R2D,55844.0,Del0.8,0.77
X-3749,PPP2R3B,28227.0,Del0.8,0.66
X-3749,PPP2R3B-AS1,283981.0,Del0.8,0.66
X-3749,PRDX4,10549.0,Del0.8,0.66
X-3749,PRKX,5613.0,Del0.8,0.66
X-3749,PRLH,51052.0,Del0.8,0.74
X-3749,PROM1,8842.0,Amp5,5.06
X-3749,PROZ,8858.0,Amp5,5.39
X-3749,PRPS1,5631.0,Del0.8,0.67
X-3749,PRPS2,5634.0,Del0.8,0.66
X-3749,PRR20B,729233.0,Del0.8,0.67
X-3749,PRR21,643905.0,Del0.8,0.76
X-3749,PRRG1,5638.0,Del0.8,0.68
X-3749,PRRG3,79057.0,Del0.8,0.69
X-3749,PRSS56,646960.0,Del0.8,0.74
X-3749,PSMB3,5691.0,Amp5,5.24
X-3749,PSMD1,5707.0,Del0.8,0.71
X-3749,PSMD10,5716.0,Del0.8,0.67
X-3749,PTCHD1,139411.0,Del0.8,0.66
X-3749,PTEN,5728.0,MutNovel,"N212S,1.000"
X-3749,PTMA,5757.0,Del0.8,0.71
X-3749,PZP,5858.0,MutNovel,"G1090R,1.000"
X-3749,QDPR,5860.0,Amp5,5.06
X-3749,RAB17,64284.0,Del0.8,0.74
X-3749,RAB20,55647.0,Amp5,5.39
X-3749,RAB28,9364.0,Amp5,5.06
X-3749,RAB33A,9363.0,Del0.8,0.67
X-3749,RAB39B,116442.0,Del0.8,0.69
X-3749,RAB40A,142684.0,Del0.8,0.67
X-3749,RAB40AL,282808.0,Del0.8,0.67
X-3749,RAB9A,9367.0,Del0.8,0.66
X-3749,RAB9B,51209.0,Del0.8,0.67
X-3749,RAI1,10743.0,Amp5,5.24
X-3749,RAI2,10742.0,Del0.8,0.66
X-3749,RALYL,138046.0,Del0.8,0.7
X-3749,RAMP1,10267.0,Del0.8,0.74
X-3749,RAP2A,5911.0,Amp5,5.31
X-3749,RAP2C,57826.0,Del0.8,0.67
X-3749,RASA3,22821.0,Amp5,5.39
X-3749,RASD1,51655.0,Amp5,5.24
X-3749,RASGEF1A,221002.0,Amp5,5.03
X-3749,RB1,5925.0,Del0.8,0.51
X-3749,RBBP7,5931.0,Del0.8,0.66
X-3749,RBFA,79863.0,Del0.8,0.74
X-3749,RBM26,64062.0,Amp8,8.34
X-3749,RBM26-AS1,100505538.0,Amp8,8.34
X-3749,RBM41,55285.0,Del0.8,0.67
X-3749,RBM44,375316.0,Del0.8,0.74
X-3749,RBMX,27316.0,Del0.8,0.67
X-3749,RBMX2,51634.0,Del0.8,0.67
X-3749,RBMXL3,139804.0,Del0.8,0.67
X-3749,RBPJ,3516.0,Amp5,5.06
X-3749,RCBTB1,55213.0,Del0.8,0.2
X-3749,RCBTB2,1102.0,Del0.8,0.77
X-3749,RENBP,5973.0,Del0.8,0.69
X-3749,REPS2,9185.0,Del0.8,0.66
X-3749,RET,5979.0,Amp5,5.03
X-3749,REXO1,57455.0,MutNovel,"I804V,1.000"
X-3749,RGAG1,57529.0,Del0.8,0.67
X-3749,RGPD4,285190.0,MutNovel,"L723I,1.000"
X-3749,RHOXF1,158800.0,Del0.8,0.67
X-3749,RHOXF2B,727940.0,Del0.8,0.67
X-3749,RHOXF2B,727940.0,Del0.8,0.67
X-3749,RIN3,79890.0,MutNovel,"G967-,0.625"
X-3749,RIPPLY1,92129.0,Del0.8,0.67
X-3749,RNF113A,7737.0,Del0.8,0.67
X-3749,RNF113B,140432.0,Amp5,5.31
X-3749,RNF128,79589.0,Del0.8,0.67
X-3749,RNF219,79596.0,Amp8,8.34
X-3749,RNPEPL1,57140.0,Del0.8,0.79
X-3749,RP1-177G6.2,286411.0,Del0.8,0.67
X-3749,RPA4,29935.0,Del0.8,0.67
X-3749,RPGR,6103.0,Del0.8,0.68
X-3749,RPL10,6134.0,Del0.8,0.69
X-3749,RPL23,9349.0,Amp5,5.24
X-3749,RPL36A,6173.0,Del0.8,0.67
X-3749,RPL36A-HNRNPH2,100529097.0,Del0.8,0.67
X-3749,RPL39,6170.0,Del0.8,0.67
X-3749,RPS17,6218.0,MutNovel,"G25R,0.667"
X-3749,RPS4Y1,6192.0,Del0.8,0.24
X-3749,RPS6KA3,6197.0,Del0.8,0.66
X-3749,RS1,6247.0,Del0.8,0.66
X-3749,S100G,795.0,Del0.8,0.66
X-3749,SAG,6295.0,Del0.8,0.74
X-3749,SAGE1,55511.0,Del0.8,0.67
X-3749,SAMD8,142891.0,Del0.8,0.28
X-3749,SASH3,54440.0,Del0.8,0.67
X-3749,SAT1,6303.0,Del0.8,0.66
X-3749,SATL1,340562.0,Del0.8,0.71
X-3749,SCARNA23,677773.0,Del0.8,0.66
X-3749,SCARNA5,677775.0,Del0.8,0.74
X-3749,SCARNA6,677772.0,Del0.8,0.74
X-3749,SCARNA9L,100158262.0,Del0.8,0.66
X-3749,SCEL,8796.0,Amp8,8.34
X-3749,SCLY,51540.0,Del0.8,0.74
X-3749,SCML1,6322.0,Del0.8,0.66
X-3749,SCML2,10389.0,Del0.8,0.66
X-3749,SCO1,6341.0,Amp5,5.58
X-3749,SEL1L3,23231.0,Amp5,5.06
X-3749,SEPSECS,51091.0,Amp5,5.06
X-3749,2014-09-02 00:00:00,4735.0,Del0.8,0.79
X-3749,2014-09-06 00:00:00,23157.0,Del0.8,0.67
X-3749,SERPINA7,6906.0,Del0.8,0.67
X-3749,SETDB2,83852.0,Del0.8,0.18
X-3749,SH2D1A,4068.0,Del0.8,0.67
X-3749,SH3BP4,23677.0,Del0.8,0.74
X-3749,SH3KBP1,30011.0,Del0.8,0.66
X-3749,SHISA6,388336.0,Amp5,5.58
X-3749,SHOX,6473.0,Del0.8,0.66
X-3749,SHROOM2,357.0,Del0.8,0.66
X-3749,SIAH3,283514.0,Amp5,6.11
X-3749,SIN3B,23309.0,MutNovel,"G5GGGS,0.421"
X-3749,SLA,6503.0,MutNovel,"R167K,0.333"
X-3749,SLAIN1,122060.0,Amp8,8.34
X-3749,SLC10A2,6555.0,Amp5,5.31
X-3749,SLC10A3,8273.0,Del0.8,0.69
X-3749,SLC15A1,6564.0,Amp5,5.31
X-3749,SLC16A14,151473.0,Del0.8,0.71
X-3749,SLC25A14,9016.0,Del0.8,0.67
X-3749,SLC25A30,253512.0,Amp5,6.11
X-3749,SLC25A43,203427.0,Del0.8,0.67
X-3749,SLC25A5,292.0,Del0.8,0.67
X-3749,SLC25A5-AS1,100303728.0,Del0.8,0.67
X-3749,SLC25A6,293.0,Del0.8,0.66
X-3749,SLC34A2,10568.0,Amp5,5.06
X-3749,SLC6A14,11254.0,Del0.8,0.67
X-3749,SLC6A8,6535.0,Del0.8,0.69
X-3749,SLC9A6,10479.0,Del0.8,0.67
X-3749,SLIT2,9353.0,Amp5,5.06
X-3749,SLIT2-IT1,100505893.0,Amp5,5.06
X-3749,SLITRK1,114798.0,Amp8,8.34
X-3749,SLITRK2,84631.0,Del0.8,0.67
X-3749,SLITRK4,139065.0,Del0.8,0.67
X-3749,SLITRK5,26050.0,Amp8,8.34
X-3749,SLITRK6,84189.0,Amp8,8.34
X-3749,SMARCA1,6594.0,Del0.8,0.67
X-3749,SMCR5,140771.0,Amp5,5.24
X-3749,SMCR9,140776.0,Amp5,5.24
X-3749,SMEK3P,139420.0,Del0.8,0.66
X-3749,SMPX,23676.0,Del0.8,0.66
X-3749,SMS,6611.0,Del0.8,0.66
X-3749,SNED1,25992.0,Del0.8,0.79
X-3749,SNORA21,619505.0,Amp5,5.24
X-3749,SNORA31,677814.0,Amp5,6.11
X-3749,SNORA35,677816.0,Del0.8,0.67
X-3749,SNORA36A,677817.0,Del0.8,0.69
X-3749,SNORA56,677835.0,Del0.8,0.69
X-3749,SNORA69,26779.0,Del0.8,0.67
X-3749,SNORA70,26778.0,Del0.8,0.69
X-3749,SNORA70B,100124537.0,Amp5,5.17
X-3749,SNORA75,654321.0,Del0.8,0.71
X-3749,SNORD20,6082.0,Del0.8,0.71
X-3749,SNORD61,26787.0,Del0.8,0.67
X-3749,SNORD82,25826.0,Del0.8,0.71
X-3749,SNORD96B,692226.0,Del0.8,0.67
X-3749,SOD3,6649.0,Amp5,5.06
X-3749,SOWAHD,347454.0,Del0.8,0.67
X-3749,SOX1,6656.0,Amp5,5.39
X-3749,SOX21,11166.0,Amp5,5.31
X-3749,SOX3,6658.0,Del0.8,0.67
X-3749,SP100,6672.0,Del0.8,0.71
X-3749,SP110,3431.0,Del0.8,0.71
X-3749,SP140,11262.0,Del0.8,0.71
X-3749,SP140L,93349.0,Del0.8,0.71
X-3749,SPACA7,122258.0,Amp5,5.39
X-3749,SPANXA2,728712.0,Del0.8,0.67
X-3749,SPANXA2,728712.0,Del0.8,0.67
X-3749,SPANXA2-OT1,619455.0,Del0.8,0.67
X-3749,SPANXB1,728695.0,Del0.8,0.67
X-3749,SPANXC,64663.0,Del0.8,0.67
X-3749,SPANXN1,494118.0,Del0.8,0.67
X-3749,SPANXN2,494119.0,Del0.8,0.67
X-3749,SPANXN3,139067.0,Del0.8,0.67
X-3749,SPANXN4,441525.0,Del0.8,0.67
X-3749,SPATA3,130560.0,Del0.8,0.71
X-3749,SPERT,220082.0,Amp5,6.11
X-3749,SPOCD1,90853.0,MutNovel,"A809T,0.424"
X-3749,SPP2,6694.0,Del0.8,0.74
X-3749,SPRY2,10253.0,Amp8,8.34
X-3749,SPRYD7,57213.0,Del0.8,0.36
X-3749,SRD5A1P1,6719.0,Del0.8,0.67
X-3749,SREBF1,6720.0,Amp5,5.24
X-3749,SRPK3,26576.0,Del0.8,0.69
X-3749,SRPX,8406.0,Del0.8,0.68
X-3749,SRPX2,27286.0,Del0.8,0.67
X-3749,SRY,6736.0,Del0.8,0.24
X-3749,SSR4,6748.0,Del0.8,0.69
X-3749,STAG2,10735.0,Del0.8,0.67
X-3749,STIM2,57620.0,Amp5,5.06
X-3749,STK24,8428.0,Amp5,5.31
X-3749,STK25,10494.0,Del0.8,0.79
X-3749,STS,412.0,Del0.8,0.66
X-3749,SYAP1,94056.0,Del0.8,0.66
X-3749,SYTL4,94121.0,Del0.8,0.67
X-3749,SYTL5,94122.0,Del0.8,0.68
X-3749,TAB3,257397.0,Del0.8,0.66
X-3749,TAF7L,54457.0,Del0.8,0.67
X-3749,TAG,404663.0,Del0.8,0.67
X-3749,TAPT1,202018.0,Amp5,5.06
X-3749,TAZ,6901.0,Del0.8,0.69
X-3749,TBC1D19,55296.0,Amp5,5.06
X-3749,TBC1D8B,54885.0,Del0.8,0.67
X-3749,TBCCD1,55171.0,MutNovel,"D325E,0.233"
X-3749,TBL1X,6907.0,Del0.8,0.66
X-3749,TBP,6908.0,MutNovel,"-64Q,0.265"
X-3749,TCEAL1,9338.0,Del0.8,0.67
X-3749,TCEAL2,140597.0,Del0.8,0.67
X-3749,TCEAL3,85012.0,Del0.8,0.67
X-3749,TCEAL4,79921.0,Del0.8,0.67
X-3749,TCEAL5,340543.0,Del0.8,0.67
X-3749,TCEAL6,158931.0,Del0.8,0.67
X-3749,TCEAL7,56849.0,Del0.8,0.67
X-3749,TCEAL8,90843.0,Del0.8,0.67
X-3749,TCEANC,170082.0,Del0.8,0.66
X-3749,TCERG1,10915.0,MutNovel,"QAQAQA210-,0.257"
X-3749,TCERG1L,256536.0,Del0.8,0.77
X-3749,TDGF1P3,6998.0,Del0.8,0.67
X-3749,TEKT3,64518.0,Amp5,5.58
X-3749,TEX13A,56157.0,Del0.8,0.67
X-3749,TEX13B,56156.0,Del0.8,0.67
X-3749,TEX28,1527.0,Del0.8,0.69
X-3749,TFDP1,7027.0,Amp5,5.39
X-3749,TFDP3,51270.0,Del0.8,0.67
X-3749,TGDS,23483.0,Amp5,5.31
X-3749,TGIF2LX,90316.0,Del0.8,0.71
X-3749,TGIF2LY,90655.0,Del0.8,0.26
X-3749,THADA,63892.0,MutNovel,"R446Q,0.264"
X-3749,THADA,63892.0,Del0.8,0.68
X-3749,THAP4,51078.0,Del0.8,0.79
X-3749,THOC2,57187.0,Del0.8,0.67
X-3749,TIGD1,200765.0,Del0.8,0.74
X-3749,TIMM8A,1678.0,Del0.8,0.67
X-3749,TKTL1,8277.0,Del0.8,0.69
X-3749,TLR7,51284.0,Del0.8,0.66
X-3749,TLR8,51311.0,Del0.8,0.66
X-3749,TLR8-AS1,349408.0,Del0.8,0.66
X-3749,TM9SF2,9375.0,Amp5,5.31
X-3749,TMCO3,55002.0,Amp5,5.39
X-3749,TMEM164,84187.0,Del0.8,0.67
X-3749,TMEM17,200728.0,Amp5,5.17
X-3749,TMEM185A,84548.0,Del0.8,0.69
X-3749,TMEM187,8269.0,Del0.8,0.69
X-3749,TMEM220,388335.0,Amp5,5.58
X-3749,TMEM27,57393.0,Del0.8,0.66
X-3749,TMEM31,203562.0,Del0.8,0.67
X-3749,TMEM35,59353.0,Del0.8,0.67
X-3749,TMEM47,83604.0,Del0.8,0.14
X-3749,TMLHE,55217.0,Del0.8,0.69
X-3749,TMSB15A,11013.0,Del0.8,0.67
X-3749,TMSB15B,286527.0,Del0.8,0.67
X-3749,TMSB4X,7114.0,Del0.8,0.66
X-3749,TMTC4,84899.0,Amp5,5.31
X-3749,TNFRSF13B,23495.0,Amp5,5.24
X-3749,TNFSF13B,10673.0,Amp5,5.31
X-3749,TNMD,64102.0,Del0.8,0.67
X-3749,TOM1L2,146691.0,Amp5,5.24
X-3749,TP53,7157.0,MutKnownFunctional,"-392,0.895"
X-3749,TP53BP2,7159.0,MutNovel,"L40V,0.209"
X-3749,TPP2,7174.0,Amp5,5.31
X-3749,TPT1,7178.0,Amp5,6.11
X-3749,TRAF3IP1,26146.0,Del0.8,0.74
X-3749,TRAPPC2,6399.0,Del0.8,0.66
X-3749,TREX2,11219.0,Del0.8,0.69
X-3749,TRIB2,28951.0,Del0.8,0.28
X-3749,TRIM13,10206.0,Del0.8,0.19
X-3749,TRIM16,10626.0,Amp5,5.58
X-3749,TRIOBP,11078.0,MutNovel,"L678R,0.231"
X-3749,TRIOBP,11078.0,MutNovel,"S688N,0.231"
X-3749,TRIP12,9320.0,Del0.8,0.71
X-3749,TRMT10A,,MutNovel,"R127Q,0.500"
X-3749,TRMT2B,79979.0,Del0.8,0.67
X-3749,TRPC5,7224.0,Del0.8,0.67
X-3749,TRPM8,79054.0,Del0.8,0.74
X-3749,TSC22D3,1831.0,Del0.8,0.67
X-3749,TSPAN6,7105.0,Del0.8,0.67
X-3749,TSPAN7,7102.0,Del0.8,0.68
X-3749,TTC19,54902.0,Amp5,5.24
X-3749,TUBB8,347688.0,MutNovel,"A185V,1.000"
X-3749,TUBGCP3,10426.0,Amp5,5.39
X-3749,TWIST2,117581.0,Del0.8,0.74
X-3749,TXLNG,55787.0,Del0.8,0.66
X-3749,TXNL4A,10907.0,Del0.8,0.74
X-3749,UBAC2,337867.0,Amp5,5.31
X-3749,UBAC2-AS1,100289373.0,Amp5,5.31
X-3749,UBE2A,7319.0,Del0.8,0.67
X-3749,UBE2DNL,100131816.0,Del0.8,0.71
X-3749,UBE2F,140739.0,Del0.8,0.74
X-3749,UBE2F-SCLY,100533179.0,Del0.8,0.74
X-3749,UBE2NL,389898.0,Del0.8,0.67
X-3749,UBL4A,8266.0,Del0.8,0.69
X-3749,UGGT2,55757.0,Amp5,5.31
X-3749,UGP2,7360.0,Amp5,5.17
X-3749,UGT1A1,54658.0,Del0.8,0.74
X-3749,UGT1A10,54575.0,Del0.8,0.74
X-3749,UGT1A3,54659.0,Del0.8,0.74
X-3749,UGT1A4,54657.0,Del0.8,0.74
X-3749,UGT1A5,54579.0,Del0.8,0.74
X-3749,UGT1A6,54578.0,Del0.8,0.74
X-3749,UGT1A7,54577.0,Del0.8,0.74
X-3749,UGT1A8,54576.0,Del0.8,0.74
X-3749,UGT1A9,54600.0,Del0.8,0.74
X-3749,UPF3A,65110.0,Amp5,5.39
X-3749,UPF3B,65109.0,Del0.8,0.67
X-3749,USP19,10869.0,MutNovel,"G4A,0.709"
X-3749,USP26,83844.0,Del0.8,0.67
X-3749,USP32P1,162632.0,Amp5,5.24
X-3749,USP34,9736.0,Amp5,5.17
X-3749,USP36,57602.0,MutNovel,"KKK958K,0.493"
X-3749,USP40,55230.0,Del0.8,0.74
X-3749,UTP14A,10813.0,Del0.8,0.67
X-3749,UTY,7404.0,MutNovel,"AR1078LR,0.250"
X-3749,UTY,7404.0,MutNovel,"H1077P,0.250"
X-3749,UTY,7404.0,MutNovel,"SH1075HD,0.222"
X-3749,UTY,7404.0,MutNovel,"G1073C,0.222"
X-3749,UTY,7404.0,MutNovel,"GI1070AG,0.222"
X-3749,UTY,7404.0,MutNovel,"AG1069DR,0.250"
X-3749,UTY,7404.0,MutKnownFunctional,"S1068*,0.286"
X-3749,UTY,7404.0,MutNovel,"S1066T,0.286"
X-3749,UTY,7404.0,MutNovel,"S1058Y,0.333"
X-3749,UTY,7404.0,MutNovel,"L1056P,0.333"
X-3749,UTY,7404.0,MutNovel,"S1029D,0.333"
X-3749,UTY,7404.0,MutNovel,"K1008P,0.231"
X-3749,UTY,7404.0,MutNovel,"NP1006TI,0.333"
X-3749,UTY,7404.0,MutNovel,"Q343E,0.576"
X-3749,UTY,7404.0,MutNovel,"QP330HT,0.250"
X-3749,UTY,7404.0,MutNovel,"QN328LL,0.214"
X-3749,UTY,7404.0,MutKnownFunctional,"QQ327Q*,0.545"
X-3749,UTY,7404.0,MutNovel,"YQ325TK,0.375"
X-3749,UTY,7404.0,MutNovel,"L324D,0.333"
X-3749,UTY,7404.0,MutNovel,"V323W,0.300"
X-3749,UTY,7404.0,MutNovel,"G322D,0.538"
X-3749,UTY,7404.0,MutNovel,"IG321SN,0.538"
X-3749,UTY,7404.0,MutNovel,"EA312DI,0.583"
X-3749,UTY,7404.0,MutNovel,"E312I,0.733"
X-3749,UTY,7404.0,MutNovel,"E312I,0.733"
X-3749,UTY,7404.0,MutNovel,"KS310RK,0.625"
X-3749,UTY,7404.0,MutKnownFunctional,"K310*,0.625"
X-3749,UTY,7404.0,MutKnownFunctional,"DK309V*,0.625"
X-3749,UTY,7404.0,MutKnownFunctional,"G288*,0.917"
X-3749,UTY,7404.0,MutNovel,"E275P,0.778"
X-3749,UTY,7404.0,MutKnownFunctional,"SL273*R,0.800"
X-3749,UTY,7404.0,MutNovel,"S273P,0.667"
X-3749,UTY,7404.0,MutNovel,"Q271A,0.667"
X-3749,UTY,7404.0,MutNovel,"KE262SS,0.500"
X-3749,UTY,7404.0,MutNovel,"KA259TS,0.636"
X-3749,UTY,7404.0,MutNovel,"VG256DR,0.462"
X-3749,UTY,7404.0,MutNovel,"V256Q,0.455"
X-3749,UTY,7404.0,MutNovel,"DL254VL,0.455"
X-3749,UTY,7404.0,MutNovel,"HH250LV,0.500"
X-3749,UTY,7404.0,MutNovel,"MH249IN,0.462"
X-3749,UTY,7404.0,MutNovel,"WM248CG,0.571"
X-3749,UTY,7404.0,MutNovel,"W248T,0.353"
X-3749,UTY,7404.0,MutNovel,"GW247VR,0.500"
X-3749,UTY,7404.0,MutNovel,"QL245VL,0.438"
X-3749,UTY,7404.0,MutNovel,"Q244M,0.417"
X-3749,UTY,7404.0,MutNovel,"L243R,0.357"
X-3749,UTY,7404.0,MutNovel,"AT240EH,0.333"
X-3749,UTY,7404.0,MutNovel,"KA239NP,0.357"
X-3749,UTY,7404.0,MutNovel,"Q237P,0.286"
X-3749,UTY,7404.0,MutNovel,"Q237K,0.235"
X-3749,UTY,7404.0,MutNovel,"A236V,0.357"
X-3749,UTY,7404.0,MutNovel,"P235T,0.312"
X-3749,UTY,7404.0,MutNovel,"LP234GT,0.312"
X-3749,UTY,7404.0,MutNovel,"E232P,0.211"
X-3749,UTY,7404.0,MutNovel,"E232Q,0.333"
X-3749,UTY,7404.0,MutNovel,"TE231IQ,0.333"
X-3749,UTY,7404.0,MutNovel,"Q230S,0.250"
X-3749,UTY,7404.0,MutNovel,"L229Q,0.267"
X-3749,UTY,7404.0,MutNovel,"YE225LQ,0.231"
X-3749,UTY,7404.0,MutNovel,"K222Q,0.214"
X-3749,UTY,7404.0,MutNovel,"RL169VF,0.250"
X-3749,UTY,7404.0,MutNovel,"L168R,0.250"
X-3749,UTY,7404.0,MutNovel,"H167C,0.333"
X-3749,UTY,7404.0,MutNovel,"AK163VL,0.417"
X-3749,UTY,7404.0,MutNovel,"Q151H,0.625"
X-3749,UTY,7404.0,MutKnownFunctional,"YW123*R,0.684"
X-3749,UTY,7404.0,MutNovel,"D122L,0.625"
X-3749,UTY,7404.0,MutNovel,"QA120LN,0.647"
X-3749,UTY,7404.0,MutKnownFunctional,"LQ119F*,0.600"
X-3749,UTY,7404.0,MutNovel,"YS117LR,0.571"
X-3749,UTY,7404.0,MutNovel,"Y116L,0.571"
X-3749,UTY,7404.0,MutNovel,"QR114RS,0.643"
X-3749,UTY,7404.0,MutKnownFunctional,"YQ113G*,0.583"
X-3749,UTY,7404.0,MutNovel,"SA111WQ,0.500"
X-3749,UTY,7404.0,MutNovel,"LS110TT,0.500"
X-3749,UTY,7404.0,MutNovel,"RE43IL,0.211"
X-3749,UTY,7404.0,MutNovel,"T39C,0.211"
X-3749,UTY,7404.0,MutNovel,"G25L,0.250"
X-3749,UTY,7404.0,MutNovel,"MA22IQ,0.278"
X-3749,UTY,7404.0,MutNovel,"KM21NL,0.222"
X-3749,UTY,7404.0,MutNovel,"L8S,0.235"
X-3749,UTY,7404.0,MutNovel,"V6R,0.222"
X-3749,VBP1,7411.0,Del0.8,0.69
X-3749,VCX,26609.0,Del0.8,0.66
X-3749,VCX2,51480.0,Del0.8,0.66
X-3749,VCX3A,51481.0,Del0.8,0.66
X-3749,VCX3B,425054.0,Del0.8,0.66
X-3749,VDAC2,7417.0,Del0.8,0.24
X-3749,VENTXP1,139538.0,Del0.8,0.66
X-3749,VGLL1,51442.0,Del0.8,0.67
X-3749,VMA21,203547.0,Del0.8,0.69
X-3749,VSIG1,340547.0,Del0.8,0.67
X-3749,WBP5,51186.0,Del0.8,0.67
X-3749,WDPCP,51057.0,Amp5,5.17
X-3749,WDR1,9948.0,MutNovel,"E16Q,0.594"
X-3749,WDR44,54521.0,Del0.8,0.67
X-3749,WWC3,55841.0,Del0.8,0.66
X-3749,XG,7499.0,Del0.8,0.66
X-3749,XGPY2,100132596.0,Del0.8,0.66
X-3749,XIAP,331.0,Del0.8,0.67
X-3749,XK,7504.0,Del0.8,0.68
X-3749,XKRX,402415.0,Del0.8,0.67
X-3749,XPNPEP2,7512.0,Del0.8,0.67
X-3749,XPO1,7514.0,Amp5,5.17
X-3749,YY2,404281.0,Del0.8,0.66
X-3749,ZBED1,9189.0,Del0.8,0.66
X-3749,ZBTB33,10009.0,Del0.8,0.67
X-3749,ZC3H13,23091.0,Amp5,6.11
X-3749,ZCCHC12,170261.0,Del0.8,0.67
X-3749,ZCCHC16,340595.0,Del0.8,0.67
X-3749,ZCCHC18,644353.0,Del0.8,0.67
X-3749,ZCCHC4,29063.0,Amp5,5.06
X-3749,ZDBF2,57683.0,MutNovel,"G1255A,0.647"
X-3749,ZDHHC9,51114.0,Del0.8,0.67
X-3749,ZFP36L2,678.0,MutNovel,"Q401HSSR,0.562"
X-3749,ZFP92,139735.0,Del0.8,0.69
X-3749,ZFX,7543.0,Del0.8,0.66
X-3749,ZFY,7544.0,Del0.8,0.24
X-3749,ZIC2,7546.0,Amp5,5.31
X-3749,ZIC3,7547.0,Del0.8,0.67
X-3749,ZIC5,85416.0,Amp5,5.31
X-3749,ZMAT1,84460.0,Del0.8,0.67
X-3749,ZMYND11,10771.0,Del0.8,0.73
X-3749,ZNF18,7566.0,Amp5,5.58
X-3749,ZNF185,7739.0,Del0.8,0.69
X-3749,ZNF219,51222.0,MutNovel,"QPP233P,0.357"
X-3749,ZNF239,8187.0,Amp5,5.03
X-3749,ZNF268,10795.0,Del0.8,0.7
X-3749,ZNF275,10838.0,Del0.8,0.69
X-3749,ZNF280C,55609.0,Del0.8,0.67
X-3749,ZNF287,57336.0,Amp5,5.24
X-3749,ZNF32,7580.0,Amp5,5.03
X-3749,ZNF32-AS3,414201.0,Amp5,5.03
X-3749,ZNF33B,7582.0,Amp5,5.03
X-3749,ZNF367,195828.0,MutNovel,"P19RRP,0.462"
X-3749,ZNF37BP,100129482.0,Amp5,5.03
X-3749,ZNF384,171017.0,MutNovel,"QQ514Q,0.300"
X-3749,ZNF449,203523.0,Del0.8,0.67
X-3749,ZNF485,220992.0,Amp5,5.03
X-3749,ZNF487P,642819.0,Amp5,5.03
X-3749,ZNF503,84858.0,Del0.8,0.34
X-3749,ZNF503-AS1,253264.0,Del0.8,0.26
X-3749,ZNF503-AS2,100131213.0,Del0.8,0.34
X-3749,ZNF518B,85460.0,Amp5,5.06
X-3749,ZNF624,57547.0,Amp5,5.24
X-3749,ZNF645,158506.0,Del0.8,0.66
X-3749,ZNF711,7552.0,Del0.8,0.71
X-3749,ZNF75D,7626.0,Del0.8,0.67
X-3749,ZRSR2,8233.0,Del0.8,0.66
X-3749,ZSWIM7,125150.0,Amp5,5.24
X-3769,ABR,29.0,MutNovel,"P18T,0.429"
X-3769,ACOT2,10965.0,MutNovel,"QT184RS,1.000"
X-3769,ADAMTSL2,9719.0,MutNovel,"G421S,0.400"
X-3769,ADCY1,107.0,MutNovel,"S551P,1.000"
X-3769,AGAP4,119016.0,MutNovel,"S87N,1.000"
X-3769,AKR1C2,1646.0,MutNovel,"M151V,1.000"
X-3769,ALG11,440138.0,Del0.8,0.8
X-3769,AMELY,266.0,Del0.8,0.29
X-3769,ANXA2,302.0,MutNovel,"D142N,0.638"
X-3769,ARHGAP23,57636.0,MutNovel,"A391S,0.477"
X-3769,ARL11,115761.0,Del0.8,0.39
X-3769,ASPN,54829.0,MutNovel,"DE51E,0.500"
X-3769,ATP7B,540.0,Del0.8,0.8
X-3769,BCORP1,286554.0,Del0.8,0.29
X-3769,BOD1L1,,MutNovel,"R2524H,0.316"
X-3769,BOD1L1,,MutNovel,"E269K,0.516"
X-3769,BPY2B,442867.0,Del0.8,0.29
X-3769,BPY2B,442867.0,Del0.8,0.29
X-3769,BRF1,2972.0,MutNovel,"V201I,1.000"
X-3769,C14orf126,112487.0,MutNovel,"D28N,0.313"
X-3769,CAB39L,81617.0,Del0.8,0.31
X-3769,CBWD6,644019.0,MutKnownFunctional,"-259?,0.311"
X-3769,CCAR1,55749.0,MutNovel,"P374R,0.485"
X-3769,CCDC144B,284047.0,Del0.8,0.8
X-3769,CCDC70,83446.0,Del0.8,0.8
X-3769,CCL14,6358.0,MutNovel,"G79R,0.625"
X-3769,CDADC1,81602.0,Del0.8,0.31
X-3769,CDKN1C,1028.0,MutNovel,"APVAV171V,0.711"
X-3769,CDY1B,253175.0,Del0.8,0.29
X-3769,CDY1B,253175.0,Del0.8,0.29
X-3769,CDY2A,9426.0,Del0.8,0.29
X-3769,CDY2A,9426.0,Del0.8,0.29
X-3769,CDY2B,203611.0,Del0.8,0.29
X-3769,CDY2B,203611.0,Del0.8,0.29
X-3769,CHST12,55501.0,MutNovel,"K341R,0.700"
X-3769,CHST15,51363.0,MutKnownFunctional,"-456,0.885"
X-3769,CKAP2,26586.0,Del0.8,0.8
X-3769,CNTRL,11064.0,MutNovel,"D1217G,0.759"
X-3769,COG3,83548.0,Del0.8,0.78
X-3769,CPB2,1361.0,Del0.8,0.78
X-3769,CSPG4P1Y,114758.0,Del0.8,0.29
X-3769,CSPG4P1Y,114758.0,Del0.8,0.29
X-3769,CTAGE10P,220429.0,Del0.8,0.4
X-3769,CTAGE4,100128553.0,Amp5,5.28
X-3769,CTSA,5476.0,MutNovel,"L29-,0.926"
X-3769,CYSLTR2,57105.0,Del0.8,0.31
X-3769,DAAM2,23500.0,MutNovel,"EK878E,0.515"
X-3769,DAZ1,1617.0,Del0.8,0.29
X-3769,DAZ2,57055.0,Del0.8,0.29
X-3769,DAZ3,57054.0,Del0.8,0.29
X-3769,DAZ3,57054.0,Del0.8,0.29
X-3769,DAZ4,57135.0,Del0.8,0.29
X-3769,DAZ4,57135.0,Del0.8,0.29
X-3769,DDX3Y,8653.0,Del0.8,0.29
X-3769,DENND4B,9909.0,MutNovel,"QQQ908-,0.233"
X-3769,DHRS12,79758.0,Del0.8,0.8
X-3769,DIAPH3,81624.0,Del0.8,0.79
X-3769,DLEU1,10301.0,Del0.8,0.8
X-3769,DLEU2,8847.0,Del0.8,0.4
X-3769,DLEU7,220107.0,Del0.8,0.8
X-3769,DMPK,1760.0,MutNovel,"T544M,0.740"
X-3769,DNAH6,1768.0,MutNovel,"R2046Q,0.800"
X-3769,DOPEY2,9980.0,MutNovel,"R678G,0.362"
X-3769,DPP7,29952.0,MutNovel,"I469-,0.350"
X-3769,EBPL,84650.0,Del0.8,0.39
X-3769,EFHD1,80303.0,MutNovel,"A31V,0.800"
X-3769,EIF1AY,9086.0,Del0.8,0.29
X-3769,EIF4A3,9775.0,MutNovel,"R387L,0.564"
X-3769,ELOVL5,60481.0,MutNovel,"V65I,0.545"
X-3769,ETFA,2108.0,MutNovel,"P7L,0.393"
X-3769,FAM106A,80039.0,Del0.8,0.4
X-3769,FAM124A,220108.0,Del0.8,0.8
X-3769,FAM171B,165215.0,MutNovel,"-50Q,0.500"
X-3769,FAM194B,220081.0,Del0.8,0.78
X-3769,FAM197Y2P,252946.0,Del0.8,0.29
X-3769,FAM21A,387680.0,Del0.8,0.57
X-3769,FAM222A,,MutNovel,"R187Q,0.562"
X-3769,FAM35A,54537.0,MutNovel,"E353G,1.000"
X-3769,FAM41AY1,340618.0,Del0.8,0.29
X-3769,FAM41AY1,340618.0,Del0.8,0.29
X-3769,FNDC1,84624.0,MutNovel,"ATTRRTT1471A,0.436"
X-3769,FNDC3A,22862.0,Del0.8,0.26
X-3769,FUOM,,MutNovel,"P152A,0.753"
X-3769,GART,2618.0,MutNovel,"F945C,0.378"
X-3769,GBP3,2635.0,MutNovel,"L126F,0.748"
X-3769,GDPD2,54857.0,MutNovel,"L450P,0.500"
X-3769,GIGYF2,26058.0,MutNovel,"PQ1231P,0.220"
X-3769,GOLGA2P2Y,84559.0,Del0.8,0.29
X-3769,GOLGA2P2Y,84559.0,Del0.8,0.29
X-3769,GOLGA4,2803.0,MutNovel,"S73N,0.481"
X-3769,GOLGA6L9,440295.0,MutNovel,"V377F,1.000"
X-3769,GOLGA8H,,MutNovel,"G60D,0.353"
X-3769,GOLGA8H,,MutNovel,"K328N,1.000"
X-3769,GPRIN1,114787.0,MutNovel,"G430V,0.440"
X-3769,GPT,2875.0,MutNovel,"R107S,0.833"
X-3769,GSTM1,2944.0,MutNovel,"K94R,0.714"
X-3769,GTF2H2C,728340.0,MutNovel,"R54Q,0.600"
X-3769,GTF2IRD2,84163.0,MutNovel,"L500S,1.000"
X-3769,GUCY1B2,2974.0,Del0.8,0.8
X-3769,GYG2P1,352887.0,Del0.8,0.29
X-3769,HAS1,3036.0,MutNovel,"G515W,0.500"
X-3769,HGC6.3,100128124.0,MutNovel,"V104A,1.000"
X-3769,HNRNPA1L2,144983.0,Del0.8,0.8
X-3769,HSFY2,159119.0,Del0.8,0.29
X-3769,HSFY2,159119.0,Del0.8,0.29
X-3769,IFIT1B,439996.0,MutNovel,"Y256C,1.000"
X-3769,IL17RB,55540.0,MutNovel,"P424R,0.410"
X-3769,INTS6,26512.0,Del0.8,0.8
X-3769,ISL2,64843.0,MutNovel,"G335S,0.370"
X-3769,ITM2B,9445.0,Del0.8,0.25
X-3769,KAT8,84148.0,MutNovel,"P36A,0.397"
X-3769,KCNJ8,3764.0,MutKnownFunctional,"-86,0.278"
X-3769,KCNRG,283518.0,Del0.8,0.8
X-3769,KDM4B,23030.0,MutNovel,"S625L,0.278"
X-3769,KDM5D,8284.0,Del0.8,0.29
X-3769,KIAA0226L,80183.0,Del0.8,0.78
X-3769,KLC4,89953.0,MutNovel,"S118L,0.618"
X-3769,KPNA3,3839.0,Del0.8,0.26
X-3769,LAMA5,3911.0,MutNovel,"G2768R,0.543"
X-3769,LCMT1,51451.0,MutKnownFunctional,"-1?,0.553"
X-3769,LCP1,3936.0,Del0.8,0.78
X-3769,LECT1,11061.0,Del0.8,0.8
X-3769,LGALS9C,654346.0,Del0.8,0.4
X-3769,LINC00282,283521.0,Del0.8,0.8
X-3769,LOC100288332,,MutNovel,"L270V,0.500"
X-3769,LOC100288332,,MutNovel,"R269C,0.571"
X-3769,LOC100289187,100289187.0,MutNovel,"P102L,1.000"
X-3769,LOC100996301,,MutNovel,"A106S,0.528"
X-3769,LOC100996433,,MutNovel,"G98A,0.600"
X-3769,LOC100996433,,MutNovel,"A129V,0.429"
X-3769,LOC100996433,,MutNovel,"R169G,1.000"
X-3769,LOC100996433,,MutNovel,"R253C,0.500"
X-3769,LOC100996433,,MutNovel,"A287V,0.500"
X-3769,LOC642799,,MutNovel,"H146Q,0.750"
X-3769,LOC728377,728377.0,Amp5,5.28
X-3769,LOC728643,728643.0,Del0.8,0.65
X-3769,LPAR6,10161.0,Del0.8,0.31
X-3769,LRCH1,23143.0,Del0.8,0.6
X-3769,LRFN1,57622.0,MutNovel,"A305V,0.810"
X-3769,LRIG2,9860.0,MutNovel,"L32-,0.476"
X-3769,LRRC7,57554.0,MutNovel,"M1002I,0.536"
X-3769,LSR,51599.0,MutNovel,"G518GR,1.000"
X-3769,MEN1,4221.0,MutNovel,"R171Q,0.337"
X-3769,MEOX2,4223.0,MutNovel,"HH76H,0.541"
X-3769,MIER3,166968.0,MutNovel,"A544T,0.422"
X-3769,MIR1297,100302187.0,Del0.8,0.8
X-3769,MIR16-1,406950.0,Del0.8,0.8
X-3769,MIR3169,100422973.0,Del0.8,0.79
X-3769,MIR3613,100500908.0,Del0.8,0.8
X-3769,MIR4703,100616423.0,Del0.8,0.8
X-3769,MIR759,100313778.0,Del0.8,0.8
X-3769,MLNR,2862.0,Del0.8,0.31
X-3769,MPRIP,23164.0,MutNovel,"TS178T,0.528"
X-3769,MT1H,4496.0,MutNovel,"K20T,1.000"
X-3769,MT1H,4496.0,MutNovel,"K23E,1.000"
X-3769,MTMR4,9110.0,MutNovel,"R626H,0.473"
X-3769,MUC1,4582.0,MutNovel,"G205S,0.341"
X-3769,NBPF1,55672.0,MutNovel,"R385Q,0.211"
X-3769,NBPF10,100132406.0,MutNovel,"I1165F,0.238"
X-3769,NBPF12,,MutNovel,"M15T,1.000"
X-3769,NBPF14,25832.0,MutKnownFunctional,"G916*,0.744"
X-3769,NBPF14,25832.0,MutNovel,"I861G,0.800"
X-3769,NBPF14,25832.0,MutNovel,"I861V,0.600"
X-3769,NBPF9,400818.0,MutNovel,"Q184R,1.000"
X-3769,NCOR2,9612.0,MutNovel,"G1839GAAA,0.533"
X-3769,NCRNA00185,55410.0,Del0.8,0.29
X-3769,NEK3,4752.0,Del0.8,0.8
X-3769,NEK5,341676.0,Del0.8,0.8
X-3769,NIF3L1,60491.0,MutNovel,"T235M,0.606"
X-3769,NIPBL,25836.0,MutNovel,"K682R,0.274"
X-3769,NKX2-6,137814.0,MutNovel,"R215H,1.000"
X-3769,NLGN4Y,22829.0,Del0.8,0.29
X-3769,NRP1,8829.0,MutKnownFunctional,"-692,0.946"
X-3769,NUMA1,4926.0,MutNovel,"R1984Q,0.326"
X-3769,ODZ4,26011.0,MutNovel,"V2647I,0.333"
X-3769,OLFM4,10562.0,Del0.8,0.8
X-3769,OR2A42,402317.0,Amp5,5.28
X-3769,OR2A42,402317.0,Amp5,5.28
X-3769,OR2A7,401427.0,Amp5,5.28
X-3769,OR2A9P,441295.0,Amp5,5.28
X-3769,OR2A9P,441295.0,Amp5,5.28
X-3769,ORAI1,84876.0,MutNovel,"PP43-,0.839"
X-3769,PCDH11Y,83259.0,Del0.8,0.29
X-3769,PCDH17,27253.0,Del0.8,0.79
X-3769,PCDH20,64881.0,Del0.8,0.79
X-3769,PCDH8,5100.0,Del0.8,0.8
X-3769,PDGFRB,5159.0,MutNovel,"N666K,0.999"
X-3769,PGBD5,79605.0,MutNovel,"A96S,1.000"
X-3769,PHF11,51131.0,Del0.8,0.31
X-3769,PHLDA1,22822.0,MutNovel,"QQ194Q,0.452"
X-3769,PLEKHG5,57449.0,MutNovel,"E794G,0.211"
X-3769,PREPL,9581.0,MutNovel,"C227Y,0.703"
X-3769,PRKY,5616.0,Del0.8,0.29
X-3769,PRR20B,729233.0,Del0.8,0.8
X-3769,PRY,9081.0,Del0.8,0.29
X-3769,PRY,9081.0,Del0.8,0.29
X-3769,PRY2,442862.0,Del0.8,0.29
X-3769,PRY2,442862.0,Del0.8,0.29
X-3769,PZP,5858.0,MutNovel,"N1418R,1.000"
X-3769,PZP,5858.0,MutNovel,"G1090R,1.000"
X-3769,RB1,5925.0,Del0.8,0.38
X-3769,RBMY1A3P,286557.0,Del0.8,0.29
X-3769,RBMY1B,378948.0,Del0.8,0.29
X-3769,RBMY1B,378948.0,Del0.8,0.29
X-3769,RBMY1E,378950.0,Del0.8,0.29
X-3769,RBMY1E,378950.0,Del0.8,0.29
X-3769,RBMY1F,159163.0,Del0.8,0.29
X-3769,RBMY1F,159163.0,Del0.8,0.29
X-3769,RBMY1J,378951.0,Del0.8,0.29
X-3769,RBMY1J,378951.0,Del0.8,0.29
X-3769,RBMY2EP,159125.0,Del0.8,0.29
X-3769,RBMY2FP,159162.0,Del0.8,0.29
X-3769,RBMY3AP,64593.0,Del0.8,0.29
X-3769,RCBTB1,55213.0,Del0.8,0.25
X-3769,RCBTB2,1102.0,Del0.8,0.34
X-3769,RHD,6007.0,Del0.8,0.48
X-3769,RNASEH2B,79621.0,Del0.8,0.8
X-3769,RPS4Y1,6192.0,Del0.8,0.29
X-3769,RPS4Y2,140032.0,Del0.8,0.29
X-3769,RPUSD2,27079.0,MutNovel,"P242S,0.284"
X-3769,SBSPON,,MutNovel,"H158Q,0.500"
X-3769,SEC62,7095.0,MutNovel,"T37I,0.666"
X-3769,SERINC2,347735.0,MutNovel,"-373Q,0.612"
X-3769,SERPINE3,647174.0,Del0.8,0.8
X-3769,SERPINF2,5345.0,MutNovel,"N316S,0.300"
X-3769,SETDB2,83852.0,Del0.8,0.31
X-3769,SH3D21,79729.0,MutKnownFunctional,"-625,0.320"
X-3769,SIAH3,283514.0,Del0.8,0.78
X-3769,SIL1,64374.0,MutNovel,"M182R,0.997"
X-3769,SLC25A30,253512.0,Del0.8,0.78
X-3769,SLC39A14,23516.0,MutNovel,"D46N,0.497"
X-3769,SMEK1,55671.0,MutNovel,"D426G,0.451"
X-3769,SNORA31,677814.0,Del0.8,0.78
X-3769,SNX32,254122.0,MutNovel,"R222Q,0.250"
X-3769,SPERT,220082.0,Del0.8,0.78
X-3769,SPRYD7,57213.0,Del0.8,0.4
X-3769,SRY,6736.0,Del0.8,0.29
X-3769,ST13P4,145165.0,Del0.8,0.8
X-3769,STIP1,10963.0,MutNovel,"KL169K,0.375"
X-3769,SUGT1,10910.0,Del0.8,0.8
X-3769,SYCP2,10388.0,MutKnownFunctional,"-1202?,0.290"
X-3769,SYT15,83849.0,MutKnownFunctional,"-86,0.636"
X-3769,TAF7L,54457.0,MutNovel,"EDE349E,0.600"
X-3769,TBL1Y,90665.0,Del0.8,0.29
X-3769,TCOF1,6949.0,MutNovel,"A161G,0.299"
X-3769,TDRD3,81550.0,Del0.8,0.79
X-3769,TFAP4,7023.0,MutNovel,"A313V,0.208"
X-3769,TGIF2LY,90655.0,Del0.8,0.29
X-3769,THSD1,55901.0,Del0.8,0.8
X-3769,TMSB4Y,9087.0,Del0.8,0.29
X-3769,TNFAIP6,7130.0,MutKnownFunctional,"-278,0.322"
X-3769,TPT1,7178.0,Del0.8,0.78
X-3769,TPTE2P3,220115.0,Del0.8,0.8
X-3769,TRIM13,10206.0,Del0.8,0.8
X-3769,TSPY1,7258.0,Del0.8,0.29
X-3769,TSPY2,64591.0,Del0.8,0.29
X-3769,TSPY3,728137.0,Del0.8,0.29
X-3769,TSPY4,728395.0,Del0.8,0.29
X-3769,TSPY8,728403.0,Del0.8,0.29
X-3769,TSPYL1,7259.0,MutNovel,"V176VW,0.233"
X-3769,TTTY10,246119.0,Del0.8,0.29
X-3769,TTTY11,83866.0,Del0.8,0.29
X-3769,TTTY12,83867.0,Del0.8,0.29
X-3769,TTTY13,83868.0,Del0.8,0.29
X-3769,TTTY14,83869.0,Del0.8,0.29
X-3769,TTTY15,64595.0,Del0.8,0.29
X-3769,TTTY16,252948.0,Del0.8,0.29
X-3769,TTTY17A,252949.0,Del0.8,0.29
X-3769,TTTY17A,252949.0,Del0.8,0.29
X-3769,TTTY18,252950.0,Del0.8,0.29
X-3769,TTTY19,252952.0,Del0.8,0.29
X-3769,TTTY1B,100101116.0,Del0.8,0.29
X-3769,TTTY1B,100101116.0,Del0.8,0.29
X-3769,TTTY2,60439.0,Del0.8,0.29
X-3769,TTTY2,60439.0,Del0.8,0.29
X-3769,TTTY20,252951.0,Del0.8,0.29
X-3769,TTTY21,252953.0,Del0.8,0.29
X-3769,TTTY21,252953.0,Del0.8,0.29
X-3769,TTTY22,252954.0,Del0.8,0.29
X-3769,TTTY23,252955.0,Del0.8,0.29
X-3769,TTTY23,252955.0,Del0.8,0.29
X-3769,TTTY3,114760.0,Del0.8,0.29
X-3769,TTTY3,114760.0,Del0.8,0.29
X-3769,TTTY4,114761.0,Del0.8,0.29
X-3769,TTTY4,114761.0,Del0.8,0.29
X-3769,TTTY5,83863.0,Del0.8,0.29
X-3769,TTTY6,84672.0,Del0.8,0.29
X-3769,TTTY6,84672.0,Del0.8,0.29
X-3769,TTTY7,246122.0,Del0.8,0.29
X-3769,TTTY7,246122.0,Del0.8,0.29
X-3769,TTTY7B,100101120.0,Del0.8,0.29
X-3769,TTTY7B,100101120.0,Del0.8,0.29
X-3769,TTTY8,84673.0,Del0.8,0.29
X-3769,TTTY8,84673.0,Del0.8,0.29
X-3769,TTTY9A,83864.0,Del0.8,0.29
X-3769,TTTY9A,83864.0,Del0.8,0.29
X-3769,TXLNG2P,246126.0,Del0.8,0.29
X-3769,UBC,7316.0,MutNovel,"S190P,1.000"
X-3769,UBE4B,10277.0,Del0.8,0.8
X-3769,UPK3BL,,MutNovel,"L213V,0.500"
X-3769,USP32P2,220594.0,Del0.8,0.4
X-3769,USP36,57602.0,MutNovel,"KKK958K,0.350"
X-3769,USP9Y,8287.0,Del0.8,0.29
X-3769,UTP14C,9724.0,Del0.8,0.8
X-3769,UTY,7404.0,Del0.8,0.29
X-3769,VCY,9084.0,Del0.8,0.29
X-3769,VCY,9084.0,Del0.8,0.29
X-3769,VPS36,51028.0,Del0.8,0.8
X-3769,WAS,7454.0,MutNovel,"L347S,1.000"
X-3769,WDFY2,115825.0,Del0.8,0.8
X-3769,WDR47,22911.0,MutNovel,"PR551R,0.463"
X-3769,XKRY2,353515.0,Del0.8,0.29
X-3769,XKRY2,353515.0,Del0.8,0.29
X-3769,YIPF5,81555.0,MutNovel,"C179F,0.995"
X-3769,ZBED3,84327.0,MutNovel,"L155V,0.294"
X-3769,ZC3H13,23091.0,Del0.8,0.78
X-3769,ZFHX3,463.0,MutNovel,"G3517D,1.000"
X-3769,ZFY,7544.0,Del0.8,0.29
X-3769,ZNF28,7576.0,MutKnownFunctional,"-318,0.487"
X-3769,ZNF384,171017.0,MutNovel,"QQ514Q,0.465"
X-3769,ZNF91,7644.0,MutNovel,"T224A,0.600"
X-3870,ACAD9,28976.0,MutNovel,"R472W,0.556"
X-3870,ACTN2,88.0,MutNovel,"T347M,0.474"
X-3870,ADAMTS8,11095.0,MutNovel,"LP21P,0.673"
X-3870,ADCY9,115.0,MutNovel,"I317V,0.368"
X-3870,ADCY9,115.0,MutNovel,"H171D,0.224"
X-3870,ADRA1A,148.0,MutNovel,"T424M,1.000"
X-3870,AKR1C2,1646.0,MutNovel,"I255S,0.615"
X-3870,ALG3,10195.0,MutKnownFunctional,"-293,0.328"
X-3870,AMBRA1,55626.0,MutKnownFunctional,"-31,0.961"
X-3870,AMELY,266.0,Del0.8,0.26
X-3870,AMY1A,276.0,Del0.8,0.48
X-3870,AMY1A,276.0,Del0.8,0.48
X-3870,ANAPC1,64682.0,MutNovel,"L1089F,0.400"
X-3870,ANKRD36,375248.0,MutNovel,"T998S,0.289"
X-3870,AOX2P,344454.0,Del0.8,0.57
X-3870,APC2,10297.0,MutNovel,"T2077S,0.333"
X-3870,ARFGAP3,26286.0,MutNovel,"R15Q,0.406"
X-3870,ART5,116969.0,MutNovel,"-25P,0.778"
X-3870,ASB14,142686.0,MutNovel,"S213G,0.667"
X-3870,ASCC2,84164.0,MutNovel,"N446I,0.472"
X-3870,ATG14,22863.0,MutNovel,"M100V,0.684"
X-3870,ATM,472.0,MutNovel,"S707P,1.000"
X-3870,ATP5SL,55101.0,MutNovel,"H87R,1.000"
X-3870,ATP8A2,51761.0,MutNovel,"L989F,0.444"
X-3870,ATRX,546.0,MutKnownFunctional,"E880*,1.000"
X-3870,BAIAP2L2,80115.0,MutNovel,"R228S,0.800"
X-3870,BCORP1,286554.0,Del0.8,0.21
X-3870,BEND5,79656.0,MutNovel,"G147D,0.559"
X-3870,BMP8A,353500.0,MutNovel,"A140V,0.857"
X-3870,BMP8A,353500.0,MutNovel,"H155Y,1.000"
X-3870,BPY2B,442867.0,Del0.8,0.07
X-3870,BPY2B,442867.0,Del0.8,0.12
X-3870,BRAP,8315.0,MutNovel,"D105G,0.345"
X-3870,BRF1,2972.0,MutNovel,"P146L,0.773"
X-3870,BYSL,705.0,MutNovel,"Q13K,1.000"
X-3870,C10orf68,79741.0,MutKnownFunctional,"-492,0.333"
X-3870,C14orf102,55051.0,MutNovel,"I961V,0.714"
X-3870,C16orf93,90835.0,MutNovel,"R132H,0.660"
X-3870,C18orf25,147339.0,MutNovel,"A123T,0.494"
X-3870,C2orf69,205327.0,MutNovel,"N144Y,1.000"
X-3870,C9orf169,375791.0,MutNovel,"A13V,0.652"
X-3870,CACNA1E,777.0,MutNovel,"G1244A,1.000"
X-3870,CBWD3,445571.0,MutNovel,"W100R,1.000"
X-3870,CBWD5,220869.0,MutNovel,"W100R,0.267"
X-3870,CBWD6,644019.0,MutKnownFunctional,"-259?,0.288"
X-3870,CCDC57,284001.0,MutNovel,"R203W,0.430"
X-3870,CDC42EP1,11135.0,MutNovel,"PAPAANPS253P,0.759"
X-3870,CDKN2A,1029.0,Del0.8,0.21
X-3870,CDKN2B,1030.0,Del0.8,0.29
X-3870,CDY1B,253175.0,Del0.8,0.12
X-3870,CDY1B,253175.0,Del0.8,0.21
X-3870,CDY2A,9426.0,Del0.8,0.21
X-3870,CDY2A,9426.0,Del0.8,0.21
X-3870,CDY2B,203611.0,Del0.8,0.21
X-3870,CDY2B,203611.0,Del0.8,0.21
X-3870,CEP44,80817.0,MutNovel,"E327Q,1.000"
X-3870,CITED4,163732.0,MutNovel,"E9D,0.548"
X-3870,CNTN5,53942.0,MutNovel,"S23A,1.000"
X-3870,CNTNAP3,79937.0,MutNovel,"F819C,0.543"
X-3870,CNTNAP3B,728577.0,MutKnownFunctional,"-533,0.903"
X-3870,COG1,9382.0,MutNovel,"R55W,0.627"
X-3870,COG6,57511.0,MutNovel,"D243V,0.420"
X-3870,CPAMD8,27151.0,MutNovel,"A1378S,0.600"
X-3870,CRIPAK,285464.0,MutNovel,"V164A,0.441"
X-3870,CRIPAK,285464.0,MutNovel,"P173H,0.500"
X-3870,CRIPAK,285464.0,MutNovel,"M286T,0.278"
X-3870,CRIPAK,285464.0,MutNovel,"W287R,0.278"
X-3870,CSPG4P1Y,114758.0,Del0.8,0.21
X-3870,CSPG4P1Y,114758.0,Del0.8,0.28
X-3870,DAZ1,1617.0,Del0.8,0.21
X-3870,DAZ2,57055.0,Del0.8,0.13
X-3870,DAZ3,57054.0,Del0.8,0.07
X-3870,DAZ3,57054.0,Del0.8,0.12
X-3870,DAZ4,57135.0,Del0.8,0.1
X-3870,DAZ4,57135.0,Del0.8,0.15
X-3870,DDX3Y,8653.0,Del0.8,0.21
X-3870,DDX59,83479.0,MutNovel,"Q98L,0.492"
X-3870,DENND4B,9909.0,MutNovel,"QQQ908-,0.571"
X-3870,DNAJB7,150353.0,MutKnownFunctional,"-55?,0.763"
X-3870,DOCK9,23348.0,MutNovel,"A918T,0.476"
X-3870,DOK6,220164.0,MutNovel,"F5C,0.383"
X-3870,DUOXA1,90527.0,MutNovel,"N127S,0.750"
X-3870,DUOXA1,90527.0,MutNovel,"N125D,0.500"
X-3870,EEFSEC,60678.0,MutNovel,"S28R,0.500"
X-3870,EIF1AY,9086.0,Del0.8,0.21
X-3870,EPHB6,2051.0,MutNovel,"R742Q,0.510"
X-3870,ESRRB,2103.0,MutNovel,"D359H,0.333"
X-3870,ETFB,2109.0,MutNovel,"K291E,1.000"
X-3870,FAHD1,81889.0,MutNovel,"E235K,1.000"
X-3870,FAM197Y2P,252946.0,Del0.8,0.26
X-3870,FAM21A,387680.0,Del0.8,0.51
X-3870,FAM41AY1,340618.0,Del0.8,0.21
X-3870,FAM41AY1,340618.0,Del0.8,0.21
X-3870,FAM82B,51115.0,MutNovel,"KN313N,0.327"
X-3870,FAM83D,81610.0,MutNovel,"D39G,0.505"
X-3870,FAM86B1,85002.0,MutNovel,"S184T,0.357"
X-3870,FAM86B2,653333.0,MutKnownFunctional,"C72*,1.000"
X-3870,FAM90A1,55138.0,MutNovel,"G148R,0.500"
X-3870,FARP1,10160.0,MutNovel,"H369D,0.547"
X-3870,FLG,2312.0,MutNovel,"V1576E,0.600"
X-3870,FNDC1,84624.0,MutNovel,"ATTRRTT1471A,0.345"
X-3870,FOXL2,668.0,MutNovel,"A179G,0.536"
X-3870,GAS2L3,283431.0,MutNovel,"V261L,0.429"
X-3870,GBA2,57704.0,MutNovel,"V852M,0.480"
X-3870,GIGYF2,26058.0,MutNovel,"PQ1231P,0.564"
X-3870,GNPAT,8443.0,MutKnownFunctional,"E199*,0.245"
X-3870,GOLGA2P2Y,84559.0,Del0.8,0.28
X-3870,GOLGA2P2Y,84559.0,Del0.8,0.21
X-3870,GOLGA8B,440270.0,MutNovel,"D493N,0.400"
X-3870,GSTM1,2944.0,Del0.8,0.74
X-3870,GSTM5,2949.0,MutNovel,"L191V,1.000"
X-3870,GYG2P1,352887.0,Del0.8,0.21
X-3870,HLA-G,3135.0,MutNovel,"T104N,1.000"
X-3870,HMCN2,,MutNovel,"A2926V,0.422"
X-3870,HOXA7,3204.0,MutNovel,"A76V,0.471"
X-3870,HSFY2,159119.0,Del0.8,0.21
X-3870,HSFY2,159119.0,Del0.8,0.21
X-3870,HSP90AB1,3326.0,MutNovel,"R682H,0.997"
X-3870,HSPG2,3339.0,MutNovel,"N2701D,0.445"
X-3870,HYDIN,54768.0,MutNovel,"R4868Q,1.000"
X-3870,HYDIN,54768.0,MutNovel,"H3869R,1.000"
X-3870,IQCE,23288.0,MutNovel,"Q527R,0.527"
X-3870,KDM5D,8284.0,Del0.8,0.21
X-3870,KLF16,83855.0,MutNovel,"A38T,0.889"
X-3870,LEFTY1,10637.0,MutNovel,"K307T,0.667"
X-3870,LOC100287387,,MutNovel,"R213H,1.000"
X-3870,LOC100289200,,MutNovel,"AAV15A,0.667"
X-3870,LOC100506562,,MutNovel,"I93V,0.500"
X-3870,LOC100996439,,MutNovel,"G170S,0.333"
X-3870,LOC100996515,,MutNovel,"P23A,0.364"
X-3870,LOC100996633,,MutNovel,"S18R,0.800"
X-3870,LOC100996633,,MutNovel,"S11P,0.667"
X-3870,LOC401180,,MutNovel,"-133G,0.875"
X-3870,LOC642778,,MutNovel,"R140K,1.000"
X-3870,LOC728047,,MutNovel,"G49S,0.400"
X-3870,LPHN2,23266.0,Del0.8,0.22
X-3870,LRRC66,339977.0,MutNovel,"S693-,0.438"
X-3870,LSR,51599.0,MutNovel,"G518GR,0.566"
X-3870,LTBP2,4053.0,MutNovel,"G1171S,0.322"
X-3870,LTBP3,4054.0,MutNovel,"L35LCW,0.476"
X-3870,LYSMD1,388695.0,MutNovel,"E10D,0.391"
X-3870,MAP3K4,4216.0,MutNovel,"PA1189P,0.594"
X-3870,MCC,4163.0,MutNovel,"G23S,0.500"
X-3870,MCC,4163.0,MutNovel,"G20S,0.500"
X-3870,MCM9,254394.0,MutNovel,"D715V,0.480"
X-3870,MED23,9439.0,MutNovel,"G254A,0.444"
X-3870,METAP1D,254042.0,MutNovel,"H259R,0.978"
X-3870,MKL1,57591.0,MutNovel,"P798S,0.442"
X-3870,MLIP,90523.0,Del0.8,0.71
X-3870,MLL2,8085.0,MutNovel,"P2146L,0.333"
X-3870,MMP17,4326.0,MutKnownFunctional,"Q527*,0.424"
X-3870,MORC3,23515.0,MutNovel,"T177A,0.460"
X-3870,MPP3,4356.0,MutNovel,"G382R,0.522"
X-3870,MRPS11,64963.0,MutNovel,"G31W,0.576"
X-3870,MTCH1,23787.0,MutNovel,"A16V,1.000"
X-3870,NACAD,23148.0,MutNovel,"P817S,0.786"
X-3870,NCOR2,9612.0,MutNovel,"G1839GAAA,0.601"
X-3870,NCRNA00185,55410.0,Del0.8,0.21
X-3870,NEK3,4752.0,MutNovel,"W375C,0.376"
X-3870,NLGN4Y,22829.0,Del0.8,0.21
X-3870,NPIPL3,23117.0,MutNovel,"P430L,0.900"
X-3870,NPL,80896.0,MutNovel,"G22S,0.500"
X-3870,NR1H2,7376.0,MutNovel,"-173Q,0.847"
X-3870,NUDT11,55190.0,MutKnownFunctional,"-1,0.382"
X-3870,OR51A2,401667.0,Del0.8,0.59
X-3870,ORAI1,84876.0,MutNovel,"PP43-,0.960"
X-3870,OVOS,,MutNovel,"S713L,1.000"
X-3870,PABPC3,5042.0,MutKnownFunctional,"-299,0.333"
X-3870,PBX3,5090.0,MutNovel,"R192H,0.507"
X-3870,PCDH11Y,83259.0,Del0.8,0.26
X-3870,PCDHA3,56145.0,MutNovel,"E55D,0.500"
X-3870,PCDHA3,56145.0,MutNovel,"G72R,0.571"
X-3870,PCDHB6,56130.0,MutNovel,"S524A,0.571"
X-3870,PCDHB6,56130.0,MutNovel,"G530S,0.571"
X-3870,PFKFB3,5209.0,MutNovel,"E94K,0.506"
X-3870,PHC1,1911.0,MutNovel,"AQQ424A,0.235"
X-3870,PHLDA1,22822.0,MutNovel,"QQ194Q,0.496"
X-3870,PIEZO1,9780.0,MutNovel,"P1438L,0.425"
X-3870,PIF1,80119.0,MutKnownFunctional,"E49*,0.571"
X-3870,PITPNM3,83394.0,MutNovel,"V598M,0.714"
X-3870,PLEC,5339.0,MutNovel,"E1988K,0.407"
X-3870,PNPT1,87178.0,MutNovel,"T205R,0.454"
X-3870,POLM,27434.0,MutNovel,"R323S,0.385"
X-3870,POR,5447.0,MutNovel,"W422G,0.500"
X-3870,PPIP5K1,9677.0,MutNovel,"V304A,0.262"
X-3870,PPP2R3B,28227.0,MutNovel,"D335H,0.512"
X-3870,PRKCH,5583.0,MutNovel,"A307T,0.600"
X-3870,PRKY,5616.0,Del0.8,0.26
X-3870,PROSER1,80209.0,MutNovel,"P314L,0.520"
X-3870,PRSS53,339105.0,MutKnownFunctional,"G499*,0.711"
X-3870,PRY,9081.0,Del0.8,0.21
X-3870,PRY,9081.0,Del0.8,0.21
X-3870,PRY2,442862.0,Del0.8,0.21
X-3870,PRY2,442862.0,Del0.8,0.21
X-3870,PZP,5858.0,MutNovel,"G1090R,0.941"
X-3870,RAI1,10743.0,MutNovel,"G206S,0.543"
X-3870,RBMY1A3P,286557.0,Del0.8,0.26
X-3870,RBMY1B,378948.0,Del0.8,0.21
X-3870,RBMY1B,378948.0,Del0.8,0.21
X-3870,RBMY1E,378950.0,Del0.8,0.21
X-3870,RBMY1E,378950.0,Del0.8,0.21
X-3870,RBMY1F,159163.0,Del0.8,0.21
X-3870,RBMY1F,159163.0,Del0.8,0.21
X-3870,RBMY1J,378951.0,Del0.8,0.21
X-3870,RBMY1J,378951.0,Del0.8,0.21
X-3870,RBMY2EP,159125.0,Del0.8,0.21
X-3870,RBMY2FP,159162.0,Del0.8,0.21
X-3870,RBMY3AP,64593.0,Del0.8,0.21
X-3870,RC3H1,149041.0,MutNovel,"G921S,0.417"
X-3870,RFPL4A,342931.0,Del0.8,0.74
X-3870,RFWD2,64326.0,MutNovel,"S9W,0.449"
X-3870,RPS4Y1,6192.0,Del0.8,0.26
X-3870,RPS4Y2,140032.0,Del0.8,0.21
X-3870,RYR2,6262.0,MutNovel,"N2517S,1.000"
X-3870,SCRIB,23513.0,MutNovel,"G1146R,0.615"
X-3870,SCYL2,55681.0,MutNovel,"K439R,0.452"
X-3870,SERHL2,253190.0,MutNovel,"H168Q,0.500"
X-3870,SHANK3,85358.0,MutNovel,"T987M,0.500"
X-3870,SHROOM3,57619.0,MutNovel,"V1160A,0.357"
X-3870,SLC35A5,55032.0,MutNovel,"I25V,0.503"
X-3870,SLIT3,6586.0,MutNovel,"D158N,0.630"
X-3870,SLX1A,548593.0,MutNovel,"P203L,0.235"
X-3870,SNAPC4,6621.0,MutNovel,"S542-,0.235"
X-3870,SPTY2D1,144108.0,MutNovel,"I496V,1.000"
X-3870,SRY,6736.0,Del0.8,0.26
X-3870,SUN1,23353.0,MutNovel,"V81I,0.514"
X-3870,TAG,404663.0,Del0.8,0.52
X-3870,TBC1D30,23329.0,MutNovel,"P583L,0.400"
X-3870,TBL1Y,90665.0,Del0.8,0.26
X-3870,TCEAL6,158931.0,MutKnownFunctional,"-175?,0.714"
X-3870,TGFB1I1,7041.0,MutNovel,"V314F,0.652"
X-3870,TGIF2LY,90655.0,Del0.8,0.26
X-3870,THEGL,,MutNovel,"H412P,0.429"
X-3870,THOP1,7064.0,MutNovel,"S635G,0.519"
X-3870,TLK2,11011.0,MutNovel,"R262Q,0.242"
X-3870,TMSB4Y,9087.0,Del0.8,0.21
X-3870,TRIM37,4591.0,MutNovel,"R192L,0.568"
X-3870,TSPY1,7258.0,Del0.8,0.26
X-3870,TSPY2,64591.0,Del0.8,0.26
X-3870,TSPY3,728137.0,Del0.8,0.26
X-3870,TSPY4,728395.0,Del0.8,0.26
X-3870,TSPY8,728403.0,Del0.8,0.26
X-3870,TSPYL1,7259.0,MutNovel,"V176VW,0.374"
X-3870,TTTY10,246119.0,Del0.8,0.21
X-3870,TTTY11,83866.0,Del0.8,0.26
X-3870,TTTY12,83867.0,Del0.8,0.26
X-3870,TTTY13,83868.0,Del0.8,0.21
X-3870,TTTY14,83869.0,Del0.8,0.21
X-3870,TTTY15,64595.0,Del0.8,0.21
X-3870,TTTY16,252948.0,Del0.8,0.26
X-3870,TTTY17A,252949.0,Del0.8,0.21
X-3870,TTTY17A,252949.0,Del0.8,0.28
X-3870,TTTY18,252950.0,Del0.8,0.26
X-3870,TTTY19,252952.0,Del0.8,0.26
X-3870,TTTY1B,100101116.0,Del0.8,0.21
X-3870,TTTY1B,100101116.0,Del0.8,0.26
X-3870,TTTY2,60439.0,Del0.8,0.21
X-3870,TTTY2,60439.0,Del0.8,0.26
X-3870,TTTY20,252951.0,Del0.8,0.26
X-3870,TTTY21,252953.0,Del0.8,0.26
X-3870,TTTY21,252953.0,Del0.8,0.21
X-3870,TTTY22,252954.0,Del0.8,0.21
X-3870,TTTY23,252955.0,Del0.8,0.21
X-3870,TTTY23,252955.0,Del0.8,0.26
X-3870,TTTY3,114760.0,Del0.8,0.21
X-3870,TTTY3,114760.0,Del0.8,0.12
X-3870,TTTY4,114761.0,Del0.8,0.12
X-3870,TTTY4,114761.0,Del0.8,0.07
X-3870,TTTY5,83863.0,Del0.8,0.21
X-3870,TTTY6,84672.0,Del0.8,0.21
X-3870,TTTY6,84672.0,Del0.8,0.21
X-3870,TTTY7,246122.0,Del0.8,0.26
X-3870,TTTY7,246122.0,Del0.8,0.21
X-3870,TTTY7B,100101120.0,Del0.8,0.26
X-3870,TTTY7B,100101120.0,Del0.8,0.21
X-3870,TTTY8,84673.0,Del0.8,0.21
X-3870,TTTY8,84673.0,Del0.8,0.26
X-3870,TTTY9A,83864.0,Del0.8,0.21
X-3870,TTTY9A,83864.0,Del0.8,0.21
X-3870,TXLNG2P,246126.0,Del0.8,0.21
X-3870,UBE2O,63893.0,MutNovel,"N1010H,0.441"
X-3870,UCP2,7351.0,MutNovel,"R96G,0.487"
X-3870,UNC13D,201294.0,MutNovel,"R727Q,0.548"
X-3870,USP19,10869.0,MutNovel,"L138V,0.531"
X-3870,USP9Y,8287.0,Del0.8,0.21
X-3870,UTY,7404.0,Del0.8,0.21
X-3870,VCY,9084.0,Del0.8,0.21
X-3870,VCY,9084.0,Del0.8,0.21
X-3870,WDR60,55112.0,MutNovel,"A609V,1.000"
X-3870,WDR78,79819.0,MutNovel,"N790K,1.000"
X-3870,WDR81,124997.0,MutNovel,"A911T,0.612"
X-3870,XKRY2,353515.0,Del0.8,0.21
X-3870,XKRY2,353515.0,Del0.8,0.21
X-3870,ZBTB40,9923.0,MutNovel,"A131E,0.489"
X-3870,ZFHX3,463.0,MutNovel,"G3517D,0.818"
X-3870,ZFY,7544.0,Del0.8,0.26
X-3870,ZNF219,51222.0,MutNovel,"QPP233P,0.316"
X-3870,ZNF225,7768.0,MutNovel,"N473K,0.231"
X-3870,ZNF385B,151126.0,Del0.8,0.68
X-3870,ZNF440,126070.0,MutNovel,"K282E,0.525"
X-3870,ZNF785,146540.0,MutNovel,"R395P,0.582"
X-3870,ZNF812,729648.0,MutNovel,"A416S,1.000"
X-3870,ZNF888,,MutNovel,"Q450P,1.000"
X-3870,ZNHIT1,10467.0,MutNovel,"L88F,0.996"
X-3901,ABR,29.0,Amp5,7.26
X-3901,ACADVL,37.0,Amp8,8.11
X-3901,ACAP1,9744.0,Amp5,5.13
X-3901,ACOT11,26027.0,MutNovel,"R359H,0.563"
X-3901,ADIPOR2,79602.0,Amp5,5.35
X-3901,AHNAK2,113146.0,MutNovel,"L2911N,0.364"
X-3901,AIPL1,23746.0,Amp5,5.06
X-3901,ALOX12,239.0,Amp8,8.11
X-3901,ALOX12P2,245.0,Amp8,8.11
X-3901,ALOX15,246.0,Amp5,6.59
X-3901,AMELY,266.0,Del0.8,0.36
X-3901,ANKFY1,51479.0,Amp5,6.59
X-3901,ANKRD36,375248.0,MutNovel,"T998S,0.600"
X-3901,ARL13B,200894.0,MutNovel,"N277T,0.625"
X-3901,ASGR1,432.0,Amp8,8.11
X-3901,ASGR2,433.0,Amp8,8.11
X-3901,ASPA,443.0,Amp5,6.59
X-3901,ATE1,11101.0,Del0.8,0.78
X-3901,ATP2A3,489.0,Amp5,6.59
X-3901,ATPAF2,91647.0,Del0.8,0.74
X-3901,AXL,558.0,MutNovel,"G508S,0.281"
X-3901,B4GALNT3,283358.0,Amp5,5.35
X-3901,BCL6B,255877.0,Amp8,8.11
X-3901,BCORP1,286554.0,Del0.8,0.32
X-3901,BHLHA9,727857.0,Amp8,8.63
X-3901,BHMT,635.0,MutNovel,"P273S,0.500"
X-3901,BPY2B,442867.0,Del0.8,0.18
X-3901,BPY2B,442867.0,Del0.8,0.11
X-3901,BTNL3,10917.0,MutNovel,"H311G,0.870"
X-3901,BUB1B,701.0,MutNovel,"G9D,0.531"
X-3901,C12orf32,83695.0,Amp5,5.13
X-3901,C16orf86,388284.0,MutNovel,"C252Y,1.000"
X-3901,C16orf93,90835.0,MutNovel,"G160R,0.889"
X-3901,C17orf100,388327.0,Amp8,8.11
X-3901,C17orf39,79018.0,Del0.8,0.59
X-3901,C17orf61,254863.0,Amp8,8.17
X-3901,C17orf61-PLSCR3,100529211.0,Amp8,8.17
X-3901,C17orf74,201243.0,Amp8,8.17
X-3901,C17orf81,23587.0,Amp8,8.11
X-3901,C17orf85,55421.0,Amp5,6.59
X-3901,C19orf71,100128569.0,MutNovel,"P194L,0.429"
X-3901,C20orf132,140699.0,MutNovel,"A232V,0.600"
X-3901,CACNA2D4,93589.0,Amp5,5.35
X-3901,CAMKK1,84254.0,Amp5,6.59
X-3901,CAND2,23066.0,MutNovel,"A810V,0.385"
X-3901,CBWD6,644019.0,MutKnownFunctional,"-259?,0.455"
X-3901,CCDC42,146849.0,Amp5,6.82
X-3901,CCDC77,84318.0,Amp5,5.35
X-3901,CDY1B,253175.0,Del0.8,0.32
X-3901,CDY1B,253175.0,Del0.8,0.19
X-3901,CDY2A,9426.0,Del0.8,0.34
X-3901,CDY2A,9426.0,Del0.8,0.34
X-3901,CDY2B,203611.0,Del0.8,0.34
X-3901,CDY2B,203611.0,Del0.8,0.34
X-3901,CEP85,64793.0,MutNovel,"R528T,0.811"
X-3901,CHRNB1,1140.0,Amp8,8.17
X-3901,CLDN7,1366.0,Amp8,8.11
X-3901,CLEC10A,10462.0,Amp8,8.11
X-3901,CRK,1398.0,Amp8,8.63
X-3901,CSPG4P1Y,114758.0,Del0.8,0.32
X-3901,CSPG4P1Y,114758.0,Del0.8,0.4
X-3901,CTDNEP1,23399.0,Amp8,8.11
X-3901,CTNS,1497.0,Amp5,6.59
X-3901,CYB5D2,124936.0,Amp5,6.59
X-3901,DAZ1,1617.0,Del0.8,0.32
X-3901,DAZ2,57055.0,Del0.8,0.2
X-3901,DAZ3,57054.0,Del0.8,0.11
X-3901,DAZ3,57054.0,Del0.8,0.18
X-3901,DAZ4,57135.0,Del0.8,0.15
X-3901,DAZ4,57135.0,Del0.8,0.22
X-3901,DBIL5P,100131454.0,Amp5,6.77
X-3901,DCP1B,196513.0,Amp5,5.35
X-3901,DDX3Y,8653.0,Del0.8,0.34
X-3901,DLG4,1742.0,Amp8,8.11
X-3901,DMBT1,1755.0,MutNovel,"P357S,0.639"
X-3901,DMBT1,1755.0,MutNovel,"P856Y,0.495"
X-3901,DMBT1,1755.0,MutNovel,"E1375K,0.500"
X-3901,DMBT1,1755.0,MutNovel,"H1732S,0.333"
X-3901,DMPK,1760.0,MutNovel,"T544M,0.368"
X-3901,DPH1,1801.0,Amp8,8.63
X-3901,DVL2,1856.0,Amp8,8.11
X-3901,EFCAB4B,84766.0,Amp5,5.13
X-3901,EGF,1950.0,MutNovel,"P244R,0.586"
X-3901,EIF1AY,9086.0,Del0.8,0.32
X-3901,EIF3E,3646.0,MutNovel,"A160G,0.703"
X-3901,EIF5A,1984.0,Amp8,8.11
X-3901,EMBP1,647121.0,Amp5,5.31
X-3901,ERC1,23085.0,Amp5,5.35
X-3901,ESCO2,157570.0,MutNovel,"I102V,1.000"
X-3901,FAM101B,359845.0,Amp5,6.77
X-3901,FAM171B,165215.0,MutNovel,"-50Q,0.500"
X-3901,FAM197Y2P,252946.0,Del0.8,0.11
X-3901,FAM41AY1,340618.0,Del0.8,0.34
X-3901,FAM41AY1,340618.0,Del0.8,0.34
X-3901,FAM57A,79850.0,Amp5,6.77
X-3901,FAM64A,54478.0,Amp8,8.11
X-3901,FANCI,55215.0,MutNovel,"P684L,0.318"
X-3901,FBXL14,144699.0,Amp5,5.35
X-3901,FBXO39,162517.0,Amp8,8.11
X-3901,FGF11,2256.0,Amp8,8.17
X-3901,FKBP4,2288.0,Amp5,5.13
X-3901,FLG,2312.0,MutNovel,"H2268R,0.600"
X-3901,FLG,2312.0,MutNovel,"E823D,0.300"
X-3901,FLG,2312.0,MutNovel,"V816G,0.273"
X-3901,FLOT1,10211.0,MutNovel,"R231Q,0.366"
X-3901,FOXM1,2305.0,Amp5,5.13
X-3901,FRG2,448831.0,MutNovel,"S8P,1.000"
X-3901,FRY,10129.0,MutNovel,"G444S,0.833"
X-3901,GABARAP,11337.0,Amp8,8.11
X-3901,GEMIN4,50628.0,Amp5,6.77
X-3901,GFPT1,2673.0,MutNovel,"R239Q,1.000"
X-3901,GGT6,124975.0,Amp5,6.59
X-3901,GIGYF2,26058.0,MutNovel,"PQ1231P,0.400"
X-3901,GLOD4,51031.0,Amp5,6.77
X-3901,GOLGA2P2Y,84559.0,Del0.8,0.32
X-3901,GOLGA2P2Y,84559.0,Del0.8,0.4
X-3901,GPC6,10082.0,MutNovel,"R555K,1.000"
X-3901,GPS2,2874.0,Amp5,6.45
X-3901,GSG2,83903.0,Amp5,6.59
X-3901,GYG2P1,352887.0,Del0.8,0.34
X-3901,HAGH,3029.0,MutNovel,"P213L,0.396"
X-3901,HEG1,57493.0,MutNovel,"G616R,0.303"
X-3901,HIC1,3090.0,Amp8,8.63
X-3901,HIRA,7290.0,MutNovel,"P849L,0.384"
X-3901,HLA-A,3105.0,MutNovel,"M213V,0.500"
X-3901,HLA-F,3134.0,MutNovel,"H137A,0.345"
X-3901,HLA-G,3135.0,MutNovel,"F10V,0.917"
X-3901,HMCN2,,MutNovel,"R2384H,1.000"
X-3901,HNRNPF,3185.0,MutNovel,"A216V,0.373"
X-3901,HSFY2,159119.0,Del0.8,0.34
X-3901,HSFY2,159119.0,Del0.8,0.13
X-3901,INPP5K,51763.0,Amp8,8.63
X-3901,IQSEC3,440073.0,Amp5,5.35
X-3901,ITFG2,55846.0,Amp5,5.13
X-3901,ITGA3,3675.0,MutKnownFunctional,"Q155*,1.000"
X-3901,ITGAE,3682.0,Amp5,6.59
X-3901,KANK1,23189.0,Amp5,5.03
X-3901,KCNC4,3749.0,MutNovel,"S8P,0.500"
X-3901,KCTD11,147040.0,Amp5,5.13
X-3901,KDM5A,5927.0,Amp5,5.35
X-3901,KDM5D,8284.0,Del0.8,0.32
X-3901,KIAA0664,23277.0,Amp5,6.59
X-3901,KIAA0753,9851.0,Amp8,8.11
X-3901,KIAA0754,643314.0,MutNovel,"A1070P,0.750"
X-3901,KIAA0754,643314.0,MutNovel,"S1132F,0.429"
X-3901,KIAA0754,643314.0,MutNovel,"P1143S,0.522"
X-3901,KIAA1683,80726.0,MutNovel,"G1149S,1.000"
X-3901,KIF15,56992.0,MutNovel,"Y414C,0.545"
X-3901,KIF20B,9585.0,MutNovel,"R1230H,0.524"
X-3901,KIF20B,9585.0,MutNovel,"E1370D,0.754"
X-3901,KIFC2,90990.0,MutNovel,"R732C,1.000"
X-3901,KLRC3,3823.0,MutNovel,"W19S,1.000"
X-3901,LASP1,3927.0,MutNovel,"R144G,0.991"
X-3901,LOC100132247,100132247.0,MutNovel,"P1069R,0.455"
X-3901,LOC100271702,100271702.0,Amp5,5.35
X-3901,LOC100289187,100289187.0,MutNovel,"I92T,0.261"
X-3901,LOC100292680,100292680.0,Amp5,5.35
X-3901,LOC100506713,100506713.0,Amp8,8.11
X-3901,LOC100507424,100507424.0,Amp5,5.13
X-3901,LOC283440,283440.0,Amp5,5.13
X-3901,LOC284009,284009.0,Amp5,6.59
X-3901,LOC339166,339166.0,Amp5,5.06
X-3901,LOC574538,574538.0,Amp5,5.35
X-3901,LOC728888,,MutNovel,"P603R,0.333"
X-3901,LOC729974,,MutNovel,"A137T,0.292"
X-3901,LOC729974,,MutNovel,"N239Y,1.000"
X-3901,LRTM2,654429.0,Amp5,5.35
X-3901,MAP2K4,6416.0,Del0.8,0.54
X-3901,MCM9,254394.0,MutNovel,"R666W,0.211"
X-3901,MED31,51003.0,Amp8,8.11
X-3901,MESDC1,59274.0,MutNovel,"R79W,0.250"
X-3901,METTL16,79066.0,Amp5,6.59
X-3901,MFSD6L,162387.0,Amp5,6.82
X-3901,MGAT4B,11282.0,MutNovel,"D263N,0.631"
X-3901,MIR1253,100302208.0,Amp5,6.59
X-3901,MIR132,406921.0,Amp8,8.63
X-3901,MIR212,406994.0,Amp8,8.63
X-3901,MIR22,407004.0,Amp8,8.63
X-3901,MIR22HG,84981.0,Amp8,8.63
X-3901,MIR3183,100422835.0,Amp5,6.77
X-3901,MIR324,442898.0,Amp8,8.11
X-3901,MIR3649,100500816.0,Amp5,5.35
X-3901,MIR3941,100500866.0,Del0.8,0.62
X-3901,MIR4520A,100616401.0,Amp8,8.11
X-3901,MIR4520B,100616466.0,Amp8,8.11
X-3901,MIR497,574456.0,Amp8,8.11
X-3901,MIR497HG,100506755.0,Amp8,8.11
X-3901,MIR744,100126313.0,Del0.8,0.2
X-3901,MKI67IP,84365.0,MutNovel,"P122L,1.000"
X-3901,MNT,4335.0,Amp5,6.59
X-3901,MYBBP1A,10514.0,Amp5,6.59
X-3901,MYH7,4625.0,MutNovel,"A100T,0.505"
X-3901,MYH8,4626.0,MutNovel,"R1637H,0.997"
X-3901,MYO1C,4641.0,Amp8,8.63
X-3901,NBPF1,55672.0,MutNovel,"Q569L,0.250"
X-3901,NBPF10,100132406.0,MutKnownFunctional,"G3548*,0.267"
X-3901,NCOR2,9612.0,MutNovel,"G1839GAAA,0.320"
X-3901,NCRNA00185,55410.0,Del0.8,0.32
X-3901,NEB,4703.0,MutNovel,"P1556S,1.000"
X-3901,NEURL4,84461.0,Amp5,5.13
X-3901,NFAT5,10725.0,MutNovel,"Q898-,0.889"
X-3901,NINJ2,4815.0,Amp5,5.35
X-3901,NLGN2,57555.0,Amp8,8.17
X-3901,NLGN4Y,22829.0,Del0.8,0.34
X-3901,NRIP2,83714.0,Amp5,5.13
X-3901,NXN,64359.0,Amp5,6.77
X-3901,OBSCN,84033.0,MutNovel,"P5821L,0.540"
X-3901,OR1A1,8383.0,Amp5,6.59
X-3901,OR1A2,26189.0,Amp5,6.59
X-3901,OR1D2,4991.0,Amp5,6.59
X-3901,OR1D4,653166.0,Amp5,6.59
X-3901,OR1D5,8386.0,Amp5,6.59
X-3901,OR1E1,8387.0,Amp5,6.59
X-3901,OR1E2,8388.0,Amp5,6.59
X-3901,OR1G1,8390.0,Amp5,6.59
X-3901,OR3A1,4994.0,Amp5,6.59
X-3901,OR3A2,4995.0,Amp5,6.59
X-3901,OR3A3,8392.0,Amp5,6.59
X-3901,OR3A4P,390756.0,Amp5,6.59
X-3901,OVCA2,124641.0,Amp8,8.63
X-3901,P2RX1,5023.0,Amp5,6.59
X-3901,P2RX5,5026.0,Amp5,6.59
X-3901,P2RX5-TAX1BP3,100533970.0,Amp5,6.59
X-3901,PAFAH1B1,5048.0,Amp5,6.59
X-3901,PARP11,57097.0,Amp5,5.13
X-3901,PCDH11Y,83259.0,Del0.8,0.53
X-3901,PELP1,27043.0,Amp5,6.59
X-3901,PGBD1,84547.0,MutNovel,"R239Q,0.500"
X-3901,PHF23,79142.0,Amp8,8.11
X-3901,PHLDA1,22822.0,MutNovel,"QQ194Q,0.579"
X-3901,PIK3R6,146850.0,Amp5,6.82
X-3901,PITPNA,5306.0,Amp8,8.63
X-3901,PITPNM3,83394.0,Amp8,8.11
X-3901,PLEKHA1,59338.0,Del0.8,0.77
X-3901,PLSCR3,57048.0,Amp8,8.17
X-3901,POGZ,23126.0,MutNovel,"G859D,0.232"
X-3901,POLR2A,5430.0,Amp8,8.17
X-3901,PRKY,5616.0,Del0.8,0.36
X-3901,PRMT8,56341.0,Amp5,5.13
X-3901,PRPF8,10594.0,Amp8,8.63
X-3901,PRY,9081.0,Del0.8,0.32
X-3901,PRY,9081.0,Del0.8,0.32
X-3901,PRY2,442862.0,Del0.8,0.32
X-3901,PRY2,442862.0,Del0.8,0.32
X-3901,PSG11,5680.0,MutNovel,"L20V,0.294"
X-3901,RAD52,5893.0,Amp5,5.35
X-3901,RAP1GAP2,23108.0,Amp5,6.59
X-3901,RBM15B,29890.0,MutNovel,"T617A,0.373"
X-3901,RBMY1A3P,286557.0,Del0.8,0.36
X-3901,RBMY1B,378948.0,Del0.8,0.32
X-3901,RBMY1B,378948.0,Del0.8,0.32
X-3901,RBMY1E,378950.0,Del0.8,0.32
X-3901,RBMY1E,378950.0,Del0.8,0.32
X-3901,RBMY1F,159163.0,Del0.8,0.32
X-3901,RBMY1F,159163.0,Del0.8,0.32
X-3901,RBMY1J,378951.0,Del0.8,0.32
X-3901,RBMY1J,378951.0,Del0.8,0.32
X-3901,RBMY2EP,159125.0,Del0.8,0.32
X-3901,RBMY2FP,159162.0,Del0.8,0.32
X-3901,RBMY3AP,64593.0,Del0.8,0.34
X-3901,RFPL4A,342931.0,MutNovel,"A137T,0.562"
X-3901,RILP,83547.0,Amp8,8.63
X-3901,RNASEK-C17ORF49,100529209.0,Amp8,8.11
X-3901,RNMTL1,55178.0,Amp5,6.77
X-3901,RPA1,6117.0,Amp8,8.63
X-3901,RPS4Y1,6192.0,Del0.8,0.53
X-3901,RPS4Y2,140032.0,Del0.8,0.32
X-3901,RTN4RL1,146760.0,Amp8,8.63
X-3901,SCARF1,8578.0,Amp8,8.63
X-3901,SCN5A,6331.0,MutNovel,"R53Q,0.672"
X-3901,SERINC2,347735.0,MutNovel,"-373Q,0.704"
X-3901,SERPINF1,5176.0,Amp8,8.63
X-3901,SERPINF2,5345.0,Amp8,8.63
X-3901,SGSM2,9905.0,Amp5,7.52
X-3901,SH2B3,10019.0,MutNovel,"E78K,0.625"
X-3901,SHPK,23729.0,Amp5,6.59
X-3901,SIRPB1,10326.0,Amp5,6.92
X-3901,SLC13A5,284111.0,Amp8,8.11
X-3901,SLC16A11,162515.0,Amp8,8.11
X-3901,SLC16A13,201232.0,Amp8,8.11
X-3901,SLC24A3,57419.0,MutNovel,"E406Q,0.545"
X-3901,SLC2A4,6517.0,Amp8,8.11
X-3901,SLC35G6,643664.0,Amp8,8.17
X-3901,SLC43A2,124935.0,Amp8,8.63
X-3901,SLC5A2,6524.0,MutNovel,"Q578L,0.212"
X-3901,SLC6A12,6539.0,Amp5,5.35
X-3901,SLC6A13,6540.0,Amp5,5.35
X-3901,SMG6,23293.0,Amp8,8.63
X-3901,SMTNL2,342527.0,Amp5,6.59
X-3901,SMYD4,114826.0,Amp8,8.63
X-3901,SNORD91A,692207.0,Amp8,8.63
X-3901,SNORD91B,692208.0,Amp8,8.63
X-3901,SPATA22,84690.0,Amp5,6.59
X-3901,SPDYE4,388333.0,Amp5,6.82
X-3901,SPEM1,374768.0,Amp8,8.17
X-3901,SPNS2,124976.0,Amp5,6.59
X-3901,SPNS3,201305.0,Amp5,6.59
X-3901,SRFBP1,153443.0,MutKnownFunctional,"-234?,0.267"
X-3901,SRR,63826.0,Amp8,8.63
X-3901,SRY,6736.0,Del0.8,0.53
X-3901,TAX1BP3,30851.0,Amp5,6.59
X-3901,TBL1Y,90665.0,Del0.8,0.36
X-3901,TEAD4,7004.0,Amp5,5.13
X-3901,TEKT1,83659.0,Amp8,8.11
X-3901,TFRC,7037.0,MutNovel,"T229A,0.358"
X-3901,TGIF2LY,90655.0,Del0.8,0.53
X-3901,TIMELESS,8914.0,MutNovel,"R753C,0.744"
X-3901,TIMM22,29928.0,Amp5,6.77
X-3901,TLCD2,727910.0,Amp8,8.63
X-3901,TMEM102,284114.0,Amp8,8.17
X-3901,TMEM171,134285.0,MutNovel,"L32-,0.383"
X-3901,TMEM241,85019.0,MutNovel,"Y84C,1.000"
X-3901,TMEM95,339168.0,Amp5,5.13
X-3901,TMSB4Y,9087.0,Del0.8,0.34
X-3901,TNK1,8711.0,Amp8,8.17
X-3901,TP53,7157.0,MutKnownFunctional,"-209,0.900"
X-3901,TRIP10,9322.0,MutNovel,"R196H,0.844"
X-3901,TRPV1,7442.0,Amp5,6.59
X-3901,TRPV3,162514.0,Amp5,6.59
X-3901,TSPAN9,10867.0,Amp5,5.13
X-3901,TSPY1,7258.0,Del0.8,0.11
X-3901,TSPY2,64591.0,Del0.8,0.18
X-3901,TSPY3,728137.0,Del0.8,0.11
X-3901,TSPY4,728395.0,Del0.8,0.11
X-3901,TSPY8,728403.0,Del0.8,0.11
X-3901,TSPYL1,7259.0,MutNovel,"V176VW,0.329"
X-3901,TSR1,55720.0,Amp8,8.63
X-3901,TTN,7273.0,MutNovel,"A12528V,0.385"
X-3901,TTN,7273.0,MutNovel,"A12417T,0.391"
X-3901,TTTY10,246119.0,Del0.8,0.32
X-3901,TTTY11,83866.0,Del0.8,0.36
X-3901,TTTY12,83867.0,Del0.8,0.36
X-3901,TTTY13,83868.0,Del0.8,0.32
X-3901,TTTY14,83869.0,Del0.8,0.32
X-3901,TTTY15,64595.0,Del0.8,0.34
X-3901,TTTY16,252948.0,Del0.8,0.36
X-3901,TTTY17A,252949.0,Del0.8,0.4
X-3901,TTTY17A,252949.0,Del0.8,0.32
X-3901,TTTY18,252950.0,Del0.8,0.36
X-3901,TTTY19,252952.0,Del0.8,0.36
X-3901,TTTY1B,100101116.0,Del0.8,0.18
X-3901,TTTY1B,100101116.0,Del0.8,0.34
X-3901,TTTY2,60439.0,Del0.8,0.18
X-3901,TTTY2,60439.0,Del0.8,0.34
X-3901,TTTY20,252951.0,Del0.8,0.2
X-3901,TTTY21,252953.0,Del0.8,0.34
X-3901,TTTY21,252953.0,Del0.8,0.36
X-3901,TTTY22,252954.0,Del0.8,0.34
X-3901,TTTY23,252955.0,Del0.8,0.34
X-3901,TTTY23,252955.0,Del0.8,0.18
X-3901,TTTY3,114760.0,Del0.8,0.19
X-3901,TTTY3,114760.0,Del0.8,0.32
X-3901,TTTY4,114761.0,Del0.8,0.11
X-3901,TTTY4,114761.0,Del0.8,0.18
X-3901,TTTY5,83863.0,Del0.8,0.32
X-3901,TTTY6,84672.0,Del0.8,0.32
X-3901,TTTY6,84672.0,Del0.8,0.32
X-3901,TTTY7,246122.0,Del0.8,0.34
X-3901,TTTY7,246122.0,Del0.8,0.36
X-3901,TTTY7B,100101120.0,Del0.8,0.34
X-3901,TTTY7B,100101120.0,Del0.8,0.36
X-3901,TTTY8,84673.0,Del0.8,0.36
X-3901,TTTY8,84673.0,Del0.8,0.34
X-3901,TTTY9A,83864.0,Del0.8,0.13
X-3901,TTTY9A,83864.0,Del0.8,0.34
X-3901,TUBGCP6,85378.0,MutNovel,"R1453W,0.878"
X-3901,TULP3,7289.0,Amp5,5.13
X-3901,TUSC5,286753.0,Amp8,8.63
X-3901,TXLNG2P,246126.0,Del0.8,0.32
X-3901,TXNDC17,84817.0,Amp8,8.11
X-3901,UBE2G1,7326.0,Amp5,6.59
X-3901,USP36,57602.0,MutNovel,"KKK958K,0.747"
X-3901,USP9Y,8287.0,Del0.8,0.34
X-3901,UTY,7404.0,MutNovel,"G997D,0.600"
X-3901,UTY,7404.0,MutNovel,"N1037R,0.235"
X-3901,UTY,7404.0,MutNovel,"E1035K,0.211"
X-3901,UTY,7404.0,MutNovel,"L1033C,0.250"
X-3901,UTY,7404.0,MutNovel,"FS1028LE,0.250"
X-3901,UTY,7404.0,MutNovel,"L1021Q,0.250"
X-3901,UTY,7404.0,MutNovel,"CT1004YL,0.333"
X-3901,UTY,7404.0,MutNovel,"FC1003TS,0.409"
X-3901,UTY,7404.0,MutNovel,"HQ1001QT,0.364"
X-3901,UTY,7404.0,MutNovel,"C962S,0.528"
X-3901,UTY,7404.0,MutNovel,"L952S,0.394"
X-3901,UTY,7404.0,MutNovel,"L952M,0.529"
X-3901,UTY,7404.0,MutNovel,"GL951FM,0.529"
X-3901,UTY,7404.0,MutNovel,"KN949NA,0.353"
X-3901,UTY,7404.0,MutNovel,"K949P,0.242"
X-3901,UTY,7404.0,MutNovel,"PG947SS,0.308"
X-3901,UTY,7404.0,MutNovel,"N946K,0.424"
X-3901,UTY,7404.0,MutNovel,"G904R,0.216"
X-3901,UTY,7404.0,MutNovel,"EG901GQ,0.222"
X-3901,UTY,7404.0,MutNovel,"GE900FK,0.211"
X-3901,UTY,7404.0,MutNovel,"S548A,0.368"
X-3901,UTY,7404.0,MutNovel,"LE546FS,0.350"
X-3901,UTY,7404.0,MutNovel,"QL545LL,0.412"
X-3901,UTY,7404.0,MutNovel,"E544A,0.474"
X-3901,UTY,7404.0,MutNovel,"H541C,0.400"
X-3901,UTY,7404.0,MutKnownFunctional,"QK539Q*,0.381"
X-3901,UTY,7404.0,MutKnownFunctional,"PA537Q*,0.400"
X-3901,UTY,7404.0,MutNovel,"NP536RT,0.350"
X-3901,UTY,7404.0,MutNovel,"L535S,0.350"
X-3901,UTY,7404.0,MutNovel,"DN533LY,0.333"
X-3901,UTY,7404.0,MutNovel,"T518L,0.370"
X-3901,UTY,7404.0,MutKnownFunctional,"S505*,0.273"
X-3901,UTY,7404.0,MutNovel,"S505Q,0.348"
X-3901,UTY,7404.0,MutNovel,"N374Y,0.371"
X-3901,UTY,7404.0,MutNovel,"L373A,0.471"
X-3901,UTY,7404.0,MutNovel,"Y372N,0.500"
X-3901,UTY,7404.0,MutNovel,"CY371YN,0.500"
X-3901,UTY,7404.0,MutNovel,"I369S,0.500"
X-3901,UTY,7404.0,MutNovel,"I369C,0.500"
X-3901,UTY,7404.0,MutNovel,"D367H,0.455"
X-3901,UTY,7404.0,MutNovel,"QD366GH,0.455"
X-3901,UTY,7404.0,MutKnownFunctional,"NQ363S*,0.471"
X-3901,UTY,7404.0,MutNovel,"C362N,0.455"
X-3901,UTY,7404.0,MutNovel,"S361R,0.441"
X-3901,UTY,7404.0,MutKnownFunctional,"YE359Y*,0.419"
X-3901,UTY,7404.0,MutNovel,"G356C,0.448"
X-3901,UTY,7404.0,MutNovel,"M353R,0.433"
X-3901,UTY,7404.0,MutKnownFunctional,"W352*,0.567"
X-3901,UTY,7404.0,MutNovel,"W352Q,0.567"
X-3901,UTY,7404.0,MutNovel,"QL343HW,0.435"
X-3901,UTY,7404.0,MutNovel,"Q343E,0.391"
X-3901,UTY,7404.0,MutKnownFunctional,"A337*,0.412"
X-3901,UTY,7404.0,MutNovel,"Q336E,0.267"
X-3901,UTY,7404.0,MutNovel,"M332Q,0.267"
X-3901,UTY,7404.0,MutNovel,"P331S,0.267"
X-3901,UTY,7404.0,MutNovel,"Q328S,0.250"
X-3901,UTY,7404.0,MutKnownFunctional,"YQ325**,0.273"
X-3901,UTY,7404.0,MutNovel,"L324S,0.231"
X-3901,UTY,7404.0,MutNovel,"T317S,0.333"
X-3901,UTY,7404.0,MutNovel,"SA314RT,0.222"
X-3901,UTY,7404.0,MutNovel,"EA312IT,0.250"
X-3901,UTY,7404.0,MutKnownFunctional,"K310*,0.333"
X-3901,UTY,7404.0,MutNovel,"WY284YN,0.364"
X-3901,UTY,7404.0,MutNovel,"S283A,0.391"
X-3901,UTY,7404.0,MutNovel,"E275P,0.263"
X-3901,UTY,7404.0,MutKnownFunctional,"SL273*R,0.316"
X-3901,UTY,7404.0,MutNovel,"S273P,0.316"
X-3901,UTY,7404.0,MutNovel,"Q271A,0.316"
X-3901,UTY,7404.0,MutNovel,"KE262NS,0.235"
X-3901,UTY,7404.0,MutNovel,"A240P,0.235"
X-3901,UTY,7404.0,MutNovel,"K181I,0.229"
X-3901,UTY,7404.0,MutNovel,"DY179VH,0.219"
X-3901,UTY,7404.0,MutNovel,"N177L,0.216"
X-3901,UTY,7404.0,MutNovel,"VN176GH,0.235"
X-3901,UTY,7404.0,MutNovel,"M173L,0.312"
X-3901,UTY,7404.0,MutNovel,"LM172RL,0.312"
X-3901,UTY,7404.0,MutNovel,"G171V,0.310"
X-3901,UTY,7404.0,MutNovel,"G171M,0.310"
X-3901,UTY,7404.0,MutNovel,"R169I,0.296"
X-3901,UTY,7404.0,MutNovel,"H167W,0.250"
X-3901,UTY,7404.0,MutNovel,"AK163VV,0.320"
X-3901,UTY,7404.0,MutNovel,"A163P,0.400"
X-3901,UTY,7404.0,MutNovel,"RA162HP,0.400"
X-3901,UTY,7404.0,MutNovel,"F160H,0.211"
X-3901,UTY,7404.0,MutNovel,"P158L,0.333"
X-3901,UTY,7404.0,MutNovel,"D157F,0.364"
X-3901,UTY,7404.0,MutNovel,"YV155WI,0.417"
X-3901,UTY,7404.0,MutNovel,"L154S,0.440"
X-3901,UTY,7404.0,MutNovel,"DV152GI,0.400"
X-3901,UTY,7404.0,MutNovel,"QD151LC,0.500"
X-3901,UTY,7404.0,MutNovel,"FQ150LK,0.417"
X-3901,UTY,7404.0,MutNovel,"A149S,0.400"
X-3901,UTY,7404.0,MutNovel,"HW144QR,0.323"
X-3901,UTY,7404.0,MutNovel,"H144Q,0.387"
X-3901,UTY,7404.0,MutNovel,"H144G,0.387"
X-3901,UTY,7404.0,MutNovel,"Y139F,0.344"
X-3901,UTY,7404.0,MutNovel,"AA127EM,0.238"
X-3901,UTY,7404.0,MutNovel,"NA126RT,0.346"
X-3901,UTY,7404.0,MutNovel,"W124M,0.222"
X-3901,UTY,7404.0,MutKnownFunctional,"YS117*F,0.214"
X-3901,UTY,7404.0,MutNovel,"Y116S,0.333"
X-3901,UTY,7404.0,MutNovel,"L102R,0.214"
X-3901,UTY,7404.0,MutNovel,"AL45RI,0.375"
X-3901,UTY,7404.0,MutNovel,"RE43IL,0.467"
X-3901,UTY,7404.0,MutNovel,"V40F,0.312"
X-3901,UTY,7404.0,MutNovel,"T39C,0.500"
X-3901,UTY,7404.0,MutNovel,"L38R,0.500"
X-3901,UTY,7404.0,MutNovel,"SL37IW,0.500"
X-3901,UTY,7404.0,MutNovel,"V36E,0.357"
X-3901,UTY,7404.0,MutNovel,"E34D,0.300"
X-3901,UTY,7404.0,MutNovel,"EE32AW,0.273"
X-3901,UTY,7404.0,MutKnownFunctional,"SE31S*,0.417"
X-3901,UTY,7404.0,MutNovel,"E30V,0.273"
X-3901,UTY,7404.0,MutNovel,"R29C,0.357"
X-3901,UTY,7404.0,MutNovel,"R29C,0.357"
X-3901,UTY,7404.0,MutKnownFunctional,"KA26N*,0.308"
X-3901,UTY,7404.0,MutNovel,"GK25LE,0.267"
X-3901,UTY,7404.0,MutNovel,"E24L,0.235"
X-3901,UTY,7404.0,MutNovel,"E24Q,0.353"
X-3901,UTY,7404.0,MutNovel,"AE23QQ,0.353"
X-3901,UTY,7404.0,MutNovel,"M22F,0.286"
X-3901,UTY,7404.0,MutNovel,"K21S,0.286"
X-3901,UTY,7404.0,MutNovel,"A19K,0.286"
X-3901,UTY,7404.0,Del0.8,0.34
X-3901,VCY,9084.0,Del0.8,0.34
X-3901,VCY,9084.0,Del0.8,0.34
X-3901,VPS53,55275.0,Amp5,6.77
X-3901,WDR81,124997.0,Amp8,8.63
X-3901,WNK1,65125.0,Amp5,5.35
X-3901,WNT5B,81029.0,Amp5,5.35
X-3901,WSCD1,23302.0,Amp5,5.06
X-3901,XAF1,54739.0,Amp8,8.11
X-3901,XKRY2,353515.0,Del0.8,0.34
X-3901,XKRY2,353515.0,Del0.8,0.34
X-3901,YBX2,51087.0,Amp8,8.11
X-3901,YTHDF2,51441.0,MutKnownFunctional,"-175?,0.613"
X-3901,YWHAE,7531.0,Amp8,8.63
X-3901,ZBTB4,57659.0,Amp8,8.17
X-3901,ZC3H3,23144.0,MutNovel,"G605R,0.565"
X-3901,ZFY,7544.0,Del0.8,0.53
X-3901,ZNF219,51222.0,MutNovel,"QPP233P,0.273"
X-3901,ZNF418,147686.0,MutNovel,"H297Q,1.000"
X-3901,ZNF550,162972.0,MutNovel,"R263C,0.273"
X-3901,ZNF814,730051.0,MutNovel,"V282A,1.000"
X-3901,ZZEF1,23140.0,Amp5,6.59
X-3926,ACADSB,36.0,MutNovel,"I412M,0.269"
X-3926,ACP6,51205.0,MutNovel,"D231G,0.233"
X-3926,ACSL4,2182.0,Del0.8,0.74
X-3926,ACSS3,79611.0,MutNovel,"T138A,0.613"
X-3926,ACTL6A,86.0,MutNovel,"N383S,0.245"
X-3926,ACTRT1,139741.0,Del0.8,0.73
X-3926,AGFG2,3268.0,MutNovel,"G354S,0.516"
X-3926,AGTR2,186.0,Del0.8,0.74
X-3926,AIFM1,9131.0,Del0.8,0.73
X-3926,AKAP14,158798.0,Del0.8,0.74
X-3926,AKAP9,10142.0,MutNovel,"R3758H,0.524"
X-3926,ALG1,56052.0,MutKnownFunctional,"Q419*,0.485"
X-3926,ALG13,79868.0,Del0.8,0.74
X-3926,AMMECR1,9949.0,Del0.8,0.74
X-3926,AMOT,154796.0,Del0.8,0.74
X-3926,AMPD2,271.0,MutNovel,"N567S,0.209"
X-3926,ANKK1,255239.0,MutNovel,"L134P,0.312"
X-3926,APLN,8862.0,Del0.8,0.73
X-3926,APPL1,26060.0,MutNovel,"R705G,0.529"
X-3926,ARHGAP36,158763.0,Del0.8,0.73
X-3926,ARHGAP44,9912.0,MutNovel,"E131G,0.297"
X-3926,ARL10,285598.0,MutNovel,"I207F,0.444"
X-3926,ARL3,403.0,MutNovel,"VNA177A,0.510"
X-3926,ASPM,259266.0,MutNovel,"I3432N,0.566"
X-3926,ASPN,54829.0,MutNovel,"DE51E,0.613"
X-3926,ATG4A,115201.0,Del0.8,0.72
X-3926,ATMIN,23300.0,MutNovel,"N535D,0.978"
X-3926,ATP1B4,23439.0,Del0.8,0.74
X-3926,BAHCC1,57597.0,MutNovel,"T2268TS,0.365"
X-3926,BCORL1,63035.0,Del0.8,0.73
X-3926,BEX1,55859.0,Del0.8,0.74
X-3926,BEX2,84707.0,Del0.8,0.74
X-3926,BEX4,56271.0,Del0.8,0.74
X-3926,C1GALT1C1,29071.0,Del0.8,0.74
X-3926,C1orf198,84886.0,MutNovel,"Q116P,0.500"
X-3926,C21orf58,54058.0,MutNovel,"H299PN,0.714"
X-3926,C4orf21,55345.0,MutNovel,"M1179L,0.400"
X-3926,CACNA1E,777.0,MutNovel,"G1244A,0.585"
X-3926,CAPN6,827.0,Del0.8,0.74
X-3926,CBWD6,644019.0,MutKnownFunctional,"-259?,0.341"
X-3926,CC2D1B,200014.0,MutNovel,"E95Q,0.625"
X-3926,CCDC66,285331.0,MutNovel,"S606SP,0.556"
X-3926,CD63,967.0,MutNovel,"N118-,0.476"
X-3926,CDK16,5127.0,MutNovel,"L228Q,1.000"
X-3926,CFHR3,10878.0,MutNovel,"N108K,1.000"
X-3926,CHRDL1,91851.0,Del0.8,0.74
X-3926,CLDN2,9075.0,Del0.8,0.74
X-3926,CLEC16A,23274.0,MutNovel,"Y496S,0.533"
X-3926,COL4A5,1287.0,Del0.8,0.72
X-3926,COL4A6,1288.0,Del0.8,0.72
X-3926,COL5A3,50509.0,MutNovel,"G1124E,0.638"
X-3926,CRYBG3,,MutNovel,"T1907A,0.385"
X-3926,CSF1,1435.0,MutNovel,"G8R,0.455"
X-3926,CT47A1,728096.0,Del0.8,0.74
X-3926,CT47A10,728036.0,Del0.8,0.74
X-3926,CT47A6,728062.0,Del0.8,0.74
X-3926,CT47A7,653282.0,Del0.8,0.74
X-3926,CT47B1,643311.0,Del0.8,0.74
X-3926,CTAGE5,4253.0,MutNovel,"I45T,0.377"
X-3926,CTSA,5476.0,MutNovel,"L29-,0.882"
X-3926,CUL4B,8450.0,Del0.8,0.74
X-3926,CXADRP2,646243.0,Del0.8,0.69
X-3926,CXorf56,63932.0,Del0.8,0.74
X-3926,CXorf57,55086.0,Del0.8,0.74
X-3926,CXorf61,203413.0,Del0.8,0.74
X-3926,CXorf64,100130613.0,Del0.8,0.75
X-3926,CYC1,1537.0,MutNovel,"S182N,0.315"
X-3926,DAB2IP,153090.0,MutNovel,"A1111V,0.926"
X-3926,DCAF12L1,139170.0,Del0.8,0.75
X-3926,DCAF12L2,340578.0,Del0.8,0.75
X-3926,DCAF16,54876.0,MutNovel,"T183N,0.269"
X-3926,DCX,1641.0,Del0.8,0.74
X-3926,DICER1,23405.0,MutNovel,"K1391E,0.250"
X-3926,DKFZp686D0853,401613.0,Del0.8,0.74
X-3926,DOCK11,139818.0,Del0.8,0.74
X-3926,DROSHA,29102.0,MutNovel,"D973G,0.306"
X-3926,EIF3A,8661.0,MutNovel,"M762V,0.307"
X-3926,ELF4,2000.0,Del0.8,0.73
X-3926,ENOX2,10495.0,Del0.8,0.73
X-3926,ESX1,80712.0,Del0.8,0.74
X-3926,FAM106A,80039.0,Del0.8,0.57
X-3926,FAM171B,165215.0,MutNovel,"-44QQ,0.389"
X-3926,FAM173A,65990.0,MutNovel,"G202A,0.344"
X-3926,FAM199X,139231.0,Del0.8,0.74
X-3926,FAM45B,55855.0,Del0.8,0.73
X-3926,FAM70A,55026.0,Del0.8,0.74
X-3926,FAM83H,286077.0,MutNovel,"R834C,0.700"
X-3926,FAM86C1,55199.0,MutNovel,"Y69N,0.533"
X-3926,FBRSL1,57666.0,MutNovel,"GLGRER882G,0.323"
X-3926,FICD,11153.0,MutNovel,"V290M,0.323"
X-3926,FOXP4,116113.0,MutNovel,"Q180R,0.347"
X-3926,FRMD7,90167.0,Del0.8,0.73
X-3926,GBAS,2631.0,MutNovel,"R7S,0.281"
X-3926,GGTLC2,91227.0,MutNovel,"A52T,1.000"
X-3926,GIGYF2,26058.0,MutNovel,"PQ1231P,0.286"
X-3926,GLRA4,441509.0,Del0.8,0.74
X-3926,GLUD2,2747.0,Del0.8,0.74
X-3926,GNS,2799.0,MutNovel,"K180R,0.472"
X-3926,GOLGA6A,342096.0,MutNovel,"V652D,1.000"
X-3926,GOLGA6L1,283767.0,Del0.8,0.69
X-3926,GOLGA8A,23015.0,Del0.8,0.75
X-3926,GOLGA8B,440270.0,Del0.8,0.65
X-3926,GOLGA8DP,100132979.0,Del0.8,0.69
X-3926,GPR112,139378.0,MutNovel,"D2656-,1.000"
X-3926,GPR119,139760.0,Del0.8,0.73
X-3926,GPR137C,283554.0,MutNovel,"S27V,0.615"
X-3926,GRIA3,2892.0,Del0.8,0.75
X-3926,GRIP2,80852.0,MutKnownFunctional,"-437?,0.833"
X-3926,GSTM1,2944.0,Del0.8,0.78
X-3926,GSTT2,2953.0,Del0.8,0.8
X-3926,GUCY2F,2986.0,Del0.8,0.74
X-3926,H2BFXP,767811.0,Del0.8,0.74
X-3926,H2BFXP,767811.0,Del0.8,0.74
X-3926,HLA-DPB1,3115.0,MutNovel,"G113V,0.506"
X-3926,HLA-G,3135.0,MutNovel,"W121R,1.000"
X-3926,HS6ST2,90161.0,Del0.8,0.73
X-3926,HTR2C,3358.0,Del0.8,0.74
X-3926,HYDIN,54768.0,MutNovel,"G2557E,1.000"
X-3926,IGSF1,3547.0,Del0.8,0.73
X-3926,IL13RA1,3597.0,Del0.8,0.74
X-3926,IL13RA2,3598.0,Del0.8,0.74
X-3926,IL1RAPL2,26280.0,Del0.8,0.74
X-3926,IPO7,10527.0,MutNovel,"Q187H,0.507"
X-3926,IRS4,8471.0,Del0.8,0.72
X-3926,IWS1,55677.0,MutNovel,"R412H,0.459"
X-3926,KBTBD4,55709.0,MutNovel,"T245K,0.491"
X-3926,KCNE1L,23630.0,Del0.8,0.74
X-3926,KDM1A,23028.0,MutNovel,"G46S,0.489"
X-3926,KDM2B,84678.0,MutNovel,"Q1253R,0.647"
X-3926,KIAA1210,57481.0,Del0.8,0.74
X-3926,KIAA1683,80726.0,MutNovel,"R1131C,0.852"
X-3926,KLHDC4,54758.0,MutNovel,"Y250C,0.375"
X-3926,KLHL13,90293.0,Del0.8,0.74
X-3926,LAMP2,3920.0,Del0.8,0.74
X-3926,LGALS9C,654346.0,Del0.8,0.57
X-3926,LHFPL1,340596.0,Del0.8,0.74
X-3926,LOC100129520,100129520.0,Del0.8,0.75
X-3926,LOC100996256,,MutNovel,"GA63A,0.368"
X-3926,LOC286437,286437.0,Del0.8,0.74
X-3926,LOC286467,286467.0,Del0.8,0.73
X-3926,LOC340544,340544.0,Del0.8,0.74
X-3926,LOC348120,348120.0,Del0.8,0.69
X-3926,LOC646214,646214.0,Del0.8,0.69
X-3926,LOC727924,727924.0,Del0.8,0.69
X-3926,LONRF3,79836.0,Del0.8,0.74
X-3926,LRCH2,57631.0,Del0.8,0.74
X-3926,LRRFIP1,9208.0,Amp5,5.43
X-3926,LSR,51599.0,MutNovel,"G518GR,0.857"
X-3926,LUZP4,51213.0,Del0.8,0.74
X-3926,MAGEF1,64110.0,MutKnownFunctional,"-18?,0.508"
X-3926,MAGOH,4116.0,MutNovel,"F141L,0.453"
X-3926,MAP3K6,9064.0,MutNovel,"S1149R,0.564"
X-3926,MBNL3,55796.0,Del0.8,0.73
X-3926,MCTS1,28985.0,Del0.8,0.74
X-3926,MID2,11043.0,Del0.8,0.72
X-3926,MIR1233-1,100302160.0,Del0.8,0.73
X-3926,MIR1264,100302251.0,Del0.8,0.74
X-3926,MIR1277,100302214.0,Del0.8,0.74
X-3926,MIR1298,100302153.0,Del0.8,0.74
X-3926,MIR1911,100302222.0,Del0.8,0.74
X-3926,MIR1912,100302144.0,Del0.8,0.74
X-3926,MIR3978,100616491.0,Del0.8,0.74
X-3926,MIR4329,100423009.0,Del0.8,0.74
X-3926,MIR448,554212.0,Del0.8,0.74
X-3926,MIR764,100313838.0,Del0.8,0.74
X-3926,MIR766,768218.0,Del0.8,0.74
X-3926,MIR891A,100126341.0,Del0.8,0.31
X-3926,MLPH,79083.0,Amp5,5.43
X-3926,MLST8,64223.0,MutNovel,"L325M,0.526"
X-3926,MOB1A,55233.0,MutNovel,"V138A,0.277"
X-3926,MORC4,79710.0,Del0.8,0.74
X-3926,MORF4L1,10933.0,MutNovel,"S53N,0.231"
X-3926,MORF4L2,9643.0,Del0.8,0.74
X-3926,MPRIP,23164.0,MutNovel,"TS178T,0.226"
X-3926,MRPS28,28957.0,MutNovel,"A49P,0.529"
X-3926,MST1,4485.0,MutNovel,"R513G,0.250"
X-3926,MST4,51765.0,Del0.8,0.73
X-3926,MT1B,4490.0,MutNovel,"A42S,1.000"
X-3926,MUM1L1,139221.0,Del0.8,0.74
X-3926,MYB,4602.0,MutNovel,"K310E,0.909"
X-3926,NBEAP1,606.0,Del0.8,0.69
X-3926,NBPF10,100132406.0,MutNovel,"D1405E,1.000"
X-3926,NBPF12,,MutNovel,"D440G,0.625"
X-3926,NBPF9,400818.0,MutNovel,"A127V,0.222"
X-3926,NCOR2,9612.0,MutNovel,"G1839GAAA,0.531"
X-3926,NCOR2,9612.0,MutNovel,"-511S,0.222"
X-3926,NDUFA1,4694.0,Del0.8,0.74
X-3926,NF1P2,440225.0,Del0.8,0.69
X-3926,NGFRAP1,27018.0,Del0.8,0.74
X-3926,NKAP,79576.0,Del0.8,0.74
X-3926,NKAPP1,158801.0,Del0.8,0.74
X-3926,NKRF,55922.0,Del0.8,0.74
X-3926,NR1H2,7376.0,MutNovel,"-173Q,0.382"
X-3926,NRK,203447.0,Del0.8,0.74
X-3926,NUCB1,4924.0,MutNovel,"H423Q,0.533"
X-3926,NUP62CL,54830.0,Del0.8,0.74
X-3926,NVL,4931.0,MutNovel,"S853P,0.413"
X-3926,NXF3,56000.0,Del0.8,0.74
X-3926,NXT2,55916.0,Del0.8,0.74
X-3926,OCRL,4952.0,Del0.8,0.73
X-3926,ODZ1,10178.0,Del0.8,0.75
X-3926,OR13H1,347468.0,Del0.8,0.73
X-3926,OR4F5,79501.0,Del0.8,0.7
X-3926,OR4M2,390538.0,Del0.8,0.69
X-3926,OR4N3P,390539.0,Del0.8,0.69
X-3926,OR4N4,283694.0,Del0.8,0.69
X-3926,P2RY8,286530.0,MutKnownFunctional,"-1527,0.455"
X-3926,PAK3,5063.0,Del0.8,0.74
X-3926,PCDHB16,57717.0,MutNovel,"L468Q,0.636"
X-3926,PEX6,5190.0,MutNovel,"A79P,0.719"
X-3926,PGRMC1,10857.0,Del0.8,0.74
X-3926,PHIP,55023.0,MutNovel,"V1137A,0.267"
X-3926,PLP1,5354.0,Del0.8,0.74
X-3926,PLS3,5358.0,Del0.8,0.74
X-3926,POM121,9883.0,MutNovel,"A422T,0.212"
X-3926,POTEB,339010.0,Del0.8,0.69
X-3926,POTEH,23784.0,MutNovel,"I238V,0.571"
X-3926,PPAP2B,8613.0,MutNovel,"V34M,0.547"
X-3926,PRAMEF1,65121.0,MutNovel,"A349V,1.000"
X-3926,PRAMEF1,65121.0,MutNovel,"R424V,1.000"
X-3926,PRIC285,85441.0,MutNovel,"L209M,1.000"
X-3926,PRLH,51052.0,Amp5,5.43
X-3926,PRPF4B,8899.0,MutNovel,"R308G,0.716"
X-3926,PRPS1,5631.0,Del0.8,0.72
X-3926,PSMD10,5716.0,Del0.8,0.72
X-3926,PSME2,5721.0,MutNovel,"R171C,0.499"
X-3926,PTPN4,5775.0,MutNovel,"N721S,0.316"
X-3926,PZP,5858.0,MutNovel,"N1418S,0.667"
X-3926,PZP,5858.0,MutNovel,"N1418R,0.667"
X-3926,PZP,5858.0,MutNovel,"G1090R,0.857"
X-3926,PZP,5858.0,MutNovel,"K835E,0.750"
X-3926,RAB17,64284.0,MutNovel,"A204T,0.929"
X-3926,RAB17,64284.0,Amp5,5.43
X-3926,RAB33A,9363.0,Del0.8,0.73
X-3926,RAB40A,142684.0,Del0.8,0.74
X-3926,RAB40AL,282808.0,Del0.8,0.74
X-3926,RAB9B,51209.0,Del0.8,0.74
X-3926,RAMP1,10267.0,Amp5,5.43
X-3926,RAP2C,57826.0,Del0.8,0.73
X-3926,RASA4,10156.0,MutNovel,"G789S,0.357"
X-3926,RBM12,10137.0,MutNovel,"F723L,0.235"
X-3926,RBM41,55285.0,Del0.8,0.74
X-3926,RBM44,375316.0,Amp5,5.43
X-3926,RBMX2,51634.0,Del0.8,0.73
X-3926,RBMXL3,139804.0,Del0.8,0.74
X-3926,REREP3,646396.0,Del0.8,0.69
X-3926,RGAG1,57529.0,Del0.8,0.74
X-3926,RHOXF1,158800.0,Del0.8,0.74
X-3926,RHOXF2B,727940.0,Del0.8,0.74
X-3926,RHOXF2B,727940.0,Del0.8,0.74
X-3926,RIPPLY1,92129.0,Del0.8,0.74
X-3926,RMI1,80010.0,MutNovel,"S432G,0.436"
X-3926,RNF113A,7737.0,Del0.8,0.74
X-3926,RNF128,79589.0,Del0.8,0.74
X-3926,RP9,6100.0,MutKnownFunctional,"-222,0.325"
X-3926,RPL39,6170.0,Del0.8,0.74
X-3926,RUNX1,861.0,MutNovel,"R233C,0.466"
X-3926,SASH3,54440.0,Del0.8,0.73
X-3926,2014-09-06 00:00:00,23157.0,Del0.8,0.74
X-3926,SERHL2,253190.0,MutNovel,"H168Q,0.700"
X-3926,SERPINA7,6906.0,Del0.8,0.74
X-3926,SF1,7536.0,MutNovel,"K592R,0.241"
X-3926,SH2D1A,4068.0,Del0.8,0.75
X-3926,SLC25A14,9016.0,Del0.8,0.73
X-3926,SLC25A43,203427.0,Del0.8,0.74
X-3926,SLC25A5,292.0,Del0.8,0.74
X-3926,SLC25A5-AS1,100303728.0,Del0.8,0.74
X-3926,SLC38A6,145389.0,MutNovel,"A484V,0.403"
X-3926,SLC6A14,11254.0,Del0.8,0.74
X-3926,SMARCA1,6594.0,Del0.8,0.73
X-3926,SMG1,23049.0,MutNovel,"P1347A,0.600"
X-3926,SNORA35,677816.0,Del0.8,0.74
X-3926,SNORA69,26779.0,Del0.8,0.74
X-3926,SNORD96B,692226.0,Del0.8,0.74
X-3926,SOWAHD,347454.0,Del0.8,0.74
X-3926,SPATA7,55812.0,MutNovel,"H25Q,0.406"
X-3926,SSC5D,284297.0,MutNovel,"D1455E,0.250"
X-3926,SSX3,10214.0,MutNovel,"G14D,1.000"
X-3926,ST3GAL2,6483.0,MutNovel,"T45M,1.000"
X-3926,STAG2,10735.0,Del0.8,0.75
X-3926,SYCP2,10388.0,Del0.8,0.73
X-3926,TBC1D3F,,MutNovel,"R137K,0.537"
X-3926,TBC1D8B,54885.0,Del0.8,0.74
X-3926,TBP,6908.0,MutNovel,"-64Q,0.217"
X-3926,TCEA1,6917.0,MutNovel,"Y187C,0.310"
X-3926,TCEAL1,9338.0,Del0.8,0.74
X-3926,TCEAL3,85012.0,Del0.8,0.74
X-3926,TCEAL4,79921.0,Del0.8,0.74
X-3926,TCEAL5,340543.0,Del0.8,0.74
X-3926,TCEAL7,56849.0,Del0.8,0.74
X-3926,TCEAL8,90843.0,Del0.8,0.74
X-3926,TDGF1P3,6998.0,Del0.8,0.74
X-3926,TERF2,7014.0,MutNovel,"T442A,0.432"
X-3926,TEX13A,56157.0,Del0.8,0.74
X-3926,TEX13B,56156.0,Del0.8,0.72
X-3926,TFDP3,51270.0,Del0.8,0.73
X-3926,THOC2,57187.0,Del0.8,0.75
X-3926,THY1,7070.0,MutNovel,"S6R,0.257"
X-3926,TLK2,11011.0,MutNovel,"R262Q,0.281"
X-3926,TMEM164,84187.0,Del0.8,0.74
X-3926,TMEM238,388564.0,MutNovel,"G30V,0.600"
X-3926,TMEM31,203562.0,Del0.8,0.74
X-3926,TMSB15B,286527.0,Del0.8,0.74
X-3926,TP53,7157.0,MutNovel,"G187V,1.000"
X-3926,TPRA1,131601.0,MutNovel,"P215L,0.500"
X-3926,TRIM45,80263.0,MutNovel,"K187R,0.533"
X-3926,TRPC5,7224.0,Del0.8,0.74
X-3926,TSC22D3,1831.0,Del0.8,0.72
X-3926,TSPYL1,7259.0,MutNovel,"V176VW,0.879"
X-3926,TWF1,5756.0,MutNovel,"V298I,0.223"
X-3926,UACA,55075.0,Del0.8,0.78
X-3926,UBE2A,7319.0,Del0.8,0.74
X-3926,UBXN4,23190.0,MutKnownFunctional,"-246,0.351"
X-3926,UPF3A,65110.0,MutNovel,"L79V,1.000"
X-3926,UPF3B,65109.0,Del0.8,0.74
X-3926,USP26,83844.0,Del0.8,0.73
X-3926,USP30,84749.0,MutNovel,"L264S,0.235"
X-3926,USP32P2,220594.0,Del0.8,0.57
X-3926,USP36,57602.0,MutNovel,"KKK958K,0.374"
X-3926,USP8,9101.0,MutKnownFunctional,"R1112*,1.000"
X-3926,UTP14A,10813.0,Del0.8,0.73
X-3926,UTY,7404.0,MutNovel,"GI1070AG,0.500"
X-3926,UTY,7404.0,MutNovel,"AG1069DR,0.500"
X-3926,UTY,7404.0,MutKnownFunctional,"S1068*,0.500"
X-3926,UTY,7404.0,MutNovel,"S1066T,0.500"
X-3926,UTY,7404.0,MutNovel,"GG1059VR,0.500"
X-3926,UTY,7404.0,MutNovel,"S1058D,0.429"
X-3926,UTY,7404.0,MutNovel,"LL1055GL,0.429"
X-3926,UTY,7404.0,MutNovel,"E1054L,0.375"
X-3926,UTY,7404.0,MutNovel,"C1052P,0.375"
X-3926,UTY,7404.0,MutNovel,"QA1050RL,0.375"
X-3926,UTY,7404.0,MutNovel,"Q1050K,0.333"
X-3926,UTY,7404.0,MutNovel,"V1048H,0.273"
X-3926,UTY,7404.0,MutKnownFunctional,"FV1040**,0.364"
X-3926,UTY,7404.0,MutNovel,"IF1039TV,0.308"
X-3926,UTY,7404.0,MutNovel,"C1038W,0.250"
X-3926,UTY,7404.0,MutNovel,"Y1027C,0.333"
X-3926,UTY,7404.0,MutNovel,"NY1026TG,0.333"
X-3926,UTY,7404.0,MutNovel,"WN1025FH,0.308"
X-3926,UTY,7404.0,MutNovel,"NS1023IL,0.308"
X-3926,UTY,7404.0,MutNovel,"PN1022GY,0.308"
X-3926,UTY,7404.0,MutNovel,"L1021P,0.364"
X-3926,UTY,7404.0,MutNovel,"L1019T,0.300"
X-3926,UTY,7404.0,MutNovel,"H1018S,0.273"
X-3926,UTY,7404.0,MutNovel,"FS1016QT,0.273"
X-3926,UTY,7404.0,MutNovel,"R1015F,0.300"
X-3926,UTY,7404.0,MutNovel,"F1013H,0.333"
X-3926,UTY,7404.0,MutNovel,"G1012W,0.333"
X-3926,UTY,7404.0,MutNovel,"P1010I,0.333"
X-3926,UTY,7404.0,MutNovel,"P1008Q,0.375"
X-3926,UTY,7404.0,MutKnownFunctional,"LQ1006*K,0.429"
X-3926,UTY,7404.0,MutNovel,"S1005L,0.375"
X-3926,UTY,7404.0,MutNovel,"N1006P,0.429"
X-3926,UTY,7404.0,MutNovel,"CT1004NS,0.500"
X-3926,UTY,7404.0,MutNovel,"QF1002HT,0.500"
X-3926,UTY,7404.0,MutNovel,"HQ1001QT,0.500"
X-3926,UTY,7404.0,MutNovel,"FV550YI,0.676"
X-3926,UTY,7404.0,MutNovel,"H348A,0.481"
X-3926,UTY,7404.0,MutNovel,"G347T,0.458"
X-3926,UTY,7404.0,MutNovel,"LD344FL,0.478"
X-3926,UTY,7404.0,MutNovel,"QL343HW,0.478"
X-3926,UTY,7404.0,MutNovel,"Q343E,0.500"
X-3926,UTY,7404.0,MutNovel,"IC339MS,0.478"
X-3926,UTY,7404.0,MutKnownFunctional,"A337*,0.562"
X-3926,UTY,7404.0,MutNovel,"P331T,0.444"
X-3926,UTY,7404.0,MutNovel,"S311K,0.400"
X-3926,UTY,7404.0,MutNovel,"QS306LT,0.429"
X-3926,UTY,7404.0,MutNovel,"R305S,0.571"
X-3926,UTY,7404.0,MutNovel,"R305T,0.571"
X-3926,UTY,7404.0,MutKnownFunctional,"SY303*D,0.429"
X-3926,UTY,7404.0,MutKnownFunctional,"K296*,0.500"
X-3926,UTY,7404.0,MutNovel,"I294M,0.643"
X-3926,UTY,7404.0,MutNovel,"I294K,0.643"
X-3926,UTY,7404.0,MutNovel,"SS292KG,0.538"
X-3926,UTY,7404.0,MutNovel,"Y291L,0.562"
X-3926,UTY,7404.0,MutKnownFunctional,"CY290*L,0.625"
X-3926,UTY,7404.0,MutNovel,"C290S,0.529"
X-3926,UTY,7404.0,MutNovel,"S283C,0.611"
X-3926,UTY,7404.0,MutNovel,"Q282A,0.556"
X-3926,UTY,7404.0,MutNovel,"SG280LC,0.556"
X-3926,UTY,7404.0,MutNovel,"N279R,0.500"
X-3926,UTY,7404.0,MutNovel,"DP277EA,0.533"
X-3926,UTY,7404.0,MutNovel,"A276E,0.588"
X-3926,UTY,7404.0,MutKnownFunctional,"A276*,0.588"
X-3926,UTY,7404.0,MutKnownFunctional,"EA275A*,0.588"
X-3926,UTY,7404.0,MutNovel,"LE274RQ,0.556"
X-3926,UTY,7404.0,MutNovel,"S273R,0.500"
X-3926,UTY,7404.0,MutNovel,"QK271HE,0.471"
X-3926,UTY,7404.0,MutNovel,"L270A,0.368"
X-3926,UTY,7404.0,MutNovel,"E263I,0.357"
X-3926,UTY,7404.0,MutNovel,"T261V,0.333"
X-3926,UTY,7404.0,MutNovel,"G257Q,0.222"
X-3926,UTY,7404.0,MutNovel,"M253E,0.238"
X-3926,UTY,7404.0,MutNovel,"H251N,0.222"
X-3926,UTY,7404.0,MutNovel,"Q244K,0.280"
X-3926,UTY,7404.0,MutKnownFunctional,"LQ243*K,0.280"
X-3926,UTY,7404.0,MutNovel,"V242A,0.231"
X-3926,UTY,7404.0,MutNovel,"AT240QS,0.231"
X-3926,UTY,7404.0,MutNovel,"AQ236VK,0.267"
X-3926,UTY,7404.0,MutNovel,"P235S,0.273"
X-3926,UTY,7404.0,MutNovel,"N233T,0.303"
X-3926,UTY,7404.0,MutNovel,"LQ229FT,0.242"
X-3926,UTY,7404.0,MutNovel,"L229K,0.233"
X-3926,UTY,7404.0,MutKnownFunctional,"YE225*F,0.280"
X-3926,UTY,7404.0,MutNovel,"AY224VI,0.346"
X-3926,UTY,7404.0,MutNovel,"A224P,0.250"
X-3926,UTY,7404.0,MutNovel,"K222N,0.333"
X-3926,UTY,7404.0,MutNovel,"K222L,0.333"
X-3926,UTY,7404.0,MutNovel,"Y218N,0.231"
X-3926,UTY,7404.0,MutNovel,"Y218N,0.231"
X-3926,UTY,7404.0,MutNovel,"MF173IC,0.267"
X-3926,UTY,7404.0,MutNovel,"LM172WL,0.308"
X-3926,UTY,7404.0,MutNovel,"G171I,0.308"
X-3926,UTY,7404.0,MutKnownFunctional,"CR161C*,0.286"
X-3926,UTY,7404.0,MutNovel,"Y116H,0.333"
X-3926,UTY,7404.0,MutNovel,"Y116H,0.333"
X-3926,UTY,7404.0,MutNovel,"L102R,0.538"
X-3926,UTY,7404.0,MutNovel,"L101C,0.385"
X-3926,UTY,7404.0,MutNovel,"NL100SF,0.462"
X-3926,UTY,7404.0,MutNovel,"HF98QA,0.500"
X-3926,UTY,7404.0,MutNovel,"H98D,0.571"
X-3926,UTY,7404.0,MutNovel,"L96G,0.562"
X-3926,UTY,7404.0,MutNovel,"AL45RI,0.320"
X-3926,UTY,7404.0,MutNovel,"E44L,0.360"
X-3926,UTY,7404.0,MutNovel,"V40F,0.207"
X-3926,UTY,7404.0,MutNovel,"T39C,0.222"
X-3926,UTY,7404.0,MutNovel,"SL37IL,0.214"
X-3926,VSIG1,340547.0,Del0.8,0.72
X-3926,WBP5,51186.0,Del0.8,0.74
X-3926,WBSCR22,114049.0,MutNovel,"R266W,0.492"
X-3926,WDHD1,11169.0,MutNovel,"V828L,0.429"
X-3926,WDR44,54521.0,Del0.8,0.74
X-3926,WEE1,7465.0,MutNovel,"I327T,0.251"
X-3926,XIAP,331.0,Del0.8,0.75
X-3926,XPNPEP2,7512.0,Del0.8,0.73
X-3926,ZBTB33,10009.0,Del0.8,0.74
X-3926,ZCCHC12,170261.0,Del0.8,0.74
X-3926,ZCCHC16,340595.0,Del0.8,0.74
X-3926,ZCCHC18,644353.0,Del0.8,0.74
X-3926,ZDHHC9,51114.0,Del0.8,0.73
X-3926,ZFP36L2,678.0,MutKnownFunctional,"-247,0.484"
X-3926,ZNF235,9310.0,MutNovel,"Q142E,0.615"
X-3926,ZNF280C,55609.0,Del0.8,0.73
X-3926,ZNF330,27309.0,MutNovel,"T307I,0.697"
X-3926,ZNF384,171017.0,MutNovel,"QQ514Q,0.453"
X-3926,ZNF414,84330.0,MutNovel,"P355L,0.322"
X-3926,ZNF747,65988.0,MutKnownFunctional,"C87*,0.727"
X-3926,ZNF83,55769.0,MutNovel,"QH390H,0.349"
X-3949,A1BG,1.0,Amp5,7.84
X-3949,A1BG-AS1,503538.0,Amp5,7.84
X-3949,ABCA8,10351.0,MutNovel,"S786P,1.000"
X-3949,ABCA8,10351.0,MutNovel,"F441S,1.000"
X-3949,ABCF1,23.0,MutNovel,"Q450R,0.496"
X-3949,ABRA,137735.0,Amp5,5.03
X-3949,ACIN1,22985.0,MutNovel,"Q94K,0.331"
X-3949,ACPT,93650.0,Amp8,8
X-3949,ACSS2,55902.0,MutNovel,"W29S,0.432"
X-3949,ACTB,60.0,Amp5,5.39
X-3949,ACTN4,81.0,Amp5,6.54
X-3949,ADAR,103.0,MutNovel,"T325A,0.322"
X-3949,AKT2,208.0,Amp5,7.31
X-3949,ALDH16A1,126133.0,Amp8,10.06
X-3949,ALKBH6,84964.0,Amp5,5.1
X-3949,AMELY,266.0,Del0.8,0.21
X-3949,ANGPT1,284.0,Amp5,5.03
X-3949,ANKRD27,84079.0,MutNovel,"S638F,0.461"
X-3949,ANKRD36,375248.0,MutNovel,"T998S,0.222"
X-3949,ANKRD46,157567.0,Amp5,7.73
X-3949,APLP1,333.0,Amp5,5.1
X-3949,ARC,23237.0,Amp5,5.03
X-3949,ARHGEF19,128272.0,MutNovel,"E379G,1.000"
X-3949,ARHGEF25,115557.0,MutNovel,"QK192Q,0.222"
X-3949,ASPDH,554235.0,Amp8,8
X-3949,ATF2,1386.0,MutNovel,"K434T,0.480"
X-3949,ATP6V0D2,245972.0,Amp5,5.1
X-3949,ATP6V1C1,528.0,Amp5,5.03
X-3949,AURKC,6795.0,Amp8,14.72
X-3949,AZIN1,51582.0,Amp5,5.03
X-3949,BAALC,79870.0,Amp5,5.03
X-3949,BAI1,575.0,Amp5,5.03
X-3949,BCORP1,286554.0,Del0.8,0.17
X-3949,BET1,10282.0,Amp5,5.62
X-3949,BIRC8,112401.0,Amp8,8.4
X-3949,BPY2B,442867.0,Del0.8,0.17
X-3949,BPY2B,442867.0,Del0.8,0.17
X-3949,BRSK1,84446.0,Amp8,10.93
X-3949,C19orf18,147685.0,Amp5,7.84
X-3949,C19orf33,64073.0,Amp5,6.54
X-3949,C19orf47,126526.0,Amp5,7.31
X-3949,C19orf48,84798.0,Amp8,8
X-3949,C19orf75,284369.0,Amp8,8
X-3949,C19orf81,342918.0,Amp8,8
X-3949,C8orf31,286122.0,Amp5,5.03
X-3949,C8orf56,157556.0,Amp5,5.03
X-3949,C8orf58,541565.0,MutNovel,"D300E,0.483"
X-3949,C8orf59,401466.0,Amp5,5.03
X-3949,CA1,759.0,Amp5,5.03
X-3949,CA13,377677.0,Amp5,5.03
X-3949,CA2,760.0,Amp5,5.03
X-3949,CA3,761.0,Amp5,5.03
X-3949,CACNG6,59285.0,Amp8,8.4
X-3949,CACNG7,59284.0,Amp8,8.4
X-3949,CACNG8,59283.0,Amp8,8.4
X-3949,CADM4,199731.0,Amp5,5.03
X-3949,CALB1,793.0,Amp5,5.1
X-3949,CALCR,799.0,Amp5,5.62
X-3949,CAPN12,147968.0,Amp5,6.54
X-3949,CAPN3,825.0,MutNovel,"N810S,0.480"
X-3949,CAPNS1,826.0,Amp5,5.1
X-3949,CATSPERG,57828.0,Amp5,6.54
X-3949,CC2D1B,200014.0,MutNovel,"D116E,0.539"
X-3949,CCDC106,29903.0,Amp8,10.93
X-3949,CCDC132,55610.0,Amp5,5.62
X-3949,CCDC144B,284047.0,Del0.8,0.6
X-3949,CCDC155,147872.0,Amp8,10.06
X-3949,CCNE2,9134.0,MutNovel,"G402R,0.797"
X-3949,CCT3,7203.0,MutNovel,"R461H,0.321"
X-3949,CCZ1,51622.0,MutNovel,"M410L,0.511"
X-3949,CD177,57126.0,Amp5,5.03
X-3949,CD33,945.0,Amp8,8
X-3949,CD37,951.0,Amp8,10.06
X-3949,CDC42EP5,148170.0,Amp8,8.4
X-3949,CDH17,1015.0,Amp5,5.1
X-3949,CDK6,1021.0,Amp5,5.62
X-3949,CDY1B,253175.0,Del0.8,0.17
X-3949,CDY1B,253175.0,Del0.8,0.17
X-3949,CDY2A,9426.0,Del0.8,0.17
X-3949,CDY2A,9426.0,Del0.8,0.17
X-3949,CDY2B,203611.0,Del0.8,0.17
X-3949,CDY2B,203611.0,Del0.8,0.17
X-3949,CEACAM18,729767.0,Amp8,8
X-3949,CENPBD1,92806.0,MutKnownFunctional,"-64?,0.417"
X-3949,CEP170,9859.0,MutNovel,"R1366Q,0.412"
X-3949,CES1P1,51716.0,Del0.8,0.75
X-3949,CGB,1082.0,MutNovel,"T35I,0.750"
X-3949,CHMP2A,27243.0,Amp8,10.27
X-3949,CHMP4C,92421.0,Amp5,5.1
X-3949,CHRAC1,54108.0,Amp5,5.03
X-3949,CLC,1178.0,Amp5,7.31
X-3949,CLDND2,125875.0,Amp8,8
X-3949,CLEC11A,6320.0,Amp8,8
X-3949,CLIP3,25999.0,Amp5,5.1
X-3949,CNBD1,168975.0,Amp5,5.1
X-3949,CNGB3,54714.0,Amp5,5.1
X-3949,CNOT3,4849.0,Amp8,8.4
X-3949,CNTD2,79935.0,Amp5,7.31
X-3949,CNTRL,11064.0,MutNovel,"N1071H,1.000"
X-3949,COL22A1,169044.0,Amp5,5.03
X-3949,COX6B2,125965.0,Amp8,10.93
X-3949,COX7A1,1346.0,Amp5,5.1
X-3949,CPNE3,8895.0,Amp5,5.1
X-3949,CRISPLD1,83690.0,Amp5,5.1
X-3949,CRNKL1,51340.0,MutNovel,"P807T,1.000"
X-3949,CSMD3,114788.0,Amp5,5.03
X-3949,CSPG4P1Y,114758.0,Del0.8,0.17
X-3949,CSPG4P1Y,114758.0,Del0.8,0.17
X-3949,CTHRC1,115908.0,Amp5,5.03
X-3949,CTSA,5476.0,MutNovel,"L29-,0.395"
X-3949,CTU1,90353.0,Amp8,8
X-3949,CYP11B1,1584.0,Amp5,5.03
X-3949,CYP11B2,1585.0,Amp5,5.03
X-3949,CYP2D6,1565.0,MutNovel,"Y355C,0.300"
X-3949,DAZ1,1617.0,Del0.8,0.17
X-3949,DAZ2,57055.0,Del0.8,0.17
X-3949,DAZ3,57054.0,Del0.8,0.17
X-3949,DAZ3,57054.0,Del0.8,0.17
X-3949,DAZ4,57135.0,Del0.8,0.17
X-3949,DAZ4,57135.0,Del0.8,0.17
X-3949,DCAF13,25879.0,Amp5,5.03
X-3949,DCAF4L2,138009.0,Amp5,5.1
X-3949,DCSTAMP,81501.0,Amp5,5.03
X-3949,DDX3Y,8653.0,Del0.8,0.17
X-3949,DECR1,1666.0,Amp5,5.1
X-3949,DENND1C,79958.0,MutNovel,"S627L,0.375"
X-3949,DENND3,22898.0,Amp5,5.03
X-3949,DGKQ,1609.0,MutNovel,"P27L,0.833"
X-3949,DIDO1,11083.0,MutNovel,"G1179E,0.388"
X-3949,DKKL1,27120.0,Amp8,10.06
X-3949,DLL3,10683.0,Amp5,7.31
X-3949,DNAH5,1767.0,Del0.8,0.76
X-3949,DPF1,8193.0,Amp5,6.54
X-3949,DPRX,503834.0,Amp8,8.4
X-3949,DPYS,1807.0,Amp5,5.03
X-3949,DUXA,503835.0,Amp8,14.72
X-3949,DYRK1B,9149.0,Amp5,7.31
X-3949,E2F5,1875.0,Amp5,5.03
X-3949,EBAG9,9166.0,Amp5,5.03
X-3949,ECH1,1891.0,Amp5,5.54
X-3949,EID2,163126.0,Amp5,7.31
X-3949,EID2B,126272.0,Amp5,7.31
X-3949,EIF1AY,9086.0,Del0.8,0.17
X-3949,EIF2C2,27161.0,Amp5,5.03
X-3949,EIF3E,3646.0,Amp5,5.03
X-3949,EIF3K,27335.0,Amp5,6.54
X-3949,ENPP2,5168.0,MutNovel,"V20I,0.243"
X-3949,ENY2,56943.0,Amp5,5.03
X-3949,EP400,57634.0,MutNovel,"Q2637R,0.388"
X-3949,EPN1,29924.0,Amp8,10.93
X-3949,EPS8L1,54869.0,Amp5,7.62
X-3949,ERVV-1,147664.0,Amp8,12.3
X-3949,ERVV-2,100271846.0,Amp8,8.4
X-3949,ETFB,2109.0,Amp8,8
X-3949,ETHE1,23474.0,Amp5,5.03
X-3949,FABP12,646486.0,Amp5,5.1
X-3949,FABP4,2167.0,Amp5,5.1
X-3949,FABP5,2171.0,Amp5,5.1
X-3949,FABP9,646480.0,Amp5,5.1
X-3949,FAM106A,80039.0,Del0.8,0.36
X-3949,FAM133B,257415.0,Amp5,5.62
X-3949,FAM135B,51059.0,Amp5,5.03
X-3949,FAM197Y2P,252946.0,Del0.8,0.21
X-3949,FAM41AY1,340618.0,Del0.8,0.17
X-3949,FAM41AY1,340618.0,Del0.8,0.17
X-3949,FAM71E1,112703.0,Amp8,8
X-3949,FAM71E2,284418.0,Amp8,10.93
X-3949,FAM73A,374986.0,MutNovel,"S511W,0.429"
X-3949,FAM74A4,401508.0,Del0.8,0.46
X-3949,FAM75A5,727905.0,Del0.8,0.76
X-3949,FAM75C2,645961.0,MutNovel,"K60R,1.000"
X-3949,FAM82B,51115.0,Amp5,5.1
X-3949,FAM90A27P,646508.0,Amp8,8.4
X-3949,FAM92A1,137392.0,Amp5,5.1
X-3949,FAM98C,147965.0,Amp5,6.54
X-3949,FANCI,55215.0,MutNovel,"S1271F,0.507"
X-3949,FBL,2091.0,Amp5,7.31
X-3949,FBRSL1,57666.0,MutNovel,"GLGRER882G,0.260"
X-3949,FBXL18,80028.0,Amp5,5.39
X-3949,FBXO17,115290.0,Amp5,7.31
X-3949,FBXO27,126433.0,Amp5,7.31
X-3949,FBXO38,81545.0,MutNovel,"NGS835N,0.583"
X-3949,FBXW7,55294.0,MutNovel,"T196A,0.550"
X-3949,FCAR,2204.0,Amp5,7.62
X-3949,FCGBP,8857.0,Amp5,7.31
X-3949,FCGRT,2217.0,Amp8,10.06
X-3949,FIZ1,84922.0,Amp8,10.93
X-3949,FKBP1AP1,2282.0,Amp8,14.72
X-3949,FLJ30403,729975.0,Amp8,8
X-3949,FLJ39080,441355.0,Amp5,5.1
X-3949,FLJ42969,441374.0,Amp5,5.03
X-3949,FLJ43860,389690.0,Amp5,5.03
X-3949,FLT3LG,2323.0,Amp8,10.06
X-3949,FLYWCH1,84256.0,MutNovel,"L604Q,0.406"
X-3949,FMNL1,752.0,MutNovel,"-603P,0.438"
X-3949,FPR1,2357.0,Amp8,8
X-3949,FPR2,2358.0,Amp8,8
X-3949,FPR3,2359.0,Amp8,8
X-3949,FSCN1,6624.0,Amp5,5.39
X-3949,FZD6,8323.0,Amp5,5.03
X-3949,GALNT11,63917.0,Amp5,5.7
X-3949,GALNTL5,168391.0,Amp5,5.7
X-3949,GALP,85569.0,Amp8,9.45
X-3949,GATAD1,57798.0,Amp5,5.62
X-3949,GCC2,9648.0,MutNovel,"Y1263C,0.365"
X-3949,GDAP1,54332.0,Amp5,5.1
X-3949,GEM,2669.0,Amp5,5.1
X-3949,GGN,199720.0,Amp5,6.54
X-3949,GMFG,9535.0,Amp5,7.31
X-3949,GML,2765.0,Amp5,5.03
X-3949,GNAI1,2770.0,MutNovel,"D160N,0.707"
X-3949,GNG11,2791.0,Amp5,5.62
X-3949,GNGT1,2792.0,Amp5,5.62
X-3949,GOLGA2P2Y,84559.0,Del0.8,0.17
X-3949,GOLGA2P2Y,84559.0,Del0.8,0.17
X-3949,GP6,51206.0,Amp5,7.62
X-3949,GPIHBP1,338328.0,Amp5,5.03
X-3949,GPR153,387509.0,MutNovel,"A365T,0.400"
X-3949,GPR161,23432.0,MutKnownFunctional,"-18?,0.583"
X-3949,GPR20,2843.0,Amp5,5.03
X-3949,GPR32,2854.0,Amp8,8
X-3949,GRHL2,79977.0,Amp5,5.03
X-3949,GSDMB,55876.0,MutNovel,"K257R,0.500"
X-3949,GSTT2,2953.0,Del0.8,0.79
X-3949,GYG2P1,352887.0,Del0.8,0.17
X-3949,HAS1,3036.0,Amp8,8
X-3949,HCST,10870.0,Amp5,5.1
X-3949,HEPACAM2,253012.0,Amp5,5.62
X-3949,HEY1,23462.0,Amp5,5.1
X-3949,HIPK4,147746.0,Amp5,7.31
X-3949,HIST1H2BN,8341.0,MutNovel,"S5L,0.750"
X-3949,HKR1,284459.0,Amp5,6.54
X-3949,HLA-H,3136.0,Del0.8,0.77
X-3949,HNF4G,3174.0,Amp5,5.1
X-3949,HNRNPL,3191.0,Amp5,7.31
X-3949,HNRNPM,4670.0,MutNovel,"R627C,0.473"
X-3949,HSFY2,159119.0,Del0.8,0.17
X-3949,HSFY2,159119.0,Del0.8,0.17
X-3949,HSPBP1,23640.0,Amp8,10.93
X-3949,ID2,3398.0,MutNovel,"N96I,0.464"
X-3949,IGLON5,402665.0,Amp8,8
X-3949,IL11,3589.0,Amp8,10.93
X-3949,IL28A,282616.0,Amp5,7.31
X-3949,IL28B,282617.0,Amp5,7.31
X-3949,IL29,282618.0,Amp5,7.31
X-3949,IL7,3574.0,Amp5,5.1
X-3949,IMPA1,3612.0,Amp5,5.1
X-3949,INTS1,26173.0,MutNovel,"S158G,0.749"
X-3949,IQGAP3,128239.0,MutNovel,"L791M,0.397"
X-3949,IRGC,56269.0,Amp5,5.03
X-3949,IRGQ,126298.0,Amp5,5.03
X-3949,ISOC2,79763.0,Amp8,10.93
X-3949,ITPR3,3710.0,MutNovel,"QE2107Q,0.403"
X-3949,IZUMO2,126123.0,Amp8,8
X-3949,JOSD2,126119.0,Amp8,8
X-3949,JPH1,56704.0,Amp5,5.1
X-3949,JRK,8629.0,Amp5,5.03
X-3949,JTB,10899.0,MutNovel,"A5S,0.381"
X-3949,KCNC3,3748.0,Amp8,8
X-3949,KCNK6,9424.0,Amp5,6.54
X-3949,KCNK9,51305.0,Amp5,5.03
X-3949,KCNMB3,27094.0,MutNovel,"T78A,0.800"
X-3949,KCNN4,3783.0,Amp5,5.03
X-3949,KCNV1,27012.0,Amp5,5.03
X-3949,KDM5D,8284.0,Del0.8,0.17
X-3949,KGFLP1,387628.0,Del0.8,0.46
X-3949,KIAA0240,23506.0,MutNovel,"T897K,0.333"
X-3949,KIF20B,9585.0,MutNovel,"L1062LKV,0.421"
X-3949,KIR2DL1,3802.0,Amp8,8.4
X-3949,KIR2DL3,3804.0,Amp8,8.4
X-3949,KIR2DL4,3805.0,Amp8,8.4
X-3949,KIR2DS4,3809.0,Amp8,8.4
X-3949,KIR3DL1,3811.0,Amp8,8.4
X-3949,KIR3DL2,3812.0,Amp5,6.63
X-3949,KIR3DL3,115653.0,Amp8,8.4
X-3949,KIR3DX1,90011.0,Amp8,8.4
X-3949,KIRREL2,84063.0,Amp5,5.1
X-3949,KLF10,7071.0,Amp5,5.03
X-3949,KLF14,136259.0,MutNovel,"H47P,1.000"
X-3949,KLK1,3816.0,Amp8,8
X-3949,KLK10,5655.0,Amp8,8
X-3949,KLK11,11012.0,Amp8,8
X-3949,KLK12,43849.0,Amp8,8
X-3949,KLK13,26085.0,Amp8,8
X-3949,KLK14,43847.0,Amp8,8
X-3949,KLK15,55554.0,Amp8,8
X-3949,KLK2,3817.0,Amp8,8
X-3949,KLK3,354.0,Amp8,8
X-3949,KLK4,9622.0,Amp8,8
X-3949,KLK5,25818.0,Amp8,8
X-3949,KLK6,5653.0,Amp8,8
X-3949,KLK7,5650.0,Amp8,8
X-3949,KLK8,11202.0,Amp8,8
X-3949,KLK9,284366.0,Amp8,8
X-3949,KLKP1,606293.0,Amp8,8
X-3949,LACTB2,51110.0,Amp5,5.06
X-3949,LAIR1,3903.0,Amp8,8.4
X-3949,LAIR2,3904.0,Amp8,8.4
X-3949,LENG1,79165.0,Amp8,8.4
X-3949,LENG8,114823.0,Amp8,8.4
X-3949,LENG9,94059.0,Amp8,8.4
X-3949,LEUTX,342900.0,Amp5,7.31
X-3949,LGALS13,29124.0,Amp5,7.31
X-3949,LGALS14,56891.0,Amp5,7.31
X-3949,LGALS16,148003.0,Amp5,7.31
X-3949,LGALS17A,400696.0,Amp5,7.31
X-3949,LGALS7,3963.0,Amp5,6.54
X-3949,LGALS7B,653499.0,Amp5,6.54
X-3949,LGALS9C,654346.0,Del0.8,0.36
X-3949,LILRA1,11024.0,Amp8,8.4
X-3949,LILRA2,11027.0,Amp8,8.4
X-3949,LILRA3,11026.0,Amp8,8.4
X-3949,LILRA4,23547.0,Amp8,8.4
X-3949,LILRA5,353514.0,Amp8,8.4
X-3949,LILRA6,79168.0,Amp8,8.4
X-3949,LILRB1,10859.0,Amp8,8.4
X-3949,LILRB2,10288.0,Amp8,8.4
X-3949,LILRB3,11025.0,Amp8,8.4
X-3949,LILRB4,11006.0,Amp8,8.4
X-3949,LILRB5,10990.0,Amp8,8.4
X-3949,LILRP2,79166.0,Amp8,8.4
X-3949,LIM2,3982.0,Amp8,8
X-3949,LIMCH1,22998.0,MutNovel,"E901K,0.397"
X-3949,LINC00051,619434.0,Amp5,5.03
X-3949,LINC00085,147650.0,Amp8,8
X-3949,LINC00226,338004.0,Amp5,6.11
X-3949,LINC00535,642924.0,Amp5,5.1
X-3949,LOC100127983,100127983.0,Amp5,5.1
X-3949,LOC100128252,100128252.0,Amp8,9.32
X-3949,LOC100128398,100128398.0,Amp5,7.84
X-3949,LOC100129083,100129083.0,Amp8,8
X-3949,LOC100129935,100129935.0,Amp5,7.31
X-3949,LOC100131691,100131691.0,Amp8,10.27
X-3949,LOC100133669,100133669.0,Amp5,5.03
X-3949,LOC100134317,100134317.0,Amp5,5.1
X-3949,LOC100288181,100288181.0,Amp5,5.03
X-3949,LOC100379224,100379224.0,Amp5,7.67
X-3949,LOC100499183,100499183.0,Amp5,5.03
X-3949,LOC100505715,100505715.0,Amp5,7.67
X-3949,LOC100506533,,MutNovel,"A21T,0.667"
X-3949,LOC100506930,100506930.0,Amp5,5.1
X-3949,LOC100507003,100507003.0,Amp8,10.06
X-3949,LOC100507433,100507433.0,Amp5,6.54
X-3949,LOC100631378,100631378.0,Amp5,6.54
X-3949,LOC147646,147646.0,Amp8,8
X-3949,LOC147670,147670.0,Amp8,9.32
X-3949,LOC284379,284379.0,Amp8,8.4
X-3949,LOC284412,284412.0,Amp5,6.54
X-3949,LOC286190,286190.0,Amp5,5.06
X-3949,LOC386758,386758.0,Amp5,5.28
X-3949,LOC390940,390940.0,Amp5,5.03
X-3949,LOC643648,643648.0,Del0.8,0.76
X-3949,LOC643669,643669.0,Amp5,7.31
X-3949,LOC644189,644189.0,Amp5,5.1
X-3949,LOC644554,644554.0,Amp5,6.54
X-3949,LOC646862,646862.0,Amp5,7.84
X-3949,LOC728752,728752.0,Amp5,5.1
X-3949,LOC731779,731779.0,Amp5,5.03
X-3949,LRFN1,57622.0,Amp5,7.31
X-3949,LRFN3,79414.0,Amp5,5.1
X-3949,LRP12,29967.0,Amp5,5.03
X-3949,LRRC4B,94030.0,Amp8,8
X-3949,LRRC69,100130742.0,Amp5,5.1
X-3949,LRRCC1,85444.0,Amp5,5.03
X-3949,LSR,51599.0,MutNovel,"G518GR,0.923"
X-3949,LY6D,8581.0,Amp5,5.03
X-3949,LY6E,4061.0,Amp5,5.03
X-3949,LY6H,4062.0,Amp5,5.03
X-3949,LY6K,54742.0,Amp5,5.03
X-3949,LYNX1,66004.0,Amp5,5.03
X-3949,LYPD2,137797.0,Amp5,5.03
X-3949,LYPD3,27076.0,Amp5,5.03
X-3949,LYPD5,284348.0,Amp5,5.03
X-3949,MAMLD1,10046.0,MutNovel,"T670I,1.000"
X-3949,MAP3K10,4294.0,Amp5,7.31
X-3949,MAP4K1,11184.0,Amp5,6.54
X-3949,MAP7D2,256714.0,MutNovel,"Q686R,1.000"
X-3949,MAPK1,5594.0,MutNovel,"-8R,0.227"
X-3949,MBOAT7,79143.0,Amp8,8.4
X-3949,MDGA2,161357.0,MutNovel,"G18A,0.730"
X-3949,MED29,55588.0,Amp5,7.31
X-3949,MEF2A,4205.0,MutNovel,"QQ412-,0.250"
X-3949,MEPCE,56257.0,MutNovel,"P16R,0.759"
X-3949,MGC16142,84849.0,Amp5,5.62
X-3949,MGC2752,65996.0,Amp8,10.27
X-3949,MGC45922,284365.0,Amp8,8
X-3949,MIMT1,100073347.0,Amp8,14.72
X-3949,MIR125A,406910.0,Amp8,8
X-3949,MIR1283-1,100302265.0,Amp8,8.4
X-3949,MIR1283-2,100302205.0,Amp8,8.4
X-3949,MIR1323,100302255.0,Amp8,8.4
X-3949,MIR150,406942.0,Amp8,10.06
X-3949,MIR2052,100302260.0,Amp5,5.1
X-3949,MIR2053,100302225.0,Amp5,5.03
X-3949,MIR3151,100422992.0,Amp5,5.03
X-3949,MIR371A,442916.0,Amp8,8.4
X-3949,MIR371B,100616185.0,Amp8,8.4
X-3949,MIR373,442918.0,Amp8,8.4
X-3949,MIR378D2,100616169.0,Amp5,5.1
X-3949,MIR4324,100422979.0,Amp8,10.06
X-3949,MIR4472-1,100616268.0,Amp5,5.03
X-3949,MIR4530,100616163.0,Amp5,7.31
X-3949,MIR4652,100616206.0,Amp5,5.62
X-3949,MIR4661,100616245.0,Amp5,5.1
X-3949,MIR4675,100616383.0,Del0.8,0.52
X-3949,MIR4752,100616171.0,Amp8,8.4
X-3949,MIR4754,100616168.0,Amp5,7.84
X-3949,MIR489,574442.0,Amp5,5.62
X-3949,MIR498,574460.0,Amp8,8.4
X-3949,MIR512-2,574459.0,Amp8,8.4
X-3949,MIR515-1,574462.0,Amp8,8.4
X-3949,MIR516A1,574498.0,Amp8,8.4
X-3949,MIR516A2,574499.0,Amp8,8.4
X-3949,MIR516B1,574490.0,Amp8,8.4
X-3949,MIR516B2,574485.0,Amp8,8.4
X-3949,MIR517A,574479.0,Amp8,8.4
X-3949,MIR517B,574483.0,Amp8,8.4
X-3949,MIR517C,574492.0,Amp8,8.4
X-3949,MIR518A1,574488.0,Amp8,8.4
X-3949,MIR518A2,574491.0,Amp8,8.4
X-3949,MIR518B,574474.0,Amp8,8.4
X-3949,MIR518C,574477.0,Amp8,8.4
X-3949,MIR518D,574489.0,Amp8,8.4
X-3949,MIR518E,574487.0,Amp8,8.4
X-3949,MIR518F,574472.0,Amp8,8.4
X-3949,MIR519A1,574496.0,Amp8,8.4
X-3949,MIR519A2,574500.0,Amp8,8.4
X-3949,MIR519B,574469.0,Amp8,8.4
X-3949,MIR519C,574466.0,Amp8,8.4
X-3949,MIR519D,574480.0,Amp8,8.4
X-3949,MIR519E,574463.0,Amp8,8.4
X-3949,MIR520A,574467.0,Amp8,8.4
X-3949,MIR520B,574473.0,Amp8,8.4
X-3949,MIR520C,574476.0,Amp8,8.4
X-3949,MIR520D,574482.0,Amp8,8.4
X-3949,MIR520E,574461.0,Amp8,8.4
X-3949,MIR520F,574464.0,Amp8,8.4
X-3949,MIR520G,574484.0,Amp8,8.4
X-3949,MIR520H,574493.0,Amp8,8.4
X-3949,MIR521-1,574494.0,Amp8,8.4
X-3949,MIR521-2,574481.0,Amp8,8.4
X-3949,MIR522,574495.0,Amp8,8.4
X-3949,MIR523,574471.0,Amp8,8.4
X-3949,MIR524,574478.0,Amp8,8.4
X-3949,MIR525,574470.0,Amp8,8.4
X-3949,MIR526A1,574475.0,Amp8,8.4
X-3949,MIR526A2,574486.0,Amp8,8.4
X-3949,MIR526B,574468.0,Amp8,8.4
X-3949,MIR527,574497.0,Amp8,8.4
X-3949,MIR589,693174.0,Amp5,5.39
X-3949,MIR641,693226.0,Amp5,7.31
X-3949,MIR643,693228.0,Amp8,8
X-3949,MIR653,724023.0,Amp5,5.62
X-3949,MIR935,100126325.0,Amp8,8.4
X-3949,MIR99B,407056.0,Amp8,8
X-3949,MIRLET7E,406887.0,Amp8,8
X-3949,MMP16,4325.0,Amp5,5.1
X-3949,MPRIP,23164.0,MutNovel,"TSS178T,0.486"
X-3949,MRGPRX1,259249.0,Del0.8,0.72
X-3949,MRPS12,6183.0,Amp5,7.31
X-3949,MRPS28,28957.0,Amp5,5.1
X-3949,MYADM,91663.0,Amp8,8.4
X-3949,MYBPC2,4606.0,Amp8,8
X-3949,MYH1,4619.0,MutNovel,"L219R,1.000"
X-3949,MYH14,79784.0,Amp8,8
X-3949,MZF1,7593.0,Amp8,10.27
X-3949,NACAD,23148.0,MutNovel,"D27N,0.429"
X-3949,NACAP1,83955.0,Amp5,5.03
X-3949,NAPSA,9476.0,Amp8,8
X-3949,NAPSB,256236.0,Amp8,8
X-3949,NAT14,57106.0,Amp8,10.93
X-3949,NBN,4683.0,Amp5,5.1
X-3949,NBPF10,100132406.0,MutNovel,"K327N,0.273"
X-3949,NCALD,83988.0,Amp5,5.03
X-3949,NCAPD3,23310.0,MutNovel,"D552A,0.482"
X-3949,NCCRP1,342897.0,Amp5,7.31
X-3949,NCEH1,57552.0,MutNovel,"G12D,0.875"
X-3949,NCOA2,10499.0,Amp5,5.06
X-3949,NCOR2,9612.0,MutNovel,"G1839GAAA,0.591"
X-3949,NCR1,9437.0,Amp5,7.62
X-3949,NCRNA00185,55410.0,Del0.8,0.17
X-3949,NDUFA3,4696.0,Amp8,8.4
X-3949,NECAB1,64168.0,Amp5,5.1
X-3949,NEURL2,140825.0,MutKnownFunctional,"-136?,0.467"
X-3949,NFKBIB,4793.0,Amp5,7.31
X-3949,NFKBID,84807.0,Amp5,5.1
X-3949,NFRKB,4798.0,MutNovel,"D281G,0.603"
X-3949,NIPBL,25836.0,MutNovel,"Q64H,0.438"
X-3949,NKG7,4818.0,Amp8,8
X-3949,NLGN4Y,22829.0,Del0.8,0.17
X-3949,NLRP11,204801.0,Amp8,10.93
X-3949,NLRP12,91662.0,Amp8,8.4
X-3949,NLRP13,126204.0,Amp8,10.93
X-3949,NLRP2,55655.0,Amp5,7.62
X-3949,NLRP4,147945.0,Amp8,10.93
X-3949,NLRP5,126206.0,Amp8,9.45
X-3949,NLRP7,199713.0,Amp5,7.62
X-3949,NLRP8,126205.0,Amp8,14.83
X-3949,NLRP9,338321.0,Amp8,10.93
X-3949,NOSIP,51070.0,Amp5,7.01
X-3949,NPHS1,4868.0,Amp5,5.1
X-3949,NR1H2,7376.0,MutNovel,"-173Q,0.698"
X-3949,NR1H2,7376.0,Amp8,8
X-3949,NRG2,9542.0,MutNovel,"GPG667G,0.696"
X-3949,NUDCD1,84955.0,Amp5,5.03
X-3949,NUMBL,9253.0,MutNovel,"S368G,0.709"
X-3949,OBSL1,23363.0,MutNovel,"P285Q,0.462"
X-3949,OCA2,4948.0,MutNovel,"D408Y,0.492"
X-3949,ODF1,4956.0,Amp5,5.03
X-3949,ORAI1,84876.0,MutNovel,"PP43-,0.753"
X-3949,OSCAR,126014.0,Amp8,8.4
X-3949,OSGIN2,734.0,Amp5,5.1
X-3949,OTUD6B,51633.0,Amp5,5.1
X-3949,OXR1,55074.0,Amp5,5.03
X-3949,PABPC1,26986.0,Amp5,5.03
X-3949,PABPC3,5042.0,MutKnownFunctional,"-299,1.000"
X-3949,PAF1,54623.0,Amp5,7.31
X-3949,PAG1,55824.0,Amp5,5.1
X-3949,PAK4,10298.0,Amp5,7.31
X-3949,PAPL,390928.0,Amp5,7.31
X-3949,PCDH11Y,83259.0,Del0.8,0.21
X-3949,PCLO,27445.0,MutNovel,"P1127S,0.231"
X-3949,PCNX,22990.0,MutNovel,"R1065C,0.375"
X-3949,PDP1,54704.0,Amp5,5.1
X-3949,PEG3,5178.0,Amp8,14.72
X-3949,PEG3-AS1,100169890.0,Amp8,14.72
X-3949,PEX1,5189.0,Amp5,5.62
X-3949,PEX2,5828.0,Amp5,5.1
X-3949,PHLDA1,22822.0,MutNovel,"QQ194Q,0.550"
X-3949,PHLDB3,653583.0,Amp5,5.03
X-3949,PI15,51050.0,Amp5,5.1
X-3949,PIH1D1,55011.0,Amp8,10.06
X-3949,PKHD1L1,93035.0,Amp5,5.03
X-3949,PKIA,5569.0,Amp5,5.1
X-3949,PLAUR,5329.0,Amp5,5.03
X-3949,PLD3,23646.0,Amp5,7.31
X-3949,PLEKHG2,64857.0,Amp5,7.31
X-3949,PMP2,5375.0,Amp5,5.1
X-3949,POLD1,5424.0,Amp8,8
X-3949,POLR2I,5438.0,Amp5,5.1
X-3949,PPP1R12C,54776.0,Amp8,10.93
X-3949,PPP1R14A,94274.0,Amp5,6.54
X-3949,PPP1R3G,648791.0,MutNovel,"A126T,0.556"
X-3949,PPP2R1A,5518.0,Amp8,8
X-3949,PPP6R1,22870.0,Amp8,10.93
X-3949,PRDM14,63978.0,Amp5,5.06
X-3949,PRG1,23574.0,Amp5,5.03
X-3949,PRKAG2,51422.0,Amp5,5.7
X-3949,PRKCG,5582.0,Amp8,8.4
X-3949,PRKY,5616.0,Del0.8,0.21
X-3949,PRODH2,58510.0,Amp5,5.1
X-3949,PRPF31,26121.0,Amp8,8.4
X-3949,PRX,57716.0,Amp5,5.28
X-3949,PRY,9081.0,Del0.8,0.17
X-3949,PRY,9081.0,Del0.8,0.17
X-3949,PRY2,442862.0,Del0.8,0.17
X-3949,PRY2,442862.0,Del0.8,0.17
X-3949,PSCA,8000.0,Amp5,5.03
X-3949,PSKH2,85481.0,Amp5,5.1
X-3949,PSMC4,5704.0,Amp5,7.31
X-3949,PSMD8,5714.0,Amp5,6.54
X-3949,PTCH1,5727.0,MutNovel,"R52P,1.000"
X-3949,PTH2,113091.0,Amp8,10.06
X-3949,PTK2,5747.0,Amp5,5.03
X-3949,PTP4A3,11156.0,Amp5,5.03
X-3949,PTPRH,5794.0,Amp8,10.93
X-3949,RAD54B,25788.0,Amp5,5.1
X-3949,RALYL,138046.0,Amp5,5.03
X-3949,RASGRP4,115727.0,Amp5,6.54
X-3949,RBM12B,389677.0,Amp5,5.1
X-3949,RBM48,84060.0,Amp5,5.62
X-3949,RBMY1A3P,286557.0,Del0.8,0.21
X-3949,RBMY1B,378948.0,Del0.8,0.17
X-3949,RBMY1B,378948.0,Del0.8,0.17
X-3949,RBMY1E,378950.0,Del0.8,0.17
X-3949,RBMY1E,378950.0,Del0.8,0.17
X-3949,RBMY1F,159163.0,Del0.8,0.17
X-3949,RBMY1F,159163.0,Del0.8,0.17
X-3949,RBMY1J,378951.0,Del0.8,0.17
X-3949,RBMY1J,378951.0,Del0.8,0.17
X-3949,RBMY2EP,159125.0,Del0.8,0.17
X-3949,RBMY2FP,159162.0,Del0.8,0.17
X-3949,RBMY3AP,64593.0,Del0.8,0.17
X-3949,RCN3,57333.0,Amp8,10.06
X-3949,RDH13,112724.0,Amp5,7.62
X-3949,RFPL4A,342931.0,Amp8,10.93
X-3949,RHD,6007.0,Del0.8,0.4
X-3949,RIMS2,9699.0,Amp5,5.03
X-3949,RIN3,79890.0,MutNovel,"G967-,0.314"
X-3949,RINL,126432.0,Amp5,7.31
X-3949,RIPK2,8767.0,Amp5,5.1
X-3949,RPL13A,23521.0,Amp8,10.06
X-3949,RPL28,6158.0,Amp8,10.93
X-3949,RPS11,6205.0,Amp8,10.06
X-3949,RPS16,6217.0,Amp5,7.31
X-3949,RPS4Y1,6192.0,Del0.8,0.21
X-3949,RPS4Y2,140032.0,Del0.8,0.17
X-3949,RPS5,6193.0,Amp5,7.84
X-3949,RPS9,6203.0,Amp8,8.4
X-3949,RRM2B,50484.0,Amp5,5.03
X-3949,RSPO2,340419.0,Amp5,5.03
X-3949,RUNX1T1,862.0,Amp5,5.1
X-3949,RYR1,6261.0,Amp5,6.54
X-3949,SAMD4B,55095.0,Amp5,7.31
X-3949,SAMD9,54809.0,Amp5,5.62
X-3949,SAMD9L,219285.0,Amp5,5.62
X-3949,SARS2,54938.0,Amp5,7.31
X-3949,SBK2,646643.0,Amp8,10.93
X-3949,SDHAF1,644096.0,Amp5,5.1
X-3949,SELV,348303.0,Amp5,7.31
X-3949,SEMA3E,9723.0,MutNovel,"I179V,1.000"
X-3949,SERINC2,347735.0,MutNovel,"-373Q,0.762"
X-3949,SGK110,100130827.0,Amp8,10.93
X-3949,SGSM3,27352.0,MutNovel,"R189Q,0.550"
X-3949,SHANK1,50944.0,Amp8,8
X-3949,SHISA7,729956.0,Amp8,10.93
X-3949,SIGLEC10,89790.0,Amp8,8
X-3949,SIGLEC12,89858.0,Amp8,8
X-3949,SIGLEC14,100049587.0,Amp8,8
X-3949,SIGLEC5,8778.0,Amp8,8
X-3949,SIGLEC6,946.0,Amp8,8
X-3949,SIGLEC7,27036.0,Amp8,8
X-3949,SIGLEC8,27181.0,Amp8,8
X-3949,SIGLEC9,27180.0,Amp8,8
X-3949,SIPA1L3,23094.0,Amp5,6.54
X-3949,SIRPA,140885.0,MutNovel,"G188W,1.000"
X-3949,SIRT2,22933.0,Amp5,7.31
X-3949,SKIV2L,6499.0,MutNovel,"Q534K,0.508"
X-3949,SLC10A5,347051.0,Amp5,5.1
X-3949,SLC17A7,57030.0,Amp8,10.06
X-3949,SLC25A32,81034.0,Amp5,5.03
X-3949,SLC26A7,115111.0,Amp5,5.1
X-3949,SLC27A5,10998.0,Amp8,10.27
X-3949,SLC45A4,57210.0,Amp5,5.03
X-3949,SLC6A16,28968.0,Amp8,10.06
X-3949,SLC7A13,157724.0,Amp5,5.1
X-3949,SLURP1,57152.0,Amp5,5.03
X-3949,SMG9,56006.0,Amp5,5.03
X-3949,SNAR-B2,100170217.0,Amp5,6.23
X-3949,SNAR-D,100170227.0,Amp8,8
X-3949,SNAR-F,100126781.0,Amp8,8
X-3949,SNORD32A,26819.0,Amp8,10.06
X-3949,SNORD33,26818.0,Amp8,10.06
X-3949,SNORD34,26817.0,Amp8,10.06
X-3949,SNORD35A,26816.0,Amp8,10.06
X-3949,SNORD35B,84546.0,Amp8,10.06
X-3949,SNORD88A,692202.0,Amp8,8
X-3949,SNORD88B,692203.0,Amp8,8
X-3949,SNORD88C,692204.0,Amp8,8
X-3949,SNX16,64089.0,Amp5,5.1
X-3949,SNX31,169166.0,Amp5,6.23
X-3949,SOX4,6659.0,MutNovel,"P193R,0.667"
X-3949,SPIB,6689.0,Amp8,8
X-3949,SPINT2,10653.0,Amp5,6.54
X-3949,SPRED3,399473.0,Amp5,6.54
X-3949,SRRM5,100170229.0,Amp5,5.03
X-3949,SRY,6736.0,Del0.8,0.21
X-3949,SSC5D,284297.0,Amp8,10.93
X-3949,STK11,6794.0,MutNovel,"R415C,0.532"
X-3949,STK11IP,114790.0,MutNovel,"R281Q,0.571"
X-3949,STK16,8576.0,MutNovel,"I154V,0.438"
X-3949,STK36,27148.0,MutNovel,"L988F,0.547"
X-3949,STMN2,11075.0,Amp5,5.1
X-3949,STMN3,50861.0,MutNovel,"N137S,0.512"
X-3949,SUCLA2,8803.0,MutNovel,"V348G,0.558"
X-3949,SUPT5H,6829.0,Amp5,7.31
X-3949,SUV420H2,84787.0,Amp8,10.93
X-3949,SYBU,55638.0,Amp5,5.03
X-3949,SYCN,342898.0,Amp5,7.31
X-3949,SYT3,84258.0,Amp8,8
X-3949,SYT5,6861.0,Amp8,10.93
X-3949,TARM1,441864.0,Amp8,8.4
X-3949,TBCB,1155.0,Amp5,5.1
X-3949,TBL1Y,90665.0,Del0.8,0.21
X-3949,TCF20,6942.0,MutNovel,"R1959L,0.640"
X-3949,TEAD2,8463.0,Amp8,10.06
X-3949,TEX101,83639.0,Amp5,5.03
X-3949,TFPI2,7980.0,Amp5,5.62
X-3949,TFPT,29844.0,Amp8,8.4
X-3949,TGIF2LY,90655.0,Del0.8,0.21
X-3949,THADA,63892.0,MutNovel,"T1045S,0.516"
X-3949,THAP8,199745.0,Amp5,5.1
X-3949,TIMM50,92609.0,Amp5,7.31
X-3949,TMC4,147798.0,Amp8,8.4
X-3949,TMEM150B,284417.0,Amp8,10.93
X-3949,TMEM190,147744.0,Amp8,10.93
X-3949,TMEM222,84065.0,MutNovel,"G72S,0.410"
X-3949,TMEM238,388564.0,Amp8,10.93
X-3949,TMEM55A,55529.0,Amp5,5.1
X-3949,TMEM64,169200.0,Amp5,5.1
X-3949,TMEM67,91147.0,Amp5,5.1
X-3949,TMEM74,157753.0,Amp5,5.03
X-3949,TMEM86B,255043.0,Amp8,10.93
X-3949,TMSB4Y,9087.0,Del0.8,0.17
X-3949,TNNI3,7137.0,Amp8,10.93
X-3949,TNNT1,7138.0,Amp8,10.93
X-3949,TNRC18,84629.0,Amp5,5.39
X-3949,TPD52,7163.0,Amp5,5.1
X-3949,TRAM1,23471.0,Amp5,5.06
X-3949,TRAPPC2P1,10597.0,Amp8,14.72
X-3949,TRAPPC9,83696.0,Amp5,5.03
X-3949,TRHR,7201.0,Amp5,5.03
X-3949,TRIM28,10155.0,Amp8,10.27
X-3949,TSEN34,79042.0,Amp8,8.4
X-3949,TSNARE1,203062.0,Amp5,5.03
X-3949,TSPY1,7258.0,Del0.8,0.21
X-3949,TSPY2,64591.0,Del0.8,0.21
X-3949,TSPY3,728137.0,Del0.8,0.21
X-3949,TSPY4,728395.0,Del0.8,0.21
X-3949,TSPY8,728403.0,Del0.8,0.21
X-3949,TSPYL1,7259.0,MutNovel,"V176VW,0.956"
X-3949,TTC9B,148014.0,Amp5,7.31
X-3949,TTTY10,246119.0,Del0.8,0.17
X-3949,TTTY11,83866.0,Del0.8,0.21
X-3949,TTTY12,83867.0,Del0.8,0.21
X-3949,TTTY13,83868.0,Del0.8,0.17
X-3949,TTTY14,83869.0,Del0.8,0.17
X-3949,TTTY15,64595.0,Del0.8,0.17
X-3949,TTTY16,252948.0,Del0.8,0.21
X-3949,TTTY17A,252949.0,Del0.8,0.17
X-3949,TTTY17A,252949.0,Del0.8,0.17
X-3949,TTTY18,252950.0,Del0.8,0.21
X-3949,TTTY19,252952.0,Del0.8,0.21
X-3949,TTTY1B,100101116.0,Del0.8,0.17
X-3949,TTTY1B,100101116.0,Del0.8,0.21
X-3949,TTTY2,60439.0,Del0.8,0.17
X-3949,TTTY2,60439.0,Del0.8,0.21
X-3949,TTTY20,252951.0,Del0.8,0.21
X-3949,TTTY21,252953.0,Del0.8,0.21
X-3949,TTTY21,252953.0,Del0.8,0.17
X-3949,TTTY22,252954.0,Del0.8,0.17
X-3949,TTTY23,252955.0,Del0.8,0.17
X-3949,TTTY23,252955.0,Del0.8,0.21
X-3949,TTTY3,114760.0,Del0.8,0.17
X-3949,TTTY3,114760.0,Del0.8,0.17
X-3949,TTTY4,114761.0,Del0.8,0.17
X-3949,TTTY4,114761.0,Del0.8,0.17
X-3949,TTTY5,83863.0,Del0.8,0.17
X-3949,TTTY6,84672.0,Del0.8,0.17
X-3949,TTTY6,84672.0,Del0.8,0.17
X-3949,TTTY7,246122.0,Del0.8,0.21
X-3949,TTTY7,246122.0,Del0.8,0.17
X-3949,TTTY7B,100101120.0,Del0.8,0.21
X-3949,TTTY7B,100101120.0,Del0.8,0.17
X-3949,TTTY8,84673.0,Del0.8,0.21
X-3949,TTTY8,84673.0,Del0.8,0.17
X-3949,TTTY9A,83864.0,Del0.8,0.17
X-3949,TTTY9A,83864.0,Del0.8,0.17
X-3949,TTYH1,57348.0,Amp8,8.4
X-3949,TUBGCP2,10844.0,MutNovel,"S225P,0.229"
X-3949,TXLNG2P,246126.0,Del0.8,0.17
X-3949,TYROBP,7305.0,Amp5,5.1
X-3949,U2AF2,11338.0,Amp8,10.93
X-3949,UBE2M,9040.0,Amp8,10.27
X-3949,UBE2S,27338.0,Amp8,10.93
X-3949,UBR5,51366.0,Amp5,5.03
X-3949,USP18,11274.0,MutNovel,"N325S,0.600"
X-3949,USP29,57663.0,Amp8,14.72
X-3949,USP32P2,220594.0,Del0.8,0.36
X-3949,USP36,57602.0,MutNovel,"KKK958K,0.598"
X-3949,USP42,84132.0,MutNovel,"R779P,0.361"
X-3949,USP9Y,8287.0,Del0.8,0.17
X-3949,UTY,7404.0,Del0.8,0.17
X-3949,VCY,9084.0,Del0.8,0.17
X-3949,VCY,9084.0,Del0.8,0.17
X-3949,VN1R1,57191.0,Amp8,14.72
X-3949,VN1R2,317701.0,Amp8,8.4
X-3949,VN1R4,317703.0,Amp8,8.4
X-3949,VPS11,55823.0,MutNovel,"S784R,0.448"
X-3949,VPS13C,54832.0,MutNovel,"D602N,0.618"
X-3949,VSIG10L,147645.0,Amp8,8
X-3949,VSTM1,284415.0,Amp8,8.4
X-3949,WDR62,284403.0,Amp5,5.1
X-3949,WDR87,83889.0,Amp5,6.54
X-3949,WWOX,51741.0,Del0.8,0.69
X-3949,WWP1,11059.0,Amp5,5.1
X-3949,XAB2,56949.0,MutNovel,"R268L,0.486"
X-3949,XKR9,389668.0,Amp5,5.06
X-3949,XKRY2,353515.0,Del0.8,0.17
X-3949,XKRY2,353515.0,Del0.8,0.17
X-3949,XRCC1,7515.0,Amp5,5.03
X-3949,YIF1B,90522.0,Amp5,6.54
X-3949,YWHAZ,7534.0,Amp5,5.03
X-3949,ZBTB10,65986.0,Amp5,5.1
X-3949,ZBTB45,84878.0,Amp8,10.27
X-3949,ZDHHC11,79844.0,MutNovel,"A303D,0.600"
X-3949,ZFAND1,79752.0,Amp5,5.1
X-3949,ZFHX4,79776.0,Amp5,5.1
X-3949,ZFP14,57677.0,Amp5,5.1
X-3949,ZFP28,140612.0,Amp8,9.32
X-3949,ZFP30,22835.0,Amp5,6.54
X-3949,ZFP36,7538.0,Amp5,7.31
X-3949,ZFP82,284406.0,Amp5,5.1
X-3949,ZFPM2,23414.0,Amp5,5.03
X-3949,ZFY,7544.0,Del0.8,0.21
X-3949,ZIC1,7545.0,MutNovel,"K300G,0.250"
X-3949,ZIK1,284307.0,Amp8,14.72
X-3949,ZIM2,23619.0,Amp8,14.72
X-3949,ZIM3,114026.0,Amp8,14.72
X-3949,ZNF134,7693.0,Amp8,14.72
X-3949,ZNF135,7694.0,Amp5,7.84
X-3949,ZNF137P,7696.0,Amp8,8
X-3949,ZNF146,7705.0,Amp5,5.1
X-3949,ZNF154,7710.0,Amp8,14.72
X-3949,ZNF155,7711.0,Amp5,7.67
X-3949,ZNF160,90338.0,Amp8,8.4
X-3949,ZNF17,7565.0,Amp8,14.72
X-3949,ZNF174,7727.0,MutNovel,"M112V,0.280"
X-3949,ZNF175,7728.0,Amp8,8
X-3949,ZNF211,10520.0,Amp8,14.72
X-3949,ZNF221,7638.0,Amp5,7.67
X-3949,ZNF222,7673.0,Amp5,7.67
X-3949,ZNF223,7766.0,Amp5,7.67
X-3949,ZNF224,7767.0,Amp5,7.67
X-3949,ZNF225,7768.0,Amp5,7.67
X-3949,ZNF226,7769.0,Amp5,7.67
X-3949,ZNF227,7770.0,Amp5,7.67
X-3949,ZNF230,7773.0,Amp5,7.67
X-3949,ZNF233,353355.0,Amp5,5.5
X-3949,ZNF234,10780.0,Amp5,7.67
X-3949,ZNF256,10172.0,Amp8,14.72
X-3949,ZNF260,339324.0,Amp5,5.1
X-3949,ZNF264,9422.0,Amp8,14.72
X-3949,ZNF274,10782.0,Amp5,7.84
X-3949,ZNF28,7576.0,Amp8,8
X-3949,ZNF283,284349.0,Amp5,7.67
X-3949,ZNF284,342909.0,Amp5,7.67
X-3949,ZNF304,57343.0,Amp8,14.72
X-3949,ZNF320,162967.0,Amp8,8
X-3949,ZNF321P,399669.0,Amp8,8
X-3949,ZNF324,25799.0,Amp8,10.27
X-3949,ZNF324B,388569.0,Amp8,10.27
X-3949,ZNF329,79673.0,Amp5,7.84
X-3949,ZNF331,55422.0,Amp8,8.4
X-3949,ZNF345,25850.0,Amp5,5.1
X-3949,ZNF347,84671.0,Amp8,8.4
X-3949,ZNF350,59348.0,Amp8,8
X-3949,ZNF382,84911.0,Amp5,5.1
X-3949,ZNF383,163087.0,Amp5,6.54
X-3949,ZNF404,342908.0,MutNovel,"L120P,0.239"
X-3949,ZNF404,342908.0,Amp5,7.67
X-3949,ZNF415,55786.0,Amp8,8.4
X-3949,ZNF416,55659.0,Amp8,14.72
X-3949,ZNF417,147687.0,Amp8,14.72
X-3949,ZNF418,147686.0,Amp8,14.72
X-3949,ZNF419,79744.0,Amp8,14.72
X-3949,ZNF420,147923.0,Amp5,6.54
X-3949,ZNF428,126299.0,Amp5,5.03
X-3949,ZNF432,9668.0,Amp8,8
X-3949,ZNF434,54925.0,MutNovel,"R349H,0.561"
X-3949,ZNF444,55311.0,Amp8,9.45
X-3949,ZNF446,55663.0,Amp8,10.27
X-3949,ZNF45,7596.0,Amp5,7.67
X-3949,ZNF460,10794.0,Amp8,14.72
X-3949,ZNF461,92283.0,Amp5,5.1
X-3949,ZNF468,90333.0,Amp8,8
X-3949,ZNF470,388566.0,Amp8,9.32
X-3949,ZNF471,57573.0,Amp8,9.32
X-3949,ZNF480,147657.0,Amp8,8
X-3949,ZNF497,162968.0,Amp5,7.84
X-3949,ZNF524,147807.0,Amp8,10.93
X-3949,ZNF525,170958.0,Amp8,8.4
X-3949,ZNF527,84503.0,Amp5,6.54
X-3949,ZNF528,84436.0,Amp8,8
X-3949,ZNF529,57711.0,Amp5,5.1
X-3949,ZNF530,348327.0,Amp8,14.72
X-3949,ZNF534,147658.0,Amp8,8
X-3949,ZNF540,163255.0,Amp5,6.54
X-3949,ZNF542,147947.0,Amp8,9.45
X-3949,ZNF543,125919.0,Amp8,14.72
X-3949,ZNF544,27300.0,Amp5,7.84
X-3949,ZNF546,339327.0,Amp5,7.31
X-3949,ZNF547,284306.0,Amp8,14.72
X-3949,ZNF548,147694.0,Amp8,14.72
X-3949,ZNF549,256051.0,Amp8,14.72
X-3949,ZNF550,162972.0,Amp8,14.72
X-3949,ZNF551,90233.0,Amp8,14.72
X-3949,ZNF552,79818.0,Amp8,14.72
X-3949,ZNF565,147929.0,Amp5,5.1
X-3949,ZNF566,84924.0,Amp5,5.1
X-3949,ZNF567,163081.0,Amp5,5.1
X-3949,ZNF569,148266.0,Amp5,6.54
X-3949,ZNF570,148268.0,Amp5,6.54
X-3949,ZNF571,51276.0,Amp5,6.54
X-3949,ZNF573,126231.0,Amp5,6.54
X-3949,ZNF575,284346.0,Amp5,5.03
X-3949,ZNF576,79177.0,Amp5,5.03
X-3949,ZNF577,84765.0,Amp8,8
X-3949,ZNF578,147660.0,Amp8,8
X-3949,ZNF579,163033.0,Amp8,10.93
X-3949,ZNF580,51157.0,Amp8,10.93
X-3949,ZNF581,51545.0,Amp8,10.93
X-3949,ZNF582,147948.0,Amp5,7.06
X-3949,ZNF583,147949.0,Amp5,5.28
X-3949,ZNF584,201514.0,Amp5,7.84
X-3949,ZNF585A,199704.0,Amp5,6.54
X-3949,ZNF585B,92285.0,Amp5,6.54
X-3949,ZNF586,54807.0,Amp8,14.72
X-3949,ZNF587,84914.0,Amp8,14.72
X-3949,ZNF600,162966.0,Amp8,8
X-3949,ZNF606,80095.0,Amp5,7.84
X-3949,ZNF607,84775.0,Amp5,6.54
X-3949,ZNF610,162963.0,Amp8,8
X-3949,ZNF611,81856.0,Amp8,8
X-3949,ZNF613,79898.0,Amp8,8
X-3949,ZNF614,80110.0,Amp8,8
X-3949,ZNF615,284370.0,Amp8,8
X-3949,ZNF616,90317.0,Amp8,8
X-3949,ZNF628,89887.0,Amp8,10.93
X-3949,ZNF649,65251.0,Amp8,8
X-3949,ZNF665,79788.0,Amp8,8.4
X-3949,ZNF667,63934.0,Amp5,5.28
X-3949,ZNF671,79891.0,Amp8,14.72
X-3949,ZNF677,342926.0,Amp8,8.4
X-3949,ZNF701,55762.0,Amp8,8
X-3949,ZNF702P,79986.0,Amp8,8
X-3949,ZNF704,619279.0,Amp5,5.1
X-3949,ZNF706,51123.0,Amp5,5.03
X-3949,ZNF71,58491.0,Amp8,9.32
X-3949,ZNF732,654254.0,MutNovel,"V77M,0.333"
X-3949,ZNF749,388567.0,Amp8,14.72
X-3949,ZNF761,388561.0,Amp8,8.4
X-3949,ZNF765,91661.0,Amp8,8.4
X-3949,ZNF766,90321.0,Amp8,8
X-3949,ZNF772,400720.0,Amp8,14.72
X-3949,ZNF773,374928.0,Amp8,14.72
X-3949,ZNF776,284309.0,Amp8,14.72
X-3949,ZNF780A,284323.0,Amp5,7.31
X-3949,ZNF780B,163131.0,Amp5,7.31
X-3949,ZNF781,163115.0,Amp5,6.54
X-3949,ZNF784,147808.0,Amp8,10.93
X-3949,ZNF787,126208.0,Amp8,9.45
X-3949,ZNF790,388536.0,Amp5,5.1
X-3949,ZNF793,390927.0,Amp5,6.54
X-3949,ZNF8,7554.0,Amp5,7.84
X-3949,ZNF805,390980.0,Amp8,14.72
X-3949,ZNF808,388558.0,Amp8,8
X-3949,ZNF813,126017.0,Amp8,8.4
X-3949,ZNF814,730051.0,Amp8,14.72
X-3949,ZNF816,125893.0,Amp8,8
X-3949,ZNF816-ZNF321P,100529240.0,Amp8,8
X-3949,ZNF829,374899.0,Amp5,5.1
X-3949,ZNF83,55769.0,Amp8,8
X-3949,ZNF835,90485.0,Amp8,9.32
X-3949,ZNF836,162962.0,Amp8,8
X-3949,ZNF837,116412.0,Amp5,7.84
X-3949,ZNF841,284371.0,Amp8,8
X-3949,ZNF845,91664.0,Amp8,8.4
X-3949,ZNF850,342892.0,Amp5,5.1
X-3949,ZNF865,100507290.0,Amp8,10.93
X-3949,ZNF880,400713.0,Amp8,8
X-3949,ZSCAN1,284312.0,Amp5,7.84
X-3949,ZSCAN18,65982.0,Amp5,7.84
X-3949,ZSCAN22,342945.0,Amp5,7.84
X-3949,ZSCAN4,201516.0,Amp8,14.72
X-3949,ZSCAN5A,79149.0,Amp8,9.45
X-3949,ZSCAN5B,342933.0,Amp8,9.45
X-4026,ACOT1,641371.0,Del0.8,0.65
X-4026,ACPT,93650.0,Amp8,12.38
X-4026,ADCK4,79934.0,Amp5,6.28
X-4026,ADCY7,113.0,MutNovel,"R592W,0.441"
X-4026,AGAP7,653268.0,MutNovel,"D97E,1.000"
X-4026,AHNAK2,113146.0,MutNovel,"G2088S,1.000"
X-4026,AHNAK2,113146.0,MutNovel,"L2079F,1.000"
X-4026,AKT1S1,84335.0,Amp8,9.06
X-4026,AKT2,208.0,Amp5,6.28
X-4026,ALDH16A1,126133.0,Amp8,9.06
X-4026,ALKBH3,221120.0,MutNovel,"I72T,0.355"
X-4026,AMELY,266.0,Del0.8,0.28
X-4026,ANKRD13B,124930.0,MutNovel,"M359V,0.459"
X-4026,AP2A1,160.0,Amp8,9.06
X-4026,ARHGAP31,57514.0,Del0.8,0.78
X-4026,ARHGEF3,50650.0,MutNovel,"S546F,0.600"
X-4026,ARIH2,10425.0,MutKnownFunctional,"Y428*,1.000"
X-4026,ASPDH,554235.0,Amp8,12.38
X-4026,ATF5,22809.0,Amp8,9.06
X-4026,ATG2B,55102.0,MutNovel,"E980K,0.364"
X-4026,ATP1A3,478.0,Amp5,6.68
X-4026,ATP5SL,55101.0,Amp5,6.28
X-4026,AXL,558.0,Amp5,6.28
X-4026,B3GNT8,374907.0,Amp5,6.28
X-4026,B9D2,80776.0,Amp5,6.28
X-4026,BAX,581.0,Amp5,5.31
X-4026,BCAT2,587.0,Amp5,5.31
X-4026,BCKDHA,593.0,Amp5,6.28
X-4026,BCL2L12,83596.0,Amp8,9.06
X-4026,BCORP1,286554.0,Del0.8,0.23
X-4026,BLVRB,645.0,Amp5,6.28
X-4026,BPY2B,442867.0,Del0.8,0.08
X-4026,BPY2B,442867.0,Del0.8,0.13
X-4026,BTNL3,10917.0,MutNovel,"H311G,1.000"
X-4026,BYSL,705.0,MutNovel,"P426F,0.490"
X-4026,C19orf47,126526.0,Amp5,6.28
X-4026,C19orf48,84798.0,Amp8,12.38
X-4026,C19orf54,284325.0,Amp5,6.28
X-4026,C19orf69,100170765.0,Amp5,6.28
X-4026,C19orf73,55150.0,Amp8,9.06
X-4026,C19orf75,284369.0,Amp8,13.45
X-4026,C19orf76,199800.0,Amp8,9.06
X-4026,C19orf81,342918.0,Amp8,12.38
X-4026,CAGE1,285782.0,Del0.8,0.8
X-4026,CBWD6,644019.0,MutKnownFunctional,"-259?,0.356"
X-4026,CCDC155,147872.0,Amp8,9.06
X-4026,CCDC97,90324.0,Amp5,6.28
X-4026,CCHCR1,54535.0,MutNovel,"M488I,0.525"
X-4026,CD33,945.0,Amp8,11
X-4026,CD37,951.0,Amp8,9.06
X-4026,CD79A,973.0,Amp5,6.28
X-4026,CDADC1,81602.0,MutNovel,"G365S,1.000"
X-4026,CDC42EP1,11135.0,MutNovel,"PAPAANPS253P,0.202"
X-4026,CDKN2A,1029.0,Del0.8,0.27
X-4026,CDKN2B,1030.0,Del0.8,0.42
X-4026,CDY1B,253175.0,Del0.8,0.18
X-4026,CDY1B,253175.0,Del0.8,0.23
X-4026,CDY2A,9426.0,Del0.8,0.23
X-4026,CDY2A,9426.0,Del0.8,0.23
X-4026,CDY2B,203611.0,Del0.8,0.23
X-4026,CDY2B,203611.0,Del0.8,0.23
X-4026,CEACAM18,729767.0,Amp8,13.18
X-4026,CEACAM21,90273.0,Amp5,6.28
X-4026,CEACAM3,1084.0,Amp5,6.28
X-4026,CEACAM4,1089.0,Amp5,6.28
X-4026,CEACAM5,1048.0,Amp5,6.28
X-4026,CEACAM6,4680.0,Amp5,6.28
X-4026,CEACAM7,1087.0,Amp5,6.28
X-4026,CGB,1082.0,Amp5,5.31
X-4026,CGB1,114335.0,Amp5,5.31
X-4026,CGB2,114336.0,Amp5,5.31
X-4026,CGB5,93659.0,Amp5,5.31
X-4026,CGB7,94027.0,Amp5,5.31
X-4026,CGB8,94115.0,Amp5,5.31
X-4026,CHCHD3,54927.0,MutNovel,"Q192E,0.298"
X-4026,CHD5,26038.0,Del0.8,0.31
X-4026,CLC,1178.0,Amp5,6.28
X-4026,CLDND2,125875.0,Amp8,13.18
X-4026,CLEC11A,6320.0,Amp8,12.38
X-4026,CNTD2,79935.0,Amp5,6.28
X-4026,COPZ2,51226.0,MutKnownFunctional,"-23?,0.333"
X-4026,COX18,285521.0,MutNovel,"SS61S,0.292"
X-4026,COX18,285521.0,MutNovel,"S61F,0.292"
X-4026,CPT1C,126129.0,Amp8,9.06
X-4026,CRIPAK,285464.0,MutNovel,"V164A,0.500"
X-4026,CSPG4P1Y,114758.0,Del0.8,0.18
X-4026,CSPG4P1Y,114758.0,Del0.8,0.23
X-4026,CTSA,5476.0,MutNovel,"L29-,0.444"
X-4026,CTU1,90353.0,Amp8,14.32
X-4026,CYB561D1,284613.0,MutNovel,"F103-,0.897"
X-4026,CYP2A13,1553.0,Amp5,6.28
X-4026,CYP2A6,1548.0,Amp5,6.28
X-4026,CYP2A7,1549.0,Amp5,6.28
X-4026,CYP2B6,1555.0,Amp5,6.28
X-4026,CYP2B7P1,1556.0,Amp5,6.28
X-4026,CYP2E1,1571.0,MutNovel,"I383M,0.657"
X-4026,CYP2F1,1572.0,Amp5,6.28
X-4026,CYP2G1P,22952.0,Amp5,6.28
X-4026,CYP2S1,29785.0,Amp5,6.28
X-4026,CYS1,192668.0,MutNovel,"R35L,0.526"
X-4026,DAZ1,1617.0,Del0.8,0.23
X-4026,DAZ2,57055.0,Del0.8,0.15
X-4026,DAZ3,57054.0,Del0.8,0.13
X-4026,DAZ3,57054.0,Del0.8,0.08
X-4026,DAZ4,57135.0,Del0.8,0.16
X-4026,DAZ4,57135.0,Del0.8,0.11
X-4026,DCAKD,79877.0,MutKnownFunctional,"-7,0.420"
X-4026,DDX3Y,8653.0,Del0.8,0.23
X-4026,DDX49,54555.0,MutNovel,"D133N,0.507"
X-4026,DFNB59,494513.0,MutKnownFunctional,"-309,0.483"
X-4026,DHDH,27294.0,Amp5,5.31
X-4026,DKKL1,27120.0,Amp8,9.06
X-4026,DLL3,10683.0,Amp5,6.28
X-4026,DMRT2,10655.0,MutNovel,"T106S,1.000"
X-4026,DMRTA1,63951.0,Del0.8,0.18
X-4026,DMRTC2,63946.0,Amp5,6.28
X-4026,DYRK1B,9149.0,Amp5,6.28
X-4026,EEF2,1938.0,MutNovel,"P377A,0.656"
X-4026,EGLN2,112398.0,Amp5,6.28
X-4026,EID2,163126.0,Amp5,6.28
X-4026,EID2B,126272.0,Amp5,6.28
X-4026,EIF1AY,9086.0,Del0.8,0.23
X-4026,EIF5AL1,143244.0,MutKnownFunctional,"-71,0.455"
X-4026,ELAVL2,1993.0,Del0.8,0.45
X-4026,EPPK1,83481.0,MutNovel,"R2239H,0.357"
X-4026,ETFB,2109.0,Amp8,13.18
X-4026,EWSR1,2130.0,MutNovel,"R568P,0.508"
X-4026,EXOSC5,56915.0,Amp5,6.28
X-4026,FAM132B,,MutNovel,"R307C,0.923"
X-4026,FAM197Y2P,252946.0,Del0.8,0.23
X-4026,FAM41AY1,340618.0,Del0.8,0.23
X-4026,FAM41AY1,340618.0,Del0.8,0.23
X-4026,FAM71E1,112703.0,Amp8,12.38
X-4026,FAM75A6,389730.0,Del0.8,0.64
X-4026,FBL,2091.0,Amp5,6.28
X-4026,FBXL2,25827.0,MutNovel,"P406L,0.547"
X-4026,FBXO17,115290.0,Amp5,5.17
X-4026,FBXO27,126433.0,Amp5,5.17
X-4026,FCGBP,8857.0,Amp5,6.28
X-4026,FCGRT,2217.0,Amp8,9.06
X-4026,FFAR3,2865.0,Del0.8,0.58
X-4026,FLJ26850,400710.0,Amp8,9.06
X-4026,FLJ30403,729975.0,Amp8,13.18
X-4026,FLJ35282,441389.0,Del0.8,0.23
X-4026,FLT3LG,2323.0,Amp8,9.06
X-4026,FNDC1,84624.0,MutNovel,"ATTRRTT1471A,0.371"
X-4026,FOXA1,3169.0,MutNovel,"A115T,0.833"
X-4026,FPR1,2357.0,Amp8,12.21
X-4026,FPR2,2358.0,Amp8,12.21
X-4026,FPR3,2359.0,Amp8,12.21
X-4026,FTL,2512.0,Amp5,5.31
X-4026,FUK,197258.0,MutNovel,"Q194K,0.792"
X-4026,FUZ,80199.0,Amp8,9.06
X-4026,GABPB1,2553.0,MutNovel,"D151G,0.445"
X-4026,GAK,2580.0,MutNovel,"N237K,0.588"
X-4026,GIGYF2,26058.0,MutNovel,"PQ1231P,0.719"
X-4026,GMFG,9535.0,Amp5,6.28
X-4026,GOLGA2P2Y,84559.0,Del0.8,0.23
X-4026,GOLGA2P2Y,84559.0,Del0.8,0.18
X-4026,GPR32,2854.0,Amp8,12.38
X-4026,GRIK5,2901.0,Amp5,6.68
X-4026,GYG2P1,352887.0,Del0.8,0.23
X-4026,GYS1,2997.0,Amp5,5.31
X-4026,H2BFM,286436.0,MutNovel,"Q152E,1.000"
X-4026,HAS1,3036.0,Amp8,12.21
X-4026,HCN2,610.0,MutNovel,"R76H,1.000"
X-4026,HIC1,3090.0,MutNovel,"P370A,0.551"
X-4026,HIPK4,147746.0,Amp5,6.28
X-4026,HMCN1,83872.0,MutNovel,"N5194H,0.400"
X-4026,HNRNPUL1,11100.0,Amp5,6.28
X-4026,HOXA1,3198.0,MutNovel,"HHHH69H,1.000"
X-4026,HRC,3270.0,Amp8,9.06
X-4026,HSD17B14,51171.0,Amp5,5.31
X-4026,HSFY2,159119.0,Del0.8,0.23
X-4026,HSFY2,159119.0,Del0.8,0.23
X-4026,IFIT1B,439996.0,MutNovel,"V104M,1.000"
X-4026,IFIT1B,439996.0,MutNovel,"Y256C,1.000"
X-4026,IGLON5,402665.0,Amp8,13.18
X-4026,IL28A,282616.0,Amp5,6.28
X-4026,IL28B,282617.0,Amp5,6.28
X-4026,IL29,282618.0,Amp5,6.28
X-4026,IL4I1,259307.0,Amp8,9.06
X-4026,IP6K2,51447.0,MutNovel,"E322D,0.995"
X-4026,IP6K2,51447.0,MutNovel,"S18F,1.000"
X-4026,IRF3,3661.0,Amp8,9.06
X-4026,ITPKC,80271.0,Amp5,6.28
X-4026,IZUMO2,126123.0,Amp8,9.06
X-4026,JOSD2,126119.0,Amp8,12.38
X-4026,KAT8,84148.0,MutNovel,"P36A,0.424"
X-4026,KCNA7,3743.0,Amp5,5.31
X-4026,KCNAB2,8514.0,Del0.8,0.27
X-4026,KCNC3,3748.0,Amp8,9.06
X-4026,KDM5D,8284.0,Del0.8,0.23
X-4026,KIAA2018,205717.0,MutNovel,"SGNQRQS1998-,0.714"
X-4026,KIF20B,9585.0,MutNovel,"L1062LKV,0.336"
X-4026,KIR2DL4,3805.0,Amp5,6.45
X-4026,KLHL21,9903.0,MutNovel,"A208T,1.000"
X-4026,KLK1,3816.0,Amp8,12.38
X-4026,KLK10,5655.0,Amp8,14.03
X-4026,KLK11,11012.0,Amp8,14.03
X-4026,KLK12,43849.0,Amp8,14.03
X-4026,KLK13,26085.0,Amp8,10.27
X-4026,KLK14,43847.0,Amp8,14.32
X-4026,KLK15,55554.0,Amp8,12.38
X-4026,KLK2,3817.0,Amp8,12.38
X-4026,KLK3,354.0,Amp8,12.38
X-4026,KLK4,9622.0,Amp8,14.03
X-4026,KLK5,25818.0,Amp8,14.03
X-4026,KLK6,5653.0,Amp8,14.03
X-4026,KLK7,5650.0,Amp8,14.03
X-4026,KLK8,11202.0,Amp8,14.03
X-4026,KLK9,284366.0,Amp8,14.03
X-4026,KLKP1,606293.0,Amp8,9.13
X-4026,LATS2,26524.0,MutNovel,"F1040L,0.297"
X-4026,LDB1,8861.0,MutNovel,"C269Y,0.426"
X-4026,LEUTX,342900.0,Amp5,6.28
X-4026,LGALS13,29124.0,Amp5,6.28
X-4026,LGALS14,56891.0,Amp5,6.28
X-4026,LGALS16,148003.0,Amp5,6.28
X-4026,LGALS17A,400696.0,Amp5,6.28
X-4026,LHB,3972.0,Amp5,5.31
X-4026,LIM2,3982.0,Amp8,13.18
X-4026,LIN7B,64130.0,Amp8,9.06
X-4026,LINC00085,147650.0,Amp8,12.21
X-4026,LMF1,64788.0,MutNovel,"G525E,0.514"
X-4026,LOC100129083,100129083.0,Amp8,13.18
X-4026,LOC100129935,100129935.0,Amp5,6.28
X-4026,LOC100132247,100132247.0,MutNovel,"A507V,0.304"
X-4026,LOC100288332,,MutNovel,"I257T,1.000"
X-4026,LOC100505495,100505495.0,Amp5,6.28
X-4026,LOC100507003,100507003.0,Amp8,9.06
X-4026,LOC147646,147646.0,Amp8,13.18
X-4026,LOC643669,643669.0,Amp5,5.17
X-4026,LOC646021,,MutNovel,"G158A,0.550"
X-4026,LOC653720,,MutNovel,"S626P,1.000"
X-4026,LRFN1,57622.0,Amp5,6.28
X-4026,LRIG3,121227.0,MutNovel,"M182L,1.000"
X-4026,LRP3,4037.0,MutNovel,"G214R,0.624"
X-4026,LRRC4B,94030.0,Amp8,12.38
X-4026,LRRC66,339977.0,MutNovel,"T664I,0.520"
X-4026,LSR,51599.0,MutNovel,"G518GR,0.333"
X-4026,LTBP4,8425.0,Amp5,6.28
X-4026,LYPD4,147719.0,Amp5,6.28
X-4026,MADCAM1,8174.0,MutNovel,"S248P,0.700"
X-4026,MAP3K10,4294.0,Amp5,6.28
X-4026,MARVELD3,91862.0,MutKnownFunctional,"Y268*,0.833"
X-4026,MCC,4163.0,MutNovel,"S15G,0.600"
X-4026,MED12,9968.0,MutKnownFunctional,"E1464*,1.000"
X-4026,MED25,81857.0,Amp8,9.06
X-4026,MED29,55588.0,Amp5,6.28
X-4026,MEF2A,4205.0,MutNovel,"L180P,0.503"
X-4026,MGAM,8972.0,MutNovel,"R1039C,0.833"
X-4026,MGC45922,284365.0,Amp8,12.38
X-4026,MIA,8190.0,Amp5,6.28
X-4026,MIA-RAB4B,100529262.0,Amp5,6.28
X-4026,MIR125A,406910.0,Amp8,12.21
X-4026,MIR150,406942.0,Amp8,9.06
X-4026,MIR4324,100422979.0,Amp8,9.06
X-4026,MIR4417,100616489.0,Del0.8,0.23
X-4026,MIR4530,100616163.0,Amp5,6.28
X-4026,MIR4689,100616421.0,Del0.8,0.21
X-4026,MIR4749,100616313.0,Amp8,9.06
X-4026,MIR4750,100616314.0,Amp8,9.06
X-4026,MIR4751,100616483.0,Amp8,9.06
X-4026,MIR641,693226.0,Amp5,6.28
X-4026,MIR643,693228.0,Amp8,9.65
X-4026,MIR99B,407056.0,Amp8,12.21
X-4026,MIRLET7E,406887.0,Amp8,12.21
X-4026,MPRIP,23164.0,MutNovel,"TS178T,0.247"
X-4026,MRPS12,6183.0,Amp5,5.17
X-4026,MRPS28,28957.0,MutNovel,"S151C,0.437"
X-4026,MYBPC2,4606.0,Amp8,12.38
X-4026,MYH14,79784.0,Amp8,9.06
X-4026,NAPSA,9476.0,Amp8,9.06
X-4026,NAPSB,256236.0,Amp8,9.06
X-4026,NAV1,89796.0,MutNovel,"P50PG,0.350"
X-4026,NBPF10,100132406.0,MutNovel,"G1531E,0.750"
X-4026,NBPF12,,MutNovel,"I338L,0.688"
X-4026,NCCRP1,342897.0,Amp5,6.28
X-4026,NCOR2,9612.0,MutNovel,"G1839GAAA,0.508"
X-4026,NCRNA00185,55410.0,Del0.8,0.23
X-4026,NFKBIB,4793.0,Amp5,5.17
X-4026,NKG7,4818.0,Amp8,13.18
X-4026,NLGN4Y,22829.0,Del0.8,0.23
X-4026,NOMO2,283820.0,MutNovel,"M1232T,0.500"
X-4026,NOP2,4839.0,MutNovel,"RR54R,0.266"
X-4026,NOSIP,51070.0,Amp8,9.06
X-4026,NPHP4,261734.0,Del0.8,0.21
X-4026,NPIPL3,23117.0,MutNovel,"N281Y,0.300"
X-4026,NR1H2,7376.0,Amp8,9.06
X-4026,NRSN2,80023.0,MutNovel,"Q199K,0.491"
X-4026,NTF4,4909.0,Amp5,5.31
X-4026,NUCB1,4924.0,Amp5,5.31
X-4026,NUMBL,9253.0,Amp5,6.28
X-4026,NUP62,23636.0,Amp8,9.06
X-4026,OR2T27,403239.0,Del0.8,0.64
X-4026,OR2T35,403244.0,Del0.8,0.64
X-4026,ORAI1,84876.0,MutNovel,"PP43-,0.732"
X-4026,OSGIN1,29948.0,MutNovel,"V19F,0.500"
X-4026,PAF1,54623.0,Amp5,6.28
X-4026,PAK4,10298.0,Amp5,5.17
X-4026,PAPL,390928.0,Amp5,5.17
X-4026,PCDH11Y,83259.0,Del0.8,0.38
X-4026,PCDHB11,56125.0,MutNovel,"L496P,0.474"
X-4026,PCDHB4,56131.0,MutNovel,"H468P,0.600"
X-4026,PCDHB4,56131.0,MutNovel,"G531S,1.000"
X-4026,PCDHGA7,56108.0,MutNovel,"M743V,0.800"
X-4026,PCNA,5111.0,Del0.8,0.63
X-4026,PCNA-AS1,100302739.0,Del0.8,0.63
X-4026,PDDC1,347862.0,MutNovel,"K77Q,0.522"
X-4026,PHLDA1,22822.0,MutNovel,"QQ194Q,0.550"
X-4026,PIH1D1,55011.0,Amp8,9.06
X-4026,PKD1,5310.0,MutNovel,"V2618M,0.547"
X-4026,PLD3,23646.0,Amp5,6.28
X-4026,PLEKHA4,57664.0,Amp5,5.31
X-4026,PLEKHG2,64857.0,Amp5,6.28
X-4026,PNKP,11284.0,Amp8,9.06
X-4026,POLD1,5424.0,Amp8,9.06
X-4026,POM121,9883.0,MutNovel,"A593T,0.550"
X-4026,POT1,25913.0,MutNovel,"Y26C,1.000"
X-4026,PPFIA3,8541.0,Amp8,9.06
X-4026,PPP1R12C,54776.0,MutNovel,"A709V,0.258"
X-4026,PPP1R15A,23645.0,Amp5,5.31
X-4026,PPP1R18,,MutNovel,"Q304H,0.505"
X-4026,PPP1R3B,79660.0,MutNovel,"D97E,1.000"
X-4026,PPP2R1A,5518.0,Amp8,9.65
X-4026,PPP4R1,9989.0,MutNovel,"L4F,1.000"
X-4026,PRDM10,56980.0,MutNovel,"P164L,1.000"
X-4026,PRKY,5616.0,Del0.8,0.28
X-4026,PRMT1,3276.0,Amp8,9.06
X-4026,PRR12,57479.0,Amp8,9.06
X-4026,PRRG2,5639.0,Amp8,9.06
X-4026,PRX,57716.0,Amp5,6.28
X-4026,PRY,9081.0,Del0.8,0.23
X-4026,PRY,9081.0,Del0.8,0.23
X-4026,PRY2,442862.0,Del0.8,0.23
X-4026,PRY2,442862.0,Del0.8,0.23
X-4026,PSD3,23362.0,Del0.8,0.71
X-4026,PSMC4,5704.0,Amp5,6.28
X-4026,PTH2,113091.0,Amp8,9.06
X-4026,PTOV1,53635.0,Amp8,9.06
X-4026,RAB4B,53916.0,Amp5,6.28
X-4026,RAB4B-EGLN2,100529264.0,Amp5,6.28
X-4026,RABAC1,10567.0,Amp5,6.68
X-4026,RB1CC1,9821.0,MutNovel,"E1494K,0.464"
X-4026,RBMY1A3P,286557.0,Del0.8,0.23
X-4026,RBMY1B,378948.0,Del0.8,0.23
X-4026,RBMY1B,378948.0,Del0.8,0.23
X-4026,RBMY1E,378950.0,Del0.8,0.23
X-4026,RBMY1E,378950.0,Del0.8,0.23
X-4026,RBMY1F,159163.0,Del0.8,0.23
X-4026,RBMY1F,159163.0,Del0.8,0.23
X-4026,RBMY1J,378951.0,Del0.8,0.23
X-4026,RBMY1J,378951.0,Del0.8,0.23
X-4026,RBMY2EP,159125.0,Del0.8,0.23
X-4026,RBMY2FP,159162.0,Del0.8,0.23
X-4026,RBMY3AP,64593.0,Del0.8,0.23
X-4026,RCN3,57333.0,Amp8,9.06
X-4026,RELL1,768211.0,MutNovel,"P214T,0.667"
X-4026,RIN3,79890.0,MutNovel,"G967-,0.337"
X-4026,RNF207,388591.0,Del0.8,0.57
X-4026,RPL13A,23521.0,Amp8,9.06
X-4026,RPL22,6146.0,Del0.8,0.31
X-4026,RPS11,6205.0,Amp8,9.06
X-4026,RPS16,6217.0,Amp5,6.28
X-4026,RPS19,6223.0,Amp5,6.28
X-4026,RPS4Y1,6192.0,Del0.8,0.38
X-4026,RPS4Y2,140032.0,Del0.8,0.23
X-4026,RRAS,6237.0,Amp8,9.06
X-4026,RUVBL2,10856.0,Amp5,5.31
X-4026,S100A3,6274.0,MutKnownFunctional,"-70,0.338"
X-4026,SAMD4B,55095.0,Amp5,6.28
X-4026,SARS2,54938.0,Amp5,5.17
X-4026,SCAF1,58506.0,Amp8,9.06
X-4026,SCYL2,55681.0,MutNovel,"T401N,1.000"
X-4026,SELV,348303.0,Amp5,6.28
X-4026,SERINC2,347735.0,MutNovel,"-373Q,0.474"
X-4026,SERPINE2,5270.0,MutNovel,"V97I,0.526"
X-4026,SERTAD1,29950.0,Amp5,6.28
X-4026,SERTAD3,29946.0,Amp5,6.28
X-4026,SF3A2,8175.0,MutNovel,"P416L,0.484"
X-4026,SFI1,9814.0,MutNovel,"A844V,0.472"
X-4026,SFPQ,6421.0,MutNovel,"H247Y,0.453"
X-4026,SHANK1,50944.0,Amp8,12.38
X-4026,SHKBP1,92799.0,Amp5,6.28
X-4026,SIGLEC10,89790.0,Amp8,13.18
X-4026,SIGLEC11,114132.0,Amp8,9.06
X-4026,SIGLEC12,89858.0,Amp8,13.18
X-4026,SIGLEC14,100049587.0,Amp8,17.39
X-4026,SIGLEC16,400709.0,Amp8,9.06
X-4026,SIGLEC5,8778.0,Amp8,13.18
X-4026,SIGLEC6,946.0,Amp8,13.18
X-4026,SIGLEC7,27036.0,Amp8,9.65
X-4026,SIGLEC8,27181.0,Amp8,13.18
X-4026,SIGLEC9,27180.0,Amp8,9.65
X-4026,SIRT2,22933.0,Amp5,5.17
X-4026,SLC17A7,57030.0,Amp8,9.06
X-4026,SLC25A1,6576.0,MutNovel,"A5V,0.389"
X-4026,SLC25A24,29957.0,Del0.8,0.68
X-4026,SLC45A3,85414.0,MutNovel,"R245W,0.562"
X-4026,SLC6A16,28968.0,Amp8,9.06
X-4026,SNAR-A3,100169951.0,Amp8,9.06
X-4026,SNAR-B2,100170217.0,Amp8,9.06
X-4026,SNAR-D,100170227.0,Amp8,9.06
X-4026,SNAR-F,100126781.0,Amp8,12.38
X-4026,SNAR-G1,100126780.0,Amp5,5.31
X-4026,SNAR-G2,100170228.0,Amp5,5.31
X-4026,SNORD32A,26819.0,Amp8,9.06
X-4026,SNORD33,26818.0,Amp8,9.06
X-4026,SNORD34,26817.0,Amp8,9.06
X-4026,SNORD35A,26816.0,Amp8,9.06
X-4026,SNORD35B,84546.0,Amp8,9.06
X-4026,SNORD88A,692202.0,Amp8,12.38
X-4026,SNORD88B,692203.0,Amp8,12.38
X-4026,SNORD88C,692204.0,Amp8,12.38
X-4026,SNRNP70,6625.0,Amp5,6.96
X-4026,SNRPA,6626.0,Amp5,6.28
X-4026,SPIB,6689.0,Amp8,12.38
X-4026,SPTBN4,57731.0,Amp5,6.28
X-4026,SRY,6736.0,Del0.8,0.38
X-4026,STARD9,57519.0,MutNovel,"R2589S,0.333"
X-4026,SUPT5H,6829.0,Amp5,6.28
X-4026,SYCN,342898.0,Amp5,6.28
X-4026,SYT3,84258.0,Amp8,12.38
X-4026,TACC2,10579.0,MutNovel,"K2677N,0.667"
X-4026,TBC1D17,79735.0,Amp8,9.06
X-4026,TBC1D2B,23102.0,MutNovel,"A8G,1.000"
X-4026,TBL1Y,90665.0,Del0.8,0.28
X-4026,TBP,6908.0,MutNovel,"-64Q,0.203"
X-4026,TEAD2,8463.0,Amp8,9.06
X-4026,TGFB1,7040.0,Amp5,6.28
X-4026,TGIF2LY,90655.0,Del0.8,0.38
X-4026,TIMM50,92609.0,Amp5,6.28
X-4026,TJP2,9414.0,MutNovel,"R965M,0.667"
X-4026,TMEM184A,202915.0,MutNovel,"G392GA,0.800"
X-4026,TMEM91,641649.0,Amp5,6.28
X-4026,TMPO,7112.0,MutNovel,"V129L,0.363"
X-4026,TMSB4Y,9087.0,Del0.8,0.23
X-4026,TPBG,7162.0,MutNovel,"A118V,0.993"
X-4026,TPRN,286262.0,MutNovel,"G341A,0.386"
X-4026,TPTE2P3,220115.0,Del0.8,0.79
X-4026,TRIM48,79097.0,Del0.8,0.59
X-4026,TRIOBP,11078.0,MutNovel,"T501R,0.600"
X-4026,TRPM4,54795.0,Amp8,9.06
X-4026,TSKS,60385.0,Amp8,9.06
X-4026,TSPY1,7258.0,Del0.8,0.23
X-4026,TSPY2,64591.0,Del0.8,0.13
X-4026,TSPY3,728137.0,Del0.8,0.23
X-4026,TSPY4,728395.0,Del0.8,0.23
X-4026,TSPY8,728403.0,Del0.8,0.23
X-4026,TTC9B,148014.0,Amp5,6.28
X-4026,TTTY10,246119.0,Del0.8,0.23
X-4026,TTTY11,83866.0,Del0.8,0.23
X-4026,TTTY12,83867.0,Del0.8,0.23
X-4026,TTTY13,83868.0,Del0.8,0.23
X-4026,TTTY14,83869.0,Del0.8,0.23
X-4026,TTTY15,64595.0,Del0.8,0.23
X-4026,TTTY16,252948.0,Del0.8,0.23
X-4026,TTTY17A,252949.0,Del0.8,0.18
X-4026,TTTY17A,252949.0,Del0.8,0.23
X-4026,TTTY18,252950.0,Del0.8,0.23
X-4026,TTTY19,252952.0,Del0.8,0.23
X-4026,TTTY1B,100101116.0,Del0.8,0.13
X-4026,TTTY1B,100101116.0,Del0.8,0.23
X-4026,TTTY2,60439.0,Del0.8,0.13
X-4026,TTTY2,60439.0,Del0.8,0.23
X-4026,TTTY20,252951.0,Del0.8,0.23
X-4026,TTTY21,252953.0,Del0.8,0.23
X-4026,TTTY21,252953.0,Del0.8,0.28
X-4026,TTTY22,252954.0,Del0.8,0.23
X-4026,TTTY23,252955.0,Del0.8,0.13
X-4026,TTTY23,252955.0,Del0.8,0.23
X-4026,TTTY3,114760.0,Del0.8,0.23
X-4026,TTTY3,114760.0,Del0.8,0.18
X-4026,TTTY4,114761.0,Del0.8,0.08
X-4026,TTTY4,114761.0,Del0.8,0.13
X-4026,TTTY5,83863.0,Del0.8,0.23
X-4026,TTTY6,84672.0,Del0.8,0.23
X-4026,TTTY6,84672.0,Del0.8,0.23
X-4026,TTTY7,246122.0,Del0.8,0.23
X-4026,TTTY7,246122.0,Del0.8,0.28
X-4026,TTTY7B,100101120.0,Del0.8,0.23
X-4026,TTTY7B,100101120.0,Del0.8,0.28
X-4026,TTTY8,84673.0,Del0.8,0.23
X-4026,TTTY8,84673.0,Del0.8,0.28
X-4026,TTTY9A,83864.0,Del0.8,0.23
X-4026,TTTY9A,83864.0,Del0.8,0.23
X-4026,TULP2,7288.0,Amp5,5.31
X-4026,TXLNG2P,246126.0,Del0.8,0.23
X-4026,URI1,8725.0,MutNovel,"S16SAP,0.296"
X-4026,USP36,57602.0,MutNovel,"KKK958K,0.407"
X-4026,USP38,84640.0,MutKnownFunctional,"-149,0.341"
X-4026,USP47,55031.0,MutNovel,"S925C,0.539"
X-4026,USP9Y,8287.0,Del0.8,0.23
X-4026,UTY,7404.0,Del0.8,0.23
X-4026,VCY,9084.0,Del0.8,0.23
X-4026,VCY,9084.0,Del0.8,0.23
X-4026,VHL,7428.0,MutNovel,"P25L,0.493"
X-4026,VRK3,51231.0,Amp8,9.06
X-4026,VSIG10L,147645.0,Amp8,13.18
X-4026,WDR81,124997.0,MutNovel,"V1490M,0.444"
X-4026,XKRY2,353515.0,Del0.8,0.23
X-4026,XKRY2,353515.0,Del0.8,0.23
X-4026,XYLT1,64131.0,MutNovel,"G52S,0.714"
X-4026,ZBTB10,65986.0,MutNovel,"L168V,0.565"
X-4026,ZFP112,7771.0,MutNovel,"KSQG170R,1.000"
X-4026,ZFP36,7538.0,Amp5,6.28
X-4026,ZFY,7544.0,Del0.8,0.38
X-4026,ZNF137P,7696.0,Amp5,5.17
X-4026,ZNF175,7728.0,Amp8,13.18
X-4026,ZNF350,59348.0,Amp8,9.65
X-4026,ZNF432,9668.0,Amp8,9.65
X-4026,ZNF469,84627.0,MutNovel,"A1230E,0.387"
X-4026,ZNF473,25888.0,Amp8,9.06
X-4026,ZNF480,147657.0,Amp8,9.65
X-4026,ZNF519,162655.0,MutNovel,"Q309R,1.000"
X-4026,ZNF528,84436.0,Amp8,9.65
X-4026,ZNF534,147658.0,Amp8,9.65
X-4026,ZNF546,339327.0,Amp5,6.28
X-4026,ZNF577,84765.0,Amp8,10.85
X-4026,ZNF578,147660.0,Amp5,7.06
X-4026,ZNF610,162963.0,Amp8,9.65
X-4026,ZNF613,79898.0,Amp8,9.65
X-4026,ZNF614,80110.0,Amp8,9.65
X-4026,ZNF615,284370.0,Amp8,9.65
X-4026,ZNF616,90317.0,Amp8,9.65
X-4026,ZNF649,65251.0,Amp8,9.65
X-4026,ZNF701,55762.0,Amp5,5.17
X-4026,ZNF766,90321.0,Amp8,9.65
X-4026,ZNF780A,284323.0,Amp5,6.28
X-4026,ZNF780B,163131.0,Amp5,6.28
X-4026,ZNF808,388558.0,Amp5,5.17
X-4026,ZNF836,162962.0,Amp8,9.65
X-4026,ZNF841,284371.0,Amp8,9.65
X-4026,ZNF880,400713.0,Amp8,9.65
X-4026,ZXDC,79364.0,MutNovel,"A126V,1.000"
X-4163,61E3.4,,MutNovel,"I75V,0.857"
X-4163,ABCB6,10058.0,MutNovel,"T839I,0.318"
X-4163,ACE2,59272.0,Del0.8,0.79
X-4163,ACR,49.0,MutNovel,"G217E,1.000"
X-4163,ADAM3A,1587.0,Del0.8,0.26
X-4163,ADAM5P,255926.0,Del0.8,0.62
X-4163,ADIPOR2,79602.0,MutNovel,"L111P,0.371"
X-4163,AHNAK2,113146.0,MutNovel,"T3994I,0.538"
X-4163,AKR1C1,1645.0,MutNovel,"E77G,0.475"
X-4163,AMELX,265.0,Del0.8,0.79
X-4163,AMH,268.0,MutNovel,"R338L,0.406"
X-4163,ANKRD36,375248.0,MutNovel,"T998S,0.333"
X-4163,AP1S2,8905.0,Del0.8,0.79
X-4163,ARFGAP2,84364.0,MutNovel,"I63M,0.365"
X-4163,ARHGAP6,395.0,Del0.8,0.79
X-4163,ARID3C,138715.0,Amp5,6.68
X-4163,ASAP1,50807.0,Amp5,5.28
X-4163,ASB11,140456.0,Del0.8,0.79
X-4163,ASB9,140462.0,Del0.8,0.79
X-4163,ATP5B,506.0,MutNovel,"P12L,0.517"
X-4163,ATP8B5P,158381.0,Amp5,6.68
X-4163,ATXN2,6311.0,MutNovel,"S220F,0.857"
X-4163,ATXN3L,92552.0,Del0.8,0.79
X-4163,BCAS1,8537.0,MutNovel,"D122H,0.407"
X-4163,BMP6,654.0,MutNovel,"R28Q,1.000"
X-4163,BMX,660.0,Del0.8,0.79
X-4163,BTNL8,79908.0,MutNovel,"G311R,1.000"
X-4163,C19orf71,100128569.0,MutNovel,"R81Q,0.373"
X-4163,C2CD4A,145741.0,MutNovel,"R225G,1.000"
X-4163,C9orf100,84904.0,Amp5,6.68
X-4163,C9orf131,138724.0,Amp5,6.68
X-4163,C9orf24,84688.0,Amp5,6.68
X-4163,CA5B,11238.0,Del0.8,0.79
X-4163,CA5BP1,340591.0,Del0.8,0.79
X-4163,CA9,768.0,Amp5,6.68
X-4163,CALCOCO1,57658.0,MutNovel,"G172V,0.432"
X-4163,CALCOCO2,10241.0,MutNovel,"E70K,1.000"
X-4163,CARS,833.0,MutNovel,"F545L,0.665"
X-4163,CCDC107,203260.0,Amp5,6.68
X-4163,CCDC150,284992.0,MutNovel,"L328W,0.333"
X-4163,CCL19,6363.0,Amp5,6.68
X-4163,CCL21,6366.0,Amp5,6.68
X-4163,CCL27,10850.0,Amp5,6.68
X-4163,CCP110,9738.0,MutNovel,"I847T,0.462"
X-4163,CCZ1,51622.0,MutNovel,"I379S,0.394"
X-4163,CD109,135228.0,MutNovel,"Q1122L,0.600"
X-4163,CD72,971.0,Amp5,6.68
X-4163,CDC42EP1,11135.0,MutNovel,"PAPAANPS253P,0.786"
X-4163,CEACAM3,1084.0,MutNovel,"G48V,0.500"
X-4163,CEACAM8,1088.0,MutNovel,"T171A,0.857"
X-4163,CENPF,1063.0,MutNovel,"R1642Q,0.212"
X-4163,CFHR1,3078.0,Amp5,5.24
X-4163,CFHR3,10878.0,Amp5,5.06
X-4163,CIT,11113.0,MutNovel,"P401T,0.532"
X-4163,CLCN2,1181.0,MutNovel,"D90H,0.625"
X-4163,CLCN4,1183.0,Del0.8,0.79
X-4163,CLSTN1,22883.0,MutNovel,"Q603R,0.519"
X-4163,CMIP,80790.0,MutNovel,"T368P,0.368"
X-4163,CNOT1,23019.0,MutNovel,"T1051M,0.358"
X-4163,CNTFR,1271.0,Amp5,6.68
X-4163,CNTNAP3,79937.0,MutNovel,"R1214W,0.500"
X-4163,CNTNAP3,79937.0,MutNovel,"P435T,0.286"
X-4163,COL7A1,1294.0,MutNovel,"R108C,0.875"
X-4163,CRIPAK,285464.0,MutNovel,"V164A,0.258"
X-4163,CTSA,5476.0,MutNovel,"L29-,0.894"
X-4163,CWC22,57703.0,MutNovel,"N845H,0.299"
X-4163,CYP2C18,1562.0,MutNovel,"R478H,1.000"
X-4163,DACH1,1602.0,MutNovel,"GG82-,1.000"
X-4163,DCAF5,8816.0,MutNovel,"F733S,0.683"
X-4163,DCTN3,11258.0,Amp5,6.68
X-4163,DENND4B,9909.0,MutNovel,"W943S,0.808"
X-4163,DGCR5,26220.0,Del0.8,0.3
X-4163,DGCR6,8214.0,Del0.8,0.58
X-4163,DGCR9,25787.0,Del0.8,0.3
X-4163,DHRS12,79758.0,MutNovel,"IM212M,0.727"
X-4163,DICER1,23405.0,MutNovel,"A1478V,0.635"
X-4163,DNAI1,27019.0,Amp5,6.68
X-4163,DNAJB5,25822.0,Amp5,6.68
X-4163,DUSP27,92235.0,MutNovel,"M304V,1.000"
X-4163,EGFL6,25975.0,Del0.8,0.79
X-4163,EIF4G2,1982.0,MutNovel,"I472M,0.297"
X-4163,ENHO,375704.0,Amp5,6.68
X-4163,EPM2A,7957.0,MutNovel,"Q55K,1.000"
X-4163,FAAH2,158584.0,MutNovel,"M363T,1.000"
X-4163,FAM131B,9715.0,MutKnownFunctional,"R49*,1.000"
X-4163,FAM160A1,729830.0,MutNovel,"Q502K,0.571"
X-4163,FAM166B,730112.0,Amp5,6.68
X-4163,FAM205A,259308.0,Amp5,6.68
X-4163,FAM205B,389715.0,Amp5,6.68
X-4163,FAM214B,80256.0,Amp5,6.68
X-4163,FAM49B,51571.0,Amp5,6.11
X-4163,FAM74A4,401508.0,Del0.8,0.76
X-4163,FAM83H,286077.0,MutNovel,"E712K,0.983"
X-4163,FAM9A,171482.0,Del0.8,0.79
X-4163,FAM9B,171483.0,Del0.8,0.79
X-4163,FAM9C,171484.0,Del0.8,0.79
X-4163,FANCA,2175.0,MutNovel,"I1035L,0.623"
X-4163,FANCB,2187.0,Del0.8,0.79
X-4163,FANCG,2189.0,Amp5,6.68
X-4163,FCGBP,8857.0,MutNovel,"G3264S,0.447"
X-4163,FCGBP,8857.0,MutNovel,"R2368H,0.300"
X-4163,FCGBP,8857.0,MutNovel,"G1100S,0.282"
X-4163,FCHO1,23149.0,MutNovel,"R878K,0.610"
X-4163,FES,2242.0,MutNovel,"Q111R,1.000"
X-4163,FIGF,2277.0,Del0.8,0.79
X-4163,FLNC,2318.0,MutNovel,"S2535L,1.000"
X-4163,FRMPD4,9758.0,Del0.8,0.79
X-4163,GALT,2592.0,Amp5,6.68
X-4163,GARS,2617.0,MutNovel,"S37I,0.624"
X-4163,GCFC1,94104.0,MutKnownFunctional,"-520,0.395"
X-4163,GEMIN8,54960.0,Del0.8,0.79
X-4163,GGT3P,2679.0,Del0.8,0.58
X-4163,GGT6,124975.0,MutNovel,"F193S,0.364"
X-4163,GIGYF2,26058.0,MutNovel,"PQ1231P,0.567"
X-4163,GLRA2,2742.0,Del0.8,0.79
X-4163,GLS,2744.0,MutNovel,"H89P,0.268"
X-4163,GLTSCR1,29998.0,MutNovel,"P1367Q,0.750"
X-4163,GOLIM4,27333.0,MutNovel,"R428W,0.476"
X-4163,GPATCH1,55094.0,MutNovel,"F817L,0.614"
X-4163,GPM6B,2824.0,Del0.8,0.79
X-4163,GPR143,4935.0,Del0.8,0.79
X-4163,GPRIN2,9721.0,MutNovel,"-238MRE,0.414"
X-4163,GRAPL,400581.0,Del0.8,0.59
X-4163,GRPR,2925.0,Del0.8,0.79
X-4163,GSDMC,56169.0,Amp5,6.11
X-4163,H6PD,9563.0,MutNovel,"R321C,0.500"
X-4163,HAUS1,115106.0,MutNovel,"E159K,0.975"
X-4163,HCCS,3052.0,Del0.8,0.79
X-4163,HCN3,57657.0,MutNovel,"R46K,0.714"
X-4163,HDAC8,55869.0,MutNovel,"T69N,1.000"
X-4163,HDHD1,8226.0,Del0.8,0.79
X-4163,HIF1A,3091.0,MutNovel,"Q371E,0.291"
X-4163,HLA-G,3135.0,MutNovel,"A48S,1.000"
X-4163,HLA-G,3135.0,MutNovel,"I123Y,1.000"
X-4163,HLA-G,3135.0,MutNovel,"I123N,1.000"
X-4163,HLA-G,3135.0,MutNovel,"V218I,0.750"
X-4163,HMCN2,,MutNovel,"L1195F,1.000"
X-4163,HRCT1,646962.0,MutNovel,"LH100L,0.857"
X-4163,HRCT1,646962.0,MutNovel,"P106H,0.294"
X-4163,IGSF3,3321.0,MutNovel,"I95T,0.450"
X-4163,IL11RA,3590.0,Amp5,6.68
X-4163,IL17RE,132014.0,MutNovel,"P524R,0.296"
X-4163,INE2,8551.0,Del0.8,0.79
X-4163,INTS1,26173.0,MutNovel,"G1750R,0.277"
X-4163,IRS2,8660.0,MutNovel,"D1128E,0.308"
X-4163,ITGAM,3684.0,MutNovel,"V691A,0.571"
X-4163,JUN,3725.0,MutNovel,"P207Q,0.470"
X-4163,KAL1,3730.0,Del0.8,0.79
X-4163,KAT6B,23522.0,MutNovel,"EEE1360-,0.238"
X-4163,KAT8,84148.0,MutNovel,"P36A,0.205"
X-4163,KGFLP1,387628.0,Del0.8,0.76
X-4163,KIAA0664,23277.0,MutNovel,"I401V,0.985"
X-4163,KIAA1045,23349.0,Amp5,6.68
X-4163,KIAA1161,57462.0,Amp5,6.68
X-4163,KIAA1522,57648.0,MutNovel,"G606S,0.538"
X-4163,KIF13B,23303.0,MutNovel,"D496N,0.974"
X-4163,KIF24,347240.0,Amp5,6.68
X-4163,KLHL35,283212.0,MutNovel,"I359L,0.556"
X-4163,KLK10,5655.0,MutKnownFunctional,"W268*,0.733"
X-4163,KRAS,3845.0,MutNovel,"V160L,0.374"
X-4163,KRAS,3845.0,MutKnownFunctional,"Q61H,0.262"
X-4163,KRI1,65095.0,MutNovel,"N380Y,0.705"
X-4163,KYNU,8942.0,MutNovel,"R428Q,0.542"
X-4163,LAMA3,3909.0,MutNovel,"V792I,1.000"
X-4163,LINC00226,338004.0,Amp5,5.13
X-4163,LMTK3,114783.0,MutNovel,"A1219V,0.846"
X-4163,LOC100133123,100133123.0,Del0.8,0.79
X-4163,LOC100288814,100288814.0,Del0.8,0.79
X-4163,LOC100507117,100507117.0,Amp5,6.11
X-4163,LOC100507607,,MutNovel,"E496D,1.000"
X-4163,LOC100509263,,MutNovel,"L223S,1.000"
X-4163,LOC100996314,,MutNovel,"F40L,1.000"
X-4163,LOC100996573,,MutNovel,"R263G,0.333"
X-4163,LOC100996641,,MutNovel,"R173G,0.533"
X-4163,LOC415056,415056.0,Amp5,6.68
X-4163,LOC554223,554223.0,MutNovel,"S187R,0.929"
X-4163,LOC727677,727677.0,Amp8,8.82
X-4163,LOC728724,728724.0,Amp5,6.11
X-4163,LOC728734,,MutNovel,"E379D,0.875"
X-4163,LRIG3,121227.0,MutNovel,"N428S,0.541"
X-4163,LSR,51599.0,MutNovel,"G518GR,0.574"
X-4163,MARCKS,4082.0,MutNovel,"G182GEA,0.327"
X-4163,MCM9,254394.0,MutNovel,"M748V,0.708"
X-4163,MEF2A,4205.0,MutNovel,"QQ412-,0.263"
X-4163,MID1,4281.0,Del0.8,0.79
X-4163,MID2,11043.0,MutNovel,"P171T,1.000"
X-4163,MID2,11043.0,MutNovel,"A612D,1.000"
X-4163,MIR1204,100302185.0,Amp8,8.82
X-4163,MIR1205,100302161.0,Amp8,8.82
X-4163,MIR1206,100302170.0,Amp8,8.82
X-4163,MIR1207,100302175.0,Amp8,8.82
X-4163,MIR1208,100302281.0,Amp8,8.82
X-4163,MIR4667,100616214.0,Amp5,6.68
X-4163,MIR4767,100616467.0,Del0.8,0.79
X-4163,MIR651,723779.0,Del0.8,0.79
X-4163,MLEC,9761.0,MutNovel,"-17LL,0.273"
X-4163,MLH3,27030.0,MutNovel,"M507V,0.645"
X-4163,MOSPD2,158747.0,Del0.8,0.79
X-4163,MPP5,64398.0,MutNovel,"K502Q,0.418"
X-4163,MPRIP,23164.0,MutNovel,"TS178T,0.548"
X-4163,MSH3,4437.0,MutNovel,"-55AAA,0.467"
X-4163,MSL3,10943.0,Del0.8,0.79
X-4163,MUC20,200958.0,MutNovel,"E91K,0.500"
X-4163,MYC,4609.0,Amp8,8.82
X-4163,NARS2,79731.0,MutNovel,"I115V,0.597"
X-4163,NBPF10,100132406.0,MutNovel,"I1165F,0.308"
X-4163,NCOR1,9611.0,MutNovel,"I1729F,0.933"
X-4163,NCOR2,9612.0,MutNovel,"G1839GAAA,0.357"
X-4163,NEK7,140609.0,MutNovel,"M8L,0.772"
X-4163,NME7,29922.0,MutNovel,"I150T,0.667"
X-4163,NPHS2,7827.0,MutNovel,"G74C,0.222"
X-4163,NPIPL3,23117.0,MutNovel,"D1033G,1.000"
X-4163,NUDT2,318.0,Amp5,6.68
X-4163,OFCC1,,MutNovel,"V681F,0.444"
X-4163,OFD1,8481.0,Del0.8,0.79
X-4163,ORAI1,84876.0,MutNovel,"PP43-,0.882"
X-4163,ORM2,5005.0,MutNovel,"R38Q,0.333"
X-4163,PCAT1,100750225.0,Amp8,8.82
X-4163,PCSK9,255738.0,MutNovel,"-15L,0.208"
X-4163,PCYT1A,5130.0,MutNovel,"G20R,0.455"
X-4163,PGD,5226.0,MutNovel,"M361I,0.399"
X-4163,PGM2L1,283209.0,MutNovel,"A377V,0.307"
X-4163,PHF3,23469.0,MutNovel,"Q1485H,0.549"
X-4163,PHGR1,644844.0,MutNovel,"G48R,0.774"
X-4163,PHGR1,644844.0,MutNovel,"G48H,0.774"
X-4163,PHLDA1,22822.0,MutNovel,"QQ194Q,0.496"
X-4163,PHRF1,57661.0,MutNovel,"R932Q,0.377"
X-4163,PIEZO1,9780.0,MutNovel,"P2510L,0.670"
X-4163,PIEZO1,9780.0,MutNovel,"E2220D,0.604"
X-4163,PIGA,5277.0,Del0.8,0.79
X-4163,PIGO,84720.0,Amp5,6.68
X-4163,PIGZ,80235.0,MutNovel,"R244C,0.314"
X-4163,PIK3C2A,5286.0,MutNovel,"V281L,0.680"
X-4163,PIK3CA,5290.0,MutKnownFunctional,"E545K,0.607"
X-4163,PIR,8544.0,Del0.8,0.79
X-4163,PIR-FIGF,100532742.0,Del0.8,0.79
X-4163,PNPLA4,8228.0,Del0.8,0.79
X-4163,POLR1A,25885.0,MutNovel,"V827F,0.250"
X-4163,POU5F1B,5462.0,Amp8,8.82
X-4163,PPM1B,5495.0,MutNovel,"Q409H,0.294"
X-4163,PPP1R13B,23368.0,MutNovel,"R155C,0.250"
X-4163,PPP1R13L,10848.0,MutNovel,"P653R,0.373"
X-4163,PPP1R3G,648791.0,MutNovel,"P193R,0.571"
X-4163,PPP2R5C,5527.0,MutNovel,"N5T,0.642"
X-4163,PQLC3,130814.0,MutNovel,"L8M,0.353"
X-4163,PRODH,5625.0,Del0.8,0.42
X-4163,PRPS2,5634.0,Del0.8,0.79
X-4163,PRSS1,5644.0,MutNovel,"L14V,0.500"
X-4163,PRSS1,5644.0,MutNovel,"N29I,0.500"
X-4163,PRSS1,5644.0,MutNovel,"S181N,0.650"
X-4163,PTPRN2,5799.0,MutNovel,"R29S,0.637"
X-4163,PVT1,5820.0,Amp8,8.82
X-4163,PYGL,5836.0,MutNovel,"Q296H,0.724"
X-4163,QSOX1,5768.0,MutNovel,"S13SL,0.568"
X-4163,RAB9A,9367.0,Del0.8,0.79
X-4163,RCOR2,283248.0,MutNovel,"P322R,1.000"
X-4163,REV1,51455.0,MutNovel,"R874W,0.308"
X-4163,RFC4,5984.0,MutNovel,"Q347H,0.397"
X-4163,RIN3,79890.0,MutNovel,"G967-,0.415"
X-4163,RLN1,6013.0,Del0.8,0.73
X-4163,RMRP,6023.0,Amp5,6.68
X-4163,RRAGA,10670.0,MutNovel,"I198M,0.521"
X-4163,RUSC2,9853.0,Amp5,6.68
X-4163,SAMD4B,55095.0,MutNovel,"N219S,0.317"
X-4163,SCAI,286205.0,MutNovel,"R618Q,0.417"
X-4163,SCNM1,79005.0,MutNovel,"M36L,0.266"
X-4163,SDK2,54549.0,MutNovel,"G1265S,1.000"
X-4163,SEPSECS,51091.0,MutNovel,"N119S,0.353"
X-4163,SERINC2,347735.0,MutNovel,"-373Q,0.742"
X-4163,SERPINB9,5272.0,MutNovel,"D308G,0.407"
X-4163,SETD3,84193.0,MutNovel,"N231S,0.680"
X-4163,SETMAR,6419.0,MutNovel,"R445Q,0.295"
X-4163,SHROOM2,357.0,Del0.8,0.79
X-4163,SIGMAR1,10280.0,Amp5,6.68
X-4163,SIT1,27240.0,Amp5,6.68
X-4163,SLC15A1,6564.0,MutNovel,"A676V,0.960"
X-4163,SLC25A24,29957.0,MutNovel,"N34S,0.564"
X-4163,SLC38A6,145389.0,MutNovel,"G6R,0.571"
X-4163,SLC4A8,9498.0,MutNovel,"Q707R,0.333"
X-4163,SLC6A20,54716.0,MutNovel,"Y524H,0.556"
X-4163,SLC9A6,10479.0,MutNovel,"H396N,1.000"
X-4163,SOWAHA,134548.0,MutNovel,"-4AAA,0.500"
X-4163,SPHK2,56848.0,MutNovel,"A324S,0.637"
X-4163,SPIRE2,84501.0,MutNovel,"R107H,0.667"
X-4163,STOML2,30968.0,Amp5,6.68
X-4163,STS,412.0,Del0.8,0.79
X-4163,SUGP1,57794.0,MutNovel,"A275P,0.385"
X-4163,SYNE3,,MutNovel,"I828V,1.000"
X-4163,TAF1C,9013.0,MutNovel,"I553M,0.609"
X-4163,TBC1D3B,414059.0,Del0.8,0.67
X-4163,TBL1X,6907.0,Del0.8,0.79
X-4163,TBP,6908.0,MutNovel,"-64Q,0.333"
X-4163,TCEANC,170082.0,Del0.8,0.79
X-4163,TCF7L2,6934.0,MutNovel,"P495A,0.986"
X-4163,TECR,9524.0,MutNovel,"M278V,0.509"
X-4163,TESK1,7016.0,Amp5,6.68
X-4163,TFB2M,64216.0,MutNovel,"A64R,0.277"
X-4163,TLK2,11011.0,MutNovel,"H6R,0.241"
X-4163,TLN1,7094.0,Amp5,5.35
X-4163,TLR7,51284.0,Del0.8,0.79
X-4163,TLR8,51311.0,Del0.8,0.79
X-4163,TLR8-AS1,349408.0,Del0.8,0.79
X-4163,TMEM183A,92703.0,MutNovel,"T322M,0.338"
X-4163,TMEM184A,202915.0,MutNovel,"G392GA,0.842"
X-4163,TMEM27,57393.0,Del0.8,0.79
X-4163,TMEM39A,55254.0,MutNovel,"L265P,0.508"
X-4163,TMSB4X,7114.0,Del0.8,0.79
X-4163,TNFRSF10D,8793.0,MutNovel,"Q296R,0.585"
X-4163,TP53,7157.0,MutKnownFunctional,"R342*,0.863"
X-4163,TPM2,7169.0,Amp5,6.68
X-4163,TRAF5,7188.0,MutNovel,"Q475R,0.800"
X-4163,TRAPPC2,6399.0,Del0.8,0.79
X-4163,TRPM6,140803.0,MutNovel,"K1885T,0.333"
X-4163,TSPYL1,7259.0,MutNovel,"V176VW,0.459"
X-4163,UBA6,55236.0,MutNovel,"V158L,0.354"
X-4163,UBAP1,51271.0,Amp5,5.5
X-4163,UFSP2,55325.0,MutNovel,"R86H,0.223"
X-4163,UNC13B,10497.0,Amp5,6.68
X-4163,USP36,57602.0,MutNovel,"KKK958K,0.635"
X-4163,USP40,55230.0,MutNovel,"Y1169H,0.329"
X-4163,UTRN,7402.0,MutNovel,"V1503F,0.556"
X-4163,UTY,7404.0,MutNovel,"SH1075NA,0.222"
X-4163,UTY,7404.0,MutNovel,"G1073L,0.250"
X-4163,UTY,7404.0,MutNovel,"I1071G,0.273"
X-4163,UTY,7404.0,MutNovel,"G1070T,0.250"
X-4163,UTY,7404.0,MutKnownFunctional,"S1068*,0.250"
X-4163,UTY,7404.0,MutNovel,"S1066T,0.250"
X-4163,UTY,7404.0,MutNovel,"L1061P,0.231"
X-4163,UTY,7404.0,MutNovel,"GG1059VR,0.231"
X-4163,UTY,7404.0,MutNovel,"S1058D,0.231"
X-4163,UTY,7404.0,MutNovel,"L1021Y,0.231"
X-4163,UTY,7404.0,MutNovel,"GA1019HT,0.214"
X-4163,UTY,7404.0,MutNovel,"T1012Q,0.308"
X-4163,UTY,7404.0,MutNovel,"P1010L,0.333"
X-4163,UTY,7404.0,MutNovel,"K1008P,0.364"
X-4163,UTY,7404.0,MutNovel,"NP1006TI,0.333"
X-4163,UTY,7404.0,MutNovel,"P998V,0.524"
X-4163,UTY,7404.0,MutNovel,"S578G,0.265"
X-4163,UTY,7404.0,MutNovel,"Q343E,0.400"
X-4163,UTY,7404.0,MutNovel,"IC339MS,0.350"
X-4163,UTY,7404.0,MutNovel,"Q327K,0.267"
X-4163,UTY,7404.0,MutNovel,"QQ326PK,0.267"
X-4163,UTY,7404.0,MutKnownFunctional,"Y325*,0.267"
X-4163,UTY,7404.0,MutNovel,"LY324FT,0.267"
X-4163,UTY,7404.0,MutNovel,"G322D,0.333"
X-4163,UTY,7404.0,MutNovel,"IG321SN,0.333"
X-4163,UTY,7404.0,MutNovel,"S320C,0.400"
X-4163,UTY,7404.0,MutNovel,"W318F,0.273"
X-4163,UTY,7404.0,MutNovel,"TW317KL,0.455"
X-4163,UTY,7404.0,MutNovel,"T317S,0.400"
X-4163,UTY,7404.0,MutNovel,"SA314RK,0.333"
X-4163,UTY,7404.0,MutNovel,"S314N,0.600"
X-4163,UTY,7404.0,MutNovel,"AS313VH,0.600"
X-4163,UTY,7404.0,MutNovel,"EA312DT,0.308"
X-4163,UTY,7404.0,MutNovel,"E312I,0.533"
X-4163,UTY,7404.0,MutNovel,"E312I,0.533"
X-4163,UTY,7404.0,MutNovel,"KS310RK,0.462"
X-4163,UTY,7404.0,MutKnownFunctional,"K310*,0.500"
X-4163,UTY,7404.0,MutKnownFunctional,"DK309E*,0.500"
X-4163,UTY,7404.0,MutKnownFunctional,"G288*,0.500"
X-4163,UTY,7404.0,MutNovel,"D277L,0.500"
X-4163,UTY,7404.0,MutKnownFunctional,"EA275A*,0.400"
X-4163,UTY,7404.0,MutNovel,"K272E,0.500"
X-4163,UTY,7404.0,MutNovel,"I267M,0.571"
X-4163,UTY,7404.0,MutNovel,"I267R,0.571"
X-4163,UTY,7404.0,MutNovel,"I267V,0.429"
X-4163,UTY,7404.0,MutNovel,"AI266VV,0.429"
X-4163,UTY,7404.0,MutNovel,"Y265C,0.400"
X-4163,UTY,7404.0,MutNovel,"SY264TG,0.714"
X-4163,UTY,7404.0,MutNovel,"KA259VS,0.500"
X-4163,UTY,7404.0,MutNovel,"HH250RS,0.286"
X-4163,UTY,7404.0,MutNovel,"MH249GN,0.333"
X-4163,UTY,7404.0,MutNovel,"W248R,0.231"
X-4163,UTY,7404.0,MutNovel,"QQ244IE,0.357"
X-4163,UTY,7404.0,MutNovel,"V242A,0.357"
X-4163,UTY,7404.0,MutNovel,"A240Q,0.400"
X-4163,UTY,7404.0,MutNovel,"KA239NQ,0.400"
X-4163,UTY,7404.0,MutNovel,"A236V,0.222"
X-4163,UTY,7404.0,MutNovel,"A236L,0.222"
X-4163,UTY,7404.0,MutNovel,"Q230K,0.222"
X-4163,UTY,7404.0,MutNovel,"LQ229NK,0.222"
X-4163,UTY,7404.0,MutNovel,"L228R,0.211"
X-4163,UTY,7404.0,MutNovel,"K222N,0.267"
X-4163,UTY,7404.0,MutNovel,"K222L,0.267"
X-4163,UTY,7404.0,MutNovel,"A221G,0.267"
X-4163,UTY,7404.0,MutNovel,"W145Q,0.231"
X-4163,UTY,7404.0,MutNovel,"H144D,0.385"
X-4163,UTY,7404.0,MutNovel,"A142P,0.417"
X-4163,UTY,7404.0,MutNovel,"A142P,0.417"
X-4163,UTY,7404.0,MutNovel,"Y140H,0.273"
X-4163,UTY,7404.0,MutNovel,"Y139F,0.462"
X-4163,UTY,7404.0,MutNovel,"LV135FF,0.385"
X-4163,UTY,7404.0,MutNovel,"G134P,0.385"
X-4163,UTY,7404.0,MutNovel,"LY130FL,0.467"
X-4163,UTY,7404.0,MutNovel,"F129A,0.364"
X-4163,UTY,7404.0,MutNovel,"NA126KK,0.538"
X-4163,UTY,7404.0,MutNovel,"N126V,0.400"
X-4163,UTY,7404.0,MutNovel,"K125R,0.333"
X-4163,UTY,7404.0,MutKnownFunctional,"YW123*R,0.667"
X-4163,UTY,7404.0,MutNovel,"D122L,0.571"
X-4163,UTY,7404.0,MutNovel,"QA120LN,0.700"
X-4163,UTY,7404.0,MutKnownFunctional,"LQ119F*,0.571"
X-4163,UTY,7404.0,MutNovel,"YS117LR,0.571"
X-4163,UTY,7404.0,MutKnownFunctional,"Y116*,0.778"
X-4163,UTY,7404.0,MutNovel,"Y116L,0.778"
X-4163,UTY,7404.0,MutNovel,"QR114RS,0.778"
X-4163,UTY,7404.0,MutKnownFunctional,"YQ113G*,0.750"
X-4163,UTY,7404.0,MutNovel,"SA111WQ,0.636"
X-4163,UTY,7404.0,MutNovel,"LS110TT,0.600"
X-4163,UTY,7404.0,MutNovel,"F93A,0.222"
X-4163,UTY,7404.0,MutNovel,"DF91EL,0.263"
X-4163,UTY,7404.0,MutNovel,"ES89DG,0.263"
X-4163,UTY,7404.0,MutNovel,"K87W,0.294"
X-4163,UTY,7404.0,MutNovel,"C76F,0.214"
X-4163,UTY,7404.0,MutNovel,"S37I,0.364"
X-4163,UTY,7404.0,MutNovel,"EE32AW,0.238"
X-4163,UTY,7404.0,MutKnownFunctional,"SE31S*,0.286"
X-4163,UTY,7404.0,MutNovel,"E30V,0.263"
X-4163,UTY,7404.0,MutNovel,"R29C,0.300"
X-4163,UTY,7404.0,MutNovel,"GK25LE,0.294"
X-4163,UTY,7404.0,MutNovel,"E24L,0.278"
X-4163,UTY,7404.0,MutNovel,"E24Q,0.333"
X-4163,UTY,7404.0,MutNovel,"AE23QQ,0.333"
X-4163,UTY,7404.0,MutNovel,"M22F,0.312"
X-4163,UTY,7404.0,MutNovel,"K21S,0.267"
X-4163,VAMP8,8673.0,MutNovel,"N25S,0.716"
X-4163,VCP,7415.0,Amp5,6.68
X-4163,VCX,26609.0,Del0.8,0.79
X-4163,VCX2,51480.0,Del0.8,0.79
X-4163,VCX3B,425054.0,Del0.8,0.79
X-4163,VPS8,23355.0,MutNovel,"I329M,0.333"
X-4163,WDR25,79446.0,MutNovel,"T189M,0.581"
X-4163,WDR27,253769.0,MutNovel,"A311D,0.387"
X-4163,WWC3,55841.0,Del0.8,0.79
X-4163,ZBTB24,9841.0,MutNovel,"S5L,0.429"
X-4163,ZDHHC11,79844.0,MutNovel,"A303D,0.381"
X-4163,ZFX,7543.0,MutNovel,"R401K,0.389"
X-4163,ZMIZ2,83637.0,MutNovel,"G338R,0.699"
X-4163,ZNF268,10795.0,MutNovel,"I880V,0.369"
X-4163,ZNF384,171017.0,MutNovel,"QQ514Q,0.204"
X-4163,ZNF493,284443.0,MutNovel,"Y145C,0.750"
X-4163,ZNF529,57711.0,MutNovel,"K509E,0.383"
X-4163,ZNF543,125919.0,MutNovel,"I593T,1.000"
X-4163,ZRSR2,8233.0,Del0.8,0.79
X-4279,AADAT,51166.0,Del0.8,0.72
X-4279,ABCC11,85320.0,Del0.8,0.75
X-4279,ABCC12,94160.0,Del0.8,0.75
X-4279,ABCD1,215.0,Amp5,5.58
X-4279,ABCE1,6059.0,Del0.8,0.69
X-4279,ABHD14A,25864.0,Del0.8,0.75
X-4279,ABHD14A-ACY1,100526760.0,Del0.8,0.75
X-4279,ABHD14B,84836.0,Del0.8,0.75
X-4279,ABR,29.0,Amp5,5.58
X-4279,ACR,49.0,Del0.8,0.74
X-4279,ACSL1,2180.0,Del0.8,0.67
X-4279,ACY1,95.0,Del0.8,0.75
X-4279,ADAM19,8728.0,Del0.8,0.72
X-4279,ADAM29,11086.0,Del0.8,0.71
X-4279,ADAMTS9,56999.0,Del0.8,0.62
X-4279,ADCY7,113.0,Del0.8,0.74
X-4279,ADCY9,115.0,Amp5,5.58
X-4279,ADM2,79924.0,Del0.8,0.74
X-4279,ADNP,23394.0,MutNovel,"-142A,0.408"
X-4279,ADRA1B,147.0,Del0.8,0.72
X-4279,AGA,175.0,Del0.8,0.71
X-4279,AGPAT5,55326.0,Del0.8,0.71
X-4279,AGXT,189.0,Del0.8,0.74
X-4279,AKIRIN2,55122.0,Del0.8,0.68
X-4279,AKTIP,64400.0,Del0.8,0.7
X-4279,ALAS1,211.0,Del0.8,0.75
X-4279,ALG1,56052.0,Amp5,5.58
X-4279,ALG12,79087.0,Del0.8,0.74
X-4279,ALG5,29880.0,Amp5,5.54
X-4279,ALG6,29929.0,Amp5,5.5
X-4279,ALPK2,115701.0,MutNovel,"V873M,0.600"
X-4279,AMELY,266.0,Del0.8,0.23
X-4279,AMFR,267.0,Del0.8,0.75
X-4279,ANAPC10,10393.0,Del0.8,0.69
X-4279,ANGPT2,285.0,Del0.8,0.71
X-4279,ANGPTL3,27329.0,Amp5,5.5
X-4279,ANKRD26P1,124149.0,Del0.8,0.74
X-4279,ANKRD28,23243.0,Del0.8,0.74
X-4279,ANKRD33B,651746.0,Amp5,6.32
X-4279,ANKRD36,375248.0,MutNovel,"T998S,0.520"
X-4279,ANKRD36,375248.0,MutNovel,"D1014Y,0.375"
X-4279,ANKRD37,353322.0,Del0.8,0.67
X-4279,ANKS3,124401.0,Amp5,5.58
X-4279,ANO7,50636.0,Del0.8,0.74
X-4279,ANP32C,23520.0,Del0.8,0.67
X-4279,ANXA10,11199.0,Del0.8,0.69
X-4279,ANXA2P1,303.0,Del0.8,0.71
X-4279,APOL1,8542.0,Del0.8,0.72
X-4279,APOL2,23780.0,Del0.8,0.72
X-4279,APOL3,80833.0,Del0.8,0.72
X-4279,APOL4,80832.0,Del0.8,0.72
X-4279,APOL5,80831.0,Del0.8,0.72
X-4279,APOL6,80830.0,Del0.8,0.72
X-4279,AQP12A,375318.0,Del0.8,0.74
X-4279,AQP12B,653437.0,Del0.8,0.74
X-4279,ARFIP1,27236.0,Del0.8,0.67
X-4279,ARHGAP10,79658.0,Del0.8,0.67
X-4279,ARHGAP23,57636.0,MutNovel,"G1296E,1.000"
X-4279,ARHGAP4,393.0,Amp5,5.58
X-4279,ARHGEF10,9639.0,Del0.8,0.73
X-4279,ARL17A,51326.0,Amp5,5.7
X-4279,ARL2BP,23568.0,Del0.8,0.75
X-4279,ARL6IP5,10550.0,Del0.8,0.7
X-4279,ARPC4,10093.0,Del0.8,0.69
X-4279,ARPC4-TTLL3,100526693.0,Del0.8,0.69
X-4279,ARRDC3,57561.0,Del0.8,0.68
X-4279,ARSA,410.0,Del0.8,0.74
X-4279,ASB5,140458.0,Del0.8,0.71
X-4279,ASPA,443.0,Amp5,5.58
X-4279,ASPN,54829.0,MutNovel,"DE51E,0.400"
X-4279,ATG4B,23192.0,Del0.8,0.74
X-4279,ATG4C,84938.0,Amp5,5.5
X-4279,ATP10B,23120.0,Del0.8,0.72
X-4279,ATP1B2,482.0,Del0.8,0.38
X-4279,ATP2B3,492.0,Amp5,5.58
X-4279,ATP6AP1,537.0,Amp5,5.58
X-4279,ATP6V1E1,529.0,Del0.8,0.73
X-4279,ATXN10,25814.0,Del0.8,0.74
X-4279,ATXN7,6314.0,Del0.8,0.7
X-4279,AVPR2,554.0,Amp5,5.58
X-4279,B3GALT2,8707.0,Amp8,8.11
X-4279,B3GAT2,135152.0,Del0.8,0.63
X-4279,BACH2,60468.0,Del0.8,0.72
X-4279,BAI3,577.0,Del0.8,0.67
X-4279,BAP1,8314.0,Del0.8,0.75
X-4279,BBS2,583.0,Del0.8,0.75
X-4279,BCAP31,10134.0,Amp5,5.58
X-4279,BCKDHB,594.0,Del0.8,0.74
X-4279,BCL2L13,23786.0,Del0.8,0.73
X-4279,BCL6,604.0,MutNovel,"P295S,0.312"
X-4279,BCORP1,286554.0,Del0.8,0.2
X-4279,BEND2,139105.0,Amp5,5.78
X-4279,BGN,633.0,Amp5,5.58
X-4279,BHLHA9,727857.0,Amp5,5.58
X-4279,BID,637.0,Del0.8,0.73
X-4279,BLK,640.0,Del0.8,0.71
X-4279,BOK,666.0,Del0.8,0.74
X-4279,BOK-AS1,100379249.0,Del0.8,0.74
X-4279,BPIFC,254240.0,Del0.8,0.74
X-4279,BPY2B,442867.0,Del0.8,0.12
X-4279,BPY2B,442867.0,Del0.8,0.07
X-4279,BRCC3,79184.0,Amp5,7.52
X-4279,BRD1,23774.0,Del0.8,0.74
X-4279,BRD7,29117.0,Del0.8,0.74
X-4279,BRK1,55845.0,Del0.8,0.69
X-4279,BRPF1,7862.0,Del0.8,0.69
X-4279,BSG,682.0,MutNovel,"R300Q,0.468"
X-4279,BTD,686.0,Del0.8,0.74
X-4279,C16orf5,29965.0,Amp5,5.58
X-4279,C16orf57,79650.0,Del0.8,0.73
X-4279,C16orf71,146562.0,Amp5,5.58
X-4279,C16orf78,123970.0,Del0.8,0.74
X-4279,C16orf80,29105.0,Del0.8,0.73
X-4279,C16orf87,388272.0,Del0.8,0.74
X-4279,C16orf89,146556.0,Amp5,5.58
X-4279,C16orf90,646174.0,Del0.8,0.75
X-4279,C16orf96,342346.0,Amp5,5.58
X-4279,C17orf104,284071.0,Amp5,5.03
X-4279,C17orf85,55421.0,Amp5,5.58
X-4279,C19orf18,147685.0,Del0.8,0.76
X-4279,C1QL2,165257.0,Del0.8,0.76
X-4279,C1QTNF2,114898.0,Del0.8,0.72
X-4279,C22orf26,55267.0,Del0.8,0.74
X-4279,C22orf29,79680.0,Del0.8,0.75
X-4279,C22orf34,348645.0,Del0.8,0.74
X-4279,C22orf39,128977.0,Del0.8,0.76
X-4279,C2orf54,79919.0,Del0.8,0.74
X-4279,C2orf76,130355.0,Del0.8,0.76
X-4279,C3orf14,57415.0,Del0.8,0.7
X-4279,C3orf19,51244.0,Del0.8,0.74
X-4279,C3orf20,84077.0,Del0.8,0.74
X-4279,C3orf24,115795.0,Del0.8,0.69
X-4279,C3orf49,132200.0,Del0.8,0.7
X-4279,C3orf74,100128378.0,Del0.8,0.75
X-4279,C3orf78,440957.0,Del0.8,0.75
X-4279,C4orf45,152940.0,Del0.8,0.69
X-4279,C4orf46,201725.0,Del0.8,0.69
X-4279,C4orf47,441054.0,Del0.8,0.67
X-4279,C5orf4,10826.0,Del0.8,0.73
X-4279,C5orf52,100190949.0,Del0.8,0.72
X-4279,C5orf54,63920.0,Del0.8,0.72
X-4279,C6orf147,387097.0,Del0.8,0.69
X-4279,C6orf162,57150.0,Del0.8,0.68
X-4279,C6orf163,206412.0,Del0.8,0.68
X-4279,C6orf164,63914.0,Del0.8,0.68
X-4279,C6orf165,154313.0,Del0.8,0.68
X-4279,C6orf57,135154.0,Del0.8,0.67
X-4279,C6orf7,89758.0,Del0.8,0.74
X-4279,C7orf13,129790.0,Del0.8,0.69
X-4279,C7orf26,79034.0,MutNovel,"P413R,0.250"
X-4279,C7orf29,113763.0,MutNovel,"H232N,0.643"
X-4279,C8orf12,83656.0,Del0.8,0.71
X-4279,C8orf42,157695.0,Del0.8,0.74
X-4279,C8orf74,203076.0,Del0.8,0.71
X-4279,C9orf66,157983.0,Del0.8,0.66
X-4279,CAB39L,81617.0,Del0.8,0.27
X-4279,CACHD1,57685.0,Amp5,5.5
X-4279,CADPS,8618.0,Del0.8,0.7
X-4279,CAMK1,8536.0,Del0.8,0.69
X-4279,CAMKK1,84254.0,Amp5,5.58
X-4279,CAND2,23066.0,Del0.8,0.74
X-4279,CAPN10,11132.0,Del0.8,0.74
X-4279,CAPN7,23473.0,Del0.8,0.74
X-4279,CAPNS2,84290.0,Del0.8,0.75
X-4279,CASP3,836.0,Del0.8,0.67
X-4279,CASP8AP2,9994.0,Del0.8,0.72
X-4279,CBLN1,869.0,Del0.8,0.74
X-4279,CBR4,84869.0,Del0.8,0.69
X-4279,CBWD6,644019.0,MutKnownFunctional,"-259?,0.700"
X-4279,CBX5,23468.0,Del0.8,0.77
X-4279,CCDC102A,92922.0,Del0.8,0.75
X-4279,CCDC110,256309.0,Del0.8,0.67
X-4279,CCDC111,201973.0,Del0.8,0.67
X-4279,CCDC113,29070.0,Del0.8,0.73
X-4279,CCDC135,84229.0,Del0.8,0.75
X-4279,CCDC169,728591.0,Amp5,5.54
X-4279,CCDC169-SOHLH2,100526761.0,Amp5,5.54
X-4279,CCDC43,124808.0,Amp5,5.03
X-4279,CCDC57,284001.0,Del0.8,0.73
X-4279,CCDC93,54520.0,Del0.8,0.72
X-4279,CCL17,6361.0,Del0.8,0.75
X-4279,CCL22,6367.0,Del0.8,0.75
X-4279,CCNA1,8900.0,Amp5,5.54
X-4279,CCNG1,900.0,Del0.8,0.71
X-4279,CCNJL,79616.0,Del0.8,0.72
X-4279,CCRN4L,25819.0,Del0.8,0.7
X-4279,CCT5,22948.0,Amp5,6.32
X-4279,CD109,135228.0,Del0.8,0.69
X-4279,CD200R1L,344807.0,MutNovel,"V95D,1.000"
X-4279,CD200R1L,344807.0,MutNovel,"K82R,1.000"
X-4279,CDADC1,81602.0,Del0.8,0.19
X-4279,CDC45,8318.0,Del0.8,0.76
X-4279,CDC73,79577.0,Amp8,8.11
X-4279,CDH10,1008.0,Amp5,6.23
X-4279,CDH8,1006.0,Del0.8,0.74
X-4279,CDH9,1007.0,Amp5,5.13
X-4279,CDKL5,6792.0,Amp5,5.17
X-4279,CDKN2AIP,55602.0,Del0.8,0.72
X-4279,CDY1B,253175.0,Del0.8,0.12
X-4279,CDY1B,253175.0,Del0.8,0.2
X-4279,CDY2A,9426.0,Del0.8,0.12
X-4279,CDY2A,9426.0,Del0.8,0.12
X-4279,CDY2B,203611.0,Del0.8,0.12
X-4279,CDY2B,203611.0,Del0.8,0.12
X-4279,CECR1,51816.0,Del0.8,0.73
X-4279,CECR2,27443.0,Del0.8,0.73
X-4279,CECR3,27442.0,Del0.8,0.73
X-4279,CECR5,27440.0,Del0.8,0.73
X-4279,CECR5-AS1,100130717.0,Del0.8,0.73
X-4279,CECR6,27439.0,Del0.8,0.73
X-4279,CECR7,100130418.0,Del0.8,0.73
X-4279,CELSR1,9620.0,Del0.8,0.74
X-4279,CEP350,9857.0,MutNovel,"S2127L,0.379"
X-4279,CEP44,80817.0,Del0.8,0.71
X-4279,CEP85L,387119.0,MutNovel,"K164I,1.000"
X-4279,CERK,64781.0,Del0.8,0.74
X-4279,CES1,1066.0,Del0.8,0.75
X-4279,CES1P1,51716.0,Del0.8,0.75
X-4279,CES1P2,390732.0,Del0.8,0.75
X-4279,CES5A,221223.0,Del0.8,0.75
X-4279,CETN2,1069.0,Amp5,6.59
X-4279,CETP,1071.0,Del0.8,0.75
X-4279,CGA,1081.0,Del0.8,0.72
X-4279,CHCHD4,131474.0,Del0.8,0.74
X-4279,CHD9,80205.0,Del0.8,0.74
X-4279,CHEK2,11200.0,Del0.8,0.79
X-4279,CHKB,1120.0,Del0.8,0.74
X-4279,CHKB-CPT1B,386593.0,Del0.8,0.74
X-4279,CHRAC1,54108.0,Amp5,5.28
X-4279,CIAPIN1,57019.0,Del0.8,0.75
X-4279,CIDEC,63924.0,Del0.8,0.69
X-4279,CIDECP,152302.0,Del0.8,0.69
X-4279,CLASP1,23332.0,Del0.8,0.74
X-4279,CLCN3,1182.0,Del0.8,0.69
X-4279,CLDN22,53842.0,Del0.8,0.72
X-4279,CLDN23,137075.0,Del0.8,0.67
X-4279,CLDN24,100132463.0,Del0.8,0.72
X-4279,CLDN5,7122.0,Del0.8,0.76
X-4279,CLGN,1047.0,Del0.8,0.71
X-4279,CLIC2,1193.0,Amp5,7.52
X-4279,CLINT1,9685.0,Del0.8,0.72
X-4279,CLK4,57396.0,MutNovel,"C176F,0.446"
X-4279,CLN8,2055.0,Del0.8,0.73
X-4279,CLTCL1,8218.0,Del0.8,0.76
X-4279,CLUAP1,23059.0,Del0.8,0.75
X-4279,CMBL,134147.0,Amp5,6.32
X-4279,CN5H6.4,150384.0,Del0.8,0.74
X-4279,CNOT1,23019.0,Del0.8,0.73
X-4279,CNOT8,9337.0,Del0.8,0.73
X-4279,CNPY1,285888.0,Del0.8,0.78
X-4279,CNR1,1268.0,Del0.8,0.68
X-4279,COG6,57511.0,Amp5,5.43
X-4279,COL12A1,1303.0,Del0.8,0.69
X-4279,COL19A1,1310.0,Del0.8,0.67
X-4279,COL22A1,169044.0,Amp5,5.28
X-4279,COL6A4P1,344875.0,Del0.8,0.74
X-4279,COL9A1,1297.0,Del0.8,0.67
X-4279,COLQ,8292.0,Del0.8,0.74
X-4279,COQ9,57017.0,Del0.8,0.75
X-4279,CORO7,79585.0,Amp5,5.58
X-4279,CORO7-PAM16,100529144.0,Amp5,5.58
X-4279,COX7A2,1347.0,Del0.8,0.69
X-4279,CPE,1363.0,Del0.8,0.71
X-4279,CPNE2,221184.0,Del0.8,0.75
X-4279,CPNE9,151835.0,Del0.8,0.69
X-4279,CPT1B,1375.0,Del0.8,0.74
X-4279,CRELD1,78987.0,Del0.8,0.69
X-4279,CRELD2,79174.0,Del0.8,0.74
X-4279,CRK,1398.0,Amp5,5.58
X-4279,CRNDE,643911.0,Del0.8,0.75
X-4279,CRTAP,10491.0,MutNovel,"R5S,0.288"
X-4279,CSAG1,158511.0,Amp5,6.59
X-4279,CSAG2,728461.0,Amp5,6.59
X-4279,CSAG2,728461.0,Amp5,6.59
X-4279,CSAG3,389903.0,Amp5,6.59
X-4279,CSAG3,389903.0,Amp5,6.59
X-4279,CSNK1A1L,122011.0,Amp5,5.54
X-4279,CSNK2A2,1459.0,Del0.8,0.73
X-4279,CSPG4P1Y,114758.0,Del0.8,0.2
X-4279,CSPG4P1Y,114758.0,Del0.8,0.28
X-4279,CSTF3,1479.0,Del0.8,0.75
X-4279,CTAG1B,1485.0,Amp5,5.58
X-4279,CTAG1B,1485.0,Amp5,5.58
X-4279,CTAG2,30848.0,Amp5,5.58
X-4279,CTNND2,1501.0,Amp5,6.73
X-4279,CTNS,1497.0,Amp5,5.58
X-4279,CTSA,5476.0,MutNovel,"L29-,0.780"
X-4279,CTSB,1508.0,Del0.8,0.71
X-4279,CTSO,1519.0,Del0.8,0.71
X-4279,CUEDC1,404093.0,MutNovel,"L193R,0.586"
X-4279,CX3CL1,6376.0,Del0.8,0.75
X-4279,CXXC11,285093.0,Del0.8,0.38
X-4279,CXorf68,100132963.0,Amp5,5.58
X-4279,CYB5R4,51167.0,Del0.8,0.72
X-4279,CYFIP2,26999.0,Del0.8,0.72
X-4279,CYLD,1540.0,Del0.8,0.74
X-4279,CYP4V2,285440.0,Del0.8,0.71
X-4279,CYSLTR2,57105.0,Del0.8,0.32
X-4279,D2HGDH,728294.0,Del0.8,0.74
X-4279,DAP,1611.0,Amp5,6.32
X-4279,DAZ1,1617.0,Del0.8,0.2
X-4279,DAZ2,57055.0,Del0.8,0.13
X-4279,DAZ3,57054.0,Del0.8,0.12
X-4279,DAZ3,57054.0,Del0.8,0.07
X-4279,DAZ4,57135.0,Del0.8,0.14
X-4279,DAZ4,57135.0,Del0.8,0.1
X-4279,DAZL,1618.0,Del0.8,0.68
X-4279,DBI,1622.0,Del0.8,0.76
X-4279,DBIL5P,100131454.0,Amp5,5.35
X-4279,DCHS2,54798.0,Del0.8,0.71
X-4279,DCLK1,9201.0,Amp5,5.54
X-4279,DCTD,1635.0,Del0.8,0.72
X-4279,DDB1,1642.0,MutNovel,"N810S,0.344"
X-4279,DDX18,8886.0,Del0.8,0.72
X-4279,DDX3Y,8653.0,Del0.8,0.23
X-4279,DDX43,55510.0,Del0.8,0.69
X-4279,DDX60,55601.0,Del0.8,0.69
X-4279,DDX60L,91351.0,Del0.8,0.69
X-4279,DEFA10P,449493.0,Del0.8,0.71
X-4279,DEFA1B,728358.0,Del0.8,0.71
X-4279,DEFA4,1669.0,Del0.8,0.71
X-4279,DEFA5,1670.0,Del0.8,0.71
X-4279,DEFA6,1671.0,Del0.8,0.71
X-4279,DEFB1,1672.0,Del0.8,0.71
X-4279,DEFB104B,503618.0,Del0.8,0.57
X-4279,DEFB105B,504180.0,Del0.8,0.57
X-4279,DEFB106B,503841.0,Del0.8,0.57
X-4279,DEFB107A,245910.0,Del0.8,0.57
X-4279,DEFB109P1B,641517.0,Del0.8,0.49
X-4279,DEFB134,613211.0,Del0.8,0.71
X-4279,DEFB135,613209.0,Del0.8,0.71
X-4279,DEFB136,613210.0,Del0.8,0.71
X-4279,DEFT1P,170949.0,Del0.8,0.71
X-4279,DENND3,22898.0,MutNovel,"T990M,0.629"
X-4279,DGCR10,26222.0,Del0.8,0.76
X-4279,DGCR11,25786.0,Del0.8,0.76
X-4279,DGCR14,8220.0,Del0.8,0.76
X-4279,DGCR2,9993.0,Del0.8,0.76
X-4279,DGCR5,26220.0,Del0.8,0.76
X-4279,DGCR6,8214.0,Del0.8,0.76
X-4279,DGCR9,25787.0,Del0.8,0.76
X-4279,DHRS4L1,728635.0,MutNovel,"P205S,0.571"
X-4279,DKC1,1736.0,Amp5,5.58
X-4279,DKFZP434H168,26077.0,Del0.8,0.75
X-4279,DKFZP434I0714,54553.0,Del0.8,0.67
X-4279,DLEU2L,79469.0,Amp5,5.5
X-4279,DNAH1,25981.0,Del0.8,0.75
X-4279,DNAH2,146754.0,Del0.8,0.55
X-4279,DNAJA2,10294.0,Del0.8,0.74
X-4279,DNAJA3,9093.0,Amp5,5.58
X-4279,DNASE1,1773.0,Del0.8,0.75
X-4279,DNASE1L1,1774.0,Amp5,5.58
X-4279,DOCK7,85440.0,Amp5,5.5
X-4279,DOCK8,81704.0,Del0.8,0.78
X-4279,DOK4,55715.0,Del0.8,0.75
X-4279,DOPEY1,23033.0,Del0.8,0.72
X-4279,DPH1,1801.0,Amp5,5.58
X-4279,DPH3,285381.0,Del0.8,0.68
X-4279,DPP6,1804.0,Del0.8,0.7
X-4279,DPPA5,340168.0,Del0.8,0.69
X-4279,DSC2,1824.0,MutKnownFunctional,"-896?,0.920"
X-4279,DTYMK,1841.0,Del0.8,0.74
X-4279,DUOXA2,405753.0,MutNovel,"Y156P,0.750"
X-4279,DUSP28,285193.0,Del0.8,0.74
X-4279,DUSP7,1849.0,Del0.8,0.75
X-4279,DUSP9,1852.0,Amp5,5.58
X-4279,EAF1,85403.0,Del0.8,0.74
X-4279,EBF1,1879.0,Del0.8,0.72
X-4279,ECD,11319.0,MutNovel,"E33K,0.972"
X-4279,EDNRA,1909.0,Del0.8,0.67
X-4279,EEF1A1,1915.0,Del0.8,0.69
X-4279,EFCAB7,84455.0,Amp5,5.5
X-4279,EFHB,151651.0,Del0.8,0.72
X-4279,EFNB3,1949.0,Del0.8,0.48
X-4279,EIF1AY,9086.0,Del0.8,0.2
X-4279,EIF2C2,27161.0,Amp5,5.28
X-4279,EIF4E3,317649.0,Del0.8,0.71
X-4279,ELMOD2,255520.0,Del0.8,0.71
X-4279,ELOVL4,6785.0,Del0.8,0.74
X-4279,EMD,2010.0,Amp5,5.58
X-4279,EN1,2019.0,Del0.8,0.72
X-4279,EN2,2020.0,Del0.8,0.78
X-4279,ENPP6,133121.0,Del0.8,0.72
X-4279,EPB41L5,57669.0,Del0.8,0.74
X-4279,EPHA7,2045.0,Del0.8,0.72
X-4279,ERI1,90459.0,Del0.8,0.66
X-4279,ERICH1,157697.0,Del0.8,0.74
X-4279,ETFDH,2110.0,Del0.8,0.69
X-4279,EXOSC8,11340.0,Amp5,5.54
X-4279,F11,2160.0,Del0.8,0.71
X-4279,F8,2157.0,Amp5,6.45
X-4279,F8A1,8263.0,Amp5,7.52
X-4279,F8A1,8263.0,Amp5,7.52
X-4279,FABP6,2172.0,Del0.8,0.72
X-4279,FAHD1,81889.0,MutKnownFunctional,"S57*,1.000"
X-4279,FAM100A,124402.0,Amp5,5.58
X-4279,FAM114A2,10827.0,Del0.8,0.73
X-4279,FAM115A,9747.0,MutNovel,"Q655K,0.345"
X-4279,FAM116B,414918.0,Del0.8,0.74
X-4279,FAM118A,55007.0,Del0.8,0.74
X-4279,FAM135A,57579.0,Del0.8,0.67
X-4279,FAM135B,51059.0,Amp5,5.28
X-4279,FAM149A,25854.0,Del0.8,0.71
X-4279,FAM160A1,729830.0,Del0.8,0.69
X-4279,FAM167A,83648.0,Del0.8,0.71
X-4279,FAM172A,83989.0,Del0.8,0.78
X-4279,FAM173B,134145.0,Amp5,6.32
X-4279,FAM192A,80011.0,Del0.8,0.75
X-4279,FAM197Y2P,252946.0,Del0.8,0.23
X-4279,FAM198B,51313.0,Del0.8,0.69
X-4279,FAM19A1,407738.0,Del0.8,0.7
X-4279,FAM19A4,151647.0,Del0.8,0.71
X-4279,FAM19A5,25817.0,Del0.8,0.74
X-4279,FAM21A,387680.0,MutNovel,"A465T,1.000"
X-4279,FAM21A,387680.0,Del0.8,0.59
X-4279,FAM3A,60343.0,Amp5,5.58
X-4279,FAM40B,57464.0,MutNovel,"G750R,0.697"
X-4279,FAM41AY1,340618.0,Del0.8,0.23
X-4279,FAM41AY1,340618.0,Del0.8,0.12
X-4279,FAM46A,55603.0,Del0.8,0.72
X-4279,FAM48A,55578.0,Amp5,5.54
X-4279,FAM50A,9130.0,Amp5,5.58
X-4279,FAM57A,79850.0,Amp5,5.35
X-4279,FAM58A,92002.0,Amp5,5.58
X-4279,FAM66E,100132103.0,Del0.8,0.76
X-4279,FAM71B,153745.0,Del0.8,0.72
X-4279,FAM74A4,401508.0,Del0.8,0.74
X-4279,FAM83H,286077.0,MutNovel,"P346Q,1.000"
X-4279,FAM86A,196483.0,Amp5,5.58
X-4279,FANCD2,2177.0,Del0.8,0.69
X-4279,FARP2,9855.0,Del0.8,0.74
X-4279,FAT1,2195.0,Del0.8,0.71
X-4279,FBLN1,2192.0,Del0.8,0.74
X-4279,FBLN2,2199.0,Del0.8,0.74
X-4279,FBXO25,26260.0,Del0.8,0.74
X-4279,FBXO7,25793.0,Del0.8,0.74
X-4279,FBXO8,26269.0,Del0.8,0.71
X-4279,FBXW7,55294.0,Del0.8,0.67
X-4279,FDFT1,2222.0,Del0.8,0.71
X-4279,FEZF2,55079.0,Del0.8,0.7
X-4279,FGA,2243.0,Del0.8,0.71
X-4279,FGB,2244.0,Del0.8,0.71
X-4279,FGD5,152273.0,Del0.8,0.74
X-4279,FGG,2266.0,Del0.8,0.71
X-4279,FHDC1,85462.0,Del0.8,0.67
X-4279,FHL5,9457.0,Del0.8,0.72
X-4279,FILIP1,27145.0,Del0.8,0.69
X-4279,FKBP1AP1,2282.0,Del0.8,0.76
X-4279,FLJ10661,286042.0,Del0.8,0.67
X-4279,FLJ38109,386627.0,Del0.8,0.73
X-4279,FLJ39639,283876.0,Del0.8,0.75
X-4279,FLJ41941,100192420.0,Del0.8,0.73
X-4279,FLJ46257,400932.0,Del0.8,0.74
X-4279,FLNA,2316.0,Amp5,5.58
X-4279,FMR1NB,158521.0,Amp5,5.13
X-4279,FNDC1,84624.0,MutNovel,"ATTRRTT1471A,0.405"
X-4279,FNDC3A,22862.0,Del0.8,0.27
X-4279,FNDC9,408263.0,Del0.8,0.72
X-4279,FNIP2,57600.0,Del0.8,0.69
X-4279,FOSL1,8061.0,MutNovel,"P170T,0.750"
X-4279,FOXD3,27022.0,Amp5,5.5
X-4279,FOXP1,27086.0,Del0.8,0.71
X-4279,FREM2,341640.0,Amp5,5.43
X-4279,FREM3,166752.0,Del0.8,0.76
X-4279,FRMD4B,23150.0,Del0.8,0.7
X-4279,FSTL5,56884.0,Del0.8,0.69
X-4279,FTO,79068.0,Del0.8,0.75
X-4279,FUNDC2,65991.0,Amp5,7.52
X-4279,FUT9,10690.0,Del0.8,0.72
X-4279,G6PD,2539.0,Amp5,5.58
X-4279,GAB3,139716.0,Amp5,5.58
X-4279,GAB4,128954.0,Del0.8,0.69
X-4279,GABRA1,2554.0,Del0.8,0.72
X-4279,GABRA3,2556.0,Amp5,6.59
X-4279,GABRA6,2559.0,Del0.8,0.72
X-4279,GABRB2,2561.0,Del0.8,0.72
X-4279,GABRG2,2566.0,Del0.8,0.72
X-4279,GABRQ,55879.0,Amp5,6.59
X-4279,GABRR1,2569.0,Del0.8,0.68
X-4279,GABRR2,2570.0,Del0.8,0.68
X-4279,GAL3ST1,9514.0,Del0.8,0.78
X-4279,GALNT10,55568.0,Del0.8,0.73
X-4279,GALNT7,51809.0,Del0.8,0.71
X-4279,GALNTL6,442117.0,Del0.8,0.7
X-4279,GATA4,2626.0,Del0.8,0.71
X-4279,GBE1,2632.0,Del0.8,0.65
X-4279,GBP2,2634.0,MutNovel,"V374M,0.304"
X-4279,GDI1,2664.0,Amp5,5.58
X-4279,GEMIN4,50628.0,Amp5,5.35
X-4279,GEMIN5,25929.0,Del0.8,0.73
X-4279,GIGYF2,26058.0,MutNovel,"PQ1231P,0.316"
X-4279,GINS3,64785.0,Del0.8,0.73
X-4279,GJA10,84694.0,Del0.8,0.72
X-4279,GJB7,375519.0,Del0.8,0.68
X-4279,GK3P,2713.0,Del0.8,0.71
X-4279,GLI2,2736.0,MutNovel,"P1433L,1.000"
X-4279,GLI2,2736.0,Del0.8,0.74
X-4279,GLIS2,84662.0,Amp5,5.58
X-4279,GLOD4,51031.0,Amp5,5.35
X-4279,GLRA3,8001.0,Del0.8,0.71
X-4279,GLRB,2743.0,Del0.8,0.69
X-4279,GLRX2,51022.0,Amp8,8.11
X-4279,GLYCTK,132158.0,Del0.8,0.75
X-4279,GLYR1,84656.0,Amp5,5.58
X-4279,GNAO1,2775.0,Del0.8,0.75
X-4279,GNB1L,54584.0,Del0.8,0.75
X-4279,GOLGA2P2Y,84559.0,Del0.8,0.2
X-4279,GOLGA2P2Y,84559.0,Del0.8,0.28
X-4279,GOLPH3,64083.0,Amp5,5.06
X-4279,GOT2,2806.0,Del0.8,0.73
X-4279,GPC1,2817.0,Del0.8,0.8
X-4279,GPM6A,2823.0,Del0.8,0.71
X-4279,GPR114,221188.0,Del0.8,0.75
X-4279,GPR125,166647.0,MutNovel,"P18R,1.000"
X-4279,GPR27,2850.0,Del0.8,0.71
X-4279,GPR35,2859.0,Del0.8,0.74
X-4279,GPR56,9289.0,Del0.8,0.75
X-4279,GPR62,118442.0,Del0.8,0.75
X-4279,GPR63,81491.0,Del0.8,0.72
X-4279,GPR97,222487.0,Del0.8,0.75
X-4279,GPT2,84706.0,Del0.8,0.74
X-4279,GRAMD4,23151.0,Del0.8,0.74
X-4279,GRIA2,2891.0,Del0.8,0.69
X-4279,GRIP2,80852.0,Del0.8,0.74
X-4279,GSC2,2928.0,Del0.8,0.76
X-4279,GSG2,83903.0,Amp5,5.58
X-4279,GTF2H2,2966.0,Del0.8,0.76
X-4279,GTSE1,51512.0,Del0.8,0.74
X-4279,GUCY1A3,2982.0,Del0.8,0.71
X-4279,GUCY1B3,2983.0,Del0.8,0.71
X-4279,GUSBP5,441046.0,Del0.8,0.76
X-4279,GYG2P1,352887.0,Del0.8,0.23
X-4279,GYPA,2993.0,Del0.8,0.69
X-4279,GYPB,2994.0,Del0.8,0.76
X-4279,GYPE,2996.0,Del0.8,0.76
X-4279,H2AFB1,474382.0,Amp5,7.52
X-4279,H2AFB1,474382.0,Amp5,7.52
X-4279,HACL1,26061.0,Del0.8,0.74
X-4279,HAND1,9421.0,Del0.8,0.73
X-4279,HAND2,9464.0,Del0.8,0.71
X-4279,HAUS7,55559.0,Amp5,5.58
X-4279,HAVCR1,26762.0,Del0.8,0.72
X-4279,HAVCR2,84868.0,Del0.8,0.72
X-4279,HCFC1,3054.0,Amp5,5.58
X-4279,HDAC10,83933.0,Del0.8,0.74
X-4279,HDAC11,79885.0,Del0.8,0.74
X-4279,HDLBP,3069.0,Del0.8,0.74
X-4279,HEATR3,55027.0,Del0.8,0.74
X-4279,HECTD1,25831.0,MutNovel,"M932L,0.414"
X-4279,HELT,391723.0,Del0.8,0.67
X-4279,HERC5,51191.0,MutNovel,"L683V,0.589"
X-4279,HERPUD1,9709.0,Del0.8,0.75
X-4279,HGS,9146.0,MutNovel,"P744T,0.989"
X-4279,HHIP,64399.0,Del0.8,0.69
X-4279,HIC1,3090.0,Amp5,5.58
X-4279,HIRA,7290.0,Del0.8,0.76
X-4279,HLA-G,3135.0,MutNovel,"T187P,0.900"
X-4279,HMCN1,83872.0,MutNovel,"E3159K,0.500"
X-4279,HMGB2,3148.0,Del0.8,0.71
X-4279,HMGN3,9324.0,Del0.8,0.74
X-4279,HMGXB4,10042.0,Del0.8,0.72
X-4279,HMOX1,3162.0,Del0.8,0.72
X-4279,HMOX2,3163.0,Amp5,5.58
X-4279,HNRNPA1,3178.0,Del0.8,0.77
X-4279,HOXD8,3234.0,MutNovel,"A70AHP,0.294"
X-4279,HPGD,3248.0,Del0.8,0.71
X-4279,HRH1,3269.0,Del0.8,0.73
X-4279,HSCB,150274.0,Del0.8,0.79
X-4279,HSFY1P1,27437.0,Del0.8,0.68
X-4279,HSFY2,159119.0,Del0.8,0.12
X-4279,HSFY2,159119.0,Del0.8,0.12
X-4279,HSP90AA4P,3323.0,Del0.8,0.75
X-4279,HSPA1B,3304.0,MutNovel,"G445V,0.800"
X-4279,HTR1B,3351.0,Del0.8,0.72
X-4279,HTR1E,3354.0,Del0.8,0.72
X-4279,HYDIN,54768.0,MutNovel,"V1717M,0.600"
X-4279,IBTK,25998.0,Del0.8,0.72
X-4279,IDH3G,3421.0,Amp5,5.58
X-4279,IKBKG,8517.0,Amp5,5.58
X-4279,IL12B,3593.0,Del0.8,0.72
X-4279,IL15,3600.0,Del0.8,0.71
X-4279,IL17RA,23765.0,Del0.8,0.73
X-4279,IL17RC,84818.0,Del0.8,0.69
X-4279,IL17RE,132014.0,Del0.8,0.69
X-4279,IL17REL,400935.0,Del0.8,0.74
X-4279,IMPG1,3617.0,Del0.8,0.69
X-4279,INADL,10207.0,Amp5,5.5
X-4279,ING2,3622.0,Del0.8,0.72
X-4279,ING5,84289.0,Del0.8,0.74
X-4279,INHBB,3625.0,Del0.8,0.74
X-4279,INPP4B,8821.0,Del0.8,0.71
X-4279,INPP5K,51763.0,Amp5,5.58
X-4279,INSIG1,3638.0,Del0.8,0.78
X-4279,INSIG2,51141.0,Del0.8,0.72
X-4279,IQCF1,132141.0,Del0.8,0.75
X-4279,IQCF2,389123.0,Del0.8,0.75
X-4279,IQCF3,401067.0,Del0.8,0.75
X-4279,IQCF4,100506840.0,Del0.8,0.75
X-4279,IQCF5,389124.0,Del0.8,0.75
X-4279,IQSEC1,9922.0,Del0.8,0.74
X-4279,IRAK1,3654.0,Amp5,5.58
X-4279,IRAK1BP1,134728.0,Del0.8,0.74
X-4279,IRF2,3660.0,Del0.8,0.67
X-4279,IRX3,79191.0,Del0.8,0.75
X-4279,IRX5,10265.0,Del0.8,0.75
X-4279,IRX6,79190.0,Del0.8,0.75
X-4279,ISX,91464.0,Del0.8,0.72
X-4279,ITFG1,81533.0,Del0.8,0.74
X-4279,ITGAE,3682.0,Amp5,5.58
X-4279,ITGB3BP,23421.0,Amp5,5.5
X-4279,ITK,3702.0,Del0.8,0.72
X-4279,ITM2B,9445.0,Del0.8,0.21
X-4279,JAGN1,84522.0,Del0.8,0.69
X-4279,KANK4,163782.0,Amp5,5.5
X-4279,KAT2B,8850.0,Del0.8,0.72
X-4279,KATNB1,10300.0,Del0.8,0.75
X-4279,KBTBD11,9920.0,Del0.8,0.73
X-4279,KBTBD8,84541.0,Del0.8,0.69
X-4279,KCNH8,131096.0,Del0.8,0.66
X-4279,KCNK9,51305.0,Amp5,5.28
X-4279,KCNQ5,56479.0,Del0.8,0.69
X-4279,KDM5D,8284.0,Del0.8,0.2
X-4279,KGFLP1,387628.0,Del0.8,0.74
X-4279,KHDC1,80759.0,Del0.8,0.69
X-4279,KHDC1L,100129128.0,Del0.8,0.69
X-4279,KIAA0664,23277.0,Amp5,5.58
X-4279,KIAA0922,23240.0,Del0.8,0.71
X-4279,KIAA0930,23313.0,Del0.8,0.74
X-4279,KIAA1009,22832.0,Del0.8,0.72
X-4279,KIAA1430,57587.0,Del0.8,0.67
X-4279,KIF1A,547.0,Del0.8,0.74
X-4279,KIF4B,285643.0,Del0.8,0.73
X-4279,KIFC3,3801.0,Del0.8,0.75
X-4279,KL,9365.0,Amp5,5.54
X-4279,KLHDC7B,113730.0,Del0.8,0.74
X-4279,KLHL2,11275.0,Del0.8,0.71
X-4279,KLK15,55554.0,Del0.8,0.56
X-4279,KLKB1,3818.0,Del0.8,0.71
X-4279,L1CAM,3897.0,Amp5,5.58
X-4279,L1TD1,54596.0,Amp5,5.5
X-4279,LAGE3,8270.0,Amp5,5.58
X-4279,LARP1,23367.0,Del0.8,0.73
X-4279,LCA5,167691.0,Del0.8,0.74
X-4279,LCE3C,353144.0,Del0.8,0.21
X-4279,LHFP,10186.0,Amp5,5.43
X-4279,LHFPL4,375323.0,Del0.8,0.69
X-4279,LINC00208,83655.0,Del0.8,0.71
X-4279,LINC00244,64433.0,Del0.8,0.69
X-4279,LINC00290,728081.0,Del0.8,0.71
X-4279,LINC00466,199899.0,Amp5,5.5
X-4279,LINC00472,79940.0,Del0.8,0.69
X-4279,LMBR1,64327.0,Del0.8,0.69
X-4279,LMBRD1,55788.0,Del0.8,0.67
X-4279,LMF2,91289.0,Del0.8,0.74
X-4279,LMOD3,56203.0,Del0.8,0.7
X-4279,LOC100128398,100128398.0,Del0.8,0.76
X-4279,LOC100128946,100128946.0,Del0.8,0.74
X-4279,LOC100129480,100129480.0,Del0.8,0.68
X-4279,LOC100129858,100129858.0,Del0.8,0.71
X-4279,LOC100130705,100130705.0,MutNovel,"R3W,1.000"
X-4279,LOC100132526,100132526.0,Del0.8,0.74
X-4279,LOC100144603,100144603.0,Del0.8,0.74
X-4279,LOC100271722,100271722.0,Del0.8,0.74
X-4279,LOC100287015,100287015.0,Del0.8,0.71
X-4279,LOC100287879,100287879.0,Del0.8,0.7
X-4279,LOC100288198,100288198.0,Del0.8,0.74
X-4279,LOC100288332,,MutNovel,"D279V,0.908"
X-4279,LOC100505545,100505545.0,Del0.8,0.67
X-4279,LOC100505619,100505619.0,Del0.8,0.74
X-4279,LOC100505989,100505989.0,Del0.8,0.71
X-4279,LOC100506013,100506013.0,Del0.8,0.71
X-4279,LOC100506085,100506085.0,Del0.8,0.72
X-4279,LOC100506122,100506122.0,Del0.8,0.7
X-4279,LOC100506195,100506195.0,Del0.8,0.74
X-4279,LOC100506229,100506229.0,Del0.8,0.67
X-4279,LOC100506714,100506714.0,Del0.8,0.74
X-4279,LOC100506804,100506804.0,Del0.8,0.69
X-4279,LOC100506994,100506994.0,Del0.8,0.7
X-4279,LOC100507404,100507404.0,Amp5,7.52
X-4279,LOC100507404,100507404.0,Amp5,7.52
X-4279,LOC100507501,100507501.0,Amp5,5.58
X-4279,LOC100507577,100507577.0,Del0.8,0.75
X-4279,LOC100652791,100652791.0,Del0.8,0.71
X-4279,LOC150185,150185.0,Del0.8,0.76
X-4279,LOC150381,150381.0,Del0.8,0.74
X-4279,LOC152024,152024.0,Del0.8,0.71
X-4279,LOC157273,157273.0,Del0.8,0.71
X-4279,LOC200772,200772.0,Del0.8,0.74
X-4279,LOC254128,254128.0,Del0.8,0.74
X-4279,LOC283856,283856.0,Del0.8,0.75
X-4279,LOC284009,284009.0,Amp5,5.58
X-4279,LOC284933,284933.0,Del0.8,0.74
X-4279,LOC285326,285326.0,Del0.8,0.73
X-4279,LOC285441,285441.0,Del0.8,0.71
X-4279,LOC285501,285501.0,Del0.8,0.71
X-4279,LOC285626,285626.0,Del0.8,0.72
X-4279,LOC285627,285627.0,Del0.8,0.72
X-4279,LOC285629,285629.0,Del0.8,0.72
X-4279,LOC285692,285692.0,Amp5,5.35
X-4279,LOC285889,285889.0,Del0.8,0.75
X-4279,LOC286083,286083.0,Del0.8,0.73
X-4279,LOC286442,286442.0,Amp5,5.46
X-4279,LOC339975,339975.0,Del0.8,0.71
X-4279,LOC340017,340017.0,Del0.8,0.69
X-4279,LOC340107,340107.0,Amp5,7.78
X-4279,LOC340113,340113.0,Amp5,5.66
X-4279,LOC388276,388276.0,Del0.8,0.74
X-4279,LOC389247,389247.0,Del0.8,0.72
X-4279,LOC401052,401052.0,Del0.8,0.69
X-4279,LOC401164,401164.0,Del0.8,0.71
X-4279,LOC440335,440335.0,Amp5,5.58
X-4279,LOC440944,440944.0,Del0.8,0.69
X-4279,LOC642361,642361.0,Del0.8,0.5
X-4279,LOC642643,,MutNovel,"E124G,1.000"
X-4279,LOC643714,643714.0,Del0.8,0.74
X-4279,LOC643802,643802.0,Del0.8,0.77
X-4279,LOC644649,644649.0,Del0.8,0.73
X-4279,LOC647859,647859.0,Del0.8,0.76
X-4279,LOC728175,728175.0,Del0.8,0.39
X-4279,LOC728323,728323.0,Del0.8,0.74
X-4279,LOC730668,730668.0,Del0.8,0.74
X-4279,LOC731424,731424.0,Del0.8,0.67
X-4279,LOC84931,84931.0,Del0.8,0.74
X-4279,LOC90834,90834.0,Del0.8,0.74
X-4279,LONP2,83752.0,Del0.8,0.75
X-4279,LPAR6,10161.0,Del0.8,0.23
X-4279,LPCAT2,54947.0,Del0.8,0.75
X-4279,LRAT,9227.0,Del0.8,0.71
X-4279,LRIG1,26018.0,Del0.8,0.69
X-4279,LRP2BP,55805.0,Del0.8,0.67
X-4279,LRRC37A,9884.0,Amp5,5.7
X-4279,LRRC37A2,474170.0,Amp5,5.7
X-4279,LRRC3B,116135.0,Del0.8,0.72
X-4279,LSM11,134353.0,Del0.8,0.72
X-4279,LSM3,27258.0,Del0.8,0.74
X-4279,LSM6,11157.0,Del0.8,0.67
X-4279,MAB21L2,10586.0,Del0.8,0.67
X-4279,MAGEA1,4100.0,Amp5,6.59
X-4279,MAGEA10,4109.0,Amp5,6.59
X-4279,MAGEA10-MAGEA5,100533997.0,Amp5,6.59
X-4279,MAGEA12,4111.0,Amp5,6.59
X-4279,MAGEA2,4101.0,Amp5,6.59
X-4279,MAGEA2,4101.0,Amp5,6.59
X-4279,MAGEA3,4102.0,Amp5,6.59
X-4279,MAGEA5,4104.0,Amp5,6.59
X-4279,MAGEA6,4105.0,Amp5,6.59
X-4279,MAML3,55534.0,Del0.8,0.71
X-4279,MANEA,79694.0,Del0.8,0.72
X-4279,MAP3K7,6885.0,Del0.8,0.72
X-4279,MAP9,79884.0,MutNovel,"DK596-,0.857"
X-4279,MAP9,79884.0,Del0.8,0.71
X-4279,MAPK11,5600.0,Del0.8,0.74
X-4279,MAPK12,6300.0,Del0.8,0.74
X-4279,MAPK8IP2,23542.0,Del0.8,0.74
X-4279,2014-03-01 00:00:00,55016.0,Del0.8,0.8
X-4279,2014-03-06 00:00:00,10299.0,Amp5,6.32
X-4279,MARCO,8685.0,Del0.8,0.76
X-4279,MB,4151.0,Del0.8,0.72
X-4279,MB21D1,115004.0,Del0.8,0.69
X-4279,MCM5,4174.0,Del0.8,0.72
X-4279,MCPH1,79648.0,Del0.8,0.71
X-4279,MDN1,23195.0,Del0.8,0.72
X-4279,ME1,4199.0,Del0.8,0.72
X-4279,MECP2,4204.0,Amp5,5.58
X-4279,MED7,9443.0,Del0.8,0.72
X-4279,MEFV,4210.0,Del0.8,0.75
X-4279,MEOX2,4223.0,MutNovel,"HH76H,0.500"
X-4279,METTL16,79066.0,Amp5,5.58
X-4279,METTL6,131965.0,Del0.8,0.74
X-4279,MFAP3,4238.0,Del0.8,0.73
X-4279,MFAP3L,9848.0,Del0.8,0.72
X-4279,MGC45800,90768.0,Del0.8,0.72
X-4279,MGRN1,23295.0,Amp5,5.58
X-4279,MGST2,4258.0,Del0.8,0.71
X-4279,MICAL3,57553.0,Del0.8,0.73
X-4279,MID1IP1,58526.0,Amp5,5.46
X-4279,MIOX,55586.0,Del0.8,0.74
X-4279,MIR105-1,406897.0,Amp5,6.59
X-4279,MIR105-2,406898.0,Amp5,6.59
X-4279,MIR1184-1,100302111.0,Amp5,7.52
X-4279,MIR1184-1,100302111.0,Amp5,7.52
X-4279,MIR124-1,406907.0,Del0.8,0.71
X-4279,MIR1249,100302149.0,Del0.8,0.74
X-4279,MIR1253,100302208.0,Amp5,5.58
X-4279,MIR1278,100302163.0,Amp8,8.11
X-4279,MIR1284,100302112.0,Del0.8,0.71
X-4279,MIR1305,100302270.0,Del0.8,0.72
X-4279,MIR132,406921.0,Amp5,5.58
X-4279,MIR1322,100302166.0,Del0.8,0.71
X-4279,MIR135A1,406925.0,Del0.8,0.75
X-4279,MIR138-2,406930.0,Del0.8,0.75
X-4279,MIR146A,406938.0,Del0.8,0.72
X-4279,MIR149,406941.0,Del0.8,0.8
X-4279,MIR212,406994.0,Amp5,5.58
X-4279,MIR22,407004.0,Amp5,5.58
X-4279,MIR2277,100313887.0,Del0.8,0.66
X-4279,MIR22HG,84981.0,Amp5,5.58
X-4279,MIR30A,407029.0,Del0.8,0.69
X-4279,MIR30C2,407032.0,Del0.8,0.69
X-4279,MIR3136,100422859.0,Del0.8,0.7
X-4279,MIR3140,100422896.0,Del0.8,0.67
X-4279,MIR3141,100422950.0,Del0.8,0.73
X-4279,MIR3142,100422938.0,Del0.8,0.72
X-4279,MIR3183,100422835.0,Amp5,5.58
X-4279,MIR3198-1,100423025.0,Del0.8,0.73
X-4279,MIR3198-2,100616400.0,Del0.8,0.77
X-4279,MIR3201,100422916.0,Del0.8,0.74
X-4279,MIR3202-1,100422987.0,Amp5,5.58
X-4279,MIR3202-2,100422877.0,Amp5,5.58
X-4279,MIR3619,100500828.0,Del0.8,0.74
X-4279,MIR3688-1,100500881.0,Del0.8,0.69
X-4279,MIR3688-2,100616303.0,Del0.8,0.69
X-4279,MIR3714,100500913.0,Del0.8,0.68
X-4279,MIR3909,100500826.0,Del0.8,0.72
X-4279,MIR3935,100500891.0,Del0.8,0.75
X-4279,MIR3945,100500818.0,Del0.8,0.67
X-4279,MIR4270,100422868.0,Del0.8,0.74
X-4279,MIR4272,100422941.0,Del0.8,0.69
X-4279,MIR4276,100423042.0,Del0.8,0.71
X-4279,MIR4282,100423005.0,Del0.8,0.69
X-4279,MIR4305,100422940.0,Amp5,5.43
X-4279,MIR4442,100616477.0,Del0.8,0.73
X-4279,MIR4464,100616109.0,Del0.8,0.72
X-4279,MIR4535,100616415.0,Del0.8,0.74
X-4279,MIR4643,100616174.0,Del0.8,0.72
X-4279,MIR4659A,100616348.0,Del0.8,0.71
X-4279,MIR4659B,100616372.0,Del0.8,0.71
X-4279,MIR4660,100616350.0,Del0.8,0.66
X-4279,MIR4762,100616253.0,Del0.8,0.74
X-4279,MIR4763,100616143.0,Del0.8,0.74
X-4279,MIR4764,100616295.0,Del0.8,0.74
X-4279,MIR4768,100616249.0,Amp5,5.78
X-4279,MIR4791,100616291.0,Del0.8,0.66
X-4279,MIR4792,100616448.0,Del0.8,0.71
X-4279,MIR4794,100616338.0,Amp5,5.5
X-4279,MIR4799,100616246.0,Del0.8,0.67
X-4279,MIR548A2,693126.0,Del0.8,0.72
X-4279,MIR548AC,100616384.0,Del0.8,0.71
X-4279,MIR548AE2,100616339.0,Del0.8,0.75
X-4279,MIR548F5,100302239.0,Amp5,5.54
X-4279,MIR563,693148.0,Del0.8,0.74
X-4279,MIR578,693163.0,Del0.8,0.71
X-4279,MIR596,693181.0,Del0.8,0.73
X-4279,MIR597,693182.0,Del0.8,0.71
X-4279,MIR598,693183.0,Del0.8,0.71
X-4279,MIR648,693233.0,Del0.8,0.73
X-4279,MIR718,100313781.0,Amp5,5.58
X-4279,MIR767,768215.0,Amp5,6.59
X-4279,MIRLET7A3,406883.0,Del0.8,0.74
X-4279,MIRLET7B,406884.0,Del0.8,0.74
X-4279,MIRLET7BHG,400931.0,Del0.8,0.74
X-4279,MIRLET7G,406890.0,Del0.8,0.75
X-4279,MITF,4286.0,Del0.8,0.71
X-4279,MKI67IP,84365.0,Del0.8,0.74
X-4279,MKRN2,23609.0,Del0.8,0.68
X-4279,MLC1,23209.0,Del0.8,0.74
X-4279,MLF1IP,79682.0,Del0.8,0.67
X-4279,MLNR,2862.0,Del0.8,0.4
X-4279,MMAA,166785.0,Del0.8,0.69
X-4279,MMP15,4324.0,Del0.8,0.73
X-4279,MMP2,4313.0,Del0.8,0.75
X-4279,MND1,84057.0,Del0.8,0.71
X-4279,MNT,4335.0,Amp5,5.58
X-4279,MOGS,7841.0,MutNovel,"A292P,0.659"
X-4279,MOV10L1,54456.0,Del0.8,0.74
X-4279,MPP1,4354.0,Amp5,5.58
X-4279,MRPL22,29093.0,Del0.8,0.73
X-4279,MRPL40,64976.0,Del0.8,0.76
X-4279,MRPS25,64432.0,Del0.8,0.74
X-4279,MSMO1,6307.0,Del0.8,0.71
X-4279,MSRA,4482.0,Del0.8,0.71
X-4279,MST1,4485.0,MutNovel,"V121I,0.500"
X-4279,MT1A,4489.0,Del0.8,0.75
X-4279,MT1B,4490.0,Del0.8,0.75
X-4279,MT1DP,326343.0,Del0.8,0.75
X-4279,MT1E,4493.0,Del0.8,0.75
X-4279,MT1F,4494.0,Del0.8,0.75
X-4279,MT1G,4495.0,Del0.8,0.75
X-4279,MT1H,4496.0,Del0.8,0.75
X-4279,MT1IP,644314.0,Del0.8,0.75
X-4279,MT1JP,4498.0,Del0.8,0.75
X-4279,MT1L,4500.0,Del0.8,0.75
X-4279,MT1M,4499.0,Del0.8,0.75
X-4279,MT1X,4501.0,Del0.8,0.75
X-4279,MT2A,4502.0,Del0.8,0.75
X-4279,MT3,4504.0,Del0.8,0.75
X-4279,MT4,84560.0,Del0.8,0.75
X-4279,MTCP1,4515.0,Amp5,7.52
X-4279,MTCP1NB,100272147.0,Amp5,7.52
X-4279,MTERFD2,130916.0,Del0.8,0.74
X-4279,MTMR12,54545.0,Amp5,5.66
X-4279,MTMR14,64419.0,Del0.8,0.69
X-4279,MTMR9,66036.0,Del0.8,0.71
X-4279,MTNR1A,4543.0,Del0.8,0.71
X-4279,MTO1,25821.0,Del0.8,0.69
X-4279,MTRNR2L4,100463285.0,Del0.8,0.75
X-4279,MUC20,200958.0,Amp5,5.1
X-4279,MYEOV2,150678.0,Del0.8,0.8
X-4279,MYH9,4627.0,Del0.8,0.72
X-4279,MYLK3,91807.0,Del0.8,0.74
X-4279,MYO1C,4641.0,Amp5,5.58
X-4279,MYO6,4646.0,Del0.8,0.69
X-4279,MYOM2,9172.0,Del0.8,0.73
X-4279,N4BP1,9683.0,Del0.8,0.75
X-4279,NAA10,8260.0,Amp5,5.58
X-4279,NAA15,80155.0,Del0.8,0.71
X-4279,NAA60,79903.0,Del0.8,0.75
X-4279,NAF1,92345.0,Del0.8,0.68
X-4279,NAGPA,51172.0,Amp5,5.58
X-4279,NAIP,4671.0,Del0.8,0.76
X-4279,NAT10,55226.0,MutNovel,"C746F,0.478"
X-4279,NBEA,26960.0,Amp5,5.54
X-4279,NBLA00301,79804.0,Del0.8,0.71
X-4279,NBPF1,55672.0,MutNovel,"Q764K,0.273"
X-4279,NBPF10,100132406.0,MutNovel,"R3193K,1.000"
X-4279,NBPF24,,MutNovel,"T510A,1.000"
X-4279,NBPF9,400818.0,MutNovel,"Q184R,0.778"
X-4279,NCAPH2,29781.0,Del0.8,0.74
X-4279,NCOR2,9612.0,MutNovel,"G1839GAAA,0.429"
X-4279,NCRNA00185,55410.0,Del0.8,0.2
X-4279,NDRG4,65009.0,Del0.8,0.73
X-4279,NDUFAF4,29078.0,Del0.8,0.72
X-4279,NDUFC1,4717.0,Del0.8,0.71
X-4279,NEGR1,257194.0,Amp5,5.94
X-4279,NEIL2,252969.0,Del0.8,0.71
X-4279,NEIL3,55247.0,Del0.8,0.71
X-4279,NEK1,4750.0,Del0.8,0.69
X-4279,NETO2,81831.0,Del0.8,0.74
X-4279,NFE2,4778.0,Del0.8,0.77
X-4279,NGLY1,55768.0,Del0.8,0.73
X-4279,NHLRC3,387921.0,Amp5,5.43
X-4279,NHS,4810.0,Amp5,5.78
X-4279,NIF3L1,60491.0,MutNovel,"S248L,0.576"
X-4279,NIPAL4,348938.0,Del0.8,0.72
X-4279,NISCH,11188.0,Del0.8,0.75
X-4279,NKD1,85407.0,Del0.8,0.74
X-4279,NKIRAS1,28512.0,Del0.8,0.71
X-4279,NLGN4Y,22829.0,Del0.8,0.23
X-4279,NLRC3,197358.0,Del0.8,0.75
X-4279,NLRC5,84166.0,Del0.8,0.75
X-4279,NMRAL1,57407.0,Amp5,5.58
X-4279,NOD2,64127.0,Del0.8,0.74
X-4279,NOM1,64434.0,Del0.8,0.69
X-4279,NPR1,4881.0,MutNovel,"G541S,0.578"
X-4279,NPR3,4883.0,Amp5,5.66
X-4279,NPY1R,4886.0,Del0.8,0.68
X-4279,NPY2R,4887.0,Del0.8,0.71
X-4279,NPY5R,4889.0,Del0.8,0.68
X-4279,NR1D2,9975.0,Del0.8,0.71
X-4279,NR2C2,7182.0,Del0.8,0.74
X-4279,NR2F1,7025.0,Del0.8,0.66
X-4279,NR3C2,4306.0,Del0.8,0.67
X-4279,NSDHL,50814.0,Amp5,6.59
X-4279,NSFP1,728806.0,Amp5,5.7
X-4279,NT5DC2,64943.0,Del0.8,0.75
X-4279,NT5E,4907.0,Del0.8,0.72
X-4279,NUDCD2,134492.0,Del0.8,0.71
X-4279,NUDT16L1,84309.0,Amp5,5.58
X-4279,NUDT21,11051.0,Del0.8,0.75
X-4279,NUDT22,84304.0,MutNovel,"T129R,0.410"
X-4279,NUP210,23225.0,Del0.8,0.74
X-4279,NUP50,10762.0,Del0.8,0.74
X-4279,NUP93,9688.0,Del0.8,0.75
X-4279,NXF1,10482.0,MutNovel,"L563V,0.352"
X-4279,ODF3B,440836.0,Del0.8,0.74
X-4279,ODZ3,55714.0,Del0.8,0.72
X-4279,OGFOD1,55239.0,Del0.8,0.75
X-4279,OGFRL1,79627.0,Del0.8,0.69
X-4279,OGG1,4968.0,Del0.8,0.69
X-4279,OOEP,441161.0,Del0.8,0.69
X-4279,OPN1LW,5956.0,Amp5,5.58
X-4279,OPN1MW,2652.0,Amp5,5.58
X-4279,OR1A1,8383.0,Amp5,5.58
X-4279,OR1A2,26189.0,Amp5,5.58
X-4279,OR1D2,4991.0,Amp5,5.58
X-4279,OR1D4,653166.0,Amp5,5.58
X-4279,OR1D5,8386.0,Amp5,5.58
X-4279,OR1E1,8387.0,Amp5,5.58
X-4279,OR1E2,8388.0,Amp5,5.58
X-4279,OR1F1,4992.0,Del0.8,0.75
X-4279,OR1F2P,26184.0,Del0.8,0.75
X-4279,OR1G1,8390.0,Amp5,5.58
X-4279,OR2C1,4993.0,Del0.8,0.75
X-4279,OR3A1,4994.0,Amp5,5.58
X-4279,OR3A2,4995.0,Amp5,5.58
X-4279,OR3A3,8392.0,Amp5,5.58
X-4279,OR3A4P,390756.0,Amp5,5.58
X-4279,OR6B2,389090.0,Del0.8,0.8
X-4279,OR6B3,150681.0,Del0.8,0.8
X-4279,ORAI1,84876.0,MutNovel,"PP43-,0.818"
X-4279,ORC3,23595.0,Del0.8,0.68
X-4279,ORC6,23594.0,Del0.8,0.74
X-4279,OSBPL10,114884.0,MutNovel,"D155G,0.905"
X-4279,OTC,5009.0,Amp5,5.46
X-4279,OTOS,150677.0,Del0.8,0.8
X-4279,OTUD4,54726.0,Del0.8,0.69
X-4279,OVCA2,124641.0,Amp5,5.58
X-4279,OXNAD1,92106.0,Del0.8,0.68
X-4279,OXSM,54995.0,Del0.8,0.73
X-4279,P2RX1,5023.0,Amp5,5.58
X-4279,P2RX5,5026.0,Amp5,5.58
X-4279,P2RX5-TAX1BP3,100533970.0,Amp5,5.58
X-4279,PABPC5,140886.0,Amp5,5.86
X-4279,PAFAH1B1,5048.0,Amp5,5.58
X-4279,PALLD,23022.0,Del0.8,0.69
X-4279,PAM16,51025.0,Amp5,5.58
X-4279,PANX2,56666.0,Del0.8,0.74
X-4279,PAPD5,64282.0,Del0.8,0.74
X-4279,PARP3,10039.0,Del0.8,0.75
X-4279,PASK,23178.0,Del0.8,0.74
X-4279,PCBP4,57060.0,Del0.8,0.75
X-4279,PCDH11Y,83259.0,Del0.8,0.37
X-4279,PCDH18,54510.0,Del0.8,0.7
X-4279,PCDP1,200373.0,Del0.8,0.74
X-4279,PDCD1,5133.0,Del0.8,0.38
X-4279,PDE4DIP,9659.0,MutKnownFunctional,"C18*,0.364"
X-4279,PDGFC,56034.0,Del0.8,0.69
X-4279,PDLIM3,27295.0,Del0.8,0.56
X-4279,PDZD2,23037.0,MutNovel,"S2381T,0.600"
X-4279,PDZD4,57595.0,Amp5,5.58
X-4279,PES1,23481.0,Del0.8,0.78
X-4279,PET112,5188.0,Del0.8,0.69
X-4279,PEX26,55670.0,Del0.8,0.73
X-4279,PGM1,5236.0,Amp5,5.5
X-4279,PGM3,5238.0,Del0.8,0.72
X-4279,PHF7,51533.0,Del0.8,0.75
X-4279,PHIP,55023.0,Del0.8,0.74
X-4279,PHKB,5257.0,Del0.8,0.74
X-4279,PHLDA1,22822.0,MutNovel,"QQ194Q,0.750"
X-4279,PIGB,9488.0,MutNovel,"S215P,0.357"
X-4279,PIK3R5,23533.0,Del0.8,0.53
X-4279,PIM3,415116.0,Del0.8,0.74
X-4279,PINX1,54984.0,Del0.8,0.71
X-4279,PITPNA,5306.0,Amp5,5.58
X-4279,PKDREJ,10343.0,Del0.8,0.74
X-4279,PLCL2,23228.0,Del0.8,0.79
X-4279,PLLP,51090.0,Del0.8,0.75
X-4279,PLRG1,5356.0,Del0.8,0.71
X-4279,PLXNA3,55558.0,Amp5,5.58
X-4279,PLXNB2,23654.0,Del0.8,0.74
X-4279,PLXNB3,5365.0,Amp5,5.58
X-4279,PM20D2,135293.0,Del0.8,0.68
X-4279,PNCK,139728.0,Amp5,5.58
X-4279,PNMA3,29944.0,Amp5,6.59
X-4279,PNMA5,114824.0,Amp5,6.59
X-4279,PNMA6A,84968.0,Amp5,6.59
X-4279,PNMA6A,84968.0,Amp5,6.59
X-4279,PNMA6C,100287428.0,Amp5,6.59
X-4279,PNMA6D,100287466.0,Amp5,6.59
X-4279,PNMA6D,100287466.0,Amp5,6.59
X-4279,PNPLA6,10908.0,MutNovel,"A1252T,0.462"
X-4279,PNRC1,10957.0,Del0.8,0.68
X-4279,POC1A,25886.0,Del0.8,0.75
X-4279,POLR2C,5432.0,Del0.8,0.75
X-4279,POSTN,10631.0,Amp5,5.78
X-4279,POU4F2,5458.0,Del0.8,0.67
X-4279,PP14571,100130449.0,Del0.8,0.8
X-4279,PP2D1,151649.0,Del0.8,0.72
X-4279,PPARA,5465.0,Del0.8,0.74
X-4279,PPARG,5468.0,Del0.8,0.68
X-4279,PPFIBP1,8496.0,MutKnownFunctional,"W629*,0.471"
X-4279,PPID,5481.0,Del0.8,0.69
X-4279,PPL,5493.0,Amp5,5.58
X-4279,PPM1M,132160.0,Del0.8,0.75
X-4279,PPP1R2P3,153743.0,Del0.8,0.72
X-4279,PPP1R3B,79660.0,Del0.8,0.66
X-4279,PPP1R7,5510.0,Del0.8,0.74
X-4279,PPP6R2,9701.0,Del0.8,0.74
X-4279,PRICKLE2,166336.0,Del0.8,0.7
X-4279,PRKY,5616.0,Del0.8,0.23
X-4279,PRMT10,90826.0,Del0.8,0.67
X-4279,PRODH,5625.0,Del0.8,0.76
X-4279,PROK2,60675.0,Del0.8,0.71
X-4279,PROSER1,80209.0,Amp5,5.43
X-4279,PRPF8,10594.0,Amp5,5.58
X-4279,PRR21,643905.0,Del0.8,0.8
X-4279,PRRT3,285368.0,Del0.8,0.69
X-4279,PRSS35,167681.0,Del0.8,0.72
X-4279,PRSS48,345062.0,Del0.8,0.69
X-4279,PRSS54,221191.0,Del0.8,0.73
X-4279,PRSS55,203074.0,Del0.8,0.71
X-4279,PRY,9081.0,Del0.8,0.2
X-4279,PRY,9081.0,Del0.8,0.2
X-4279,PRY2,442862.0,Del0.8,0.2
X-4279,PRY2,442862.0,Del0.8,0.2
X-4279,PSMD6,9861.0,Del0.8,0.7
X-4279,PTK2,5747.0,Amp5,5.28
X-4279,PTK2B,2185.0,MutNovel,"G414V,1.000"
X-4279,PTPN4,5775.0,Del0.8,0.74
X-4279,PTTG1,9232.0,Del0.8,0.72
X-4279,PWWP2A,114825.0,Del0.8,0.72
X-4279,RAB33B,83452.0,Del0.8,0.71
X-4279,RAB39B,116442.0,Amp5,7.52
X-4279,RAB5A,5868.0,Del0.8,0.72
X-4279,RABL2B,11158.0,Del0.8,0.74
X-4279,RAF1,5894.0,Del0.8,0.77
X-4279,RAI2,10742.0,Amp5,5.78
X-4279,RALB,5899.0,Del0.8,0.74
X-4279,RAP1GAP2,23108.0,Amp5,5.58
X-4279,RAPGEF2,9693.0,Del0.8,0.69
X-4279,RARS2,57038.0,Del0.8,0.68
X-4279,RASA4B,,MutNovel,"A551V,0.750"
X-4279,RASD2,23551.0,Del0.8,0.72
X-4279,RB1,5925.0,Del0.8,0.28
X-4279,RBFOX1,54715.0,Amp5,6.63
X-4279,RBFOX2,23543.0,Del0.8,0.72
X-4279,RBM33,155435.0,Del0.8,0.78
X-4279,RBM46,166863.0,Del0.8,0.71
X-4279,RBMY1A3P,286557.0,Del0.8,0.23
X-4279,RBMY1B,378948.0,Del0.8,0.2
X-4279,RBMY1B,378948.0,Del0.8,0.2
X-4279,RBMY1E,378950.0,Del0.8,0.2
X-4279,RBMY1E,378950.0,Del0.8,0.2
X-4279,RBMY1F,159163.0,Del0.8,0.2
X-4279,RBMY1F,159163.0,Del0.8,0.2
X-4279,RBMY1J,378951.0,Del0.8,0.2
X-4279,RBMY1J,378951.0,Del0.8,0.2
X-4279,RBMY2EP,159125.0,Del0.8,0.2
X-4279,RBMY2FP,159162.0,Del0.8,0.2
X-4279,RBMY3AP,64593.0,Del0.8,0.23
X-4279,RCBTB2,1102.0,Del0.8,0.21
X-4279,RENBP,5973.0,Amp5,5.58
X-4279,REPS2,9185.0,Amp5,5.78
X-4279,RFC3,5983.0,Amp5,5.54
X-4279,RFPL1,5988.0,Del0.8,0.67
X-4279,RFPL1-AS1,10740.0,Del0.8,0.67
X-4279,RFTN1,23180.0,Del0.8,0.68
X-4279,RFXAP,5994.0,Amp5,5.54
X-4279,RGPD8,727851.0,MutNovel,"E928K,0.643"
X-4279,RGS1,5996.0,Amp5,6.54
X-4279,RGS12,6002.0,MutNovel,"D785G,0.282"
X-4279,RGS13,6003.0,Amp5,6.54
X-4279,RGS2,5997.0,Amp5,6.54
X-4279,RGS21,431704.0,Amp5,5.06
X-4279,RIBC2,26150.0,Del0.8,0.74
X-4279,RILP,83547.0,Amp5,5.58
X-4279,RIMS1,22999.0,Del0.8,0.57
X-4279,RIN3,79890.0,MutNovel,"G967-,0.263"
X-4279,RIPPLY2,134701.0,Del0.8,0.72
X-4279,RNF145,153830.0,Del0.8,0.72
X-4279,RNF150,57484.0,Del0.8,0.71
X-4279,RNF175,285533.0,Del0.8,0.71
X-4279,RNF32,140545.0,Del0.8,0.69
X-4279,RNGTT,8732.0,Del0.8,0.68
X-4279,RNPEPL1,57140.0,Del0.8,0.74
X-4279,RNU4ATAC,100151683.0,Del0.8,0.74
X-4279,RNY4,6086.0,Del0.8,0.74
X-4279,ROBO1,6091.0,Del0.8,0.7
X-4279,ROBO2,6092.0,Del0.8,0.7
X-4279,ROGDI,79641.0,Amp5,5.58
X-4279,ROPN1L,83853.0,Amp5,6.32
X-4279,ROR1,4919.0,Amp5,5.5
X-4279,RP1L1,94137.0,Del0.8,0.71
X-4279,RPA1,6117.0,Amp5,5.58
X-4279,RPGR,6103.0,Amp5,5.46
X-4279,RPL10,6134.0,Amp5,5.58
X-4279,RPL15,6138.0,Del0.8,0.71
X-4279,RPL23AP82,284942.0,Del0.8,0.74
X-4279,RPL29,6159.0,Del0.8,0.75
X-4279,RPL29P2,118432.0,Del0.8,0.18
X-4279,RPL32,6161.0,Del0.8,0.74
X-4279,RPS3A,6189.0,Del0.8,0.69
X-4279,RPS4Y1,6192.0,Del0.8,0.37
X-4279,RPS4Y2,140032.0,Del0.8,0.2
X-4279,RPUSD3,285367.0,Del0.8,0.69
X-4279,RRAGD,58528.0,Del0.8,0.68
X-4279,RRP1,8568.0,MutNovel,"N20Y,0.224"
X-4279,RRP9,9136.0,Del0.8,0.75
X-4279,RSPRY1,89970.0,Del0.8,0.75
X-4279,RTN4RL1,146760.0,Amp5,5.58
X-4279,RWDD2A,112611.0,Del0.8,0.72
X-4279,RWDD4,201965.0,Del0.8,0.72
X-4279,RXFP1,59350.0,Del0.8,0.69
X-4279,RYBP,23429.0,Del0.8,0.72
X-4279,SALL1,6299.0,Del0.8,0.74
X-4279,SAP30,8819.0,Del0.8,0.71
X-4279,SAP30L,79685.0,Del0.8,0.73
X-4279,SATB1,6304.0,Del0.8,0.67
X-4279,SBF1,6305.0,Del0.8,0.74
X-4279,SCARF1,8578.0,Amp5,5.58
X-4279,SCML1,6322.0,Amp5,5.78
X-4279,SCML2,10389.0,Amp5,5.78
X-4279,SCO2,9997.0,Del0.8,0.74
X-4279,SCOC,60592.0,Del0.8,0.71
X-4279,SCRG1,11341.0,Del0.8,0.71
X-4279,SCTR,6344.0,Del0.8,0.74
X-4279,SCUBE2,57758.0,MutNovel,"L25P,1.000"
X-4279,SEC14L5,9717.0,Amp5,5.58
X-4279,SEC16B,89866.0,MutNovel,"R34W,0.583"
X-4279,SELO,83642.0,Del0.8,0.74
X-4279,SEMA3G,56920.0,Del0.8,0.75
X-4279,SENP6,26054.0,Del0.8,0.69
X-4279,2014-09-12 00:00:00,124404.0,Amp5,5.58
X-4279,2014-09-02 00:00:00,4735.0,Del0.8,0.74
X-4279,SEPT5-GP1BB,100526833.0,Del0.8,0.75
X-4279,SERPINF1,5176.0,Amp5,5.58
X-4279,SERPINF2,5345.0,Amp5,5.58
X-4279,SERTM1,400120.0,Amp5,5.54
X-4279,SETD5,55209.0,Del0.8,0.69
X-4279,SETD6,79918.0,Del0.8,0.73
X-4279,SETD7,80854.0,Del0.8,0.71
X-4279,SFRP2,6423.0,Del0.8,0.71
X-4279,SGCD,6444.0,Del0.8,0.72
X-4279,SGK223,157285.0,Del0.8,0.67
X-4279,SGOL1,151648.0,Del0.8,0.72
X-4279,SGSM2,9905.0,Amp5,5.58
X-4279,SH3BGRL2,83699.0,Del0.8,0.74
X-4279,SH3BP5,9467.0,Del0.8,0.74
X-4279,SH3D19,152503.0,Del0.8,0.69
X-4279,SH3GLB1,51100.0,MutNovel,"GS309G,0.460"
X-4279,SH3RF1,57630.0,Del0.8,0.69
X-4279,SHANK3,85358.0,Del0.8,0.74
X-4279,SHBG,6462.0,Del0.8,0.48
X-4279,SHCBP1,79801.0,Del0.8,0.74
X-4279,SHH,6469.0,Del0.8,0.78
X-4279,SHPK,23729.0,Amp5,5.58
X-4279,SHQ1,55164.0,Del0.8,0.72
X-4279,SIAH1,6477.0,Del0.8,0.75
X-4279,SIRPB1,10326.0,MutNovel,"V131A,1.000"
X-4279,SLC10A3,8273.0,Amp5,5.58
X-4279,SLC10A7,84068.0,Del0.8,0.67
X-4279,SLC12A3,6559.0,Del0.8,0.75
X-4279,SLC16A3,9123.0,Del0.8,0.73
X-4279,SLC17A5,26503.0,Del0.8,0.69
X-4279,SLC25A1,6576.0,Del0.8,0.76
X-4279,SLC25A18,83733.0,Del0.8,0.73
X-4279,SLC25A26,115286.0,Del0.8,0.69
X-4279,SLC25A4,291.0,Del0.8,0.67
X-4279,SLC35A1,10559.0,Del0.8,0.68
X-4279,SLC35B2,347734.0,MutNovel,"M297T,0.623"
X-4279,SLC35E4,339665.0,Del0.8,0.78
X-4279,SLC35G5,83650.0,Del0.8,0.71
X-4279,SLC38A7,55238.0,Del0.8,0.73
X-4279,SLC43A2,124935.0,Amp5,5.58
X-4279,SLC6A1,6529.0,Del0.8,0.73
X-4279,SLC6A2,6530.0,Del0.8,0.75
X-4279,SLC6A6,6533.0,Del0.8,0.74
X-4279,SLC6A8,6535.0,Amp5,5.58
X-4279,SLC7A11,23657.0,Del0.8,0.7
X-4279,SLED1,643036.0,Del0.8,0.67
X-4279,SLU7,10569.0,Del0.8,0.72
X-4279,SLX4,84464.0,Del0.8,0.75
X-4279,SMAD1,4086.0,Del0.8,0.69
X-4279,SMAD9,4093.0,Amp5,5.54
X-4279,SMAP1,60682.0,Del0.8,0.76
X-4279,SMARCA5,8467.0,Del0.8,0.76
X-4279,SMC1B,27127.0,Del0.8,0.74
X-4279,SMG6,23293.0,Amp5,5.58
X-4279,SMTN,6525.0,MutNovel,"R215Q,0.638"
X-4279,SMYD4,114826.0,Amp5,5.58
X-4279,SNAP91,9892.0,Del0.8,0.72
X-4279,SNAPC4,6621.0,MutNovel,"A1106T,1.000"
X-4279,SNED1,25992.0,Del0.8,0.74
X-4279,SNHG5,387066.0,Del0.8,0.72
X-4279,SNORA36A,677817.0,Amp5,5.58
X-4279,SNORA46,677827.0,Del0.8,0.73
X-4279,SNORA50,677830.0,Del0.8,0.73
X-4279,SNORA56,677835.0,Amp5,5.58
X-4279,SNORA70,26778.0,Amp5,5.58
X-4279,SNORD50A,26799.0,Del0.8,0.72
X-4279,SNORD50B,692088.0,Del0.8,0.72
X-4279,SNORD73A,8944.0,Del0.8,0.69
X-4279,SNORD91A,692207.0,Amp5,5.58
X-4279,SNORD91B,692208.0,Amp5,5.58
X-4279,SNTG1,54212.0,Del0.8,0.73
X-4279,SNTN,132203.0,Del0.8,0.7
X-4279,SNX14,57231.0,Del0.8,0.72
X-4279,SNX20,124460.0,Del0.8,0.74
X-4279,SNX25,83891.0,Del0.8,0.67
X-4279,SOCS1,8651.0,MutNovel,"Q210H,0.500"
X-4279,SOHLH2,54937.0,Amp5,5.54
X-4279,SORBS2,8470.0,Del0.8,0.71
X-4279,SOX30,11063.0,Del0.8,0.72
X-4279,SOX7,83595.0,Del0.8,0.71
X-4279,SPACA1,81833.0,Del0.8,0.68
X-4279,SPATA18,132671.0,MutNovel,"S227L,0.727"
X-4279,SPATA22,84690.0,Amp5,5.58
X-4279,SPATA4,132851.0,Del0.8,0.71
X-4279,SPCS3,60559.0,Del0.8,0.71
X-4279,SPG20,23111.0,Amp5,5.54
X-4279,SPG20OS,100507135.0,Amp5,5.54
X-4279,SPOCK3,50859.0,Del0.8,0.69
X-4279,SPRY3,10251.0,Amp5,7.52
X-4279,SRL,6345.0,Amp5,5.58
X-4279,SRPK3,26576.0,Amp5,5.58
X-4279,SRPX,8406.0,Amp5,5.46
X-4279,SRR,63826.0,Amp5,5.58
X-4279,SRSF12,135295.0,Del0.8,0.68
X-4279,SRY,6736.0,Del0.8,0.37
X-4279,SSR4,6748.0,Amp5,5.58
X-4279,STAB1,23166.0,Del0.8,0.75
X-4279,STARD13,90627.0,Amp5,5.54
X-4279,STEAP3,55240.0,Del0.8,0.76
X-4279,STK25,10494.0,Del0.8,0.74
X-4279,STOML3,161003.0,Amp5,5.43
X-4279,STOX2,56977.0,Del0.8,0.72
X-4279,SUB1,10923.0,Amp5,5.66
X-4279,SUCLG2,8801.0,Del0.8,0.69
X-4279,SVEP1,79987.0,MutNovel,"R2037W,0.667"
X-4279,SYCE3,644186.0,Del0.8,0.74
X-4279,SYN2,6854.0,Del0.8,0.68
X-4279,SYN3,8224.0,Del0.8,0.74
X-4279,SYNCRIP,10492.0,Del0.8,0.72
X-4279,SYNPR,132204.0,Del0.8,0.7
X-4279,TADA3,10474.0,Del0.8,0.69
X-4279,TAMM41,132001.0,Del0.8,0.71
X-4279,TARS,6897.0,MutNovel,"F525Y,0.203"
X-4279,TAX1BP3,30851.0,Amp5,5.58
X-4279,TAZ,6901.0,Amp5,5.58
X-4279,TBC1D22A,25771.0,Del0.8,0.74
X-4279,TBC1D5,9779.0,Del0.8,0.57
X-4279,TBC1D8,11138.0,MutNovel,"A521V,0.571"
X-4279,TBC1D9,23158.0,Del0.8,0.71
X-4279,TBL1Y,90665.0,Del0.8,0.23
X-4279,TBX1,6899.0,Del0.8,0.75
X-4279,TBX18,9096.0,Del0.8,0.72
X-4279,TCN2,6948.0,Del0.8,0.78
X-4279,TDH,157739.0,Del0.8,0.71
X-4279,TDO2,6999.0,Del0.8,0.71
X-4279,TESK1,7016.0,MutNovel,"T421I,1.000"
X-4279,TEX28,1527.0,Amp5,5.58
X-4279,TFAP4,7023.0,Amp5,5.58
X-4279,TFCP2L1,29842.0,Del0.8,0.74
X-4279,TGIF2LY,90655.0,Del0.8,0.37
X-4279,THAP4,51078.0,Del0.8,0.74
X-4279,THG1L,54974.0,Del0.8,0.72
X-4279,THOC7,80145.0,Del0.8,0.7
X-4279,THRB,7068.0,Del0.8,0.71
X-4279,THUMPD3,25917.0,Del0.8,0.69
X-4279,TIGD4,201798.0,Del0.8,0.67
X-4279,TIGD7,91151.0,Del0.8,0.75
X-4279,TIMD4,91937.0,Del0.8,0.72
X-4279,TIMM22,29928.0,Amp5,5.58
X-4279,TIMP3,7078.0,Del0.8,0.74
X-4279,TIMP4,7079.0,Del0.8,0.68
X-4279,TKTL1,8277.0,Amp5,5.58
X-4279,TKTL2,84076.0,Del0.8,0.68
X-4279,TLCD2,727910.0,Amp5,5.58
X-4279,TLL1,7092.0,Del0.8,0.71
X-4279,TLR2,7097.0,Del0.8,0.71
X-4279,TLR3,7098.0,Del0.8,0.71
X-4279,TLR9,54106.0,Del0.8,0.75
X-4279,TM2D1,83941.0,Amp5,5.5
X-4279,TMEM144,55314.0,Del0.8,0.69
X-4279,TMEM154,201799.0,Del0.8,0.67
X-4279,TMEM177,80775.0,Del0.8,0.74
X-4279,TMEM181,57583.0,MutNovel,"T225P,0.358"
X-4279,TMEM184A,202915.0,MutNovel,"G392GA,0.833"
X-4279,TMEM184C,55751.0,Del0.8,0.67
X-4279,TMEM185B,79134.0,Del0.8,0.74
X-4279,TMEM187,8269.0,Amp5,5.58
X-4279,TMEM192,201931.0,Del0.8,0.71
X-4279,TMEM30A,55754.0,Del0.8,0.69
X-4279,TMEM37,140738.0,Del0.8,0.74
X-4279,TMEM40,55287.0,Del0.8,0.74
X-4279,TMEM43,79188.0,Del0.8,0.74
X-4279,TMF1,7110.0,Del0.8,0.7
X-4279,TMLHE,55217.0,Amp5,7.52
X-4279,TMSB4Y,9087.0,Del0.8,0.23
X-4279,TNKS,8658.0,Del0.8,0.71
X-4279,TNNC1,7134.0,Del0.8,0.75
X-4279,TOM1,10043.0,Del0.8,0.72
X-4279,TOP2B,7155.0,Del0.8,0.73
X-4279,TOX3,27324.0,Del0.8,0.74
X-4279,TP53,7157.0,Del0.8,0.29
X-4279,TP53BP1,7158.0,MutNovel,"N86S,0.667"
X-4279,TPBG,7162.0,Del0.8,0.72
X-4279,TPRXL,348825.0,Del0.8,0.74
X-4279,TRABD,80305.0,Del0.8,0.74
X-4279,TRAP1,10131.0,Del0.8,0.75
X-4279,TRAPPC11,60684.0,Del0.8,0.72
X-4279,TRAPPC2P1,10597.0,Del0.8,0.76
X-4279,TRAPPC9,83696.0,Amp5,5.28
X-4279,TREX2,11219.0,Amp5,5.58
X-4279,TRIM2,23321.0,Del0.8,0.71
X-4279,TRIM60,166655.0,Del0.8,0.71
X-4279,TRIM61,391712.0,Del0.8,0.71
X-4279,TRIML1,339976.0,Del0.8,0.71
X-4279,TRIML2,205860.0,Del0.8,0.71
X-4279,TRMU,55687.0,Del0.8,0.74
X-4279,TROVE2,6738.0,Amp8,8.11
X-4279,TRPC4,7223.0,Amp5,5.78
X-4279,TRPV1,7442.0,Amp5,5.58
X-4279,TRPV3,162514.0,Amp5,5.58
X-4279,TSEN2,80746.0,Del0.8,0.68
X-4279,TSG1,643432.0,Del0.8,0.72
X-4279,TSN,7247.0,Del0.8,0.74
X-4279,TSPAN7,7102.0,Amp5,5.46
X-4279,TSPY1,7258.0,Del0.8,0.23
X-4279,TSPY2,64591.0,Del0.8,0.23
X-4279,TSPY3,728137.0,Del0.8,0.23
X-4279,TSPY4,728395.0,Del0.8,0.23
X-4279,TSPY8,728403.0,Del0.8,0.23
X-4279,TSR1,55720.0,Amp5,5.58
X-4279,TSSK2,23617.0,Del0.8,0.76
X-4279,TTC1,7265.0,Del0.8,0.72
X-4279,TTC29,83894.0,Del0.8,0.67
X-4279,TTC38,55020.0,Del0.8,0.74
X-4279,TTK,7272.0,Del0.8,0.74
X-4279,TTLL3,26140.0,Del0.8,0.69
X-4279,TTTY10,246119.0,Del0.8,0.2
X-4279,TTTY11,83866.0,Del0.8,0.23
X-4279,TTTY12,83867.0,Del0.8,0.23
X-4279,TTTY13,83868.0,Del0.8,0.2
X-4279,TTTY14,83869.0,Del0.8,0.2
X-4279,TTTY15,64595.0,Del0.8,0.23
X-4279,TTTY16,252948.0,Del0.8,0.23
X-4279,TTTY17A,252949.0,Del0.8,0.28
X-4279,TTTY17A,252949.0,Del0.8,0.2
X-4279,TTTY18,252950.0,Del0.8,0.23
X-4279,TTTY19,252952.0,Del0.8,0.23
X-4279,TTTY1B,100101116.0,Del0.8,0.23
X-4279,TTTY1B,100101116.0,Del0.8,0.23
X-4279,TTTY2,60439.0,Del0.8,0.23
X-4279,TTTY2,60439.0,Del0.8,0.23
X-4279,TTTY20,252951.0,Del0.8,0.23
X-4279,TTTY21,252953.0,Del0.8,0.23
X-4279,TTTY21,252953.0,Del0.8,0.23
X-4279,TTTY22,252954.0,Del0.8,0.23
X-4279,TTTY23,252955.0,Del0.8,0.23
X-4279,TTTY23,252955.0,Del0.8,0.23
X-4279,TTTY3,114760.0,Del0.8,0.12
X-4279,TTTY3,114760.0,Del0.8,0.2
X-4279,TTTY4,114761.0,Del0.8,0.07
X-4279,TTTY4,114761.0,Del0.8,0.12
X-4279,TTTY5,83863.0,Del0.8,0.2
X-4279,TTTY6,84672.0,Del0.8,0.2
X-4279,TTTY6,84672.0,Del0.8,0.2
X-4279,TTTY7,246122.0,Del0.8,0.23
X-4279,TTTY7,246122.0,Del0.8,0.23
X-4279,TTTY7B,100101120.0,Del0.8,0.23
X-4279,TTTY7B,100101120.0,Del0.8,0.23
X-4279,TTTY8,84673.0,Del0.8,0.23
X-4279,TTTY8,84673.0,Del0.8,0.23
X-4279,TTTY9A,83864.0,Del0.8,0.12
X-4279,TTTY9A,83864.0,Del0.8,0.12
X-4279,TUBA8,51807.0,Del0.8,0.73
X-4279,TUBGCP6,85378.0,Del0.8,0.74
X-4279,TUSC5,286753.0,Amp5,5.58
X-4279,TWF2,11344.0,Del0.8,0.75
X-4279,TXLNG2P,246126.0,Del0.8,0.2
X-4279,TXNRD2,10587.0,Del0.8,0.75
X-4279,TYMP,1890.0,Del0.8,0.74
X-4279,UBA3,9039.0,Del0.8,0.7
X-4279,UBE2E1,7324.0,Del0.8,0.71
X-4279,UBE2E2,7325.0,Del0.8,0.71
X-4279,UBE2J1,51465.0,Del0.8,0.68
X-4279,UBE2U,148581.0,Amp5,5.5
X-4279,UBL4A,8266.0,Amp5,5.58
X-4279,UBLCP1,134510.0,Del0.8,0.72
X-4279,UBN1,29855.0,Amp5,5.58
X-4279,UCHL5,51377.0,Amp8,8.11
X-4279,UCK1,83549.0,MutNovel,"G261E,0.994"
X-4279,UCP1,7350.0,Del0.8,0.71
X-4279,UFD1L,7353.0,Del0.8,0.76
X-4279,UFL1,23376.0,Del0.8,0.72
X-4279,UFM1,51569.0,Amp5,5.78
X-4279,UFSP2,55325.0,Del0.8,0.67
X-4279,UPK3A,7380.0,Del0.8,0.74
X-4279,USP1,7398.0,Amp5,5.5
X-4279,USP38,84640.0,Del0.8,0.71
X-4279,USP44,84101.0,MutNovel,"G363A,0.286"
X-4279,USP9Y,8287.0,Del0.8,0.23
X-4279,UTY,7404.0,Del0.8,0.23
X-4279,VASN,114990.0,Amp5,5.58
X-4279,VBP1,7411.0,Amp5,7.52
X-4279,VCX2,51480.0,MutNovel,"L104Q,1.000"
X-4279,VCY,9084.0,Del0.8,0.23
X-4279,VCY,9084.0,Del0.8,0.23
X-4279,VEGFC,7424.0,Del0.8,0.71
X-4279,VENTXP7,391518.0,Del0.8,0.73
X-4279,VGLL4,9686.0,Del0.8,0.71
X-4279,VN1R1,57191.0,Del0.8,0.76
X-4279,VPS35,55737.0,Del0.8,0.74
X-4279,WDR17,116966.0,Del0.8,0.71
X-4279,WDR81,124997.0,Amp5,5.58
X-4279,WDR82,80335.0,Del0.8,0.75
X-4279,WNT7A,7476.0,Del0.8,0.74
X-4279,WNT7B,7477.0,Del0.8,0.74
X-4279,WRAP53,55135.0,Del0.8,0.31
X-4279,WWC2,80014.0,Del0.8,0.72
X-4279,XKR3,150165.0,Del0.8,0.68
X-4279,XKR5,389610.0,Del0.8,0.71
X-4279,XKR6,286046.0,Del0.8,0.71
X-4279,XKRY2,353515.0,Del0.8,0.12
X-4279,XKRY2,353515.0,Del0.8,0.23
X-4279,XPC,7508.0,Del0.8,0.74
X-4279,XPNPEP2,7512.0,MutNovel,"R224G,0.443"
X-4279,YWHAE,7531.0,Amp5,5.58
X-4279,ZBED4,9889.0,Del0.8,0.74
X-4279,ZFP42,132625.0,Del0.8,0.71
X-4279,ZFP92,139735.0,Amp5,5.58
X-4279,ZFR,51663.0,Amp5,5.66
X-4279,ZFY,7544.0,Del0.8,0.37
X-4279,ZFYVE20,64145.0,Del0.8,0.74
X-4279,ZIK1,284307.0,Del0.8,0.76
X-4279,ZNF134,7693.0,Del0.8,0.76
X-4279,ZNF135,7694.0,Del0.8,0.76
X-4279,ZNF154,7710.0,Del0.8,0.76
X-4279,ZNF17,7565.0,Del0.8,0.76
X-4279,ZNF174,7727.0,Del0.8,0.75
X-4279,ZNF185,7739.0,Amp5,6.59
X-4279,ZNF200,7752.0,Del0.8,0.75
X-4279,ZNF211,10520.0,Del0.8,0.76
X-4279,ZNF256,10172.0,Del0.8,0.76
X-4279,ZNF263,10127.0,Del0.8,0.75
X-4279,ZNF274,10782.0,Del0.8,0.76
X-4279,ZNF275,10838.0,Amp5,6.59
X-4279,ZNF304,57343.0,Del0.8,0.76
X-4279,ZNF319,57567.0,Del0.8,0.73
X-4279,ZNF329,79673.0,Del0.8,0.76
X-4279,ZNF330,27309.0,Del0.8,0.71
X-4279,ZNF385D,79750.0,Del0.8,0.73
X-4279,ZNF416,55659.0,Del0.8,0.76
X-4279,ZNF417,147687.0,Del0.8,0.76
X-4279,ZNF418,147686.0,Del0.8,0.76
X-4279,ZNF419,79744.0,Del0.8,0.76
X-4279,ZNF423,23090.0,Del0.8,0.74
X-4279,ZNF434,54925.0,Del0.8,0.75
X-4279,ZNF500,26048.0,Amp5,5.58
X-4279,ZNF530,348327.0,Del0.8,0.76
X-4279,ZNF543,125919.0,Del0.8,0.76
X-4279,ZNF544,27300.0,Del0.8,0.76
X-4279,ZNF547,284306.0,Del0.8,0.76
X-4279,ZNF548,147694.0,Del0.8,0.76
X-4279,ZNF549,256051.0,Del0.8,0.76
X-4279,ZNF550,162972.0,Del0.8,0.76
X-4279,ZNF551,90233.0,Del0.8,0.76
X-4279,ZNF552,79818.0,Del0.8,0.76
X-4279,ZNF586,54807.0,Del0.8,0.76
X-4279,ZNF587,84914.0,Del0.8,0.76
X-4279,ZNF596,169270.0,Del0.8,0.74
X-4279,ZNF597,146434.0,Del0.8,0.75
X-4279,ZNF606,80095.0,Del0.8,0.76
X-4279,ZNF671,79891.0,Del0.8,0.76
X-4279,ZNF728,,MutNovel,"R267W,1.000"
X-4279,ZNF732,654254.0,Del0.8,0.68
X-4279,ZNF749,388567.0,Del0.8,0.76
X-4279,ZNF75A,7627.0,Del0.8,0.75
X-4279,ZNF772,400720.0,Del0.8,0.76
X-4279,ZNF773,374928.0,Del0.8,0.76
X-4279,ZNF776,284309.0,Del0.8,0.76
X-4279,ZNF783,100289678.0,MutNovel,"R483W,0.500"
X-4279,ZNF8,7554.0,Del0.8,0.76
X-4279,ZNF814,730051.0,Del0.8,0.76
X-4279,ZNF827,152485.0,Del0.8,0.67
X-4279,ZNF876P,642280.0,Del0.8,0.68
X-4279,ZNF888,,MutNovel,"E603D,1.000"
X-4279,ZSCAN1,284312.0,Del0.8,0.76
X-4279,ZSCAN18,65982.0,Del0.8,0.76
X-4279,ZSCAN4,201516.0,Del0.8,0.76
X-4279,ZSWIM6,57688.0,MutNovel,"G558R,0.300"
X-4361,ABCC10,89845.0,MutNovel,"L893P,0.688"
X-4361,ADAMTS4,9507.0,MutNovel,"S645P,0.368"
X-4361,ADRA2B,151.0,MutNovel,"E301ERRK,0.257"
X-4361,AHNAK,79026.0,MutNovel,"G1610R,0.477"
X-4361,AIMP1,9255.0,Del0.8,0.78
X-4361,AMELY,266.0,Del0.8,0.13
X-4361,AMY1A,276.0,Del0.8,0.41
X-4361,AMY1A,276.0,Del0.8,0.41
X-4361,AMY2A,279.0,Del0.8,0.41
X-4361,ANKRD36B,57730.0,MutNovel,"C563S,1.000"
X-4361,ANKRD36B,57730.0,MutNovel,"V561M,0.667"
X-4361,API5,8539.0,MutNovel,"G271S,0.395"
X-4361,AQP12B,653437.0,MutNovel,"H256R,1.000"
X-4361,BANP,54971.0,MutNovel,"R157H,0.409"
X-4361,BANP,54971.0,MutNovel,"A376V,0.333"
X-4361,BANP,54971.0,MutNovel,"Q399K,0.444"
X-4361,BARX1,56033.0,MutNovel,"A48T,0.646"
X-4361,BCORP1,286554.0,Del0.8,0.13
X-4361,BOP1,23246.0,MutNovel,"G84R,0.483"
X-4361,BPY2B,442867.0,Del0.8,0.07
X-4361,BPY2B,442867.0,Del0.8,0.04
X-4361,BRD2,6046.0,MutNovel,"A49C,0.484"
X-4361,C11orf80,79703.0,MutNovel,"G26GAA,0.400"
X-4361,C17orf70,80233.0,MutNovel,"H875P,0.327"
X-4361,C21orf58,54058.0,MutNovel,"H299PN,0.562"
X-4361,C9orf53,51198.0,Del0.8,0.22
X-4361,CCDC74A,90557.0,MutNovel,"D126N,0.250"
X-4361,CDKN2A,1029.0,Del0.8,0.22
X-4361,CDKN2B,1030.0,Del0.8,0.32
X-4361,CDY1B,253175.0,Del0.8,0.13
X-4361,CDY1B,253175.0,Del0.8,0.07
X-4361,CDY2A,9426.0,Del0.8,0.13
X-4361,CDY2A,9426.0,Del0.8,0.13
X-4361,CDY2B,203611.0,Del0.8,0.13
X-4361,CDY2B,203611.0,Del0.8,0.13
X-4361,CHCHD5,84269.0,MutNovel,"A9T,0.532"
X-4361,CLCN2,1181.0,MutNovel,"R645PG,0.273"
X-4361,CRIPAK,285464.0,MutNovel,"M153T,0.286"
X-4361,CRIPAK,285464.0,MutNovel,"R337P,0.227"
X-4361,CROCCP2,84809.0,Del0.8,0.64
X-4361,CSAG3,389903.0,MutNovel,"P84S,0.571"
X-4361,CSAG3,389903.0,MutNovel,"L78F,0.444"
X-4361,CSMD1,64478.0,Del0.8,0.76
X-4361,CSPG4P1Y,114758.0,Del0.8,0.13
X-4361,CSPG4P1Y,114758.0,Del0.8,0.2
X-4361,CTDSPL,10217.0,Del0.8,0.48
X-4361,CTSB,1508.0,MutNovel,"V191I,0.993"
X-4361,DAZ1,1617.0,Del0.8,0.13
X-4361,DAZ2,57055.0,Del0.8,0.08
X-4361,DAZ3,57054.0,Del0.8,0.07
X-4361,DAZ3,57054.0,Del0.8,0.04
X-4361,DAZ4,57135.0,Del0.8,0.09
X-4361,DAZ4,57135.0,Del0.8,0.06
X-4361,DDT,1652.0,Del0.8,0.68
X-4361,DDX31,64794.0,MutNovel,"A141V,0.525"
X-4361,DDX3Y,8653.0,Del0.8,0.13
X-4361,DEFA10P,449493.0,Del0.8,0.58
X-4361,DEFA1B,728358.0,Del0.8,0.64
X-4361,DEFB103A,414325.0,Del0.8,0.62
X-4361,DEFB104B,503618.0,Del0.8,0.62
X-4361,DEFB105B,504180.0,Del0.8,0.62
X-4361,DEFB106B,503841.0,Del0.8,0.62
X-4361,DEFB107A,245910.0,Del0.8,0.62
X-4361,DEFT1P,170949.0,Del0.8,0.64
X-4361,DHX16,8449.0,MutNovel,"P8S,0.370"
X-4361,DIP2A,23181.0,MutNovel,"T807S,0.667"
X-4361,DMD,1756.0,Del0.8,0.35
X-4361,DNER,92737.0,MutNovel,"P41S,0.579"
X-4361,DRD4,1815.0,MutNovel,"G11R,0.375"
X-4361,DUOXA2,405753.0,MutNovel,"N109H,0.500"
X-4361,DUOXA2,405753.0,MutNovel,"Y156P,0.500"
X-4361,DYNC1H1,1778.0,MutNovel,"V4166I,0.465"
X-4361,EID2,163126.0,MutNovel,"P54L,0.342"
X-4361,EIF1AY,9086.0,Del0.8,0.13
X-4361,EIF3C,8663.0,MutNovel,"D283N,0.233"
X-4361,EIF4G1,1981.0,MutNovel,"EGEA472E,0.321"
X-4361,EMC10,,MutKnownFunctional,"-231?,0.304"
X-4361,FAM157A,728262.0,MutNovel,"A346T,1.000"
X-4361,FAM197Y2P,252946.0,Del0.8,0.13
X-4361,FAM21A,387680.0,MutNovel,"G258D,0.750"
X-4361,FAM41AY1,340618.0,Del0.8,0.13
X-4361,FAM41AY1,340618.0,Del0.8,0.13
X-4361,FBXO24,26261.0,MutNovel,"DF592D,0.500"
X-4361,FNDC3A,22862.0,Del0.8,0.8
X-4361,FOXK2,3607.0,MutNovel,"G92-,0.381"
X-4361,FOXP1,27086.0,Del0.8,0.25
X-4361,FSTL5,56884.0,Del0.8,0.78
X-4361,FYCO1,79443.0,Del0.8,0.78
X-4361,GALNTL6,442117.0,Del0.8,0.64
X-4361,GIGYF2,26058.0,MutNovel,"PQ1231P,0.647"
X-4361,GOLGA2P2Y,84559.0,Del0.8,0.2
X-4361,GOLGA2P2Y,84559.0,Del0.8,0.13
X-4361,GOLGA6L6,727832.0,Del0.8,0.78
X-4361,GOLGA8C,729786.0,Del0.8,0.78
X-4361,GRID1,2894.0,MutNovel,"D812G,0.333"
X-4361,GSTM1,2944.0,Del0.8,0.63
X-4361,GSTT2,2953.0,Del0.8,0.46
X-4361,GYG2P1,352887.0,Del0.8,0.13
X-4361,HERC2P3,283755.0,Del0.8,0.78
X-4361,HES2,54626.0,MutNovel,"P139S,1.000"
X-4361,HGS,9146.0,MutNovel,"A350V,0.396"
X-4361,HIST1H2AD,3013.0,MutNovel,"R89H,1.000"
X-4361,HOMEZ,57594.0,MutNovel,"S137F,0.500"
X-4361,HSFY2,159119.0,Del0.8,0.13
X-4361,HSFY2,159119.0,Del0.8,0.13
X-4361,HSPA1A,3303.0,MutNovel,"I427D,0.333"
X-4361,HYDIN,54768.0,MutNovel,"G2557E,1.000"
X-4361,ITPRIPL2,162073.0,MutNovel,"V3L,0.484"
X-4361,JAK2,3717.0,Del0.8,0.77
X-4361,KDM5D,8284.0,Del0.8,0.13
X-4361,KIAA0226,9711.0,MutNovel,"V652F,0.429"
X-4361,KIAA0922,23240.0,MutNovel,"W533L,0.500"
X-4361,KIAA1524,57650.0,MutNovel,"E681K,0.238"
X-4361,KLF14,136259.0,MutNovel,"H47P,1.000"
X-4361,LOC340357,340357.0,Del0.8,0.79
X-4361,LOC348120,348120.0,Del0.8,0.62
X-4361,LOC642799,,MutNovel,"R90S,0.833"
X-4361,LRRC41,10489.0,MutNovel,"C437F,0.214"
X-4361,LSR,51599.0,MutNovel,"G518GR,0.867"
X-4361,MAGEA2B,,MutNovel,"T180A,1.000"
X-4361,MEF2A,4205.0,MutNovel,"QQ412-,0.453"
X-4361,MESP2,145873.0,MutNovel,"G187R,1.000"
X-4361,MIR548AC,100616384.0,Del0.8,0.7
X-4361,MMP17,4326.0,MutNovel,"P22PLLS,0.778"
X-4361,MPRIP,23164.0,MutNovel,"TSSS178T,0.250"
X-4361,MTAP,4507.0,Del0.8,0.47
X-4361,MTMR11,10903.0,MutNovel,"H252Y,0.541"
X-4361,MVD,4597.0,MutNovel,"A241S,0.395"
X-4361,NBEAP1,606.0,Del0.8,0.78
X-4361,NCOR2,9612.0,MutNovel,"G1839GAAA,0.510"
X-4361,NCRNA00185,55410.0,Del0.8,0.13
X-4361,NINL,22981.0,MutKnownFunctional,"Q287*,0.375"
X-4361,NLGN4Y,22829.0,Del0.8,0.13
X-4361,NOV,4856.0,MutNovel,"T282P,0.417"
X-4361,NPIP,9284.0,MutNovel,"R90S,0.303"
X-4361,NPIP,9284.0,MutNovel,"S267P,1.000"
X-4361,NUDT11,55190.0,MutKnownFunctional,"-1,0.450"
X-4361,ORAI1,84876.0,MutNovel,"PP43-,0.870"
X-4361,OSBPL5,114879.0,MutNovel,"V153L,0.489"
X-4361,PCDH11Y,83259.0,Del0.8,0.26
X-4361,PCNXL3,399909.0,MutNovel,"E1022K,0.364"
X-4361,PDAP1,11333.0,MutNovel,"A141S,0.472"
X-4361,PHLDA1,22822.0,MutNovel,"QQ194Q,0.613"
X-4361,PIGH,5283.0,MutNovel,"A105T,0.520"
X-4361,PLCE1,51196.0,MutNovel,"K2201N,0.750"
X-4361,PLCE1,51196.0,MutNovel,"R2301Q,0.571"
X-4361,POLR2A,5430.0,MutKnownFunctional,"-1813,0.495"
X-4361,POTEI,,MutNovel,"M1009I,1.000"
X-4361,POTEI,,MutNovel,"M890L,1.000"
X-4361,POTEI,,MutNovel,"D887G,1.000"
X-4361,POTEJ,,MutNovel,"A981T,1.000"
X-4361,POTEJ,,MutNovel,"M987T,1.000"
X-4361,PPP2R5A,5525.0,MutNovel,"P6S,0.213"
X-4361,PRKY,5616.0,Del0.8,0.13
X-4361,PRY,9081.0,Del0.8,0.13
X-4361,PRY,9081.0,Del0.8,0.13
X-4361,PRY2,442862.0,Del0.8,0.13
X-4361,PRY2,442862.0,Del0.8,0.13
X-4361,PSMC3IP,29893.0,MutNovel,"E158D,0.630"
X-4361,RAB3GAP1,22930.0,MutNovel,"A844V,0.429"
X-4361,RBMY1A3P,286557.0,Del0.8,0.13
X-4361,RBMY1B,378948.0,Del0.8,0.13
X-4361,RBMY1B,378948.0,Del0.8,0.13
X-4361,RBMY1E,378950.0,Del0.8,0.13
X-4361,RBMY1E,378950.0,Del0.8,0.13
X-4361,RBMY1F,159163.0,Del0.8,0.13
X-4361,RBMY1F,159163.0,Del0.8,0.13
X-4361,RBMY1J,378951.0,Del0.8,0.13
X-4361,RBMY1J,378951.0,Del0.8,0.13
X-4361,RBMY2EP,159125.0,Del0.8,0.13
X-4361,RBMY2FP,159162.0,Del0.8,0.13
X-4361,RBMY3AP,64593.0,Del0.8,0.13
X-4361,RHPN2,85415.0,MutNovel,"I483T,0.556"
X-4361,RIN3,79890.0,MutNovel,"G967-,0.263"
X-4361,RPS4Y1,6192.0,Del0.8,0.26
X-4361,RPS4Y2,140032.0,Del0.8,0.13
X-4361,RREB1,6239.0,MutNovel,"G1154D,0.545"
X-4361,RTL1,388015.0,MutNovel,"E152EK,0.833"
X-4361,SHISA5,51246.0,MutNovel,"P144S,1.000"
X-4361,SLC25A19,60386.0,MutNovel,"Q192H,0.795"
X-4361,SNX15,,MutNovel,"G298S,0.507"
X-4361,SPAG11B,10407.0,Del0.8,0.62
X-4361,SPATA18,132671.0,MutNovel,"S227L,0.522"
X-4361,SPC24,147841.0,MutNovel,"A85T,0.582"
X-4361,SRY,6736.0,Del0.8,0.26
X-4361,SUCLG2,8801.0,MutNovel,"R206Q,1.000"
X-4361,SUMF2,25870.0,MutNovel,"P29A,0.943"
X-4361,TAG,404663.0,Del0.8,0.64
X-4361,TBCK,93627.0,Del0.8,0.77
X-4361,TBL1Y,90665.0,Del0.8,0.13
X-4361,TBP,6908.0,MutNovel,"-64Q,0.375"
X-4361,TFE3,7030.0,MutNovel,"T452M,0.991"
X-4361,TGIF2LY,90655.0,Del0.8,0.26
X-4361,TMED8,283578.0,MutNovel,"P10Q,0.577"
X-4361,TMSB4Y,9087.0,Del0.8,0.13
X-4361,TSC22D1,8848.0,MutKnownFunctional,"-1049?,0.716"
X-4361,TSPY1,7258.0,Del0.8,0.13
X-4361,TSPY2,64591.0,Del0.8,0.13
X-4361,TSPY3,728137.0,Del0.8,0.13
X-4361,TSPY4,728395.0,Del0.8,0.13
X-4361,TSPY8,728403.0,Del0.8,0.13
X-4361,TTTY10,246119.0,Del0.8,0.13
X-4361,TTTY11,83866.0,Del0.8,0.13
X-4361,TTTY12,83867.0,Del0.8,0.13
X-4361,TTTY13,83868.0,Del0.8,0.13
X-4361,TTTY14,83869.0,Del0.8,0.13
X-4361,TTTY15,64595.0,Del0.8,0.13
X-4361,TTTY16,252948.0,Del0.8,0.13
X-4361,TTTY17A,252949.0,Del0.8,0.13
X-4361,TTTY17A,252949.0,Del0.8,0.2
X-4361,TTTY18,252950.0,Del0.8,0.13
X-4361,TTTY19,252952.0,Del0.8,0.13
X-4361,TTTY1B,100101116.0,Del0.8,0.13
X-4361,TTTY1B,100101116.0,Del0.8,0.13
X-4361,TTTY2,60439.0,Del0.8,0.13
X-4361,TTTY2,60439.0,Del0.8,0.13
X-4361,TTTY20,252951.0,Del0.8,0.13
X-4361,TTTY21,252953.0,Del0.8,0.13
X-4361,TTTY21,252953.0,Del0.8,0.13
X-4361,TTTY22,252954.0,Del0.8,0.13
X-4361,TTTY23,252955.0,Del0.8,0.13
X-4361,TTTY23,252955.0,Del0.8,0.13
X-4361,TTTY3,114760.0,Del0.8,0.13
X-4361,TTTY3,114760.0,Del0.8,0.07
X-4361,TTTY4,114761.0,Del0.8,0.04
X-4361,TTTY4,114761.0,Del0.8,0.07
X-4361,TTTY5,83863.0,Del0.8,0.13
X-4361,TTTY6,84672.0,Del0.8,0.13
X-4361,TTTY6,84672.0,Del0.8,0.13
X-4361,TTTY7,246122.0,Del0.8,0.13
X-4361,TTTY7,246122.0,Del0.8,0.13
X-4361,TTTY7B,100101120.0,Del0.8,0.13
X-4361,TTTY7B,100101120.0,Del0.8,0.13
X-4361,TTTY8,84673.0,Del0.8,0.13
X-4361,TTTY8,84673.0,Del0.8,0.13
X-4361,TTTY9A,83864.0,Del0.8,0.13
X-4361,TTTY9A,83864.0,Del0.8,0.13
X-4361,TTYH3,80727.0,MutNovel,"T128M,0.870"
X-4361,TXLNG2P,246126.0,Del0.8,0.13
X-4361,UBE2E2,7325.0,Del0.8,0.7
X-4361,USP36,57602.0,MutNovel,"KKK958K,0.710"
X-4361,USP9Y,8287.0,Del0.8,0.13
X-4361,UTY,7404.0,Del0.8,0.13
X-4361,VCY,9084.0,Del0.8,0.13
X-4361,VCY,9084.0,Del0.8,0.13
X-4361,VSIG10L,147645.0,MutNovel,"R615P,0.531"
X-4361,XKRY2,353515.0,Del0.8,0.13
X-4361,XKRY2,353515.0,Del0.8,0.13
X-4361,ZC3H15,55854.0,MutNovel,"E322D,0.407"
X-4361,ZDHHC11,79844.0,MutNovel,"A303D,0.625"
X-4361,ZFY,7544.0,Del0.8,0.26
X-4361,ZNF219,51222.0,MutNovel,"QPP233P,0.307"
X-4361,ZNF230,7773.0,MutNovel,"EL21V,0.545"
X-4361,ZNF384,171017.0,MutNovel,"QQ514Q,0.372"
X-4361,ZNF438,220929.0,MutNovel,"Q483R,0.800"
X-4361,ZNF658,26149.0,MutNovel,"S976C,0.667"
X-4361,ZNF772,400720.0,MutNovel,"A4GP,0.842"
X-4361,ZSCAN5B,342933.0,MutNovel,"Q219H,1.000"
X-4476,ABCC10,89845.0,Amp5,5.43
X-4476,ABCF1,23.0,Amp5,5.17
X-4476,ABHD15,116236.0,Del0.8,0.37
X-4476,ABHD16A,7920.0,Amp5,5.17
X-4476,ABT1,29777.0,Amp5,5.58
X-4476,ACOT1,641371.0,Del0.8,0.76
X-4476,ACOT13,55856.0,Amp5,5.94
X-4476,ACP1,52.0,Del0.8,0.31
X-4476,ADAM3A,1587.0,Del0.8,0.28
X-4476,ADAMTS12,81792.0,Amp5,6.73
X-4476,ADD3,120.0,MutNovel,"K504N,0.494"
X-4476,AGAP8,728404.0,MutNovel,"I332V,0.385"
X-4476,AGER,177.0,Amp5,5.17
X-4476,AGPAT1,10554.0,Amp5,5.17
X-4476,AGXT2,64902.0,Amp5,6.96
X-4476,AHNAK2,113146.0,MutNovel,"S2042F,1.000"
X-4476,AIF1,199.0,Amp5,5.17
X-4476,AMACR,23600.0,Amp5,6.73
X-4476,AMELY,266.0,Del0.8,0.31
X-4476,AMY1A,276.0,Amp5,5.54
X-4476,ANAPC1,64682.0,MutKnownFunctional,"-696,0.250"
X-4476,ANKH,56172.0,Amp5,7.01
X-4476,ANKRD11,29123.0,MutNovel,"A1399V,0.321"
X-4476,ANKRD13B,124930.0,Del0.8,0.2
X-4476,ANKRD36C,,MutNovel,"EE1035DK,0.333"
X-4476,ANKS1A,23294.0,Amp5,5.58
X-4476,APOBEC2,10930.0,Amp5,5.58
X-4476,APOM,55937.0,Amp5,5.17
X-4476,ARAP2,116984.0,Del0.8,0.24
X-4476,ARHGEF40,55701.0,Del0.8,0.47
X-4476,ARMC12,221481.0,Amp5,5.58
X-4476,ATAT1,79969.0,Amp5,5.17
X-4476,ATF6B,1388.0,Amp5,5.17
X-4476,ATP1B2,482.0,Del0.8,0.59
X-4476,ATP6V0CP3,442211.0,Amp5,5.58
X-4476,ATP6V1G2,534.0,Amp5,5.17
X-4476,ATP6V1G2-DDX39B,100532737.0,Amp5,5.17
X-4476,ATRX,546.0,Del0.8,0.67
X-4476,B3GALT4,8705.0,Amp5,5.35
X-4476,B3GALT5,10317.0,Amp5,5.35
X-4476,BAG6,7917.0,Amp5,5.17
X-4476,BAK1,578.0,Amp5,5.58
X-4476,BASP1,10409.0,Amp5,7.16
X-4476,BBS2,583.0,Amp5,5.58
X-4476,BCORP1,286554.0,Del0.8,0.3
X-4476,BDP1,55814.0,MutNovel,"T2569I,0.436"
X-4476,BPY2B,442867.0,Del0.8,0.74
X-4476,BRD2,6046.0,Amp5,5.35
X-4476,BRIX1,55299.0,Amp5,6.96
X-4476,BRPF3,27154.0,Amp5,5.58
X-4476,BRWD1,54014.0,Amp5,5.35
X-4476,BRWD1-IT2,257357.0,Amp5,5.35
X-4476,BTBD9,114781.0,Amp5,5.58
X-4476,BTN1A1,696.0,Amp5,5.58
X-4476,BTN2A1,11120.0,Amp5,5.58
X-4476,BTN2A2,10385.0,Amp5,5.58
X-4476,BTN2A3P,54718.0,Amp5,5.58
X-4476,BTN3A1,11119.0,Amp5,5.58
X-4476,BTN3A2,11118.0,Amp5,5.58
X-4476,BTN3A3,10384.0,Amp5,5.58
X-4476,BTNL2,56244.0,Amp5,5.17
X-4476,BYSL,705.0,Amp5,5.58
X-4476,C16orf72,29035.0,MutNovel,"R122Q,0.402"
X-4476,C1QTNF3,114899.0,Amp5,6.73
X-4476,C1orf87,127795.0,Amp8,29.86
X-4476,C2,717.0,Amp5,5.17
X-4476,C21orf58,54058.0,MutNovel,"H299PN,0.233"
X-4476,C21orf88,114041.0,Amp5,5.35
X-4476,C22orf39,128977.0,MutKnownFunctional,"-67,0.486"
X-4476,C2orf27A,29798.0,MutNovel,"R19L,0.222"
X-4476,C4A,720.0,MutNovel,"S347Y,1.000"
X-4476,C4A,720.0,Amp5,5.17
X-4476,C4B,721.0,Amp5,5.17
X-4476,C5orf22,55322.0,Amp8,8.63
X-4476,C5orf28,64417.0,Amp5,6.77
X-4476,C5orf34,375444.0,Amp5,6.77
X-4476,C5orf42,65250.0,Amp5,6.96
X-4476,C5orf51,285636.0,Amp5,6.77
X-4476,C6,729.0,Amp5,6.77
X-4476,C6orf1,221491.0,Amp5,5.58
X-4476,C6orf10,10665.0,Amp5,5.17
X-4476,C6orf106,64771.0,Amp5,5.58
X-4476,C6orf108,10591.0,Amp5,5.43
X-4476,C6orf130,221443.0,Amp5,5.58
X-4476,C6orf132,647024.0,Amp5,5.58
X-4476,C6orf136,221545.0,Amp5,5.17
X-4476,C6orf15,29113.0,Amp5,5.17
X-4476,C6orf222,389384.0,Amp5,5.58
X-4476,C6orf223,221416.0,Amp5,5.43
X-4476,C6orf226,441150.0,Amp5,5.58
X-4476,C6orf25,80739.0,Amp5,5.17
X-4476,C6orf47,57827.0,Amp5,5.17
X-4476,C6orf48,50854.0,Amp5,5.17
X-4476,C6orf62,81688.0,Amp5,5.94
X-4476,C6orf89,221477.0,Amp5,5.58
X-4476,C7,730.0,Amp5,6.77
X-4476,C8orf4,56892.0,Amp5,5.24
X-4476,C9,735.0,Amp8,9
X-4476,CAMSAP1,157922.0,MutNovel,"S1192L,0.730"
X-4476,CAPN11,11131.0,Amp5,5.43
X-4476,CAPSL,133690.0,Amp5,6.96
X-4476,CARD6,84674.0,Amp8,9.19
X-4476,CCDC152,100129792.0,Amp5,6.77
X-4476,CCDC167,154467.0,Amp5,5.58
X-4476,CCHCR1,54535.0,Amp5,5.17
X-4476,CCL28,56477.0,Amp5,6.77
X-4476,CCND3,896.0,Amp5,5.58
X-4476,CD3EAP,10849.0,MutNovel,"G120D,0.466"
X-4476,CDH12,1010.0,Amp5,7.01
X-4476,CDH18,1016.0,Amp5,6.06
X-4476,CDH6,1004.0,Amp8,8.63
X-4476,CDH9,1007.0,Amp8,10.41
X-4476,CDKAL1,54901.0,Amp5,5.06
X-4476,CDKN1A,1026.0,Amp5,5.58
X-4476,CDSN,1041.0,Amp5,5.17
X-4476,CDY2A,9426.0,Del0.8,0.3
X-4476,CDY2A,9426.0,Del0.8,0.3
X-4476,CDY2B,203611.0,Del0.8,0.3
X-4476,CDY2B,203611.0,Del0.8,0.3
X-4476,CES1P1,51716.0,Del0.8,0.57
X-4476,CFB,629.0,Amp5,5.17
X-4476,CKAP4,10970.0,MutNovel,"PQQP40P,0.586"
X-4476,CKAP4,10970.0,MutNovel,"P37A,0.519"
X-4476,CLEC18B,497190.0,MutNovel,"R352C,1.000"
X-4476,CLIC1,1192.0,Amp5,5.17
X-4476,CLPS,1208.0,Amp5,5.58
X-4476,CMAHP,8418.0,Amp5,5.58
X-4476,CNPY3,10695.0,Amp5,5.58
X-4476,COL11A2,1302.0,Amp5,5.35
X-4476,CORO6,84940.0,Del0.8,0.2
X-4476,CPNE5,57699.0,Amp5,5.58
X-4476,CRIM1,51232.0,MutNovel,"G439R,0.600"
X-4476,CRIP3,401262.0,Amp5,5.43
X-4476,CSNK2B,1460.0,Amp5,5.17
X-4476,CUL7,9820.0,Amp5,5.58
X-4476,CUL9,23113.0,Amp5,5.43
X-4476,CUTA,51596.0,Amp5,5.35
X-4476,CYP21A1P,1590.0,Amp5,5.17
X-4476,CYP21A2,1589.0,Amp5,5.17
X-4476,CYP2J2,1573.0,Amp8,35.26
X-4476,DAAM2,23500.0,MutNovel,"R481Q,0.718"
X-4476,DAAM2,23500.0,Amp5,5.58
X-4476,DAB2,1601.0,Amp8,9
X-4476,DAXX,1616.0,Amp5,5.35
X-4476,DAZ1,1617.0,Del0.8,0.3
X-4476,DAZ2,57055.0,Del0.8,0.62
X-4476,DAZ3,57054.0,Del0.8,0.74
X-4476,DAZ4,57135.0,Del0.8,0.55
X-4476,DCPS,28960.0,MutNovel,"S72SGD,0.780"
X-4476,DDAH2,23564.0,Amp5,5.17
X-4476,DDR1,780.0,Amp5,5.17
X-4476,DDX39B,7919.0,Amp5,5.17
X-4476,DDX3Y,8653.0,Del0.8,0.3
X-4476,DDX46,9879.0,MutNovel,"R17H,0.548"
X-4476,DEF6,50619.0,Amp5,5.58
X-4476,DHX16,8449.0,Amp5,5.17
X-4476,DIP2C,22982.0,Del0.8,0.35
X-4476,DLK2,65989.0,Amp5,5.43
X-4476,DMRT3,58524.0,MutKnownFunctional,"-11,0.952"
X-4476,DNAH14,127602.0,MutNovel,"K4175N,0.500"
X-4476,DNAH2,146754.0,Del0.8,0.74
X-4476,DNAH5,1767.0,Amp5,7.01
X-4476,DNAH8,1769.0,Amp5,5.58
X-4476,DNAJC21,134218.0,Amp5,6.96
X-4476,DOCK5,80005.0,MutKnownFunctional,"S790*,1.000"
X-4476,DOM3Z,1797.0,Amp5,5.17
X-4476,DPCR1,135656.0,Amp5,5.17
X-4476,DROSHA,29102.0,Amp8,8.63
X-4476,DTHD1,401124.0,Del0.8,0.33
X-4476,E2F3,1871.0,Amp5,5.7
X-4476,EFNB3,1949.0,Del0.8,0.29
X-4476,EGFL8,80864.0,Amp5,5.17
X-4476,EGFLAM,133584.0,Amp8,9
X-4476,EHMT2,10919.0,Amp5,5.17
X-4476,EIF1AY,9086.0,Del0.8,0.3
X-4476,EIF4EBP2,1979.0,MutNovel,"T19P,0.473"
X-4476,EME2,197342.0,MutNovel,"E280K,0.571"
X-4476,ERCC3,2071.0,MutNovel,"A694T,1.000"
X-4476,ETV7,51513.0,Amp5,5.58
X-4476,FAM105A,54491.0,Amp5,7.01
X-4476,FAM105B,90268.0,Amp5,7.01
X-4476,FAM110C,642273.0,Del0.8,0.33
X-4476,FAM134B,54463.0,Amp5,7.16
X-4476,FAM150B,285016.0,Del0.8,0.13
X-4476,FAM197Y2P,252946.0,Del0.8,0.3
X-4476,FAM200A,221786.0,MutKnownFunctional,"W164*,0.364"
X-4476,FAM41AY1,340618.0,Del0.8,0.3
X-4476,FAM41AY1,340618.0,Del0.8,0.17
X-4476,FAM86B2,653333.0,MutNovel,"R285C,0.500"
X-4476,FANCE,2178.0,Amp5,5.58
X-4476,FBXL7,23194.0,Amp5,5.39
X-4476,FBXO4,26272.0,Amp5,6.77
X-4476,FGD2,221472.0,Amp5,5.58
X-4476,FGF10,2255.0,Amp8,8.4
X-4476,FGGY,55277.0,Amp8,35.26
X-4476,FKBP5,2289.0,Amp5,5.58
X-4476,FKBPL,63943.0,Amp5,5.17
X-4476,FLJ41649,401260.0,Amp5,5.58
X-4476,FLOT1,10211.0,Amp5,5.17
X-4476,FOXP4,116113.0,Amp5,5.58
X-4476,FRS3,10817.0,Amp5,5.58
X-4476,FRYL,285527.0,Del0.8,0.75
X-4476,FTSJD2,23070.0,Amp5,5.58
X-4476,FYB,2533.0,Amp8,9
X-4476,GABBR1,2550.0,Amp5,5.13
X-4476,GARS,2617.0,MutNovel,"H682N,0.624"
X-4476,GDNF,2668.0,Amp8,9
X-4476,GGNBP1,449520.0,Amp5,5.58
X-4476,GHR,2690.0,Amp5,6.77
X-4476,GIGYF2,26058.0,MutNovel,"PQ1231P,0.357"
X-4476,GIT1,28964.0,Del0.8,0.37
X-4476,GLO1,2739.0,Amp5,5.58
X-4476,GLP1R,2740.0,Amp5,5.58
X-4476,GMNN,51053.0,Amp5,5.94
X-4476,GNL1,2794.0,Amp5,5.17
X-4476,GNMT,27232.0,Amp5,5.58
X-4476,GOLGA8J,,MutNovel,"P296A,1.000"
X-4476,GOLPH3,64083.0,Amp8,8.63
X-4476,GPANK1,7918.0,Amp5,5.17
X-4476,GPSM3,63940.0,Amp5,5.17
X-4476,GRIK2,2898.0,MutNovel,"V329M,0.455"
X-4476,GRM4,2914.0,Amp5,5.58
X-4476,GSTT1,2952.0,Del0.8,0.64
X-4476,GTF2H4,2968.0,Amp5,5.17
X-4476,GTPBP2,54676.0,Amp5,5.43
X-4476,GUCA1A,2978.0,Amp5,5.58
X-4476,GUCA1B,2979.0,Amp5,5.58
X-4476,GYG2P1,352887.0,Del0.8,0.3
X-4476,HAUS5,23354.0,MutNovel,"R137Q,0.689"
X-4476,HCG11,493812.0,Amp5,5.58
X-4476,HCG18,414777.0,Amp5,5.17
X-4476,HCG22,285834.0,Amp5,5.17
X-4476,HCG23,414764.0,Amp5,5.17
X-4476,HCG25,414765.0,Amp5,5.35
X-4476,HCG26,352961.0,Amp5,5.17
X-4476,HCG27,253018.0,Amp5,5.17
X-4476,HCG4,54435.0,Amp5,5.13
X-4476,HCG4B,80868.0,Amp5,5.17
X-4476,HCG9,10255.0,Amp5,5.17
X-4476,HCN1,348980.0,Amp8,8.4
X-4476,HCP5,10866.0,Amp5,5.17
X-4476,HDGFL1,154150.0,Amp5,5.86
X-4476,HEATR7B2,133558.0,Amp5,6.77
X-4476,HFE,3077.0,Amp5,5.58
X-4476,HIST1H1A,3024.0,Amp5,5.58
X-4476,HIST1H1C,3006.0,Amp5,5.58
X-4476,HIST1H1D,3007.0,Amp5,5.58
X-4476,HIST1H1E,3008.0,Amp5,5.58
X-4476,HIST1H1T,3010.0,Amp5,5.58
X-4476,HIST1H2AA,221613.0,Amp5,5.58
X-4476,HIST1H2AB,8335.0,Amp5,5.58
X-4476,HIST1H2AC,8334.0,Amp5,5.58
X-4476,HIST1H2AD,3013.0,Amp5,5.58
X-4476,HIST1H2AE,3012.0,Amp5,5.58
X-4476,HIST1H2AG,8969.0,Amp5,5.58
X-4476,HIST1H2AH,85235.0,Amp5,5.58
X-4476,HIST1H2AJ,8331.0,Amp5,5.58
X-4476,HIST1H2APS1,387319.0,Amp5,5.58
X-4476,HIST1H2BA,255626.0,Amp5,5.58
X-4476,HIST1H2BB,3018.0,Amp5,5.58
X-4476,HIST1H2BC,8347.0,Amp5,5.58
X-4476,HIST1H2BD,3017.0,Amp5,5.58
X-4476,HIST1H2BE,8344.0,Amp5,5.58
X-4476,HIST1H2BF,8343.0,Amp5,5.58
X-4476,HIST1H2BG,8339.0,Amp5,5.58
X-4476,HIST1H2BH,8345.0,Amp5,5.58
X-4476,HIST1H2BI,8346.0,Amp5,5.58
X-4476,HIST1H2BJ,8970.0,Amp5,5.58
X-4476,HIST1H2BK,85236.0,MutNovel,"S15L,0.742"
X-4476,HIST1H2BK,85236.0,Amp5,5.58
X-4476,HIST1H2BL,8340.0,Amp5,5.58
X-4476,HIST1H2BM,8342.0,Amp5,5.58
X-4476,HIST1H3A,8350.0,Amp5,5.58
X-4476,HIST1H3B,8358.0,Amp5,5.58
X-4476,HIST1H3C,8352.0,Amp5,5.58
X-4476,HIST1H3D,8351.0,Amp5,5.58
X-4476,HIST1H3E,8353.0,Amp5,5.58
X-4476,HIST1H3F,8968.0,Amp5,5.58
X-4476,HIST1H3G,8355.0,Amp5,5.58
X-4476,HIST1H3H,8357.0,Amp5,5.58
X-4476,HIST1H4A,8359.0,Amp5,5.58
X-4476,HIST1H4B,8366.0,Amp5,5.58
X-4476,HIST1H4C,8364.0,Amp5,5.58
X-4476,HIST1H4D,8360.0,Amp5,5.58
X-4476,HIST1H4E,8367.0,Amp5,5.58
X-4476,HIST1H4F,8361.0,Amp5,5.58
X-4476,HIST1H4G,8369.0,Amp5,5.58
X-4476,HIST1H4H,8365.0,Amp5,5.58
X-4476,HIST1H4I,8294.0,Amp5,5.58
X-4476,HIST1H4J,8363.0,Amp5,5.58
X-4476,HIST1H4K,8362.0,Amp5,5.58
X-4476,HLA-A,3105.0,Amp5,5.17
X-4476,HLA-B,3106.0,Amp5,5.17
X-4476,HLA-C,3107.0,Amp5,5.17
X-4476,HLA-DMA,3108.0,Amp5,5.35
X-4476,HLA-DMB,3109.0,Amp5,5.35
X-4476,HLA-DOA,3111.0,Amp5,5.35
X-4476,HLA-DPA1,3113.0,Amp5,5.35
X-4476,HLA-DPB1,3115.0,Amp5,5.35
X-4476,HLA-DPB2,3116.0,Amp5,5.35
X-4476,HLA-DQA1,3117.0,Amp5,5.28
X-4476,HLA-DQA2,3118.0,Amp5,5.28
X-4476,HLA-DQB1,3119.0,Amp5,5.28
X-4476,HLA-DQB2,3120.0,Amp5,5.28
X-4476,HLA-DRA,3122.0,Amp5,5.17
X-4476,HLA-DRB1,3123.0,Amp5,6.87
X-4476,HLA-DRB6,3128.0,Amp5,6.87
X-4476,HLA-E,3133.0,Amp5,5.17
X-4476,HLA-F,3134.0,Amp5,5.13
X-4476,HLA-F-AS1,285830.0,Amp5,5.13
X-4476,HLA-G,3135.0,MutNovel,"M49V,1.000"
X-4476,HLA-G,3135.0,Amp5,5.13
X-4476,HLA-H,3136.0,Amp5,5.17
X-4476,HLA-J,3137.0,Amp5,5.17
X-4476,HLA-L,3139.0,Amp5,5.17
X-4476,HMGA1,3159.0,Amp5,5.58
X-4476,HMGCS1,3157.0,Amp5,6.77
X-4476,HMGN1,3150.0,Amp5,5.35
X-4476,HMGN4,10473.0,Amp5,5.58
X-4476,HOOK1,51361.0,Amp8,35.26
X-4476,HSD17B8,7923.0,Amp5,5.35
X-4476,HSD52,729467.0,Amp8,22.01
X-4476,HSFY2,159119.0,Del0.8,0.17
X-4476,HSFY2,159119.0,Del0.8,0.17
X-4476,HSPA1A,3303.0,Amp5,5.17
X-4476,HSPA1B,3304.0,MutKnownFunctional,"-383,0.966"
X-4476,HSPA1B,3304.0,Amp5,5.17
X-4476,HSPA1L,3305.0,Amp5,5.17
X-4476,HSPBAP1,79663.0,MutNovel,"T266P,0.488"
X-4476,ID4,3400.0,Amp5,5.7
X-4476,IDH3A,3419.0,MutNovel,"E229G,0.991"
X-4476,IER3,8870.0,Amp5,5.17
X-4476,IFITM4P,340198.0,Amp5,5.13
X-4476,IGSF5,150084.0,Amp5,5.35
X-4476,IL7R,3575.0,Amp5,6.96
X-4476,IP6K3,117283.0,Amp5,5.58
X-4476,ITIH5,80760.0,MutNovel,"D288N,0.923"
X-4476,ITPR3,3710.0,MutNovel,"D1932G,0.657"
X-4476,ITPR3,3710.0,Amp5,5.58
X-4476,JUN,3725.0,Amp8,30.27
X-4476,KCNK16,83795.0,Amp5,5.58
X-4476,KCNK17,89822.0,Amp5,5.58
X-4476,KCNK5,8645.0,Amp5,5.58
X-4476,KCNMA1,3778.0,MutNovel,"S665R,0.355"
X-4476,KCTD20,222658.0,Amp5,5.58
X-4476,KDM5D,8284.0,Del0.8,0.3
X-4476,KIAA0240,23506.0,Amp5,5.58
X-4476,KIAA0355,9710.0,MutNovel,"TPPQP1036T,0.365"
X-4476,KIAA1239,57495.0,Del0.8,0.28
X-4476,KIAA1429,25962.0,MutNovel,"I1298T,1.000"
X-4476,KIF6,221458.0,Amp5,5.58
X-4476,KIFC1,3833.0,Amp5,5.35
X-4476,KLHDC3,116138.0,Amp5,5.58
X-4476,KRBA2,124751.0,MutNovel,"M411V,0.389"
X-4476,LAMTOR2,28956.0,MutNovel,"N88S,0.460"
X-4476,LCA5L,150082.0,Amp5,5.35
X-4476,LEMD2,221496.0,Amp5,5.58
X-4476,LHFPL5,222662.0,Amp5,5.58
X-4476,LIFR,3977.0,Amp8,9
X-4476,LINC00114,400866.0,Amp5,5.58
X-4476,LINC00290,728081.0,Del0.8,0.53
X-4476,LINC00336,401253.0,Amp5,5.58
X-4476,LINC00340,401237.0,Amp5,5.86
X-4476,LMBRD2,92255.0,Amp5,6.96
X-4476,LOC100129636,100129636.0,Amp5,5.13
X-4476,LOC100131047,100131047.0,Amp5,5.58
X-4476,LOC100131060,100131060.0,Amp8,30.27
X-4476,LOC100131289,100131289.0,Amp5,5.58
X-4476,LOC100132247,100132247.0,MutNovel,"M665T,0.438"
X-4476,LOC100132354,100132354.0,Amp5,5.43
X-4476,LOC100132356,100132356.0,Amp5,6.77
X-4476,LOC100270746,100270746.0,Amp5,5.58
X-4476,LOC100294145,100294145.0,Amp5,5.35
X-4476,LOC100506504,,MutNovel,"R15H,0.400"
X-4476,LOC100506548,100506548.0,Amp8,9.19
X-4476,LOC100507173,100507173.0,Amp5,5.58
X-4476,LOC100507362,100507362.0,Amp5,5.13
X-4476,LOC100507463,100507463.0,Amp5,5.35
X-4476,LOC100507547,100507547.0,Amp5,5.17
X-4476,LOC100507584,100507584.0,Amp5,5.58
X-4476,LOC100996300,,MutNovel,"I80N,1.000"
X-4476,LOC100996573,,MutNovel,"G173R,0.558"
X-4476,LOC153684,153684.0,Amp5,6.77
X-4476,LOC285696,285696.0,Amp5,7.16
X-4476,LOC285819,285819.0,Amp5,5.58
X-4476,LOC285847,285847.0,Amp5,5.58
X-4476,LOC339822,339822.0,Del0.8,0.46
X-4476,LOC340107,340107.0,Amp5,6.02
X-4476,LOC340113,340113.0,Amp8,8.63
X-4476,LOC391322,391322.0,Del0.8,0.64
X-4476,LOC401177,401177.0,Amp5,7.16
X-4476,LOC401242,401242.0,Amp5,5.13
X-4476,LOC554223,554223.0,MutNovel,"T110A,1.000"
X-4476,LOC554223,554223.0,MutNovel,"A117G,1.000"
X-4476,LOC554223,554223.0,Amp5,5.13
X-4476,LOC643401,643401.0,Amp8,10.41
X-4476,LOC644717,,MutNovel,"V572F,1.000"
X-4476,LOC648987,648987.0,Amp5,6.77
X-4476,LOC729177,729177.0,Amp5,5.86
X-4476,LOC730811,730811.0,Del0.8,0.29
X-4476,LRFN2,57497.0,Amp5,5.58
X-4476,LRRC16A,55604.0,Amp5,5.58
X-4476,LRRC73,221424.0,Amp5,5.43
X-4476,LSM2,57819.0,Amp5,5.17
X-4476,LSR,51599.0,MutNovel,"G518GR,0.545"
X-4476,LST1,7940.0,Amp5,5.17
X-4476,LTA,4049.0,Amp5,5.17
X-4476,LTB,4050.0,Amp5,5.17
X-4476,LY6G5B,58496.0,Amp5,5.17
X-4476,LY6G5C,80741.0,Amp5,5.17
X-4476,LY6G6C,80740.0,Amp5,5.17
X-4476,LY6G6D,58530.0,Amp5,5.17
X-4476,LY6G6E,79136.0,Amp5,5.17
X-4476,LY6G6F,259215.0,Amp5,5.17
X-4476,LZTR1,8216.0,MutNovel,"P115L,0.615"
X-4476,MAD2L1BP,9587.0,Amp5,5.43
X-4476,MAP3K4,4216.0,MutNovel,"PA1189P,0.565"
X-4476,MAPK13,5603.0,Amp5,5.58
X-4476,MAPK14,1432.0,Amp5,5.58
X-4476,2014-03-11 00:00:00,441061.0,Amp5,7.16
X-4476,MAS1L,116511.0,Amp5,5.13
X-4476,MATR3,9782.0,MutNovel,"I498V,0.503"
X-4476,MBD1,4152.0,MutNovel,"ALD548D,0.318"
X-4476,MBOAT1,154141.0,Amp5,5.7
X-4476,MCCD1,401250.0,Amp5,5.17
X-4476,MDC1,9656.0,Amp5,5.17
X-4476,MDFI,4188.0,Amp5,5.58
X-4476,MDGA1,266727.0,Amp5,5.58
X-4476,MEA1,4201.0,Amp5,5.58
X-4476,MED20,9477.0,Amp5,5.58
X-4476,MEOX2,4223.0,MutNovel,"HH76H,0.312"
X-4476,MICA,100507436.0,Amp5,5.17
X-4476,MICB,4277.0,Amp5,5.17
X-4476,MIR1236,100302242.0,Amp5,5.17
X-4476,MIR1275,100302123.0,Amp5,5.58
X-4476,MIR219-1,407002.0,Amp5,5.35
X-4476,MIR3143,100422934.0,Amp5,5.58
X-4476,MIR3650,100500824.0,Amp8,9
X-4476,MIR3925,100500885.0,Amp5,5.58
X-4476,MIR4279,100422874.0,Amp8,8.63
X-4476,MIR4462,100616413.0,Amp5,5.58
X-4476,MIR4523,100616122.0,Del0.8,0.38
X-4476,MIR4637,100616271.0,Amp5,7.01
X-4476,MIR4640,100616237.0,Amp5,5.17
X-4476,MIR4641,100616178.0,Amp5,5.58
X-4476,MIR4646,100616230.0,Amp5,5.17
X-4476,MIR4711,100616409.0,Amp8,35.26
X-4476,MIR4801,100616435.0,Del0.8,0.21
X-4476,MIR580,693165.0,Amp5,6.96
X-4476,MIR877,100126314.0,Amp5,5.17
X-4476,MLN,4295.0,Amp5,5.58
X-4476,MOCS1,4337.0,Amp5,5.58
X-4476,MOG,4340.0,Amp5,5.13
X-4476,MRPL14,64928.0,Amp5,5.43
X-4476,MRPL2,51069.0,Amp5,5.58
X-4476,MRPS10,55173.0,Amp5,5.58
X-4476,MRPS18A,55168.0,Amp5,5.43
X-4476,MRPS18B,28973.0,Amp5,5.17
X-4476,MRPS30,10884.0,Amp8,8.4
X-4476,MSH5,4439.0,Amp5,5.17
X-4476,MSH5-SAPCD1,100532732.0,Amp5,5.17
X-4476,MTCH1,23787.0,Amp5,5.58
X-4476,MTMR12,54545.0,Amp8,8.63
X-4476,MUC21,394263.0,Amp5,5.17
X-4476,MUC22,100507679.0,Amp5,5.17
X-4476,MYO10,4651.0,Amp5,7.16
X-4476,MYSM1,114803.0,Amp8,30.27
X-4476,MYT1L,23040.0,Del0.8,0.29
X-4476,NACA2,342538.0,MutNovel,"R144K,1.000"
X-4476,NACA2,342538.0,MutNovel,"Q129E,1.000"
X-4476,NADKD1,133686.0,Amp5,6.96
X-4476,NBPF1,55672.0,MutNovel,"L608R,0.273"
X-4476,NBPF10,100132406.0,MutNovel,"E3145G,0.300"
X-4476,NBPF10,100132406.0,MutNovel,"E3389G,0.214"
X-4476,NBPF12,,MutNovel,"E125Q,0.364"
X-4476,NBPF12,,MutNovel,"S2061P,1.000"
X-4476,NCOR2,9612.0,MutNovel,"G1839GAAA,0.610"
X-4476,NCR2,9436.0,Amp5,5.58
X-4476,NCR3,259197.0,Amp5,5.17
X-4476,NCRNA00185,55410.0,Del0.8,0.3
X-4476,NDNL2,56160.0,Amp5,5.1
X-4476,NEU1,4758.0,Amp5,5.17
X-4476,NFAT5,10725.0,MutNovel,"T1172A,0.375"
X-4476,NFKBIL1,4795.0,Amp5,5.17
X-4476,NFYA,4800.0,Amp5,5.58
X-4476,NIM1,167359.0,Amp5,6.77
X-4476,NIPBL,25836.0,Amp5,6.96
X-4476,NLGN4Y,22829.0,Del0.8,0.3
X-4476,NNT,23530.0,Amp5,6.77
X-4476,NOTCH4,4855.0,Amp5,5.17
X-4476,NPEPPS,9520.0,MutNovel,"I146V,0.224"
X-4476,NPR3,4883.0,Amp8,8.63
X-4476,NR1H2,7376.0,MutNovel,"-173Q,0.839"
X-4476,NRM,11270.0,Amp5,5.17
X-4476,NUAK1,9891.0,MutNovel,"R595C,0.448"
X-4476,NUDT11,55190.0,MutKnownFunctional,"-1,0.333"
X-4476,NUDT3,11165.0,Amp5,5.58
X-4476,NUP155,9631.0,Amp5,6.96
X-4476,NUP98,4928.0,MutNovel,"F1587C,0.356"
X-4476,OGFOD1,55239.0,Amp5,5.58
X-4476,OR10C1,442194.0,Amp5,5.13
X-4476,OR11A1,26531.0,Amp5,5.13
X-4476,OR12D2,26529.0,Amp5,5.13
X-4476,OR12D3,81797.0,Amp5,5.13
X-4476,OR14J1,442191.0,Amp5,5.13
X-4476,OR2B3,442184.0,Amp5,5.13
X-4476,OR2H1,26716.0,Amp5,5.13
X-4476,OR2H2,7932.0,Amp5,5.13
X-4476,OR2J2,26707.0,Amp5,5.13
X-4476,OR2J3,442186.0,Amp5,5.13
X-4476,OR2T10,127069.0,Del0.8,0.55
X-4476,OR2T11,127077.0,Del0.8,0.55
X-4476,OR2T35,403244.0,Del0.8,0.55
X-4476,OR2W1,26692.0,Amp5,5.13
X-4476,OR4F5,79501.0,Del0.8,0.73
X-4476,OR52N1,79473.0,Del0.8,0.76
X-4476,OR52N5,390075.0,Del0.8,0.2
X-4476,OR5V1,81696.0,Amp5,5.13
X-4476,ORAI1,84876.0,MutNovel,"PP43-,0.909"
X-4476,OSMR,9180.0,Amp8,9
X-4476,OTOG,,MutNovel,"K2842N,1.000"
X-4476,OXCT1,5019.0,Amp5,6.77
X-4476,PACSIN1,29993.0,Amp5,5.58
X-4476,PAIP1,10605.0,Amp5,6.77
X-4476,PAOX,196743.0,MutNovel,"G381E,1.000"
X-4476,PAPLN,89932.0,MutNovel,"R480Q,1.000"
X-4476,PATL2,197135.0,MutNovel,"L465M,1.000"
X-4476,PBX2,5089.0,Amp5,5.17
X-4476,PCDH11Y,83259.0,Del0.8,0.41
X-4476,PCDHB4,56131.0,MutNovel,"G531S,0.500"
X-4476,PCDHGB2,56103.0,MutNovel,"R12P,0.429"
X-4476,PCP4,5121.0,Amp5,5.35
X-4476,PDCD6IP,10015.0,MutNovel,"M363T,1.000"
X-4476,PDLIM5,10611.0,MutNovel,"R513W,1.000"
X-4476,PDZD2,23037.0,Amp8,8.63
X-4476,PEX6,5190.0,Amp5,5.58
X-4476,PFDN6,10471.0,Amp5,5.35
X-4476,PGC,5225.0,Amp5,5.58
X-4476,PHF1,5252.0,Amp5,5.35
X-4476,PHLDA1,22822.0,MutNovel,"QQ194Q,0.539"
X-4476,PI16,221476.0,Amp5,5.58
X-4476,PIEZO1,9780.0,MutNovel,"IV2265MI,0.647"
X-4476,PIM1,5292.0,Amp5,5.58
X-4476,PINX1,54984.0,MutNovel,"KS253S,0.358"
X-4476,PINX1,54984.0,MutKnownFunctional,"K253*,0.362"
X-4476,PKM,,MutNovel,"T36S,1.000"
X-4476,PLCXD3,345557.0,Amp5,6.77
X-4476,PMCHL1,5369.0,Amp5,7.01
X-4476,PNPLA1,285848.0,Amp5,5.58
X-4476,POLH,5429.0,Amp5,5.43
X-4476,POLR1C,9533.0,Amp5,5.43
X-4476,POM121L2,94026.0,Amp5,5.58
X-4476,POU5F1,5460.0,Amp5,5.17
X-4476,PPARD,5467.0,Amp5,5.58
X-4476,PPIL1,51645.0,Amp5,5.58
X-4476,PPP1R10,5514.0,Amp5,5.17
X-4476,PPP1R11,6992.0,Amp5,5.17
X-4476,PPP2R5D,5528.0,Amp5,5.58
X-4476,PPT2,9374.0,Amp5,5.17
X-4476,PPT2-EGFL8,100532746.0,Amp5,5.17
X-4476,PRDM9,56979.0,Amp5,6.06
X-4476,PRICKLE4,29964.0,Amp5,5.58
X-4476,PRKAA1,5562.0,Amp8,9.19
X-4476,PRKD1,5587.0,MutNovel,"G32GPG,0.700"
X-4476,PRKY,5616.0,Del0.8,0.31
X-4476,PRL,5617.0,Amp5,5.86
X-4476,PRLR,5618.0,Amp5,6.96
X-4476,PRPH2,5961.0,Amp5,5.58
X-4476,PRR3,80742.0,Amp5,5.17
X-4476,PRRC2A,7916.0,Amp5,5.17
X-4476,PRRT1,80863.0,Amp5,5.17
X-4476,PRSS16,10279.0,Amp5,5.58
X-4476,PRY,9081.0,Del0.8,0.3
X-4476,PRY,9081.0,Del0.8,0.3
X-4476,PRY2,442862.0,Del0.8,0.3
X-4476,PRY2,442862.0,Del0.8,0.3
X-4476,PSG2,5670.0,MutNovel,"V20L,0.400"
X-4476,PSG9,5678.0,MutNovel,"E267K,0.588"
X-4476,PSG9,5678.0,MutNovel,"A259T,0.400"
X-4476,PSMB8,5696.0,Amp5,5.35
X-4476,PSMB9,5698.0,Amp5,5.35
X-4476,PSMG1,8624.0,Amp5,5.35
X-4476,PSORS1C1,170679.0,Amp5,5.17
X-4476,PSORS1C2,170680.0,Amp5,5.17
X-4476,PSORS1C3,100130889.0,Amp5,5.17
X-4476,PTCRA,171558.0,Amp5,5.58
X-4476,PTGER4,5734.0,Amp8,9.19
X-4476,PTK7,5754.0,Amp5,5.43
X-4476,PTPN4,5775.0,MutNovel,"I710V,1.000"
X-4476,PTPRN,5798.0,MutNovel,"L235Q,0.400"
X-4476,PXDN,7837.0,Del0.8,0.28
X-4476,PXT1,222659.0,Amp5,5.58
X-4476,RAD1,5810.0,Amp5,6.96
X-4476,RAI14,26064.0,Amp5,6.96
X-4476,RANBP3L,202151.0,Amp5,6.96
X-4476,RBBP6,5930.0,MutNovel,"S84G,0.609"
X-4476,RBMY1A3P,286557.0,Del0.8,0.3
X-4476,RBMY1B,378948.0,Del0.8,0.3
X-4476,RBMY1B,378948.0,Del0.8,0.3
X-4476,RBMY1E,378950.0,Del0.8,0.3
X-4476,RBMY1E,378950.0,Del0.8,0.3
X-4476,RBMY1F,159163.0,Del0.8,0.3
X-4476,RBMY1F,159163.0,Del0.8,0.3
X-4476,RBMY1J,378951.0,Del0.8,0.3
X-4476,RBMY1J,378951.0,Del0.8,0.3
X-4476,RBMY2EP,159125.0,Del0.8,0.3
X-4476,RBMY2FP,159162.0,Del0.8,0.3
X-4476,RBMY3AP,64593.0,Del0.8,0.3
X-4476,RC3H1,149041.0,MutNovel,"G921S,0.545"
X-4476,RCSD1,92241.0,MutNovel,"E378Q,0.267"
X-4476,RDBP,7936.0,Amp5,5.17
X-4476,RGL2,5863.0,Amp5,5.35
X-4476,RHD,6007.0,Del0.8,0.75
X-4476,RHOT2,89941.0,MutNovel,"T412A,0.540"
X-4476,RICTOR,253260.0,Amp8,9
X-4476,RING1,6015.0,Amp5,5.35
X-4476,RNF39,80352.0,Amp5,5.17
X-4476,RNF5,6048.0,Amp5,5.17
X-4476,RNF5P1,286140.0,Amp5,5.17
X-4476,RNF8,9025.0,Amp5,5.58
X-4476,RPL10A,4736.0,Amp5,5.58
X-4476,RPL37,6167.0,Amp8,9.19
X-4476,RPL7L1,285855.0,Amp5,5.58
X-4476,RPP21,79897.0,Amp5,5.17
X-4476,RPS10,6204.0,Amp5,5.58
X-4476,RPS10-NUDT3,100529239.0,Amp5,5.58
X-4476,RPS18,6222.0,Amp5,5.35
X-4476,RPS4Y2,140032.0,Del0.8,0.3
X-4476,RRP36,88745.0,Amp5,5.58
X-4476,RSPH9,221421.0,Amp5,5.43
X-4476,RXFP3,51289.0,Amp5,6.73
X-4476,RXRB,6257.0,Amp5,5.35
X-4476,SAYSD1,55776.0,Amp5,5.58
X-4476,SCAPER,49855.0,Del0.8,0.7
X-4476,SCGN,10590.0,Amp5,5.58
X-4476,SCUBE3,222663.0,Amp5,5.58
X-4476,SEPP1,6414.0,Amp5,6.77
X-4476,SERINC2,347735.0,MutNovel,"-373Q,0.814"
X-4476,SFTA2,389376.0,Amp5,5.17
X-4476,SFXN3,81855.0,MutKnownFunctional,"-213,0.267"
X-4476,SH3BGR,6450.0,Amp5,5.35
X-4476,SH3YL1,26751.0,Del0.8,0.31
X-4476,SKIV2L,6499.0,Amp5,5.17
X-4476,SKP2,6502.0,Amp5,6.96
X-4476,SLC17A1,6568.0,Amp5,5.58
X-4476,SLC17A2,10246.0,Amp5,5.58
X-4476,SLC17A3,10786.0,Amp5,5.58
X-4476,SLC17A4,10050.0,Amp5,5.58
X-4476,SLC1A3,6507.0,Amp5,6.96
X-4476,SLC22A16,85413.0,MutKnownFunctional,"-250?,0.353"
X-4476,SLC22A7,10864.0,Amp5,5.43
X-4476,SLC26A8,116369.0,Amp5,5.58
X-4476,SLC29A1,2030.0,Amp5,5.43
X-4476,SLC39A7,7922.0,Amp5,5.35
X-4476,SLC44A4,80736.0,Amp5,5.17
X-4476,SLC45A2,51151.0,Amp5,6.73
X-4476,SNORA38,677820.0,Amp5,5.17
X-4476,SNORD117,692233.0,Amp5,5.17
X-4476,SNORD32B,692092.0,Amp5,5.13
X-4476,SNORD48,26801.0,Amp5,5.17
X-4476,SNORD52,26797.0,Amp5,5.17
X-4476,SNORD72,619564.0,Amp8,9.19
X-4476,SNORD84,692199.0,Amp5,5.17
X-4476,SNRPC,6631.0,Amp5,5.58
X-4476,SNTG2,54221.0,Del0.8,0.24
X-4476,SOGA1,,MutNovel,"A1196S,0.373"
X-4476,SOX4,6659.0,Amp5,5.86
X-4476,SPDEF,25803.0,Amp5,5.58
X-4476,SPEF2,79925.0,Amp5,6.96
X-4476,SPEG,10290.0,MutNovel,"R2856W,0.417"
X-4476,SRF,6722.0,Amp5,5.43
X-4476,SRP14,6727.0,MutNovel,"A116AQ,0.419"
X-4476,SRPK1,6732.0,Amp5,5.58
X-4476,SRSF3,6428.0,Amp5,5.58
X-4476,SSH2,85464.0,Del0.8,0.37
X-4476,SSX2B,727837.0,MutNovel,"D122V,1.000"
X-4476,STK19,8859.0,Amp5,5.17
X-4476,STK38,11329.0,Amp5,5.58
X-4476,SUB1,10923.0,Amp8,8.63
X-4476,TACSTD2,4070.0,Amp8,30.27
X-4476,TAF11,6882.0,Amp5,5.58
X-4476,TAF8,129685.0,Amp5,5.58
X-4476,TAOK1,57551.0,Del0.8,0.66
X-4476,TAP1,6890.0,Amp5,5.35
X-4476,TAP2,6891.0,Amp5,5.35
X-4476,TAPBP,6892.0,Amp5,5.35
X-4476,TARS,6897.0,Amp8,8.63
X-4476,TBC1D22B,55633.0,Amp5,5.58
X-4476,TBCC,6903.0,Amp5,5.58
X-4476,TBL1Y,90665.0,Del0.8,0.31
X-4476,TBP,6908.0,MutNovel,"-64Q,0.339"
X-4476,TCF19,6941.0,Amp5,5.17
X-4476,TCP11,6954.0,Amp5,5.58
X-4476,TDP2,51567.0,Amp5,5.94
X-4476,TDRG1,732253.0,Amp5,5.58
X-4476,TEAD3,7005.0,Amp5,5.58
X-4476,TFEB,7942.0,Amp5,5.58
X-4476,TGIF2LY,90655.0,Del0.8,0.41
X-4476,TJAP1,93643.0,Amp5,5.43
X-4476,TMEM170B,100113407.0,Amp5,5.46
X-4476,TMEM18,129787.0,Del0.8,0.37
X-4476,TMEM217,221468.0,Amp5,5.58
X-4476,TMEM63B,55362.0,Amp5,5.43
X-4476,TMSB4Y,9087.0,Del0.8,0.3
X-4476,TNF,7124.0,Amp5,5.17
X-4476,TNXA,7146.0,Amp5,5.17
X-4476,TNXB,7148.0,Amp5,5.17
X-4476,TOMM6,100188893.0,Amp5,5.58
X-4476,TOR1AIP2,163590.0,MutNovel,"G100R,0.556"
X-4476,TOX2,84969.0,MutNovel,"-390P,0.427"
X-4476,TP53,7157.0,Del0.8,0.59
X-4476,TP53I13,90313.0,Del0.8,0.37
X-4476,TPBG,7162.0,MutNovel,"A118V,0.267"
X-4476,TPO,7173.0,Del0.8,0.43
X-4476,TRAPPC8,22878.0,MutNovel,"L617P,0.733"
X-4476,TREM1,54210.0,Amp5,5.58
X-4476,TREM2,54209.0,Amp5,5.58
X-4476,TREML1,340205.0,Amp5,5.58
X-4476,TREML2,79865.0,Amp5,5.58
X-4476,TREML4,285852.0,Amp5,5.58
X-4476,TRERF1,55809.0,Amp5,5.58
X-4476,TRIM10,10107.0,Amp5,5.17
X-4476,TRIM15,89870.0,Amp5,5.17
X-4476,TRIM26,7726.0,Amp5,5.17
X-4476,TRIM27,5987.0,Amp5,5.13
X-4476,TRIM31,11074.0,Amp5,5.17
X-4476,TRIM38,10475.0,Amp5,5.58
X-4476,TRIM39,56658.0,Amp5,5.17
X-4476,TRIM39-RPP21,202658.0,Amp5,5.17
X-4476,TRIM40,135644.0,Amp5,5.17
X-4476,TRIO,7204.0,Amp5,7.01
X-4476,TSPO2,222642.0,Amp5,5.58
X-4476,TSPY1,7258.0,Del0.8,0.3
X-4476,TSPY2,64591.0,Del0.8,0.13
X-4476,TSPY3,728137.0,Del0.8,0.3
X-4476,TSPY4,728395.0,Del0.8,0.3
X-4476,TSPY8,728403.0,Del0.8,0.3
X-4476,TSPYL1,7259.0,MutNovel,"V176VW,0.337"
X-4476,TTBK1,84630.0,Amp5,5.43
X-4476,TTC23L,153657.0,Amp5,6.96
X-4476,TTC33,23548.0,Amp8,9.19
X-4476,TTN,7273.0,MutNovel,"S27585Y,0.857"
X-4476,TTN,7273.0,MutNovel,"A12528V,0.571"
X-4476,TTN,7273.0,MutNovel,"A12277V,0.600"
X-4476,TTTY10,246119.0,Del0.8,0.3
X-4476,TTTY11,83866.0,Del0.8,0.3
X-4476,TTTY12,83867.0,Del0.8,0.3
X-4476,TTTY13,83868.0,Del0.8,0.3
X-4476,TTTY14,83869.0,Del0.8,0.3
X-4476,TTTY15,64595.0,Del0.8,0.3
X-4476,TTTY16,252948.0,Del0.8,0.3
X-4476,TTTY17A,252949.0,Del0.8,0.74
X-4476,TTTY18,252950.0,Del0.8,0.3
X-4476,TTTY19,252952.0,Del0.8,0.3
X-4476,TTTY1B,100101116.0,Del0.8,0.31
X-4476,TTTY1B,100101116.0,Del0.8,0.3
X-4476,TTTY2,60439.0,Del0.8,0.31
X-4476,TTTY2,60439.0,Del0.8,0.3
X-4476,TTTY20,252951.0,Del0.8,0.3
X-4476,TTTY21,252953.0,Del0.8,0.31
X-4476,TTTY21,252953.0,Del0.8,0.3
X-4476,TTTY22,252954.0,Del0.8,0.3
X-4476,TTTY23,252955.0,Del0.8,0.3
X-4476,TTTY23,252955.0,Del0.8,0.13
X-4476,TTTY4,114761.0,Del0.8,0.74
X-4476,TTTY5,83863.0,Del0.8,0.3
X-4476,TTTY6,84672.0,Del0.8,0.3
X-4476,TTTY6,84672.0,Del0.8,0.3
X-4476,TTTY7,246122.0,Del0.8,0.3
X-4476,TTTY7,246122.0,Del0.8,0.31
X-4476,TTTY7B,100101120.0,Del0.8,0.3
X-4476,TTTY7B,100101120.0,Del0.8,0.31
X-4476,TTTY8,84673.0,Del0.8,0.3
X-4476,TTTY8,84673.0,Del0.8,0.31
X-4476,TTTY9A,83864.0,Del0.8,0.17
X-4476,TTTY9A,83864.0,Del0.8,0.17
X-4476,TUBB,203068.0,Amp5,5.17
X-4476,TUBB2A,7280.0,MutNovel,"S201C,1.000"
X-4476,TULP1,7287.0,Amp5,5.58
X-4476,TXLNG2P,246126.0,Del0.8,0.3
X-4476,UBD,10537.0,Amp5,5.13
X-4476,UBR2,23304.0,Amp5,5.58
X-4476,UGT3A1,133688.0,Amp5,6.96
X-4476,UGT3A2,167127.0,Amp5,6.96
X-4476,UHRF1BP1,54887.0,Amp5,5.58
X-4476,UNC5CL,222643.0,Amp5,5.58
X-4476,USP36,57602.0,MutNovel,"KKK958K,0.705"
X-4476,USP41,,MutNovel,"F167L,1.000"
X-4476,USP41,,MutNovel,"M141V,1.000"
X-4476,USP49,25862.0,Amp5,5.58
X-4476,USP9Y,8287.0,Del0.8,0.3
X-4476,UTY,7404.0,Del0.8,0.3
X-4476,VARS,7407.0,Amp5,5.17
X-4476,VARS2,57176.0,Amp5,5.17
X-4476,VCY,9084.0,Del0.8,0.3
X-4476,VCY,9084.0,Del0.8,0.3
X-4476,VEGFA,7422.0,Amp5,5.43
X-4476,VN1R10P,387316.0,Amp5,5.58
X-4476,VPS13B,157680.0,MutNovel,"R3530Q,0.705"
X-4476,VPS13D,55187.0,MutNovel,"S3164F,0.500"
X-4476,VPS52,6293.0,Amp5,5.35
X-4476,VWA7,80737.0,Amp5,5.17
X-4476,WDR46,9277.0,Amp5,5.35
X-4476,WDR70,55100.0,Amp5,7.94
X-4476,WNT3,7473.0,MutNovel,"R110G,0.409"
X-4476,WRAP53,55135.0,Del0.8,0.41
X-4476,WRB,7485.0,Amp5,5.35
X-4476,XKRY2,353515.0,Del0.8,0.3
X-4476,XKRY2,353515.0,Del0.8,0.17
X-4476,XPO5,57510.0,Amp5,5.43
X-4476,YIPF3,25844.0,Amp5,5.43
X-4476,ZBTB12,221527.0,Amp5,5.17
X-4476,ZBTB22,9278.0,Amp5,5.35
X-4476,ZBTB9,221504.0,Amp5,5.58
X-4476,ZFAND3,60685.0,Amp5,5.58
X-4476,ZFP57,346171.0,Amp5,5.13
X-4476,ZFR,51663.0,Amp8,8.63
X-4476,ZMYND11,10771.0,Del0.8,0.29
X-4476,ZNF131,7690.0,Amp5,6.77
X-4476,ZNF142,7701.0,MutKnownFunctional,"R439*,0.359"
X-4476,ZNF184,7738.0,Amp5,5.58
X-4476,ZNF204P,7754.0,Amp5,5.58
X-4476,ZNF219,51222.0,MutNovel,"QPP233P,0.761"
X-4476,ZNF28,7576.0,MutNovel,"Q163E,0.294"
X-4476,ZNF28,7576.0,MutNovel,"E157V,0.390"
X-4476,ZNF311,282890.0,Amp5,5.13
X-4476,ZNF318,24149.0,Amp5,5.43
X-4476,ZNF322,79692.0,Amp5,5.58
X-4476,ZNF384,171017.0,MutNovel,"QQ514Q,0.418"
X-4476,ZNF391,346157.0,Amp5,5.58
X-4476,ZNF443,10224.0,MutNovel,"P336S,0.875"
X-4476,ZNF497,162968.0,MutNovel,"P101A,0.455"
X-4476,ZNF622,90441.0,Amp5,7.16
X-4476,ZNF730,,MutNovel,"T412I,0.375"
X-4476,ZNF76,7629.0,Amp5,5.58
X-4476,ZNF772,400720.0,MutNovel,"A4GP,0.533"
X-4476,ZNRD1,30834.0,Amp5,5.17
X-4476,ZNRD1-AS1,80862.0,Amp5,5.17
X-4537,ACOT2,10965.0,MutNovel,"V196E,0.451"
X-4537,ADAMTS12,81792.0,MutNovel,"R589H,0.600"
X-4537,AGAP7,653268.0,MutNovel,"H114R,1.000"
X-4537,ANHX,,MutNovel,"A346V,1.000"
X-4537,ANKRD24,170961.0,MutNovel,"E807Q,0.750"
X-4537,ANKRD36,375248.0,MutNovel,"T998S,0.667"
X-4537,ANKS3,124401.0,MutNovel,"SS334S,0.250"
X-4537,AP3B1,8546.0,MutNovel,"KK803K,0.238"
X-4537,AQP7,364.0,MutNovel,"A176E,1.000"
X-4537,ARMCX4,100131755.0,MutNovel,"A1789S,1.000"
X-4537,ART5,116969.0,MutNovel,"-25P,0.933"
X-4537,ATXN1L,342371.0,MutNovel,"P189Q,0.571"
X-4537,BECN1,8678.0,MutNovel,"T259M,1.000"
X-4537,BNC2,54796.0,MutNovel,"D690E,0.341"
X-4537,BPY2B,442867.0,Del0.8,0.72
X-4537,C1QTNF4,114900.0,MutNovel,"Q141H,0.444"
X-4537,C21orf58,54058.0,MutNovel,"H299PN,0.412"
X-4537,CACNA1A,773.0,MutNovel,"Q2331-,0.500"
X-4537,CASC5,57082.0,MutNovel,"N491H,0.625"
X-4537,CATSPER2,117155.0,Del0.8,0.33
X-4537,CCDC88A,55704.0,MutNovel,"R753C,0.508"
X-4537,CCDC88A,55704.0,MutNovel,"V105A,0.458"
X-4537,CCL14,6358.0,Del0.8,0.41
X-4537,CCL14-CCL15,348249.0,Del0.8,0.31
X-4537,CCL15,6359.0,Del0.8,0.23
X-4537,CCL16,6360.0,Del0.8,0.2
X-4537,CCL18,6362.0,Del0.8,0.23
X-4537,CCL23,6368.0,Del0.8,0.23
X-4537,CCL3,6348.0,Del0.8,0.23
X-4537,CCL3L1,6349.0,Del0.8,0.39
X-4537,CCL3L3,414062.0,Del0.8,0.39
X-4537,CCL4,6351.0,Del0.8,0.23
X-4537,CCL4L1,9560.0,Del0.8,0.39
X-4537,CDC42EP1,11135.0,MutNovel,"PAPAANPS253P,0.692"
X-4537,CELSR3,1951.0,MutNovel,"S1738L,0.800"
X-4537,CENPF,1063.0,MutNovel,"E2535D,0.456"
X-4537,CKMT1B,1159.0,Del0.8,0.72
X-4537,CLSTN3,9746.0,MutNovel,"T691I,0.523"
X-4537,COPS3,8533.0,MutNovel,"E274V,0.405"
X-4537,CTSA,5476.0,MutNovel,"L29-,0.920"
X-4537,DAGLB,221955.0,MutNovel,"Q410E,0.514"
X-4537,DCPS,28960.0,MutNovel,"S72SGD,0.232"
X-4537,DDX52,11056.0,Amp5,5.7
X-4537,DENND5B,160518.0,MutNovel,"E536G,0.550"
X-4537,DIRC2,84925.0,MutNovel,"V238I,0.469"
X-4537,DLG2,1740.0,Del0.8,0.65
X-4537,DMD,1756.0,Del0.8,0.22
X-4537,EGFR,1956.0,MutNovel,"V674I,0.524"
X-4537,EML2,24139.0,MutNovel,"T116S,0.400"
X-4537,FAM115A,9747.0,MutNovel,"V635L,0.441"
X-4537,FAP,2191.0,MutNovel,"S363L,0.429"
X-4537,FRRS1L,,MutNovel,"R51A,1.000"
X-4537,FUT8,2530.0,MutNovel,"D166G,0.677"
X-4537,GDPD5,81544.0,MutNovel,"A310V,0.222"
X-4537,GIGYF2,26058.0,MutNovel,"PQ1231P,0.590"
X-4537,GPR137C,283554.0,MutNovel,"S27G,0.750"
X-4537,GPR161,23432.0,MutKnownFunctional,"-18?,0.538"
X-4537,GTDC2,,MutNovel,"M143I,0.415"
X-4537,HHIPL1,84439.0,MutNovel,"G567R,0.474"
X-4537,HNF1B,6928.0,Amp5,5.7
X-4537,HNRNPA1L2,144983.0,MutKnownFunctional,"-277,0.304"
X-4537,HOXD8,3234.0,MutNovel,"A70AHP,0.342"
X-4537,KAT8,84148.0,MutNovel,"Y241C,0.451"
X-4537,KRT20,54474.0,Del0.8,0.19
X-4537,KRT23,25984.0,Del0.8,0.44
X-4537,KRT26,353288.0,Del0.8,0.13
X-4537,KRT27,342574.0,Del0.8,0.33
X-4537,KRT39,390792.0,Del0.8,0.2
X-4537,KRT40,125115.0,Del0.8,0.34
X-4537,KRTAP1-1,81851.0,Del0.8,0.15
X-4537,KRTAP1-3,81850.0,Del0.8,0.15
X-4537,KRTAP1-5,83895.0,Del0.8,0.15
X-4537,KRTAP2-1,81872.0,Del0.8,0.15
X-4537,KRTAP2-2,728279.0,Del0.8,0.15
X-4537,KRTAP3-1,83896.0,Del0.8,0.37
X-4537,KRTAP3-2,83897.0,Del0.8,0.16
X-4537,KRTAP3-3,85293.0,Del0.8,0.16
X-4537,KRTAP4-11,653240.0,Del0.8,0.19
X-4537,KRTAP4-12,83755.0,Del0.8,0.19
X-4537,KRTAP4-8,728224.0,Del0.8,0.19
X-4537,KRTAP4-9,100132386.0,Del0.8,0.19
X-4537,LAPTM4A,9741.0,MutNovel,"P196L,0.507"
X-4537,LATS1,9113.0,MutNovel,"G997F,0.609"
X-4537,LATS2,26524.0,MutNovel,"P916S,0.367"
X-4537,LMAN1,3998.0,MutNovel,"E299A,0.510"
X-4537,LMNB2,84823.0,MutNovel,"A19T,0.708"
X-4537,LOC100287387,,MutNovel,"E173K,0.429"
X-4537,LOC100652741,,MutNovel,"T331S,0.625"
X-4537,LOC100996439,,MutNovel,"E400Q,1.000"
X-4537,LOC100996439,,MutNovel,"R403W,1.000"
X-4537,LOC391766,,MutNovel,"R82S,1.000"
X-4537,LOC391767,,MutNovel,"N191S,0.571"
X-4537,LOC728888,,MutNovel,"A1077V,0.500"
X-4537,LOC729974,,MutNovel,"A137T,1.000"
X-4537,LPAR2,9170.0,MutNovel,"A191V,0.312"
X-4537,LSAMP-AS3,285194.0,Del0.8,0.17
X-4537,LSMD1,84316.0,MutKnownFunctional,"G79*,0.465"
X-4537,LSR,51599.0,MutNovel,"G518GR,0.857"
X-4537,LYZL6,57151.0,Del0.8,0.29
X-4537,MAN2A2,4122.0,MutNovel,"P707S,0.438"
X-4537,MAPK15,225689.0,MutNovel,"Q462R,0.708"
X-4537,MAPK6,5597.0,MutNovel,"E643G,0.426"
X-4537,MAST3,23031.0,MutNovel,"Q251L,0.429"
X-4537,MEOX2,4223.0,MutNovel,"HH76H,0.227"
X-4537,MMP17,4326.0,MutNovel,"P24L,0.312"
X-4537,MMP2,4313.0,MutNovel,"G218S,0.477"
X-4537,MPRIP,23164.0,MutNovel,"TS178T,0.214"
X-4537,MYADM,91663.0,MutNovel,"V85L,0.432"
X-4537,MYBBP1A,10514.0,MutNovel,"R1169Q,0.492"
X-4537,MYH9,4627.0,MutNovel,"Q804L,0.509"
X-4537,NCOR2,9612.0,MutNovel,"G1839GAAA,0.707"
X-4537,NOTCH1,4851.0,MutNovel,"R1082L,1.000"
X-4537,NR1H2,7376.0,MutNovel,"-173Q,0.404"
X-4537,NRAS,4893.0,MutKnownFunctional,"Q61K,0.496"
X-4537,NUBP2,10101.0,MutNovel,"E6K,0.212"
X-4537,NUDT11,55190.0,MutKnownFunctional,"-1,0.533"
X-4537,ORAI1,84876.0,MutNovel,"PP43-,0.647"
X-4537,OSBP,5007.0,MutNovel,"G81S,0.714"
X-4537,PCDHB10,56126.0,MutNovel,"G532S,0.360"
X-4537,PCDHB11,56125.0,MutNovel,"L496P,0.750"
X-4537,PCDHB2,56133.0,MutNovel,"G534S,0.500"
X-4537,PDE4DIP,9659.0,MutNovel,"T2297A,0.292"
X-4537,PDPR,55066.0,MutNovel,"H605Q,0.400"
X-4537,PEAK1,79834.0,MutNovel,"K1244E,0.500"
X-4537,PER1,5187.0,MutNovel,"P963L,0.629"
X-4537,PHLDA1,22822.0,MutNovel,"QQ194Q,0.466"
X-4537,PIAS2,9063.0,MutKnownFunctional,"-557,0.571"
X-4537,PNPLA7,375775.0,MutNovel,"P1245Q,0.286"
X-4537,PPHLN1,51535.0,MutNovel,"P380L,0.611"
X-4537,PSAT1,29968.0,MutNovel,"V290I,0.548"
X-4537,PVR,5817.0,MutNovel,"P333S,0.296"
X-4537,RAB12,201475.0,MutNovel,"N219S,0.488"
X-4537,RAP1GAP,5909.0,MutNovel,"Y609C,0.833"
X-4537,RDM1,201299.0,Del0.8,0.29
X-4537,REXO1,57455.0,MutNovel,"S17F,0.390"
X-4537,RFPL4A,342931.0,MutNovel,"A137T,0.667"
X-4537,RICTOR,253260.0,MutNovel,"E834Q,0.571"
X-4537,RIN3,79890.0,MutNovel,"G967-,0.600"
X-4537,SCAPER,49855.0,Del0.8,0.54
X-4537,SERINC2,347735.0,MutNovel,"-373Q,0.500"
X-4537,SHPK,23729.0,MutNovel,"R82W,0.426"
X-4537,SIN3B,23309.0,MutNovel,"R717W,0.370"
X-4537,SLC9A1,6548.0,MutNovel,"T603-,0.341"
X-4537,SMARCE1,6605.0,MutNovel,"K112R,1.000"
X-4537,SPACA3,124912.0,Del0.8,0.37
X-4537,STARD9,57519.0,MutNovel,"D2656E,0.611"
X-4537,STRA13,201254.0,MutNovel,"V36A,0.447"
X-4537,STRC,161497.0,Del0.8,0.72
X-4537,TBC1D2B,23102.0,MutNovel,"S669F,0.538"
X-4537,TBC1D3B,414059.0,Del0.8,0.14
X-4537,TET1,80312.0,MutKnownFunctional,"-1056?,0.500"
X-4537,THOP1,7064.0,MutNovel,"E322K,0.538"
X-4537,TLN2,83660.0,MutNovel,"S2316Y,0.526"
X-4537,TMCC3,57458.0,MutKnownFunctional,"-75?,0.250"
X-4537,TMEM98,26022.0,Del0.8,0.18
X-4537,TNK2,10188.0,MutNovel,"R820W,0.405"
X-4537,TRIM43B,653192.0,MutNovel,"L168W,0.333"
X-4537,TRIM49B,,MutNovel,"H221D,0.500"
X-4537,TSPYL1,7259.0,MutNovel,"V176VW,0.527"
X-4537,TTTY4,114761.0,Del0.8,0.72
X-4537,UBXN8,7993.0,MutNovel,"AL46A,0.429"
X-4537,USP36,57602.0,MutNovel,"KKK958K,0.810"
X-4537,UTY,7404.0,MutKnownFunctional,"R1015*,0.667"
X-4537,UTY,7404.0,MutNovel,"G1012W,0.667"
X-4537,UTY,7404.0,MutNovel,"P1010T,0.667"
X-4537,UTY,7404.0,MutNovel,"LQ1006RK,0.667"
X-4537,UTY,7404.0,MutNovel,"T1012Q,0.429"
X-4537,UTY,7404.0,MutNovel,"P1010L,0.429"
X-4537,UTY,7404.0,MutNovel,"K1008P,0.429"
X-4537,UTY,7404.0,MutNovel,"NP1006TI,0.500"
X-4537,UTY,7404.0,MutNovel,"N536K,0.700"
X-4537,UTY,7404.0,MutNovel,"N536R,0.700"
X-4537,UTY,7404.0,MutNovel,"L535R,0.556"
X-4537,UTY,7404.0,MutNovel,"C362N,0.385"
X-4537,UTY,7404.0,MutNovel,"W352R,0.273"
X-4537,UTY,7404.0,MutNovel,"A351E,0.364"
X-4537,UTY,7404.0,MutKnownFunctional,"AA349A*,0.333"
X-4537,UTY,7404.0,MutNovel,"HA348PT,0.300"
X-4537,UTY,7404.0,MutKnownFunctional,"CA340*Q,0.444"
X-4537,UTY,7404.0,MutNovel,"Y338F,0.286"
X-4537,UTY,7404.0,MutKnownFunctional,"A337*,0.286"
X-4537,UTY,7404.0,MutNovel,"L335S,0.333"
X-4537,UTY,7404.0,MutNovel,"M332I,0.500"
X-4537,UTY,7404.0,MutNovel,"EA312VI,0.400"
X-4537,UTY,7404.0,MutNovel,"SE311KK,0.500"
X-4537,UTY,7404.0,MutNovel,"K310W,0.500"
X-4537,UTY,7404.0,MutNovel,"D309C,0.500"
X-4537,UTY,7404.0,MutNovel,"E275P,0.500"
X-4537,UTY,7404.0,MutKnownFunctional,"SL273*R,0.429"
X-4537,UTY,7404.0,MutNovel,"S273P,0.600"
X-4537,UTY,7404.0,MutNovel,"Q271P,0.667"
X-4537,UTY,7404.0,MutNovel,"Q271A,0.667"
X-4537,UTY,7404.0,MutNovel,"KE262IS,0.714"
X-4537,UTY,7404.0,MutNovel,"T261S,0.600"
X-4537,UTY,7404.0,MutNovel,"AT260NS,0.600"
X-4537,UTY,7404.0,MutKnownFunctional,"K259*,0.500"
X-4537,UTY,7404.0,MutNovel,"G257Q,0.667"
X-4537,UTY,7404.0,MutNovel,"HN251QS,0.667"
X-4537,UTY,7404.0,MutNovel,"H251F,0.400"
X-4537,UTY,7404.0,MutNovel,"H251Y,0.600"
X-4537,UTY,7404.0,MutNovel,"W248T,0.667"
X-4537,UTY,7404.0,MutNovel,"LG246CS,1.000"
X-4537,UTY,7404.0,MutNovel,"Q245C,1.000"
X-4537,UTY,7404.0,MutNovel,"Q244I,0.500"
X-4537,UTY,7404.0,MutNovel,"V242A,0.400"
X-4537,UTY,7404.0,MutNovel,"V242T,0.600"
X-4537,UTY,7404.0,MutNovel,"AT240QS,0.400"
X-4537,UTY,7404.0,MutNovel,"K239F,0.500"
X-4537,UTY,7404.0,MutNovel,"Q237K,0.400"
X-4537,UTY,7404.0,MutNovel,"A236L,0.600"
X-4537,UTY,7404.0,MutNovel,"NL233KS,0.500"
X-4537,UTY,7404.0,MutNovel,"E232L,0.500"
X-4537,UTY,7404.0,MutNovel,"QT230PE,0.600"
X-4537,UTY,7404.0,MutNovel,"LQ229NK,0.500"
X-4537,UTY,7404.0,MutNovel,"L228R,0.400"
X-4537,UTY,7404.0,MutNovel,"EQ226FK,0.600"
X-4537,UTY,7404.0,MutNovel,"Y225M,0.600"
X-4537,UTY,7404.0,MutNovel,"A224L,0.400"
X-4537,UTY,7404.0,MutNovel,"K222T,0.500"
X-4537,UTY,7404.0,MutNovel,"Y155R,0.333"
X-4537,UTY,7404.0,MutNovel,"Q151H,0.429"
X-4537,UTY,7404.0,MutNovel,"V136I,0.500"
X-4537,UTY,7404.0,MutNovel,"F129V,0.400"
X-4537,UTY,7404.0,MutNovel,"A127T,0.500"
X-4537,UTY,7404.0,MutNovel,"F92P,0.364"
X-4537,UTY,7404.0,MutNovel,"F92L,0.500"
X-4537,UTY,7404.0,MutNovel,"DF91EL,0.500"
X-4537,UTY,7404.0,MutNovel,"ES89DG,0.333"
X-4537,UTY,7404.0,MutNovel,"E89Q,0.333"
X-4537,UTY,7404.0,MutNovel,"K87W,0.333"
X-4537,UTY,7404.0,MutNovel,"G86P,0.333"
X-4537,UTY,7404.0,MutNovel,"A84G,0.308"
X-4537,UTY,7404.0,MutNovel,"IL81RG,0.333"
X-4537,UTY,7404.0,MutNovel,"LI80SL,0.375"
X-4537,UTY,7404.0,MutNovel,"F54C,0.455"
X-4537,WDR36,134430.0,MutNovel,"R95W,0.528"
X-4537,WNK1,65125.0,Del0.8,0.75
X-4537,WTIP,126374.0,MutNovel,"E70K,0.444"
X-4537,ZFHX3,463.0,MutNovel,"Q936H,0.385"
X-4537,ZNF234,10780.0,MutNovel,"Y400C,0.640"
X-4537,ZNF329,79673.0,MutNovel,"G45A,0.438"
X-4537,ZNF469,84627.0,MutNovel,"R3414T,0.400"
X-4537,ZNF705G,100131980.0,Amp5,6.19
X-4537,ZNF772,400720.0,MutNovel,"A4GP,0.714"
X-4537,ZRANB1,54764.0,MutKnownFunctional,"-709?,0.392"
X-4537,ZSCAN18,65982.0,MutNovel,"Q384H,0.400"
X-4597,ABI1,10006.0,Del0.8,0.67
X-4597,ACAN,176.0,MutNovel,"T1403A,0.351"
X-4597,ACAN,176.0,MutNovel,"E1408D,0.291"
X-4597,ACBD5,91452.0,Del0.8,0.67
X-4597,ACBD7,414149.0,Del0.8,0.66
X-4597,ACP5,54.0,Amp5,5.17
X-4597,ACTL9,284382.0,Amp5,7.52
X-4597,ADAM6,8755.0,Amp5,5.58
X-4597,ADAMTS10,81794.0,Amp5,7.52
X-4597,ADARB2,105.0,Del0.8,0.64
X-4597,ADARB2-AS1,642394.0,Del0.8,0.64
X-4597,ADPRHL2,54936.0,MutNovel,"H102R,0.442"
X-4597,AKR1C1,1645.0,Del0.8,0.67
X-4597,AKR1C2,1646.0,Del0.8,0.67
X-4597,AKR1C3,8644.0,Del0.8,0.67
X-4597,AKR1C4,1109.0,Del0.8,0.67
X-4597,AKR1CL1,340811.0,Del0.8,0.67
X-4597,AKR1E2,83592.0,Del0.8,0.67
X-4597,AMELY,266.0,Del0.8,0.25
X-4597,ANGPTL4,51129.0,Amp5,7.52
X-4597,ANGPTL6,83854.0,Amp5,5.17
X-4597,ANKIB1,54467.0,MutNovel,"D872N,0.362"
X-4597,ANKRD16,54522.0,Del0.8,0.53
X-4597,ANKRD26,22852.0,Del0.8,0.67
X-4597,ANKRD30A,91074.0,Del0.8,0.68
X-4597,ANKRD36,375248.0,MutNovel,"T998S,0.286"
X-4597,AP1M2,10053.0,Amp5,5.17
X-4597,AP4E1,23431.0,MutNovel,"N402I,0.600"
X-4597,APBB1IP,54518.0,Del0.8,0.67
X-4597,ARHGAP12,94134.0,Del0.8,0.68
X-4597,ARHGAP21,57584.0,MutNovel,"I1372V,1.000"
X-4597,ARHGAP21,57584.0,Del0.8,0.66
X-4597,ARHGEF18,23370.0,Amp5,7.06
X-4597,ARL5B,221079.0,Del0.8,0.7
X-4597,ARMC3,219681.0,Del0.8,0.67
X-4597,ARMC4,55130.0,Del0.8,0.67
X-4597,ART5,116969.0,MutNovel,"-25P,1.000"
X-4597,ARV1,64801.0,MutKnownFunctional,"-170?,0.350"
X-4597,ASB13,79754.0,Del0.8,0.67
X-4597,ASF1B,55723.0,Amp5,5.03
X-4597,ASNA1,439.0,Amp5,5.03
X-4597,ASNS,440.0,MutNovel,"V489I,0.321"
X-4597,ASPN,54829.0,MutNovel,"DE51E,0.492"
X-4597,ATG2A,23130.0,MutNovel,"E1210Q,0.636"
X-4597,ATG4D,84971.0,Amp5,5.17
X-4597,ATL2,64225.0,MutNovel,"S308G,0.667"
X-4597,ATP5C1,509.0,Del0.8,0.66
X-4597,BAMBI,25805.0,Del0.8,0.67
X-4597,BCORP1,286554.0,Del0.8,0.28
X-4597,BEND7,222389.0,Del0.8,0.66
X-4597,BEST2,54831.0,Amp5,5.03
X-4597,BMI1,648.0,Del0.8,0.67
X-4597,BMP6,654.0,MutNovel,"R28Q,0.667"
X-4597,BNIP3L,665.0,MutNovel,"H111Y,0.502"
X-4597,BPY2B,442867.0,Del0.8,0.17
X-4597,BPY2B,442867.0,Del0.8,0.17
X-4597,C10orf108,414235.0,Del0.8,0.64
X-4597,C10orf111,221060.0,Del0.8,0.66
X-4597,C10orf113,387638.0,Del0.8,0.71
X-4597,C10orf114,399726.0,MutNovel,"P26L,1.000"
X-4597,C10orf114,399726.0,Del0.8,0.71
X-4597,C10orf47,254427.0,Del0.8,0.66
X-4597,C10orf67,256815.0,Del0.8,0.67
X-4597,C10orf68,79741.0,Del0.8,0.78
X-4597,C11orf95,65998.0,MutNovel,"PPPPP565P,0.500"
X-4597,C19orf38,255809.0,Amp5,5.17
X-4597,C19orf43,79002.0,Amp5,5.03
X-4597,C19orf45,374877.0,Amp5,7.06
X-4597,C19orf52,90580.0,Amp5,5.17
X-4597,C19orf53,28974.0,Amp5,5.03
X-4597,C19orf57,79173.0,Amp5,5.03
X-4597,C19orf59,199675.0,Amp5,7.06
X-4597,C19orf66,55337.0,Amp5,5.17
X-4597,C19orf80,55908.0,Amp5,5.17
X-4597,C1QL3,389941.0,Del0.8,0.69
X-4597,C1QTNF4,114900.0,MutNovel,"Q141H,0.615"
X-4597,C3,718.0,Amp5,5.24
X-4597,C3P1,388503.0,Amp5,5.17
X-4597,C8orf42,157695.0,MutNovel,"T126I,0.600"
X-4597,C8orf44-SGK3,100533105.0,MutNovel,"Q118L,0.667"
X-4597,CACNA1A,773.0,Amp5,5.03
X-4597,CACNB2,783.0,Del0.8,0.7
X-4597,CALML3,810.0,Del0.8,0.67
X-4597,CALML5,51806.0,Del0.8,0.67
X-4597,CALR,811.0,Amp5,5.03
X-4597,CAMK1D,57118.0,Del0.8,0.66
X-4597,CAMSAP3,57662.0,Amp5,7.06
X-4597,CARM1,10498.0,Amp5,5.17
X-4597,CASP14,23581.0,Amp5,5.03
X-4597,CC2D1A,54862.0,Amp5,5.03
X-4597,CCDC105,126402.0,Amp5,5.03
X-4597,CCDC130,81576.0,Amp5,5.03
X-4597,CCDC151,115948.0,Amp5,5.17
X-4597,CCDC159,126075.0,Amp5,5.17
X-4597,CCDC3,83643.0,Del0.8,0.66
X-4597,CCDC7,221016.0,Del0.8,0.68
X-4597,CCL25,6370.0,Amp5,7.06
X-4597,CCNY,219771.0,Del0.8,0.62
X-4597,CD209,30835.0,Amp5,7.06
X-4597,CD320,51293.0,Amp5,7.52
X-4597,CD8B,926.0,MutNovel,"A71T,0.500"
X-4597,CD97,976.0,Amp5,5.03
X-4597,CDC123,8872.0,Del0.8,0.66
X-4597,CDC37,11140.0,Amp5,5.17
X-4597,CDKN2D,1032.0,Amp5,5.17
X-4597,CDNF,441549.0,Del0.8,0.66
X-4597,CDY1B,253175.0,Del0.8,0.17
X-4597,CDY1B,253175.0,Del0.8,0.17
X-4597,CDY2A,9426.0,Del0.8,0.16
X-4597,CDY2A,9426.0,Del0.8,0.16
X-4597,CDY2B,203611.0,Del0.8,0.16
X-4597,CDY2B,203611.0,Del0.8,0.16
X-4597,CEBPZ,10153.0,MutNovel,"G39V,0.395"
X-4597,CELF2,10659.0,Del0.8,0.66
X-4597,CERS4,79603.0,Amp5,7.06
X-4597,CHD3,1107.0,MutNovel,"P298L,1.000"
X-4597,CHST15,51363.0,MutNovel,"M491T,0.714"
X-4597,CLCNKA,1187.0,MutNovel,"E578K,1.000"
X-4597,CLEC17A,388512.0,Amp5,5.03
X-4597,CLEC18B,497190.0,MutNovel,"T24A,1.000"
X-4597,CLEC4G,339390.0,Amp5,7.06
X-4597,CLEC4GP1,440508.0,Amp5,7.06
X-4597,CLEC4M,10332.0,Amp5,7.06
X-4597,CNN1,1264.0,Amp5,5.17
X-4597,COL5A3,50509.0,Amp5,5.17
X-4597,COMMD3,23412.0,Del0.8,0.67
X-4597,COMMD3-BMI1,100532731.0,Del0.8,0.67
X-4597,COPZ2,51226.0,MutKnownFunctional,"-6?,1.000"
X-4597,CPAMD8,27151.0,MutNovel,"P1769T,0.667"
X-4597,CREM,1390.0,Del0.8,0.63
X-4597,CSAG3,389903.0,MutNovel,"P84S,0.750"
X-4597,CSAG3,389903.0,MutNovel,"L78F,0.900"
X-4597,CSPG4P1Y,114758.0,Del0.8,0.17
X-4597,CSPG4P1Y,114758.0,Del0.8,0.17
X-4597,CTDSPL,10217.0,Del0.8,0.58
X-4597,CTSA,5476.0,MutNovel,"L29-,1.000"
X-4597,CTXN1,404217.0,Amp5,7.06
X-4597,CUL2,8453.0,Del0.8,0.63
X-4597,DAND5,199699.0,Amp5,5.03
X-4597,DAOA,267012.0,Amp5,5.13
X-4597,DAOA-AS1,282706.0,Amp5,5.13
X-4597,DAZ1,1617.0,Del0.8,0.17
X-4597,DAZ2,57055.0,Del0.8,0.17
X-4597,DAZ3,57054.0,Del0.8,0.17
X-4597,DAZ3,57054.0,Del0.8,0.17
X-4597,DAZ4,57135.0,Del0.8,0.17
X-4597,DAZ4,57135.0,Del0.8,0.17
X-4597,DCAF10,79269.0,MutNovel,"G125E,0.524"
X-4597,DCAF15,90379.0,Amp5,5.03
X-4597,DCLRE1C,64421.0,Del0.8,0.66
X-4597,DDX39A,10212.0,Amp5,5.03
X-4597,DDX3Y,8653.0,Del0.8,0.29
X-4597,DHPS,1725.0,Amp5,5.03
X-4597,DHTKD1,55526.0,Del0.8,0.66
X-4597,DHX16,8449.0,MutNovel,"P8S,0.524"
X-4597,DIAPH1,1729.0,MutNovel,"E123V,0.341"
X-4597,DIP2C,22982.0,Del0.8,0.64
X-4597,DNAJB1,3337.0,Amp5,5.03
X-4597,DNAJC1,64215.0,Del0.8,0.71
X-4597,DNASE2,1777.0,Amp5,5.03
X-4597,DNM2,1785.0,Amp5,5.17
X-4597,DNMT1,1786.0,Amp5,5.17
X-4597,DOCK6,57572.0,Amp5,5.17
X-4597,DOCK9,23348.0,Amp5,5.17
X-4597,DYNC2H1,79659.0,MutNovel,"T3401-,0.500"
X-4597,EBLN1,340900.0,Del0.8,0.67
X-4597,ECHDC3,79746.0,Del0.8,0.66
X-4597,ECSIT,51295.0,Amp5,5.17
X-4597,EEF1D,1936.0,MutNovel,"G438S,0.454"
X-4597,EEF2K,29904.0,MutNovel,"L343R,0.533"
X-4597,EFCAB11,90141.0,MutNovel,"W23Y,0.278"
X-4597,EIF1AY,9086.0,Del0.8,0.28
X-4597,EIF3G,8666.0,Amp5,5.17
X-4597,ELAVL1,1994.0,Amp5,7.06
X-4597,ELAVL3,1995.0,Amp5,5.17
X-4597,ELOF1,84337.0,Amp5,5.17
X-4597,EMR1,2015.0,Amp5,7.52
X-4597,EMR2,30817.0,Amp5,5.03
X-4597,EMR3,84658.0,Amp5,5.03
X-4597,EMR4P,326342.0,Amp5,7.52
X-4597,ENKUR,219670.0,Del0.8,0.66
X-4597,EPC1,80314.0,Del0.8,0.68
X-4597,EPOR,2057.0,Amp5,5.17
X-4597,EVI5L,115704.0,Amp5,7.06
X-4597,FAM107B,83641.0,Del0.8,0.66
X-4597,FAM153A,285596.0,Del0.8,0.74
X-4597,FAM171A1,221061.0,Del0.8,0.66
X-4597,FAM171B,165215.0,MutNovel,"-44Q,1.000"
X-4597,FAM176B,55194.0,MutNovel,"E83K,0.456"
X-4597,FAM188A,80013.0,Del0.8,0.66
X-4597,FAM18B2-CDRT4,100533496.0,MutNovel,"T150R,0.238"
X-4597,FAM18B2-CDRT4,100533496.0,MutNovel,"S135P,0.296"
X-4597,FAM18B2-CDRT4,100533496.0,MutNovel,"E55G,0.310"
X-4597,FAM18B2-CDRT4,100533496.0,MutNovel,"C51Y,0.265"
X-4597,FAM197Y2P,252946.0,Del0.8,0.25
X-4597,FAM208B,54906.0,Del0.8,0.67
X-4597,FAM214A,56204.0,MutNovel,"E755A,0.549"
X-4597,FAM41AY1,340618.0,Del0.8,0.16
X-4597,FAM41AY1,340618.0,Del0.8,0.16
X-4597,FARSA,2193.0,Amp5,5.03
X-4597,FBN3,84467.0,Amp5,7.06
X-4597,FBXL12,54850.0,Amp5,5.17
X-4597,FBXO18,84893.0,Del0.8,0.65
X-4597,FBXW9,84261.0,Amp5,5.03
X-4597,FCER2,2208.0,Amp5,7.06
X-4597,FDX1L,112812.0,Amp5,5.17
X-4597,FGFR3,2261.0,MutNovel,"A443T,0.543"
X-4597,FHIT,2272.0,Del0.8,0.47
X-4597,FKSG29,100131561.0,Amp5,5.17
X-4597,FLJ22184,80164.0,Amp5,7.06
X-4597,FLJ25758,497049.0,Amp5,7.52
X-4597,FLJ45983,399717.0,Del0.8,0.66
X-4597,FMNL1,752.0,MutNovel,"R935Q,0.409"
X-4597,FNDC1,84624.0,MutNovel,"ATTRRTT1471A,1.000"
X-4597,FOSL1,8061.0,MutNovel,"P170T,0.556"
X-4597,FRMD4A,55691.0,Del0.8,0.66
X-4597,FZD8,8325.0,Del0.8,0.68
X-4597,GAD2,2572.0,Del0.8,0.67
X-4597,GADD45GIP1,90480.0,Amp5,5.03
X-4597,GALNT12,79695.0,MutNovel,"E239Q,0.636"
X-4597,GATA3,2625.0,Del0.8,0.66
X-4597,GCDH,2639.0,Amp5,5.03
X-4597,GDI2,2665.0,Del0.8,0.67
X-4597,GIGYF2,26058.0,MutNovel,"PQ1231P,0.455"
X-4597,GIPC1,10755.0,Amp5,5.03
X-4597,GJD4,219770.0,Del0.8,0.68
X-4597,GOLGA2P2Y,84559.0,Del0.8,0.17
X-4597,GOLGA2P2Y,84559.0,Del0.8,0.17
X-4597,GOLGA6C,653641.0,MutNovel,"Q505E,1.000"
X-4597,GOLGA6D,653643.0,MutNovel,"P517S,1.000"
X-4597,GOLGA8DP,100132979.0,Del0.8,0.77
X-4597,GPR108,56927.0,Amp5,5.24
X-4597,GPR137C,283554.0,MutNovel,"S27G,1.000"
X-4597,GPR158,57512.0,Del0.8,0.78
X-4597,GPR18,2841.0,Amp5,5.17
X-4597,GPR183,1880.0,Amp5,5.17
X-4597,GSTT2,2953.0,Del0.8,0.57
X-4597,GTPBP2,54676.0,MutNovel,"N167S,0.590"
X-4597,GTPBP4,23560.0,Del0.8,0.64
X-4597,GYG2P1,352887.0,Del0.8,0.29
X-4597,HCFC2,29915.0,MutKnownFunctional,"-307?,0.263"
X-4597,HELLS,3070.0,MutNovel,"A16P,0.412"
X-4597,HGC6.3,100128124.0,MutNovel,"V104A,0.714"
X-4597,HJURP,55355.0,MutNovel,"L355S,0.477"
X-4597,HKR1,284459.0,Amp5,5.1
X-4597,HNRNPM,4670.0,Amp5,7.52
X-4597,HOOK2,29911.0,Amp5,5.03
X-4597,HSFY2,159119.0,Del0.8,0.16
X-4597,HSFY2,159119.0,Del0.8,0.16
X-4597,HSPA14,51182.0,Del0.8,0.66
X-4597,ICAM1,3383.0,Amp5,5.17
X-4597,ICAM3,3385.0,Amp5,5.17
X-4597,ICAM4,3386.0,Amp5,5.17
X-4597,ICAM5,7087.0,Amp5,5.17
X-4597,IDI1,3422.0,Del0.8,0.64
X-4597,IDI2,91734.0,Del0.8,0.64
X-4597,IDI2-AS1,55853.0,Del0.8,0.64
X-4597,IER2,9592.0,MutNovel,"A77V,0.204"
X-4597,IER2,9592.0,Amp5,5.03
X-4597,IL15RA,3601.0,Del0.8,0.65
X-4597,IL27RA,9466.0,Amp5,5.03
X-4597,IL2RA,3559.0,Del0.8,0.65
X-4597,ILF3,3609.0,Amp5,5.17
X-4597,INSR,3643.0,Amp5,7.52
X-4597,ITCH,83737.0,MutNovel,"S284N,0.558"
X-4597,ITGB1,3688.0,Del0.8,0.68
X-4597,ITIH2,3698.0,Del0.8,0.66
X-4597,ITIH5,80760.0,Del0.8,0.66
X-4597,ITPK1,3705.0,MutNovel,"G360S,0.571"
X-4597,ITSN2,50618.0,MutNovel,"R1659Q,0.667"
X-4597,JUNB,3726.0,Amp5,5.03
X-4597,KANK2,25959.0,Amp5,5.17
X-4597,KANK3,256949.0,Amp5,7.52
X-4597,KCNRG,283518.0,Del0.8,0.57
X-4597,KDM5D,8284.0,Del0.8,0.28
X-4597,KEAP1,9817.0,Amp5,5.17
X-4597,KIAA1462,57608.0,Del0.8,0.67
X-4597,KIAA1755,85449.0,MutNovel,"Y106C,0.300"
X-4597,KIF5B,3799.0,Del0.8,0.68
X-4597,KIN,22944.0,Del0.8,0.66
X-4597,KLF1,10661.0,Amp5,5.03
X-4597,KLF6,1316.0,Del0.8,0.67
X-4597,KRI1,65095.0,Amp5,5.17
X-4597,LARP4B,23185.0,Del0.8,0.64
X-4597,LCE3C,353144.0,Del0.8,0.23
X-4597,LDLR,3949.0,Amp5,5.17
X-4597,LINC00200,399706.0,Del0.8,0.64
X-4597,LINC00202,387644.0,Del0.8,0.67
X-4597,LINC00264,645528.0,Del0.8,0.67
X-4597,LOC100128098,100128098.0,Del0.8,0.7
X-4597,LOC100128573,100128573.0,Amp5,7.06
X-4597,LOC100129213,100129213.0,Del0.8,0.7
X-4597,LOC100130992,100130992.0,Del0.8,0.67
X-4597,LOC100192204,100192204.0,Del0.8,0.66
X-4597,LOC100216001,100216001.0,Del0.8,0.67
X-4597,LOC100287837,,MutNovel,"A122T,0.500"
X-4597,LOC100287837,,MutNovel,"E5ER,0.389"
X-4597,LOC100499489,100499489.0,Del0.8,0.67
X-4597,LOC100505583,100505583.0,Del0.8,0.67
X-4597,LOC100506533,,MutNovel,"A21T,0.429"
X-4597,LOC100507034,100507034.0,Del0.8,0.66
X-4597,LOC100507127,100507127.0,Del0.8,0.66
X-4597,LOC100507373,100507373.0,Amp5,5.03
X-4597,LOC100507433,100507433.0,Amp5,5.1
X-4597,LOC100507605,100507605.0,Del0.8,0.67
X-4597,LOC100631378,100631378.0,Amp5,5.1
X-4597,LOC100996433,,MutNovel,"G45A,0.455"
X-4597,LOC100996433,,MutNovel,"R94C,0.500"
X-4597,LOC100996433,,MutNovel,"R253C,1.000"
X-4597,LOC113230,113230.0,Amp5,5.03
X-4597,LOC147727,147727.0,Amp5,5.17
X-4597,LOC219731,219731.0,Del0.8,0.66
X-4597,LOC220906,220906.0,Del0.8,0.67
X-4597,LOC254312,254312.0,Del0.8,0.66
X-4597,LOC282980,282980.0,Del0.8,0.64
X-4597,LOC283070,283070.0,Del0.8,0.66
X-4597,LOC284385,284385.0,Amp5,5.17
X-4597,LOC284412,284412.0,Amp5,5.1
X-4597,LOC284454,284454.0,Amp5,5.03
X-4597,LOC338588,338588.0,Del0.8,0.67
X-4597,LOC387647,387647.0,Del0.8,0.67
X-4597,LOC388499,388499.0,Amp5,7.06
X-4597,LOC391766,,MutNovel,"R82S,0.938"
X-4597,LOC391766,,MutNovel,"R114W,1.000"
X-4597,LOC399708,399708.0,Del0.8,0.64
X-4597,LOC399715,399715.0,Del0.8,0.65
X-4597,LOC439949,439949.0,Del0.8,0.63
X-4597,LOC644189,644189.0,Amp5,5.1
X-4597,LOC644554,644554.0,Amp5,5.1
X-4597,LOC728047,,MutNovel,"S324A,1.000"
X-4597,LOC728752,728752.0,Amp5,5.1
X-4597,LOC729458,,MutNovel,"G124S,1.000"
X-4597,LOC729974,,MutNovel,"G259E,1.000"
X-4597,LOC731789,731789.0,Del0.8,0.67
X-4597,LPHN1,22859.0,Amp5,5.03
X-4597,LPPR2,64748.0,Amp5,5.17
X-4597,LRP5,4041.0,MutNovel,"PLLL11P,0.263"
X-4597,LRRC8E,80131.0,Amp5,7.06
X-4597,LSP1,4046.0,MutNovel,"G249S,0.249"
X-4597,LY6K,54742.0,MutNovel,"V118G,0.571"
X-4597,LY75,4065.0,MutNovel,"I1063V,0.706"
X-4597,LYL1,4066.0,Amp5,5.03
X-4597,LYZL1,84569.0,Del0.8,0.67
X-4597,LYZL2,119180.0,Del0.8,0.67
X-4597,MAGEA2B,,MutNovel,"M247T,0.500"
X-4597,MAGEA3,4102.0,MutNovel,"L309S,0.995"
X-4597,MAN2B1,4125.0,Amp5,5.03
X-4597,MAP2K7,5609.0,Amp5,7.06
X-4597,MAP3K8,1326.0,Del0.8,0.67
X-4597,2014-03-02 00:00:00,51257.0,Amp5,7.52
X-4597,MAST1,22983.0,Amp5,5.03
X-4597,MAST4,375449.0,MutNovel,"C655S,0.750"
X-4597,MASTL,84930.0,Del0.8,0.67
X-4597,MBD3L1,85509.0,Amp5,7.52
X-4597,MBD3L2,125997.0,Amp5,7.52
X-4597,MBD3L3,653657.0,Amp5,7.52
X-4597,MBD3L4,653656.0,Amp5,7.52
X-4597,MBD3L5,284428.0,MutNovel,"Q201R,1.000"
X-4597,MBD3L5,284428.0,Amp5,7.52
X-4597,MCM10,55388.0,Del0.8,0.66
X-4597,MCOLN1,57192.0,Amp5,7.06
X-4597,MED15,51586.0,MutNovel,"-251Q,0.867"
X-4597,MEIG1,644890.0,Del0.8,0.66
X-4597,MFSD12,126321.0,MutNovel,"W357R,1.000"
X-4597,MGA,23269.0,MutKnownFunctional,"G101*,0.500"
X-4597,MIR1181,100302213.0,Amp5,5.17
X-4597,MIR1238,100302226.0,Amp5,5.17
X-4597,MIR1265,100302116.0,Del0.8,0.66
X-4597,MIR181C,406957.0,Amp5,5.03
X-4597,MIR181D,574457.0,Amp5,5.03
X-4597,MIR1915,100302129.0,Del0.8,0.71
X-4597,MIR199A1,406976.0,Amp5,5.17
X-4597,MIR3155A,100422989.0,Del0.8,0.65
X-4597,MIR3155B,100628560.0,Del0.8,0.65
X-4597,MIR4322,100422925.0,Amp5,5.17
X-4597,MIR4480,100616151.0,Del0.8,0.66
X-4597,MIR4675,100616383.0,Del0.8,0.71
X-4597,MIR4748,100616425.0,Amp5,5.17
X-4597,MIR511-1,574445.0,Del0.8,0.7
X-4597,MIR548AN,100616144.0,Amp5,5.17
X-4597,MIR603,693188.0,Del0.8,0.67
X-4597,MIR604,693189.0,Del0.8,0.67
X-4597,MIR623,693208.0,Amp5,5.17
X-4597,MIR638,693223.0,Amp5,5.17
X-4597,MIR639,693224.0,Amp5,5.03
X-4597,MIR938,100126327.0,Del0.8,0.67
X-4597,MKX,283078.0,Del0.8,0.67
X-4597,MLLT10,8028.0,Del0.8,0.71
X-4597,MME,4311.0,MutNovel,"G721E,0.289"
X-4597,MPP7,143098.0,Del0.8,0.67
X-4597,MRC1,4360.0,Del0.8,0.7
X-4597,MRI1,84245.0,Amp5,5.03
X-4597,MRPL4,51073.0,Amp5,5.17
X-4597,MSH6,2956.0,MutLikelyFunctional,"K295R,0.333"
X-4597,MSRB2,22921.0,Del0.8,0.67
X-4597,MTPAP,55149.0,Del0.8,0.67
X-4597,MTRNR2L7,100288485.0,Del0.8,0.76
X-4597,MUC16,94025.0,Amp5,7.52
X-4597,MYO1F,4542.0,Amp5,7.52
X-4597,MYO3A,53904.0,Del0.8,0.67
X-4597,NACC1,112939.0,Amp5,5.03
X-4597,NANOS3,342977.0,Amp5,5.03
X-4597,NBPF1,55672.0,MutNovel,"E821Q,0.209"
X-4597,NBPF1,55672.0,MutNovel,"R36G,0.268"
X-4597,NCKAP1,10787.0,MutNovel,"I411V,0.543"
X-4597,NCOR2,9612.0,MutNovel,"G1839GAAA,0.978"
X-4597,NCOR2,9612.0,MutNovel,"-511S,0.968"
X-4597,NCRNA00185,55410.0,Del0.8,0.28
X-4597,NDUFA7,4701.0,Amp5,7.52
X-4597,NDUFB7,4713.0,Amp5,5.03
X-4597,NEBL,10529.0,Del0.8,0.71
X-4597,NET1,10276.0,Del0.8,0.67
X-4597,NFE2L3,9603.0,MutNovel,"-34L,0.833"
X-4597,NFIX,4784.0,Amp5,5.03
X-4597,NKTR,4820.0,MutNovel,"R1375W,0.444"
X-4597,NLGN4Y,22829.0,Del0.8,0.29
X-4597,NMT2,9397.0,Del0.8,0.66
X-4597,NPAS2,4862.0,MutNovel,"S632A,0.529"
X-4597,NPIP,9284.0,MutNovel,"S267P,0.500"
X-4597,NR1H2,7376.0,MutNovel,"-173Q,1.000"
X-4597,NRD1,4898.0,MutNovel,"T231S,0.429"
X-4597,NRG2,9542.0,MutNovel,"A795T,0.500"
X-4597,NRP1,8829.0,Del0.8,0.68
X-4597,NSUN6,221078.0,Del0.8,0.7
X-4597,NUDT11,55190.0,MutKnownFunctional,"-1,1.000"
X-4597,NUDT5,11164.0,Del0.8,0.66
X-4597,OBP2B,29989.0,MutNovel,"P168L,1.000"
X-4597,OBP2B,29989.0,MutNovel,"R149H,1.000"
X-4597,OLAH,55301.0,Del0.8,0.66
X-4597,OLFM2,93145.0,Amp5,5.17
X-4597,OPTN,10133.0,Del0.8,0.66
X-4597,OR1M1,125963.0,Amp5,7.52
X-4597,OR2Z1,284383.0,Amp5,7.52
X-4597,OR7A10,390892.0,Amp5,5.03
X-4597,OR7A17,26333.0,Amp5,5.03
X-4597,OR7A5,26659.0,Amp5,5.03
X-4597,OR7C1,26664.0,Amp5,5.03
X-4597,OR7C2,26658.0,Amp5,5.03
X-4597,OR7D2,162998.0,Amp5,5.17
X-4597,OR7D4,125958.0,Amp5,5.17
X-4597,OR7E24,26648.0,Amp5,5.17
X-4597,OR7G1,125962.0,Amp5,7.52
X-4597,OR7G2,390882.0,Amp5,7.52
X-4597,OR7G3,390883.0,Amp5,7.52
X-4597,ORAI1,84876.0,MutNovel,"PP43-,1.000"
X-4597,OTUD1,220213.0,Del0.8,0.67
X-4597,OTUD7B,56957.0,MutNovel,"KK552K,0.536"
X-4597,P2RY11,5032.0,Amp5,5.17
X-4597,PALM3,342979.0,Amp5,5.03
X-4597,PCDH11Y,83259.0,Del0.8,0.39
X-4597,PCDH9,5101.0,Amp5,5.13
X-4597,PCP2,126006.0,Amp5,7.06
X-4597,PDE4A,5141.0,Amp5,5.17
X-4597,PDSS1,23590.0,Del0.8,0.67
X-4597,PEX11G,92960.0,Amp5,7.06
X-4597,PFKFB3,5209.0,Del0.8,0.65
X-4597,PFKP,5214.0,Del0.8,0.66
X-4597,PHF2,5253.0,MutNovel,"S408L,0.410"
X-4597,PHLDA1,22822.0,MutNovel,"QQ194Q,1.000"
X-4597,PHYH,5264.0,Del0.8,0.66
X-4597,PIF1,80119.0,MutKnownFunctional,"E49*,0.778"
X-4597,PIN1,5300.0,Amp5,5.17
X-4597,PIP4K2A,5305.0,Del0.8,0.67
X-4597,PITRM1,10531.0,Del0.8,0.66
X-4597,PKDREJ,10343.0,MutNovel,"H81R,1.000"
X-4597,PKDREJ,10343.0,MutNovel,"V26A,1.000"
X-4597,PKN1,5585.0,Amp5,5.03
X-4597,PNPLA6,10908.0,Amp5,7.06
X-4597,PODNL1,79883.0,Amp5,5.03
X-4597,PPAN,56342.0,Amp5,5.17
X-4597,PPAN-P2RY11,692312.0,Amp5,5.17
X-4597,PPP2R3B,28227.0,MutNovel,"R709H,0.700"
X-4597,PRAM1,84106.0,Amp5,7.52
X-4597,PRAMEF1,65121.0,MutNovel,"R213H,0.750"
X-4597,PRAMEF1,65121.0,MutNovel,"A372G,1.000"
X-4597,PRDX2,7001.0,Amp5,5.03
X-4597,PRKACA,5566.0,Amp5,5.03
X-4597,PRKCQ,5588.0,Del0.8,0.63
X-4597,PRKCSH,5589.0,Amp5,5.17
X-4597,PRKD1,5587.0,MutNovel,"L7P,0.500"
X-4597,PRKY,5616.0,Del0.8,0.25
X-4597,PRPF18,8559.0,Del0.8,0.66
X-4597,PRTFDC1,56952.0,Del0.8,0.66
X-4597,PRY,9081.0,Del0.8,0.17
X-4597,PRY,9081.0,Del0.8,0.17
X-4597,PRY2,442862.0,Del0.8,0.17
X-4597,PRY2,442862.0,Del0.8,0.17
X-4597,PTCHD3,374308.0,Del0.8,0.67
X-4597,PTER,9317.0,Del0.8,0.69
X-4597,PTF1A,256297.0,Del0.8,0.67
X-4597,PTGER1,5731.0,Amp5,5.03
X-4597,PTPLA,9200.0,Del0.8,0.7
X-4597,PTPN4,5775.0,MutNovel,"P877S,0.500"
X-4597,QTRT1,81890.0,Amp5,5.17
X-4597,RAB11B,9230.0,Amp5,7.52
X-4597,RAB18,22931.0,Del0.8,0.67
X-4597,RAB32,10981.0,MutNovel,"N68T,0.415"
X-4597,RAB3D,9545.0,Amp5,5.17
X-4597,RAD23A,5886.0,Amp5,5.03
X-4597,RAVER1,125950.0,Amp5,5.17
X-4597,RB1,5925.0,Del0.8,0.71
X-4597,RBM15,64783.0,MutNovel,"M962T,0.487"
X-4597,RBM17,84991.0,Del0.8,0.65
X-4597,RBMY1A3P,286557.0,Del0.8,0.25
X-4597,RBMY1B,378948.0,Del0.8,0.17
X-4597,RBMY1B,378948.0,Del0.8,0.28
X-4597,RBMY1E,378950.0,Del0.8,0.17
X-4597,RBMY1E,378950.0,Del0.8,0.28
X-4597,RBMY1F,159163.0,Del0.8,0.17
X-4597,RBMY1F,159163.0,Del0.8,0.17
X-4597,RBMY1J,378951.0,Del0.8,0.17
X-4597,RBMY1J,378951.0,Del0.8,0.17
X-4597,RBMY2EP,159125.0,Del0.8,0.28
X-4597,RBMY2FP,159162.0,Del0.8,0.17
X-4597,RBMY3AP,64593.0,Del0.8,0.28
X-4597,RDH8,50700.0,Amp5,5.17
X-4597,RETN,56729.0,Amp5,7.06
X-4597,RFX1,5989.0,Amp5,5.03
X-4597,RGL3,57139.0,Amp5,5.17
X-4597,RIN3,79890.0,MutNovel,"G967-,1.000"
X-4597,RLN3,117579.0,Amp5,5.03
X-4597,RNASEH2A,10535.0,Amp5,5.03
X-4597,RPP38,10557.0,Del0.8,0.66
X-4597,RPS28,6234.0,Amp5,7.52
X-4597,RPS4Y1,6192.0,Del0.8,0.39
X-4597,RPS4Y2,140032.0,Del0.8,0.28
X-4597,RPS6,6194.0,Del0.8,0.71
X-4597,RPSAP58,388524.0,Del0.8,0.73
X-4597,RSU1,6251.0,Del0.8,0.69
X-4597,RTBDN,83546.0,Amp5,5.03
X-4597,RYK,6259.0,MutNovel,"R389K,0.409"
X-4597,S1PR2,9294.0,Amp5,5.17
X-4597,S1PR5,53637.0,Amp5,5.17
X-4597,SAMD1,90378.0,Amp5,5.03
X-4597,SEC61A2,55176.0,Del0.8,0.66
X-4597,SEPHS1,22929.0,Del0.8,0.66
X-4597,2014-09-07 00:00:00,989.0,MutNovel,"L199F,0.484"
X-4597,SERINC2,347735.0,MutNovel,"-373Q,1.000"
X-4597,SFMBT2,57713.0,Del0.8,0.66
X-4597,SFTA1P,207107.0,Del0.8,0.66
X-4597,SH2D3A,10045.0,Amp5,5.24
X-4597,SHC2,25759.0,MutNovel,"Q34R,0.500"
X-4597,SLC1A6,6511.0,Amp5,5.03
X-4597,SLC39A12,221074.0,Del0.8,0.7
X-4597,SLC44A2,57153.0,Amp5,5.17
X-4597,SMARCA4,6597.0,Amp5,5.17
X-4597,SNAPC2,6618.0,Amp5,7.06
X-4597,SNORD105,692229.0,Amp5,5.17
X-4597,SNORD105B,100113382.0,Amp5,5.17
X-4597,SNORD41,26810.0,Amp5,5.03
X-4597,SPAG6,9576.0,Del0.8,0.67
X-4597,SPC24,147841.0,Amp5,5.17
X-4597,SRY,6736.0,Del0.8,0.39
X-4597,ST8SIA6,338596.0,Del0.8,0.7
X-4597,STAM,8027.0,Del0.8,0.7
X-4597,STIL,6491.0,MutNovel,"E88A,0.500"
X-4597,STX10,8677.0,Amp5,5.03
X-4597,STXBP2,6813.0,Amp5,7.06
X-4597,SUPV3L1,6832.0,MutNovel,"G151S,0.417"
X-4597,SUV39H2,79723.0,Del0.8,0.66
X-4597,SVEP1,79987.0,MutNovel,"V2588M,0.314"
X-4597,SVIL,6840.0,Del0.8,0.67
X-4597,SWSAP1,126074.0,Amp5,5.17
X-4597,SYCE2,256126.0,Amp5,5.03
X-4597,TAF1,6872.0,MutNovel,"G70A,1.000"
X-4597,TAF3,83860.0,Del0.8,0.66
X-4597,TBL1Y,90665.0,Del0.8,0.25
X-4597,TBP,6908.0,MutNovel,"-64Q,1.000"
X-4597,TECR,9524.0,Amp5,5.03
X-4597,TGIF2LY,90655.0,Del0.8,0.39
X-4597,THNSL1,79896.0,Del0.8,0.66
X-4597,TIMM44,10469.0,Amp5,7.06
X-4597,TMED1,11018.0,Amp5,5.17
X-4597,TMED10,10972.0,MutNovel,"K140E,0.466"
X-4597,TMEM205,374882.0,Amp5,5.17
X-4597,TMEM236,653567.0,Del0.8,0.7
X-4597,TMSB4Y,9087.0,Del0.8,0.29
X-4597,TNFAIP6,7130.0,MutKnownFunctional,"-278,0.516"
X-4597,TNPO2,30000.0,Amp5,5.03
X-4597,TP53,7157.0,MutLikelyFunctional,"M133R,1.000"
X-4597,TRAPPC5,126003.0,Amp5,7.06
X-4597,TRDMT1,1787.0,Del0.8,0.7
X-4597,TRIM13,10206.0,Del0.8,0.75
X-4597,TRIM43,129868.0,MutNovel,"S257P,0.312"
X-4597,TRIM43,129868.0,MutNovel,"F293C,0.600"
X-4597,TRIP10,9322.0,Amp5,5.24
X-4597,TRMT1,55621.0,Amp5,5.03
X-4597,TSPAN16,26526.0,Amp5,5.17
X-4597,TSPY1,7258.0,Del0.8,0.25
X-4597,TSPY2,64591.0,Del0.8,0.25
X-4597,TSPY3,728137.0,Del0.8,0.16
X-4597,TSPY4,728395.0,Del0.8,0.18
X-4597,TSPY8,728403.0,Del0.8,0.25
X-4597,TTTY10,246119.0,Del0.8,0.28
X-4597,TTTY11,83866.0,Del0.8,0.25
X-4597,TTTY12,83867.0,Del0.8,0.25
X-4597,TTTY13,83868.0,Del0.8,0.28
X-4597,TTTY14,83869.0,Del0.8,0.28
X-4597,TTTY15,64595.0,Del0.8,0.29
X-4597,TTTY16,252948.0,Del0.8,0.25
X-4597,TTTY17A,252949.0,Del0.8,0.17
X-4597,TTTY17A,252949.0,Del0.8,0.17
X-4597,TTTY18,252950.0,Del0.8,0.25
X-4597,TTTY19,252952.0,Del0.8,0.25
X-4597,TTTY1B,100101116.0,Del0.8,0.25
X-4597,TTTY1B,100101116.0,Del0.8,0.1
X-4597,TTTY2,60439.0,Del0.8,0.1
X-4597,TTTY2,60439.0,Del0.8,0.25
X-4597,TTTY20,252951.0,Del0.8,0.25
X-4597,TTTY21,252953.0,Del0.8,0.25
X-4597,TTTY21,252953.0,Del0.8,0.1
X-4597,TTTY22,252954.0,Del0.8,0.29
X-4597,TTTY23,252955.0,Del0.8,0.29
X-4597,TTTY23,252955.0,Del0.8,0.25
X-4597,TTTY3,114760.0,Del0.8,0.17
X-4597,TTTY3,114760.0,Del0.8,0.17
X-4597,TTTY4,114761.0,Del0.8,0.17
X-4597,TTTY4,114761.0,Del0.8,0.17
X-4597,TTTY5,83863.0,Del0.8,0.17
X-4597,TTTY6,84672.0,Del0.8,0.17
X-4597,TTTY6,84672.0,Del0.8,0.17
X-4597,TTTY7,246122.0,Del0.8,0.1
X-4597,TTTY7,246122.0,Del0.8,0.25
X-4597,TTTY7B,100101120.0,Del0.8,0.1
X-4597,TTTY7B,100101120.0,Del0.8,0.25
X-4597,TTTY8,84673.0,Del0.8,0.17
X-4597,TTTY8,84673.0,Del0.8,0.25
X-4597,TTTY9A,83864.0,Del0.8,0.16
X-4597,TTTY9A,83864.0,Del0.8,0.16
X-4597,TTYH2,94015.0,MutNovel,"R412W,0.222"
X-4597,TUBAL3,79861.0,Del0.8,0.67
X-4597,TXLNG2P,246126.0,Del0.8,0.28
X-4597,TYK2,7297.0,Amp5,5.17
X-4597,UBAC2,337867.0,Amp5,5.17
X-4597,UBAC2-AS1,100289373.0,Amp5,5.17
X-4597,UBL5,59286.0,Amp5,5.17
X-4597,UCMA,221044.0,Del0.8,0.66
X-4597,UCN3,114131.0,Del0.8,0.67
X-4597,UPF2,26019.0,Del0.8,0.66
X-4597,USP36,57602.0,MutNovel,"KKK958K,0.446"
X-4597,USP6NL,9712.0,Del0.8,0.66
X-4597,USP9Y,8287.0,Del0.8,0.29
X-4597,UTY,7404.0,Del0.8,0.29
X-4597,VAV1,7409.0,Amp5,5.24
X-4597,VCY,9084.0,Del0.8,0.29
X-4597,VCY,9084.0,Del0.8,0.29
X-4597,VIM,7431.0,Del0.8,0.7
X-4597,WAC,51322.0,Del0.8,0.67
X-4597,WASL,8976.0,MutNovel,"P375Q,0.526"
X-4597,WDR37,22884.0,Del0.8,0.64
X-4597,WDR4,10785.0,MutNovel,"I86N,0.724"
X-4597,WDR83,84292.0,Amp5,5.03
X-4597,WDR83OS,51398.0,Amp5,5.03
X-4597,WDR87,83889.0,Amp5,5.1
X-4597,WEE1,7465.0,MutNovel,"A98T,0.444"
X-4597,WNK1,65125.0,Del0.8,0.57
X-4597,XAB2,56949.0,Amp5,7.06
X-4597,XKRY2,353515.0,Del0.8,0.16
X-4597,XKRY2,353515.0,Del0.8,0.16
X-4597,YIPF2,78992.0,Amp5,5.17
X-4597,YME1L1,10730.0,Del0.8,0.67
X-4597,ZEB1-AS1,220930.0,Del0.8,0.66
X-4597,ZFP30,22835.0,Amp5,5.1
X-4597,ZFP82,284406.0,Amp5,5.1
X-4597,ZFY,7544.0,Del0.8,0.39
X-4597,ZGLP1,100125288.0,Amp5,5.17
X-4597,ZMYND11,10771.0,Del0.8,0.64
X-4597,ZNF121,7675.0,Amp5,5.17
X-4597,ZNF136,7695.0,Amp5,5.17
X-4597,ZNF177,7730.0,Amp5,5.17
X-4597,ZNF20,7568.0,Amp5,5.17
X-4597,ZNF219,51222.0,MutNovel,"QPP233P,0.500"
X-4597,ZNF225,7768.0,MutKnownFunctional,"-71?,1.000"
X-4597,ZNF248,57209.0,Del0.8,0.76
X-4597,ZNF25,219749.0,Del0.8,0.76
X-4597,ZNF254,9534.0,Del0.8,0.73
X-4597,ZNF260,339324.0,Amp5,5.1
X-4597,ZNF266,10781.0,Amp5,5.17
X-4597,ZNF333,84449.0,Amp5,5.03
X-4597,ZNF345,25850.0,Amp5,5.1
X-4597,ZNF358,140467.0,Amp5,7.06
X-4597,ZNF382,84911.0,Amp5,5.1
X-4597,ZNF383,163087.0,Amp5,5.1
X-4597,ZNF384,171017.0,MutNovel,"QQ514Q,1.000"
X-4597,ZNF414,84330.0,Amp5,7.52
X-4597,ZNF420,147923.0,Amp5,5.1
X-4597,ZNF426,79088.0,Amp5,5.17
X-4597,ZNF433,163059.0,Amp5,5.17
X-4597,ZNF438,220929.0,Del0.8,0.48
X-4597,ZNF439,90594.0,Amp5,5.17
X-4597,ZNF44,51710.0,Amp5,5.17
X-4597,ZNF440,126070.0,Amp5,5.17
X-4597,ZNF441,126068.0,Amp5,5.17
X-4597,ZNF442,79973.0,Amp5,5.17
X-4597,ZNF443,10224.0,Amp5,5.17
X-4597,ZNF451,26036.0,MutNovel,"H659R,0.500"
X-4597,ZNF461,92283.0,Amp5,5.1
X-4597,ZNF491,126069.0,Amp5,5.17
X-4597,ZNF527,84503.0,Amp5,5.1
X-4597,ZNF529,57711.0,Amp5,5.1
X-4597,ZNF540,163255.0,Amp5,5.1
X-4597,ZNF557,79230.0,Amp5,7.52
X-4597,ZNF558,148156.0,Amp5,7.52
X-4597,ZNF559,84527.0,Amp5,5.17
X-4597,ZNF559-ZNF177,100529215.0,Amp5,5.17
X-4597,ZNF560,147741.0,Amp5,5.17
X-4597,ZNF561,93134.0,Amp5,5.17
X-4597,ZNF562,54811.0,Amp5,5.17
X-4597,ZNF563,147837.0,Amp5,5.17
X-4597,ZNF564,163050.0,Amp5,5.17
X-4597,ZNF566,84924.0,Amp5,5.1
X-4597,ZNF567,163081.0,Amp5,5.1
X-4597,ZNF568,374900.0,Amp5,5.1
X-4597,ZNF569,148266.0,Amp5,5.1
X-4597,ZNF570,148268.0,Amp5,5.1
X-4597,ZNF571,51276.0,Amp5,5.1
X-4597,ZNF573,126231.0,Amp5,5.1
X-4597,ZNF585A,199704.0,Amp5,5.1
X-4597,ZNF585B,92285.0,Amp5,5.1
X-4597,ZNF607,84775.0,Amp5,5.1
X-4597,ZNF625,90589.0,Amp5,5.17
X-4597,ZNF625-ZNF20,100529855.0,Amp5,5.17
X-4597,ZNF627,199692.0,Amp5,5.17
X-4597,ZNF653,115950.0,Amp5,5.17
X-4597,ZNF681,148213.0,Del0.8,0.73
X-4597,ZNF69,7620.0,Amp5,5.17
X-4597,ZNF699,374879.0,Amp5,5.17
X-4597,ZNF700,90592.0,Amp5,5.17
X-4597,ZNF709,163051.0,Amp5,5.17
X-4597,ZNF726,730087.0,Del0.8,0.73
X-4597,ZNF763,284390.0,Amp5,5.17
X-4597,ZNF781,163115.0,Amp5,5.1
X-4597,ZNF788,388507.0,Amp5,5.17
X-4597,ZNF790,388536.0,Amp5,5.1
X-4597,ZNF791,163049.0,Amp5,5.03
X-4597,ZNF793,390927.0,Amp5,5.1
X-4597,ZNF799,90576.0,Amp5,5.17
X-4597,ZNF812,729648.0,Amp5,5.17
X-4597,ZNF823,55552.0,Amp5,5.17
X-4597,ZNF829,374899.0,Amp5,5.1
X-4597,ZNF833P,401898.0,Amp5,5.17
X-4597,ZNF844,284391.0,Amp5,5.17
X-4597,ZNF846,162993.0,Amp5,5.17
X-4597,ZNF850,342892.0,Amp5,5.1
X-4597,ZNF878,729747.0,Amp5,5.17
X-4597,ZNF91,7644.0,Del0.8,0.73
X-4597,ZSCAN1,284312.0,MutNovel,"P8H,1.000"
X-4597,ZSWIM4,65249.0,Amp5,5.03
X-4624,AASDHPPT,60496.0,Del0.8,0.71
X-4624,ABCB7,22.0,Del0.8,0.66
X-4624,ACOT1,641371.0,Del0.8,0.54
X-4624,ACRC,93953.0,Del0.8,0.66
X-4624,ADNP2,22850.0,Del0.8,0.61
X-4624,AIFM1,9131.0,MutNovel,"E531V,1.000"
X-4624,AKAP12,9590.0,Amp5,5.03
X-4624,AKAP9,10142.0,MutNovel,"A2802V,1.000"
X-4624,AKD1,221264.0,MutNovel,"Y355D,1.000"
X-4624,ALDH7A1,501.0,MutNovel,"A8T,0.800"
X-4624,ALS2CR11,151254.0,Del0.8,0.48
X-4624,AMELY,266.0,Del0.8,0.29
X-4624,ANKRD36,375248.0,MutNovel,"S547P,0.556"
X-4624,ANKRD36,375248.0,MutNovel,"T998S,0.277"
X-4624,ANKRD62,,MutNovel,"N547T,1.000"
X-4624,ANKRD62,,MutNovel,"R553K,1.000"
X-4624,APBB2,323.0,Del0.8,0.29
X-4624,AR,367.0,Del0.8,0.66
X-4624,ARHGAP5,394.0,MutNovel,"Q213P,0.277"
X-4624,ARHGEF7,8874.0,MutNovel,"R555W,0.449"
X-4624,ARMC5,79798.0,MutNovel,"D367G,0.206"
X-4624,ARR3,407.0,Del0.8,0.66
X-4624,ASH1L,55870.0,MutNovel,"M1730V,0.607"
X-4624,AWAT1,158833.0,Del0.8,0.66
X-4624,AWAT2,158835.0,Del0.8,0.66
X-4624,BAI2,576.0,MutKnownFunctional,"SE1119S*,0.424"
X-4624,BCORP1,286554.0,Del0.8,0.23
X-4624,BCYRN1,618.0,Del0.8,0.66
X-4624,BMP6,654.0,MutNovel,"R28Q,1.000"
X-4624,BPY2B,442867.0,Del0.8,0.07
X-4624,BPY2B,442867.0,Del0.8,0.12
X-4624,BTBD3,22903.0,Amp5,6.87
X-4624,BTG2,7832.0,Amp5,5.43
X-4624,C16orf5,29965.0,Del0.8,0.62
X-4624,C17orf97,400566.0,MutNovel,"E260K,0.250"
X-4624,C1orf27,54953.0,Amp5,5.03
X-4624,C1orf87,127795.0,MutNovel,"E374D,1.000"
X-4624,C22orf26,55267.0,Amp5,6.68
X-4624,C6orf118,168090.0,Amp5,5.06
X-4624,C6orf211,79624.0,Amp5,5.03
X-4624,C6orf72,116254.0,Amp5,5.03
X-4624,CAHM,100526820.0,Amp5,5.06
X-4624,CAMK1G,57172.0,Amp5,5.5
X-4624,CARD17,440068.0,Del0.8,0.71
X-4624,CARD18,59082.0,Del0.8,0.71
X-4624,CASP1,834.0,Del0.8,0.73
X-4624,CASP12,100506742.0,Del0.8,0.73
X-4624,CASP4,837.0,Del0.8,0.73
X-4624,CASP5,838.0,Del0.8,0.73
X-4624,CCDC66,285331.0,MutNovel,"Y25YGI,1.000"
X-4624,CDC42EP1,11135.0,MutNovel,"PAPAANPS253P,1.000"
X-4624,CDHR2,54825.0,MutNovel,"R1048C,0.636"
X-4624,CDK11B,984.0,MutNovel,"KR89NR,0.300"
X-4624,CDK11B,984.0,MutNovel,"K89Q,0.364"
X-4624,CDX4,1046.0,Del0.8,0.66
X-4624,CDY1B,253175.0,Del0.8,0.17
X-4624,CDY1B,253175.0,Del0.8,0.23
X-4624,CDY2A,9426.0,Del0.8,0.23
X-4624,CDY2A,9426.0,Del0.8,0.23
X-4624,CDY2B,203611.0,Del0.8,0.23
X-4624,CDY2B,203611.0,Del0.8,0.23
X-4624,CEP192,55125.0,MutNovel,"ADMQNMP1238A,0.500"
X-4624,CFHR1,3078.0,Amp8,9.06
X-4624,CFHR3,10878.0,Amp8,9.06
X-4624,CHIC1,53344.0,Del0.8,0.66
X-4624,CHRNA3,1136.0,MutNovel,"L23-,0.727"
X-4624,CHST6,4166.0,Amp5,5.21
X-4624,CITED1,4435.0,Del0.8,0.66
X-4624,CLCNKA,1187.0,MutNovel,"T577D,0.750"
X-4624,CNTNAP3B,728577.0,MutNovel,"G1195R,1.000"
X-4624,CSNK2A1P,283106.0,MutKnownFunctional,"-215,0.600"
X-4624,CSPG4P1Y,114758.0,Del0.8,0.17
X-4624,CSPG4P1Y,114758.0,Del0.8,0.23
X-4624,CXCR3,2833.0,Del0.8,0.66
X-4624,CXorf30,645090.0,MutNovel,"F371Y,0.417"
X-4624,CXorf49B,100132994.0,Del0.8,0.66
X-4624,CXorf49B,100132994.0,Del0.8,0.66
X-4624,CXorf65,158830.0,Del0.8,0.66
X-4624,CYCSP52,360155.0,Amp5,5.82
X-4624,DAZ1,1617.0,Del0.8,0.23
X-4624,DAZ2,57055.0,Del0.8,0.14
X-4624,DAZ3,57054.0,Del0.8,0.12
X-4624,DAZ3,57054.0,Del0.8,0.07
X-4624,DAZ4,57135.0,Del0.8,0.15
X-4624,DAZ4,57135.0,Del0.8,0.1
X-4624,DCAF8L1,139425.0,Amp5,5.06
X-4624,DDX3Y,8653.0,Del0.8,0.23
X-4624,DENND4B,9909.0,MutNovel,"QQQ908-,0.214"
X-4624,DGAT2L6,347516.0,Del0.8,0.66
X-4624,DGKK,139189.0,MutKnownFunctional,"-1020?,1.000"
X-4624,DGKQ,1609.0,MutNovel,"P27L,1.000"
X-4624,DKFZp451B082,401282.0,Amp5,5.06
X-4624,DLG3,1741.0,Del0.8,0.66
X-4624,DMD,1756.0,Del0.8,0.77
X-4624,DMRTC1B,728656.0,Del0.8,0.66
X-4624,DMRTC1B,728656.0,Del0.8,0.66
X-4624,DST,667.0,MutNovel,"S2815R,0.708"
X-4624,DTL,51514.0,MutNovel,"S85I,0.500"
X-4624,DUX2,26583.0,Del0.8,0.76
X-4624,DUX4,100288687.0,Del0.8,0.76
X-4624,DUX4L2,728410.0,Del0.8,0.76
X-4624,DUX4L3,653548.0,Del0.8,0.76
X-4624,EDA,1896.0,Del0.8,0.66
X-4624,EDA2R,60401.0,Del0.8,0.66
X-4624,EFNB1,1947.0,Del0.8,0.66
X-4624,EIF1AY,9086.0,Del0.8,0.23
X-4624,EIF3F,8665.0,MutNovel,"D292E,0.380"
X-4624,EP400,57634.0,MutNovel,"-2728Q,0.971"
X-4624,ERCC6L,54821.0,Del0.8,0.66
X-4624,ESYT1,23344.0,MutNovel,"L820I,0.371"
X-4624,ETV3,2117.0,Amp5,5.82
X-4624,ETV3L,440695.0,Amp5,5.82
X-4624,FAM106A,80039.0,Del0.8,0.49
X-4624,FAM120C,54954.0,MutNovel,"P110RRP,0.450"
X-4624,FAM132B,,MutNovel,"G281R,1.000"
X-4624,FAM153A,285596.0,MutNovel,"C44R,1.000"
X-4624,FAM155A,728215.0,MutNovel,"R77Q,1.000"
X-4624,FAM155B,27112.0,Del0.8,0.66
X-4624,FAM171B,165215.0,MutNovel,"-44QQ,1.000"
X-4624,FAM197Y2P,252946.0,Del0.8,0.23
X-4624,FAM41AY1,340618.0,Del0.8,0.23
X-4624,FAM41AY1,340618.0,Del0.8,0.23
X-4624,FAM59B,150946.0,MutNovel,"Q407R,1.000"
X-4624,FAM78A,286336.0,MutNovel,"V172I,1.000"
X-4624,FAM86B2,653333.0,MutKnownFunctional,"C72*,1.000"
X-4624,FAM86DP,692099.0,Del0.8,0.46
X-4624,FBXO11,80204.0,MutNovel,"Q56E,1.000"
X-4624,FFAR3,2865.0,Del0.8,0.21
X-4624,FLG,2312.0,MutNovel,"Q3568G,0.214"
X-4624,FLJ44635,392490.0,Del0.8,0.66
X-4624,FMN2,56776.0,MutNovel,"N535K,0.524"
X-4624,FMOD,2331.0,Amp5,5.43
X-4624,FNDC1,84624.0,MutNovel,"ATTRRTT1471A,1.000"
X-4624,FOXO4,4303.0,Del0.8,0.66
X-4624,FRG2B,441581.0,Del0.8,0.76
X-4624,FRMD8P1,83957.0,Del0.8,0.64
X-4624,FTX,100302692.0,Del0.8,0.66
X-4624,GDPD2,54857.0,Del0.8,0.66
X-4624,GIGYF2,26058.0,MutNovel,"PQ1231P,1.000"
X-4624,GJB1,2705.0,Del0.8,0.66
X-4624,GOLGA2P2Y,84559.0,Del0.8,0.23
X-4624,GOLGA2P2Y,84559.0,Del0.8,0.17
X-4624,GOLGA8H,,MutNovel,"N196H,0.750"
X-4624,GPR98,84059.0,MutKnownFunctional,"-588?,0.417"
X-4624,GRAMD1A,57655.0,MutKnownFunctional,"-259,1.000"
X-4624,GRIA4,2893.0,Del0.8,0.71
X-4624,GSTCD,79807.0,Del0.8,0.41
X-4624,GTDC2,,MutNovel,"I51T,0.254"
X-4624,GTF3C3,9330.0,MutNovel,"EEE108E,1.000"
X-4624,GYG2P1,352887.0,Del0.8,0.23
X-4624,HDAC8,55869.0,Del0.8,0.66
X-4624,HEPH,9843.0,Del0.8,0.66
X-4624,HGC6.3,100128124.0,MutNovel,"S119F,0.333"
X-4624,HGC6.3,100128124.0,MutNovel,"P108Q,0.500"
X-4624,HGC6.3,100128124.0,MutNovel,"P102S,0.400"
X-4624,HGC6.3,100128124.0,MutNovel,"P80L,0.429"
X-4624,HGC6.3,100128124.0,MutNovel,"M72V,0.333"
X-4624,HGC6.3,100128124.0,MutNovel,"Q38L,1.000"
X-4624,HLA-DRB5,3127.0,Amp5,7.11
X-4624,HLA-DRB6,3128.0,Amp8,16.45
X-4624,HLA-F,3134.0,MutNovel,"G417S,0.300"
X-4624,HNRNPA3,220988.0,Amp5,5.06
X-4624,HOXB4,3214.0,MutNovel,"K222E,1.000"
X-4624,HRNR,388697.0,MutNovel,"G2059T,0.500"
X-4624,HSBP1L1,440498.0,Del0.8,0.61
X-4624,HSFY2,159119.0,Del0.8,0.23
X-4624,HSFY2,159119.0,Del0.8,0.23
X-4624,HSPA1A,3303.0,MutNovel,"S121H,0.500"
X-4624,HSPA1B,3304.0,MutNovel,"T158A,0.364"
X-4624,IGBP1,3476.0,Del0.8,0.66
X-4624,IK,3550.0,MutNovel,"M266L,0.532"
X-4624,IL2RG,3561.0,Del0.8,0.66
X-4624,INGX,27160.0,Del0.8,0.66
X-4624,INTS12,57117.0,Del0.8,0.62
X-4624,IQSEC1,9922.0,MutNovel,"I939L,0.482"
X-4624,ITGB1BP2,26548.0,Del0.8,0.66
X-4624,IYD,389434.0,Amp5,5.03
X-4624,JPX,554203.0,Del0.8,0.66
X-4624,KATNA1,11104.0,Amp5,5.03
X-4624,KBTBD3,143879.0,Del0.8,0.71
X-4624,KCNG2,26251.0,Del0.8,0.52
X-4624,KDM5D,8284.0,Del0.8,0.23
X-4624,KIAA0753,9851.0,MutNovel,"E955Q,1.000"
X-4624,KIAA2022,340533.0,Del0.8,0.66
X-4624,KIF20B,9585.0,MutNovel,"L1062LKV,1.000"
X-4624,KIF4A,24137.0,Del0.8,0.66
X-4624,KLHL17,339451.0,MutNovel,"P52T,0.825"
X-4624,KPNB1,3837.0,MutNovel,"F282L,1.000"
X-4624,KRTAP10-7,386675.0,MutNovel,"Q220K,1.000"
X-4624,L1CAM,3897.0,MutNovel,"T122I,0.709"
X-4624,LAS1L,81887.0,Del0.8,0.64
X-4624,LATS1,9113.0,Amp5,5.03
X-4624,LCE3B,353143.0,Del0.8,0.24
X-4624,LCE3C,353144.0,Del0.8,0.24
X-4624,LGALS9C,654346.0,Del0.8,0.25
X-4624,LINC00473,90632.0,Amp5,5.06
X-4624,LOC100128176,100128176.0,Amp5,5.03
X-4624,LOC100129407,100129407.0,Del0.8,0.66
X-4624,LOC100129407,100129407.0,Del0.8,0.66
X-4624,LOC100132741,100132741.0,Del0.8,0.66
X-4624,LOC100271722,100271722.0,Amp5,6.68
X-4624,LOC100506388,100506388.0,MutNovel,"V114G,0.846"
X-4624,LOC100652739,100652739.0,Amp5,5.03
X-4624,LOC150381,150381.0,Amp5,6.68
X-4624,LOC642643,,MutNovel,"K23E,1.000"
X-4624,LOC643733,643733.0,Del0.8,0.73
X-4624,LOC728392,728392.0,MutNovel,"S42L,1.000"
X-4624,LOC729176,729176.0,Amp5,5.03
X-4624,LOC730227,730227.0,Amp5,5.43
X-4624,LOC730668,730668.0,Amp5,6.68
X-4624,LPA,4018.0,Amp5,5.86
X-4624,LRP11,84918.0,Amp5,5.03
X-4624,LRRC37A2,474170.0,MutNovel,"T1543M,1.000"
X-4624,LRRIQ1,84125.0,MutNovel,"Y1200F,0.390"
X-4624,LRRK1,79705.0,MutNovel,"V751M,0.579"
X-4624,LSR,51599.0,MutNovel,"G518GR,1.000"
X-4624,MACROD2,140733.0,Amp5,5.54
X-4624,MAGI1,9223.0,MutNovel,"Q421HR,0.571"
X-4624,MAP3K4,4216.0,MutNovel,"PA1189P,1.000"
X-4624,MBD1,4152.0,MutNovel,"G567E,0.799"
X-4624,MBD2,8932.0,MutNovel,"G115GA,1.000"
X-4624,MDGA1,266727.0,Amp5,5.21
X-4624,MED12,9968.0,Del0.8,0.66
X-4624,MEF2A,4205.0,MutNovel,"QQ412-,0.474"
X-4624,MEIS3,56917.0,MutNovel,"A382G,0.364"
X-4624,MIR1264,100302251.0,Del0.8,0.41
X-4624,MIR1912,100302144.0,Del0.8,0.41
X-4624,MIR223,407008.0,Del0.8,0.66
X-4624,MIR3128,100422824.0,Amp5,5.06
X-4624,MIR3619,100500828.0,Amp5,6.68
X-4624,MIR374A,442919.0,Del0.8,0.66
X-4624,MIR374B,100126317.0,Del0.8,0.66
X-4624,MIR374C,100500807.0,Del0.8,0.66
X-4624,MIR421,693122.0,Del0.8,0.66
X-4624,MIR4763,100616143.0,Amp5,6.68
X-4624,MIR545,664614.0,Del0.8,0.66
X-4624,MIR676,100500887.0,Del0.8,0.66
X-4624,MIRLET7A3,406883.0,Amp5,6.68
X-4624,MIRLET7B,406884.0,Amp5,6.68
X-4624,MIRLET7BHG,400931.0,Amp5,6.68
X-4624,MKL2,57496.0,MutNovel,"A493T,0.723"
X-4624,MMP17,4326.0,MutNovel,"P24L,0.667"
X-4624,MSN,4478.0,Del0.8,0.53
X-4624,MTHFD1L,25902.0,Amp5,5.03
X-4624,MTMR1,8776.0,MutNovel,"G634C,1.000"
X-4624,MTRNR2L2,100462981.0,MutNovel,"S12L,1.000"
X-4624,MURC,347273.0,MutNovel,"S172P,1.000"
X-4624,NAP1L2,4674.0,Del0.8,0.66
X-4624,NAP1L6,645996.0,Del0.8,0.66
X-4624,NBPF9,400818.0,MutNovel,"R97G,0.222"
X-4624,NCOR2,9612.0,MutNovel,"G1839GAAA,1.000"
X-4624,NCOR2,9612.0,MutNovel,"-511S,1.000"
X-4624,NCRNA00185,55410.0,Del0.8,0.23
X-4624,NFE2L2,4780.0,Amp5,5.06
X-4624,NHLRC2,374354.0,MutNovel,"K699T,0.403"
X-4624,NHSL2,340527.0,Del0.8,0.66
X-4624,NLGN3,54413.0,Del0.8,0.66
X-4624,NLGN4Y,22829.0,Del0.8,0.23
X-4624,NMD3,51068.0,MutNovel,"E447-,0.427"
X-4624,NONO,4841.0,Del0.8,0.66
X-4624,NOS3,4846.0,MutNovel,"T1175I,1.000"
X-4624,NOTCH1,4851.0,MutNovel,"N2324K,1.000"
X-4624,NPAS3,64067.0,Del0.8,0.47
X-4624,NPIP,9284.0,MutNovel,"M175I,1.000"
X-4624,NPIPL3,23117.0,MutNovel,"L438F,0.667"
X-4624,NSUN7,79730.0,Del0.8,0.51
X-4624,NUDT11,55190.0,MutKnownFunctional,"-1,1.000"
X-4624,NUDT6,11162.0,MutKnownFunctional,"-287?,0.267"
X-4624,NUP214,8021.0,MutNovel,"T1330P,1.000"
X-4624,NUP43,348995.0,Amp5,5.03
X-4624,OCLM,10896.0,Amp5,5.03
X-4624,OGT,8473.0,Del0.8,0.66
X-4624,OPHN1,4983.0,Del0.8,0.66
X-4624,OR4F5,79501.0,Del0.8,0.69
X-4624,OR4K1,79544.0,Del0.8,0.25
X-4624,OR4K15,81127.0,Del0.8,0.25
X-4624,OR4K5,79317.0,Del0.8,0.25
X-4624,ORAI1,84876.0,MutNovel,"PP43-,1.000"
X-4624,OTUD6A,139562.0,Del0.8,0.66
X-4624,P2RY4,5030.0,Del0.8,0.66
X-4624,PABPC1L,80336.0,MutNovel,"Y420C,0.604"
X-4624,PABPC1L2A,340529.0,Del0.8,0.66
X-4624,PABPC1L2B,645974.0,Del0.8,0.66
X-4624,PACRG,135138.0,Amp5,5.06
X-4624,PARD6G,84552.0,Del0.8,0.61
X-4624,PARK2,5071.0,Amp5,5.78
X-4624,PCDH11Y,83259.0,Del0.8,0.34
X-4624,PCDHB14,56122.0,MutNovel,"G594S,0.444"
X-4624,PCDHB3,56132.0,MutNovel,"T534A,1.000"
X-4624,PCDHB3,56132.0,MutNovel,"G594S,0.846"
X-4624,PCMT1,5110.0,Amp5,5.03
X-4624,PDC,5132.0,Amp5,5.03
X-4624,PDE10A,10846.0,Amp5,5.06
X-4624,PDZD11,51248.0,Del0.8,0.66
X-4624,PGR,5241.0,Del0.8,0.44
X-4624,PHC2,1912.0,MutNovel,"G258S,0.750"
X-4624,PHKA1,5255.0,Del0.8,0.66
X-4624,PHLDA1,22822.0,MutNovel,"QQ194Q,1.000"
X-4624,PIK3CA,5290.0,MutNovel,"E109-,0.569"
X-4624,PIK3CB,5291.0,MutNovel,"E362D,0.344"
X-4624,PIK3CB,5291.0,MutNovel,"H359Y,0.389"
X-4624,PIN4,5303.0,Del0.8,0.66
X-4624,PJA1,64219.0,Del0.8,0.66
X-4624,PKIG,11142.0,MutNovel,"E55A,0.619"
X-4624,PLA2G4A,5321.0,Amp5,5.03
X-4624,PLCB1,23236.0,Amp5,5.54
X-4624,PLCB2,5330.0,MutNovel,"R283K,0.818"
X-4624,PLEKHG1,57480.0,Amp5,5.03
X-4624,PLXNB1,5364.0,MutNovel,"R1859W,0.475"
X-4624,POLDIP2,26073.0,MutNovel,"S28G,0.719"
X-4624,POLDIP2,26073.0,MutNovel,"Q27P,0.258"
X-4624,POLDIP2,26073.0,MutKnownFunctional,"-27?,0.905"
X-4624,POTEF,728378.0,MutNovel,"R954W,1.000"
X-4624,POTEJ,,MutNovel,"R615W,0.667"
X-4624,PPIL4,85313.0,Amp5,5.03
X-4624,PPP1R14C,81706.0,Amp5,5.03
X-4624,PQLC1,80148.0,Del0.8,0.61
X-4624,PRG4,10216.0,Amp5,5.03
X-4624,PRKD1,5587.0,MutNovel,"P33S,0.214"
X-4624,PRKD1,5587.0,MutNovel,"G32GPG,1.000"
X-4624,PRKY,5616.0,Del0.8,0.29
X-4624,PRY,9081.0,Del0.8,0.23
X-4624,PRY,9081.0,Del0.8,0.23
X-4624,PRY2,442862.0,Del0.8,0.23
X-4624,PRY2,442862.0,Del0.8,0.23
X-4624,PTEN,5728.0,MutKnownFunctional,"R130G,1.000"
X-4624,PTGS2,5743.0,Amp5,5.03
X-4624,PVRIG,79037.0,MutNovel,"G120V,0.533"
X-4624,QKI,9444.0,Amp5,5.06
X-4624,RAB32,10981.0,Amp5,5.03
X-4624,RAB41,347517.0,Del0.8,0.66
X-4624,RAB9BP1,9366.0,Del0.8,0.73
X-4624,RAET1E,135250.0,Amp5,5.03
X-4624,RAET1G,353091.0,Amp5,5.03
X-4624,RAET1K,646024.0,Amp5,5.03
X-4624,RAET1L,154064.0,Amp5,5.03
X-4624,RAI1,10743.0,MutNovel,"S21L,1.000"
X-4624,RB1,5925.0,MutNovel,"I227S,1.000"
X-4624,RBFA,79863.0,Del0.8,0.61
X-4624,RBFOX2,23543.0,MutNovel,"P362L,0.556"
X-4624,RBM15B,29890.0,MutNovel,"D311E,0.355"
X-4624,RBMY1A3P,286557.0,Del0.8,0.23
X-4624,RBMY1B,378948.0,Del0.8,0.23
X-4624,RBMY1B,378948.0,Del0.8,0.23
X-4624,RBMY1E,378950.0,Del0.8,0.23
X-4624,RBMY1E,378950.0,Del0.8,0.23
X-4624,RBMY1F,159163.0,Del0.8,0.23
X-4624,RBMY1F,159163.0,Del0.8,0.23
X-4624,RBMY1J,378951.0,Del0.8,0.23
X-4624,RBMY1J,378951.0,Del0.8,0.23
X-4624,RBMY2EP,159125.0,Del0.8,0.23
X-4624,RBMY2FP,159162.0,Del0.8,0.23
X-4624,RBMY3AP,64593.0,Del0.8,0.23
X-4624,RFX2,5990.0,MutNovel,"G662R,0.429"
X-4624,RGAG4,340526.0,Del0.8,0.66
X-4624,RGL4,266747.0,MutNovel,"P220S,1.000"
X-4624,RGPD8,727851.0,Amp5,5.13
X-4624,RGS19,10287.0,MutNovel,"V103M,0.809"
X-4624,RIN3,79890.0,MutNovel,"G967-,1.000"
X-4624,RLIM,51132.0,Del0.8,0.66
X-4624,RMND1,55005.0,Amp5,5.03
X-4624,RPP14,11102.0,MutKnownFunctional,"K84*,0.624"
X-4624,RPS26P11,441502.0,Del0.8,0.66
X-4624,RPS4X,6191.0,Del0.8,0.66
X-4624,RPS4Y1,6192.0,Del0.8,0.34
X-4624,RPS4Y2,140032.0,Del0.8,0.23
X-4624,RYK,6259.0,MutNovel,"A50V,0.500"
X-4624,RYR2,6262.0,MutKnownFunctional,"-1744?,0.371"
X-4624,SALL4,57167.0,Amp5,5.03
X-4624,SAMD5,389432.0,Amp5,5.03
X-4624,SASH1,23328.0,Amp5,5.03
X-4624,SDK1,221935.0,MutNovel,"E757K,0.295"
X-4624,SERINC2,347735.0,MutNovel,"-373Q,1.000"
X-4624,SFT2D3,84826.0,MutNovel,"VAALL177V,1.000"
X-4624,SIRPB1,10326.0,Amp5,5.9
X-4624,SLAIN1,122060.0,MutKnownFunctional,"-74?,1.000"
X-4624,SLC16A2,6567.0,Del0.8,0.66
X-4624,SLC17A5,26503.0,MutNovel,"A392V,1.000"
X-4624,SLC38A9,153129.0,MutNovel,"T111A,0.382"
X-4624,SLC7A3,84889.0,Del0.8,0.66
X-4624,SMTN,6525.0,MutNovel,"H389Q,1.000"
X-4624,SNX12,29934.0,Del0.8,0.66
X-4624,SPDYE6,729597.0,MutNovel,"R305C,0.514"
X-4624,SPRNP1,399833.0,Del0.8,0.76
X-4624,SRY,6736.0,Del0.8,0.34
X-4624,STARD8,9754.0,Del0.8,0.66
X-4624,STXBP5,134957.0,Amp5,5.03
X-4624,SUMO4,387082.0,Amp5,5.03
X-4624,SVIL,6840.0,MutNovel,"D470V,0.438"
X-4624,SYCE1,93426.0,Del0.8,0.76
X-4624,SYNE1,23345.0,MutNovel,"I7873L,0.653"
X-4624,T,6862.0,Amp5,5.06
X-4624,TAB2,23118.0,Amp5,5.03
X-4624,TAF1,6872.0,Del0.8,0.66
X-4624,TBC1D3B,414059.0,Del0.8,0.78
X-4624,TBL1Y,90665.0,Del0.8,0.29
X-4624,TBP,6908.0,MutNovel,"-64Q,1.000"
X-4624,TCEANC2,127428.0,MutNovel,"S196L,0.302"
X-4624,TCERG1,10915.0,MutNovel,"QAQA210-,0.281"
X-4624,TCF24,100129654.0,MutKnownFunctional,"-156?,0.250"
X-4624,TEX11,56159.0,Del0.8,0.66
X-4624,TFB1M,51106.0,MutNovel,"G93E,0.597"
X-4624,TGIF2LY,90655.0,Del0.8,0.34
X-4624,TIMM23,100287932.0,MutNovel,"R70W,0.750"
X-4624,TMBIM4,51643.0,MutKnownFunctional,"-174?,0.615"
X-4624,TMEM170A,124491.0,Amp5,5.21
X-4624,TMEM183A,92703.0,MutNovel,"R10M,0.449"
X-4624,TMEM237,65062.0,Del0.8,0.63
X-4624,TMEM48,55706.0,MutNovel,"A298V,0.733"
X-4624,TMSB4Y,9087.0,Del0.8,0.23
X-4624,TNFAIP6,7130.0,MutKnownFunctional,"-278,1.000"
X-4624,TNK2,10188.0,MutNovel,"P775L,0.290"
X-4624,TP53,7157.0,MutNovel,"Y205S,1.000"
X-4624,TPR,7175.0,Amp5,5.03
X-4624,TSHZ2,128553.0,Amp5,5.03
X-4624,TSIX,9383.0,Del0.8,0.66
X-4624,TSPY1,7258.0,Del0.8,0.23
X-4624,TSPY2,64591.0,Del0.8,0.34
X-4624,TSPY3,728137.0,Del0.8,0.23
X-4624,TSPY4,728395.0,Del0.8,0.23
X-4624,TSPY8,728403.0,Del0.8,0.23
X-4624,TSPYL1,7259.0,MutNovel,"V176VW,1.000"
X-4624,TTC21B,79809.0,MutNovel,"D177G,1.000"
X-4624,TTC3P1,286495.0,Del0.8,0.66
X-4624,TTTY10,246119.0,Del0.8,0.23
X-4624,TTTY11,83866.0,Del0.8,0.23
X-4624,TTTY12,83867.0,Del0.8,0.23
X-4624,TTTY13,83868.0,Del0.8,0.23
X-4624,TTTY14,83869.0,Del0.8,0.23
X-4624,TTTY15,64595.0,Del0.8,0.23
X-4624,TTTY16,252948.0,Del0.8,0.23
X-4624,TTTY17A,252949.0,Del0.8,0.17
X-4624,TTTY17A,252949.0,Del0.8,0.12
X-4624,TTTY18,252950.0,Del0.8,0.23
X-4624,TTTY19,252952.0,Del0.8,0.23
X-4624,TTTY1B,100101116.0,Del0.8,0.12
X-4624,TTTY1B,100101116.0,Del0.8,0.23
X-4624,TTTY2,60439.0,Del0.8,0.12
X-4624,TTTY2,60439.0,Del0.8,0.23
X-4624,TTTY20,252951.0,Del0.8,0.23
X-4624,TTTY21,252953.0,Del0.8,0.23
X-4624,TTTY21,252953.0,Del0.8,0.29
X-4624,TTTY22,252954.0,Del0.8,0.23
X-4624,TTTY23,252955.0,Del0.8,0.34
X-4624,TTTY23,252955.0,Del0.8,0.23
X-4624,TTTY3,114760.0,Del0.8,0.23
X-4624,TTTY3,114760.0,Del0.8,0.17
X-4624,TTTY4,114761.0,Del0.8,0.07
X-4624,TTTY4,114761.0,Del0.8,0.12
X-4624,TTTY5,83863.0,Del0.8,0.23
X-4624,TTTY6,84672.0,Del0.8,0.23
X-4624,TTTY6,84672.0,Del0.8,0.23
X-4624,TTTY7,246122.0,Del0.8,0.23
X-4624,TTTY7,246122.0,Del0.8,0.29
X-4624,TTTY7B,100101120.0,Del0.8,0.23
X-4624,TTTY7B,100101120.0,Del0.8,0.29
X-4624,TTTY8,84673.0,Del0.8,0.23
X-4624,TTTY8,84673.0,Del0.8,0.29
X-4624,TTTY9A,83864.0,Del0.8,0.23
X-4624,TTTY9A,83864.0,Del0.8,0.23
X-4624,TXLNG2P,246126.0,Del0.8,0.23
X-4624,TXNL4A,10907.0,Del0.8,0.61
X-4624,ULBP1,80329.0,Amp5,5.03
X-4624,ULBP2,80328.0,Amp5,5.03
X-4624,ULBP3,79465.0,Amp5,5.03
X-4624,UNC13A,23025.0,MutNovel,"S1180P,0.237"
X-4624,UPRT,139596.0,Del0.8,0.66
X-4624,USP36,57602.0,MutNovel,"KKK958K,1.000"
X-4624,USP9Y,8287.0,Del0.8,0.23
X-4624,UST,10090.0,Amp5,5.03
X-4624,UTP14A,10813.0,MutNovel,"E354K,1.000"
X-4624,UTY,7404.0,Del0.8,0.23
X-4624,VCX3A,51481.0,MutNovel,"Q149E,0.727"
X-4624,VCX3A,51481.0,MutNovel,"EV139DM,0.692"
X-4624,VCY,9084.0,Del0.8,0.23
X-4624,VCY,9084.0,Del0.8,0.23
X-4624,VIPR2,7434.0,Del0.8,0.65
X-4624,VPS37A,137492.0,MutKnownFunctional,"E312*,0.219"
X-4624,VSIG4,11326.0,Del0.8,0.66
X-4624,VWF,7450.0,MutNovel,"C1879R,1.000"
X-4624,VWF,7450.0,MutNovel,"G1874R,1.000"
X-4624,VWF,7450.0,MutNovel,"R1853Q,1.000"
X-4624,VWF,7450.0,MutNovel,"V1848M,1.000"
X-4624,VWF,7450.0,MutNovel,"P1790L,0.833"
X-4624,VWF,7450.0,MutNovel,"V1748A,1.000"
X-4624,WDR34,89891.0,MutNovel,"V97M,0.300"
X-4624,WNT7B,7477.0,Amp5,6.68
X-4624,XIST,7503.0,Del0.8,0.66
X-4624,XKRY2,353515.0,Del0.8,0.23
X-4624,XKRY2,353515.0,Del0.8,0.23
X-4624,YIPF6,286451.0,Del0.8,0.66
X-4624,ZBTB2,57621.0,Amp5,5.03
X-4624,ZBTB44,29068.0,MutNovel,"T200I,0.317"
X-4624,ZC3H12B,340554.0,Del0.8,0.64
X-4624,ZC3H12D,340152.0,Amp5,5.03
X-4624,ZC4H2,55906.0,Del0.8,0.64
X-4624,ZCCHC13,389874.0,Del0.8,0.66
X-4624,ZDHHC15,158866.0,Del0.8,0.66
X-4624,ZFP64,55734.0,Amp5,5.03
X-4624,ZFY,7544.0,Del0.8,0.34
X-4624,ZMYM3,9203.0,Del0.8,0.66
X-4624,ZMYND11,10771.0,Del0.8,0.64
X-4624,ZNF217,7764.0,Amp5,5.03
X-4624,ZNF219,51222.0,MutNovel,"QPP233P,1.000"
X-4624,ZNF384,171017.0,MutNovel,"QQ514Q,1.000"
X-4624,ZNF430,80264.0,Del0.8,0.3
X-4624,ZNF469,84627.0,MutNovel,"R3426Q,1.000"
X-4624,ZNF763,284390.0,MutNovel,"G72E,0.667"
X-4624,ZNF772,400720.0,MutNovel,"A4GP,1.000"
X-4624,ZNF804A,91752.0,MutKnownFunctional,"-195?,0.263"
X-4624,ZNF85,7639.0,Del0.8,0.27
X-4624,ZNF853,54753.0,MutNovel,"P654L,1.000"
X-4624,ZXDA,7789.0,MutNovel,"P47L,1.000"
X-4799,AASS,10157.0,Amp5,5.43
X-4799,ABCB1,5243.0,Amp5,5.5
X-4799,ABCB4,5244.0,Amp5,5.5
X-4799,ACHE,43.0,Amp5,5.21
X-4799,ACN9,57001.0,Amp5,5.5
X-4799,ACOT1,641371.0,Del0.8,0.65
X-4799,ACOX3,8310.0,MutNovel,"D9N,0.542"
X-4799,ACTL6B,51412.0,Amp5,5.21
X-4799,ADAM22,53616.0,Amp5,5.5
X-4799,ADCK2,90956.0,Amp8,10.06
X-4799,ADCK3,56997.0,MutNovel,"P105Q,0.350"
X-4799,AFAP1,60312.0,MutNovel,"G496R,0.619"
X-4799,AGBL3,340351.0,Amp8,10.06
X-4799,AGFG2,3268.0,Amp5,5.21
X-4799,AGK,55750.0,Amp5,5.21
X-4799,AHCYL2,23382.0,Amp8,9.65
X-4799,AKAP9,10142.0,Amp5,5.5
X-4799,AKR1B1,231.0,Amp8,10.06
X-4799,AKR1B10,57016.0,Amp8,10.06
X-4799,AKR1B15,441282.0,Amp8,10.06
X-4799,AKR1D1,6718.0,Amp8,10.06
X-4799,ALG1L2,644974.0,MutNovel,"A173V,1.000"
X-4799,ALKBH4,54784.0,Amp5,5.21
X-4799,AMELY,266.0,Del0.8,0.27
X-4799,ANAPC1,64682.0,MutNovel,"L887S,0.224"
X-4799,ANKIB1,54467.0,Amp5,5.5
X-4799,ANKRD36,375248.0,MutNovel,"T998S,0.448"
X-4799,ANKRD36,375248.0,MutNovel,"D1014Y,0.333"
X-4799,ANKRD7,56311.0,Amp5,5.43
X-4799,ANKS1A,23294.0,MutNovel,"R288G,0.476"
X-4799,AP1S1,1174.0,Amp5,5.21
X-4799,AP4M1,9179.0,Amp5,5.21
X-4799,ARF5,381.0,Amp8,9.78
X-4799,ARHGEF5,7984.0,Del0.8,0.79
X-4799,ARMC10,83787.0,Amp5,5.31
X-4799,ARPC1A,10552.0,Amp5,5.21
X-4799,ARPC1B,10095.0,Amp5,5.21
X-4799,ASB15,142685.0,Amp5,5.43
X-4799,ASB4,51666.0,Amp5,5.5
X-4799,ASNS,440.0,Amp5,5.5
X-4799,ASTN2,23245.0,MutNovel,"R925C,0.419"
X-4799,ASZ1,136991.0,Amp5,5.43
X-4799,ATP5J2,9551.0,Amp5,5.21
X-4799,ATP5J2-PTCD1,100526740.0,Amp5,5.21
X-4799,ATP6V0A4,50617.0,Amp8,10.06
X-4799,ATP6V1F,9296.0,Amp8,9.65
X-4799,ATXN7L1,222255.0,Amp5,5.31
X-4799,AZGP1,563.0,Amp5,5.21
X-4799,AZGP1P1,646282.0,Amp5,5.21
X-4799,BAG2,9532.0,MutNovel,"M59T,0.480"
X-4799,BAIAP2L1,55971.0,Amp5,5.21
X-4799,BCAP29,55973.0,Amp5,5.31
X-4799,BCORP1,286554.0,Del0.8,0.23
X-4799,BEND3,57673.0,Del0.8,0.49
X-4799,BET1,10282.0,Amp5,5.5
X-4799,BHLHA15,168620.0,Amp5,5.21
X-4799,BPGM,669.0,Amp8,10.06
X-4799,BPTF,2186.0,MutNovel,"T1629-,0.361"
X-4799,BPY2B,442867.0,Del0.8,0.14
X-4799,BPY2B,442867.0,Del0.8,0.08
X-4799,BRAF,673.0,Amp8,8.75
X-4799,BRI3,25798.0,Amp5,5.21
X-4799,BUD31,8896.0,Amp5,5.21
X-4799,C10orf2,56652.0,MutNovel,"G26V,0.667"
X-4799,C1orf86,199990.0,MutNovel,"R17T,1.000"
X-4799,C20orf194,25943.0,MutNovel,"V861M,0.682"
X-4799,C22orf46,79640.0,MutNovel,"E193D,0.571"
X-4799,C6orf132,647024.0,MutNovel,"T68A,1.000"
X-4799,C7orf23,79161.0,Amp5,5.5
X-4799,C7orf43,55262.0,Amp5,5.21
X-4799,C7orf45,136263.0,Amp8,9.65
X-4799,C7orf49,78996.0,Amp8,10.06
X-4799,C7orf53,286006.0,Amp5,5.43
X-4799,C7orf55,154791.0,Amp8,10.06
X-4799,C7orf59,389541.0,Amp5,5.21
X-4799,C7orf60,154743.0,Amp5,5.43
X-4799,C7orf61,402573.0,Amp5,5.21
X-4799,C7orf62,219557.0,Amp5,5.5
X-4799,C7orf63,79846.0,Amp5,5.5
X-4799,C7orf66,154907.0,Amp5,5.31
X-4799,C7orf73,647087.0,MutNovel,"A40V,0.802"
X-4799,C7orf73,647087.0,Amp8,10.06
X-4799,C9orf53,51198.0,Del0.8,0.26
X-4799,CADPS2,93664.0,Amp5,5.43
X-4799,CALCR,799.0,Amp5,5.5
X-4799,CALD1,800.0,Amp8,10.06
X-4799,CALU,813.0,Amp8,9.65
X-4799,CAPZA2,830.0,Amp5,5.43
X-4799,CASD1,64921.0,Amp5,5.5
X-4799,CAV1,857.0,Amp5,5.43
X-4799,CAV2,858.0,Amp5,5.43
X-4799,CBLL1,79872.0,Amp5,5.31
X-4799,CCDC132,55610.0,Amp5,5.5
X-4799,CCDC136,64753.0,Amp8,9.65
X-4799,CCDC146,57639.0,MutNovel,"I158V,1.000"
X-4799,CCDC71L,168455.0,Amp5,5.31
X-4799,CDHR3,222256.0,Amp5,5.31
X-4799,CDK14,5218.0,Amp5,5.5
X-4799,CDK6,1021.0,Amp5,5.5
X-4799,CDKN2A,1029.0,Del0.8,0.26
X-4799,CDKN2B,1030.0,Del0.8,0.45
X-4799,CDY1B,253175.0,Del0.8,0.23
X-4799,CDY1B,253175.0,Del0.8,0.13
X-4799,CDY2A,9426.0,Del0.8,0.14
X-4799,CDY2A,9426.0,Del0.8,0.27
X-4799,CDY2B,203611.0,Del0.8,0.27
X-4799,CDY2B,203611.0,Del0.8,0.14
X-4799,CEP41,95681.0,Amp8,9.65
X-4799,CEP70,80321.0,MutNovel,"P3L,0.423"
X-4799,CFTR,1080.0,Amp5,5.43
X-4799,CHCHD3,54927.0,Amp8,10.2
X-4799,CHRM2,1129.0,Amp8,10.06
X-4799,CLDN12,9069.0,Amp5,5.5
X-4799,CLDN15,24146.0,Amp5,5.21
X-4799,CLEC2L,154790.0,Amp8,10.06
X-4799,CNOT4,4850.0,Amp8,10.06
X-4799,CNPY4,245812.0,Amp5,5.21
X-4799,COG5,10466.0,Amp5,5.31
X-4799,COL1A2,1278.0,Amp5,5.5
X-4799,COL6A3,1293.0,MutNovel,"Y727S,1.000"
X-4799,COPG2,26958.0,Amp8,9.65
X-4799,COPS6,10980.0,Amp5,5.21
X-4799,COPS8,10920.0,Amp5,6.87
X-4799,CPA1,1357.0,Amp8,9.65
X-4799,CPA2,1358.0,Amp8,9.65
X-4799,CPA4,51200.0,Amp8,9.65
X-4799,CPA5,93979.0,Amp8,9.65
X-4799,CPSF4,10898.0,Amp5,5.21
X-4799,CREB3L2,64764.0,Amp8,10.06
X-4799,CROT,54677.0,Amp5,5.5
X-4799,CSPG4P1Y,114758.0,Del0.8,0.34
X-4799,CSPG4P1Y,114758.0,Del0.8,0.23
X-4799,CTAGE4,100128553.0,Del0.8,0.65
X-4799,CTSA,5476.0,MutNovel,"L29-,0.247"
X-4799,CTSC,1075.0,MutNovel,"V240I,0.603"
X-4799,CTTNBP2,83992.0,Amp5,5.43
X-4799,CUX1,1523.0,Amp5,5.21
X-4799,CYP3A4,1576.0,Amp5,5.21
X-4799,CYP3A43,64816.0,Amp5,5.21
X-4799,CYP3A5,1577.0,Amp5,5.21
X-4799,CYP3A7,1551.0,Amp5,5.21
X-4799,CYP51A1,1595.0,Amp5,5.5
X-4799,DAZ1,1617.0,Del0.8,0.23
X-4799,DAZ2,57055.0,Del0.8,0.15
X-4799,DAZ3,57054.0,Del0.8,0.14
X-4799,DAZ3,57054.0,Del0.8,0.08
X-4799,DAZ4,57135.0,Del0.8,0.12
X-4799,DAZ4,57135.0,Del0.8,0.16
X-4799,DBF4,10926.0,Amp5,5.5
X-4799,DDX3Y,8653.0,Del0.8,0.27
X-4799,DENND2A,27147.0,Amp8,10.06
X-4799,DENND4B,9909.0,MutNovel,"QQQ908-,0.295"
X-4799,DGKI,9162.0,Amp8,10.06
X-4799,DLD,1738.0,Amp5,5.31
X-4799,DLX5,1749.0,Amp5,5.5
X-4799,DLX6,1750.0,Amp5,5.5
X-4799,DLX6-AS1,285987.0,Amp5,5.5
X-4799,DMRTA1,63951.0,Del0.8,0.27
X-4799,DMTF1,9988.0,Amp5,5.5
X-4799,DNAJB9,4189.0,Amp5,5.31
X-4799,DNAJC2,27000.0,Amp5,5.31
X-4799,DOCK4,9732.0,Amp5,5.43
X-4799,DPY19L2P2,349152.0,Amp5,5.31
X-4799,DPY19L2P4,442523.0,Amp5,5.5
X-4799,DST,667.0,MutNovel,"R4949H,0.526"
X-4799,DUS4L,11062.0,Amp5,5.31
X-4799,DYNC1I1,1780.0,Amp5,5.5
X-4799,EEF1DP3,196549.0,Del0.8,0.54
X-4799,EFCAB10,100130771.0,Amp5,5.31
X-4799,EHBP1L1,254102.0,MutNovel,"K1219T,0.388"
X-4799,EIF1AY,9086.0,Del0.8,0.23
X-4799,EIF3IP1,442720.0,Amp5,5.43
X-4799,EMID2,136227.0,Amp5,5.21
X-4799,EP400,57634.0,MutNovel,"S1819C,0.633"
X-4799,EPHB4,2050.0,Amp5,5.21
X-4799,EPO,2056.0,Amp5,5.21
X-4799,EXOC4,60412.0,Amp8,10.2
X-4799,FAM133B,257415.0,Amp5,5.5
X-4799,FAM180A,389558.0,Amp8,10.06
X-4799,FAM197Y2P,252946.0,Del0.8,0.27
X-4799,FAM200A,221786.0,Amp5,5.21
X-4799,FAM20C,56975.0,MutNovel,"K2M,0.432"
X-4799,FAM35B,414241.0,Del0.8,0.65
X-4799,FAM3C,10447.0,Amp5,5.43
X-4799,FAM40B,57464.0,Amp8,9.65
X-4799,FAM41AY1,340618.0,Del0.8,0.27
X-4799,FAM41AY1,340618.0,Del0.8,0.14
X-4799,FAM71F1,84691.0,Amp8,9.65
X-4799,FAM71F2,346653.0,Amp8,9.65
X-4799,FARSA,2193.0,MutNovel,"K117T,0.498"
X-4799,FBRSL1,57666.0,MutNovel,"A322G,0.447"
X-4799,FBRSL1,57666.0,MutNovel,"P933L,0.591"
X-4799,FBXL13,222235.0,Amp5,5.31
X-4799,FBXO24,26261.0,Amp5,5.21
X-4799,FBXW11,23291.0,MutNovel,"G53V,0.500"
X-4799,FEZF1,389549.0,Amp5,5.43
X-4799,FGF5,2250.0,MutNovel,"E223EQ,0.411"
X-4799,FIS1,51024.0,Amp5,5.21
X-4799,FLJ35282,441389.0,Del0.8,0.23
X-4799,FLJ42280,401388.0,Amp5,5.5
X-4799,FLJ43663,378805.0,Amp8,9.65
X-4799,FLJ45340,402483.0,Amp8,9.65
X-4799,FLNC,2318.0,Amp8,9.65
X-4799,FOXP2,93986.0,Amp5,5.43
X-4799,FOXRED1,55572.0,MutKnownFunctional,"Q481*,0.974"
X-4799,FSCN3,29999.0,Amp8,9.78
X-4799,FZD1,8321.0,Amp5,5.5
X-4799,FZR1,51343.0,MutNovel,"G369R,0.538"
X-4799,GAGE1,2543.0,MutNovel,"Y9C,1.000"
X-4799,GAGE1,2543.0,MutNovel,"R13S,1.000"
X-4799,GAGE1,2543.0,MutNovel,"R28Q,0.400"
X-4799,GAGE12H,,MutNovel,"R13S,1.000"
X-4799,GAL3ST4,79690.0,Amp5,5.21
X-4799,GALK2,2585.0,MutNovel,"H291R,0.526"
X-4799,GALNT6,11226.0,MutNovel,"V259M,0.836"
X-4799,GATAD1,57798.0,Amp5,5.5
X-4799,GATS,352954.0,Amp5,5.21
X-4799,GCC1,79571.0,MutNovel,"R607H,0.906"
X-4799,GCC1,79571.0,Amp8,9.78
X-4799,GIGYF1,64599.0,Amp5,5.21
X-4799,GIGYF2,26058.0,MutNovel,"PQ1231P,0.755"
X-4799,GJC3,349149.0,Amp5,5.21
X-4799,GNB2,2783.0,Amp5,5.21
X-4799,GNG11,2791.0,Amp5,5.5
X-4799,GNGT1,2792.0,Amp5,5.5
X-4799,GOLGA2P2Y,84559.0,Del0.8,0.34
X-4799,GOLGA2P2Y,84559.0,Del0.8,0.23
X-4799,GPC2,221914.0,Amp5,5.21
X-4799,GPR22,2845.0,Amp5,5.31
X-4799,GPR37,2861.0,Amp5,5.43
X-4799,GPR85,54329.0,Amp5,5.43
X-4799,GRM3,2913.0,Amp5,5.5
X-4799,GRM8,2918.0,Amp8,11.39
X-4799,GTPBP10,85865.0,Amp5,5.5
X-4799,GYG2P1,352887.0,Del0.8,0.27
X-4799,HBP1,26959.0,Amp5,5.31
X-4799,HEATR5A,25938.0,MutNovel,"L373-,0.583"
X-4799,HEPACAM2,253012.0,Amp5,5.5
X-4799,HGC6.3,100128124.0,MutNovel,"M128V,0.500"
X-4799,HGC6.3,100128124.0,MutNovel,"P108Q,0.444"
X-4799,HGC6.3,100128124.0,MutNovel,"V104A,0.600"
X-4799,HGC6.3,100128124.0,MutNovel,"P88S,0.312"
X-4799,HGC6.3,100128124.0,MutNovel,"Q66P,0.353"
X-4799,HGC6.3,100128124.0,MutNovel,"Q38P,0.667"
X-4799,HILPDA,29923.0,Amp8,9.06
X-4799,HIPK2,28996.0,Amp8,10.06
X-4799,HIST3H2A,92815.0,MutNovel,"R100G,0.333"
X-4799,HLA-DRB1,3123.0,Amp5,5.03
X-4799,HLA-DRB5,3127.0,Amp5,5.03
X-4799,HLA-DRB6,3128.0,Amp5,5.03
X-4799,HSF1,3297.0,MutNovel,"L432V,0.511"
X-4799,HSFY2,159119.0,Del0.8,0.14
X-4799,HSFY2,159119.0,Del0.8,0.14
X-4799,HYAL4,23553.0,Amp5,5.43
X-4799,HYALP1,26062.0,Amp5,5.43
X-4799,IFITM3,10410.0,MutNovel,"A77V,0.499"
X-4799,IFNA1,3439.0,Del0.8,0.15
X-4799,IFNA10,3446.0,Del0.8,0.39
X-4799,IFNA13,3447.0,Del0.8,0.28
X-4799,IFNA14,3448.0,Del0.8,0.39
X-4799,IFNA16,3449.0,Del0.8,0.39
X-4799,IFNA17,3451.0,Del0.8,0.39
X-4799,IFNA2,3440.0,Del0.8,0.28
X-4799,IFNA21,3452.0,Del0.8,0.33
X-4799,IFNA22P,3453.0,Del0.8,0.15
X-4799,IFNA4,3441.0,Del0.8,0.13
X-4799,IFNA5,3442.0,Del0.8,0.28
X-4799,IFNA6,3443.0,Del0.8,0.28
X-4799,IFNA7,3444.0,Del0.8,0.39
X-4799,IFNA8,3445.0,Del0.8,0.28
X-4799,IFNB1,3456.0,Del0.8,0.33
X-4799,IFNW1,3467.0,Del0.8,0.33
X-4799,IFRD1,3475.0,Amp5,5.43
X-4799,IMMP2L,83943.0,Amp5,5.43
X-4799,IMPDH1,3614.0,Amp8,9.06
X-4799,ING3,54556.0,Amp5,5.43
X-4799,IQUB,154865.0,Amp5,5.43
X-4799,IRF5,3663.0,Amp8,9.65
X-4799,ITPR2,3709.0,MutKnownFunctional,"Q1788*,0.267"
X-4799,JHDM1D,80853.0,Amp8,10.06
X-4799,KCND2,3751.0,Amp5,5.43
X-4799,KCP,375616.0,Amp8,9.65
X-4799,KDM5D,8284.0,Del0.8,0.23
X-4799,KIAA0355,9710.0,MutNovel,"TPPQP1036T,0.500"
X-4799,KIAA1324L,222223.0,Amp5,5.5
X-4799,KIAA1549,57670.0,Amp8,10.06
X-4799,KIF1B,23095.0,MutNovel,"F1547L,0.350"
X-4799,KIF20B,9585.0,MutNovel,"L1062LKV,0.396"
X-4799,KLF14,136259.0,Amp8,9.65
X-4799,KLHDC10,23008.0,Amp8,9.65
X-4799,KLHL9,55958.0,Del0.8,0.28
X-4799,KLRG2,346689.0,Amp8,10.06
X-4799,KPNA7,402569.0,Amp5,5.21
X-4799,KRIT1,889.0,Amp5,5.5
X-4799,KRT10,3858.0,MutNovel,"G514A,0.258"
X-4799,LAMB1,3912.0,Amp5,5.31
X-4799,LAMB4,22798.0,Amp5,5.31
X-4799,LCE3C,353144.0,Del0.8,0.25
X-4799,LEP,3952.0,Amp8,9.78
X-4799,LMOD2,442721.0,Amp5,5.43
X-4799,LMTK2,22853.0,Amp5,5.21
X-4799,LOC100129148,100129148.0,Amp8,10.06
X-4799,LOC100130705,100130705.0,Amp8,9.65
X-4799,LOC100130880,100130880.0,Amp8,10.06
X-4799,LOC100134229,100134229.0,Amp8,10.06
X-4799,LOC100216545,100216545.0,Amp5,5.31
X-4799,LOC100216546,100216546.0,Amp5,5.31
X-4799,LOC100287482,100287482.0,Amp8,9.65
X-4799,LOC100289187,100289187.0,Amp5,5.21
X-4799,LOC100289561,100289561.0,Amp5,5.21
X-4799,LOC100506136,100506136.0,Amp5,5.5
X-4799,LOC100630923,100630923.0,Amp5,5.21
X-4799,LOC100996481,,MutNovel,"Y287C,1.000"
X-4799,LOC154872,154872.0,Amp5,5.43
X-4799,LOC401397,401397.0,Amp5,5.43
X-4799,LOC407835,407835.0,Amp8,9.65
X-4799,LOC440563,440563.0,MutNovel,"H145R,1.000"
X-4799,LOC646021,,MutNovel,"V48A,1.000"
X-4799,LOC646329,646329.0,Amp8,9.65
X-4799,LOC728377,728377.0,Del0.8,0.65
X-4799,LOC730268,,MutKnownFunctional,"-148?,1.000"
X-4799,LRCH4,4034.0,Amp5,5.21
X-4799,LRGUK,136332.0,Amp8,10.06
X-4799,LRRC16A,55604.0,MutNovel,"R1345L,0.652"
X-4799,LRRC17,10234.0,Amp5,5.31
X-4799,LRRC4,64101.0,Amp8,9.78
X-4799,LRRD1,401387.0,Amp5,5.5
X-4799,LRRN3,54674.0,Amp5,5.43
X-4799,LRWD1,222229.0,Amp5,5.21
X-4799,LSR,51599.0,MutNovel,"G518GR,0.417"
X-4799,LUC7L2,51631.0,Amp8,10.06
X-4799,LUZP6,767558.0,Amp8,10.06
X-4799,MBD2,8932.0,MutNovel,"C111G,0.353"
X-4799,MBD2,8932.0,MutNovel,"C111G,0.353"
X-4799,MBLAC1,255374.0,Amp5,5.21
X-4799,MCM7,4176.0,Amp5,5.21
X-4799,MDFIC,29969.0,Amp5,5.43
X-4799,MEPCE,56257.0,Amp5,5.21
X-4799,MEST,4232.0,Amp8,9.65
X-4799,MESTIT1,317751.0,Amp8,9.65
X-4799,MET,4233.0,Amp5,5.43
X-4799,METTL2B,55798.0,Amp8,9.06
X-4799,MGC16142,84849.0,Amp5,5.5
X-4799,MIR106B,406900.0,Amp5,5.21
X-4799,MIR129-1,406917.0,Amp8,9.78
X-4799,MIR182,406958.0,Amp8,9.65
X-4799,MIR183,406959.0,Amp8,9.65
X-4799,MIR25,407014.0,Amp5,5.21
X-4799,MIR29A,407021.0,Amp8,9.65
X-4799,MIR29B1,407024.0,Amp8,9.65
X-4799,MIR31,407035.0,Del0.8,0.48
X-4799,MIR31HG,554202.0,Del0.8,0.24
X-4799,MIR335,442904.0,Amp8,9.65
X-4799,MIR3609,100500819.0,Amp5,5.21
X-4799,MIR3666,100500896.0,Amp5,5.43
X-4799,MIR4285,100422858.0,Amp5,5.21
X-4799,MIR4457,100616235.0,Amp5,5.21
X-4799,MIR4467,100616367.0,Amp5,5.21
X-4799,MIR4468,100616226.0,Amp8,10.06
X-4799,MIR4652,100616206.0,Amp5,5.5
X-4799,MIR4653,100616117.0,Amp5,5.21
X-4799,MIR4658,100616439.0,Amp5,5.21
X-4799,MIR489,574442.0,Amp5,5.5
X-4799,MIR490,574443.0,Amp8,10.06
X-4799,MIR491,574444.0,Del0.8,0.23
X-4799,MIR591,693176.0,Amp5,5.5
X-4799,MIR592,693177.0,Amp8,10.13
X-4799,MIR593,693178.0,Amp8,9.78
X-4799,MIR653,724023.0,Amp5,5.5
X-4799,MIR93,407050.0,Amp5,5.21
X-4799,MIR96,407053.0,Amp8,9.65
X-4799,MKLN1,4289.0,Amp8,9.65
X-4799,MKRN1,23608.0,Amp8,10.06
X-4799,MLL,4297.0,MutNovel,"A1278D,1.000"
X-4799,MLL4,9757.0,MutNovel,"R2161C,0.727"
X-4799,MLL5,55904.0,Amp5,5.31
X-4799,MLLT3,4300.0,Del0.8,0.45
X-4799,MOGAT3,346606.0,Amp5,5.21
X-4799,MOSPD3,64598.0,Amp5,5.21
X-4799,MRPL51,51258.0,MutNovel,"L31F,0.406"
X-4799,MRPS33,51650.0,Amp5,5.21
X-4799,MTAP,4507.0,Del0.8,0.33
X-4799,MTERF,7978.0,Amp5,5.5
X-4799,MTF1,4520.0,MutNovel,"D31E,0.700"
X-4799,MTHFD1L,25902.0,MutNovel,"V796A,0.507"
X-4799,MUC12,10071.0,Amp5,5.21
X-4799,MUC17,140453.0,Amp5,5.21
X-4799,MYH16,84176.0,Amp5,5.21
X-4799,MYL10,93408.0,Amp5,5.21
X-4799,NAA38,51691.0,Amp5,5.43
X-4799,NAMPT,10135.0,Amp5,5.31
X-4799,NAPEPLD,222236.0,Amp5,5.31
X-4799,NAT16,375607.0,Amp5,5.21
X-4799,NBPF1,55672.0,MutNovel,"C910F,0.311"
X-4799,NCOA3,8202.0,MutNovel,"Q1255-,0.222"
X-4799,NCOR2,9612.0,MutNovel,"G1839GAAA,0.540"
X-4799,NCRNA00185,55410.0,Del0.8,0.23
X-4799,NDUFA5,4698.0,Amp5,5.43
X-4799,NDUFB2,4708.0,Amp8,10.06
X-4799,NELL2,4753.0,MutNovel,"D316E,1.000"
X-4799,NLGN4Y,22829.0,Del0.8,0.27
X-4799,NPIPL3,23117.0,MutNovel,"G587R,0.714"
X-4799,NPTX2,4885.0,Amp5,5.21
X-4799,NRAS,4893.0,MutKnownFunctional,"G12D,0.490"
X-4799,NRCAM,4897.0,Amp5,5.31
X-4799,NRF1,4899.0,Amp8,9.65
X-4799,NUDT22,84304.0,MutNovel,"T129R,0.386"
X-4799,NUMA1,4926.0,MutNovel,"H1657R,0.675"
X-4799,NUP205,23165.0,Amp8,10.06
X-4799,NXT2,55916.0,MutNovel,"T52I,1.000"
X-4799,NYAP1,222950.0,Amp5,5.21
X-4799,OCM2,4951.0,Amp5,5.21
X-4799,OPN1SW,611.0,Amp8,9.65
X-4799,OR2A42,402317.0,Del0.8,0.65
X-4799,OR2A42,402317.0,Del0.8,0.65
X-4799,OR2A7,401427.0,Del0.8,0.65
X-4799,OR2A9P,441295.0,Del0.8,0.65
X-4799,OR2A9P,441295.0,Del0.8,0.65
X-4799,OR2AE1,81392.0,Amp5,5.21
X-4799,OR2T10,127069.0,Amp5,5.06
X-4799,OR2T11,127077.0,Amp5,5.06
X-4799,OR2T34,127068.0,Amp5,5.06
X-4799,OR2T35,403244.0,Amp5,5.06
X-4799,ORAI1,84876.0,MutNovel,"PP43-,0.864"
X-4799,ORAI2,80228.0,Amp5,5.21
X-4799,ORC5,5001.0,Amp5,5.31
X-4799,OXSR1,9943.0,MutNovel,"L236V,0.461"
X-4799,PAM,5066.0,MutNovel,"V13L,0.496"
X-4799,PARP12,64761.0,Amp8,10.06
X-4799,PAX4,5078.0,Amp8,9.78
X-4799,PCDH11Y,83259.0,Del0.8,0.27
X-4799,PCOLCE,5118.0,Amp5,5.21
X-4799,PDAP1,11333.0,Amp5,5.21
X-4799,PDE4D,5144.0,MutNovel,"P5T,0.455"
X-4799,PDK4,5166.0,Amp5,5.5
X-4799,PEG10,23089.0,Amp5,5.5
X-4799,PEX1,5189.0,Amp5,5.5
X-4799,PGAM4,441531.0,MutNovel,"V63A,0.667"
X-4799,PHLDA1,22822.0,MutNovel,"QQ194Q,0.517"
X-4799,PIK3CG,5294.0,Amp5,5.31
X-4799,PILRA,29992.0,Amp5,5.21
X-4799,PILRB,29990.0,Amp5,5.21
X-4799,PKD1,5310.0,MutNovel,"R739E,1.000"
X-4799,PKM,,MutNovel,"T36S,0.583"
X-4799,PLOD3,8985.0,Amp5,5.21
X-4799,PLXNA4,91584.0,Amp8,10.2
X-4799,PMPCB,9512.0,Amp5,5.31
X-4799,PMS2P1,5379.0,Amp5,5.21
X-4799,PNPLA8,50640.0,Amp5,5.31
X-4799,PODXL,5420.0,Amp8,9.65
X-4799,POLR2J,5439.0,Amp5,5.21
X-4799,POLR2J2,246721.0,Amp5,5.21
X-4799,POLR2J3,548644.0,Amp5,5.21
X-4799,PON1,5444.0,Amp5,5.5
X-4799,PON2,5445.0,Amp5,5.5
X-4799,PON3,5446.0,Amp5,5.5
X-4799,POP7,10248.0,Amp5,5.21
X-4799,POT1,25913.0,Amp5,5.43
X-4799,PPP1R35,221908.0,Amp5,5.21
X-4799,PPP1R3A,5506.0,Amp5,5.43
X-4799,PPP1R9A,55607.0,Amp5,5.5
X-4799,PRDM9,56979.0,MutNovel,"T597S,0.250"
X-4799,PRKAB1,5564.0,MutNovel,"E42K,0.391"
X-4799,PRKAR2B,5577.0,Amp5,5.31
X-4799,PRKRIP1,79706.0,Amp5,5.21
X-4799,PRKY,5616.0,Del0.8,0.27
X-4799,PRRT4,401399.0,Amp8,9.06
X-4799,PRY,9081.0,Del0.8,0.23
X-4799,PRY,9081.0,Del0.8,0.23
X-4799,PRY2,442862.0,Del0.8,0.23
X-4799,PRY2,442862.0,Del0.8,0.23
X-4799,PSMC2,5701.0,Amp5,5.31
X-4799,PTCD1,26024.0,Amp5,5.21
X-4799,PTN,5764.0,Amp8,10.06
X-4799,PTPLAD2,401494.0,Del0.8,0.27
X-4799,PTPRZ1,5803.0,Amp5,5.43
X-4799,PUS7,54517.0,Amp5,5.31
X-4799,PUSL1,126789.0,MutNovel,"A75V,0.520"
X-4799,PVRIG,79037.0,Amp5,5.21
X-4799,RAB19,401409.0,Amp8,10.06
X-4799,RABL5,64792.0,Amp5,5.21
X-4799,RAD54B,25788.0,MutKnownFunctional,"-83,0.611"
X-4799,RASA4,10156.0,Amp5,5.21
X-4799,RBM28,55131.0,Amp8,9.06
X-4799,RBM48,84060.0,Amp5,5.5
X-4799,RBMY1A3P,286557.0,Del0.8,0.27
X-4799,RBMY1B,378948.0,Del0.8,0.23
X-4799,RBMY1B,378948.0,Del0.8,0.23
X-4799,RBMY1E,378950.0,Del0.8,0.23
X-4799,RBMY1E,378950.0,Del0.8,0.23
X-4799,RBMY1F,159163.0,Del0.8,0.23
X-4799,RBMY1F,159163.0,Del0.8,0.23
X-4799,RBMY1J,378951.0,Del0.8,0.23
X-4799,RBMY1J,378951.0,Del0.8,0.23
X-4799,RBMY2EP,159125.0,Del0.8,0.23
X-4799,RBMY2FP,159162.0,Del0.8,0.23
X-4799,RBMY3AP,64593.0,Del0.8,0.27
X-4799,RELN,5649.0,Amp5,5.31
X-4799,RIN3,79890.0,MutNovel,"G967-,0.629"
X-4799,RINT1,60561.0,Amp5,5.31
X-4799,RNF123,63891.0,MutNovel,"R843C,0.275"
X-4799,RNF133,168433.0,Amp5,5.43
X-4799,RNF148,378925.0,Amp5,5.43
X-4799,RNF19B,127544.0,MutNovel,"A401G,0.516"
X-4799,RPL18,6141.0,MutNovel,"R14W,0.508"
X-4799,RPL19P12,100129424.0,Amp5,5.31
X-4799,RPS4Y1,6192.0,Del0.8,0.27
X-4799,RPS4Y2,140032.0,Del0.8,0.23
X-4799,RREB1,6239.0,MutNovel,"R1358H,0.900"
X-4799,RUNDC3B,154661.0,Amp5,5.5
X-4799,SAMD9,54809.0,Amp5,5.5
X-4799,SAMD9L,219285.0,Amp5,5.5
X-4799,SAP25,100316904.0,Amp5,5.21
X-4799,SENP2,59343.0,MutNovel,"V269I,0.471"
X-4799,SERINC2,347735.0,MutNovel,"-373Q,0.686"
X-4799,SERPINE1,5054.0,Amp5,5.21
X-4799,SGCE,8910.0,Amp5,5.5
X-4799,SH2B2,10603.0,Amp5,5.21
X-4799,SHFM1,7979.0,Amp5,5.5
X-4799,SHROOM4,57477.0,MutNovel,"K1129Q,1.000"
X-4799,SIRPB1,10326.0,MutNovel,"V131A,1.000"
X-4799,SLC12A9,56996.0,Amp5,5.21
X-4799,SLC13A1,6561.0,Amp5,5.43
X-4799,SLC13A4,26266.0,Amp8,10.06
X-4799,SLC25A13,10165.0,Amp5,5.5
X-4799,SLC25A40,55972.0,Amp5,5.5
X-4799,SLC26A3,1811.0,Amp5,5.31
X-4799,SLC26A4,5172.0,Amp5,5.31
X-4799,SLC26A5,375611.0,Amp5,5.31
X-4799,SLC35B4,84912.0,Amp8,10.06
X-4799,SLC37A3,84255.0,Amp8,10.06
X-4799,SLC6A18,348932.0,Amp5,5.21
X-4799,SLC6A19,340024.0,Amp5,5.21
X-4799,SMO,6608.0,Amp8,9.65
X-4799,SMURF1,57154.0,Amp5,5.21
X-4799,SND1,27044.0,Amp8,9.78
X-4799,SND1-IT1,27099.0,Amp8,9.78
X-4799,SPAM1,6677.0,Amp5,5.43
X-4799,SPATA18,132671.0,MutNovel,"S227L,1.000"
X-4799,SPATA5L1,79029.0,MutNovel,"D564E,0.493"
X-4799,SPDYE2,441273.0,Amp5,5.21
X-4799,SPDYE3,441272.0,Amp5,5.21
X-4799,SPDYE6,729597.0,Amp5,5.21
X-4799,SRBD1,55133.0,MutNovel,"L863F,1.000"
X-4799,SRI,6717.0,Amp5,5.5
X-4799,SRPK2,6733.0,Amp5,5.31
X-4799,SRRT,51593.0,Amp5,5.21
X-4799,SRY,6736.0,Del0.8,0.27
X-4799,ST7,7982.0,Amp5,5.43
X-4799,ST7-AS1,93653.0,Amp5,5.43
X-4799,ST7-AS2,93654.0,Amp5,5.43
X-4799,ST7-OT3,93655.0,Amp5,5.43
X-4799,ST7-OT4,338069.0,Amp5,5.43
X-4799,STAG3,10734.0,Amp5,5.21
X-4799,STEAP1,26872.0,Amp5,5.5
X-4799,STEAP2,261729.0,Amp5,5.5
X-4799,STEAP4,79689.0,Amp5,5.5
X-4799,STRA8,346673.0,Amp8,10.06
X-4799,SVOPL,136306.0,Amp8,10.06
X-4799,SYNE3,,MutNovel,"R644Q,0.714"
X-4799,SYPL1,6856.0,Amp5,5.31
X-4799,TAC1,6863.0,Amp5,5.5
X-4799,TACC3,10460.0,MutNovel,"E101Q,0.546"
X-4799,TAF6,6878.0,Amp5,5.21
X-4799,TAS2R16,50833.0,Amp5,5.43
X-4799,TBL1Y,90665.0,Del0.8,0.27
X-4799,TBP,6908.0,MutNovel,"-64Q,0.250"
X-4799,TBXAS1,6916.0,Amp8,10.06
X-4799,TECPR1,25851.0,Amp5,5.21
X-4799,TERT,7015.0,Amp5,5.21
X-4799,TES,26136.0,Amp5,5.43
X-4799,TFEC,22797.0,Amp5,5.43
X-4799,TFPI2,7980.0,Amp5,5.5
X-4799,TFR2,7036.0,Amp5,5.21
X-4799,TGIF2LY,90655.0,Del0.8,0.27
X-4799,THAP5,168451.0,Amp5,5.31
X-4799,TLK2,11011.0,MutNovel,"R262Q,0.236"
X-4799,TLR4,7099.0,MutNovel,"A16S,0.300"
X-4799,TMEM130,222865.0,Amp5,5.21
X-4799,TMEM140,55281.0,Amp8,10.06
X-4799,TMEM168,64418.0,Amp5,5.43
X-4799,TMEM206,55248.0,MutNovel,"Y147C,0.316"
X-4799,TMEM209,84928.0,Amp8,9.65
X-4799,TMEM213,155006.0,Amp8,10.06
X-4799,TMEM221,100130519.0,MutNovel,"R174W,1.000"
X-4799,TMEM229A,730130.0,Amp5,5.43
X-4799,TMSB4Y,9087.0,Del0.8,0.27
X-4799,TNPO3,23534.0,Amp8,9.65
X-4799,TP53TG1,11257.0,Amp5,5.5
X-4799,TPBG,7162.0,MutNovel,"Q61E,0.472"
X-4799,TPI1P2,286016.0,Amp8,9.65
X-4799,TPTE2P3,220115.0,Del0.8,0.68
X-4799,TRIM24,8805.0,Amp8,10.06
X-4799,TRIM4,89122.0,Amp5,5.21
X-4799,TRIM56,81844.0,Amp5,5.21
X-4799,TRIP6,7205.0,Amp5,5.21
X-4799,TRPM7,54822.0,MutNovel,"S196P,0.559"
X-4799,TRRAP,8295.0,Amp5,5.21
X-4799,TSC22D4,81628.0,Amp5,5.21
X-4799,TSGA13,114960.0,Amp8,9.65
X-4799,TSPAN12,23554.0,Amp5,5.43
X-4799,TSPAN33,340348.0,Amp8,9.65
X-4799,TSPY1,7258.0,Del0.8,0.27
X-4799,TSPY2,64591.0,Del0.8,0.27
X-4799,TSPY3,728137.0,Del0.8,0.27
X-4799,TSPY4,728395.0,Del0.8,0.27
X-4799,TSPY8,728403.0,Del0.8,0.27
X-4799,TTC26,79989.0,Amp8,10.06
X-4799,TTK,7272.0,MutNovel,"S433L,0.400"
X-4799,TTN,7273.0,MutNovel,"V34996F,1.000"
X-4799,TTTY10,246119.0,Del0.8,0.23
X-4799,TTTY11,83866.0,Del0.8,0.27
X-4799,TTTY12,83867.0,Del0.8,0.27
X-4799,TTTY13,83868.0,Del0.8,0.23
X-4799,TTTY14,83869.0,Del0.8,0.23
X-4799,TTTY15,64595.0,Del0.8,0.27
X-4799,TTTY16,252948.0,Del0.8,0.27
X-4799,TTTY17A,252949.0,Del0.8,0.14
X-4799,TTTY17A,252949.0,Del0.8,0.34
X-4799,TTTY18,252950.0,Del0.8,0.27
X-4799,TTTY19,252952.0,Del0.8,0.27
X-4799,TTTY1B,100101116.0,Del0.8,0.27
X-4799,TTTY1B,100101116.0,Del0.8,0.27
X-4799,TTTY2,60439.0,Del0.8,0.27
X-4799,TTTY2,60439.0,Del0.8,0.27
X-4799,TTTY20,252951.0,Del0.8,0.27
X-4799,TTTY21,252953.0,Del0.8,0.27
X-4799,TTTY21,252953.0,Del0.8,0.27
X-4799,TTTY22,252954.0,Del0.8,0.27
X-4799,TTTY23,252955.0,Del0.8,0.27
X-4799,TTTY23,252955.0,Del0.8,0.27
X-4799,TTTY3,114760.0,Del0.8,0.23
X-4799,TTTY3,114760.0,Del0.8,0.13
X-4799,TTTY4,114761.0,Del0.8,0.08
X-4799,TTTY4,114761.0,Del0.8,0.14
X-4799,TTTY5,83863.0,Del0.8,0.23
X-4799,TTTY6,84672.0,Del0.8,0.23
X-4799,TTTY6,84672.0,Del0.8,0.23
X-4799,TTTY7,246122.0,Del0.8,0.27
X-4799,TTTY7,246122.0,Del0.8,0.27
X-4799,TTTY7B,100101120.0,Del0.8,0.27
X-4799,TTTY7B,100101120.0,Del0.8,0.27
X-4799,TTTY8,84673.0,Del0.8,0.27
X-4799,TTTY8,84673.0,Del0.8,0.27
X-4799,TTTY9A,83864.0,Del0.8,0.14
X-4799,TTTY9A,83864.0,Del0.8,0.14
X-4799,TXLNG2P,246126.0,Del0.8,0.23
X-4799,TYK2,7297.0,MutNovel,"P120L,0.585"
X-4799,UBE2H,7328.0,Amp8,9.65
X-4799,UBN2,254048.0,Amp8,10.06
X-4799,UFSP1,402682.0,Amp5,5.21
X-4799,UNKL,64718.0,MutNovel,"A478V,0.500"
X-4799,USP36,57602.0,MutNovel,"KKK958K,0.291"
X-4799,USP9Y,8287.0,Del0.8,0.27
X-4799,UTY,7404.0,Del0.8,0.27
X-4799,VCY,9084.0,Del0.8,0.27
X-4799,VCY,9084.0,Del0.8,0.27
X-4799,VGF,7425.0,Amp5,5.21
X-4799,VPS8,23355.0,MutNovel,"S267C,0.571"
X-4799,WASL,8976.0,Amp5,5.43
X-4799,WDR91,29062.0,Amp8,10.06
X-4799,WNT16,51384.0,Amp5,5.43
X-4799,WNT2,7472.0,Amp5,5.43
X-4799,XKRY2,353515.0,Del0.8,0.27
X-4799,XKRY2,353515.0,Del0.8,0.14
X-4799,XXYLT1,152002.0,MutNovel,"D349E,0.400"
X-4799,ZAN,7455.0,Amp5,5.21
X-4799,ZC3HAV1,56829.0,Amp8,10.06
X-4799,ZC3HAV1L,92092.0,Amp8,10.06
X-4799,ZC3HC1,51530.0,Amp8,9.65
X-4799,ZCWPW1,55063.0,Amp5,5.21
X-4799,ZFHX3,463.0,MutNovel,"QQQ3202Q,0.538"
X-4799,ZFY,7544.0,Del0.8,0.27
X-4799,ZKSCAN1,7586.0,Amp5,5.21
X-4799,ZKSCAN5,23660.0,Amp5,5.21
X-4799,ZNF219,51222.0,MutNovel,"QPP233P,0.355"
X-4799,ZNF277,11179.0,Amp5,5.43
X-4799,ZNF3,7551.0,Amp5,5.21
X-4799,ZNF394,84124.0,Amp5,5.21
X-4799,ZNF498,221785.0,Amp5,5.21
X-4799,ZNF551,90233.0,MutNovel,"Y54C,0.250"
X-4799,ZNF655,79027.0,Amp5,5.21
X-4799,ZNF789,285989.0,Amp5,5.21
X-4799,ZNF800,168850.0,Amp8,9.78
X-4799,ZNF804B,219578.0,Amp5,5.5
X-4799,ZNHIT1,10467.0,Amp5,5.21
X-4799,ZSCAN21,7589.0,Amp5,5.21
X-4818,ACTR3C,653857.0,MutNovel,"S163F,1.000"
X-4818,ACTRT1,139741.0,Del0.8,0.5
X-4818,AFP,174.0,Del0.8,0.59
X-4818,AGA,175.0,MutNovel,"R292I,1.000"
X-4818,AJUBA,84962.0,MutNovel,"N529S,0.500"
X-4818,ALB,213.0,Del0.8,0.49
X-4818,AMELY,266.0,Del0.8,0.51
X-4818,ANKRD17,26057.0,Del0.8,0.54
X-4818,ANKRD29,147463.0,Amp5,6.06
X-4818,ANKRD36,375248.0,MutNovel,"T998S,0.550"
X-4818,APC,324.0,MutNovel,"-2118A,0.325"
X-4818,AQP4,361.0,Amp5,6.06
X-4818,ARFGEF2,10564.0,MutNovel,"G1172D,0.551"
X-4818,AVEN,57099.0,MutNovel,"GGGGG41G,0.312"
X-4818,BCORP1,286554.0,Del0.8,0.44
X-4818,BEST3,144453.0,Amp8,94.35
X-4818,BPY2B,442867.0,Del0.8,0.23
X-4818,BPY2B,442867.0,Del0.8,0.33
X-4818,C12orf60,144608.0,MutKnownFunctional,"K68*,0.538"
X-4818,C17orf96,100170841.0,MutNovel,"G130S,0.667"
X-4818,C18orf8,29919.0,Amp5,6.06
X-4818,CABLES1,91768.0,Amp5,6.06
X-4818,CABYR,26256.0,Amp5,6.06
X-4818,CARD10,29775.0,MutNovel,"R142Q,1.000"
X-4818,CCT2,10576.0,Amp8,124.5
X-4818,CDC42EP1,11135.0,MutNovel,"PAPAANPS253P,0.750"
X-4818,CDT1,81620.0,MutNovel,"A217T,0.365"
X-4818,CDY1B,253175.0,Del0.8,0.44
X-4818,CDY1B,253175.0,Del0.8,0.33
X-4818,CDY2A,9426.0,Del0.8,0.44
X-4818,CDY2A,9426.0,Del0.8,0.44
X-4818,CDY2B,203611.0,Del0.8,0.44
X-4818,CDY2B,203611.0,Del0.8,0.44
X-4818,COX18,285521.0,Del0.8,0.19
X-4818,CPM,1368.0,Amp8,124.5
X-4818,CPSF6,11052.0,Amp8,124.5
X-4818,CRIPAK,285464.0,MutNovel,"V164A,0.667"
X-4818,CSN1S1,1446.0,Del0.8,0.54
X-4818,CSPG4,1464.0,MutNovel,"P407L,0.278"
X-4818,CSPG4P1Y,114758.0,Del0.8,0.44
X-4818,CSPG4P1Y,114758.0,Del0.8,0.33
X-4818,CTAGE4,100128553.0,Amp5,5.13
X-4818,CTSA,5476.0,MutNovel,"L29-,0.326"
X-4818,DAZ1,1617.0,Del0.8,0.44
X-4818,DAZ2,57055.0,Del0.8,0.39
X-4818,DAZ3,57054.0,Del0.8,0.38
X-4818,DAZ3,57054.0,Del0.8,0.33
X-4818,DAZ4,57135.0,Del0.8,0.4
X-4818,DAZ4,57135.0,Del0.8,0.36
X-4818,DDX3Y,8653.0,Del0.8,0.44
X-4818,EIF1AY,9086.0,Del0.8,0.44
X-4818,ELFN1,392617.0,MutNovel,"N370D,0.667"
X-4818,FAM197Y2P,252946.0,Del0.8,0.09
X-4818,FAM41AY1,340618.0,Del0.8,0.44
X-4818,FAM41AY1,340618.0,Del0.8,0.44
X-4818,FOXC1,2296.0,MutNovel,"HGG446H,0.316"
X-4818,FOXD1,2297.0,MutNovel,"AGRRR382-,0.273"
X-4818,FRS2,10818.0,Amp8,124.5
X-4818,FZR1,51343.0,MutNovel,"K96E,0.557"
X-4818,GIGYF2,26058.0,MutNovel,"PQ1231P,0.261"
X-4818,GIN1,54826.0,MutNovel,"W111Y,0.250"
X-4818,GNAI1,2770.0,MutNovel,"V34D,0.265"
X-4818,GOLGA2P2Y,84559.0,Del0.8,0.44
X-4818,GOLGA2P2Y,84559.0,Del0.8,0.33
X-4818,GON4L,54856.0,MutNovel,"V825L,0.207"
X-4818,GSTK1,373156.0,MutNovel,"Q209P,0.653"
X-4818,GSTT1,2952.0,Amp5,5.74
X-4818,GYG2P1,352887.0,Del0.8,0.44
X-4818,HEATR5A,25938.0,MutNovel,"T448S,0.650"
X-4818,HEG1,57493.0,MutNovel,"S409P,0.283"
X-4818,HGS,9146.0,MutNovel,"P744T,0.513"
X-4818,HRH4,59340.0,Amp5,6.06
X-4818,HSFY2,159119.0,Del0.8,0.44
X-4818,HSFY2,159119.0,Del0.8,0.44
X-4818,IMMP2L,83943.0,MutNovel,"I104T,0.468"
X-4818,IMPACT,55364.0,Amp5,6.06
X-4818,JAK1,3716.0,MutNovel,"L321V,0.203"
X-4818,KCTD1,284252.0,Amp5,6.06
X-4818,KCTD18,130535.0,MutKnownFunctional,"-387,0.340"
X-4818,KDM5D,8284.0,Del0.8,0.44
X-4818,KIF20B,9585.0,MutNovel,"L1062LKV,0.938"
X-4818,LACTB,114294.0,MutNovel,"A14D,0.466"
X-4818,LAMA3,3909.0,Amp5,6.06
X-4818,LDHAL6A,160287.0,MutNovel,"S151R,1.000"
X-4818,LOC100128088,,MutNovel,"I87M,1.000"
X-4818,LOC100129520,100129520.0,Del0.8,0.52
X-4818,LOC100507250,100507250.0,Amp8,19.7
X-4818,LOC100996573,,MutNovel,"G173R,0.833"
X-4818,LOC391322,391322.0,Amp5,5.74
X-4818,LOC728377,728377.0,Amp5,5.13
X-4818,LOC728606,728606.0,Amp5,6.06
X-4818,LOC729950,729950.0,Amp5,6.06
X-4818,LPAR1,1902.0,MutNovel,"T117S,0.599"
X-4818,LRRC10,376132.0,Amp8,124.5
X-4818,LSR,51599.0,MutNovel,"G518GR,0.933"
X-4818,LYZ,4069.0,Amp8,124.5
X-4818,MADCAM1,8174.0,MutNovel,"D242N,0.750"
X-4818,MAML1,9794.0,MutNovel,"G478R,0.515"
X-4818,MAP3K6,9064.0,MutNovel,"V1267I,0.484"
X-4818,MBD2,8932.0,MutNovel,"C111G,0.235"
X-4818,MBTPS2,51360.0,MutKnownFunctional,"S381*,1.000"
X-4818,MDM2,4193.0,Amp8,93.05
X-4818,MEF2A,4205.0,MutNovel,"QQ412-,0.409"
X-4818,MEOX2,4223.0,MutNovel,"HH76H,0.287"
X-4818,MGA,23269.0,MutNovel,"V2331A,1.000"
X-4818,MIR1279,100302182.0,Amp8,124.5
X-4818,MIR320C2,100302195.0,Amp5,6.06
X-4818,MIR3913-1,100500903.0,Amp8,124.5
X-4818,MIR3913-2,100500868.0,Amp8,124.5
X-4818,NBPF10,100132406.0,MutNovel,"I1165F,0.326"
X-4818,NCOR2,9612.0,MutNovel,"G1839GAAA,0.588"
X-4818,NCRNA00185,55410.0,Del0.8,0.44
X-4818,NLGN4Y,22829.0,Del0.8,0.44
X-4818,NOSIP,51070.0,MutNovel,"V200M,0.352"
X-4818,NPC1,4864.0,Amp5,6.06
X-4818,NPIPL3,23117.0,MutKnownFunctional,"R568*,0.400"
X-4818,NUP107,57122.0,Amp8,136.24
X-4818,ODZ1,10178.0,Del0.8,0.5
X-4818,OGFRL1,79627.0,MutNovel,"R316G,0.412"
X-4818,OR2A42,402317.0,Amp5,5.13
X-4818,OR2A42,402317.0,Amp5,5.13
X-4818,OR2A7,401427.0,Amp5,5.13
X-4818,OR2A9P,441295.0,Amp5,5.13
X-4818,OR2A9P,441295.0,Amp5,5.13
X-4818,ORAI1,84876.0,MutNovel,"PP43-,0.769"
X-4818,OSBPL1A,114876.0,Amp5,6.06
X-4818,PCDH11Y,83259.0,Del0.8,0.51
X-4818,PHACTR4,65979.0,MutKnownFunctional,"-61?,0.250"
X-4818,PHKB,5257.0,MutNovel,"E818-,0.370"
X-4818,PHLDA1,22822.0,MutNovel,"QQ194Q,0.521"
X-4818,PLEKHA5,54477.0,MutNovel,"S563Y,0.771"
X-4818,POM121,9883.0,MutNovel,"A422T,0.213"
X-4818,PRKY,5616.0,Del0.8,0.51
X-4818,PRRC2B,84726.0,MutNovel,"Q1983E,0.440"
X-4818,PRY,9081.0,Del0.8,0.44
X-4818,PRY,9081.0,Del0.8,0.44
X-4818,PRY2,442862.0,Del0.8,0.44
X-4818,PRY2,442862.0,Del0.8,0.44
X-4818,PSMA8,143471.0,Amp5,6.06
X-4818,RAB3IP,117177.0,Amp8,113.77
X-4818,RBMY1A3P,286557.0,Del0.8,0.51
X-4818,RBMY1B,378948.0,Del0.8,0.44
X-4818,RBMY1B,378948.0,Del0.8,0.44
X-4818,RBMY1E,378950.0,Del0.8,0.44
X-4818,RBMY1E,378950.0,Del0.8,0.44
X-4818,RBMY1F,159163.0,Del0.8,0.44
X-4818,RBMY1F,159163.0,Del0.8,0.44
X-4818,RBMY1J,378951.0,Del0.8,0.44
X-4818,RBMY1J,378951.0,Del0.8,0.44
X-4818,RBMY2EP,159125.0,Del0.8,0.44
X-4818,RBMY2FP,159162.0,Del0.8,0.44
X-4818,RBMY3AP,64593.0,Del0.8,0.44
X-4818,REXO4,57109.0,MutNovel,"K399-,0.363"
X-4818,RIN3,79890.0,MutNovel,"G967-,0.378"
X-4818,RIOK3,8780.0,Amp5,6.06
X-4818,RPS4Y1,6192.0,Del0.8,0.51
X-4818,RPS4Y2,140032.0,Del0.8,0.44
X-4818,RTTN,25914.0,MutNovel,"T1046M,0.591"
X-4818,SDHA,6389.0,MutNovel,"G184R,0.597"
X-4818,SERINC2,347735.0,MutNovel,"-373Q,0.857"
X-4818,SH2D1A,4068.0,Del0.8,0.49
X-4818,SIN3A,25942.0,MutNovel,"R946C,0.464"
X-4818,SIN3B,23309.0,MutNovel,"G5GGGS,0.471"
X-4818,SLC25A13,10165.0,MutNovel,"A4-,0.478"
X-4818,SLC35E3,55508.0,Amp8,136.24
X-4818,SNAPC4,6621.0,MutNovel,"S542-,0.423"
X-4818,SOCS7,30837.0,MutNovel,"P500S,0.286"
X-4818,SRFBP1,153443.0,MutKnownFunctional,"-234?,0.254"
X-4818,SRY,6736.0,Del0.8,0.51
X-4818,SS18,6760.0,Amp5,6.06
X-4818,STAG2,10735.0,Del0.8,0.38
X-4818,SZT2,23334.0,MutNovel,"M3066V,0.616"
X-4818,TAF4B,6875.0,Amp5,6.06
X-4818,TATDN2,9797.0,MutNovel,"I277T,0.645"
X-4818,TBL1Y,90665.0,Del0.8,0.51
X-4818,TBXA2R,6915.0,MutNovel,"R284C,0.571"
X-4818,TGIF2LY,90655.0,Del0.8,0.51
X-4818,TMEM184A,202915.0,MutNovel,"G392GA,0.705"
X-4818,TMEM241,85019.0,Amp5,6.06
X-4818,TMSB4Y,9087.0,Del0.8,0.44
X-4818,TNXB,7148.0,MutNovel,"T494S,0.262"
X-4818,TRIM62,55223.0,MutNovel,"I128T,0.714"
X-4818,TSPY1,7258.0,Del0.8,0.09
X-4818,TSPY2,64591.0,Del0.8,0.51
X-4818,TSPY3,728137.0,Del0.8,0.09
X-4818,TSPY4,728395.0,Del0.8,0.09
X-4818,TSPY8,728403.0,Del0.8,0.09
X-4818,TSPYL1,7259.0,MutNovel,"V176VW,0.843"
X-4818,TSPYL2,64061.0,MutNovel,"DN573D,0.903"
X-4818,TTC39C,125488.0,Amp5,6.06
X-4818,TTTY10,246119.0,Del0.8,0.44
X-4818,TTTY11,83866.0,Del0.8,0.51
X-4818,TTTY12,83867.0,Del0.8,0.51
X-4818,TTTY13,83868.0,Del0.8,0.44
X-4818,TTTY14,83869.0,Del0.8,0.44
X-4818,TTTY15,64595.0,Del0.8,0.44
X-4818,TTTY16,252948.0,Del0.8,0.51
X-4818,TTTY17A,252949.0,Del0.8,0.33
X-4818,TTTY17A,252949.0,Del0.8,0.23
X-4818,TTTY18,252950.0,Del0.8,0.51
X-4818,TTTY19,252952.0,Del0.8,0.51
X-4818,TTTY1B,100101116.0,Del0.8,0.51
X-4818,TTTY1B,100101116.0,Del0.8,0.44
X-4818,TTTY2,60439.0,Del0.8,0.44
X-4818,TTTY2,60439.0,Del0.8,0.51
X-4818,TTTY20,252951.0,Del0.8,0.21
X-4818,TTTY21,252953.0,Del0.8,0.44
X-4818,TTTY21,252953.0,Del0.8,0.51
X-4818,TTTY22,252954.0,Del0.8,0.44
X-4818,TTTY23,252955.0,Del0.8,0.44
X-4818,TTTY23,252955.0,Del0.8,0.51
X-4818,TTTY3,114760.0,Del0.8,0.33
X-4818,TTTY3,114760.0,Del0.8,0.44
X-4818,TTTY4,114761.0,Del0.8,0.33
X-4818,TTTY4,114761.0,Del0.8,0.23
X-4818,TTTY5,83863.0,Del0.8,0.44
X-4818,TTTY6,84672.0,Del0.8,0.44
X-4818,TTTY6,84672.0,Del0.8,0.44
X-4818,TTTY7,246122.0,Del0.8,0.51
X-4818,TTTY7,246122.0,Del0.8,0.44
X-4818,TTTY7B,100101120.0,Del0.8,0.51
X-4818,TTTY7B,100101120.0,Del0.8,0.44
X-4818,TTTY8,84673.0,Del0.8,0.51
X-4818,TTTY8,84673.0,Del0.8,0.44
X-4818,TTTY9A,83864.0,Del0.8,0.44
X-4818,TTTY9A,83864.0,Del0.8,0.44
X-4818,TXLNG2P,246126.0,Del0.8,0.44
X-4818,UBA7,7318.0,MutNovel,"R876W,1.000"
X-4818,UBA7,7318.0,MutNovel,"Q634H,1.000"
X-4818,USP36,57602.0,MutNovel,"KKK958K,0.323"
X-4818,USP9Y,8287.0,Del0.8,0.44
X-4818,UTY,7404.0,Del0.8,0.44
X-4818,VCY,9084.0,Del0.8,0.44
X-4818,VCY,9084.0,Del0.8,0.44
X-4818,WBP11,51729.0,MutNovel,"R309W,0.578"
X-4818,WDR90,197335.0,MutNovel,"D463N,0.257"
X-4818,WWP1,11059.0,MutNovel,"S60A,0.520"
X-4818,XKRY2,353515.0,Del0.8,0.44
X-4818,XKRY2,353515.0,Del0.8,0.44
X-4818,YEATS4,8089.0,Amp8,124.5
X-4818,YY1,7528.0,MutNovel,"G191A,0.462"
X-4818,ZBTB11,27107.0,MutNovel,"R782H,0.683"
X-4818,ZFHX3,463.0,MutNovel,"G3517D,1.000"
X-4818,ZFY,7544.0,Del0.8,0.51
X-4818,ZMYM6,9204.0,MutNovel,"F1011C,0.250"
X-4818,ZNF219,51222.0,MutNovel,"QPP233P,0.337"
X-4818,ZNF384,171017.0,MutNovel,"QQ514Q,0.318"
X-4818,ZNF439,90594.0,MutNovel,"K361R,0.375"
X-4818,ZNF445,353274.0,MutNovel,"RH908SN,1.000"
X-4818,ZNF521,25925.0,Amp5,6.06
X-4818,ZNF85,7639.0,MutNovel,"R252K,0.333"
X-4818,ZRANB2,9406.0,MutNovel,"A57G,0.374"
X-4869,A2M,2.0,MutNovel,"P1189T,0.385"
X-4869,ABCA13,154664.0,MutKnownFunctional,"-132?,0.625"
X-4869,ABHD12,26090.0,Amp5,5.28
X-4869,ACP6,51205.0,Amp5,5.74
X-4869,ACSL4,2182.0,Del0.8,0.59
X-4869,ACSS1,84532.0,Amp5,5.28
X-4869,ACTRT1,139741.0,Del0.8,0.56
X-4869,ADAM19,8728.0,MutNovel,"H810Q,0.273"
X-4869,ADAM3A,1587.0,Del0.8,0.23
X-4869,ADAM5P,255926.0,Del0.8,0.66
X-4869,AFF2,2334.0,Del0.8,0.53
X-4869,AGBL2,79841.0,Amp5,5.46
X-4869,AGTR2,186.0,Del0.8,0.58
X-4869,AHNAK2,113146.0,MutNovel,"L1392V,1.000"
X-4869,AIFM1,9131.0,Del0.8,0.56
X-4869,AK3,50808.0,Del0.8,0.59
X-4869,AKAP14,158798.0,Del0.8,0.58
X-4869,AKD1,221264.0,MutNovel,"E700K,1.000"
X-4869,AKR1C4,1109.0,MutNovel,"E77G,1.000"
X-4869,ALG13,79868.0,Del0.8,0.59
X-4869,AMMECR1,9949.0,Del0.8,0.59
X-4869,AMOT,154796.0,Del0.8,0.59
X-4869,AMY1A,276.0,Amp5,5.78
X-4869,AMY1A,276.0,Amp5,5.78
X-4869,ANGPTL5,253935.0,Amp8,22.94
X-4869,ANKRD16,54522.0,MutNovel,"D267H,0.253"
X-4869,ANKRD54,129138.0,Amp5,5.5
X-4869,AP5B1,,MutKnownFunctional,"-116,0.911"
X-4869,APLN,8862.0,Del0.8,0.56
X-4869,APOOL,139322.0,Del0.8,0.55
X-4869,ARHGAP21,57584.0,MutNovel,"P1728L,0.376"
X-4869,ARHGAP36,158763.0,Del0.8,0.56
X-4869,ARHGAP42,143872.0,Amp8,14.22
X-4869,ARHGEF6,9459.0,Del0.8,0.56
X-4869,ARID1B,57492.0,MutNovel,"A445AP,1.000"
X-4869,ARL13A,392509.0,Del0.8,0.59
X-4869,ARMCX1,51309.0,Del0.8,0.59
X-4869,ARMCX2,9823.0,Del0.8,0.59
X-4869,ARMCX3,51566.0,Del0.8,0.59
X-4869,ARMCX4,100131755.0,Del0.8,0.59
X-4869,ARMCX5,64860.0,Del0.8,0.59
X-4869,ARMCX5-GPRASP2,100528062.0,Del0.8,0.59
X-4869,ARMCX6,54470.0,Del0.8,0.59
X-4869,ARR3,407.0,Del0.8,0.57
X-4869,ATG4A,115201.0,Del0.8,0.59
X-4869,ATP10A,57194.0,Amp5,7.06
X-4869,ATP11C,286410.0,Del0.8,0.56
X-4869,ATP13A3,79572.0,MutNovel,"G1024S,0.514"
X-4869,ATP1B4,23439.0,Del0.8,0.58
X-4869,ATP5O,539.0,Del0.8,0.58
X-4869,ATP7A,538.0,Del0.8,0.57
X-4869,ATRX,546.0,Del0.8,0.57
X-4869,AVEN,57099.0,MutNovel,"GGGGG41G,0.950"
X-4869,AWAT1,158833.0,Del0.8,0.57
X-4869,AWAT2,158835.0,Del0.8,0.57
X-4869,B3GALT5,10317.0,Del0.8,0.59
X-4869,BACH1,571.0,Del0.8,0.57
X-4869,BAIAP2L2,80115.0,Amp5,6.45
X-4869,BCAS4,55653.0,Amp5,5.21
X-4869,BCL9,607.0,Amp5,5.74
X-4869,BCL9L,283149.0,MutNovel,"S1068R,1.000"
X-4869,BCORL1,63035.0,Del0.8,0.56
X-4869,BEND3,57673.0,MutNovel,"D402H,1.000"
X-4869,BEST3,144453.0,Amp8,17.39
X-4869,BEX1,55859.0,Del0.8,0.59
X-4869,BEX2,84707.0,Del0.8,0.59
X-4869,BEX4,56271.0,Del0.8,0.59
X-4869,BEX5,340542.0,Del0.8,0.59
X-4869,BHLHB9,80823.0,Del0.8,0.59
X-4869,BIRC2,329.0,Amp8,26.35
X-4869,BIRC3,330.0,Amp8,26.35
X-4869,BRS3,680.0,Del0.8,0.56
X-4869,BRWD1,54014.0,Del0.8,0.59
X-4869,BRWD1-IT2,257357.0,Del0.8,0.59
X-4869,BRWD3,254065.0,Del0.8,0.55
X-4869,BTG3,10950.0,Del0.8,0.59
X-4869,BTK,695.0,Del0.8,0.59
X-4869,BUB1B,701.0,MutNovel,"D989G,0.277"
X-4869,C10orf57,,MutNovel,"A3E,0.500"
X-4869,C11orf70,85016.0,Amp8,26.35
X-4869,C1GALT1C1,29071.0,Del0.8,0.58
X-4869,C1QTNF4,114900.0,Amp5,5.46
X-4869,C1orf86,199990.0,MutNovel,"G81R,0.984"
X-4869,C21orf37,100505929.0,Del0.8,0.59
X-4869,C21orf88,114041.0,Del0.8,0.59
X-4869,C21orf91,54149.0,Del0.8,0.59
X-4869,C21orf91-OT1,246312.0,Del0.8,0.59
X-4869,C22orf23,84645.0,Amp5,6.45
X-4869,C2orf27B,408029.0,MutNovel,"A16P,1.000"
X-4869,C7orf73,647087.0,Amp5,5.98
X-4869,C9orf123,90871.0,Del0.8,0.58
X-4869,C9orf53,51198.0,Del0.8,0.23
X-4869,CALHM2,51063.0,MutKnownFunctional,"-114,0.478"
X-4869,CAND1,55832.0,Amp5,7.52
X-4869,CAND2,23066.0,MutNovel,"R1179C,0.889"
X-4869,CAPN6,827.0,Del0.8,0.59
X-4869,CARD16,114769.0,Amp8,14.12
X-4869,CARD17,440068.0,Amp8,17.63
X-4869,CARD18,59082.0,Amp8,17.63
X-4869,CARS2,79587.0,MutNovel,"R3S,0.974"
X-4869,CASP1,834.0,Amp8,16.68
X-4869,CASP12,100506742.0,Amp8,16.68
X-4869,CASP4,837.0,Amp8,16.68
X-4869,CASP5,838.0,Amp8,16.68
X-4869,CBR1,873.0,Del0.8,0.58
X-4869,CBR3,874.0,Del0.8,0.58
X-4869,CBWD5,220869.0,MutNovel,"G106C,0.632"
X-4869,CBX4,8535.0,MutNovel,"HHH398-,0.762"
X-4869,CCDC160,347475.0,Del0.8,0.56
X-4869,CCPG1,9236.0,MutNovel,"Q334H,0.268"
X-4869,CCT2,10576.0,Amp8,17.39
X-4869,CD274,29126.0,Del0.8,0.57
X-4869,CD40LG,959.0,Del0.8,0.56
X-4869,CD93,22918.0,Amp5,6.63
X-4869,CD99L2,83692.0,Del0.8,0.53
X-4869,CDC37L1,55664.0,Del0.8,0.59
X-4869,CDC42EP1,11135.0,MutNovel,"PAPAANPS253P,0.440"
X-4869,CDH2,1000.0,MutNovel,"Y676F,0.919"
X-4869,CDKN2A,1029.0,Del0.8,0.23
X-4869,CDKN2B,1030.0,Del0.8,0.3
X-4869,CDR1,1038.0,Del0.8,0.56
X-4869,CEBPB,1051.0,Amp5,5.9
X-4869,CELF1,10658.0,Amp5,5.46
X-4869,CENPI,2491.0,Del0.8,0.59
X-4869,CES1,1066.0,MutNovel,"A223V,0.600"
X-4869,CES1,1066.0,MutNovel,"E221G,0.600"
X-4869,CFHR1,3078.0,Amp5,7.57
X-4869,CFHR3,10878.0,Amp5,7.57
X-4869,CHAF1B,8208.0,Del0.8,0.58
X-4869,CHD2,1106.0,MutKnownFunctional,"-1242?,0.804"
X-4869,CHEK2P2,646096.0,Amp5,5.9
X-4869,CHKA,1119.0,MutNovel,"P70RCP,0.684"
X-4869,CHM,1121.0,Del0.8,0.55
X-4869,CHODL,140578.0,Del0.8,0.59
X-4869,CHODL-AS1,54075.0,Del0.8,0.59
X-4869,CHRDL1,91851.0,Del0.8,0.59
X-4869,CHRNA7,1139.0,Amp5,5.98
X-4869,CLDN14,23562.0,Del0.8,0.58
X-4869,CLDN17,26285.0,Del0.8,0.57
X-4869,CLDN2,9075.0,Del0.8,0.59
X-4869,CLDN8,9073.0,Del0.8,0.57
X-4869,CLIC6,54102.0,Del0.8,0.58
X-4869,CLK3,1198.0,MutNovel,"E85G,1.000"
X-4869,CNTN5,53942.0,Amp5,5.66
X-4869,COL4A5,1287.0,Del0.8,0.59
X-4869,COL4A6,1288.0,Del0.8,0.59
X-4869,COPZ2,51226.0,MutKnownFunctional,"-6?,1.000"
X-4869,COX7B,1349.0,Del0.8,0.57
X-4869,CPM,1368.0,Amp8,18
X-4869,CPSF6,11052.0,Amp8,18.77
X-4869,CPXCR1,53336.0,Del0.8,0.55
X-4869,CST1,1469.0,Amp5,6.63
X-4869,CST11,140880.0,Amp5,6.63
X-4869,CST2,1470.0,Amp5,6.63
X-4869,CST3,1471.0,Amp5,6.63
X-4869,CST4,1472.0,Amp5,6.63
X-4869,CST5,1473.0,Amp5,6.63
X-4869,CST8,10047.0,Amp5,6.63
X-4869,CST9,128822.0,Amp5,6.63
X-4869,CST9L,128821.0,Amp5,6.63
X-4869,CSTF2,1478.0,Del0.8,0.59
X-4869,CSTL1,128817.0,Amp5,6.63
X-4869,CSTT,164380.0,Amp5,6.63
X-4869,CT45A1,541466.0,Del0.8,0.56
X-4869,CT45A2,728911.0,Del0.8,0.56
X-4869,CT45A3,441519.0,Del0.8,0.56
X-4869,CT45A4,441520.0,Del0.8,0.56
X-4869,CT45A4,441520.0,Del0.8,0.56
X-4869,CT45A5,441521.0,Del0.8,0.56
X-4869,CT45A6,541465.0,Del0.8,0.56
X-4869,CT47A1,728096.0,Del0.8,0.58
X-4869,CT47A10,728036.0,Del0.8,0.58
X-4869,CT47A6,728062.0,Del0.8,0.58
X-4869,CT47A7,653282.0,Del0.8,0.58
X-4869,CT47B1,643311.0,Del0.8,0.58
X-4869,CTU1,90353.0,MutNovel,"V53A,0.265"
X-4869,CUL4B,8450.0,Del0.8,0.58
X-4869,CUX1,1523.0,MutNovel,"R411H,0.253"
X-4869,CXADR,1525.0,Del0.8,0.59
X-4869,CXCL12,6387.0,MutNovel,"A113V,0.400"
X-4869,CXorf1,9142.0,Del0.8,0.56
X-4869,CXorf40A,91966.0,Del0.8,0.53
X-4869,CXorf40B,541578.0,Del0.8,0.53
X-4869,CXorf48,54967.0,Del0.8,0.56
X-4869,CXorf51A,100129239.0,Del0.8,0.56
X-4869,CXorf51A,100129239.0,Del0.8,0.56
X-4869,CXorf56,63932.0,Del0.8,0.58
X-4869,CXorf57,55086.0,Del0.8,0.59
X-4869,CXorf61,203413.0,Del0.8,0.58
X-4869,CXorf64,100130613.0,Del0.8,0.56
X-4869,CXorf65,158830.0,Del0.8,0.57
X-4869,CXorf66,347487.0,Del0.8,0.56
X-4869,CXorf69,644538.0,Del0.8,0.56
X-4869,CYLC1,1538.0,Del0.8,0.55
X-4869,CYSLTR1,10800.0,Del0.8,0.57
X-4869,DACH2,117154.0,Del0.8,0.55
X-4869,DCAF12L1,139170.0,Del0.8,0.56
X-4869,DCAF12L2,340578.0,Del0.8,0.56
X-4869,DCLK1,9201.0,MutNovel,"P645T,0.394"
X-4869,DCUN1D5,84259.0,Amp8,15.03
X-4869,DCX,1641.0,Del0.8,0.59
X-4869,DDI1,414301.0,Amp8,9.78
X-4869,DDX26B,203522.0,Del0.8,0.56
X-4869,DDX31,64794.0,MutNovel,"T533N,0.254"
X-4869,DECR2,26063.0,MutNovel,"G36C,0.314"
X-4869,DGAT2L6,347516.0,Del0.8,0.57
X-4869,DGKQ,1609.0,MutNovel,"P27L,0.500"
X-4869,DIAPH2,1730.0,Del0.8,0.59
X-4869,DKFZp686D0853,401613.0,Del0.8,0.59
X-4869,DLG3,1741.0,Del0.8,0.57
X-4869,DMRT1,1761.0,Del0.8,0.62
X-4869,DMRT3,58524.0,Del0.8,0.62
X-4869,DMRTA1,63951.0,Del0.8,0.16
X-4869,DNAH2,146754.0,Del0.8,0.4
X-4869,DOCK11,139818.0,Del0.8,0.58
X-4869,DOPEY2,9980.0,Del0.8,0.58
X-4869,DRP2,1821.0,Del0.8,0.59
X-4869,DSCR10,259234.0,Del0.8,0.58
X-4869,DSCR3,10311.0,Del0.8,0.58
X-4869,DSCR4,10281.0,Del0.8,0.58
X-4869,DSCR6,53820.0,Del0.8,0.58
X-4869,DSCR8,84677.0,Del0.8,0.58
X-4869,DSCR9,257203.0,Del0.8,0.58
X-4869,DYNC2H1,79659.0,Amp8,10.85
X-4869,DYRK1A,1859.0,Del0.8,0.58
X-4869,DYRK2,8445.0,Amp5,5.62
X-4869,EDA,1896.0,Del0.8,0.57
X-4869,EFNB3,1949.0,Del0.8,0.31
X-4869,EIF3L,51386.0,Amp5,6.45
X-4869,ELF4,2000.0,Del0.8,0.56
X-4869,ELL,8178.0,MutNovel,"R347K,0.387"
X-4869,ENOX2,10495.0,Del0.8,0.56
X-4869,ENTPD6,955.0,Amp5,5.28
X-4869,EP400,57634.0,MutNovel,"Q2727E,0.416"
X-4869,ERCC1,2067.0,MutNovel,"T252I,0.557"
X-4869,ERG,2078.0,Del0.8,0.58
X-4869,ERMP1,79956.0,Del0.8,0.57
X-4869,ERVV-1,147664.0,Amp5,5.94
X-4869,ESX1,80712.0,Del0.8,0.59
X-4869,ETS2,2114.0,Del0.8,0.78
X-4869,F9,2158.0,Del0.8,0.56
X-4869,FAM115A,9747.0,MutNovel,"V635L,0.578"
X-4869,FAM122B,159090.0,Del0.8,0.56
X-4869,FAM122C,159091.0,Del0.8,0.56
X-4869,FAM127A,8933.0,Del0.8,0.56
X-4869,FAM127B,26071.0,Del0.8,0.56
X-4869,FAM127C,441518.0,Del0.8,0.56
X-4869,FAM133A,286499.0,Del0.8,0.65
X-4869,FAM165B,54065.0,Del0.8,0.58
X-4869,FAM171B,165215.0,MutNovel,"-44QQ,0.923"
X-4869,FAM180A,389558.0,Amp5,5.98
X-4869,FAM180B,399888.0,Amp5,5.46
X-4869,FAM182A,284800.0,Amp5,5.28
X-4869,FAM182B,728882.0,Amp5,5.28
X-4869,FAM199X,139231.0,Del0.8,0.59
X-4869,FAM21A,387680.0,Del0.8,0.78
X-4869,FAM22D,728130.0,MutNovel,"P141L,0.333"
X-4869,FAM45B,55855.0,Del0.8,0.56
X-4869,FAM46D,169966.0,Del0.8,0.55
X-4869,FAM65C,140876.0,Amp5,5.9
X-4869,FAM70A,55026.0,Del0.8,0.58
X-4869,FBRS,64319.0,MutNovel,"PRG450-,0.578"
X-4869,FGF13,2258.0,Del0.8,0.56
X-4869,FGF16,8823.0,Del0.8,0.57
X-4869,FHL1,2273.0,Del0.8,0.56
X-4869,FLJ33581,400839.0,Amp5,6.63
X-4869,FLJ35024,401491.0,Del0.8,0.58
X-4869,FLJ35282,441389.0,Del0.8,0.2
X-4869,FMNL3,91010.0,MutNovel,"R712H,0.461"
X-4869,FMR1,2332.0,Del0.8,0.53
X-4869,FMR1-AS1,100126270.0,Del0.8,0.53
X-4869,FMR1NB,158521.0,Del0.8,0.53
X-4869,FNBP4,23360.0,Amp5,5.46
X-4869,FNDC1,84624.0,MutNovel,"ATTRRTT1471A,1.000"
X-4869,FOLH1,2346.0,Amp5,5.66
X-4869,FOXA2,3170.0,Amp5,6.63
X-4869,FOXD1,2297.0,MutNovel,"AGRRR382-,1.000"
X-4869,FOXO4,4303.0,Del0.8,0.57
X-4869,FRAS1,80144.0,MutNovel,"E296K,1.000"
X-4869,FRMD7,90167.0,Del0.8,0.56
X-4869,FRS2,10818.0,Amp8,14.12
X-4869,GABRA5,2558.0,Amp5,7.41
X-4869,GABRB3,2562.0,Amp5,7.41
X-4869,GAGE12F,100008586.0,MutNovel,"M23V,0.667"
X-4869,GAGE12G,,MutNovel,"Y9C,0.533"
X-4869,GAGE12G,,MutNovel,"M23V,0.600"
X-4869,GAGE12H,,MutNovel,"R13S,0.647"
X-4869,GAGE2A,729447.0,MutNovel,"M22V,0.250"
X-4869,GAGE2A,729447.0,MutNovel,"R27Q,0.500"
X-4869,GAGE2D,729408.0,MutNovel,"M22V,0.303"
X-4869,GAGE2D,729408.0,MutNovel,"R27Q,0.460"
X-4869,GDPD2,54857.0,Del0.8,0.57
X-4869,GGTLC1,92086.0,Amp5,6.63
X-4869,GIGYF2,26058.0,MutNovel,"PQ1231P,1.000"
X-4869,GINS1,9837.0,Amp5,5.28
X-4869,GJB1,2705.0,Del0.8,0.57
X-4869,GLA,2717.0,Del0.8,0.59
X-4869,GLDC,2731.0,Del0.8,0.57
X-4869,GLI2,2736.0,MutNovel,"L917R,0.545"
X-4869,GLIS3,169792.0,Del0.8,0.59
X-4869,GLIS3-AS1,84850.0,Del0.8,0.59
X-4869,GLRA4,441509.0,Del0.8,0.59
X-4869,GLUD2,2747.0,Del0.8,0.58
X-4869,GPC3,2719.0,Del0.8,0.56
X-4869,GPC4,2239.0,Del0.8,0.56
X-4869,GPR101,83550.0,Del0.8,0.56
X-4869,GPR112,139378.0,Del0.8,0.56
X-4869,GPR119,139760.0,Del0.8,0.56
X-4869,GPR174,84636.0,Del0.8,0.57
X-4869,GPR89B,51463.0,Amp5,7.06
X-4869,GPR89C,728932.0,Amp5,7.06
X-4869,GPRASP1,9737.0,Del0.8,0.59
X-4869,GPRASP2,114928.0,Del0.8,0.59
X-4869,GRIA3,2892.0,Del0.8,0.56
X-4869,GRIK1,2897.0,Del0.8,0.57
X-4869,GRIK1-AS1,642976.0,Del0.8,0.57
X-4869,GRIK1-AS2,100379661.0,Del0.8,0.57
X-4869,GRIP1,23426.0,Amp8,8.46
X-4869,GSTM1,2944.0,Del0.8,0.72
X-4869,GSTT1,2952.0,Del0.8,0.65
X-4869,GSTT2B,,MutNovel,"E66K,0.286"
X-4869,GUCY2F,2986.0,Del0.8,0.59
X-4869,GZF1,64412.0,Amp5,6.63
X-4869,H2BFM,286436.0,Del0.8,0.59
X-4869,H2BFWT,158983.0,Del0.8,0.59
X-4869,H2BFXP,767811.0,Del0.8,0.59
X-4869,H2BFXP,767811.0,Del0.8,0.59
X-4869,HDX,139324.0,Del0.8,0.55
X-4869,HELB,92797.0,Amp8,8.46
X-4869,HERC2P3,283755.0,Amp5,5.17
X-4869,HLA-A,3105.0,MutNovel,"M213V,0.368"
X-4869,HLA-B,3106.0,MutNovel,"R194G,0.295"
X-4869,HLA-C,3107.0,MutNovel,"R194G,0.230"
X-4869,HLCS,3141.0,Del0.8,0.58
X-4869,HMGB1,3146.0,MutNovel,"DE214E,0.975"
X-4869,HMGB3,3149.0,Del0.8,0.53
X-4869,HMGN1,3150.0,Del0.8,0.59
X-4869,HMGN5,79366.0,Del0.8,0.55
X-4869,HNRNPH2,3188.0,Del0.8,0.59
X-4869,HPRT1,3251.0,Del0.8,0.56
X-4869,HS3ST3A1,9955.0,MutNovel,"S284N,0.714"
X-4869,HS6ST2,90161.0,Del0.8,0.56
X-4869,HSFX2,100130086.0,Del0.8,0.53
X-4869,HSFX2,100130086.0,Del0.8,0.53
X-4869,HSPA1A,3303.0,MutNovel,"M122K,0.667"
X-4869,HTATSF1,27336.0,Del0.8,0.56
X-4869,HTR2C,3358.0,Del0.8,0.59
X-4869,HUNK,30811.0,Del0.8,0.78
X-4869,HYDIN,54768.0,MutNovel,"H4269Y,1.000"
X-4869,HYDIN,54768.0,MutNovel,"S2046T,1.000"
X-4869,IDS,3423.0,Del0.8,0.53
X-4869,IFIT1B,439996.0,MutNovel,"V104M,1.000"
X-4869,IFNG,3458.0,Amp5,5.62
X-4869,IFT81,28981.0,MutNovel,"M276I,0.305"
X-4869,IGBP1,3476.0,Del0.8,0.57
X-4869,IGFN1,91156.0,MutNovel,"R2027W,0.833"
X-4869,IGSF1,3547.0,Del0.8,0.56
X-4869,IGSF5,150084.0,Del0.8,0.59
X-4869,IL13RA1,3597.0,Del0.8,0.58
X-4869,IL13RA2,3598.0,Del0.8,0.58
X-4869,IL1RAPL2,26280.0,Del0.8,0.59
X-4869,IL22,50616.0,Amp5,5.62
X-4869,IL26,55801.0,Amp5,5.62
X-4869,IL2RG,3561.0,Del0.8,0.57
X-4869,INSL4,3641.0,Del0.8,0.57
X-4869,INSL6,11172.0,Del0.8,0.57
X-4869,IPW,3653.0,Amp5,5.5
X-4869,IQSEC3,440073.0,Amp5,5.7
X-4869,IRAK3,11213.0,Amp5,6.41
X-4869,IRS1,3667.0,MutNovel,"K171R,0.570"
X-4869,IRS4,8471.0,Del0.8,0.59
X-4869,ITGB1BP2,26548.0,Del0.8,0.57
X-4869,ITM2A,9452.0,Del0.8,0.57
X-4869,ITSN1,6453.0,Del0.8,0.58
X-4869,KANK1,23189.0,Del0.8,0.73
X-4869,KBTBD4,55709.0,Amp5,5.46
X-4869,KCNE1,3753.0,Del0.8,0.58
X-4869,KCNE1L,23630.0,Del0.8,0.59
X-4869,KCNE2,9992.0,Del0.8,0.58
X-4869,KCNH8,131096.0,Amp5,6.77
X-4869,KCNJ15,3772.0,Del0.8,0.58
X-4869,KCNJ6,3763.0,Del0.8,0.58
X-4869,KCNV2,169522.0,Del0.8,0.58
X-4869,KDM4C,23081.0,Del0.8,0.66
X-4869,KIAA0020,9933.0,Del0.8,0.58
X-4869,KIAA1210,57481.0,Del0.8,0.58
X-4869,KIAA1377,57562.0,Amp8,26.35
X-4869,KIAA1432,57589.0,Del0.8,0.57
X-4869,KIAA2018,205717.0,MutNovel,"Q1473RK,0.833"
X-4869,KIAA2026,158358.0,Del0.8,0.57
X-4869,KIF4A,24137.0,Del0.8,0.57
X-4869,KLF14,136259.0,MutNovel,"H47P,1.000"
X-4869,KLHL13,90293.0,Del0.8,0.58
X-4869,KLHL4,56062.0,Del0.8,0.55
X-4869,KLRC1,3821.0,Del0.8,0.77
X-4869,KLRC2,3822.0,Del0.8,0.44
X-4869,KRTAP11-1,337880.0,Del0.8,0.57
X-4869,KRTAP13-1,140258.0,Del0.8,0.57
X-4869,KRTAP13-2,337959.0,Del0.8,0.57
X-4869,KRTAP13-3,337960.0,Del0.8,0.57
X-4869,KRTAP13-4,284827.0,Del0.8,0.57
X-4869,KRTAP15-1,254950.0,Del0.8,0.57
X-4869,KRTAP19-1,337882.0,Del0.8,0.57
X-4869,KRTAP19-2,337969.0,Del0.8,0.57
X-4869,KRTAP19-3,337970.0,Del0.8,0.57
X-4869,KRTAP19-4,337971.0,Del0.8,0.57
X-4869,KRTAP19-5,337972.0,Del0.8,0.57
X-4869,KRTAP19-6,337973.0,Del0.8,0.57
X-4869,KRTAP19-7,337974.0,Del0.8,0.57
X-4869,KRTAP19-8,728299.0,Del0.8,0.57
X-4869,KRTAP20-1,337975.0,Del0.8,0.57
X-4869,KRTAP20-2,337976.0,Del0.8,0.57
X-4869,KRTAP20-3,337985.0,Del0.8,0.57
X-4869,KRTAP20-4,100151643.0,Del0.8,0.57
X-4869,KRTAP21-1,337977.0,Del0.8,0.57
X-4869,KRTAP21-2,337978.0,Del0.8,0.57
X-4869,KRTAP21-3,100288323.0,Del0.8,0.57
X-4869,KRTAP22-1,337979.0,Del0.8,0.57
X-4869,KRTAP22-2,100288287.0,Del0.8,0.57
X-4869,KRTAP23-1,337963.0,Del0.8,0.57
X-4869,KRTAP24-1,643803.0,Del0.8,0.57
X-4869,KRTAP25-1,100131902.0,Del0.8,0.57
X-4869,KRTAP26-1,388818.0,Del0.8,0.57
X-4869,KRTAP27-1,643812.0,Del0.8,0.57
X-4869,KRTAP6-1,337966.0,Del0.8,0.57
X-4869,KRTAP6-2,337967.0,Del0.8,0.57
X-4869,KRTAP6-3,337968.0,Del0.8,0.57
X-4869,KRTAP7-1,337878.0,Del0.8,0.57
X-4869,KRTAP8-1,337879.0,Del0.8,0.57
X-4869,LAMP2,3920.0,Del0.8,0.58
X-4869,LCA5L,150082.0,Del0.8,0.59
X-4869,LCE3B,353143.0,Del0.8,0.21
X-4869,LCE3C,353144.0,Del0.8,0.21
X-4869,LDOC1,23641.0,Del0.8,0.56
X-4869,LHFPL1,340596.0,Del0.8,0.59
X-4869,LIFR,3977.0,Amp5,6.15
X-4869,LILRB3,11025.0,MutNovel,"Y400R,1.000"
X-4869,LINC00086,399668.0,Del0.8,0.56
X-4869,LINC00087,644596.0,Del0.8,0.56
X-4869,LINC00114,400866.0,Del0.8,0.58
X-4869,LINC00160,54064.0,Del0.8,0.58
X-4869,LINC00261,140828.0,Amp5,6.63
X-4869,LINC00307,266919.0,Del0.8,0.57
X-4869,LINC00310,114036.0,Del0.8,0.58
X-4869,LINC00320,387486.0,Del0.8,0.59
X-4869,LINC00477,144360.0,Del0.8,0.78
X-4869,LINC00478,388815.0,Del0.8,0.59
X-4869,LLPH,84298.0,Amp5,6.41
X-4869,LOC100128420,100128420.0,Del0.8,0.56
X-4869,LOC100128714,100128714.0,Amp5,7.06
X-4869,LOC100129515,100129515.0,Del0.8,0.56
X-4869,LOC100129520,100129520.0,Del0.8,0.56
X-4869,LOC100129662,100129662.0,Del0.8,0.56
X-4869,LOC100131434,100131434.0,Del0.8,0.53
X-4869,LOC100132247,100132247.0,MutNovel,"P746L,1.000"
X-4869,LOC100133286,100133286.0,Del0.8,0.58
X-4869,LOC100134868,100134868.0,Amp5,5.28
X-4869,LOC100272228,100272228.0,Del0.8,0.53
X-4869,LOC100287765,100287765.0,Del0.8,0.59
X-4869,LOC100506334,100506334.0,Del0.8,0.58
X-4869,LOC100506385,100506385.0,Del0.8,0.58
X-4869,LOC100506757,100506757.0,Del0.8,0.56
X-4869,LOC100507250,100507250.0,Amp8,12.64
X-4869,LOC100996641,,MutNovel,"D89N,1.000"
X-4869,LOC100996689,,MutKnownFunctional,"-282?,0.933"
X-4869,LOC158696,158696.0,Del0.8,0.56
X-4869,LOC200261,200261.0,Amp5,6.63
X-4869,LOC284751,284751.0,Amp5,5.9
X-4869,LOC284798,284798.0,Amp5,5.28
X-4869,LOC284801,284801.0,Amp5,5.28
X-4869,LOC286437,286437.0,Del0.8,0.59
X-4869,LOC286467,286467.0,Del0.8,0.56
X-4869,LOC340544,340544.0,Del0.8,0.59
X-4869,LOC348120,348120.0,Amp8,10.93
X-4869,LOC391322,391322.0,Del0.8,0.65
X-4869,LOC401180,,MutNovel,"-133G,1.000"
X-4869,LOC401180,,MutNovel,"G63S,0.500"
X-4869,LOC440040,440040.0,Amp5,5.66
X-4869,LOC441601,441601.0,Amp5,5.66
X-4869,LOC442459,442459.0,Del0.8,0.59
X-4869,LOC503519,503519.0,Amp5,7.06
X-4869,LOC554223,554223.0,MutNovel,"T110A,0.600"
X-4869,LOC574538,574538.0,Amp5,5.7
X-4869,LOC642778,,MutNovel,"R140K,0.714"
X-4869,LOC643486,643486.0,Del0.8,0.59
X-4869,LOC643733,643733.0,Amp8,16.68
X-4869,LOC646214,646214.0,Amp5,5.35
X-4869,LOC646813,646813.0,Amp5,5.66
X-4869,LOC727924,727924.0,Amp5,5.43
X-4869,LOC728888,,MutNovel,"I79T,0.667"
X-4869,LONRF3,79836.0,Del0.8,0.58
X-4869,LPAR4,2846.0,Del0.8,0.57
X-4869,LRCH2,57631.0,Del0.8,0.58
X-4869,LRIG2,9860.0,MutNovel,"N121D,1.000"
X-4869,LRRC10,376132.0,Amp8,17.39
X-4869,LSR,51599.0,MutNovel,"G518GR,0.917"
X-4869,LUZP4,51213.0,Del0.8,0.58
X-4869,LUZP6,767558.0,Amp5,5.24
X-4869,LYZ,4069.0,Amp8,18.77
X-4869,MAFF,23764.0,Amp5,6.45
X-4869,MAGEA11,4110.0,Del0.8,0.53
X-4869,MAGEA8,4107.0,Del0.8,0.53
X-4869,MAGEA9B,728269.0,Del0.8,0.53
X-4869,MAGEA9B,728269.0,Del0.8,0.53
X-4869,MAGEC1,9947.0,Del0.8,0.56
X-4869,MAGEC2,51438.0,Del0.8,0.56
X-4869,MAGEC3,139081.0,Del0.8,0.56
X-4869,MAGT1,84061.0,Del0.8,0.57
X-4869,MAMLD1,10046.0,Del0.8,0.53
X-4869,MAP1B,4131.0,MutNovel,"D244E,0.982"
X-4869,MAP3K4,4216.0,MutNovel,"PA1189P,1.000"
X-4869,MAP7D1,55700.0,MutNovel,"K537E,0.962"
X-4869,MAP7D3,79649.0,Del0.8,0.56
X-4869,MBNL3,55796.0,Del0.8,0.56
X-4869,MCF2,4168.0,Del0.8,0.56
X-4869,MCTS1,28985.0,Del0.8,0.58
X-4869,MDM1,56890.0,Amp8,9.51
X-4869,MDM2,4193.0,Amp8,15.14
X-4869,MED12,9968.0,Del0.8,0.57
X-4869,MEOX2,4223.0,MutNovel,"HH76H,0.459"
X-4869,MGC16121,84848.0,Del0.8,0.56
X-4869,MICALL1,85377.0,Amp5,6.45
X-4869,MID2,11043.0,Del0.8,0.59
X-4869,MIR101-2,406894.0,Del0.8,0.59
X-4869,MIR106A,406899.0,Del0.8,0.56
X-4869,MIR1256,100302155.0,Del0.8,0.59
X-4869,MIR125B2,406912.0,Del0.8,0.59
X-4869,MIR1264,100302251.0,Del0.8,0.59
X-4869,MIR1277,100302214.0,Del0.8,0.58
X-4869,MIR1279,100302182.0,Amp8,18.77
X-4869,MIR1298,100302153.0,Del0.8,0.59
X-4869,MIR18B,574033.0,Del0.8,0.56
X-4869,MIR1911,100302222.0,Del0.8,0.59
X-4869,MIR1912,100302144.0,Del0.8,0.59
X-4869,MIR19B2,406981.0,Del0.8,0.56
X-4869,MIR20B,574032.0,Del0.8,0.56
X-4869,MIR2114,100313839.0,Del0.8,0.53
X-4869,MIR320D2,100302169.0,Del0.8,0.56
X-4869,MIR363,574031.0,Del0.8,0.56
X-4869,MIR3650,100500824.0,Amp5,6.15
X-4869,MIR3913-1,100500903.0,Amp8,17.39
X-4869,MIR3913-2,100500868.0,Amp8,17.39
X-4869,MIR3920,100500823.0,Amp8,19.84
X-4869,MIR3978,100616491.0,Del0.8,0.59
X-4869,MIR424,494336.0,Del0.8,0.56
X-4869,MIR4327,100422891.0,Del0.8,0.57
X-4869,MIR4328,100422932.0,Del0.8,0.57
X-4869,MIR4329,100423009.0,Del0.8,0.59
X-4869,MIR448,554212.0,Del0.8,0.59
X-4869,MIR450A1,554214.0,Del0.8,0.56
X-4869,MIR450A2,574505.0,Del0.8,0.56
X-4869,MIR450B,100126302.0,Del0.8,0.56
X-4869,MIR4534,100616146.0,Amp5,6.45
X-4869,MIR4665,100616288.0,Del0.8,0.57
X-4869,MIR4693,100616457.0,Amp8,9.78
X-4869,MIR4715,100616474.0,Amp5,7.06
X-4869,MIR4791,100616291.0,Amp5,6.77
X-4869,MIR503,574506.0,Del0.8,0.56
X-4869,MIR504,574507.0,Del0.8,0.56
X-4869,MIR505,574508.0,Del0.8,0.56
X-4869,MIR506,574511.0,Del0.8,0.53
X-4869,MIR507,574512.0,Del0.8,0.53
X-4869,MIR508,574513.0,Del0.8,0.53
X-4869,MIR509-1,574514.0,Del0.8,0.53
X-4869,MIR510,574515.0,Del0.8,0.53
X-4869,MIR514A1,574516.0,Del0.8,0.53
X-4869,MIR514A2,574517.0,Del0.8,0.53
X-4869,MIR514B,100422847.0,Del0.8,0.53
X-4869,MIR542,664617.0,Del0.8,0.56
X-4869,MIR645,693230.0,Amp5,5.9
X-4869,MIR658,724028.0,Amp5,6.45
X-4869,MIR659,724029.0,Amp5,6.45
X-4869,MIR663A,724033.0,Amp5,5.28
X-4869,MIR676,100500887.0,Del0.8,0.57
X-4869,MIR764,100313838.0,Del0.8,0.59
X-4869,MIR766,768218.0,Del0.8,0.58
X-4869,MIR802,768219.0,Del0.8,0.58
X-4869,MIR888,100126306.0,Del0.8,0.56
X-4869,MIR890,100126303.0,Del0.8,0.56
X-4869,MIR891A,100126341.0,Del0.8,0.56
X-4869,MIR891B,100126304.0,Del0.8,0.56
X-4869,MIR892A,100126342.0,Del0.8,0.56
X-4869,MIR892B,100126307.0,Del0.8,0.56
X-4869,MIR92A2,407049.0,Del0.8,0.56
X-4869,MIR934,100126324.0,Del0.8,0.56
X-4869,MIR99A,407055.0,Del0.8,0.59
X-4869,MIRLET7C,406885.0,Del0.8,0.59
X-4869,MLANA,2315.0,Del0.8,0.57
X-4869,MMGT1,93380.0,Del0.8,0.56
X-4869,MMP1,4312.0,Amp8,19.56
X-4869,MMP10,4319.0,MutNovel,"S100R,0.300"
X-4869,MMP10,4319.0,Amp8,19.56
X-4869,MMP12,4321.0,Amp8,19.56
X-4869,MMP13,4322.0,Amp8,15.03
X-4869,MMP20,9313.0,Amp8,26.35
X-4869,MMP27,64066.0,Amp8,19.56
X-4869,MMP3,4314.0,Amp8,19.56
X-4869,MMP7,4316.0,Amp8,26.35
X-4869,MMP8,4317.0,Amp8,19.56
X-4869,MORC3,23515.0,Del0.8,0.58
X-4869,MORC4,79710.0,Del0.8,0.59
X-4869,MORF4L2,9643.0,Del0.8,0.59
X-4869,MOSPD1,56180.0,Del0.8,0.56
X-4869,MRPS6,64968.0,Del0.8,0.58
X-4869,MST4,51765.0,Del0.8,0.56
X-4869,MTAP,4507.0,Del0.8,0.2
X-4869,MTCH2,23788.0,Amp5,5.46
X-4869,MTM1,4534.0,Del0.8,0.53
X-4869,MTMR1,8776.0,Del0.8,0.53
X-4869,MUM1L1,139221.0,Del0.8,0.59
X-4869,MYBBP1A,10514.0,MutNovel,"R704H,0.310"
X-4869,NAGS,162417.0,MutNovel,"A518T,0.311"
X-4869,NANP,140838.0,Amp5,5.28
X-4869,NAP1L3,4675.0,Del0.8,0.65
X-4869,NAPB,63908.0,Amp5,6.63
X-4869,NBEAP1,606.0,Amp8,8.28
X-4869,NBPF1,55672.0,MutNovel,"L550W,0.267"
X-4869,NBPF10,100132406.0,MutNovel,"I921F,1.000"
X-4869,NBPF11,200030.0,Amp5,5.21
X-4869,NBPF24,,MutNovel,"T510A,0.667"
X-4869,NCAM2,4685.0,Del0.8,0.79
X-4869,NCOR1P1,149934.0,Amp5,5.28
X-4869,NCOR2,9612.0,MutNovel,"G1839GAAA,1.000"
X-4869,NCOR2,9612.0,MutNovel,"-511S,0.951"
X-4869,NDUFA1,4694.0,Del0.8,0.58
X-4869,NDUFS3,4722.0,Amp5,5.46
X-4869,NF1P2,440225.0,Amp5,5.5
X-4869,NGFRAP1,27018.0,Del0.8,0.59
X-4869,NINL,22981.0,Amp5,5.28
X-4869,NKAP,79576.0,Del0.8,0.58
X-4869,NKAPP1,158801.0,Del0.8,0.58
X-4869,NKRF,55922.0,Del0.8,0.58
X-4869,NLGN3,54413.0,Del0.8,0.57
X-4869,NOA1,84273.0,MutNovel,"S334A,0.588"
X-4869,NONO,4841.0,Del0.8,0.57
X-4869,NOP16,51491.0,MutKnownFunctional,"-196?,0.903"
X-4869,NOTCH1,4851.0,MutNovel,"A1448V,0.250"
X-4869,NOX1,27035.0,Del0.8,0.59
X-4869,NPIPL3,23117.0,MutNovel,"G587R,0.429"
X-4869,NRD1,4898.0,MutNovel,"EE150E,0.610"
X-4869,NRK,203447.0,Del0.8,0.59
X-4869,NUDT11,55190.0,MutKnownFunctional,"-1,1.000"
X-4869,NUP107,57122.0,Amp8,16.11
X-4869,NUP160,23279.0,Amp5,5.46
X-4869,NUP62CL,54830.0,Del0.8,0.59
X-4869,NXF2,56001.0,Del0.8,0.59
X-4869,NXF2,56001.0,Del0.8,0.59
X-4869,NXF2B,728343.0,Del0.8,0.59
X-4869,NXF2B,728343.0,Del0.8,0.59
X-4869,NXF3,56000.0,Del0.8,0.59
X-4869,NXF4,55999.0,Del0.8,0.59
X-4869,NXF5,55998.0,Del0.8,0.59
X-4869,NXT1,29107.0,Amp5,6.63
X-4869,NXT2,55916.0,Del0.8,0.59
X-4869,OCRL,4952.0,Del0.8,0.56
X-4869,ODZ1,10178.0,Del0.8,0.56
X-4869,OMG,4974.0,Del0.8,0.21
X-4869,OR13H1,347468.0,Del0.8,0.56
X-4869,OR4A47,403253.0,Amp5,5.46
X-4869,OR4B1,119765.0,Amp5,5.46
X-4869,OR4C12,283093.0,Amp5,5.66
X-4869,OR4C13,283092.0,Amp5,5.66
X-4869,OR4C3,256144.0,Amp5,5.46
X-4869,OR4M2,390538.0,Amp8,8.06
X-4869,OR4N3P,390539.0,Amp8,8.06
X-4869,OR4N4,283694.0,Amp8,8.06
X-4869,OR4S1,256148.0,Amp5,5.46
X-4869,OR4X1,390113.0,Amp5,5.46
X-4869,OR4X2,119764.0,Amp5,5.46
X-4869,OR52B6,340980.0,Amp5,5.7
X-4869,OR52D1,390066.0,Amp5,5.7
X-4869,OR52H1,390067.0,Amp5,5.7
X-4869,ORAI1,84876.0,MutNovel,"PP43-,1.000"
X-4869,OSMR,9180.0,Amp5,6.28
X-4869,OTUD6A,139562.0,Del0.8,0.57
X-4869,OVCA2,124641.0,MutNovel,"G205S,0.672"
X-4869,P2RY10,27334.0,Del0.8,0.57
X-4869,P2RY4,5030.0,Del0.8,0.57
X-4869,P2RY8,286530.0,MutNovel,"L1410M,1.000"
X-4869,PABPC3,5042.0,MutNovel,"KG231-,0.533"
X-4869,PABPC3,5042.0,MutKnownFunctional,"-299,1.000"
X-4869,PABPC3,5042.0,MutKnownFunctional,"-590,0.273"
X-4869,PABPC5,140886.0,Del0.8,0.8
X-4869,PAK3,5063.0,Del0.8,0.59
X-4869,PAR-SN,347746.0,Amp5,5.5
X-4869,PAR1,145624.0,Amp5,5.5
X-4869,PAR4,347745.0,Amp5,5.35
X-4869,PAR5,8123.0,Amp5,5.5
X-4869,PARD6B,84612.0,Amp5,5.9
X-4869,PCDH11X,27328.0,Del0.8,0.8
X-4869,PCDH19,57526.0,Del0.8,0.59
X-4869,PCDHB2,56133.0,MutNovel,"D448N,0.234"
X-4869,PCDHB7,56129.0,MutNovel,"S568G,0.583"
X-4869,PCP4,5121.0,Del0.8,0.59
X-4869,PDCD1LG2,80380.0,Del0.8,0.57
X-4869,PDGFD,80310.0,Amp8,9.78
X-4869,PDZD11,51248.0,Del0.8,0.57
X-4869,PDZK1P1,728939.0,Amp5,5.21
X-4869,PEG3,5178.0,MutNovel,"A1559G,0.500"
X-4869,PGAM4,441531.0,Del0.8,0.57
X-4869,PGK1,5230.0,Del0.8,0.57
X-4869,PGR,5241.0,Amp8,14.22
X-4869,PGRMC1,10857.0,Del0.8,0.58
X-4869,PHC3,80012.0,MutNovel,"R734H,0.458"
X-4869,PHF6,84295.0,Del0.8,0.56
X-4869,PHLDA1,22822.0,MutNovel,"QQ194Q,1.000"
X-4869,PICK1,9463.0,Amp5,6.45
X-4869,PIGG,54872.0,MutNovel,"I221T,0.724"
X-4869,PIGP,51227.0,Del0.8,0.58
X-4869,PLA2G6,8398.0,Amp5,6.45
X-4869,PLAC1,10761.0,Del0.8,0.56
X-4869,PLP1,5354.0,Del0.8,0.59
X-4869,PLS3,5358.0,Del0.8,0.58
X-4869,PLXNB3,5365.0,MutNovel,"R44C,1.000"
X-4869,POF1B,79983.0,Del0.8,0.55
X-4869,POLR2F,5435.0,Amp5,6.45
X-4869,POLR2J3,548644.0,MutNovel,"I20V,0.329"
X-4869,POTEB,339010.0,Amp5,5.5
X-4869,POU3F4,5456.0,Del0.8,0.55
X-4869,PPAPDC2,403313.0,Del0.8,0.59
X-4869,PROSC,11212.0,MutNovel,"I94T,0.284"
X-4869,PRPS1,5631.0,Del0.8,0.59
X-4869,PSMB10,5699.0,MutNovel,"Q18P,0.633"
X-4869,PSMC3,5702.0,Amp5,5.46
X-4869,PSMD10,5716.0,Del0.8,0.59
X-4869,PSMG1,8624.0,Del0.8,0.59
X-4869,PTPMT1,114971.0,Amp5,5.46
X-4869,PTPN1,5770.0,Amp5,5.9
X-4869,PTPRD,5789.0,Del0.8,0.61
X-4869,PTPRH,5794.0,MutNovel,"P145T,0.204"
X-4869,PTPRJ,5795.0,Amp5,5.46
X-4869,PVRIG,79037.0,MutNovel,"G120V,0.333"
X-4869,PWRN1,791114.0,Amp5,5.5
X-4869,PWRN2,791115.0,Amp5,5.58
X-4869,PYGB,5834.0,Amp5,5.28
X-4869,RAB33A,9363.0,Del0.8,0.56
X-4869,RAB3IP,117177.0,Amp8,9.71
X-4869,RAB40A,142684.0,Del0.8,0.59
X-4869,RAB40AL,282808.0,Del0.8,0.59
X-4869,RAB41,347517.0,Del0.8,0.57
X-4869,RAB9B,51209.0,Del0.8,0.59
X-4869,RAET1E,135250.0,MutNovel,"F61L,1.000"
X-4869,RANBP6,26953.0,Del0.8,0.57
X-4869,RAP1B,5908.0,Amp8,12.64
X-4869,RAP2C,57826.0,Del0.8,0.56
X-4869,RAPSN,5913.0,Amp5,5.46
X-4869,RBM41,55285.0,Del0.8,0.59
X-4869,RBMX,27316.0,Del0.8,0.56
X-4869,RBMX2,51634.0,Del0.8,0.56
X-4869,RBMXL3,139804.0,Del0.8,0.58
X-4869,RCAN1,1827.0,Del0.8,0.58
X-4869,RCL1,10171.0,Del0.8,0.59
X-4869,REREP3,646396.0,Amp8,8.06
X-4869,REV3L,5980.0,MutNovel,"K1468R,1.000"
X-4869,RFX3,5991.0,Del0.8,0.59
X-4869,RGAG1,57529.0,Del0.8,0.59
X-4869,RGPD8,727851.0,MutNovel,"R1168W,0.333"
X-4869,RHOXF1,158800.0,Del0.8,0.58
X-4869,RHOXF2B,727940.0,Del0.8,0.58
X-4869,RHOXF2B,727940.0,Del0.8,0.58
X-4869,RIN3,79890.0,MutNovel,"G967-,1.000"
X-4869,RIPPLY1,92129.0,Del0.8,0.59
X-4869,RLN1,6013.0,Del0.8,0.57
X-4869,RLN2,6019.0,Del0.8,0.57
X-4869,RNF113A,7737.0,Del0.8,0.58
X-4869,RNF128,79589.0,Del0.8,0.59
X-4869,RNF169,254225.0,MutNovel,"P75S,0.500"
X-4869,RP1-177G6.2,286411.0,Del0.8,0.56
X-4869,RPA4,29935.0,Del0.8,0.59
X-4869,RPL29P2,118432.0,Del0.8,0.16
X-4869,RPL36A,6173.0,Del0.8,0.59
X-4869,RPL36A-HNRNPH2,100529097.0,Del0.8,0.59
X-4869,RPL39,6170.0,Del0.8,0.58
X-4869,RPS6KA6,27330.0,Del0.8,0.55
X-4869,RUNX1,861.0,Del0.8,0.58
X-4869,RUNX1-IT1,80215.0,Del0.8,0.58
X-4869,SAGE1,55511.0,Del0.8,0.56
X-4869,SAMM50,25813.0,MutNovel,"V231I,0.467"
X-4869,SASH3,54440.0,Del0.8,0.56
X-4869,SATL1,340562.0,Del0.8,0.55
X-4869,SCAF4,57466.0,Del0.8,0.57
X-4869,SEMA3F,6405.0,MutNovel,"R585H,1.000"
X-4869,2014-09-06 00:00:00,23157.0,Del0.8,0.58
X-4869,SERPINA7,6906.0,Del0.8,0.59
X-4869,SETD4,54093.0,Del0.8,0.58
X-4869,SF1,7536.0,MutNovel,"P617L,0.810"
X-4869,SGCE,8910.0,MutNovel,"S432H,0.833"
X-4869,SH2D1A,4068.0,Del0.8,0.56
X-4869,SH3BGR,6450.0,Del0.8,0.59
X-4869,SH3BGRL,6451.0,Del0.8,0.55
X-4869,SH3BP4,23677.0,MutNovel,"P619A,0.585"
X-4869,SIM2,6493.0,Del0.8,0.58
X-4869,SLC13A4,26266.0,Amp5,5.98
X-4869,SLC16A8,23539.0,Amp5,6.45
X-4869,SLC1A1,6505.0,Del0.8,0.59
X-4869,SLC25A12,8604.0,MutNovel,"Y33F,0.543"
X-4869,SLC25A14,9016.0,Del0.8,0.56
X-4869,SLC25A43,203427.0,Del0.8,0.58
X-4869,SLC25A5,292.0,Del0.8,0.58
X-4869,SLC25A5-AS1,100303728.0,Del0.8,0.58
X-4869,SLC35E3,55508.0,Amp8,20.53
X-4869,SLC39A13,91252.0,Amp5,5.46
X-4869,SLC5A3,6526.0,Del0.8,0.58
X-4869,SLC6A12,6539.0,Amp5,5.7
X-4869,SLC6A13,6540.0,Amp5,5.7
X-4869,SLC6A14,11254.0,Del0.8,0.58
X-4869,SLC7A3,84889.0,Del0.8,0.57
X-4869,SLC9A6,10479.0,Del0.8,0.56
X-4869,SLITRK2,84631.0,Del0.8,0.56
X-4869,SLITRK4,139065.0,Del0.8,0.56
X-4869,SMARCA1,6594.0,Del0.8,0.56
X-4869,SMARCA2,6595.0,Del0.8,0.57
X-4869,SNAI1,6615.0,Amp5,5.9
X-4869,SNORA35,677816.0,Del0.8,0.59
X-4869,SNORA69,26779.0,Del0.8,0.58
X-4869,SNORA70G,100379132.0,Amp8,12.64
X-4869,SNORD109B,338429.0,Amp5,5.43
X-4869,SNORD115-1,338433.0,Amp5,5.5
X-4869,SNORD115-11,100033448.0,Amp5,5.35
X-4869,SNORD115-13,100033450.0,Amp5,5.35
X-4869,SNORD115-14,100033451.0,Amp5,5.35
X-4869,SNORD115-15,100033453.0,Amp5,5.35
X-4869,SNORD115-16,100033454.0,Amp5,5.35
X-4869,SNORD115-17,100033455.0,Amp5,5.35
X-4869,SNORD115-22,100033799.0,Amp5,5.35
X-4869,SNORD115-24,100036563.0,Amp5,5.35
X-4869,SNORD115-25,100033801.0,Amp5,5.35
X-4869,SNORD115-26,100033802.0,Amp5,5.35
X-4869,SNORD115-27,100036564.0,Amp5,5.35
X-4869,SNORD115-28,100036565.0,Amp5,5.35
X-4869,SNORD115-30,100033804.0,Amp5,5.35
X-4869,SNORD115-31,100033805.0,Amp5,5.35
X-4869,SNORD115-32,100033806.0,Amp5,5.35
X-4869,SNORD115-33,100033807.0,Amp5,5.35
X-4869,SNORD115-35,100033809.0,Amp5,5.35
X-4869,SNORD115-37,100033811.0,Amp5,5.35
X-4869,SNORD115-38,100033812.0,Amp5,5.35
X-4869,SNORD115-39,100033813.0,Amp5,5.35
X-4869,SNORD115-40,100033814.0,Amp5,5.35
X-4869,SNORD115-41,100033815.0,Amp5,5.35
X-4869,SNORD115-44,100033818.0,Amp5,5.35
X-4869,SNORD115-45,100036566.0,Amp5,5.35
X-4869,SNORD115-47,100036567.0,Amp5,5.35
X-4869,SNORD115-48,100033822.0,Amp5,5.35
X-4869,SNORD116-1,100033413.0,Amp5,5.5
X-4869,SNORD116-10,100033422.0,Amp5,5.5
X-4869,SNORD116-11,100033423.0,Amp5,5.5
X-4869,SNORD116-12,100033424.0,Amp5,5.5
X-4869,SNORD116-13,100033425.0,Amp5,5.5
X-4869,SNORD116-14,100033426.0,Amp5,5.5
X-4869,SNORD116-15,100033427.0,Amp5,5.5
X-4869,SNORD116-16,100033428.0,Amp5,5.5
X-4869,SNORD116-18,100033430.0,Amp5,5.5
X-4869,SNORD116-19,727708.0,Amp5,5.5
X-4869,SNORD116-2,100033414.0,Amp5,5.5
X-4869,SNORD116-20,100033431.0,Amp5,5.5
X-4869,SNORD116-22,100033433.0,Amp5,5.5
X-4869,SNORD116-23,100033434.0,Amp5,5.5
X-4869,SNORD116-24,100033435.0,Amp5,5.5
X-4869,SNORD116-25,100033436.0,Amp5,5.5
X-4869,SNORD116-26,100033438.0,Amp5,5.5
X-4869,SNORD116-27,100033439.0,Amp5,5.5
X-4869,SNORD116-28,100033820.0,Amp5,5.5
X-4869,SNORD116-29,100033821.0,Amp5,5.5
X-4869,SNORD116-3,100033415.0,Amp5,5.5
X-4869,SNORD116-4,100033416.0,Amp5,5.5
X-4869,SNORD116-5,100033417.0,Amp5,5.5
X-4869,SNORD116-8,100033420.0,Amp5,5.5
X-4869,SNORD61,26787.0,Del0.8,0.56
X-4869,SNORD96B,692226.0,Del0.8,0.59
X-4869,SNRPN,6638.0,Amp5,5.5
X-4869,SNURF,8926.0,Amp5,5.5
X-4869,SNX1,6642.0,MutNovel,"Y552C,0.714"
X-4869,SNX12,29934.0,Del0.8,0.57
X-4869,SOD1,6647.0,Del0.8,0.57
X-4869,SOWAHD,347454.0,Del0.8,0.58
X-4869,SOX10,6663.0,Amp5,6.45
X-4869,SOX3,6658.0,Del0.8,0.56
X-4869,SPANXA2,728712.0,Del0.8,0.56
X-4869,SPANXA2,728712.0,Del0.8,0.56
X-4869,SPANXA2-OT1,619455.0,Del0.8,0.56
X-4869,SPANXB1,728695.0,Del0.8,0.56
X-4869,SPANXC,64663.0,Del0.8,0.56
X-4869,SPANXN1,494118.0,Del0.8,0.56
X-4869,SPANXN2,494119.0,Del0.8,0.56
X-4869,SPANXN3,139067.0,Del0.8,0.56
X-4869,SPANXN4,441525.0,Del0.8,0.56
X-4869,SPATS2L,26010.0,MutNovel,"I221V,0.227"
X-4869,SRD5A1P1,6719.0,Del0.8,0.56
X-4869,SRPX2,27286.0,Del0.8,0.59
X-4869,SRRM2,23524.0,MutNovel,"S1122L,0.320"
X-4869,SRSF8,10929.0,Amp8,9.06
X-4869,SSTR4,6754.0,Amp5,6.63
X-4869,STAG2,10735.0,Del0.8,0.56
X-4869,SULF1,23213.0,MutNovel,"G97R,0.348"
X-4869,SYNDIG1,79953.0,Amp5,5.28
X-4869,SYTL4,94121.0,Del0.8,0.59
X-4869,TAF7L,54457.0,Del0.8,0.59
X-4869,TAF9B,51616.0,Del0.8,0.57
X-4869,TARBP1,6894.0,MutNovel,"G1537D,0.506"
X-4869,TBC1D8B,54885.0,Del0.8,0.59
X-4869,TBKBP1,9755.0,MutNovel,"A356V,1.000"
X-4869,TBP,6908.0,MutNovel,"-64QQQ,1.000"
X-4869,TBX22,50945.0,Del0.8,0.55
X-4869,TCEAL1,9338.0,Del0.8,0.59
X-4869,TCEAL2,140597.0,Del0.8,0.59
X-4869,TCEAL3,85012.0,Del0.8,0.59
X-4869,TCEAL4,79921.0,Del0.8,0.59
X-4869,TCEAL5,340543.0,Del0.8,0.59
X-4869,TCEAL6,158931.0,Del0.8,0.59
X-4869,TCEAL7,56849.0,Del0.8,0.59
X-4869,TCEAL8,90843.0,Del0.8,0.59
X-4869,TDGF1P3,6998.0,Del0.8,0.59
X-4869,TET2,54790.0,MutNovel,"E227K,0.667"
X-4869,TEX11,56159.0,Del0.8,0.57
X-4869,TEX13A,56157.0,Del0.8,0.59
X-4869,TEX13B,56156.0,Del0.8,0.59
X-4869,TFDP3,51270.0,Del0.8,0.56
X-4869,TGIF2LX,90316.0,Del0.8,0.8
X-4869,THBD,7056.0,Amp5,6.63
X-4869,THOC2,57187.0,Del0.8,0.56
X-4869,TIAM1,7074.0,MutNovel,"S1020P,1.000"
X-4869,TIAM1,7074.0,Del0.8,0.57
X-4869,TIMM8A,1678.0,Del0.8,0.59
X-4869,TMBIM4,51643.0,MutKnownFunctional,"-174?,0.879"
X-4869,TMBIM4,51643.0,Amp5,6.41
X-4869,TMCO1,54499.0,MutKnownFunctional,"-225,0.369"
X-4869,TMEM123,114908.0,Amp8,26.35
X-4869,TMEM133,83935.0,Amp8,14.22
X-4869,TMEM164,84187.0,Del0.8,0.59
X-4869,TMEM184B,25829.0,Amp5,5.58
X-4869,TMEM185A,84548.0,Del0.8,0.53
X-4869,TMEM189,387521.0,Amp5,5.9
X-4869,TMEM189-UBE2V1,387522.0,Amp5,5.9
X-4869,TMEM240,339453.0,MutNovel,"A152T,1.000"
X-4869,TMEM31,203562.0,Del0.8,0.59
X-4869,TMEM35,59353.0,Del0.8,0.59
X-4869,TMPRSS15,5651.0,Del0.8,0.59
X-4869,TMSB15A,11013.0,Del0.8,0.59
X-4869,TMSB15B,286527.0,Del0.8,0.59
X-4869,TNMD,64102.0,Del0.8,0.59
X-4869,TNRC18,84629.0,MutNovel,"P1440S,0.613"
X-4869,TP53,7157.0,MutNovel,"Y205S,1.000"
X-4869,TP53,7157.0,Del0.8,0.58
X-4869,TPGS1,91978.0,MutNovel,"S26C,0.226"
X-4869,TRIM6,117854.0,Amp5,5.7
X-4869,TRIM64C,646754.0,Amp5,5.66
X-4869,TRIM68,55128.0,MutNovel,"G456R,0.259"
X-4869,TRMT2B,79979.0,Del0.8,0.59
X-4869,TRPC4,7223.0,MutKnownFunctional,"-377?,0.269"
X-4869,TRPC5,7224.0,Del0.8,0.59
X-4869,TRPC6,7225.0,Amp8,16.8
X-4869,TSC22D3,1831.0,Del0.8,0.59
X-4869,TSPAN6,7105.0,Del0.8,0.59
X-4869,TTC28,23331.0,MutNovel,"V2197I,0.419"
X-4869,TTC3,7267.0,Del0.8,0.58
X-4869,TXNDC11,51061.0,MutNovel,"S301L,0.557"
X-4869,UBE2A,7319.0,Del0.8,0.58
X-4869,UBE2DNL,100131816.0,Del0.8,0.55
X-4869,UBE2NL,389898.0,Del0.8,0.56
X-4869,UBE2V1,7335.0,Amp5,5.9
X-4869,UBE3A,7337.0,Amp5,5.35
X-4869,UBQLN3,50613.0,Amp5,5.7
X-4869,UBQLNL,143630.0,Amp5,5.7
X-4869,UBXN11,91544.0,MutNovel,"G492S,1.000"
X-4869,UGT2B7,7364.0,MutNovel,"G526E,0.429"
X-4869,UHRF2,115426.0,Del0.8,0.57
X-4869,UPF3B,65109.0,Del0.8,0.58
X-4869,USP26,83844.0,Del0.8,0.56
X-4869,USP36,57602.0,MutNovel,"KKK958K,0.606"
X-4869,UTP14A,10813.0,Del0.8,0.56
X-4869,UTY,7404.0,MutNovel,"VG1048HC,0.400"
X-4869,UTY,7404.0,MutNovel,"FH1045YY,0.400"
X-4869,UTY,7404.0,MutNovel,"M1041Q,0.231"
X-4869,UTY,7404.0,MutNovel,"N1038I,0.231"
X-4869,UTY,7404.0,MutNovel,"N1038I,0.231"
X-4869,UTY,7404.0,MutNovel,"E1035I,0.214"
X-4869,UTY,7404.0,MutNovel,"L1033F,0.231"
X-4869,UTY,7404.0,MutNovel,"L1033S,0.231"
X-4869,UTY,7404.0,MutNovel,"P1010L,0.231"
X-4869,UTY,7404.0,MutNovel,"K1008P,0.286"
X-4869,UTY,7404.0,MutNovel,"NP1006TT,0.333"
X-4869,UTY,7404.0,MutNovel,"W352R,0.688"
X-4869,UTY,7404.0,MutNovel,"A351E,0.733"
X-4869,UTY,7404.0,MutKnownFunctional,"AA349A*,0.786"
X-4869,UTY,7404.0,MutNovel,"HA348QT,0.611"
X-4869,UTY,7404.0,MutNovel,"H348P,0.647"
X-4869,UTY,7404.0,MutNovel,"L344C,0.692"
X-4869,UTY,7404.0,MutNovel,"QL343HW,0.769"
X-4869,UTY,7404.0,MutNovel,"A337G,0.700"
X-4869,UTY,7404.0,MutKnownFunctional,"A337*,0.700"
X-4869,UTY,7404.0,MutNovel,"L335T,0.625"
X-4869,UTY,7404.0,MutNovel,"DA333EP,0.333"
X-4869,UTY,7404.0,MutNovel,"D333E,0.778"
X-4869,UTY,7404.0,MutNovel,"D333R,0.778"
X-4869,UTY,7404.0,MutNovel,"M332E,0.571"
X-4869,UTY,7404.0,MutNovel,"P331T,0.571"
X-4869,UTY,7404.0,MutNovel,"QP330HT,0.571"
X-4869,UTY,7404.0,MutNovel,"QQ326HG,0.333"
X-4869,UTY,7404.0,MutNovel,"L324T,0.571"
X-4869,UTY,7404.0,MutNovel,"V323L,0.333"
X-4869,UTY,7404.0,MutNovel,"G322D,0.714"
X-4869,UTY,7404.0,MutNovel,"IG321SN,0.714"
X-4869,UTY,7404.0,MutNovel,"S320T,0.500"
X-4869,UTY,7404.0,MutKnownFunctional,"CS319*T,0.500"
X-4869,UTY,7404.0,MutKnownFunctional,"C319*,0.375"
X-4869,UTY,7404.0,MutKnownFunctional,"C319*,0.375"
X-4869,UTY,7404.0,MutNovel,"A313I,0.364"
X-4869,UTY,7404.0,MutNovel,"EA312IT,0.455"
X-4869,UTY,7404.0,MutNovel,"S311K,0.400"
X-4869,UTY,7404.0,MutKnownFunctional,"K310*,0.500"
X-4869,UTY,7404.0,MutKnownFunctional,"DK309G*,0.500"
X-4869,UTY,7404.0,MutNovel,"D309Y,0.364"
X-4869,UTY,7404.0,MutNovel,"F301V,0.417"
X-4869,UTY,7404.0,MutKnownFunctional,"W284*,0.222"
X-4869,UTY,7404.0,MutNovel,"W284S,0.222"
X-4869,UTY,7404.0,MutNovel,"QS282HV,0.765"
X-4869,UTY,7404.0,MutNovel,"G281F,0.583"
X-4869,UTY,7404.0,MutNovel,"SG280WC,0.727"
X-4869,UTY,7404.0,MutNovel,"N279S,0.417"
X-4869,UTY,7404.0,MutNovel,"P278R,0.250"
X-4869,UTY,7404.0,MutNovel,"A276E,0.800"
X-4869,UTY,7404.0,MutKnownFunctional,"A276*,0.800"
X-4869,UTY,7404.0,MutKnownFunctional,"EA275A*,0.800"
X-4869,UTY,7404.0,MutNovel,"E275Q,0.727"
X-4869,UTY,7404.0,MutNovel,"K272R,0.769"
X-4869,UTY,7404.0,MutNovel,"K272R,0.333"
X-4869,UTY,7404.0,MutNovel,"K272E,0.462"
X-4869,UTY,7404.0,MutNovel,"Q271H,0.333"
X-4869,UTY,7404.0,MutNovel,"Q271P,0.545"
X-4869,UTY,7404.0,MutNovel,"L270A,0.600"
X-4869,UTY,7404.0,MutNovel,"L270V,0.882"
X-4869,UTY,7404.0,MutNovel,"Q268P,0.467"
X-4869,UTY,7404.0,MutNovel,"Q268T,0.467"
X-4869,UTY,7404.0,MutNovel,"Q268K,0.750"
X-4869,UTY,7404.0,MutNovel,"A266S,0.857"
X-4869,UTY,7404.0,MutNovel,"S264C,0.455"
X-4869,UTY,7404.0,MutNovel,"T261S,0.727"
X-4869,UTY,7404.0,MutNovel,"AT260VS,0.727"
X-4869,UTY,7404.0,MutNovel,"DK258VS,0.600"
X-4869,UTY,7404.0,MutNovel,"G257E,0.769"
X-4869,UTY,7404.0,MutNovel,"G257Q,0.769"
X-4869,UTY,7404.0,MutNovel,"L255E,0.538"
X-4869,UTY,7404.0,MutNovel,"HN251QS,0.667"
X-4869,UTY,7404.0,MutNovel,"H251F,0.700"
X-4869,UTY,7404.0,MutKnownFunctional,"WM248*C,0.700"
X-4869,UTY,7404.0,MutNovel,"W248P,0.500"
X-4869,UTY,7404.0,MutNovel,"LG246CS,0.571"
X-4869,UTY,7404.0,MutNovel,"Q245C,0.667"
X-4869,UTY,7404.0,MutNovel,"Q244I,0.600"
X-4869,UTY,7404.0,MutNovel,"V242A,0.625"
X-4869,UTY,7404.0,MutNovel,"AT240QS,0.647"
X-4869,UTY,7404.0,MutNovel,"K239F,0.600"
X-4869,UTY,7404.0,MutNovel,"V238Q,0.625"
X-4869,UTY,7404.0,MutNovel,"AQ236VK,0.562"
X-4869,UTY,7404.0,MutNovel,"P235S,0.429"
X-4869,UTY,7404.0,MutNovel,"N233T,0.467"
X-4869,UTY,7404.0,MutKnownFunctional,"TE231D*,0.462"
X-4869,UTY,7404.0,MutNovel,"LQ229FT,0.562"
X-4869,UTY,7404.0,MutNovel,"L229K,0.400"
X-4869,UTY,7404.0,MutNovel,"L228V,0.438"
X-4869,UTY,7404.0,MutNovel,"E226V,0.333"
X-4869,UTY,7404.0,MutNovel,"YE225LL,0.400"
X-4869,UTY,7404.0,MutNovel,"AY224LN,0.462"
X-4869,UTY,7404.0,MutNovel,"K222Q,0.429"
X-4869,UTY,7404.0,MutNovel,"S220L,0.357"
X-4869,UTY,7404.0,MutNovel,"Y218I,0.286"
X-4869,UTY,7404.0,MutNovel,"Y218N,0.467"
X-4869,UTY,7404.0,MutNovel,"Y218N,0.467"
X-4869,UTY,7404.0,MutNovel,"R216K,0.312"
X-4869,UTY,7404.0,MutNovel,"A202V,0.294"
X-4869,UTY,7404.0,MutNovel,"SN200FF,0.294"
X-4869,UTY,7404.0,MutNovel,"LS199SP,0.235"
X-4869,UTY,7404.0,MutNovel,"N177H,0.211"
X-4869,UTY,7404.0,MutKnownFunctional,"K175*,0.222"
X-4869,UTY,7404.0,MutNovel,"M173L,0.235"
X-4869,UTY,7404.0,MutNovel,"G171V,0.250"
X-4869,UTY,7404.0,MutNovel,"R169L,0.214"
X-4869,UTY,7404.0,MutKnownFunctional,"DP157D*,0.429"
X-4869,UTY,7404.0,MutKnownFunctional,"YV155*T,0.800"
X-4869,UTY,7404.0,MutNovel,"LY154QS,0.500"
X-4869,UTY,7404.0,MutNovel,"V153C,0.667"
X-4869,UTY,7404.0,MutNovel,"Q151H,0.667"
X-4869,UTY,7404.0,MutNovel,"F150T,0.500"
X-4869,UTY,7404.0,MutNovel,"F150I,0.833"
X-4869,UTY,7404.0,MutNovel,"HW144QR,0.667"
X-4869,UTY,7404.0,MutNovel,"H144Q,0.714"
X-4869,UTY,7404.0,MutNovel,"H144G,0.714"
X-4869,UTY,7404.0,MutNovel,"TV39CF,0.444"
X-4869,UTY,7404.0,MutNovel,"L38C,0.444"
X-4869,UTY,7404.0,MutNovel,"S37I,0.389"
X-4869,UTY,7404.0,MutNovel,"S35L,0.375"
X-4869,UTY,7404.0,MutNovel,"EE32AW,0.333"
X-4869,UTY,7404.0,MutKnownFunctional,"SE31S*,0.353"
X-4869,UTY,7404.0,MutNovel,"E30V,0.333"
X-4869,UTY,7404.0,MutNovel,"R29C,0.353"
X-4869,VGLL1,51442.0,Del0.8,0.56
X-4869,VLDLR,7436.0,Del0.8,0.58
X-4869,VSIG1,340547.0,Del0.8,0.59
X-4869,VSX1,30813.0,Amp5,5.28
X-4869,WBP5,51186.0,Del0.8,0.59
X-4869,WDR44,54521.0,Del0.8,0.58
X-4869,WRAP53,55135.0,Del0.8,0.31
X-4869,WRB,7485.0,Del0.8,0.59
X-4869,XIAP,331.0,Del0.8,0.56
X-4869,XKRX,402415.0,Del0.8,0.59
X-4869,XPNPEP2,7512.0,Del0.8,0.56
X-4869,YAP1,10413.0,Amp8,26.35
X-4869,YEATS4,8089.0,Amp8,18.77
X-4869,ZBTB10,65986.0,MutNovel,"S36L,0.833"
X-4869,ZBTB33,10009.0,Del0.8,0.58
X-4869,ZCCHC12,170261.0,Del0.8,0.58
X-4869,ZCCHC16,340595.0,Del0.8,0.59
X-4869,ZCCHC18,644353.0,Del0.8,0.59
X-4869,ZCCHC5,203430.0,Del0.8,0.57
X-4869,ZDHHC11,79844.0,MutNovel,"A303D,0.633"
X-4869,ZDHHC9,51114.0,Del0.8,0.56
X-4869,ZIC3,7547.0,Del0.8,0.56
X-4869,ZMAT1,84460.0,Del0.8,0.59
X-4869,ZMYM3,9203.0,Del0.8,0.57
X-4869,ZNF132,7691.0,MutNovel,"L670P,0.333"
X-4869,ZNF219,51222.0,MutNovel,"QPP233P,1.000"
X-4869,ZNF254,9534.0,MutNovel,"A274T,0.310"
X-4869,ZNF28,7576.0,Amp5,5.94
X-4869,ZNF280C,55609.0,Del0.8,0.56
X-4869,ZNF320,162967.0,Amp5,5.94
X-4869,ZNF321P,399669.0,Amp5,5.94
X-4869,ZNF337,26152.0,Amp5,5.28
X-4869,ZNF407,55628.0,MutNovel,"K441N,1.000"
X-4869,ZNF449,203523.0,Del0.8,0.56
X-4869,ZNF468,90333.0,Amp5,5.94
X-4869,ZNF600,162966.0,Amp5,5.94
X-4869,ZNF655,79027.0,MutKnownFunctional,"-121,0.524"
X-4869,ZNF702P,79986.0,Amp5,5.94
X-4869,ZNF711,7552.0,Del0.8,0.55
X-4869,ZNF75D,7626.0,Del0.8,0.56
X-4869,ZNF816,125893.0,Amp5,5.94
X-4869,ZNF816-ZNF321P,100529240.0,Amp5,5.94
X-4869,ZNF829,374899.0,MutKnownFunctional,"-291?,0.875"
X-4882,AGAP10,,MutNovel,"S103P,0.667"
X-4882,AHCY,191.0,MutNovel,"V58M,0.224"
X-4882,AHI1,54806.0,MutNovel,"K1017R,0.476"
X-4882,ALDH7A1,501.0,MutNovel,"G46E,0.731"
X-4882,ALDH7A1,501.0,MutNovel,"A8T,1.000"
X-4882,AMELY,266.0,Del0.8,0.61
X-4882,ANKRD36,375248.0,MutNovel,"T998S,0.227"
X-4882,ANKRD36,375248.0,MutNovel,"C1594S,0.286"
X-4882,ARHGAP23,57636.0,MutNovel,"PA738P,0.492"
X-4882,ARHGEF33,100271715.0,MutNovel,"V591L,1.000"
X-4882,ASPN,54829.0,MutNovel,"DE51E,1.000"
X-4882,ASS1,445.0,MutNovel,"A118T,0.486"
X-4882,ATG2B,55102.0,MutNovel,"E1213Q,0.478"
X-4882,ATP1B2,482.0,Del0.8,0.71
X-4882,AVEN,57099.0,MutNovel,"GGGGG41G,0.462"
X-4882,BCORP1,286554.0,Del0.8,0.59
X-4882,BMP2K,55589.0,MutNovel,"Q486H,0.625"
X-4882,BMP6,654.0,MutNovel,"R28Q,1.000"
X-4882,BPY2B,442867.0,Del0.8,0.34
X-4882,BPY2B,442867.0,Del0.8,0.34
X-4882,C9orf53,51198.0,Del0.8,0.58
X-4882,CABYR,26256.0,MutNovel,"G278R,0.667"
X-4882,CADM2,253559.0,Amp8,19.43
X-4882,CARD6,84674.0,MutKnownFunctional,"-169?,0.400"
X-4882,CBWD1,55871.0,MutNovel,"E341G,0.345"
X-4882,CCDC66,285331.0,MutKnownFunctional,"-205?,0.278"
X-4882,CCR4,1233.0,Amp8,15.78
X-4882,CDC42EP1,11135.0,MutNovel,"PAPAANPS253P,1.000"
X-4882,CDHR5,53841.0,MutNovel,"A595T,1.000"
X-4882,CDKN2A,1029.0,Del0.8,0.58
X-4882,CDY1B,253175.0,Del0.8,0.34
X-4882,CDY1B,253175.0,Del0.8,0.34
X-4882,CDY2A,9426.0,Del0.8,0.34
X-4882,CDY2A,9426.0,Del0.8,0.34
X-4882,CDY2B,203611.0,Del0.8,0.34
X-4882,CDY2B,203611.0,Del0.8,0.34
X-4882,CFB,629.0,MutNovel,"Y646S,0.467"
X-4882,CGGBP1,8545.0,Amp8,15.14
X-4882,CHD2,1106.0,MutKnownFunctional,"-1242?,0.816"
X-4882,CHMP2B,25978.0,Amp8,31.56
X-4882,CITED4,163732.0,MutNovel,"E9D,0.345"
X-4882,CLASP1,23332.0,MutNovel,"R144Q,0.343"
X-4882,CLASP2,23122.0,Amp5,5.35
X-4882,CLASRP,11129.0,MutNovel,"D211N,0.400"
X-4882,CLIP4,79745.0,MutNovel,"L207W,0.473"
X-4882,CMTM6,54918.0,Amp8,15.78
X-4882,CMTM7,112616.0,Amp8,15.78
X-4882,CMTM8,152189.0,Amp8,15.78
X-4882,CNOT10,25904.0,Amp8,15.78
X-4882,CRIPAK,285464.0,MutNovel,"V164A,0.500"
X-4882,CRIPAK,285464.0,MutNovel,"R294H,0.250"
X-4882,CRTAP,10491.0,Amp8,15.78
X-4882,CRYBG3,,MutKnownFunctional,"-1443,0.579"
X-4882,CSPG4P1Y,114758.0,Del0.8,0.34
X-4882,CSPG4P1Y,114758.0,Del0.8,0.34
X-4882,CTSA,5476.0,MutNovel,"L29-,1.000"
X-4882,DAZ1,1617.0,Del0.8,0.34
X-4882,DAZ2,57055.0,Del0.8,0.34
X-4882,DAZ3,57054.0,Del0.8,0.34
X-4882,DAZ3,57054.0,Del0.8,0.34
X-4882,DAZ4,57135.0,Del0.8,0.34
X-4882,DAZ4,57135.0,Del0.8,0.34
X-4882,DDX3Y,8653.0,Del0.8,0.61
X-4882,DENND4B,9909.0,MutNovel,"QQQ908-,1.000"
X-4882,DMRTA1,63951.0,Del0.8,0.54
X-4882,DNAJB2,3300.0,MutNovel,"P145S,0.768"
X-4882,DYNC1LI1,51143.0,Amp8,15.78
X-4882,ECI1,1632.0,MutNovel,"R92C,0.363"
X-4882,EFHA2,286097.0,MutNovel,"G87R,0.375"
X-4882,EIF1AY,9086.0,Del0.8,0.59
X-4882,ELAVL2,1993.0,Del0.8,0.66
X-4882,EP300,2033.0,MutNovel,"P925T,0.452"
X-4882,EPPK1,83481.0,MutNovel,"L710P,0.500"
X-4882,EXT2,2132.0,MutNovel,"L481R,0.426"
X-4882,FAM134C,162427.0,MutNovel,"P370L,0.414"
X-4882,FAM168A,23201.0,MutNovel,"G70C,0.375"
X-4882,FAM171B,165215.0,MutNovel,"-44Q,1.000"
X-4882,FAM197Y2P,252946.0,Del0.8,0.61
X-4882,FAM211A,388341.0,MutNovel,"R248H,0.360"
X-4882,FAM41AY1,340618.0,Del0.8,0.34
X-4882,FAM41AY1,340618.0,Del0.8,0.34
X-4882,FAP,2191.0,MutNovel,"A211V,0.739"
X-4882,FBXL2,25827.0,Amp8,15.78
X-4882,FKRP,79147.0,MutNovel,"A188V,0.608"
X-4882,FLJ35282,441389.0,Del0.8,0.54
X-4882,FLJ41200,401492.0,Del0.8,0.67
X-4882,FOXE1,2304.0,MutNovel,"AA169-,0.521"
X-4882,GIGYF2,26058.0,MutNovel,"PQ1231P,0.923"
X-4882,GLB1,2720.0,Amp8,15.78
X-4882,GOLGA2P2Y,84559.0,Del0.8,0.34
X-4882,GOLGA2P2Y,84559.0,Del0.8,0.34
X-4882,GPD1L,23171.0,Amp8,9.78
X-4882,GPRIN1,114787.0,MutNovel,"L238S,1.000"
X-4882,GRIP2,80852.0,MutKnownFunctional,"-437?,1.000"
X-4882,GYG2P1,352887.0,Del0.8,0.61
X-4882,HAGHL,84264.0,MutNovel,"E20K,0.571"
X-4882,HEATR1,55127.0,MutNovel,"N1488S,1.000"
X-4882,HEG1,57493.0,MutNovel,"R31Q,0.636"
X-4882,HELZ,9931.0,MutNovel,"R582W,0.571"
X-4882,HLA-B,3106.0,MutNovel,"Y83C,0.225"
X-4882,HLA-G,3135.0,MutNovel,"EQ138DE,0.333"
X-4882,HOMEZ,57594.0,MutNovel,"E537D,0.300"
X-4882,HSFY2,159119.0,Del0.8,0.34
X-4882,HSFY2,159119.0,Del0.8,0.34
X-4882,HSPA1A,3303.0,MutNovel,"E367K,0.571"
X-4882,HSPA1B,3304.0,MutNovel,"G201A,0.667"
X-4882,HSPA1B,3304.0,MutNovel,"G203D,0.700"
X-4882,HTR1F,3355.0,Amp8,31.56
X-4882,IFIT1B,439996.0,MutNovel,"Y256C,1.000"
X-4882,IFNA1,3439.0,Del0.8,0.3
X-4882,IFNA13,3447.0,Del0.8,0.62
X-4882,IFNA14,3448.0,Del0.8,0.57
X-4882,IFNA17,3451.0,Del0.8,0.57
X-4882,IFNA2,3440.0,Del0.8,0.62
X-4882,IFNA22P,3453.0,Del0.8,0.24
X-4882,IFNA5,3442.0,Del0.8,0.12
X-4882,IFNA6,3443.0,Del0.8,0.62
X-4882,IFNA8,3445.0,Del0.8,0.62
X-4882,IFNE,338376.0,Del0.8,0.56
X-4882,IMPDH1,3614.0,MutNovel,"R246Q,0.673"
X-4882,KDM4D,55693.0,MutNovel,"L405H,0.364"
X-4882,KDM5D,8284.0,Del0.8,0.59
X-4882,KIAA0494,9813.0,MutNovel,"V319A,0.926"
X-4882,KIAA1919,91749.0,MutNovel,"L182Y,0.277"
X-4882,KIAA2026,158358.0,MutNovel,"E92-,1.000"
X-4882,KLC2,64837.0,MutNovel,"V365L,0.464"
X-4882,KLHL9,55958.0,Del0.8,0.62
X-4882,LGALS9C,654346.0,Del0.8,0.51
X-4882,LINC00226,338004.0,Amp5,7.36
X-4882,LOC100129480,100129480.0,MutNovel,"T186I,1.000"
X-4882,LOC100288332,,MutNovel,"R140K,1.000"
X-4882,LOC554223,554223.0,MutNovel,"P62S,0.958"
X-4882,LOC554223,554223.0,MutNovel,"P114H,1.000"
X-4882,LOC554223,554223.0,MutNovel,"Q153P,0.304"
X-4882,LRRC17,10234.0,MutNovel,"E214D,0.758"
X-4882,MAGI2,9863.0,MutNovel,"E68K,0.359"
X-4882,MAST4,375449.0,MutNovel,"K2335Q,1.000"
X-4882,MEIS3,56917.0,MutKnownFunctional,"L215*,0.338"
X-4882,MEPCE,56257.0,MutNovel,"P16R,0.714"
X-4882,MIR31HG,554202.0,Del0.8,0.68
X-4882,MIR4795,100616161.0,Amp8,31.56
X-4882,MLL2,8085.0,MutNovel,"Q2790L,0.357"
X-4882,MPND,84954.0,MutNovel,"Y334C,0.530"
X-4882,MUC20,200958.0,MutNovel,"W229C,0.625"
X-4882,MX2,4600.0,MutNovel,"A562E,0.202"
X-4882,MYBBP1A,10514.0,MutNovel,"E175Q,1.000"
X-4882,NAAA,27163.0,MutNovel,"E231K,0.511"
X-4882,NACC1,112939.0,MutNovel,"R400G,0.723"
X-4882,NBPF1,55672.0,MutNovel,"R110K,0.500"
X-4882,NBPF9,400818.0,MutNovel,"Q184R,1.000"
X-4882,NCOR2,9612.0,MutNovel,"G1839GAAA,0.990"
X-4882,NCRNA00185,55410.0,Del0.8,0.59
X-4882,NLGN4Y,22829.0,Del0.8,0.61
X-4882,NR1H2,7376.0,MutNovel,"-173Q,1.000"
X-4882,OAZ2,4947.0,MutNovel,"R48Q,0.526"
X-4882,OPCML,4978.0,MutNovel,"N285Y,0.235"
X-4882,ORAI1,84876.0,MutNovel,"H2Q,0.615"
X-4882,ORAI1,84876.0,MutNovel,"PP43-,1.000"
X-4882,PABPC3,5042.0,MutNovel,"KG231-,0.750"
X-4882,PCDH11Y,83259.0,Del0.8,0.61
X-4882,PCDHB2,56133.0,MutNovel,"N420NIT,1.000"
X-4882,PCDHB5,26167.0,MutNovel,"R205W,1.000"
X-4882,PCDHB7,56129.0,MutNovel,"L426F,0.897"
X-4882,PCDHGA10,56106.0,MutNovel,"A686G,1.000"
X-4882,PCSK4,54760.0,MutKnownFunctional,"-341,0.462"
X-4882,PCSK9,255738.0,MutNovel,"-15LL,1.000"
X-4882,PDE4D,5144.0,MutNovel,"P5T,1.000"
X-4882,PDE4DIP,9659.0,MutNovel,"Q113H,0.421"
X-4882,PDZRN3,23024.0,MutNovel,"H152Y,1.000"
X-4882,PHLDA1,22822.0,MutNovel,"QQ194Q,1.000"
X-4882,PLK5,126520.0,MutNovel,"G223V,1.000"
X-4882,POM121L8P,29797.0,Del0.8,0.73
X-4882,POTEI,,MutNovel,"M819V,1.000"
X-4882,POU1F1,5449.0,Amp8,31.56
X-4882,PRKY,5616.0,Del0.8,0.61
X-4882,PRY,9081.0,Del0.8,0.59
X-4882,PRY,9081.0,Del0.8,0.34
X-4882,PRY2,442862.0,Del0.8,0.59
X-4882,PRY2,442862.0,Del0.8,0.34
X-4882,PSG11,5680.0,MutNovel,"G128D,0.364"
X-4882,PSG4,5672.0,MutNovel,"K412E,0.367"
X-4882,PTPRQ,374462.0,MutNovel,"M997V,0.600"
X-4882,PURB,5814.0,MutNovel,"G296R,0.545"
X-4882,RBMY1A3P,286557.0,Del0.8,0.61
X-4882,RBMY1B,378948.0,Del0.8,0.59
X-4882,RBMY1B,378948.0,Del0.8,0.59
X-4882,RBMY1E,378950.0,Del0.8,0.59
X-4882,RBMY1E,378950.0,Del0.8,0.59
X-4882,RBMY1F,159163.0,Del0.8,0.45
X-4882,RBMY1F,159163.0,Del0.8,0.59
X-4882,RBMY1J,378951.0,Del0.8,0.34
X-4882,RBMY1J,378951.0,Del0.8,0.59
X-4882,RBMY2EP,159125.0,Del0.8,0.59
X-4882,RBMY2FP,159162.0,Del0.8,0.59
X-4882,RBMY3AP,64593.0,Del0.8,0.61
X-4882,RIN3,79890.0,MutNovel,"G967-,1.000"
X-4882,RNF19B,127544.0,MutNovel,"Q62P,1.000"
X-4882,RPS4Y1,6192.0,Del0.8,0.61
X-4882,RPS4Y2,140032.0,Del0.8,0.59
X-4882,RUVBL2,10856.0,MutNovel,"R372C,0.328"
X-4882,SAT2,112483.0,Del0.8,0.71
X-4882,SFI1,9814.0,MutNovel,"R166C,0.368"
X-4882,SGCE,8910.0,MutNovel,"S432H,0.652"
X-4882,SHBG,6462.0,Del0.8,0.71
X-4882,SHPRH,257218.0,MutNovel,"Q289R,0.208"
X-4882,SIRPB1,10326.0,MutNovel,"H351C,0.667"
X-4882,SLC22A18,5002.0,MutNovel,"A232T,0.610"
X-4882,SLC2A4RG,56731.0,MutNovel,"A77V,0.803"
X-4882,SLC38A6,145389.0,MutNovel,"P458L,0.645"
X-4882,SPICE1,152185.0,MutNovel,"S242F,0.213"
X-4882,SRY,6736.0,Del0.8,0.61
X-4882,SUPT16H,11198.0,MutNovel,"V332M,0.500"
X-4882,SUSD5,26032.0,Amp8,15.78
X-4882,TBL1Y,90665.0,Del0.8,0.61
X-4882,TBP,6908.0,MutNovel,"-64Q,1.000"
X-4882,TCF3,6929.0,MutNovel,"G112R,0.535"
X-4882,TGIF2LY,90655.0,Del0.8,0.61
X-4882,TMBIM4,51643.0,MutKnownFunctional,"-174?,0.913"
X-4882,TMPPE,643853.0,Amp8,15.78
X-4882,TMSB4Y,9087.0,Del0.8,0.61
X-4882,TNFAIP6,7130.0,MutKnownFunctional,"-278,0.439"
X-4882,TNFRSF9,3604.0,MutNovel,"R217G,1.000"
X-4882,TRAF7,84231.0,MutNovel,"R371W,0.345"
X-4882,TRIM71,131405.0,Amp8,15.78
X-4882,TSPY1,7258.0,Del0.8,0.61
X-4882,TSPY2,64591.0,Del0.8,0.61
X-4882,TSPY3,728137.0,Del0.8,0.61
X-4882,TSPY4,728395.0,Del0.8,0.61
X-4882,TSPY8,728403.0,Del0.8,0.61
X-4882,TSPYL1,7259.0,MutNovel,"V176VW,0.488"
X-4882,TTC39B,158219.0,MutNovel,"D682H,0.278"
X-4882,TTC39B,158219.0,MutNovel,"R668T,0.278"
X-4882,TTTY10,246119.0,Del0.8,0.59
X-4882,TTTY11,83866.0,Del0.8,0.61
X-4882,TTTY12,83867.0,Del0.8,0.61
X-4882,TTTY13,83868.0,Del0.8,0.59
X-4882,TTTY14,83869.0,Del0.8,0.59
X-4882,TTTY15,64595.0,Del0.8,0.61
X-4882,TTTY16,252948.0,Del0.8,0.61
X-4882,TTTY17A,252949.0,Del0.8,0.34
X-4882,TTTY17A,252949.0,Del0.8,0.34
X-4882,TTTY18,252950.0,Del0.8,0.61
X-4882,TTTY19,252952.0,Del0.8,0.61
X-4882,TTTY1B,100101116.0,Del0.8,0.61
X-4882,TTTY1B,100101116.0,Del0.8,0.61
X-4882,TTTY2,60439.0,Del0.8,0.61
X-4882,TTTY2,60439.0,Del0.8,0.61
X-4882,TTTY20,252951.0,Del0.8,0.61
X-4882,TTTY21,252953.0,Del0.8,0.61
X-4882,TTTY21,252953.0,Del0.8,0.61
X-4882,TTTY22,252954.0,Del0.8,0.61
X-4882,TTTY23,252955.0,Del0.8,0.61
X-4882,TTTY23,252955.0,Del0.8,0.61
X-4882,TTTY3,114760.0,Del0.8,0.34
X-4882,TTTY3,114760.0,Del0.8,0.34
X-4882,TTTY4,114761.0,Del0.8,0.34
X-4882,TTTY4,114761.0,Del0.8,0.34
X-4882,TTTY5,83863.0,Del0.8,0.59
X-4882,TTTY6,84672.0,Del0.8,0.59
X-4882,TTTY6,84672.0,Del0.8,0.34
X-4882,TTTY7,246122.0,Del0.8,0.61
X-4882,TTTY7,246122.0,Del0.8,0.61
X-4882,TTTY7B,100101120.0,Del0.8,0.61
X-4882,TTTY7B,100101120.0,Del0.8,0.61
X-4882,TTTY8,84673.0,Del0.8,0.61
X-4882,TTTY8,84673.0,Del0.8,0.61
X-4882,TTTY9A,83864.0,Del0.8,0.34
X-4882,TTTY9A,83864.0,Del0.8,0.34
X-4882,TXLNG2P,246126.0,Del0.8,0.59
X-4882,UBP1,7342.0,Amp8,15.78
X-4882,URB1,9875.0,MutNovel,"R1931K,0.462"
X-4882,USP9Y,8287.0,Del0.8,0.61
X-4882,UTY,7404.0,Del0.8,0.61
X-4882,VCY,9084.0,Del0.8,0.61
X-4882,VCY,9084.0,Del0.8,0.61
X-4882,VEGFC,7424.0,MutNovel,"M419I,0.926"
X-4882,VGLL3,389136.0,Amp8,31.56
X-4882,XKRY2,353515.0,Del0.8,0.34
X-4882,XKRY2,353515.0,Del0.8,0.34
X-4882,ZFPM1,161882.0,MutNovel,"E444A,1.000"
X-4882,ZFY,7544.0,Del0.8,0.61
X-4882,ZNF219,51222.0,MutNovel,"QPP233P,0.495"
X-4882,ZNF384,171017.0,MutNovel,"QQ514Q,0.500"
X-4882,ZNF652,22834.0,MutNovel,"N298S,0.706"
X-4882,ZNF654,55279.0,Amp5,5.06
X-4882,ZNF736,728927.0,MutNovel,"D93N,0.500"
X-4882,ZNF845,91664.0,MutNovel,"T66I,0.425"
X-4882,ZRANB1,54764.0,MutKnownFunctional,"-709?,0.263"
X-4905,ABCD1,215.0,Amp5,6.45
X-4905,ACOT1,641371.0,Del0.8,0.51
X-4905,ADAM3A,1587.0,Del0.8,0.2
X-4905,ADAMTSL1,92949.0,Amp5,6.02
X-4905,ADAMTSL2,9719.0,MutNovel,"G421S,1.000"
X-4905,ADRA1D,146.0,MutNovel,"S31G,1.000"
X-4905,AFF2,2334.0,Amp8,8.51
X-4905,AHNAK2,113146.0,MutNovel,"N3188T,0.600"
X-4905,ALG12,79087.0,Del0.8,0.76
X-4905,AMACR,23600.0,MutNovel,"S52P,0.439"
X-4905,AMELY,266.0,Del0.8,0.21
X-4905,ANKRD36,375248.0,MutNovel,"T998S,0.308"
X-4905,ARC,23237.0,Del0.8,0.66
X-4905,ARHGAP4,393.0,Amp5,6.45
X-4905,ARRDC3,57561.0,Del0.8,0.55
X-4905,ASPN,54829.0,MutNovel,"E52VK,0.932"
X-4905,ATP2B3,492.0,Amp5,6.45
X-4905,ATP6AP1,537.0,Amp5,6.45
X-4905,ATR,545.0,MutNovel,"D286N,0.364"
X-4905,AVEN,57099.0,MutNovel,"GGGGG41G,0.484"
X-4905,AVPR2,554.0,Amp5,6.45
X-4905,BAI1,575.0,Del0.8,0.66
X-4905,BAI2,576.0,MutNovel,"A561P,0.500"
X-4905,BCAP31,10134.0,Amp5,6.45
X-4905,BCORP1,286554.0,Del0.8,0.21
X-4905,BET1,10282.0,MutKnownFunctional,"-45,0.500"
X-4905,BGN,633.0,Amp5,6.45
X-4905,BMS1P5,399761.0,Del0.8,0.58
X-4905,BPY2B,442867.0,Del0.8,0.21
X-4905,BPY2B,442867.0,Del0.8,0.21
X-4905,BRCC3,79184.0,Amp8,8.11
X-4905,BRD1,23774.0,Del0.8,0.76
X-4905,BREA2,286076.0,Del0.8,0.64
X-4905,C22orf34,348645.0,Del0.8,0.76
X-4905,C2orf27B,408029.0,MutNovel,"A16P,1.000"
X-4905,C8orf31,286122.0,Del0.8,0.66
X-4905,C8orf73,642475.0,Del0.8,0.64
X-4905,C9orf123,90871.0,Amp5,6.23
X-4905,C9orf53,51198.0,Del0.8,0.23
X-4905,CCDC166,100130274.0,Del0.8,0.64
X-4905,CCDC88C,440193.0,MutNovel,"N1546K,0.800"
X-4905,CCT7,10574.0,MutNovel,"R524H,0.992"
X-4905,CD99L2,83692.0,Amp5,7.89
X-4905,CDKN2A,1029.0,Del0.8,0.23
X-4905,CDKN2B,1030.0,Del0.8,0.28
X-4905,CDY1B,253175.0,Del0.8,0.21
X-4905,CDY1B,253175.0,Del0.8,0.21
X-4905,CDY2A,9426.0,Del0.8,0.21
X-4905,CDY2A,9426.0,Del0.8,0.21
X-4905,CDY2B,203611.0,Del0.8,0.21
X-4905,CDY2B,203611.0,Del0.8,0.21
X-4905,CETN2,1069.0,Amp5,6.45
X-4905,CETN3,1070.0,Del0.8,0.55
X-4905,CHST15,51363.0,MutKnownFunctional,"-456,1.000"
X-4905,CLIC2,1193.0,Amp8,8.11
X-4905,CMYA5,202333.0,MutNovel,"K2232E,0.353"
X-4905,CNGA2,1260.0,Amp5,6.96
X-4905,COL27A1,85301.0,MutNovel,"G1613S,0.565"
X-4905,COPZ2,51226.0,MutKnownFunctional,"-6?,1.000"
X-4905,CRELD2,79174.0,Del0.8,0.76
X-4905,CROCC,9696.0,MutNovel,"D653N,1.000"
X-4905,CSAG1,158511.0,Amp5,6.45
X-4905,CSAG2,728461.0,Amp5,6.45
X-4905,CSAG2,728461.0,Amp5,6.45
X-4905,CSAG3,389903.0,Amp5,6.45
X-4905,CSAG3,389903.0,Amp5,6.45
X-4905,CSPG4P1Y,114758.0,Del0.8,0.21
X-4905,CSPG4P1Y,114758.0,Del0.8,0.21
X-4905,CTAG1B,1485.0,Amp8,8.11
X-4905,CTAG1B,1485.0,Amp8,8.11
X-4905,CTAG2,30848.0,Amp8,8.11
X-4905,CTSA,5476.0,MutNovel,"L29-,1.000"
X-4905,CXorf40A,91966.0,Amp8,8.51
X-4905,CXorf40B,541578.0,Amp5,7.89
X-4905,CXorf51A,100129239.0,Amp5,6.11
X-4905,CXorf51A,100129239.0,Amp5,6.11
X-4905,CXorf68,100132963.0,Amp8,8.11
X-4905,CYP11B1,1584.0,Del0.8,0.66
X-4905,CYP11B2,1585.0,Del0.8,0.66
X-4905,DAZ1,1617.0,Del0.8,0.21
X-4905,DAZ2,57055.0,Del0.8,0.21
X-4905,DAZ3,57054.0,Del0.8,0.21
X-4905,DAZ3,57054.0,Del0.8,0.21
X-4905,DAZ4,57135.0,Del0.8,0.21
X-4905,DAZ4,57135.0,Del0.8,0.21
X-4905,DCST2,127579.0,MutNovel,"R414Q,1.000"
X-4905,DDX3Y,8653.0,Del0.8,0.21
X-4905,DHX29,54505.0,MutNovel,"N485I,0.329"
X-4905,DKC1,1736.0,Amp8,8.11
X-4905,DMRTA1,63951.0,Del0.8,0.17
X-4905,DNAJC4,3338.0,MutNovel,"TYYE34-,1.000"
X-4905,DNASE1L1,1774.0,Amp5,6.45
X-4905,DUSP9,1852.0,Amp5,6.45
X-4905,DUX2,26583.0,Del0.8,0.71
X-4905,DUX4,100288687.0,Del0.8,0.71
X-4905,DUX4L2,728410.0,Del0.8,0.71
X-4905,DUX4L3,653548.0,Del0.8,0.71
X-4905,DUX4L4,441056.0,Del0.8,0.71
X-4905,EEF1D,1936.0,Del0.8,0.64
X-4905,EIF1AY,9086.0,Del0.8,0.21
X-4905,ELAVL2,1993.0,Del0.8,0.23
X-4905,EMD,2010.0,Amp5,6.45
X-4905,F8,2157.0,Amp8,8.11
X-4905,F8A1,8263.0,Amp8,8.11
X-4905,F8A1,8263.0,Amp8,8.11
X-4905,FAHD1,81889.0,Del0.8,0.76
X-4905,FAM154A,158297.0,Amp5,6.02
X-4905,FAM171B,165215.0,MutNovel,"-44QQ,1.000"
X-4905,FAM18B2,201158.0,MutNovel,"S199C,1.000"
X-4905,FAM197Y2P,252946.0,Del0.8,0.21
X-4905,FAM21A,387680.0,Del0.8,0.54
X-4905,FAM21B,55747.0,Del0.8,0.78
X-4905,FAM35B,414241.0,Del0.8,0.3
X-4905,FAM3A,60343.0,Amp5,6.45
X-4905,FAM41AY1,340618.0,Del0.8,0.21
X-4905,FAM41AY1,340618.0,Del0.8,0.21
X-4905,FAM50A,9130.0,Amp5,6.45
X-4905,FAM58A,92002.0,Amp5,6.45
X-4905,FAM83H,286077.0,Del0.8,0.64
X-4905,FATE1,89885.0,Amp5,6.96
X-4905,FLI1,2313.0,Del0.8,0.78
X-4905,FLJ35282,441389.0,Del0.8,0.18
X-4905,FLJ42709,441094.0,Del0.8,0.62
X-4905,FLNA,2316.0,Amp5,6.45
X-4905,FMNL2,114793.0,Del0.8,0.43
X-4905,FMR1,2332.0,Amp5,7.26
X-4905,FMR1-AS1,100126270.0,Amp5,7.26
X-4905,FMR1NB,158521.0,Amp5,7.26
X-4905,FNDC1,84624.0,MutNovel,"ATTRRTT1471A,1.000"
X-4905,FRG1,2483.0,Del0.8,0.47
X-4905,FRG2,448831.0,Del0.8,0.71
X-4905,FRMD1,79981.0,Amp5,6.41
X-4905,FUNDC2,65991.0,Amp8,8.11
X-4905,G6PD,2539.0,Amp8,8.11
X-4905,GAB3,139716.0,Amp8,8.11
X-4905,GABRA3,2556.0,Amp5,6.45
X-4905,GABRE,2564.0,Amp5,6.96
X-4905,GABRQ,55879.0,Amp5,6.45
X-4905,GALNTL6,442117.0,Del0.8,0.8
X-4905,GATM,2628.0,MutNovel,"C252R,1.000"
X-4905,GDI1,2664.0,Amp5,6.45
X-4905,GIGYF2,26058.0,MutNovel,"PQ1231P,1.000"
X-4905,GLI4,2738.0,Del0.8,0.64
X-4905,GLUD2,2747.0,MutNovel,"V374A,0.364"
X-4905,GML,2765.0,Del0.8,0.66
X-4905,GOLGA2P2Y,84559.0,Del0.8,0.21
X-4905,GOLGA2P2Y,84559.0,Del0.8,0.21
X-4905,GPIHBP1,338328.0,Del0.8,0.66
X-4905,GPR50,9248.0,Amp5,7.89
X-4905,GPR52,9293.0,Del0.8,0.6
X-4905,GPR98,84059.0,Del0.8,0.55
X-4905,GSDMD,79792.0,Del0.8,0.64
X-4905,GSTM1,2944.0,Del0.8,0.71
X-4905,GSTT1,2952.0,Amp5,5.24
X-4905,GSTTP1,25774.0,Amp5,5.24
X-4905,GTF2IRD1,9569.0,MutNovel,"R750Q,0.325"
X-4905,GXYLT1,283464.0,MutNovel,"A13V,0.529"
X-4905,GYG1,2992.0,MutNovel,"A153P,0.985"
X-4905,GYG2P1,352887.0,Del0.8,0.21
X-4905,H2AFB1,474382.0,Amp8,8.11
X-4905,H2AFB1,474382.0,Amp8,8.11
X-4905,HAUS6,54801.0,Amp5,6.02
X-4905,HAUS7,55559.0,Amp5,6.45
X-4905,HCFC1,3054.0,Amp5,6.45
X-4905,HCN2,610.0,MutNovel,"R76H,0.500"
X-4905,HGC6.3,100128124.0,Amp5,6.41
X-4905,HIST1H2APS1,387319.0,Del0.8,0.44
X-4905,HLA-F,3134.0,MutNovel,"E244D,0.263"
X-4905,HLA-H,3136.0,Del0.8,0.68
X-4905,HMGB3,3149.0,Amp5,7.89
X-4905,HSD11B1,3290.0,MutNovel,"L109I,1.000"
X-4905,HSFX2,100130086.0,Amp5,5.39
X-4905,HSFX2,100130086.0,Amp5,7.89
X-4905,HSFY2,159119.0,Del0.8,0.21
X-4905,HSFY2,159119.0,Del0.8,0.21
X-4905,HUWE1,10075.0,MutNovel,"R3111H,0.988"
X-4905,HYDIN,54768.0,MutNovel,"S287C,1.000"
X-4905,IBTK,25998.0,MutNovel,"S486T,0.976"
X-4905,IDH3G,3421.0,Amp5,6.45
X-4905,IDS,3423.0,Amp8,8.51
X-4905,IFNA1,3439.0,Del0.8,0.18
X-4905,IFNA10,3446.0,Del0.8,0.49
X-4905,IFNA13,3447.0,Del0.8,0.31
X-4905,IFNA14,3448.0,Del0.8,0.25
X-4905,IFNA16,3449.0,Del0.8,0.25
X-4905,IFNA17,3451.0,Del0.8,0.25
X-4905,IFNA2,3440.0,Del0.8,0.18
X-4905,IFNA21,3452.0,Del0.8,0.28
X-4905,IFNA22P,3453.0,Del0.8,0.12
X-4905,IFNA4,3441.0,Del0.8,0.09
X-4905,IFNA5,3442.0,Del0.8,0.06
X-4905,IFNA6,3443.0,Del0.8,0.31
X-4905,IFNA7,3444.0,Del0.8,0.49
X-4905,IFNA8,3445.0,Del0.8,0.18
X-4905,IFNB1,3456.0,Del0.8,0.23
X-4905,IFNE,338376.0,Del0.8,0.21
X-4905,IFNW1,3467.0,Del0.8,0.28
X-4905,IKBKG,8517.0,MutNovel,"D181N,1.000"
X-4905,IKBKG,8517.0,Amp8,8.11
X-4905,IL17REL,400935.0,Del0.8,0.76
X-4905,IRAK1,3654.0,Amp5,6.45
X-4905,IRF2BPL,64207.0,MutNovel,"QQ114Q,0.250"
X-4905,JRK,8629.0,Del0.8,0.66
X-4905,KDM4C,23081.0,Amp5,5.13
X-4905,KDM5D,8284.0,Del0.8,0.21
X-4905,KIAA0141,9812.0,MutNovel,"A99S,0.313"
X-4905,KIAA0355,9710.0,MutNovel,"G572A,0.732"
X-4905,KIAA1109,84162.0,MutNovel,"P3944L,1.000"
X-4905,KIF25,3834.0,Amp5,6.41
X-4905,KLF17,128209.0,MutNovel,"AN374A,1.000"
X-4905,KLHL9,55958.0,Del0.8,0.31
X-4905,KPNA1,3836.0,MutNovel,"S266G,1.000"
X-4905,KRIT1,889.0,MutNovel,"I42V,0.329"
X-4905,L1CAM,3897.0,Amp5,6.45
X-4905,LAGE3,8270.0,Amp5,6.45
X-4905,LCMT2,9836.0,MutKnownFunctional,"-398,0.558"
X-4905,LDHC,3948.0,MutNovel,"L315H,0.500"
X-4905,LINC00051,619434.0,Del0.8,0.66
X-4905,LINGO2,158038.0,Del0.8,0.37
X-4905,LMBRD2,92255.0,MutNovel,"N243I,0.256"
X-4905,LOC100128338,100128338.0,Del0.8,0.64
X-4905,LOC100128946,100128946.0,Del0.8,0.8
X-4905,LOC100131434,100131434.0,Amp8,8.51
X-4905,LOC100133669,100133669.0,Del0.8,0.66
X-4905,LOC100190986,100190986.0,Del0.8,0.6
X-4905,LOC100271836,100271836.0,Del0.8,0.6
X-4905,LOC100272228,100272228.0,Amp5,7.89
X-4905,LOC100288181,100288181.0,Del0.8,0.66
X-4905,LOC100507404,100507404.0,Amp8,8.11
X-4905,LOC100507404,100507404.0,Amp8,8.11
X-4905,LOC100996433,,MutNovel,"S55C,0.250"
X-4905,LOC100996433,,MutNovel,"G98A,0.500"
X-4905,LOC391322,391322.0,Amp5,5.24
X-4905,LOC646021,,MutNovel,"G158A,1.000"
X-4905,LOC728047,,MutNovel,"P78L,1.000"
X-4905,LOC728728,,MutNovel,"S171P,0.375"
X-4905,LOC90834,90834.0,Del0.8,0.76
X-4905,LPHN3,23284.0,MutNovel,"G904R,0.667"
X-4905,LSR,51599.0,MutNovel,"G518GR,0.529"
X-4905,LY6D,8581.0,Del0.8,0.66
X-4905,LY6E,4061.0,Del0.8,0.66
X-4905,LY6H,4062.0,Del0.8,0.66
X-4905,LY6K,54742.0,Del0.8,0.66
X-4905,LYNX1,66004.0,Del0.8,0.66
X-4905,LYPD2,137797.0,Del0.8,0.66
X-4905,LYSMD3,116068.0,Del0.8,0.55
X-4905,MAFA,389692.0,Del0.8,0.64
X-4905,MAGEA1,4100.0,Amp5,6.45
X-4905,MAGEA10,4109.0,Amp5,6.45
X-4905,MAGEA10-MAGEA5,100533997.0,Amp5,5.06
X-4905,MAGEA11,4110.0,Amp5,7.89
X-4905,MAGEA12,4111.0,Amp5,6.45
X-4905,MAGEA2,4101.0,Amp5,6.45
X-4905,MAGEA2,4101.0,Amp5,6.45
X-4905,MAGEA3,4102.0,Amp5,6.45
X-4905,MAGEA4,4103.0,Amp5,6.96
X-4905,MAGEA6,4105.0,Amp5,6.45
X-4905,MAGEA8,4107.0,Amp5,7.89
X-4905,MAGEA9B,728269.0,Amp5,5.39
X-4905,MAGEA9B,728269.0,Amp5,7.89
X-4905,MAMLD1,10046.0,Amp5,7.89
X-4905,MAP3K3,4215.0,MutNovel,"R93W,1.000"
X-4905,MAP3K4,4216.0,MutNovel,"PA1189P,1.000"
X-4905,MAPK15,225689.0,Del0.8,0.64
X-4905,MBLAC2,153364.0,Del0.8,0.55
X-4905,MECP2,4204.0,Amp5,6.45
X-4905,MEOX2,4223.0,MutNovel,"HH76H,1.000"
X-4905,MFSD10,10227.0,MutNovel,"P348R,1.000"
X-4905,MIR105-1,406897.0,Amp5,6.45
X-4905,MIR105-2,406898.0,Amp5,6.45
X-4905,MIR1184-1,100302111.0,Amp8,8.11
X-4905,MIR1184-1,100302111.0,Amp8,8.11
X-4905,MIR2114,100313839.0,Amp5,7.89
X-4905,MIR2277,100313887.0,Del0.8,0.77
X-4905,MIR31,407035.0,Del0.8,0.34
X-4905,MIR3152,100422869.0,Amp5,6.02
X-4905,MIR31HG,554202.0,Del0.8,0.21
X-4905,MIR3202-1,100422987.0,Amp5,6.45
X-4905,MIR3202-2,100422877.0,Amp5,6.45
X-4905,MIR3660,100500825.0,Del0.8,0.53
X-4905,MIR4330,100422930.0,Amp5,7.89
X-4905,MIR4472-1,100616268.0,Del0.8,0.66
X-4905,MIR4473,100616229.0,Del0.8,0.31
X-4905,MIR4474,100616441.0,Del0.8,0.21
X-4905,MIR452,574412.0,Amp5,6.96
X-4905,MIR4535,100616415.0,Del0.8,0.8
X-4905,MIR4664,100616318.0,Del0.8,0.64
X-4905,MIR491,574444.0,Del0.8,0.21
X-4905,MIR506,574511.0,Amp5,6.11
X-4905,MIR507,574512.0,Amp5,6.11
X-4905,MIR508,574513.0,Amp5,6.11
X-4905,MIR509-1,574514.0,Amp5,6.11
X-4905,MIR510,574515.0,Amp5,6.11
X-4905,MIR514A2,574517.0,Amp5,7.26
X-4905,MIR514B,100422847.0,Amp5,6.11
X-4905,MIR718,100313781.0,Amp5,6.45
X-4905,MIR767,768215.0,Amp5,6.45
X-4905,MLC1,23209.0,Del0.8,0.76
X-4905,MLLT3,4300.0,Del0.8,0.34
X-4905,MMP17,4326.0,MutNovel,"P22PLLS,1.000"
X-4905,MOV10L1,54456.0,Del0.8,0.76
X-4905,MPP1,4354.0,Amp8,8.11
X-4905,MTAP,4507.0,Del0.8,0.27
X-4905,MTCP1,4515.0,Amp8,8.11
X-4905,MTCP1NB,100272147.0,Amp8,8.11
X-4905,MTM1,4534.0,Amp5,7.89
X-4905,MTMR1,8776.0,Amp5,7.89
X-4905,MTOR,2475.0,MutNovel,"P1864L,1.000"
X-4905,NAA10,8260.0,Amp5,6.45
X-4905,NACAD,23148.0,MutNovel,"E631K,1.000"
X-4905,NANOS1,340719.0,MutNovel,"P34T,1.000"
X-4905,NAPRT1,93100.0,Del0.8,0.64
X-4905,NBEAL1,65065.0,Del0.8,0.78
X-4905,NBPF10,100132406.0,MutNovel,"I1165F,0.424"
X-4905,NBPF11,200030.0,MutNovel,"S394F,0.667"
X-4905,NBPF14,25832.0,MutNovel,"Q153K,0.449"
X-4905,NBPF9,400818.0,MutNovel,"Q184R,1.000"
X-4905,NCOR2,9612.0,MutNovel,"G1839GAAA,1.000"
X-4905,NCOR2,9612.0,MutNovel,"-511S,1.000"
X-4905,NCRNA00185,55410.0,Del0.8,0.21
X-4905,NEFH,4744.0,MutNovel,"KAKSPEKEE651K,0.833"
X-4905,NLGN4Y,22829.0,Del0.8,0.21
X-4905,NPIPL3,23117.0,Del0.8,0.6
X-4905,NR2F1,7025.0,Del0.8,0.77
X-4905,NRG1,3084.0,MutNovel,"E627D,0.214"
X-4905,NSDHL,50814.0,Amp5,6.45
X-4905,NUDT11,55190.0,MutKnownFunctional,"-1,1.000"
X-4905,OPN1LW,5956.0,Amp5,6.45
X-4905,OPN1MW,2652.0,Amp5,6.45
X-4905,OR4C6,219432.0,Del0.8,0.34
X-4905,OR4P4,81300.0,Del0.8,0.34
X-4905,OR4S2,219431.0,Del0.8,0.34
X-4905,OR52N1,79473.0,Del0.8,0.56
X-4905,OR52N5,390075.0,Del0.8,0.16
X-4905,ORAI1,84876.0,MutNovel,"PP43-,1.000"
X-4905,OSCAR,126014.0,MutNovel,"V243L,0.400"
X-4905,PABPC3,5042.0,MutNovel,"A313D,1.000"
X-4905,PASD1,139135.0,Amp8,8.69
X-4905,PCDH11Y,83259.0,Del0.8,0.36
X-4905,PCIF1,63935.0,MutNovel,"S8R,1.000"
X-4905,PCM1,5108.0,MutNovel,"M200I,1.000"
X-4905,PDAP1,11333.0,MutNovel,"P20A,0.470"
X-4905,PDE4DIP,9659.0,MutNovel,"R125W,0.379"
X-4905,PDZD4,57595.0,Amp5,6.45
X-4905,PEX5,5830.0,MutKnownFunctional,"R252*,1.000"
X-4905,PHLDA1,22822.0,MutNovel,"QQ194Q,1.000"
X-4905,PIM3,415116.0,Del0.8,0.76
X-4905,PKNOX2,63876.0,MutNovel,"E442-,1.000"
X-4905,PLIN2,123.0,Amp5,6.02
X-4905,PLIN4,729359.0,MutNovel,"G296S,0.667"
X-4905,PLXNA3,55558.0,Amp5,6.45
X-4905,PLXNB3,5365.0,Amp5,6.45
X-4905,PNCK,139728.0,Amp5,6.45
X-4905,PNMA3,29944.0,Amp5,6.45
X-4905,PNMA5,114824.0,Amp5,6.45
X-4905,PNMA6A,84968.0,Amp5,6.45
X-4905,PNMA6A,84968.0,Amp5,6.45
X-4905,PNMA6C,100287428.0,Amp5,6.45
X-4905,PNMA6D,100287466.0,Amp5,6.45
X-4905,PNMA6D,100287466.0,Amp5,6.45
X-4905,POLR3G,10622.0,Del0.8,0.55
X-4905,POTEF,728378.0,MutNovel,"T995A,1.000"
X-4905,POTEF,728378.0,MutNovel,"D986G,1.000"
X-4905,POTEI,,MutNovel,"C965S,1.000"
X-4905,POTEI,,MutNovel,"I803R,1.000"
X-4905,POTEI,,MutNovel,"P798L,1.000"
X-4905,PRKY,5616.0,Del0.8,0.21
X-4905,PRRG3,79057.0,Amp5,6.96
X-4905,PRY,9081.0,Del0.8,0.21
X-4905,PRY,9081.0,Del0.8,0.21
X-4905,PRY2,442862.0,Del0.8,0.21
X-4905,PRY2,442862.0,Del0.8,0.21
X-4905,PSCA,8000.0,Del0.8,0.66
X-4905,PTPLAD2,401494.0,Del0.8,0.28
X-4905,PTPN20A,653129.0,Del0.8,0.7
X-4905,PTPN20B,26095.0,Del0.8,0.7
X-4905,PYCRL,65263.0,Del0.8,0.64
X-4905,RAB39B,116442.0,Amp8,8.11
X-4905,RASSF2,9770.0,MutNovel,"T103S,1.000"
X-4905,RBMY1A3P,286557.0,Del0.8,0.21
X-4905,RBMY1B,378948.0,Del0.8,0.21
X-4905,RBMY1B,378948.0,Del0.8,0.21
X-4905,RBMY1E,378950.0,Del0.8,0.21
X-4905,RBMY1E,378950.0,Del0.8,0.21
X-4905,RBMY1F,159163.0,Del0.8,0.21
X-4905,RBMY1F,159163.0,Del0.8,0.21
X-4905,RBMY1J,378951.0,Del0.8,0.21
X-4905,RBMY1J,378951.0,Del0.8,0.21
X-4905,RBMY2EP,159125.0,Del0.8,0.21
X-4905,RBMY2FP,159162.0,Del0.8,0.21
X-4905,RBMY3AP,64593.0,Del0.8,0.21
X-4905,RENBP,5973.0,Amp5,6.45
X-4905,RFX7,64864.0,MutNovel,"TPT953T,0.386"
X-4905,RHD,6007.0,Del0.8,0.77
X-4905,RHPN1,114822.0,Del0.8,0.64
X-4905,RIN3,79890.0,MutNovel,"G967-,0.490"
X-4905,RIPK4,54101.0,MutNovel,"G401D,0.500"
X-4905,RPL10,6134.0,Amp5,6.45
X-4905,RPS4Y1,6192.0,Del0.8,0.36
X-4905,RPS4Y2,140032.0,Del0.8,0.21
X-4905,RRAGA,10670.0,Amp5,6.02
X-4905,SCARNA8,677776.0,Amp5,6.02
X-4905,SGCE,8910.0,MutNovel,"S432H,0.571"
X-4905,SGOL1,151648.0,MutKnownFunctional,"-325?,0.256"
X-4905,SIRPB1,10326.0,MutNovel,"H351C,0.500"
X-4905,SLC10A3,8273.0,Amp5,6.45
X-4905,SLC6A8,6535.0,Amp5,6.45
X-4905,SLC7A5P2,387254.0,Del0.8,0.6
X-4905,SLURP1,57152.0,Del0.8,0.66
X-4905,SNAPC4,6621.0,MutNovel,"S542-,1.000"
X-4905,SNORA36A,677817.0,Amp8,8.11
X-4905,SNORA56,677835.0,Amp8,8.11
X-4905,SNORA70,26778.0,Amp5,6.45
X-4905,SRPK3,26576.0,Amp5,6.45
X-4905,SRY,6736.0,Del0.8,0.36
X-4905,SSR4,6748.0,Amp5,6.45
X-4905,ST13,6767.0,MutNovel,"K14E,0.819"
X-4905,TAMM41,132001.0,MutNovel,"P40L,1.000"
X-4905,TAS2R43,259289.0,Del0.8,0.71
X-4905,TAZ,6901.0,Amp5,6.45
X-4905,TBC1D2B,23102.0,MutNovel,"A8G,1.000"
X-4905,TBL1Y,90665.0,Del0.8,0.21
X-4905,TBP,6908.0,MutNovel,"-64Q,1.000"
X-4905,TEX28,1527.0,Amp5,6.45
X-4905,TGIF2LY,90655.0,Del0.8,0.36
X-4905,TIGD5,84948.0,Del0.8,0.64
X-4905,TKTL1,8277.0,Amp5,6.45
X-4905,TMBIM4,51643.0,MutKnownFunctional,"-174?,0.800"
X-4905,TMED10P1,286102.0,Del0.8,0.54
X-4905,TMEM184A,202915.0,MutNovel,"G392GA,1.000"
X-4905,TMEM185A,84548.0,Amp5,6.5
X-4905,TMEM187,8269.0,Amp5,6.45
X-4905,TMLHE,55217.0,Amp8,8.11
X-4905,TMSB4Y,9087.0,Del0.8,0.21
X-4905,TOP1MT,116447.0,Del0.8,0.64
X-4905,TRAK1,22906.0,MutKnownFunctional,"R228*,0.288"
X-4905,TREX2,11219.0,Amp5,6.45
X-4905,TRIM69,140691.0,MutNovel,"L368M,0.333"
X-4905,TSC22D2,9819.0,MutNovel,"P326R,1.000"
X-4905,TSNARE1,203062.0,Del0.8,0.66
X-4905,TSPY1,7258.0,Del0.8,0.21
X-4905,TSPY2,64591.0,Del0.8,0.21
X-4905,TSPY3,728137.0,Del0.8,0.21
X-4905,TSPY4,728395.0,Del0.8,0.21
X-4905,TSPY8,728403.0,Del0.8,0.21
X-4905,TSTA3,7264.0,Del0.8,0.64
X-4905,TTTY10,246119.0,Del0.8,0.21
X-4905,TTTY11,83866.0,Del0.8,0.21
X-4905,TTTY12,83867.0,Del0.8,0.21
X-4905,TTTY13,83868.0,Del0.8,0.21
X-4905,TTTY14,83869.0,Del0.8,0.21
X-4905,TTTY15,64595.0,Del0.8,0.21
X-4905,TTTY16,252948.0,Del0.8,0.21
X-4905,TTTY17A,252949.0,Del0.8,0.21
X-4905,TTTY17A,252949.0,Del0.8,0.21
X-4905,TTTY18,252950.0,Del0.8,0.21
X-4905,TTTY19,252952.0,Del0.8,0.21
X-4905,TTTY1B,100101116.0,Del0.8,0.21
X-4905,TTTY1B,100101116.0,Del0.8,0.21
X-4905,TTTY2,60439.0,Del0.8,0.21
X-4905,TTTY2,60439.0,Del0.8,0.21
X-4905,TTTY20,252951.0,Del0.8,0.21
X-4905,TTTY21,252953.0,Del0.8,0.21
X-4905,TTTY21,252953.0,Del0.8,0.21
X-4905,TTTY22,252954.0,Del0.8,0.21
X-4905,TTTY23,252955.0,Del0.8,0.21
X-4905,TTTY23,252955.0,Del0.8,0.21
X-4905,TTTY3,114760.0,Del0.8,0.21
X-4905,TTTY3,114760.0,Del0.8,0.21
X-4905,TTTY4,114761.0,Del0.8,0.21
X-4905,TTTY4,114761.0,Del0.8,0.21
X-4905,TTTY5,83863.0,Del0.8,0.21
X-4905,TTTY6,84672.0,Del0.8,0.21
X-4905,TTTY6,84672.0,Del0.8,0.21
X-4905,TTTY7,246122.0,Del0.8,0.21
X-4905,TTTY7,246122.0,Del0.8,0.21
X-4905,TTTY7B,100101120.0,Del0.8,0.21
X-4905,TTTY7B,100101120.0,Del0.8,0.21
X-4905,TTTY8,84673.0,Del0.8,0.21
X-4905,TTTY8,84673.0,Del0.8,0.21
X-4905,TTTY9A,83864.0,Del0.8,0.21
X-4905,TTTY9A,83864.0,Del0.8,0.21
X-4905,TUBBP5,643224.0,Del0.8,0.76
X-4905,TXLNG2P,246126.0,Del0.8,0.21
X-4905,UBE2J1,51465.0,Del0.8,0.77
X-4905,UBL4A,8266.0,Amp5,6.45
X-4905,UBXN11,91544.0,MutNovel,"G492S,1.000"
X-4905,UGT2B17,7367.0,Del0.8,0.52
X-4905,USP9Y,8287.0,Del0.8,0.21
X-4905,UTY,7404.0,Del0.8,0.21
X-4905,VBP1,7411.0,Amp8,8.11
X-4905,VCY,9084.0,Del0.8,0.21
X-4905,VCY,9084.0,Del0.8,0.21
X-4905,VMA21,203547.0,Amp8,8.69
X-4905,WNK1,65125.0,Del0.8,0.53
X-4905,WTIP,126374.0,MutNovel,"E70K,0.643"
X-4905,XKRY2,353515.0,Del0.8,0.21
X-4905,XKRY2,353515.0,Del0.8,0.21
X-4905,XPO1,7514.0,MutNovel,"A911T,0.472"
X-4905,ZBED4,9889.0,Del0.8,0.76
X-4905,ZC3H3,23144.0,Del0.8,0.64
X-4905,ZFHX3,463.0,MutNovel,"GGG3525-,1.000"
X-4905,ZFP41,286128.0,Del0.8,0.64
X-4905,ZFP92,139735.0,Amp5,6.45
X-4905,ZFY,7544.0,Del0.8,0.36
X-4905,ZNF185,7739.0,Amp5,6.45
X-4905,ZNF275,10838.0,Amp5,6.45
X-4905,ZNF384,171017.0,MutNovel,"QQ514Q,1.000"
X-4905,ZNF528,84436.0,MutNovel,"K556R,0.472"
X-4905,ZNF623,9831.0,Del0.8,0.64
X-4905,ZNF696,79943.0,Del0.8,0.64
X-4905,ZNF707,286075.0,Del0.8,0.64
X-4905,ZNF862,643641.0,MutNovel,"A772V,1.000"
X-4905,ZNF888,,MutNovel,"Q450P,0.469"
X-4905,ZRANB1,54764.0,MutNovel,"T524M,0.285"
X-4979,AARS,16.0,MutNovel,"Q221H,0.454"
X-4979,ABCA10,10349.0,MutKnownFunctional,"-1505,0.254"
X-4979,ABCC10,89845.0,MutNovel,"H656Q,0.457"
X-4979,ABCD2,225.0,Amp5,5.46
X-4979,ABTB2,25841.0,Amp5,7.21
X-4979,ACCS,84680.0,Amp5,7.01
X-4979,ACCSL,390110.0,Amp5,7.01
X-4979,ACO1,48.0,Del0.8,0.28
X-4979,ADNP,23394.0,Amp5,7.01
X-4979,ADRB3,155.0,Amp8,15.56
X-4979,AGAP2,116986.0,Amp5,6.32
X-4979,AGFG2,3268.0,MutNovel,"R118W,0.451"
X-4979,AHDC1,27245.0,MutNovel,"R1100W,0.593"
X-4979,AKR1C2,1646.0,MutNovel,"S87C,0.308"
X-4979,ALG10B,144245.0,Amp5,5.46
X-4979,ALKBH3,221120.0,Amp5,7.01
X-4979,ALX4,60529.0,Amp5,7.01
X-4979,AMELY,266.0,Del0.8,0.24
X-4979,ANKRD36,375248.0,MutNovel,"T998S,0.333"
X-4979,ANKRD36,375248.0,MutNovel,"V1191L,0.250"
X-4979,API5,8539.0,Amp5,7.01
X-4979,APIP,51074.0,Amp5,7.21
X-4979,ARHGAP9,64333.0,Amp5,6.32
X-4979,ARHGEF25,115557.0,Amp5,6.32
X-4979,ASH2L,9070.0,Amp8,15.56
X-4979,ATP6V0E2,155066.0,MutKnownFunctional,"Y176*,0.550"
X-4979,AVIL,10677.0,Amp5,6.32
X-4979,AVPR1A,552.0,Amp8,10.93
X-4979,B4GALNT1,2583.0,Amp5,6.32
X-4979,BACE2,25825.0,MutNovel,"T244I,1.000"
X-4979,BAG4,9530.0,Amp8,15.56
X-4979,BCAS4,55653.0,Amp5,7.01
X-4979,BCORP1,286554.0,Del0.8,0.24
X-4979,BEST3,144453.0,Amp8,13.93
X-4979,BLOC1S1,2647.0,Amp5,5.21
X-4979,BLOC1S1-RDH5,100528022.0,Amp5,5.21
X-4979,BMP2K,55589.0,MutNovel,"Q486H,0.455"
X-4979,BPY2B,442867.0,Del0.8,0.15
X-4979,BPY2B,442867.0,Del0.8,0.15
X-4979,BRF2,55290.0,Amp8,15.56
X-4979,C11orf41,25758.0,Amp5,7.21
X-4979,C11orf74,119710.0,Amp5,7.21
X-4979,C11orf91,100131378.0,Amp5,7.21
X-4979,C11orf96,387763.0,Amp5,7.01
X-4979,C12orf40,283461.0,Amp5,5.46
X-4979,C12orf61,283416.0,Amp8,11.55
X-4979,C19orf44,84167.0,MutNovel,"H610R,0.524"
X-4979,C1orf227,149643.0,Del0.8,0.71
X-4979,C3orf33,285315.0,MutNovel,"K179R,0.413"
X-4979,C8orf86,389649.0,Amp8,15.35
X-4979,C9orf11,54586.0,Del0.8,0.26
X-4979,C9orf53,51198.0,Del0.8,0.24
X-4979,C9orf72,203228.0,Del0.8,0.29
X-4979,CADM1,23705.0,Del0.8,0.42
X-4979,CAND1,55832.0,Amp8,11.55
X-4979,CAPRIN1,4076.0,Amp5,7.21
X-4979,CAT,847.0,Amp5,7.21
X-4979,CCDC127,133957.0,Del0.8,0.66
X-4979,CCDC137,339230.0,MutNovel,"G199R,0.545"
X-4979,CCDC57,284001.0,MutNovel,"E308G,0.496"
X-4979,CCND1,595.0,MutNovel,"A271D,1.000"
X-4979,CCT2,10576.0,Amp8,13.93
X-4979,CD44,960.0,Amp5,7.21
X-4979,CD59,966.0,Amp5,7.21
X-4979,CD63,967.0,Amp5,5.21
X-4979,CD82,3732.0,Amp5,7.01
X-4979,CDC42EP1,11135.0,MutNovel,"PAPAANPS253P,1.000"
X-4979,CDK2,1017.0,Amp5,5.21
X-4979,CDK4,1019.0,Amp5,6.32
X-4979,CDKN2A,1029.0,Del0.8,0.24
X-4979,CDKN2B,1030.0,Del0.8,0.44
X-4979,CDY1B,253175.0,Del0.8,0.15
X-4979,CDY1B,253175.0,Del0.8,0.15
X-4979,CDY2A,9426.0,Del0.8,0.24
X-4979,CDY2A,9426.0,Del0.8,0.24
X-4979,CDY2B,203611.0,Del0.8,0.24
X-4979,CDY2B,203611.0,Del0.8,0.24
X-4979,CENPN,55839.0,MutNovel,"A178P,0.278"
X-4979,CEP250,11190.0,MutNovel,"R632G,0.865"
X-4979,CHD3,1107.0,MutNovel,"-81P,1.000"
X-4979,CHRD,8646.0,MutNovel,"V741A,0.553"
X-4979,CNOT2,4848.0,Amp8,17.75
X-4979,CNTNAP3B,728577.0,MutNovel,"G1163D,0.571"
X-4979,COL3A1,1281.0,MutNovel,"R271Q,0.498"
X-4979,COL6A1,1291.0,MutNovel,"G612R,0.542"
X-4979,COMMD9,29099.0,Amp5,7.21
X-4979,COPZ2,51226.0,MutKnownFunctional,"-6?,1.000"
X-4979,CPM,1368.0,Amp8,12.47
X-4979,CPNE8,144402.0,Amp5,5.46
X-4979,CPSF6,11052.0,Amp8,13.93
X-4979,CRIPAK,285464.0,MutNovel,"V164A,0.769"
X-4979,CRIPAK,285464.0,MutNovel,"T184S,0.500"
X-4979,CRIPAK,285464.0,MutNovel,"S248G,0.293"
X-4979,CSPG4P1Y,114758.0,Del0.8,0.15
X-4979,CSPG4P1Y,114758.0,Del0.8,0.15
X-4979,CSTF3,1479.0,Amp5,7.21
X-4979,CTDSP2,10106.0,Amp5,6.32
X-4979,CTSA,5476.0,MutNovel,"L29-,1.000"
X-4979,CTU1,90353.0,MutNovel,"V53A,0.429"
X-4979,CYP27B1,1594.0,Amp5,6.32
X-4979,DAZ1,1617.0,Del0.8,0.15
X-4979,DAZ2,57055.0,Del0.8,0.15
X-4979,DAZ3,57054.0,Del0.8,0.15
X-4979,DAZ3,57054.0,Del0.8,0.15
X-4979,DAZ4,57135.0,Del0.8,0.15
X-4979,DAZ4,57135.0,Del0.8,0.15
X-4979,DCTN2,10540.0,Amp5,6.32
X-4979,DDHD2,23259.0,Amp8,15.56
X-4979,DDIT3,1649.0,Amp5,6.32
X-4979,DDIT4L,115265.0,MutKnownFunctional,"-180,0.385"
X-4979,DDR2,4921.0,MutNovel,"S452-,0.545"
X-4979,DDX3Y,8653.0,Del0.8,0.24
X-4979,DDX58,23586.0,Del0.8,0.28
X-4979,DENND4B,9909.0,MutNovel,"QQQ908-,0.271"
X-4979,DEPDC7,91614.0,Amp5,7.21
X-4979,DGKA,1606.0,Amp5,5.21
X-4979,DMRTA1,63951.0,Del0.8,0.23
X-4979,DNAAF2,55172.0,MutNovel,"E216D,0.444"
X-4979,DNAJC14,85406.0,Amp5,5.21
X-4979,DPM1,8813.0,Amp5,7.01
X-4979,DRD4,1815.0,MutNovel,"G268C,0.917"
X-4979,DTX3,196403.0,Amp5,6.32
X-4979,DYRK2,8445.0,Amp8,11.16
X-4979,EHF,26298.0,Amp5,7.21
X-4979,EIF1AY,9086.0,Del0.8,0.24
X-4979,EIF4EBP1,1978.0,Amp8,15.56
X-4979,ELAVL2,1993.0,Del0.8,0.27
X-4979,ELF5,2001.0,Amp5,7.21
X-4979,EP400,57634.0,MutNovel,"-2728Q,0.862"
X-4979,EPN1,29924.0,MutNovel,"P203L,0.533"
X-4979,ERBB3,2065.0,Amp5,5.21
X-4979,ERLIN2,11160.0,Amp8,15.56
X-4979,ESF1,51575.0,MutKnownFunctional,"-840,1.000"
X-4979,EVC2,132884.0,MutNovel,"P41H,0.667"
X-4979,EXOSC6,118460.0,MutNovel,"R135P,0.368"
X-4979,EXT2,2132.0,Amp5,7.01
X-4979,FAM171A1,221061.0,MutNovel,"R121C,0.562"
X-4979,FAM197Y2P,252946.0,Del0.8,0.24
X-4979,FAM19A2,338811.0,Amp5,5.86
X-4979,FAM208B,54906.0,MutNovel,"G1755V,0.521"
X-4979,FAM21B,55747.0,MutNovel,"V1197M,0.571"
X-4979,FAM41AY1,340618.0,Del0.8,0.24
X-4979,FAM41AY1,340618.0,Del0.8,0.24
X-4979,FAM65C,140876.0,Amp5,5.17
X-4979,FAM86B2,653333.0,MutKnownFunctional,"C72*,1.000"
X-4979,FAM86B2,653333.0,MutNovel,"R56K,1.000"
X-4979,FBXO11,80204.0,MutNovel,"R133P,0.500"
X-4979,FBXO3,26273.0,Amp5,7.21
X-4979,FGFBP3,143282.0,MutNovel,"H141Q,0.667"
X-4979,FGFR1,2260.0,Amp8,10.93
X-4979,FIGNL1,63979.0,MutNovel,"Q598R,0.643"
X-4979,FJX1,24147.0,Amp5,7.21
X-4979,FLG,2312.0,MutNovel,"S522P,0.222"
X-4979,FLJ35282,441389.0,Del0.8,0.21
X-4979,FNDC1,84624.0,MutNovel,"ATTRRTT1471A,1.000"
X-4979,FRA10AC1,118924.0,MutNovel,"G6S,0.569"
X-4979,FRS2,10818.0,Amp8,13.93
X-4979,GAB1,2549.0,MutNovel,"T503S,0.561"
X-4979,GDF11,10220.0,Amp5,5.21
X-4979,GIGYF2,26058.0,MutNovel,"PQ1231P,0.500"
X-4979,GLI1,2735.0,Amp5,6.32
X-4979,GOLGA2P2Y,84559.0,Del0.8,0.15
X-4979,GOLGA2P2Y,84559.0,Del0.8,0.15
X-4979,GOLGA6C,653641.0,MutNovel,"M345K,1.000"
X-4979,GOLGA6D,653643.0,MutNovel,"L346I,1.000"
X-4979,GOLGA6D,653643.0,MutNovel,"Q357L,1.000"
X-4979,GOT1L1,137362.0,Amp8,15.56
X-4979,GPR124,25960.0,Amp8,15.56
X-4979,GRIP2,80852.0,Amp5,5.31
X-4979,GTF2H2C,728340.0,Del0.8,0.61
X-4979,GUSBP3,653188.0,Del0.8,0.61
X-4979,GYG2P1,352887.0,Del0.8,0.24
X-4979,HIPK3,10114.0,Amp5,7.21
X-4979,HNRNPKP3,399881.0,Amp5,7.01
X-4979,HSD17B12,51144.0,Amp5,7.01
X-4979,HSFY2,159119.0,Del0.8,0.24
X-4979,HSFY2,159119.0,Del0.8,0.24
X-4979,HYDIN,54768.0,MutNovel,"R3747C,1.000"
X-4979,HYDIN,54768.0,MutNovel,"P2931L,1.000"
X-4979,IFNA1,3439.0,Del0.8,0.13
X-4979,IFNA10,3446.0,Del0.8,0.35
X-4979,IFNA13,3447.0,Del0.8,0.27
X-4979,IFNA14,3448.0,Del0.8,0.35
X-4979,IFNA16,3449.0,Del0.8,0.35
X-4979,IFNA17,3451.0,Del0.8,0.35
X-4979,IFNA2,3440.0,Del0.8,0.27
X-4979,IFNA21,3452.0,Del0.8,0.32
X-4979,IFNA22P,3453.0,Del0.8,0.18
X-4979,IFNA4,3441.0,Del0.8,0.1
X-4979,IFNA5,3442.0,Del0.8,0.07
X-4979,IFNA6,3443.0,Del0.8,0.27
X-4979,IFNA7,3444.0,Del0.8,0.35
X-4979,IFNA8,3445.0,Del0.8,0.27
X-4979,IFNB1,3456.0,Del0.8,0.32
X-4979,IFNE,338376.0,Del0.8,0.25
X-4979,IFNG,3458.0,Amp8,11.16
X-4979,IFNK,56832.0,Del0.8,0.29
X-4979,IFNW1,3467.0,Del0.8,0.32
X-4979,IFT140,9742.0,MutNovel,"AK1319-,0.469"
X-4979,IFT74,80173.0,Del0.8,0.29
X-4979,IKZF4,64375.0,Amp5,5.21
X-4979,IL22,50616.0,Amp8,11.16
X-4979,IL26,55801.0,Amp8,11.16
X-4979,INHBC,3626.0,Amp5,6.32
X-4979,INHBE,83729.0,Amp5,6.32
X-4979,INTS10,55174.0,MutNovel,"A474T,0.989"
X-4979,ITCH,83737.0,MutNovel,"TN291-,0.500"
X-4979,ITGA7,3679.0,Amp5,5.21
X-4979,ITGB8,3696.0,MutNovel,"R746C,1.000"
X-4979,KCNU1,157855.0,Amp8,11.63
X-4979,KDM5D,8284.0,Del0.8,0.24
X-4979,KGFLP2,654466.0,Del0.8,0.69
X-4979,KIAA1919,91749.0,MutNovel,"V518I,0.471"
X-4979,KIF21A,55605.0,Amp5,5.46
X-4979,KIF5A,3798.0,Amp5,6.32
X-4979,KLF14,136259.0,MutNovel,"H47P,1.000"
X-4979,KLHL9,55958.0,Del0.8,0.27
X-4979,KRT13,3860.0,MutNovel,"D138G,0.429"
X-4979,KRT19,3880.0,MutNovel,"L82R,0.667"
X-4979,KRT36,8689.0,MutNovel,"R371Q,1.000"
X-4979,KRT9,3857.0,MutNovel,"F123L,0.273"
X-4979,LDLRAD3,143458.0,Amp5,7.21
X-4979,LETM2,137994.0,Amp8,15.56
X-4979,LIG1,3978.0,MutNovel,"R62Q,0.565"
X-4979,LINC00032,158035.0,Del0.8,0.26
X-4979,LINC00294,283267.0,Amp5,7.21
X-4979,LINGO2,158038.0,Del0.8,0.29
X-4979,LMO2,4005.0,Amp5,7.21
X-4979,LOC100129250,100129250.0,Del0.8,0.28
X-4979,LOC100130776,100130776.0,Amp5,6.32
X-4979,LOC100272216,100272216.0,Del0.8,0.61
X-4979,LOC100287387,,MutNovel,"E173K,0.407"
X-4979,LOC100506422,100506422.0,Del0.8,0.27
X-4979,LOC100506504,,MutNovel,"R15H,0.429"
X-4979,LOC100506844,100506844.0,Amp5,6.32
X-4979,LOC100507205,100507205.0,Amp5,7.01
X-4979,LOC100507250,100507250.0,Amp8,11.16
X-4979,LOC100507300,100507300.0,Amp5,7.01
X-4979,LOC100996677,,MutNovel,"Q32P,0.944"
X-4979,LOC221122,221122.0,Amp5,5.21
X-4979,LOC338739,338739.0,Amp5,7.21
X-4979,LOC728024,728024.0,Amp8,15.56
X-4979,LRIG3,121227.0,Amp5,7.11
X-4979,LRP1,4035.0,Amp8,8.51
X-4979,LRRC10,376132.0,Amp8,13.93
X-4979,LRRC14B,389257.0,Del0.8,0.66
X-4979,LRRC19,64922.0,Del0.8,0.29
X-4979,LRRC4C,57689.0,Amp8,8.28
X-4979,LSM1,27257.0,Amp8,15.56
X-4979,LSR,51599.0,MutNovel,"G518GR,1.000"
X-4979,LTBP3,4054.0,MutNovel,"L35LCW,0.409"
X-4979,LYZ,4069.0,Amp8,13.93
X-4979,MAN2B2,23324.0,MutNovel,"G317D,0.551"
X-4979,MAN2B2,23324.0,MutNovel,"R681C,0.424"
X-4979,MAP2K6,5608.0,MutNovel,"L190I,0.696"
X-4979,2014-03-09 00:00:00,92979.0,Amp5,6.32
X-4979,MARS,4141.0,Amp5,6.32
X-4979,MBD6,114785.0,Amp5,6.32
X-4979,MCC,4163.0,MutNovel,"G21GA,0.545"
X-4979,MDM1,56890.0,Amp8,11.16
X-4979,MDM2,4193.0,Amp8,11.16
X-4979,MED15,51586.0,MutNovel,"-251Q,0.246"
X-4979,MEF2A,4205.0,MutNovel,"QQ412-,0.462"
X-4979,METTL1,4234.0,Amp5,6.32
X-4979,METTL21B,25895.0,Amp5,6.32
X-4979,METTL7B,196410.0,Amp5,5.21
X-4979,MGC21881,389741.0,Del0.8,0.69
X-4979,MIR1228,100302201.0,Amp8,8.51
X-4979,MIR1279,100302182.0,Amp8,13.93
X-4979,MIR129-2,406918.0,Amp5,7.01
X-4979,MIR1343,100616437.0,Amp5,7.21
X-4979,MIR26A2,407016.0,Amp5,6.32
X-4979,MIR31,407035.0,Del0.8,0.42
X-4979,MIR31HG,554202.0,Del0.8,0.24
X-4979,MIR3913-1,100500903.0,Amp8,13.93
X-4979,MIR3913-2,100500868.0,Amp8,13.93
X-4979,MIR3973,100616311.0,Amp5,7.21
X-4979,MIR670,100313777.0,Amp5,7.01
X-4979,MIR873,100126316.0,Del0.8,0.27
X-4979,MIR876,100126310.0,Del0.8,0.27
X-4979,MIRLET7I,406891.0,Amp8,11.55
X-4979,MLLT6,4302.0,MutNovel,"D681Y,0.387"
X-4979,MMP19,4327.0,Amp5,5.21
X-4979,MOB3B,79817.0,Del0.8,0.2
X-4979,MOCS3,27304.0,Amp5,7.01
X-4979,MON2,23041.0,Amp8,12.64
X-4979,MPRIP,23164.0,MutNovel,"TS178T,1.000"
X-4979,MTAP,4507.0,Del0.8,0.35
X-4979,MYH3,4621.0,MutNovel,"L1175V,1.000"
X-4979,MYH3,4621.0,MutNovel,"Q446R,1.000"
X-4979,MYL5,4636.0,MutNovel,"G118R,0.554"
X-4979,N4BP2,55728.0,MutNovel,"Q1462P,0.320"
X-4979,NACAD,23148.0,MutNovel,"G833D,0.400"
X-4979,NAT10,55226.0,Amp5,7.21
X-4979,NBPF14,25832.0,MutNovel,"G916E,0.667"
X-4979,NBPF14,25832.0,MutNovel,"I861G,1.000"
X-4979,NCAPD2,9918.0,MutNovel,"S1258Y,0.309"
X-4979,NCOA3,8202.0,MutNovel,"Q1255-,1.000"
X-4979,NCOR2,9612.0,MutNovel,"G1839GAAA,0.973"
X-4979,NCRNA00185,55410.0,Del0.8,0.24
X-4979,NDUFA4L2,56901.0,Amp8,8.51
X-4979,NDUFB6,4712.0,Del0.8,0.28
X-4979,NDUFS2,4720.0,MutNovel,"P199S,0.524"
X-4979,NFE2L3,9603.0,MutNovel,"M565T,0.531"
X-4979,NIPSNAP3A,25934.0,MutKnownFunctional,"-247,0.509"
X-4979,NKX6-1,4825.0,MutNovel,"P172L,0.700"
X-4979,NLGN1,22871.0,MutNovel,"V753F,0.552"
X-4979,NLGN4Y,22829.0,Del0.8,0.24
X-4979,NPIP,9284.0,MutNovel,"S267P,0.625"
X-4979,NR1H2,7376.0,MutNovel,"-173Q,1.000"
X-4979,NSUN4,387338.0,MutNovel,"T34A,0.483"
X-4979,NTRK3,4916.0,MutNovel,"V802I,0.385"
X-4979,NUDT11,55190.0,MutKnownFunctional,"-1,1.000"
X-4979,NUP107,57122.0,Amp8,11.16
X-4979,NXF1,10482.0,MutNovel,"Q334K,0.511"
X-4979,NXF1,10482.0,MutNovel,"L214V,0.405"
X-4979,NXPH4,11247.0,Amp8,8.51
X-4979,OCLN,100506658.0,Del0.8,0.78
X-4979,OPHN1,4983.0,Del0.8,0.77
X-4979,OR10P1,121130.0,Amp5,5.21
X-4979,OR2T3,343173.0,Del0.8,0.52
X-4979,OR2T5,401993.0,Del0.8,0.52
X-4979,OR6C2,341416.0,Amp5,5.21
X-4979,OR6C4,341418.0,Amp5,5.21
X-4979,OR6C65,403282.0,Amp5,5.21
X-4979,OR6C68,403284.0,Amp5,5.21
X-4979,OR6C70,390327.0,Amp5,5.21
X-4979,OR6C76,390326.0,Amp5,5.21
X-4979,ORAI1,84876.0,MutNovel,"PP43-,1.000"
X-4979,ORMDL2,29095.0,Amp5,5.21
X-4979,OS9,10956.0,Amp5,6.32
X-4979,OSGIN2,734.0,MutKnownFunctional,"-537,0.489"
X-4979,OTOP1,133060.0,MutNovel,"R598A,1.000"
X-4979,PA2G4,5036.0,Amp5,5.21
X-4979,PABPC3,5042.0,MutKnownFunctional,"-299,1.000"
X-4979,PAMR1,25891.0,Amp5,7.21
X-4979,PARD6B,84612.0,Amp5,7.01
X-4979,PCDH11Y,83259.0,Del0.8,0.24
X-4979,PCDHA10,56139.0,Del0.8,0.7
X-4979,PCDHA9,9752.0,Del0.8,0.62
X-4979,PCDHB11,56125.0,MutNovel,"L496P,0.400"
X-4979,PCDHB12,56124.0,MutNovel,"H638Q,0.571"
X-4979,PCDHB4,56131.0,MutNovel,"A507T,0.538"
X-4979,PCDHB4,56131.0,MutNovel,"G531S,0.588"
X-4979,PCDHB6,56130.0,MutNovel,"S524A,0.800"
X-4979,PCDHB6,56130.0,MutNovel,"G530S,0.900"
X-4979,PCDHB8,56128.0,MutNovel,"V420I,0.375"
X-4979,PDE4DIP,9659.0,MutNovel,"I2142M,0.410"
X-4979,PDHX,8050.0,Amp5,7.21
X-4979,PDK3,5165.0,MutNovel,"I285S,1.000"
X-4979,PEX5,5830.0,MutNovel,"R605W,0.511"
X-4979,PHC1,1911.0,MutNovel,"I401T,0.244"
X-4979,PHKB,5257.0,MutNovel,"D733N,0.534"
X-4979,PHLDA1,22822.0,MutNovel,"QQ194Q,1.000"
X-4979,PI4KA,5297.0,MutNovel,"L2056F,0.256"
X-4979,PIEZO1,9780.0,MutNovel,"Q749E,0.208"
X-4979,PIGU,128869.0,MutNovel,"Q118R,0.729"
X-4979,PIP4K2C,79837.0,Amp5,6.32
X-4979,PLAA,9373.0,Del0.8,0.21
X-4979,PLAUR,5329.0,MutNovel,"S87R,0.611"
X-4979,PLCD1,5333.0,MutNovel,"G592D,1.000"
X-4979,PMEL,6490.0,Amp5,5.21
X-4979,POLG,5428.0,MutNovel,"QQQ51Q,0.353"
X-4979,PPAPDC1B,84513.0,Amp8,15.56
X-4979,PPM1H,57460.0,Amp8,13.09
X-4979,PPP2R5A,5525.0,MutNovel,"M1MS,1.000"
X-4979,PPP6R1,22870.0,MutNovel,"L609P,0.494"
X-4979,PRB1,5542.0,MutNovel,"R149Q,0.263"
X-4979,PRB2,653247.0,MutNovel,"R109Q,0.361"
X-4979,PRB2,653247.0,MutNovel,"S52P,0.208"
X-4979,PRDM11,56981.0,Amp5,5.21
X-4979,PRG2,5553.0,MutNovel,"P50T,0.472"
X-4979,PRKY,5616.0,Del0.8,0.24
X-4979,PROSC,11212.0,Amp8,15.56
X-4979,PRR12,57479.0,MutNovel,"P1475T,0.688"
X-4979,PRR5L,79899.0,Amp5,7.21
X-4979,PRRG4,79056.0,Amp5,7.21
X-4979,PRY,9081.0,Del0.8,0.15
X-4979,PRY,9081.0,Del0.8,0.24
X-4979,PRY2,442862.0,Del0.8,0.24
X-4979,PRY2,442862.0,Del0.8,0.15
X-4979,QSER1,79832.0,Amp5,7.21
X-4979,R3HDM2,22864.0,Amp5,7.31
X-4979,RAB11FIP1,80223.0,Amp8,15.56
X-4979,RAB3IP,117177.0,Amp8,13.93
X-4979,RAB40AL,282808.0,MutNovel,"L180M,1.000"
X-4979,RAB40AL,282808.0,MutNovel,"I216R,0.846"
X-4979,RAB5B,5869.0,Amp5,5.21
X-4979,RAG1,5896.0,Amp5,7.21
X-4979,RAG2,5897.0,Amp5,7.21
X-4979,RANBP10,57610.0,MutNovel,"H380Y,0.610"
X-4979,RAP1B,5908.0,Amp8,11.16
X-4979,RBMY1A3P,286557.0,Del0.8,0.24
X-4979,RBMY1B,378948.0,Del0.8,0.24
X-4979,RBMY1B,378948.0,Del0.8,0.24
X-4979,RBMY1E,378950.0,Del0.8,0.24
X-4979,RBMY1E,378950.0,Del0.8,0.24
X-4979,RBMY1F,159163.0,Del0.8,0.19
X-4979,RBMY1F,159163.0,Del0.8,0.24
X-4979,RBMY1J,378951.0,Del0.8,0.15
X-4979,RBMY1J,378951.0,Del0.8,0.24
X-4979,RBMY2EP,159125.0,Del0.8,0.24
X-4979,RBMY2FP,159162.0,Del0.8,0.24
X-4979,RBMY3AP,64593.0,Del0.8,0.24
X-4979,RDH5,5959.0,Amp5,5.21
X-4979,RGL4,266747.0,MutNovel,"R87W,0.542"
X-4979,RHOB,388.0,MutNovel,"I190S,0.452"
X-4979,RNF5P1,286140.0,Amp8,15.35
X-4979,RPS26,6231.0,Amp5,5.21
X-4979,RPS4Y1,6192.0,Del0.8,0.24
X-4979,RPS4Y2,140032.0,Del0.8,0.24
X-4979,SAMD9,54809.0,MutNovel,"R1077Q,0.343"
X-4979,SARNP,84324.0,Amp5,5.21
X-4979,SEC24D,9871.0,MutNovel,"G591E,0.565"
X-4979,2014-09-10 00:00:00,151011.0,MutNovel,"R278C,0.524"
X-4979,SERINC2,347735.0,MutNovel,"-373Q,0.750"
X-4979,SGSM3,27352.0,MutNovel,"R655H,0.557"
X-4979,SHMT2,6472.0,Amp8,8.51
X-4979,SLC16A7,9194.0,Amp5,5.03
X-4979,SLC1A2,6506.0,Amp5,7.21
X-4979,SLC25A37,51312.0,Del0.8,0.72
X-4979,SLC26A10,65012.0,Amp5,6.32
X-4979,SLC35E3,55508.0,Amp8,11.16
X-4979,SLC8A1,6546.0,MutNovel,"L688M,0.375"
X-4979,SNORA70G,100379132.0,Amp8,11.16
X-4979,SOS1,6654.0,MutNovel,"I542V,0.567"
X-4979,SRY,6736.0,Del0.8,0.24
X-4979,SSC5D,284297.0,MutNovel,"T1267I,0.643"
X-4979,STAC3,246329.0,Amp8,8.51
X-4979,STAR,6770.0,Amp8,15.56
X-4979,STRC,161497.0,MutNovel,"T1565S,0.564"
X-4979,SUOX,6821.0,Amp5,5.21
X-4979,SYT13,57586.0,Amp5,5.21
X-4979,TBL1Y,90665.0,Del0.8,0.24
X-4979,TBP,6908.0,MutNovel,"-64Q,0.957"
X-4979,TCP11L1,55346.0,Amp5,7.21
X-4979,TEK,7010.0,Del0.8,0.19
X-4979,TET2,54790.0,MutNovel,"E227K,0.333"
X-4979,TGIF2LY,90655.0,Del0.8,0.24
X-4979,TMBIM4,51643.0,MutKnownFunctional,"-174?,0.794"
X-4979,TMCO7,79613.0,MutNovel,"F659L,0.538"
X-4979,TMED8,283578.0,MutNovel,"P10Q,0.750"
X-4979,TMSB4Y,9087.0,Del0.8,0.24
X-4979,TNXB,7148.0,MutNovel,"M4002T,0.376"
X-4979,TOPORS,10210.0,Del0.8,0.28
X-4979,TOR3A,64222.0,MutNovel,"K286T,0.576"
X-4979,TP53I11,9537.0,Amp5,5.21
X-4979,TRAF6,7189.0,Amp5,7.21
X-4979,TRIM44,54765.0,Amp5,7.21
X-4979,TSC22D1,8848.0,MutNovel,"VE448E,1.000"
X-4979,TSFM,10102.0,Amp5,6.32
X-4979,TSPAN18,90139.0,Amp5,5.21
X-4979,TSPAN31,6302.0,Amp5,6.32
X-4979,TSPY1,7258.0,Del0.8,0.24
X-4979,TSPY2,64591.0,Del0.8,0.24
X-4979,TSPY3,728137.0,Del0.8,0.24
X-4979,TSPY4,728395.0,Del0.8,0.24
X-4979,TSPY8,728403.0,Del0.8,0.24
X-4979,TSPYL1,7259.0,MutNovel,"V176VW,0.503"
X-4979,TTC17,55761.0,Amp5,7.01
X-4979,TTTY10,246119.0,Del0.8,0.24
X-4979,TTTY11,83866.0,Del0.8,0.24
X-4979,TTTY12,83867.0,Del0.8,0.24
X-4979,TTTY13,83868.0,Del0.8,0.24
X-4979,TTTY14,83869.0,Del0.8,0.24
X-4979,TTTY15,64595.0,Del0.8,0.24
X-4979,TTTY16,252948.0,Del0.8,0.24
X-4979,TTTY17A,252949.0,Del0.8,0.15
X-4979,TTTY17A,252949.0,Del0.8,0.15
X-4979,TTTY18,252950.0,Del0.8,0.24
X-4979,TTTY19,252952.0,Del0.8,0.24
X-4979,TTTY1B,100101116.0,Del0.8,0.24
X-4979,TTTY1B,100101116.0,Del0.8,0.24
X-4979,TTTY2,60439.0,Del0.8,0.24
X-4979,TTTY2,60439.0,Del0.8,0.24
X-4979,TTTY20,252951.0,Del0.8,0.24
X-4979,TTTY21,252953.0,Del0.8,0.24
X-4979,TTTY21,252953.0,Del0.8,0.24
X-4979,TTTY22,252954.0,Del0.8,0.24
X-4979,TTTY23,252955.0,Del0.8,0.24
X-4979,TTTY23,252955.0,Del0.8,0.24
X-4979,TTTY3,114760.0,Del0.8,0.15
X-4979,TTTY3,114760.0,Del0.8,0.15
X-4979,TTTY4,114761.0,Del0.8,0.15
X-4979,TTTY4,114761.0,Del0.8,0.15
X-4979,TTTY5,83863.0,Del0.8,0.24
X-4979,TTTY6,84672.0,Del0.8,0.24
X-4979,TTTY6,84672.0,Del0.8,0.15
X-4979,TTTY7,246122.0,Del0.8,0.24
X-4979,TTTY7,246122.0,Del0.8,0.24
X-4979,TTTY7B,100101120.0,Del0.8,0.24
X-4979,TTTY7B,100101120.0,Del0.8,0.24
X-4979,TTTY8,84673.0,Del0.8,0.24
X-4979,TTTY8,84673.0,Del0.8,0.24
X-4979,TTTY9A,83864.0,Del0.8,0.24
X-4979,TTTY9A,83864.0,Del0.8,0.24
X-4979,TUBB2B,347733.0,MutNovel,"A314P,0.667"
X-4979,TUBB2B,347733.0,MutNovel,"K297G,1.000"
X-4979,TUSC1,286319.0,Del0.8,0.36
X-4979,TXLNG2P,246126.0,Del0.8,0.24
X-4979,UGGT2,55757.0,MutNovel,"L1383F,1.000"
X-4979,UNC50,25972.0,MutKnownFunctional,"-255K?,0.489"
X-4979,URB1,9875.0,MutNovel,"P1618T,0.481"
X-4979,URI1,8725.0,MutNovel,"S16SAP,0.400"
X-4979,USP15,9958.0,Amp8,9.45
X-4979,USP31,57478.0,MutNovel,"V998I,0.441"
X-4979,USP36,57602.0,MutNovel,"KKK958K,1.000"
X-4979,USP9Y,8287.0,Del0.8,0.24
X-4979,UTY,7404.0,Del0.8,0.24
X-4979,VCY,9084.0,Del0.8,0.24
X-4979,VCY,9084.0,Del0.8,0.24
X-4979,VDAC1,7416.0,MutNovel,"G187R,0.500"
X-4979,WHSC1L1,54904.0,Amp8,15.56
X-4979,WIBG,84305.0,Amp5,5.21
X-4979,XKRY2,353515.0,Del0.8,0.24
X-4979,XKRY2,353515.0,Del0.8,0.24
X-4979,XRCC6BP1,91419.0,Amp5,6.32
X-4979,YEATS4,8089.0,Amp8,13.93
X-4979,ZFPM2,23414.0,MutNovel,"T151A,0.442"
X-4979,ZFY,7544.0,Del0.8,0.24
X-4979,ZNF219,51222.0,MutNovel,"QPP233P,0.496"
X-4979,ZNF384,171017.0,MutNovel,"QQ514Q,1.000"
X-4979,ZNF510,22869.0,MutNovel,"P92R,0.500"
X-4979,ZNF703,80139.0,Amp8,15.56
X-4979,ZNF799,90576.0,MutNovel,"N619K,0.396"
X-4979,ZXDB,158586.0,MutNovel,"E123A,0.400"
X-4979,ZZZ3,26009.0,MutNovel,"K669R,0.332"
X-5041,AARS2,57505.0,MutNovel,"N150I,0.818"
X-5041,ABHD16B,140701.0,Amp5,5.46
X-5041,ACTN4,81.0,Amp5,6.32
X-5041,ADAMTSL4,54507.0,MutNovel,"A388T,0.821"
X-5041,AGRN,375790.0,MutNovel,"V23L,0.765"
X-5041,ALKBH6,84964.0,Amp5,6.32
X-5041,AMELY,266.0,Del0.8,0.19
X-5041,APH1B,83464.0,MutNovel,"L243P,0.418"
X-5041,APLP1,333.0,Amp5,6.32
X-5041,ARFRP1,10139.0,Amp5,5.46
X-5041,ARHGAP33,115703.0,Amp5,6.32
X-5041,ART5,116969.0,MutNovel,"-25P,1.000"
X-5041,ASIC2,,MutNovel,"R46L,1.000"
X-5041,ASPN,54829.0,MutNovel,"E52VK,0.957"
X-5041,ATAD3B,83858.0,MutNovel,"S216A,0.348"
X-5041,ATP4A,495.0,Amp5,6.32
X-5041,AXL,558.0,MutNovel,"V289M,0.996"
X-5041,AZI1,22994.0,MutNovel,"L349P,0.652"
X-5041,BAI2,576.0,MutNovel,"G868A,0.420"
X-5041,BARX1,56033.0,MutNovel,"A48T,0.646"
X-5041,BCORP1,286554.0,Del0.8,0.19
X-5041,BPTF,2186.0,MutNovel,"F194V,0.250"
X-5041,BPTF,2186.0,MutNovel,"S198G,0.467"
X-5041,BPY2B,442867.0,Del0.8,0.19
X-5041,BPY2B,442867.0,Del0.8,0.19
X-5041,C12orf56,115749.0,MutNovel,"L600F,0.400"
X-5041,C19orf33,64073.0,Amp5,6.32
X-5041,C19orf55,148137.0,Amp5,6.32
X-5041,C8orf73,642475.0,MutNovel,"P693T,0.400"
X-5041,CABYR,26256.0,Amp5,7.06
X-5041,CACNA1A,773.0,MutNovel,"QQ2330-,0.556"
X-5041,CAPN12,147968.0,Amp5,6.32
X-5041,CAPNS1,826.0,Amp5,6.32
X-5041,CATSPERG,57828.0,Amp5,6.32
X-5041,CCL3L1,6349.0,Del0.8,0.78
X-5041,CCL3L3,414062.0,Del0.8,0.78
X-5041,CCL4L1,9560.0,Del0.8,0.78
X-5041,CD22,933.0,Amp5,6.32
X-5041,CDC40,51362.0,MutNovel,"L476R,0.222"
X-5041,CDHR3,222256.0,MutNovel,"V704I,0.600"
X-5041,CDY1B,253175.0,Del0.8,0.19
X-5041,CDY1B,253175.0,Del0.8,0.19
X-5041,CDY2A,9426.0,Del0.8,0.19
X-5041,CDY2A,9426.0,Del0.8,0.19
X-5041,CDY2B,203611.0,Del0.8,0.19
X-5041,CDY2B,203611.0,Del0.8,0.19
X-5041,CEBPA,1050.0,MutNovel,"-197TR,0.378"
X-5041,CFHR3,10878.0,MutNovel,"NS108KS,1.000"
X-5041,CFHR3,10878.0,MutNovel,"E111D,1.000"
X-5041,CIZ1,25792.0,MutNovel,"L430P,0.456"
X-5041,CLC,1178.0,Amp8,10.2
X-5041,CLCN7,1186.0,MutNovel,"M735V,1.000"
X-5041,CLIP3,25999.0,Amp5,6.32
X-5041,CLSTN1,22883.0,MutNovel,"G659S,0.667"
X-5041,CNTNAP3B,728577.0,MutNovel,"V1230A,0.375"
X-5041,COPB2,9276.0,MutNovel,"D512V,0.422"
X-5041,COPZ2,51226.0,MutKnownFunctional,"-6?,1.000"
X-5041,COX6B1,1340.0,Amp5,6.32
X-5041,COX7A1,1346.0,Amp5,6.32
X-5041,CRIPAK,285464.0,MutNovel,"V164A,0.267"
X-5041,CRLF1,9244.0,MutNovel,"LL25L,0.389"
X-5041,CSPG4P1Y,114758.0,Del0.8,0.19
X-5041,CSPG4P1Y,114758.0,Del0.8,0.19
X-5041,CYS1,192668.0,MutNovel,"P87L,0.571"
X-5041,CYS1,192668.0,MutNovel,"V45L,0.455"
X-5041,DAZ1,1617.0,Del0.8,0.19
X-5041,DAZ2,57055.0,Del0.8,0.19
X-5041,DAZ3,57054.0,Del0.8,0.19
X-5041,DAZ3,57054.0,Del0.8,0.19
X-5041,DAZ4,57135.0,Del0.8,0.19
X-5041,DAZ4,57135.0,Del0.8,0.19
X-5041,DCHS2,54798.0,MutKnownFunctional,"-1365,1.000"
X-5041,DDX3Y,8653.0,Del0.8,0.19
X-5041,DENND1B,163486.0,MutNovel,"T183S,1.000"
X-5041,DKFZp566F0947,94023.0,Amp5,5.24
X-5041,DLL3,10683.0,Amp8,10.2
X-5041,DMKN,93099.0,Amp5,6.32
X-5041,DNAJC5,80331.0,Amp5,5.46
X-5041,DPF1,8193.0,Amp5,6.32
X-5041,DUOXA2,405753.0,MutNovel,"Y126H,0.500"
X-5041,DUOXA2,405753.0,MutNovel,"W132R,0.600"
X-5041,DYRK1B,9149.0,Amp8,10.2
X-5041,E2F5,1875.0,MutNovel,"G18A,0.833"
X-5041,ECH1,1891.0,Amp5,6.32
X-5041,EFCAB7,84455.0,MutNovel,"E426-,0.258"
X-5041,EHHADH,1962.0,MutNovel,"L539F,0.375"
X-5041,EID2,163126.0,Amp8,10.2
X-5041,EID2B,126272.0,Amp8,10.2
X-5041,EIF1AY,9086.0,Del0.8,0.19
X-5041,EIF3K,27335.0,Amp5,6.32
X-5041,ELFN1,392617.0,MutNovel,"P719L,0.404"
X-5041,EMR3,84658.0,MutNovel,"A425D,1.000"
X-5041,EPHB3,2049.0,MutNovel,"L16R,0.525"
X-5041,ETV1,2115.0,MutNovel,"F34I,0.213"
X-5041,ETV2,2116.0,Amp5,6.32
X-5041,EXOSC6,118460.0,MutNovel,"R135P,1.000"
X-5041,FAM106A,80039.0,Del0.8,0.79
X-5041,FAM134B,54463.0,MutNovel,"C170S,0.522"
X-5041,FAM171B,165215.0,MutNovel,"-50Q,0.700"
X-5041,FAM193A,8603.0,MutNovel,"S1199L,0.429"
X-5041,FAM197Y2P,252946.0,Del0.8,0.19
X-5041,FAM21A,387680.0,Del0.8,0.69
X-5041,FAM41AY1,340618.0,Del0.8,0.19
X-5041,FAM41AY1,340618.0,Del0.8,0.19
X-5041,FAM98C,147965.0,Amp5,6.32
X-5041,FBL,2091.0,Amp8,10.2
X-5041,FBXO17,115290.0,Amp5,6.32
X-5041,FBXO27,126433.0,Amp5,6.32
X-5041,FCGBP,8857.0,Amp5,6.92
X-5041,FFAR1,2864.0,Amp5,6.32
X-5041,FFAR2,2867.0,Amp5,6.32
X-5041,FFAR3,2865.0,Amp5,6.32
X-5041,FHL5,9457.0,Del0.8,0.77
X-5041,FIGNL2,401720.0,MutNovel,"Q448R,0.750"
X-5041,FNDC1,84624.0,MutNovel,"ATTRRTT1471A,1.000"
X-5041,FRMPD4,9758.0,MutNovel,"A748T,1.000"
X-5041,GAPDHS,26330.0,Amp5,6.32
X-5041,GFM1,85476.0,MutNovel,"R164H,0.526"
X-5041,GGCX,2677.0,MutNovel,"H287Y,0.416"
X-5041,GGN,199720.0,Amp5,6.32
X-5041,GIGYF2,26058.0,MutNovel,"PQ1231P,0.973"
X-5041,GMFG,9535.0,Amp8,17.88
X-5041,GOLGA2P2Y,84559.0,Del0.8,0.19
X-5041,GOLGA2P2Y,84559.0,Del0.8,0.19
X-5041,GPATCH8,23131.0,MutNovel,"Y22F,0.500"
X-5041,GPR63,81491.0,Del0.8,0.77
X-5041,GREB1,9687.0,MutNovel,"S560P,0.615"
X-5041,GSTM5,2949.0,MutNovel,"N85S,1.000"
X-5041,GTF2H2,2966.0,MutNovel,"L232F,0.500"
X-5041,GYG2P1,352887.0,Del0.8,0.19
X-5041,HAMP,57817.0,Amp5,6.32
X-5041,HAUS5,23354.0,Amp5,6.32
X-5041,HCST,10870.0,Amp5,6.32
X-5041,HFM1,164045.0,MutKnownFunctional,"-1388?,0.353"
X-5041,HKR1,284459.0,Amp5,6.32
X-5041,HLA-G,3135.0,MutNovel,"N175R,0.692"
X-5041,HNRNPL,3191.0,Amp5,6.32
X-5041,HOMER3,9454.0,MutNovel,"R49C,0.555"
X-5041,HOXC13,3229.0,MutNovel,"L15LI,0.607"
X-5041,HSFY2,159119.0,Del0.8,0.19
X-5041,HSFY2,159119.0,Del0.8,0.19
X-5041,HSPA1A,3303.0,MutNovel,"K251E,0.267"
X-5041,HSPB6,126393.0,Amp5,6.32
X-5041,IBSP,3381.0,MutNovel,"L132V,1.000"
X-5041,IFITM10,402778.0,MutNovel,"A75T,1.000"
X-5041,IGFBP2,3485.0,MutNovel,"L17LLPP,0.612"
X-5041,IGFLR1,79713.0,Amp5,6.32
X-5041,IL28A,282616.0,Amp8,17.88
X-5041,IL28B,282617.0,Amp8,17.88
X-5041,IL29,282618.0,Amp8,17.88
X-5041,JAG1,182.0,MutNovel,"R1056S,0.785"
X-5041,JPH2,57158.0,MutNovel,"P191R,0.750"
X-5041,KCNK6,9424.0,Amp5,6.32
X-5041,KDM5D,8284.0,Del0.8,0.19
X-5041,KIAA1731,85459.0,MutKnownFunctional,"-550?,0.412"
X-5041,KIRREL2,84063.0,Amp5,6.32
X-5041,KLF14,136259.0,MutNovel,"H47P,1.000"
X-5041,KLHL32,114792.0,Del0.8,0.77
X-5041,KRAS,3845.0,MutKnownFunctional,"G12V,1.000"
X-5041,KRTDAP,388533.0,Amp5,6.32
X-5041,LAMA3,3909.0,Amp5,5.54
X-5041,LEUTX,342900.0,Amp8,10.2
X-5041,LGALS13,29124.0,Amp8,10.2
X-5041,LGALS14,56891.0,Amp8,10.2
X-5041,LGALS16,148003.0,Amp8,10.2
X-5041,LGALS17A,400696.0,Amp8,10.2
X-5041,LGALS4,3960.0,Amp5,6.32
X-5041,LGALS7,3963.0,Amp5,6.32
X-5041,LGALS7B,653499.0,Amp5,6.32
X-5041,LGALS9C,654346.0,Del0.8,0.79
X-5041,LIME1,54923.0,Amp5,5.46
X-5041,LIN37,55957.0,Amp5,6.32
X-5041,LINC00176,284739.0,Amp5,5.46
X-5041,LOC100128682,100128682.0,Amp5,6.32
X-5041,LOC100129935,100129935.0,Amp8,10.2
X-5041,LOC100132247,100132247.0,MutNovel,"V1048M,0.438"
X-5041,LOC100132247,100132247.0,MutNovel,"A1117T,0.667"
X-5041,LOC100132247,100132247.0,Del0.8,0.71
X-5041,LOC100134317,100134317.0,Amp5,6.32
X-5041,LOC100505815,100505815.0,Amp5,5.46
X-5041,LOC100506469,100506469.0,Amp5,6.32
X-5041,LOC100506930,100506930.0,Amp5,6.32
X-5041,LOC100507433,100507433.0,Amp5,6.32
X-5041,LOC100631378,100631378.0,Amp5,6.32
X-5041,LOC284412,284412.0,Amp5,6.32
X-5041,LOC388210,,MutNovel,"E804K,1.000"
X-5041,LOC643669,643669.0,Amp5,6.32
X-5041,LOC644189,644189.0,Amp5,6.32
X-5041,LOC644554,644554.0,Amp5,6.32
X-5041,LOC653786,653786.0,Del0.8,0.71
X-5041,LOC728752,728752.0,Amp5,6.32
X-5041,LOC728763,,MutNovel,"G1418S,0.800"
X-5041,LRFN1,57622.0,Amp8,17.88
X-5041,LRFN3,79414.0,Amp5,6.32
X-5041,LSR,51599.0,MutNovel,"G518GR,1.000"
X-5041,MAG,4099.0,Amp5,6.32
X-5041,MAP4K1,11184.0,Amp5,6.32
X-5041,MAST2,23139.0,MutNovel,"A1338V,0.560"
X-5041,MED29,55588.0,Amp8,17.88
X-5041,MEF2A,4205.0,MutNovel,"Q412-,0.500"
X-5041,MEOX2,4223.0,MutNovel,"HH76H,0.595"
X-5041,MFAP4,4239.0,MutNovel,"L36RF,1.000"
X-5041,MIR1914,100302137.0,Amp5,5.46
X-5041,MIR320C2,100302195.0,Amp5,7.06
X-5041,MIR4530,100616163.0,Amp8,17.88
X-5041,MIR548H3,100302287.0,Del0.8,0.77
X-5041,MIR647,693232.0,Amp5,5.46
X-5041,MIR941-1,100126329.0,Amp5,5.46
X-5041,MIR941-3,100126352.0,Amp5,5.46
X-5041,MLL4,9757.0,Amp5,6.32
X-5041,MMS22L,253714.0,Del0.8,0.77
X-5041,MPDZ,8777.0,MutNovel,"V1644I,1.000"
X-5041,MPRIP,23164.0,MutNovel,"TS178T,1.000"
X-5041,MRPS12,6183.0,Amp5,6.32
X-5041,MT1A,4489.0,MutNovel,"I49V,1.000"
X-5041,NBPF10,100132406.0,MutKnownFunctional,"G3548*,0.357"
X-5041,NBPF14,25832.0,MutNovel,"I861G,1.000"
X-5041,NBPF14,25832.0,MutNovel,"V90F,0.205"
X-5041,NBPF24,,MutNovel,"L148V,1.000"
X-5041,NCCRP1,342897.0,Amp8,11.71
X-5041,NCK2,8440.0,MutNovel,"P161S,0.611"
X-5041,NCOR2,9612.0,MutNovel,"G1839GAAA,0.989"
X-5041,NCOR2,9612.0,MutNovel,"-511S,0.909"
X-5041,NCRNA00185,55410.0,Del0.8,0.19
X-5041,NDUFAF4,29078.0,Del0.8,0.77
X-5041,NDUFS6,4726.0,MutNovel,"L11V,0.335"
X-5041,NFKBIB,4793.0,Amp5,6.32
X-5041,NFKBID,84807.0,Amp5,6.32
X-5041,NLGN4Y,22829.0,Del0.8,0.19
X-5041,NPHS1,4868.0,Amp5,6.32
X-5041,NUDT11,55190.0,MutKnownFunctional,"-1,1.000"
X-5041,OFD1,8481.0,MutNovel,"R654Q,1.000"
X-5041,OR4A15,81328.0,Del0.8,0.44
X-5041,OR4A16,81327.0,Del0.8,0.44
X-5041,OR4A5,81318.0,Del0.8,0.6
X-5041,OR4C46,119749.0,Del0.8,0.6
X-5041,OR52N1,79473.0,Del0.8,0.54
X-5041,OR52N5,390075.0,Del0.8,0.19
X-5041,ORAI1,84876.0,MutNovel,"PP43-,1.000"
X-5041,OSBPL1A,114876.0,Amp5,6.63
X-5041,P2RY8,286530.0,MutNovel,"R670P,1.000"
X-5041,PABPC3,5042.0,MutKnownFunctional,"-299,1.000"
X-5041,PABPC3,5042.0,MutKnownFunctional,"-616,0.667"
X-5041,PAF1,54623.0,Amp8,17.88
X-5041,PAK4,10298.0,Amp8,11.71
X-5041,PAM,5066.0,MutNovel,"R776C,0.638"
X-5041,PAPL,390928.0,Amp8,8.63
X-5041,PCDH11Y,83259.0,Del0.8,0.19
X-5041,PCDHB7,56129.0,MutNovel,"P575L,1.000"
X-5041,PDCD7,10081.0,MutNovel,"R222W,0.449"
X-5041,PDE4DIP,9659.0,MutNovel,"R363Q,0.494"
X-5041,PFKFB3,5209.0,MutNovel,"E94K,0.723"
X-5041,PHLDA1,22822.0,MutNovel,"QQ194Q,1.000"
X-5041,PKD1,5310.0,MutNovel,"D1332N,1.000"
X-5041,PLEKHG2,64857.0,Amp8,17.88
X-5041,PLEKHO2,80301.0,MutNovel,"E2D,0.507"
X-5041,PLIN4,729359.0,MutNovel,"G296S,0.429"
X-5041,PNPLA8,50640.0,MutNovel,"E342R,0.396"
X-5041,POLR2I,5438.0,Amp5,6.32
X-5041,PPAPDC1A,196051.0,MutNovel,"A255D,0.462"
X-5041,PPP1R14A,94274.0,Amp5,6.32
X-5041,PPP2R3B,28227.0,MutNovel,"R709H,1.000"
X-5041,PRKY,5616.0,Del0.8,0.19
X-5041,PRODH2,58510.0,Amp5,6.32
X-5041,PRPF6,24148.0,Amp5,5.46
X-5041,PRY,9081.0,Del0.8,0.19
X-5041,PRY,9081.0,Del0.8,0.19
X-5041,PRY2,442862.0,Del0.8,0.19
X-5041,PRY2,442862.0,Del0.8,0.19
X-5041,PSENEN,55851.0,Amp5,6.32
X-5041,PSMD8,5714.0,Amp5,6.32
X-5041,PTGR2,145482.0,MutNovel,"I79T,0.500"
X-5041,PTGR2,145482.0,MutNovel,"I82L,0.500"
X-5041,PTK2B,2185.0,MutNovel,"D992N,0.357"
X-5041,PZP,5858.0,MutNovel,"G1090R,1.000"
X-5041,RASA4,10156.0,MutNovel,"S681F,0.217"
X-5041,RASGEF1A,221002.0,MutNovel,"Y446D,0.250"
X-5041,RASGRP4,115727.0,Amp5,6.32
X-5041,RBM42,79171.0,Amp5,6.32
X-5041,RBMY1A3P,286557.0,Del0.8,0.19
X-5041,RBMY1B,378948.0,Del0.8,0.19
X-5041,RBMY1B,378948.0,Del0.8,0.19
X-5041,RBMY1E,378950.0,Del0.8,0.19
X-5041,RBMY1E,378950.0,Del0.8,0.19
X-5041,RBMY1F,159163.0,Del0.8,0.19
X-5041,RBMY1F,159163.0,Del0.8,0.19
X-5041,RBMY1J,378951.0,Del0.8,0.19
X-5041,RBMY1J,378951.0,Del0.8,0.19
X-5041,RBMY2EP,159125.0,Del0.8,0.19
X-5041,RBMY2FP,159162.0,Del0.8,0.19
X-5041,RBMY3AP,64593.0,Del0.8,0.19
X-5041,RHCG,51458.0,MutNovel,"I100V,1.000"
X-5041,RHD,6007.0,Del0.8,0.69
X-5041,RIN3,79890.0,MutNovel,"G967-,0.769"
X-5041,RINL,126432.0,Amp5,6.32
X-5041,RPS16,6217.0,Amp8,17.88
X-5041,RPS17L,,MutNovel,"M105G,0.333"
X-5041,RPS4Y1,6192.0,Del0.8,0.19
X-5041,RPS4Y2,140032.0,Del0.8,0.19
X-5041,RPUSD1,113000.0,MutNovel,"T257N,0.993"
X-5041,RTEL1,51750.0,Amp5,5.46
X-5041,RTEL1-TNFRSF6B,100533107.0,Amp5,5.46
X-5041,RTL1,388015.0,MutNovel,"E152EK,0.250"
X-5041,RYR1,6261.0,Amp5,6.32
X-5041,SAMD10,140700.0,Amp5,5.46
X-5041,SAMD4B,55095.0,Amp8,17.88
X-5041,SARS2,54938.0,Amp5,6.32
X-5041,SBNO2,22904.0,MutNovel,"V931G,0.533"
X-5041,SBSN,374897.0,Amp5,6.32
X-5041,SDHAF1,644096.0,Amp5,6.32
X-5041,SELV,348303.0,Amp8,10.2
X-5041,SERINC2,347735.0,MutNovel,"-373Q,1.000"
X-5041,SETD1B,23067.0,MutNovel,"A1445T,0.471"
X-5041,SGK1,6446.0,MutNovel,"E6Q,0.327"
X-5041,SGSH,6448.0,MutNovel,"R117H,0.397"
X-5041,SHKBP1,92799.0,Amp5,7.84
X-5041,SIPA1L2,57568.0,MutNovel,"R1167G,0.561"
X-5041,SIPA1L3,23094.0,Amp5,6.32
X-5041,SIRT2,22933.0,Amp5,6.32
X-5041,SLC2A4RG,56731.0,Amp5,5.46
X-5041,SLC38A10,124565.0,MutNovel,"D1084N,0.439"
X-5041,SLC6A9,6536.0,MutNovel,"P606L,0.633"
X-5041,SNX27,81609.0,MutNovel,"F216C,0.429"
X-5041,SOX18,54345.0,Amp5,5.46
X-5041,SPINT2,10653.0,Amp5,6.32
X-5041,SPRED3,399473.0,Amp5,6.32
X-5041,SPSB2,84727.0,MutNovel,"R232H,1.000"
X-5041,SPTBN4,57731.0,Amp5,6.59
X-5041,SRD5A2,6716.0,MutKnownFunctional,"-30?,1.000"
X-5041,SRY,6736.0,Del0.8,0.19
X-5041,STMN3,50861.0,Amp5,5.46
X-5041,SUPT5H,6829.0,Amp8,13.45
X-5041,SYCN,342898.0,Amp8,11.71
X-5041,TBC1D3B,414059.0,Del0.8,0.78
X-5041,TBC1D3C,414060.0,Del0.8,0.78
X-5041,TBCB,1155.0,Amp5,6.32
X-5041,TBL1Y,90665.0,Del0.8,0.19
X-5041,TCEA2,6919.0,Amp5,5.46
X-5041,TCF24,100129654.0,MutKnownFunctional,"-156?,0.261"
X-5041,TET2,54790.0,MutNovel,"G1519R,1.000"
X-5041,TGIF2LY,90655.0,Del0.8,0.19
X-5041,THAP8,199745.0,Amp5,6.32
X-5041,TIMM50,92609.0,Amp8,10.2
X-5041,TMBIM4,51643.0,MutKnownFunctional,"-174?,0.759"
X-5041,TMEM147,10430.0,Amp5,6.32
X-5041,TMSB4Y,9087.0,Del0.8,0.19
X-5041,TNFAIP6,7130.0,MutKnownFunctional,"-278,1.000"
X-5041,TNFRSF6B,8771.0,Amp5,5.46
X-5041,TP53,7157.0,MutNovel,"C238F,1.000"
X-5041,TPD52L2,7165.0,Amp5,5.46
X-5041,TRIM48,79097.0,Del0.8,0.6
X-5041,TRIM64,120146.0,Del0.8,0.67
X-5041,TRPM4,54795.0,MutNovel,"M926T,1.000"
X-5041,TSHZ3,57616.0,Amp5,5.24
X-5041,TSPY1,7258.0,Del0.8,0.19
X-5041,TSPY2,64591.0,Del0.8,0.19
X-5041,TSPY3,728137.0,Del0.8,0.19
X-5041,TSPY4,728395.0,Del0.8,0.19
X-5041,TSPY8,728403.0,Del0.8,0.19
X-5041,TSPYL1,7259.0,MutNovel,"V176VW,1.000"
X-5041,TTC39C,125488.0,MutNovel,"-21A,0.793"
X-5041,TTC39C,125488.0,Amp5,7.06
X-5041,TTTY10,246119.0,Del0.8,0.19
X-5041,TTTY11,83866.0,Del0.8,0.19
X-5041,TTTY12,83867.0,Del0.8,0.19
X-5041,TTTY13,83868.0,Del0.8,0.19
X-5041,TTTY14,83869.0,Del0.8,0.19
X-5041,TTTY15,64595.0,Del0.8,0.19
X-5041,TTTY16,252948.0,Del0.8,0.19
X-5041,TTTY17A,252949.0,Del0.8,0.19
X-5041,TTTY17A,252949.0,Del0.8,0.19
X-5041,TTTY18,252950.0,Del0.8,0.19
X-5041,TTTY19,252952.0,Del0.8,0.19
X-5041,TTTY1B,100101116.0,Del0.8,0.19
X-5041,TTTY1B,100101116.0,Del0.8,0.19
X-5041,TTTY2,60439.0,Del0.8,0.19
X-5041,TTTY2,60439.0,Del0.8,0.19
X-5041,TTTY20,252951.0,Del0.8,0.19
X-5041,TTTY21,252953.0,Del0.8,0.19
X-5041,TTTY21,252953.0,Del0.8,0.19
X-5041,TTTY22,252954.0,Del0.8,0.19
X-5041,TTTY23,252955.0,Del0.8,0.19
X-5041,TTTY23,252955.0,Del0.8,0.19
X-5041,TTTY3,114760.0,Del0.8,0.19
X-5041,TTTY3,114760.0,Del0.8,0.19
X-5041,TTTY4,114761.0,Del0.8,0.19
X-5041,TTTY4,114761.0,Del0.8,0.19
X-5041,TTTY5,83863.0,Del0.8,0.19
X-5041,TTTY6,84672.0,Del0.8,0.19
X-5041,TTTY6,84672.0,Del0.8,0.19
X-5041,TTTY7,246122.0,Del0.8,0.19
X-5041,TTTY7,246122.0,Del0.8,0.19
X-5041,TTTY7B,100101120.0,Del0.8,0.19
X-5041,TTTY7B,100101120.0,Del0.8,0.19
X-5041,TTTY8,84673.0,Del0.8,0.19
X-5041,TTTY8,84673.0,Del0.8,0.19
X-5041,TTTY9A,83864.0,Del0.8,0.19
X-5041,TTTY9A,83864.0,Del0.8,0.19
X-5041,TXLNG2P,246126.0,Del0.8,0.19
X-5041,TYROBP,7305.0,Amp5,6.32
X-5041,U2AF1L4,199746.0,Amp5,6.32
X-5041,UCHL1,7345.0,MutKnownFunctional,"E203*,0.258"
X-5041,UCKL1,54963.0,Amp5,5.46
X-5041,UCKL1-AS1,100113386.0,Amp5,5.46
X-5041,UFL1,23376.0,Del0.8,0.77
X-5041,UNCX,340260.0,Amp5,5.24
X-5041,UPK1A,11045.0,Amp5,6.32
X-5041,USF2,7392.0,Amp5,6.32
X-5041,USP32P2,220594.0,Del0.8,0.79
X-5041,USP9Y,8287.0,Del0.8,0.19
X-5041,UTY,7404.0,Del0.8,0.19
X-5041,VCY,9084.0,Del0.8,0.19
X-5041,VCY,9084.0,Del0.8,0.19
X-5041,VIMP,,MutNovel,"R86L,0.492"
X-5041,WDR62,284403.0,Amp5,6.32
X-5041,WDR87,83889.0,Amp5,6.32
X-5041,XKRY2,353515.0,Del0.8,0.19
X-5041,XKRY2,353515.0,Del0.8,0.19
X-5041,XYLT2,64132.0,MutNovel,"V287M,0.585"
X-5041,YIF1B,90522.0,Amp5,6.32
X-5041,ZBED4,9889.0,MutNovel,"A1109V,0.378"
X-5041,ZBTB32,27033.0,Amp5,6.32
X-5041,ZBTB46,140685.0,Amp5,5.46
X-5041,ZC3H4,23211.0,MutNovel,"P526L,1.000"
X-5041,ZFP14,57677.0,Amp5,6.32
X-5041,ZFP30,22835.0,Amp5,6.32
X-5041,ZFP36,7538.0,Amp8,17.88
X-5041,ZFP82,284406.0,Amp5,6.32
X-5041,ZFY,7544.0,Del0.8,0.19
X-5041,ZGPAT,84619.0,Amp5,5.46
X-5041,ZNF146,7705.0,Amp5,6.32
X-5041,ZNF219,51222.0,MutNovel,"QPP233P,0.761"
X-5041,ZNF260,339324.0,Amp5,6.32
X-5041,ZNF329,79673.0,MutNovel,"H131R,0.314"
X-5041,ZNF345,25850.0,Amp5,6.32
X-5041,ZNF382,84911.0,Amp5,6.32
X-5041,ZNF383,163087.0,Amp5,6.32
X-5041,ZNF384,171017.0,MutNovel,"QQ514Q,1.000"
X-5041,ZNF420,147923.0,Amp5,6.32
X-5041,ZNF461,92283.0,Amp5,6.32
X-5041,ZNF512B,57473.0,Amp5,5.46
X-5041,ZNF527,84503.0,Amp5,6.32
X-5041,ZNF529,57711.0,Amp5,6.32
X-5041,ZNF540,163255.0,Amp5,6.32
X-5041,ZNF551,90233.0,MutNovel,"G521S,0.286"
X-5041,ZNF565,147929.0,Amp5,6.32
X-5041,ZNF566,84924.0,Amp5,6.32
X-5041,ZNF567,163081.0,Amp5,6.32
X-5041,ZNF568,374900.0,Amp5,6.32
X-5041,ZNF569,148266.0,Amp5,6.32
X-5041,ZNF570,148268.0,Amp5,6.32
X-5041,ZNF571,51276.0,Amp5,6.32
X-5041,ZNF573,126231.0,Amp5,6.32
X-5041,ZNF579,163033.0,MutNovel,"L91V,1.000"
X-5041,ZNF585A,199704.0,Amp5,6.32
X-5041,ZNF585B,92285.0,Amp5,6.32
X-5041,ZNF607,84775.0,Amp5,6.32
X-5041,ZNF781,163115.0,Amp5,6.32
X-5041,ZNF790,388536.0,Amp5,6.32
X-5041,ZNF793,390927.0,Amp5,6.32
X-5041,ZNF829,374899.0,Amp5,6.32
X-5041,ZNF850,342892.0,Amp5,6.32
X-5041,ZP3,7784.0,MutNovel,"S315P,0.333"
X-5041,ZRANB3,84083.0,MutNovel,"D585G,0.357"
X-5261,ABCA13,154664.0,MutNovel,"S3012N,1.000"
X-5261,ADAMTS2,9509.0,MutNovel,"-24C,0.527"
X-5261,AIM2,9447.0,MutKnownFunctional,"-343?,0.406"
X-5261,AMELY,266.0,Del0.8,0.34
X-5261,AMH,268.0,MutNovel,"P398L,0.500"
X-5261,ANKDD1A,348094.0,MutNovel,"A480T,0.464"
X-5261,ATP5A1,498.0,Amp5,6.87
X-5261,AVEN,57099.0,MutNovel,"GGGGG41G,1.000"
X-5261,BAI3,577.0,Del0.8,0.71
X-5261,BCORP1,286554.0,Del0.8,0.33
X-5261,BOD1L1,,MutNovel,"Q777H,1.000"
X-5261,BPY2B,442867.0,Del0.8,0.22
X-5261,BPY2B,442867.0,Del0.8,0.22
X-5261,BRCA2,675.0,MutNovel,"K1367E,1.000"
X-5261,CACNB4,785.0,MutNovel,"S31R,1.000"
X-5261,CASP8AP2,9994.0,MutNovel,"MA826IS,0.369"
X-5261,CC2D1A,54862.0,MutNovel,"GPP6-,0.750"
X-5261,CCDC71L,168455.0,MutNovel,"P149S,0.713"
X-5261,CDY1B,253175.0,Del0.8,0.22
X-5261,CDY1B,253175.0,Del0.8,0.22
X-5261,CDY2A,9426.0,Del0.8,0.19
X-5261,CDY2A,9426.0,Del0.8,0.19
X-5261,CDY2B,203611.0,Del0.8,0.19
X-5261,CDY2B,203611.0,Del0.8,0.19
X-5261,CEP57L1,285753.0,MutNovel,"R68H,0.333"
X-5261,CHD2,1106.0,MutKnownFunctional,"-1242?,0.771"
X-5261,CHRNA5,1138.0,MutNovel,"T380A,0.600"
X-5261,COL4A2,1284.0,MutNovel,"P694S,1.000"
X-5261,COL9A2,1298.0,MutNovel,"G283S,0.750"
X-5261,COPZ2,51226.0,MutKnownFunctional,"-6?,1.000"
X-5261,CREG2,200407.0,MutNovel,"P96Q,0.625"
X-5261,CSNK1G2,1455.0,MutNovel,"T355A,0.467"
X-5261,CSPG4P1Y,114758.0,Del0.8,0.22
X-5261,CSPG4P1Y,114758.0,Del0.8,0.22
X-5261,CTAGE4,100128553.0,Amp5,5.62
X-5261,CTSA,5476.0,MutNovel,"L29-,1.000"
X-5261,CTTNBP2,83992.0,MutNovel,"T696N,0.447"
X-5261,DAZ1,1617.0,Del0.8,0.22
X-5261,DAZ2,57055.0,Del0.8,0.22
X-5261,DAZ3,57054.0,Del0.8,0.22
X-5261,DAZ3,57054.0,Del0.8,0.22
X-5261,DAZ4,57135.0,Del0.8,0.22
X-5261,DAZ4,57135.0,Del0.8,0.22
X-5261,DCLRE1B,64858.0,MutKnownFunctional,"-224,0.508"
X-5261,DDX3Y,8653.0,Del0.8,0.34
X-5261,EEF1DP3,196549.0,Del0.8,0.66
X-5261,EIF1AY,9086.0,Del0.8,0.33
X-5261,EP400,57634.0,MutNovel,"Q2727E,0.228"
X-5261,FAM116B,414918.0,MutNovel,"A520V,0.467"
X-5261,FAM171B,165215.0,MutNovel,"-44QQ,1.000"
X-5261,FAM171B,165215.0,MutNovel,"A540V,0.614"
X-5261,FAM197Y2P,252946.0,Del0.8,0.34
X-5261,FAM41AY1,340618.0,Del0.8,0.19
X-5261,FAM41AY1,340618.0,Del0.8,0.19
X-5261,FAM72D,728833.0,MutNovel,"A52T,0.308"
X-5261,FAM75A6,389730.0,Del0.8,0.78
X-5261,FHOD3,80206.0,MutNovel,"V676F,0.341"
X-5261,FOXD4L3,286380.0,MutNovel,"A254R,1.000"
X-5261,GOLGA2P2Y,84559.0,Del0.8,0.22
X-5261,GOLGA2P2Y,84559.0,Del0.8,0.22
X-5261,GORASP1,64689.0,MutNovel,"R130C,0.760"
X-5261,GPCPD1,56261.0,MutNovel,"I572S,0.445"
X-5261,GPR133,283383.0,MutNovel,"N702H,0.891"
X-5261,GTF3C1,2975.0,MutNovel,"E1458G,0.565"
X-5261,GYG2P1,352887.0,Del0.8,0.34
X-5261,HAUS1,115106.0,Amp5,5.13
X-5261,HDAC5,10014.0,MutNovel,"Q129R,0.276"
X-5261,HEATR5A,25938.0,MutNovel,"L373-,1.000"
X-5261,HEG1,57493.0,MutNovel,"L23LW,0.750"
X-5261,HLA-G,3135.0,MutNovel,"M49V,1.000"
X-5261,HSFY2,159119.0,Del0.8,0.19
X-5261,HSFY2,159119.0,Del0.8,0.19
X-5261,HSPA1A,3303.0,MutNovel,"I119T,0.500"
X-5261,IBA57,200205.0,MutNovel,"R193C,0.577"
X-5261,KDM3B,51780.0,MutNovel,"A5T,0.333"
X-5261,KDM5D,8284.0,Del0.8,0.33
X-5261,KIAA1462,57608.0,MutNovel,"S859TG,0.230"
X-5261,KIAA1522,57648.0,MutNovel,"N449H,0.244"
X-5261,KIF20B,9585.0,MutNovel,"L1062LKV,0.586"
X-5261,KIF7,374654.0,MutNovel,"K912R,0.434"
X-5261,KRTAP2-4,85294.0,Del0.8,0.31
X-5261,LCE3C,353144.0,Del0.8,0.75
X-5261,LOC100996433,,MutNovel,"G45A,1.000"
X-5261,LOC100996433,,MutNovel,"R94C,0.429"
X-5261,LOC100996433,,MutNovel,"G98A,0.500"
X-5261,LOC100996433,,MutNovel,"S110L,1.000"
X-5261,LOC100996433,,MutNovel,"C161S,0.667"
X-5261,LOC728377,728377.0,Amp5,5.62
X-5261,LOC730755,730755.0,Del0.8,0.31
X-5261,LRRC14,9684.0,MutNovel,"R246C,0.549"
X-5261,LSR,51599.0,MutNovel,"G518GR,1.000"
X-5261,MAP4,4134.0,MutNovel,"H1135R,0.728"
X-5261,MDN1,23195.0,MutNovel,"Y3555D,0.789"
X-5261,MEF2A,4205.0,MutNovel,"QQ412-,0.556"
X-5261,MGRN1,23295.0,MutNovel,"E140G,0.521"
X-5261,MICA,100507436.0,MutKnownFunctional,"-318LL?,1.000"
X-5261,MPRIP,23164.0,MutNovel,"TS178T,1.000"
X-5261,NBEA,26960.0,MutNovel,"C384Y,1.000"
X-5261,NBPF10,100132406.0,MutNovel,"R392L,0.500"
X-5261,NBPF10,100132406.0,MutKnownFunctional,"G3548*,0.220"
X-5261,NBPF11,200030.0,MutNovel,"D233V,0.293"
X-5261,NBPF14,25832.0,MutKnownFunctional,"G916*,0.444"
X-5261,NBPF14,25832.0,MutNovel,"NS843KG,0.833"
X-5261,NBPF16,728936.0,MutNovel,"V285I,0.201"
X-5261,NBPF16,728936.0,MutNovel,"R330G,0.364"
X-5261,NCOR2,9612.0,MutNovel,"G1839GAAA,0.988"
X-5261,NCOR2,9612.0,MutNovel,"-511S,0.456"
X-5261,NCRNA00185,55410.0,Del0.8,0.33
X-5261,NLGN4Y,22829.0,Del0.8,0.34
X-5261,NNAT,4826.0,MutNovel,"E28K,0.400"
X-5261,NR1H2,7376.0,MutNovel,"-173Q,1.000"
X-5261,NUP93,9688.0,MutNovel,"I167F,0.470"
X-5261,OR2A42,402317.0,Amp5,5.62
X-5261,OR2A42,402317.0,Amp5,5.62
X-5261,OR2A7,401427.0,Amp5,5.62
X-5261,OR2A9P,441295.0,Amp5,5.62
X-5261,OR2A9P,441295.0,Amp5,5.62
X-5261,OR2T2,401992.0,Del0.8,0.71
X-5261,OR2T3,343173.0,Del0.8,0.71
X-5261,ORAI1,84876.0,MutNovel,"PP43-,1.000"
X-5261,ORC4,5000.0,MutNovel,"D107Y,0.590"
X-5261,PBXIP1,57326.0,MutNovel,"V154L,0.514"
X-5261,PCDH11Y,83259.0,Del0.8,0.34
X-5261,PHLDA1,22822.0,MutNovel,"QQ194Q,1.000"
X-5261,PLEKHN1,84069.0,MutNovel,"R474Q,1.000"
X-5261,POLQ,10721.0,MutNovel,"R5C,0.333"
X-5261,POTEF,728378.0,MutNovel,"T844A,1.000"
X-5261,POTEF,728378.0,MutNovel,"T844A,1.000"
X-5261,POTEI,,MutNovel,"I803R,1.000"
X-5261,POTEI,,MutNovel,"P798L,1.000"
X-5261,PPP1R12B,4660.0,MutNovel,"I278L,0.500"
X-5261,PRIC285,85441.0,MutNovel,"A1786T,0.421"
X-5261,PRKY,5616.0,Del0.8,0.34
X-5261,PRY,9081.0,Del0.8,0.22
X-5261,PRY,9081.0,Del0.8,0.22
X-5261,PRY2,442862.0,Del0.8,0.22
X-5261,PRY2,442862.0,Del0.8,0.22
X-5261,PTPRJ,5795.0,MutNovel,"E576Q,0.667"
X-5261,QRICH2,84074.0,MutNovel,"P238L,1.000"
X-5261,RAB3GAP2,25782.0,MutNovel,"R550Q,0.516"
X-5261,RBMY1A3P,286557.0,Del0.8,0.34
X-5261,RBMY1B,378948.0,Del0.8,0.33
X-5261,RBMY1B,378948.0,Del0.8,0.22
X-5261,RBMY1E,378950.0,Del0.8,0.22
X-5261,RBMY1E,378950.0,Del0.8,0.33
X-5261,RBMY1F,159163.0,Del0.8,0.22
X-5261,RBMY1F,159163.0,Del0.8,0.22
X-5261,RBMY1J,378951.0,Del0.8,0.22
X-5261,RBMY1J,378951.0,Del0.8,0.22
X-5261,RBMY2EP,159125.0,Del0.8,0.33
X-5261,RBMY2FP,159162.0,Del0.8,0.22
X-5261,RBMY3AP,64593.0,Del0.8,0.34
X-5261,RPS4Y1,6192.0,Del0.8,0.34
X-5261,RPS4Y2,140032.0,Del0.8,0.33
X-5261,S100A3,6274.0,MutKnownFunctional,"-70,0.551"
X-5261,SDK1,221935.0,MutNovel,"S58P,1.000"
X-5261,SERINC2,347735.0,MutNovel,"-373Q,1.000"
X-5261,SGCE,8910.0,MutNovel,"S432H,0.520"
X-5261,SIRPB1,10326.0,MutNovel,"H351C,1.000"
X-5261,SLC7A8,23428.0,MutNovel,"I373L,0.286"
X-5261,SLU7,10569.0,MutNovel,"L584P,0.506"
X-5261,SOGA1,,MutNovel,"A869V,0.500"
X-5261,SOX9,6662.0,MutNovel,"P241H,0.375"
X-5261,SRY,6736.0,Del0.8,0.34
X-5261,SSC5D,284297.0,MutNovel,"Y880F,0.232"
X-5261,TBL1Y,90665.0,Del0.8,0.34
X-5261,TCERG1,10915.0,MutNovel,"QAQA210-,0.370"
X-5261,TECR,9524.0,MutNovel,"R51C,0.488"
X-5261,TEKT4,150483.0,MutNovel,"E385Q,1.000"
X-5261,TGIF2LY,90655.0,Del0.8,0.34
X-5261,THEM4,117145.0,MutNovel,"C191S,0.644"
X-5261,THOC5,8563.0,MutNovel,"E497D,0.448"
X-5261,TMF1,7110.0,MutKnownFunctional,"-240,0.221"
X-5261,TMSB4Y,9087.0,Del0.8,0.34
X-5261,TNRC6A,27327.0,MutNovel,"Q100P,0.333"
X-5261,TNS1,7145.0,MutNovel,"ED8D,0.257"
X-5261,TNXB,7148.0,MutNovel,"M4002T,0.406"
X-5261,TP53,7157.0,MutKnownFunctional,"-238,0.875"
X-5261,TPCN1,53373.0,MutNovel,"A204T,0.325"
X-5261,TSPY1,7258.0,Del0.8,0.34
X-5261,TSPY2,64591.0,Del0.8,0.34
X-5261,TSPY3,728137.0,Del0.8,0.34
X-5261,TSPY4,728395.0,Del0.8,0.34
X-5261,TSPY8,728403.0,Del0.8,0.34
X-5261,TTTY10,246119.0,Del0.8,0.33
X-5261,TTTY11,83866.0,Del0.8,0.34
X-5261,TTTY12,83867.0,Del0.8,0.34
X-5261,TTTY13,83868.0,Del0.8,0.33
X-5261,TTTY14,83869.0,Del0.8,0.33
X-5261,TTTY15,64595.0,Del0.8,0.34
X-5261,TTTY16,252948.0,Del0.8,0.34
X-5261,TTTY17A,252949.0,Del0.8,0.22
X-5261,TTTY17A,252949.0,Del0.8,0.22
X-5261,TTTY18,252950.0,Del0.8,0.34
X-5261,TTTY19,252952.0,Del0.8,0.34
X-5261,TTTY1B,100101116.0,Del0.8,0.34
X-5261,TTTY1B,100101116.0,Del0.8,0.14
X-5261,TTTY2,60439.0,Del0.8,0.34
X-5261,TTTY2,60439.0,Del0.8,0.14
X-5261,TTTY20,252951.0,Del0.8,0.34
X-5261,TTTY21,252953.0,Del0.8,0.14
X-5261,TTTY21,252953.0,Del0.8,0.34
X-5261,TTTY22,252954.0,Del0.8,0.34
X-5261,TTTY23,252955.0,Del0.8,0.34
X-5261,TTTY23,252955.0,Del0.8,0.34
X-5261,TTTY3,114760.0,Del0.8,0.22
X-5261,TTTY3,114760.0,Del0.8,0.22
X-5261,TTTY4,114761.0,Del0.8,0.22
X-5261,TTTY4,114761.0,Del0.8,0.22
X-5261,TTTY5,83863.0,Del0.8,0.22
X-5261,TTTY6,84672.0,Del0.8,0.22
X-5261,TTTY6,84672.0,Del0.8,0.22
X-5261,TTTY7,246122.0,Del0.8,0.14
X-5261,TTTY7,246122.0,Del0.8,0.34
X-5261,TTTY7B,100101120.0,Del0.8,0.14
X-5261,TTTY7B,100101120.0,Del0.8,0.34
X-5261,TTTY8,84673.0,Del0.8,0.14
X-5261,TTTY8,84673.0,Del0.8,0.34
X-5261,TTTY9A,83864.0,Del0.8,0.19
X-5261,TTTY9A,83864.0,Del0.8,0.19
X-5261,TXLNG2P,246126.0,Del0.8,0.33
X-5261,USP34,9736.0,MutNovel,"V2753M,0.358"
X-5261,USP36,57602.0,MutNovel,"KKK958K,0.721"
X-5261,USP9Y,8287.0,Del0.8,0.34
X-5261,UTY,7404.0,Del0.8,0.34
X-5261,VCY,9084.0,Del0.8,0.34
X-5261,VCY,9084.0,Del0.8,0.34
X-5261,VEGFC,7424.0,MutNovel,"M419I,0.907"
X-5261,WDR3,10885.0,MutNovel,"A651D,0.391"
X-5261,XKRY2,353515.0,Del0.8,0.19
X-5261,XKRY2,353515.0,Del0.8,0.19
X-5261,ZFHX3,463.0,MutNovel,"G3517D,1.000"
X-5261,ZFHX3,463.0,MutNovel,"Q3204RK,0.409"
X-5261,ZFY,7544.0,Del0.8,0.34
X-5261,ZNF121,7675.0,MutNovel,"R207G,0.545"
X-5261,ZNF189,7743.0,MutNovel,"F325L,0.533"
X-5261,ZNF213,7760.0,MutNovel,"H60Y,0.457"
X-5261,ZNF254,9534.0,MutNovel,"T541A,0.432"
X-5261,ZNF384,171017.0,MutNovel,"QQ514Q,1.000"
X-5261,ZNF587,84914.0,MutNovel,"S530A,0.238"
X-5261,ZNF619,285267.0,MutNovel,"L97S,0.800"
X-5261,ZWINT,11130.0,MutNovel,"A232VRP,0.493"
X-5273,61E3.4,,MutNovel,"L845I,0.750"
X-5273,61E3.4,,MutNovel,"R832L,0.800"
X-5273,AASS,10157.0,MutNovel,"S631F,0.654"
X-5273,ABCA1,19.0,MutNovel,"S1115F,0.375"
X-5273,ABCA9,10350.0,MutNovel,"T796A,0.917"
X-5273,ABCC1,4363.0,MutNovel,"P1283S,0.503"
X-5273,ABCC5,10057.0,MutKnownFunctional,"E651*,0.297"
X-5273,ABCC9,10060.0,MutNovel,"E98K,0.231"
X-5273,ABL1,25.0,MutNovel,"E294K,0.469"
X-5273,ABTB2,25841.0,MutNovel,"L834Q,0.434"
X-5273,ACACB,32.0,MutNovel,"T2137I,0.571"
X-5273,ACBD4,79777.0,MutNovel,"P159S,0.394"
X-5273,ACO1,48.0,MutNovel,"G175E,0.497"
X-5273,ACP6,51205.0,MutNovel,"P100L,0.465"
X-5273,ADAM17,6868.0,MutNovel,"F667Y,0.480"
X-5273,ADAM32,203102.0,MutNovel,"E673K,0.400"
X-5273,ADAMTS18,170692.0,MutNovel,"G1083D,1.000"
X-5273,ADAMTSL4,54507.0,MutNovel,"E435K,0.495"
X-5273,ADAR,103.0,MutNovel,"F514C,0.487"
X-5273,ADCK1,57143.0,MutNovel,"G155V,0.333"
X-5273,ADCK2,90956.0,MutNovel,"K384M,0.394"
X-5273,ADD1,118.0,MutNovel,"T417A,0.470"
X-5273,ADD2,119.0,MutNovel,"R635Q,1.000"
X-5273,ADIPOR2,79602.0,MutNovel,"P80S,0.497"
X-5273,ADPRHL2,54936.0,MutNovel,"D333N,0.434"
X-5273,AFAP1L1,134265.0,MutNovel,"G374E,0.357"
X-5273,AFF1,4299.0,MutNovel,"P587L,0.941"
X-5273,AGL,178.0,MutNovel,"P1190L,0.522"
X-5273,AGRN,375790.0,MutNovel,"R1465W,0.441"
X-5273,AGTR1,185.0,MutNovel,"R161Q,1.000"
X-5273,AHDC1,27245.0,MutNovel,"P1373A,0.560"
X-5273,AHDC1,27245.0,MutNovel,"G820D,0.531"
X-5273,AKAP8L,26993.0,MutNovel,"R382C,0.520"
X-5273,AKNA,80709.0,MutNovel,"P1113L,0.333"
X-5273,AKR7A2,8574.0,MutNovel,"P213S,0.538"
X-5273,AKR7A3,22977.0,MutNovel,"P185S,0.273"
X-5273,ALDH3B1,221.0,MutNovel,"R389Q,0.231"
X-5273,ALG13,79868.0,MutNovel,"P574R,1.000"
X-5273,ALK,238.0,MutNovel,"E296K,1.000"
X-5273,ALKBH4,54784.0,MutNovel,"D157N,0.635"
X-5273,ALOX12,239.0,MutNovel,"E91K,0.474"
X-5273,ALS2,57679.0,MutNovel,"M1157I,0.611"
X-5273,AMACR,23600.0,MutNovel,"A151V,0.438"
X-5273,AMELY,266.0,Del0.8,0.23
X-5273,AMPH,273.0,MutNovel,"P87S,0.732"
X-5273,ANAPC1,64682.0,MutNovel,"Y1196H,0.472"
X-5273,ANAPC5,51433.0,MutNovel,"L584P,0.448"
X-5273,ANGPTL5,253935.0,Amp8,44.94
X-5273,ANKLE1,126549.0,MutNovel,"P239L,0.381"
X-5273,ANKRD27,84079.0,MutNovel,"R961K,0.574"
X-5273,ANXA11,311.0,MutKnownFunctional,"-504,0.560"
X-5273,ANXA6,309.0,MutNovel,"G512K,0.442"
X-5273,AP3M1,26985.0,MutNovel,"S219F,0.424"
X-5273,AP3S1,1176.0,MutNovel,"H37Y,0.466"
X-5273,AP5M1,,MutNovel,"P28S,0.375"
X-5273,APBA3,9546.0,MutNovel,"P174F,0.457"
X-5273,APBB3,10307.0,MutNovel,"P82S,0.471"
X-5273,APC,324.0,MutNovel,"S900F,0.435"
X-5273,APEX2,27301.0,MutNovel,"Q235H,0.995"
X-5273,ARAP1,116985.0,MutNovel,"P324S,0.417"
X-5273,ARCN1,372.0,MutNovel,"A12S,0.481"
X-5273,ARHGAP17,55114.0,MutKnownFunctional,"Q524*,0.213"
X-5273,ARHGAP21,57584.0,MutNovel,"E1245K,0.612"
X-5273,ARHGAP23,57636.0,MutKnownFunctional,"W1422*,0.478"
X-5273,ARHGAP31,57514.0,MutNovel,"G1390E,0.595"
X-5273,ARHGAP39,80728.0,MutNovel,"P935L,0.390"
X-5273,ARHGAP42,143872.0,MutNovel,"A393V,0.500"
X-5273,ARHGAP42,143872.0,Amp8,14.83
X-5273,ARID1B,57492.0,MutNovel,"S1577F,0.474"
X-5273,ARMC2,84071.0,MutKnownFunctional,"Q705*,0.400"
X-5273,ARMC5,79798.0,MutNovel,"E647K,0.444"
X-5273,ARSG,22901.0,MutNovel,"G339R,0.773"
X-5273,ASB8,140461.0,MutNovel,"G184S,0.395"
X-5273,ASH2L,9070.0,MutNovel,"P43L,0.432"
X-5273,ASL,435.0,MutNovel,"A179E,0.377"
X-5273,ATAD3A,55210.0,MutNovel,"S564L,0.504"
X-5273,ATIC,471.0,MutNovel,"G500S,0.472"
X-5273,ATM,472.0,MutNovel,"G2772E,0.510"
X-5273,ATMIN,23300.0,MutNovel,"L362F,0.479"
X-5273,ATP2A2,488.0,MutNovel,"P193L,0.510"
X-5273,ATP2B1,490.0,MutNovel,"P258L,0.486"
X-5273,ATXN2L,11273.0,MutNovel,"P1001L,0.503"
X-5273,AVEN,57099.0,MutNovel,"R57LAG,0.259"
X-5273,AVEN,57099.0,MutNovel,"GGGGG41G,0.300"
X-5273,AZI2,64343.0,MutNovel,"E79K,0.419"
X-5273,BAI2,576.0,MutNovel,"P1130L,0.500"
X-5273,BAI3,577.0,MutNovel,"G36R,0.667"
X-5273,BANP,54971.0,MutNovel,"S3L,0.441"
X-5273,BATF3,55509.0,MutNovel,"V47A,0.457"
X-5273,BAZ1A,11177.0,MutNovel,"E459K,0.231"
X-5273,BAZ1B,9031.0,MutNovel,"S152F,0.374"
X-5273,BAZ2B,29994.0,MutNovel,"D1336N,0.407"
X-5273,BBS4,585.0,MutNovel,"H139Y,0.439"
X-5273,BBX,56987.0,MutNovel,"P863S,0.423"
X-5273,BCORP1,286554.0,Del0.8,0.23
X-5273,BGN,633.0,MutNovel,"P343L,1.000"
X-5273,BIRC2,329.0,Amp8,44.94
X-5273,BIRC3,330.0,Amp8,44.94
X-5273,BMPER,168667.0,MutNovel,"C357R,0.654"
X-5273,BMPER,168667.0,MutNovel,"V366M,0.241"
X-5273,BOD1L1,,MutKnownFunctional,"Q1986*,0.274"
X-5273,BPY2B,442867.0,Del0.8,0.07
X-5273,BPY2B,442867.0,Del0.8,0.12
X-5273,BRAF,673.0,MutNovel,"E533K,0.403"
X-5273,BRAT1,221927.0,MutNovel,"A141V,0.365"
X-5273,BRD8,10902.0,MutNovel,"E594Q,0.540"
X-5273,BRI3BP,140707.0,MutNovel,"G211GPSN,0.273"
X-5273,BTBD2,55643.0,MutNovel,"R9C,0.400"
X-5273,BTBD9,114781.0,MutNovel,"V427A,0.556"
X-5273,BUD13,84811.0,MutNovel,"R505Q,0.437"
X-5273,C10orf12,26148.0,MutNovel,"G370E,0.667"
X-5273,C11orf63,79864.0,MutNovel,"E33K,0.536"
X-5273,C11orf70,85016.0,Amp8,44.94
X-5273,C14orf149,112849.0,MutNovel,"V195F,0.571"
X-5273,C16orf52,730094.0,MutNovel,"P130S,0.211"
X-5273,C19orf40,91442.0,MutNovel,"P167L,0.519"
X-5273,C1orf123,54987.0,MutNovel,"R103W,0.483"
X-5273,C1orf51,148523.0,MutNovel,"G287E,0.568"
X-5273,C3,718.0,MutNovel,"D1222N,0.424"
X-5273,CADPS2,93664.0,MutNovel,"D1177N,0.311"
X-5273,CALCOCO2,10241.0,MutNovel,"E155Q,0.486"
X-5273,CAMK2N1,55450.0,MutNovel,"Y15N,0.511"
X-5273,CANT1,124583.0,MutNovel,"S179F,0.519"
X-5273,CAPN7,23473.0,MutNovel,"D526N,0.469"
X-5273,CBWD2,150472.0,MutNovel,"D391N,0.371"
X-5273,CBX4,8535.0,MutNovel,"P292L,0.514"
X-5273,CCBL1,883.0,MutNovel,"R300C,0.380"
X-5273,CCDC28A,25901.0,MutNovel,"R32C,0.714"
X-5273,CCDC71,64925.0,MutNovel,"A46T,0.543"
X-5273,CCZ1,51622.0,MutNovel,"T284I,0.555"
X-5273,CD163L1,283316.0,MutNovel,"R381K,0.900"
X-5273,CD44,960.0,MutNovel,"P210L,0.459"
X-5273,CDC7,8317.0,MutNovel,"M118I,1.000"
X-5273,CDH4,1002.0,MutNovel,"K660R,0.510"
X-5273,CDHR3,222256.0,MutNovel,"S605F,0.667"
X-5273,CDK8,1024.0,MutNovel,"D344E,0.537"
X-5273,CDKN2A,1029.0,MutKnownFunctional,"Q50*,0.952"
X-5273,CDR2L,30850.0,MutNovel,"P159F,0.469"
X-5273,CDY1B,253175.0,Del0.8,0.13
X-5273,CDY1B,253175.0,Del0.8,0.18
X-5273,CDY2A,9426.0,Del0.8,0.23
X-5273,CDY2A,9426.0,Del0.8,0.23
X-5273,CDY2B,203611.0,Del0.8,0.23
X-5273,CDY2B,203611.0,Del0.8,0.23
X-5273,CELSR3,1951.0,MutNovel,"V564M,0.824"
X-5273,CENPF,1063.0,MutNovel,"S1622F,0.435"
X-5273,CEP192,55125.0,MutNovel,"L2407F,0.601"
X-5273,CEP250,11190.0,MutKnownFunctional,"-923,0.274"
X-5273,CEP85L,387119.0,MutNovel,"T581I,0.667"
X-5273,CERS2,29956.0,MutNovel,"E345K,0.484"
X-5273,CFDP1,10428.0,MutNovel,"E90K,0.470"
X-5273,CFH,3075.0,MutNovel,"G45R,0.405"
X-5273,CFH,3075.0,MutNovel,"G1107E,0.266"
X-5273,CGREF1,10669.0,MutNovel,"P160L,0.292"
X-5273,CHAC1,79094.0,MutNovel,"H130Y,0.400"
X-5273,CHD4,1108.0,MutNovel,"P1600L,0.552"
X-5273,CHD6,84181.0,MutNovel,"R1945K,0.613"
X-5273,CHD8,57680.0,MutNovel,"P386S,0.450"
X-5273,CHERP,10523.0,MutNovel,"P631L,0.442"
X-5273,CHM,1121.0,Del0.8,0.66
X-5273,CHORDC1,26973.0,MutNovel,"P111S,0.423"
X-5273,CHPF,79586.0,MutNovel,"E354K,0.490"
X-5273,CHRD,8646.0,MutNovel,"R462S,0.400"
X-5273,CLCN2,1181.0,MutNovel,"E868K,0.667"
X-5273,CLCN5,1184.0,MutKnownFunctional,"R537*,1.000"
X-5273,CLCN7,1186.0,MutNovel,"G506E,0.491"
X-5273,CLIP3,25999.0,MutNovel,"H473Y,0.733"
X-5273,CLMN,79789.0,MutNovel,"S419F,0.727"
X-5273,CLPTM1,1209.0,MutNovel,"P155S,0.430"
X-5273,CLSTN1,22883.0,MutNovel,"G896W,0.536"
X-5273,CMTM3,123920.0,MutNovel,"G50S,0.430"
X-5273,CNKSR3,154043.0,MutNovel,"S92F,0.500"
X-5273,CNOT4,4850.0,MutNovel,"P456S,0.438"
X-5273,CNPPD1,27013.0,MutNovel,"P360S,0.511"
X-5273,CNTRL,11064.0,MutNovel,"R1499K,0.500"
X-5273,COCH,1690.0,MutNovel,"G265E,1.000"
X-5273,COG2,22796.0,MutNovel,"P499S,0.614"
X-5273,COIL,8161.0,MutNovel,"L28I,0.479"
X-5273,COL1A1,1277.0,MutNovel,"G728R,0.527"
X-5273,COL4A1,1282.0,MutNovel,"G1210R,0.300"
X-5273,COL4A1,1282.0,MutNovel,"G673E,0.636"
X-5273,COL4A2,1284.0,MutNovel,"P731S,0.667"
X-5273,COL4A2,1284.0,MutNovel,"P1406L,0.368"
X-5273,COL4A2,1284.0,MutNovel,"E1418K,0.258"
X-5273,COL5A1,1289.0,MutNovel,"D1761N,0.616"
X-5273,COL5A2,1290.0,MutNovel,"P1156A,0.377"
X-5273,COL5A3,50509.0,MutNovel,"P1468S,0.603"
X-5273,COL6A3,1293.0,MutNovel,"R1970C,0.461"
X-5273,COL7A1,1294.0,MutNovel,"P2735Y,0.574"
X-5273,COL7A1,1294.0,MutKnownFunctional,"G1673*,0.512"
X-5273,COL8A1,1295.0,MutNovel,"L371F,0.789"
X-5273,COQ2,27235.0,MutNovel,"G276N,1.000"
X-5273,CORO2A,7464.0,MutNovel,"E460K,0.455"
X-5273,CORO2A,7464.0,MutNovel,"P276L,0.375"
X-5273,COX4I1,1327.0,MutNovel,"D32N,0.498"
X-5273,CPNE2,221184.0,MutNovel,"G13R,0.598"
X-5273,CPNE2,221184.0,MutNovel,"P177L,0.333"
X-5273,CPOX,1371.0,MutNovel,"T299I,0.596"
X-5273,CREB5,9586.0,MutNovel,"P361L,0.426"
X-5273,CRELD2,79174.0,MutNovel,"A276V,0.386"
X-5273,CRIPAK,285464.0,MutNovel,"V164A,1.000"
X-5273,CRLF3,51379.0,MutNovel,"D93N,0.581"
X-5273,CSF1,1435.0,MutNovel,"V268I,0.428"
X-5273,CSNK1E,1454.0,MutNovel,"R309G,0.532"
X-5273,CSNK1G2,1455.0,MutNovel,"L66F,0.531"
X-5273,CSPG4,1464.0,MutNovel,"H451L,0.386"
X-5273,CSPG4P1Y,114758.0,Del0.8,0.18
X-5273,CSPG4P1Y,114758.0,Del0.8,0.3
X-5273,CSPP1,79848.0,MutNovel,"E47A,0.400"
X-5273,CTSA,5476.0,MutNovel,"L29-,0.795"
X-5273,CTSD,1509.0,MutNovel,"Y80F,0.485"
X-5273,CUX1,1523.0,MutNovel,"P66L,0.378"
X-5273,CXorf57,55086.0,MutNovel,"S609F,1.000"
X-5273,CYB5R4,51167.0,MutNovel,"S230F,0.475"
X-5273,DAB2,1601.0,MutNovel,"V111I,0.572"
X-5273,DACT1,51339.0,MutNovel,"E603K,0.750"
X-5273,DAZ1,1617.0,Del0.8,0.18
X-5273,DAZ2,57055.0,Del0.8,0.13
X-5273,DAZ3,57054.0,Del0.8,0.07
X-5273,DAZ3,57054.0,Del0.8,0.12
X-5273,DAZ4,57135.0,Del0.8,0.1
X-5273,DAZ4,57135.0,Del0.8,0.13
X-5273,DCDC2,51473.0,MutNovel,"E351Q,0.618"
X-5273,DCHS2,54798.0,MutNovel,"M1718I,1.000"
X-5273,DCP2,167227.0,MutNovel,"P357S,0.500"
X-5273,DCTN2,10540.0,MutNovel,"E285K,0.508"
X-5273,DCUN1D5,84259.0,Amp8,31.34
X-5273,DDI1,414301.0,Amp8,31.34
X-5273,DDR1,780.0,MutNovel,"R341C,0.545"
X-5273,DDX3Y,8653.0,Del0.8,0.23
X-5273,DENND4B,9909.0,MutNovel,"QQQ908-,0.517"
X-5273,DFNB31,25861.0,MutNovel,"P679S,0.723"
X-5273,DGKD,8527.0,MutNovel,"R606Q,0.609"
X-5273,DGKI,9162.0,MutNovel,"D848N,0.375"
X-5273,DGKQ,1609.0,MutNovel,"P246S,0.304"
X-5273,DHX34,9704.0,MutNovel,"P163L,0.552"
X-5273,DHX9,1660.0,MutNovel,"K14Q,0.433"
X-5273,DIS3L2,129563.0,MutNovel,"P612S,0.508"
X-5273,DIXDC1,85458.0,MutNovel,"N447Y,0.526"
X-5273,DLC1,10395.0,MutNovel,"A767V,0.486"
X-5273,DLC1,10395.0,MutNovel,"R8K,1.000"
X-5273,DNAH1,25981.0,MutNovel,"S1938F,0.324"
X-5273,DNAH6,1768.0,MutNovel,"V4039M,0.444"
X-5273,DNTTIP1,116092.0,MutNovel,"P172S,0.489"
X-5273,DOCK6,57572.0,MutNovel,"P1225S,0.540"
X-5273,DOK6,220164.0,MutNovel,"G216E,0.667"
X-5273,DPP8,54878.0,MutNovel,"P319S,0.446"
X-5273,DPYD,1806.0,MutNovel,"S350P,0.552"
X-5273,DSCAM,1826.0,MutNovel,"G1472V,0.400"
X-5273,DSCAM,1826.0,MutNovel,"G557E,0.265"
X-5273,DSEL,92126.0,MutNovel,"S496A,0.561"
X-5273,DSTYK,25778.0,MutNovel,"G453S,0.596"
X-5273,DTNA,1837.0,MutNovel,"P295L,0.454"
X-5273,DTX3,196403.0,MutKnownFunctional,"LQ60L*,0.411"
X-5273,DVL1,1855.0,MutNovel,"P360L,0.484"
X-5273,DVL3,1857.0,MutNovel,"P531L,0.481"
X-5273,DYM,54808.0,MutNovel,"L404F,0.531"
X-5273,DYNC2H1,79659.0,Amp8,31.34
X-5273,E2F1,1869.0,MutKnownFunctional,"-196,0.209"
X-5273,E2F7,144455.0,MutNovel,"P162S,0.496"
X-5273,ECHDC1,55862.0,MutNovel,"R105C,0.456"
X-5273,EDC4,23644.0,MutNovel,"H493Y,0.446"
X-5273,EDF1,8721.0,MutNovel,"S41F,0.386"
X-5273,EFCAB2,84288.0,MutNovel,"L77F,0.620"
X-5273,EFCAB4B,84766.0,MutNovel,"R7-,0.429"
X-5273,EFR3A,23167.0,MutNovel,"E49K,0.522"
X-5273,EGFR,1956.0,MutNovel,"F254I,0.476"
X-5273,EIF1AY,9086.0,Del0.8,0.23
X-5273,ENDOG,2021.0,MutNovel,"R262C,0.499"
X-5273,ENG,2022.0,MutNovel,"G301E,1.000"
X-5273,EP300,2033.0,MutNovel,"A1362V,0.373"
X-5273,EPB41L1,2036.0,MutNovel,"L74F,0.400"
X-5273,EPHB1,2047.0,MutNovel,"M247I,0.667"
X-5273,EPHB2,2048.0,MutNovel,"P134S,0.485"
X-5273,ERBB2,2064.0,MutNovel,"P194S,0.455"
X-5273,ERBB2IP,55914.0,MutNovel,"P484S,0.528"
X-5273,ERI2,112479.0,MutKnownFunctional,"-595,0.554"
X-5273,EXO1,9156.0,MutNovel,"S687L,0.519"
X-5273,EXOC2,55770.0,MutNovel,"L455M,0.439"
X-5273,EXOSC6,118460.0,MutNovel,"R135P,0.390"
X-5273,FADS2,9415.0,MutNovel,"F370L,0.504"
X-5273,FADS2,9415.0,MutNovel,"S433Y,0.338"
X-5273,FAHD2A,51011.0,MutNovel,"R200P,0.337"
X-5273,FAM102A,399665.0,MutNovel,"P297S,0.411"
X-5273,FAM110A,83541.0,MutNovel,"G132E,0.405"
X-5273,FAM115C,285966.0,MutNovel,"H787N,0.260"
X-5273,FAM126A,84668.0,MutNovel,"S433F,0.410"
X-5273,FAM135A,57579.0,MutNovel,"M1437V,0.600"
X-5273,FAM171B,165215.0,MutNovel,"-44QQ,0.667"
X-5273,FAM176C,,MutNovel,"E414Q,0.692"
X-5273,FAM179B,23116.0,MutNovel,"I834N,0.261"
X-5273,FAM189B,10712.0,MutNovel,"A458V,0.561"
X-5273,FAM197Y2P,252946.0,Del0.8,0.23
X-5273,FAM208B,54906.0,MutNovel,"C1908S,0.609"
X-5273,FAM211B,388886.0,MutNovel,"T224I,0.368"
X-5273,FAM41AY1,340618.0,Del0.8,0.23
X-5273,FAM41AY1,340618.0,Del0.8,0.23
X-5273,FARSB,10056.0,MutNovel,"P566L,0.487"
X-5273,FAT4,79633.0,MutNovel,"P2899S,1.000"
X-5273,FAT4,79633.0,MutNovel,"G4658S,1.000"
X-5273,FBXL15,79176.0,MutNovel,"A50V,0.393"
X-5273,FBXL18,80028.0,MutNovel,"R57Q,0.671"
X-5273,FBXL19,54620.0,MutNovel,"R551W,0.410"
X-5273,FBXL7,23194.0,MutNovel,"R384K,0.571"
X-5273,FBXO17,115290.0,MutNovel,"G130D,0.493"
X-5273,FGFR1,2260.0,MutNovel,"S282F,0.495"
X-5273,FIGNL1,63979.0,MutNovel,"G103V,0.393"
X-5273,FIGNL2,401720.0,MutNovel,"P388L,1.000"
X-5273,FKBP1A,2280.0,MutNovel,"S77F,0.526"
X-5273,FKBP4,2288.0,MutNovel,"P120L,0.547"
X-5273,FLNA,2316.0,MutNovel,"R2288H,0.999"
X-5273,FLNC,2318.0,MutNovel,"G948K,0.775"
X-5273,FLVCR1,28982.0,MutNovel,"E552K,0.557"
X-5273,FLYWCH1,84256.0,MutKnownFunctional,"PR246P*,0.209"
X-5273,FN3K,64122.0,MutNovel,"L218F,0.532"
X-5273,FRS3,10817.0,MutNovel,"P439F,0.654"
X-5273,FRZB,2487.0,MutNovel,"G118S,0.889"
X-5273,FUCA1,2517.0,MutNovel,"V386L,0.562"
X-5273,GAB2,9846.0,MutNovel,"S568P,0.576"
X-5273,GABARAP,11337.0,MutNovel,"P10L,0.505"
X-5273,GALNTL6,442117.0,Del0.8,0.75
X-5273,GARS,2617.0,MutNovel,"R687K,0.594"
X-5273,GAS2L1,10634.0,MutKnownFunctional,"R673*,0.498"
X-5273,GBP6,163351.0,Del0.8,0.78
X-5273,GDAP2,54834.0,MutNovel,"V355I,0.552"
X-5273,GIGYF2,26058.0,MutNovel,"PQ1231P,0.307"
X-5273,GLDC,2731.0,MutNovel,"G637E,0.552"
X-5273,GLRX3,10539.0,MutNovel,"L169F,0.372"
X-5273,GNS,2799.0,MutNovel,"P398L,0.509"
X-5273,GOLGA2,2801.0,MutNovel,"A44V,0.434"
X-5273,GOLGA2P2Y,84559.0,Del0.8,0.3
X-5273,GOLGA2P2Y,84559.0,Del0.8,0.18
X-5273,GON4L,54856.0,MutNovel,"S1197P,0.435"
X-5273,GON4L,54856.0,MutNovel,"P1129L,0.434"
X-5273,GPATCH1,55094.0,MutNovel,"P403L,0.586"
X-5273,GPBP1,65056.0,MutNovel,"G69E,0.377"
X-5273,GPKOW,27238.0,MutNovel,"S112F,1.000"
X-5273,GPNMB,10457.0,MutNovel,"N534I,0.402"
X-5273,GPSM2,29899.0,MutNovel,"G336R,0.338"
X-5273,GRB10,2887.0,MutNovel,"P139S,0.800"
X-5273,GRIK2,2898.0,MutNovel,"R431C,1.000"
X-5273,GSTM2,2946.0,MutNovel,"P146S,0.311"
X-5273,GYG2P1,352887.0,Del0.8,0.23
X-5273,GZF1,64412.0,MutNovel,"R245Q,0.452"
X-5273,HAUS4,54930.0,MutNovel,"G4E,0.464"
X-5273,HAX1,10456.0,MutNovel,"R8W,0.496"
X-5273,HDDC3,374659.0,MutNovel,"G48E,0.549"
X-5273,HEATR5A,25938.0,MutNovel,"S922F,0.562"
X-5273,HEATR7A,727957.0,MutNovel,"P1028L,0.608"
X-5273,HEG1,57493.0,MutNovel,"S521L,0.512"
X-5273,HERC1,8925.0,MutNovel,"L3210F,0.413"
X-5273,HERC1,8925.0,MutNovel,"L2788F,0.600"
X-5273,HERC3,8916.0,MutNovel,"L441F,1.000"
X-5273,HERC3,8916.0,MutNovel,"E1031K,1.000"
X-5273,HJURP,55355.0,MutNovel,"S198F,0.288"
X-5273,HLA-B,3106.0,MutNovel,"A235T,0.228"
X-5273,HLA-G,3135.0,MutNovel,"F10V,1.000"
X-5273,HMBOX1,79618.0,MutNovel,"P292S,0.545"
X-5273,HOXA1,3198.0,MutNovel,"HH71H,0.227"
X-5273,HPRT1,3251.0,MutNovel,"G71S,0.995"
X-5273,HSFY2,159119.0,Del0.8,0.23
X-5273,HSFY2,159119.0,Del0.8,0.23
X-5273,HSPG2,3339.0,MutNovel,"R3911C,0.837"
X-5273,HUWE1,10075.0,MutNovel,"P2958L,0.994"
X-5273,HUWE1,10075.0,MutNovel,"E1346K,1.000"
X-5273,IDH2,3418.0,MutNovel,"G145E,0.487"
X-5273,IFIT2,3433.0,MutNovel,"L462F,0.750"
X-5273,IFT140,9742.0,MutNovel,"E498K,0.553"
X-5273,IFT20,90410.0,MutNovel,"S17F,0.478"
X-5273,IGDCC4,57722.0,MutNovel,"P861M,0.375"
X-5273,IGF2BP2,10644.0,MutNovel,"H397Y,0.714"
X-5273,IGFN1,91156.0,MutNovel,"P1046F,1.000"
X-5273,IGFN1,91156.0,MutNovel,"G2801R,1.000"
X-5273,IGSF10,285313.0,MutKnownFunctional,"Y381*,0.614"
X-5273,IL23A,51561.0,MutNovel,"R178Q,0.500"
X-5273,ILF3,3609.0,MutNovel,"P773L,0.505"
X-5273,INADL,10207.0,MutNovel,"R321W,0.700"
X-5273,INO80E,283899.0,MutNovel,"P142S,0.499"
X-5273,INPPL1,3636.0,MutNovel,"P439S,0.545"
X-5273,INTS2,57508.0,MutNovel,"S1109F,0.562"
X-5273,INVS,27130.0,MutNovel,"G1044R,0.471"
X-5273,IPO13,9670.0,MutNovel,"P631L,0.440"
X-5273,IPO9,55705.0,MutNovel,"C667G,0.581"
X-5273,IQCD,115811.0,MutNovel,"N162S,0.615"
X-5273,IST1,9798.0,MutNovel,"P158L,0.501"
X-5273,ITGA4,3676.0,MutNovel,"S140F,0.496"
X-5273,ITPR3,3710.0,MutNovel,"M2226I,0.510"
X-5273,JAM2,58494.0,MutNovel,"R229Q,0.349"
X-5273,JARID2,3720.0,MutNovel,"A273T,0.429"
X-5273,JMY,133746.0,MutNovel,"P102L,0.500"
X-5273,KAT5,10524.0,MutNovel,"Q493R,0.484"
X-5273,KAT6A,7994.0,MutNovel,"G1959E,0.488"
X-5273,KAT6B,23522.0,MutNovel,"G392W,0.513"
X-5273,KAT8,84148.0,MutNovel,"R233Q,0.657"
X-5273,KATNAL1,84056.0,MutNovel,"L372S,0.476"
X-5273,KBTBD2,25948.0,MutNovel,"P279S,0.472"
X-5273,KCNAB2,8514.0,MutNovel,"A250V,0.405"
X-5273,KCND1,3750.0,MutNovel,"P609S,1.000"
X-5273,KCTD1,284252.0,MutNovel,"P747S,0.462"
X-5273,KCTD17,79734.0,MutNovel,"P274L,0.424"
X-5273,KDELC2,143888.0,MutNovel,"E189G,0.489"
X-5273,KDM1B,221656.0,MutNovel,"S86F,0.591"
X-5273,KDM3B,51780.0,MutNovel,"E801K,0.510"
X-5273,KDM3B,51780.0,MutNovel,"S1455F,0.495"
X-5273,KDM4B,23030.0,MutNovel,"P391S,0.456"
X-5273,KDM4B,23030.0,MutNovel,"G1052R,0.383"
X-5273,KDM5A,5927.0,MutNovel,"P1592S,0.460"
X-5273,KDM5D,8284.0,Del0.8,0.23
X-5273,KDM6A,7403.0,MutKnownFunctional,"Q779*,1.000"
X-5273,KHSRP,8570.0,MutNovel,"P598S,0.603"
X-5273,KIAA0195,9772.0,MutNovel,"G185E,0.592"
X-5273,KIAA0240,23506.0,MutNovel,"L94F,0.653"
X-5273,KIAA0408,9729.0,MutNovel,"P551L,0.595"
X-5273,KIAA1199,57214.0,MutNovel,"G1136E,0.661"
X-5273,KIAA1377,57562.0,Amp8,44.94
X-5273,KIAA1549,57670.0,MutNovel,"P586S,0.667"
X-5273,KIAA1841,84542.0,MutNovel,"E101K,0.593"
X-5273,KIF20B,9585.0,MutNovel,"L1062LKV,0.866"
X-5273,KIF21A,55605.0,MutNovel,"D646N,0.409"
X-5273,KIF26B,55083.0,MutNovel,"G1184D,1.000"
X-5273,KIFC1,3833.0,MutNovel,"L586F,0.493"
X-5273,KLC2,64837.0,MutNovel,"R477C,0.449"
X-5273,KLHDC4,54758.0,MutNovel,"P144F,0.484"
X-5273,KRT8,3856.0,MutNovel,"G370R,0.600"
X-5273,KYNU,8942.0,MutNovel,"V387I,0.744"
X-5273,LAG3,3902.0,MutNovel,"G207N,0.300"
X-5273,LAMA1,284217.0,MutNovel,"S2787F,0.485"
X-5273,LAMA4,3910.0,MutNovel,"T948K,0.323"
X-5273,LAMB2,3913.0,MutNovel,"R1266G,0.781"
X-5273,LAP3,51056.0,MutNovel,"S26R,0.536"
X-5273,LAT,27040.0,MutNovel,"P123L,0.636"
X-5273,LCA5,167691.0,MutNovel,"G377E,0.462"
X-5273,LCE2A,353139.0,MutNovel,"C90W,0.964"
X-5273,LCE3C,353144.0,Del0.8,0.22
X-5273,LDLR,3949.0,MutNovel,"P387S,0.540"
X-5273,LEPR,3953.0,MutNovel,"E565K,0.567"
X-5273,LEPR,3953.0,MutNovel,"P822S,0.367"
X-5273,LEPREL1,55214.0,MutNovel,"V422A,0.316"
X-5273,LIMK1,3984.0,MutNovel,"P591L,0.263"
X-5273,LIPA,3988.0,MutNovel,"G229E,0.395"
X-5273,LMF2,91289.0,MutNovel,"A160D,0.348"
X-5273,LMF2,91289.0,MutNovel,"G14D,0.446"
X-5273,LOC100128071,100128071.0,MutNovel,"P19S,0.583"
X-5273,LOC100129083,100129083.0,MutNovel,"E29K,0.600"
X-5273,LOC100132247,100132247.0,MutNovel,"Q706R,1.000"
X-5273,LOC100507369,,MutNovel,"A150V,0.667"
X-5273,LOC100652758,,MutNovel,"G29R,0.667"
X-5273,LOC100652766,,MutNovel,"G78E,0.483"
X-5273,LPHN1,22859.0,MutKnownFunctional,"W262*,0.632"
X-5273,LPHN2,23266.0,MutNovel,"P131L,0.923"
X-5273,LRGUK,136332.0,MutNovel,"E381K,0.364"
X-5273,LRRC16A,55604.0,MutNovel,"P1264F,1.000"
X-5273,LRRC42,115353.0,MutNovel,"T275I,0.420"
X-5273,LRRC8A,56262.0,MutNovel,"A172V,0.430"
X-5273,LRRIQ4,344657.0,MutNovel,"E197K,0.500"
X-5273,LRRIQ4,344657.0,MutNovel,"S229F,0.500"
X-5273,LRWD1,222229.0,MutNovel,"P239S,0.649"
X-5273,LSR,51599.0,MutNovel,"G518GR,0.348"
X-5273,LTBP4,8425.0,MutNovel,"P1599L,0.516"
X-5273,LUM,4060.0,MutNovel,"H165Y,0.431"
X-5273,LUZP1,7798.0,MutNovel,"S913L,0.429"
X-5273,MACF1,23499.0,MutNovel,"V3109I,0.442"
X-5273,MADD,8567.0,MutNovel,"S156F,0.429"
X-5273,MAGI1,9223.0,MutNovel,"S255T,0.575"
X-5273,MAGI2,9863.0,MutNovel,"M1150I,0.474"
X-5273,MAGI2,9863.0,MutNovel,"G945E,0.900"
X-5273,MAN1A2,10905.0,MutNovel,"H93Y,0.549"
X-5273,MAN2A2,4122.0,MutNovel,"R911Q,0.517"
X-5273,MAP1A,4130.0,MutNovel,"E1658K,0.531"
X-5273,MAP1A,4130.0,MutNovel,"T2758S,0.482"
X-5273,MAP3K1,4214.0,MutNovel,"S846F,0.500"
X-5273,MAP3K1,4214.0,MutNovel,"R1482Q,0.615"
X-5273,MAP3K11,4296.0,MutNovel,"T503I,0.534"
X-5273,MAP3K5,4217.0,MutNovel,"G443E,0.500"
X-5273,MAP4K2,5871.0,MutNovel,"H333Y,0.516"
X-5273,MAPK15,225689.0,MutNovel,"G512E,1.000"
X-5273,MAPKAPK2,9261.0,MutNovel,"S265F,0.548"
X-5273,MAST2,23139.0,MutNovel,"P1579S,0.460"
X-5273,MAST3,23031.0,MutNovel,"P1110L,1.000"
X-5273,MATN3,4148.0,MutNovel,"E246K,0.709"
X-5273,MBD5,55777.0,MutNovel,"P402L,0.368"
X-5273,MCAT,27349.0,MutNovel,"V175G,0.436"
X-5273,MDN1,23195.0,MutNovel,"D4883N,0.492"
X-5273,MECP2,4204.0,MutNovel,"P401S,0.993"
X-5273,MED14,9282.0,MutNovel,"P436L,1.000"
X-5273,MED15,51586.0,MutNovel,"NKID551N,0.266"
X-5273,MEF2A,4205.0,MutNovel,"QQ412-,0.379"
X-5273,MEF2D,4209.0,MutNovel,"P455S,0.449"
X-5273,MEGF9,1955.0,MutNovel,"P68S,0.588"
X-5273,MEIS3,56917.0,MutNovel,"G251E,0.507"
X-5273,MEX3D,399664.0,MutNovel,"S414F,0.398"
X-5273,MFN2,9927.0,MutNovel,"L117F,0.518"
X-5273,MGAT5,4249.0,MutNovel,"P72L,0.592"
X-5273,MIB2,142678.0,MutNovel,"R413C,0.358"
X-5273,MIER3,166968.0,MutNovel,"L302P,0.510"
X-5273,MIR3920,100500823.0,Amp8,72.5
X-5273,MIR4693,100616457.0,Amp8,31.34
X-5273,MIS18A,54069.0,MutNovel,"L159F,0.555"
X-5273,MLH1,4292.0,MutNovel,"G463R,0.530"
X-5273,MLL,4297.0,MutNovel,"G967E,0.560"
X-5273,MLL2,8085.0,MutNovel,"R4975C,0.422"
X-5273,MLL3,58508.0,MutNovel,"P1611S,0.286"
X-5273,MLL3,58508.0,MutNovel,"S678F,0.615"
X-5273,MLL4,9757.0,MutNovel,"P2294S,0.419"
X-5273,MLLT6,4302.0,MutNovel,"S555R,0.565"
X-5273,MLLT6,4302.0,MutNovel,"D712H,0.453"
X-5273,MLPH,79083.0,MutNovel,"R489K,0.478"
X-5273,MLXIP,22877.0,MutNovel,"S867F,0.489"
X-5273,MMADHC,27249.0,MutNovel,"L200F,0.434"
X-5273,MMP1,4312.0,Amp8,31.34
X-5273,MMP10,4319.0,Amp8,31.34
X-5273,MMP12,4321.0,Amp8,31.34
X-5273,MMP13,4322.0,Amp8,31.34
X-5273,MMP20,9313.0,Amp8,44.94
X-5273,MMP27,64066.0,Amp8,37.53
X-5273,MMP3,4314.0,Amp8,31.34
X-5273,MMP7,4316.0,MutNovel,"D91N,1.000"
X-5273,MMP7,4316.0,Amp8,44.94
X-5273,MMP8,4317.0,Amp8,31.34
X-5273,MOCS1,4337.0,MutNovel,"G157S,0.675"
X-5273,MOSPD2,158747.0,MutNovel,"P236L,1.000"
X-5273,MPP6,51678.0,MutNovel,"P334S,0.534"
X-5273,MPRIP,23164.0,MutNovel,"TS178T,0.549"
X-5273,MSANTD2,,MutNovel,"P502L,0.491"
X-5273,MT1A,4489.0,MutNovel,"T16D,1.000"
X-5273,MTFR1,9650.0,MutNovel,"S119T,0.396"
X-5273,MTHFR,4524.0,MutNovel,"P346L,0.571"
X-5273,MTMR3,8897.0,MutNovel,"T103I,0.462"
X-5273,MTMR3,8897.0,MutNovel,"S319F,0.494"
X-5273,MTMR3,8897.0,MutNovel,"P834S,0.558"
X-5273,MTRF1,9617.0,MutNovel,"E101K,0.339"
X-5273,MXD1,4084.0,MutNovel,"E65K,0.652"
X-5273,MYCBP2,23077.0,MutNovel,"P3059L,0.525"
X-5273,MYEF2,50804.0,MutNovel,"M501I,0.661"
X-5273,MYO1E,4643.0,MutNovel,"S197F,0.487"
X-5273,N4BP2,55728.0,MutNovel,"P1259L,0.348"
X-5273,NACC2,138151.0,MutNovel,"S402N,0.391"
X-5273,NAGLU,4669.0,MutNovel,"L457F,0.508"
X-5273,NAGPA,51172.0,MutNovel,"T5R,0.421"
X-5273,NAV3,89795.0,MutKnownFunctional,"W2239*,0.538"
X-5273,NBEA,26960.0,MutNovel,"P1671L,0.571"
X-5273,NBEAL2,23218.0,MutNovel,"L1200F,0.385"
X-5273,NBPF10,100132406.0,MutNovel,"S1461F,0.350"
X-5273,NBPF14,25832.0,MutNovel,"D654R,0.241"
X-5273,NBPF14,25832.0,MutNovel,"E513K,0.429"
X-5273,NBR1,4077.0,MutNovel,"G75E,0.557"
X-5273,NCK2,8440.0,MutKnownFunctional,"-68,0.220"
X-5273,NCKAP5L,57701.0,MutNovel,"P1218L,0.591"
X-5273,NCLN,56926.0,MutNovel,"E78K,0.488"
X-5273,NCOA1,8648.0,MutNovel,"P699L,0.278"
X-5273,NCOA1,8648.0,MutNovel,"K846E,0.661"
X-5273,NCOA3,8202.0,MutNovel,"Q1255-,0.362"
X-5273,NCOR2,9612.0,MutNovel,"G1839GAAA,0.613"
X-5273,NCRNA00185,55410.0,Del0.8,0.23
X-5273,NDUFA3,4696.0,MutNovel,"P56L,0.664"
X-5273,NDUFAF5,,MutNovel,"E143K,0.385"
X-5273,NEDD4,4734.0,MutKnownFunctional,"NR95K*,0.512"
X-5273,NEK3,4752.0,MutNovel,"D461N,0.488"
X-5273,NEURL1B,54492.0,MutNovel,"S491F,1.000"
X-5273,NFASC,23114.0,MutNovel,"P228L,0.407"
X-5273,NHS,4810.0,MutNovel,"P1061S,1.000"
X-5273,NIM1,167359.0,MutNovel,"S144F,0.590"
X-5273,NIPSNAP3A,25934.0,MutNovel,"R63W,0.442"
X-5273,NLGN4Y,22829.0,Del0.8,0.23
X-5273,NLRC4,58484.0,MutNovel,"P119L,0.800"
X-5273,NOL11,25926.0,MutNovel,"I234K,0.522"
X-5273,NOL8,55035.0,MutNovel,"D848E,0.384"
X-5273,NOL8,55035.0,MutKnownFunctional,"R207*,0.248"
X-5273,NOMO1,23420.0,MutNovel,"V445M,0.618"
X-5273,NOTCH1,4851.0,MutNovel,"H1921P,0.455"
X-5273,NOTCH3,4854.0,MutNovel,"S2107F,0.478"
X-5273,NOTCH3,4854.0,MutNovel,"E1972K,0.612"
X-5273,NPIPL3,23117.0,MutNovel,"G587R,0.294"
X-5273,NPR2,4882.0,MutNovel,"P32L,1.000"
X-5273,NR1H2,7376.0,MutNovel,"-173Q,0.486"
X-5273,NRIP1,8204.0,MutNovel,"P732S,0.628"
X-5273,NUBP1,4682.0,MutNovel,"G250K,0.455"
X-5273,NUDT11,55190.0,MutKnownFunctional,"-1,0.471"
X-5273,NUFIP2,57532.0,MutNovel,"P573L,0.491"
X-5273,NUP205,23165.0,MutNovel,"P622S,0.322"
X-5273,NYNRIN,57523.0,MutNovel,"D1461N,0.688"
X-5273,ODZ3,55714.0,MutNovel,"S1480F,1.000"
X-5273,ODZ3,55714.0,MutNovel,"E2089K,1.000"
X-5273,OGFR,11054.0,MutNovel,"P4L,1.000"
X-5273,OR13G1,441933.0,MutKnownFunctional,"K17*,1.000"
X-5273,ORAI1,84876.0,MutNovel,"PP43-,0.782"
X-5273,OSBP2,23762.0,MutNovel,"G441E,0.412"
X-5273,OSGIN2,734.0,MutNovel,"I185T,0.406"
X-5273,OXA1L,5018.0,MutNovel,"A249S,0.641"
X-5273,PABPC1,26986.0,MutNovel,"M353I,0.485"
X-5273,PABPC3,5042.0,MutNovel,"M353I,0.385"
X-5273,PACS1,55690.0,MutNovel,"F853L,0.433"
X-5273,PACSIN2,11252.0,MutNovel,"S88F,0.481"
X-5273,PARD3,56288.0,MutNovel,"L1287F,0.559"
X-5273,PARP12,64761.0,MutNovel,"P24A,0.382"
X-5273,PCDH11Y,83259.0,Del0.8,0.23
X-5273,PCDH15,65217.0,MutNovel,"G1574E,0.750"
X-5273,PCDHGA2,56113.0,MutNovel,"P387S,1.000"
X-5273,PCDHGA6,56109.0,MutNovel,"R209C,0.429"
X-5273,PCGF3,10336.0,MutNovel,"A88V,0.430"
X-5273,PCLO,27445.0,MutNovel,"E4320K,0.429"
X-5273,PCNXL3,399909.0,MutNovel,"T491M,0.564"
X-5273,PDCD11,22984.0,MutNovel,"A1538P,0.546"
X-5273,PDCD4,27250.0,MutNovel,"S76W,0.597"
X-5273,PDE4DIP,9659.0,MutNovel,"T2297A,0.824"
X-5273,PDGFD,80310.0,Amp8,25.81
X-5273,PDXK,8566.0,MutNovel,"A255T,0.363"
X-5273,PDZRN3,23024.0,MutNovel,"A110S,0.667"
X-5273,PET117,100303755.0,MutNovel,"K49E,0.563"
X-5273,PGAM2,5224.0,MutNovel,"A42V,0.500"
X-5273,PGBD3,267004.0,MutNovel,"V419F,0.378"
X-5273,PGR,5241.0,Amp8,38.32
X-5273,PHC3,80012.0,MutNovel,"P887L,0.536"
X-5273,PHF20,51230.0,MutNovel,"G975E,0.486"
X-5273,PHLDA1,22822.0,MutNovel,"QQ194Q,0.450"
X-5273,PHLDB2,90102.0,MutNovel,"-107P,0.478"
X-5273,PIAS2,9063.0,MutNovel,"S510F,0.346"
X-5273,PIAS4,51588.0,MutNovel,"E63K,0.542"
X-5273,PIEZO1,9780.0,MutNovel,"SV393FL,0.283"
X-5273,PIF1,80119.0,MutNovel,"P109S,0.500"
X-5273,PIGA,5277.0,MutNovel,"G335E,1.000"
X-5273,PIGC,5279.0,MutNovel,"Y228F,0.419"
X-5273,PIGO,84720.0,MutNovel,"P884S,0.383"
X-5273,PIK3CG,5294.0,MutNovel,"K1000R,1.000"
X-5273,PIK3R1,5295.0,MutNovel,"L286F,0.381"
X-5273,PIK3R3,8503.0,MutNovel,"N110K,0.333"
X-5273,PIK3R4,30849.0,MutNovel,"T1031I,0.483"
X-5273,PIKFYVE,200576.0,MutNovel,"E1099K,0.486"
X-5273,PILRA,29992.0,MutNovel,"W139L,1.000"
X-5273,PILRA,29992.0,MutNovel,"E143K,1.000"
X-5273,PIP5K1C,23396.0,MutNovel,"A370V,0.494"
X-5273,PKN1,5585.0,MutNovel,"E589K,0.419"
X-5273,PLCL2,23228.0,MutNovel,"P1012S,0.360"
X-5273,PLD2,5338.0,MutNovel,"P135L,0.424"
X-5273,PLEC,5339.0,MutNovel,"V2127M,0.468"
X-5273,PLEC,5339.0,MutNovel,"S482F,0.498"
X-5273,PLEKHA4,57664.0,MutNovel,"P497L,0.463"
X-5273,PLEKHA4,57664.0,MutNovel,"P297S,0.495"
X-5273,PLEKHA4,57664.0,MutNovel,"P180L,0.404"
X-5273,PLOD1,5351.0,MutNovel,"P237S,0.493"
X-5273,PLXNB2,23654.0,MutNovel,"P80S,0.433"
X-5273,PML,5371.0,MutNovel,"P688F,0.401"
X-5273,PNMA2,10687.0,MutNovel,"L39F,0.400"
X-5273,PNMA2,10687.0,MutNovel,"R11K,1.000"
X-5273,POLE2,5427.0,MutNovel,"P115Y,0.262"
X-5273,POLR3B,55703.0,MutNovel,"S1103F,0.586"
X-5273,POM121,9883.0,MutNovel,"S296F,0.638"
X-5273,POM121C,100101267.0,MutNovel,"E358Q,0.230"
X-5273,POT1,25913.0,MutNovel,"R361C,0.242"
X-5273,POU2F1,5451.0,MutKnownFunctional,"Q346*,0.455"
X-5273,PPFIBP1,8496.0,MutNovel,"G517S,0.473"
X-5273,PPIL4,85313.0,MutNovel,"D253Y,0.469"
X-5273,PPIP5K2,23262.0,MutNovel,"L1110S,0.490"
X-5273,PPME1,51400.0,MutNovel,"D111N,0.458"
X-5273,PPP2R3B,28227.0,MutKnownFunctional,"W324*,1.000"
X-5273,PRDM4,11108.0,MutNovel,"P441S,0.468"
X-5273,PREX1,57580.0,MutNovel,"L1068F,0.677"
X-5273,PRIC285,85441.0,MutNovel,"R434W,1.000"
X-5273,PRKY,5616.0,Del0.8,0.23
X-5273,PROS1,5627.0,MutNovel,"K433T,0.524"
X-5273,PRR14,78994.0,MutNovel,"P248S,0.484"
X-5273,PRRC2B,84726.0,MutNovel,"P1122L,0.483"
X-5273,PRSS36,146547.0,MutNovel,"H552Q,0.750"
X-5273,PRY,9081.0,Del0.8,0.23
X-5273,PRY,9081.0,Del0.8,0.23
X-5273,PRY2,442862.0,Del0.8,0.23
X-5273,PRY2,442862.0,Del0.8,0.23
X-5273,PSD3,23362.0,MutNovel,"V1025L,0.250"
X-5273,PSG4,5672.0,MutNovel,"R100T,0.584"
X-5273,PSG8,440533.0,MutNovel,"S150F,0.500"
X-5273,PSMC4,5704.0,MutNovel,"S346F,0.564"
X-5273,PSMG2,56984.0,MutNovel,"W227L,0.453"
X-5273,PTDSS2,81490.0,MutNovel,"F59Y,0.556"
X-5273,PTPN23,25930.0,MutNovel,"D278N,0.474"
X-5273,PTPRB,5787.0,MutNovel,"E1812K,0.464"
X-5273,PTPRM,5797.0,MutNovel,"R226Q,0.376"
X-5273,PTPRQ,374462.0,MutNovel,"C1838G,0.667"
X-5273,QRICH1,54870.0,MutNovel,"P702L,0.489"
X-5273,RAB31,11031.0,MutNovel,"E66K,0.449"
X-5273,RBMY1A3P,286557.0,Del0.8,0.23
X-5273,RBMY1B,378948.0,Del0.8,0.23
X-5273,RBMY1B,378948.0,Del0.8,0.23
X-5273,RBMY1E,378950.0,Del0.8,0.23
X-5273,RBMY1E,378950.0,Del0.8,0.23
X-5273,RBMY1F,159163.0,Del0.8,0.23
X-5273,RBMY1F,159163.0,Del0.8,0.23
X-5273,RBMY1J,378951.0,Del0.8,0.23
X-5273,RBMY1J,378951.0,Del0.8,0.23
X-5273,RBMY2EP,159125.0,Del0.8,0.23
X-5273,RBMY2FP,159162.0,Del0.8,0.23
X-5273,RBMY3AP,64593.0,Del0.8,0.23
X-5273,RECK,8434.0,MutNovel,"G388E,0.586"
X-5273,REEP5,7905.0,MutNovel,"N79D,0.488"
X-5273,REV3L,5980.0,MutNovel,"M1345I,0.348"
X-5273,RFTN2,130132.0,MutNovel,"E324K,1.000"
X-5273,RGS4,5999.0,MutNovel,"K210N,0.397"
X-5273,RIN3,79890.0,MutNovel,"G967-,0.280"
X-5273,RND2,8153.0,MutNovel,"G197R,0.250"
X-5273,RNF113A,7737.0,MutNovel,"P182S,0.991"
X-5273,RNF115,27246.0,MutNovel,"P202S,0.992"
X-5273,RNF135,84282.0,MutNovel,"R320K,0.593"
X-5273,RNF207,388591.0,MutNovel,"P383L,1.000"
X-5273,RNF213,57674.0,MutNovel,"G604R,0.537"
X-5273,RP1,6101.0,MutNovel,"G962E,0.613"
X-5273,RPL13,6137.0,MutNovel,"M8I,0.543"
X-5273,RPS4Y1,6192.0,Del0.8,0.23
X-5273,RPS4Y2,140032.0,Del0.8,0.23
X-5273,RPS6KA4,8986.0,MutNovel,"G752S,0.417"
X-5273,RPS6KA5,9252.0,MutNovel,"S760I,0.625"
X-5273,RPS6KC1,26750.0,MutNovel,"P584L,0.480"
X-5273,RSBN1L,222194.0,MutNovel,"Q508R,0.590"
X-5273,RTN1,6252.0,MutNovel,"R483Q,0.571"
X-5273,RUNX1T1,862.0,MutNovel,"S596L,0.448"
X-5273,RUNX1T1,862.0,MutNovel,"R314K,0.568"
X-5273,S100A2,6273.0,MutKnownFunctional,"Q68*,0.592"
X-5273,SACS,26278.0,MutKnownFunctional,"R88*,0.396"
X-5273,SAMD3,154075.0,MutNovel,"R228C,0.469"
X-5273,SAV1,60485.0,MutNovel,"E119Q,0.307"
X-5273,SBNO2,22904.0,MutNovel,"V1025M,0.572"
X-5273,SCAF1,58506.0,MutNovel,"S500F,0.626"
X-5273,SCAMP3,10067.0,MutNovel,"S140C,0.444"
X-5273,SCAPER,49855.0,MutNovel,"L1054F,0.304"
X-5273,SCARA3,51435.0,MutNovel,"E243D,0.431"
X-5273,SCN1A,6323.0,MutNovel,"L986F,0.684"
X-5273,SCP2,6342.0,MutNovel,"L531F,0.524"
X-5273,SDC1,6382.0,MutNovel,"T139M,0.652"
X-5273,SEC24A,10802.0,MutNovel,"Q564K,0.525"
X-5273,SEMA3A,10371.0,MutKnownFunctional,"W726*,0.631"
X-5273,SEMA3E,9723.0,MutNovel,"G705R,0.409"
X-5273,SEMA6C,10500.0,MutNovel,"G748E,0.600"
X-5273,2014-09-08 00:00:00,23176.0,MutNovel,"V384M,0.488"
X-5273,2014-09-08 00:00:00,23176.0,MutNovel,"P85F,0.564"
X-5273,SERINC2,347735.0,MutNovel,"-373Q,0.652"
X-5273,SERPINE3,647174.0,MutNovel,"H85Y,0.667"
X-5273,SERPINI1,5274.0,MutNovel,"E61K,0.400"
X-5273,SESTD1,91404.0,MutNovel,"L441F,0.406"
X-5273,SETD1A,9739.0,MutKnownFunctional,"WV1465*I,0.432"
X-5273,SF3A1,10291.0,MutNovel,"P421L,0.489"
X-5273,SF3B3,23450.0,MutNovel,"P1169S,0.535"
X-5273,SGPP2,130367.0,MutNovel,"P265L,0.316"
X-5273,SH2D2A,9047.0,MutNovel,"P201L,0.900"
X-5273,SHANK1,50944.0,MutNovel,"R614C,0.494"
X-5273,SHANK1,50944.0,MutNovel,"V160I,0.569"
X-5273,SIRT1,23411.0,MutNovel,"G156S,0.388"
X-5273,SLAIN1,122060.0,MutNovel,"H353Y,0.444"
X-5273,SLC12A8,84561.0,MutNovel,"S703F,0.341"
X-5273,SLC25A15,10166.0,MutNovel,"S159N,0.471"
X-5273,SLC25A23,79085.0,MutNovel,"K251Q,0.522"
X-5273,SLC25A33,84275.0,MutNovel,"R258K,0.462"
X-5273,SLC25A36,55186.0,MutNovel,"G154K,0.489"
X-5273,SLC25A4,291.0,MutNovel,"P62S,1.000"
X-5273,SLC25A40,55972.0,MutNovel,"L43P,0.390"
X-5273,SLC26A10,65012.0,MutNovel,"G348E,0.483"
X-5273,SLC35A4,113829.0,MutNovel,"G244S,0.506"
X-5273,SLC37A2,219855.0,MutNovel,"G360S,0.333"
X-5273,SLC3A2,6520.0,MutNovel,"R430C,0.520"
X-5273,SLC4A8,9498.0,MutNovel,"M884I,0.455"
X-5273,SLC7A7,9056.0,MutNovel,"V144E,1.000"
X-5273,SLFNL1,200172.0,MutNovel,"E343K,0.375"
X-5273,SLIT2,9353.0,MutNovel,"P1174S,0.510"
X-5273,SLTM,79811.0,MutNovel,"P917L,0.496"
X-5273,SMC3,9126.0,MutNovel,"F576L,0.587"
X-5273,SMC4,10051.0,MutNovel,"H1209Y,0.462"
X-5273,SMPD4,55627.0,MutNovel,"S246F,0.476"
X-5273,SMYD5,10322.0,MutNovel,"P139S,0.497"
X-5273,SNX14,57231.0,MutNovel,"D867N,0.444"
X-5273,SOGA1,,MutNovel,"P1329S,0.621"
X-5273,SP140,11262.0,MutNovel,"P62S,0.632"
X-5273,SPAG8,26206.0,MutNovel,"G339E,0.667"
X-5273,SPATA2,9825.0,MutNovel,"E216Q,0.457"
X-5273,SPG11,80208.0,MutNovel,"S1454F,0.486"
X-5273,SPG11,80208.0,MutNovel,"S331F,0.534"
X-5273,SPPL3,121665.0,MutNovel,"L186F,0.589"
X-5273,SPPL3,121665.0,MutNovel,"F56L,0.518"
X-5273,SPRY3,10251.0,MutKnownFunctional,"-2904,1.000"
X-5273,SPRY3,10251.0,MutNovel,"P3087S,1.000"
X-5273,SPTLC1,10558.0,MutNovel,"H395Y,0.470"
X-5273,SRC,6714.0,MutNovel,"T432M,0.480"
X-5273,SREBF2,6721.0,MutNovel,"A966V,0.534"
X-5273,SRPK2,6733.0,MutNovel,"L427F,0.255"
X-5273,SRY,6736.0,Del0.8,0.23
X-5273,SS18,6760.0,MutNovel,"H207R,0.501"
X-5273,ST18,9705.0,MutNovel,"E365K,0.750"
X-5273,ST5,6764.0,MutNovel,"P362L,0.500"
X-5273,ST6GALNAC6,30815.0,MutNovel,"R32W,0.530"
X-5273,STK31,56164.0,MutNovel,"Y811F,0.667"
X-5273,STXBP3,6814.0,MutNovel,"A465E,0.411"
X-5273,SUB1,10923.0,MutNovel,"S17T,0.444"
X-5273,SUN2,25777.0,MutNovel,"G339E,0.523"
X-5273,SUPT6H,6830.0,MutNovel,"P543S,0.470"
X-5273,SUV420H2,84787.0,MutNovel,"R205W,0.579"
X-5273,SVIL,6840.0,MutNovel,"M1398I,0.889"
X-5273,SWI5,375757.0,MutNovel,"R130G,0.571"
X-5273,SYNE2,23224.0,MutNovel,"Q3958R,0.667"
X-5273,SYNJ1,8867.0,MutNovel,"P1089S,0.500"
X-5273,SYT11,23208.0,MutNovel,"P204S,0.527"
X-5273,SYTL3,94120.0,MutNovel,"G582E,0.684"
X-5273,SZT2,23334.0,MutNovel,"P2850F,0.522"
X-5273,TAB1,10454.0,MutNovel,"R354Q,0.417"
X-5273,TACC1,6867.0,MutNovel,"S147F,0.569"
X-5273,TAF12,6883.0,MutNovel,"G130R,0.501"
X-5273,TAF1B,9014.0,MutKnownFunctional,"Q114*,0.271"
X-5273,TAF5L,27097.0,MutNovel,"E117K,0.433"
X-5273,TANK,10010.0,MutNovel,"P311L,0.473"
X-5273,TARDBP,23435.0,MutKnownFunctional,"-37?,0.414"
X-5273,TBC1D4,9882.0,MutNovel,"V1104L,0.400"
X-5273,TBL1Y,90665.0,Del0.8,0.23
X-5273,TBP,6908.0,MutNovel,"-64Q,0.267"
X-5273,TBX3,6926.0,MutNovel,"D305N,0.382"
X-5273,TBXA2R,6915.0,MutNovel,"L67F,0.714"
X-5273,TCTN3,26123.0,MutNovel,"T95P,0.398"
X-5273,TENC1,23371.0,MutNovel,"P640S,0.600"
X-5273,TERF1,7013.0,MutNovel,"D439N,0.681"
X-5273,TET3,200424.0,MutNovel,"T891I,0.562"
X-5273,TEX2,55852.0,MutNovel,"E824K,0.534"
X-5273,TGIF2LY,90655.0,Del0.8,0.23
X-5273,TICRR,,MutNovel,"E1741K,0.515"
X-5273,TIGD7,91151.0,MutKnownFunctional,"-180,0.429"
X-5273,TIMELESS,8914.0,MutNovel,"P315S,0.645"
X-5273,TLN1,7094.0,MutNovel,"A1977V,0.995"
X-5273,TLN2,83660.0,MutNovel,"T762I,0.486"
X-5273,TLN2,83660.0,MutNovel,"T2001A,0.496"
X-5273,TM7SF3,51768.0,MutNovel,"L247F,0.433"
X-5273,TMEM104,54868.0,MutNovel,"S420F,0.500"
X-5273,TMEM123,114908.0,Amp8,44.94
X-5273,TMEM131,23505.0,MutNovel,"L310F,0.459"
X-5273,TMEM133,83935.0,Amp8,34.54
X-5273,TMEM151A,256472.0,MutNovel,"G431R,0.333"
X-5273,TMEM170B,100113407.0,MutNovel,"G78R,0.529"
X-5273,TMEM171,134285.0,MutNovel,"F160S,0.534"
X-5273,TMEM183A,92703.0,MutNovel,"E132K,0.586"
X-5273,TMEM200A,114801.0,MutNovel,"G403S,0.578"
X-5273,TMEM251,,MutNovel,"G31R,0.400"
X-5273,TMEM43,79188.0,MutNovel,"R11Q,0.471"
X-5273,TMEM87B,84910.0,MutNovel,"ME427IK,0.415"
X-5273,TMSB4Y,9087.0,Del0.8,0.23
X-5273,TNC,3371.0,MutNovel,"P47L,0.509"
X-5273,TNC,3371.0,MutNovel,"T40I,0.512"
X-5273,TNFAIP2,7127.0,MutNovel,"S431F,0.600"
X-5273,TNIK,23043.0,MutNovel,"G881R,0.472"
X-5273,TNK2,10188.0,MutNovel,"R820W,0.542"
X-5273,TNKS1BP1,85456.0,MutNovel,"A147V,0.492"
X-5273,TNRC6B,23112.0,MutNovel,"P979L,0.667"
X-5273,TNRC6C,57690.0,MutNovel,"T1258I,0.488"
X-5273,TNRC6C,57690.0,MutNovel,"P1517T,0.565"
X-5273,TNS1,7145.0,MutNovel,"S1231F,0.682"
X-5273,TOR2A,27433.0,MutNovel,"A73V,0.417"
X-5273,TP53,7157.0,MutNovel,"P250F,1.000"
X-5273,TP53,7157.0,MutNovel,"P98S,0.589"
X-5273,TRAF5,7188.0,MutNovel,"P522L,0.565"
X-5273,TRIM36,55521.0,MutNovel,"G125E,0.722"
X-5273,TRIM46,80128.0,MutNovel,"S405F,0.469"
X-5273,TRIM46,80128.0,MutNovel,"P650L,0.477"
X-5273,TRIM8,81603.0,MutNovel,"E390K,0.383"
X-5273,TRIO,7204.0,MutNovel,"S2299G,0.300"
X-5273,TRIO,7204.0,MutNovel,"S2794F,0.513"
X-5273,TRIP12,9320.0,MutNovel,"D1875N,0.526"
X-5273,TRPC6,7225.0,Amp8,52.71
X-5273,TSC1,7248.0,MutNovel,"L439V,0.644"
X-5273,TSC22D3,1831.0,MutNovel,"L29F,1.000"
X-5273,TSPY1,7258.0,Del0.8,0.23
X-5273,TSPY2,64591.0,Del0.8,0.23
X-5273,TSPY3,728137.0,Del0.8,0.23
X-5273,TSPY4,728395.0,Del0.8,0.23
X-5273,TSPY8,728403.0,Del0.8,0.23
X-5273,TSPYL1,7259.0,MutNovel,"V176VW,0.469"
X-5273,TTBK2,146057.0,MutNovel,"G850R,0.455"
X-5273,TTC21A,199223.0,MutNovel,"H571Y,0.500"
X-5273,TTC25,83538.0,MutNovel,"R65K,0.421"
X-5273,TTC28,23331.0,MutNovel,"G2196R,0.475"
X-5273,TTLL1,25809.0,MutNovel,"E176K,0.387"
X-5273,TTLL5,23093.0,MutNovel,"P841L,0.318"
X-5273,TTLL7,79739.0,MutNovel,"S646F,0.304"
X-5273,TTTY10,246119.0,Del0.8,0.23
X-5273,TTTY11,83866.0,Del0.8,0.23
X-5273,TTTY12,83867.0,Del0.8,0.23
X-5273,TTTY13,83868.0,Del0.8,0.23
X-5273,TTTY14,83869.0,Del0.8,0.23
X-5273,TTTY15,64595.0,Del0.8,0.23
X-5273,TTTY16,252948.0,Del0.8,0.23
X-5273,TTTY17A,252949.0,Del0.8,0.18
X-5273,TTTY17A,252949.0,Del0.8,0.3
X-5273,TTTY18,252950.0,Del0.8,0.23
X-5273,TTTY19,252952.0,Del0.8,0.23
X-5273,TTTY1B,100101116.0,Del0.8,0.23
X-5273,TTTY1B,100101116.0,Del0.8,0.23
X-5273,TTTY2,60439.0,Del0.8,0.23
X-5273,TTTY2,60439.0,Del0.8,0.23
X-5273,TTTY20,252951.0,Del0.8,0.23
X-5273,TTTY21,252953.0,Del0.8,0.23
X-5273,TTTY21,252953.0,Del0.8,0.23
X-5273,TTTY22,252954.0,Del0.8,0.23
X-5273,TTTY23,252955.0,Del0.8,0.23
X-5273,TTTY23,252955.0,Del0.8,0.23
X-5273,TTTY3,114760.0,Del0.8,0.18
X-5273,TTTY3,114760.0,Del0.8,0.13
X-5273,TTTY4,114761.0,Del0.8,0.12
X-5273,TTTY4,114761.0,Del0.8,0.07
X-5273,TTTY5,83863.0,Del0.8,0.23
X-5273,TTTY6,84672.0,Del0.8,0.23
X-5273,TTTY6,84672.0,Del0.8,0.23
X-5273,TTTY7,246122.0,Del0.8,0.23
X-5273,TTTY7,246122.0,Del0.8,0.23
X-5273,TTTY7B,100101120.0,Del0.8,0.23
X-5273,TTTY7B,100101120.0,Del0.8,0.23
X-5273,TTTY8,84673.0,Del0.8,0.23
X-5273,TTTY8,84673.0,Del0.8,0.23
X-5273,TTTY9A,83864.0,Del0.8,0.23
X-5273,TTTY9A,83864.0,Del0.8,0.23
X-5273,TUBB3,10381.0,MutKnownFunctional,"W21*,0.510"
X-5273,TWF1,5756.0,MutNovel,"R285C,0.464"
X-5273,TXLNA,200081.0,MutNovel,"Y116C,0.314"
X-5273,TXLNG2P,246126.0,Del0.8,0.23
X-5273,TYW1,55253.0,MutNovel,"G274R,0.663"
X-5273,UBE3C,9690.0,MutNovel,"S193L,0.598"
X-5273,UBE4A,9354.0,MutNovel,"E870D,0.488"
X-5273,UBE4B,10277.0,MutNovel,"S576F,0.517"
X-5273,UBR4,23352.0,MutNovel,"E3924K,0.473"
X-5273,UBXN7,26043.0,MutNovel,"P82S,0.440"
X-5273,UFD1L,7353.0,MutNovel,"N71I,0.527"
X-5273,ULK2,9706.0,MutNovel,"R163C,1.000"
X-5273,UPF2,26019.0,MutNovel,"S1192F,0.380"
X-5273,UPK3BL,,MutNovel,"P106S,0.375"
X-5273,URB1,9875.0,MutNovel,"F1943L,0.270"
X-5273,URB1,9875.0,MutNovel,"R1931K,0.406"
X-5273,UROD,7389.0,MutNovel,"P343L,0.497"
X-5273,USP10,9100.0,MutKnownFunctional,"R730*,0.425"
X-5273,USP15,9958.0,MutNovel,"P868L,0.477"
X-5273,USP36,57602.0,MutNovel,"KKK958K,0.395"
X-5273,USP42,84132.0,MutNovel,"L113F,0.500"
X-5273,USP54,159195.0,MutNovel,"P1165L,0.325"
X-5273,USP9Y,8287.0,Del0.8,0.23
X-5273,UTP11L,51118.0,MutNovel,"H124Y,0.514"
X-5273,UTY,7404.0,Del0.8,0.23
X-5273,VCAN,1462.0,MutNovel,"S3370F,0.551"
X-5273,VCY,9084.0,Del0.8,0.23
X-5273,VCY,9084.0,Del0.8,0.23
X-5273,VGLL4,9686.0,MutNovel,"R167Q,0.539"
X-5273,VPS4A,27183.0,MutNovel,"E137K,0.454"
X-5273,WASF3,10810.0,MutNovel,"S221F,0.453"
X-5273,WBSCR16,81554.0,MutNovel,"A297V,0.667"
X-5273,WDFY3,23001.0,MutNovel,"G2287R,1.000"
X-5273,WDR17,116966.0,MutNovel,"P1312S,1.000"
X-5273,WDR19,57728.0,MutNovel,"R1320K,0.515"
X-5273,WDR82,80335.0,MutNovel,"S212F,0.469"
X-5273,WDR96,80217.0,MutNovel,"P252S,0.692"
X-5273,WHSC1,7468.0,MutNovel,"P439S,0.477"
X-5273,WHSC2,7469.0,MutNovel,"S352F,0.445"
X-5273,WIZ,58525.0,MutNovel,"R723W,0.535"
X-5273,WIZ,58525.0,MutNovel,"P628S,0.557"
X-5273,WNK1,65125.0,MutNovel,"P2370S,0.531"
X-5273,WRN,7486.0,MutNovel,"D396N,0.430"
X-5273,XAB2,56949.0,MutNovel,"S229F,0.479"
X-5273,XIRP2,129446.0,MutNovel,"E3101K,0.784"
X-5273,XKRY2,353515.0,Del0.8,0.23
X-5273,XKRY2,353515.0,Del0.8,0.23
X-5273,XPO1,7514.0,MutNovel,"V421A,0.501"
X-5273,XPO4,64328.0,MutNovel,"G586E,0.609"
X-5273,XPO5,57510.0,MutNovel,"E1189K,0.437"
X-5273,XPO6,23214.0,MutNovel,"L238F,0.558"
X-5273,XPO6,23214.0,MutNovel,"L95F,0.483"
X-5273,XRRA1,143570.0,MutNovel,"D557N,0.227"
X-5273,XRRA1,143570.0,MutNovel,"A54T,0.250"
X-5273,YAP1,10413.0,Amp8,44.94
X-5273,YIPF6,286451.0,MutNovel,"P160L,1.000"
X-5273,YTHDC2,64848.0,MutNovel,"S504T,0.562"
X-5273,YY1AP1,55249.0,MutNovel,"P723L,0.827"
X-5273,ZBED4,9889.0,MutNovel,"P1054L,0.561"
X-5273,ZBTB40,9923.0,MutNovel,"L688F,0.615"
X-5273,ZBTB40,9923.0,MutNovel,"E1076D,0.326"
X-5273,ZBTB8A,653121.0,MutNovel,"P218L,0.600"
X-5273,ZC3H4,23211.0,MutNovel,"A1100T,0.497"
X-5273,ZC3H4,23211.0,MutNovel,"P554L,0.750"
X-5273,ZC3H8,84524.0,MutNovel,"P172L,0.532"
X-5273,ZCCHC6,79670.0,MutNovel,"E859G,0.358"
X-5273,ZDBF2,57683.0,MutNovel,"E1063K,0.261"
X-5273,ZEB1,6935.0,MutNovel,"G579E,0.453"
X-5273,ZFP82,284406.0,MutNovel,"P169L,0.667"
X-5273,ZFY,7544.0,Del0.8,0.23
X-5273,ZFYVE20,64145.0,MutNovel,"E95K,0.529"
X-5273,ZKSCAN3,80317.0,MutNovel,"G516D,0.464"
X-5273,ZMYM1,79830.0,MutNovel,"E985K,0.312"
X-5273,ZNF167,55888.0,MutNovel,"L281W,1.000"
X-5273,ZNF184,7738.0,MutNovel,"P402L,0.545"
X-5273,ZNF254,9534.0,MutNovel,"P247S,0.417"
X-5273,ZNF274,10782.0,MutNovel,"G569E,0.423"
X-5273,ZNF275,10838.0,MutNovel,"P264L,1.000"
X-5273,ZNF335,63925.0,MutNovel,"P522S,0.452"
X-5273,ZNF33B,7582.0,MutNovel,"P384F,0.548"
X-5273,ZNF384,171017.0,MutNovel,"QQ514Q,0.223"
X-5273,ZNF385A,25946.0,MutNovel,"P39S,0.667"
X-5273,ZNF408,79797.0,MutNovel,"P495F,0.478"
X-5273,ZNF418,147686.0,MutNovel,"S380T,0.429"
X-5273,ZNF420,147923.0,MutNovel,"R430C,0.381"
X-5273,ZNF441,126068.0,MutNovel,"P102S,0.625"
X-5273,ZNF441,126068.0,MutNovel,"P234S,0.467"
X-5273,ZNF490,57474.0,MutNovel,"T299I,0.545"
X-5273,ZNF526,116115.0,MutNovel,"G629E,0.504"
X-5273,ZNF57,126295.0,MutNovel,"C179F,0.650"
X-5273,ZNF575,284346.0,MutKnownFunctional,"R89*,0.667"
X-5273,ZNF626,199777.0,MutNovel,"T355I,1.000"
X-5273,ZNF678,339500.0,MutNovel,"G540A,0.308"
X-5273,ZNF688,146542.0,MutNovel,"L35F,0.429"
X-5273,ZNF691,51058.0,MutNovel,"P65S,0.412"
X-5273,ZNF763,284390.0,MutNovel,"P62S,0.429"
X-5273,ZNF763,284390.0,MutNovel,"G72E,0.333"
X-5273,ZNF77,58492.0,MutNovel,"A332V,0.333"
X-5273,ZNF772,400720.0,MutNovel,"A4GP,0.600"
X-5273,ZNF775,285971.0,MutNovel,"P263L,0.538"
X-5273,ZNF778,197320.0,MutKnownFunctional,"CQ186C*,0.368"
X-5273,ZNF780B,163131.0,MutKnownFunctional,"Q688*,0.538"
X-5273,ZNF8,7554.0,MutNovel,"H279Y,0.382"
X-5273,ZNF865,100507290.0,MutNovel,"R438W,0.478"
X-5273,ZNRF3,84133.0,MutNovel,"S590F,0.471"
X-5273,ZRANB3,84083.0,MutNovel,"S670F,0.438"
X-5273,ZSCAN21,7589.0,MutNovel,"S226F,0.400"
X-5273,ZSWIM4,65249.0,MutNovel,"K149R,0.550"
X-5273,ZSWIM5,57643.0,MutNovel,"P142S,1.000"
X-5273,ZW10,9183.0,MutNovel,"H263Y,0.407"
X-5316,ADAMTS2,9509.0,MutNovel,"-24C,0.864"
X-5316,ADCY9,115.0,MutNovel,"M338V,0.400"
X-5316,AMELY,266.0,Del0.8,0.25
X-5316,AP3B1,8546.0,MutNovel,"KK803K,0.439"
X-5316,ARHGAP23,57636.0,MutNovel,"A391S,1.000"
X-5316,ART5,116969.0,MutNovel,"-25P,1.000"
X-5316,ARV1,64801.0,MutKnownFunctional,"-170?,0.409"
X-5316,ASPN,54829.0,MutNovel,"DE51E,0.500"
X-5316,ATRX,546.0,MutNovel,"V2180A,0.985"
X-5316,B4GALT2,8704.0,MutNovel,"P18L,0.576"
X-5316,BAZ1A,11177.0,MutNovel,"N962S,1.000"
X-5316,BCORP1,286554.0,Del0.8,0.22
X-5316,BMP2K,55589.0,MutNovel,"G213R,0.244"
X-5316,BOP1,23246.0,Amp5,5.5
X-5316,BPIFB4,149954.0,MutNovel,"P465S,0.600"
X-5316,BPY2B,442867.0,Del0.8,0.12
X-5316,BPY2B,442867.0,Del0.8,0.07
X-5316,BRD2,6046.0,MutNovel,"A49C,0.482"
X-5316,BTN3A3,10384.0,MutNovel,"V399L,0.544"
X-5316,BZRAP1,9256.0,MutNovel,"P813L,0.429"
X-5316,C12orf35,55196.0,MutNovel,"P277-,0.889"
X-5316,C14orf126,112487.0,MutNovel,"D28N,0.267"
X-5316,C14orf43,91748.0,Del0.8,0.73
X-5316,C19orf68,,MutNovel,"R140C,0.615"
X-5316,C21orf58,54058.0,MutNovel,"H299PN,1.000"
X-5316,C2orf27A,29798.0,MutNovel,"R19L,0.209"
X-5316,CARHSP1,23589.0,Del0.8,0.56
X-5316,CDY1B,253175.0,Del0.8,0.22
X-5316,CDY1B,253175.0,Del0.8,0.13
X-5316,CDY2A,9426.0,Del0.8,0.14
X-5316,CDY2A,9426.0,Del0.8,0.14
X-5316,CDY2B,203611.0,Del0.8,0.14
X-5316,CDY2B,203611.0,Del0.8,0.14
X-5316,CENPE,1062.0,MutKnownFunctional,"Q28*,0.857"
X-5316,CFHR3,10878.0,MutNovel,"NS108KS,1.000"
X-5316,CFHR3,10878.0,MutNovel,"E111D,1.000"
X-5316,CFHR3,10878.0,MutNovel,"G119A,1.000"
X-5316,CHEK1,1111.0,MutNovel,"R160H,0.432"
X-5316,CHEK2,11200.0,MutNovel,"P552S,0.583"
X-5316,CHST15,51363.0,MutKnownFunctional,"-456,1.000"
X-5316,CIC,23152.0,MutNovel,"G1556V,0.476"
X-5316,CLEC18C,283971.0,MutNovel,"A118V,0.800"
X-5316,CLIC1,1192.0,MutNovel,"E4Q,0.247"
X-5316,CLIP3,25999.0,MutNovel,"D118V,0.259"
X-5316,CNTNAP4,85445.0,MutKnownFunctional,"-15?,1.000"
X-5316,COPZ2,51226.0,MutKnownFunctional,"-6?,1.000"
X-5316,CSPG4P1Y,114758.0,Del0.8,0.22
X-5316,CSPG4P1Y,114758.0,Del0.8,0.32
X-5316,CTSA,5476.0,MutNovel,"L29-,0.447"
X-5316,DAZ1,1617.0,Del0.8,0.22
X-5316,DAZ2,57055.0,Del0.8,0.14
X-5316,DAZ3,57054.0,Del0.8,0.12
X-5316,DAZ3,57054.0,Del0.8,0.07
X-5316,DAZ4,57135.0,Del0.8,0.15
X-5316,DAZ4,57135.0,Del0.8,0.1
X-5316,DDX3Y,8653.0,Del0.8,0.25
X-5316,DENND4B,9909.0,MutNovel,"QQQ908-,1.000"
X-5316,DIMT1,27292.0,MutNovel,"R184H,0.692"
X-5316,DNAL1,83544.0,Del0.8,0.73
X-5316,EIF1AY,9086.0,Del0.8,0.22
X-5316,EIF2C2,27161.0,Amp5,5.13
X-5316,EPM2A,7957.0,MutNovel,"Q55K,1.000"
X-5316,ESF1,51575.0,MutKnownFunctional,"-171?,0.400"
X-5316,FAM197Y2P,252946.0,Del0.8,0.25
X-5316,FAM203A,51236.0,Amp5,5.5
X-5316,FAM41AY1,340618.0,Del0.8,0.25
X-5316,FAM41AY1,340618.0,Del0.8,0.14
X-5316,FBRSL1,57666.0,MutNovel,"A293T,0.594"
X-5316,FBXW5,54461.0,MutNovel,"I495T,0.488"
X-5316,FNDC1,84624.0,MutNovel,"ATTRRTT1471A,1.000"
X-5316,GBF1,8729.0,MutNovel,"M375T,0.560"
X-5316,GLUD2,2747.0,MutNovel,"G35R,1.000"
X-5316,GOLGA2P2Y,84559.0,Del0.8,0.22
X-5316,GOLGA2P2Y,84559.0,Del0.8,0.32
X-5316,GOLGB1,2804.0,MutNovel,"E2338Q,0.298"
X-5316,GPR125,166647.0,MutNovel,"P18R,0.500"
X-5316,GPR162,27239.0,MutNovel,"G390R,0.542"
X-5316,GSPT1,2935.0,MutNovel,"G16AAG,0.250"
X-5316,GSTT1,2952.0,Amp5,5.03
X-5316,GSTTP1,25774.0,Amp5,5.03
X-5316,GYG2P1,352887.0,Del0.8,0.25
X-5316,HEATR7A,727957.0,Amp5,5.5
X-5316,HEMK1,51409.0,MutKnownFunctional,"K286*,0.276"
X-5316,HIVEP2,3097.0,MutNovel,"V325M,0.733"
X-5316,HMMR,3161.0,MutKnownFunctional,"-665?,0.400"
X-5316,HSF1,3297.0,Amp5,5.5
X-5316,HSFY2,159119.0,Del0.8,0.14
X-5316,HSFY2,159119.0,Del0.8,0.14
X-5316,HTRA2,27429.0,MutNovel,"L192V,1.000"
X-5316,IL15,3600.0,MutNovel,"N160D,0.388"
X-5316,JAK3,3718.0,MutNovel,"H463Y,0.429"
X-5316,JMJD4,65094.0,MutNovel,"K166E,0.985"
X-5316,KDM5D,8284.0,Del0.8,0.22
X-5316,KIAA1429,25962.0,MutNovel,"R1381Q,0.716"
X-5316,KIAA1919,91749.0,MutNovel,"L182Y,0.818"
X-5316,KIF20B,9585.0,MutNovel,"L1062LKV,0.211"
X-5316,KLHL24,54800.0,MutNovel,"V233I,0.472"
X-5316,LCE3C,353144.0,Del0.8,0.29
X-5316,LMNA,4000.0,MutNovel,"T528M,0.676"
X-5316,LOC100132247,100132247.0,MutNovel,"R1024H,0.667"
X-5316,LOC100996433,,MutNovel,"E20K,0.308"
X-5316,LOC100996433,,MutNovel,"G63R,0.276"
X-5316,LOC100996433,,MutNovel,"R80S,0.450"
X-5316,LOC100996433,,MutNovel,"R231G,1.000"
X-5316,LOC100996433,,MutNovel,"T291R,0.250"
X-5316,LOC391322,391322.0,Amp5,5.03
X-5316,LOC646813,646813.0,Del0.8,0.49
X-5316,LOXL2,4017.0,MutNovel,"T223M,0.411"
X-5316,LRRC28,123355.0,MutNovel,"G264A,0.899"
X-5316,LTBP3,4054.0,MutNovel,"L35LCW,0.381"
X-5316,LZTR1,8216.0,MutNovel,"Y126H,0.290"
X-5316,MAGEA3,4102.0,MutNovel,"C10Y,0.333"
X-5316,MAGEA6,4105.0,MutNovel,"C10Y,0.571"
X-5316,MAP3K4,4216.0,MutNovel,"PA1189P,1.000"
X-5316,MED15,51586.0,MutNovel,"-251Q,0.474"
X-5316,MEF2A,4205.0,MutNovel,"QQ412-,0.893"
X-5316,MEOX2,4223.0,MutNovel,"HH76H,0.880"
X-5316,MIR4505,100616158.0,Del0.8,0.73
X-5316,MPRIP,23164.0,MutNovel,"TS178T,0.444"
X-5316,MVD,4597.0,MutNovel,"R226W,0.368"
X-5316,MXRA8,54587.0,MutNovel,"A41T,0.512"
X-5316,MYBL1,4603.0,MutKnownFunctional,"-420?,0.375"
X-5316,N4BP1,9683.0,MutNovel,"M845T,0.610"
X-5316,NANOS1,340719.0,MutNovel,"P34T,0.533"
X-5316,NBEA,26960.0,MutNovel,"R343Q,0.667"
X-5316,NBPF6,653149.0,MutNovel,"G517E,1.000"
X-5316,NBPF9,400818.0,MutNovel,"Q184R,1.000"
X-5316,NCOR2,9612.0,MutNovel,"G1839GAAA,0.980"
X-5316,NCOR2,9612.0,MutNovel,"-511S,0.857"
X-5316,NCRNA00185,55410.0,Del0.8,0.22
X-5316,NLGN4Y,22829.0,Del0.8,0.25
X-5316,OR11H12,440153.0,MutNovel,"P148L,1.000"
X-5316,OR4M2,390538.0,MutNovel,"M239V,1.000"
X-5316,OR52N5,390075.0,Del0.8,0.64
X-5316,ORAI1,84876.0,MutNovel,"PP43-,1.000"
X-5316,PCDH11Y,83259.0,Del0.8,0.35
X-5316,PCDHB10,56126.0,MutNovel,"T487N,0.450"
X-5316,PCDHB4,56131.0,MutNovel,"I300T,0.750"
X-5316,PCDHB6,56130.0,MutNovel,"S524A,0.800"
X-5316,PCDHB6,56130.0,MutNovel,"G530S,0.500"
X-5316,PCDHGB7,56099.0,MutNovel,"G325R,0.840"
X-5316,PDE4DIP,9659.0,MutNovel,"S2238N,0.513"
X-5316,PHLDA1,22822.0,MutNovel,"QQ194Q,1.000"
X-5316,PIEZO1,9780.0,MutNovel,"L939M,0.711"
X-5316,PLEC,5339.0,MutNovel,"R1540Q,0.353"
X-5316,PMM2,5373.0,Del0.8,0.34
X-5316,PNMA1,9240.0,Del0.8,0.73
X-5316,PPP1R37,284352.0,MutNovel,"Y195C,0.203"
X-5316,PRKY,5616.0,Del0.8,0.25
X-5316,PRRC2B,84726.0,MutNovel,"A1506S,0.203"
X-5316,PRY,9081.0,Del0.8,0.22
X-5316,PRY,9081.0,Del0.8,0.22
X-5316,PRY2,442862.0,Del0.8,0.22
X-5316,PRY2,442862.0,Del0.8,0.22
X-5316,PTPRU,10076.0,MutNovel,"E31G,0.750"
X-5316,PWWP2A,114825.0,MutNovel,"Y664H,0.667"
X-5316,RBM19,9904.0,MutNovel,"V463M,0.288"
X-5316,RBMX,27316.0,MutNovel,"Y187-,1.000"
X-5316,RBMY1A3P,286557.0,Del0.8,0.25
X-5316,RBMY1B,378948.0,Del0.8,0.22
X-5316,RBMY1B,378948.0,Del0.8,0.22
X-5316,RBMY1E,378950.0,Del0.8,0.22
X-5316,RBMY1E,378950.0,Del0.8,0.22
X-5316,RBMY1F,159163.0,Del0.8,0.22
X-5316,RBMY1F,159163.0,Del0.8,0.22
X-5316,RBMY1J,378951.0,Del0.8,0.22
X-5316,RBMY1J,378951.0,Del0.8,0.22
X-5316,RBMY2EP,159125.0,Del0.8,0.22
X-5316,RBMY2FP,159162.0,Del0.8,0.22
X-5316,RBMY3AP,64593.0,Del0.8,0.25
X-5316,RPS4Y1,6192.0,Del0.8,0.35
X-5316,RPS4Y2,140032.0,Del0.8,0.22
X-5316,SAA2-SAA4,100528017.0,MutNovel,"V75A,0.268"
X-5316,SAA2-SAA4,100528017.0,MutNovel,"A70V,0.304"
X-5316,SAA2-SAA4,100528017.0,MutNovel,"S15G,0.547"
X-5316,SAFB2,9667.0,MutNovel,"G890E,0.693"
X-5316,SCXA,100129885.0,Amp5,5.5
X-5316,SEC16A,9919.0,MutNovel,"SGA369-,0.611"
X-5316,SERINC2,347735.0,MutNovel,"-373Q,1.000"
X-5316,SNAPC4,6621.0,MutNovel,"S542-,0.367"
X-5316,SPEG,10290.0,MutKnownFunctional,"R2990*,0.368"
X-5316,SRFBP1,153443.0,MutKnownFunctional,"-234?,0.269"
X-5316,SRRM2,23524.0,MutNovel,"P296A,0.271"
X-5316,SRY,6736.0,Del0.8,0.35
X-5316,ST20-MTHFS,100528021.0,MutNovel,"F151S,0.700"
X-5316,SUSD1,64420.0,MutNovel,"R379C,0.314"
X-5316,SYNGR1,9145.0,MutNovel,"D145Y,0.231"
X-5316,TBL1Y,90665.0,Del0.8,0.25
X-5316,TEKT4,150483.0,MutNovel,"R424C,1.000"
X-5316,TGIF2LY,90655.0,Del0.8,0.35
X-5316,TMSB4Y,9087.0,Del0.8,0.25
X-5316,TRIM59,286827.0,MutNovel,"K399Q,0.341"
X-5316,TSPY1,7258.0,Del0.8,0.25
X-5316,TSPY2,64591.0,Del0.8,0.12
X-5316,TSPY3,728137.0,Del0.8,0.25
X-5316,TSPY4,728395.0,Del0.8,0.25
X-5316,TSPY8,728403.0,Del0.8,0.25
X-5316,TSPYL1,7259.0,MutNovel,"V176VW,1.000"
X-5316,TSTD2,158427.0,MutNovel,"R406C,0.452"
X-5316,TTLL7,79739.0,MutNovel,"P871S,0.667"
X-5316,TTTY10,246119.0,Del0.8,0.22
X-5316,TTTY11,83866.0,Del0.8,0.25
X-5316,TTTY12,83867.0,Del0.8,0.25
X-5316,TTTY13,83868.0,Del0.8,0.22
X-5316,TTTY14,83869.0,Del0.8,0.22
X-5316,TTTY15,64595.0,Del0.8,0.25
X-5316,TTTY16,252948.0,Del0.8,0.25
X-5316,TTTY17A,252949.0,Del0.8,0.32
X-5316,TTTY17A,252949.0,Del0.8,0.22
X-5316,TTTY18,252950.0,Del0.8,0.25
X-5316,TTTY19,252952.0,Del0.8,0.25
X-5316,TTTY1B,100101116.0,Del0.8,0.12
X-5316,TTTY1B,100101116.0,Del0.8,0.25
X-5316,TTTY2,60439.0,Del0.8,0.18
X-5316,TTTY2,60439.0,Del0.8,0.25
X-5316,TTTY20,252951.0,Del0.8,0.25
X-5316,TTTY21,252953.0,Del0.8,0.25
X-5316,TTTY21,252953.0,Del0.8,0.25
X-5316,TTTY22,252954.0,Del0.8,0.25
X-5316,TTTY23,252955.0,Del0.8,0.25
X-5316,TTTY23,252955.0,Del0.8,0.35
X-5316,TTTY3,114760.0,Del0.8,0.13
X-5316,TTTY3,114760.0,Del0.8,0.22
X-5316,TTTY4,114761.0,Del0.8,0.07
X-5316,TTTY4,114761.0,Del0.8,0.12
X-5316,TTTY5,83863.0,Del0.8,0.22
X-5316,TTTY6,84672.0,Del0.8,0.22
X-5316,TTTY6,84672.0,Del0.8,0.22
X-5316,TTTY7,246122.0,Del0.8,0.25
X-5316,TTTY7,246122.0,Del0.8,0.25
X-5316,TTTY7B,100101120.0,Del0.8,0.25
X-5316,TTTY7B,100101120.0,Del0.8,0.25
X-5316,TTTY8,84673.0,Del0.8,0.25
X-5316,TTTY8,84673.0,Del0.8,0.25
X-5316,TTTY9A,83864.0,Del0.8,0.14
X-5316,TTTY9A,83864.0,Del0.8,0.14
X-5316,TUBGCP2,10844.0,MutNovel,"S225P,0.390"
X-5316,TUFM,7284.0,MutNovel,"G29D,0.452"
X-5316,TXLNG2P,246126.0,Del0.8,0.22
X-5316,UNK,85451.0,MutNovel,"D115Y,0.562"
X-5316,USP36,57602.0,MutNovel,"KKK958K,1.000"
X-5316,USP7,7874.0,Del0.8,0.3
X-5316,USP9Y,8287.0,Del0.8,0.25
X-5316,UTY,7404.0,MutNovel,"S1024L,0.500"
X-5316,UTY,7404.0,MutNovel,"P1022G,0.500"
X-5316,UTY,7404.0,MutNovel,"S1020I,0.500"
X-5316,UTY,7404.0,MutNovel,"H1018R,0.500"
X-5316,UTY,7404.0,MutNovel,"R1015F,0.500"
X-5316,UTY,7404.0,MutNovel,"G1012W,0.500"
X-5316,UTY,7404.0,MutNovel,"P1009S,0.400"
X-5316,UTY,7404.0,MutNovel,"SL1005LL,0.400"
X-5316,UTY,7404.0,MutNovel,"S1004R,0.400"
X-5316,UTY,7404.0,MutNovel,"Q999H,0.400"
X-5316,UTY,7404.0,MutNovel,"N1006P,0.750"
X-5316,UTY,7404.0,MutNovel,"CT1004NS,0.750"
X-5316,UTY,7404.0,MutNovel,"QF1002HT,0.750"
X-5316,UTY,7404.0,MutNovel,"HQ1001QT,0.778"
X-5316,UTY,7404.0,MutNovel,"T566S,0.286"
X-5316,UTY,7404.0,MutNovel,"V564H,0.333"
X-5316,UTY,7404.0,MutNovel,"TP518IK,1.000"
X-5316,UTY,7404.0,MutNovel,"CL516WH,1.000"
X-5316,UTY,7404.0,MutNovel,"MD353RS,0.333"
X-5316,UTY,7404.0,MutNovel,"A341D,0.667"
X-5316,UTY,7404.0,MutNovel,"I339V,0.667"
X-5316,UTY,7404.0,MutNovel,"D333E,1.000"
X-5316,UTY,7404.0,MutNovel,"Q326K,1.000"
X-5316,UTY,7404.0,MutNovel,"W318C,1.000"
X-5316,UTY,7404.0,MutNovel,"E312D,1.000"
X-5316,UTY,7404.0,MutNovel,"K310W,1.000"
X-5316,UTY,7404.0,MutNovel,"DA299VS,1.000"
X-5316,UTY,7404.0,MutNovel,"Q298T,1.000"
X-5316,UTY,7404.0,MutNovel,"KV296SL,1.000"
X-5316,UTY,7404.0,MutKnownFunctional,"SL273*R,1.000"
X-5316,UTY,7404.0,MutNovel,"S273P,1.000"
X-5316,UTY,7404.0,MutNovel,"Q271A,1.000"
X-5316,UTY,7404.0,MutNovel,"MH249ST,0.600"
X-5316,UTY,7404.0,MutNovel,"WM248PL,0.500"
X-5316,UTY,7404.0,MutNovel,"G247D,0.600"
X-5316,UTY,7404.0,MutNovel,"LG246CS,0.600"
X-5316,UTY,7404.0,MutNovel,"Q245C,0.600"
X-5316,UTY,7404.0,MutNovel,"Q244I,0.600"
X-5316,UTY,7404.0,MutNovel,"V242A,0.600"
X-5316,UTY,7404.0,MutNovel,"AT240QS,0.600"
X-5316,UTY,7404.0,MutNovel,"K239F,0.600"
X-5316,UTY,7404.0,MutNovel,"V238Q,0.600"
X-5316,UTY,7404.0,MutNovel,"AQ236VK,0.750"
X-5316,UTY,7404.0,MutNovel,"P235S,0.750"
X-5316,UTY,7404.0,MutNovel,"N233T,0.750"
X-5316,UTY,7404.0,MutKnownFunctional,"TE231D*,1.000"
X-5316,UTY,7404.0,MutNovel,"LQ229FT,1.000"
X-5316,UTY,7404.0,MutNovel,"L229K,1.000"
X-5316,UTY,7404.0,MutNovel,"L228V,1.000"
X-5316,UTY,7404.0,MutKnownFunctional,"YE225*F,1.000"
X-5316,UTY,7404.0,MutNovel,"AY224VI,1.000"
X-5316,UTY,7404.0,MutNovel,"A224P,1.000"
X-5316,UTY,7404.0,MutNovel,"K222L,0.750"
X-5316,UTY,7404.0,MutNovel,"A163P,0.500"
X-5316,UTY,7404.0,MutNovel,"C161S,0.500"
X-5316,UTY,7404.0,MutNovel,"V136I,0.667"
X-5316,UTY,7404.0,Del0.8,0.25
X-5316,VCY,9084.0,Del0.8,0.25
X-5316,VCY,9084.0,Del0.8,0.25
X-5316,VEGFB,7423.0,MutNovel,"R187Q,0.419"
X-5316,VEPH1,79674.0,MutNovel,"N512I,0.429"
X-5316,WDR62,284403.0,MutNovel,"A355V,0.615"
X-5316,WFS1,7466.0,MutNovel,"R653H,0.460"
X-5316,XKRY2,353515.0,Del0.8,0.14
X-5316,XKRY2,353515.0,Del0.8,0.14
X-5316,ZBTB6,10773.0,MutNovel,"E155G,0.842"
X-5316,ZDHHC8,29801.0,MutNovel,"V635M,0.349"
X-5316,ZFY,7544.0,Del0.8,0.35
X-5316,ZNF219,51222.0,MutNovel,"QPP233P,1.000"
X-5316,ZNF384,171017.0,MutNovel,"QQ514Q,0.452"
X-5316,ZNF816-ZNF321P,100529240.0,MutNovel,"E5K,1.000"
X-5316,ZXDB,158586.0,MutNovel,"P161A,1.000"
X-5415,AATK,9625.0,MutNovel,"A1332T,0.991"
X-5415,ACOT1,641371.0,Del0.8,0.68
X-5415,ADAM6,8755.0,Amp8,10.06
X-5415,ADI1,55256.0,MutNovel,"G27A,1.000"
X-5415,AGMO,392636.0,MutKnownFunctional,"-21?,0.526"
X-5415,AKAP8,10270.0,MutNovel,"R206H,1.000"
X-5415,AMELY,266.0,Del0.8,0.23
X-5415,ANKRD36,375248.0,MutNovel,"T998S,0.309"
X-5415,ATF7IP,55729.0,MutNovel,"Q1172E,0.376"
X-5415,AUTS2,26053.0,MutNovel,"P4L,0.500"
X-5415,AZI1,22994.0,MutNovel,"V161M,1.000"
X-5415,BACE2,25825.0,MutNovel,"K192R,1.000"
X-5415,BAGE2,,MutNovel,"R30W,0.846"
X-5415,BAHCC1,57597.0,MutNovel,"P1153L,0.995"
X-5415,BCORL1,63035.0,MutNovel,"N739S,1.000"
X-5415,BCORP1,286554.0,Del0.8,0.2
X-5415,BPY2B,442867.0,Del0.8,0.12
X-5415,BPY2B,442867.0,Del0.8,0.07
X-5415,BTNL3,10917.0,Del0.8,0.69
X-5415,BTNL8,79908.0,Del0.8,0.71
X-5415,C17orf97,400566.0,MutNovel,"E230K,1.000"
X-5415,C19orf66,55337.0,MutNovel,"P67L,1.000"
X-5415,C5orf65,389333.0,MutNovel,"P11L,1.000"
X-5415,C7orf50,84310.0,MutNovel,"L179R,0.520"
X-5415,CACNA1H,8912.0,MutNovel,"G2202D,1.000"
X-5415,CASP8AP2,9994.0,MutNovel,"P573R,1.000"
X-5415,CBWD6,644019.0,MutKnownFunctional,"-259?,0.294"
X-5415,CC2D2B,387707.0,MutNovel,"Q197K,1.000"
X-5415,CCDC132,55610.0,MutNovel,"E36K,0.466"
X-5415,CCDC147,159686.0,MutNovel,"Q599R,1.000"
X-5415,CCDC74A,90557.0,MutNovel,"R149H,0.220"
X-5415,CCDC74A,90557.0,MutNovel,"A309V,1.000"
X-5415,CCNA2,890.0,MutNovel,"L299F,1.000"
X-5415,CCR6,1235.0,MutNovel,"A110V,0.667"
X-5415,CDKN2A,1029.0,MutKnownFunctional,"W15*,1.000"
X-5415,CDY1B,253175.0,Del0.8,0.2
X-5415,CDY1B,253175.0,Del0.8,0.13
X-5415,CDY2A,9426.0,Del0.8,0.2
X-5415,CDY2A,9426.0,Del0.8,0.2
X-5415,CDY2B,203611.0,Del0.8,0.2
X-5415,CDY2B,203611.0,Del0.8,0.2
X-5415,CFHR4,10877.0,MutKnownFunctional,"W445*,1.000"
X-5415,CHD2,1106.0,MutKnownFunctional,"-1242?,0.831"
X-5415,CLSTN1,22883.0,MutNovel,"V738M,1.000"
X-5415,CNTNAP3B,728577.0,MutNovel,"G1195R,0.474"
X-5415,CNTROB,116840.0,MutNovel,"G693R,1.000"
X-5415,COQ6,51004.0,Amp5,5.03
X-5415,CPEB2,132864.0,MutNovel,"N298T,1.000"
X-5415,CSPG4P1Y,114758.0,Del0.8,0.2
X-5415,CSPG4P1Y,114758.0,Del0.8,0.27
X-5415,CTSA,5476.0,MutNovel,"L29-,1.000"
X-5415,CYTH1,9267.0,MutNovel,"Q28R,1.000"
X-5415,DACH1,1602.0,MutNovel,"GG82-,1.000"
X-5415,DAZ1,1617.0,Del0.8,0.2
X-5415,DAZ2,57055.0,Del0.8,0.13
X-5415,DAZ3,57054.0,Del0.8,0.07
X-5415,DAZ3,57054.0,Del0.8,0.12
X-5415,DAZ4,57135.0,Del0.8,0.1
X-5415,DAZ4,57135.0,Del0.8,0.14
X-5415,DDX3Y,8653.0,Del0.8,0.2
X-5415,DHRSX,207063.0,MutNovel,"K689G,0.385"
X-5415,DNAH1,25981.0,MutNovel,"E2882K,1.000"
X-5415,DNAH2,146754.0,MutNovel,"F1422S,1.000"
X-5415,DNER,92737.0,MutNovel,"T259S,1.000"
X-5415,DOCK6,57572.0,MutNovel,"R1160C,1.000"
X-5415,EEF2,1938.0,MutNovel,"D703N,0.996"
X-5415,EFNA3,1944.0,MutNovel,"GVGP70-,1.000"
X-5415,EIF1AY,9086.0,Del0.8,0.2
X-5415,EIF4B,1975.0,MutNovel,"RYRDG232R,1.000"
X-5415,ENG,2022.0,MutNovel,"A243T,1.000"
X-5415,ESYT2,57488.0,MutNovel,"V214A,0.448"
X-5415,FAM171B,165215.0,MutNovel,"-44QQ,1.000"
X-5415,FAM197Y2P,252946.0,Del0.8,0.2
X-5415,FAM41AY1,340618.0,Del0.8,0.2
X-5415,FAM41AY1,340618.0,Del0.8,0.2
X-5415,FAM86FP,653113.0,Amp5,5.58
X-5415,FAM90A1,55138.0,Amp8,8.46
X-5415,FLG,2312.0,MutKnownFunctional,"-3379,1.000"
X-5415,FLG,2312.0,MutNovel,"G3378E,0.811"
X-5415,FLG,2312.0,MutNovel,"H2667Q,1.000"
X-5415,FOXRED1,55572.0,MutNovel,"R4M,1.000"
X-5415,FREM2,341640.0,MutNovel,"I2310T,1.000"
X-5415,FUBP1,8880.0,MutNovel,"V7M,0.515"
X-5415,GIGYF2,26058.0,MutNovel,"PQ1231P,1.000"
X-5415,GIMAP7,168537.0,MutNovel,"S170G,1.000"
X-5415,GOLGA2P2Y,84559.0,Del0.8,0.2
X-5415,GOLGA2P2Y,84559.0,Del0.8,0.27
X-5415,GOLGA8E,390535.0,Amp5,7.41
X-5415,GPRIN2,9721.0,MutNovel,"-238MRE,0.615"
X-5415,GTF2IRD2,84163.0,MutNovel,"R716C,0.644"
X-5415,GYG2P1,352887.0,Del0.8,0.2
X-5415,HCN2,610.0,MutNovel,"R76H,1.000"
X-5415,HERC2P2,400322.0,Amp5,7.41
X-5415,HERC2P7,100132101.0,Amp5,7.41
X-5415,HOXA10,3206.0,MutNovel,"G101VAG,1.000"
X-5415,HSFY2,159119.0,Del0.8,0.2
X-5415,HSFY2,159119.0,Del0.8,0.2
X-5415,IDE,3416.0,MutNovel,"G344L,1.000"
X-5415,KALRN,8997.0,MutNovel,"R2141W,0.974"
X-5415,KCNJ14,3770.0,MutNovel,"D117V,1.000"
X-5415,KDM5D,8284.0,Del0.8,0.2
X-5415,KIAA0125,9834.0,Amp5,6.28
X-5415,KIF27,55582.0,MutNovel,"R860Q,1.000"
X-5415,KLK15,55554.0,Del0.8,0.75
X-5415,KLRC1,3821.0,MutNovel,"L145Q,1.000"
X-5415,KLRC1,3821.0,MutNovel,"H101Q,1.000"
X-5415,LENG9,94059.0,MutNovel,"R484H,1.000"
X-5415,LFNG,3955.0,MutKnownFunctional,"-47D?,0.208"
X-5415,LHX9,56956.0,MutNovel,"G333V,1.000"
X-5415,LINC00226,338004.0,Amp8,27.28
X-5415,LOC100144595,,MutNovel,"V102A,0.667"
X-5415,LOC100144595,,MutNovel,"Y56H,0.833"
X-5415,LOC100287036,100287036.0,MutKnownFunctional,"C92*,1.000"
X-5415,LOC100287290,,MutNovel,"T7A,1.000"
X-5415,LOC100287633,,MutNovel,"K82E,0.554"
X-5415,LOC100288332,,MutNovel,"RL269CV,0.429"
X-5415,LOC100288332,,MutNovel,"R269C,1.000"
X-5415,LOC100505906,,MutNovel,"G125D,1.000"
X-5415,LONRF2,164832.0,MutNovel,"A131T,1.000"
X-5415,LSR,51599.0,MutNovel,"G518GR,1.000"
X-5415,MAGEC1,9947.0,MutNovel,"P239R,0.204"
X-5415,MAGI1,9223.0,MutNovel,"Q421HR,1.000"
X-5415,MAK,4117.0,MutNovel,"H296D,0.613"
X-5415,MAZ,4150.0,MutNovel,"-436AA,1.000"
X-5415,MEF2A,4205.0,MutNovel,"QQ412-,1.000"
X-5415,MEN1,4221.0,MutKnownFunctional,"-75,1.000"
X-5415,MET,4233.0,MutNovel,"N1131S,0.359"
X-5415,METTL12,751071.0,MutNovel,"S136L,1.000"
X-5415,MFHAS1,9258.0,MutNovel,"G38E,1.000"
X-5415,MLL3,58508.0,MutNovel,"P2281R,0.542"
X-5415,MPRIP,23164.0,MutNovel,"TS178T,1.000"
X-5415,MRPL46,26589.0,MutNovel,"Q67R,1.000"
X-5415,MUC19,,MutNovel,"G3904D,1.000"
X-5415,MUC19,,MutNovel,"S5300I,1.000"
X-5415,MUC19,,MutNovel,"G5522S,1.000"
X-5415,MYCBPAP,84073.0,MutNovel,"R953H,1.000"
X-5415,MYH4,4622.0,MutNovel,"E510D,0.833"
X-5415,MYO1A,4640.0,MutNovel,"S728P,0.667"
X-5415,MYO5A,4644.0,MutNovel,"Y1659S,1.000"
X-5415,MYOM1,8736.0,MutNovel,"E994G,1.000"
X-5415,NACAD,23148.0,MutNovel,"A841V,0.364"
X-5415,NACAD,23148.0,MutNovel,"S667P,0.267"
X-5415,NADK,65220.0,MutNovel,"S64C,1.000"
X-5415,NAV2,89797.0,MutNovel,"A1246T,1.000"
X-5415,NAV3,89795.0,MutNovel,"S224R,0.667"
X-5415,NBPF14,25832.0,MutNovel,"NS843SG,1.000"
X-5415,NCOA3,8202.0,MutNovel,"Q1255-,1.000"
X-5415,NCOR2,9612.0,MutNovel,"G1839GAAA,0.973"
X-5415,NCRNA00185,55410.0,Del0.8,0.2
X-5415,NECAB2,54550.0,MutNovel,"Q23L,1.000"
X-5415,NEK8,284086.0,MutNovel,"A79T,1.000"
X-5415,NF1,4763.0,MutKnownFunctional,"L210*,1.000"
X-5415,NF1,4763.0,MutNovel,"Q1033R,0.268"
X-5415,NLGN4Y,22829.0,Del0.8,0.2
X-5415,NPEPPS,9520.0,MutNovel,"L601F,1.000"
X-5415,NPIPL3,23117.0,MutNovel,"F885L,0.308"
X-5415,ODF2,4957.0,MutNovel,"Q613E,1.000"
X-5415,OLFM2,93145.0,MutNovel,"Q21H,1.000"
X-5415,ORAI1,84876.0,MutNovel,"PP43-,1.000"
X-5415,OTUD7B,56957.0,MutNovel,"KK552K,1.000"
X-5415,PANX2,56666.0,MutNovel,"P578S,1.000"
X-5415,PCCB,5096.0,MutNovel,"G520E,0.513"
X-5415,PCDH11Y,83259.0,Del0.8,0.29
X-5415,PCDH12,51294.0,MutNovel,"R1182TAAG,1.000"
X-5415,PCDHB13,56123.0,MutNovel,"C714G,1.000"
X-5415,PCDHB6,56130.0,MutNovel,"S524A,0.600"
X-5415,PCDHB6,56130.0,MutNovel,"G530S,1.000"
X-5415,PCDHB9,56127.0,MutNovel,"W640S,0.219"
X-5415,PDZD7,79955.0,MutNovel,"S784SAA,1.000"
X-5415,PHGR1,644844.0,MutNovel,"G48R,0.844"
X-5415,PHGR1,644844.0,MutNovel,"G48H,0.844"
X-5415,PHLDA1,22822.0,MutNovel,"QQ194Q,1.000"
X-5415,PIGX,54965.0,MutNovel,"Y227C,1.000"
X-5415,PITPNM2,57605.0,MutNovel,"L1340R,1.000"
X-5415,PKD1,5310.0,MutNovel,"R80W,0.256"
X-5415,PLS1,5357.0,MutNovel,"T352I,1.000"
X-5415,POM121C,100101267.0,MutNovel,"V8L,0.215"
X-5415,POTEE,445582.0,MutNovel,"N444D,0.500"
X-5415,POTEE,445582.0,MutNovel,"R573K,0.512"
X-5415,POTEF,728378.0,MutNovel,"R954W,0.833"
X-5415,POTEF,728378.0,MutNovel,"Y918F,0.870"
X-5415,POTEF,728378.0,MutNovel,"M771I,0.478"
X-5415,POTEF,728378.0,MutNovel,"N444D,0.917"
X-5415,POTEF,728378.0,MutNovel,"T434S,0.357"
X-5415,POTEF,728378.0,MutNovel,"I211T,0.824"
X-5415,POTEF,728378.0,MutNovel,"E187G,0.792"
X-5415,POTEF,728378.0,MutNovel,"P153A,0.300"
X-5415,POTEH,23784.0,MutNovel,"V251I,0.750"
X-5415,POTEH,23784.0,MutNovel,"A183T,0.375"
X-5415,POTEH,23784.0,MutNovel,"A33P,1.000"
X-5415,POTEI,,MutNovel,"Y918F,1.000"
X-5415,POTEI,,MutNovel,"M839V,1.000"
X-5415,POTEJ,,MutNovel,"R615W,0.628"
X-5415,POTEJ,,MutNovel,"I738L,0.242"
X-5415,PREX1,57580.0,MutNovel,"R532C,1.000"
X-5415,PRKY,5616.0,Del0.8,0.23
X-5415,PRR19,284338.0,MutNovel,"D44N,1.000"
X-5415,PRY,9081.0,Del0.8,0.2
X-5415,PRY,9081.0,Del0.8,0.2
X-5415,PRY2,442862.0,Del0.8,0.2
X-5415,PRY2,442862.0,Del0.8,0.2
X-5415,RASA4B,,MutNovel,"H737R,0.308"
X-5415,RBMY1A3P,286557.0,Del0.8,0.2
X-5415,RBMY1B,378948.0,Del0.8,0.2
X-5415,RBMY1B,378948.0,Del0.8,0.2
X-5415,RBMY1E,378950.0,Del0.8,0.2
X-5415,RBMY1E,378950.0,Del0.8,0.2
X-5415,RBMY1F,159163.0,Del0.8,0.2
X-5415,RBMY1F,159163.0,Del0.8,0.2
X-5415,RBMY1J,378951.0,Del0.8,0.2
X-5415,RBMY1J,378951.0,Del0.8,0.2
X-5415,RBMY2EP,159125.0,Del0.8,0.2
X-5415,RBMY2FP,159162.0,Del0.8,0.2
X-5415,RBMY3AP,64593.0,Del0.8,0.2
X-5415,RERGL,79785.0,MutNovel,"R103W,1.000"
X-5415,RING1,6015.0,MutNovel,"P348T,0.235"
X-5415,RNF19B,127544.0,MutNovel,"P56T,1.000"
X-5415,RPAP2,79871.0,MutNovel,"E399K,0.226"
X-5415,RPS4Y1,6192.0,Del0.8,0.29
X-5415,RPS4Y2,140032.0,Del0.8,0.2
X-5415,RSPH10B2,728194.0,MutNovel,"Y548C,0.591"
X-5415,RYR3,6263.0,MutNovel,"LE4438L,1.000"
X-5415,SAMD1,90378.0,MutNovel,"G194R,1.000"
X-5415,SAMD11,148398.0,MutNovel,"E369D,1.000"
X-5415,SCN3A,6328.0,MutNovel,"N43D,1.000"
X-5415,SERINC2,347735.0,MutNovel,"-373Q,1.000"
X-5415,SERPINE2,5270.0,MutNovel,"H60Y,1.000"
X-5415,SETD1B,23067.0,MutKnownFunctional,"E206*,1.000"
X-5415,SF3B3,23450.0,MutNovel,"F287I,1.000"
X-5415,SGCE,8910.0,MutNovel,"S432H,0.333"
X-5415,SLC17A3,10786.0,MutNovel,"L472Q,1.000"
X-5415,SLC25A25,114789.0,MutNovel,"V284I,1.000"
X-5415,SLFN11,91607.0,MutNovel,"R31K,0.992"
X-5415,SLITRK3,22865.0,MutKnownFunctional,"-951?,0.250"
X-5415,SLK,9748.0,MutNovel,"K723-,1.000"
X-5415,SMARCAL1,50485.0,MutNovel,"I471T,1.000"
X-5415,SMARCD1,6602.0,MutKnownFunctional,"-298?,1.000"
X-5415,SOGA2,,MutNovel,"I1497T,1.000"
X-5415,SPAG8,26206.0,MutNovel,"GSGPG182G,1.000"
X-5415,SRY,6736.0,Del0.8,0.29
X-5415,STRC,161497.0,MutNovel,"T1565S,0.769"
X-5415,SYCP1,6847.0,MutNovel,"T630R,0.667"
X-5415,TAS2R43,259289.0,Amp5,6.77
X-5415,TBL1Y,90665.0,Del0.8,0.23
X-5415,TBP,6908.0,MutNovel,"-64Q,1.000"
X-5415,TCOF1,6949.0,MutNovel,"V1195-,1.000"
X-5415,TCTN1,79600.0,MutNovel,"DN233D,1.000"
X-5415,TGIF2LY,90655.0,Del0.8,0.29
X-5415,TMBIM4,51643.0,MutKnownFunctional,"-174?,0.439"
X-5415,TMCO4,255104.0,MutKnownFunctional,"-468,1.000"
X-5415,TMEM184A,202915.0,MutNovel,"G392GA,0.503"
X-5415,TMEM196,256130.0,MutKnownFunctional,"-64?,0.273"
X-5415,TMEM238,388564.0,MutNovel,"G30V,0.996"
X-5415,TMEM80,283232.0,MutNovel,"A28V,1.000"
X-5415,TMSB4Y,9087.0,Del0.8,0.2
X-5415,TMX3,54495.0,MutNovel,"V360A,1.000"
X-5415,TNRC18,84629.0,MutNovel,"S2621YPP,0.608"
X-5415,TRABD,80305.0,MutNovel,"V261I,1.000"
X-5415,TRAPPC9,83696.0,MutNovel,"R212W,1.000"
X-5415,TRIM64C,646754.0,MutNovel,"P261Q,1.000"
X-5415,TRIM64C,646754.0,MutNovel,"I251V,1.000"
X-5415,TSC22D1,8848.0,MutNovel,"VE448E,1.000"
X-5415,TSPY1,7258.0,Del0.8,0.2
X-5415,TSPY2,64591.0,Del0.8,0.29
X-5415,TSPY3,728137.0,Del0.8,0.2
X-5415,TSPY4,728395.0,Del0.8,0.2
X-5415,TSPY8,728403.0,Del0.8,0.2
X-5415,TSPYL1,7259.0,MutNovel,"V176VW,1.000"
X-5415,TTC27,55622.0,MutNovel,"D593N,1.000"
X-5415,TTTY10,246119.0,Del0.8,0.2
X-5415,TTTY11,83866.0,Del0.8,0.2
X-5415,TTTY12,83867.0,Del0.8,0.2
X-5415,TTTY13,83868.0,Del0.8,0.2
X-5415,TTTY14,83869.0,Del0.8,0.2
X-5415,TTTY15,64595.0,Del0.8,0.2
X-5415,TTTY16,252948.0,Del0.8,0.2
X-5415,TTTY17A,252949.0,Del0.8,0.27
X-5415,TTTY17A,252949.0,Del0.8,0.12
X-5415,TTTY18,252950.0,Del0.8,0.2
X-5415,TTTY19,252952.0,Del0.8,0.2
X-5415,TTTY1B,100101116.0,Del0.8,0.11
X-5415,TTTY1B,100101116.0,Del0.8,0.2
X-5415,TTTY2,60439.0,Del0.8,0.11
X-5415,TTTY2,60439.0,Del0.8,0.2
X-5415,TTTY20,252951.0,Del0.8,0.2
X-5415,TTTY21,252953.0,Del0.8,0.2
X-5415,TTTY21,252953.0,Del0.8,0.23
X-5415,TTTY22,252954.0,Del0.8,0.2
X-5415,TTTY23,252955.0,Del0.8,0.2
X-5415,TTTY23,252955.0,Del0.8,0.29
X-5415,TTTY3,114760.0,Del0.8,0.13
X-5415,TTTY3,114760.0,Del0.8,0.2
X-5415,TTTY4,114761.0,Del0.8,0.07
X-5415,TTTY4,114761.0,Del0.8,0.12
X-5415,TTTY5,83863.0,Del0.8,0.2
X-5415,TTTY6,84672.0,Del0.8,0.2
X-5415,TTTY6,84672.0,Del0.8,0.2
X-5415,TTTY7,246122.0,Del0.8,0.2
X-5415,TTTY7,246122.0,Del0.8,0.23
X-5415,TTTY7B,100101120.0,Del0.8,0.2
X-5415,TTTY7B,100101120.0,Del0.8,0.23
X-5415,TTTY8,84673.0,Del0.8,0.23
X-5415,TTTY8,84673.0,Del0.8,0.2
X-5415,TTTY9A,83864.0,Del0.8,0.2
X-5415,TTTY9A,83864.0,Del0.8,0.2
X-5415,TXLNG2P,246126.0,Del0.8,0.2
X-5415,UHRF1BP1L,23074.0,MutNovel,"N521K,0.489"
X-5415,USP36,57602.0,MutNovel,"KKK958K,1.000"
X-5415,USP9Y,8287.0,Del0.8,0.2
X-5415,UTY,7404.0,Del0.8,0.2
X-5415,VCY,9084.0,Del0.8,0.2
X-5415,VCY,9084.0,Del0.8,0.2
X-5415,VEZT,55591.0,MutKnownFunctional,"-71?,0.259"
X-5415,XKRY2,353515.0,Del0.8,0.2
X-5415,XKRY2,353515.0,Del0.8,0.2
X-5415,ZDHHC11,79844.0,MutNovel,"A303D,1.000"
X-5415,ZDHHC11,79844.0,Del0.8,0.56
X-5415,ZFY,7544.0,Del0.8,0.29
X-5415,ZNF28,7576.0,MutNovel,"PE156SE,0.237"
X-5415,ZNF282,8427.0,MutNovel,"G473R,0.364"
X-5415,ZNF384,171017.0,MutNovel,"QQ514Q,1.000"
X-5415,ZNF516,9658.0,MutNovel,"A576G,1.000"
X-5415,ZNF717,100131827.0,MutNovel,"Q114K,0.364"
X-5415,ZNF730,,MutNovel,"T412I,1.000"
X-5508,ACAN,176.0,MutNovel,"T1403A,0.400"
X-5508,ACOT1,641371.0,Del0.8,0.55
X-5508,ADAM3A,1587.0,Del0.8,0.26
X-5508,ADAMTS2,9509.0,MutNovel,"-24C,0.875"
X-5508,ADAMTS20,80070.0,MutKnownFunctional,"-785?,0.316"
X-5508,AGAP10,,MutNovel,"S103P,0.500"
X-5508,AGAP4,119016.0,MutNovel,"S87N,0.250"
X-5508,AGAP8,728404.0,MutKnownFunctional,"-593,1.000"
X-5508,AGAP8,728404.0,MutNovel,"E591D,1.000"
X-5508,ALMS1,7840.0,MutNovel,"T448R,1.000"
X-5508,ANAPC1,64682.0,MutNovel,"R1110C,0.516"
X-5508,ANKRD24,170961.0,MutNovel,"R1103S,1.000"
X-5508,ANKRD36,375248.0,MutNovel,"T998S,0.400"
X-5508,ANKRD36,375248.0,MutNovel,"D1014Y,0.231"
X-5508,APBB1,322.0,MutNovel,"T275I,0.225"
X-5508,APOA4,337.0,Del0.8,0.67
X-5508,APOD,347.0,Del0.8,0.7
X-5508,ARMC4,55130.0,MutNovel,"M831V,1.000"
X-5508,ARMCX4,100131755.0,MutNovel,"A1227T,1.000"
X-5508,ART5,116969.0,MutNovel,"-25P,1.000"
X-5508,ASAH2B,653308.0,MutNovel,"T74N,1.000"
X-5508,ASPN,54829.0,MutNovel,"E52VK,0.875"
X-5508,ATF7IP,55729.0,MutKnownFunctional,"R1050*,1.000"
X-5508,B4GALNT1,2583.0,MutNovel,"V480M,1.000"
X-5508,BMPR1B,658.0,Del0.8,0.25
X-5508,BOP1,23246.0,MutNovel,"L470Q,0.800"
X-5508,C14orf43,91748.0,MutNovel,"Q257HSSK,1.000"
X-5508,C22orf29,79680.0,MutKnownFunctional,"R59*,1.000"
X-5508,C4orf47,441054.0,MutKnownFunctional,"-259,1.000"
X-5508,CACNA1C,775.0,Del0.8,0.75
X-5508,CBWD6,644019.0,MutKnownFunctional,"-259?,0.375"
X-5508,CC2D1B,200014.0,MutNovel,"EEE95E,1.000"
X-5508,CCDC71,64925.0,MutNovel,"S38N,0.994"
X-5508,CCDC71L,168455.0,MutNovel,"D110N,0.979"
X-5508,CCT5,22948.0,MutNovel,"H147R,0.996"
X-5508,CCZ1,51622.0,MutNovel,"M410L,0.492"
X-5508,CD97,976.0,MutNovel,"T59S,0.857"
X-5508,CDC42EP1,11135.0,MutNovel,"PAPAANPS253P,1.000"
X-5508,CDK13,8621.0,MutNovel,"T670R,1.000"
X-5508,CDKN1C,1028.0,MutNovel,"APVAV171V,1.000"
X-5508,CDKN2A,1029.0,Del0.8,0.68
X-5508,CDKN2B,1030.0,Del0.8,0.44
X-5508,CELSR1,9620.0,MutNovel,"A1861T,1.000"
X-5508,CES1P1,51716.0,Del0.8,0.48
X-5508,CFHR4,10877.0,Del0.8,0.4
X-5508,CHD2,1106.0,MutKnownFunctional,"-1242?,0.827"
X-5508,CLK3,1198.0,MutNovel,"T51A,1.000"
X-5508,CLSPN,63967.0,MutNovel,"H1128Q,0.627"
X-5508,CMTM3,123920.0,MutNovel,"-5DP,1.000"
X-5508,CNOT1,23019.0,MutNovel,"I433T,1.000"
X-5508,CNTNAP3,79937.0,MutNovel,"P435T,0.357"
X-5508,COPG2,26958.0,MutNovel,"L404I,0.361"
X-5508,COX18,285521.0,MutNovel,"L38F,1.000"
X-5508,CTAGE4,100128553.0,MutNovel,"R711G,0.741"
X-5508,CTSA,5476.0,MutNovel,"L29-,1.000"
X-5508,CUL1,8454.0,MutNovel,"K720N,0.224"
X-5508,CYP2D6,1565.0,MutNovel,"Y355C,0.261"
X-5508,CYP2D6,1565.0,MutNovel,"V223L,1.000"
X-5508,DENND4B,9909.0,MutKnownFunctional,"Y65*,0.472"
X-5508,DMGDH,29958.0,MutKnownFunctional,"Y399*,1.000"
X-5508,DNAJB7,150353.0,MutKnownFunctional,"-55?,1.000"
X-5508,E2F5,1875.0,MutNovel,"G18A,0.613"
X-5508,EMID1,129080.0,Del0.8,0.31
X-5508,EPCAM,4072.0,MutNovel,"S114P,0.522"
X-5508,EPHB4,2050.0,MutNovel,"R633Q,0.328"
X-5508,EWSR1,2130.0,Del0.8,0.21
X-5508,FAM106A,80039.0,Del0.8,0.56
X-5508,FAM157A,728262.0,MutNovel,"P331A,0.211"
X-5508,FAM157A,728262.0,MutNovel,"A346T,0.214"
X-5508,FAM157A,728262.0,MutNovel,"G362D,0.467"
X-5508,FAM193B,54540.0,MutNovel,"A74G,1.000"
X-5508,FAM228B,,MutNovel,"I125T,1.000"
X-5508,FAM86B1,85002.0,MutNovel,"V215M,0.333"
X-5508,FAM86B2,653333.0,MutNovel,"V249M,1.000"
X-5508,FARS2,10667.0,MutNovel,"D62N,1.000"
X-5508,FNDC1,84624.0,MutNovel,"ATTRRTT1471A,1.000"
X-5508,FOXD1,2297.0,MutNovel,"A88G,1.000"
X-5508,FOXK1,221937.0,MutNovel,"I539L,1.000"
X-5508,FOXL2,668.0,MutNovel,"A179G,1.000"
X-5508,FOXO1,2308.0,MutNovel,"D82N,0.800"
X-5508,GAGE2D,729408.0,MutNovel,"M96V,1.000"
X-5508,GALNT13,114805.0,MutNovel,"N259S,1.000"
X-5508,GANAB,23193.0,MutNovel,"V7G,1.000"
X-5508,GAS2L1,10634.0,Del0.8,0.14
X-5508,GAS2L3,283431.0,MutNovel,"R231Q,0.382"
X-5508,GDF6,392255.0,MutNovel,"A249E,0.727"
X-5508,GIGYF2,26058.0,MutNovel,"PQ1231P,1.000"
X-5508,GOLGA6L1,283767.0,Del0.8,0.76
X-5508,GOLGA8DP,100132979.0,Del0.8,0.76
X-5508,GPR126,57211.0,MutNovel,"VA933-,1.000"
X-5508,GPR135,64582.0,MutNovel,"A83V,1.000"
X-5508,GRB14,2888.0,MutKnownFunctional,"-297?,0.455"
X-5508,GSTT2,2953.0,Del0.8,0.74
X-5508,HRC,3270.0,MutNovel,"DV261V,1.000"
X-5508,HRCT1,646962.0,MutNovel,"LH100L,1.000"
X-5508,ISY1,57461.0,MutNovel,"I149V,0.333"
X-5508,KIR2DS4,3809.0,Del0.8,0.65
X-5508,KRTAP10-1,386677.0,MutNovel,"V101M,1.000"
X-5508,LAMA5,3911.0,MutNovel,"PARG69P,0.500"
X-5508,LCE3C,353144.0,Del0.8,0.2
X-5508,LOC100128905,,MutNovel,"G119R,1.000"
X-5508,LOC100287368,,MutNovel,"A41V,1.000"
X-5508,LOC100507003,100507003.0,MutNovel,"T512M,1.000"
X-5508,LOC100996515,,MutNovel,"P23A,1.000"
X-5508,LOC100996575,,MutNovel,"A179V,1.000"
X-5508,LOC100996607,,MutNovel,"G478W,1.000"
X-5508,LOC284344,284344.0,Del0.8,0.26
X-5508,LOC285556,,MutNovel,"E908Q,1.000"
X-5508,LOC644634,,MutNovel,"P51H,1.000"
X-5508,LOC729974,,MutNovel,"G259E,1.000"
X-5508,LRRC16B,90668.0,MutNovel,"P1084H,1.000"
X-5508,LRRC70,100130733.0,MutNovel,"H341Y,0.286"
X-5508,LSR,51599.0,MutNovel,"G518GR,1.000"
X-5508,LYG1,129530.0,Amp5,5.74
X-5508,LYG2,254773.0,Amp5,5.74
X-5508,MADCAM1,8174.0,MutNovel,"D242N,0.577"
X-5508,MADCAM1,8174.0,MutNovel,"S248P,0.333"
X-5508,MADCAM1,8174.0,MutNovel,"P262Q,0.214"
X-5508,MAFA,389692.0,MutNovel,"HH207H,1.000"
X-5508,MAGI3,260425.0,MutNovel,"ME392IK,1.000"
X-5508,MANEA,79694.0,MutNovel,"N260S,1.000"
X-5508,MAP3K4,4216.0,MutNovel,"PA1189P,1.000"
X-5508,MAP3K9,4293.0,MutNovel,"E481K,1.000"
X-5508,MEF2A,4205.0,MutNovel,"QQ412-,1.000"
X-5508,MEOX2,4223.0,MutNovel,"HH76H,0.974"
X-5508,MET,4233.0,MutKnownFunctional,"T1010I,1.000"
X-5508,METTL4,64863.0,MutNovel,"T450S,0.343"
X-5508,MFAP3L,9848.0,MutNovel,"F144Y,1.000"
X-5508,MGAT3,4248.0,MutNovel,"R506S,1.000"
X-5508,MLYCD,23417.0,MutNovel,"R11G,1.000"
X-5508,MPRIP,23164.0,MutNovel,"TS178T,1.000"
X-5508,MYADM,91663.0,MutNovel,"V172A,0.992"
X-5508,MYB,4602.0,MutNovel,"M607L,0.971"
X-5508,MYH1,4619.0,MutNovel,"V1794L,0.727"
X-5508,MYH4,4622.0,MutNovel,"T964I,1.000"
X-5508,NBPF24,,MutNovel,"P7S,0.500"
X-5508,NBPF9,400818.0,MutNovel,"R97G,0.542"
X-5508,NCOA3,8202.0,MutNovel,"Q1255-,0.412"
X-5508,NCOR2,9612.0,MutNovel,"G1839GAAA,1.000"
X-5508,NUDT11,55190.0,MutKnownFunctional,"-1,1.000"
X-5508,OPLAH,26873.0,MutNovel,"A1126V,0.462"
X-5508,OR11H2,79334.0,Amp5,6.63
X-5508,OR4C6,219432.0,Del0.8,0.37
X-5508,OR4K1,79544.0,Amp5,6.63
X-5508,OR4K2,390431.0,Amp5,6.63
X-5508,OR4K5,79317.0,Amp5,6.63
X-5508,OR4M1,441670.0,Amp5,6.63
X-5508,OR4M2,390538.0,MutNovel,"M239V,0.800"
X-5508,OR4N2,390429.0,Amp5,6.63
X-5508,OR4P4,81300.0,Del0.8,0.37
X-5508,OR4Q3,441669.0,Amp5,6.63
X-5508,OR4S2,219431.0,Del0.8,0.37
X-5508,ORAI1,84876.0,MutNovel,"PP43-,1.000"
X-5508,PABPC3,5042.0,MutKnownFunctional,"-247GE?,0.643"
X-5508,PABPC3,5042.0,MutNovel,"K444M,1.000"
X-5508,PABPC3,5042.0,MutNovel,"G451A,1.000"
X-5508,PAN2,9924.0,MutNovel,"R142P,1.000"
X-5508,PAPPA2,60676.0,MutNovel,"R1718H,0.625"
X-5508,PDCL,5082.0,MutNovel,"F214V,0.354"
X-5508,PGPEP1L,145814.0,MutKnownFunctional,"-165?,1.000"
X-5508,PHLDA1,22822.0,MutNovel,"QQ194Q,1.000"
X-5508,PLEC,5339.0,MutNovel,"P3283T,0.372"
X-5508,PLEC,5339.0,MutNovel,"R617C,0.645"
X-5508,POLR2A,5430.0,MutNovel,"TSPSYSP1653-,1.000"
X-5508,POTEH,23784.0,MutNovel,"M464V,0.304"
X-5508,PSG2,5670.0,MutNovel,"T168I,1.000"
X-5508,PSG9,5678.0,Del0.8,0.53
X-5508,PTPN14,5784.0,Del0.8,0.59
X-5508,PTPRF,5792.0,MutKnownFunctional,"-1466,1.000"
X-5508,RALYL,138046.0,MutNovel,"A53D,0.692"
X-5508,RASAL2,9462.0,MutNovel,"D1217N,1.000"
X-5508,RASL10A,10633.0,Del0.8,0.14
X-5508,RFPL4A,342931.0,MutNovel,"S283Y,0.250"
X-5508,RFPL4A,342931.0,MutNovel,"E285G,0.333"
X-5508,RGPD4,285190.0,MutNovel,"S264N,0.923"
X-5508,RHBDD3,25807.0,Del0.8,0.31
X-5508,RHBDL2,54933.0,MutNovel,"A231S,1.000"
X-5508,RHD,6007.0,Del0.8,0.74
X-5508,RIN3,79890.0,MutNovel,"G967-,1.000"
X-5508,RRP1B,23076.0,MutNovel,"R442C,0.588"
X-5508,RTL1,388015.0,MutNovel,"R1108Q,0.990"
X-5508,SCAPER,49855.0,Del0.8,0.68
X-5508,SDHAP2,727956.0,Del0.8,0.7
X-5508,SERINC2,347735.0,MutNovel,"-373Q,1.000"
X-5508,SLC12A8,84561.0,MutNovel,"M621V,1.000"
X-5508,SMCR7L,54471.0,MutNovel,"R182W,0.993"
X-5508,SMYD2,56950.0,Del0.8,0.59
X-5508,SNAPC4,6621.0,MutNovel,"G1334R,1.000"
X-5508,SNAPC4,6621.0,MutNovel,"S542-,1.000"
X-5508,STK10,6793.0,MutNovel,"E207Q,1.000"
X-5508,STON2,85439.0,MutNovel,"D547G,1.000"
X-5508,TBP,6908.0,MutNovel,"-64Q,1.000"
X-5508,TDRD5,163589.0,MutNovel,"R6H,0.571"
X-5508,TEKT4,150483.0,MutNovel,"R424C,1.000"
X-5508,TENC1,23371.0,MutNovel,"T625A,1.000"
X-5508,TGFB1I1,7041.0,MutNovel,"F443L,1.000"
X-5508,TMBIM4,51643.0,MutKnownFunctional,"-174?,0.522"
X-5508,TMED1,11018.0,MutNovel,"A9T,1.000"
X-5508,TNFAIP6,7130.0,MutKnownFunctional,"-278,1.000"
X-5508,TONSL,4796.0,MutNovel,"R1349S,0.712"
X-5508,TP53,7157.0,MutKnownFunctional,"R175H,1.000"
X-5508,TP53I13,90313.0,MutNovel,"A311T,1.000"
X-5508,TPTE,7179.0,MutNovel,"V141S,0.500"
X-5508,TPTE,7179.0,MutNovel,"R127N,0.714"
X-5508,TPTE,7179.0,MutNovel,"L120V,0.667"
X-5508,TRIM46,80128.0,MutNovel,"S219F,0.941"
X-5508,TTN,7273.0,MutNovel,"A12417T,0.538"
X-5508,UGT2B28,54490.0,Del0.8,0.38
X-5508,UNC5C,8633.0,Del0.8,0.44
X-5508,UTY,7404.0,MutNovel,"E1054Q,0.286"
X-5508,UTY,7404.0,MutNovel,"Q1050S,0.286"
X-5508,UTY,7404.0,MutNovel,"VG1048HC,0.286"
X-5508,UTY,7404.0,MutNovel,"FH1045YY,0.250"
X-5508,UTY,7404.0,MutNovel,"V1011A,0.231"
X-5508,UTY,7404.0,MutNovel,"KN1008NP,0.231"
X-5508,UTY,7404.0,MutNovel,"PK1007HQ,0.231"
X-5508,UTY,7404.0,MutNovel,"N1006P,0.308"
X-5508,UTY,7404.0,MutNovel,"CT1004YL,0.438"
X-5508,UTY,7404.0,MutNovel,"FC1003TS,0.467"
X-5508,UTY,7404.0,MutNovel,"HQ1001QT,0.500"
X-5508,UTY,7404.0,MutNovel,"S505Q,0.467"
X-5508,UTY,7404.0,MutNovel,"A351E,0.500"
X-5508,UTY,7404.0,MutKnownFunctional,"AA349A*,0.519"
X-5508,UTY,7404.0,MutNovel,"LD344CL,0.524"
X-5508,UTY,7404.0,MutNovel,"Q343V,0.579"
X-5508,UTY,7404.0,MutNovel,"V342A,0.630"
X-5508,UTY,7404.0,MutNovel,"AV341ES,0.630"
X-5508,UTY,7404.0,MutKnownFunctional,"C340*,0.750"
X-5508,UTY,7404.0,MutNovel,"C340L,0.750"
X-5508,UTY,7404.0,MutNovel,"Q336A,0.538"
X-5508,UTY,7404.0,MutNovel,"L335T,0.455"
X-5508,UTY,7404.0,MutNovel,"D333E,0.583"
X-5508,UTY,7404.0,MutNovel,"M332T,0.500"
X-5508,UTY,7404.0,MutNovel,"M332P,0.500"
X-5508,UTY,7404.0,MutKnownFunctional,"Y325*,0.400"
X-5508,UTY,7404.0,MutNovel,"L324V,0.333"
X-5508,UTY,7404.0,MutNovel,"EA312DI,0.583"
X-5508,UTY,7404.0,MutNovel,"E312I,0.769"
X-5508,UTY,7404.0,MutNovel,"E312I,0.769"
X-5508,UTY,7404.0,MutNovel,"KS310RK,0.727"
X-5508,UTY,7404.0,MutKnownFunctional,"K310*,0.769"
X-5508,UTY,7404.0,MutKnownFunctional,"DK309V*,0.769"
X-5508,UTY,7404.0,MutNovel,"S307T,0.700"
X-5508,UTY,7404.0,MutNovel,"Q298P,0.500"
X-5508,UTY,7404.0,MutNovel,"SI293RN,0.500"
X-5508,UTY,7404.0,MutNovel,"Y291L,0.500"
X-5508,UTY,7404.0,MutKnownFunctional,"CY290*L,0.750"
X-5508,UTY,7404.0,MutKnownFunctional,"G288*,0.667"
X-5508,UTY,7404.0,MutNovel,"QS282HA,0.400"
X-5508,UTY,7404.0,MutNovel,"E275P,0.333"
X-5508,UTY,7404.0,MutNovel,"LE274RQ,0.429"
X-5508,UTY,7404.0,MutNovel,"S273R,0.333"
X-5508,UTY,7404.0,MutNovel,"QK271HE,0.400"
X-5508,UTY,7404.0,MutNovel,"L270A,0.400"
X-5508,UTY,7404.0,MutNovel,"I267M,0.667"
X-5508,UTY,7404.0,MutNovel,"I267R,0.667"
X-5508,UTY,7404.0,MutNovel,"S264R,0.500"
X-5508,UTY,7404.0,MutNovel,"LY154SD,0.714"
X-5508,UTY,7404.0,MutNovel,"V153Q,0.750"
X-5508,UTY,7404.0,MutNovel,"QD151LC,0.714"
X-5508,UTY,7404.0,MutNovel,"FQ150LK,0.625"
X-5508,UTY,7404.0,MutKnownFunctional,"W145*,0.857"
X-5508,UTY,7404.0,MutNovel,"FY138LL,0.818"
X-5508,UTY,7404.0,MutNovel,"V136N,0.846"
X-5508,UTY,7404.0,MutNovel,"G134C,0.786"
X-5508,UTY,7404.0,MutKnownFunctional,"YG131*L,0.867"
X-5508,UTY,7404.0,MutNovel,"L130S,0.846"
X-5508,UTY,7404.0,MutNovel,"AF128GG,0.846"
X-5508,UTY,7404.0,MutNovel,"AA127KT,0.800"
X-5508,UTY,7404.0,MutNovel,"N126R,0.714"
X-5508,VCX3A,51481.0,MutNovel,"S128N,0.833"
X-5508,VCX3B,425054.0,MutNovel,"S178N,0.900"
X-5508,WDR67,93594.0,MutNovel,"R634W,0.568"
X-5508,XIRP2,129446.0,MutNovel,"E2337K,1.000"
X-5508,ZBED3,84327.0,MutNovel,"W66C,1.000"
X-5508,ZDHHC11,79844.0,MutNovel,"A303D,0.500"
X-5508,ZNF133,7692.0,MutNovel,"H459Q,0.753"
X-5508,ZNF326,284695.0,MutNovel,"EE505-,1.000"
X-5508,ZNF438,220929.0,Del0.8,0.74
X-5508,ZNF469,84627.0,MutNovel,"R21H,1.000"
X-5508,ZNF675,171392.0,MutNovel,"C510F,0.266"
X-5508,ZNF705G,100131980.0,Amp5,5.9
X-5508,ZNF761,388561.0,MutNovel,"Y41H,1.000"
X-5508,ZNFX1,57169.0,MutNovel,"R900T,0.553"
X-5508,ZW10,9183.0,MutNovel,"S367F,1.000"
X-5595,AANAT,15.0,Amp5,5.54
X-5595,ABCA10,10349.0,Amp5,5.62
X-5595,ABCA5,23461.0,Amp5,5.62
X-5595,ABCA6,23460.0,Amp5,5.62
X-5595,ABCA8,10351.0,Amp5,5.62
X-5595,ABCA9,10350.0,Amp5,5.62
X-5595,ABCC3,8714.0,Amp5,5.58
X-5595,ABI3,51225.0,Amp5,5.58
X-5595,ACE,1636.0,Amp5,5.54
X-5595,ACOX1,51.0,Amp5,5.54
X-5595,ACSF2,80221.0,Amp5,5.58
X-5595,ADAMTS7,11173.0,MutNovel,"V558I,0.375"
X-5595,ADRA2B,151.0,MutNovel,"E301ERRK,1.000"
X-5595,AFMID,125061.0,Amp5,5.66
X-5595,AHNAK,79026.0,MutNovel,"S212A,0.203"
X-5595,AIFM3,150209.0,Amp8,17.03
X-5595,AKAP1,8165.0,Amp5,5.46
X-5595,ALDH3B1,221.0,MutKnownFunctional,"-300?,1.000"
X-5595,AMELY,266.0,Del0.8,0.36
X-5595,AMZ2,51321.0,Amp5,5.62
X-5595,AMZ2P1,201283.0,Amp5,5.54
X-5595,ANAPC1,64682.0,MutNovel,"R1571S,0.312"
X-5595,ANAPC1,64682.0,MutNovel,"A1524P,0.211"
X-5595,ANAPC1,64682.0,MutNovel,"H1333R,0.259"
X-5595,ANAPC1,64682.0,MutNovel,"L887S,0.202"
X-5595,ANAPC1,64682.0,MutNovel,"H767R,0.219"
X-5595,ANKRD36,375248.0,MutNovel,"T998S,0.243"
X-5595,ANKRD36C,,MutNovel,"D1868N,1.000"
X-5595,ANKRD40,91369.0,Amp5,5.58
X-5595,ANKRD65,441869.0,MutNovel,"A381V,0.714"
X-5595,ANXA11,311.0,MutKnownFunctional,"-217G?,0.862"
X-5595,AP2B1,163.0,Amp5,5.39
X-5595,APC2,10297.0,MutNovel,"T324I,0.750"
X-5595,APLP2,334.0,MutNovel,"E222D,0.713"
X-5595,APOH,350.0,Amp5,5.54
X-5595,APPBP2,10513.0,Amp5,5.54
X-5595,ARMC7,79637.0,Amp5,5.62
X-5595,ARPC4,10093.0,Amp5,5.28
X-5595,ARPC4-TTLL3,100526693.0,Amp5,5.28
X-5595,ARSG,22901.0,Amp5,5.62
X-5595,ASAP1,50807.0,MutNovel,"I198M,0.629"
X-5595,ASH1L,55870.0,MutNovel,"T1771A,0.312"
X-5595,ATP2B2,491.0,Amp5,5.28
X-5595,ATP5G1,516.0,Amp5,5.58
X-5595,ATP5H,10476.0,Amp5,5.62
X-5595,AVEN,57099.0,MutNovel,"GGGGG41G,0.632"
X-5595,AXIN2,8313.0,Amp5,5.54
X-5595,B4GALNT2,124872.0,Amp5,5.58
X-5595,BCAS3,54828.0,Amp5,5.54
X-5595,BCORP1,286554.0,Del0.8,0.33
X-5595,BIRC5,332.0,Amp5,5.66
X-5595,BPTF,2186.0,Amp5,5.62
X-5595,BPY2B,442867.0,Del0.8,0.2
X-5595,BPY2B,442867.0,Del0.8,0.2
X-5595,BRIP1,83990.0,Amp5,5.54
X-5595,BRK1,55845.0,Amp5,5.28
X-5595,BRPF1,7862.0,Amp5,5.28
X-5595,BTBD17,388419.0,Amp5,5.62
X-5595,BZRAP1,9256.0,Amp5,5.46
X-5595,C17orf109,643008.0,Amp5,5.62
X-5595,C17orf110,100130933.0,Amp5,5.62
X-5595,C17orf28,283987.0,Amp5,5.62
X-5595,C17orf47,284083.0,Amp5,6.59
X-5595,C17orf50,146853.0,Amp5,6.15
X-5595,C17orf58,284018.0,Amp5,5.62
X-5595,C17orf64,124773.0,Amp5,5.54
X-5595,C17orf66,256957.0,Amp5,6.15
X-5595,C17orf67,339210.0,Amp5,5.62
X-5595,C17orf72,92340.0,Amp5,5.54
X-5595,C17orf77,146723.0,Amp5,5.62
X-5595,C17orf80,55028.0,Amp5,5.62
X-5595,C17orf82,388407.0,Amp5,5.54
X-5595,C17orf99,100141515.0,Amp5,5.66
X-5595,C1QTNF1,114897.0,Amp5,7.94
X-5595,C2orf29,55571.0,MutNovel,"S32N,0.610"
X-5595,C3orf24,115795.0,Amp5,5.28
X-5595,C3orf32,51066.0,Amp5,6.06
X-5595,CA4,762.0,Amp5,5.54
X-5595,CACNA1G,8913.0,Amp5,5.58
X-5595,CACNG1,786.0,Amp5,5.62
X-5595,CACNG4,27092.0,Amp5,5.62
X-5595,CACNG5,27091.0,Amp5,5.62
X-5595,CALCOCO2,10241.0,Amp5,5.58
X-5595,CAMK1,8536.0,Amp5,5.28
X-5595,CANT1,124583.0,Amp5,7.94
X-5595,CASKIN2,57513.0,Amp5,5.62
X-5595,CAV3,859.0,Amp5,6.06
X-5595,CCDC110,256309.0,MutKnownFunctional,"-592?,0.385"
X-5595,CCDC17,149483.0,MutNovel,"R542W,0.667"
X-5595,CCDC47,57003.0,Amp5,5.54
X-5595,CCL14,6358.0,Amp5,6.15
X-5595,CCL14-CCL15,348249.0,Amp5,6.15
X-5595,CCL15,6359.0,Amp5,6.15
X-5595,CCL16,6360.0,Amp5,6.15
X-5595,CCL18,6362.0,Amp5,6.15
X-5595,CCL23,6368.0,Amp5,6.15
X-5595,CCL3,6348.0,Amp5,6.15
X-5595,CCL4,6351.0,Amp5,6.15
X-5595,CCL5,6352.0,Amp5,6.15
X-5595,CD300A,11314.0,Amp5,5.62
X-5595,CD300C,10871.0,Amp5,5.62
X-5595,CD300E,342510.0,Amp5,5.62
X-5595,CD300LB,124599.0,Amp5,5.62
X-5595,CD300LD,100131439.0,Amp5,5.62
X-5595,CD300LF,146722.0,Amp5,5.62
X-5595,CD79B,974.0,Amp5,5.54
X-5595,CDC42EP1,11135.0,MutNovel,"PAPAANPS253P,1.000"
X-5595,CDC42EP4,23580.0,Amp5,5.62
X-5595,CDK3,1018.0,Amp5,5.54
X-5595,CDKN2B,1030.0,Del0.8,0.58
X-5595,CDR2L,30850.0,Amp5,5.62
X-5595,CDY1B,253175.0,Del0.8,0.2
X-5595,CDY1B,253175.0,Del0.8,0.2
X-5595,CDY2A,9426.0,Del0.8,0.19
X-5595,CDY2A,9426.0,Del0.8,0.19
X-5595,CDY2B,203611.0,Del0.8,0.19
X-5595,CDY2B,203611.0,Del0.8,0.19
X-5595,CENPC1,1060.0,MutNovel,"T561A,0.733"
X-5595,CEP112,201134.0,Amp5,5.54
X-5595,CEP95,90799.0,Amp5,5.54
X-5595,CHAD,1101.0,Amp5,5.58
X-5595,CHCHD8,51287.0,Amp5,7.46
X-5595,CIDEC,63924.0,Amp5,5.28
X-5595,CIDECP,152302.0,Amp5,5.28
X-5595,CLEC18B,497190.0,MutNovel,"I196V,0.375"
X-5595,CLEC18B,497190.0,MutNovel,"T173A,0.571"
X-5595,CLK1,1195.0,MutNovel,"D116N,1.000"
X-5595,CLTC,1213.0,Amp5,5.54
X-5595,COG1,9382.0,Amp5,5.62
X-5595,COIL,8161.0,Amp5,5.46
X-5595,COL1A1,1277.0,Amp5,5.58
X-5595,CPEB2,132864.0,MutNovel,"K194KPP,0.444"
X-5595,CPNE9,151835.0,Amp5,5.28
X-5595,CPSF4L,642843.0,Amp5,5.62
X-5595,CRELD1,78987.0,Amp5,5.28
X-5595,CRIPAK,285464.0,MutNovel,"V164A,0.857"
X-5595,CRKL,1399.0,MutNovel,"L84M,0.912"
X-5595,CRKL,1399.0,Amp8,23.75
X-5595,CSH1,1442.0,Amp5,5.54
X-5595,CSH2,1443.0,Amp5,5.54
X-5595,CSHL1,1444.0,Amp5,5.54
X-5595,CSPG4P1Y,114758.0,Del0.8,0.2
X-5595,CSPG4P1Y,114758.0,Del0.8,0.2
X-5595,CTSA,5476.0,MutNovel,"L29-,0.212"
X-5595,CUEDC1,404093.0,Amp5,5.46
X-5595,CYB561,1534.0,Amp5,5.54
X-5595,CYGB,114757.0,Amp5,5.54
X-5595,CYTH1,9267.0,Amp5,7.94
X-5595,DAZ1,1617.0,Del0.8,0.2
X-5595,DAZ2,57055.0,Del0.8,0.2
X-5595,DAZ3,57054.0,Del0.8,0.2
X-5595,DAZ3,57054.0,Del0.8,0.2
X-5595,DAZ4,57135.0,Del0.8,0.2
X-5595,DAZ4,57135.0,Del0.8,0.2
X-5595,DCAF7,10238.0,Amp5,5.54
X-5595,DDX3Y,8653.0,Del0.8,0.33
X-5595,DDX42,11325.0,Amp5,5.54
X-5595,DDX5,1655.0,Amp5,5.54
X-5595,DGCR6L,85359.0,Amp5,5.28
X-5595,DGCR8,54487.0,Amp5,5.17
X-5595,DGKQ,1609.0,MutNovel,"P27L,1.000"
X-5595,DHX29,54505.0,MutNovel,"S517C,0.507"
X-5595,DHX40,79665.0,Amp5,5.54
X-5595,DLX3,1747.0,Amp5,5.58
X-5595,DLX4,1748.0,Amp5,5.58
X-5595,DNAH17,8632.0,Amp5,7.94
X-5595,DNAI2,64446.0,Amp5,5.62
X-5595,DYNLL2,140735.0,Amp5,5.46
X-5595,EBLN2,55096.0,Amp5,5.74
X-5595,EFCAB3,146779.0,Amp5,5.54
X-5595,EIF1AY,9086.0,Del0.8,0.33
X-5595,EIF4G3,8672.0,MutNovel,"P646R,0.358"
X-5595,ELN,2006.0,MutNovel,"Y383F,1.000"
X-5595,EME1,146956.0,Amp5,5.58
X-5595,EMILIN1,11117.0,MutNovel,"V372M,0.333"
X-5595,ENGASE,64772.0,Amp5,6.73
X-5595,EPN3,55040.0,Amp5,5.58
X-5595,EPX,8288.0,Amp5,5.46
X-5595,ERN1,2081.0,Amp5,5.54
X-5595,EVPL,2125.0,Amp5,5.54
X-5595,EXOC7,23265.0,Amp5,5.54
X-5595,FADS6,283985.0,Amp5,5.62
X-5595,FAF1,11124.0,MutNovel,"G311S,0.328"
X-5595,FAM100B,283991.0,Amp5,5.54
X-5595,FAM104A,84923.0,Amp5,5.62
X-5595,FAM117A,81558.0,Amp5,5.58
X-5595,FAM171B,165215.0,MutNovel,"-50Q,1.000"
X-5595,FAM197Y2P,252946.0,Del0.8,0.33
X-5595,FAM20A,54757.0,Amp5,5.62
X-5595,FAM41AY1,340618.0,Del0.8,0.19
X-5595,FAM41AY1,340618.0,Del0.8,0.19
X-5595,FAM90A1,55138.0,Amp5,5.31
X-5595,FANCD2,2177.0,Amp5,5.28
X-5595,FBF1,85302.0,Amp5,5.54
X-5595,FDXR,2232.0,Amp5,5.62
X-5595,FLJ40194,124871.0,Amp5,5.58
X-5595,FLJ45079,400624.0,Amp5,5.66
X-5595,FLJ45513,729220.0,Amp5,5.58
X-5595,FOXD1,2297.0,MutNovel,"R325H,0.367"
X-5595,FOXJ1,2302.0,Amp5,5.54
X-5595,FTSJ3,117246.0,Amp5,5.54
X-5595,GALK1,2584.0,Amp5,7.78
X-5595,GALR2,8811.0,Amp5,5.54
X-5595,GAS2L2,246176.0,Amp5,6.15
X-5595,GDPD1,284161.0,Amp5,6.59
X-5595,GGA3,23163.0,Amp5,5.62
X-5595,GH1,2688.0,Amp5,5.54
X-5595,GH2,2689.0,Amp5,5.54
X-5595,GHRL,51738.0,Amp5,5.28
X-5595,GHRLOS,100126793.0,Amp5,5.28
X-5595,GHRLOS2,84657.0,Amp5,5.28
X-5595,GIP,2695.0,Amp5,5.58
X-5595,GLG1,2734.0,MutNovel,"E1031Q,0.452"
X-5595,GNA13,10672.0,Amp5,5.54
X-5595,GNGT2,2793.0,Amp5,5.58
X-5595,GOLGA2P2Y,84559.0,Del0.8,0.2
X-5595,GOLGA2P2Y,84559.0,Del0.8,0.2
X-5595,GOLGA8J,,MutNovel,"A474S,1.000"
X-5595,GPLD1,2822.0,MutNovel,"W579L,0.500"
X-5595,GPR142,350383.0,Amp5,5.62
X-5595,GPRC5C,55890.0,Amp5,5.62
X-5595,GRB2,2885.0,Amp5,5.62
X-5595,GRIN2C,2905.0,Amp5,5.62
X-5595,GRK4,2868.0,MutKnownFunctional,"-219?,0.294"
X-5595,GSTT1,2952.0,Del0.8,0.69
X-5595,GTF2IRD2,84163.0,MutNovel,"L500S,1.000"
X-5595,GXYLT2,727936.0,Amp5,5.74
X-5595,GYG2P1,352887.0,Del0.8,0.33
X-5595,H3F3B,3021.0,Amp5,7.78
X-5595,HEATR6,63897.0,Amp5,5.54
X-5595,HELZ,9931.0,Amp5,5.62
X-5595,HILS1,373861.0,Amp5,5.58
X-5595,HN1,51155.0,Amp5,5.62
X-5595,HOXB1,3211.0,Amp5,5.58
X-5595,HOXB13,10481.0,Amp5,5.58
X-5595,HOXB2,3212.0,Amp5,5.58
X-5595,HOXB3,3213.0,Amp5,5.58
X-5595,HOXB4,3214.0,Amp5,5.58
X-5595,HOXB5,3215.0,Amp5,5.58
X-5595,HOXB6,3216.0,Amp5,5.58
X-5595,HOXB7,3217.0,Amp5,5.58
X-5595,HOXB8,3218.0,Amp5,5.58
X-5595,HOXB9,3219.0,Amp5,5.58
X-5595,HSF5,124535.0,Amp5,6.59
X-5595,HSFY2,159119.0,Del0.8,0.19
X-5595,HSFY2,159119.0,Del0.8,0.19
X-5595,HSP90B1,7184.0,MutNovel,"D367Y,0.261"
X-5595,ICAM2,3384.0,Amp5,5.54
X-5595,ICT1,3396.0,Amp5,5.62
X-5595,IFRD2,7866.0,MutNovel,"R430Q,0.707"
X-5595,IGF2BP1,10642.0,Amp5,5.58
X-5595,IL17RC,84818.0,Amp5,5.28
X-5595,IL17RE,132014.0,Amp5,5.28
X-5595,INHA,3623.0,MutNovel,"P53S,1.000"
X-5595,INTS2,57508.0,Amp5,5.54
X-5595,IRAK2,3656.0,Amp5,5.28
X-5595,ITGA3,3675.0,Amp5,5.58
X-5595,ITGB4,3691.0,Amp5,7.78
X-5595,ITPRIPL2,162073.0,MutNovel,"FS87F,0.500"
X-5595,JAGN1,84522.0,Amp5,5.28
X-5595,JMJD6,23210.0,Amp5,5.54
X-5595,KAT7,11143.0,Amp5,5.58
X-5595,KAT8,84148.0,MutNovel,"P36A,0.443"
X-5595,KCNH6,81033.0,Amp5,5.54
X-5595,KCNJ16,3773.0,Amp5,5.62
X-5595,KCNJ2,3759.0,Amp5,5.62
X-5595,KCTD13,253980.0,MutNovel,"A29T,0.509"
X-5595,KCTD2,23510.0,Amp5,5.62
X-5595,KDM5D,8284.0,Del0.8,0.33
X-5595,KIAA0195,9772.0,Amp5,5.62
X-5595,KIF19,124602.0,Amp5,5.62
X-5595,KIF2B,84643.0,Amp8,9.38
X-5595,KLHL22,84861.0,Amp8,12.55
X-5595,KPNA2,3838.0,Amp5,5.62
X-5595,KRT10,3858.0,MutNovel,"GSSGGG507G,0.500"
X-5595,KRT13,3860.0,MutNovel,"G79A,0.500"
X-5595,KRT14,3861.0,MutNovel,"L96F,0.286"
X-5595,KRT14,3861.0,MutNovel,"S79-,0.357"
X-5595,KRT36,8689.0,MutNovel,"R371Q,0.667"
X-5595,KRTAP4-7,100132476.0,MutNovel,"D18V,1.000"
X-5595,KRTAP4-7,100132476.0,MutNovel,"T68S,1.000"
X-5595,LCE3C,353144.0,Del0.8,0.25
X-5595,LGALS3BP,3959.0,Amp5,7.94
X-5595,LHFPL4,375323.0,Amp5,5.28
X-5595,LIMD2,80774.0,Amp5,5.54
X-5595,LINC00312,29931.0,Amp5,6.06
X-5595,LINC00338,654434.0,Amp5,5.54
X-5595,LINC00469,283982.0,Amp5,5.62
X-5595,LINC00511,400619.0,Amp5,5.62
X-5595,LLGL2,3993.0,Amp5,5.62
X-5595,LMCD1,29995.0,Amp5,6.06
X-5595,LOC100131096,100131096.0,Amp5,5.66
X-5595,LOC100287042,100287042.0,Amp5,5.62
X-5595,LOC100288428,100288428.0,Amp5,6.06
X-5595,LOC100288568,,MutNovel,"H197Y,1.000"
X-5595,LOC100499466,100499466.0,Amp5,5.62
X-5595,LOC100499467,100499467.0,Amp5,5.62
X-5595,LOC100506310,,MutNovel,"S576N,0.656"
X-5595,LOC100507246,100507246.0,Amp5,5.54
X-5595,LOC100507351,100507351.0,Amp5,5.54
X-5595,LOC100507410,100507410.0,Amp5,7.94
X-5595,LOC100653168,,MutNovel,"L373V,0.400"
X-5595,LOC100653515,100653515.0,Amp5,7.94
X-5595,LOC100996614,,MutKnownFunctional,"-32,1.000"
X-5595,LOC146880,146880.0,Amp5,5.54
X-5595,LOC150197,150197.0,Amp8,9.38
X-5595,LOC284080,284080.0,Amp5,5.58
X-5595,LOC284865,284865.0,Amp8,9.38
X-5595,LOC388849,388849.0,Amp8,9.38
X-5595,LOC391322,391322.0,Del0.8,0.69
X-5595,LOC400604,400604.0,Amp5,5.58
X-5595,LOC400620,400620.0,Amp5,5.62
X-5595,LOC401052,401052.0,Amp5,5.28
X-5595,LOC440461,440461.0,Amp5,5.62
X-5595,LOC440944,440944.0,Amp5,5.28
X-5595,LOC645638,645638.0,Amp5,5.54
X-5595,LOC653653,653653.0,Amp5,5.54
X-5595,LOC729444,729444.0,Amp5,5.28
X-5595,LPO,4025.0,Amp5,5.46
X-5595,LRRC37A3,374819.0,Amp5,5.54
X-5595,LRRC59,55379.0,Amp5,5.58
X-5595,LSR,51599.0,MutNovel,"G518GR,1.000"
X-5595,LTBP3,4054.0,MutNovel,"L35LCW,0.643"
X-5595,LUC7L3,51747.0,Amp5,5.58
X-5595,LYZL6,57151.0,Amp5,6.15
X-5595,LZTR1,8216.0,Amp5,5.62
X-5595,MAP2K6,5608.0,Amp5,5.62
X-5595,MAP3K3,4215.0,Amp5,5.54
X-5595,MAP3K4,4216.0,MutNovel,"PA1189P,1.000"
X-5595,MAP3K5,4217.0,MutNovel,"T1229P,0.333"
X-5595,2014-03-10 00:00:00,162333.0,Amp5,5.54
X-5595,MDN1,23195.0,MutNovel,"P280R,1.000"
X-5595,MED13,9969.0,Amp5,5.54
X-5595,MED15,51586.0,MutNovel,"QQQ251-,0.848"
X-5595,MED15,51586.0,Amp8,12.73
X-5595,MEF2A,4205.0,MutNovel,"QQ412-,0.421"
X-5595,METTL23,124512.0,Amp5,5.54
X-5595,METTL2A,339175.0,Amp5,5.54
X-5595,MFSD11,79157.0,Amp5,5.54
X-5595,MFSD12,126321.0,MutNovel,"A445V,0.481"
X-5595,MGAT5B,146664.0,Amp5,5.54
X-5595,MGC16275,85001.0,Amp5,5.62
X-5595,MIF4GD,57409.0,Amp5,5.62
X-5595,MILR1,284021.0,Amp5,5.54
X-5595,MIR10A,406902.0,Amp5,5.58
X-5595,MIR1286,100302118.0,Amp8,9.38
X-5595,MIR1306,100302197.0,Amp5,5.17
X-5595,MIR142,406934.0,Amp5,5.46
X-5595,MIR196A1,406972.0,Amp5,5.58
X-5595,MIR21,406991.0,Amp5,5.54
X-5595,MIR301A,407027.0,Amp5,6.59
X-5595,MIR3064,100616387.0,Amp5,5.54
X-5595,MIR3185,100422978.0,Amp5,5.58
X-5595,MIR3614,100500827.0,Amp5,5.46
X-5595,MIR3615,100500847.0,Amp5,5.62
X-5595,MIR3618,100500860.0,Amp5,5.17
X-5595,MIR3678,100500841.0,Amp5,5.62
X-5595,MIR4316,100422851.0,Amp5,5.54
X-5595,MIR4524A,100616316.0,Amp5,5.62
X-5595,MIR454,768216.0,Amp5,6.59
X-5595,MIR4729,100616204.0,Amp5,6.59
X-5595,MIR4736,100616220.0,Amp5,5.46
X-5595,MIR4737,100616210.0,Amp5,5.54
X-5595,MIR4738,100616282.0,Amp5,7.78
X-5595,MIR5047,100616408.0,Amp5,5.54
X-5595,MIR548W,100422923.0,Amp5,5.54
X-5595,MIR634,693219.0,Amp5,5.62
X-5595,MIR635,693220.0,Amp5,5.62
X-5595,MIR636,693221.0,Amp5,5.54
X-5595,MIR885,100126334.0,Amp5,5.28
X-5595,MKS1,54903.0,Amp5,5.46
X-5595,MMP28,79148.0,Amp5,6.15
X-5595,MPO,4353.0,Amp5,5.46
X-5595,MRC2,9902.0,Amp5,5.54
X-5595,MRPL27,51264.0,Amp5,5.58
X-5595,MRPL38,64978.0,Amp5,7.78
X-5595,MRPL48,51642.0,Amp5,7.46
X-5595,MRPS23,51649.0,Amp5,5.46
X-5595,MRPS7,51081.0,Amp5,5.62
X-5595,MSI2,124540.0,Amp5,5.46
X-5595,MSX2P1,55545.0,Amp5,5.46
X-5595,MTMR14,64419.0,Amp5,5.28
X-5595,MTMR4,9110.0,Amp5,6.59
X-5595,MTVR2,246754.0,Amp5,5.46
X-5595,MUC5B,727897.0,MutNovel,"R2292H,0.600"
X-5595,MUC5B,727897.0,MutNovel,"V3490G,1.000"
X-5595,MXRA7,439921.0,Amp5,5.54
X-5595,MYCBPAP,84073.0,Amp5,5.58
X-5595,MYO15B,80022.0,Amp5,5.62
X-5595,MYO1C,4641.0,MutNovel,"R751L,0.313"
X-5595,NACA2,342538.0,MutNovel,"R75K,1.000"
X-5595,NACA2,342538.0,MutNovel,"G65S,1.000"
X-5595,NACA2,342538.0,Amp5,5.54
X-5595,NAT9,26151.0,Amp5,5.62
X-5595,NCOR2,9612.0,MutNovel,"G1839GAAA,1.000"
X-5595,NCOR2,9612.0,MutNovel,"-511S,0.452"
X-5595,NCRNA00185,55410.0,Del0.8,0.33
X-5595,NFE2L3,9603.0,MutNovel,"E553D,0.401"
X-5595,NGFR,4804.0,Amp5,5.58
X-5595,NHSL1,57224.0,MutNovel,"G1309S,0.500"
X-5595,NLGN4Y,22829.0,Del0.8,0.33
X-5595,NOL11,25926.0,Amp5,5.62
X-5595,NR1D2,9975.0,MutNovel,"N319S,0.282"
X-5595,NT5C,30833.0,Amp5,5.62
X-5595,NUDC,10726.0,MutNovel,"S298Y,0.297"
X-5595,NUP85,79902.0,Amp5,5.62
X-5595,NXF5,55998.0,MutNovel,"T154I,1.000"
X-5595,NXPH3,11248.0,Amp5,5.58
X-5595,OGG1,4968.0,Amp5,5.28
X-5595,OR2T10,127069.0,Del0.8,0.69
X-5595,OR2T11,127077.0,Del0.8,0.69
X-5595,OR2T35,403244.0,Del0.8,0.69
X-5595,OR4D1,26689.0,Amp5,5.46
X-5595,OR4D2,124538.0,Amp5,5.46
X-5595,ORAI1,84876.0,MutNovel,"PP43-,1.000"
X-5595,OTOP2,92736.0,Amp5,5.62
X-5595,OTOP3,347741.0,Amp5,5.62
X-5595,OXTR,5021.0,Amp5,6.06
X-5595,PCDH11Y,83259.0,Del0.8,0.47
X-5595,PCDHB2,56133.0,MutNovel,"F428L,0.600"
X-5595,PDE6A,5145.0,MutNovel,"S625F,0.750"
X-5595,PDK2,5164.0,Amp5,5.58
X-5595,PDPR,55066.0,MutNovel,"R35L,0.235"
X-5595,PECAM1,5175.0,Amp5,5.54
X-5595,PGS1,9489.0,Amp5,7.94
X-5595,PHB,5245.0,Amp5,5.58
X-5595,PHLDA1,22822.0,MutNovel,"QQ194Q,1.000"
X-5595,PHLDB1,23187.0,MutNovel,"R871Q,1.000"
X-5595,PHOSPHO1,162466.0,Amp5,5.58
X-5595,PI4KA,5297.0,Amp8,20.25
X-5595,PI4KAP1,728233.0,Amp5,5.28
X-5595,PIEZO1,9780.0,MutNovel,"Q749E,0.241"
X-5595,PIGZ,80235.0,MutNovel,"G352D,0.545"
X-5595,PITPNC1,26207.0,Amp5,5.62
X-5595,PLEKHB1,58473.0,Amp5,7.46
X-5595,PLEKHM1P,440456.0,Amp5,5.54
X-5595,POLG2,11232.0,Amp5,5.54
X-5595,POM121L4P,266697.0,Amp8,23.59
X-5595,PPM1D,8493.0,Amp5,5.54
X-5595,PPM1E,22843.0,Amp5,6.59
X-5595,PPP1R9B,84687.0,Amp5,5.58
X-5595,PPP4R2,151987.0,Amp5,5.74
X-5595,PRAC,84366.0,Amp5,5.58
X-5595,PRCD,768206.0,Amp5,5.54
X-5595,PRKAR1A,5573.0,Amp5,5.62
X-5595,PRKCA,5578.0,Amp5,5.24
X-5595,PRKCI,5584.0,MutNovel,"V14G,0.333"
X-5595,PRKY,5616.0,Del0.8,0.36
X-5595,PRPSAP1,5635.0,Amp5,7.06
X-5595,PRR11,55771.0,Amp5,6.59
X-5595,PRRC2B,84726.0,MutNovel,"R1117L,0.985"
X-5595,PRRT3,285368.0,Amp5,5.28
X-5595,PRY,9081.0,Del0.8,0.33
X-5595,PRY,9081.0,Del0.8,0.2
X-5595,PRY2,442862.0,Del0.8,0.33
X-5595,PRY2,442862.0,Del0.8,0.2
X-5595,PSMC5,5705.0,Amp5,5.54
X-5595,PSMD12,5718.0,Amp5,5.62
X-5595,PTPN23,25930.0,MutNovel,"A1001V,0.561"
X-5595,PTRH2,51651.0,Amp5,5.54
X-5595,QRICH2,84074.0,Amp5,7.06
X-5595,RAB37,326624.0,Amp5,5.62
X-5595,RAB6A,5870.0,Amp5,7.46
X-5595,RAD18,56852.0,Amp5,6.06
X-5595,RAD51C,5889.0,Amp5,6.59
X-5595,RANBP1,5902.0,Amp5,5.17
X-5595,RASL10B,91608.0,Amp5,6.15
X-5595,RBFOX3,146713.0,Amp5,5.7
X-5595,RBMY1A3P,286557.0,Del0.8,0.33
X-5595,RBMY1B,378948.0,Del0.8,0.33
X-5595,RBMY1B,378948.0,Del0.8,0.33
X-5595,RBMY1E,378950.0,Del0.8,0.33
X-5595,RBMY1E,378950.0,Del0.8,0.33
X-5595,RBMY1F,159163.0,Del0.8,0.26
X-5595,RBMY1F,159163.0,Del0.8,0.33
X-5595,RBMY1J,378951.0,Del0.8,0.2
X-5595,RBMY1J,378951.0,Del0.8,0.33
X-5595,RBMY2EP,159125.0,Del0.8,0.33
X-5595,RBMY2FP,159162.0,Del0.8,0.33
X-5595,RBMY3AP,64593.0,Del0.8,0.33
X-5595,RDM1,201299.0,Amp5,6.15
X-5595,RECQL5,9400.0,Amp5,5.62
X-5595,RGS9,8787.0,Amp5,5.54
X-5595,RHBDF2,79651.0,Amp5,5.54
X-5595,RIMBP3,85376.0,Amp5,5.28
X-5595,RIN3,79890.0,MutNovel,"G967-,1.000"
X-5595,RNF126P1,376412.0,Amp5,5.46
X-5595,RNF157,114804.0,Amp5,5.54
X-5595,RNF43,54894.0,Amp5,6.02
X-5595,RNFT1,51136.0,Amp5,5.54
X-5595,RPL38,6169.0,Amp5,5.62
X-5595,RPS4Y1,6192.0,Del0.8,0.47
X-5595,RPS4Y2,140032.0,Del0.8,0.33
X-5595,RPS6KB1,6198.0,Amp5,5.54
X-5595,RPUSD3,285367.0,Amp5,5.28
X-5595,RSAD1,55316.0,Amp5,5.58
X-5595,RTN4R,65078.0,Amp8,9.38
X-5595,RUFY3,22902.0,MutNovel,"T4S,0.619"
X-5595,SAFB2,9667.0,MutNovel,"E710G,0.531"
X-5595,SAMD14,201191.0,Amp5,5.58
X-5595,SAP30BP,29115.0,Amp5,6.63
X-5595,SATB1,6304.0,Amp5,5.13
X-5595,SCARF2,91179.0,Amp8,12.55
X-5595,SCARNA16,677781.0,Amp5,5.54
X-5595,SCARNA20,677681.0,Amp5,5.54
X-5595,SCN3A,6328.0,MutNovel,"N43D,1.000"
X-5595,SCN4A,6329.0,Amp5,5.54
X-5595,SCPEP1,59342.0,Amp5,5.46
X-5595,SDK2,54549.0,Amp5,5.62
X-5595,SEC13,6396.0,Amp5,5.28
X-5595,SEC14L1,6397.0,Amp5,5.54
X-5595,2014-09-04 00:00:00,5414.0,Amp5,6.59
X-5595,2014-09-09 00:00:00,10801.0,Amp5,5.54
X-5595,SERINC2,347735.0,MutNovel,"-373Q,1.000"
X-5595,SERPIND1,3053.0,Amp8,23.59
X-5595,SETD5,55209.0,Amp5,5.28
X-5595,SGCA,6442.0,Amp5,5.58
X-5595,SHQ1,55164.0,Amp5,5.74
X-5595,SIRPG,55423.0,MutNovel,"M34V,1.000"
X-5595,SKA2,348235.0,Amp5,6.59
X-5595,SLC16A5,9121.0,Amp5,5.62
X-5595,SLC16A6,9120.0,Amp5,5.62
X-5595,SLC22A1,6580.0,MutNovel,"P283L,0.750"
X-5595,SLC25A19,60386.0,Amp5,5.62
X-5595,SLC35B1,10237.0,Amp5,5.58
X-5595,SLC39A11,201266.0,Amp5,5.62
X-5595,SLC9A3R1,9368.0,Amp5,5.62
X-5595,SMARCD2,6603.0,Amp5,5.54
X-5595,SMG8,55181.0,Amp5,6.59
X-5595,SMURF2,64750.0,Amp5,5.54
X-5595,SNAP29,9342.0,Amp8,23.75
X-5595,SNF8,11267.0,Amp5,5.58
X-5595,SNORA38B,100124536.0,Amp5,5.62
X-5595,SNORA76,677842.0,Amp5,5.54
X-5595,SNORD104,692227.0,Amp5,5.54
X-5595,SNORD1A,677848.0,Amp5,5.54
X-5595,SNORD1B,677849.0,Amp5,5.54
X-5595,SNORD1C,677850.0,Amp5,5.54
X-5595,SOCS3,9021.0,Amp5,7.94
X-5595,SON,6651.0,MutNovel,"A500T,0.307"
X-5595,SOX9,6662.0,Amp5,5.62
X-5595,SPAG9,9043.0,Amp5,5.58
X-5595,SPATA20,64847.0,Amp5,5.58
X-5595,SPHK1,8877.0,Amp5,7.06
X-5595,SPOP,8405.0,Amp5,5.58
X-5595,SPRR2B,6701.0,MutNovel,"Y67C,1.000"
X-5595,SPRR2B,6701.0,MutNovel,"P46Q,0.371"
X-5595,SPRR2B,6701.0,MutNovel,"P38S,0.974"
X-5595,SPRR2F,6705.0,MutNovel,"P38S,0.791"
X-5595,SPTY2D1,144108.0,MutNovel,"KR107R,0.294"
X-5595,SRGAP3,9901.0,Amp5,5.66
X-5595,SRP68,6730.0,Amp5,5.54
X-5595,SRSF1,6426.0,Amp5,5.46
X-5595,SRSF2,6427.0,Amp5,5.54
X-5595,SRY,6736.0,Del0.8,0.47
X-5595,SSTR2,6752.0,Amp5,5.62
X-5595,ST6GALNAC1,55808.0,Amp5,5.54
X-5595,ST6GALNAC2,10610.0,Amp5,5.54
X-5595,STAT2,6773.0,MutNovel,"S140N,0.500"
X-5595,STRADA,92335.0,Amp5,5.54
X-5595,SUMO2,6613.0,Amp5,5.62
X-5595,SUPT4H1,6827.0,Amp5,5.46
X-5595,SYNGR2,9144.0,Amp5,5.66
X-5595,TAB2,23118.0,MutNovel,"E501K,0.251"
X-5595,TAC4,255061.0,Amp5,5.58
X-5595,TACO1,51204.0,Amp5,5.54
X-5595,TADA3,10474.0,Amp5,5.28
X-5595,TAF15,8148.0,Amp5,6.15
X-5595,TANC2,26115.0,Amp5,5.54
X-5595,TATDN2,9797.0,Amp5,5.28
X-5595,TBC1D3P1-DHX40P1,653645.0,Amp5,5.54
X-5595,TBC1D3P2,440452.0,Amp5,5.54
X-5595,TBL1Y,90665.0,Del0.8,0.36
X-5595,TBP,6908.0,MutNovel,"-64Q,1.000"
X-5595,TBX2,6909.0,Amp5,5.54
X-5595,TBX4,9496.0,Amp5,5.54
X-5595,TCAM1P,146771.0,Amp5,5.54
X-5595,TEN1-CDK3,100529145.0,Amp5,5.54
X-5595,TEX14,56155.0,Amp5,6.59
X-5595,TEX2,55852.0,Amp5,5.54
X-5595,TGIF2LY,90655.0,Del0.8,0.47
X-5595,THADA,63892.0,MutNovel,"S1340-,0.520"
X-5595,THUMPD3,25917.0,Amp5,5.28
X-5595,TIMP2,7077.0,Amp5,7.94
X-5595,TK1,7083.0,Amp5,5.66
X-5595,TLK2,11011.0,Amp5,5.54
X-5595,TMBIM4,51643.0,MutKnownFunctional,"-174?,1.000"
X-5595,TMC6,11322.0,Amp5,5.66
X-5595,TMC8,147138.0,Amp5,5.66
X-5595,TMEM104,54868.0,Amp5,5.62
X-5595,TMEM191A,84222.0,Amp8,23.59
X-5595,TMEM191B,728229.0,Amp5,5.28
X-5595,TMEM191C,645426.0,MutKnownFunctional,"-149,0.417"
X-5595,TMEM235,283999.0,Amp5,5.66
X-5595,TMEM92,162461.0,Amp5,5.58
X-5595,TMSB4Y,9087.0,Del0.8,0.33
X-5595,TNFAIP6,7130.0,MutKnownFunctional,"-278,0.925"
X-5595,TNRC6C,57690.0,Amp5,5.66
X-5595,TOB1,10140.0,Amp5,5.58
X-5595,TRIM25,7706.0,Amp5,5.46
X-5595,TRIM37,4591.0,Amp5,6.59
X-5595,TRIM47,91107.0,Amp5,7.78
X-5595,TRIM49,57093.0,Amp5,5.46
X-5595,TRIM49L1,729384.0,Amp5,5.46
X-5595,TRIM49L1,729384.0,Amp5,5.46
X-5595,TRIM64,120146.0,Amp5,5.46
X-5595,TRIM64B,642446.0,Amp5,5.46
X-5595,TRIM65,201292.0,Amp5,7.78
X-5595,TRIM77P,390231.0,Amp5,5.46
X-5595,TRMT2A,27037.0,Amp5,5.17
X-5595,TSEN54,283989.0,Amp5,5.62
X-5595,TSPY1,7258.0,Del0.8,0.33
X-5595,TSPY2,64591.0,Del0.8,0.17
X-5595,TSPY3,728137.0,Del0.8,0.33
X-5595,TSPY4,728395.0,Del0.8,0.33
X-5595,TSPY8,728403.0,Del0.8,0.33
X-5595,TSPYL1,7259.0,MutNovel,"V176VW,1.000"
X-5595,TTLL3,26140.0,Amp5,5.28
X-5595,TTLL6,284076.0,Amp5,5.58
X-5595,TTTY10,246119.0,Del0.8,0.33
X-5595,TTTY11,83866.0,Del0.8,0.33
X-5595,TTTY12,83867.0,Del0.8,0.33
X-5595,TTTY13,83868.0,Del0.8,0.33
X-5595,TTTY14,83869.0,Del0.8,0.33
X-5595,TTTY15,64595.0,Del0.8,0.33
X-5595,TTTY16,252948.0,Del0.8,0.33
X-5595,TTTY17A,252949.0,Del0.8,0.2
X-5595,TTTY17A,252949.0,Del0.8,0.2
X-5595,TTTY18,252950.0,Del0.8,0.33
X-5595,TTTY19,252952.0,Del0.8,0.33
X-5595,TTTY1B,100101116.0,Del0.8,0.33
X-5595,TTTY1B,100101116.0,Del0.8,0.17
X-5595,TTTY2,60439.0,Del0.8,0.33
X-5595,TTTY2,60439.0,Del0.8,0.17
X-5595,TTTY20,252951.0,Del0.8,0.33
X-5595,TTTY21,252953.0,Del0.8,0.36
X-5595,TTTY21,252953.0,Del0.8,0.33
X-5595,TTTY22,252954.0,Del0.8,0.33
X-5595,TTTY23,252955.0,Del0.8,0.33
X-5595,TTTY23,252955.0,Del0.8,0.17
X-5595,TTTY3,114760.0,Del0.8,0.2
X-5595,TTTY3,114760.0,Del0.8,0.2
X-5595,TTTY4,114761.0,Del0.8,0.2
X-5595,TTTY4,114761.0,Del0.8,0.2
X-5595,TTTY5,83863.0,Del0.8,0.33
X-5595,TTTY6,84672.0,Del0.8,0.33
X-5595,TTTY6,84672.0,Del0.8,0.2
X-5595,TTTY7,246122.0,Del0.8,0.36
X-5595,TTTY7,246122.0,Del0.8,0.33
X-5595,TTTY7B,100101120.0,Del0.8,0.36
X-5595,TTTY7B,100101120.0,Del0.8,0.33
X-5595,TTTY8,84673.0,Del0.8,0.36
X-5595,TTTY8,84673.0,Del0.8,0.33
X-5595,TTTY9A,83864.0,Del0.8,0.19
X-5595,TTTY9A,83864.0,Del0.8,0.19
X-5595,TTYH2,94015.0,Amp5,5.62
X-5595,TUBD1,51174.0,Amp5,5.54
X-5595,TXLNG2P,246126.0,Del0.8,0.33
X-5595,UBE2O,63893.0,Amp5,5.1
X-5595,UBE2Z,65264.0,Amp5,5.58
X-5595,UNC13D,201294.0,Amp5,7.78
X-5595,UNC93B1,81622.0,MutNovel,"K62R,0.434"
X-5595,UNK,85451.0,Amp5,7.78
X-5595,USH1G,124590.0,Amp5,5.62
X-5595,USP32,84669.0,Amp5,5.54
X-5595,USP36,57602.0,MutNovel,"KKK958K,0.858"
X-5595,USP36,57602.0,Amp5,7.94
X-5595,USP9Y,8287.0,Del0.8,0.33
X-5595,UTP14C,9724.0,MutNovel,"R58W,0.714"
X-5595,UTY,7404.0,Del0.8,0.33
X-5595,VCX,26609.0,MutNovel,"T15R,1.000"
X-5595,VCX,26609.0,MutNovel,"A70G,1.000"
X-5595,VCX,26609.0,MutNovel,"M180G,0.216"
X-5595,VCY,9084.0,Del0.8,0.33
X-5595,VCY,9084.0,Del0.8,0.33
X-5595,VEZF1,7716.0,Amp5,5.46
X-5595,VHL,7428.0,Amp5,5.28
X-5595,VMP1,81671.0,Amp5,5.54
X-5595,WBP2,23558.0,Amp5,7.78
X-5595,WDR96,80217.0,MutNovel,"E295Q,0.667"
X-5595,WFIKKN2,124857.0,Amp5,5.58
X-5595,WIPI1,55062.0,Amp5,5.62
X-5595,XKRY2,353515.0,Del0.8,0.19
X-5595,XKRY2,353515.0,Del0.8,0.19
X-5595,XYLT2,64132.0,Amp5,5.58
X-5595,YEATS2,55689.0,MutNovel,"H1233R,0.735"
X-5595,YPEL2,388403.0,Amp5,6.59
X-5595,ZACN,353174.0,Amp5,5.54
X-5595,ZBTB10,65986.0,MutNovel,"S36L,0.500"
X-5595,ZDHHC8,29801.0,Amp5,6.96
X-5595,ZFY,7544.0,Del0.8,0.47
X-5595,ZNF219,51222.0,MutNovel,"QPP233P,1.000"
X-5595,ZNF384,171017.0,MutNovel,"QQ514Q,1.000"
X-5595,ZNF474,133923.0,MutKnownFunctional,"-317,0.550"
X-5595,ZNF616,90317.0,MutNovel,"T3I,0.333"
X-5595,ZNF652,22834.0,Amp5,5.58
X-5595,ZNF74,7625.0,Amp8,12.55
X-5627,A1BG,1.0,MutNovel,"S30G,1.000"
X-5627,ABCD1,215.0,Del0.8,0.73
X-5627,ACOT1,641371.0,Del0.8,0.74
X-5627,ACSL4,2182.0,Del0.8,0.72
X-5627,ACTA2,59.0,Del0.8,0.24
X-5627,ACTB,60.0,MutKnownFunctional,"-360?,0.247"
X-5627,ACTRT1,139741.0,Del0.8,0.73
X-5627,ADAM8,101.0,Del0.8,0.76
X-5627,ADM,133.0,Del0.8,0.76
X-5627,ADORA2B,136.0,Amp5,5.24
X-5627,AFF2,2334.0,Del0.8,0.72
X-5627,AGAP1,116987.0,Del0.8,0.72
X-5627,AGAP11,119385.0,Del0.8,0.71
X-5627,AGTR2,186.0,Del0.8,0.76
X-5627,AGXT,189.0,Del0.8,0.71
X-5627,AIFM1,9131.0,Del0.8,0.7
X-5627,AKAP10,11216.0,Amp5,5.24
X-5627,AKAP14,158798.0,Del0.8,0.73
X-5627,AKTIP,64400.0,Del0.8,0.28
X-5627,ALDH3A1,218.0,Amp5,5.24
X-5627,ALDH3A2,224.0,Amp5,5.24
X-5627,ALG13,79868.0,Del0.8,0.73
X-5627,ALG1L,200810.0,MutNovel,"M84T,0.500"
X-5627,ALG1L,200810.0,MutNovel,"V76A,0.500"
X-5627,ALKBH5,54890.0,Amp5,5.24
X-5627,ALKBH6,84964.0,Amp5,5.06
X-5627,ALPI,248.0,Del0.8,0.72
X-5627,ALPPL2,251.0,Del0.8,0.72
X-5627,AMELY,266.0,Del0.8,0.28
X-5627,AMMECR1,9949.0,Del0.8,0.72
X-5627,AMOT,154796.0,Del0.8,0.73
X-5627,AMY1A,276.0,Amp5,5.13
X-5627,ANKHD1-EIF4EBP3,404734.0,MutKnownFunctional,"-1460?,0.292"
X-5627,ANKRD22,118932.0,Del0.8,0.23
X-5627,ANKRD49,54851.0,Del0.8,0.71
X-5627,ANO7,50636.0,Del0.8,0.71
X-5627,AOC2,314.0,MutKnownFunctional,"-113?,0.714"
X-5627,APLN,8862.0,Del0.8,0.73
X-5627,APLP1,333.0,Amp5,5.06
X-5627,APOBEC3D,140564.0,MutNovel,"P257S,1.000"
X-5627,AQP12A,375318.0,Del0.8,0.71
X-5627,AQP12B,653437.0,Del0.8,0.71
X-5627,ARHGAP33,115703.0,Amp5,5.06
X-5627,ARHGAP36,158763.0,Del0.8,0.7
X-5627,ARHGAP4,393.0,Del0.8,0.73
X-5627,ARHGAP44,9912.0,Amp5,5.21
X-5627,ARHGEF6,9459.0,Del0.8,0.72
X-5627,ARL11,115761.0,Del0.8,0.23
X-5627,ARL4C,10123.0,Del0.8,0.72
X-5627,ARMC9,80210.0,Del0.8,0.69
X-5627,ARSA,410.0,MutNovel,"R116Q,0.424"
X-5627,ASB1,51665.0,Del0.8,0.73
X-5627,ASPN,54829.0,MutNovel,"E52VK,0.526"
X-5627,ATAD1,84896.0,Del0.8,0.23
X-5627,ATE1,11101.0,Del0.8,0.76
X-5627,ATG16L1,55054.0,Del0.8,0.72
X-5627,ATG4B,23192.0,Del0.8,0.71
X-5627,ATP1B4,23439.0,Del0.8,0.73
X-5627,ATP2B3,492.0,Del0.8,0.72
X-5627,ATP4A,495.0,Amp5,5.06
X-5627,ATP5G1,516.0,MutNovel,"R61Q,0.372"
X-5627,ATP6AP1,537.0,Del0.8,0.73
X-5627,ATP9B,374868.0,MutNovel,"V463L,0.513"
X-5627,ATPAF2,91647.0,Amp5,5.24
X-5627,ATXN1,6310.0,MutNovel,"Q204LSK,0.500"
X-5627,AVPR2,554.0,Del0.8,0.73
X-5627,B3GALT1,8708.0,Del0.8,0.7
X-5627,B3GNT7,93010.0,Del0.8,0.69
X-5627,B9D1,27077.0,Amp5,5.24
X-5627,BCHE,590.0,Amp5,5.06
X-5627,BCORP1,286554.0,Del0.8,0.2
X-5627,BGN,633.0,Del0.8,0.72
X-5627,BMPR1A,657.0,Del0.8,0.71
X-5627,BNIP3,664.0,Del0.8,0.76
X-5627,BOK,666.0,Del0.8,0.71
X-5627,BOK-AS1,100379249.0,Del0.8,0.71
X-5627,BPY2B,442867.0,Del0.8,0.07
X-5627,BPY2B,442867.0,Del0.8,0.12
X-5627,BRCC3,79184.0,Del0.8,0.73
X-5627,BRS3,680.0,Del0.8,0.72
X-5627,C10orf116,10974.0,Del0.8,0.71
X-5627,C10orf91,170393.0,Del0.8,0.76
X-5627,C16orf53,79447.0,MutNovel,"E23D,0.238"
X-5627,C17orf103,256302.0,Amp5,5.24
X-5627,C17orf39,79018.0,Amp5,5.24
X-5627,C17orf48,56985.0,Amp5,5.21
X-5627,C17orf51,339263.0,Amp5,5.24
X-5627,C17orf76-AS1,125144.0,Amp5,5.24
X-5627,C19orf55,148137.0,Amp5,5.06
X-5627,C1GALT1C1,29071.0,Del0.8,0.73
X-5627,C21orf56,84221.0,MutNovel,"G64R,1.000"
X-5627,C21orf58,54058.0,MutNovel,"H299PN,0.760"
X-5627,C2orf54,79919.0,Del0.8,0.71
X-5627,C2orf57,165100.0,Del0.8,0.69
X-5627,C2orf72,257407.0,Del0.8,0.69
X-5627,C2orf82,389084.0,Del0.8,0.72
X-5627,CA4,762.0,MutKnownFunctional,"-65?,0.294"
X-5627,CAB39,51719.0,Del0.8,0.69
X-5627,CAB39L,81617.0,Del0.8,0.2
X-5627,CALY,50632.0,Del0.8,0.76
X-5627,CAPN10,11132.0,Del0.8,0.71
X-5627,CAPN6,827.0,Del0.8,0.73
X-5627,CAPNS1,826.0,Amp5,5.06
X-5627,CBX4,8535.0,MutNovel,"HHH398-,0.489"
X-5627,CCDC142,84865.0,MutNovel,"Y305H,0.410"
X-5627,CCDC144A,9720.0,Amp5,5.24
X-5627,CCDC144B,284047.0,Amp5,5.24
X-5627,CCDC144C,348254.0,Amp5,5.24
X-5627,CCDC144NL,339184.0,Amp5,5.24
X-5627,CCDC160,347475.0,Del0.8,0.72
X-5627,CCDC66,285331.0,MutNovel,"S606SP,1.000"
X-5627,CCNE1,898.0,Amp5,5.58
X-5627,CD40LG,959.0,Del0.8,0.72
X-5627,CD99L2,83692.0,Del0.8,0.72
X-5627,CDADC1,81602.0,Del0.8,0.19
X-5627,CDK13,8621.0,MutNovel,"T670R,0.327"
X-5627,CDRT1,374286.0,Amp5,5.24
X-5627,CDRT15,146822.0,Amp5,5.24
X-5627,CDRT15L2,256223.0,Amp5,5.24
X-5627,CDRT15P1,94158.0,Amp5,5.24
X-5627,CDRT15P2,644694.0,Amp5,5.24
X-5627,CDRT4,284040.0,Amp5,5.24
X-5627,CDRT7,94150.0,Amp5,5.24
X-5627,CDY1B,253175.0,Del0.8,0.12
X-5627,CDY1B,253175.0,Del0.8,0.2
X-5627,CDY2A,9426.0,Del0.8,0.2
X-5627,CDY2A,9426.0,Del0.8,0.2
X-5627,CDY2B,203611.0,Del0.8,0.2
X-5627,CDY2B,203611.0,Del0.8,0.2
X-5627,CELSR1,9620.0,MutNovel,"D1950N,0.529"
X-5627,CENPV,201161.0,Amp5,5.24
X-5627,CETN2,1069.0,Del0.8,0.72
X-5627,CFL1P1,142913.0,Del0.8,0.17
X-5627,CH25H,9023.0,Del0.8,0.34
X-5627,CHD1,1105.0,Del0.8,0.67
X-5627,CHD9,80205.0,Del0.8,0.2
X-5627,CHRDL1,91851.0,Del0.8,0.72
X-5627,CHRND,1144.0,Del0.8,0.72
X-5627,CHRNG,1146.0,Del0.8,0.72
X-5627,CLIC2,1193.0,Del0.8,0.73
X-5627,CLIP3,25999.0,Amp5,5.06
X-5627,CLRN3,119467.0,Del0.8,0.76
X-5627,CNGA2,1260.0,Del0.8,0.72
X-5627,COBLL1,22837.0,MutKnownFunctional,"-907?,0.357"
X-5627,COL4A5,1287.0,Del0.8,0.68
X-5627,COL6A3,1293.0,Del0.8,0.73
X-5627,COPS3,8533.0,Amp5,5.24
X-5627,COPS7B,64708.0,Del0.8,0.73
X-5627,COPS8,10920.0,Del0.8,0.73
X-5627,COX10,1352.0,Amp5,5.24
X-5627,COX6B1,1340.0,Amp5,5.06
X-5627,COX7A1,1346.0,Amp5,5.06
X-5627,CRIPAK,285464.0,MutNovel,"V164A,0.300"
X-5627,CSAG1,158511.0,Del0.8,0.72
X-5627,CSAG2,728461.0,Del0.8,0.72
X-5627,CSAG2,728461.0,Del0.8,0.72
X-5627,CSAG3,389903.0,Del0.8,0.72
X-5627,CSAG3,389903.0,Del0.8,0.72
X-5627,CSPG4P1Y,114758.0,Del0.8,0.2
X-5627,CSPG4P1Y,114758.0,Del0.8,0.29
X-5627,CT45A1,541466.0,Del0.8,0.72
X-5627,CT45A2,728911.0,Del0.8,0.72
X-5627,CT45A3,441519.0,Del0.8,0.72
X-5627,CT45A4,441520.0,Del0.8,0.72
X-5627,CT45A4,441520.0,Del0.8,0.72
X-5627,CT45A5,441521.0,Del0.8,0.72
X-5627,CT45A6,541465.0,Del0.8,0.72
X-5627,CT47A1,728096.0,Del0.8,0.73
X-5627,CT47A10,728036.0,Del0.8,0.73
X-5627,CT47A6,728062.0,Del0.8,0.73
X-5627,CT47A7,653282.0,Del0.8,0.73
X-5627,CT47B1,643311.0,Del0.8,0.73
X-5627,CTAG1B,1485.0,Del0.8,0.73
X-5627,CTAG1B,1485.0,Del0.8,0.73
X-5627,CTAG2,30848.0,Del0.8,0.73
X-5627,CTAGE10P,220429.0,Del0.8,0.46
X-5627,CTAGE7P,119437.0,Del0.8,0.73
X-5627,CTSA,5476.0,MutNovel,"L29-,1.000"
X-5627,CTTNBP2,83992.0,MutNovel,"Q1111L,0.889"
X-5627,CUL4B,8450.0,Del0.8,0.73
X-5627,CXCR7,57007.0,Del0.8,0.73
X-5627,CXXC11,285093.0,Del0.8,0.71
X-5627,CXorf1,9142.0,Del0.8,0.72
X-5627,CXorf40A,91966.0,Del0.8,0.72
X-5627,CXorf40B,541578.0,Del0.8,0.72
X-5627,CXorf48,54967.0,Del0.8,0.72
X-5627,CXorf51A,100129239.0,Del0.8,0.72
X-5627,CXorf51A,100129239.0,Del0.8,0.72
X-5627,CXorf56,63932.0,Del0.8,0.73
X-5627,CXorf61,203413.0,Del0.8,0.73
X-5627,CXorf64,100130613.0,Del0.8,0.75
X-5627,CXorf68,100132963.0,Del0.8,0.73
X-5627,CXorf69,644538.0,Del0.8,0.72
X-5627,CYP2E1,1571.0,Del0.8,0.76
X-5627,D2HGDH,728294.0,Del0.8,0.71
X-5627,DAZ1,1617.0,Del0.8,0.2
X-5627,DAZ2,57055.0,Del0.8,0.13
X-5627,DAZ3,57054.0,Del0.8,0.12
X-5627,DAZ3,57054.0,Del0.8,0.07
X-5627,DAZ4,57135.0,Del0.8,0.1
X-5627,DAZ4,57135.0,Del0.8,0.14
X-5627,DCAF12L1,139170.0,Del0.8,0.75
X-5627,DCX,1641.0,Del0.8,0.73
X-5627,DDX26B,203522.0,Del0.8,0.72
X-5627,DDX3Y,8653.0,Del0.8,0.2
X-5627,DENND4B,9909.0,MutNovel,"QQQ908-,1.000"
X-5627,DGKD,8527.0,Del0.8,0.72
X-5627,DHRS7B,25979.0,Amp5,5.24
X-5627,DHRS7C,201140.0,Amp5,5.31
X-5627,DIAPH2,1730.0,Del0.8,0.68
X-5627,DIS3L2,129563.0,Del0.8,0.73
X-5627,DKC1,1736.0,Del0.8,0.73
X-5627,DKFZP434H168,26077.0,Del0.8,0.2
X-5627,DKFZp686D0853,401613.0,Del0.8,0.73
X-5627,DKFZp686K1684,440034.0,Del0.8,0.75
X-5627,DLEU1,10301.0,Del0.8,0.73
X-5627,DLEU2,8847.0,Del0.8,0.35
X-5627,DMKN,93099.0,Amp5,5.06
X-5627,DNAH9,1770.0,Amp5,5.21
X-5627,DNAJB3,414061.0,Del0.8,0.72
X-5627,DNASE1L1,1774.0,Del0.8,0.73
X-5627,DNER,92737.0,Del0.8,0.69
X-5627,DOCK11,139818.0,Del0.8,0.73
X-5627,DOK1,1796.0,MutNovel,"Q13H,0.765"
X-5627,DPY19L3,147991.0,Amp5,5.74
X-5627,DPYSL4,10570.0,Del0.8,0.76
X-5627,DRG2,1819.0,Amp5,5.24
X-5627,DTYMK,1841.0,Del0.8,0.71
X-5627,DUSP28,285193.0,Del0.8,0.71
X-5627,DUSP9,1852.0,Del0.8,0.72
X-5627,DUX2,26583.0,Del0.8,0.76
X-5627,DUX4,100288687.0,Del0.8,0.76
X-5627,DUX4L2,728410.0,Del0.8,0.76
X-5627,DUX4L3,653548.0,Del0.8,0.76
X-5627,EBF3,253738.0,Del0.8,0.73
X-5627,ECEL1,9427.0,Del0.8,0.72
X-5627,ECEL1P2,347694.0,Del0.8,0.72
X-5627,ECHS1,1892.0,Del0.8,0.76
X-5627,EFHD1,80303.0,Del0.8,0.72
X-5627,EIF1AY,9086.0,Del0.8,0.2
X-5627,EIF4E2,9470.0,Del0.8,0.72
X-5627,ELAC2,60528.0,Amp5,5.21
X-5627,ELAVL2,1993.0,MutNovel,"C11Y,0.265"
X-5627,ELF4,2000.0,Del0.8,0.7
X-5627,ELL3,80237.0,MutNovel,"P47R,0.529"
X-5627,EMD,2010.0,Del0.8,0.73
X-5627,EML4,27436.0,MutNovel,"S978L,0.269"
X-5627,ENOX2,10495.0,Del0.8,0.7
X-5627,ENTPD5,957.0,MutNovel,"T220I,0.235"
X-5627,EP400,57634.0,MutNovel,"A1473T,0.400"
X-5627,EPN2,22905.0,Amp5,5.24
X-5627,ERCC4,2072.0,MutNovel,"L254S,0.655"
X-5627,ESPNL,339768.0,Del0.8,0.73
X-5627,ETFB,2109.0,MutKnownFunctional,"-93?,0.550"
X-5627,ETV2,2116.0,Amp5,5.06
X-5627,EVPLL,645027.0,Amp5,5.24
X-5627,F8,2157.0,Del0.8,0.73
X-5627,F8A1,8263.0,Del0.8,0.73
X-5627,F8A1,8263.0,Del0.8,0.73
X-5627,FAM106A,80039.0,Amp5,5.24
X-5627,FAM106CP,100129396.0,Amp5,5.24
X-5627,FAM122B,159090.0,Del0.8,0.72
X-5627,FAM122C,159091.0,Del0.8,0.72
X-5627,FAM127A,8933.0,Del0.8,0.72
X-5627,FAM127B,26071.0,Del0.8,0.72
X-5627,FAM127C,441518.0,Del0.8,0.72
X-5627,FAM129B,64855.0,MutNovel,"R438Q,0.327"
X-5627,FAM133A,286499.0,Del0.8,0.74
X-5627,FAM18B1,51030.0,Amp5,5.24
X-5627,FAM18B2,201158.0,Amp5,5.24
X-5627,FAM18B2-CDRT4,100533496.0,Amp5,5.24
X-5627,FAM196A,642938.0,Del0.8,0.76
X-5627,FAM197Y2P,252946.0,Del0.8,0.2
X-5627,FAM211A,388341.0,Amp5,5.24
X-5627,FAM25A,643161.0,Del0.8,0.71
X-5627,FAM27L,284123.0,Amp5,5.24
X-5627,FAM3A,60343.0,Del0.8,0.73
X-5627,FAM41AY1,340618.0,Del0.8,0.2
X-5627,FAM41AY1,340618.0,Del0.8,0.2
X-5627,FAM45B,55855.0,Del0.8,0.7
X-5627,FAM50A,9130.0,Del0.8,0.73
X-5627,FAM58A,92002.0,Del0.8,0.72
X-5627,FAM59A,64762.0,MutNovel,"D749V,0.345"
X-5627,FAM70A,55026.0,Del0.8,0.73
X-5627,FAM83G,644815.0,Amp5,5.24
X-5627,FARP2,9855.0,Del0.8,0.71
X-5627,FAS,355.0,Del0.8,0.31
X-5627,FAS-AS1,100302740.0,Del0.8,0.31
X-5627,FATE1,89885.0,Del0.8,0.72
X-5627,FBXO33,254170.0,MutNovel,"S256C,0.242"
X-5627,FBXO36,130888.0,Del0.8,0.69
X-5627,FBXW10,10517.0,Amp5,5.24
X-5627,FFAR2,2867.0,Amp5,5.06
X-5627,FFAR3,2865.0,Amp5,5.06
X-5627,FGFR1OP,11116.0,MutNovel,"T55S,0.671"
X-5627,FHL1,2273.0,Del0.8,0.72
X-5627,FLCN,201163.0,Amp5,5.24
X-5627,FLG,2312.0,MutNovel,"E3624D,0.286"
X-5627,FLII,2314.0,Amp5,5.24
X-5627,FLJ34690,284034.0,Amp5,5.21
X-5627,FLJ35946,503569.0,Del0.8,0.67
X-5627,FLJ36000,284124.0,Amp5,5.24
X-5627,FLJ37201,283011.0,Del0.8,0.8
X-5627,FLJ43879,401039.0,Del0.8,0.73
X-5627,FLJ46300,399827.0,Del0.8,0.76
X-5627,FLNA,2316.0,Del0.8,0.73
X-5627,FMR1,2332.0,Del0.8,0.72
X-5627,FMR1-AS1,100126270.0,Del0.8,0.72
X-5627,FMR1NB,158521.0,Del0.8,0.72
X-5627,FNDC1,84624.0,MutNovel,"ATTRRTT1471A,1.000"
X-5627,FNDC3A,22862.0,Del0.8,0.22
X-5627,FOLR4,390243.0,Del0.8,0.74
X-5627,FOXI2,399823.0,Del0.8,0.76
X-5627,FOXO3B,2310.0,Amp5,5.24
X-5627,FRG2B,441581.0,Del0.8,0.76
X-5627,FRMD7,90167.0,Del0.8,0.72
X-5627,FUNDC2,65991.0,Del0.8,0.73
X-5627,FUT4,2526.0,Del0.8,0.71
X-5627,G6PD,2539.0,Del0.8,0.73
X-5627,GAB3,139716.0,Del0.8,0.73
X-5627,GABRA3,2556.0,Del0.8,0.72
X-5627,GABRE,2564.0,Del0.8,0.72
X-5627,GABRQ,55879.0,Del0.8,0.72
X-5627,GAL3ST2,64090.0,Del0.8,0.71
X-5627,GAPDHS,26330.0,Amp5,5.06
X-5627,GAS7,8522.0,Amp5,5.31
X-5627,GBX2,2637.0,Del0.8,0.72
X-5627,GDI1,2664.0,Del0.8,0.73
X-5627,GIGYF2,26058.0,MutNovel,"PQ1231P,1.000"
X-5627,GIGYF2,26058.0,Del0.8,0.72
X-5627,GINS4,84296.0,MutNovel,"E111K,0.206"
X-5627,GLP2R,9340.0,Amp5,5.31
X-5627,GLRX3,10539.0,Del0.8,0.73
X-5627,GLUD1,2746.0,Del0.8,0.71
X-5627,GLUD2,2747.0,Del0.8,0.73
X-5627,GNAO1,2775.0,Del0.8,0.54
X-5627,GOLGA2P2Y,84559.0,Del0.8,0.2
X-5627,GOLGA2P2Y,84559.0,Del0.8,0.29
X-5627,GPC1,2817.0,Del0.8,0.73
X-5627,GPR101,83550.0,Del0.8,0.72
X-5627,GPR112,139378.0,Del0.8,0.72
X-5627,GPR119,139760.0,Del0.8,0.7
X-5627,GPR123,84435.0,Del0.8,0.76
X-5627,GPR146,115330.0,MutNovel,"V103M,0.429"
X-5627,GPR35,2859.0,Del0.8,0.71
X-5627,GPR50,9248.0,Del0.8,0.72
X-5627,GPR55,9290.0,Del0.8,0.69
X-5627,GPR83,10888.0,Del0.8,0.71
X-5627,GRAP,10750.0,Amp5,5.24
X-5627,GRAPL,400581.0,Amp5,5.24
X-5627,GRIA3,2892.0,Del0.8,0.73
X-5627,GRIP2,80852.0,MutKnownFunctional,"-437?,1.000"
X-5627,GSK3A,2931.0,MutNovel,"M56T,1.000"
X-5627,GSTM1,2944.0,Del0.8,0.71
X-5627,GSTT1,2952.0,Amp5,6.15
X-5627,GUCY2F,2986.0,Del0.8,0.72
X-5627,GUSB,2990.0,MutNovel,"R296H,0.705"
X-5627,GYG2P1,352887.0,Del0.8,0.2
X-5627,H2AFB1,474382.0,Del0.8,0.73
X-5627,H2AFB1,474382.0,Del0.8,0.73
X-5627,HAUS5,23354.0,Amp5,5.06
X-5627,HAUS7,55559.0,Del0.8,0.72
X-5627,HCFC1,3054.0,Del0.8,0.73
X-5627,HCST,10870.0,Amp5,5.06
X-5627,HDAC4,9759.0,Del0.8,0.73
X-5627,HDLBP,3069.0,Del0.8,0.71
X-5627,HEATR5B,54497.0,MutKnownFunctional,"R800*,0.545"
X-5627,HERC2,8924.0,MutNovel,"T1638A,0.597"
X-5627,HES6,55502.0,Del0.8,0.73
X-5627,HIVEP1,3096.0,MutNovel,"V2705M,0.532"
X-5627,HJURP,55355.0,Del0.8,0.72
X-5627,HKR1,284459.0,Amp5,5.06
X-5627,HLA-G,3135.0,MutKnownFunctional,"A48*,1.000"
X-5627,HLA-G,3135.0,MutNovel,"D63A,1.000"
X-5627,HLA-G,3135.0,MutNovel,"L303Q,1.000"
X-5627,HLA-G,3135.0,MutNovel,"M309A,1.000"
X-5627,HMGB3,3149.0,Del0.8,0.72
X-5627,HNRNPU,3192.0,MutNovel,"E416K,0.627"
X-5627,HOXA1,3198.0,MutNovel,"HHHH69H,1.000"
X-5627,HPRT1,3251.0,Del0.8,0.72
X-5627,HS3ST3B1,9953.0,Amp5,5.24
X-5627,HS6ST2,90161.0,Del0.8,0.72
X-5627,HSFX2,100130086.0,Del0.8,0.72
X-5627,HSFX2,100130086.0,Del0.8,0.72
X-5627,HSFY2,159119.0,Del0.8,0.2
X-5627,HSFY2,159119.0,Del0.8,0.2
X-5627,HSPB6,126393.0,Amp5,5.06
X-5627,HTATSF1,27336.0,Del0.8,0.72
X-5627,HTR2B,3357.0,Del0.8,0.69
X-5627,HTR2C,3358.0,Del0.8,0.73
X-5627,IDH3G,3421.0,Del0.8,0.73
X-5627,IDS,3423.0,Del0.8,0.72
X-5627,IFIT1,3434.0,Del0.8,0.24
X-5627,IFIT1B,439996.0,Del0.8,0.18
X-5627,IFIT2,3433.0,Del0.8,0.35
X-5627,IFIT3,3437.0,Del0.8,0.35
X-5627,IFIT5,24138.0,Del0.8,0.31
X-5627,IGFLR1,79713.0,Amp5,5.06
X-5627,IGFN1,91156.0,MutNovel,"K1635E,0.486"
X-5627,IKBKG,8517.0,Del0.8,0.73
X-5627,IL13RA1,3597.0,MutNovel,"G21D,0.921"
X-5627,IL13RA1,3597.0,Del0.8,0.73
X-5627,IL13RA2,3598.0,Del0.8,0.76
X-5627,IL9R,3581.0,Del0.8,0.78
X-5627,ILKAP,80895.0,Del0.8,0.73
X-5627,ING5,84289.0,Del0.8,0.71
X-5627,INPP5A,3632.0,Del0.8,0.76
X-5627,INPP5D,3635.0,Del0.8,0.72
X-5627,IQCA1,79781.0,Del0.8,0.73
X-5627,IRAK1,3654.0,Del0.8,0.73
X-5627,IRF2BP2,359948.0,MutNovel,"P118S,1.000"
X-5627,IRS4,8471.0,Del0.8,0.68
X-5627,ITM2C,81618.0,Del0.8,0.69
X-5627,KCNE1L,23630.0,Del0.8,0.72
X-5627,KCNJ12,3768.0,Amp5,5.24
X-5627,KCNJ13,3769.0,Del0.8,0.72
X-5627,KCNRG,283518.0,Del0.8,0.73
X-5627,KDM5D,8284.0,Del0.8,0.2
X-5627,KIAA1210,57481.0,Del0.8,0.73
X-5627,KIF15,56992.0,MutNovel,"A225T,1.000"
X-5627,KIF1A,547.0,Del0.8,0.71
X-5627,KIF20B,9585.0,MutNovel,"L1062LKV,1.000"
X-5627,KIF20B,9585.0,Del0.8,0.8
X-5627,KIRREL2,84063.0,Amp5,5.06
X-5627,KLF10,7071.0,MutNovel,"S263C,1.000"
X-5627,KLHL13,90293.0,Del0.8,0.73
X-5627,KLHL30,377007.0,Del0.8,0.73
X-5627,KLLN,100144748.0,Del0.8,0.37
X-5627,KNDC1,85442.0,Del0.8,0.76
X-5627,KPNA3,3839.0,Del0.8,0.44
X-5627,KRT16P2,400578.0,Amp5,5.24
X-5627,KRT16P3,644945.0,Amp5,5.24
X-5627,KRTDAP,388533.0,Amp5,5.06
X-5627,L1CAM,3897.0,Del0.8,0.73
X-5627,LAGE3,8270.0,Del0.8,0.73
X-5627,LAMP2,3920.0,Del0.8,0.73
X-5627,LARP7,51574.0,MutNovel,"KE244K,0.599"
X-5627,LCE1D,353134.0,Del0.8,0.44
X-5627,LCE3C,353144.0,Del0.8,0.28
X-5627,LDB3,11155.0,Del0.8,0.71
X-5627,LGALS9B,284194.0,Amp5,5.24
X-5627,LGALS9C,654346.0,Amp5,5.24
X-5627,LHFPL1,340596.0,Del0.8,0.73
X-5627,LIN37,55957.0,Amp5,5.06
X-5627,LINC00086,399668.0,Del0.8,0.72
X-5627,LINC00087,644596.0,Del0.8,0.72
X-5627,LINC00471,151477.0,Del0.8,0.69
X-5627,LIPA,3988.0,Del0.8,0.24
X-5627,LIPF,8513.0,Del0.8,0.22
X-5627,LIPJ,142910.0,Del0.8,0.22
X-5627,LIPK,643414.0,Del0.8,0.21
X-5627,LIPM,340654.0,Del0.8,0.33
X-5627,LIPN,643418.0,Del0.8,0.21
X-5627,LLGL1,3996.0,Amp5,5.24
X-5627,LOC100128420,100128420.0,Del0.8,0.72
X-5627,LOC100128682,100128682.0,Amp5,5.06
X-5627,LOC100129515,100129515.0,Del0.8,0.72
X-5627,LOC100131434,100131434.0,Del0.8,0.72
X-5627,LOC100134317,100134317.0,Amp5,5.06
X-5627,LOC100272228,100272228.0,Del0.8,0.72
X-5627,LOC100286922,100286922.0,Del0.8,0.72
X-5627,LOC100289200,,MutNovel,"AAV15A,0.800"
X-5627,LOC100289230,100289230.0,Del0.8,0.67
X-5627,LOC100289255,100289255.0,Amp5,5.21
X-5627,LOC100505835,100505835.0,Amp5,5.06
X-5627,LOC100506469,100506469.0,Amp5,5.06
X-5627,LOC100506757,100506757.0,Del0.8,0.72
X-5627,LOC100506930,100506930.0,Amp5,5.06
X-5627,LOC100507404,100507404.0,Del0.8,0.73
X-5627,LOC100507404,100507404.0,Del0.8,0.73
X-5627,LOC100507433,100507433.0,Amp5,5.06
X-5627,LOC148145,148145.0,Amp5,5.06
X-5627,LOC148189,148189.0,Amp5,5.06
X-5627,LOC150935,150935.0,Del0.8,0.73
X-5627,LOC151171,151171.0,Del0.8,0.73
X-5627,LOC151174,151174.0,Del0.8,0.73
X-5627,LOC151475,151475.0,Del0.8,0.69
X-5627,LOC151484,151484.0,Del0.8,0.69
X-5627,LOC200772,200772.0,Del0.8,0.71
X-5627,LOC283856,283856.0,Del0.8,0.14
X-5627,LOC284395,284395.0,Amp5,5.06
X-5627,LOC284412,284412.0,Amp5,5.06
X-5627,LOC286467,286467.0,Del0.8,0.72
X-5627,LOC339240,339240.0,Amp5,5.24
X-5627,LOC348120,348120.0,Amp5,5.03
X-5627,LOC348761,348761.0,Del0.8,0.69
X-5627,LOC387723,387723.0,Del0.8,0.73
X-5627,LOC391322,391322.0,Amp5,6.15
X-5627,LOC554223,554223.0,MutNovel,"T110C,1.000"
X-5627,LOC554223,554223.0,MutNovel,"A117G,1.000"
X-5627,LOC554223,554223.0,MutNovel,"S181R,1.000"
X-5627,LOC619207,619207.0,Del0.8,0.76
X-5627,LOC643037,643037.0,Del0.8,0.71
X-5627,LOC643387,643387.0,Del0.8,0.73
X-5627,LOC643486,643486.0,Del0.8,0.75
X-5627,LOC643529,643529.0,Del0.8,0.8
X-5627,LOC644189,644189.0,Amp5,5.06
X-5627,LOC644554,644554.0,Amp5,5.06
X-5627,LOC647107,647107.0,Amp5,5.06
X-5627,LOC728047,,MutNovel,"P78L,1.000"
X-5627,LOC728323,728323.0,Del0.8,0.55
X-5627,LOC728752,728752.0,Amp5,5.06
X-5627,LOC729162,,MutKnownFunctional,"R44*,1.000"
X-5627,LONRF3,79836.0,Del0.8,0.73
X-5627,LPAR6,10161.0,Del0.8,0.22
X-5627,LRCH2,57631.0,Del0.8,0.76
X-5627,LRFN3,79414.0,Amp5,5.06
X-5627,LRRC27,80313.0,Del0.8,0.76
X-5627,LRRC48,83450.0,Amp5,5.24
X-5627,LRRFIP1,9208.0,Del0.8,0.63
X-5627,LSR,51599.0,MutNovel,"G518GR,1.000"
X-5627,LUZP4,51213.0,Del0.8,0.76
X-5627,MAGEA1,4100.0,Del0.8,0.72
X-5627,MAGEA10,4109.0,Del0.8,0.72
X-5627,MAGEA10-MAGEA5,100533997.0,Del0.8,0.72
X-5627,MAGEA11,4110.0,Del0.8,0.72
X-5627,MAGEA12,4111.0,Del0.8,0.72
X-5627,MAGEA2,4101.0,Del0.8,0.72
X-5627,MAGEA2,4101.0,Del0.8,0.72
X-5627,MAGEA3,4102.0,Del0.8,0.72
X-5627,MAGEA4,4103.0,Del0.8,0.72
X-5627,MAGEA5,4104.0,Del0.8,0.72
X-5627,MAGEA6,4105.0,Del0.8,0.72
X-5627,MAGEA8,4107.0,Del0.8,0.72
X-5627,MAGEA9B,728269.0,Del0.8,0.72
X-5627,MAGEA9B,728269.0,Del0.8,0.72
X-5627,MAGEC1,9947.0,MutNovel,"L316V,0.928"
X-5627,MAGEC2,51438.0,Del0.8,0.72
X-5627,MAGEF1,64110.0,MutKnownFunctional,"-18?,0.760"
X-5627,MAGI1,9223.0,MutNovel,"Q421HR,1.000"
X-5627,MAMLD1,10046.0,Del0.8,0.72
X-5627,MAP2K3,5606.0,Amp5,5.24
X-5627,MAP2K4,6416.0,Amp5,5.21
X-5627,MAP7D3,79649.0,Del0.8,0.72
X-5627,MAPK7,5598.0,Amp5,5.24
X-5627,MAZ,4150.0,MutNovel,"C454Y,0.703"
X-5627,MBNL3,55796.0,Del0.8,0.72
X-5627,MCCC1,56922.0,MutNovel,"R385S,0.394"
X-5627,MCTS1,28985.0,Del0.8,0.73
X-5627,MDM2,4193.0,MutNovel,"I372V,0.784"
X-5627,MECP2,4204.0,Del0.8,0.73
X-5627,MED15,51586.0,MutNovel,"-251Q,0.410"
X-5627,MED9,55090.0,Amp5,5.24
X-5627,MEF2A,4205.0,MutNovel,"Q412-,0.488"
X-5627,MEIS3P1,4213.0,Amp5,5.24
X-5627,MFAP4,4239.0,Amp5,5.24
X-5627,MFSD10,10227.0,MutKnownFunctional,"-112,0.479"
X-5627,MGAT1,4245.0,MutNovel,"R52W,0.672"
X-5627,MGC12916,84815.0,Amp5,5.24
X-5627,MGC16025,85009.0,Del0.8,0.73
X-5627,MGC16121,84848.0,Del0.8,0.72
X-5627,MGMT,4255.0,Del0.8,0.73
X-5627,MINPP1,9562.0,Del0.8,0.17
X-5627,MIR105-1,406897.0,Del0.8,0.72
X-5627,MIR105-2,406898.0,Del0.8,0.72
X-5627,MIR106A,406899.0,Del0.8,0.72
X-5627,MIR107,406901.0,Del0.8,0.23
X-5627,MIR1180,100302256.0,Amp5,5.24
X-5627,MIR1184-1,100302111.0,Del0.8,0.73
X-5627,MIR1184-1,100302111.0,Del0.8,0.73
X-5627,MIR1244-1,100302285.0,Del0.8,0.73
X-5627,MIR1264,100302251.0,Del0.8,0.73
X-5627,MIR1277,100302214.0,Del0.8,0.73
X-5627,MIR1288,100302124.0,Amp5,5.24
X-5627,MIR1298,100302153.0,Del0.8,0.73
X-5627,MIR1471,100302126.0,Del0.8,0.73
X-5627,MIR149,406941.0,Del0.8,0.73
X-5627,MIR16-1,406950.0,Del0.8,0.73
X-5627,MIR18B,574033.0,Del0.8,0.72
X-5627,MIR1911,100302222.0,Del0.8,0.73
X-5627,MIR1912,100302144.0,Del0.8,0.73
X-5627,MIR19B2,406981.0,Del0.8,0.72
X-5627,MIR202,574448.0,Del0.8,0.76
X-5627,MIR20B,574032.0,Del0.8,0.72
X-5627,MIR2114,100313839.0,Del0.8,0.72
X-5627,MIR2467,100616360.0,Del0.8,0.73
X-5627,MIR3202-1,100422987.0,Del0.8,0.73
X-5627,MIR3202-2,100422877.0,Del0.8,0.73
X-5627,MIR33B,693120.0,Amp5,5.24
X-5627,MIR346,442911.0,Del0.8,0.71
X-5627,MIR3613,100500908.0,Del0.8,0.73
X-5627,MIR363,574031.0,Del0.8,0.72
X-5627,MIR3935,100500891.0,Del0.8,0.2
X-5627,MIR3944,100500911.0,Del0.8,0.76
X-5627,MIR3978,100616491.0,Del0.8,0.72
X-5627,MIR424,494336.0,Del0.8,0.72
X-5627,MIR4269,100423043.0,Del0.8,0.73
X-5627,MIR4297,100422873.0,Del0.8,0.73
X-5627,MIR4329,100423009.0,Del0.8,0.73
X-5627,MIR4330,100422930.0,Del0.8,0.72
X-5627,MIR4440,100616397.0,Del0.8,0.73
X-5627,MIR4441,100616493.0,Del0.8,0.73
X-5627,MIR448,554212.0,Del0.8,0.73
X-5627,MIR450A1,554214.0,Del0.8,0.72
X-5627,MIR450A2,574505.0,Del0.8,0.72
X-5627,MIR450B,100126302.0,Del0.8,0.72
X-5627,MIR452,574412.0,Del0.8,0.72
X-5627,MIR4678,100616296.0,Del0.8,0.1
X-5627,MIR4679-1,100616128.0,Del0.8,0.2
X-5627,MIR4679-2,100616192.0,Del0.8,0.2
X-5627,MIR4731,100616125.0,Amp5,5.24
X-5627,MIR4777,100616317.0,Del0.8,0.69
X-5627,MIR4786,100616417.0,Del0.8,0.73
X-5627,MIR503,574506.0,Del0.8,0.72
X-5627,MIR506,574511.0,Del0.8,0.72
X-5627,MIR507,574512.0,Del0.8,0.72
X-5627,MIR508,574513.0,Del0.8,0.72
X-5627,MIR509-1,574514.0,Del0.8,0.72
X-5627,MIR510,574515.0,Del0.8,0.72
X-5627,MIR514A1,574516.0,Del0.8,0.72
X-5627,MIR514A2,574517.0,Del0.8,0.72
X-5627,MIR514B,100422847.0,Del0.8,0.72
X-5627,MIR542,664617.0,Del0.8,0.72
X-5627,MIR718,100313781.0,Del0.8,0.73
X-5627,MIR744,100126313.0,Amp5,5.21
X-5627,MIR764,100313838.0,Del0.8,0.73
X-5627,MIR766,768218.0,Del0.8,0.73
X-5627,MIR767,768215.0,Del0.8,0.72
X-5627,MIR888,100126306.0,Del0.8,0.72
X-5627,MIR890,100126303.0,Del0.8,0.72
X-5627,MIR891A,100126341.0,Del0.8,0.72
X-5627,MIR891B,100126304.0,Del0.8,0.72
X-5627,MIR892A,100126342.0,Del0.8,0.72
X-5627,MIR892B,100126307.0,Del0.8,0.72
X-5627,MIR92A2,407049.0,Del0.8,0.72
X-5627,MIR934,100126324.0,Del0.8,0.72
X-5627,MKI67,4288.0,Del0.8,0.56
X-5627,MLL4,9757.0,Amp5,5.06
X-5627,MLNR,2862.0,Del0.8,0.3
X-5627,MLPH,79083.0,Del0.8,0.73
X-5627,MMGT1,93380.0,Del0.8,0.72
X-5627,MMRN2,79812.0,Del0.8,0.71
X-5627,MOSPD1,56180.0,Del0.8,0.72
X-5627,MPP1,4354.0,Del0.8,0.73
X-5627,MPRIP,23164.0,Amp5,5.24
X-5627,MRE11A,4361.0,Del0.8,0.71
X-5627,MRPS34,65993.0,MutNovel,"D90N,0.676"
X-5627,MSH6,2956.0,MutNovel,"I1019V,0.318"
X-5627,MSL3P1,151507.0,Del0.8,0.72
X-5627,MST4,51765.0,Del0.8,0.72
X-5627,MT1H,4496.0,MutNovel,"I49V,1.000"
X-5627,MTCP1,4515.0,Del0.8,0.73
X-5627,MTCP1NB,100272147.0,Del0.8,0.73
X-5627,MTERFD2,130916.0,Del0.8,0.71
X-5627,MTG1,92170.0,Del0.8,0.76
X-5627,MTM1,4534.0,Del0.8,0.72
X-5627,MTMR1,8776.0,Del0.8,0.72
X-5627,MTRNR2L1,100462977.0,Amp5,5.24
X-5627,MYEOV2,150678.0,Del0.8,0.73
X-5627,MYH1,4619.0,Amp5,5.21
X-5627,MYH13,8735.0,Amp5,5.31
X-5627,MYH2,4620.0,Amp5,5.21
X-5627,MYH3,4621.0,Amp5,5.21
X-5627,MYH4,4622.0,Amp5,6.5
X-5627,MYH8,4626.0,Amp5,6.54
X-5627,MYO15A,51168.0,Amp5,5.24
X-5627,MYOCD,93649.0,Amp5,5.21
X-5627,NAA10,8260.0,Del0.8,0.73
X-5627,NAP1L3,4675.0,Del0.8,0.74
X-5627,NBEAL1,65065.0,MutNovel,"D80H,1.000"
X-5627,NBPF12,,MutNovel,"S266C,0.467"
X-5627,NBPF9,400818.0,MutNovel,"R19W,0.455"
X-5627,NCL,4691.0,Del0.8,0.69
X-5627,NCOA1,8648.0,MutNovel,"A737V,0.218"
X-5627,NCOR1,9611.0,MutNovel,"V751D,0.532"
X-5627,NCOR1,9611.0,Amp5,5.24
X-5627,NCOR2,9612.0,MutNovel,"G1839GAAA,1.000"
X-5627,NCOR2,9612.0,MutNovel,"-511S,0.987"
X-5627,NCRNA00185,55410.0,Del0.8,0.2
X-5627,NDN,4692.0,MutNovel,"P88S,0.500"
X-5627,NDUFA1,4694.0,Del0.8,0.73
X-5627,NDUFA10,4705.0,Del0.8,0.73
X-5627,NEU2,4759.0,Del0.8,0.72
X-5627,NEU4,129807.0,Del0.8,0.71
X-5627,NFKBID,84807.0,Amp5,5.06
X-5627,NGEF,25791.0,Del0.8,0.72
X-5627,NKAP,79576.0,Del0.8,0.73
X-5627,NKAPP1,158801.0,Del0.8,0.73
X-5627,NKRF,55922.0,Del0.8,0.73
X-5627,NKX6-2,84504.0,Del0.8,0.76
X-5627,NLGN4Y,22829.0,Del0.8,0.2
X-5627,NME3,4832.0,MutNovel,"T7I,0.390"
X-5627,NMUR1,10316.0,Del0.8,0.69
X-5627,NPC1,4864.0,MutNovel,"N1156S,0.482"
X-5627,NPHS1,4868.0,Amp5,5.06
X-5627,NPPC,4880.0,Del0.8,0.73
X-5627,NPS,594857.0,Del0.8,0.76
X-5627,NR4A1,3164.0,MutNovel,"R329Q,0.520"
X-5627,NSDHL,50814.0,Del0.8,0.72
X-5627,NSMCE4A,54780.0,Del0.8,0.76
X-5627,NSUN4,387338.0,MutNovel,"R15H,0.586"
X-5627,NT5M,56953.0,Amp5,5.24
X-5627,NXT2,55916.0,Del0.8,0.72
X-5627,OBSCN,84033.0,MutNovel,"K1347R,1.000"
X-5627,OCRL,4952.0,Del0.8,0.73
X-5627,ODZ1,10178.0,Del0.8,0.48
X-5627,OPN1LW,5956.0,Del0.8,0.73
X-5627,OPN1MW,2652.0,Del0.8,0.73
X-5627,OPN4,94233.0,Del0.8,0.71
X-5627,OR13H1,347468.0,Del0.8,0.72
X-5627,OR2T3,343173.0,Del0.8,0.65
X-5627,OR52N1,79473.0,Del0.8,0.47
X-5627,OR52N5,390075.0,Del0.8,0.16
X-5627,OR6B2,389090.0,Del0.8,0.73
X-5627,OR6B3,150681.0,Del0.8,0.73
X-5627,ORAI1,84876.0,MutNovel,"PP43-,1.000"
X-5627,OTOS,150677.0,Del0.8,0.73
X-5627,OXLD1,,MutNovel,"R117G,0.382"
X-5627,PAK3,5063.0,Del0.8,0.73
X-5627,PANK1,53354.0,Del0.8,0.43
X-5627,PAOX,196743.0,Del0.8,0.76
X-5627,PAPSS2,9060.0,Del0.8,0.2
X-5627,PASD1,139135.0,Del0.8,0.72
X-5627,PASK,23178.0,Del0.8,0.71
X-5627,PCDH11X,27328.0,Del0.8,0.5
X-5627,PCDH11Y,83259.0,Del0.8,0.28
X-5627,PCDHB9,56127.0,MutNovel,"P677H,0.800"
X-5627,PCDHGC5,56097.0,MutNovel,"N448S,0.333"
X-5627,PCSK9,255738.0,MutNovel,"-15L,0.375"
X-5627,PDCD1,5133.0,Del0.8,0.71
X-5627,PDE6D,5147.0,Del0.8,0.73
X-5627,PDZD4,57595.0,Del0.8,0.73
X-5627,PEMT,10400.0,Amp5,5.24
X-5627,PER2,8864.0,Del0.8,0.73
X-5627,PEX1,5189.0,MutNovel,"D68E,0.567"
X-5627,PGRMC1,10857.0,Del0.8,0.73
X-5627,PHF11,51131.0,Del0.8,0.21
X-5627,PHF6,84295.0,Del0.8,0.72
X-5627,PHLDA1,22822.0,MutNovel,"QQ194Q,1.000"
X-5627,PID1,55022.0,Del0.8,0.69
X-5627,PIGL,9487.0,Amp5,5.24
X-5627,PIRT,644139.0,Amp5,5.21
X-5627,PITRM1,10531.0,MutNovel,"H254R,0.610"
X-5627,PIWIL4,143689.0,Del0.8,0.71
X-5627,PKD2,5311.0,MutNovel,"N434K,0.312"
X-5627,PLAC1,10761.0,Del0.8,0.72
X-5627,PLD6,201164.0,Amp5,5.24
X-5627,PLEKHF1,79156.0,Amp5,5.06
X-5627,PLS3,5358.0,Del0.8,0.76
X-5627,PLXNA3,55558.0,Del0.8,0.73
X-5627,PLXNB3,5365.0,Del0.8,0.73
X-5627,PMP22,5376.0,Amp5,5.24
X-5627,PNMA3,29944.0,Del0.8,0.72
X-5627,PNMA5,114824.0,Del0.8,0.72
X-5627,PNMA6A,84968.0,Del0.8,0.72
X-5627,PNMA6A,84968.0,Del0.8,0.72
X-5627,PNMA6C,100287428.0,Del0.8,0.72
X-5627,PNMA6D,100287466.0,Del0.8,0.72
X-5627,PNMA6D,100287466.0,Del0.8,0.72
X-5627,POLR2I,5438.0,Amp5,5.06
X-5627,POP4,10775.0,Amp5,5.06
X-5627,POTEE,445582.0,MutNovel,"V1041I,1.000"
X-5627,POTEE,445582.0,MutNovel,"V1041T,1.000"
X-5627,POTEE,445582.0,MutKnownFunctional,"-1060?,1.000"
X-5627,POTEF,728378.0,MutKnownFunctional,"-1060?,1.000"
X-5627,POTEI,,MutKnownFunctional,"-1060?,1.000"
X-5627,POTEI,,MutNovel,"G1042D,1.000"
X-5627,PP14571,100130449.0,Del0.8,0.73
X-5627,PPP1R7,5510.0,Del0.8,0.71
X-5627,PPP2R1A,5518.0,MutNovel,"A3V,0.289"
X-5627,PPP2R2D,55844.0,Del0.8,0.76
X-5627,PRAP1,118471.0,Del0.8,0.76
X-5627,PRKY,5616.0,Del0.8,0.28
X-5627,PRLH,51052.0,Del0.8,0.73
X-5627,PRODH2,58510.0,Amp5,5.06
X-5627,PRPSAP2,5636.0,Amp5,5.24
X-5627,PRR14L,253143.0,MutKnownFunctional,"Q1194*,0.408"
X-5627,PRR21,643905.0,Del0.8,0.73
X-5627,PRRG3,79057.0,Del0.8,0.72
X-5627,PRSS56,646960.0,Del0.8,0.72
X-5627,PRY,9081.0,Del0.8,0.2
X-5627,PRY,9081.0,Del0.8,0.2
X-5627,PRY2,442862.0,Del0.8,0.2
X-5627,PRY2,442862.0,Del0.8,0.2
X-5627,PSENEN,55851.0,Amp5,5.06
X-5627,PSMD1,5707.0,Del0.8,0.69
X-5627,PTCH1,5727.0,MutNovel,"P1315F,1.000"
X-5627,PTEN,5728.0,Del0.8,0.5
X-5627,PTMA,5757.0,Del0.8,0.73
X-5627,PTPRE,5791.0,Del0.8,0.76
X-5627,PWWP2B,170394.0,Del0.8,0.76
X-5627,RAB17,64284.0,Del0.8,0.73
X-5627,RAB33A,9363.0,Del0.8,0.7
X-5627,RAB39B,116442.0,Del0.8,0.73
X-5627,RAI1,10743.0,Amp5,5.24
X-5627,RAMP1,10267.0,Del0.8,0.73
X-5627,RAP2C,57826.0,Del0.8,0.72
X-5627,RASD1,51655.0,Amp5,5.24
X-5627,RB1,5925.0,Del0.8,0.37
X-5627,RBL2,5934.0,Del0.8,0.28
X-5627,RBM42,79171.0,Amp5,5.06
X-5627,RBM44,375316.0,Del0.8,0.73
X-5627,RBMX,27316.0,Del0.8,0.72
X-5627,RBMX2,51634.0,Del0.8,0.7
X-5627,RBMXL3,139804.0,Del0.8,0.76
X-5627,RBMY1A3P,286557.0,Del0.8,0.2
X-5627,RBMY1B,378948.0,Del0.8,0.2
X-5627,RBMY1B,378948.0,Del0.8,0.2
X-5627,RBMY1E,378950.0,Del0.8,0.2
X-5627,RBMY1E,378950.0,Del0.8,0.2
X-5627,RBMY1F,159163.0,Del0.8,0.2
X-5627,RBMY1F,159163.0,Del0.8,0.2
X-5627,RBMY1J,378951.0,Del0.8,0.2
X-5627,RBMY1J,378951.0,Del0.8,0.2
X-5627,RBMY2EP,159125.0,Del0.8,0.2
X-5627,RBMY2FP,159162.0,Del0.8,0.2
X-5627,RBMY3AP,64593.0,Del0.8,0.2
X-5627,RCBTB1,55213.0,Del0.8,0.21
X-5627,RCBTB2,1102.0,Del0.8,0.18
X-5627,RCVRN,5957.0,Amp5,5.31
X-5627,RENBP,5973.0,Del0.8,0.73
X-5627,RGAG1,57529.0,Del0.8,0.72
X-5627,RGMB,285704.0,Del0.8,0.67
X-5627,RHOXF1,158800.0,Del0.8,0.73
X-5627,RHOXF2B,727940.0,Del0.8,0.73
X-5627,RHOXF2B,727940.0,Del0.8,0.73
X-5627,RIN3,79890.0,MutNovel,"G967-,1.000"
X-5627,RNF112,7732.0,Amp5,5.24
X-5627,RNF113A,7737.0,Del0.8,0.73
X-5627,RNF34,80196.0,MutNovel,"D323N,0.338"
X-5627,RNLS,55328.0,Del0.8,0.21
X-5627,RNPEPL1,57140.0,Del0.8,0.71
X-5627,RPA4,29935.0,Del0.8,0.68
X-5627,RPL10,6134.0,Del0.8,0.73
X-5627,RPL39,6170.0,Del0.8,0.73
X-5627,RPS4Y1,6192.0,Del0.8,0.28
X-5627,RPS4Y2,140032.0,Del0.8,0.2
X-5627,RTEL1,51750.0,MutNovel,"GE794G,0.520"
X-5627,SAG,6295.0,Del0.8,0.72
X-5627,SAGE1,55511.0,Del0.8,0.72
X-5627,SASH3,54440.0,Del0.8,0.73
X-5627,SBSN,374897.0,Amp5,5.06
X-5627,SCARNA5,677775.0,Del0.8,0.72
X-5627,SCARNA6,677772.0,Del0.8,0.72
X-5627,SCLY,51540.0,Del0.8,0.73
X-5627,SCO1,6341.0,Amp5,5.21
X-5627,SDHAF1,644096.0,Amp5,5.06
X-5627,SEC31A,22872.0,MutNovel,"K811R,0.411"
X-5627,SENP7,57337.0,MutKnownFunctional,"-328?,1.000"
X-5627,SEPT2,4735.0,Del0.8,0.71
X-5627,SEPT6,23157.0,Del0.8,0.73
X-5627,SEPT8,23176.0,MutNovel,"V274M,0.614"
X-5627,SERHL2,253190.0,MutNovel,"H168Q,0.500"
X-5627,SERINC2,347735.0,MutNovel,"-373Q,1.000"
X-5627,SETDB2,83852.0,Del0.8,0.23
X-5627,SGK223,157285.0,MutNovel,"K844R,1.000"
X-5627,SH2D1A,4068.0,Del0.8,0.75
X-5627,SH3BP4,23677.0,Del0.8,0.72
X-5627,SHISA6,388336.0,Amp5,5.21
X-5627,SHMT1,6470.0,Amp5,5.24
X-5627,SI,6476.0,Amp5,5.06
X-5627,SIRPB1,10326.0,MutNovel,"P352L,0.667"
X-5627,SLC10A3,8273.0,Del0.8,0.73
X-5627,SLC16A12,387700.0,Del0.8,0.36
X-5627,SLC16A14,151473.0,Del0.8,0.69
X-5627,SLC22A4,6583.0,MutKnownFunctional,"-505?,0.263"
X-5627,SLC25A14,9016.0,Del0.8,0.7
X-5627,SLC25A43,203427.0,Del0.8,0.73
X-5627,SLC25A5,292.0,Del0.8,0.73
X-5627,SLC25A5-AS1,100303728.0,Del0.8,0.73
X-5627,SLC35A2,7355.0,MutNovel,"R162H,0.785"
X-5627,SLC35F5,80255.0,MutKnownFunctional,"-248?,0.250"
X-5627,SLC47A1,55244.0,Amp5,5.24
X-5627,SLC47A2,146802.0,Amp5,5.24
X-5627,SLC5A10,125206.0,Amp5,5.24
X-5627,SLC6A14,11254.0,Del0.8,0.73
X-5627,SLC9A6,10479.0,Del0.8,0.72
X-5627,SLITRK2,84631.0,Del0.8,0.72
X-5627,SLITRK3,22865.0,Amp5,5.06
X-5627,SLITRK4,139065.0,Del0.8,0.72
X-5627,SMARCA1,6594.0,Del0.8,0.73
X-5627,SMCR5,140771.0,Amp5,5.24
X-5627,SMCR7,125170.0,Amp5,5.24
X-5627,SMCR8,140775.0,Amp5,5.24
X-5627,SMCR9,140776.0,Amp5,5.24
X-5627,SNCG,6623.0,Del0.8,0.71
X-5627,SNED1,25992.0,Del0.8,0.71
X-5627,SNORA35,677816.0,Del0.8,0.73
X-5627,SNORA36A,677817.0,Del0.8,0.73
X-5627,SNORA56,677835.0,Del0.8,0.73
X-5627,SNORA59B,677882.0,Amp5,5.24
X-5627,SNORA69,26779.0,Del0.8,0.73
X-5627,SNORA70,26778.0,Del0.8,0.73
X-5627,SNORA75,654321.0,Del0.8,0.69
X-5627,SNORD20,6082.0,Del0.8,0.69
X-5627,SNORD49A,26800.0,Amp5,5.24
X-5627,SNORD49B,692087.0,Amp5,5.24
X-5627,SNORD61,26787.0,Del0.8,0.72
X-5627,SNORD65,692106.0,Amp5,5.24
X-5627,SNORD82,25826.0,Del0.8,0.69
X-5627,SNORD96B,692226.0,Del0.8,0.72
X-5627,SOCS1,8651.0,MutNovel,"PAP48P,0.641"
X-5627,SOWAHD,347454.0,Del0.8,0.73
X-5627,SP100,6672.0,Del0.8,0.69
X-5627,SP110,3431.0,Del0.8,0.69
X-5627,SP140,11262.0,Del0.8,0.69
X-5627,SP140L,93349.0,Del0.8,0.69
X-5627,SPANXN1,494118.0,Del0.8,0.72
X-5627,SPANXN2,494119.0,Del0.8,0.72
X-5627,SPANXN3,139067.0,Del0.8,0.72
X-5627,SPANXN4,441525.0,Del0.8,0.72
X-5627,SPATA3,130560.0,Del0.8,0.69
X-5627,SPECC1,92521.0,Amp5,5.24
X-5627,SPIN4,139886.0,Del0.8,0.8
X-5627,SPP2,6694.0,Del0.8,0.72
X-5627,SPRN,503542.0,Del0.8,0.76
X-5627,SPRNP1,399833.0,Del0.8,0.76
X-5627,SPRY3,10251.0,Del0.8,0.78
X-5627,SPRYD7,57213.0,Del0.8,0.17
X-5627,SREBF1,6720.0,Amp5,5.24
X-5627,SRPK3,26576.0,Del0.8,0.73
X-5627,SRY,6736.0,Del0.8,0.28
X-5627,SSR4,6748.0,Del0.8,0.73
X-5627,ST13P4,145165.0,Del0.8,0.73
X-5627,STAMBPL1,57559.0,Del0.8,0.23
X-5627,STK25,10494.0,Del0.8,0.71
X-5627,STK32C,282974.0,Del0.8,0.76
X-5627,STK39,27347.0,Del0.8,0.7
X-5627,SYCE1,93426.0,Del0.8,0.76
X-5627,TAZ,6901.0,Del0.8,0.73
X-5627,TBC1D26,353149.0,Amp5,5.24
X-5627,TBC1D28,254272.0,Amp5,5.24
X-5627,TBCB,1155.0,Amp5,5.06
X-5627,TBL1Y,90665.0,Del0.8,0.28
X-5627,TCTN1,79600.0,MutNovel,"D15N,0.984"
X-5627,TDGF1P3,6998.0,Del0.8,0.72
X-5627,TEKT3,64518.0,Amp5,5.24
X-5627,TEX28,1527.0,Del0.8,0.73
X-5627,TFDP3,51270.0,Del0.8,0.72
X-5627,TGIF2LY,90655.0,Del0.8,0.28
X-5627,THAP4,51078.0,Del0.8,0.71
X-5627,THAP8,199745.0,Amp5,5.06
X-5627,THEG5,100507527.0,Amp5,5.74
X-5627,TIGD1,200765.0,Del0.8,0.72
X-5627,TIGD6,81789.0,MutNovel,"S472N,0.214"
X-5627,TIMM23,100287932.0,MutNovel,"R70W,1.000"
X-5627,TKTL1,8277.0,Del0.8,0.73
X-5627,TMBIM4,51643.0,MutKnownFunctional,"-174?,0.788"
X-5627,TMEM11,8834.0,Amp5,5.24
X-5627,TMEM147,10430.0,Amp5,5.06
X-5627,TMEM164,84187.0,Del0.8,0.72
X-5627,TMEM185A,84548.0,Del0.8,0.72
X-5627,TMEM187,8269.0,Del0.8,0.73
X-5627,TMEM220,388335.0,Amp5,5.21
X-5627,TMEM240,339453.0,MutNovel,"A152T,0.600"
X-5627,TMSB4Y,9087.0,Del0.8,0.2
X-5627,TNFAIP2,7127.0,MutNovel,"P147Q,0.792"
X-5627,TNFRSF13B,23495.0,Amp5,5.24
X-5627,TNFRSF1B,7133.0,MutNovel,"P348T,0.625"
X-5627,TOM1L2,146691.0,Amp5,5.24
X-5627,TOP3A,7156.0,Amp5,5.24
X-5627,TP53,7157.0,MutLikelyFunctional,"H193R,1.000"
X-5627,TP53RK,112858.0,MutNovel,"R93C,0.497"
X-5627,TRAF3IP1,26146.0,Del0.8,0.73
X-5627,TREX2,11219.0,Del0.8,0.72
X-5627,TRIM13,10206.0,Del0.8,0.73
X-5627,TRIM16,10626.0,Amp5,5.24
X-5627,TRIM16L,147166.0,Amp5,5.24
X-5627,TRIP12,9320.0,Del0.8,0.69
X-5627,TRIP4,9325.0,MutNovel,"V496M,0.536"
X-5627,TRPC5,7224.0,Del0.8,0.73
X-5627,TRPM8,79054.0,Del0.8,0.72
X-5627,TRPV2,51393.0,Amp5,5.24
X-5627,TSPY1,7258.0,Del0.8,0.2
X-5627,TSPY2,64591.0,Del0.8,0.28
X-5627,TSPY3,728137.0,Del0.8,0.2
X-5627,TSPY4,728395.0,Del0.8,0.2
X-5627,TSPY8,728403.0,Del0.8,0.2
X-5627,TSPYL1,7259.0,MutNovel,"V176VW,0.517"
X-5627,TTC19,54902.0,Amp5,5.24
X-5627,TTC40,54777.0,Del0.8,0.76
X-5627,TTTY10,246119.0,Del0.8,0.2
X-5627,TTTY11,83866.0,Del0.8,0.2
X-5627,TTTY12,83867.0,Del0.8,0.2
X-5627,TTTY13,83868.0,Del0.8,0.2
X-5627,TTTY14,83869.0,Del0.8,0.2
X-5627,TTTY15,64595.0,Del0.8,0.2
X-5627,TTTY16,252948.0,Del0.8,0.2
X-5627,TTTY17A,252949.0,Del0.8,0.29
X-5627,TTTY17A,252949.0,Del0.8,0.12
X-5627,TTTY18,252950.0,Del0.8,0.2
X-5627,TTTY19,252952.0,Del0.8,0.2
X-5627,TTTY1B,100101116.0,Del0.8,0.28
X-5627,TTTY1B,100101116.0,Del0.8,0.2
X-5627,TTTY2,60439.0,Del0.8,0.28
X-5627,TTTY2,60439.0,Del0.8,0.2
X-5627,TTTY20,252951.0,Del0.8,0.2
X-5627,TTTY21,252953.0,Del0.8,0.28
X-5627,TTTY21,252953.0,Del0.8,0.2
X-5627,TTTY22,252954.0,Del0.8,0.2
X-5627,TTTY23,252955.0,Del0.8,0.2
X-5627,TTTY23,252955.0,Del0.8,0.28
X-5627,TTTY3,114760.0,Del0.8,0.12
X-5627,TTTY3,114760.0,Del0.8,0.2
X-5627,TTTY4,114761.0,Del0.8,0.07
X-5627,TTTY4,114761.0,Del0.8,0.12
X-5627,TTTY5,83863.0,Del0.8,0.2
X-5627,TTTY6,84672.0,Del0.8,0.2
X-5627,TTTY6,84672.0,Del0.8,0.2
X-5627,TTTY7,246122.0,Del0.8,0.28
X-5627,TTTY7,246122.0,Del0.8,0.2
X-5627,TTTY7B,100101120.0,Del0.8,0.2
X-5627,TTTY7B,100101120.0,Del0.8,0.28
X-5627,TTTY8,84673.0,Del0.8,0.28
X-5627,TTTY8,84673.0,Del0.8,0.2
X-5627,TTTY9A,83864.0,Del0.8,0.2
X-5627,TTTY9A,83864.0,Del0.8,0.2
X-5627,TUBGCP2,10844.0,Del0.8,0.76
X-5627,TWIST2,117581.0,Del0.8,0.73
X-5627,TXLNG2P,246126.0,Del0.8,0.2
X-5627,TYROBP,7305.0,Amp5,5.06
X-5627,U2AF1L4,199746.0,Amp5,5.06
X-5627,UBB,7314.0,Amp5,5.24
X-5627,UBE2A,7319.0,Del0.8,0.73
X-5627,UBE2F,140739.0,Del0.8,0.73
X-5627,UBE2F-SCLY,100533179.0,Del0.8,0.73
X-5627,UBE2NL,389898.0,Del0.8,0.72
X-5627,UBL4A,8266.0,Del0.8,0.73
X-5627,UGT1A1,54658.0,Del0.8,0.72
X-5627,UGT1A10,54575.0,Del0.8,0.72
X-5627,UGT1A3,54659.0,Del0.8,0.72
X-5627,UGT1A4,54657.0,Del0.8,0.72
X-5627,UGT1A5,54579.0,Del0.8,0.72
X-5627,UGT1A6,54578.0,Del0.8,0.72
X-5627,UGT1A7,54577.0,Del0.8,0.72
X-5627,UGT1A8,54576.0,Del0.8,0.72
X-5627,UGT1A9,54600.0,Del0.8,0.72
X-5627,ULK2,9706.0,Amp5,5.24
X-5627,UPF3B,65109.0,Del0.8,0.73
X-5627,UPK1A,11045.0,Amp5,5.06
X-5627,UQCRFS1,7386.0,Amp5,5.06
X-5627,URI1,8725.0,Amp5,5.58
X-5627,USP22,23326.0,Amp5,5.24
X-5627,USP26,83844.0,Del0.8,0.72
X-5627,USP32P1,162632.0,Amp5,5.24
X-5627,USP32P2,220594.0,Amp5,5.24
X-5627,USP36,57602.0,MutNovel,"KKK958K,0.582"
X-5627,USP40,55230.0,Del0.8,0.72
X-5627,USP43,124739.0,Amp5,5.31
X-5627,USP9Y,8287.0,Del0.8,0.2
X-5627,UTF1,8433.0,Del0.8,0.76
X-5627,UTP14A,10813.0,Del0.8,0.73
X-5627,UTY,7404.0,Del0.8,0.2
X-5627,VAMP7,6845.0,Del0.8,0.78
X-5627,VBP1,7411.0,Del0.8,0.73
X-5627,VCY,9084.0,Del0.8,0.2
X-5627,VCY,9084.0,Del0.8,0.2
X-5627,VENTX,27287.0,Del0.8,0.76
X-5627,VGLL1,51442.0,Del0.8,0.72
X-5627,VMA21,203547.0,Del0.8,0.72
X-5627,VSTM2B,342865.0,Amp5,5.06
X-5627,WAPAL,23063.0,Del0.8,0.71
X-5627,WDR44,54521.0,Del0.8,0.73
X-5627,WDR62,284403.0,Amp5,5.06
X-5627,XKRY2,353515.0,Del0.8,0.2
X-5627,XKRY2,353515.0,Del0.8,0.2
X-5627,XPNPEP2,7512.0,Del0.8,0.73
X-5627,YAF2,10138.0,MutNovel,"S60R,0.867"
X-5627,ZBTB10,65986.0,MutNovel,"P665R,1.000"
X-5627,ZBTB17,7709.0,MutNovel,"P117L,0.608"
X-5627,ZBTB32,27033.0,Amp5,5.06
X-5627,ZBTB33,10009.0,Del0.8,0.73
X-5627,ZCCHC12,170261.0,Del0.8,0.73
X-5627,ZCCHC16,340595.0,Del0.8,0.73
X-5627,ZDHHC9,51114.0,Del0.8,0.73
X-5627,ZFP14,57677.0,Amp5,5.06
X-5627,ZFP30,22835.0,Amp5,5.06
X-5627,ZFP82,284406.0,Amp5,5.06
X-5627,ZFP92,139735.0,Del0.8,0.72
X-5627,ZFY,7544.0,Del0.8,0.28
X-5627,ZIC3,7547.0,Del0.8,0.71
X-5627,ZNF146,7705.0,Amp5,5.06
X-5627,ZNF18,7566.0,Amp5,5.21
X-5627,ZNF185,7739.0,Del0.8,0.72
X-5627,ZNF260,339324.0,Amp5,5.06
X-5627,ZNF275,10838.0,Del0.8,0.72
X-5627,ZNF280C,55609.0,Del0.8,0.7
X-5627,ZNF286A,57335.0,Amp5,5.24
X-5627,ZNF286B,729288.0,Amp5,5.24
X-5627,ZNF287,57336.0,Amp5,5.24
X-5627,ZNF345,25850.0,Amp5,5.06
X-5627,ZNF382,84911.0,Amp5,5.06
X-5627,ZNF383,163087.0,Amp5,5.06
X-5627,ZNF420,147923.0,Amp5,5.06
X-5627,ZNF449,203523.0,Del0.8,0.72
X-5627,ZNF461,92283.0,Amp5,5.06
X-5627,ZNF507,22847.0,Amp5,5.74
X-5627,ZNF511,118472.0,Del0.8,0.76
X-5627,ZNF527,84503.0,Amp5,5.06
X-5627,ZNF529,57711.0,Amp5,5.06
X-5627,ZNF536,9745.0,Amp5,5.58
X-5627,ZNF540,163255.0,Amp5,5.06
X-5627,ZNF548,147694.0,MutNovel,"G18S,1.000"
X-5627,ZNF565,147929.0,Amp5,5.06
X-5627,ZNF566,84924.0,Amp5,5.06
X-5627,ZNF567,163081.0,Amp5,5.06
X-5627,ZNF568,374900.0,Amp5,5.06
X-5627,ZNF569,148266.0,Amp5,5.06
X-5627,ZNF570,148268.0,Amp5,5.06
X-5627,ZNF571,51276.0,Amp5,5.06
X-5627,ZNF573,126231.0,Amp5,5.06
X-5627,ZNF585A,199704.0,Amp5,5.06
X-5627,ZNF585B,92285.0,Amp5,5.06
X-5627,ZNF607,84775.0,Amp5,5.06
X-5627,ZNF624,57547.0,Amp5,5.24
X-5627,ZNF75D,7626.0,Del0.8,0.72
X-5627,ZNF781,163115.0,Amp5,5.06
X-5627,ZNF790,388536.0,Amp5,5.06
X-5627,ZNF793,390927.0,Amp5,5.06
X-5627,ZNF829,374899.0,Amp5,5.06
X-5627,ZNF850,342892.0,Amp5,5.06
X-5627,ZSWIM7,125150.0,Amp5,5.24
X-5627,ZWINT,11130.0,MutNovel,"Q157R,1.000"
